NAME  : Jabali_40_4_0.85_1_0
TYPE : SVRP
MODEL : FINITE_SUPPORT
NUMBER_OF_SCENARIOS : 200
DIMENSION : 40
EDGE_WEIGHT_TYPE : MATRIX
CAPACITY : 61
N_VEHICLES : 4
NODE_COORD_SECTION
1 5340 4183
2 2431 7960
3 2775 1474
4 2659 4679
5 7121 5295
6 4747 6207
7 5263 1739
8 7224 3776
9 2626 6748
10 2726 3797
11 1349 5069
12 3118 2639
13 3156 5304
14 3337 3352
15 2078 6476
16 4654 7147
17 5463 3180
18 7970 4317
19 6389 1189
20 4653 18
21 3776 4642
22 27 3603
23 2692 2026
24 1479 4422
25 1278 6506
26 6502 5076
27 9202 4842
28 3333 5779
29 4783 807
30 4854 1119
31 8365 5916
32 4514 5231
33 2051 5552
34 8523 5562
35 5270 8488
36 3938 1438
37 6163 5647
38 5787 5947
39 3216 8799
40 2582 5651
DEMAND_SECTION
1 0.0
2 5.0
3 10.0
4 8.0
5 7.0
6 4.0
7 2.0
8 1.0
9 9.0
10 10.0
11 6.0
12 4.0
13 3.0
14 8.0
15 1.0
16 7.0
17 1.0
18 8.0
19 1.0
20 8.0
21 7.0
22 10.0
23 4.0
24 6.0
25 8.0
26 9.0
27 5.0
28 1.0
29 7.0
30 3.0
31 3.0
32 4.0
33 5.0
34 3.0
35 7.0
36 3.0
37 5.0
38 5.0
39 9.0
40 1.0
DEVIATION_SECTION
1 0.0
2 1.66667
3 3.33333
4 2.66667
5 2.33333
6 1.33333
7 0.666667
8 0.333333
9 3.0
10 3.33333
11 2.0
12 1.33333
13 1.0
14 2.66667
15 0.333333
16 2.33333
17 0.333333
18 2.66667
19 0.333333
20 2.66667
21 2.33333
22 3.33333
23 1.33333
24 2.0
25 2.66667
26 3.0
27 1.66667
28 0.333333
29 2.33333
30 1.0
31 1.0
32 1.33333
33 1.66667
34 1.0
35 2.33333
36 1.0
37 1.66667
38 1.66667
39 3.0
40 0.333333
DISTANCE_MATRIX
0.0 70.1538 51.0098 34.7577 28.2312 28.385 34.8739 27.095 53.2189 34.2053 52.7686 36.6742 32.9731 29.1548 54.068 40.0301 13.7793 36.2353 44.1353 58.6947 21.2132 70.7248 46.3897 50.1976 62.1526 19.9249 53.7587 37.9588 47.8877 44.2867 47.4236 28.46 46.2825 47.5079 57.0293 44.1927 22.0907 23.4094 68.973 41.2161 
70.1538 0.0 87.2067 43.9318 71.1767 41.6589 93.9612 86.5294 17.0294 55.9732 40.8044 72.1249 37.2022 63.0317 20.1246 30.1661 78.5312 88.1973 108.944 110.436 49.0944 66.6108 80.1561 48.4665 24.0 66.5925 98.4964 33.3569 100.551 97.4595 82.9879 54.2339 32.249 86.2628 37.8021 90.2718 58.2982 52.3263 15.0333 31.1448 
51.0098 87.2067 0.0 43.2782 77.965 69.9214 33.2415 67.2239 70.4344 31.241 52.4786 16.1555 51.6236 26.0 67.8823 81.6606 41.0518 79.8484 48.6004 33.0606 44.9444 48.0 7.07107 44.2945 70.8025 70.3491 97.8477 57.3062 29.1548 28.6531 96.3494 56.0446 55.9017 95.3363 101.864 15.8114 73.0068 73.3348 99.6243 56.0803 
34.7577 43.9318 43.2782 0.0 61.4815 35.3861 52.8524 61.6155 27.2029 12.0416 18.0278 28.4253 11.0454 20.1246 25.0 43.0116 43.1088 70.9444 69.4694 68.4251 15.0 38.5876 36.2353 16.2788 30.3645 54.0577 88.5125 17.0 59.2368 56.3028 79.02 24.7648 13.9284 80.7113 63.2851 47.5079 48.6084 45.3412 56.6039 12.8062 
28.2312 71.1767 77.965 61.4815 0.0 33.5261 54.1834 19.8494 63.9271 61.9258 78.4073 64.56 57.3124 57.3847 68.0418 41.0122 37.1214 17.2627 55.0727 78.1646 48.7484 98.2635 73.9797 77.7303 78.6064 8.60233 29.0689 53.3423 67.7835 64.3619 19.2354 36.7167 70.2019 19.8494 49.7695 68.0074 13.6015 19.4165 70.1142 63.2636 
28.385 41.6589 69.9214 35.3861 33.5261 0.0 63.1907 45.2769 30.7 43.0 47.2469 53.8516 24.4155 44.1475 34.8147 12.7279 42.096 49.4975 72.0094 87.0114 25.318 72.8356 63.7887 49.9983 45.3793 27.1662 62.3939 18.9839 76.2044 72.6034 49.0918 13.9284 35.805 51.4782 32.2025 67.0642 19.9249 14.3178 41.0301 28.9052 
34.8739 93.9612 33.2415 52.8524 54.1834 63.1907 0.0 38.0526 77.0255 43.1941 68.3618 30.3645 56.7783 33.2418 77.0505 74.8357 21.2603 50.3587 16.7631 24.1661 46.8494 74.9466 33.8378 62.1284 83.2157 48.7032 67.6831 61.7717 13.6015 10.198 70.0286 57.9321 66.766 68.0294 91.8349 18.0278 54.5619 57.4543 103.779 64.0747 
27.095 86.5294 67.2239 61.6155 19.8494 45.2769 38.0526 0.0 75.0037 60.4518 79.6264 59.8571 59.831 53.8185 79.1465 55.7853 30.1661 12.6491 35.8469 60.531 48.0711 97.2853 68.3079 77.0555 89.7111 19.6977 30.8707 63.3158 51.0392 48.0 32.249 46.6902 73.1403 30.0 68.0955 54.3415 28.2312 33.8378 85.1489 68.074 
53.2189 17.0294 70.4344 27.2029 63.9271 30.7 77.0255 75.0037 0.0 39.2046 28.0179 55.1725 20.2485 46.0109 8.06226 28.8473 61.5964 79.6596 92.0096 93.4773 32.1596 55.1453 63.4114 34.3657 18.3848 57.2995 91.7851 16.7631 83.6148 80.5238 79.4868 40.91 17.2627 81.5979 42.2019 73.2462 49.4493 44.4868 29.5296 14.4222 
34.2053 55.9732 31.241 12.0416 61.9258 43.0 43.1941 60.4518 39.2046 0.0 25.1794 16.6433 21.1896 10.0 36.8782 52.7731 40.767 70.0071 59.8111 57.3847 18.4391 36.8782 24.2074 19.2354 41.1461 53.3694 87.8635 27.2029 48.7647 46.0977 81.15 30.4138 25.2389 81.5414 73.3485 36.2491 53.2333 50.6952 68.5055 24.8395 
52.7686 40.8044 52.4786 18.0278 78.4073 47.2469 68.3618 79.6264 28.0179 25.1794 0.0 40.8044 24.7588 35.1283 21.2132 51.6645 61.1325 88.9553 84.9788 81.9085 32.6497 27.1662 45.6508 8.48528 19.2094 70.9836 107.456 28.6007 73.7564 71.1969 95.9458 41.6906 11.7047 97.6371 69.8713 60.7289 65.2011 61.4185 55.5428 18.3576 
36.6742 72.1249 16.1555 28.4253 64.56 53.8516 30.3645 59.8571 55.1725 16.6433 40.8044 0.0 35.805 9.84886 53.4135 65.536 39.9497 69.4776 47.1275 41.1096 28.7924 44.5982 10.0499 33.541 57.7062 56.5155 87.6949 41.3401 33.2415 31.0161 83.4865 40.025 41.8808 83.011 85.7392 19.9249 58.2151 58.0086 84.0238 41.0366 
32.9731 37.2022 51.6236 11.0454 57.3124 24.4155 56.7783 59.831 20.2485 21.1896 24.7588 35.805 0.0 26.2488 21.3776 32.0624 41.3505 72.1769 71.7638 73.2393 11.9137 48.7545 44.7772 25.9422 30.0666 49.8887 86.361 6.08276 63.3676 60.2766 74.8509 20.5958 15.2315 76.5422 52.469 53.1507 44.1063 41.1721 48.3272 9.05539 
29.1548 63.0317 26.0 20.1246 57.3847 44.1475 33.2418 53.8185 46.0109 10.0 35.1283 9.84886 26.2488 0.0 44.9444 55.7584 33.9111 63.4383 49.8588 48.3011 18.9737 44.9444 19.6469 29.1548 50.3289 49.0408 81.6088 31.6228 39.2173 36.4005 76.5572 30.4138 34.0147 76.4788 75.9616 27.4591 49.8197 49.0918 74.5502 32.2025 
54.068 20.1246 67.8823 25.0 68.0418 34.8147 77.0505 79.1465 8.06226 36.8782 21.2132 53.4135 21.3776 44.9444 0.0 36.8707 62.4454 84.0375 92.8586 93.1504 33.0086 48.0 60.8112 28.4605 10.8167 61.7493 96.9862 20.0998 83.6301 80.5295 83.6015 41.6906 12.2066 86.1896 50.0 72.4017 54.4585 48.9862 34.4819 13.0 
40.0301 30.1661 81.6606 43.0116 41.0122 12.7279 74.8357 55.7853 28.8473 52.7731 51.6645 65.536 32.0624 55.7584 36.8707 0.0 53.7411 58.0345 83.6544 98.1411 36.8081 78.339 75.4003 55.9017 46.4969 36.4966 68.4471 26.0192 87.8495 84.2484 53.1413 26.0768 39.9702 56.3205 20.6155 79.1661 28.1603 22.2036 29.4279 33.7343 
13.7793 78.5312 41.0518 43.1088 37.1214 42.096 21.2603 30.1661 61.5964 40.767 61.1325 39.9497 41.3505 33.9111 62.4454 53.7411 0.0 39.7866 31.9531 44.9444 29.5907 77.6448 38.4967 58.1864 70.53 30.0666 58.0039 46.3362 34.1321 30.5287 55.3173 36.8374 54.6599 54.4059 70.7403 31.257 34.4819 36.6742 82.684 49.5936 
36.2353 88.1973 79.8484 70.9444 17.2627 49.4975 50.3587 12.6491 79.6596 70.0071 88.9553 69.4776 72.1769 63.4383 84.0375 58.0345 39.7866 0.0 46.0977 72.111 57.4 106.794 77.9284 86.3844 94.6021 22.3607 18.3576 68.2067 63.0317 60.1332 21.5407 51.5812 85.0664 18.4391 66.7308 66.9403 30.0167 36.0139 87.2812 78.1281 
44.1353 108.944 48.6004 69.4694 55.0727 72.0094 16.7631 35.8469 92.0096 59.8111 84.9788 47.1275 71.7638 49.8588 92.8586 83.6544 31.9531 46.0977 0.0 27.6586 60.0039 91.7061 50.1199 78.7454 99.8327 53.0098 61.0082 76.7495 21.6333 20.5183 67.4463 67.2506 83.383 64.5368 100.5 32.8024 61.413 65.5322 113.172 80.0068 
58.6947 110.436 33.0606 68.4251 78.1646 87.0114 24.1661 60.531 93.4773 57.3847 81.9085 41.1096 73.2393 48.3011 93.1504 98.1411 44.9444 72.111 27.6586 0.0 63.3327 81.0247 38.1182 74.4648 98.4886 72.8011 88.1419 78.2551 10.8167 14.4222 92.7793 72.1259 82.2922 90.3549 115.656 21.1896 78.721 81.4923 121.481 80.2621 
21.2132 49.0944 44.9444 15.0 48.7484 25.318 46.8494 48.0711 32.1596 18.4391 32.6497 28.7924 11.9137 18.9737 33.0086 36.8081 29.5907 57.4 60.0039 63.3327 0.0 52.8015 38.6005 31.1448 41.097 40.1921 74.968 16.8994 53.4387 50.3477 67.9726 12.0416 25.3181 68.3654 57.0113 43.9318 35.3553 32.28 60.1257 20.2249 
70.7248 66.6108 48.0 38.5876 98.2635 72.8356 74.9466 97.2853 55.1453 36.8782 27.1662 44.5982 48.7545 44.9444 48.0 78.339 77.6448 106.794 91.7061 81.0247 52.8015 0.0 43.2897 22.8473 42.9535 89.7072 124.483 53.8516 75.8024 74.3303 117.569 63.3138 38.6394 117.881 97.0155 61.6604 87.1573 83.8901 81.6149 44.643 
46.3897 80.1561 7.07107 36.2353 73.9797 63.7887 33.8378 68.3079 63.4114 24.2074 45.6508 10.0499 44.7772 19.6469 60.8112 75.4003 38.4967 77.9284 50.1199 38.1182 38.6005 43.2897 0.0 37.5766 63.8201 66.0984 96.1458 50.5371 32.5576 31.3209 92.7391 50.01 48.8365 92.2194 95.6034 18.4391 68.1175 68.0294 92.6553 49.0408 
50.1976 48.4665 44.2945 16.2788 77.7303 49.9983 62.1284 77.0555 34.3657 19.2354 8.48528 33.541 25.9422 29.1548 28.4605 55.9017 58.1864 86.3844 78.7454 74.4648 31.1448 22.8473 37.5766 0.0 27.6586 69.1765 103.952 31.0161 66.7533 64.3817 95.2688 41.0136 17.1172 96.9601 75.1665 53.3667 64.8572 61.59 62.9365 22.2036 
62.1526 24.0 70.8025 30.3645 78.6064 45.3793 83.2157 89.7111 18.3848 41.1461 19.2094 57.7062 30.0666 50.3289 10.8167 46.4969 70.53 94.6021 99.8327 98.4886 41.097 42.9535 63.8201 27.6586 0.0 72.3139 107.551 30.0832 89.5377 86.6487 94.1661 49.7791 16.4924 96.7542 58.6941 77.3886 65.0231 59.5509 39.0128 21.0238 
19.9249 66.5925 70.3491 54.0577 8.60233 27.1662 48.7032 19.6977 57.2995 53.3694 70.9836 56.5155 49.8887 49.0408 61.7493 36.4966 30.0666 22.3607 53.0098 72.8011 40.1921 89.7072 66.0984 69.1765 72.3139 0.0 36.8917 45.9185 62.2977 58.8218 27.7849 29.293 62.7782 28.4253 48.5489 61.2944 8.544 14.3178 65.9242 55.8399 
53.7587 98.4964 97.8477 88.5125 29.0689 62.3939 67.6831 30.8707 91.7851 87.8635 107.456 87.6949 86.361 81.6088 96.9862 68.4471 58.0039 18.3576 61.0082 88.1419 74.968 124.483 96.1458 103.952 107.551 36.8917 0.0 82.3908 79.7621 77.1038 17.4642 65.7653 99.2505 13.1529 72.2496 84.7703 42.5441 48.1041 96.421 92.3121 
37.9588 33.3569 57.3062 17.0 53.3423 18.9839 61.7717 63.3158 16.7631 27.2029 28.6007 41.3401 6.08276 31.6228 20.0998 26.0192 46.3362 68.2067 76.7495 78.2551 16.8994 53.8516 50.5371 31.0161 30.0832 45.9185 82.3908 0.0 68.361 65.27 68.0207 25.5815 17.6918 70.3588 46.3897 58.2403 38.6277 33.1555 44.2936 10.6301 
47.8877 100.551 29.1548 59.2368 67.7835 76.2044 13.6015 51.0392 83.6148 48.7647 73.7564 33.2415 63.3676 39.2173 83.6301 87.8495 34.1321 63.0317 21.6333 10.8167 53.4387 75.8024 32.5576 66.7533 89.5377 62.2977 79.7621 68.361 0.0 3.60555 83.2166 62.2318 73.1642 81.0247 104.849 14.1421 68.0294 70.7107 111.587 70.6612 
44.2867 97.4595 28.6531 56.3028 64.3619 72.6034 10.198 48.0 80.5238 46.0977 71.1969 31.0161 60.2766 36.4005 80.5295 84.2484 30.5287 60.1332 20.5183 14.4222 50.3477 74.3303 31.3209 64.3817 86.6487 58.8218 77.1038 65.27 3.60555 0.0 80.0999 59.1408 70.2282 78.0 101.248 13.0 64.4748 67.1193 108.496 67.573 
47.4236 82.9879 96.3494 79.02 19.2354 49.0918 70.0286 32.249 79.4868 81.15 95.9458 83.4865 74.8509 76.5572 83.6015 53.1413 55.3173 21.5407 67.4463 92.7793 67.9726 117.569 92.7391 95.2688 94.1661 27.7849 17.4642 68.0207 83.2166 80.0999 0.0 54.2553 84.8804 4.47214 55.0364 85.3756 30.4138 35.0 80.0625 77.942 
28.46 54.2339 56.0446 24.7648 36.7167 13.9284 57.9321 46.6902 40.91 30.4138 41.6906 40.025 20.5958 30.4138 41.6906 26.0768 36.8374 51.5812 67.2506 72.1259 12.0416 63.3138 50.01 41.0136 49.7791 29.293 65.7653 25.5815 62.2318 59.1408 54.2553 0.0 34.0002 55.9466 46.0977 53.1508 23.8437 20.6155 53.605 28.907 
46.2825 32.249 55.9017 13.9284 70.2019 35.805 66.766 73.1403 17.2627 25.2389 11.7047 41.8808 15.2315 34.0147 12.2066 39.9702 54.6599 85.0664 83.383 82.2922 25.3181 38.6394 48.8365 17.1172 16.4924 62.7782 99.2505 17.6918 73.1642 70.2282 84.8804 34.0002 0.0 87.2185 58.4209 61.2944 55.4874 50.0151 46.2385 7.07107 
47.5079 86.2628 95.3363 80.7113 19.8494 51.4782 68.0294 30.0 81.5979 81.5414 97.6371 83.011 76.5422 76.4788 86.1896 56.3205 54.4059 18.4391 64.5368 90.3549 68.3654 117.881 92.2194 96.9601 96.7542 28.4253 13.1529 70.3588 81.0247 78.0 4.47214 55.9466 87.2185 0.0 59.1354 83.9327 32.2025 37.2156 83.7257 80.2801 
57.0293 37.8021 101.864 63.2851 49.7695 32.2025 91.8349 68.0955 42.2019 73.3485 69.8713 85.7392 52.469 75.9616 50.0 20.6155 70.7403 66.7308 100.5 115.656 57.0113 97.0155 95.6034 75.1665 58.6941 48.5489 72.2496 46.3897 104.849 101.248 55.0364 46.0977 58.4209 59.1354 0.0 99.2482 40.2244 35.4683 28.3019 53.0401 
44.1927 90.2718 15.8114 47.5079 68.0074 67.0642 18.0278 54.3415 73.2462 36.2491 60.7289 19.9249 53.1507 27.4591 72.4017 79.1661 31.257 66.9403 32.8024 21.1896 43.9318 61.6604 18.4391 53.3667 77.3886 61.2944 84.7703 58.2403 14.1421 13.0 85.3756 53.1508 61.2944 83.9327 99.2482 0.0 65.549 67.3956 101.467 59.6406 
22.0907 58.2982 73.0068 48.6084 13.6015 19.9249 54.5619 28.2312 49.4493 53.2333 65.2011 58.2151 44.1063 49.8197 54.4585 28.1603 34.4819 30.0167 61.413 78.721 35.3553 87.1573 68.1175 64.8572 65.0231 8.544 42.5441 38.6277 68.0294 64.4748 30.4138 23.8437 55.4874 32.2025 40.2244 65.549 0.0 6.0 57.5587 48.549 
23.4094 52.3263 73.3348 45.3412 19.4165 14.3178 57.4543 33.8378 44.4868 50.6952 61.4185 58.0086 41.1721 49.0918 48.9862 22.2036 36.6742 36.0139 65.5322 81.4923 32.28 83.8901 68.0294 61.59 59.5509 14.3178 48.1041 33.1555 70.7107 67.1193 35.0 20.6155 50.0151 37.2156 35.4683 67.3956 6.0 0.0 51.6236 43.0768 
68.973 15.0333 99.6243 56.6039 70.1142 41.0301 103.779 85.1489 29.5296 68.5055 55.5428 84.0238 48.3272 74.5502 34.4819 29.4279 82.684 87.2812 113.172 121.481 60.1257 81.6149 92.6553 62.9365 39.0128 65.9242 96.421 44.2936 111.587 108.496 80.0625 53.605 46.2385 83.7257 28.3019 101.467 57.5587 51.6236 0.0 43.909 
41.2161 31.1448 56.0803 12.8062 63.2636 28.9052 64.0747 68.074 14.4222 24.8395 18.3576 41.0366 9.05539 32.2025 13.0 33.7343 49.5936 78.1281 80.0068 80.2621 20.2249 44.643 49.0408 22.2036 21.0238 55.8399 92.3121 10.6301 70.6612 67.573 77.942 28.907 7.07107 80.2801 53.0401 59.6406 48.549 43.0768 43.909 0.0 
DEMAND_SCENARIO_SECTION
0 0 0 0 0 0 0 0 0 0 0 0 0 0 0 0 0 0 0 0 0 0 0 0 0 0 0 0 0 0 0 0 0 0 0 0 0 0 0 0 0 0 0 0 0 0 0 0 0 0 0 0 0 0 0 0 0 0 0 0 0 0 0 0 0 0 0 0 0 0 0 0 0 0 0 0 0 0 0 0 0 0 0 0 0 0 0 0 0 0 0 0 0 0 0 0 0 0 0 0 0 0 0 0 0 0 0 0 0 0 0 0 0 0 0 0 0 0 0 0 0 0 0 0 0 0 0 0 0 0 0 0 0 0 0 0 0 0 0 0 0 0 0 0 0 0 0 0 0 0 0 0 0 0 0 0 0 0 0 0 0 0 0 0 0 0 0 0 0 0 0 0 0 0 0 0 0 0 0 0 0 0 0 0 0 0 0 0 0 0 0 0 0 0 0 0 0 0 0 0 
6 3 6 7 8 4 5 5 6 5 6 6 1 2 4 2 3 8 1 6 6 3 2 6 6 6 4 7 6 5 7 6 7 5 5 6 4 3 4 6 5 5 5 5 0 5 2 7 5 4 6 7 6 2 5 4 7 7 8 7 5 5 8 2 4 5 5 6 7 5 7 7 5 3 4 7 6 5 3 4 3 2 5 4 5 3 5 3 4 3 4 3 5 4 5 2 6 4 5 6 5 7 4 4 4 3 5 6 4 5 4 5 4 5 5 7 6 6 6 8 5 6 7 6 3 10 2 4 4 5 4 8 5 4 3 3 4 4 2 5 7 6 5 5 6 6 6 5 3 8 4 7 4 4 6 8 5 4 6 2 3 6 4 7 6 5 5 9 6 8 9 4 5 4 4 7 6 4 1 6 6 4 3 2 4 7 3 4 6 3 5 7 4 5 6 6 7 2 6 7 
5 9 7 12 14 9 5 10 7 6 9 7 15 6 13 13 6 0 15 13 8 4 11 8 6 9 7 7 3 8 12 10 11 10 9 15 7 9 12 10 10 11 13 17 13 8 8 11 16 12 13 15 16 15 15 11 10 2 12 14 14 12 20 13 12 15 10 11 10 19 13 12 11 8 10 8 10 8 12 9 9 10 12 18 15 8 8 15 13 5 11 15 9 17 12 6 11 16 10 11 11 16 17 16 14 10 4 12 8 8 15 10 14 14 11 10 15 11 14 6 8 14 3 8 14 14 10 12 9 16 5 10 9 6 10 15 8 9 12 11 8 10 2 9 11 13 10 8 8 11 2 14 18 16 14 9 19 7 7 15 12 10 9 9 7 14 8 10 10 14 7 15 14 11 7 14 10 10 7 11 10 12 9 10 13 10 8 12 3 7 4 5 14 9 12 8 6 9 8 13 
11 13 7 10 9 11 7 11 7 5 9 6 11 5 6 8 9 6 8 8 10 7 8 11 8 9 14 10 9 5 8 9 5 5 0 8 8 8 10 7 8 12 12 8 8 8 6 8 5 12 9 7 6 10 10 4 12 12 9 6 7 10 6 11 11 5 8 7 8 8 9 9 7 7 5 6 7 12 7 7 9 5 3 8 13 11 4 9 3 7 10 4 8 10 7 9 12 11 8 7 5 9 14 14 6 6 16 1 5 4 9 7 8 9 7 7 11 7 5 10 10 8 7 8 9 7 10 6 10 4 4 11 13 9 3 10 1 8 10 9 9 9 12 4 6 5 5 12 3 9 7 3 2 9 6 3 14 5 11 8 4 10 12 11 12 9 5 6 8 12 3 4 12 7 12 3 10 9 6 7 8 11 8 8 11 9 8 8 10 7 9 15 6 9 7 8 16 4 8 7 
5 9 5 8 9 5 9 6 6 7 11 5 9 6 4 6 6 5 10 4 10 9 11 4 7 9 11 11 4 13 1 4 4 6 6 5 7 5 6 5 5 4 6 9 9 7 6 8 11 11 4 9 7 12 10 4 7 8 6 6 7 9 3 3 7 3 8 9 2 3 5 10 11 2 9 7 3 6 5 3 7 6 12 6 4 5 9 7 11 6 7 4 8 7 10 5 11 9 6 4 8 9 10 9 10 5 10 7 8 8 11 5 7 8 3 11 11 9 3 7 10 9 7 6 10 8 10 9 12 6 3 6 9 9 8 8 7 6 4 6 7 7 5 4 7 6 13 9 6 9 9 8 6 8 5 4 11 8 9 8 4 7 4 4 11 9 4 4 9 7 5 9 12 11 7 5 9 7 6 10 5 5 7 10 8 4 5 7 5 0 8 9 6 9 7 7 2 3 8 6 
4 6 3 2 4 3 3 4 4 5 4 3 2 0 4 6 5 3 4 3 5 2 6 3 4 3 4 5 6 4 8 4 4 4 5 5 4 4 6 3 0 1 5 4 4 4 4 1 3 6 6 2 3 5 5 6 4 4 4 3 5 4 4 4 4 6 3 5 4 4 4 5 6 5 2 3 4 3 4 3 5 5 4 4 3 3 5 3 3 2 4 4 5 3 7 2 4 3 1 3 3 7 3 4 4 4 2 5 3 4 2 5 4 3 4 2 6 4 6 4 7 3 3 6 4 4 4 3 4 6 6 5 6 1 3 3 1 6 5 5 4 4 5 6 1 6 3 5 0 5 4 3 3 4 3 4 3 3 3 5 3 2 3 3 5 6 5 6 1 4 5 0 5 3 5 5 4 5 3 3 5 5 4 4 5 5 3 4 8 3 6 6 3 2 3 3 4 6 5 4 
2 2 2 2 1 1 3 1 1 1 3 3 1 2 2 2 3 2 3 2 2 1 2 2 2 1 3 3 2 1 3 2 3 3 3 1 3 2 2 2 2 4 1 1 3 2 2 1 2 1 2 2 2 1 1 1 2 1 3 1 2 2 2 3 2 3 3 2 2 1 3 2 2 2 2 2 1 2 3 3 2 1 2 1 2 1 3 2 3 1 3 2 2 2 2 2 2 2 2 2 2 1 3 2 1 1 2 2 1 2 2 3 2 0 2 0 3 3 2 3 2 2 1 4 2 3 2 3 1 3 1 1 3 2 2 3 3 0 3 2 2 2 2 2 2 2 3 1 2 2 2 1 1 2 3 3 2 0 1 3 1 2 2 1 1 2 2 1 1 2 3 1 2 2 1 2 2 2 2 2 1 3 1 4 1 2 2 3 1 2 2 1 1 4 1 1 2 1 3 3 
2 1 1 1 1 1 1 1 1 1 1 1 1 0 1 1 1 1 1 1 1 1 0 0 1 1 2 1 1 1 1 2 1 1 1 1 2 1 0 1 1 1 1 1 2 1 1 1 1 1 1 1 1 1 1 1 1 1 1 1 1 1 1 1 1 1 1 1 1 0 2 1 1 1 1 1 1 1 1 1 1 2 1 1 1 2 1 1 1 1 1 1 1 2 1 0 1 1 1 1 1 1 1 1 0 1 1 1 1 1 1 1 0 1 1 1 1 1 0 0 1 1 1 1 1 1 1 1 2 1 1 1 1 1 1 1 1 1 1 1 1 1 1 1 1 1 1 2 0 1 2 2 1 1 2 1 1 1 0 1 0 1 0 1 1 1 1 1 1 1 1 1 1 1 1 1 1 1 2 1 1 1 1 1 1 1 1 1 1 1 1 1 2 1 1 1 1 1 1 1 
2 7 10 10 5 8 10 14 12 7 7 9 16 11 7 5 7 8 4 10 9 7 17 14 13 7 12 6 15 4 8 7 14 13 9 10 3 8 4 8 5 7 10 12 11 9 9 7 12 11 7 7 11 13 14 8 11 9 3 9 7 8 11 9 11 8 16 12 8 9 11 13 11 5 9 11 6 10 8 13 12 5 6 6 6 7 5 13 10 14 10 9 11 10 8 12 9 17 10 9 7 16 10 12 9 16 6 11 8 12 7 10 14 11 8 10 9 7 9 6 6 12 10 9 3 14 9 3 12 1 8 12 7 10 9 7 14 11 7 8 7 5 12 12 7 9 8 14 8 7 8 13 9 11 15 15 7 12 8 9 1 9 10 8 5 9 11 12 7 14 8 10 8 6 9 15 11 6 11 9 10 5 6 7 12 10 4 7 13 9 11 4 13 11 13 7 8 10 11 10 
14 14 14 11 10 4 9 11 3 11 9 17 8 16 7 7 8 8 9 9 16 11 9 12 7 17 10 5 17 12 13 6 6 10 9 15 5 10 13 0 3 14 13 7 8 10 10 6 7 14 18 4 8 8 12 10 14 11 13 7 5 11 11 14 8 9 4 18 17 8 12 3 10 11 11 15 3 11 18 15 9 7 11 9 9 10 12 9 7 10 12 11 8 14 11 12 11 13 10 14 1 9 10 7 8 10 10 9 12 9 9 10 4 9 11 13 11 7 3 8 10 10 12 7 9 10 13 13 13 7 12 7 9 8 9 7 9 7 2 16 13 11 4 16 7 7 14 9 13 8 8 6 12 7 17 4 10 6 9 12 12 7 10 9 11 8 8 9 14 11 13 8 5 12 15 9 4 5 5 12 15 11 11 8 16 9 8 10 9 9 14 8 11 10 6 9 6 5 8 10 
9 7 7 6 7 6 4 4 3 4 6 4 9 8 2 6 6 3 8 7 5 3 7 6 6 9 9 4 6 7 4 7 9 2 7 8 10 5 6 6 2 9 5 8 8 2 6 9 6 7 6 1 5 5 5 6 7 5 6 8 10 4 5 9 8 3 6 4 9 5 3 8 7 7 8 8 10 5 3 5 3 6 4 8 4 3 7 3 5 4 5 7 8 7 4 8 7 6 4 6 6 7 4 4 6 7 8 6 5 4 5 7 8 10 7 2 8 3 6 6 8 6 6 7 5 7 4 4 3 5 6 5 7 5 2 5 5 7 1 3 4 9 8 4 8 6 5 4 5 7 9 9 6 7 5 8 3 8 5 5 4 6 4 4 6 5 5 3 7 6 6 5 8 6 6 6 5 7 7 7 6 7 3 0 4 7 3 5 4 6 2 4 3 2 6 6 6 7 6 6 
5 3 5 4 4 4 4 3 3 2 4 3 4 4 5 4 5 5 3 6 6 3 4 3 3 5 6 5 2 4 5 3 4 4 4 3 6 5 4 6 4 4 5 6 3 3 3 6 5 4 5 7 2 5 4 6 3 2 3 3 4 3 2 4 1 6 3 4 3 7 5 3 5 5 4 0 3 2 6 3 4 2 3 3 6 6 5 4 6 6 5 5 4 5 5 5 4 6 4 3 5 5 4 5 3 4 4 5 6 4 3 5 5 3 3 2 3 3 4 7 4 6 3 4 4 3 4 5 1 5 4 5 3 5 4 4 2 5 3 4 3 5 6 4 2 4 3 4 0 3 1 5 5 6 6 3 4 7 3 3 5 6 5 3 4 3 4 5 4 3 4 2 5 4 1 4 4 4 3 1 6 3 5 3 5 3 2 2 3 3 4 4 5 3 4 7 4 3 4 2 
3 2 1 3 2 2 2 1 5 4 2 2 4 4 3 3 3 3 3 2 3 2 2 4 3 3 4 4 2 4 3 4 2 3 4 3 2 2 3 2 4 4 3 3 5 2 4 2 5 3 2 2 4 3 3 3 3 2 2 3 3 2 3 6 3 2 3 4 4 2 3 4 3 3 3 3 3 2 3 4 3 2 4 2 1 4 3 5 4 3 4 2 4 3 3 4 2 4 3 4 3 2 3 3 3 3 2 2 2 2 3 2 5 4 2 3 6 2 3 3 5 4 3 2 3 3 2 4 3 2 3 3 3 3 4 3 4 4 3 4 2 4 3 3 2 2 4 1 1 3 2 2 3 4 2 3 4 5 2 4 3 4 3 0 4 4 3 2 3 2 3 2 3 3 5 1 3 2 4 2 1 2 2 4 4 3 3 2 4 3 4 2 2 3 3 2 3 2 3 2 
7 10 7 8 14 7 9 7 9 12 10 9 11 9 6 9 13 9 4 12 12 5 7 12 11 12 10 10 9 7 6 6 4 2 5 8 9 8 7 10 7 7 8 9 10 8 7 10 6 14 7 6 6 5 10 8 6 7 6 7 7 11 8 8 5 8 12 11 5 9 9 10 10 5 11 4 11 8 5 9 2 7 8 10 14 6 9 6 9 9 7 9 5 6 10 5 6 5 11 9 6 8 11 7 5 5 3 6 3 2 8 4 10 10 8 4 11 12 10 8 4 8 9 12 7 5 10 12 5 6 8 11 13 11 11 11 7 6 6 7 9 11 4 8 9 11 9 10 6 4 13 7 9 11 8 10 8 6 6 6 7 7 10 5 6 7 11 6 7 7 9 8 10 6 9 9 9 10 11 8 5 8 2 5 8 8 10 11 6 6 14 9 7 9 9 10 10 9 9 9 
1 2 0 1 1 1 1 1 1 1 1 1 0 1 1 1 1 1 0 0 1 1 1 1 1 1 1 1 1 1 1 1 1 1 1 1 1 1 0 1 1 1 1 1 1 1 1 1 1 1 1 1 1 1 1 1 1 1 1 1 1 1 1 2 1 1 1 1 1 1 1 1 2 0 0 1 1 0 1 1 1 1 2 1 1 1 1 1 1 1 1 1 1 1 1 1 1 1 1 1 1 1 2 2 1 1 1 1 1 1 1 1 2 2 1 1 1 1 1 1 0 1 1 1 1 1 2 1 1 1 1 1 1 1 2 2 1 0 1 1 1 1 1 1 1 1 1 1 1 1 1 0 1 1 1 1 1 1 1 1 1 1 1 1 1 0 1 0 2 1 1 1 1 1 1 1 1 0 1 0 1 1 1 2 1 1 1 0 1 0 1 1 1 2 1 1 1 1 1 0 
8 13 6 10 6 3 10 7 8 10 11 13 6 10 7 4 7 5 9 6 10 6 8 7 9 11 6 7 9 6 7 8 6 6 3 3 6 9 4 7 4 6 8 11 6 7 8 7 6 11 6 0 9 8 7 8 4 4 8 6 4 5 6 9 8 9 11 4 4 5 6 2 10 13 6 6 8 6 3 4 9 8 8 12 7 7 8 5 3 8 9 6 8 10 6 6 9 5 2 9 7 7 7 5 6 6 3 6 6 10 3 7 8 10 7 4 5 7 8 5 3 6 6 10 6 7 6 8 8 10 8 11 7 11 4 6 6 3 7 8 10 1 8 11 7 4 6 5 8 8 9 7 4 7 10 6 9 3 4 6 11 8 5 5 11 9 6 6 6 7 8 10 11 4 8 6 6 6 7 10 11 8 8 6 6 6 9 9 9 10 7 2 5 8 8 6 5 10 7 10 
1 1 1 1 1 1 1 1 0 1 2 1 1 1 1 1 1 1 1 1 1 1 1 1 1 1 1 0 0 1 1 1 1 1 1 1 1 1 1 1 1 2 1 2 1 1 1 1 0 1 1 1 1 1 1 1 1 2 1 1 1 1 1 1 1 1 1 1 1 1 1 1 1 1 1 1 1 2 1 1 1 1 1 1 1 1 1 1 1 1 1 1 1 1 1 1 1 1 1 2 1 1 1 1 1 1 1 1 1 0 1 1 1 1 1 1 1 0 1 0 1 1 1 1 1 2 1 1 0 1 1 1 1 1 1 1 1 1 1 1 1 1 1 1 1 1 1 1 1 1 1 1 1 1 1 1 2 1 1 1 1 1 1 1 0 1 0 1 1 0 0 0 1 1 1 1 1 1 0 1 1 1 1 1 2 1 0 1 1 1 1 1 1 1 1 1 2 1 1 1 
9 7 9 9 8 9 9 6 9 4 9 12 11 6 10 6 9 2 5 4 3 6 6 9 7 8 6 5 10 8 6 6 5 8 5 11 9 6 3 7 10 3 14 7 8 3 7 6 9 12 8 7 7 7 9 9 11 13 10 6 9 10 6 11 8 9 6 7 6 8 6 5 5 5 9 6 8 11 6 15 4 5 13 10 11 7 5 9 9 4 2 10 6 9 4 7 12 12 7 13 6 9 13 7 6 7 11 8 8 5 6 10 4 9 7 9 9 11 12 9 6 7 15 7 7 8 7 7 7 6 12 7 2 12 5 6 5 9 7 4 12 5 10 6 11 10 6 12 8 6 10 7 5 9 4 12 8 8 9 12 8 9 5 13 5 6 7 6 8 11 8 10 3 7 8 5 10 10 7 5 8 8 12 14 1 9 5 11 5 10 6 9 6 7 4 5 4 10 8 10 
1 1 1 1 1 1 1 1 1 1 1 2 1 0 1 1 1 1 2 1 2 1 1 1 1 1 1 1 1 1 1 1 1 1 1 1 0 0 0 1 1 1 1 1 1 1 1 1 1 1 1 0 1 1 1 2 1 0 1 1 2 1 1 1 1 1 1 1 1 1 1 1 1 1 1 1 1 1 1 1 1 1 1 1 1 1 1 2 1 1 1 1 1 1 1 1 1 1 1 1 1 1 1 1 1 1 1 1 1 1 1 0 1 1 1 1 1 1 1 1 1 1 1 1 1 1 2 1 1 1 1 1 2 1 1 2 1 1 1 1 1 1 1 0 1 1 1 0 0 1 1 1 1 0 1 1 1 1 1 1 0 1 1 2 1 1 1 1 1 1 1 0 1 1 1 1 1 1 1 1 2 1 2 1 1 1 1 1 1 1 1 1 1 1 1 1 1 1 1 1 
10 8 10 10 9 4 9 4 12 11 8 9 8 12 9 4 5 9 12 7 8 8 7 9 7 6 3 5 9 7 8 13 11 4 4 7 10 7 8 7 4 6 7 9 6 5 9 8 10 6 12 7 11 7 6 3 11 9 10 9 5 7 12 2 8 10 8 8 8 6 7 9 8 10 5 10 1 4 9 10 9 10 9 10 7 6 6 7 6 5 7 8 9 10 12 14 8 9 6 7 14 9 9 6 10 3 10 6 10 10 10 10 5 12 5 9 6 9 7 9 8 16 8 9 4 11 5 10 6 11 10 8 4 6 10 5 8 6 8 12 4 11 6 5 11 8 10 7 5 6 7 6 10 9 5 13 8 8 8 8 10 3 3 9 12 10 13 10 9 6 5 11 9 11 4 11 2 9 6 10 1 8 8 5 6 2 10 10 6 13 8 7 6 2 6 6 3 9 12 10 
12 2 10 4 7 4 12 5 8 9 9 6 7 7 6 7 11 9 8 6 7 9 11 7 9 6 8 9 4 6 6 8 8 4 6 6 8 12 5 5 6 7 6 5 5 5 7 4 3 10 7 8 6 9 5 5 6 8 7 2 5 7 8 8 4 3 11 6 9 9 6 5 6 5 10 6 6 9 4 9 10 10 5 8 12 4 3 9 6 3 7 6 8 7 7 6 7 6 6 13 8 9 11 6 3 8 9 9 6 6 11 9 8 8 8 9 3 5 8 9 5 7 10 7 6 2 11 7 3 11 6 10 12 7 12 6 5 6 8 7 7 7 6 6 9 7 7 9 8 8 10 11 11 5 10 7 3 10 8 6 7 6 8 8 7 8 7 6 10 7 8 7 5 6 3 6 5 5 7 6 4 8 6 4 13 7 9 8 6 6 10 10 7 11 7 6 5 4 7 9 
10 8 12 7 8 10 10 11 10 9 8 14 14 11 7 16 18 9 9 7 9 11 10 8 15 4 3 3 10 13 8 11 10 8 10 8 10 7 11 7 12 6 9 7 10 10 9 10 15 4 9 10 10 15 10 7 9 8 10 9 8 9 7 12 5 2 11 6 16 6 9 15 8 11 5 7 6 7 2 2 9 11 9 10 11 8 11 16 12 10 6 12 9 8 5 8 7 9 8 8 15 11 13 10 10 12 10 11 17 5 9 12 7 12 10 11 12 10 13 6 9 11 16 13 11 16 4 12 11 8 12 8 9 8 15 17 8 6 7 3 8 12 7 9 6 12 10 9 4 12 9 13 9 6 16 8 8 6 14 15 14 15 14 9 7 12 8 15 8 20 7 7 14 8 9 10 6 6 6 15 11 12 13 10 6 12 10 10 13 12 14 11 11 11 15 7 3 14 14 5 
4 2 4 3 4 7 5 4 2 3 5 2 6 3 3 5 5 6 4 6 3 5 6 4 3 1 5 3 6 2 6 5 4 3 6 3 2 3 4 4 6 5 3 3 4 5 3 6 5 2 4 4 6 4 3 5 4 3 3 3 5 5 5 2 4 4 3 3 5 3 4 7 6 2 5 3 5 5 5 1 6 3 3 3 4 2 4 3 7 1 2 5 3 4 2 4 7 4 4 2 4 3 1 5 6 5 2 4 2 5 6 5 5 4 5 3 2 6 5 4 3 5 2 4 4 3 2 5 5 5 3 5 4 4 5 6 3 3 7 5 3 6 4 4 5 7 3 4 7 5 5 6 7 6 3 2 5 1 4 6 4 6 6 4 3 5 3 4 3 2 5 4 6 5 4 4 3 4 4 1 6 5 2 4 4 4 3 7 6 4 2 4 3 5 5 4 2 5 3 4 
7 6 5 6 6 6 3 6 7 6 6 5 4 8 10 4 7 5 8 7 11 7 5 7 8 7 7 7 5 9 2 3 5 4 5 10 7 6 6 6 5 8 5 7 7 6 8 7 9 8 10 8 5 8 6 8 8 4 4 7 4 11 6 7 6 3 4 5 5 6 10 5 8 3 5 7 5 6 8 8 5 6 4 9 5 5 8 8 3 5 5 9 4 10 8 4 7 10 7 8 4 7 6 9 5 11 7 4 5 8 4 2 1 5 8 4 6 8 5 9 10 10 6 5 3 5 5 3 7 9 8 5 8 5 7 3 5 4 5 2 9 7 8 5 7 5 6 9 5 10 6 8 3 5 9 8 5 10 9 4 5 5 7 6 5 6 8 3 5 8 4 6 7 7 5 8 7 4 5 4 7 4 6 7 5 6 6 8 5 5 8 7 8 8 2 8 3 7 4 4 
8 6 12 8 15 8 10 8 8 7 8 10 8 8 8 10 14 10 6 5 4 3 12 7 9 5 6 10 14 8 4 9 7 12 11 7 8 3 9 10 8 7 6 6 12 6 8 8 7 11 12 7 11 5 5 10 10 9 7 4 10 12 8 8 8 4 5 6 12 5 13 9 8 7 8 4 9 9 6 5 9 8 7 12 9 9 7 11 14 9 5 6 9 8 13 9 8 11 5 8 7 11 10 9 9 4 10 8 9 6 7 10 3 7 12 7 6 9 6 8 10 13 7 11 2 5 4 9 7 12 8 11 10 9 12 8 9 7 12 7 11 5 10 8 11 7 12 6 10 11 13 10 8 6 7 5 7 8 9 8 7 7 10 11 11 6 10 11 8 11 10 5 9 8 8 7 7 8 7 12 6 5 8 14 9 9 7 6 13 6 4 7 8 11 13 6 8 13 5 9 
14 13 14 8 13 9 9 9 14 11 8 11 6 14 4 10 15 9 10 7 12 12 13 12 10 11 14 4 11 8 6 7 11 6 10 8 8 9 8 9 12 5 10 6 17 8 12 13 9 10 4 14 7 12 10 8 14 5 10 10 12 10 1 10 13 10 10 6 9 11 10 9 7 10 6 10 10 6 11 7 9 9 7 9 15 6 11 7 7 12 9 11 5 2 11 10 12 3 8 11 12 11 12 10 5 9 10 4 9 10 6 3 9 8 11 5 10 7 9 7 9 11 6 10 8 8 15 14 9 10 4 5 12 7 10 8 5 11 11 6 5 8 11 9 12 4 9 5 9 8 14 10 9 9 12 8 5 5 8 3 7 7 6 9 5 11 14 6 4 7 12 8 10 8 10 3 10 3 6 7 13 7 5 6 7 14 5 12 9 12 10 6 15 10 5 9 8 10 10 7 
3 2 4 3 3 7 6 6 3 1 6 6 7 7 4 4 8 6 4 7 6 5 6 3 3 5 5 4 5 5 3 5 6 3 4 7 3 5 6 7 5 7 5 4 6 3 4 7 3 5 3 5 5 4 5 5 5 5 6 4 4 5 4 6 4 3 1 3 5 8 3 4 3 5 7 3 6 8 5 4 5 3 4 5 7 6 4 4 5 4 6 7 7 5 3 2 7 4 5 3 4 5 5 5 7 5 5 5 4 5 4 5 5 3 6 6 5 9 3 6 2 1 7 8 3 7 4 6 6 6 5 5 4 6 3 5 2 5 6 4 3 5 5 6 7 4 6 3 6 3 3 6 6 6 5 5 6 5 6 3 4 5 3 4 4 6 6 4 5 5 5 5 7 5 4 6 7 5 7 5 8 3 5 7 7 8 6 3 3 6 4 6 4 6 8 4 4 6 3 2 
1 1 1 1 1 1 1 1 1 1 0 1 1 1 1 0 1 1 1 1 1 1 1 2 1 1 1 1 1 1 1 1 1 1 2 2 2 1 1 1 1 1 1 1 1 1 1 1 2 1 1 1 1 1 1 1 1 1 1 1 1 1 1 1 1 1 1 1 1 1 1 2 1 1 1 1 2 1 1 1 1 1 1 1 1 1 2 1 1 1 1 1 1 1 1 1 1 1 1 1 1 1 1 1 1 1 1 1 1 1 1 1 1 1 1 1 1 1 0 1 1 2 1 1 1 1 1 1 1 1 1 1 1 1 1 1 1 1 1 0 1 1 0 1 1 1 0 1 1 1 2 1 1 1 1 1 1 1 1 2 1 1 1 1 1 1 1 1 1 1 1 1 0 0 1 1 1 1 1 2 1 2 1 1 1 1 1 1 2 1 1 1 1 1 1 2 1 1 1 1 
9 5 5 9 11 5 7 8 7 7 9 7 9 5 9 4 6 8 11 9 6 8 6 7 4 7 7 8 7 7 3 10 6 8 3 6 10 6 3 7 6 8 3 6 7 4 8 4 12 10 6 8 4 6 5 11 6 7 8 6 5 10 9 8 11 8 7 3 3 7 6 5 2 9 8 7 6 2 5 9 7 2 3 5 10 6 3 10 7 12 7 7 9 7 4 7 10 10 5 8 5 3 6 4 11 7 7 8 7 6 11 6 9 7 6 9 8 8 4 8 8 6 6 7 5 6 9 6 9 7 7 8 8 7 9 7 7 2 6 7 6 3 8 8 5 8 5 12 6 7 4 10 10 8 5 8 9 7 6 8 4 9 5 10 11 8 7 7 8 5 7 9 8 4 8 4 8 10 5 4 7 7 7 8 7 7 7 8 5 9 8 7 9 7 0 8 7 7 4 9 
3 3 2 2 3 4 2 3 4 4 3 3 3 3 3 3 3 3 2 5 4 3 3 1 4 4 3 3 4 4 4 3 3 1 3 3 3 5 3 3 2 2 4 2 3 3 3 4 3 2 3 1 2 4 3 4 2 2 1 4 2 3 2 3 3 4 1 2 3 4 2 1 0 4 3 2 3 3 1 2 3 4 4 4 3 4 3 4 3 3 4 2 2 4 5 2 3 1 2 2 4 5 3 4 2 2 3 2 2 1 3 3 3 2 5 3 2 3 3 5 3 5 3 2 2 5 3 5 3 2 3 3 2 3 4 3 3 3 3 4 3 2 4 1 4 2 3 3 3 2 4 3 3 3 4 2 4 1 4 4 3 3 3 4 4 3 2 3 3 2 3 5 2 4 3 4 4 3 2 4 4 4 4 3 3 3 2 3 2 3 1 3 5 2 2 3 2 4 4 4 
4 3 2 3 2 3 4 3 4 2 4 2 3 3 4 3 3 2 4 4 2 4 3 3 3 3 3 3 3 3 3 4 3 4 1 3 3 5 3 4 4 4 3 3 5 5 3 2 5 4 2 3 2 2 4 4 2 3 3 2 4 2 2 2 2 4 4 3 4 3 3 2 3 4 4 2 3 3 4 4 4 2 2 2 2 2 4 6 2 2 2 2 5 1 2 1 3 5 4 3 2 2 3 5 1 3 3 4 3 5 2 2 4 3 4 3 2 3 2 3 4 3 4 4 2 2 2 2 4 4 3 4 4 3 4 3 4 4 4 3 4 4 3 4 2 3 2 2 4 4 3 4 2 4 2 4 2 3 2 2 3 3 3 4 2 2 5 5 3 4 3 3 4 2 5 2 2 1 2 3 3 4 3 2 3 3 3 3 3 2 2 3 3 5 3 3 1 3 1 3 
2 5 6 4 4 3 3 3 3 4 5 3 5 3 3 4 2 4 6 4 4 4 5 4 3 4 3 5 4 3 4 5 6 3 4 5 5 3 3 5 2 5 5 5 5 5 4 5 2 4 6 6 4 1 6 2 4 2 4 2 6 3 3 5 3 5 3 1 4 3 2 5 5 5 3 5 6 2 5 3 2 3 3 5 3 3 6 3 4 4 4 6 6 6 3 3 3 5 5 4 2 1 6 3 5 5 3 3 2 3 3 5 5 4 6 5 4 4 6 3 4 6 5 4 5 6 4 1 4 4 5 4 4 5 3 4 4 4 5 5 2 5 4 2 3 6 3 4 3 6 3 3 5 4 4 2 3 4 4 3 2 3 4 4 3 4 4 2 7 4 6 5 4 3 7 5 6 3 4 5 2 6 4 2 3 3 7 5 3 5 3 4 3 3 5 5 4 3 4 5 
3 4 8 3 4 8 5 6 8 7 7 5 6 3 5 4 5 7 3 5 4 7 5 5 7 7 4 7 4 7 5 6 5 2 4 5 9 6 6 4 6 4 2 7 5 7 5 5 5 4 5 6 6 2 9 5 8 4 4 5 4 4 4 9 4 7 0 7 7 7 7 3 5 5 5 6 4 2 4 5 4 6 5 3 6 3 5 6 1 4 5 8 5 5 5 6 7 4 4 6 4 6 5 4 6 5 3 2 7 5 3 2 2 4 3 7 3 5 3 6 3 6 5 5 5 4 7 5 5 3 2 5 4 7 7 5 6 2 3 8 3 4 7 6 8 5 7 4 6 5 5 8 6 7 5 5 3 6 3 2 7 5 3 1 4 5 6 4 6 6 5 4 4 6 6 5 4 6 8 4 5 5 4 4 7 8 8 1 4 7 7 4 5 3 4 6 6 5 5 5 
3 4 3 3 4 4 3 1 3 3 3 4 3 1 3 2 4 2 2 3 5 3 5 2 0 3 2 2 2 4 4 3 2 3 4 2 3 2 4 4 2 2 4 3 2 4 3 2 3 4 3 1 3 1 2 3 3 4 4 2 1 3 3 2 3 4 2 5 0 2 2 3 3 2 2 5 4 3 3 2 4 2 3 3 3 2 5 2 3 4 3 1 4 4 3 2 3 4 3 3 2 4 3 1 3 3 3 2 3 4 3 3 3 3 3 3 5 2 3 4 3 3 3 2 2 3 2 4 2 5 4 1 4 3 3 3 2 2 4 3 2 4 3 4 3 1 3 4 5 3 3 5 4 2 4 3 3 2 3 4 2 3 2 1 1 3 3 2 3 3 4 2 3 4 3 2 3 1 3 2 2 3 4 4 2 4 3 4 3 3 3 4 4 2 4 3 1 1 2 3 
4 7 7 4 5 8 9 7 7 7 8 5 9 8 12 6 8 9 8 8 10 7 8 7 6 8 9 6 13 7 12 1 5 7 7 3 6 5 5 9 2 8 9 3 8 8 5 5 7 10 6 6 8 6 6 8 5 9 8 5 8 9 5 8 8 6 7 5 10 7 5 5 5 7 9 7 7 9 3 9 0 6 3 11 12 6 8 5 6 7 7 5 9 7 8 8 11 9 4 8 8 7 8 5 6 10 6 5 3 9 9 3 12 8 6 9 7 10 6 6 8 4 6 9 10 9 7 8 7 8 6 8 6 7 7 9 9 4 11 8 8 9 12 5 10 8 9 9 7 8 9 6 6 5 8 7 7 9 4 8 5 6 10 5 4 7 8 9 12 8 2 8 6 7 10 6 6 6 5 6 7 2 10 7 6 9 6 8 3 5 8 9 5 8 10 7 8 7 10 6 
4 2 3 4 0 5 3 3 2 3 3 0 2 3 4 4 3 2 3 3 3 3 2 1 2 3 3 2 2 2 2 4 2 4 2 3 2 2 3 4 4 2 1 2 2 3 3 2 3 3 3 5 4 5 2 2 3 2 3 3 2 2 2 2 3 5 3 5 3 2 2 3 3 4 2 4 4 6 4 4 4 2 3 3 2 4 3 3 2 4 3 4 3 4 4 4 4 2 2 2 3 4 2 1 5 3 2 2 2 3 4 4 4 2 2 2 2 4 3 3 3 2 2 3 3 3 3 2 4 4 3 3 2 3 3 2 2 3 4 2 4 2 3 2 4 3 3 2 3 4 1 2 3 3 3 3 2 3 2 3 3 2 3 4 2 4 3 3 2 3 2 4 3 2 4 5 4 2 3 4 4 3 3 3 4 0 4 4 2 3 3 4 3 1 3 2 3 1 4 3 
2 6 4 4 5 6 4 7 3 5 4 3 3 4 5 5 8 4 2 8 5 6 5 6 5 4 6 6 6 3 3 5 6 6 5 3 2 4 5 6 6 4 3 6 4 5 3 6 5 6 6 3 7 6 6 5 4 7 3 5 6 5 3 3 5 5 3 6 3 6 5 5 5 7 3 6 5 6 7 9 5 3 5 3 6 3 6 4 5 7 6 8 6 7 4 3 7 3 7 5 7 5 4 7 7 4 4 6 3 6 4 6 3 5 3 6 5 2 7 5 0 9 4 4 5 7 4 6 4 4 5 7 8 5 6 4 5 5 6 3 8 5 5 7 5 4 7 1 4 5 3 6 7 3 2 7 6 3 4 7 3 5 4 7 7 8 7 4 7 6 5 5 4 7 7 3 6 5 5 6 7 6 4 5 8 6 5 6 3 6 6 6 3 4 6 6 2 4 6 6 
4 7 5 6 5 4 7 7 5 3 4 7 9 6 5 4 8 4 5 7 6 3 7 5 4 5 7 4 7 6 6 2 6 5 6 8 7 4 7 6 6 5 4 5 4 6 4 4 7 6 6 6 6 6 5 5 7 4 3 5 3 2 6 5 3 4 5 8 7 3 2 5 4 2 3 2 5 3 5 6 7 6 4 6 5 6 5 4 6 7 6 2 6 3 6 4 3 2 6 3 4 2 6 8 6 3 5 6 3 4 7 5 6 4 4 5 5 5 5 4 5 8 5 2 7 5 7 5 4 5 6 2 5 7 8 4 5 5 6 7 7 7 7 6 9 0 6 8 4 6 6 8 6 4 3 2 4 5 5 3 7 3 3 2 5 5 8 7 8 5 6 5 3 3 9 3 6 7 4 2 6 8 5 4 6 5 6 5 6 4 8 3 3 4 5 3 4 7 8 5 
9 13 6 12 6 8 10 12 10 11 11 10 8 12 12 6 7 10 4 10 10 13 7 5 12 9 11 7 9 5 7 8 7 7 9 9 6 7 13 10 12 14 9 12 15 12 8 6 9 12 10 13 5 9 11 8 12 13 6 6 5 9 11 10 8 11 7 11 9 9 1 12 8 8 7 13 4 2 7 8 10 13 6 4 12 11 8 11 6 10 4 10 2 3 8 10 12 8 10 1 6 10 8 11 7 9 14 11 7 10 12 14 5 15 6 11 7 14 4 21 8 9 5 8 8 11 11 6 9 14 9 8 8 11 15 9 9 8 18 6 10 13 12 12 11 14 10 13 8 6 6 7 14 14 11 7 14 8 8 9 13 13 13 9 7 13 10 6 10 10 7 7 7 7 7 12 13 10 12 5 9 8 12 5 10 13 11 9 9 12 13 7 12 10 10 8 10 7 7 8 
0 1 1 1 1 1 1 1 1 0 1 1 1 1 1 1 1 1 1 1 1 1 1 1 1 1 1 1 1 1 1 1 1 1 1 1 1 1 1 1 0 1 1 1 1 1 1 1 1 1 1 1 1 1 1 1 1 1 1 1 2 1 1 0 1 1 1 1 1 1 1 1 1 1 1 1 1 1 1 1 1 1 1 1 1 1 1 1 1 2 1 1 1 0 2 1 1 2 1 1 1 1 1 1 1 1 1 1 2 1 1 1 1 1 1 1 1 2 1 1 1 1 1 1 1 1 0 2 1 1 1 1 1 2 1 1 1 1 1 0 1 1 1 1 2 1 1 1 1 2 1 1 1 1 1 1 1 1 1 1 1 2 1 1 1 1 1 1 1 1 1 1 1 1 1 2 1 0 2 1 1 1 1 1 1 1 1 1 2 1 1 1 1 1 1 1 1 1 1 1 
DEPOT_SECTION
 1
 -1
EOF
