NAME  : Jabali_40_4_0.85_1_4
TYPE : SVRP
MODEL : FINITE_SUPPORT
NUMBER_OF_SCENARIOS : 200
DIMENSION : 40
EDGE_WEIGHT_TYPE : MATRIX
CAPACITY : 62
N_VEHICLES : 4
NODE_COORD_SECTION
1 4430 3029
2 4630 5428
3 1882 1932
4 7606 1868
5 8046 2352
6 4635 18
7 2857 1387
8 4864 2581
9 3255 6424
10 5984 445
11 3609 2909
12 5550 2572
13 6322 1609
14 2287 2567
15 2597 3578
16 5713 1867
17 1779 5685
18 2966 4621
19 6711 2574
20 5558 997
21 6868 5588
22 3555 379
23 3816 4297
24 5254 452
25 2253 4323
26 3988 1760
27 5781 5542
28 5202 6083
29 5864 2561
30 4920 1146
31 5929 4534
32 5568 5109
33 987 1421
34 27 5047
35 1085 4921
36 5322 5600
37 2220 5068
38 4498 6998
39 2843 2491
40 3603 7126
DEMAND_SECTION
1 0.0
2 6.0
3 2.0
4 9.0
5 8.0
6 6.0
7 5.0
8 10.0
9 6.0
10 2.0
11 8.0
12 1.0
13 8.0
14 8.0
15 1.0
16 2.0
17 7.0
18 9.0
19 1.0
20 4.0
21 4.0
22 9.0
23 8.0
24 2.0
25 1.0
26 8.0
27 7.0
28 2.0
29 9.0
30 2.0
31 8.0
32 9.0
33 2.0
34 6.0
35 1.0
36 9.0
37 8.0
38 3.0
39 7.0
40 3.0
DEVIATION_SECTION
1 0.0
2 2.0
3 0.666667
4 3.0
5 2.66667
6 2.0
7 1.66667
8 3.33333
9 2.0
10 0.666667
11 2.66667
12 0.333333
13 2.66667
14 2.66667
15 0.333333
16 0.666667
17 2.33333
18 3.0
19 0.333333
20 1.33333
21 1.33333
22 3.0
23 2.66667
24 0.666667
25 0.333333
26 2.66667
27 2.33333
28 0.666667
29 3.0
30 0.666667
31 2.66667
32 3.0
33 0.666667
34 2.0
35 0.333333
36 3.0
37 2.66667
38 1.0
39 2.33333
40 1.0
DISTANCE_MATRIX
0.0 34.547 36.051 45.4533 49.5782 40.2492 35.3868 8.24621 50.01 40.0 10.5262 16.4012 31.3847 26.8506 26.5953 23.0868 51.8886 30.7031 31.1448 31.0161 46.7044 36.9467 19.0263 35.9026 36.4341 18.0278 37.0518 42.6513 19.8494 25.9615 27.776 31.2498 49.8545 67.0914 54.213 36.7561 43.9352 55.9466 21.9506 57.2677 
34.547 0.0 58.492 63.022 62.9365 72.9579 60.798 38.5906 23.4094 69.3758 45.4252 40.7922 56.3205 48.7978 35.397 50.2195 38.6005 24.1868 48.2618 61.0328 29.5296 74.0244 21.097 67.2423 34.2345 54.5784 14.7648 11.4018 42.2966 57.8192 19.6469 12.8062 72.0476 62.1691 47.927 9.48683 32.6956 21.4709 46.9603 27.0185 
36.051 58.492 0.0 76.788 83.6312 44.0114 15.0 42.1022 62.4721 56.4004 26.4822 51.4679 58.799 9.84886 23.5771 51.7571 50.7106 37.7137 66.6692 48.9502 81.5078 29.6142 43.9052 47.7074 32.257 33.3431 72.5721 69.5363 55.0648 40.4721 63.2963 66.7701 14.0357 49.163 41.8301 67.8757 42.062 74.3649 16.0 72.3691 
45.4533 63.022 76.788 0.0 8.24621 47.0106 61.8111 38.1838 86.2374 29.4279 55.2268 29.0689 18.0278 71.0305 71.3087 25.5539 94.8194 73.8241 15.2315 30.2655 50.2892 58.0517 60.8276 37.0 81.1475 50.6063 55.0364 65.0 25.6125 37.3631 43.4166 52.0865 87.7826 111.805 98.9264 59.0339 85.4751 81.0062 66.1305 89.56 
49.5782 62.9365 83.6312 8.24621 0.0 55.0818 68.6543 43.0116 86.3308 37.6563 59.6666 33.6006 25.318 75.8634 75.7357 31.9531 97.3911 76.4176 18.4391 38.0526 46.5296 65.6201 63.4009 45.0444 84.4446 56.8595 53.3385 63.5059 30.0 44.7214 43.3244 51.1957 94.6259 115.716 101.442 57.8705 88.0783 79.511 70.9635 88.8426 
40.2492 72.9579 44.0114 47.0106 55.0818 0.0 29.8329 34.4093 89.5601 18.4391 43.1741 36.2353 30.8058 45.5412 56.0389 28.6531 86.1452 67.082 43.6578 17.72 80.1999 15.6205 58.2416 10.0499 67.0331 26.1725 74.445 81.0247 37.4433 15.5563 64.8794 68.884 51.614 92.319 82.3893 75.0 76.2365 94.3574 41.0 97.3088 
35.3868 60.798 15.0 61.8111 68.6543 29.8329 0.0 32.6571 66.0918 41.4005 26.2195 39.2077 43.8221 16.0 28.4605 36.7802 58.2495 41.5933 52.3529 33.9733 81.6996 17.2627 46.2112 32.7567 39.0512 18.3661 72.047 71.8423 42.0583 25.4952 62.7711 66.245 26.4197 62.5421 53.0094 71.7513 48.7647 77.9151 13.8924 75.4144 
8.24621 38.5906 42.1022 38.1838 43.0116 34.4093 32.6571 0.0 57.5587 32.0624 17.2047 9.43398 23.2594 32.9017 33.2866 14.8661 60.1117 38.9262 24.6982 23.1948 49.677 34.0 27.0185 28.7924 43.1276 17.1172 40.3113 46.6154 13.0384 19.2354 30.7485 34.6554 55.9056 73.7835 60.9066 40.6079 50.6287 59.9902 28.0018 64.531 
50.01 23.4094 62.4721 86.2374 86.3308 89.5601 66.0918 57.5587 0.0 89.56 47.2014 62.0 78.0256 53.1507 38.9487 71.0638 23.0217 24.8395 71.1969 80.7527 49.5177 83.0237 31.3209 85.9069 31.6228 64.4728 35.805 26.8701 64.0703 75.9276 43.0116 35.7771 74.6693 48.2597 36.1248 30.2324 23.7697 18.2483 52.254 10.2956 
40.0 69.3758 56.4004 29.4279 37.6563 18.4391 41.4005 32.0624 89.56 0.0 46.6905 28.7924 16.2788 55.6597 62.0967 19.3132 90.934 70.2635 29.8329 9.05539 68.884 32.249 59.0085 9.43398 72.7805 33.541 68.2707 75.7694 28.178 16.5529 58.7051 62.7539 66.4831 101.488 89.8443 69.4622 80.895 90.4434 54.0838 95.9012 
10.5262 45.4252 26.4822 55.2268 59.6666 43.1741 26.2195 17.2047 47.2014 46.6905 0.0 26.1725 40.3113 17.2818 16.1245 31.7648 44.2832 24.0832 41.2313 37.6563 55.8834 37.3712 25.0847 41.0 26.2488 17.4642 46.9477 56.4695 29.7484 31.0161 37.6719 41.1457 40.2857 56.6039 43.8634 46.652 34.2345 62.5423 12.3818 56.43 
16.4012 40.7922 51.4679 29.0689 33.6006 36.2353 39.2077 9.43398 62.0 28.7924 26.1725 0.0 16.1245 42.2675 42.2712 9.48683 67.0671 45.8821 15.2643 21.095 46.0588 39.5601 33.2415 28.4253 52.11 25.1794 39.5607 47.0106 3.60555 20.8087 29.9951 34.0439 65.1793 82.7672 69.8889 40.7185 57.4969 61.6847 37.3675 67.6018 
31.3847 56.3205 58.799 18.0278 25.318 30.8058 43.8221 23.2594 78.0256 16.2788 40.3113 16.1245 0.0 55.0729 56.4358 8.60233 82.8912 61.7057 13.6015 13.1529 52.8015 40.3113 49.2443 20.8806 66.311 33.0151 53.0732 61.4795 14.0357 19.4165 44.3933 48.4422 69.7937 96.8969 84.0899 55.1594 73.3205 76.6877 50.1729 83.2947 
26.8506 48.7978 9.84886 71.0305 75.8634 45.5412 16.0 32.9017 53.1507 55.6597 17.2818 42.2675 55.0729 0.0 14.2127 46.481 42.72 28.3196 57.4687 48.1805 72.3074 33.1361 34.211 47.2726 23.7697 32.5734 63.3717 59.8422 45.8644 39.7024 54.0958 57.5697 23.4129 46.9126 37.0135 58.1815 33.6155 64.6761 8.06226 62.9365 
26.5953 35.397 23.5771 71.3087 75.7357 56.0389 28.4605 33.2866 38.9487 62.0967 16.1245 42.2712 56.4358 14.2127 0.0 47.8853 30.1496 14.1421 57.3004 53.1601 64.4205 45.607 20.8102 55.5788 11.0 30.0167 49.7511 46.4414 45.8174 45.8912 53.741 46.5901 37.1327 40.4969 27.8568 44.7808 20.3961 51.1077 15.1327 48.7955 
23.0868 50.2195 51.7571 25.5539 31.9531 28.6531 36.7802 14.8661 71.0638 19.3132 31.7648 9.48683 8.60233 46.481 47.8853 0.0 74.8407 53.6552 16.0312 12.0416 51.5516 35.0571 41.4367 19.8494 57.8061 25.0599 48.9771 56.4624 9.21954 14.3178 39.4114 43.4602 62.7518 88.3233 75.5844 50.1597 65.3072 71.1688 41.581 76.9415 
51.8886 38.6005 50.7106 94.8194 97.3911 86.1452 58.2495 60.1117 23.0217 90.934 44.2832 67.0671 82.8912 42.72 30.1496 74.8407 0.0 21.1896 79.6433 81.8841 67.9559 75.505 34.0147 85.1469 19.2354 60.0333 53.2541 46.5188 70.0071 75.2396 55.6759 51.0882 56.3009 25.318 13.6015 47.7074 10.0499 41.1947 45.2769 32.249 
30.7031 24.1868 37.7137 73.8241 76.4176 67.082 41.5933 38.9262 24.8395 70.2635 24.0832 45.8821 61.7057 28.3196 14.1421 53.6552 21.1896 0.0 58.6686 61.2092 53.2116 58.4346 13.0384 65.0308 10.0499 41.0 38.5421 35.0 48.8467 55.0091 39.696 35.3812 51.2693 40.0 25.6125 33.5718 11.6619 37.5766 27.7308 34.6554 
31.1448 48.2618 66.6692 15.2315 18.4391 43.6578 52.3529 24.6982 71.1969 29.8329 41.2313 15.2643 13.6015 57.4687 57.3004 16.0312 79.6433 58.6686 0.0 26.0 39.9625 51.0882 45.6508 34.0147 66.7549 39.5601 41.7732 51.3517 11.6619 30.2655 29.0 38.1182 78.3244 97.7964 83.7524 45.1774 70.3278 67.1863 52.5688 75.1294 
31.0161 61.0328 48.9502 30.2655 38.0526 17.72 33.9733 23.1948 80.7527 9.05539 37.6563 21.095 13.1529 48.1805 53.1601 12.0416 81.8841 61.2092 26.0 0.0 63.2649 27.8927 50.04 8.06226 63.7887 25.2389 60.6132 67.9779 21.2603 8.48528 51.0476 55.0964 59.8164 92.7213 80.9568 61.7171 71.8471 82.28 45.3168 87.3907 
46.7044 29.5296 81.5078 50.2892 46.5296 80.1999 81.6996 49.677 49.5177 68.884 55.8834 46.0588 52.8015 72.3074 64.4205 51.5516 67.9559 53.2116 39.9625 63.2649 0.0 83.1235 50.1205 71.2609 63.2582 64.6348 14.7648 22.6716 43.2783 65.4435 21.587 18.4391 95.3113 91.6788 77.3886 20.2485 62.1691 36.6742 67.4074 48.0208 
36.9467 74.0244 29.6142 58.0517 65.6201 15.6205 17.2627 34.0 83.0237 32.249 37.3712 39.5601 40.3113 33.1361 45.607 35.0571 75.505 58.4346 51.0882 27.8927 83.1235 0.0 53.6839 22.8254 56.2939 19.926 73.6015 79.2063 41.9762 21.0238 64.1951 67.8048 36.0555 78.6384 70.0286 73.3112 65.9697 91.1416 30.6757 92.2523 
19.0263 21.097 43.9052 60.8276 63.4009 58.2416 46.2112 27.0185 31.3209 59.0085 25.0847 33.2415 49.2443 34.211 20.8102 41.4367 34.0147 13.0384 45.6508 50.04 50.1205 53.6839 0.0 54.7449 21.2267 34.2379 35.451 32.1413 36.0555 44.7214 34.9271 32.2901 57.4608 52.4981 38.2241 30.4807 24.6982 38.2141 32.3735 39.3573 
35.9026 67.2423 47.7074 37.0 45.0444 10.0499 32.7567 28.7924 85.9069 9.43398 41.0 28.4253 20.8806 47.2726 55.5788 19.8494 85.1469 65.0308 34.0147 8.06226 71.2609 22.8254 54.7449 0.0 66.4831 25.9615 67.646 74.793 29.0 10.0499 58.0804 62.1289 57.28 94.1401 82.983 68.6003 75.1066 88.6397 47.094 93.1101 
36.4341 34.2345 32.257 81.1475 84.4446 67.0331 39.0512 43.1276 31.6228 72.7805 26.2488 52.11 66.311 23.7697 11.0 57.8061 19.2354 10.0499 66.7549 63.7887 63.2582 56.2939 21.2267 66.4831 0.0 41.0122 48.5888 45.0111 55.6562 56.7186 49.7426 45.4278 44.8058 31.8277 18.0278 43.6184 9.84886 46.4866 26.0768 41.8808 
18.0278 54.5784 33.3431 50.6063 56.8595 26.1725 18.3661 17.1172 64.4728 33.541 17.4642 25.1794 33.0151 32.5734 30.0167 25.0599 60.0333 41.0 39.5601 25.2389 64.6348 19.926 34.2379 25.9615 41.0122 0.0 54.9878 60.5873 28.4429 17.0 45.7064 49.1858 44.3377 79.4409 57.162 54.6921 50.0899 71.6955 21.273 73.3318 
37.0518 14.7648 72.5721 55.0364 53.3385 74.445 72.047 40.3113 35.805 68.2707 46.9477 39.5607 53.0732 63.3717 49.7511 48.9771 53.2541 38.5421 41.7732 60.6132 14.7648 73.6015 35.451 67.646 48.5888 54.9878 0.0 10.198 40.2416 58.9556 14.4222 5.83095 86.4016 76.922 62.6498 5.65685 47.4236 26.1725 58.4717 36.0555 
42.6513 11.4018 69.5363 65.0 63.5059 81.0247 71.8423 46.6154 26.8701 75.7694 56.4695 47.0106 61.4795 59.8422 46.4414 56.4624 46.5188 35.0 51.3517 67.9779 22.6716 79.2063 32.1413 74.793 45.0111 60.5873 10.198 0.0 47.7598 65.7343 22.8035 13.3417 83.0919 71.1688 57.28 6.32456 42.2019 16.0312 58.0046 26.0 
19.8494 42.2966 55.0648 25.6125 30.0 37.4433 42.0583 13.0384 64.0703 28.178 29.7484 3.60555 14.0357 45.8644 45.8174 9.21954 70.0071 48.8467 11.6619 21.2603 43.2783 41.9762 36.0555 29.0 55.6562 28.4429 40.2416 47.7598 0.0 22.3607 30.6759 34.7247 68.0298 86.3135 73.4352 41.4367 60.4626 62.8172 40.9644 69.2604 
25.9615 57.8192 40.4721 37.3631 44.7214 15.5563 25.4952 19.2354 75.9276 16.5529 31.0161 20.8087 19.4165 39.7024 45.8912 14.3178 75.2396 55.0091 30.2655 8.48528 65.4435 21.0238 44.7214 10.0499 56.7186 17.0 58.9556 65.7343 22.3607 0.0 49.39 53.4135 51.4004 85.0487 73.4983 59.6406 65.192 79.2187 37.6442 83.2192 
27.776 19.6469 63.2963 43.4166 43.3244 64.8794 62.7711 30.7485 43.0116 58.7051 37.6719 29.9951 44.3933 54.0958 53.741 39.4114 55.6759 39.696 29.0 51.0476 21.587 64.1951 34.9271 58.0804 49.7426 45.7064 14.4222 22.8035 30.6759 49.39 0.0 9.48683 77.0997 78.2754 63.9205 16.4924 48.75 38.3275 49.1959 46.1736 
31.2498 12.8062 66.7701 52.0865 51.1957 68.884 66.245 34.6554 35.7771 62.7539 41.1457 34.0439 48.4422 57.5697 46.5901 43.4602 51.0882 35.3812 38.1182 55.0964 18.4391 67.8048 32.2901 62.1289 45.4278 49.1858 5.83095 13.3417 34.7247 53.4135 9.48683 0.0 80.5736 73.9607 59.6058 7.07107 44.4352 29.0689 52.6697 37.6563 
49.8545 72.0476 14.0357 87.7826 94.6259 51.614 26.4197 55.9056 74.6693 66.4831 40.2857 65.1793 69.7937 23.4129 37.1327 62.7518 56.3009 51.2693 78.3244 59.8164 95.3113 36.0555 57.4608 57.28 44.8058 44.3377 86.4016 83.0919 68.0298 51.4004 77.0997 80.5736 0.0 49.0306 45.6508 81.4313 50.9305 87.9205 30.0167 85.9247 
67.0914 62.1691 49.163 111.805 115.716 92.319 62.5421 73.7835 48.2597 101.488 56.6039 82.7672 96.8969 46.9126 40.4969 88.3233 25.318 40.0 97.7964 92.7213 91.6788 78.6384 52.4981 94.1401 31.8277 79.4409 76.922 71.1688 86.3135 85.0487 78.2754 73.9607 49.0306 0.0 14.4222 71.5891 29.5296 66.4831 52.9245 57.0 
54.213 47.927 41.8301 98.9264 101.442 82.3893 53.0094 60.9066 36.1248 89.8443 43.8634 69.8889 84.0899 37.0135 27.8568 75.5844 13.6015 25.6125 83.7524 80.9568 77.3886 70.0286 38.2241 82.983 18.0278 57.162 62.6498 57.28 73.4352 73.4983 63.9205 59.6058 45.6508 14.4222 0.0 57.3847 15.2315 54.0 41.7732 45.7056 
36.7561 9.48683 67.8757 59.0339 57.8705 75.0 71.7513 40.6079 30.2324 69.4622 46.652 40.7185 55.1594 58.1815 44.7808 50.1597 47.7074 33.5718 45.1774 61.7171 20.2485 73.3112 30.4807 68.6003 43.6184 54.6921 5.65685 6.32456 41.4367 59.6406 16.4924 7.07107 81.4313 71.5891 57.3847 0.0 42.1545 22.0227 56.344 31.0483 
43.9352 32.6956 42.062 85.4751 88.0783 76.2365 48.7647 50.6287 23.7697 80.895 34.2345 57.4969 73.3205 33.6155 20.3961 65.3072 10.0499 11.6619 70.3278 71.8471 62.1691 65.9697 24.6982 75.1066 9.84886 50.0899 47.4236 42.2019 60.4626 65.192 48.75 44.4352 50.9305 29.5296 15.2315 42.1545 0.0 40.4475 35.5106 34.0147 
55.9466 21.4709 74.3649 81.0062 79.511 94.3574 77.9151 59.9902 18.2483 90.4434 62.5423 61.6847 76.6877 64.6761 51.1077 71.1688 41.1947 37.5766 67.1863 82.28 36.6742 91.1416 38.2141 88.6397 46.4866 71.6955 26.1725 16.0312 62.8172 79.2187 38.3275 29.0689 87.9205 66.4831 54.0 22.0227 40.4475 0.0 62.8385 12.0416 
21.9506 46.9603 16.0 66.1305 70.9635 41.0 13.8924 28.0018 52.254 54.0838 12.3818 37.3675 50.1729 8.06226 15.1327 41.581 45.2769 27.7308 52.5688 45.3168 67.4074 30.6757 32.3735 47.094 26.0768 21.273 58.4717 58.0046 40.9644 37.6442 49.1959 52.6697 30.0167 52.9245 41.7732 56.344 35.5106 62.8385 0.0 61.5767 
57.2677 27.0185 72.3691 89.56 88.8426 97.3088 75.4144 64.531 10.2956 95.9012 56.43 67.6018 83.2947 62.9365 48.7955 76.9415 32.249 34.6554 75.1294 87.3907 48.0208 92.2523 39.3573 93.1101 41.8808 73.3318 36.0555 26.0 69.2604 83.2192 46.1736 37.6563 85.9247 57.0 45.7056 31.0483 34.0147 12.0416 61.5767 0.0 
DEMAND_SCENARIO_SECTION
0 0 0 0 0 0 0 0 0 0 0 0 0 0 0 0 0 0 0 0 0 0 0 0 0 0 0 0 0 0 0 0 0 0 0 0 0 0 0 0 0 0 0 0 0 0 0 0 0 0 0 0 0 0 0 0 0 0 0 0 0 0 0 0 0 0 0 0 0 0 0 0 0 0 0 0 0 0 0 0 0 0 0 0 0 0 0 0 0 0 0 0 0 0 0 0 0 0 0 0 0 0 0 0 0 0 0 0 0 0 0 0 0 0 0 0 0 0 0 0 0 0 0 0 0 0 0 0 0 0 0 0 0 0 0 0 0 0 0 0 0 0 0 0 0 0 0 0 0 0 0 0 0 0 0 0 0 0 0 0 0 0 0 0 0 0 0 0 0 0 0 0 0 0 0 0 0 0 0 0 0 0 0 0 0 0 0 0 0 0 0 0 0 0 0 0 0 0 0 0 
6 3 3 3 9 9 6 2 5 7 6 4 7 8 7 3 2 3 7 5 3 3 6 8 7 1 4 9 4 4 7 7 7 8 2 5 7 6 8 6 5 4 2 5 5 3 4 7 5 6 7 5 1 6 5 6 6 7 7 5 3 6 7 8 6 6 6 7 6 11 8 8 5 7 3 5 6 10 5 7 6 4 5 4 7 9 7 6 0 3 5 5 7 0 6 6 5 8 6 3 5 8 6 8 5 5 4 9 8 6 7 9 8 4 8 10 3 7 3 6 8 8 7 7 8 5 8 3 5 8 7 6 7 3 6 9 6 7 5 5 5 2 5 4 5 8 5 6 6 7 8 10 5 8 6 7 9 7 8 6 2 7 8 7 12 2 4 5 6 6 5 5 5 7 6 5 8 4 9 7 5 6 2 11 8 7 7 8 4 8 7 5 5 8 8 7 7 6 6 6 
2 2 1 3 1 2 1 1 1 1 2 1 3 4 2 3 3 1 1 2 1 2 3 2 2 3 2 1 2 3 1 0 2 2 3 2 1 2 2 2 3 2 2 3 2 2 4 2 3 2 3 3 2 3 2 3 2 1 1 2 2 2 2 2 1 1 3 2 1 2 1 2 3 2 2 3 2 3 3 2 3 3 2 1 2 3 3 1 2 2 2 3 1 3 2 2 1 3 2 3 2 1 1 2 2 3 2 1 2 2 2 2 2 3 2 2 1 2 2 2 1 2 2 2 2 1 1 1 2 1 2 2 2 2 1 2 2 2 2 2 2 1 3 2 2 2 1 2 3 1 2 3 3 1 3 3 2 1 2 3 2 2 2 2 2 1 2 2 2 2 3 1 2 2 2 2 1 2 4 2 2 3 2 2 2 2 2 2 2 3 3 2 1 2 2 3 1 3 3 2 
12 0 10 16 6 9 10 7 15 7 3 7 9 11 15 9 9 12 14 10 13 11 12 3 9 8 4 2 17 13 15 4 9 10 10 7 9 9 6 10 10 4 10 8 10 11 11 6 12 5 7 5 8 13 9 6 9 7 9 8 7 10 9 8 12 12 13 10 10 13 7 10 14 12 9 8 11 9 9 7 12 12 15 12 11 1 8 7 11 5 8 7 11 11 13 7 11 11 6 8 13 10 8 8 4 14 8 14 11 9 15 13 8 12 8 5 6 5 15 8 13 8 5 2 10 10 9 7 7 7 6 8 11 7 14 11 9 10 13 10 13 4 13 4 8 7 9 9 6 14 9 8 7 12 8 11 15 13 8 5 5 2 7 9 11 7 6 12 8 7 10 10 17 8 12 7 6 10 13 10 6 8 9 7 9 9 12 9 7 9 7 5 7 13 16 6 9 2 10 7 
10 10 9 10 6 7 8 4 9 12 10 11 7 3 6 12 10 7 12 6 8 8 10 6 2 8 5 5 6 9 7 9 6 8 12 10 9 6 6 4 9 11 8 7 11 5 7 10 8 13 15 7 7 10 12 10 10 13 10 3 11 5 7 3 10 10 5 10 6 7 10 8 4 10 5 13 4 8 10 10 4 1 4 5 2 8 4 7 7 4 12 9 8 9 4 8 10 12 6 8 11 4 3 10 8 9 7 7 12 6 4 6 8 6 8 11 9 6 8 11 10 8 8 7 8 11 6 7 6 9 8 9 3 7 10 9 9 12 13 4 8 8 10 6 14 13 7 11 5 9 10 10 3 9 9 10 7 6 4 12 7 7 3 10 5 9 6 5 6 5 4 9 8 5 7 7 10 5 12 7 8 7 10 7 5 7 10 10 1 11 4 8 7 8 6 11 6 4 7 9 
8 6 7 6 6 8 7 3 7 5 4 6 6 9 4 6 8 3 6 7 6 9 6 5 8 5 8 4 4 7 3 9 7 4 6 6 4 6 9 10 7 6 4 4 6 5 4 5 6 3 7 4 8 5 2 3 9 4 8 6 6 6 6 4 7 5 3 5 4 4 8 4 5 6 6 9 5 8 6 5 4 6 8 7 7 5 8 8 5 4 7 6 5 5 5 9 4 6 6 7 7 4 2 7 1 3 7 6 5 5 7 5 6 6 5 10 6 5 6 3 6 7 6 9 8 8 7 2 7 5 2 6 5 7 7 9 5 5 7 5 3 5 4 6 4 8 6 8 10 10 5 6 6 4 6 7 5 6 7 6 8 5 6 5 11 5 8 7 10 6 9 1 8 5 6 4 5 2 5 3 6 4 9 6 6 5 8 2 5 6 4 5 4 4 9 8 6 9 7 1 
6 5 5 4 7 2 5 6 5 9 7 4 6 3 5 6 3 5 3 3 2 8 5 2 3 7 8 6 3 7 4 3 4 2 2 1 5 9 4 3 9 5 2 6 6 7 6 5 5 5 5 2 3 8 4 5 4 2 6 4 2 7 5 5 5 6 6 4 7 4 5 4 7 7 4 5 6 7 2 4 6 2 6 2 3 5 4 2 5 7 6 5 5 5 1 7 7 3 6 5 4 8 7 3 8 3 6 6 6 6 3 4 4 5 5 7 8 6 6 2 7 4 6 4 4 6 6 3 7 6 5 4 5 5 6 6 6 5 4 6 7 4 4 3 3 6 5 5 3 5 5 6 3 5 4 3 4 6 8 5 6 2 6 6 6 3 7 4 4 6 6 3 6 6 5 6 4 6 5 4 8 6 4 7 5 1 6 5 5 10 6 6 5 6 5 4 5 5 3 7 
7 9 10 13 15 12 7 15 10 11 12 13 12 9 10 10 5 10 10 5 9 13 13 14 12 9 7 14 12 9 11 15 10 15 11 9 5 7 14 11 8 15 11 6 10 7 11 10 2 6 10 4 14 9 3 7 7 9 7 11 11 12 9 9 11 12 11 6 6 11 8 11 11 10 10 12 10 7 13 8 14 11 11 10 8 7 16 10 8 12 10 13 11 10 11 4 14 10 12 7 13 10 8 9 6 6 12 7 8 11 11 10 10 12 7 11 8 8 6 8 14 12 9 9 10 9 12 6 13 8 13 12 4 11 8 11 14 9 14 17 13 10 11 11 14 6 8 13 12 9 14 9 3 16 6 13 12 8 11 11 13 9 11 14 9 9 14 8 11 8 10 9 6 8 6 8 2 17 7 7 11 9 11 11 7 13 3 15 15 4 8 12 10 11 16 11 17 15 10 15 
8 4 7 8 2 8 3 6 2 5 8 4 8 10 4 5 8 6 5 7 5 4 2 6 8 6 9 4 7 3 5 7 5 3 3 4 3 5 7 7 6 8 0 9 6 4 4 12 5 8 9 4 7 3 6 6 5 2 10 6 5 6 6 6 9 1 6 8 9 6 4 7 4 3 8 8 6 3 7 9 6 5 3 7 9 3 10 9 9 4 10 5 4 5 7 4 7 5 8 6 7 8 5 8 5 4 7 5 6 8 8 10 9 6 5 3 6 6 3 6 4 3 5 4 4 4 7 7 9 10 4 5 9 9 5 1 7 5 5 9 5 3 5 2 6 5 5 6 8 6 5 6 6 4 6 7 6 4 5 5 5 5 5 3 4 8 8 6 8 6 9 8 8 7 8 7 7 6 9 7 6 8 8 11 6 4 5 6 7 4 8 4 6 5 5 6 7 5 7 8 
2 2 2 2 2 3 3 1 1 2 2 2 2 3 2 2 2 0 2 2 1 2 3 4 2 3 2 2 2 0 1 2 2 2 2 3 2 2 2 3 2 2 2 2 3 3 2 2 2 2 2 2 2 1 1 1 1 2 2 2 2 2 1 2 2 3 2 2 3 1 3 0 1 2 2 2 3 3 1 1 1 1 2 3 2 3 1 2 1 1 2 2 2 0 1 1 0 2 3 2 2 2 1 1 1 3 2 2 2 1 1 2 1 1 2 2 1 2 3 2 2 3 2 3 2 2 1 2 2 2 2 3 2 2 3 2 3 3 2 1 3 1 3 2 0 2 2 1 2 2 2 3 2 2 3 2 1 2 3 1 4 2 2 1 4 2 2 3 3 1 2 1 3 2 2 1 2 1 1 3 2 2 2 2 3 2 2 3 2 3 2 2 2 1 2 4 2 2 1 1 
9 5 5 7 10 5 7 6 11 6 7 7 12 9 4 4 8 8 10 4 7 6 7 8 14 7 11 5 8 4 9 7 6 13 11 9 9 10 4 12 13 8 6 12 9 13 9 5 6 8 6 12 9 11 7 4 8 7 11 8 10 9 10 12 5 9 5 8 7 7 9 3 2 10 8 10 10 5 10 10 6 10 8 7 11 6 9 10 8 10 8 8 8 10 7 12 11 5 8 11 4 9 7 12 10 6 10 9 13 7 6 11 5 10 6 11 12 7 10 7 7 0 11 3 4 9 10 7 4 7 8 9 3 10 5 3 4 5 7 7 9 6 11 11 12 12 6 9 13 7 7 10 10 11 7 7 7 7 7 10 10 9 9 8 9 12 9 4 4 11 8 7 10 10 13 5 6 8 10 13 8 4 9 7 9 7 7 11 8 14 4 8 8 11 7 1 8 8 10 13 
1 1 2 1 1 0 1 1 1 1 1 1 1 1 1 0 1 1 1 1 1 1 1 1 1 1 1 1 1 1 1 1 1 0 1 0 1 1 2 1 1 1 1 1 2 2 1 0 1 1 1 1 1 1 1 2 1 0 1 2 1 1 1 1 1 1 1 2 1 1 1 2 1 1 1 1 1 1 1 1 1 1 1 1 1 1 1 1 1 1 1 1 1 1 1 1 1 1 1 1 0 0 2 1 1 1 1 0 1 1 1 2 1 1 1 1 1 1 1 1 1 1 1 1 1 1 1 1 1 1 1 1 2 0 0 1 1 0 0 1 1 1 1 2 1 1 2 1 1 1 1 1 1 1 1 1 2 0 1 0 0 1 1 1 1 1 1 1 1 1 1 1 1 0 1 1 1 1 1 1 1 1 1 1 1 1 1 1 1 2 1 1 1 1 1 1 1 1 1 1 
6 9 5 7 9 5 8 8 3 5 3 11 5 6 8 7 5 10 10 11 8 8 7 6 6 8 2 12 6 5 8 10 12 9 7 9 0 10 5 11 6 3 7 8 11 8 9 4 5 10 5 8 9 8 7 3 13 5 13 6 7 4 7 9 10 10 5 4 7 17 3 5 4 12 9 8 9 8 8 10 9 5 11 12 12 9 10 12 5 5 11 5 4 8 11 8 5 3 6 7 10 9 8 5 6 5 6 7 12 11 7 11 6 8 8 5 7 7 10 7 11 2 6 11 11 5 6 10 14 11 6 5 10 8 7 13 5 12 8 3 9 9 7 9 5 7 10 10 7 11 6 6 10 7 9 9 6 4 13 9 10 6 6 9 10 13 7 11 8 8 6 5 5 10 12 11 8 8 6 6 12 8 4 4 13 8 6 4 7 11 8 14 9 12 10 9 9 13 6 10 
9 10 9 10 5 5 8 5 8 7 6 7 6 8 7 10 11 11 12 9 14 10 5 9 4 9 6 12 2 10 1 8 11 7 12 10 8 4 7 11 10 8 11 7 5 11 6 5 12 12 8 6 12 7 10 5 8 6 5 9 7 2 10 7 8 13 3 6 7 6 8 8 13 12 6 13 9 11 8 13 4 8 14 6 5 8 5 8 7 6 8 8 10 9 10 10 11 11 6 12 10 5 14 4 8 13 7 8 10 6 8 9 8 10 6 7 9 13 5 15 7 8 13 9 7 10 11 4 12 13 2 10 8 6 10 4 8 10 9 3 11 6 7 6 4 6 5 1 9 6 7 11 7 10 8 10 13 11 7 8 7 9 7 7 10 9 8 7 9 6 12 6 6 10 3 4 8 10 7 4 11 7 8 7 8 9 5 10 5 7 6 8 10 12 9 9 11 6 14 5 
1 0 1 0 1 1 1 2 1 1 1 2 1 1 1 1 1 1 1 2 1 1 1 1 1 1 1 1 1 1 1 1 1 1 1 1 1 1 1 1 1 1 1 1 1 1 1 1 1 1 2 1 1 1 0 1 1 1 1 1 1 1 1 0 1 1 1 1 1 1 1 2 1 1 1 1 1 1 1 1 2 0 1 1 1 0 0 2 0 1 2 1 2 2 1 1 1 1 0 1 1 2 0 1 1 1 1 1 1 1 1 1 1 1 1 1 1 1 1 2 1 1 1 1 1 1 1 1 1 1 1 1 1 1 1 1 1 1 1 2 0 1 1 1 1 1 0 1 1 1 1 1 1 1 1 1 1 1 1 1 1 1 1 0 1 1 1 1 1 1 1 1 1 1 1 1 1 1 1 0 1 1 1 0 1 1 1 1 1 2 1 1 1 1 1 1 1 0 1 1 
2 1 2 2 2 2 2 2 2 1 1 2 3 2 2 2 2 1 2 2 2 2 1 3 2 1 3 2 1 2 3 3 2 2 1 2 1 2 2 1 1 3 2 3 2 3 2 1 2 1 0 1 2 1 2 3 2 1 2 3 2 2 2 0 1 2 2 2 2 2 2 3 1 3 2 2 2 1 2 0 2 2 1 2 2 2 4 2 1 2 1 2 3 1 2 2 3 3 1 2 3 2 2 3 1 2 1 2 2 2 2 2 2 3 2 2 1 3 3 1 3 2 2 2 2 2 2 2 2 1 2 2 1 3 2 2 3 3 2 2 2 2 2 1 3 0 2 1 2 2 3 1 1 1 2 3 1 1 2 3 1 1 2 2 3 2 2 3 2 3 3 2 1 3 2 3 2 3 2 2 1 3 1 2 2 1 3 2 1 0 0 3 1 2 2 2 2 3 2 1 
3 7 8 8 5 4 9 3 10 10 4 8 8 5 5 5 9 7 5 6 8 7 7 7 5 4 7 9 7 8 4 12 15 9 6 9 6 6 11 3 4 10 8 8 7 4 12 6 4 7 5 6 9 8 6 8 9 3 6 6 7 7 8 10 8 5 7 11 12 5 7 9 6 5 7 7 9 4 4 8 8 8 12 6 10 4 10 7 7 6 6 6 5 7 12 6 3 6 8 11 8 7 9 7 5 4 8 8 3 9 5 7 5 7 8 7 7 3 6 8 7 5 7 7 7 10 9 7 8 10 3 9 6 5 8 5 9 8 8 7 5 7 9 5 6 7 7 5 9 7 8 7 8 9 2 7 8 8 10 8 8 4 8 6 6 6 6 9 8 8 7 10 9 6 13 9 7 8 7 3 8 9 8 10 5 10 8 11 10 8 8 7 7 12 6 10 9 8 9 10 
10 13 6 13 5 10 9 11 9 7 11 6 10 5 7 9 9 5 8 8 12 8 9 5 7 12 8 7 7 9 8 9 6 15 7 9 10 15 16 9 3 8 10 6 3 8 11 10 12 14 4 8 9 11 10 5 9 9 4 11 14 9 9 9 17 5 3 11 9 10 8 8 8 4 9 7 13 8 7 13 2 4 7 13 7 9 4 5 3 12 9 11 15 2 11 12 11 7 13 6 10 9 9 10 15 12 5 11 8 12 16 9 7 7 7 9 4 10 9 6 10 8 7 7 11 11 9 10 14 8 7 6 8 8 5 10 10 13 8 12 11 12 5 14 8 9 14 15 4 6 10 15 9 11 5 4 10 10 9 10 10 9 0 4 10 13 7 8 9 9 12 9 2 13 13 10 7 7 11 6 8 2 12 14 9 7 10 8 12 8 4 7 11 6 11 5 4 4 7 10 
1 1 1 1 1 0 1 1 1 1 1 1 1 1 1 0 1 1 1 1 1 1 1 1 1 1 1 1 1 1 1 1 1 1 1 2 1 1 1 1 1 2 1 1 1 1 1 1 1 1 1 1 1 1 1 1 0 1 1 1 1 0 1 1 2 1 1 1 1 1 0 1 1 1 0 1 1 1 1 1 1 1 1 1 1 2 0 2 1 1 1 1 1 1 1 1 1 1 1 1 1 1 1 1 1 1 1 0 1 1 1 1 1 1 1 1 2 1 1 1 1 1 1 1 1 1 1 1 1 1 1 1 1 1 1 1 1 1 1 1 1 0 1 1 1 1 1 1 1 1 1 1 1 1 1 2 1 1 1 1 1 1 1 1 1 1 1 1 0 1 0 1 1 1 0 1 1 2 1 1 1 1 1 1 1 1 1 1 1 1 1 1 1 1 1 1 1 1 1 1 
4 6 5 5 3 3 4 3 2 3 5 5 2 4 3 5 5 8 4 3 5 6 3 7 6 5 5 7 4 2 2 3 5 5 4 5 4 5 5 4 6 5 5 6 4 4 5 4 4 4 3 7 3 4 3 4 6 3 3 5 6 5 4 3 4 4 4 3 4 5 4 5 3 4 5 4 3 4 4 3 4 4 3 2 2 3 4 3 4 2 2 3 6 6 4 3 3 3 6 4 3 4 5 5 5 3 4 4 7 5 4 4 4 2 4 5 4 4 4 3 4 0 5 1 4 3 5 5 4 5 4 4 5 5 2 2 5 4 3 5 1 6 2 3 4 3 5 3 3 4 3 5 5 3 4 2 3 5 6 5 4 5 3 4 5 3 6 3 6 8 4 5 3 4 3 3 3 3 4 8 3 3 3 5 4 4 4 6 4 5 4 6 5 7 2 6 2 4 3 5 
3 5 3 4 3 5 5 2 4 6 5 6 5 2 3 4 4 6 5 2 3 4 5 5 3 5 3 3 6 6 5 3 5 1 6 3 4 5 4 1 4 4 6 5 2 3 6 5 3 4 4 4 4 6 2 4 3 5 6 3 5 5 4 0 4 3 5 6 2 5 4 6 2 3 6 4 5 4 5 6 6 3 5 5 3 4 5 4 4 1 5 5 4 4 5 4 1 4 3 3 4 4 3 4 5 5 3 2 4 3 6 1 3 2 5 6 6 6 4 5 4 4 3 2 5 6 4 5 1 3 4 3 4 4 4 5 4 3 3 3 4 3 4 5 2 3 4 4 1 5 2 5 2 4 4 3 4 5 6 6 3 4 2 6 2 2 3 5 6 4 4 5 6 4 3 4 3 7 4 2 4 5 4 4 1 6 5 2 7 4 4 2 4 5 7 2 4 5 3 3 
11 10 7 7 8 17 9 6 6 6 9 6 6 6 5 6 9 10 14 11 12 12 4 11 7 14 6 16 4 14 4 10 7 10 14 14 6 12 5 8 10 8 12 10 9 9 10 8 8 10 7 6 16 10 9 18 9 9 4 7 9 11 9 5 12 5 5 11 10 9 12 6 7 15 6 9 12 14 11 8 6 6 11 10 6 12 9 11 10 4 9 9 8 15 11 10 10 12 9 12 12 13 5 12 12 10 10 13 11 15 5 8 4 11 8 12 11 14 12 11 12 4 10 8 8 3 12 10 10 13 13 10 12 7 14 9 6 15 11 6 8 10 10 12 9 7 6 11 10 6 13 2 13 13 10 9 9 5 7 12 10 12 9 5 8 17 14 5 8 8 6 12 4 10 4 11 4 13 10 12 1 6 6 9 8 9 8 12 9 8 12 11 13 12 13 12 4 8 7 5 
9 8 12 10 11 10 10 10 12 8 10 12 7 6 13 8 10 3 6 11 5 8 4 13 7 13 10 8 8 8 6 4 7 9 8 9 9 9 10 7 10 9 10 8 11 7 8 11 3 7 7 7 5 13 7 10 8 4 11 14 8 5 3 6 9 17 2 7 6 5 5 10 11 8 8 6 5 0 9 5 9 11 6 8 8 5 11 14 9 10 6 12 11 6 13 10 11 8 7 6 7 6 12 4 6 8 7 4 7 10 10 5 5 2 8 6 9 12 9 8 17 10 7 7 5 11 8 8 5 9 9 9 11 8 10 7 5 7 8 9 5 7 11 10 14 7 8 1 8 13 11 10 10 12 6 9 9 6 7 7 10 4 7 7 5 8 5 10 12 8 9 7 8 11 5 9 10 8 7 10 7 16 7 9 6 7 7 10 10 9 7 5 8 5 9 10 7 9 12 5 
2 3 2 2 2 2 1 1 2 2 1 2 2 2 3 1 2 1 1 2 2 3 2 2 3 1 2 3 2 2 1 2 2 3 2 1 2 2 3 2 2 2 2 1 3 1 3 2 2 3 2 2 3 3 2 2 2 2 2 2 3 2 3 2 2 2 4 2 1 1 2 2 2 2 2 1 1 3 2 2 2 1 2 2 2 2 2 2 2 3 2 3 3 3 2 2 2 2 2 3 1 2 1 1 2 2 2 2 1 2 1 2 2 2 2 1 3 3 3 1 1 2 3 3 2 3 2 3 2 1 2 2 1 2 1 2 3 2 1 2 3 2 1 2 3 2 2 2 2 3 1 1 3 2 2 1 3 2 1 2 3 2 2 2 2 3 2 1 2 2 2 2 3 1 2 3 2 2 2 3 2 2 1 1 2 2 2 2 2 1 2 3 3 4 2 2 2 1 3 2 
1 1 1 1 0 1 1 0 1 2 2 0 1 1 1 1 2 1 1 1 1 1 1 1 1 1 1 1 1 1 1 1 2 1 1 1 1 1 1 1 1 1 1 1 1 1 1 1 1 1 1 1 1 1 0 1 1 1 1 1 2 1 1 1 1 1 1 1 0 1 1 1 1 1 1 1 1 1 1 1 1 1 1 1 2 0 1 1 2 1 1 1 0 1 1 1 1 1 1 1 1 0 1 1 1 1 0 1 1 1 1 1 1 1 1 1 1 1 1 1 1 1 0 1 1 0 0 1 1 1 1 1 1 1 1 1 1 1 1 1 1 1 2 1 1 1 1 1 1 1 0 0 1 1 1 2 1 1 1 1 1 1 1 0 1 1 2 1 1 1 1 1 1 1 1 1 1 0 1 1 1 1 2 1 1 1 1 0 1 1 1 1 1 1 1 1 1 1 1 1 
5 10 10 2 8 8 10 7 9 6 3 6 8 5 7 8 12 6 6 9 9 8 5 9 3 6 8 6 7 2 6 11 10 7 10 8 2 7 12 8 8 9 8 4 6 2 7 6 12 6 11 7 11 11 11 8 8 8 10 8 4 4 10 6 10 4 10 10 9 8 10 8 10 11 7 5 10 4 13 8 8 13 9 6 4 8 6 6 7 12 4 7 12 11 8 11 10 8 9 7 8 9 1 5 8 7 7 8 8 8 9 3 8 8 9 5 9 5 6 7 11 8 8 8 7 8 11 11 7 10 7 6 9 8 10 6 9 4 10 7 3 10 7 4 9 8 10 8 4 11 11 11 9 10 4 12 13 6 13 3 4 9 10 11 7 7 3 4 8 9 5 3 9 9 8 9 7 6 11 7 8 7 11 6 10 12 7 5 5 8 2 11 7 9 5 6 5 7 8 9 
3 10 10 7 0 2 6 9 8 5 7 5 9 10 7 9 8 9 10 8 2 3 7 4 11 5 7 11 7 7 11 9 8 8 5 5 10 5 8 9 7 6 5 2 10 7 12 4 7 9 5 3 6 4 12 5 4 8 2 8 8 7 9 10 5 3 5 7 5 4 6 7 5 5 8 11 5 7 5 7 10 5 7 6 5 7 8 5 7 7 4 11 9 4 8 6 12 3 4 6 1 11 9 7 5 10 7 9 2 10 6 9 5 9 4 8 10 3 6 4 6 4 8 4 11 7 6 8 8 2 9 8 8 10 7 9 7 5 4 4 7 2 6 7 7 5 5 8 8 2 11 7 5 8 3 4 7 9 4 10 8 3 10 5 6 9 10 8 4 7 3 5 9 8 9 4 5 3 5 6 7 10 5 5 6 6 6 6 8 7 6 9 11 9 11 9 8 6 8 9 
3 2 1 1 2 1 1 0 2 2 2 3 2 3 2 0 2 2 3 1 1 2 3 1 1 2 2 1 2 3 2 2 2 2 2 1 1 2 1 1 2 3 2 2 1 2 2 2 1 4 2 1 3 2 2 2 2 2 2 1 2 1 2 1 2 2 1 4 1 2 4 2 1 1 2 2 2 2 2 1 1 3 2 2 2 2 2 1 3 2 3 2 1 2 1 0 2 2 0 1 1 2 2 2 2 2 1 3 2 1 3 3 2 2 1 2 3 1 3 2 2 2 2 1 3 2 1 1 2 3 2 2 2 2 1 1 2 0 2 3 2 2 2 2 2 2 2 2 2 2 1 3 2 2 2 2 2 1 2 1 2 2 3 2 1 2 2 2 3 3 2 1 3 2 2 1 1 2 2 2 3 1 1 3 2 3 1 0 2 2 1 3 2 2 2 2 3 1 2 1 
10 11 10 8 6 11 7 11 5 15 11 8 7 9 13 8 11 6 12 12 10 11 6 6 12 9 14 12 9 6 12 9 11 7 14 8 11 6 7 14 7 10 9 10 4 6 10 13 7 11 6 12 7 9 11 13 9 9 6 2 4 7 6 7 11 7 16 9 14 6 9 8 11 10 6 9 8 8 8 14 3 10 6 12 4 8 10 11 11 8 7 10 7 7 10 11 8 9 7 10 6 14 11 8 7 6 11 8 10 9 8 10 7 6 12 11 9 9 11 5 8 6 10 12 13 6 8 2 12 6 12 7 10 7 13 8 16 7 12 12 8 10 7 12 11 5 5 7 9 9 2 9 11 4 8 6 9 13 11 9 8 11 12 17 6 12 11 11 7 6 11 9 17 10 8 12 7 11 11 11 8 12 11 10 13 9 11 2 7 8 7 10 7 5 7 7 13 5 8 11 
3 2 2 3 3 3 3 1 2 2 2 2 2 2 3 3 3 2 2 3 2 3 3 2 2 2 2 2 1 1 1 1 3 1 1 3 2 3 2 2 2 2 2 1 1 4 2 3 2 2 2 1 2 3 3 3 3 1 2 2 1 2 2 1 2 3 1 1 1 2 2 2 3 2 3 1 2 2 2 3 1 1 3 3 2 1 2 2 2 3 3 2 2 1 2 3 3 2 2 1 2 2 1 2 0 2 2 2 3 1 3 3 1 2 1 3 2 1 2 2 2 2 2 3 2 3 1 2 1 2 2 2 2 3 3 2 2 2 2 1 2 2 1 1 2 2 2 2 2 2 2 2 2 1 4 2 2 2 3 2 3 3 2 3 2 2 2 1 1 2 2 2 2 2 1 1 3 2 2 2 1 2 3 0 2 3 2 1 1 1 1 3 3 2 2 1 3 3 2 2 
8 8 4 9 12 5 11 11 7 8 4 14 8 7 9 8 7 7 5 7 13 9 6 5 11 8 11 5 10 5 10 4 7 11 6 10 8 6 6 8 10 3 10 8 11 11 12 10 9 8 7 3 8 6 8 6 8 9 5 7 8 3 7 6 10 10 5 13 12 8 8 13 6 6 5 8 7 10 6 8 4 9 7 9 9 7 9 8 6 10 10 5 3 10 7 7 7 8 9 9 8 6 6 6 5 10 13 11 11 4 6 8 5 14 8 7 8 12 9 8 8 7 16 4 8 9 10 12 6 8 13 9 8 5 8 11 10 6 8 7 8 10 7 10 10 12 8 12 6 12 8 10 2 6 9 11 5 9 6 12 5 9 9 7 10 9 8 9 6 7 12 10 8 11 11 8 9 0 13 11 14 8 9 3 5 8 6 9 7 11 9 9 10 9 9 11 8 6 8 8 
8 7 10 6 7 2 10 10 9 11 11 14 6 7 4 11 11 9 5 14 7 10 10 10 6 7 8 4 5 2 8 12 9 10 7 12 13 8 9 8 10 12 10 12 12 5 13 8 13 9 9 9 10 6 7 11 8 4 14 7 16 1 13 6 10 4 7 7 9 15 10 6 3 7 11 8 1 7 3 5 15 8 7 4 13 15 10 11 10 6 12 7 10 5 9 9 10 6 8 10 7 9 9 11 6 6 2 9 7 9 11 9 9 3 12 10 5 5 8 10 13 14 10 5 10 11 10 12 10 7 9 13 12 14 9 9 7 11 5 10 13 9 12 11 6 8 12 13 7 10 7 13 5 13 9 11 5 7 9 14 12 11 8 9 9 5 11 5 11 5 8 4 11 8 6 11 13 17 4 5 14 5 8 8 9 9 11 8 14 14 11 6 9 8 10 9 7 9 13 9 
3 2 2 3 1 2 2 2 2 2 2 2 1 2 3 1 2 2 2 2 1 0 2 1 2 3 2 1 3 3 1 2 3 1 1 2 3 2 2 2 2 2 3 3 3 3 3 2 3 2 1 1 2 2 2 2 0 3 2 1 3 2 3 2 2 2 4 1 1 2 3 1 2 3 2 3 2 2 2 2 3 3 1 3 1 3 3 2 2 2 2 3 2 1 2 3 1 2 2 3 1 0 3 2 1 2 2 2 1 1 2 2 2 3 2 2 3 2 3 3 3 3 1 2 2 2 2 1 2 3 1 2 2 1 2 2 3 1 3 2 2 3 2 1 2 3 2 2 2 1 2 3 2 3 1 0 2 3 1 2 2 2 2 3 2 3 2 1 1 2 2 2 1 3 2 2 2 3 3 3 3 2 1 2 0 2 2 2 1 1 2 2 3 2 3 4 3 1 1 2 
5 4 4 6 7 8 6 6 5 6 3 9 8 7 10 7 4 8 9 8 5 7 7 7 2 7 6 4 8 7 7 5 6 4 7 7 6 5 6 6 8 3 4 10 6 6 5 7 6 10 5 11 6 11 6 8 10 7 6 6 6 6 8 4 7 6 5 5 7 7 11 5 3 5 7 7 4 5 8 9 7 4 6 6 5 7 6 4 6 5 6 6 4 4 6 9 9 8 8 5 5 7 9 7 7 10 4 3 11 4 3 7 5 8 9 7 6 7 5 6 9 10 2 6 7 7 4 7 8 5 5 7 6 4 7 2 7 8 3 4 9 5 11 7 3 6 4 4 3 7 4 7 9 7 3 4 5 4 3 4 4 5 10 3 10 6 4 6 9 4 5 8 5 6 6 7 3 5 6 5 7 5 2 4 2 6 4 8 6 8 7 9 5 2 4 6 9 5 2 6 
1 2 1 1 1 0 1 1 1 1 1 1 1 1 1 1 1 1 1 0 1 1 2 1 1 2 1 0 1 1 1 1 1 1 1 1 1 1 0 1 1 1 1 1 0 1 1 1 1 1 0 1 1 1 1 1 1 1 1 1 1 0 1 1 1 1 1 1 1 1 1 1 0 1 1 1 1 0 1 1 1 1 2 1 2 1 1 1 1 1 2 1 1 1 1 1 1 1 1 1 2 2 1 1 1 1 1 1 1 1 1 1 0 1 1 1 1 1 0 1 1 2 1 1 1 1 1 1 1 1 1 1 1 1 1 0 1 1 1 1 1 0 1 1 1 1 1 1 1 1 1 1 1 1 1 1 1 1 1 1 1 1 1 1 1 1 1 0 1 1 1 1 1 1 1 1 1 1 1 1 1 1 1 1 1 2 1 1 1 1 1 1 1 1 1 0 1 1 1 1 
15 9 8 7 12 7 7 10 11 11 5 8 6 9 9 7 10 9 11 9 10 6 16 4 10 12 6 5 14 3 12 12 7 13 8 11 15 10 14 7 9 11 8 12 13 11 8 9 15 9 5 9 10 8 7 12 9 11 11 4 6 7 9 10 7 7 9 12 9 13 12 8 2 9 11 13 5 9 9 10 10 10 2 9 7 9 6 12 11 6 7 7 12 8 7 9 8 5 9 6 4 10 2 3 14 15 8 11 14 8 10 7 3 11 5 7 7 11 3 10 10 2 14 10 10 14 13 2 6 13 9 12 9 8 8 8 4 12 1 5 11 10 2 10 12 7 10 11 15 8 7 9 10 11 10 10 7 11 16 11 6 15 8 14 11 8 11 8 5 2 9 7 8 9 9 14 11 10 12 12 9 7 11 13 13 7 4 16 10 10 10 2 12 10 9 9 11 11 4 10 
8 7 11 7 7 8 8 5 8 8 10 8 10 8 8 9 9 15 5 8 7 9 10 8 12 4 10 11 8 10 10 3 8 7 10 10 8 12 10 6 5 12 9 4 7 4 3 5 5 7 8 2 5 3 8 11 9 5 9 9 9 9 11 11 9 10 9 5 4 4 8 7 7 7 1 10 13 7 8 10 7 10 8 5 11 8 8 8 12 3 9 9 11 7 5 3 7 5 9 7 10 8 11 6 10 7 1 4 7 8 11 14 9 3 13 12 8 7 10 7 9 12 10 8 8 7 8 6 7 12 10 13 6 6 12 8 13 9 10 10 12 8 8 8 15 11 14 10 6 4 6 9 7 11 9 7 6 9 7 9 11 6 8 6 3 8 9 3 11 10 6 10 10 5 7 5 4 7 13 9 7 11 9 5 14 9 8 11 9 8 8 10 10 8 10 1 10 9 7 8 
4 4 3 4 3 5 2 2 2 5 3 3 3 3 4 4 3 3 1 2 4 4 2 3 4 3 2 4 2 4 2 4 2 4 3 4 4 4 3 3 3 3 4 3 6 3 4 4 3 4 4 4 3 2 3 3 2 3 3 1 2 3 4 2 3 3 3 2 4 4 3 3 3 4 3 2 4 4 3 1 4 4 4 4 2 4 4 4 3 5 4 2 4 2 2 3 3 2 3 2 4 3 3 4 2 3 2 3 3 2 2 3 4 3 4 4 4 3 2 4 4 3 2 3 2 3 3 2 2 3 3 3 4 1 4 4 4 2 3 2 3 2 4 4 3 2 1 4 1 3 4 2 4 3 1 3 3 2 3 5 6 2 3 3 2 3 4 4 2 2 3 2 2 5 3 2 4 4 3 3 3 3 2 4 3 5 4 4 3 5 3 2 2 3 4 2 1 3 1 3 
6 12 2 6 5 2 10 5 7 9 5 13 11 7 10 7 7 7 7 6 8 6 7 9 10 5 10 9 7 9 8 7 8 8 7 8 7 7 9 7 6 4 8 4 6 6 7 12 4 0 12 6 9 8 4 4 5 9 5 11 10 7 8 3 9 8 4 4 8 8 8 9 8 7 9 6 8 7 4 4 6 11 6 10 5 5 9 8 8 6 5 6 5 11 8 3 5 7 8 4 3 5 11 8 5 9 9 6 8 1 14 6 3 5 5 7 6 8 4 3 4 10 9 8 4 4 11 6 2 9 4 6 9 7 5 7 6 6 10 12 5 10 7 7 7 5 8 5 8 6 7 5 5 9 7 4 7 3 7 9 6 11 7 6 12 4 7 10 8 10 4 6 13 8 11 9 6 5 7 2 5 8 10 12 10 8 5 4 10 6 4 10 10 7 6 5 6 3 8 8 
2 2 4 3 2 2 2 3 4 5 3 3 3 4 2 3 3 2 3 2 3 2 4 3 3 4 3 5 3 3 3 4 4 2 3 4 4 3 3 5 3 4 3 1 3 2 3 5 5 3 2 2 3 3 2 3 3 3 3 2 1 2 3 1 3 4 3 3 4 3 2 3 3 2 3 5 3 0 3 2 3 4 2 1 3 2 3 1 3 4 4 2 2 3 3 4 4 2 2 3 3 5 3 4 3 4 1 3 2 1 2 2 5 4 3 3 5 2 0 1 2 3 2 4 4 3 3 5 2 2 2 3 1 3 2 3 3 2 4 1 2 4 2 3 4 4 2 3 4 0 2 2 2 3 2 4 4 4 3 3 4 2 2 3 4 2 2 4 2 3 2 3 3 5 3 3 3 3 2 3 2 4 3 2 3 2 3 2 3 2 2 5 2 3 2 3 4 2 1 4 
DEPOT_SECTION
 1
 -1
EOF
