NAME  : Jabali_40_4_0.85_1_8
TYPE : SVRP
MODEL : FINITE_SUPPORT
NUMBER_OF_SCENARIOS : 200
DIMENSION : 40
EDGE_WEIGHT_TYPE : MATRIX
CAPACITY : 63
N_VEHICLES : 4
NODE_COORD_SECTION
1 4374 2845
2 5799 541
3 5944 5657
4 2088 4696
5 6981 604
6 7399 2809
7 2550 2338
8 4830 474
9 2881 3339
10 6028 258
11 6368 658
12 1291 4330
13 4006 1367
14 3650 1791
15 4098 5717
16 27 4662
17 1220 6387
18 2431 2146
19 6467 3775
20 3214 6064
21 4974 1222
22 5741 1176
23 7348 4580
24 5712 3754
25 1813 5966
26 3795 18
27 43 1382
28 655 3438
29 913 7043
30 1532 6765
31 7506 3869
32 1801 1929
33 2435 228
34 2602 3632
35 686 522
36 2143 2464
37 381 3542
38 5409 4715
39 191 4506
40 3631 37
DEMAND_SECTION
1 0.0
2 4.0
3 6.0
4 6.0
5 9.0
6 3.0
7 4.0
8 4.0
9 10.0
10 10.0
11 9.0
12 3.0
13 10.0
14 6.0
15 6.0
16 5.0
17 2.0
18 5.0
19 10.0
20 6.0
21 7.0
22 6.0
23 4.0
24 5.0
25 9.0
26 1.0
27 2.0
28 2.0
29 4.0
30 1.0
31 10.0
32 9.0
33 9.0
34 5.0
35 5.0
36 1.0
37 8.0
38 4.0
39 3.0
40 2.0
DEVIATION_SECTION
1 0.0
2 1.33333
3 2.0
4 2.0
5 3.0
6 1.0
7 1.33333
8 1.33333
9 3.33333
10 3.33333
11 3.0
12 1.0
13 3.33333
14 2.0
15 2.0
16 1.66667
17 0.666667
18 1.66667
19 3.33333
20 2.0
21 2.33333
22 2.0
23 1.33333
24 1.66667
25 3.0
26 0.333333
27 0.666667
28 0.666667
29 1.33333
30 0.333333
31 3.33333
32 3.0
33 3.0
34 1.66667
35 1.66667
36 0.333333
37 2.66667
38 1.33333
39 1.0
40 0.666667
DISTANCE_MATRIX
0.0 39.8035 46.1411 41.2187 52.2219 47.6655 33.9838 33.6155 23.8295 44.0185 44.7308 47.5674 20.025 15.5242 40.05 63.9106 64.0197 36.1803 34.8451 46.1736 25.4853 34.088 50.0548 25.0416 54.6 38.0526 68.6086 56.0606 72.6 64.5073 48.9198 44.4219 41.7919 27.2187 57.8079 36.6754 63.1708 31.3847 63.0056 39.0128 
39.8035 0.0 69.0652 81.0199 15.1327 36.2353 49.6588 13.1529 57.7622 4.24264 7.28011 83.6957 26.5707 33.1059 74.4648 95.2272 103.821 49.7695 44.1814 83.3876 14.4222 8.24621 57.28 43.5764 94.4012 29.4109 78.2304 78.4612 112.401 104.308 49.3964 56.0446 45.7056 62.4562 69.1809 54.626 81.5178 56.9699 93.0834 28.7924 
46.1411 69.0652 0.0 53.6349 69.3758 42.0595 63.8401 71.7008 52.4976 72.2496 67.7422 64.9385 64.2712 61.2699 25.0 78.5933 64.2806 66.0366 25.9615 37.2156 61.6604 61.0082 23.6008 26.1725 56.0089 82.0886 97.949 84.9036 70.406 61.9839 31.1448 74.2765 87.7534 54.4004 99.1743 66.468 80.542 14.7648 78.3628 82.6408 
41.2187 81.0199 53.6349 0.0 93.4383 80.0195 32.7567 68.1754 20.1246 85.2349 85.9473 11.4018 51.9019 44.7772 29.5058 27.1662 26.6271 34.5254 63.3056 23.3238 66.3977 75.3044 72.4485 54.5269 18.3848 66.4831 54.5854 25.6804 36.0555 29.5466 76.0728 38.0526 61.4003 15.8114 60.7006 31.0644 27.0912 46.5669 26.4764 67.7791 
52.2219 15.1327 69.3758 93.4383 0.0 30.0666 63.0332 28.2843 71.5841 13.0 8.0 97.5176 40.6079 46.5725 79.7267 109.049 116.239 63.3246 43.4166 90.4738 27.6586 18.0278 53.0094 46.0652 103.846 44.3847 93.086 91.8443 124.82 113.753 44.1022 70.214 60.8276 76.2781 84.2912 68.0501 94.9008 59.5063 106.798 43.6807 
47.6655 36.2353 42.0595 80.0195 30.0666 0.0 71.4658 45.3431 61.3114 37.6962 31.6228 84.643 53.7021 57.0998 58.258 100.986 94.3663 73.6623 17.6918 70.214 38.9517 30.6105 23.0217 25.4951 84.9706 61.1328 106.091 93.5426 102.577 94.1541 14.0357 81.9039 75.4268 64.7007 106.8 74.1574 100.653 36.1248 100.297 60.9731 
33.9838 49.6588 63.8401 32.7567 63.0332 71.4658 0.0 39.4081 14.1421 53.6656 55.3624 37.0416 23.3238 16.5529 50.9215 45.5576 58.3095 2.23607 58.6454 52.2398 35.4683 45.0644 73.8551 48.8419 50.9608 34.4819 36.2491 28.8114 67.6338 61.9839 72.7201 10.8167 29.0 17.1172 35.3836 5.09902 31.868 49.822 43.4138 35.8469 
33.6155 13.1529 71.7008 68.1754 28.2843 45.3431 39.4081 0.0 48.0826 16.0312 20.3961 74.0161 16.2788 23.3452 72.6648 84.7113 94.7303 39.1152 49.5696 79.712 10.0499 14.8661 64.4672 45.5412 86.5197 16.5529 65.4905 67.9559 104.163 97.6973 57.2978 44.3847 32.5576 52.7767 56.0803 44.1022 71.0211 58.0775 82.5674 16.1245 
23.8295 57.7622 52.4976 20.1246 71.5841 61.3114 14.1421 48.0826 0.0 61.7946 64.0931 26.1751 31.8091 24.6982 37.1618 42.5183 46.6476 16.2788 48.0044 38.1182 43.5723 53.4502 62.2977 37.9671 38.4838 46.4866 45.4533 32.4547 56.0803 49.6588 62.1466 22.8254 43.0465 5.0 47.7074 14.7648 35.5113 39.1152 41.6133 47.7598 
44.0185 4.24264 72.2496 85.2349 13.0 37.6962 53.6656 16.0312 61.7946 0.0 6.40312 87.7281 30.4631 37.1214 78.3901 99.2596 108.036 53.7122 47.0106 87.4052 18.6011 12.083 59.439 46.9702 98.6162 31.5753 81.4985 82.4522 116.616 108.523 51.2445 59.7746 48.2597 66.4886 72.0278 58.6003 85.5088 60.5701 97.1158 30.8058 
44.7308 7.28011 67.7422 85.9473 8.0 31.6228 55.3624 20.3961 64.0931 6.40312 0.0 90.0266 32.7567 38.8973 76.8843 101.558 109.348 55.6597 42.107 85.9111 19.9249 10.8167 53.7587 43.0129 96.9546 36.6879 85.0941 84.2047 117.928 106.862 45.3542 62.3699 52.9528 68.7871 76.3217 60.407 87.2613 56.6129 99.4143 36.0555 
47.5674 83.6957 64.9385 11.4018 97.5176 84.643 37.0416 74.0161 26.1751 87.7281 90.0266 0.0 57.6665 50.6569 40.8095 18.4391 29.6142 38.5506 71.7222 34.2053 69.5058 79.3837 85.7105 61.6762 24.0832 71.3988 43.4626 14.2127 38.6005 34.1321 85.8627 31.7978 56.4516 21.2774 51.6236 28.4583 15.6205 57.8706 17.1172 72.7389 
20.025 26.5707 64.2712 51.9019 40.6079 53.7021 23.3238 16.2788 31.8091 30.4631 32.7567 57.6665 0.0 7.07107 60.075 68.793 78.4567 23.2594 45.8045 65.7651 13.0384 23.0217 61.8658 39.987 70.2462 18.2483 53.0848 52.0467 87.8893 81.4238 57.7891 29.6142 26.2488 36.5031 46.1736 28.178 55.1033 49.5306 66.6492 19.105 
15.5242 33.1059 61.2699 44.7772 46.5725 57.0998 16.5529 23.3452 24.6982 37.1214 38.8973 50.6569 7.07107 0.0 55.0364 62.1042 71.3442 16.7631 49.2022 60.1083 18.9737 28.6356 65.2635 39.8328 63.1261 23.0868 48.6621 45.358 80.7775 74.3037 61.1868 24.0208 26.6271 29.4109 43.382 21.5407 48.4145 46.5188 59.9604 24.1868 
40.05 74.4648 25.0 29.5058 79.7267 58.258 50.9215 72.6648 37.1618 78.3901 76.8843 40.8095 60.075 55.0364 0.0 54.4243 39.4588 53.1413 40.6079 12.6491 63.1671 66.3099 46.1736 34.0588 31.0161 78.0 81.576 55.0055 46.1736 37.6431 51.4296 59.9333 78.8543 37.8855 84.6248 51.8941 56.4129 22.2036 54.231 79.0063 
63.9106 95.2272 78.5933 27.1662 109.049 100.986 45.5576 84.7113 42.5183 99.2596 101.558 18.4391 68.793 62.1042 54.4243 0.0 27.7308 45.596 88.0654 45.2769 81.0373 90.9152 97.407 78.0193 28.2843 77.9872 44.0114 17.4929 33.7343 33.541 102.206 43.0116 67.2309 37.6205 55.9017 40.6199 15.2315 71.5254 2.23607 79.3977 
64.0197 103.821 64.2806 26.6271 116.239 94.3663 58.3095 94.7303 46.6476 108.036 109.348 29.6142 78.4567 71.3442 39.4588 27.7308 0.0 59.8196 77.4726 27.074 89.5027 98.1054 85.3756 68.884 9.43398 92.6121 69.8713 40.1123 9.43398 5.83095 89.8109 61.4118 86.0655 42.0595 80.025 55.7876 39.4588 60.0833 29.1548 93.9415 
36.1803 49.7695 66.0366 34.5254 63.3246 73.6623 2.23607 39.1152 16.2788 53.7122 55.6597 38.5506 23.2594 16.7631 53.1413 45.596 59.8196 0.0 60.8419 54.3323 35.7351 45.3542 76.0516 51.0384 52.6308 33.2866 34.5398 28.8444 69.1429 63.6003 74.9166 8.94427 27.0185 19.0263 33.2415 5.0 31.9061 52.0185 43.4522 34.6699 
34.8451 44.1814 25.9615 63.3056 43.4166 17.6918 58.6454 49.5696 48.0044 47.0106 42.107 71.7222 45.8045 49.2022 40.6079 88.0654 77.4726 60.8419 0.0 52.6972 39.7202 36.4966 16.2788 10.0499 68.1542 61.9459 93.2701 81.8767 85.4225 76.9415 14.1421 69.0835 72.0303 51.3735 93.9797 61.337 87.3256 18.4391 87.1604 62.3264 
46.1736 83.3876 37.2156 23.3238 90.4738 70.214 52.2398 79.712 38.1182 87.4052 85.9111 34.2053 65.7651 60.1083 12.6491 45.2769 27.074 54.3323 52.6972 0.0 71.4535 75.3401 58.8218 45.3431 19.2354 82.8734 77.3552 48.4149 33.5261 25.0 63.9766 59.7568 81.1542 35.8915 83.2215 52.1522 49.5782 34.4819 45.4863 84.0119 
25.4853 14.4222 61.6604 66.3977 27.6586 38.9517 35.4683 10.0499 43.5723 18.6011 19.9249 69.5058 13.0384 18.9737 63.1671 81.0373 89.5027 35.7351 39.7202 71.4535 0.0 10.0 55.8332 35.5106 80.083 23.3452 66.0303 64.291 98.083 89.9902 50.8969 42.5793 36.6742 48.2663 58.4637 40.4969 67.3476 48.0416 78.8935 23.4307 
34.088 8.24621 61.0082 75.3044 18.0278 30.6105 45.0644 14.8661 53.4502 12.083 10.8167 79.3837 23.0217 28.6356 66.3099 90.9152 98.1054 45.3542 36.4966 75.3401 10.0 0.0 50.3289 35.3722 88.6857 31.0644 76.0263 73.8754 106.686 96.2909 42.9418 52.469 45.8803 58.1443 68.2495 50.0813 76.932 48.7656 88.7714 30.8058 
50.0548 57.28 23.6008 72.4485 53.0094 23.0217 73.8551 64.4672 62.2977 59.439 53.7587 85.7105 61.8658 65.2635 46.1736 97.407 85.3756 76.0516 16.2788 58.8218 55.8332 50.3289 0.0 25.0599 76.4853 78.0589 107.077 95.865 92.3472 83.8153 9.21954 84.2931 88.0916 65.3618 109.189 75.1439 101.314 26.0192 97.1765 78.4395 
25.0416 43.5764 26.1725 54.5269 46.0652 25.4951 48.8419 45.5412 37.9671 46.9702 43.0129 61.6762 39.987 39.8328 34.0588 78.0193 68.884 51.0384 10.0499 45.3431 35.5106 35.3722 25.0599 0.0 59.4811 56.4646 83.4666 71.8307 77.1751 68.7968 24.1868 59.2799 66.3455 41.3275 84.1762 50.8131 77.2796 13.6015 77.1144 57.0088 
54.6 94.4012 56.0089 18.3848 103.846 84.9706 50.9608 86.5197 38.4838 98.6162 96.9546 24.0832 70.2462 63.1261 31.0161 28.2843 9.43398 52.6308 68.1542 19.2354 80.083 88.6857 76.4853 59.4811 0.0 84.8646 66.7608 36.6879 18.3848 11.1803 80.6536 55.2281 79.2465 34.176 75.6637 48.8365 36.7696 50.9608 29.0689 86.1626 
38.0526 29.4109 82.0886 66.4831 44.3847 61.1328 34.4819 16.5529 46.4866 31.5753 36.6879 71.3988 18.2483 23.0868 78.0 77.9872 92.6121 33.2866 61.9459 82.8734 23.3452 31.0644 78.0589 56.4646 84.8646 0.0 52.2015 60.8276 101.98 96.0052 73.078 35.3836 17.0294 50.6952 41.1947 38.0132 63.6396 67.7498 75.8222 1.41421 
68.6086 78.2304 97.949 54.5854 93.086 106.091 36.2491 65.4905 45.4533 81.4985 85.0941 43.4626 53.0848 48.6621 81.576 44.0114 69.8713 34.5398 93.2701 77.3552 66.0303 76.0263 107.077 83.4666 66.7608 52.2015 0.0 30.0832 77.2334 75.3127 107.345 25.632 35.8469 44.6205 14.2127 32.249 30.4138 84.4038 42.0 53.4509 
56.0606 78.4612 84.9036 25.6804 91.8443 93.5426 28.8114 67.9559 32.4547 82.4522 84.2047 14.2127 52.0467 45.358 55.0055 17.4929 40.1123 28.8444 81.8767 48.4149 64.291 73.8754 95.865 71.8307 36.6879 60.8276 30.0832 0.0 48.0416 45.3982 96.0172 25.6125 49.7393 31.4319 40.0125 23.8537 3.16228 71.974 15.2643 62.2415 
72.6 112.401 70.406 36.0555 124.82 102.577 67.6338 104.163 56.0803 116.616 117.928 38.6005 87.8893 80.7775 46.1736 33.7343 9.43398 69.1429 85.4225 33.5261 98.083 106.686 92.3472 77.1751 18.3848 101.98 77.2334 48.0416 0.0 8.544 97.3088 70.342 94.9962 51.4782 88.0511 65.1109 47.0106 67.624 35.5106 103.315 
64.5073 104.308 61.9839 29.5466 113.753 94.1541 61.9839 97.6973 49.6588 108.523 106.862 34.1321 81.4238 74.3037 37.6431 33.541 5.83095 63.6003 76.9415 25.0 89.9902 96.2909 83.8153 68.7968 11.1803 96.0052 75.3127 45.3982 8.544 0.0 88.7694 65.8536 90.0342 45.31 85.1469 59.6657 44.911 59.0931 34.9285 97.3088 
48.9198 49.3964 31.1448 76.0728 44.1022 14.0357 72.7201 57.2978 62.1466 51.2445 45.3542 85.8627 57.7891 61.1868 51.4296 102.206 89.8109 74.9166 14.1421 63.9766 50.8969 42.9418 9.21954 24.1868 80.6536 73.078 107.345 96.0172 97.3088 88.7694 0.0 83.1581 84.0149 65.514 102.591 75.4117 101.466 29.7321 101.301 72.9183 
44.4219 56.0446 74.2765 38.0526 70.214 81.9039 10.8167 44.3847 22.8254 59.7746 62.3699 31.7978 29.6142 24.0208 59.9333 43.0116 61.4118 8.94427 69.0835 59.7568 42.5793 52.469 84.2931 59.2799 55.2281 35.3836 25.632 25.6125 70.342 65.8536 83.1581 0.0 24.6982 24.0416 25.0 8.06226 28.3196 60.2601 40.8044 36.7967 
41.7919 45.7056 87.7534 61.4003 60.8276 75.4268 29.0 32.5576 43.0465 48.2597 52.9528 56.4516 26.2488 26.6271 78.8543 67.2309 86.0655 27.0185 72.0303 81.1542 36.6742 45.8803 88.0916 66.3455 79.2465 17.0294 35.8469 49.7393 94.9962 90.0342 84.0149 24.6982 0.0 46.0435 24.1868 30.4138 52.1536 72.991 65.0 18.1108 
27.2187 62.4562 54.4004 15.8114 76.2781 64.7007 17.1172 52.7767 5.0 66.4886 68.7871 21.2774 36.5031 29.4109 37.8855 37.6205 42.0595 19.0263 51.3735 35.8915 48.2663 58.1443 65.3618 41.3275 34.176 50.6952 44.6205 31.4319 51.4782 45.31 65.514 24.0416 46.0435 0.0 48.3011 16.2788 36.8808 41.4708 36.7155 52.0 
57.8079 69.1809 99.1743 60.7006 84.2912 106.8 35.3836 56.0803 47.7074 72.0278 76.3217 51.6236 46.1736 43.382 84.6248 55.9017 80.025 33.2415 93.9797 83.2215 58.4637 68.2495 109.189 84.1762 75.6637 41.1947 14.2127 40.0125 88.0511 85.1469 102.591 25.0 24.1868 48.3011 0.0 33.0151 41.1947 85.1563 53.7587 42.2966 
36.6754 54.626 66.468 31.0644 68.0501 74.1574 5.09902 44.1022 14.7648 58.6003 60.407 28.4583 28.178 21.5407 51.8941 40.6199 55.7876 5.0 61.337 52.1522 40.4969 50.0813 75.1439 50.8131 48.8365 38.0132 32.249 23.8537 65.1109 59.6657 75.4117 8.06226 30.4138 16.2788 33.0151 0.0 26.9258 52.4976 38.4761 39.4081 
63.1708 81.5178 80.542 27.0912 94.9008 100.653 31.868 71.0211 35.5113 85.5088 87.2613 15.6205 55.1033 48.4145 56.4129 15.2315 39.4588 31.9061 87.3256 49.5782 67.3476 76.932 101.314 77.2796 36.7696 63.6396 30.4138 3.16228 47.0106 44.911 101.466 28.3196 52.1536 36.8808 41.1947 26.9258 0.0 77.4229 13.0 65.0538 
31.3847 56.9699 14.7648 46.5669 59.5063 36.1248 49.822 58.0775 39.1152 60.5701 56.6129 57.8706 49.5306 46.5188 22.2036 71.5254 60.0833 52.0185 18.4391 34.4819 48.0416 48.7656 26.0192 13.6015 50.9608 67.7498 84.4038 71.974 67.624 59.0931 29.7321 60.2601 72.991 41.4708 85.1563 52.4976 77.4229 0.0 71.2949 68.3871 
63.0056 93.0834 78.3628 26.4764 106.798 100.297 43.4138 82.5674 41.6133 97.1158 99.4143 17.1172 66.6492 59.9604 54.231 2.23607 29.1548 43.4522 87.1604 45.4863 78.8935 88.7714 97.1765 77.1144 29.0689 75.8222 42.0 15.2643 35.5106 34.9285 101.301 40.8044 65.0 36.7155 53.7587 38.4761 13.0 71.2949 0.0 77.2334 
39.0128 28.7924 82.6408 67.7791 43.6807 60.9731 35.8469 16.1245 47.7598 30.8058 36.0555 72.7389 19.105 24.1868 79.0063 79.3977 93.9415 34.6699 62.3264 84.0119 23.4307 30.8058 78.4395 57.0088 86.1626 1.41421 53.4509 62.2415 103.315 97.3088 72.9183 36.7967 18.1108 52.0 42.2966 39.4081 65.0538 68.3871 77.2334 0.0 
DEMAND_SCENARIO_SECTION
0 0 0 0 0 0 0 0 0 0 0 0 0 0 0 0 0 0 0 0 0 0 0 0 0 0 0 0 0 0 0 0 0 0 0 0 0 0 0 0 0 0 0 0 0 0 0 0 0 0 0 0 0 0 0 0 0 0 0 0 0 0 0 0 0 0 0 0 0 0 0 0 0 0 0 0 0 0 0 0 0 0 0 0 0 0 0 0 0 0 0 0 0 0 0 0 0 0 0 0 0 0 0 0 0 0 0 0 0 0 0 0 0 0 0 0 0 0 0 0 0 0 0 0 0 0 0 0 0 0 0 0 0 0 0 0 0 0 0 0 0 0 0 0 0 0 0 0 0 0 0 0 0 0 0 0 0 0 0 0 0 0 0 0 0 0 0 0 0 0 0 0 0 0 0 0 0 0 0 0 0 0 0 0 0 0 0 0 0 0 0 0 0 0 0 0 0 0 0 0 
3 5 5 7 2 5 3 2 4 4 6 6 6 3 4 6 2 2 4 6 3 4 5 4 4 4 4 3 2 3 4 4 2 6 4 5 3 4 5 4 5 5 5 5 4 5 6 5 4 4 5 4 5 3 4 4 4 5 3 6 6 7 6 5 4 6 5 3 5 3 5 4 5 5 3 3 4 3 4 6 4 2 4 4 5 7 5 2 5 6 5 4 2 4 4 1 3 5 4 6 5 3 7 5 5 5 3 5 4 6 6 3 3 6 6 3 4 4 5 3 7 7 4 4 3 1 3 2 4 4 8 4 6 2 4 4 6 5 5 5 2 3 4 5 7 2 5 2 5 2 4 5 5 5 6 4 4 5 8 3 6 2 4 5 3 4 4 3 6 4 5 6 6 4 5 5 4 4 5 2 5 5 5 5 4 5 6 4 4 4 3 5 3 6 5 5 7 3 5 6 
8 4 5 6 5 8 8 7 7 6 9 3 7 7 5 5 3 4 6 3 4 9 7 7 5 9 7 6 4 5 5 8 9 6 4 8 7 8 5 9 6 5 9 5 6 7 6 6 6 4 3 4 7 9 10 7 7 7 8 7 7 9 4 7 6 6 4 9 8 7 5 11 4 6 3 4 6 7 7 5 4 4 9 3 4 11 9 5 8 8 7 5 5 2 6 8 5 6 10 7 6 2 5 1 4 6 8 5 7 4 1 5 6 9 8 5 7 5 5 6 5 8 5 9 6 8 6 8 5 7 5 8 5 7 10 6 5 4 3 5 5 8 5 6 8 9 6 4 7 6 7 5 5 5 7 5 4 7 5 6 3 5 2 6 6 6 4 5 5 13 5 9 8 8 3 9 4 4 7 6 4 7 5 6 2 5 3 5 5 7 6 3 7 6 5 7 10 7 1 4 
7 9 7 7 7 2 8 1 5 3 5 6 3 6 4 5 7 4 6 6 7 6 6 10 6 7 7 6 4 4 6 6 4 2 5 8 8 3 8 4 8 4 10 5 7 11 6 7 6 6 7 7 8 7 6 9 5 5 8 6 6 7 6 8 7 7 4 5 8 7 3 7 4 6 8 3 5 4 9 7 3 4 8 6 6 7 6 4 3 6 5 6 8 6 4 5 6 6 6 5 6 5 6 9 5 6 4 3 4 6 9 2 6 8 8 8 7 7 6 4 8 6 6 5 7 4 9 7 5 6 7 8 0 5 5 4 9 3 6 5 7 7 8 8 9 3 7 6 5 7 6 1 8 4 7 7 5 4 6 7 8 4 5 8 3 6 4 6 8 6 2 6 6 6 5 7 5 5 5 9 7 3 6 7 7 6 8 4 5 7 2 7 6 3 5 7 5 5 4 5 
10 12 7 6 13 15 13 11 8 8 12 14 8 10 6 10 13 9 9 16 12 9 5 6 12 5 8 14 11 13 1 8 6 14 10 4 8 12 10 9 4 9 12 9 7 13 9 12 12 3 12 3 8 9 4 9 10 12 8 11 11 9 8 9 10 7 5 8 8 14 11 10 13 11 16 4 10 11 8 6 9 14 8 7 8 12 8 13 7 8 7 9 6 3 9 11 4 12 9 12 8 6 5 5 10 11 4 8 14 10 6 9 5 7 8 6 7 11 12 10 13 14 12 14 9 5 7 9 8 9 8 8 13 7 9 5 10 12 10 9 7 10 11 11 8 12 11 8 8 12 7 14 9 8 3 8 7 8 5 10 4 11 7 10 5 11 7 10 11 12 13 10 8 6 7 12 9 7 10 8 8 16 6 6 12 5 9 9 7 7 9 8 8 12 7 9 7 13 11 6 
3 3 1 3 4 3 4 2 4 3 3 1 4 2 3 2 3 3 4 3 3 4 3 5 4 3 3 5 1 3 3 3 3 2 4 5 2 3 3 2 3 1 1 2 2 3 4 1 4 2 3 4 3 3 3 5 1 4 3 4 3 4 3 1 1 3 2 2 3 4 1 4 3 4 4 1 4 4 3 1 4 5 3 3 3 2 5 2 2 3 1 3 4 2 2 3 3 3 5 2 4 4 2 3 3 3 2 3 5 1 3 3 3 3 3 3 4 3 4 5 3 4 2 5 1 2 3 4 3 3 1 3 3 3 3 3 2 3 4 2 2 2 4 5 4 3 3 1 3 3 3 3 1 3 1 3 3 4 3 3 4 4 2 3 3 5 1 3 2 4 4 5 6 2 2 3 3 2 3 3 2 3 3 3 3 3 2 5 4 3 1 3 3 3 4 4 3 4 5 3 
3 6 2 2 4 5 3 5 6 4 5 2 3 3 4 5 1 3 6 3 3 5 6 4 3 4 6 2 4 5 5 4 4 5 3 6 3 4 4 4 6 3 3 4 3 4 5 5 5 3 4 5 5 4 3 6 4 4 6 3 2 4 4 2 4 2 4 3 3 2 3 3 2 5 7 4 5 4 4 5 4 3 4 5 2 2 5 2 3 5 4 2 4 3 2 4 5 4 6 4 3 4 4 4 3 6 4 3 3 4 2 5 4 2 2 3 6 6 3 5 4 2 6 6 5 4 4 2 6 3 3 6 5 6 5 7 5 5 5 4 4 4 3 5 6 3 3 3 6 4 3 2 4 4 4 4 4 3 6 5 5 5 4 4 4 4 4 3 3 4 6 4 2 5 3 4 2 5 4 4 3 2 5 4 3 7 5 6 2 2 3 4 1 6 5 3 2 2 4 5 
5 3 4 3 4 4 3 5 3 6 3 4 5 4 4 3 3 1 5 6 4 4 4 3 3 1 5 4 5 7 4 4 2 4 4 0 6 2 4 2 5 3 2 4 3 5 4 5 5 3 5 4 3 5 4 5 3 4 4 6 5 5 5 3 4 5 4 3 3 3 5 8 4 2 3 5 3 5 4 4 6 6 4 4 5 3 4 3 2 5 4 3 4 3 1 5 4 5 1 5 3 3 7 4 2 6 5 4 3 3 4 4 5 4 5 5 5 3 7 4 5 5 4 3 2 4 6 3 4 2 3 2 3 6 4 4 4 5 7 1 3 4 4 3 4 5 3 3 5 4 4 2 1 3 5 4 5 4 4 4 3 4 4 6 3 3 4 3 4 1 5 6 3 4 3 3 7 5 4 4 2 6 4 5 3 7 4 4 4 2 3 6 3 4 4 3 5 4 2 5 
10 6 12 14 5 7 12 6 9 8 9 11 10 12 12 11 14 7 6 7 11 4 11 12 8 13 11 7 9 14 6 9 11 10 11 8 5 8 11 9 17 11 7 5 7 11 14 12 11 9 12 12 10 13 6 10 12 8 12 11 7 14 4 12 14 5 8 11 7 6 9 9 6 8 9 8 7 10 10 16 13 13 6 10 14 7 11 17 13 13 15 10 10 10 7 10 11 9 10 9 17 5 7 10 8 10 14 7 7 14 10 7 13 14 15 7 5 8 5 10 10 7 12 11 12 11 15 7 5 15 4 7 10 13 7 14 12 13 12 11 6 13 3 13 13 8 12 11 15 12 11 6 8 11 10 13 7 7 11 11 13 13 8 7 0 14 10 15 14 10 7 8 11 6 6 11 17 8 4 10 13 16 9 10 10 11 12 12 8 10 9 7 13 10 8 15 8 5 17 5 
16 7 13 8 11 11 5 5 7 13 8 7 6 3 13 15 6 17 12 14 10 12 12 6 8 13 13 12 16 8 8 8 13 14 10 12 8 11 16 7 13 10 12 9 11 11 10 4 13 11 11 10 11 7 12 11 6 4 4 6 8 13 13 7 12 5 10 10 11 13 10 14 20 9 12 10 14 12 10 12 8 9 10 7 6 11 5 10 9 6 4 2 12 9 8 8 11 15 15 7 4 7 9 9 11 10 8 7 8 10 12 11 18 13 10 11 11 11 7 10 11 10 11 12 9 6 11 11 11 8 13 13 7 11 8 11 13 10 5 13 8 13 6 8 13 15 8 10 6 11 11 13 10 4 9 8 14 11 13 7 10 10 14 13 12 5 12 13 10 13 13 7 11 11 10 11 7 12 4 10 8 9 9 9 6 6 8 12 5 14 10 6 11 6 7 8 8 13 15 9 
15 15 7 6 13 5 14 5 5 11 6 8 3 6 6 10 5 8 13 6 3 13 11 4 8 7 5 13 12 7 9 10 12 12 15 8 9 3 7 8 15 8 12 3 7 10 12 9 7 12 5 6 14 11 5 13 10 14 12 7 11 7 12 16 7 11 1 8 10 9 11 6 6 11 2 4 7 7 11 10 10 8 12 11 15 13 5 11 11 6 13 10 1 9 11 5 6 5 10 8 8 7 10 12 7 9 9 8 8 13 3 15 8 6 13 14 3 14 9 13 15 5 12 3 6 9 10 9 11 4 6 7 9 10 13 19 3 11 10 8 6 8 11 11 3 10 11 7 11 9 11 11 13 11 9 13 5 11 6 11 11 7 7 12 5 4 9 8 10 11 14 11 14 8 17 3 5 7 6 11 7 7 15 5 9 11 9 17 11 11 16 10 14 8 12 4 11 9 8 8 
3 1 4 4 5 3 3 3 3 4 4 5 2 2 2 4 3 3 3 2 2 2 2 3 2 3 3 3 2 1 1 4 5 5 3 3 0 3 4 4 2 3 2 3 2 3 3 3 4 2 3 2 4 3 2 4 2 3 3 3 3 3 2 3 2 3 2 3 3 2 3 2 4 3 3 3 4 3 2 4 3 1 3 0 3 4 3 3 3 3 2 4 4 2 2 4 3 1 4 3 3 3 4 3 3 2 5 4 3 3 1 3 3 4 3 3 4 3 2 4 2 3 4 4 2 4 3 2 1 2 4 3 3 3 4 3 3 4 3 3 4 3 2 3 1 2 2 4 4 3 4 3 3 4 3 1 2 5 4 2 4 3 2 3 2 1 2 3 3 2 3 3 4 4 2 4 2 4 4 4 3 4 3 3 6 5 4 2 4 3 5 3 3 5 3 4 2 2 3 1 
9 13 8 2 12 11 10 13 12 8 9 10 7 18 12 9 14 12 10 10 12 5 8 9 5 8 5 10 15 9 10 8 13 9 2 11 13 10 8 6 10 12 15 15 14 6 7 4 14 17 6 9 11 12 5 9 11 8 12 8 14 18 4 7 10 6 16 7 7 12 6 13 19 9 12 10 13 18 5 12 12 9 14 12 10 9 9 10 11 9 8 16 13 6 11 10 14 11 13 12 12 16 18 9 13 12 9 4 10 19 19 9 9 9 14 2 5 12 9 8 16 14 8 13 18 15 18 9 17 11 7 19 6 12 14 15 9 13 7 8 7 13 11 11 11 8 14 12 18 12 8 5 5 15 10 15 8 10 14 4 9 2 5 12 10 12 6 10 9 10 11 6 8 7 13 11 8 7 10 17 5 9 11 9 12 16 17 8 10 15 10 9 13 13 10 14 11 14 13 11 
7 4 4 3 9 9 8 7 5 6 5 5 7 6 5 8 5 7 6 2 6 6 6 6 7 4 5 8 5 11 5 2 6 5 7 3 5 5 3 6 4 5 0 1 6 4 6 11 8 9 6 6 6 2 10 6 5 7 7 5 5 6 4 7 7 5 5 6 9 7 5 6 6 6 9 5 5 5 5 5 5 7 5 4 4 7 5 7 7 4 7 8 4 5 8 8 6 3 6 9 5 6 5 4 3 8 5 8 8 9 5 5 7 6 2 4 7 5 5 6 7 8 3 7 7 3 3 6 6 4 5 7 5 7 9 5 9 7 8 8 7 7 6 5 0 2 5 6 8 9 5 4 8 6 6 6 1 4 8 6 8 6 7 5 6 9 10 11 4 7 8 3 6 6 6 9 2 7 6 9 6 4 7 6 6 6 4 10 6 4 6 8 3 7 5 5 6 8 5 6 
11 4 5 4 5 5 4 11 8 6 6 6 6 5 4 7 12 6 6 7 7 10 2 7 7 6 7 6 7 5 6 4 9 5 5 5 6 4 7 9 6 8 5 2 5 7 7 7 4 4 6 7 9 8 3 7 4 6 6 5 4 6 8 5 7 3 4 5 7 6 6 5 6 3 5 5 7 10 10 8 3 3 5 9 9 5 5 6 7 7 3 8 8 8 11 6 5 3 7 8 9 10 5 7 7 5 10 6 4 8 6 6 7 6 4 7 5 7 8 6 6 6 4 7 5 7 6 5 6 6 2 6 4 7 4 5 8 8 5 6 5 11 9 7 4 5 10 5 6 6 5 5 5 6 6 5 5 5 7 4 9 9 7 4 4 8 7 7 3 8 6 7 6 5 6 6 8 9 6 6 3 9 3 5 9 6 10 4 6 4 7 6 7 9 5 7 4 5 5 5 
7 7 5 4 7 5 5 6 5 2 6 4 6 4 7 5 4 5 3 8 3 8 5 6 7 4 5 7 6 6 4 7 7 4 5 7 6 3 5 5 3 5 5 4 5 4 5 7 5 6 4 7 4 0 6 2 4 5 6 5 5 3 6 6 4 2 7 8 4 3 2 5 5 5 5 5 6 6 7 4 6 5 6 7 6 6 4 3 4 6 5 6 4 5 3 8 8 8 8 4 5 6 4 4 7 4 5 6 9 5 4 9 5 5 7 6 5 5 3 6 5 4 5 4 5 3 6 5 4 7 4 4 8 4 4 5 7 6 3 5 5 3 5 4 6 7 3 7 6 6 7 9 6 2 4 5 5 2 4 5 4 3 3 3 5 5 3 6 5 5 1 7 8 5 8 7 7 3 6 6 4 7 8 5 4 4 2 3 2 6 5 4 7 6 4 5 6 7 5 4 
1 3 2 1 1 2 2 2 3 1 1 2 2 2 2 1 2 3 2 2 2 2 2 2 2 0 2 2 2 2 1 1 1 2 3 2 2 3 2 3 1 2 1 2 3 3 2 2 3 2 2 3 2 3 2 2 2 2 2 2 2 2 1 3 2 1 3 2 2 2 3 2 2 1 1 2 2 2 1 1 1 2 2 3 1 2 2 1 3 2 2 2 3 2 3 2 1 2 1 3 2 2 3 2 2 1 2 2 1 1 3 2 2 2 3 2 2 4 2 1 3 2 2 2 1 3 2 1 2 1 2 1 0 4 2 3 3 2 1 2 1 2 1 1 1 2 1 2 2 2 2 1 2 2 2 2 2 3 3 3 2 1 2 3 2 2 2 1 1 2 3 1 2 1 1 3 2 2 3 2 2 1 1 0 3 2 3 1 3 3 2 1 1 3 2 1 2 3 2 1 
5 5 6 6 5 5 6 6 8 6 4 6 4 4 5 2 6 6 3 5 4 5 5 5 6 3 4 6 6 3 6 2 6 7 8 4 3 4 6 5 2 4 6 6 7 7 5 3 5 3 7 9 7 5 7 7 7 5 4 3 4 7 2 8 8 7 7 4 4 6 4 5 6 4 4 4 5 8 6 4 6 4 3 4 3 4 4 6 7 3 6 4 6 4 4 3 5 4 1 5 6 5 6 4 1 5 7 6 5 5 5 5 2 6 3 6 9 4 5 6 7 4 6 5 4 4 5 10 6 5 7 6 3 5 7 6 7 5 4 3 7 3 6 6 7 5 5 5 7 5 5 2 5 8 0 2 3 7 5 6 4 6 9 5 4 5 5 5 4 8 7 5 5 7 6 1 5 3 7 4 3 3 6 4 5 7 4 6 7 7 6 0 8 5 7 6 7 6 8 7 
14 11 8 15 6 6 8 4 16 6 16 8 12 5 8 9 11 12 17 13 8 13 12 12 17 10 11 4 10 15 14 17 11 9 12 14 13 9 10 9 7 6 7 14 13 8 6 11 6 13 15 12 14 10 3 13 11 14 7 5 12 12 13 10 13 10 7 13 8 11 5 6 11 6 11 12 8 14 13 9 15 11 10 5 4 10 7 6 10 17 10 6 9 21 15 6 8 4 5 7 11 10 15 8 5 10 6 9 14 13 11 8 11 14 11 15 10 13 8 11 9 8 8 9 8 7 9 11 4 12 4 7 11 12 3 9 13 13 13 9 6 8 6 12 14 10 10 12 8 6 13 11 14 12 10 5 9 12 13 5 5 9 11 7 15 10 8 11 17 14 6 10 13 8 14 5 9 12 13 8 15 11 13 6 11 5 3 10 9 11 8 11 12 4 10 13 14 8 8 17 
4 4 6 3 5 6 6 8 5 5 6 7 5 4 5 7 7 5 7 4 7 5 2 11 5 7 7 10 4 9 8 4 7 7 7 7 8 6 8 7 5 7 4 6 7 6 7 10 6 4 9 8 7 9 3 6 6 9 6 4 6 7 6 6 6 8 2 9 5 3 2 9 5 7 6 5 6 9 7 8 5 5 6 6 8 6 10 4 9 8 5 8 5 7 6 11 8 8 6 8 10 9 7 4 3 8 8 2 6 5 3 8 3 7 8 6 3 5 5 5 5 3 6 5 6 6 5 7 7 6 10 6 5 4 6 5 4 7 4 9 4 4 8 7 5 6 8 8 8 5 7 7 4 3 3 9 6 10 5 6 4 9 9 5 6 4 8 4 6 5 5 9 6 6 3 5 6 5 9 3 9 5 8 3 4 5 7 6 7 7 5 3 6 5 2 8 6 6 8 4 
4 6 8 7 9 5 8 3 5 10 8 6 7 4 6 9 6 6 10 5 8 4 9 9 5 7 7 7 3 11 5 9 10 11 6 4 9 6 10 5 7 8 7 10 10 8 6 8 10 4 6 7 9 5 10 5 2 5 2 7 9 7 9 8 10 7 8 9 6 10 9 10 6 6 6 7 6 4 9 9 4 8 8 7 8 6 11 7 7 10 6 7 4 9 11 6 7 10 12 9 8 12 9 9 10 6 8 6 6 8 9 8 4 8 11 5 8 9 8 10 6 9 4 6 4 10 6 8 7 3 6 4 8 5 7 6 6 9 4 7 1 7 7 7 7 8 8 5 6 9 4 7 9 8 6 5 4 7 5 6 9 1 5 3 9 9 5 5 8 7 8 0 11 11 9 10 7 11 6 8 5 6 5 9 2 5 5 3 10 6 8 7 6 10 7 10 6 10 5 9 
6 4 5 2 4 12 4 4 7 2 8 5 8 3 6 5 10 6 6 7 6 8 9 4 7 4 7 10 6 8 6 7 7 5 7 5 7 6 5 4 6 5 6 7 5 5 3 4 6 6 2 7 6 6 8 7 5 5 4 4 5 3 5 8 7 7 8 7 11 7 6 7 7 4 4 5 3 7 5 5 5 6 8 8 5 3 7 7 8 8 9 4 3 7 6 3 7 5 5 3 7 5 3 7 6 10 7 6 5 9 8 7 6 7 6 4 9 12 7 9 7 8 9 4 4 9 7 6 6 8 7 6 3 6 6 3 3 8 2 7 6 5 7 7 4 6 4 3 2 7 7 5 6 4 5 6 7 6 7 2 7 4 5 6 6 7 5 6 5 4 3 4 5 4 5 6 7 4 7 8 7 9 3 4 0 6 7 5 10 1 8 6 7 7 5 6 4 6 10 3 
4 3 5 5 5 3 5 3 6 2 4 5 4 4 4 4 0 3 4 5 4 5 3 6 4 1 4 2 2 4 3 5 5 4 2 5 3 3 3 4 6 5 1 6 3 4 2 4 4 4 3 3 4 3 2 6 4 5 4 6 4 5 5 4 6 4 2 3 3 5 5 4 5 5 1 5 5 4 2 8 5 2 2 6 3 3 5 5 4 5 4 3 4 5 4 2 5 5 4 4 5 4 6 4 2 2 3 2 6 4 4 5 6 4 4 4 1 3 4 4 2 3 6 6 4 4 4 4 2 4 4 6 6 3 4 2 5 5 5 5 4 5 4 2 5 6 4 6 1 5 5 4 4 4 2 3 4 3 4 3 3 3 5 3 5 4 4 3 5 4 4 5 4 6 5 5 4 4 6 5 5 3 2 2 5 4 3 4 0 3 4 6 4 2 5 4 3 5 3 4 
5 6 7 3 6 3 4 7 3 2 5 6 5 6 3 7 3 6 2 5 6 4 6 5 4 7 2 3 4 6 8 3 5 6 5 3 6 4 3 5 7 6 4 3 6 5 3 7 1 5 5 7 2 4 6 4 5 9 11 2 2 6 1 4 4 5 6 5 6 5 8 4 6 6 5 8 7 5 4 5 5 5 5 4 5 7 8 5 7 7 5 5 7 8 5 7 7 5 7 4 4 9 4 5 6 7 5 4 3 8 6 7 5 5 7 6 5 5 6 5 6 4 4 3 5 5 7 4 6 4 7 7 6 4 6 5 5 6 5 7 4 3 5 7 5 3 5 7 3 2 4 3 5 5 8 5 6 4 3 5 8 6 2 6 5 8 5 7 6 3 4 7 4 4 7 5 4 7 4 8 7 6 6 5 2 5 3 6 6 4 8 3 2 4 3 5 4 7 5 6 
6 6 9 8 1 9 7 11 11 9 7 11 12 16 4 5 11 8 13 10 9 9 11 8 6 7 8 9 9 11 11 8 10 5 13 13 12 5 10 13 11 8 11 2 8 7 10 11 8 8 9 8 7 9 8 4 9 6 8 8 4 7 9 8 12 12 7 6 4 12 9 9 8 9 9 8 7 7 11 5 13 8 8 14 3 7 5 10 12 6 10 10 10 13 9 7 7 12 11 7 11 7 8 11 8 7 7 8 5 5 7 6 11 8 10 11 13 10 10 9 13 8 4 7 11 10 12 10 10 7 6 12 8 9 7 16 9 8 9 14 4 6 12 4 7 13 7 8 8 8 7 5 13 10 10 7 9 5 6 7 9 7 9 11 10 11 4 6 7 13 6 5 10 11 11 8 8 14 12 9 7 14 14 13 10 8 12 11 9 11 11 15 6 12 2 9 8 7 4 5 
1 1 1 1 1 1 1 1 0 1 1 1 1 1 2 1 2 1 1 1 1 1 1 0 1 1 1 1 1 1 1 1 1 1 1 1 1 1 0 1 1 1 0 1 1 2 1 1 1 1 1 2 1 1 1 1 1 1 1 1 1 1 1 1 2 2 1 1 1 0 1 1 1 0 2 1 1 1 1 1 1 1 1 1 1 1 1 1 1 1 0 1 2 1 1 1 1 2 1 1 1 1 1 1 1 1 1 2 2 1 1 2 1 1 1 1 1 1 1 1 1 1 1 1 1 1 1 1 1 1 1 1 1 1 1 1 1 1 1 1 1 1 1 1 2 2 1 1 1 1 1 1 1 1 1 2 1 1 1 1 0 1 2 1 1 1 1 1 1 1 1 1 1 1 1 1 1 1 1 1 1 1 0 1 1 1 0 1 1 1 0 1 2 1 1 1 1 1 1 1 
1 2 2 0 3 2 1 0 1 2 1 3 1 1 1 1 1 3 1 3 1 2 3 2 2 2 4 3 1 3 2 2 3 1 3 2 3 3 2 2 1 3 2 2 2 1 2 1 1 2 3 3 2 3 2 3 2 2 2 3 1 2 2 2 2 2 2 2 2 2 4 1 2 2 3 2 3 1 1 3 2 2 2 2 2 2 1 2 2 2 1 3 2 3 2 1 2 1 3 2 3 2 3 2 2 2 2 2 2 1 1 3 2 2 1 2 3 2 2 2 2 2 2 2 3 2 3 4 4 2 3 2 2 0 2 3 2 3 1 2 3 2 2 2 3 1 3 3 2 3 2 2 2 2 3 2 3 3 2 1 1 2 2 4 1 3 3 3 2 3 1 2 1 1 3 2 2 1 2 2 3 3 2 2 3 1 2 1 2 2 2 2 1 3 3 3 2 3 3 3 
3 3 1 2 2 3 2 3 2 3 4 3 2 2 2 1 2 2 3 3 2 2 2 2 2 2 1 2 0 2 2 2 2 2 1 2 2 1 2 1 2 1 1 2 2 2 2 3 2 2 2 1 1 1 3 1 2 3 2 2 2 2 3 3 3 2 1 1 3 1 1 3 2 3 2 1 3 2 1 3 1 2 1 1 3 3 3 2 2 2 3 2 2 4 2 2 3 2 2 2 1 3 2 2 2 2 2 2 3 1 3 1 2 2 3 1 2 2 3 1 2 2 3 2 3 2 2 2 2 2 2 3 2 3 3 2 3 2 1 1 2 1 2 2 2 2 2 2 2 0 1 1 2 2 2 2 3 1 1 3 1 2 1 1 2 2 2 3 3 1 2 2 1 2 1 2 3 2 2 3 2 2 2 2 2 2 3 1 3 2 2 3 2 2 2 0 1 2 3 2 
2 6 3 4 5 7 4 5 4 5 4 4 4 4 5 3 3 2 5 4 5 4 3 4 2 7 4 4 3 2 3 3 2 5 3 2 3 4 3 3 2 4 6 4 6 6 4 3 6 5 4 4 5 4 5 6 3 5 1 4 4 5 5 4 4 4 3 1 5 5 3 1 4 4 4 6 5 3 4 6 1 5 3 2 5 4 3 4 2 5 4 6 3 3 4 4 4 3 5 6 7 3 6 3 4 6 3 2 4 2 3 6 6 3 2 4 4 4 5 4 3 5 3 3 6 6 4 6 4 4 4 2 5 5 3 6 4 5 5 4 4 6 3 4 5 3 5 3 5 3 5 2 4 6 5 2 7 4 3 3 3 6 5 4 4 3 4 3 5 1 4 4 2 5 5 6 6 5 5 3 3 4 6 6 5 5 6 3 5 5 4 3 2 4 5 5 5 5 3 4 
1 1 1 1 1 2 1 2 2 1 1 1 1 1 1 2 1 2 1 1 1 0 1 1 1 1 1 1 1 1 1 1 1 0 1 1 1 1 1 2 1 1 1 1 1 1 1 1 1 1 1 1 1 1 1 1 1 1 1 1 1 1 0 1 1 1 1 1 1 1 1 1 1 1 1 1 1 1 1 1 1 1 1 1 1 1 2 0 1 1 1 1 1 0 0 1 1 1 1 0 1 1 1 1 1 0 1 1 1 1 1 1 1 1 1 1 1 1 1 1 1 1 1 1 2 0 1 1 1 1 1 1 1 1 2 1 1 1 1 1 1 2 1 1 1 1 1 1 1 1 1 1 1 2 1 1 1 1 1 1 2 1 1 1 1 1 1 1 1 1 1 1 1 1 0 1 1 1 1 1 1 1 1 1 0 1 1 1 1 1 1 1 1 1 1 1 1 1 1 1 
9 6 9 9 12 7 13 9 11 6 8 14 7 11 11 9 12 7 13 7 10 8 9 10 7 9 9 16 6 9 13 8 11 9 8 7 3 12 9 4 17 13 13 8 13 7 6 6 6 13 8 7 11 10 9 7 10 9 2 12 5 6 9 12 10 12 13 14 16 14 11 5 11 12 8 7 9 9 8 13 7 11 13 11 13 8 8 9 9 8 5 11 9 6 10 12 11 13 11 10 12 7 13 10 10 13 11 7 8 11 11 11 14 10 8 10 12 11 5 11 9 10 10 3 11 11 12 11 14 10 8 7 6 13 7 2 10 8 14 10 15 8 18 12 12 15 8 14 16 9 10 10 7 11 4 6 17 11 10 8 9 6 6 9 6 12 14 6 10 7 4 4 8 9 11 8 8 13 6 9 9 13 10 7 18 8 8 4 9 10 12 10 13 12 12 10 4 9 15 14 
9 7 11 12 9 13 5 9 14 11 12 7 11 12 15 11 12 8 12 11 5 12 6 10 10 12 3 5 11 10 10 8 3 9 12 10 10 6 6 4 5 7 12 7 11 11 7 12 12 9 14 9 7 3 10 6 10 11 12 5 7 5 5 8 9 7 7 8 10 12 11 8 8 9 10 5 13 6 7 8 12 6 6 10 7 5 4 13 8 7 13 4 12 9 10 7 11 11 12 7 9 11 7 8 4 10 8 6 12 9 9 10 9 4 12 9 7 7 7 6 15 11 4 10 11 10 9 10 7 4 5 8 6 14 8 9 11 7 7 8 8 11 9 10 11 10 8 3 10 9 13 8 7 9 10 20 5 7 11 7 9 12 5 10 12 9 10 11 9 6 5 6 10 7 8 9 8 13 10 9 5 16 10 6 9 10 12 5 8 14 9 3 7 8 9 8 9 10 2 10 
7 8 9 11 6 12 10 8 9 11 6 2 14 10 9 2 13 7 10 12 11 5 7 4 4 8 11 12 11 6 10 11 8 13 6 10 15 10 9 9 9 10 6 6 7 10 7 11 4 10 8 4 1 16 7 3 11 12 6 10 6 9 7 14 13 11 8 8 9 14 11 6 7 10 11 8 9 13 8 5 5 8 9 6 8 10 9 13 13 13 7 10 11 15 10 5 5 12 10 11 9 10 7 11 10 14 10 7 10 11 10 8 13 3 12 9 12 5 9 10 7 7 9 4 17 7 5 8 11 8 11 7 12 12 9 9 7 8 8 6 9 6 11 9 12 5 6 8 14 14 13 8 8 12 13 7 7 9 10 4 10 9 9 10 14 11 5 6 12 7 10 8 12 14 2 10 8 11 16 12 7 11 7 9 11 8 9 16 6 10 9 5 11 12 7 6 15 9 13 10 
4 3 5 5 6 4 5 4 7 3 9 4 5 3 7 4 3 4 6 5 4 3 5 6 4 5 6 5 5 4 6 5 8 4 4 4 6 2 3 3 2 6 6 4 6 4 8 3 6 4 6 2 5 6 7 5 9 3 5 2 6 5 7 6 5 4 8 6 7 4 6 3 1 4 5 6 1 6 6 1 4 3 4 5 4 3 6 6 3 7 4 5 8 6 5 6 7 2 7 6 6 5 5 5 4 6 9 5 5 5 5 2 4 5 4 7 5 9 4 4 6 4 4 6 6 6 4 3 6 7 4 3 3 7 4 5 2 5 4 9 4 3 5 5 4 7 5 3 4 7 6 6 4 4 5 4 7 6 5 5 7 5 5 7 6 5 5 4 4 4 4 4 4 6 3 5 5 8 7 4 2 5 5 1 5 4 4 3 7 6 4 5 5 3 3 4 3 4 7 5 
4 4 4 7 6 3 6 5 4 4 8 4 6 5 5 6 4 2 6 7 5 5 4 4 7 5 3 6 6 6 4 6 0 4 7 5 2 4 4 5 6 5 3 7 5 4 4 7 4 8 2 5 3 5 3 6 6 5 4 4 5 3 5 4 7 8 5 6 6 3 7 8 3 4 7 2 5 5 6 6 7 7 8 7 3 2 4 3 6 6 4 6 5 3 3 4 8 3 5 5 7 5 4 6 4 8 6 3 5 6 5 5 8 4 5 5 5 6 4 6 6 3 8 4 3 6 6 3 6 5 8 5 3 3 4 8 6 6 3 5 8 4 5 5 4 5 7 7 6 4 8 5 2 6 0 7 3 6 5 5 4 7 4 3 4 6 6 6 2 4 4 2 5 3 3 6 5 3 5 4 3 9 9 0 3 7 4 5 6 2 5 3 6 7 5 6 7 8 2 5 
0 2 1 1 1 1 1 1 1 1 1 2 1 1 1 0 1 1 1 2 1 1 1 1 1 1 1 1 2 1 1 1 1 1 1 1 0 0 1 1 1 1 1 1 1 1 1 0 1 1 1 1 1 1 1 1 2 1 1 1 1 1 0 2 1 1 1 1 1 1 0 1 1 1 1 1 1 1 1 2 1 1 1 1 1 1 1 1 0 1 1 1 1 0 1 1 1 1 1 1 1 1 1 1 1 1 1 1 1 1 0 1 0 1 1 1 1 1 1 1 2 1 1 1 1 1 1 0 1 1 1 1 1 2 1 1 1 1 1 1 1 2 1 1 1 1 1 1 1 1 1 1 0 1 1 1 1 1 1 1 2 1 0 1 1 1 0 1 1 1 0 1 1 1 1 1 1 1 1 1 2 2 1 1 0 1 1 2 0 1 1 1 2 1 1 1 1 1 0 1 
8 7 8 7 9 7 8 6 12 7 12 6 8 7 6 11 7 7 11 11 5 6 5 5 10 7 13 8 10 8 3 10 9 10 8 6 10 8 10 10 14 12 8 6 13 3 7 9 9 8 9 6 10 13 6 8 11 10 8 11 8 7 8 6 11 7 5 7 9 9 6 7 11 11 11 6 8 6 2 10 7 8 12 8 7 12 10 3 8 5 3 7 7 13 9 7 12 5 5 7 3 8 5 6 9 4 4 8 7 4 4 11 8 9 6 11 6 3 5 7 6 8 5 3 4 11 8 5 7 6 11 6 12 9 9 6 10 7 7 6 9 5 8 10 4 3 9 13 7 10 10 7 8 3 6 12 7 15 9 7 4 12 12 10 8 8 6 10 11 10 9 9 8 10 9 12 7 7 8 6 6 10 11 11 2 9 4 8 4 3 8 9 4 10 7 6 8 10 7 6 
5 4 4 4 4 2 3 3 2 2 6 2 4 2 3 6 3 2 3 5 4 3 4 6 4 5 5 5 4 2 7 6 4 3 4 4 4 3 3 7 6 6 3 4 4 5 2 3 6 4 4 4 2 5 4 4 5 4 4 5 4 3 3 2 6 3 5 7 6 4 4 5 5 6 3 5 4 5 5 6 4 5 5 4 3 5 3 4 2 3 6 6 4 3 5 2 3 6 3 3 5 7 5 4 5 2 3 4 4 5 5 4 4 7 2 3 6 4 3 4 4 3 3 2 4 4 5 4 2 4 4 6 3 2 4 4 6 5 6 4 2 3 5 5 5 5 6 4 7 5 5 2 5 3 3 3 5 2 5 4 3 4 5 5 6 1 6 2 4 3 3 4 4 4 4 3 4 6 3 3 2 4 3 3 4 5 3 3 2 4 5 4 4 5 4 4 6 2 6 5 
3 3 2 4 2 2 2 3 1 3 4 2 2 4 1 4 3 4 3 3 3 1 2 4 3 4 3 5 2 2 2 2 3 3 2 4 4 1 1 3 2 2 3 4 4 4 4 1 4 3 3 3 4 3 3 4 4 4 2 3 1 3 5 2 3 4 4 4 1 4 2 5 4 2 3 3 3 3 2 4 3 2 4 3 3 3 3 3 2 2 3 3 4 2 5 4 5 1 4 5 4 4 3 2 2 3 2 3 3 2 4 4 3 3 4 3 2 4 2 1 2 5 3 2 3 1 4 4 1 3 3 4 2 1 3 4 4 4 3 3 5 3 3 3 2 3 3 4 2 1 2 3 2 2 2 1 1 2 4 5 3 3 3 4 2 3 3 2 1 1 3 2 3 2 4 3 2 4 2 2 4 1 1 2 2 3 2 3 2 1 5 5 5 3 3 4 2 3 4 3 
3 2 2 3 2 2 3 2 3 2 1 3 2 2 2 1 1 2 2 3 2 2 2 2 3 3 2 2 2 2 1 2 2 3 3 2 2 2 2 3 2 2 2 2 3 1 2 2 2 2 2 2 3 2 2 2 1 2 2 2 2 2 3 3 2 2 1 2 3 1 1 2 1 2 2 3 2 1 2 3 2 2 1 2 2 2 3 3 3 2 1 2 2 3 2 2 1 3 2 2 2 3 2 1 2 2 3 3 2 3 1 1 3 1 2 2 3 2 2 2 2 2 1 2 2 2 2 2 2 3 1 2 2 3 2 2 3 3 3 2 2 3 3 2 1 3 2 1 3 0 2 2 3 3 2 2 3 2 1 1 2 2 2 1 2 2 2 3 0 2 2 2 1 2 2 2 2 1 2 2 2 3 2 2 1 3 2 2 3 1 2 1 1 2 2 2 1 3 1 2 
DEPOT_SECTION
 1
 -1
EOF
