NAME  : Jabali_40_4_0.80_1_8
TYPE : SVRP
MODEL : FINITE_SUPPORT
NUMBER_OF_SCENARIOS : 200
DIMENSION : 40
EDGE_WEIGHT_TYPE : MATRIX
CAPACITY : 60
N_VEHICLES : 4
NODE_COORD_SECTION
1 3679 3324
2 1302 4968
3 1426 6469
4 2236 7044
5 6295 1063
6 5223 5737
7 6660 4791
8 2919 8088
9 3555 2137
10 1043 5565
11 8031 6347
12 7661 6748
13 6200 1566
14 4225 7213
15 476 6099
16 3334 6150
17 2156 3422
18 6511 1673
19 2412 3618
20 3776 7786
21 5538 6285
22 6350 4714
23 6709 5210
24 5523 18
25 4474 4239
26 2499 497
27 6136 7185
28 1459 2407
29 27 3419
30 6645 7166
31 4664 378
32 5388 4654
33 4300 6545
34 1885 6024
35 5489 3320
36 3251 2389
37 3022 4541
38 2897 8156
39 4561 5246
40 1211 4490
DEMAND_SECTION
1 0.0
2 7.0
3 4.0
4 10.0
5 8.0
6 6.0
7 7.0
8 8.0
9 1.0
10 2.0
11 9.0
12 9.0
13 1.0
14 3.0
15 1.0
16 8.0
17 1.0
18 1.0
19 1.0
20 9.0
21 6.0
22 4.0
23 3.0
24 3.0
25 9.0
26 4.0
27 4.0
28 4.0
29 1.0
30 1.0
31 7.0
32 5.0
33 8.0
34 1.0
35 4.0
36 9.0
37 6.0
38 9.0
39 4.0
40 5.0
DEVIATION_SECTION
1 0.0
2 2.33333
3 1.33333
4 3.33333
5 2.66667
6 2.0
7 2.33333
8 2.66667
9 0.333333
10 0.666667
11 3.0
12 3.0
13 0.333333
14 1.0
15 0.333333
16 2.66667
17 0.333333
18 0.333333
19 0.333333
20 3.0
21 2.0
22 1.33333
23 1.0
24 1.0
25 3.0
26 1.33333
27 1.33333
28 1.33333
29 0.333333
30 0.333333
31 2.33333
32 1.66667
33 2.66667
34 0.333333
35 1.33333
36 3.0
37 2.0
38 3.0
39 1.33333
40 1.66667
DISTANCE_MATRIX
0.0 40.2616 51.614 52.2065 47.7156 42.0251 43.527 64.2973 20.2956 47.1699 77.9565 75.9774 42.9535 54.7094 57.3847 44.1565 21.8403 44.9444 19.2354 60.0606 50.2683 40.1923 55.4745 55.0389 22.0187 44.5439 65.0704 34.0588 51.2445 68.9384 50.9103 35.5281 49.8184 43.6023 23.1948 15.831 18.5018 64.2973 35.5175 38.2099 
40.2616 0.0 20.2237 30.5941 87.2387 53.807 72.9393 47.5395 47.8853 8.60233 93.2094 90.0712 83.034 47.5079 18.4391 37.8904 24.0832 85.0706 23.8537 49.2443 60.3509 69.494 74.1046 88.1255 44.0114 60.7454 71.2986 34.5398 26.9258 77.3767 77.5503 55.7315 43.5523 16.4924 62.5473 43.4166 25.0799 47.5395 43.3343 6.08276 
51.614 20.2237 0.0 13.4536 99.2075 52.0384 74.108 30.0167 62.6406 13.1529 88.7694 83.8153 94.4412 37.5766 13.6015 33.0185 41.6773 96.322 40.2244 35.4683 54.9181 71.2531 74.0068 102.793 50.8176 79.6053 63.6946 54.4059 45.5412 70.0071 93.2553 59.0339 37.6563 8.06226 70.4509 58.176 33.2866 30.0167 44.4072 26.3059 
52.2065 30.5941 13.4536 0.0 99.6951 43.7379 66.4906 17.088 65.3683 25.4951 77.9295 72.5672 93.8797 25.7099 26.9072 26.1246 47.5395 94.7017 45.2217 22.2036 45.0 64.1431 65.6201 107.123 52.931 85.3815 51.923 62.3939 57.28 58.2409 95.983 53.3662 28.1603 14.1421 67.5826 60.9036 33.8378 17.088 38.5094 36.3456 
47.7156 87.2387 99.2075 99.6951 0.0 64.0078 50.8035 107.322 39.5601 94.8684 76.0592 79.0569 6.32456 86.3033 105.096 85.5981 64.56 8.06226 63.5772 96.1894 70.2638 49.4773 55.7315 17.8885 51.0595 49.98 81.6088 67.0298 90.4499 82.0 23.8537 49.7393 78.8633 91.1959 32.45 43.9659 66.0954 107.322 61.8466 83.8248 
42.0251 53.807 52.0384 43.7379 64.0078 0.0 22.8035 44.1022 56.7568 56.2321 39.4462 36.2353 57.8014 22.8035 64.064 31.02 51.196 57.6888 47.7394 32.6497 8.24621 20.6155 22.0227 75.5844 21.5979 80.3442 23.0868 66.1734 76.4505 27.2947 70.0858 14.3178 15.8114 45.6974 31.7805 52.2922 37.1913 44.1022 11.3137 55.722 
43.527 72.9393 74.108 66.4906 50.8035 22.8035 0.0 66.1891 62.5223 76.531 28.6356 29.6142 44.5533 44.7214 85.0941 53.2652 62.099 43.1741 58.7167 54.2033 24.4131 3.60555 5.0 66.0076 30.8869 78.2814 31.7648 76.581 90.7855 31.3209 63.9531 17.4642 38.6005 67.0 24.6982 58.0576 48.0891 66.1891 30.0666 73.3763 
64.2973 47.5395 30.0167 17.088 107.322 44.1022 66.1891 0.0 77.8206 42.5441 71.1126 65.0077 100.649 21.4709 42.8019 33.7308 62.2896 101.609 59.5399 12.3693 42.1545 64.4981 64.0781 118.066 60.5648 99.2603 44.0454 78.0064 74.3303 50.0 111.879 57.7217 29.0689 31.0483 74.9325 73.3559 46.002 0.0 46.1156 53.1507 
20.2956 47.8853 62.6406 65.3683 39.5601 56.7568 62.5223 77.8206 0.0 55.7819 92.6882 90.7091 36.3456 69.4411 66.054 57.6798 25.0 39.1152 24.1661 73.5839 65.0 59.1875 66.732 40.3925 36.7504 36.74 79.8021 30.3645 52.0384 83.6701 30.6948 50.2599 64.5501 54.9834 27.8944 4.47214 31.8363 77.8206 50.2493 44.3847 
47.1699 8.60233 13.1529 25.4951 94.8684 56.2321 76.531 42.5441 55.7819 0.0 94.8284 90.3832 90.11 46.2277 10.2956 38.2025 32.5269 92.1141 32.0156 46.2277 60.663 73.3348 77.2787 96.0917 49.366 69.3397 71.3442 42.9535 32.3883 77.5242 86.394 60.0337 43.8292 12.7279 68.4937 51.3172 30.4138 42.5441 46.5296 14.3178 
77.9565 93.2094 88.7694 77.9295 76.0592 39.4462 28.6356 71.1126 92.6882 94.8284 0.0 6.7082 70.1783 52.345 101.533 68.6259 87.1276 68.0294 83.6709 59.0085 34.176 31.7648 24.1868 92.6553 56.5862 106.896 27.074 102.369 115.249 21.3776 91.9239 43.2782 51.2445 83.1685 53.3104 88.2235 76.5938 71.1126 50.4777 95.1244 
75.9774 90.0712 83.8153 72.5672 79.0569 36.2353 29.6142 65.0077 90.7091 90.3832 6.7082 0.0 73.0068 46.8722 96.7988 64.1808 85.1483 71.1126 81.6916 53.0377 30.0167 32.28 24.7386 95.1315 55.0 107.613 21.0238 100.39 112.679 15.0333 93.5575 42.19 46.6154 78.5493 54.1202 86.2444 73.4201 65.0077 47.5079 91.8464 
42.9535 83.034 94.4412 93.8797 6.32456 57.8014 44.5533 100.649 36.3456 90.11 70.1783 73.0068 0.0 80.1259 100.337 79.7202 61.1882 3.60555 60.0261 90.012 63.9766 43.1741 49.4975 22.8035 45.2441 50.5371 75.2861 65.1232 88.0511 75.71 26.1725 43.566 72.6859 86.4296 26.4008 40.6079 61.3291 100.649 55.9732 80.2737 
54.7094 47.5079 37.5766 25.7099 86.3033 22.8035 44.7214 21.4709 69.4411 46.2277 52.345 46.8722 80.1259 0.0 51.0 22.5529 54.0369 80.0998 50.8009 9.89949 20.8806 43.0465 42.72 97.6343 43.1046 89.7803 26.2488 70.7059 73.4983 32.573 92.0677 36.564 9.48683 33.6006 53.9765 64.9765 36.4141 21.4709 32.5711 51.614 
57.3847 18.4391 13.6015 26.9072 105.096 64.064 85.0941 42.8019 66.054 10.2956 101.533 96.7988 100.337 51.0 0.0 45.0512 42.5206 102.318 42.2019 49.0408 67.4463 82.0244 85.4751 106.358 59.0339 78.6003 76.9675 51.6236 37.2156 83.2586 95.8853 69.0652 50.2892 18.4391 78.3593 61.5894 40.2616 42.8019 55.0364 23.4307 
44.1565 37.8904 33.0185 26.1246 85.5981 31.02 53.2652 33.7308 57.6798 38.2025 68.6259 64.1808 79.7202 22.5529 45.0512 0.0 43.484 80.3494 40.248 28.0 34.4605 50.5533 41.0 96.3347 38.834 79.2273 45.4081 60.1529 63.2014 51.4863 90.1482 39.2415 17.6619 26.6155 53.4856 53.2151 25.8612 33.7308 24.3848 41.4683 
21.8403 24.0832 41.6773 47.5395 64.56 51.196 62.099 62.2896 25.0 32.5269 87.1276 85.1483 61.1882 54.0369 42.5206 43.484 0.0 63.7887 3.60555 59.3043 59.4392 58.5108 64.6767 64.748 31.2209 38.0789 76.8921 16.7631 29.4109 78.1092 53.8048 44.7303 49.1459 34.9285 44.911 20.6155 19.3132 62.2896 44.6884 19.7231 
44.9444 85.0706 96.322 94.7017 8.06226 57.6888 43.1741 101.609 39.1152 92.1141 68.0294 71.1126 3.60555 80.0998 102.318 80.3494 63.7887 0.0 62.5905 89.9859 63.5295 42.0595 48.0521 25.632 46.0661 54.1202 74.3303 68.2642 91.0055 74.4648 29.6985 43.6005 72.6598 88.3104 26.8701 43.2897 63.2099 101.609 56.5685 82.5695 
19.2354 23.8537 40.2244 45.2217 63.5772 47.7394 58.7167 59.5399 24.1661 32.0156 83.6709 81.6916 60.0261 50.8009 42.2019 40.248 3.60555 62.5905 0.0 56.1427 55.9826 55.1285 61.2944 64.3013 27.8386 40.1622 73.6561 20.2485 32.311 79.7342 54.6037 41.3401 45.9099 33.121 42.4264 19.6977 15.8114 59.5399 41.2318 20.2485 
60.0606 49.2443 35.4683 22.2036 96.1894 32.6497 54.2033 12.3693 73.5839 46.2277 59.0085 53.0377 90.012 9.89949 49.0408 28.0 59.3043 89.9859 56.1427 0.0 29.9666 52.6972 51.8941 108.14 52.9907 95.1315 32.0156 75.8024 76.0263 38.1182 101.954 46.4501 18.868 33.6006 63.8626 69.1192 41.7653 12.3693 42.4571 54.1295 
50.2683 60.3509 54.9181 45.0 70.2638 8.24621 24.4131 42.1545 65.0 60.663 34.176 30.0167 63.9766 20.8806 67.4463 34.4605 59.4392 63.5295 55.9826 29.9666 0.0 23.3452 21.9317 82.7103 29.8411 88.5874 14.8661 74.4166 84.5231 19.4165 77.5242 21.3776 17.2627 49.0408 38.6005 60.5354 45.2639 42.1545 19.3863 63.6902 
40.1923 69.494 71.2531 64.1431 49.4773 20.6155 3.60555 64.4981 59.1875 73.3348 31.7648 32.28 43.1741 43.0465 82.0244 50.5533 58.5108 42.0595 55.1285 52.6972 23.3452 0.0 7.61577 64.1249 27.2947 75.3525 32.311 73.2462 87.2067 32.5576 61.5224 13.9284 36.4005 64.0312 21.8403 54.7228 44.643 64.4981 27.0 69.9214 
55.4745 74.1046 74.0068 65.6201 55.7315 22.0227 5.0 64.0781 66.732 77.2787 24.1868 24.7386 49.4975 42.72 85.4751 41.0 64.6767 48.0521 61.2944 51.8941 21.9317 7.61577 0.0 71.007 33.6006 82.9513 27.4591 79.8873 93.1504 26.5707 68.884 20.0 37.4833 67.1863 29.4109 62.2673 50.0183 64.0781 30.8058 75.3055 
55.0389 88.1255 102.793 107.123 17.8885 75.5844 66.0076 118.066 40.3925 96.0917 92.6553 95.1315 22.8035 97.6343 106.358 96.3347 64.748 25.632 64.3013 108.14 82.7103 64.1249 71.007 0.0 61.796 39.0128 95.352 61.6847 85.7263 96.5194 12.3693 61.4003 90.1943 95.1358 44.1475 44.7909 71.9887 118.066 71.9673 84.3841 
22.0187 44.0114 50.8176 52.931 51.0595 21.5979 30.8869 60.5648 36.7504 49.366 56.5862 55.0 45.2441 43.1046 59.0339 38.834 31.2209 46.0661 27.8386 52.9907 29.8411 27.2947 33.6006 61.796 0.0 60.9987 44.6432 46.4316 59.9333 48.4665 55.6096 13.6015 35.6646 42.7845 19.6977 32.2858 19.0263 60.5648 15.0904 43.566 
44.5439 60.7454 79.6053 85.3815 49.98 80.3442 78.2814 99.2603 36.74 69.3397 106.896 107.613 50.5371 89.7803 78.6003 79.2273 38.0789 54.1202 40.1622 95.1315 88.5874 75.3525 82.9513 39.0128 60.9987 0.0 103.389 27.5862 50.2494 107.257 27.2947 74.5081 84.8892 73.0068 53.5862 34.7577 53.7516 99.2603 73.8366 55.2178 
65.0704 71.2986 63.6946 51.923 81.6088 23.0868 31.7648 44.0454 79.8021 71.3442 27.074 21.0238 75.2861 26.2488 76.9675 45.4081 76.8921 74.3303 73.6561 32.0156 14.8661 32.311 27.4591 95.352 44.6432 103.389 0.0 89.2187 96.6095 6.32456 91.0879 35.0143 27.8029 59.0593 51.3517 75.3374 59.2693 44.0454 34.2511 74.8764 
34.0588 34.5398 54.4059 62.3939 67.0298 66.1734 76.581 78.0064 30.3645 42.9535 102.369 100.39 65.1232 70.7059 51.6236 60.1529 16.7631 68.2642 20.2485 75.8024 74.4166 73.2462 79.8873 61.6847 46.4316 27.5862 89.2187 0.0 24.0416 93.0866 49.3356 59.941 65.8149 48.8365 55.4292 27.313 36.0555 78.0064 59.6658 28.6356 
51.2445 26.9258 45.5412 57.28 90.4499 76.4505 90.7855 74.3303 52.0384 32.3883 115.249 112.679 88.0511 73.4983 37.2156 63.2014 29.4109 91.0055 32.311 76.0263 84.5231 87.2067 93.1504 85.7263 59.9333 50.2494 96.6095 24.0416 0.0 104.607 73.3757 73.3553 68.8633 43.3244 74.2159 48.1664 44.2041 74.3303 65.8922 21.9545 
68.9384 77.3767 70.0071 58.2409 82.0 27.2947 31.3209 50.0 83.6701 77.5242 21.3776 15.0333 75.71 32.573 83.2586 51.4863 78.1092 74.4648 79.7342 38.1182 19.4165 32.5576 26.5707 96.5194 48.4665 107.257 6.32456 93.0866 104.607 0.0 93.0215 37.6563 33.8378 65.2993 53.0 79.2054 65.3474 50.0 38.5526 80.9546 
50.9103 77.5503 93.2553 95.983 23.8537 70.0858 63.9531 111.879 30.6948 86.394 91.9239 93.5575 26.1725 92.0677 95.8853 90.1482 53.8048 29.6985 54.6037 101.954 77.5242 61.5224 68.884 12.3693 55.6096 27.2947 91.0879 49.3356 73.3757 93.0215 0.0 56.2228 84.6277 85.5981 40.05 35.0932 62.4509 111.879 66.4006 72.5738 
35.5281 55.7315 59.0339 53.3662 49.7393 14.3178 17.4642 57.7217 50.2599 60.0337 43.2782 42.19 43.566 36.564 69.0652 39.2415 44.7303 43.6005 41.3401 46.4501 21.3776 13.9284 20.0 61.4003 13.6015 74.5081 35.0143 59.941 73.3553 37.6563 56.2228 0.0 29.124 51.4782 17.4642 45.7952 30.8058 57.7217 14.8661 56.0446 
49.8184 43.5523 37.6563 28.1603 78.8633 15.8114 38.6005 29.0689 64.5501 43.8292 51.2445 46.6154 72.6859 9.48683 50.2892 17.6619 49.1459 72.6598 45.9099 18.868 17.2627 36.4005 37.4833 90.1943 35.6646 84.8892 27.8029 65.8149 68.8633 33.8378 84.6277 29.124 0.0 31.9531 46.5365 60.0854 31.5231 29.0689 25.131 47.1302 
43.6023 16.4924 8.06226 14.1421 91.1959 45.6974 67.0 31.0483 54.9834 12.7279 83.1685 78.5493 86.4296 33.6006 18.4391 26.6155 34.9285 88.3104 33.121 33.6006 49.0408 64.0312 67.1863 95.1358 42.7845 73.0068 59.0593 48.8365 43.3244 65.2993 85.5981 51.4782 31.9531 0.0 62.4177 50.5188 25.2389 31.0483 37.054 22.2036 
23.1948 62.5473 70.4509 67.5826 32.45 31.7805 24.6982 74.9325 27.8944 68.4937 53.3104 54.1202 26.4008 53.9765 78.3593 53.4856 44.911 26.8701 42.4264 63.8626 38.6005 21.8403 29.4109 44.1475 19.6977 53.5862 51.3517 55.4292 74.2159 53.0 40.05 17.4642 46.5365 62.4177 0.0 36.8471 38.1051 74.9325 29.6985 61.0082 
15.831 43.4166 58.176 60.9036 43.9659 52.2922 58.0576 73.3559 4.47214 51.3172 88.2235 86.2444 40.6079 64.9765 61.5894 53.2151 20.6155 43.2897 19.6977 69.1192 60.5354 54.7228 62.2673 44.7909 32.2858 34.7577 75.3374 27.313 48.1664 79.2054 35.0932 45.7952 60.0854 50.5188 36.8471 0.0 27.3716 73.3559 45.7846 39.9249 
18.5018 25.0799 33.2866 33.8378 66.0954 37.1913 48.0891 46.002 31.8363 30.4138 76.5938 73.4201 61.3291 36.4141 40.2616 25.8612 19.3132 63.2099 15.8114 41.7653 45.2639 44.643 50.0183 71.9887 19.0263 53.7516 59.2693 36.0555 44.2041 65.3474 62.4509 30.8058 31.5231 25.2389 38.1051 27.3716 0.0 46.002 26.6331 25.2982 
64.2973 47.5395 30.0167 17.088 107.322 44.1022 66.1891 0.0 77.8206 42.5441 71.1126 65.0077 100.649 21.4709 42.8019 33.7308 62.2896 101.609 59.5399 12.3693 42.1545 64.4981 64.0781 118.066 60.5648 99.2603 44.0454 78.0064 74.3303 50.0 111.879 57.7217 29.0689 31.0483 74.9325 73.3559 46.002 0.0 46.1156 53.1507 
35.5175 43.3343 44.4072 38.5094 61.8466 11.3137 30.0666 46.1156 50.2493 46.5296 50.4777 47.5079 55.9732 32.5711 55.0364 24.3848 44.6884 56.5685 41.2318 42.4571 19.3863 27.0 30.8058 71.9673 15.0904 73.8366 34.2511 59.6658 65.8922 38.5526 66.4006 14.8661 25.131 37.054 29.6985 45.7846 26.6331 46.1156 0.0 45.1637 
38.2099 6.08276 26.3059 36.3456 83.8248 55.722 73.3763 53.1507 44.3847 14.3178 95.1244 91.8464 80.2737 51.614 23.4307 41.4683 19.7231 82.5695 20.2485 54.1295 63.6902 69.9214 75.3055 84.3841 43.566 55.2178 74.8764 28.6356 21.9545 80.9546 72.5738 56.0446 47.1302 22.2036 61.0082 39.9249 25.2982 53.1507 45.1637 0.0 
DEMAND_SCENARIO_SECTION
0 0 0 0 0 0 0 0 0 0 0 0 0 0 0 0 0 0 0 0 0 0 0 0 0 0 0 0 0 0 0 0 0 0 0 0 0 0 0 0 0 0 0 0 0 0 0 0 0 0 0 0 0 0 0 0 0 0 0 0 0 0 0 0 0 0 0 0 0 0 0 0 0 0 0 0 0 0 0 0 0 0 0 0 0 0 0 0 0 0 0 0 0 0 0 0 0 0 0 0 0 0 0 0 0 0 0 0 0 0 0 0 0 0 0 0 0 0 0 0 0 0 0 0 0 0 0 0 0 0 0 0 0 0 0 0 0 0 0 0 0 0 0 0 0 0 0 0 0 0 0 0 0 0 0 0 0 0 0 0 0 0 0 0 0 0 0 0 0 0 0 0 0 0 0 0 0 0 0 0 0 0 0 0 0 0 0 0 0 0 0 0 0 0 0 0 0 0 0 0 
3 10 4 9 9 3 6 12 6 6 5 7 9 6 10 8 6 13 8 2 8 7 9 9 8 8 1 7 8 7 11 7 4 4 9 11 6 1 11 3 14 6 8 6 7 6 7 7 4 5 10 3 2 5 6 5 8 9 7 10 8 10 8 6 5 3 5 8 6 8 11 7 9 5 7 13 6 8 5 8 10 11 4 6 7 9 9 9 8 11 9 7 10 10 6 5 4 9 10 6 10 10 10 13 7 7 1 10 6 13 8 7 8 7 6 3 8 8 3 7 7 8 6 6 9 14 8 9 7 2 5 8 6 7 5 13 9 6 10 5 8 6 8 7 10 11 10 5 9 7 8 12 11 8 6 6 10 7 7 10 9 12 7 11 3 5 9 7 4 9 5 11 6 6 5 7 5 4 5 5 5 4 7 11 8 10 8 9 7 8 10 7 7 11 3 11 9 8 4 8 
5 2 4 4 6 4 5 5 4 5 6 3 6 5 5 4 4 4 4 3 1 1 2 5 3 3 4 0 2 5 4 5 3 5 3 4 5 4 3 4 4 5 3 5 1 6 4 6 4 5 4 3 5 7 4 5 3 3 5 3 4 4 5 5 7 3 4 6 4 3 4 5 4 4 4 7 5 2 6 2 4 3 4 5 4 5 4 5 3 3 4 4 3 5 6 5 3 3 1 3 5 4 3 5 4 5 5 5 6 4 3 4 4 1 4 5 6 5 2 3 3 3 6 4 3 3 4 4 4 3 4 3 4 2 4 5 6 3 4 6 4 2 2 5 3 4 3 4 3 5 4 3 4 5 4 5 5 5 5 4 4 5 4 3 4 1 3 4 3 5 3 5 4 4 3 3 2 5 4 5 6 4 4 3 6 6 1 4 2 4 4 4 3 4 6 5 5 4 4 5 
15 9 2 12 11 6 12 11 11 12 11 9 9 9 11 13 10 10 11 13 13 8 14 11 8 8 6 8 10 11 14 8 14 15 8 9 10 13 12 17 8 12 8 9 9 10 10 9 4 8 7 10 6 9 7 5 7 5 17 0 8 15 10 11 8 13 6 11 12 3 9 8 8 7 7 11 9 5 14 7 17 6 12 7 7 8 14 8 9 7 9 5 10 7 8 12 5 15 8 13 16 7 10 3 16 10 9 18 6 3 12 7 16 8 9 4 12 15 13 10 12 10 13 9 14 15 9 11 9 13 7 5 12 11 5 13 19 6 8 8 12 5 10 11 7 16 9 10 12 14 14 6 6 10 13 7 12 9 11 8 7 12 10 6 11 13 11 8 11 9 8 11 15 11 13 5 13 9 15 5 20 8 11 6 10 11 11 6 8 14 12 10 8 13 10 9 10 13 2 9 
11 9 11 8 5 5 11 10 8 11 7 9 7 7 9 10 10 14 13 8 5 8 6 9 8 8 12 9 8 13 9 9 5 7 7 7 5 12 10 13 8 5 7 8 7 12 11 6 8 15 5 13 8 11 7 4 3 8 9 10 8 15 6 7 7 12 8 14 12 6 6 8 8 7 5 5 7 11 11 8 3 9 8 9 9 11 9 10 9 4 15 8 9 9 6 9 10 10 10 6 9 8 9 8 6 8 6 6 6 9 6 11 12 9 10 8 10 11 6 7 8 7 8 7 8 4 10 10 10 10 7 2 8 7 10 6 3 8 5 9 9 8 11 12 11 7 9 9 6 9 10 15 7 4 11 5 9 8 4 7 6 3 11 7 8 8 8 9 9 11 9 9 6 9 6 7 10 8 7 8 8 5 5 11 4 11 9 8 7 4 5 8 6 8 9 10 12 2 8 9 
9 8 6 6 8 7 7 7 6 3 6 4 4 4 7 5 8 10 7 8 4 10 7 4 9 6 7 4 7 7 6 3 5 6 8 4 8 1 9 7 6 6 6 6 5 7 9 8 7 8 4 8 6 7 6 4 7 6 7 8 7 4 4 7 6 8 8 7 3 6 8 4 6 7 4 9 10 5 4 2 7 3 6 4 6 7 5 3 7 7 7 8 8 7 6 3 8 7 4 7 8 5 8 8 4 6 5 7 3 6 7 9 7 6 8 8 7 6 7 8 6 7 4 4 4 6 4 7 5 5 4 5 7 5 7 7 7 6 6 6 9 6 7 6 5 9 7 7 4 6 5 5 5 7 4 7 6 6 6 9 10 4 8 9 4 5 7 6 9 6 6 5 5 6 9 6 7 4 7 7 3 3 4 3 7 9 7 3 5 7 9 7 6 7 7 9 4 7 5 6 
10 15 3 5 5 4 8 4 7 8 5 9 10 10 10 9 4 8 3 8 4 7 7 7 8 5 7 8 7 7 5 6 5 11 9 6 8 6 6 6 4 7 6 10 8 6 8 7 2 10 10 5 13 8 4 7 6 8 5 7 4 6 7 7 10 10 9 6 9 8 3 8 8 7 12 10 3 10 8 11 6 9 7 5 6 6 7 5 8 3 2 8 8 7 7 9 7 6 9 9 8 8 4 7 12 7 4 8 7 3 7 6 9 8 4 7 12 9 4 7 9 6 8 8 8 8 9 4 7 4 10 5 3 3 5 5 8 7 6 9 7 8 7 9 4 12 8 11 7 6 4 2 8 6 6 2 3 9 9 7 8 6 7 9 6 10 8 11 6 7 7 6 2 7 3 3 7 6 5 4 2 7 9 5 10 9 12 7 7 7 9 6 5 7 6 4 5 9 10 8 
4 16 10 8 8 11 9 13 12 12 8 6 14 11 5 8 8 8 9 10 8 10 10 6 6 8 8 11 10 5 9 9 11 12 9 5 6 4 7 9 8 3 7 5 3 5 11 6 8 10 8 6 8 11 7 5 5 12 6 7 7 14 10 11 8 7 7 7 13 7 11 1 7 15 10 10 11 8 10 9 9 9 6 3 12 13 8 8 10 6 11 7 5 7 13 10 8 7 2 8 10 8 5 9 13 8 14 6 7 7 14 9 11 8 5 5 10 6 4 8 12 9 9 3 10 6 14 6 7 6 10 10 5 3 9 4 7 9 8 14 17 11 6 7 9 6 11 7 0 7 3 7 7 2 6 8 7 9 7 2 7 12 6 5 8 10 9 15 4 10 9 6 8 13 10 1 11 9 4 8 9 5 2 6 7 9 6 12 5 6 5 10 5 4 11 7 7 8 2 11 
0 1 1 1 1 1 0 1 1 1 1 1 1 1 1 1 1 1 1 2 1 1 1 1 1 1 1 1 1 0 1 1 1 1 1 1 1 1 1 1 1 1 1 1 1 1 1 1 1 1 1 1 1 1 1 0 1 1 1 1 1 1 1 1 1 1 1 1 1 0 1 1 2 0 1 1 1 1 1 1 1 1 1 1 1 1 1 1 1 1 1 1 1 1 0 1 2 1 1 1 1 1 1 1 1 2 1 1 1 1 0 1 1 1 1 0 1 1 1 1 1 1 1 1 1 1 1 1 1 1 1 1 1 1 1 1 1 1 1 1 1 1 1 1 1 0 1 1 1 1 1 1 1 1 1 1 1 1 0 1 1 1 1 1 1 2 1 1 1 1 1 1 2 1 1 1 0 1 1 1 1 0 1 1 1 1 1 1 1 1 1 1 1 1 1 1 1 1 1 2 
2 2 2 3 1 1 3 1 3 4 3 3 1 2 3 2 2 2 3 2 3 2 2 3 2 1 2 1 2 1 2 2 2 1 2 2 1 2 1 2 2 2 3 2 1 3 2 3 1 1 2 3 2 2 3 1 2 2 2 2 1 2 1 3 2 3 2 2 3 3 3 3 0 2 3 3 1 2 1 2 3 1 1 2 2 3 1 3 2 1 2 1 1 2 1 3 2 2 2 2 3 2 2 2 2 1 2 2 3 2 3 2 2 2 2 1 3 1 2 0 2 3 1 2 2 3 1 2 1 1 1 2 2 2 1 2 2 2 3 2 1 1 2 1 3 0 2 3 1 1 2 2 2 3 2 3 3 2 2 2 1 2 1 2 2 3 3 2 3 3 2 3 2 2 2 2 1 2 2 2 2 3 2 0 2 2 1 2 2 3 2 2 2 2 2 2 2 2 2 2 
5 8 9 15 6 9 12 13 9 16 11 8 13 12 13 6 9 11 10 11 9 9 9 8 9 9 3 7 5 6 12 12 8 8 6 3 9 12 6 8 12 10 10 11 9 12 6 2 11 3 9 4 3 12 2 5 10 12 6 13 14 12 6 10 9 12 10 9 11 13 7 9 9 8 7 9 5 9 7 10 8 12 9 7 8 12 4 11 14 14 11 11 11 9 6 10 16 5 5 9 11 6 8 11 6 13 6 11 8 15 8 11 8 9 9 8 11 4 5 14 11 11 9 12 8 9 10 9 13 11 8 13 10 7 16 15 5 13 11 10 7 8 10 4 8 9 14 11 5 8 8 7 11 6 8 10 9 12 9 16 10 8 7 4 6 13 7 6 4 6 14 14 3 10 6 12 7 5 9 7 8 9 7 12 7 6 6 9 15 10 10 8 5 7 6 5 9 10 5 11 
7 14 9 9 8 10 9 6 10 11 8 9 8 18 10 12 4 8 13 10 10 10 16 5 9 15 7 9 6 9 8 9 12 10 10 11 10 10 13 11 17 13 10 12 10 13 13 12 8 9 10 13 11 7 11 11 9 10 10 17 14 10 4 9 12 7 11 10 6 10 10 14 10 7 10 10 13 8 12 13 12 6 9 6 12 8 7 10 10 10 12 5 8 4 8 8 12 13 12 13 9 7 10 10 6 12 10 8 13 7 13 9 9 14 11 12 8 9 7 7 8 10 10 10 7 16 9 11 8 8 8 12 4 14 4 14 9 13 7 11 6 5 12 11 10 7 12 14 0 12 11 7 8 8 6 4 8 9 10 9 4 5 10 4 11 11 5 4 5 14 10 15 14 6 9 11 9 13 11 8 13 6 9 7 10 13 2 5 11 14 8 4 9 10 10 12 11 14 6 4 
2 1 1 1 1 2 1 1 1 1 1 1 1 2 1 1 1 0 1 1 1 1 0 0 1 1 1 1 0 1 1 1 0 1 1 2 1 1 1 1 1 1 0 1 2 1 1 1 1 1 1 1 1 1 1 1 1 1 1 1 1 1 1 1 1 1 1 1 1 1 1 1 2 0 1 1 1 1 1 1 1 1 1 1 1 2 1 1 1 2 0 1 1 1 1 1 1 1 1 1 1 1 1 1 1 1 1 1 1 1 1 1 1 1 1 1 1 1 1 0 1 1 1 1 0 1 1 1 1 1 1 1 1 0 1 1 1 1 1 1 2 1 1 1 1 1 1 1 1 2 1 2 1 1 1 1 1 1 1 0 0 1 1 1 1 1 1 1 1 1 1 1 1 1 1 1 1 1 1 0 2 2 1 1 1 1 1 1 2 1 1 1 0 1 1 0 1 1 1 2 
3 2 4 4 3 2 1 2 2 2 4 2 3 4 4 4 1 3 3 2 2 4 4 3 3 5 3 3 3 2 2 1 2 3 3 3 4 2 4 2 3 4 4 3 4 2 3 3 4 2 4 3 5 3 2 4 3 3 3 4 4 2 2 2 3 2 3 2 2 5 5 3 3 4 5 5 3 2 3 2 4 3 1 3 2 3 3 4 3 4 3 5 3 1 6 1 5 4 2 4 4 5 4 3 3 3 3 3 3 2 3 4 4 2 2 3 2 2 2 4 4 3 3 4 3 3 2 2 3 3 2 4 3 3 2 3 2 3 3 4 1 5 5 2 2 3 2 4 2 4 4 3 3 2 3 4 3 2 3 2 4 4 1 3 5 3 5 3 3 2 4 3 3 2 4 4 4 3 3 2 3 3 4 4 3 3 3 3 3 3 4 4 2 3 1 2 2 4 3 3 
1 0 1 1 1 1 0 1 1 1 1 2 1 2 1 1 2 1 1 1 1 1 1 1 1 1 1 1 1 1 1 1 1 1 1 1 1 1 1 1 1 1 1 1 1 1 1 1 1 1 1 1 1 1 1 1 1 1 1 1 1 2 2 1 1 1 1 1 1 2 1 1 1 0 1 2 1 2 1 1 1 1 1 1 1 1 1 1 1 2 1 1 1 1 2 1 1 1 1 1 2 1 1 1 0 1 1 0 1 1 1 1 1 1 1 1 1 1 1 1 2 1 1 1 1 1 1 1 1 1 1 1 1 1 1 1 1 1 1 1 1 1 1 1 1 1 1 1 1 2 1 1 1 0 1 1 1 1 0 1 1 1 1 1 2 0 1 1 1 0 1 1 1 1 2 1 1 1 1 1 1 2 1 1 1 1 1 1 1 1 1 1 1 1 1 1 1 2 1 2 
6 10 8 9 14 11 6 7 9 9 9 6 8 5 9 6 4 6 11 9 7 7 5 11 9 7 8 5 6 10 9 8 8 7 9 8 11 10 9 7 5 9 10 8 7 8 10 7 9 8 9 9 5 6 6 9 8 10 9 8 7 6 7 10 9 9 3 6 8 8 10 12 10 5 6 7 7 4 9 8 9 6 6 12 10 4 12 8 5 12 8 13 7 7 9 5 10 8 10 6 10 8 5 7 9 8 7 10 12 8 5 5 9 7 8 9 10 10 9 7 10 7 9 2 7 10 8 8 7 7 12 12 8 6 8 6 5 6 8 13 12 8 9 3 12 5 14 6 9 6 12 2 7 12 9 6 15 6 8 8 6 9 5 5 6 9 10 3 5 5 4 6 11 11 9 4 10 9 9 7 5 9 8 7 9 8 12 9 7 3 6 7 10 0 8 9 6 6 7 5 
2 1 1 1 1 1 1 1 1 1 1 1 1 1 1 1 2 1 1 1 1 1 1 1 1 1 1 1 1 1 1 1 1 0 0 1 1 1 1 1 1 1 1 2 2 1 1 2 1 1 1 1 1 1 1 1 1 1 1 1 1 1 1 1 0 1 1 1 0 1 1 1 1 1 1 0 1 1 1 1 1 1 1 1 1 1 1 1 1 1 1 1 1 0 1 1 1 1 1 1 1 1 1 1 1 1 2 1 1 1 2 1 1 1 1 1 1 1 2 1 1 1 1 1 0 1 2 0 1 1 1 1 1 0 0 1 1 1 1 1 1 1 1 1 1 1 1 0 1 1 1 1 1 0 1 1 1 1 1 1 1 1 0 1 1 1 1 1 1 2 1 1 1 1 1 1 1 1 1 2 1 1 2 1 1 1 1 1 1 1 1 1 1 1 1 1 1 1 1 1 
1 1 1 1 2 2 1 1 0 0 1 1 1 1 1 1 1 1 1 1 1 1 1 1 1 1 1 1 1 0 1 2 1 1 0 1 1 1 1 1 1 0 1 0 1 1 1 1 1 1 1 1 1 1 1 1 1 1 1 2 0 1 1 1 1 1 1 1 1 1 1 1 1 1 1 1 1 1 1 1 1 1 1 1 1 0 1 0 1 1 1 1 1 1 1 1 1 1 1 1 1 1 1 1 1 1 1 1 1 1 2 1 1 1 1 1 1 1 1 1 1 1 1 1 1 2 2 1 1 2 1 1 1 0 1 1 1 1 1 1 1 1 1 1 1 1 1 1 1 1 1 2 2 1 1 0 1 1 1 1 1 1 2 1 2 1 0 1 1 1 1 1 2 1 1 1 1 1 1 1 2 1 1 1 1 1 1 1 1 0 1 1 1 1 1 1 1 1 1 1 
1 1 1 1 1 1 1 1 0 1 1 1 0 1 1 1 1 1 1 1 1 1 1 1 1 1 1 1 1 1 1 1 2 1 1 1 1 1 1 2 1 1 1 1 1 1 1 1 1 1 1 2 1 1 1 0 1 1 1 1 1 1 1 1 1 1 1 1 1 1 1 0 1 2 1 2 1 1 1 1 1 1 1 1 1 1 1 2 2 1 2 1 1 1 1 1 1 1 1 1 1 1 1 1 1 1 1 1 1 1 1 2 1 1 2 2 1 1 1 0 0 1 1 1 2 1 1 1 1 1 1 1 1 1 2 2 1 1 1 1 1 1 1 1 1 1 1 1 1 1 1 1 1 1 1 1 1 1 1 1 0 1 1 0 1 2 2 1 1 0 1 1 1 1 1 2 1 1 1 1 1 1 1 1 2 1 1 1 1 1 1 1 1 1 1 1 1 1 1 1 
6 10 15 4 8 13 10 15 9 10 14 4 11 9 12 13 6 7 7 10 6 12 7 4 7 10 12 9 9 10 13 7 5 8 9 10 10 9 8 14 10 9 13 7 10 6 7 8 8 11 13 7 7 11 6 10 7 10 7 6 7 8 11 8 12 11 9 8 5 13 8 8 7 10 5 8 7 7 5 8 9 11 6 6 6 5 9 7 13 13 15 8 8 11 11 11 13 11 7 12 15 8 9 12 6 9 13 11 11 10 8 8 11 8 14 4 4 8 7 9 6 8 10 9 7 5 10 9 5 7 11 7 4 8 8 3 7 9 13 6 8 7 13 9 8 10 7 3 11 10 11 11 14 10 13 8 11 5 11 6 9 8 11 7 9 8 5 6 5 7 10 13 7 20 9 9 12 9 11 8 9 6 7 12 10 3 8 9 8 10 10 11 17 2 12 15 9 11 2 11 
5 5 3 6 6 7 10 6 3 3 5 4 2 7 9 5 6 7 7 5 5 4 4 7 6 4 6 4 4 5 6 8 4 7 3 6 3 6 9 7 4 6 6 5 9 5 8 5 4 11 6 7 8 4 5 5 2 8 1 5 3 4 7 10 8 6 7 5 6 11 5 9 6 4 10 7 6 8 7 7 5 8 7 8 5 5 7 9 5 7 4 7 6 5 2 4 9 3 7 3 4 4 5 4 3 3 9 2 5 4 4 5 8 5 6 3 7 6 5 7 6 3 9 7 6 5 5 2 5 6 6 6 7 8 4 6 5 3 8 3 8 5 10 6 4 4 6 7 8 4 4 6 7 4 4 4 6 8 5 7 6 6 9 8 3 4 8 10 3 4 7 7 9 6 8 5 6 6 4 4 8 9 8 3 5 3 5 8 10 8 4 5 6 6 5 9 7 7 8 7 
4 7 8 5 4 3 3 3 2 6 3 4 5 4 4 5 5 4 4 4 2 2 2 3 4 1 3 5 2 1 4 3 1 4 3 5 4 4 4 4 4 3 2 4 3 6 4 3 3 2 6 3 3 4 5 4 5 4 4 5 4 4 2 4 4 6 5 4 4 6 4 4 2 8 3 3 4 4 7 5 4 2 3 6 4 5 2 5 3 3 3 7 3 2 5 2 3 3 4 5 1 4 5 3 5 4 3 3 3 0 6 5 2 5 6 4 4 3 4 4 2 5 3 6 4 4 4 7 1 5 5 3 3 4 5 2 4 5 4 5 4 2 5 2 5 4 3 2 3 4 4 5 4 4 5 1 4 3 3 5 4 5 6 4 3 3 4 4 5 4 4 4 3 3 2 5 5 4 6 5 4 3 3 5 1 4 4 2 2 5 6 6 4 5 5 1 5 2 2 3 
3 4 2 5 5 4 4 3 2 4 3 4 5 3 2 3 3 3 3 5 6 3 3 4 0 4 3 2 2 2 3 3 3 3 3 3 2 4 3 2 3 2 3 2 4 2 2 4 2 3 3 1 4 4 3 4 4 3 3 3 5 3 2 2 3 2 4 2 3 3 3 4 2 3 4 3 3 3 2 2 4 3 2 2 2 3 2 4 2 1 4 3 3 2 2 4 3 4 5 3 3 4 4 3 5 3 2 0 2 3 3 2 5 2 4 3 3 4 2 4 3 4 3 3 4 2 3 4 2 3 2 4 3 3 3 5 4 3 4 5 2 2 2 2 5 4 2 3 2 2 2 5 2 4 4 5 4 4 2 3 3 3 2 5 3 3 3 4 4 4 4 3 3 3 3 4 3 3 2 4 4 3 3 1 3 4 3 1 4 3 1 4 4 3 3 2 4 4 4 1 
4 3 2 2 2 2 3 3 3 4 3 2 1 5 4 4 5 4 4 4 4 2 4 3 3 3 3 2 1 2 1 3 3 3 4 4 3 3 2 3 3 4 2 3 4 3 3 4 2 2 3 2 2 4 3 2 3 3 3 2 2 4 2 1 2 4 4 3 5 4 2 2 4 3 4 4 3 2 3 4 1 2 3 4 2 3 2 5 3 3 1 3 3 4 3 4 2 5 1 3 5 4 2 2 3 3 2 5 3 4 3 0 3 3 2 3 3 5 2 1 1 4 2 3 3 4 4 0 3 4 4 2 1 4 3 4 2 2 3 2 4 2 4 2 4 2 3 3 2 2 1 2 3 2 3 4 1 4 2 2 3 3 3 3 3 2 2 4 4 3 2 4 5 2 2 4 2 1 2 5 2 3 2 2 3 3 3 3 3 2 3 4 5 2 2 3 4 3 2 3 
7 9 5 5 8 6 13 12 13 6 7 9 9 5 1 10 11 10 10 8 14 7 10 5 15 10 9 13 8 12 7 7 9 13 6 12 8 8 11 12 10 10 13 4 7 5 8 9 9 9 10 8 10 13 11 8 6 6 13 6 8 13 13 3 11 8 9 4 9 11 5 7 17 7 14 7 6 6 10 7 5 16 13 13 10 8 6 9 11 14 6 12 12 10 8 8 7 9 6 7 10 6 12 8 11 5 9 13 9 10 5 7 12 13 10 5 8 6 6 4 7 8 12 11 5 8 8 9 11 9 11 9 8 11 10 10 11 9 6 9 9 12 13 12 9 12 7 7 7 8 7 12 7 7 9 14 15 7 11 10 9 14 9 13 8 8 11 5 11 5 6 5 7 6 10 7 8 7 6 9 4 9 9 9 10 6 7 11 10 13 11 10 10 10 13 9 9 7 10 8 
5 2 4 3 5 6 4 6 4 4 3 5 4 3 3 5 5 5 4 4 3 4 3 5 4 2 3 3 2 4 3 6 6 4 3 4 2 6 3 3 3 3 4 5 6 4 4 4 2 4 3 4 3 3 6 5 3 6 4 4 3 5 5 4 4 5 4 6 7 2 4 4 4 6 3 6 5 4 4 7 5 5 3 3 3 6 0 4 4 4 3 6 6 3 5 3 3 4 3 4 5 4 6 6 4 2 3 2 6 3 6 5 6 5 2 5 4 2 2 4 4 6 5 3 4 4 5 4 6 2 5 5 3 5 3 3 3 2 5 4 5 3 4 3 3 6 3 3 3 4 6 2 4 5 3 3 6 5 4 4 5 5 3 2 2 4 4 6 2 6 3 6 4 5 3 5 3 6 5 2 5 7 2 4 5 5 4 4 2 4 3 4 1 3 4 5 3 3 4 4 
4 3 4 3 2 5 4 5 3 2 5 6 4 6 2 4 4 5 5 3 2 5 3 4 5 3 2 5 1 3 1 5 6 4 4 3 3 4 4 5 2 4 5 2 4 4 5 3 6 5 2 3 3 5 4 4 3 4 4 1 5 5 3 3 4 6 4 3 4 5 3 5 4 4 4 5 5 5 3 2 3 4 1 5 2 5 5 3 4 4 3 3 4 6 3 5 5 5 4 2 2 4 2 6 4 3 6 6 4 4 3 5 3 4 4 3 6 4 5 4 4 2 2 4 3 5 4 5 5 2 4 6 5 5 4 4 3 4 3 5 3 5 4 1 2 6 2 6 5 5 4 3 2 5 5 3 4 4 4 3 3 4 7 5 5 5 5 4 3 6 3 3 4 2 3 4 5 3 1 1 5 5 4 3 4 6 2 5 5 2 4 3 8 3 4 6 3 2 4 6 
6 2 4 4 3 5 2 7 4 7 4 6 2 2 3 4 2 3 3 5 2 5 6 5 4 1 5 5 5 4 2 2 4 2 6 5 3 6 1 6 7 3 4 4 3 4 4 5 4 5 7 4 3 4 3 5 6 4 3 6 4 5 6 2 4 3 5 3 5 3 5 5 2 3 2 4 3 5 4 3 4 3 4 5 4 3 2 4 5 6 7 4 5 3 5 6 5 4 3 1 4 4 5 3 2 5 6 4 3 3 6 4 4 5 4 4 4 5 2 2 3 3 5 5 5 4 6 7 3 4 3 4 5 5 4 3 5 4 4 4 3 4 5 4 3 5 0 6 5 5 4 3 4 6 5 3 2 3 4 5 3 5 3 5 4 5 7 3 6 7 6 4 2 7 5 2 2 6 6 3 4 2 3 2 7 4 5 4 5 3 4 4 3 3 6 5 3 4 3 1 
1 1 1 1 1 1 1 1 1 1 1 1 1 1 1 1 1 1 1 0 1 1 1 1 1 1 1 0 1 1 1 1 1 1 1 1 1 1 1 1 1 1 1 2 1 1 1 0 1 1 1 1 1 1 1 1 1 1 1 2 1 1 1 1 1 1 1 1 1 1 1 2 1 1 1 1 1 1 1 1 1 1 1 1 1 1 1 1 1 1 1 1 2 1 1 1 1 0 1 1 1 1 1 1 1 1 1 1 1 1 1 1 1 1 1 1 1 1 1 1 1 1 1 1 1 1 1 1 1 1 2 1 1 1 1 1 1 1 1 1 1 1 1 1 1 1 0 1 2 1 1 2 1 1 1 1 1 1 1 1 2 1 1 1 1 1 1 1 1 1 1 1 1 1 1 1 1 1 1 1 1 1 1 1 0 1 1 1 1 1 1 1 1 1 1 1 1 1 1 1 
1 0 1 1 1 1 1 1 0 1 1 1 1 1 1 1 1 1 1 1 0 1 0 1 0 0 1 1 1 1 1 1 1 1 2 1 1 1 1 1 1 1 1 1 1 2 1 1 1 1 1 1 1 0 1 1 1 1 1 1 1 1 1 1 1 2 1 1 1 1 0 1 1 1 1 1 1 1 1 1 1 1 1 1 1 1 1 1 1 1 1 1 2 1 1 2 1 1 1 1 1 1 1 1 1 1 1 1 1 1 1 1 1 0 1 2 1 1 1 1 1 1 1 1 1 1 1 1 1 1 0 2 1 1 1 1 1 1 0 0 1 1 1 1 0 2 0 0 1 1 1 1 1 1 1 2 1 1 1 1 1 1 0 1 1 1 0 1 1 2 1 1 0 1 1 1 1 1 1 1 1 1 1 1 1 1 1 1 1 1 0 1 1 1 1 1 1 1 1 0 
8 8 8 11 5 8 7 5 8 4 3 10 6 6 7 7 6 7 8 7 9 9 4 4 5 9 7 5 7 13 5 3 7 9 5 6 10 10 7 7 9 11 7 7 5 4 13 5 8 6 4 6 7 10 8 7 7 7 4 5 9 8 7 5 6 8 9 10 3 8 11 11 5 6 7 6 7 5 7 11 4 10 3 7 4 7 8 8 6 5 3 9 9 8 6 5 7 6 6 3 9 2 6 7 8 4 7 11 5 9 7 11 7 9 10 11 9 8 4 6 8 6 8 5 6 4 7 10 2 8 6 9 9 6 8 6 11 7 7 9 6 8 8 5 5 6 5 6 10 6 6 7 10 7 11 7 6 9 7 8 11 5 7 11 8 10 6 9 7 8 8 7 8 5 1 12 7 9 6 5 9 8 6 3 10 8 7 8 3 3 8 3 3 6 5 8 7 8 6 5 
4 7 6 3 8 5 8 8 1 6 3 4 4 6 3 8 4 4 6 4 3 6 4 5 7 4 6 5 4 5 1 4 8 4 6 6 5 7 6 6 6 2 6 5 5 2 6 5 4 7 5 6 6 6 5 3 4 5 6 5 6 3 5 3 4 5 3 9 6 4 6 6 2 3 5 3 5 6 3 5 6 7 6 5 3 6 5 4 3 6 5 7 7 9 8 5 6 4 5 4 6 3 3 4 7 4 5 2 7 3 8 4 4 7 3 5 3 6 2 7 5 5 6 9 4 6 5 3 6 2 6 2 7 3 8 6 5 4 5 5 6 5 6 5 6 6 6 5 6 3 7 4 6 7 5 4 5 4 0 6 7 6 6 6 5 5 5 4 4 7 6 7 4 3 5 5 7 6 4 4 5 4 5 5 2 4 1 6 5 5 9 5 4 5 5 7 4 6 5 6 
10 9 11 7 7 9 10 4 11 8 7 6 10 8 9 5 6 5 10 8 9 3 6 14 6 7 8 10 13 6 7 4 10 13 8 9 10 9 7 9 9 8 8 9 9 3 6 10 7 5 4 12 13 7 7 3 5 8 7 3 10 9 9 5 13 3 3 8 4 7 9 9 7 6 8 9 8 10 6 10 10 7 6 2 10 11 7 10 8 13 8 10 10 11 9 8 7 14 8 14 5 8 8 10 9 4 7 8 6 11 10 5 9 12 10 5 2 7 9 9 10 4 3 6 7 6 8 7 5 3 7 9 8 10 7 10 8 7 10 8 5 8 7 11 8 7 9 7 8 7 13 6 9 7 11 8 6 7 10 5 11 9 9 10 9 8 5 10 2 5 8 5 11 5 7 8 9 8 8 8 7 8 7 4 11 8 6 11 4 1 7 10 8 8 11 10 11 9 4 9 
1 1 1 1 1 1 1 2 1 1 1 1 1 0 1 1 1 1 1 1 1 1 1 1 1 1 1 1 1 1 1 1 1 1 1 1 1 1 1 1 1 2 0 1 2 1 1 1 1 1 0 1 1 0 1 1 1 0 2 1 1 1 1 0 0 1 1 1 1 1 1 0 1 1 1 1 1 1 1 1 1 1 1 1 1 1 1 1 1 1 1 1 2 1 1 1 1 1 1 1 1 1 1 1 1 1 1 1 1 1 1 1 1 1 1 1 0 1 1 1 1 1 1 1 1 1 1 1 1 1 1 1 1 2 1 0 1 0 1 1 1 0 1 0 1 2 1 1 1 1 1 1 1 1 1 1 1 1 0 1 1 0 1 0 0 1 1 1 1 1 2 1 1 1 1 1 1 1 1 1 1 1 1 1 1 1 0 1 1 1 1 1 1 1 1 1 1 1 1 1 
2 2 5 6 5 5 4 7 3 3 5 5 2 3 5 4 5 2 4 6 5 3 3 5 4 2 0 4 5 3 3 3 3 6 3 5 5 4 5 4 3 3 2 4 2 3 3 4 4 5 5 2 6 3 5 3 5 4 3 6 2 2 6 2 4 5 3 2 5 5 4 3 4 5 5 3 4 4 7 5 5 3 3 4 5 4 3 3 3 5 3 4 1 3 6 6 4 5 4 1 3 5 3 5 4 3 6 6 5 3 3 8 4 4 5 4 5 4 4 4 5 5 2 5 3 4 3 3 2 5 3 3 3 3 3 4 4 3 6 5 5 2 3 4 4 4 7 4 3 4 5 3 3 2 4 4 5 4 5 6 5 4 5 3 3 7 4 7 1 4 4 4 5 4 3 3 3 4 2 5 4 6 2 4 5 4 0 4 4 2 6 2 3 3 6 4 6 6 2 5 
14 14 9 7 7 11 12 10 10 9 13 5 6 8 6 11 7 10 4 12 9 7 9 7 14 7 9 9 12 13 14 9 5 8 7 9 9 5 8 10 9 11 11 11 19 8 7 12 14 8 11 6 7 11 9 6 8 6 6 13 10 11 8 11 10 8 6 10 4 14 11 13 7 9 2 9 7 8 9 5 6 10 13 13 7 5 8 9 10 10 5 8 8 8 4 11 12 13 5 6 10 4 7 7 13 14 9 7 8 9 12 9 9 7 11 10 6 8 11 10 8 5 7 10 9 7 1 16 9 13 5 14 9 8 15 12 7 8 12 13 7 4 10 3 14 3 11 7 16 13 7 12 7 7 3 7 10 13 11 15 14 14 12 10 10 14 11 12 11 10 11 5 11 5 10 12 6 9 4 9 9 15 2 15 10 5 9 8 11 12 12 12 7 11 4 5 8 9 13 12 
9 9 7 6 7 6 5 6 10 6 7 6 7 7 3 5 3 7 6 7 5 6 8 6 5 8 6 6 6 8 5 3 5 7 4 9 8 4 5 7 4 4 11 9 4 6 7 3 6 4 7 5 9 8 5 5 7 4 7 9 6 3 3 6 5 9 7 6 7 5 5 6 8 6 7 7 5 9 5 7 9 5 8 6 7 6 4 4 8 9 6 4 7 6 6 9 6 6 7 5 5 6 6 8 7 6 9 4 5 5 7 5 7 4 12 5 11 5 7 7 7 7 9 6 8 8 4 9 6 6 6 6 6 6 2 4 9 5 4 8 7 6 6 2 8 4 4 5 7 9 5 7 10 5 4 7 6 6 2 7 9 3 7 4 2 8 5 9 6 8 8 4 8 10 3 6 7 6 6 4 4 6 7 9 5 9 3 2 5 6 6 7 7 4 5 5 2 6 6 7 
7 11 11 7 8 11 7 2 5 5 8 11 11 6 9 6 10 7 8 7 12 6 6 15 11 11 12 10 11 5 13 8 11 14 9 9 11 5 9 11 8 10 8 13 9 11 6 8 7 10 7 10 7 13 9 10 10 12 14 10 8 8 11 8 12 5 9 11 10 10 12 15 14 7 15 16 9 5 11 8 14 11 8 10 7 9 6 13 9 11 10 6 12 8 10 10 9 11 13 9 6 8 17 6 12 13 7 9 9 12 6 7 4 8 6 13 11 10 6 9 8 4 8 14 6 8 8 10 13 4 13 8 7 14 10 6 6 9 5 12 9 5 9 13 7 9 15 7 8 9 12 2 7 5 11 9 12 13 11 14 9 8 14 7 9 8 11 12 10 13 12 5 9 11 7 7 8 9 17 9 9 11 8 8 10 14 11 7 9 4 10 12 13 9 12 9 10 9 5 7 
4 6 8 4 3 1 4 5 5 6 2 4 5 3 5 6 3 3 4 4 2 3 5 5 5 4 3 4 4 4 3 3 5 4 2 4 3 3 5 6 1 6 4 6 5 4 6 4 3 3 6 5 3 3 4 6 5 5 3 4 5 7 4 5 5 4 3 4 4 5 4 3 4 5 4 2 4 4 5 4 4 1 6 5 5 4 5 4 5 3 2 6 2 4 6 3 4 5 4 5 4 5 4 4 7 2 5 3 5 3 4 6 3 5 4 7 5 4 4 1 4 4 7 3 4 1 3 3 2 3 5 3 5 3 5 5 5 6 8 4 3 4 4 3 2 1 3 3 6 5 4 4 5 6 3 4 4 7 3 4 4 5 4 5 3 6 5 6 4 2 5 5 6 3 2 4 2 3 3 5 6 1 3 4 6 4 4 2 6 4 4 4 2 3 2 4 6 4 1 5 
7 6 5 4 6 5 5 5 9 3 3 8 4 4 2 3 4 5 4 6 4 4 6 8 7 6 5 6 3 7 2 5 6 5 6 5 0 7 3 6 2 7 7 8 5 9 6 3 5 5 4 5 5 5 6 4 7 5 6 1 5 8 4 4 6 5 8 3 7 4 3 2 6 7 7 6 3 5 2 2 6 5 4 3 7 4 4 3 7 6 5 6 4 5 9 6 6 7 5 5 6 3 6 5 6 7 6 6 4 3 5 6 5 9 5 4 6 5 5 3 4 6 8 4 7 3 3 5 6 4 5 4 6 3 5 4 5 7 7 8 5 5 3 6 6 3 3 4 7 5 5 5 3 6 7 3 10 6 8 1 3 4 4 3 7 3 6 6 4 4 4 6 4 4 5 4 10 8 3 3 3 5 1 6 4 6 4 4 7 7 1 6 5 7 7 8 6 6 3 5 
DEPOT_SECTION
 1
 -1
EOF
