NAME  : Jabali_40_4_0.85_1_1
TYPE : SVRP
MODEL : FINITE_SUPPORT
NUMBER_OF_SCENARIOS : 200
DIMENSION : 40
EDGE_WEIGHT_TYPE : MATRIX
CAPACITY : 68
N_VEHICLES : 4
NODE_COORD_SECTION
1 4632 4108
2 3034 4918
3 3051 2242
4 6660 5172
5 7850 5634
6 4068 5803
7 6241 6086
8 5469 7200
9 5238 5341
10 4962 7018
11 2834 1478
12 186 2505
13 5112 6234
14 7316 6073
15 2624 4014
16 4122 2740
17 6173 757
18 2471 7725
19 450 3657
20 3700 6138
21 4348 4137
22 4632 6342
23 2945 5617
24 4589 18
25 2752 7895
26 6950 5455
27 4457 6904
28 27 1036
29 5774 4850
30 4010 1940
31 7726 5091
32 7257 3537
33 1309 2995
34 6857 3198
35 1853 965
36 2808 3412
37 6773 4235
38 4694 7501
39 1192 6421
40 3485 272
DEMAND_SECTION
1 0.0
2 4.0
3 3.0
4 4.0
5 2.0
6 1.0
7 7.0
8 9.0
9 4.0
10 9.0
11 4.0
12 4.0
13 8.0
14 3.0
15 10.0
16 2.0
17 3.0
18 9.0
19 9.0
20 10.0
21 10.0
22 8.0
23 9.0
24 1.0
25 10.0
26 3.0
27 9.0
28 4.0
29 2.0
30 5.0
31 10.0
32 10.0
33 2.0
34 5.0
35 6.0
36 8.0
37 4.0
38 9.0
39 9.0
40 5.0
DEVIATION_SECTION
1 0.0
2 1.33333
3 1.0
4 1.33333
5 0.666667
6 0.333333
7 2.33333
8 3.0
9 1.33333
10 3.0
11 1.33333
12 1.33333
13 2.66667
14 1.0
15 3.33333
16 0.666667
17 1.0
18 3.0
19 3.0
20 3.33333
21 3.33333
22 2.66667
23 3.0
24 0.333333
25 3.33333
26 1.0
27 3.0
28 1.33333
29 0.666667
30 1.66667
31 3.33333
32 3.33333
33 0.666667
34 1.66667
35 2.0
36 2.66667
37 1.33333
38 3.0
39 3.0
40 1.66667
DISTANCE_MATRIX
0.0 24.0416 43.79 32.45 49.0918 31.1248 36.8277 45.9336 20.4018 41.198 54.767 64.1246 33.1441 45.2769 26.6833 27.5407 54.4369 58.1455 56.6338 33.3775 3.0 31.993 29.8655 62.1497 58.7955 37.2022 39.5798 87.315 19.8494 38.0296 45.618 38.0526 47.7267 34.7131 66.4436 26.9259 30.5941 46.1868 55.4617 60.6124 
24.0416 0.0 35.9026 51.2356 67.0535 17.6918 52.7598 43.1856 31.9531 37.0135 43.9238 50.6063 31.4998 61.3613 13.3417 31.2933 71.8595 38.6005 39.2046 17.8885 21.1896 28.2843 9.21954 68.9615 39.8121 55.0893 31.9061 66.2118 38.5736 41.1825 65.3584 61.6604 34.9857 58.6941 54.0833 20.025 53.0094 39.8246 31.9061 61.423 
43.79 35.9026 0.0 62.3665 78.492 49.2606 68.9078 81.6259 56.0941 68.9601 11.1803 39.3192 68.8364 76.3793 24.5967 16.2788 54.6917 74.4648 40.5216 51.1962 36.6491 59.8575 45.1221 40.8727 75.71 67.3627 64.367 43.8803 51.9689 12.0416 73.7564 59.4545 26.4764 54.0412 22.8569 16.5529 56.4004 72.5223 62.6817 28.6796 
32.45 51.2356 62.3665 0.0 16.6433 37.0135 12.0711 29.6985 20.0 32.6249 73.1913 96.0135 34.5269 14.3178 58.1808 46.0977 59.0762 66.8791 88.2383 42.2966 34.9857 32.389 52.0384 72.8245 64.8465 5.0 37.1543 105.891 13.0 56.5734 14.1421 22.8254 79.6156 25.9615 84.8679 58.8148 12.3693 39.2736 77.2334 79.1563 
49.0918 67.0535 78.492 16.6433 0.0 51.6655 23.0217 37.0 35.171 41.9762 89.8714 112.608 38.1182 8.94427 74.7199 62.2254 68.884 76.9025 104.781 56.1427 51.6236 44.0 66.9349 84.8646 74.4648 12.083 47.5184 122.019 29.5296 72.5108 7.0 29.1548 96.2103 34.7131 101.548 75.4096 23.7065 47.4342 91.0494 89.6905 
31.1248 17.6918 49.2606 37.0135 51.6655 0.0 29.168 25.6125 17.0294 19.7231 57.966 68.1175 14.0433 44.8469 29.6994 43.0513 75.5262 34.6554 56.8507 6.40312 28.8499 10.6301 15.2971 80.723 34.2053 40.1123 15.5242 82.9172 25.7099 53.0904 51.0098 52.3927 52.2015 51.1078 68.9252 34.7676 42.0595 23.7697 40.3113 75.4652 
36.8277 52.7598 68.9078 12.0711 23.0217 29.168 0.0 17.6918 20.8114 20.5913 79.8848 99.6726 15.1327 15.8114 61.7674 52.6585 69.4981 55.0273 91.8282 33.1361 38.9706 21.0238 44.2654 82.7461 52.9245 12.6491 25.2982 112.433 17.2066 63.0202 23.7697 34.6816 83.2746 37.311 91.5614 62.4739 23.7883 27.2029 68.0294 85.603 
45.9336 43.1856 81.6259 29.6985 37.0 25.6125 17.6918 0.0 28.1842 6.7082 92.603 93.723 15.2971 28.1603 55.295 65.3766 87.1255 40.3113 82.0731 26.4008 47.9855 15.0 38.6005 99.9856 37.6563 29.4109 13.0 108.513 34.834 75.8655 39.8246 52.3091 77.8021 54.9384 95.1254 60.3631 41.4157 10.4403 57.9741 98.4484 
20.4018 31.9531 56.0941 20.0 35.171 17.0294 20.8114 28.1842 0.0 23.4486 67.0711 83.1543 15.3946 29.4129 45.2491 39.8448 63.6488 48.5709 70.8537 22.561 22.4536 14.4187 32.0624 74.3915 47.3091 23.3452 22.0003 95.3568 9.43398 50.3337 34.0588 36.8917 66.7563 36.7967 78.7477 45.9556 25.9422 29.4006 57.3149 72.9165 
41.198 37.0135 68.9601 32.6249 41.9762 19.7231 20.5913 6.7082 23.4486 0.0 85.9637 87.6185 12.3693 33.3766 49.399 60.641 85.5993 34.9285 75.6637 19.8494 43.2499 9.48683 32.0156 95.25 32.573 33.1059 6.32456 102.617 32.876 71.1299 44.0114 55.2355 71.8471 57.8649 88.6247 54.4671 44.3422 7.2111 51.4198 93.7128 
54.767 43.9238 11.1803 73.1913 89.8714 57.966 79.8848 92.603 67.0711 85.9637 0.0 41.0 79.8134 87.3563 31.7082 27.3237 43.7379 82.2132 44.0114 59.9016 45.6632 68.563 53.0979 29.8329 83.6497 78.1575 73.0725 42.9418 62.9459 26.3105 84.9567 61.7883 29.7321 55.4122 19.105 23.9709 67.532 81.2277 68.9738 18.3576 
64.1246 50.6063 39.3192 96.0135 112.608 68.1175 99.6726 93.723 83.1543 87.6185 41.0 0.0 81.5905 108.213 38.8973 53.4509 84.3801 79.555 16.0 68.2422 61.2495 78.7464 56.9386 66.7608 82.28 100.572 82.4197 20.2237 83.0823 51.1596 109.354 97.0824 16.4012 91.7606 31.305 37.7359 92.6121 90.1388 57.1402 52.4976 
33.1441 31.4998 68.8364 34.5269 38.1182 14.0433 15.1327 15.2971 15.3946 12.3693 79.8134 81.5905 0.0 30.8058 43.1102 52.5871 77.5454 42.0595 70.7039 18.0278 35.196 6.7082 29.1407 87.1961 40.4969 27.0886 13.4536 96.328 24.8221 63.076 38.2617 52.2689 65.6173 51.9605 82.3359 48.1783 41.3344 19.3132 53.0 85.6589 
45.2769 61.3613 76.3793 14.3178 8.94427 44.8469 15.8114 28.1603 29.4129 33.3766 87.3563 108.213 30.8058 0.0 70.3689 60.13 72.0625 68.2495 100.43 48.6621 47.5079 36.2215 59.9443 86.5326 65.7343 9.48683 39.1152 119.904 25.4558 70.6188 13.6015 33.3766 91.8151 38.0132 99.0329 71.0144 25.1794 38.6005 83.2947 93.2016 
26.6833 13.3417 24.5967 58.1808 74.7199 29.6994 61.7674 55.295 45.2491 49.399 31.7082 38.8973 43.1102 70.3689 0.0 25.4951 66.0379 50.636 30.0832 31.0161 23.7697 40.2964 22.0227 61.4005 52.2398 62.6688 44.7214 53.2353 45.1885 32.5269 71.8679 64.126 22.6716 60.0083 41.0 8.06226 57.2713 52.8015 38.4187 49.2074 
27.5407 31.2933 16.2788 46.0977 62.2254 43.0513 52.6585 65.3766 39.8448 60.641 27.3237 53.4509 52.5871 60.13 25.4951 0.0 40.8044 69.3154 51.0 44.9869 30.3409 51.436 40.0525 37.8254 70.4048 51.1134 59.0228 60.0 35.7196 12.0 57.4891 43.6578 38.4708 38.3275 39.0003 19.4165 40.2244 65.6298 62.3699 36.2881 
54.4369 71.8595 54.6917 59.0762 68.884 75.5262 69.4981 87.1255 63.6488 85.5993 43.7379 84.3801 77.5454 72.0625 66.0379 40.8044 0.0 110.321 87.5558 85.5531 57.2372 76.3943 80.6187 22.8254 110.971 63.0 84.1511 81.8841 56.0596 35.3753 61.9839 39.8121 73.3063 34.2345 56.3205 59.0593 47.0 91.5514 103.078 34.9285 
58.1455 38.6005 74.4648 66.8791 76.9025 34.6554 55.0273 40.3113 48.5709 34.9285 82.2132 79.555 42.0595 68.2495 50.636 69.3154 110.321 0.0 64.195 28.3196 55.5535 35.3553 29.4109 106.987 3.60555 67.6757 29.7321 98.4784 57.9984 79.3545 78.7464 85.44 67.3647 85.0 91.351 58.2495 74.5107 30.0666 25.6125 99.7124 
56.6338 39.2046 40.5216 88.2383 104.781 56.8507 91.8282 82.0731 70.8537 75.6637 44.0114 16.0 70.7039 100.43 30.0832 51.0 87.5558 64.195 0.0 55.8659 53.7587 67.3573 43.9318 72.9452 67.0671 92.7296 70.0357 36.1248 75.2542 52.3927 101.951 93.2148 14.3178 88.5664 41.0366 32.249 87.2073 77.3369 41.1947 59.3633 
33.3775 17.8885 51.1962 42.2966 56.1427 6.40312 33.1361 26.4008 22.561 19.8494 59.9016 68.2422 18.0278 48.6621 31.0161 44.9869 85.5531 28.3196 55.8659 0.0 30.7855 12.6491 12.2066 82.6585 28.0179 45.0111 14.2127 84.0952 31.6228 55.0259 56.0803 58.6003 52.8394 57.4543 70.859 36.6742 48.1041 21.9545 35.0143 77.4008 
3.0 21.1896 36.6491 34.9857 51.6236 28.8499 38.9706 47.9855 22.4536 43.2499 45.6632 61.2495 35.196 47.5079 23.7697 30.3409 57.2372 55.5535 53.7587 30.7855 0.0 34.0449 27.2735 64.9499 56.2034 39.6611 41.6316 73.4521 22.2036 40.8298 48.3322 41.0488 44.8516 37.6563 57.0338 24.0509 33.541 48.2387 52.7731 63.4127 
31.993 28.2843 59.8575 32.389 44.0 10.6301 21.0238 15.0 14.4187 9.48683 68.563 78.7464 6.7082 36.2215 40.2964 51.436 76.3943 35.3553 67.3573 12.6491 34.0449 0.0 24.5967 86.045 33.8378 33.3766 7.61577 93.5142 23.8462 61.9249 44.5533 51.293 62.8035 50.9846 79.5221 45.3645 40.3584 15.0333 47.0956 84.5078 
29.8655 9.21954 45.1221 52.0384 66.9349 15.2971 44.2654 38.6005 32.0624 32.0156 53.0979 56.9386 29.1407 59.9443 22.0227 40.0525 80.6187 29.4109 43.9318 12.2066 27.2735 24.5967 0.0 77.4791 30.5941 55.3263 26.1725 73.736 40.1123 50.0899 66.1211 65.6504 42.1545 64.0811 63.0079 29.1548 55.9017 33.4215 26.2488 70.5971 
62.1497 68.9615 40.8727 72.8245 84.8646 80.723 82.7461 99.9856 74.3915 95.25 29.8329 66.7608 87.1961 86.5326 61.4005 37.8254 22.8254 106.987 72.9452 82.6585 64.9499 86.045 77.4791 0.0 108.076 77.155 93.6318 61.0082 69.0171 30.6233 78.3901 57.3062 58.6686 51.0 36.3456 53.6632 61.4659 100.239 98.6661 14.3178 
58.7955 39.8121 75.71 64.8465 74.4648 34.2053 52.9245 37.6563 47.3091 32.573 83.6497 82.28 40.4969 65.7343 52.2398 70.4048 110.971 3.60555 67.0671 28.0179 56.2034 33.8378 30.5941 108.076 0.0 65.5515 27.7308 101.0 56.7366 80.2285 76.5506 84.1834 69.7209 83.8689 93.1343 59.6825 73.2489 27.2947 29.0689 101.149 
37.2022 55.0893 67.3627 5.0 12.083 40.1123 12.6491 29.4109 23.3452 33.1059 78.1575 100.572 27.0886 9.48683 62.6688 51.1134 63.0 67.6757 92.7296 45.0111 39.6611 33.3766 55.3263 77.155 65.5515 0.0 37.9473 110.888 17.4929 61.573 11.1803 25.2982 84.1736 29.2746 89.8341 63.3729 16.0 39.4462 80.025 81.9794 
39.5798 31.9061 64.367 37.1543 47.5184 15.5242 25.2982 13.0 22.0003 6.32456 73.0725 82.4197 13.4536 39.1152 44.7214 59.0228 84.1511 29.7321 70.0357 14.2127 41.6316 7.61577 26.1725 93.6318 27.7308 37.9473 0.0 97.949 31.4278 69.5117 49.0408 58.8746 66.888 58.5662 84.0316 49.874 47.94 8.24621 45.1221 90.5717 
87.315 66.2118 43.8803 105.891 122.019 82.9172 112.433 108.513 95.3568 102.617 42.9418 20.2237 96.328 119.904 53.2353 60.0 81.8841 98.4784 36.1248 84.0952 73.4521 93.5142 73.736 61.0082 101.0 110.888 97.949 0.0 95.4939 68.6015 117.444 104.079 31.6228 97.7031 25.7099 49.4065 100.21 105.991 77.0065 47.1699 
19.8494 38.5736 51.9689 13.0 29.5296 25.7099 17.2066 34.834 9.43398 32.876 62.9459 83.0823 24.8221 25.4558 45.1885 35.7196 56.0596 57.9984 75.2542 31.6228 22.2036 23.8462 40.1123 69.0171 56.7366 17.4929 31.4278 95.4939 0.0 46.2085 26.9258 27.4591 66.6844 27.5862 74.6225 45.8836 16.5529 38.8281 65.9242 68.4932 
38.0296 41.1825 12.0416 56.5734 72.5108 53.0904 63.0202 75.8655 50.3337 71.1299 26.3105 51.1596 63.076 70.6188 32.5269 12.0 35.3753 79.3545 52.3927 55.0259 40.8298 61.9249 50.0899 30.6233 80.2285 61.573 69.5117 68.6015 46.2085 0.0 67.5961 50.0649 38.4708 43.6887 43.4176 24.8395 50.1714 76.1187 70.8378 29.0861 
45.618 65.3584 73.7564 14.1421 7.0 51.0098 23.7697 39.8246 34.0588 44.0114 84.9567 109.354 38.2617 13.6015 71.8679 57.4891 61.9839 78.7464 101.951 56.0803 48.3322 44.5533 66.1211 78.3901 76.5506 11.1803 49.0408 117.444 26.9258 67.5961 0.0 22.2036 93.1287 27.8927 96.6333 72.3279 17.8045 50.0899 91.0879 83.2391 
38.0526 61.6604 59.4545 22.8254 29.1548 52.3927 34.6816 52.3091 36.8917 55.2355 61.7883 97.0824 52.2689 33.3766 64.126 43.6578 39.8121 85.44 93.2148 58.6003 41.0488 51.293 65.6504 57.3062 84.1834 25.2982 58.8746 104.079 27.4591 50.0649 22.2036 0.0 81.7435 6.40312 78.8954 61.0 11.3137 61.8841 91.8344 63.0317 
47.7267 34.9857 26.4764 79.6156 96.2103 52.2015 83.2746 77.8021 66.7563 71.8471 29.7321 16.4012 65.6173 91.8151 22.6716 38.4708 73.3063 67.3647 14.3178 52.8394 44.8516 62.8035 42.1545 58.6686 69.7209 84.1736 66.888 31.6228 66.6844 38.4708 93.1287 81.7435 0.0 76.6877 28.3019 21.4709 76.7477 74.793 47.8539 45.2217 
34.7131 58.6941 54.0412 25.9615 34.7131 51.1078 37.311 54.9384 36.7967 57.8649 55.4122 91.7606 51.9605 38.0132 60.0083 38.3275 34.2345 85.0 88.5664 57.4543 37.6563 50.9846 64.0811 51.0 83.8689 29.2746 58.5662 97.7031 27.5862 43.6887 27.8927 6.40312 76.6877 0.0 72.5192 56.3205 13.6015 64.5135 89.7 56.6392 
66.4436 54.0833 22.8569 84.8679 101.548 68.9252 91.5614 95.1254 78.7477 88.6247 19.105 31.305 82.3359 99.0329 41.0 39.0003 56.3205 91.351 41.0366 70.859 57.0338 79.5221 63.0079 36.3456 93.1343 89.8341 84.0316 25.7099 74.6225 43.4176 96.6333 78.8954 28.3019 72.5192 0.0 34.2345 79.2086 92.1869 74.9466 22.0907 
26.9259 20.025 16.5529 58.8148 75.4096 34.7676 62.4739 60.3631 45.9556 54.4671 23.9709 37.7359 48.1783 71.0144 8.06226 19.4165 59.0593 58.2495 32.249 36.6742 24.0509 45.3645 29.1548 53.6632 59.6825 63.3729 49.874 49.4065 45.8836 24.8395 72.3279 61.0 21.4709 56.3205 34.2345 0.0 55.5394 58.0293 46.4004 41.4701 
30.5941 53.0094 56.4004 12.3693 23.7065 42.0595 23.7883 41.4157 25.9422 44.3422 67.532 92.6121 41.3344 25.1794 57.2713 40.2244 47.0 74.5107 87.2073 48.1041 33.541 40.3584 55.9017 61.4659 73.2489 16.0 47.94 100.21 16.5529 50.1714 17.8045 11.3137 76.7477 13.6015 79.2086 55.5394 0.0 50.9908 82.0 66.2903 
46.1868 39.8246 72.5223 39.2736 47.4342 23.7697 27.2029 10.4403 29.4006 7.2111 81.2277 90.1388 19.3132 38.6005 52.8015 65.6298 91.5514 30.0666 77.3369 21.9545 48.2387 15.0333 33.4215 100.239 27.2947 39.4462 8.24621 105.991 38.8281 76.1187 50.0899 61.8841 74.793 64.5135 92.1869 58.0293 50.9908 0.0 49.3964 98.7016 
55.4617 31.9061 62.6817 77.2334 91.0494 40.3113 68.0294 57.9741 57.3149 51.4198 68.9738 57.1402 53.0 83.2947 38.4187 62.3699 103.078 25.6125 41.1947 35.0143 52.7731 47.0956 26.2488 98.6661 29.0689 80.025 45.1221 77.0065 65.9242 70.8378 91.0879 91.8344 47.8539 89.7 74.9466 46.4004 82.0 49.3964 0.0 86.473 
60.6124 61.423 28.6796 79.1563 89.6905 75.4652 85.603 98.4484 72.9165 93.7128 18.3576 52.4976 85.6589 93.2016 49.2074 36.2881 34.9285 99.7124 59.3633 77.4008 63.4127 84.5078 70.5971 14.3178 101.149 81.9794 90.5717 47.1699 68.4932 29.0861 83.2391 63.0317 45.2217 56.6392 22.0907 41.4701 66.2903 98.7016 86.473 0.0 
DEMAND_SCENARIO_SECTION
0 0 0 0 0 0 0 0 0 0 0 0 0 0 0 0 0 0 0 0 0 0 0 0 0 0 0 0 0 0 0 0 0 0 0 0 0 0 0 0 0 0 0 0 0 0 0 0 0 0 0 0 0 0 0 0 0 0 0 0 0 0 0 0 0 0 0 0 0 0 0 0 0 0 0 0 0 0 0 0 0 0 0 0 0 0 0 0 0 0 0 0 0 0 0 0 0 0 0 0 0 0 0 0 0 0 0 0 0 0 0 0 0 0 0 0 0 0 0 0 0 0 0 0 0 0 0 0 0 0 0 0 0 0 0 0 0 0 0 0 0 0 0 0 0 0 0 0 0 0 0 0 0 0 0 0 0 0 0 0 0 0 0 0 0 0 0 0 0 0 0 0 0 0 0 0 0 0 0 0 0 0 0 0 0 0 0 0 0 0 0 0 0 0 0 0 0 0 0 0 
4 5 4 1 4 4 4 2 2 5 5 3 5 3 3 4 4 6 4 3 4 4 3 4 5 4 4 3 3 6 5 4 5 4 2 4 7 3 6 2 3 3 4 5 3 3 4 2 5 2 5 7 3 3 7 4 3 4 6 3 4 6 6 4 4 6 6 4 3 4 4 4 4 4 2 2 3 4 1 3 4 2 1 4 7 7 3 3 4 5 3 4 6 5 5 4 3 5 3 5 4 5 4 5 4 5 4 4 7 3 3 3 2 5 5 2 4 5 5 4 4 5 4 4 5 5 5 2 0 5 4 3 4 2 3 4 5 5 5 6 6 3 4 5 2 3 5 2 4 3 3 4 2 5 6 3 5 4 3 6 6 5 3 6 5 5 2 5 3 3 4 3 5 2 4 5 3 6 3 5 2 3 3 3 4 7 4 7 4 9 5 4 5 4 6 4 2 5 3 5 
3 2 4 2 2 4 3 3 3 3 2 2 3 5 3 4 4 4 3 4 3 4 2 2 4 3 1 2 3 4 2 5 3 1 3 4 3 2 3 4 4 4 3 3 4 4 1 2 4 3 2 3 1 3 2 4 3 3 5 3 1 4 3 4 4 5 3 2 1 3 2 4 1 3 4 3 1 2 2 5 4 3 4 4 3 4 3 3 3 3 3 3 2 5 4 3 3 3 1 4 4 2 3 2 3 3 4 4 1 2 3 3 4 3 3 3 2 2 4 2 2 2 4 3 4 2 4 2 4 5 3 3 2 4 2 2 0 3 2 3 2 2 4 3 3 2 5 2 1 3 3 4 3 5 2 5 3 5 2 4 3 3 4 3 2 2 2 0 4 3 3 2 2 1 4 2 2 4 5 3 1 3 3 4 2 3 4 4 1 3 4 4 2 2 3 2 3 3 3 3 
3 3 4 3 3 1 7 4 5 2 5 3 4 4 4 2 3 2 5 5 3 4 4 5 5 2 6 5 4 5 3 2 2 6 2 6 6 1 4 2 2 5 5 5 6 4 4 6 4 4 3 7 3 5 2 4 5 3 6 4 4 4 6 3 4 6 5 3 3 5 4 2 1 3 5 6 6 4 4 3 4 4 5 5 5 4 5 4 4 3 4 5 6 6 5 3 4 2 5 3 6 6 6 4 6 7 4 4 3 6 5 4 4 4 5 4 5 3 2 1 4 6 5 4 3 6 4 4 3 3 5 6 5 6 4 6 3 4 2 4 5 4 3 5 3 5 3 3 1 5 4 5 2 5 4 4 5 4 5 3 5 4 6 5 5 5 6 3 4 3 5 4 4 4 3 5 5 3 3 4 6 5 5 6 3 5 4 5 2 4 4 3 3 4 4 4 5 2 5 4 
2 2 1 2 2 2 3 2 1 3 0 1 2 3 2 1 3 2 3 4 2 3 1 2 2 1 2 2 1 2 1 1 2 3 2 2 2 3 3 2 2 1 2 2 3 3 2 1 1 1 1 2 1 1 2 1 2 2 3 3 3 2 1 3 2 2 2 2 3 2 2 2 3 0 1 3 1 3 2 3 1 3 2 2 1 2 2 1 2 2 2 2 2 1 2 2 3 2 2 3 1 2 2 2 2 3 2 2 1 2 3 2 1 2 3 1 2 2 2 1 2 3 3 1 2 2 3 3 2 2 1 1 2 2 2 1 1 2 2 2 2 2 3 2 2 2 3 2 1 1 3 1 2 2 2 2 3 2 2 1 2 2 3 2 3 2 1 2 2 2 1 2 2 1 3 2 3 3 3 4 3 2 2 2 3 2 1 3 2 3 2 2 2 2 3 2 3 1 3 2 
0 1 1 1 1 1 1 1 1 1 2 1 1 1 1 1 1 1 1 1 1 1 1 1 1 1 1 0 1 0 0 1 1 1 1 1 1 1 1 1 1 1 1 1 1 1 1 1 1 1 1 1 1 1 1 1 1 1 1 1 1 1 1 1 2 1 1 2 1 1 1 1 1 1 1 0 1 1 1 1 1 1 1 1 1 1 1 1 1 1 2 1 1 1 1 1 1 1 1 2 1 1 1 1 1 0 1 1 0 1 1 1 1 1 1 1 1 1 1 1 1 1 2 1 1 1 1 1 1 1 1 1 1 1 1 0 1 1 1 1 1 1 1 1 1 1 1 1 2 1 1 1 1 1 1 2 1 1 1 1 1 1 1 1 1 1 1 1 1 1 1 1 1 1 1 1 1 1 2 1 1 1 1 1 1 1 1 1 1 1 1 1 1 1 1 1 1 1 1 1 
7 10 8 5 10 8 5 8 4 7 4 7 5 11 10 7 10 8 13 11 7 9 7 5 7 3 7 6 10 5 5 6 4 8 4 6 6 5 3 3 10 5 4 8 8 8 9 10 9 8 9 6 2 9 6 9 8 7 7 7 5 10 8 10 8 8 10 7 7 9 9 3 9 10 12 6 7 9 10 7 8 11 6 8 5 5 6 4 9 7 8 7 11 6 10 7 3 6 6 5 7 7 2 9 3 4 4 7 11 8 9 7 8 9 6 10 9 7 4 8 6 5 7 5 1 10 3 9 10 6 8 10 6 7 5 7 7 7 10 4 13 6 9 4 4 12 7 10 4 4 7 10 5 10 7 7 3 7 8 6 11 6 5 10 5 8 7 7 7 5 8 10 9 5 9 8 7 4 7 11 10 10 8 6 10 5 5 7 5 6 9 7 9 7 5 9 4 9 6 2 
14 7 9 8 9 10 7 8 6 12 9 4 9 14 11 10 11 8 12 10 14 13 7 3 10 10 11 8 6 10 5 6 13 10 8 4 8 8 13 2 11 8 7 5 2 10 10 11 12 8 8 8 4 15 7 12 5 12 12 8 7 10 9 6 12 8 12 15 11 9 15 5 12 6 11 5 10 13 8 13 7 6 13 6 5 13 8 7 7 11 12 9 13 10 10 10 5 4 5 7 15 6 5 2 11 15 11 14 7 8 11 13 9 16 12 6 9 3 10 5 4 10 12 13 9 11 13 12 17 11 7 14 4 5 9 9 8 10 9 8 5 7 14 5 6 6 8 10 8 6 9 8 14 12 11 10 12 10 7 8 9 12 6 9 8 7 7 9 4 8 6 9 8 8 10 10 8 8 13 7 12 9 3 3 2 10 9 4 3 9 14 7 7 8 5 4 8 13 7 5 
4 2 4 6 2 3 5 3 4 2 5 4 4 5 6 2 5 6 5 4 3 6 5 4 2 4 5 2 4 7 5 6 5 4 2 4 5 7 6 5 4 4 5 3 2 5 5 5 3 3 4 3 2 3 0 7 4 2 6 3 3 5 6 2 5 4 7 3 2 3 3 4 4 6 4 4 4 3 4 6 5 4 3 3 5 2 5 4 3 5 4 5 2 3 1 2 2 5 5 4 5 4 5 6 4 4 3 4 2 6 3 4 3 2 3 4 1 6 3 3 6 4 5 3 5 6 2 4 4 5 3 3 4 3 3 6 6 6 6 3 4 4 4 3 6 5 3 5 4 5 3 5 3 4 2 4 5 4 4 3 4 2 1 6 5 4 4 3 2 2 4 6 6 6 4 4 4 5 6 5 3 3 4 3 3 2 5 3 1 4 4 3 4 3 5 3 3 4 4 2 
6 11 9 9 9 10 5 1 5 10 6 7 9 3 7 9 9 4 1 6 8 7 13 12 8 13 13 5 10 8 8 8 9 11 9 6 2 9 10 9 10 12 9 10 6 6 11 10 7 9 12 10 6 11 10 11 13 12 13 11 9 12 9 6 11 8 10 5 11 12 12 10 8 7 10 4 5 6 12 7 8 12 6 9 12 11 10 9 8 9 13 9 11 10 8 7 8 10 8 9 9 16 14 11 9 10 8 15 8 12 6 12 7 4 8 8 12 11 6 13 9 8 12 5 13 10 4 8 9 7 14 7 8 8 7 9 8 15 10 8 9 4 11 7 9 5 7 11 9 4 10 15 11 10 10 6 11 7 8 13 9 16 8 10 3 10 7 10 10 14 8 14 5 12 9 12 9 15 12 12 10 11 7 11 13 10 15 3 3 8 11 12 9 8 13 8 6 11 11 7 
3 4 6 4 5 3 5 2 6 5 4 3 6 4 4 0 4 3 4 3 3 3 3 2 3 0 4 4 5 3 3 1 3 4 3 6 3 4 2 3 4 4 3 4 4 5 3 3 1 3 4 5 4 4 2 3 4 5 3 4 3 4 2 2 4 3 5 4 3 4 6 3 2 3 3 2 3 4 5 5 3 4 4 6 5 6 6 6 3 5 6 5 5 4 4 3 3 4 2 6 2 6 3 5 5 1 3 6 4 5 1 3 2 6 4 4 4 5 4 4 5 4 3 3 3 3 7 4 4 5 4 6 5 2 8 2 3 2 5 4 4 5 4 4 7 6 2 6 3 6 3 3 3 3 6 4 3 2 5 4 4 5 2 6 4 3 6 4 3 4 3 5 5 6 3 5 3 5 3 5 4 1 2 3 4 5 1 4 3 2 5 4 5 7 5 5 6 2 4 2 
2 6 3 5 6 4 3 5 4 5 5 5 4 4 4 6 4 6 4 2 4 3 5 1 6 3 4 4 4 2 4 4 6 6 5 6 2 4 5 3 3 3 5 5 3 5 4 4 3 4 5 4 6 4 7 3 5 4 4 4 4 6 3 4 2 5 3 2 4 6 3 4 6 4 2 2 6 4 3 5 3 4 2 4 5 8 5 5 3 4 5 5 5 6 3 4 4 5 4 4 3 4 5 4 6 3 4 3 3 6 3 5 4 4 6 5 2 4 6 4 6 0 7 3 2 2 5 3 2 5 5 4 2 4 3 6 6 5 4 5 3 6 6 4 5 5 3 2 6 6 4 1 5 3 4 4 3 5 4 4 5 4 3 4 3 6 3 5 4 5 3 4 4 2 5 3 5 1 5 4 6 4 4 6 5 3 6 4 6 4 1 3 3 3 5 6 7 3 3 0 
10 8 8 6 10 7 10 11 8 8 4 12 6 4 12 9 9 7 9 9 4 11 14 8 10 13 10 8 7 12 13 11 7 7 9 9 2 18 9 12 10 10 8 10 9 5 6 12 9 6 8 12 4 11 6 4 15 10 5 7 7 9 12 6 10 8 7 8 8 10 10 10 0 10 8 7 7 8 11 7 6 6 8 6 8 5 5 10 7 8 7 4 8 5 11 7 7 12 13 7 10 8 5 9 9 6 10 9 12 6 10 5 9 7 5 13 6 4 4 8 9 8 7 10 8 9 8 6 4 13 11 8 8 8 9 8 6 3 10 10 5 6 6 9 5 16 13 9 13 12 9 5 7 7 8 8 9 8 9 10 6 9 8 8 4 10 4 11 16 10 10 6 9 9 7 11 7 8 12 4 5 12 13 7 5 7 9 10 4 7 12 10 9 5 8 4 12 7 8 3 
2 4 3 1 3 3 2 3 5 5 5 3 2 4 3 3 2 3 3 4 3 2 4 3 3 3 3 3 2 2 3 2 2 3 2 4 4 2 4 1 5 5 4 4 2 2 4 3 3 3 0 2 4 3 4 4 4 2 4 4 4 3 3 2 3 3 2 2 2 5 3 4 4 2 2 4 1 4 2 4 2 4 2 2 4 2 3 3 2 2 3 1 4 4 3 2 3 3 2 3 4 1 3 3 3 2 4 2 3 4 4 3 1 5 3 2 2 2 1 2 2 3 2 2 4 3 3 4 3 2 2 3 3 3 4 3 3 2 2 2 4 2 2 4 1 2 4 4 5 1 3 3 2 3 4 3 5 2 4 4 3 1 4 3 4 4 4 1 2 2 2 2 1 3 4 3 3 5 4 4 2 4 3 2 2 3 3 3 4 4 3 1 4 5 2 3 1 3 3 3 
5 8 12 15 18 4 4 14 9 11 10 11 5 11 12 10 8 12 10 13 6 13 12 16 16 12 9 12 11 11 11 1 16 9 12 12 7 11 13 8 6 12 9 16 14 12 7 12 9 14 13 16 9 7 3 7 10 7 11 4 8 13 15 9 2 13 8 1 10 7 11 13 10 13 5 13 11 17 18 11 12 12 14 8 10 11 5 8 4 10 13 13 14 8 12 13 7 10 11 8 11 18 8 7 11 10 16 5 9 10 12 11 11 8 11 8 14 11 7 9 15 9 15 11 5 10 5 11 16 13 7 9 5 5 10 12 6 12 10 15 9 6 12 8 13 7 13 8 7 9 9 13 13 12 4 14 16 7 7 8 10 11 8 17 10 16 10 11 19 11 11 8 3 8 9 12 9 6 20 11 13 16 10 9 2 4 10 7 8 8 15 12 12 4 13 8 4 5 17 14 
2 2 2 2 2 1 0 2 2 2 0 2 3 1 1 3 2 1 2 2 4 1 2 2 3 2 1 2 2 1 2 4 2 2 2 1 2 1 1 1 3 2 3 3 2 1 1 2 2 2 1 2 1 1 2 3 3 2 3 1 2 2 2 2 1 3 1 2 3 1 0 3 2 1 3 1 2 2 2 3 2 2 2 2 3 2 2 1 2 2 2 2 2 2 3 3 2 1 2 2 2 2 2 1 2 2 2 2 2 2 0 3 1 3 3 3 2 1 3 1 2 3 1 2 2 2 2 2 2 2 1 1 2 2 2 0 1 1 1 4 2 2 2 1 3 1 1 1 2 1 2 3 2 3 2 2 3 3 1 2 2 2 2 2 2 3 2 3 2 2 3 2 2 1 1 2 3 3 2 2 2 3 2 3 0 2 1 3 2 2 1 3 2 1 2 1 3 2 2 2 
3 3 3 3 3 3 4 2 1 2 4 1 4 2 4 4 5 3 2 2 4 3 3 4 3 3 4 3 4 3 3 3 2 2 4 3 1 3 5 3 2 3 3 4 3 3 4 2 1 1 3 3 4 5 3 2 4 4 2 0 2 4 4 5 1 4 3 4 3 3 2 5 3 4 4 4 1 2 4 3 3 2 3 3 4 4 3 2 1 3 2 3 3 3 4 3 4 3 4 3 4 2 3 3 4 4 2 2 3 3 2 3 1 3 3 3 5 4 3 4 2 4 3 4 2 4 1 2 2 3 3 3 2 3 3 2 4 3 3 2 4 3 3 3 1 3 2 1 2 4 2 2 1 3 4 4 2 4 2 3 3 3 4 1 2 4 3 2 2 3 4 3 5 5 3 1 3 1 3 2 4 5 3 3 1 3 3 3 3 4 3 2 3 5 1 3 4 1 2 6 
6 10 14 8 7 4 12 14 14 10 7 10 7 11 13 8 12 10 6 10 6 6 11 8 6 11 8 10 13 13 7 15 7 5 10 10 8 15 10 8 12 7 7 2 8 6 6 8 5 1 9 6 13 9 7 11 10 5 10 9 10 13 9 6 10 10 11 10 7 7 8 12 8 7 7 12 5 10 9 8 10 9 5 8 11 10 6 8 8 14 9 13 13 9 9 4 11 8 6 9 11 7 4 8 10 9 7 4 13 17 12 10 7 16 10 10 5 11 5 7 11 8 7 10 11 16 17 8 7 17 6 9 14 13 12 9 9 3 4 9 8 6 9 9 8 9 8 10 10 4 10 10 14 6 7 9 13 11 10 4 11 3 8 5 11 4 6 3 14 4 11 9 10 1 10 9 5 5 6 7 9 9 12 5 12 5 4 15 3 15 0 13 9 13 12 13 5 11 9 10 
8 9 3 7 12 8 11 13 18 18 9 12 8 6 9 13 8 16 0 6 8 11 6 17 11 14 8 9 8 18 10 5 14 10 7 11 10 6 11 10 9 12 12 18 10 11 12 6 4 10 10 12 11 13 7 9 11 3 9 13 7 7 8 7 6 9 11 7 11 3 14 12 11 14 3 11 10 9 10 11 10 6 7 0 11 8 10 8 16 11 10 10 12 9 9 15 12 12 8 10 10 11 6 6 7 10 8 11 8 7 2 7 11 4 12 11 6 10 12 7 10 12 7 9 4 6 10 7 7 16 4 15 10 9 9 8 9 4 12 6 7 11 6 13 7 10 5 9 12 9 7 16 7 12 7 10 4 7 9 9 14 6 6 14 5 11 8 10 8 5 8 6 6 10 7 5 10 6 13 7 10 3 5 10 17 7 14 10 13 10 12 10 14 11 11 6 5 8 3 8 
8 14 11 10 4 6 10 11 8 2 9 10 7 13 5 11 14 9 13 13 11 7 11 10 7 18 9 14 5 15 12 7 13 8 10 13 14 12 13 13 10 15 7 15 11 3 5 8 5 9 11 13 9 16 11 6 14 3 7 15 7 13 7 9 7 8 6 12 8 12 13 8 10 10 15 7 7 13 10 8 13 1 10 14 10 6 11 10 10 11 6 9 8 14 7 11 14 10 11 2 12 9 10 13 10 11 14 9 11 13 8 6 9 12 10 15 5 9 5 10 15 12 11 6 12 13 11 7 11 8 12 6 12 12 12 9 6 12 17 8 13 7 12 7 4 11 9 14 6 8 13 11 15 11 10 10 9 6 14 16 8 4 10 12 14 10 12 9 9 10 4 16 10 10 14 7 5 10 14 12 9 10 14 12 11 11 5 9 10 9 11 11 14 7 12 15 9 12 13 9 
3 9 13 14 5 8 5 12 10 16 3 11 15 8 8 15 13 13 16 11 7 10 16 10 12 16 12 10 5 5 8 6 6 10 11 9 14 2 15 9 8 12 8 13 7 15 13 17 14 5 11 8 8 13 10 11 10 16 10 15 12 4 14 14 6 8 6 6 9 7 14 8 12 10 7 10 10 4 9 7 11 3 13 2 15 6 12 10 10 10 10 12 14 14 9 7 7 12 8 12 6 9 5 9 4 6 10 8 7 9 15 11 6 7 9 15 10 3 8 10 12 8 12 7 13 8 8 17 8 10 6 13 11 11 13 8 11 8 12 2 15 15 12 13 12 9 0 14 9 13 6 11 7 13 4 9 10 9 13 19 8 9 4 19 13 14 5 13 9 3 7 10 8 8 7 13 5 13 6 7 14 14 13 8 6 8 10 9 4 13 11 13 10 16 10 12 15 2 11 8 
6 9 8 3 11 8 10 9 6 8 0 3 8 9 8 11 9 0 10 11 9 11 3 11 3 13 7 9 5 7 3 8 3 9 7 7 11 8 11 6 9 10 13 7 5 6 5 13 9 10 8 10 9 10 4 13 7 8 7 6 10 0 9 5 9 6 8 7 6 5 2 12 13 8 7 9 5 5 12 9 10 10 2 11 13 9 5 7 8 8 6 12 10 8 7 12 6 6 10 8 6 8 6 9 13 7 9 4 4 8 8 6 9 10 14 10 8 6 10 7 6 7 9 5 4 9 3 5 3 12 6 11 7 8 10 3 14 6 6 10 8 4 4 10 9 7 9 10 7 10 6 11 9 11 4 9 5 10 6 3 7 14 3 9 15 8 9 8 10 5 7 9 11 8 7 9 8 8 5 7 6 8 9 7 10 6 8 11 7 8 5 4 7 8 9 8 8 8 10 5 
8 7 12 7 11 2 8 7 10 9 6 10 5 6 8 4 10 8 9 9 7 10 9 10 15 10 10 4 6 7 8 8 8 5 3 5 8 10 4 5 10 12 8 9 6 7 8 10 5 12 5 14 9 9 9 13 9 12 8 10 12 14 8 11 12 11 13 10 6 14 12 9 5 10 11 8 12 3 10 16 9 13 15 13 9 15 10 8 10 6 10 14 10 11 8 7 3 7 10 6 12 9 6 9 5 8 8 12 10 8 5 5 11 12 9 8 10 15 10 6 6 15 4 11 17 12 9 12 7 11 14 10 9 7 9 12 10 12 12 14 7 5 9 7 7 9 10 9 10 9 14 7 9 7 11 6 7 5 11 13 11 5 11 12 12 4 12 6 5 13 9 13 8 16 10 7 12 15 10 13 6 10 9 7 7 6 11 6 9 3 4 10 9 10 10 14 11 5 14 12 
1 1 1 1 1 1 1 0 1 1 1 1 1 1 1 1 1 2 1 1 1 1 1 1 0 1 1 1 1 1 1 2 1 1 1 1 1 2 1 1 1 1 1 1 1 1 1 1 1 1 2 1 1 1 1 1 1 1 1 1 1 1 1 1 1 1 1 1 0 1 1 1 2 1 1 1 1 1 1 1 1 1 1 1 1 1 1 1 1 1 1 1 1 1 1 1 1 1 1 1 1 1 1 1 1 1 1 1 0 1 1 1 1 1 0 2 1 1 1 1 1 1 1 1 1 1 1 1 1 1 1 1 2 1 1 1 1 1 1 1 1 1 1 1 1 0 1 1 0 1 1 1 1 1 1 1 1 1 1 1 1 1 1 0 1 1 1 1 1 1 1 2 1 2 1 1 1 2 1 1 2 1 1 1 1 1 1 1 0 1 1 1 1 1 1 1 1 2 1 0 
3 18 11 13 7 7 12 10 9 11 9 10 5 19 11 10 7 18 11 8 12 18 14 8 10 8 12 13 12 14 9 14 13 9 14 7 6 6 12 9 15 12 13 6 6 12 7 6 10 5 5 14 9 8 11 13 11 9 17 10 13 6 8 12 12 8 14 6 8 10 10 7 12 11 7 11 14 11 8 9 14 16 15 10 9 12 9 15 13 13 11 5 9 12 9 10 11 7 7 8 7 13 4 6 17 10 10 9 11 11 13 11 13 6 13 14 7 15 8 9 5 12 15 10 11 9 9 9 4 10 12 9 3 9 10 9 6 14 11 9 7 9 9 9 12 10 2 4 8 8 9 12 13 12 9 8 13 14 6 10 8 8 8 12 12 16 10 7 11 10 8 9 8 9 7 2 6 8 10 8 12 12 12 12 10 12 8 11 10 11 13 10 9 11 12 13 13 8 14 6 
1 3 3 4 4 2 4 4 3 2 1 2 4 2 3 4 3 3 2 4 2 2 3 3 2 1 4 2 4 4 2 4 2 4 5 2 5 3 3 3 3 3 2 2 3 4 2 1 2 4 5 3 3 3 3 3 4 2 1 3 3 4 4 2 2 4 2 3 2 2 3 3 3 1 2 4 4 3 3 5 3 3 3 4 2 4 3 3 3 2 5 1 3 2 4 1 4 4 2 3 3 4 3 5 4 5 3 2 3 3 3 4 2 5 1 4 1 2 4 4 4 3 4 2 0 3 4 2 3 4 2 4 2 4 5 2 2 3 3 2 3 4 3 4 3 1 3 3 3 4 4 2 2 2 3 3 2 1 2 3 3 3 3 1 4 4 3 4 2 3 3 3 3 3 4 3 3 6 4 2 2 3 5 2 2 2 5 4 0 3 5 5 1 4 4 4 4 1 2 2 
5 14 12 10 14 13 9 13 8 11 5 14 6 12 9 9 10 7 16 11 14 9 10 10 11 7 5 7 6 8 9 7 11 8 7 12 10 12 7 12 12 6 5 8 12 11 2 9 6 9 13 15 7 3 13 10 14 8 5 5 13 10 12 6 8 10 9 13 6 10 10 7 7 9 13 10 12 17 4 7 10 5 10 17 8 14 7 9 9 7 8 15 6 8 8 7 4 11 8 13 10 6 12 5 7 10 6 12 5 10 11 10 9 8 9 12 5 9 6 10 4 11 9 8 10 7 7 3 11 6 10 11 8 7 7 8 11 9 10 7 8 8 8 8 8 9 13 14 8 7 2 11 13 9 4 9 7 5 8 9 14 9 4 6 10 11 11 5 12 6 7 7 7 10 11 8 10 12 8 12 10 13 6 9 5 6 7 8 11 9 9 16 8 7 13 7 15 10 14 10 
3 3 2 4 3 5 4 4 4 4 4 4 5 4 5 3 3 4 5 5 0 3 2 3 5 5 4 3 3 3 3 3 6 4 5 3 5 6 5 4 4 5 7 5 4 4 6 6 4 3 7 4 3 1 4 4 5 5 6 4 2 4 3 3 4 4 1 3 5 3 3 6 3 2 5 7 4 5 3 4 5 4 4 4 4 3 4 4 5 4 6 6 5 6 4 4 3 4 3 4 4 4 4 5 5 6 3 6 3 7 5 5 5 3 5 3 4 6 3 5 2 5 6 4 7 5 3 3 4 7 3 4 5 6 7 3 4 6 4 2 3 5 3 3 5 4 6 1 4 3 5 2 5 4 5 4 6 2 6 3 2 5 5 5 4 6 5 3 5 5 6 5 3 4 5 3 4 5 3 6 3 6 4 3 4 1 3 6 5 3 6 4 4 6 5 4 2 3 4 4 
2 2 1 3 3 3 1 4 3 2 3 3 2 1 2 2 1 1 2 2 3 3 2 2 2 2 3 2 3 2 3 1 2 3 1 2 1 3 3 2 3 2 3 1 2 1 3 2 2 3 2 2 2 2 3 2 1 2 3 2 3 2 2 2 1 2 2 2 2 3 2 2 3 2 2 1 2 2 2 2 2 2 3 3 1 3 1 1 2 1 3 1 1 2 4 2 2 1 2 3 2 2 2 1 2 1 3 1 3 2 2 2 2 2 3 2 1 2 3 2 0 2 1 3 2 2 2 4 2 1 2 3 3 1 3 2 1 2 2 3 3 2 3 2 2 2 1 1 3 1 1 1 3 2 3 2 2 0 3 3 2 1 2 2 2 2 3 2 2 3 3 2 1 2 1 3 2 2 3 3 1 3 2 2 2 2 2 2 0 3 2 2 3 3 3 3 3 1 2 2 
6 6 7 5 4 8 6 4 6 5 7 4 5 3 6 2 2 4 2 10 5 3 3 5 6 6 9 5 3 5 5 6 4 5 5 7 5 5 4 2 5 8 6 1 5 1 2 5 4 4 8 4 6 5 5 5 3 3 4 5 4 4 3 4 4 6 4 3 3 4 6 4 4 8 6 6 4 7 7 8 1 7 5 6 4 4 7 7 6 5 3 7 9 4 7 5 0 4 3 5 7 5 7 5 2 6 9 5 6 5 4 6 6 3 6 6 6 6 5 4 6 4 2 2 5 5 5 7 4 5 5 4 6 6 7 0 5 5 3 4 5 4 6 8 6 8 10 6 1 6 6 7 4 5 5 8 3 4 2 2 5 7 3 6 5 5 5 5 4 0 5 2 5 4 5 5 6 2 6 4 7 6 2 4 6 2 6 4 4 6 3 6 8 6 4 2 8 2 3 5 
13 10 14 9 8 8 9 9 10 13 10 13 12 11 4 8 8 16 9 13 13 10 7 11 4 6 9 4 12 16 7 12 7 14 14 9 11 11 17 7 8 11 12 5 10 8 16 10 10 11 6 11 10 5 9 5 7 12 12 6 9 7 11 17 11 10 8 8 9 9 15 14 10 7 8 9 11 14 14 9 9 11 12 6 10 7 10 8 10 4 8 17 14 11 2 8 7 6 12 10 16 9 13 10 8 10 10 13 8 9 10 12 10 5 9 9 10 2 13 4 12 2 15 15 17 8 13 8 13 15 14 7 12 9 5 9 13 11 8 14 7 10 12 11 8 12 9 12 7 17 12 12 11 11 10 8 15 12 13 9 6 11 12 8 7 7 12 4 9 13 9 16 15 9 12 6 17 9 7 11 11 15 9 13 8 12 10 13 6 10 15 4 16 4 7 9 14 8 4 5 
14 9 15 17 14 12 17 7 12 8 9 7 8 12 1 8 14 13 10 9 12 6 6 3 8 10 13 16 9 5 10 8 13 8 11 11 6 12 8 8 5 10 10 11 14 12 9 12 9 8 11 11 15 11 7 12 13 8 10 11 11 15 9 9 13 5 16 11 8 16 12 10 7 18 12 15 9 9 13 9 12 10 12 6 11 8 9 10 14 9 9 11 9 6 12 9 13 8 5 14 10 9 14 8 12 17 9 13 13 14 15 16 9 11 7 10 13 16 12 15 12 6 16 12 5 5 16 15 5 8 10 11 8 11 8 12 4 9 16 14 10 9 10 15 14 3 10 13 7 9 12 8 2 9 7 11 7 14 18 7 10 12 11 8 12 7 12 8 7 11 13 5 3 14 13 9 10 11 7 9 9 4 13 7 10 10 11 9 15 9 10 5 13 10 6 5 12 10 14 8 
2 2 1 2 2 2 2 1 2 2 2 1 2 2 2 1 2 2 3 2 1 2 2 2 2 2 1 2 2 3 1 1 1 3 1 2 1 2 1 3 3 3 3 2 2 3 3 1 2 2 2 2 3 2 3 3 3 2 2 2 2 2 3 1 2 2 2 2 1 3 1 2 1 1 2 2 2 3 1 2 0 3 3 2 2 2 2 2 1 2 2 2 3 1 2 2 2 2 1 2 1 2 1 2 1 2 2 1 2 2 2 2 1 2 2 2 2 2 2 1 1 1 1 2 2 3 1 2 2 1 2 2 2 2 2 1 2 2 1 1 2 3 2 3 2 3 2 2 3 1 2 2 2 3 1 2 2 2 3 2 1 2 2 2 1 1 1 3 2 2 1 4 2 4 2 2 3 2 2 1 1 2 2 1 2 2 2 2 2 2 3 2 2 2 1 2 2 2 1 2 
9 8 5 3 4 3 5 4 6 5 5 4 5 8 5 5 6 7 2 4 5 5 6 5 8 7 5 5 7 5 3 5 4 4 5 6 4 4 7 4 5 6 7 2 5 6 6 5 8 2 5 7 5 4 5 7 6 6 6 7 8 3 6 6 3 4 4 4 5 3 5 1 8 5 7 4 5 7 7 4 5 4 6 2 6 3 7 6 5 5 7 3 6 3 4 5 1 7 5 8 5 3 4 6 4 6 5 7 5 4 4 5 5 3 4 6 3 4 5 3 4 4 4 5 6 2 4 5 5 4 5 6 5 4 7 7 5 3 4 5 5 4 6 2 4 5 4 7 4 6 5 4 6 6 5 3 4 4 6 5 7 6 7 5 6 5 8 4 7 4 4 5 6 6 5 8 5 2 7 4 7 8 3 1 6 7 3 3 5 5 6 5 7 5 6 2 6 2 6 9 
8 7 4 5 4 10 7 6 7 3 3 9 4 10 4 8 4 5 9 5 3 2 7 5 6 8 5 10 7 8 6 8 8 10 5 5 8 5 6 5 7 4 11 3 8 7 4 6 8 4 9 1 5 10 8 8 6 4 6 5 4 7 8 8 6 7 8 5 6 3 10 5 7 8 8 9 8 6 6 5 4 7 3 7 5 7 5 5 3 2 9 8 2 9 4 9 6 4 5 10 6 6 6 4 3 4 6 4 5 6 8 7 6 7 10 4 6 5 7 7 7 8 6 5 3 3 5 9 6 3 8 2 6 0 6 11 3 3 4 8 8 5 7 4 4 4 2 8 5 9 6 2 3 6 5 9 5 7 3 8 5 7 6 5 6 9 4 5 5 5 7 5 8 6 7 6 6 5 5 6 9 8 6 6 8 4 8 2 4 4 7 2 10 7 8 4 5 2 5 4 
9 8 14 11 5 10 11 8 8 11 10 7 8 8 4 8 14 7 8 9 7 11 11 10 6 6 4 9 8 4 12 5 8 9 13 11 10 10 3 12 13 10 6 12 6 5 8 10 7 9 10 11 7 4 11 8 6 12 11 9 12 3 4 9 5 7 9 5 8 12 11 10 8 8 5 5 9 10 9 8 6 8 5 8 10 6 6 9 14 11 7 8 7 8 5 10 4 10 10 12 10 5 7 8 6 7 11 9 9 9 6 8 8 7 6 9 7 11 8 9 7 10 10 12 9 6 9 3 9 7 11 6 6 6 10 9 5 11 6 7 7 3 8 10 7 7 8 7 12 8 10 8 6 10 11 4 7 4 8 9 6 11 5 5 4 2 8 8 9 6 9 4 13 12 2 12 7 13 11 7 6 4 7 4 12 9 6 12 9 11 8 11 9 9 11 7 8 10 8 10 
3 4 3 4 2 4 3 3 3 5 3 3 6 5 6 5 1 6 5 4 3 6 9 5 4 5 4 4 3 4 6 3 4 5 3 3 4 4 4 4 2 4 5 3 6 5 7 4 4 1 4 5 5 5 4 6 2 2 5 4 5 3 3 6 4 4 3 4 4 4 1 4 5 4 4 3 3 5 5 6 2 4 2 6 2 3 4 4 2 7 4 5 5 2 4 2 4 5 4 4 3 2 4 3 4 6 2 5 3 6 4 5 3 3 3 4 6 4 1 3 6 4 3 3 4 2 3 6 3 3 3 4 5 6 4 5 4 3 3 3 3 4 4 6 5 4 4 3 5 5 4 3 3 2 5 3 4 2 7 2 4 4 3 4 3 5 3 7 7 4 3 3 2 4 4 5 3 5 4 5 4 3 4 2 4 4 4 5 4 6 2 5 4 5 5 6 4 6 3 1 
7 10 11 9 14 5 10 9 10 9 6 4 13 12 9 7 13 13 4 3 6 12 11 3 7 6 10 13 7 9 8 7 7 2 9 7 9 9 13 5 14 8 13 9 11 12 10 8 10 8 10 15 16 4 7 8 9 8 9 10 10 6 9 7 9 12 8 9 11 4 10 12 8 5 8 6 11 15 7 12 9 9 5 15 10 11 7 7 7 9 9 12 9 9 11 11 7 1 2 4 6 8 8 11 9 7 10 13 7 11 8 10 12 11 8 6 10 9 8 9 7 6 9 9 10 13 6 9 10 15 11 4 15 8 8 9 9 5 10 10 13 11 10 7 9 14 10 13 13 7 10 4 2 17 11 13 11 11 12 7 7 9 9 6 6 12 10 10 7 8 12 10 6 9 6 11 10 7 9 6 6 14 12 9 9 8 6 11 8 9 6 7 2 7 11 6 8 4 14 8 
11 14 9 9 5 10 10 13 12 14 11 11 14 7 6 6 11 9 16 13 10 7 6 13 4 9 11 8 7 5 9 12 12 7 10 6 11 7 9 8 7 6 10 16 12 5 8 4 9 14 10 8 11 5 8 6 5 7 11 11 9 11 6 14 9 15 7 4 6 9 9 9 6 8 6 10 13 8 4 11 8 13 8 6 10 11 11 14 10 8 11 6 7 7 9 6 7 10 10 8 3 7 9 9 9 11 9 3 15 6 9 6 8 7 10 11 6 0 8 10 14 11 11 13 7 7 14 10 6 9 4 6 8 10 2 12 8 9 9 10 8 10 5 9 8 7 9 6 8 9 4 12 14 8 13 11 11 8 15 7 11 11 8 6 9 12 15 12 16 11 9 7 7 14 9 8 5 7 15 10 11 4 7 10 10 12 8 7 7 9 11 7 11 5 15 12 10 12 13 11 
5 7 3 3 5 3 6 5 4 6 6 8 3 5 6 7 7 6 5 5 3 7 5 7 5 4 7 6 5 6 6 5 5 3 3 5 7 4 5 5 5 5 6 3 6 7 6 5 5 6 6 5 6 6 4 6 4 7 6 3 7 4 7 4 2 5 5 4 3 5 4 8 5 2 3 6 4 5 4 8 5 3 6 7 5 5 6 5 5 5 2 5 4 8 4 8 4 2 5 7 6 4 5 8 7 5 5 6 8 7 3 7 4 7 4 7 3 3 3 6 2 3 4 7 5 6 5 7 6 6 4 5 4 4 6 5 3 5 7 2 6 7 7 5 4 3 7 7 6 6 5 5 3 7 6 6 4 5 3 6 3 4 5 4 6 3 4 3 4 8 2 5 3 3 5 7 5 3 3 7 9 8 5 4 5 5 7 4 5 6 7 8 5 5 8 8 3 7 3 7 
DEPOT_SECTION
 1
 -1
EOF
