NAME  : Jabali_40_4_0.85_1_9
TYPE : SVRP
MODEL : FINITE_SUPPORT
NUMBER_OF_SCENARIOS : 200
DIMENSION : 40
EDGE_WEIGHT_TYPE : MATRIX
CAPACITY : 63
N_VEHICLES : 4
NODE_COORD_SECTION
1 3568 4896
2 2771 1949
3 2984 2752
4 4617 7118
5 8425 4156
6 5613 3915
7 4120 2679
8 1922 5067
9 2422 7819
10 6903 5764
11 3532 8625
12 3346 7731
13 5403 415
14 1555 5889
15 2361 7088
16 8456 4523
17 1752 2955
18 3383 3026
19 7388 5056
20 4364 2092
21 857 4208
22 5395 5598
23 3600 18
24 3323 4428
25 5820 2730
26 4198 5602
27 2058 7379
28 27 3544
29 3441 8034
30 4347 5226
31 1535 6807
32 6219 4942
33 4693 4666
34 712 5944
35 901 5734
36 2906 8499
37 4027 37
38 8191 4936
39 2146 6086
40 2116 936
DEMAND_SECTION
1 0.0
2 2.0
3 8.0
4 2.0
5 4.0
6 9.0
7 8.0
8 3.0
9 5.0
10 9.0
11 8.0
12 3.0
13 5.0
14 1.0
15 5.0
16 9.0
17 4.0
18 7.0
19 7.0
20 8.0
21 9.0
22 3.0
23 10.0
24 1.0
25 1.0
26 5.0
27 7.0
28 5.0
29 9.0
30 3.0
31 8.0
32 4.0
33 5.0
34 6.0
35 3.0
36 6.0
37 7.0
38 8.0
39 3.0
40 6.0
DEVIATION_SECTION
1 0.0
2 0.666667
3 2.66667
4 0.666667
5 1.33333
6 3.0
7 2.66667
8 1.0
9 1.66667
10 3.0
11 2.66667
12 1.0
13 1.66667
14 0.333333
15 1.66667
16 3.0
17 1.33333
18 2.33333
19 2.33333
20 2.66667
21 3.0
22 1.0
23 3.33333
24 0.333333
25 0.333333
26 1.66667
27 2.33333
28 1.66667
29 3.0
30 1.0
31 2.66667
32 1.33333
33 1.66667
34 2.0
35 1.0
36 2.0
37 2.33333
38 2.66667
39 1.0
40 2.0
DISTANCE_MATRIX
0.0 41.1825 30.0167 35.0071 67.3722 30.9799 34.5222 22.0227 43.389 47.1699 52.3932 41.0013 75.3783 29.9211 36.3419 66.7649 36.0139 26.0952 52.345 42.988 37.7359 26.4008 65.9077 6.7082 46.4721 12.3693 41.2352 50.9902 44.583 11.1803 39.9715 36.0694 14.7279 39.37 36.4861 50.5996 66.2483 62.9375 29.5719 57.2713 
41.1825 0.0 11.1803 75.5306 83.2586 46.5296 20.8806 43.0465 79.0595 76.1716 90.6266 79.2307 39.2988 54.7083 69.4084 84.8646 19.0 16.4924 75.71 21.2603 40.1995 60.6712 28.4605 34.4819 42.0595 53.2531 72.2402 43.1741 82.8168 50.6324 65.4599 62.202 45.8912 59.808 57.0088 88.8283 30.4138 83.8153 55.0705 16.4924 
30.0167 11.1803 0.0 64.354 76.6616 38.302 14.8661 34.176 70.6415 66.7533 79.6492 68.2495 45.7068 45.6946 59.9639 77.8267 17.2047 6.08276 67.6515 19.9249 35.5106 50.1597 37.2156 23.3238 36.7967 42.0765 62.7956 42.0595 71.8401 39.4558 56.0255 52.9534 35.2278 52.1728 49.2443 77.852 38.0789 76.2303 45.6259 27.5136 
35.0071 75.5306 64.354 0.0 64.3817 43.566 61.1643 47.5184 30.0167 35.6931 25.1794 18.9737 88.3305 44.3847 29.0689 61.8142 69.8713 60.4264 46.2709 69.9281 65.7647 22.8473 97.1413 41.4948 59.3633 22.7073 32.5576 79.9062 20.2237 25.0783 40.0 35.6931 31.8904 54.5894 53.2259 29.2746 97.2868 56.0892 35.7726 91.749 
67.3722 83.2586 76.6616 64.3817 0.0 40.3609 62.6099 89.3574 92.6499 29.0 89.0898 83.0241 64.0703 97.0448 88.1709 4.24264 93.056 71.1308 18.1108 63.5382 105.87 45.8803 85.2877 70.7998 41.4367 63.5059 92.751 116.095 84.5931 59.5399 97.6524 32.2025 53.0094 106.494 103.61 93.6483 81.0987 9.84886 96.6956 96.9049 
30.9799 46.5296 38.302 43.566 40.3609 0.0 26.0192 52.9651 66.0037 30.0666 67.2309 57.9465 45.3431 60.6525 61.7962 40.8044 56.5772 32.7567 29.4109 30.8058 67.7834 21.2603 58.5407 34.4075 15.8114 30.0666 66.6895 78.0085 60.5413 25.02 70.8278 16.1245 16.2794 70.1013 67.2175 69.126 55.9464 38.4708 60.3033 62.0725 
34.5222 20.8806 14.8661 61.1643 62.6099 26.0192 0.0 43.0465 75.4003 56.0089 84.4044 73.0125 36.8935 53.7038 68.3531 64.0781 32.0156 10.7703 54.9181 8.94427 48.7032 43.6005 36.4034 27.846 22.0227 42.9232 73.2465 56.6039 76.5942 37.834 63.7542 42.0119 29.5967 62.0081 59.0085 82.2321 36.6776 62.9365 53.3546 36.0555 
22.0227 43.0465 34.176 47.5184 89.3574 52.9651 43.0465 0.0 37.2156 68.6043 53.1413 42.45 78.2304 11.6619 27.7308 88.7501 28.4253 33.541 74.2496 51.3517 18.2483 47.5395 71.1126 21.5407 61.9757 31.4232 30.2324 32.3883 45.8803 31.8012 22.6716 58.0 36.7131 19.0263 16.0312 48.3011 72.2357 84.8999 13.6015 55.9017 
43.389 79.0595 70.6415 30.0167 92.6499 66.0037 75.4003 37.2156 0.0 64.846 18.0278 12.0416 110.924 27.5136 9.89949 90.5207 65.4606 66.9732 74.7262 83.866 52.4976 47.4216 106.786 47.8682 81.6152 43.4336 7.28011 65.5134 13.4164 45.8047 17.1172 61.543 52.9066 33.0 33.1361 11.4018 107.126 85.0706 24.2074 92.532 
47.1699 76.1716 66.7533 35.6931 29.0 30.0666 56.0089 68.6043 64.846 0.0 60.1332 54.5711 71.5542 76.2289 61.2944 26.1725 79.7522 60.6712 11.1803 60.6712 84.9058 21.2603 87.8009 51.041 41.7852 39.598 65.7419 98.0051 55.9017 37.0135 70.8278 14.0 34.0147 84.0967 82.794 64.9384 84.7703 20.3961 64.951 92.0054 
52.3932 90.6266 79.6492 25.1794 89.0898 67.2309 84.4044 53.1413 18.0278 60.1332 0.0 11.4018 111.749 44.7214 25.7099 86.2844 81.0191 75.9774 71.0282 91.9151 69.6348 47.5395 115.79 56.8724 82.8424 44.6608 25.02 83.0241 7.81025 47.0319 35.0143 60.8276 54.1338 51.0098 51.0392 8.06226 116.13 80.399 39.5601 106.123 
41.0013 79.2307 68.2495 18.9737 83.0241 57.9465 73.0125 42.45 12.0416 54.5711 11.4018 0.0 102.464 35.0143 16.0312 80.604 70.1707 64.5855 64.9384 81.4782 59.5399 39.1152 104.398 45.4805 73.558 35.3764 17.088 73.2462 3.60555 37.7475 26.6833 53.0094 44.8493 42.7551 42.2966 11.1803 104.739 74.9533 28.8617 94.7275 
75.3783 39.2988 45.7068 88.3305 64.0703 45.3431 36.8935 78.2304 110.924 71.5542 111.749 102.464 0.0 89.2277 103.877 67.2681 58.2249 47.5477 65.4599 36.1267 79.2024 66.4831 23.2594 63.3699 30.2324 75.0197 108.77 82.4156 105.059 69.9305 99.2781 59.3633 60.6778 97.2526 94.2604 117.756 18.3848 69.0507 88.8785 43.2782 
29.9211 54.7083 45.6946 44.3847 97.0448 60.6525 53.7038 11.6619 27.5136 76.2289 44.7214 35.0143 89.2277 0.0 19.105 96.4438 39.598 44.643 81.8753 62.1692 25.0 55.1642 82.7345 30.5941 72.6309 39.0478 20.2485 38.3275 38.1182 39.4258 11.4018 65.6327 44.4005 11.4018 9.21954 38.8973 83.7735 92.5376 9.21954 67.3573 
36.3419 69.4084 59.9639 29.0689 88.1709 61.7962 68.3531 27.7308 9.89949 61.2944 25.7099 16.0312 103.877 19.105 0.0 86.2543 55.8095 59.926 70.4509 76.8188 43.9318 42.7641 99.7386 40.8211 77.4076 39.2261 5.0 57.4282 19.0263 41.5971 11.1803 56.8856 48.699 26.9258 26.3059 20.5913 100.079 81.0413 14.4222 82.8809 
66.7649 84.8646 77.8267 61.8142 4.24264 40.8044 64.0781 88.7501 90.5207 26.1725 86.2844 80.604 67.2681 96.4438 86.2543 0.0 94.2083 72.283 15.8114 65.4123 104.257 44.2832 88.0909 70.1925 43.4166 62.2656 90.8345 116.095 82.0366 58.5235 95.7358 31.0644 52.4976 105.893 103.009 91.0824 84.006 6.08276 96.0946 98.779 
36.0139 19.0 17.2047 69.8713 93.056 56.5772 32.0156 28.4253 65.4606 79.7522 81.0191 70.1707 58.2249 39.598 55.8095 94.2083 0.0 21.9317 81.892 36.6742 21.3776 60.8276 46.8722 30.0666 53.7587 48.1664 58.6003 25.0799 73.7568 47.0106 50.9313 66.4831 47.7056 42.5441 39.9625 76.4 49.2544 91.7025 41.4716 28.0179 
26.0952 16.4924 6.08276 60.4264 71.1308 32.7567 10.7703 33.541 66.9732 60.6712 75.9774 64.5855 47.5477 44.643 59.926 72.283 21.9317 0.0 62.1062 18.0 37.9473 44.2832 39.8246 19.419 31.8904 38.1489 61.5004 46.0435 68.1672 35.5281 54.7303 46.8724 29.4279 52.2398 49.2544 74.1838 40.1538 70.685 44.3307 32.9848 
52.345 75.71 67.6515 46.2709 18.1108 29.4109 54.9181 74.2496 74.7262 11.1803 71.0282 64.9384 65.4599 81.8753 70.4509 15.8114 81.892 62.1062 0.0 58.0345 89.8427 28.6531 83.7257 55.7787 37.2156 46.8722 75.031 102.758 66.4831 43.4166 79.9323 16.2788 38.2884 91.3242 88.4404 75.5381 80.2309 10.8167 81.5262 90.7965 
42.988 21.2603 19.9249 69.9281 63.5382 30.8058 8.94427 51.3517 83.866 60.6712 91.9151 81.4782 36.1267 62.1692 76.8188 65.4123 36.6742 18.0 58.0345 0.0 55.3173 50.2709 47.0499 36.3118 22.1329 51.8156 81.7122 61.7414 85.0599 46.7264 72.2196 46.8722 38.4892 70.1783 67.1863 90.6978 44.4882 64.968 61.82 33.5261 
37.7359 40.1995 35.5106 65.7647 105.87 67.7834 48.7032 18.2483 52.4976 84.9058 69.6348 59.5399 79.2024 25.0 43.9318 104.257 21.3776 37.9473 89.8427 55.3173 0.0 64.0078 68.2495 34.7131 68.9012 47.9239 45.2217 14.1421 62.8013 48.3011 35.8469 73.5648 52.2195 23.3452 21.4009 63.8905 70.5762 100.429 31.0161 48.3322 
26.4008 60.6712 50.1597 22.8473 45.8803 21.2603 43.6005 47.5395 47.4216 21.2603 47.5395 39.1152 66.4831 55.1642 42.7641 44.2832 60.8276 44.2832 28.6531 50.2709 64.0078 0.0 78.7276 31.0483 37.0135 18.4391 47.3443 77.3886 41.4367 15.8114 52.2456 14.1421 15.0 64.613 61.7292 50.2494 76.1659 39.4462 46.3689 77.1038 
65.9077 28.4605 37.2156 97.1413 85.2877 58.5407 36.4034 71.1126 106.786 87.8009 115.79 104.398 23.2594 82.7345 99.7386 88.0909 46.8722 39.8246 83.7257 47.0499 68.2495 78.7276 0.0 59.2315 46.5296 78.9002 99.9637 69.0072 107.98 73.811 93.1936 74.3303 65.5737 88.2553 85.44 113.996 5.0 89.0225 82.794 24.0416 
6.7082 34.4819 23.3238 41.4948 70.7998 34.4075 27.846 21.5407 47.8682 51.041 56.8724 45.4805 63.3699 30.5941 40.8211 70.1925 30.0666 19.419 55.7787 36.3118 34.7131 31.0483 59.2315 0.0 46.7731 18.9737 45.7144 47.1699 49.0622 17.0294 40.6445 39.5007 18.1555 40.025 37.108 55.0788 59.5721 66.3651 30.2449 50.5668 
46.4721 42.0595 36.7967 59.3633 41.4367 15.8114 22.0227 61.9757 81.6152 41.7852 82.8424 73.558 30.2324 72.6309 77.4076 43.4166 53.7587 31.8904 37.2156 22.1329 68.9012 37.0135 46.5296 46.7731 0.0 45.6113 82.301 77.801 76.1527 40.5913 82.6813 29.1548 31.7716 80.9565 77.9565 84.7375 43.1741 43.2897 72.2817 55.4996 
12.3693 53.2531 42.0765 22.7073 63.5059 30.0666 42.9232 31.4232 43.4336 39.598 44.6608 35.3764 75.0197 39.0478 39.2261 62.2656 48.1664 38.1489 46.8722 51.8156 47.9239 18.4391 78.9002 18.9737 45.6113 0.0 44.1194 61.5049 37.9712 5.09902 48.2577 31.305 14.3178 48.4967 45.6128 46.5559 79.1743 57.6888 38.6987 69.4622 
41.2352 72.2402 62.7956 32.5576 92.751 66.6895 73.2465 30.2324 7.28011 65.7419 25.02 17.088 108.77 20.2485 5.0 90.8345 58.6003 61.5004 75.031 81.7122 45.2217 47.3443 99.9637 45.7144 82.301 44.1194 0.0 58.2495 19.4165 46.4905 10.0 61.4657 53.5923 26.0768 26.0192 18.6815 100.843 85.6154 17.6918 85.7126 
50.9902 43.1741 42.0595 79.9062 116.095 78.0085 56.6039 32.3883 65.5134 98.0051 83.0241 73.2462 82.4156 38.3275 57.4282 116.095 25.0799 46.0435 102.758 61.7414 14.1421 77.3886 69.0072 47.1699 77.801 61.5049 58.2495 0.0 76.4199 61.8466 48.5077 86.48 65.1348 34.0147 32.8938 76.9025 72.1734 113.134 45.0111 46.3897 
44.583 82.8168 71.8401 20.2237 84.5931 60.5413 76.5942 45.8803 13.4164 55.9017 7.81025 3.60555 105.059 38.1182 19.0263 82.0366 73.7568 68.1672 66.4831 85.0599 62.8013 41.4367 107.98 49.0622 76.1527 37.9712 19.4165 76.4199 0.0 40.3422 29.2746 55.1453 47.4441 45.3982 45.0999 9.05539 108.32 76.2955 32.28 98.3137 
11.1803 50.6324 39.4558 25.0783 59.5399 25.02 37.834 31.8012 45.8047 37.0135 47.0319 37.7475 69.9305 39.4258 41.5971 58.5235 47.0106 35.5281 43.4166 46.7264 48.3011 15.8114 73.811 17.0294 40.5913 5.09902 46.4905 61.8466 40.3422 0.0 50.6287 27.4591 9.21954 48.8747 45.9909 48.927 74.0851 54.2033 39.0767 66.8508 
39.9715 65.4599 56.0255 40.0 97.6524 70.8278 63.7542 22.6716 17.1172 70.8278 35.0143 26.6833 99.2781 11.4018 11.1803 95.7358 50.9313 54.7303 79.9323 72.2196 35.8469 52.2456 93.1936 40.6445 82.6813 48.2577 10.0 48.5077 29.2746 50.6287 0.0 66.3671 57.7306 16.1245 16.0312 28.4429 94.0726 90.5227 13.1529 78.5684 
36.0694 62.202 52.9534 35.6931 32.2025 16.1245 42.0119 58.0 61.543 14.0 60.8276 53.0094 59.3633 65.6327 56.8856 31.0644 66.4831 46.8724 16.2788 46.8722 73.5648 14.1421 74.3303 39.5007 29.1548 31.305 61.4657 86.48 55.1453 27.4591 66.3671 0.0 22.0227 75.0815 72.1977 64.0703 71.5122 26.9072 65.2835 78.0064 
14.7279 45.8912 35.2278 31.8904 53.0094 16.2794 29.5967 36.7131 52.9066 34.0147 54.1338 44.8493 60.6778 44.4005 48.699 52.4976 47.7056 29.4279 38.2884 38.4892 52.2195 15.0 65.5737 18.1555 31.7716 14.3178 53.5923 65.1348 47.4441 9.21954 57.7306 22.0227 0.0 53.8494 50.9655 56.0288 65.8479 48.7955 44.0513 62.3699 
39.37 59.808 52.1728 54.5894 106.494 70.1013 62.0081 19.0263 33.0 84.0967 51.0098 42.7551 97.2526 11.4018 26.9258 105.893 42.5441 52.2398 91.3242 70.1783 23.3452 64.613 88.2553 40.025 80.9565 48.4967 26.0768 34.0147 45.3982 48.8747 16.1245 75.0815 53.8494 0.0 3.0 44.1022 89.8443 101.986 20.5183 70.4911 
36.4861 57.0088 49.2443 53.2259 103.61 67.2175 59.0085 16.0312 33.1361 82.794 51.0392 42.2966 94.2604 9.21954 26.3059 103.009 39.9625 49.2544 88.4404 67.1863 21.4009 61.7292 85.44 37.108 77.9565 45.6128 26.0192 32.8938 45.0999 45.9909 16.0312 72.1977 50.9655 3.0 0.0 44.4072 86.977 99.1026 18.4391 67.9559 
50.5996 88.8283 77.852 29.2746 93.6483 69.126 82.2321 48.3011 11.4018 64.9384 8.06226 11.1803 117.756 38.8973 20.5913 91.0824 76.4 74.1838 75.5381 90.6978 63.8905 50.2494 113.996 55.0788 84.7375 46.5559 18.6815 76.9025 9.05539 48.927 28.4429 64.0703 56.0288 44.1022 44.4072 0.0 114.337 85.3288 34.9857 103.471 
66.2483 30.4138 38.0789 97.2868 81.0987 55.9464 36.6776 72.2357 107.126 84.7703 116.13 104.739 18.3848 83.7735 100.079 84.006 49.2544 40.1538 80.2309 44.4882 70.5762 76.1659 5.0 59.5721 43.1741 79.1743 100.843 72.1734 108.32 74.0851 94.0726 71.5122 65.8479 89.8443 86.977 114.337 0.0 85.1469 83.673 28.2312 
62.9375 83.8153 76.2303 56.0892 9.84886 38.4708 62.9365 84.8999 85.0706 20.3961 80.399 74.9533 69.0507 92.5376 81.0413 6.08276 91.7025 70.685 10.8167 64.968 100.429 39.4462 89.0225 66.3651 43.2897 57.6888 85.6154 113.134 76.2955 54.2033 90.5227 26.9072 48.7955 101.986 99.1026 85.3288 85.1469 0.0 92.1884 98.27 
29.5719 55.0705 45.6259 35.7726 96.6956 60.3033 53.3546 13.6015 24.2074 64.951 39.5601 28.8617 88.8785 9.21954 14.4222 96.0946 41.4716 44.3307 81.5262 61.82 31.0161 46.3689 82.794 30.2449 72.2817 38.6987 17.6918 45.0111 32.28 39.0767 13.1529 65.2835 44.0513 20.5183 18.4391 34.9857 83.673 92.1884 0.0 68.543 
57.2713 16.4924 27.5136 91.749 96.9049 62.0725 36.0555 55.9017 92.532 92.0054 106.123 94.7275 43.2782 67.3573 82.8809 98.779 28.0179 32.9848 90.7965 33.5261 48.3322 77.1038 24.0416 50.5668 55.4996 69.4622 85.7126 46.3897 98.3137 66.8508 78.5684 78.0064 62.3699 70.4911 67.9559 103.471 28.2312 98.27 68.543 0.0 
DEMAND_SCENARIO_SECTION
0 0 0 0 0 0 0 0 0 0 0 0 0 0 0 0 0 0 0 0 0 0 0 0 0 0 0 0 0 0 0 0 0 0 0 0 0 0 0 0 0 0 0 0 0 0 0 0 0 0 0 0 0 0 0 0 0 0 0 0 0 0 0 0 0 0 0 0 0 0 0 0 0 0 0 0 0 0 0 0 0 0 0 0 0 0 0 0 0 0 0 0 0 0 0 0 0 0 0 0 0 0 0 0 0 0 0 0 0 0 0 0 0 0 0 0 0 0 0 0 0 0 0 0 0 0 0 0 0 0 0 0 0 0 0 0 0 0 0 0 0 0 0 0 0 0 0 0 0 0 0 0 0 0 0 0 0 0 0 0 0 0 0 0 0 0 0 0 0 0 0 0 0 0 0 0 0 0 0 0 0 0 0 0 0 0 0 0 0 0 0 0 0 0 0 0 0 0 0 0 
1 2 3 2 1 2 1 2 2 1 3 2 1 2 3 2 2 2 2 2 2 3 2 2 1 1 1 3 2 0 3 3 2 2 2 2 1 2 2 1 3 2 2 2 2 3 1 1 1 2 2 1 1 2 2 3 3 1 2 1 3 2 2 2 2 2 1 0 2 2 1 2 3 2 2 2 2 1 2 2 3 3 2 2 1 3 1 3 1 2 1 3 1 0 1 2 2 2 1 4 2 3 1 2 2 2 2 1 2 3 3 2 3 1 2 1 3 2 3 1 2 2 2 1 2 2 1 2 3 2 2 2 3 2 3 1 2 1 2 2 1 2 2 2 4 2 2 0 1 0 2 3 3 2 2 2 2 1 2 3 2 2 3 4 3 3 2 2 2 3 2 2 2 3 2 1 2 2 4 2 1 2 2 1 3 2 1 2 1 1 1 3 1 2 3 1 2 2 2 2 
7 3 12 10 7 6 10 5 10 9 4 5 4 11 7 12 10 7 3 6 12 6 4 9 7 7 10 7 6 4 6 12 5 12 9 9 12 9 10 6 2 11 9 13 8 7 9 8 6 7 8 9 10 12 6 12 6 10 11 13 6 11 9 8 11 8 1 7 10 12 10 10 10 4 5 6 10 3 10 11 10 8 3 6 3 5 12 6 7 6 9 6 4 9 7 13 10 13 10 2 8 11 7 7 8 7 7 7 8 5 4 9 4 9 6 7 9 4 8 13 13 8 2 9 3 8 1 15 7 8 8 10 10 5 8 9 5 8 8 12 5 6 9 9 9 12 6 11 8 9 10 8 13 5 14 7 8 8 5 8 7 6 7 7 10 14 12 9 3 7 5 9 7 5 5 5 9 9 13 12 10 6 6 3 9 11 4 6 7 7 3 5 7 8 12 7 6 3 7 4 
1 1 2 1 2 1 2 3 2 3 2 1 3 3 1 1 2 3 3 3 2 2 3 2 2 2 1 1 1 1 3 2 3 3 2 1 2 2 1 1 2 2 2 2 2 2 1 2 2 3 1 3 1 1 2 3 2 1 2 3 3 2 3 1 3 1 3 2 3 3 2 2 2 1 1 2 1 1 2 1 1 1 2 1 1 1 2 2 2 2 1 1 2 2 1 3 2 2 1 2 2 2 3 2 0 2 2 1 3 2 2 1 2 2 2 3 2 3 3 1 2 2 1 2 2 2 1 2 1 2 2 2 2 2 1 1 3 2 2 2 2 3 2 3 3 2 3 2 2 2 3 3 2 1 2 2 2 2 1 3 2 3 3 2 1 2 1 2 2 2 1 2 2 3 2 3 1 3 4 3 2 2 2 2 1 1 3 1 2 3 2 2 3 3 2 2 2 2 2 1 
5 5 5 3 3 3 5 1 4 5 4 5 5 5 4 3 4 4 5 4 5 5 4 4 3 4 4 3 5 6 3 4 2 7 4 3 4 5 5 5 3 5 3 5 3 5 6 4 4 4 3 5 5 5 5 4 1 3 4 3 6 3 5 3 2 4 2 1 7 4 5 4 4 4 7 2 6 2 4 7 2 5 6 4 6 5 3 4 3 2 2 4 6 3 3 4 2 7 2 5 4 2 1 3 7 2 3 6 3 6 4 4 5 6 5 4 1 4 5 4 6 5 2 4 4 4 4 5 8 3 4 1 4 3 5 3 4 2 3 4 3 6 6 4 4 4 4 5 3 2 3 3 3 3 6 6 2 4 2 4 4 2 2 3 4 6 3 5 2 1 5 5 7 5 4 4 6 2 4 6 6 2 4 3 6 4 2 2 1 3 4 2 4 4 5 4 7 5 4 3 
11 7 10 6 12 13 13 12 13 7 8 14 5 11 11 14 7 10 14 11 13 6 8 7 11 3 15 10 4 6 10 7 9 9 6 4 11 8 8 11 7 15 5 7 5 18 11 14 10 10 9 9 12 6 3 9 14 11 9 6 13 10 10 9 11 8 13 6 9 4 9 14 9 13 11 9 7 11 11 10 8 8 16 9 4 9 5 14 3 12 9 6 8 8 6 10 12 11 8 9 6 5 2 10 5 11 11 9 9 7 10 11 8 8 13 11 12 11 17 11 9 11 13 11 7 6 12 4 6 9 9 9 8 7 9 9 15 7 12 9 9 15 11 8 13 8 6 10 8 18 12 7 9 14 4 9 8 11 7 9 11 12 12 11 11 10 8 9 10 7 8 10 11 10 12 15 7 6 1 12 10 8 14 8 9 6 13 15 9 0 9 5 10 10 5 10 5 7 7 5 
7 8 7 9 9 7 10 11 6 8 9 6 9 6 5 6 9 9 8 9 12 8 15 4 4 12 6 12 8 12 5 11 6 6 8 15 6 8 7 3 8 7 4 13 7 8 5 8 10 10 11 4 6 5 7 6 7 7 8 8 5 14 6 12 6 9 5 6 5 9 1 10 8 7 8 6 15 14 14 4 13 4 8 9 12 6 12 8 9 5 12 10 11 7 9 6 7 6 8 9 6 8 9 12 9 10 7 9 6 8 6 10 5 10 9 10 7 9 7 8 9 4 5 11 3 5 6 7 5 5 10 11 11 11 6 11 11 13 5 10 7 10 7 5 9 9 13 12 3 12 8 8 10 8 9 6 11 8 7 10 5 4 8 2 8 9 9 7 6 9 9 7 10 8 9 4 5 7 8 5 10 11 14 6 10 11 8 9 5 6 9 6 8 15 6 6 12 10 6 9 
2 4 2 3 3 2 3 3 3 5 3 3 4 3 2 1 3 3 1 3 2 3 1 4 3 2 4 3 4 3 3 3 3 2 3 2 2 3 4 4 3 2 4 3 4 3 2 2 2 2 4 4 2 2 5 2 4 2 2 3 1 3 4 3 4 5 3 2 3 2 3 3 3 3 3 1 3 3 2 3 3 4 4 3 1 3 3 0 3 3 2 2 5 2 1 3 3 4 2 3 4 2 2 3 3 3 4 3 2 3 3 2 4 3 3 1 4 2 3 3 3 3 2 3 4 3 1 3 3 2 4 3 4 2 2 3 4 4 4 3 1 3 3 2 2 2 3 3 1 4 2 2 5 2 1 1 4 3 3 3 3 4 1 4 4 2 4 5 3 1 4 1 2 3 3 2 3 5 4 2 2 3 2 2 3 5 4 3 3 3 2 2 2 3 2 2 1 3 3 4 
4 5 5 6 5 5 3 6 3 3 1 2 5 4 4 4 6 7 4 3 6 8 8 6 2 6 5 5 5 2 9 5 4 7 5 4 4 3 5 5 8 5 7 5 5 3 5 6 5 6 8 3 2 5 6 8 4 4 5 3 5 4 5 5 5 5 3 6 5 5 4 4 6 6 4 5 6 7 4 5 3 1 4 7 8 7 5 7 7 7 6 7 2 5 2 5 3 7 4 5 3 5 2 7 4 6 9 4 5 4 7 4 5 4 6 4 3 6 5 4 3 4 5 5 8 3 4 5 6 3 3 8 6 7 7 6 5 5 7 7 3 6 7 9 5 8 6 4 2 5 5 3 7 2 4 4 5 6 5 4 4 5 6 6 4 3 4 4 8 2 5 5 6 7 4 4 4 6 7 6 8 6 6 8 5 5 6 4 4 4 7 3 4 4 6 3 4 6 6 5 
9 6 6 11 9 13 10 2 10 8 8 9 10 8 8 13 8 10 8 5 8 7 7 7 7 10 11 8 3 11 7 14 9 7 11 3 12 9 8 9 8 15 11 10 14 8 6 6 9 2 7 11 5 14 8 7 11 12 6 9 8 10 5 10 9 12 6 11 11 7 8 11 6 10 13 11 11 11 6 7 6 12 14 8 13 8 8 9 9 15 15 9 15 6 11 10 5 3 6 8 11 12 9 11 5 14 5 8 4 9 2 8 15 6 12 13 14 8 5 9 6 12 9 5 9 9 8 4 6 11 18 5 6 10 4 7 8 8 12 9 8 7 6 4 13 7 18 12 10 9 6 11 2 7 5 9 9 3 4 6 6 16 5 8 10 7 7 8 6 12 14 8 9 8 10 5 12 8 17 9 12 9 7 8 2 7 13 9 9 13 9 13 7 10 7 6 15 7 5 13 
5 9 2 3 8 11 10 7 11 8 9 13 7 10 9 10 7 9 12 6 9 4 11 11 6 9 9 10 7 12 6 3 6 8 9 8 7 10 7 11 8 4 3 5 11 9 8 11 10 10 8 5 12 8 7 9 4 8 8 14 9 5 12 6 8 4 4 7 5 6 9 9 13 3 5 10 9 9 4 7 10 10 4 5 14 8 11 6 10 11 7 10 9 8 13 6 12 7 12 10 11 10 3 10 5 11 11 5 4 10 9 11 8 7 3 4 8 5 6 11 9 1 10 7 8 6 12 5 11 10 8 9 6 10 4 11 7 10 8 8 10 5 10 10 0 11 7 9 9 14 9 7 13 4 4 8 7 12 11 9 8 14 9 12 9 6 7 7 9 9 11 4 3 9 6 7 6 14 13 8 7 10 7 9 9 7 2 7 10 9 7 12 8 4 6 12 6 9 7 7 
4 3 3 5 4 3 3 2 0 3 3 3 3 3 2 4 4 4 4 3 1 4 2 1 4 2 1 2 3 2 3 2 2 2 2 2 2 4 0 3 3 3 4 3 3 3 3 5 2 2 1 2 5 3 0 1 6 3 3 2 2 3 3 3 3 3 3 2 4 4 5 3 3 2 3 3 3 3 2 3 4 2 2 4 3 2 3 5 2 3 1 3 3 4 0 1 3 3 2 2 2 4 2 2 3 3 2 6 4 3 5 1 2 2 2 1 4 4 2 3 4 2 5 3 3 2 5 3 3 3 3 3 2 3 5 2 2 3 2 3 3 3 1 4 5 5 1 4 3 3 5 2 3 4 3 2 3 4 0 3 4 4 5 3 3 3 1 3 4 3 3 4 5 5 4 2 3 3 2 4 1 4 4 4 2 4 5 4 3 3 1 3 3 3 1 4 2 3 3 1 
6 4 4 6 6 7 5 4 4 6 5 3 4 6 4 5 5 3 4 4 5 4 8 4 5 7 4 5 2 3 4 4 7 5 4 6 5 6 6 5 5 4 5 2 6 5 3 4 4 4 5 4 6 6 5 4 6 7 8 9 4 8 6 5 5 5 3 6 2 6 3 4 5 5 6 4 7 6 5 5 5 5 7 8 9 5 5 4 6 2 6 5 6 4 5 5 6 3 7 6 3 6 5 1 6 3 8 5 5 4 6 5 6 5 4 6 5 3 7 7 7 7 2 6 4 7 3 3 2 4 5 6 3 6 7 4 6 7 3 4 4 5 5 5 3 3 7 6 5 1 3 4 3 3 6 4 4 2 1 2 3 3 5 2 5 3 6 5 4 7 6 4 3 4 7 8 5 8 4 6 7 3 5 7 3 3 6 5 5 6 5 6 5 2 6 5 5 5 7 6 
1 1 1 1 1 1 1 1 1 1 1 1 1 1 0 1 1 1 1 2 1 1 1 1 1 1 1 1 1 2 1 1 2 1 1 1 1 1 1 2 2 1 1 1 1 1 1 1 1 0 1 1 1 1 1 1 1 1 1 1 1 0 1 1 1 1 1 1 1 2 1 1 1 1 1 1 1 1 1 1 1 1 1 1 1 1 1 1 1 1 1 0 1 1 1 2 1 1 1 1 1 1 1 0 1 1 1 1 1 1 2 1 1 1 2 1 1 1 1 1 2 2 1 1 0 1 1 1 1 1 1 1 1 1 1 1 1 1 1 1 1 1 1 1 1 1 1 1 1 1 1 1 1 1 1 0 2 1 1 1 1 2 1 1 1 1 1 1 1 1 1 1 1 1 0 1 1 1 2 2 1 1 1 1 1 1 1 1 1 1 1 1 1 1 1 1 2 1 1 2 
5 5 7 4 5 6 3 4 2 3 4 7 7 7 7 3 3 7 4 5 4 6 4 5 6 4 4 8 6 4 8 8 5 6 3 7 4 6 5 6 2 5 3 6 7 5 7 5 2 6 6 4 3 4 6 3 6 4 7 6 5 3 5 3 3 6 4 2 5 4 6 3 5 9 4 6 4 7 7 9 3 6 5 4 2 5 5 4 4 6 5 4 5 5 6 5 4 8 7 2 5 5 5 1 7 6 7 7 5 3 5 4 5 3 3 4 8 8 4 4 3 5 5 3 9 5 3 3 6 6 6 4 3 6 8 4 4 2 2 2 3 8 5 6 6 5 8 4 3 5 9 5 5 6 2 5 2 6 1 2 7 4 3 5 7 3 5 7 5 8 8 7 4 4 5 6 5 8 5 6 6 6 2 8 3 4 4 4 5 4 5 3 5 8 7 3 5 4 3 6 
9 6 10 8 10 11 13 6 8 10 13 11 5 4 6 12 9 10 11 5 11 11 7 5 6 9 10 13 10 4 7 9 4 9 1 12 6 12 11 14 6 12 10 13 11 1 10 12 6 8 14 12 9 6 5 9 7 9 10 8 1 6 8 12 10 3 10 7 10 5 12 10 5 16 12 5 11 5 8 4 13 9 12 8 5 10 10 9 7 7 9 3 9 9 12 8 9 9 16 12 5 7 6 10 12 11 10 14 10 1 10 9 14 13 7 11 4 7 8 15 10 10 10 6 8 6 9 17 5 2 10 6 3 10 11 11 13 10 7 8 7 8 12 11 9 9 15 10 6 12 12 10 13 3 12 11 9 11 3 3 5 0 12 12 8 10 7 14 9 9 10 6 14 10 10 10 11 10 9 13 10 11 8 14 9 6 6 15 9 11 7 6 2 7 8 11 10 10 8 11 
3 4 5 4 5 4 4 6 3 5 2 6 3 3 3 5 4 3 3 4 5 3 3 1 3 4 3 3 3 2 4 4 4 4 2 5 4 4 4 3 4 3 3 3 6 5 3 4 3 4 3 4 1 3 1 4 6 3 5 6 5 5 3 3 3 6 6 8 4 4 6 4 4 4 4 4 4 4 4 5 5 4 3 4 6 4 5 3 4 3 5 4 3 2 4 5 5 4 2 4 5 4 5 3 6 5 5 5 2 4 3 3 2 5 3 2 4 3 3 2 6 5 7 6 2 5 4 3 6 4 4 2 6 8 6 4 6 2 6 2 4 5 3 6 4 2 6 3 3 6 3 4 5 4 4 1 3 5 5 4 6 6 5 4 2 5 3 5 5 3 6 4 5 6 3 2 5 6 3 3 5 3 6 2 6 4 5 4 7 3 3 6 4 6 5 3 4 2 4 3 
3 5 6 8 5 8 6 7 8 9 2 7 8 9 7 7 7 7 4 9 6 9 9 8 10 8 6 3 5 1 7 9 4 3 11 5 7 8 8 7 6 8 4 6 5 8 5 8 6 7 2 10 5 8 11 7 8 6 6 4 6 9 8 6 10 10 6 3 6 9 3 11 8 4 4 6 6 8 7 5 5 3 10 9 7 8 8 5 8 8 4 9 9 5 7 5 4 7 4 10 10 6 8 10 8 7 5 6 5 6 7 8 6 11 2 7 5 6 4 6 4 6 8 11 4 8 2 10 5 6 7 13 6 5 8 7 8 5 7 9 11 10 11 12 10 7 11 6 6 4 4 4 10 11 7 8 10 6 8 8 5 5 7 9 6 5 8 9 3 7 5 5 10 4 4 6 12 8 10 4 9 8 8 8 10 8 10 11 8 8 7 6 2 8 8 6 10 4 11 11 
9 11 11 9 5 6 8 7 9 12 6 7 7 6 7 7 8 8 4 8 11 6 4 7 4 7 5 9 8 8 8 4 6 11 8 4 7 9 8 8 6 6 9 5 5 6 7 8 10 4 8 7 7 7 9 11 6 5 6 3 8 4 5 10 5 4 4 8 4 7 7 6 6 6 7 8 10 10 8 7 4 4 4 11 3 5 3 8 2 6 5 5 9 6 6 8 6 6 3 5 5 9 7 3 1 10 8 6 6 9 5 9 6 8 8 7 4 4 7 6 8 6 7 9 7 7 3 7 9 7 6 7 10 7 9 6 8 9 6 7 6 6 8 9 4 9 8 8 2 9 6 6 6 6 7 7 5 5 6 12 3 4 5 6 6 8 7 10 6 7 9 6 7 8 7 3 8 6 9 10 4 6 9 3 6 6 7 9 7 8 5 6 5 5 5 6 8 8 10 7 
5 6 6 11 8 11 9 10 10 3 5 11 11 10 5 8 11 4 6 9 8 7 3 3 7 7 10 9 5 7 5 4 9 13 13 7 5 7 3 8 12 10 8 11 9 13 6 9 6 9 6 1 11 12 6 7 2 13 9 10 8 10 9 9 8 4 5 8 8 10 9 7 9 8 9 12 9 7 14 10 8 5 6 6 9 13 12 10 12 7 13 10 9 7 7 4 11 3 9 6 5 5 4 9 12 8 8 7 11 7 6 8 7 8 5 13 8 10 5 10 9 11 7 12 11 9 6 3 14 10 6 12 7 13 9 8 8 8 3 4 10 5 6 7 5 15 13 5 9 5 8 6 8 7 5 11 12 14 6 7 6 9 7 8 6 7 4 10 8 10 14 10 11 4 10 8 9 11 7 7 11 6 6 9 8 5 7 6 11 11 10 12 13 7 10 6 15 4 4 10 
6 16 8 9 10 9 11 6 9 2 9 10 13 10 10 10 7 12 7 9 11 8 10 19 9 12 6 9 5 11 5 12 9 8 7 9 4 12 14 16 14 5 5 6 9 14 5 10 13 8 12 7 10 10 11 4 9 13 6 5 11 11 10 4 9 10 7 12 8 12 9 9 9 7 6 10 12 12 9 9 17 6 10 9 7 12 14 10 10 16 13 11 11 5 2 5 7 2 7 7 4 9 6 9 10 12 2 3 11 2 10 9 11 8 10 9 8 6 10 8 3 6 11 8 10 15 11 9 8 13 13 15 15 7 11 8 8 9 8 8 11 5 12 10 8 6 9 12 6 12 9 8 12 13 10 4 5 8 12 6 14 16 9 8 13 8 8 9 8 6 16 8 8 4 4 12 7 7 7 11 4 7 7 10 8 7 9 6 6 11 8 9 9 7 9 10 5 9 7 10 
4 2 4 3 3 4 3 4 2 1 3 3 2 3 4 3 4 4 4 3 4 3 4 5 5 3 3 5 4 3 2 5 2 3 2 3 2 3 4 2 3 4 2 3 2 2 4 5 2 4 1 2 3 3 3 2 2 4 3 3 3 3 4 4 2 2 2 5 4 4 2 3 4 3 4 3 2 4 3 2 3 1 4 2 2 2 4 2 2 3 3 4 2 4 3 3 4 3 2 3 5 2 3 2 2 4 4 4 2 3 3 3 5 2 3 4 2 4 3 5 4 3 3 3 2 3 3 4 4 4 2 3 3 2 3 2 4 3 3 3 3 3 3 4 1 1 4 4 2 0 4 5 2 4 3 3 3 2 3 3 5 3 3 4 2 3 3 2 2 2 1 4 1 4 4 3 2 3 2 5 3 3 2 1 3 3 3 3 4 4 3 4 3 3 3 3 1 3 5 3 
9 11 4 9 17 9 14 20 8 11 6 12 8 6 9 11 15 12 0 9 6 11 16 15 8 12 9 8 7 22 11 10 7 16 9 12 8 11 10 9 15 2 12 9 10 12 6 12 10 8 15 11 11 8 7 14 12 10 8 8 7 14 5 14 14 7 12 0 10 11 6 7 11 14 13 13 13 6 14 9 11 13 5 11 12 10 11 11 13 7 9 13 12 9 13 12 16 15 10 11 9 12 17 8 3 8 12 10 8 8 13 12 12 8 14 10 3 12 18 11 6 12 6 4 9 8 8 11 9 9 13 11 11 10 6 11 14 10 12 17 13 15 12 12 7 9 17 5 18 8 16 13 10 9 8 9 8 3 10 10 12 5 4 6 8 16 9 5 17 11 6 14 11 12 12 5 7 11 14 10 17 10 14 8 9 7 11 12 7 12 10 5 7 7 8 14 2 8 8 8 
1 1 1 0 0 1 1 1 1 0 1 1 1 1 1 1 0 2 1 1 1 1 1 1 0 1 1 1 1 1 1 0 2 1 1 0 2 1 1 0 1 1 1 1 1 1 1 1 1 1 1 1 1 1 0 1 1 1 2 1 1 1 1 1 1 1 0 1 1 1 0 1 1 1 1 1 1 1 1 1 1 1 1 0 1 1 0 1 1 1 1 1 1 1 1 2 1 1 0 1 1 1 1 1 1 1 1 1 1 1 1 1 2 1 1 1 1 1 1 1 1 2 0 1 1 0 1 0 1 1 1 1 2 1 1 1 1 1 1 2 1 1 1 1 1 1 1 1 1 0 1 1 0 1 1 1 2 0 1 1 1 1 1 1 1 1 0 1 1 1 1 1 1 1 1 1 1 0 1 1 1 1 1 1 1 1 1 1 2 1 1 1 1 1 1 1 0 1 1 1 
1 1 1 1 1 1 1 1 1 1 0 2 1 1 1 1 1 1 1 1 1 1 1 1 1 0 1 2 1 1 2 1 1 1 1 1 1 1 1 1 1 1 1 1 1 1 2 0 1 1 1 1 1 0 1 1 1 1 1 1 1 1 1 2 1 1 1 1 1 0 2 1 1 1 1 1 1 1 1 1 1 1 2 1 1 1 1 1 1 1 1 0 1 1 1 1 1 1 1 1 1 1 1 1 1 1 1 1 1 1 1 1 1 1 1 1 1 1 1 2 1 1 1 1 1 1 1 1 1 1 2 1 1 1 1 1 1 1 1 1 1 1 1 1 1 1 1 1 1 1 0 1 1 1 1 1 1 1 1 1 1 0 1 1 1 1 2 1 1 1 1 1 1 1 1 2 1 1 1 1 1 1 1 1 1 1 1 1 1 1 1 1 1 1 1 0 1 1 1 1 
4 4 7 5 6 5 4 4 4 2 3 5 3 5 5 6 3 6 2 6 5 4 2 2 6 6 5 4 6 4 3 5 5 3 6 6 6 4 2 3 7 6 4 4 7 1 4 4 2 4 5 4 6 6 8 3 5 6 8 2 4 8 6 5 4 4 4 7 5 8 7 0 9 7 7 2 3 6 4 2 3 5 7 7 4 6 7 1 5 7 6 5 4 4 6 7 4 4 5 7 7 1 8 3 3 5 4 4 4 5 6 7 5 7 4 7 5 6 3 2 7 4 3 3 5 4 7 3 6 4 5 3 5 2 4 6 6 7 5 6 5 4 5 2 3 7 5 6 3 6 5 6 1 6 5 7 3 3 3 4 4 8 4 6 9 4 2 6 6 7 4 8 3 6 5 3 5 4 6 7 4 3 7 6 5 4 4 5 4 5 7 5 5 9 7 4 3 6 8 5 
9 6 8 8 7 4 8 7 10 8 9 9 7 7 8 9 7 4 6 6 9 8 8 7 6 8 5 9 10 5 4 10 5 9 9 10 7 7 12 8 7 5 12 10 9 7 11 9 6 6 4 7 10 4 6 12 8 7 8 9 10 3 7 8 8 4 9 8 7 7 6 6 6 9 10 7 5 9 4 7 8 9 9 8 5 6 5 6 10 8 6 5 1 5 8 9 7 11 4 10 4 5 7 6 7 9 7 10 4 3 11 3 8 6 10 11 7 7 9 7 3 7 8 7 6 6 4 9 8 5 10 7 6 8 8 10 9 8 8 12 8 10 6 9 5 5 6 7 4 8 8 8 7 9 9 9 9 6 10 10 7 7 11 4 9 6 9 7 6 11 4 5 5 8 6 8 8 10 11 6 8 8 6 9 7 5 3 2 8 8 6 6 9 6 5 9 9 9 3 7 
6 3 6 5 4 4 3 5 4 8 2 3 7 5 2 5 7 2 4 7 3 3 5 6 3 2 7 4 4 3 4 7 7 5 5 5 5 5 7 6 3 7 4 6 5 5 6 3 1 3 4 4 4 3 2 5 7 6 6 7 3 7 10 7 6 8 8 4 5 8 7 6 4 5 5 4 4 5 4 6 4 8 2 7 4 5 2 7 5 5 3 6 4 3 6 7 4 5 5 5 3 6 4 3 5 4 5 7 6 1 5 6 4 4 5 5 4 3 5 8 4 6 3 4 3 4 6 6 4 4 8 5 3 5 6 2 2 3 6 3 4 4 8 6 2 5 6 5 4 7 3 7 5 6 6 3 3 4 3 7 7 6 5 8 4 7 2 5 1 5 7 3 5 5 6 6 6 4 5 6 5 5 6 5 5 2 8 5 4 5 5 6 6 7 5 7 7 4 4 3 
5 8 11 6 6 10 12 10 9 9 8 10 7 9 14 9 8 13 12 7 8 5 12 9 8 6 9 6 9 10 18 4 5 10 9 8 8 9 5 11 14 12 13 9 5 13 13 6 6 9 5 13 10 13 5 11 9 6 12 10 9 7 8 12 7 8 5 9 11 13 7 6 9 7 9 9 10 8 9 3 9 10 6 5 4 6 9 11 10 11 9 9 9 9 9 13 5 6 7 11 11 10 11 11 10 8 4 7 4 9 8 6 15 8 8 13 10 13 2 8 8 13 8 10 9 16 11 6 6 8 15 8 5 5 10 12 9 10 13 7 9 9 10 9 2 10 11 9 6 11 13 12 12 10 9 8 9 5 9 7 5 5 3 13 13 8 13 8 7 14 9 11 10 14 6 11 7 8 9 8 13 12 10 8 8 7 15 7 5 12 8 12 11 11 9 9 11 9 5 10 
4 3 3 2 3 5 3 2 3 3 2 3 3 4 2 4 2 4 4 3 5 2 3 1 4 3 4 1 2 3 2 3 2 4 3 4 3 4 5 2 2 4 3 3 4 2 1 2 3 3 3 2 1 3 4 4 3 2 5 3 1 3 4 3 4 4 3 3 2 1 6 3 2 4 3 5 0 3 5 1 4 3 3 3 4 0 4 3 4 3 4 2 3 5 2 4 2 4 4 4 2 4 3 3 3 3 2 2 2 2 3 3 1 5 4 3 1 5 3 2 4 4 2 2 2 4 3 4 3 2 3 2 2 3 1 1 3 6 3 2 3 2 2 4 3 2 4 3 1 5 5 3 5 2 3 3 2 3 1 2 2 4 4 2 1 2 4 2 4 2 2 2 2 2 3 2 3 2 3 2 4 4 2 3 5 3 2 1 3 5 4 1 4 4 4 4 3 2 3 1 
9 0 10 8 3 8 10 7 8 10 7 7 5 8 5 9 12 11 11 11 7 9 7 11 8 10 7 9 9 6 11 6 11 10 10 9 14 9 12 11 6 8 10 8 4 6 6 8 2 11 11 8 6 8 13 9 7 6 9 10 11 8 8 6 11 3 6 6 9 11 9 10 7 12 3 6 9 7 8 7 3 11 5 7 10 8 12 10 9 11 10 7 7 7 5 10 7 7 6 6 10 12 11 11 6 9 7 9 8 11 7 9 4 9 6 8 2 10 7 14 12 11 13 8 8 10 9 3 9 11 5 12 10 3 12 6 7 11 10 2 6 8 7 9 5 5 11 11 10 6 8 7 10 9 7 8 7 6 12 9 11 9 1 9 7 5 8 10 9 7 10 6 10 10 9 13 7 7 5 7 9 6 6 6 11 6 10 9 6 12 12 11 9 10 8 8 3 7 9 9 
5 3 6 6 3 3 2 4 2 3 5 2 5 8 6 1 6 5 7 3 4 3 3 5 3 5 6 5 5 3 4 5 4 5 6 4 6 5 3 3 4 3 5 1 3 3 4 5 4 5 2 3 1 2 5 6 3 5 3 6 4 5 5 4 2 4 3 3 4 5 3 4 4 5 6 7 6 4 4 6 2 5 2 3 3 5 5 6 2 5 3 2 5 5 5 6 3 4 5 5 4 5 4 6 4 5 4 3 6 6 3 6 5 2 4 4 3 5 5 5 1 5 5 2 3 6 6 3 7 4 4 7 6 2 4 3 5 5 3 5 6 4 4 4 3 6 4 4 5 2 3 6 1 3 4 5 5 5 3 4 3 4 4 5 4 3 2 3 2 4 4 3 3 1 5 3 4 3 2 4 3 4 5 4 5 5 4 6 3 3 4 1 3 5 4 4 4 4 4 6 
5 3 6 5 5 6 5 4 7 2 7 5 4 5 3 8 3 3 2 6 7 6 4 4 8 6 5 6 6 5 6 5 5 7 6 3 5 4 6 4 3 7 5 2 3 7 4 7 3 3 5 3 6 5 5 3 5 9 3 5 3 4 4 6 1 3 3 5 5 6 6 5 4 6 4 5 5 5 5 7 6 6 7 4 8 6 6 4 1 3 6 5 4 8 7 7 5 3 1 8 7 7 7 3 6 4 3 5 2 5 4 4 5 4 5 4 6 4 5 3 4 4 4 5 5 4 7 8 3 2 5 2 6 4 8 6 6 4 7 5 7 5 4 4 4 6 9 6 7 4 3 8 5 4 6 2 7 8 7 5 6 5 5 4 3 9 4 7 6 5 5 4 7 5 6 7 7 5 2 2 4 2 3 5 5 4 3 5 5 5 1 3 5 6 6 7 7 9 5 6 
3 6 11 2 6 1 8 6 7 5 3 6 9 8 6 5 6 6 6 6 6 7 3 8 5 7 6 3 6 5 5 5 4 6 6 5 5 7 6 4 10 10 8 5 4 6 5 7 3 5 6 6 2 10 7 5 5 4 4 8 7 6 8 6 3 7 5 5 7 6 6 11 6 8 6 5 6 7 6 2 6 6 4 7 7 11 4 8 4 6 3 6 8 5 6 8 3 4 5 6 10 4 4 4 5 5 9 6 9 4 8 3 8 6 6 4 6 4 7 6 6 5 6 8 6 8 4 8 7 8 4 7 8 3 5 5 5 9 4 9 5 4 6 6 6 6 6 7 3 8 8 1 9 7 7 7 3 5 9 9 4 7 5 7 8 4 10 5 8 4 5 7 3 7 3 6 6 6 7 6 6 3 5 6 6 5 6 8 6 3 7 4 6 8 5 6 8 5 6 6 
3 2 4 5 2 2 3 3 5 3 2 3 4 4 3 2 3 5 6 5 3 4 3 3 3 2 4 3 4 4 1 4 4 3 4 3 4 3 2 1 4 2 3 3 5 2 3 3 3 2 3 3 3 4 2 3 2 4 2 4 2 3 3 3 3 4 3 2 3 3 2 4 3 2 2 4 3 3 2 4 2 4 4 2 4 2 4 2 4 4 3 3 2 4 2 5 1 4 3 1 5 2 4 3 5 4 2 3 4 2 2 3 4 4 3 1 3 4 4 3 3 3 3 2 6 5 3 1 1 3 3 5 3 3 2 5 3 2 3 3 4 4 3 3 2 2 3 4 4 2 4 4 2 1 3 2 4 3 2 4 1 4 3 4 1 5 4 3 2 3 4 2 2 2 4 3 4 3 2 4 3 3 5 4 3 4 3 3 1 3 2 4 3 4 4 3 1 4 1 2 
9 5 6 4 4 5 4 5 7 7 3 6 3 9 6 8 6 8 6 9 10 7 6 7 7 10 8 2 7 3 6 3 11 5 4 5 5 7 8 7 8 8 7 7 7 5 5 5 6 7 3 5 6 5 6 10 4 8 7 4 7 7 6 5 5 6 9 9 5 4 4 2 6 4 10 4 9 7 3 7 5 6 7 8 7 6 7 3 6 7 8 4 3 9 5 4 5 6 7 4 10 5 4 7 6 5 4 4 6 11 3 5 7 5 6 8 8 8 7 9 5 7 8 9 9 4 8 10 11 9 7 3 4 1 9 9 10 4 4 7 8 8 9 8 3 8 5 8 4 6 6 2 6 7 4 4 9 9 4 8 8 4 8 10 5 6 7 3 6 9 10 9 6 4 8 5 7 7 11 4 7 6 9 8 4 4 5 7 8 9 10 8 5 8 8 11 4 6 8 4 
4 4 9 3 4 8 10 4 9 10 10 6 3 9 5 4 9 9 7 9 8 6 9 9 10 7 5 7 4 6 7 7 8 9 8 7 5 7 6 13 3 7 6 6 7 9 5 12 5 7 6 9 1 7 5 8 7 8 4 5 8 6 8 9 5 12 2 7 7 10 10 8 8 8 6 6 4 9 5 4 9 10 7 6 6 5 7 6 5 3 3 8 6 9 6 7 11 8 6 11 11 10 6 9 6 8 9 7 6 3 10 3 8 6 7 10 11 7 6 6 8 8 5 6 3 11 3 5 7 9 6 8 10 2 6 11 9 9 7 8 7 7 4 3 7 5 12 3 6 9 9 9 11 6 5 8 3 5 7 8 11 7 12 7 8 13 8 9 8 6 6 10 8 8 7 7 10 7 8 5 8 5 7 11 5 8 5 5 6 10 7 6 9 6 8 8 4 8 6 9 
12 10 7 7 5 9 7 9 5 15 9 2 10 6 12 11 2 9 10 9 15 1 8 5 10 11 3 8 5 5 7 6 6 10 11 8 4 5 10 5 10 8 10 4 11 7 10 9 9 7 10 10 7 5 3 8 5 7 14 7 6 8 6 10 5 7 9 9 9 9 5 5 13 6 7 8 8 10 11 8 11 7 13 11 7 10 9 7 6 11 8 9 10 10 9 10 12 9 8 5 8 5 9 6 5 9 7 5 7 3 4 9 10 7 9 7 4 8 9 11 6 7 9 13 4 9 4 2 12 10 1 7 3 11 5 11 7 6 6 10 8 5 9 15 12 8 10 5 10 10 5 10 10 4 11 8 11 12 5 7 8 7 10 7 9 4 5 11 7 12 8 4 13 4 10 9 8 8 12 9 10 8 6 8 10 3 3 10 7 7 12 6 5 10 4 12 5 12 8 3 
3 3 3 2 3 5 1 4 4 2 4 2 2 2 5 3 1 1 2 3 3 4 4 2 5 5 3 2 1 1 3 2 4 4 3 3 3 2 3 4 3 3 2 4 3 3 3 4 4 4 4 4 3 2 3 5 1 4 2 1 4 1 3 3 5 3 3 1 2 4 3 2 3 2 5 3 2 4 2 1 2 2 3 2 3 3 3 3 3 2 4 3 3 4 4 2 2 2 2 3 2 3 3 3 3 3 4 5 3 2 3 6 4 3 3 3 3 4 6 3 2 4 2 3 3 3 3 4 2 3 3 4 5 3 3 3 2 3 4 2 2 4 3 3 3 2 3 0 4 2 4 3 3 3 5 3 4 2 3 2 3 3 3 3 4 2 3 4 5 4 3 3 4 3 2 4 5 2 4 5 3 3 3 3 2 4 5 4 3 5 4 2 3 4 3 4 2 4 3 4 
4 2 8 2 3 8 6 2 7 7 7 2 5 7 8 7 3 6 3 5 4 3 8 5 2 4 9 6 7 5 4 8 7 5 6 7 6 7 3 4 5 5 9 6 6 5 6 11 6 7 5 6 5 6 6 6 4 7 7 7 5 6 2 11 5 6 5 6 7 4 6 7 7 8 7 8 4 7 4 6 7 8 7 8 5 7 6 7 5 6 5 10 7 6 8 5 1 8 6 4 6 7 6 6 7 3 8 9 4 6 7 6 6 8 6 7 8 6 10 7 7 7 8 7 5 9 3 8 2 7 6 3 9 5 7 4 6 5 8 9 9 6 6 7 8 6 4 3 5 10 3 6 9 6 5 8 5 6 6 6 8 3 6 6 7 10 9 7 1 7 6 2 8 7 5 4 8 6 8 10 2 5 0 8 8 3 3 6 3 5 4 8 6 8 7 7 6 7 4 6 
DEPOT_SECTION
 1
 -1
EOF
