NAME  : Jabali_40_4_0.85_1_3
TYPE : SVRP
MODEL : FINITE_SUPPORT
NUMBER_OF_SCENARIOS : 200
DIMENSION : 40
EDGE_WEIGHT_TYPE : MATRIX
CAPACITY : 54
N_VEHICLES : 4
NODE_COORD_SECTION
1 3520 3382
2 7347 1593
3 3557 354
4 4976 4806
5 940 1825
6 8281 5272
7 5877 4048
8 4488 2508
9 7803 5959
10 8115 523
11 5276 5139
12 1760 1303
13 6829 5328
14 1418 311
15 8383 3788
16 3812 3355
17 4775 170
18 4916 1664
19 5042 2917
20 2612 3013
21 2285 1030
22 3516 1721
23 5634 6185
24 6877 2862
25 4960 3794
26 5519 18
27 6120 260
28 7518 4664
29 5635 1013
30 7670 307
31 2650 1822
32 6092 2096
33 5994 148
34 3666 999
35 5627 4712
36 7246 5959
37 4983 3655
38 5693 5318
39 3836 4152
40 27 1393
DEMAND_SECTION
1 0.0
2 8.0
3 10.0
4 3.0
5 2.0
6 9.0
7 1.0
8 1.0
9 1.0
10 3.0
11 10.0
12 1.0
13 3.0
14 2.0
15 2.0
16 8.0
17 5.0
18 7.0
19 3.0
20 1.0
21 1.0
22 1.0
23 2.0
24 7.0
25 9.0
26 5.0
27 2.0
28 9.0
29 4.0
30 10.0
31 1.0
32 4.0
33 5.0
34 4.0
35 3.0
36 4.0
37 9.0
38 10.0
39 7.0
40 9.0
DEVIATION_SECTION
1 0.0
2 2.66667
3 3.33333
4 1.0
5 0.666667
6 3.0
7 0.333333
8 0.333333
9 0.333333
10 1.0
11 3.33333
12 0.333333
13 1.0
14 0.666667
15 0.666667
16 2.66667
17 1.66667
18 2.33333
19 1.0
20 0.333333
21 0.333333
22 0.333333
23 0.666667
24 2.33333
25 3.0
26 1.66667
27 0.666667
28 3.0
29 1.33333
30 3.33333
31 0.333333
32 1.33333
33 1.66667
34 1.33333
35 1.0
36 1.33333
37 3.0
38 3.33333
39 2.33333
40 3.0
DISTANCE_MATRIX
0.0 51.7875 38.2099 30.0167 42.4382 63.7211 30.5287 19.2534 64.2028 68.7244 35.8469 45.703 49.5782 50.4824 57.375 3.16228 58.8735 31.4161 19.8257 14.2822 37.9301 21.095 55.3624 54.4518 19.2354 48.7814 62.3709 51.9307 50.9967 67.6624 33.2879 45.7521 62.3025 30.2655 36.6879 59.4643 18.7883 41.5933 16.1245 54.719 
51.7875 0.0 44.2832 53.535 69.857 49.4773 39.3573 40.1652 58.4209 17.0294 56.356 95.9889 52.469 81.1801 30.0832 48.7321 98.4927 27.3607 34.7321 63.6128 88.216 42.6408 75.4871 89.0505 38.8973 26.2488 104.545 41.0122 93.1435 17.088 83.5738 85.5862 104.385 41.4849 63.2851 59.0 38.1838 61.3557 58.0341 82.28 
38.2099 44.2832 0.0 65.0291 28.1603 85.5596 58.3095 29.9535 91.1347 51.3517 70.5563 58.7713 78.2947 46.1411 69.3981 39.0128 82.5664 24.2074 38.0789 36.2491 49.8622 17.1172 91.2904 92.6553 48.7962 23.0217 94.3716 74.0645 84.309 46.0977 56.8063 83.2044 94.8472 8.0 73.3348 87.7307 47.827 76.639 54.3323 39.2046 
30.0167 53.535 65.0291 0.0 72.4434 41.1096 14.8661 35.2278 38.2753 70.4557 5.83095 59.0993 23.0868 66.5906 44.6369 27.7308 54.3323 45.1774 29.2746 44.2867 53.418 48.7647 26.3059 35.609 17.1172 66.2728 56.0803 30.2655 45.2217 70.3278 44.7816 34.4819 55.5428 57.1106 9.84886 32.2025 18.1108 11.7047 19.7231 84.7459 
42.4382 69.857 28.1603 72.4434 0.0 104.736 71.508 59.0345 105.476 79.0569 78.2743 39.9249 91.351 23.3238 94.0815 45.0 68.6586 45.8803 59.6068 32.7084 33.541 29.5296 97.6217 90.6134 60.1502 51.1566 83.0241 92.9451 75.1066 74.0 43.0465 78.5175 83.863 28.4429 78.8856 101.237 59.4666 83.9926 59.5435 13.0384 
63.7211 49.4773 85.5596 41.1096 104.736 0.0 33.2421 62.2603 11.1803 61.0082 38.0526 99.4838 19.4165 106.975 20.025 60.6733 95.0474 67.1289 52.3942 77.5118 94.4228 81.969 43.566 67.7791 44.6438 73.9256 94.7259 13.0384 84.7172 64.2806 85.1661 72.3671 93.9415 83.2411 45.3982 16.2788 45.2711 37.855 59.439 117.421 
30.5287 39.3573 58.3095 14.8661 71.508 33.2421 0.0 29.1548 33.9706 56.1271 17.0 68.5504 20.2485 76.0416 35.8149 27.4591 66.9403 35.7479 20.2485 44.2732 63.4894 45.7584 36.6742 50.3289 11.4018 55.0091 70.214 21.4516 59.0931 56.3649 54.2327 49.0918 69.7711 51.1464 24.2074 30.0 12.0416 22.1359 28.0 84.1939 
19.2534 40.1652 29.9535 35.2278 59.0345 62.2603 29.1548 0.0 62.6274 52.0098 40.6079 63.4548 49.3964 63.2665 50.3797 16.198 76.6252 12.8062 10.0 31.0787 55.6819 21.4222 61.5224 65.5605 18.9737 34.0 75.5307 50.0499 64.1566 48.2676 51.0397 58.5716 75.4624 22.7445 44.0 59.0762 18.0278 46.6905 28.7991 71.7204 
64.2028 58.4209 91.1347 38.2753 105.476 11.1803 33.9706 62.6274 0.0 71.1126 33.9559 97.3565 15.2315 104.848 30.2655 61.2209 90.2718 73.6352 53.1813 78.1344 91.6752 82.7561 34.5398 59.9083 45.3431 81.6088 88.3629 18.0278 79.0063 74.0068 83.0388 66.1211 87.4643 84.0282 40.1995 7.07107 46.0109 32.0624 57.7754 118.162 
68.7244 17.0294 51.3517 70.4557 79.0569 61.0082 56.1271 52.0098 71.1126 0.0 73.1271 112.926 67.4463 92.64 41.0 65.669 115.43 39.2053 51.669 73.7794 105.153 54.1523 91.6445 106.019 55.9017 28.8617 121.482 54.9181 110.08 5.83095 100.511 102.591 121.322 51.0392 80.1561 72.8354 55.1725 78.1228 74.971 90.5539 
35.8469 56.356 70.5563 5.83095 78.2743 38.0526 17.0 40.6079 33.9559 73.1271 0.0 63.9531 19.105 71.5289 43.2014 33.541 57.0088 50.01 34.0147 50.1176 58.3563 54.4059 21.0238 33.9706 22.0227 70.5768 57.28 28.4605 46.8722 73.3485 49.6488 35.1141 56.6127 62.7216 8.06226 27.5136 23.0217 6.08276 25.0 90.5768 
45.703 95.9889 58.7713 59.0993 39.9249 99.4838 68.5504 63.4548 97.3565 112.926 63.9531 0.0 82.1415 17.2627 101.694 48.3914 30.0 70.6632 64.0271 32.9074 9.84886 50.139 76.5768 61.0574 61.3311 79.0397 45.0444 87.8528 39.5601 102.613 14.3178 47.5079 46.0977 54.3721 59.9083 91.2853 61.1415 67.7422 41.3122 44.1814 
49.5782 52.469 78.2947 23.0868 91.351 19.4165 20.2485 49.3964 15.2315 67.4463 19.105 82.1415 0.0 89.6328 30.0 46.6905 76.0066 55.5649 40.2492 63.6573 76.4602 65.6074 26.1725 48.7545 31.241 72.712 75.3127 13.6015 65.3758 69.2315 67.8239 52.9528 74.5252 71.2122 26.0768 9.89949 32.0156 18.4391 42.5441 103.966 
50.4824 81.1801 46.1411 66.5906 23.3238 106.975 76.0416 63.2665 104.848 92.64 71.5289 17.2627 89.6328 0.0 101.506 53.1708 47.0956 56.5897 63.8388 37.6867 14.3178 38.6732 86.6833 74.8465 69.0783 67.4166 62.0081 95.3441 55.5788 88.3055 25.0799 61.6847 63.0 42.72 68.6222 98.7765 68.5101 75.8079 48.8035 27.0185 
57.375 30.0832 69.3981 44.6369 94.0815 20.025 35.8149 50.3797 30.2655 41.0 43.2014 101.694 30.0 101.506 0.0 54.4231 98.9584 50.9674 40.5136 70.2734 93.9214 66.2475 56.0803 76.6094 42.9519 55.5698 100.308 16.4012 89.6665 44.2832 87.8984 78.2648 99.6859 65.2806 51.2459 32.8938 42.4853 45.607 62.0695 106.894 
3.16228 48.7321 39.0128 27.7308 45.0 60.6733 27.4591 16.198 61.2209 65.669 33.541 48.3914 46.6905 53.1708 54.4231 0.0 56.0809 28.3607 16.7703 16.9706 40.6185 22.0227 53.4509 53.9351 16.1245 49.8634 62.3165 48.8829 50.9424 64.607 35.9763 45.6946 62.2482 31.0161 34.9285 56.5862 15.6525 39.3954 15.8114 57.3847 
58.8735 98.4927 82.5664 54.3323 68.6586 95.0474 66.9403 76.6252 90.2718 115.43 57.0088 30.0 76.0066 47.0956 98.9584 56.0809 0.0 83.8336 68.841 46.4256 35.171 67.0075 61.3514 38.833 60.5392 97.1465 15.1327 84.5931 13.6015 114.368 27.2947 26.4008 16.2788 75.5715 50.0899 83.3847 60.9556 58.2151 40.5246 74.108 
31.4161 27.3607 24.2074 45.1774 45.8803 67.1289 35.7479 12.8062 73.6352 39.2053 50.01 70.6632 55.5649 56.5897 50.9674 28.3607 83.8336 0.0 16.0 37.6776 62.8903 18.0504 71.0 77.4919 28.0713 21.5407 87.6934 55.6337 76.3193 35.4631 58.4213 70.7342 87.625 18.6011 54.5894 72.0371 27.074 56.0 40.9618 58.6941 
19.8257 34.7321 38.0789 29.2746 59.6068 52.3942 20.2485 10.0 53.1813 51.669 34.0147 64.0271 40.2492 63.8388 40.5136 16.7703 68.841 16.0 0.0 32.6062 56.2542 29.6408 55.0 62.6498 12.1655 36.9868 75.0733 40.6037 63.7024 50.607 51.612 57.2014 75.0067 30.963 38.833 49.7393 11.1803 40.0 28.3196 72.2927 
14.2822 63.6128 36.2491 44.2867 32.7084 77.5118 44.2732 31.0787 78.1344 73.7794 50.1176 32.9074 63.6573 37.6867 70.2734 16.9706 46.4256 37.6776 32.6062 0.0 25.1345 20.6155 65.0904 59.1354 32.878 50.9904 58.1378 65.7214 48.1041 69.6273 20.6655 48.1664 58.6003 29.1548 46.7132 73.5541 32.3099 55.8358 26.8701 44.5808 
37.9301 88.216 49.8622 53.418 33.541 94.4228 63.4894 55.6819 91.6752 105.153 58.3563 9.84886 76.4602 14.3178 93.9214 40.6185 35.171 62.8903 56.2542 25.1345 0.0 41.2299 72.9178 60.5392 56.526 70.1306 49.4975 82.7919 42.0476 94.84 10.7703 47.4342 50.3587 45.463 55.2268 85.604 55.9579 62.6259 35.6309 40.3113 
21.095 42.6408 17.1172 48.7647 29.5296 81.969 45.7584 21.4222 82.7561 54.1523 54.4059 50.139 65.6074 38.6732 66.2475 22.0227 67.0075 18.0504 29.6408 20.6155 41.2299 0.0 74.9533 75.5381 34.4005 30.8058 78.3901 70.1785 67.9779 50.0 41.2495 66.375 78.7718 9.21954 56.7186 75.4891 33.7169 60.4401 37.2156 42.5441 
55.3624 75.4871 91.2904 26.3059 97.6217 43.566 36.6742 61.5224 34.5398 91.6445 21.0238 76.5768 26.1725 86.6833 56.0803 53.4509 61.3514 71.0 55.0 65.0904 72.9178 74.9533 0.0 26.0768 43.0465 91.351 56.2228 39.6989 48.5077 92.5243 62.9365 35.171 55.1453 83.3718 18.7883 27.7308 44.0454 15.0 41.6773 109.636 
54.4518 89.0505 92.6553 35.609 90.6134 67.7791 50.3289 65.5605 59.9083 106.019 33.9706 61.0574 48.7545 74.8465 76.6094 53.9351 38.833 77.4919 62.6498 59.1354 60.5392 75.5381 26.0768 0.0 51.0 99.0202 30.8058 61.0574 25.2389 105.688 49.7695 13.6015 29.6142 84.7172 26.1725 52.8867 51.8845 31.0644 38.3275 100.0 
19.2354 38.8973 48.7962 17.1172 60.1502 44.6438 11.4018 18.9737 45.3431 55.9017 22.0227 61.3311 31.241 69.0783 42.9519 16.1245 60.5392 28.0713 12.1655 32.878 56.526 34.4005 43.0465 51.0 0.0 49.1513 66.0303 32.8534 54.6443 55.0 47.0134 46.6905 65.8027 41.5872 26.6833 41.1096 1.0 28.0713 20.2485 72.8354 
48.7814 26.2488 23.0217 66.2728 51.1566 73.9256 55.0091 34.0 81.6088 28.8617 70.5768 79.0397 72.712 67.4166 55.5698 49.8634 97.1465 21.5407 36.9868 50.9904 70.1306 30.8058 91.351 99.0202 49.1513 0.0 107.918 63.6003 97.822 23.3452 71.4154 92.237 108.254 24.6982 75.7969 80.8084 48.1637 76.4199 62.4645 62.0725 
62.3709 104.545 94.3716 56.0803 83.0241 94.7259 70.214 75.5307 88.3629 121.482 57.28 45.0444 75.3127 62.0081 100.308 62.3165 15.1327 87.6934 75.0733 58.1378 49.4975 78.3901 56.2228 30.8058 66.0303 107.918 0.0 85.7263 11.4018 120.603 40.5216 22.3607 1.41421 87.2353 49.4773 81.3019 66.6108 56.8859 46.7547 89.0225 
51.9307 41.0122 74.0645 30.2655 92.9451 13.0384 21.4516 50.0499 18.0278 54.9181 28.4605 87.8528 13.6015 95.3441 16.4012 48.8829 84.5931 55.6337 40.6037 65.7214 82.7919 70.1785 39.6989 61.0574 32.8534 63.6003 85.7263 0.0 75.1864 57.2189 73.5352 63.5689 85.0706 71.4506 36.4005 18.0278 33.4806 30.0167 47.7062 105.631 
50.9967 93.1435 84.309 45.2217 75.1066 84.7172 59.0931 64.1566 79.0063 110.08 46.8722 39.5601 65.3758 55.5788 89.6665 50.9424 13.6015 76.3193 63.7024 48.1041 42.0476 67.9779 48.5077 25.2389 54.6443 97.822 11.4018 75.1864 0.0 109.229 32.0624 13.3417 11.3137 76.9675 39.3192 72.0 55.2178 47.0956 35.3836 82.2982 
67.6624 17.088 46.0977 70.3278 74.0 64.2806 56.3649 48.2676 74.0068 5.83095 73.3485 102.613 69.2315 88.3055 44.2832 64.607 114.368 35.4631 50.607 69.6273 94.84 50.0 92.5243 105.688 55.0 23.3452 120.603 57.2189 109.229 0.0 90.371 101.58 120.26 46.2709 80.1311 75.2396 54.2033 78.3929 73.909 85.2877 
33.2879 83.5738 56.8063 44.7816 43.0465 85.1661 54.2327 51.0397 83.0388 100.511 49.6488 14.3178 67.8239 25.0799 87.8984 35.9763 27.2947 58.4213 51.612 20.6655 10.7703 41.2495 62.9365 49.7695 47.0134 71.4154 40.5216 73.5352 32.0624 90.371 0.0 36.6879 41.2311 49.8113 45.8039 76.9675 47.4255 53.535 26.9945 50.8035 
45.7521 85.5862 83.2044 34.4819 78.5175 72.3671 49.0918 58.5716 66.1211 102.591 35.1141 47.5079 52.9528 61.6847 78.2648 45.6946 26.4008 70.7342 57.2014 48.1664 47.4342 66.375 35.171 13.6015 46.6905 92.237 22.3607 63.5689 13.3417 101.58 36.6879 0.0 21.587 75.5177 27.2029 59.0762 47.4236 34.5254 29.9666 87.3212 
62.3025 104.385 94.8472 55.5428 83.863 93.9415 69.7711 75.4624 87.4643 121.322 56.6127 46.0977 74.5252 63.0 99.6859 62.2482 16.2788 87.625 75.0067 58.6003 50.3587 78.7718 55.1453 29.6142 65.8027 108.254 1.41421 85.0706 11.3137 120.26 41.2311 21.587 0.0 87.6584 48.7647 80.399 66.4003 56.0892 46.6905 90.0056 
30.2655 41.4849 8.0 57.1106 28.4429 83.2411 51.1464 22.7445 84.0282 51.0392 62.7216 54.3721 71.2122 42.72 65.2806 31.0161 75.5715 18.6011 30.963 29.1548 45.463 9.21954 83.3718 84.7172 41.5872 24.6982 87.2353 71.4506 76.9675 46.2709 49.8113 75.5177 87.6584 0.0 65.3758 80.6742 40.6179 68.7637 46.3897 40.8044 
36.6879 63.2851 73.3348 9.84886 78.8856 45.3982 24.2074 44.0 40.1995 80.1561 8.06226 59.9083 26.0768 68.6222 51.2459 34.9285 50.0899 54.5894 38.833 46.7132 55.2268 56.7186 18.7883 26.1725 26.6833 75.7969 49.4773 36.4005 39.3192 80.1311 45.8039 27.2029 48.7647 65.3758 0.0 33.3766 27.6586 8.24621 23.0217 91.1881 
59.4643 59.0 87.7307 32.2025 101.237 16.2788 30.0 59.0762 7.07107 72.8354 27.5136 91.2853 9.89949 98.7765 32.8938 56.5862 83.3847 72.0371 49.7393 73.5541 85.604 75.4891 27.7308 52.8867 41.1096 80.8084 81.3019 18.0278 72.0 75.2396 76.9675 59.0762 80.399 80.6742 33.3766 0.0 41.8688 25.1794 51.8845 113.864 
18.7883 38.1838 47.827 18.1108 59.4666 45.2711 12.0416 18.0278 46.0109 55.1725 23.0217 61.1415 32.0156 68.5101 42.4853 15.6525 60.9556 27.074 11.1803 32.3099 55.9579 33.7169 44.0454 51.8845 1.0 48.1637 66.6108 33.4806 55.2178 54.2033 47.4255 47.4236 66.4003 40.6179 27.6586 41.8688 0.0 29.0689 20.6155 72.1525 
41.5933 61.3557 76.639 11.7047 83.9926 37.855 22.1359 46.6905 32.0624 78.1228 6.08276 67.7422 18.4391 75.8079 45.607 39.3954 58.2151 56.0 40.0 55.8358 62.6259 60.4401 15.0 31.0644 28.0713 76.4199 56.8859 30.0167 47.0956 78.3929 53.535 34.5254 56.0892 68.7637 8.24621 25.1794 29.0689 0.0 29.6985 96.2951 
16.1245 58.0341 54.3323 19.7231 59.5435 59.439 28.0 28.7991 57.7754 74.971 25.0 41.3122 42.5441 48.8035 62.0695 15.8114 40.5246 40.9618 28.3196 26.8701 35.6309 37.2156 41.6773 38.3275 20.2485 62.4645 46.7547 47.7062 35.3836 73.909 26.9945 29.9666 46.6905 46.3897 23.0217 51.8845 20.6155 29.6985 0.0 71.4159 
54.719 82.28 39.2046 84.7459 13.0384 117.421 84.1939 71.7204 118.162 90.5539 90.5768 44.1814 103.966 27.0185 106.894 57.3847 74.108 58.6941 72.2927 44.5808 40.3113 42.5441 109.636 100.0 72.8354 62.0725 89.0225 105.631 82.2982 85.2877 50.8035 87.3212 90.0056 40.8044 91.1881 113.864 72.1525 96.2951 71.4159 0.0 
DEMAND_SCENARIO_SECTION
0 0 0 0 0 0 0 0 0 0 0 0 0 0 0 0 0 0 0 0 0 0 0 0 0 0 0 0 0 0 0 0 0 0 0 0 0 0 0 0 0 0 0 0 0 0 0 0 0 0 0 0 0 0 0 0 0 0 0 0 0 0 0 0 0 0 0 0 0 0 0 0 0 0 0 0 0 0 0 0 0 0 0 0 0 0 0 0 0 0 0 0 0 0 0 0 0 0 0 0 0 0 0 0 0 0 0 0 0 0 0 0 0 0 0 0 0 0 0 0 0 0 0 0 0 0 0 0 0 0 0 0 0 0 0 0 0 0 0 0 0 0 0 0 0 0 0 0 0 0 0 0 0 0 0 0 0 0 0 0 0 0 0 0 0 0 0 0 0 0 0 0 0 0 0 0 0 0 0 0 0 0 0 0 0 0 0 0 0 0 0 0 0 0 0 0 0 0 0 0 
3 8 7 7 9 6 6 8 15 8 8 11 9 13 5 10 7 10 7 6 4 7 4 11 9 12 13 6 7 8 9 9 6 10 8 7 8 2 10 4 10 7 9 8 4 9 7 5 9 12 6 6 10 7 2 10 7 9 10 8 4 8 5 13 6 10 8 9 8 6 5 8 12 1 9 8 12 8 6 12 9 6 15 10 15 7 3 6 4 9 4 12 3 5 9 7 9 8 7 9 9 10 7 14 6 8 8 5 10 8 11 6 12 6 9 9 7 12 8 10 5 8 12 8 8 8 9 13 12 11 9 8 12 12 4 7 9 1 13 10 6 9 12 6 13 10 10 10 4 11 8 7 7 13 10 9 8 2 8 10 7 11 6 7 6 8 7 8 7 9 6 4 8 7 9 8 8 8 9 7 5 7 9 2 8 7 11 10 4 6 8 12 7 15 9 9 5 7 4 8 
15 12 13 7 12 9 7 6 13 14 6 13 11 12 3 10 14 8 12 12 14 5 14 13 13 16 15 14 9 14 8 10 11 9 7 8 10 11 12 10 6 9 11 8 7 6 8 14 13 5 13 10 14 4 6 9 9 18 7 8 10 12 12 10 7 12 9 7 13 7 13 9 7 7 9 9 13 7 13 7 15 16 7 12 8 8 10 5 8 11 9 9 12 7 6 11 11 10 9 8 11 9 7 11 6 13 11 7 7 13 10 9 10 10 8 11 8 6 12 11 12 2 12 4 11 7 6 11 16 8 14 12 7 16 8 13 10 9 11 14 8 10 19 11 4 8 7 12 9 8 9 9 4 13 12 4 12 13 11 7 5 10 14 5 7 14 17 6 6 12 2 14 7 3 13 12 6 13 10 13 10 11 7 8 8 12 12 12 14 10 9 3 11 11 15 9 10 9 9 8 
4 3 3 2 4 2 3 2 3 5 2 3 4 5 4 4 2 4 3 2 4 4 4 3 3 1 4 3 6 3 2 3 2 1 4 3 3 1 4 3 3 4 2 1 2 3 3 4 4 3 1 3 3 2 2 3 3 3 3 4 2 1 4 2 3 1 2 4 3 3 2 5 1 2 4 3 2 5 2 4 3 3 3 5 3 1 2 3 5 4 2 2 2 4 1 3 4 6 1 7 4 3 3 3 2 2 2 3 2 2 4 4 3 4 3 3 2 4 4 4 3 3 1 3 3 3 3 4 3 4 2 4 3 4 2 4 3 4 3 3 2 3 3 2 3 2 3 3 3 3 3 2 2 4 3 4 4 1 1 2 3 5 3 3 2 4 4 3 4 3 3 4 2 4 4 4 3 3 3 3 2 4 3 3 2 3 2 2 4 4 3 3 3 2 2 2 2 3 7 1 
2 2 3 1 2 2 2 1 1 2 1 1 1 1 1 1 2 1 2 1 1 2 2 2 2 1 2 1 3 2 3 3 4 1 2 3 3 3 3 3 2 1 2 3 2 3 1 2 2 2 2 2 2 2 1 2 1 2 1 2 3 2 3 2 3 2 2 3 2 3 2 2 2 2 0 3 2 2 2 2 3 2 2 2 2 3 0 1 2 2 1 3 1 1 2 2 3 2 1 1 3 2 1 2 2 2 2 2 2 2 2 3 3 1 2 2 2 2 2 1 1 2 2 1 2 2 1 2 2 3 2 2 2 3 1 2 1 2 3 2 2 3 2 3 1 2 2 2 2 2 3 2 1 2 1 2 1 3 2 2 3 2 1 2 2 1 2 1 2 2 2 2 2 2 2 3 2 2 1 2 1 2 2 1 2 3 2 2 2 2 3 2 2 1 2 1 2 2 3 2 
5 13 11 16 8 6 6 14 7 11 8 1 11 10 10 6 11 14 13 11 14 8 8 9 7 13 14 9 9 12 9 8 12 5 13 9 7 6 8 10 9 11 15 10 12 9 7 9 5 10 3 11 12 7 14 11 10 6 9 8 7 8 9 4 7 11 8 12 3 6 9 11 9 9 11 8 5 7 9 10 9 6 12 11 1 2 7 8 8 11 11 8 14 16 10 9 9 9 12 4 3 10 2 9 13 13 11 4 9 15 14 3 5 11 9 7 7 8 8 10 9 8 4 6 15 8 9 9 8 12 8 11 6 13 11 5 12 10 5 7 2 4 5 9 4 10 9 10 8 12 13 3 11 11 11 12 7 12 10 8 9 8 11 9 9 7 8 3 13 6 8 9 7 6 5 7 7 8 7 8 9 10 7 11 9 3 6 10 12 8 12 14 2 8 11 7 10 2 7 6 
0 1 2 1 1 1 1 1 1 1 1 1 1 1 1 1 1 1 1 1 1 1 1 2 1 1 1 2 1 1 1 1 2 1 1 1 1 1 1 1 1 2 1 0 1 1 1 1 1 0 1 1 1 1 1 1 1 1 1 1 1 1 1 0 1 1 1 1 1 1 1 1 1 1 1 1 2 1 1 1 1 1 1 1 1 1 1 1 0 1 1 1 1 1 1 1 1 1 1 1 1 0 1 0 1 1 1 1 1 1 1 2 1 1 1 1 1 1 1 1 1 1 1 1 1 1 1 1 0 1 1 1 0 1 0 1 1 0 1 1 1 1 1 1 1 1 0 1 1 1 1 1 1 1 1 1 1 1 1 1 1 1 1 1 1 1 1 1 0 1 1 1 1 2 1 1 1 1 1 1 1 1 1 1 0 1 1 1 1 1 1 2 1 1 1 1 2 1 1 1 
1 1 1 1 1 1 1 1 1 1 1 1 1 1 1 1 1 1 2 1 0 1 1 1 1 1 1 1 1 0 1 1 1 1 1 1 1 1 0 1 1 1 1 1 1 1 1 1 1 1 1 1 1 1 2 0 1 1 1 1 1 1 1 1 1 1 0 1 1 2 1 1 1 1 1 1 1 1 1 1 2 2 1 1 2 1 1 1 1 1 1 1 1 1 1 1 1 1 1 1 1 1 1 1 1 1 1 1 1 2 1 1 2 1 1 1 1 1 1 1 1 0 1 1 1 1 1 1 1 1 1 1 1 0 1 1 2 1 1 0 1 1 1 1 1 0 0 0 1 1 1 1 0 2 1 1 1 1 0 1 1 1 1 0 2 1 2 2 0 1 1 1 1 1 1 1 1 1 2 1 1 1 1 1 1 1 1 1 1 1 1 1 1 1 1 0 0 1 1 1 
1 1 1 1 1 1 1 1 1 1 1 1 1 1 2 1 1 1 1 1 1 2 1 1 1 1 1 1 1 1 1 1 1 1 1 1 1 1 1 1 1 1 1 1 0 1 1 1 1 1 1 1 1 1 1 1 1 1 1 1 2 1 1 1 1 0 0 1 1 1 2 1 1 1 1 1 1 1 1 1 1 1 2 1 1 1 1 1 1 1 1 1 1 1 0 1 2 1 1 2 1 1 2 1 1 2 1 1 1 1 0 1 1 1 1 1 0 2 1 0 1 0 1 1 1 1 1 1 2 1 1 1 1 1 1 1 1 1 1 1 1 1 1 1 1 1 1 1 1 1 1 1 1 1 0 1 1 1 1 1 1 2 1 1 1 1 1 1 1 1 1 1 1 2 2 1 1 1 1 1 1 1 1 1 1 1 1 1 0 1 1 1 1 1 2 1 2 1 1 1 
5 4 3 1 4 3 3 4 1 1 1 4 4 2 3 3 4 2 3 3 3 4 3 3 2 4 3 2 3 3 2 4 3 3 3 3 4 4 2 3 2 2 4 4 3 4 4 3 3 0 3 4 4 2 2 3 3 4 2 1 3 4 4 2 5 4 2 5 3 1 4 5 3 3 3 4 4 2 2 4 3 1 3 3 4 4 3 3 3 4 3 3 1 3 2 3 1 3 2 3 4 4 4 3 4 2 2 1 4 3 4 4 1 3 4 3 4 4 4 3 2 3 4 2 4 4 2 3 2 1 3 3 2 3 4 2 3 2 3 3 5 4 3 4 1 2 3 2 3 2 3 2 4 2 3 3 3 3 2 4 4 4 1 1 3 2 4 3 3 3 3 4 5 2 3 2 2 1 3 4 3 4 3 3 2 2 4 3 4 3 2 4 1 3 5 4 4 3 1 4 
13 16 11 15 8 6 13 8 9 13 11 10 11 8 10 10 12 7 12 9 6 10 14 16 8 10 8 15 10 8 11 5 1 12 5 11 15 12 12 11 7 14 0 8 13 8 11 12 9 11 14 13 11 7 9 11 10 9 10 7 9 13 8 13 7 8 14 8 13 9 14 6 11 7 5 8 12 6 10 5 8 0 9 14 16 10 12 10 6 13 13 11 13 14 2 6 6 13 9 10 10 7 9 8 8 12 9 12 8 9 13 9 11 14 10 7 14 9 12 14 8 8 6 12 8 15 9 8 14 13 12 11 9 15 10 13 8 9 10 10 7 8 10 7 10 2 13 6 9 11 11 13 7 11 12 4 4 13 12 6 6 10 9 10 13 13 8 10 10 13 12 13 8 17 14 5 12 8 11 12 9 11 18 11 12 11 7 8 3 12 12 13 8 9 12 16 13 3 11 14 
1 1 1 1 1 1 1 0 1 1 1 1 1 1 1 1 0 0 1 2 1 1 1 1 1 1 1 1 1 1 1 1 1 1 1 1 1 1 1 1 1 0 2 2 1 1 0 1 1 1 1 1 1 1 1 1 1 1 1 0 2 1 1 1 1 1 1 1 0 1 1 1 1 1 1 1 1 1 1 0 1 1 1 1 1 1 1 1 1 1 1 1 1 1 1 2 1 0 1 1 1 1 1 1 1 1 1 0 1 1 1 1 1 1 0 1 1 1 1 1 1 1 1 1 1 1 1 1 1 2 2 1 2 1 1 1 1 1 1 0 1 2 1 1 1 1 1 1 1 1 1 1 1 1 1 1 2 1 1 1 1 1 1 0 1 1 1 2 1 2 1 1 1 1 1 1 1 1 1 1 0 2 1 1 1 1 1 1 1 1 1 1 1 2 1 2 1 1 1 1 
2 3 3 1 2 4 3 3 4 2 3 4 3 6 2 3 4 5 5 3 2 3 3 4 3 2 2 3 2 3 2 3 5 3 2 6 5 4 1 1 4 3 3 3 3 3 5 3 2 1 2 3 4 4 3 4 3 4 4 5 4 4 2 2 2 2 4 3 4 1 4 4 1 3 2 4 4 3 5 2 4 5 1 4 4 2 2 3 3 2 3 4 2 3 3 3 5 4 2 3 2 3 5 3 4 5 4 4 3 3 4 3 3 2 4 3 2 3 3 1 3 1 2 4 3 2 3 4 2 2 2 0 2 2 2 1 1 3 2 3 3 5 3 1 2 4 3 1 0 3 4 4 5 4 3 3 2 5 4 4 3 5 5 3 4 2 3 3 2 3 4 4 3 4 4 5 4 3 5 3 5 3 4 2 2 5 3 3 5 3 1 4 4 4 3 1 4 5 4 4 
4 1 1 2 2 2 2 2 2 1 3 1 3 2 1 2 2 2 2 3 1 0 1 2 1 1 2 1 2 2 3 2 1 3 2 2 1 2 3 2 3 2 2 3 3 3 2 3 2 2 2 2 1 1 3 3 3 2 2 2 2 2 2 2 3 2 2 2 3 2 1 3 2 4 0 2 3 3 1 2 2 1 2 2 2 1 3 2 3 2 2 3 2 1 1 2 4 2 2 1 1 2 1 1 1 1 2 2 3 1 2 2 3 2 2 3 1 1 1 3 3 3 2 2 2 2 1 3 2 3 3 2 3 2 1 2 3 1 2 3 2 2 2 2 2 1 1 3 2 1 1 1 1 2 1 2 2 3 2 2 2 3 2 3 1 2 2 1 2 2 3 2 1 2 3 2 1 2 1 2 2 2 2 2 3 3 3 1 2 3 3 2 1 2 1 2 2 3 2 2 
3 2 3 2 2 1 2 1 2 2 2 2 3 1 2 2 3 0 3 4 2 2 1 2 2 3 2 2 1 2 2 3 3 2 2 2 2 0 2 3 1 2 3 2 1 1 2 2 3 1 2 1 2 3 1 3 2 2 1 2 3 2 2 3 2 2 2 1 2 2 2 1 2 2 1 2 2 2 2 2 3 2 2 2 2 1 1 2 0 3 1 2 2 2 1 3 2 2 1 2 1 2 4 2 2 3 3 2 2 2 1 4 2 2 1 3 2 1 2 2 1 2 2 3 3 1 0 3 3 3 2 2 2 0 2 1 1 4 2 3 3 1 1 3 2 3 1 1 3 1 3 1 3 3 2 2 1 2 2 2 2 2 2 2 2 0 3 2 2 2 1 1 2 2 2 3 1 2 2 2 1 2 2 1 2 2 2 3 1 2 3 2 1 1 1 1 2 0 2 1 
9 7 11 8 7 7 6 15 5 8 10 9 6 10 11 9 10 10 6 6 5 9 11 6 10 5 10 10 9 10 7 6 9 8 7 7 5 13 7 3 6 7 12 9 12 6 6 14 7 7 8 9 5 8 7 1 8 6 6 11 8 9 10 8 10 5 5 7 5 5 9 5 4 9 6 4 13 5 8 8 9 6 6 7 6 4 5 3 4 6 7 6 8 8 10 8 8 8 10 12 8 11 6 4 9 9 11 8 7 7 6 6 8 1 11 7 10 10 12 9 5 14 12 6 11 4 8 10 5 10 6 11 10 12 11 10 7 8 11 7 7 11 8 9 8 4 9 6 10 7 6 3 11 9 8 7 6 8 5 12 8 10 3 8 7 7 11 7 10 11 5 2 4 3 15 10 10 4 7 9 6 6 6 7 7 6 12 8 10 7 6 10 7 9 10 11 6 11 8 10 
5 4 3 8 4 6 4 5 6 6 5 6 4 4 6 7 7 5 9 6 5 6 4 4 8 4 7 5 5 5 6 5 7 4 6 4 3 6 5 6 7 3 6 3 7 8 6 7 3 1 5 6 7 5 4 8 6 4 7 5 6 7 2 4 6 4 9 4 2 1 4 3 5 4 7 4 1 3 2 8 4 5 8 7 5 4 3 5 8 6 5 8 6 4 9 3 5 3 5 4 6 4 7 6 7 3 5 8 6 7 4 5 7 6 4 4 5 6 4 5 8 7 7 4 8 5 6 3 5 6 5 7 5 7 2 5 3 6 3 5 6 7 9 7 4 5 4 1 7 5 7 8 2 3 6 4 7 4 6 5 5 4 4 8 8 6 6 7 7 5 6 5 6 3 7 5 7 5 5 5 4 3 7 2 5 6 7 3 7 6 6 4 7 2 8 3 5 6 0 8 
12 4 9 8 9 3 6 9 6 6 8 4 8 8 6 8 5 8 2 7 9 4 5 10 5 11 4 10 7 4 6 6 12 6 12 7 6 9 11 4 6 8 5 12 10 9 7 10 7 8 9 9 9 8 5 6 6 8 7 8 2 8 8 6 5 6 10 8 7 4 6 9 7 7 4 9 8 10 3 7 11 9 7 7 8 7 5 12 7 8 3 5 8 8 6 6 7 8 6 7 4 6 9 7 8 9 11 11 9 8 12 9 9 9 6 9 6 9 8 9 8 10 8 6 8 3 10 10 4 11 2 8 5 7 12 7 9 8 7 9 4 10 10 3 6 3 7 4 3 7 7 8 8 5 9 3 8 10 7 7 8 10 6 9 7 3 8 5 10 3 7 9 6 4 7 6 10 7 7 7 6 7 4 7 5 7 4 6 4 9 6 10 5 7 7 7 6 4 9 7 
4 4 3 2 2 4 1 3 4 2 3 1 3 3 4 2 3 2 3 1 3 3 3 4 3 4 4 3 3 4 4 3 3 4 3 4 3 3 3 3 2 2 3 4 3 2 3 4 3 2 2 3 2 2 4 2 3 4 2 3 3 4 3 4 4 3 5 2 3 1 3 3 5 4 4 2 3 2 2 4 3 1 4 2 4 4 1 3 2 3 2 4 4 3 3 2 2 4 2 4 4 4 3 4 5 4 3 3 4 3 3 2 4 3 3 2 2 2 2 2 2 3 2 2 3 2 3 4 4 3 2 3 4 3 1 4 6 3 3 2 3 0 4 2 3 1 5 5 2 1 4 4 3 4 3 3 2 5 3 2 3 3 4 3 2 3 3 3 2 2 3 3 3 2 2 2 2 2 3 2 3 5 4 3 1 4 4 2 4 4 4 2 4 3 3 3 2 2 3 5 
1 1 1 1 1 1 1 1 1 1 1 1 1 1 1 1 1 1 1 1 1 1 1 1 1 1 1 1 1 1 1 1 0 1 0 1 1 1 2 1 2 1 1 1 1 1 1 1 1 1 1 2 1 1 1 1 1 1 1 1 1 1 1 0 1 1 1 1 1 1 1 1 0 1 1 1 1 1 1 1 1 1 1 1 1 1 1 1 1 0 1 1 1 1 1 1 2 1 1 1 1 1 1 2 0 1 1 1 1 1 1 1 1 1 1 1 1 1 1 1 1 1 1 1 1 1 1 1 0 1 1 1 1 1 1 1 1 1 1 1 1 1 1 1 0 0 1 1 1 1 1 1 1 1 1 1 2 1 1 1 1 1 1 1 0 1 1 1 1 1 1 1 1 1 1 1 1 1 1 1 0 1 2 0 1 1 1 1 2 1 1 1 0 1 1 1 1 1 1 1 
1 1 1 0 1 1 1 1 1 1 1 1 1 1 1 1 1 1 1 1 0 2 1 1 1 1 1 1 1 1 1 1 1 1 1 1 1 1 2 1 1 1 1 1 0 1 2 1 1 1 1 1 1 1 1 1 1 2 1 1 1 1 0 1 1 1 1 1 1 1 1 1 2 1 1 1 0 1 1 1 1 1 1 1 1 0 1 1 1 1 1 1 0 1 1 1 1 1 1 1 1 1 1 1 1 0 1 1 1 1 1 1 1 1 1 1 2 1 1 1 1 1 1 1 2 1 1 1 1 1 1 1 1 1 1 1 2 1 2 1 1 0 1 1 1 1 2 2 1 1 1 1 0 1 1 1 1 1 1 1 1 1 1 2 2 1 2 1 0 1 1 1 1 1 1 1 1 1 1 1 1 1 1 1 1 0 1 1 2 1 1 1 1 1 1 2 2 1 1 1 
0 1 1 2 1 1 1 1 1 0 1 1 1 1 1 1 1 1 1 1 1 1 1 1 0 1 1 1 0 1 1 1 1 1 1 1 1 1 1 1 1 1 1 0 1 1 1 2 1 1 1 1 1 1 1 1 1 1 1 1 1 1 1 1 1 1 1 1 1 1 0 1 1 1 1 1 1 1 1 1 1 1 1 1 1 0 1 1 1 1 1 1 1 1 1 0 1 1 1 1 1 1 1 1 1 1 1 1 1 1 1 1 1 2 1 1 1 1 1 1 1 1 1 1 1 2 1 1 1 1 1 1 1 1 1 1 1 1 1 2 1 1 1 1 1 1 1 1 1 1 1 2 1 1 1 1 1 1 1 1 1 1 1 1 1 1 1 1 1 1 1 1 1 1 1 1 1 1 1 1 1 1 1 0 2 1 1 1 1 1 1 1 1 1 1 1 2 1 1 1 
2 2 2 2 3 1 2 1 3 1 0 1 3 2 2 3 3 2 2 2 2 2 3 3 3 1 1 2 1 2 2 2 1 1 2 2 1 1 3 2 2 2 1 3 2 2 2 2 3 2 1 3 2 2 1 2 3 3 2 2 2 2 2 2 1 2 2 2 1 2 1 3 3 2 2 2 3 1 3 1 1 2 2 2 2 2 4 1 0 3 2 1 2 2 2 3 2 2 2 3 2 3 1 2 3 3 3 3 2 2 1 1 2 1 2 2 1 2 3 3 2 3 2 2 3 3 3 1 2 2 2 2 2 0 3 3 1 3 2 1 3 1 3 1 2 3 2 3 2 1 2 3 2 2 2 2 2 2 2 2 1 2 1 2 0 2 2 2 1 2 2 1 1 2 3 4 2 2 1 2 2 2 1 3 2 2 2 2 2 1 2 2 2 2 2 4 2 1 2 2 
8 7 6 6 10 9 7 7 7 7 8 8 6 12 8 12 9 9 10 6 7 4 8 3 7 7 7 10 6 5 0 10 9 9 6 7 9 7 8 7 10 6 3 7 10 9 6 4 10 7 13 8 7 7 5 9 6 12 8 4 6 5 7 5 5 11 4 9 8 8 3 7 6 10 8 5 6 8 10 8 4 6 8 3 7 6 9 10 9 12 7 8 3 11 5 6 10 4 9 5 8 11 4 13 4 8 10 8 9 6 7 10 5 9 7 8 5 9 6 5 8 6 11 6 0 7 4 6 6 7 10 8 8 8 7 8 10 5 5 10 3 7 4 7 7 7 9 8 5 2 3 3 9 5 8 8 8 4 8 7 9 9 6 12 9 6 8 6 7 10 6 7 4 5 7 3 6 6 13 11 8 3 8 7 7 7 8 9 10 7 6 9 5 9 6 7 4 7 8 10 
9 13 9 7 15 10 5 7 7 10 9 8 13 5 10 7 7 7 8 11 8 10 8 7 8 9 12 8 5 13 6 11 6 6 11 11 4 12 14 9 8 10 4 6 11 13 4 3 7 12 7 8 5 8 5 12 9 12 6 9 9 11 11 9 13 10 7 8 14 12 3 12 7 12 12 7 8 9 6 8 6 7 6 8 9 9 14 7 7 9 6 10 14 8 7 13 11 10 4 8 10 11 9 6 8 11 11 7 13 8 9 10 9 9 7 6 7 12 5 13 2 4 7 5 8 10 8 8 10 7 11 7 10 15 7 4 10 9 9 6 10 9 11 12 6 13 8 11 7 13 12 10 10 10 9 6 14 6 10 11 10 8 8 3 7 10 11 7 8 11 12 9 6 15 12 8 10 15 14 5 8 5 9 6 9 12 7 5 10 10 6 10 10 11 16 7 7 7 16 10 
5 6 5 7 2 4 4 6 5 6 6 6 6 6 3 4 7 3 5 3 3 4 5 4 4 7 9 4 3 6 4 7 2 6 6 2 8 6 6 4 8 3 5 6 3 7 3 4 6 6 1 5 4 6 4 7 3 7 4 5 3 2 7 4 5 6 5 2 4 6 5 5 5 4 5 5 5 6 7 3 7 5 4 4 4 3 6 3 5 5 10 5 6 5 4 5 7 4 5 5 6 5 5 4 8 5 3 7 7 5 4 4 6 5 7 1 5 4 3 7 5 5 8 6 5 4 7 6 4 8 5 7 2 7 5 3 5 4 5 3 2 7 5 6 5 3 4 5 5 5 7 2 1 6 4 6 4 4 2 6 4 4 4 8 3 2 6 6 4 9 8 3 2 6 3 5 4 8 4 4 4 8 5 4 9 4 3 4 6 7 6 5 5 3 7 4 6 4 5 2 
2 3 2 1 3 2 2 1 2 1 3 1 3 2 1 2 2 3 2 2 3 2 1 1 4 2 3 2 2 2 2 1 2 2 2 2 3 3 2 2 3 2 3 2 2 2 2 2 1 2 2 1 2 2 2 2 1 2 3 4 3 2 2 3 2 3 3 2 3 2 2 3 1 2 2 4 3 1 1 3 2 2 1 2 2 3 3 2 2 2 2 2 2 3 3 2 3 2 2 1 3 3 3 2 3 1 1 2 4 1 1 1 2 2 1 2 3 2 2 2 2 2 1 2 1 1 1 2 2 2 2 2 2 2 1 2 2 2 2 2 2 3 2 2 2 4 2 1 2 1 2 2 1 3 2 2 2 2 1 2 1 2 2 4 2 2 2 3 2 1 2 2 2 1 2 2 3 2 3 3 3 2 1 3 3 2 2 2 1 3 3 2 2 2 2 2 2 1 2 3 
10 7 8 11 8 11 13 11 10 2 8 12 9 7 10 7 10 8 12 10 4 9 5 10 12 9 11 8 11 9 13 13 9 5 7 10 8 7 5 12 5 6 11 8 8 8 12 9 7 4 8 16 6 3 8 7 5 14 9 12 8 8 7 10 14 13 12 7 10 6 7 11 10 7 9 9 7 3 10 13 9 12 12 9 7 12 9 6 9 7 8 7 9 8 10 9 7 13 6 2 7 8 5 6 2 10 8 8 6 5 10 6 7 10 8 11 9 7 10 12 10 12 7 11 13 6 11 7 7 11 5 8 7 7 5 7 5 12 7 8 7 9 12 11 7 15 9 11 13 9 13 5 13 14 9 7 12 7 9 12 2 11 11 3 13 11 8 11 11 12 3 4 8 9 9 7 7 13 13 9 9 10 8 8 8 11 10 9 10 11 14 11 9 13 11 5 3 4 10 11 
2 4 5 4 2 6 8 3 6 5 4 5 4 5 5 4 5 5 4 4 1 5 3 6 7 7 4 2 6 6 6 6 2 4 3 2 3 5 3 4 5 5 2 4 4 4 4 4 3 3 6 3 3 4 4 5 4 4 5 4 3 1 6 4 4 4 5 4 2 3 4 4 3 3 5 5 1 5 4 5 8 2 3 7 4 6 8 4 4 4 5 4 3 4 4 4 5 2 5 4 3 5 5 5 5 3 3 3 4 2 6 6 4 5 4 4 2 5 3 4 5 7 4 6 5 4 6 3 6 4 3 2 4 4 3 2 7 7 5 3 3 3 5 5 4 4 3 5 4 1 5 6 6 6 3 5 6 3 5 4 4 5 4 2 5 4 4 2 3 3 3 4 4 6 4 3 5 5 6 4 2 5 5 5 4 4 5 2 3 3 5 5 4 4 3 4 6 3 4 3 
15 11 10 17 16 8 9 10 9 15 11 7 9 7 11 5 5 9 14 8 14 12 10 15 14 7 9 9 8 9 7 10 18 11 11 11 13 8 11 8 10 9 6 16 10 8 5 9 11 11 12 7 6 8 9 10 9 15 12 15 7 13 9 6 11 4 13 11 12 16 11 12 14 12 9 12 7 13 9 6 11 13 10 12 6 14 5 11 9 13 13 14 6 8 10 12 9 7 10 13 12 13 9 12 8 9 15 8 10 7 5 14 10 15 12 10 7 12 10 2 9 8 7 6 12 12 6 10 14 11 10 6 16 11 8 12 5 7 7 12 9 12 10 10 14 10 7 11 11 8 1 8 8 8 10 8 8 8 11 9 6 12 12 11 6 10 11 11 5 6 14 5 14 4 9 7 9 7 2 9 3 8 11 6 7 16 10 12 14 5 9 10 9 8 9 5 11 11 7 5 
1 1 1 1 1 1 1 1 0 1 1 1 1 1 1 1 1 1 1 1 1 1 1 1 1 1 1 1 1 1 0 1 1 1 1 1 1 1 1 1 1 1 1 1 1 1 1 1 1 1 1 1 1 1 1 1 1 1 1 1 1 1 1 1 1 1 2 1 1 1 1 2 1 1 1 1 1 2 1 1 1 1 1 1 1 1 1 1 1 1 1 1 0 1 1 1 1 1 1 1 1 1 1 1 0 1 1 1 1 1 1 1 1 1 1 1 1 1 1 1 1 1 1 2 1 1 1 1 1 1 1 0 1 1 1 1 1 1 1 1 1 0 1 1 1 1 1 0 2 1 1 1 1 1 1 1 1 1 1 1 1 1 1 1 1 1 1 1 1 1 1 1 1 2 1 1 1 1 1 1 1 2 1 1 1 1 1 1 1 1 1 1 1 1 1 2 2 1 1 1 
3 3 3 5 5 4 4 4 2 6 6 7 4 2 3 5 7 6 5 3 4 5 4 3 2 5 6 2 5 2 3 3 5 5 5 5 5 7 4 4 4 4 5 5 0 6 5 6 5 5 3 8 4 5 6 1 5 1 5 4 6 6 3 5 5 4 4 3 2 4 4 4 4 4 4 4 5 5 5 6 4 2 6 4 5 4 6 6 3 4 4 4 5 3 2 2 4 3 4 4 4 5 6 5 5 4 6 5 3 5 6 4 6 5 4 3 5 4 2 2 5 5 3 1 3 5 6 2 5 4 4 4 4 5 3 3 6 5 3 2 3 5 5 2 5 5 3 4 4 6 3 4 4 5 5 4 2 4 2 6 2 3 2 7 2 4 3 6 1 3 4 5 7 3 3 3 3 3 3 5 4 6 5 5 3 5 7 5 4 5 5 3 5 2 6 4 4 2 5 5 
1 5 6 7 4 2 3 7 7 6 2 5 5 8 4 5 6 5 3 7 6 6 5 4 5 10 2 5 4 5 5 4 8 3 5 7 4 6 7 4 3 3 1 8 4 1 4 5 3 4 4 4 5 6 3 4 4 4 2 4 4 5 6 3 6 4 3 6 4 4 3 2 4 5 4 5 6 5 2 5 6 5 4 4 1 5 6 3 7 5 4 5 4 6 4 4 2 4 6 2 8 5 4 6 5 6 7 7 5 5 3 4 7 5 5 4 2 3 4 6 6 6 5 6 4 3 6 4 6 5 6 5 3 4 5 7 4 9 7 7 4 5 6 5 3 4 6 5 6 5 6 5 8 5 7 3 5 6 4 7 7 5 6 2 5 6 7 6 4 4 6 7 3 1 6 4 5 8 6 6 4 5 5 5 6 6 3 7 7 4 8 4 7 3 6 6 5 3 4 4 
5 3 3 3 3 3 6 1 5 3 3 4 5 6 5 6 2 4 5 6 3 4 4 4 4 4 4 3 2 4 3 5 3 5 5 3 4 6 6 4 5 5 4 5 5 6 4 5 7 4 4 4 6 5 4 4 5 4 5 4 4 4 4 2 6 3 3 3 4 4 3 2 4 2 4 5 5 3 3 5 4 5 5 4 3 2 4 6 5 3 3 1 5 2 5 3 3 5 4 3 7 5 4 4 4 3 2 5 5 2 5 3 4 3 4 4 2 3 4 2 4 2 5 4 3 3 3 4 6 4 3 3 5 5 4 2 5 4 5 3 0 4 5 4 4 5 3 4 1 3 3 2 4 4 4 5 6 4 5 3 4 5 5 6 7 3 2 3 3 2 3 3 4 5 3 5 5 4 3 3 5 3 4 4 5 5 4 5 5 4 2 3 3 3 4 4 1 3 5 6 
4 3 2 4 3 4 3 5 3 2 3 1 6 4 2 2 3 2 3 3 2 3 2 4 5 2 4 3 2 2 3 2 3 5 4 2 1 4 4 2 3 0 4 4 3 3 3 6 4 3 2 5 2 4 3 4 4 2 3 3 3 2 2 4 4 3 3 5 5 4 3 4 3 3 4 3 2 3 2 4 2 2 3 3 3 2 3 4 5 5 3 2 3 3 3 4 3 3 4 4 2 3 3 3 3 2 5 4 4 4 4 3 3 3 3 3 3 3 2 2 2 4 3 3 2 3 4 3 3 4 4 4 4 2 3 2 3 1 3 5 4 4 3 2 3 3 3 2 2 1 2 3 3 4 3 3 2 4 2 2 1 2 4 3 0 3 5 4 4 4 3 5 3 4 4 3 0 2 2 4 3 2 4 3 2 4 3 5 3 1 2 4 2 4 2 3 2 1 4 4 
4 3 4 5 6 3 3 5 3 5 6 5 6 6 5 3 5 4 3 2 4 3 3 5 6 3 6 4 3 3 4 6 3 5 2 4 4 4 4 5 5 5 4 4 5 4 5 3 4 4 6 5 6 3 5 4 2 5 3 5 6 5 5 5 3 3 4 4 1 3 7 3 3 6 5 5 5 5 5 5 3 5 6 2 2 5 4 3 3 4 3 4 4 4 3 3 1 3 5 1 3 3 5 4 4 6 7 3 2 3 6 5 5 6 5 2 3 4 3 4 3 2 6 5 3 2 4 4 3 4 3 4 6 5 5 3 3 4 3 3 5 7 6 4 3 5 1 5 6 5 6 3 2 4 3 2 4 4 1 4 4 5 5 4 5 4 5 4 3 2 4 5 5 2 7 5 4 3 6 4 4 2 4 6 5 4 4 4 2 5 2 5 4 4 3 2 5 5 5 3 
6 7 12 10 6 5 10 4 7 8 15 12 7 10 3 7 6 4 4 7 8 6 9 16 11 8 10 4 15 4 13 13 14 15 12 7 9 10 14 8 7 10 7 8 10 12 3 8 12 15 8 9 8 11 10 2 7 10 14 11 3 8 9 8 11 11 2 13 11 7 5 6 9 10 11 9 8 11 8 9 8 13 7 11 7 9 15 5 17 11 13 15 4 10 13 4 13 8 7 3 14 6 9 13 7 11 13 7 7 12 14 8 13 5 14 10 8 12 8 12 10 10 5 4 14 9 7 7 10 8 8 12 15 12 9 11 15 11 8 9 6 7 9 17 9 10 10 6 9 14 9 11 12 12 8 9 9 8 9 11 10 15 11 6 11 9 14 13 12 8 7 5 7 6 15 15 4 12 7 5 8 11 13 15 7 7 11 13 7 4 9 6 11 5 2 6 8 10 9 17 
10 14 10 12 15 6 5 16 10 13 13 11 12 9 11 5 17 13 8 9 17 8 11 9 8 9 15 10 7 11 6 6 4 9 13 8 9 14 14 4 16 9 10 6 14 9 6 16 13 12 10 8 9 2 10 9 15 5 13 15 10 11 10 5 6 8 10 13 12 10 9 9 9 6 13 10 8 5 10 10 9 10 6 13 8 13 7 15 8 13 11 9 6 11 12 11 16 6 9 9 13 10 10 15 14 10 11 8 5 6 13 10 11 6 15 14 12 13 3 10 10 5 12 5 6 12 17 8 13 17 11 8 13 14 7 9 9 8 8 11 6 15 7 13 6 14 8 11 13 4 6 13 13 8 8 8 12 8 9 12 8 11 5 11 4 10 11 14 9 15 12 10 12 8 8 10 6 11 13 12 11 8 11 9 11 13 13 6 8 13 10 16 12 12 6 8 5 7 11 12 
7 6 7 6 7 7 5 8 7 12 5 5 3 5 6 3 10 6 9 9 9 2 11 8 5 9 9 6 5 10 8 4 8 7 6 8 10 9 7 5 5 7 8 8 6 10 9 5 10 6 6 6 9 10 7 3 6 9 8 10 3 7 7 10 9 6 6 9 6 7 8 8 6 6 9 4 4 7 6 7 11 7 10 7 9 6 5 6 9 5 10 12 9 7 7 12 8 5 7 1 0 6 7 6 9 13 4 15 6 8 7 7 3 6 4 6 5 7 7 7 9 9 8 7 8 4 4 4 4 4 6 5 6 5 7 11 9 8 9 12 4 8 10 8 8 6 9 4 6 12 7 6 6 7 5 8 5 7 10 9 6 4 4 12 8 10 7 8 8 4 8 8 5 6 4 8 7 4 6 7 4 7 8 12 4 8 9 10 9 6 7 8 6 7 8 7 11 7 7 7 
6 8 9 12 8 8 8 9 8 14 13 4 9 13 5 11 6 4 9 10 5 11 11 15 11 8 7 7 9 5 9 16 9 11 8 12 8 4 7 12 14 8 6 4 10 10 5 13 13 10 14 11 11 11 6 13 7 9 7 10 4 15 4 11 6 11 10 11 5 13 8 9 11 2 1 10 3 5 9 13 12 12 5 14 8 13 11 11 6 10 8 6 16 10 7 15 10 8 10 6 6 13 7 6 12 5 7 7 8 8 13 7 4 10 5 5 4 8 5 5 11 11 6 8 8 6 6 9 7 8 13 8 4 9 10 7 5 12 8 6 7 1 9 15 11 12 10 5 9 10 7 11 12 9 4 10 9 10 6 9 14 8 7 6 5 9 9 9 13 4 9 9 14 9 13 8 6 9 4 6 11 3 9 9 11 7 4 11 15 4 10 4 7 13 8 11 9 8 13 6 
DEPOT_SECTION
 1
 -1
EOF
