NAME  : Jabali_40_4_0.82_1_4
TYPE : SVRP
MODEL : FINITE_SUPPORT
NUMBER_OF_SCENARIOS : 200
DIMENSION : 40
EDGE_WEIGHT_TYPE : MATRIX
CAPACITY : 68
N_VEHICLES : 4
NODE_COORD_SECTION
1 4849 4058
2 6963 5306
3 6257 2903
4 27 5176
5 4312 2646
6 5320 3877
7 2622 6724
8 4074 1569
9 2454 2186
10 4313 2476
11 2451 1588
12 1053 1827
13 561 4392
14 931 4748
15 7898 4361
16 791 4732
17 8030 1718
18 3128 1135
19 4328 6487
20 7929 2720
21 3198 6042
22 992 4037
23 7158 3583
24 3916 6411
25 546 6499
26 7216 1985
27 3201 2142
28 2656 4244
29 5399 6826
30 5351 5997
31 3913 2338
32 3508 18
33 1408 1214
34 6364 2137
35 2604 5840
36 2593 3739
37 6831 3464
38 7180 3223
39 4710 2940
40 2851 5267
DEMAND_SECTION
1 0.0
2 4.0
3 8.0
4 10.0
5 1.0
6 6.0
7 10.0
8 4.0
9 1.0
10 10.0
11 9.0
12 9.0
13 5.0
14 10.0
15 1.0
16 6.0
17 6.0
18 2.0
19 3.0
20 2.0
21 6.0
22 8.0
23 8.0
24 4.0
25 3.0
26 7.0
27 9.0
28 6.0
29 5.0
30 5.0
31 5.0
32 1.0
33 4.0
34 5.0
35 3.0
36 6.0
37 7.0
38 10.0
39 9.0
40 9.0
DEVIATION_SECTION
1 0.0
2 1.33333
3 2.66667
4 3.33333
5 0.333333
6 2.0
7 3.33333
8 1.33333
9 0.333333
10 3.33333
11 3.0
12 3.0
13 1.66667
14 3.33333
15 0.333333
16 2.0
17 2.0
18 0.666667
19 1.0
20 0.666667
21 2.0
22 2.66667
23 2.66667
24 1.33333
25 1.0
26 2.33333
27 3.0
28 2.0
29 1.66667
30 1.66667
31 1.66667
32 0.333333
33 1.33333
34 1.66667
35 1.0
36 2.0
37 2.33333
38 3.33333
39 3.0
40 3.0
DISTANCE_MATRIX
0.0 36.2468 24.6982 67.1278 20.6006 6.40312 47.1275 34.4107 45.1562 21.9547 48.6056 64.3817 58.8146 55.1235 41.7365 56.0469 53.2541 46.1415 34.5254 45.2769 35.4401 53.8183 31.9061 35.0143 67.0432 42.5441 36.2531 31.9202 40.09 31.0787 26.8924 57.0781 63.2669 32.8938 38.4708 34.6612 28.6007 33.4215 14.7648 31.6969 
36.2468 0.0 33.0151 94.9193 50.1141 30.0357 60.8267 62.5079 74.7242 51.4005 78.1736 93.9498 94.5734 90.8823 17.8885 91.8057 50.04 75.4152 38.3143 37.0135 51.9049 89.577 23.5372 42.8102 88.5275 44.3847 65.8212 67.679 28.2312 23.3325 56.4367 84.4046 92.835 42.5441 59.3715 77.4696 24.6982 27.6586 43.7924 57.5369 
24.6982 33.0151 0.0 90.9022 26.6833 18.7883 71.3092 34.5254 51.788 27.4591 54.037 71.0211 81.3247 78.2914 29.1548 79.1084 28.6007 48.5077 55.4437 22.3607 59.6154 78.1907 14.5602 57.4047 91.7383 17.8885 42.2966 53.3165 53.6004 43.1045 32.249 54.1295 69.0652 10.198 63.1348 55.1013 10.7703 13.0 21.5407 56.3921 
67.1278 94.9193 90.9022 0.0 69.8399 73.2353 40.7922 72.0174 51.5461 69.0934 57.4891 46.0977 12.6491 12.7279 109.076 12.0416 117.889 67.72 60.075 113.254 44.1022 19.6977 98.549 55.0364 19.2094 106.507 58.6003 37.6431 75.1665 71.5891 65.3965 82.9759 55.0364 94.817 36.1248 41.075 94.9606 99.9044 69.8363 37.6431 
20.6006 50.1141 26.6833 69.8399 0.0 21.1304 60.0083 14.4222 25.1794 1.41421 28.2843 44.4072 57.3643 57.9966 53.2353 58.3508 51.8652 25.5539 53.2125 48.7032 49.0918 50.1771 40.05 52.0102 73.3746 40.4969 16.0312 31.7925 60.4574 51.4461 6.32456 37.0135 43.1045 28.8444 49.2544 29.207 36.0555 39.4588 6.32456 41.3038 
6.40312 30.0357 18.7883 73.2353 21.1304 0.0 52.5547 34.7131 45.6859 22.4845 49.1353 64.9115 64.9222 61.2311 35.5106 62.1545 47.1699 46.6712 38.0132 38.8973 40.8534 59.9258 25.5539 39.2046 73.1507 36.6742 36.7829 38.0278 40.0 28.8568 27.4222 57.28 63.7967 27.6586 44.4185 47.5918 22.2036 27.0185 15.0 37.8045 
47.1275 60.8267 71.3092 40.7922 60.0083 52.5547 0.0 72.3395 62.0906 61.0 69.6128 69.029 41.1825 35.3553 78.509 36.2353 99.5721 75.9605 22.8254 89.7218 11.7047 41.2311 74.5597 18.0278 28.8617 89.1736 62.8172 33.8378 37.3363 37.8021 62.2013 91.6788 75.7685 80.0062 11.7047 40.1622 72.7342 77.6336 58.4209 19.4165 
34.4107 62.5079 34.5254 72.0174 14.4222 34.7131 72.3395 0.0 22.6716 13.0384 21.5407 40.2492 59.5399 60.174 63.3246 60.5282 53.7587 14.0357 66.9906 54.1479 61.9839 52.3546 49.0306 65.7875 81.7447 43.1741 13.6015 40.1995 74.2675 65.2562 10.198 22.6716 36.1386 32.249 61.0801 34.5254 45.1221 47.3814 19.799 53.0884 
45.1562 74.7242 51.788 51.5461 25.1794 45.6859 62.0906 22.6716 0.0 24.3311 7.61577 19.2354 38.8973 40.6079 78.3063 40.7922 75.1532 16.2788 63.809 73.4983 53.8793 32.0156 65.192 61.0737 64.1249 64.0781 9.84886 28.3 74.9549 67.0407 19.6469 32.0624 18.9737 52.5547 50.3875 22.0187 61.2046 64.6297 31.1492 43.0407 
21.9547 51.4005 27.4591 69.0934 1.41421 22.4845 61.0 13.0384 24.3311 0.0 27.1662 43.566 56.6178 57.25 54.3323 57.6042 52.1536 24.1868 54.4156 49.3356 50.1597 49.4306 41.0122 53.2133 75.8947 40.8167 15.0 32.5143 61.8115 52.8001 5.09902 35.609 42.0476 29.1548 50.1597 28.4605 37.0135 40.3113 7.61577 42.19 
48.6056 78.1736 54.037 57.4891 28.2843 49.1353 69.6128 21.5407 7.61577 27.1662 0.0 18.868 44.911 47.1699 81.4985 47.2652 75.2728 10.8167 71.1886 74.9667 61.4003 38.3275 68.0294 68.4547 71.007 64.56 12.3693 35.8222 83.3673 74.4204 22.0907 25.4951 15.0333 53.3667 57.9097 29.5409 64.0312 67.0298 34.5254 50.5629 
64.3817 93.9498 71.0211 46.0977 44.4072 64.9115 69.029 40.2492 19.2354 43.566 18.868 0.0 34.7131 38.8973 97.5318 38.6005 93.7763 29.0689 78.6633 92.6499 64.3372 30.0832 84.432 74.4548 62.8172 82.8734 28.8617 46.8782 89.791 82.2353 38.833 40.8167 9.05539 71.4703 58.0914 37.7475 80.4408 83.863 50.3747 53.4311 
58.8146 94.5734 81.3247 12.6491 57.3643 64.9222 41.1825 59.5399 38.8973 56.6178 44.911 34.7131 0.0 5.83095 100.063 5.0 107.433 55.0818 56.7186 103.676 41.0 7.2111 89.61 51.9711 28.1603 97.3039 46.0652 28.0278 71.3442 66.0681 52.921 70.406 43.4166 85.6486 33.2415 31.4442 89.8068 93.5983 63.3317 32.0156 
55.1235 90.8823 78.2914 12.7279 57.9966 61.2311 35.3553 60.174 40.6079 57.25 47.1699 38.8973 5.83095 0.0 97.0719 1.0 105.278 56.8859 51.3517 100.643 35.5106 9.05539 85.9189 46.5296 24.1868 93.8964 46.8188 25.0 66.1211 61.2944 53.5532 72.5603 47.2969 82.2062 27.6586 28.4164 82.9563 87.9001 57.2255 27.074 
41.7365 17.8885 29.1548 109.076 53.2353 35.5106 78.509 63.3246 78.3063 54.3323 81.4985 97.5318 100.063 97.0719 0.0 97.9953 35.4401 77.1298 55.9967 22.1359 69.3757 95.0667 14.7648 60.4926 105.804 33.0151 69.2604 73.1686 46.0977 41.0148 59.4138 83.2586 96.3328 35.805 75.9003 82.9593 18.3848 17.8045 47.0956 73.644 
56.0469 91.8057 79.1084 12.0416 58.3508 62.1545 36.2353 60.5282 40.7922 57.6042 47.2652 38.6005 5.0 1.0 97.9953 0.0 106.095 57.0701 52.345 101.46 36.4966 9.0 86.8423 47.5184 24.3311 94.7133 47.1699 25.8114 67.1193 62.2896 53.9074 72.6911 47.0744 83.0232 28.6356 29.2278 83.8798 88.8235 58.0425 28.0713 
53.2541 50.04 28.6007 117.889 51.8652 47.1699 99.5721 53.7587 75.1532 52.1536 75.2728 93.7763 107.433 105.278 35.4401 106.095 0.0 66.9403 81.6088 13.3417 87.8787 101.416 27.1662 84.1546 120.27 11.4018 65.307 80.3031 76.531 67.5199 55.9464 66.0 89.8443 23.0217 91.586 82.0879 27.8927 23.3452 48.2701 84.9238 
46.1415 75.4152 48.5077 67.72 25.5539 46.6712 75.9605 14.0357 16.2788 24.1868 10.8167 29.0689 55.0818 56.8859 77.1298 57.0701 66.9403 0.0 75.1077 68.0661 66.8506 48.2701 62.9682 73.5031 80.3057 56.7186 13.4164 42.2019 84.0609 75.0495 19.4165 16.0312 23.2594 46.0977 64.2884 35.9026 59.0339 61.4003 31.7648 56.6127 
34.5254 38.3143 55.4437 60.075 53.2125 38.0132 22.8254 66.9906 63.809 54.4156 71.1886 78.6633 56.7186 51.3517 55.9967 52.345 81.6088 75.1077 0.0 70.4308 16.0 54.1202 55.2126 5.09902 51.264 72.5672 63.8089 37.4433 15.1327 15.6205 56.9386 88.6227 81.574 65.192 24.0 42.638 53.7587 58.5235 48.7647 25.2982 
45.2769 37.0135 22.3607 113.254 48.7032 38.8973 89.7218 54.1479 73.4983 49.3356 74.9667 92.6499 103.676 100.643 22.1359 101.46 13.3417 68.0661 70.4308 0.0 78.9664 100.542 15.2315 73.3485 111.95 13.4164 63.7887 75.668 64.1327 56.1887 53.8516 70.214 89.9444 22.0 83.1282 77.4528 17.2047 12.2066 43.8634 76.6025 
35.4401 51.9049 59.6154 44.1022 49.0918 40.8534 11.7047 61.9839 53.8793 50.1597 61.4003 64.3372 41.0 35.5106 69.3757 36.4966 87.8787 66.8506 16.0 78.9664 0.0 39.0 63.8044 11.0454 36.7151 77.4802 53.5136 25.807 31.0644 28.6356 51.788 82.3205 71.0251 68.3081 8.0 31.9061 61.9788 66.8783 47.0956 11.3137 
53.8183 89.577 78.1907 19.6977 50.1771 59.9258 41.2311 52.3546 32.0156 49.4306 38.3275 30.0832 7.2111 9.05539 95.0667 9.0 101.416 48.2701 54.1202 100.542 39.0 0.0 90.6247 49.6488 33.2415 90.1167 38.9102 23.0 68.2495 62.0725 45.7338 63.7887 38.3275 78.4614 31.7648 26.4164 86.6728 90.4643 56.1445 28.8617 
31.9061 23.5372 14.5602 98.549 40.05 25.5539 74.5597 49.0306 65.192 41.0122 68.0294 84.432 89.61 85.9189 14.7648 86.8423 27.1662 62.9682 55.2126 15.2315 63.8044 90.6247 0.0 58.1378 98.4644 20.8806 56.0089 62.7156 49.366 40.9705 46.0 68.542 83.006 21.2603 69.6426 67.5353 4.0 4.12311 34.2345 63.1169 
35.0143 42.8102 57.4047 55.0364 52.0102 39.2046 18.0278 65.7875 61.0737 53.2133 68.4547 74.4548 51.9711 46.5296 60.4926 47.5184 84.1546 73.5031 5.09902 73.3485 11.0454 49.6488 58.1378 0.0 46.2385 74.752 60.1633 34.0588 20.2237 19.8494 55.7136 87.3104 78.9173 66.7783 19.0263 39.598 56.4624 61.327 48.6621 21.0238 
67.0432 88.5275 91.7383 19.2094 73.3746 73.1507 28.8617 81.7447 64.1249 75.8947 71.007 62.8172 28.1603 24.1868 105.804 24.3311 120.27 80.3057 51.264 111.95 36.7151 33.2415 98.4644 46.2385 0.0 109.587 69.4109 42.5441 66.0984 65.2993 72.7324 96.1873 71.3863 99.1177 30.0 47.4342 95.1672 100.015 73.8241 35.3836 
42.5441 44.3847 17.8885 106.507 40.4969 36.6742 89.1736 43.1741 64.0781 40.8167 64.56 82.8734 97.3039 93.8964 33.0151 94.7133 11.4018 56.7186 72.5672 13.4164 77.4802 90.1167 20.8806 74.752 109.587 0.0 54.231 68.9215 69.0 59.2115 44.7214 57.4282 79.3095 11.6619 81.0062 69.9856 20.0998 16.7631 36.8782 74.2403 
36.2531 65.8212 42.2966 58.6003 16.0312 36.7829 62.8172 13.6015 9.84886 15.0 12.3693 28.8617 46.0652 46.8188 69.2604 47.1699 65.307 13.4164 63.8089 63.7887 53.5136 38.9102 56.0089 60.1633 69.4109 54.231 0.0 29.2746 72.7621 63.7508 10.0499 28.8617 27.074 42.72 51.1957 23.0868 52.0096 55.2268 22.2036 43.4166 
31.9202 67.679 53.3165 37.6431 31.7925 38.0278 33.8378 40.1995 28.3 32.5143 35.8222 46.8782 28.0278 25.0 73.1686 25.8114 80.3031 42.2019 37.4433 75.668 25.807 23.0 62.7156 34.0588 42.5441 68.9215 29.2746 0.0 49.7695 41.9762 30.6213 58.0517 46.1174 57.5573 22.1359 6.32456 59.753 64.6968 32.2506 14.7648 
40.09 28.2312 53.6004 75.1665 60.4574 40.0 37.3363 74.2675 74.9549 61.8115 83.3673 89.791 71.3442 66.1211 46.0977 67.1193 76.531 84.0609 15.1327 64.1327 31.0644 68.2495 49.366 20.2237 66.0984 69.0 72.7621 49.7695 0.0 11.1803 65.8584 97.5426 92.7987 63.7887 39.0512 54.1202 49.0408 53.2353 54.8114 39.4588 
31.0787 23.3325 43.1045 71.5891 51.4461 28.8568 37.8021 65.2562 67.0407 52.8001 74.4204 82.2353 66.0681 61.2944 41.0148 62.2896 67.5199 75.0495 15.6205 56.1887 28.6356 62.0725 40.9705 19.8494 65.2993 59.2115 63.7508 41.9762 11.1803 0.0 56.8471 88.5313 84.3239 53.2353 36.0555 45.6663 39.6358 44.2916 43.6682 34.2345 
26.8924 56.4367 32.249 65.3965 6.32456 27.4222 62.2013 10.198 19.6469 5.09902 22.0907 38.833 52.921 53.5532 59.4138 53.9074 55.9464 19.4165 56.9386 53.8516 51.788 45.7338 46.0 55.7136 72.7324 44.7214 10.0499 30.6213 65.8584 56.8471 0.0 31.9061 37.0135 33.1059 51.0098 25.2982 42.0 45.1774 12.6491 43.0116 
57.0781 84.4046 54.1295 82.9759 37.0135 57.28 91.6788 22.6716 32.0624 35.609 25.4951 40.8167 70.406 72.5603 83.2586 72.6911 66.0 16.0312 88.6227 70.214 82.3205 63.7887 68.542 87.3104 96.1873 57.4282 28.8617 58.0517 97.5426 88.5313 31.9061 0.0 32.8024 48.7647 80.05 51.788 64.8845 66.1287 42.45 72.2772 
63.2669 92.835 69.0652 55.0364 43.1045 63.7967 75.7685 36.1386 18.9737 42.0476 15.0333 9.05539 43.4166 47.2969 96.3328 47.0744 89.8443 23.2594 81.574 89.9444 71.0251 38.3275 83.006 78.9173 71.3863 79.3095 27.074 46.1174 92.7987 84.3239 37.0135 32.8024 0.0 68.2495 64.7792 39.8361 79.0063 82.0549 49.2544 60.119 
32.8938 42.5441 10.198 94.817 28.8444 27.6586 80.0062 32.249 52.5547 29.1548 53.3667 71.4703 85.6486 82.2062 35.805 83.0232 23.0217 46.0977 65.192 22.0 68.3081 78.4614 21.2603 66.7783 99.1177 11.6619 42.72 57.5573 63.7887 53.2353 33.1059 48.7647 68.2495 0.0 71.2122 59.0162 18.4391 18.0278 25.4558 64.4199 
38.4708 59.3715 63.1348 36.1248 49.2544 44.4185 11.7047 61.0801 50.3875 50.1597 57.9097 58.0914 33.2415 27.6586 75.9003 28.6356 91.586 64.2884 24.0 83.1282 8.0 31.7648 69.6426 19.0263 30.0 81.0062 51.1957 22.1359 39.0512 36.0555 51.0098 80.05 64.7792 71.2122 0.0 28.4605 66.3453 71.1932 48.2701 8.0 
34.6612 77.4696 55.1013 41.075 29.207 47.5918 40.1622 34.5254 22.0187 28.4605 29.5409 37.7475 31.4442 28.4164 82.9593 29.2278 82.0879 35.9026 42.638 77.4528 31.9061 26.4164 67.5353 39.598 47.4342 69.9856 23.0868 6.32456 54.1202 45.6663 25.2982 51.788 39.8361 59.0162 28.4605 0.0 63.5835 67.3749 34.0355 21.0238 
28.6007 24.6982 10.7703 94.9606 36.0555 22.2036 72.7342 45.1221 61.2046 37.0135 64.0312 80.4408 89.8068 82.9563 18.3848 83.8798 27.8927 59.0339 53.7587 17.2047 61.9788 86.6728 4.0 56.4624 95.1672 20.0998 52.0096 59.753 49.0408 39.6358 42.0 64.8845 79.0063 18.4391 66.3453 63.5835 0.0 5.0 30.2655 59.8197 
33.4215 27.6586 13.0 99.9044 39.4588 27.0185 77.6336 47.3814 64.6297 40.3113 67.0298 83.863 93.5983 87.9001 17.8045 88.8235 23.3452 61.4003 58.5235 12.2066 66.8783 90.4643 4.12311 61.327 100.015 16.7631 55.2268 64.6968 53.2353 44.2916 45.1774 66.1287 82.0549 18.0278 71.1932 67.3749 5.0 0.0 33.9559 64.6676 
14.7648 43.7924 21.5407 69.8363 6.32456 15.0 58.4209 19.799 31.1492 7.61577 34.5254 50.3747 63.3317 57.2255 47.0956 58.0425 48.2701 31.7648 48.7647 43.8634 47.0956 56.1445 34.2345 48.6621 73.8241 36.8782 22.2036 32.2506 54.8114 43.6682 12.6491 42.45 49.2544 25.4558 48.2701 34.0355 30.2655 33.9559 0.0 40.5216 
31.6969 57.5369 56.3921 37.6431 41.3038 37.8045 19.4165 53.0884 43.0407 42.19 50.5629 53.4311 32.0156 27.074 73.644 28.0713 84.9238 56.6127 25.2982 76.6025 11.3137 28.8617 63.1169 21.0238 35.3836 74.2403 43.4166 14.7648 39.4588 34.2345 43.0116 72.2772 60.119 64.4199 8.0 21.0238 59.8197 64.6676 40.5216 0.0 
DEMAND_SCENARIO_SECTION
0 0 0 0 0 0 0 0 0 0 0 0 0 0 0 0 0 0 0 0 0 0 0 0 0 0 0 0 0 0 0 0 0 0 0 0 0 0 0 0 0 0 0 0 0 0 0 0 0 0 0 0 0 0 0 0 0 0 0 0 0 0 0 0 0 0 0 0 0 0 0 0 0 0 0 0 0 0 0 0 0 0 0 0 0 0 0 0 0 0 0 0 0 0 0 0 0 0 0 0 0 0 0 0 0 0 0 0 0 0 0 0 0 0 0 0 0 0 0 0 0 0 0 0 0 0 0 0 0 0 0 0 0 0 0 0 0 0 0 0 0 0 0 0 0 0 0 0 0 0 0 0 0 0 0 0 0 0 0 0 0 0 0 0 0 0 0 0 0 0 0 0 0 0 0 0 0 0 0 0 0 0 0 0 0 0 0 0 0 0 0 0 0 0 0 0 0 0 0 0 
6 5 4 3 8 2 7 3 4 4 4 3 4 3 5 3 2 4 5 5 4 7 5 4 6 8 6 2 2 3 4 5 4 3 6 3 3 5 3 6 3 3 6 4 5 4 2 7 4 3 3 5 6 2 3 5 5 3 0 3 1 4 4 3 5 6 5 6 4 5 6 4 4 2 2 7 2 5 4 5 3 4 5 4 5 6 1 4 5 5 5 4 6 2 3 5 4 4 4 5 4 5 4 4 5 6 7 5 5 4 2 2 2 3 3 3 2 2 5 4 3 3 4 5 5 3 3 5 2 8 4 6 5 7 5 4 5 5 5 2 2 3 4 3 5 5 4 6 5 3 5 3 3 4 4 5 1 7 2 3 5 2 5 4 2 3 3 5 6 6 4 6 4 4 2 3 3 3 4 5 3 4 4 5 4 4 1 7 3 5 3 4 5 1 4 2 6 5 5 3 
6 10 8 6 11 11 8 8 7 7 3 11 10 13 6 7 6 8 10 8 11 7 12 7 8 8 8 8 7 11 3 9 7 6 4 8 11 6 8 5 7 3 8 9 5 12 9 12 13 8 10 6 11 7 8 9 11 8 13 11 9 12 7 11 5 4 6 5 8 7 10 11 8 7 9 5 9 11 8 9 7 8 8 9 7 11 7 10 8 0 7 6 6 14 6 7 10 10 8 9 6 6 10 10 4 8 10 9 5 4 3 7 9 5 11 7 6 5 10 9 13 9 8 13 11 6 9 6 10 3 9 8 10 4 9 5 13 9 12 5 7 5 7 7 8 7 8 7 7 5 10 7 9 11 10 5 9 6 5 8 4 12 9 9 7 7 11 8 10 6 7 13 8 6 12 7 8 7 12 6 7 9 8 11 4 8 10 8 11 6 5 4 9 8 9 6 3 6 10 14 
7 12 8 4 10 12 14 8 14 12 11 11 6 6 12 12 10 15 9 11 10 10 7 13 7 15 4 6 8 9 11 9 8 8 6 10 7 14 5 8 14 10 3 12 13 12 7 7 8 14 15 9 12 11 11 13 12 11 11 10 10 15 8 12 9 11 10 5 10 12 7 6 12 11 6 6 7 15 11 12 10 5 9 8 11 9 14 4 10 13 8 8 12 12 13 10 10 13 11 8 9 10 8 12 16 12 7 7 11 10 14 10 10 10 16 6 11 10 8 12 12 14 14 15 15 5 11 10 16 13 6 11 13 10 13 12 4 8 9 10 12 9 10 5 9 9 10 9 14 7 11 14 7 9 10 5 7 8 10 7 11 12 11 9 8 11 10 8 16 8 7 7 9 13 11 13 8 7 12 9 6 5 15 12 10 10 13 12 6 11 9 16 10 12 6 9 11 12 5 9 
1 1 0 1 1 1 0 1 1 1 1 1 1 1 1 1 1 1 1 1 1 1 1 1 1 1 1 0 1 1 1 1 1 1 1 0 1 1 0 1 2 1 0 1 2 1 1 1 2 1 1 1 1 1 1 1 1 1 1 1 1 1 1 1 1 1 1 1 1 1 1 1 1 2 1 1 2 1 1 2 1 1 0 1 1 1 1 1 1 1 1 1 1 1 1 1 1 0 1 1 1 1 1 1 1 1 1 1 1 1 1 1 1 1 0 1 1 1 2 1 1 1 0 1 1 1 1 1 1 1 1 1 1 2 1 1 1 1 1 1 1 1 1 1 1 1 1 1 1 0 1 1 2 1 1 1 1 1 2 1 1 1 1 1 1 1 1 2 1 1 1 2 1 2 1 1 1 1 1 1 1 0 1 1 0 1 1 0 1 1 1 1 1 1 2 1 1 1 1 1 
6 4 9 5 8 9 7 7 7 5 8 7 4 7 4 6 7 4 7 2 4 4 8 6 9 6 3 2 7 7 6 6 6 7 5 4 11 5 6 6 6 5 6 11 7 6 7 4 7 6 5 4 4 7 3 7 5 7 4 4 7 7 8 7 7 5 3 3 6 4 7 5 4 6 4 7 9 5 7 7 7 7 6 4 6 8 2 6 4 3 7 7 7 8 3 6 6 8 4 1 5 5 6 3 8 5 4 10 8 8 5 10 3 9 6 5 9 7 9 8 3 9 8 5 6 4 8 4 7 4 3 7 12 7 8 6 8 7 4 0 6 6 8 7 5 7 3 6 7 4 8 9 6 9 5 6 7 3 5 1 3 4 4 3 7 2 6 5 6 9 8 5 7 2 4 3 6 4 4 5 8 4 7 3 6 6 5 9 3 7 6 6 4 7 8 5 9 7 9 2 
8 8 12 9 14 8 7 6 11 11 4 10 6 8 13 13 16 19 19 2 4 8 9 8 10 7 10 14 8 12 7 14 11 10 12 9 8 10 14 13 7 9 8 9 16 12 11 10 10 12 14 10 11 8 7 9 14 5 15 8 11 13 5 9 13 12 10 18 16 18 12 12 11 5 5 8 11 13 13 8 5 13 11 14 8 12 5 8 15 10 14 11 13 14 7 13 11 10 8 10 6 9 5 13 11 10 12 9 11 12 15 8 11 6 6 11 1 11 11 11 8 5 9 6 17 11 8 8 5 9 9 14 16 12 8 14 14 13 17 7 5 9 14 8 17 10 13 9 8 12 13 8 5 12 11 17 8 11 1 2 10 2 10 13 9 10 10 9 1 7 12 9 12 7 14 12 13 11 14 12 10 10 10 10 9 9 8 8 7 6 10 8 12 0 12 4 12 11 8 7 
5 5 2 4 5 3 5 5 5 4 3 6 6 4 5 4 3 4 2 4 5 5 6 6 1 3 6 5 4 4 7 1 3 3 4 5 4 6 2 1 6 4 5 6 5 4 5 5 3 4 3 2 4 7 2 4 3 2 6 5 4 3 2 5 5 3 5 5 4 2 2 4 4 2 3 2 3 1 5 5 4 4 5 5 4 3 5 3 4 4 4 4 2 2 4 3 4 5 2 1 4 5 4 2 5 6 3 4 3 4 6 4 6 4 5 7 7 5 3 5 4 5 5 5 5 6 4 2 3 6 5 3 4 3 4 5 4 5 4 5 5 2 4 4 5 4 5 4 3 2 3 4 3 4 6 3 5 6 5 4 5 3 3 4 5 4 2 4 5 3 6 4 4 4 2 3 3 1 4 3 5 6 6 4 4 4 4 5 6 5 3 5 4 7 2 2 3 6 5 1 
1 2 1 1 1 1 1 1 1 1 1 1 1 0 1 1 0 1 1 0 2 1 1 1 0 1 1 1 1 1 1 1 1 1 1 2 1 1 1 1 1 1 1 1 1 1 2 0 1 1 1 1 1 1 1 1 1 1 1 1 1 1 1 1 2 1 1 1 1 1 1 1 1 1 1 1 1 0 1 1 1 1 0 1 2 1 1 1 1 1 1 1 1 1 1 1 1 1 1 1 0 1 1 1 1 0 1 1 1 1 1 1 0 1 1 1 1 1 1 1 1 1 1 1 1 1 1 2 0 1 2 1 1 1 1 1 0 1 1 1 2 1 1 1 1 2 1 1 1 1 1 1 1 1 1 1 2 1 1 1 1 1 1 1 1 1 1 1 1 1 1 1 1 1 1 1 2 0 1 2 1 1 1 1 2 1 1 1 1 1 0 1 1 1 2 1 0 1 1 0 
18 12 9 15 12 8 11 7 12 13 3 10 10 11 7 16 9 8 16 6 3 8 8 9 14 14 7 14 11 10 14 8 14 9 7 8 12 10 16 9 10 8 9 13 5 5 11 13 7 9 15 8 5 7 4 8 13 10 11 9 13 11 1 16 7 13 7 8 9 9 12 8 8 12 9 11 10 7 8 13 9 8 11 7 10 14 11 11 12 13 12 9 11 9 10 10 16 15 10 11 7 10 5 6 12 7 8 11 11 8 12 12 12 9 11 11 7 5 13 9 9 12 14 9 19 4 9 14 7 7 14 9 8 11 14 6 12 9 8 15 8 10 7 8 12 7 11 11 4 16 12 7 6 4 10 10 12 17 14 5 13 10 12 7 16 10 11 8 13 12 12 12 9 14 14 12 10 6 10 9 11 7 11 13 8 8 10 7 7 9 9 10 14 15 9 9 8 10 14 12 
10 10 12 11 9 11 15 11 4 11 6 19 11 11 15 2 13 11 9 11 6 7 7 13 9 10 6 7 6 7 7 7 7 11 7 7 12 1 7 8 9 6 6 7 7 7 12 11 12 5 8 8 7 14 10 8 3 6 7 7 7 6 13 11 12 9 9 20 8 7 8 8 5 10 10 9 11 11 7 10 9 11 13 6 11 8 13 11 6 10 3 8 14 9 4 7 9 11 9 10 11 4 10 6 11 14 12 13 12 10 5 10 7 8 10 10 12 16 12 11 6 13 14 15 9 13 10 7 8 11 7 13 13 4 12 8 11 16 14 8 1 12 8 13 12 6 9 11 8 10 10 6 11 10 13 10 7 15 7 8 9 9 6 8 7 12 9 12 11 13 11 12 12 11 5 10 4 9 11 9 9 10 6 13 10 10 12 6 9 7 10 6 6 6 13 8 11 8 6 10 
12 15 7 12 10 9 15 6 14 9 5 7 10 8 13 8 10 11 10 10 7 9 7 7 16 3 15 10 8 11 9 10 6 12 12 7 10 4 6 10 6 13 10 11 6 0 10 11 12 6 6 8 10 12 11 8 5 9 11 9 13 13 8 8 9 11 8 4 11 13 9 4 11 16 8 6 11 10 8 7 6 10 3 11 4 8 13 10 12 10 11 7 11 0 9 7 7 3 7 8 5 12 12 7 10 11 6 10 9 6 8 10 11 8 8 10 7 14 10 12 10 12 7 5 12 5 13 9 9 9 8 5 8 15 10 12 11 9 10 9 7 12 10 8 13 11 8 6 9 10 12 6 4 13 3 9 10 8 12 9 12 10 7 7 10 6 14 11 8 13 15 11 6 9 12 8 14 2 4 10 6 12 17 14 9 10 7 8 13 5 9 12 8 10 10 14 2 6 6 10 
3 5 3 4 8 4 5 3 8 7 6 5 2 5 4 3 7 2 6 5 7 6 3 7 5 1 6 6 6 6 7 5 4 2 2 4 3 2 3 5 4 9 8 5 6 8 4 2 6 5 2 5 6 5 3 4 6 3 5 5 6 5 4 4 7 5 6 5 2 5 3 6 1 4 8 4 7 3 6 10 5 3 3 6 1 5 6 2 4 4 6 3 3 6 2 3 5 7 5 3 4 3 5 5 5 5 6 3 6 3 6 5 5 5 5 7 4 7 6 4 8 8 7 4 7 7 7 5 3 4 1 3 3 7 5 4 6 4 5 5 4 5 5 6 4 4 2 6 7 4 4 1 1 4 6 5 5 8 7 7 7 4 6 6 7 4 8 5 8 6 5 4 4 4 6 5 6 2 5 5 3 9 6 5 5 8 1 4 5 5 6 2 6 7 6 4 6 4 3 5 
5 6 11 13 12 9 10 11 14 4 10 8 14 11 10 8 7 11 14 6 11 8 5 17 14 7 10 10 6 4 8 7 0 4 16 11 7 9 13 14 9 8 13 5 8 10 13 9 14 6 11 10 12 8 14 11 10 8 14 10 7 11 10 13 12 10 8 11 11 9 8 6 16 8 13 12 13 11 5 8 8 5 10 9 9 10 5 10 15 6 10 4 8 8 11 8 7 9 14 9 12 12 13 7 14 14 9 12 12 12 4 11 7 6 5 12 11 15 9 8 12 8 16 11 11 14 8 12 11 13 8 10 12 9 8 11 12 11 11 10 10 3 7 8 9 14 12 13 8 10 10 13 8 8 9 13 12 11 10 13 5 5 11 8 15 9 12 13 14 20 11 6 13 11 8 10 10 8 14 6 8 0 9 9 16 12 16 11 5 10 10 6 12 10 10 12 4 10 7 10 
1 2 0 1 2 1 1 1 1 1 1 1 1 1 1 1 1 1 1 1 2 1 1 1 1 1 1 1 1 1 1 1 1 2 1 1 1 1 1 1 1 1 1 0 1 1 1 1 1 1 0 1 1 1 1 1 1 1 1 1 1 1 1 1 1 1 1 1 1 2 1 1 1 2 1 1 1 1 1 1 1 1 0 1 1 1 1 1 1 1 1 2 1 1 1 1 1 1 1 2 1 1 1 1 1 1 1 1 1 1 1 1 2 1 1 1 1 1 1 1 1 1 1 1 1 1 1 1 0 1 1 1 1 2 1 1 1 1 1 1 2 1 0 1 1 1 1 1 1 1 1 1 0 1 1 0 1 2 0 1 1 1 1 1 1 1 1 1 1 2 1 1 1 1 1 1 0 1 2 1 1 1 1 1 1 1 1 1 1 1 1 1 1 0 1 1 1 1 0 1 
10 4 4 8 4 5 8 7 4 9 7 4 4 8 8 8 4 5 5 4 6 6 4 7 10 6 4 4 6 5 7 7 5 10 9 8 3 7 7 7 9 10 7 6 6 6 5 8 6 8 6 5 9 6 8 8 6 4 9 8 5 4 6 6 5 7 5 8 8 9 11 6 8 8 11 9 4 5 8 14 6 6 5 6 5 5 7 4 4 6 7 7 3 4 6 10 4 4 6 6 2 6 4 3 6 8 5 7 7 6 6 11 3 6 6 3 4 8 6 4 8 4 8 9 7 9 3 9 7 5 8 5 7 4 4 7 6 6 5 4 3 4 2 7 7 3 5 8 5 0 4 9 11 5 8 3 10 5 9 4 4 8 8 5 7 6 5 7 12 8 11 5 8 7 4 5 0 5 6 4 7 11 4 6 6 6 6 7 6 8 8 6 2 7 5 3 6 7 9 7 
6 5 6 6 6 7 6 5 8 6 6 3 6 5 6 4 6 5 8 6 1 7 5 3 6 4 7 6 4 4 3 9 6 5 7 3 6 4 4 5 5 7 6 1 6 7 8 4 6 4 5 6 5 5 7 8 2 6 5 7 6 2 7 5 7 3 5 6 6 7 8 5 4 6 6 3 6 5 4 6 5 10 7 4 10 8 6 5 7 5 6 4 7 6 9 6 7 4 5 4 9 6 7 8 9 5 10 11 3 5 5 3 3 3 6 6 5 11 7 4 6 5 6 3 8 7 8 5 9 6 6 3 3 6 6 6 8 8 8 8 1 4 6 7 4 6 5 5 8 3 6 5 11 5 5 2 5 7 4 1 7 3 6 8 5 9 6 7 8 9 9 7 4 7 6 6 3 9 11 7 8 8 8 6 8 11 6 6 4 3 7 8 12 6 7 7 10 8 9 6 
2 2 3 3 2 1 2 2 1 2 1 2 2 0 3 3 3 2 2 2 1 2 2 1 1 1 1 1 1 3 3 3 2 2 2 3 3 3 2 2 3 2 3 3 2 2 3 2 2 3 2 2 1 1 1 2 3 1 3 1 3 1 3 3 1 3 2 3 2 2 1 3 3 3 2 1 1 0 0 2 3 1 2 2 1 3 1 2 1 3 2 1 3 1 3 2 1 1 1 2 2 1 2 2 3 1 2 2 2 1 2 2 2 2 2 1 2 3 3 2 2 0 3 2 2 1 3 2 3 3 2 1 3 1 3 2 3 3 3 2 2 2 2 1 2 3 3 3 2 3 2 1 3 2 2 2 2 2 2 2 2 2 1 2 4 2 3 1 2 2 1 2 1 3 3 1 2 1 2 3 2 2 2 2 1 3 2 3 2 2 2 2 2 2 1 2 2 2 3 3 
1 3 3 4 4 4 2 4 2 3 3 2 4 1 2 3 3 3 1 3 3 2 3 3 4 3 4 5 0 2 3 3 3 3 3 3 2 2 3 1 4 3 1 1 2 1 2 4 3 4 3 2 2 3 4 3 4 2 3 3 2 3 2 3 4 4 2 2 3 4 4 3 3 1 4 3 4 3 6 2 4 4 3 4 2 3 4 2 3 2 3 4 2 4 3 4 0 4 3 2 3 4 3 2 3 4 2 4 3 5 3 3 4 3 1 4 4 4 4 0 3 3 3 4 4 1 4 4 5 2 3 2 2 3 4 2 4 4 2 2 4 4 2 3 2 4 6 3 3 3 2 2 2 4 3 2 1 4 3 1 2 1 5 1 3 3 2 2 2 5 4 4 2 1 3 2 4 5 3 3 2 3 4 1 3 1 4 2 2 2 3 2 2 3 4 3 3 2 3 4 
2 1 2 3 2 2 3 3 2 1 1 3 2 2 1 2 2 2 2 2 1 2 3 1 1 2 1 2 1 2 2 2 3 2 1 1 3 2 2 1 3 2 1 2 2 1 1 1 3 2 0 2 2 1 2 1 1 1 2 3 2 2 1 2 2 3 2 2 1 1 3 2 2 2 1 2 1 2 1 1 2 2 2 1 2 2 2 4 2 4 2 2 2 2 2 2 1 2 2 1 2 2 1 2 1 2 3 1 1 3 3 2 2 1 2 2 2 3 3 1 3 3 1 2 2 1 3 3 2 4 2 2 2 1 1 2 3 2 2 1 3 2 1 2 3 3 2 2 2 2 1 1 1 3 3 3 3 1 3 2 3 1 2 2 2 2 1 1 2 2 2 2 2 0 1 2 2 2 2 2 2 2 2 2 2 2 2 3 2 2 2 3 2 2 2 2 1 3 2 2 
6 4 7 4 4 5 7 4 7 3 6 5 5 9 10 2 8 6 8 6 7 9 4 5 8 7 8 7 2 4 8 4 8 8 6 9 9 5 3 10 7 5 6 7 4 9 6 6 8 6 8 4 8 8 7 7 6 5 7 7 8 8 7 5 3 10 4 6 6 3 7 7 3 7 2 6 6 5 5 6 7 7 8 7 7 7 11 6 3 7 7 2 3 5 8 7 9 8 4 8 5 6 3 4 7 7 6 10 6 6 6 10 6 6 4 5 3 3 6 3 5 6 4 7 2 5 6 5 5 6 4 3 3 7 5 9 3 3 5 4 6 5 9 9 8 5 5 6 8 6 9 5 3 4 6 3 4 6 5 8 10 4 3 6 3 4 6 6 4 6 3 5 6 5 2 6 8 4 4 9 3 8 7 5 6 6 7 5 8 7 6 7 7 8 5 7 6 5 3 9 
9 6 7 7 8 5 10 8 10 9 8 11 11 7 5 5 5 9 9 5 13 7 9 9 5 8 3 5 10 6 3 11 11 8 7 5 8 15 12 9 8 9 10 5 10 10 10 12 11 8 8 8 10 4 9 3 11 7 7 7 7 4 10 6 8 4 7 11 6 3 13 5 8 9 7 6 7 9 5 13 9 13 6 8 4 7 7 9 12 8 2 3 9 4 9 2 8 10 9 7 7 9 4 11 6 8 11 5 11 9 6 8 8 10 8 8 11 7 12 8 8 7 13 9 8 9 13 10 11 8 9 7 9 9 7 8 7 9 4 6 6 9 5 12 5 8 10 11 2 5 8 11 7 7 14 8 8 10 10 5 7 8 14 3 14 4 11 6 7 9 10 2 9 10 10 7 4 8 8 5 8 10 5 7 13 8 8 15 13 9 10 11 10 10 5 9 8 12 6 5 
9 6 7 11 13 6 9 7 5 6 6 7 7 7 10 13 9 8 6 8 15 6 9 8 8 8 3 8 8 8 12 10 8 10 12 10 7 7 11 9 8 12 13 8 9 9 10 4 7 7 14 7 11 6 8 8 5 7 10 9 9 6 7 8 4 6 8 9 11 5 10 5 9 3 8 8 9 9 12 4 8 12 6 6 6 9 12 7 7 10 6 11 12 13 4 5 9 10 12 6 2 10 5 6 5 6 8 9 5 9 12 11 7 7 8 5 8 5 7 6 7 5 11 6 8 6 8 8 10 9 3 12 3 6 9 13 10 7 5 7 7 3 7 9 5 6 8 5 10 8 11 10 15 7 9 9 9 6 12 10 6 12 6 9 11 8 8 15 17 6 6 11 6 6 11 11 9 10 11 8 11 5 8 7 8 8 10 11 14 6 11 11 6 12 8 7 9 4 8 13 
4 5 4 4 4 6 6 3 4 5 1 7 5 5 3 5 6 6 5 3 5 8 3 4 1 5 2 2 3 3 6 3 4 4 4 5 3 5 3 3 0 4 5 4 5 5 5 6 3 5 1 3 3 4 2 2 5 3 4 2 5 1 8 5 6 3 7 3 6 4 4 3 3 6 5 6 4 5 6 3 5 6 5 3 4 6 5 4 4 5 7 6 4 3 4 6 3 5 5 2 5 3 4 3 2 3 6 1 3 3 6 2 5 3 2 5 4 3 3 4 5 5 2 6 4 4 4 5 4 4 6 2 5 5 4 7 5 6 5 5 3 6 3 3 1 5 4 3 5 2 5 3 4 3 1 5 3 6 5 5 3 8 2 2 5 3 4 3 6 3 2 6 4 3 6 3 6 1 3 3 4 5 5 3 3 3 6 4 4 5 1 2 3 5 3 5 4 2 6 3 
3 4 4 3 1 3 1 2 4 4 3 1 4 3 3 3 2 2 5 3 3 3 2 1 2 1 4 2 2 3 2 4 4 3 2 1 2 3 3 4 2 3 3 3 3 2 3 2 1 4 2 4 2 5 3 3 3 1 2 4 5 4 2 3 3 2 3 2 3 3 3 2 5 2 2 3 2 4 3 3 2 4 3 4 3 1 4 3 3 4 4 4 4 2 4 4 3 3 5 3 3 3 3 2 3 4 3 3 4 3 3 3 4 3 2 4 2 2 5 3 4 4 3 4 2 3 3 6 3 2 2 3 3 3 4 4 4 2 2 2 2 3 2 3 3 3 4 3 3 5 1 3 2 2 2 2 2 4 3 2 4 3 6 3 2 2 2 3 2 5 2 3 4 4 2 3 4 2 2 1 2 4 1 2 2 2 4 3 4 1 2 3 4 5 4 3 1 1 3 4 
4 3 4 6 8 5 9 12 3 9 6 4 8 10 6 8 9 10 5 7 9 5 6 9 5 8 6 8 8 10 7 11 9 7 6 10 6 5 8 9 5 4 7 9 9 6 7 3 8 6 9 6 7 6 7 7 9 9 11 4 7 6 5 8 9 8 4 7 8 9 5 12 5 8 8 6 2 4 7 4 7 6 7 7 4 8 11 10 7 12 8 8 7 6 4 8 6 7 7 7 6 9 6 6 10 8 14 6 3 5 7 8 6 8 8 7 7 9 6 10 8 9 10 8 6 3 7 6 9 1 8 6 4 8 8 10 7 6 8 9 6 8 3 12 7 5 4 8 8 6 6 4 6 11 5 5 7 5 6 8 8 7 7 7 12 8 5 7 2 5 12 5 8 3 9 6 13 6 7 6 4 7 9 3 8 8 5 3 9 10 10 6 12 3 7 7 4 11 11 4 
8 6 7 10 12 11 12 4 5 9 10 8 9 6 8 4 12 11 7 9 12 8 11 12 7 8 11 6 6 9 6 4 12 4 8 7 16 7 15 5 5 10 9 8 15 6 8 7 8 8 13 12 8 9 5 12 7 12 14 8 9 7 8 8 12 6 9 7 6 10 7 5 5 7 5 10 7 13 10 12 7 7 10 11 9 7 12 12 8 4 9 7 7 11 9 9 2 12 7 2 14 11 9 9 12 5 11 11 13 10 11 3 14 13 11 11 6 12 12 14 8 10 9 10 12 10 17 8 14 8 13 12 6 6 12 6 7 8 12 7 12 9 4 11 8 10 7 12 4 10 9 8 5 14 14 9 10 8 11 14 5 13 8 3 15 7 8 12 13 6 6 9 6 8 10 10 6 7 9 9 9 9 14 8 10 10 2 7 5 11 8 13 10 13 12 12 6 10 11 5 
7 5 4 5 3 6 7 6 4 6 5 2 5 7 4 6 8 8 2 4 5 7 6 7 7 4 4 7 10 5 5 3 7 5 9 7 5 7 4 6 9 7 10 4 9 7 3 7 5 4 4 5 3 9 2 6 6 6 3 7 9 6 7 11 10 8 5 6 6 9 5 2 11 7 7 7 6 6 10 9 4 10 6 9 8 7 7 5 7 7 6 8 7 8 4 10 4 4 7 5 8 2 8 6 1 6 7 7 6 7 5 2 6 4 8 6 4 2 5 4 3 7 8 6 5 7 8 9 4 5 7 6 2 5 5 5 3 5 6 4 8 6 7 6 5 6 5 4 5 8 5 7 7 6 5 5 3 10 6 6 8 5 4 1 8 7 6 7 4 3 4 5 7 8 5 4 5 9 8 4 6 5 10 8 3 8 8 4 9 6 4 8 4 7 3 2 5 5 6 5 
6 4 4 1 4 5 7 7 8 0 6 6 8 4 6 5 5 6 4 3 5 7 7 7 3 4 4 4 5 8 7 1 4 3 5 5 5 3 7 7 4 4 3 5 6 7 5 5 5 5 5 6 5 5 4 2 7 6 7 4 6 6 5 7 4 8 4 5 4 4 6 5 8 3 7 3 6 8 3 5 3 4 3 6 7 5 6 6 2 2 5 8 4 6 5 9 8 5 6 6 6 2 5 4 6 6 2 3 4 5 6 3 5 6 5 6 4 2 4 6 7 4 3 2 5 2 3 2 6 3 6 4 7 6 7 7 1 1 5 3 4 4 5 6 3 3 8 8 2 2 6 1 5 4 7 2 8 6 1 6 4 5 3 5 4 6 1 4 6 5 4 7 4 5 6 0 6 7 3 3 6 3 5 4 2 4 5 7 6 5 4 3 8 5 5 3 6 5 8 6 
6 4 4 5 5 5 5 5 5 5 4 6 4 2 3 8 7 4 3 6 4 7 6 4 4 5 6 6 7 4 4 3 5 5 5 5 5 4 6 8 5 5 6 5 4 6 7 3 1 8 5 8 5 5 5 5 4 6 5 6 6 6 5 4 6 6 6 5 6 6 4 6 3 3 6 3 4 5 6 4 5 5 5 5 2 4 4 3 5 7 8 5 5 4 1 3 7 4 6 4 5 3 4 4 7 4 3 5 5 6 4 6 6 8 9 5 7 2 5 5 2 4 7 4 4 4 6 3 7 6 4 9 8 4 7 5 8 2 5 5 6 5 5 6 2 6 8 5 5 2 5 6 5 7 5 5 3 5 5 4 5 6 5 4 1 4 5 3 2 3 9 5 4 5 7 1 6 3 5 2 6 4 4 4 6 6 4 5 3 5 5 5 4 1 5 5 6 9 8 5 
5 6 4 6 5 4 5 5 3 6 6 6 6 6 5 4 5 5 6 6 3 6 3 3 8 7 5 7 5 5 3 5 3 7 4 6 4 4 3 5 6 3 9 5 5 5 5 6 7 7 2 5 4 4 5 6 6 3 8 3 4 7 5 4 3 7 3 7 4 5 5 7 7 7 6 5 7 3 6 5 3 6 6 8 5 5 4 7 6 6 4 5 6 6 7 4 7 5 5 5 6 4 8 5 4 4 5 3 6 6 2 5 6 6 7 6 4 4 7 6 7 3 4 5 4 6 3 5 5 7 5 5 7 3 6 4 4 4 7 0 8 4 2 6 7 4 4 6 5 4 4 3 6 5 6 7 4 4 7 4 7 6 6 3 3 3 9 5 6 5 6 4 6 4 8 5 6 2 4 5 6 4 5 4 6 2 6 10 6 6 5 6 3 5 3 1 4 6 6 7 
1 1 1 1 1 1 1 1 1 1 1 1 1 1 1 1 1 1 1 1 1 1 1 1 1 1 1 1 1 1 1 1 2 1 1 0 1 1 1 1 1 1 1 1 1 1 1 1 1 1 1 1 1 1 1 1 1 1 1 1 1 1 1 1 1 1 1 1 1 1 1 1 1 1 1 1 0 1 1 1 1 1 2 2 1 1 1 1 1 1 1 1 1 1 1 1 1 0 1 1 1 1 1 1 1 1 1 1 1 1 0 1 1 1 1 1 1 1 1 1 1 1 1 1 1 1 1 1 1 1 1 1 1 1 1 1 1 1 1 0 1 1 1 1 1 1 1 1 1 0 1 1 1 1 1 2 1 1 1 1 1 1 0 1 1 1 1 1 2 1 1 1 1 1 1 1 1 1 1 1 1 0 1 1 1 1 1 1 1 1 1 2 1 0 1 1 1 1 1 1 
2 3 2 5 3 5 3 4 5 5 6 5 4 5 4 5 5 5 4 5 5 4 2 5 4 3 3 2 5 6 3 5 1 4 5 7 2 5 2 2 5 4 4 4 5 5 4 5 5 4 3 5 2 4 2 3 4 5 3 5 2 4 4 4 4 4 3 6 5 5 2 3 2 5 3 5 3 5 2 3 6 8 3 4 5 5 2 3 4 3 5 4 6 4 4 6 4 3 4 4 5 3 5 5 4 5 2 5 4 6 5 5 2 6 4 4 2 4 2 5 4 6 5 2 5 3 5 6 1 4 3 5 6 5 3 5 3 6 4 2 4 2 4 5 3 3 6 3 4 4 4 4 5 5 4 7 6 2 5 4 7 3 3 3 5 1 4 4 6 2 4 4 4 1 3 4 3 4 4 4 4 5 5 2 5 3 4 3 6 5 3 3 4 3 4 4 5 3 3 5 
5 6 6 4 5 4 2 5 5 4 4 6 4 5 8 6 3 9 5 7 8 3 7 7 8 3 6 5 5 5 3 3 3 5 5 3 6 5 5 5 3 7 4 7 4 7 3 3 6 4 4 5 7 5 4 6 7 4 6 5 2 8 6 5 5 3 4 7 6 7 5 5 6 1 4 5 6 2 3 6 5 6 4 5 7 3 6 5 8 3 6 2 5 6 6 4 5 3 6 4 2 4 5 6 6 6 4 5 4 3 5 3 5 2 4 4 5 2 1 6 8 5 6 4 6 6 4 5 7 5 7 5 2 4 7 6 6 7 5 6 3 4 4 6 1 4 3 4 4 4 5 3 4 5 4 4 6 6 5 7 7 9 5 2 5 6 5 4 6 2 8 3 4 3 6 1 4 4 5 6 6 6 7 4 5 6 6 5 5 5 9 3 5 5 5 4 4 5 4 6 
3 2 4 4 2 3 1 5 3 2 3 3 3 1 5 1 5 3 4 3 2 3 3 3 3 3 2 4 3 3 3 4 3 4 4 1 2 2 3 5 3 4 1 2 2 3 4 3 3 2 3 3 3 3 3 4 2 4 2 3 4 4 5 2 4 2 3 2 3 3 5 2 3 5 2 3 3 2 3 2 4 2 3 4 3 4 3 3 2 4 3 1 5 3 3 2 2 2 3 2 2 5 2 4 3 5 3 4 3 2 4 4 1 2 3 3 3 2 2 2 4 2 2 5 2 3 3 1 2 4 3 2 3 2 3 2 3 4 4 3 4 2 4 2 2 3 3 4 4 3 3 1 3 3 2 4 2 4 4 4 2 3 3 2 3 3 3 4 2 3 3 3 2 4 3 4 3 3 3 3 5 3 4 2 2 2 3 2 2 3 3 2 3 3 2 3 0 3 4 4 
8 10 6 5 8 8 6 6 7 7 9 6 6 7 8 5 8 4 4 6 8 4 4 5 4 8 7 4 8 8 9 5 2 6 7 7 5 9 5 2 4 8 7 2 7 5 9 5 3 9 6 6 6 4 9 7 6 10 3 7 3 7 5 5 1 5 7 6 3 8 7 9 8 8 5 7 11 7 5 2 6 5 4 9 7 5 7 6 3 6 4 2 8 3 8 3 7 0 4 7 6 4 7 6 4 8 7 5 7 5 4 10 6 8 8 1 6 3 4 10 6 6 1 2 6 2 3 6 2 6 4 4 2 7 5 9 4 4 7 10 8 5 6 6 9 5 5 7 8 3 6 5 7 8 5 4 4 8 8 4 5 6 5 7 9 5 5 2 6 2 7 2 7 5 6 11 6 6 4 2 3 5 5 7 6 6 5 7 8 7 9 6 7 6 6 9 5 8 7 5 
7 5 13 8 6 9 10 6 10 8 5 5 6 4 5 6 7 5 9 5 6 9 4 3 5 7 7 4 8 7 5 11 7 9 8 7 5 8 7 5 9 6 9 7 4 1 3 12 8 10 8 6 10 9 6 3 8 7 6 7 6 5 6 3 6 7 9 5 10 6 11 12 8 4 5 4 7 7 8 5 4 8 6 6 8 9 10 8 8 14 6 4 7 6 6 7 8 5 6 9 6 3 4 5 7 7 5 9 7 5 4 7 5 9 5 9 11 4 7 5 6 3 7 5 5 6 4 7 8 6 9 7 9 5 11 7 5 7 7 9 8 7 5 9 4 7 9 7 6 3 7 7 8 9 10 4 7 6 5 3 9 7 4 3 8 5 5 6 10 7 9 8 9 8 6 7 12 7 9 4 5 3 6 10 8 8 7 12 8 7 6 9 7 7 6 5 6 6 3 4 
13 11 11 13 7 9 7 10 1 5 13 10 7 8 10 7 13 10 16 13 11 12 11 15 16 8 11 15 11 8 13 4 6 12 8 8 4 7 8 11 9 11 12 12 12 7 7 13 6 14 11 4 10 9 12 13 12 16 10 8 11 8 13 10 13 13 11 13 8 11 7 5 12 11 16 13 13 16 11 9 6 6 12 13 9 12 11 11 6 11 10 7 7 14 7 13 11 12 8 12 10 13 14 11 10 9 10 7 13 14 14 13 8 12 9 11 7 13 11 5 6 9 15 13 7 16 13 11 9 11 14 12 10 9 9 11 13 9 10 7 7 7 14 11 11 8 9 7 9 10 11 12 12 7 8 17 6 11 16 3 12 10 14 8 11 8 15 9 5 5 11 11 12 12 5 10 10 13 10 17 10 10 15 6 6 7 7 13 8 15 8 11 6 13 5 12 8 10 12 9 
13 13 10 2 7 7 13 1 12 13 8 6 8 13 13 5 10 8 6 12 6 6 8 6 10 15 9 8 11 12 8 12 11 6 10 7 14 10 5 13 11 9 8 10 11 9 10 4 5 8 5 5 8 10 14 13 9 11 7 8 10 8 7 6 8 12 16 9 11 12 10 7 13 7 8 3 11 9 9 8 7 12 11 7 13 14 14 11 11 5 10 6 8 8 6 7 8 11 10 8 7 7 6 6 6 9 12 10 12 13 15 10 5 8 7 11 10 16 8 10 6 10 7 4 9 11 8 12 7 7 12 10 13 6 7 9 2 9 11 7 12 10 8 5 9 11 9 6 10 11 9 10 7 12 8 11 11 8 9 9 11 0 13 5 12 10 8 5 11 9 10 6 4 10 11 10 8 5 11 11 6 2 10 12 10 7 10 9 6 9 8 9 4 8 11 4 9 11 11 8 
9 12 15 11 8 10 8 13 3 9 11 12 8 12 6 10 0 10 9 13 12 9 14 11 5 12 16 9 17 15 13 2 8 6 8 9 10 2 11 7 10 6 11 12 12 6 8 12 6 10 11 9 11 11 13 9 8 7 8 13 8 12 4 8 10 8 7 11 9 13 10 6 11 11 11 9 12 2 7 12 4 8 8 12 11 8 15 10 3 8 13 9 13 11 13 17 5 11 12 7 13 19 9 8 8 7 5 11 5 12 7 9 7 10 2 11 5 12 7 7 6 7 10 11 4 6 10 7 8 9 7 11 6 12 4 7 16 8 8 12 8 8 6 12 10 12 10 6 10 11 11 12 11 4 6 11 6 14 11 5 8 5 9 7 8 4 8 10 12 10 9 6 12 11 8 11 11 11 6 10 11 12 5 9 14 9 16 11 10 6 6 7 11 11 10 7 10 7 12 5 
DEPOT_SECTION
 1
 -1
EOF
