NAME  : Jabali_40_4_0.82_1_9
TYPE : SVRP
MODEL : FINITE_SUPPORT
NUMBER_OF_SCENARIOS : 200
DIMENSION : 40
EDGE_WEIGHT_TYPE : MATRIX
CAPACITY : 77
N_VEHICLES : 4
NODE_COORD_SECTION
1 2798 3607
2 4661 4966
3 3082 6681
4 5547 6679
5 4638 7070
6 5921 517
7 7180 3824
8 2274 18
9 110 1794
10 7436 4023
11 5341 3666
12 6118 5055
13 5179 1144
14 5733 7219
15 5746 4521
16 2880 86
17 3382 4598
18 2392 2533
19 483 2919
20 1059 2212
21 2305 5549
22 1233 1581
23 4450 6469
24 2627 1494
25 5472 1752
26 7291 1389
27 3263 5304
28 6442 7209
29 3325 3047
30 7088 4183
31 1086 822
32 6917 545
33 1292 162
34 6367 3950
35 4414 5113
36 3082 3617
37 6591 6245
38 2822 3816
39 27 2294
40 3924 7058
DEMAND_SECTION
1 0.0
2 1.0
3 7.0
4 10.0
5 10.0
6 5.0
7 3.0
8 5.0
9 8.0
10 10.0
11 1.0
12 5.0
13 2.0
14 8.0
15 9.0
16 10.0
17 3.0
18 8.0
19 2.0
20 7.0
21 7.0
22 3.0
23 8.0
24 8.0
25 9.0
26 8.0
27 8.0
28 4.0
29 9.0
30 10.0
31 4.0
32 4.0
33 8.0
34 9.0
35 6.0
36 3.0
37 7.0
38 9.0
39 9.0
40 10.0
DEVIATION_SECTION
1 0.0
2 0.333333
3 2.33333
4 3.33333
5 3.33333
6 1.66667
7 1.0
8 1.66667
9 2.66667
10 3.33333
11 0.333333
12 1.66667
13 0.666667
14 2.66667
15 3.0
16 3.33333
17 1.0
18 2.66667
19 0.666667
20 2.33333
21 2.33333
22 1.0
23 2.66667
24 2.66667
25 3.0
26 2.66667
27 2.66667
28 1.33333
29 3.0
30 3.33333
31 1.33333
32 1.33333
33 2.66667
34 3.0
35 2.0
36 1.0
37 2.33333
38 3.0
39 3.0
40 3.33333
DISTANCE_MATRIX
0.0 31.4422 45.1221 55.9732 53.8238 63.8776 59.4152 51.7284 47.4573 61.8798 33.9678 50.7932 51.4916 62.9682 43.6192 54.5078 16.1245 16.4018 47.676 34.7256 32.1403 35.8149 45.8039 32.2131 46.6486 68.6086 25.2982 68.6143 10.0 57.6395 42.4501 72.008 48.4153 48.0214 30.2062 3.0 61.7792 2.0 48.5636 50.9902 
31.4422 0.0 31.305 27.6586 28.8617 66.7083 38.2753 73.0772 77.0492 39.8246 21.9317 20.2237 56.3205 34.8281 16.6433 67.8414 17.7602 46.1848 74.3504 64.2441 31.7657 65.5979 21.2132 53.5619 48.8365 63.5038 18.3916 39.8246 33.3005 35.3553 72.2331 71.707 73.3667 27.6586 3.23607 29.1433 32.311 30.2539 77.4025 30.0666 
45.1221 31.305 0.0 32.7567 21.0 97.5426 67.2086 64.6607 91.2002 67.897 53.235 46.0109 86.3481 36.0139 46.4004 59.9083 30.0666 58.1308 92.7631 79.2225 17.6918 76.4853 18.3848 57.8394 79.5191 94.5438 20.0998 45.0999 52.1536 63.6396 76.881 102.609 75.6761 57.8014 30.0689 44.5533 46.8188 43.1741 93.5237 12.1655 
55.9732 27.6586 32.7567 0.0 13.0384 86.0523 44.2719 90.5187 101.683 43.4626 41.9762 24.0832 77.9333 7.2111 30.2655 86.309 41.0488 70.8187 98.9844 88.8781 45.2769 90.2319 15.0 75.8494 69.6327 76.4853 36.4005 13.6015 57.9345 40.1622 94.8634 86.5794 96.8494 39.1152 27.8701 53.7587 15.0 54.6717 102.116 21.9317 
53.8238 28.8617 21.0 13.0384 0.0 93.3588 55.0091 82.5046 100.716 54.7083 48.0416 33.6155 84.006 15.0333 37.6563 78.2943 37.8021 69.6607 99.0051 87.983 36.0555 89.0738 8.06226 70.8603 76.0263 86.0233 30.4795 24.1868 57.6975 51.0 89.8743 95.3415 91.8603 48.0833 28.2029 52.1536 28.0179 52.2015 101.597 9.21954 
63.8776 66.7083 97.5426 86.0523 93.3588 0.0 47.1699 94.578 62.514 50.1597 45.3982 62.2013 12.7279 92.2659 56.0089 99.2591 70.214 60.6837 47.0425 56.921 91.2414 66.4831 86.8332 77.6542 18.0278 21.095 79.3095 91.4112 57.6972 50.5964 78.0 13.0 87.2353 47.3814 69.884 61.2996 78.4474 64.9038 57.1402 96.5091 
59.4152 38.2753 67.2086 44.2719 55.0091 47.1699 0.0 103.328 88.7047 3.60555 26.7116 21.6333 43.6005 49.0306 21.6333 106.108 55.7485 67.6575 77.0271 78.6704 69.754 87.2714 51.0392 83.8131 35.4683 33.0151 56.3799 46.0109 53.6838 4.12311 93.9055 44.1814 100.015 11.4018 41.2244 56.526 33.0606 59.997 85.2168 61.2944 
51.7284 73.0772 64.6607 90.5187 82.5046 94.578 103.328 0.0 47.1699 105.793 77.881 92.4282 82.1887 96.0704 87.5323 8.0 55.4101 34.9285 59.3633 42.2019 47.0117 32.7567 76.1516 20.0998 82.5581 107.217 54.6936 104.109 49.0469 101.553 23.0868 105.882 15.0 91.9346 71.8411 52.8567 103.305 55.7665 52.8015 75.5549 
47.4573 77.0492 91.2002 101.683 100.716 62.514 88.7047 47.1699 0.0 92.2769 69.0847 90.1945 53.0094 108.784 81.7243 54.7083 63.3685 33.541 16.1555 12.8062 75.6902 16.0 92.6594 42.107 56.7186 80.0562 72.7434 114.664 43.9318 90.8663 24.1661 75.4255 33.6155 84.2998 75.8131 48.5855 107.886 49.3972 6.40312 98.297 
61.8798 39.8246 67.897 43.4626 54.7083 50.1597 3.60555 105.793 92.2769 0.0 29.1762 21.9317 47.0106 47.8017 23.2594 108.572 57.2015 70.1221 80.5994 82.2427 71.1969 89.736 51.225 86.2777 38.9487 35.0571 57.8328 44.1814 56.1485 4.47214 96.3701 46.5296 102.48 14.0357 42.6773 58.9907 31.4006 62.4616 88.789 61.4003 
33.9678 21.9317 53.235 41.9762 48.0416 45.3982 26.7116 77.881 69.0847 29.1762 0.0 20.2532 36.1248 48.7647 12.083 80.6603 35.198 42.2101 59.4138 59.3058 53.6957 61.824 41.4367 58.3657 28.0 50.1254 40.3216 50.0899 28.2364 24.9359 68.4581 58.3286 74.5678 15.3178 25.1661 31.0787 38.2809 34.5496 66.2196 51.1957 
50.7932 20.2237 46.0109 24.0832 33.6155 62.2013 21.6333 92.4282 90.1945 21.9317 20.2532 0.0 54.9059 30.0666 8.48528 87.1924 37.1112 59.796 79.4929 77.4274 50.6952 79.9456 29.4109 72.9129 46.365 52.6308 37.6431 30.0832 46.358 17.8045 85.8444 62.514 91.8095 15.0333 22.587 48.4943 18.0278 49.6049 86.2861 39.6611 
51.4916 56.3205 86.3481 77.9333 84.006 12.7279 43.6005 82.1887 53.0094 47.0106 36.1248 54.9059 0.0 84.6108 47.7613 86.8567 58.3095 48.2813 38.6394 45.8912 79.2023 55.0818 77.0584 65.2518 8.544 27.074 67.6757 84.7885 45.3113 46.3249 66.4078 23.7697 75.3923 40.8534 59.4209 48.9136 72.111 52.5178 48.2597 86.3713 
62.9682 34.8281 36.0139 7.2111 15.0333 92.2659 49.0306 96.0704 108.784 47.8017 48.7647 30.0666 84.6108 0.0 36.8782 91.8607 47.8017 77.9193 106.085 95.9786 50.2195 97.3324 19.9249 82.3038 76.2401 81.7435 42.4853 9.21954 65.035 44.911 101.318 92.1954 103.304 45.0111 34.9706 60.8112 17.0 61.6198 109.216 24.1868 
43.6192 16.6433 46.4004 30.2655 37.6563 56.0089 21.6333 87.5323 81.7243 23.2594 12.083 8.48528 47.7613 36.8782 0.0 84.2064 34.1252 52.2057 71.0629 68.9572 48.1307 71.4754 31.9531 68.017 39.4606 48.8467 34.7566 38.0132 37.8878 18.7883 78.254 57.7235 84.2192 11.4018 19.6011 40.73 26.4008 44.201 77.856 42.1545 
54.5078 67.8414 59.9083 86.309 78.2943 99.2591 106.108 8.0 54.7083 108.572 80.6603 87.1924 86.8567 91.8607 84.2064 0.0 51.699 38.833 66.242 48.8774 42.5441 39.8121 71.9419 22.3607 88.4449 114.852 50.4839 99.8991 52.5929 104.332 30.8058 110.55 23.0 94.714 66.6053 55.636 96.6574 58.5459 60.1664 71.1969 
16.1245 17.7602 30.0666 41.0488 37.8021 70.214 55.7485 55.4101 63.3685 57.2015 35.198 37.1112 58.3095 47.8017 34.1252 51.699 0.0 32.313 63.0635 50.6368 21.095 51.7261 29.8329 35.8948 52.3546 72.2079 10.0 54.2033 22.0907 52.7398 54.9088 76.844 56.8948 45.2563 16.5242 14.8661 48.0833 14.4222 64.4748 34.9285 
16.4018 46.1848 58.1308 70.8187 69.6607 60.6837 67.6575 34.9285 33.541 70.1221 42.2101 59.796 48.2813 77.9193 52.2057 38.833 32.313 0.0 36.0 21.1896 43.2897 20.5183 61.6039 16.9706 48.6507 73.3098 41.6879 83.3568 14.4868 65.8819 26.2488 71.9747 32.0156 56.2637 44.9487 17.53 76.5217 18.3417 35.4401 67.2415 
47.676 74.3504 92.7631 98.9844 99.0051 47.0425 77.0271 59.3633 16.1555 80.5994 59.4138 79.4929 38.6394 106.085 71.0629 66.242 63.0635 36.0 0.0 17.4642 79.1581 26.6271 91.0 49.4773 43.6578 65.6201 72.7805 108.672 41.4367 79.1887 37.5366 60.0333 47.4236 74.6021 73.1143 48.2701 97.4628 49.6488 10.198 97.719 
34.7256 64.2441 79.2225 88.8781 87.983 56.921 78.6704 42.2019 12.8062 82.2427 59.3058 77.4274 45.8912 95.9786 68.9572 48.8774 50.6368 21.1896 17.4642 0.0 64.1327 10.0 79.925 32.3883 48.0104 72.3395 60.0117 101.897 31.1448 80.8321 21.6333 69.3758 31.4006 74.2656 63.0081 35.8469 95.1187 36.6655 14.3178 85.5653 
32.1403 31.7657 17.6918 45.2769 36.0555 91.2414 69.754 47.0117 75.6902 71.1969 53.6957 50.6952 79.2023 50.2195 48.1307 42.5441 21.095 43.2897 79.1581 64.1327 0.0 60.407 30.4138 41.4005 73.4302 93.2514 13.6015 58.6941 41.0 66.7308 60.4422 97.9081 58.0185 59.2618 30.5296 32.5576 57.1402 30.1496 78.4474 28.6531 
35.8149 65.5979 76.4853 90.2319 89.0738 66.4831 87.2714 32.7567 16.0 89.736 61.824 79.9456 55.0818 97.3324 71.4754 39.8121 51.7261 20.5183 26.6271 10.0 60.407 0.0 81.017 26.1725 56.4358 81.0494 58.4982 102.77 33.6155 85.4958 11.6619 78.7464 21.4009 75.8776 64.3618 36.9431 95.5412 37.7548 20.6155 84.3423 
45.8039 21.2132 18.3848 15.0 8.06226 86.8332 51.0392 76.1516 92.6594 51.225 41.4367 29.4109 77.0584 19.9249 31.9531 71.9419 29.8329 61.6039 91.0 79.925 30.4138 81.017 0.0 63.2682 69.2604 80.7775 23.0217 28.2843 49.6588 47.2017 82.2822 89.56 84.2682 42.9535 20.4165 44.1022 28.4605 44.2041 93.5361 10.2956 
32.2131 53.5619 57.8394 75.8494 70.8603 77.6542 83.8131 20.0998 42.107 86.2777 58.3657 72.9129 65.2518 82.3038 68.017 22.3607 35.8948 16.9706 49.4773 32.3883 41.4005 26.1725 63.2682 0.0 66.2098 92.5574 40.4058 89.2544 30.2982 82.0374 23.8537 89.5338 23.8537 72.4193 52.3258 33.3414 83.7901 36.2512 46.0435 66.2209 
46.6486 48.8365 79.5191 69.6327 76.0263 18.0278 35.4683 82.5581 56.7186 38.9487 28.0 46.365 8.544 76.2401 39.4606 88.4449 52.3546 48.6507 43.6578 48.0104 73.4302 56.4358 69.2604 66.2098 0.0 24.7386 61.327 76.243 40.4683 38.0132 67.3423 25.4951 76.0058 32.311 51.9902 44.0706 63.5689 47.6749 52.6308 78.7718 
68.6086 63.5038 94.5438 76.4853 86.0233 21.095 33.0151 107.217 80.0562 35.0571 50.1254 52.6308 27.074 81.7435 48.8467 114.852 72.2079 73.3098 65.6201 72.3395 93.2514 81.0494 80.7775 92.5574 24.7386 0.0 81.8509 79.0253 62.4282 37.054 92.0014 12.083 100.665 37.9473 66.6954 66.0303 66.0681 69.6348 75.326 91.0 
25.2982 18.3916 20.0998 36.4005 30.4795 79.3095 56.3799 54.6936 72.7434 57.8328 40.3216 37.6431 67.6757 42.4853 34.7566 50.4839 10.0 41.6879 72.7805 60.0117 13.6015 58.4982 23.0217 40.4058 61.327 81.8509 0.0 49.98 32.0624 53.3711 59.4198 85.4062 61.4058 45.8876 17.1555 24.5153 46.1736 23.4094 73.8497 26.0768 
68.6143 39.8246 45.0999 13.6015 24.1868 91.4112 46.0109 104.109 114.664 44.1814 50.0899 30.0832 84.7885 9.21954 38.0132 99.8991 54.2033 83.3568 108.672 101.897 58.6941 102.77 28.2843 89.2544 76.243 79.0253 49.98 0.0 70.4726 42.0 108.268 90.05 110.254 44.1475 40.4081 66.3154 13.0384 67.424 114.654 33.3766 
10.0 33.3005 52.1536 57.9345 57.6975 57.6972 53.6838 49.0469 43.9318 56.1485 28.2364 46.358 45.3113 65.035 37.8878 52.5929 22.0907 14.4868 41.4367 31.1448 41.0 33.6155 49.6588 30.2982 40.4683 62.4282 32.0624 70.4726 0.0 51.9082 40.5216 65.8276 46.5003 42.2901 32.0644 8.544 63.1281 11.6619 44.1022 56.3205 
57.6395 35.3553 63.6396 40.1622 51.0 50.5964 4.12311 101.553 90.8663 4.47214 24.9359 17.8045 46.3249 44.911 18.7883 104.332 52.7398 65.8819 79.1887 80.8321 66.7308 85.4958 47.2017 82.0374 38.0132 37.054 53.3711 42.0 51.9082 0.0 92.1299 48.0937 98.2395 10.0499 38.2156 54.7504 29.0172 58.2214 87.3784 57.4282 
42.4501 72.2331 76.881 94.8634 89.8743 78.0 93.9055 23.0868 24.1661 96.3701 68.4581 85.8444 66.4078 101.318 78.254 30.8058 54.9088 26.2488 37.5366 21.6333 60.4422 11.6619 82.2822 23.8537 67.3423 92.0014 59.4198 108.268 40.5216 92.1299 0.0 90.1388 9.89949 82.5117 70.997 43.5783 102.57 44.39 30.0167 85.2625 
72.008 71.707 102.609 86.5794 95.3415 13.0 44.1814 105.882 75.4255 46.5296 58.3286 62.514 23.7697 92.1954 57.7235 110.55 76.844 71.9747 60.0333 69.3758 97.9081 78.7464 89.56 89.5338 25.4951 12.083 85.4062 90.05 65.8276 48.0937 90.1388 0.0 99.1615 47.5184 74.5403 69.43 77.026 73.0342 70.1142 99.6243 
48.4153 73.3667 75.6761 96.8494 91.8603 87.2353 100.015 15.0 33.6155 102.48 74.5678 91.8095 75.3923 103.304 84.2192 23.0 56.8948 32.0156 47.4236 31.4006 58.0185 21.4009 84.2682 23.8537 76.0058 100.665 61.4058 110.254 46.5003 98.2395 9.89949 99.1615 0.0 88.6214 73.3258 49.5435 103.595 50.3552 39.6611 86.5617 
48.0214 27.6586 57.8014 39.1152 48.0833 47.3814 11.4018 91.9346 84.2998 14.0357 15.3178 15.0333 40.8534 45.0111 11.4018 94.714 45.2563 56.2637 74.6021 74.2656 59.2618 75.8776 42.9535 72.4193 32.311 37.9473 45.8876 44.1475 42.2901 10.0499 82.5117 47.5184 88.6214 0.0 30.7321 45.1323 31.3209 48.6032 81.4347 53.2259 
30.2062 3.23607 30.0689 27.8701 28.2029 69.884 41.2244 71.8411 75.8131 42.6773 25.1661 22.587 59.4209 34.9706 19.6011 66.6053 16.5242 44.9487 73.1143 63.0081 30.5296 64.3618 20.4165 52.3258 51.9902 66.6954 17.1555 40.4081 32.0644 38.2156 70.997 74.5403 73.3258 30.7321 0.0 27.9072 33.573 29.0179 76.1665 29.0179 
3.0 29.1433 44.5533 53.7587 52.1536 61.2996 56.526 52.8567 48.5855 58.9907 31.0787 48.4943 48.9136 60.8112 40.73 55.636 14.8661 17.53 48.2701 35.8469 32.5576 36.9431 44.1022 33.3414 44.0706 66.0303 24.5153 66.3154 8.544 54.7504 43.5783 69.43 49.5435 45.1323 27.9072 0.0 59.4802 3.60555 49.6588 49.7695 
61.7792 32.311 46.8188 15.0 28.0179 78.4474 33.0606 103.305 107.886 31.4006 38.2809 18.0278 72.111 17.0 26.4008 96.6574 48.0833 76.5217 97.4628 95.1187 57.1402 95.5412 28.4605 83.7901 63.5689 66.0681 46.1736 13.0384 63.1281 29.0172 102.57 77.026 103.595 31.3209 33.573 59.4802 0.0 60.5908 107.875 36.7151 
2.0 30.2539 43.1741 54.6717 52.2015 64.9038 59.997 55.7665 49.3972 62.4616 34.5496 49.6049 52.5178 61.6198 44.201 58.5459 14.4222 18.3417 49.6488 36.6655 30.1496 37.7548 44.2041 36.2512 47.6749 69.6348 23.4094 67.424 11.6619 58.2214 44.39 73.0342 50.3552 48.6032 29.0179 3.60555 60.5908 0.0 50.5035 49.1935 
48.5636 77.4025 93.5237 102.116 101.597 57.1402 85.2168 52.8015 6.40312 88.789 66.2196 86.2861 48.2597 109.216 77.856 60.1664 64.4748 35.4401 10.198 14.3178 78.4474 20.6155 93.5361 46.0435 52.6308 75.326 73.8497 114.654 44.1022 87.3784 30.0167 70.1142 39.6611 81.4347 76.1665 49.6588 107.875 50.5035 0.0 99.4032 
50.9902 30.0666 12.1655 21.9317 9.21954 96.5091 61.2944 75.5549 98.297 61.4003 51.1957 39.6611 86.3713 24.1868 42.1545 71.1969 34.9285 67.2415 97.719 85.5653 28.6531 84.3423 10.2956 66.2209 78.7718 91.0 26.0768 33.3766 56.3205 57.4282 85.2625 99.6243 86.5617 53.2259 29.0179 49.7695 36.7151 49.1935 99.4032 0.0 
DEMAND_SCENARIO_SECTION
0 0 0 0 0 0 0 0 0 0 0 0 0 0 0 0 0 0 0 0 0 0 0 0 0 0 0 0 0 0 0 0 0 0 0 0 0 0 0 0 0 0 0 0 0 0 0 0 0 0 0 0 0 0 0 0 0 0 0 0 0 0 0 0 0 0 0 0 0 0 0 0 0 0 0 0 0 0 0 0 0 0 0 0 0 0 0 0 0 0 0 0 0 0 0 0 0 0 0 0 0 0 0 0 0 0 0 0 0 0 0 0 0 0 0 0 0 0 0 0 0 0 0 0 0 0 0 0 0 0 0 0 0 0 0 0 0 0 0 0 0 0 0 0 0 0 0 0 0 0 0 0 0 0 0 0 0 0 0 0 0 0 0 0 0 0 0 0 0 0 0 0 0 0 0 0 0 0 0 0 0 0 0 0 0 0 0 0 0 0 0 0 0 0 0 0 0 0 0 0 
1 1 1 1 1 1 1 1 2 1 1 1 1 1 1 1 1 1 1 1 1 1 1 1 1 1 1 1 1 1 1 1 1 1 1 1 1 1 1 1 0 1 1 1 1 1 1 1 1 1 1 1 1 1 2 1 1 1 1 1 1 1 1 1 1 1 1 1 1 1 1 1 1 1 0 1 0 1 0 1 1 2 1 1 1 1 1 1 1 2 1 1 1 1 1 1 1 1 2 1 1 1 1 1 1 2 1 1 1 2 1 1 1 1 2 1 1 1 1 1 1 1 2 1 1 1 1 0 1 1 1 1 1 1 1 1 1 2 1 1 2 1 1 1 1 1 1 1 1 1 2 1 1 1 1 1 1 1 2 1 2 1 1 0 1 0 1 1 2 1 1 1 1 1 1 1 0 1 1 1 1 1 1 0 1 1 1 1 1 1 1 1 0 2 1 1 1 1 1 1 
6 10 7 8 10 7 7 7 5 4 10 7 8 5 6 10 4 8 5 5 7 9 5 9 6 7 5 7 5 8 5 5 10 6 8 9 5 8 8 9 8 7 7 7 8 3 6 6 13 6 11 4 8 9 9 10 8 3 6 7 4 9 7 7 8 10 6 10 9 6 5 6 6 5 10 12 7 7 6 9 4 11 8 10 9 4 9 3 8 4 5 10 5 9 7 7 8 7 7 10 6 8 3 4 14 3 9 7 9 3 7 9 4 8 2 0 8 10 5 7 9 6 8 5 7 3 11 7 6 9 7 5 8 9 10 7 6 9 9 5 10 9 7 12 6 10 9 5 6 10 6 9 9 5 12 4 5 7 7 8 8 10 7 7 4 6 8 6 8 5 7 5 8 4 9 12 9 3 5 9 10 12 9 8 6 8 10 7 5 8 8 6 4 5 8 3 9 5 7 8 
15 8 9 16 11 10 9 5 12 10 5 8 10 16 11 6 6 11 5 6 9 11 12 10 13 6 9 6 11 9 10 8 11 12 12 8 7 16 10 13 5 6 7 17 12 4 14 13 12 11 9 8 12 10 8 11 8 10 13 9 13 11 9 13 6 9 6 6 9 9 11 12 16 9 10 6 7 6 9 16 11 13 15 9 11 5 10 14 12 9 19 13 9 9 9 10 9 11 15 14 9 8 11 7 4 16 13 14 12 9 15 5 15 13 9 14 12 8 8 14 7 8 9 11 7 13 6 11 9 14 10 6 10 9 10 15 3 7 11 9 9 10 6 13 8 9 8 10 10 9 9 11 5 7 10 6 16 6 8 5 12 12 12 15 13 8 14 16 11 10 10 6 13 15 11 12 11 13 11 8 12 11 10 10 10 13 13 14 8 12 19 16 13 12 9 8 7 8 3 7 
8 10 11 11 12 8 7 10 8 13 8 12 15 1 3 11 15 11 8 13 14 12 9 6 11 8 13 16 11 8 17 10 9 13 10 13 9 12 16 13 14 7 7 9 14 17 5 12 16 9 10 12 11 9 13 12 11 3 8 13 16 10 6 11 6 9 10 15 7 8 12 9 15 5 6 8 11 12 6 11 11 6 10 13 6 5 8 10 9 10 15 8 6 8 12 13 9 6 13 12 12 8 12 12 14 4 7 8 13 10 12 6 0 12 18 10 11 12 5 8 9 9 11 16 9 13 10 11 10 15 10 9 16 13 9 11 10 14 13 12 9 15 16 13 12 9 11 13 12 15 8 11 13 12 2 10 9 13 18 12 13 10 19 12 14 11 9 5 9 12 9 10 13 12 7 15 8 10 18 12 6 12 13 13 5 6 12 13 12 11 10 10 14 13 10 11 8 14 9 5 
6 6 2 6 7 4 5 5 6 5 6 4 3 5 2 5 2 6 3 4 6 6 4 4 5 4 8 5 6 5 4 6 5 3 5 5 3 6 5 3 7 8 3 3 5 5 3 6 6 5 7 3 6 5 4 6 5 4 7 9 6 5 6 5 4 6 5 5 5 3 6 6 3 4 6 4 4 6 7 5 2 4 7 5 6 4 6 2 3 6 4 7 3 3 3 3 2 6 7 4 6 6 6 4 4 5 3 3 4 4 5 4 6 5 3 8 5 6 4 5 5 5 7 5 7 9 8 7 3 7 5 7 6 5 5 8 6 4 3 6 4 3 3 4 6 3 4 5 4 5 3 5 1 10 5 3 9 3 6 5 7 4 7 7 7 7 5 4 8 6 5 6 7 5 8 8 4 5 6 6 5 3 2 6 3 5 5 4 4 6 4 6 5 4 4 5 10 4 5 1 
3 2 4 3 4 3 3 4 4 4 3 3 1 3 3 3 3 3 3 3 3 2 3 2 3 3 3 4 4 3 3 2 2 4 3 4 3 2 3 3 2 3 5 3 3 2 3 2 3 3 4 2 1 1 2 5 3 4 3 4 3 1 3 3 3 4 3 2 4 4 2 5 4 3 4 1 3 4 2 4 2 4 3 2 2 2 3 2 1 4 3 2 3 3 4 3 3 4 3 3 4 2 3 3 4 3 4 1 3 3 4 4 2 2 2 0 2 4 3 2 2 2 3 3 2 3 4 1 3 3 2 1 4 2 2 4 3 4 3 5 1 4 2 3 5 4 2 4 2 3 3 3 0 3 2 3 2 3 3 2 2 3 1 3 3 3 4 2 2 6 5 3 2 3 2 4 2 4 2 1 3 2 5 1 3 3 4 4 2 4 4 4 2 4 1 2 4 1 4 2 
5 5 6 3 5 6 10 5 5 4 8 7 5 3 7 4 2 4 4 4 5 7 6 4 4 4 3 4 9 4 5 6 4 3 3 7 5 5 5 4 6 5 4 3 2 6 9 6 4 2 4 4 4 2 3 9 7 4 7 2 7 5 8 3 5 7 5 4 8 6 7 5 5 4 6 3 7 4 6 7 7 6 4 7 4 6 6 5 6 4 4 5 8 4 1 4 5 4 5 3 3 3 5 6 3 4 4 6 2 1 8 3 4 5 4 2 6 5 5 3 5 4 2 5 3 7 4 5 6 4 7 5 4 3 4 3 4 5 8 4 5 7 6 5 6 4 5 8 5 3 5 5 5 5 5 1 8 9 4 4 6 2 9 2 5 5 7 3 6 5 5 2 7 9 3 5 9 4 4 5 6 3 7 5 5 4 8 4 4 4 4 7 2 6 2 4 8 6 5 8 
10 7 6 10 10 8 9 2 5 12 9 9 4 11 11 9 8 14 11 6 10 8 8 8 3 8 11 6 7 12 9 15 8 7 9 12 14 6 11 8 5 12 5 6 7 10 9 10 9 12 9 8 7 12 6 6 5 11 5 9 10 3 6 9 12 8 12 6 6 11 8 10 10 13 2 8 3 9 14 9 7 6 11 8 8 7 10 11 9 6 12 7 11 10 9 7 11 7 11 12 8 7 9 6 11 5 12 6 5 9 8 10 8 5 9 13 15 7 8 6 11 8 10 9 10 7 11 7 7 4 9 6 8 7 8 10 8 10 10 8 7 8 5 6 9 9 9 7 12 5 9 9 8 8 5 6 7 6 9 8 3 9 8 4 10 11 4 6 11 12 5 7 6 6 10 11 4 2 7 7 9 14 9 4 5 9 3 5 11 11 14 7 2 12 4 6 10 9 2 11 
11 6 8 12 16 11 16 7 14 8 15 6 14 9 10 14 11 12 10 7 10 6 12 15 12 13 13 4 11 8 13 11 5 10 9 10 3 13 8 6 10 10 12 8 13 10 7 15 13 6 5 7 15 7 9 9 9 6 13 10 11 8 10 8 9 10 6 12 12 10 12 9 10 5 8 14 7 13 10 8 4 12 9 14 5 9 14 9 7 11 10 7 9 13 10 12 12 15 11 4 12 8 14 12 10 1 17 11 10 11 9 9 7 7 10 9 7 11 14 16 14 11 11 14 10 15 9 13 10 7 11 11 14 3 8 11 11 14 8 8 12 12 11 8 9 14 9 10 9 7 14 12 7 4 15 5 12 6 14 5 9 12 12 13 3 9 10 13 8 13 16 11 12 10 8 10 9 13 9 12 13 4 5 10 5 8 8 7 5 7 16 9 10 10 9 8 13 6 8 9 
1 0 1 1 1 1 1 1 1 1 1 1 1 1 1 1 1 1 1 1 1 1 1 1 1 2 0 1 1 1 1 1 0 1 1 1 1 1 1 1 1 1 1 1 0 1 1 0 1 1 1 2 0 1 2 1 1 1 1 1 1 1 0 1 1 1 1 1 1 1 1 1 1 1 1 1 1 1 2 1 1 1 1 1 1 1 1 0 1 1 1 1 1 1 1 1 1 1 1 2 1 1 1 1 1 1 1 1 1 1 1 1 1 0 1 1 1 2 1 0 1 1 1 1 1 1 1 1 1 0 1 1 1 1 1 1 1 0 1 1 1 2 1 1 1 1 1 1 1 1 1 1 1 1 1 0 1 1 1 1 1 1 1 1 1 1 1 1 1 1 1 1 1 1 1 1 1 1 2 1 1 1 0 1 1 1 1 1 1 1 1 1 1 1 1 1 1 1 1 1 
3 6 6 5 5 6 6 5 6 4 5 4 6 4 4 4 5 6 7 4 4 5 5 7 4 2 3 5 6 4 4 2 5 5 6 8 2 7 6 6 3 5 4 6 5 5 5 1 5 9 7 7 5 3 7 3 5 3 5 3 5 5 4 3 3 8 3 7 3 6 4 6 4 7 4 6 5 7 4 5 3 6 9 4 5 4 6 4 4 3 8 5 9 6 3 3 5 3 4 4 5 6 5 6 5 3 6 9 7 6 4 3 5 7 5 2 6 3 3 7 6 10 4 5 8 7 6 4 2 7 2 3 7 6 6 6 4 5 4 5 4 3 6 9 6 2 7 9 5 4 3 3 4 6 7 5 5 4 5 6 3 6 4 7 6 6 4 3 4 3 5 6 5 4 4 7 4 5 4 4 6 4 6 7 5 8 5 3 4 4 5 7 5 6 3 5 5 5 3 7 
0 2 3 2 3 2 2 2 2 3 2 2 2 2 2 1 2 1 1 2 2 1 2 3 2 2 2 3 3 2 1 3 3 2 2 2 1 2 2 2 2 2 1 3 2 2 2 1 3 3 2 3 2 2 2 1 2 3 2 2 3 2 2 1 3 2 2 1 2 2 2 1 1 4 1 3 2 3 2 1 2 3 2 1 2 2 3 2 2 2 2 1 3 2 3 1 2 2 2 2 1 1 2 2 1 2 2 1 2 2 2 1 3 3 2 3 1 3 2 2 3 3 2 2 2 2 2 3 1 3 3 3 1 2 3 3 1 2 3 1 2 1 3 2 3 1 0 3 3 2 1 4 3 1 2 2 1 2 2 2 4 3 2 2 3 2 2 1 2 2 3 2 3 2 3 3 3 1 2 1 2 2 2 2 1 3 1 3 3 2 1 2 2 2 3 2 2 3 2 3 
4 10 8 6 6 3 6 7 6 5 7 13 12 9 13 6 8 10 11 8 8 8 5 10 9 6 6 9 10 7 8 11 12 5 4 8 11 9 9 5 7 5 5 10 6 16 2 9 5 0 7 9 9 9 5 11 5 6 9 7 7 6 9 9 8 8 5 3 8 5 9 7 5 8 7 0 5 11 11 13 6 9 11 12 8 7 10 8 7 2 4 10 9 13 6 3 9 10 10 8 5 10 11 8 8 9 6 11 7 10 9 7 8 7 8 6 9 7 5 7 7 9 7 11 8 9 4 8 5 16 5 7 7 9 5 8 8 5 4 10 8 7 12 8 7 4 5 5 11 11 6 11 14 10 12 8 9 12 11 2 9 7 11 7 9 12 4 5 10 8 8 6 11 5 11 10 7 6 16 2 9 8 12 7 8 12 9 7 15 12 9 10 5 7 12 12 7 1 8 8 
8 10 7 10 8 11 11 4 6 8 10 11 11 6 8 3 8 10 12 12 10 8 15 11 5 12 9 6 10 11 8 7 10 7 9 14 7 7 8 10 16 7 14 12 2 9 11 5 11 8 10 13 10 10 3 10 12 9 11 6 11 6 4 9 8 11 7 7 10 7 11 9 5 10 13 9 9 8 9 4 14 15 11 5 12 8 19 9 10 17 13 10 7 6 8 7 4 8 12 14 14 6 11 11 5 8 8 9 16 7 13 7 8 3 10 6 9 3 10 9 8 7 5 8 6 8 6 7 8 8 7 10 5 8 6 8 8 9 7 5 13 11 10 8 12 13 12 5 9 8 11 7 8 7 12 3 11 6 15 9 8 14 7 12 11 8 8 10 12 11 13 7 10 8 6 10 8 1 10 10 6 10 9 9 11 9 9 15 11 6 13 11 7 10 5 8 11 11 7 11 
12 15 15 13 10 9 13 17 9 10 6 16 9 11 11 12 8 11 15 9 14 8 4 6 8 14 9 11 15 12 13 10 15 10 8 8 12 13 9 15 12 13 10 14 9 6 7 4 11 9 14 11 7 10 9 12 14 9 11 6 10 8 10 9 11 9 11 11 7 12 11 8 3 7 11 11 11 5 14 10 13 17 11 8 9 14 6 13 8 8 8 8 5 11 14 6 10 9 8 12 10 7 22 9 15 9 12 6 7 14 15 14 8 12 5 12 7 12 8 5 6 13 9 12 20 7 12 16 10 11 15 16 7 12 15 12 11 6 12 10 8 7 10 10 13 13 15 7 8 10 5 11 4 9 9 12 9 8 3 8 7 12 8 13 10 12 19 9 5 10 9 14 13 13 8 10 9 15 6 12 9 6 7 12 6 7 12 10 13 7 9 4 8 14 10 11 3 17 8 13 
4 6 2 2 3 3 4 4 3 3 4 3 4 2 3 3 5 4 3 2 5 4 2 5 3 2 4 4 4 3 4 3 3 2 4 3 3 3 2 4 2 0 4 4 3 3 4 4 3 3 5 4 4 3 3 2 4 3 2 1 3 6 3 3 3 2 5 4 3 2 3 4 3 2 3 3 2 4 3 2 4 2 1 2 3 3 3 2 3 4 3 3 5 4 4 4 5 3 2 4 3 2 3 5 3 1 3 4 3 4 2 2 4 2 2 4 3 4 3 2 2 5 4 3 4 3 3 3 3 3 2 2 3 1 4 2 2 2 3 4 2 2 3 3 6 5 1 0 4 2 3 1 2 3 4 2 2 4 4 2 2 4 2 2 3 5 3 4 4 3 4 2 3 5 3 5 4 3 2 3 1 2 3 3 3 2 4 3 4 2 2 3 3 4 4 4 4 3 2 2 
5 11 6 8 6 9 7 10 4 9 8 7 9 8 9 11 8 6 8 8 5 7 7 7 8 10 10 6 10 7 8 3 8 9 12 8 6 7 4 7 7 6 6 1 4 13 6 10 10 6 10 13 9 7 16 10 9 7 11 11 9 7 6 7 6 7 12 7 8 9 5 9 8 7 9 6 7 4 8 15 11 6 10 10 10 10 6 10 8 6 11 11 0 9 9 12 7 8 10 4 10 15 5 7 7 11 9 9 7 10 6 6 6 12 8 8 11 11 5 2 3 7 8 8 9 8 8 8 8 7 2 15 8 9 10 6 9 12 5 12 6 8 11 13 6 13 9 14 8 4 7 10 6 11 9 9 9 9 7 10 6 4 12 10 13 7 6 11 7 10 11 6 8 9 12 9 9 6 6 9 4 9 6 6 10 4 14 7 7 10 8 3 8 10 9 8 13 10 8 4 
3 2 2 1 3 3 2 2 2 2 1 3 3 3 1 1 2 2 1 2 2 1 2 2 2 3 3 3 2 1 3 1 2 1 2 2 1 2 3 1 2 1 2 2 2 3 2 2 2 2 2 2 2 2 1 2 2 2 1 2 3 1 1 2 1 1 3 2 1 2 3 3 2 2 3 2 2 2 1 2 3 2 0 1 2 2 3 2 2 3 2 1 2 3 1 2 2 3 3 2 3 2 3 2 3 1 1 0 2 2 3 2 1 2 2 2 1 2 2 2 1 3 2 3 2 2 2 1 2 2 0 2 1 3 2 2 2 1 2 3 2 2 2 2 3 1 2 3 1 2 2 3 3 2 1 1 2 2 3 2 2 3 2 1 2 0 2 1 3 1 2 2 3 2 2 2 0 2 3 3 3 0 2 3 0 3 2 2 2 1 3 1 2 3 2 2 3 2 3 1 
3 2 6 6 11 7 6 5 7 5 5 5 5 9 8 5 7 8 8 8 6 5 9 9 9 2 10 10 9 7 6 6 5 9 7 7 6 9 9 7 7 6 4 9 6 6 4 3 3 10 5 5 7 7 6 4 2 8 9 7 8 3 7 5 8 7 7 7 9 6 9 7 6 9 12 10 4 4 6 5 5 6 6 8 8 4 4 1 8 5 9 9 10 7 6 5 11 5 7 7 9 10 7 7 7 5 10 7 10 5 7 9 12 8 11 4 8 7 6 5 7 8 4 7 3 7 9 5 9 8 7 5 7 10 6 7 6 6 11 8 8 4 7 2 10 7 10 7 11 6 8 5 1 6 7 3 7 10 7 5 6 3 9 8 5 6 7 9 7 6 4 6 10 8 8 6 3 10 9 3 7 8 3 10 6 7 7 5 8 6 6 4 6 3 7 6 5 5 11 11 
6 8 7 7 6 5 7 7 6 3 8 11 5 7 9 9 10 10 5 4 2 3 10 11 9 7 8 7 9 6 10 6 7 10 6 8 4 7 12 1 9 3 4 4 5 7 7 8 7 10 10 10 7 9 5 8 6 9 8 6 6 5 4 8 6 10 9 9 6 8 5 4 5 10 7 12 8 5 8 9 7 12 4 4 2 8 6 7 7 8 7 10 11 7 6 5 10 6 6 5 6 8 9 7 8 7 7 7 7 5 12 9 8 11 5 7 10 3 8 6 7 5 8 7 8 6 8 5 8 10 9 6 6 8 8 6 8 7 8 8 4 6 6 8 4 5 4 6 7 10 12 7 5 6 4 12 13 9 7 4 11 6 6 2 4 9 5 11 7 8 3 4 5 3 6 6 4 7 5 5 8 10 6 7 6 5 7 9 4 8 11 13 11 8 5 5 9 11 6 7 
4 2 3 4 4 1 2 1 3 1 4 2 4 4 2 3 3 4 2 3 3 2 6 2 3 3 3 3 4 4 3 3 5 3 4 4 4 5 2 5 4 4 3 4 2 1 1 5 5 5 2 2 3 2 2 4 3 2 3 3 4 4 3 3 4 2 4 5 2 1 2 2 3 2 3 2 4 4 2 3 3 2 2 4 4 2 4 3 2 4 3 2 3 2 4 2 5 3 3 2 1 4 2 4 3 2 2 4 3 4 1 2 3 3 2 5 4 2 3 1 3 4 4 2 4 3 4 4 2 4 3 3 2 6 2 3 1 3 5 2 4 3 2 6 4 3 2 3 4 3 3 4 1 2 3 4 2 4 3 3 3 2 4 2 1 3 3 4 3 2 3 5 4 3 2 2 4 4 5 3 4 3 2 4 3 4 5 5 3 2 4 4 4 3 3 3 4 5 1 2 
8 8 6 9 8 11 8 1 5 13 11 12 9 3 10 9 4 7 12 11 5 13 4 10 6 6 5 6 4 7 13 4 9 6 5 14 10 7 11 2 11 5 6 5 7 10 6 7 5 9 7 10 6 9 9 8 4 14 6 10 10 5 5 10 8 10 8 9 12 12 6 7 3 8 6 12 7 6 11 8 6 7 5 8 7 4 12 15 10 12 3 2 9 8 13 4 8 2 10 4 7 9 6 11 7 9 11 5 11 9 9 10 4 6 9 6 8 5 11 6 8 6 9 10 6 4 6 5 8 8 10 11 6 7 8 6 8 7 12 7 6 12 16 7 5 11 8 3 4 11 13 6 6 9 13 9 12 9 8 8 12 12 12 7 7 7 8 8 9 6 7 3 6 13 8 4 7 4 12 7 11 6 11 4 7 10 9 7 11 5 8 7 4 4 5 9 11 7 8 10 
17 8 12 9 10 11 10 11 8 6 6 5 4 9 6 11 7 6 10 9 10 11 10 8 10 7 9 4 7 9 6 7 7 5 12 7 7 7 4 7 12 3 6 6 9 9 7 4 9 11 12 4 8 12 6 10 12 7 8 11 14 10 9 8 8 8 9 3 7 9 8 6 5 9 7 10 11 6 7 8 3 7 7 8 6 9 7 7 7 6 11 6 12 8 8 4 4 4 10 5 7 5 2 10 9 9 10 9 10 9 7 13 9 10 11 10 6 5 7 10 11 6 6 12 6 9 10 11 8 4 3 3 15 8 6 5 5 8 7 6 9 10 7 4 0 6 10 4 5 12 9 11 8 7 9 6 6 8 10 8 9 10 8 9 8 7 8 7 11 7 10 12 9 11 9 5 10 8 9 9 10 8 9 10 8 8 13 8 11 7 2 11 8 6 9 4 8 4 9 8 
6 14 14 6 10 6 12 10 8 15 6 13 10 8 9 7 10 9 14 11 2 9 3 10 8 9 16 10 10 8 6 12 10 8 4 6 7 9 10 6 8 9 10 7 15 9 8 8 7 5 8 10 4 8 12 11 9 11 12 6 8 8 6 11 2 9 13 11 2 7 12 7 7 14 10 9 11 5 8 8 6 6 5 10 5 7 6 6 12 6 11 8 7 5 7 7 11 8 9 9 8 9 5 4 12 9 9 7 8 14 11 5 10 7 10 7 7 12 4 8 12 9 14 15 14 7 11 7 7 9 8 9 8 4 13 5 13 9 6 7 7 7 6 9 5 11 12 3 10 10 11 13 9 8 6 10 5 7 13 9 10 8 13 9 5 10 9 11 11 5 5 6 15 13 11 10 11 5 14 11 9 11 12 7 9 11 6 7 10 6 6 14 9 14 13 7 11 13 10 7 
10 4 9 8 9 5 10 8 10 7 8 8 8 8 8 9 10 7 8 5 4 6 8 5 8 8 8 5 8 8 7 6 7 5 7 7 11 11 12 12 12 9 9 6 8 6 1 10 5 8 4 7 10 6 4 9 5 6 9 10 12 8 9 9 11 8 11 9 10 14 9 9 9 4 8 11 6 6 8 8 12 11 7 6 9 9 9 7 9 12 9 6 8 9 2 15 14 7 10 5 13 9 10 5 1 5 7 6 7 8 8 13 8 9 8 6 8 9 3 8 9 7 7 4 5 5 5 7 4 4 5 4 13 4 11 11 11 10 8 6 11 10 8 9 8 12 9 12 11 9 10 8 7 8 3 5 3 9 9 8 10 7 8 10 10 6 7 2 8 10 5 7 5 10 7 9 13 9 8 12 6 5 9 6 3 8 9 9 7 4 9 11 6 11 8 11 6 8 8 6 
11 8 8 4 11 9 9 7 7 3 7 9 6 8 10 8 9 3 9 4 9 6 6 9 11 8 7 15 10 5 14 9 5 5 11 5 7 5 12 14 13 9 6 14 5 10 9 5 7 4 6 6 8 8 14 7 10 5 3 9 7 7 6 16 11 12 9 8 4 10 6 9 7 7 8 8 11 6 7 13 10 12 9 9 6 13 10 10 14 10 9 5 5 6 7 11 7 12 2 12 9 6 12 10 13 7 6 11 7 10 12 3 5 3 11 12 8 6 7 10 7 7 5 9 6 7 1 6 4 6 10 7 6 12 6 5 8 8 5 8 6 9 12 7 7 7 10 10 4 6 9 11 11 10 7 8 9 8 10 15 4 5 12 9 1 6 7 8 6 11 7 10 9 9 9 1 8 10 10 8 10 11 10 3 11 10 7 5 8 6 9 6 8 9 13 4 3 8 7 3 
4 3 3 4 3 4 4 5 5 2 3 6 4 4 2 6 5 4 3 2 1 3 3 3 5 4 4 4 2 3 4 3 5 4 2 3 2 2 4 2 6 4 5 4 4 5 4 4 2 4 3 3 5 7 4 3 3 4 6 3 6 6 4 4 5 3 3 4 4 1 3 4 3 3 4 5 3 5 3 2 3 3 3 4 5 4 4 1 5 4 2 4 3 2 8 4 5 6 5 5 5 3 6 5 3 5 5 5 7 2 4 2 5 4 3 4 3 5 2 5 2 2 2 3 3 2 8 6 4 5 6 4 5 5 5 4 4 4 4 4 4 2 3 4 6 4 2 5 3 6 5 4 3 4 4 5 4 5 5 6 2 5 4 5 3 5 6 3 3 2 5 5 5 5 5 4 6 0 6 5 3 5 4 5 4 3 4 3 6 5 3 5 3 5 5 4 5 7 3 7 
6 3 15 13 10 12 9 3 11 4 9 4 8 13 10 8 10 13 6 11 9 10 7 9 13 5 10 13 13 11 10 12 6 6 9 8 13 7 8 11 10 9 10 8 10 11 9 10 14 8 11 5 11 9 12 11 11 11 10 13 15 12 11 7 14 9 5 6 9 13 13 14 11 12 9 10 7 9 10 12 4 8 10 8 6 4 11 6 4 12 7 12 11 8 13 12 14 11 9 11 8 7 8 11 4 9 8 9 6 8 8 11 10 10 7 10 9 14 9 4 8 9 7 9 5 9 14 16 8 7 3 7 13 11 7 7 8 7 10 16 7 10 12 7 9 6 15 9 8 8 3 13 10 12 7 14 8 15 12 15 7 9 11 7 9 15 12 16 11 10 4 6 12 12 8 7 7 8 8 12 5 6 7 5 12 5 8 6 13 6 10 14 6 6 6 9 10 9 13 8 
14 7 5 3 10 9 13 7 10 10 12 13 13 13 16 3 4 11 11 12 13 8 12 15 12 8 13 10 10 11 13 11 8 7 17 11 9 1 7 9 14 10 11 3 9 15 6 15 11 11 6 10 8 14 5 11 13 17 11 8 10 9 14 7 9 11 12 9 12 11 9 19 8 10 11 13 9 13 5 15 14 12 10 12 12 7 4 16 7 10 9 12 13 13 6 6 7 9 8 6 10 14 6 13 8 12 11 10 5 13 12 9 12 11 12 11 10 20 7 14 14 5 10 16 6 12 10 10 17 13 13 10 4 8 9 9 13 8 7 8 7 7 9 14 2 9 12 15 9 18 16 9 14 8 10 6 11 8 5 6 11 9 13 7 6 10 12 14 10 17 9 5 11 7 4 7 10 9 7 3 15 12 11 8 11 13 8 10 8 15 13 10 14 15 7 7 14 13 4 11 
3 4 4 5 3 4 2 4 4 3 3 3 4 4 3 5 2 3 3 4 2 4 2 2 6 3 6 4 4 3 6 4 4 2 6 0 6 4 4 4 5 4 6 2 4 3 3 4 4 1 4 5 5 4 3 6 4 4 4 5 5 4 4 3 5 4 4 3 4 1 4 4 6 4 6 3 3 3 4 6 5 4 4 2 6 6 3 3 6 8 6 3 2 4 5 6 5 4 5 4 6 3 3 1 4 5 5 3 5 3 6 4 3 6 5 7 3 3 3 5 6 1 5 6 2 4 3 3 4 4 5 5 4 5 3 2 4 3 4 2 2 5 4 5 5 4 4 3 2 4 3 7 1 2 2 4 3 3 3 5 6 6 5 6 7 3 4 6 6 4 6 5 5 4 4 3 5 3 5 5 3 3 3 2 5 5 5 5 3 4 4 5 7 6 8 3 2 3 3 2 
4 4 4 1 4 5 4 4 6 3 2 5 3 8 4 3 4 5 3 4 4 6 4 3 4 4 2 7 2 3 4 5 2 6 3 4 3 5 3 4 5 5 6 6 5 4 3 3 5 5 5 5 3 5 4 5 4 4 2 2 6 4 5 3 3 3 6 5 7 3 4 3 4 6 4 4 3 6 5 4 3 4 3 7 5 5 7 5 4 4 1 2 4 3 4 6 5 4 4 6 3 4 5 5 6 6 5 5 4 4 3 2 4 5 4 8 3 5 3 6 3 4 1 3 4 5 2 3 4 2 3 4 2 2 5 7 5 5 2 2 5 3 6 4 3 3 4 4 5 7 8 2 4 4 5 5 5 3 0 5 5 5 5 4 5 3 6 4 4 4 4 5 5 4 3 2 4 5 3 4 2 5 5 3 6 5 4 3 8 6 5 5 4 5 2 4 0 6 5 6 
8 6 9 5 6 10 7 7 9 9 10 8 5 13 5 7 1 9 10 8 9 10 4 13 7 5 7 6 7 8 9 7 9 8 7 11 12 8 6 9 4 3 8 9 7 9 13 10 8 8 10 12 14 6 5 5 7 9 8 12 5 7 3 7 5 10 10 10 8 8 4 9 10 7 13 4 10 6 13 7 8 10 5 8 6 6 10 6 12 11 11 9 11 6 8 4 8 6 7 10 5 16 7 5 4 6 5 8 8 7 6 10 10 7 7 5 7 10 9 7 10 7 8 4 7 7 7 7 8 6 7 8 9 10 2 11 10 10 12 7 9 13 10 10 11 12 9 6 9 15 8 4 9 14 6 8 10 11 11 3 9 6 8 7 9 7 10 8 11 3 10 7 10 10 6 4 6 10 4 9 6 8 10 9 6 7 5 7 6 8 8 9 11 10 9 9 9 6 2 5 
12 7 12 8 10 5 8 7 9 15 5 14 4 13 8 9 12 11 15 11 8 6 8 11 12 9 8 8 12 9 9 9 14 14 8 7 7 8 11 7 13 6 6 13 12 9 9 11 8 4 15 3 12 9 12 11 6 11 12 7 10 4 10 4 9 5 6 5 11 5 11 11 9 6 8 12 12 9 9 5 7 8 14 10 5 8 9 12 13 13 8 10 5 9 7 9 12 12 11 7 9 11 11 4 6 6 16 5 8 6 14 8 3 8 12 5 7 9 12 9 9 6 8 7 8 12 14 7 11 11 8 12 3 9 6 7 13 16 12 8 13 11 11 6 14 9 6 11 12 6 14 11 5 7 12 13 9 9 10 14 5 10 9 8 9 9 13 9 13 14 3 13 6 8 8 6 9 9 4 13 11 9 10 8 9 11 9 8 7 5 13 7 12 8 8 9 10 9 7 9 
7 8 8 4 9 7 5 6 5 3 5 7 5 5 5 8 6 4 6 10 7 7 5 4 6 6 8 7 5 4 6 3 7 8 7 10 9 7 8 9 3 5 5 6 8 5 6 5 5 7 5 5 5 7 5 3 6 2 8 6 7 5 9 5 6 6 4 5 8 7 8 4 0 4 6 6 11 4 7 9 8 8 8 4 6 8 7 4 3 5 5 6 5 7 5 9 6 8 7 5 7 6 5 5 5 4 2 4 4 6 4 5 5 8 0 5 5 5 6 5 3 5 6 8 6 6 5 6 8 3 5 6 5 8 8 5 6 8 6 6 5 9 5 4 7 6 5 6 5 4 7 5 8 5 4 2 7 8 5 2 7 8 9 6 5 6 8 4 6 4 3 6 2 9 7 6 4 5 10 5 6 6 8 9 7 6 6 4 5 4 8 5 6 6 5 4 4 5 2 5 
1 5 2 4 4 3 5 4 5 2 2 4 3 2 3 0 5 4 3 3 3 3 4 3 3 2 5 2 4 4 2 3 4 2 2 2 3 5 4 4 3 3 3 4 3 3 4 3 2 2 3 2 2 3 2 2 4 2 2 1 3 3 3 4 2 4 2 4 3 2 3 3 4 4 3 1 4 3 2 3 2 4 4 3 3 3 4 3 5 4 1 3 3 3 2 1 4 4 2 2 3 3 4 2 2 4 3 2 3 2 2 4 5 4 3 1 4 3 1 4 4 3 3 1 3 2 3 4 3 1 3 3 2 3 3 3 3 4 4 4 3 3 3 3 4 5 4 2 3 3 4 5 1 3 3 3 4 5 3 3 4 4 3 1 3 3 2 4 3 5 4 3 1 4 6 4 4 2 4 2 2 3 3 0 3 2 2 3 2 4 3 3 2 4 4 2 1 2 1 2 
7 11 9 8 3 6 6 7 5 7 9 8 10 9 7 6 6 5 9 7 8 9 9 2 2 11 7 10 6 9 4 7 5 9 4 8 9 8 5 6 8 5 6 4 11 5 10 4 8 5 8 5 4 10 4 1 2 6 8 9 7 4 6 10 11 3 7 8 7 10 10 8 6 7 8 6 6 5 7 9 7 8 6 4 10 3 9 5 7 7 5 5 8 6 8 9 8 7 7 5 8 7 11 9 6 7 10 6 7 5 10 3 9 3 10 5 6 8 8 8 8 9 6 6 8 6 8 6 9 7 6 8 3 9 3 9 11 11 10 10 9 4 7 5 6 7 11 5 6 4 6 4 5 2 10 6 8 7 6 8 11 12 9 3 8 11 7 4 9 8 6 8 5 7 7 7 6 11 6 3 8 8 7 8 6 6 7 10 8 1 9 8 6 6 3 11 7 10 10 7 
12 7 9 10 7 11 8 11 11 15 10 4 7 10 12 10 10 13 9 7 10 5 13 11 8 8 8 11 9 11 9 5 6 7 6 9 12 8 10 8 7 12 12 9 5 7 11 12 11 6 9 6 6 12 8 9 5 9 10 9 9 8 8 7 13 11 5 12 9 14 10 13 13 12 10 7 9 6 10 9 10 10 12 7 9 7 11 3 5 11 12 11 15 5 9 12 10 11 10 5 7 6 6 6 6 7 10 6 13 12 9 14 8 9 9 1 10 13 5 9 6 8 5 9 8 10 14 14 9 9 6 6 6 6 10 13 10 11 10 8 5 4 10 14 8 10 4 4 4 9 10 9 4 10 12 9 5 10 10 12 6 8 6 6 5 6 10 14 6 12 9 4 9 7 8 7 10 11 8 8 10 9 10 7 10 6 8 3 8 4 9 6 13 7 10 9 13 12 6 11 
10 6 8 7 4 8 12 7 8 6 9 8 11 7 14 13 7 9 9 15 7 11 14 10 9 4 9 9 9 8 6 11 13 10 9 15 5 14 10 11 13 13 4 13 12 4 8 12 13 7 10 12 3 13 9 9 6 7 10 12 11 8 8 7 7 11 11 4 8 9 10 11 11 9 9 14 12 8 7 5 7 6 10 0 12 13 10 13 9 7 6 12 14 6 9 8 10 6 7 11 14 6 8 13 8 9 12 17 9 8 10 6 9 7 9 5 7 11 4 6 9 14 11 12 11 5 3 9 12 14 12 8 9 15 13 10 2 8 10 10 9 7 8 12 17 7 11 9 7 11 11 12 9 11 12 9 6 9 15 11 16 11 15 10 14 11 9 10 8 20 9 10 8 12 10 12 5 7 9 7 9 10 11 9 8 10 10 7 3 8 11 12 13 6 10 11 5 12 6 10 
8 14 8 8 10 8 11 15 10 14 20 12 13 3 13 14 11 10 0 9 11 13 13 11 11 12 13 11 19 10 9 15 14 7 7 5 12 9 10 8 10 11 13 13 10 6 5 1 8 8 10 12 11 9 13 7 13 6 13 10 11 7 9 11 10 11 10 7 10 11 11 11 12 4 8 13 6 8 5 10 10 5 7 9 12 8 6 10 12 13 8 5 11 11 11 15 9 2 9 13 14 6 7 9 8 6 9 8 13 12 9 10 16 10 3 13 9 10 11 11 7 7 14 10 8 9 11 6 15 10 15 9 11 12 8 12 11 13 4 10 12 8 2 11 14 12 15 8 14 5 10 12 14 11 14 8 13 10 9 13 7 13 8 12 12 13 9 8 7 5 12 8 9 7 15 4 13 8 12 9 7 12 12 10 9 11 12 5 12 8 10 11 17 5 6 13 10 6 13 14 
DEPOT_SECTION
 1
 -1
EOF
