NAME  : Jabali_40_4_0.82_1_0
TYPE : SVRP
MODEL : FINITE_SUPPORT
NUMBER_OF_SCENARIOS : 200
DIMENSION : 40
EDGE_WEIGHT_TYPE : MATRIX
CAPACITY : 63
N_VEHICLES : 4
NODE_COORD_SECTION
1 3275 3478
2 336 3028
3 2497 663
4 7088 4468
5 2153 7618
6 5440 2654
7 4666 7290
8 6431 3778
9 4511 1045
10 751 2096
11 4666 875
12 4474 4562
13 4031 18
14 6399 4339
15 5348 7396
16 764 3375
17 6714 3959
18 538 4682
19 1712 3680
20 362 3440
21 5900 4119
22 3769 2175
23 27 3535
24 7000 1574
25 340 571
26 3650 5252
27 6851 6852
28 2360 6197
29 110 2809
30 3213 750
31 3993 5354
32 6715 6298
33 2508 1998
34 6196 4805
35 5714 3597
36 3492 3300
37 4675 1017
38 1835 5397
39 1245 1535
40 2788 1925
DEMAND_SECTION
1 0.0
2 7.0
3 6.0
4 8.0
5 3.0
6 9.0
7 5.0
8 1.0
9 6.0
10 10.0
11 4.0
12 8.0
13 4.0
14 6.0
15 3.0
16 6.0
17 1.0
18 6.0
19 6.0
20 6.0
21 6.0
22 6.0
23 2.0
24 4.0
25 7.0
26 1.0
27 5.0
28 4.0
29 8.0
30 10.0
31 6.0
32 1.0
33 4.0
34 3.0
35 6.0
36 7.0
37 1.0
38 9.0
39 9.0
40 5.0
DEVIATION_SECTION
1 0.0
2 2.33333
3 2.0
4 2.66667
5 1.0
6 3.0
7 1.66667
8 0.333333
9 2.0
10 3.33333
11 1.33333
12 2.66667
13 1.33333
14 2.0
15 1.0
16 2.0
17 0.333333
18 2.0
19 2.0
20 2.0
21 2.0
22 2.0
23 0.666667
24 1.33333
25 2.33333
26 0.333333
27 1.66667
28 1.33333
29 2.66667
30 3.33333
31 2.0
32 0.333333
33 1.33333
34 1.0
35 2.0
36 2.33333
37 0.333333
38 3.0
39 3.0
40 1.66667
DISTANCE_MATRIX
0.0 43.4166 41.3718 49.7641 62.3233 29.4279 59.9558 38.9585 36.9209 40.3 38.747 31.993 51.9529 45.2217 67.1804 38.0132 42.2571 44.9444 25.318 43.0116 42.5793 25.3305 47.0 55.2665 56.0258 29.7865 69.7909 42.7865 45.8912 38.284 32.4968 62.8354 24.806 51.1566 31.3847 3.16228 37.755 36.7967 38.0872 23.9233 
43.4166 0.0 40.8174 91.4976 65.8027 72.0069 79.3977 81.2019 64.2012 13.8924 64.0354 59.5063 63.0783 88.295 87.0 7.07107 83.9222 22.0227 20.5913 5.0 85.9884 47.0425 7.2111 94.541 33.3766 53.6004 101.472 50.1199 3.60555 48.7139 57.4282 95.9897 34.176 94.5304 74.2159 44.1022 63.6272 37.5899 23.4307 36.6879 
41.3718 40.8174 0.0 76.3806 93.1874 46.3249 92.4972 65.8631 28.2843 28.6356 27.074 60.5368 22.3607 68.884 99.7218 41.0498 69.4424 57.9003 42.4382 44.1753 63.8201 26.1314 47.7361 60.407 29.4109 62.3279 98.5889 73.5549 40.8167 9.0 65.0382 91.6335 22.6569 69.8355 57.3149 41.6468 27.1662 65.0398 18.9737 19.926 
49.7641 91.4976 76.3806 0.0 74.2733 33.1059 44.6878 10.8167 56.7979 90.0098 59.0339 32.5597 72.8972 11.0 41.2311 85.0706 7.61577 85.5049 71.1688 89.8443 18.0278 51.7825 93.4077 48.5077 104.126 43.0116 29.4279 63.3482 94.5452 70.4344 39.0512 22.8035 69.6653 22.4722 19.105 50.4777 58.1378 68.0294 87.8122 66.5661 
62.3233 65.8027 93.1874 74.2733 0.0 81.6186 33.1361 70.2259 98.909 75.9539 100.735 52.4376 103.768 80.5037 41.0 59.6657 70.3658 44.7772 53.0094 61.0328 84.038 87.3186 61.4654 109.172 97.0155 39.2046 62.0725 19.6469 69.2604 90.6313 41.0366 61.8142 76.1183 92.7259 73.5696 65.3437 99.7431 30.0167 81.0987 75.71 
29.4279 72.0069 46.3249 33.1059 81.6186 0.0 64.4537 24.5153 23.7065 66.2873 25.9422 30.0 39.8246 23.6008 63.7064 67.1198 27.8927 74.0405 54.7449 72.1122 17.6918 25.1794 76.1643 27.6586 75.1332 42.4807 59.6825 64.6668 74.108 39.0512 41.7967 52.6118 42.0595 23.7697 17.0 28.0713 25.0599 64.1337 60.4911 38.8973 
59.9558 79.3977 92.4972 44.6878 33.1361 64.4537 0.0 43.0116 89.7256 84.9058 91.7113 43.9423 104.275 52.4976 8.544 72.3464 41.8688 63.6003 60.4649 75.6902 57.4282 78.8233 77.7946 87.5251 104.288 31.2931 29.0 32.249 82.9759 89.4094 31.9117 28.8617 75.9314 65.2993 47.485 62.9763 90.7113 43.4166 86.4862 75.0487 
38.9585 81.2019 65.8631 10.8167 70.2259 24.5153 43.0116 0.0 47.7598 79.2042 49.98 23.0 63.6946 10.2956 41.6293 74.7749 3.60555 76.0592 60.8834 79.565 14.4222 41.2498 83.1986 44.9444 94.9453 34.9925 35.2278 56.357 84.2495 60.2163 31.2235 28.1603 59.1326 22.6716 8.60233 39.6611 49.0408 59.5775 77.0066 56.0334 
36.9209 64.2012 28.2843 56.7979 98.909 23.7065 89.7256 47.7598 0.0 54.5894 2.23607 46.6762 16.1245 47.1699 85.7185 61.327 51.264 73.2393 52.4309 65.9242 40.8044 22.8035 70.0071 32.1403 57.4891 59.744 82.4621 78.4436 65.3371 19.4165 59.0871 75.4321 30.245 44.5982 39.5601 46.6543 1.41421 70.0473 46.0435 27.5136 
40.3 13.8924 28.6356 90.0098 75.9539 66.2873 84.9058 79.2042 54.5894 0.0 53.9351 60.2145 50.9902 85.5029 92.1318 17.1172 82.5028 34.5254 24.5967 18.3848 82.0062 41.2311 21.095 86.1551 21.095 56.8507 103.455 58.5235 12.7279 37.0 60.208 98.0531 25.0 89.7385 71.6841 40.575 53.7587 46.3249 10.0 28.0179 
38.747 64.0354 27.074 59.0339 100.735 25.9422 91.7113 49.98 2.23607 53.9351 0.0 48.6619 13.8924 49.3964 87.8836 61.2699 53.4883 73.6003 52.8015 65.801 43.0116 23.8537 69.8705 33.3766 56.0892 61.5701 84.6463 80.2697 65.1713 18.1108 60.9132 77.6209 30.0792 46.6905 41.7612 47.1701 1.0 70.5631 45.1774 27.3484 
31.993 59.5063 60.5368 32.5597 52.4376 30.0 43.9423 23.0 46.6762 60.2145 48.6619 0.0 61.2251 32.3883 51.1669 52.9245 25.1794 53.0848 39.0 57.5847 33.2415 35.7739 61.0328 57.3149 77.7529 13.2726 54.5025 35.6336 62.6099 55.0202 12.6158 49.0163 47.9686 42.72 19.3132 31.6619 47.6619 36.8782 59.8143 47.0859 
51.9529 63.0783 22.3607 72.8972 103.768 39.8246 104.275 63.6946 16.1245 50.9902 13.8924 61.2251 0.0 63.2851 103.28 63.3106 67.2309 77.3375 56.7137 66.4362 56.8595 32.5576 69.9969 43.4626 48.0104 73.6048 98.0816 84.136 63.1348 14.8661 72.948 91.0934 33.2422 60.1415 55.3624 52.2279 14.7648 75.6209 41.2311 30.5113 
45.2217 88.295 68.884 11.0 80.5037 23.6008 52.4976 10.2956 47.1699 85.5029 49.3964 32.3883 63.2851 0.0 50.2494 82.3781 10.6301 85.0235 68.773 87.304 7.07107 44.9024 91.1061 37.6563 96.9857 45.4689 40.3113 66.6488 90.956 62.2254 41.5153 33.541 62.7852 12.8062 14.1421 45.31 48.5489 69.2315 82.2373 59.686 
67.1804 87.0 99.7218 41.2311 41.0 63.7064 8.544 41.6293 85.7185 92.1318 87.8836 51.1669 103.28 50.2494 0.0 79.9312 39.8246 71.8471 67.7277 83.4506 55.9017 77.8293 85.703 86.539 111.512 38.5176 21.2132 40.7063 90.5539 97.0756 39.1363 22.3607 83.156 62.9682 46.7377 70.2009 86.9074 51.614 93.7107 82.2733 
38.0132 7.07107 41.0498 85.0706 59.6657 67.1198 72.3464 74.7749 61.327 17.1172 61.2699 52.9245 63.3106 82.3781 79.9312 0.0 77.4951 17.4642 13.9284 5.0 80.399 42.5793 9.05539 90.7083 38.0 46.6154 94.5743 43.382 10.6301 48.9463 50.4777 89.0922 31.9061 89.1403 68.271 39.0512 60.8358 30.8707 25.0799 34.0 
42.2571 83.9222 69.4424 7.61577 70.3658 27.8927 41.8688 3.60555 51.264 82.5028 53.4883 25.1794 67.2309 10.6301 39.8246 77.4951 0.0 78.2304 63.6003 82.28 16.1555 44.8291 85.8662 47.1275 98.2439 36.2215 32.0624 57.28 86.9697 63.8201 32.3883 25.02 62.7119 23.4307 12.2066 43.0116 52.5547 61.2046 80.3053 59.6126 
44.9444 22.0227 57.9003 85.5049 44.7772 74.0405 63.6003 76.0592 73.2393 34.5254 73.6003 53.0848 77.3375 85.0235 71.8471 17.4642 78.2304 0.0 20.8087 17.0294 84.4808 52.2961 16.7631 100.171 55.1453 43.1741 88.5848 31.8277 25.1794 64.1961 47.2969 85.243 46.0109 93.7795 71.1126 47.0106 73.0068 20.2485 42.3792 47.3814 
25.318 20.5913 42.4382 71.1688 53.0094 54.7449 60.4649 60.8834 52.4309 24.5967 52.8015 39.0 56.7137 68.773 67.7277 13.9284 63.6003 20.8087 0.0 18.6815 67.0671 31.5602 22.3607 79.9365 44.9222 33.3017 80.9427 34.5254 23.8537 43.5723 37.0135 75.4606 26.0768 76.0 54.6659 26.9258 52.2015 23.0 28.1603 27.0185 
43.0116 5.0 44.1753 89.8443 61.0328 72.1122 75.6902 79.565 65.9242 18.3848 65.801 57.5847 66.4362 87.304 83.4506 5.0 82.28 17.0294 18.6815 0.0 85.3756 47.5184 4.12311 95.5667 38.3275 50.774 98.8762 45.793 8.24621 52.0718 54.7083 93.3941 36.2353 94.1329 73.1969 44.0454 65.3911 33.2866 27.4591 38.4838 
42.5793 85.9884 63.8201 18.0278 84.038 17.6918 57.4282 14.4222 40.8044 82.0062 43.0116 33.2415 56.8595 7.07107 55.9017 80.399 16.1555 84.4808 67.0671 85.3756 0.0 40.8534 89.2749 31.0483 92.2902 46.5103 47.1699 68.8712 88.459 56.7274 45.8534 40.3113 58.6003 9.48683 13.9284 42.2019 42.2019 69.9214 78.1884 55.4617 
25.3305 47.0425 26.1314 51.7825 87.3186 25.1794 78.8233 41.2498 22.8035 41.2311 23.8537 35.7739 32.5576 44.9024 77.8293 42.5793 44.8291 52.2961 31.5602 47.5184 40.8534 0.0 51.6236 48.3839 53.7125 48.1536 73.8261 57.5137 49.0102 22.561 47.4968 66.8706 18.0278 48.5077 32.702 25.6056 23.0217 48.9986 37.3383 15.0 
47.0 7.2111 47.7361 93.4077 61.4654 76.1643 77.7946 83.1986 70.0071 21.095 69.8705 61.0328 69.9969 91.1061 85.703 9.05539 85.8662 16.7631 22.3607 4.12311 89.2749 51.6236 0.0 99.6895 40.025 53.7122 101.492 47.2017 9.21954 55.6326 57.7062 96.4278 40.2492 98.0816 76.999 48.0937 69.4622 34.8281 30.6105 42.5441 
55.2665 94.541 60.407 48.5077 109.172 27.6586 87.5251 44.9444 32.1403 86.1551 33.3766 57.3149 43.4626 37.6563 86.539 90.7083 47.1275 100.171 79.9365 95.5667 31.0483 48.3839 99.6895 0.0 89.4427 70.0075 77.9295 92.1951 96.026 51.4782 69.3506 71.1969 61.2046 27.0185 40.8167 53.7447 33.2415 90.824 78.0064 58.3095 
56.0258 33.3766 29.4109 104.126 97.0155 75.1332 104.288 94.9453 57.4891 21.095 56.0892 77.7529 48.0104 96.9857 111.512 38.0 98.2439 55.1453 44.9222 38.3275 92.2902 53.7125 40.025 89.4427 0.0 75.2928 121.078 79.3095 30.8058 38.0789 78.2304 115.592 50.2379 98.8433 85.0459 56.3009 56.2939 67.2681 18.0278 47.5071 
29.7865 53.6004 62.3279 43.0116 39.2046 42.4807 31.2931 34.9925 59.744 56.8507 61.5701 13.2726 73.6048 45.4689 38.5176 46.6154 36.2215 43.1741 33.3017 50.774 46.5103 48.1536 53.7122 70.0075 75.2928 0.0 48.2493 22.4722 57.0088 59.2401 4.12311 42.7672 45.7621 55.9858 32.5827 32.807 60.5781 25.02 57.3062 44.8794 
69.7909 101.472 98.5889 29.4279 62.0725 59.6825 29.0 35.2278 82.4621 103.455 84.6463 54.5025 98.0816 40.3113 21.2132 94.5743 32.0624 88.5848 80.9427 98.8762 47.1699 73.8261 101.492 77.9295 121.078 48.2493 0.0 59.203 104.793 93.0724 44.2078 7.07107 91.2934 51.6624 42.9535 70.5555 83.678 68.542 103.139 90.4107 
42.7865 50.1199 73.5549 63.3482 19.6469 64.6668 32.249 56.357 78.4436 58.5235 80.2697 35.6336 84.136 66.6488 40.7063 43.382 57.28 31.8277 34.5254 45.793 68.8712 57.5137 47.2017 92.1951 79.3095 22.4722 59.203 0.0 53.7122 70.9988 25.4951 56.7186 56.5685 78.3468 54.9437 45.8069 79.2777 12.53 62.6498 56.0892 
45.8912 3.60555 40.8167 94.5452 69.2604 74.108 82.9759 84.2495 65.3371 12.7279 65.1713 62.6099 63.1348 90.956 90.5539 10.6301 86.9697 25.1794 23.8537 8.24621 88.459 49.0102 9.21954 96.026 30.8058 57.0088 104.793 53.7122 0.0 48.7839 60.803 99.3104 35.171 96.8777 76.922 46.4007 64.763 41.1825 22.6716 37.855 
38.284 48.7139 9.0 70.4344 90.6313 39.0512 89.4094 60.2163 19.4165 37.0 18.1108 55.0202 14.8661 62.2254 97.0756 48.9463 63.8201 64.1961 43.5723 52.0718 56.7274 22.561 55.6326 51.4782 38.0789 59.2401 93.0724 70.9988 48.7839 0.0 61.9503 86.117 20.1007 62.1289 51.614 38.559 18.2483 62.4837 27.6586 17.3699 
32.4968 57.4282 65.0382 39.0512 41.0366 41.7967 31.9117 31.2235 59.0871 60.208 60.9132 12.6158 72.948 41.5153 39.1363 50.4777 32.3883 47.2969 37.0135 54.7083 45.8534 47.4968 57.7062 69.3506 78.2304 4.12311 44.2078 25.4951 60.803 61.9503 0.0 38.7257 48.4724 55.3289 31.9258 35.5172 59.9213 29.0 60.3033 47.5896 
62.8354 95.9897 91.6335 22.8035 61.8142 52.6118 28.8617 28.1603 75.4321 98.0531 77.6209 49.0163 91.0934 33.541 22.3607 89.0922 25.02 85.243 75.4606 93.3941 40.3113 66.8706 96.4278 71.1969 115.592 42.7672 7.07107 56.7186 99.3104 86.117 38.7257 0.0 85.8072 45.2217 35.9026 63.6 76.6551 65.2198 97.6529 84.9245 
24.806 34.176 22.6569 69.6653 76.1183 42.0595 75.9314 59.1326 30.245 25.0 30.0792 47.9686 33.2422 62.7852 83.156 31.9061 62.7119 46.0109 26.0768 36.2353 58.6003 18.0278 40.2492 61.2046 50.2379 45.7621 91.2934 56.5685 35.171 20.1007 48.4724 85.8072 0.0 65.7875 50.5848 25.081 29.6709 47.1275 20.4185 3.16228 
51.1566 94.5304 69.8355 22.4722 92.7259 23.7697 65.2993 22.6716 44.5982 89.7385 46.6905 42.72 60.1415 12.8062 62.9682 89.1403 23.4307 93.7795 76.0 94.1329 9.48683 48.5077 98.0816 27.0185 98.8433 55.9858 51.6624 78.3468 96.8777 62.1289 55.3289 45.2217 65.7875 0.0 23.4094 50.4876 46.0109 79.404 85.7468 62.6259 
31.3847 74.2159 57.3149 19.105 73.5696 17.0 47.485 8.60233 39.5601 71.6841 41.7612 19.3132 55.3624 14.1421 46.7377 68.271 12.2066 71.1126 54.6659 73.1969 13.9284 32.702 76.999 40.8167 85.0459 32.5827 42.9535 54.9437 76.922 51.614 31.9258 35.9026 50.5848 23.4094 0.0 31.7648 40.8044 56.0446 69.4714 47.4856 
3.16228 44.1022 41.6468 50.4777 65.3437 28.0713 62.9763 39.6611 46.6543 40.575 47.1701 31.6619 52.2279 45.31 70.2009 39.0512 43.0116 47.0106 26.9258 44.0454 42.2019 25.6056 48.0937 53.7447 56.3009 32.807 70.5555 45.8069 46.4007 38.559 35.5172 63.6 25.081 50.4876 31.7648 0.0 46.5137 39.6989 38.3622 24.1983 
37.755 63.6272 27.1662 58.1378 99.7431 25.0599 90.7113 49.0408 1.41421 53.7587 1.0 47.6619 14.7648 48.5489 86.9074 60.8358 52.5547 73.0068 52.2015 65.3911 42.2019 23.0217 69.4622 33.2415 56.2939 60.5781 83.678 79.2777 64.763 18.2483 59.9213 76.6551 29.6709 46.0109 40.8044 46.5137 0.0 69.9066 45.0999 26.9401 
36.7967 37.5899 65.0398 68.0294 30.0167 64.1337 43.4166 59.5775 70.0473 46.3249 70.5631 36.8782 75.6209 69.2315 51.614 30.8707 61.2046 20.2485 23.0 33.2866 69.9214 48.9986 34.8281 90.824 67.2681 25.02 68.542 12.53 41.1825 62.4837 29.0 65.2198 47.1275 79.404 56.0446 39.6989 69.9066 0.0 51.0882 47.1699 
38.0872 23.4307 18.9737 87.8122 81.0987 60.4911 86.4862 77.0066 46.0435 10.0 45.1774 59.8143 41.2311 82.2373 93.7107 25.0799 80.3053 42.3792 28.1603 27.4591 78.1884 37.3383 30.6105 78.0064 18.0278 57.3062 103.139 62.6498 22.6716 27.6586 60.3033 97.6529 20.4185 85.7468 69.4714 38.3622 45.0999 51.0882 0.0 23.4959 
23.9233 36.6879 19.926 66.5661 75.71 38.8973 75.0487 56.0334 27.5136 28.0179 27.3484 47.0859 30.5113 59.686 82.2733 34.0 59.6126 47.3814 27.0185 38.4838 55.4617 15.0 42.5441 58.3095 47.5071 44.8794 90.4107 56.0892 37.855 17.3699 47.5896 84.9245 3.16228 62.6259 47.4856 24.1983 26.9401 47.1699 23.4959 0.0 
DEMAND_SCENARIO_SECTION
0 0 0 0 0 0 0 0 0 0 0 0 0 0 0 0 0 0 0 0 0 0 0 0 0 0 0 0 0 0 0 0 0 0 0 0 0 0 0 0 0 0 0 0 0 0 0 0 0 0 0 0 0 0 0 0 0 0 0 0 0 0 0 0 0 0 0 0 0 0 0 0 0 0 0 0 0 0 0 0 0 0 0 0 0 0 0 0 0 0 0 0 0 0 0 0 0 0 0 0 0 0 0 0 0 0 0 0 0 0 0 0 0 0 0 0 0 0 0 0 0 0 0 0 0 0 0 0 0 0 0 0 0 0 0 0 0 0 0 0 0 0 0 0 0 0 0 0 0 0 0 0 0 0 0 0 0 0 0 0 0 0 0 0 0 0 0 0 0 0 0 0 0 0 0 0 0 0 0 0 0 0 0 0 0 0 0 0 0 0 0 0 0 0 0 0 0 0 0 0 
5 7 11 8 9 11 8 6 0 11 8 7 4 6 6 4 6 6 5 5 12 9 5 5 9 9 7 9 9 4 5 5 8 10 4 5 9 9 8 8 9 3 8 6 8 6 7 9 6 9 7 7 8 10 11 2 6 7 3 11 4 7 7 7 9 6 8 11 7 10 7 5 6 6 8 10 3 7 7 4 6 7 5 8 6 7 6 6 8 7 4 8 9 5 11 3 9 8 9 4 7 6 11 6 8 7 8 6 10 10 8 8 6 7 9 9 8 9 8 0 8 9 13 5 8 8 10 10 8 3 8 7 8 4 8 6 12 8 6 4 4 7 7 10 10 9 8 12 8 8 7 7 10 1 6 4 9 7 4 8 11 10 9 8 9 1 8 2 4 10 9 5 10 6 6 9 7 9 4 7 5 10 4 3 8 7 9 13 6 5 1 7 3 9 3 2 4 8 11 7 
7 5 7 7 7 4 8 7 7 5 6 5 7 5 8 9 8 5 8 4 5 7 6 2 6 9 5 8 3 4 9 2 3 2 4 4 4 4 4 2 5 4 6 6 4 5 7 5 10 9 7 6 5 4 8 4 5 7 5 9 7 7 6 6 5 8 7 6 2 6 5 8 5 5 4 9 8 10 5 4 4 9 8 5 5 4 6 4 8 7 4 4 7 3 8 7 5 11 4 7 8 5 5 3 9 7 4 6 6 8 8 5 6 7 7 5 6 6 6 6 8 6 7 4 1 5 7 6 7 5 7 9 6 3 4 4 8 4 5 4 6 7 8 6 6 5 5 7 9 5 7 9 8 6 8 7 4 7 5 7 3 7 5 1 4 6 9 6 8 8 8 6 5 8 5 4 11 4 5 9 4 3 7 6 3 9 8 4 7 5 7 6 4 5 9 7 6 1 5 10 
7 12 9 5 9 9 9 10 8 12 10 8 3 8 6 9 4 9 6 13 5 12 7 3 7 7 12 6 4 11 5 9 2 10 8 11 6 9 5 11 9 10 9 6 11 12 10 11 9 3 5 10 11 12 8 6 7 1 8 11 6 14 5 9 11 6 13 5 8 4 6 5 8 11 6 8 9 7 5 4 7 11 9 10 9 6 5 9 12 5 12 9 8 3 5 7 10 6 4 9 9 11 7 6 11 7 6 5 9 4 8 9 8 11 6 8 13 8 8 6 9 8 4 6 8 5 10 12 9 4 11 6 8 8 12 9 12 4 5 8 12 13 11 6 7 7 3 12 5 4 6 6 12 7 10 10 10 3 8 10 7 7 10 10 8 5 3 6 5 13 11 9 4 8 7 5 9 7 10 11 9 8 6 8 8 8 9 8 9 6 8 11 6 10 12 8 5 5 8 7 
3 4 4 3 2 3 3 4 3 4 4 4 2 2 4 2 5 3 4 2 2 3 4 2 4 3 0 2 2 2 2 1 1 2 3 2 4 4 6 4 2 2 2 3 4 4 2 2 3 2 3 1 3 4 2 3 2 4 3 3 3 2 4 4 4 3 2 5 4 5 3 3 5 3 3 4 1 2 4 2 4 3 5 4 3 2 1 3 3 2 2 2 3 1 3 0 3 3 3 3 5 6 4 2 1 2 2 3 3 3 3 3 3 3 2 2 3 3 3 1 4 5 3 4 2 4 4 4 2 2 3 3 3 4 2 3 4 4 3 2 2 3 3 4 4 5 4 3 2 2 2 4 4 2 3 2 2 1 4 3 2 5 3 4 4 3 2 3 3 3 4 4 2 3 2 3 4 4 4 2 4 4 4 3 3 3 3 3 4 3 3 4 4 3 3 3 2 4 4 4 
8 11 6 8 10 13 9 10 7 10 10 7 7 8 9 12 8 9 6 10 9 7 12 9 4 6 12 7 6 8 10 6 9 9 6 8 9 9 7 7 7 8 9 8 7 7 10 15 10 7 8 5 12 9 4 11 11 10 6 13 7 5 8 9 6 8 11 16 4 11 8 9 7 6 4 10 7 13 11 9 6 11 5 9 9 8 9 6 11 10 12 8 7 11 8 6 4 8 5 12 14 10 11 9 10 9 10 7 13 12 7 10 9 9 12 12 6 8 9 10 11 8 12 7 9 11 10 9 9 8 10 9 5 10 8 9 7 5 9 10 7 9 10 8 6 8 10 10 11 15 11 7 6 12 7 9 5 9 10 12 11 12 13 5 4 11 8 8 10 13 10 15 11 8 7 9 8 12 8 12 11 12 11 11 3 13 8 4 4 12 7 12 5 8 0 11 11 8 9 5 
3 7 6 4 7 7 5 7 4 5 5 4 7 3 8 6 7 4 1 8 5 4 5 7 5 5 5 6 5 6 4 3 4 4 6 6 7 6 5 6 5 7 6 7 8 4 4 6 7 4 3 0 3 6 7 5 5 5 3 3 7 4 3 3 5 5 2 5 4 6 5 7 4 0 3 6 4 8 4 3 9 3 4 7 7 8 6 8 3 3 5 4 8 6 6 8 8 8 4 4 5 6 7 5 5 4 5 4 4 5 5 6 7 5 5 7 6 5 4 4 5 7 7 7 6 6 8 7 5 5 3 3 5 5 4 5 7 4 4 4 5 5 6 5 5 3 4 6 5 6 7 6 2 4 4 4 5 4 5 6 3 5 7 3 6 5 3 4 8 4 5 5 7 5 5 3 4 5 5 8 3 4 3 4 5 5 5 5 4 5 6 3 3 3 3 5 4 4 3 5 
1 0 1 1 1 1 2 1 0 1 1 1 1 1 0 1 1 1 1 1 1 1 1 1 1 1 2 1 1 1 2 1 1 1 1 1 1 1 0 1 1 1 1 1 1 0 1 1 1 1 1 1 1 1 1 1 1 2 1 1 1 1 1 1 1 1 1 2 1 1 1 1 2 1 1 1 1 1 1 1 1 1 1 1 1 1 1 1 0 1 2 1 2 1 1 1 1 1 1 1 1 1 1 1 1 1 0 1 1 1 1 1 1 1 0 2 1 1 1 1 1 1 1 1 1 2 1 1 1 1 1 1 1 1 1 1 1 1 1 1 1 1 1 1 0 1 2 1 1 1 1 1 1 1 1 1 1 2 2 1 1 1 1 1 1 1 1 1 0 0 1 1 1 1 1 1 2 1 1 1 1 1 1 1 1 1 2 1 1 1 1 1 1 1 1 1 0 1 1 1 
3 8 7 4 6 6 8 7 4 8 6 5 9 6 6 0 7 9 5 8 4 4 7 6 5 5 6 5 4 5 7 10 7 5 7 7 2 4 8 5 4 6 7 5 7 5 9 8 5 4 10 4 3 7 7 9 7 7 5 8 3 1 1 4 8 3 7 9 4 4 5 8 7 9 3 7 3 7 7 9 0 7 8 6 10 4 8 4 6 7 6 5 5 6 6 5 4 5 5 6 9 5 6 6 7 7 5 7 8 6 5 7 4 8 8 2 5 9 3 3 2 6 7 8 6 5 0 8 5 3 8 6 8 6 4 6 10 7 5 8 7 7 5 6 8 9 6 6 6 6 9 8 8 10 8 8 6 8 8 6 2 5 8 5 4 4 6 3 7 6 4 7 8 1 7 6 7 6 10 5 4 8 3 10 5 5 8 10 9 9 4 8 10 7 6 9 5 5 4 3 
9 2 10 13 8 6 11 13 3 9 15 14 9 13 11 5 12 6 12 12 18 11 8 9 13 16 7 7 8 6 11 10 8 6 11 15 10 11 6 7 14 2 7 3 7 6 13 12 13 8 7 4 11 8 7 11 12 9 1 17 9 9 16 13 14 7 10 6 18 11 15 9 12 7 13 7 14 9 17 10 9 5 8 13 9 7 7 8 12 12 3 15 10 13 11 8 9 9 5 8 7 13 13 11 12 9 14 4 7 13 9 6 9 10 10 11 12 10 10 12 10 10 12 9 9 11 9 3 18 10 2 7 11 7 2 10 12 12 12 7 14 12 6 11 10 12 9 13 13 7 16 5 16 7 11 7 9 13 4 10 4 8 11 8 10 8 6 13 12 10 3 13 10 13 10 15 12 13 11 6 11 12 17 6 13 15 10 9 5 13 14 12 6 7 11 11 7 11 10 14 
3 0 2 3 3 5 5 5 4 3 4 3 3 4 2 3 6 7 5 4 5 3 3 5 5 4 4 3 3 2 2 5 4 3 4 5 3 2 4 5 5 6 4 3 3 3 6 5 5 3 4 4 2 6 5 1 3 4 3 3 5 6 7 4 4 7 3 4 4 4 2 4 7 3 5 4 5 4 4 3 4 3 4 3 4 5 4 1 2 5 6 4 3 3 3 6 4 4 6 6 5 3 5 4 6 1 6 4 5 4 4 4 4 1 2 6 3 3 3 3 5 4 2 3 3 5 3 3 4 3 5 3 3 4 5 4 4 4 4 3 5 3 4 4 6 5 5 5 4 5 7 3 5 4 4 3 7 4 4 4 6 3 3 4 2 3 4 3 5 6 3 4 4 2 7 3 3 5 5 3 3 3 4 6 2 5 2 3 3 6 3 5 5 5 3 5 5 3 5 2 
8 13 12 4 6 9 0 12 10 8 10 4 6 3 3 7 8 3 10 4 3 5 13 9 7 10 4 12 10 6 10 7 8 9 7 8 10 6 9 4 8 6 11 9 8 11 14 11 6 8 14 9 6 4 7 13 9 10 4 8 11 6 8 6 10 2 2 16 11 7 9 8 9 6 6 6 8 4 7 10 5 6 8 11 7 7 9 8 4 11 3 10 6 5 11 9 12 8 8 7 7 12 10 9 6 7 13 6 6 4 11 11 9 4 7 12 10 12 10 6 9 7 9 7 9 7 9 14 8 10 9 8 8 3 12 9 8 9 8 13 9 12 11 4 6 8 10 9 9 11 7 13 4 6 11 7 13 9 10 11 7 7 6 3 5 9 11 9 6 5 11 4 10 5 11 9 4 9 8 10 10 8 6 9 9 5 8 11 12 6 4 8 10 4 10 6 7 7 7 11 
2 4 5 2 4 4 5 4 5 5 6 5 4 3 4 4 3 7 4 3 4 6 5 4 4 3 4 3 6 4 4 5 4 4 3 6 1 4 3 5 3 5 7 4 4 2 3 6 4 2 6 3 6 4 5 4 6 4 2 2 4 2 5 8 4 3 4 4 6 3 2 5 4 1 2 4 6 3 2 4 3 4 3 2 3 4 4 5 3 3 5 6 3 4 4 3 3 4 3 3 3 4 4 6 6 3 4 5 4 5 2 1 4 3 4 4 6 2 4 3 1 3 5 3 6 5 6 5 4 2 5 2 4 4 6 3 4 3 4 6 3 4 5 5 5 5 1 3 6 2 3 7 1 1 4 4 3 4 4 2 4 6 5 5 6 2 5 3 6 3 5 3 3 6 3 6 3 5 4 5 5 4 5 4 5 4 3 4 3 5 5 4 4 5 4 5 4 6 4 3 
6 10 5 6 7 4 6 6 5 6 4 5 3 4 7 7 3 9 4 3 4 2 6 2 6 5 3 5 7 7 5 3 6 7 4 9 6 6 9 4 7 9 8 6 7 6 6 6 3 4 7 7 5 4 6 10 7 4 6 5 8 4 4 6 9 6 8 8 8 4 8 9 9 7 7 8 6 5 4 7 8 6 6 5 6 5 5 5 4 5 6 6 2 8 6 8 7 6 3 6 6 6 6 11 9 7 4 6 8 5 3 7 5 6 2 8 6 2 9 6 8 4 6 6 7 7 11 7 7 5 3 4 7 7 7 5 5 5 6 6 9 7 7 6 4 9 6 7 6 5 5 7 3 9 4 6 0 3 8 12 10 4 6 9 6 6 6 5 7 7 1 8 9 7 8 5 7 3 5 9 9 6 3 3 7 7 7 8 7 7 6 6 5 7 6 1 9 8 4 3 
4 4 4 4 3 3 3 3 4 3 3 2 2 3 4 5 5 3 2 3 4 3 1 4 3 5 3 3 2 3 4 3 2 4 3 4 3 3 2 0 4 2 3 4 4 3 3 2 4 3 1 4 3 1 4 2 2 2 4 3 3 4 3 2 2 3 3 4 5 3 1 3 2 3 4 3 4 1 5 4 4 3 3 3 5 5 5 3 4 2 3 5 3 3 4 3 3 3 2 2 5 4 5 2 3 2 2 3 4 3 5 2 1 3 3 1 4 3 2 4 5 2 3 3 4 4 2 5 3 3 2 3 5 4 1 3 4 2 3 2 3 3 3 3 4 2 4 3 2 5 4 4 4 5 3 2 3 1 4 4 3 2 2 3 3 2 2 4 4 4 2 2 3 3 4 6 4 2 4 3 2 3 3 2 3 2 5 1 2 3 2 2 2 3 2 4 5 4 0 4 
4 6 3 6 9 4 4 5 3 5 9 3 3 4 5 7 5 8 6 6 5 10 9 4 6 8 4 3 7 6 9 6 3 8 6 3 8 9 6 10 5 11 7 7 4 3 6 7 7 5 7 4 8 6 3 6 7 7 6 5 5 7 5 4 6 4 4 7 6 8 8 5 4 7 5 7 3 5 4 2 6 2 3 0 4 8 4 6 5 6 8 7 5 3 4 8 4 4 4 5 5 5 8 4 3 5 6 6 2 8 6 3 7 6 3 6 7 3 4 8 2 6 9 3 10 5 6 6 5 2 6 3 4 8 8 3 9 2 3 7 7 7 9 6 10 5 8 5 7 6 6 6 6 7 6 5 6 8 7 7 8 6 10 10 3 7 9 8 2 5 8 7 9 7 10 8 7 4 7 4 8 6 4 8 6 6 7 7 3 4 7 10 4 5 6 9 8 5 9 4 
1 1 1 2 0 1 1 1 1 1 1 1 1 1 1 1 1 1 1 1 1 1 2 1 1 1 1 1 1 1 1 1 1 1 1 1 1 1 1 1 1 1 1 1 1 1 1 1 1 1 1 1 1 1 0 1 1 1 1 1 1 2 1 0 1 1 1 0 2 1 1 1 1 1 1 1 1 1 2 1 1 1 1 1 0 1 1 1 0 1 2 1 1 1 1 1 0 1 0 1 1 0 1 1 1 1 1 1 1 2 1 1 1 1 1 1 1 1 0 1 2 1 1 1 1 1 1 1 1 1 1 1 1 1 0 1 0 1 1 1 1 1 1 1 1 1 1 2 1 1 1 1 1 2 1 1 1 1 1 1 1 1 1 1 1 1 1 1 1 1 1 1 1 1 1 1 2 0 1 1 1 1 1 1 1 1 1 1 1 1 1 1 1 1 1 1 0 1 1 1 
5 4 5 5 7 6 6 6 8 7 6 4 7 7 4 6 5 8 9 7 6 5 2 6 5 6 4 6 4 6 7 8 10 7 7 5 10 6 10 6 6 4 7 6 7 5 6 6 7 7 5 7 8 4 6 5 4 6 10 7 3 5 4 13 6 3 7 9 5 7 2 8 6 6 6 7 5 8 6 6 4 6 9 5 10 5 8 9 7 6 8 5 7 8 3 4 2 4 11 4 6 3 8 6 5 5 9 3 6 4 3 1 6 0 6 4 6 9 6 8 4 9 6 10 5 2 6 7 6 8 4 7 7 6 6 9 6 4 4 4 5 5 3 8 10 8 8 7 6 3 6 6 8 5 7 6 7 8 1 4 5 6 4 8 9 7 4 2 9 7 8 2 6 11 5 1 4 3 6 3 4 7 3 5 5 3 10 6 9 8 8 3 6 6 7 6 9 3 7 4 
7 8 6 6 4 3 6 7 7 9 3 2 9 4 7 6 6 5 7 4 5 6 8 4 7 8 9 6 13 6 4 4 6 6 3 7 8 11 3 6 5 6 7 5 8 6 7 5 2 6 8 5 3 6 6 8 11 7 4 5 8 3 10 8 7 9 7 4 7 8 6 10 5 6 2 3 5 4 6 7 3 6 3 8 7 5 3 3 6 8 5 8 6 9 4 5 5 2 7 10 6 7 7 6 2 5 3 7 4 4 7 7 6 6 8 4 5 8 6 4 8 5 7 4 4 4 9 5 8 8 6 6 7 6 6 6 5 6 5 4 8 3 9 5 10 7 7 11 8 7 6 9 5 6 7 2 10 6 5 6 7 5 9 4 7 8 7 7 10 9 11 2 7 6 8 8 5 6 5 5 5 6 2 9 6 6 6 6 3 8 5 5 9 7 8 6 1 1 7 6 
8 3 9 5 6 5 1 9 6 4 6 5 6 6 5 2 3 3 6 6 7 10 6 9 4 5 5 6 4 4 8 2 4 7 7 4 7 5 6 8 5 8 7 5 7 2 10 6 9 6 8 6 6 9 3 3 6 4 6 8 7 6 5 2 5 8 4 3 1 6 5 6 6 4 7 6 9 5 3 7 1 2 9 6 2 6 7 6 5 9 7 6 3 8 7 8 10 8 4 4 4 6 6 9 10 7 5 1 6 4 6 8 6 8 9 7 5 5 7 7 7 4 8 6 4 6 6 6 8 4 4 7 9 10 7 7 6 6 6 8 3 4 9 6 9 4 8 3 7 7 8 6 8 5 5 5 4 7 6 3 7 7 4 3 7 5 8 7 3 6 6 3 4 4 3 6 8 3 7 6 6 12 6 5 4 2 4 4 6 5 4 7 6 3 10 8 6 8 6 6 
2 2 9 4 6 1 6 5 7 6 7 5 9 7 10 5 9 5 6 7 4 7 3 6 6 6 6 4 3 6 4 5 7 8 7 9 3 8 5 5 7 4 3 6 0 5 7 7 7 4 6 10 4 6 6 3 6 3 4 7 7 7 6 7 1 10 3 5 5 7 4 10 6 6 6 6 6 7 9 6 2 4 6 5 3 9 8 6 6 7 6 8 5 9 5 5 5 8 5 6 6 5 6 2 8 6 10 6 6 7 4 7 4 2 7 7 7 7 4 6 6 4 7 5 6 7 4 7 3 7 4 7 5 8 6 7 8 3 4 6 6 8 6 6 7 7 7 4 6 6 5 4 8 8 6 5 8 5 7 8 6 2 6 4 6 6 4 6 4 3 8 6 6 6 7 11 7 7 3 6 8 6 3 7 6 5 7 3 6 4 8 3 2 7 5 8 7 7 9 6 
1 7 9 5 8 5 7 10 8 3 7 8 6 6 3 5 1 5 7 7 7 4 3 7 4 7 3 3 4 7 7 3 5 8 6 9 5 4 5 3 7 3 4 7 7 7 5 6 7 4 7 4 8 5 5 7 4 4 6 7 6 5 5 4 5 5 7 7 4 3 8 3 5 4 4 5 6 5 2 4 10 6 9 6 5 5 6 5 8 6 9 5 6 9 4 8 4 6 7 3 7 5 8 7 3 6 7 5 5 5 8 5 6 6 6 7 4 7 6 9 7 3 6 7 4 10 12 5 6 6 5 7 5 7 4 9 8 6 8 6 7 8 7 4 10 9 7 7 4 4 7 6 4 4 8 5 5 3 7 4 5 4 10 5 6 5 3 9 8 5 6 2 9 9 8 6 3 5 5 5 6 3 8 0 8 8 6 4 8 4 4 4 6 6 6 8 7 4 4 6 
1 2 3 2 2 2 2 3 2 3 2 3 2 4 3 2 1 2 2 2 3 2 2 2 2 1 1 1 2 0 2 3 3 3 2 2 2 3 0 2 2 2 1 1 3 1 3 3 3 2 3 3 2 2 2 3 3 1 2 2 2 2 2 3 1 2 2 2 2 2 3 3 1 2 2 1 2 2 1 2 2 3 2 2 2 2 2 2 2 1 1 2 2 2 2 3 2 0 2 3 3 3 0 1 1 2 2 2 3 2 1 2 3 3 1 1 2 2 3 2 1 2 3 2 2 2 3 2 2 2 2 2 3 2 2 2 2 2 2 2 2 1 1 1 2 1 2 3 3 2 2 3 2 3 2 1 3 1 1 2 2 1 3 2 2 2 3 2 2 2 1 2 2 2 1 2 3 2 2 2 2 3 1 2 2 1 1 2 2 2 2 2 2 1 1 2 2 2 2 1 
6 5 6 7 4 4 5 4 2 5 4 4 5 4 4 3 4 3 3 5 5 4 5 3 4 5 4 6 5 4 5 3 4 5 4 3 2 6 3 4 3 3 6 4 1 4 4 2 2 4 5 2 3 5 4 4 5 4 6 3 2 5 5 6 4 4 3 6 4 3 4 3 5 5 5 4 3 3 4 5 5 5 3 4 7 6 6 5 3 3 4 5 6 4 4 3 3 5 3 7 6 3 3 5 1 5 6 4 4 4 5 4 3 1 3 3 3 3 5 4 0 4 6 4 3 3 5 4 5 5 4 4 6 6 3 3 5 3 5 4 2 3 4 3 4 3 4 5 5 6 3 5 2 3 3 3 2 6 4 6 2 4 4 3 3 4 4 5 5 3 5 5 4 3 3 1 2 5 6 3 4 6 3 5 4 4 5 7 4 4 5 4 3 4 5 2 6 6 7 5 
9 7 10 9 7 9 3 8 8 9 3 8 4 4 9 6 5 7 9 7 3 6 9 8 11 9 5 8 7 7 8 9 4 12 7 8 8 7 6 6 12 9 4 7 7 8 8 8 9 3 8 10 4 8 5 7 5 8 8 3 11 13 6 8 8 8 9 1 6 3 7 7 6 7 9 9 4 6 9 1 4 7 6 6 11 5 5 8 5 5 8 11 5 6 10 6 12 3 8 8 6 4 10 17 9 9 6 6 4 6 5 6 9 9 5 6 7 4 8 7 6 7 9 4 7 4 9 6 7 9 10 10 4 7 5 4 5 8 9 6 6 7 9 6 2 5 4 4 0 7 9 5 6 5 5 6 9 3 9 2 7 11 7 10 6 8 8 6 9 8 10 11 9 8 10 10 7 4 5 6 5 5 6 7 8 10 10 7 9 9 1 7 5 11 12 3 6 5 7 8 
1 1 1 1 1 1 1 1 1 1 1 1 1 1 1 1 1 1 1 1 1 2 1 2 1 1 1 1 2 1 0 1 1 1 1 1 1 0 1 1 1 1 1 1 1 1 1 1 1 1 1 1 1 1 1 1 1 2 1 1 1 1 1 1 1 1 1 0 1 1 1 1 1 1 1 1 1 1 1 2 1 1 1 1 1 1 1 1 1 1 1 1 1 1 1 1 1 1 1 1 1 1 1 1 1 1 1 1 1 0 1 2 1 1 1 1 1 0 1 1 1 1 1 1 0 1 1 0 1 1 1 1 1 1 1 1 1 1 1 1 1 1 1 1 1 2 1 1 1 1 1 0 1 1 1 1 1 1 1 2 1 1 1 1 1 1 0 1 1 1 1 1 1 1 0 2 1 1 1 1 1 1 1 1 1 1 1 1 1 0 1 1 1 1 1 1 1 1 1 1 
8 6 6 5 7 4 5 8 4 4 7 7 7 6 5 4 5 5 3 4 6 5 6 8 4 5 7 5 6 6 6 5 7 6 5 6 5 4 7 5 4 5 6 3 7 6 5 5 5 6 5 7 5 5 6 8 4 6 4 1 8 4 3 5 2 3 6 5 6 6 3 4 8 6 5 4 4 4 5 5 8 4 4 4 6 3 5 4 4 6 6 3 4 5 4 3 5 5 5 4 5 3 8 5 8 4 2 7 6 6 5 3 5 4 9 8 6 6 8 6 1 2 4 4 5 7 5 6 5 4 6 5 5 9 4 8 7 5 4 5 8 5 8 6 5 3 2 2 6 7 4 3 5 5 7 3 5 6 8 2 3 6 6 6 1 4 5 5 3 7 6 5 6 5 6 5 3 6 0 5 5 4 1 7 6 10 2 3 3 4 6 4 7 3 5 0 6 3 7 6 
4 2 6 3 5 4 5 6 4 4 7 6 3 5 5 4 2 6 4 2 3 6 4 5 5 2 2 5 3 5 4 0 3 3 3 5 7 3 5 3 4 3 5 6 2 3 6 3 2 4 4 5 6 4 4 5 4 4 5 3 3 6 4 6 2 3 5 5 5 4 7 4 6 3 5 3 5 5 4 4 3 4 5 3 5 4 4 4 3 6 5 2 5 2 4 4 3 3 6 6 5 5 4 6 4 5 4 3 3 4 3 6 6 4 1 5 2 4 3 4 3 4 2 5 5 3 5 4 4 3 4 4 3 6 4 2 2 5 4 3 5 5 4 5 2 4 3 5 4 3 4 6 5 3 6 2 3 4 5 3 4 4 4 4 4 3 4 3 4 3 4 2 3 6 5 5 6 3 6 5 6 5 3 6 3 3 8 4 5 3 3 3 2 6 4 4 5 5 3 3 
11 13 8 9 7 9 9 6 8 6 8 9 12 12 10 8 5 6 14 7 4 7 6 10 3 5 7 10 6 4 6 5 8 10 9 6 6 6 5 5 10 8 7 9 11 7 7 9 7 7 3 6 7 9 15 6 4 9 7 8 7 9 6 8 3 10 6 5 9 4 8 9 11 8 9 6 5 5 11 14 10 3 8 12 6 3 10 8 6 8 7 11 7 9 7 8 10 9 6 12 7 8 7 8 4 9 4 9 7 7 7 5 8 10 8 7 7 10 15 3 11 11 10 8 10 8 10 7 6 7 12 9 13 11 1 8 10 6 10 7 8 7 8 7 10 6 8 1 6 11 12 6 10 9 8 8 11 7 6 6 7 10 10 9 7 7 11 3 9 5 4 10 11 10 9 10 8 3 6 13 5 6 9 5 8 7 12 9 9 11 15 12 4 12 8 6 11 9 11 11 
10 7 12 14 10 5 10 5 7 12 7 10 15 12 10 7 10 4 13 14 7 9 17 12 10 8 9 6 14 10 12 6 11 10 15 4 4 5 12 13 4 10 6 9 16 12 2 9 12 10 9 11 11 9 3 9 9 15 9 3 4 10 10 6 10 8 10 18 7 11 10 8 8 14 12 15 13 11 14 13 13 6 13 12 14 13 4 6 11 15 8 14 12 12 10 7 11 13 10 17 12 10 11 4 5 13 6 10 14 7 6 6 8 10 14 10 7 12 7 8 6 10 11 9 7 6 10 16 11 9 8 8 7 10 13 7 10 16 12 13 10 6 7 8 6 16 3 15 9 14 8 5 3 7 13 11 7 9 8 14 10 7 6 12 9 14 9 11 7 6 12 11 12 14 11 8 12 13 11 15 5 17 11 11 14 15 10 13 13 10 9 9 7 11 13 10 12 11 10 3 
7 7 5 5 6 8 4 2 9 10 5 5 7 0 5 7 9 6 2 7 3 8 8 9 2 10 6 7 8 7 6 9 3 7 9 7 4 4 8 9 8 5 5 10 5 8 8 6 4 7 1 6 5 4 10 8 6 10 5 5 7 5 7 7 6 6 6 5 4 6 8 4 5 6 12 7 6 6 7 4 7 4 9 5 4 5 6 8 6 8 5 6 4 5 9 4 8 5 9 5 7 7 10 5 5 2 6 7 7 4 3 7 7 5 7 4 8 6 5 8 5 6 4 3 4 7 7 6 6 9 6 8 5 5 2 5 6 9 2 9 6 7 5 5 6 2 6 1 6 3 13 5 4 2 6 9 5 5 7 3 3 8 4 5 8 12 5 7 7 5 8 4 7 6 4 2 9 7 4 7 4 8 6 6 4 7 8 6 10 8 9 9 8 10 6 8 4 6 5 6 
2 1 1 1 1 1 1 1 1 1 1 1 1 1 1 1 1 2 1 1 1 1 1 1 1 1 1 1 1 1 1 1 1 1 1 1 1 1 1 1 1 1 1 1 1 1 1 2 1 1 1 1 1 0 1 1 1 1 1 1 0 1 1 1 1 1 1 1 1 1 1 1 1 1 1 1 1 1 1 1 1 1 1 1 2 2 1 1 1 1 1 1 1 1 1 1 1 2 1 1 0 1 1 2 1 1 2 1 1 1 1 1 2 1 1 1 1 1 1 1 2 1 1 2 1 1 1 1 1 2 1 1 1 1 1 1 1 0 1 1 1 2 1 1 1 1 1 1 1 1 1 1 0 1 1 1 1 1 1 1 1 1 1 1 1 1 1 1 1 1 1 1 1 0 1 1 1 1 1 1 0 1 1 1 1 1 1 1 2 1 1 1 1 1 1 0 1 1 1 1 
1 4 2 4 2 3 4 7 5 2 3 5 7 3 4 4 6 6 3 5 5 4 3 4 4 3 2 4 3 6 4 5 4 2 4 4 6 5 3 2 2 4 6 7 4 4 4 4 5 6 4 7 2 3 2 5 4 1 4 4 6 5 5 4 3 2 3 7 2 5 3 5 0 5 3 4 4 4 5 3 3 3 5 4 4 3 2 6 5 4 2 3 5 3 4 3 4 4 6 4 5 4 4 4 3 5 0 2 5 5 4 3 6 5 1 5 4 3 3 4 5 4 4 4 5 2 4 7 4 4 6 5 7 4 3 3 3 5 3 3 4 3 4 3 1 3 4 2 5 3 3 5 4 5 4 6 4 6 3 5 6 2 5 4 6 4 5 3 5 3 3 6 2 4 2 3 3 4 3 7 3 3 7 6 3 6 5 4 6 4 4 6 2 6 3 4 2 5 4 4 
2 2 3 2 3 3 2 3 6 4 5 4 4 3 2 2 2 2 3 2 3 4 4 2 4 3 2 3 2 4 3 5 4 2 4 3 3 5 4 1 3 2 2 2 3 5 2 1 3 5 4 2 4 2 2 3 3 2 3 3 3 2 3 3 5 4 2 2 4 4 3 3 3 4 3 2 4 4 3 3 3 3 3 4 3 2 1 3 2 1 3 2 4 2 3 2 5 2 3 2 4 3 4 2 3 4 1 3 3 4 4 3 2 4 3 1 3 3 4 2 2 3 2 4 5 3 3 4 3 1 2 3 4 4 3 3 5 5 4 3 4 3 4 3 3 3 3 3 3 3 3 3 3 3 2 4 3 2 3 5 5 3 3 3 4 3 3 3 3 2 2 3 3 5 1 1 2 4 3 3 3 4 3 3 3 0 3 2 3 2 3 4 3 4 2 3 3 1 3 2 
4 5 4 5 7 5 5 8 5 2 7 8 3 7 7 8 8 0 9 7 7 7 4 10 7 4 6 7 3 4 2 8 7 6 6 3 4 5 6 9 6 4 5 5 7 6 9 7 7 9 5 6 8 7 7 6 7 7 9 8 6 3 3 5 7 9 6 6 4 9 4 7 6 6 4 6 5 6 4 4 7 9 4 5 8 7 5 6 6 2 6 5 7 6 4 7 4 6 7 3 6 7 5 6 8 4 4 7 8 6 7 6 5 8 7 7 5 6 4 5 6 8 9 7 10 8 5 7 6 5 7 4 5 6 6 6 6 6 8 6 7 6 7 9 5 5 6 3 3 5 3 5 6 7 6 6 3 6 4 4 2 3 4 8 7 9 6 6 8 7 7 5 6 9 10 8 2 4 8 8 6 7 7 6 7 7 7 5 5 4 7 8 8 6 6 7 4 7 4 10 
8 7 8 10 8 8 11 7 9 7 4 9 4 9 4 9 7 8 8 6 4 4 9 5 7 2 8 4 8 7 7 5 12 7 8 6 9 7 9 7 9 5 8 5 8 2 6 7 4 6 8 7 7 11 7 9 6 7 8 9 8 4 8 6 7 3 9 8 7 8 7 9 10 9 5 3 4 0 8 5 8 13 5 6 5 9 7 1 3 5 7 8 8 6 5 7 8 9 9 6 7 7 8 5 5 9 10 7 9 6 6 5 9 8 4 7 6 8 10 6 5 5 6 7 9 9 2 10 7 8 8 9 4 4 7 6 13 8 9 7 7 7 9 10 14 8 8 7 8 5 10 9 4 10 6 8 10 8 8 10 4 3 5 4 8 10 7 8 5 5 8 8 5 7 4 6 9 7 5 8 7 6 9 6 2 10 11 9 8 10 7 7 7 7 4 8 6 6 7 8 
1 0 1 0 1 1 1 1 0 1 0 2 1 1 1 1 1 1 1 1 2 1 1 1 1 1 1 1 1 0 1 1 1 1 1 1 0 1 1 1 1 1 1 1 0 1 2 1 1 1 1 1 1 1 0 1 1 2 0 1 1 1 1 1 1 1 1 1 1 1 1 0 1 1 1 1 1 1 1 1 1 1 1 1 1 1 1 1 1 1 1 1 1 1 2 1 1 1 1 1 0 0 2 1 1 1 1 1 1 1 1 1 1 1 2 1 1 1 1 1 1 1 1 1 1 1 2 1 1 1 1 1 1 0 1 1 1 1 1 1 1 1 1 0 1 2 1 1 1 1 1 1 1 1 0 1 0 1 1 1 1 1 1 1 1 1 1 1 1 2 1 1 1 1 1 1 1 1 1 1 2 0 0 1 1 1 1 0 1 1 1 1 1 1 1 1 0 1 2 1 
10 11 13 13 17 9 6 16 7 10 9 11 9 5 11 7 10 10 11 7 13 10 12 10 8 7 15 7 5 11 4 8 11 11 8 6 8 5 14 10 9 5 6 6 9 9 7 7 8 4 6 7 7 13 5 8 8 19 14 8 6 10 7 11 6 6 11 8 10 10 8 10 10 8 11 9 6 8 8 10 8 8 11 6 11 11 7 9 2 5 13 10 8 11 11 12 8 12 12 9 16 15 13 10 9 10 7 13 9 4 7 12 4 5 13 14 9 6 13 7 6 12 10 10 7 14 7 14 7 6 8 12 11 13 7 12 11 8 9 12 6 11 9 12 12 6 10 8 9 13 7 9 9 7 4 7 12 5 9 8 6 16 6 9 9 12 10 10 11 7 5 4 7 8 16 7 9 10 9 6 8 6 9 6 6 4 8 9 12 16 12 11 11 14 11 17 10 8 9 8 
7 9 12 10 2 6 7 8 19 6 3 6 9 7 9 5 7 9 8 9 4 11 4 11 5 9 15 9 6 9 7 9 9 6 5 5 7 7 8 13 9 7 10 9 11 15 10 12 11 10 8 7 5 8 12 14 10 8 11 13 8 8 4 10 9 9 10 9 12 7 6 7 8 9 7 7 13 7 12 15 10 8 6 9 9 12 9 10 9 9 6 10 4 6 12 6 8 8 3 8 11 5 10 10 7 11 6 6 2 12 11 7 10 5 12 8 15 12 6 8 14 4 13 8 6 8 11 5 13 9 7 9 13 8 7 8 10 4 9 12 8 10 9 6 13 8 13 4 12 4 8 13 11 6 12 3 6 12 6 12 13 12 11 12 7 10 8 9 6 12 12 17 13 7 10 9 9 7 9 13 8 8 11 11 8 10 11 8 10 8 14 13 8 7 10 5 10 11 9 11 
5 4 3 2 8 4 5 5 3 5 4 4 4 2 5 6 6 3 4 7 5 4 4 4 7 6 5 3 6 7 6 4 4 3 6 4 5 4 7 5 4 1 5 5 3 6 4 5 4 5 4 7 2 4 5 5 3 4 6 6 6 3 6 6 10 5 6 5 4 5 7 3 5 5 4 5 4 4 7 6 5 4 4 7 4 7 4 8 4 5 4 5 5 6 4 5 5 2 5 6 6 5 4 4 4 4 5 5 4 5 5 6 3 2 3 6 6 5 5 6 4 6 5 7 6 3 6 5 6 5 6 6 6 5 8 4 3 4 4 6 3 6 5 7 8 4 8 4 6 3 3 5 8 5 6 6 5 6 4 5 4 8 1 5 5 5 6 2 5 6 3 2 6 8 6 6 3 6 4 3 7 2 3 4 6 4 5 5 3 4 4 3 5 5 6 5 7 7 3 8 
DEPOT_SECTION
 1
 -1
EOF
