NAME  : Jabali_40_4_0.80_1_9
TYPE : SVRP
MODEL : FINITE_SUPPORT
NUMBER_OF_SCENARIOS : 200
DIMENSION : 40
EDGE_WEIGHT_TYPE : MATRIX
CAPACITY : 53
N_VEHICLES : 4
NODE_COORD_SECTION
1 3414 3057
2 69 2691
3 3089 3910
4 2868 3327
5 4471 5338
6 2255 2210
7 2733 5169
8 6361 2824
9 1658 726
10 6842 1311
11 6678 2211
12 3483 1029
13 27 7016
14 3498 1641
15 1079 4884
16 3816 18
17 3596 4397
18 3989 6678
19 6630 4257
20 1162 4117
21 2582 3111
22 2518 3756
23 3789 566
24 802 7459
25 5122 1358
26 4371 1402
27 3190 5311
28 1835 7420
29 3115 1847
30 3724 3310
31 5967 6348
32 1055 1182
33 5780 547
34 1124 6318
35 6364 2964
36 5781 3304
37 6275 1126
38 5928 2643
39 2931 7296
40 3443 2467
DEMAND_SECTION
1 0.0
2 6.0
3 8.0
4 2.0
5 6.0
6 6.0
7 2.0
8 2.0
9 7.0
10 6.0
11 2.0
12 3.0
13 5.0
14 3.0
15 8.0
16 6.0
17 1.0
18 5.0
19 6.0
20 3.0
21 2.0
22 1.0
23 6.0
24 1.0
25 2.0
26 5.0
27 3.0
28 2.0
29 1.0
30 7.0
31 7.0
32 8.0
33 2.0
34 8.0
35 9.0
36 7.0
37 3.0
38 3.0
39 3.0
40 3.0
DEVIATION_SECTION
1 0.0
2 2.0
3 2.66667
4 0.666667
5 2.0
6 2.0
7 0.666667
8 0.666667
9 2.33333
10 2.0
11 0.666667
12 1.0
13 1.66667
14 1.0
15 2.66667
16 2.0
17 0.333333
18 1.66667
19 2.0
20 1.0
21 0.666667
22 0.333333
23 2.0
24 0.333333
25 0.666667
26 1.66667
27 1.0
28 0.666667
29 0.333333
30 2.33333
31 2.33333
32 2.66667
33 0.666667
34 2.66667
35 3.0
36 2.33333
37 1.0
38 1.0
39 1.0
40 1.0
DISTANCE_MATRIX
0.0 46.0977 11.67 8.24621 37.6227 19.799 29.1377 40.0 42.8488 53.3847 45.7056 27.2947 70.0071 19.2354 39.9625 41.0 19.7296 50.4725 46.1106 33.8378 11.0454 14.7648 33.9559 68.2422 33.0181 25.8122 30.6655 61.4351 17.1172 5.0 60.4472 41.2962 47.0357 53.2635 40.0125 32.3883 47.9296 35.1283 56.6811 8.06226 
46.0977 0.0 43.8292 38.8973 71.6271 31.257 50.9117 85.5862 33.3017 93.5361 90.0222 52.0587 60.1332 48.8365 32.8938 61.7738 52.4786 72.1803 91.9782 24.6982 35.171 36.2353 57.7816 66.2722 70.859 61.0 52.6905 68.9638 43.566 50.0 94.3956 24.8395 82.8095 52.1728 85.7088 78.4474 86.977 80.3057 72.9452 46.0435 
11.67 43.8292 0.0 8.24621 27.8574 25.2982 17.4721 47.9416 46.8512 62.4961 54.7337 38.3275 58.7282 30.3645 30.0832 52.2015 9.21954 38.807 48.8365 26.0192 12.083 7.61577 45.2217 56.6127 44.6864 37.4805 19.0 49.7696 27.2947 11.1803 50.6819 45.2769 58.704 41.7732 47.7773 38.4215 59.4839 43.721 45.0156 19.3132 
8.24621 38.8973 8.24621 0.0 34.8969 17.088 24.6959 48.0416 38.9964 60.5958 53.9351 31.3847 63.1269 23.7065 32.2025 45.31 17.0 46.0307 53.1537 25.632 4.24264 7.07107 38.4838 62.2656 40.2244 32.5269 26.2237 56.6127 19.9249 11.1803 57.7214 37.4433 54.2033 46.8722 48.0104 40.1123 55.1408 43.2897 52.2394 13.4536 
37.6227 71.6271 27.8574 34.8969 0.0 51.9584 17.1172 40.2133 73.8446 60.0569 49.2486 65.832 62.6498 56.3489 42.107 79.1977 19.3136 22.5457 34.3657 51.7101 38.6267 35.4018 72.1267 56.8595 52.447 63.4331 25.105 45.9674 53.368 37.1329 30.5968 72.2908 63.1114 45.31 39.5904 30.8803 58.3852 38.6868 35.0724 45.2767 
19.799 31.257 25.2982 17.088 51.9584 0.0 40.5969 56.1715 23.186 62.2896 59.3043 23.7713 72.9452 17.72 40.3113 37.6962 34.0147 61.9318 65.0 30.8058 13.3417 21.0238 30.9203 74.3303 39.6232 29.8329 42.1248 70.859 12.3693 24.7588 74.783 21.6333 51.8652 58.5235 56.372 49.7809 55.7315 50.3709 68.1175 16.1555 
29.1377 50.9117 17.4721 24.6959 17.1172 40.5969 0.0 60.0149 60.4526 77.8893 68.0017 55.8423 46.6476 47.8639 25.4951 69.7037 16.5552 21.4009 51.4782 27.4591 27.4721 19.6049 62.7153 42.4264 62.154 54.9481 10.4721 34.0 44.4971 28.648 43.4036 58.5235 80.1829 29.1548 59.6265 50.7106 75.6223 56.8267 28.0179 36.7917 
40.0 85.5862 47.9416 48.0416 40.2133 56.1715 60.0149 0.0 68.0 21.5407 9.43398 45.0 102.858 41.5933 77.0433 50.6063 43.4626 62.095 19.105 72.8354 51.0098 53.4603 45.9674 96.957 25.807 32.6497 61.5428 85.7963 45.3695 37.2156 46.3249 75.1501 31.4006 85.5233 1.0 9.43398 23.0217 5.83095 74.6216 40.1021 
42.8488 33.3017 46.8512 38.9964 73.8446 23.186 60.4526 68.0 0.0 69.0507 69.2892 24.5153 86.977 26.4197 54.8179 30.0832 55.9354 81.857 83.9909 44.643 34.8415 41.1617 28.0179 90.0353 46.3249 36.6879 62.05 88.3956 28.4294 47.7529 96.6692 9.48683 55.0091 74.3532 68.4818 66.3053 61.6604 62.1772 87.5025 36.1868 
53.3847 93.5361 62.4961 60.5958 60.0569 62.2896 77.8893 21.5407 69.0507 0.0 12.3693 44.5533 120.619 45.0111 92.0405 43.8292 61.3351 81.9443 39.4588 85.9856 61.985 67.4247 42.0595 117.672 23.0217 33.0151 79.4172 105.662 50.0899 51.3389 67.72 77.5242 17.0294 103.25 22.4722 29.6816 7.61577 21.4009 94.4709 48.5077 
45.7056 90.0222 54.7337 53.9351 49.2486 59.3043 68.0017 9.43398 69.2892 12.3693 0.0 45.1885 110.731 43.4166 84.2781 48.1664 51.5525 71.1857 27.1662 79.3095 56.4358 59.9083 44.6542 105.992 23.8537 32.6956 69.5295 94.8472 47.8539 43.6807 55.3624 76.922 25.0799 93.3624 10.2956 18.3848 15.5242 11.1803 83.7124 44.0 
27.2947 52.0587 38.3275 31.3847 65.832 23.7713 55.8423 45.0 24.5153 44.5533 45.1885 0.0 93.639 8.06226 61.5231 13.9284 46.4343 77.1771 60.5435 52.8927 30.088 38.0132 7.2111 93.4773 21.8403 12.53 57.3702 87.9204 11.8584 31.0161 79.8458 33.0606 31.257 77.8974 45.607 43.5951 37.2156 39.2046 83.3858 19.2354 
70.0071 60.1332 58.7282 63.1269 62.6498 72.9452 46.6476 102.858 86.977 120.619 110.731 93.639 0.0 86.4002 32.6497 107.564 59.2847 53.4603 96.1353 42.5441 63.6003 56.0803 100.788 11.6619 102.911 95.5877 53.2017 24.7386 81.8413 69.7719 78.1601 81.4923 116.928 17.4929 102.235 93.5245 118.352 99.7241 39.2046 76.5768 
19.2354 48.8365 30.3645 23.7065 56.3489 17.72 47.8639 41.5933 26.4197 45.0111 43.4166 8.06226 86.4002 0.0 54.4885 21.8403 38.4559 69.1988 56.8311 46.0977 22.8035 30.5287 14.8661 85.9593 22.0907 12.1655 49.3918 80.0562 5.38516 23.0 71.8842 33.557 34.176 70.4911 42.0704 39.8827 38.2099 35.7771 75.4074 11.1803 
39.9625 32.8938 30.0832 32.2025 42.107 40.3113 25.4951 77.0433 54.8179 92.0405 84.2781 61.5231 32.6497 54.4885 0.0 75.448 34.2345 43.909 76.0263 10.198 31.8277 25.2389 68.6722 35.3553 72.4224 64.5368 29.0217 36.1386 49.679 40.7185 67.4453 50.2494 86.4002 20.0 76.707 67.9117 87.334 73.2654 40.8044 45.4533 
41.0 61.7738 52.2015 45.31 79.1977 37.6962 69.7037 50.6063 30.0832 43.8292 48.1664 13.9284 107.564 21.8403 75.448 0.0 60.2956 92.0475 67.6018 66.8176 44.0129 51.9545 7.07107 107.424 24.8395 19.9249 71.2315 101.843 25.7833 44.4156 89.9585 39.5601 27.5136 91.8685 51.4004 50.6534 36.2353 45.2217 97.2472 32.9848 
19.7296 52.4786 9.21954 17.0 19.3136 34.0147 16.5552 43.4626 55.9354 61.3351 51.5525 46.4343 59.2847 38.4559 34.2345 60.2956 0.0 37.89 42.0476 32.5576 21.095 16.4012 53.3073 56.1285 52.9642 45.54 18.083 48.8526 35.475 19.2399 42.1381 54.3783 63.6286 41.9159 43.0813 34.176 59.068 40.4403 44.0987 27.3836 
50.4725 72.1803 38.807 46.0307 22.5457 61.9318 21.4009 62.095 81.857 81.9443 71.1857 77.1771 53.4603 69.1988 43.909 92.0475 37.89 0.0 45.6238 48.1664 48.807 40.9397 84.9765 44.9222 73.8901 76.2829 31.807 31.7805 66.2179 49.9828 25.0799 79.8902 84.5545 38.0526 61.4419 52.8077 79.9724 60.6066 17.8045 58.1265 
46.1106 91.9782 48.8365 53.1537 34.3657 65.0 51.4782 19.105 83.9909 39.4588 27.1662 60.5435 96.1353 56.8311 76.0263 67.6018 42.0476 45.6238 0.0 74.4312 56.816 56.2939 62.2537 89.2389 43.4626 48.5025 59.0848 77.3936 58.0162 41.9875 29.0689 86.619 50.4876 79.1202 18.1108 17.2047 42.0119 23.0868 63.0319 49.0918 
33.8378 24.6982 26.0192 25.632 51.7101 30.8058 27.4591 72.8354 44.643 85.9856 79.3095 52.8927 42.5441 46.0977 10.198 66.8176 32.5576 48.1664 74.4312 0.0 24.1868 19.4165 60.0417 45.5412 65.3682 56.8595 29.7065 45.5412 41.0366 35.6931 70.6757 40.1123 79.0759 30.0666 72.6911 64.2876 80.5306 68.4471 48.3011 38.0789 
11.0454 35.171 12.083 4.24264 38.6267 13.3417 27.4721 51.0098 34.8415 61.985 56.4358 30.088 63.6003 22.8035 31.8277 44.0129 21.095 48.807 56.816 24.1868 0.0 8.24621 37.2156 63.5059 41.1825 32.8024 29.0 58.6941 18.3576 14.8661 61.8299 33.2866 54.9181 47.8853 51.0392 43.4166 56.4624 46.0435 55.0091 13.8924 
14.7648 36.2353 7.61577 7.07107 35.4018 21.0238 19.6049 53.4603 41.1617 67.4247 59.9083 38.0132 56.0803 30.5287 25.2389 51.9545 16.4012 40.9397 56.2939 19.4165 8.24621 0.0 45.1774 55.4707 47.2079 39.598 21.1327 50.448 26.4008 16.2788 58.2264 39.3954 61.2209 39.9625 53.3385 45.0444 62.1195 49.0306 47.0956 20.5183 
33.9559 57.7816 45.2217 38.4838 72.1267 30.9203 62.7153 45.9674 28.0179 42.0595 44.6542 7.2111 100.788 14.8661 68.6722 7.07107 53.3073 84.9765 62.2537 60.0417 37.2156 45.1774 0.0 100.648 20.8087 13.8924 64.2432 94.921 19.0075 37.3446 86.1405 37.2156 27.074 85.0882 46.6905 45.3053 34.4819 40.3609 90.2588 25.9615 
68.2422 66.2722 56.6127 62.2656 56.8595 74.3303 42.4264 96.957 90.0353 117.672 105.992 93.4773 11.6619 85.9593 35.3553 107.424 56.1285 44.9222 89.2389 45.5412 63.5059 55.4707 100.648 0.0 101.259 94.053 50.0454 14.0 81.8413 67.766 68.884 85.5862 115.277 15.8114 96.3342 87.624 115.405 95.4305 29.0689 75.4718 
33.0181 70.859 44.6864 40.2244 52.447 39.6232 62.154 25.807 46.3249 23.0217 23.8537 21.8403 102.911 22.0907 72.4224 24.8395 52.9642 73.8901 43.4626 65.3682 41.1825 47.2079 20.8087 101.259 0.0 10.0 63.6818 98.1621 27.2947 35.8569 66.3069 54.5894 14.1421 86.247 26.6271 26.9258 16.1245 20.5913 86.9175 27.2947 
25.8122 61.0 37.4805 32.5269 63.4331 29.8329 54.9481 32.6497 36.6879 33.0151 32.6956 12.53 95.5877 12.1655 64.5368 19.9249 45.54 76.2829 48.5025 56.8595 32.8024 39.598 13.8924 94.053 10.0 0.0 56.4759 87.2455 17.4642 28.651 70.8592 44.7214 22.3607 79.0253 33.3017 31.5541 26.0768 26.9072 82.4916 19.105 
30.6655 52.6905 19.0 26.2237 25.105 42.1248 10.4721 61.5428 62.05 79.4172 69.5295 57.3702 53.2017 49.3918 29.0217 71.2315 18.083 31.807 59.0848 29.7065 29.0 21.1327 64.2432 50.0454 63.6818 56.4759 0.0 42.7696 46.4109 30.1758 53.7051 60.0833 81.7107 35.8329 61.1543 52.2385 77.1501 58.5224 38.0156 38.3196 
61.4351 68.9638 49.7696 56.6127 45.9674 70.859 34.0 85.7963 88.3956 105.662 94.8472 87.9204 24.7386 80.0562 36.1386 101.843 48.8526 31.7805 77.3936 45.5412 58.6941 50.448 94.921 14.0 98.1621 87.2455 42.7696 0.0 76.5376 60.9454 55.109 85.0941 108.827 17.4929 85.1469 76.4853 104.266 84.2918 15.1327 69.0797 
17.1172 43.566 27.2947 19.9249 53.368 12.3693 44.4971 45.3695 28.4294 50.0899 47.8539 11.8584 81.8413 5.38516 49.679 25.7833 35.475 66.2179 58.0162 41.0366 18.3576 26.4008 19.0075 81.8413 27.2947 17.4642 46.4109 76.5376 0.0 21.587 70.9772 35.5636 39.5601 66.242 45.8455 42.6132 43.4166 39.5689 72.4265 9.48683 
5.0 50.0 11.1803 11.1803 37.1329 24.7588 28.648 37.2156 47.7529 51.3389 43.6807 31.0161 69.7719 23.0 40.7185 44.4156 19.2399 49.9828 41.9875 35.6931 14.8661 16.2788 37.3446 67.766 35.8569 28.651 30.1758 60.9454 21.587 0.0 59.9575 46.2003 49.8745 52.876 37.1214 29.0172 48.3268 32.7567 56.1914 12.1655 
60.4472 94.3956 50.6819 57.7214 30.5968 74.783 43.4036 46.3249 96.6692 67.72 55.3624 79.8458 78.1601 71.8842 67.4453 89.9585 42.1381 25.0799 29.0689 70.6757 61.8299 58.2264 86.1405 68.884 66.3069 70.8592 53.7051 55.109 70.9772 59.9575 0.0 95.1165 76.2365 63.1269 45.3542 40.1123 69.0507 48.3735 40.025 62.4107 
41.2962 24.8395 45.2769 37.4433 72.2908 21.6333 58.5235 75.1501 9.48683 77.5242 76.922 33.0606 81.4923 33.557 50.2494 39.5601 54.3783 79.8902 86.619 40.1123 33.2866 39.3954 37.2156 85.5862 54.5894 44.7214 60.0833 85.0941 35.5636 46.2003 95.1165 0.0 64.0312 70.1783 75.6272 71.3137 70.2567 69.3341 85.1469 37.6495 
47.0357 82.8095 58.704 54.2033 63.1114 51.8652 80.1829 31.4006 55.0091 17.0294 25.0799 31.257 116.928 34.176 86.4002 27.5136 63.6286 84.5545 50.4876 79.0759 54.9181 61.2209 27.074 115.277 14.1421 22.3607 81.7107 108.827 39.5601 49.8745 76.2365 64.0312 0.0 100.265 32.3883 36.1248 10.0 28.0 97.582 41.0488 
53.2635 52.1728 41.7732 46.8722 45.31 58.5235 29.1548 85.5233 74.3532 103.25 93.3624 77.8974 17.4929 70.4911 20.0 91.8685 41.9159 38.0526 79.1202 30.0666 47.8853 39.9625 85.0882 15.8114 86.247 79.0253 35.8329 17.4929 66.242 52.876 63.1269 70.1783 100.265 0.0 84.9004 76.1903 100.983 82.3552 27.2947 60.2163 
40.0125 85.7088 47.7773 48.0104 39.5904 56.372 59.6265 1.0 68.4818 22.4722 10.2956 45.607 102.235 42.0704 76.707 51.4004 43.0813 61.4419 18.1108 72.6911 51.0392 53.3385 46.6905 96.3342 26.6271 33.3017 61.1543 85.1469 45.8455 37.1214 45.3542 75.6272 32.3883 84.9004 0.0 8.94427 24.0208 6.40312 73.9685 40.2798 
32.3883 78.4474 38.4215 40.1123 30.8803 49.7809 50.7106 9.43398 66.3053 29.6816 18.3848 43.5951 93.5245 39.8827 67.9117 50.6534 34.176 52.8077 17.2047 64.2876 43.4166 45.0444 45.3053 87.624 26.9258 31.5541 52.2385 76.4853 42.6132 29.0172 40.1123 71.3137 36.1248 76.1903 8.94427 0.0 29.4109 8.544 65.3343 33.6888 
47.9296 86.977 59.4839 55.1408 58.3852 55.7315 75.6223 23.0217 61.6604 7.61577 15.5242 37.2156 118.352 38.2099 87.334 36.2353 59.068 79.9724 42.0119 80.5306 56.4624 62.1195 34.4819 115.405 16.1245 26.0768 77.1501 104.266 43.4166 48.3268 69.0507 70.2567 10.0 100.983 24.0208 29.4109 0.0 20.8806 92.8557 42.72 
35.1283 80.3057 43.721 43.2897 38.6868 50.3709 56.8267 5.83095 62.1772 21.4009 11.1803 39.2046 99.7241 35.7771 73.2654 45.2217 40.4403 60.6066 23.0868 68.4471 46.0435 49.0306 40.3609 95.4305 20.5913 26.9072 58.5224 84.2918 39.5689 32.7567 48.3735 69.3341 28.0 82.3552 6.40312 8.544 20.8806 0.0 73.1333 34.7504 
56.6811 72.9452 45.0156 52.2394 35.0724 68.1175 28.0179 74.6216 87.5025 94.4709 83.7124 83.3858 39.2046 75.4074 40.8044 97.2472 44.0987 17.8045 63.0319 48.3011 55.0091 47.0956 90.2588 29.0689 86.9175 82.4916 38.0156 15.1327 72.4265 56.1914 40.025 85.1469 97.582 27.2947 73.9685 65.3343 92.8557 73.1333 0.0 64.3352 
8.06226 46.0435 19.3132 13.4536 45.2767 16.1555 36.7917 40.1021 36.1868 48.5077 44.0 19.2354 76.5768 11.1803 45.4533 32.9848 27.3836 58.1265 49.0918 38.0789 13.8924 20.5183 25.9615 75.4718 27.2947 19.105 38.3196 69.0797 9.48683 12.1655 62.4107 37.6495 41.0488 60.2163 40.2798 33.6888 42.72 34.7504 64.3352 0.0 
DEMAND_SCENARIO_SECTION
0 0 0 0 0 0 0 0 0 0 0 0 0 0 0 0 0 0 0 0 0 0 0 0 0 0 0 0 0 0 0 0 0 0 0 0 0 0 0 0 0 0 0 0 0 0 0 0 0 0 0 0 0 0 0 0 0 0 0 0 0 0 0 0 0 0 0 0 0 0 0 0 0 0 0 0 0 0 0 0 0 0 0 0 0 0 0 0 0 0 0 0 0 0 0 0 0 0 0 0 0 0 0 0 0 0 0 0 0 0 0 0 0 0 0 0 0 0 0 0 0 0 0 0 0 0 0 0 0 0 0 0 0 0 0 0 0 0 0 0 0 0 0 0 0 0 0 0 0 0 0 0 0 0 0 0 0 0 0 0 0 0 0 0 0 0 0 0 0 0 0 0 0 0 0 0 0 0 0 0 0 0 0 0 0 0 0 0 0 0 0 0 0 0 0 0 0 0 0 0 
6 6 4 4 5 5 7 5 6 3 7 6 2 4 6 3 5 7 7 3 8 6 6 9 9 0 1 4 6 5 8 9 7 4 8 4 8 6 5 5 10 9 3 6 7 7 6 11 6 7 2 8 6 8 5 5 7 5 4 8 4 10 8 8 2 7 6 5 11 2 5 5 7 8 8 4 3 6 6 4 5 8 7 9 6 4 4 3 5 8 5 6 6 8 6 6 6 7 5 7 4 3 3 7 6 7 3 5 3 10 3 6 5 9 5 5 6 8 6 7 4 6 4 6 4 6 5 6 8 5 7 4 4 7 6 7 9 5 8 7 9 5 7 9 5 9 7 6 1 4 6 5 5 5 6 4 5 8 8 4 6 4 6 7 6 3 6 7 5 3 5 4 4 0 9 8 6 5 6 8 7 7 0 0 4 8 6 5 3 3 3 6 5 2 4 7 8 2 6 7 
5 9 7 5 7 9 8 4 7 3 9 10 9 7 6 7 3 6 7 10 7 9 6 8 8 13 8 8 6 4 4 7 9 8 10 7 8 8 9 11 6 10 6 10 8 6 12 9 11 8 1 10 7 8 6 8 7 6 8 7 7 9 9 7 8 6 4 6 9 7 7 6 7 9 11 13 8 9 8 7 8 8 5 9 7 10 14 2 7 2 7 6 5 5 7 4 9 4 5 7 7 6 8 8 8 7 9 11 14 10 6 9 11 3 6 8 5 6 7 9 9 9 6 9 10 9 2 12 12 8 8 7 10 13 8 8 3 10 9 10 13 8 10 6 10 8 7 11 11 5 8 8 8 7 9 13 12 8 7 12 7 9 8 11 9 5 3 10 9 4 11 7 8 15 7 9 6 4 6 9 8 12 7 9 10 10 14 5 9 7 7 12 11 7 11 5 6 6 8 11 
1 1 2 2 1 2 1 2 1 2 1 2 1 1 2 2 3 1 2 2 1 2 2 2 1 2 1 2 1 1 1 2 3 2 2 1 2 1 1 1 3 3 2 2 2 2 2 3 1 3 3 1 3 1 2 2 3 3 2 3 1 2 2 2 2 3 2 3 3 3 3 2 2 2 2 2 2 2 3 3 2 3 2 2 3 1 2 2 2 3 2 2 3 3 3 2 2 2 1 2 2 2 1 3 1 2 3 2 2 3 2 2 2 2 3 1 2 2 2 2 2 2 1 1 3 2 3 2 1 2 1 3 2 1 3 2 0 3 2 1 0 2 2 3 3 1 2 2 2 2 1 3 3 2 2 1 2 3 2 2 3 1 2 2 2 2 2 2 1 2 3 4 3 2 3 2 2 2 3 4 1 3 2 2 2 2 3 3 3 2 2 1 2 2 3 2 2 2 3 2 
8 7 6 7 10 5 9 8 6 5 2 9 6 6 8 5 6 6 6 7 6 8 5 4 10 8 6 9 6 5 9 7 9 8 8 8 10 7 9 6 9 2 3 4 5 6 7 8 6 5 6 9 8 7 3 5 5 6 5 6 6 7 7 3 6 5 4 6 4 8 9 7 2 10 7 5 5 6 2 5 8 5 7 5 3 7 5 6 6 5 7 6 6 9 9 8 9 8 8 7 8 3 8 4 4 5 5 5 6 9 4 6 3 8 3 9 7 6 6 5 7 4 8 7 5 7 7 10 4 6 2 10 7 5 6 6 10 6 6 6 8 4 7 6 9 5 7 9 8 2 7 10 8 3 8 7 2 7 5 5 6 9 8 4 8 7 8 4 4 4 5 6 6 8 6 7 3 8 6 4 6 3 5 8 5 4 5 8 5 4 9 8 6 8 6 10 5 2 5 5 
4 3 4 6 9 5 7 3 6 4 7 7 10 7 8 9 9 10 6 6 7 5 4 4 4 2 7 3 5 3 6 5 5 6 5 8 5 8 5 6 5 6 6 9 8 7 9 7 6 6 6 4 8 10 6 8 7 6 2 6 7 5 7 4 9 5 6 8 3 8 6 3 6 4 6 8 7 5 9 3 7 8 5 4 6 6 6 7 6 7 6 5 6 4 4 4 4 5 6 10 7 7 6 7 7 7 5 7 5 5 3 7 7 6 4 8 9 8 7 6 3 6 6 6 9 2 6 6 11 6 3 6 5 7 5 7 6 8 5 7 6 8 4 8 7 5 10 6 8 6 3 8 6 8 8 6 6 8 3 4 6 7 6 1 4 4 3 5 0 8 4 6 7 3 3 7 9 6 4 9 10 8 5 1 6 9 8 6 6 5 5 4 7 5 7 5 3 9 4 8 
3 2 3 2 2 2 2 2 2 3 2 3 3 2 2 2 2 2 2 3 2 2 1 2 2 2 1 2 2 2 3 1 3 3 0 2 2 3 2 3 3 2 3 1 1 1 3 2 2 2 2 2 2 2 1 2 1 2 2 2 3 3 2 2 3 2 2 2 2 2 2 1 2 1 1 2 2 1 2 2 2 2 2 1 3 2 2 3 1 0 2 2 2 1 1 1 3 2 2 3 1 3 3 3 2 2 2 2 2 2 2 2 1 1 1 1 1 2 2 1 2 3 3 1 1 1 2 2 3 2 2 3 2 2 2 1 2 1 1 1 2 1 2 2 3 2 2 1 3 3 2 0 2 3 3 2 2 2 3 2 2 1 2 2 2 3 3 1 0 2 1 3 2 2 2 2 2 1 3 1 2 3 1 1 2 3 2 1 1 3 2 2 2 2 2 1 2 2 1 2 
1 2 2 1 2 1 2 2 3 3 2 1 1 2 2 3 2 1 1 3 2 1 1 3 1 2 1 2 1 3 1 3 1 2 2 1 2 3 3 1 2 2 3 1 1 4 1 2 2 2 2 2 2 2 1 2 3 3 2 2 2 2 2 1 2 2 2 1 2 1 3 2 3 2 2 2 2 3 2 2 2 2 1 3 2 3 2 3 2 3 2 2 2 2 2 2 2 2 2 1 3 2 2 2 3 2 2 0 2 2 3 2 3 3 2 2 3 3 2 1 1 1 3 1 3 2 3 3 1 2 2 3 2 3 2 2 3 3 2 1 2 1 2 1 2 2 1 1 1 2 2 2 2 3 3 1 2 2 2 3 2 1 2 2 2 2 3 1 2 2 1 2 2 2 3 2 2 2 2 2 3 3 2 2 3 3 2 2 2 2 2 2 1 2 2 2 1 2 3 2 
8 8 7 5 13 4 5 5 5 6 11 6 5 6 9 7 8 4 8 5 4 6 9 6 6 7 8 9 12 5 3 11 12 9 11 9 4 6 7 8 9 10 9 1 5 10 5 4 3 4 6 7 5 7 7 4 6 5 7 9 9 5 7 10 4 8 7 10 3 6 9 5 9 3 9 4 6 7 9 8 6 7 4 5 10 9 5 7 11 8 9 2 7 8 8 6 5 6 7 11 8 10 7 6 9 7 8 12 4 4 8 6 7 7 9 8 7 7 8 5 7 9 7 7 7 12 8 5 7 7 1 6 8 4 9 9 5 12 6 11 5 4 5 8 4 7 6 4 8 8 3 8 12 6 3 6 6 5 7 5 6 6 5 7 10 7 5 6 4 5 10 5 11 4 5 9 8 8 6 10 5 7 7 6 7 11 7 6 7 8 10 9 5 3 12 10 7 4 3 8 
5 5 7 3 3 8 6 3 6 9 8 7 9 5 7 6 4 7 6 6 5 9 8 7 7 9 1 5 7 6 7 5 6 7 5 10 8 7 9 6 8 7 7 4 5 6 8 8 6 6 6 7 3 1 5 6 5 8 3 4 7 4 6 7 7 7 9 3 7 5 6 5 3 7 4 4 5 7 6 5 9 8 8 7 9 3 5 3 5 7 4 6 7 8 6 4 9 3 8 6 6 7 8 4 5 7 6 2 8 6 6 4 4 4 5 8 5 5 4 9 1 7 10 8 8 9 8 4 2 4 3 6 6 8 6 3 8 8 7 8 9 5 7 8 5 1 9 7 10 8 8 8 7 5 4 6 6 4 6 7 6 6 5 4 8 5 5 4 5 8 1 6 7 9 5 8 7 6 7 9 7 3 7 5 7 8 5 7 7 7 5 7 4 6 5 7 7 5 5 4 
1 2 2 1 3 1 3 2 2 2 3 2 2 3 2 1 2 2 2 3 2 2 2 2 3 3 2 1 2 2 1 1 1 3 2 1 3 3 2 2 2 2 3 2 1 2 2 1 3 2 2 3 2 4 2 1 3 3 2 3 2 2 2 2 1 2 1 1 2 2 4 3 2 2 3 2 2 2 2 2 2 2 2 0 1 2 3 1 1 2 2 2 4 1 2 1 3 2 2 3 3 1 3 2 3 2 1 3 2 1 2 2 3 3 3 1 3 2 0 3 2 2 2 3 2 2 3 1 2 3 2 3 2 1 2 2 3 2 2 3 2 2 2 2 2 2 3 2 2 2 3 2 2 2 2 3 3 3 1 2 3 3 3 1 2 2 2 2 2 2 3 2 2 2 0 3 3 1 2 2 2 2 3 2 2 1 2 2 3 2 1 1 2 3 2 3 1 2 3 3 
1 4 4 3 3 3 4 2 3 4 2 5 3 2 2 4 3 3 2 0 4 3 3 4 1 3 1 2 4 2 3 4 2 3 5 1 2 3 4 1 3 4 4 3 3 5 1 3 1 2 5 3 3 2 5 3 4 6 3 4 5 2 2 3 4 2 5 3 4 3 1 3 4 4 4 3 2 2 4 3 4 2 4 4 3 4 3 4 4 4 2 1 2 3 2 2 4 4 7 2 3 3 3 3 4 3 2 3 1 4 2 3 3 3 3 2 5 3 3 4 2 4 4 4 3 4 3 4 4 4 2 2 4 4 3 5 2 1 4 2 3 2 4 3 3 2 4 2 3 3 4 2 3 2 2 5 2 3 3 3 3 4 2 3 3 2 2 2 4 2 5 2 3 2 5 2 3 3 2 3 3 2 3 2 3 2 3 3 1 3 2 3 4 6 3 6 3 4 4 3 
8 4 7 6 4 5 4 3 7 4 5 6 1 4 4 4 4 7 5 6 5 6 6 6 6 7 6 7 6 4 5 7 4 6 3 4 6 5 5 6 3 2 5 4 4 9 5 4 6 6 4 4 6 7 5 1 6 4 5 6 4 5 3 4 5 6 3 7 5 5 7 4 3 5 4 4 6 7 6 3 5 4 5 5 4 7 3 5 3 5 3 7 5 8 7 4 3 6 2 5 4 5 8 4 8 6 8 7 2 5 6 2 3 2 4 3 4 4 5 2 6 4 6 2 6 2 4 5 5 6 3 2 7 8 7 6 4 4 4 6 6 7 5 4 5 8 6 5 6 7 5 4 3 5 1 6 5 4 6 7 4 6 5 7 4 3 5 6 6 6 6 6 7 6 8 6 8 9 4 4 7 4 4 4 7 6 5 6 6 5 6 4 5 8 5 6 6 6 3 6 
3 3 3 4 2 3 2 4 4 2 1 1 3 3 3 5 2 2 3 4 4 2 5 1 0 3 2 1 4 3 4 2 1 3 1 4 4 1 2 3 3 3 3 3 3 1 2 3 3 2 3 1 2 4 3 3 3 4 3 3 3 3 3 4 6 2 4 5 2 3 3 1 4 4 1 2 4 3 4 3 3 4 5 2 3 3 4 4 2 4 3 3 4 3 4 4 3 2 3 4 2 5 2 4 4 2 5 2 2 2 2 3 3 2 3 4 3 3 4 4 3 4 4 3 3 2 4 5 4 3 3 2 2 3 2 2 1 4 0 2 4 3 1 1 4 2 4 2 2 2 3 2 2 3 3 2 3 2 3 3 3 3 3 2 3 3 1 3 4 3 3 4 3 3 3 2 3 4 3 4 3 1 2 4 2 3 3 5 4 3 3 2 2 4 3 4 4 3 2 4 
8 8 4 10 7 11 6 13 10 8 10 7 9 4 8 9 8 8 8 10 8 5 10 7 8 9 6 14 9 12 12 12 9 10 8 6 8 11 6 11 7 2 7 11 8 5 11 7 10 9 9 8 8 7 6 9 9 8 9 6 6 10 8 9 8 4 10 12 5 12 8 8 7 9 10 8 7 5 12 8 4 7 9 8 7 7 9 9 7 3 7 8 9 9 5 0 7 5 8 11 8 7 7 9 10 9 11 6 4 10 9 4 10 5 5 1 4 8 7 10 8 8 11 7 8 7 6 8 6 11 12 2 7 3 6 13 6 5 6 6 6 3 7 10 5 6 10 11 10 12 9 7 12 13 10 7 7 11 10 9 11 9 9 13 6 11 6 12 10 12 8 12 3 3 5 10 10 12 4 9 9 6 2 3 9 7 9 12 11 11 9 5 8 7 10 9 7 8 9 10 
6 8 8 3 7 5 7 10 5 3 6 3 6 5 7 7 6 8 6 10 8 6 10 5 9 8 6 8 3 7 4 5 10 8 7 5 5 7 6 7 4 7 10 6 5 7 6 7 6 7 5 4 7 4 6 3 5 3 4 5 10 4 10 5 10 8 5 7 8 6 8 11 7 4 8 3 10 7 5 7 5 4 6 3 5 5 7 5 3 4 7 9 8 7 7 8 5 3 8 5 6 6 8 6 6 6 6 5 5 7 9 4 8 2 8 6 7 5 6 6 6 7 5 10 5 6 6 6 5 7 6 7 9 8 5 7 7 8 6 6 4 6 4 3 5 7 7 13 6 7 4 10 7 6 6 5 8 10 2 9 2 7 6 4 6 5 8 5 2 8 5 6 9 3 9 7 5 3 6 3 7 6 4 8 6 9 6 6 5 11 7 9 7 9 6 9 4 3 5 4 
1 1 1 1 1 1 1 1 0 1 1 1 1 1 1 1 2 1 1 1 1 1 1 1 1 0 1 0 1 1 1 1 1 1 1 1 1 1 1 1 1 1 1 1 1 1 1 1 1 1 1 1 1 1 1 1 1 1 1 1 1 1 1 1 1 1 1 2 1 1 1 1 2 0 1 1 1 1 1 2 1 1 1 1 1 0 1 1 1 1 1 0 1 1 1 1 1 1 1 1 1 1 1 1 0 1 1 1 1 0 1 1 1 1 1 1 1 1 1 1 1 1 1 1 1 1 1 1 2 1 1 1 2 1 1 1 2 1 2 1 1 1 1 1 1 1 1 1 1 1 1 1 1 1 1 1 1 1 1 0 1 1 1 1 1 1 0 2 1 1 1 1 0 1 1 1 1 1 1 1 1 1 1 1 1 1 1 1 1 1 1 1 1 1 1 1 1 1 0 1 
9 9 5 4 1 5 3 5 3 4 6 6 4 5 2 8 6 9 4 5 5 5 6 8 3 6 3 5 6 4 2 7 2 2 7 6 5 8 1 3 5 5 4 6 3 5 5 7 4 5 5 7 4 5 6 2 7 7 3 5 3 4 5 5 5 5 6 7 7 4 4 7 4 5 4 6 7 5 6 4 3 4 6 4 6 5 0 3 6 6 5 7 5 3 4 5 6 5 4 3 3 6 4 6 6 4 6 7 4 3 5 6 2 5 4 8 5 5 3 7 7 6 4 4 6 6 4 4 5 0 2 7 8 5 6 4 5 6 6 6 3 8 8 6 8 4 6 5 5 5 4 1 2 8 6 5 6 6 4 6 6 5 6 3 8 6 7 4 5 6 4 4 3 6 3 7 3 10 5 7 4 2 4 8 3 4 5 6 5 5 5 8 5 4 6 6 5 8 4 3 
6 9 4 6 6 7 5 7 5 6 7 3 10 7 8 4 10 4 7 7 8 6 8 3 5 7 7 7 5 7 6 6 3 4 9 7 8 8 3 7 7 3 3 8 6 5 6 3 7 5 7 6 6 7 1 6 6 6 6 3 4 4 9 6 3 5 3 7 8 7 4 5 2 7 3 5 7 4 5 4 6 6 9 5 8 10 7 6 5 8 7 9 2 7 4 5 5 5 3 5 9 5 9 7 5 6 3 6 6 4 5 6 10 4 5 7 7 5 5 5 6 5 4 5 5 5 6 5 7 7 4 8 4 4 8 6 6 6 8 9 5 9 4 3 8 9 5 7 5 8 7 5 6 4 6 7 4 5 6 9 5 3 9 7 5 5 6 8 7 6 5 3 5 9 6 5 6 8 8 4 6 5 6 1 10 3 3 6 6 4 6 8 7 8 6 8 2 7 7 9 
4 3 1 4 4 3 3 3 5 3 3 4 2 4 3 4 4 1 6 4 3 2 3 3 4 4 4 3 4 3 4 3 1 4 3 2 3 2 2 3 3 2 5 5 4 3 3 4 3 2 5 3 3 4 2 2 3 3 3 2 2 1 3 4 4 4 1 4 4 3 5 3 2 4 3 3 4 5 4 3 3 2 2 2 3 3 4 3 3 4 2 4 4 1 2 4 2 2 0 5 4 3 3 2 4 4 4 4 2 3 4 3 4 4 3 2 4 3 3 3 3 3 2 2 2 2 2 3 3 5 3 2 3 3 3 2 2 2 2 3 5 4 3 4 4 4 3 3 3 2 3 2 2 1 4 4 4 3 5 4 3 5 2 3 3 3 3 1 2 3 4 3 2 2 3 3 3 3 4 1 2 1 4 2 4 1 4 4 0 4 4 3 3 1 3 3 3 0 2 2 
3 2 3 3 3 3 2 2 2 3 2 2 3 1 1 1 2 3 2 2 2 2 1 2 1 3 2 1 1 2 2 2 3 1 2 2 2 2 2 1 3 2 2 3 2 3 2 1 3 3 1 3 3 2 3 2 0 2 3 2 2 2 3 1 3 1 2 2 1 3 3 2 2 2 2 2 1 2 2 3 2 2 2 4 3 3 2 2 2 2 1 3 3 0 3 3 2 2 1 2 3 3 2 1 2 1 2 1 2 1 3 2 2 3 2 2 2 2 2 3 2 3 3 2 2 3 3 3 3 1 1 2 2 2 2 2 1 1 2 2 3 1 3 2 3 1 0 3 2 2 1 3 2 3 2 2 2 2 2 2 2 2 2 2 2 1 1 2 2 3 2 2 3 2 2 1 3 3 3 1 2 3 3 2 1 2 3 2 2 2 3 2 2 3 2 2 2 2 2 2 
1 0 0 1 1 1 1 1 1 1 1 1 1 1 1 1 1 1 1 1 1 0 1 1 1 1 1 1 2 1 2 2 1 1 1 1 1 0 1 1 1 1 2 1 1 1 1 0 0 1 1 1 1 1 1 1 1 1 1 1 1 1 1 1 1 1 1 1 1 1 1 1 1 2 2 1 1 1 1 1 1 1 1 1 1 2 1 1 1 1 0 1 1 1 1 1 1 0 0 1 2 1 1 0 0 1 1 1 2 1 1 1 1 1 1 1 1 2 1 1 1 1 1 1 1 1 1 1 1 1 1 1 0 1 1 1 1 1 1 1 1 0 1 1 1 2 1 1 1 1 1 1 1 1 1 1 1 2 1 1 2 1 1 1 1 1 1 1 1 1 1 2 1 2 2 2 1 1 1 1 1 1 1 1 1 1 1 1 1 2 1 0 1 0 1 1 1 1 1 1 
8 4 9 5 3 5 6 6 4 2 7 7 5 4 5 4 6 10 8 8 4 6 8 5 6 8 7 8 4 7 8 4 4 6 5 3 3 8 5 6 1 5 8 9 5 5 4 6 7 7 6 7 6 9 7 6 7 6 10 3 4 6 2 6 4 5 6 6 4 5 5 5 3 7 5 9 6 9 8 6 4 5 9 3 7 6 6 6 8 5 4 5 7 5 6 6 3 2 6 7 7 7 9 2 8 4 6 5 5 5 5 8 7 9 5 1 7 5 5 6 7 5 10 7 8 4 4 4 10 6 10 5 7 7 5 6 8 7 1 8 6 7 6 9 4 6 4 5 3 5 8 6 8 9 3 5 5 2 6 10 6 3 6 6 5 7 8 4 7 5 7 9 7 6 7 8 8 6 4 7 9 5 6 5 7 5 7 8 9 6 8 8 5 3 4 5 5 8 6 6 
0 1 1 1 0 1 1 1 1 1 1 1 1 1 1 1 1 1 1 1 1 1 1 1 1 1 1 1 1 1 1 1 1 2 1 2 1 1 1 1 1 1 1 1 1 2 1 1 1 1 1 1 1 1 1 1 1 1 1 1 1 1 1 1 1 2 1 1 1 1 1 1 1 1 2 1 0 1 1 1 1 1 1 2 1 1 1 1 1 2 1 1 1 1 1 1 1 1 1 1 1 1 2 1 1 1 1 1 1 0 1 1 1 1 1 1 1 2 1 2 1 1 0 1 1 0 1 1 1 1 1 1 1 1 1 0 1 0 1 1 1 1 1 1 1 1 1 1 2 1 2 1 1 1 1 2 1 2 1 1 2 1 1 1 1 1 1 1 1 1 1 0 1 1 1 1 1 1 1 1 1 2 1 1 1 0 0 1 1 1 1 1 1 1 1 0 1 1 0 1 
2 1 2 2 2 2 3 1 2 1 3 2 2 2 1 2 2 1 2 1 2 2 2 2 1 3 2 2 2 2 2 1 1 1 2 1 1 2 3 1 2 2 1 3 3 2 1 2 3 2 2 2 2 2 2 2 3 3 2 3 2 1 2 2 1 2 2 2 2 1 2 3 3 2 1 2 4 3 1 2 3 1 2 2 2 2 2 2 2 1 2 3 1 1 2 2 2 1 2 3 1 2 2 3 1 2 1 2 3 1 3 2 1 2 2 1 3 2 2 3 2 3 3 3 2 2 3 2 2 2 2 1 2 3 1 3 2 3 2 2 2 3 2 2 2 1 2 2 2 2 4 2 2 3 2 3 4 3 2 2 3 2 2 2 1 2 2 2 2 2 1 1 3 3 2 2 2 2 1 3 2 3 1 2 1 2 2 4 3 2 2 4 1 2 2 3 2 1 2 2 
4 5 4 5 6 5 6 5 6 5 3 7 2 6 5 4 5 4 8 3 4 6 6 4 5 10 5 4 6 2 4 5 4 7 3 6 5 5 7 5 6 3 6 4 3 7 5 4 7 3 7 6 9 5 7 5 7 4 6 5 4 3 5 4 3 6 6 5 3 3 4 2 4 3 6 4 7 2 4 8 6 1 6 4 6 6 5 8 4 3 7 7 4 7 5 2 5 3 4 4 7 5 5 4 4 6 7 6 5 7 5 6 4 3 7 5 4 8 5 4 4 4 4 5 5 5 8 5 0 6 9 2 6 5 6 6 8 6 5 5 8 6 4 3 4 5 5 9 6 5 4 6 6 5 5 3 5 5 5 8 3 5 4 6 5 5 6 4 6 5 4 3 2 7 9 5 5 4 3 5 7 6 5 4 7 4 4 4 4 5 0 4 5 4 3 7 6 4 7 5 
2 3 2 3 4 3 3 3 4 3 2 3 2 3 4 2 3 4 4 3 3 2 2 3 1 3 2 4 3 2 2 2 4 4 5 5 3 3 2 4 2 3 2 3 3 3 2 2 4 3 3 4 4 2 2 3 2 3 4 3 2 2 4 2 1 3 3 3 3 4 1 4 5 4 2 2 3 5 2 4 2 4 3 4 3 5 4 3 4 2 6 2 5 2 4 2 1 2 2 3 3 3 2 1 3 3 5 1 2 3 3 3 3 5 2 1 1 3 2 3 2 3 3 4 2 3 2 5 5 3 4 2 2 3 3 4 3 3 4 1 3 3 3 2 2 2 4 5 2 4 4 3 3 3 3 4 3 2 4 5 3 3 3 2 3 2 3 3 4 1 4 3 1 2 1 4 3 4 2 5 4 4 5 3 3 4 1 2 3 2 4 3 5 3 4 4 4 4 3 4 
2 2 3 1 2 2 1 2 1 2 3 1 3 1 2 3 1 2 2 2 3 2 2 2 2 2 2 2 2 1 1 2 3 1 1 2 2 3 2 1 2 4 1 3 2 2 3 1 1 2 2 1 2 1 1 3 1 2 2 3 2 1 1 2 2 2 2 2 2 2 2 1 2 2 1 2 3 2 2 2 3 2 3 2 2 3 2 2 2 3 1 3 2 2 3 2 2 1 2 3 4 1 3 1 2 2 2 2 1 1 1 2 1 2 2 2 3 2 3 1 2 3 2 3 1 2 3 3 2 2 1 1 2 1 2 1 2 3 3 2 1 2 2 2 3 2 2 2 2 0 4 2 2 2 2 1 1 2 2 1 3 3 2 2 3 1 3 2 1 2 0 2 3 1 2 2 3 2 2 2 1 2 3 2 2 3 1 1 3 2 2 1 2 2 3 1 1 2 1 3 
1 2 1 1 1 1 0 1 2 1 1 1 1 1 1 1 1 1 1 1 1 1 1 1 1 1 1 1 1 1 1 1 1 1 1 1 1 1 1 1 1 1 1 2 1 2 1 1 1 1 1 0 1 1 0 1 1 1 1 1 1 1 1 0 1 1 1 1 1 1 1 1 1 1 1 1 1 1 1 1 1 1 1 1 1 1 1 1 1 1 1 1 2 2 1 1 1 1 1 1 1 1 1 1 2 2 1 1 1 1 1 1 0 1 2 1 1 0 0 1 1 1 1 1 1 1 1 1 1 1 1 1 0 2 0 1 1 1 1 1 0 1 0 1 1 1 1 1 1 1 0 0 1 1 2 1 0 2 1 1 1 1 1 1 1 1 1 1 1 0 1 1 1 1 0 1 1 1 1 1 0 1 0 1 1 1 1 1 1 1 2 1 0 1 1 1 1 1 1 1 
4 7 3 5 7 13 5 8 9 10 4 7 6 8 3 6 4 6 8 7 7 5 7 5 4 6 5 3 4 12 7 8 6 4 7 7 14 6 4 7 6 11 8 7 9 6 5 7 5 7 6 10 6 6 9 3 4 6 9 8 6 12 6 4 10 9 9 5 1 9 6 5 8 6 10 7 6 9 9 9 11 5 8 4 7 6 10 6 7 3 6 3 7 9 5 6 11 8 5 4 9 10 8 8 8 10 3 3 11 9 5 8 5 6 8 7 7 9 9 9 6 7 6 7 7 10 12 5 7 4 4 5 7 9 10 10 7 9 8 5 8 9 8 9 11 10 5 9 5 4 4 2 2 5 10 11 8 6 4 7 5 5 10 5 10 3 10 10 8 7 8 11 8 8 7 8 12 6 4 8 5 7 6 5 7 3 6 4 8 7 8 5 6 9 8 4 5 9 3 6 
7 10 7 6 4 10 9 7 9 11 6 8 9 6 4 5 5 9 3 6 8 5 4 10 7 6 7 5 10 6 6 8 5 6 4 9 4 7 10 3 5 8 8 8 4 9 9 6 6 5 5 8 6 9 13 6 7 6 8 5 7 7 5 8 6 8 3 7 12 9 4 8 9 10 7 6 4 13 8 7 6 11 7 5 7 8 6 6 9 5 4 5 6 4 8 8 6 9 4 8 7 7 10 13 8 5 1 11 6 8 6 8 5 10 7 7 5 4 6 8 5 9 10 6 7 9 9 6 12 11 7 5 7 6 8 7 8 11 13 7 6 5 8 4 5 7 7 4 6 8 8 6 3 8 7 5 5 6 11 9 9 9 10 8 11 7 7 9 7 8 9 5 5 7 10 6 5 7 7 8 0 9 9 12 6 6 8 11 10 7 8 6 6 10 7 6 4 4 11 6 
8 8 3 12 9 6 7 3 10 6 9 13 9 11 10 6 9 8 13 6 6 5 9 7 4 8 9 4 11 6 10 7 9 5 12 6 10 7 7 6 10 9 14 12 10 12 12 6 9 7 8 11 9 7 10 11 6 8 11 8 8 8 5 9 6 9 6 10 6 9 7 4 10 7 3 9 4 4 0 5 9 9 15 7 11 7 11 10 9 5 9 3 10 8 8 3 7 12 10 7 7 10 8 11 7 9 10 10 5 8 7 11 11 11 4 10 10 7 8 10 10 6 7 10 7 10 10 10 6 10 6 7 11 6 11 10 9 7 14 2 7 12 4 1 3 11 7 11 10 7 5 3 12 12 6 8 11 10 11 9 10 7 9 9 3 10 9 10 11 8 8 6 9 7 10 7 9 5 2 7 9 6 12 11 12 12 11 11 11 11 10 7 9 8 8 7 8 11 4 5 
1 3 3 1 2 2 1 3 2 2 2 2 2 2 2 2 3 2 2 2 2 2 3 1 2 3 2 3 2 1 1 2 4 1 1 3 2 3 2 3 2 2 2 2 1 2 3 1 1 1 3 2 3 2 2 2 2 1 2 1 2 1 2 2 3 2 2 3 2 2 2 2 2 1 2 2 2 2 2 2 3 3 2 1 3 2 2 2 2 2 2 3 0 3 2 2 2 3 1 2 0 3 2 2 3 3 2 2 2 3 1 3 1 0 3 2 2 3 4 2 2 1 2 3 1 2 3 2 2 2 1 2 2 2 2 3 2 2 1 2 1 2 2 1 2 3 3 2 1 1 2 2 1 0 3 3 2 4 2 1 2 3 2 2 2 1 3 2 2 1 2 3 2 2 2 2 1 2 2 2 1 2 1 2 2 1 1 3 2 2 2 3 1 0 3 1 2 2 2 2 
7 6 6 12 9 9 13 8 4 4 10 11 7 9 9 7 8 11 6 4 12 12 7 8 8 6 7 8 9 7 11 9 11 5 12 9 5 10 10 11 7 7 11 9 6 12 2 8 10 5 7 9 8 10 8 12 10 8 9 7 12 12 12 10 13 6 6 7 11 13 10 6 5 1 10 9 5 12 2 9 8 6 8 7 6 10 10 7 7 4 8 7 5 7 5 3 6 6 3 4 7 14 9 7 9 13 4 11 10 5 6 12 7 10 7 8 8 7 2 5 4 9 10 5 3 12 5 7 10 6 7 8 9 4 12 8 9 7 8 10 9 8 9 9 6 6 10 6 12 11 10 7 10 8 9 5 10 6 6 11 8 7 5 9 7 7 10 8 9 5 11 1 2 11 10 13 7 6 8 9 9 12 11 8 11 9 12 12 11 7 12 7 7 7 9 8 8 8 11 9 
15 5 6 9 11 7 12 9 7 10 2 9 11 5 12 5 12 10 8 8 4 5 5 9 10 8 11 9 13 8 3 13 9 13 2 13 8 11 3 10 10 7 9 4 7 10 12 7 13 11 10 14 13 10 8 8 7 7 5 7 9 6 9 8 6 10 10 12 15 8 10 7 9 10 9 13 7 6 11 5 9 7 9 10 11 8 6 14 4 8 10 11 8 9 11 7 12 9 15 9 10 13 12 8 10 14 13 10 6 8 7 13 6 8 3 7 8 11 11 6 12 11 12 4 10 5 8 8 16 11 5 5 12 10 8 9 8 9 2 8 6 6 7 11 8 14 10 7 11 13 12 9 6 3 10 6 11 9 8 9 6 9 4 13 8 11 12 7 6 10 6 3 3 10 1 4 4 7 9 11 6 8 12 12 8 12 6 10 8 6 11 5 9 11 4 11 10 10 9 10 
2 5 5 7 7 9 11 5 11 8 9 10 7 7 4 10 9 7 8 6 8 6 5 7 5 8 9 8 8 4 6 8 4 3 11 10 9 7 7 6 8 11 10 9 3 6 9 4 11 10 6 6 7 6 9 7 7 10 6 6 11 4 7 9 3 11 6 7 7 7 6 6 8 9 7 10 11 7 8 9 9 8 9 8 10 10 12 9 8 8 2 11 5 8 6 8 8 7 10 9 5 8 6 6 5 4 3 6 15 10 8 5 3 7 5 9 10 7 7 9 6 9 6 6 9 8 6 7 5 6 6 7 4 7 7 4 10 6 6 7 5 4 7 9 8 10 8 6 7 6 8 7 8 6 11 7 4 10 11 5 8 5 10 4 5 9 8 5 5 8 6 8 4 3 5 8 8 5 5 5 8 8 7 8 6 9 10 9 7 7 8 3 8 10 7 9 7 8 8 10 
3 3 3 4 2 4 3 4 3 2 4 2 4 3 4 2 3 3 4 2 3 3 3 4 3 3 4 4 3 3 3 3 5 4 4 2 2 4 2 3 3 4 3 4 4 1 4 4 4 3 4 2 2 3 5 2 2 3 5 3 3 4 4 3 3 4 0 5 3 4 4 3 3 3 4 4 4 2 3 3 3 2 5 2 3 1 3 4 2 1 1 3 2 3 4 4 3 4 4 5 3 2 4 4 3 2 3 3 4 3 3 4 6 1 2 5 3 4 3 3 4 4 2 2 3 3 4 2 3 3 3 5 3 3 2 3 4 3 3 4 0 3 2 3 1 5 2 4 3 3 2 3 4 3 2 2 3 4 3 2 3 0 3 3 2 3 3 3 2 3 2 5 3 3 4 5 3 3 2 1 0 3 3 1 4 2 2 3 4 4 3 4 4 3 5 3 4 5 3 2 
2 3 3 3 2 4 1 4 4 2 2 3 3 3 3 3 2 2 3 3 3 4 1 3 6 1 3 5 2 3 3 4 4 2 5 2 2 3 3 2 1 2 4 4 2 3 3 2 3 4 2 4 2 3 4 3 3 3 4 2 3 4 1 3 4 5 6 3 2 3 4 2 3 2 3 4 1 2 4 4 1 3 3 2 2 3 6 2 4 3 3 2 1 2 4 3 1 4 3 2 2 4 4 3 2 3 3 4 4 3 2 4 3 5 2 3 5 2 4 2 3 3 5 3 5 1 4 2 2 2 2 4 4 4 5 2 4 4 3 1 4 3 3 2 4 4 4 3 3 1 4 2 3 2 2 2 3 4 3 3 4 3 3 2 4 4 4 4 4 5 2 4 2 4 4 3 3 2 2 5 2 1 2 3 2 3 2 3 4 4 3 1 1 4 3 3 5 3 3 3 
2 2 2 5 4 4 4 3 1 1 4 4 4 3 2 3 4 3 4 3 4 4 3 3 4 3 1 3 4 3 3 4 3 5 2 4 5 1 2 2 3 2 3 2 2 4 3 3 3 3 1 5 1 1 3 4 3 2 2 2 4 5 5 2 3 3 2 4 4 4 4 4 2 4 3 3 4 3 2 4 3 2 5 4 3 1 2 5 2 2 4 3 2 3 1 4 4 4 2 2 2 3 3 2 1 3 2 3 2 4 2 2 3 1 4 3 2 2 2 4 3 3 3 2 2 4 3 4 3 2 4 3 2 3 2 2 3 3 3 4 2 5 2 4 3 1 3 2 3 3 1 5 4 3 4 3 3 3 2 3 0 2 5 4 1 4 2 4 3 4 4 5 4 4 6 2 2 4 4 3 1 4 3 3 3 3 4 3 4 2 4 3 3 3 4 3 3 2 2 3 
4 2 3 2 4 4 4 3 1 4 2 4 2 5 3 2 3 4 4 4 2 4 3 3 4 3 1 4 3 1 3 1 2 2 2 3 1 3 5 2 3 4 2 4 2 3 4 3 2 2 4 2 3 4 2 4 3 4 3 3 3 4 2 3 2 1 2 4 4 3 6 3 4 2 2 3 3 2 4 3 1 3 3 1 3 2 4 1 3 3 3 3 3 4 5 2 3 1 3 4 3 4 2 1 2 3 3 3 5 4 3 4 2 3 3 2 3 4 3 3 3 1 0 2 3 5 4 2 3 4 4 4 3 2 3 2 4 3 4 4 4 4 3 3 5 2 3 3 3 4 3 1 2 5 1 3 2 3 2 4 3 5 4 4 3 3 3 2 3 2 2 1 3 4 3 4 3 3 5 2 4 2 1 3 4 3 4 4 2 5 3 4 1 1 3 2 4 5 1 1 
DEPOT_SECTION
 1
 -1
EOF
