NAME  : Jabali_40_4_0.82_1_2
TYPE : SVRP
MODEL : FINITE_SUPPORT
NUMBER_OF_SCENARIOS : 200
DIMENSION : 40
EDGE_WEIGHT_TYPE : MATRIX
CAPACITY : 69
N_VEHICLES : 4
NODE_COORD_SECTION
1 4570 3452
2 4389 7843
3 3583 1100
4 4200 6523
5 5885 2012
6 5828 2173
7 2085 3449
8 5734 3283
9 3556 4672
10 2461 2882
11 6978 5761
12 1159 2649
13 4763 6451
14 5489 8236
15 3540 2911
16 996 4023
17 2325 1984
18 6038 3450
19 3510 4311
20 2552 2165
21 8015 2426
22 1799 6352
23 92 6147
24 6228 3532
25 2127 370
26 7612 2746
27 5208 8568
28 5129 5646
29 3355 18
30 6656 2072
31 5161 6892
32 4307 2981
33 958 5068
34 2173 5868
35 6122 4956
36 4120 1753
37 2223 3734
38 6261 2087
39 27 5696
40 3144 4328
DEMAND_SECTION
1 0.0
2 7.0
3 1.0
4 2.0
5 7.0
6 9.0
7 10.0
8 10.0
9 10.0
10 7.0
11 7.0
12 6.0
13 6.0
14 4.0
15 4.0
16 2.0
17 4.0
18 6.0
19 10.0
20 5.0
21 7.0
22 3.0
23 9.0
24 1.0
25 7.0
26 2.0
27 5.0
28 5.0
29 1.0
30 8.0
31 7.0
32 4.0
33 3.0
34 6.0
35 9.0
36 3.0
37 10.0
38 3.0
39 10.0
40 8.0
DEVIATION_SECTION
1 0.0
2 2.33333
3 0.333333
4 0.666667
5 2.33333
6 3.0
7 3.33333
8 3.33333
9 3.33333
10 2.33333
11 2.33333
12 2.0
13 2.0
14 1.33333
15 1.33333
16 0.666667
17 1.33333
18 2.0
19 3.33333
20 1.66667
21 2.33333
22 1.0
23 3.0
24 0.333333
25 2.33333
26 0.666667
27 1.66667
28 1.66667
29 0.333333
30 2.66667
31 2.33333
32 1.33333
33 1.0
34 2.0
35 3.0
36 1.0
37 3.33333
38 1.0
39 3.33333
40 2.66667
DISTANCE_MATRIX
0.0 58.1378 33.3017 40.3113 24.7879 23.3848 33.6356 16.6433 20.2278 29.6142 45.607 47.2969 39.6611 65.437 15.1327 50.0366 35.2278 20.5913 18.8737 32.1403 50.6338 49.3474 71.2859 22.3607 52.3259 45.5534 68.8186 29.6985 48.0833 31.5377 46.2277 6.7082 56.7032 46.5905 28.6356 22.6716 33.7347 26.631 67.9604 22.9359 
58.1378 0.0 89.8721 18.0278 78.9623 77.5592 68.2176 68.5235 45.9674 72.6229 43.8634 84.0436 19.4165 15.0333 65.2274 68.9564 84.2723 72.4159 50.2494 82.0702 85.4751 50.3244 63.1981 67.3518 105.835 79.3095 14.5602 31.4006 104.862 80.3613 16.2788 63.6318 58.0517 39.5601 46.0435 80.2621 64.7125 80.8054 57.3149 52.345 
33.3017 89.8721 0.0 71.8471 36.0 35.0143 37.3363 41.1096 49.111 28.2843 77.2127 39.1152 72.3464 98.4124 26.0 52.8867 20.5913 44.643 47.757 20.2485 61.0 72.5524 79.9062 46.5725 22.0227 58.2151 101.533 62.9682 15.0 45.0999 79.2465 26.8701 63.2851 69.7951 60.129 11.1803 39.0512 40.1123 80.2247 48.5749 
40.3113 18.0278 71.8471 0.0 61.6698 60.2667 51.1806 51.2311 28.4253 55.5859 37.5366 67.5957 7.2111 28.6531 47.2071 55.5788 67.2352 55.1235 32.5576 65.0332 72.7931 38.0161 56.648 54.5858 87.8146 66.566 30.6105 16.7631 86.8389 67.5952 13.0384 45.6508 47.1834 28.2843 33.2415 62.2656 47.6754 63.5129 51.4782 35.0 
24.7879 78.9623 36.0 61.6698 0.0 1.41421 55.2268 17.0333 44.8298 48.8262 53.8472 65.8635 59.8342 84.7894 35.3836 71.6503 49.3964 19.4415 43.4758 47.0106 26.4008 72.6399 95.8879 21.1679 58.0086 22.561 88.5343 48.7407 46.5725 9.48683 65.7157 25.4951 81.3052 71.0917 42.5485 26.4764 55.3484 5.0 92.5624 47.5379 
23.3848 77.5592 35.0143 60.2667 1.41421 0.0 53.8145 15.6301 43.4267 47.4342 52.4441 64.4981 58.4311 83.3863 33.9706 70.2374 48.1041 18.0384 42.0727 45.6946 27.7308 71.2368 94.4848 19.7648 57.0351 23.7697 87.1312 47.3376 45.8803 10.198 64.3126 24.0832 79.9021 69.6886 41.1454 25.318 53.9355 5.38516 91.1593 46.1348 
33.6356 68.2176 37.3363 51.1806 55.2268 53.8145 0.0 50.1774 24.3311 9.05539 74.0608 16.4924 55.0273 79.8279 19.8494 16.6433 19.6469 54.1935 22.0 18.1108 81.1673 35.5828 42.5793 55.9902 41.6293 76.7751 81.6806 51.3517 49.163 62.0712 62.6259 30.0 26.0192 32.8255 58.7544 35.3412 3.60555 57.1645 43.0116 18.0278 
16.6433 68.5235 41.1096 51.2311 17.0333 15.6301 50.1774 0.0 35.0599 45.5412 37.6063 63.2456 49.3954 74.3506 31.0161 66.5784 49.2544 4.12311 33.7082 46.3897 35.2807 63.0652 86.1203 6.08276 62.5859 28.9863 78.0955 38.3019 54.1202 23.7831 55.2769 20.8806 71.5377 61.0042 26.3076 30.0832 50.2764 18.8764 82.7948 37.7703 
20.2278 45.9674 49.111 28.4253 44.8298 43.4267 24.3311 35.0599 0.0 27.8978 50.4876 40.7922 31.305 56.8595 24.4635 34.5082 39.5472 38.9524 4.47214 37.3451 70.2054 30.3539 52.2919 40.7124 65.071 63.9111 59.0339 27.074 64.098 51.5797 38.9102 23.5864 37.7093 27.5966 36.4005 39.8428 21.095 46.6729 48.9664 6.7082 
29.6142 72.6229 28.2843 55.5859 48.8262 47.4342 9.05539 45.5412 27.8978 0.0 73.2462 17.72 59.101 84.2324 14.5602 25.0799 11.6619 49.6488 24.9565 9.48683 74.969 44.4111 51.6236 51.5461 34.1321 70.5768 86.0859 52.3568 40.3113 55.873 66.7165 24.6982 35.0571 41.6537 57.0 26.9258 11.1803 50.9662 52.0384 21.2684 
45.607 43.8634 77.2127 37.5366 53.8472 52.4441 74.0608 37.6063 50.4876 73.2462 0.0 90.0056 30.4138 39.1152 59.8415 84.8689 80.604 34.4107 52.0865 77.4661 45.8912 71.4748 93.3699 32.7248 97.4987 40.5216 44.1814 24.6982 91.4597 42.9608 28.3019 52.2015 80.4114 68.7174 17.088 66.0923 71.1758 55.6903 88.3218 56.1427 
47.2969 84.0436 39.1152 67.5957 65.8635 64.4981 16.4924 63.2456 40.7922 17.72 90.0056 0.0 71.4703 96.5607 32.28 19.3132 18.6011 67.3573 38.2099 19.799 92.1792 48.1883 46.8722 69.2604 34.0147 87.7984 97.8677 67.7422 46.5725 73.0946 79.0569 42.3792 33.541 45.3431 74.1687 41.7732 19.9249 68.1878 49.3356 34.3657 
39.6611 19.4165 72.3464 7.2111 59.8342 58.4311 55.0273 49.3954 31.305 59.101 30.4138 71.4703 0.0 26.1725 48.2917 61.131 68.5647 53.2879 34.9857 65.4315 67.2681 44.3363 63.6946 49.0847 88.8992 61.065 29.2062 12.0416 87.3212 62.0942 7.61577 45.607 53.6151 35.1416 27.6586 62.2013 51.5461 61.6773 58.6003 38.0132 
65.437 15.0333 98.4124 28.6531 84.7894 83.3863 79.8279 74.3506 56.8595 84.2324 39.1152 96.5607 26.1725 0.0 74.4529 83.1211 94.7259 69.0014 60.803 91.5927 84.214 64.4891 78.2304 67.3155 115.06 78.4092 5.09902 36.0555 113.358 79.9117 19.2094 71.5891 72.6911 53.9351 46.8402 88.0909 76.3227 86.6325 72.3395 63.5138 
15.1327 65.2274 26.0 47.2071 35.3836 33.9706 19.8494 31.0161 24.4635 14.5602 59.8415 32.28 48.2917 74.4529 0.0 36.267 20.8806 35.1141 23.1094 17.72 61.3179 53.4038 61.191 37.0 40.6079 56.9257 77.2288 40.7063 40.7063 42.2218 55.6058 10.2956 44.2939 50.6464 43.1856 19.0 19.9651 37.3151 61.1551 27.1715 
50.0366 68.9564 52.8867 55.5788 71.6503 70.2374 16.6433 66.5784 34.5082 25.0799 84.8689 19.3132 61.131 83.1211 36.267 0.0 33.2415 70.6346 34.0147 32.7567 97.5817 32.632 28.0713 72.3946 52.6118 95.5933 83.5026 60.5458 63.1981 78.4856 68.3593 46.4009 14.4222 29.5466 70.8401 51.8845 16.9706 73.5789 30.0832 29.9666 
35.2278 84.2723 20.5913 67.2352 49.3964 48.1041 19.6469 49.2544 39.5472 11.6619 80.604 18.6011 68.5647 94.7259 20.8806 33.2415 0.0 53.3385 43.3824 3.16228 75.7694 56.8953 61.0328 55.3263 22.4722 71.7844 97.7352 61.327 30.0167 57.1188 75.8788 29.0172 45.1774 52.4603 63.7887 23.8537 22.4722 52.2121 62.1289 32.9178 
20.5913 72.4159 44.643 55.1235 19.4415 18.0384 54.1935 4.12311 38.9524 49.6488 34.4107 67.3573 53.2879 69.0014 35.1141 70.6346 53.3385 0.0 37.6006 50.4876 31.2572 66.9576 90.0128 2.0 66.2873 24.9629 73.7339 42.1944 57.2713 25.9452 52.9053 25.0 75.4301 64.8966 23.112 33.7343 54.3327 21.2846 86.6873 41.6628 
18.8737 50.2494 47.757 32.5576 43.4758 42.0727 22.0 33.7082 4.47214 24.9565 52.0865 38.2099 34.9857 60.803 23.1094 34.0147 43.3824 37.6006 0.0 40.2492 68.8537 34.7997 56.7377 39.3607 63.717 62.5593 63.1269 29.6142 62.7439 50.2256 42.5441 22.2324 38.6395 32.0424 37.108 38.4887 19.105 45.3189 53.4122 4.12311 
32.1403 82.0702 20.2485 65.0332 47.0106 45.6946 18.1108 46.3897 37.3451 9.48683 77.4661 19.799 65.4315 91.5927 17.72 32.7567 3.16228 50.4876 40.2492 0.0 73.4098 54.6932 60.208 52.469 25.0 69.2892 95.5331 58.1808 31.0644 54.5896 72.7456 26.0 44.0114 50.9117 60.6712 22.0227 20.6155 49.6829 61.0082 30.7157 
50.6338 85.4751 61.0 72.7931 26.4008 27.7308 81.1673 35.2807 70.2054 74.969 45.8912 92.1792 67.2681 84.214 61.3179 97.5817 75.7694 31.2572 68.8537 73.4098 0.0 98.405 120.467 29.5308 82.6075 6.32456 89.1403 56.0458 69.0072 20.5183 69.2604 51.354 106.683 95.6477 39.6232 52.4976 81.2798 24.4131 117.018 72.9158 
49.3474 50.3244 72.5524 38.0161 72.6399 71.2368 35.5828 63.0652 30.3539 44.4111 71.4748 48.1883 44.3363 64.4891 53.4038 32.632 56.8953 66.9576 34.7997 54.6932 98.405 0.0 36.0689 68.7176 79.3544 92.1106 64.8705 46.8121 85.2282 93.0929 51.0454 52.7065 23.2788 11.2426 60.6004 68.9628 33.447 74.483 32.6125 36.071 
71.2859 63.1981 79.9062 56.648 95.8879 94.4848 42.5793 86.1203 52.2919 51.6236 93.3699 46.8722 63.6946 78.2304 61.191 28.0713 61.0328 90.0128 56.7377 60.208 120.467 36.0689 0.0 91.7728 80.6226 114.173 77.0065 68.8809 91.0494 102.638 69.2604 74.6445 17.088 29.6816 82.6693 77.3411 41.2311 97.731 6.08276 51.5991 
22.3607 67.3518 46.5725 54.5858 21.1679 19.7648 55.9902 6.08276 40.7124 51.5461 32.7248 69.2604 49.0847 67.3155 37.0 72.3946 55.3263 2.0 39.3607 52.469 29.5308 68.7176 91.7728 0.0 68.2495 23.2364 72.048 37.8386 59.0931 24.2187 51.2194 26.9258 77.1901 66.6566 21.4261 35.6931 56.0927 23.011 88.4473 43.4228 
52.3259 105.835 22.0227 87.8146 58.0086 57.0351 41.6293 62.5859 65.071 34.1321 97.4987 34.0147 88.8992 115.06 40.6079 52.6118 22.4722 66.2873 63.717 25.0 82.6075 79.3544 80.6226 68.2495 0.0 80.0999 117.836 80.9938 17.0294 67.1193 96.2133 45.618 65.9697 74.2511 80.4114 32.5576 44.7214 62.1289 82.5651 55.3769 
45.5534 79.3095 58.2151 66.566 22.561 23.7697 76.7751 28.9863 63.9111 70.5768 40.5216 87.7984 61.065 78.4092 56.9257 95.5933 71.7844 24.9629 62.5593 69.2892 6.32456 92.1106 114.173 23.2364 80.0999 0.0 83.2947 49.8188 67.3647 15.2643 63.1269 46.9617 100.389 89.3533 33.3766 49.0306 79.2914 19.6977 110.723 66.6215 
68.8186 14.5602 101.533 30.6105 88.5343 87.1312 81.6806 78.0955 59.0339 86.0859 44.1814 97.8677 29.2062 5.09902 77.2288 83.5026 97.7352 73.7339 63.1269 95.5331 89.1403 64.8705 77.0065 72.048 117.836 83.2947 0.0 39.8246 116.516 84.733 22.8254 74.8131 72.5672 54.1202 51.4198 91.4002 78.1754 90.3774 71.0282 65.6049 
29.6985 31.4006 62.9682 16.7631 48.7407 47.3376 51.3517 38.3019 27.074 52.3568 24.6982 67.7422 12.0416 36.0555 40.7063 60.5458 61.327 42.1944 29.6142 58.1808 56.0458 46.8121 68.8809 37.8386 80.9938 49.8188 39.8246 0.0 77.7817 50.848 17.0 36.1248 55.7136 44.0547 16.5529 52.345 48.1664 50.5838 65.53 33.3766 
48.0833 104.862 15.0 86.8389 46.5725 45.8803 49.163 54.1202 64.098 40.3113 91.4597 46.5725 87.3212 113.358 40.7063 63.1981 30.0167 57.2713 62.7439 31.0644 69.0072 85.2282 91.0494 59.0931 17.0294 67.3647 116.516 77.7817 0.0 56.0446 94.1754 41.7732 75.06 82.4708 74.3761 25.4951 51.4782 51.2445 92.0489 61.2507 
31.5377 80.3613 45.0999 67.5952 9.48683 10.198 62.0712 23.7831 51.5797 55.873 42.9608 73.0946 62.0942 79.9117 42.2218 78.4856 57.1188 25.9452 50.2256 54.5896 20.5183 93.0929 102.638 24.2187 67.1193 15.2643 84.733 50.848 56.0446 0.0 64.2181 32.2579 88.0551 77.8416 34.3752 35.0571 62.1837 5.0 99.3122 54.2877 
46.2277 16.2788 79.2465 13.0384 65.7157 64.3126 62.6259 55.2769 38.9102 66.7165 28.3019 79.0569 7.61577 19.2094 55.6058 68.3593 75.8788 52.9053 42.5441 72.7456 69.2604 51.0454 69.2604 51.2194 96.2133 63.1269 22.8254 17.0 94.1754 64.2181 0.0 52.4023 60.2121 41.3038 30.0167 68.884 59.1354 67.5588 63.9062 45.618 
6.7082 63.6318 26.8701 45.6508 25.4951 24.0832 30.0 20.8806 23.5864 24.6982 52.2015 42.3792 45.607 71.5891 10.2956 46.4009 29.0172 25.0 22.2324 26.0 51.354 52.7065 74.6445 26.9258 45.618 46.9617 74.8131 36.1248 41.7732 32.2579 52.4023 0.0 54.4279 49.9491 35.171 16.6433 30.099 27.3512 71.319 26.2945 
56.7032 58.0517 63.2851 47.1834 81.3052 79.9021 26.0192 71.5377 37.7093 35.0571 80.4114 33.541 53.6151 72.6911 44.2939 14.4222 45.1774 75.4301 38.6395 44.0114 106.683 23.2788 17.088 77.1901 65.9697 100.389 72.5672 55.7136 75.06 88.0551 60.2121 54.4279 0.0 19.0 68.6003 60.444 24.3311 83.1483 17.0 34.6364 
46.5905 39.5601 69.7951 28.2843 71.0917 69.6886 32.8255 61.0042 27.5966 41.6537 68.7174 45.3431 35.1416 53.9351 50.6464 29.5466 52.4603 64.8966 32.0424 50.9117 95.6477 11.2426 29.6816 66.6566 74.2511 89.3533 54.1202 44.0547 82.4708 77.8416 41.3038 49.9491 19.0 0.0 57.843 66.7965 30.6897 72.9348 25.4951 33.3136 
28.6356 46.0435 60.129 33.2415 42.5485 41.1454 58.7544 26.3076 36.4005 57.0 17.088 74.1687 27.6586 46.8402 43.1856 70.8401 63.7887 23.112 37.108 60.6712 39.6232 60.6004 82.6693 21.4261 80.4114 33.3766 51.4198 16.5529 74.3761 34.3752 30.0167 35.171 68.6003 57.843 0.0 49.0086 56.0892 44.3916 79.2129 41.2311 
22.6716 80.2621 11.1803 62.2656 26.4764 25.318 35.3412 30.0832 39.8428 26.9258 66.0923 41.7732 62.2013 88.0909 19.0 51.8845 23.8537 33.7343 38.4887 22.0227 52.4976 68.9628 77.3411 35.6931 32.5576 49.0306 91.4002 52.345 25.4951 35.0571 68.884 16.6433 60.444 66.7965 49.0086 0.0 36.1151 30.0666 77.3052 42.5508 
33.7347 64.7125 39.0512 47.6754 55.3484 53.9355 3.60555 50.2764 21.095 11.1803 71.1758 19.9249 51.5461 76.3227 19.9651 16.9706 22.4722 54.3327 19.105 20.6155 81.2798 33.447 41.2311 56.0927 44.7214 79.2914 78.1754 48.1664 51.4782 62.1837 59.1354 30.099 24.3311 30.6897 56.0892 36.1151 0.0 57.277 41.1983 15.0333 
26.631 80.8054 40.1123 63.5129 5.0 5.38516 57.1645 18.8764 46.6729 50.9662 55.6903 68.1878 61.6773 86.6325 37.3151 73.5789 52.2121 21.2846 45.3189 49.6829 24.4131 74.483 97.731 23.011 62.1289 19.6977 90.3774 50.5838 51.2445 5.0 67.5588 27.3512 83.1483 72.9348 44.3916 30.0666 57.277 0.0 94.4055 49.381 
67.9604 57.3149 80.2247 51.4782 92.5624 91.1593 43.0116 82.7948 48.9664 52.0384 88.3218 49.3356 58.6003 72.3395 61.1551 30.0832 62.1289 86.6873 53.4122 61.0082 117.018 32.6125 6.08276 88.4473 82.5651 110.723 71.0282 65.53 92.0489 99.3122 63.9062 71.319 17.0 25.4951 79.2129 77.3052 41.1983 94.4055 0.0 51.4936 
22.9359 52.345 48.5749 35.0 47.5379 46.1348 18.0278 37.7703 6.7082 21.2684 56.1427 34.3657 38.0132 63.5138 27.1715 29.9666 32.9178 41.6628 4.12311 30.7157 72.9158 36.071 51.5991 43.4228 55.3769 66.6215 65.6049 33.3766 61.2507 54.2877 45.618 26.2945 34.6364 33.3136 41.2311 42.5508 15.0333 49.381 51.4936 0.0 
DEMAND_SCENARIO_SECTION
0 0 0 0 0 0 0 0 0 0 0 0 0 0 0 0 0 0 0 0 0 0 0 0 0 0 0 0 0 0 0 0 0 0 0 0 0 0 0 0 0 0 0 0 0 0 0 0 0 0 0 0 0 0 0 0 0 0 0 0 0 0 0 0 0 0 0 0 0 0 0 0 0 0 0 0 0 0 0 0 0 0 0 0 0 0 0 0 0 0 0 0 0 0 0 0 0 0 0 0 0 0 0 0 0 0 0 0 0 0 0 0 0 0 0 0 0 0 0 0 0 0 0 0 0 0 0 0 0 0 0 0 0 0 0 0 0 0 0 0 0 0 0 0 0 0 0 0 0 0 0 0 0 0 0 0 0 0 0 0 0 0 0 0 0 0 0 0 0 0 0 0 0 0 0 0 0 0 0 0 0 0 0 0 0 0 0 0 0 0 0 0 0 0 0 0 0 0 0 0 
9 5 8 7 6 5 6 5 3 7 8 9 5 7 11 9 6 10 4 7 7 4 12 8 9 9 9 9 4 10 8 8 7 6 8 8 9 6 5 2 11 6 5 4 7 9 8 11 5 5 6 5 7 5 7 11 4 7 4 6 10 7 7 7 4 9 5 10 13 7 8 7 7 7 8 5 6 8 10 5 4 8 11 5 10 6 7 7 4 10 9 9 6 8 10 11 7 10 7 11 6 4 7 10 9 6 8 4 6 5 8 2 9 9 6 6 8 8 4 8 8 6 9 8 8 8 9 4 7 9 11 5 7 9 9 2 10 2 7 10 7 7 4 6 10 11 6 5 6 11 4 7 5 3 7 7 9 2 7 3 5 7 6 6 9 10 6 9 9 6 8 6 9 5 2 6 7 4 10 11 2 7 9 5 6 11 9 6 8 9 10 8 12 10 5 7 7 6 6 11 
1 1 0 1 1 1 1 0 1 1 1 1 1 1 1 1 2 1 1 1 1 1 1 1 1 1 0 1 1 0 1 1 1 0 1 1 1 2 1 2 1 1 2 1 1 0 1 1 0 1 1 1 1 1 1 1 0 1 1 2 1 1 1 1 1 1 1 1 1 1 1 1 1 1 2 1 2 1 1 1 1 1 2 1 1 1 1 1 1 1 1 1 1 1 1 0 1 1 1 0 1 1 1 0 1 1 1 1 1 1 1 1 1 1 1 1 1 1 1 1 2 1 1 0 1 0 1 1 1 1 1 1 0 1 1 1 1 1 1 1 1 1 1 1 1 1 1 1 0 1 1 1 1 1 1 1 1 1 1 1 1 1 0 1 1 1 1 1 1 1 1 1 1 0 1 1 1 1 2 1 1 1 1 1 1 1 0 1 1 1 1 1 1 0 1 1 1 1 1 1 
2 0 3 2 2 2 2 1 2 3 2 2 0 2 2 2 2 2 1 2 3 2 3 2 2 2 3 1 2 2 3 3 1 2 1 2 2 2 3 2 3 1 3 3 0 3 2 1 2 1 2 2 2 2 1 2 1 1 1 2 2 2 2 2 2 2 2 2 2 3 1 2 2 2 1 2 1 1 2 3 3 2 2 2 2 3 2 3 2 2 3 3 1 2 2 1 2 2 1 2 1 3 3 3 2 2 1 3 2 2 2 3 2 2 2 2 2 1 1 2 1 3 2 3 2 3 1 1 1 2 1 3 2 2 1 2 0 2 1 2 1 2 2 3 0 2 3 2 3 2 3 3 2 2 2 1 2 2 3 1 2 3 2 2 2 2 2 1 1 2 2 2 2 3 3 2 1 2 1 2 2 1 0 3 2 3 2 1 1 2 3 1 1 2 2 2 2 1 2 2 
9 7 6 3 7 11 9 7 5 8 9 8 8 8 10 5 4 8 8 6 7 8 9 10 3 4 9 6 8 7 11 8 5 5 4 10 5 10 4 8 9 7 7 7 6 9 7 9 8 7 11 11 7 3 5 8 6 6 5 6 9 9 7 4 4 4 4 9 3 4 7 2 10 3 5 10 5 5 8 8 5 9 7 4 3 9 4 4 4 5 11 3 9 4 6 3 5 8 11 9 7 7 8 6 8 9 9 8 5 6 8 9 4 12 4 5 6 8 4 7 4 4 6 6 5 9 8 8 7 7 8 7 8 10 7 9 8 4 5 6 9 6 4 6 7 8 4 9 8 4 9 9 8 10 8 7 11 4 10 11 10 8 9 8 10 8 9 7 10 4 5 7 6 8 6 10 7 5 11 9 10 10 13 5 8 6 3 4 7 7 7 3 6 8 9 12 5 7 6 7 
0 13 9 7 7 8 11 7 8 5 9 6 7 9 14 10 10 5 12 8 8 6 10 10 10 10 11 7 6 15 3 6 12 6 13 14 4 7 12 9 4 7 14 14 7 5 8 11 9 4 11 11 15 9 6 12 7 5 14 5 3 11 14 7 5 5 14 9 11 6 10 15 11 6 8 6 7 8 8 10 8 12 11 15 10 11 8 6 8 10 12 15 3 14 10 8 2 5 7 11 17 10 9 8 7 10 8 9 12 13 7 10 4 9 9 13 9 12 13 10 13 8 9 7 15 5 9 8 17 8 8 10 7 8 9 10 10 11 5 12 4 16 8 7 10 6 17 11 6 8 5 4 8 12 12 10 11 6 9 9 11 2 7 7 16 8 11 13 13 7 9 6 5 12 11 9 14 4 12 5 2 7 10 10 13 9 7 10 6 13 13 4 10 9 11 6 9 12 10 9 
5 14 14 4 7 9 9 2 5 8 7 5 13 11 7 18 11 9 8 9 11 13 8 12 7 10 5 11 10 6 8 13 4 13 13 8 12 7 16 12 8 11 9 9 14 5 8 8 14 11 8 11 9 11 10 17 12 10 10 7 8 12 13 13 3 5 6 10 12 2 4 9 12 11 3 5 9 13 12 18 19 6 16 13 10 8 15 10 9 14 6 5 11 5 16 12 5 10 6 7 12 16 10 5 7 11 13 11 10 16 10 10 11 12 10 9 16 15 13 9 6 10 16 10 7 11 12 8 6 7 6 12 10 9 9 15 12 9 11 8 5 8 10 15 12 9 6 10 5 9 14 14 10 13 11 11 6 11 9 9 11 10 7 11 12 7 8 6 11 10 10 6 11 14 12 14 12 8 9 13 8 10 11 12 6 8 7 4 11 9 10 10 10 12 14 5 12 8 11 14 
10 4 8 14 9 12 7 14 9 7 12 7 12 7 12 5 8 5 7 10 13 10 13 7 11 10 10 10 8 8 12 6 13 6 7 11 13 9 11 13 7 13 7 13 10 13 5 14 9 12 9 6 12 11 14 13 3 8 12 10 6 11 11 7 7 7 15 11 7 12 13 11 9 9 9 3 7 5 10 13 6 8 3 3 10 12 12 4 7 10 9 13 7 12 11 12 10 9 14 10 10 9 9 8 6 8 10 10 6 11 8 7 15 13 9 10 11 12 8 12 11 7 14 6 9 11 12 13 10 6 13 10 11 8 9 2 12 10 8 9 5 14 1 8 8 10 10 14 14 8 8 8 13 5 8 12 7 17 9 2 15 12 14 12 8 8 11 9 10 7 14 11 8 9 5 16 6 3 14 7 12 8 12 7 13 6 9 17 10 8 7 13 9 3 7 10 9 13 10 11 
14 14 11 6 12 4 5 9 15 9 6 7 12 9 10 9 8 8 5 12 10 8 16 9 20 7 7 19 11 7 11 16 15 14 8 10 12 10 8 4 11 11 11 11 12 7 15 10 10 14 9 13 10 5 9 10 7 10 11 10 11 7 15 6 12 9 13 5 10 10 11 6 12 12 15 14 16 10 13 7 9 6 13 6 12 8 11 9 9 12 8 6 12 12 9 6 13 11 9 7 3 15 10 5 15 13 9 13 13 14 13 15 8 12 11 12 12 8 11 10 12 10 14 11 12 11 10 3 12 8 1 12 9 13 6 10 7 7 11 6 11 10 11 4 9 17 8 10 6 8 9 10 15 12 13 7 14 12 11 10 13 7 6 10 8 16 9 9 9 5 9 9 8 11 12 9 7 11 10 9 10 11 4 11 8 10 6 16 11 8 14 8 7 2 8 8 5 9 13 9 
10 8 7 4 6 9 6 7 4 5 5 2 3 9 7 5 6 8 7 6 8 5 11 9 5 10 4 7 7 6 7 11 6 6 8 5 6 8 5 9 6 7 8 6 9 6 6 5 6 10 12 8 4 3 6 6 11 11 4 7 7 7 10 5 12 5 7 5 8 5 7 11 5 4 8 9 0 10 9 5 6 6 5 10 4 5 6 7 3 8 6 4 11 3 7 6 10 6 2 8 4 6 5 8 5 7 11 12 8 5 5 8 8 4 10 6 7 9 6 9 13 8 5 5 10 7 5 6 5 7 12 3 9 9 7 7 3 5 9 8 9 5 10 6 5 8 8 9 8 7 6 6 8 5 9 6 9 5 6 7 5 7 10 4 5 8 6 4 9 9 5 6 6 7 12 9 5 4 6 11 3 6 9 4 5 9 11 12 3 8 5 6 7 7 7 9 12 8 10 8 
7 9 8 6 9 9 7 8 4 9 8 10 9 9 8 8 8 3 5 9 3 8 6 5 5 7 3 6 4 8 7 5 8 8 8 8 7 10 10 6 4 6 7 9 8 6 6 6 7 5 8 7 7 4 6 9 6 5 10 9 4 6 8 12 9 7 10 10 6 7 9 8 7 5 11 8 13 7 7 8 3 7 11 5 6 8 11 6 2 5 8 5 9 3 12 9 4 3 8 9 3 7 8 6 7 7 10 7 8 7 11 5 6 11 4 12 8 4 7 9 5 4 6 8 7 10 13 6 9 7 7 6 7 5 9 6 7 10 8 8 6 10 10 11 5 3 8 6 5 6 11 10 9 6 10 8 6 6 10 3 6 0 8 4 9 7 6 6 9 11 6 8 7 6 8 6 9 8 9 8 4 7 10 9 6 6 4 7 4 1 7 8 6 10 5 7 7 6 3 8 
3 5 4 6 6 6 9 6 5 7 7 5 8 7 11 5 8 5 9 10 5 6 7 5 2 5 3 5 7 5 7 5 10 6 9 8 6 8 6 8 7 7 5 7 7 7 8 6 6 5 5 6 9 7 2 6 6 2 7 5 4 4 4 6 10 6 5 6 6 7 9 3 7 7 6 7 2 7 3 5 5 9 4 6 10 6 6 5 11 8 6 5 8 3 5 6 4 6 3 5 4 7 10 9 7 4 7 6 6 6 3 5 5 4 7 7 8 8 5 3 6 3 5 9 4 8 4 11 5 3 5 7 7 7 6 7 4 11 8 5 7 7 7 9 7 3 7 6 6 7 8 6 4 6 5 7 5 7 8 1 3 6 10 7 7 6 6 6 5 9 7 4 5 7 5 6 8 6 7 7 7 4 11 5 8 7 6 3 6 7 7 5 6 5 11 3 9 4 4 6 
6 2 11 9 5 5 6 7 8 9 6 7 10 3 6 5 7 6 10 5 4 10 7 4 5 6 6 5 7 5 6 11 5 4 5 4 4 6 7 7 5 7 6 4 6 8 8 7 6 4 8 6 6 7 6 5 7 8 4 10 5 10 6 6 4 7 8 7 5 7 5 5 9 6 3 5 4 6 5 7 5 6 11 6 4 10 4 3 6 4 5 7 7 5 7 6 5 6 8 3 7 1 8 4 6 8 6 4 8 9 10 6 2 6 6 5 1 6 5 4 5 8 5 5 6 6 8 7 7 4 6 6 4 9 6 7 7 7 7 9 5 5 7 3 1 6 8 8 8 6 9 8 6 4 8 5 6 5 7 8 6 7 7 5 9 9 5 10 8 8 6 6 5 8 5 5 6 7 8 6 4 4 8 6 9 5 7 5 9 5 9 6 7 3 5 7 3 7 6 5 
4 5 4 2 3 4 2 4 2 4 4 5 1 4 4 3 4 6 5 4 9 2 5 4 3 6 4 5 5 4 3 6 3 4 3 4 2 4 1 4 3 5 6 6 4 3 5 3 4 4 3 3 2 3 3 4 3 5 5 4 3 4 3 4 5 6 2 2 4 5 4 4 5 4 4 3 6 4 3 3 2 4 4 2 2 5 3 3 3 6 4 4 4 2 3 4 5 6 4 3 3 4 5 4 6 6 1 4 1 4 5 1 6 3 5 5 5 4 3 6 5 7 4 4 5 3 5 5 5 5 5 1 5 3 6 4 4 3 6 4 4 2 2 2 5 4 5 3 3 3 5 4 6 6 3 3 3 4 2 4 3 2 4 4 3 5 4 4 6 5 4 5 3 3 5 2 4 4 3 3 5 5 3 4 4 3 5 4 4 6 1 4 4 7 3 3 3 3 5 4 
3 4 5 4 3 5 2 4 5 6 3 2 4 5 3 4 1 6 4 3 6 4 3 6 5 5 3 3 4 4 5 4 4 4 3 3 2 5 2 3 3 3 1 3 6 6 4 6 3 4 5 5 3 4 6 4 4 3 5 4 3 4 4 5 4 6 6 4 4 4 5 5 4 3 6 4 5 4 4 4 4 4 6 5 2 3 5 3 5 5 4 4 6 5 6 3 2 4 0 4 4 5 1 5 2 6 6 5 4 1 4 5 5 2 7 4 3 2 6 5 5 3 5 6 4 4 4 4 5 3 6 4 5 3 2 5 4 4 6 5 4 7 5 4 4 5 4 5 3 7 5 4 7 2 4 4 4 4 5 2 6 3 4 5 2 4 3 2 5 5 4 4 5 4 4 3 3 4 3 3 4 3 4 2 4 6 4 3 5 5 7 3 4 2 5 1 5 2 4 1 
1 2 2 2 2 3 3 2 1 2 1 0 0 3 3 3 2 2 1 2 2 2 2 2 2 2 2 2 1 2 1 2 3 1 1 1 2 2 2 1 3 3 3 2 2 1 2 1 2 2 3 2 3 3 2 2 2 2 1 2 1 1 3 2 2 3 2 2 1 2 3 2 3 1 3 2 2 3 2 3 2 1 3 3 3 2 2 2 2 2 1 1 3 2 1 2 2 1 3 1 2 1 1 1 0 2 2 2 3 3 1 1 2 2 2 0 2 3 4 2 3 2 2 3 2 2 2 2 2 3 3 2 2 2 2 2 3 2 1 2 3 2 3 2 2 2 2 3 3 1 3 2 2 2 3 2 2 2 1 2 2 2 2 3 3 2 2 1 1 2 2 2 2 3 3 2 3 1 2 2 1 2 1 2 2 2 4 2 1 2 1 2 2 1 2 2 3 1 2 2 
3 3 5 5 4 4 3 5 3 7 2 6 4 5 4 5 3 4 5 4 3 5 3 5 6 4 5 6 3 3 3 3 5 4 3 4 4 0 3 3 5 6 4 2 6 1 6 4 5 2 3 4 4 6 6 3 4 4 5 5 6 5 6 1 4 5 4 7 4 3 3 5 5 3 5 4 3 4 2 3 5 4 5 2 4 3 2 4 5 4 3 5 3 5 4 4 2 4 4 6 4 4 4 4 3 6 5 5 5 3 4 2 3 4 4 5 5 3 3 4 5 4 6 2 2 4 2 4 5 4 3 5 3 5 2 5 5 4 4 1 5 2 5 4 3 4 3 3 6 5 4 5 5 3 6 6 4 4 4 5 4 5 4 4 5 0 2 5 7 4 6 3 4 4 2 5 5 5 3 5 6 3 5 3 2 3 3 7 5 4 3 1 5 6 1 4 2 6 3 3 
6 3 9 10 6 7 3 5 9 4 7 4 8 9 8 8 6 9 7 9 6 6 10 7 3 3 7 5 7 6 7 9 8 5 7 7 4 9 6 6 7 5 6 5 5 8 6 6 10 6 7 2 6 10 3 6 3 6 5 7 6 8 5 5 5 8 10 6 3 10 7 4 8 5 4 10 5 8 4 8 6 11 4 8 5 7 7 6 1 6 5 6 4 5 5 7 8 5 4 8 7 4 6 6 8 7 5 8 8 6 5 8 3 5 4 8 5 6 8 9 6 8 8 7 4 7 6 5 4 7 9 6 8 7 6 4 6 5 5 3 4 4 4 10 6 7 7 7 7 9 5 8 4 5 6 2 6 7 4 5 4 7 5 12 6 7 7 10 10 8 9 7 6 5 9 4 6 8 3 7 2 7 4 10 5 5 6 5 3 6 6 3 7 8 3 7 6 4 6 6 
2 8 11 10 3 12 9 12 9 7 14 12 4 12 8 8 9 7 4 11 6 12 11 10 14 7 8 13 15 14 11 13 8 8 9 7 6 7 13 13 15 5 3 10 11 10 7 12 5 9 10 4 11 12 10 8 12 16 11 8 12 9 10 10 11 9 11 6 9 16 12 16 12 12 7 11 13 6 8 13 12 8 11 11 14 7 11 13 7 10 5 13 11 12 8 10 9 2 12 6 13 7 15 10 12 11 6 14 18 14 7 9 10 15 13 16 10 15 7 12 9 7 5 14 14 13 8 13 9 16 11 7 10 8 7 9 10 13 14 13 7 8 6 9 9 7 14 11 13 10 15 10 12 10 8 14 11 7 9 10 14 8 12 6 8 7 9 13 9 11 14 17 11 7 8 4 10 7 13 6 11 6 14 9 10 4 12 14 8 11 7 5 6 9 8 10 14 5 9 10 
3 3 5 4 5 6 5 2 5 5 5 7 7 1 4 4 5 2 4 6 6 7 6 7 4 6 5 3 8 2 3 5 6 2 4 4 3 5 4 2 3 2 4 6 6 4 3 5 7 8 6 7 4 4 4 6 2 4 7 5 4 6 6 6 3 3 6 3 5 5 4 3 5 6 2 3 5 5 6 4 4 6 3 5 5 7 7 5 6 4 5 7 5 3 5 6 5 4 5 5 4 4 4 5 5 1 5 3 4 8 6 6 6 6 4 6 7 5 7 5 8 7 5 7 4 5 3 4 4 7 5 3 2 7 3 4 5 8 7 4 5 6 7 7 3 1 3 4 7 5 6 3 3 6 9 4 6 4 5 5 2 5 4 6 6 5 5 3 3 5 8 4 3 7 2 4 5 5 2 6 1 6 2 4 3 5 6 5 4 5 3 4 5 3 5 4 6 5 4 9 
7 8 11 7 7 7 9 5 6 11 9 11 1 5 7 10 7 8 6 5 6 6 9 7 6 5 7 6 5 11 6 8 8 5 8 4 4 8 7 6 5 4 8 6 9 5 7 10 9 8 7 5 8 5 12 8 5 6 7 7 3 5 6 8 7 4 9 4 5 7 8 5 10 9 7 8 6 8 8 6 8 8 6 9 6 11 3 7 9 6 6 5 6 9 6 7 5 5 8 8 5 3 9 10 8 5 8 10 9 11 10 10 11 7 3 6 3 9 8 10 8 10 9 8 6 7 8 8 4 8 5 8 10 7 8 4 6 7 5 1 10 5 4 4 4 7 7 9 9 8 9 7 11 7 1 6 8 7 10 6 7 10 6 5 14 10 1 10 8 6 5 10 4 10 7 7 7 9 10 6 8 7 9 6 6 7 6 5 7 5 5 10 4 9 4 2 6 10 11 10 
2 3 3 3 2 4 2 3 3 3 2 2 2 2 1 3 4 3 3 4 1 3 4 3 1 2 4 4 3 1 0 3 3 3 3 3 3 1 4 3 1 4 3 3 2 4 1 2 2 4 2 5 3 3 2 4 3 2 4 4 2 3 3 3 2 3 4 2 2 6 2 4 5 2 3 2 2 3 3 4 4 2 3 3 4 2 3 3 3 2 2 4 3 2 4 3 3 3 3 3 3 3 5 0 2 3 4 4 3 4 4 1 4 2 2 2 3 2 3 4 2 3 3 4 3 3 2 2 1 3 2 3 2 3 3 3 3 4 3 3 2 4 2 4 3 2 2 4 3 2 4 4 2 2 3 3 2 4 4 3 2 3 2 5 2 3 4 5 3 3 4 5 1 4 2 2 4 2 5 5 4 2 3 2 4 4 4 3 6 3 3 2 1 3 1 1 4 2 3 3 
9 11 7 10 6 8 9 9 8 10 2 4 11 7 12 7 8 13 7 8 6 3 8 11 6 4 9 7 8 6 16 12 10 6 12 6 12 13 10 10 9 9 9 8 11 8 1 4 3 6 4 11 9 11 12 6 6 7 9 12 12 4 10 5 14 7 7 9 9 8 7 7 3 8 8 8 8 10 12 7 9 13 6 5 4 13 8 9 9 8 8 10 5 9 11 8 9 11 8 9 7 9 9 6 7 10 9 6 11 12 17 11 9 7 12 7 14 9 13 12 9 10 13 11 6 13 11 9 10 9 8 9 9 11 8 10 7 6 3 11 6 12 11 12 9 5 12 10 14 7 5 10 10 7 12 13 9 7 8 18 10 6 6 8 10 8 6 10 9 12 9 9 7 6 5 12 9 10 11 12 12 10 5 10 12 5 12 8 11 7 8 9 14 8 8 7 11 12 15 7 
2 1 1 0 1 2 1 1 1 0 1 1 1 1 1 1 1 1 1 1 1 1 0 1 0 2 1 1 1 1 1 1 1 1 1 1 1 0 1 1 1 1 1 2 1 1 1 1 1 1 0 1 1 1 1 1 1 1 1 1 1 1 1 1 0 1 1 1 1 0 2 1 1 1 1 1 1 1 1 1 0 1 2 1 1 0 1 0 1 1 1 1 1 1 1 1 1 1 1 1 2 0 1 1 1 1 1 1 1 1 1 1 1 0 1 1 1 1 1 1 1 1 1 1 1 2 1 1 1 2 1 1 1 1 0 1 1 1 1 0 1 1 1 1 1 1 1 1 1 1 2 1 1 1 1 1 1 1 1 1 1 1 1 1 1 1 1 1 1 0 1 2 1 0 1 1 1 1 1 1 1 1 1 1 1 1 1 1 1 1 1 1 1 1 1 1 1 1 0 1 
10 8 7 9 9 4 5 5 6 6 8 8 8 5 7 10 10 6 6 2 7 6 3 5 9 1 6 6 10 11 6 8 4 8 5 4 10 11 5 4 5 7 9 9 7 7 7 5 9 6 5 7 9 1 2 5 4 5 11 7 4 6 5 7 7 8 5 6 10 7 9 6 6 8 4 8 10 4 11 9 6 5 10 10 10 2 6 5 5 5 5 6 5 9 5 8 8 8 6 4 11 5 8 13 7 7 6 7 7 8 7 8 9 14 5 9 10 9 2 8 9 5 6 6 4 6 2 9 5 4 6 2 3 7 6 4 9 7 8 9 7 5 6 5 9 10 9 7 8 9 7 11 6 2 2 8 9 5 8 8 7 8 6 6 9 10 9 7 6 4 10 7 10 8 10 7 5 3 7 7 9 6 4 7 5 10 5 7 6 7 6 5 10 6 6 5 9 6 9 3 
2 2 3 2 2 3 2 1 2 2 2 2 3 1 3 2 2 1 1 3 2 3 2 1 2 2 2 2 2 2 1 1 2 2 3 1 3 1 3 2 2 2 4 3 2 2 3 1 2 1 3 2 3 3 2 3 3 2 0 2 1 2 3 2 2 2 3 2 2 2 2 2 2 2 2 2 2 3 2 1 2 2 2 2 1 2 3 2 2 3 2 2 1 3 3 2 2 1 2 2 2 2 1 1 2 2 2 2 2 2 2 1 3 3 3 3 3 3 2 3 3 3 2 1 3 1 2 2 2 2 2 2 2 4 3 3 2 3 1 2 3 2 1 2 2 3 2 1 3 1 1 1 2 2 3 2 2 2 1 2 2 1 1 3 1 3 3 2 2 3 1 2 1 2 3 3 1 1 2 1 1 2 3 2 1 2 2 3 3 2 2 3 2 3 3 1 1 3 2 3 
4 3 6 4 6 3 9 4 3 7 9 5 5 4 6 4 1 6 5 8 7 7 8 4 4 5 3 6 3 6 5 6 3 3 6 2 6 4 6 4 4 9 3 6 4 2 5 4 5 5 5 6 4 5 7 6 7 6 6 5 8 8 5 5 3 4 5 4 3 5 5 4 7 9 3 8 4 1 4 7 4 2 6 5 6 5 5 1 4 6 4 3 5 6 5 7 2 7 5 6 2 3 4 7 4 3 4 1 7 5 4 7 3 4 6 7 5 7 6 5 6 7 6 4 5 7 4 5 4 4 3 6 6 4 4 5 7 2 4 3 6 4 5 6 5 5 5 3 3 7 3 4 5 5 5 3 5 7 4 7 5 4 6 3 3 4 5 5 5 7 2 5 4 4 4 3 7 5 6 8 6 4 0 7 4 5 9 3 3 5 6 5 2 4 8 7 9 4 3 7 
6 5 4 4 5 6 4 6 5 7 6 5 5 5 8 6 4 4 5 6 4 4 5 6 4 5 5 3 6 6 3 4 2 5 5 7 5 6 7 5 5 6 5 4 6 6 5 8 6 6 2 5 6 5 8 6 2 1 6 5 6 4 5 5 5 5 5 7 7 5 4 1 4 4 4 6 7 7 3 5 5 6 6 7 4 0 5 4 4 3 5 7 2 2 6 7 7 6 5 4 3 6 5 4 6 6 6 3 6 6 4 7 9 3 7 1 6 5 4 4 6 6 5 5 7 6 7 5 4 5 7 3 5 5 5 7 6 5 4 4 5 6 7 5 5 5 2 6 6 7 6 3 4 5 5 9 4 6 2 5 4 5 3 2 4 5 7 5 6 3 5 6 4 5 7 4 7 5 2 4 6 4 4 8 5 5 4 5 3 5 6 3 4 5 1 5 3 6 4 6 
1 1 1 1 0 1 1 0 1 1 1 1 1 1 1 1 2 1 1 1 1 1 1 1 1 1 1 1 1 2 1 0 1 1 1 1 0 1 0 1 1 2 1 1 1 1 1 1 1 1 1 1 1 1 0 1 1 1 1 1 1 1 1 1 1 1 1 1 1 1 1 1 1 1 1 1 1 0 1 1 1 1 2 1 1 1 1 1 1 1 0 1 1 1 1 1 1 1 1 1 1 1 1 1 2 1 1 1 1 1 1 1 1 1 1 1 1 1 0 1 1 1 1 1 1 2 1 1 1 1 1 1 2 1 1 0 1 0 1 1 1 1 1 1 1 1 1 1 1 1 1 1 1 1 1 1 1 1 1 2 1 1 1 0 1 2 2 2 1 1 1 0 1 1 1 0 1 1 1 1 1 0 1 1 1 1 0 1 1 1 2 0 1 1 1 1 1 1 1 1 
8 4 10 8 9 10 4 8 7 7 10 17 8 10 8 8 10 6 9 5 10 8 9 7 8 5 7 9 9 11 8 5 9 6 5 10 11 9 13 8 9 8 4 6 5 8 5 11 8 7 10 10 5 6 12 3 6 2 7 7 5 8 10 6 7 7 7 6 7 6 10 3 10 8 12 10 6 7 8 8 7 8 12 8 11 10 9 9 5 5 2 7 11 9 4 9 11 10 14 4 9 9 10 7 6 8 14 9 9 8 11 11 5 5 8 6 7 6 9 5 5 10 9 10 5 8 7 8 12 9 8 10 6 12 5 8 11 9 5 8 6 8 7 6 10 4 8 7 7 13 10 9 5 5 9 10 6 10 7 5 4 10 14 6 8 7 11 6 9 10 9 7 10 4 7 11 6 13 8 10 11 8 12 11 7 14 7 13 9 3 8 5 5 10 8 11 12 12 9 12 
8 8 9 1 11 5 12 6 7 4 8 4 7 6 7 5 6 8 9 14 8 10 12 3 3 9 12 7 4 8 8 9 14 9 4 7 6 8 7 4 8 5 8 9 5 8 6 8 6 3 9 8 5 8 5 8 7 7 9 8 6 8 8 5 9 5 7 5 3 6 4 7 6 6 8 8 8 8 8 5 5 4 6 7 6 5 5 10 5 8 6 5 5 8 10 4 10 5 7 3 6 6 8 7 4 8 9 0 9 2 10 9 6 3 8 9 7 8 5 6 10 8 6 7 3 6 5 9 6 8 6 9 4 2 4 6 5 5 6 7 7 8 6 9 4 9 10 7 9 9 4 6 6 3 7 8 12 4 9 8 3 5 4 9 5 6 9 8 10 9 4 7 6 3 5 7 9 6 8 7 5 13 6 6 5 5 7 7 4 6 12 7 7 8 6 7 3 6 5 8 
4 4 6 5 5 1 5 2 5 7 5 7 3 3 5 3 7 5 5 5 3 2 3 6 3 3 3 6 5 2 7 2 4 4 3 4 3 4 4 3 4 4 4 2 4 5 5 3 4 3 3 4 3 4 3 3 5 1 4 4 4 3 6 6 1 4 2 4 4 2 4 2 5 3 3 7 3 4 3 2 5 3 3 3 4 4 4 1 4 3 6 3 4 3 6 5 6 4 4 5 5 3 4 2 3 4 4 6 5 3 5 3 4 4 3 4 4 3 3 6 1 6 3 5 3 4 4 5 2 5 2 4 4 3 3 5 4 7 5 5 4 5 3 4 4 3 2 5 2 3 3 3 4 4 3 3 2 5 4 5 3 4 4 6 6 5 3 4 5 4 3 3 1 5 5 4 3 3 3 4 5 5 3 5 2 6 5 3 2 3 4 3 3 5 5 4 4 2 5 2 
3 4 4 3 2 3 4 4 3 3 2 3 4 4 3 3 3 3 2 3 5 4 3 3 1 1 2 1 3 3 1 3 4 3 2 4 1 3 3 5 3 1 1 2 2 3 1 2 4 3 4 1 3 3 2 3 3 6 2 3 4 3 3 1 2 4 2 2 3 2 2 2 4 3 3 2 3 2 2 3 3 2 3 3 0 2 2 3 3 4 3 2 2 4 3 4 2 2 3 2 3 2 5 1 3 3 4 4 2 2 3 3 3 3 3 1 2 3 2 5 0 4 5 3 1 3 2 3 2 2 3 2 6 2 2 4 2 3 4 3 3 0 2 3 6 4 3 2 2 2 3 3 4 3 2 2 4 5 1 1 3 2 3 4 2 3 2 1 2 5 3 2 3 4 1 3 3 2 3 4 2 4 4 4 3 3 3 2 1 3 4 3 4 2 2 0 2 3 5 4 
5 2 5 6 5 8 1 6 7 6 9 7 6 8 8 4 7 1 6 4 5 11 6 6 8 11 5 4 6 7 8 5 5 6 7 7 5 4 6 3 7 1 6 6 8 4 7 8 8 3 6 5 3 8 7 5 8 5 7 7 6 7 6 7 4 4 7 10 6 8 8 8 7 7 10 3 6 8 9 4 7 6 4 4 6 1 6 7 4 6 6 4 8 5 7 9 8 5 4 6 5 4 6 8 6 5 4 7 5 7 5 5 7 8 5 5 5 6 6 7 6 6 5 8 3 4 6 4 4 8 0 4 3 7 9 6 6 9 4 6 4 7 8 3 8 3 6 5 6 8 3 8 3 4 7 6 7 4 5 7 5 7 5 10 4 8 4 8 7 9 7 4 8 10 4 8 5 7 7 5 3 7 3 5 8 8 5 4 7 6 6 5 5 11 7 7 2 4 8 8 
7 9 5 6 9 9 9 9 7 9 13 11 7 8 12 11 10 8 12 7 2 7 8 9 8 11 9 11 9 7 6 8 4 7 12 9 9 7 11 11 10 11 8 7 19 7 7 8 9 10 11 8 9 7 12 2 10 10 7 8 8 9 6 10 7 16 10 9 11 5 6 9 3 11 9 11 9 8 9 7 5 11 9 6 4 10 17 7 11 8 7 7 8 13 10 7 6 4 6 11 17 11 15 14 9 11 15 9 7 7 9 11 8 5 4 5 11 9 8 12 8 9 21 12 18 10 13 8 10 5 10 6 12 12 13 12 11 14 12 6 13 9 12 10 10 6 4 11 9 12 0 9 9 5 17 10 4 9 14 10 7 8 10 9 8 10 4 8 6 12 7 9 2 10 9 4 12 16 8 12 8 7 10 4 10 12 8 7 7 10 11 13 7 2 9 9 7 11 11 8 
3 5 3 3 5 2 4 3 2 3 4 4 3 2 4 3 5 3 4 3 2 1 2 3 2 4 4 3 3 4 1 2 1 1 1 3 2 3 3 3 2 6 2 3 3 3 3 3 4 2 1 4 4 3 2 3 4 4 3 4 4 2 4 4 2 4 4 2 4 2 2 3 2 4 1 4 4 2 3 3 2 2 3 2 3 3 3 2 3 2 4 2 2 2 3 3 2 3 2 3 3 4 1 3 3 4 3 2 2 4 2 1 3 4 5 2 4 3 5 4 2 2 3 3 1 3 3 1 4 2 3 3 4 3 3 4 3 1 3 3 2 3 4 3 4 2 3 4 1 3 2 2 3 3 2 3 1 5 5 2 3 1 3 3 2 4 3 3 4 3 3 3 3 3 2 4 2 2 3 4 4 5 4 4 2 1 3 2 3 5 3 4 6 2 2 3 2 4 3 3 
5 10 13 7 14 10 15 9 14 6 8 15 9 7 15 2 8 7 8 10 9 8 11 10 10 9 12 10 9 11 7 14 7 7 14 9 13 18 6 9 10 15 13 4 10 13 5 8 5 9 6 10 15 7 11 8 10 12 8 15 7 10 12 6 5 13 7 11 20 13 3 9 6 9 14 7 11 11 15 7 4 12 5 12 12 15 9 17 6 8 11 14 14 7 13 10 12 14 13 11 8 10 11 14 12 10 15 13 6 15 17 10 10 9 13 11 12 10 8 11 14 12 4 14 7 9 9 8 17 2 12 12 14 10 11 11 6 11 7 11 12 10 15 14 12 12 6 10 8 11 9 8 9 8 10 6 8 3 13 9 12 8 7 10 12 9 4 10 10 14 7 10 13 8 8 8 7 12 8 5 17 9 10 12 7 10 10 12 13 11 16 10 14 11 6 9 14 11 6 8 
5 4 2 3 4 2 4 4 5 2 3 4 3 1 2 5 4 2 1 3 1 4 4 2 2 2 3 4 4 2 3 4 3 3 3 2 3 3 3 3 2 2 4 2 1 3 1 3 4 3 4 4 4 6 2 3 1 4 3 2 4 4 3 1 3 3 3 4 2 4 4 3 4 2 3 3 3 4 3 3 3 2 2 3 2 3 4 3 4 3 4 3 1 2 3 4 4 3 2 3 4 2 6 2 3 4 4 2 4 4 2 3 2 5 3 5 2 3 4 3 5 1 1 1 3 4 2 5 4 4 3 5 4 3 3 5 1 2 4 3 4 5 2 3 3 4 3 3 4 5 2 2 4 3 2 3 3 2 3 3 2 3 4 3 4 3 3 2 3 2 1 2 4 3 4 2 4 1 3 2 4 2 1 4 3 4 2 6 3 3 4 3 4 3 1 4 2 2 3 2 
12 12 10 14 9 9 5 16 8 8 8 3 4 10 10 6 10 15 10 6 11 14 11 6 7 9 6 10 7 8 7 10 10 4 5 9 12 9 8 14 8 16 9 6 8 5 8 10 13 12 5 16 12 9 12 9 14 11 14 12 13 14 9 14 13 11 12 13 18 5 8 13 7 8 10 12 8 11 12 17 12 17 5 5 9 11 10 17 10 11 1 12 10 7 7 8 8 16 13 8 8 12 9 16 10 11 16 13 10 11 13 7 5 8 14 10 12 11 15 11 11 4 7 11 9 10 6 6 14 11 14 9 5 9 10 11 8 5 5 4 11 9 12 12 11 4 10 7 12 12 10 6 5 10 7 11 5 8 5 7 12 12 7 9 13 9 12 9 6 6 13 4 13 7 9 10 6 3 14 14 6 9 8 10 10 9 11 11 7 7 11 9 13 9 9 14 9 11 5 5 
9 7 8 7 8 7 10 12 8 7 13 6 13 5 7 6 9 5 9 5 8 10 8 7 7 6 6 5 2 13 11 9 9 4 5 11 10 7 5 6 8 13 9 10 8 11 8 6 8 7 7 10 6 6 8 11 11 8 7 4 4 5 10 7 6 8 11 8 7 8 3 10 9 5 12 4 7 8 9 5 8 8 5 7 14 11 11 10 10 6 8 6 6 6 8 8 9 8 6 7 9 13 11 7 5 10 12 8 6 5 8 6 7 16 6 9 12 7 12 7 11 7 5 9 10 13 9 5 11 10 3 7 0 10 10 5 6 11 9 11 10 5 9 5 8 8 7 9 11 5 3 7 9 4 8 5 6 4 8 6 7 6 7 10 12 13 5 8 11 6 6 7 6 7 12 8 5 5 15 9 12 6 14 8 10 6 11 11 2 10 10 8 5 9 10 7 10 7 11 13 
DEPOT_SECTION
 1
 -1
EOF
