NAME  : Jabali_40_4_0.82_1_8
TYPE : SVRP
MODEL : FINITE_SUPPORT
NUMBER_OF_SCENARIOS : 200
DIMENSION : 40
EDGE_WEIGHT_TYPE : MATRIX
CAPACITY : 60
N_VEHICLES : 4
NODE_COORD_SECTION
1 4339 3467
2 7162 6961
3 1420 3082
4 6158 2353
5 3635 450
6 1143 2324
7 2499 894
8 4068 5342
9 595 2855
10 3268 6844
11 6771 4509
12 1678 2498
13 5987 6714
14 4912 1447
15 1437 18
16 3399 2581
17 1812 4260
18 1783 6921
19 3304 1932
20 1841 5474
21 5428 4515
22 6176 3639
23 3977 6948
24 4932 5202
25 6412 5406
26 5123 6022
27 5744 3806
28 6649 4625
29 4697 690
30 7014 3582
31 798 3514
32 1534 4673
33 1538 5020
34 3099 848
35 6122 5436
36 5256 69
37 7442 2312
38 2229 4548
39 3049 6364
40 27 6412
DEMAND_SECTION
1 0.0
2 1.0
3 10.0
4 3.0
5 8.0
6 4.0
7 5.0
8 6.0
9 6.0
10 1.0
11 4.0
12 1.0
13 6.0
14 4.0
15 8.0
16 6.0
17 1.0
18 8.0
19 10.0
20 8.0
21 6.0
22 10.0
23 4.0
24 4.0
25 9.0
26 3.0
27 3.0
28 8.0
29 3.0
30 1.0
31 4.0
32 2.0
33 3.0
34 8.0
35 10.0
36 5.0
37 2.0
38 2.0
39 9.0
40 3.0
DEVIATION_SECTION
1 0.0
2 0.333333
3 3.33333
4 1.0
5 2.66667
6 1.33333
7 1.66667
8 2.0
9 2.0
10 0.333333
11 1.33333
12 0.333333
13 2.0
14 1.33333
15 2.66667
16 2.0
17 0.333333
18 2.66667
19 3.33333
20 2.66667
21 2.0
22 3.33333
23 1.33333
24 1.33333
25 3.0
26 1.0
27 1.0
28 2.66667
29 1.0
30 0.333333
31 1.33333
32 0.666667
33 1.0
34 2.66667
35 3.33333
36 1.66667
37 0.666667
38 0.666667
39 3.0
40 1.0
DISTANCE_MATRIX
0.0 60.208 41.0122 30.4185 45.9083 46.6905 42.7754 28.5328 52.0 52.6214 35.9026 39.6232 48.0826 33.2682 60.959 18.0278 37.784 55.7718 25.4951 42.6005 20.2485 25.0799 50.0673 32.7588 37.7359 35.8042 20.025 35.171 39.9494 36.3456 48.6621 42.0663 43.2742 41.9242 35.805 50.8738 45.3476 33.1256 46.6382 70.1816 
60.208 0.0 94.4755 63.3246 97.9501 103.338 102.983 47.4236 104.924 51.0392 33.5261 97.2867 16.1245 79.102 121.165 78.1025 81.6088 69.7209 85.7179 74.5453 40.3113 46.5188 42.107 43.609 23.8537 31.0161 46.3249 32.8938 89.3669 45.8912 98.3514 82.0012 80.4027 102.132 24.8395 95.7079 63.2851 75.2861 54.1479 94.5304 
41.0122 94.4755 0.0 66.0984 43.9224 10.2956 32.8938 47.2327 11.0454 54.0809 76.3217 8.24621 79.177 52.1961 41.3038 28.2312 17.0 51.8652 31.241 32.311 58.9674 66.0681 61.9889 68.4401 75.4371 63.5059 61.0 75.4255 55.5966 77.2334 9.89949 21.8403 25.9615 35.513 72.8011 65.3155 83.5225 22.0227 48.0977 49.6488 
30.4185 63.3246 66.0984 0.0 41.2311 68.884 53.1507 56.2302 76.4003 70.6445 29.9666 62.1691 57.4282 20.6155 71.1688 38.0789 67.5048 84.1973 39.0 72.0783 30.4138 17.2627 65.9894 45.3363 40.2616 48.3735 20.0998 30.4631 29.4109 19.799 75.0344 71.787 72.9948 45.1221 40.6079 33.0151 17.4642 62.8464 74.3357 99.6448 
45.9083 97.9501 43.9224 41.2311 0.0 40.3609 14.8661 71.344 50.2096 87.4308 66.7083 36.236 89.6715 20.6155 30.4138 32.6499 55.2437 88.7382 25.4694 69.7038 60.8961 52.6308 96.2114 78.664 74.1189 81.7093 51.7187 66.6287 14.0357 60.0333 53.6337 61.5117 65.2693 8.48528 73.6503 21.9545 56.2939 56.6384 81.4476 92.1581 
46.6905 103.338 10.2956 68.884 40.3609 0.0 27.2029 56.095 10.0 64.2892 82.5651 7.07107 88.058 52.8897 32.0 31.0644 27.2947 62.0322 31.0161 42.5441 65.8027 71.2531 72.1972 76.902 83.001 72.3705 66.6108 81.7863 52.2947 82.0549 16.1245 31.9531 36.0555 31.8904 80.6992 62.0081 86.3134 32.2025 58.306 58.0775 
42.7754 102.983 32.8938 53.1507 14.8661 27.2029 0.0 67.0251 37.2022 78.9208 77.3733 24.6982 90.7999 33.1361 18.868 25.0916 46.0977 80.2247 17.9111 61.0082 62.8801 63.4771 86.8287 75.4761 80.3192 79.1967 60.9039 76.803 28.6356 70.9093 42.0476 52.2398 56.1427 8.06226 78.4966 36.6742 69.3542 48.0937 72.9376 82.2253 
28.5328 47.4236 47.2327 56.2302 71.344 56.095 67.0251 0.0 57.686 27.9835 35.724 50.0438 32.45 58.7039 85.0625 42.0304 35.2278 42.7503 50.6059 32.8938 22.1327 46.9555 24.074 23.1327 30.0 16.6433 41.1257 34.3681 65.385 57.9843 51.4198 37.054 36.4966 66.2675 27.0185 76.3095 70.8393 29.0689 27.5161 59.1847 
52.0 104.924 11.0454 76.4003 50.2096 10.0 37.2022 57.686 0.0 62.2896 87.367 14.7648 89.4707 61.4395 40.4475 38.3275 24.8395 57.3062 39.8246 38.6005 69.9023 77.026 70.1976 79.3092 86.3481 73.9256 72.0069 86.47 62.0078 88.1419 8.94427 27.8029 31.6228 41.7253 83.678 71.7266 93.8616 30.8058 56.3065 50.0899 
52.6214 51.0392 54.0809 70.6445 87.4308 64.2892 78.9208 27.9835 62.2896 0.0 53.2635 59.6954 35.2278 82.7926 92.6392 66.1191 37.4833 19.6977 74.6946 25.4951 40.3082 54.8489 9.05539 41.3082 43.909 25.5539 50.5709 51.8556 89.4737 63.1411 54.037 35.2278 32.249 79.0214 40.8167 100.398 79.8378 32.0902 6.7082 43.7379 
35.9026 33.5261 76.3217 29.9666 66.7083 82.5651 77.3733 35.724 87.367 53.2635 0.0 75.505 30.5941 47.4236 95.5598 53.1413 68.469 72.5241 60.0929 68.3929 18.2483 14.1421 47.4236 28.5913 12.3693 28.3196 16.5529 1.41421 57.4891 13.0384 83.0 71.3863 71.3343 69.1508 14.3178 62.7694 31.257 62.8013 52.8249 94.2869 
39.6232 97.2867 8.24621 62.1691 36.236 7.07107 24.6982 50.0438 14.7648 59.6954 75.505 0.0 82.0068 46.7144 33.7343 24.1868 23.7697 58.9406 25.0599 39.2938 58.8218 64.195 67.6034 70.8508 76.0262 66.3194 59.5399 74.7329 47.9102 75.0267 17.4929 29.2746 33.3766 27.8029 73.7244 57.629 79.6241 27.7308 53.7122 57.8705 
48.0826 16.1245 79.177 57.4282 89.6715 88.058 90.7999 32.45 89.4707 35.2278 30.5941 82.0068 0.0 70.8234 108.957 65.8444 65.7875 54.3415 73.5732 58.4209 29.5466 40.1995 26.4764 31.3238 18.2483 15.8114 38.0789 29.4279 81.0883 43.566 82.6378 66.0178 64.2815 89.9487 17.0 87.9638 61.8142 59.4643 38.0526 78.9177 
33.2682 79.102 52.1961 20.6155 20.6155 52.8897 33.1361 58.7039 61.4395 82.7926 47.4236 46.7144 70.8234 0.0 50.6952 24.7588 56.3934 85.8244 21.9273 71.053 42.048 33.3017 80.2385 57.041 55.2708 60.0863 32.8706 47.5079 10.2956 39.6611 61.8547 62.6517 65.9994 25.0799 54.8022 19.0 36.2215 56.8634 76.8094 93.9533 
60.959 121.165 41.3038 71.1688 30.4138 32.0 18.868 85.0625 40.4475 92.6392 95.5598 33.7343 108.957 50.6952 0.0 43.1393 57.4891 92.6499 36.0977 73.0068 81.0667 81.6637 100.547 94.0952 98.5058 97.1405 79.0904 94.9896 44.1814 89.2175 48.0416 62.9682 67.082 26.4008 96.6896 49.366 86.6833 61.0328 86.656 90.05 
18.0278 78.1025 28.2312 38.0789 32.6499 31.0644 25.0916 42.0304 38.3275 66.1191 53.1413 24.1868 65.8444 24.7588 43.1393 0.0 31.7393 64.3093 9.21954 45.2862 38.2753 40.8211 63.5649 50.5206 55.7584 54.1085 36.6879 52.5547 31.3848 51.2882 37.5899 37.9977 41.3453 24.2405 53.8238 41.922 55.5428 32.2094 60.1359 69.2993 
37.784 81.6088 17.0 67.5048 55.2437 27.2947 46.0977 35.2278 24.8395 37.4833 68.469 23.7697 65.7875 56.3934 57.4891 31.7393 0.0 35.171 38.4838 15.5242 50.2494 60.7289 45.4 58.04 65.1281 50.6952 55.0818 67.3647 63.0666 72.1249 17.0 6.32456 10.0499 46.8343 62.2013 73.6038 82.4339 6.32456 31.5088 37.5766 
55.7718 69.7209 51.8652 84.1973 88.7382 62.0322 80.2247 42.7503 57.3062 19.6977 72.5241 58.9406 54.3415 85.8244 92.6499 64.3093 35.171 0.0 71.0999 19.6469 59.5399 74.0806 27.8927 60.5399 63.5295 45.1774 68.8604 71.1195 93.0254 82.3728 48.3735 30.0832 26.0 80.3288 60.4152 103.563 98.574 32.1403 20.5183 25.0 
25.4951 85.7179 31.241 39.0 25.4694 31.0161 17.9111 50.6059 39.8246 74.6946 60.0929 25.0599 73.5732 21.9273 36.0977 9.21954 38.4838 71.0999 0.0 52.0768 45.6133 45.6017 72.1405 58.2494 63.0389 61.2947 43.6236 59.5227 28.5242 54.8179 41.1096 44.7772 48.1359 17.06 61.2233 46.8624 56.1427 39.0 68.7114 76.0592 
42.6005 74.5453 32.311 72.0783 69.7038 42.5441 61.0082 32.8938 38.6005 25.4951 68.3929 39.2938 58.4209 71.053 73.0068 45.2862 15.5242 19.6469 52.0768 0.0 50.5539 63.2851 34.176 55.8017 61.9839 45.0444 57.4543 67.0371 76.6135 74.3186 29.8329 10.8167 7.07107 61.2944 58.8558 87.1507 86.8332 13.1529 20.6155 27.5862 
20.2485 40.3113 58.9674 30.4138 60.8961 65.8027 62.8801 22.1327 69.9023 40.3082 18.2483 58.8218 29.5466 42.048 81.0667 38.2753 50.2494 59.5399 45.6133 50.5539 0.0 15.2643 35.6531 15.0 17.4929 18.0278 10.4403 17.1172 52.3129 24.8395 65.0692 53.1507 53.1603 62.029 15.6205 59.1885 40.4969 44.5533 39.8408 80.6956 
25.0799 46.5188 66.0681 17.2627 52.6308 71.2531 63.4771 46.9555 77.026 54.8489 14.1421 64.195 40.1995 33.3017 81.6637 40.8211 60.7289 74.0806 45.6017 63.2851 15.2643 0.0 50.1938 29.5407 23.0868 32.28 5.83095 14.2127 43.4166 11.4018 73.6822 64.622 65.307 55.0859 23.3452 49.1935 25.2389 55.7136 54.3814 90.5374 
50.0673 42.107 61.9889 65.9894 96.2114 72.1972 86.8287 24.074 70.1976 9.05539 47.4236 67.6034 26.4764 80.2385 100.547 63.5649 45.4 27.8927 72.1405 34.176 35.6531 50.1938 0.0 36.6531 37.0135 19.105 45.9158 46.0109 86.9196 58.2495 61.9889 43.4166 40.7185 87.802 34.0588 97.844 75.1798 39.9982 13.8924 52.469 
32.7588 43.609 68.4401 45.3363 78.664 76.902 75.4761 23.1327 79.3092 41.3082 28.5913 70.8508 31.3238 57.041 94.0952 50.5206 58.04 60.5399 58.2494 55.8017 15.0 29.5407 36.6531 0.0 23.1327 19.0454 25.2627 27.2354 72.705 37.8329 73.7647 60.1536 59.6236 74.6249 20.3693 74.1814 54.5296 36.0 40.8408 81.6956 
37.7359 23.8537 75.4371 40.2616 74.1189 83.001 80.3192 30.0 86.3481 43.909 12.3693 76.0262 18.2483 55.2708 98.5058 55.7584 65.1281 63.5295 63.0389 61.9839 17.4929 23.0868 37.0135 23.1327 0.0 18.3576 22.4722 11.1803 65.5357 25.318 80.895 67.0298 66.2722 79.4681 3.16228 72.0902 43.566 59.0339 44.0426 86.4205 
35.8042 31.0161 63.5059 48.3735 81.7093 72.3705 79.1967 16.6433 73.9256 25.5539 28.3196 66.3194 15.8114 60.0863 97.1405 54.1085 50.6952 45.1774 61.2947 45.0444 18.0278 32.28 19.105 19.0454 18.3576 0.0 28.2843 26.9072 70.3512 39.4462 67.3573 51.4782 50.0899 78.3455 15.2643 77.2268 56.8595 44.3847 25.9615 68.3081 
20.025 46.3249 61.0 20.0998 51.7187 66.6108 60.9039 41.1257 72.0069 50.5709 16.5529 59.5399 38.0789 32.8706 79.0904 36.6879 55.0818 68.8604 43.6236 57.4543 10.4403 5.83095 45.9158 25.2627 22.4722 28.2843 0.0 16.1245 43.1355 17.088 68.3831 58.8727 59.5063 60.0527 21.9317 49.98 30.6105 49.98 50.1035 84.7076 
35.171 32.8938 75.4255 30.4631 66.6287 81.7863 76.803 34.3681 86.47 51.8556 1.41421 74.7329 29.4279 47.5079 94.9896 52.5547 67.3647 71.1195 59.5227 67.0371 17.1172 14.2127 46.0109 27.2354 11.1803 26.9072 16.1245 0.0 57.6281 14.1421 82.0061 70.214 70.1364 75.9519 13.0 63.1348 32.3883 61.6604 51.4204 92.931 
39.9494 89.3669 55.5966 29.4109 14.0357 52.2947 28.6356 65.385 62.0078 89.4737 57.4891 47.9102 81.0883 10.2956 44.1814 31.3848 63.0666 93.0254 28.5242 76.6135 52.3129 43.4166 86.9196 72.705 65.5357 70.3512 43.1355 57.6281 0.0 49.0408 65.3078 69.3249 72.6726 21.1896 65.0671 11.1803 43.0116 63.5366 84.0104 100.627 
36.3456 45.8912 77.2334 19.799 60.0333 82.0549 70.9093 57.9843 88.1419 63.1411 13.0384 75.0267 43.566 39.6611 89.2175 51.2882 72.1249 82.3728 54.8179 74.3186 24.8395 11.4018 58.2495 37.8329 25.318 39.4462 17.088 14.1421 49.0408 0.0 85.0 75.9605 76.5572 62.9282 26.9258 52.6308 18.2483 67.0671 62.6736 101.566 
48.6621 98.3514 9.89949 75.0344 53.6337 16.1245 42.0476 51.4198 8.94427 54.037 83.0 17.4929 82.6378 61.8547 48.0416 37.5899 17.0 48.3735 41.1096 29.8329 65.0692 73.6822 61.9889 73.7647 80.895 67.3573 68.3831 82.0061 65.3078 85.0 0.0 19.105 22.8035 45.2217 78.134 75.0267 92.4169 23.2594 48.0977 42.0119 
42.0663 82.0012 21.8403 71.787 61.5117 31.9531 52.2398 37.054 27.8029 35.2278 71.3863 29.2746 66.0178 62.6517 62.9682 37.9977 6.32456 30.0832 44.7772 10.8167 53.1507 64.622 43.4166 60.1536 67.0298 51.4782 58.8727 70.214 69.3249 75.9605 19.105 0.0 4.12311 53.1023 64.0078 79.8621 86.7161 8.94427 29.5296 31.305 
43.2742 80.4027 25.9615 72.9948 65.2693 36.0555 56.1427 36.4966 31.6228 32.249 71.3343 33.3766 64.2815 65.9994 67.082 41.3453 10.0499 26.0 48.1359 7.07107 53.1603 65.307 40.7185 59.6236 66.2722 50.0899 59.5063 70.1364 72.6726 76.5572 22.8035 4.12311 0.0 56.8599 63.1981 83.2098 87.9204 10.6301 26.9258 28.3019 
41.9242 102.132 35.513 45.1221 8.48528 31.8904 8.06226 66.2675 41.7253 79.0214 69.1508 27.8029 89.9487 25.0799 26.4008 24.2405 46.8343 80.3288 17.06 61.2944 62.029 55.0859 87.802 74.6249 79.4681 78.3455 60.0527 75.9519 21.1896 62.9282 45.2217 53.1023 56.8599 0.0 77.6455 30.2324 61.2944 48.229 73.0382 83.7487 
35.805 24.8395 72.8011 40.6079 73.6503 80.6992 78.4966 27.0185 83.678 40.8167 14.3178 73.7244 17.0 54.8022 96.6896 53.8238 62.2013 60.4152 61.2233 58.8558 15.6205 23.3452 34.0588 20.3693 3.16228 15.2643 21.9317 13.0 65.0671 26.9258 78.134 64.0078 63.1981 77.6455 0.0 71.8679 45.1221 56.0803 40.8913 83.2692 
50.8738 95.7079 65.3155 33.0151 21.9545 62.0081 36.6742 76.3095 71.7266 100.398 62.7694 57.629 87.9638 19.0 49.366 41.922 73.6038 103.563 46.8624 87.1507 59.1885 49.1935 97.844 74.1814 72.0902 77.2268 49.98 63.1348 11.1803 52.6308 75.0267 79.8621 83.2098 30.2324 71.8679 0.0 42.72 74.0739 94.415 111.164 
45.3476 63.2851 83.5225 17.4642 56.2939 86.3134 69.3542 70.8393 93.8616 79.8378 31.257 79.6241 61.8142 36.2215 86.6833 55.5428 82.4339 98.574 56.1427 86.8332 40.4969 25.2389 75.1798 54.5296 43.566 56.8595 30.6105 32.3883 43.0116 18.2483 92.4169 86.7161 87.9204 61.2944 45.1221 42.72 0.0 77.7755 79.3703 114.337 
33.1256 75.2861 22.0227 62.8464 56.6384 32.2025 48.0937 29.0689 30.8058 32.0902 62.8013 27.7308 59.4643 56.8634 61.0328 32.2094 6.32456 32.1403 39.0 13.1529 44.5533 55.7136 39.9982 36.0 59.0339 44.3847 49.98 61.6604 63.5366 67.0671 23.2594 8.94427 10.6301 48.229 56.0803 74.0739 77.7755 0.0 26.107 38.833 
46.6382 54.1479 48.0977 74.3357 81.4476 58.306 72.9376 27.5161 56.3065 6.7082 52.8249 53.7122 38.0526 76.8094 86.656 60.1359 31.5088 20.5183 68.7114 20.6155 39.8408 54.3814 13.8924 40.8408 44.0426 25.9615 50.1035 51.4204 84.0104 62.6736 48.0977 29.5296 26.9258 73.0382 40.8913 94.415 79.3703 26.107 0.0 42.3792 
70.1816 94.5304 49.6488 99.6448 92.1581 58.0775 82.2253 59.1847 50.0899 43.7379 94.2869 57.8705 78.9177 93.9533 90.05 69.2993 37.5766 25.0 76.0592 27.5862 80.6956 90.5374 52.469 81.6956 86.4205 68.3081 84.7076 92.931 100.627 101.566 42.0119 31.305 28.3019 83.7487 83.2692 111.164 114.337 38.833 42.3792 0.0 
DEMAND_SCENARIO_SECTION
0 0 0 0 0 0 0 0 0 0 0 0 0 0 0 0 0 0 0 0 0 0 0 0 0 0 0 0 0 0 0 0 0 0 0 0 0 0 0 0 0 0 0 0 0 0 0 0 0 0 0 0 0 0 0 0 0 0 0 0 0 0 0 0 0 0 0 0 0 0 0 0 0 0 0 0 0 0 0 0 0 0 0 0 0 0 0 0 0 0 0 0 0 0 0 0 0 0 0 0 0 0 0 0 0 0 0 0 0 0 0 0 0 0 0 0 0 0 0 0 0 0 0 0 0 0 0 0 0 0 0 0 0 0 0 0 0 0 0 0 0 0 0 0 0 0 0 0 0 0 0 0 0 0 0 0 0 0 0 0 0 0 0 0 0 0 0 0 0 0 0 0 0 0 0 0 0 0 0 0 0 0 0 0 0 0 0 0 0 0 0 0 0 0 0 0 0 0 0 0 
1 1 1 1 1 1 2 0 1 1 1 1 1 1 1 1 1 1 1 1 1 1 1 1 0 1 1 1 1 0 1 1 1 1 1 1 1 1 1 1 1 2 1 1 1 1 1 2 1 2 1 1 1 0 2 1 1 1 1 1 1 1 1 1 1 1 1 1 1 1 1 2 1 1 1 1 1 1 1 0 1 1 1 1 1 1 1 1 1 2 1 1 1 1 2 2 1 1 2 1 2 0 1 1 1 1 1 1 1 1 1 1 1 1 1 1 1 2 1 1 1 1 1 1 1 1 1 1 1 1 1 1 1 1 1 1 1 1 1 2 1 1 1 0 1 1 1 1 0 1 1 1 1 1 1 1 1 2 1 1 1 1 0 1 1 1 1 1 0 2 1 1 1 2 0 1 2 1 1 1 1 1 2 1 1 2 1 1 1 1 1 1 1 1 1 1 1 1 1 1 
4 13 3 7 9 11 12 14 13 11 11 11 6 11 9 6 7 11 6 4 7 8 5 3 8 11 16 8 9 4 8 3 16 10 14 11 8 3 6 7 8 9 12 6 8 5 11 10 7 9 14 5 4 13 12 14 11 14 13 12 11 8 15 6 14 10 12 14 7 7 9 12 14 11 11 10 13 6 14 9 8 10 10 7 11 9 11 10 8 13 15 7 10 13 10 13 7 11 8 6 10 7 13 12 8 10 14 13 9 10 5 8 9 7 11 16 5 13 5 11 8 6 13 11 8 13 5 4 9 9 11 13 11 12 13 12 11 9 7 8 9 11 9 10 13 9 11 11 12 6 6 7 8 9 10 9 9 13 16 8 7 8 5 13 13 12 8 12 8 16 17 8 7 6 10 9 4 8 8 8 9 16 8 5 9 11 11 9 9 14 11 6 6 11 10 12 11 12 15 17 
4 2 3 4 3 5 3 3 2 2 3 3 3 2 3 3 4 3 4 4 2 3 3 3 2 2 3 3 3 5 3 3 4 4 2 3 2 4 2 3 4 3 3 4 4 1 2 3 2 2 3 1 3 3 5 4 2 4 4 2 4 4 3 3 5 2 4 4 3 2 2 2 5 3 2 5 4 2 2 3 3 3 4 2 3 3 3 4 4 2 4 2 4 3 4 4 4 4 4 4 4 3 2 3 3 2 5 3 1 3 3 3 3 3 5 4 3 4 1 2 2 3 3 4 4 3 4 2 0 3 3 3 4 3 4 2 3 4 4 3 2 3 2 3 4 4 3 3 2 4 4 5 3 2 3 5 2 3 6 1 2 4 2 1 2 4 4 2 2 2 5 2 3 4 3 2 4 3 3 3 3 3 2 4 2 4 3 2 2 3 4 2 4 4 4 3 3 4 3 4 
5 8 9 7 6 6 9 7 8 7 5 5 7 7 6 10 4 8 8 7 9 6 8 3 10 6 7 8 1 10 4 7 7 9 11 11 9 4 11 6 7 7 9 11 13 6 9 11 11 8 10 6 8 7 10 6 7 9 8 4 10 7 3 5 6 9 11 6 8 8 10 9 5 6 11 7 9 9 7 13 9 8 8 10 5 5 5 9 8 7 8 9 7 9 2 9 9 7 9 13 12 3 12 7 16 7 14 7 4 11 7 4 4 9 6 13 7 9 9 11 5 9 8 7 8 7 7 10 5 7 6 4 13 6 4 11 10 12 4 10 9 8 4 8 9 10 9 9 2 15 12 4 7 10 2 9 5 4 5 3 9 6 10 4 9 6 8 12 14 8 7 7 12 13 12 11 3 7 6 2 5 10 11 8 9 8 9 13 7 11 11 9 10 13 11 10 12 11 7 5 
3 4 4 4 5 5 3 6 3 4 3 5 3 3 6 5 4 5 3 3 3 6 4 5 4 3 3 4 4 6 2 5 4 3 4 5 6 2 3 2 4 4 5 7 4 5 2 5 6 3 5 5 5 5 4 3 3 3 3 0 1 5 5 2 6 4 2 5 4 5 6 2 4 4 6 3 5 4 4 3 3 3 4 5 4 4 1 4 4 4 4 5 4 7 5 4 5 3 5 3 3 4 3 3 1 5 3 5 4 3 5 6 4 5 2 3 4 6 3 3 3 2 1 5 2 4 6 4 4 3 3 5 2 4 4 3 5 3 2 6 3 3 4 4 6 5 2 4 5 2 5 6 3 6 4 3 4 4 3 3 3 4 5 3 5 2 5 3 4 4 4 4 4 4 6 4 5 3 6 5 5 3 5 4 5 1 3 4 2 3 2 3 3 3 4 5 3 4 4 4 
6 7 5 2 7 8 4 5 4 5 5 4 8 7 6 5 8 3 5 5 5 6 5 4 4 4 5 7 5 5 6 5 4 7 7 5 4 5 5 6 5 7 6 7 6 5 6 4 4 4 4 3 4 4 7 8 5 2 5 5 2 6 2 5 4 5 5 6 5 4 4 7 4 8 6 6 8 3 4 4 3 6 4 4 7 6 4 6 5 5 6 5 4 5 3 7 6 8 5 7 3 6 6 6 4 7 4 2 7 1 8 5 7 3 3 4 6 5 5 5 6 4 8 6 5 5 7 5 3 4 4 4 4 7 6 5 6 7 4 4 6 2 3 5 6 7 6 3 6 7 4 6 2 2 6 4 4 4 4 7 6 8 6 7 5 7 7 4 7 4 8 6 3 6 5 3 6 2 4 5 5 5 2 2 4 6 5 6 7 5 5 8 4 5 6 4 5 6 5 7 
7 6 9 6 7 6 10 8 6 5 6 6 4 7 7 3 5 8 9 7 7 6 5 11 6 8 6 6 10 4 7 7 9 5 6 7 6 8 7 7 6 10 5 4 6 5 7 5 4 4 9 6 7 6 1 7 8 6 7 8 4 4 8 8 6 8 5 5 4 5 9 3 7 4 6 7 7 7 5 6 3 7 8 5 4 3 8 6 9 7 6 4 10 6 4 4 5 8 4 7 6 8 4 11 9 10 1 7 1 6 4 6 2 5 5 5 4 10 6 7 3 6 3 4 9 7 5 7 5 4 3 5 8 7 7 4 7 2 6 5 6 7 3 4 5 8 6 5 5 7 3 9 6 6 6 5 4 9 9 4 7 7 5 6 2 7 7 5 6 4 7 8 7 4 9 9 2 4 6 8 6 7 3 6 9 4 9 11 7 4 4 7 6 5 3 5 5 5 4 8 
8 7 8 3 6 9 5 4 3 5 6 4 4 11 6 5 5 9 5 4 5 6 3 11 4 5 8 5 6 5 6 5 8 7 5 7 4 10 5 8 9 4 5 3 9 7 9 6 2 4 8 5 6 5 6 0 3 3 4 5 6 10 6 7 8 4 9 6 8 4 10 5 6 7 5 8 3 4 8 7 4 6 3 7 1 4 5 4 6 9 3 1 6 6 2 5 4 8 5 2 4 5 3 11 5 8 4 10 6 9 1 4 3 9 5 6 1 6 3 5 3 8 4 5 6 8 6 6 5 3 8 6 3 11 6 7 7 4 6 7 6 7 7 3 4 4 7 5 9 8 3 8 4 7 8 4 8 5 5 7 5 5 6 3 4 6 4 5 6 4 3 8 6 7 8 9 5 7 6 9 9 5 8 6 10 7 8 6 4 5 6 6 5 7 6 6 3 6 6 8 
1 1 1 1 1 1 1 1 1 2 1 2 1 1 1 1 1 1 1 1 1 1 1 1 1 0 1 2 1 1 1 1 1 1 1 1 1 1 1 1 1 0 1 1 1 1 1 1 1 1 1 1 1 1 2 1 1 1 1 1 1 1 0 1 1 1 1 1 1 1 1 1 1 1 1 1 1 1 1 1 1 1 1 1 1 1 1 1 1 1 1 1 1 2 1 1 1 1 1 1 1 1 1 2 1 1 1 1 1 1 1 1 1 1 0 1 1 1 2 0 0 1 1 1 1 2 1 1 1 1 0 0 1 1 1 1 0 1 1 1 1 1 1 1 1 1 1 1 1 1 1 1 1 1 0 0 1 1 1 1 0 0 1 1 1 1 1 2 1 1 1 1 1 1 1 1 1 1 0 1 1 0 1 1 1 1 2 1 1 1 1 1 1 1 0 1 0 0 1 1 
4 4 4 4 4 3 6 5 3 6 2 2 1 4 5 4 5 3 4 5 5 2 6 6 4 4 6 3 4 4 3 4 5 5 5 5 1 4 6 5 6 4 1 6 2 6 4 3 5 3 5 4 4 4 4 7 7 4 7 5 5 2 5 5 4 3 3 3 1 2 3 3 2 3 4 2 4 2 4 5 5 6 3 2 3 5 5 4 4 5 5 4 5 3 4 3 4 5 4 6 4 4 4 5 0 4 6 2 2 3 3 3 3 5 6 5 6 5 2 6 4 5 4 7 5 4 6 4 4 6 6 2 4 4 5 6 2 4 4 5 5 6 3 2 5 6 5 2 6 3 2 5 4 3 5 5 7 2 3 2 5 5 3 5 1 5 3 5 5 4 2 3 2 4 5 6 3 5 4 3 4 2 2 2 5 3 3 3 1 4 7 6 4 3 2 5 2 1 4 5 
1 1 1 1 1 1 1 1 1 1 1 1 1 1 1 0 1 1 1 1 1 2 1 1 1 1 1 1 1 1 1 2 1 1 1 1 1 1 1 1 1 1 1 1 1 1 0 1 1 1 1 1 1 2 0 1 0 1 1 1 1 1 2 0 1 0 1 1 1 1 1 1 0 1 1 2 1 1 1 1 1 1 1 1 1 1 1 2 1 1 1 2 2 1 1 1 1 1 1 1 1 1 1 1 1 1 1 1 1 1 1 1 1 1 1 1 1 2 2 1 1 1 1 1 1 1 1 1 1 0 1 1 1 1 1 2 1 0 0 1 1 1 1 1 1 1 1 1 1 1 1 1 1 1 1 2 2 1 1 1 1 1 1 0 1 0 1 1 0 1 2 1 1 1 1 1 1 1 1 1 1 1 1 1 1 1 1 1 1 1 1 1 1 1 1 1 1 1 0 1 
5 8 1 8 5 4 8 6 7 7 4 7 4 8 4 4 7 6 2 3 8 7 7 6 4 5 6 4 7 4 5 6 6 5 3 7 7 7 5 6 3 7 5 7 8 8 11 8 4 6 8 6 7 5 7 8 8 8 9 7 4 8 6 9 4 5 7 1 4 4 10 6 5 7 7 6 7 5 9 7 9 4 4 5 6 5 5 5 7 7 7 6 4 6 4 5 6 7 7 7 7 4 8 8 6 3 2 4 4 5 7 5 7 7 7 7 4 8 6 5 2 6 8 5 6 6 8 4 8 4 6 7 5 9 8 7 5 2 6 6 9 5 4 1 1 10 5 6 3 8 7 8 7 8 5 3 7 9 9 8 7 5 10 7 8 8 7 5 7 6 7 3 3 5 2 7 4 6 5 10 11 6 7 4 7 7 5 7 5 5 8 6 6 6 4 4 8 6 8 4 
3 3 1 5 4 4 3 5 2 1 5 4 5 4 8 4 4 3 4 5 4 5 5 7 3 5 3 3 6 3 5 3 6 4 5 4 5 4 6 5 5 3 4 4 3 3 5 2 3 4 6 5 2 3 2 6 3 4 3 8 2 5 4 3 4 3 3 4 5 4 2 5 6 4 2 7 0 3 2 4 4 4 6 4 4 2 3 4 3 6 2 5 5 2 4 4 4 5 5 5 5 2 5 6 5 5 4 5 4 3 4 6 4 4 5 2 6 3 6 2 5 2 3 4 5 3 4 3 2 3 5 5 4 2 4 4 2 7 5 7 4 4 4 3 2 4 5 5 7 6 2 5 7 4 2 5 4 2 6 6 7 5 4 0 5 5 5 4 5 4 4 3 4 3 4 5 6 5 5 3 1 3 5 4 4 2 3 4 3 4 2 2 5 2 5 5 2 3 7 3 
8 7 9 4 8 9 10 5 6 7 7 8 8 11 5 4 4 7 12 7 4 10 5 12 6 6 7 10 7 12 8 10 8 10 10 7 11 12 6 8 7 11 6 10 10 12 10 8 3 5 10 7 9 7 6 4 4 8 2 11 4 8 6 9 1 6 10 7 6 11 5 9 10 7 12 10 6 9 7 10 9 10 11 6 7 13 12 9 11 4 11 8 6 12 5 10 5 8 7 8 10 12 8 11 7 12 11 7 12 10 6 6 7 6 12 10 11 8 8 7 11 7 11 9 10 4 5 12 7 6 14 11 4 6 12 9 6 8 11 11 9 5 5 11 10 10 12 6 7 7 10 5 10 2 7 6 11 12 6 9 7 6 1 4 5 8 8 8 7 6 10 5 12 8 10 10 4 10 4 5 9 11 7 7 8 7 11 8 4 9 11 12 9 11 4 9 7 12 12 4 
5 6 7 7 8 8 4 10 3 4 9 6 5 4 7 4 8 5 8 5 6 8 6 6 9 6 5 5 10 4 6 7 4 7 7 6 8 9 8 5 6 5 3 8 1 5 7 5 0 4 7 5 10 5 3 5 7 5 5 6 5 7 6 4 6 8 5 9 9 3 7 4 8 7 6 5 7 5 7 4 4 4 10 8 8 7 4 6 8 10 3 4 4 6 4 6 6 8 10 8 8 7 8 2 5 6 6 6 9 6 7 7 4 4 8 5 5 2 8 5 6 9 5 6 3 6 7 3 8 4 5 7 4 6 3 6 7 7 6 5 4 5 6 8 7 7 1 5 9 5 5 5 6 9 2 4 3 9 4 7 6 3 5 9 6 10 8 5 6 7 7 5 3 6 6 7 7 6 7 10 5 7 5 4 6 3 2 7 8 7 5 7 5 6 8 8 6 2 7 4 
1 2 1 1 1 1 1 1 1 1 1 1 1 1 1 1 1 1 1 1 1 1 1 1 1 1 1 1 2 1 1 1 1 1 1 1 1 1 1 1 1 1 1 1 1 0 1 1 1 1 1 1 1 1 1 2 1 1 1 1 1 1 1 1 1 1 1 1 1 1 1 1 1 1 1 1 1 1 1 1 1 0 1 1 2 0 1 1 1 1 1 1 1 1 1 1 1 2 1 1 1 1 1 1 0 1 1 1 1 1 2 1 1 1 1 1 2 1 1 0 1 1 1 2 1 1 1 1 1 0 2 1 1 2 1 1 1 1 1 1 1 1 1 1 1 1 1 1 1 1 1 1 1 1 1 2 1 1 1 2 2 1 1 1 1 1 1 0 1 1 1 1 1 2 1 1 1 1 0 1 1 1 1 1 2 1 1 1 1 1 0 1 1 1 1 1 0 1 1 1 
11 7 6 3 8 8 2 7 10 10 3 5 6 7 13 7 5 10 7 4 7 5 7 4 9 6 7 9 9 10 11 7 6 5 4 16 15 6 8 8 10 4 10 6 7 4 10 6 6 7 2 7 4 6 6 0 10 8 8 10 9 10 9 10 2 5 6 14 11 11 7 12 9 10 9 6 8 5 9 7 7 3 9 14 9 9 8 9 7 9 7 8 9 6 8 10 8 4 11 8 8 13 10 9 3 12 10 6 9 9 2 8 9 8 8 6 5 10 11 7 9 12 5 5 8 9 4 9 6 3 7 8 13 5 9 8 3 7 11 7 7 6 10 5 8 10 8 8 4 14 10 8 7 6 10 7 9 7 4 11 6 1 6 4 10 10 8 6 5 9 7 6 9 7 7 9 9 4 4 5 8 11 6 5 3 9 5 10 8 7 7 8 9 2 5 12 9 6 10 4 
7 7 6 13 10 8 6 9 15 10 13 5 11 11 11 5 6 14 12 6 10 8 9 15 12 9 6 13 9 15 12 15 10 9 14 12 8 12 7 8 5 14 11 12 10 10 7 12 11 4 13 8 8 12 5 9 9 11 10 13 12 13 9 15 10 4 4 8 8 7 11 16 13 9 7 8 7 8 6 13 12 7 17 12 10 7 10 11 14 11 10 7 9 11 14 15 13 10 9 2 15 5 11 9 10 10 11 9 12 8 11 5 17 14 12 9 17 8 9 4 13 8 7 12 16 12 9 11 5 17 10 12 10 13 7 5 12 19 10 8 15 11 4 9 9 13 6 6 9 7 9 11 11 12 8 3 10 13 14 9 10 5 8 10 4 13 10 7 12 8 8 12 12 11 7 10 5 5 12 8 13 10 10 11 4 9 12 8 8 11 6 9 12 5 14 6 11 9 19 6 
5 14 7 5 10 13 6 9 8 3 8 13 3 9 6 6 8 11 8 10 10 10 7 12 9 12 9 5 6 8 5 9 6 13 8 11 5 5 10 7 9 5 9 3 8 10 9 6 9 10 12 9 3 11 9 12 11 6 8 11 11 6 7 8 5 9 9 7 6 8 14 6 9 11 10 8 8 13 8 7 4 7 6 2 7 9 7 9 7 8 11 7 8 9 5 12 9 9 4 8 8 6 7 8 9 6 8 12 11 7 4 13 5 12 11 5 10 10 6 7 8 8 8 6 11 9 11 10 5 5 10 13 6 10 12 6 7 5 6 9 7 5 8 13 7 7 11 8 4 11 8 5 7 11 8 11 9 6 8 8 9 7 4 9 8 7 7 10 7 8 10 6 13 6 4 9 5 10 11 9 9 4 7 9 13 12 7 10 8 2 6 7 4 11 6 14 8 13 4 11 
7 7 5 4 6 8 7 5 4 7 5 6 8 0 3 6 6 4 9 5 10 7 10 7 7 9 4 7 2 4 7 8 3 10 0 5 5 5 4 4 5 5 4 3 1 10 6 4 8 4 5 7 6 6 8 8 5 5 5 8 5 6 3 9 4 7 8 4 5 5 5 4 3 4 5 9 9 7 8 5 3 4 5 5 7 11 6 7 10 6 6 5 6 7 4 4 6 3 6 3 7 6 2 2 7 4 11 8 6 3 5 4 6 6 8 5 7 7 5 6 3 4 3 7 6 5 5 9 11 4 5 5 10 7 6 5 7 7 8 2 5 5 8 5 6 4 7 3 7 2 6 6 9 4 4 4 6 2 4 5 6 7 5 6 6 4 1 8 8 3 7 9 8 4 6 8 6 3 4 4 3 5 5 7 9 8 7 4 6 7 4 4 4 4 8 7 5 9 3 5 
11 11 14 11 10 7 11 14 10 11 13 7 10 10 7 13 12 7 15 14 11 11 10 10 5 10 11 12 11 8 13 5 11 10 10 9 11 13 9 14 12 5 10 13 13 9 19 10 2 10 17 8 10 5 11 9 15 11 13 13 8 7 11 8 15 9 11 10 2 8 15 11 5 10 17 11 12 5 9 6 8 11 9 10 11 7 12 13 9 12 14 13 9 8 10 11 10 10 10 13 6 9 4 9 4 6 7 9 7 8 6 11 14 12 9 11 10 11 12 9 3 10 7 6 11 15 10 8 10 6 13 11 15 9 5 9 12 13 11 14 7 8 11 18 13 13 13 12 17 6 11 10 8 9 11 11 7 13 11 12 14 10 13 11 3 8 18 7 1 9 12 8 12 9 14 13 16 6 6 10 13 4 7 11 9 6 2 8 4 7 13 13 16 11 8 13 5 15 5 11 
4 5 3 6 4 5 6 4 5 4 3 5 3 2 5 3 4 4 5 4 4 3 4 6 2 5 5 4 5 3 4 6 3 4 3 4 5 6 2 4 5 3 4 2 3 4 4 3 5 4 5 3 7 5 4 4 1 3 3 4 4 5 5 6 4 2 4 4 4 4 4 5 4 4 8 3 2 5 3 3 3 3 3 5 5 4 2 4 4 5 4 3 5 3 7 5 6 3 7 2 3 6 4 3 7 4 7 5 5 4 4 4 4 5 4 4 6 5 7 3 3 4 2 3 4 5 6 5 2 4 3 5 4 5 4 5 4 5 4 4 2 2 6 3 2 5 3 4 4 5 4 5 3 4 4 4 4 6 2 4 3 5 6 2 4 4 5 1 4 3 3 4 5 5 4 4 5 6 6 4 2 4 4 3 3 6 2 3 3 3 3 5 2 6 6 4 3 2 3 3 
3 5 3 5 6 3 7 5 5 5 4 4 5 6 3 5 5 2 5 3 7 3 3 4 4 5 4 4 4 2 3 4 2 7 3 3 5 4 4 4 4 5 3 4 3 3 4 6 5 3 4 6 4 3 3 4 2 4 4 3 4 4 2 4 4 4 3 4 3 4 3 3 2 3 4 3 5 6 5 5 3 7 3 4 4 1 4 2 1 4 4 4 5 3 7 4 2 5 2 6 6 6 3 5 7 4 3 4 6 4 4 5 4 5 3 4 3 4 5 5 3 1 0 5 5 5 4 5 5 3 5 5 5 6 2 4 5 5 4 3 4 2 3 4 3 5 6 3 4 3 6 4 7 5 3 3 4 4 4 6 6 4 3 4 4 1 4 4 7 4 3 5 4 5 7 3 4 4 4 3 3 5 4 3 4 4 4 3 4 3 5 2 6 4 3 7 3 5 3 2 
11 9 13 6 7 9 6 8 5 10 8 5 8 8 8 4 8 12 15 4 3 9 8 6 10 11 13 11 10 9 11 8 8 12 6 6 8 13 6 9 8 9 11 11 8 9 12 8 8 9 11 10 10 8 16 8 12 13 8 9 3 6 6 11 10 7 12 10 8 10 9 11 11 8 6 11 11 8 13 5 8 9 8 10 12 14 15 6 12 5 6 12 4 4 13 10 10 6 7 10 10 6 11 9 9 13 5 12 9 8 8 11 12 9 9 7 14 11 5 5 12 15 9 8 14 13 11 10 6 8 12 14 8 9 7 9 9 9 13 8 10 9 12 9 7 8 8 10 9 11 8 0 9 1 12 9 7 12 6 5 7 10 6 9 6 8 7 12 12 9 10 4 9 4 8 9 12 12 5 7 2 10 12 4 3 14 9 7 11 8 11 11 13 10 10 11 9 11 11 8 
3 3 5 2 4 4 3 3 4 2 4 3 3 1 3 3 3 2 2 3 3 3 4 3 3 3 1 4 2 3 4 2 4 3 3 1 4 4 3 3 2 3 4 5 3 2 3 3 3 1 1 5 5 6 3 3 3 2 3 3 1 3 4 2 1 1 3 5 3 3 4 2 3 4 2 2 3 2 2 2 2 4 3 3 3 3 4 4 3 3 2 3 4 3 3 5 2 4 4 4 2 3 3 2 3 3 5 3 2 4 4 3 3 2 4 3 2 3 5 3 5 3 2 3 4 4 5 4 1 3 3 2 4 3 5 2 4 3 3 3 3 3 5 2 4 4 2 3 4 3 3 5 2 5 2 3 5 3 3 3 3 4 4 5 3 4 3 3 2 3 4 3 3 2 2 2 2 4 4 5 3 2 2 4 3 3 1 2 3 3 3 2 3 3 3 5 4 1 3 3 
3 3 2 1 5 4 5 3 5 4 2 4 3 3 5 1 1 2 3 4 1 3 3 2 2 2 1 4 4 5 3 3 3 2 2 1 3 1 4 3 3 3 2 2 3 3 5 5 3 1 3 3 4 2 2 4 3 4 2 5 3 5 5 4 6 3 3 3 3 4 3 3 6 3 0 2 3 5 2 4 3 2 3 2 4 3 3 2 2 4 3 4 4 1 3 1 2 3 4 2 4 3 2 3 2 2 4 3 3 2 3 1 4 2 3 1 1 2 4 2 2 4 1 3 4 1 4 4 2 3 3 2 4 4 3 3 3 1 5 3 2 3 5 4 4 2 3 2 2 3 3 4 4 4 5 4 2 3 2 3 3 2 4 3 3 2 2 2 3 3 3 4 2 3 3 5 4 2 3 4 3 5 4 4 4 3 2 1 3 3 3 4 2 2 4 3 4 3 3 4 
7 10 5 8 9 11 8 10 8 8 7 10 7 12 10 6 4 10 8 11 8 8 4 12 9 8 6 4 13 8 10 7 10 8 2 6 5 7 9 9 5 10 6 7 9 5 6 8 8 9 10 9 4 7 9 13 8 6 14 8 5 10 9 9 4 6 9 11 7 6 4 6 6 12 12 4 11 7 4 8 8 11 10 8 6 5 6 5 9 5 8 7 11 10 8 9 8 5 7 8 9 7 11 3 4 7 11 9 2 6 10 5 3 6 3 8 10 6 9 8 5 11 2 3 13 10 7 7 8 6 4 9 7 8 5 9 10 10 6 8 13 12 4 10 2 5 9 8 8 10 3 9 8 12 6 5 6 8 6 7 6 6 4 10 8 7 7 10 8 6 7 10 13 10 7 11 9 8 9 7 8 13 12 4 6 5 9 7 12 7 3 8 10 11 6 13 10 12 9 11 
2 1 4 4 3 4 3 3 4 3 3 5 3 5 3 2 2 3 4 4 2 3 4 4 5 3 2 2 4 6 5 1 0 4 0 3 2 3 3 3 3 2 3 3 2 3 3 3 2 4 3 4 2 5 2 4 4 2 2 4 2 2 2 4 3 1 3 3 4 2 3 1 2 2 2 3 4 2 4 2 4 4 2 4 3 3 3 4 3 2 2 3 5 2 3 4 5 3 3 3 2 4 3 0 4 4 1 5 3 2 3 2 3 3 3 2 3 4 2 2 4 2 3 3 4 4 3 2 2 4 3 4 4 4 2 2 2 2 3 2 3 4 3 4 3 3 3 1 4 2 2 2 2 2 2 4 5 2 3 5 3 4 4 3 3 3 5 3 4 5 1 3 4 4 3 5 3 5 2 3 3 3 3 2 2 3 1 3 3 4 2 2 5 2 5 3 2 3 2 4 
1 1 1 1 1 1 1 1 0 1 0 1 2 1 1 1 1 1 1 1 0 1 1 1 1 1 1 1 1 1 2 1 1 1 0 0 1 1 1 1 1 1 1 1 1 1 1 1 2 1 1 1 1 1 1 1 1 1 1 1 1 1 1 0 1 1 0 1 1 2 1 1 1 0 1 1 1 1 1 1 1 1 1 1 1 1 1 1 1 1 1 1 1 1 1 1 1 1 2 1 1 1 1 1 1 0 1 1 1 1 0 1 1 1 1 2 1 1 1 1 1 1 1 1 1 1 1 1 1 1 1 1 1 1 1 1 1 1 1 1 1 1 1 1 1 1 1 1 2 1 1 1 1 1 1 1 1 1 2 1 2 1 2 1 1 1 1 1 0 1 1 1 1 1 1 1 1 1 1 1 1 0 1 1 1 1 2 1 1 1 1 0 2 1 1 1 2 1 1 1 
2 3 5 3 3 6 3 4 5 5 5 4 4 2 3 4 6 2 5 1 6 4 6 5 4 4 4 3 4 5 4 2 6 4 4 5 2 3 2 4 5 5 1 5 4 2 3 2 4 6 3 7 4 2 6 3 1 4 4 5 3 5 4 2 5 4 4 5 6 4 5 3 4 5 6 0 5 3 5 5 2 4 8 6 5 3 5 2 5 5 2 4 5 2 2 6 3 5 2 6 2 2 3 4 4 2 5 2 3 4 4 4 2 5 5 2 4 4 2 6 2 4 6 5 6 3 3 5 5 4 3 5 4 3 2 3 2 3 5 4 7 6 2 2 5 6 7 5 4 3 3 4 6 3 5 6 6 2 4 4 5 2 2 4 3 4 5 4 7 4 6 3 3 4 5 5 4 3 3 3 1 4 3 3 3 4 5 4 4 6 2 5 6 2 4 4 4 4 3 3 
1 1 2 3 1 3 1 2 3 2 2 2 3 1 2 2 2 2 2 2 2 3 2 3 2 2 2 2 2 1 2 2 2 1 1 2 2 2 2 2 1 1 2 3 1 2 1 1 1 2 1 2 2 2 3 1 2 1 2 2 2 3 2 3 2 2 3 1 1 2 3 1 1 3 2 2 1 3 2 2 1 2 2 3 3 2 3 3 3 2 3 3 3 2 1 2 3 1 3 2 2 1 1 2 2 3 2 2 2 3 1 3 1 2 2 2 2 1 2 2 3 3 2 3 2 3 2 1 1 3 3 3 2 2 3 2 3 2 1 2 2 2 2 1 2 2 1 2 2 4 2 2 2 3 2 2 3 2 3 2 0 1 2 2 2 2 2 2 3 2 3 2 2 2 2 2 1 3 3 1 3 3 1 1 2 1 3 1 2 2 2 2 3 2 2 3 2 2 2 3 
2 5 2 2 3 3 4 3 3 2 3 3 1 1 4 3 3 6 4 2 2 4 3 3 3 3 4 3 2 3 0 3 2 5 3 3 3 3 3 3 3 3 2 5 3 3 5 4 3 3 4 3 4 3 4 4 4 4 2 4 3 4 4 3 5 1 3 2 4 4 3 3 3 4 4 3 3 4 2 2 1 2 3 3 3 3 2 3 5 2 4 2 2 3 2 4 4 3 2 3 2 2 4 4 4 2 3 2 4 3 3 3 3 6 2 2 4 3 3 4 4 3 3 3 2 3 5 2 4 4 4 4 4 3 2 2 2 1 4 1 3 4 4 3 1 3 3 0 3 2 4 4 2 1 3 4 4 3 3 2 5 2 4 1 2 2 4 3 4 1 2 3 4 3 3 4 3 3 4 4 3 5 2 2 4 2 4 4 4 4 4 3 3 2 2 3 3 4 2 1 
8 5 7 3 6 9 5 10 6 1 10 4 11 12 8 5 7 9 4 10 8 13 11 11 11 4 2 11 11 7 8 9 10 5 7 8 13 1 11 7 7 1 5 12 10 10 3 7 9 6 5 5 9 10 11 6 4 8 2 9 11 5 10 6 10 13 12 4 6 6 8 11 12 5 8 4 7 12 9 6 10 8 10 12 5 6 9 7 9 9 8 6 13 8 6 7 6 9 6 7 6 11 15 8 8 7 9 8 7 7 7 13 7 10 5 5 7 7 6 7 12 7 7 7 10 7 9 15 8 5 6 8 8 8 8 7 3 5 15 10 3 2 6 3 9 8 9 13 8 14 13 6 9 5 5 12 10 9 12 2 8 7 7 6 11 10 8 6 7 6 9 9 7 6 6 10 10 3 7 3 3 6 6 11 11 8 7 8 5 10 7 5 9 8 6 6 8 6 9 5 
6 7 6 10 15 9 9 9 7 12 8 3 12 9 5 7 14 10 2 13 4 14 7 19 11 12 13 4 10 12 12 8 7 9 11 10 7 8 14 9 8 10 12 14 11 11 3 11 11 14 15 3 7 7 8 14 13 13 13 14 9 10 11 6 11 9 5 14 8 12 16 14 13 9 11 10 4 16 10 7 7 9 15 8 10 12 9 10 5 11 14 15 13 12 4 15 7 15 11 6 13 11 10 12 13 9 9 12 8 12 15 9 5 9 20 9 12 10 12 5 14 17 5 18 10 8 6 12 11 11 13 12 12 16 10 10 5 12 11 7 15 13 12 12 11 10 10 12 10 10 12 2 9 16 9 12 12 8 11 11 7 12 8 6 11 17 15 7 12 7 13 7 14 9 13 11 12 6 8 12 5 11 11 8 7 9 9 14 5 7 17 13 4 8 10 9 10 11 19 12 
2 7 5 6 6 3 7 5 0 4 6 5 4 2 6 5 4 6 4 4 3 4 5 2 4 5 3 5 7 4 4 3 3 5 4 6 7 6 6 5 7 3 3 2 6 5 4 5 4 7 3 7 5 4 6 6 7 2 3 9 7 7 3 3 5 5 5 4 4 2 4 7 4 2 7 6 7 4 7 5 5 5 2 2 4 6 2 5 2 6 6 1 2 5 4 6 4 6 7 5 5 3 5 3 5 3 4 4 5 3 6 4 7 6 6 5 6 6 6 2 3 0 7 3 4 5 6 3 5 6 3 2 8 5 5 6 7 4 4 6 4 5 5 6 6 2 6 7 5 3 7 6 5 4 3 4 7 3 6 6 5 4 7 3 5 5 7 3 5 5 4 2 6 5 4 4 5 7 7 6 7 6 6 6 5 5 7 4 6 6 4 6 3 6 2 5 4 5 5 4 
2 2 2 3 3 2 1 3 2 2 2 3 0 3 1 3 2 2 2 1 1 2 2 3 1 3 3 2 4 1 2 3 2 2 2 2 3 2 2 3 1 3 2 3 2 2 3 1 4 2 1 3 2 2 3 1 1 2 1 2 1 2 3 3 2 3 2 2 1 2 2 2 2 2 2 1 2 1 1 2 2 2 3 1 2 1 2 3 2 1 2 2 2 1 2 2 2 1 2 2 2 3 2 2 3 2 2 2 2 2 2 2 2 2 2 2 2 3 2 2 3 2 2 2 2 3 3 3 2 2 2 2 2 3 2 1 3 3 1 2 1 1 3 1 3 2 2 2 2 2 2 1 2 3 2 1 2 2 2 3 2 2 2 2 1 3 2 3 1 3 3 3 1 2 2 3 2 2 0 2 2 2 1 3 2 2 2 1 2 3 1 2 2 2 2 2 2 3 2 2 
2 3 2 2 2 2 3 2 3 1 3 1 2 1 2 2 1 2 3 2 2 2 2 3 2 2 2 2 3 2 1 2 3 2 2 2 2 3 3 2 2 2 2 4 3 2 2 1 2 2 2 3 3 2 2 2 3 1 2 1 1 3 3 2 2 2 3 2 2 3 2 2 2 2 1 2 1 4 2 3 2 3 2 2 2 1 2 2 2 2 1 3 2 2 1 2 2 2 1 1 2 1 2 2 3 2 2 1 2 3 2 2 2 1 2 2 1 1 2 1 1 2 1 3 2 3 2 2 2 2 2 2 1 2 2 2 2 3 2 2 2 2 3 3 3 2 2 3 2 2 1 2 2 3 2 3 2 1 2 2 1 2 1 2 3 3 1 2 0 2 3 2 2 2 2 1 2 2 2 3 1 2 2 2 2 2 1 1 2 1 2 2 2 2 2 1 2 2 2 3 
6 7 12 9 8 7 6 5 6 10 7 5 5 5 9 8 10 5 10 13 3 6 12 7 5 7 7 8 8 8 8 13 7 9 6 8 4 12 10 7 5 6 4 10 9 12 11 7 9 12 4 9 9 4 4 9 9 10 12 6 17 6 10 10 8 7 11 7 8 9 5 8 7 9 6 10 0 11 16 8 10 15 14 5 10 8 3 14 7 8 8 10 11 10 8 9 12 10 11 15 6 9 13 8 6 8 12 11 7 6 15 12 12 7 13 11 6 11 5 3 12 8 6 5 8 4 5 10 10 7 13 8 9 12 7 11 15 11 4 13 8 5 9 7 7 8 12 8 5 14 13 1 5 12 8 9 6 6 10 10 9 7 12 7 7 5 7 10 13 4 9 2 8 13 10 14 9 14 10 8 9 12 6 10 7 4 10 3 11 8 10 7 7 8 10 7 8 9 8 11 
4 2 2 3 3 2 3 4 4 3 3 3 2 2 3 4 3 3 2 5 4 3 3 4 2 2 3 4 2 4 4 5 3 1 5 3 2 5 2 3 4 1 1 4 1 4 4 3 2 4 1 5 4 4 1 4 3 4 4 3 3 2 3 2 4 3 3 3 3 4 4 3 0 4 3 3 4 4 5 3 3 3 1 3 3 2 1 4 4 0 1 3 4 2 3 4 4 3 1 3 2 2 4 3 2 2 2 5 3 3 3 1 4 2 3 1 3 3 3 4 2 3 2 2 3 3 5 3 2 4 3 5 5 2 3 3 3 4 3 3 3 5 2 2 3 2 4 4 2 2 3 3 4 2 3 3 4 2 2 2 1 2 3 3 2 2 3 4 3 4 2 3 1 2 2 3 5 2 3 3 3 2 3 3 2 3 3 2 4 1 3 3 3 2 3 3 4 4 3 3 
DEPOT_SECTION
 1
 -1
EOF
