NAME  : Jabali_40_4_0.80_1_2
TYPE : SVRP
MODEL : FINITE_SUPPORT
NUMBER_OF_SCENARIOS : 200
DIMENSION : 40
EDGE_WEIGHT_TYPE : MATRIX
CAPACITY : 64
N_VEHICLES : 4
NODE_COORD_SECTION
1 4354 4744
2 8286 3732
3 4134 2447
4 2198 4772
5 7550 5430
6 6105 5749
7 132 4959
8 1470 3702
9 5318 5273
10 6389 4959
11 7878 6045
12 832 5905
13 725 3593
14 8447 3574
15 4786 7107
16 27 3949
17 4557 3026
18 3229 6295
19 542 5022
20 3079 2521
21 983 4778
22 8332 4301
23 5035 8464
24 6757 6359
25 7557 5891
26 3605 502
27 4040 7057
28 4966 9562
29 5566 6940
30 6862 2653
31 5447 2395
32 3840 2643
33 3786 18
34 2874 5890
35 489 4512
36 3604 4951
37 5193 7953
38 130 4215
39 2895 3837
40 123 6074
DEMAND_SECTION
1 0.0
2 2.0
3 6.0
4 2.0
5 7.0
6 2.0
7 9.0
8 2.0
9 1.0
10 6.0
11 2.0
12 7.0
13 10.0
14 10.0
15 10.0
16 8.0
17 4.0
18 2.0
19 3.0
20 8.0
21 3.0
22 10.0
23 3.0
24 6.0
25 2.0
26 7.0
27 7.0
28 4.0
29 4.0
30 8.0
31 7.0
32 3.0
33 9.0
34 6.0
35 4.0
36 3.0
37 7.0
38 3.0
39 2.0
40 8.0
DEVIATION_SECTION
1 0.0
2 0.666667
3 2.0
4 0.666667
5 2.33333
6 0.666667
7 3.0
8 0.666667
9 0.333333
10 2.0
11 0.666667
12 2.33333
13 3.33333
14 3.33333
15 3.33333
16 2.66667
17 1.33333
18 0.666667
19 1.0
20 2.66667
21 1.0
22 3.33333
23 1.0
24 2.0
25 0.666667
26 2.33333
27 2.33333
28 1.33333
29 1.33333
30 2.66667
31 2.33333
32 1.0
33 3.0
34 2.0
35 1.33333
36 1.0
37 2.33333
38 1.0
39 0.666667
40 2.66667
DISTANCE_MATRIX
0.0 56.0357 30.8973 29.2062 44.2945 27.4591 56.5862 42.72 15.0333 27.4591 50.3289 49.3964 52.3927 55.7584 33.2324 59.6825 22.9756 27.1081 51.6236 36.0949 46.0977 53.8145 51.6004 39.3192 46.2385 59.6723 31.6155 66.1361 36.2415 42.7697 39.6493 30.3434 64.9254 24.5967 52.8015 9.89949 45.72 57.6888 24.0832 58.8303 
56.0357 0.0 61.4395 84.386 25.9615 41.3038 112.045 94.6068 48.1041 32.28 31.7648 105.394 104.606 2.23607 66.3702 113.217 55.3286 83.0074 107.168 74.4528 101.316 7.2111 78.3135 41.5933 31.0161 77.4145 72.121 91.4112 58.0 26.3059 44.7772 65.0364 79.0253 80.496 107.517 65.8027 72.111 111.732 73.9783 114.826 
30.8973 61.4395 0.0 40.2635 62.0322 51.923 61.6213 38.3276 42.0476 46.1736 70.0071 63.5554 47.2487 60.0688 63.7856 57.4669 9.05539 54.6801 57.9313 13.0384 51.713 63.0158 82.1536 63.561 66.0303 29.0689 62.1687 96.6893 63.9725 37.0136 16.6988 4.12311 34.6554 52.0096 55.0824 40.0025 76.2732 57.0964 24.8182 71.4101 
29.2062 84.386 40.2635 0.0 73.2521 55.6193 27.6586 17.2627 42.9832 56.6127 78.9372 24.1868 25.1794 83.8689 48.0416 30.8707 44.0704 24.0 22.8035 31.9531 16.9706 82.7345 63.561 66.3356 74.8827 60.1664 39.4588 75.7623 55.3322 69.2195 56.8492 36.672 66.4831 18.4391 23.6008 19.4165 59.5399 28.6531 16.0312 32.9848 
44.2945 25.9615 62.0322 73.2521 0.0 20.0 100.355 86.8159 31.241 17.088 8.544 93.2507 96.6075 27.5136 43.3244 103.942 53.0848 58.699 95.3712 73.5527 89.9971 19.2354 53.0 16.0 5.65685 85.703 50.5371 65.6201 33.7343 39.1152 48.5077 63.2851 89.0225 65.4066 96.8322 53.8516 47.0956 101.872 67.0671 102.334 
27.4591 41.3038 51.923 55.6193 20.0 0.0 83.3082 69.9215 12.6491 10.7703 23.8537 73.4928 79.4243 42.107 25.0799 86.341 43.0116 38.9411 78.3117 61.448 73.4976 36.1386 38.8973 12.0 20.0 79.3534 31.0161 53.3104 17.72 42.5441 43.47 51.9711 84.2715 45.6487 80.6604 36.2225 32.28 84.2406 51.4782 82.5757 
56.5862 112.045 61.6213 27.6586 100.355 83.3082 0.0 24.0208 70.0861 83.7681 105.909 15.2971 19.3132 111.521 68.7116 12.8062 71.53 46.9574 5.0 51.4782 10.8167 110.318 80.3057 91.7025 102.35 77.1038 59.0494 89.1403 77.8332 96.801 78.207 58.0298 83.2166 39.8121 7.07107 46.6905 78.0897 9.89949 40.7185 14.8661 
42.72 94.6068 38.3276 17.2627 86.8159 69.9215 24.0208 0.0 57.2854 69.7782 93.0484 30.4138 10.0 93.8348 65.192 19.4165 44.8144 41.1096 21.2132 27.6586 15.8114 93.8136 80.8084 81.5733 88.955 53.2353 56.7186 93.0142 72.0625 75.2281 54.9133 34.7361 59.4138 35.6931 17.1172 33.9559 76.7919 18.7883 20.6155 36.1386 
15.0333 48.1041 42.0476 42.9832 31.241 12.6491 70.0861 57.2854 0.0 16.1245 36.2353 62.3963 66.7882 48.3839 26.8782 73.7049 33.6155 40.2459 65.1024 50.3633 59.7282 44.2945 42.4985 24.3311 32.249 70.4911 32.3211 57.3568 21.8905 41.9762 39.5811 41.5289 75.4661 37.4967 66.5634 23.5864 35.7911 71.6045 39.1152 71.8269 
27.4591 32.28 46.1736 56.6127 17.088 10.7703 83.7681 69.7782 16.1245 0.0 24.1868 76.0783 79.6053 32.7567 35.0571 87.1321 37.1214 53.69 78.7844 57.0789 73.4098 28.178 49.6488 18.868 20.0998 71.9484 40.5 64.0781 28.4605 31.9061 34.5997 47.0 75.7971 51.1787 80.2122 37.2022 43.0116 85.1469 49.98 85.5089 
50.3289 31.7648 70.0071 78.9372 8.544 23.8537 105.909 93.0484 36.2353 24.1868 0.0 96.0936 102.694 33.6155 43.909 109.659 61.0 61.5419 100.912 81.2219 95.6822 24.5967 50.636 15.2643 4.12311 94.1488 52.2015 62.0081 33.541 47.5079 56.8859 71.0634 97.5295 68.2495 102.517 59.5404 45.3542 107.558 73.7631 105.177 
49.3964 105.394 63.5554 24.1868 93.2507 73.4928 15.2971 30.4138 62.3963 76.0783 96.0936 0.0 30.4138 105.152 56.2722 27.313 67.0273 36.1248 12.53 54.5894 15.0 102.952 65.7647 80.8292 92.535 82.2253 47.4446 74.027 65.9256 91.45 80.1411 59.9639 88.5268 29.0 18.868 39.8246 64.0312 24.1661 40.05 9.43398 
52.3927 104.606 47.2487 25.1794 96.6075 79.4243 19.3132 10.0 66.7882 79.6053 102.694 30.4138 0.0 103.834 73.0068 10.4403 53.7354 49.0918 18.6011 35.8469 15.8114 103.812 87.6926 91.2159 98.6154 59.0762 64.0703 98.7168 80.5108 84.1492 63.8343 43.6571 65.0077 43.0116 12.53 43.3244 84.1487 11.0 30.6105 33.6155 
55.7584 2.23607 60.0688 83.8689 27.5136 42.107 111.521 93.8348 48.3839 32.7567 33.6155 105.152 103.834 0.0 67.1863 112.501 60.0688 82.7934 106.668 73.0821 100.767 9.21954 79.511 42.9535 32.6956 75.5381 72.8309 92.7631 59.0339 24.5153 43.382 63.6656 77.0584 80.2821 106.888 65.4599 73.2462 111.018 73.2662 114.586 
33.2324 66.3702 63.7856 48.0416 43.3244 25.0799 68.7116 65.192 26.8782 35.0571 43.909 56.2722 73.0068 67.1863 0.0 76.7919 55.4713 24.0832 64.0313 67.1193 60.8276 61.0 18.4391 28.6531 41.1461 92.5607 9.84886 33.2415 10.6301 65.4959 72.1508 63.2318 97.8137 30.0666 68.0661 34.547 12.53 73.9797 52.2281 63.8715 
59.6825 113.217 57.4669 30.8707 103.942 86.341 12.8062 19.4165 73.7049 87.1321 109.659 27.313 10.4403 112.501 76.7919 0.0 63.9537 53.6004 14.8661 46.2385 16.0312 112.294 90.0056 97.0562 105.604 69.2604 67.3647 99.8499 85.151 94.3674 74.0526 53.8754 75.1066 46.8722 9.05539 50.1199 87.1436 3.16228 39.6232 27.5862 
22.9756 55.3286 9.05539 44.0704 53.0848 43.0116 71.53 44.8144 33.6155 37.1214 61.0 67.0273 53.7354 60.0688 55.4713 63.9537 0.0 46.6101 66.7844 20.8806 60.7202 55.0974 73.8393 54.5711 57.0088 36.8917 54.2471 88.375 55.4582 37.0136 16.6988 10.4403 42.0119 44.0987 61.5692 28.3431 67.9589 63.5832 31.305 76.3137 
27.1081 83.0074 54.6801 24.0 58.699 38.9411 46.9574 41.1096 40.2459 53.69 61.5419 36.1248 49.0918 82.7934 24.0832 53.6004 46.6101 0.0 42.0476 47.4295 37.9473 80.5642 40.4969 46.2776 57.9833 75.0431 16.1555 53.7122 31.6252 70.1672 63.2838 51.0886 81.2915 7.2111 45.2217 18.2749 35.9026 50.9608 30.4798 45.2548 
51.6236 107.168 57.9313 22.8035 95.3712 78.3117 5.0 21.2132 65.1024 78.7844 100.912 12.53 18.6011 106.668 64.0313 14.8661 66.7844 42.0476 0.0 48.0937 6.32456 105.38 76.1052 86.706 97.3539 74.4312 54.3691 85.3756 73.0548 92.0068 74.517 54.3398 80.6226 34.9285 6.40312 41.7253 73.6817 11.7047 36.4005 15.2315 
36.0949 74.4528 13.0384 31.9531 73.5527 61.448 51.4782 27.6586 50.3633 57.0789 81.2219 54.5894 35.8469 73.0821 67.1193 46.2385 20.8806 47.4295 48.0937 0.0 42.0119 76.0292 85.324 73.3483 77.1622 28.2312 63.5082 99.8268 70.4092 50.0 29.7121 10.4403 34.5398 44.6878 44.7214 33.0151 79.6492 46.1736 17.2047 62.0725 
46.0977 101.316 51.713 16.9706 89.9971 73.4976 10.8167 15.8114 59.7282 73.4098 95.6822 15.0 15.8114 100.767 60.8276 16.0312 60.7202 37.9473 6.32456 42.0119 0.0 99.7046 74.027 81.9536 91.6277 68.7314 51.3517 84.1724 69.3758 86.0075 68.2987 48.1215 74.9667 31.0483 7.28011 36.2353 71.1126 13.1529 30.0832 20.3961 
53.8145 7.2111 63.0158 82.7345 19.2354 36.1386 110.318 93.8136 44.2945 28.178 24.5967 102.952 103.812 9.21954 61.0 112.294 55.0974 80.5642 105.38 76.0292 99.7046 0.0 72.0625 35.1283 24.0416 81.0247 67.1152 84.8528 52.1536 30.0666 46.5725 65.5302 83.0963 78.0528 106.151 63.7024 66.0 110.635 73.2393 112.383 
51.6004 78.3135 82.1536 63.561 53.0 38.8973 80.3057 80.8084 42.4985 49.6488 50.636 65.7647 87.6926 79.511 18.4391 90.0056 73.8393 40.4969 76.1052 85.324 74.027 72.0625 0.0 37.0 49.163 110.929 24.3516 15.0 21.1896 81.0247 80.0838 88.6675 116.182 45.1221 81.0 52.716 6.7082 87.0 70.3971 72.2772 
39.3192 41.5933 63.561 66.3356 16.0 12.0 91.7025 81.5733 24.3311 18.868 15.2643 80.8292 91.2159 42.9535 28.6531 97.0562 54.5711 46.2776 86.706 73.3483 81.9536 35.1283 37.0 0.0 12.6491 90.6615 37.0135 49.8197 18.3848 49.5782 53.4013 63.7887 94.5987 52.9852 89.1164 47.8743 31.1448 94.6209 63.3877 89.9122 
46.2385 31.0161 66.0303 74.8827 5.65685 20.0 102.35 88.955 32.249 20.0998 4.12311 92.535 98.6154 32.6956 41.1461 105.604 57.0088 57.9833 97.3539 77.1622 91.6277 24.0416 49.163 12.6491 0.0 90.471 49.0918 61.2046 31.0161 44.6542 53.1507 67.0298 93.9628 64.6909 98.4628 55.4859 43.566 103.504 69.6419 101.618 
59.6723 77.4145 29.0689 60.1664 85.703 79.3534 77.1038 53.2353 70.4911 71.9484 94.1488 82.2253 59.0762 75.5381 92.5607 69.2604 36.8917 75.0431 74.4312 28.2312 68.7314 81.0247 110.929 90.6615 90.471 0.0 92.6041 125.464 92.3037 51.1566 37.3631 31.1448 6.32456 72.3726 70.0643 60.3655 105.048 70.0643 45.1774 89.1067 
31.6155 72.121 62.1687 39.4588 50.5371 31.0161 59.0494 56.7186 32.3211 40.5 52.2015 47.4446 64.0703 72.8309 9.84886 67.3647 54.2471 16.1555 54.3691 63.5082 51.3517 67.1152 24.3516 37.0135 49.0918 92.6041 0.0 37.7359 20.0 74.0138 70.9208 68.6496 96.1968 21.095 58.5491 32.6982 20.0998 64.4981 46.5585 55.044 
66.1361 91.4112 96.6893 75.7623 65.6201 53.3104 89.1403 93.0142 57.3568 64.0781 62.0081 74.027 98.7168 92.7631 33.2415 99.8499 88.375 53.7122 85.3756 99.8268 84.1724 84.8528 15.0 49.8197 61.2046 125.464 37.7359 0.0 35.7771 95.7079 105.055 103.17 130.717 57.4103 90.7965 67.2188 21.6333 96.7471 83.8702 79.2275 
36.2415 58.0 63.9725 55.3322 33.7343 17.72 77.8332 72.0625 21.8905 28.4605 33.541 65.9256 80.5108 59.0339 10.6301 85.151 55.4582 31.6252 73.0548 70.4092 69.3758 52.1536 21.1896 18.3848 31.0161 92.3037 20.0 35.7771 0.0 59.9333 59.4118 63.4187 97.1885 38.3275 76.6551 39.3192 14.5602 82.4621 56.8859 74.4177 
42.7697 26.3059 37.0136 69.2195 39.1152 42.5441 96.801 75.2281 41.9762 31.9061 47.5079 91.45 84.1492 24.5153 65.4959 94.3674 37.0136 70.1672 92.0068 50.0 86.0075 30.0666 81.0247 49.5782 44.6542 51.1566 74.0138 95.7079 59.9333 0.0 20.5183 40.6105 53.0377 67.1449 91.9829 51.6956 74.3236 93.9969 61.7187 100.841 
39.6493 44.7772 16.6988 56.8492 48.5077 43.47 78.207 54.9133 39.5811 34.5997 56.8859 80.1411 63.8343 43.382 72.1508 74.0526 16.6988 63.2838 74.517 29.7121 68.2987 46.5725 80.0838 53.4013 53.1507 37.3631 70.9208 105.055 59.4118 20.5183 0.0 20.2956 41.2311 60.7724 71.6681 45.0168 73.3764 73.6821 41.4038 87.9958 
30.3434 65.0364 4.12311 36.672 63.2851 51.9711 58.0298 34.7361 41.5289 47.0 71.0634 59.9639 43.6571 63.6656 63.2318 53.8754 10.4403 51.0886 54.3398 10.4403 48.1215 65.5302 88.6675 63.7887 67.0298 31.1448 68.6496 103.17 63.4187 40.6105 20.2956 0.0 37.0135 48.4181 51.4909 36.4109 75.7194 53.5049 21.2267 67.8186 
64.9254 79.0253 34.6554 66.4831 89.0225 84.2715 83.2166 59.4138 75.4661 75.7971 97.5295 88.5268 65.0077 77.0584 97.8137 75.1066 42.0119 81.2915 80.6226 34.5398 74.9667 83.0963 116.182 94.5987 93.9628 6.32456 96.1968 130.717 97.1885 53.0377 41.2311 37.0135 0.0 78.621 76.1643 66.6139 110.301 76.0066 51.4296 95.352 
24.5967 80.496 52.0096 18.4391 65.4066 45.6487 39.8121 35.6931 37.4967 51.1787 68.2495 29.0 43.0116 80.2821 30.0666 46.8722 44.0987 7.2111 34.9285 44.6878 31.0483 78.0528 45.1221 52.9852 64.6909 72.3726 21.095 57.4103 38.3275 67.1449 60.7724 48.4181 78.621 0.0 38.3275 15.7636 41.1947 44.1475 27.5862 38.2099 
52.8015 107.517 55.0824 23.6008 96.8322 80.6604 7.07107 17.1172 66.5634 80.2122 102.517 18.868 12.53 106.888 68.0661 9.05539 61.5692 45.2217 6.40312 44.7214 7.28011 106.151 81.0 89.1164 98.4628 70.0643 58.5491 90.7965 76.6551 91.9829 71.6681 51.4909 76.1643 38.3275 0.0 43.0116 78.238 6.0 34.9857 21.095 
9.89949 65.8027 40.0025 19.4165 53.8516 36.2225 46.6905 33.9559 23.5864 37.2022 59.5404 39.8246 43.3244 65.4599 34.547 50.1199 28.3431 18.2749 41.7253 33.0151 36.2353 63.7024 52.716 47.8743 55.4859 60.3655 32.6982 67.2188 39.3192 51.6956 45.0168 36.4109 66.6139 15.7636 43.0116 0.0 47.0589 48.0208 17.72 49.2443 
45.72 72.111 76.2732 59.5399 47.0956 32.28 78.0897 76.7919 35.7911 43.0116 45.3542 64.0312 84.1487 73.2462 12.53 87.1436 67.9589 35.9026 73.6817 79.6492 71.1126 66.0 6.7082 31.1448 43.566 105.048 20.0998 21.6333 14.5602 74.3236 73.3764 75.7194 110.301 41.1947 78.238 47.0589 0.0 84.216 64.7399 71.1688 
57.6888 111.732 57.0964 28.6531 101.872 84.2406 9.89949 18.7883 71.6045 85.1469 107.558 24.1661 11.0 111.018 73.9797 3.16228 63.5832 50.9608 11.7047 46.1736 13.1529 110.635 87.0 94.6209 103.504 70.0643 64.4981 96.7471 82.4621 93.9969 73.6821 53.5049 76.0066 44.1475 6.0 48.0208 84.216 0.0 38.4187 24.7588 
24.0832 73.9783 24.8182 16.0312 67.0671 51.4782 40.7185 20.6155 39.1152 49.98 73.7631 40.05 30.6105 73.2662 52.2281 39.6232 31.305 30.4798 36.4005 17.2047 30.0832 73.2393 70.3971 63.3877 69.6419 45.1774 46.5585 83.8702 56.8859 61.7187 41.4038 21.2267 51.4296 27.5862 34.9857 17.72 64.7399 38.4187 0.0 48.5077 
58.8303 114.826 71.4101 32.9848 102.334 82.5757 14.8661 36.1386 71.8269 85.5089 105.177 9.43398 33.6155 114.586 63.8715 27.5862 76.3137 45.2548 15.2315 62.0725 20.3961 112.383 72.2772 89.9122 101.618 89.1067 55.044 79.2275 74.4177 100.841 87.9958 67.8186 95.352 38.2099 21.095 49.2443 71.1688 24.7588 48.5077 0.0 
DEMAND_SCENARIO_SECTION
0 0 0 0 0 0 0 0 0 0 0 0 0 0 0 0 0 0 0 0 0 0 0 0 0 0 0 0 0 0 0 0 0 0 0 0 0 0 0 0 0 0 0 0 0 0 0 0 0 0 0 0 0 0 0 0 0 0 0 0 0 0 0 0 0 0 0 0 0 0 0 0 0 0 0 0 0 0 0 0 0 0 0 0 0 0 0 0 0 0 0 0 0 0 0 0 0 0 0 0 0 0 0 0 0 0 0 0 0 0 0 0 0 0 0 0 0 0 0 0 0 0 0 0 0 0 0 0 0 0 0 0 0 0 0 0 0 0 0 0 0 0 0 0 0 0 0 0 0 0 0 0 0 0 0 0 0 0 0 0 0 0 0 0 0 0 0 0 0 0 0 0 0 0 0 0 0 0 0 0 0 0 0 0 0 0 0 0 0 0 0 0 0 0 0 0 0 0 0 0 
3 2 1 1 2 2 2 2 2 2 3 2 2 0 3 2 2 3 1 2 2 2 2 1 2 2 2 2 2 1 0 2 2 3 2 2 2 3 2 4 2 1 3 2 1 1 3 2 1 2 3 3 2 2 1 1 1 2 0 2 2 2 2 2 2 3 3 2 2 2 2 3 2 2 2 3 2 2 2 2 2 2 2 2 3 1 3 2 2 1 1 1 2 1 2 1 3 1 2 3 2 2 2 3 2 2 3 2 3 3 2 2 3 1 2 2 2 2 1 2 2 3 2 3 3 3 3 2 1 2 1 1 2 3 3 3 3 4 1 2 3 3 1 2 2 2 1 2 1 1 2 2 2 1 3 3 3 2 1 1 2 2 1 1 3 1 1 2 2 2 3 1 2 2 1 2 2 3 1 1 2 1 1 3 2 2 2 2 2 2 4 3 3 3 2 3 1 2 2 3 
6 8 7 5 8 9 6 10 4 7 8 6 8 6 8 4 3 7 4 2 5 6 6 6 4 4 3 5 2 7 9 10 8 5 7 8 7 9 4 9 8 9 5 7 8 6 9 5 4 7 9 8 7 4 10 10 10 4 5 5 4 5 3 3 7 8 6 7 6 7 5 7 9 4 3 2 5 4 5 10 5 5 5 5 6 6 4 7 7 5 4 6 4 6 7 7 9 7 6 4 6 7 2 3 3 8 7 7 4 2 5 8 7 7 8 5 8 10 2 7 5 3 6 7 7 5 7 5 5 9 4 2 5 3 6 7 6 4 6 5 6 8 6 7 5 7 9 5 4 7 1 6 5 5 4 4 7 10 3 4 4 5 3 7 4 7 8 6 7 7 5 3 3 5 3 4 8 3 6 6 5 5 9 7 3 7 4 3 8 5 2 6 6 5 3 6 5 10 10 6 
2 2 2 2 2 2 3 2 2 3 3 2 1 1 2 1 3 2 2 2 2 2 2 2 2 3 2 1 1 2 4 2 3 2 1 2 2 1 3 2 3 2 1 2 2 3 2 1 2 2 2 2 2 2 0 1 3 1 2 3 2 3 2 2 1 3 2 2 2 1 2 2 3 2 2 2 2 1 2 2 1 2 2 1 4 2 2 3 2 1 2 2 2 2 1 1 1 2 3 3 2 3 2 2 2 3 2 2 2 2 2 2 3 2 2 2 2 1 2 3 1 1 3 2 2 2 2 2 1 1 3 2 0 2 2 2 3 1 1 3 1 1 2 3 1 1 3 2 2 3 1 2 3 3 2 2 2 2 1 1 2 1 2 1 2 3 2 2 1 2 2 2 2 3 2 1 2 2 2 1 2 2 2 2 1 2 2 2 3 2 2 3 2 3 3 1 2 1 2 1 
6 2 11 9 10 7 9 2 8 5 4 4 9 6 9 7 10 4 7 9 4 7 6 11 7 8 7 10 7 7 4 9 5 8 7 10 5 2 3 11 8 5 5 4 9 11 8 8 5 4 9 4 9 6 9 15 10 8 7 9 7 2 9 6 9 9 4 9 5 9 9 11 7 7 6 6 6 6 9 8 13 8 8 4 6 4 3 3 12 6 5 8 7 8 12 10 5 7 4 6 7 7 5 6 5 8 12 11 9 7 1 8 5 3 4 5 5 6 5 6 9 8 2 3 4 6 5 7 7 8 6 10 7 10 8 10 6 8 9 3 6 8 3 7 7 8 5 8 1 3 7 5 10 4 5 5 5 6 5 7 3 5 5 6 6 7 3 7 8 4 4 6 7 8 7 9 10 6 6 6 13 9 5 11 7 8 8 7 6 8 3 8 8 6 7 7 7 9 7 8 
1 1 2 3 2 3 2 2 1 2 3 2 2 2 3 2 2 1 2 2 3 2 1 1 1 2 1 2 2 1 1 3 2 3 2 3 2 2 3 1 3 3 2 2 3 3 2 3 2 3 2 2 3 2 2 2 2 2 2 2 3 2 2 2 2 1 3 2 2 1 1 2 1 2 2 2 1 2 3 3 1 1 2 2 2 2 3 1 2 1 2 3 3 2 1 1 1 2 1 1 3 3 3 1 2 2 3 1 3 1 1 1 2 2 4 2 1 1 1 2 1 2 2 2 2 3 2 2 1 3 2 0 1 3 3 2 3 3 3 1 1 2 2 1 1 1 2 3 2 2 2 1 3 2 1 2 2 3 1 2 2 2 1 2 2 1 2 1 3 2 3 2 2 1 2 2 3 3 1 2 1 2 3 3 2 1 1 1 2 2 3 2 1 2 3 2 2 2 2 2 
9 10 9 10 10 6 8 11 12 9 6 7 11 13 9 10 5 7 8 7 9 8 10 10 9 5 5 10 8 8 1 12 5 7 8 7 10 14 6 13 5 8 9 3 8 4 7 6 8 7 4 13 9 5 9 12 14 11 7 13 12 4 9 4 6 6 8 11 6 11 8 4 10 9 10 13 10 8 5 7 9 4 13 8 9 6 2 13 6 9 12 8 11 10 8 11 12 9 8 10 9 11 10 9 9 6 5 8 10 11 10 11 8 4 9 9 4 8 12 4 5 9 11 14 12 6 10 3 9 15 14 6 11 10 8 9 11 10 6 9 5 7 7 7 3 10 10 11 8 9 10 5 14 12 2 11 6 10 10 10 6 9 14 10 4 11 8 11 10 12 14 15 1 11 9 2 13 7 5 5 10 9 6 10 9 8 8 9 13 7 5 5 6 8 12 10 8 5 8 7 
2 3 2 1 2 2 2 2 2 4 2 2 2 2 2 1 2 2 1 2 2 2 1 3 2 3 2 3 2 1 3 0 2 2 2 1 1 3 1 1 2 2 2 2 2 2 1 2 1 3 2 3 2 2 2 3 3 2 2 2 2 1 2 2 1 3 3 2 3 3 1 1 2 1 3 1 3 1 2 3 1 1 2 1 1 1 1 1 3 2 2 3 2 2 2 1 2 2 2 2 2 2 3 1 2 3 1 1 2 1 2 3 2 1 2 2 3 3 3 2 2 1 1 2 2 2 3 4 2 2 2 1 2 2 1 2 2 2 2 1 2 2 2 1 3 1 2 2 1 2 2 2 2 2 3 3 2 2 2 2 2 2 1 4 2 3 2 2 3 3 3 1 2 1 3 1 2 2 2 1 2 3 1 2 1 1 3 3 2 1 4 3 2 3 1 3 3 1 2 2 
1 1 1 1 1 1 1 1 1 1 1 1 2 0 1 1 1 1 1 1 1 1 1 1 2 1 1 1 1 1 1 1 1 1 1 1 1 1 1 0 1 1 1 1 1 1 1 1 1 1 1 1 1 1 1 1 1 1 1 1 1 2 1 1 0 1 1 1 1 1 1 1 1 1 1 1 1 1 1 1 1 0 1 1 1 1 1 1 1 1 1 1 1 1 1 1 1 1 1 1 1 1 1 1 1 2 1 1 1 1 1 1 1 1 1 1 1 1 1 1 0 1 2 1 2 1 1 1 2 1 2 1 1 1 1 1 1 1 1 1 1 1 1 1 1 1 1 1 1 1 0 1 2 1 1 1 1 1 0 1 1 1 1 2 1 0 1 1 0 1 1 0 1 1 1 1 1 1 1 1 1 1 1 1 1 1 1 1 1 1 1 1 1 1 0 1 1 2 1 1 
7 7 11 10 4 7 5 6 4 9 5 5 6 2 3 7 6 5 8 7 6 6 10 7 3 6 5 8 7 3 6 7 5 7 8 8 3 7 5 6 9 9 3 7 8 4 5 10 7 7 2 0 6 10 4 3 7 8 6 7 4 4 5 4 5 6 4 7 6 5 6 6 6 4 5 9 7 5 12 7 8 8 4 6 4 8 5 4 4 5 8 5 8 5 5 6 7 8 7 7 5 3 5 5 7 6 2 5 2 4 6 10 6 6 6 9 7 5 9 7 5 6 6 5 5 6 11 6 2 5 1 5 4 4 8 8 10 4 6 11 8 4 6 8 3 9 7 8 4 7 6 4 6 7 2 4 3 8 11 8 6 5 4 6 6 7 6 4 7 7 5 2 9 6 7 3 4 3 5 7 8 8 8 5 5 5 4 5 7 5 2 3 4 5 8 6 3 4 3 3 
2 3 2 2 0 3 1 2 3 3 2 2 2 1 0 2 3 2 2 3 3 2 2 2 4 2 2 2 2 1 2 3 1 2 1 2 3 2 2 2 3 1 1 4 2 1 3 2 2 3 3 1 3 1 1 1 3 2 3 1 2 1 2 2 2 3 3 2 2 2 2 2 2 2 2 2 2 2 3 1 1 2 2 1 2 2 2 2 3 2 2 2 3 3 3 1 2 2 3 2 2 2 2 3 1 2 2 1 2 1 1 1 1 1 2 2 1 1 2 3 1 3 2 1 3 2 1 3 3 3 1 2 1 3 2 1 2 3 3 2 1 2 3 1 2 2 1 2 2 1 2 3 1 1 1 2 3 1 2 1 3 3 1 2 2 1 3 3 2 2 3 3 2 2 2 2 2 2 3 2 1 2 2 3 2 2 3 3 2 2 2 1 2 3 2 0 1 2 1 3 
5 14 3 5 2 6 11 10 7 6 2 4 6 7 7 5 7 7 10 9 3 6 9 6 10 7 9 9 6 9 11 8 8 5 4 5 8 10 10 5 8 11 10 11 11 10 10 8 6 7 4 9 6 9 8 4 4 10 10 9 6 8 7 10 2 5 5 8 8 7 6 3 8 5 4 11 3 7 3 10 6 9 8 5 7 6 8 8 8 6 8 11 5 7 5 8 11 6 6 9 5 9 10 7 8 7 11 8 5 5 4 4 5 7 7 8 6 8 10 9 9 7 8 8 11 11 3 8 11 9 5 4 5 5 8 10 7 8 11 4 10 9 8 10 8 6 5 10 3 8 10 4 6 8 9 10 11 13 5 7 5 4 9 6 9 5 8 10 5 5 8 5 4 10 6 5 6 7 11 6 10 7 4 4 12 13 3 5 1 8 9 4 10 7 7 6 11 10 10 8 
11 11 10 11 4 13 9 8 14 8 8 11 12 10 13 10 12 11 8 9 14 17 7 9 7 5 9 15 5 16 12 11 7 14 7 11 6 11 7 15 12 10 13 9 5 13 12 9 9 13 9 8 6 13 10 15 7 11 8 11 6 8 12 14 12 8 8 14 6 11 7 17 7 13 7 4 13 10 7 11 18 8 10 5 14 9 9 11 10 11 4 13 3 17 7 8 8 8 7 15 14 11 7 7 9 9 12 8 17 10 13 13 10 5 10 1 14 10 10 12 9 6 11 6 13 10 9 11 5 12 17 6 9 11 14 10 3 14 12 12 13 6 10 13 18 12 12 10 12 7 7 6 14 10 10 5 13 11 7 15 12 12 10 8 9 9 12 11 9 10 8 10 12 4 15 8 5 7 12 10 11 8 13 19 11 11 16 18 7 5 5 10 11 18 13 14 4 11 11 9 
12 4 10 14 6 8 17 11 13 16 5 12 12 9 9 8 9 11 6 11 7 10 5 14 4 5 13 15 9 12 3 9 12 8 7 4 11 9 12 4 9 15 10 8 11 7 13 8 6 13 7 10 5 13 9 12 8 10 6 11 17 11 6 16 15 9 11 6 10 7 10 8 9 8 10 12 9 5 8 11 15 13 12 14 9 14 14 3 8 9 5 3 10 6 10 9 7 12 11 7 5 12 6 12 9 14 16 14 9 10 7 14 8 9 6 11 9 12 7 11 14 13 13 6 9 9 5 10 12 8 12 8 13 10 8 14 2 14 14 5 5 8 7 11 7 7 7 13 11 13 14 12 10 15 8 11 9 16 11 6 9 9 14 6 11 6 5 9 11 6 16 4 6 0 12 10 15 11 10 15 6 10 14 13 10 8 16 12 9 10 13 9 10 4 8 4 9 10 10 11 
13 4 8 12 8 7 13 8 11 6 13 5 5 15 8 13 10 16 12 3 11 8 14 15 13 8 6 7 3 5 7 9 9 15 12 15 7 8 3 9 17 1 14 8 12 11 7 7 10 12 13 7 10 8 7 9 11 8 9 10 15 4 11 13 4 16 8 8 12 6 9 5 13 8 14 12 10 14 10 7 11 5 8 7 8 7 8 14 11 8 14 6 11 10 5 8 13 10 7 11 7 5 10 2 15 12 17 9 8 5 7 10 11 17 15 7 17 7 7 9 12 13 10 12 8 13 10 6 9 8 14 10 16 15 8 14 9 5 11 4 10 9 14 11 6 10 7 6 9 11 9 6 11 15 7 11 15 9 10 7 12 12 14 11 11 12 11 8 3 9 3 12 12 11 7 11 12 7 10 8 8 0 12 6 7 12 13 14 9 9 7 15 10 8 10 11 10 8 5 7 
9 7 8 9 9 7 5 12 6 7 3 9 10 6 6 8 11 9 9 14 6 8 14 6 8 10 6 11 1 11 5 11 6 9 4 4 10 8 6 8 8 5 13 12 11 5 5 10 10 8 6 5 9 8 9 3 10 10 6 8 5 9 7 12 11 7 9 5 4 7 6 14 4 8 10 6 10 11 7 14 8 9 1 12 6 9 9 9 12 11 9 9 9 5 2 7 12 8 14 7 7 7 12 6 7 7 10 2 9 9 8 7 14 4 9 4 2 12 4 7 12 12 10 9 7 9 4 6 8 10 3 11 12 10 14 5 8 8 8 8 8 7 12 12 9 2 6 6 5 13 8 12 9 13 11 12 10 4 8 8 9 10 7 10 12 11 10 10 5 12 4 5 5 5 7 10 4 9 6 9 8 9 6 12 10 5 11 9 8 0 11 9 8 4 5 6 11 10 8 6 
5 2 2 3 5 5 5 1 5 4 4 5 7 6 3 2 6 2 5 4 4 5 4 4 3 7 6 2 4 7 3 4 5 3 2 5 4 2 3 4 4 5 3 4 2 4 3 6 3 1 1 4 3 5 5 5 5 4 2 5 3 2 6 3 3 6 4 5 4 2 3 5 5 6 3 4 4 4 4 5 3 4 7 4 3 2 5 4 4 4 4 4 6 5 2 1 4 5 3 5 5 4 4 8 3 4 3 5 5 4 5 3 6 5 3 4 6 4 4 6 4 3 3 6 4 4 3 3 3 4 2 2 4 3 4 4 6 4 3 2 6 5 3 4 4 7 4 4 1 5 4 4 4 6 0 6 5 5 4 3 4 3 7 4 3 5 1 6 1 5 7 6 4 3 5 3 3 5 5 2 0 4 4 6 2 6 5 6 6 4 4 3 5 4 5 5 4 6 4 3 
3 1 1 2 0 1 3 3 2 2 1 1 2 3 2 2 2 2 1 2 1 2 2 2 2 2 2 1 3 2 3 2 2 2 0 2 2 2 2 2 2 2 2 2 2 2 3 2 2 2 1 2 2 2 2 2 3 3 2 3 2 3 2 3 2 2 1 3 2 2 1 1 2 2 3 2 3 2 2 2 2 2 2 1 2 2 2 3 3 3 1 2 1 2 1 2 2 1 3 2 2 3 4 2 3 3 1 3 1 1 2 2 1 1 1 1 2 3 2 2 2 2 2 2 3 1 3 2 1 2 2 1 1 0 3 1 2 2 1 2 1 2 2 2 3 2 3 2 1 3 2 1 3 2 3 1 2 2 2 1 2 3 3 1 1 2 3 3 2 2 2 2 2 2 1 3 2 2 2 2 3 2 3 2 2 2 2 2 1 3 2 2 3 2 1 3 2 1 4 2 
3 3 4 4 4 3 3 4 2 2 2 3 4 3 4 2 3 3 5 1 1 3 4 1 2 4 3 3 5 3 3 2 2 4 3 5 3 2 4 3 2 3 2 1 2 1 1 3 3 2 2 3 2 1 5 3 1 2 2 5 4 2 1 4 3 5 3 4 4 3 3 3 3 0 3 1 4 3 2 3 2 4 1 1 3 3 3 2 1 1 3 3 3 4 3 2 2 5 3 1 5 3 1 4 3 4 2 4 2 3 2 2 3 4 3 3 3 4 3 3 3 2 2 2 4 4 3 2 2 3 3 5 3 4 2 4 3 3 3 3 3 2 3 3 3 4 2 2 3 2 2 4 2 5 3 3 3 2 3 4 1 4 2 3 3 3 3 3 1 1 5 2 5 3 4 5 4 3 3 3 3 5 3 3 2 3 2 4 4 2 3 0 3 3 4 3 4 4 3 1 
6 6 7 11 8 11 7 9 4 11 7 8 13 11 11 6 7 8 12 7 11 9 5 3 6 6 6 9 7 16 8 8 9 7 4 10 7 7 9 10 9 8 0 8 8 7 6 4 5 7 8 11 10 7 6 5 4 6 7 10 9 7 6 14 9 2 10 6 7 12 8 3 8 12 6 9 8 8 6 7 7 5 6 7 11 6 7 5 8 7 8 8 6 7 8 12 5 12 5 8 5 6 7 8 9 8 10 6 8 7 5 6 7 10 8 7 10 14 3 6 5 7 6 9 7 11 10 10 2 14 14 11 6 5 10 9 9 10 10 6 9 5 4 4 9 10 8 8 7 6 5 8 10 7 7 8 7 8 4 6 6 10 2 8 7 3 9 9 9 13 8 13 8 7 11 5 6 9 11 8 6 9 9 12 10 7 8 10 13 7 9 13 13 5 7 9 7 11 10 14 
2 3 3 0 4 2 2 5 4 2 2 6 2 5 1 3 3 2 2 1 3 3 4 3 4 3 3 3 3 1 3 3 3 3 1 4 3 4 3 2 1 3 3 4 4 3 3 3 4 2 4 4 4 3 3 3 3 5 3 3 4 2 1 2 2 3 2 4 3 3 2 1 3 3 3 3 3 4 4 2 1 4 4 3 0 2 3 4 3 2 2 4 4 2 1 4 3 3 4 4 3 2 3 3 1 3 3 4 2 3 2 4 3 0 1 2 4 2 3 1 3 2 3 3 2 4 3 2 5 3 2 3 3 2 4 4 3 2 3 3 4 5 4 3 3 2 3 3 3 3 2 4 3 2 5 4 2 2 3 3 4 4 3 1 5 5 2 2 4 3 6 4 2 4 2 3 4 3 2 3 4 4 2 3 2 2 2 5 4 5 4 3 2 2 6 4 3 3 4 4 
10 10 10 7 8 9 7 10 10 10 8 8 11 10 11 14 6 13 6 9 12 5 14 11 2 10 12 7 11 10 12 13 11 12 12 9 11 9 2 5 9 14 9 9 11 13 13 7 9 9 11 13 12 14 16 2 8 13 6 11 8 3 10 6 11 8 10 12 10 12 10 10 8 8 11 8 4 14 5 12 12 8 10 7 10 7 3 1 9 10 12 10 11 14 12 8 7 4 4 12 11 8 13 11 12 12 12 17 15 5 6 8 11 15 9 10 10 10 8 7 15 8 10 12 9 12 10 11 6 9 9 10 6 1 12 7 13 9 6 4 14 10 7 8 9 13 5 11 16 10 11 14 8 5 17 7 14 9 10 8 10 9 8 10 7 8 14 9 7 5 11 9 5 14 12 9 18 11 8 14 8 8 9 12 11 7 13 7 13 11 10 8 10 6 16 13 10 6 7 13 
3 3 4 3 3 5 3 3 5 3 3 4 3 3 3 2 4 3 4 2 3 3 3 5 3 4 2 4 2 4 2 1 2 2 5 5 5 3 2 3 3 1 3 4 3 5 2 4 3 3 3 1 4 4 2 3 4 4 3 3 4 3 4 4 4 4 3 4 4 0 4 3 3 3 3 6 5 3 3 4 3 4 2 4 3 1 3 4 4 3 1 2 3 1 3 2 3 4 4 3 2 3 3 4 3 6 3 2 3 2 3 4 3 2 6 4 3 3 4 1 4 5 3 3 4 2 3 3 4 5 4 4 4 3 4 2 2 3 4 2 2 3 2 2 4 4 3 1 2 3 3 1 5 2 2 2 3 3 3 1 1 3 4 2 3 3 3 2 3 2 2 2 2 3 3 3 1 3 4 2 3 4 3 2 1 2 2 4 5 4 3 1 5 3 3 2 3 3 2 2 
9 10 5 8 5 4 7 4 11 3 3 6 3 8 7 5 2 3 7 8 8 8 5 4 5 8 5 5 3 8 5 3 7 8 7 9 7 8 5 5 5 5 6 5 6 4 9 9 8 5 10 3 4 6 8 6 6 6 8 7 11 7 7 3 9 6 7 4 6 3 7 7 7 6 3 8 8 7 8 6 6 10 4 2 2 6 6 7 8 5 8 8 5 3 6 11 9 6 7 9 3 8 4 5 11 8 6 3 6 7 6 9 5 6 7 8 6 4 6 6 8 8 9 5 6 5 7 4 10 6 5 5 8 7 6 8 5 2 5 8 6 8 7 5 9 7 6 5 4 6 2 7 5 6 6 10 3 7 6 2 5 4 9 3 8 6 4 5 7 7 2 9 6 5 7 5 5 5 4 8 6 7 3 1 7 7 5 9 9 8 7 7 6 8 8 6 7 4 9 7 
2 2 1 1 2 2 2 1 2 2 2 3 2 2 2 2 2 3 4 0 2 2 2 2 1 4 2 2 2 1 2 3 2 2 3 1 2 3 3 2 2 2 2 2 2 2 3 2 2 2 2 2 3 2 3 3 1 2 3 1 2 2 3 2 2 3 2 1 1 2 2 2 2 1 2 2 1 2 1 2 3 3 2 2 1 3 1 2 4 3 2 3 2 2 2 3 2 3 2 2 3 2 1 3 1 2 2 0 2 1 2 2 2 2 2 2 2 3 2 2 2 2 3 0 2 2 2 2 2 1 2 3 3 2 3 2 1 2 2 1 2 3 2 1 2 2 2 1 1 2 2 1 2 2 2 2 2 3 2 3 3 2 2 1 2 2 2 2 3 2 2 2 1 2 2 1 2 2 2 3 2 2 1 1 3 2 2 2 2 1 2 2 2 1 1 2 2 2 3 2 
4 6 9 1 6 11 11 7 0 7 10 4 6 9 9 2 12 10 7 7 6 8 8 12 2 6 6 8 8 9 7 6 4 8 6 8 8 3 9 5 7 7 6 6 10 9 11 4 5 8 7 9 10 8 8 4 6 10 7 4 9 7 8 4 11 3 6 5 7 8 6 7 4 9 8 8 7 7 7 11 7 7 7 6 6 7 7 8 5 8 6 5 8 6 7 14 8 7 6 7 13 7 7 6 11 7 8 9 5 6 8 7 10 11 6 7 10 7 9 4 5 7 8 1 7 7 6 7 5 5 6 7 8 7 10 5 10 6 9 5 8 10 7 6 10 4 8 8 6 9 11 9 9 7 9 6 7 9 10 8 8 5 8 8 7 8 11 4 7 7 8 8 8 8 8 6 5 7 9 8 7 9 9 6 9 5 4 4 5 8 6 4 7 7 3 8 8 7 10 10 
11 8 6 5 2 7 3 7 9 10 6 7 10 10 13 6 7 8 6 5 6 6 5 8 8 10 8 13 6 5 4 4 5 1 10 10 7 8 9 8 8 8 8 9 7 12 15 7 3 4 8 11 9 4 9 6 8 5 10 9 8 2 5 7 3 8 8 9 7 5 10 2 5 4 2 3 9 10 6 5 4 2 5 9 7 8 7 7 12 6 5 6 3 7 9 10 8 10 11 6 8 5 8 6 6 8 4 6 5 6 7 4 8 9 8 1 6 6 8 4 12 5 5 3 11 6 8 9 11 6 5 8 4 5 8 10 9 3 5 7 5 3 8 7 9 9 6 8 5 3 5 6 5 6 6 9 7 9 6 13 4 8 6 7 7 11 7 5 4 9 5 2 7 9 9 6 9 9 9 11 4 6 10 9 10 6 5 7 8 7 2 7 9 7 10 8 8 8 7 10 
4 5 5 5 5 4 5 3 5 5 1 3 4 6 4 3 4 3 3 2 4 3 5 4 4 1 4 4 6 2 3 3 2 4 5 5 5 5 4 3 5 5 4 7 2 3 6 2 1 5 5 6 4 4 3 3 4 3 3 3 2 5 4 3 4 3 5 5 5 5 7 3 6 2 3 2 5 5 3 3 3 4 3 3 3 6 3 4 5 4 6 4 4 4 5 5 3 5 3 3 2 6 5 5 3 3 6 7 3 4 7 4 5 7 3 3 2 3 3 1 3 1 4 3 6 3 2 4 5 3 5 5 3 5 2 5 7 5 6 3 6 6 4 4 3 4 1 4 3 5 3 5 3 5 3 2 5 3 3 5 4 4 4 6 1 5 6 4 6 3 3 3 4 5 5 4 7 5 5 6 3 3 4 5 2 4 4 4 3 3 5 2 5 5 3 2 4 3 4 4 
2 3 6 5 4 4 4 4 5 1 5 4 2 3 5 3 3 5 2 6 5 5 3 5 5 3 4 4 0 4 4 3 7 6 3 2 2 5 5 2 2 3 6 5 4 4 3 1 3 4 5 1 4 6 3 2 3 6 4 5 6 5 2 4 3 6 4 5 1 4 3 4 5 6 5 4 6 5 2 3 3 1 5 6 3 4 4 6 5 2 5 5 4 3 6 4 7 5 3 5 3 5 2 2 5 6 5 4 6 3 4 4 3 1 4 5 5 4 6 4 2 4 6 2 3 4 4 3 3 4 4 2 4 2 3 2 4 5 5 4 4 5 3 4 5 6 3 3 3 5 3 4 4 3 3 3 3 5 4 6 5 3 4 5 2 3 3 6 5 4 4 6 0 2 3 0 5 3 5 4 2 2 4 4 4 7 4 2 6 5 5 4 2 4 2 4 3 2 4 5 
8 8 7 7 6 8 7 5 8 6 8 8 10 10 11 2 8 9 10 5 3 10 13 6 11 8 4 8 11 8 10 9 7 11 9 4 6 8 8 9 8 5 10 4 7 8 7 11 7 11 5 7 9 11 4 10 6 9 11 6 8 7 5 8 6 7 8 9 10 8 7 12 11 8 6 6 8 7 12 7 7 8 7 5 8 6 7 13 8 6 11 12 15 8 5 7 12 12 4 2 7 6 10 9 8 5 7 7 9 9 6 4 3 6 9 6 6 6 9 10 8 7 5 2 9 6 9 4 7 9 1 10 7 9 9 13 8 7 8 10 4 9 6 8 7 4 6 7 8 7 8 11 6 10 8 5 6 8 12 11 11 7 10 9 6 10 9 10 7 11 6 6 7 6 9 5 12 9 8 6 7 8 9 0 6 5 9 10 5 9 9 7 9 0 13 9 5 4 8 7 
7 6 6 9 5 5 9 9 5 5 10 5 5 6 9 8 6 4 8 6 9 9 7 6 6 11 6 9 9 8 7 11 8 9 8 8 4 6 9 10 9 9 10 7 7 6 9 9 10 8 7 8 7 11 3 7 6 6 6 6 4 3 6 7 7 7 8 7 3 8 5 4 8 7 12 5 6 7 7 7 8 8 9 6 5 5 7 7 9 6 10 4 5 8 6 6 9 10 9 5 6 6 7 8 9 10 9 5 5 7 7 1 12 3 6 11 7 6 5 8 8 3 11 7 3 7 8 4 6 5 8 5 6 5 6 6 6 7 9 11 7 4 5 7 6 13 5 8 8 9 4 10 7 8 6 2 11 9 9 5 8 8 5 8 8 7 4 4 8 8 14 5 9 8 6 1 8 3 4 8 8 7 6 6 6 6 8 8 7 9 11 6 7 9 8 7 9 10 6 6 
4 4 4 4 3 4 4 2 3 2 2 4 4 3 5 4 4 3 2 4 5 2 3 4 4 2 2 4 3 3 2 3 1 3 4 3 2 3 3 3 2 4 3 4 4 2 2 4 3 5 4 4 5 4 4 3 3 2 3 4 4 3 2 5 4 4 4 4 3 1 4 5 3 4 3 3 4 4 3 2 2 5 3 4 4 3 3 3 3 3 1 3 4 2 2 2 5 4 3 3 1 4 4 4 4 4 3 3 3 3 4 4 3 3 3 4 4 5 4 3 3 4 2 2 3 3 3 3 4 2 2 5 4 4 3 5 2 4 4 1 2 2 4 5 1 4 3 2 3 2 2 3 4 1 4 3 1 1 2 4 2 1 3 2 1 4 2 1 4 2 2 3 5 2 3 5 3 2 3 3 4 2 4 3 3 3 3 2 4 4 2 2 2 3 3 3 2 2 4 3 
7 11 10 5 5 11 7 5 9 6 12 14 9 13 13 13 8 10 13 4 7 11 8 11 6 6 10 10 7 13 4 8 14 14 9 12 7 8 9 11 12 5 7 6 4 11 8 13 12 16 9 13 11 12 5 5 7 9 8 14 8 12 10 8 12 12 5 9 11 6 13 6 10 8 14 9 6 3 14 9 6 10 9 15 12 7 5 7 16 6 11 4 4 5 5 6 6 12 11 9 9 7 12 9 10 6 9 5 8 10 7 8 13 7 5 10 14 11 10 10 6 15 9 6 13 10 7 14 4 6 8 5 12 6 12 7 8 13 11 9 11 12 10 8 9 11 7 6 13 13 8 5 6 8 6 6 10 6 1 4 10 3 14 5 10 5 10 7 12 9 8 10 11 11 8 12 8 14 12 5 8 9 10 8 6 9 5 8 6 9 10 8 11 8 7 7 12 5 5 14 
11 5 5 5 7 5 6 2 4 4 5 6 6 6 5 9 5 7 6 2 6 3 9 9 6 2 9 6 8 7 5 6 5 4 9 8 3 10 4 3 6 3 7 8 4 5 6 5 4 4 7 4 5 5 6 5 4 8 6 7 9 7 6 8 5 11 3 4 6 8 7 7 4 4 4 2 7 6 7 7 8 6 9 4 7 5 8 6 10 9 6 7 7 5 7 9 4 6 7 5 6 6 7 4 7 3 6 4 5 5 3 6 4 4 7 6 5 4 3 3 3 5 6 9 3 3 5 4 4 7 9 7 4 6 9 3 5 8 6 6 8 9 6 8 3 4 5 2 4 7 6 8 5 7 5 4 7 8 9 8 7 5 8 5 7 5 8 6 4 3 7 9 3 4 5 8 6 5 7 8 3 11 6 4 4 7 6 8 5 7 4 6 3 8 5 4 5 7 4 2 
4 5 6 3 2 6 2 4 6 6 5 5 5 3 3 5 5 4 4 4 4 4 4 3 7 3 6 4 4 4 4 5 3 5 4 3 5 4 3 7 2 5 4 2 4 2 3 5 4 3 8 4 6 1 7 3 6 4 4 1 4 4 4 7 5 5 2 6 5 3 5 5 4 5 5 4 7 2 3 3 8 3 7 6 4 3 4 5 6 4 4 5 4 6 3 1 7 4 4 5 4 6 4 3 3 4 4 4 3 4 4 6 3 5 4 4 5 2 5 5 3 3 3 3 3 6 3 4 2 2 5 2 3 1 3 4 3 6 5 4 3 3 8 3 2 3 6 5 3 5 1 5 6 5 5 4 2 5 5 2 6 5 7 7 5 2 6 4 4 4 2 2 4 5 4 3 4 6 3 4 5 4 5 4 6 6 3 2 3 5 5 5 5 2 4 5 5 5 5 3 
3 3 2 4 4 3 3 2 3 3 1 2 2 2 4 4 4 4 2 3 4 3 4 4 3 4 4 2 3 3 2 3 4 5 3 4 3 1 3 3 4 4 3 4 3 3 2 2 5 1 2 4 2 4 4 2 4 3 4 3 3 4 4 1 3 3 2 2 1 3 4 3 4 2 3 4 4 3 4 3 3 2 4 3 3 3 3 4 3 3 3 3 5 3 3 3 2 1 5 3 1 4 1 3 5 4 3 1 5 4 3 3 2 3 1 4 2 2 4 3 4 4 5 5 3 3 3 2 4 3 4 3 3 4 3 3 1 2 3 3 2 2 1 3 2 3 4 3 2 4 3 2 2 2 4 2 1 2 3 4 3 4 1 2 2 2 3 2 3 3 3 3 1 4 3 3 3 1 2 3 3 3 4 1 2 4 3 2 5 5 2 3 2 4 3 3 4 3 2 2 
7 9 8 8 9 7 9 6 3 6 10 10 8 10 5 10 6 6 6 7 7 9 3 10 8 5 5 7 6 7 5 9 5 6 4 9 9 8 7 9 5 6 6 10 6 5 4 8 3 7 8 4 8 6 7 9 6 14 4 3 2 8 4 7 7 7 6 7 5 4 9 5 5 6 8 5 5 6 9 10 3 6 11 9 7 11 13 10 5 5 5 7 8 10 6 7 6 9 11 8 5 6 8 8 10 6 7 6 7 6 3 6 8 8 8 6 9 5 7 5 9 10 5 3 5 4 6 5 7 12 9 8 8 9 9 6 8 7 7 5 10 1 4 7 7 9 9 7 8 5 7 6 8 7 7 9 8 7 3 9 8 4 11 11 5 8 13 6 6 9 9 7 8 7 10 9 6 9 7 7 10 7 5 5 11 6 5 2 6 7 11 11 5 9 5 10 4 7 6 4 
1 4 2 3 2 3 3 2 3 1 4 4 3 4 4 3 3 4 1 3 4 2 2 3 4 2 3 2 3 3 4 3 4 3 3 3 2 4 3 3 2 2 1 3 3 3 3 4 2 3 4 3 4 4 4 5 2 3 3 6 2 3 3 1 2 3 5 2 1 1 2 2 3 3 5 2 4 2 3 3 5 3 2 3 3 3 0 4 4 3 4 3 6 2 4 1 4 3 2 3 5 1 4 2 1 3 3 1 4 2 4 3 4 4 3 2 4 3 4 4 2 3 3 3 5 1 3 3 3 4 4 3 4 4 4 3 1 4 3 2 2 4 3 4 3 2 1 3 3 3 4 3 4 5 1 1 1 3 3 3 3 4 2 1 2 3 2 5 2 5 5 4 3 4 4 3 4 3 4 3 3 4 2 3 2 2 4 2 2 1 5 4 3 4 3 4 2 2 3 5 
2 3 2 1 2 2 1 2 2 3 2 2 2 2 2 2 2 2 1 3 2 3 1 2 2 2 3 2 2 3 2 2 2 1 1 2 2 2 2 3 3 2 2 3 2 2 1 1 2 3 1 2 2 2 3 2 2 2 2 1 3 2 1 3 2 1 1 2 2 2 2 2 2 2 2 1 3 3 3 1 1 3 2 2 2 0 1 3 2 2 1 1 2 3 2 2 2 1 2 2 4 1 2 1 4 1 3 2 2 2 2 3 1 1 1 2 2 2 3 2 2 3 2 1 2 2 2 3 3 2 3 2 2 3 2 2 3 2 1 3 2 3 3 2 3 1 2 3 2 2 2 1 2 2 3 2 2 2 2 2 2 3 2 2 2 2 2 2 2 1 3 2 2 2 2 2 2 2 1 1 3 4 2 2 3 2 2 2 2 2 2 3 2 3 2 1 2 3 1 1 
12 4 7 11 10 10 9 11 5 6 9 7 10 8 7 8 8 9 8 6 13 10 6 12 10 7 9 9 8 8 11 6 8 7 9 5 6 13 12 6 9 9 11 3 9 7 4 9 10 12 7 10 7 6 9 8 9 6 12 10 9 10 7 10 13 14 12 4 4 1 6 16 6 7 10 8 6 9 7 7 8 14 3 8 12 6 7 7 8 9 15 10 6 6 6 8 10 10 13 11 10 6 7 9 11 10 12 7 5 8 11 2 8 5 10 4 3 4 8 6 12 9 9 8 8 12 10 9 6 7 11 13 8 4 7 13 6 6 13 6 10 8 10 6 5 11 9 15 5 7 10 16 4 7 8 5 6 8 4 7 11 11 7 9 12 7 6 9 11 12 13 8 4 8 8 7 10 9 7 12 16 9 10 6 3 10 6 13 10 7 12 7 8 12 7 10 9 12 9 6 
DEPOT_SECTION
 1
 -1
EOF
