NAME  : Jabali_40_4_0.80_1_7
TYPE : SVRP
MODEL : FINITE_SUPPORT
NUMBER_OF_SCENARIOS : 200
DIMENSION : 40
EDGE_WEIGHT_TYPE : MATRIX
CAPACITY : 64
N_VEHICLES : 4
NODE_COORD_SECTION
1 4651 4138
2 5345 3995
3 27 3025
4 6495 3546
5 646 3405
6 3056 4091
7 7818 4284
8 7628 3604
9 5172 5439
10 3993 18
11 2018 6235
12 6129 3146
13 5473 7318
14 7140 4506
15 2006 1632
16 6758 2231
17 4716 6602
18 5428 3206
19 321 3432
20 4656 7219
21 5158 6841
22 4347 2935
23 7806 5566
24 7811 4599
25 2432 6617
26 4157 4092
27 8188 4772
28 4192 1494
29 5290 266
30 2651 5582
31 6674 6634
32 6235 6694
33 8492 3636
34 945 5058
35 3113 2276
36 4221 631
37 8032 4219
38 6491 6462
39 5653 6917
40 6773 3036
DEMAND_SECTION
1 0.0
2 6.0
3 1.0
4 3.0
5 9.0
6 1.0
7 6.0
8 8.0
9 2.0
10 4.0
11 4.0
12 1.0
13 3.0
14 10.0
15 8.0
16 6.0
17 10.0
18 2.0
19 4.0
20 2.0
21 6.0
22 4.0
23 2.0
24 1.0
25 10.0
26 7.0
27 8.0
28 5.0
29 4.0
30 6.0
31 3.0
32 7.0
33 5.0
34 9.0
35 9.0
36 7.0
37 6.0
38 9.0
39 4.0
40 5.0
DEVIATION_SECTION
1 0.0
2 2.0
3 0.333333
4 1.0
5 3.0
6 0.333333
7 2.0
8 2.66667
9 0.666667
10 1.33333
11 1.33333
12 0.333333
13 1.0
14 3.33333
15 2.66667
16 2.0
17 3.33333
18 0.666667
19 1.33333
20 0.666667
21 2.0
22 1.33333
23 0.666667
24 0.333333
25 3.33333
26 2.33333
27 2.66667
28 1.66667
29 1.33333
30 2.0
31 1.0
32 2.33333
33 1.66667
34 3.0
35 3.0
36 2.33333
37 2.0
38 3.0
39 1.33333
40 1.66667
DISTANCE_MATRIX
0.0 9.48683 65.5379 25.632 56.9887 22.2036 43.1976 40.0248 24.7656 56.6127 45.8912 24.0832 44.9493 38.8669 57.8511 39.0 33.2236 17.72 60.5801 40.673 37.9529 19.2066 51.6835 44.7959 45.0444 6.7082 49.8236 36.4005 55.7726 34.2053 45.195 46.6909 51.0052 53.0094 34.1322 48.4149 44.7959 47.8546 42.0322 31.7805 
9.48683 0.0 73.4625 16.1555 64.9133 30.4138 34.0733 30.8058 20.6208 57.5602 55.3173 15.0333 45.4217 29.7426 59.1529 30.1496 38.9103 11.3137 68.5046 46.5305 40.2492 20.1529 42.7393 35.6716 54.231 15.0 40.6993 37.3604 51.9736 43.6807 36.4741 37.7466 41.8688 62.1289 35.7399 49.3883 35.6716 38.9103 40.4198 22.3607 
65.5379 73.4625 0.0 91.0912 9.05539 43.4626 107.463 106.706 74.8995 64.1327 51.2445 86.4048 92.3472 103.133 34.0147 90.6774 79.3095 76.7765 6.08276 84.006 85.4751 72.5961 110.854 109.062 57.9741 58.8875 114.089 60.4964 78.1089 49.0918 97.573 95.3415 118.094 29.9666 43.9107 63.2456 109.062 98.9545 90.934 95.007 
25.632 16.1555 91.0912 0.0 79.9776 45.8039 20.6155 15.6205 31.1448 56.304 71.3141 7.0 52.6141 16.2906 71.8009 17.4929 48.5077 15.6525 83.569 55.6597 48.4665 32.4951 32.479 22.2195 70.0039 30.8869 27.2473 41.2723 46.5188 59.7746 44.2053 44.0182 27.0185 78.032 48.082 48.2663 22.1359 46.9555 47.3706 7.28011 
56.9887 64.9133 9.05539 79.9776 0.0 34.8855 98.9142 95.3855 65.9441 62.0725 43.0813 75.8922 83.2947 94.5835 30.4138 84.3674 70.2567 66.2639 3.60555 75.0 76.4199 62.0835 101.899 100.512 49.6488 50.3383 105.54 56.404 74.7329 40.1995 88.6176 86.3481 106.633 22.8035 37.6369 60.0167 100.512 89.9889 81.8841 84.4944 
22.2036 30.4138 43.4626 45.8039 34.8855 0.0 64.4772 61.0737 32.9212 58.793 33.2415 42.0595 52.7731 60.1465 31.9632 55.0668 40.2616 32.6956 38.4708 46.8188 45.7056 28.5407 68.8761 66.0754 35.7771 15.6205 71.1032 36.8788 58.9616 21.9317 55.5947 53.4355 72.2496 32.6956 26.0007 48.368 66.0754 56.9776 50.1597 50.6063 
43.1976 34.0733 107.463 20.6155 98.9142 64.4772 0.0 9.43398 39.9714 75.1066 83.3581 27.4591 51.2445 10.0 91.5454 30.6757 52.6118 36.0555 102.506 58.0775 50.04 52.2396 16.4012 3.60555 80.2331 49.0448 7.28011 60.075 63.7887 73.3588 33.7343 38.4708 12.0416 96.0876 67.8265 67.0691 2.23607 36.1386 46.0977 22.0907 
40.0248 30.8058 106.706 15.6205 95.3855 61.0737 9.43398 0.0 42.085 67.0075 84.6111 21.4709 57.4891 13.1529 78.563 21.587 57.0 31.0644 98.9769 63.1981 55.3263 48.1096 25.4558 12.8062 82.3071 45.8039 16.5529 52.1686 54.9181 74.0661 40.8534 45.2217 11.4018 92.9139 63.6965 59.1354 9.48683 43.4626 52.1728 14.3178 
24.7656 20.6208 74.8995 31.1448 65.9441 32.9212 39.9714 42.085 0.0 79.2537 43.4166 32.573 26.6271 30.4635 64.4954 47.5395 18.3576 30.5913 69.3806 26.0768 20.5183 40.6818 35.4683 38.1113 40.4969 25.4558 41.6173 59.4172 70.6114 33.4215 24.1868 23.0868 51.6211 56.1272 55.5688 69.9172 42.2014 26.0192 22.3607 38.3275 
56.6127 57.5602 64.1327 56.304 62.0725 58.793 75.1066 67.0075 79.2537 0.0 86.4919 49.948 99.4374 71.5695 32.0624 46.3897 87.7117 55.5875 64.2806 95.1611 92.441 51.4072 87.7578 77.3593 90.0275 53.8145 82.2291 20.2485 17.0294 76.2113 93.9423 95.2148 76.4199 77.4661 32.7964 8.544 76.0263 96.5093 97.888 53.0377 
45.8912 55.3173 51.2445 71.3141 43.0813 33.2415 83.3581 84.6111 43.4166 86.4919 0.0 69.8713 48.7647 73.8502 57.8014 84.4808 37.2022 62.1289 45.2217 38.4838 43.2666 59.0096 77.6209 81.498 7.0 42.107 84.9058 70.1031 92.1859 12.0 60.8769 56.8507 95.2836 22.0907 53.7214 80.5401 85.588 61.0737 49.6488 77.666 
24.0832 15.0333 86.4048 7.0 75.8922 42.0595 27.4591 21.4709 32.573 49.948 69.8713 0.0 56.0357 23.1956 67.1145 15.1327 50.6952 9.89949 79.4835 58.1808 51.4782 27.8087 39.3839 29.0689 69.1158 28.1603 34.1321 34.9162 40.3121 58.0517 46.1766 47.4514 32.7567 74.686 43.3956 41.9103 28.8617 48.7436 50.8035 8.60233 
44.9493 45.4217 92.3472 52.6141 83.2947 52.7731 51.2445 57.4891 26.6271 99.4374 48.7647 56.0357 0.0 44.3847 84.0063 69.9905 13.0384 55.3922 86.4696 10.6301 7.07107 65.4827 38.3275 48.0937 42.72 45.6396 49.0408 82.6901 95.4123 44.3847 18.1108 13.0384 63.1269 68.3081 75.7525 94.718 53.1507 16.4924 5.38516 59.8605 
38.8669 29.7426 103.133 16.2906 94.5835 60.1465 10.0 13.1529 30.4635 71.5695 73.8502 23.1956 44.3847 0.0 87.2147 29.2747 44.0454 31.7692 98.1748 50.0899 42.19 47.9089 16.7631 9.43398 70.7253 44.7141 14.3178 56.5378 61.1543 63.851 28.178 32.311 21.1896 91.7569 63.4958 63.5318 12.2066 30.8869 39.0512 19.1541 
57.8511 59.1529 34.0147 71.8009 30.4138 31.9632 91.5454 78.563 64.4954 32.0624 57.8014 67.1145 84.0063 87.2147 0.0 60.0786 71.2994 57.4862 32.9848 77.5388 76.9368 53.3058 102.106 93.1437 62.2896 53.9615 98.1714 26.4909 44.3847 48.7955 87.1689 85.0097 88.6492 45.8803 23.3968 29.6142 92.9534 88.5518 81.7621 64.4182 
39.0 30.1496 90.6774 17.4929 84.3674 55.0668 30.6757 21.587 47.5395 46.3897 84.4808 15.1327 69.9905 29.2747 60.0786 0.0 65.4599 22.561 87.6928 72.8011 65.7951 40.5261 45.2769 33.6155 84.0238 42.4264 37.9473 33.6155 33.3766 72.5603 57.1893 61.1138 30.0666 87.7571 47.0115 39.0512 31.0483 59.9395 64.7469 10.6301 
33.2236 38.9103 79.3095 48.5077 70.2567 40.2616 52.6118 57.0 18.3576 87.7117 37.2022 50.6952 13.0384 44.0454 71.2994 65.4599 0.0 48.8808 73.437 7.81025 6.32456 51.1645 42.9535 50.01 31.8277 33.9139 52.2015 67.8752 87.7306 31.6228 24.2074 19.799 64.6297 55.7136 63.8399 79.8799 54.7449 24.0416 12.53 55.7853 
17.72 11.3137 76.7765 15.6525 66.2639 32.6956 36.0555 31.0644 30.5913 55.5875 62.1289 9.89949 55.3922 31.7692 57.4862 22.561 48.8808 0.0 69.8552 56.501 50.2197 18.1803 47.9576 37.6982 62.0725 20.025 42.7259 35.3878 41.2858 50.1597 46.4327 47.7074 42.4382 65.3911 33.7673 47.4157 37.6962 48.9997 50.3903 18.4391 
60.5801 68.5046 6.08276 83.569 3.60555 38.4708 102.506 98.9769 69.3806 64.2806 45.2217 79.4835 86.4696 98.1748 32.9848 87.6928 73.437 69.8552 0.0 78.0256 79.6304 65.6749 105.335 104.104 51.923 53.9296 109.132 59.1988 77.3692 43.0465 92.0541 89.7385 110.225 24.1868 40.9275 62.5859 104.104 93.4077 85.1587 88.0857 
40.673 46.5305 84.006 55.6597 75.0 46.8188 58.0775 63.1981 26.0768 95.1611 38.4838 58.1808 10.6301 50.0899 77.5388 72.8011 7.81025 56.501 78.0256 0.0 8.06226 58.614 46.8402 55.2268 32.249 41.3633 56.8859 75.3246 95.18 35.2278 26.9258 21.9317 70.1142 58.6941 71.442 87.3293 60.1332 25.9422 13.4164 62.9365 
37.9529 40.2492 85.4751 48.4665 76.4199 45.7056 50.04 55.3263 20.5183 92.441 43.2666 51.4782 7.07107 42.19 76.9368 65.7951 6.32456 50.2197 79.6304 8.06226 0.0 60.3102 38.8973 47.1699 37.6431 38.6431 48.8365 72.6045 90.2398 37.9473 19.2354 14.4222 62.0725 62.0322 68.7561 84.6091 52.0865 18.6011 6.40312 55.7136 
19.2066 20.1529 72.5961 32.4951 62.0835 28.5407 52.2396 48.1096 40.6818 51.4072 59.0096 27.8087 65.4827 47.9089 53.3058 40.5261 51.1645 18.1803 65.6749 58.614 60.3102 0.0 64.0973 53.8378 59.6118 17.7703 58.8656 31.2074 50.566 47.0125 56.5351 57.8076 59.4976 61.231 29.5869 43.2353 53.6476 58.9713 60.4808 36.4109 
51.6835 42.7393 110.854 32.479 101.899 68.8761 16.4012 25.4558 35.4683 87.7578 77.6209 39.3839 38.3275 16.7631 102.106 45.2769 42.9535 47.9576 105.335 46.8402 38.8973 64.0973 0.0 12.8062 73.4983 57.5326 11.4018 72.7261 77.3427 68.593 20.2237 25.318 26.5707 91.5708 78.3872 79.7202 17.4929 22.0227 33.7343 35.3425 
44.7959 35.6716 109.062 22.2195 100.512 66.0754 3.60555 12.8062 38.1113 77.3593 81.498 29.0689 48.0937 9.43398 93.1437 33.6155 50.01 37.6982 104.104 55.2268 47.1699 53.8378 12.8062 0.0 78.2943 50.6431 5.09902 62.3275 66.4831 71.4988 30.4138 35.2278 15.0333 94.1379 69.4248 69.3216 5.09902 32.7567 43.0116 24.5153 
45.0444 54.231 57.9741 70.0039 49.6488 35.7771 80.2331 82.3071 40.4969 90.0275 7.0 69.1158 42.72 70.7253 62.2896 84.0238 31.8277 62.0725 51.923 32.249 37.6431 59.6118 73.4983 78.2943 0.0 42.19 81.4125 72.2574 94.2444 13.8924 55.9017 51.6236 91.8828 29.0689 57.2352 83.7466 82.4631 55.8659 44.0454 76.531 
6.7082 15.0 58.8875 30.8869 50.3383 15.6205 49.0448 45.8039 25.4558 53.8145 42.107 28.1603 45.6396 44.7141 53.9615 42.4264 33.9139 20.025 53.9296 41.3633 38.6431 17.7703 57.5326 50.6431 42.19 0.0 55.6708 33.9706 54.2033 30.1496 48.1293 45.9702 56.8507 47.1699 30.2426 45.9674 50.6431 49.5122 42.7225 36.4005 
49.8236 40.6993 114.089 27.2473 105.54 71.1032 7.28011 16.5529 41.6173 82.2291 84.9058 34.1321 49.0408 14.3178 98.1714 37.9473 52.2015 42.7259 109.132 56.8859 48.8365 58.8656 11.4018 5.09902 81.4125 55.6708 0.0 67.1974 71.0634 75.0099 31.0 36.0139 15.2315 97.6491 74.4525 74.1914 7.2111 33.0606 44.1814 29.2746 
36.4005 37.3604 60.4964 41.2723 56.404 36.8788 60.075 52.1686 59.4172 20.2485 70.1031 34.9162 82.6901 56.5378 26.4909 33.6155 67.8752 35.3878 59.1988 75.3246 72.6045 31.2074 72.7261 62.3275 72.2574 33.9706 67.1974 0.0 22.3607 58.5897 73.7425 75.0151 62.2549 65.0308 18.1108 12.0416 61.0238 76.1787 77.6883 38.0238 
55.7726 51.9736 78.1089 46.5188 74.7329 58.9616 63.7887 54.9181 70.6114 17.0294 92.1859 40.3121 95.4123 61.1543 44.3847 33.3766 87.7306 41.2858 77.3692 95.18 90.2398 50.566 77.3427 66.4831 94.2444 54.2033 71.0634 22.3607 0.0 80.6536 85.7046 86.9794 63.0714 87.023 40.05 14.8661 64.3273 88.2716 90.4104 42.0595 
34.2053 43.6807 49.0918 59.7746 40.1995 21.9317 73.3588 74.0661 33.4215 76.2113 12.0 58.0517 44.3847 63.851 48.7955 72.5603 31.6228 50.1597 43.0465 35.2278 37.9473 47.0125 68.593 71.4988 13.8924 30.1496 75.0099 58.5897 80.6536 0.0 53.535 50.1199 85.0466 24.1661 43.419 70.0789 75.5888 54.2033 44.0114 65.9697 
45.195 36.4741 97.573 44.2053 88.6176 55.5947 33.7343 40.8534 24.1868 93.9423 60.8769 46.1766 18.1108 28.178 87.1689 57.1893 24.2074 46.4327 92.0541 26.9258 19.2354 56.5351 20.2237 30.4138 55.9017 48.1293 31.0 73.7425 85.7046 53.535 0.0 5.09902 45.3982 77.5242 71.8987 85.7704 35.5106 2.82843 13.6015 47.0688 
46.6909 37.7466 95.3415 44.0182 86.3481 53.4355 38.4708 45.2217 23.0868 95.2148 56.8507 47.4514 13.0384 32.311 85.0097 61.1138 19.799 47.7074 89.7385 21.9317 14.4222 57.8076 25.318 35.2278 51.6236 45.9702 36.0139 75.0151 86.9794 50.1199 5.09902 0.0 50.2494 74.2428 76.0831 87.043 40.3113 4.24264 8.544 50.9932 
51.0052 41.8688 118.094 27.0185 106.633 72.2496 12.0416 11.4018 51.6211 76.4199 95.2836 32.7567 63.1269 21.1896 88.6492 30.0666 64.6297 42.4382 110.225 70.1142 62.0725 59.4976 26.5707 15.0333 91.8828 56.8507 15.2315 62.2549 63.0714 85.0466 45.3982 50.2494 0.0 103.895 75.0845 68.884 10.0 47.676 58.0345 25.0799 
53.0094 62.1289 29.9666 78.032 22.8035 32.6956 96.0876 92.9139 56.1272 77.4661 22.0907 74.686 68.3081 91.7569 45.8803 87.7571 55.7136 65.3911 24.1868 58.6941 62.0322 61.231 91.5708 94.1379 29.0689 47.1699 97.6491 65.0308 87.023 24.1661 77.5242 74.2428 103.895 0.0 47.0 73.3609 97.6858 78.2943 68.1542 83.1865 
34.1322 35.7399 43.9107 48.082 37.6369 26.0007 67.8265 63.6965 55.5688 32.7964 53.7214 43.3956 75.7525 63.4958 23.3968 47.0115 63.8399 33.7673 40.9275 71.442 68.7561 29.5869 78.3872 69.4248 57.2352 30.2426 74.4525 18.1108 40.05 43.419 71.8987 76.0831 75.0845 47.0 0.0 26.9258 69.2345 74.5582 72.8355 51.2053 
48.4149 49.3883 63.2456 48.2663 60.0167 48.368 67.0691 59.1354 69.9172 8.544 80.5401 41.9103 94.718 63.5318 29.6142 39.0512 79.8799 47.4157 62.5859 87.3293 84.6091 43.2353 79.7202 69.3216 83.7466 45.9674 74.1914 12.0416 14.8661 70.0789 85.7704 87.043 68.884 73.3609 26.9258 0.0 68.0074 88.3374 89.7162 45.0111 
44.7959 35.6716 109.062 22.1359 100.512 66.0754 2.23607 9.48683 42.2014 76.0263 85.588 28.8617 53.1507 12.2066 92.9534 31.0483 54.7449 37.6962 104.104 60.1332 52.0865 53.6476 17.4929 5.09902 82.4631 50.6431 7.2111 61.0238 64.3273 75.5888 35.5106 40.3113 10.0 97.6858 69.2345 68.0074 0.0 37.855 48.0416 23.0 
47.8546 38.9103 98.9545 46.9555 89.9889 56.9776 36.1386 43.4626 26.0192 96.5093 61.0737 48.7436 16.4924 30.8869 88.5518 59.9395 24.0416 48.9997 93.4077 25.9422 18.6011 58.9713 22.0227 32.7567 55.8659 49.5122 33.0606 76.1787 88.2716 54.2033 2.82843 4.24264 47.676 78.2943 74.5582 88.3374 37.855 0.0 12.53 49.819 
42.0322 40.4198 90.934 47.3706 81.8841 50.1597 46.0977 52.1728 22.3607 97.888 49.6488 50.8035 5.38516 39.0512 81.7621 64.7469 12.53 50.3903 85.1587 13.4164 6.40312 60.4808 33.7343 43.0116 44.0454 42.7225 44.1814 77.6883 90.4104 44.0114 13.6015 8.544 58.0345 68.1542 72.8355 89.7162 48.0416 12.53 0.0 54.617 
31.7805 22.3607 95.007 7.28011 84.4944 50.6063 22.0907 14.3178 38.3275 53.0377 77.666 8.60233 59.8605 19.1541 64.4182 10.6301 55.7853 18.4391 88.0857 62.9365 55.7136 36.4109 35.3425 24.5153 76.531 36.4005 29.2746 38.0238 42.0595 65.9697 47.0688 50.9932 25.0799 83.1865 51.2053 45.0111 23.0 49.819 54.617 0.0 
DEMAND_SCENARIO_SECTION
0 0 0 0 0 0 0 0 0 0 0 0 0 0 0 0 0 0 0 0 0 0 0 0 0 0 0 0 0 0 0 0 0 0 0 0 0 0 0 0 0 0 0 0 0 0 0 0 0 0 0 0 0 0 0 0 0 0 0 0 0 0 0 0 0 0 0 0 0 0 0 0 0 0 0 0 0 0 0 0 0 0 0 0 0 0 0 0 0 0 0 0 0 0 0 0 0 0 0 0 0 0 0 0 0 0 0 0 0 0 0 0 0 0 0 0 0 0 0 0 0 0 0 0 0 0 0 0 0 0 0 0 0 0 0 0 0 0 0 0 0 0 0 0 0 0 0 0 0 0 0 0 0 0 0 0 0 0 0 0 0 0 0 0 0 0 0 0 0 0 0 0 0 0 0 0 0 0 0 0 0 0 0 0 0 0 0 0 0 0 0 0 0 0 0 0 0 0 0 0 
6 6 9 12 8 10 6 4 5 10 5 6 3 7 4 6 3 3 4 4 6 4 5 9 9 8 9 6 7 4 10 3 6 3 1 5 5 5 8 4 4 7 0 7 7 5 2 4 7 4 4 4 8 9 5 2 4 7 9 5 6 7 3 4 5 5 8 6 10 4 5 7 9 9 6 6 7 4 3 3 3 6 7 3 2 6 9 4 7 5 7 3 7 6 6 6 9 4 7 9 9 6 9 8 9 6 10 9 5 7 4 8 7 7 5 5 6 4 7 8 3 4 3 6 6 3 4 7 2 7 9 6 8 6 6 9 3 9 6 7 9 5 3 7 6 6 4 3 5 5 9 6 5 4 3 7 6 5 5 7 5 6 5 10 8 4 4 7 5 6 7 3 2 6 3 5 6 8 2 6 6 6 5 4 6 7 8 5 5 4 7 6 12 5 6 6 7 2 4 9 
2 1 2 1 0 1 1 0 2 1 1 1 1 1 1 1 1 1 1 1 1 1 1 1 1 1 1 1 1 1 1 1 0 1 1 1 1 1 1 1 1 0 1 1 1 1 1 0 1 1 1 0 1 1 1 1 1 0 1 1 1 1 1 1 2 0 0 1 0 1 1 0 1 1 1 1 1 1 1 1 1 1 1 1 1 1 1 1 1 1 1 1 1 1 1 0 0 1 1 1 1 1 1 1 1 1 1 1 1 1 1 1 1 1 1 0 1 1 1 1 2 1 1 1 1 1 1 2 1 1 1 1 1 1 1 0 1 1 1 1 1 1 1 1 1 0 1 1 1 1 1 1 1 1 1 1 1 1 1 1 0 1 0 1 1 1 1 1 1 1 2 1 1 1 2 2 1 1 1 1 1 1 1 1 1 1 1 2 1 1 1 1 1 1 1 2 1 1 1 1 
3 5 3 3 3 4 3 5 5 3 2 3 2 4 3 3 3 2 3 4 2 1 3 5 1 3 2 3 3 3 3 2 3 2 3 3 1 2 2 3 4 1 4 3 2 4 2 5 3 2 2 2 1 3 3 2 4 4 3 3 2 4 4 3 3 3 4 1 2 3 1 3 3 3 2 2 2 3 4 2 3 3 3 3 5 2 4 3 4 3 4 5 4 5 4 2 2 4 3 2 6 1 5 4 4 3 4 3 3 3 1 2 3 5 4 5 4 2 2 3 1 3 3 3 2 4 3 2 3 3 3 3 5 3 3 3 1 2 2 2 2 4 5 3 3 4 2 2 3 5 2 2 2 4 2 3 3 3 4 4 1 3 1 3 3 5 2 4 2 4 3 2 3 2 3 3 2 4 3 2 5 4 2 2 3 2 2 2 2 4 3 4 3 3 1 3 2 4 3 2 
5 9 8 12 5 12 7 10 8 10 8 9 6 8 4 10 10 6 7 7 5 9 18 9 6 8 9 5 11 16 5 9 13 0 7 3 8 9 10 9 11 9 10 10 7 16 8 10 9 6 9 9 14 9 7 10 9 9 7 8 10 2 11 8 7 1 7 7 6 11 5 9 4 11 9 15 10 14 5 7 0 3 7 11 8 8 12 11 11 4 6 14 8 12 7 7 17 6 16 8 16 11 17 8 8 11 13 8 7 8 7 10 16 6 10 12 11 15 11 12 8 6 12 7 11 10 8 4 8 9 5 8 10 10 9 6 7 10 10 9 10 9 6 12 8 6 10 9 10 11 6 12 13 13 11 10 10 5 6 0 10 6 6 9 10 9 5 10 11 11 10 12 5 7 7 4 9 11 9 8 9 5 8 7 10 8 7 8 12 7 5 5 13 11 6 7 9 11 10 3 
1 0 1 1 1 1 1 1 0 1 1 1 1 1 1 2 2 2 1 0 0 1 1 1 1 1 0 1 0 1 1 1 1 1 1 1 0 1 1 1 1 0 1 1 1 1 1 1 1 1 1 1 1 1 1 1 1 1 1 1 0 2 0 1 1 1 1 2 1 1 1 1 2 1 2 1 1 1 0 1 1 1 1 1 1 1 1 1 1 1 1 1 1 1 1 1 1 1 1 1 1 0 1 2 1 1 1 1 1 1 2 1 0 1 1 1 1 1 1 1 1 1 1 1 1 1 1 1 1 1 1 1 1 1 0 1 1 1 1 1 1 1 1 0 1 1 1 0 1 1 1 1 1 1 1 1 1 0 1 1 1 1 1 1 1 1 1 1 1 1 1 1 2 1 1 1 1 1 1 2 1 1 1 1 1 1 1 1 1 1 1 1 1 2 1 1 1 1 1 1 
6 9 1 6 5 6 8 6 6 6 4 3 5 8 9 10 7 8 6 8 5 6 6 6 5 6 6 7 6 7 6 3 1 4 8 7 5 4 3 6 5 6 3 6 8 7 3 4 6 8 5 5 5 5 8 4 10 4 8 5 7 7 5 7 6 8 5 5 6 10 4 8 6 7 5 6 10 6 6 4 6 8 7 3 10 7 7 6 6 6 5 7 6 5 5 4 10 6 5 7 6 9 7 5 3 6 4 7 5 5 6 5 7 6 9 5 4 8 4 8 5 4 2 5 7 5 5 7 9 3 5 4 6 9 9 2 3 5 6 8 6 7 6 5 6 7 8 9 6 2 5 7 5 6 8 4 5 6 8 6 5 3 5 5 5 8 4 9 5 8 9 4 8 4 7 7 6 7 5 3 7 1 6 6 7 6 4 6 7 3 8 7 6 4 6 6 4 5 5 10 
13 8 7 10 9 6 12 10 6 5 4 11 6 6 5 11 7 8 10 7 11 10 11 12 2 5 8 8 3 11 5 9 6 7 8 6 4 8 11 8 4 5 10 10 5 11 5 10 7 7 10 7 4 10 13 9 10 14 12 8 14 12 6 6 7 9 2 4 9 9 10 13 5 6 6 12 6 8 8 2 7 6 9 7 8 5 9 8 10 7 6 11 10 10 7 10 8 5 6 12 6 9 9 10 2 9 6 10 9 12 11 9 10 12 8 12 4 11 4 5 6 7 7 7 6 4 10 13 11 6 5 11 12 10 10 13 4 7 9 11 12 7 13 10 11 7 3 6 9 3 8 5 6 8 8 6 5 10 8 12 6 8 13 10 9 7 14 6 8 9 10 14 5 9 8 6 9 5 5 9 7 7 7 5 12 5 8 7 14 6 5 7 5 10 4 8 13 9 10 12 
2 2 2 1 4 3 1 2 2 2 3 2 3 2 3 2 2 2 2 2 1 2 2 2 2 3 1 2 2 2 2 2 2 2 2 1 1 2 2 3 3 2 2 1 2 2 2 2 1 2 2 3 2 2 2 3 2 3 3 3 2 3 3 1 2 2 2 0 2 2 2 2 2 3 2 1 3 2 1 2 0 2 1 2 1 2 3 3 2 2 1 1 2 2 3 2 2 2 3 2 2 3 2 0 3 1 2 2 1 2 2 3 1 1 3 3 1 2 1 2 2 2 2 2 2 3 4 1 3 2 2 2 2 2 3 3 2 1 1 2 2 1 2 2 3 3 1 2 2 2 2 2 2 2 2 2 3 2 2 2 2 1 2 2 2 1 2 2 1 1 2 2 2 2 3 2 2 1 2 2 3 1 0 2 3 0 3 1 1 2 1 2 4 2 2 2 1 2 2 2 
3 4 5 6 4 4 6 3 4 3 2 4 3 3 5 2 8 5 3 3 3 5 4 5 3 5 6 3 4 6 4 5 4 3 5 4 5 1 6 4 4 4 4 4 6 4 4 4 2 5 6 5 4 4 2 3 4 5 5 4 3 4 4 5 5 1 4 3 6 5 4 3 3 4 4 2 3 5 4 4 5 3 5 6 6 5 3 5 1 4 4 6 4 6 4 3 5 4 4 2 6 4 5 5 4 5 5 6 2 3 4 5 3 3 3 2 5 4 6 5 3 4 4 5 4 1 3 6 3 4 5 6 5 4 4 4 4 4 3 4 5 1 5 3 6 3 6 4 5 5 5 5 5 5 6 2 3 4 3 4 4 4 6 4 6 4 5 4 3 4 4 4 6 2 6 3 4 4 2 5 4 3 5 4 3 2 5 7 6 3 3 5 3 4 5 3 6 3 6 2 
5 5 3 4 3 2 4 4 5 5 3 4 5 5 4 3 0 4 5 4 7 2 3 2 2 4 4 2 2 4 4 2 5 4 5 4 3 4 3 5 3 5 2 3 5 3 4 4 1 3 4 0 5 3 3 2 4 7 6 4 6 7 5 3 4 3 2 4 5 4 4 5 5 4 7 4 1 4 2 5 4 3 5 4 1 1 1 5 2 1 4 5 2 7 4 4 5 3 3 6 3 5 2 2 4 6 6 2 3 5 4 5 4 4 4 5 3 4 3 5 5 4 3 5 8 5 6 4 4 4 3 5 3 7 6 4 5 3 4 4 2 3 4 6 3 3 5 4 2 5 5 4 5 4 4 1 4 3 4 4 1 5 5 5 4 2 4 4 4 4 3 5 4 4 4 4 4 6 6 3 2 4 5 4 2 6 4 5 4 3 4 3 6 3 4 3 7 3 5 4 
1 1 2 1 1 1 1 1 1 1 1 1 1 1 1 1 1 1 1 1 1 1 1 1 1 1 1 1 1 1 1 1 1 1 1 1 2 1 2 1 1 1 1 1 1 1 1 1 2 1 1 1 1 1 1 1 1 1 2 1 1 1 0 1 1 1 1 2 1 1 1 1 1 1 1 1 1 1 1 1 1 1 1 1 1 1 1 1 1 1 1 1 1 2 1 1 1 1 1 1 1 2 1 1 2 1 1 1 2 1 1 1 1 1 1 0 1 1 1 1 1 1 1 1 1 1 1 1 2 0 2 2 1 1 1 1 1 1 1 1 1 1 2 1 1 1 1 1 1 1 1 1 1 1 1 1 1 1 1 1 1 1 1 1 1 1 1 1 1 1 1 1 1 1 1 1 1 1 1 1 1 1 1 1 1 1 2 1 1 1 1 1 1 2 1 1 1 1 1 0 
3 2 3 2 2 4 3 3 3 3 2 2 2 3 3 5 4 3 3 2 3 3 4 3 2 2 3 2 3 2 3 3 2 1 3 3 5 1 4 2 4 2 3 2 4 3 4 4 3 3 3 2 3 2 3 3 3 3 2 5 1 4 4 3 4 4 4 3 3 3 1 4 3 3 2 3 3 3 3 4 3 3 3 3 1 4 3 4 5 3 2 3 4 5 3 3 3 2 2 3 2 4 3 2 2 2 4 4 1 5 4 3 4 4 2 4 3 3 1 4 3 4 4 3 2 3 5 3 5 4 2 2 4 4 5 2 3 2 2 3 3 3 3 4 2 3 2 2 3 6 3 2 3 4 4 3 3 4 3 4 2 5 2 2 1 3 2 4 4 2 3 5 5 2 3 3 3 3 4 2 2 4 3 4 4 3 3 3 2 5 1 2 3 3 6 2 3 4 3 2 
15 9 13 8 13 12 8 12 8 7 8 7 8 8 7 5 7 11 9 10 12 10 10 9 12 11 16 12 12 15 6 11 8 9 5 16 10 8 7 7 9 13 15 10 5 7 13 11 11 12 9 17 11 19 12 12 8 13 10 11 16 13 8 9 12 13 6 12 10 8 12 10 9 11 9 14 9 10 9 4 14 8 16 9 11 10 11 10 13 10 9 13 10 10 14 11 14 10 17 11 8 17 17 12 9 11 10 9 12 11 12 13 12 13 5 12 10 8 8 13 7 10 5 10 17 15 12 9 9 1 15 10 10 11 10 3 8 16 6 8 6 11 8 3 15 10 8 7 8 13 9 11 6 12 16 8 6 7 11 8 11 14 10 12 7 5 7 10 8 7 14 12 7 16 10 11 16 7 12 10 9 4 10 6 11 12 10 9 8 10 15 13 9 13 7 7 10 13 10 9 
7 10 9 10 7 6 12 11 14 6 3 2 4 8 7 10 9 5 7 8 8 11 10 9 8 16 4 8 12 8 9 5 5 8 7 5 12 5 9 12 7 11 6 2 4 9 3 9 5 10 7 8 8 6 11 11 9 9 3 6 6 11 4 4 9 7 8 9 7 13 11 8 6 11 6 3 10 10 9 9 5 13 7 8 11 9 9 9 13 7 6 6 6 10 11 9 7 12 12 7 7 10 12 9 7 8 8 11 14 9 8 9 6 9 6 10 10 10 8 12 6 10 6 4 6 10 3 10 8 15 10 9 9 12 10 5 4 9 6 8 12 7 6 7 8 9 5 5 5 9 4 4 9 6 7 13 6 7 9 13 8 7 9 11 9 8 3 6 8 13 10 8 4 9 9 8 5 8 8 8 11 8 7 10 11 9 10 13 9 9 4 10 5 5 8 11 7 7 10 5 
10 6 6 5 6 4 6 5 5 3 5 4 9 7 6 9 9 8 8 7 5 7 5 7 4 6 6 4 9 3 4 3 6 10 6 8 3 3 5 6 9 2 8 8 7 5 4 3 5 6 6 3 7 6 7 4 11 9 8 8 9 6 2 7 3 7 8 6 5 7 0 9 5 7 8 5 2 6 7 6 10 6 6 6 4 6 8 4 6 6 5 4 10 10 6 5 3 4 9 8 5 9 9 5 8 6 4 4 4 7 6 7 7 5 13 7 3 6 6 7 9 7 7 4 4 6 8 7 4 6 9 9 7 8 7 2 3 6 5 2 4 7 4 5 5 7 3 5 8 5 5 5 2 9 12 7 10 7 7 5 9 6 3 9 7 8 6 5 6 6 4 5 6 5 6 6 4 10 7 6 8 3 5 6 3 5 11 3 6 5 9 11 7 4 8 6 8 5 5 9 
9 16 8 11 8 14 10 6 9 9 13 5 15 11 13 7 9 12 8 13 9 10 6 13 9 10 14 6 7 6 7 9 9 9 7 12 6 12 6 7 11 16 11 10 12 6 9 6 10 11 7 8 6 6 6 14 13 10 14 8 13 8 15 9 11 11 8 14 13 14 14 14 11 12 9 12 15 16 11 10 9 10 9 12 6 17 13 16 9 10 8 11 7 11 10 3 8 7 12 10 14 8 10 6 11 12 11 11 14 8 7 8 14 8 5 8 13 10 10 8 8 11 12 16 10 11 8 5 5 3 11 10 10 16 12 8 6 12 2 4 12 10 18 10 10 8 5 9 9 8 15 8 8 10 11 12 10 14 10 8 11 10 9 13 13 14 8 15 11 6 11 8 16 9 9 6 9 11 7 7 11 4 12 13 3 13 14 10 15 11 15 17 15 11 11 1 10 7 9 12 
1 2 2 2 3 1 2 1 3 2 2 2 2 1 2 3 1 3 1 2 0 1 1 2 2 3 2 3 1 2 2 3 3 2 3 1 1 2 1 2 2 2 1 1 2 2 2 1 2 3 3 0 2 2 2 3 3 2 3 1 2 2 2 3 2 2 3 2 2 2 2 3 2 2 1 2 2 2 2 2 3 2 1 2 2 3 2 2 2 2 2 1 1 2 2 2 3 2 2 2 3 2 2 2 1 2 3 2 2 3 1 2 1 2 2 2 3 2 1 1 3 1 2 2 3 2 2 2 2 1 2 2 1 2 1 2 3 3 2 2 2 2 2 2 1 3 1 2 3 2 2 2 2 1 3 1 1 0 1 2 3 2 3 2 1 2 1 2 2 1 3 2 1 2 2 3 2 2 1 2 2 3 1 3 2 2 2 2 2 2 2 2 2 2 2 3 1 1 2 2 
4 5 3 4 5 3 4 4 6 2 3 6 4 5 5 3 3 7 5 5 4 4 0 7 4 5 5 5 4 4 3 3 3 2 5 4 6 5 2 3 5 4 3 3 1 6 2 4 2 2 4 3 4 3 3 4 4 1 6 2 4 7 3 5 4 2 3 3 5 5 4 3 3 8 3 2 5 4 5 4 4 4 3 3 5 5 3 4 3 3 5 5 8 5 5 5 2 5 5 5 3 5 4 3 5 4 4 5 4 2 5 4 5 5 3 5 1 4 1 4 3 3 1 4 4 5 3 2 4 5 4 4 4 5 4 2 5 4 5 3 2 5 4 6 3 6 2 3 3 4 5 5 2 5 6 4 3 4 5 3 2 4 3 3 1 3 3 5 2 5 6 7 5 5 4 2 4 4 2 3 3 3 4 5 5 3 2 5 2 5 6 2 5 3 3 2 7 2 4 4 
2 2 1 2 2 3 3 1 2 2 2 1 2 1 1 1 2 3 1 3 1 2 2 1 1 2 1 3 3 2 2 2 2 2 2 3 1 3 1 2 1 2 2 2 3 2 1 2 2 2 2 3 2 2 2 2 3 2 3 1 3 3 3 0 2 3 2 1 2 4 2 2 2 3 1 2 2 2 3 2 2 1 3 4 2 2 3 1 2 2 2 2 3 3 1 1 2 2 2 2 2 1 1 2 1 2 1 3 3 2 2 2 2 3 1 3 2 2 1 2 2 2 2 3 1 2 2 3 3 3 2 2 2 2 3 2 2 1 2 2 2 2 1 2 2 2 3 2 3 3 2 0 1 2 2 2 2 2 2 3 2 1 2 2 2 1 3 2 2 1 3 1 3 2 3 2 2 2 2 1 2 2 2 2 2 1 3 3 1 3 2 1 1 2 2 2 2 1 3 2 
8 3 7 7 4 9 8 8 6 6 3 4 9 1 6 6 4 8 5 6 5 5 6 8 5 5 6 6 4 4 4 6 7 7 3 8 6 6 4 8 4 6 3 6 6 5 2 10 8 5 6 5 6 7 8 5 7 3 7 2 4 2 6 8 5 10 4 8 5 4 8 6 2 4 7 9 5 8 4 6 3 3 1 4 7 6 2 7 6 10 6 7 3 5 8 8 8 7 13 5 10 6 8 8 8 3 5 8 2 5 5 8 6 6 10 12 4 7 3 8 8 10 6 8 5 4 6 11 5 8 4 8 5 7 4 5 2 6 2 6 3 3 7 6 5 3 5 3 7 9 7 6 6 5 8 9 5 9 7 0 5 6 6 8 6 4 7 7 7 7 2 8 5 7 3 8 9 2 5 6 6 6 10 4 6 8 6 7 5 7 6 4 4 8 5 5 10 8 5 6 
5 5 1 2 6 2 4 3 5 4 5 5 5 3 4 2 6 3 4 4 5 3 3 4 3 4 4 2 4 4 4 5 5 3 1 4 4 4 4 3 6 6 6 7 3 2 3 4 3 3 4 5 1 2 3 5 7 5 5 5 5 6 2 3 4 0 5 4 2 3 4 4 3 2 2 7 4 4 5 2 5 6 5 3 4 4 3 2 4 7 4 3 1 5 4 4 3 4 1 7 3 7 3 5 2 1 2 4 4 3 4 3 3 5 3 3 6 5 5 5 3 4 0 2 4 6 4 5 4 6 4 3 3 3 3 2 5 3 1 5 3 5 4 3 4 4 6 2 4 3 0 3 3 4 2 4 6 5 3 4 3 5 2 3 5 5 4 2 3 4 4 1 2 4 1 3 4 3 3 4 3 6 2 4 4 4 2 4 5 5 4 3 5 6 3 3 6 5 5 5 
2 2 3 2 2 2 2 1 2 1 3 3 2 2 2 2 1 2 3 3 1 1 3 2 1 0 3 0 2 2 3 2 3 2 2 4 3 3 2 2 2 2 2 3 3 2 1 3 2 2 3 2 3 2 1 1 2 2 3 4 1 3 2 2 2 3 2 2 2 1 1 3 1 3 2 2 2 4 1 1 1 1 4 2 2 2 1 1 2 2 3 3 1 2 2 3 2 2 2 2 3 2 2 2 2 2 1 2 1 2 2 2 3 2 3 1 4 2 3 1 2 3 2 2 2 1 3 2 3 1 2 2 2 2 2 3 2 2 2 2 2 1 1 1 2 2 2 2 3 1 2 2 2 3 2 1 2 2 1 1 2 3 1 3 1 1 2 2 2 2 2 2 3 1 2 2 2 1 2 2 3 2 2 3 1 3 1 1 1 2 2 2 2 2 3 2 2 3 2 2 
1 1 1 1 1 1 1 1 1 1 1 1 0 1 1 1 1 1 1 2 1 1 1 1 1 1 1 1 1 1 1 1 1 1 1 2 1 1 1 1 1 1 0 1 1 1 1 1 1 1 1 2 1 1 1 1 1 1 1 1 1 0 1 2 1 1 1 1 1 1 1 1 1 1 1 1 2 2 2 1 1 1 0 1 1 1 1 1 1 1 1 1 1 1 1 1 1 2 1 1 1 1 1 1 1 1 1 2 1 1 1 0 1 1 1 1 1 1 1 1 2 2 1 1 1 1 1 1 1 1 1 1 1 2 1 1 0 1 1 1 2 1 1 1 1 1 1 1 1 1 1 1 1 0 1 1 1 1 1 1 1 1 1 0 1 1 1 1 1 0 1 0 1 1 1 1 1 1 1 1 1 1 1 1 1 1 1 1 1 1 1 1 2 1 1 1 1 1 0 1 
6 13 9 8 11 7 9 11 9 8 10 10 9 8 10 6 8 11 10 8 11 5 10 7 12 10 9 7 10 8 15 11 7 7 9 10 9 11 9 7 12 13 3 11 9 9 13 11 6 9 11 15 10 8 7 9 5 13 9 15 8 10 15 12 13 13 10 10 14 15 9 10 13 11 9 6 12 11 8 5 12 0 11 12 11 14 5 6 7 10 15 6 11 16 9 4 15 10 8 11 9 11 13 7 11 7 12 3 15 14 7 12 15 11 10 12 10 13 14 13 16 7 11 9 9 14 10 7 11 10 11 7 13 7 7 13 11 10 7 10 14 7 12 13 17 9 11 10 11 9 13 11 9 11 13 6 2 7 16 14 8 7 11 6 8 15 14 10 8 10 9 10 7 11 9 6 15 10 13 12 17 4 6 12 3 6 13 6 11 9 12 7 10 11 10 4 11 10 3 10 
8 7 6 6 6 9 10 9 4 7 8 10 3 12 7 7 8 5 5 10 5 10 9 7 6 8 5 5 5 7 7 12 7 7 10 9 9 7 3 9 8 6 4 7 9 10 5 6 5 5 7 6 6 7 6 3 2 11 8 6 7 9 10 4 7 8 9 5 7 6 8 12 9 7 10 7 8 6 5 7 7 6 7 9 8 12 2 4 4 9 5 9 10 10 3 7 8 5 6 10 8 12 6 11 11 5 0 5 9 6 6 8 3 7 6 9 5 6 9 9 8 10 8 6 5 10 6 10 9 5 8 6 5 8 7 6 7 7 13 10 10 4 9 8 6 3 6 9 11 10 5 8 8 7 4 3 12 9 2 5 5 6 5 9 6 5 4 5 7 2 8 13 8 5 7 8 4 9 5 8 7 5 5 6 8 6 6 9 3 8 8 8 4 7 7 8 7 5 6 6 
9 4 12 8 8 11 7 9 5 8 6 7 8 7 11 7 8 7 4 10 5 9 5 2 4 10 13 8 10 12 8 10 5 8 6 6 7 11 8 11 9 6 8 9 7 6 10 14 8 7 10 6 7 7 6 7 8 5 3 8 6 8 12 10 7 4 5 5 8 10 9 8 7 5 11 8 6 10 7 7 7 8 3 13 10 16 5 14 10 5 13 8 11 5 13 5 11 8 2 8 5 7 10 8 9 6 6 8 9 14 12 7 8 6 13 3 8 4 11 11 8 8 8 8 7 9 14 12 12 8 8 5 7 11 10 7 4 1 9 7 5 11 11 3 5 10 7 11 8 10 8 9 7 7 10 8 7 13 5 7 5 11 3 5 7 5 5 4 6 6 10 6 7 9 5 4 9 8 8 11 8 5 5 5 8 7 6 5 11 14 12 5 6 8 11 11 10 9 10 9 
5 6 5 4 6 6 3 7 3 6 5 6 4 4 6 5 5 8 6 5 4 4 1 3 8 4 6 5 2 4 6 5 9 3 4 4 5 5 3 4 4 1 7 5 7 6 6 5 4 3 8 5 4 1 8 4 5 3 4 4 6 6 2 4 1 5 4 4 6 8 5 6 5 5 5 3 3 7 6 3 6 5 8 7 1 5 7 6 6 5 4 6 4 6 2 6 7 4 5 5 5 4 4 2 9 3 4 6 7 5 5 5 7 7 5 3 3 8 3 7 6 4 4 6 3 4 3 5 4 9 7 8 5 5 7 4 4 7 6 5 5 5 4 5 6 5 4 6 5 6 5 5 6 6 5 5 6 6 4 3 5 6 3 4 7 4 3 5 6 3 5 2 7 6 4 3 8 5 5 7 5 6 4 7 6 4 6 5 6 5 6 3 6 6 3 4 7 4 5 5 
1 4 3 5 7 6 4 5 5 7 0 2 4 4 4 3 6 3 2 2 6 5 4 5 1 6 5 3 2 2 5 6 3 5 2 4 2 4 4 6 4 5 4 3 3 4 4 2 6 3 3 4 5 4 2 4 3 2 4 3 3 5 3 2 3 6 4 3 3 6 3 6 5 8 6 5 4 4 7 4 4 6 4 5 3 2 4 4 3 2 1 4 5 5 4 3 4 4 4 4 4 5 5 4 5 5 4 4 5 2 2 3 6 4 5 3 4 4 4 4 5 2 6 7 3 7 2 4 4 4 3 4 3 4 5 4 4 5 6 2 4 6 4 4 4 6 2 5 4 5 3 1 3 3 4 4 3 4 5 4 4 3 5 3 6 3 4 3 5 3 6 6 5 4 4 4 4 4 3 5 3 4 4 3 2 3 4 6 3 2 5 4 3 2 3 3 2 1 3 2 
4 4 8 5 8 6 9 4 4 5 5 4 4 8 4 6 2 8 6 6 6 8 10 6 5 6 7 11 4 6 5 3 4 5 4 3 7 5 7 5 4 5 6 4 5 9 10 6 6 4 9 3 6 7 5 4 9 5 6 4 3 7 7 4 5 8 4 6 8 4 7 7 4 3 4 8 4 8 8 7 4 6 3 3 2 6 2 10 4 6 5 5 1 5 8 7 7 2 9 7 8 10 7 6 7 10 7 6 9 3 4 8 9 5 5 4 6 6 4 4 8 6 3 9 7 6 9 8 3 8 6 6 5 5 1 7 9 5 5 5 10 9 6 6 6 6 3 5 8 6 5 3 4 7 5 5 3 8 1 5 4 8 6 8 7 4 6 5 7 3 7 5 10 7 7 7 6 10 8 6 1 5 7 4 6 10 5 3 5 2 6 3 8 5 6 4 9 8 8 9 
3 2 2 4 4 2 3 3 1 3 4 3 4 3 3 2 2 2 3 3 4 5 4 3 3 2 1 2 3 1 3 4 3 5 4 4 2 4 3 4 3 2 3 2 4 3 2 4 3 4 3 3 4 3 3 3 3 3 2 3 3 5 4 4 2 4 5 4 4 3 2 4 2 3 3 3 1 3 1 3 3 3 3 3 4 1 4 3 3 3 3 3 4 2 3 1 2 3 1 3 4 4 1 3 3 4 5 3 3 2 3 2 4 3 2 1 3 3 2 4 4 1 3 3 4 3 3 1 3 3 3 2 3 3 4 3 4 4 4 2 3 3 2 4 4 4 2 4 3 3 3 5 3 2 2 0 3 4 4 2 3 2 4 3 2 3 4 3 4 3 5 4 3 4 4 4 3 3 2 3 4 4 2 3 3 2 3 2 4 3 2 5 2 4 2 4 1 1 3 2 
12 6 9 5 8 9 3 10 8 7 9 6 6 6 8 9 13 7 9 8 6 5 4 6 8 5 9 8 5 7 7 6 4 4 9 7 6 9 3 7 1 6 5 4 6 11 7 10 5 6 8 9 9 6 4 7 8 9 7 5 10 6 7 10 9 9 4 11 10 5 3 6 10 9 5 7 5 9 3 9 5 6 6 7 8 6 4 6 10 14 6 5 9 4 11 9 6 7 6 10 7 5 11 6 6 5 11 8 8 6 13 10 7 8 5 7 9 3 8 5 5 4 7 5 8 6 4 9 9 5 11 5 7 9 11 7 8 5 8 5 4 6 3 10 12 6 3 7 7 6 8 6 4 10 6 1 7 5 7 6 7 5 9 8 7 8 7 4 11 7 5 6 10 11 7 5 9 13 1 5 9 5 7 7 9 7 8 8 6 11 11 6 7 6 8 6 9 7 11 9 
9 8 6 6 7 0 6 4 7 5 6 7 5 2 7 8 5 8 4 7 2 5 6 6 4 6 5 6 8 4 6 5 2 6 6 6 8 8 5 7 6 4 5 4 5 5 3 6 4 5 5 2 3 4 4 7 2 4 4 7 5 4 4 6 2 1 7 6 3 6 4 6 4 3 7 4 5 8 6 6 6 5 5 4 7 5 5 5 4 8 7 2 5 6 5 4 5 5 7 4 8 4 3 6 2 2 6 6 2 4 7 6 3 7 5 9 3 4 7 5 4 7 5 4 7 3 4 3 5 4 4 6 5 5 7 5 4 4 3 8 3 7 7 2 6 4 4 5 4 5 6 5 6 4 4 0 5 3 2 8 7 4 7 8 8 4 6 5 4 9 8 5 6 8 3 8 2 5 5 6 7 5 5 4 4 1 5 4 6 4 6 6 4 4 2 7 7 6 4 4 
9 5 2 11 10 9 11 12 5 11 9 6 7 11 12 8 10 9 11 11 7 8 12 7 7 9 9 15 7 7 10 5 10 10 12 12 8 6 8 4 7 13 12 9 6 11 15 7 9 13 11 10 6 12 8 8 11 17 11 6 8 7 9 4 11 6 7 9 5 4 13 8 11 6 4 18 14 7 12 12 8 9 10 9 3 7 12 13 12 3 11 9 9 19 11 9 11 8 14 6 13 8 10 12 11 9 11 6 4 9 9 13 9 7 14 13 5 12 11 9 7 13 5 6 4 8 7 8 7 10 3 9 9 12 7 8 9 10 10 11 12 6 12 7 5 6 7 8 7 6 11 10 10 12 6 9 8 10 5 11 4 10 10 10 7 10 10 12 8 9 8 12 8 6 8 11 11 9 8 9 8 8 7 2 7 10 5 14 10 8 7 10 8 14 13 12 9 9 12 6 
10 13 9 12 12 15 5 8 14 14 5 10 11 9 11 13 7 14 9 5 7 11 10 3 9 11 7 10 11 13 9 7 7 11 10 9 8 14 6 12 12 9 7 7 16 10 5 10 4 7 10 8 9 6 4 7 13 8 8 12 14 10 9 10 14 10 8 7 9 8 7 9 9 7 10 11 10 12 9 9 9 10 9 9 7 6 8 9 8 11 12 8 15 6 10 3 14 2 9 10 6 12 10 13 13 8 7 14 8 8 8 11 7 8 4 10 7 13 9 6 11 5 10 8 11 9 8 6 13 10 2 9 8 7 11 10 8 10 8 9 4 11 1 14 14 3 8 7 7 11 11 16 11 10 11 5 11 6 10 9 6 8 13 7 11 15 7 11 13 10 11 10 9 7 9 5 9 5 10 14 7 7 8 6 11 8 6 13 8 5 11 7 11 7 5 16 13 15 10 12 
6 7 8 9 4 6 7 9 4 7 8 9 9 12 6 6 5 9 4 5 8 2 6 5 5 5 8 9 5 12 9 6 6 8 6 9 15 5 9 5 8 6 3 11 9 12 9 12 7 5 7 6 2 14 6 6 7 3 9 4 7 6 6 9 8 10 5 7 9 8 11 5 10 10 7 6 5 5 6 8 5 6 6 9 10 5 9 5 9 6 8 6 8 8 7 4 6 8 10 6 6 6 2 6 8 7 5 7 6 8 9 7 8 6 8 8 6 7 8 7 7 8 4 6 9 7 8 8 6 9 10 9 7 9 6 9 11 12 6 6 8 12 8 9 5 11 5 5 7 6 9 11 6 7 10 5 8 11 3 9 7 7 6 6 9 4 9 7 9 3 8 6 4 9 4 10 11 7 5 7 8 8 7 6 7 5 9 7 7 4 9 6 3 10 6 4 10 8 7 5 
5 5 8 9 8 8 9 5 7 7 7 8 4 5 4 6 8 6 9 9 9 6 4 6 6 7 12 6 6 6 2 8 5 7 6 3 8 5 8 8 7 7 8 7 6 6 7 5 6 5 3 6 10 4 6 7 0 4 4 8 5 7 5 6 3 7 2 4 5 10 7 8 6 7 5 4 7 7 6 7 5 7 6 5 7 7 6 5 7 7 5 5 5 9 7 9 4 6 9 7 5 2 6 5 7 6 9 9 8 6 1 6 8 9 3 3 11 5 3 6 1 6 4 5 4 9 6 8 10 3 2 4 4 3 6 8 6 3 6 7 8 7 9 6 7 5 8 4 8 5 4 8 6 3 7 7 6 6 6 5 6 11 6 3 3 6 6 8 5 8 8 10 4 5 8 8 7 5 3 9 7 6 8 6 6 6 3 4 8 6 5 4 6 7 9 2 7 8 9 8 
10 3 10 8 18 12 4 11 16 10 8 12 3 13 15 5 8 15 6 12 15 9 10 7 11 15 7 7 6 8 6 7 7 8 8 7 14 9 7 13 10 5 7 7 9 7 8 8 5 10 16 8 11 7 9 5 5 12 8 10 5 8 0 7 11 11 13 12 10 12 9 7 14 4 10 12 12 11 10 9 9 5 12 11 8 10 7 10 10 9 13 11 11 9 10 14 12 10 14 9 3 9 8 10 8 10 13 6 7 6 12 15 8 10 12 8 12 8 13 10 10 14 7 13 14 11 12 9 3 9 11 6 5 11 5 7 9 11 12 8 12 11 6 9 9 7 14 9 4 14 10 11 11 7 10 12 8 7 5 7 10 12 10 9 8 4 0 7 10 11 10 9 6 5 16 10 15 8 10 9 3 10 3 9 7 7 7 3 7 10 10 7 6 8 13 5 10 7 5 7 
4 3 4 6 4 6 6 6 5 3 3 3 3 0 5 4 3 4 4 6 5 5 5 3 3 5 5 4 8 7 5 4 6 3 6 3 4 3 4 6 5 3 1 2 2 5 4 4 3 2 4 5 4 5 4 3 3 4 6 2 2 6 4 5 5 4 3 4 5 3 4 3 5 3 5 5 3 4 3 4 5 5 4 5 5 3 6 5 4 6 5 5 4 5 5 6 4 2 3 4 6 4 3 5 4 4 3 4 3 1 3 1 5 7 4 3 3 3 3 4 5 3 4 5 1 4 4 3 5 5 3 7 4 2 6 3 3 6 3 7 6 4 3 4 3 5 5 3 3 5 4 5 5 3 4 3 6 4 4 4 2 2 3 5 0 4 4 5 4 5 4 4 5 4 5 6 3 6 2 4 5 4 5 6 3 3 1 5 6 4 4 3 5 2 3 4 4 3 5 5 
5 5 4 6 4 3 2 6 4 7 5 5 5 3 4 3 7 6 4 6 3 3 5 5 4 7 4 8 4 4 5 6 6 3 3 7 4 4 5 5 8 5 7 5 5 5 2 5 7 4 4 6 6 4 7 4 4 4 4 4 5 5 2 3 5 6 4 7 4 5 6 6 5 6 4 7 4 4 7 3 4 7 8 5 7 3 8 5 6 5 7 8 3 5 3 6 5 9 4 7 4 3 6 4 3 4 2 5 7 6 6 3 2 7 4 6 5 5 3 4 5 7 5 5 5 6 3 4 6 3 5 8 3 6 3 7 4 3 7 5 5 6 7 5 6 7 5 1 5 5 4 3 6 7 5 6 7 5 5 3 5 6 2 6 6 6 4 5 8 1 7 3 8 3 5 6 3 3 7 6 6 4 7 6 4 3 6 6 5 5 5 6 1 6 3 7 4 7 5 4 
DEPOT_SECTION
 1
 -1
EOF
