NAME  : Jabali_40_4_0.80_1_0
TYPE : SVRP
MODEL : FINITE_SUPPORT
NUMBER_OF_SCENARIOS : 200
DIMENSION : 40
EDGE_WEIGHT_TYPE : MATRIX
CAPACITY : 68
N_VEHICLES : 4
NODE_COORD_SECTION
1 4175 4503
2 3165 1814
3 5378 1052
4 3507 2755
5 5089 2011
6 6795 6112
7 6551 1625
8 7916 6454
9 5715 3756
10 7140 540
11 499 4698
12 80 2294
13 5536 4859
14 4253 2740
15 6530 6582
16 3478 6785
17 1794 371
18 3042 7381
19 975 984
20 502 2241
21 2885 4635
22 27 2014
23 7240 4297
24 5468 2880
25 6066 6582
26 1474 18
27 5820 556
28 336 923
29 7068 3186
30 6261 6643
31 1109 6367
32 1486 5942
33 2334 2338
34 242 2072
35 4402 5237
36 6539 3406
37 3990 479
38 5056 509
39 4641 5044
40 2619 1815
DEMAND_SECTION
1 0.0
2 8.0
3 1.0
4 8.0
5 10.0
6 3.0
7 8.0
8 2.0
9 3.0
10 10.0
11 2.0
12 2.0
13 5.0
14 5.0
15 5.0
16 4.0
17 10.0
18 5.0
19 10.0
20 3.0
21 4.0
22 2.0
23 9.0
24 2.0
25 5.0
26 3.0
27 6.0
28 7.0
29 9.0
30 6.0
31 9.0
32 7.0
33 2.0
34 3.0
35 4.0
36 10.0
37 7.0
38 2.0
39 10.0
40 8.0
DEVIATION_SECTION
1 0.0
2 2.66667
3 0.333333
4 2.66667
5 3.33333
6 1.0
7 2.66667
8 0.666667
9 1.0
10 3.33333
11 0.666667
12 0.666667
13 1.66667
14 1.66667
15 1.66667
16 1.33333
17 3.33333
18 1.66667
19 3.33333
20 1.0
21 1.33333
22 0.666667
23 3.0
24 0.666667
25 1.66667
26 1.0
27 2.0
28 2.33333
29 3.0
30 2.0
31 3.0
32 2.33333
33 0.666667
34 1.0
35 1.33333
36 3.33333
37 2.33333
38 0.666667
39 3.33333
40 2.66667
DISTANCE_MATRIX
0.0 43.8612 48.3922 30.719 34.513 44.5628 48.8366 60.0218 22.561 65.1154 51.0 62.1289 21.4106 26.9077 44.1988 34.4132 67.984 42.6378 63.8453 58.0086 18.0278 63.8201 42.19 26.2488 40.1758 72.9334 56.0971 69.3695 42.45 41.4507 49.6488 42.9535 44.9818 61.6117 9.5654 35.171 54.6882 54.3249 9.48683 48.3089 
43.8612 0.0 32.283 13.9789 26.3059 75.4071 46.0 88.2446 42.5206 56.7539 53.3662 42.0119 55.5447 19.105 86.1883 66.6321 27.5333 73.4026 32.249 37.0135 39.4698 42.19 63.8201 34.0 82.1653 33.3641 40.1525 40.2492 55.5428 83.4402 69.7734 63.5412 12.8062 40.1123 51.5549 50.1199 28.4015 32.8942 51.4763 7.07107 
48.3922 32.283 0.0 33.9681 13.9284 70.859 17.4929 80.9568 37.0135 24.5153 83.5789 73.437 51.7526 29.2062 75.2396 82.7484 48.7647 90.973 59.4138 68.4726 58.7735 73.171 50.5668 25.02 74.0617 53.1413 8.48528 67.6018 36.8917 74.0608 91.9674 84.9004 44.3847 71.2531 57.621 35.4683 19.9249 8.06226 57.5425 39.3114 
30.719 13.9789 33.9681 0.0 23.7697 66.4661 44.1475 79.3035 34.1321 57.2918 49.6488 52.1929 46.6036 10.7703 73.0462 53.49 41.3244 61.583 45.3642 47.3098 26.4008 52.8915 55.9464 27.6586 69.0231 47.1552 42.3669 53.0922 49.4773 70.298 59.0339 52.0096 19.1935 50.7017 38.4128 43.3244 33.2633 35.814 38.3342 18.4266 
34.513 26.3059 13.9284 23.7697 0.0 59.203 20.3961 70.6824 24.7386 34.1321 73.0068 68.1836 39.4649 16.4012 63.0222 68.8692 50.0548 77.0938 57.8383 63.1981 46.7529 68.469 42.0119 12.6491 61.7739 55.0881 21.9545 65.9371 30.8058 61.7739 79.9468 72.8798 36.2215 66.3702 43.7418 26.9072 23.6008 20.025 43.6632 33.1361 
44.5628 75.4071 70.859 66.4661 59.203 0.0 61.131 15.6525 34.4819 76.1183 87.8507 104.403 26.6271 56.3028 7.07107 44.0114 102.88 50.8035 106.536 100.434 56.8243 106.216 26.0 46.5725 10.7703 108.711 76.1643 112.061 40.025 8.94427 76.1643 71.7008 87.6728 104.026 35.2278 37.054 81.8901 78.4474 35.4683 80.0451 
48.8366 46.0 17.4929 44.1475 20.3961 61.131 0.0 68.7314 31.305 16.6433 93.0484 88.0057 44.9835 35.8469 66.6108 83.1601 65.7875 91.3847 75.71 83.006 66.2125 88.0909 37.4833 22.6274 66.4906 70.3847 17.4929 83.9524 22.561 66.0984 98.111 91.2768 56.5685 86.0523 58.0268 24.0832 37.1618 24.8395 57.9482 53.0094 
60.0218 88.2446 80.9568 79.3035 70.6824 15.6525 68.7314 0.0 46.6476 82.0061 103.248 119.867 41.0122 69.1403 19.105 58.3095 115.717 64.0312 119.82 115.893 72.4707 121.675 31.257 58.1378 24.1868 121.548 85.1469 127.548 46.2709 22.2036 90.7965 86.6833 103.132 119.485 50.774 45.607 93.9415 88.8651 50.8035 92.8825 
22.561 42.5206 37.0135 34.1321 24.7386 34.4819 31.305 46.6476 0.0 47.8853 73.171 79.5197 14.7705 23.6008 38.3275 52.0009 70.052 61.447 74.4043 74.9592 40.4475 80.783 21.9317 12.1655 37.0795 75.8828 43.2897 82.1324 19.9249 37.054 71.7752 65.205 61.5506 78.5482 30.7547 12.6491 47.5088 44.2832 30.6761 47.4668 
65.1154 56.7539 24.5153 57.2918 34.1321 76.1183 16.6433 82.0061 47.8853 0.0 106.888 97.8673 61.3342 50.4777 82.0 99.4717 71.4493 107.696 83.0241 92.9139 80.8798 97.5141 51.0882 39.0512 82.28 75.1332 18.0278 91.0879 36.2215 81.7435 114.074 107.007 68.6222 95.6347 74.3443 39.5601 43.0116 28.0713 74.2657 63.7888 
51.0 53.3662 83.5789 49.6488 73.0068 87.8507 93.0484 103.248 73.171 106.888 0.0 34.0147 68.2642 57.2451 84.696 48.6004 60.4152 49.5782 50.6952 34.2345 33.0151 37.0135 93.0871 73.028 79.7057 63.9062 91.9777 51.2445 92.6553 81.5423 24.0416 21.6333 41.3038 36.0139 54.5894 85.4751 72.2719 86.0806 56.2228 46.843 
62.1289 42.0119 73.437 52.1929 68.1836 104.403 88.0057 119.867 79.5197 97.8673 34.0147 0.0 90.7765 57.6329 103.691 74.6257 33.4215 78.721 20.5183 5.0 48.7955 3.0 101.451 74.0306 99.6492 34.7131 80.2309 18.0278 95.8708 100.91 57.5587 53.6004 33.2415 2.82843 69.2026 89.7887 55.7853 70.6116 69.3325 35.0571 
21.4106 55.5447 51.7526 46.6036 39.4649 26.6271 44.9835 41.0122 14.7705 61.3342 68.2642 90.7765 0.0 36.4403 28.7924 37.7604 83.0175 47.2066 87.1202 86.6008 35.3553 92.4177 25.0799 26.932 26.4764 88.8483 57.8648 94.8482 29.5117 26.9258 63.3246 57.2713 73.899 90.2052 14.1421 22.987 62.0279 59.0532 12.0416 60.1826 
26.9077 19.105 29.2062 10.7703 16.4012 56.3028 35.8469 69.1403 23.6008 50.4777 57.2451 57.6329 36.4403 0.0 59.9976 57.5297 46.5931 65.7543 50.8035 52.7498 30.4406 58.3316 45.2769 17.1172 58.7494 52.4239 37.6431 58.5235 38.833 58.7494 63.6345 56.5675 39.4629 56.1418 36.1365 32.573 31.3088 33.1059 36.058 23.8537 
44.1988 86.1883 75.2396 73.0462 63.0222 7.07107 66.6108 19.105 38.3275 82.0 84.696 103.691 28.7924 59.9976 0.0 39.2046 110.311 45.1774 106.172 99.8638 55.8064 105.608 32.6497 50.4876 5.09902 115.261 81.0 111.697 46.1736 3.16228 71.7008 67.6831 87.3089 103.439 34.6554 42.5793 85.5852 82.6075 35.609 90.636 
34.4132 66.6321 82.7484 53.49 68.8692 44.0114 83.1601 58.3095 52.0009 99.4717 48.6004 74.6257 37.7604 57.5297 39.2046 0.0 86.4269 10.0 82.2192 72.0694 28.6356 77.1751 59.5063 60.5344 34.1321 91.3763 90.4534 86.9253 66.6635 36.1248 32.5576 29.1548 63.5944 75.2928 31.9412 60.2175 85.9165 88.3758 35.1074 69.1337 
67.984 27.5333 48.7647 41.3244 50.0548 102.88 65.7875 115.717 70.052 71.4493 60.4152 33.4215 83.0175 46.5931 110.311 86.4269 0.0 92.8787 13.4164 29.6985 57.9903 31.6228 91.3331 61.4004 106.288 5.83095 53.4603 20.3961 80.6512 107.563 80.05 74.1485 30.5941 30.6105 75.6777 76.9618 28.8617 43.4166 75.5991 24.6982 
42.6378 73.4026 90.973 61.583 77.0938 50.8035 91.3847 64.0312 61.447 107.696 49.5782 78.721 47.2066 65.7543 45.1774 10.0 92.8787 0.0 88.295 76.6942 36.0 81.4371 68.4763 68.759 40.3113 97.8281 98.678 92.3472 76.1096 42.2966 29.5296 28.3196 69.8765 79.7057 40.1659 69.6636 94.0095 96.6004 43.3321 75.4157 
63.8453 32.249 59.4138 45.3642 57.8383 106.536 75.71 119.82 74.4043 83.0241 50.6952 20.5183 87.1202 50.8035 106.172 82.2192 13.4164 88.295 0.0 17.4929 53.8516 18.4391 95.9635 66.242 102.149 14.2127 65.0077 8.24621 87.6681 103.424 72.2496 67.0075 30.0 17.6918 71.539 82.365 40.0125 55.0 71.4605 27.0185 
58.0086 37.0135 68.4726 47.3098 63.1981 100.434 83.006 115.893 74.9592 92.9139 34.2345 5.0 86.6008 52.7498 99.8638 72.0694 29.6985 76.6942 17.4929 0.0 45.4533 5.83095 96.9223 69.1475 95.8222 31.6228 75.3127 17.0294 90.9876 97.0825 57.0789 52.6118 28.4605 3.60555 65.2993 85.0009 50.9608 65.7343 65.3584 30.0666 
18.0278 39.4698 58.7735 26.4008 46.7529 56.8243 66.2125 72.4707 40.4475 80.8798 33.0151 48.7955 35.3553 30.4406 55.8064 28.6356 57.9903 36.0 53.8516 45.4533 0.0 50.9902 60.075 42.4179 51.7648 62.9397 67.2555 59.0593 60.208 53.0251 34.0588 27.0185 34.9881 48.9183 22.1359 52.9528 58.7541 61.2867 23.3452 40.5273 
63.8201 42.19 73.171 52.8915 68.469 106.216 88.0909 121.675 80.783 97.5141 37.0135 3.0 92.4177 58.3316 105.608 77.1751 31.6228 81.4371 18.4391 5.83095 50.9902 0.0 102.746 74.7293 101.566 32.5269 79.7621 15.2315 96.5694 102.826 60.531 56.5155 34.176 2.23607 71.0634 90.5827 55.109 70.0357 71.1397 35.3553 
42.19 63.8201 50.5668 55.9464 42.0119 26.0 37.4833 31.257 21.9317 51.0882 93.0871 101.451 25.0799 45.2769 32.6497 59.5063 91.3331 68.4763 95.9635 96.9223 60.075 102.746 0.0 30.4138 34.4093 97.1639 54.1202 103.774 15.0333 33.2866 88.0771 82.201 83.4546 100.511 39.2046 15.2643 65.6049 58.6003 37.0135 69.1158 
26.2488 34.0 25.02 27.6586 12.6491 46.5725 22.6274 58.1378 12.1655 39.0512 73.028 74.0306 26.932 17.1172 50.4876 60.5344 61.4004 68.759 66.242 69.1475 42.4179 74.7293 30.4138 0.0 49.241 67.2333 31.7805 74.2428 21.8403 49.241 75.5422 68.7079 41.0312 72.5395 35.4031 16.1245 35.8469 32.1403 35.3246 39.9249 
40.1758 82.1653 74.0617 69.0231 61.7739 10.7703 66.4906 24.1868 37.0795 82.28 79.7057 99.6492 26.4764 58.7494 5.09902 34.1321 106.288 40.3113 102.149 95.8222 51.7648 101.566 34.4093 49.241 0.0 111.237 80.1561 107.689 47.0106 2.0 66.6108 62.5859 83.2859 99.3977 30.6105 42.72 84.3369 81.3622 31.9061 86.613 
72.9334 33.3641 53.1413 47.1552 55.0881 108.711 70.3847 121.548 75.8828 75.1332 63.9062 34.7131 88.8483 52.4239 115.261 91.3763 5.83095 97.8281 14.2127 31.6228 62.9397 32.5269 97.1639 67.2333 111.237 0.0 57.2713 19.2354 85.6845 112.512 84.3445 78.6384 36.1386 31.8904 80.6271 81.9952 33.2415 47.2969 80.5485 30.4631 
56.0971 40.1525 8.48528 42.3669 21.9545 76.1643 17.4929 85.1469 43.2897 18.0278 91.9777 80.2309 57.8648 37.6431 81.0 90.4534 53.4603 98.678 65.0077 75.3127 67.2555 79.7621 54.1202 31.7805 80.1561 57.2713 0.0 73.0616 39.5601 80.0562 100.449 93.3824 52.3416 77.9295 65.326 39.6232 25.0 10.0499 65.2474 47.1808 
69.3695 40.2492 67.6018 53.0922 65.9371 112.061 83.9524 127.548 82.1324 91.0879 51.2445 18.0278 94.8482 58.5235 111.697 86.9253 20.3961 92.3472 8.24621 17.0294 59.0593 15.2315 103.774 74.2428 107.689 19.2354 73.0616 0.0 95.7549 108.948 74.027 69.3542 36.7696 15.5242 77.0514 90.3549 48.0937 63.0317 76.9846 34.6699 
42.45 55.5428 36.8917 49.4773 30.8058 40.025 22.561 46.2709 19.9249 36.2215 92.6553 95.8708 29.5117 38.833 46.1736 66.6635 80.6512 76.1096 87.6681 90.9876 60.208 96.5694 15.0333 21.8403 47.0106 85.6845 39.5601 95.7549 0.0 46.2385 91.6955 85.1253 62.8714 94.3796 43.419 7.28011 53.7587 44.9444 50.5964 61.6847 
41.4507 83.4402 74.0608 70.298 61.7739 8.94427 66.0984 22.2036 37.054 81.7435 81.5423 100.91 26.9258 58.7494 3.16228 36.1248 107.563 42.2966 103.424 97.0825 53.0251 102.826 33.2866 49.241 2.0 112.512 80.0562 108.948 46.2385 0.0 68.593 64.5368 84.5607 100.658 31.8904 42.2019 84.3369 81.3622 33.0151 87.8878 
49.6488 69.7734 91.9674 59.0339 79.9468 76.1643 98.111 90.7965 71.7752 114.074 24.0416 57.5587 63.3246 63.6345 71.7008 32.5576 80.05 29.5296 72.2496 57.0789 34.0588 60.531 88.0771 75.5422 66.6108 84.3445 100.449 74.027 91.6955 68.593 0.0 7.07107 57.711 59.3043 49.3356 84.4236 91.8181 94.3689 52.2015 63.2502 
42.9535 63.5412 84.9004 52.0096 72.8798 71.7008 91.2768 86.6833 65.205 107.007 21.6333 53.6004 57.2713 56.5675 67.6831 29.1548 74.1485 28.3196 67.0075 52.6118 27.0185 56.5155 82.201 68.7079 62.5859 78.6384 93.3824 69.3542 85.1253 64.5368 7.07107 0.0 51.4788 55.109 43.1741 77.8534 84.7727 87.3222 45.8803 57.0181 
44.9818 12.8062 44.3847 19.1935 36.2215 87.6728 56.5685 103.132 61.5506 68.6222 41.3038 33.2415 73.899 39.4629 87.3089 63.5944 30.5941 69.8765 30.0 28.4605 34.9881 34.176 83.4546 41.0312 83.2859 36.1386 52.3416 36.7696 62.8714 84.5607 57.711 51.4788 0.0 31.9531 52.6755 71.851 34.1927 45.0834 52.5969 7.61577 
61.6117 40.1123 71.2531 50.7017 66.3702 104.026 86.0523 119.485 78.5482 95.6347 36.0139 2.82843 90.2052 56.1418 103.439 75.2928 30.6105 79.7057 17.6918 3.60555 48.9183 2.23607 100.511 72.5395 99.3977 31.8904 77.9295 15.5242 94.3796 100.658 59.3043 55.109 31.9531 0.0 68.884 88.3929 53.3667 68.2495 68.9504 33.2415 
9.5654 51.5549 57.621 38.4128 43.7418 35.2278 58.0268 50.774 30.7547 74.3443 54.5894 69.2026 14.1421 36.1365 34.6554 31.9412 75.6777 40.1659 71.539 65.2993 22.1359 71.0634 39.2046 35.4031 30.6105 80.6271 65.326 77.0514 43.419 31.8904 49.3356 43.1741 52.6755 68.884 0.0 36.8943 70.8392 63.5538 3.60555 56.0026 
35.171 50.1199 35.4683 43.3244 26.9072 37.054 24.0832 45.607 12.6491 39.5601 85.4751 89.7887 22.987 32.573 42.5793 60.2175 76.9618 69.6636 82.365 85.0009 52.9528 90.5827 15.2643 16.1245 42.72 81.9952 39.6232 90.3549 7.28011 42.2019 84.4236 77.8534 71.851 88.3929 36.8943 0.0 50.448 43.4626 43.3246 55.9464 
54.6882 28.4015 19.9249 33.2633 23.6008 81.8901 37.1618 93.9415 47.5088 43.0116 72.2719 55.7853 62.0279 31.3088 85.5852 85.9165 28.8617 94.0095 40.0125 50.9608 58.7541 55.109 65.6049 35.8469 84.3369 33.2415 25.0 48.0937 53.7587 84.3369 91.8181 84.7727 34.1927 53.3667 70.8392 50.448 0.0 15.0333 70.7607 26.674 
54.3249 32.8942 8.06226 35.814 20.025 78.4474 24.8395 88.8651 44.2832 28.0713 86.0806 70.6116 59.0532 33.1059 82.6075 88.3758 43.4166 96.6004 55.0 65.7343 61.2867 70.0357 58.6003 32.1403 81.3622 47.2969 10.0499 63.0317 44.9444 81.3622 94.3689 87.3222 45.0834 68.2495 63.5538 43.4626 15.0333 0.0 63.4752 40.8678 
9.48683 51.4763 57.5425 38.3342 43.6632 35.4683 57.9482 50.8035 30.6761 74.2657 56.2228 69.3325 12.0416 36.058 35.609 35.1074 75.5991 43.3321 71.4605 65.3584 23.3452 71.1397 37.0135 35.3246 31.9061 80.5485 65.2474 76.9846 50.5964 33.0151 52.2015 45.8803 52.5969 68.9504 3.60555 43.3246 70.7607 63.4752 0.0 55.924 
48.3089 7.07107 39.3114 18.4266 33.1361 80.0451 53.0094 92.8825 47.4668 63.7888 46.843 35.0571 60.1826 23.8537 90.636 69.1337 24.6982 75.4157 27.0185 30.0666 40.5273 35.3553 69.1158 39.9249 86.613 30.4631 47.1808 34.6699 61.6847 87.8878 63.2502 57.0181 7.61577 33.2415 56.0026 55.9464 26.674 40.8678 55.924 0.0 
DEMAND_SCENARIO_SECTION
0 0 0 0 0 0 0 0 0 0 0 0 0 0 0 0 0 0 0 0 0 0 0 0 0 0 0 0 0 0 0 0 0 0 0 0 0 0 0 0 0 0 0 0 0 0 0 0 0 0 0 0 0 0 0 0 0 0 0 0 0 0 0 0 0 0 0 0 0 0 0 0 0 0 0 0 0 0 0 0 0 0 0 0 0 0 0 0 0 0 0 0 0 0 0 0 0 0 0 0 0 0 0 0 0 0 0 0 0 0 0 0 0 0 0 0 0 0 0 0 0 0 0 0 0 0 0 0 0 0 0 0 0 0 0 0 0 0 0 0 0 0 0 0 0 0 0 0 0 0 0 0 0 0 0 0 0 0 0 0 0 0 0 0 0 0 0 0 0 0 0 0 0 0 0 0 0 0 0 0 0 0 0 0 0 0 0 0 0 0 0 0 0 0 0 0 0 0 0 0 
6 13 8 11 7 9 7 6 10 8 10 9 9 7 10 8 9 8 11 10 3 7 10 13 8 6 10 9 5 9 7 7 1 12 4 4 4 8 10 13 8 8 9 13 10 6 8 11 8 6 5 8 7 7 9 7 10 10 9 5 10 5 11 7 13 7 5 13 8 8 6 7 8 3 7 8 7 11 6 8 3 4 7 9 9 10 6 14 3 9 8 4 2 7 17 9 3 8 12 10 7 6 9 5 5 3 9 9 10 8 7 8 5 5 8 12 10 12 9 2 7 4 10 6 8 11 4 9 7 8 10 7 9 8 10 5 17 7 9 11 10 4 6 3 7 12 4 10 5 8 8 10 9 3 6 8 4 5 7 11 9 9 8 7 10 10 7 13 4 8 6 3 5 7 14 4 8 7 7 2 9 7 7 8 8 10 9 12 3 7 10 4 5 4 3 8 6 10 10 11 
0 1 1 2 2 2 1 1 1 1 1 1 1 0 1 1 0 0 1 1 1 1 1 1 1 1 1 1 1 1 1 1 1 1 0 1 1 1 1 1 1 2 1 1 1 1 1 1 1 1 1 1 1 0 1 1 1 1 1 1 1 2 1 1 1 1 1 1 1 1 1 1 1 1 1 1 2 1 2 1 1 1 1 1 2 0 1 2 1 2 1 1 0 1 1 2 1 1 1 1 2 1 1 2 1 1 1 1 1 1 1 0 1 1 1 0 1 2 1 1 1 1 1 2 1 1 1 1 1 1 1 1 1 2 1 1 1 1 1 1 1 1 1 1 1 1 1 1 1 1 1 1 1 1 1 1 1 1 1 1 1 1 1 1 1 1 1 1 1 1 1 1 1 1 1 1 0 0 1 2 1 1 1 1 1 1 1 1 0 1 1 1 1 1 1 1 1 1 1 1 
8 6 3 9 10 10 2 8 4 5 8 8 8 9 11 7 11 13 11 0 7 5 8 7 7 7 7 10 9 11 9 7 12 8 10 8 10 8 9 8 7 6 9 5 10 7 5 6 6 9 7 13 4 11 10 5 9 4 11 9 6 6 8 12 7 11 9 5 13 10 5 10 8 10 10 8 10 10 9 13 3 3 6 13 6 8 10 6 8 2 7 9 11 9 6 8 9 5 12 9 8 15 9 6 8 11 7 7 9 7 8 2 9 8 8 8 6 9 10 10 7 4 5 9 3 6 5 2 8 10 14 6 9 12 9 5 10 7 7 10 11 11 11 14 8 11 9 6 7 3 4 6 10 4 13 9 10 8 10 10 7 5 11 8 4 9 7 9 10 9 10 7 12 14 5 13 5 10 12 9 12 8 8 11 13 9 7 9 7 8 10 7 10 8 6 8 10 9 7 9 
10 11 10 3 10 10 7 9 7 12 14 15 9 10 15 6 12 9 14 8 11 14 11 14 9 4 11 11 15 11 7 10 6 17 8 9 15 11 9 10 8 14 14 17 12 7 9 10 11 3 5 11 8 13 10 8 11 15 4 9 11 8 14 12 10 14 13 12 9 11 14 5 11 8 12 7 15 11 13 6 10 9 9 8 5 11 15 11 6 10 13 3 8 6 12 7 14 12 9 8 9 10 11 10 15 15 6 11 9 9 4 14 6 11 10 13 7 11 10 6 18 18 14 6 13 9 7 8 9 12 11 7 11 10 8 13 9 13 13 3 12 15 11 16 10 13 7 12 8 3 11 9 12 5 5 13 15 7 11 4 8 19 5 12 13 14 8 12 12 9 10 11 18 12 19 15 12 8 11 11 8 6 9 10 3 12 8 10 8 8 16 11 1 12 15 13 12 15 11 7 
4 3 3 3 3 4 2 4 1 2 3 3 2 3 4 3 2 4 3 3 1 3 3 4 0 4 3 3 3 4 5 4 3 3 1 2 3 4 3 4 1 2 3 3 3 1 3 2 2 4 3 3 4 4 1 3 4 2 2 3 2 3 2 3 3 2 3 4 3 1 2 2 1 3 4 1 3 2 3 3 3 4 5 4 2 5 4 2 2 3 5 4 2 2 5 2 4 3 3 3 3 3 4 2 3 2 4 3 4 2 2 3 2 4 3 4 3 3 2 3 4 4 5 1 2 4 3 2 4 4 3 2 3 4 4 4 2 3 1 4 3 3 3 4 5 4 2 4 4 1 3 4 5 4 2 3 3 4 3 3 2 2 2 2 3 3 2 3 2 2 5 2 3 4 4 2 2 4 1 3 3 2 3 4 2 4 3 3 4 2 4 3 3 2 3 3 4 4 2 3 
2 7 8 12 16 8 9 7 7 11 12 1 5 10 10 8 5 5 9 5 9 8 8 14 11 6 9 5 8 10 7 5 9 9 5 9 12 7 9 7 6 11 4 8 7 5 2 10 7 10 3 6 9 7 7 3 10 13 11 6 10 8 10 5 9 5 10 9 4 9 0 7 6 15 8 13 13 4 3 4 8 6 12 11 5 13 11 10 9 5 10 9 5 10 6 4 9 10 12 16 9 5 9 5 6 4 7 4 7 10 11 8 10 14 10 10 6 10 6 8 10 9 11 8 7 10 10 11 6 4 7 11 10 14 9 5 3 9 10 12 10 8 12 6 11 2 7 10 5 7 8 10 5 6 9 3 9 11 6 11 6 3 8 9 9 9 9 7 5 2 7 7 8 9 10 10 6 8 8 6 6 10 1 5 3 8 9 8 11 9 5 8 9 6 7 7 6 8 7 8 
1 2 3 2 3 2 2 2 2 2 2 3 2 2 2 3 3 2 4 2 2 2 3 2 2 1 1 1 3 1 2 1 2 1 2 2 1 1 2 0 3 1 3 2 2 1 2 2 2 1 1 2 1 4 2 1 2 2 3 2 2 2 4 1 1 2 3 1 2 3 1 2 1 3 2 2 3 1 2 3 0 3 3 2 3 2 3 2 3 2 1 1 2 1 3 2 2 1 2 1 1 3 2 2 3 3 1 1 2 2 2 3 3 3 2 1 1 1 3 3 2 3 2 2 1 2 1 3 2 2 2 1 3 1 2 3 2 2 2 2 2 2 1 1 3 1 4 1 3 2 2 2 2 2 2 2 3 2 1 2 2 1 3 1 2 1 1 2 2 2 2 2 2 2 2 2 2 3 1 2 1 2 2 1 2 3 2 3 2 1 3 2 1 2 2 1 2 2 1 2 
2 3 3 2 3 3 3 2 4 2 4 5 3 3 4 4 1 3 2 0 2 2 4 5 2 4 3 2 5 2 4 4 3 2 4 2 3 2 3 1 4 3 3 3 3 3 3 4 2 6 2 2 4 2 4 2 4 3 3 3 4 3 3 3 3 4 2 3 3 2 2 3 3 3 3 4 2 2 2 2 3 4 3 4 3 3 4 2 2 3 3 2 2 2 4 2 5 3 2 2 2 4 2 4 1 2 2 3 1 3 4 3 2 4 3 2 4 3 2 3 5 3 2 2 3 4 4 2 3 3 3 2 1 4 3 2 2 3 4 1 4 4 5 2 4 2 5 2 3 3 4 3 3 1 4 3 4 3 3 3 3 3 1 3 4 4 3 2 3 5 3 1 2 5 2 5 3 4 1 1 3 5 3 4 3 4 2 3 4 4 1 4 3 4 3 4 3 5 2 2 
9 5 11 8 10 5 11 14 13 6 12 10 13 17 13 16 5 10 14 16 13 15 8 8 3 10 9 13 7 19 6 9 12 12 11 15 8 6 12 4 15 6 14 12 11 17 14 9 10 11 8 7 17 4 7 13 4 11 9 7 15 8 13 16 8 13 12 12 7 16 10 21 8 12 3 7 7 9 12 10 8 10 7 9 11 9 14 10 7 9 6 13 2 12 8 10 7 8 13 13 6 6 8 16 12 4 6 12 13 13 8 17 9 10 13 9 13 11 12 15 8 14 7 12 14 6 8 11 5 15 7 7 10 5 15 14 7 10 13 13 3 10 16 9 22 16 13 14 1 6 8 16 14 11 6 16 6 9 8 7 12 11 15 12 11 2 17 2 13 12 8 13 12 9 12 6 10 9 10 8 7 9 6 9 10 9 10 10 9 7 6 8 9 15 8 8 9 10 4 7 
3 3 2 3 3 2 2 2 1 2 2 1 3 2 2 1 2 2 2 3 2 2 1 2 2 1 2 3 3 2 3 2 3 2 1 2 2 2 2 2 2 0 3 2 2 2 2 2 2 2 3 2 2 2 2 2 1 3 1 2 1 3 1 2 2 1 2 1 2 2 2 2 3 2 2 1 2 2 3 2 2 1 2 2 2 2 2 1 1 2 2 2 2 2 1 3 2 2 2 1 3 2 3 1 3 2 1 1 1 2 0 3 2 1 2 2 2 3 2 3 2 2 2 2 2 1 2 2 2 2 2 2 1 0 1 4 2 2 1 3 2 1 3 2 3 2 2 3 1 2 1 3 2 2 3 2 2 3 2 2 3 1 2 1 2 0 2 2 2 2 2 3 1 2 2 2 1 2 3 1 3 2 1 1 2 1 2 2 1 2 2 2 3 2 2 2 2 2 2 1 
2 3 1 2 1 2 1 2 2 2 2 1 2 2 1 1 1 3 2 2 2 1 2 3 2 2 2 1 2 2 3 3 1 2 2 2 2 3 3 2 2 3 3 2 2 2 1 2 2 3 2 1 2 3 2 1 1 1 3 3 2 1 1 2 1 2 2 1 1 1 2 3 3 1 3 2 2 3 1 2 3 2 3 2 2 2 2 2 1 2 3 2 1 3 2 1 2 2 3 2 2 2 2 2 2 2 1 2 1 2 2 2 2 1 2 2 1 2 1 2 2 1 1 2 3 3 1 1 2 2 3 2 2 1 3 1 3 2 2 4 2 4 1 3 3 1 2 3 1 3 3 2 2 2 2 3 1 1 2 1 2 1 1 2 3 3 2 2 1 3 2 3 2 2 3 3 1 3 3 2 1 3 1 2 1 2 2 2 1 1 2 3 2 2 3 3 2 2 1 3 
7 5 6 7 3 6 3 8 2 5 6 6 3 2 7 6 5 3 6 5 5 6 2 7 9 2 6 4 5 0 5 3 3 6 5 7 5 4 6 6 5 3 6 5 5 3 7 6 5 1 5 7 3 6 5 7 3 4 0 4 8 4 6 5 5 1 4 4 8 6 4 4 8 9 5 8 4 5 6 3 5 7 3 5 7 4 5 2 3 6 3 6 6 5 2 4 5 6 3 7 3 4 8 3 11 5 7 5 7 9 3 4 4 5 4 5 4 4 6 4 6 7 5 5 6 3 4 6 4 7 4 7 5 5 2 4 5 5 8 5 6 3 5 4 5 7 5 6 5 4 5 5 5 5 5 5 6 1 5 5 3 4 7 2 4 2 3 5 5 2 2 8 3 4 5 7 7 5 2 6 4 4 3 6 4 3 6 4 5 5 7 6 6 7 8 4 5 5 4 7 
6 5 4 3 9 8 4 7 5 5 6 6 4 9 4 3 8 4 3 7 7 5 6 3 4 6 5 5 6 4 4 5 8 3 4 5 3 2 3 6 5 7 8 2 6 6 3 4 4 4 3 6 8 7 3 4 5 6 5 4 3 5 6 3 8 5 7 4 5 3 6 4 5 3 3 2 5 5 9 4 4 3 4 6 5 4 2 3 10 5 5 3 6 7 7 5 2 5 6 8 6 4 4 6 3 7 2 7 6 5 2 4 5 6 2 3 5 4 8 3 5 3 2 0 3 6 6 3 8 7 4 6 6 5 5 5 3 6 7 3 5 4 3 8 6 4 5 8 6 7 2 2 5 4 3 8 7 5 5 4 4 5 6 9 4 7 6 7 5 4 6 4 4 6 3 2 7 2 1 5 4 4 1 4 7 6 6 8 3 7 7 4 7 7 4 6 4 3 5 5 
4 3 4 5 6 4 4 3 6 7 3 7 6 6 6 7 4 6 7 3 5 7 4 6 4 2 7 7 1 7 5 1 4 6 3 5 3 6 6 5 3 5 4 5 5 7 6 6 4 4 7 4 4 3 4 8 4 6 5 4 8 6 4 8 7 7 5 8 7 6 6 6 3 7 4 3 4 3 4 5 4 4 2 7 7 4 2 2 5 5 3 7 4 5 3 4 4 2 5 8 5 6 3 5 4 8 4 7 6 4 6 9 4 2 6 5 1 5 9 6 7 5 7 7 4 6 4 8 5 7 5 7 6 4 7 6 5 4 3 3 6 6 6 6 4 7 5 8 5 4 4 4 5 7 8 6 3 4 5 7 5 5 7 2 9 5 5 5 8 4 5 4 4 2 6 6 5 4 3 6 5 5 3 4 2 5 5 5 7 4 7 8 7 5 5 5 3 6 4 5 
0 6 5 3 6 6 2 5 3 4 4 4 4 4 4 2 6 5 3 3 5 4 3 5 5 4 3 6 5 4 3 4 5 5 2 4 5 4 5 3 3 5 3 3 4 3 3 5 4 1 4 5 2 4 5 4 3 4 5 5 6 3 2 4 3 5 3 2 3 4 4 3 3 3 4 3 4 7 3 5 6 5 4 4 2 5 4 4 2 4 5 3 4 4 4 4 6 6 3 5 6 3 4 3 3 3 5 3 5 3 4 4 1 4 5 6 4 3 4 5 5 3 0 5 4 1 4 4 2 5 4 5 6 6 4 5 3 5 5 5 6 2 3 6 5 3 5 4 4 3 4 6 4 3 4 3 3 5 6 4 1 5 4 5 2 4 7 5 4 4 5 4 1 4 4 4 3 3 4 6 2 4 3 6 4 7 4 4 7 4 3 6 3 5 4 5 3 4 6 5 
15 14 11 17 7 7 7 12 12 14 10 6 12 9 8 6 9 14 7 11 11 11 8 8 14 14 11 12 9 18 10 9 11 10 6 10 7 12 6 3 4 8 5 7 17 10 10 11 10 11 12 5 16 7 12 11 12 16 15 9 13 12 20 13 7 13 8 2 14 11 11 15 5 15 5 11 11 8 10 9 11 6 9 11 7 4 11 9 10 10 17 8 4 10 6 9 11 16 13 9 14 7 7 13 11 10 11 13 13 10 11 7 10 14 13 9 9 4 10 15 12 9 7 11 16 8 6 14 13 12 13 12 9 15 11 13 8 10 14 5 11 9 7 8 16 8 10 5 13 13 7 17 14 12 10 14 10 9 13 14 13 7 15 11 14 12 6 16 10 17 10 5 11 11 6 14 17 6 8 9 11 8 7 11 12 4 10 8 12 11 7 13 9 4 11 4 9 9 12 9 
3 5 6 7 5 5 6 3 3 5 4 5 6 5 6 5 2 3 6 4 2 3 9 6 1 4 7 5 6 7 7 3 5 6 3 5 6 4 7 3 5 7 3 5 5 8 3 5 6 6 5 7 5 5 5 7 2 4 7 7 6 6 8 4 6 4 5 5 6 6 6 6 6 4 3 8 7 4 5 5 8 5 6 6 7 3 6 4 6 1 7 7 4 3 6 4 5 10 6 5 5 3 3 8 5 5 7 6 5 2 7 2 7 4 6 3 5 5 3 6 1 7 7 5 6 5 7 4 5 5 3 4 4 2 4 1 7 6 7 5 7 5 5 6 5 5 10 4 6 5 6 5 3 3 4 5 6 9 0 6 7 5 7 4 3 5 4 5 5 6 5 7 6 6 6 10 8 5 9 5 5 6 4 3 8 8 6 4 7 4 5 8 4 4 9 7 6 6 3 8 
8 6 8 8 0 11 8 11 4 10 10 7 11 6 12 9 16 6 8 14 7 9 15 11 9 10 7 4 14 6 8 8 12 11 14 14 12 13 11 13 18 10 9 7 8 14 13 11 17 10 11 10 18 5 6 8 11 11 9 7 14 13 5 10 9 10 8 15 7 15 12 9 7 9 12 12 13 10 13 14 16 10 11 9 12 7 15 14 10 12 12 15 11 10 6 9 4 6 11 15 10 13 14 13 7 11 12 12 10 10 11 8 9 7 11 11 6 10 13 10 13 7 15 15 11 10 12 8 9 8 9 14 16 13 9 15 8 13 11 11 9 12 16 8 10 10 12 0 13 13 6 5 13 14 6 8 12 5 14 4 10 14 8 12 8 8 16 8 7 11 9 9 7 11 4 11 9 14 8 12 9 12 13 7 13 15 12 13 6 7 12 13 10 9 9 8 7 10 9 10 
2 4 4 3 1 3 3 4 2 3 2 3 3 4 3 4 4 4 2 5 4 3 2 3 3 2 4 3 3 2 3 4 3 2 4 4 2 4 3 2 3 4 4 4 2 3 5 2 3 1 3 1 3 5 4 3 3 3 3 4 2 3 5 3 4 2 3 1 3 4 4 2 3 3 3 4 3 2 1 2 4 2 3 3 3 4 2 3 3 4 4 4 3 5 3 2 1 3 3 5 3 3 3 1 3 3 3 4 4 3 4 3 3 4 2 3 3 2 2 4 3 3 1 1 3 4 2 3 3 3 2 4 5 1 3 3 2 4 3 4 2 2 4 1 4 2 4 5 3 4 4 2 3 2 3 3 4 3 2 3 3 2 6 4 2 2 4 3 2 0 3 3 5 3 3 4 4 3 2 3 3 4 2 4 3 7 2 4 4 4 3 4 2 3 3 4 3 5 3 2 
5 5 2 4 3 5 5 4 7 3 5 4 2 3 3 3 5 4 3 5 3 2 5 2 3 4 3 4 4 5 6 4 3 6 2 6 4 5 4 6 1 4 4 6 5 5 3 5 6 5 2 4 6 4 4 4 5 4 5 3 4 2 3 2 3 2 3 5 2 3 5 3 2 2 5 3 6 5 4 3 5 4 3 6 4 5 5 3 4 5 4 3 5 6 4 4 3 3 6 4 3 5 3 5 5 4 2 8 5 4 3 2 4 2 5 4 3 3 3 5 3 7 3 4 1 4 5 3 7 5 4 5 5 3 4 5 3 4 3 4 6 4 2 3 5 5 2 5 2 2 1 6 2 6 3 3 5 3 4 5 4 6 2 2 3 5 3 3 5 3 3 4 1 5 5 2 6 5 2 2 3 6 4 6 6 2 3 7 6 2 2 4 5 3 6 5 4 2 5 5 
2 2 2 3 1 1 1 2 2 2 2 2 3 1 3 3 3 1 2 3 3 1 2 1 2 2 2 2 2 2 3 2 2 3 1 1 1 3 3 3 2 2 1 3 2 3 2 1 3 2 1 3 3 1 2 2 2 3 1 1 2 2 2 1 3 2 3 2 3 2 2 3 2 2 1 2 2 1 1 2 2 2 3 1 1 3 1 2 3 2 1 2 3 1 2 2 2 2 2 2 2 1 1 1 1 0 2 1 1 1 2 2 2 2 2 2 3 3 1 3 1 2 2 2 3 2 2 2 2 3 3 1 3 2 2 1 2 2 2 1 2 3 3 2 2 2 2 2 3 3 1 1 1 3 2 2 2 3 2 2 2 2 2 2 2 1 2 1 1 2 2 3 1 2 2 2 2 3 2 2 1 2 1 1 2 2 2 2 1 2 2 1 2 3 1 2 2 1 2 3 
12 10 4 10 9 10 14 8 12 11 11 9 5 9 10 9 2 7 11 8 10 5 9 15 9 11 10 2 9 7 8 7 7 13 7 8 9 4 10 7 11 12 15 4 8 9 4 6 9 15 13 10 11 6 14 10 8 4 5 7 6 9 8 9 12 2 10 13 5 8 10 11 10 6 3 12 7 4 11 10 10 5 12 10 5 13 6 13 10 16 10 8 9 12 5 5 16 10 2 12 12 8 3 8 9 11 7 10 9 5 13 7 11 14 8 5 7 11 3 12 11 10 10 6 15 9 13 8 6 6 14 11 10 10 9 10 12 10 10 6 6 13 6 11 11 6 12 9 7 9 11 9 9 2 6 4 12 12 11 7 9 10 10 12 5 7 10 5 10 8 5 3 7 8 9 5 7 5 10 15 8 10 4 10 9 4 9 10 9 3 4 4 8 7 9 8 13 15 11 14 
3 2 2 1 2 3 3 2 2 2 2 2 2 2 3 3 3 3 3 1 2 1 2 2 3 2 3 2 3 2 2 2 2 2 3 2 3 2 1 3 2 2 2 3 1 1 3 2 2 2 2 2 2 2 1 3 2 3 2 2 2 1 2 1 2 2 2 2 3 1 3 1 1 2 2 3 2 2 1 3 2 3 2 2 2 2 2 1 2 2 0 0 2 0 3 2 1 2 4 3 2 1 3 1 1 2 1 2 2 1 3 3 2 1 1 2 3 1 3 2 1 2 2 3 1 2 1 2 1 2 3 2 2 2 1 1 3 3 2 3 3 1 1 3 3 2 2 2 2 2 2 2 2 2 2 2 1 3 2 2 2 2 2 2 2 2 1 2 3 1 1 1 1 2 2 2 2 2 2 3 1 1 2 2 2 1 2 2 1 3 2 2 2 2 2 3 2 1 3 2 
5 3 6 3 5 4 8 6 7 6 6 4 5 1 6 5 5 4 4 3 6 3 8 5 4 8 7 6 7 5 3 2 5 8 8 6 1 6 5 5 5 4 5 6 7 6 5 5 7 6 2 6 3 5 7 7 8 4 5 8 4 7 6 7 7 9 7 7 5 3 6 4 7 4 4 8 4 5 5 3 6 6 5 3 3 5 5 3 4 4 4 4 1 3 6 6 4 4 7 6 5 6 6 6 5 0 5 6 7 5 5 7 6 5 5 5 8 7 2 7 4 7 3 8 4 6 6 3 5 5 5 4 4 5 6 2 3 6 4 7 6 3 4 6 6 2 3 5 7 3 3 6 6 2 8 8 5 4 6 4 4 4 4 6 4 1 5 4 4 6 7 7 4 5 4 5 8 4 5 5 7 4 8 5 6 5 7 4 5 6 6 2 4 3 3 5 7 3 5 6 
2 3 5 2 3 3 2 1 3 2 2 4 2 3 4 3 4 3 3 2 2 1 3 5 3 4 3 3 3 1 2 4 4 3 4 4 3 2 6 2 2 3 2 4 4 2 3 1 3 3 4 2 3 4 4 3 3 3 4 4 4 2 2 2 5 3 6 4 3 3 4 2 4 4 3 3 2 0 3 2 2 4 2 4 4 2 1 5 3 2 3 2 3 3 4 2 4 4 4 3 3 2 6 3 4 3 5 2 2 4 3 2 1 2 5 2 3 5 3 3 3 4 4 4 0 3 4 1 3 4 3 4 5 2 3 3 4 5 3 5 3 5 3 2 4 3 3 2 4 4 3 4 3 4 3 3 4 5 3 4 4 1 2 3 3 4 5 4 1 2 3 3 4 4 3 2 4 2 4 2 2 2 3 4 3 2 2 3 3 2 4 3 3 3 4 5 3 4 4 4 
5 3 4 8 5 6 8 4 6 6 7 7 7 3 4 4 8 4 9 3 8 5 8 0 6 6 8 6 4 7 9 6 4 4 7 5 4 4 7 6 5 11 8 7 6 6 5 6 9 3 5 7 7 4 4 6 1 7 4 5 4 6 2 5 7 8 4 7 6 6 10 10 5 5 2 4 9 10 7 5 8 7 3 6 5 10 8 8 4 5 0 10 4 4 1 5 4 8 5 2 6 6 6 7 5 6 5 6 8 7 9 4 6 9 3 5 8 8 8 4 5 7 5 10 7 8 1 6 5 6 6 7 4 2 6 5 8 6 6 4 3 6 8 2 8 6 6 3 11 5 5 5 3 7 8 9 8 5 4 6 4 2 8 8 3 6 5 5 5 5 9 5 6 7 8 4 1 9 5 9 5 3 6 2 7 5 2 4 8 7 5 5 7 7 6 8 5 8 3 5 
6 11 5 4 6 8 3 10 6 6 7 7 9 8 7 11 3 6 8 8 7 8 4 6 9 11 8 9 5 6 6 6 5 6 10 8 6 7 9 7 9 3 6 9 11 7 7 5 11 9 4 5 3 8 6 9 3 8 8 8 6 6 5 6 10 11 6 7 3 5 8 7 7 9 5 6 9 6 5 4 7 5 7 10 2 8 6 1 4 10 9 6 8 5 4 11 7 10 2 5 4 7 2 4 2 10 9 4 10 9 10 4 7 7 5 7 6 4 11 9 8 9 7 9 6 6 6 4 7 10 8 4 9 9 7 3 6 4 5 6 8 9 5 6 2 9 4 9 5 9 5 8 4 6 5 1 8 4 8 8 8 4 9 3 9 8 11 11 8 7 7 2 3 7 11 9 5 7 6 7 9 9 10 10 8 7 7 4 9 7 11 6 3 7 7 11 8 10 4 8 
11 11 8 8 13 5 10 10 8 7 3 11 7 14 6 6 8 13 9 15 11 7 12 10 10 11 12 10 11 9 3 7 11 10 13 4 8 12 8 7 6 8 9 16 13 12 16 5 6 8 11 2 11 1 6 8 9 9 11 14 17 5 8 7 11 16 8 14 6 14 11 5 10 3 5 10 11 5 13 3 6 12 8 9 7 11 6 8 7 8 11 8 14 12 5 12 11 8 7 4 12 8 10 12 5 13 6 12 2 6 8 14 10 8 8 8 7 15 10 4 9 12 7 7 10 11 8 6 10 9 8 6 13 12 11 10 6 9 8 10 8 10 5 4 7 8 12 8 5 6 8 2 10 8 7 11 7 7 13 11 5 8 12 12 6 8 9 5 12 10 10 7 7 9 10 2 8 11 11 6 10 6 4 11 17 12 3 6 12 9 11 14 8 16 13 12 16 14 10 3 
8 3 6 8 6 5 2 7 5 7 8 6 3 9 7 3 7 5 3 3 6 8 7 6 6 7 5 6 1 6 7 4 5 5 4 8 6 4 9 6 7 5 7 6 8 6 6 10 3 7 4 2 4 4 7 3 6 11 4 6 7 7 9 7 7 10 2 6 5 5 6 6 8 5 3 7 5 4 7 8 6 8 6 7 5 7 11 7 7 3 2 4 4 3 9 7 8 6 8 6 5 9 7 8 8 6 6 7 9 6 9 5 8 5 7 7 7 7 5 7 8 6 4 9 6 5 8 7 7 7 2 9 4 6 6 6 5 5 4 5 6 8 6 4 7 3 7 7 7 3 7 4 9 6 5 7 6 6 5 5 6 10 4 7 5 5 6 7 9 5 9 8 3 6 5 4 3 9 5 7 4 6 3 7 8 9 7 5 6 7 5 5 5 11 6 8 4 9 0 6 
9 8 10 5 7 12 6 10 11 9 6 8 11 10 8 8 14 8 10 13 11 6 6 10 5 7 6 3 4 14 8 12 11 11 8 12 6 8 8 12 11 6 10 9 11 11 9 8 6 11 4 13 11 8 10 10 11 12 10 9 11 10 8 10 7 8 7 8 4 6 16 8 7 12 5 7 8 7 13 2 1 9 2 3 11 13 10 12 9 6 5 2 12 5 6 5 7 12 7 10 6 9 4 10 8 12 13 6 8 9 11 12 13 7 7 12 12 12 18 12 13 7 8 8 7 6 15 7 5 12 9 13 5 6 9 9 4 5 8 6 11 7 9 10 10 8 7 4 10 13 7 9 6 4 8 10 7 14 12 8 5 18 14 13 8 7 11 10 8 8 5 14 8 5 6 9 9 8 9 6 8 10 7 12 11 9 5 9 15 0 4 6 15 9 12 13 2 8 8 5 
12 7 6 9 12 7 4 8 6 10 6 9 4 2 6 13 8 6 5 6 5 5 8 7 7 9 10 5 6 5 11 5 4 5 8 8 9 9 9 5 7 9 8 4 9 7 3 11 7 8 7 6 9 7 12 6 4 7 10 12 5 6 6 8 4 12 8 11 12 5 6 5 8 8 9 9 8 2 7 5 8 10 8 4 2 6 10 10 10 7 9 12 6 9 9 6 2 11 4 6 9 8 9 5 10 4 10 9 5 8 15 7 8 6 8 7 8 9 9 8 5 9 6 5 1 1 6 11 6 6 11 1 1 8 3 5 3 7 7 11 8 7 9 5 9 8 6 8 8 7 8 7 10 7 10 10 7 10 4 5 8 9 4 6 8 7 8 3 6 5 3 3 8 3 9 9 5 7 5 6 7 11 9 8 3 3 4 4 8 7 6 5 7 5 8 4 6 7 10 7 
1 2 2 1 3 2 1 1 3 2 1 2 2 1 2 4 2 1 2 1 1 3 2 2 2 1 1 2 3 1 1 2 2 3 2 2 2 2 3 3 2 2 2 2 3 1 1 1 1 2 2 2 2 3 2 2 1 1 1 2 1 1 2 1 1 1 1 2 2 2 2 2 2 2 3 3 2 3 2 2 3 2 3 2 1 2 3 1 2 1 1 2 2 2 2 2 3 2 3 2 2 2 1 2 2 1 1 2 1 2 2 1 2 2 2 2 2 2 2 2 1 2 4 3 3 2 2 2 2 2 2 3 2 1 2 2 2 2 3 1 1 1 2 1 1 2 2 3 2 3 1 1 0 1 1 2 2 2 3 2 1 1 2 2 1 2 2 2 1 1 2 2 2 3 2 2 2 3 2 2 1 1 2 3 2 3 2 2 3 2 3 2 2 1 2 3 2 2 0 2 
2 3 4 4 3 3 3 4 2 2 4 4 4 3 4 2 4 3 3 3 4 2 3 3 2 1 4 2 2 3 1 3 3 2 2 4 4 3 4 3 2 2 2 2 3 4 3 5 4 4 5 4 5 2 2 3 3 3 3 2 3 3 2 3 4 3 3 2 2 3 4 3 2 3 1 4 6 3 3 2 3 3 3 2 4 4 2 5 4 5 2 1 4 2 1 3 3 3 4 3 4 3 3 4 3 3 2 4 5 2 4 2 4 5 4 3 4 4 2 2 4 3 2 4 3 1 2 3 4 4 3 5 4 3 3 3 3 3 2 2 3 4 2 5 2 4 2 1 5 4 2 3 3 3 4 3 4 3 3 3 5 3 3 3 5 1 2 3 2 2 3 4 3 2 4 3 3 1 2 2 3 3 4 3 3 4 4 4 3 1 3 3 4 1 3 1 4 1 3 3 
6 3 3 5 2 6 4 4 4 4 5 5 3 4 7 5 8 5 1 5 4 5 4 3 5 4 5 2 2 6 3 4 5 4 2 6 2 4 5 2 1 6 5 2 6 7 4 5 4 1 4 3 6 2 2 6 4 6 2 2 4 4 6 5 5 5 4 6 6 2 5 5 3 1 3 1 3 4 6 4 5 3 5 3 4 1 4 6 3 2 4 3 3 5 4 3 4 7 4 3 4 3 5 4 4 3 2 4 5 5 5 3 7 5 5 4 4 2 3 5 5 5 5 4 3 4 3 6 6 6 4 2 4 4 4 3 1 3 5 3 4 4 4 5 4 5 3 5 5 4 5 3 4 2 4 6 3 2 4 5 3 6 4 2 3 6 3 4 3 4 4 4 3 4 5 5 5 7 4 2 5 3 5 1 5 8 4 3 7 2 2 3 2 4 4 3 6 2 4 5 
6 13 13 11 14 12 8 10 10 14 10 12 15 8 12 11 12 11 7 14 14 8 11 5 7 7 5 5 14 10 11 5 5 11 4 11 10 10 12 8 13 14 11 7 12 3 6 8 6 9 12 12 11 10 7 6 7 13 11 14 14 10 10 14 10 4 13 13 9 9 12 8 12 15 9 9 3 13 7 11 12 11 9 13 12 6 8 9 7 14 13 13 8 10 12 10 14 10 15 1 8 10 16 8 0 11 12 12 10 13 7 13 10 14 5 8 9 12 15 16 6 5 14 14 8 5 0 9 15 5 15 13 11 12 13 8 12 15 9 9 11 8 9 4 7 10 11 10 12 7 9 11 5 7 16 8 8 12 11 12 10 10 9 13 10 4 6 12 7 9 10 7 7 4 15 3 8 8 1 12 9 9 12 10 9 12 13 10 7 9 3 9 9 15 10 10 11 9 10 7 
7 8 12 5 10 4 8 10 3 7 9 5 8 3 4 6 5 12 7 1 5 5 1 9 7 8 3 5 4 6 7 6 5 2 5 8 6 9 5 3 8 8 11 7 11 14 7 9 4 8 7 5 7 9 8 9 7 7 9 7 7 7 7 9 8 5 4 5 7 6 3 8 8 4 8 5 8 6 7 5 8 9 2 7 5 6 4 8 6 7 5 3 5 4 3 6 5 7 8 8 8 7 7 5 6 8 8 6 5 6 6 10 8 6 8 8 8 7 3 9 5 7 7 8 13 7 9 6 11 5 6 7 3 6 10 5 6 9 6 5 7 7 7 4 7 8 9 7 10 7 8 8 6 7 3 2 6 6 7 6 5 7 5 8 3 6 8 6 3 6 8 8 8 9 10 10 7 5 4 9 8 13 5 8 4 5 8 8 7 7 10 10 7 6 4 7 5 5 7 5 
3 1 2 2 1 2 2 1 2 2 2 3 2 2 3 2 1 3 2 2 2 2 2 1 2 1 3 4 2 2 2 2 2 2 2 3 2 2 2 2 3 2 2 1 2 2 2 2 2 2 1 2 2 2 3 1 2 2 2 1 2 2 3 2 2 3 1 2 3 1 2 2 2 0 1 2 2 1 2 3 2 2 2 2 2 4 2 2 2 3 2 2 3 3 2 2 1 1 2 2 3 2 3 2 2 2 3 2 2 1 1 2 0 3 1 2 3 1 2 3 1 2 2 1 1 3 2 3 2 3 2 2 3 2 1 2 3 4 3 3 2 2 2 3 2 3 1 1 2 1 3 2 2 2 2 3 1 2 2 2 3 3 0 1 3 2 2 2 1 1 3 1 2 1 2 2 1 2 1 3 4 1 2 1 2 2 2 2 3 2 2 2 2 3 2 2 2 2 3 2 
5 10 12 15 9 11 11 10 8 12 5 13 8 14 11 16 6 9 15 8 11 12 12 12 6 9 3 4 12 10 5 7 7 9 11 14 10 15 13 8 8 8 11 12 8 11 13 6 7 5 8 5 14 17 7 12 12 12 4 11 10 7 9 14 8 9 13 7 6 15 12 7 11 11 11 12 9 12 7 9 10 11 8 11 9 9 9 8 14 12 6 9 13 7 11 6 13 10 13 8 6 13 11 8 8 7 11 15 12 14 5 11 9 11 14 13 10 14 16 10 7 13 13 16 12 6 10 12 9 5 20 9 8 13 11 11 5 7 11 7 12 12 15 9 9 15 6 7 11 15 14 13 17 7 6 10 12 7 9 14 12 9 7 10 11 11 9 6 17 7 14 8 8 9 11 6 7 11 8 10 15 4 6 9 8 8 10 7 4 16 9 10 7 7 9 9 10 11 7 7 
8 7 5 8 7 9 8 9 6 7 10 12 11 12 2 7 13 5 5 10 10 6 10 7 10 10 8 12 10 5 8 12 9 12 11 8 9 5 10 8 8 3 5 11 9 11 6 7 9 7 6 6 10 7 10 5 9 5 12 6 6 10 9 11 12 9 6 8 6 7 10 11 8 9 7 7 6 3 8 10 9 7 3 8 9 9 7 9 8 8 8 2 8 13 14 11 4 9 7 7 5 7 10 9 6 11 7 8 8 11 4 6 7 7 4 10 3 5 10 12 8 11 13 11 7 3 8 10 15 8 8 7 6 4 5 8 9 10 6 7 9 4 9 4 8 7 13 4 9 6 4 7 7 8 10 13 7 7 13 11 7 6 9 8 10 5 4 6 6 10 9 11 9 10 8 9 5 9 8 6 9 6 10 9 7 8 13 14 3 6 9 11 7 8 8 9 9 9 10 10 
DEPOT_SECTION
 1
 -1
EOF
