NAME  : Jabali_40_4_0.80_1_1
TYPE : SVRP
MODEL : FINITE_SUPPORT
NUMBER_OF_SCENARIOS : 200
DIMENSION : 40
EDGE_WEIGHT_TYPE : MATRIX
CAPACITY : 59
N_VEHICLES : 4
NODE_COORD_SECTION
1 3572 3422
2 6382 5139
3 3791 7106
4 1086 4110
5 8009 2694
6 2861 978
7 2442 3400
8 6860 5398
9 4189 2171
10 5299 1307
11 7375 937
12 2447 2395
13 4682 1072
14 2780 1919
15 6115 6090
16 4121 2048
17 1626 645
18 7203 1410
19 2770 2408
20 4584 3013
21 611 4876
22 7126 6176
23 678 3597
24 3533 4923
25 1543 4332
26 3819 6158
27 5585 5756
28 2714 6909
29 1256 18
30 4862 2655
31 1303 4999
32 5532 5455
33 2546 2096
34 5098 5763
35 1136 513
36 27 5576
37 2625 1763
38 6210 6499
39 7169 5957
40 5904 6035
DEMAND_SECTION
1 0.0
2 10.0
3 3.0
4 5.0
5 8.0
6 7.0
7 8.0
8 2.0
9 2.0
10 8.0
11 7.0
12 9.0
13 3.0
14 7.0
15 7.0
16 6.0
17 2.0
18 4.0
19 7.0
20 1.0
21 3.0
22 1.0
23 1.0
24 4.0
25 4.0
26 10.0
27 1.0
28 5.0
29 7.0
30 2.0
31 3.0
32 5.0
33 5.0
34 4.0
35 9.0
36 2.0
37 7.0
38 3.0
39 1.0
40 8.0
DEVIATION_SECTION
1 0.0
2 3.33333
3 1.0
4 1.66667
5 2.66667
6 2.33333
7 2.66667
8 0.666667
9 0.666667
10 2.66667
11 2.33333
12 3.0
13 1.0
14 2.33333
15 2.33333
16 2.0
17 0.666667
18 1.33333
19 2.33333
20 0.333333
21 1.0
22 0.333333
23 0.333333
24 1.33333
25 1.33333
26 3.33333
27 0.333333
28 1.66667
29 2.33333
30 0.666667
31 1.0
32 1.66667
33 1.66667
34 1.33333
35 3.0
36 0.666667
37 2.33333
38 1.0
39 0.333333
40 2.66667
DISTANCE_MATRIX
0.0 59.4023 50.9902 34.4384 62.663 36.4081 15.1327 63.0357 19.0263 37.1618 62.4951 18.4324 35.6931 23.7403 48.8808 19.0 48.2521 57.5107 17.8138 14.1421 44.4072 51.3004 38.0789 20.6155 30.2324 38.3275 46.598 49.163 57.2711 19.2094 37.4833 47.4599 21.9336 41.2053 54.3269 56.0803 25.08 42.3934 51.5931 47.8044 
59.4023 0.0 33.8378 76.844 67.897 92.6413 69.1916 7.61577 71.0282 77.9714 87.023 77.5368 82.0514 82.8446 16.0 71.6101 107.356 81.0555 76.9182 58.5235 79.0759 32.3883 84.5044 42.551 70.5195 32.0624 13.0384 47.0744 116.375 61.7738 70.214 12.0416 81.0379 18.4391 110.1 85.0529 84.1844 24.1868 30.5941 15.1327 
50.9902 33.8378 0.0 53.9073 89.184 84.4334 54.1202 29.2746 69.5845 84.1487 102.489 66.1287 85.0529 71.5122 41.8688 69.7209 90.8682 96.4624 65.8577 60.0 51.8845 56.7274 62.3699 30.4138 48.1041 13.0 33.3017 14.0357 100.344 65.0308 44.1022 29.8329 69.9775 29.2062 94.6678 54.8179 73.0548 45.4533 55.9017 39.6989 
34.4384 76.844 53.9073 0.0 96.0889 47.6592 20.6155 76.5572 47.8885 68.0132 95.0692 32.45 64.4981 35.9611 74.0655 47.4642 45.0444 90.3075 35.609 48.0208 12.083 82.5139 8.48528 36.3456 6.32456 46.5296 67.3355 43.4166 52.7731 52.4309 11.7047 65.9697 38.2753 60.2645 46.6905 24.1868 38.183 72.2928 82.709 72.0512 
62.663 67.897 89.184 96.0889 0.0 70.0286 77.7663 75.3127 53.0609 38.4708 23.8537 78.7809 46.5296 72.8146 52.1728 54.0167 86.0233 19.799 78.1623 51.1638 104.807 35.5106 99.5063 74.3214 91.1045 78.8595 58.8218 96.7399 93.4345 45.9423 98.4783 62.2977 70.4486 60.4152 92.0489 117.288 70.6385 45.2217 37.3363 53.6004 
36.4081 92.6413 84.4334 47.6592 70.0286 0.0 32.0624 96.7247 21.754 32.249 59.7746 18.4391 24.5153 13.1529 80.4474 21.0705 16.0 57.2713 18.7883 34.4819 59.6051 82.2602 44.0547 54.7346 47.7817 72.255 79.6429 80.0625 24.0416 32.9125 56.999 80.896 14.7648 74.7909 22.0227 71.3098 11.4018 73.3532 82.5528 79.7945 
15.1327 69.1916 54.1202 20.6155 77.7663 32.0624 0.0 69.9457 27.3225 47.4471 74.5032 14.1421 44.3625 19.0 63.9715 26.8982 37.0377 69.7415 16.1555 27.7308 31.8904 66.3912 23.0868 26.9072 18.0278 43.0116 59.397 48.2701 46.5172 31.9061 26.8328 58.0385 19.6469 52.3259 40.9089 44.0454 21.0238 57.4842 66.6838 62.8951 
63.0357 7.61577 29.2746 76.5572 75.3127 96.7247 69.9457 0.0 75.2928 83.7939 94.0053 81.1702 87.0957 86.478 23.1948 75.8024 110.99 88.0 80.5516 63.0635 77.6209 39.8121 84.5281 43.3051 70.2638 30.3645 18.4391 43.1045 120.009 66.7083 68.9638 16.1555 84.6713 21.9545 110.855 82.6075 87.8178 31.0 38.0789 22.0227 
19.0263 71.0282 69.5845 47.8885 53.0609 21.754 27.3225 75.2928 0.0 20.5183 48.6004 28.7052 17.088 24.12 58.6941 1.0 37.6554 44.4185 28.0866 12.7279 58.9007 60.509 50.1995 39.2046 44.7958 56.7583 58.0086 68.1836 45.7956 11.7047 53.1164 59.3633 21.754 53.3385 43.7302 70.964 21.9439 51.602 60.8017 58.0517 
37.1618 77.9714 84.1487 68.0132 38.4708 32.249 47.4471 83.7939 20.5183 0.0 28.6531 39.2423 8.06226 35.893 63.9114 21.2132 48.1664 25.2982 48.2112 24.5153 79.0253 52.0096 71.8218 55.0282 64.9204 71.1758 65.3774 85.148 55.0818 19.2354 73.2393 67.7848 33.5271 62.4971 54.0833 91.0886 33.7169 56.7824 54.2033 63.4962 
62.4951 87.023 102.489 95.0692 23.8537 59.7746 74.5032 94.0053 48.6004 28.6531 0.0 67.6336 35.4683 64.2844 71.0282 49.4065 75.1864 6.08276 75.2672 48.5073 106.075 55.4437 97.3802 83.7285 91.9239 90.1388 76.1643 106.54 80.7527 43.2857 99.8248 79.3095 61.9185 75.9839 80.8084 118.089 62.1083 63.0079 57.5587 72.0 
18.4324 77.5368 66.1287 32.45 78.7809 18.4391 14.1421 81.1702 28.7052 39.2423 67.6336 0.0 32.28 5.38516 67.0153 28.2809 29.8946 71.1242 4.12311 29.2014 44.4185 69.1295 32.2104 36.7151 31.3847 54.1295 64.7325 61.6604 38.9136 33.2889 40.4969 65.5943 5.83095 59.3397 35.9694 56.6039 7.07107 60.5279 69.4221 65.9389 
35.6931 82.0514 85.0529 64.4981 46.5296 24.5153 44.3625 87.0957 17.088 8.06226 35.4683 32.28 0.0 28.9308 70.017 17.4642 40.3113 32.7567 45.1265 25.1794 75.9407 58.3097 64.2279 55.0364 61.8357 72.0625 69.0502 84.7172 47.0425 20.6155 70.1563 70.9404 26.5648 65.4599 46.1736 88.0039 26.7547 62.8879 60.5062 68.4162 
23.7403 82.8446 71.5122 35.9611 72.8146 13.1529 19.0 86.478 24.12 35.893 64.2844 5.38516 28.9308 0.0 72.3231 23.4364 24.522 61.1901 7.2111 34.5093 47.9871 74.4374 35.6747 42.0595 35.4401 59.5063 70.0403 66.9104 33.541 35.2785 44.643 70.9022 5.0 64.6476 30.5968 60.143 2.23607 65.8358 74.73 71.2467 
48.8808 16.0 41.8688 74.0655 52.1728 80.4474 63.9715 23.1948 58.6941 63.9114 71.0282 67.0153 70.017 72.3231 0.0 59.397 96.3488 65.0692 66.3966 45.9674 78.0577 16.7631 81.5008 39.4864 67.771 34.9285 8.60233 52.8394 105.368 48.6822 69.0652 12.0416 70.5164 14.5602 102.424 85.9884 73.6629 8.544 15.2315 2.23607 
19.0 71.6101 69.7209 47.4642 54.0167 21.0705 26.8982 75.8024 1.0 21.2132 49.4065 28.2809 17.4642 23.4364 59.397 0.0 36.9718 45.2769 27.6623 13.4536 58.4764 61.2438 49.7752 39.3192 44.3715 56.9077 58.6003 68.1175 45.112 12.6491 52.6921 59.9083 21.0705 53.8516 43.0466 70.5397 21.2603 52.3368 61.5364 58.7282 
48.2521 107.356 90.8682 45.0444 86.0233 16.0 37.0377 110.99 37.6554 48.1664 75.1864 29.8946 40.3113 24.522 96.3488 36.9718 0.0 72.9932 31.1462 50.3833 56.0803 98.1615 39.2046 63.9372 47.676 79.9666 94.5522 84.1546 9.89949 48.8139 56.3205 95.414 27.4838 89.1594 6.08276 66.7533 23.3417 89.2545 98.4541 95.6958 
57.5107 81.0555 96.4624 90.3075 19.799 57.2713 69.7415 88.0 44.4185 25.2982 6.08276 71.1242 32.7567 61.1901 65.0692 45.2769 72.9932 0.0 70.5056 43.5229 101.238 49.6488 92.6185 77.8386 87.05 84.1546 70.1142 100.648 79.1581 38.3013 94.8493 73.2462 58.8242 69.9028 78.7718 113.188 59.014 57.0 51.788 66.0076 
17.8138 76.9182 65.8577 35.609 78.1623 18.7883 16.1555 80.5516 28.0866 48.2112 75.2672 4.12311 45.1265 7.2111 66.3966 27.6623 31.1462 70.5056 0.0 28.5828 47.4342 68.5109 35.6747 36.1403 34.0 53.6607 64.1138 62.2013 40.1652 32.6702 42.9535 64.9757 4.12311 58.7211 37.221 59.6406 7.81025 59.9093 68.8035 65.3203 
14.1421 58.5235 60.0 48.0208 51.1638 34.4819 27.7308 63.0635 12.7279 24.5153 48.5073 29.2014 25.1794 34.5093 45.9674 13.4536 50.3833 43.5229 28.5828 0.0 58.4123 47.7901 50.6952 30.5401 44.2041 47.0 45.4863 60.6598 58.5235 5.38516 51.6236 47.0106 34.4819 41.1461 56.4581 70.1783 34.6718 38.8832 48.0828 45.3431 
44.4072 79.0759 51.8845 12.083 104.807 59.6051 31.8904 77.6209 58.9007 79.0253 106.075 44.4185 75.9407 47.9871 78.0577 58.4764 56.0803 101.238 47.4342 58.4123 0.0 86.5091 17.0294 41.4367 14.2127 47.2969 71.0282 39.4081 63.1269 63.1269 9.0 69.1809 50.2494 64.0078 57.0789 12.2066 50.209 76.288 86.7042 76.0263 
51.3004 32.3883 56.7274 82.5139 35.5106 82.2602 66.3912 39.8121 60.509 52.0096 55.4437 69.1295 58.3097 74.4374 16.7631 61.2438 98.1615 49.6488 68.5109 47.7901 86.5091 0.0 89.2115 47.9348 76.2193 47.634 24.1868 66.0681 106.302 50.461 77.5214 27.7849 82.2602 27.5862 104.236 94.8825 82.45 11.3137 2.23607 18.3848 
38.0789 84.5044 62.3699 8.48528 99.5063 44.0547 23.0868 84.5281 50.1995 71.8218 97.3802 32.2104 64.2279 35.6747 81.5008 49.7752 39.2046 92.6185 35.6747 50.6952 17.0294 89.2115 0.0 43.4166 14.4222 54.7083 74.7708 51.8556 46.0977 54.7832 19.7231 73.4124 38.0133 67.6998 40.05 27.6586 37.8967 79.7281 89.5041 79.4866 
20.6155 42.551 30.4138 36.3456 74.3214 54.7346 26.9072 43.3051 39.2046 55.0282 83.7285 36.7151 55.0364 42.0595 39.4864 39.3192 63.9372 77.8386 36.1403 30.5401 41.4367 47.9348 43.4166 0.0 30.1496 17.72 32.7564 30.3645 73.4167 35.9111 32.5576 31.398 40.2601 25.6853 67.8084 50.5964 43.4065 37.7137 48.1299 37.4721 
30.2324 70.5195 48.1041 6.32456 91.1045 47.7817 18.0278 70.2638 44.7958 64.9204 91.9239 31.3847 61.8357 35.4401 67.771 44.3715 47.676 87.05 34.0 44.2041 14.2127 76.2193 14.4222 30.1496 0.0 40.3113 61.0409 38.2753 56.0446 48.9183 9.21954 59.6657 37.1618 53.9699 50.0 26.1725 37.6431 65.9982 76.4144 65.7567 
38.3275 32.0624 13.0 46.5296 78.8595 72.255 43.0116 30.3645 56.7583 71.1758 90.1388 54.1295 72.0625 59.5063 34.9285 56.9077 79.9666 84.1546 53.6607 47.0 47.2969 47.634 54.7083 17.72 40.3113 0.0 26.5707 18.4391 89.4462 52.0384 38.6005 23.7697 57.7804 20.5913 83.8378 53.0094 60.9262 36.4005 47.2017 32.6956 
46.598 13.0384 33.3017 67.3355 58.8218 79.6429 59.397 18.4391 58.0086 65.3774 76.1643 64.7325 69.0502 70.0403 8.60233 58.6003 94.5522 70.1142 64.1138 45.4863 71.0282 24.1868 74.7708 32.7564 61.0409 26.5707 0.0 44.2945 103.571 48.7647 62.0322 3.60555 68.2336 7.07107 100.627 78.4092 71.3801 13.6015 23.0217 6.40312 
49.163 47.0744 14.0357 43.4166 96.7399 80.0625 48.2701 43.1045 68.1836 85.148 106.54 61.6604 84.7172 66.9104 52.8394 68.1175 84.1546 100.648 62.2013 60.6598 39.4081 66.0681 51.8556 30.3645 38.2753 18.4391 44.2945 0.0 93.2309 66.0309 32.5269 41.1461 66.2722 38.833 87.3212 41.1096 68.7314 54.8179 65.6049 50.6063 
57.2711 116.375 100.344 52.7731 93.4345 24.0416 46.5172 120.009 45.7956 55.0818 80.7527 38.9136 47.0425 33.541 105.368 45.112 9.89949 79.1581 40.1652 58.5235 63.1269 106.302 46.0977 73.4167 56.0446 89.4462 103.571 93.2309 0.0 56.9541 64.3273 104.433 36.5028 98.1785 6.08276 73.0616 32.3607 98.2735 106.594 104.715 
19.2094 61.7738 65.0308 52.4309 45.9423 32.9125 31.9061 66.7083 11.7047 19.2354 43.2857 33.2889 20.6155 35.2785 48.6822 12.6491 48.8139 38.3013 32.6702 5.38516 63.1269 50.461 54.7832 35.9111 48.9183 52.0384 48.7647 66.0309 56.9541 0.0 56.5862 50.5668 32.9125 44.9444 54.8887 75.0067 33.1024 41.554 50.7537 48.1401 
37.4833 70.214 44.1022 11.7047 98.4783 56.999 26.8328 68.9638 53.1164 73.2393 99.8248 40.4969 70.1563 44.643 69.0652 52.6921 56.3205 94.8493 42.9535 51.6236 9.0 77.5214 19.7231 32.5576 9.21954 38.6005 62.0322 32.5269 64.3273 56.5862 0.0 60.208 46.2385 55.0091 58.2495 18.868 46.8402 67.3003 77.7165 67.0298 
47.4599 12.0416 29.8329 65.9697 62.2977 80.896 58.0385 16.1555 59.3633 67.7848 79.3095 65.5943 70.9404 70.9022 12.0416 59.9083 95.414 73.2462 64.9757 47.0106 69.1809 27.7849 73.4124 31.398 59.6657 23.7697 3.60555 41.1461 104.433 50.5668 60.208 0.0 69.0955 6.40312 98.9474 76.1643 72.2419 17.088 26.6271 9.89949 
21.9336 81.0379 69.9775 38.2753 70.4486 14.7648 19.6469 84.6713 21.754 33.5271 61.9185 5.83095 26.5648 5.0 70.5164 21.0705 27.4838 58.8242 4.12311 34.4819 50.2494 82.2602 38.0133 40.2601 37.1618 57.7804 68.2336 66.2722 36.5028 32.9125 46.2385 69.0955 0.0 62.8409 33.5586 62.434 4.47214 73.3532 82.5528 69.4401 
41.2053 18.4391 29.2062 60.2645 60.4152 74.7909 52.3259 21.9545 53.3385 62.4971 75.9839 59.3397 65.4599 64.6476 14.5602 53.8516 89.1594 69.9028 58.7211 41.1461 64.0078 27.5862 67.6998 25.6853 53.9699 20.5913 7.07107 38.833 98.1785 44.9444 55.0091 6.40312 62.8409 0.0 93.2348 71.5681 65.9873 16.2788 26.9072 12.3693 
54.3269 110.1 94.6678 46.6905 92.0489 22.0227 40.9089 110.855 43.7302 54.0833 80.8084 35.9694 46.1736 30.5968 102.424 43.0466 6.08276 78.7718 37.221 56.4581 57.0789 104.236 40.05 67.8084 50.0 83.8378 100.627 87.3212 6.08276 54.8887 58.2495 98.9474 33.5586 93.2348 0.0 67.1193 29.4165 95.3293 104.529 101.771 
56.0803 85.0529 54.8179 24.1868 117.288 71.3098 44.0454 82.6075 70.964 91.0886 118.089 56.6039 88.0039 60.143 85.9884 70.5397 66.7533 113.188 59.6406 70.1783 12.2066 94.8825 27.6586 50.5964 26.1725 53.0094 78.4092 41.1096 73.0616 75.0067 18.868 76.1643 62.434 71.5681 67.1193 0.0 62.3649 84.6463 95.0776 83.863 
25.08 84.1844 73.0548 38.183 70.6385 11.4018 21.0238 87.8178 21.9439 33.7169 62.1083 7.07107 26.7547 2.23607 73.6629 21.2603 23.3417 59.014 7.81025 34.6718 50.209 82.45 37.8967 43.4065 37.6431 60.9262 71.3801 68.7314 32.3607 33.1024 46.8402 72.2419 4.47214 65.9873 29.4165 62.3649 0.0 67.1755 82.7426 72.5865 
42.3934 24.1868 45.4533 72.2928 45.2217 73.3532 57.4842 31.0 51.602 56.7824 63.0079 60.5279 62.8879 65.8358 8.544 52.3368 89.2545 57.0 59.9093 38.8832 76.288 11.3137 79.7281 37.7137 65.9982 36.4005 13.6015 54.8179 98.2735 41.554 67.3003 17.088 73.3532 16.2788 95.3293 84.6463 67.1755 0.0 10.8167 9.05539 
51.5931 30.5941 55.9017 82.709 37.3363 82.5528 66.6838 38.0789 60.8017 54.2033 57.5587 69.4221 60.5062 74.73 15.2315 61.5364 98.4541 51.788 68.8035 48.0828 86.7042 2.23607 89.5041 48.1299 76.4144 47.2017 23.0217 65.6049 106.594 50.7537 77.7165 26.6271 82.5528 26.9072 104.529 95.0776 82.7426 10.8167 0.0 17.0 
47.8044 15.1327 39.6989 72.0512 53.6004 79.7945 62.8951 22.0227 58.0517 63.4962 72.0 65.9389 68.4162 71.2467 2.23607 58.7282 95.6958 66.0076 65.3203 45.3431 76.0263 18.3848 79.4866 37.4721 65.7567 32.6956 6.40312 50.6063 104.715 48.1401 67.0298 9.89949 69.4401 12.3693 101.771 83.863 72.5865 9.05539 17.0 0.0 
DEMAND_SCENARIO_SECTION
0 0 0 0 0 0 0 0 0 0 0 0 0 0 0 0 0 0 0 0 0 0 0 0 0 0 0 0 0 0 0 0 0 0 0 0 0 0 0 0 0 0 0 0 0 0 0 0 0 0 0 0 0 0 0 0 0 0 0 0 0 0 0 0 0 0 0 0 0 0 0 0 0 0 0 0 0 0 0 0 0 0 0 0 0 0 0 0 0 0 0 0 0 0 0 0 0 0 0 0 0 0 0 0 0 0 0 0 0 0 0 0 0 0 0 0 0 0 0 0 0 0 0 0 0 0 0 0 0 0 0 0 0 0 0 0 0 0 0 0 0 0 0 0 0 0 0 0 0 0 0 0 0 0 0 0 0 0 0 0 0 0 0 0 0 0 0 0 0 0 0 0 0 0 0 0 0 0 0 0 0 0 0 0 0 0 0 0 0 0 0 0 0 0 0 0 0 0 0 0 
7 11 11 11 10 10 7 6 8 10 17 11 9 10 10 11 6 9 7 2 15 12 9 12 13 9 12 15 9 7 9 7 14 8 12 12 12 9 6 1 12 12 16 3 10 10 9 11 9 5 8 9 9 8 9 9 15 7 16 10 16 8 8 10 11 13 11 7 8 7 15 8 14 12 8 2 14 6 12 7 11 10 8 15 9 12 16 11 14 9 11 12 14 12 11 8 5 9 12 15 12 6 9 12 15 3 5 12 10 7 12 12 10 12 7 10 5 7 12 20 8 15 8 12 4 9 2 9 5 12 8 8 9 10 5 9 10 7 10 7 9 2 6 11 7 8 6 11 5 11 9 8 7 8 4 8 8 8 10 13 12 14 8 14 7 16 12 4 10 12 11 6 14 9 10 14 11 14 7 10 9 16 12 10 4 1 8 11 12 14 6 14 5 13 7 11 11 10 9 6 
1 3 4 2 3 2 4 4 4 4 4 3 4 3 3 4 4 4 3 4 3 2 6 4 2 2 2 2 6 2 2 3 3 4 2 3 4 1 4 4 5 3 2 4 5 5 3 2 1 2 3 4 4 2 3 2 2 3 3 2 3 2 3 2 5 3 4 3 1 3 3 4 3 4 3 2 4 3 2 3 2 4 4 4 2 3 2 2 1 2 3 1 3 5 2 3 5 3 5 3 3 3 1 4 4 3 3 3 3 3 3 3 4 4 2 3 5 3 4 2 3 3 4 2 2 1 2 4 3 2 3 3 4 3 2 1 2 4 3 3 5 4 3 3 5 4 4 2 3 3 3 2 4 4 2 2 2 2 4 2 3 4 3 1 2 4 3 5 3 3 2 3 2 3 3 3 4 3 2 4 3 4 2 3 3 4 1 4 0 4 2 4 2 1 3 3 3 4 4 3 
4 2 4 1 7 5 6 6 4 8 5 5 3 2 5 2 3 4 5 5 5 6 4 7 8 3 5 8 6 3 6 1 7 4 6 7 7 4 7 5 3 7 2 6 4 8 5 4 5 6 4 5 7 6 4 3 3 4 7 6 7 5 3 6 5 4 8 5 4 4 6 5 1 4 6 1 6 5 7 5 8 5 8 5 5 5 7 4 3 5 6 8 7 3 4 2 6 3 9 6 3 7 4 4 7 3 5 3 5 6 4 3 7 6 4 3 6 5 2 3 5 6 6 5 5 4 4 4 5 3 3 6 5 7 4 8 5 4 6 6 2 3 3 2 7 3 3 5 4 5 5 4 6 4 5 4 6 5 6 4 9 2 1 3 3 3 5 7 5 4 6 6 5 6 6 8 4 7 5 7 6 6 5 8 7 8 8 3 4 2 2 2 6 6 7 4 4 5 7 2 
10 6 6 11 8 8 11 8 10 8 10 8 8 7 11 9 9 8 2 2 5 10 5 6 13 6 7 8 15 9 14 7 9 5 12 10 4 5 6 5 10 10 4 15 13 6 8 5 10 8 12 10 8 12 4 5 8 4 4 5 3 11 8 11 9 11 9 6 5 5 5 6 7 10 8 5 8 11 11 8 7 9 8 14 12 10 8 5 6 7 7 10 9 9 10 6 8 11 7 9 3 6 3 6 4 13 8 13 7 7 6 3 12 11 5 11 9 5 15 6 10 9 9 5 4 8 10 7 5 6 18 13 5 8 7 8 9 12 7 10 10 8 7 10 7 5 9 11 6 5 7 7 8 11 9 9 10 11 10 7 8 5 8 8 7 8 4 14 7 6 9 7 7 10 10 4 8 7 10 3 2 4 9 10 10 6 11 10 9 9 9 8 9 9 10 9 5 10 4 1 
10 5 4 9 10 5 2 10 7 8 10 5 4 8 5 9 8 6 10 8 4 1 8 4 7 6 5 9 7 11 9 7 6 5 9 6 7 11 7 13 5 10 6 9 5 5 9 6 9 9 6 9 9 8 2 9 5 6 5 4 12 3 7 9 9 8 3 7 6 6 3 7 6 5 5 7 8 9 8 8 8 7 8 10 8 10 10 7 7 10 4 10 11 7 8 4 5 4 10 8 8 9 11 11 6 7 6 4 9 7 2 6 6 2 11 6 5 6 8 3 7 5 8 9 8 9 14 7 5 6 5 5 9 10 6 15 5 6 6 6 10 5 10 7 8 4 11 2 7 5 4 10 9 9 5 5 4 7 8 12 11 11 7 4 7 8 10 8 10 10 5 6 8 9 9 5 7 9 6 7 2 7 6 8 7 10 9 7 6 8 8 8 5 6 9 6 9 5 7 3 
11 9 8 7 8 10 7 9 7 7 6 9 9 7 3 5 7 9 6 7 10 13 5 11 3 10 7 8 10 3 8 9 6 11 9 8 10 7 6 7 6 12 3 6 4 7 6 9 10 9 7 8 12 8 5 12 9 11 2 8 12 7 10 4 11 5 9 8 10 9 7 11 11 8 11 6 13 8 11 7 6 6 11 11 13 5 5 8 12 3 12 5 9 6 8 7 8 7 8 9 9 10 8 9 8 9 6 9 5 8 7 6 9 4 9 13 7 5 10 4 9 6 10 0 8 6 8 9 7 14 7 7 10 7 10 10 5 8 6 8 8 8 5 9 10 6 13 10 7 5 6 4 7 7 8 13 9 7 9 5 13 11 10 6 5 8 9 8 10 6 7 8 8 9 8 10 9 8 9 10 5 12 8 8 6 7 13 12 11 13 11 6 4 8 5 7 14 11 10 9 
2 2 2 2 2 1 2 2 1 2 1 2 3 1 3 2 3 2 3 2 3 2 2 1 3 2 2 3 2 2 2 2 3 1 2 2 2 3 1 2 3 1 2 3 3 3 2 2 3 1 2 2 3 2 3 3 2 1 2 2 2 2 3 2 2 2 2 2 3 4 3 3 1 1 1 2 2 2 2 1 3 1 2 2 2 2 2 3 2 3 2 2 1 2 2 3 3 2 1 1 2 3 2 3 3 2 2 1 2 2 2 2 1 2 2 2 3 2 2 2 1 2 3 3 2 2 2 3 2 2 2 3 3 1 3 2 1 1 2 1 2 1 2 2 2 2 1 2 2 2 2 2 1 3 3 2 2 2 3 2 1 3 2 1 1 2 2 1 2 2 3 1 3 1 3 2 3 1 2 1 2 3 2 2 1 2 1 0 2 2 1 2 3 2 2 2 4 2 3 1 
3 2 2 2 2 3 2 1 2 2 1 3 2 2 2 2 3 0 3 2 1 2 3 2 2 3 2 3 1 3 2 1 2 2 2 3 4 3 2 2 2 1 1 3 2 2 3 2 2 2 2 2 3 3 1 2 2 2 2 1 2 2 3 2 3 2 1 2 2 2 1 3 3 2 2 1 2 2 2 3 2 3 1 1 3 3 3 2 2 2 1 2 2 3 2 3 2 3 2 3 3 3 2 2 1 2 2 2 2 3 1 1 2 2 2 1 2 3 2 2 1 1 2 3 3 3 3 1 2 3 2 3 2 2 3 3 3 3 2 3 3 2 3 2 2 2 2 2 1 2 2 1 3 0 2 3 2 2 2 2 3 3 1 2 2 2 3 2 2 3 1 2 2 2 2 2 2 3 2 3 2 3 1 1 2 2 0 1 2 1 2 2 2 2 1 2 3 1 1 2 
3 8 9 9 6 5 12 8 8 10 12 10 9 8 3 9 7 5 8 6 10 11 7 4 9 3 7 12 8 8 9 3 5 9 9 14 11 5 8 8 13 9 5 7 10 6 4 12 11 14 8 7 6 13 5 7 11 9 6 10 10 8 13 8 7 8 13 5 3 5 8 10 10 7 5 8 8 5 6 7 7 2 4 3 9 6 7 8 5 4 9 4 2 10 10 8 8 11 10 8 5 7 9 6 12 12 9 11 9 6 4 9 11 9 11 4 10 10 5 4 11 10 5 3 10 6 7 8 9 11 10 9 10 12 9 5 4 2 12 5 8 11 10 11 11 3 4 6 10 2 7 4 7 5 7 11 5 6 2 8 5 4 5 11 5 9 10 12 9 5 8 6 8 10 8 12 1 2 11 7 10 5 6 13 5 9 12 6 9 10 4 3 7 9 7 14 10 8 10 7 
5 8 11 4 4 6 5 7 5 7 4 3 6 1 5 6 9 5 9 8 6 9 6 5 5 7 3 9 11 8 7 11 8 4 10 5 11 11 9 7 6 8 7 3 4 3 8 10 8 7 9 6 7 5 9 6 7 6 10 7 5 8 8 10 8 8 1 6 7 8 12 10 5 4 8 5 5 5 3 8 10 5 8 11 6 6 7 8 7 6 7 12 5 7 4 5 6 5 10 7 6 7 8 6 5 12 7 8 9 6 5 6 6 7 7 4 7 8 5 12 4 4 11 2 9 5 1 4 6 7 12 10 9 9 8 4 6 5 4 6 12 4 10 6 4 10 7 8 6 7 7 5 8 10 5 7 1 8 6 9 4 7 5 7 9 4 9 7 11 7 9 6 8 4 9 4 10 4 10 4 4 8 8 6 11 4 7 4 10 6 7 10 9 5 6 7 9 9 8 7 
8 8 7 6 3 10 13 5 9 5 9 7 11 4 11 13 4 9 12 6 13 9 9 6 10 10 13 6 9 11 6 4 9 9 12 14 14 9 5 9 11 12 6 9 7 11 10 9 8 10 4 10 14 4 11 8 7 10 10 5 6 13 8 10 11 7 12 8 8 9 11 10 10 8 7 7 3 9 9 8 8 13 7 8 6 6 3 8 6 12 9 5 13 9 9 9 10 9 8 13 10 18 20 11 10 9 11 9 7 10 7 14 14 13 6 6 11 13 16 4 7 10 9 10 7 13 8 16 11 2 7 4 8 11 14 8 7 8 4 10 4 7 6 8 4 10 7 11 13 6 10 14 13 10 10 0 1 5 7 10 15 9 2 4 4 7 10 12 10 7 12 8 8 15 11 12 9 5 6 5 5 11 8 8 10 10 8 6 7 11 10 7 9 2 4 7 7 13 5 11 
4 5 2 4 2 3 3 3 2 2 2 4 3 4 3 3 4 2 3 4 1 5 2 2 5 4 3 3 4 5 3 1 2 3 2 4 3 4 4 3 4 3 3 4 4 3 5 4 2 3 4 3 3 4 4 4 2 3 3 2 3 3 4 2 4 3 3 2 3 3 3 4 2 2 3 3 4 3 4 2 4 4 4 2 2 3 2 3 4 4 3 3 4 3 4 1 4 3 1 3 4 4 4 3 4 4 3 2 2 2 4 4 2 3 3 3 3 2 2 3 1 2 1 3 0 2 4 3 2 4 3 4 3 4 3 2 2 1 4 4 5 4 4 4 2 2 4 2 2 3 2 2 2 2 3 3 3 1 3 1 4 5 1 2 3 3 4 2 4 4 2 1 3 4 1 2 1 2 3 5 3 2 2 5 3 3 4 5 2 2 3 3 1 1 2 4 1 3 3 3 
8 7 7 7 7 7 7 12 5 8 6 5 10 9 5 9 6 3 10 8 9 8 11 5 7 10 5 8 6 4 10 8 7 5 5 3 7 6 5 9 7 6 4 6 9 10 5 11 5 8 9 7 4 9 8 5 4 7 8 6 5 9 8 8 3 9 6 0 10 8 8 8 7 8 4 5 5 10 10 6 6 6 9 8 6 3 5 11 6 7 4 6 5 7 5 4 1 6 10 6 5 4 5 5 9 3 4 1 3 9 8 7 7 6 7 10 4 8 3 11 5 10 6 8 8 9 10 5 7 7 5 5 5 7 6 10 7 7 7 5 6 6 7 6 6 8 8 7 8 8 5 9 5 11 6 11 2 10 7 5 8 8 4 6 6 11 8 9 12 9 4 4 5 6 6 7 6 9 4 9 7 6 5 9 9 6 9 9 9 8 9 7 9 7 9 7 9 8 6 7 
6 11 8 8 6 3 5 5 7 8 10 10 10 7 8 6 3 4 11 6 7 5 7 5 8 6 5 7 6 7 6 6 3 3 7 7 1 1 5 8 7 6 5 7 7 14 2 8 8 8 8 5 8 9 7 9 8 7 9 4 7 8 6 10 8 6 5 5 9 10 10 9 10 6 3 5 5 5 7 6 4 1 8 8 8 7 9 5 11 9 7 10 7 7 6 4 7 6 7 10 4 14 10 6 2 7 7 8 9 9 9 7 8 10 1 7 3 3 8 11 7 9 6 6 9 4 9 8 8 7 12 3 8 6 7 11 6 8 9 4 11 6 8 3 2 9 6 3 7 4 10 6 7 8 5 8 12 7 4 7 7 5 6 7 12 9 3 6 9 2 8 4 9 10 6 10 7 5 9 8 8 9 13 8 6 7 0 10 8 5 8 6 10 4 10 9 9 5 5 3 
4 4 7 3 6 7 7 6 6 4 9 8 9 3 4 6 6 3 6 5 5 3 7 5 6 6 4 12 6 8 7 5 5 11 8 8 7 6 4 8 7 8 6 6 7 6 8 8 5 5 3 5 6 5 3 7 8 5 7 8 6 5 5 5 8 6 4 6 4 6 7 4 5 7 5 4 4 8 6 5 6 4 5 2 4 7 8 8 9 9 4 7 7 8 6 5 7 6 5 7 8 3 7 6 7 8 6 10 5 8 5 6 6 5 8 5 6 3 8 4 6 6 5 7 6 5 5 1 6 5 5 5 7 6 6 7 5 7 7 6 7 7 5 11 6 4 5 8 7 5 4 7 5 5 7 7 6 8 7 5 6 6 6 7 5 9 5 8 7 7 7 4 6 6 6 6 5 9 4 7 6 5 6 8 4 7 6 6 10 7 6 10 8 7 5 4 5 9 7 2 
4 1 3 1 1 1 2 3 3 2 2 3 2 3 2 3 2 1 3 3 2 3 2 1 2 3 2 1 2 3 3 3 1 1 2 2 3 2 1 1 1 3 2 2 2 2 2 2 3 2 1 2 1 3 3 3 2 2 2 1 2 2 2 2 2 2 3 4 2 2 2 1 1 2 2 3 1 1 3 2 2 2 1 1 2 1 3 1 3 2 3 2 4 3 1 3 2 3 3 3 3 3 3 2 2 2 2 2 2 3 2 2 3 3 2 1 3 2 1 1 3 2 1 2 2 1 2 4 2 2 1 3 3 2 2 2 1 2 2 3 2 1 2 3 2 1 1 2 4 3 3 1 1 1 1 2 2 3 1 2 3 1 1 2 2 2 2 3 2 2 2 2 2 2 2 4 1 0 1 2 3 3 2 2 3 3 2 3 2 2 2 1 3 3 2 3 2 2 1 2 
5 4 1 2 2 5 6 3 5 4 4 3 5 5 4 3 3 2 6 6 5 5 3 3 4 5 0 2 7 2 3 3 5 5 5 4 4 3 3 3 3 3 6 5 3 4 4 2 2 3 4 7 2 5 4 4 3 6 5 3 3 6 4 4 3 5 4 5 3 4 5 4 5 3 3 5 4 5 3 4 6 5 5 3 3 5 4 3 7 1 3 4 5 5 7 3 2 4 3 4 4 3 6 5 3 5 4 5 4 7 6 5 5 2 6 5 4 3 4 3 4 4 7 6 5 6 5 5 5 5 5 3 3 6 1 5 6 4 6 4 4 4 3 5 5 6 4 6 4 3 4 3 7 4 5 4 5 4 5 4 2 2 6 3 1 2 1 5 4 5 5 3 5 4 6 2 4 5 3 4 3 4 2 3 6 2 2 8 2 4 4 4 7 2 5 5 5 2 3 3 
5 7 8 9 9 4 8 6 9 7 6 7 8 10 5 5 6 9 7 6 7 7 9 9 11 9 7 11 9 9 7 9 6 11 6 8 7 6 6 9 8 9 6 7 5 8 9 8 8 10 8 6 3 8 9 8 13 8 2 11 9 7 6 7 10 8 5 7 8 3 8 10 6 4 8 9 6 10 5 4 5 4 8 10 8 11 4 10 6 10 8 4 5 6 11 5 5 10 8 4 10 9 6 4 8 10 8 8 8 6 7 5 8 7 11 10 11 4 7 7 9 6 9 2 8 1 9 11 7 10 8 8 9 5 9 9 8 8 3 8 9 9 10 9 7 8 7 4 11 11 8 9 7 5 8 7 7 2 11 10 8 10 9 9 11 3 8 14 7 3 6 5 12 7 4 5 10 7 6 6 7 9 6 10 5 9 7 4 7 10 8 9 12 9 4 5 9 4 8 8 
1 1 1 1 1 1 1 1 1 1 1 1 1 1 1 1 1 1 1 1 1 1 1 1 1 1 1 1 1 1 1 1 1 1 2 1 1 1 2 1 1 1 1 2 1 1 1 2 1 1 1 1 1 1 1 1 1 1 1 1 1 1 1 1 1 1 2 1 1 1 1 1 1 1 1 1 1 1 1 1 1 2 1 1 1 1 1 1 2 1 1 1 1 1 1 2 1 1 1 1 1 1 1 1 1 1 1 1 1 1 1 2 1 1 1 1 0 0 2 1 2 1 1 1 1 2 1 1 1 1 1 1 1 1 1 1 2 1 1 1 1 1 1 1 1 1 0 1 1 0 1 1 1 1 1 1 1 1 1 1 1 1 1 1 1 1 1 1 1 1 1 1 1 1 1 1 2 1 1 1 1 1 1 1 1 1 1 0 1 1 1 1 1 1 2 1 1 1 1 1 
4 4 1 4 2 1 4 5 2 1 4 1 2 4 3 3 2 4 3 2 3 3 2 2 4 4 4 3 3 2 4 2 4 4 3 2 3 2 4 4 2 3 2 2 3 4 2 2 3 2 6 2 3 5 1 2 2 4 5 3 2 2 3 3 2 4 2 2 4 4 3 3 3 3 3 2 4 4 3 5 4 2 3 4 4 2 3 4 5 4 2 5 5 3 4 4 3 2 1 2 3 3 4 4 5 2 4 2 3 3 6 4 3 4 2 2 5 2 2 2 3 2 2 3 3 3 3 3 4 4 3 2 4 4 4 2 3 2 2 3 2 2 2 4 2 2 2 3 4 3 4 3 3 1 3 3 3 3 1 2 4 3 1 3 4 1 4 1 4 4 4 2 2 2 4 4 2 3 4 4 5 2 2 3 3 2 2 4 4 2 4 3 4 4 2 5 2 3 2 5 
1 1 2 1 1 1 1 1 1 0 1 1 1 1 1 1 0 1 1 0 1 1 1 1 1 1 1 1 1 1 0 1 2 1 1 1 1 1 0 1 1 0 1 1 1 1 1 0 1 1 1 1 1 1 1 1 2 1 1 1 1 1 1 1 1 1 1 1 1 1 1 1 1 2 1 1 0 1 1 1 1 1 1 1 1 1 1 0 1 2 1 1 1 1 0 1 1 1 1 1 0 1 1 1 1 1 1 1 1 1 1 1 1 1 1 1 1 1 1 2 1 1 0 1 1 1 1 1 1 1 0 2 1 1 1 1 1 1 2 1 1 1 1 1 1 1 1 1 1 0 1 1 1 1 1 1 1 1 1 2 1 1 1 0 1 1 0 1 1 1 1 2 1 1 1 1 1 1 1 1 1 1 1 1 2 1 1 1 1 1 1 2 1 2 1 1 1 1 1 1 
1 1 1 1 0 0 2 1 1 1 1 1 1 1 2 1 1 1 1 1 1 1 2 1 1 1 1 1 2 1 1 1 1 1 1 1 1 1 1 1 1 1 1 1 1 1 1 0 1 1 1 0 1 1 1 1 1 1 1 1 1 1 1 1 1 1 1 1 1 1 1 1 1 0 1 1 1 0 1 1 1 1 1 1 1 0 1 1 1 1 1 1 1 1 1 1 1 1 1 1 1 1 1 1 1 1 1 2 1 1 1 1 1 1 1 1 0 0 1 1 1 1 1 1 1 1 1 1 1 1 1 1 1 1 1 1 1 1 1 1 2 1 1 1 2 1 1 1 1 1 1 2 1 1 2 1 1 1 1 0 1 2 1 1 1 1 1 0 1 1 1 1 1 1 1 1 1 2 1 1 1 1 1 2 1 1 1 1 1 1 1 1 1 1 1 1 0 1 1 1 
3 4 3 6 2 4 7 3 4 3 5 1 2 7 4 4 4 3 4 5 3 4 3 3 3 3 5 2 6 4 3 4 5 1 2 4 6 5 2 4 3 5 1 4 2 5 2 4 2 5 5 4 3 5 3 3 2 5 4 6 5 7 1 4 3 2 4 4 6 5 1 5 5 1 4 4 3 3 3 4 4 2 7 5 7 5 4 6 3 8 2 2 3 5 3 5 3 4 0 5 3 5 4 4 3 4 7 4 3 4 3 6 3 2 3 5 4 6 6 4 4 2 3 4 3 3 4 3 4 4 5 4 1 3 5 4 5 3 3 3 3 6 3 3 6 1 2 4 2 4 3 3 4 5 6 6 3 2 4 0 3 3 4 7 4 3 5 4 1 2 4 4 6 5 6 4 5 5 3 6 5 4 5 2 6 2 7 5 5 3 4 4 4 6 3 4 6 3 6 4 
3 2 6 6 5 4 4 7 4 4 4 3 3 3 4 4 3 3 4 5 2 4 4 3 2 6 3 4 4 5 3 4 5 6 5 4 4 2 3 3 3 2 4 5 3 2 4 3 4 3 5 6 4 4 3 4 4 5 5 3 3 6 4 1 7 4 2 5 4 6 4 7 4 4 4 3 3 3 3 4 3 2 3 4 2 5 7 6 3 6 3 3 3 4 1 3 4 4 2 4 5 2 4 5 5 5 2 3 4 4 6 3 4 3 1 2 5 3 5 5 4 4 4 5 3 5 5 3 4 6 5 4 5 7 3 3 6 4 6 3 3 2 5 6 4 4 3 4 4 4 2 4 3 3 3 5 4 4 6 4 4 4 4 3 2 4 3 5 6 2 5 3 5 3 4 5 4 6 3 6 6 4 4 3 5 4 2 1 4 4 3 4 5 7 3 5 2 4 6 4 
15 11 12 6 14 9 10 13 7 7 9 8 12 6 11 5 13 10 10 10 12 9 13 9 15 16 6 11 1 8 12 9 15 11 13 7 8 21 13 6 8 4 9 13 10 8 14 10 3 11 10 7 11 12 15 11 15 13 8 4 11 7 11 7 10 14 9 7 14 7 13 7 11 13 9 10 8 12 9 11 4 7 8 7 16 11 8 8 7 11 10 8 7 7 12 14 12 9 3 3 14 8 7 8 13 15 13 5 10 6 0 16 10 11 5 13 10 11 10 11 10 10 8 9 10 11 9 9 11 7 7 12 13 9 6 13 10 14 13 7 8 11 15 14 13 14 13 6 10 6 11 11 12 11 8 14 7 16 8 8 8 10 11 4 13 13 5 14 10 12 11 10 7 7 10 12 5 8 12 10 5 8 14 10 8 5 7 10 10 12 14 14 7 6 12 10 11 8 7 1 
1 1 1 1 1 1 1 1 1 1 1 1 1 1 1 1 1 1 1 1 0 1 1 1 1 1 1 1 1 1 1 1 1 1 1 1 1 1 1 0 1 1 1 1 1 0 2 1 1 1 1 1 1 1 1 1 1 1 1 1 1 2 1 1 1 1 1 1 1 1 1 1 1 1 0 1 1 0 1 1 1 1 1 1 1 1 1 1 1 2 1 1 1 1 1 1 1 1 1 1 1 1 1 0 1 1 1 1 1 1 0 1 1 1 2 1 1 1 1 1 1 1 1 1 1 1 1 1 1 1 1 0 1 1 1 1 1 1 1 2 1 1 1 1 1 1 1 1 1 1 1 1 1 1 2 1 1 1 1 1 1 1 1 1 1 0 1 1 1 1 1 0 1 1 0 1 2 1 1 1 1 1 1 1 1 1 1 1 1 1 1 1 1 2 1 1 1 2 1 1 
3 5 5 4 5 7 4 3 3 5 7 7 5 3 4 5 9 4 4 8 2 4 3 4 6 5 6 5 7 4 4 6 5 4 4 3 3 4 3 4 6 3 6 3 5 4 6 5 6 4 5 4 6 7 4 4 4 6 7 6 5 5 4 4 7 4 4 5 5 4 4 6 4 7 7 7 3 5 6 6 7 6 5 3 7 8 6 8 5 5 7 5 4 5 3 7 7 5 6 6 5 9 6 8 5 4 8 8 5 2 2 4 9 4 6 5 7 5 4 2 4 5 7 5 5 5 3 3 6 6 5 4 6 7 7 4 3 8 5 4 5 5 8 5 6 7 6 6 4 6 5 7 4 4 5 5 4 4 3 3 5 4 5 5 3 1 4 5 8 2 5 0 3 6 9 6 6 9 5 7 4 5 2 5 3 5 1 6 6 5 8 8 4 5 8 1 4 5 5 7 
4 7 12 5 10 9 8 10 9 8 5 3 6 10 9 11 4 4 4 7 7 4 6 6 6 6 9 2 9 6 8 2 4 10 5 6 5 8 5 2 3 5 9 6 11 2 8 9 10 9 5 4 6 7 8 9 5 7 8 8 5 9 10 7 9 6 11 9 5 4 6 8 9 9 10 7 4 8 10 7 9 4 6 3 6 10 8 4 4 8 5 1 6 4 8 7 5 6 8 7 9 4 8 7 6 7 8 6 9 7 6 9 7 3 4 7 4 10 7 6 7 9 10 6 5 8 8 8 6 6 8 8 6 10 11 8 10 7 7 7 7 9 6 7 8 7 7 11 7 8 6 7 9 5 12 11 8 4 4 8 6 7 6 12 11 9 8 9 6 6 6 8 10 4 8 9 5 2 9 10 5 5 7 5 9 4 8 8 7 9 9 5 8 6 3 7 6 6 7 7 
2 2 2 3 3 1 2 2 3 1 2 2 2 1 2 2 2 2 2 2 3 1 1 2 2 2 2 2 2 2 1 2 2 2 3 1 2 1 2 2 2 2 3 2 3 2 3 2 3 2 1 2 2 1 2 2 3 2 3 1 2 3 2 4 1 2 1 3 2 2 1 2 1 3 3 2 1 2 2 2 3 4 2 3 2 3 3 3 2 2 2 2 2 2 2 1 1 3 3 2 2 2 2 3 1 1 3 1 1 2 2 3 2 2 2 2 1 2 2 2 1 1 1 3 3 2 2 2 2 2 2 2 1 3 2 2 2 2 2 2 2 2 3 3 2 2 0 2 2 2 2 3 3 2 0 1 0 2 2 2 2 2 2 1 3 3 1 1 2 2 1 2 2 2 3 1 3 0 1 2 2 2 2 3 1 1 2 3 2 2 2 2 2 2 2 3 2 2 2 3 
4 4 3 1 5 3 2 4 3 3 2 3 3 3 2 2 2 3 3 3 2 2 4 5 4 5 3 3 4 4 3 3 3 4 3 2 3 4 3 1 1 2 3 1 4 2 1 4 3 4 3 3 4 3 1 3 3 3 2 3 3 2 4 4 3 4 3 3 2 3 4 3 3 2 3 2 3 4 4 1 3 2 1 1 3 3 3 3 2 4 3 3 3 3 3 4 3 4 3 3 3 4 3 2 3 4 1 4 2 2 2 4 3 2 2 5 3 2 2 1 2 5 3 5 4 2 4 6 2 3 2 2 3 2 3 3 3 5 2 2 2 3 3 4 4 3 3 4 3 4 4 3 2 2 3 3 2 2 3 3 2 1 3 3 4 3 2 3 0 4 3 2 3 2 4 3 2 2 3 3 2 4 4 1 3 3 5 2 3 1 1 2 4 2 2 4 4 3 2 3 
5 6 6 4 8 3 6 4 4 5 3 4 5 5 4 6 5 5 5 5 4 5 4 4 3 4 5 5 2 3 5 5 7 4 5 5 3 7 6 3 7 6 3 3 6 8 4 4 8 7 5 4 3 2 3 5 6 5 5 0 5 6 8 6 6 3 6 5 7 5 5 6 4 7 5 1 6 6 3 5 7 4 1 2 5 4 3 6 4 5 4 3 6 5 4 4 4 5 5 6 5 2 7 6 7 4 6 7 6 5 7 8 5 7 6 6 2 8 4 6 2 6 6 4 4 5 4 3 5 2 3 6 2 1 7 3 7 6 4 4 2 5 4 8 3 5 5 3 5 0 8 6 5 4 4 5 6 3 4 7 2 4 5 4 3 6 2 4 5 7 5 5 7 7 8 7 8 4 4 5 8 5 6 6 4 4 7 2 4 3 4 3 5 5 6 4 5 4 5 7 
6 3 5 6 2 3 5 6 6 6 4 3 6 3 7 3 6 4 5 4 3 7 7 6 4 7 1 7 7 3 6 7 6 3 9 4 5 4 7 6 7 7 4 5 3 4 5 4 6 5 4 2 5 7 2 3 5 8 5 4 6 7 6 4 7 5 5 5 8 3 6 5 4 1 4 1 8 4 8 7 1 6 6 4 7 5 5 7 3 3 4 3 6 5 4 4 6 5 5 7 5 7 6 5 7 6 7 5 4 4 4 2 4 3 6 4 8 8 5 4 3 5 7 4 5 2 6 3 1 5 2 5 6 7 7 3 6 4 4 5 2 5 5 4 5 4 1 8 6 4 6 4 4 5 7 6 3 4 4 5 5 7 4 3 5 6 4 6 4 7 4 6 3 4 5 5 5 7 6 4 7 5 5 6 8 8 5 3 4 9 7 5 3 6 8 4 5 5 4 6 
4 5 4 5 4 4 5 4 6 3 6 4 3 3 3 3 3 3 5 5 5 6 5 4 6 3 4 3 5 4 4 3 3 4 2 3 6 2 3 4 5 6 3 2 2 6 0 7 5 4 5 4 5 2 5 8 4 3 2 3 5 4 3 6 2 4 5 2 5 4 2 4 5 5 5 4 4 4 3 5 3 4 5 4 4 3 3 6 5 3 4 4 2 3 4 5 4 3 3 5 4 5 5 4 4 5 3 2 4 4 6 4 6 3 5 4 2 4 5 5 2 3 1 4 4 3 3 5 4 3 5 5 2 3 2 5 3 7 4 5 3 3 5 6 7 3 3 3 5 5 4 6 2 5 5 3 3 4 4 5 5 5 5 4 3 5 4 2 3 1 5 5 3 3 3 2 4 6 5 1 3 6 3 3 4 5 1 5 5 0 4 1 2 2 5 3 2 3 6 4 
10 7 12 13 5 10 9 11 13 10 11 9 5 8 10 10 12 9 13 8 11 12 6 2 10 11 7 9 13 5 5 11 11 5 14 7 9 5 7 10 10 14 13 0 6 12 11 12 8 9 4 5 10 14 8 7 9 12 10 9 13 12 9 8 11 10 12 12 8 14 10 8 10 8 2 8 8 8 11 6 12 8 10 14 15 10 15 8 10 10 9 7 6 7 6 11 14 13 7 5 11 12 11 8 11 11 5 11 10 8 9 10 3 13 10 7 8 10 9 3 5 8 11 7 8 2 5 8 8 17 9 14 7 9 9 5 12 7 12 11 12 8 8 11 3 5 10 5 13 8 10 11 5 9 5 13 9 13 7 10 12 12 10 14 12 5 15 8 9 13 8 4 6 6 4 9 2 10 8 12 6 12 6 8 3 5 6 12 8 9 14 12 9 11 10 11 12 12 8 13 
2 3 1 2 4 1 2 2 2 3 1 1 0 2 2 2 3 2 1 2 3 2 3 2 2 1 1 2 2 3 2 0 1 2 2 3 1 3 2 2 2 1 2 2 2 3 1 2 2 1 2 2 2 3 1 2 2 1 1 2 2 2 3 2 3 2 1 1 2 2 2 2 3 1 2 2 2 2 2 2 2 2 2 1 2 1 4 1 1 1 2 2 1 2 2 0 2 2 2 3 3 2 2 3 2 3 2 3 2 3 1 2 2 2 2 2 1 2 2 2 2 2 2 2 2 2 2 2 3 1 3 3 2 2 2 3 3 2 1 2 2 2 2 1 3 2 2 3 2 2 1 1 1 2 2 3 3 2 2 1 1 1 1 2 1 4 1 1 2 1 1 2 2 2 2 2 2 2 1 3 2 2 2 1 4 2 2 2 1 3 2 1 2 1 3 3 1 3 1 2 
9 10 0 7 5 7 9 9 8 8 5 2 9 5 7 6 8 9 7 10 8 6 13 9 5 6 6 7 8 9 9 9 10 6 11 8 6 8 4 6 6 5 9 5 3 4 3 8 7 3 11 6 12 8 8 3 8 7 8 7 5 7 8 7 8 2 8 10 8 8 7 6 5 5 6 4 6 2 10 10 8 10 7 10 2 6 6 8 6 10 9 9 7 8 7 5 6 9 7 3 6 7 9 5 4 10 12 8 7 5 8 11 13 5 3 7 6 6 5 9 4 6 8 14 6 7 6 5 6 8 3 7 8 12 6 7 10 6 7 9 5 7 8 6 8 4 3 11 4 10 4 8 8 12 7 6 9 3 5 8 6 9 8 13 8 7 2 8 4 9 8 5 7 7 9 9 4 6 5 7 5 5 0 6 9 11 4 7 4 9 7 6 4 7 8 8 6 8 7 5 
4 3 3 0 1 2 4 4 3 3 2 3 3 2 3 4 4 2 3 4 4 3 3 4 3 4 4 4 3 2 3 2 3 5 3 3 3 4 3 4 4 2 4 2 3 5 2 4 4 3 3 4 4 3 3 2 3 5 3 4 4 5 2 2 4 3 3 5 1 4 2 3 4 2 1 5 3 2 4 2 3 4 5 4 3 3 4 3 3 4 3 4 3 4 2 3 4 3 3 3 4 2 4 2 2 3 3 1 2 3 3 0 4 3 3 6 3 0 3 2 4 2 4 2 4 3 3 2 3 3 3 2 4 3 4 4 2 2 2 3 3 3 3 2 2 4 3 3 1 3 2 2 4 2 4 1 4 2 4 2 3 3 3 3 3 3 2 3 2 3 1 4 3 4 3 1 3 4 3 4 3 3 5 4 4 3 3 2 2 3 2 2 3 3 2 4 2 4 6 2 
1 1 1 1 1 1 0 0 1 1 1 1 1 1 1 2 1 2 1 1 1 1 1 1 1 1 1 1 2 1 1 0 0 1 1 1 1 1 1 1 1 1 1 1 2 2 1 1 1 1 1 2 1 1 0 1 1 1 1 1 1 1 1 2 1 1 1 1 2 1 1 1 1 1 2 1 1 1 1 1 1 0 1 1 1 0 1 1 1 1 1 0 1 1 1 1 1 1 2 1 1 0 1 1 1 2 0 1 0 0 1 0 1 1 1 1 1 1 1 1 1 1 0 1 1 0 0 2 0 1 1 0 2 1 0 1 0 0 1 1 0 1 1 1 0 1 1 1 1 1 1 1 1 1 2 1 1 1 1 1 1 2 1 1 1 0 1 1 1 1 1 1 1 1 1 1 1 1 1 1 1 1 2 1 1 1 1 1 1 1 1 1 1 1 1 1 1 1 1 1 
9 6 11 7 9 10 6 3 9 7 8 9 10 7 7 7 7 13 7 7 14 6 7 7 12 8 3 7 6 7 3 8 7 7 12 7 6 7 6 11 11 11 8 2 7 10 9 9 4 9 10 7 2 11 11 5 15 14 8 6 7 7 4 8 10 7 9 11 7 12 7 7 13 7 9 11 5 7 7 12 7 8 6 14 6 4 5 10 9 15 4 9 4 4 9 2 9 6 9 8 5 1 11 7 7 12 12 11 9 7 8 9 2 8 5 6 9 2 6 8 8 7 10 8 10 10 5 5 12 10 10 7 4 11 9 11 9 9 12 8 6 5 5 9 12 5 5 7 5 9 6 7 11 9 10 5 9 5 12 9 7 8 11 8 10 11 12 5 12 8 9 9 4 8 11 7 9 7 9 7 11 8 10 10 6 7 5 11 11 8 10 10 8 6 13 8 9 11 5 4 
DEPOT_SECTION
 1
 -1
EOF
