NAME  : Jabali_40_4_0.85_1_2
TYPE : SVRP
MODEL : FINITE_SUPPORT
NUMBER_OF_SCENARIOS : 200
DIMENSION : 40
EDGE_WEIGHT_TYPE : MATRIX
CAPACITY : 68
N_VEHICLES : 4
NODE_COORD_SECTION
1 3698 4714
2 4774 3486
3 5205 7344
4 27 2926
5 5395 4780
6 4173 6132
7 1856 4634
8 4277 1864
9 2774 5781
10 4239 3839
11 4216 1314
12 2944 2626
13 4020 7308
14 5380 2990
15 3428 7118
16 4748 2688
17 3474 4973
18 3114 2645
19 1894 383
20 3529 9068
21 5302 5633
22 4888 7590
23 1151 4226
24 6976 3707
25 1529 6668
26 1032 3408
27 229 2704
28 4618 2111
29 2614 18
30 4771 5041
31 5592 7228
32 4729 4782
33 5834 5383
34 6786 5386
35 4187 5532
36 3528 4058
37 1036 7006
38 6155 7046
39 4541 7712
40 2713 678
DEMAND_SECTION
1 0.0
2 9.0
3 7.0
4 6.0
5 7.0
6 3.0
7 6.0
8 2.0
9 6.0
10 4.0
11 1.0
12 10.0
13 9.0
14 7.0
15 3.0
16 3.0
17 3.0
18 6.0
19 6.0
20 9.0
21 9.0
22 4.0
23 7.0
24 2.0
25 7.0
26 1.0
27 7.0
28 6.0
29 9.0
30 7.0
31 4.0
32 9.0
33 9.0
34 3.0
35 4.0
36 9.0
37 10.0
38 6.0
39 7.0
40 6.0
DEVIATION_SECTION
1 0.0
2 3.0
3 2.33333
4 2.0
5 2.33333
6 1.0
7 2.0
8 0.666667
9 2.0
10 1.33333
11 0.333333
12 3.33333
13 3.0
14 2.33333
15 1.0
16 1.0
17 1.0
18 2.0
19 2.0
20 3.0
21 3.0
22 1.33333
23 2.33333
24 0.666667
25 2.33333
26 0.333333
27 2.33333
28 2.0
29 3.0
30 2.33333
31 1.33333
32 3.0
33 3.0
34 1.0
35 1.33333
36 3.0
37 3.33333
38 2.0
39 2.33333
40 2.0
DISTANCE_MATRIX
0.0 22.0907 41.9516 55.0099 22.4722 19.4722 23.6008 39.9249 18.2483 14.0357 46.5188 30.0 35.3684 32.3883 35.2283 31.257 4.0 29.8329 64.0703 60.4164 25.1948 40.7309 33.6749 46.2277 40.526 41.6445 54.6182 37.3631 65.7951 14.8661 46.2762 13.8924 29.1204 41.7852 13.0 9.21954 48.1406 45.667 40.6619 57.3149 
22.0907 0.0 51.579 63.9318 19.7231 36.4005 41.6773 22.6716 40.3113 8.544 29.7321 26.3059 52.5547 10.4403 51.324 10.8167 26.0768 25.1794 56.7539 77.6209 30.3196 57.0735 50.0915 30.4138 62.2812 51.4652 61.6962 18.4391 55.0364 20.8087 49.7205 18.0278 29.5296 37.6563 28.7924 18.3576 69.6809 50.6063 57.0735 47.1699 
41.9516 51.579 0.0 91.9512 33.1059 22.4819 61.1834 74.2496 43.9435 52.8785 81.3111 71.907 15.0 57.3915 22.3607 62.1567 40.4878 71.6902 106.006 32.0624 25.2594 5.09902 70.5392 54.1479 47.874 80.698 92.3844 69.9285 107.523 32.479 5.0 34.9641 26.4764 33.541 29.8568 51.0984 53.8516 12.7279 9.48683 99.0575 
55.0099 63.9318 91.9512 0.0 80.0217 71.584 32.7567 56.8507 60.7648 60.139 57.9828 38.3121 77.1013 70.241 69.3051 61.6548 53.0744 39.4872 43.0465 92.5905 79.0344 88.7863 21.8403 95.7948 52.0096 19.9249 3.16228 59.5606 52.0865 69.612 96.2757 73.4355 83.5364 100.101 65.6704 55.5517 54.4518 103.983 85.9233 46.8722 
22.4722 19.7231 33.1059 80.0217 0.0 24.3311 46.0435 42.2019 37.2022 20.0998 49.2037 43.4166 39.0512 24.4131 40.4475 29.8329 24.8395 42.5793 75.8947 63.3248 11.8489 37.3625 56.1437 26.0 58.6686 66.1045 79.248 37.6431 74.686 8.60233 31.0644 8.60233 9.84886 20.2237 18.3848 26.6833 66.242 31.1448 40.6547 66.7083 
19.4722 36.4005 22.4819 71.584 24.3311 0.0 40.1476 57.4543 25.5021 30.5287 64.3506 49.4276 16.1555 45.1221 16.1245 47.0106 18.0083 49.2107 83.5268 41.2311 19.0 21.2611 50.2489 50.0 46.3978 58.2185 71.1922 54.1202 85.0437 17.0294 26.8064 19.2354 24.0711 37.0 7.61577 28.6189 46.6994 34.5138 21.2611 76.578 
23.6008 41.6773 61.1834 32.7567 46.0435 40.1476 0.0 51.3278 29.997 33.2866 56.0089 32.3883 46.3335 51.8845 38.5373 47.4577 22.2047 33.2415 62.1936 61.989 48.0664 58.0185 11.0454 69.3109 26.5707 19.9752 32.573 50.8982 65.9982 38.2284 65.5079 37.4433 52.3188 65.1317 34.234 23.3238 32.5576 73.2153 55.1555 57.8383 
39.9249 22.6716 74.2496 56.8507 42.2019 57.4543 51.3278 0.0 56.344 26.9258 7.07107 21.0238 73.4459 20.6155 75.1178 12.53 43.6578 19.6977 38.0132 98.4938 52.9902 78.5593 52.2015 44.0114 76.1643 52.9016 53.9073 5.09902 33.9559 43.1856 72.3911 40.3609 51.8652 58.3095 49.93 32.0156 83.0241 73.2462 78.5593 27.074 
18.2483 40.3113 43.9435 60.7648 37.2022 25.5021 29.997 56.344 0.0 32.0624 62.526 43.2429 29.0936 50.636 21.2974 49.0102 14.3178 43.3483 93.0431 46.6905 35.5032 40.7786 39.3528 62.7694 22.2811 49.7024 61.198 54.4518 95.3507 28.6007 48.268 29.1548 40.4953 53.4968 19.8494 24.3402 29.8958 55.9754 37.9156 87.1908 
14.0357 8.544 52.8785 60.139 20.0998 30.5287 33.2866 26.9258 32.0624 0.0 33.8378 23.3452 46.532 18.9737 48.9597 17.2627 18.0278 22.561 56.4624 71.5799 28.4008 51.6577 43.106 37.2022 53.7944 46.2217 59.3652 23.7697 56.3028 17.4929 47.8017 14.7648 29.6142 40.0125 23.0217 10.0 61.1942 48.873 51.6577 48.0208 
46.5188 29.7321 81.3111 57.9828 49.2037 64.3506 56.0089 7.07107 62.526 33.8378 0.0 24.3311 80.3104 26.9258 81.6056 19.4165 50.1597 23.1948 33.541 105.358 60.0517 85.4954 55.9017 49.366 81.6149 56.3023 54.9181 11.6619 28.1603 50.2494 79.4526 47.4236 58.8218 64.8845 56.8595 38.2753 88.278 80.2808 85.4954 22.2036 
30.0 26.3059 71.907 38.3121 43.4166 49.4276 32.3883 21.0238 43.2429 23.3452 24.3311 0.0 65.3238 32.2025 62.723 23.8537 32.5576 1.41421 34.1321 88.1175 51.3356 70.6863 31.5753 55.9732 58.7544 32.0443 35.3907 22.8035 36.1248 40.1622 70.7365 37.6431 52.9528 63.0714 42.72 20.8087 64.9384 71.8078 70.6173 27.6586 
35.3684 52.5547 15.0 77.1013 39.0512 16.1555 46.3335 73.4459 29.0936 46.532 80.3104 65.3238 0.0 61.131 8.06226 63.1585 33.9046 65.107 104.472 25.0799 32.0666 11.7047 55.6893 63.6395 33.2415 66.0388 77.5345 70.214 100.94 32.7567 19.8494 35.171 35.7524 45.6946 23.7697 44.5152 38.9487 27.6586 9.0 92.4743 
32.3883 10.4403 57.3915 70.241 24.4131 45.1221 51.8845 20.6155 50.636 18.9737 26.9258 32.2025 61.131 0.0 60.531 9.05539 36.3456 30.8707 58.1378 86.0233 36.1321 61.6457 58.2104 24.3311 72.7184 59.1582 67.3196 15.5242 54.5711 28.4605 55.4707 25.9615 33.2415 38.0132 37.6563 28.6356 80.1182 55.2268 65.1928 47.5184 
35.2283 51.324 22.3607 69.3051 40.4475 16.1245 38.5373 75.1178 21.2974 48.9597 81.6056 62.723 8.06226 60.531 0.0 66.1915 31.4623 62.8284 96.6759 28.4253 34.573 19.6469 47.8931 65.9697 25.5373 58.2426 69.7383 72.5693 98.8359 33.0151 26.9258 35.0143 39.6441 51.602 23.0217 43.4176 31.6228 34.6699 17.0294 90.3625 
31.257 10.8167 62.1567 61.6548 29.8329 47.0106 47.4577 12.53 49.0102 17.2627 19.4165 23.8537 63.1585 9.05539 66.1915 0.0 35.2278 22.4722 49.2544 88.2383 40.8973 67.8114 51.3317 33.3766 70.2567 52.6982 58.7334 7.81025 46.1736 31.6228 60.2982 28.8444 39.4081 45.8803 39.3954 25.1794 77.5242 60.959 67.8114 38.833 
4.0 26.0768 40.4878 53.0744 24.8395 18.0083 22.2047 43.6578 14.3178 18.0278 50.1597 32.5576 33.9046 36.3456 31.4623 35.2278 0.0 32.5269 66.5214 56.8568 26.0416 39.267 32.3059 49.4065 36.5983 39.7089 52.6826 41.2311 68.593 16.6433 44.8123 16.2788 30.4631 43.382 12.0416 12.2066 44.213 46.5138 39.198 60.1082 
29.8329 25.1794 71.6902 39.4872 42.5793 49.2107 33.2415 19.6977 43.3483 22.561 23.1948 1.41421 65.107 30.8707 62.8284 22.4722 32.5269 0.0 34.4819 88.2228 50.7032 70.4695 32.7567 54.7083 59.5609 33.2857 36.5658 21.4009 36.0694 39.5601 70.1041 37.0 52.1728 62.1289 42.4382 20.6155 65.7647 71.1754 70.4005 27.5862 
64.0703 56.7539 106.006 43.0465 75.8947 83.5268 62.1936 38.0132 93.0431 56.4624 33.541 34.1321 104.472 58.1378 96.6759 49.2544 66.5214 34.4819 0.0 122.07 84.8553 104.786 54.1295 82.0 86.5765 42.5441 40.1123 43.0 10.2956 73.8241 104.256 71.1758 85.703 94.3663 76.8505 54.9181 91.236 105.328 104.717 11.4018 
60.4164 77.6209 32.0624 92.5905 63.3248 41.2311 61.989 98.4938 46.6905 71.5799 105.358 88.1175 25.0799 86.0233 28.4253 88.2383 56.8568 88.2228 122.07 0.0 55.6004 27.0185 71.3442 86.0233 42.45 81.6944 93.1504 95.2733 124.23 57.5674 36.3456 60.0833 58.0775 65.4905 48.8467 68.8121 44.1814 42.45 23.0217 115.757 
25.1948 30.3196 25.2594 79.0344 11.8489 19.0 48.0664 52.9902 35.5032 28.4008 60.0517 51.3356 32.0666 36.1321 34.573 40.8973 26.0416 50.7032 84.8553 55.6004 0.0 29.5136 58.1677 35.541 56.399 73.0807 78.6426 48.669 84.4924 11.2195 23.4009 13.7047 9.07107 22.0 15.6015 32.1496 63.9525 24.4722 32.8058 76.3034 
40.7309 57.0735 5.09902 88.7863 37.3625 21.2611 58.0185 78.5593 40.7786 51.6577 85.4954 70.6863 11.7047 61.6457 19.6469 67.8114 39.267 70.4695 104.786 27.0185 29.5136 0.0 67.3743 59.0762 44.9444 79.4772 89.2195 75.083 106.302 36.7332 9.84886 39.3028 31.257 38.6394 28.636 49.8776 50.5371 17.2047 4.47214 97.8367 
33.6749 50.0915 70.5392 21.8403 56.1437 50.2489 11.0454 52.2015 39.3528 43.106 55.9017 31.5753 55.6893 58.2104 47.8931 51.3317 32.3059 32.7567 54.1295 71.3442 58.1677 67.3743 0.0 79.2205 32.8024 12.1655 21.9317 52.9245 60.7289 48.2769 74.8637 47.5522 62.2013 75.113 44.3353 33.1366 37.1214 82.5711 64.5113 53.3667 
46.2277 30.4138 54.1479 95.7948 26.0 50.0 69.3109 44.0114 62.7694 37.2022 49.366 55.9732 63.6395 24.3311 65.9697 33.3766 49.4065 54.7083 82.0 86.0233 35.541 59.0762 79.2205 0.0 84.534 81.8776 91.2561 39.0 77.5242 34.4384 50.4876 33.6155 28.0179 23.2594 44.3847 46.8615 92.1303 46.8402 63.0079 71.0634 
40.526 62.2812 47.874 52.0096 58.6686 46.3978 26.5707 76.1643 22.2811 53.7944 81.6149 58.7544 33.2415 72.7184 25.5373 70.2567 36.5983 59.5609 86.5765 42.45 56.399 44.9444 32.8024 84.534 0.0 44.3581 53.1507 75.0 92.5647 50.1199 52.4604 50.9902 61.47 74.399 40.8236 45.0999 7.61577 60.2153 41.7612 84.4048 
41.6445 51.4652 80.698 19.9249 66.1045 58.2185 19.9752 52.9016 49.7024 46.2217 56.3023 32.0443 66.0388 59.1582 58.2426 52.6982 39.7089 33.2857 42.5441 81.6944 73.0807 79.4772 12.1655 81.8776 44.3581 0.0 18.2483 53.9367 48.7032 61.8612 85.0225 59.5183 75.2781 86.1834 50.817 41.6345 49.0362 93.5529 74.8608 41.2311 
54.6182 61.6962 92.3844 3.16228 79.248 71.1922 32.573 53.9073 61.198 59.3652 54.9181 35.3907 77.5345 67.3196 69.7383 58.7334 52.6826 36.5658 40.1123 93.1504 78.6426 89.2195 21.9317 91.2561 53.1507 18.2483 0.0 56.6392 49.0408 75.0047 96.709 72.6618 88.4216 99.3269 65.2786 54.778 55.9732 99.1148 86.3565 43.7379 
37.3631 18.4391 69.9285 59.5606 37.6431 54.1202 50.8982 5.09902 54.4518 23.7697 11.6619 22.8035 70.214 15.5242 72.5693 7.81025 41.2311 21.4009 43.0 95.2733 48.669 75.083 52.9245 39.0 75.0 53.9367 56.6392 0.0 39.0512 39.2046 68.07 36.4005 47.2017 53.3104 46.5296 30.1496 82.0549 68.7677 75.083 32.1403 
65.7951 55.0364 107.523 52.0865 74.686 85.0437 65.9982 33.9559 95.3507 56.3028 28.1603 36.1248 100.94 54.5711 98.8359 46.1736 68.593 36.0694 10.2956 124.23 84.4924 106.302 60.7289 77.5242 92.5647 48.7032 49.0408 39.0512 0.0 73.7835 103.893 71.0211 84.5281 92.0272 78.1025 56.5862 97.6618 104.965 106.233 8.48528 
14.8661 20.8087 32.479 69.612 8.60233 17.0294 38.2284 43.1856 28.6007 17.4929 50.2494 40.1622 32.7567 28.4605 33.0151 31.6228 16.6433 39.5601 73.8241 57.5674 11.2195 36.7332 48.2769 34.4384 50.1199 61.8612 75.0047 39.2046 73.7835 0.0 30.6205 2.82843 14.3178 26.9258 10.198 21.0238 57.7062 31.6917 36.7332 65.5134 
46.2762 49.7205 5.0 96.2757 31.0644 26.8064 65.5079 72.3911 48.268 47.8017 79.4526 70.7365 19.8494 55.4707 26.9258 60.2982 44.8123 70.1041 104.256 36.3456 23.4009 9.84886 74.8637 50.4876 52.4604 85.0225 96.709 68.07 103.893 30.6205 0.0 33.1056 23.4094 29.1548 34.1813 51.5506 58.5235 7.81025 14.3178 95.7044 
13.8924 18.0278 34.9641 73.4355 8.60233 19.2354 37.4433 40.3609 29.1548 14.7648 47.4236 37.6431 35.171 25.9615 35.0143 28.8444 16.2788 37.0 71.1758 60.0833 13.7047 39.3028 47.5522 33.6155 50.9902 59.5183 72.6618 36.4005 71.0211 2.82843 33.1056 0.0 16.0312 28.1603 12.0 19.0263 58.6003 34.1769 39.3028 62.7694 
29.1204 29.5296 26.4764 83.5364 9.84886 24.0711 52.3188 51.8652 40.4953 29.6142 58.8218 52.9528 35.7524 33.2415 39.6441 39.4081 30.4631 52.1728 85.703 58.0775 9.07107 31.257 62.2013 28.0179 61.47 75.2781 88.4216 47.2017 84.5281 14.3178 23.4094 16.0312 0.0 13.0384 20.6155 35.0571 69.0235 22.0227 35.0571 76.5572 
41.7852 37.6563 33.541 100.101 20.2237 37.0 65.1317 58.3095 53.4968 40.0125 64.8845 63.0714 45.6946 38.0132 51.602 45.8803 43.382 62.1289 94.3663 65.4905 22.0 38.6394 75.113 23.2594 74.399 86.1834 99.3269 53.3104 92.0272 26.9258 29.1548 28.1603 13.0384 0.0 33.6006 46.8722 81.9525 24.1868 42.9535 84.4808 
13.0 28.7924 29.8568 65.6704 18.3848 7.61577 34.234 49.93 19.8494 23.0217 56.8595 42.72 23.7697 37.6563 23.0217 39.3954 12.0416 42.4382 76.8505 48.8467 15.6015 28.636 44.3353 44.3847 40.8236 50.817 65.2786 46.5296 78.1025 10.198 34.1813 12.0 20.6155 33.6006 0.0 21.9545 48.3772 36.0737 28.636 69.6563 
9.21954 18.3576 51.0984 55.5517 26.6833 28.6189 23.3238 32.0156 24.3402 10.0 38.2753 20.8087 44.5152 28.6356 43.4176 25.1794 12.2066 20.6155 54.9181 68.8121 32.1496 49.8776 33.1366 46.8615 45.0999 41.6345 54.778 30.1496 56.5862 21.0238 51.5506 19.0263 35.0571 46.8722 21.9545 0.0 52.345 52.6218 49.8087 48.1041 
48.1406 69.6809 53.8516 54.4518 66.242 46.6994 32.5576 83.0241 29.8958 61.1942 88.278 64.9384 38.9487 80.1182 31.6228 77.5242 44.213 65.7647 91.236 44.1814 63.9525 50.5371 37.1214 92.1303 7.61577 49.0362 55.9732 82.0549 97.6618 57.7062 58.5235 58.6003 69.0235 81.9525 48.3772 52.345 0.0 66.2873 47.0106 90.1177 
45.667 50.6063 12.7279 103.983 31.1448 34.5138 73.2153 73.2462 55.9754 48.873 80.2808 71.8078 27.6586 55.2268 34.6699 60.959 46.5138 71.1754 105.328 42.45 24.4722 17.2047 82.5711 46.8402 60.2153 93.5529 99.1148 68.7677 104.965 31.6917 7.81025 34.1769 22.0227 24.1868 36.0737 52.6218 66.2873 0.0 21.6333 96.7756 
40.6619 57.0735 9.48683 85.9233 40.6547 21.2611 55.1555 78.5593 37.9156 51.6577 85.4954 70.6173 9.0 65.1928 17.0294 67.8114 39.198 70.4005 104.717 23.0217 32.8058 4.47214 64.5113 63.0079 41.7612 74.8608 86.3565 75.083 106.233 36.7332 14.3178 39.3028 35.0571 42.9535 28.636 49.8087 47.0106 21.6333 0.0 97.7677 
57.3149 47.1699 99.0575 46.8722 66.7083 76.578 57.8383 27.074 87.1908 48.0208 22.2036 27.6586 92.4743 47.5184 90.3625 38.833 60.1082 27.5862 11.4018 115.757 76.3034 97.8367 53.3667 71.0634 84.4048 41.2311 43.7379 32.1403 8.48528 65.5134 95.7044 62.7694 76.5572 84.4808 69.6563 48.1041 90.1177 96.7756 97.7677 0.0 
DEMAND_SCENARIO_SECTION
0 0 0 0 0 0 0 0 0 0 0 0 0 0 0 0 0 0 0 0 0 0 0 0 0 0 0 0 0 0 0 0 0 0 0 0 0 0 0 0 0 0 0 0 0 0 0 0 0 0 0 0 0 0 0 0 0 0 0 0 0 0 0 0 0 0 0 0 0 0 0 0 0 0 0 0 0 0 0 0 0 0 0 0 0 0 0 0 0 0 0 0 0 0 0 0 0 0 0 0 0 0 0 0 0 0 0 0 0 0 0 0 0 0 0 0 0 0 0 0 0 0 0 0 0 0 0 0 0 0 0 0 0 0 0 0 0 0 0 0 0 0 0 0 0 0 0 0 0 0 0 0 0 0 0 0 0 0 0 0 0 0 0 0 0 0 0 0 0 0 0 0 0 0 0 0 0 0 0 0 0 0 0 0 0 0 0 0 0 0 0 0 0 0 0 0 0 0 0 0 
11 9 9 8 8 4 11 6 10 5 11 13 6 4 9 10 7 9 8 11 12 8 8 6 8 11 11 9 8 6 13 8 7 8 14 3 12 10 10 8 6 11 6 8 11 9 15 6 7 11 3 8 8 9 9 10 8 8 11 10 6 9 14 7 9 1 5 8 10 10 6 7 7 3 12 5 14 14 9 13 9 9 8 5 10 6 10 9 11 10 10 12 11 6 12 5 9 2 2 7 9 13 8 10 7 7 10 6 9 10 12 11 7 9 13 5 8 9 12 6 8 10 9 8 7 14 6 6 14 0 8 8 9 9 9 8 8 8 12 11 9 0 12 7 15 10 5 11 10 6 6 7 9 10 9 10 11 7 7 10 7 12 5 5 12 10 13 7 10 5 4 10 7 11 7 10 13 6 9 7 8 7 13 11 1 15 9 15 10 9 7 16 14 10 15 10 11 8 11 8 
6 8 4 4 7 8 6 7 8 5 10 8 4 8 5 5 8 9 5 6 2 9 11 10 11 7 9 7 6 9 7 8 13 6 5 12 8 6 7 8 6 11 10 6 10 6 7 10 10 4 7 8 3 7 12 7 10 8 11 9 9 7 9 9 3 4 8 3 9 8 5 7 10 7 7 6 0 6 8 5 9 9 6 3 6 6 10 6 7 3 10 8 5 9 12 6 8 1 11 5 2 8 4 4 9 7 12 11 8 6 4 10 9 6 0 7 8 4 6 6 4 5 4 6 6 9 9 5 9 9 7 7 11 9 7 4 4 7 6 7 6 8 7 8 8 5 6 9 6 9 9 9 8 5 6 11 8 7 6 5 9 4 8 8 5 6 9 6 9 5 7 11 8 6 8 8 6 9 5 6 8 10 8 5 7 10 9 7 7 7 6 7 7 8 5 10 8 5 11 9 
4 9 8 8 6 6 7 7 4 4 7 4 7 3 6 8 9 4 5 3 7 6 8 6 5 8 2 8 5 10 5 2 5 6 5 10 5 5 4 7 7 4 6 2 8 7 6 13 5 4 2 5 7 6 5 8 8 7 7 4 8 3 6 4 1 7 2 7 4 5 9 6 5 5 6 5 5 6 8 5 5 6 6 7 9 8 2 5 2 8 4 9 3 8 6 3 4 8 8 4 7 6 4 4 6 7 5 7 8 8 7 7 4 6 6 7 7 7 6 5 6 8 6 4 9 7 7 9 3 6 5 6 6 2 5 4 3 4 8 7 9 7 3 8 7 3 6 4 6 5 5 7 3 8 5 7 6 6 7 6 4 7 7 7 7 6 11 5 4 9 9 9 8 8 5 4 4 6 2 5 7 8 4 8 4 9 7 3 4 2 4 10 8 5 5 3 7 7 8 6 
9 5 8 12 3 9 7 9 9 11 8 6 5 7 4 5 5 4 12 8 4 6 6 7 10 2 11 8 7 6 10 9 8 6 5 8 5 6 7 7 8 4 6 5 5 8 5 4 7 4 4 6 8 5 5 5 6 8 7 11 7 9 12 9 7 7 7 6 6 8 7 9 1 6 6 8 3 8 8 10 5 5 5 11 6 9 4 9 7 10 7 9 4 5 9 11 5 10 8 8 10 5 10 11 6 9 11 7 9 10 6 5 5 5 1 5 4 7 9 5 9 9 5 11 7 7 7 6 9 6 9 2 5 7 7 8 9 4 9 2 8 7 7 5 4 6 11 5 6 7 9 6 6 10 8 6 13 9 7 4 6 5 3 6 6 8 10 5 8 7 7 9 7 8 6 10 2 12 6 6 9 9 4 5 9 5 11 5 4 7 7 11 9 12 7 7 4 8 9 8 
5 5 1 3 2 5 2 2 3 4 2 3 5 5 3 3 3 4 2 2 2 3 4 3 2 2 6 4 4 2 2 2 2 3 3 3 3 1 2 3 2 4 2 4 2 4 1 3 2 3 3 3 2 3 2 5 2 3 2 3 3 3 3 4 4 3 4 2 1 2 3 3 4 4 3 2 2 1 2 3 2 3 3 4 5 4 5 4 3 4 6 2 4 4 4 3 4 3 4 3 4 2 1 3 4 2 3 3 3 4 4 2 3 4 3 4 3 3 4 2 2 2 3 2 4 1 4 3 2 3 4 2 2 3 4 3 5 2 3 3 2 2 4 2 2 1 4 4 1 4 2 3 4 2 2 5 3 1 4 4 4 2 3 0 2 2 5 4 3 4 2 3 2 3 3 3 2 3 3 3 2 1 3 3 4 3 4 2 3 2 3 2 3 4 4 3 3 3 3 3 
4 7 5 7 5 8 10 4 6 7 7 5 6 7 5 7 5 4 9 6 6 6 13 6 6 2 7 5 6 7 8 5 6 5 6 6 6 3 4 7 9 7 9 4 8 4 8 4 6 10 10 5 5 9 7 3 2 3 9 5 6 4 5 8 6 6 7 10 6 3 9 6 7 8 4 7 3 5 8 7 5 3 9 7 12 7 7 5 6 9 4 6 4 6 6 6 2 12 5 4 7 9 8 7 2 4 11 3 8 6 6 7 5 7 11 7 6 4 5 6 5 5 8 7 6 5 5 7 8 5 7 6 5 3 7 6 7 3 4 3 3 5 3 8 7 4 8 7 4 6 6 4 5 7 6 4 6 7 2 6 6 6 5 7 5 6 6 7 9 5 8 7 5 5 8 5 2 2 5 5 6 6 5 8 4 7 7 7 7 4 5 6 4 4 4 9 4 4 7 6 
3 3 3 2 2 2 2 2 3 2 2 2 2 2 2 1 2 4 2 2 2 3 2 2 1 3 1 2 2 2 3 1 1 2 2 2 2 2 3 2 2 1 2 3 2 2 2 3 2 2 2 3 3 1 3 2 3 3 3 3 1 2 2 2 1 2 3 2 3 2 2 2 2 1 1 2 2 1 2 2 2 2 2 1 2 1 2 3 1 2 2 2 1 2 2 2 2 2 1 3 2 2 3 2 2 2 3 3 1 1 1 2 3 1 2 2 2 2 3 3 2 0 1 3 1 2 2 2 3 2 3 2 1 2 2 2 1 2 1 1 2 2 2 2 1 2 2 4 2 2 2 1 1 2 2 2 2 1 3 2 3 2 3 1 3 1 2 2 3 3 3 4 2 2 3 1 2 2 2 3 1 3 1 2 2 2 3 1 2 1 2 3 2 3 2 2 2 1 1 1 
4 3 1 4 3 6 7 9 8 3 3 7 2 4 3 5 6 6 7 2 3 2 9 6 8 6 7 7 9 5 3 6 7 8 6 6 10 5 7 7 6 3 7 7 8 7 6 5 7 5 7 5 2 8 5 8 2 7 6 7 8 7 8 9 5 4 8 7 5 4 5 9 6 3 3 5 2 8 6 6 8 2 6 7 12 7 5 7 8 9 5 8 5 10 6 7 8 8 6 5 7 9 5 8 5 7 7 7 5 6 2 3 7 4 8 7 12 5 8 6 3 6 8 3 7 2 7 5 3 6 5 9 5 4 7 5 7 3 7 7 5 5 4 3 5 7 6 8 8 8 6 6 4 4 3 6 8 5 4 5 5 5 8 7 6 5 4 8 5 6 9 6 6 0 4 10 7 6 4 3 7 7 8 6 7 6 5 6 4 6 7 7 5 4 5 10 5 5 4 6 
3 5 3 6 5 4 4 2 4 4 5 4 7 2 3 4 3 3 1 7 6 5 2 4 2 5 3 5 8 4 5 5 1 3 5 3 5 4 5 3 3 6 4 4 4 4 2 3 3 7 3 3 4 2 4 6 4 1 3 5 4 1 5 5 4 4 4 6 3 4 3 4 5 6 2 4 5 5 4 2 4 4 5 4 4 4 1 4 5 5 4 5 3 4 2 4 4 3 5 3 1 2 5 6 5 5 4 5 5 2 3 3 3 5 4 4 6 4 5 5 6 4 4 5 4 3 4 5 3 3 4 3 4 4 4 3 6 6 3 3 4 2 2 3 2 7 2 5 5 5 5 4 4 6 4 4 5 4 6 3 5 4 2 4 3 4 0 3 4 2 6 5 4 2 5 3 8 5 1 7 5 4 5 2 5 5 4 5 3 5 3 3 3 5 2 5 4 3 3 2 
1 1 1 1 1 1 1 1 1 1 1 1 1 2 1 1 1 1 1 1 1 1 1 1 0 1 1 1 1 1 1 1 1 1 1 1 0 1 1 1 1 2 1 1 1 1 1 1 1 1 1 1 1 1 1 1 1 1 1 0 2 1 1 1 1 1 0 1 1 1 1 1 1 2 0 1 1 0 1 1 1 1 1 1 1 1 1 1 0 1 1 1 1 1 1 1 1 1 1 2 1 1 1 1 1 1 1 1 1 1 1 2 1 1 2 1 1 1 1 1 1 1 1 1 1 1 1 1 1 1 1 1 1 1 1 1 1 1 2 1 1 1 2 1 1 1 2 1 1 1 1 1 1 1 1 0 1 1 1 1 1 1 1 1 0 1 2 0 1 1 0 1 1 0 1 1 1 0 1 1 1 1 1 1 1 1 1 1 1 1 1 1 1 1 1 1 1 1 1 1 
10 0 13 14 6 12 11 8 3 18 12 13 9 10 10 7 9 6 8 7 8 17 7 12 11 12 9 16 13 8 13 15 12 8 13 10 15 8 7 4 11 14 12 10 14 15 12 15 15 7 16 10 5 8 13 12 12 14 10 6 4 8 7 16 6 6 8 10 12 9 8 10 16 5 6 15 6 5 13 10 13 2 9 11 11 12 8 6 6 7 7 8 10 10 14 9 8 8 15 9 5 6 9 10 11 9 11 7 11 9 8 8 10 5 10 8 13 13 12 11 5 7 9 12 12 9 10 8 14 0 10 13 10 15 5 8 12 8 12 12 11 11 7 14 7 11 12 17 3 11 11 5 18 13 9 13 10 8 5 9 8 6 7 8 16 8 8 11 10 10 7 8 16 13 14 8 9 13 9 10 12 8 18 15 11 9 14 10 12 9 9 10 10 12 5 11 11 2 5 12 
9 9 14 7 8 13 14 8 15 6 14 5 5 8 3 8 10 4 5 6 7 9 12 10 5 8 12 7 6 7 10 15 4 8 6 11 8 11 8 9 13 8 8 1 4 7 6 13 7 11 5 8 5 7 11 13 9 7 7 10 8 11 4 10 11 9 5 7 8 11 12 8 10 3 8 6 13 7 7 9 11 11 10 12 12 9 6 9 14 13 7 12 15 14 10 4 10 5 7 12 7 8 5 15 11 10 5 9 5 8 7 5 7 13 13 7 1 6 5 9 7 11 5 7 8 18 12 7 7 8 12 7 6 6 7 11 9 9 14 10 6 10 10 14 5 6 8 10 8 9 7 11 13 17 1 14 8 8 10 11 13 16 8 11 7 10 8 5 8 8 10 11 9 3 9 7 11 12 12 12 11 12 13 13 10 8 9 8 14 9 13 9 10 9 8 5 13 6 7 9 
9 10 2 5 6 9 6 6 5 2 8 7 7 9 13 6 4 12 8 6 7 6 8 8 8 2 3 10 4 9 10 9 5 7 9 7 4 7 7 8 7 10 8 7 9 11 8 13 10 5 7 12 4 7 7 7 8 7 4 4 8 8 10 11 11 5 6 5 5 9 5 6 9 10 12 6 6 8 9 7 5 11 7 7 7 9 9 4 8 7 4 4 9 9 7 7 8 4 7 4 5 6 4 9 8 9 5 6 3 5 10 10 7 6 8 7 5 5 7 9 6 10 7 9 5 3 6 10 6 7 4 7 7 6 7 4 5 9 7 6 10 5 3 8 8 3 5 9 5 9 3 6 3 6 4 1 3 6 8 4 6 5 10 7 6 7 7 10 5 5 4 4 3 4 9 6 8 8 8 8 10 9 4 9 3 5 5 5 10 10 5 9 5 6 5 5 7 6 6 7 
2 2 1 4 3 3 3 2 3 4 4 4 5 4 3 3 2 2 4 4 4 2 2 4 2 3 2 3 4 4 4 4 3 4 3 3 2 4 1 2 3 3 4 3 3 2 3 4 2 2 3 1 3 3 4 4 2 3 4 3 2 3 2 1 3 4 2 3 2 3 3 2 1 3 4 4 3 4 4 3 3 3 4 0 1 2 3 3 4 2 4 5 2 3 2 4 2 2 4 3 2 4 1 3 3 3 4 4 2 3 3 4 2 4 4 2 3 2 3 1 1 5 5 3 4 6 2 2 4 2 3 2 3 4 0 3 1 1 1 2 3 3 3 3 1 3 3 3 5 3 3 5 3 2 4 4 3 2 5 2 4 3 2 4 1 3 3 3 3 4 6 3 4 4 4 4 4 4 3 5 4 3 5 2 3 2 3 3 4 3 3 2 3 4 2 2 3 2 3 4 
3 3 3 4 4 4 4 1 2 3 3 4 2 2 1 5 4 1 4 3 4 5 3 3 2 3 4 3 3 2 4 3 2 4 3 4 1 3 3 3 2 6 5 1 2 4 4 3 2 2 3 2 3 1 3 3 3 3 3 3 3 3 3 3 2 4 1 3 3 3 2 4 1 3 2 2 2 4 2 2 2 3 2 2 2 4 4 4 5 3 3 4 4 2 5 3 4 3 3 4 2 4 4 3 4 4 2 3 4 4 6 2 3 2 4 3 4 3 0 3 3 2 3 3 3 4 3 4 4 3 2 3 5 1 2 2 3 3 4 3 1 4 1 3 3 2 2 5 3 4 4 3 3 3 3 4 4 2 4 3 4 2 4 4 4 3 4 2 2 3 2 2 2 4 2 3 2 3 1 3 3 3 4 3 2 2 0 5 3 5 4 1 3 4 2 2 4 2 4 4 
3 3 5 4 4 4 3 3 3 1 3 3 3 3 2 4 4 3 3 2 3 1 1 4 4 3 3 1 4 4 2 2 4 3 3 2 1 2 4 2 3 2 4 3 2 3 3 2 2 4 4 4 4 4 2 2 2 3 3 3 3 4 5 3 4 3 1 3 4 3 5 3 2 2 4 3 4 3 4 1 3 2 3 3 4 5 2 2 2 2 2 4 2 2 4 5 3 3 3 5 3 2 2 5 4 1 4 4 3 3 3 0 3 4 4 2 2 4 3 3 3 3 7 3 4 5 4 4 3 4 3 4 1 3 4 5 3 4 2 3 2 3 4 1 3 2 1 2 4 3 2 3 1 5 4 4 3 5 2 4 3 4 3 4 3 3 4 2 4 0 3 4 3 3 3 3 3 2 2 3 3 3 2 3 5 4 2 3 4 4 5 3 4 3 4 2 3 2 3 3 
3 10 4 6 7 3 5 7 5 5 5 4 4 5 7 6 4 8 5 7 7 3 7 8 5 8 8 8 5 5 3 4 5 6 6 5 9 5 4 4 7 8 5 8 7 6 8 3 9 7 6 5 8 5 5 8 6 3 8 4 9 6 7 5 6 11 5 5 7 4 10 7 5 7 3 4 6 4 7 8 6 4 4 6 5 6 6 5 5 4 5 2 7 3 4 4 6 7 8 7 2 3 4 5 2 6 4 8 5 6 7 8 4 5 6 7 5 6 4 7 7 8 5 5 4 7 0 6 7 6 8 7 4 5 7 4 5 11 6 5 3 9 6 8 5 5 6 5 6 7 5 8 6 5 6 4 10 6 4 6 7 7 3 8 5 6 7 5 4 7 6 9 6 7 7 7 6 4 4 10 6 4 5 0 5 7 3 9 6 8 7 9 4 6 6 7 8 8 2 6 
5 5 9 5 12 6 4 5 6 7 6 5 5 10 6 5 5 6 6 7 8 6 7 6 8 5 6 2 8 3 6 9 5 5 2 8 7 7 5 7 4 3 5 5 4 4 4 4 5 4 8 5 3 5 3 4 7 8 9 9 5 4 8 7 4 6 7 4 3 5 6 7 7 6 4 4 6 5 7 7 8 5 7 7 5 5 8 3 9 7 6 9 7 5 6 6 4 5 4 5 9 9 7 8 6 5 6 7 4 6 6 7 6 8 6 4 7 6 9 4 5 6 5 8 6 6 4 3 4 6 6 6 6 7 3 4 7 2 4 4 7 6 4 4 3 5 3 7 5 5 4 6 5 7 2 7 6 4 4 9 5 7 5 7 7 6 6 11 7 4 7 6 4 7 7 9 9 3 8 6 8 8 7 5 6 7 5 7 7 7 9 4 7 5 4 6 4 1 6 4 
6 13 11 11 16 8 9 10 11 10 7 11 11 12 12 13 7 9 5 10 10 6 11 9 10 10 4 5 5 14 9 5 8 14 10 6 11 12 7 12 11 5 11 5 5 9 7 8 8 9 11 8 6 6 4 7 8 9 14 7 8 8 14 5 8 9 4 11 6 12 9 12 9 9 12 8 5 4 9 7 13 7 6 11 17 7 9 10 11 8 10 5 12 8 6 9 7 6 11 2 5 8 10 7 10 8 8 9 4 9 8 7 10 7 11 10 10 9 15 10 10 9 5 10 4 7 6 7 6 10 15 5 3 9 13 9 6 9 5 11 13 5 11 2 9 8 13 6 12 7 7 8 8 8 9 6 11 10 11 9 8 10 9 6 9 9 9 8 6 10 11 10 4 10 8 9 8 4 9 5 7 9 10 9 9 7 8 9 9 3 7 3 11 9 7 12 8 7 10 15 
13 14 12 9 10 9 9 8 10 7 7 8 9 9 8 12 9 6 11 12 12 10 13 10 9 7 13 11 9 11 10 8 11 12 7 11 10 1 9 9 10 17 8 9 8 9 9 10 14 0 14 14 7 10 12 13 11 7 13 13 12 5 11 6 7 7 14 9 10 11 9 10 10 6 9 6 5 10 4 14 5 8 7 8 7 13 14 10 9 16 13 8 11 9 8 9 14 9 15 7 9 9 8 13 9 9 7 14 12 7 14 8 10 9 12 11 11 6 15 9 9 9 10 11 11 10 12 8 8 13 4 2 7 8 10 11 10 12 9 8 7 10 11 11 8 4 5 10 8 6 7 9 8 9 10 13 11 8 4 8 10 13 5 10 9 9 11 8 11 9 2 0 7 7 10 7 8 7 10 15 5 7 5 7 5 9 9 9 7 9 7 10 11 8 9 9 12 8 9 8 
3 4 3 5 5 5 3 6 3 4 2 3 4 0 4 4 5 3 4 5 5 2 5 5 5 5 5 7 3 4 3 5 5 5 4 3 5 5 5 5 4 5 4 4 6 5 2 4 4 3 6 5 3 4 3 5 4 2 5 6 5 7 3 3 4 4 4 3 1 7 3 3 1 4 1 5 2 4 5 1 6 4 8 6 1 4 3 4 6 3 4 3 4 6 3 2 5 2 5 4 3 5 3 2 5 4 3 4 6 3 3 3 4 4 5 3 5 5 5 3 2 6 7 4 2 2 5 4 4 2 6 4 6 1 4 1 3 4 5 4 5 5 4 3 5 3 4 5 4 3 4 4 2 4 5 4 3 4 4 3 3 2 3 3 3 5 6 4 4 3 6 5 4 4 3 4 4 4 4 2 6 3 3 4 5 6 3 5 3 1 3 2 7 2 5 6 4 3 2 2 
8 11 9 1 7 10 8 8 6 5 5 6 9 8 2 8 6 10 6 9 7 6 7 6 2 12 6 6 8 10 11 2 10 8 8 2 9 8 11 1 6 7 9 5 3 6 5 11 7 8 6 3 9 7 5 7 7 3 10 7 8 4 9 9 11 12 3 6 5 5 9 5 8 8 9 7 6 10 10 9 7 2 9 9 10 7 8 11 7 4 3 3 11 8 6 10 7 7 8 9 9 10 6 12 9 8 8 7 7 9 5 3 8 4 10 4 8 5 11 5 5 5 8 7 6 9 8 6 4 8 7 8 11 6 8 8 9 8 5 5 6 6 8 6 3 5 8 6 8 8 5 6 9 9 8 5 6 6 7 8 5 6 4 6 7 11 9 6 10 9 7 11 7 8 8 5 9 5 11 5 9 5 6 7 8 8 9 10 6 3 10 7 8 8 6 13 2 10 8 7 
1 2 2 1 2 2 1 3 2 2 2 3 4 1 3 2 2 4 2 0 3 2 3 3 2 2 1 1 1 2 3 2 2 0 1 2 2 3 2 2 3 3 3 2 2 1 3 2 2 1 2 2 4 2 1 2 2 3 2 2 2 2 2 2 2 2 2 2 3 3 2 2 1 2 2 3 3 2 3 0 2 2 3 3 2 3 2 2 2 0 3 1 1 3 2 2 2 2 2 2 2 2 1 2 3 2 2 2 3 3 2 2 3 4 2 2 2 2 2 2 2 2 2 3 2 2 1 2 2 3 2 2 2 2 1 1 3 2 3 2 2 3 2 2 2 2 2 2 2 2 1 2 2 2 2 1 2 2 2 2 2 2 2 2 2 2 2 2 2 1 2 2 2 2 2 3 1 2 2 3 2 2 2 2 2 1 2 1 2 2 3 4 3 1 1 2 2 3 1 2 
4 8 5 7 9 9 5 12 6 7 5 7 7 5 9 8 10 4 9 9 3 5 8 6 6 9 6 6 10 10 11 6 4 5 8 9 6 5 4 8 9 2 10 8 5 4 8 3 4 4 9 6 4 5 6 7 5 6 3 12 8 6 3 4 7 8 2 7 8 8 8 4 6 10 6 7 7 8 4 5 12 11 9 9 8 7 10 9 3 8 10 6 6 6 9 5 4 9 7 5 12 6 11 7 6 6 8 9 10 6 5 5 5 5 6 8 9 8 7 12 6 9 7 4 12 5 5 9 11 6 8 10 8 6 5 8 7 8 9 8 6 6 7 2 4 3 4 7 7 6 4 7 6 5 3 8 8 9 4 5 6 5 10 6 3 5 6 7 6 6 8 2 8 5 6 6 9 5 2 7 3 6 8 7 8 6 10 9 6 8 9 6 8 6 7 6 6 7 9 7 
1 1 0 1 1 1 1 1 1 1 1 1 1 1 1 0 1 1 2 1 1 1 1 1 2 1 1 1 1 0 1 1 1 1 1 1 1 1 1 1 1 1 1 1 1 1 1 1 1 1 1 2 1 1 1 1 1 1 1 1 1 1 1 1 0 1 0 2 0 1 2 1 1 1 2 1 1 1 2 2 1 2 1 1 1 1 1 1 1 1 0 1 1 1 1 1 1 1 2 1 1 1 1 0 1 1 1 1 1 1 1 1 1 1 1 1 1 1 1 1 1 0 1 0 1 1 1 2 1 1 1 1 1 1 0 1 1 1 1 0 1 1 2 1 1 1 1 1 1 1 1 1 1 1 1 1 1 1 1 0 1 1 1 1 1 1 1 1 1 0 1 1 1 1 1 1 1 1 1 1 1 1 1 0 1 1 1 1 1 1 1 1 1 1 1 1 0 1 1 1 
7 6 9 8 6 9 7 5 5 10 8 6 5 5 8 8 10 6 8 6 10 8 8 10 10 11 10 6 5 8 9 6 3 10 7 11 7 8 6 3 4 5 9 6 9 2 5 4 10 8 6 4 6 8 7 8 7 7 7 3 8 10 4 10 8 9 3 8 9 11 6 8 8 9 8 7 7 7 9 12 9 8 7 7 5 7 4 7 9 10 7 4 8 9 10 10 5 7 4 6 6 12 6 7 5 8 6 8 13 9 5 7 4 5 10 8 7 5 14 5 3 8 6 5 10 3 2 9 6 5 9 9 9 4 8 8 4 6 5 7 7 5 7 10 8 11 6 5 6 8 8 5 9 11 7 4 11 7 9 10 12 6 9 6 5 8 10 8 8 5 3 5 6 9 5 4 6 4 5 8 10 7 10 6 6 6 8 5 9 11 5 8 9 6 9 5 7 7 7 5 
6 7 6 3 7 4 9 4 10 1 7 7 9 6 4 7 5 6 7 8 3 8 2 4 4 8 6 6 8 7 3 6 5 10 4 4 8 3 8 9 6 8 4 4 5 8 4 6 5 5 3 6 8 4 6 4 7 9 8 6 10 5 9 5 6 4 5 6 6 3 4 7 6 4 6 4 6 4 7 6 5 8 7 4 4 7 11 7 8 5 9 4 5 8 7 6 8 5 7 7 5 7 1 4 4 5 5 6 9 6 7 7 9 6 7 6 8 5 5 6 10 6 3 8 8 5 5 5 7 7 6 8 5 6 7 5 9 7 9 7 5 6 6 8 6 5 8 8 5 10 6 5 2 5 6 7 4 8 9 5 9 5 7 5 6 4 7 7 7 9 4 8 7 8 9 6 2 6 1 6 5 6 5 5 4 7 9 5 6 7 6 4 9 5 5 7 7 6 5 4 
8 9 10 8 12 7 10 11 7 5 9 4 10 7 10 10 10 8 5 12 8 13 7 7 10 11 10 12 8 7 13 11 6 9 4 13 9 11 8 5 9 9 8 8 9 7 13 9 11 8 7 12 10 5 7 6 7 1 4 13 12 16 11 12 5 11 12 8 12 12 6 12 11 10 5 9 8 9 15 11 13 13 8 6 13 12 14 9 7 10 6 7 13 9 12 7 7 9 7 14 12 14 12 10 9 12 11 9 11 11 10 8 12 8 10 10 7 12 9 10 9 7 8 11 7 6 10 10 8 7 11 7 13 13 5 6 16 10 10 9 4 9 7 9 7 5 10 11 9 11 6 8 5 6 10 2 14 6 10 10 10 9 12 8 8 7 7 11 4 10 11 6 8 0 12 10 12 10 9 9 8 6 8 7 11 10 8 12 9 10 12 9 10 5 5 7 9 10 6 14 
6 6 8 7 5 5 8 10 5 4 8 11 10 4 4 7 7 10 5 7 9 8 6 13 8 6 6 10 8 8 7 7 7 7 4 5 6 8 10 11 8 11 10 1 10 3 8 8 5 10 6 11 5 8 7 8 6 7 5 1 6 10 7 9 5 10 4 4 8 8 6 7 7 5 5 9 10 8 11 5 7 10 7 5 8 5 5 9 8 4 1 7 7 9 7 8 7 9 8 8 7 9 8 10 8 9 10 9 4 7 9 9 4 7 7 8 2 9 6 6 9 5 7 6 6 7 6 6 3 2 6 3 4 9 9 5 7 5 3 8 6 6 5 4 3 7 10 6 8 5 4 5 6 10 9 6 7 5 4 5 3 7 11 4 7 10 5 8 8 6 6 6 7 6 8 4 7 7 7 8 4 12 9 6 7 5 12 6 8 7 10 4 7 7 11 3 3 7 8 8 
3 6 5 5 3 3 4 5 3 4 3 2 5 5 3 4 5 5 5 6 2 4 2 4 4 6 4 4 4 4 4 4 6 4 1 5 5 4 7 5 1 4 3 3 2 3 5 4 3 6 6 2 4 3 6 4 1 5 6 6 4 2 3 5 4 2 5 2 3 2 2 4 4 3 4 6 5 3 4 7 5 4 4 4 7 4 6 6 3 6 4 3 2 3 3 6 7 8 6 5 4 3 2 1 7 6 1 6 4 2 5 2 4 4 5 3 4 4 2 4 4 3 4 6 4 4 2 5 2 3 5 3 3 7 1 4 4 3 3 5 4 4 4 4 3 5 3 3 5 3 4 2 6 1 4 3 6 5 5 6 4 3 4 6 7 5 3 6 4 5 3 3 4 4 5 3 4 6 4 2 3 4 4 4 5 3 1 5 5 4 4 2 4 4 3 7 4 5 2 5 
3 11 8 13 6 11 11 7 11 14 8 10 7 10 10 8 8 11 5 10 7 9 6 9 14 5 15 3 6 8 6 9 10 9 7 9 11 8 7 12 0 6 8 13 14 12 6 5 5 2 9 7 11 14 9 12 12 6 8 8 11 7 11 8 4 14 9 13 12 15 4 10 5 7 7 9 14 5 11 7 11 9 9 11 13 1 9 9 13 12 8 12 9 4 5 8 10 5 4 7 13 6 8 9 10 12 10 5 12 8 5 3 7 13 9 11 12 4 5 10 10 11 8 3 11 12 8 8 12 16 9 15 13 8 5 13 11 13 9 9 10 7 9 13 7 13 11 8 10 8 9 6 12 7 10 15 4 12 10 12 8 10 8 5 4 7 13 4 11 2 11 11 8 8 7 13 8 10 8 7 4 10 11 12 10 13 9 6 7 9 7 9 9 12 7 13 10 8 7 13 
13 8 2 10 12 9 7 17 12 9 6 10 11 5 10 10 6 6 9 6 11 12 6 3 13 10 10 14 10 3 9 7 8 15 9 4 16 14 5 9 8 12 7 5 8 8 9 6 9 8 9 10 9 10 6 6 7 6 13 8 10 9 4 9 8 6 9 9 6 3 13 9 7 15 2 7 7 7 12 15 11 4 13 16 9 9 7 10 10 10 10 12 8 8 10 8 6 11 12 16 12 6 7 12 6 12 6 3 5 12 12 10 6 6 16 7 6 6 3 13 4 9 7 2 7 10 13 4 6 5 12 6 7 8 16 10 11 10 9 8 12 11 10 10 10 12 7 9 10 8 6 9 13 2 9 6 10 2 7 9 14 8 10 13 7 8 7 16 12 13 9 7 11 5 11 8 11 4 9 10 11 9 3 12 6 5 9 7 11 12 9 12 5 1 10 11 7 6 6 7 
2 3 5 2 3 2 3 4 4 3 2 3 3 1 5 4 4 2 2 3 4 4 5 5 3 3 4 2 3 3 2 3 3 3 3 3 1 2 3 4 4 2 2 2 2 4 4 4 3 4 3 2 4 2 4 3 3 4 2 3 3 3 2 3 4 3 2 5 4 4 2 3 3 3 4 4 3 3 2 2 3 4 4 1 2 4 2 4 4 4 3 2 2 3 4 2 3 4 2 3 4 2 3 2 3 2 1 3 5 6 3 3 3 2 1 5 2 3 6 2 2 1 4 4 3 2 3 3 3 2 4 3 1 4 2 4 2 3 2 3 4 3 4 4 4 1 4 2 3 4 3 4 3 3 3 3 3 4 3 2 3 3 3 3 3 2 4 1 4 2 3 2 2 4 2 4 2 4 4 3 1 3 3 5 4 4 4 1 4 4 2 2 4 3 4 5 4 2 4 2 
3 4 5 3 6 4 1 2 3 3 3 5 5 6 5 4 4 5 4 3 5 3 5 4 2 4 4 3 7 4 4 2 3 3 3 5 4 5 6 4 6 5 5 5 5 6 3 6 6 5 4 5 4 4 4 2 4 5 4 4 6 3 3 5 4 3 4 5 6 3 5 3 6 5 7 2 3 2 4 3 7 3 1 3 3 3 3 4 3 3 5 3 2 3 3 4 2 6 5 5 3 4 4 3 3 2 5 2 7 4 5 5 4 2 4 4 4 3 4 1 3 4 3 2 5 2 5 3 4 5 2 4 4 5 5 4 4 4 3 2 4 4 5 7 6 7 7 4 4 5 5 3 5 3 3 7 6 1 3 4 4 4 3 2 4 4 3 3 5 2 6 2 4 4 3 5 4 2 3 4 5 4 2 4 3 4 5 4 5 5 2 4 3 3 2 3 4 2 2 6 
8 8 8 7 5 11 12 10 12 9 6 8 11 11 8 7 12 4 9 10 7 8 10 8 10 1 12 4 7 7 9 8 1 11 5 9 9 5 15 9 11 10 11 8 8 6 4 12 11 7 11 12 10 10 14 12 11 3 10 6 6 4 11 12 5 13 10 3 6 10 11 5 9 11 10 2 9 14 7 9 9 7 10 11 5 10 5 8 11 15 9 7 10 5 11 9 10 9 11 5 8 10 11 16 8 7 15 14 15 12 7 7 10 15 9 7 12 10 9 10 9 7 11 3 14 12 5 14 9 10 6 13 10 13 9 5 8 11 13 7 9 13 12 10 8 9 8 5 12 5 6 11 9 10 9 9 8 8 12 9 5 9 11 12 13 9 6 12 12 12 10 9 10 12 10 10 14 11 10 7 10 6 10 5 9 10 9 10 11 6 5 8 8 6 9 10 1 6 12 9 
6 10 13 4 11 9 11 18 11 12 7 5 7 11 15 5 12 13 12 8 12 13 9 10 8 10 5 7 14 12 9 11 10 7 16 5 8 5 12 14 12 12 14 13 10 13 10 5 16 8 5 13 11 10 6 16 12 11 7 8 12 6 12 7 7 12 9 15 8 9 10 7 4 8 6 10 9 6 6 12 4 10 12 10 10 9 10 10 10 6 8 12 13 14 14 11 18 14 12 13 8 8 8 14 11 15 10 12 2 10 16 11 10 14 16 9 11 5 17 5 11 9 9 11 10 13 5 14 6 9 15 13 6 7 9 10 16 9 8 11 13 6 10 6 8 5 14 8 8 5 10 14 9 11 16 14 9 9 10 12 13 5 8 15 12 11 12 9 5 14 12 9 6 7 10 12 7 11 6 11 15 3 12 7 10 10 6 13 10 5 8 13 7 16 13 11 6 11 19 10 
1 4 7 9 8 6 6 6 7 6 8 5 5 5 7 3 5 7 5 6 3 5 9 7 7 6 9 9 8 5 7 4 6 7 7 5 7 6 5 6 5 4 5 7 7 3 6 7 3 8 6 9 5 10 4 5 7 6 8 9 8 3 8 8 10 8 6 6 5 12 7 11 6 10 8 1 7 4 5 4 6 10 5 5 4 5 5 7 7 7 5 6 4 5 7 8 4 6 6 6 8 4 5 5 6 3 7 7 8 7 6 10 3 8 7 7 7 9 8 6 5 8 6 8 7 6 2 6 5 6 7 8 5 3 9 8 8 7 6 5 6 6 6 9 9 3 7 7 5 2 6 8 8 6 7 7 7 9 8 1 6 9 7 8 9 7 8 8 2 6 7 11 5 7 9 6 5 6 7 3 4 6 8 9 7 9 6 3 7 8 6 10 7 6 7 6 6 9 8 7 
2 9 8 7 8 8 13 6 7 8 7 8 10 11 7 6 4 10 8 8 9 7 12 8 9 2 5 6 6 8 10 10 7 5 9 3 5 3 9 5 7 8 6 7 13 6 4 7 4 3 10 7 13 7 4 7 8 4 3 11 6 3 7 9 3 9 4 4 5 5 11 4 11 7 11 9 9 5 7 8 7 8 8 6 7 6 7 5 8 8 2 10 8 8 7 5 8 9 5 8 9 8 9 7 4 8 5 8 10 2 5 12 7 6 10 4 7 7 10 5 5 9 6 6 6 5 10 7 6 7 11 8 6 5 7 5 7 9 7 6 9 8 7 10 8 9 6 7 8 10 4 7 2 6 8 7 6 3 9 4 6 5 8 8 10 4 6 6 10 10 6 7 6 7 6 7 7 9 6 5 6 10 8 9 10 9 8 6 9 6 9 5 5 6 7 6 8 8 3 5 
4 3 6 10 7 9 5 7 9 3 4 6 6 5 4 6 5 4 6 6 3 8 5 8 7 10 7 9 6 9 5 8 6 6 5 4 7 7 6 9 6 6 3 3 8 4 8 3 6 9 8 7 5 6 5 9 8 4 2 9 9 4 8 9 5 6 6 7 4 5 9 7 8 10 6 8 8 2 10 6 9 5 6 4 3 8 6 3 4 9 5 8 5 12 9 8 7 8 4 5 6 2 6 10 5 4 2 3 9 5 0 6 4 6 7 5 2 9 4 6 10 6 3 5 5 7 6 5 8 8 5 9 8 6 6 11 6 5 5 7 8 4 5 7 6 3 6 9 9 7 9 5 7 8 5 6 8 7 5 6 3 8 4 7 0 8 8 7 7 8 5 5 5 3 5 7 7 4 5 5 10 7 5 8 5 7 5 4 6 7 6 5 7 6 4 9 6 5 4 5 
DEPOT_SECTION
 1
 -1
EOF
