NAME  : Jabali_40_4_0.82_1_6
TYPE : SVRP
MODEL : FINITE_SUPPORT
NUMBER_OF_SCENARIOS : 200
DIMENSION : 40
EDGE_WEIGHT_TYPE : MATRIX
CAPACITY : 69
N_VEHICLES : 4
NODE_COORD_SECTION
1 4078 3687
2 2164 2947
3 2122 3832
4 27 2453
5 1064 7840
6 2311 5050
7 5148 4712
8 6500 7211
9 1551 949
10 3478 5589
11 4377 1369
12 5485 3830
13 5028 1121
14 5126 6855
15 3356 5327
16 2625 1006
17 7556 6423
18 5019 2062
19 1344 2256
20 1672 6980
21 6713 7415
22 6218 18
23 3472 2726
24 7201 3750
25 7154 3912
26 2715 2708
27 5448 3622
28 4183 6155
29 3111 3693
30 5017 2604
31 6191 3494
32 4280 1798
33 2571 1477
34 7685 5897
35 6715 5553
36 5163 1379
37 3371 6725
38 6084 966
39 3274 400
40 1160 5784
DEMAND_SECTION
1 0.0
2 10.0
3 5.0
4 9.0
5 4.0
6 3.0
7 10.0
8 7.0
9 1.0
10 3.0
11 1.0
12 3.0
13 3.0
14 6.0
15 7.0
16 9.0
17 8.0
18 8.0
19 6.0
20 8.0
21 4.0
22 3.0
23 6.0
24 7.0
25 8.0
26 2.0
27 3.0
28 7.0
29 10.0
30 3.0
31 2.0
32 9.0
33 4.0
34 5.0
35 6.0
36 9.0
37 3.0
38 8.0
39 8.0
40 10.0
DEVIATION_SECTION
1 0.0
2 3.33333
3 1.66667
4 3.0
5 1.33333
6 1.0
7 3.33333
8 2.33333
9 0.333333
10 1.0
11 0.333333
12 1.0
13 1.0
14 2.0
15 2.33333
16 3.0
17 2.66667
18 2.66667
19 2.0
20 2.66667
21 1.33333
22 1.0
23 2.0
24 2.33333
25 2.66667
26 0.666667
27 1.0
28 2.33333
29 3.33333
30 1.0
31 0.666667
32 3.0
33 1.33333
34 1.66667
35 2.0
36 3.0
37 1.0
38 2.66667
39 2.66667
40 3.33333
DISTANCE_MATRIX
0.0 29.6982 26.1725 57.9848 69.3326 29.9666 26.1678 70.2889 54.8916 26.195 30.6757 19.6469 36.3593 50.2898 23.9348 41.9402 68.2927 25.4951 43.5661 55.1917 72.9236 57.4891 16.3355 42.2019 42.9535 25.8184 19.2354 34.9004 14.4222 20.0 29.1548 25.2982 46.1052 66.6327 53.032 34.4093 41.3364 45.9674 43.9311 48.7545 
29.6982 0.0 11.4018 30.8707 67.624 27.2947 45.3803 83.7891 27.1662 37.573 36.879 49.2719 45.4842 63.79 34.4109 23.8736 87.4698 40.3113 14.8661 54.7083 86.4239 67.5889 17.2627 68.7985 69.2925 8.0 48.6807 48.382 16.0454 39.0512 54.9784 32.573 18.6924 85.8451 72.2445 45.2217 51.4782 58.8218 35.7209 40.8167 
26.1725 11.4018 0.0 34.6554 56.3649 16.0312 39.8121 75.1214 38.0 28.178 45.5164 45.7056 54.1213 54.9415 25.0599 35.2279 81.7202 46.5266 23.0868 43.3244 77.7561 76.1704 23.8254 68.2586 69.0507 16.1422 45.3982 39.6611 14.8661 42.9535 55.3263 41.1466 30.0466 80.0601 66.4595 53.7188 41.2311 67.2474 47.0751 30.0 
57.9848 30.8707 34.6554 0.0 75.0067 46.6476 73.5753 109.538 28.6531 62.0081 61.0328 77.5585 70.1142 89.0336 59.0339 38.833 115.7 68.5324 18.1108 65.9242 112.173 89.627 47.7598 99.3104 99.8045 38.2753 76.6606 73.8783 44.332 68.6586 85.4904 59.0762 37.054 114.04 100.439 71.007 72.9452 84.1487 49.6488 48.5077 
69.3326 67.624 56.3649 75.0067 0.0 41.8808 70.022 73.1095 92.1792 45.2217 98.417 81.609 104.911 57.5587 46.2277 91.2037 89.0505 94.7523 74.9533 14.1421 74.3303 126.621 83.7654 98.6154 99.925 72.5054 82.9475 49.3964 67.6757 89.3252 91.561 93.0382 86.0225 92.4392 82.7647 103.325 35.7351 115.281 103.051 27.6586 
29.9666 27.2947 16.0312 46.6476 41.8808 0.0 37.0135 63.4335 54.0093 16.6433 57.5407 46.6905 64.0343 43.4166 14.3178 51.1667 73.7169 54.4059 38.4708 28.178 66.0681 85.8185 42.8891 68.0661 69.1158 31.7947 47.9416 28.6007 25.807 49.7393 56.8859 52.1619 45.9855 73.736 60.7478 62.479 26.4008 75.0 63.014 18.7883 
26.1678 45.3803 39.8121 73.5753 70.022 37.0135 0.0 40.9447 72.8352 24.8582 46.9701 12.7279 48.0555 35.9853 24.5153 63.2757 42.45 36.0624 59.2482 56.1261 44.0662 64.5963 41.2901 31.257 32.3883 49.8143 14.2127 27.4981 32.6754 29.1588 21.9545 42.7173 64.0488 40.6079 27.0185 45.1021 41.3888 51.9665 65.2666 54.4518 
70.2889 83.7891 75.1214 109.538 73.1095 63.4335 40.9447 0.0 111.244 47.0542 82.1937 47.1699 83.0963 20.0 50.0018 98.4994 17.4642 71.2531 97.6571 64.5368 3.16228 97.0155 85.4112 45.6946 47.0106 88.2231 49.163 35.6006 76.7965 64.3825 49.366 77.9409 102.458 23.0217 22.4722 80.0562 41.7852 84.5931 100.49 73.8241 
54.8916 27.1662 38.0 28.6531 92.1792 54.0093 72.8352 111.244 0.0 64.7133 37.9473 65.744 46.0977 91.2449 61.5512 14.3178 114.925 48.3011 17.4642 80.2309 113.879 63.0714 38.833 84.2858 84.4442 30.0466 64.0703 75.8369 43.5003 51.0425 70.6346 38.0132 16.9706 109.476 96.9278 47.8017 78.6699 59.6825 22.0907 64.56 
26.195 37.573 28.178 62.0081 45.2217 16.6433 24.8582 47.0542 64.7133 0.0 55.9614 36.4451 62.214 27.0551 3.16228 61.4228 57.5036 51.6263 51.0784 31.3847 49.689 83.5768 41.3174 56.0307 57.1954 42.007 37.7837 12.0416 30.0167 46.1877 46.3971 50.5873 56.2415 57.5687 44.911 60.3967 15.2971 72.1435 68.916 31.0161 
30.6757 36.879 45.5164 61.0328 98.417 57.5407 46.9701 82.1937 37.9473 55.9614 0.0 35.171 9.21954 77.2668 53.6965 23.7697 79.4796 12.2066 43.1856 84.3016 85.2872 30.8869 24.0832 49.8197 49.679 29.4184 33.2415 64.6668 34.9701 18.0278 37.2156 5.38516 24.0 75.1532 63.5689 10.0499 71.1027 23.1948 19.799 75.2072 
19.6469 49.2719 45.7056 77.5585 81.609 46.6905 12.7279 47.1699 65.744 36.4451 35.171 0.0 36.0 42.2828 35.8469 51.7555 44.7214 24.0832 60.3801 67.713 50.2494 52.2015 30.0836 22.561 23.3452 39.5666 2.0 35.9611 33.6155 17.2627 10.198 31.0161 49.3704 41.0488 28.6356 33.0151 49.8518 39.5601 53.2259 65.0 
36.3593 45.4842 54.1213 70.1142 104.911 64.0343 48.0555 83.0963 46.0977 62.214 9.21954 36.0 0.0 78.3522 59.9537 32.249 78.5875 12.1655 52.345 90.7855 86.1452 22.2036 32.0156 46.5296 46.1411 38.0237 34.0 70.9194 41.4637 19.2354 35.4401 13.0384 33.0606 73.6817 63.1506 3.16228 77.3553 14.0357 25.9422 82.5086 
50.2898 63.79 54.9415 89.0336 57.5587 43.4166 35.9853 20.0 91.2449 27.0551 77.2668 42.2828 78.3522 0.0 30.0027 87.6398 32.3883 66.3591 77.5681 47.0425 22.6716 93.1424 65.4121 45.6782 47.092 68.224 44.2816 15.6015 54.9933 59.4556 45.6288 73.014 82.4585 35.0143 25.632 75.3989 23.1948 80.5713 92.4801 54.4243 
23.9348 34.4109 25.0599 59.0339 46.2277 14.3178 24.5153 50.0018 61.5512 3.16228 53.6965 35.8469 59.9537 30.0027 0.0 58.2607 59.4223 49.3661 47.927 32.2025 52.6366 81.3165 39.0449 55.7315 56.8859 38.8449 37.1646 14.8661 27.074 43.9274 45.8803 48.3011 53.0794 59.4643 46.5725 58.1364 18.1108 69.8832 66.6435 30.0666 
41.9402 23.8736 35.2279 38.833 91.2037 51.1667 63.2757 98.4994 14.3178 61.4228 23.7697 51.7555 32.249 87.6398 58.2607 0.0 96.4116 34.0 22.3607 78.4532 101.593 50.8035 35.2279 70.2922 70.4344 26.4415 50.0819 72.2318 39.8952 37.0135 56.6462 23.7065 6.08276 92.7946 80.303 33.7343 75.3794 46.0977 12.0416 64.1125 
68.2927 87.4698 81.7202 115.7 89.0505 73.7169 42.45 17.4642 114.925 57.5036 79.4796 44.7214 78.5875 32.3883 59.4223 96.4116 0.0 67.6757 101.338 79.3095 18.0278 89.0225 74.4803 35.0571 36.1248 91.9038 46.5188 46.9222 74.8003 61.4654 43.1741 75.6439 94.0264 6.7082 16.1245 75.4321 55.5788 77.2334 97.9439 86.4002 
25.4951 40.3113 46.5266 68.5324 94.7523 54.4059 36.0624 71.2531 48.3011 51.6263 12.2066 24.0832 12.1655 66.3591 49.3661 34.0 67.6757 0.0 50.4254 80.6102 74.3303 32.0156 24.3516 37.6431 37.5366 32.3883 22.0907 59.6761 31.9064 7.07107 25.0599 10.2956 32.573 63.1585 51.923 9.48683 66.7676 20.6155 31.8904 72.9452 
43.5661 14.8661 23.0868 18.1108 74.9533 38.4708 59.2482 97.6571 17.4642 51.0784 43.1856 60.3801 52.345 77.5681 47.927 22.3607 101.338 50.4254 0.0 63.3877 100.292 72.5328 30.4138 81.8598 82.3468 21.095 59.2099 62.1772 29.9133 50.6952 68.0294 41.0122 19.4165 99.7131 86.1124 53.0848 64.2884 66.3702 34.1321 47.2969 
55.1917 54.7083 43.3244 65.9242 14.1421 28.178 56.1261 64.5368 80.2309 31.3847 84.3016 67.713 90.7855 47.0425 32.2025 78.4532 79.3095 80.6102 63.3877 0.0 66.2193 112.486 69.65 85.703 86.977 59.414 69.0516 36.8782 53.8516 75.1843 77.665 78.9228 73.272 82.0061 71.3442 89.1964 24.0208 101.14 90.3005 17.4642 
72.9236 86.4239 77.7561 112.173 74.3303 66.0681 44.0662 3.16228 113.879 49.689 85.2872 50.2494 86.1452 22.6716 52.6366 101.593 18.0278 74.3303 100.292 66.2193 0.0 99.8499 88.046 48.1041 49.3964 90.8578 52.2398 38.2353 79.4312 67.4759 52.2398 81.0344 105.092 24.0832 25.0 83.0963 43.8634 87.4643 103.16 76.0263 
57.4891 67.5889 76.1704 89.627 126.621 85.8185 64.5963 97.0155 63.0714 83.5768 30.8869 52.2015 22.2036 93.1424 81.3165 50.8035 89.0225 32.0156 72.5328 112.486 99.8499 0.0 54.2033 54.1479 53.2353 60.1283 50.3289 88.21 63.248 38.2753 47.676 35.2278 53.1601 83.1505 75.2396 23.3452 98.7181 12.6491 41.0122 104.293 
16.3355 17.2627 23.8254 47.7598 83.7654 42.8891 41.2901 85.4112 38.833 41.3174 24.0832 30.0836 32.0156 65.4121 39.0449 35.2279 74.4803 24.3516 30.4138 69.65 88.046 54.2033 0.0 51.5633 52.0573 9.48683 28.9134 50.0228 20.3185 22.0227 37.7432 19.105 30.0466 70.9201 58.3717 31.0644 56.4587 44.2945 35.4418 61.3634 
42.2019 68.7985 68.2586 99.3104 98.6154 68.0661 31.257 45.6946 84.2858 56.0307 49.8197 22.561 46.5296 45.6782 55.7315 70.2922 35.0571 37.6431 81.8598 85.703 48.1041 54.1479 51.5633 0.0 1.41421 61.0462 23.0868 49.2443 55.9732 33.3017 13.8924 47.3814 67.9122 29.0172 23.2594 43.4166 63.0714 42.7551 69.527 85.7088 
42.9535 69.2925 69.0507 99.8045 99.925 69.1158 32.3883 47.0106 84.4442 57.1954 49.679 23.3452 46.1411 47.092 56.8859 70.4344 36.1248 37.5366 82.3468 86.977 49.3964 53.2353 52.0573 1.41421 0.0 61.5403 23.7697 50.5668 56.6127 33.4215 14.3178 47.3814 68.0706 30.0 24.5967 43.0465 64.405 41.9762 69.4262 86.8332 
25.8184 8.0 16.1422 38.2753 72.5054 31.7947 49.8143 88.2231 30.0466 42.007 29.4184 39.5666 38.0237 68.224 38.8449 26.4415 91.9038 32.3883 21.095 59.414 90.8578 60.1283 9.48683 61.0462 61.5403 0.0 38.3964 52.816 20.4793 31.0644 47.2261 25.0799 21.2603 80.4031 67.8547 37.6962 55.9635 51.264 38.2888 46.0536 
19.2354 48.6807 45.3982 76.6606 82.9475 47.9416 14.2127 49.163 64.0703 37.7837 33.2415 2.0 34.0 44.2816 37.1646 50.0819 46.5188 22.0907 59.2099 69.0516 52.2398 50.3289 28.9134 23.0868 23.7697 38.3964 0.0 37.8581 32.8938 15.2971 10.0 29.1548 47.6967 42.72 30.4631 31.0161 51.782 37.6962 51.4296 66.2673 
34.9004 48.382 39.6611 73.8783 49.3964 28.6007 27.4981 35.6006 75.8369 12.0416 64.6668 35.9611 70.9194 15.6015 14.8661 72.2318 46.9222 59.6761 62.1772 36.8782 38.2353 88.21 50.0228 49.2443 50.5668 52.816 37.8581 0.0 39.6039 52.7725 43.0267 59.2927 67.0506 48.5296 35.0143 68.7158 13.8924 75.5802 77.0908 41.0 
14.4222 16.0454 14.8661 44.332 67.6757 25.807 32.6754 76.7965 43.5003 30.0167 34.9701 33.6155 41.4637 54.9933 27.074 39.8952 74.8003 31.9064 29.9133 53.8516 79.4312 63.248 20.3185 55.9732 56.6127 20.4793 32.8938 39.6039 0.0 28.3355 42.45 29.5914 34.7139 73.1402 59.5396 39.9085 45.1774 52.4465 61.0637 43.1856 
20.0 39.0512 42.9535 68.6586 89.3252 49.7393 29.1588 64.3825 51.0425 46.1877 18.0278 17.2627 19.2354 59.4556 43.9274 37.0135 61.4654 7.07107 50.6952 75.1843 67.4759 38.2753 22.0227 33.3017 33.4215 31.0644 15.2971 52.7725 28.3355 0.0 19.8494 14.4222 34.6689 57.2451 45.5412 16.4924 61.329 26.2488 36.8917 68.4763 
29.1548 54.9784 55.3263 85.4904 91.561 56.8859 21.9545 49.366 70.6346 46.3971 37.2156 10.198 35.4401 45.6288 45.8803 56.6462 43.1741 25.0599 68.0294 77.665 52.2398 47.676 37.7432 13.8924 14.3178 47.2261 10.0 43.0267 42.45 19.8494 0.0 34.2053 54.261 38.2753 28.0713 32.28 56.9174 35.2278 56.6127 75.1864 
25.2982 32.573 41.1466 59.0762 93.0382 52.1619 42.7173 77.9409 38.0132 50.5873 5.38516 31.0161 13.0384 73.014 48.3011 23.7065 75.6439 10.2956 41.0122 78.9228 81.0344 35.2278 19.105 47.3814 47.3814 25.0799 29.1548 59.2927 29.5914 14.4222 34.2053 0.0 22.561 71.5891 59.6154 12.6491 65.7286 26.2488 22.4722 70.6362 
46.1052 18.6924 30.0466 37.054 86.0225 45.9855 64.0488 102.458 16.9706 56.2415 24.0 49.3704 33.0606 82.4585 53.0794 6.08276 94.0264 32.573 19.4165 73.272 105.092 53.1601 30.0466 67.9122 68.0706 21.2603 47.6967 67.0506 34.7139 34.6689 54.261 22.561 0.0 90.4094 77.9178 34.0147 70.1981 47.0956 17.2047 58.9313 
66.6327 85.8451 80.0601 114.04 92.4392 73.736 40.6079 23.0217 109.476 57.5687 75.1532 41.0488 73.6817 35.0143 59.4643 92.7946 6.7082 63.1585 99.7131 82.0061 24.0832 83.1505 70.9201 29.0172 30.0 80.4031 42.72 48.5296 73.1402 57.2451 38.2753 71.5891 90.4094 0.0 13.6015 70.5195 58.0345 71.5681 94.0213 88.0145 
53.032 72.2445 66.4595 100.439 82.7647 60.7478 27.0185 22.4722 96.9278 44.911 63.5689 28.6356 63.1506 25.632 46.5725 80.303 16.1245 51.923 86.1124 71.3442 25.0 75.2396 58.3717 23.2594 24.5967 67.8547 30.4631 35.0143 59.5396 45.5412 28.0713 59.6154 77.9178 13.6015 0.0 60.0167 47.3814 63.0317 81.8596 75.6637 
34.4093 45.2217 53.7188 71.007 103.325 62.479 45.1021 80.0562 47.8017 60.3967 10.0499 33.0151 3.16228 75.3989 58.1364 33.7343 75.4321 9.48683 53.0848 89.1964 83.0963 23.3452 31.0644 43.4166 43.0465 37.6962 31.0161 68.7158 39.9085 16.4924 32.28 12.6491 34.0147 70.5195 60.0167 0.0 75.538 13.6015 28.3019 80.9533 
41.3364 51.4782 41.2311 72.9452 35.7351 26.4008 41.3888 41.7852 78.6699 15.2971 71.1027 49.8518 77.3553 23.1948 18.1108 75.3794 55.5788 66.7676 64.2884 24.0208 43.8634 98.7181 56.4587 63.0714 64.405 55.9635 51.782 13.8924 45.1774 61.329 56.9174 65.7286 70.1981 58.0345 47.3814 75.538 0.0 89.4709 84.0573 32.249 
45.9674 58.8218 67.2474 84.1487 115.281 75.0 51.9665 84.5931 59.6825 72.1435 23.1948 39.5601 14.0357 80.5713 69.8832 46.0977 77.2334 20.6155 66.3702 101.14 87.4643 12.6491 44.2945 42.7551 41.9762 51.264 37.6962 75.5802 52.4465 26.2488 35.2278 26.2488 47.0956 71.5681 63.0317 13.6015 89.4709 0.0 38.6005 93.4914 
43.9311 35.7209 47.0751 49.6488 103.051 63.014 65.2666 100.49 22.0907 68.916 19.799 53.2259 25.9422 92.4801 66.6435 12.0416 97.9439 31.8904 34.1321 90.3005 103.16 41.0122 35.4418 69.527 69.4262 38.2888 51.4296 77.0908 61.0637 36.8917 56.6127 22.4722 17.2047 94.0213 81.8596 28.3019 84.0573 38.6005 0.0 75.9598 
48.7545 40.8167 30.0 48.5077 27.6586 18.7883 54.4518 73.8241 64.56 31.0161 75.2072 65.0 82.5086 54.4243 30.0666 64.1125 86.4002 72.9452 47.2969 17.4642 76.0263 104.293 61.3634 85.7088 86.8332 46.0536 66.2673 41.0 43.1856 68.4763 75.1864 70.6362 58.9313 88.0145 75.6637 80.9533 32.249 93.4914 75.9598 0.0 
DEMAND_SCENARIO_SECTION
0 0 0 0 0 0 0 0 0 0 0 0 0 0 0 0 0 0 0 0 0 0 0 0 0 0 0 0 0 0 0 0 0 0 0 0 0 0 0 0 0 0 0 0 0 0 0 0 0 0 0 0 0 0 0 0 0 0 0 0 0 0 0 0 0 0 0 0 0 0 0 0 0 0 0 0 0 0 0 0 0 0 0 0 0 0 0 0 0 0 0 0 0 0 0 0 0 0 0 0 0 0 0 0 0 0 0 0 0 0 0 0 0 0 0 0 0 0 0 0 0 0 0 0 0 0 0 0 0 0 0 0 0 0 0 0 0 0 0 0 0 0 0 0 0 0 0 0 0 0 0 0 0 0 0 0 0 0 0 0 0 0 0 0 0 0 0 0 0 0 0 0 0 0 0 0 0 0 0 0 0 0 0 0 0 0 0 0 0 0 0 0 0 0 0 0 0 0 0 0 
7 9 16 14 6 9 6 13 11 14 10 9 14 8 8 12 6 6 11 11 4 6 9 5 5 10 15 11 5 13 14 8 5 10 13 10 12 5 11 9 10 10 10 16 6 16 12 9 10 14 15 7 4 12 8 9 4 12 11 15 7 7 10 7 12 3 14 15 9 11 12 12 12 4 7 12 16 8 9 11 11 12 8 7 12 12 4 8 13 5 9 12 4 8 17 8 11 10 16 9 13 5 7 0 8 7 11 12 9 6 10 11 10 5 4 7 10 11 17 8 14 16 10 9 8 13 14 12 10 10 12 6 13 9 11 11 4 9 10 4 13 12 6 11 7 12 11 11 8 10 10 13 10 11 9 6 4 8 9 12 12 13 9 12 11 13 10 9 11 11 13 9 6 7 8 6 15 12 8 16 10 10 5 16 6 6 13 14 10 6 8 10 9 8 9 11 7 7 10 8 
4 8 6 4 2 6 6 5 7 6 6 6 11 4 5 4 7 4 6 5 4 3 5 5 5 2 8 6 5 1 6 8 5 6 3 8 5 6 9 6 5 6 5 3 3 2 4 7 6 4 4 5 5 7 3 5 6 7 6 7 5 5 6 6 4 5 4 9 2 4 7 7 3 5 6 5 7 2 6 3 2 4 6 5 2 4 8 6 8 3 3 4 3 4 6 5 5 7 6 1 7 3 6 4 6 7 6 3 3 7 2 2 8 4 3 6 10 4 8 3 10 5 3 6 2 6 6 6 3 4 5 2 6 6 5 4 5 4 5 5 4 3 7 4 5 5 6 4 5 3 6 2 1 5 4 6 7 5 5 5 8 8 4 6 5 1 3 3 4 2 4 8 5 6 9 6 2 7 5 9 8 6 5 4 7 5 6 6 6 3 4 7 8 6 4 8 4 5 7 7 
8 11 8 9 10 11 11 11 7 5 11 4 6 12 8 9 9 10 8 15 15 14 10 5 8 10 8 6 8 8 11 5 12 10 10 7 11 9 8 6 5 7 11 6 9 3 9 12 9 10 2 5 11 9 10 9 12 8 6 7 4 6 6 8 8 6 5 4 10 13 10 4 10 13 10 6 14 9 3 7 12 10 11 7 7 9 8 9 11 5 10 12 4 8 7 12 14 6 8 6 11 7 9 12 4 9 5 8 12 8 5 8 6 11 9 5 9 14 9 10 9 3 7 5 7 7 9 10 6 7 14 5 5 7 8 7 10 9 8 13 11 8 12 6 6 0 9 8 6 6 8 11 10 12 4 14 10 9 11 10 3 8 7 13 7 9 9 10 15 8 12 11 13 3 6 9 9 13 7 10 9 15 9 12 11 12 10 12 6 11 6 13 6 11 9 8 5 14 6 10 
3 5 5 3 4 2 5 3 2 2 4 1 3 2 4 4 3 4 3 4 1 6 4 2 4 4 5 7 4 3 4 3 3 3 3 4 4 5 4 5 4 4 3 5 4 6 4 3 3 5 3 3 3 4 4 5 3 5 6 4 6 5 3 5 3 6 8 3 1 5 5 2 7 3 4 4 5 5 4 2 3 5 4 3 3 3 5 5 4 3 4 7 4 6 4 5 3 3 3 4 5 3 7 3 6 1 1 5 4 5 5 4 4 2 4 7 3 6 4 3 5 3 6 4 3 3 5 3 3 4 4 5 7 7 5 4 2 5 6 5 3 4 4 5 7 4 2 4 5 3 3 5 4 3 5 4 1 0 5 5 3 4 3 4 5 2 3 5 5 4 2 3 4 5 4 2 7 3 3 4 4 5 4 4 5 3 4 4 3 5 6 5 2 4 4 5 5 4 5 4 
5 4 3 3 2 1 3 3 2 3 1 1 2 5 3 4 3 4 3 3 3 5 2 5 3 3 3 3 4 3 4 3 2 3 2 4 5 5 2 2 1 4 3 3 4 3 2 3 3 2 2 3 4 2 3 5 4 3 2 3 3 2 4 4 4 3 3 3 3 4 2 5 2 1 2 3 4 5 2 3 4 3 5 4 4 2 2 3 1 3 3 3 1 4 2 1 2 5 4 4 3 3 4 3 3 3 1 3 3 4 4 2 3 3 2 3 3 3 2 4 1 2 3 3 4 2 5 2 3 3 2 2 4 3 3 3 4 4 3 4 3 2 4 1 2 4 4 4 2 3 4 3 5 4 2 2 0 4 4 2 3 3 3 5 4 3 3 3 2 2 2 3 2 4 4 3 4 4 4 2 3 4 3 3 2 3 4 1 3 1 3 3 4 5 2 4 3 2 4 3 
9 12 10 9 12 7 11 6 9 11 15 12 10 5 16 7 4 10 2 13 12 7 7 5 15 8 11 12 13 12 12 10 9 8 7 10 3 10 10 12 14 1 12 9 8 13 7 6 11 8 13 10 7 14 13 12 0 6 13 6 11 17 9 7 7 10 13 12 8 12 18 9 14 8 15 13 8 10 15 14 12 9 10 6 8 11 5 4 10 4 8 8 13 13 7 10 15 11 9 10 16 12 8 7 10 8 7 10 9 16 8 15 12 3 11 10 7 10 8 8 5 10 10 15 6 16 4 14 12 6 15 11 7 1 10 5 3 10 12 12 10 10 5 5 8 16 12 13 14 10 9 2 12 11 13 14 2 8 11 12 18 6 7 7 10 14 5 9 8 11 7 15 10 18 5 12 12 12 4 10 12 9 11 1 9 13 8 15 13 14 9 10 10 8 12 12 10 9 10 10 
8 6 2 6 4 4 10 8 8 7 10 6 7 5 8 6 3 8 8 6 9 7 8 7 6 11 7 8 8 5 5 4 5 6 6 9 3 6 6 10 7 8 4 7 6 5 6 6 7 6 9 8 7 5 5 9 8 4 6 7 4 4 9 12 7 6 4 4 9 5 8 11 6 8 3 5 3 7 6 6 5 7 10 2 9 9 6 6 9 2 7 6 5 3 4 11 8 4 7 4 8 6 4 8 7 4 10 10 4 7 5 5 3 8 8 8 5 9 10 7 6 6 5 4 7 3 8 6 5 7 5 5 7 2 3 9 8 7 5 9 6 6 5 6 7 5 9 6 6 5 6 6 9 3 5 2 9 8 10 6 7 9 7 2 11 4 9 5 5 6 7 9 6 8 8 9 8 9 8 7 7 5 9 6 4 8 5 9 3 9 4 7 9 10 7 1 10 4 5 5 
2 1 1 1 1 1 0 1 1 1 1 1 1 1 1 1 1 1 1 1 1 0 1 1 0 1 2 0 1 1 1 0 1 1 2 1 1 1 1 1 1 1 1 1 1 1 1 1 1 1 1 1 1 1 1 1 2 1 1 1 1 1 1 1 1 1 1 2 1 1 1 1 1 1 1 1 1 1 1 1 1 2 1 1 1 1 1 1 1 2 1 1 1 1 1 1 1 1 1 1 1 1 1 1 2 0 1 1 1 1 1 1 1 1 1 1 1 1 1 1 1 1 1 1 1 1 1 1 1 1 1 1 1 1 2 1 1 1 1 1 1 1 1 1 1 1 1 1 1 1 1 1 1 1 1 2 1 2 1 1 1 1 2 1 1 1 1 1 1 1 1 1 1 1 1 1 1 1 1 0 1 1 1 1 2 1 2 1 1 1 1 1 1 0 1 2 1 1 1 1 
2 3 4 4 3 1 4 3 3 1 3 5 3 4 3 2 4 3 3 4 1 4 5 4 2 5 3 2 3 3 2 2 4 2 2 3 3 2 3 3 3 2 3 3 4 3 4 3 2 4 3 1 2 3 2 4 3 2 3 2 2 5 2 3 2 3 4 3 4 3 5 3 3 4 2 4 3 3 4 2 2 3 5 3 1 4 4 2 2 4 4 3 4 6 4 3 3 3 4 4 2 1 3 3 3 3 2 3 3 3 2 2 1 3 2 3 2 5 3 2 1 2 5 3 4 4 2 4 2 2 3 2 1 3 3 2 4 4 2 3 4 2 3 3 3 3 5 4 2 3 3 3 4 3 4 3 3 3 5 4 3 3 2 3 4 2 3 2 4 3 3 3 3 3 0 4 3 3 4 2 3 3 3 3 2 3 2 2 4 3 3 3 2 2 3 1 3 4 3 4 
1 1 1 1 1 2 1 0 1 1 0 1 1 1 1 1 1 1 1 0 1 2 1 1 1 1 1 0 1 1 1 1 0 1 1 1 1 1 1 1 2 1 1 1 1 1 1 1 1 1 1 2 1 0 1 1 1 1 1 1 1 1 1 1 2 1 1 2 1 1 1 0 1 1 1 2 1 1 0 1 0 1 1 0 1 1 1 1 1 0 1 1 1 1 1 1 1 1 1 1 1 1 0 1 1 1 1 1 1 1 1 1 0 1 1 1 1 1 1 1 1 1 1 0 1 2 0 1 1 1 1 1 2 1 1 1 1 1 1 1 1 1 1 1 1 1 1 1 1 1 1 1 1 1 1 1 0 1 1 1 1 1 1 2 1 1 1 0 1 1 1 1 1 1 1 1 2 1 0 1 0 1 1 1 1 1 1 0 1 1 1 1 1 1 1 1 1 1 1 1 
2 2 4 3 2 4 3 4 0 3 2 2 3 3 3 3 2 5 5 3 2 2 2 2 5 3 4 4 3 3 3 5 3 1 3 2 3 1 4 3 2 3 3 3 1 2 2 4 3 1 3 2 4 4 4 3 3 3 1 4 4 2 2 3 3 3 3 2 2 3 3 3 2 1 2 3 4 3 4 2 3 4 3 2 4 3 1 3 3 3 2 2 5 3 4 4 2 3 3 2 5 3 4 3 5 3 3 2 1 3 3 3 4 4 4 3 1 4 4 3 2 6 2 4 2 3 4 2 4 3 3 2 2 3 3 2 4 3 2 2 2 4 4 3 2 4 4 3 1 2 2 6 3 2 3 6 4 4 3 2 2 3 1 2 3 0 2 3 6 3 4 2 3 2 1 5 2 4 4 4 2 1 4 2 3 2 2 5 4 2 3 3 2 5 2 4 1 2 3 2 
3 2 2 4 4 3 4 2 3 3 4 4 5 3 4 4 2 2 5 4 3 4 5 2 4 3 4 2 4 3 4 3 2 3 2 3 4 4 2 5 4 4 3 4 4 3 2 2 4 3 4 4 5 1 2 4 4 3 2 3 3 4 3 3 2 2 3 3 2 4 1 1 4 2 3 2 3 5 4 2 2 4 2 4 3 5 5 1 3 4 2 4 3 3 1 4 3 3 2 3 3 3 3 2 2 5 4 2 4 4 2 2 3 1 3 2 3 3 5 2 3 4 3 3 4 3 2 2 3 2 4 3 5 3 3 3 4 4 4 2 4 2 3 3 3 2 6 3 3 4 4 4 3 3 2 3 1 0 1 4 2 2 2 2 2 3 1 3 4 1 4 4 3 4 2 3 3 3 3 4 4 2 3 3 3 3 3 6 2 2 5 3 3 3 4 4 3 5 2 3 
6 1 9 9 6 10 4 4 7 7 8 4 5 6 7 8 6 6 5 8 5 3 5 8 8 6 4 9 3 5 6 7 4 4 5 5 5 3 6 5 11 4 4 8 6 8 2 5 6 5 6 8 6 5 6 4 4 4 8 6 6 4 3 5 4 4 8 10 3 11 6 7 3 6 4 7 6 8 7 9 5 5 6 2 6 5 5 7 7 10 6 8 6 7 6 5 8 6 4 6 6 5 6 7 12 5 5 4 8 8 7 3 2 7 4 9 6 8 6 7 4 10 6 8 7 5 4 4 4 8 7 7 5 5 9 8 7 8 7 5 7 3 7 7 4 7 7 4 5 5 8 7 6 4 8 5 5 7 8 7 6 2 4 6 3 6 8 6 7 6 6 5 5 6 7 7 10 4 3 4 5 7 5 7 8 4 2 6 7 6 7 9 8 5 8 7 5 6 7 3 
5 7 3 12 5 8 8 9 8 7 7 7 9 8 9 6 7 9 8 7 7 5 7 9 9 6 10 7 6 8 5 7 4 8 8 6 11 7 5 6 4 6 9 11 7 10 5 5 10 4 5 6 8 6 8 8 6 10 9 5 6 3 9 7 8 3 9 4 11 10 4 6 4 4 5 6 10 4 6 10 10 10 9 9 7 6 10 4 3 10 6 8 8 10 2 11 7 8 10 6 8 9 9 6 6 9 11 5 6 8 6 6 6 7 8 8 6 10 6 3 6 9 6 10 8 8 8 9 7 7 4 6 5 6 5 6 6 8 10 6 6 4 6 6 7 8 6 7 5 2 6 6 10 12 8 12 10 9 5 1 9 4 8 8 6 7 5 6 6 10 8 5 6 7 7 6 7 8 11 5 12 9 6 6 6 5 9 7 4 8 5 5 5 10 2 7 4 1 12 5 
8 8 6 13 4 12 11 6 5 8 9 12 8 10 7 8 8 9 13 10 6 5 5 8 12 10 15 9 13 12 10 9 9 9 5 4 6 11 13 12 7 6 8 14 6 9 12 8 13 7 11 12 4 7 11 0 11 2 7 6 13 7 7 11 7 12 6 14 14 10 8 10 7 11 8 10 9 11 14 3 10 7 6 9 9 9 9 8 8 12 8 1 12 9 11 5 11 10 8 5 6 12 6 12 7 4 8 9 10 9 4 3 10 9 9 10 8 15 6 9 8 7 13 6 7 7 10 5 9 13 9 6 12 11 12 13 12 7 12 13 12 8 5 11 11 14 9 7 9 13 7 8 8 8 13 13 11 9 6 12 9 8 8 4 9 7 10 7 7 10 5 7 8 8 10 14 9 8 10 12 11 15 9 10 11 13 7 9 0 7 14 8 12 7 2 6 7 7 10 10 
7 9 9 9 9 7 6 7 8 10 17 9 6 10 9 9 7 7 10 8 8 11 6 5 9 4 10 8 11 7 8 9 6 8 4 8 9 8 8 5 8 4 4 10 4 8 5 12 5 6 11 3 4 10 8 10 6 7 8 6 5 7 8 8 10 8 13 7 11 4 13 5 10 11 9 9 6 8 8 6 8 6 8 12 5 9 10 6 10 14 5 7 3 8 11 14 5 11 9 10 8 10 9 5 12 9 7 8 7 9 11 12 13 13 5 5 11 8 10 13 7 5 4 10 6 9 13 4 4 4 10 6 6 8 4 5 8 3 10 4 10 11 5 8 5 8 6 13 6 5 11 3 6 9 6 8 4 8 8 6 8 6 5 6 4 8 10 8 7 10 2 5 10 2 7 2 9 11 7 14 6 9 6 12 7 6 13 8 5 7 10 5 7 10 4 7 11 13 9 11 
7 6 9 7 10 8 6 8 11 6 11 7 7 5 3 11 3 8 5 9 8 5 5 6 9 8 4 13 8 8 7 6 9 10 9 7 9 8 8 9 9 7 8 11 10 8 7 10 1 10 10 13 10 4 9 6 6 6 4 9 7 2 9 7 7 8 6 8 11 6 5 8 4 8 9 4 5 5 7 4 9 10 12 11 4 11 7 8 10 12 6 6 6 8 4 8 6 8 10 8 10 10 8 11 11 13 7 7 10 12 3 10 5 9 6 10 10 8 10 7 10 9 7 7 7 3 6 7 3 6 12 9 8 9 7 4 7 7 8 7 10 11 11 7 9 13 6 7 9 6 10 8 6 9 9 8 7 11 4 11 7 7 12 8 2 12 9 13 10 5 5 6 11 10 6 10 6 11 3 9 7 10 14 7 10 4 11 10 8 11 8 5 6 9 4 11 11 11 10 9 
2 7 6 5 3 7 6 3 5 6 8 6 3 6 7 6 8 8 3 5 6 9 4 6 10 8 6 4 8 8 6 6 6 3 8 8 6 7 7 7 4 3 11 8 8 6 2 7 9 11 7 4 5 4 4 8 5 5 7 7 6 6 6 7 3 10 2 5 5 8 10 5 7 8 7 5 5 5 6 3 6 3 8 9 7 5 6 5 2 2 1 6 9 8 7 5 9 9 9 8 8 4 4 4 8 8 5 5 3 7 8 4 7 5 5 5 8 4 8 6 7 7 5 5 6 4 5 9 6 9 7 4 7 5 7 3 5 5 9 6 4 9 7 7 6 6 7 4 7 7 5 5 5 3 7 3 7 10 5 4 5 11 7 7 8 4 4 3 8 5 2 8 2 5 6 5 9 5 6 5 5 9 8 4 8 8 10 6 8 3 9 4 7 7 9 4 9 7 7 6 
7 7 7 8 3 8 10 12 8 4 7 7 7 11 8 10 11 9 8 6 5 11 15 7 5 8 10 10 10 10 9 11 12 8 7 8 11 4 10 2 5 13 8 6 11 7 0 6 11 6 9 9 3 8 9 9 5 6 12 8 7 12 0 9 8 10 10 6 6 8 10 7 6 8 0 9 11 10 9 4 3 10 7 9 11 11 7 6 6 8 11 8 8 7 7 10 8 10 5 7 8 8 7 11 9 13 7 9 13 6 6 6 9 5 7 9 10 10 4 8 7 5 8 9 12 10 8 8 13 6 10 9 9 10 8 10 8 4 8 9 10 7 10 5 10 6 11 3 10 8 9 12 6 9 13 10 7 11 11 9 9 11 12 10 7 8 6 13 11 12 8 5 9 8 5 10 7 7 7 10 10 8 10 7 6 7 9 9 9 8 7 8 9 10 10 5 4 5 9 3 
2 2 3 5 3 4 3 5 7 2 4 4 2 3 4 4 5 2 5 4 3 3 4 4 1 3 4 5 5 4 4 6 5 4 3 6 3 2 3 3 1 3 5 3 3 5 5 3 5 3 4 5 2 5 5 6 3 4 5 2 5 3 6 4 5 3 2 6 4 5 4 3 3 4 1 5 4 5 2 0 4 5 4 4 1 5 6 7 3 6 4 1 7 6 5 6 4 3 3 4 3 3 4 4 4 3 3 4 3 3 3 3 5 2 0 4 7 5 3 4 3 3 5 4 4 1 6 2 3 5 3 5 6 4 5 4 6 2 6 2 4 6 1 6 6 4 2 4 3 4 5 3 3 2 4 5 4 2 3 4 5 4 6 3 2 4 6 3 5 3 4 3 4 4 3 4 2 3 1 4 3 6 4 3 6 6 2 6 1 4 5 4 8 3 5 4 3 3 4 3 
4 2 2 3 4 5 5 4 5 2 2 5 4 5 2 2 2 3 4 4 1 3 4 4 1 2 3 2 1 3 3 5 3 3 2 2 3 4 3 4 3 2 3 2 2 4 1 1 4 4 3 2 3 3 2 3 4 4 1 4 3 2 2 3 2 2 3 3 2 3 4 2 5 1 4 4 3 2 2 3 4 3 3 4 3 2 3 3 3 2 3 3 3 3 2 3 2 3 4 2 3 4 3 2 4 3 4 4 2 4 3 2 3 3 2 1 4 3 4 2 3 1 4 2 4 2 3 2 2 4 3 3 4 4 3 2 3 3 4 3 1 1 3 4 2 2 3 2 3 2 4 2 2 2 7 3 4 4 3 4 3 3 3 3 3 1 2 3 4 3 5 4 4 3 4 2 2 3 4 3 2 4 2 4 1 4 4 3 2 3 2 3 3 4 4 2 5 3 4 2 
5 5 4 5 4 8 8 9 6 5 3 6 6 8 8 8 5 8 6 3 6 6 5 5 4 6 9 8 9 6 9 2 5 8 5 4 7 5 6 7 8 8 6 7 4 7 3 3 11 4 3 2 5 9 11 5 4 8 3 6 3 6 5 4 7 6 4 6 5 4 2 7 6 6 8 6 5 4 7 8 6 7 8 6 6 8 8 6 4 7 7 4 6 8 9 5 4 7 7 5 2 8 7 7 7 6 8 7 5 5 5 7 4 6 7 7 8 5 3 3 3 6 8 6 8 6 4 7 7 3 3 6 2 5 4 5 3 6 5 8 7 2 10 7 8 5 9 5 3 6 4 8 3 12 4 3 7 9 6 4 4 4 11 4 6 4 7 4 6 8 8 12 4 6 6 4 5 6 6 3 5 8 10 6 6 5 6 7 2 9 5 6 5 6 5 8 4 10 6 7 
8 10 12 8 7 8 8 11 14 5 7 8 6 9 4 6 7 2 5 8 6 10 10 8 5 4 5 4 4 7 11 5 10 8 8 7 6 7 8 7 7 4 9 4 5 6 3 5 9 3 5 9 11 6 6 4 9 7 7 9 6 5 5 7 4 13 6 7 3 5 7 9 10 9 6 6 11 7 7 10 5 8 9 6 6 8 4 4 9 11 2 4 6 8 8 9 5 9 9 7 9 8 8 7 4 7 5 3 9 4 5 8 6 12 7 7 5 12 1 6 4 9 13 9 9 6 7 10 3 5 5 7 8 6 9 7 8 9 10 10 7 8 9 7 11 6 4 9 6 10 6 7 7 5 5 9 5 11 8 6 8 4 6 12 2 10 7 10 10 4 10 11 8 4 5 6 4 8 6 4 10 8 6 10 5 8 7 5 5 7 6 11 6 6 2 7 8 5 5 11 
8 4 7 8 9 8 5 11 3 9 9 13 6 7 9 7 6 9 10 5 4 12 9 9 10 10 11 5 9 12 10 7 8 3 8 7 10 6 5 8 6 8 13 12 9 3 9 9 5 8 9 8 11 6 13 9 10 7 5 9 7 5 9 11 4 6 8 7 5 9 7 5 10 9 10 7 8 9 8 9 7 7 6 6 13 11 13 8 8 7 12 7 5 9 7 7 9 6 5 12 1 10 8 8 10 5 7 6 9 8 7 6 16 11 10 4 7 1 13 9 7 6 4 5 9 7 7 6 7 9 7 9 8 11 3 8 11 9 9 9 8 9 8 9 11 8 12 5 13 5 11 2 8 4 7 14 4 7 12 9 7 7 9 9 4 4 6 10 12 5 10 7 6 8 7 12 7 10 6 10 9 8 9 10 7 5 7 7 9 12 6 17 9 8 7 9 12 12 8 7 
1 1 3 2 1 1 2 2 1 2 2 1 1 2 2 2 3 2 3 1 3 2 2 1 2 2 2 2 1 3 1 2 2 1 4 2 1 3 4 1 2 2 3 2 2 3 2 3 2 3 2 2 1 3 2 2 2 1 2 3 2 2 2 3 2 2 2 2 2 2 3 3 2 2 2 2 2 1 1 2 3 1 2 2 2 2 2 1 2 1 3 2 2 3 2 3 1 3 2 2 2 1 2 2 2 3 2 2 2 2 3 2 2 2 1 2 2 2 2 3 1 1 2 3 2 3 1 2 2 2 2 2 1 2 3 2 2 2 3 1 1 1 2 2 2 2 1 2 2 3 2 1 2 2 2 1 3 2 1 2 0 2 3 2 0 1 3 2 2 2 2 2 1 3 2 3 2 2 2 3 3 2 2 2 1 2 2 1 2 1 3 2 1 2 1 2 2 2 2 2 
4 4 4 3 2 3 2 3 1 2 2 3 3 2 4 5 2 2 2 6 4 2 2 5 2 2 3 4 3 2 3 3 3 4 2 1 5 2 2 2 3 2 1 2 2 4 2 3 3 3 3 3 3 4 3 2 3 4 4 3 3 3 3 4 3 5 3 3 4 4 3 2 2 3 3 3 5 3 3 3 0 3 3 4 2 3 4 4 5 2 5 2 5 3 3 3 3 2 3 2 3 3 1 2 4 3 3 2 2 4 2 4 4 3 5 3 2 3 1 1 3 5 2 3 3 3 3 3 3 3 5 3 3 4 4 1 4 4 1 5 2 3 4 2 3 3 3 4 4 2 2 3 4 4 3 4 2 3 1 3 4 1 4 2 3 3 3 5 3 5 2 3 1 2 2 3 4 2 4 3 3 3 3 4 3 4 4 2 4 2 4 3 4 2 3 2 3 3 2 2 
3 6 9 6 10 6 7 9 5 5 5 10 8 5 8 10 7 2 11 5 9 6 10 9 5 7 8 10 5 7 8 10 12 11 8 7 6 10 7 9 7 10 7 7 5 4 8 6 6 1 3 8 8 3 6 7 11 7 8 6 8 5 10 7 3 4 3 5 6 7 7 7 10 11 9 8 6 8 10 5 7 8 6 7 9 10 12 11 10 6 4 8 7 6 7 5 9 3 7 7 7 6 7 7 5 7 10 5 8 9 7 9 5 8 8 6 8 1 10 11 9 7 5 1 6 10 11 8 7 9 2 6 8 6 9 8 11 6 4 6 5 5 6 5 8 7 6 11 5 3 7 7 8 6 10 7 11 5 6 17 12 4 8 6 6 4 5 10 5 9 7 7 7 4 5 6 11 5 8 6 9 6 7 2 6 10 6 6 9 10 7 5 10 5 8 8 4 9 7 4 
5 13 6 10 11 8 8 15 6 10 11 9 12 13 14 8 13 10 9 4 3 8 12 14 7 7 6 16 13 15 12 11 11 10 9 3 16 7 12 11 9 13 12 13 10 13 15 13 7 11 12 8 4 11 13 11 12 8 7 9 16 6 8 9 19 12 7 11 9 16 12 10 7 10 11 7 11 7 15 2 7 11 9 12 13 8 9 9 12 14 9 6 9 5 12 11 10 10 15 11 11 9 11 16 6 15 7 9 11 14 5 7 11 8 9 13 12 12 14 15 7 6 12 5 14 12 5 8 10 11 13 11 15 13 11 7 12 6 14 7 8 10 11 9 8 1 6 10 3 6 16 11 15 10 9 8 9 9 12 11 7 12 3 15 11 14 4 9 9 16 10 11 13 8 4 11 11 5 9 11 9 11 11 10 8 10 9 9 14 8 8 12 5 11 6 12 6 7 12 11 
3 4 3 3 1 4 3 3 3 4 2 2 2 3 4 3 2 3 4 3 1 3 3 5 4 3 3 2 6 3 2 3 3 2 2 5 1 3 3 0 2 5 2 2 2 4 2 3 3 6 4 4 3 5 3 6 2 2 2 4 4 4 3 4 4 3 2 2 3 4 4 3 3 2 3 4 4 2 4 3 3 6 2 3 3 2 3 3 3 2 3 4 3 4 3 2 5 4 1 5 3 4 3 4 1 3 4 4 3 3 5 1 3 3 5 2 2 4 2 3 3 4 4 3 1 3 5 2 4 3 3 4 3 3 0 3 4 4 1 2 3 2 4 4 2 3 1 2 3 4 2 4 3 3 3 3 2 2 2 3 3 4 4 3 3 4 3 2 2 5 4 3 3 4 3 3 4 1 3 2 3 2 2 2 4 3 3 5 4 3 4 3 3 3 2 4 5 4 2 2 
2 2 3 1 3 2 1 3 2 3 3 1 3 2 1 2 2 1 2 2 2 2 2 2 2 2 3 2 2 3 3 1 1 2 1 2 2 3 1 3 2 2 2 3 1 2 3 3 1 2 2 2 1 2 2 1 1 1 2 2 2 2 2 2 3 1 3 3 1 3 2 2 2 2 2 2 2 1 1 2 2 1 2 2 2 2 1 2 3 1 0 3 2 2 2 3 3 1 2 0 2 2 2 2 3 4 1 1 2 1 2 4 1 2 2 2 2 2 2 2 3 2 1 3 2 2 3 2 2 1 1 1 3 0 2 2 2 2 1 1 2 2 3 1 3 2 2 3 2 2 3 3 2 0 2 3 2 3 3 2 2 2 1 1 2 3 1 2 1 2 2 1 2 0 3 1 1 2 1 2 3 2 1 2 2 2 2 2 2 1 3 2 0 3 2 1 3 2 1 3 
5 4 6 9 4 9 5 11 15 11 3 9 10 10 4 5 2 7 14 10 8 5 8 8 11 11 14 10 10 6 6 4 9 5 13 12 8 10 11 16 8 12 7 7 12 4 10 12 7 7 9 12 8 10 5 8 5 13 13 14 9 14 13 9 6 12 13 10 10 3 4 4 7 10 8 8 4 7 11 13 4 12 15 4 9 8 10 12 8 9 9 7 14 11 11 9 8 3 8 8 11 9 6 12 14 8 12 9 11 0 11 8 13 10 7 8 2 11 9 11 12 6 6 10 5 8 8 11 6 12 15 4 16 14 5 12 10 8 9 10 9 10 14 12 7 9 16 8 12 6 11 5 10 8 6 3 3 9 12 7 10 10 9 10 9 12 7 9 13 9 16 5 5 5 0 9 9 14 6 11 11 6 19 4 6 11 2 8 12 10 13 10 6 8 11 11 10 11 6 5 
5 4 3 4 4 3 3 4 6 3 4 1 5 4 3 6 3 2 4 3 3 4 2 6 4 4 4 3 5 5 5 3 3 5 2 3 5 2 4 5 1 2 4 3 5 4 1 4 5 3 4 5 5 5 3 5 5 3 4 4 4 4 4 5 4 4 4 3 2 5 4 3 7 4 2 5 3 2 2 4 6 3 3 2 5 2 5 5 4 5 3 5 3 4 3 3 4 4 7 4 4 4 4 4 5 3 3 3 1 6 5 2 4 1 3 2 5 4 3 2 5 6 2 3 1 3 4 3 4 4 3 3 0 8 7 6 5 6 4 4 4 5 4 4 4 5 2 6 4 3 4 6 4 4 6 4 4 4 4 3 5 3 3 4 1 6 4 4 6 3 3 6 3 4 3 3 3 5 4 4 4 3 5 5 2 4 4 3 3 4 5 7 6 4 5 6 3 2 3 3 
5 5 7 6 5 3 5 5 7 6 5 6 3 6 5 6 4 5 2 5 2 6 5 4 6 6 3 5 3 6 5 3 2 6 6 6 6 4 4 4 9 4 2 5 4 4 1 5 5 7 4 2 6 4 7 5 7 3 3 6 4 8 5 4 5 3 9 7 7 5 6 5 5 3 4 5 6 4 6 6 5 4 5 7 6 5 5 6 5 3 3 5 4 7 6 4 3 6 5 4 7 6 6 3 3 5 4 3 4 2 3 9 6 4 3 4 5 4 5 4 8 7 5 2 5 7 2 3 3 6 8 5 7 3 4 6 8 3 7 7 4 6 3 3 7 4 6 7 4 3 5 4 4 4 4 6 3 8 4 6 4 3 6 5 5 5 4 5 4 4 6 4 5 4 5 4 4 7 2 7 7 6 8 10 7 7 6 7 8 3 4 5 5 7 6 5 6 2 3 6 
3 0 9 9 7 7 5 2 3 5 7 6 6 4 6 8 6 4 4 5 4 6 5 6 5 8 7 6 6 5 6 3 4 5 6 3 8 3 6 7 4 4 8 4 9 8 4 6 3 6 7 9 4 6 6 3 6 6 5 5 9 7 4 4 6 4 4 8 8 5 8 6 6 8 6 4 5 7 5 8 6 4 7 3 6 6 10 7 6 8 2 8 5 5 5 4 6 6 6 3 4 5 7 5 6 6 2 6 6 5 3 8 5 7 5 5 8 2 6 7 3 6 8 9 4 6 3 4 8 10 3 6 9 9 6 8 0 8 7 11 6 3 5 8 5 12 8 11 5 5 8 7 9 6 2 7 6 8 7 7 8 8 1 6 7 4 10 4 7 4 7 6 9 9 5 6 9 7 4 6 9 4 5 8 8 4 7 10 4 5 6 7 8 5 6 3 7 6 8 6 
9 13 10 5 14 9 8 11 13 8 7 13 12 6 9 10 7 12 13 4 7 9 6 15 11 11 12 8 11 11 13 10 7 7 14 9 6 8 11 10 4 6 10 10 6 8 11 10 11 13 11 6 5 7 13 5 3 9 6 9 7 11 9 13 9 11 7 8 12 4 10 4 4 12 12 12 6 6 7 3 8 12 12 11 12 12 7 8 10 8 8 10 8 11 10 12 9 9 4 1 10 9 12 8 10 9 11 11 6 10 7 12 11 11 8 9 5 7 9 6 13 14 8 8 12 2 4 13 6 9 6 12 10 8 8 4 7 11 9 10 13 6 10 3 15 6 10 6 9 8 12 15 4 3 9 7 13 10 10 12 6 14 6 9 10 10 11 12 10 8 6 8 7 3 11 6 13 9 8 8 11 9 9 11 13 10 13 15 11 6 11 11 7 4 11 7 8 4 9 14 
2 2 1 5 4 3 3 3 2 2 2 4 3 2 0 2 3 3 3 4 4 3 3 2 1 3 4 3 1 5 3 2 3 6 4 3 3 2 2 2 5 2 4 3 4 2 2 4 0 3 1 3 2 3 5 3 3 4 2 3 5 2 3 1 4 3 2 4 2 4 2 4 3 4 3 4 4 3 3 3 4 2 5 2 4 2 5 3 1 4 2 4 3 3 2 2 4 3 4 1 5 4 3 3 4 4 1 2 3 2 5 4 3 1 2 3 4 1 4 4 3 5 2 4 4 3 3 4 3 2 1 3 4 3 3 3 3 3 2 2 2 2 5 3 3 3 2 2 2 4 3 3 2 5 3 2 4 2 2 3 4 4 5 3 3 3 2 2 1 3 4 2 3 3 3 3 3 3 4 3 3 4 3 3 3 2 3 2 3 3 3 2 3 4 3 4 4 2 5 3 
5 4 6 3 12 5 11 8 7 8 9 9 7 7 4 8 8 7 11 9 8 10 7 10 7 10 10 7 10 11 10 8 7 12 6 10 10 13 11 10 6 8 3 11 7 9 7 4 13 4 13 2 7 5 8 8 7 11 6 5 7 6 4 4 8 4 9 7 10 12 6 5 5 9 5 5 8 3 12 9 14 7 9 6 4 9 8 7 7 10 10 6 10 7 7 10 5 13 8 4 8 7 7 6 11 12 11 2 7 8 12 13 0 9 6 4 8 8 9 5 9 8 8 6 7 8 7 6 11 4 7 3 6 10 9 12 5 7 10 11 10 7 7 9 11 6 9 7 6 7 4 10 10 9 13 4 14 6 9 9 8 7 9 5 6 9 2 14 4 9 8 10 10 10 7 6 5 9 4 6 12 7 10 5 5 8 15 6 6 10 12 8 8 9 10 13 7 8 4 5 
5 4 4 8 3 7 7 9 11 8 8 8 2 11 10 5 8 11 7 7 11 8 9 13 8 11 8 12 10 10 5 10 7 10 13 8 11 2 3 13 10 8 12 11 6 8 7 9 8 11 7 5 8 9 10 8 13 9 6 10 11 5 9 10 9 9 9 12 3 12 4 4 5 10 6 7 12 9 4 7 12 7 5 7 1 7 9 8 11 8 7 14 5 9 9 8 6 6 13 7 10 4 4 10 9 0 8 7 5 7 10 5 8 11 7 11 9 4 8 12 7 5 8 12 11 9 5 9 6 11 7 6 10 6 7 4 9 11 7 6 9 10 4 12 7 4 9 7 9 5 4 7 6 9 5 12 8 10 13 4 11 5 6 12 12 11 8 8 8 10 8 9 9 10 9 9 9 12 9 15 6 7 10 7 6 12 8 5 7 3 8 7 8 6 10 7 5 5 6 12 
13 7 9 11 13 12 9 9 15 9 13 12 12 5 13 12 14 8 9 13 6 7 14 12 12 10 15 10 8 6 12 5 6 9 8 8 4 14 6 12 7 9 14 11 8 10 10 11 10 14 7 11 8 12 10 9 14 7 9 18 1 11 10 9 10 5 13 13 8 12 8 8 8 6 15 15 7 13 12 10 9 4 10 8 10 7 14 12 8 8 11 3 9 8 17 14 15 13 12 13 8 13 0 9 10 10 4 10 7 12 13 6 12 11 14 7 10 11 14 13 8 13 15 9 10 13 15 13 14 11 11 9 7 4 10 11 14 4 10 15 9 16 10 13 10 11 12 12 9 14 9 5 14 5 12 6 9 10 8 12 9 9 10 9 9 9 18 3 5 9 10 5 6 10 16 14 5 10 6 16 8 15 10 8 4 13 13 4 11 7 13 8 10 10 10 8 15 10 11 10 
DEPOT_SECTION
 1
 -1
EOF
