NAME  : Jabali_40_4_0.82_1_3
TYPE : SVRP
MODEL : FINITE_SUPPORT
NUMBER_OF_SCENARIOS : 200
DIMENSION : 40
EDGE_WEIGHT_TYPE : MATRIX
CAPACITY : 59
N_VEHICLES : 4
NODE_COORD_SECTION
1 5342 2940
2 6296 5230
3 6492 3996
4 5118 3345
5 649 3245
6 769 4089
7 2015 3255
8 6369 4345
9 7517 2712
10 5192 4844
11 2818 2248
12 4736 5817
13 7295 1322
14 7110 4406
15 6719 6313
16 5749 993
17 5301 114
18 4223 430
19 6194 4973
20 3473 2939
21 3018 4913
22 6438 1096
23 4750 1316
24 869 657
25 3343 7188
26 27 1074
27 2142 1659
28 6281 3572
29 1307 2400
30 3574 6618
31 7182 1143
32 4581 5218
33 2214 962
34 2446 216
35 3728 4822
36 5898 2055
37 5401 6719
38 5922 6272
39 6592 18
40 471 2417
DEMAND_SECTION
1 0.0
2 4.0
3 10.0
4 4.0
5 9.0
6 6.0
7 3.0
8 4.0
9 9.0
10 2.0
11 2.0
12 6.0
13 9.0
14 6.0
15 10.0
16 2.0
17 4.0
18 2.0
19 1.0
20 2.0
21 5.0
22 4.0
23 4.0
24 1.0
25 2.0
26 1.0
27 4.0
28 10.0
29 9.0
30 6.0
31 4.0
32 10.0
33 9.0
34 4.0
35 6.0
36 8.0
37 2.0
38 3.0
39 8.0
40 2.0
DEVIATION_SECTION
1 0.0
2 1.33333
3 3.33333
4 1.33333
5 3.0
6 2.0
7 1.0
8 1.33333
9 3.0
10 0.666667
11 0.666667
12 2.0
13 3.0
14 2.0
15 3.33333
16 0.666667
17 1.33333
18 0.666667
19 0.333333
20 0.666667
21 1.66667
22 1.33333
23 1.33333
24 0.333333
25 0.666667
26 0.333333
27 1.33333
28 3.33333
29 3.0
30 2.0
31 1.33333
32 3.33333
33 3.0
34 1.33333
35 2.0
36 2.66667
37 0.666667
38 1.0
39 2.66667
40 0.666667
DISTANCE_MATRIX
0.0 33.3766 21.095 5.65685 63.6923 62.1924 46.2245 23.7697 29.8946 26.2488 43.6242 39.8121 38.1487 30.8058 49.4975 27.7312 39.344 37.2156 30.4138 33.6802 39.8186 29.5598 23.0 66.8446 63.2535 75.258 44.8481 15.6205 55.6242 55.4437 37.8849 32.7567 48.93 53.3385 33.6006 14.2777 51.1957 46.0977 43.4671 69.7138 
33.3766 0.0 16.1555 30.3645 77.6 76.1578 60.8276 11.7047 37.0135 15.2643 71.0732 22.2036 53.2353 15.2643 16.1245 57.5587 70.2567 70.5762 3.0 50.2195 44.0114 55.5154 56.2228 95.6308 47.7598 100.264 72.9727 21.587 75.1044 41.2311 55.0091 22.561 79.7419 85.2688 34.5398 43.2897 23.3452 15.2643 69.9163 84.2912 
21.095 16.1555 0.0 20.5183 75.2917 73.8077 57.885 4.47214 22.0227 20.2485 66.1837 33.2866 37.2156 9.89949 31.257 42.0476 55.0 57.3482 13.4164 45.3408 47.0106 39.3633 46.7602 87.8335 59.6825 97.3148 65.8371 6.08276 72.1555 52.3546 38.9487 29.7321 69.9189 74.4312 38.0526 28.0179 38.833 31.305 53.7642 81.3743 
5.65685 30.3645 20.5183 0.0 58.4801 56.9802 41.0123 22.2036 32.577 21.3776 49.311 34.5398 43.7228 30.4138 46.3249 33.3053 44.9182 41.0 27.5136 28.4681 34.5398 35.134 27.2947 68.0813 57.6281 80.4421 46.0848 16.1245 55.2828 49.8197 43.4591 27.2947 50.1667 55.0364 28.0179 19.8518 46.5296 42.0119 49.0413 64.5016 
63.6923 77.6 75.2917 58.4801 0.0 11.0454 19.2354 75.1332 90.3815 62.4601 40.28 65.3966 92.116 84.5281 89.9454 72.5999 73.3894 59.5063 75.809 45.8401 44.8739 81.2015 59.354 34.2053 63.6003 30.1496 28.8444 72.5551 14.2127 59.6154 91.8522 58.3934 36.0694 46.0109 46.1451 77.97 78.7821 81.1965 88.5739 11.0 
62.1924 76.1578 73.8077 56.9802 11.0454 0.0 21.5407 73.5882 88.8816 60.8951 45.7359 56.7587 97.5719 83.0029 84.0362 78.0558 78.967 65.7343 74.244 44.3564 36.236 86.6574 64.8099 45.1221 53.4883 41.0488 36.7967 70.9493 23.3238 50.1199 97.3081 53.6026 45.0 55.2178 42.9858 76.4701 70.1442 73.935 94.2134 22.0227 
46.2245 60.8276 57.885 41.0123 19.2354 21.5407 0.0 57.6768 72.9137 46.0109 24.9706 50.0899 76.8065 67.2872 74.027 57.2905 58.2016 44.9884 58.8394 28.3723 26.1725 65.892 44.0445 37.3631 58.0086 39.6611 19.6469 55.0873 14.4222 52.1536 76.5428 43.0465 28.8617 38.8973 31.3847 60.5022 65.307 65.7343 73.4481 23.6008 
23.7697 11.7047 4.47214 22.2036 75.1332 73.5882 57.6768 0.0 26.1725 17.2627 66.3298 29.5296 41.6773 9.48683 27.074 46.1736 59.0339 60.5382 8.94427 45.4868 45.2769 43.8141 46.1324 90.8874 55.9464 97.4609 68.2293 10.0499 72.3015 48.7545 43.4166 26.6833 72.1842 76.9415 36.0555 32.0156 34.4093 26.8328 58.215 81.1661 
29.8946 37.0135 22.0227 32.577 90.3815 88.8816 72.9137 26.1725 0.0 41.6773 72.5862 55.2178 18.1108 23.2594 49.6588 31.7648 44.3847 52.2844 34.7131 60.3694 65.3128 25.0 42.7909 96.0553 81.5414 104.22 74.0588 19.6977 84.5862 74.0945 20.0998 51.0 78.1237 75.7374 57.28 33.3005 60.3075 52.2015 37.0 96.403 
26.2488 15.2643 20.2485 21.3776 62.4601 60.8951 46.0109 17.2627 41.6773 0.0 57.7695 14.2127 55.0131 26.0 28.3019 53.3104 64.9647 62.1289 13.9284 36.6742 29.1204 54.5935 48.6621 81.8704 40.0 85.4692 59.669 22.2036 60.3075 32.45 56.6652 9.48683 66.4831 73.5447 19.6469 39.3573 25.1794 21.587 68.5008 69.3109 
43.6242 71.0732 66.1837 49.311 40.28 45.7359 24.9706 66.3298 72.5862 57.7695 0.0 65.8705 67.836 75.5858 85.8203 48.3199 49.2311 36.0179 68.7036 21.3417 47.0512 56.9214 35.074 40.5576 79.1969 47.9625 17.8995 63.386 28.0 72.4981 67.5722 58.01 24.7631 33.0 33.0 56.2705 80.7805 79.1688 64.4775 39.0644 
39.8121 22.2036 33.2866 34.5398 65.3966 56.7587 50.0899 29.5296 55.2178 14.2127 65.8705 0.0 68.9926 36.6879 27.2947 67.0884 78.8905 74.1485 22.8035 44.5533 26.8701 68.6194 61.4003 87.0919 26.4197 89.5545 66.2624 36.1248 64.4127 19.3132 70.6447 8.0 74.6336 82.6075 18.868 53.3385 15.2315 17.2047 82.5268 72.0771 
38.1487 53.2353 37.2156 43.7228 92.116 97.5719 76.8065 41.6773 18.1108 55.0131 67.836 68.9926 0.0 40.8044 67.0671 19.7231 29.8329 41.0488 50.6063 61.9036 77.9672 10.8167 32.9116 84.8646 95.0096 95.3366 66.208 32.878 79.7244 87.4187 2.0 64.0823 66.1387 65.3682 71.7176 23.8994 76.0066 68.4763 19.105 90.5947 
30.8058 15.2643 9.89949 30.4138 84.5281 83.0029 67.2872 9.48683 23.2594 26.0 75.5858 36.6879 40.8044 0.0 26.4008 49.3127 62.4297 65.914 13.9284 54.7429 54.5894 45.0999 55.326 97.6234 62.7694 106.717 75.6269 15.2643 81.5576 55.9732 42.72 35.1283 79.7088 84.0595 45.2769 35.9026 38.2884 29.6985 58.8558 90.7764 
49.4975 16.1245 31.257 46.3249 89.9454 84.0362 74.027 27.074 49.6588 28.3019 85.8203 27.2947 67.0671 26.4008 0.0 73.2462 86.093 86.7006 19.105 64.8845 53.6004 70.406 72.3401 110.003 47.0 113.6 87.7198 37.1214 88.4081 42.4264 68.9493 31.8904 94.4969 101.041 44.6878 59.0762 18.0278 10.4403 84.6463 97.0 
27.7312 57.5587 42.0476 33.3053 72.5999 78.0558 57.2905 46.1736 31.7648 53.3104 48.3199 67.0884 19.7231 49.3127 73.2462 0.0 13.1529 21.4009 54.5894 42.3875 69.4308 8.94427 13.8738 65.4599 90.7944 76.1577 47.1701 36.1248 60.2084 82.9842 18.7883 60.165 46.8402 45.6508 61.3001 14.3178 77.7946 71.8053 17.4929 71.0787 
39.344 70.2567 55.0 44.9182 73.3894 78.967 58.2016 59.0339 44.3847 64.9647 49.2311 78.8905 29.8329 62.4297 86.093 13.1529 0.0 15.0 67.2681 45.4533 72.5125 19.7231 17.8045 60.531 100.173 72.1734 45.8912 49.0102 60.1664 92.4544 28.3196 71.3028 43.0 39.0512 69.1619 27.0185 89.7387 84.1724 17.4642 70.406 
37.2156 70.5762 57.3482 41.0 59.5063 65.7343 44.9884 60.5382 52.2844 62.1289 36.0179 74.1485 41.0488 65.914 86.7006 21.4009 15.0 0.0 67.6018 35.2278 62.7844 30.2324 14.5602 45.7056 93.2973 57.2189 31.3209 51.2714 45.8803 85.9295 39.9625 66.2873 28.0 24.6982 61.578 30.4138 87.2812 83.006 32.249 55.7853 
30.4138 3.0 13.4164 27.5136 75.809 74.244 58.8394 8.94427 34.7131 13.9284 68.7036 22.8035 50.6063 13.9284 19.105 54.5894 67.2681 67.6018 0.0 47.8606 43.0116 52.7385 53.2353 93.2612 48.8467 98.2692 70.6031 18.6815 73.1098 42.0595 52.3546 22.0907 77.3723 82.4757 33.5261 40.3113 25.6125 17.8885 67.1394 82.3286 
33.6802 50.2195 45.3408 28.4681 45.8401 44.3564 28.3723 45.4868 60.3694 36.6742 21.3417 44.5533 61.9036 54.7429 64.8845 42.3875 45.4533 35.2278 47.8606 0.0 28.0451 50.9891 28.6852 45.8993 59.2034 53.3041 23.2412 42.5431 42.6428 52.1728 61.6398 36.6742 30.1047 38.1182 28.1603 47.9579 59.439 57.9396 58.5451 51.8616 
39.8186 44.0114 47.0106 34.5398 44.8739 36.236 26.1725 45.2769 65.3128 29.1204 47.0512 26.8701 77.9672 54.5894 53.6004 69.4308 72.5125 62.7844 43.0116 28.0451 0.0 68.9247 55.7285 63.3482 32.249 64.5939 45.0444 46.2709 39.6649 26.0192 77.7035 21.9545 54.1479 63.6396 9.48683 54.0962 41.4005 43.9318 83.2857 54.8696 
29.5598 55.5154 39.3633 35.134 81.2015 86.6574 65.892 43.8141 25.0 54.5935 56.9214 68.6194 10.8167 45.0999 70.406 8.94427 19.7231 30.2324 52.7385 50.9891 68.9247 0.0 22.4753 74.3303 92.623 84.8999 55.7717 34.7297 68.8099 84.8129 9.84886 61.926 55.6597 54.5894 63.1288 15.3105 78.5761 70.6121 14.7648 79.6802 
23.0 56.2228 46.7602 27.2947 59.354 64.8099 44.0445 46.1324 42.7909 48.6621 35.074 61.4003 32.9116 55.326 72.3401 13.8738 17.8045 14.5602 53.2353 28.6852 55.7285 22.4753 0.0 53.7122 82.5022 63.8905 34.3657 40.6834 47.0425 74.7832 32.2393 53.7587 34.9285 35.4683 51.4907 19.8284 73.8241 69.0652 30.0314 58.0 
66.8446 95.6308 87.8335 68.0813 34.2053 45.1221 37.3631 90.8874 96.0553 81.8704 40.5576 87.0919 84.8646 97.6234 110.003 65.4599 60.531 45.7056 93.2612 45.8993 63.3482 74.3303 53.7122 0.0 94.4299 12.3693 22.6716 82.4649 24.0832 89.1888 84.1546 79.7057 18.7883 22.0227 68.6222 71.7814 102.318 102.046 77.9295 23.7697 
63.2535 47.7598 59.6825 57.6281 63.6003 53.4883 58.0086 55.9464 81.5414 40.0 79.1969 26.4197 95.0096 62.7694 47.0 90.7944 100.173 93.2973 48.8467 59.2034 32.249 92.623 82.5022 94.4299 0.0 93.3916 77.2334 62.2013 70.3491 7.81025 96.6617 31.1448 86.3713 95.8853 31.7805 77.3369 29.0172 37.1214 106.53 74.2159 
75.258 100.264 97.3148 80.4421 30.1496 41.0488 39.6611 97.4609 104.22 85.4692 47.9625 89.5545 95.3366 106.717 113.6 76.1577 72.1734 57.2189 98.2692 53.3041 64.5939 84.8999 63.8905 12.3693 93.3916 0.0 30.4138 90.8784 25.2389 88.8876 94.6642 82.6801 29.4279 34.2345 70.7107 87.9043 104.709 105.394 89.4539 19.2354 
44.8481 72.9727 65.8371 46.0848 28.8444 36.7967 19.6469 68.2293 74.0588 59.669 17.8995 66.2624 66.208 75.6269 87.7198 47.1701 45.8912 31.3209 70.6031 23.2412 45.0444 55.7717 34.3657 22.6716 77.2334 30.4138 0.0 60.4685 14.7648 71.007 65.5357 58.7063 9.21954 19.3132 48.5077 57.4944 81.4293 81.0683 62.2013 24.5153 
15.6205 21.587 6.08276 16.1245 72.5551 70.9493 55.0873 10.0499 19.6977 22.2036 63.386 36.1248 32.878 15.2643 37.1214 36.1248 49.0102 51.2714 18.6815 42.5431 46.2709 34.7297 40.6834 82.4649 62.2013 90.8784 60.4685 0.0 69.3578 54.6443 34.5301 31.3847 64.5503 68.7968 37.855 22.0 43.4166 36.4005 49.1305 78.5766 
55.6242 75.1044 72.1555 55.2828 14.2127 23.3238 14.4222 72.3015 84.5862 60.3075 28.0 64.4127 79.7244 81.5576 88.4081 60.2084 60.1664 45.8803 73.1098 42.6428 39.6649 68.8099 47.0425 24.0832 70.3491 25.2389 14.7648 69.3578 0.0 65.1531 79.4606 57.4543 21.9317 32.0156 45.618 68.2705 79.6053 80.1561 75.9539 11.1803 
55.4437 41.2311 52.3546 49.8197 59.6154 50.1199 52.1536 48.7545 74.0945 32.45 72.4981 19.3132 87.4187 55.9732 42.4264 82.9842 92.4544 85.9295 42.0595 52.1728 26.0192 84.8129 74.7832 89.1888 7.81025 88.8876 71.007 54.6443 65.1531 0.0 89.0707 23.4307 80.0562 89.3588 24.3516 69.527 25.0 32.1403 98.7202 69.8928 
37.8849 55.0091 38.9487 43.4591 91.8522 97.3081 76.5428 43.4166 20.0998 56.6652 67.5722 70.6447 2.0 42.72 68.9493 18.7883 28.3196 39.9625 52.3546 61.6398 77.7035 9.84886 32.2393 84.1546 96.6617 94.6642 65.5357 34.5301 79.4606 89.0707 0.0 65.7344 65.4599 64.4127 71.4539 23.6356 77.6981 70.2353 17.1172 89.4442 
32.7567 22.561 29.7321 27.2947 58.3934 53.6026 43.0465 26.6833 51.0 9.48683 58.01 8.0 64.0823 35.1283 31.8904 60.165 71.3028 66.2873 22.0907 36.6742 21.9545 61.926 53.7587 79.7057 31.1448 82.6801 58.7063 31.3847 57.4543 23.4307 65.7344 0.0 66.7731 74.6726 12.8062 46.6154 22.8035 22.8035 75.8333 65.4607 
48.93 79.7419 69.9189 50.1667 36.0694 45.0 28.8617 72.1842 78.1237 66.4831 24.7631 74.6336 66.1387 79.7088 94.4969 46.8402 43.0 28.0 77.3723 30.1047 54.1479 55.6597 34.9285 18.7883 86.3713 29.4279 9.21954 64.5503 21.9317 80.0562 65.4599 66.7731 0.0 10.2956 57.2189 53.0555 89.5435 87.9204 60.1332 29.5296 
53.3385 85.2688 74.4312 55.0364 46.0109 55.2178 38.8973 76.9415 75.7374 73.5447 33.0 82.6075 65.3682 84.0595 101.041 45.6508 39.0512 24.6982 82.4757 38.1182 63.6396 54.5894 35.4683 22.0227 95.8853 34.2345 19.3132 68.7968 32.0156 89.3588 64.4127 74.6726 10.2956 0.0 66.0 52.805 97.3242 95.0927 56.5155 38.6005 
33.6006 34.5398 38.0526 28.0179 46.1451 42.9858 31.3847 36.0555 57.28 19.6469 33.0 18.868 71.7176 45.2769 44.6878 61.3001 69.1619 61.578 33.5261 28.1603 9.48683 63.1288 51.4907 68.6222 31.7805 70.7107 48.5077 37.855 45.618 24.3516 71.4539 12.8062 57.2189 66.0 0.0 47.8466 34.0 35.3836 77.0361 53.2125 
14.2777 43.2897 28.0179 19.8518 77.97 76.4701 60.5022 32.0156 33.3005 39.3573 56.2705 53.3385 23.8994 35.9026 59.0762 14.3178 27.0185 30.4138 40.3113 47.9579 54.0962 15.3105 19.8284 71.7814 77.3369 87.9043 57.4944 22.0 68.2705 69.527 23.6356 46.6154 53.0555 52.805 47.8466 0.0 63.5689 57.4891 29.2062 79.3349 
51.1957 23.3452 38.833 46.5296 78.7821 70.1442 65.307 34.4093 60.3075 25.1794 80.7805 15.2315 76.0066 38.2884 18.0278 77.7946 89.7387 87.2812 25.6125 59.439 41.4005 78.5761 73.8241 102.318 29.0172 104.709 81.4293 43.4166 79.6053 25.0 77.6981 22.8035 89.5435 97.3242 34.0 63.5689 0.0 8.94427 92.4835 87.1985 
46.0977 15.2643 31.305 42.0119 81.1965 73.935 65.7343 26.8328 52.2015 21.587 79.1688 17.2047 68.4763 29.6985 10.4403 71.8053 84.1724 83.006 17.8885 57.9396 43.9318 70.6121 69.0652 102.046 37.1214 105.394 81.0683 36.4005 80.1561 32.1403 70.2353 22.8035 87.9204 95.0927 35.3836 57.4891 8.94427 0.0 85.0129 88.2639 
43.4671 69.9163 53.7642 49.0413 88.5739 94.2134 73.4481 58.215 37.0 68.5008 64.4775 82.5268 19.105 58.8558 84.6463 17.4929 17.4642 32.249 67.1394 58.5451 83.2857 14.7648 30.0314 77.9295 106.53 89.4539 62.2013 49.1305 75.9539 98.7202 17.1172 75.8333 60.1332 56.5155 77.0361 29.2062 92.4835 85.0129 0.0 86.5794 
69.7138 84.2912 81.3743 64.5016 11.0 22.0227 23.6008 81.1661 96.403 69.3109 39.0644 72.0771 90.5947 90.7764 97.0 71.0787 70.406 55.7853 82.3286 51.8616 54.8696 79.6802 58.0 23.7697 74.2159 19.2354 24.5153 78.5766 11.1803 69.8928 89.4442 65.4607 29.5296 38.6005 53.2125 79.3349 87.1985 88.2639 86.5794 0.0 
DEMAND_SCENARIO_SECTION
0 0 0 0 0 0 0 0 0 0 0 0 0 0 0 0 0 0 0 0 0 0 0 0 0 0 0 0 0 0 0 0 0 0 0 0 0 0 0 0 0 0 0 0 0 0 0 0 0 0 0 0 0 0 0 0 0 0 0 0 0 0 0 0 0 0 0 0 0 0 0 0 0 0 0 0 0 0 0 0 0 0 0 0 0 0 0 0 0 0 0 0 0 0 0 0 0 0 0 0 0 0 0 0 0 0 0 0 0 0 0 0 0 0 0 0 0 0 0 0 0 0 0 0 0 0 0 0 0 0 0 0 0 0 0 0 0 0 0 0 0 0 0 0 0 0 0 0 0 0 0 0 0 0 0 0 0 0 0 0 0 0 0 0 0 0 0 0 0 0 0 0 0 0 0 0 0 0 0 0 0 0 0 0 0 0 0 0 0 0 0 0 0 0 0 0 0 0 0 0 
5 4 6 5 3 3 4 4 6 3 1 4 7 4 3 4 5 8 5 5 1 3 2 3 5 8 3 7 4 5 2 2 2 2 4 3 3 4 3 7 6 2 7 4 4 3 6 4 3 5 2 6 5 5 4 5 4 5 5 4 3 3 4 7 4 5 4 5 4 6 4 2 5 6 4 6 4 5 1 5 2 3 5 3 3 5 5 5 4 5 5 2 4 4 3 3 3 5 8 2 2 4 5 3 3 4 6 3 5 5 4 2 4 2 4 4 5 5 3 4 1 1 4 2 4 2 6 1 4 4 4 3 3 2 4 1 4 3 4 3 3 3 5 5 3 4 5 5 4 4 5 4 5 3 2 6 5 5 5 5 5 4 3 3 6 5 5 5 5 5 4 4 7 2 6 4 6 3 2 5 5 2 4 4 7 1 6 6 3 5 5 4 6 5 4 5 6 4 3 3 
9 8 10 9 9 7 9 11 11 18 11 4 8 8 7 11 17 14 6 7 12 16 11 13 10 8 8 13 10 12 6 13 11 13 7 10 17 13 13 9 18 12 7 15 11 9 13 7 13 12 8 15 13 18 10 14 10 4 12 8 15 9 11 10 8 14 10 11 12 15 11 11 10 17 3 8 8 13 16 9 16 11 5 7 11 9 7 9 15 11 13 13 11 5 17 7 9 12 8 10 11 13 8 3 11 4 6 13 7 6 11 14 12 6 6 16 9 9 12 9 13 7 11 10 16 7 12 6 9 9 10 12 14 6 4 9 18 5 16 9 10 9 5 15 12 6 9 6 11 10 13 7 12 14 10 8 8 9 11 11 11 10 8 11 12 15 11 12 6 10 10 8 8 9 8 6 10 8 16 11 9 7 9 17 6 16 15 6 13 5 10 9 11 4 9 5 14 15 14 16 
1 5 7 4 6 2 5 5 5 2 5 3 3 6 4 2 4 4 6 3 5 4 5 6 4 4 2 2 4 3 3 3 5 2 4 4 5 5 5 4 6 4 5 3 4 3 5 4 3 4 4 4 2 4 3 2 3 3 4 2 5 4 3 4 5 3 6 4 2 4 4 5 3 5 4 0 5 4 4 4 4 3 4 6 4 4 5 3 3 3 6 4 6 3 4 4 3 6 4 4 3 3 3 4 2 5 3 3 4 5 5 4 4 3 2 5 3 5 5 3 3 6 4 6 4 6 4 3 5 5 6 3 4 5 4 6 5 7 4 3 1 3 3 5 3 2 3 3 3 5 2 3 3 4 5 6 6 5 5 3 2 4 5 3 5 5 2 3 4 2 3 4 3 2 2 4 4 5 4 2 2 4 3 4 2 4 4 4 6 6 6 3 5 5 6 2 5 3 4 5 
7 11 11 9 5 9 7 12 6 10 9 11 5 3 9 7 13 4 6 10 11 11 7 16 2 8 7 7 7 10 9 8 12 9 11 11 8 10 12 12 10 9 8 5 10 10 8 13 7 12 6 6 12 6 12 10 9 12 11 11 12 7 3 1 13 10 5 14 7 11 2 9 9 9 11 15 5 9 7 11 5 6 9 12 9 6 8 10 7 14 13 8 13 6 8 9 11 11 10 6 10 8 11 9 10 6 12 8 16 10 5 9 11 6 7 11 10 4 7 9 11 9 14 7 7 11 10 6 10 8 5 9 14 11 8 9 10 8 9 14 4 8 8 7 9 9 8 14 14 10 10 8 4 14 7 8 9 12 6 10 8 14 6 6 13 10 11 12 5 10 5 5 7 7 9 10 7 7 13 9 13 14 12 11 12 11 8 10 6 11 6 13 7 11 11 5 11 8 10 6 
8 8 6 3 4 4 6 5 5 3 5 7 7 1 4 6 5 5 6 7 8 7 9 7 8 5 9 5 8 4 6 8 7 8 8 7 6 9 1 9 11 6 6 6 5 6 6 7 6 9 9 5 3 7 6 4 6 4 1 4 3 5 6 4 7 5 9 4 5 5 5 7 5 2 4 5 5 2 9 9 10 7 5 11 9 4 8 3 6 6 4 9 3 7 7 4 7 1 4 5 7 4 3 7 11 4 5 6 4 6 4 10 7 9 9 7 3 7 4 6 7 9 2 2 7 5 4 9 4 5 8 5 5 9 6 8 7 6 7 6 6 2 5 7 6 7 4 4 4 5 6 4 4 5 6 9 2 3 6 9 4 6 4 7 6 3 6 6 5 10 6 7 6 4 8 6 2 2 5 3 4 7 6 3 8 9 6 4 5 6 1 5 4 2 10 4 9 8 7 5 
4 3 5 3 4 3 1 3 4 2 3 2 3 1 2 3 2 4 3 3 3 4 2 3 3 4 3 2 4 4 2 1 3 4 4 4 3 2 3 4 1 2 3 3 2 3 3 5 3 2 2 3 2 3 1 3 4 4 3 4 2 3 3 2 3 3 3 3 4 5 2 4 3 3 3 3 3 3 4 3 2 4 3 3 2 3 4 2 4 4 2 4 5 3 3 3 5 2 2 4 4 4 4 3 2 0 3 2 4 3 3 1 3 3 3 5 1 3 2 2 2 2 4 2 2 1 3 2 2 2 3 4 2 2 3 3 2 2 3 3 5 4 2 3 2 3 3 5 3 2 3 3 4 4 2 3 3 4 3 1 2 4 4 4 2 3 2 3 2 2 1 4 3 5 1 2 2 3 2 4 4 4 1 4 3 1 4 3 1 2 4 2 5 3 3 3 1 2 2 4 
5 4 5 1 4 4 4 2 5 3 4 1 1 2 2 4 4 7 4 4 5 3 1 4 4 6 5 4 6 4 4 5 4 4 3 3 4 3 3 3 5 7 4 3 2 3 4 4 2 3 4 5 3 3 2 3 2 2 3 6 4 8 3 5 2 5 4 3 2 3 5 1 4 3 3 4 3 5 2 3 6 5 3 5 4 4 3 4 4 5 3 2 5 4 3 2 4 4 5 5 2 5 3 5 6 4 3 3 4 5 2 3 3 2 5 2 3 5 4 5 3 4 3 2 5 3 5 5 5 5 2 5 4 2 4 4 4 1 4 4 4 5 5 5 6 4 5 5 3 6 2 6 4 6 3 6 3 4 7 3 6 4 6 2 2 5 5 6 5 4 5 5 2 5 4 5 6 3 3 3 4 3 5 4 3 2 4 7 4 4 2 5 7 4 2 1 4 5 4 5 
15 9 4 5 9 5 5 5 7 4 10 5 14 8 9 0 4 8 7 11 10 10 9 9 15 17 10 14 11 13 11 7 9 5 16 4 10 10 12 7 10 9 11 8 15 13 9 2 11 9 9 5 8 9 9 18 8 8 9 9 6 10 10 10 9 10 10 8 10 7 10 12 11 11 10 11 9 10 12 9 19 8 11 6 7 15 13 9 8 12 8 7 7 10 12 5 10 9 9 8 11 8 5 10 7 13 12 8 5 11 15 7 6 13 6 9 11 9 4 6 9 13 5 8 2 3 11 12 14 9 5 7 6 9 7 9 6 9 7 9 10 8 15 12 10 12 10 11 11 12 9 8 10 11 6 5 12 3 10 6 4 9 9 17 9 7 10 12 8 7 7 11 10 7 10 5 13 3 4 7 6 6 4 3 11 7 11 6 10 8 6 6 8 11 7 8 10 7 8 5 
3 2 2 3 3 1 1 2 2 2 2 2 2 1 3 2 1 1 2 3 2 3 2 1 2 2 2 1 3 1 2 2 1 2 1 3 1 3 3 1 2 2 1 2 3 2 2 2 2 1 3 3 2 1 3 3 3 3 3 2 3 2 2 1 2 1 2 3 1 1 2 2 2 1 4 2 1 0 4 3 1 1 2 3 2 3 2 2 1 2 3 3 2 2 2 2 1 0 1 3 2 3 2 3 2 1 3 3 2 3 3 1 3 3 2 2 2 2 1 2 1 1 3 4 2 3 3 3 1 3 2 1 2 3 1 3 2 2 3 2 1 2 3 2 1 2 2 2 2 3 3 1 3 2 1 3 2 1 1 2 2 2 1 1 2 2 3 2 3 2 3 2 2 2 3 2 2 2 2 3 2 1 2 3 2 1 1 1 2 2 2 3 2 1 2 3 2 2 3 4 
2 2 3 3 3 2 1 2 1 2 1 3 2 4 3 2 2 3 2 3 2 2 2 2 2 3 2 3 2 2 3 2 2 2 2 3 1 2 1 1 2 3 1 3 2 2 3 2 3 2 2 3 3 2 1 2 2 2 0 3 2 2 2 3 2 2 2 2 2 1 2 2 2 1 3 2 2 2 3 2 2 3 2 2 2 2 2 2 3 3 2 1 2 3 2 2 2 1 2 3 3 2 3 2 1 2 1 2 2 2 2 1 3 3 2 3 2 2 2 2 2 1 2 2 1 2 2 3 2 3 2 1 1 2 2 2 3 3 1 2 2 2 1 2 2 3 2 2 1 1 2 2 2 3 2 2 2 0 2 1 1 2 2 2 2 2 2 2 2 2 1 2 1 3 2 3 2 1 1 2 2 3 1 2 2 2 1 2 3 1 2 2 0 2 2 2 3 2 2 3 
9 6 7 7 7 8 6 9 8 6 10 7 5 2 6 4 4 8 5 6 5 9 7 6 9 7 2 4 5 2 8 6 10 6 6 6 5 2 2 5 3 4 7 2 7 8 10 6 4 4 5 8 2 6 6 5 6 6 7 5 6 3 2 6 10 2 7 7 5 7 8 8 6 7 7 5 4 9 8 7 6 7 9 8 5 8 4 6 5 6 5 5 7 6 2 6 9 7 6 8 4 5 6 7 8 6 7 7 6 2 9 4 5 9 4 6 5 5 5 7 4 5 4 5 4 4 7 2 6 5 4 4 3 9 4 7 5 3 6 8 9 4 6 7 7 9 1 6 7 5 5 3 5 5 4 5 8 6 6 7 5 5 2 8 9 7 8 6 4 5 8 5 7 5 4 5 3 4 8 6 6 5 4 8 7 5 9 6 10 5 1 4 4 5 6 5 7 6 7 7 
8 10 2 5 13 4 9 9 11 12 7 6 9 4 10 9 10 13 12 4 10 6 11 7 10 8 8 11 3 11 14 8 7 6 7 8 12 4 1 2 2 15 5 6 7 6 12 10 16 8 9 8 14 7 13 12 5 9 7 13 8 10 8 12 8 10 14 11 12 14 7 10 7 9 5 8 8 11 8 11 10 11 13 8 8 8 10 7 6 11 10 10 6 10 12 11 11 5 12 11 5 9 14 6 10 18 13 11 4 10 12 10 12 7 13 10 8 11 8 14 14 13 6 13 7 6 13 11 7 5 7 14 12 5 7 9 11 10 10 13 7 14 14 6 8 9 12 9 9 5 9 3 4 10 2 11 11 14 13 7 4 9 11 11 7 7 5 2 9 6 12 9 5 15 13 9 7 14 4 7 5 10 13 10 13 8 8 8 8 4 7 12 9 14 14 8 12 6 13 2 
9 6 4 4 7 6 8 5 4 4 9 4 10 4 7 4 6 4 7 6 6 8 6 6 8 3 10 6 6 5 6 7 10 7 8 6 6 8 3 5 6 3 5 10 4 6 5 7 7 6 5 6 4 7 7 2 2 8 3 6 6 2 7 3 5 6 4 4 6 9 5 6 0 5 7 9 5 7 5 8 7 3 6 9 5 6 8 2 5 7 4 8 9 6 7 5 6 5 5 3 7 4 6 8 8 4 8 3 6 2 3 5 8 7 2 7 9 5 7 11 5 8 6 5 9 5 3 9 10 5 6 8 8 6 5 5 5 5 5 5 4 6 10 7 3 6 7 8 4 6 7 6 9 8 4 6 7 8 6 5 5 5 3 5 6 8 6 4 8 5 9 6 9 8 2 8 6 10 3 5 9 4 6 7 5 5 7 6 10 8 7 8 7 10 6 6 7 6 3 8 
11 14 8 13 6 9 7 8 11 5 10 13 12 13 8 10 15 13 13 4 12 16 12 7 5 14 4 4 12 10 10 12 11 11 2 7 11 11 6 10 5 6 9 11 3 8 3 7 8 7 14 8 12 6 9 10 10 9 5 16 5 12 14 11 13 9 9 8 11 12 11 7 14 10 11 6 5 11 12 15 9 8 12 15 5 9 4 8 9 13 12 13 16 12 12 4 6 14 4 10 14 5 5 8 13 9 6 12 15 8 5 18 8 11 8 4 15 11 4 12 16 10 17 9 9 8 12 12 10 10 15 11 13 2 4 11 12 5 15 6 7 5 18 4 11 12 6 15 6 12 13 17 7 13 7 11 5 12 5 15 5 12 12 6 8 9 4 17 8 8 9 9 9 11 1 14 10 14 13 13 13 4 7 11 11 13 19 9 14 9 5 12 8 8 8 9 9 8 10 8 
2 2 2 1 1 1 1 1 1 2 2 2 2 1 2 2 2 1 1 2 1 1 3 3 3 2 2 3 2 2 1 2 1 1 3 2 3 1 1 2 3 3 3 2 2 2 2 3 1 2 2 1 2 2 2 2 2 2 2 2 2 3 3 2 3 2 2 2 2 2 3 2 1 1 3 1 3 2 2 2 1 2 3 2 1 2 4 2 2 2 2 3 2 3 2 1 1 2 1 2 4 3 2 2 3 1 2 1 1 2 2 2 1 3 3 2 2 3 3 3 2 2 2 3 1 2 3 3 1 1 1 2 2 1 2 2 2 2 3 2 2 2 3 2 2 1 1 2 2 2 2 3 2 2 3 1 2 3 1 1 2 3 2 3 1 1 2 2 2 1 2 1 2 2 3 1 2 1 2 2 1 2 3 2 2 2 0 3 3 2 1 1 2 3 2 1 2 2 3 3 
4 4 6 1 6 4 5 3 3 6 4 3 1 6 5 3 3 4 5 5 4 6 2 3 4 6 7 2 5 2 5 4 4 1 5 4 3 4 3 5 3 4 4 4 6 5 3 6 4 6 5 4 4 4 4 3 3 5 5 5 5 4 4 4 6 5 5 4 3 5 3 5 5 1 3 5 2 2 5 4 5 4 1 3 4 7 3 5 4 5 4 2 3 5 4 3 2 5 3 3 2 7 4 3 4 4 5 4 4 5 5 4 5 2 6 7 4 3 4 2 2 3 3 4 5 2 8 4 4 4 3 2 2 6 5 5 3 3 4 5 4 5 2 3 3 3 4 4 5 5 6 5 2 3 5 5 6 6 4 6 4 3 6 5 4 7 5 3 2 7 3 6 2 4 6 4 2 6 6 5 5 2 3 4 4 5 4 5 2 3 3 3 5 6 3 3 6 4 3 4 
2 2 2 3 2 3 3 2 3 2 2 2 2 3 2 2 3 2 2 2 2 2 2 2 1 3 3 3 2 2 3 2 1 1 2 0 3 1 4 2 2 1 2 1 2 2 2 2 2 2 3 2 3 2 1 2 3 2 0 3 2 1 2 2 2 2 3 1 1 1 2 2 3 2 3 1 1 2 2 2 2 2 3 3 2 2 2 2 2 2 1 1 2 2 2 1 1 2 1 2 2 1 2 2 2 3 2 2 1 3 2 3 2 2 2 3 1 3 2 2 1 2 2 1 2 1 2 3 2 2 3 3 2 3 2 1 2 1 3 2 2 2 2 3 1 2 2 2 2 1 3 2 2 2 3 2 2 3 2 3 1 2 1 3 2 2 2 2 3 1 2 2 2 1 2 1 3 1 2 2 3 1 1 2 0 2 2 0 2 1 2 3 3 3 1 3 2 2 3 3 
1 1 1 1 1 1 1 1 1 1 1 1 1 1 1 1 1 1 1 1 1 1 1 1 1 1 1 1 1 1 1 1 0 1 1 1 1 1 1 1 1 2 1 1 1 1 2 1 1 0 1 1 1 2 2 1 1 1 1 0 1 1 1 1 1 1 2 1 1 1 1 1 0 0 1 1 1 1 1 1 2 0 1 1 1 2 1 1 0 1 1 1 1 1 1 1 1 1 1 1 0 1 1 1 1 1 1 1 1 1 1 1 0 0 1 1 1 1 1 1 1 1 1 0 1 1 1 2 1 1 1 1 1 1 0 1 1 1 1 1 1 0 1 1 1 1 2 1 1 1 1 1 1 1 1 2 1 1 1 1 1 0 1 2 1 1 1 0 1 0 1 1 1 1 1 0 1 1 1 1 1 1 1 1 2 1 1 1 1 0 0 1 1 1 0 1 1 1 1 1 
1 1 1 1 2 2 2 1 1 2 1 1 3 3 3 2 3 1 1 1 2 1 1 2 3 2 2 2 1 2 3 2 2 2 1 2 4 1 2 1 2 2 1 2 3 2 1 1 2 2 1 0 2 2 3 1 3 3 3 2 3 2 1 1 3 3 2 3 2 3 2 2 0 2 2 2 2 1 2 3 1 3 2 2 2 3 1 1 2 1 2 3 2 1 2 1 2 1 1 2 2 2 2 1 2 3 1 1 2 2 2 3 1 2 2 3 1 2 2 2 2 3 2 3 0 2 2 2 2 3 2 2 2 2 2 2 2 2 1 2 3 2 2 2 2 3 4 1 2 2 1 3 3 2 3 2 1 1 1 3 1 2 2 2 2 3 2 3 1 1 3 3 1 2 2 3 1 1 3 2 2 2 3 2 1 2 3 1 1 2 1 2 2 3 2 0 1 2 2 1 
6 4 4 5 6 6 6 6 5 4 1 5 6 4 5 5 5 6 3 0 4 5 8 5 2 5 7 9 5 6 3 4 5 5 4 4 5 4 3 5 5 3 5 7 7 8 4 4 5 3 6 4 4 7 5 4 3 3 4 7 3 4 7 5 6 6 4 5 8 6 8 5 6 7 5 3 5 6 5 5 6 1 9 5 3 7 6 6 4 4 2 7 5 2 4 5 5 6 2 3 7 3 4 5 4 5 7 6 6 5 8 6 4 6 4 6 3 5 6 3 4 2 4 7 5 5 6 4 6 3 7 8 7 8 2 5 4 6 6 5 7 3 3 5 4 6 8 4 6 7 7 5 5 7 5 5 7 5 4 6 5 3 4 5 4 5 6 3 3 6 5 4 5 5 6 7 4 3 3 6 6 5 4 4 4 4 2 6 5 6 3 4 3 6 3 5 5 6 6 8 
5 5 6 5 4 4 4 6 4 5 6 2 4 5 4 3 3 4 5 3 6 3 3 4 5 6 5 5 4 3 6 7 2 3 5 3 4 4 2 5 5 4 4 4 3 4 4 4 5 3 1 5 4 3 6 4 2 4 5 3 4 5 2 2 5 5 3 7 6 6 3 3 5 6 5 5 5 4 3 3 3 5 5 5 5 3 2 3 5 4 5 6 4 2 3 5 3 3 2 5 7 5 6 3 4 5 4 4 5 3 3 4 5 4 4 6 6 4 4 4 4 2 5 2 4 6 7 4 3 3 4 4 6 5 4 1 8 3 5 6 4 6 5 3 3 4 6 6 3 5 4 3 3 5 5 4 2 4 4 3 2 5 4 6 5 5 4 2 6 4 3 4 4 3 3 5 4 5 4 5 4 3 3 2 2 4 5 5 3 3 4 4 5 4 3 2 6 4 2 5 
5 5 5 4 3 3 2 4 3 3 5 6 2 6 2 4 6 5 2 5 4 5 6 3 3 5 5 4 5 5 4 6 2 5 6 4 4 5 4 4 4 5 6 4 4 2 2 5 5 4 5 3 4 3 4 1 6 3 2 5 4 4 3 5 6 4 5 7 5 4 5 2 3 3 5 5 4 4 4 3 5 4 5 3 3 5 3 6 4 4 3 4 1 3 2 4 5 2 1 4 4 4 6 3 4 6 4 2 3 6 4 4 4 5 5 4 5 6 5 2 3 3 5 4 5 5 6 4 4 4 5 3 4 5 4 4 5 4 3 2 3 4 1 5 3 4 4 5 3 2 4 2 6 5 5 3 7 6 3 5 7 4 6 2 4 3 3 7 5 3 5 4 2 4 5 3 6 5 4 7 6 2 4 3 3 3 4 4 3 4 2 6 4 4 5 4 6 5 4 5 
2 2 1 1 1 1 1 1 1 1 1 1 1 1 1 1 1 1 0 1 1 1 1 1 1 1 1 0 1 0 2 1 1 1 1 1 1 1 1 1 1 1 1 2 1 1 1 1 1 1 1 1 1 1 1 1 1 0 1 2 1 1 2 1 1 1 1 1 0 1 1 1 1 1 1 1 1 1 1 1 1 1 1 1 1 2 1 1 1 1 1 0 1 0 2 1 1 2 1 1 1 1 1 1 1 1 1 1 1 1 1 1 2 1 1 1 1 1 1 1 1 1 1 1 1 1 1 1 1 1 1 1 1 1 0 1 1 1 1 1 1 1 1 1 1 1 1 1 1 1 1 0 1 1 1 0 1 2 1 1 2 1 0 1 1 1 1 1 1 1 1 0 1 1 1 1 1 0 1 1 1 1 0 1 2 1 1 2 1 1 1 1 2 1 2 1 1 1 1 1 
2 2 1 2 2 3 2 1 2 3 3 2 1 2 3 2 2 2 2 2 2 2 2 3 2 1 3 2 1 2 2 1 3 3 2 1 2 2 2 1 1 2 3 3 3 1 3 2 3 2 2 3 2 2 2 3 2 1 3 0 1 1 2 2 2 3 2 2 1 2 3 3 3 2 1 2 2 3 1 1 2 2 2 2 0 2 3 2 2 2 2 2 1 2 3 3 3 2 1 3 3 2 1 2 1 2 1 1 2 2 2 1 2 3 1 2 2 2 2 2 2 2 2 2 2 2 2 2 1 2 2 2 2 2 1 3 2 1 2 3 1 2 2 3 2 1 2 2 2 3 3 2 2 1 2 3 3 2 1 2 2 2 2 3 1 2 3 3 1 2 2 2 2 2 2 1 2 2 3 1 3 4 1 2 4 3 3 1 2 2 2 2 1 3 2 2 2 2 2 3 
1 1 0 1 1 1 1 1 1 1 1 1 2 1 1 1 1 1 1 1 0 1 1 1 0 1 1 1 1 1 1 1 1 1 1 1 1 1 1 1 2 1 1 1 1 1 1 1 2 1 1 1 1 1 1 0 1 1 1 1 1 1 1 1 1 1 0 1 0 1 1 1 1 1 1 0 1 1 2 1 1 1 1 2 1 1 0 1 1 1 1 1 0 1 1 1 1 0 1 2 1 1 1 2 1 0 1 1 1 0 1 1 1 1 1 1 1 0 1 1 1 1 0 2 1 1 1 1 1 1 1 1 1 1 1 1 1 2 2 1 1 1 1 1 2 1 1 0 1 1 1 0 1 0 1 2 1 1 1 1 1 1 1 1 1 1 1 1 1 1 1 1 1 1 1 1 1 1 1 1 0 1 1 0 1 1 1 1 1 1 1 1 1 1 1 2 1 1 1 1 
3 2 1 5 5 2 4 5 3 3 6 2 7 3 5 4 3 5 4 3 4 4 5 6 5 4 3 6 5 4 5 3 4 6 3 3 5 2 4 4 2 5 7 5 5 2 5 3 4 5 6 6 5 5 5 7 3 3 7 3 4 3 2 4 3 3 4 4 5 4 5 4 6 5 5 5 2 4 5 3 4 3 3 2 5 4 6 4 0 4 5 3 7 4 2 5 4 3 5 4 5 5 6 4 4 3 3 5 5 0 5 5 3 3 4 5 3 4 4 4 4 5 5 5 3 6 4 8 0 2 5 3 2 4 7 6 4 4 4 3 4 3 3 6 4 7 6 7 5 4 5 4 3 2 4 5 5 5 5 6 5 5 2 6 6 5 3 4 2 5 4 3 1 5 4 2 5 4 5 2 4 3 2 5 4 4 3 6 3 4 3 3 5 4 7 6 4 3 5 2 
9 11 12 4 13 15 11 8 13 10 10 6 7 12 7 10 12 9 11 15 8 8 9 10 15 10 7 15 11 10 14 10 11 3 6 10 12 9 7 6 13 5 10 2 9 14 16 15 18 9 11 11 10 10 11 11 15 13 11 11 10 11 12 15 8 10 8 7 18 11 13 12 8 10 4 13 5 9 15 16 12 9 7 13 11 10 10 8 7 3 14 0 1 11 11 8 7 10 8 9 5 11 12 8 12 3 10 16 14 6 9 9 10 5 9 11 9 15 8 12 9 10 15 7 10 11 7 14 10 7 14 6 13 14 9 14 11 12 13 8 9 10 12 9 11 7 14 9 11 5 11 9 6 10 14 11 4 10 4 8 14 2 11 9 12 10 6 11 13 11 9 10 7 19 13 12 10 6 12 14 10 8 10 7 5 11 10 7 7 13 14 10 15 6 11 11 6 10 10 13 
7 9 11 8 6 5 10 9 8 7 5 8 5 15 7 15 7 4 7 9 10 11 5 4 7 8 13 12 13 9 11 6 6 7 9 13 12 6 13 8 7 7 1 6 5 9 9 3 7 10 7 11 13 6 6 9 13 12 10 11 7 16 8 10 19 6 3 13 4 6 8 10 11 7 10 8 5 8 10 8 6 9 9 9 6 7 8 6 11 8 10 9 7 5 9 4 4 9 2 13 10 11 11 4 8 7 4 3 8 14 9 8 5 7 9 12 11 11 7 11 12 9 12 4 10 2 6 6 10 9 16 9 11 4 4 11 10 9 7 6 18 8 9 18 8 6 7 8 3 10 10 9 16 5 8 11 7 8 10 3 7 3 13 3 6 12 8 3 7 4 9 9 6 12 14 10 9 6 10 13 6 4 10 13 11 9 11 9 14 12 14 11 11 11 2 5 15 12 7 11 
2 6 4 5 7 0 6 2 3 5 6 6 7 6 4 5 8 5 8 4 8 6 3 6 4 8 9 6 2 3 4 7 6 4 6 7 9 6 5 5 5 5 5 8 5 4 7 2 7 1 7 6 2 6 7 5 4 10 6 7 12 7 12 6 7 3 3 6 5 10 7 2 7 5 5 6 8 9 11 7 3 5 7 5 7 6 8 3 9 7 6 6 9 8 5 6 7 7 6 5 5 8 7 4 9 8 8 5 3 7 7 6 8 6 5 6 6 4 7 7 7 5 4 4 6 5 8 5 2 6 5 6 3 8 6 7 5 8 8 3 11 7 7 4 7 4 5 5 5 7 5 6 6 12 9 10 3 10 6 4 9 9 10 7 5 8 7 8 9 7 6 8 8 9 10 3 7 7 7 4 4 6 5 5 6 6 4 5 7 6 6 9 4 5 5 4 8 6 8 2 
2 5 4 4 4 3 2 2 3 4 5 4 2 3 3 5 4 4 2 6 6 2 5 3 2 5 6 5 3 3 3 4 5 4 4 7 4 5 2 5 7 4 4 4 1 5 4 4 2 5 4 5 8 4 5 5 3 3 3 2 4 3 7 3 4 5 1 3 5 4 4 3 4 3 3 2 2 5 5 4 4 5 3 2 2 3 4 3 2 3 5 3 4 1 5 4 6 7 5 4 6 4 6 5 5 6 4 4 3 4 2 3 4 5 5 3 3 4 5 4 4 6 4 5 3 4 3 5 2 3 3 5 7 3 4 4 4 5 6 3 5 3 5 4 5 3 3 4 4 4 3 4 4 5 5 4 4 5 3 4 3 3 0 5 5 5 7 4 3 5 3 4 2 1 3 3 6 4 5 5 1 4 4 5 5 3 4 4 2 6 5 2 3 5 3 3 5 4 4 4 
11 18 11 10 13 9 11 13 12 10 8 8 9 12 13 11 14 13 12 5 8 17 17 14 15 7 5 9 11 9 19 7 11 4 14 7 11 11 13 13 12 9 12 9 6 19 4 10 8 8 17 18 13 15 15 14 14 12 10 11 12 15 14 15 9 11 9 11 14 8 8 12 9 12 9 12 10 10 6 5 12 8 15 6 7 13 15 16 11 13 11 7 6 15 7 5 8 5 15 9 9 7 2 8 17 8 13 12 9 14 10 5 8 10 7 11 9 1 4 3 10 8 4 9 14 7 11 5 6 19 15 10 17 11 12 13 11 8 8 8 9 13 5 14 18 8 3 13 6 10 8 7 6 6 14 9 10 9 10 10 5 6 11 12 11 12 9 8 7 7 10 6 10 11 9 13 11 13 7 12 10 8 14 6 14 11 8 12 9 13 10 13 13 6 10 13 6 14 12 13 
11 7 3 6 13 9 5 12 8 2 4 4 10 7 10 5 11 9 9 7 16 9 7 12 8 4 12 8 6 5 11 13 6 4 2 3 6 9 9 6 8 11 6 14 5 10 3 8 5 5 6 11 10 11 10 9 9 8 9 8 8 13 6 9 11 8 5 9 9 11 10 9 12 13 9 13 9 15 12 6 10 8 11 4 7 9 13 8 6 11 5 8 11 12 15 15 8 8 10 7 11 8 9 11 13 11 10 10 11 9 11 17 7 15 7 9 8 9 16 5 7 7 3 5 15 10 9 7 12 12 6 11 11 11 10 11 10 10 10 8 13 11 5 7 6 9 9 7 10 21 9 9 6 9 9 6 8 13 11 13 7 8 10 9 10 8 9 13 12 11 9 13 8 13 2 10 9 11 16 7 10 10 5 5 11 11 9 6 6 9 6 9 9 6 12 12 9 7 9 10 
2 4 5 5 2 5 3 3 6 6 4 4 4 6 5 4 4 5 3 4 5 2 5 3 4 3 6 4 3 6 5 2 5 6 4 5 5 5 6 4 4 3 1 6 3 4 4 4 6 5 3 2 4 2 6 5 6 4 5 6 6 3 6 8 3 4 4 6 4 4 4 3 5 2 3 5 1 2 3 5 3 4 8 6 5 5 5 6 4 4 4 5 3 5 6 3 4 7 3 4 3 3 5 7 4 5 3 3 4 7 5 3 5 4 3 4 4 1 4 4 5 4 4 3 7 5 2 3 2 3 3 2 4 4 5 3 3 6 5 4 5 5 3 4 4 5 4 4 3 3 5 3 4 3 4 4 3 2 3 4 5 5 5 4 4 6 5 4 2 3 5 6 6 5 1 4 3 3 4 5 7 4 4 3 6 1 4 5 3 4 1 5 4 5 5 3 5 6 3 4 
8 9 10 7 7 4 9 8 7 6 5 8 5 6 7 7 5 7 6 8 7 7 5 7 3 6 7 10 3 5 5 2 5 4 4 8 4 9 7 3 8 6 3 7 9 7 7 7 8 5 4 4 8 7 5 4 7 3 4 9 5 7 9 8 7 2 5 8 6 5 6 6 4 4 6 7 5 6 7 5 5 8 10 7 2 5 7 6 5 5 8 4 4 9 7 3 5 7 8 8 6 6 3 7 7 3 6 5 7 4 11 6 5 8 8 3 4 5 5 8 9 3 6 5 7 11 6 9 6 7 7 5 8 4 7 4 1 4 4 6 9 9 8 5 10 3 7 9 4 4 10 7 5 6 9 8 6 9 6 7 12 4 6 4 8 7 6 5 8 6 5 4 6 3 7 6 3 9 8 5 7 8 5 7 5 8 8 6 6 7 9 8 6 7 7 4 7 4 6 2 
8 8 2 4 6 7 7 7 7 10 7 7 9 6 7 11 10 2 2 6 9 5 3 4 3 7 6 5 10 4 8 5 12 12 7 12 8 10 9 4 12 11 9 7 6 9 12 13 13 8 11 6 8 7 9 6 11 4 10 10 9 4 3 8 11 8 11 4 7 7 8 8 11 2 9 3 6 8 5 3 8 7 7 6 7 11 9 10 14 7 10 7 12 6 10 7 7 8 9 7 6 8 6 11 11 7 6 5 9 3 12 7 9 9 8 3 12 9 7 12 10 9 6 7 10 9 5 9 13 3 6 6 3 7 9 8 4 9 5 7 7 14 8 6 12 5 7 7 11 11 5 13 9 11 11 11 6 12 9 6 5 2 10 7 10 3 5 13 11 12 3 14 7 7 9 9 14 9 10 6 7 11 13 10 12 3 13 6 7 8 7 5 10 9 7 11 8 6 8 9 
2 1 2 1 2 2 3 2 3 2 2 1 2 3 2 1 2 2 2 2 2 2 2 1 2 2 2 2 1 2 3 2 2 2 2 2 3 2 2 2 2 2 2 2 2 2 2 0 1 2 1 2 3 2 2 2 1 2 2 2 2 1 1 2 1 2 1 3 2 0 1 2 1 2 3 3 2 2 1 2 2 1 1 2 0 2 1 2 2 3 2 2 2 1 1 2 2 1 2 3 3 2 2 2 1 2 1 2 1 3 1 2 3 2 2 3 3 2 3 2 2 2 2 3 2 1 1 2 3 4 2 2 3 2 3 3 3 3 2 2 2 2 2 2 2 2 2 3 1 2 2 3 2 2 2 1 2 2 2 1 3 3 2 2 2 2 2 1 3 2 1 2 1 1 1 2 2 3 2 2 2 3 2 2 2 1 1 3 1 2 1 2 2 2 2 2 2 1 1 2 
3 3 3 3 3 4 2 4 2 3 3 3 2 4 5 2 5 2 4 4 1 4 6 3 3 3 2 3 4 4 2 5 3 3 4 3 3 2 3 3 2 3 1 3 3 3 4 1 3 2 3 4 3 4 2 3 3 4 3 2 3 2 3 3 3 2 2 4 3 3 3 1 3 2 4 3 2 3 3 4 2 3 5 2 4 3 6 2 1 4 4 2 4 4 1 3 2 2 4 3 3 4 5 3 2 2 2 1 5 2 3 4 3 3 3 2 2 3 3 4 2 2 4 4 2 3 2 1 2 4 3 2 4 3 3 4 2 3 2 3 3 4 4 2 4 3 3 4 3 2 2 2 2 2 3 4 2 3 4 5 1 3 3 3 2 3 3 4 4 4 3 3 4 2 1 3 3 4 4 3 3 3 2 4 4 4 3 3 3 3 5 5 3 4 5 1 4 2 4 3 
3 8 7 7 6 7 7 5 7 10 10 10 11 8 5 10 10 17 5 6 7 7 13 1 12 15 6 7 7 13 11 6 11 7 6 6 6 9 10 4 7 9 6 5 9 6 6 9 10 11 3 3 10 14 7 10 8 11 5 8 3 8 11 8 10 7 8 9 6 11 8 8 10 9 14 11 10 7 8 7 4 6 9 10 6 7 11 4 12 8 5 7 5 10 8 7 10 7 10 8 14 6 12 8 12 7 6 9 10 11 8 7 13 7 8 13 8 13 11 4 10 5 5 11 9 7 6 9 10 1 13 11 7 8 16 3 9 10 8 8 8 12 8 12 7 11 8 2 4 11 9 6 6 10 11 7 11 6 11 5 1 7 5 13 5 7 9 6 7 15 4 8 7 11 4 6 4 9 8 3 7 11 6 7 8 12 12 5 9 10 10 8 13 10 9 4 10 7 10 10 
2 3 2 2 2 2 3 3 2 1 2 1 3 2 1 3 0 2 2 2 3 1 3 2 2 3 2 2 1 1 1 2 2 2 3 2 2 2 2 2 3 1 2 2 2 1 2 3 3 3 1 3 2 3 2 2 2 1 2 3 1 2 1 2 2 1 2 1 1 2 3 2 3 3 1 3 1 3 2 1 2 1 2 3 3 1 2 3 1 2 1 3 2 2 2 1 2 2 3 3 2 2 3 2 3 2 1 1 3 2 3 2 4 1 1 2 2 2 2 2 2 2 3 2 1 2 1 2 2 2 2 1 3 2 3 0 3 2 3 2 2 2 1 2 3 2 2 3 2 2 2 2 1 2 2 2 2 1 2 2 3 2 1 2 2 1 2 3 2 3 1 2 3 2 2 3 1 3 2 2 2 2 2 2 2 2 1 2 2 0 3 2 2 1 3 3 3 3 3 2 
DEPOT_SECTION
 1
 -1
EOF
