NAME  : Jabali_40_4_0.85_1_7
TYPE : SVRP
MODEL : FINITE_SUPPORT
NUMBER_OF_SCENARIOS : 200
DIMENSION : 40
EDGE_WEIGHT_TYPE : MATRIX
CAPACITY : 66
N_VEHICLES : 4
NODE_COORD_SECTION
1 3763 2670
2 772 5322
3 2776 6844
4 4397 674
5 3686 786
6 2746 2345
7 2622 4285
8 6578 3624
9 2832 1082
10 2186 4871
11 3962 1202
12 3357 3266
13 1041 6347
14 760 5872
15 27 5610
16 3305 18
17 5217 2310
18 2446 5559
19 1934 3671
20 3640 3059
21 2198 2731
22 4662 7005
23 3008 1228
24 5906 766
25 1073 5218
26 3614 4130
27 5505 6926
28 6863 4924
29 935 4854
30 2478 1373
31 4558 7280
32 5651 6389
33 3684 5752
34 5674 2385
35 5833 5515
36 7127 3328
37 6290 7314
38 3096 5540
39 5310 5747
40 1123 1578
DEMAND_SECTION
1 0.0
2 5.0
3 3.0
4 9.0
5 3.0
6 6.0
7 9.0
8 5.0
9 5.0
10 1.0
11 1.0
12 3.0
13 5.0
14 10.0
15 7.0
16 10.0
17 10.0
18 4.0
19 2.0
20 4.0
21 4.0
22 8.0
23 8.0
24 10.0
25 7.0
26 8.0
27 8.0
28 9.0
29 9.0
30 8.0
31 3.0
32 3.0
33 2.0
34 3.0
35 7.0
36 6.0
37 9.0
38 1.0
39 3.0
40 9.0
DEVIATION_SECTION
1 0.0
2 1.66667
3 1.0
4 3.0
5 1.0
6 2.0
7 3.0
8 1.66667
9 1.66667
10 0.333333
11 0.333333
12 1.0
13 1.66667
14 3.33333
15 2.33333
16 3.33333
17 3.33333
18 1.33333
19 0.666667
20 1.33333
21 1.33333
22 2.66667
23 2.66667
24 3.33333
25 2.33333
26 2.66667
27 2.66667
28 3.0
29 3.0
30 2.66667
31 1.0
32 1.0
33 0.666667
34 1.0
35 2.33333
36 2.0
37 3.0
38 0.333333
39 1.0
40 3.0
DISTANCE_MATRIX
0.0 55.6294 54.2472 30.245 26.0238 14.3178 27.7219 41.1096 25.0 37.9747 21.644 9.84886 62.2259 60.1761 66.3847 36.7805 27.0344 46.7318 28.6655 5.38516 20.2237 57.7754 23.0217 47.3201 52.0609 18.1655 60.4649 52.0 47.9072 24.8395 60.1664 55.4437 38.2904 27.7021 47.5079 47.0425 70.2922 39.2113 46.0977 38.6005 
55.6294 0.0 31.0161 76.2267 69.9384 45.7924 28.5404 82.0403 61.4003 21.095 67.6257 50.1721 13.4164 7.07107 10.8167 77.201 73.9278 23.1948 28.178 51.5262 37.9473 56.7539 61.0328 95.4515 3.60555 40.5735 66.9104 82.2253 6.08276 56.5155 56.6127 67.1193 39.0576 74.5955 68.469 89.8022 78.4474 31.4006 62.1302 50.2494 
54.2472 31.0161 0.0 84.0897 79.565 63.1725 40.6218 64.3817 78.317 31.1803 75.4887 48.7899 23.0217 28.2843 38.3275 90.5894 65.0235 30.198 44.7434 50.1439 55.392 26.1725 76.52 86.5472 29.0689 36.9834 37.0 59.1692 32.7567 74.3328 25.7099 38.6394 16.4012 65.6862 43.382 72.1388 48.1664 21.6333 36.2491 72.2015 
30.245 76.2267 84.0897 0.0 9.21954 30.6105 57.0375 47.3093 21.1896 67.2903 8.60233 38.2834 86.639 82.6054 85.5133 17.0 30.0187 76.0474 51.0399 34.3003 39.0512 87.8948 19.6977 19.4165 73.3959 48.008 90.7049 64.9448 70.2817 26.4008 90.245 85.685 68.3674 26.7942 69.7231 48.8778 100.531 69.0538 76.3331 44.9444 
26.0238 69.9384 79.565 9.21954 0.0 24.1661 53.0397 55.6698 12.083 63.2925 6.40312 34.0 80.3507 76.3171 79.177 11.6619 29.27 72.0496 44.7516 30.0666 32.249 83.6736 10.8167 28.6356 67.1076 43.7869 86.7445 70.7907 63.9934 17.4929 86.0238 81.7247 64.1463 34.274 73.6869 56.3577 96.5707 64.5291 72.3728 35.8469 
14.3178 45.7924 63.1725 30.6105 24.1661 0.0 34.0294 55.3263 17.0294 34.8885 22.0227 15.6205 56.2046 52.171 55.0727 32.249 31.4006 44.3562 20.6056 14.4222 8.48528 67.9969 16.0312 47.9687 42.9615 27.9317 71.6107 66.1287 39.8473 13.9284 70.2642 67.2086 48.2911 37.6563 60.4649 61.0082 82.0399 48.9775 58.1378 24.3516 
27.7219 28.5404 40.6218 57.0375 53.0397 34.0294 0.0 53.8516 49.7861 10.8857 48.4365 22.2646 35.1369 33.0871 39.2957 64.0641 46.0177 20.3185 13.4536 23.6186 26.2489 55.409 49.3094 67.5414 24.9719 12.083 63.1818 57.0789 24.2801 45.1896 56.7371 61.3634 33.2224 46.6854 45.7529 61.327 74.8227 24.773 41.2833 44.4884 
41.1096 82.0403 64.3817 47.3093 55.6698 55.3263 53.8516 0.0 60.5392 64.7038 51.0292 45.3982 83.825 84.0499 92.5855 64.3013 26.4008 59.9083 61.12 43.0465 61.0 53.1413 58.3095 38.0132 78.5584 41.7852 47.5184 18.3848 78.0983 62.9508 56.3028 40.4475 48.0833 22.2036 28.4429 7.81025 51.1566 52.2015 33.8378 79.2664 
25.0 61.4003 78.317 21.1896 12.083 17.0294 49.7861 60.5392 0.0 50.6452 15.0 31.0161 71.9613 67.9117 70.0071 15.8114 34.176 60.1129 36.3622 28.178 23.5372 82.3005 2.23607 40.5216 58.6941 42.2353 85.4459 75.5202 55.3624 5.65685 84.5679 80.4301 62.5948 39.2938 72.4023 64.56 95.268 63.2811 71.0882 23.7697 
37.9747 21.095 31.1803 67.2903 63.2925 34.8885 10.8857 64.7038 50.6452 0.0 58.6893 32.5174 25.9422 24.7588 31.9061 66.3963 56.273 9.43398 14.8661 33.8714 27.1081 44.9017 50.1686 77.7967 17.4929 22.9188 52.8015 62.514 17.72 46.0488 46.2297 51.2445 22.8473 56.9407 50.0899 72.1475 64.4748 14.3178 44.5533 45.2769 
21.644 67.6257 75.4887 8.60233 6.40312 22.0227 48.4365 51.0292 15.0 58.6893 0.0 29.6824 78.038 74.0044 76.9122 18.0278 24.6293 67.4464 42.4389 25.6993 30.4795 79.2938 13.0384 26.4008 64.7949 39.407 82.1039 66.15 61.6807 19.4165 81.644 77.084 59.7664 29.5671 69.0462 54.8501 91.9301 60.4528 67.7321 38.0789 
9.84886 50.1721 48.7899 38.2834 34.0 15.6205 22.2646 45.3982 31.0161 32.5174 29.6824 0.0 56.7686 54.7188 60.9274 44.4072 33.8349 41.2745 21.8538 4.47214 17.088 52.7734 29.4109 55.3585 46.6036 12.7082 56.3872 53.1507 45.8234 29.1548 55.0407 51.9851 33.0676 34.5026 45.6569 52.1728 66.8164 33.7539 42.9435 38.5876 
62.2259 13.4164 23.0217 86.639 80.3507 56.2046 35.1369 83.825 71.9613 25.9422 78.038 56.7686 0.0 7.07107 16.1555 87.7123 82.1688 24.9629 37.6563 58.1226 48.4241 49.0408 71.4846 103.693 14.3178 53.951 60.0083 80.2309 18.6815 67.3648 48.2597 61.5224 35.8469 82.8365 65.146 91.9399 71.0634 40.8266 58.2409 62.9682 
60.1761 7.07107 28.2843 82.6054 76.3171 52.171 33.0871 84.0499 67.9117 24.7588 74.0044 54.7188 7.07107 0.0 10.0499 83.678 78.4745 24.6202 34.176 56.0728 44.3847 54.4518 67.451 99.9982 9.21954 45.1202 65.123 83.4936 13.0 63.1506 53.9351 66.0681 39.1142 79.1422 68.6586 91.823 76.4199 32.8613 61.9839 57.3149 
66.3847 10.8167 38.3275 85.5133 79.177 55.0727 39.2957 92.5855 70.0071 31.9061 76.9122 60.9274 16.1555 10.0499 0.0 85.7963 84.7156 33.2848 38.0132 62.2815 46.9574 64.4981 69.857 106.239 14.4222 51.3288 75.1665 92.4626 15.6205 64.846 63.9531 76.0263 48.7656 85.3833 78.3101 100.359 86.4696 41.5259 71.7008 56.1427 
36.7805 77.201 90.5894 17.0 11.6619 32.249 64.0641 64.3013 15.8114 66.3963 18.0278 44.4072 87.7123 83.678 85.7963 0.0 40.7215 83.074 52.1133 40.7922 39.2938 94.4303 16.2788 34.2345 74.4648 54.5077 98.196 82.2422 71.1688 21.0238 96.7805 93.1762 74.8671 43.7862 85.1384 65.8699 108.022 75.5535 83.8243 36.1248 
27.0344 73.9278 65.0235 30.0187 29.27 31.4006 46.0177 26.4008 34.176 56.273 24.6293 33.8349 82.1688 78.4745 84.7156 40.7215 0.0 57.6858 55.1427 30.355 38.7809 62.6919 31.9531 24.4378 70.3593 34.7257 61.1996 41.7732 69.6116 36.8782 65.6652 54.6977 48.9812 6.32456 43.7357 30.5941 68.4263 50.1653 45.6818 54.0833 
46.7318 23.1948 30.198 76.0474 72.0496 44.3562 20.3185 59.9083 60.1129 9.43398 67.4464 41.2745 24.9629 24.6202 33.2848 83.074 57.6858 0.0 24.4402 42.6285 36.5758 37.5729 59.6363 79.2095 20.025 29.468 45.5268 59.203 22.2036 55.5165 38.901 44.5559 16.0312 58.3535 45.2769 67.6757 57.2235 8.24621 39.0128 54.7083 
28.6655 28.178 44.7434 51.0399 44.7516 20.6056 13.4536 61.12 36.3622 14.8661 42.4389 21.8538 37.6563 34.176 38.0132 52.1133 55.1427 24.4402 0.0 24.7952 12.8251 59.5307 35.8856 70.7652 25.0799 21.3776 65.2241 67.2681 22.4722 31.7658 60.8588 61.6047 37.344 55.8104 57.5674 68.2225 76.1654 28.8946 53.3209 31.0646 
5.38516 51.5262 50.1439 34.3003 30.0666 14.4222 23.6186 43.0465 28.178 33.8714 25.6993 4.47214 58.1226 56.0728 62.2815 40.7922 30.355 42.6285 24.7952 0.0 18.1108 54.1274 26.4008 51.3755 47.9577 14.0623 57.6281 52.2015 47.1775 27.0185 56.3948 53.0377 34.4217 31.0227 46.0435 49.4975 67.897 35.108 43.8634 38.4838 
20.2237 37.9473 55.392 39.0512 32.249 8.48528 26.2489 61.0 23.5372 27.1081 30.4795 17.088 48.4241 44.3847 46.9574 39.2938 38.7809 36.5758 12.8251 18.1108 0.0 71.6663 23.0868 56.4369 35.171 29.7697 73.4487 70.0928 31.9531 19.0263 72.9944 69.0467 49.4796 45.0681 62.7184 67.1863 83.878 41.0302 60.0051 22.0227 
57.7754 56.7539 26.1725 87.8948 83.6736 67.9969 55.409 53.1413 82.3005 44.9017 79.2938 52.7734 49.0408 54.4518 64.4981 94.4303 62.6919 37.5729 59.5307 54.1274 71.6663 0.0 80.4984 84.006 54.4059 40.9843 11.4018 41.4005 57.5982 81.0652 3.16228 15.6205 22.6274 63.0 25.5539 60.0083 22.0227 30.6419 19.3132 89.9058 
23.0217 61.0328 76.52 19.6977 10.8167 16.0312 49.3094 58.3095 2.23607 50.1686 13.0384 29.4109 71.4846 67.451 69.857 16.2788 31.9531 59.6363 35.8856 26.4008 23.0868 80.4984 0.0 38.8973 58.2415 40.4384 83.4865 73.2866 55.0273 6.7082 82.7709 78.4678 60.7978 37.108 70.43 62.3618 93.3139 61.4841 69.1159 25.2982 
47.3201 95.4515 86.5472 19.4165 28.6356 47.9687 67.5414 38.0132 40.5216 77.7967 26.4008 55.3585 103.693 99.9982 106.239 34.2345 24.4378 79.2095 70.7652 51.3755 56.4369 84.006 38.8973 0.0 91.883 56.2494 81.6149 56.3649 91.1352 45.5412 87.023 74.8131 70.5049 21.0238 63.1506 37.0135 87.5557 71.689 66.2722 64.195 
52.0609 3.60555 29.0689 73.3959 67.1076 42.9615 24.9719 78.5584 58.6941 17.4929 64.7949 46.6036 14.3178 9.21954 14.4222 74.4648 70.3593 20.025 25.0799 47.9577 35.171 54.4059 58.2415 91.883 0.0 37.005 64.3273 78.8543 4.47214 53.9351 54.4243 64.2806 36.0 71.027 65.2763 86.2338 75.9276 28.1603 59.0339 48.6621 
18.1655 40.5735 36.9834 48.008 43.7869 27.9317 12.083 41.7852 42.2353 22.9188 39.407 12.7082 53.951 45.1202 51.3288 54.5077 34.7257 29.468 21.3776 14.0623 29.7697 40.9843 40.4384 56.2494 37.005 0.0 45.2548 46.0435 36.3132 41.0 43.2342 41.4005 21.2611 35.3934 36.4005 49.2443 56.0803 21.9475 32.7567 51.2769 
60.4649 66.9104 37.0 90.7049 86.7445 71.6107 63.1818 47.5184 85.4459 52.8015 82.1039 56.3872 60.0083 65.123 75.1665 98.196 61.1996 45.5268 65.2241 57.6281 73.4487 11.4018 83.4865 81.6149 64.3273 45.2548 0.0 33.1059 67.3415 84.6463 13.4164 7.07107 29.9666 61.0 19.105 53.6004 11.7047 38.4838 15.5242 96.224 
52.0 82.2253 59.1692 64.9448 70.7907 66.1287 57.0789 18.3848 75.5202 62.514 66.15 53.1507 80.2309 83.4936 92.4626 82.2422 41.7732 59.203 67.2681 52.2015 70.0928 41.4005 73.2866 56.3649 78.8543 46.0435 33.1059 0.0 80.0625 76.3649 44.4072 26.4197 44.3847 39.0512 16.2788 22.0227 34.1321 50.9608 23.4307 90.4765 
47.9072 6.08276 32.7567 70.2817 63.9934 39.8473 24.2801 78.0983 55.3624 17.72 61.6807 45.8234 18.6815 13.0 15.6205 71.1688 69.6116 22.2036 22.4722 47.1775 31.9531 57.5982 55.0273 91.1352 4.47214 36.3132 67.3415 80.0625 0.0 50.448 57.7754 66.7594 38.2099 70.2793 67.0298 85.542 78.9697 30.0167 61.0328 44.4072 
24.8395 56.5155 74.3328 26.4008 17.4929 13.9284 45.1896 62.9508 5.65685 46.0488 19.4165 29.1548 67.3648 63.1506 64.846 21.0238 36.8782 55.5165 31.7658 27.0185 19.0263 81.0652 6.7082 45.5412 53.9351 41.0 84.6463 76.3649 50.448 0.0 83.3325 79.9812 61.3594 42.4264 72.3464 67.4685 94.8472 62.0457 70.7248 18.6815 
60.1664 56.6127 25.7099 90.245 86.0238 70.2642 56.7371 56.3028 84.5679 46.2297 81.644 55.0407 48.2597 53.9351 63.9531 96.7805 65.6652 38.901 60.8588 56.3948 72.9944 3.16228 82.7709 87.023 54.4243 43.2342 13.4164 44.4072 57.7754 83.3325 0.0 18.3848 24.2074 66.0076 28.6531 63.1585 23.0868 31.9699 22.4722 91.2339 
55.4437 67.1193 38.6394 85.685 81.7247 67.2086 61.3634 40.4475 80.4301 51.2445 77.084 51.9851 61.5224 66.0681 76.0263 93.1762 54.6977 44.5559 61.6047 53.0377 69.0467 15.6205 78.4678 74.8131 64.2806 41.4005 7.07107 26.4197 66.7594 79.9812 18.3848 0.0 28.6356 54.3415 12.0416 46.5725 14.8661 37.108 9.43398 90.5539 
38.2904 39.0576 16.4012 68.3674 64.1463 48.2911 33.2224 48.0833 62.5948 22.8473 59.7664 33.0676 35.8469 39.1142 48.7656 74.8671 48.9812 16.0312 37.344 34.4217 49.4796 22.6274 60.7978 70.5049 36.0 21.2611 29.9666 44.3847 38.2099 61.3594 24.2074 28.6356 0.0 49.6488 29.6142 55.8659 41.6293 8.544 23.0868 67.7191 
27.7021 74.5955 65.6862 26.7942 34.274 37.6563 46.6854 22.2036 39.2938 56.9407 29.5671 34.5026 82.8365 79.1422 85.3833 43.7862 6.32456 58.3535 55.8104 31.0227 45.0681 63.0 37.108 21.0238 71.027 35.3934 61.0 39.0512 70.2793 42.4264 66.0076 54.3415 49.6488 0.0 43.0116 25.2982 67.6757 50.833 45.5412 60.0083 
47.5079 68.469 43.382 69.7231 73.6869 60.4649 45.7529 28.4429 72.4023 50.0899 69.0462 45.6569 65.146 68.6586 78.3101 85.1384 43.7357 45.2769 57.5674 46.0435 62.7184 25.5539 70.43 63.1506 65.2763 36.4005 19.105 16.2788 67.0298 72.3464 28.6531 12.0416 29.6142 43.0116 0.0 34.7851 24.6982 37.1214 7.2111 84.22 
47.0425 89.8022 72.1388 48.8778 56.3577 61.0082 61.327 7.81025 64.56 72.1475 54.8501 52.1728 91.9399 91.823 100.359 65.8699 30.5941 67.6757 68.2225 49.4975 67.1863 60.0083 62.3618 37.0135 86.2338 49.2443 53.6004 22.0227 85.542 67.4685 63.1585 46.5725 55.8659 25.2982 34.7851 0.0 56.0357 60.0 40.7185 84.4808 
70.2922 78.4474 48.1664 100.531 96.5707 82.0399 74.8227 51.1566 95.268 64.4748 91.9301 66.8164 71.0634 76.4199 86.4696 108.022 68.4263 57.2235 76.1654 67.897 83.878 22.0227 93.3139 87.5557 75.9276 56.0803 11.7047 34.1321 78.9697 94.8472 23.0868 14.8661 41.6293 67.6757 24.6982 56.0357 0.0 50.1597 24.2074 105.385 
39.2113 31.4006 21.6333 69.0538 64.5291 48.9775 24.773 52.2015 63.2811 14.3178 60.4528 33.7539 40.8266 32.8613 41.5259 75.5535 50.1653 8.24621 28.8946 35.108 41.0302 30.6419 61.4841 71.689 28.1603 21.9475 38.4838 50.9608 30.0167 62.0457 31.9699 37.108 8.544 50.833 37.1214 60.0 50.1597 0.0 31.0161 59.2697 
46.0977 62.1302 36.2491 76.3331 72.3728 58.1378 41.2833 33.8378 71.0882 44.5533 67.7321 42.9435 58.2409 61.9839 71.7008 83.8243 45.6818 39.0128 53.3209 43.8634 60.0051 19.3132 69.1159 66.2722 59.0339 32.7567 15.5242 23.4307 61.0328 70.7248 22.4722 9.43398 23.0868 45.5412 7.2111 40.7185 24.2074 31.0161 0.0 81.5123 
38.6005 50.2494 72.2015 44.9444 35.8469 24.3516 44.4884 79.2664 23.7697 45.2769 38.0789 38.5876 62.9682 57.3149 56.1427 36.1248 54.0833 54.7083 31.0646 38.4838 22.0227 89.9058 25.2982 64.195 48.6621 51.2769 96.224 90.4765 44.4072 18.6815 91.2339 90.5539 67.7191 60.0083 84.22 84.4808 105.385 59.2697 81.5123 0.0 
DEMAND_SCENARIO_SECTION
0 0 0 0 0 0 0 0 0 0 0 0 0 0 0 0 0 0 0 0 0 0 0 0 0 0 0 0 0 0 0 0 0 0 0 0 0 0 0 0 0 0 0 0 0 0 0 0 0 0 0 0 0 0 0 0 0 0 0 0 0 0 0 0 0 0 0 0 0 0 0 0 0 0 0 0 0 0 0 0 0 0 0 0 0 0 0 0 0 0 0 0 0 0 0 0 0 0 0 0 0 0 0 0 0 0 0 0 0 0 0 0 0 0 0 0 0 0 0 0 0 0 0 0 0 0 0 0 0 0 0 0 0 0 0 0 0 0 0 0 0 0 0 0 0 0 0 0 0 0 0 0 0 0 0 0 0 0 0 0 0 0 0 0 0 0 0 0 0 0 0 0 0 0 0 0 0 0 0 0 0 0 0 0 0 0 0 0 0 0 0 0 0 0 0 0 0 0 0 0 
5 6 3 5 5 6 6 3 5 4 5 3 4 4 5 3 4 6 9 6 4 5 5 5 5 7 6 5 8 6 4 4 7 3 7 5 4 4 3 5 5 6 7 7 2 5 7 7 6 6 7 6 3 6 2 5 7 7 6 6 6 4 7 5 4 5 5 3 4 5 4 4 6 7 6 5 6 6 4 6 6 6 3 1 4 4 7 3 4 7 2 4 6 5 3 2 4 4 5 8 8 6 4 6 6 5 8 6 4 7 4 5 6 5 5 5 7 6 5 3 5 6 5 4 7 2 3 6 4 7 5 8 6 4 2 5 4 7 4 4 5 8 4 3 5 6 6 7 7 6 5 6 6 5 2 0 7 5 9 7 6 5 8 5 3 6 5 8 6 5 3 4 3 7 3 4 2 5 2 5 7 3 2 4 8 7 7 4 3 5 5 6 6 6 2 7 5 10 6 5 
3 4 3 3 3 2 3 2 5 3 3 3 3 4 2 1 2 1 3 3 4 2 2 2 3 3 3 5 3 4 2 2 2 3 4 3 4 4 1 3 3 3 4 3 5 3 3 2 3 2 4 4 2 3 3 3 3 2 2 3 3 2 3 3 3 5 2 2 3 3 5 3 3 3 4 3 3 4 2 1 4 2 5 5 3 4 2 5 2 1 3 2 3 3 4 3 3 3 5 3 3 4 2 4 3 5 5 4 5 4 2 1 5 4 5 4 3 3 3 3 4 5 2 2 3 0 3 3 1 4 5 3 3 2 3 2 2 2 3 3 6 3 5 2 3 4 3 3 4 2 2 4 3 4 2 2 2 3 4 3 3 5 3 3 3 6 1 4 3 3 3 1 2 3 3 4 2 4 3 1 3 2 2 4 5 2 5 2 3 2 3 4 3 3 5 2 2 4 4 6 
10 11 13 10 5 6 14 10 12 11 8 5 10 4 8 10 17 6 9 5 9 9 12 5 13 13 10 4 10 9 8 4 7 12 13 10 10 7 4 10 5 5 10 15 11 12 15 14 8 13 8 9 13 9 12 17 10 11 7 10 5 7 8 7 10 16 10 6 4 7 14 11 9 10 10 11 8 3 10 7 9 10 8 13 6 10 9 0 4 15 16 8 10 9 7 4 8 12 10 10 12 7 11 12 2 10 12 9 9 16 5 8 8 5 8 8 11 10 5 10 9 7 11 4 10 6 9 11 8 8 9 7 12 12 14 11 3 10 13 11 10 8 11 6 3 7 7 14 9 12 6 11 10 9 13 9 9 8 7 9 9 13 13 13 11 8 13 13 6 9 7 9 10 14 5 12 9 9 10 10 9 14 8 12 4 9 4 12 5 9 10 5 13 14 8 7 9 5 15 3 
3 2 4 2 3 3 4 4 3 4 3 4 4 5 0 2 3 2 3 5 5 5 3 3 4 3 1 2 3 4 4 2 5 2 2 3 4 1 3 2 3 4 4 2 3 4 4 3 5 3 3 3 4 4 1 3 5 5 3 4 2 3 3 3 3 3 3 2 4 4 3 2 3 2 4 5 2 3 3 4 2 4 2 1 4 1 2 3 3 4 2 2 5 3 3 2 2 3 3 4 3 1 4 3 3 3 4 2 3 3 2 2 2 1 3 4 2 4 3 4 3 2 3 2 3 4 3 1 2 5 3 4 1 3 2 5 3 3 3 4 3 3 2 2 0 3 3 2 4 3 4 3 2 2 4 5 3 3 3 3 3 3 4 2 3 4 4 2 3 3 3 3 2 2 3 4 4 3 2 2 3 4 3 4 2 4 5 2 4 4 4 3 5 3 3 4 5 2 4 4 
3 7 6 10 10 1 6 2 7 8 7 1 11 7 5 5 4 7 7 7 2 6 5 6 3 7 5 8 2 7 13 4 5 8 3 7 6 6 10 11 6 2 4 7 7 6 6 11 9 4 9 7 2 7 6 5 3 7 5 8 6 3 8 9 6 4 6 9 7 8 5 4 7 9 3 7 4 5 10 9 3 8 10 8 5 4 3 5 4 7 6 8 6 6 5 5 6 8 2 5 0 6 5 6 4 7 4 5 5 5 6 4 6 7 5 4 4 8 4 5 8 7 7 5 6 5 8 5 6 6 6 1 6 9 4 8 4 8 6 7 5 5 10 5 7 8 7 4 6 6 4 6 9 3 8 6 7 4 5 5 3 3 7 6 8 8 5 2 5 7 8 9 6 5 8 8 6 9 5 4 9 5 7 7 7 4 5 9 6 9 10 3 7 5 9 5 6 8 6 9 
10 10 6 8 16 13 6 10 11 6 7 10 10 12 9 9 10 3 10 6 4 10 9 17 10 7 7 10 4 9 7 16 10 15 14 10 7 8 7 10 5 9 12 7 8 6 13 6 9 5 15 6 10 8 13 8 6 10 8 6 5 15 7 7 11 7 8 7 17 8 12 12 9 9 8 9 6 12 9 15 12 6 6 6 8 7 13 8 11 6 11 9 5 6 13 1 8 7 8 10 5 9 9 8 11 12 6 2 7 10 11 9 6 13 12 12 6 8 2 8 6 11 13 10 8 7 8 2 9 9 12 9 14 14 8 8 8 10 1 5 12 12 11 8 16 3 10 12 6 3 11 10 8 4 10 14 7 15 9 6 12 5 12 11 7 12 15 12 5 10 7 14 6 12 6 4 12 12 9 6 11 8 14 9 5 7 9 7 15 5 10 10 11 8 5 4 5 12 12 9 
5 7 5 7 7 8 5 6 8 6 7 3 6 7 7 7 7 5 5 4 5 6 7 4 7 6 3 2 4 4 4 4 4 4 5 4 6 6 4 6 4 3 5 4 6 4 7 6 5 6 4 6 5 5 5 6 1 7 7 9 6 6 3 6 7 6 3 3 6 3 3 7 4 4 6 6 4 3 4 4 5 5 5 5 3 7 6 3 4 2 10 5 8 3 5 5 5 7 4 6 7 8 3 3 8 1 4 7 4 4 5 6 3 8 2 7 9 4 6 7 6 7 8 6 7 4 5 4 4 6 5 4 4 2 4 4 6 5 5 5 4 6 5 5 7 7 4 7 5 6 2 4 5 5 8 3 4 4 6 6 4 8 3 6 5 6 5 6 4 6 6 6 5 6 8 5 6 5 4 6 5 6 7 6 5 6 6 4 6 5 7 4 8 7 2 5 6 4 3 7 
4 2 8 6 5 4 4 8 8 6 5 4 6 3 5 5 6 7 3 6 5 4 5 7 5 5 7 5 9 5 2 5 5 5 3 3 2 5 3 5 7 3 5 7 5 6 4 8 3 5 6 5 6 5 6 6 3 5 3 5 7 4 6 6 5 7 4 4 3 5 5 5 4 4 4 7 2 6 3 6 5 5 5 7 2 6 4 6 8 6 6 5 7 5 2 6 7 5 5 3 7 5 3 6 4 5 4 3 5 7 8 6 5 6 7 4 6 5 5 6 4 5 6 5 3 6 7 5 5 7 9 9 6 4 4 3 5 6 8 5 6 3 5 6 4 6 4 9 8 4 5 5 2 7 3 4 3 6 3 5 4 2 2 8 2 5 6 3 5 5 3 6 4 8 7 5 5 3 5 5 4 1 2 5 7 6 5 6 3 4 4 6 5 5 4 6 4 3 9 7 
1 1 1 1 1 1 1 1 1 0 1 2 1 1 1 1 1 2 1 1 2 1 1 1 1 1 1 1 0 1 0 1 1 1 1 1 1 1 1 1 1 1 1 1 2 1 1 1 1 1 0 1 1 1 1 1 1 1 1 1 1 1 1 1 1 1 0 1 1 1 2 1 2 1 0 1 1 2 1 1 0 1 1 1 1 1 1 1 1 1 1 1 1 1 1 1 1 1 1 1 1 1 1 1 1 1 1 2 1 1 1 1 1 2 1 1 1 0 1 1 1 1 1 1 1 1 0 1 1 1 1 1 1 1 1 0 1 1 1 1 1 1 1 1 0 2 1 1 1 1 1 1 1 1 1 1 1 1 1 1 1 1 1 1 1 1 1 1 1 1 1 1 1 0 1 1 1 1 1 1 0 1 1 2 1 1 1 1 1 1 1 1 1 1 1 1 1 1 1 1 
1 0 1 1 1 1 2 1 1 1 1 0 1 1 1 1 1 1 1 1 1 1 1 1 1 1 0 1 1 1 1 1 1 1 1 2 1 1 0 1 1 1 1 1 1 1 1 1 1 1 1 1 1 1 1 1 0 1 1 1 1 1 1 1 1 1 1 1 1 1 1 1 1 1 1 1 2 2 1 1 1 1 2 1 1 1 1 1 0 1 1 1 1 1 1 1 2 1 1 1 1 1 1 1 2 1 1 1 1 1 1 1 1 0 1 1 1 1 1 1 1 1 1 1 1 1 1 1 1 1 1 1 1 1 1 1 0 1 2 1 1 1 1 2 1 1 0 1 1 1 1 1 1 1 1 1 2 1 1 1 1 1 1 1 1 1 1 1 1 1 1 1 1 1 1 1 0 0 1 1 1 1 1 1 1 1 1 1 1 1 1 1 1 0 1 1 1 1 1 1 
2 3 4 4 1 3 2 4 4 3 3 3 3 0 3 2 2 1 3 3 3 3 2 4 3 5 3 6 1 3 3 2 3 5 4 3 3 5 4 3 4 4 3 2 4 3 2 2 4 4 4 5 2 3 3 3 4 3 3 0 3 0 4 3 3 3 3 2 3 3 2 3 4 2 3 3 2 3 3 2 5 2 5 3 3 3 4 2 3 1 3 3 1 4 5 4 4 3 3 3 1 3 3 3 3 2 3 3 5 1 3 4 3 5 6 3 4 4 4 3 4 3 4 3 3 2 3 3 2 2 5 2 3 3 3 5 4 3 3 3 5 2 3 3 3 1 3 2 4 3 4 4 3 4 4 2 4 2 2 2 4 4 3 2 4 2 2 3 3 2 3 2 2 5 5 4 3 3 2 3 2 3 5 4 4 2 1 5 4 4 2 3 2 3 4 4 3 3 1 2 
6 7 6 3 6 4 3 5 4 3 6 6 7 4 4 8 6 7 5 6 6 9 3 7 2 5 5 5 5 5 3 9 5 5 6 5 0 3 3 7 6 5 7 6 6 3 6 5 6 4 4 4 4 7 5 6 4 5 4 5 5 3 4 7 3 7 5 5 1 3 6 6 5 6 5 6 7 7 6 6 4 7 7 8 5 5 4 7 5 7 7 2 7 5 6 3 5 6 3 6 5 4 4 5 6 7 7 5 7 6 5 2 6 6 5 3 7 7 5 8 7 3 5 4 5 4 3 4 4 5 4 4 7 6 5 4 2 2 6 5 4 5 6 5 4 5 5 6 3 4 6 8 3 6 6 3 7 2 7 4 2 8 5 4 5 5 6 6 6 4 5 5 4 7 4 6 3 4 4 3 4 4 7 4 1 6 4 4 7 3 5 5 3 3 3 1 4 5 5 4 
7 15 8 11 8 15 5 10 10 10 12 10 9 8 6 20 11 9 10 3 6 15 15 9 5 10 4 11 2 7 10 7 8 10 10 14 11 7 6 7 4 13 15 11 16 7 8 13 8 20 5 15 7 12 13 8 3 11 11 14 10 8 13 8 6 13 16 10 11 13 10 8 12 15 7 9 13 13 4 14 14 14 20 15 8 11 8 14 12 12 15 10 9 10 3 13 7 7 11 12 13 11 7 17 14 15 7 15 7 12 8 11 11 12 11 9 9 11 15 8 8 10 12 14 9 10 13 7 9 13 14 13 6 4 13 6 12 12 7 3 8 9 13 11 8 9 6 13 8 5 8 16 16 11 9 7 12 8 9 17 12 9 12 8 13 7 7 16 9 10 10 11 13 12 8 12 7 11 13 15 12 11 15 12 8 9 11 9 4 12 14 11 10 14 6 8 16 8 11 7 
9 8 8 9 6 8 10 6 5 7 1 5 7 6 5 6 8 0 5 3 9 5 8 8 9 5 6 9 4 2 11 3 9 7 8 5 9 9 3 9 7 6 5 8 8 9 9 7 10 6 4 9 5 4 8 4 5 7 3 10 6 8 3 5 6 6 8 4 5 7 8 7 2 8 6 10 4 11 3 6 9 10 8 7 6 5 8 8 8 4 7 10 5 7 7 5 8 9 7 5 8 5 7 11 6 10 10 7 10 7 5 10 8 6 7 10 10 9 5 11 10 2 7 7 8 1 8 9 9 9 7 4 7 5 8 5 7 11 7 5 5 8 9 8 8 5 7 5 5 4 6 9 8 4 5 8 5 9 2 12 4 8 6 7 6 8 6 8 11 9 6 7 5 7 5 8 6 10 8 7 6 5 9 8 6 7 6 9 3 8 8 7 12 7 4 10 5 9 9 5 
14 6 6 11 17 9 15 14 9 7 10 7 8 10 10 5 8 14 12 9 14 8 11 3 14 4 5 5 6 8 14 10 9 13 10 11 10 10 11 6 11 2 19 12 15 10 11 8 9 7 8 3 10 6 12 10 9 11 3 4 7 7 9 12 6 16 8 12 14 12 13 15 11 5 16 8 11 11 6 10 8 4 9 16 8 12 7 10 9 9 14 12 11 7 8 6 15 13 11 13 12 10 12 12 10 14 11 16 13 6 8 9 6 8 11 10 8 12 10 11 10 4 10 11 10 8 17 10 5 8 8 6 6 16 11 8 10 5 10 8 3 12 11 5 9 6 16 6 9 9 17 6 6 12 7 11 7 4 6 8 10 10 9 13 12 11 8 7 6 13 9 10 11 6 12 8 14 6 9 6 9 12 8 9 10 7 8 7 5 9 10 13 11 8 11 9 9 12 10 14 
9 12 13 11 12 7 7 15 10 8 7 7 10 11 9 8 10 5 8 10 7 9 9 14 9 12 12 11 3 11 8 10 10 13 4 8 12 9 13 8 16 16 8 13 7 13 8 10 9 10 2 8 10 13 10 14 10 11 9 1 11 4 5 9 14 11 14 10 8 7 11 4 15 3 4 12 11 11 12 10 8 7 6 12 4 5 13 8 14 14 9 12 6 7 5 9 8 15 15 14 0 15 17 5 8 9 10 12 10 12 11 8 14 13 10 9 11 11 13 11 8 7 15 13 16 11 2 8 6 10 13 9 6 15 10 11 16 8 11 11 15 8 9 10 9 10 13 10 17 11 14 13 5 14 12 9 8 5 14 13 8 9 8 15 7 12 12 11 9 9 9 9 12 13 15 14 10 11 8 7 8 9 7 11 13 6 9 14 8 9 13 8 11 13 11 6 12 17 16 7 
4 1 5 6 6 3 5 4 4 2 2 4 3 4 3 3 3 6 4 5 5 5 0 4 2 4 2 6 5 4 5 5 5 5 4 4 5 4 3 4 6 4 4 4 3 5 3 5 6 5 5 4 3 2 3 3 2 6 2 5 7 4 3 6 4 5 4 4 5 5 5 5 3 5 4 2 4 4 6 2 4 6 3 3 4 5 4 4 4 3 4 4 4 6 5 3 6 5 4 2 4 6 5 6 3 4 2 4 1 3 4 2 4 2 4 6 7 3 4 5 5 5 5 4 4 5 4 5 4 5 3 6 3 3 3 3 6 4 1 4 4 4 3 3 4 3 4 7 3 3 4 4 6 1 4 3 5 3 4 1 5 3 3 3 3 6 2 5 3 5 4 3 4 6 3 5 4 3 6 3 2 6 2 5 1 3 4 5 5 4 5 5 2 6 2 3 6 7 7 3 
1 2 2 2 1 2 2 1 1 2 2 3 1 1 3 3 2 2 1 1 2 3 2 1 2 2 1 2 2 2 1 2 3 3 3 3 4 3 3 2 2 1 3 2 2 3 3 1 1 2 2 2 2 2 1 2 2 2 1 2 2 3 2 3 1 2 1 4 1 2 2 3 1 2 2 4 1 2 2 2 3 2 2 2 2 1 2 2 2 2 3 3 3 1 1 2 2 2 2 2 2 1 2 1 3 0 2 3 2 1 2 3 3 3 3 2 3 2 2 2 1 2 1 3 2 2 3 2 1 1 2 2 2 1 2 2 3 2 2 2 3 2 3 3 2 1 2 1 1 2 2 1 2 2 3 2 2 0 2 2 2 3 2 1 2 2 2 1 2 3 3 2 2 2 2 2 1 2 3 1 3 1 2 3 1 2 2 2 1 2 2 1 1 3 2 3 2 2 2 2 
2 5 5 5 5 6 5 3 3 5 6 5 4 3 5 5 4 4 4 4 3 5 4 2 4 4 5 4 4 4 7 5 5 5 7 4 3 5 4 5 4 4 7 2 3 5 4 3 4 4 5 5 6 5 3 4 5 4 4 4 6 4 4 4 7 4 6 5 6 4 6 4 4 4 3 7 4 4 1 6 2 2 3 5 2 4 1 5 6 4 5 3 2 3 7 2 3 4 2 5 4 4 4 1 5 5 2 3 3 2 3 4 2 2 4 5 5 3 3 6 4 3 4 5 3 5 4 7 6 5 4 4 5 3 4 4 3 5 3 2 1 3 4 6 4 3 2 5 5 5 4 4 6 1 4 3 5 3 6 6 3 3 3 4 4 5 3 5 4 4 5 2 4 4 4 3 5 4 3 2 1 4 4 5 6 2 5 5 2 5 6 2 3 3 3 5 6 5 5 5 
6 4 4 3 4 4 3 5 6 4 3 5 4 6 4 4 5 3 2 3 4 3 4 4 6 4 4 4 5 2 3 3 4 3 3 4 2 4 5 4 3 5 5 3 4 4 3 3 3 3 3 6 5 5 3 3 3 3 6 4 7 4 3 5 4 2 2 4 6 3 6 5 5 5 5 5 5 2 5 6 4 4 2 6 4 4 4 2 5 3 5 6 6 4 3 4 1 4 3 4 4 3 2 4 3 4 2 1 2 5 3 5 5 3 7 4 3 3 5 2 4 3 5 2 4 4 5 6 4 2 4 4 6 2 4 3 3 6 3 4 6 3 4 5 4 4 5 3 3 2 7 2 4 6 3 5 2 5 6 5 4 5 2 5 4 5 3 7 5 3 4 3 5 1 3 4 3 4 3 3 4 3 3 3 4 4 4 4 5 2 1 4 3 2 6 4 5 2 1 6 
7 6 8 12 7 9 14 11 10 3 7 5 15 8 10 5 8 9 9 9 11 6 10 11 8 6 10 8 9 7 8 11 9 10 9 11 8 5 8 7 10 7 5 8 7 7 10 9 11 10 10 9 11 11 11 8 6 10 13 1 9 9 6 13 12 8 8 8 9 10 11 10 7 14 11 6 10 9 4 10 11 4 3 9 8 9 10 14 6 9 11 8 8 5 6 3 8 4 9 9 5 10 7 5 4 5 10 11 10 10 5 10 10 8 4 13 8 12 10 8 16 12 5 9 5 11 10 8 7 11 5 9 7 5 11 6 8 3 9 5 5 5 10 12 4 7 10 10 8 8 12 12 4 8 8 10 8 7 7 7 8 3 12 7 5 7 8 6 6 9 6 12 10 5 9 4 10 9 12 9 8 11 7 8 10 7 5 8 8 9 13 12 6 5 3 12 6 8 8 11 
9 7 3 10 4 9 8 6 9 6 4 7 13 8 10 10 8 6 11 6 6 5 4 7 6 5 2 7 7 8 6 7 11 11 11 3 4 6 9 6 6 6 11 7 10 8 14 9 9 8 5 13 8 7 7 8 7 8 7 11 10 9 13 9 9 8 7 11 9 6 8 13 5 2 4 8 11 6 6 5 9 6 7 6 9 7 4 9 9 5 10 10 3 9 10 12 4 7 10 10 7 7 5 8 4 7 7 11 10 12 9 8 6 7 7 7 3 6 5 12 12 10 5 8 7 9 9 9 9 6 7 4 4 5 5 5 5 10 11 8 11 10 12 9 5 9 7 8 6 8 4 9 10 8 11 8 12 7 8 4 10 10 13 4 12 4 8 4 6 8 9 7 4 6 1 6 11 12 11 11 5 4 4 7 11 8 11 6 10 11 6 5 9 9 8 8 8 12 5 7 
3 3 19 11 13 6 9 9 9 13 12 12 4 12 11 15 13 9 10 8 14 8 9 11 6 11 8 10 9 8 12 15 6 9 11 12 5 12 13 8 10 13 14 13 7 5 5 9 14 13 8 11 6 14 11 6 13 10 10 10 5 12 7 12 2 13 8 12 13 13 4 7 12 7 10 5 9 10 10 11 4 8 10 10 7 6 10 8 4 9 9 6 16 10 8 11 13 10 13 12 9 9 9 14 6 9 5 10 7 9 10 8 14 11 6 17 14 8 4 13 12 11 7 9 6 11 14 5 10 13 12 13 8 8 11 13 7 14 13 8 4 8 15 9 4 6 10 10 8 12 10 8 9 11 9 5 4 13 8 6 12 7 5 14 11 8 7 8 2 11 14 9 7 12 13 13 9 10 9 8 17 10 14 9 6 12 9 11 11 8 10 5 12 14 13 11 6 13 6 9 
6 9 6 6 6 9 4 8 10 11 9 8 6 10 7 6 9 6 12 6 5 10 7 11 9 8 5 6 5 6 7 7 5 7 8 8 4 8 7 4 5 8 10 8 10 11 5 8 4 8 7 10 7 8 12 8 5 7 6 4 6 6 6 10 3 10 5 4 6 7 7 6 10 6 6 7 6 5 7 10 7 6 8 8 4 11 9 5 6 10 8 8 8 10 6 7 5 6 7 11 4 9 6 5 6 6 11 7 7 7 9 9 5 6 9 5 5 8 5 6 3 6 5 5 7 4 5 5 7 10 7 6 2 10 10 7 6 4 11 8 6 6 8 10 7 6 7 6 10 4 6 9 5 7 5 7 4 6 6 8 6 7 9 10 10 9 8 10 6 5 9 8 7 4 7 8 6 13 7 5 12 3 8 9 6 7 6 6 9 6 6 6 8 7 6 6 7 6 3 9 
8 8 7 7 2 6 9 9 9 15 8 6 9 6 11 8 10 2 7 6 4 10 8 8 8 9 7 7 6 6 12 10 5 4 10 6 14 3 6 11 11 7 13 7 6 8 7 8 8 0 5 6 8 10 7 9 9 6 9 8 5 7 8 10 8 5 7 7 2 7 6 9 9 1 3 8 14 7 9 8 5 4 9 9 9 8 14 7 8 6 5 9 7 7 9 6 9 7 5 9 8 9 8 4 15 9 8 11 7 7 11 8 10 8 9 7 7 8 10 6 11 3 8 9 9 5 6 10 10 11 8 9 7 10 8 10 4 7 12 6 9 8 4 5 7 8 7 5 7 11 13 6 10 11 8 6 6 8 7 14 4 7 6 10 8 11 8 1 5 14 6 11 8 8 3 7 5 3 12 10 8 6 6 10 8 4 11 10 7 7 9 9 5 5 8 4 7 12 9 7 
5 10 4 9 14 11 8 4 9 8 10 8 9 10 8 9 4 10 9 10 11 4 10 10 10 17 6 10 9 8 9 10 11 7 9 7 6 7 11 9 10 10 5 15 12 7 8 4 4 7 10 9 5 10 5 6 4 8 5 12 7 9 7 6 8 5 6 4 5 7 5 10 4 7 11 12 13 10 6 11 9 8 7 8 9 13 11 8 5 8 4 9 17 10 3 3 10 9 6 9 10 7 8 9 11 7 9 8 13 4 9 5 7 8 12 7 9 7 8 9 12 7 4 12 3 8 6 10 4 12 7 9 9 4 6 7 6 9 10 5 6 11 11 14 10 4 9 3 10 11 9 8 12 11 9 4 7 5 10 11 2 11 8 11 9 10 11 8 15 7 8 10 8 9 9 6 10 8 3 7 12 10 7 10 9 4 10 10 3 4 4 9 8 9 6 11 8 6 8 7 
14 2 11 11 7 14 8 5 11 9 11 11 10 6 11 6 7 5 11 5 12 9 10 7 9 16 11 6 11 13 11 11 6 9 8 9 12 11 9 12 10 10 9 8 8 11 11 12 6 9 9 13 8 9 11 13 5 6 8 14 12 16 9 3 11 7 12 8 6 9 11 1 10 10 9 6 13 12 5 4 9 11 10 13 9 7 9 6 13 6 5 10 6 13 10 9 9 12 7 12 11 12 6 5 11 15 10 7 6 7 13 5 11 11 10 9 9 11 5 12 9 7 10 6 3 6 9 10 8 9 10 3 10 8 10 10 4 10 7 10 7 8 10 6 6 8 10 11 12 13 9 8 6 7 9 11 8 10 6 9 12 9 6 17 8 0 12 10 10 11 14 13 14 7 14 8 5 12 9 5 12 10 5 7 9 13 10 11 6 8 8 8 14 14 5 9 12 14 5 9 
7 12 10 16 9 14 7 7 6 15 8 11 8 11 10 6 11 10 9 9 13 15 15 13 8 11 8 5 12 10 8 15 6 6 6 9 12 11 10 5 8 6 8 10 9 8 9 9 9 10 10 6 9 11 12 5 11 9 9 8 7 11 8 15 4 8 11 10 6 8 11 12 9 17 7 11 11 9 14 10 11 9 5 9 15 9 9 5 5 10 10 9 10 11 8 13 4 7 7 13 11 9 4 14 12 9 10 3 8 11 12 11 10 12 10 10 14 4 9 12 5 10 9 13 11 5 13 13 5 12 11 13 14 13 10 9 7 10 5 10 8 12 10 9 15 10 9 9 0 14 12 13 9 12 11 8 12 14 13 8 11 9 4 11 4 8 9 5 12 7 6 7 7 6 1 12 11 8 7 8 12 6 14 8 5 7 9 11 10 12 6 11 6 12 5 8 15 7 8 11 
3 11 7 10 7 8 8 6 8 8 9 5 6 12 8 7 5 9 8 9 10 14 5 5 7 7 6 7 12 10 11 6 9 8 8 10 8 8 11 11 7 8 8 9 9 7 6 8 9 6 11 10 14 6 11 6 6 7 10 7 10 10 10 6 5 10 9 10 6 8 8 9 3 8 3 6 7 8 9 5 5 5 9 6 9 5 10 11 8 5 9 5 10 7 5 10 11 10 9 2 6 9 5 8 8 7 8 12 7 9 6 10 2 10 7 10 9 7 11 9 8 8 8 8 8 8 7 10 10 8 9 6 11 4 11 5 6 8 7 10 9 11 12 7 7 4 14 8 9 10 9 12 7 8 10 10 9 10 8 4 11 7 4 11 6 10 12 6 11 11 7 5 7 5 10 11 9 10 6 5 9 7 7 5 3 11 9 11 10 7 5 9 7 11 12 6 5 7 7 9 
2 3 3 2 3 3 4 3 5 4 3 4 3 3 2 3 2 3 2 2 3 2 3 0 2 3 4 3 4 5 4 3 3 1 2 3 1 3 2 4 2 3 3 3 2 2 2 3 3 4 3 3 2 4 2 3 3 4 3 3 3 1 3 4 2 2 3 1 5 2 2 2 4 2 5 4 5 3 3 3 1 2 3 3 0 2 3 1 2 2 4 3 3 4 5 4 4 3 2 3 4 5 3 4 3 3 3 3 4 2 5 3 2 3 3 3 5 3 3 3 2 2 3 2 4 3 4 3 2 2 3 1 4 3 5 4 3 4 3 4 3 2 3 3 5 4 2 3 3 4 3 4 3 3 3 4 1 3 5 3 3 3 3 3 4 3 3 1 3 3 2 3 3 3 1 4 3 4 3 3 3 4 4 2 3 4 2 3 4 3 2 2 4 2 3 3 2 1 2 2 
5 3 3 3 3 4 4 3 3 2 3 2 3 2 3 4 2 3 3 2 2 2 1 3 5 3 3 4 2 2 2 4 4 3 3 3 5 5 2 3 3 4 4 3 2 3 3 2 3 1 4 2 3 3 4 2 2 4 3 1 3 3 3 3 2 3 3 3 1 3 2 4 2 2 4 1 2 4 4 3 2 2 4 3 2 4 1 4 2 3 3 3 2 4 4 3 3 4 3 2 2 3 3 4 2 3 3 2 4 4 4 4 4 4 3 4 4 2 1 3 3 3 3 4 2 2 3 2 2 2 3 4 5 3 3 2 2 4 4 4 3 2 3 0 3 2 2 2 3 3 3 2 3 4 3 4 2 2 4 3 5 3 2 4 5 2 4 4 4 2 3 1 4 3 3 3 3 2 3 2 2 3 3 2 4 4 3 1 3 4 2 2 4 4 2 3 3 4 3 4 
2 2 2 2 2 1 2 3 1 2 2 2 1 2 2 2 2 1 1 4 2 1 1 1 3 1 2 2 3 1 2 2 2 1 2 1 2 3 1 3 3 1 2 2 1 2 2 2 3 2 3 2 3 1 1 1 2 2 3 2 2 3 2 2 2 2 2 1 1 2 2 2 2 1 2 1 2 2 3 3 2 1 3 1 4 1 1 2 2 3 1 1 2 2 1 2 2 1 3 2 2 2 3 3 2 1 1 2 2 2 2 1 3 2 1 2 2 1 2 3 0 2 3 2 4 0 2 1 4 1 2 3 1 1 2 2 2 1 2 2 3 1 1 3 1 2 1 1 3 2 2 3 2 1 3 1 2 3 3 2 2 3 2 2 2 1 3 1 2 2 2 1 2 2 2 2 2 2 2 2 4 0 1 1 1 2 2 2 2 2 1 3 0 2 1 1 4 3 2 1 
3 3 2 2 2 4 2 3 3 4 4 3 2 5 2 3 4 3 3 3 3 1 4 4 4 3 4 3 3 3 4 3 5 1 3 3 3 4 2 2 3 5 4 1 3 2 3 4 3 2 3 3 3 4 5 3 5 4 1 4 1 3 4 2 3 5 4 3 3 0 3 1 2 2 3 4 3 2 4 3 4 3 3 3 3 4 2 3 1 4 4 5 5 2 4 2 4 4 3 2 3 3 3 1 5 3 3 3 3 3 3 3 5 4 3 2 3 2 3 2 3 3 3 2 1 3 6 4 2 3 3 3 3 4 4 4 2 4 2 3 3 5 2 2 4 2 2 2 3 3 3 4 3 3 3 3 4 4 3 2 3 3 3 5 4 3 5 1 4 3 3 3 3 3 2 3 3 4 5 3 1 3 3 3 2 4 3 5 3 3 2 2 2 4 1 2 3 2 3 2 
5 9 7 11 9 3 11 8 9 6 5 9 8 10 4 7 6 8 10 6 10 8 10 4 11 9 2 5 11 6 5 7 6 4 6 8 5 7 7 6 7 7 8 8 8 9 8 8 9 6 9 10 8 8 9 4 7 11 9 6 8 7 9 7 7 6 7 6 4 4 10 6 7 8 10 7 8 6 6 5 8 5 7 2 5 7 9 7 8 4 7 5 7 9 5 8 7 7 8 6 7 9 7 12 1 7 8 10 6 6 6 7 9 4 6 9 9 6 7 6 4 6 12 6 6 6 5 10 5 8 4 8 8 7 2 6 9 6 7 4 8 6 7 5 8 5 9 7 8 7 4 4 11 3 10 9 6 6 9 7 7 7 6 9 10 1 11 10 7 9 10 4 8 6 7 9 6 10 10 12 9 5 5 3 9 7 7 9 8 4 7 8 7 8 6 6 10 8 11 9 
7 4 5 9 8 3 5 3 7 4 5 8 1 7 5 9 4 9 6 8 8 7 6 7 5 5 6 8 4 4 5 6 10 6 3 6 4 6 3 5 3 6 6 4 5 1 7 10 11 6 3 3 8 9 6 6 4 8 6 0 5 9 3 5 6 1 7 3 10 4 6 9 7 7 9 5 2 6 7 6 2 4 7 4 6 5 8 7 7 9 9 3 6 6 7 4 3 1 7 4 5 8 6 6 4 7 6 7 5 7 7 7 6 7 5 7 7 8 6 8 2 5 3 6 7 8 4 2 6 7 8 5 5 4 6 8 4 5 10 5 3 3 5 7 4 8 1 5 9 5 7 5 3 8 9 6 5 4 7 8 2 9 6 8 7 4 7 6 5 8 8 10 7 5 6 3 5 6 3 5 5 4 5 2 9 10 7 4 4 4 8 6 7 6 9 3 5 5 4 8 
8 10 10 6 6 12 7 5 7 8 5 9 8 9 11 8 7 9 8 14 10 6 9 5 11 8 12 10 4 7 12 12 14 7 8 6 12 11 9 13 3 6 5 3 6 13 6 7 11 13 5 9 9 4 8 12 9 10 11 7 8 9 9 9 13 16 9 5 13 10 8 10 8 7 12 8 6 9 7 7 14 12 8 6 11 12 6 12 10 13 5 7 12 4 9 8 10 9 7 5 8 9 5 10 6 10 8 9 6 9 9 4 11 10 3 4 10 9 9 10 9 9 9 8 9 7 9 7 10 11 10 13 7 6 11 12 13 9 10 10 14 13 2 6 7 0 11 7 8 9 6 10 10 6 10 11 8 11 6 9 7 7 7 8 7 9 8 10 7 11 16 8 3 4 9 9 5 9 9 9 9 8 9 8 8 12 11 13 8 10 17 5 10 11 9 9 9 10 7 7 
2 1 1 1 1 0 1 1 1 1 1 0 1 1 1 1 0 1 1 1 1 1 2 1 1 1 0 1 1 1 1 1 1 1 1 1 0 1 1 1 1 1 1 1 1 1 1 1 1 1 1 1 1 1 1 1 1 1 1 1 1 1 1 0 2 1 2 1 1 1 1 1 1 1 1 1 1 1 1 1 1 1 1 1 1 1 0 1 1 1 1 1 0 1 1 1 1 1 1 1 1 1 1 1 1 1 1 0 0 1 1 1 1 1 1 1 0 1 1 1 1 1 1 1 1 1 1 0 1 1 2 1 1 1 1 2 1 1 1 1 1 1 1 1 1 1 1 1 0 1 1 1 1 1 0 1 1 1 1 1 1 1 1 2 1 1 1 1 1 1 1 1 0 1 1 1 1 1 1 1 2 1 1 1 1 1 2 1 1 1 2 1 1 1 1 1 1 1 1 1 
4 2 3 3 3 2 3 2 4 4 1 1 4 3 5 3 3 3 3 5 4 2 3 2 3 3 4 2 4 3 3 0 2 5 2 4 4 3 3 5 2 4 5 2 5 2 4 3 3 4 5 3 3 3 3 2 3 4 1 2 5 1 3 2 4 2 3 1 4 4 3 5 3 3 3 4 3 3 3 3 2 3 4 3 3 2 3 2 4 4 3 5 2 2 2 2 2 2 5 4 4 2 3 4 4 4 2 2 4 3 2 2 3 3 2 3 3 2 4 2 3 3 2 3 3 1 4 4 3 3 2 3 3 3 2 2 4 2 3 2 3 5 3 2 2 3 3 2 2 4 4 4 4 2 4 2 4 2 1 2 5 2 3 2 3 2 3 2 6 5 2 1 2 2 3 3 3 5 2 2 4 2 2 2 3 3 3 3 4 2 4 2 3 6 1 4 4 3 6 4 
11 8 5 7 6 8 9 9 7 11 1 4 9 11 7 12 10 8 9 8 7 12 7 7 9 5 12 13 6 7 5 10 13 9 6 13 4 7 8 3 2 12 11 12 6 5 12 9 12 10 6 9 8 10 10 7 11 14 7 8 5 9 8 9 12 8 11 11 6 11 10 9 11 8 6 6 9 9 10 9 11 9 6 11 8 8 7 9 8 8 5 13 6 7 5 7 11 10 5 7 6 12 7 14 11 19 11 11 1 10 10 9 11 3 11 13 6 6 10 8 7 13 7 7 12 9 12 8 7 10 9 12 17 7 9 15 12 10 10 8 5 5 11 12 12 4 16 10 9 14 6 7 7 10 7 12 9 8 7 11 18 11 11 9 4 10 13 8 7 10 9 12 7 6 13 6 8 10 8 6 11 7 4 10 4 17 6 10 11 10 5 13 15 11 14 7 11 9 7 9 
DEPOT_SECTION
 1
 -1
EOF
