NAME  : Jabali_40_4_0.82_1_5
TYPE : SVRP
MODEL : FINITE_SUPPORT
NUMBER_OF_SCENARIOS : 200
DIMENSION : 40
EDGE_WEIGHT_TYPE : MATRIX
CAPACITY : 55
N_VEHICLES : 4
NODE_COORD_SECTION
1 4563 2546
2 4924 6678
3 5453 18
4 6295 1136
5 377 1740
6 7089 3343
7 5454 378
8 9385 2884
9 6394 1320
10 6478 2811
11 27 2628
12 3958 2823
13 5028 5641
14 6358 1527
15 4305 5450
16 3590 4044
17 9063 3435
18 2691 549
19 4746 1554
20 4097 4059
21 4931 501
22 4794 3592
23 5385 6843
24 6566 6086
25 4729 7168
26 5599 1060
27 4624 5208
28 1066 2877
29 3457 4802
30 7494 3227
31 837 2108
32 611 3053
33 2537 2410
34 8275 4381
35 6211 1968
36 2826 254
37 6688 5238
38 7357 4649
39 5355 6428
40 2468 2535
DEMAND_SECTION
1 0.0
2 4.0
3 5.0
4 7.0
5 3.0
6 7.0
7 8.0
8 3.0
9 3.0
10 9.0
11 6.0
12 3.0
13 1.0
14 4.0
15 1.0
16 9.0
17 8.0
18 2.0
19 5.0
20 1.0
21 7.0
22 1.0
23 1.0
24 8.0
25 3.0
26 2.0
27 4.0
28 1.0
29 2.0
30 4.0
31 5.0
32 3.0
33 8.0
34 7.0
35 9.0
36 4.0
37 1.0
38 7.0
39 10.0
40 6.0
DEVIATION_SECTION
1 0.0
2 1.33333
3 1.66667
4 2.33333
5 1.0
6 2.33333
7 2.66667
8 1.0
9 1.0
10 3.0
11 2.0
12 1.0
13 0.333333
14 1.33333
15 0.333333
16 3.0
17 2.66667
18 0.666667
19 1.66667
20 0.333333
21 2.33333
22 0.333333
23 0.333333
24 2.66667
25 1.0
26 0.666667
27 1.33333
28 0.333333
29 0.666667
30 1.33333
31 1.66667
32 1.0
33 2.66667
34 2.33333
35 3.0
36 1.33333
37 0.333333
38 2.33333
39 3.33333
40 2.0
DISTANCE_MATRIX
0.0 56.9946 36.2491 31.2715 58.2495 35.8469 32.311 66.0681 29.7781 26.2488 60.208 8.544 46.4453 29.9114 37.1262 23.5372 62.1289 42.5153 13.4164 21.4709 28.542 16.6433 64.425 53.7678 62.4383 25.318 39.1156 48.2597 33.5261 40.4969 51.8556 54.0833 27.6586 54.7083 24.4862 43.1004 43.6298 45.3982 57.8107 28.3196 
56.9946 0.0 92.9871 77.456 74.9667 54.9181 88.9049 78.6384 75.2601 57.0793 86.093 52.8081 14.8661 73.2577 22.9006 38.2753 70.859 91.4504 70.5938 35.7983 85.5655 52.0447 5.83095 22.8473 6.7082 80.8293 18.0278 81.4985 31.257 58.4209 74.108 86.209 64.56 54.1295 67.2965 92.0355 30.0666 42.19 6.08276 64.2884 
36.2491 92.9871 0.0 19.105 82.9865 48.3839 4.24264 66.6108 20.3961 38.5486 78.9245 42.7587 79.6026 22.561 70.2836 59.4643 67.0075 35.5106 22.8473 57.6975 9.0 51.4032 92.8785 81.6831 99.2983 13.6015 75.2475 65.0 69.6419 50.2195 75.2794 69.7782 51.3517 68.884 26.5243 34.2053 70.5382 65.832 88.3939 52.345 
31.2715 77.456 19.105 0.0 87.3912 29.9666 16.0312 48.2701 2.23607 21.2603 87.6165 39.6244 64.4775 4.24264 55.0364 54.0093 48.0937 47.2017 21.4709 50.3587 20.2485 41.2311 76.7558 65.0538 84.1205 10.0 64.2592 74.8103 63.2851 31.3209 80.5072 80.6009 55.6558 50.0 10.2956 47.1699 53.7587 48.0208 72.2712 56.4309 
58.2495 74.9667 82.9865 87.3912 0.0 91.9348 80.7775 123.11 85.9858 83.8689 14.4222 50.0 68.0074 86.7643 66.6408 45.4863 118.106 51.0098 66.229 51.8652 74.2159 61.0737 80.4114 89.4941 77.2334 79.3231 59.7746 22.1359 45.8803 96.8969 8.0 21.6333 32.311 108.146 82.4923 54.0833 91.581 98.4377 77.1298 31.3847 
35.8469 54.9181 48.3839 29.9666 91.9348 0.0 44.643 31.241 28.2312 11.0454 95.6033 42.8019 43.0 26.0 37.2156 48.8042 26.4008 72.7297 45.7027 43.1811 47.2312 32.4536 53.1601 38.0789 61.3922 36.1915 48.5077 84.0595 54.7607 5.0 86.3713 89.8888 63.2456 21.0238 22.3607 73.3148 26.8328 18.4391 49.2443 63.8201 
32.311 88.9049 4.24264 16.0312 80.7775 44.643 0.0 64.1327 17.0294 34.7596 77.6227 39.0512 75.5205 19.105 66.2014 55.6597 64.1249 34.8281 18.9737 53.7122 6.7082 47.3211 89.0895 77.894 95.2161 9.43398 71.1654 63.6982 65.7875 46.6905 73.089 68.5274 48.8365 65.307 22.7353 33.9411 66.7492 62.043 84.6048 49.8197 
66.0681 78.6384 66.6108 48.2701 123.11 31.241 64.1327 0.0 47.8017 39.8246 126.254 73.5935 69.9214 46.1736 66.3107 80.0404 8.06226 94.2057 67.2398 74.4173 68.4105 63.6899 75.1665 57.0088 84.2912 57.5674 77.8734 114.347 84.8105 26.2488 117.388 120.258 93.723 25.02 46.5188 94.4301 48.6621 36.4966 72.5603 94.3663 
29.7781 75.2601 20.3961 2.23607 85.9858 28.2312 17.0294 47.8017 0.0 19.2094 87.2052 38.1309 62.2444 2.23607 52.8015 52.0 47.2652 46.8722 20.2489 48.2597 20.6155 39.0512 74.5599 62.9365 81.9246 9.84886 62.0363 74.3989 61.2046 29.8329 79.1018 80.1896 54.2504 48.5077 8.06226 47.0106 51.6624 46.1411 70.0753 55.0255 
26.2488 57.0793 38.5486 21.2603 83.8689 11.0454 34.7596 39.8246 19.2094 0.0 86.4523 33.9706 46.1678 17.0294 36.6742 42.72 36.2353 62.8446 36.1252 37.3631 37.3462 26.6833 56.356 43.8634 63.7438 26.3065 47.1699 74.5368 50.0144 14.8661 77.8332 80.3604 53.9073 32.0 12.083 63.4297 32.5269 27.313 51.8941 54.5619 
60.208 86.093 78.9245 87.6165 14.4222 95.6033 77.6227 126.254 87.2052 86.4523 0.0 52.8015 77.4661 88.131 75.3472 52.811 122.004 44.3847 67.5076 58.8727 70.9522 66.6483 91.2688 99.5621 89.0225 77.6627 69.7209 13.9284 55.5788 100.424 12.0 10.0 32.5576 112.651 85.1429 46.8722 100.269 102.235 87.5728 31.8904 
8.544 52.8081 42.7587 39.6244 50.0 42.8019 39.0512 73.5935 38.1309 33.9706 52.8015 0.0 40.7696 37.9678 38.0251 17.0 69.2026 38.9507 20.2237 17.0294 34.9637 17.0294 56.5434 57.985 58.2518 33.0151 34.9291 41.5933 27.2947 47.634 43.8634 47.4131 20.5913 60.4152 32.5425 39.5358 47.8471 50.0813 51.9715 21.095 
46.4453 14.8661 79.6026 64.4775 68.0074 43.0 75.5205 69.9214 62.2444 46.1678 77.4661 40.7696 0.0 60.5456 9.51618 26.4548 62.6259 79.4119 57.2094 23.7598 72.1811 38.6603 17.0 21.4709 21.4009 67.4449 8.60233 71.0282 22.1359 47.0956 65.7343 76.1643 52.9308 46.9574 54.2361 79.997 22.4722 34.0147 12.083 52.7578 
29.9114 73.2577 22.561 4.24264 86.7643 26.0 19.105 46.1736 2.23607 17.0294 88.131 37.9678 60.5456 0.0 51.0784 51.0392 45.3982 48.0814 21.1155 47.0956 22.3607 37.6563 72.5575 60.8112 79.9222 11.4018 60.4477 75.3247 60.075 27.6586 79.9684 81.1154 55.117 46.3249 6.32456 48.3013 49.5177 43.909 68.0728 55.8921 
37.1262 22.9006 70.2836 55.0364 66.6408 37.2156 66.2014 66.3107 52.8015 36.6742 75.3472 38.0251 9.51618 51.0784 0.0 23.7103 71.5374 76.6673 47.8903 21.0152 62.862 29.3412 25.6649 30.9866 29.2118 58.0711 11.4018 68.5657 21.4009 41.6325 63.7745 73.7345 50.1863 56.0449 44.7772 77.2524 31.6932 43.0572 20.8816 50.0133 
23.5372 38.2753 59.4643 54.0093 45.4863 48.8042 55.6597 80.0404 52.0 42.72 52.811 17.0 26.4548 51.0392 23.7103 0.0 74.8063 54.6801 36.6879 6.40312 51.6693 16.6433 42.2019 47.9253 43.382 48.8365 20.2485 45.1774 10.2956 53.8029 41.6293 50.4876 26.4764 67.4329 45.1774 55.2652 48.6319 55.4886 37.6563 26.3059 
62.1289 70.859 67.0075 48.0937 118.106 26.4008 64.1249 8.06226 47.2652 36.2353 122.004 69.2026 62.6259 45.3982 71.5374 74.8063 0.0 93.258 66.2921 69.1832 67.7422 58.4558 67.2681 49.0408 76.4199 56.7186 70.6604 110.386 78.3593 21.6333 112.699 116.211 89.627 17.0 44.643 93.4825 41.0 28.8617 64.7765 90.2109 
42.5153 91.4504 35.5106 47.2017 51.0098 72.7297 34.8281 94.2057 46.8722 62.8446 44.3847 38.9507 79.4119 48.0814 76.6673 54.6801 93.258 0.0 36.9067 55.748 28.3196 55.666 95.1857 95.3774 96.8941 37.2022 73.5714 30.5941 59.0348 74.8662 43.0116 34.7851 25.1246 93.4289 50.8203 3.60555 85.2395 90.128 90.6138 25.7815 
13.4164 70.5938 22.8473 21.4709 66.229 45.7027 18.9737 67.2398 20.2489 36.1252 67.5076 20.2237 57.2094 21.1155 47.8903 36.6879 66.2921 36.9067 0.0 34.8855 15.1333 29.01 75.189 64.5319 76.905 13.1529 52.4805 54.7014 46.8188 47.9003 59.345 60.492 34.4936 64.6981 23.8544 37.4918 54.3197 55.6437 68.5748 35.2687 
21.4709 35.7983 57.6975 50.3587 51.8652 43.1811 53.7122 74.4173 48.2597 37.3631 58.8727 17.0294 23.7598 47.0956 21.0152 6.40312 69.1832 55.748 34.8855 0.0 50.0129 10.7703 39.5336 45.2302 41.242 46.1776 17.9193 50.636 13.0 48.1798 47.8539 56.0892 31.0161 64.7378 41.0122 56.3332 45.9368 52.7935 34.9617 31.0 
28.542 85.5655 9.0 20.2485 74.2159 47.2312 6.7082 68.4105 20.6155 37.3462 70.9522 34.9637 72.1811 22.3607 62.862 51.6693 67.7422 28.3196 15.1333 50.0129 0.0 43.9817 90.1607 80.4806 91.8767 11.0454 67.6128 57.0278 61.8525 49.3678 66.5105 61.857 42.4264 67.9304 25.3219 27.6586 69.3358 64.6296 83.5465 43.4166 
16.6433 52.0447 51.4032 41.2311 61.0737 32.4536 47.3211 63.6899 39.0512 26.6833 66.6483 17.0294 38.6603 37.6563 29.3412 16.6433 58.4558 55.666 29.01 10.7703 43.9817 0.0 56.64 45.9828 58.3559 39.598 38.3294 56.921 23.3452 37.4524 56.3028 62.6259 36.1386 48.4954 31.4006 56.2511 35.8448 38.0791 50.0257 36.4005 
64.425 5.83095 92.8785 76.7558 80.4114 53.1601 89.0895 75.1665 74.5599 56.356 91.2688 56.5434 17.0 72.5575 25.6649 42.2019 67.2681 95.1857 75.189 39.5336 90.1607 56.64 0.0 18.4391 9.21954 80.6364 22.2036 86.209 36.0139 56.2939 79.3095 91.0494 68.6586 50.3587 66.5963 95.7708 27.1662 39.0128 5.0 68.4471 
53.7678 22.8473 81.6831 65.0538 89.4941 38.0789 77.894 57.0088 62.9365 43.8634 99.5621 57.985 21.4709 60.8112 30.9866 47.9253 49.0408 95.3774 64.5319 45.2302 80.4806 45.9828 18.4391 0.0 27.6586 69.4409 30.0167 92.7806 43.6314 40.3113 87.2675 97.9495 74.4013 32.0624 55.2268 95.9625 11.4018 21.587 17.0 74.2283 
62.4383 6.7082 99.2983 84.1205 77.2334 61.3922 95.2161 84.2912 81.9246 63.7438 89.0225 58.2518 21.4009 79.9222 29.2118 43.382 76.4199 96.8941 76.905 41.242 91.8767 58.3559 9.21954 27.6586 0.0 87.1405 23.3238 85.3288 35.4401 64.7765 77.026 89.8053 69.2892 59.5399 73.961 97.4792 36.0139 48.0104 12.1655 68.9493 
25.318 80.8293 13.6015 10.0 79.3231 36.1915 9.43398 57.5674 9.84886 26.3065 77.6627 33.0151 67.4449 11.4018 58.0711 48.8365 56.7186 37.2022 13.1529 46.1776 11.0454 39.598 80.6364 69.4409 87.1405 0.0 63.4423 64.8565 58.6941 38.3281 71.8098 70.6471 47.0858 56.8907 14.2822 37.2156 58.2961 53.5899 76.1517 48.0454 
39.1156 18.0278 75.2475 64.2592 59.7746 48.5077 71.1654 77.8734 62.0363 47.1699 69.7209 34.9291 8.60233 60.4477 11.4018 20.2485 70.6604 73.5714 52.4805 17.9193 67.6128 38.3294 22.2036 30.0167 23.3238 63.4423 0.0 64.0703 14.1421 52.9582 57.8705 69.0 46.5725 55.1679 54.1248 74.1565 30.8162 42.1802 18.0 46.3249 
48.2597 81.4985 65.0 74.8103 22.1359 84.0595 63.6982 114.347 74.3989 74.5368 13.9284 41.5933 71.0282 75.3247 68.5657 45.1774 110.386 30.5941 54.7014 50.636 57.0278 56.921 86.209 92.7806 85.3288 64.8565 64.0703 0.0 50.2494 88.7525 14.7648 5.83095 21.0238 101.98 72.8826 33.2415 89.34 91.5743 82.0549 20.6155 
33.5261 31.257 69.6419 63.2851 45.8803 54.7607 65.7875 84.8105 61.2046 50.0144 55.5788 27.2947 22.1359 60.075 21.4009 10.2956 78.3593 59.0348 46.8188 13.0 61.8525 23.3452 36.0139 43.6314 35.4401 58.6941 14.1421 50.2494 0.0 59.5485 43.7379 55.0364 34.0147 65.3434 54.0093 65.3091 44.338 53.3991 32.0624 33.6155 
40.4969 58.4209 50.2195 31.3209 96.8969 5.0 46.6905 26.2488 29.8329 14.8661 100.424 47.634 47.0956 27.6586 41.6325 53.8029 21.6333 74.8662 47.9003 48.1798 49.3678 37.4524 56.2939 40.3113 64.7765 38.3281 52.9582 88.7525 59.5485 0.0 91.2853 94.578 68.0074 18.6815 25.0 75.4513 29.4109 19.4165 52.6118 68.6003 
51.8556 74.108 75.2794 80.5072 8.0 86.3713 73.089 117.388 79.1018 77.8332 12.0 43.8634 65.7343 79.9684 63.7745 41.6293 112.699 43.0116 59.345 47.8539 66.5105 56.3028 79.3095 87.2675 77.026 71.8098 57.8705 14.7648 43.7379 91.2853 0.0 15.6205 25.0599 102.875 76.1979 46.0977 88.696 92.4587 75.6637 24.1868 
54.0833 86.209 69.7782 80.6009 21.6333 89.8888 68.5274 120.258 80.1896 80.3604 10.0 47.4131 76.1643 81.1154 73.7345 50.4876 116.211 34.7851 60.492 56.0892 61.857 62.6259 91.0494 97.9495 89.8053 70.6471 69.0 5.83095 55.0364 94.578 15.6205 0.0 26.8328 107.787 78.6732 37.108 98.6561 97.3754 87.0 26.4008 
27.6586 64.56 51.3517 55.6558 32.311 63.2456 48.8365 93.723 54.2504 53.9073 32.5576 20.5913 52.9308 55.117 50.1863 26.4764 89.627 25.1246 34.4936 31.0161 42.4264 36.1386 68.6586 74.4013 69.2892 47.0858 46.5725 21.0238 34.0147 68.0074 25.0599 26.8328 0.0 80.9568 52.6748 28.7065 68.3172 70.5514 64.1327 1.0 
54.7083 54.1295 68.884 50.0 108.146 21.0238 65.307 25.02 48.5077 32.0 112.651 60.4152 46.9574 46.3249 56.0449 67.4329 17.0 93.4289 64.6981 64.7378 67.9304 48.4954 50.3587 32.0624 59.5399 56.8907 55.1679 101.98 65.3434 18.6815 102.875 107.787 80.9568 0.0 43.2897 94.014 24.6982 13.0384 48.0521 81.3941 
24.4862 67.2965 26.5243 10.2956 82.4923 22.3607 22.7353 46.5188 8.06226 12.083 85.1429 32.5425 54.2361 6.32456 44.7772 45.1774 44.643 50.8203 23.8544 41.0122 25.3219 31.4006 66.5963 55.2268 73.961 14.2822 54.1248 72.8826 54.0093 25.0 76.1979 78.6732 52.6748 43.2897 0.0 51.0448 44.0454 39.3954 62.1117 53.4499 
43.1004 92.0355 34.2053 47.1699 54.0833 73.3148 33.9411 94.4301 47.0106 63.4297 46.8722 39.5358 79.997 48.3013 77.2524 55.2652 93.4825 3.60555 37.4918 56.3332 27.6586 56.2511 95.7708 95.9625 97.4792 37.2156 74.1565 33.2415 65.3091 75.4513 46.0977 37.108 28.7065 94.014 51.0448 0.0 85.8246 90.7131 91.1989 29.3634 
43.6298 30.0666 70.5382 53.7587 91.581 26.8328 66.7492 48.6621 51.6624 32.5269 100.269 47.8471 22.4722 49.5177 31.6932 48.6319 41.0 85.2395 54.3197 45.9368 69.3358 35.8448 27.1662 11.4018 36.0139 58.2961 30.8162 89.34 44.338 29.4109 88.696 98.6561 68.3172 24.6982 44.0454 85.8246 0.0 12.1655 24.0208 68.7447 
45.3982 42.19 65.832 48.0208 98.4377 18.4391 62.043 36.4966 46.1411 27.313 102.235 50.0813 34.0147 43.909 43.0572 55.4886 28.8617 90.128 55.6437 52.7935 64.6296 38.0791 39.0128 21.587 48.0104 53.5899 42.1802 91.5743 53.3991 19.4165 92.4587 97.3754 70.5514 13.0384 39.3954 90.7131 12.1655 0.0 36.1248 70.9789 
57.8107 6.08276 88.3939 72.2712 77.1298 49.2443 84.6048 72.5603 70.0753 51.8941 87.5728 51.9715 12.083 68.0728 20.8816 37.6563 64.7765 90.6138 68.5748 34.9617 83.5465 50.0257 5.0 17.0 12.1655 76.1517 18.0 82.0549 32.0624 52.6118 75.6637 87.0 64.1327 48.0521 62.1117 91.1989 24.0208 36.1248 0.0 63.9531 
28.3196 64.2884 52.345 56.4309 31.3847 63.8201 49.8197 94.3663 55.0255 54.5619 31.8904 21.095 52.7578 55.8921 50.0133 26.3059 90.2109 25.7815 35.2687 31.0 43.4166 36.4005 68.4471 74.2283 68.9493 48.0454 46.3249 20.6155 33.6155 68.6003 24.1868 26.4008 1.0 81.3941 53.4499 29.3634 68.7447 70.9789 63.9531 0.0 
DEMAND_SCENARIO_SECTION
0 0 0 0 0 0 0 0 0 0 0 0 0 0 0 0 0 0 0 0 0 0 0 0 0 0 0 0 0 0 0 0 0 0 0 0 0 0 0 0 0 0 0 0 0 0 0 0 0 0 0 0 0 0 0 0 0 0 0 0 0 0 0 0 0 0 0 0 0 0 0 0 0 0 0 0 0 0 0 0 0 0 0 0 0 0 0 0 0 0 0 0 0 0 0 0 0 0 0 0 0 0 0 0 0 0 0 0 0 0 0 0 0 0 0 0 0 0 0 0 0 0 0 0 0 0 0 0 0 0 0 0 0 0 0 0 0 0 0 0 0 0 0 0 0 0 0 0 0 0 0 0 0 0 0 0 0 0 0 0 0 0 0 0 0 0 0 0 0 0 0 0 0 0 0 0 0 0 0 0 0 0 0 0 0 0 0 0 0 0 0 0 0 0 0 0 0 0 0 0 
2 6 4 2 6 4 4 4 5 4 6 2 3 5 4 4 5 4 4 3 5 7 5 4 5 4 6 3 3 4 2 3 3 3 3 4 3 5 5 4 5 4 5 5 4 5 3 4 5 3 5 6 5 6 5 5 5 4 4 6 3 3 4 5 5 4 2 5 5 6 4 5 5 3 5 4 5 4 3 3 5 4 5 4 2 6 3 4 5 5 3 3 1 3 4 4 4 5 4 2 6 4 4 2 3 7 3 5 3 5 5 5 3 5 3 2 5 6 5 5 2 3 5 5 4 2 4 4 4 8 3 6 3 5 4 5 4 5 2 5 4 5 4 4 4 1 5 4 3 4 4 4 4 5 3 4 5 4 4 5 2 3 3 4 6 4 6 3 2 4 4 4 4 5 4 4 4 4 4 5 5 3 5 2 4 7 6 5 5 5 3 2 3 5 3 3 3 5 4 4 
6 3 7 7 5 6 5 5 4 6 6 6 7 7 4 5 4 4 5 5 9 4 5 6 7 5 4 5 4 6 1 7 7 4 5 6 3 5 2 8 5 6 3 4 3 4 2 3 5 5 7 6 8 4 8 3 4 3 6 5 4 8 5 3 4 5 5 7 3 3 5 4 4 3 5 2 5 5 5 6 6 6 3 6 2 9 5 6 7 5 6 5 4 5 6 3 4 8 7 6 5 6 6 2 2 3 8 3 3 5 3 5 6 5 6 7 8 6 6 0 6 5 6 5 5 6 6 6 6 6 3 1 4 6 4 3 4 6 5 6 3 3 4 2 4 3 9 5 4 5 6 4 7 5 3 5 3 2 8 7 4 5 6 4 7 5 6 6 7 5 5 3 5 3 4 4 5 6 5 7 6 4 4 4 4 5 5 4 6 7 5 3 4 6 5 3 6 8 5 6 
8 4 10 7 11 6 9 8 8 7 7 6 5 8 8 11 3 9 5 8 8 5 7 5 8 10 5 5 3 7 6 7 5 2 10 9 6 7 5 8 6 8 13 7 8 8 5 5 5 9 6 9 1 6 9 4 9 10 4 8 8 7 8 11 8 8 10 4 5 3 6 6 5 9 8 5 10 7 12 7 7 10 8 8 5 12 7 9 5 9 5 6 7 2 11 7 13 7 8 2 7 8 9 6 7 4 6 8 7 7 6 7 9 8 4 8 8 6 8 6 7 6 12 7 8 8 4 8 13 10 12 8 9 7 6 4 8 5 4 3 8 5 7 4 7 3 6 7 7 7 8 10 9 4 5 4 10 7 7 9 8 8 8 9 6 5 6 7 3 8 8 9 7 9 4 7 7 3 7 6 6 8 11 4 5 9 8 6 6 7 8 7 8 6 9 4 9 9 8 9 
1 4 2 2 3 4 3 4 4 4 2 2 3 4 3 2 4 3 4 3 1 4 3 3 3 4 5 4 3 2 3 5 2 4 5 5 4 5 3 4 4 3 2 3 3 2 4 1 3 3 4 3 3 1 4 3 4 4 3 4 2 5 2 3 3 4 3 3 3 4 4 3 2 4 4 2 3 3 4 3 4 2 3 2 3 3 3 1 3 3 2 3 2 3 4 3 4 3 4 4 3 4 2 1 3 2 3 4 4 4 5 3 3 2 2 3 2 2 3 2 4 2 3 2 1 2 4 2 4 3 1 2 4 5 3 4 4 2 4 2 2 2 3 4 2 3 1 5 3 2 0 4 2 4 2 4 2 2 2 3 1 6 1 2 3 1 3 2 3 2 2 3 4 4 2 1 5 3 3 2 5 3 4 3 5 4 3 2 3 2 3 3 4 1 2 2 5 1 4 3 
7 5 5 4 11 8 8 7 10 9 5 5 8 13 5 7 8 4 11 7 1 5 8 5 5 7 9 7 10 8 9 8 8 7 4 6 8 10 8 8 5 6 9 9 9 7 5 5 8 3 6 5 10 6 6 3 5 8 6 10 6 7 7 8 2 6 4 8 6 6 2 5 10 9 2 4 10 9 6 10 6 6 6 4 11 7 13 9 5 7 5 4 12 9 6 8 11 6 11 8 6 11 10 8 8 4 11 4 8 4 7 6 7 7 11 4 7 3 7 6 8 8 9 6 8 3 4 8 5 9 7 8 6 9 5 9 8 5 15 5 7 9 7 9 6 8 8 8 8 8 9 5 3 9 4 7 5 7 9 8 11 7 10 6 10 6 8 8 10 7 5 9 12 5 9 7 3 4 6 7 7 8 7 5 5 8 7 5 8 6 7 6 11 3 9 10 10 6 9 7 
6 8 11 9 11 10 7 9 10 9 12 6 6 11 5 12 9 6 7 8 8 8 2 9 10 10 9 9 8 4 10 10 4 3 12 4 12 8 8 8 8 9 6 4 8 9 10 8 8 8 6 8 8 9 7 11 6 4 14 8 16 8 8 9 10 10 9 6 7 7 4 5 9 5 3 8 13 9 9 4 7 8 11 8 5 11 9 10 10 8 10 7 12 13 8 9 8 10 9 4 11 10 6 5 7 7 8 10 9 6 5 10 12 5 6 6 6 6 8 8 11 8 7 10 8 7 6 10 7 9 6 10 8 11 5 1 4 7 9 5 9 8 7 14 9 6 3 8 8 8 12 9 11 11 8 12 9 9 5 6 8 8 11 11 9 9 7 10 7 9 8 9 7 12 8 7 11 7 5 7 9 7 8 7 9 7 5 11 6 11 6 7 8 7 9 13 8 7 7 9 
4 3 2 4 3 4 3 4 2 3 2 4 5 4 5 2 4 2 4 4 1 3 3 4 3 3 3 2 2 3 2 2 3 3 3 4 3 3 3 5 3 2 4 2 4 4 5 4 2 5 2 3 3 2 3 3 3 2 3 3 3 3 3 3 3 2 3 3 3 2 3 2 4 2 4 3 3 2 3 3 3 1 4 0 3 2 1 4 2 4 2 3 5 3 4 2 2 3 5 2 4 1 4 2 3 2 3 3 3 1 4 3 2 2 2 3 2 2 3 5 2 4 3 5 2 2 4 4 3 3 3 1 5 3 4 2 4 2 3 4 3 0 2 5 1 2 3 4 4 1 4 5 4 2 4 3 5 4 2 5 1 4 3 2 2 4 4 3 3 3 4 2 3 3 5 3 3 4 2 5 2 4 3 3 3 3 3 3 1 0 3 3 3 5 3 2 3 4 2 3 
4 4 2 3 3 2 3 2 4 2 4 5 4 3 4 4 3 4 3 3 3 3 4 2 4 4 2 2 3 4 4 3 4 4 2 2 3 3 3 2 3 3 0 4 3 2 3 4 5 3 4 3 4 1 5 3 2 2 3 3 2 4 4 4 3 4 2 3 1 2 3 3 2 3 3 4 2 3 5 3 3 4 3 3 4 2 2 3 5 2 3 4 3 4 3 4 3 4 5 2 3 4 4 3 3 3 2 4 3 2 3 3 2 1 2 2 2 3 3 3 5 3 3 3 1 4 5 5 3 3 2 3 3 3 4 3 2 4 2 2 3 4 3 4 3 3 4 3 2 4 3 2 5 0 4 4 3 2 4 6 4 3 2 1 4 4 3 4 3 1 2 2 3 2 3 4 3 3 4 2 4 3 3 3 4 2 3 3 3 3 2 2 4 3 2 3 4 4 4 3 
10 12 14 13 8 11 4 8 5 7 3 10 8 8 11 9 7 11 13 9 9 6 15 3 9 10 6 14 10 3 9 10 11 7 9 6 11 12 8 5 8 13 10 8 12 10 15 15 9 10 9 10 7 13 11 6 9 4 10 9 1 9 6 5 9 13 12 11 13 9 9 8 12 8 5 12 9 8 11 8 8 11 13 8 8 8 8 8 11 10 8 6 13 4 10 9 10 7 11 9 5 13 2 8 7 10 12 8 11 8 5 11 11 10 8 8 12 6 11 5 6 7 5 13 7 12 8 7 2 8 10 12 12 10 4 9 8 9 15 1 11 13 10 7 9 9 10 16 11 6 5 8 15 13 10 10 9 7 4 12 7 8 7 7 5 9 10 10 3 8 11 7 7 5 9 9 15 6 9 9 12 8 12 11 8 9 10 13 6 8 7 10 13 7 7 11 16 2 7 9 
11 4 11 9 11 7 6 4 4 6 11 3 8 7 7 3 4 6 7 8 7 9 7 5 10 8 5 6 6 8 3 8 8 4 4 7 9 4 7 6 4 6 5 6 9 6 6 3 7 8 5 4 9 7 4 5 6 9 5 7 2 11 4 9 5 11 3 4 7 3 7 7 7 7 7 4 6 5 5 7 7 7 6 7 7 4 6 9 4 7 6 5 6 1 8 3 6 4 8 3 4 7 7 5 5 6 9 6 5 5 3 8 5 3 4 6 6 4 6 7 6 8 8 6 5 6 4 4 3 5 5 7 7 2 6 7 6 11 9 7 9 6 5 6 6 7 3 3 9 7 5 5 3 7 6 6 6 7 6 5 4 8 7 7 8 6 4 5 6 9 6 8 6 5 5 3 5 6 5 8 7 4 4 6 7 6 4 7 7 7 3 7 7 9 7 11 5 7 4 5 
3 2 3 3 3 2 2 1 2 6 4 2 2 2 4 4 3 2 4 3 4 2 4 3 5 3 4 3 5 1 3 3 2 3 2 2 3 5 3 2 3 2 3 2 1 4 4 3 2 3 2 4 3 3 2 1 2 0 4 2 2 1 2 5 5 0 3 3 3 3 4 3 3 3 2 3 4 4 3 4 4 2 4 5 2 4 3 3 3 4 4 1 4 3 2 3 3 0 5 2 3 3 5 3 4 3 3 4 3 4 2 3 3 4 3 5 1 3 1 4 2 4 3 3 3 3 3 3 4 3 3 5 4 0 4 3 3 4 3 3 2 4 2 3 4 2 3 5 4 2 4 4 2 2 3 4 4 3 3 3 4 2 2 4 4 3 5 4 2 4 3 3 1 3 4 3 3 3 2 2 4 3 3 4 3 2 2 3 3 4 3 3 3 2 2 3 2 3 4 3 
0 1 1 1 1 1 1 1 1 1 1 1 1 1 1 1 1 1 1 1 1 1 1 1 1 1 1 1 1 1 2 0 1 1 1 1 1 2 1 1 1 1 1 1 1 1 1 1 1 1 1 1 1 1 1 1 1 1 2 1 0 0 1 1 1 1 0 1 2 1 1 1 1 1 1 1 2 1 1 1 1 1 1 1 1 1 1 1 1 1 1 1 1 1 1 1 0 2 1 1 1 2 1 1 2 2 1 1 1 1 1 1 1 1 1 1 1 1 1 1 1 2 1 1 1 1 1 1 1 1 1 1 2 1 1 1 1 1 1 1 1 0 1 1 1 1 1 1 1 1 1 1 1 1 1 1 1 1 1 1 1 0 0 1 1 1 1 1 1 1 1 1 1 1 1 1 1 1 1 1 1 1 1 1 1 2 1 1 1 1 0 0 1 1 1 1 1 1 2 1 
1 4 4 5 6 6 3 6 6 1 5 5 5 5 5 3 4 4 4 5 3 5 4 6 4 3 6 5 5 2 3 7 5 4 6 5 3 3 4 2 4 4 3 3 4 3 4 5 5 2 5 2 3 4 5 3 4 3 2 3 3 6 5 6 5 2 4 2 3 6 4 3 5 5 5 4 2 4 5 6 2 2 4 5 3 5 6 4 5 5 3 4 4 5 5 5 4 2 6 2 8 1 4 3 4 5 5 3 4 8 6 4 5 5 2 5 3 2 6 3 4 3 3 5 4 3 2 3 6 4 4 3 6 4 5 5 6 4 3 5 3 3 5 3 5 6 4 4 4 4 5 5 4 4 6 5 5 6 2 4 1 6 4 5 2 5 5 4 5 4 7 3 3 4 5 5 3 2 2 4 4 4 4 8 5 3 4 4 4 5 4 5 4 3 5 5 2 3 4 3 
1 1 1 1 1 1 1 1 1 1 1 1 1 1 0 1 1 1 0 1 1 1 1 1 1 1 1 1 1 2 1 1 1 1 1 1 1 1 1 2 2 1 1 1 1 1 1 1 1 1 2 1 1 1 1 1 1 1 1 1 1 1 1 1 2 1 1 1 1 1 1 2 1 1 2 1 1 1 1 2 1 1 1 1 1 1 0 1 1 1 1 1 1 1 1 1 1 1 1 1 1 1 1 1 1 1 2 0 1 1 1 2 1 1 1 1 1 0 1 1 1 1 1 2 1 0 1 1 2 2 1 1 1 1 1 1 1 1 1 1 1 1 1 1 1 1 1 1 1 0 0 1 1 1 1 1 1 1 1 1 1 1 1 1 1 1 1 1 1 1 1 1 1 1 1 1 1 1 0 1 1 0 1 1 1 1 1 1 1 1 1 1 1 1 1 1 2 1 1 1 
10 12 7 6 8 5 11 7 8 3 13 5 5 3 9 9 12 10 2 8 10 9 9 12 13 7 10 13 9 12 10 9 10 10 11 13 6 9 8 8 10 10 12 9 4 13 13 3 9 9 6 9 9 10 7 12 7 10 8 13 4 8 10 9 5 4 10 14 8 3 12 10 4 6 9 13 9 4 8 11 11 10 6 9 10 10 7 13 12 8 13 8 5 10 10 12 10 10 13 9 7 12 11 1 5 9 2 3 8 14 10 3 5 10 9 12 10 8 11 9 9 9 10 5 11 2 5 9 13 14 9 13 6 4 9 7 7 10 4 12 10 9 10 14 3 4 13 14 13 10 11 14 10 4 8 5 8 4 11 8 4 10 11 4 7 10 7 7 13 10 6 9 7 10 4 10 10 8 4 8 13 10 13 6 7 9 7 10 3 5 5 11 6 9 9 9 8 12 6 10 
11 8 7 8 6 11 9 9 6 3 12 10 11 7 5 11 5 10 10 9 6 9 10 12 13 6 7 11 12 4 6 11 3 9 9 8 3 4 9 6 7 8 6 11 9 9 11 11 9 10 7 6 5 10 3 9 6 9 6 8 7 10 8 11 6 5 10 12 7 7 12 7 12 6 10 5 6 10 4 9 7 11 11 6 12 10 11 4 11 9 6 5 6 5 13 10 4 9 7 11 10 8 12 12 12 13 9 7 10 10 7 8 9 8 5 10 9 5 10 9 10 9 3 9 9 8 9 10 6 7 7 8 6 8 8 6 9 5 7 8 11 12 9 6 8 6 7 7 7 7 8 5 15 8 10 8 11 9 9 9 10 7 8 6 9 7 11 7 10 6 9 11 8 13 8 9 4 5 8 6 5 8 14 11 5 10 10 11 9 8 5 6 6 9 7 6 8 7 4 11 
3 3 3 2 2 2 2 2 2 2 2 3 2 1 1 2 2 2 3 2 2 2 3 3 2 3 2 2 2 3 1 1 1 1 3 2 2 3 3 2 2 1 3 2 2 2 3 1 3 2 1 2 2 2 1 2 2 1 1 2 1 2 2 3 1 2 3 3 1 2 2 2 1 2 2 2 1 2 1 2 3 2 3 2 2 3 1 2 1 2 3 1 2 2 2 2 2 2 2 2 1 1 0 3 2 2 1 2 3 3 2 2 3 1 2 1 1 3 2 2 1 2 3 2 2 2 2 1 2 2 2 2 2 2 3 3 1 2 2 2 3 2 1 3 2 2 2 3 2 2 3 1 2 3 2 2 2 2 1 2 1 2 2 2 2 2 1 2 2 2 1 1 3 3 4 4 1 3 2 3 1 2 2 1 2 0 2 1 1 1 1 1 3 2 2 1 1 2 2 2 
3 4 6 6 4 8 4 6 3 6 2 4 6 3 3 7 3 2 5 4 8 0 3 6 7 6 7 3 6 3 4 6 5 5 3 5 6 5 4 4 3 6 7 6 6 4 5 4 2 5 6 4 6 4 4 5 6 5 3 3 3 6 6 6 8 3 6 4 4 7 4 7 5 3 6 5 4 5 4 6 8 5 4 4 6 4 5 4 5 4 7 6 2 6 7 4 3 4 6 7 2 4 3 5 6 4 4 0 5 5 4 3 5 5 6 5 5 8 4 2 7 4 6 3 8 4 4 7 6 5 4 5 4 7 6 4 3 5 6 1 3 2 4 4 4 7 10 6 7 4 6 6 6 6 4 6 7 6 5 8 6 3 2 4 4 4 4 4 4 4 3 4 4 4 4 7 2 6 1 5 2 7 4 5 5 6 5 3 6 1 5 5 9 8 7 5 4 5 6 4 
1 1 2 1 1 1 1 1 2 1 1 1 1 1 1 1 0 2 0 1 1 1 1 1 1 1 1 1 1 1 2 1 1 2 2 1 1 1 1 1 0 1 1 1 1 1 0 1 1 1 1 1 2 1 1 1 1 1 1 1 1 1 1 1 1 1 1 1 1 1 2 1 1 1 1 1 1 0 1 2 1 0 1 1 1 0 1 1 1 1 1 1 1 2 2 1 0 1 1 1 1 1 1 1 1 1 1 1 0 1 0 1 1 0 1 1 1 1 0 1 1 1 0 1 0 1 2 1 1 1 1 1 1 1 1 1 1 1 1 1 1 1 1 1 1 1 2 1 1 1 1 1 1 1 1 1 1 1 1 1 1 1 1 0 1 1 1 1 1 1 1 1 0 1 1 1 1 1 0 1 1 1 1 1 1 1 1 1 1 1 1 1 2 1 1 1 1 2 1 0 
7 6 8 2 4 9 9 9 8 10 8 9 5 9 7 6 11 8 10 6 7 9 7 5 6 2 5 6 7 4 10 8 9 3 6 7 4 7 7 11 5 9 9 5 6 4 4 8 7 5 6 6 7 5 12 6 8 5 5 4 10 6 7 8 7 5 7 7 11 9 5 3 3 7 5 10 11 7 3 3 4 8 7 10 8 6 9 7 8 12 8 5 12 4 7 5 8 7 9 9 10 11 15 11 9 4 5 7 10 3 8 4 5 10 9 9 6 5 6 9 5 4 6 8 9 7 10 12 6 9 5 7 9 9 9 8 14 6 7 12 13 8 4 10 4 6 3 5 10 6 8 6 11 3 3 4 8 4 6 6 10 9 6 9 6 6 6 2 5 3 6 6 5 5 6 6 7 7 5 8 11 6 4 9 6 8 6 11 8 5 8 10 8 8 3 6 3 7 5 5 
1 1 1 1 2 1 1 1 1 1 1 1 1 1 1 1 1 1 1 1 1 0 1 1 1 1 1 1 0 1 1 2 1 1 2 1 1 1 2 1 1 1 0 1 1 1 1 1 1 0 2 1 1 1 0 1 1 1 1 1 1 1 1 1 1 1 1 1 1 1 1 1 1 1 1 1 1 2 2 1 1 1 1 1 2 1 2 1 1 1 1 1 1 1 1 1 1 2 1 1 2 1 1 1 0 1 1 1 1 1 1 1 1 1 0 1 1 1 1 1 1 1 2 1 1 1 1 1 1 1 1 1 1 1 1 1 1 1 0 1 1 1 1 1 1 1 1 1 1 1 1 1 1 1 1 1 1 1 1 2 1 2 1 1 1 1 1 1 1 1 1 1 1 1 1 1 0 1 0 1 1 1 1 1 1 1 1 2 1 1 1 1 1 2 1 1 1 1 2 1 
1 1 1 1 1 0 1 1 1 1 1 2 1 1 1 1 1 1 1 1 0 1 1 1 1 1 1 0 1 1 2 1 1 1 1 1 1 1 1 1 1 1 1 1 2 1 2 1 1 1 1 1 1 1 1 1 1 1 2 1 1 2 1 1 1 1 1 1 1 2 1 1 0 1 1 1 1 1 1 1 1 1 2 1 1 0 1 1 1 1 1 1 1 1 1 1 1 0 1 0 1 1 2 1 1 1 1 1 1 1 1 2 1 1 1 1 1 1 1 1 1 1 1 1 1 1 1 1 1 1 1 1 1 0 1 0 1 1 1 0 1 1 1 1 1 1 1 2 1 1 1 1 1 1 1 0 1 1 1 1 1 1 1 1 1 1 1 1 1 1 1 1 1 1 1 1 1 1 1 1 1 1 1 1 1 1 1 1 1 1 1 1 1 2 1 1 2 2 2 2 
6 13 9 12 10 15 6 11 5 7 10 9 12 8 4 7 5 9 7 5 5 11 8 12 6 9 7 4 8 8 14 8 12 8 7 4 10 8 8 9 7 5 14 7 10 6 7 7 12 10 10 10 2 6 2 5 8 10 14 5 7 11 8 8 11 8 7 5 5 5 8 5 6 11 9 5 8 8 7 4 4 5 10 5 11 5 9 11 8 9 10 10 9 10 10 7 6 13 12 9 6 10 8 4 7 11 9 8 6 5 10 9 11 8 12 9 5 4 11 7 12 13 13 3 6 9 6 13 6 9 8 6 11 10 10 7 11 10 8 10 6 9 4 11 8 3 8 11 7 13 5 9 7 6 8 8 4 9 3 10 7 6 1 5 4 6 12 7 10 8 7 7 7 5 5 6 12 10 2 4 15 10 7 1 6 6 10 8 9 8 3 9 6 7 9 10 6 8 8 9 
4 2 3 3 4 2 3 4 4 3 2 4 2 2 4 3 3 3 0 1 2 2 3 5 4 3 4 4 3 3 2 3 4 3 3 3 3 2 4 2 4 2 2 4 4 4 4 4 3 4 2 2 5 4 4 4 2 4 2 4 3 1 6 4 2 2 4 3 3 5 2 2 4 5 4 2 4 3 3 3 4 4 1 5 3 3 2 4 3 3 3 3 4 5 3 3 1 3 1 1 4 3 2 2 2 3 2 2 1 5 2 2 3 2 3 4 4 5 2 2 2 4 2 1 3 4 3 3 4 3 3 4 1 1 3 2 3 4 2 3 3 2 2 1 1 1 2 3 3 2 2 4 3 4 2 2 4 3 3 3 4 3 3 4 3 3 4 2 3 2 4 3 4 3 2 4 2 4 4 4 1 4 3 3 2 2 3 3 3 2 4 4 2 3 2 3 4 4 2 1 
0 3 3 1 2 0 3 2 1 2 2 3 2 2 3 2 1 0 2 2 2 2 2 2 1 1 3 3 2 1 2 2 1 2 1 3 1 2 3 2 1 2 2 2 2 2 2 3 3 2 3 3 2 3 2 2 3 3 3 2 2 3 2 2 3 2 2 2 1 2 3 0 2 2 2 2 2 3 1 1 3 2 2 3 3 3 3 2 1 2 3 2 1 2 2 2 3 2 3 1 2 2 2 3 2 2 3 2 2 3 1 1 1 1 3 4 1 2 3 3 2 0 2 1 2 2 2 2 2 1 3 2 1 1 3 2 2 1 2 2 2 2 2 2 3 3 2 2 3 2 3 3 2 1 2 2 2 2 2 2 3 3 2 3 3 3 2 2 2 2 3 2 2 2 1 2 2 3 3 2 1 1 2 3 3 1 2 1 1 2 2 2 1 1 3 1 2 2 2 2 
4 4 4 4 1 3 6 5 4 2 4 4 1 4 3 4 3 6 3 5 6 5 3 5 3 2 4 1 3 4 3 4 6 4 5 3 5 6 2 4 3 5 5 2 2 5 5 4 3 7 5 4 2 4 4 5 2 5 2 3 3 6 2 3 4 3 3 2 4 4 5 4 3 3 2 3 1 6 3 3 3 6 3 3 3 3 3 2 4 3 2 4 5 6 7 5 3 5 3 2 3 4 4 5 4 5 5 4 1 4 4 6 4 4 3 2 4 5 5 4 6 5 4 4 3 4 4 4 3 1 3 4 3 4 5 2 4 3 6 4 5 6 3 4 3 3 4 3 4 4 5 3 4 4 3 5 4 3 4 2 4 6 2 4 5 6 3 5 4 2 7 1 4 4 0 3 4 2 4 3 1 5 5 4 7 4 3 3 3 4 7 3 4 4 3 7 4 2 5 6 
2 1 1 1 1 1 1 1 1 2 1 1 1 1 1 2 1 1 2 2 1 1 1 0 1 1 0 1 1 1 1 2 1 1 1 1 1 1 1 1 1 0 1 2 1 1 1 1 1 1 1 1 1 1 1 1 1 0 1 1 1 1 2 1 1 1 1 2 1 1 1 1 1 1 1 1 1 2 1 1 1 1 1 1 1 1 1 1 1 1 1 1 0 1 1 1 1 1 1 1 1 1 1 1 1 1 1 1 1 1 1 2 0 1 1 1 1 1 1 1 1 1 1 1 1 1 1 1 1 1 1 1 1 2 1 1 1 1 1 1 1 1 1 1 1 1 1 1 1 1 1 1 1 1 1 1 1 1 1 1 1 1 1 1 2 1 1 1 1 1 1 1 1 1 1 1 1 1 1 1 1 1 0 1 1 1 1 2 2 1 1 1 1 1 1 0 1 1 1 1 
1 2 2 2 1 3 2 2 2 3 1 1 1 3 2 2 3 2 3 2 3 4 2 2 2 2 2 2 1 2 1 1 3 1 2 2 2 1 2 0 2 2 2 2 2 2 2 2 2 2 3 1 2 3 2 3 3 1 2 0 2 1 2 1 2 2 2 1 2 3 2 1 2 2 3 2 1 2 1 1 1 2 2 2 2 1 3 1 2 2 2 3 2 1 1 2 1 2 2 2 2 3 2 2 2 3 2 1 3 2 3 3 1 1 2 2 3 3 2 3 1 2 2 2 2 2 1 2 2 1 2 3 1 1 2 2 2 2 2 2 2 2 2 1 3 2 2 1 2 1 1 2 2 2 2 3 1 2 1 1 3 1 3 2 2 3 2 2 2 3 2 2 3 2 2 1 1 2 2 2 2 1 2 1 2 1 2 1 1 4 3 3 2 2 3 2 1 2 3 2 
4 5 5 4 4 1 5 2 7 4 8 3 2 6 5 3 3 7 4 4 5 4 4 2 4 2 4 4 3 7 5 3 4 2 5 6 6 6 2 7 5 3 4 3 4 4 4 5 1 6 5 5 4 4 3 5 8 2 4 5 4 5 5 3 4 4 3 3 4 5 1 4 4 4 3 5 4 5 6 4 6 2 3 3 5 4 4 3 4 2 5 3 2 5 3 3 6 4 5 6 3 3 3 4 5 4 6 5 5 3 3 4 3 2 4 4 5 6 5 4 2 3 5 7 4 4 6 1 4 3 2 6 3 5 5 4 2 4 5 4 5 4 5 3 4 4 4 4 3 4 2 5 2 4 5 3 2 5 3 3 5 2 4 2 2 5 5 3 4 6 3 2 2 6 5 2 3 4 4 4 2 4 7 5 3 4 3 5 6 3 7 3 4 5 7 4 2 6 4 5 
5 3 3 5 3 8 9 3 3 6 1 4 6 4 3 2 6 5 3 3 4 4 6 2 5 8 5 6 5 6 4 10 4 6 5 3 5 6 5 5 3 6 2 7 6 4 6 1 5 5 5 6 7 4 6 7 5 5 4 5 5 5 6 5 4 2 4 5 7 5 6 6 4 4 6 7 2 6 6 6 2 6 7 5 8 6 4 6 4 4 5 5 3 5 4 8 4 4 7 6 1 5 4 7 6 7 5 6 5 8 3 4 5 4 5 6 8 5 7 2 4 6 5 3 6 7 5 6 5 2 4 4 2 6 4 4 5 6 7 3 5 3 4 3 5 3 4 2 4 4 4 3 5 5 2 4 7 4 7 2 3 5 4 3 7 7 7 7 5 3 4 7 7 6 4 4 8 4 4 7 3 4 5 6 6 5 10 3 7 5 5 6 7 8 5 6 5 4 5 8 
2 4 4 3 1 3 3 4 2 2 4 5 2 4 3 4 3 4 4 4 3 1 4 3 3 3 3 3 5 3 3 2 4 3 2 1 4 1 3 3 4 4 2 3 3 3 3 4 3 3 2 4 3 3 3 4 3 5 4 3 5 4 3 6 2 2 4 3 3 2 3 5 1 3 3 5 2 5 1 2 4 2 4 4 2 2 2 2 3 3 3 3 4 4 3 4 5 2 4 3 2 3 1 0 4 3 1 3 5 3 2 4 3 4 2 3 2 1 5 2 2 3 3 4 4 3 4 6 4 4 3 3 2 3 2 5 2 5 3 3 4 3 3 3 1 2 3 4 2 3 1 4 4 2 3 3 3 4 5 2 3 3 4 3 3 4 2 4 2 3 2 3 6 2 3 3 3 4 2 4 3 5 3 4 3 4 2 4 4 3 3 4 2 3 3 2 2 3 3 3 
9 9 12 7 6 7 4 15 8 9 13 7 11 9 7 4 8 10 12 8 6 10 11 9 13 11 13 9 5 3 3 8 7 5 11 11 6 7 10 11 7 3 9 13 7 7 8 12 11 9 13 7 6 9 9 18 12 8 6 7 6 9 10 7 9 8 12 6 6 9 10 9 4 7 11 12 8 7 7 5 8 6 2 7 9 6 6 6 4 9 5 8 10 6 4 10 8 8 9 10 8 11 9 12 9 4 3 8 9 3 4 9 7 10 10 3 11 6 8 9 7 9 6 6 5 11 13 7 9 7 8 4 3 8 7 4 7 7 10 11 9 9 8 11 7 11 13 7 3 8 7 5 10 2 9 8 5 9 10 12 4 10 7 8 5 8 9 7 8 6 10 10 7 8 9 4 9 6 9 10 6 10 7 7 9 16 10 11 10 11 11 7 9 7 6 7 13 9 9 10 
11 6 7 9 9 6 4 7 8 8 10 11 7 4 4 2 9 8 8 5 9 7 3 4 4 5 8 6 3 7 7 8 8 5 7 8 10 9 7 11 5 8 5 6 13 8 4 12 6 8 10 6 7 3 4 11 7 4 7 4 6 7 7 8 10 11 10 3 5 7 7 6 9 9 7 9 3 3 9 3 9 8 7 7 7 8 6 10 7 6 6 4 7 9 8 7 4 9 9 5 8 5 10 5 6 5 7 5 8 4 8 6 4 11 5 7 4 7 8 7 5 7 7 4 10 8 4 6 7 7 9 8 10 8 9 8 5 11 4 8 6 5 4 2 13 6 3 8 7 10 6 11 6 3 5 6 5 9 7 5 9 6 8 11 8 4 10 9 7 8 6 10 6 8 5 5 9 8 5 9 9 7 7 5 9 10 5 3 10 4 6 7 6 9 5 5 6 10 8 4 
6 6 17 8 6 7 9 4 11 8 8 6 12 10 13 11 3 2 8 11 8 8 6 6 13 9 4 11 6 10 6 12 9 12 7 7 9 10 1 0 9 7 12 6 11 5 9 7 11 10 8 9 7 7 6 8 9 5 6 8 8 15 17 8 8 10 9 12 7 10 6 15 8 16 12 8 11 13 10 8 12 9 8 9 9 10 10 8 7 12 8 11 6 12 8 13 10 12 9 6 3 4 8 12 7 9 7 8 8 9 9 7 9 8 11 5 9 11 12 7 15 11 7 11 8 7 10 12 11 12 11 11 7 10 7 16 7 5 12 7 14 8 10 10 13 6 15 5 9 6 7 15 12 10 7 7 9 11 11 13 9 9 6 9 12 7 14 8 6 8 12 9 13 8 10 6 11 15 11 9 9 7 9 17 5 7 8 14 7 4 8 15 10 7 9 9 6 9 6 13 
2 4 2 2 3 5 7 4 3 6 5 6 4 5 6 2 3 4 2 3 2 4 4 2 3 4 3 4 5 7 6 5 3 5 2 5 2 6 5 4 4 3 4 6 4 4 5 5 3 3 4 3 3 7 3 4 4 6 6 4 2 10 4 3 4 5 5 4 5 5 1 3 4 7 3 4 4 4 2 2 3 3 2 6 3 4 5 4 4 4 5 5 5 4 5 5 2 1 4 4 2 2 6 3 3 5 5 1 4 2 6 6 4 3 3 4 4 2 5 5 5 5 4 3 5 2 4 4 6 3 6 3 6 5 6 3 4 5 6 5 5 4 4 7 3 4 4 4 5 2 8 5 3 3 3 5 3 2 3 5 5 3 6 2 4 6 3 4 4 2 6 1 6 3 3 3 5 3 2 4 8 3 6 5 2 4 2 3 2 2 4 5 4 5 3 3 3 2 4 4 
1 1 1 2 1 1 1 1 1 1 1 1 1 1 1 1 1 1 1 1 1 1 1 1 1 2 0 1 1 1 0 1 1 1 1 2 1 1 1 1 1 0 1 1 0 1 2 0 1 1 1 1 2 1 1 1 1 1 1 1 1 1 1 1 1 1 1 0 1 1 1 1 0 1 0 1 1 1 1 1 1 1 1 1 1 1 1 1 1 0 1 1 2 1 1 1 2 1 0 1 1 2 1 1 1 1 1 1 1 1 1 0 1 1 1 1 1 1 1 0 1 1 0 1 1 1 1 1 1 1 1 1 1 0 0 1 1 1 1 1 1 1 1 1 1 1 1 1 2 2 1 0 1 1 1 1 1 1 1 2 1 1 2 1 1 1 1 1 1 1 1 1 1 1 1 1 1 1 1 1 2 2 1 1 1 1 2 1 1 0 1 0 1 1 2 1 1 1 1 1 
4 7 6 8 1 5 9 10 5 10 3 6 7 9 10 4 6 8 10 0 6 2 9 9 11 9 10 6 6 7 4 5 6 9 11 7 9 11 5 5 9 9 6 10 5 9 8 9 4 10 5 6 6 8 6 5 5 7 8 1 6 8 9 7 8 9 5 4 7 9 12 11 5 6 9 7 9 3 5 5 7 7 9 7 7 5 4 7 6 6 9 5 3 9 9 9 10 7 9 6 7 9 7 11 11 8 8 3 7 9 4 8 8 8 4 1 6 4 7 7 4 7 2 5 8 9 10 7 6 3 9 8 6 5 3 4 9 7 4 6 3 7 5 7 10 3 7 6 8 8 10 3 5 6 3 4 9 4 7 8 5 8 5 2 11 8 6 6 6 8 2 12 5 4 7 2 6 5 3 1 8 5 8 7 5 10 12 8 4 8 10 6 7 1 4 9 7 6 7 8 
3 12 12 15 9 10 9 14 17 13 14 13 9 9 5 13 7 12 12 5 8 8 10 7 8 13 13 14 10 11 8 4 14 10 9 10 8 18 14 12 11 14 10 5 17 11 6 11 8 11 10 8 9 11 15 15 8 12 7 7 17 7 7 9 11 11 3 7 12 10 10 12 2 7 8 8 8 6 7 9 10 6 10 12 14 7 5 10 12 14 9 9 6 12 5 7 7 9 10 11 15 9 11 12 10 9 5 15 8 9 10 7 13 13 10 3 6 5 12 16 10 8 10 13 14 10 11 7 9 17 6 10 8 14 13 8 12 12 5 10 16 1 10 16 13 9 6 15 10 8 10 10 9 10 6 11 11 10 11 12 12 10 9 6 9 14 9 12 10 13 10 6 9 14 11 8 11 9 13 8 10 9 13 9 4 14 6 10 11 10 11 12 14 11 11 5 6 7 11 9 
6 7 7 11 4 5 7 2 4 6 8 2 5 7 6 7 6 7 7 7 5 6 5 10 8 6 5 5 8 7 7 4 5 9 6 5 5 2 5 7 7 8 6 4 3 4 5 6 9 6 5 8 9 6 8 4 7 8 2 3 10 5 6 6 3 7 4 5 7 4 6 7 6 5 6 8 9 6 7 6 8 4 8 4 7 10 5 7 8 3 8 9 5 7 5 9 4 7 4 11 8 4 5 7 6 6 6 6 5 10 9 5 9 10 5 6 1 10 6 6 4 5 6 9 9 7 7 9 5 5 5 7 7 5 6 9 8 9 7 4 5 6 8 6 4 8 4 6 10 5 6 7 5 8 5 6 6 3 5 6 7 6 6 4 5 6 6 4 4 6 2 9 6 8 6 3 2 5 5 4 9 1 7 8 9 7 6 4 2 3 4 9 6 6 6 6 6 6 6 4 
DEPOT_SECTION
 1
 -1
EOF
