NAME  : Jabali_40_4_0.80_1_4
TYPE : SVRP
MODEL : FINITE_SUPPORT
NUMBER_OF_SCENARIOS : 200
DIMENSION : 40
EDGE_WEIGHT_TYPE : MATRIX
CAPACITY : 64
N_VEHICLES : 4
NODE_COORD_SECTION
1 4080 4474
2 7246 1762
3 5088 139
4 6795 3932
5 1020 5803
6 2580 7331
7 3758 4340
8 5424 18
9 3802 6717
10 6073 4237
11 900 2317
12 5821 3194
13 4157 2562
14 2904 8798
15 2961 1740
16 3101 3224
17 4608 1143
18 1417 6660
19 4655 3126
20 5191 1362
21 158 2340
22 386 2992
23 8290 6374
24 2972 5359
25 830 3520
26 7814 5743
27 4548 7987
28 2020 4923
29 1098 3932
30 283 3500
31 190 2679
32 3800 4083
33 27 2770
34 6269 2034
35 5157 5660
36 2108 4548
37 7405 5018
38 2150 6201
39 2663 2596
40 7759 2580
DEMAND_SECTION
1 0.0
2 1.0
3 3.0
4 2.0
5 3.0
6 7.0
7 5.0
8 7.0
9 5.0
10 9.0
11 10.0
12 8.0
13 1.0
14 3.0
15 10.0
16 9.0
17 5.0
18 5.0
19 5.0
20 10.0
21 8.0
22 7.0
23 7.0
24 6.0
25 4.0
26 5.0
27 1.0
28 10.0
29 1.0
30 9.0
31 1.0
32 3.0
33 6.0
34 5.0
35 4.0
36 3.0
37 5.0
38 7.0
39 1.0
40 5.0
DEVIATION_SECTION
1 0.0
2 0.333333
3 1.0
4 0.666667
5 1.0
6 2.33333
7 1.66667
8 2.33333
9 1.66667
10 3.0
11 3.33333
12 2.66667
13 0.333333
14 1.0
15 3.33333
16 3.0
17 1.66667
18 1.66667
19 1.66667
20 3.33333
21 2.66667
22 2.33333
23 2.33333
24 2.0
25 1.33333
26 1.66667
27 0.333333
28 3.33333
29 0.333333
30 3.0
31 0.333333
32 1.0
33 2.0
34 1.66667
35 1.33333
36 1.0
37 1.66667
38 2.33333
39 0.333333
40 1.66667
DISTANCE_MATRIX
0.0 60.2345 64.9181 39.6372 48.7699 51.4401 4.47214 67.2014 30.3971 30.4951 50.9698 36.631 30.2426 60.6184 40.1995 21.0238 48.2036 46.4281 21.0454 48.6005 58.3367 52.9772 65.7647 22.9995 45.4903 56.7274 49.0306 31.6825 41.1617 52.1939 58.597 5.09902 57.0571 46.4584 24.1661 28.6481 48.5489 36.783 31.257 61.0283 
60.2345 0.0 34.9285 28.6007 100.51 97.3184 59.1788 33.5261 80.6555 36.714 85.0941 34.5271 41.5933 110.057 56.356 56.5238 34.7131 103.339 44.0153 27.0185 94.2444 91.9239 61.5224 77.9095 87.3121 52.1728 89.2784 82.1271 85.172 93.6298 96.8401 62.3176 94.921 14.0357 57.6753 79.0927 42.0595 91.693 60.4401 12.1655 
64.9181 34.9285 0.0 55.0818 91.586 102.361 58.7428 4.0 90.3864 55.5428 66.0681 43.6578 36.7967 120.733 36.4966 48.0208 15.0 97.6422 45.4533 16.5529 75.0067 75.5381 93.1933 72.3582 74.2159 83.0542 106.471 73.4983 74.0 79.4292 79.1581 59.1566 77.1622 31.0 74.4577 69.6419 72.0069 87.4516 46.4866 46.8188 
39.6372 28.6007 55.0818 0.0 76.5129 69.6771 40.1158 55.4437 53.1413 10.0499 83.8125 18.4391 38.8831 81.8841 59.092 54.508 46.9574 76.1722 38.2423 40.3543 92.765 89.4296 39.0512 50.7425 81.6492 28.6356 61.0737 68.1765 77.6557 88.3117 95.0621 43.2546 93.5414 24.1868 29.9666 65.1421 17.4642 64.5261 58.7587 21.9545 
48.7699 100.51 91.586 76.5129 0.0 27.8568 47.1301 95.0158 41.631 67.4198 46.5725 82.0189 58.832 46.0977 59.397 43.566 76.6616 12.0416 68.4264 78.631 47.0956 39.1152 96.0874 28.0713 30.5941 88.5935 53.8516 18.3848 25.2982 33.0 43.0116 44.9763 43.0116 86.7089 52.3803 21.9545 82.6005 16.4012 47.3814 97.953 
51.4401 97.3184 102.361 69.6771 27.8568 0.0 56.9008 105.656 16.8434 60.9774 71.0282 78.828 69.4013 21.1896 75.1532 56.0161 87.3623 16.6433 78.1971 89.2003 73.3348 65.3758 76.41 31.8034 56.1427 71.7347 26.9072 33.7343 50.04 59.8415 69.8713 54.747 69.5845 88.6554 39.8512 38.0789 69.6518 16.2788 63.6946 91.465 
4.47214 59.1788 58.7428 40.1158 47.1301 56.9008 0.0 62.0376 34.7908 30.9737 48.0345 35.5753 25.7833 65.0121 36.0555 17.2627 43.7443 52.2359 19.9896 47.5448 55.4014 50.0419 67.3573 26.8982 42.555 57.9828 53.3667 28.7472 38.2263 49.2586 55.6617 3.16228 54.1218 45.4027 27.2029 25.7128 49.2037 42.2437 27.6586 61.5068 
67.2014 33.5261 4.0 55.4437 95.0158 105.656 62.0376 0.0 92.6697 56.6127 70.0643 45.1885 39.8246 123.016 40.4475 51.4782 18.3576 100.991 48.1041 18.6011 79.0063 79.511 93.0215 75.653 78.1025 83.006 108.469 76.8505 77.7946 83.3607 83.1505 62.4514 81.1542 31.257 76.4515 73.0616 72.0625 90.7464 50.2892 45.607 
30.3971 80.6555 90.3864 53.1413 41.631 16.8434 34.7908 92.6697 0.0 44.3954 71.1969 62.0607 60.5457 30.4138 69.1231 49.4773 76.6144 31.8982 46.5137 74.0688 75.3238 67.7854 62.2977 23.1948 58.3117 56.8859 21.2132 32.9848 52.0002 63.5573 73.0083 35.145 72.2392 71.8881 23.5372 36.4966 54.0093 26.6516 58.6941 74.8465 
30.4951 36.714 55.5428 10.0499 67.4198 60.9774 30.9737 56.6127 44.3954 0.0 78.1097 13.1529 34.1838 73.7835 54.3927 45.7359 45.0111 67.0791 30.0599 39.4588 85.669 80.2874 43.382 41.6494 72.8422 33.121 54.4885 59.0344 68.5136 79.5458 85.9199 33.8444 84.3993 31.0428 22.0227 56.0 22.8035 55.4329 57.9888 30.9871 
50.9698 85.0941 66.0681 83.8125 46.5725 71.0282 48.0345 70.0643 71.1969 78.1097 0.0 65.9819 44.9489 91.444 30.1496 33.3017 54.3323 58.0517 53.7447 60.208 9.21954 10.8167 115.256 49.6488 16.1555 105.659 92.3959 38.3275 21.3776 16.9706 13.1529 45.8806 11.1803 71.6938 75.0011 34.7131 96.5404 55.0091 25.0599 92.2309 
36.631 34.5271 43.6578 18.4391 82.0189 78.828 35.5753 45.1885 62.0607 13.1529 65.9819 0.0 21.0525 92.4187 41.2614 36.6774 32.1403 80.3754 20.4117 27.2029 74.9344 72.1158 56.0803 54.9457 67.4656 45.6946 77.6004 63.636 72.2818 73.7833 77.1408 38.714 75.2556 20.751 45.5825 60.6016 34.8855 68.7293 40.9281 38.2105 
30.2426 41.5933 36.7967 38.8831 58.832 69.4013 25.7833 39.8246 60.5457 34.1838 44.9489 21.0525 0.0 90.767 21.0238 15.6444 21.9317 64.7363 10.198 22.3607 53.9015 51.0828 77.0635 39.3987 46.4327 66.6579 78.9688 40.602 44.2926 52.7504 56.1079 26.1971 54.2226 27.8174 43.1045 36.8923 55.7597 54.4921 19.8951 48.3452 
60.6184 110.057 120.733 81.8841 46.0977 21.1896 65.0121 123.016 30.4138 73.7835 91.444 92.4187 90.767 0.0 96.2788 77.1414 107.087 34.0588 76.9862 104.415 93.0 85.0 81.0062 52.9287 76.0592 78.7718 25.0 54.8179 70.1783 79.0569 89.0898 76.8629 89.0225 104.14 51.9711 59.203 79.1202 37.3631 84.8646 103.832 
40.1995 56.356 36.4966 59.092 59.397 75.1532 36.0555 40.4475 69.1231 54.3927 30.1496 41.2614 21.0238 96.2788 0.0 19.6469 24.1868 67.8012 30.1264 30.3645 39.3192 39.1152 97.2724 46.1736 37.9473 86.8668 89.1433 43.0116 38.4708 42.9535 43.0116 35.3553 41.0122 43.8292 62.2896 38.6005 75.9686 59.5399 12.0416 64.405 
21.0238 56.5238 48.0208 54.508 43.566 56.0161 17.2627 51.4782 49.4773 45.7359 33.3017 36.6774 15.6444 77.1414 19.6469 0.0 33.121 50.2096 24.4402 35.4401 41.6173 37.5766 82.9096 26.5707 31.7805 73.2848 69.6265 25.6125 29.0172 38.3275 42.9418 16.0 41.1825 42.7227 44.3847 21.6333 64.1667 40.8044 10.4403 63.3276 
48.2036 34.7131 15.0 46.9574 76.6616 87.3623 43.7443 18.3576 76.6144 45.0111 54.3323 32.1403 21.9317 107.087 24.1868 33.121 0.0 82.6437 31.0644 7.81025 63.5059 63.0 85.9524 57.3597 60.6712 75.5272 93.1075 58.5235 59.9083 66.2722 67.1193 44.1581 65.123 25.0599 61.6847 54.7083 64.3682 72.4531 32.5576 44.8219 
46.4281 103.339 97.6422 76.1722 12.0416 16.6433 52.2359 100.991 31.8982 67.0791 58.0517 80.3754 64.7363 34.0588 67.8012 50.2096 82.6437 0.0 73.5321 84.5353 59.0339 51.0392 91.4648 28.7924 42.2966 88.2264 43.4166 24.8395 36.6742 45.0111 55.0364 50.082 55.0 88.2018 52.0132 29.2062 82.2334 12.1655 55.8032 97.6123 
21.0454 44.0153 45.4533 38.2423 68.4264 78.1971 19.9896 48.1041 46.5137 30.0599 53.7447 20.4117 10.198 76.9862 30.1264 24.4402 31.0644 73.5321 0.0 29.7321 62.6972 59.8786 67.7799 48.1945 55.2285 57.8624 63.0454 50.0434 53.0884 61.5461 64.9036 23.1284 63.0184 30.2391 33.0151 47.009 48.4907 63.54 28.6909 50.767 
48.6005 27.0185 16.5529 40.3543 78.631 89.2003 47.5448 18.6011 74.0688 39.4588 60.208 27.2029 22.3607 104.415 30.3645 35.4401 7.81025 84.5353 29.7321 0.0 69.4262 68.2642 79.0944 59.1977 65.0692 68.7696 89.9454 60.4009 63.6396 71.0 72.6911 45.9961 70.7107 17.4642 57.9276 56.6913 57.6075 74.2911 37.0 37.0135 
58.3367 94.2444 75.0067 92.765 47.0956 73.3348 55.4014 79.0063 75.3238 85.669 9.21954 74.9344 53.9015 93.0 39.3192 41.6173 63.5059 59.0339 62.6972 69.4262 0.0 8.0 122.662 55.0091 17.2627 113.172 96.4815 42.3792 23.5372 14.3178 5.65685 53.2475 4.47214 80.7775 81.7694 39.3954 104.1 57.8705 34.0147 101.322 
52.9772 91.9239 75.5381 89.4296 39.1152 65.3758 50.0419 79.511 67.7854 80.2874 10.8167 72.1158 51.0828 85.0 39.1152 37.5766 63.0 51.0392 59.8786 68.2642 8.0 0.0 117.302 48.0208 9.48683 107.817 88.8811 34.9285 15.8114 6.7082 5.65685 47.888 4.47214 78.1601 74.9247 32.249 98.7598 50.01 31.5753 98.766 
65.7647 61.5224 93.1933 39.0512 96.0874 76.41 67.3573 93.0215 62.2977 43.382 115.256 56.0803 77.0635 81.0062 97.2724 82.9096 85.9524 91.4648 67.7799 79.0944 122.662 117.302 0.0 70.8464 109.815 10.4403 56.0089 84.9751 103.633 115.66 122.922 70.0928 121.382 62.2896 43.8292 86.617 21.587 84.0742 93.2177 50.01 
22.9995 77.9095 72.3582 50.7425 28.0713 31.8034 26.8982 75.653 23.1948 41.6494 49.6488 54.9457 39.3987 52.9287 46.1736 26.5707 57.3597 28.7924 48.1945 59.1977 55.0091 48.0208 70.8464 0.0 38.833 62.9847 44.0 14.2127 32.8024 44.8219 53.535 24.7444 52.4786 64.7731 27.0314 15.8114 56.8037 17.1463 35.5106 72.1826 
45.4903 87.3121 74.2159 81.6492 30.5941 56.1427 42.555 78.1025 58.3117 72.8422 16.1555 67.4656 46.4327 76.0592 37.9473 31.7805 60.6712 42.2966 55.2285 65.0692 17.2627 9.48683 109.815 38.833 0.0 100.33 79.4266 25.4951 6.32456 6.7082 14.7648 40.4011 13.9284 73.511 65.8077 23.0217 91.2729 40.6079 28.1603 94.1159 
56.7274 52.1728 83.0542 28.6356 88.5935 71.7347 57.9828 83.006 56.8859 33.121 105.659 45.6946 66.6579 78.7718 86.8668 73.2848 75.5272 88.2264 57.8624 68.7696 113.172 107.817 10.4403 62.9847 100.33 0.0 54.1295 77.1134 96.001 107.033 113.436 60.8276 111.896 52.0865 36.2491 78.7553 11.1803 76.5803 83.5929 41.1096 
49.0306 89.2784 106.471 61.0737 53.8516 26.9072 53.3667 108.469 21.2132 54.4885 92.3959 77.6004 78.9688 25.0 89.1433 69.6265 93.1075 43.4166 63.0454 89.9454 96.4815 88.8811 56.0089 44.0 79.4266 54.1295 0.0 54.1425 73.1298 83.9343 93.7883 53.7915 93.2531 84.9211 32.8024 57.7062 55.5428 39.0368 79.2275 82.801 
31.6825 82.1271 73.4983 68.1765 18.3848 33.7343 28.7472 76.8505 32.9848 59.0344 38.3275 63.636 40.602 54.8179 43.0116 25.6125 58.5235 24.8395 50.0434 60.4009 42.3792 34.9285 84.9751 14.2127 25.4951 77.1134 54.1425 0.0 19.2354 31.0644 40.2492 26.5933 39.3954 68.3259 41.1601 4.47214 70.9324 17.4642 31.0644 89.5676 
41.1617 85.172 74.0 77.6557 25.2982 50.04 38.2263 77.7946 52.0002 68.5136 21.3776 72.2818 44.2926 70.1783 38.4708 29.0172 59.9083 36.6742 53.0884 63.6396 23.5372 15.8114 103.633 32.8024 6.32456 96.001 73.1298 19.2354 0.0 12.0416 21.0238 36.0725 20.2485 71.3709 59.8178 17.0294 86.9443 34.3657 27.5136 91.9758 
52.1939 93.6298 79.4292 88.3117 33.0 59.8415 49.2586 83.3607 63.5573 79.5458 16.9706 73.7833 52.7504 79.0569 42.9535 38.3275 66.2722 45.0111 61.5461 71.0 14.3178 6.7082 115.66 44.8219 6.7082 107.033 83.9343 31.0644 12.0416 0.0 10.0499 47.1047 10.0499 79.8287 71.8449 29.0689 97.9766 44.9222 34.0 100.434 
58.597 96.8401 79.1581 95.0621 43.0116 69.8713 55.6617 83.1505 73.0083 85.9199 13.1529 77.1408 56.1079 89.0898 43.0116 42.9418 67.1193 55.0364 64.9036 72.6911 5.65685 5.65685 122.922 53.535 14.7648 113.436 93.7883 40.2492 21.0238 10.0499 0.0 53.5078 2.0 83.1685 80.4715 37.7359 104.38 54.8179 36.4005 103.791 
5.09902 62.3176 59.1566 43.2546 44.9763 54.747 3.16228 62.4514 35.145 33.8444 45.8806 38.714 26.1971 76.8629 35.3553 16.0 44.1581 50.082 23.1284 45.9961 53.2475 47.888 70.0928 24.7444 40.4011 60.8276 53.7915 26.5933 36.0725 47.1047 53.5078 0.0 51.9679 48.5414 29.1548 23.5589 52.2015 40.0899 26.1725 64.6456 
57.0571 94.921 77.1622 93.5414 43.0116 69.5845 54.1218 81.1542 72.2392 84.3993 11.1803 75.2556 54.2226 89.0225 41.0122 41.1825 65.123 55.0 63.0184 70.7107 4.47214 4.47214 121.382 52.4786 13.9284 111.896 93.2531 39.3954 20.2485 10.0499 2.0 51.9679 0.0 81.2712 79.3695 36.7151 102.83 54.3415 34.4819 101.906 
46.4584 14.0357 31.0 24.1868 86.7089 88.6554 45.4027 31.257 71.8881 31.0428 71.6938 20.751 27.8174 104.14 43.8292 42.7227 25.0599 88.2018 30.2391 17.4642 80.7775 78.1601 62.2896 64.7731 73.511 52.0865 84.9211 68.3259 71.3709 79.8287 83.1685 48.5414 81.2712 0.0 52.3722 65.2915 41.0122 78.5567 46.8188 20.6155 
24.1661 57.6753 74.4577 29.9666 52.3803 39.8512 27.2029 76.4515 23.5372 22.0227 75.0011 45.5825 43.1045 51.9711 62.2896 44.3847 61.6847 52.0132 33.0151 57.9276 81.7694 74.9247 43.8292 27.0314 65.8077 36.2491 32.8024 41.1601 59.8178 71.8449 80.4715 29.1548 79.3695 52.3722 0.0 42.802 31.257 40.3671 54.8179 51.8845 
28.6481 79.0927 69.6419 65.1421 21.9545 38.0789 25.7128 73.0616 36.4966 56.0 34.7131 60.6016 36.8923 59.203 38.6005 21.6333 54.7083 29.2062 47.009 56.6913 39.3954 32.249 86.617 15.8114 23.0217 78.7553 57.7062 4.47214 17.0294 29.0689 37.7359 23.5589 36.7151 65.2915 42.802 0.0 74.4308 21.8403 26.6271 86.5332 
48.5489 42.0595 72.0069 17.4642 82.6005 69.6518 49.2037 72.0625 54.0093 22.8035 96.5404 34.8855 55.7597 79.1202 75.9686 64.1667 64.3682 82.2334 48.4907 57.6075 104.1 98.7598 21.587 56.8037 91.2729 11.1803 55.5428 70.9324 86.9443 97.9766 104.38 52.2015 102.83 41.0122 31.257 74.4308 0.0 70.5873 75.6353 31.7648 
36.783 91.693 87.4516 64.5261 16.4012 16.2788 42.2437 90.7464 26.6516 55.4329 55.0091 68.7293 54.4921 37.3631 59.5399 40.8044 72.4531 12.1655 63.54 74.2911 57.8705 50.01 84.0742 17.1463 40.6079 76.5803 39.0368 17.4642 34.3657 44.9222 54.8179 40.0899 54.3415 78.5567 40.3671 21.8403 70.5873 0.0 47.8539 85.9661 
31.257 60.4401 46.4866 58.7587 47.3814 63.6946 27.6586 50.2892 58.6941 57.9888 25.0599 40.9281 19.8951 84.8646 12.0416 10.4403 32.5576 55.8032 28.6909 37.0 34.0147 31.5753 93.2177 35.5106 28.1603 83.5929 79.2275 31.0644 27.5136 34.0 36.4005 26.1725 34.4819 46.8188 54.8179 26.6271 75.6353 47.8539 0.0 67.3792 
61.0283 12.1655 46.8188 21.9545 97.953 91.465 61.5068 45.607 74.8465 30.9871 92.2309 38.2105 48.3452 103.832 64.405 63.3276 44.8219 97.6123 50.767 37.0135 101.322 98.766 50.01 72.1826 94.1159 41.1096 82.801 89.5676 91.9758 100.434 103.791 64.6456 101.906 20.6155 51.8845 86.5332 31.7648 85.9661 67.3792 0.0 
DEMAND_SCENARIO_SECTION
0 0 0 0 0 0 0 0 0 0 0 0 0 0 0 0 0 0 0 0 0 0 0 0 0 0 0 0 0 0 0 0 0 0 0 0 0 0 0 0 0 0 0 0 0 0 0 0 0 0 0 0 0 0 0 0 0 0 0 0 0 0 0 0 0 0 0 0 0 0 0 0 0 0 0 0 0 0 0 0 0 0 0 0 0 0 0 0 0 0 0 0 0 0 0 0 0 0 0 0 0 0 0 0 0 0 0 0 0 0 0 0 0 0 0 0 0 0 0 0 0 0 0 0 0 0 0 0 0 0 0 0 0 0 0 0 0 0 0 0 0 0 0 0 0 0 0 0 0 0 0 0 0 0 0 0 0 0 0 0 0 0 0 0 0 0 0 0 0 0 0 0 0 0 0 0 0 0 0 0 0 0 0 0 0 0 0 0 0 0 0 0 0 0 0 0 0 0 0 0 
0 2 1 1 1 1 1 1 1 1 1 1 2 1 2 1 2 1 1 1 1 1 1 1 1 1 0 1 1 0 1 1 2 1 1 2 2 1 1 1 1 1 0 1 1 1 2 0 0 1 0 1 0 1 1 1 1 0 1 1 1 1 1 1 1 1 1 1 1 1 1 1 1 1 0 1 1 1 1 1 1 1 1 1 0 1 1 1 0 1 1 1 1 1 1 0 1 1 1 1 0 1 1 1 1 1 1 2 1 1 1 1 1 2 1 1 1 1 1 1 1 1 1 1 1 1 1 1 1 1 1 1 1 1 1 1 1 2 1 1 1 1 1 1 1 1 1 1 1 1 1 1 1 1 1 1 1 1 1 1 1 1 1 1 1 1 0 1 1 1 1 1 1 1 1 1 1 1 2 1 1 0 1 0 1 0 1 0 1 1 1 1 1 1 1 1 1 1 1 1 
3 4 3 4 3 3 3 4 1 3 2 2 4 4 3 2 4 5 4 4 3 1 3 3 3 3 2 4 5 2 3 2 3 3 3 2 3 2 2 4 2 3 3 3 3 2 2 4 2 3 2 3 3 3 2 3 4 2 2 2 3 2 1 3 3 2 3 3 3 3 1 2 3 4 3 2 4 2 4 1 4 1 3 2 2 3 3 5 2 3 2 1 2 3 2 4 4 3 4 3 2 4 3 1 4 3 3 5 3 2 3 5 4 5 1 2 2 3 4 2 2 2 5 3 2 4 3 4 4 3 5 3 1 2 4 3 2 3 3 2 4 3 2 3 3 3 4 2 3 3 3 5 3 3 2 2 3 4 3 3 1 3 3 3 3 2 4 2 4 4 4 4 2 1 2 5 3 4 3 3 3 3 3 4 5 4 2 2 3 2 3 4 2 3 3 4 4 3 4 3 
2 2 1 1 1 3 2 2 2 2 1 1 2 2 3 2 4 4 3 3 1 1 2 1 0 3 3 1 2 1 1 2 1 3 2 2 2 2 2 3 2 3 2 1 1 2 2 0 2 2 2 2 2 1 2 3 1 1 0 2 1 2 1 2 2 2 3 3 2 2 2 3 3 1 3 2 1 3 2 2 3 2 1 2 2 3 2 3 2 1 2 2 2 2 1 3 2 3 3 2 2 1 2 2 2 1 3 2 2 2 3 3 2 1 1 2 3 3 4 2 2 2 4 2 1 3 2 2 2 2 1 3 3 2 2 3 2 3 3 3 2 2 2 2 2 2 2 1 2 1 2 3 2 2 2 3 2 3 2 2 2 2 1 2 2 2 2 2 2 2 3 1 2 1 2 3 2 2 3 2 2 3 2 1 2 3 1 2 3 2 3 2 2 3 1 2 2 1 2 3 
2 3 4 1 3 5 3 3 2 4 4 1 2 5 4 4 4 4 4 1 3 2 4 2 2 3 4 4 5 3 4 4 5 3 3 3 3 2 4 3 4 3 4 3 3 2 2 1 2 2 1 2 3 2 2 3 3 4 3 2 3 4 1 2 4 4 2 4 2 2 2 2 4 5 2 3 3 2 3 2 3 3 5 4 3 2 3 3 2 3 3 3 3 3 3 3 2 6 4 4 3 3 2 3 5 2 3 3 4 3 2 3 5 4 3 3 4 4 4 3 2 2 1 3 4 5 4 4 3 4 2 3 2 3 4 3 2 3 3 4 3 3 0 4 1 3 3 4 4 2 4 2 2 4 3 2 3 4 4 1 4 4 1 2 5 4 2 1 4 3 4 4 4 3 3 3 3 2 3 4 4 2 4 3 3 3 1 2 2 3 2 2 2 4 3 2 4 4 1 2 
7 5 8 9 5 4 6 8 6 8 7 11 4 5 4 7 9 5 6 8 7 2 5 9 7 5 6 6 5 10 5 4 8 8 6 6 6 9 6 8 9 4 7 8 1 5 9 12 8 6 9 7 11 9 10 5 6 5 8 11 9 8 6 7 5 7 4 9 10 10 7 7 5 4 6 7 6 9 10 9 3 8 7 11 7 3 9 7 3 10 8 7 8 3 10 4 7 9 9 8 5 7 6 8 6 6 9 9 10 6 12 6 7 3 8 8 9 5 5 5 8 10 10 6 7 7 6 8 6 8 10 5 4 6 6 13 10 5 9 10 8 6 7 6 6 4 6 6 9 6 6 6 6 7 3 6 7 8 6 7 10 8 9 9 12 6 8 6 6 10 10 9 10 9 3 8 13 2 2 3 7 6 6 4 6 9 7 8 5 9 4 4 6 5 9 4 3 4 6 10 
8 5 3 8 4 6 5 3 5 1 3 4 6 6 5 6 6 5 3 4 5 4 2 7 4 7 3 7 6 5 2 6 4 4 3 6 6 4 9 5 3 7 5 6 3 5 6 3 6 4 4 6 2 3 5 5 5 6 8 6 5 7 2 2 5 5 2 5 6 4 3 7 4 5 5 3 3 3 6 6 7 4 7 5 4 4 3 6 5 4 5 2 5 9 5 4 3 5 7 5 7 3 5 6 4 3 2 4 3 5 6 7 5 7 5 3 4 7 4 3 6 5 7 4 11 7 6 5 3 5 2 4 1 4 4 5 7 6 4 5 6 4 6 3 7 1 4 6 3 8 6 5 5 2 9 4 4 3 8 5 7 5 6 3 3 5 5 5 8 9 8 5 6 2 4 3 6 3 2 6 4 6 5 3 4 6 2 4 5 8 2 8 3 6 6 6 4 6 6 3 
4 11 8 5 7 6 3 5 7 8 8 7 11 10 7 9 4 9 7 5 7 5 6 6 5 8 8 4 8 6 7 4 11 10 7 6 7 4 9 4 8 6 5 5 7 8 9 6 5 6 9 7 7 7 4 10 8 7 9 4 5 7 5 7 9 7 5 6 3 6 5 8 9 5 7 7 3 9 5 6 7 5 6 4 8 8 10 8 7 9 7 4 6 7 8 4 9 7 6 10 12 7 6 6 4 4 7 5 12 6 6 7 8 7 6 10 8 6 8 5 6 10 3 11 5 8 12 2 5 7 6 4 6 6 10 6 2 10 6 9 10 7 7 6 5 8 6 8 5 9 10 5 6 7 6 10 6 3 8 8 5 7 6 7 8 4 8 9 7 9 7 7 6 6 8 6 6 0 3 7 6 6 6 4 6 5 6 10 6 7 9 4 8 4 4 7 10 6 8 5 
3 6 6 4 4 3 4 7 7 8 4 6 5 3 4 6 5 6 7 6 3 5 4 4 6 5 7 4 6 3 6 4 5 4 7 7 6 4 5 4 5 3 4 6 7 2 8 4 2 4 4 6 5 4 4 4 5 4 7 6 4 4 8 4 8 4 1 6 4 3 6 3 6 4 5 6 5 3 3 6 4 4 3 4 4 4 5 5 5 3 5 8 4 5 4 5 4 3 5 5 6 6 6 6 0 5 6 4 6 5 6 6 6 3 3 6 4 4 6 1 9 4 6 5 6 7 3 4 5 5 5 3 4 4 2 3 5 6 7 5 4 7 5 5 8 4 5 3 5 6 5 7 3 4 6 4 5 5 5 4 4 3 4 6 4 6 8 7 4 6 6 6 5 6 1 8 5 5 6 4 3 4 4 7 5 5 7 6 4 5 3 8 7 3 6 6 4 7 7 3 
7 3 11 6 7 10 12 13 3 15 11 8 9 6 12 9 9 15 6 11 10 6 7 5 9 13 4 10 11 12 11 7 11 11 7 9 6 6 8 7 7 7 4 11 11 8 5 6 8 10 15 11 8 11 10 8 7 7 7 6 9 9 8 13 12 6 9 8 5 10 12 8 9 7 10 14 7 14 12 10 7 11 11 11 8 10 11 6 9 7 8 6 14 12 11 3 3 10 11 7 5 10 8 11 12 5 6 9 6 11 3 9 9 10 15 9 10 8 13 10 6 13 9 9 5 14 9 6 14 11 10 4 10 8 10 8 10 6 8 15 8 12 12 9 6 10 6 6 10 6 7 12 14 14 1 3 9 12 12 8 8 7 8 13 13 9 8 12 7 11 8 14 11 7 9 8 10 9 9 5 14 10 8 12 12 8 12 11 10 5 3 8 8 11 9 14 10 8 7 8 
9 11 8 12 15 10 10 13 12 9 14 5 10 8 11 7 13 7 13 9 12 11 5 10 10 9 12 6 10 10 9 8 7 7 14 13 15 9 10 16 7 8 9 14 17 4 9 16 8 15 8 8 6 10 12 17 10 7 10 5 15 13 11 7 5 9 12 13 12 6 11 15 14 5 8 6 8 3 10 9 8 4 7 6 12 11 7 11 12 8 14 5 6 10 8 10 14 13 11 15 9 3 11 8 10 7 8 9 10 6 13 7 5 10 7 9 7 15 12 10 15 14 12 16 17 8 8 11 10 8 15 2 5 12 5 11 9 5 5 7 15 10 9 10 10 5 6 8 11 12 7 9 9 8 16 11 6 5 3 12 16 8 12 9 11 11 10 9 12 12 2 9 9 6 12 6 10 5 10 13 4 6 18 13 11 13 4 9 7 8 8 11 2 15 12 12 12 9 10 13 
6 8 5 9 9 13 3 7 8 12 8 7 9 5 9 10 9 6 7 5 7 7 10 8 5 3 8 9 7 7 11 9 8 11 10 11 10 8 8 10 8 15 8 10 7 8 6 7 6 8 9 13 10 10 9 11 2 5 8 8 8 9 6 9 9 9 7 7 15 9 11 3 10 9 10 8 8 4 8 7 8 6 7 6 7 7 12 3 7 10 7 10 8 8 6 10 3 7 5 6 10 9 9 8 10 13 4 11 8 8 12 5 11 12 5 11 6 11 6 10 6 11 9 7 12 7 10 13 8 5 10 11 8 8 12 9 7 14 6 8 8 9 9 7 4 11 10 6 12 12 8 12 9 8 5 13 6 10 10 7 4 11 7 8 6 8 13 7 11 9 6 10 11 7 10 10 9 5 5 5 7 9 6 5 8 7 10 7 8 6 8 6 9 8 7 10 9 7 5 9 
1 1 1 0 1 0 1 1 1 2 1 1 1 2 1 1 1 1 1 1 1 1 1 1 1 1 1 1 1 1 1 1 2 1 1 1 1 1 1 0 1 1 2 1 1 1 1 1 1 1 1 1 1 1 1 1 1 1 0 1 1 1 1 1 1 1 1 1 1 1 1 1 0 1 1 1 0 0 1 1 1 1 1 1 1 1 1 0 1 1 1 1 0 1 1 1 1 1 1 1 1 1 1 1 1 1 2 0 0 0 1 1 2 0 1 1 1 1 1 1 1 1 1 1 1 0 1 0 1 1 1 2 1 1 1 1 1 1 1 1 1 1 1 1 2 1 1 1 1 1 2 1 1 1 1 1 1 1 1 1 1 1 1 1 1 1 1 1 1 1 1 1 1 1 1 1 1 1 2 0 1 1 1 1 1 1 1 1 0 1 1 1 1 1 1 1 1 1 1 1 
3 4 3 1 3 3 3 3 1 3 2 2 2 2 1 3 2 2 3 4 4 5 3 3 1 3 1 3 4 2 5 3 3 4 3 4 3 2 3 3 4 2 3 2 4 2 5 4 4 3 2 2 3 3 2 2 0 3 4 3 4 3 5 4 2 2 3 3 3 3 5 4 3 2 2 3 3 5 3 2 1 4 4 0 6 5 2 4 4 1 2 3 3 2 5 3 4 4 3 3 2 3 5 1 3 2 2 3 4 3 1 3 3 1 2 3 1 3 3 2 2 2 2 4 4 4 4 4 3 2 1 3 4 2 2 4 3 2 1 1 3 3 3 3 4 2 5 4 1 3 3 3 3 5 3 2 2 2 3 4 3 2 2 3 3 5 2 4 2 5 3 3 5 3 3 3 3 3 2 3 4 4 2 2 4 5 4 0 2 2 4 3 4 3 3 3 3 4 3 3 
8 14 12 9 13 8 13 9 14 14 5 14 11 4 17 10 9 10 9 11 17 10 9 8 5 13 12 10 6 11 18 13 13 4 15 6 8 13 13 5 11 12 2 18 15 12 5 8 12 7 6 13 11 7 2 9 9 12 4 9 14 11 7 3 7 15 11 12 10 9 8 12 11 12 9 9 12 12 12 9 7 9 14 9 12 4 10 9 11 7 5 10 14 5 2 13 15 11 4 14 12 9 0 9 11 12 9 14 9 13 15 8 12 11 15 3 13 19 13 9 14 12 8 6 10 10 6 10 11 12 14 10 10 7 9 21 14 13 10 5 10 12 11 8 13 8 5 7 10 9 7 4 12 9 4 8 9 7 4 12 12 13 13 10 8 12 13 11 11 9 4 18 14 14 7 11 9 8 8 13 17 11 9 9 8 7 9 7 10 10 8 7 12 14 9 8 10 5 14 8 
5 11 9 9 8 8 5 9 10 8 10 9 12 7 10 4 3 17 8 6 11 12 13 8 8 3 8 10 8 7 10 9 8 7 6 12 11 14 7 4 6 7 10 7 11 10 8 12 1 7 7 14 14 7 12 6 8 7 6 16 8 13 6 7 5 4 10 9 9 6 6 10 9 8 13 11 10 14 10 10 10 4 14 6 10 2 8 5 10 7 10 11 13 11 15 11 11 8 11 11 12 9 11 8 11 7 9 12 10 19 7 11 11 9 3 10 5 8 10 3 10 11 12 8 8 14 14 7 13 8 11 11 11 11 13 11 10 4 9 5 4 12 13 11 6 5 10 4 13 9 11 6 10 2 16 8 10 6 7 4 8 6 11 9 10 11 9 13 10 16 10 6 4 11 11 13 12 3 7 13 5 5 15 8 10 8 6 9 6 6 8 13 11 7 5 8 11 12 8 11 
4 3 6 5 3 4 2 4 5 5 5 3 7 8 7 5 4 6 4 9 5 3 2 3 5 6 5 5 7 5 3 6 4 4 5 4 7 9 1 5 8 5 3 8 6 5 4 4 6 6 4 5 4 5 5 4 7 4 3 5 5 5 4 4 3 3 5 3 7 0 2 3 6 5 4 6 4 3 4 7 8 5 5 7 4 7 6 4 8 4 6 6 7 6 9 6 4 4 5 5 3 6 8 2 5 5 7 5 3 8 6 4 6 6 4 2 3 5 1 4 4 7 6 7 6 4 5 5 4 6 4 7 6 2 5 5 4 6 6 4 4 7 6 6 5 2 2 6 7 4 6 2 6 2 4 6 4 5 6 6 3 4 7 4 7 5 3 2 5 6 7 6 7 2 5 6 3 5 7 4 5 4 4 4 4 1 5 6 5 6 8 5 4 0 6 4 4 6 7 6 
4 6 3 6 9 5 5 3 4 6 9 0 6 5 3 5 6 6 4 8 5 4 6 4 7 4 5 3 8 5 2 7 3 6 4 6 4 6 6 3 7 7 5 3 6 5 8 7 5 7 6 0 5 7 6 7 2 3 6 3 3 6 5 5 8 4 6 3 4 5 5 3 1 5 8 6 6 6 2 5 4 2 4 5 2 5 7 3 5 5 4 4 4 6 4 5 6 8 6 6 4 3 5 3 7 9 4 6 8 4 7 2 6 7 6 6 5 8 4 3 6 5 8 4 8 5 1 5 4 4 8 5 4 1 3 4 6 7 4 4 5 6 2 6 4 3 8 4 4 2 8 9 3 4 5 1 6 8 6 4 4 5 3 4 6 4 10 3 8 5 7 5 3 8 3 3 6 8 4 3 5 3 5 4 7 6 5 7 8 5 3 3 4 4 5 5 2 5 3 5 
7 6 5 6 6 5 6 5 4 4 3 8 7 7 5 3 6 3 6 5 5 2 4 5 4 5 8 6 6 4 6 6 3 5 4 5 5 2 3 3 3 5 3 6 4 9 6 6 1 7 3 6 6 4 7 7 6 7 9 2 3 7 6 6 5 4 5 6 6 7 4 2 7 5 3 5 8 5 7 6 5 3 4 7 5 6 6 5 5 7 8 3 1 2 3 8 4 7 6 3 4 4 6 6 5 7 5 4 6 5 6 7 5 7 3 6 3 5 4 6 5 5 6 5 7 4 5 7 5 6 4 4 6 4 3 7 7 6 5 6 5 4 3 5 5 6 2 6 4 4 6 5 5 2 3 4 4 3 3 5 6 8 4 6 4 3 5 5 4 7 2 5 7 5 7 2 4 2 4 2 4 2 7 2 8 3 5 3 4 3 4 9 6 5 5 9 3 5 3 6 
10 11 10 4 18 14 8 10 8 6 12 11 9 17 13 7 2 12 13 17 9 8 14 7 3 4 5 9 6 7 16 5 10 12 5 12 15 8 12 5 8 10 15 10 11 12 8 4 10 17 6 10 6 11 7 10 13 5 9 13 8 6 14 8 16 11 7 7 13 8 12 5 12 11 15 19 13 13 12 7 5 7 9 8 15 10 10 10 10 10 15 8 8 10 13 17 11 9 8 10 6 13 12 11 15 14 7 7 8 7 12 13 14 9 2 10 6 8 7 11 12 11 7 12 11 10 14 9 14 10 9 13 16 13 13 5 12 5 14 17 11 9 14 16 7 18 2 2 8 9 12 9 9 14 11 5 12 0 11 10 12 6 9 8 8 8 11 8 16 16 9 12 7 11 4 6 20 13 9 7 1 10 10 11 8 14 14 8 8 9 11 8 10 8 9 8 10 11 5 6 
6 5 11 9 6 4 9 11 10 7 3 7 8 7 6 10 9 9 10 6 11 14 8 7 8 5 6 9 5 8 4 12 11 9 9 10 8 12 7 6 9 11 10 11 11 10 9 12 7 5 7 6 5 8 5 6 10 8 8 9 9 7 8 13 8 6 10 8 12 9 5 9 7 5 6 9 6 6 8 11 7 7 13 9 7 8 10 6 9 9 4 12 8 9 13 2 8 10 9 9 9 6 6 5 7 6 8 4 6 2 11 8 10 8 9 8 11 6 14 6 9 10 3 10 12 12 9 9 8 10 6 8 10 10 9 12 6 3 2 6 6 10 12 10 9 10 8 2 7 11 10 6 5 11 5 10 7 0 2 8 10 8 14 7 9 7 8 8 4 12 7 8 9 7 8 5 3 10 8 6 9 11 7 12 7 4 4 12 8 8 4 7 3 8 7 7 8 8 6 12 
8 7 9 9 5 7 7 3 10 5 9 8 5 11 8 5 2 11 6 9 4 5 9 8 5 7 9 8 5 10 7 3 8 7 8 5 10 13 9 7 8 8 8 7 9 4 5 5 3 8 6 6 4 8 8 5 9 7 6 13 7 7 6 8 6 7 7 9 8 9 4 8 7 8 11 7 5 4 6 3 9 11 7 7 8 9 9 4 7 7 9 9 5 6 9 3 8 6 4 9 6 10 8 8 10 6 5 4 4 6 4 9 7 10 7 4 10 13 10 7 8 7 6 6 4 9 6 4 9 7 8 8 5 5 11 5 7 7 2 9 7 9 4 9 6 7 9 5 11 5 5 7 6 6 7 6 13 5 3 7 6 6 8 6 5 5 7 9 12 8 5 7 5 5 6 4 4 9 6 7 8 6 9 11 5 8 7 10 9 4 7 3 6 4 6 10 9 7 6 13 
0 7 8 10 3 14 7 7 7 7 8 4 7 7 9 9 6 6 6 7 5 7 7 7 10 7 9 11 7 7 6 6 8 11 11 2 8 11 8 6 8 9 9 7 11 7 6 3 9 11 5 4 13 8 4 9 5 10 10 2 9 7 5 9 10 7 5 9 7 4 6 9 8 7 6 8 6 6 6 5 6 8 4 11 8 11 6 4 9 6 8 4 8 5 3 7 10 9 10 8 8 6 8 9 6 10 6 5 11 6 6 11 5 9 1 7 8 7 10 6 9 4 6 6 8 5 9 11 6 7 10 12 11 6 10 7 9 6 8 8 6 11 6 6 6 9 6 7 10 7 9 3 5 6 5 7 5 2 7 8 3 10 8 5 8 6 5 10 10 7 4 7 7 9 4 9 6 9 8 2 7 6 3 4 5 7 4 6 9 5 7 12 9 8 4 5 8 7 3 7 
8 5 7 6 6 6 6 7 5 3 6 6 5 4 5 6 6 3 4 7 4 5 10 6 6 10 6 2 8 5 5 6 6 5 2 8 3 2 12 8 7 7 4 7 7 8 5 6 4 6 6 10 8 6 6 5 6 5 4 5 4 6 5 8 5 8 5 4 0 6 6 9 7 6 3 7 2 5 3 10 4 6 6 7 4 3 7 7 3 4 5 3 6 4 6 6 7 7 7 5 6 6 6 3 5 5 6 3 5 8 10 9 10 7 7 8 5 2 3 6 4 7 5 4 6 6 1 9 3 7 4 7 8 8 9 6 6 5 8 5 6 7 4 6 6 5 8 6 4 5 3 9 8 4 6 4 4 7 6 4 4 7 4 5 7 3 8 8 7 7 6 6 6 8 2 10 6 5 3 10 8 7 8 5 7 4 6 7 6 1 8 8 7 3 4 6 4 5 6 6 
4 4 5 5 2 4 6 4 3 4 4 1 3 4 4 6 5 4 4 5 3 4 3 5 2 3 5 3 4 3 5 2 4 4 3 6 5 6 5 4 4 4 4 5 4 4 4 5 3 4 3 4 6 7 4 8 6 5 4 5 3 4 4 5 5 3 5 6 2 1 4 5 3 2 4 6 6 3 3 4 4 4 5 6 7 5 4 4 4 4 5 3 3 5 5 3 5 6 3 3 4 2 3 2 3 4 3 4 5 4 5 5 4 4 5 3 1 4 4 5 5 3 4 2 3 2 5 4 3 5 5 4 5 5 6 3 4 3 2 4 3 4 4 3 3 4 2 5 4 4 3 4 7 3 7 3 3 5 3 5 4 3 2 2 6 3 5 4 6 2 3 5 2 6 0 3 4 7 5 4 5 3 5 3 2 3 6 3 3 6 3 7 4 6 5 3 4 6 5 6 
4 2 6 4 7 6 6 3 3 5 5 4 5 6 4 5 2 5 5 4 4 3 5 5 7 7 6 6 5 8 4 2 4 7 6 5 5 7 2 6 1 3 4 5 6 5 3 9 5 6 4 5 2 5 6 4 6 8 3 5 6 3 6 5 8 4 7 8 5 3 5 5 3 5 3 4 6 6 3 5 2 6 6 5 4 5 5 5 3 3 4 6 4 3 5 5 4 4 3 4 5 6 7 6 3 4 5 3 7 5 6 4 4 7 7 8 6 5 4 6 3 9 4 7 5 5 6 5 2 4 5 3 6 6 3 5 7 4 2 1 3 7 6 6 7 4 8 4 5 5 4 7 2 6 5 3 7 5 5 4 7 3 6 5 1 4 5 4 2 4 7 6 6 4 5 0 5 4 3 6 7 7 7 5 4 5 6 8 6 4 3 6 3 4 5 9 4 1 7 0 
1 1 0 2 1 1 1 1 1 1 1 1 1 1 1 1 2 1 1 1 1 0 1 1 0 1 1 1 1 1 1 1 1 1 1 1 1 1 1 1 1 1 0 1 0 1 1 1 1 1 1 1 1 1 1 0 1 1 1 1 0 1 0 1 1 1 1 1 1 1 1 0 2 1 1 1 1 1 1 1 2 1 1 1 1 1 1 1 1 1 1 1 1 1 1 1 1 1 2 1 1 1 1 1 1 1 1 1 1 1 1 1 1 1 1 0 2 1 1 1 1 1 1 2 2 1 1 1 1 1 1 2 0 1 1 1 1 1 1 1 1 1 1 1 1 1 1 1 1 1 1 0 1 1 1 1 1 1 1 1 1 1 1 1 1 1 1 1 1 0 1 1 1 1 1 1 1 1 1 1 1 0 1 1 2 1 1 1 0 0 1 1 1 1 2 1 1 1 1 1 
16 11 17 7 11 10 2 14 17 9 6 13 7 17 6 9 8 12 16 10 14 11 12 13 5 12 11 9 8 13 6 7 10 6 9 10 8 2 5 4 6 6 8 5 5 9 11 4 16 15 8 8 10 11 10 10 4 9 11 9 9 10 6 16 11 16 10 15 9 13 12 7 15 6 10 9 15 8 11 12 9 11 8 15 15 12 5 8 7 12 9 10 11 9 15 15 16 11 12 6 11 9 7 10 4 12 8 11 10 16 10 14 14 10 12 9 17 14 8 12 7 8 13 7 12 12 12 4 13 11 11 8 18 13 13 12 13 17 9 8 16 5 14 11 7 14 7 7 11 11 11 7 6 11 5 7 7 11 8 9 15 13 14 14 15 13 11 12 14 9 16 4 11 9 12 11 17 15 9 8 8 9 12 7 9 7 13 12 13 7 14 4 8 6 9 8 15 5 11 12 
1 1 1 1 1 1 1 0 0 1 1 1 1 1 1 1 1 1 1 1 1 1 1 1 1 1 1 1 1 2 2 1 1 1 1 1 2 1 1 1 1 1 1 1 1 1 1 1 1 1 1 1 1 1 1 1 1 1 1 1 1 1 1 1 1 1 1 2 1 1 1 1 1 0 1 1 1 0 1 1 1 1 1 0 0 1 2 1 1 1 1 1 1 1 1 1 1 1 1 1 1 1 1 1 1 1 1 1 1 1 1 1 1 1 1 1 1 2 1 1 0 1 1 1 1 1 1 1 1 1 1 1 1 1 1 1 1 1 1 1 2 1 1 1 1 1 1 1 1 1 1 1 1 1 2 1 1 1 1 1 1 1 1 1 1 1 1 1 2 1 1 0 0 1 1 1 1 0 1 1 1 1 1 1 1 1 1 1 2 1 1 1 1 1 1 0 1 1 1 1 
5 9 11 9 14 11 11 8 11 10 7 12 9 10 8 7 12 10 10 7 9 12 12 11 5 11 9 5 6 9 10 7 9 9 5 11 7 13 14 8 8 9 10 12 15 10 8 9 5 10 10 13 6 11 11 9 8 9 7 5 8 8 6 3 11 10 7 6 8 10 12 12 9 8 8 10 7 6 6 10 9 9 12 14 9 11 4 9 7 9 9 6 8 12 8 7 10 9 11 11 7 10 12 17 8 8 6 10 11 12 8 14 13 7 12 12 13 10 11 10 8 10 9 9 8 7 13 8 10 10 12 7 8 10 13 12 8 9 12 14 7 8 13 6 10 7 8 7 4 9 10 12 7 17 13 7 9 10 5 7 9 7 8 10 8 11 8 5 8 7 7 7 8 8 7 7 11 12 6 11 11 10 5 8 7 7 8 11 9 8 13 6 13 13 6 7 9 8 11 6 
1 1 1 0 1 1 1 1 1 1 1 1 2 1 1 1 1 1 1 0 1 0 1 1 1 1 1 1 1 1 1 1 1 0 1 2 1 1 1 1 1 1 1 1 1 1 1 1 1 1 1 1 1 1 1 1 2 1 1 1 2 1 1 1 2 1 1 1 1 1 1 1 1 1 1 1 1 1 1 0 1 1 1 1 2 1 1 1 1 1 0 1 2 1 1 0 1 1 1 2 1 1 1 1 1 1 0 1 1 1 0 1 1 2 1 1 1 1 1 1 1 1 1 1 1 1 1 1 1 1 1 1 1 1 1 1 1 1 0 2 1 0 1 1 1 1 1 1 1 2 2 1 1 1 1 1 1 1 1 1 1 1 1 1 1 1 1 0 1 1 1 1 1 1 2 1 1 1 1 1 1 1 0 1 1 1 1 1 1 1 1 1 1 1 1 1 1 1 1 1 
4 2 2 3 4 4 3 4 4 2 4 3 4 4 4 2 4 4 4 3 5 1 1 4 3 4 4 3 3 4 4 5 2 4 3 4 3 2 3 4 4 3 3 3 5 4 3 4 5 2 2 2 3 2 3 1 5 3 4 3 2 2 5 2 2 3 2 4 3 4 3 2 4 0 2 3 2 3 4 3 3 3 5 4 3 3 5 4 3 2 2 4 2 4 3 3 3 4 2 3 2 3 2 2 2 3 3 3 4 2 2 2 4 6 3 5 4 3 2 3 3 3 4 4 2 2 3 3 3 4 3 0 2 5 2 4 2 3 2 3 2 2 2 2 3 2 3 4 3 4 2 4 2 3 1 5 5 2 2 3 2 3 3 3 2 4 2 2 2 1 6 2 2 2 4 2 1 2 4 3 2 3 4 2 4 4 3 4 2 3 2 2 2 3 5 4 3 4 3 4 
7 9 5 8 6 8 1 5 6 3 6 5 5 4 6 5 5 7 3 6 1 6 5 7 5 6 6 2 4 7 9 6 6 4 5 3 7 5 7 7 5 7 8 7 6 6 8 10 7 6 6 7 3 5 5 5 7 6 3 5 7 4 6 5 7 6 5 8 3 8 6 5 7 7 6 5 7 4 5 6 6 4 4 8 8 8 8 9 7 6 9 9 8 5 8 5 6 8 4 3 5 6 8 8 6 10 6 8 7 8 3 5 5 4 6 5 5 8 6 5 5 5 11 8 9 4 5 4 8 6 5 8 6 6 4 7 9 6 6 5 5 8 9 8 6 8 8 7 9 5 5 7 4 6 5 4 4 6 4 8 3 5 5 5 8 9 7 6 3 3 6 6 6 7 9 5 7 6 5 7 5 7 7 5 6 1 6 8 8 7 8 4 7 5 6 5 7 6 4 9 
7 2 4 4 5 7 6 6 10 3 5 5 6 3 6 3 3 1 4 5 6 7 7 6 4 7 6 8 6 6 3 5 3 6 4 5 6 5 3 8 4 5 3 3 5 7 2 4 8 4 3 6 5 7 4 4 3 9 4 6 3 3 3 1 2 6 5 1 8 6 6 5 4 3 5 5 6 2 7 3 8 4 8 6 3 7 5 5 6 6 7 6 5 4 6 7 3 6 8 7 4 7 4 5 5 6 4 4 6 4 5 4 7 8 7 8 4 8 3 6 5 4 3 4 4 7 6 4 6 4 9 5 4 5 6 5 3 3 7 7 1 5 3 5 7 3 4 2 5 6 4 4 5 7 6 4 5 6 1 5 5 6 6 4 5 6 2 5 6 1 6 6 2 5 5 3 4 8 4 2 6 8 3 6 4 4 8 6 7 5 5 3 4 6 4 4 6 6 7 5 
7 3 3 3 5 3 4 6 5 5 4 4 5 3 4 6 5 3 4 4 2 4 3 5 4 6 3 5 3 4 7 3 3 4 5 6 4 3 4 3 7 5 3 2 3 3 5 6 6 4 4 6 6 4 5 3 3 4 6 4 6 3 3 4 5 4 6 4 5 3 4 5 4 3 5 3 3 2 2 3 4 5 3 4 3 3 4 5 2 4 5 4 3 3 4 6 5 5 3 4 3 2 2 4 3 6 8 4 4 3 5 6 3 4 3 3 4 3 3 4 4 6 5 3 7 4 4 3 4 4 2 6 6 4 3 5 4 2 6 5 5 1 3 5 3 4 1 4 5 3 5 6 6 5 4 2 2 5 4 7 1 4 4 2 2 4 6 5 4 2 4 3 3 5 7 5 2 2 2 5 6 3 3 4 4 3 3 8 1 3 5 3 2 1 4 4 3 5 4 3 
4 2 2 4 3 3 5 3 3 3 3 3 3 4 2 4 4 2 4 4 3 2 2 2 5 1 3 4 4 4 3 4 3 3 3 4 4 2 2 2 3 3 4 3 3 3 1 3 5 3 4 3 2 2 5 1 3 4 2 4 4 2 3 5 4 3 3 3 3 4 5 3 2 4 3 4 4 3 5 1 4 4 4 4 3 3 2 2 2 2 2 2 4 1 2 2 5 2 3 4 3 3 1 2 2 3 3 2 2 5 1 4 3 4 2 2 3 2 5 4 1 6 5 2 3 2 1 3 3 3 3 5 2 4 3 2 3 2 3 3 4 2 4 4 3 2 4 4 3 2 2 4 3 1 3 3 3 3 4 4 2 3 3 4 4 4 3 3 3 2 2 2 2 1 3 2 2 1 3 3 2 2 2 3 3 3 4 3 3 4 1 4 3 4 3 4 3 2 4 2 
5 3 5 3 7 5 3 3 7 5 3 6 4 5 4 5 3 4 3 3 4 6 4 5 6 5 4 6 5 4 7 5 6 9 8 3 4 5 6 6 3 7 4 4 4 3 5 5 3 6 7 7 2 6 5 5 4 6 4 4 7 7 4 6 7 6 5 5 4 0 7 7 4 7 5 6 5 7 5 6 7 5 5 1 5 5 8 3 6 4 5 5 5 7 6 2 4 5 6 3 6 5 7 5 7 4 8 6 7 5 5 3 3 2 4 2 1 3 5 3 6 8 6 5 5 4 6 3 5 3 4 4 4 7 5 6 6 5 5 7 4 5 4 4 9 5 1 5 2 4 4 6 8 6 6 7 5 6 6 3 6 5 6 8 6 2 9 6 5 4 5 8 7 4 5 4 3 7 5 5 5 4 8 4 6 5 6 6 3 7 5 6 6 5 5 4 5 4 2 6 
6 12 3 8 7 5 3 7 8 6 3 5 7 10 9 9 14 7 9 5 8 8 10 8 6 10 5 6 5 2 8 10 7 6 7 9 7 8 6 8 6 12 8 8 6 7 14 8 9 7 5 7 7 4 4 2 8 8 6 9 8 6 8 7 12 3 8 6 12 11 11 7 5 9 8 5 12 6 6 7 4 7 2 6 6 4 6 10 6 5 4 8 4 5 7 6 7 7 5 13 8 8 10 9 6 6 6 8 6 9 4 10 5 12 11 7 9 5 3 10 4 5 9 5 5 7 8 4 8 8 6 3 11 12 11 13 6 10 4 7 8 4 9 9 6 10 6 6 6 6 4 5 7 10 7 9 5 4 9 9 7 6 9 5 7 12 6 5 11 7 10 7 7 8 5 13 6 6 7 6 6 9 8 9 9 9 8 11 3 5 7 12 6 9 5 5 8 6 8 3 
1 1 1 1 1 2 1 1 0 1 1 1 1 1 1 1 1 1 1 1 0 1 1 1 1 1 1 1 0 1 1 1 1 1 1 1 1 1 0 1 1 1 1 0 1 1 1 1 1 1 1 1 1 1 1 2 1 1 1 1 1 1 1 1 1 1 0 1 1 1 1 1 1 1 2 1 1 1 1 2 2 1 1 1 1 1 1 1 1 2 1 0 0 1 1 1 1 1 1 1 1 1 1 1 1 1 1 1 1 1 1 1 1 1 1 1 1 1 1 1 1 1 2 1 1 1 0 1 1 1 0 1 1 1 0 1 1 1 1 1 1 1 1 1 1 0 2 1 1 0 1 1 1 1 1 1 1 2 1 1 1 1 1 0 0 1 1 1 2 1 0 1 1 1 1 1 1 1 1 1 1 1 1 1 1 1 1 1 1 1 1 2 1 1 2 1 1 2 1 1 
7 4 7 4 4 5 5 6 6 10 7 7 5 6 5 6 9 6 4 7 4 7 5 4 6 6 7 4 5 5 4 5 7 6 4 5 5 4 6 1 5 5 7 6 7 5 7 6 3 5 5 5 4 4 5 6 2 2 5 5 4 4 5 5 4 5 4 2 4 5 5 2 5 4 6 4 4 6 4 6 7 5 5 7 7 7 8 4 5 4 5 4 7 4 4 2 6 5 5 5 7 7 5 5 3 7 5 5 7 5 8 4 6 6 5 8 6 2 4 5 7 7 5 6 1 4 6 3 5 9 4 5 4 2 6 4 4 5 8 6 6 7 4 5 10 5 1 3 9 6 6 5 5 4 5 5 7 6 4 7 8 5 5 5 4 2 3 6 4 9 5 6 4 6 7 4 7 4 7 4 6 7 5 6 7 5 5 9 8 3 6 6 6 3 9 4 4 4 4 6 
DEPOT_SECTION
 1
 -1
EOF
