NAME  : Jabali_50_4_0.82_1_9
TYPE : SVRP
MODEL : FINITE_SUPPORT
NUMBER_OF_SCENARIOS : 200
DIMENSION : 50
EDGE_WEIGHT_TYPE : MATRIX
CAPACITY : 92
N_VEHICLES : 4
NODE_COORD_SECTION
1 4564 3701
2 3408 1652
3 6984 4559
4 5095 2244
5 3416 4613
6 2999 3912
7 2286 6314
8 5750 3977
9 1382 4432
10 1037 7272
11 1006 3389
12 4630 4166
13 3967 211
14 1862 3556
15 4587 1581
16 3845 18
17 387 587
18 2302 3240
19 4882 237
20 2265 5230
21 7836 6810
22 2039 5089
23 1368 7579
24 3891 5511
25 3446 4818
26 7921 4791
27 3018 5746
28 2905 1359
29 1060 5910
30 4741 3039
31 7486 2382
32 6991 3244
33 5264 2925
34 1234 7212
35 6406 1129
36 2872 4553
37 7488 5967
38 3018 5281
39 27 844
40 1852 7202
41 2936 6162
42 8116 5101
43 5225 6861
44 7177 2660
45 2310 1893
46 492 1427
47 1880 5453
48 1407 1100
49 1986 5967
50 5996 193
DEMAND_SECTION
1 0.0
2 4.0
3 1.0
4 1.0
5 3.0
6 10.0
7 10.0
8 10.0
9 8.0
10 10.0
11 5.0
12 5.0
13 10.0
14 1.0
15 6.0
16 1.0
17 6.0
18 8.0
19 10.0
20 7.0
21 9.0
22 7.0
23 4.0
24 7.0
25 6.0
26 7.0
27 8.0
28 8.0
29 4.0
30 4.0
31 6.0
32 3.0
33 3.0
34 4.0
35 2.0
36 6.0
37 9.0
38 9.0
39 6.0
40 6.0
41 7.0
42 8.0
43 8.0
44 4.0
45 10.0
46 5.0
47 8.0
48 7.0
49 9.0
50 5.0
DEVIATION_SECTION
1 0.0
2 1.33333
3 0.333333
4 0.333333
5 1.0
6 3.33333
7 3.33333
8 3.33333
9 2.66667
10 3.33333
11 1.66667
12 1.66667
13 3.33333
14 0.333333
15 2.0
16 0.333333
17 2.0
18 2.66667
19 3.33333
20 2.33333
21 3.0
22 2.33333
23 1.33333
24 2.33333
25 2.0
26 2.33333
27 2.66667
28 2.66667
29 1.33333
30 1.33333
31 2.0
32 1.0
33 1.0
34 1.33333
35 0.666667
36 2.0
37 3.0
38 3.0
39 2.0
40 2.0
41 2.33333
42 2.66667
43 2.66667
44 1.33333
45 3.33333
46 1.66667
47 2.66667
48 2.33333
49 3.0
50 1.66667
DISTANCE_MATRIX
0.0 37.6652 40.9091 20.6155 20.2485 21.4164 46.7547 15.8102 47.6641 67.2681 46.3949 6.08276 49.0918 35.478 29.1548 51.1566 74.7393 30.4451 47.8539 37.1216 63.0 39.0086 67.2012 25.9422 21.4009 50.9587 34.6554 44.6605 55.134 9.21954 42.3792 32.3776 13.4536 65.9469 43.2782 25.6336 51.2782 29.8329 74.1651 60.1082 39.6989 53.8764 44.1814 37.6431 42.3902 65.6927 42.5013 59.1325 46.0435 51.8845 
37.6652 0.0 69.8647 24.1661 40.1123 30.8182 63.8012 44.6884 49.8197 83.1552 41.7867 39.4911 22.8254 37.7081 17.0 24.1661 45.9632 32.0351 29.2062 50.7214 92.0503 52.6085 88.6953 52.0384 42.107 72.0805 54.9181 7.40312 71.7713 26.1666 56.0446 52.3546 29.8408 81.5005 42.19 39.3413 80.6588 48.8365 42.6523 77.5972 60.208 76.3133 75.1864 53.1413 15.6227 39.5392 56.1011 27.2837 60.6919 41.6293 
40.9091 69.8647 0.0 50.165 50.8349 59.6704 66.2229 25.1799 76.8911 84.3282 86.2578 42.1287 82.1102 75.3409 61.2569 84.3282 115.416 71.4523 59.6763 64.2501 38.0789 66.5886 86.6881 42.6818 49.9699 19.3132 54.6725 77.1548 80.6655 43.7258 30.8058 18.0278 41.3664 83.6878 44.4072 57.998 26.0768 54.0575 114.842 76.1225 57.1822 23.2594 38.4663 26.0768 85.3743 106.37 68.9278 97.0354 68.7003 57.0351 
20.6155 24.1661 50.165 0.0 39.6982 41.3595 66.4235 25.4951 58.6086 86.9396 57.0335 25.9615 31.9531 46.4225 11.1803 34.176 69.5767 40.0335 28.0179 56.4639 71.8494 58.3509 86.7062 46.5188 40.977 48.9183 54.531 31.0167 74.4763 11.6619 32.3883 28.3019 9.05539 85.5751 24.4131 44.9466 59.7744 49.457 66.2658 79.925 59.6982 53.1507 63.1269 29.1204 39.2362 63.1527 61.8436 50.8973 65.5026 31.3847 
20.2485 40.1123 50.8349 39.6982 0.0 10.7703 26.9072 35.1233 29.2883 47.3814 36.7538 18.6815 61.6117 25.8369 45.7442 63.3482 68.2422 23.2594 63.7672 17.088 66.7308 18.9892 47.0106 13.0 2.0 60.8844 15.6525 46.0111 35.1141 28.0384 62.2415 51.9145 33.4391 45.9674 63.1041 7.28011 57.5889 10.0 68.9638 40.6079 21.0238 63.8022 39.1152 57.3847 39.8121 58.8218 22.4722 55.1543 25.807 71.0803 
21.4164 30.8182 59.6704 41.3595 10.7703 0.0 33.1059 36.9944 27.8758 52.6972 26.6066 22.561 53.1413 15.6897 38.648 54.7083 57.8014 12.53 56.6039 20.2638 75.6011 22.1509 51.2693 23.7697 12.6491 69.72 24.1868 36.1283 38.2762 29.0696 63.791 53.7145 34.4703 51.0429 62.8029 8.544 66.4244 18.1108 58.3095 46.9574 29.4279 72.6377 49.7393 59.0428 29.2746 48.4149 25.6435 44.3847 30.2343 65.6609 
46.7547 63.8012 66.2229 66.4235 26.9072 33.1059 0.0 60.8197 27.2947 20.5183 41.9762 43.8292 86.1698 37.1214 71.5317 87.709 78.848 41.8301 89.5545 14.1421 77.1038 16.0 21.0238 24.3516 25.4558 76.1237 12.53 68.1865 17.0 54.7637 88.0818 77.6109 60.1415 19.2094 89.8293 24.5967 71.0282 16.9706 81.5843 13.8924 9.05539 78.6384 41.1096 83.1638 59.9314 69.857 12.3693 71.0634 5.83095 97.8056 
15.8102 44.6884 25.1799 25.4951 35.1233 36.9944 60.8197 0.0 63.2422 81.2201 61.9729 17.0298 57.28 51.056 36.4005 59.4811 90.3174 46.0231 53.1507 52.1949 47.3655 54.0878 81.5937 38.2898 35.9883 35.2295 48.4181 51.9784 70.2132 18.6011 34.2772 23.8062 16.4924 80.0114 41.7852 41.0518 35.9739 44.1696 89.7432 73.7572 53.1534 38.1472 39.0512 29.3592 60.2755 81.2707 57.5797 71.9365 60.6496 53.1507 
47.6641 49.8197 76.8911 58.6086 29.2883 27.8758 27.2947 63.2422 0.0 42.45 14.8661 47.9483 64.6298 12.2066 55.8948 65.4393 51.8652 18.8943 73.3791 14.3178 91.675 11.7047 39.0 34.6707 28.74 86.9407 25.807 44.4166 21.9545 55.3174 90.0388 79.9623 60.7181 40.5216 80.052 24.3217 83.6451 22.9662 54.3415 39.1152 29.0689 89.8584 59.2441 85.2906 34.9285 42.72 15.0333 44.0114 22.0227 82.8924 
67.2681 83.1552 84.3282 86.9396 47.3814 52.6972 20.5183 81.2201 42.45 0.0 55.3263 64.2028 105.524 54.0833 91.3395 107.063 90.1998 60.7749 109.296 32.7567 91.0055 33.541 6.40312 43.909 45.9674 93.9628 32.8024 86.3716 22.0 75.2799 108.482 98.0113 80.6598 2.0 110.346 44.4072 86.8332 37.4833 94.0053 8.24621 28.3019 96.0469 54.0093 103.564 77.1622 82.0061 28.6356 85.8429 22.4722 118.352 
46.3949 41.7867 86.2578 57.0335 36.7538 26.6066 41.9762 61.9729 14.8661 55.3263 0.0 48.0814 56.5862 12.6491 54.3196 57.28 37.0 17.0 65.3503 29.1548 101.967 26.5707 50.9902 49.3173 38.3918 96.3074 40.4706 36.3836 33.541 54.0481 89.3974 78.4931 59.4488 53.3385 77.4296 31.5377 93.0118 37.6129 39.6232 53.0377 43.8634 99.2251 73.8908 86.1418 26.1725 27.8927 29.6142 30.5941 36.4966 79.0643 
6.08276 39.4911 42.1287 25.9615 18.6815 22.561 43.8292 17.0298 47.9483 64.2028 48.0814 0.0 55.1453 37.1646 35.0571 57.2189 76.5653 32.249 53.6004 35.7351 57.9008 37.6492 64.6607 21.4009 19.3132 52.1782 31.4006 46.4864 53.7587 15.0333 44.148 33.821 17.8885 63.0079 47.4342 25.1794 48.7241 27.2947 75.9911 56.7274 36.1248 55.096 38.1182 39.3028 44.2161 67.4759 41.1096 60.9584 43.8292 56.8595 
49.0918 22.8254 82.1102 31.9531 61.6117 53.1413 86.1698 57.28 64.6298 105.524 56.5862 55.1453 0.0 52.5182 20.8806 2.23607 53.1507 46.8452 12.1655 73.0901 103.0 74.9772 103.505 72.5603 63.561 79.6116 76.922 22.2132 86.5814 40.3113 55.4437 57.0088 40.8044 103.869 34.8855 61.6847 90.9249 70.8802 48.0 99.9659 82.28 83.7616 93.2631 54.4518 30.4138 49.4773 78.4698 36.1386 83.0606 27.1662 
35.478 37.7081 75.3409 46.4225 25.8369 15.6897 37.1214 51.056 12.2066 54.0833 12.6491 37.1646 52.5182 0.0 43.7086 53.3277 45.793 6.7082 61.1929 23.0217 91.2716 21.2132 50.9902 38.5954 27.4749 85.3905 35.9703 32.305 34.1321 43.1312 77.8527 67.5762 48.5319 52.2015 67.8659 20.6208 82.0949 30.3963 47.0106 50.01 40.5636 88.3082 64.9178 73.1045 23.0868 36.3593 25.7099 34.5254 32.5576 70.7063 
29.1548 17.0 61.2569 11.1803 45.7442 38.648 71.5317 36.4005 55.8948 91.3395 54.3196 35.0571 20.8806 43.7086 0.0 23.0868 61.131 37.3196 18.9737 58.9097 82.8058 60.7967 89.9151 54.1516 47.6301 59.8164 61.3253 22.587 76.6488 20.025 39.9249 38.2884 19.9249 89.6888 25.318 46.9895 70.7308 55.4074 57.5847 85.4232 66.7104 64.0312 73.0068 37.5899 30.8066 54.7231 64.2894 42.45 68.8802 27.0185 
51.1566 24.1661 84.3282 34.176 63.3482 54.7083 87.709 59.4811 65.4393 107.063 57.28 57.2189 2.23607 53.3277 23.0868 0.0 52.345 47.6547 13.6015 74.6293 105.235 76.5163 104.315 74.4312 65.307 81.8352 78.5875 23.0227 87.3909 42.4264 57.4891 59.203 43.0116 105.516 36.7151 63.2456 93.1603 72.5328 47.0425 101.505 83.9345 85.9826 95.3362 56.5685 31.1448 49.0408 78.9843 35.7351 84.5998 28.4429 
74.7393 45.9632 115.416 69.5767 68.2422 57.8014 78.848 90.3174 51.8652 90.1998 37.0 76.5653 53.1507 45.793 61.131 52.345 0.0 45.4533 65.0308 66.1287 132.699 63.5689 85.0235 81.0135 69.8931 117.944 77.326 40.5601 68.2642 72.0167 100.912 98.398 75.691 88.2043 84.8528 63.039 125.785 74.4682 6.40312 89.1067 80.7775 122.176 107.336 98.2542 35.3553 9.43398 66.4831 18.6815 73.2462 80.0062 
30.4451 32.0351 71.4523 40.0335 23.2594 12.53 41.8301 46.0231 18.8943 60.7749 17.0 32.249 46.8452 6.7082 37.3196 47.6547 45.4533 0.0 54.8039 28.542 87.3831 27.8174 57.6981 36.2491 25.0799 81.5019 35.1283 26.632 40.8315 38.0983 72.3974 62.5433 43.499 58.8964 61.4769 19.2354 78.2064 29.2746 45.793 55.4607 40.0125 84.4197 62.2656 69.1418 18.1108 36.1248 32.3648 31.9531 39.1852 64.3173 
47.8539 29.2062 59.6763 28.0179 63.7672 56.6039 89.5545 53.1507 73.3791 109.296 65.3503 53.6004 12.1655 61.1929 18.9737 13.6015 65.0308 54.8039 0.0 76.8618 96.4624 78.7488 107.867 73.0967 65.6531 72.0139 79.3483 30.9666 95.3162 38.6394 45.2769 48.7647 37.0 107.641 23.6008 65.0 84.4334 73.4303 60.0333 103.446 84.7334 76.0263 91.1373 45.0 39.1862 60.8276 82.2415 47.5184 86.8323 15.0333 
37.1216 50.7214 64.2501 56.4639 17.088 20.2638 14.1421 52.1949 14.3178 32.7567 29.1548 35.7351 73.0901 23.0217 58.9097 74.6293 66.1287 28.542 76.8618 0.0 78.7718 2.82843 31.1448 21.8403 16.4924 74.2997 12.0416 54.8984 18.0278 44.8041 79.3095 68.9862 50.2048 31.0644 79.8698 12.1356 70.8308 10.198 68.4105 27.5136 14.7648 76.7216 45.8039 74.4648 46.6433 56.921 5.38516 57.2189 10.2956 85.9226 
63.0 92.0503 38.0789 71.8494 66.7308 75.6011 77.1038 47.3655 91.675 91.0055 101.967 57.9008 103.0 91.2716 82.8058 105.235 132.699 87.3831 96.4624 78.7718 0.0 81.3449 95.0842 57.0088 65.7647 26.0192 67.72 99.3404 93.3916 65.9114 58.0086 48.8365 63.552 91.0055 78.0897 73.8241 12.083 68.7095 136.933 83.006 68.4471 23.0868 37.0 55.2268 107.465 123.452 82.8613 119.126 81.0247 91.5915 
39.0086 52.6085 66.5886 58.3509 18.9892 22.1509 16.0 54.0878 11.7047 33.541 26.5707 37.6492 74.9772 21.2132 60.7967 76.5163 63.5689 27.8174 78.7488 2.82843 81.3449 0.0 31.4006 24.3516 18.4409 76.6382 14.8661 53.4141 17.0 46.6912 81.201 70.8367 52.0918 31.7648 81.7568 14.0226 73.2462 12.6491 65.9697 28.8617 17.4929 79.0601 48.6004 76.3588 44.2258 54.4059 5.0 55.0818 11.4018 87.8096 
67.2012 88.6953 86.6881 86.7062 47.0106 51.2693 21.0238 81.5937 39.0 6.40312 50.9902 64.6607 103.505 50.9902 89.9151 104.315 85.0235 57.6981 107.867 31.1448 95.0842 31.4006 0.0 45.31 45.8039 96.5401 33.541 83.2922 17.4642 75.0465 108.712 98.3849 80.4472 5.0 110.112 43.1393 90.2718 37.4433 89.0505 12.3693 29.7321 98.8433 58.1378 103.938 73.9256 77.0584 26.4008 81.5843 21.2603 116.928 
25.9422 52.0384 42.6818 46.5188 13.0 23.7697 24.3516 38.2898 34.6707 43.909 49.3173 21.4009 72.5603 38.5954 54.1516 74.4312 81.0135 36.2491 73.0967 21.8403 57.0088 24.3516 45.31 0.0 11.1803 52.7314 12.1655 58.3149 38.0 34.9285 65.5519 55.081 39.1152 42.9418 68.8186 18.4391 49.0306 11.7047 81.8841 36.0555 15.6525 55.1533 26.4008 60.6339 52.6308 71.5871 26.3059 68.1542 26.1725 77.8267 
21.4009 42.107 49.9699 40.977 2.0 12.6491 25.4558 35.9883 28.74 45.9674 38.3918 19.3132 63.561 27.4749 47.6301 65.307 69.8931 25.0799 65.6531 16.4924 65.7647 18.4409 45.8039 11.1803 0.0 60.0194 13.8924 48.0106 34.4819 29.3172 63.1065 52.7795 34.7131 44.5982 64.3829 8.06226 56.7239 8.48528 70.7107 39.0512 19.2354 62.9372 37.4433 58.2612 41.7732 60.4667 21.8403 57.0088 24.6982 72.3591 
50.9587 72.0805 19.3132 48.9183 60.8844 69.72 76.1237 35.2295 86.9407 93.9628 96.3074 52.1782 79.6116 85.3905 59.8164 81.8352 117.944 81.5019 72.0139 74.2997 26.0192 76.6382 96.5401 52.7314 60.0194 0.0 64.5733 79.2725 90.7151 48.7158 32.0 23.4094 42.4853 93.4077 52.3927 68.0476 15.5242 64.1071 114.633 85.7263 67.083 4.24264 44.4072 29.2746 87.603 111.52 78.9774 99.2641 78.7499 65.9697 
34.6554 54.9181 54.6725 54.531 15.6525 24.1868 12.53 48.4181 25.807 32.8024 40.4706 31.4006 76.922 35.9703 61.3253 78.5875 77.326 35.1283 79.3483 12.0416 67.72 14.8661 33.541 12.1655 13.8924 64.5733 0.0 60.3043 26.0768 42.8713 75.6803 65.2094 48.1041 31.6228 77.8974 16.0 60.531 6.08276 79.4091 25.4558 5.38516 67.144 33.8378 70.7623 53.0094 68.0498 15.2315 66.4909 14.0357 85.9132 
44.6605 7.40312 77.1548 31.0167 46.0111 36.1283 68.1865 51.9784 44.4166 86.3716 36.3836 46.4864 22.2132 32.305 22.587 23.0227 40.5601 26.632 30.9666 54.8984 99.3404 53.4141 83.2922 58.3149 48.0106 79.2725 60.3043 0.0 66.3682 33.4566 62.3514 59.3095 37.1309 84.4931 47.0109 44.4166 87.9488 54.2353 37.2491 81.8171 65.4981 83.5053 82.0432 59.6941 10.2195 34.1361 57.9615 21.8806 64.8689 44.6807 
55.134 71.7713 80.6655 74.4763 35.1141 38.2762 17.0 70.2132 21.9545 22.0 33.541 53.7587 86.5814 34.1321 76.6488 87.3909 68.2642 40.8315 95.3162 18.0278 93.3916 17.0 17.4642 38.0 34.4819 90.7151 26.0768 66.3682 0.0 62.8165 97.3263 86.962 68.2172 20.0 97.8822 30.148 86.5794 27.2947 72.0069 21.5407 25.0 93.137 57.9396 92.4842 56.7979 60.0083 12.6491 64.1327 12.3693 103.935 
9.21954 26.1666 43.7258 11.6619 28.0384 29.0696 54.7637 18.6011 55.3174 75.2799 54.0481 15.0333 40.3113 43.1312 20.025 42.4264 72.0167 38.0983 38.6394 44.8041 65.9114 46.6912 75.0465 34.9285 29.3172 48.7158 42.8713 33.4566 62.8165 0.0 38.3275 30.4138 7.07107 73.9153 35.3836 33.2869 54.5198 37.7972 68.7058 68.2652 48.0384 52.9485 53.0377 34.0588 41.6762 65.5927 50.1838 53.3372 53.8428 43.0465 
42.3792 56.0446 30.8058 32.3883 62.2415 63.791 88.0818 34.2772 90.0388 108.482 89.3974 44.148 55.4437 77.8527 39.9249 57.4891 100.912 72.3974 45.2769 79.3095 58.0086 81.201 108.712 65.5519 63.1065 32.0 75.6803 62.3514 97.3263 38.3275 0.0 12.8062 31.257 107.273 22.4722 68.0074 47.1699 71.2878 97.4987 101.019 80.4155 35.1283 68.3596 5.0 70.571 94.4875 84.6936 82.2321 87.7679 35.7771 
32.3776 52.3546 18.0278 28.3019 51.9145 53.7145 77.6109 23.8062 79.9623 98.0113 78.4931 33.821 57.0088 67.5762 38.2884 59.203 98.398 62.5433 48.7647 68.9862 48.8365 70.8367 98.3849 55.081 52.7795 23.4094 65.2094 59.3095 86.962 30.4138 12.8062 0.0 23.7697 96.8026 29.2746 57.8402 37.2156 60.9608 94.5587 90.5484 69.9446 27.313 55.8116 8.06226 68.0574 91.974 74.3709 79.1901 77.4408 42.7551 
13.4536 29.8408 41.3664 9.05539 33.4391 34.4703 60.1415 16.4924 60.7181 80.6598 59.4488 17.8885 40.8044 48.5319 19.9249 43.0116 75.691 43.499 37.0 50.2048 63.552 52.0918 80.4472 39.1152 34.7131 42.4853 48.1041 37.1309 68.2172 7.07107 31.257 23.7697 0.0 79.3095 29.8329 38.6875 52.1604 43.1856 72.38 73.5527 53.1507 46.7181 54.231 27.0185 45.3504 69.267 55.5845 57.0115 59.2435 39.0 
65.9469 81.5005 83.6878 85.5751 45.9674 51.0429 19.2094 80.0114 40.5216 2.0 53.3385 63.0079 103.869 52.2015 89.6888 105.516 88.2043 58.8964 107.641 31.0644 91.0055 31.7648 5.0 42.9418 44.5982 93.4077 31.6228 84.4931 20.0 73.9153 107.273 96.8026 79.3095 0.0 108.981 42.8019 86.5794 36.1248 92.0054 8.0 27.2947 95.5667 54.0093 102.356 75.2728 80.0062 26.8328 83.863 20.8087 116.702 
43.2782 42.19 44.4072 24.4131 63.1041 62.8029 89.8293 41.7852 80.052 110.346 77.4296 47.4342 34.8855 67.8659 25.318 36.7151 84.8528 61.4769 23.6008 79.8698 78.0897 81.7568 110.112 68.8186 64.3829 52.3927 77.8974 47.0109 97.8822 35.3836 22.4722 29.2746 29.8329 108.981 0.0 68.3525 66.4831 72.8629 80.604 103.325 82.9759 56.0446 80.6536 23.4094 55.2304 79.1012 85.2495 66.3702 88.9085 13.6015 
25.6336 39.3413 57.998 44.9466 7.28011 8.544 24.5967 41.0518 24.3217 44.4072 31.5377 25.1794 61.6847 20.6208 46.9895 63.2456 63.039 19.2354 65.0 12.1356 73.8241 14.0226 43.1393 18.4391 8.06226 68.0476 16.0 44.4166 30.148 33.2869 68.0074 57.8402 38.6875 42.8019 68.3525 0.0 64.7521 10.0499 64.0028 38.4708 21.095 70.9654 44.8219 63.2456 37.0135 53.6126 17.5153 50.9608 22.0227 74.0024 
51.2782 80.6588 26.0768 59.7744 57.5889 66.4244 71.0282 35.9739 83.6451 86.8332 93.0118 48.7241 90.9249 82.0949 70.7308 93.1603 125.785 78.2064 84.4334 70.8308 12.083 73.2462 90.2718 49.0306 56.7239 15.5242 60.531 87.9488 86.5794 54.5198 47.1699 37.2156 52.1604 86.5794 66.4831 64.7521 0.0 60.6383 125.636 78.6384 62.0725 13.8924 33.8378 44.0 96.1684 116.739 75.3127 107.829 74.3303 79.9062 
29.8329 48.8365 54.0575 49.457 10.0 18.1108 16.9706 44.1696 22.9662 37.4833 37.6129 27.2947 70.8802 30.3963 55.4074 72.5328 74.4682 29.2746 73.4303 10.198 68.7095 12.6491 37.4433 11.7047 8.48528 64.1071 6.08276 54.2353 27.2947 37.7972 71.2878 60.9608 43.1856 36.1248 72.8629 10.0499 60.6383 0.0 73.7782 30.6105 11.4018 66.529 36.7967 66.4425 47.0425 63.3881 15.0 60.8769 16.5529 80.8391 
74.1651 42.6523 114.842 66.2658 68.9638 58.3095 81.5843 89.7432 54.3415 94.0053 39.6232 75.9911 48.0 47.0106 57.5847 47.0425 6.40312 45.793 60.0333 68.4105 136.933 65.9697 89.0505 81.8841 70.7107 114.633 79.4091 37.2491 72.0069 68.7058 97.4987 94.5587 72.38 92.0054 80.604 64.0028 125.636 73.7782 0.0 92.4392 82.8734 118.865 108.046 94.9368 33.4215 12.0 69.2315 15.8114 76.1183 75.06 
60.1082 77.5972 76.1225 79.925 40.6079 46.9574 13.8924 73.7572 39.1152 8.24621 53.0377 56.7274 99.9659 50.01 85.4232 101.505 89.1067 55.4607 103.446 27.5136 83.006 28.8617 12.3693 36.0555 39.0512 85.7263 25.4558 81.8171 21.5407 68.2652 101.019 90.5484 73.5527 8.0 103.325 38.4708 78.6384 30.6105 92.4392 0.0 20.6155 87.8009 46.0109 96.1014 73.0534 80.5047 24.3311 83.0963 17.4642 111.307 
39.6989 60.208 57.1822 59.6982 21.0238 29.4279 9.05539 53.1534 29.0689 28.3019 43.8634 36.1248 82.28 40.5636 66.7104 83.9345 80.7775 40.0125 84.7334 14.7648 68.4471 17.4929 29.7321 15.6525 19.2354 67.083 5.38516 65.4981 25.0 48.0384 80.4155 69.9446 53.1507 27.2947 82.9759 21.095 62.0725 11.4018 82.8734 20.6155 0.0 69.5845 33.1059 75.4976 58.0086 71.5122 16.2788 71.0842 12.6491 91.0803 
53.8764 76.3133 23.2594 53.1507 63.8022 72.6377 78.6384 38.1472 89.8584 96.0469 99.2251 55.096 83.7616 88.3082 64.0312 85.9826 122.176 84.4197 76.0263 76.7216 23.0868 79.0601 98.8433 55.1533 62.9372 4.24264 67.144 83.5053 93.137 52.9485 35.1283 27.313 46.7181 95.5667 56.0446 70.9654 13.8924 66.529 118.865 87.8009 69.5845 0.0 45.2769 32.7567 91.8358 119.337 81.3993 103.497 81.1718 69.6419 
44.1814 75.1864 38.4663 63.1269 39.1152 49.7393 41.1096 39.0512 59.2441 54.0093 73.8908 38.1182 93.2631 64.9178 73.0068 95.3362 107.336 62.2656 91.1373 45.8039 37.0 48.6004 58.1378 26.4008 37.4433 44.4072 33.8378 82.0432 57.9396 53.0377 68.3596 55.8116 54.231 54.0093 80.6536 44.8219 33.8378 36.7967 108.046 46.0109 33.1059 45.2769 0.0 63.8492 77.6209 97.9096 48.8774 93.9149 45.6946 92.1954 
37.6431 53.1413 26.0768 29.1204 57.3847 59.0428 83.1638 29.3592 85.2906 103.564 86.1418 39.3028 54.4518 73.1045 37.5899 56.5685 98.2542 69.1418 45.0 74.4648 55.2268 76.3588 103.938 60.6339 58.2612 29.2746 70.7623 59.6941 92.4842 34.0588 5.0 8.06226 27.0185 102.356 23.4094 63.2456 44.0 66.4425 94.9368 96.1014 75.4976 32.7567 63.8492 0.0 67.9137 91.8302 79.8499 79.5747 82.9226 37.0 
42.3902 15.6227 85.3743 39.2362 39.8121 29.2746 59.9314 60.2755 34.9285 77.1622 26.1725 44.2161 30.4138 23.0868 30.8066 31.1448 35.3553 18.1108 39.1862 46.6433 107.465 44.2258 73.9256 52.6308 41.7732 87.603 53.0094 10.2195 56.7979 41.6762 70.571 68.0574 45.3504 75.2728 55.2304 37.0135 96.1684 47.0425 33.4215 73.0534 58.0086 91.8358 77.6209 67.9137 0.0 27.5136 48.7733 17.6918 55.5937 52.9002 
65.6927 39.5392 106.37 63.1527 58.8218 48.4149 69.857 81.2707 42.72 82.0061 27.8927 67.4759 49.4773 36.3593 54.7231 49.0408 9.43398 36.1248 60.8276 56.921 123.452 54.4059 77.0584 71.5871 60.4667 111.52 68.0498 34.1361 60.0083 65.5927 94.4875 91.974 69.267 80.0062 79.1012 53.6126 116.739 63.3881 12.0 80.5047 71.5122 119.337 97.9096 91.8302 27.5136 0.0 57.4891 13.3417 64.3273 75.5381 
42.5013 56.1011 68.9278 61.8436 22.4722 25.6435 12.3693 57.5797 15.0333 28.6356 29.6142 41.1096 78.4698 25.7099 64.2894 78.9843 66.4831 32.3648 82.2415 5.38516 82.8613 5.0 26.4008 26.3059 21.8403 78.9774 15.2315 57.9615 12.6491 50.1838 84.6936 74.3709 55.5845 26.8328 85.2495 17.5153 75.3127 15.0 69.2315 24.3311 16.2788 81.3993 48.8774 79.8499 48.7733 57.4891 0.0 59.0 7.0 91.3023 
59.1325 27.2837 97.0354 50.8973 55.1543 44.3847 71.0634 71.9365 44.0114 85.8429 30.5941 60.9584 36.1386 34.5254 42.45 35.7351 18.6815 31.9531 47.5184 57.2189 119.126 55.0818 81.5843 68.1542 57.0088 99.2641 66.4909 21.8806 64.1327 53.3372 82.2321 79.1901 57.0115 83.863 66.3702 50.9608 107.829 60.8769 15.8114 83.0963 71.0842 103.497 93.9149 79.5747 17.6918 13.3417 59.0 0.0 66.0 62.2896 
46.0435 60.6919 68.7003 65.5026 25.807 30.2343 5.83095 60.6496 22.0227 22.4722 36.4966 43.8292 83.0606 32.5576 68.8802 84.5998 73.2462 39.1852 86.8323 10.2956 81.0247 11.4018 21.2603 26.1725 24.6982 78.7499 14.0357 64.8689 12.3693 53.8428 87.7679 77.4408 59.2435 20.8087 88.9085 22.0227 74.3303 16.5529 76.1183 17.4642 12.6491 81.1718 45.6946 82.9226 55.5937 64.3273 7.0 66.0 0.0 95.8931 
51.8845 41.6293 57.0351 31.3847 71.0803 65.6609 97.8056 53.1507 82.8924 118.352 79.0643 56.8595 27.1662 70.7063 27.0185 28.4429 80.0062 64.3173 15.0333 85.9226 91.5915 87.8096 116.928 77.8267 72.3591 65.9697 85.9132 44.6807 103.935 43.0465 35.7771 42.7551 39.0 116.702 13.6015 74.0024 79.9062 80.8391 75.06 111.307 91.0803 69.6419 92.1954 37.0 52.9002 75.5381 91.3023 62.2896 95.8931 0.0 
DEMAND_SCENARIO_SECTION
0 0 0 0 0 0 0 0 0 0 0 0 0 0 0 0 0 0 0 0 0 0 0 0 0 0 0 0 0 0 0 0 0 0 0 0 0 0 0 0 0 0 0 0 0 0 0 0 0 0 0 0 0 0 0 0 0 0 0 0 0 0 0 0 0 0 0 0 0 0 0 0 0 0 0 0 0 0 0 0 0 0 0 0 0 0 0 0 0 0 0 0 0 0 0 0 0 0 0 0 0 0 0 0 0 0 0 0 0 0 0 0 0 0 0 0 0 0 0 0 0 0 0 0 0 0 0 0 0 0 0 0 0 0 0 0 0 0 0 0 0 0 0 0 0 0 0 0 0 0 0 0 0 0 0 0 0 0 0 0 0 0 0 0 0 0 0 0 0 0 0 0 0 0 0 0 0 0 0 0 0 0 0 0 0 0 0 0 0 0 0 0 0 0 0 0 0 0 0 0 
3 4 4 1 3 5 5 4 6 5 4 5 3 5 6 4 4 2 4 4 5 5 4 4 4 3 3 3 7 3 5 6 3 6 4 5 5 6 4 3 5 6 3 3 6 6 4 5 4 4 3 6 5 5 4 4 1 4 4 5 4 7 2 3 3 2 4 4 4 5 5 3 6 3 6 3 5 5 5 5 5 5 4 3 4 2 2 2 3 5 5 5 3 3 2 5 3 4 4 3 4 3 5 3 3 6 4 2 4 3 5 5 5 2 4 3 5 6 3 3 3 3 3 5 3 4 3 4 6 5 5 3 4 2 4 6 2 5 5 5 4 3 3 4 5 3 3 6 4 3 5 3 4 3 3 6 3 4 6 5 5 7 5 5 0 4 1 5 5 5 5 6 4 4 5 3 4 5 5 3 5 4 4 4 3 5 4 2 3 4 3 5 1 4 3 4 5 6 2 5 
1 1 1 1 1 1 1 1 1 1 1 1 1 1 1 1 0 1 1 1 1 1 1 1 1 1 1 2 1 1 1 1 1 1 1 1 0 1 2 1 1 1 1 1 1 1 1 1 0 2 1 1 0 1 1 1 1 1 0 1 1 0 1 1 1 1 1 1 1 1 0 1 1 1 1 0 1 0 0 1 1 1 1 1 2 1 1 0 1 1 1 1 1 0 1 1 1 0 1 2 1 1 1 1 0 1 1 1 1 1 1 1 1 1 1 1 1 1 1 1 1 1 1 1 1 1 1 1 1 1 1 1 1 0 1 1 1 1 1 1 1 0 1 1 0 1 1 1 1 1 1 0 1 1 1 1 0 1 2 1 1 1 1 1 2 1 1 1 1 1 1 1 0 1 1 1 1 1 1 1 1 1 1 1 1 1 1 1 1 2 1 1 1 1 1 1 1 1 1 1 
1 1 1 1 1 1 1 1 1 0 1 0 1 0 1 2 1 1 1 1 1 1 1 1 1 1 1 1 1 0 1 1 1 1 1 1 1 0 2 1 1 2 1 1 1 0 1 1 1 1 1 1 1 1 1 1 1 1 1 1 1 1 1 1 1 0 1 1 1 1 0 1 1 1 1 1 1 1 1 1 1 1 1 1 1 2 1 1 1 1 1 0 1 1 1 1 1 1 1 1 2 1 1 0 1 1 2 1 1 1 1 1 0 0 1 0 1 1 1 1 1 1 1 2 1 2 1 1 1 1 1 1 1 1 1 1 1 1 1 1 1 1 1 0 0 1 1 2 1 0 1 1 1 1 1 1 1 1 1 1 1 1 1 1 0 1 1 1 1 1 1 1 1 1 1 1 1 1 2 1 1 1 1 1 1 0 1 1 1 1 1 1 0 1 1 0 1 1 1 1 
2 4 4 3 3 3 3 4 2 4 4 3 2 3 5 2 3 4 3 2 3 3 3 3 3 4 4 2 2 5 2 4 4 4 3 3 4 4 2 3 1 3 5 1 4 3 4 4 2 3 4 4 3 5 3 3 5 4 5 4 1 3 3 4 2 4 3 2 2 1 4 4 3 2 3 3 4 2 3 3 3 3 2 2 2 2 2 2 3 2 2 4 4 4 3 3 3 3 4 3 3 4 5 3 3 3 3 3 5 2 3 4 2 2 4 2 4 2 3 1 2 6 5 2 4 2 4 4 3 4 5 3 3 3 4 1 4 2 3 4 4 2 3 2 3 3 3 1 3 1 5 4 2 3 3 3 4 3 4 1 4 2 4 3 3 2 4 3 2 4 4 3 3 3 4 2 2 5 2 4 1 3 4 4 3 1 4 4 3 2 5 1 2 4 4 2 5 4 4 3 
9 4 9 10 8 17 14 10 16 11 11 8 5 14 5 4 13 1 6 10 7 11 8 8 8 13 3 8 9 11 13 11 13 12 12 16 9 10 8 9 15 6 8 9 15 7 8 3 11 10 8 12 8 13 8 12 5 9 9 9 8 8 13 7 10 7 12 5 13 14 13 15 11 11 11 8 13 9 8 11 8 7 12 6 11 9 12 8 9 13 2 12 7 16 5 3 13 13 7 10 8 10 12 11 9 10 10 4 13 11 11 9 10 7 12 0 7 8 7 5 10 12 11 15 5 6 7 7 8 9 11 8 13 10 14 17 9 12 10 13 10 8 5 7 5 7 5 6 9 18 13 12 14 8 11 9 12 5 11 15 8 9 13 5 8 9 7 12 6 14 10 8 16 8 18 10 7 6 8 10 12 10 12 6 7 9 8 8 4 10 8 11 10 10 7 11 11 17 8 13 
9 6 10 11 9 7 6 9 11 12 6 6 18 11 16 10 11 12 7 3 10 9 13 7 11 10 5 8 14 10 14 13 14 7 9 5 4 11 6 13 9 11 5 12 12 8 8 9 12 8 12 10 10 4 8 8 11 13 9 7 11 6 15 13 13 11 5 14 14 7 7 10 10 3 9 5 14 8 13 13 9 12 11 12 6 9 12 12 11 10 14 13 14 12 9 5 8 9 12 14 7 11 8 10 10 15 9 11 9 16 9 14 14 11 4 9 8 7 6 7 19 12 7 15 10 5 13 6 9 15 7 10 7 11 13 12 10 9 12 12 13 3 10 14 10 14 12 12 14 11 7 10 16 11 12 11 3 13 12 8 16 9 11 5 10 6 7 13 10 6 13 8 1 2 8 5 6 4 12 15 14 11 13 8 7 10 9 12 13 9 11 15 11 9 5 7 6 10 8 6 
9 16 9 15 13 13 5 17 6 5 22 10 11 10 17 8 7 8 10 11 10 8 6 9 4 12 2 13 13 12 11 16 9 5 7 8 11 10 12 5 9 13 14 9 8 11 15 12 14 17 6 11 13 5 11 10 11 5 6 10 9 4 9 8 11 17 14 11 9 9 9 9 5 9 8 9 12 7 8 8 11 12 9 12 12 4 13 11 8 14 8 5 8 15 7 13 16 6 14 16 13 14 6 15 6 9 5 6 4 5 5 7 9 7 12 7 11 17 7 6 11 2 8 14 7 16 15 6 11 16 11 8 11 3 6 4 13 6 10 7 10 13 12 9 9 14 17 6 7 14 11 5 11 8 10 8 14 8 11 12 14 15 8 10 4 3 15 16 10 9 12 11 16 13 13 9 8 13 12 9 11 15 13 14 10 10 13 8 8 11 8 12 8 9 11 7 9 14 14 11 
11 12 6 6 8 6 11 8 9 8 0 7 3 6 9 11 13 14 11 4 10 11 9 6 5 6 10 6 9 14 7 12 5 10 5 8 8 5 7 10 7 9 7 8 11 4 5 9 12 7 6 8 10 8 11 8 7 5 6 8 11 8 12 5 7 9 9 7 5 10 5 7 11 6 9 9 10 5 7 8 10 5 6 5 8 5 7 5 6 6 7 8 4 8 6 7 9 11 5 5 8 8 10 5 6 14 9 10 8 7 9 10 11 5 13 7 7 6 8 9 12 7 11 10 8 9 7 5 7 6 10 10 7 4 6 8 7 7 12 9 7 13 6 13 5 8 9 9 6 6 8 6 10 12 8 9 4 10 8 7 7 10 5 11 11 5 6 9 7 4 11 7 10 6 8 5 10 9 6 9 5 4 12 9 10 5 7 7 11 8 7 9 11 5 13 12 6 5 4 7 
12 11 6 13 13 9 9 12 12 9 11 18 10 4 12 4 7 14 10 10 14 14 12 7 12 8 9 7 8 13 13 6 10 5 11 9 10 14 10 10 15 9 13 13 10 15 9 18 13 10 9 14 14 5 13 14 13 11 6 10 11 12 3 8 9 14 9 12 14 10 13 10 13 10 10 10 11 9 11 4 11 13 10 3 11 10 15 8 7 14 2 1 9 14 11 4 8 9 6 11 11 3 13 10 9 12 17 14 10 12 1 9 9 16 8 13 16 12 12 11 7 10 9 4 5 10 11 9 10 14 9 11 12 14 10 2 10 4 5 13 8 14 5 16 14 6 18 7 11 4 6 5 8 5 9 8 8 9 4 5 8 7 10 14 15 14 11 8 14 12 11 9 12 10 10 9 10 11 10 14 9 12 16 11 13 6 7 8 15 10 8 17 11 0 0 14 8 5 5 12 
5 4 6 4 5 4 6 5 6 8 4 3 5 6 7 3 5 6 4 5 3 2 4 5 6 5 6 4 4 6 5 3 6 7 5 7 5 4 4 7 2 4 4 3 1 6 2 5 6 4 5 6 7 5 7 3 5 5 5 6 6 5 5 5 4 5 7 8 4 4 1 4 6 5 4 5 5 6 4 5 5 4 5 6 8 5 7 4 6 5 4 3 9 4 3 4 7 7 7 5 5 6 6 9 6 7 3 5 5 3 7 8 8 5 2 4 3 3 5 5 6 6 4 7 5 8 4 4 2 7 3 2 3 3 5 5 5 2 7 4 6 8 4 8 6 10 4 5 4 8 5 8 6 4 6 4 3 4 6 7 4 8 6 4 5 2 7 3 7 3 4 3 5 6 1 6 6 5 8 7 3 9 2 5 6 6 8 5 8 7 5 5 4 3 5 5 5 9 5 5 
5 4 5 2 6 6 6 5 2 4 6 6 5 5 5 4 6 4 9 7 5 2 6 5 6 6 3 3 3 6 3 3 4 4 4 2 4 7 6 9 4 3 5 6 6 7 8 6 3 2 8 6 3 7 5 4 5 3 4 4 9 3 6 4 4 3 8 7 3 7 4 7 5 4 5 7 5 5 6 5 7 4 8 5 5 4 3 5 2 3 2 6 7 5 4 4 8 2 8 4 5 4 3 4 8 4 4 4 8 8 6 6 4 2 6 2 8 4 5 5 6 5 7 5 8 7 4 1 7 4 4 1 4 4 8 3 7 6 3 5 5 4 4 1 5 4 6 4 5 7 6 5 5 5 3 5 5 6 5 5 3 5 4 3 7 6 5 2 3 3 5 4 7 4 6 4 5 4 4 8 6 8 2 0 0 5 6 5 5 8 6 5 6 5 5 5 2 9 5 4 
6 6 16 12 10 14 13 12 12 11 9 3 5 12 8 10 11 7 15 10 9 12 11 11 13 7 9 10 12 7 12 6 4 11 10 12 15 12 8 9 10 7 15 19 11 15 7 9 12 10 12 10 12 13 6 8 10 7 7 10 13 13 9 7 11 9 14 8 6 13 16 15 10 10 13 8 16 10 10 6 8 9 7 9 7 14 8 15 8 12 12 13 11 7 7 16 8 11 14 9 8 13 6 10 10 14 8 12 8 14 10 9 13 11 6 9 11 14 9 9 12 8 3 7 13 13 11 13 8 12 9 4 12 11 11 12 8 15 13 8 12 14 12 3 14 13 3 16 12 12 8 14 8 11 9 18 8 9 10 7 9 14 10 11 11 10 9 12 11 6 12 9 8 11 3 5 9 8 6 14 11 12 8 7 13 6 15 12 10 13 10 15 10 9 13 13 12 9 12 11 
1 1 1 1 1 1 1 1 1 1 1 1 1 2 2 1 1 1 1 1 1 1 1 1 1 1 1 1 0 1 1 1 1 1 1 1 1 1 1 1 1 1 2 1 1 1 1 1 1 0 1 1 1 1 1 1 1 1 2 1 1 1 1 1 1 1 0 1 0 1 1 1 1 2 2 1 1 1 1 1 1 1 1 1 1 1 1 1 1 1 1 1 1 1 1 1 1 1 2 1 1 1 1 1 1 2 1 1 1 1 1 1 1 2 0 1 2 0 1 1 1 1 1 1 0 1 1 1 1 1 1 1 1 1 2 1 1 1 2 0 1 1 1 1 1 0 1 1 1 1 1 1 1 1 1 1 1 2 0 1 1 1 1 1 1 1 1 1 1 1 1 1 1 1 1 2 1 1 1 1 1 1 1 1 1 1 0 0 2 1 1 1 0 1 1 1 1 2 1 1 
5 2 7 6 4 6 7 6 2 6 8 4 8 9 4 7 4 7 5 3 7 4 4 5 10 3 7 2 6 7 5 8 8 3 8 8 7 7 6 7 8 8 7 7 8 7 4 7 7 3 5 7 6 4 9 5 5 3 4 8 6 7 8 8 4 6 3 8 7 5 8 10 9 6 6 3 9 10 7 7 6 7 4 4 4 7 10 8 2 9 12 5 5 5 8 8 7 4 5 7 8 8 8 6 9 6 5 4 6 7 8 1 6 7 6 7 6 3 3 5 6 3 5 10 4 5 11 5 9 6 7 4 5 5 3 3 5 6 10 6 6 8 6 3 8 6 9 5 7 6 5 7 7 6 2 7 7 4 6 10 8 7 7 7 10 5 9 6 7 7 6 4 0 4 8 7 3 8 7 3 7 7 9 7 5 8 5 8 7 2 3 9 9 6 4 4 6 7 7 5 
1 1 1 1 1 1 1 1 1 1 1 1 1 1 1 1 1 1 1 1 1 1 2 1 1 1 1 1 1 1 1 1 2 1 1 1 1 1 1 1 1 1 1 1 1 0 1 1 1 1 1 1 1 1 1 1 1 1 1 1 1 1 1 1 0 1 1 1 1 1 1 2 1 1 1 1 1 1 1 1 1 1 2 1 1 1 1 2 0 1 1 1 1 1 1 1 1 1 1 1 2 1 1 1 1 1 1 1 1 1 1 0 1 1 1 1 1 2 1 1 1 1 1 1 1 1 1 1 0 1 1 1 1 1 1 1 1 1 1 1 1 1 1 1 1 1 1 1 1 1 1 1 1 1 1 1 0 2 1 1 1 1 2 1 1 2 1 1 1 1 1 2 1 1 2 1 1 1 1 1 1 1 1 1 1 1 1 1 1 1 1 1 1 1 1 1 2 1 1 1 
10 5 3 6 4 6 7 6 5 5 5 7 9 8 8 4 2 6 8 9 5 7 6 4 5 8 7 5 6 6 5 3 6 6 7 4 5 6 9 3 7 8 7 4 1 5 6 7 5 5 6 7 5 5 6 8 6 5 6 4 1 6 6 10 5 5 6 5 4 5 8 5 7 6 4 6 9 3 4 8 2 6 2 4 4 3 4 6 11 7 6 6 8 2 4 8 3 5 4 5 7 5 4 5 6 6 6 4 3 7 3 3 5 5 7 11 11 8 9 5 7 7 5 2 5 8 7 9 6 8 7 4 7 9 9 9 8 7 8 5 9 3 9 5 5 8 5 8 8 6 5 5 6 7 10 6 7 3 4 6 9 6 9 3 8 4 10 7 6 7 8 10 6 7 7 3 8 7 8 6 5 3 9 5 4 7 4 5 7 4 9 6 9 7 9 9 3 5 3 5 
12 10 9 7 13 5 13 8 11 9 8 10 11 7 13 10 6 9 6 7 6 9 9 12 10 6 9 3 9 4 6 5 9 7 6 4 7 10 13 12 6 9 9 7 12 9 6 9 9 12 6 5 10 8 5 8 14 12 8 7 9 8 10 7 9 12 12 14 8 7 9 11 7 5 6 8 5 3 11 6 5 6 6 10 6 9 9 4 10 10 10 5 8 7 11 0 9 5 9 10 14 11 8 10 7 13 9 1 5 9 7 12 7 7 10 9 6 9 13 7 8 5 8 10 9 3 9 7 5 7 6 4 9 10 9 11 11 6 12 5 7 10 4 6 8 7 7 13 12 7 8 11 5 11 5 6 7 8 11 10 4 8 10 7 12 8 11 4 8 7 10 6 10 9 9 6 10 7 8 9 5 8 5 10 8 6 9 7 5 6 13 6 8 12 7 11 5 6 8 7 
10 12 9 5 10 12 17 7 3 7 9 17 4 9 8 7 11 7 17 8 14 11 3 8 14 13 11 8 7 6 11 13 11 13 9 11 5 13 7 7 9 10 11 15 8 10 14 11 7 7 8 8 16 10 16 14 11 13 15 7 11 8 10 10 15 13 8 10 7 15 8 8 12 14 16 8 8 10 10 8 10 8 13 11 14 21 11 5 8 8 8 16 8 5 11 6 10 6 13 4 13 13 16 9 9 6 14 6 8 7 12 7 11 16 14 13 11 9 17 13 5 11 11 14 14 12 13 9 9 6 7 10 16 5 13 8 10 6 13 10 7 11 15 8 10 7 15 3 4 11 6 6 7 18 10 15 11 10 8 11 9 13 14 13 10 8 13 9 4 12 9 12 10 8 8 11 10 7 8 9 7 11 13 11 6 14 11 10 6 12 12 11 11 16 12 9 17 9 11 16 
9 7 6 6 6 6 7 7 3 5 8 9 4 4 9 4 4 4 8 6 4 9 7 9 6 6 11 7 7 11 6 6 10 6 8 8 5 10 11 4 6 6 6 6 7 9 5 7 7 4 10 9 6 6 7 7 7 4 3 7 6 5 7 9 5 8 11 8 7 5 7 10 9 7 9 6 7 8 10 4 10 5 6 9 6 9 5 4 9 6 4 6 4 7 8 5 7 10 4 4 7 9 10 5 7 6 8 9 12 7 7 4 7 8 5 5 8 7 7 9 6 6 11 8 4 6 6 7 6 6 8 5 9 7 5 5 8 4 9 6 9 7 7 6 3 4 5 8 7 6 8 10 8 8 9 7 3 12 10 8 8 8 9 5 5 7 6 6 7 4 6 3 8 6 5 5 8 10 9 8 9 10 4 7 8 11 9 7 11 7 6 7 7 6 6 6 10 8 8 7 
8 6 11 11 13 12 7 9 6 6 5 9 13 9 9 2 7 9 9 12 8 9 10 8 10 3 12 6 11 9 12 11 5 9 6 8 3 8 11 6 10 11 12 13 5 13 5 3 13 4 7 9 6 11 10 13 11 9 7 10 13 11 4 13 14 9 11 12 12 7 12 6 12 9 2 4 8 5 1 12 12 6 8 9 5 6 7 9 13 9 11 7 13 7 16 12 6 11 8 11 10 11 2 11 9 14 10 11 10 9 3 10 6 8 11 6 14 9 9 10 13 8 12 5 15 5 9 2 10 8 8 10 11 8 14 7 11 14 6 9 7 7 6 6 12 11 10 14 7 8 4 9 9 9 9 12 6 5 10 10 6 9 9 11 12 13 9 9 10 7 5 6 12 10 11 12 12 12 9 8 12 6 6 1 9 10 6 9 10 7 5 10 8 6 5 11 9 9 10 10 
7 12 8 10 4 3 7 9 7 10 6 7 6 9 5 7 10 8 9 5 8 6 7 5 7 6 7 11 4 5 11 5 8 8 8 10 10 7 12 11 6 5 7 7 4 5 6 5 7 6 6 5 6 9 7 6 13 9 6 9 7 6 5 4 9 6 4 11 9 7 6 10 7 9 5 5 11 9 3 8 9 8 6 7 5 6 3 6 4 7 4 10 6 9 8 5 7 4 10 3 5 6 6 7 6 7 5 7 9 7 7 9 3 8 6 7 10 6 10 7 7 8 7 6 11 7 5 9 8 9 8 9 8 10 9 7 2 9 6 9 10 6 3 8 4 9 8 8 2 9 5 8 8 6 9 7 10 8 7 9 4 5 6 9 11 11 6 5 3 9 6 10 6 7 5 7 6 8 3 3 7 6 4 8 5 7 6 12 5 3 8 7 5 11 9 7 8 5 5 5 
4 1 2 4 6 3 4 4 5 3 2 3 4 6 4 4 3 3 4 6 4 4 4 4 2 4 5 5 5 6 5 6 2 6 4 4 4 4 3 5 4 4 5 4 2 4 6 4 5 5 4 2 6 5 5 4 6 5 3 3 5 2 5 4 4 4 2 5 3 4 3 4 8 4 5 3 5 2 3 3 3 5 5 4 4 3 3 4 5 4 5 2 2 6 4 2 6 3 5 3 4 5 6 4 6 5 2 3 5 3 4 3 4 6 6 3 4 3 3 3 3 5 5 5 4 4 5 4 3 2 3 3 5 4 4 5 5 6 2 3 4 4 4 3 3 3 4 3 3 4 6 3 4 7 6 4 4 2 5 5 4 5 4 2 6 3 3 1 3 3 5 4 4 4 5 2 3 5 4 5 4 4 5 5 4 4 4 5 4 0 3 4 6 2 6 6 2 3 4 5 
6 6 11 5 3 10 9 5 8 8 7 6 6 11 8 8 8 8 7 6 7 7 6 6 11 9 10 8 6 6 10 8 9 6 8 9 7 5 3 9 13 5 10 6 2 8 8 5 9 7 10 11 2 7 3 3 8 6 7 13 8 7 6 6 4 5 8 6 8 7 4 7 9 5 4 6 8 8 4 14 10 4 8 15 7 9 6 6 13 5 9 8 4 8 8 8 14 4 10 8 6 6 5 8 8 6 4 8 9 4 2 5 4 7 2 7 1 6 5 3 4 9 8 9 4 11 5 6 9 2 4 9 8 9 5 6 9 5 7 10 9 6 8 3 8 9 0 4 10 10 6 6 6 2 10 7 6 7 4 5 6 9 9 7 9 7 9 5 8 6 5 5 10 6 4 6 8 8 9 4 8 5 13 8 6 9 2 4 10 4 8 5 13 10 4 5 3 7 11 7 
5 5 7 9 5 3 6 5 7 8 6 6 7 8 7 6 3 2 5 5 11 4 4 5 7 6 5 5 7 3 8 7 6 4 5 6 8 1 7 2 4 7 5 5 6 5 6 3 5 9 6 3 5 7 5 5 4 6 6 9 1 7 5 7 8 4 3 4 9 6 8 5 6 11 6 0 2 3 7 5 7 4 8 6 11 9 4 8 5 5 9 8 3 5 4 3 6 6 7 4 6 7 5 7 7 9 9 4 3 7 8 7 5 6 7 9 5 5 6 6 4 6 5 5 9 5 4 8 10 8 5 4 6 7 2 7 6 3 7 7 9 3 9 5 4 6 9 10 3 11 4 10 5 3 7 4 8 5 6 6 10 10 8 11 6 7 5 1 4 7 8 10 5 6 9 5 9 3 8 5 3 7 2 5 5 5 4 1 6 7 5 6 6 5 7 6 7 5 5 7 
10 8 8 6 6 9 7 4 10 10 8 7 5 3 4 6 9 6 7 5 13 8 6 6 7 9 9 7 6 8 6 6 9 12 4 11 8 9 7 11 5 7 8 7 10 7 3 9 8 9 8 6 4 4 6 9 8 9 7 5 6 7 6 11 2 11 6 6 4 6 7 5 10 8 7 7 9 10 10 5 6 5 7 6 10 7 4 7 5 14 8 9 6 6 8 7 9 7 6 6 7 3 11 9 5 6 5 6 8 6 3 8 6 4 9 12 9 3 7 8 11 10 5 7 5 9 9 3 9 5 3 7 9 3 9 6 7 10 6 12 4 10 7 6 6 14 10 10 5 10 7 4 9 8 9 4 14 5 4 8 8 5 6 6 4 6 5 5 6 9 7 6 6 6 9 3 10 7 7 4 6 8 6 10 8 7 5 8 7 6 3 7 11 12 6 6 6 10 4 7 
7 8 12 8 8 10 4 8 7 8 11 12 9 7 10 9 7 7 9 11 6 3 6 6 7 11 11 6 7 7 7 12 6 7 11 11 9 5 11 8 8 10 11 7 10 0 9 3 8 9 6 9 10 11 6 12 8 9 9 9 8 8 5 5 10 12 6 6 10 3 9 9 5 4 7 10 6 9 13 6 6 8 7 9 7 12 9 9 9 10 10 10 11 7 8 4 6 12 10 13 16 10 11 6 8 9 9 11 7 10 9 11 11 8 8 8 9 14 11 7 9 4 6 7 6 6 8 6 4 14 6 9 10 12 9 6 9 7 11 7 8 9 7 8 11 5 9 9 9 8 11 13 10 8 9 6 12 14 4 8 5 5 3 11 8 4 9 10 6 2 13 9 13 11 9 6 8 10 5 9 7 9 11 8 7 9 9 6 8 10 4 13 10 9 10 7 4 4 11 6 
13 6 9 12 12 6 4 8 11 10 13 5 10 9 9 10 9 8 9 13 10 4 8 7 3 10 8 6 8 9 7 9 5 11 7 8 11 8 9 11 13 9 12 7 12 6 9 13 7 8 9 3 3 8 10 11 7 5 7 6 8 5 4 6 10 9 9 4 14 9 9 1 14 7 8 9 2 6 6 7 0 7 6 3 6 8 4 6 4 11 3 8 10 3 5 7 9 9 9 9 12 3 5 8 4 2 9 8 9 6 10 9 5 5 3 3 8 10 9 6 6 8 5 5 8 8 12 7 8 5 9 6 5 8 7 8 7 8 5 7 13 7 8 9 8 9 12 6 5 5 10 1 12 8 6 8 6 14 8 7 10 9 10 10 3 7 13 8 8 7 13 9 7 12 9 7 7 1 7 12 6 12 8 9 5 2 6 10 7 10 9 8 9 7 9 10 7 11 6 11 
6 2 3 5 3 2 6 4 4 5 3 5 3 2 4 5 2 2 6 4 6 4 7 5 5 4 6 5 6 5 2 4 3 4 4 5 5 4 5 1 2 3 4 4 3 4 3 3 3 2 3 4 5 2 5 3 3 2 4 5 3 4 3 3 2 4 1 6 6 5 5 2 2 3 1 4 5 5 5 3 3 4 4 3 3 4 4 3 5 4 3 4 4 5 5 4 2 5 4 4 2 5 6 3 3 1 3 4 4 4 3 5 4 3 3 2 5 4 3 2 5 6 2 2 2 5 4 4 5 6 3 5 4 6 5 3 4 4 4 3 3 5 4 5 4 3 2 4 4 1 4 2 5 3 5 6 5 4 4 3 3 5 4 6 4 4 4 2 2 6 3 1 6 5 3 6 2 3 4 5 1 5 2 3 3 4 2 5 4 7 3 3 3 6 5 3 3 3 3 3 
4 5 4 5 5 6 4 4 4 4 6 3 4 4 4 4 4 5 2 4 3 3 3 5 5 5 5 6 4 3 5 3 3 4 6 6 4 5 4 5 5 6 6 4 3 2 4 4 4 5 3 3 5 4 2 3 3 4 2 4 0 6 3 6 2 3 5 4 4 5 3 3 5 3 2 3 3 3 3 3 3 4 5 4 4 3 5 5 5 3 5 4 2 1 3 4 2 5 4 5 4 2 2 3 6 1 6 4 5 4 3 5 4 1 1 3 5 5 3 4 5 5 5 4 5 5 4 7 3 2 4 0 4 6 5 3 4 6 5 5 3 3 4 1 3 2 4 8 1 5 6 2 4 5 4 2 3 6 4 5 4 5 2 6 4 3 2 4 3 4 5 3 3 4 5 7 5 3 4 6 4 4 4 5 4 5 4 3 2 4 4 7 4 3 4 3 3 3 2 3 
7 7 4 6 6 7 4 6 7 6 8 7 7 6 6 7 7 7 6 6 9 5 1 2 6 7 5 8 8 5 4 4 7 6 1 9 5 6 5 6 3 5 8 7 7 4 2 6 5 5 5 4 2 8 8 4 9 7 7 8 7 5 7 5 7 6 7 2 2 3 5 2 6 8 5 7 5 7 5 6 9 9 8 8 4 7 9 6 5 5 7 7 5 5 7 9 11 6 9 6 4 5 10 7 8 4 8 7 4 4 5 8 3 3 11 7 2 5 6 10 5 5 7 7 6 7 6 6 3 8 8 3 8 8 4 2 3 7 3 9 8 6 7 4 10 3 8 6 4 3 4 4 6 6 7 5 7 3 6 8 0 4 7 5 8 2 7 5 4 3 7 7 9 6 6 7 4 11 1 5 7 4 5 8 5 7 5 2 3 11 7 5 5 6 9 6 7 3 7 3 
2 2 2 4 4 3 1 2 3 3 2 2 4 5 2 5 3 5 2 4 2 3 3 3 4 2 1 5 3 3 3 3 4 3 2 2 4 3 3 2 2 2 1 3 5 0 2 3 4 2 1 1 5 2 2 3 3 0 4 2 2 3 1 5 3 1 3 3 2 4 3 1 3 1 3 3 3 1 2 4 4 3 3 5 3 3 5 2 2 3 3 1 2 3 3 3 3 5 3 4 3 1 2 4 5 4 3 2 2 3 4 3 2 3 6 3 3 2 4 2 3 2 3 3 3 4 4 2 4 3 3 4 2 5 4 2 3 3 3 3 2 1 2 3 0 1 2 3 4 2 3 4 2 4 5 4 5 4 4 1 3 1 3 4 4 4 4 1 2 2 3 3 3 3 2 3 3 3 2 4 3 2 2 5 3 4 3 2 3 3 3 2 4 3 4 2 2 3 2 4 
3 3 2 5 2 3 2 4 2 3 2 3 3 2 1 3 3 2 4 1 3 3 2 4 4 2 3 4 3 3 3 2 2 3 4 2 3 3 3 3 5 4 4 3 4 4 5 1 4 3 4 4 3 2 3 3 2 2 3 3 5 3 2 4 2 2 3 3 3 3 2 1 2 4 3 3 3 2 4 3 3 3 3 2 2 3 2 3 2 2 5 3 1 4 3 3 2 3 1 3 3 4 3 3 3 2 3 4 3 3 3 1 1 3 3 3 4 3 4 3 3 2 4 4 3 5 5 2 2 4 5 4 2 3 3 2 4 2 1 1 1 3 2 1 3 3 3 3 4 2 3 5 4 3 4 2 3 3 5 3 4 2 4 3 3 5 4 2 4 2 4 5 3 4 5 2 4 3 3 5 3 2 5 1 2 5 2 2 4 1 4 4 2 3 3 3 3 3 2 2 
7 6 2 2 3 4 6 3 4 2 4 6 4 5 4 6 5 3 3 4 7 5 4 2 4 5 3 4 4 3 4 3 2 1 5 4 5 6 4 4 4 3 5 5 4 4 3 2 4 7 2 3 5 5 4 4 6 5 3 5 3 2 5 5 6 6 3 5 6 4 4 5 1 3 5 6 4 8 4 4 4 2 6 3 4 4 4 3 3 5 4 2 0 3 2 4 3 4 3 4 2 4 4 5 5 6 6 5 2 3 3 1 6 4 5 4 5 4 5 3 4 5 2 5 1 4 7 5 3 3 3 4 6 4 3 3 4 6 4 5 5 5 2 5 5 3 4 6 3 5 5 3 4 5 4 6 5 7 5 5 4 3 2 6 3 4 4 1 3 3 5 5 3 3 5 2 4 6 1 4 3 4 3 2 4 5 3 1 2 2 2 3 4 5 1 2 2 3 5 3 
2 1 1 2 3 2 3 0 3 2 2 2 3 2 1 3 1 2 3 3 2 3 2 2 2 1 3 1 3 3 2 2 1 2 2 2 3 3 1 3 2 2 2 1 2 2 3 2 2 2 3 2 3 2 1 1 2 1 3 2 2 2 1 2 3 2 2 2 2 3 3 2 3 2 2 2 2 1 0 2 2 2 1 1 3 1 2 2 2 2 0 2 2 2 2 2 2 1 3 2 2 2 3 2 2 2 1 1 2 2 2 2 3 2 3 2 1 2 2 1 2 2 3 2 3 1 1 1 3 2 3 3 2 1 2 2 2 3 2 2 2 2 2 2 2 2 2 3 2 1 3 2 2 3 2 1 2 2 1 1 2 1 3 2 2 2 2 2 2 3 3 2 1 1 3 3 2 0 2 3 1 1 2 3 2 2 1 3 2 3 3 3 1 3 2 3 3 1 2 1 
3 8 5 7 6 8 6 7 7 4 6 7 6 7 5 6 9 6 4 6 4 9 4 5 6 6 9 1 5 7 5 7 4 9 5 8 7 8 8 6 5 5 5 4 7 6 7 7 6 5 3 5 4 3 5 4 5 4 5 8 9 8 6 9 7 7 7 9 4 7 6 3 8 2 4 4 10 10 8 7 6 3 4 5 6 9 9 6 8 5 7 7 6 7 7 6 8 10 6 5 6 7 7 8 5 7 9 7 5 7 6 4 7 8 9 8 7 7 5 2 7 5 5 2 5 7 6 4 2 4 9 6 5 7 5 8 7 8 8 7 6 6 8 6 2 3 1 9 6 4 8 6 5 5 6 4 7 3 6 4 11 5 8 6 5 10 4 3 6 4 10 8 2 5 8 6 6 4 5 5 7 2 6 10 6 6 6 4 4 3 6 4 3 3 7 7 5 7 5 7 
9 10 10 5 7 6 8 11 10 12 16 11 12 7 7 11 14 11 7 6 13 10 4 6 9 9 7 7 7 4 12 6 8 9 11 9 5 10 9 13 8 16 10 10 3 4 7 8 7 13 10 15 5 9 2 7 3 8 7 8 8 12 11 7 11 7 11 10 7 14 9 9 9 14 8 10 9 13 14 11 12 5 9 5 8 14 11 10 8 8 8 7 6 7 9 10 10 8 11 9 9 5 5 11 9 11 9 9 5 9 5 10 6 2 10 5 6 12 6 9 11 7 9 13 10 7 9 12 6 13 13 8 12 11 10 5 10 5 10 7 4 9 10 11 12 11 11 9 6 13 10 10 3 10 7 4 6 10 10 12 10 9 11 12 10 10 8 10 9 14 13 9 9 16 10 2 12 11 10 9 14 11 8 7 6 2 12 12 10 9 13 9 8 8 6 11 7 8 7 7 
8 4 9 12 15 8 12 8 11 10 11 7 3 10 9 12 13 15 11 10 10 4 13 11 13 6 7 7 12 11 14 13 4 11 19 10 10 5 10 6 2 5 11 13 10 10 10 5 9 10 10 6 10 12 6 7 10 10 9 10 11 9 6 7 17 6 9 4 8 6 0 2 14 4 7 6 10 9 4 8 11 10 7 4 17 12 11 12 11 6 7 11 1 9 8 14 14 13 8 10 11 4 16 5 11 11 6 15 13 9 8 7 8 12 8 12 9 4 4 7 6 12 7 13 3 13 10 8 11 4 9 5 3 6 9 10 7 8 10 8 8 6 14 5 5 12 10 12 11 9 11 16 9 8 15 7 13 9 11 11 10 6 7 14 8 3 7 5 7 9 12 3 9 8 8 8 9 11 8 11 8 10 9 7 8 6 11 10 7 13 9 8 10 9 5 9 8 12 12 6 
6 6 5 9 5 5 0 9 7 4 9 11 6 3 6 2 6 6 6 5 10 5 6 10 7 7 10 5 6 6 5 5 6 8 8 10 7 7 6 7 7 6 4 6 3 4 9 8 9 7 3 7 7 5 3 5 4 7 6 9 7 4 8 5 8 3 6 7 6 4 2 7 5 9 7 4 6 3 9 8 8 9 9 7 8 4 5 4 2 9 8 9 4 8 6 6 6 4 4 7 6 8 8 5 4 6 4 4 5 6 6 7 6 6 5 7 8 7 3 5 7 5 5 5 7 7 4 7 6 4 3 2 6 6 6 6 6 6 5 3 5 3 8 2 4 6 8 6 6 7 6 7 5 6 4 5 9 7 5 9 6 4 8 10 4 8 5 4 7 7 6 7 4 5 8 8 6 5 6 6 4 9 3 3 5 4 5 8 4 4 7 4 4 5 8 4 9 4 3 5 
5 4 5 5 6 5 5 10 6 2 8 5 4 4 8 4 5 6 5 9 6 8 7 10 7 7 6 5 4 8 8 6 7 5 8 10 7 5 10 4 6 6 4 3 7 4 5 5 8 6 3 9 6 5 7 5 6 3 5 6 6 5 6 8 4 6 6 7 7 4 3 7 1 6 5 7 8 7 4 5 6 5 5 6 5 6 8 5 11 7 2 10 8 6 5 6 8 3 8 4 3 6 6 4 6 5 6 5 6 7 3 5 6 9 10 6 6 3 4 5 5 2 4 10 5 7 8 6 8 4 4 6 3 6 4 6 6 6 6 5 5 5 1 6 9 5 4 7 8 8 6 4 9 5 4 7 6 7 6 6 5 8 5 8 4 5 7 7 2 8 7 7 3 11 6 9 7 6 6 7 8 3 8 6 7 5 5 4 8 8 3 7 4 3 5 6 6 5 7 5 
8 12 9 9 9 6 7 8 8 12 6 8 8 5 3 8 8 9 11 8 3 7 10 7 9 7 4 12 9 5 6 8 8 4 8 12 6 8 8 6 9 9 6 5 7 6 6 8 6 4 6 9 11 3 3 6 12 7 4 9 8 6 5 11 10 8 9 9 10 7 6 8 11 9 8 5 8 12 1 11 9 7 6 7 10 15 8 5 3 9 9 6 5 9 4 7 7 6 3 8 8 8 7 6 8 7 3 7 8 9 6 11 8 6 6 6 3 10 4 10 6 10 8 5 10 7 9 6 8 7 6 7 7 7 7 7 8 7 10 8 9 8 8 8 6 6 3 6 5 4 12 5 9 9 5 4 5 5 10 4 3 8 9 2 8 5 12 8 8 9 9 4 6 8 9 9 7 6 4 8 6 5 4 4 4 8 9 6 5 6 4 9 4 8 8 6 4 8 6 9 
7 12 10 12 8 11 5 11 7 7 11 9 12 3 10 7 11 5 7 16 11 10 3 7 13 8 7 8 5 7 8 10 4 4 5 5 14 6 7 2 11 6 5 5 12 8 10 8 8 11 7 7 5 6 9 13 10 10 7 8 9 11 14 13 7 8 8 9 12 9 9 6 2 10 9 6 5 6 14 10 9 11 6 7 7 7 5 12 7 9 4 9 6 4 10 7 8 9 8 6 12 11 9 7 8 12 10 6 11 9 8 11 7 8 8 8 13 9 7 10 10 8 10 9 7 8 9 12 8 11 9 10 7 11 10 9 5 13 10 13 11 5 8 5 8 7 8 8 10 9 10 11 6 12 8 9 8 7 3 6 17 9 7 7 11 6 6 9 6 8 10 9 5 12 7 12 7 11 9 9 5 6 10 10 4 7 4 6 9 9 2 7 6 5 3 4 8 6 5 10 
4 8 10 8 10 11 9 10 7 7 4 13 5 10 15 13 10 9 4 5 6 7 3 10 10 8 7 8 9 12 5 6 7 4 5 9 7 12 7 10 7 10 13 4 9 11 10 2 5 7 7 8 7 7 8 8 8 7 10 9 6 5 9 8 7 7 10 13 9 9 6 8 3 9 10 8 12 11 7 11 8 8 6 7 11 10 5 5 5 9 8 15 10 6 8 4 6 8 4 10 9 6 4 8 8 8 6 5 12 8 7 6 10 10 8 11 9 9 11 11 10 9 13 6 9 10 8 11 7 7 10 7 7 8 8 8 9 11 8 6 13 8 13 9 3 9 7 8 12 8 11 11 9 6 9 7 8 6 7 1 9 4 7 6 12 6 9 10 10 7 7 10 7 12 12 9 7 5 7 12 10 5 9 5 4 5 5 6 5 10 4 9 10 4 5 11 7 10 1 7 
