NAME  : Jabali_50_4_0.80_1_1
TYPE : SVRP
MODEL : FINITE_SUPPORT
NUMBER_OF_SCENARIOS : 200
DIMENSION : 50
EDGE_WEIGHT_TYPE : MATRIX
CAPACITY : 83
N_VEHICLES : 4
NODE_COORD_SECTION
1 2808 3877
2 4589 769
3 2218 2811
4 3821 5193
5 6825 255
6 2026 3353
7 3359 3828
8 6986 861
9 7021 5880
10 1338 1956
11 3033 2156
12 4571 6335
13 7451 6221
14 7635 4215
15 5988 997
16 1483 5902
17 7363 6032
18 4168 4492
19 6807 5858
20 5741 3930
21 3935 1984
22 2838 6097
23 1436 7210
24 6741 4574
25 3387 1382
26 6476 1262
27 6138 5356
28 5452 2889
29 4693 4782
30 2394 18
31 6936 2449
32 1648 707
33 3969 2390
34 27 458
35 6963 6457
36 2117 6411
37 1743 5472
38 5118 3744
39 4696 1698
40 6496 1470
41 3865 6892
42 3729 1524
43 4697 1301
44 4825 2001
45 7334 1313
46 2060 4240
47 940 5176
48 2967 6719
49 1341 7017
50 5136 5790
DEMAND_SECTION
1 0.0
2 4.0
3 7.0
4 4.0
5 5.0
6 9.0
7 4.0
8 4.0
9 3.0
10 1.0
11 5.0
12 5.0
13 3.0
14 7.0
15 10.0
16 10.0
17 4.0
18 10.0
19 8.0
20 1.0
21 3.0
22 3.0
23 6.0
24 6.0
25 6.0
26 5.0
27 6.0
28 5.0
29 1.0
30 1.0
31 3.0
32 9.0
33 1.0
34 8.0
35 9.0
36 8.0
37 1.0
38 8.0
39 2.0
40 7.0
41 7.0
42 6.0
43 10.0
44 7.0
45 6.0
46 9.0
47 6.0
48 2.0
49 3.0
50 10.0
DEVIATION_SECTION
1 0.0
2 1.33333
3 2.33333
4 1.33333
5 1.66667
6 3.0
7 1.33333
8 1.33333
9 1.0
10 0.333333
11 1.66667
12 1.66667
13 1.0
14 2.33333
15 3.33333
16 3.33333
17 1.33333
18 3.33333
19 2.66667
20 0.333333
21 1.0
22 1.0
23 2.0
24 2.0
25 2.0
26 1.66667
27 2.0
28 1.66667
29 0.333333
30 0.333333
31 1.0
32 3.0
33 0.333333
34 2.66667
35 3.0
36 2.66667
37 0.333333
38 2.66667
39 0.666667
40 2.33333
41 2.33333
42 2.0
43 3.33333
44 2.33333
45 2.0
46 3.0
47 2.0
48 0.666667
49 1.0
50 3.33333
DISTANCE_MATRIX
0.0 47.0106 16.6433 21.4709 71.9487 13.0384 8.0 69.4273 61.4854 33.4718 23.0868 39.8246 64.9297 65.399 57.0603 33.6056 63.9949 19.1421 59.3487 40.3909 28.6531 31.2715 50.1351 55.2806 33.7343 61.2993 51.0375 45.0507 26.7912 52.469 66.4365 46.2385 25.0149 61.1139 68.2934 37.4434 27.2064 33.8652 37.7229 60.9074 42.9535 32.8938 41.6173 37.8255 71.935 11.1803 31.3847 39.1152 48.3828 38.8973 
47.0106 0.0 41.8688 61.3922 31.4006 48.0833 44.1088 32.1403 76.6942 46.4866 27.6586 76.1052 83.5703 60.6053 19.4165 80.1561 81.7068 51.6236 75.0267 44.643 18.3576 77.0941 96.7789 58.1808 17.8885 26.2488 65.1157 29.6142 55.0091 31.9531 37.6431 40.05 22.4722 62.2896 78.7147 84.0872 73.7835 41.1947 12.0416 26.9258 84.1724 15.6205 7.07107 16.0312 37.108 56.6127 75.8222 84.4113 95.0266 69.1158 
16.6433 41.8688 0.0 38.0789 70.6612 7.28011 22.0227 68.3777 77.9537 16.9706 14.2127 56.4358 81.398 74.3569 55.9464 41.7612 80.4632 35.6105 75.817 49.0294 25.4951 45.2769 59.203 64.5599 24.8395 60.2498 67.5059 46.846 43.2596 38.0526 65.2156 30.0832 24.7386 44.5982 84.7776 48.2597 35.9026 41.0294 36.2491 59.8578 58.8492 26.2488 38.5876 36.7759 70.8854 19.0263 35.4142 53.3385 57.28 55.3693 
21.4709 61.3922 38.0789 0.0 78.492 33.4215 19.105 72.6223 43.4818 54.7785 42.7551 18.3576 46.6154 54.8597 64.4981 32.7648 45.8803 10.2956 41.3451 30.2324 44.1814 18.4391 42.4382 44.7413 52.0865 64.405 33.0339 36.3593 13.0 73.0068 55.3173 67.624 39.3192 82.4206 50.2897 28.3019 29.6309 25.4951 50.0377 62.8013 23.0217 50.01 54.8179 50.0377 70.7248 29.0167 40.7648 23.8537 41.3401 19.2354 
71.9487 31.4006 70.6612 78.492 0.0 75.8024 68.8862 8.06226 76.0263 77.6209 56.8595 88.2383 83.006 53.3385 15.0 105.36 81.0062 68.2422 75.1066 51.6236 45.1774 96.426 119.761 58.4209 48.7647 14.3178 69.6348 42.2019 68.0 61.2944 29.0689 71.0634 46.9895 93.0054 75.1665 105.56 98.9605 53.3385 34.4819 16.1555 98.8383 45.5412 32.311 36.6197 14.8661 82.3303 102.378 102.343 118.585 78.7722 
13.0384 48.0833 7.28011 33.4215 75.8024 0.0 20.2485 73.284 74.3618 21.9371 20.6155 51.7027 77.806 77.4929 60.9171 34.4819 76.8713 32.0185 72.2251 52.1653 30.8058 38.6394 51.923 68.157 31.6228 65.1561 63.9139 49.982 39.6676 45.1774 71.3678 36.4966 29.0689 49.5792 81.1698 41.1096 28.6356 44.1653 41.3401 64.7641 53.8028 32.5576 44.2041 41.6822 75.7917 12.0416 28.2097 46.6905 50.0 51.6624 
8.0 44.1088 22.0227 19.105 68.8862 20.2485 0.0 75.9932 57.5413 38.9487 23.7697 36.7687 60.9856 61.4549 53.9978 41.1803 60.0508 15.198 55.4046 36.4468 25.8468 33.2415 56.0341 51.3365 33.0151 67.6341 47.0934 39.3995 22.8471 54.1202 60.128 49.7393 21.9524 66.468 64.3493 41.8327 34.7812 29.9211 34.6604 66.1195 42.0119 31.1448 38.5552 34.763 74.7349 18.7961 38.9652 40.5216 55.9576 34.9569 
69.4273 32.1403 68.3777 72.6223 8.06226 73.284 75.9932 0.0 68.0661 76.9415 55.0818 81.3941 75.0267 45.2769 13.0384 102.838 73.0274 62.482 67.1863 44.7214 43.0116 90.7855 114.174 50.636 48.2597 8.60233 62.0967 36.7696 61.5873 63.561 21.2132 72.1734 44.468 94.4299 67.1193 99.9728 96.439 47.2017 32.28 9.89949 92.2822 44.5533 31.257 33.6155 7.2111 79.8089 99.8566 96.4002 112.998 71.7592 
61.4854 76.6942 77.9537 43.4818 76.0263 74.3618 57.5413 68.0661 0.0 95.6907 74.1866 33.3766 7.07107 24.3516 67.7422 73.1095 5.09902 43.2973 2.23607 32.7567 69.4723 56.0089 78.0897 18.6815 79.7025 63.1269 15.2643 47.8853 35.3838 103.157 47.0 101.563 64.4908 121.525 7.07107 66.1211 70.0113 40.8715 65.307 61.131 44.643 76.1656 69.857 61.7171 62.3939 70.2234 81.1453 55.7315 77.7817 25.0799 
33.4718 46.4866 16.9706 54.7785 77.6209 21.9371 38.9487 76.9415 95.6907 0.0 23.1948 73.1089 98.2954 87.9763 63.9531 52.0 97.3606 52.5079 93.8356 63.2709 35.0143 60.4377 69.1158 78.8014 28.8617 69.3542 87.6214 60.4654 60.157 29.5296 74.6871 17.4642 36.4966 27.6586 99.0191 60.407 47.1699 55.2709 45.0999 69.1809 75.252 32.3883 45.7056 46.2474 80.2247 33.7544 42.4264 67.7032 67.1193 72.2667 
23.0868 27.6586 14.2127 42.7551 56.8595 20.6155 23.7697 55.0818 74.1866 23.1948 0.0 60.5265 80.1879 67.3275 42.3792 54.1295 79.0372 36.5569 72.3315 42.0 12.1655 54.3535 71.3092 57.5305 11.1803 47.0744 66.2958 37.5331 42.5047 30.3645 52.0533 27.5862 13.3417 47.5079 78.0309 59.203 47.927 34.0 22.8035 46.6955 65.3758 12.0416 24.5967 23.6136 57.7231 30.4631 48.6522 62.2013 69.4622 57.3516 
39.8246 76.1052 56.4358 18.3576 88.2383 51.7027 36.7687 81.3941 33.3766 73.1089 60.5265 0.0 34.0588 50.0293 75.5844 41.0 34.0 25.318 31.5753 36.6742 60.208 23.3452 44.7214 37.3894 69.0507 73.9256 24.6192 48.0521 21.2132 90.8591 61.8478 85.9069 55.1453 100.751 40.4475 33.0151 38.6264 35.9026 64.365 72.0902 12.2066 66.4831 69.2 60.2327 78.1161 47.2768 49.7697 22.3607 44.4072 10.6301 
64.9297 83.5703 81.398 46.6154 83.006 77.806 60.9856 75.0267 7.07107 98.2954 80.1879 34.0588 0.0 30.8058 74.8131 74.8131 2.0 46.7416 8.544 39.3573 76.1007 57.3149 78.2304 25.7099 86.331 70.1783 20.5183 54.5619 38.8281 109.785 54.0093 107.895 71.1193 127.348 10.0 67.0671 71.9362 47.5 72.0902 68.1836 44.2832 82.7941 76.6942 68.4471 69.2604 73.6638 83.0701 56.0357 78.1025 27.5136 
65.399 60.6053 74.3569 54.8597 53.3385 77.4929 61.4549 45.2769 24.3516 87.9763 67.3275 50.0293 30.8058 0.0 47.5395 87.608 28.8617 46.467 24.1661 25.4951 59.4689 71.4405 94.3045 13.9284 67.3374 41.7612 25.807 36.3593 42.1355 89.3006 25.2982 93.3307 60.8795 114.354 22.0227 81.7286 84.474 33.7343 50.9117 39.8497 62.1279 62.8985 54.5619 48.1664 39.0128 74.137 94.3061 72.0454 93.8269 40.2964 
57.0603 19.4165 55.9464 64.4981 15.0 60.9171 53.9978 13.0384 67.7422 63.9531 42.3792 75.5844 74.8131 47.5395 0.0 90.4712 72.8354 54.2033 66.4831 39.6232 30.4631 82.3653 105.752 49.2544 35.2278 7.2111 59.0762 28.178 54.7814 51.2445 22.3607 59.3043 32.1011 81.6149 68.1542 91.5505 84.0721 39.9249 19.6977 8.48528 85.6154 31.5753 18.2483 21.6333 17.72 67.4419 87.4897 88.345 104.576 66.7083 
33.6056 80.1561 41.7612 32.7648 105.36 34.4819 41.1803 102.838 73.1095 52.0 54.1295 41.0 74.8131 87.608 90.4712 0.0 74.5453 42.0832 71.0634 62.9444 61.8547 17.72 17.4642 75.6139 65.307 94.7102 62.8438 78.4616 45.7308 79.2687 87.814 69.1158 58.4258 75.1864 80.0562 10.6301 6.40312 57.6989 71.1338 94.3183 34.0 65.3682 75.0 71.2364 105.346 23.7065 11.6619 22.2036 15.5242 48.0416 
63.9949 81.7068 80.4632 45.8803 81.0062 76.8713 60.0508 73.0274 5.09902 97.3606 79.0372 34.0 2.0 28.8617 72.8354 74.5453 0.0 45.8068 6.7082 37.5899 74.3229 57.1402 78.4092 23.7697 84.5532 68.1836 19.105 52.7731 37.8933 108.007 52.0096 106.923 69.3415 126.376 8.48528 67.0075 71.5847 45.7222 70.2638 66.1891 44.5533 81.0163 74.8465 66.6408 67.2681 72.7329 82.7186 56.1427 78.2304 26.9258 
19.1421 51.6236 35.6105 10.2956 68.2422 32.0185 15.198 62.482 43.2973 52.5079 36.5569 25.318 46.7416 46.467 54.2033 42.0832 45.8068 0.0 41.1606 21.5407 35.0143 28.3196 51.8861 36.3486 43.7379 54.2033 32.8495 26.0768 8.06226 66.1446 45.8039 64.4811 30.0 80.1665 50.1053 37.6847 38.9493 15.6205 40.0911 52.6308 32.5576 41.1947 44.911 40.0911 60.8276 27.8801 48.0492 34.1321 50.7102 21.6333 
59.3487 75.0267 75.817 41.3451 75.1066 72.2251 55.4046 67.1863 2.23607 93.8356 72.3315 31.5753 8.544 24.1661 66.4831 71.0634 6.7082 41.1606 0.0 30.8869 67.6172 54.037 76.2955 17.2627 77.8475 62.0322 13.0384 46.0652 33.2471 101.302 46.0435 99.708 62.6358 119.67 9.0 64.195 67.9509 39.0165 63.561 60.0333 43.0116 74.3106 68.1542 59.9333 61.6604 68.0867 79.0848 53.9351 75.9539 23.0217 
40.3909 44.643 49.0294 30.2324 51.6236 52.1653 36.4468 44.7214 32.7567 63.2709 42.0 36.6742 39.3573 25.4951 39.6232 62.9444 37.5899 21.5407 30.8869 0.0 36.7697 48.6004 72.6705 15.6205 47.0 37.3363 20.6496 15.2315 17.6918 70.4543 25.4951 69.5685 31.7883 89.0263 36.1248 58.5235 59.8105 8.24621 32.8938 35.4683 47.7074 44.0338 37.6431 29.1548 41.6173 49.1289 69.298 53.0377 71.5612 27.2029 
28.6531 18.3576 25.4951 44.1814 45.1774 30.8058 25.8468 43.0116 69.4723 35.0143 12.1655 60.208 76.1007 59.4689 30.4631 61.8547 74.3229 35.0143 67.6172 36.7697 0.0 58.8322 78.4357 55.0126 10.6301 34.9285 62.2962 25.375 39.8121 34.2053 39.8953 35.8469 5.09902 57.3847 75.7928 65.744 55.4707 28.7697 10.7703 34.5375 67.1863 6.7082 13.4536 11.4556 45.5651 38.4187 57.9828 66.2758 76.6833 54.5711 
31.2715 77.0941 45.2769 18.4391 96.426 38.6394 33.2415 90.7855 56.0089 60.4377 54.3535 23.3452 57.3149 71.4405 82.3653 17.72 57.1402 28.3196 54.037 48.6004 58.8322 0.0 24.1868 58.8006 64.9384 82.4621 46.0305 54.2332 31.0644 83.0542 73.7564 75.1332 54.9377 85.4927 63.0317 10.4403 16.4012 43.8406 66.6923 80.9197 17.0294 63.7887 71.4124 66.6923 89.0955 26.6833 27.4591 8.06226 23.2594 31.1448 
50.1351 96.7789 59.203 42.4382 119.761 51.923 56.0341 114.174 78.0897 69.1158 71.3092 44.7214 78.2304 94.3045 105.752 17.4642 78.4092 51.8861 76.2955 72.6705 78.4357 24.1868 0.0 81.6645 82.4621 105.803 68.8944 77.5682 55.2268 96.7315 97.6166 86.3713 74.9553 91.0824 85.1587 14.2127 23.4094 67.5017 87.6634 104.288 34.0147 82.2922 91.5296 87.7659 112.703 40.8534 27.074 22.3607 2.0 54.1202 
55.2806 58.1808 64.5599 44.7413 58.4209 68.157 51.3365 50.636 18.6815 78.8014 57.5305 37.3894 25.7099 13.9284 49.2544 75.6139 23.7697 36.3486 17.2627 15.6205 55.0126 58.8006 81.6645 0.0 62.881 45.0111 12.8062 30.0 32.0172 84.8443 29.4279 85.099 47.3188 104.557 20.8087 69.0887 72.48 23.6995 47.0106 43.0116 49.488 58.4421 51.4296 43.566 45.607 64.0186 83.6139 59.4055 81.187 27.6565 
33.7343 17.8885 24.8395 52.0865 48.7647 31.6228 33.0151 48.2597 79.7025 28.8617 11.1803 69.0507 86.331 67.3374 35.2278 65.307 84.5532 43.7379 77.8475 47.0 10.6301 64.9384 82.4621 62.881 0.0 41.0 72.5265 33.2435 49.3356 23.6008 47.7598 26.0 15.2643 48.0833 83.0309 70.214 59.0931 39.0 17.4642 41.0488 75.0267 4.47214 17.0294 19.3241 52.0096 41.6293 59.7494 72.6911 80.6226 64.195 
61.2993 26.2488 60.2498 64.405 14.3178 65.1561 67.6341 8.60233 63.1269 69.3542 47.0744 73.9256 70.1783 41.7612 7.2111 94.7102 68.1836 54.2033 62.0322 37.3363 34.9285 82.4621 105.803 45.0111 41.0 0.0 55.7315 28.3196 53.7122 58.1893 16.4924 65.7647 36.3401 88.1192 62.9682 91.6014 88.3111 39.1152 24.3311 2.0 84.534 37.054 24.0208 25.2982 11.0454 71.6809 91.7287 88.2326 104.627 64.5136 
51.0375 65.1157 67.5059 33.0339 69.6348 63.9139 47.0934 62.0967 15.2643 87.6214 66.2958 24.6192 20.5183 25.807 59.0762 62.8438 19.105 32.8495 13.0384 20.6496 62.2962 46.0305 68.8944 12.8062 72.5265 55.7315 0.0 35.7883 24.9359 95.9808 41.1096 94.0031 57.3148 113.456 21.1896 56.3186 59.7098 34.2915 53.4114 53.7587 36.7178 68.9896 58.1327 49.6985 57.5847 59.7755 70.8438 46.6354 68.4169 14.8863 
45.0507 29.6142 46.846 36.3593 42.2019 49.982 39.3995 36.7696 47.8853 60.4654 37.5331 48.0521 54.5619 36.3593 28.178 78.4616 52.7731 26.0768 46.0652 15.2315 25.375 54.2332 77.5682 30.0 33.2435 28.3196 35.7883 0.0 26.9258 55.2067 23.5372 59.2368 26.7856 81.3015 50.8035 63.3668 72.0624 12.1655 17.72 26.8701 57.5847 28.8046 22.561 13.9284 36.0555 55.4323 76.2465 60.208 76.3924 40.05 
26.7912 55.0091 43.2596 13.0 68.0 39.6676 22.8471 61.5873 35.3838 60.157 42.5047 21.2132 38.8281 42.1355 54.7814 45.7308 37.8933 8.06226 33.2471 17.6918 39.8121 31.0644 55.2268 32.0172 49.3356 53.7122 24.9359 26.9258 0.0 72.0902 43.1393 70.0863 34.7131 87.8156 42.1918 41.1825 42.5969 14.8661 43.0486 51.9711 30.8707 46.3249 48.0455 39.0521 59.0339 35.5292 53.7308 35.3553 54.2033 14.8661 
52.469 31.9531 38.0526 73.0068 61.2944 45.1774 54.1202 63.561 103.157 29.5296 30.3645 90.8591 109.785 89.3006 51.2445 79.2687 108.007 66.1446 101.302 70.4543 34.2053 83.0542 96.7315 84.8443 23.6008 58.1893 95.9808 55.2067 72.0902 0.0 68.6003 13.4536 38.833 32.3883 105.625 86.2844 73.6817 62.4543 38.6005 58.8727 95.352 27.6586 35.8469 41.2873 68.9638 57.0789 70.8802 91.0879 94.7827 86.9394 
66.4365 37.6431 65.2156 55.3173 29.0689 71.3678 60.128 21.2132 47.0 74.6871 52.0533 61.8478 54.0093 25.2982 22.3607 87.814 52.0096 45.8039 46.0435 25.4951 39.8953 73.7564 97.6166 29.4279 47.7598 16.4924 41.1096 23.5372 43.1393 68.6003 0.0 73.736 41.3059 95.8175 46.5296 83.4086 93.4482 30.2324 30.4631 14.5602 73.0467 43.3244 32.7567 29.1204 16.5529 77.4632 97.6323 78.492 96.4411 52.1832 
46.2385 40.05 30.0832 67.624 71.0634 36.4966 49.7393 72.1734 101.563 17.4642 27.5862 85.9069 107.895 93.3307 59.3043 69.1158 106.923 64.4811 99.708 69.5685 35.8469 75.1332 86.3713 85.099 26.0 65.7647 94.0031 59.2368 70.0863 13.4536 73.736 0.0 39.4081 22.3607 105.599 77.0591 64.0 61.5685 43.3244 66.0984 88.8876 30.4631 41.9762 45.3174 76.7919 48.5077 59.8415 83.1865 84.3801 84.2399 
25.0149 22.4722 24.7386 39.3192 46.9895 29.0689 21.9524 44.468 64.4908 36.4966 13.3417 55.1453 71.1193 60.8795 32.1011 58.4258 69.3415 30.0 62.6358 31.7883 5.09902 54.9377 74.9553 47.3188 15.2643 36.3401 57.3148 26.7856 34.7131 38.833 41.3059 39.4081 0.0 60.3738 67.8192 62.2636 52.0266 23.7883 12.7279 35.9481 62.2896 11.7047 16.6433 12.8662 46.9757 35.3553 55.3173 62.3813 73.203 49.4773 
61.1139 62.2896 44.5982 82.4206 93.0054 49.5792 66.468 94.4299 121.525 27.6586 47.5079 100.751 127.348 114.354 81.6149 75.1864 126.376 80.1665 119.67 89.0263 57.3847 85.4927 91.0824 104.557 48.0833 88.1192 113.456 81.3015 87.8156 32.3883 95.8175 22.3607 60.3738 0.0 124.854 84.7703 71.4703 81.1056 65.521 88.459 101.456 52.4976 64.3273 67.3821 99.1413 61.3609 64.1327 93.2309 89.1067 99.9253 
68.2934 78.7147 84.7776 50.2897 75.1665 81.1698 64.3493 67.1193 7.07107 99.0191 78.0309 40.4475 10.0 22.0227 68.1542 80.0562 8.48528 50.1053 9.0 36.1248 75.7928 63.0317 85.1587 20.8087 83.0309 62.9682 21.1896 50.8035 42.1918 105.625 46.5296 105.599 67.8192 124.854 0.0 73.171 76.9386 44.1999 67.7422 61.0 51.6624 79.2224 72.0694 64.3506 61.0 77.0314 88.0725 62.8013 84.8528 32.0156 
37.4434 84.0872 48.2597 28.3019 105.56 41.1096 41.8327 99.9728 66.1211 60.407 59.203 33.0151 67.0671 81.7286 91.5505 10.6301 67.0075 37.6847 64.195 58.5235 65.744 10.4403 14.2127 69.0887 70.214 91.6014 56.3186 63.3668 41.1825 86.2844 83.4086 77.0591 62.2636 84.7703 73.171 0.0 13.3417 53.3003 75.6704 90.0868 24.3516 69.6847 80.0741 75.6704 98.5014 29.2746 22.2036 12.083 13.0384 41.4367 
27.2064 73.7835 35.9026 29.6309 98.9605 28.6356 34.7812 96.439 70.0113 47.1699 47.927 38.6264 71.9362 84.474 84.0721 6.40312 71.5847 38.9493 67.9509 59.8105 55.4707 16.4012 23.4094 72.48 59.0931 88.3111 59.7098 72.0624 42.5969 73.6817 93.4482 64.0 52.0266 71.4703 76.9386 13.3417 0.0 54.5649 64.7347 87.9191 33.4215 59.0593 68.6008 64.8372 98.9467 17.4642 11.1803 22.8035 21.5407 44.9327 
33.8652 41.1947 41.0294 25.4951 53.3385 44.1653 29.9211 47.2017 40.8715 55.2709 34.0 35.9026 47.5 33.7343 39.9249 57.6989 45.7222 15.6205 39.0165 8.24621 28.7697 43.8406 67.5017 23.6995 39.0 39.1152 34.2915 12.1655 14.8661 62.4543 30.2324 61.5685 23.7883 81.1056 44.1999 53.3003 54.5649 0.0 29.1548 37.4433 45.6946 35.4631 34.1321 25.1794 45.2548 42.6032 62.7723 49.2037 66.3259 28.0 
37.7229 12.0416 36.2491 50.0377 34.4819 41.3401 34.6604 32.28 65.307 45.0999 22.8035 64.365 72.0902 50.9117 19.6977 71.1338 70.2638 40.0911 63.561 32.8938 10.7703 66.6923 87.6634 47.0106 17.4642 24.3311 53.4114 17.72 43.0486 38.6005 30.4631 43.3244 12.7279 65.521 67.7422 75.6704 64.7347 29.1548 0.0 24.0832 72.642 13.1529 5.0 4.0 35.1283 48.0833 68.0147 73.2339 85.911 57.0789 
60.9074 26.9258 59.8578 62.8013 16.1555 64.7641 66.1195 9.89949 61.131 69.1809 46.6955 72.0902 68.1836 39.8497 8.48528 94.3183 66.1891 52.6308 60.0333 35.4683 34.5375 80.9197 104.288 43.0116 41.0488 2.0 53.7587 26.8701 51.9711 58.8727 14.5602 66.0984 35.9481 88.459 61.0 90.0868 87.9191 37.4433 24.0832 0.0 82.7647 37.0 24.1868 24.7386 11.0454 71.289 91.3368 86.6083 103.112 62.6259 
42.9535 84.1724 58.8492 23.0217 98.8383 53.8028 42.0119 92.2822 44.643 75.252 65.3758 12.2066 44.2832 62.1279 85.6154 34.0 44.5533 32.5576 43.0116 47.7074 67.1863 17.0294 34.0147 49.488 75.0267 84.534 36.7178 57.5847 30.8707 95.352 73.0467 88.8876 62.2896 101.456 51.6624 24.3516 33.4215 45.6946 72.642 82.7647 0.0 73.0278 77.4661 72.642 89.3085 42.1359 44.4072 12.3693 34.0147 22.8035 
32.8938 15.6205 26.2488 50.01 45.5412 32.5576 31.1448 44.5533 76.1656 32.3883 12.0416 66.4831 82.7941 62.8985 31.5753 65.3682 81.0163 41.1947 74.3106 44.0338 6.7082 63.7887 82.2922 58.4421 4.47214 37.054 68.9896 28.8046 46.3249 27.6586 43.3244 30.4631 11.7047 52.4976 79.2224 69.6847 59.0593 35.4631 13.1529 37.0 73.0278 0.0 13.3417 14.8852 48.0104 41.6773 60.4401 71.3863 80.4984 61.131 
41.6173 7.07107 38.5876 54.8179 32.311 44.2041 38.5552 31.257 69.857 45.7056 24.5967 69.2 76.6942 54.5619 18.2483 75.0 74.8465 44.911 68.1542 37.6431 13.4536 71.4124 91.5296 51.4296 17.0294 24.0208 58.1327 22.561 48.0455 35.8469 32.7567 41.9762 16.6433 64.3273 72.0694 80.0741 68.6008 34.1321 5.0 24.1868 77.4661 13.3417 0.0 9.0 35.0571 51.7397 71.4213 77.9541 89.7772 62.0725 
37.8255 16.0312 36.7759 50.0377 36.6197 41.6822 34.763 33.6155 61.7171 46.2474 23.6136 60.2327 68.4471 48.1664 21.6333 71.2364 66.6408 40.0911 59.9333 29.1548 11.4556 66.6923 87.7659 43.566 19.3241 25.2982 49.6985 13.9284 39.0521 41.2873 29.1204 45.3174 12.8662 67.3821 64.3506 75.6704 64.8372 25.1794 4.0 24.7386 72.642 14.8852 9.0 0.0 35.6931 48.2071 68.2549 73.2339 86.0136 53.0848 
71.935 37.108 70.8854 70.7248 14.8661 75.7917 74.7349 7.2111 62.3939 80.2247 57.7231 78.1161 69.2604 39.0128 17.72 105.346 67.2681 60.8276 61.6604 41.6173 45.5651 89.0955 112.703 45.607 52.0096 11.0454 57.5847 36.0555 59.0339 68.9638 16.5529 76.7919 46.9757 99.1413 61.0 98.5014 98.9467 45.2548 35.1283 11.0454 89.3085 48.0104 35.0571 35.6931 0.0 82.3166 103.131 94.2603 111.527 68.4514 
11.1803 56.6127 19.0263 29.0167 82.3303 12.0416 18.7961 79.8089 70.2234 33.7544 30.4631 47.2768 73.6638 74.137 67.4419 23.7065 72.7329 27.8801 68.0867 49.1289 38.4187 26.6833 40.8534 64.0186 41.6293 71.6809 59.7755 55.4323 35.5292 57.0789 77.4632 48.5077 35.3553 61.3609 77.0314 29.2746 17.4642 42.6032 48.0833 71.289 42.1359 41.6773 51.7397 48.2071 82.3166 0.0 20.2485 34.7131 39.0 47.3146 
31.3847 75.8222 35.4142 40.7648 102.378 28.2097 38.9652 99.8566 81.1453 42.4264 48.6522 49.7697 83.0701 94.3061 87.4897 11.6619 82.7186 48.0492 79.0848 69.298 57.9828 27.4591 27.074 83.6139 59.7494 91.7287 70.8438 76.2465 53.7308 70.8802 97.6323 59.8415 55.3173 64.1327 88.0725 22.2036 11.1803 62.7723 68.0147 91.3368 44.4072 60.4401 71.4213 68.2549 103.131 20.2485 0.0 33.2415 25.0799 56.0666 
39.1152 84.4113 53.3385 23.8537 102.343 46.6905 40.5216 96.4002 55.7315 67.7032 62.2013 22.3607 56.0357 72.0454 88.345 22.2036 56.1427 34.1321 53.9351 53.0377 66.2758 8.06226 22.3607 59.4055 72.6911 88.2326 46.6354 60.208 35.3553 91.0879 78.492 83.1865 62.3813 93.2309 62.8013 12.083 22.8035 49.2037 73.2339 86.6083 12.3693 71.3863 77.9541 73.2339 94.2603 34.7131 33.2415 0.0 22.0907 31.9531 
48.3828 95.0266 57.28 41.3401 118.585 50.0 55.9576 112.998 77.7817 67.1193 69.4622 44.4072 78.1025 93.8269 104.576 15.5242 78.2304 50.7102 75.9539 71.5612 76.6833 23.2594 2.0 81.187 80.6226 104.627 68.4169 76.3924 54.2033 94.7827 96.4411 84.3801 73.203 89.1067 84.8528 13.0384 21.5407 66.3259 85.911 103.112 34.0147 80.4984 89.7772 86.0136 111.527 39.0 25.0799 22.0907 0.0 53.6004 
38.8973 69.1158 55.3693 19.2354 78.7722 51.6624 34.9569 71.7592 25.0799 72.2667 57.3516 10.6301 27.5136 40.2964 66.7083 48.0416 26.9258 21.6333 23.0217 27.2029 54.5711 31.1448 54.1202 27.6565 64.195 64.5136 14.8863 40.05 14.8661 86.9394 52.1832 84.2399 49.4773 99.9253 32.0156 41.4367 44.9327 28.0 57.0789 62.6259 22.8035 61.131 62.0725 53.0848 68.4514 47.3146 56.0666 31.9531 53.6004 0.0 
DEMAND_SCENARIO_SECTION
0 0 0 0 0 0 0 0 0 0 0 0 0 0 0 0 0 0 0 0 0 0 0 0 0 0 0 0 0 0 0 0 0 0 0 0 0 0 0 0 0 0 0 0 0 0 0 0 0 0 0 0 0 0 0 0 0 0 0 0 0 0 0 0 0 0 0 0 0 0 0 0 0 0 0 0 0 0 0 0 0 0 0 0 0 0 0 0 0 0 0 0 0 0 0 0 0 0 0 0 0 0 0 0 0 0 0 0 0 0 0 0 0 0 0 0 0 0 0 0 0 0 0 0 0 0 0 0 0 0 0 0 0 0 0 0 0 0 0 0 0 0 0 0 0 0 0 0 0 0 0 0 0 0 0 0 0 0 0 0 0 0 0 0 0 0 0 0 0 0 0 0 0 0 0 0 0 0 0 0 0 0 0 0 0 0 0 0 0 0 0 0 0 0 0 0 0 0 0 0 
5 4 4 1 3 6 2 4 4 4 6 3 6 4 4 3 5 4 4 3 4 6 3 3 5 4 3 4 3 3 2 4 4 5 3 3 2 4 6 4 5 1 6 3 4 1 4 4 2 8 5 4 3 3 3 2 4 8 5 3 4 4 3 3 4 5 3 5 5 6 3 3 5 3 5 4 5 4 4 1 3 5 6 4 3 3 4 3 3 3 3 5 5 7 0 1 3 2 3 5 3 2 4 4 3 0 4 2 4 2 3 3 3 5 2 2 4 2 3 4 7 4 4 4 6 6 3 3 2 3 5 2 4 4 4 3 4 6 5 5 5 6 5 7 3 3 6 5 4 2 6 5 1 4 4 5 5 4 4 2 4 3 6 7 4 5 6 5 6 3 3 5 4 2 3 2 3 4 6 6 5 6 4 5 4 6 5 2 1 4 3 2 5 5 5 1 5 4 3 6 
6 6 8 9 9 4 4 7 6 4 8 7 9 7 5 3 5 9 4 9 5 8 9 10 9 4 5 8 8 5 6 6 8 8 7 8 3 7 8 4 9 5 11 8 9 8 4 6 9 10 6 7 6 11 6 8 7 5 9 12 2 9 8 7 11 13 11 8 9 7 10 4 7 9 6 10 5 9 6 6 12 5 9 8 3 5 7 8 10 8 7 9 11 5 1 6 10 7 5 5 6 2 8 6 12 4 3 7 4 4 1 5 5 5 6 5 7 4 9 9 9 6 8 12 6 8 10 5 9 7 8 9 9 3 10 4 4 8 8 12 6 6 5 4 10 6 9 6 8 5 5 6 7 4 8 6 5 4 9 9 7 5 6 6 5 6 7 7 8 5 10 8 12 10 8 6 7 10 7 7 4 8 10 12 3 7 4 6 6 8 6 11 8 6 7 6 5 6 3 7 
4 4 2 4 5 4 3 6 4 4 3 2 3 4 4 6 5 3 4 4 5 3 5 4 3 4 5 5 4 2 4 4 3 3 4 3 2 6 1 3 5 5 3 4 4 4 4 5 3 4 5 4 4 5 3 5 6 5 3 6 5 6 3 4 1 3 6 3 3 5 4 4 7 5 5 6 2 4 4 5 5 3 5 3 4 3 4 5 3 4 3 2 5 3 5 4 5 1 3 2 4 3 5 4 6 4 4 5 5 2 5 5 3 4 1 5 5 3 3 5 2 1 6 2 3 4 5 5 3 5 4 5 4 2 4 4 4 5 3 5 4 4 2 4 5 1 7 7 4 1 3 3 4 5 5 6 5 4 6 4 4 5 4 4 6 3 3 5 1 5 5 5 2 6 5 4 8 4 4 5 4 6 3 3 1 4 4 3 5 2 1 4 4 5 3 2 2 4 4 5 
6 3 7 5 5 6 6 5 4 6 5 4 8 4 3 6 4 3 4 7 2 5 5 6 5 4 4 6 5 2 6 6 4 4 7 6 5 7 6 5 5 7 6 4 4 6 7 7 3 4 6 1 5 7 5 6 5 5 5 6 4 3 4 6 3 2 6 5 6 7 7 8 4 7 9 5 5 4 3 6 3 8 4 6 7 4 4 6 6 3 5 5 4 6 7 4 5 1 6 6 4 4 4 4 6 3 5 3 6 3 4 5 3 7 6 3 5 3 6 2 5 3 4 3 3 3 7 5 6 4 5 6 6 8 5 0 4 4 6 4 4 7 3 3 5 5 6 3 5 6 7 8 5 6 3 3 4 3 3 4 7 5 6 6 6 3 3 3 6 5 3 5 6 4 4 6 5 6 4 6 6 6 5 4 6 3 5 5 5 8 6 5 5 5 4 6 8 6 4 5 
7 9 9 11 6 14 13 7 13 12 12 3 9 9 14 8 6 11 8 10 3 11 13 10 11 6 13 7 7 9 4 8 4 6 9 12 4 10 14 9 3 9 13 7 6 10 6 11 6 8 12 12 11 8 7 4 13 8 10 15 11 8 11 11 13 11 7 7 11 8 15 15 8 9 10 8 12 9 12 8 14 13 8 11 12 10 7 8 8 9 11 7 11 5 13 7 10 12 14 10 13 10 7 10 9 12 10 10 5 12 3 10 12 7 4 8 8 9 6 12 6 11 12 14 9 9 9 6 13 10 13 10 13 13 11 5 6 6 6 12 8 10 6 8 7 9 12 3 5 11 8 4 12 11 6 10 10 5 14 13 12 8 7 4 10 10 7 7 10 8 10 5 11 12 13 12 14 6 9 9 7 7 9 9 9 7 9 5 14 4 7 7 7 8 8 10 9 7 9 9 
2 2 6 6 3 2 6 5 6 2 5 3 4 5 3 4 4 4 3 4 4 5 4 4 4 5 3 5 4 6 4 2 3 3 4 6 4 5 8 3 4 5 5 5 4 1 4 7 3 4 2 5 4 4 3 4 4 5 4 5 6 5 4 5 4 4 2 5 3 4 3 4 4 5 4 4 6 3 4 5 5 3 5 2 4 4 4 4 3 7 4 6 3 6 7 5 3 3 6 3 2 3 5 5 4 4 5 5 4 4 3 2 4 5 4 4 5 3 5 6 7 4 4 3 1 6 5 4 4 4 6 4 6 5 6 4 4 5 0 4 5 5 4 5 7 2 1 4 3 3 4 4 5 4 6 5 2 7 4 3 2 2 4 4 8 5 5 1 4 6 4 4 5 4 3 4 4 4 6 3 5 4 4 3 5 2 2 4 4 5 4 3 3 3 6 6 5 5 5 2 
6 7 4 3 2 6 2 4 3 3 3 2 6 2 6 3 3 5 4 4 6 3 6 2 3 4 4 4 6 4 5 6 3 3 5 3 3 7 4 3 5 5 5 4 5 4 4 4 4 6 3 4 2 6 6 3 3 4 6 6 1 3 3 1 3 4 4 4 3 2 3 4 3 6 5 5 7 5 4 4 2 3 2 3 5 3 1 5 7 3 1 3 2 3 3 2 5 4 6 4 3 3 5 4 4 4 6 5 6 2 2 7 4 2 5 4 4 4 5 3 5 4 5 4 4 4 4 5 5 6 3 7 3 4 3 5 4 5 4 2 5 6 2 3 4 4 6 5 2 5 6 4 2 4 5 2 4 6 3 5 7 4 3 4 3 3 5 6 5 0 5 3 3 6 5 6 3 3 3 5 5 8 5 5 5 4 4 1 5 5 6 2 3 3 5 3 4 4 4 4 
2 1 5 2 4 2 2 3 3 4 4 3 3 4 3 3 4 0 3 3 2 3 2 2 4 3 2 5 4 2 2 1 3 3 4 1 4 4 4 4 3 4 3 2 3 3 3 3 4 3 3 2 2 4 3 4 1 4 2 3 2 3 1 4 3 2 4 3 4 3 3 3 2 2 4 4 3 3 2 2 4 3 2 4 3 4 4 3 4 2 2 3 3 3 3 3 2 2 3 5 4 1 4 3 3 3 5 3 4 2 3 3 1 5 3 4 2 3 3 2 2 4 1 4 1 2 3 3 3 2 1 2 3 4 3 4 3 4 5 2 2 1 1 3 4 4 4 4 4 1 4 3 3 2 3 1 2 3 3 3 2 2 2 3 2 3 6 4 3 4 2 3 2 2 3 1 3 3 3 2 1 3 3 0 3 4 4 2 2 3 5 4 4 3 3 3 4 4 3 3 
1 1 1 1 1 1 1 1 0 1 1 1 2 1 1 1 1 1 1 1 1 1 1 2 1 1 1 1 1 1 1 1 1 1 1 1 1 1 1 1 1 1 1 1 1 1 1 1 1 1 1 1 1 1 1 1 1 1 1 0 1 1 1 1 1 1 1 1 1 1 1 2 1 1 1 1 1 1 1 0 1 2 1 1 1 1 1 1 1 1 1 1 1 2 1 0 0 1 1 1 1 1 1 1 1 1 1 1 1 1 1 0 1 0 1 1 1 2 1 1 1 1 1 1 0 1 1 1 1 1 1 0 1 2 1 1 1 1 1 1 1 0 1 1 1 1 1 1 1 1 1 0 2 0 1 1 1 1 1 1 1 1 1 1 0 1 1 1 1 1 1 1 1 1 1 1 1 1 2 1 1 1 0 1 1 0 1 1 1 2 1 2 1 1 1 1 0 1 2 1 
6 6 6 4 6 5 6 6 7 6 5 4 5 3 6 6 5 6 3 2 5 2 5 5 5 4 4 6 5 6 6 7 5 6 3 6 5 7 7 4 6 11 6 0 5 6 7 6 3 4 3 3 6 5 7 5 4 2 5 3 3 6 6 3 4 7 8 6 7 3 4 4 6 5 3 5 2 7 0 8 3 7 5 6 6 5 6 5 7 5 7 6 4 5 1 4 2 4 3 5 5 3 4 3 4 5 5 5 3 3 5 6 5 3 5 5 4 4 6 3 4 4 4 4 5 3 6 2 8 8 1 7 8 5 3 6 4 5 7 6 5 7 9 5 8 3 7 3 5 3 6 6 6 7 5 6 7 3 7 6 5 6 4 8 4 5 3 3 4 5 5 4 5 5 3 1 9 2 6 7 4 6 5 3 4 4 4 5 4 6 5 8 5 7 6 6 10 5 4 4 
3 5 4 4 6 4 3 6 3 3 5 1 3 7 6 2 6 6 7 4 4 6 8 4 4 5 5 7 10 5 8 4 2 5 6 5 3 1 5 3 6 7 4 5 4 4 5 2 5 6 4 6 5 4 3 4 5 6 3 6 5 7 5 6 8 7 2 4 4 4 3 10 4 4 7 5 4 7 4 7 5 5 5 4 6 6 4 5 4 7 4 4 2 8 8 6 4 6 5 5 3 3 5 4 3 2 4 4 4 8 2 7 3 6 4 4 5 8 4 6 4 8 8 5 4 6 5 7 4 3 4 3 6 4 3 3 3 8 7 3 4 5 5 7 5 5 8 5 4 3 7 4 6 4 5 5 4 5 7 6 8 6 5 9 5 0 7 5 3 3 6 7 8 3 6 8 5 3 6 4 9 6 6 4 5 4 4 4 5 7 6 5 7 4 2 3 7 5 2 5 
5 5 3 3 2 1 3 2 2 3 3 3 4 3 4 2 5 3 2 2 3 2 2 2 2 4 2 4 2 3 3 3 3 4 3 5 3 2 4 4 4 1 3 2 3 3 3 4 2 3 2 3 4 6 2 3 3 4 2 3 4 4 3 1 4 1 3 3 5 5 4 3 3 4 5 4 3 2 3 1 3 3 4 2 0 2 1 3 2 3 2 3 2 3 5 4 4 2 1 4 6 3 3 3 4 3 3 3 3 2 4 3 3 2 3 2 4 3 0 3 3 3 2 4 2 3 3 3 4 3 3 2 3 3 2 4 2 4 4 3 3 5 4 4 3 2 3 3 3 2 2 2 2 1 2 3 6 4 4 3 2 4 3 3 2 2 2 5 3 2 3 3 4 2 2 2 3 3 2 5 1 4 3 3 3 2 4 2 2 3 1 1 3 4 1 3 1 4 1 2 
6 7 8 7 8 8 2 8 12 5 6 9 7 11 5 5 7 6 6 7 5 10 4 7 8 9 9 10 6 6 5 5 8 5 5 8 6 7 5 3 7 5 4 5 4 7 5 8 6 13 4 4 7 7 9 8 7 7 8 5 7 4 5 5 6 7 9 9 8 8 8 7 12 6 5 3 8 5 6 7 9 9 7 8 6 7 3 7 7 9 0 4 5 0 4 6 11 9 2 8 7 4 2 8 6 6 7 11 5 0 8 6 4 10 8 13 6 2 8 9 10 10 6 7 8 11 6 5 10 10 9 7 6 12 11 3 5 9 7 6 11 6 10 9 11 7 7 10 8 6 11 9 9 6 7 6 9 6 10 8 11 6 8 6 5 7 8 9 5 9 7 4 9 7 9 8 8 7 3 4 8 4 9 8 9 13 7 13 7 8 6 10 8 9 6 8 10 7 6 8 
8 7 8 15 7 11 6 14 9 11 5 7 10 18 8 7 2 11 7 15 14 10 9 13 11 19 9 7 4 5 15 10 6 11 16 13 7 11 13 9 13 13 11 11 9 8 8 9 11 17 18 13 13 10 10 9 10 6 9 9 6 13 10 15 11 18 12 5 9 7 9 12 8 10 9 7 4 7 11 9 11 13 14 14 12 14 14 11 7 11 7 14 14 11 5 14 8 12 12 14 10 12 12 8 8 9 13 4 4 14 9 12 12 9 11 15 16 15 10 12 7 13 14 10 13 5 12 11 8 11 12 11 14 6 10 12 12 11 6 9 15 12 13 9 14 12 15 16 15 8 7 13 12 10 9 12 9 6 15 10 7 11 13 11 5 5 9 8 4 8 10 9 8 12 7 14 11 2 9 12 8 15 12 12 10 8 11 10 14 9 7 9 8 8 12 3 11 4 4 11 
9 7 10 9 10 8 10 6 10 10 13 14 7 12 15 13 8 11 10 8 5 8 8 8 10 4 11 12 17 5 10 10 6 10 10 5 9 16 13 7 6 8 8 12 9 7 13 7 17 7 6 13 8 16 9 11 15 7 9 8 5 10 9 2 14 12 10 12 15 12 10 4 5 11 4 15 7 10 3 10 14 9 15 3 10 4 15 7 7 15 11 12 10 9 5 9 12 9 4 5 11 8 13 9 5 9 7 10 6 8 10 2 11 7 10 10 8 13 10 11 9 11 10 12 15 7 3 14 11 7 9 11 12 15 16 8 9 13 7 8 12 3 14 10 4 10 15 13 10 5 15 7 9 12 16 5 13 10 17 3 11 6 12 4 8 10 8 10 14 7 9 12 8 10 5 12 13 7 7 12 5 10 9 9 15 19 10 4 15 12 12 10 7 10 7 15 13 12 9 10 
3 3 4 2 5 6 6 3 3 2 9 5 1 6 1 3 5 3 3 3 2 0 3 3 4 2 5 6 5 3 3 6 4 4 6 4 5 3 4 5 3 5 4 2 4 3 1 5 5 1 5 5 5 2 3 2 3 2 6 2 6 6 4 8 4 2 6 5 6 3 7 4 4 3 4 4 4 3 5 7 4 5 2 3 5 6 4 7 4 4 3 4 2 5 4 4 3 3 1 3 3 3 3 2 3 3 6 3 4 3 2 6 4 7 6 3 4 6 4 3 4 3 4 5 3 3 7 3 5 3 6 4 6 3 2 3 4 3 3 7 4 3 4 3 6 4 4 4 3 3 3 4 4 2 4 4 4 2 1 6 5 4 7 4 2 3 4 3 5 2 5 5 4 7 1 3 5 5 6 5 2 3 4 4 5 5 5 4 6 8 6 6 3 5 4 2 5 3 2 4 
15 10 13 13 9 12 16 16 7 12 11 13 13 17 12 4 2 1 7 11 15 13 7 8 6 10 9 9 4 8 12 15 10 5 2 12 10 13 15 10 9 11 3 15 9 11 7 7 13 13 9 7 11 12 11 13 7 15 11 17 12 12 8 4 18 8 9 10 11 12 13 13 11 10 5 12 11 7 2 7 11 14 9 8 7 13 11 6 11 7 2 12 12 12 5 11 15 9 11 9 13 7 11 7 8 10 11 10 10 12 16 8 15 15 7 6 6 10 12 12 6 7 14 12 11 9 14 14 8 10 15 6 12 10 11 15 9 9 13 8 10 9 9 9 14 5 13 9 11 14 17 6 12 8 13 13 11 12 6 13 14 12 9 8 8 5 9 15 12 4 9 12 7 10 8 10 9 7 7 8 9 10 13 13 10 9 13 10 10 7 9 11 11 16 13 11 9 15 4 13 
9 7 5 5 9 9 9 13 1 8 7 7 9 13 10 11 10 4 10 6 9 8 11 10 9 9 3 9 8 4 5 9 7 12 7 10 13 10 2 6 7 6 2 8 7 9 15 6 4 9 7 6 3 2 9 7 10 11 10 8 9 8 7 4 8 5 7 5 7 8 10 10 4 7 5 13 13 8 4 6 11 7 5 4 3 11 9 5 6 6 4 5 8 3 7 9 10 9 6 5 13 8 8 6 5 10 8 1 5 9 11 8 10 11 6 7 8 9 7 5 10 9 11 4 7 9 13 11 5 8 4 6 10 16 12 5 5 5 13 5 12 6 5 9 6 9 2 7 9 5 11 7 12 10 7 6 9 9 9 6 14 8 8 9 6 7 11 12 7 10 9 12 12 10 11 6 5 5 9 7 15 2 11 9 4 6 4 9 6 10 2 8 10 8 6 9 10 7 13 7 
1 1 1 1 1 1 1 1 1 1 1 1 1 1 1 1 1 1 1 1 1 1 1 1 1 1 1 1 0 1 1 0 1 1 1 1 1 1 1 1 1 1 1 1 1 1 1 1 1 1 1 1 1 2 1 2 1 1 1 1 1 2 1 1 1 1 1 1 2 1 1 1 1 1 1 1 1 1 1 2 2 1 1 1 1 0 1 1 1 0 1 1 1 1 0 1 1 1 1 1 1 1 1 1 1 1 1 1 1 1 1 1 1 1 1 1 1 1 0 1 1 1 1 2 1 1 1 1 1 1 1 2 1 1 1 1 1 1 1 1 1 1 1 1 1 1 2 1 1 1 1 1 1 1 1 1 1 1 1 2 1 2 1 1 1 1 2 1 2 1 2 1 1 1 1 1 1 1 1 1 1 1 1 0 1 1 1 1 1 1 1 1 1 1 1 1 1 1 1 1 
2 3 3 4 2 3 4 4 2 3 2 3 1 4 2 2 3 5 3 4 2 4 3 2 4 3 3 3 3 4 2 3 3 3 3 4 3 4 3 4 2 3 3 3 3 3 4 3 0 4 4 4 3 3 4 2 4 2 4 4 3 3 4 4 3 3 2 5 2 2 4 2 3 2 3 3 2 2 4 4 3 2 3 2 3 4 3 1 4 2 4 3 2 2 4 2 4 4 2 3 3 2 3 3 4 4 3 2 2 3 0 4 2 3 4 3 2 3 2 2 3 3 5 4 3 4 2 3 3 3 2 2 3 5 3 4 2 2 2 4 2 2 3 5 1 4 3 3 2 3 4 2 4 2 3 2 4 5 4 3 3 4 4 2 3 4 3 3 4 3 4 3 2 3 1 3 4 2 2 1 4 4 2 4 3 4 2 3 2 2 3 4 3 2 3 4 2 3 1 3 
4 3 4 2 4 4 4 4 5 4 3 4 3 2 3 4 1 2 2 2 3 3 2 1 4 2 2 3 3 4 2 5 3 5 4 3 3 2 2 4 3 3 4 3 2 2 3 3 3 4 2 2 2 3 3 3 3 2 0 4 4 2 2 2 4 4 3 3 4 4 1 3 2 3 2 2 4 3 2 1 3 5 2 4 4 4 4 3 3 2 0 3 3 4 2 3 2 3 3 3 2 2 2 4 4 3 3 3 5 2 2 1 3 2 3 2 3 4 3 2 3 4 2 2 3 1 2 3 4 4 3 4 3 3 3 2 1 1 3 2 2 3 3 3 1 3 3 4 2 4 3 5 2 2 4 3 2 2 4 2 3 3 3 5 5 4 4 2 2 4 2 1 3 5 2 4 4 2 4 4 3 5 3 3 4 5 3 2 3 3 3 1 2 1 4 4 3 3 4 1 
7 10 4 4 4 6 8 8 8 7 2 9 9 6 6 4 7 7 4 2 4 5 7 6 7 5 7 5 2 5 7 4 7 5 9 6 8 5 6 6 5 7 3 8 5 5 9 7 6 5 6 6 9 3 3 8 6 4 10 6 4 5 4 6 6 6 9 7 5 4 6 3 5 5 10 5 5 6 6 7 2 3 6 7 9 4 7 5 4 4 6 6 6 4 6 7 5 7 10 3 5 8 4 4 8 8 10 4 6 4 8 8 7 11 6 5 5 8 4 7 7 9 9 2 8 6 6 7 7 5 5 4 7 3 7 5 8 5 5 2 6 5 7 9 3 4 4 7 8 5 9 5 5 7 9 6 9 9 4 2 4 7 7 5 5 7 5 7 6 6 8 5 5 6 6 4 9 3 4 3 9 6 9 3 5 4 6 2 5 6 6 7 10 5 5 8 6 3 5 5 
6 9 8 7 6 9 6 6 5 9 3 7 7 6 3 4 7 6 6 7 5 4 5 5 5 5 4 6 6 3 6 5 6 6 6 5 5 5 3 4 9 8 7 5 5 9 6 4 9 6 7 2 9 5 3 7 4 3 6 6 6 5 3 5 5 7 5 6 4 3 2 8 3 8 6 1 8 9 4 5 6 5 7 9 6 4 7 7 9 8 8 5 7 6 9 4 8 8 8 4 7 8 8 4 7 3 6 6 5 7 6 7 4 8 7 3 6 6 4 4 6 6 8 7 6 8 10 8 6 7 7 6 3 7 3 6 9 7 7 6 8 5 4 9 3 8 10 7 13 10 3 8 4 4 9 7 7 7 6 3 6 5 7 7 9 8 4 4 8 5 8 11 9 6 5 11 7 7 6 9 6 8 5 7 5 5 5 6 9 6 5 5 5 5 4 9 6 6 9 8 
6 2 9 9 6 7 5 10 9 8 3 3 6 7 10 4 7 4 6 7 6 6 6 8 3 5 6 9 4 7 3 6 5 11 7 7 8 7 4 8 6 5 9 7 5 4 5 7 4 6 7 5 10 5 7 9 6 6 8 8 9 6 4 4 4 9 4 6 7 7 5 5 3 11 3 6 5 5 7 6 7 5 7 7 5 8 6 8 9 8 3 7 4 11 5 7 7 8 6 8 5 3 8 6 7 6 6 3 2 4 9 7 8 4 6 6 9 6 8 7 9 7 7 6 3 8 7 5 6 7 3 9 6 2 2 6 4 3 6 8 5 5 2 10 8 4 4 8 6 5 3 5 3 8 8 7 6 5 2 4 3 5 6 3 3 4 9 10 6 7 3 8 4 7 4 9 6 8 6 5 7 4 7 8 3 5 4 10 5 8 4 7 5 7 7 9 2 6 9 8 
3 4 7 4 3 6 5 7 4 6 4 6 5 5 5 3 6 5 5 7 4 4 4 4 6 5 6 6 5 9 6 7 7 6 2 4 4 6 4 3 4 6 1 4 5 6 7 5 7 3 6 4 3 9 1 6 5 5 6 5 6 6 3 5 5 5 6 3 4 7 6 3 6 6 5 4 6 4 4 6 3 5 6 6 4 7 5 3 6 5 5 3 4 3 6 3 4 7 4 4 3 3 5 4 4 4 6 4 6 5 7 4 8 3 5 4 6 3 4 4 4 6 3 5 6 7 5 5 5 9 3 6 6 8 7 5 5 3 4 5 7 4 5 6 8 6 4 3 6 6 6 5 6 6 5 7 6 3 2 6 5 3 4 7 5 8 6 6 4 5 6 5 8 5 3 8 5 5 4 5 6 5 6 3 3 5 6 4 6 7 5 4 5 6 3 5 4 4 6 4 
7 2 3 3 8 7 4 7 8 4 7 4 5 6 7 4 9 8 7 7 10 2 6 5 4 9 2 4 6 7 6 5 5 4 4 9 6 9 4 6 6 7 6 9 9 7 8 8 4 8 6 3 4 5 6 5 8 6 10 5 6 6 8 4 9 10 7 5 6 3 5 10 8 7 4 8 6 6 4 6 6 10 5 4 7 7 6 5 9 6 10 3 2 5 4 6 6 4 11 10 3 5 8 8 8 7 4 8 3 6 4 5 2 5 8 9 7 4 6 7 5 6 6 8 3 3 3 8 9 6 4 4 5 6 8 7 6 6 4 5 10 5 5 5 5 5 8 8 9 5 5 7 8 6 5 8 6 9 7 7 4 8 4 6 6 13 5 6 6 6 6 5 7 7 3 4 2 9 6 3 6 5 9 4 4 8 8 7 7 3 6 4 8 8 5 3 8 6 7 6 
5 6 3 5 5 4 5 7 5 5 4 4 6 6 1 7 7 5 4 4 5 10 1 5 2 5 7 4 7 3 5 3 6 4 7 6 3 5 3 4 4 7 4 8 5 5 5 3 5 6 10 5 4 7 2 4 8 4 4 7 3 5 7 5 9 8 5 3 4 4 5 7 6 4 3 3 8 7 3 8 6 7 2 3 7 7 6 2 6 3 2 5 2 7 4 4 5 5 6 4 8 5 6 4 4 5 7 4 7 4 5 8 5 3 6 4 7 4 4 5 7 6 6 3 7 3 2 4 4 4 4 5 6 5 7 5 3 3 6 6 5 3 2 8 4 5 9 4 8 6 4 5 5 5 3 6 4 1 3 4 6 6 4 4 7 5 3 3 5 3 5 2 7 8 4 5 3 4 8 4 4 5 5 3 5 5 4 9 4 6 4 6 3 3 3 6 6 3 6 6 
1 0 1 1 1 1 2 1 1 1 1 0 1 0 1 1 1 1 1 1 0 1 1 1 1 1 1 0 1 1 1 1 1 1 1 1 1 1 1 1 1 1 1 1 1 1 1 2 1 1 2 1 1 0 1 1 1 1 2 1 1 2 1 1 1 2 1 1 0 1 1 1 1 1 1 1 0 1 1 2 1 1 1 1 1 1 1 1 1 1 1 1 1 1 1 0 1 1 0 1 1 1 1 1 1 1 1 1 1 0 1 2 1 0 1 1 1 1 2 1 1 1 1 1 1 1 1 2 1 0 1 1 1 1 1 2 1 1 1 1 1 1 1 1 1 1 1 1 1 1 1 1 1 0 1 1 1 1 1 0 1 1 1 0 1 1 1 1 1 2 1 1 1 1 1 0 1 1 1 1 1 1 1 1 1 1 1 1 1 1 1 1 1 1 0 1 1 1 1 1 
1 1 1 1 1 1 1 1 1 1 1 1 1 1 0 1 1 1 2 1 1 0 1 1 1 1 1 1 1 1 1 0 1 1 1 1 2 1 1 1 1 2 1 1 1 1 1 1 1 1 2 0 1 0 1 1 1 1 2 1 1 2 1 2 1 1 1 1 1 1 1 1 1 1 1 1 1 1 1 1 1 1 1 1 1 1 1 2 1 1 1 2 1 1 1 1 1 1 1 1 1 1 1 1 1 1 1 1 1 1 1 1 1 2 1 0 2 2 1 1 1 1 1 1 1 1 1 0 0 1 1 0 2 1 1 1 1 0 0 1 1 1 1 1 1 2 1 1 0 1 1 1 1 2 1 1 1 1 1 0 0 1 1 1 1 1 1 1 1 1 1 1 0 1 1 1 1 1 1 1 1 1 1 1 1 1 1 1 1 2 1 1 1 1 1 1 0 1 1 1 
5 3 3 3 3 3 4 2 3 3 4 5 4 1 3 3 3 2 3 3 1 4 4 3 4 4 4 4 4 3 2 4 1 4 1 2 4 3 4 5 2 3 3 1 4 1 3 3 1 4 0 4 4 4 3 3 4 5 2 2 3 3 3 4 1 3 4 4 1 2 4 3 3 3 4 3 3 3 1 3 4 3 3 3 4 3 2 5 3 1 2 5 6 3 4 1 2 4 2 2 4 4 4 2 5 5 3 4 4 2 1 2 2 3 4 2 3 3 2 1 1 3 2 2 2 1 4 2 4 2 2 3 3 3 2 3 4 3 2 4 3 4 4 1 2 2 1 3 4 5 3 3 4 3 3 3 4 1 4 3 3 2 4 2 4 1 2 2 1 5 5 3 2 4 3 4 4 2 3 3 0 4 4 5 1 4 3 2 5 2 4 4 4 3 4 3 3 1 2 6 
9 6 10 11 9 12 9 11 9 8 10 11 14 13 9 3 9 3 5 5 7 9 10 9 8 5 4 7 8 3 6 16 9 12 11 4 8 7 13 10 5 8 10 12 9 10 6 8 4 12 7 6 8 11 10 4 8 8 7 11 16 8 12 11 6 7 6 9 14 8 9 9 4 7 8 5 8 13 9 14 5 8 4 6 11 7 9 11 6 8 14 8 3 11 13 9 13 8 12 10 7 8 10 4 1 10 0 11 6 11 8 10 5 9 10 11 10 11 10 10 10 12 10 4 14 2 10 9 7 6 7 7 5 10 11 12 8 6 13 13 7 13 13 9 13 11 8 11 8 5 6 12 12 2 10 5 12 14 9 14 10 12 12 10 2 10 7 9 7 7 11 10 11 10 11 13 8 4 12 10 10 9 11 11 8 8 8 8 8 15 11 8 10 7 7 12 5 8 11 5 
2 1 1 1 1 1 1 1 0 0 1 1 1 1 1 1 1 1 1 1 1 0 1 1 1 0 2 1 1 1 1 1 0 1 1 1 1 2 1 1 1 1 2 1 1 1 1 2 1 1 0 1 0 1 1 2 1 1 1 1 1 1 1 1 2 1 1 1 1 1 1 2 1 1 2 1 1 0 1 1 2 0 1 2 1 1 2 1 1 1 1 1 1 1 0 1 1 1 1 1 1 1 1 2 1 1 1 1 1 1 1 0 1 0 1 1 1 1 1 1 1 1 1 1 1 1 1 1 1 1 1 1 1 1 1 1 1 1 1 1 0 1 1 1 1 1 1 1 1 1 2 1 2 1 1 1 2 1 1 1 2 1 1 1 0 1 1 1 1 1 1 1 0 1 1 1 1 1 1 1 2 1 1 1 1 1 1 1 1 1 1 1 1 1 1 1 1 1 1 1 
8 6 7 6 9 7 14 8 12 10 7 8 2 5 12 9 6 10 8 10 8 7 5 3 5 9 7 9 6 7 6 7 9 6 8 7 12 11 6 7 11 15 11 9 9 8 7 1 10 6 10 10 5 7 11 10 7 9 5 11 14 8 11 11 10 7 3 10 11 12 8 8 11 2 7 11 7 5 6 5 10 9 8 9 8 8 7 7 5 8 5 7 5 7 7 6 9 13 6 8 11 5 10 7 11 9 9 5 6 13 11 8 8 4 5 8 9 8 7 13 8 6 7 11 10 8 9 6 8 7 14 10 5 8 10 7 11 8 8 6 7 4 8 5 8 2 8 6 6 5 9 6 9 9 11 10 7 7 9 9 8 9 6 9 7 11 9 9 11 3 12 8 10 9 9 7 5 6 10 9 7 9 10 8 7 10 9 13 7 4 3 9 6 9 11 8 10 3 9 9 
9 11 11 6 12 13 9 8 9 11 7 4 8 10 5 8 13 8 8 9 8 10 10 10 7 9 7 16 11 9 4 8 13 10 11 11 7 3 11 7 8 15 8 7 10 15 12 8 13 10 6 10 8 12 10 8 8 8 10 6 8 15 6 10 7 13 11 6 6 7 11 10 6 8 3 8 4 7 8 9 10 7 9 7 7 14 10 5 5 8 8 4 8 10 13 8 17 11 7 6 11 12 8 7 13 8 6 8 4 10 7 12 9 7 9 10 11 5 11 9 11 5 10 9 14 7 8 17 7 7 5 10 7 5 13 10 6 4 12 8 11 5 11 11 6 5 7 11 7 12 8 11 6 15 10 10 5 12 9 6 9 6 11 11 7 10 7 8 2 8 10 12 8 12 6 7 12 11 11 12 9 12 6 8 4 6 3 9 12 8 8 7 11 9 9 11 7 9 8 9 
9 10 7 5 4 6 11 9 9 12 8 5 3 5 8 9 6 3 7 7 10 10 9 6 3 9 9 4 5 10 6 8 9 11 10 7 7 7 11 11 7 10 6 7 7 9 12 8 8 9 5 9 9 7 8 6 8 6 4 4 5 10 8 3 8 6 11 7 10 6 13 7 11 8 5 13 7 8 7 12 8 7 9 8 6 11 10 10 7 5 5 4 11 12 6 5 8 7 8 5 0 6 10 9 8 10 5 6 6 10 6 12 7 10 11 9 5 9 8 13 5 7 9 7 9 7 4 6 13 8 10 12 9 7 12 12 6 11 8 8 3 9 10 3 7 11 9 5 4 7 9 6 10 12 4 9 11 9 8 7 5 10 12 11 0 6 5 7 10 10 8 9 10 7 10 3 7 3 14 5 7 5 9 7 7 11 8 10 9 7 8 7 5 6 9 5 12 9 6 5 
1 1 1 1 1 1 1 1 1 1 1 1 1 1 1 1 1 1 0 1 1 1 1 1 1 1 1 1 1 1 1 1 1 1 1 1 2 1 1 1 0 1 1 1 1 2 1 1 1 2 1 1 1 1 0 1 1 1 2 1 1 1 1 1 1 1 1 1 0 1 1 1 1 1 2 1 1 1 1 1 1 1 1 0 1 1 1 1 1 1 1 1 2 1 1 1 1 1 1 1 2 1 1 1 1 1 1 1 2 1 1 1 1 1 1 1 1 1 1 1 1 1 1 1 1 0 1 1 0 1 1 1 1 0 1 0 1 1 1 1 1 1 1 1 1 1 1 1 1 1 1 1 1 1 2 1 1 1 1 1 1 1 1 2 1 1 1 1 1 1 2 1 2 1 1 1 1 1 1 1 1 1 1 1 1 1 1 0 1 1 1 1 0 1 1 1 1 1 1 1 
6 12 7 11 8 14 9 6 7 4 10 7 6 7 7 12 8 7 10 9 8 6 11 7 9 6 9 10 3 8 7 5 6 10 11 8 3 8 8 8 5 8 5 2 11 13 12 8 8 9 9 6 5 8 12 7 9 9 11 10 9 10 6 8 6 6 9 11 9 2 6 9 7 2 10 3 7 8 4 10 8 13 7 8 7 10 11 7 15 8 8 5 6 13 7 7 7 8 8 3 14 7 8 9 5 7 9 9 8 14 8 8 6 4 7 6 2 6 10 8 12 6 9 6 9 11 13 15 17 6 3 2 12 9 6 9 4 9 6 8 3 11 8 6 5 4 8 8 13 10 8 11 8 10 7 9 1 12 7 8 5 7 10 10 10 7 12 7 5 3 8 12 9 8 6 6 10 10 13 11 7 4 8 6 8 10 11 5 10 7 6 10 3 5 10 11 9 10 8 4 
2 3 2 2 2 2 1 1 1 2 3 2 2 3 2 1 2 1 2 2 3 2 3 0 2 1 3 1 3 2 2 3 3 1 3 4 2 1 1 3 2 1 2 3 3 2 2 3 2 3 2 2 3 2 3 2 2 2 3 2 3 3 2 2 2 1 2 2 1 1 1 1 2 3 2 2 2 1 2 2 2 2 2 2 2 2 3 3 3 3 2 1 2 3 2 2 1 2 2 2 2 1 1 2 2 3 3 3 3 3 3 3 2 1 3 3 3 2 2 2 2 2 2 3 1 3 2 1 3 2 2 1 3 2 2 2 2 2 2 2 1 1 3 2 2 3 2 2 1 3 2 2 1 1 3 2 2 3 3 1 2 2 1 2 1 2 1 2 2 3 1 2 2 1 2 2 2 2 2 2 3 2 3 1 2 1 1 2 2 1 2 3 2 2 2 2 2 3 2 1 
6 7 9 8 9 9 9 5 8 11 2 7 12 11 5 7 7 0 5 6 4 6 4 5 4 5 6 4 5 8 7 5 11 9 8 9 2 6 9 11 5 9 9 10 6 8 9 7 8 11 6 9 4 9 7 11 10 7 11 3 8 9 10 4 7 7 9 10 7 6 10 11 11 9 7 10 8 5 7 10 9 5 6 6 4 5 8 11 8 8 7 5 11 5 11 9 8 10 4 0 9 11 7 7 12 9 4 9 8 4 5 6 7 2 6 7 8 6 7 3 8 11 11 6 4 5 4 5 0 7 8 7 8 9 10 5 3 9 8 9 7 9 6 6 9 8 5 4 7 11 5 11 5 10 7 7 7 7 6 10 7 5 6 5 9 8 5 12 4 8 10 4 6 8 7 7 7 6 12 9 8 7 7 7 12 8 5 11 7 5 6 8 8 7 7 9 7 5 9 9 
6 8 7 7 10 4 3 4 10 6 9 9 6 7 9 3 7 6 1 3 6 5 11 7 8 5 5 5 7 4 4 4 11 10 7 4 5 6 6 8 0 10 4 4 10 9 11 4 9 4 6 6 7 5 9 11 6 9 4 9 8 8 5 8 12 6 9 9 9 6 9 5 7 9 9 6 8 5 5 6 8 2 9 3 9 5 10 7 5 11 6 5 8 5 12 3 10 5 8 6 6 6 7 8 10 10 7 8 4 1 7 10 4 10 11 8 7 4 9 10 7 8 9 8 7 7 8 6 13 6 9 7 4 5 5 5 12 6 8 7 10 7 5 9 10 11 7 4 8 8 1 7 8 8 8 5 6 7 9 5 5 2 7 8 7 5 6 9 6 5 8 11 1 10 7 7 10 9 7 7 8 5 7 5 5 6 4 10 8 3 6 3 5 6 6 4 9 11 6 5 
6 4 5 6 6 3 5 6 7 6 5 5 9 9 6 6 4 4 8 4 6 6 7 6 2 4 7 6 5 4 3 7 7 7 9 8 6 6 9 3 6 5 7 9 4 6 9 9 8 6 7 4 5 3 7 6 3 6 6 6 2 9 6 8 6 5 8 5 9 4 8 5 7 9 8 8 6 7 4 7 6 7 4 7 3 5 4 8 4 10 7 6 8 5 7 6 4 5 6 3 8 9 8 9 4 8 6 7 7 6 5 5 2 5 5 8 1 3 9 2 4 7 8 9 6 3 7 9 8 6 8 6 5 6 8 6 7 5 8 6 6 6 8 8 5 10 11 4 8 3 5 4 8 8 4 3 6 6 6 7 9 7 3 2 8 10 6 6 4 6 6 5 4 7 3 6 8 5 5 2 7 8 5 7 5 6 2 6 7 6 10 3 6 9 7 4 7 5 7 6 
15 15 15 14 10 13 12 11 10 12 11 11 8 12 10 2 10 10 11 2 5 6 10 10 9 5 10 11 9 10 8 5 11 9 3 5 6 14 4 12 18 8 10 11 8 8 11 7 16 0 10 10 8 11 8 7 8 10 8 9 8 14 11 3 10 12 13 15 10 8 7 13 7 10 9 15 10 10 14 9 10 9 7 8 14 10 13 12 9 12 14 7 8 9 11 8 17 11 10 11 10 8 5 11 10 17 10 8 9 10 11 8 13 13 6 7 8 8 5 12 7 7 14 13 16 12 4 6 11 10 10 17 12 14 5 10 17 10 5 7 13 12 11 6 11 12 11 9 11 5 9 17 11 5 14 16 6 18 9 15 12 8 7 4 7 12 14 12 6 10 7 4 7 7 10 13 9 11 10 10 15 6 14 2 11 9 6 12 13 6 5 9 10 10 8 8 9 7 11 5 
10 9 7 8 6 7 10 7 10 6 8 5 10 4 9 12 6 10 10 11 7 8 6 4 4 8 12 9 11 4 4 11 10 7 5 9 6 5 9 5 6 4 10 6 7 5 1 7 7 6 6 9 12 9 5 9 4 7 9 3 7 4 5 6 4 8 4 8 5 10 10 8 4 7 6 7 10 10 5 8 7 8 12 8 5 7 0 6 8 8 7 10 7 7 7 9 4 7 10 6 8 7 2 10 5 6 3 2 6 6 7 8 7 4 5 5 6 9 5 5 10 7 5 7 13 5 9 7 8 10 6 11 6 4 6 6 7 11 8 8 8 9 7 6 8 9 8 6 8 3 7 9 9 7 9 4 7 9 8 8 7 5 8 10 4 6 6 9 10 7 10 8 3 7 8 12 10 6 4 10 8 4 8 7 12 6 10 8 2 6 7 11 2 13 6 6 4 9 9 13 
