NAME  : Jabali_50_4_0.82_1_8
TYPE : SVRP
MODEL : FINITE_SUPPORT
NUMBER_OF_SCENARIOS : 200
DIMENSION : 50
EDGE_WEIGHT_TYPE : MATRIX
CAPACITY : 74
N_VEHICLES : 4
NODE_COORD_SECTION
1 3286 4492
2 370 3994
3 6630 5161
4 1747 18
5 2407 3860
6 5120 6119
7 1724 3862
8 4968 1696
9 7320 2168
10 3014 3178
11 5657 3856
12 2844 6773
13 6331 4685
14 4798 8691
15 4439 5095
16 3434 55
17 3352 1055
18 6149 3750
19 2829 1577
20 2836 5442
21 1422 5603
22 4910 7015
23 2835 4869
24 5417 5126
25 2058 4943
26 3441 3647
27 3434 2847
28 4000 7910
29 2597 3311
30 1528 2957
31 4059 1287
32 6069 1550
33 3752 270
34 7838 2566
35 5516 7763
36 6562 5961
37 6719 2642
38 2369 1901
39 2306 741
40 5159 5304
41 4821 2838
42 4401 6473
43 1656 4374
44 3735 7814
45 4293 3894
46 2446 746
47 27 6418
48 6795 3844
49 2498 1397
50 7370 2589
DEMAND_SECTION
1 0.0
2 1.0
3 1.0
4 9.0
5 6.0
6 3.0
7 6.0
8 7.0
9 5.0
10 5.0
11 3.0
12 9.0
13 4.0
14 1.0
15 3.0
16 3.0
17 2.0
18 3.0
19 1.0
20 5.0
21 8.0
22 6.0
23 6.0
24 8.0
25 3.0
26 4.0
27 4.0
28 10.0
29 3.0
30 8.0
31 9.0
32 8.0
33 9.0
34 6.0
35 1.0
36 5.0
37 6.0
38 2.0
39 4.0
40 9.0
41 8.0
42 3.0
43 9.0
44 7.0
45 9.0
46 2.0
47 3.0
48 3.0
49 2.0
50 5.0
DEVIATION_SECTION
1 0.0
2 0.333333
3 0.333333
4 3.0
5 2.0
6 1.0
7 2.0
8 2.33333
9 1.66667
10 1.66667
11 1.0
12 3.0
13 1.33333
14 0.333333
15 1.0
16 1.0
17 0.666667
18 1.0
19 0.333333
20 1.66667
21 2.66667
22 2.0
23 2.0
24 2.66667
25 1.0
26 1.33333
27 1.33333
28 3.33333
29 1.0
30 2.66667
31 3.0
32 2.66667
33 3.0
34 2.0
35 0.333333
36 1.66667
37 2.0
38 0.666667
39 1.33333
40 3.0
41 2.66667
42 1.0
43 3.0
44 2.33333
45 3.0
46 0.666667
47 1.0
48 1.0
49 0.666667
50 1.66667
DISTANCE_MATRIX
0.0 40.4969 45.7056 61.958 19.2956 35.5205 22.3607 46.6578 63.235 16.6202 32.8408 34.0707 40.8044 61.1481 18.6815 59.7992 48.9759 39.1566 38.9487 15.0 30.5287 42.249 8.544 30.0167 18.4391 16.3784 22.3372 48.6423 16.5529 30.4138 45.4677 60.9771 59.8489 66.2891 55.2769 49.0408 53.388 35.0545 50.2956 28.0713 46.5359 31.9545 22.3607 48.3452 23.0915 49.5002 53.0 47.0524 40.9061 61.0883 
40.4969 0.0 85.8662 57.3149 43.6699 70.0286 18.868 66.8431 96.2943 36.7967 72.0062 48.3774 81.2712 84.309 56.7186 65.0 54.1883 78.1325 46.4866 38.0132 25.0599 72.6911 35.5106 69.6348 26.0 40.7526 43.1393 68.7095 31.1448 20.6155 65.8743 81.4678 64.4611 102.393 84.901 87.8237 88.1579 38.8973 51.2445 67.082 70.8317 63.1981 18.4391 65.9242 63.5829 50.2494 32.573 86.6699 44.1475 96.7028 
45.7056 85.8662 0.0 96.0066 63.0833 23.8537 68.0661 50.8035 41.2311 56.0803 21.4709 66.8671 7.2111 54.231 29.9666 78.5493 69.5886 19.799 71.4801 51.374 70.5798 33.8378 50.5964 16.5529 61.0983 48.0416 53.7587 50.6952 60.0083 75.06 60.5721 48.6004 74.0945 39.0512 39.0 10.7703 34.0147 72.6167 83.852 19.7231 38.738 33.6006 67.4463 51.8941 37.0135 83.2348 91.0225 18.0278 76.0299 36.6742 
61.958 57.3149 96.0066 0.0 60.6624 94.5705 51.8941 48.2597 79.1581 45.9674 74.5514 89.6614 88.8692 122.66 80.6892 22.8035 26.5707 77.8845 24.7956 72.8011 74.4648 103.761 65.437 85.4585 65.3682 55.2268 44.4072 110.154 46.2277 40.4969 35.4401 60.1332 26.3059 87.0919 117.557 104.187 75.1066 26.9072 12.53 85.0117 57.6888 93.4663 58.1808 109.857 63.2457 13.0384 89.4427 84.9294 21.2603 82.0061 
19.2956 43.6699 63.0833 60.6624 0.0 54.5817 24.8114 45.3622 72.6886 15.3246 46.3363 49.1331 57.5077 79.8396 37.7924 58.5035 47.6802 52.4626 37.6531 30.9317 40.7805 61.0985 23.3178 48.2046 28.2354 15.0828 21.0416 67.4917 15.3246 30.0 44.172 59.6815 58.5532 76.8012 74.1264 67.4209 62.985 33.7588 49.0 46.6563 45.2403 50.8039 27.6011 67.1947 26.1172 48.2046 62.4883 61.0 39.6105 71.2368 
35.5205 70.0286 23.8537 94.5705 54.5817 0.0 54.5894 57.3062 60.075 51.9063 30.5941 45.164 25.0 34.9285 16.8415 83.0426 80.335 34.0147 69.9506 32.1403 50.0 12.1655 35.2278 13.1529 44.0454 51.6645 50.2638 27.6586 51.9063 65.8643 64.4516 61.131 78.6896 60.0167 23.0217 19.7231 51.0098 69.0988 82.1644 10.7703 42.064 9.89949 52.0384 28.4605 31.6017 81.5471 69.3194 37.6563 73.5659 56.3205 
22.3607 18.868 68.0661 51.8941 24.8114 54.5894 0.0 49.3964 78.5077 18.6011 53.1477 39.0499 63.0789 75.5296 40.0125 53.6669 42.8436 59.274 34.0147 24.5967 22.8035 59.4643 19.4165 52.2398 14.1421 21.8942 25.2389 59.8869 13.0384 12.0416 48.5575 63.7199 53.1164 83.5322 72.2357 71.0282 69.716 27.2947 42.45 50.04 51.9713 49.3356 6.32456 57.3019 32.9286 41.4849 41.4367 67.8114 33.541 77.9678 
46.6578 66.8431 50.8035 48.2597 45.3622 57.3062 49.3964 0.0 32.573 30.8869 29.7321 76.4953 43.6005 92.1331 46.4106 28.2312 23.3452 31.3847 33.9681 58.2939 68.1427 69.3318 50.68 45.2217 55.5976 36.3238 24.1868 85.6007 36.3593 47.4295 14.8661 15.0 23.7697 40.025 80.2621 60.208 27.0185 34.5178 37.0135 46.6476 19.4165 64.9224 53.7869 85.3036 36.9253 37.054 89.4222 37.3363 33.6343 34.5254 
63.235 96.2943 41.2311 79.1581 72.6886 60.075 78.5077 32.573 0.0 60.0467 31.3209 90.7491 36.2215 94.1329 55.6597 57.0088 55.7853 26.3059 66.4868 72.4236 91.2642 72.0069 69.6272 47.2652 82.924 57.9828 53.4309 87.4798 65.4693 77.9359 47.4342 19.0263 53.0094 8.06226 79.6304 51.923 9.84886 66.0168 68.884 50.4876 39.6232 68.3058 82.2896 88.0033 49.112 69.0507 113.371 23.3452 66.153 5.0 
16.6202 36.7967 56.0803 45.9674 15.3246 51.9063 18.6011 30.8869 60.0467 0.0 37.6563 46.4504 50.01 77.3221 35.1169 43.4391 32.6158 43.4168 22.4722 28.2563 37.3363 58.423 20.6424 42.2075 25.02 9.43398 6.7082 64.8163 5.65685 19.9249 30.1779 45.2588 44.5591 66.2843 71.4509 61.3922 51.9102 19.2094 34.0588 41.4482 35.9549 48.1285 22.8473 64.5192 19.4165 33.3017 58.5235 51.9343 24.7588 60.4552 
32.8408 72.0062 21.4709 74.5514 46.3363 30.5941 53.1477 29.7321 31.3209 37.6563 0.0 60.3166 14.3178 65.5134 24.3516 57.1402 48.1334 6.40312 50.448 42.0119 60.87 42.7551 39.233 17.4642 50.0445 31.3847 34.0147 57.5629 42.45 57.4891 39.1169 30.6757 52.6972 33.6155 52.5547 30.4795 21.587 52.2398 62.446 20.0998 18.0278 38.3889 55.1083 58.0864 21.095 62.2027 82.9763 14.7648 55.109 28.6356 
34.0707 48.3774 66.8671 89.6614 49.1331 45.164 39.0499 76.4953 90.7491 46.4504 60.3166 0.0 66.1017 37.4433 39.8834 88.9042 78.0809 66.5654 68.3594 19.1053 25.02 25.02 26.1744 53.9354 24.9159 46.2159 52.1747 22.0227 44.0646 51.0621 75.3051 85.2093 89.6863 93.8032 36.4966 64.6759 80.9021 63.2852 78.9338 51.26 64.2715 19.4208 33.6507 19.799 50.451 78.0499 42.0595 74.1832 69.531 88.6024 
40.8044 81.2712 7.2111 88.8692 57.5077 25.0 63.0789 43.6005 36.2215 50.01 14.3178 66.1017 0.0 58.0086 27.0185 71.3442 62.4512 12.8062 64.56 47.8071 67.0129 36.3456 46.5188 14.2127 57.2451 42.4264 47.2652 52.6308 54.231 69.3542 53.4347 41.8808 66.888 35.2278 43.4166 17.2047 28.1603 66.0663 76.9396 17.8045 31.832 34.0148 62.9682 53.4509 31.4006 76.3223 88.8369 13.0 69.1231 32.0156 
61.1481 84.309 54.231 122.66 79.8396 34.9285 75.5296 92.1331 94.1329 77.3221 65.5134 37.4433 58.0086 0.0 51.6631 120.343 109.52 68.593 99.6506 52.5011 59.4643 22.8035 58.3316 48.0521 61.3956 77.0803 82.8812 15.6525 76.8437 87.5418 106.012 96.0469 120.393 93.0484 15.8114 44.911 85.4751 95.7564 110.998 45.607 76.8857 30.8869 70.1304 18.3848 66.4233 110.202 68.0074 71.007 101.608 90.0222 
18.6815 56.7186 29.9666 80.6892 37.7924 16.8415 40.0125 46.4106 55.6597 35.1169 24.3516 39.8834 27.0185 51.6631 0.0 72.5195 66.6794 29.9666 56.0694 21.5889 40.7947 28.8617 21.2132 13.4164 31.343 34.8751 36.3826 43.6263 35.1141 49.0306 53.9285 52.0384 68.1665 57.6975 39.8284 31.1448 45.8803 55.2175 68.2831 10.4403 31.541 24.4524 38.3275 44.8336 17.7204 67.6658 62.6187 36.6197 59.6846 52.9245 
59.7992 65.0 78.5493 22.8035 58.5035 83.0426 53.6669 28.2312 57.0088 43.4391 57.1402 88.9042 71.3442 120.343 72.5195 0.0 15.2971 59.4811 21.6014 71.4353 76.3096 95.0629 63.8214 71.0635 65.5666 51.9272 42.1388 107.995 44.8398 44.7214 20.0 38.0526 4.47214 65.0308 106.03 87.4185 53.9351 26.4391 16.2788 72.3646 42.5277 90.6535 59.8758 107.698 60.6416 17.0294 94.4654 65.5515 20.8806 60.208 
48.9759 54.1883 69.5886 26.5707 47.6802 80.335 42.8436 23.3452 55.7853 32.6158 48.1334 78.0809 62.4512 109.52 66.6794 15.2971 0.0 51.4679 10.7781 60.6119 65.4863 92.3553 52.998 61.489 54.7433 41.5863 30.4193 97.1719 34.0165 33.9217 9.05539 37.3363 13.0384 63.3482 103.322 78.0538 50.2494 15.6158 14.3178 71.0019 32.8832 80.4842 49.0525 96.8749 49.2359 14.1421 83.6421 58.6941 10.4442 57.8705 
39.1566 78.1325 19.799 77.8845 52.4626 34.0147 59.274 31.3847 26.3059 43.4168 6.40312 66.5654 12.8062 68.593 29.9666 59.4811 51.4679 0.0 54.5894 48.2701 67.1859 46.0977 45.5488 21.0238 56.3604 37.5766 40.2046 61.2737 48.3839 63.3246 42.45 29.1548 55.0091 27.7308 54.8179 30.0 17.0 57.0088 65.7806 24.1868 23.1948 42.0997 61.4241 61.7972 27.4591 65.6059 89.2749 8.544 59.4138 23.0868 
38.9487 46.4866 71.4801 24.7956 37.6531 69.9506 34.0147 33.9681 66.4868 22.4722 50.448 68.3594 64.56 99.6506 56.0694 21.6014 10.7781 54.5894 0.0 50.5371 56.4358 81.9709 42.9418 60.8387 45.3542 31.241 19.8494 87.1448 24.3516 25.9615 19.2868 48.1067 21.0508 73.9931 92.9376 79.392 60.7209 7.61577 12.3818 60.3919 32.8938 70.457 40.1123 86.8478 38.6259 11.7646 75.1665 62.2013 5.09902 68.4692 
15.0 38.0132 51.374 72.8011 30.9317 32.1403 24.5967 58.2939 72.4236 28.2563 42.0119 19.1053 47.8071 52.5011 21.5889 71.4353 60.6119 48.2701 50.5371 0.0 19.4165 35.171 7.61577 34.8516 12.0416 28.0145 33.9733 39.9423 26.6271 36.0555 57.1037 67.0384 71.485 75.4777 47.7598 50.7307 62.5766 46.0435 61.5873 32.0231 46.1007 25.318 20.6155 37.3573 32.2801 60.7454 41.0366 55.8659 52.1536 70.2769 
30.5287 25.0599 70.5798 74.4648 40.7805 50.0 22.8035 68.1427 91.2642 37.3363 60.87 25.02 67.0129 59.4643 40.7947 76.3096 65.4863 67.1859 56.4358 19.4165 0.0 50.04 22.2036 54.0574 12.6491 37.8633 43.7379 43.9659 33.0151 34.0147 66.9403 82.462 75.7591 94.3183 61.2046 69.2892 81.4172 50.01 65.2534 51.2288 68.0208 41.5933 16.4924 41.1096 51.1207 64.2884 22.4722 75.0067 56.2939 89.1175 
42.249 72.6911 33.8378 103.761 61.0985 12.1655 59.4643 69.3318 72.0069 58.423 42.7551 25.02 36.3456 22.8035 28.8617 95.0629 92.3553 46.0977 81.9709 35.171 50.04 0.0 40.3113 25.318 47.0744 58.1812 62.2841 17.0 58.056 70.2638 76.4719 73.2462 90.7099 71.5681 13.0384 26.6271 63.0714 76.8573 92.0985 22.8035 54.0843 10.2956 55.7853 18.6011 43.622 91.3031 65.4599 49.2544 82.7089 68.1175 
8.544 35.5106 50.5964 65.437 23.3178 35.2278 19.4165 50.68 69.6272 20.6424 39.233 26.1744 46.5188 58.3316 21.2132 63.8214 52.998 45.5488 42.9418 7.61577 22.2036 40.3113 0.0 34.2053 10.8167 20.4006 26.3594 45.8257 19.2094 29.9666 49.4899 64.9993 63.8711 72.6813 53.2259 52.345 59.7802 38.6005 54.0833 31.5753 50.5581 30.0832 17.1172 45.5287 29.4837 53.2541 44.6542 53.4446 44.6542 67.4805 
30.0167 69.6348 16.5529 85.4585 48.2046 13.1529 52.2398 45.2217 47.2652 42.2075 17.4642 53.9354 14.2127 48.0521 13.4164 71.0635 61.489 21.0238 60.8387 34.8516 54.0574 25.318 34.2053 0.0 44.5982 33.5519 41.2311 40.257 45.5291 60.1332 52.4725 48.0833 66.7105 47.8017 35.3412 19.2354 38.0132 60.1664 73.0525 3.60555 30.085 21.083 51.1957 40.7805 22.8035 72.4352 77.7968 25.632 64.4547 43.7379 
18.4391 26.0 61.0983 65.3682 28.2354 44.0454 14.1421 55.5976 82.924 25.02 50.0445 24.9159 57.2451 61.3956 31.343 65.5666 54.7433 56.3604 45.3542 12.0416 12.6491 47.0744 10.8167 44.5982 0.0 25.3181 31.257 45.753 21.2132 26.1725 54.3439 69.9168 65.016 83.4929 59.4873 62.3513 70.5917 39.5601 55.1543 41.7772 55.4756 37.3363 8.94427 43.168 40.2953 54.231 34.8855 64.2561 45.8803 78.2921 
16.3784 40.7526 48.0416 55.2268 15.0828 51.6645 21.8942 36.3238 57.9828 9.43398 31.3847 46.2159 42.4264 77.0803 34.8751 51.9272 41.5863 37.5766 31.241 28.0145 37.8633 58.1812 20.4006 33.5519 25.3181 0.0 12.083 64.5745 12.0416 27.0185 35.564 50.6431 49.9452 62.0954 71.2091 52.7409 48.2792 28.6007 43.1393 43.7391 30.5345 47.8867 24.6838 64.2774 11.0454 42.4264 59.5711 46.0977 33.9706 56.531 
22.3372 43.1393 53.7587 44.4072 21.0416 50.2638 25.2389 24.1868 53.4309 6.7082 34.0147 52.1747 47.2652 82.8812 36.3826 42.1388 30.4193 40.2046 19.8494 33.9733 43.7379 62.2841 26.3594 41.2311 31.257 12.083 0.0 70.5333 12.2066 25.0599 23.4778 38.4187 37.859 59.6686 73.2507 60.0833 45.2945 18.9737 32.0231 40.7063 17.0312 53.8455 29.5466 70.2363 18.868 31.4006 65.146 48.5184 23.3238 53.8394 
48.6423 68.7095 50.6952 110.154 67.4917 27.6586 59.8869 85.6007 87.4798 64.8163 57.5629 22.0227 52.6308 15.6525 43.6263 107.995 97.1719 61.2737 87.1448 39.9423 43.9659 17.0 45.8257 40.257 45.753 64.5745 70.5333 0.0 64.3379 71.8991 93.6638 88.0109 108.045 87.6641 20.6155 43.566 78.2676 83.2506 98.4917 37.5816 70.3532 20.025 54.4877 3.0 61.7338 97.6963 54.3323 65.307 89.1022 83.863 
16.5529 31.1448 60.0083 46.2277 15.3246 51.9063 13.0384 36.3593 65.4693 5.65685 42.45 44.0646 54.231 76.8437 35.1141 44.8398 34.0165 48.3839 24.3516 26.6271 33.0151 58.056 19.2094 45.5291 21.2132 12.0416 12.2066 64.3379 0.0 15.1327 35.5409 50.6815 44.2893 71.707 71.0839 64.7454 57.3329 19.4165 34.9857 43.9809 40.956 47.7615 17.72 64.0408 23.0 34.1321 53.6004 56.921 25.5539 65.8778 
30.4138 20.6155 75.06 40.4969 30.0 65.8643 12.0416 47.4295 77.9359 19.9249 57.4891 51.0621 69.3542 87.5418 49.0306 44.7214 33.9217 63.3246 25.9615 36.0555 34.0147 70.2638 29.9666 60.1332 26.1725 27.0185 25.0599 71.8991 15.1327 0.0 46.4562 62.2896 44.1944 84.22 83.1925 79.3095 69.8483 18.4391 32.1403 58.4209 55.8639 60.0083 18.0278 69.3141 38.0526 31.1448 50.04 71.8433 24.0832 78.3901 
45.4677 65.8743 60.5721 35.4401 44.172 64.4516 48.5575 14.8661 47.4342 30.1779 39.1169 75.3051 53.4347 106.012 53.9285 20.0 9.05539 42.45 19.2868 57.1037 66.9403 76.4719 49.4899 52.4725 54.3439 35.564 23.4778 93.6638 35.5409 46.4562 0.0 29.5296 16.1245 54.8179 87.4385 68.9916 41.4367 33.5444 23.3452 53.7736 23.8667 72.0625 53.0234 93.3667 41.9805 23.1948 88.5706 49.6488 18.9529 49.2443 
60.9771 81.4678 48.6004 60.1332 59.6815 61.131 63.7199 15.0 19.0263 45.2588 30.6757 85.2093 41.8808 96.0469 52.0384 38.0526 37.3363 29.1548 48.1067 67.0384 82.462 73.2462 64.9993 48.0833 69.9168 50.6431 38.4187 88.0109 50.6815 62.2896 29.5296 0.0 34.0 27.0 83.2166 59.0762 17.0 49.3814 50.01 50.448 29.1204 68.8369 68.1062 89.2181 42.6015 50.2195 104.17 31.8277 47.7728 22.2036 
59.8489 64.4611 74.0945 26.3059 58.5532 78.6896 53.1164 23.7697 53.0094 44.5591 52.6972 89.6863 66.888 120.393 68.1665 4.47214 13.0384 55.0091 21.0508 71.485 75.7591 90.7099 63.8711 66.7105 65.016 49.9452 37.859 108.045 44.2893 44.1944 16.1245 34.0 0.0 61.0 101.677 83.006 49.6488 25.8885 18.0278 68.0116 38.2479 86.3005 59.3252 107.748 56.3617 18.6011 93.9149 61.0983 20.5913 56.0803 
66.2891 102.393 39.0512 87.0919 76.8012 60.0167 83.5322 40.025 8.06226 66.2843 33.6155 93.8032 35.2278 93.0484 57.6975 65.0308 63.3482 27.7308 73.9931 75.4777 94.3183 71.5681 72.6813 47.8017 83.4929 62.0954 59.6686 87.6641 71.707 84.22 54.8179 27.0 61.0 0.0 78.0256 49.366 14.4222 73.058 76.6551 51.2445 44.8219 68.5985 86.4023 88.295 53.1507 76.7919 116.425 22.3607 73.6592 5.83095 
55.2769 84.901 39.0 117.557 74.1264 23.0217 72.2357 80.2621 79.6304 71.4509 52.5547 36.4966 43.4166 15.8114 39.8284 106.03 103.322 54.8179 92.9376 47.7598 61.2046 13.0384 53.2259 35.3412 59.4873 71.2091 73.2507 20.6155 71.0839 83.1925 87.4385 83.2166 101.677 78.0256 0.0 29.2746 71.3863 89.8852 105.151 33.6155 65.051 23.3238 68.3081 23.4094 54.5886 104.534 74.3303 56.3205 96.5528 75.326 
49.0408 87.8237 10.7703 104.187 67.4209 19.7231 71.0282 60.208 51.923 61.3922 30.4795 64.6759 17.2047 44.911 31.1448 87.4185 78.0538 30.0 79.392 50.7307 69.2892 26.6271 52.345 19.2354 62.3513 52.7409 60.0833 43.566 64.7454 79.3095 68.9916 59.0762 83.006 49.366 29.2746 0.0 44.7772 79.0569 91.773 21.0 46.6498 29.4109 69.4622 45.2217 41.9762 91.1558 88.8313 28.7924 83.2324 47.2969 
53.388 88.1579 34.0147 75.1066 62.985 51.0098 69.716 27.0185 9.84886 51.9102 21.587 80.9021 28.1603 85.4751 45.8803 53.9351 50.2494 17.0 60.7209 62.5766 81.4172 63.0714 59.7802 38.0132 70.5917 48.2792 45.2945 78.2676 57.3329 69.8483 41.4367 17.0 49.6488 14.4222 71.3863 44.7772 0.0 59.203 64.0312 41.1096 30.4795 59.0937 72.5861 78.7911 39.4084 64.0703 103.524 16.1245 60.3871 8.60233 
35.0545 38.8973 72.6167 26.9072 33.7588 69.0988 27.2947 34.5178 66.0168 19.2094 52.2398 63.2852 66.0663 95.7564 55.2175 26.4391 15.6158 57.0088 7.61577 46.0435 50.01 76.8573 38.6005 60.1664 39.5601 28.6007 18.9737 83.2506 19.4165 18.4391 33.5444 49.3814 25.8885 73.058 89.8852 79.0569 59.203 0.0 15.6525 59.542 34.2345 66.5628 33.541 82.9535 37.5766 14.7648 68.0294 65.0308 6.32456 67.3573 
50.2956 51.2445 83.852 12.53 49.0 82.1644 42.45 37.0135 68.884 34.0588 62.446 78.9338 76.9396 110.998 68.2831 16.2788 14.3178 65.7806 12.3818 61.5873 65.2534 92.0985 54.0833 73.0525 55.1543 43.1393 32.0231 98.4917 34.9857 32.1403 23.3452 50.01 18.0278 76.6551 105.151 91.773 64.0312 15.6525 0.0 72.6057 45.2751 81.8039 48.7647 98.1947 50.8396 1.0 82.1523 72.9932 9.43398 71.3442 
28.0713 67.082 19.7231 85.0117 46.6563 10.7703 50.04 46.6476 50.4876 41.4482 20.0998 51.26 17.8045 45.607 10.4403 72.3646 71.0019 24.1868 60.3919 32.0231 51.2288 22.8035 31.5753 3.60555 41.7772 43.7391 40.7063 37.5816 43.9809 58.4209 53.7736 50.448 68.0116 51.2445 33.6155 21.0 41.1096 59.542 72.6057 0.0 31.3861 18.4076 48.6621 38.1051 22.0449 71.9884 75.1214 29.1548 64.0078 47.0744 
46.5359 70.8317 38.738 57.6888 45.2403 42.064 51.9713 19.4165 39.6232 35.9549 18.0278 64.2715 31.832 76.8857 31.541 42.5277 32.8832 23.1948 32.8938 46.1007 68.0208 54.0843 50.5581 30.085 55.4756 30.5345 17.0312 70.3532 40.956 55.8639 23.8667 29.1204 38.2479 44.8219 65.051 46.6498 30.4795 34.2345 45.2751 31.3861 0.0 49.6749 54.8413 70.0562 21.6637 44.6578 89.7286 31.5753 37.3631 39.0512 
31.9545 63.1981 33.6006 93.4663 50.8039 9.89949 49.3356 64.9224 68.3058 48.1285 38.3889 19.4208 34.0148 30.8869 24.4524 90.6535 80.4842 42.0997 70.457 25.318 41.5933 10.2956 30.0832 21.083 37.3363 47.8867 53.8455 20.025 47.7615 60.0083 72.0625 68.8369 86.3005 68.5985 23.3238 29.4109 59.0937 66.5628 81.8039 18.4076 49.6749 0.0 45.8912 20.0998 39.2126 81.0085 60.5395 46.2883 72.4144 64.6948 
22.3607 18.4391 67.4463 58.1808 27.6011 52.0384 6.32456 53.7869 82.2896 22.8473 55.1083 33.6507 62.9682 70.1304 38.3275 59.8758 49.0525 61.4241 40.1123 20.6155 16.4924 55.7853 17.1172 51.1957 8.94427 24.6838 29.5466 54.4877 17.72 18.0278 53.0234 68.1062 59.3252 86.4023 68.3081 69.4622 72.5861 33.541 48.7647 48.6621 54.8413 45.8912 0.0 51.9028 45.359 47.8017 35.9026 69.3199 39.8121 80.8379 
48.3452 65.9242 51.8941 109.857 67.1947 28.4605 57.3019 85.3036 88.0033 64.5192 58.0864 19.799 53.4509 18.3848 44.8336 107.698 96.8749 61.7972 86.8478 37.3573 41.1096 18.6011 45.5287 40.7805 43.168 64.2774 70.2363 3.0 64.0408 69.3141 93.3667 89.2181 107.748 88.295 23.4094 45.2217 78.7911 82.9535 98.1947 38.1051 70.0562 20.0998 51.9028 0.0 61.4367 97.3993 51.3517 65.9697 88.8051 84.3923 
23.0915 63.5829 37.0135 63.2457 26.1172 31.6017 32.9286 36.9253 49.112 19.4165 21.095 50.451 31.4006 66.4233 17.7204 60.6416 49.2359 27.4591 38.6259 32.2801 51.1207 43.622 29.4837 22.8035 40.2953 11.0454 18.868 61.7338 23.0 38.0526 41.9805 42.6015 56.3617 53.1507 54.5886 41.9762 39.4084 37.5766 50.8396 22.0449 21.6637 39.2126 45.359 61.4367 0.0 50.2223 73.2271 35.8469 42.19 47.634 
49.5002 50.2494 83.2348 13.0384 48.2046 81.5471 41.4849 37.054 69.0507 33.3017 62.2027 78.0499 76.3223 110.202 67.6658 17.0294 14.1421 65.6059 11.7646 60.7454 64.2884 91.3031 53.2541 72.4352 54.231 42.4264 31.4006 97.6963 34.1321 31.1448 23.1948 50.2195 18.6011 76.7919 104.534 91.1558 64.0703 14.7648 1.0 71.9884 44.6578 81.0085 47.8017 97.3993 50.2223 0.0 81.1542 72.8354 8.60233 71.4493 
53.0 32.573 91.0225 89.4427 62.4883 69.3194 41.4367 89.4222 113.371 58.5235 82.9763 42.0595 88.8369 68.0074 62.6187 94.4654 83.6421 89.2749 75.1665 41.0366 22.4722 65.4599 44.6542 77.7968 34.8855 59.5711 65.146 54.3323 53.6004 50.04 88.5706 104.17 93.9149 116.425 74.3303 88.8313 103.524 68.0294 82.1523 75.1214 89.7286 60.5395 35.9026 51.3517 73.2271 81.1542 0.0 96.9184 74.0 111.224 
47.0524 86.6699 18.0278 84.9294 61.0 37.6563 67.8114 37.3363 23.3452 51.9343 14.7648 74.1832 13.0 71.007 36.6197 65.5515 58.6941 8.544 62.2013 55.8659 75.0067 49.2544 53.4446 25.632 64.2561 46.0977 48.5184 65.307 56.921 71.8433 49.6488 31.8277 61.0983 22.3607 56.3205 28.7924 16.1245 65.0308 72.9932 29.1548 31.5753 46.2883 69.3199 65.9697 35.8469 72.8354 96.9184 0.0 67.1193 19.0263 
40.9061 44.1475 76.0299 21.2603 39.6105 73.5659 33.541 33.6343 66.153 24.7588 55.109 69.531 69.1231 101.608 59.6846 20.8806 10.4442 59.4138 5.09902 52.1536 56.2939 82.7089 44.6542 64.4547 45.8803 33.9706 23.3238 89.1022 25.5539 24.0832 18.9529 47.7728 20.5913 73.6592 96.5528 83.2324 60.3871 6.32456 9.43398 64.0078 37.3631 72.4144 39.8121 88.8051 42.19 8.60233 74.0 67.1193 0.0 68.1354 
61.0883 96.7028 36.6742 82.0061 71.2368 56.3205 77.9678 34.5254 5.0 60.4552 28.6356 88.6024 32.0156 90.0222 52.9245 60.208 57.8705 23.0868 68.4692 70.2769 89.1175 68.1175 67.4805 43.7379 78.2921 56.531 53.8394 83.863 65.8778 78.3901 49.2443 22.2036 56.0803 5.83095 75.326 47.2969 8.60233 67.3573 71.3442 47.0744 39.0512 64.6948 80.8379 84.3923 47.634 71.4493 111.224 19.0263 68.1354 0.0 
DEMAND_SCENARIO_SECTION
0 0 0 0 0 0 0 0 0 0 0 0 0 0 0 0 0 0 0 0 0 0 0 0 0 0 0 0 0 0 0 0 0 0 0 0 0 0 0 0 0 0 0 0 0 0 0 0 0 0 0 0 0 0 0 0 0 0 0 0 0 0 0 0 0 0 0 0 0 0 0 0 0 0 0 0 0 0 0 0 0 0 0 0 0 0 0 0 0 0 0 0 0 0 0 0 0 0 0 0 0 0 0 0 0 0 0 0 0 0 0 0 0 0 0 0 0 0 0 0 0 0 0 0 0 0 0 0 0 0 0 0 0 0 0 0 0 0 0 0 0 0 0 0 0 0 0 0 0 0 0 0 0 0 0 0 0 0 0 0 0 0 0 0 0 0 0 0 0 0 0 0 0 0 0 0 0 0 0 0 0 0 0 0 0 0 0 0 0 0 0 0 0 0 0 0 0 0 0 0 
1 1 1 1 1 1 1 1 0 0 1 2 1 1 1 1 1 1 1 1 2 1 0 1 1 1 1 1 1 1 1 1 1 1 1 1 2 1 2 1 0 1 1 1 1 1 1 1 1 2 1 1 1 1 1 1 1 0 1 1 1 1 1 0 1 1 1 1 0 1 1 1 1 1 1 1 1 1 1 1 2 2 1 1 1 1 1 1 1 1 1 1 1 1 2 1 1 1 1 1 1 1 1 1 1 1 1 1 1 1 1 1 1 1 1 1 1 0 1 1 2 1 1 1 1 1 1 1 1 1 1 1 1 1 1 2 1 1 1 1 0 1 1 1 2 1 1 1 1 1 1 1 1 0 2 1 1 1 1 1 1 1 1 1 1 1 2 1 1 1 1 1 1 0 1 1 1 1 1 1 1 1 1 1 1 1 1 1 1 1 1 1 1 1 1 1 1 1 0 2 
1 1 1 1 1 1 1 1 1 1 1 1 1 1 1 1 1 1 1 2 1 1 1 1 1 1 0 1 1 1 1 1 1 1 1 1 2 2 2 1 1 1 1 1 1 1 1 1 1 1 1 1 1 1 1 1 0 0 1 1 1 1 1 1 1 1 1 1 1 1 1 1 1 1 2 1 1 1 1 2 1 1 1 1 1 1 1 1 1 1 1 2 1 1 1 1 1 1 1 1 1 1 1 1 2 1 1 1 1 1 1 1 1 1 1 1 1 1 1 1 1 1 1 1 1 1 1 2 1 1 1 1 1 1 1 1 1 1 1 1 1 1 2 1 1 1 1 1 1 1 1 0 1 1 1 1 1 1 1 1 1 1 1 0 1 0 2 1 2 1 2 1 1 1 1 1 1 1 1 1 1 1 1 1 1 2 1 1 1 2 1 1 1 0 1 1 1 1 1 1 
8 8 13 9 13 11 8 9 15 14 16 11 11 10 3 7 7 13 10 11 6 8 11 12 15 7 12 9 12 6 13 3 10 11 7 5 8 10 7 9 12 4 9 14 6 12 8 2 9 12 1 11 7 7 13 11 8 11 12 9 10 10 11 7 7 4 10 8 8 6 11 8 5 0 5 11 5 11 15 9 2 10 5 12 5 7 5 10 10 11 8 9 6 11 10 12 9 8 10 7 11 9 4 8 7 3 8 11 9 9 9 8 6 7 8 12 4 8 8 11 8 8 12 8 9 7 4 16 5 8 11 8 8 7 8 8 9 14 13 8 10 9 9 10 11 5 7 14 12 8 8 7 8 6 9 9 7 8 16 7 6 15 8 10 10 6 14 10 7 6 11 7 10 11 9 9 8 7 17 10 10 9 4 9 7 7 10 8 12 8 7 5 10 6 9 9 7 3 12 12 
8 5 8 6 6 5 6 7 5 6 7 7 7 6 8 8 3 6 2 6 6 7 7 8 7 8 8 5 7 6 4 2 5 4 7 7 5 5 7 4 6 10 9 6 6 4 6 5 4 4 6 3 5 4 6 3 5 6 6 7 9 7 3 8 4 4 7 10 5 3 2 6 5 7 8 4 2 8 4 6 12 6 8 5 6 2 6 9 4 3 7 6 6 7 8 8 8 1 8 7 4 10 7 9 7 3 7 5 7 6 4 7 10 8 8 10 8 6 9 6 5 4 7 8 3 5 7 6 6 8 8 5 6 8 6 3 7 5 5 9 6 4 4 11 6 5 2 4 3 7 5 4 6 2 6 8 3 6 5 4 5 6 6 6 4 6 9 6 3 5 8 6 6 7 6 6 6 6 7 9 7 6 4 8 4 6 8 5 3 10 7 8 4 4 6 10 6 6 6 8 
3 2 2 2 2 3 3 4 2 2 4 4 5 1 3 3 3 2 5 4 4 4 2 2 4 3 4 3 3 3 2 5 3 3 5 2 3 2 2 3 5 3 2 4 3 2 2 4 3 3 1 5 3 4 3 2 3 2 3 3 2 2 4 2 4 2 4 5 3 3 2 3 3 3 3 2 3 3 2 5 3 3 5 3 4 4 4 4 5 2 3 4 4 3 4 3 2 2 4 4 2 1 4 4 2 2 2 3 4 3 3 3 2 2 2 3 4 2 3 3 2 3 0 3 3 4 4 2 3 3 3 2 3 2 4 3 3 1 3 2 4 2 3 4 3 3 3 3 2 3 3 3 4 4 4 4 3 4 3 1 4 3 2 4 4 2 2 1 3 4 2 3 4 2 3 3 3 6 4 4 5 4 3 4 2 2 3 3 1 3 1 4 3 4 2 2 1 4 2 3 
5 9 9 7 6 6 6 10 7 5 7 3 5 6 5 7 6 5 7 4 8 7 6 6 7 7 7 7 1 13 9 7 8 7 6 7 5 7 7 4 7 6 6 7 6 7 6 6 5 4 11 4 6 6 5 5 3 5 4 7 6 5 5 5 10 9 1 4 6 1 10 6 2 5 4 5 6 6 7 5 5 6 9 5 7 6 8 3 7 6 2 12 6 5 10 3 8 2 7 6 6 5 6 4 3 5 8 6 9 5 7 7 8 7 5 9 3 8 6 4 4 3 6 5 7 2 8 9 6 8 7 7 6 5 5 4 3 3 7 4 3 6 3 6 5 5 9 7 3 5 4 5 1 10 7 7 5 5 6 6 9 4 4 7 7 5 7 5 5 7 4 5 5 5 2 6 9 5 6 6 6 9 4 8 8 5 5 9 5 6 9 7 8 6 7 7 7 7 8 9 
5 6 8 7 10 5 11 9 5 9 10 8 7 10 4 7 7 9 5 7 6 7 5 7 6 9 7 5 4 7 7 5 5 1 7 2 9 10 10 8 7 8 8 11 12 9 6 3 6 12 10 5 8 3 11 9 8 8 5 4 6 10 7 4 7 7 7 5 5 10 2 8 5 8 3 6 6 5 6 6 7 10 10 9 6 6 8 4 7 11 5 10 9 8 8 7 11 6 8 3 6 5 6 8 0 7 8 3 6 8 8 4 6 4 3 8 8 6 7 10 6 8 8 4 7 3 6 8 10 6 8 1 5 7 9 8 9 7 8 10 4 10 6 9 8 7 9 9 7 10 7 6 6 6 4 7 4 5 8 5 7 4 5 8 7 7 11 13 7 7 10 7 11 11 13 5 3 2 6 7 11 9 6 8 2 10 6 6 7 8 6 6 6 8 9 5 11 10 8 6 
6 6 3 7 6 6 5 7 5 4 5 5 7 4 5 6 5 5 3 2 5 4 3 4 3 4 7 4 4 3 5 6 4 3 6 4 4 4 5 3 7 3 7 2 6 3 6 4 2 5 6 5 2 7 5 4 5 6 4 6 3 5 4 6 5 5 3 6 10 4 6 6 3 5 5 6 5 4 2 7 5 4 5 5 8 6 7 5 7 6 5 5 4 5 3 5 6 5 6 6 6 6 4 3 4 7 7 3 4 6 3 3 5 5 8 6 6 4 5 5 3 4 5 4 7 8 6 5 3 4 4 3 5 3 3 5 6 7 9 4 4 4 7 1 4 4 4 3 4 7 7 6 5 5 6 3 5 5 7 6 5 5 3 6 8 3 6 4 4 3 4 6 5 3 5 4 8 6 5 5 7 1 5 4 5 5 4 5 4 7 5 6 6 4 6 6 5 5 4 3 
2 6 5 8 1 4 5 4 8 5 4 5 5 3 3 5 4 5 7 8 2 6 7 5 7 6 3 7 5 7 5 4 4 6 3 7 8 6 5 6 5 5 8 5 5 7 5 3 7 5 6 6 5 4 5 6 4 7 6 8 5 5 6 5 4 8 7 4 6 5 6 3 3 3 2 6 4 7 5 5 4 7 5 6 5 5 6 5 5 6 4 7 4 4 5 3 6 5 6 5 2 7 7 4 6 6 6 7 7 9 6 7 4 5 5 6 6 6 4 7 8 7 5 5 5 6 4 7 4 5 3 4 4 6 5 3 3 6 3 6 5 5 7 6 2 4 5 3 4 7 5 4 2 5 7 4 3 5 2 5 4 5 6 4 2 5 5 3 6 7 6 6 7 6 1 3 7 7 5 3 5 1 7 7 4 5 6 6 2 7 6 7 4 6 4 4 5 3 8 3 
4 5 2 4 4 3 3 2 3 4 3 3 3 3 3 1 2 4 2 2 2 3 3 3 3 2 5 4 2 5 4 4 1 2 3 5 3 2 3 5 3 3 2 3 4 3 2 3 3 4 4 5 2 3 4 3 3 4 3 3 4 4 4 1 4 3 4 2 1 1 3 3 2 3 4 3 4 3 3 1 2 3 4 4 4 4 4 3 1 2 2 3 4 2 2 3 2 2 3 2 3 4 3 3 4 3 3 4 2 4 4 3 3 1 2 5 3 4 4 3 3 1 3 3 1 2 3 4 3 2 2 1 3 2 2 3 1 2 3 2 3 3 3 2 3 5 4 3 2 3 3 2 4 4 4 2 3 3 3 2 6 2 3 3 3 5 3 5 3 4 2 4 3 3 3 3 4 2 4 2 2 2 4 2 1 2 1 3 3 4 4 3 2 3 2 4 5 3 3 3 
5 10 13 10 10 9 7 14 10 10 14 7 12 11 7 10 9 10 11 9 6 8 10 10 12 12 10 13 10 10 6 8 17 10 8 13 8 12 9 6 8 9 8 12 4 12 12 10 13 9 12 7 13 9 4 8 4 7 10 7 4 13 11 9 0 8 9 6 8 10 7 11 10 12 10 9 9 10 11 9 13 9 9 8 13 7 7 5 10 7 2 11 5 14 8 14 9 9 9 7 11 11 9 10 15 10 12 6 5 14 6 5 11 10 12 4 8 13 2 11 9 12 4 10 9 9 13 8 8 13 11 8 9 11 11 3 14 10 5 6 9 6 6 9 11 5 10 14 11 9 13 7 10 9 8 14 13 12 7 16 6 10 11 7 8 13 9 10 8 8 5 12 12 6 6 7 6 4 16 7 9 10 8 8 11 11 10 10 11 6 11 11 8 13 8 11 8 11 8 11 
3 3 3 4 6 4 3 3 3 4 5 4 5 5 3 2 4 5 3 4 3 4 4 3 3 4 3 5 4 5 4 5 6 5 6 5 6 4 4 5 4 4 2 3 2 3 5 5 8 2 5 3 4 5 3 3 4 6 5 5 3 2 1 3 3 5 5 4 3 4 4 3 2 4 4 3 5 2 5 3 3 4 5 3 5 5 4 6 4 4 3 2 4 5 4 4 5 5 6 3 5 5 4 6 4 6 5 5 3 4 2 4 2 4 4 6 5 3 4 1 5 6 6 3 3 2 5 6 3 3 5 4 3 5 5 5 5 3 6 5 3 4 4 3 5 2 3 5 3 3 4 5 2 1 4 5 3 5 3 5 3 2 5 3 4 4 8 4 3 4 4 5 4 3 6 4 5 4 5 5 4 6 4 3 3 3 4 7 3 5 5 3 4 5 4 3 0 0 5 4 
1 1 1 1 1 1 1 2 1 1 1 2 1 1 1 1 1 1 1 2 1 1 1 1 1 1 1 1 1 1 1 1 1 1 1 2 1 1 1 1 1 1 1 1 1 1 1 1 1 1 1 1 0 1 1 1 1 1 1 1 1 1 1 1 1 0 1 1 0 1 1 1 1 1 1 1 1 0 1 1 2 1 0 1 1 1 1 1 1 2 1 2 1 1 2 1 1 1 1 1 1 2 1 1 1 1 1 1 1 1 1 1 1 1 1 1 1 1 0 1 1 0 1 1 1 1 1 1 1 1 1 1 1 1 0 1 1 0 0 1 1 1 1 1 1 1 1 1 1 1 1 1 1 1 1 1 1 1 1 1 1 1 1 1 1 1 1 1 0 1 1 1 1 1 1 1 1 1 1 1 1 1 2 1 1 1 1 1 1 1 1 1 1 2 1 1 0 1 1 1 
3 3 2 1 3 2 4 5 3 3 2 4 3 1 4 4 4 3 3 4 4 2 4 3 3 4 2 4 2 3 3 1 0 1 3 1 3 2 1 3 3 3 4 4 3 3 3 4 4 4 2 2 2 1 4 4 5 2 2 4 2 3 4 3 2 3 2 2 4 2 1 4 3 3 3 1 4 4 4 4 3 1 2 4 2 2 4 0 4 4 4 1 4 2 3 4 3 4 3 2 2 3 1 4 3 3 2 2 3 3 4 3 3 2 3 3 2 2 3 4 5 3 3 3 3 1 2 2 5 1 4 2 3 2 3 5 4 3 3 4 4 1 3 4 2 3 4 3 4 2 4 4 4 2 1 4 3 4 3 1 5 2 2 4 3 3 3 3 4 3 4 1 3 4 2 3 4 3 5 3 3 4 4 3 3 4 2 3 3 3 5 3 3 3 4 4 3 4 4 1 
6 3 2 3 2 3 4 1 4 2 5 3 6 3 3 3 2 4 3 2 4 4 4 2 4 4 3 1 4 2 3 4 1 2 2 4 2 4 2 3 2 2 3 3 4 4 3 1 3 2 3 1 2 4 2 4 5 3 4 3 2 3 3 1 5 4 2 3 3 3 4 3 3 2 3 2 3 4 4 4 2 4 3 3 4 5 3 3 2 3 3 3 4 3 5 1 4 3 3 4 5 1 4 2 3 3 2 3 3 3 3 4 4 3 3 4 3 4 2 5 3 5 4 4 4 3 4 4 4 2 3 4 2 4 4 2 3 4 3 1 3 3 4 3 4 4 4 2 2 2 2 2 3 4 4 3 1 3 3 3 3 3 3 4 3 4 4 4 2 4 2 2 2 3 3 2 3 2 3 4 4 4 2 1 4 2 4 3 3 3 4 4 4 4 4 4 2 2 3 3 
2 2 2 2 2 2 2 3 2 2 2 3 2 2 3 2 3 4 1 2 2 1 3 2 3 2 1 2 3 1 3 3 3 2 3 2 1 2 2 2 2 2 2 3 4 2 1 3 2 1 1 2 2 2 2 2 1 1 2 2 2 2 2 2 1 2 2 2 2 2 3 1 1 2 1 3 1 2 1 1 2 1 2 1 3 2 3 1 3 2 2 1 1 1 3 1 2 1 2 3 2 3 2 1 0 1 3 3 1 2 2 1 2 3 2 2 2 2 2 3 2 3 2 2 2 1 2 2 1 2 2 1 2 1 2 3 2 2 3 2 2 2 2 2 2 2 2 1 1 2 2 3 2 2 3 2 2 2 3 3 1 2 2 2 1 2 3 2 2 2 1 2 2 2 3 3 1 2 3 3 2 2 3 2 2 2 2 2 1 2 1 3 2 2 2 2 2 2 2 1 
4 3 2 4 2 2 2 3 3 2 3 3 3 2 3 2 2 3 3 3 4 3 3 1 4 3 2 3 4 2 2 3 2 4 1 2 2 4 3 3 3 1 4 5 3 4 3 4 4 2 1 4 3 3 5 2 3 3 2 4 3 4 3 3 4 1 2 3 2 3 3 3 3 1 3 2 3 3 6 3 3 3 2 3 3 3 3 3 3 4 3 3 1 3 2 5 3 4 4 4 1 2 3 4 2 3 2 4 3 3 2 2 3 2 3 4 4 5 2 3 2 5 4 2 1 3 4 4 3 6 3 3 4 3 2 2 2 3 2 4 4 1 3 0 4 3 3 5 3 4 3 4 1 4 4 1 4 2 3 3 2 1 2 2 3 3 2 4 3 4 2 4 1 4 3 4 3 3 4 2 3 2 4 4 4 4 3 3 5 3 3 3 1 3 2 3 3 4 3 3 
1 2 1 1 1 2 1 1 1 1 1 1 1 1 1 1 1 1 1 1 0 1 1 1 1 1 1 1 1 1 1 1 1 1 2 1 0 1 1 1 1 1 1 1 1 1 1 1 1 1 1 1 1 1 1 2 2 1 1 1 2 1 1 1 2 1 1 1 2 1 1 1 1 1 1 1 1 1 1 1 1 2 0 2 1 0 2 1 1 1 1 1 1 1 2 1 1 1 1 1 1 1 1 1 1 1 1 1 1 1 1 1 1 1 1 1 1 1 1 1 1 1 1 0 2 1 1 2 0 2 1 1 1 1 1 1 1 0 1 1 1 1 1 1 1 1 1 1 1 1 1 1 1 1 1 1 1 1 1 1 1 0 1 1 2 1 1 1 1 1 1 1 1 1 1 1 1 1 1 1 1 1 1 1 0 1 1 1 1 1 1 1 1 1 1 1 1 1 1 1 
5 4 6 9 5 5 3 4 5 6 3 4 5 5 5 5 3 4 6 7 2 8 3 6 6 6 7 5 6 6 5 5 5 4 7 7 6 4 3 6 4 5 4 5 5 10 2 4 4 6 3 5 3 7 4 6 3 6 3 3 6 3 8 4 4 5 5 6 6 7 7 5 6 3 6 7 4 4 4 1 2 4 6 5 3 6 6 5 4 4 4 4 6 5 5 7 5 5 5 5 6 6 5 7 6 5 5 4 5 8 5 7 3 6 7 5 5 3 6 5 4 6 5 5 6 8 4 5 4 5 5 4 4 7 3 6 7 5 2 5 4 4 8 6 6 5 5 5 3 7 4 4 4 4 6 5 4 5 8 6 6 6 5 4 5 5 6 5 3 8 5 6 6 6 2 7 4 4 7 8 6 6 7 6 4 7 7 6 4 2 5 5 2 5 3 4 5 5 7 3 
8 14 8 10 9 5 9 10 5 8 6 7 4 7 10 8 9 9 12 14 10 10 5 8 7 12 10 10 10 5 7 7 9 9 14 9 6 6 6 11 6 6 9 8 13 6 6 4 6 11 10 4 10 9 10 12 7 10 7 4 5 6 15 6 4 10 11 8 8 11 11 7 6 7 11 4 10 9 5 10 12 7 9 10 11 8 9 11 8 9 9 9 6 10 7 8 6 1 6 7 10 4 9 9 4 4 10 7 7 8 9 7 8 4 7 9 7 8 11 10 7 7 4 7 4 5 7 6 4 9 4 10 4 8 9 7 11 6 9 9 8 7 8 7 7 12 7 11 4 8 10 10 5 5 8 13 7 9 12 8 6 8 11 13 9 11 6 10 8 10 8 12 7 13 12 10 7 10 8 10 8 8 8 5 10 8 7 11 11 8 10 1 9 11 9 9 14 10 9 7 
9 9 4 8 6 4 6 6 6 9 8 6 5 6 8 5 3 10 3 5 9 4 8 6 2 2 5 6 7 5 3 1 10 6 7 4 7 4 6 3 4 8 7 6 8 9 8 4 8 5 6 3 5 6 11 8 5 5 6 7 5 5 5 8 7 9 3 3 6 1 5 5 9 8 6 7 9 5 8 8 6 4 9 3 6 5 2 5 10 6 8 5 5 6 7 5 7 7 4 5 2 3 8 8 4 2 4 7 4 6 7 10 5 8 11 2 8 7 5 7 4 2 6 8 5 4 4 3 6 8 5 8 5 7 6 7 4 7 6 7 5 7 7 4 3 4 10 5 9 8 6 6 7 7 4 5 7 3 4 6 5 4 8 6 6 4 8 6 4 5 7 8 4 3 4 3 5 8 4 5 10 6 5 5 7 6 6 7 9 5 10 7 5 6 10 5 9 4 5 9 
2 7 6 8 5 5 8 3 6 6 5 7 0 7 6 6 8 7 4 4 5 6 3 7 5 2 4 7 4 6 8 6 5 6 9 5 5 8 9 8 3 4 5 7 5 6 6 6 5 6 5 11 5 5 8 7 6 4 7 7 7 7 7 4 9 10 7 4 7 4 4 7 8 7 5 8 7 8 4 5 5 4 6 10 7 5 4 12 3 6 6 3 8 9 5 6 7 3 9 5 6 5 11 8 7 8 5 9 2 9 5 5 6 4 7 6 3 8 5 4 5 7 1 5 6 4 4 3 7 7 5 8 6 4 6 7 3 6 3 7 8 9 7 8 9 8 7 5 3 5 7 4 4 3 7 8 9 7 11 7 7 8 6 5 7 6 6 7 6 10 5 6 6 2 2 9 6 4 6 5 8 8 6 9 7 5 7 6 5 4 4 0 7 7 6 4 4 5 7 8 
7 2 5 8 9 5 11 5 8 3 7 9 8 10 9 7 13 7 7 9 8 5 5 8 11 10 9 7 8 4 8 5 10 11 9 4 9 7 5 7 6 12 10 6 11 14 10 8 7 8 7 7 6 10 9 10 6 8 5 6 5 8 6 11 10 11 7 7 5 13 12 7 17 13 7 9 7 11 6 9 8 10 9 6 8 7 5 9 8 4 9 7 9 9 6 9 8 8 8 9 6 11 9 14 9 12 11 8 8 13 8 5 6 13 6 11 11 7 8 7 11 4 10 8 17 10 9 5 8 8 5 4 6 9 6 9 11 10 5 13 14 12 8 6 11 13 8 9 10 9 10 7 10 5 5 5 8 8 9 11 8 10 4 7 10 7 9 5 1 7 7 8 2 7 10 11 4 11 5 10 8 6 4 7 7 13 12 3 5 5 9 12 5 13 10 8 9 1 12 8 
4 3 4 4 3 3 2 2 4 2 4 4 4 5 3 3 4 3 3 4 5 1 4 2 3 4 3 3 3 3 3 4 3 4 3 4 3 2 4 5 3 4 2 4 3 4 4 3 3 2 3 4 3 2 4 3 5 3 1 3 3 3 5 4 3 3 2 4 4 2 3 3 2 4 2 3 3 4 1 3 4 3 3 5 4 3 3 4 3 4 2 3 2 2 3 1 3 2 3 2 4 2 4 2 3 3 4 1 1 3 4 2 1 2 3 3 3 2 3 3 5 2 4 4 2 3 5 2 1 2 2 4 2 2 4 3 3 5 4 3 3 2 1 2 2 3 2 2 4 2 3 3 4 2 2 2 3 1 2 4 3 4 4 3 2 2 3 4 4 4 3 2 5 4 3 4 3 4 3 4 1 3 4 3 2 3 2 2 2 2 3 3 4 3 5 4 3 2 4 2 
3 4 5 2 5 6 4 7 3 3 4 2 2 6 5 5 4 6 3 4 5 4 4 3 4 2 3 2 4 6 5 4 4 3 3 4 4 4 5 3 4 3 2 4 3 6 4 3 5 4 5 5 5 6 3 5 4 3 4 5 4 3 3 5 4 4 4 6 5 4 4 2 3 4 2 3 3 4 5 4 2 3 4 4 5 4 6 5 5 4 4 3 3 4 3 3 5 5 4 3 2 5 3 4 2 4 4 4 1 5 4 3 4 3 5 2 4 3 5 2 2 6 5 5 2 5 3 5 3 3 4 5 5 5 4 6 5 3 3 6 5 4 3 5 6 5 4 4 6 6 1 5 5 1 4 3 1 3 2 5 5 3 4 4 2 5 6 4 6 4 5 5 5 4 3 3 3 6 3 5 3 3 5 6 4 2 4 4 5 3 4 5 2 2 6 3 3 5 6 2 
5 3 3 5 3 3 4 3 6 4 3 5 3 3 4 4 4 3 5 4 3 3 2 6 3 7 4 5 2 5 4 5 4 5 2 5 4 1 3 3 4 4 2 2 4 4 4 6 2 4 7 4 4 4 2 2 5 4 4 4 5 5 4 4 6 5 3 6 6 2 4 5 2 5 4 2 5 2 4 4 3 5 3 5 3 4 0 4 3 4 2 2 1 4 5 3 4 3 3 6 4 5 4 5 3 4 6 1 5 2 1 4 5 4 4 3 3 3 4 5 4 6 8 2 5 6 4 3 4 6 4 2 2 6 3 2 4 4 5 4 4 4 5 5 4 4 4 4 4 4 3 5 4 5 4 4 4 0 5 5 6 3 5 5 5 3 2 4 5 5 5 6 2 3 6 2 6 5 3 3 3 2 3 5 4 3 3 4 4 5 2 4 3 6 5 3 3 2 3 5 
10 13 3 11 10 7 9 12 14 6 3 8 13 10 10 12 12 18 13 11 8 12 8 13 7 12 9 11 9 11 7 8 7 11 12 13 14 10 14 3 12 10 3 6 10 14 14 14 7 12 8 8 5 11 13 12 5 13 13 12 1 10 11 10 14 6 8 12 7 7 8 11 11 18 10 10 10 16 11 11 12 9 5 13 12 9 12 5 9 5 12 9 9 14 6 16 7 11 11 7 8 7 12 7 12 10 3 13 18 9 9 8 7 8 8 12 4 9 10 7 6 7 4 9 4 13 13 4 13 12 11 11 10 9 7 10 8 13 10 10 6 13 10 15 8 7 9 9 9 15 10 12 15 6 11 10 11 8 7 8 8 0 10 14 12 9 5 8 4 7 11 7 7 11 8 13 10 4 15 15 10 11 3 7 3 10 16 12 7 7 21 9 11 12 12 11 11 8 11 7 
3 2 3 4 5 2 1 2 4 2 0 4 2 4 4 2 3 2 2 2 4 3 3 3 4 4 2 4 4 2 2 3 4 4 4 1 3 2 2 4 2 5 2 3 2 4 4 3 3 2 4 4 2 3 3 3 2 5 4 3 3 4 2 5 3 3 2 4 3 3 3 4 4 2 2 4 5 3 1 4 3 4 3 1 3 3 2 4 2 4 4 4 4 1 2 1 3 2 4 2 3 1 1 4 3 2 4 4 3 4 1 4 5 2 4 3 2 4 3 2 2 3 3 2 2 1 3 4 2 3 2 7 3 2 4 2 4 2 5 2 3 3 1 4 3 4 5 0 3 2 3 2 4 2 1 3 3 2 3 3 4 2 4 1 2 4 2 2 3 2 3 2 2 4 2 3 1 3 3 3 4 2 3 1 3 2 4 2 1 2 4 4 3 3 4 3 2 4 4 3 
6 4 14 6 4 13 10 8 3 10 8 10 6 8 11 6 9 7 6 11 7 11 7 7 8 12 9 7 5 8 5 9 10 10 8 10 9 11 10 10 6 7 12 1 8 8 3 9 8 11 10 5 6 9 12 6 12 11 11 9 5 12 6 9 15 6 5 7 8 11 9 6 8 8 6 4 10 9 8 3 13 11 7 11 6 5 6 10 7 11 2 9 10 5 8 10 6 10 11 7 5 8 7 9 10 8 10 9 9 8 7 10 8 8 14 11 5 2 10 9 8 9 12 9 0 7 10 7 9 6 10 12 8 9 8 7 6 8 7 12 6 8 6 13 4 8 7 7 7 10 8 6 6 12 8 11 1 5 14 13 11 8 4 10 8 6 8 11 9 10 10 13 8 8 1 7 7 14 8 9 9 12 11 6 10 5 6 7 6 7 9 7 10 7 5 8 11 9 13 8 
5 7 6 8 12 5 4 10 8 6 6 9 9 4 12 7 13 11 11 12 8 8 13 8 16 11 6 7 8 9 6 11 8 12 12 7 12 9 2 11 10 10 6 8 8 14 8 10 9 12 8 8 9 9 10 7 6 10 10 12 10 10 9 9 9 10 10 10 6 10 10 10 9 11 10 7 9 8 7 4 11 12 8 4 5 11 5 6 11 9 6 12 6 6 14 10 9 10 5 10 8 9 8 19 6 12 9 6 9 10 12 11 11 14 7 11 14 4 9 11 10 13 10 10 11 7 6 9 11 8 7 13 12 13 8 12 10 6 12 1 14 7 6 9 8 2 11 8 12 8 15 14 8 8 8 14 8 14 10 12 10 3 7 6 10 9 14 16 9 10 6 5 14 9 10 7 8 2 10 11 7 11 11 8 10 12 6 12 8 13 10 4 7 6 14 7 8 7 3 6 
8 12 7 8 5 7 6 6 6 10 5 3 6 3 10 9 9 7 10 9 9 2 7 8 7 13 4 11 8 2 5 7 10 8 7 8 9 6 8 6 9 4 4 7 13 5 10 5 14 9 5 6 10 7 6 9 8 7 9 6 11 9 7 9 9 9 10 9 8 7 10 9 7 7 8 6 10 11 10 7 3 8 9 8 9 10 10 7 10 5 5 11 7 6 10 9 8 12 6 6 7 6 7 8 13 10 8 9 9 10 9 12 11 8 9 11 3 11 10 9 9 11 14 7 9 5 11 5 6 6 7 12 3 9 7 7 9 13 5 10 10 9 12 6 12 3 11 6 11 10 8 8 12 9 5 10 11 6 5 7 10 3 8 12 12 8 12 10 10 8 10 9 7 7 10 8 8 5 10 8 3 10 12 4 8 3 4 8 4 8 4 6 8 5 9 7 7 7 6 6 
6 7 6 12 10 9 11 9 8 10 11 9 14 12 11 5 14 12 2 5 6 7 8 14 15 5 10 9 7 10 11 10 7 8 6 8 4 12 11 13 5 5 5 13 14 8 13 10 12 13 12 10 7 8 11 8 15 11 11 5 11 7 6 7 8 6 7 13 10 4 10 7 10 11 10 5 13 8 8 5 9 9 5 10 9 6 10 11 7 4 7 4 7 3 11 11 14 9 12 7 6 11 5 7 15 10 7 10 12 5 18 9 9 4 7 6 11 14 11 11 17 6 10 15 17 11 9 5 11 8 7 3 4 10 10 9 9 14 7 10 10 8 9 13 9 10 6 7 7 8 8 9 8 10 9 6 8 8 7 6 9 14 9 8 12 11 10 8 9 7 9 8 9 12 7 5 10 8 9 5 7 11 8 11 8 11 13 12 5 13 7 10 8 8 11 16 12 10 5 14 
6 5 11 5 4 4 7 6 7 1 9 5 7 2 3 6 3 6 5 7 8 6 5 6 7 5 11 5 7 3 4 5 7 2 5 6 5 6 8 6 8 9 6 5 10 5 3 0 7 10 5 5 4 5 7 7 6 3 3 6 9 6 9 8 6 8 6 5 4 6 6 4 5 3 5 4 5 9 10 4 6 5 6 5 5 6 6 4 7 4 4 6 3 4 4 4 7 5 6 6 4 7 2 4 8 8 5 5 5 9 5 2 7 4 5 8 2 5 6 7 10 6 8 5 6 7 7 6 7 11 7 6 6 4 6 6 6 5 9 7 8 7 5 6 5 6 6 4 8 5 6 6 7 7 4 7 10 4 5 6 4 7 4 6 8 7 2 6 10 2 5 3 5 8 3 6 6 7 5 5 4 6 7 7 6 8 7 5 6 6 8 4 8 4 5 4 8 2 9 4 
1 1 1 1 1 2 1 1 2 0 1 1 1 1 1 1 1 1 1 2 1 2 1 2 0 1 1 1 1 1 1 1 1 1 1 1 1 1 1 1 1 1 1 1 1 1 1 1 1 1 1 2 1 0 2 1 1 1 1 1 1 1 1 1 1 1 1 1 1 1 1 1 2 1 1 2 0 0 1 1 1 1 1 1 1 1 1 1 1 1 1 1 1 1 1 1 1 1 1 1 1 1 1 1 0 1 1 1 1 1 1 1 1 2 2 1 1 2 1 1 1 1 1 1 1 1 1 1 1 0 1 1 1 1 1 1 1 1 1 2 1 1 1 1 1 1 1 1 0 1 0 1 1 0 1 1 1 1 1 0 1 1 1 1 1 1 2 1 1 1 1 1 1 1 1 1 1 1 0 1 1 1 1 1 1 1 1 1 1 1 0 1 1 2 1 1 1 1 1 1 
4 4 7 7 5 4 1 5 7 3 3 6 4 3 5 6 4 6 9 5 7 5 5 3 8 4 5 3 5 4 6 4 4 6 6 4 5 7 3 5 7 3 3 5 3 7 0 2 3 6 5 7 5 4 4 4 5 6 9 5 3 4 5 7 7 5 7 4 7 6 6 4 5 7 5 2 3 6 7 8 6 3 7 4 7 7 5 5 6 6 2 4 6 6 7 1 4 6 9 2 6 3 4 6 4 5 7 4 1 6 3 5 2 5 4 4 5 5 5 6 8 3 5 8 7 8 4 4 3 7 4 6 5 6 5 5 4 3 3 5 6 5 7 5 4 3 3 7 6 6 4 4 9 7 5 5 4 3 5 7 6 6 2 6 3 4 8 3 5 6 2 4 5 4 4 8 7 6 2 7 5 3 2 8 2 4 6 8 6 3 9 7 3 6 6 6 5 7 4 6 
5 5 5 5 5 4 9 10 2 5 7 5 4 4 8 6 9 9 7 7 4 6 5 5 10 2 7 5 4 7 5 3 8 2 7 6 6 6 6 5 5 5 5 9 9 7 7 6 8 8 10 5 6 4 6 6 3 5 10 7 5 6 4 9 5 7 5 8 4 7 7 7 6 6 7 6 9 8 4 6 7 10 5 3 7 8 6 6 6 1 9 7 6 3 11 6 5 7 4 6 3 5 4 6 8 9 9 7 3 8 9 9 7 6 6 4 9 2 5 2 5 6 8 3 3 7 1 7 5 6 5 7 11 8 9 10 6 5 5 7 9 7 3 9 6 4 8 9 5 5 5 8 4 4 7 9 4 8 6 7 2 7 9 6 5 6 9 6 3 9 4 6 4 6 8 7 7 6 5 7 6 4 10 6 3 3 5 7 4 6 11 6 3 5 5 4 6 5 2 6 
3 1 1 1 2 1 2 1 1 2 1 3 2 2 1 2 2 1 3 2 2 1 3 2 3 3 2 2 2 2 2 2 2 2 2 2 2 2 2 1 3 1 1 2 3 3 2 2 3 3 3 2 1 1 3 1 2 2 2 3 2 3 3 3 2 2 1 2 2 2 2 2 2 1 2 1 1 1 3 2 1 2 2 3 2 3 3 2 2 2 1 2 2 3 2 3 1 3 0 2 2 3 1 3 3 2 3 2 2 1 2 2 2 3 2 3 2 3 2 3 2 2 2 2 2 2 2 3 1 3 2 2 1 3 3 1 2 3 1 2 1 3 2 2 1 2 3 3 2 2 2 3 2 3 2 2 2 2 1 3 2 3 2 2 3 1 1 1 1 2 1 2 2 3 2 1 2 3 2 2 2 3 2 2 3 1 2 2 1 2 3 2 2 2 2 2 1 2 2 3 
5 3 5 6 2 4 4 3 4 2 4 3 5 5 5 2 3 5 3 4 6 5 3 5 7 2 4 5 5 3 6 5 2 5 4 3 4 6 3 3 4 4 3 5 6 4 4 3 4 6 4 2 5 6 3 4 3 3 6 2 5 4 5 1 6 6 4 5 4 4 2 5 3 3 3 6 6 4 2 4 5 4 2 3 2 3 5 3 4 6 2 5 5 4 2 1 3 4 4 4 7 3 4 5 5 5 4 4 5 5 4 2 6 1 5 5 3 6 6 4 4 4 2 5 5 6 4 3 4 4 6 5 4 3 5 4 6 3 5 7 5 5 5 2 4 4 6 4 2 3 2 2 5 3 3 2 2 5 5 4 5 5 4 4 4 4 4 4 6 6 4 6 4 5 3 2 3 3 3 3 4 5 5 3 3 3 5 7 3 3 5 3 3 5 4 3 5 5 3 4 
15 16 8 5 13 10 6 11 16 11 10 5 11 11 13 11 10 8 4 9 9 10 14 10 8 7 7 9 7 9 5 9 8 9 8 7 7 8 6 7 6 7 11 15 14 10 13 6 9 6 10 10 13 15 3 10 6 4 10 13 5 12 9 10 9 12 6 12 11 12 8 7 11 16 7 7 9 6 8 2 6 14 8 5 9 12 7 5 12 9 5 9 5 12 7 10 9 8 7 10 7 9 5 9 12 8 5 5 10 11 12 11 4 12 11 9 11 10 12 4 7 11 11 7 10 10 8 15 9 13 8 9 14 5 7 4 10 8 6 13 9 9 10 10 9 8 6 4 13 10 12 6 5 7 4 13 9 8 12 4 8 10 9 8 11 13 13 6 9 12 8 13 11 8 10 7 15 8 8 5 4 14 6 13 15 9 12 10 10 12 8 10 11 7 12 11 11 10 10 12 
12 9 6 7 6 3 7 8 5 7 8 4 7 12 5 10 12 10 9 11 7 9 10 10 9 9 3 11 8 10 8 11 11 6 8 8 7 10 8 10 13 6 6 11 4 9 6 8 5 10 11 6 8 7 10 11 10 8 9 5 5 10 9 9 7 6 8 8 7 6 9 13 6 7 10 5 13 11 12 8 5 8 6 11 8 5 7 0 9 9 8 8 10 11 8 7 9 9 7 6 9 13 6 11 9 6 6 8 12 13 5 9 7 5 6 10 4 8 9 11 5 8 11 10 4 5 6 7 6 10 10 8 10 9 8 5 7 10 7 6 7 5 13 8 7 10 5 12 10 5 8 4 10 7 7 3 11 11 9 6 10 8 5 10 10 5 6 8 6 10 10 11 8 8 8 6 5 9 6 9 5 7 8 13 9 5 11 4 5 10 10 6 11 9 6 9 11 11 7 4 
2 3 5 3 2 4 4 4 2 3 5 2 4 4 3 2 3 1 4 3 2 2 4 3 3 2 2 4 3 2 4 2 2 3 3 3 4 2 2 3 1 3 2 3 3 3 4 5 3 3 2 3 3 4 3 5 4 3 3 2 2 3 3 5 2 4 3 4 3 2 3 3 3 3 2 4 5 2 4 3 3 2 1 3 4 3 3 5 4 3 3 2 2 4 2 2 2 2 3 2 4 2 2 4 3 2 4 3 2 3 5 1 2 5 3 2 2 2 3 2 1 2 3 4 3 3 4 2 2 3 4 4 3 3 4 3 5 2 2 3 2 5 2 4 2 4 4 3 3 3 4 4 4 3 4 3 3 2 3 3 4 5 3 1 2 3 2 3 3 3 4 3 3 2 6 3 6 4 4 1 3 2 2 5 3 4 4 3 3 3 5 2 4 2 3 3 3 3 4 3 
6 11 8 5 8 3 15 8 11 9 7 8 3 11 8 11 11 10 7 10 9 9 11 10 14 9 9 12 9 13 9 13 10 5 10 8 6 12 9 11 12 10 17 12 12 9 10 8 10 11 10 7 9 12 8 11 8 11 12 8 9 13 9 9 9 7 8 6 17 8 7 7 8 14 7 6 7 8 10 8 10 5 7 11 13 13 14 13 13 12 7 14 9 6 1 12 7 5 15 13 4 4 13 12 7 9 10 12 11 10 3 10 12 7 8 7 11 8 7 7 10 11 10 8 7 14 11 13 8 6 5 7 12 10 13 10 8 8 13 9 7 10 5 9 8 10 6 13 12 10 13 9 7 9 8 8 10 7 5 7 17 12 11 7 5 13 12 9 11 9 10 11 11 9 7 11 3 8 9 14 11 13 6 5 12 8 9 13 9 7 11 8 12 5 10 11 11 9 11 12 
6 9 7 10 8 4 5 7 5 4 2 6 8 5 4 6 5 9 3 7 7 6 7 6 10 8 7 6 7 7 7 4 6 6 8 3 10 8 11 6 7 7 8 4 6 9 4 8 9 8 3 2 7 7 9 8 11 7 7 6 3 12 12 7 7 8 6 5 9 8 5 6 4 7 8 8 6 8 7 6 8 7 6 11 3 3 4 8 9 11 3 5 4 8 5 7 10 6 5 8 6 5 9 3 5 6 9 7 7 10 7 9 8 9 6 9 9 6 8 5 4 8 10 5 8 8 4 9 8 7 9 11 5 7 11 2 8 6 10 5 2 6 10 6 4 7 7 5 6 5 3 7 8 7 6 10 8 9 4 6 5 5 8 8 7 6 7 8 5 8 7 6 5 10 6 4 7 4 8 10 4 3 3 10 7 5 7 10 6 6 2 7 10 6 8 2 10 7 11 8 
