NAME  : Jabali_50_4_0.80_1_9
TYPE : SVRP
MODEL : FINITE_SUPPORT
NUMBER_OF_SCENARIOS : 200
DIMENSION : 50
EDGE_WEIGHT_TYPE : MATRIX
CAPACITY : 87
N_VEHICLES : 4
NODE_COORD_SECTION
1 3461 3318
2 27 2349
3 3129 4186
4 3504 5214
5 2903 1233
6 1987 1441
7 3684 686
8 6740 209
9 4713 4434
10 4343 7148
11 1312 3722
12 3232 2028
13 8675 2694
14 7459 4821
15 4596 5226
16 3933 18
17 3820 840
18 1917 910
19 1278 1160
20 4534 3178
21 4411 922
22 5237 1492
23 5813 5578
24 6254 874
25 4932 2542
26 6009 615
27 6710 4573
28 2706 2730
29 1896 5071
30 4337 5873
31 3511 1339
32 4733 4808
33 2718 5492
34 772 1618
35 3689 7346
36 4333 470
37 6972 3210
38 2535 91
39 3921 1654
40 5520 4873
41 4038 6587
42 2082 2420
43 4779 6042
44 4707 2922
45 8036 4536
46 3779 5843
47 2695 1304
48 2525 500
49 6400 4738
50 4137 1618
DEMAND_SECTION
1 0.0
2 4.0
3 7.0
4 9.0
5 7.0
6 2.0
7 9.0
8 6.0
9 1.0
10 4.0
11 4.0
12 9.0
13 2.0
14 4.0
15 4.0
16 1.0
17 9.0
18 10.0
19 8.0
20 8.0
21 8.0
22 6.0
23 10.0
24 1.0
25 9.0
26 3.0
27 3.0
28 7.0
29 9.0
30 6.0
31 5.0
32 8.0
33 8.0
34 5.0
35 9.0
36 3.0
37 1.0
38 3.0
39 3.0
40 2.0
41 1.0
42 9.0
43 7.0
44 10.0
45 7.0
46 9.0
47 10.0
48 4.0
49 2.0
50 3.0
DEVIATION_SECTION
1 0.0
2 1.33333
3 2.33333
4 3.0
5 2.33333
6 0.666667
7 3.0
8 2.0
9 0.333333
10 1.33333
11 1.33333
12 3.0
13 0.666667
14 1.33333
15 1.33333
16 0.333333
17 3.0
18 3.33333
19 2.66667
20 2.66667
21 2.66667
22 2.0
23 3.33333
24 0.333333
25 3.0
26 1.0
27 1.0
28 2.33333
29 3.0
30 2.0
31 1.66667
32 2.66667
33 2.66667
34 1.66667
35 3.0
36 1.0
37 0.333333
38 1.0
39 1.0
40 0.666667
41 0.333333
42 3.0
43 2.33333
44 3.33333
45 2.33333
46 3.0
47 3.33333
48 1.33333
49 0.666667
50 1.0
DISTANCE_MATRIX
0.0 48.1664 12.8062 26.0768 28.1603 32.1403 34.8906 62.4968 23.0217 54.16 32.0227 17.4929 69.4622 57.4543 32.257 44.3152 34.0654 38.0 41.0 14.4222 38.6308 36.7611 44.4072 51.9836 20.8202 51.5522 47.0106 12.6491 32.3722 38.1455 26.4838 27.0185 30.8058 42.9535 55.4707 43.9538 46.4004 43.9659 30.1709 34.9285 46.0754 21.9317 42.4373 16.1555 63.6003 35.3569 28.6356 39.2938 44.2832 29.1551 
48.1664 0.0 49.7138 60.7289 41.0 29.2746 53.9351 92.9731 68.0883 85.4751 36.6271 46.0652 116.83 105.209 74.0821 61.2046 54.3415 32.0624 23.3452 62.2254 60.7289 70.9352 89.6528 84.3629 68.0499 82.3554 94.6256 36.8782 42.107 74.7262 48.3839 78.4672 54.4518 14.3178 82.0061 62.3699 94.1248 45.3982 52.7547 80.8718 77.7817 28.0179 80.3617 63.3852 111.665 68.6586 38.833 42.0476 91.526 54.8439 
12.8062 49.7138 0.0 14.5602 39.3573 40.6079 46.9393 71.3999 22.8458 43.0116 33.0868 29.8329 75.9398 60.1198 24.7697 56.3638 46.114 47.0744 48.0104 22.114 48.2565 46.3869 40.1709 60.8868 30.4138 61.1779 49.4993 20.8806 19.9292 28.0713 38.5324 28.7697 18.0278 47.676 43.4166 53.5795 52.1479 55.0364 42.2196 35.6293 34.7851 28.0179 33.0151 25.1091 66.9104 24.0416 39.3954 50.1597 46.3071 38.7809 
26.0768 60.7289 14.5602 0.0 53.7122 55.109 60.9715 83.4125 22.8876 28.4605 46.1248 43.566 77.5785 51.9244 14.4536 70.3961 60.1463 61.6117 62.2013 34.059 60.206 58.3364 29.7321 72.8994 42.3588 73.1274 42.246 35.4401 21.9317 14.1421 52.4967 18.4536 11.7047 61.131 29.4109 65.529 54.5632 69.4622 51.0271 25.8229 20.2485 42.2966 19.6469 37.0541 59.9724 9.48683 53.8516 64.622 38.1518 50.7304 
28.1603 41.0 39.3573 53.7122 0.0 12.083 13.0384 52.3927 50.4876 82.0792 38.178 12.0416 82.565 79.1202 60.2284 21.3776 13.3417 13.6015 21.4009 35.3514 20.1246 30.6769 71.0282 44.1022 32.311 42.0595 69.65 19.2094 51.5018 66.1387 8.48528 54.7449 55.9679 28.6356 82.7647 21.3776 62.4007 15.8114 14.7648 61.0 73.9256 18.3848 70.4087 33.7565 83.5703 63.1585 2.23607 11.1803 67.9514 16.6433 
32.1403 29.2746 40.6079 55.109 12.083 0.0 24.7386 64.4748 55.1453 83.4326 32.8035 20.8087 95.5708 87.5196 64.0079 32.0156 25.2982 6.7082 10.0 42.7475 32.2025 42.6658 76.531 56.0803 42.7717 54.1202 77.4919 20.025 46.1273 68.593 20.2485 59.0339 55.5856 16.5529 82.8983 33.2415 72.8973 18.868 25.5021 66.9104 75.1864 13.4164 73.2462 43.6605 92.9836 64.5368 9.84886 14.3178 75.2861 27.5862 
34.8906 53.9351 46.9393 60.9715 13.0384 24.7386 0.0 40.3113 52.9769 89.0415 49.8497 17.629 72.5079 75.5897 63.3669 9.43398 2.0 24.1868 33.1059 35.171 9.43398 21.8403 71.5891 33.2415 29.0172 30.6105 67.0298 28.6545 65.5399 71.8009 8.60233 57.4482 64.1923 41.1096 90.3779 8.544 56.3205 17.8885 13.4164 61.3922 80.9569 30.5941 73.5472 32.5576 78.8543 70.2385 15.1327 16.2788 66.0303 13.6015 
62.4968 92.9731 71.3999 83.4125 52.3927 64.4748 40.3113 0.0 65.4533 97.8893 85.7419 53.1823 41.1947 60.8358 74.3005 36.7967 39.3573 64.4981 73.3553 49.4301 32.311 29.0554 70.9399 11.4018 43.3848 11.0454 57.4282 64.2078 91.3756 82.505 44.5982 69.3199 89.0913 81.0247 104.187 31.9061 38.9487 56.0803 43.3291 63.49 92.7064 67.0833 81.7781 46.447 59.7746 86.3005 54.626 56.0357 59.0339 41.9962 
23.0217 68.0883 22.8458 22.8876 50.4876 55.1453 52.9769 65.4533 0.0 35.6065 51.4612 38.833 60.208 38.9487 10.434 60.8276 51.107 61.0082 63.7887 18.6011 48.8131 39.8521 21.587 54.9401 27.5862 54.5087 28.4253 35.3553 44.7893 18.868 46.3418 4.47214 34.1322 64.846 40.3209 54.1361 36.3456 66.0984 39.7053 13.0384 29.1571 44.1475 20.5913 22.0227 46.4004 22.434 51.2445 61.6604 24.7588 39.4086 
54.16 85.4751 43.0116 28.4605 82.0792 83.4326 89.0415 97.8893 35.6065 0.0 73.2851 71.6516 84.1724 53.0 27.1725 96.4078 88.2162 89.9889 90.0944 54.1904 84.4075 74.9464 29.4279 90.1466 63.0507 89.7152 46.6905 63.8905 43.4166 17.0294 80.6346 31.1725 31.0644 88.1419 8.544 89.7305 63.5689 97.8621 79.0971 34.4384 8.24621 70.406 16.1245 57.5731 61.0328 18.9737 82.28 93.0484 42.9535 74.9711 
32.0227 36.6271 33.0868 46.1248 38.178 32.8035 49.8497 85.7419 51.4612 73.2851 0.0 36.0192 101.28 88.6003 57.8402 59.0408 49.2938 39.4109 37.2029 46.4005 53.7831 63.6494 73.0257 77.0771 52.4998 75.1664 78.0074 23.1529 33.3238 60.2494 41.7805 61.8402 42.9848 35.02 71.6117 56.894 78.4105 51.0366 45.4689 64.2448 65.1453 20.0 65.5788 47.8351 95.1469 35.0 36.9258 46.1248 74.8999 47.5581 
17.4929 46.0652 29.8329 43.566 12.0416 20.8087 17.629 53.1823 38.833 71.6516 36.0192 0.0 82.978 76.9391 48.8017 27.0535 16.8037 24.6982 30.8058 23.4984 21.2235 31.0898 59.0762 44.5175 30.1789 42.6068 67.4689 13.3417 48.7185 55.6371 9.22213 43.1741 47.3814 36.1248 72.9452 24.3344 60.3045 27.2947 12.9093 49.0102 63.567 18.6815 58.982 31.5754 81.4207 52.8486 13.3417 23.0217 65.7703 14.9985 
69.4622 116.83 75.9398 77.5785 82.565 95.5708 72.5079 41.1947 60.208 84.1724 101.28 82.978 0.0 33.1059 65.1249 72.9178 70.9386 95.6821 103.945 55.0727 63.1284 56.5633 54.7449 40.8534 51.4403 44.5982 37.4833 80.0906 95.8478 72.0069 74.3861 61.5224 88.8231 111.717 91.6624 65.7647 24.0416 90.2279 73.0813 52.0096 81.2219 89.4407 69.2604 53.535 27.2029 77.1038 84.7857 88.739 41.3038 71.7484 
57.4543 105.209 60.1198 51.9244 79.1202 87.5196 75.5897 60.8358 38.9487 53.0 88.6003 76.9391 33.1059 0.0 39.4708 80.0062 73.6503 92.4314 97.1713 44.7772 67.1193 54.0833 24.5153 54.1202 47.0744 57.9741 10.6301 69.8355 73.8261 43.9659 71.8053 38.0132 63.1689 100.24 61.0737 72.0069 22.1359 92.5743 64.7611 26.6271 51.6236 79.2591 39.8121 45.5412 8.24621 50.3289 80.7844 89.2693 14.2127 63.3482 
32.257 74.0821 24.7697 14.4536 60.2284 64.0079 63.3669 74.3005 10.434 27.1725 57.8402 48.8017 65.1249 39.4708 0.0 71.2353 61.497 70.1158 72.1758 29.0179 59.235 49.7739 17.4012 64.9754 37.8782 64.5439 29.7924 42.0 36.3553 10.434 58.0098 6.0 25.6982 72.3863 31.8869 64.558 42.1096 75.9533 50.0954 13.3693 20.7231 52.2445 12.1803 32.4006 47.5188 14.0 60.8415 71.406 25.6982 49.7986 
44.3152 61.2046 56.3638 70.3961 21.3776 32.0156 9.43398 36.7967 60.8276 96.4078 59.0408 27.0535 72.9178 80.0062 71.2353 0.0 10.6301 29.8329 39.0512 42.5441 13.3417 26.0768 78.5561 32.249 35.4553 28.8444 72.2496 38.0789 74.9645 79.6693 18.0278 65.2993 73.6169 47.676 99.8025 8.0 59.5399 19.4165 22.0227 68.3917 90.3815 39.5601 81.4125 39.5831 82.4924 79.663 23.1948 20.2485 71.7008 21.6333 
34.0654 54.3415 46.114 60.1463 13.3417 25.2982 2.0 39.3573 51.107 88.2162 49.2938 16.8037 70.9386 73.6503 61.497 10.6301 0.0 25.2389 34.0 33.2415 7.81025 19.9249 69.6348 31.8904 27.0185 29.4109 65.0308 27.8292 64.7147 69.931 7.61577 55.5783 63.3671 41.7852 89.5527 8.06226 54.4059 19.6977 11.6619 59.439 80.1317 30.2655 71.6765 30.5941 76.9149 69.4132 15.5242 17.8045 64.0312 11.7047 
38.0 32.0624 47.0744 61.6117 13.6015 6.7082 24.1868 64.4981 61.0082 89.9889 39.4109 24.6982 95.6821 92.4314 70.1158 29.8329 25.2389 0.0 9.21954 47.6462 32.8024 43.7939 82.2192 57.0088 45.6711 54.6443 82.3914 26.3059 52.7347 74.9667 22.0227 65.0077 62.2352 18.0278 89.5479 32.6497 75.776 13.6015 28.3019 72.4431 81.7435 20.1246 79.511 47.0677 96.9129 71.0634 11.6619 10.0 80.282 30.2324 
41.0 23.3452 48.0104 62.2013 21.4009 10.0 33.1059 73.3553 63.7887 90.0944 37.2029 30.8058 103.945 97.1713 72.1758 39.0512 34.0 9.21954 0.0 52.3992 41.3401 52.0572 85.3288 65.4599 52.6661 63.2851 87.0919 28.4429 50.1597 76.0592 29.8329 67.4759 60.1878 9.05539 88.8146 41.6293 82.7917 22.0907 35.3836 75.9276 81.8841 20.0 81.0 53.3122 102.635 71.4493 19.2094 19.105 84.7585 37.4833 
14.4222 62.2254 22.114 34.059 35.3514 42.7475 35.171 49.4301 18.6011 54.1904 46.4005 23.4984 55.0727 44.7772 29.0179 42.5441 33.2415 47.6462 52.3992 0.0 30.4753 23.6945 36.4966 38.917 9.43398 38.4855 34.7851 25.6125 42.022 37.4518 29.0689 23.0217 39.7378 55.7584 58.9047 35.7983 32.0156 50.01 22.2036 26.3059 47.7409 35.0 39.1152 3.60555 50.2494 41.0179 36.7212 46.0435 32.7567 21.587 
38.6308 60.7289 48.2565 60.206 20.1246 32.2025 9.43398 32.311 48.8131 84.4075 53.7831 21.2235 63.1284 67.1193 59.235 13.3417 7.81025 32.8024 41.3401 30.4753 0.0 13.0384 66.4868 24.2074 23.386 21.9545 59.0762 32.249 68.1682 67.6689 12.3693 53.2821 65.5566 48.7545 89.6124 5.83095 47.2969 27.2947 11.7063 56.3224 77.958 35.1245 69.4043 27.5139 70.0357 69.473 22.3607 25.6125 58.4209 10.3734 
36.7611 70.9352 46.3869 58.3364 30.6769 42.6658 21.8403 29.0554 39.8521 74.9464 63.6494 31.0898 56.5633 54.0833 49.7739 26.0768 19.9249 43.7939 52.0572 23.6945 13.0384 0.0 53.3677 18.5422 17.6491 18.1108 46.1736 42.1153 66.2985 58.2079 22.498 43.8901 64.0151 59.8286 79.6608 18.1108 34.4819 39.5749 21.1931 43.536 68.497 44.9908 59.3396 20.7114 57.0701 61.7739 32.8976 37.3473 45.7056 19.8602 
44.4072 89.6528 40.1709 29.7321 71.0282 76.531 71.5891 70.9399 21.587 29.4279 73.0257 59.0762 54.7449 24.5153 17.4012 78.5561 69.6348 82.2192 85.3288 36.4966 66.4868 53.3677 0.0 62.5462 43.3244 67.3649 17.2627 56.8859 51.6624 19.6977 65.4905 18.3848 40.4599 86.4108 37.054 71.3127 34.8855 86.2972 58.6941 10.198 27.1662 65.7343 15.2971 39.0512 32.7567 26.4197 72.0 82.0975 13.6015 58.0517 
51.9836 84.3629 60.8868 72.8994 44.1022 56.0803 33.2415 11.4018 54.9401 90.1466 77.0771 44.5175 40.8534 54.1202 64.9754 32.249 31.8904 57.0088 65.4599 38.917 24.2074 18.5422 62.5462 0.0 32.8716 4.0 49.267 55.543 80.8624 73.2677 35.9257 59.0651 78.5781 72.6064 94.8623 25.6125 32.0156 50.448 34.6208 55.0964 83.6984 58.4185 74.556 35.9339 54.4518 76.9754 46.3249 49.4975 50.6502 33.2879 
20.8202 68.0499 30.4138 42.3588 32.311 42.7717 29.0172 43.3848 27.5862 63.0507 52.4998 30.1789 51.4403 47.0744 37.8782 35.4553 27.0185 45.6711 52.6661 9.43398 23.386 17.6491 43.3244 32.8716 0.0 32.4402 38.1182 31.3102 50.3218 46.3122 24.7386 31.8904 48.0376 58.9177 67.7651 35.5941 30.2324 45.5412 17.72 33.2415 56.6013 40.6603 47.8017 5.83095 51.264 49.8782 34.0147 42.2019 37.0135 16.2788 
51.5522 82.3554 61.1779 73.1274 42.0595 54.1202 30.6105 11.0454 54.5087 89.7152 75.1664 42.6068 44.5982 57.9741 64.5439 28.8444 29.4109 54.6443 63.2851 38.4855 21.9545 18.1108 67.3649 4.0 32.4402 0.0 52.9904 53.6323 81.0896 72.9779 34.0147 58.6336 78.8062 70.6612 94.4308 22.6274 35.9026 47.4236 32.7101 57.8816 83.267 56.5078 74.1246 35.5024 58.4209 76.5439 44.2945 46.7547 54.3735 31.3772 
47.0106 94.6256 49.4993 42.246 69.65 77.4919 67.0298 57.4282 28.4253 46.6905 78.0074 67.4689 37.4833 10.6301 29.7924 72.2496 65.0308 82.3914 87.0919 34.7851 59.0762 46.1736 17.2627 49.267 38.1182 52.9904 0.0 59.4811 64.1477 35.3553 62.6498 27.7849 53.4905 89.8944 54.231 64.2806 19.105 83.6002 55.5788 16.5529 44.0 68.884 32.0 35.9026 18.0278 41.2311 71.3141 80.0625 4.12311 54.3323 
12.6491 36.8782 20.8806 35.4401 19.2094 20.025 28.6545 64.2078 35.3553 63.8905 23.1529 13.3417 80.0906 69.8355 42.0 38.0789 27.8292 26.3059 28.4429 25.6125 32.249 42.1153 56.8859 55.543 31.3102 53.6323 59.4811 0.0 38.203 48.6621 20.2476 39.1152 36.8676 30.4138 63.9766 35.3599 57.3851 34.4819 23.9348 47.5395 55.6597 9.43398 53.2353 26.6455 75.7166 44.9222 18.868 29.5296 56.8595 26.024 
32.3722 42.107 19.9292 21.9317 51.5018 46.1273 65.5399 91.3756 44.7893 43.4166 33.3238 48.7185 95.8478 73.8261 36.3553 74.9645 64.7147 52.7347 50.1597 42.022 68.1682 66.2985 51.6624 80.8624 50.3218 81.0896 64.1477 38.203 0.0 34.4819 57.1331 40.3553 12.6491 46.3249 40.05 72.2454 71.0852 64.3604 60.8202 47.7247 35.9026 33.3238 40.3113 45.0171 81.8742 27.7308 50.2496 59.4486 60.0535 58.6925 
38.1455 74.7262 28.0713 14.1421 66.1387 68.593 71.8009 82.505 18.868 17.0294 60.2494 55.6371 72.0069 43.9659 10.434 79.6693 69.931 74.9667 76.0592 37.4518 67.6689 58.2079 19.6977 73.2677 46.3122 72.9779 35.3553 48.6621 34.4819 0.0 66.4438 14.434 22.2036 75.2396 21.4709 72.9919 49.6488 81.9484 58.5293 20.0998 10.2956 56.0803 5.83095 40.8346 52.2015 7.07107 66.4838 77.2107 31.257 58.2326 
26.4838 48.3839 38.5324 52.4967 8.48528 20.2485 8.60233 44.5982 46.3418 80.6346 41.7805 9.22213 74.3861 71.8053 58.0098 18.0278 7.61577 22.0227 29.8329 29.0689 12.3693 22.498 65.4905 35.9257 24.7386 34.0147 62.6498 20.2476 57.1331 66.4438 0.0 50.8131 55.7855 36.7151 81.8212 15.1327 54.6497 21.0238 7.07107 55.3263 72.5501 23.0217 68.1901 27.0185 75.8974 61.8316 10.6301 17.4642 61.2046 8.544 
27.0185 78.4672 28.7697 18.4536 54.7449 59.0339 57.4482 69.3199 4.47214 31.1725 61.8402 43.1741 61.5224 38.0132 6.0 65.2993 55.5783 65.0077 67.4759 23.0217 53.2821 43.8901 18.3848 59.0651 31.8904 58.6336 27.7849 39.1152 40.3553 14.434 50.8131 0.0 29.6982 68.307 35.8869 58.6051 38.0132 70.406 44.1766 11.4018 24.7231 47.6828 16.1245 26.4008 45.793 18.0 55.4437 65.9242 23.8537 43.8799 
30.8058 54.4518 18.0278 11.7047 55.9679 55.5856 64.1923 89.0913 34.1322 31.0644 42.9848 47.3814 88.8231 63.1689 25.6982 73.6169 63.3671 62.2352 60.1878 39.7378 65.5566 64.0151 40.4599 78.5781 48.0376 78.8062 53.4905 36.8676 12.6491 22.2036 55.7855 29.6982 0.0 57.4282 28.6356 70.8796 65.8078 71.347 59.4726 37.0675 23.3452 42.3621 28.0179 42.7328 71.217 15.2643 55.7322 66.3864 49.3964 56.0809 
42.9535 14.3178 47.676 61.131 28.6356 16.5529 41.1096 81.0247 64.846 88.1419 35.02 36.1248 111.717 100.24 72.3863 47.676 41.7852 18.0278 9.05539 55.7584 48.7545 59.8286 86.4108 72.6064 58.9177 70.6612 89.8944 30.4138 46.3249 75.2396 36.7151 68.307 57.4282 0.0 85.9884 49.6488 87.4376 31.1448 41.6481 77.4919 80.0562 21.0238 80.5047 56.6979 106.0 70.0071 26.4008 28.0179 87.2353 43.7373 
55.4707 82.0061 43.4166 29.4109 82.7647 82.8983 90.3779 104.187 40.3209 8.544 71.6117 72.9452 91.6624 61.0737 31.8869 99.8025 89.5527 89.5479 88.8146 58.9047 89.6124 79.6608 37.054 94.8623 67.7651 94.4308 54.231 63.9766 40.05 21.4709 81.8212 35.8869 28.6356 85.9884 0.0 94.9354 70.342 98.387 80.4335 40.8044 11.1803 69.6748 22.561 62.2875 69.1809 20.5183 82.7345 93.4719 50.3587 80.1368 
43.9538 62.3699 53.5795 65.529 21.3776 33.2415 8.544 31.9061 54.1361 89.7305 56.894 24.3344 65.7647 72.0069 64.558 8.0 8.06226 32.6497 41.6293 35.7983 5.83095 18.1108 71.3127 25.6125 35.5941 22.6274 64.2806 35.3599 72.2454 72.9919 15.1327 58.6051 70.8796 49.6488 94.9354 0.0 51.6236 24.8395 16.6433 61.6454 83.281 38.1182 74.7273 32.8369 74.5453 74.796 23.5372 24.2074 63.7887 15.6205 
46.4004 94.1248 52.1479 54.5632 62.4007 72.8973 56.3205 38.9487 36.3456 63.5689 78.4105 60.3045 24.0416 22.1359 42.1096 59.5399 54.4059 75.776 82.7917 32.0156 47.2969 34.4819 34.8855 32.0156 30.2324 35.9026 19.105 57.3851 71.0852 49.6488 54.6497 38.0132 65.8078 87.4376 70.342 51.6236 0.0 74.0533 47.7111 29.6142 59.439 66.7352 47.8017 31.1127 23.0217 54.0833 64.149 71.8257 21.6333 46.1195 
43.9659 45.3982 55.0364 69.4622 15.8114 18.868 17.8885 56.0803 66.0984 97.8621 51.0366 27.2947 90.2279 92.5743 75.9533 19.4165 19.6977 13.6015 22.0907 50.01 27.2947 39.5749 86.2972 50.448 45.5412 47.4236 83.6002 34.4819 64.3604 81.9484 21.0238 70.406 71.347 31.1448 98.387 24.8395 74.0533 0.0 28.0713 76.1643 89.6939 31.1127 86.1337 48.0416 96.4966 78.924 15.6525 5.0 82.2192 29.2746 
30.1709 52.7547 42.2196 51.0271 14.7648 25.5021 13.4164 43.3291 39.7053 79.0971 45.4689 12.9093 73.0813 64.7611 50.0954 22.0227 11.6619 28.3019 35.3836 22.2036 11.7063 21.1931 58.6941 34.6208 17.72 32.7101 55.5788 23.9348 60.8202 58.5293 7.07107 44.1766 59.4726 41.6481 80.4335 16.6433 47.7111 28.0713 0.0 48.5077 71.0125 26.8102 60.2757 20.0 68.9493 60.2941 16.6433 24.5153 54.1479 2.23607 
34.9285 80.8718 35.6293 25.8229 61.0 66.9104 61.3922 63.49 13.0384 34.4384 64.2448 49.0102 52.0096 26.6271 13.3693 68.3917 59.439 72.4431 75.9276 26.3059 56.3224 43.536 10.198 55.0964 33.2415 57.8816 16.5529 47.5395 47.7247 20.0998 55.3263 11.4018 37.0675 77.4919 40.8044 61.6454 29.6142 76.1643 48.5077 0.0 29.8329 56.6127 18.3848 28.8617 34.4819 25.1794 62.0322 72.0278 12.53 47.8539 
46.0754 77.7817 34.7851 20.2485 73.9256 75.1864 80.9569 92.7064 29.1571 8.24621 65.1453 63.567 81.2219 51.6236 20.7231 90.3815 80.1317 81.7435 81.8841 47.7409 77.958 68.497 27.1662 83.6984 56.6013 83.267 44.0 55.6597 35.9026 10.2956 72.5501 24.7231 23.3452 80.0562 11.1803 83.281 59.439 89.6939 71.0125 29.8329 0.0 62.1691 12.0 51.1237 59.8415 10.7703 74.0945 84.8646 40.0125 70.7158 
21.9317 28.0179 28.0179 42.2966 18.3848 13.4164 30.5941 67.0833 44.1475 70.406 20.0 18.6815 89.4407 79.2591 52.2445 39.5601 30.2655 20.1246 20.0 35.0 35.1245 44.9908 65.7343 58.4185 40.6603 56.5078 68.884 9.43398 33.3238 56.0803 23.0217 47.6828 42.3621 21.0238 69.6748 38.1182 66.7352 31.1127 26.8102 56.6127 62.1691 0.0 61.0 35.9956 85.1469 51.6236 17.0 26.1725 66.2118 28.8995 
42.4373 80.3617 33.0151 19.6469 70.4087 73.2462 73.5472 81.7781 20.5913 16.1245 65.5788 58.982 69.2604 39.8121 12.1803 81.4125 71.6765 79.511 81.0 39.1152 69.4043 59.3396 15.2971 74.556 47.8017 74.1246 32.0 53.2353 40.3113 5.83095 68.1901 16.1245 28.0179 80.5047 22.561 74.7273 47.8017 86.1337 60.2757 18.3848 12.0 61.0 0.0 42.4382 48.0521 12.8062 70.7662 81.5863 28.0179 59.978 
16.1555 63.3852 25.1091 37.0541 33.7565 43.6605 32.5576 46.447 22.0227 57.5731 47.8351 31.5754 53.535 45.5412 32.4006 39.5831 30.5941 47.0677 53.3122 3.60555 27.5139 20.7114 39.0512 35.9339 5.83095 35.5024 35.9026 26.6455 45.0171 40.8346 27.0185 26.4008 42.7328 56.6979 62.2875 32.8369 31.1127 48.0416 20.0 28.8617 51.1237 35.9956 42.4382 0.0 50.5371 44.4006 35.4207 44.2832 34.2345 19.105 
63.6003 111.665 66.9104 59.9724 83.5703 92.9836 78.8543 59.7746 46.4004 61.0328 95.1469 81.4207 27.2029 8.24621 47.5188 82.4924 76.9149 96.9129 102.635 50.2494 70.0357 57.0701 32.7567 54.4518 51.264 58.4209 18.0278 75.7166 81.8742 52.2015 75.8974 45.793 71.217 106.0 69.1809 74.5453 23.0217 96.4966 68.9493 34.4819 59.8415 85.1469 48.0521 50.5371 0.0 58.5235 85.266 93.3267 21.9545 67.3672 
35.3569 68.6586 24.0416 9.48683 63.1585 64.5368 70.2385 86.3005 22.434 18.9737 35.0 52.8486 77.1038 50.3289 14.0 79.663 69.4132 71.0634 71.4493 41.0179 69.473 61.7739 26.4197 76.9754 49.8782 76.5439 41.2311 44.9222 27.7308 7.07107 61.8316 18.0 15.2643 70.0071 20.5183 74.796 54.0833 78.924 60.2941 25.1794 10.7703 51.6236 12.8062 44.4006 58.5235 0.0 63.3246 74.0945 37.108 59.9973 
28.6356 38.833 39.3954 53.8516 2.23607 9.84886 15.1327 54.626 51.2445 82.28 36.9258 13.3417 84.7857 80.7844 60.8415 23.1948 15.5242 11.6619 19.2094 36.7212 22.3607 32.8976 72.0 46.3249 34.0147 44.2945 71.3141 18.868 50.2496 66.4838 10.6301 55.4437 55.7322 26.4008 82.7345 23.5372 64.149 15.6525 16.6433 62.0322 74.0945 17.0 70.7662 35.4207 85.266 63.3246 0.0 10.7703 69.357 18.6011 
39.2938 42.0476 50.1597 64.622 11.1803 14.3178 16.2788 56.0357 61.6604 93.0484 46.1248 23.0217 88.739 89.2693 71.406 20.2485 17.8045 10.0 19.105 46.0435 25.6125 37.3473 82.0975 49.4975 42.2019 46.7547 80.0625 29.5296 59.4486 77.2107 17.4642 65.9242 66.3864 28.0179 93.4719 24.2074 71.8257 5.0 24.5153 72.0278 84.8646 26.1725 81.5863 44.2832 93.3267 74.0945 10.7703 0.0 78.5175 25.9615 
44.2832 91.526 46.3071 38.1518 67.9514 75.2861 66.0303 59.0339 24.7588 42.9535 74.8999 65.7703 41.3038 14.2127 25.6982 71.7008 64.0312 80.282 84.7585 32.7567 58.4209 45.7056 13.6015 50.6502 37.0135 54.3735 4.12311 56.8595 60.0535 31.257 61.2046 23.8537 49.3964 87.2353 50.3587 63.7887 21.6333 82.2192 54.1479 12.53 40.0125 66.2118 28.0179 34.2345 21.9545 37.108 69.357 78.5175 0.0 53.0377 
29.1551 54.8439 38.7809 50.7304 16.6433 27.5862 13.6015 41.9962 39.4086 74.9711 47.5581 14.9985 71.7484 63.3482 49.7986 21.6333 11.7047 30.2324 37.4833 21.587 10.3734 19.8602 58.0517 33.2879 16.2788 31.3772 54.3323 26.024 58.6925 58.2326 8.544 43.8799 56.0809 43.7373 80.1368 15.6205 46.1195 29.2746 2.23607 47.8539 70.7158 28.8995 59.978 19.105 67.3672 59.9973 18.6011 25.9615 53.0377 0.0 
DEMAND_SCENARIO_SECTION
0 0 0 0 0 0 0 0 0 0 0 0 0 0 0 0 0 0 0 0 0 0 0 0 0 0 0 0 0 0 0 0 0 0 0 0 0 0 0 0 0 0 0 0 0 0 0 0 0 0 0 0 0 0 0 0 0 0 0 0 0 0 0 0 0 0 0 0 0 0 0 0 0 0 0 0 0 0 0 0 0 0 0 0 0 0 0 0 0 0 0 0 0 0 0 0 0 0 0 0 0 0 0 0 0 0 0 0 0 0 0 0 0 0 0 0 0 0 0 0 0 0 0 0 0 0 0 0 0 0 0 0 0 0 0 0 0 0 0 0 0 0 0 0 0 0 0 0 0 0 0 0 0 0 0 0 0 0 0 0 0 0 0 0 0 0 0 0 0 0 0 0 0 0 0 0 0 0 0 0 0 0 0 0 0 0 0 0 0 0 0 0 0 0 0 0 0 0 0 0 
5 5 0 5 5 5 4 3 5 6 3 5 3 4 4 7 4 2 3 4 4 5 3 5 3 3 4 4 4 4 3 5 5 6 6 4 3 2 3 5 5 5 2 6 6 5 5 3 5 6 6 2 5 5 3 2 5 7 4 3 3 5 4 5 5 4 4 2 3 3 0 4 5 4 4 6 7 5 4 2 7 5 3 5 4 5 5 3 4 0 3 4 3 5 4 4 3 3 3 5 5 3 5 4 6 3 4 2 4 4 3 6 3 4 4 3 5 4 4 2 3 5 3 5 5 2 3 5 4 2 3 5 2 3 6 4 4 4 5 4 4 6 5 4 3 4 6 3 4 5 3 6 2 5 1 2 4 5 4 4 6 4 6 4 6 5 3 3 5 3 4 3 5 3 4 3 3 3 5 5 4 2 4 3 5 6 1 1 3 5 5 6 2 5 4 2 4 6 5 5 
4 11 2 8 9 10 11 7 6 3 12 5 5 10 5 5 11 6 7 6 6 6 7 5 8 6 8 6 6 8 5 8 7 5 8 5 6 7 6 6 6 9 3 9 8 4 5 11 4 8 8 9 3 6 6 9 3 9 9 7 3 10 2 11 10 9 11 9 9 9 9 3 9 9 12 7 6 6 10 7 7 4 8 6 9 11 9 7 6 6 6 9 6 8 7 11 8 8 3 8 9 8 4 6 6 10 6 5 8 4 2 4 9 5 5 7 9 2 4 4 4 10 7 9 7 5 2 4 14 11 5 8 7 6 8 8 6 8 9 6 7 2 6 8 2 6 7 7 10 7 6 4 10 13 6 6 9 5 6 4 8 8 12 4 11 11 6 10 7 8 6 6 6 7 8 5 4 11 8 6 10 3 7 12 8 12 7 6 4 6 6 2 3 10 7 4 9 8 10 8 
12 6 8 9 11 11 6 6 9 11 10 9 12 8 4 9 7 8 14 12 11 9 8 8 8 9 7 6 8 8 9 14 7 2 8 12 4 5 12 8 10 9 8 14 12 8 7 9 13 12 13 10 5 7 9 6 12 11 7 12 8 7 8 9 5 6 10 10 6 12 8 6 10 8 6 10 8 7 11 12 5 9 11 8 9 10 5 7 11 4 11 11 5 8 10 5 6 9 9 4 5 5 7 6 12 3 9 9 7 6 7 4 10 5 5 4 11 7 5 10 5 10 12 3 11 9 11 3 5 4 12 8 9 9 7 15 7 7 6 10 12 7 7 13 12 9 12 7 10 8 8 17 9 5 9 10 6 12 11 9 7 10 12 4 9 7 13 13 15 9 15 6 10 11 4 7 5 8 5 6 9 10 9 12 12 12 10 11 7 7 6 6 4 5 8 10 12 10 11 8 
6 5 11 7 7 9 4 7 7 9 3 2 10 6 9 6 6 6 7 4 6 10 5 5 5 7 5 9 6 11 11 9 8 7 10 8 4 3 8 0 6 8 6 9 9 9 8 4 3 4 8 6 7 8 1 8 7 10 8 6 8 5 2 5 6 9 10 5 4 8 3 7 10 8 10 4 4 6 9 4 9 9 5 6 9 5 9 6 12 7 7 5 6 8 6 7 9 6 4 9 7 6 5 2 8 9 7 9 3 6 4 8 5 7 5 9 7 8 9 6 8 10 5 5 6 9 7 12 9 11 3 5 9 6 3 10 6 3 8 7 7 8 3 7 6 6 10 11 6 6 6 8 10 5 10 12 8 4 4 5 6 9 7 4 8 5 4 7 8 7 6 7 5 11 8 6 0 7 4 3 6 7 4 3 7 9 7 9 4 7 7 8 7 10 12 3 7 6 6 8 
1 1 2 2 3 2 3 2 2 2 2 3 3 3 2 3 3 2 0 2 2 2 2 2 2 1 2 1 2 3 3 1 1 1 3 2 2 2 2 3 1 1 3 1 2 3 2 1 2 3 2 2 2 2 3 2 2 2 2 2 2 3 2 2 3 2 2 1 2 2 3 2 4 1 3 3 1 1 2 2 1 3 2 2 1 2 3 1 1 1 3 2 1 2 2 2 2 2 2 2 2 2 2 3 3 2 3 2 1 2 1 2 2 2 1 2 2 2 2 1 1 2 2 2 1 3 3 2 2 2 1 1 2 3 2 2 2 2 3 3 3 2 2 1 1 2 2 2 2 1 2 2 1 2 2 2 2 2 1 3 1 2 2 2 2 3 1 2 3 2 2 2 3 1 1 3 1 1 2 2 0 3 2 2 2 2 2 3 4 3 2 2 0 2 2 2 2 2 2 2 
4 14 7 12 8 7 3 11 4 13 4 8 10 15 4 11 8 11 7 9 8 9 10 4 10 7 6 2 8 2 11 10 6 8 9 12 8 6 11 8 6 7 10 4 11 13 9 11 11 14 8 4 9 12 13 7 11 11 12 11 9 9 9 11 12 10 9 10 9 7 10 12 13 10 9 14 6 7 12 11 11 9 11 10 7 7 7 9 15 7 6 10 11 8 5 15 11 12 10 8 8 6 8 11 8 8 14 4 5 8 8 14 7 10 8 10 7 12 8 8 3 10 8 7 7 13 11 8 6 6 13 11 6 11 16 13 8 8 6 9 11 11 15 11 8 9 10 5 7 8 11 8 15 12 9 11 7 7 7 7 4 8 13 11 8 10 15 14 6 10 3 6 7 5 12 7 11 10 4 10 5 7 15 12 16 8 7 9 11 7 5 10 5 12 15 15 12 14 8 10 
6 4 7 6 6 1 7 8 6 5 4 8 7 5 6 3 5 9 8 3 4 4 4 8 4 4 4 4 5 9 4 6 10 8 5 2 3 6 8 8 8 8 9 7 9 1 6 8 6 3 2 8 7 8 6 5 8 7 6 7 6 11 6 3 6 9 6 9 10 4 4 7 7 9 5 9 10 8 3 7 5 6 3 5 7 6 6 5 8 10 6 5 9 6 4 6 7 7 9 5 7 6 7 5 7 7 9 5 5 4 7 7 7 9 6 5 4 6 6 7 8 4 7 5 7 4 6 6 7 6 5 6 8 6 7 6 4 2 8 10 3 7 5 8 5 6 9 8 5 9 7 9 6 2 6 5 6 8 8 9 5 8 6 8 2 3 8 5 7 6 6 5 5 2 6 3 5 8 0 9 10 5 2 4 6 8 4 1 7 10 4 8 6 2 9 8 6 5 8 10 
1 1 1 1 1 1 1 1 1 1 1 1 1 1 2 1 1 0 1 1 1 1 1 1 1 2 1 1 1 1 2 1 1 0 1 1 1 1 1 1 1 1 1 0 1 1 1 1 1 1 1 1 1 0 1 1 1 1 0 1 1 1 1 1 2 1 1 1 1 0 2 1 1 1 1 1 1 1 2 1 1 1 1 1 1 1 1 1 1 1 1 1 1 0 1 1 1 1 1 1 1 1 1 1 1 1 1 1 1 1 1 1 1 1 1 1 1 1 1 1 2 1 1 1 1 1 1 1 0 1 2 1 1 1 1 1 1 1 0 1 1 1 2 1 1 1 1 1 1 1 1 1 2 1 1 0 1 1 1 1 1 1 0 1 1 1 2 1 0 1 1 1 1 1 1 1 2 1 1 1 1 1 0 1 2 1 1 1 1 1 2 2 1 1 1 1 1 1 1 1 
3 4 3 6 4 6 4 4 2 5 6 2 3 4 7 2 6 6 4 7 3 5 5 2 4 6 3 5 3 5 5 5 6 5 6 5 4 4 2 5 7 3 3 4 6 5 3 4 4 2 4 5 5 5 5 5 4 4 4 6 4 4 3 5 3 3 4 6 6 3 3 2 3 4 4 5 6 5 5 4 5 5 2 3 3 4 4 4 3 4 5 3 6 6 2 4 3 6 6 4 4 4 4 5 4 2 4 5 5 3 6 4 3 3 3 5 3 1 3 7 5 4 3 4 5 5 4 3 3 2 4 3 5 5 4 4 3 3 4 6 3 5 6 2 6 3 4 5 4 6 6 5 5 5 6 5 6 3 3 6 7 3 1 3 2 4 3 6 4 3 2 3 7 6 4 4 4 9 3 4 2 2 4 1 4 5 3 8 4 4 4 4 4 4 4 2 3 4 5 5 
3 2 3 5 4 3 5 7 3 3 4 1 4 5 3 6 6 6 7 5 5 5 4 6 3 4 2 3 5 6 5 3 5 4 4 5 5 5 3 5 4 6 3 4 2 3 2 6 4 2 5 5 6 4 4 3 2 5 5 7 5 3 5 3 5 5 4 5 5 3 6 6 6 4 5 5 7 1 7 5 6 2 4 2 2 4 3 5 3 4 4 2 1 5 5 4 7 3 5 5 4 4 3 3 4 5 2 4 5 6 5 4 4 6 5 4 3 3 4 4 2 5 4 6 3 4 5 5 3 4 4 2 6 3 3 5 4 3 4 5 3 5 3 6 4 4 5 5 5 3 3 5 5 3 5 5 5 5 5 1 3 3 4 4 2 4 4 6 4 5 5 6 4 4 2 3 3 4 5 1 4 2 1 4 6 6 5 4 3 4 3 6 4 5 5 6 4 2 6 5 
9 9 7 3 12 6 10 10 9 10 8 11 10 10 3 9 13 10 9 9 8 9 13 7 10 9 11 6 9 4 12 7 10 12 10 8 1 10 5 9 8 5 13 10 9 9 10 9 13 5 5 7 13 11 11 10 8 13 9 10 14 14 11 1 3 7 12 8 13 14 10 9 18 8 10 11 10 15 10 5 6 12 12 7 15 10 13 12 8 4 12 13 10 6 8 9 2 9 10 7 5 6 11 13 2 14 10 13 6 5 6 12 4 5 4 5 8 6 11 11 8 8 5 9 10 6 7 9 9 12 11 6 5 6 12 6 14 11 12 10 5 9 12 9 10 10 11 15 15 14 9 7 6 7 9 6 12 11 10 9 8 6 7 9 13 15 9 7 3 11 10 11 6 10 7 3 0 11 5 9 7 11 13 10 7 10 8 6 11 11 2 14 8 14 13 8 9 12 7 13 
2 2 1 2 2 2 3 3 1 3 1 2 2 2 2 2 1 2 2 2 2 2 1 1 4 2 3 3 2 2 2 2 3 2 2 2 2 2 1 2 2 0 1 1 1 3 2 3 3 2 2 2 2 0 2 2 2 2 3 2 2 1 3 0 1 2 1 1 1 2 2 2 2 1 3 2 2 3 1 0 2 2 2 2 2 1 3 1 2 2 3 2 1 3 2 2 2 2 3 1 2 2 2 2 1 3 1 1 1 2 2 2 2 1 2 1 3 1 3 2 2 2 2 2 2 1 2 3 2 1 2 3 2 3 2 3 2 2 1 2 2 2 1 3 2 2 2 4 2 2 2 1 2 1 2 2 1 2 3 2 3 2 2 1 3 2 2 2 1 1 2 2 3 3 2 1 3 2 2 1 2 2 1 2 2 2 2 1 3 2 2 2 2 2 2 2 2 2 2 1 
3 4 4 4 6 3 4 4 4 5 3 2 5 3 4 4 3 4 6 4 5 2 3 4 5 2 4 4 5 4 4 4 4 4 5 6 5 2 5 2 3 3 4 4 3 3 4 3 3 5 6 2 5 4 3 3 2 2 3 5 6 3 3 3 5 3 2 2 3 1 5 3 5 6 5 3 3 4 4 4 3 2 1 5 4 8 5 6 3 2 5 4 2 4 6 5 4 5 5 4 3 3 3 3 4 4 4 5 4 5 4 3 3 3 6 4 5 6 4 3 3 4 5 4 4 4 4 4 4 5 2 3 5 3 4 5 3 5 4 5 3 6 4 5 3 6 4 3 5 2 6 3 5 2 5 2 4 2 5 6 4 4 2 4 7 4 3 2 2 5 6 4 2 5 4 5 5 4 2 6 6 4 5 4 6 4 3 5 3 1 3 3 4 3 4 4 4 5 5 4 
2 3 4 3 4 1 4 3 3 2 4 3 2 5 5 4 4 5 3 3 4 6 3 4 3 5 4 6 3 5 3 4 3 4 2 4 4 5 4 3 5 4 4 4 3 3 6 4 6 3 4 3 3 7 4 3 6 4 6 5 1 2 4 5 6 3 3 5 3 2 3 5 4 4 1 5 0 5 6 4 4 6 5 4 4 5 5 3 4 4 6 3 7 2 3 3 5 5 4 3 7 2 6 5 2 2 4 1 4 6 3 4 6 3 4 3 5 3 8 6 2 3 5 3 1 4 5 4 4 2 2 4 6 6 6 3 4 3 5 4 5 4 5 3 2 3 3 3 6 3 5 3 3 5 6 5 4 4 4 6 3 5 5 4 3 3 3 2 5 4 4 5 5 6 6 6 5 4 4 4 2 2 3 4 5 2 1 5 3 2 0 2 4 3 4 3 4 4 5 3 
1 1 1 1 0 1 1 1 1 1 1 1 1 1 1 1 1 1 1 1 1 1 1 1 1 1 1 1 1 2 1 0 1 1 1 1 1 1 1 0 1 1 0 1 1 1 0 1 1 2 1 1 1 1 1 1 1 1 1 1 2 1 1 1 1 1 1 1 1 1 1 1 1 1 1 1 1 1 1 2 1 2 1 1 2 1 1 1 2 1 1 0 1 1 1 1 1 1 1 1 0 1 2 1 1 1 1 1 1 1 1 1 1 1 0 1 0 1 1 1 0 1 1 1 1 1 1 0 1 1 2 1 1 1 1 1 0 0 1 1 1 1 1 1 2 1 1 2 1 0 1 1 1 1 1 1 1 1 1 1 2 1 2 1 1 1 0 1 1 1 2 1 1 1 1 1 1 1 1 1 1 1 1 1 1 1 1 1 1 1 1 1 1 0 1 1 1 1 2 1 
7 6 9 8 7 11 6 9 4 10 9 8 10 9 9 13 9 8 7 6 11 9 10 7 9 12 11 11 4 8 6 8 9 6 10 8 12 9 8 4 6 5 11 13 8 15 5 11 10 14 9 11 13 12 9 10 9 9 8 7 9 12 10 13 11 13 10 10 6 10 10 5 9 4 10 5 9 11 8 8 1 7 12 8 11 8 6 6 3 5 8 14 12 11 11 2 9 11 10 8 11 10 11 9 9 12 10 5 12 6 16 11 11 4 6 5 7 8 11 9 8 9 9 9 8 8 7 3 6 11 3 5 12 10 9 8 11 11 10 6 11 4 15 16 13 8 11 6 8 11 14 10 4 14 9 10 11 10 17 4 8 7 7 15 14 7 6 11 11 13 9 9 4 11 12 9 9 12 12 15 13 5 7 5 9 6 11 14 14 7 10 6 8 11 13 5 9 11 8 12 
13 12 7 6 9 12 13 13 17 9 11 7 9 8 7 13 10 8 15 12 7 8 11 13 13 1 13 13 11 13 15 5 9 13 11 13 17 9 6 12 12 9 9 8 9 10 10 11 16 10 10 6 9 9 16 13 11 7 13 8 19 4 5 12 13 16 11 13 9 12 14 8 8 10 13 12 14 8 15 5 8 15 13 11 16 14 15 7 10 8 14 15 12 14 6 8 9 10 15 9 6 12 8 12 8 5 9 11 11 15 16 13 12 12 10 11 9 10 13 13 9 15 13 12 10 19 12 10 4 10 13 7 7 12 9 14 12 8 14 8 3 14 11 9 13 4 16 6 16 9 6 6 7 11 7 14 11 15 13 3 12 10 6 16 14 13 7 8 10 12 6 15 12 8 8 8 9 10 15 11 8 8 8 7 3 8 6 13 10 11 16 7 5 9 10 3 12 7 5 15 
10 10 7 8 9 7 9 5 7 9 8 9 7 8 5 7 6 6 7 6 11 10 7 13 6 9 8 9 6 7 8 11 5 12 12 9 2 10 6 12 10 5 12 5 8 11 9 9 9 6 5 8 7 9 11 11 12 13 7 5 5 11 9 7 10 11 7 7 6 9 8 6 4 7 11 7 3 12 9 5 6 10 11 10 10 11 6 4 7 9 11 8 10 7 8 1 7 12 11 7 5 8 6 6 6 10 8 13 9 7 9 7 10 4 10 11 7 7 7 4 5 13 10 8 11 7 5 11 13 10 4 8 7 8 4 4 6 7 9 4 8 9 8 5 13 4 9 12 5 10 9 14 8 8 8 10 10 10 7 8 7 5 6 11 7 13 7 9 3 7 7 9 13 11 6 12 5 8 4 6 9 13 6 9 7 6 11 5 10 10 8 5 13 7 3 8 9 1 5 3 
12 6 7 10 9 10 9 6 8 11 11 8 10 8 6 14 8 6 9 9 7 5 6 5 12 8 13 5 1 8 10 6 7 11 10 8 8 3 9 8 5 10 6 8 5 6 9 6 9 8 8 8 6 9 8 7 9 5 7 7 4 7 10 10 11 9 7 10 6 5 13 8 10 4 8 5 9 8 9 5 6 11 8 10 7 6 5 7 11 10 8 4 11 9 11 7 6 7 8 10 7 6 3 13 7 5 11 7 11 9 8 11 7 5 8 7 5 8 11 8 7 11 11 9 6 9 6 5 9 7 5 9 4 8 9 11 7 5 4 8 7 5 10 11 6 13 6 7 9 11 7 5 10 11 8 5 10 5 7 8 12 6 8 9 5 7 9 5 10 9 10 8 4 3 6 5 9 12 10 5 6 9 12 9 9 7 6 9 10 9 10 7 11 11 9 6 7 6 8 8 
9 8 10 3 9 7 8 7 10 7 7 8 11 8 5 3 9 7 9 3 10 6 6 11 7 10 8 9 8 11 4 13 4 11 10 10 13 2 9 10 8 9 14 9 7 6 5 5 9 4 6 10 6 6 7 9 6 11 6 9 6 8 3 6 5 7 9 5 8 5 11 3 8 3 12 9 5 11 4 5 3 8 11 4 11 3 10 7 10 8 5 14 8 6 9 5 10 7 10 4 11 0 10 7 15 9 7 10 3 6 11 7 10 5 6 9 9 8 6 6 6 9 10 11 4 9 7 4 7 6 8 9 9 8 4 7 5 8 10 12 5 9 9 9 14 11 8 5 11 13 10 8 9 9 11 6 11 2 8 9 7 7 9 8 8 10 12 13 8 5 10 6 4 9 7 6 9 8 4 5 6 9 8 7 9 12 12 4 13 14 7 9 7 8 6 9 10 7 6 11 
5 6 6 7 2 6 6 4 8 5 5 9 4 7 6 5 4 6 7 0 8 6 8 6 8 7 5 7 11 5 7 9 7 8 9 7 2 7 7 2 8 6 8 6 6 2 8 6 4 5 6 7 10 7 8 4 5 6 2 5 6 5 5 7 7 7 3 9 5 4 3 8 2 7 6 5 9 4 5 6 6 6 7 3 5 7 9 7 8 2 8 4 8 5 5 7 10 6 5 9 8 6 7 6 8 4 11 5 9 8 2 7 8 6 8 4 5 7 4 4 9 8 6 7 6 7 5 5 6 5 6 8 5 6 9 8 5 7 4 4 8 5 3 6 4 9 3 4 5 4 2 5 7 10 5 10 5 8 5 6 8 5 5 5 2 7 9 7 8 6 9 8 10 3 2 5 6 4 7 6 9 5 7 10 9 5 8 6 7 4 5 5 8 7 7 6 2 4 4 6 
13 5 17 13 4 12 6 11 7 20 19 6 6 9 8 12 7 5 8 9 11 11 7 7 8 12 10 8 14 14 8 13 15 8 9 11 13 14 6 14 11 10 10 13 14 6 10 9 9 15 8 9 9 9 6 12 4 5 12 13 8 8 17 10 8 4 9 12 7 9 5 12 13 5 13 11 13 11 14 9 7 12 8 11 13 12 10 2 14 14 12 8 6 3 10 14 7 9 10 14 16 5 9 13 9 7 14 8 9 13 11 9 10 5 9 16 6 10 5 8 8 14 10 10 15 10 7 11 15 8 13 8 8 10 10 14 3 7 17 5 11 8 9 6 8 10 4 5 12 9 6 8 9 12 7 2 17 7 7 11 5 9 9 5 9 10 7 5 10 13 5 10 6 10 9 15 14 12 8 8 3 8 8 10 6 7 12 13 3 7 6 6 16 12 10 7 6 10 16 12 
1 1 1 1 1 1 1 0 1 1 1 1 1 1 1 1 1 1 2 1 1 1 1 1 1 1 1 1 1 1 1 1 1 0 1 1 2 1 1 1 0 1 0 1 1 1 0 1 1 1 1 1 0 1 1 0 1 1 1 1 1 0 1 1 1 1 2 1 1 1 2 1 1 1 1 1 1 1 1 1 0 1 1 1 1 1 1 1 1 1 1 1 1 1 1 1 1 1 2 1 1 1 1 1 1 1 1 1 0 1 0 1 1 0 1 1 1 1 2 1 1 0 1 1 1 1 1 1 1 1 1 1 1 1 1 1 0 2 1 1 1 1 2 1 1 1 1 1 1 0 1 1 1 1 1 1 1 1 1 1 1 1 1 1 1 1 1 1 2 1 2 1 1 1 1 1 1 1 1 2 1 2 1 1 1 1 1 1 1 1 1 1 1 1 1 1 1 1 1 1 
7 8 9 9 8 8 11 9 6 10 6 2 9 8 10 12 13 8 11 10 16 9 10 9 8 6 1 11 3 10 10 11 7 8 12 14 8 7 8 5 12 8 5 8 10 5 3 4 9 10 7 5 7 6 11 10 13 4 9 10 7 13 10 3 9 6 10 5 7 12 9 6 10 6 8 15 8 10 7 8 15 12 7 9 10 14 12 10 8 2 13 9 10 13 12 6 14 7 7 8 10 9 11 10 6 6 12 17 12 11 10 11 6 8 10 4 6 9 10 4 4 12 12 10 10 8 9 9 13 9 5 10 8 10 9 11 11 8 7 10 13 7 12 10 6 4 9 8 6 7 13 7 6 9 12 11 7 1 11 10 11 7 4 6 2 11 10 8 11 12 6 12 12 9 17 13 11 12 7 10 8 7 10 6 9 11 9 15 9 5 5 8 2 12 8 6 6 12 7 7 
3 4 4 3 3 4 5 4 5 3 3 2 2 1 2 4 3 3 1 4 2 4 2 3 3 3 4 4 4 2 4 3 3 3 3 1 4 3 5 4 4 4 2 4 3 3 3 4 2 4 5 3 3 6 2 4 3 3 2 2 2 3 4 2 3 3 0 2 4 4 2 3 3 3 4 2 2 3 2 3 1 3 3 3 2 2 4 3 3 3 3 4 2 5 4 4 3 5 1 3 4 1 2 1 4 3 3 3 2 4 3 4 4 2 4 3 3 3 3 5 2 3 3 3 5 3 1 4 4 3 3 3 2 3 4 2 1 2 3 5 5 2 2 3 4 4 3 3 3 3 2 4 5 3 3 2 3 4 3 2 3 2 4 4 4 3 2 3 2 0 4 3 3 5 2 1 3 1 4 3 3 3 4 3 3 3 4 1 3 3 4 4 3 1 5 3 2 4 2 3 
2 3 3 2 3 3 4 4 5 1 3 3 2 3 4 3 2 2 3 2 2 4 3 3 6 2 2 1 1 3 2 2 2 2 5 4 3 3 5 3 3 3 3 3 3 4 3 2 4 3 3 2 4 4 5 3 1 2 4 2 3 3 2 3 3 4 1 2 3 4 4 2 3 5 4 1 3 2 1 4 2 4 2 2 1 4 3 2 2 3 4 1 3 2 3 3 4 4 2 3 4 3 1 4 4 3 3 3 3 4 4 4 2 2 0 1 4 4 4 4 3 3 3 2 4 1 2 4 4 3 2 4 0 2 6 2 2 3 3 1 4 3 2 5 3 1 3 3 3 3 3 2 4 3 4 2 3 4 3 3 3 3 4 3 4 2 3 2 5 4 3 4 2 2 4 1 2 3 3 2 2 2 2 3 5 3 2 2 3 2 5 3 4 3 5 3 3 3 3 2 
10 7 8 6 3 6 6 8 6 9 10 6 6 6 8 5 8 4 5 7 6 6 11 7 6 5 7 7 2 10 10 5 6 7 9 12 10 8 2 4 7 6 9 10 5 9 11 5 7 4 6 6 5 9 10 9 4 8 6 5 5 8 6 4 6 9 11 6 9 9 7 10 8 8 5 7 6 7 8 3 9 6 3 6 3 8 8 2 1 11 5 6 9 8 8 11 6 5 10 6 8 11 6 5 9 13 7 6 12 7 9 8 4 9 6 9 6 9 10 8 5 5 8 3 8 6 6 8 4 8 4 7 6 10 7 5 8 6 7 6 9 5 8 7 4 6 3 11 6 5 7 5 5 7 8 0 8 7 9 6 8 10 5 7 10 1 3 8 7 4 7 4 7 8 12 5 8 5 6 6 10 9 7 10 5 9 12 5 4 9 4 6 8 9 5 5 7 12 7 9 
10 8 13 11 16 13 6 4 10 8 8 7 7 10 10 4 13 6 7 11 8 12 8 5 7 8 7 8 5 6 9 9 3 7 11 15 9 8 10 10 11 11 11 8 8 8 9 8 8 7 10 2 10 9 5 10 7 10 13 7 6 11 11 11 3 15 8 12 12 13 7 11 6 11 10 7 9 9 11 8 13 9 6 5 10 4 11 6 11 9 11 5 8 11 12 7 11 7 8 8 14 10 13 14 11 8 10 5 13 8 7 11 6 8 10 8 9 9 8 7 9 6 8 9 10 10 12 15 10 9 14 8 9 4 3 9 14 6 12 10 11 5 10 10 3 9 8 7 4 12 10 5 8 5 8 5 12 3 13 7 9 8 13 12 10 7 8 6 13 6 6 5 9 10 6 9 12 7 7 9 12 7 13 6 12 10 6 4 12 10 13 7 9 10 10 9 7 10 10 11 
6 8 4 4 11 6 4 7 6 9 8 5 7 6 6 6 5 2 7 5 5 7 3 5 4 7 4 7 2 5 5 5 8 10 5 5 4 5 8 5 4 8 5 6 5 7 8 7 6 5 5 4 4 6 2 6 8 6 7 9 5 4 7 6 7 7 6 4 7 8 10 7 4 4 6 2 6 10 6 7 6 9 6 4 5 6 6 7 5 7 10 7 3 6 6 5 6 9 6 5 6 2 6 6 12 7 6 7 8 6 7 3 8 6 6 5 4 6 2 6 8 6 5 6 6 3 6 5 5 8 6 4 8 6 6 3 10 5 8 3 6 6 6 5 9 4 3 6 2 6 5 6 7 7 4 7 5 4 9 5 6 10 10 5 5 2 8 5 5 3 7 5 9 7 3 7 6 8 5 7 7 4 6 4 7 10 9 2 6 5 5 8 1 11 9 6 7 5 6 8 
4 5 3 7 6 5 6 2 2 3 7 7 3 7 7 5 5 5 7 5 5 5 4 8 3 4 4 5 6 5 4 6 5 7 4 3 4 5 3 3 4 7 8 2 6 8 6 8 5 4 3 4 5 3 4 3 6 7 3 5 3 5 7 3 8 5 6 4 7 4 5 7 4 4 3 7 8 6 5 7 8 5 5 6 3 6 3 3 7 4 6 5 6 4 5 5 4 5 6 6 3 4 6 4 5 7 6 7 4 4 6 6 5 2 3 2 3 5 3 9 2 4 6 4 9 4 4 7 4 6 1 6 5 5 6 4 6 2 6 4 6 3 5 6 4 5 5 2 4 6 2 8 3 6 6 7 5 3 5 3 4 2 5 4 6 1 3 6 6 7 1 6 3 4 4 4 5 3 8 2 7 5 5 2 6 6 3 3 5 4 5 4 6 4 5 7 3 4 5 5 
11 3 7 12 7 6 7 7 10 6 6 4 11 6 11 8 8 5 6 6 1 11 11 10 8 15 11 12 7 9 11 10 7 11 10 11 8 11 9 6 6 13 10 1 8 9 4 7 9 7 4 11 10 5 8 12 13 9 7 8 7 7 11 8 11 7 11 8 12 13 8 7 7 8 10 2 12 9 9 10 7 4 5 5 6 7 8 9 9 5 5 3 15 3 5 4 8 8 10 10 7 8 7 11 7 7 7 9 8 9 5 7 8 4 6 4 7 7 6 9 7 6 9 13 12 6 6 11 10 10 8 12 7 9 10 10 9 13 9 10 12 8 10 9 8 4 4 10 5 7 12 10 10 2 10 9 8 10 6 9 9 5 9 10 6 9 7 5 8 6 5 9 6 7 10 1 8 9 4 6 7 6 6 8 9 11 8 8 7 6 13 6 9 8 6 6 2 9 6 5 
9 9 4 7 8 7 8 6 9 4 10 8 7 7 12 8 6 9 6 5 9 12 9 6 9 7 10 9 10 9 11 9 7 7 9 10 6 5 9 2 8 9 12 8 9 9 9 6 11 6 8 7 4 2 3 10 8 8 9 7 10 5 5 9 6 1 8 7 7 5 11 11 6 11 8 8 1 7 8 8 10 11 6 8 12 7 5 8 7 7 6 8 7 11 8 6 5 9 10 10 8 5 7 9 6 7 8 10 5 10 4 7 4 8 7 10 8 6 10 3 10 6 11 5 11 5 9 5 8 10 8 10 9 8 6 6 11 8 4 7 5 8 11 5 11 8 4 6 7 7 6 10 4 5 12 9 9 9 12 7 9 5 8 12 8 8 8 6 8 5 9 7 5 6 7 3 7 5 10 6 5 11 8 9 15 9 10 5 8 4 13 9 8 10 15 10 12 6 7 8 
6 6 2 5 6 4 3 4 7 5 6 6 5 4 5 4 5 5 4 7 3 6 3 5 4 5 5 6 7 7 7 3 4 5 7 3 6 3 6 8 4 2 5 3 4 5 4 5 5 4 5 7 4 4 6 7 5 5 7 8 3 5 7 5 6 5 5 6 2 4 6 4 4 6 3 5 4 7 5 3 8 2 7 5 3 5 5 6 5 7 5 5 7 4 5 2 6 8 1 7 3 4 6 2 8 6 4 4 8 3 5 4 3 2 5 6 4 6 6 3 6 6 7 1 4 5 6 8 4 2 4 9 7 4 5 5 3 6 4 7 4 7 5 7 3 7 3 3 2 4 3 3 5 4 5 5 7 6 6 6 4 2 5 7 4 7 2 8 5 4 2 6 0 5 3 3 6 4 3 7 7 3 5 6 4 6 6 4 6 3 3 3 6 7 6 4 7 5 4 7 
12 8 11 13 8 11 3 5 10 1 5 7 3 4 11 10 12 13 9 7 7 8 8 12 16 8 11 8 5 13 9 13 9 8 8 10 12 5 7 5 5 7 13 10 11 5 10 4 9 9 13 12 7 9 9 12 8 13 9 10 10 11 9 11 8 10 10 6 12 10 7 8 9 10 8 16 6 8 11 7 13 9 8 8 9 12 12 4 11 10 7 8 11 13 14 10 8 8 9 8 6 12 5 8 5 9 8 10 12 11 14 10 10 7 9 12 6 8 7 11 4 9 12 7 6 10 6 11 5 11 6 6 10 10 7 13 11 13 9 9 10 8 8 2 7 9 3 10 10 5 15 11 10 16 10 9 10 7 5 5 6 10 8 9 7 11 12 11 8 10 8 11 2 8 6 13 9 12 6 7 12 7 7 8 8 6 10 10 10 7 14 5 7 10 10 10 14 14 8 8 
3 3 4 5 5 4 2 4 4 3 3 4 3 3 1 2 4 3 4 3 3 2 4 5 4 2 2 4 2 4 3 1 4 4 3 4 4 5 2 3 4 2 3 1 3 1 4 3 2 3 2 3 2 2 0 4 2 2 5 3 4 3 3 5 3 3 4 5 5 2 4 2 4 1 1 2 3 4 3 6 2 3 2 4 4 3 3 3 3 3 4 4 4 2 4 4 3 4 3 4 2 1 2 3 2 3 3 5 4 3 3 3 2 2 2 5 3 5 2 3 2 4 1 5 3 1 3 3 3 2 0 5 3 2 4 3 3 2 3 3 2 3 3 3 2 4 3 3 3 3 4 3 3 3 3 2 2 4 4 3 4 3 3 4 2 2 4 2 3 4 3 4 2 1 3 4 2 3 2 3 2 1 2 2 3 4 3 3 4 2 4 4 3 2 2 4 5 3 1 2 
1 1 1 1 1 1 1 2 1 2 1 1 1 1 1 1 1 1 1 1 1 1 1 1 1 1 1 1 1 1 1 1 1 0 1 1 1 1 1 1 1 0 1 1 1 1 1 1 1 1 2 1 1 1 1 1 1 1 1 1 1 1 1 1 2 1 1 1 1 1 2 1 1 1 1 2 1 1 0 1 1 1 1 1 2 1 1 1 2 1 1 1 1 0 1 1 1 1 1 1 1 1 0 2 1 1 1 1 1 2 1 1 1 1 1 1 1 1 1 0 1 1 1 1 1 1 1 1 1 1 1 1 1 2 1 1 1 1 1 0 2 1 1 1 1 1 1 1 1 1 1 1 1 1 1 1 1 1 1 1 1 1 1 2 1 1 1 1 1 2 1 1 1 1 1 1 1 1 1 1 1 1 1 1 0 2 1 1 2 1 1 1 1 1 1 1 1 1 1 1 
3 3 3 2 2 4 4 2 5 5 1 2 5 2 3 3 3 3 3 3 2 3 3 4 1 4 3 4 3 3 0 3 5 4 4 3 3 3 4 4 4 3 2 4 1 3 4 1 2 4 1 5 3 3 3 2 1 4 3 4 4 2 1 5 3 4 2 1 0 3 3 4 2 4 4 2 4 4 3 4 3 3 2 3 2 4 3 4 2 3 3 2 2 4 4 3 2 3 2 3 4 3 3 2 2 2 2 3 0 2 4 4 4 2 2 3 2 2 3 3 4 3 4 1 3 4 2 3 4 2 3 3 3 5 1 2 4 3 4 3 1 2 3 2 3 3 3 1 2 3 4 3 3 5 5 3 4 4 2 2 3 2 2 4 2 2 3 4 3 4 3 1 3 2 4 3 4 4 3 4 2 5 3 3 1 3 4 3 5 2 2 3 3 3 3 4 2 4 3 3 
3 3 1 3 2 1 3 3 3 4 4 4 3 3 6 3 3 3 4 3 5 2 2 3 4 2 3 3 3 2 3 4 1 3 5 3 2 3 2 4 2 3 2 4 2 3 5 2 2 2 4 2 2 3 1 4 2 4 3 1 2 3 2 3 2 3 3 0 3 2 3 2 3 2 4 1 3 2 3 3 3 3 2 4 4 4 4 3 3 3 2 4 2 4 3 3 3 2 2 2 1 4 4 3 1 1 4 4 3 3 2 3 2 3 2 2 3 2 5 4 2 5 2 1 2 3 4 3 4 3 1 2 2 4 6 2 3 3 2 2 2 4 3 4 2 4 2 5 4 1 3 5 2 3 2 2 4 2 4 4 4 4 3 4 4 2 2 2 1 1 2 2 5 3 4 3 4 3 5 3 3 3 3 3 3 1 2 3 5 4 1 4 5 4 4 3 2 2 3 3 
2 1 0 2 1 2 3 3 2 2 2 2 1 3 2 3 2 2 2 2 3 2 2 1 3 1 2 2 1 3 2 1 1 3 2 2 2 2 2 1 2 1 2 1 2 3 3 2 1 2 1 1 1 1 2 1 1 2 2 2 1 2 2 1 2 2 1 4 2 2 2 2 1 2 4 2 2 2 2 2 2 2 2 2 1 3 3 2 3 2 2 2 2 1 2 2 3 3 0 1 3 3 2 3 3 2 3 2 2 2 2 3 2 3 1 4 2 2 2 3 2 2 3 2 2 1 2 1 3 2 1 3 1 2 3 3 3 3 2 2 1 2 1 2 3 2 3 1 3 3 1 2 2 3 2 3 2 2 1 2 2 3 0 1 2 2 2 2 2 2 1 2 2 2 1 3 2 3 2 2 2 3 2 2 2 2 1 2 3 1 3 1 2 2 2 2 1 1 2 3 
1 1 0 2 2 1 1 1 1 1 1 1 1 1 1 1 1 1 1 1 1 1 1 2 1 1 1 1 1 1 0 1 1 1 1 1 1 1 1 1 1 1 1 1 1 1 1 1 2 1 1 1 1 1 1 1 1 1 1 2 1 1 1 1 1 2 2 1 1 2 1 2 1 1 1 1 1 1 1 1 1 1 1 1 1 1 1 1 2 1 1 1 1 1 1 1 1 1 1 1 1 0 1 1 1 1 1 1 0 0 1 1 1 1 1 1 1 1 1 1 2 1 2 1 1 1 1 1 1 1 1 1 1 1 1 1 1 1 1 1 1 1 0 0 1 2 1 1 0 1 1 1 0 1 1 2 1 1 1 1 1 1 1 2 1 1 1 1 1 0 1 1 1 1 1 1 1 1 1 1 1 0 1 1 2 1 1 1 1 1 1 2 1 1 1 1 1 1 1 1 
6 5 10 7 10 7 9 5 7 10 8 11 10 11 5 6 12 10 13 5 11 13 7 12 10 9 7 11 14 12 12 6 5 7 7 12 11 8 9 11 9 7 10 11 8 15 10 7 8 5 6 7 10 4 7 11 9 12 11 6 9 10 4 7 10 10 11 10 9 7 10 3 11 5 12 7 11 13 9 9 10 14 11 9 7 9 7 8 10 8 7 7 11 8 7 8 10 8 6 5 16 1 10 9 6 8 5 5 7 1 11 11 14 13 6 8 6 0 6 11 11 9 7 12 0 12 7 12 11 6 10 7 2 12 1 7 7 6 9 7 9 3 10 8 9 8 14 8 11 11 12 14 8 8 7 12 6 7 4 11 11 13 5 11 3 9 9 11 17 8 6 8 11 8 11 12 7 8 12 10 9 11 7 6 8 10 7 11 2 9 14 4 9 12 5 6 12 9 10 8 
7 8 7 6 6 4 4 3 5 5 8 10 6 12 10 6 9 8 8 7 7 6 7 8 8 3 8 8 8 11 7 5 8 5 8 9 10 9 7 6 6 7 9 9 5 6 5 8 3 7 6 4 7 8 7 8 6 6 6 7 6 9 10 5 7 2 8 9 5 3 9 9 10 3 6 5 6 6 6 7 4 7 7 8 5 12 4 5 5 10 8 6 7 5 7 5 7 8 11 9 7 7 9 9 4 5 4 11 7 7 6 9 7 6 7 4 7 11 4 8 10 11 5 6 8 1 5 6 6 8 9 5 10 7 4 11 10 12 9 7 7 6 7 8 7 9 4 5 10 6 5 9 5 9 6 5 8 8 3 8 10 7 11 10 10 4 9 7 7 9 6 8 5 8 4 6 5 4 12 7 6 7 7 8 8 5 10 10 4 5 5 4 7 8 8 9 10 5 5 7 
