NAME  : Jabali_50_4_0.85_1_3
TYPE : SVRP
MODEL : FINITE_SUPPORT
NUMBER_OF_SCENARIOS : 200
DIMENSION : 50
EDGE_WEIGHT_TYPE : MATRIX
CAPACITY : 78
N_VEHICLES : 4
NODE_COORD_SECTION
1 5850 3533
2 5860 7236
3 5495 2383
4 7512 6465
5 27 3588
6 3150 3026
7 4179 3664
8 3085 4730
9 4619 3993
10 4201 1246
11 5840 5654
12 1528 5443
13 5441 668
14 2687 4618
15 1924 6032
16 1863 3365
17 4138 18
18 5939 4809
19 2107 3514
20 1670 2668
21 1907 5625
22 1287 3852
23 2967 1755
24 3571 6806
25 1292 4636
26 4499 7708
27 5969 3944
28 7122 5728
29 1322 5181
30 8216 3708
31 6691 5482
32 5465 7032
33 6985 1468
34 5170 442
35 4389 7509
36 6278 3780
37 3870 4526
38 3748 1101
39 5328 5081
40 4292 8685
41 2149 1830
42 6094 6592
43 5743 3343
44 5286 916
45 6260 4142
46 2200 2146
47 4606 6338
48 2304 5377
49 5484 3816
50 3390 7690
DEMAND_SECTION
1 0.0
2 1.0
3 9.0
4 9.0
5 4.0
6 1.0
7 7.0
8 4.0
9 6.0
10 8.0
11 9.0
12 1.0
13 9.0
14 6.0
15 7.0
16 7.0
17 8.0
18 4.0
19 9.0
20 1.0
21 8.0
22 7.0
23 8.0
24 5.0
25 6.0
26 2.0
27 6.0
28 7.0
29 8.0
30 7.0
31 9.0
32 1.0
33 6.0
34 3.0
35 2.0
36 3.0
37 3.0
38 1.0
39 7.0
40 4.0
41 8.0
42 10.0
43 7.0
44 7.0
45 2.0
46 4.0
47 9.0
48 2.0
49 2.0
50 2.0
DEVIATION_SECTION
1 0.0
2 0.333333
3 3.0
4 3.0
5 1.33333
6 0.333333
7 2.33333
8 1.33333
9 2.0
10 2.66667
11 3.0
12 0.333333
13 3.0
14 2.0
15 2.33333
16 2.33333
17 2.66667
18 1.33333
19 3.0
20 0.333333
21 2.66667
22 2.33333
23 2.66667
24 1.66667
25 2.0
26 0.666667
27 2.0
28 2.33333
29 2.66667
30 2.33333
31 3.0
32 0.333333
33 2.0
34 1.0
35 0.666667
36 1.0
37 1.0
38 0.333333
39 2.33333
40 1.33333
41 2.66667
42 3.33333
43 2.33333
44 2.33333
45 0.666667
46 1.33333
47 3.0
48 0.666667
49 0.666667
50 0.666667
DISTANCE_MATRIX
0.0 49.0806 16.252 45.5412 78.0789 36.2353 21.4238 39.3341 17.8182 38.4708 27.8206 62.0361 39.6817 43.8944 61.9476 53.0 52.811 16.6433 51.1803 56.0357 58.9633 63.6516 45.3542 59.6758 63.0561 59.4545 5.38516 34.3657 63.5002 35.7726 28.8617 47.0264 37.2051 42.864 57.8184 6.32456 29.3454 43.1045 24.2579 72.7305 53.8516 41.0488 2.23607 37.0518 9.05539 51.8941 42.7878 52.8941 6.0 66.8608 
49.0806 0.0 65.1494 25.0 92.72 66.5545 52.8867 51.1566 47.5395 84.6938 21.2603 62.6498 88.6143 55.4577 55.0727 75.1665 100.727 32.5576 72.111 84.006 57.2713 76.503 84.4038 30.8058 70.5195 19.6977 43.9318 26.3059 66.3099 56.3205 26.0 5.38516 76.3288 91.7739 19.7231 45.9674 45.2769 87.8465 31.3847 29.0 88.7196 8.94427 51.2882 85.9502 41.7253 85.4819 20.3961 54.0833 46.2909 33.2866 
16.252 65.1494 0.0 61.5121 74.793 34.0147 25.02 44.6407 23.2524 24.0832 43.8894 67.3427 23.4307 49.201 67.2541 49.7151 37.108 32.8228 47.8955 51.225 64.2699 59.2761 35.5106 65.11 65.8699 74.0987 21.6347 50.3349 68.8068 39.016 45.0036 63.0952 22.0938 26.6271 71.9728 21.5359 34.7131 29.4279 40.3267 87.5439 45.607 57.1773 14.0189 20.8087 25.0847 44.5982 55.7717 58.2007 19.799 76.4778 
45.5412 25.0 61.5121 0.0 108.24 74.7329 58.8558 64.405 51.3605 84.0119 25.0799 81.4899 82.6378 69.3181 75.0067 86.977 98.1206 31.0644 83.8153 94.4927 76.221 90.802 89.0898 52.8015 87.758 44.5982 40.3113 11.1803 84.9095 37.8021 17.0 28.6356 63.5151 86.3771 44.3847 40.025 55.3624 88.5664 34.9285 53.4603 95.8853 19.4165 47.676 80.6563 36.4966 93.2148 38.8973 72.3291 45.0111 57.6975 
78.0789 92.72 74.793 108.24 0.0 42.202 62.8056 43.909 65.3837 64.3273 83.2406 32.0 82.2253 38.9487 41.0122 25.2389 74.0068 82.6848 27.8029 25.4951 37.054 17.8045 46.5296 64.4981 22.3607 81.3941 83.885 99.6444 28.0 115.792 93.4933 87.3613 95.3306 81.3941 79.511 87.0912 53.8238 60.531 74.8866 89.0505 37.0135 91.9125 77.1301 79.555 87.833 35.2278 72.4224 38.833 77.5374 71.0282 
36.2353 66.5545 34.0147 74.7329 42.202 0.0 16.1555 26.0776 24.1661 30.6757 50.3587 39.5914 46.1736 24.6414 44.62 17.1231 45.6508 46.8791 15.3034 20.2476 39.97 26.6841 20.0 55.7077 33.2779 71.6367 39.1152 64.5679 38.3284 69.3745 58.2445 69.7432 55.0979 46.6905 69.4199 42.2019 29.203 30.0167 39.8121 83.0132 22.2036 62.0 35.3836 43.1045 43.0635 19.0263 55.3188 35.5237 32.7678 66.8048 
21.4238 52.8867 25.02 58.8558 62.8056 16.1555 0.0 20.6854 8.06226 33.9706 35.0 43.3874 44.2832 25.2456 43.2988 33.2485 50.2494 30.8717 31.4288 36.373 40.3146 45.0029 31.5753 44.0572 44.4074 53.6004 23.8544 48.5605 44.8515 55.7615 42.2371 48.7032 47.0972 46.1411 51.4004 27.0605 10.8384 36.0555 24.0832 66.7287 37.1214 47.3814 21.095 41.1461 27.8024 34.3657 35.8469 34.2454 17.5067 55.425 
39.3341 51.1566 44.6407 64.405 43.909 26.0776 20.6854 0.0 23.2634 54.5095 39.3573 22.8035 64.8561 5.0 23.1948 24.0208 66.7317 39.1142 21.0 33.1361 20.025 26.4008 39.6463 29.9669 24.0832 45.9167 41.7648 55.7584 24.1661 72.1266 49.6488 46.0435 66.7147 66.7914 43.721 44.9709 10.8167 51.1093 31.241 57.2724 39.9249 48.5077 39.0139 61.7318 48.5401 36.4005 31.0 14.0 35.4171 41.069 
17.8182 47.5395 23.2524 51.3605 65.3837 24.1661 8.06226 23.2634 0.0 37.2156 28.2843 45.9654 44.6543 27.8237 45.8337 42.565 53.2541 23.3311 39.4115 44.3557 42.8494 47.5809 38.0526 42.0416 46.9854 50.9117 20.2489 41.0199 47.4295 52.156 34.6965 43.8292 45.2796 47.0221 48.7955 23.455 13.0384 40.3113 17.1172 64.3817 44.5533 41.2311 17.498 41.6187 24.1968 41.9762 32.5576 36.7802 13.9012 53.4094 
38.4708 84.6938 24.0832 84.0119 64.3273 30.6757 33.9706 54.5095 37.2156 0.0 64.8792 66.0624 18.0278 51.1124 71.091 42.0119 16.2788 54.1202 41.1947 38.833 66.441 52.0096 18.0278 78.3217 59.6825 87.4586 43.7379 72.8354 64.7994 62.5879 67.2681 81.0286 37.2022 17.1172 85.276 44.1814 44.6625 5.83095 54.0116 100.66 28.6356 78.1319 36.3456 15.6525 47.5184 29.4109 69.4046 61.9948 39.8497 89.6895 
27.8206 21.2603 43.8894 25.0799 83.2406 50.3587 35.0 39.3573 28.2843 64.8792 0.0 59.2524 67.3544 44.2945 52.7745 61.9839 79.9938 11.3137 58.8218 69.6388 53.9835 65.7419 66.2722 33.2415 62.7914 32.9848 22.6716 16.9706 62.672 40.0 11.6619 19.4165 56.7022 70.5139 31.5753 24.8395 30.3645 68.3449 11.1803 45.8803 72.0625 13.4164 30.0282 64.6903 20.6155 69.1809 18.4391 50.0915 25.0309 42.0476 
62.0361 62.6498 67.3427 81.4899 32.0 39.5914 43.3874 22.8035 45.9654 66.0624 59.2524 0.0 82.4683 19.105 9.05539 27.6586 80.2309 60.909 26.6271 36.7967 5.38516 21.095 52.3546 32.9848 10.7703 49.6488 64.4668 75.7247 4.0 93.9214 70.8917 57.2713 89.4167 82.6382 47.8539 67.6729 33.2727 64.622 53.0173 57.0789 48.2701 62.9682 61.7159 79.4797 70.3349 44.8219 43.0465 10.0 58.1191 39.0512 
39.6817 88.6143 23.4307 82.6378 82.2253 46.1736 44.2832 64.8561 44.6543 18.0278 67.3544 82.4683 0.0 67.5183 87.4696 59.2115 18.9737 56.2526 58.0345 56.7539 82.8469 69.1809 36.0555 86.4459 76.1548 95.5006 45.0644 71.719 81.2053 54.0 67.7246 86.434 24.5153 4.0 93.3747 44.9656 55.0092 22.8254 63.6655 108.946 46.6154 80.607 37.4486 3.16228 48.5144 47.4342 77.1735 78.4162 43.1856 97.8137 
43.8944 55.4577 49.201 69.3181 38.9487 24.6414 25.2456 5.0 27.8237 51.1124 44.2945 19.105 67.5183 0.0 21.1896 20.0998 65.2955 44.1049 17.2627 29.6142 17.2627 21.5407 38.2101 31.9531 19.2094 48.2701 46.325 60.7454 19.9249 77.1173 54.6443 50.2764 71.275 67.6882 46.0977 49.5312 15.6205 49.673 36.2353 59.2368 37.5899 53.1601 43.5742 64.5296 50.273 34.0 35.1656 11.7047 39.9774 42.5441 
61.9476 55.0727 67.2541 75.0067 41.0122 44.62 43.2988 23.1948 45.8337 71.091 52.7745 9.05539 87.4696 21.1896 0.0 34.8281 85.2741 58.8224 33.2415 44.4072 5.0 29.5466 58.0086 24.6982 19.6469 41.0 70.0399 69.2468 13.0384 91.2994 64.4138 49.7393 89.3282 87.6668 39.2938 72.3977 33.1781 69.6517 52.4365 48.0416 55.1725 56.2228 61.6273 84.3453 68.2482 51.6236 36.2353 9.48683 58.0305 30.0167 
53.0 75.1665 49.7151 86.977 25.2389 17.1231 33.2485 24.0208 42.565 42.0119 61.9839 27.6586 59.2115 20.0998 34.8281 0.0 54.5711 60.0405 3.16228 9.84886 29.8329 10.0 25.9615 51.6624 18.7883 68.2495 56.063 77.4824 25.2389 87.9701 71.1968 70.0643 70.4231 59.0085 66.0984 59.2691 31.6228 39.4588 52.4085 78.7464 20.6155 72.1803 52.0512 56.3205 60.0109 17.2047 55.0091 27.2947 49.7153 61.4654 
52.811 100.727 37.108 98.1206 74.0068 45.6508 50.2494 66.7317 53.2541 16.2788 79.9938 80.2309 18.9737 65.2955 85.2741 54.5711 0.0 69.0797 54.4059 49.163 80.6241 64.3273 28.6356 94.5894 73.0821 103.711 58.1893 86.9434 78.7718 72.2496 81.6121 97.0618 43.4166 15.2315 101.533 58.1444 60.9302 15.6525 76.4311 116.932 37.0 93.2465 50.5964 19.2354 61.6932 39.1152 85.6037 76.1779 55.0364 105.957 
16.6433 32.5576 32.8228 31.0644 82.6848 46.8791 30.8717 39.1142 23.3311 54.1202 11.3137 60.909 56.2526 44.1049 58.8224 60.0405 69.0797 0.0 56.8869 67.1253 57.8302 64.9178 58.0345 40.2887 63.0637 43.0895 11.4018 20.3961 62.5448 32.9848 14.1421 30.6105 47.6047 59.4348 41.4534 13.6015 28.8631 58.2495 7.89292 56.3655 67.8562 24.4131 18.868 53.6226 9.43398 65.2043 26.4228 51.761 14.3178 50.4958 
51.1803 72.111 47.8955 83.8153 27.8029 15.3034 31.4288 21.0 39.4115 41.1947 58.8218 26.6271 58.0345 17.2627 33.2415 3.16228 54.4059 56.8869 0.0 12.3693 28.2843 11.4018 26.0 49.0408 18.6815 65.5134 54.2433 74.3289 24.5967 86.1504 68.0432 67.0298 68.6034 58.0345 63.3482 57.4495 28.4605 39.0512 49.255 76.2168 21.9317 69.0507 50.2316 55.0818 58.1913 18.3848 52.0 25.2389 47.8957 59.0931 
56.0357 84.006 51.225 94.4927 25.4951 20.2476 36.373 33.1361 44.3557 38.833 69.6388 36.7967 56.7539 29.6142 44.4072 9.84886 49.163 67.1253 12.3693 0.0 39.4081 16.6433 21.095 61.4003 27.0185 77.8781 59.1692 84.8049 33.9706 87.983 78.4864 79.0063 71.0212 55.9017 75.71 62.1289 39.4588 35.1283 59.8568 88.5438 12.6491 80.5047 55.0 54.1202 63.1355 10.0499 64.0703 37.1214 52.8398 71.3092 
58.9633 57.2713 64.2699 76.221 37.054 39.97 40.3146 20.025 42.8494 66.441 53.9835 5.38516 82.8469 17.2627 5.0 29.8329 80.6241 57.8302 28.2843 39.4081 0.0 24.6982 53.2541 27.6586 15.1327 44.4072 61.394 70.4558 9.21954 90.8426 65.6228 51.8941 86.3439 83.0168 42.5793 64.6001 30.1938 65.0017 49.9384 52.2398 50.2096 57.6888 58.6431 79.8583 67.256 46.669 37.7359 6.08276 55.0463 34.2345 
63.6516 76.503 59.2761 90.802 17.8045 26.6841 45.0029 26.4008 47.5809 52.0096 65.7419 21.095 69.1809 21.5407 29.5466 10.0 64.3273 64.9178 11.4018 16.6433 24.6982 0.0 35.6931 50.0899 10.6301 67.0671 66.0823 81.9878 17.8045 97.9894 75.8024 71.1969 79.9841 69.0072 65.0308 69.2884 36.0555 49.366 57.1402 76.2955 29.0689 74.6539 62.1105 66.2722 70.0302 26.0 56.1442 24.1868 59.7346 58.4637 
45.3542 84.4038 35.5106 89.0898 46.5296 20.0 31.5753 39.6463 38.0526 18.0278 66.2722 52.3546 36.0555 38.2101 58.0086 25.9615 28.6356 58.0345 26.0 21.095 53.2541 35.6931 0.0 69.2764 44.5982 83.7623 49.8197 78.2304 50.5668 74.2428 72.111 80.0812 53.0754 34.9285 81.5455 51.6624 40.5114 14.0357 55.1453 96.5819 10.8167 78.9177 43.6807 33.6155 53.9351 11.4018 66.5065 49.0408 44.2832 80.3735 
59.6758 30.8058 65.11 52.8015 64.4981 55.7077 44.0572 29.9669 42.0416 78.3217 33.2415 32.9848 86.4459 31.9531 24.6982 51.6624 94.5894 40.2887 49.0408 61.4003 27.6586 50.0899 69.2764 0.0 42.19 17.0 51.5062 48.7545 36.8782 72.5603 44.5982 25.6125 87.1372 88.8791 15.0333 53.864 33.9961 80.0994 34.0588 27.313 69.3542 33.4215 59.3556 83.4419 49.7145 65.7951 14.8661 26.0 55.7588 12.2066 
63.0561 70.5195 65.8699 87.758 22.3607 33.2779 44.4074 24.0832 46.9854 59.6825 62.7914 10.7703 76.1548 19.2094 19.6469 18.7883 73.0821 63.0637 18.6815 27.0185 15.1327 10.6301 44.5982 42.19 0.0 59.1354 65.4867 79.3809 7.2111 96.0761 73.3452 65.146 86.5778 76.3217 57.2189 68.6929 34.8281 57.7235 55.1725 67.3647 39.1152 70.0882 62.7359 73.1661 69.4347 35.8469 50.3289 16.4924 59.1391 49.366 
59.4545 19.6977 74.0987 44.5982 81.3941 71.6367 53.6004 45.9167 50.9117 87.4586 32.9848 49.6488 95.5006 48.2701 41.0 68.2495 103.711 43.0895 65.5134 77.8781 44.4072 67.0671 83.7623 17.0 59.1354 0.0 54.307 44.1814 53.6004 72.4431 42.0476 16.2788 89.648 97.8684 2.23607 56.6648 43.5878 89.627 38.9487 13.6015 85.31 26.3059 61.662 92.465 52.5153 81.7595 18.4391 43.0 56.6648 14.1421 
5.38516 43.9318 21.6347 40.3113 83.885 39.1152 23.8544 41.7648 20.2489 43.7379 22.6716 64.4668 45.0644 46.325 70.0399 56.063 58.1893 11.4018 54.2433 59.1692 61.394 66.0823 49.8197 51.5062 65.4867 54.307 0.0 29.1548 65.9309 31.9104 23.5372 41.879 42.5878 48.2467 52.671 4.12311 31.7761 48.2597 19.1105 67.5831 57.8705 35.805 7.61577 42.4345 4.12311 55.7136 37.6404 55.3248 6.40312 61.7133 
34.3657 26.3059 50.3349 11.1803 99.6444 64.5679 48.5605 55.7584 41.0199 72.8354 16.9706 75.7247 71.719 60.7454 69.2468 77.4824 86.9434 20.3961 74.3289 84.8049 70.4558 81.9878 78.2304 48.7545 79.3809 44.1814 29.1548 0.0 78.8611 30.4631 6.32456 28.0179 53.5501 75.4481 43.4166 28.8617 46.0652 77.4145 25.0799 55.1453 85.3928 18.0 36.4966 69.727 25.318 82.8931 34.0 66.5638 34.0147 55.7853 
63.5002 66.3099 68.8068 84.9095 28.0 38.3284 44.8515 24.1661 47.4295 64.7994 62.672 4.0 81.2053 19.9249 13.0384 25.2389 78.7718 62.5448 24.5967 33.9706 9.21954 17.8045 50.5668 36.8782 7.2111 53.6004 65.9309 78.8611 0.0 95.5572 72.8254 60.9262 90.8808 81.3752 51.788 69.137 34.8855 63.2456 54.6531 61.0737 45.8039 66.3881 63.18 78.2166 71.9707 42.4382 46.5296 12.8062 59.5832 43.0465 
35.7726 56.3205 39.016 37.8021 115.792 69.3745 55.7615 72.1266 52.156 62.5879 40.0 93.9214 54.0 77.1173 91.2994 87.9701 72.2496 32.9848 86.1504 87.983 90.8426 97.9894 74.2428 72.5603 96.0761 72.4431 31.9104 30.4631 95.5572 0.0 30.5941 57.0701 30.4138 58.0 71.2531 29.468 61.8755 68.1695 40.37 84.5281 83.863 47.5395 43.9751 53.0848 28.0587 82.4028 58.1378 84.7734 38.2762 82.0244 
28.8617 26.0 45.0036 17.0 93.4933 58.2445 42.2371 49.6488 34.6965 67.2681 11.6619 70.8917 67.7246 54.6443 64.4138 71.1968 81.6121 14.1421 68.0432 78.4864 65.6228 75.8024 72.111 44.5982 73.3452 42.0476 23.5372 6.32456 72.8254 30.5941 0.0 26.4764 50.8589 71.4536 41.0 23.7697 39.8246 71.7008 18.7883 53.9351 79.2216 17.088 31.0483 65.7326 19.9249 76.5697 29.7321 62.0416 28.0179 52.6118 
47.0264 5.38516 63.0952 28.6356 87.3613 69.7432 48.7032 46.0435 43.8292 81.0286 19.4165 57.2713 86.434 50.2764 49.7393 70.0643 97.0618 30.6105 67.0298 79.0063 51.8941 71.1969 80.0812 25.6125 65.146 16.2788 41.879 28.0179 60.9262 57.0701 26.4764 0.0 75.7102 89.7197 15.8114 44.2041 40.6079 84.0952 28.4253 27.4591 84.0592 10.0499 49.234 83.8961 40.0 80.7527 15.1327 48.7032 44.2367 29.0689 
37.2051 76.3288 22.0938 63.5151 95.3306 55.0979 47.0972 66.7147 45.2796 37.2022 56.7022 89.4167 24.5153 71.275 89.3282 70.4231 43.4166 47.6047 68.6034 71.0212 86.3439 79.9841 53.0754 87.1372 86.5778 89.648 42.5878 53.5501 90.8808 30.4138 50.8589 75.7102 0.0 28.4429 88.1667 43.7858 56.7763 43.0116 61.315 102.574 63.7809 67.4184 34.972 24.3516 42.3765 63.4114 78.481 80.2747 40.8098 98.505 
42.864 91.7739 26.6271 86.3771 81.3941 46.6905 46.1411 66.7914 47.0221 17.1172 70.5139 82.6382 4.0 67.6882 87.6668 59.0085 15.2315 59.4348 58.0345 55.9017 83.0168 69.0072 34.9285 88.8791 76.3217 97.8684 48.2467 75.4481 81.3752 58.0 71.4536 89.7197 28.4429 0.0 95.7425 48.1479 56.9444 21.1896 66.9512 111.314 45.2217 83.7893 40.6309 5.83095 51.6967 46.3249 79.5414 78.5705 46.2277 100.247 
57.8184 19.7231 71.9728 44.3847 79.511 69.4199 51.4004 43.721 48.7955 85.276 31.5753 47.8539 93.3747 46.0977 39.2938 66.0984 101.533 41.4534 63.3482 75.71 42.5793 65.0308 81.5455 15.0333 57.2189 2.23607 52.671 43.4166 51.788 71.2531 41.0 15.8114 88.1667 95.7425 0.0 55.0287 41.371 87.4185 37.1214 15.6205 83.1143 25.7099 60.026 90.3391 50.8792 79.5638 16.4012 41.0122 55.0287 13.6015 
6.32456 45.9674 21.5359 40.025 87.0912 42.2019 27.0605 44.9709 23.455 44.1814 24.8395 67.6729 44.9656 49.5312 72.3977 59.2691 58.1444 13.6015 57.4495 62.1289 64.6001 69.2884 51.6624 53.864 68.6929 56.6648 4.12311 28.8617 69.137 29.468 23.7697 44.2041 43.7858 48.1479 55.0287 0.0 34.9822 49.0102 21.4682 69.9409 60.1664 37.5366 8.06226 42.3357 4.24264 58.1808 39.9982 58.5309 10.0 64.0711 
29.3454 45.2769 34.7131 55.3624 53.8238 29.203 10.8384 10.8167 13.0384 44.6625 30.3645 33.2727 55.0092 15.6205 33.1781 31.6228 60.9302 28.8631 28.4605 39.4588 30.1938 36.0555 40.5114 33.9961 34.8281 43.5878 31.7761 46.0652 34.8855 61.8755 39.8246 40.6079 56.7763 56.9444 41.371 34.9822 0.0 46.4401 21.095 56.6676 43.519 41.1096 29.0252 51.8848 38.289 40.2126 26.5707 24.1246 25.4284 45.3639 
43.1045 87.8465 29.4279 88.5664 60.531 30.0167 36.0555 51.1093 40.3113 5.83095 68.3449 64.622 22.8254 49.673 69.6517 39.4588 15.6525 58.2495 39.0512 35.1283 65.0017 49.366 14.0357 80.0994 57.7235 89.627 48.2597 77.4145 63.2456 68.1695 71.7008 84.0952 43.0116 21.1896 87.4185 49.0102 46.4401 0.0 57.1656 102.771 24.0416 81.4126 41.0488 20.8087 52.1536 25.318 71.8679 60.5554 43.9318 91.4672 
24.2579 31.3847 40.3267 34.9285 74.8866 39.8121 24.0832 31.241 17.1172 54.0116 11.1803 53.0173 63.6655 36.2353 52.4365 52.4085 76.4311 7.89292 49.255 59.8568 49.9384 57.1402 55.1453 34.0588 55.1725 38.9487 19.1105 25.0799 54.6531 40.37 18.7883 28.4253 61.315 66.9512 37.1214 21.4682 21.095 57.1656 0.0 52.4786 61.2046 24.3516 26.4655 61.1276 17.3188 58.4209 21.1896 43.8693 21.4682 44.911 
72.7305 29.0 87.5439 53.4603 89.0505 83.0132 66.7287 57.2724 64.3817 100.66 45.8803 57.0789 108.946 59.2368 48.0416 78.7464 116.932 56.3655 76.2168 88.5438 52.2398 76.2955 96.5819 27.313 67.3647 13.6015 67.5831 55.1453 61.0737 84.5281 53.9351 27.4591 102.574 111.314 15.6205 69.9409 56.6676 102.771 52.4786 0.0 96.6644 37.2156 74.9381 105.91 65.7914 93.1075 32.0156 52.1728 69.9409 18.0278 
53.8516 88.7196 45.607 95.8853 37.0135 22.2036 37.1214 39.9249 44.5533 28.6356 72.0625 48.2701 46.6154 37.5899 55.1725 20.6155 37.0 67.8562 21.9317 12.6491 50.2096 29.0689 10.8167 69.3542 39.1152 85.31 57.8705 85.3928 45.8039 83.863 79.2216 84.0592 63.7809 45.2217 83.1143 60.1664 43.519 24.0416 61.2046 96.6644 0.0 84.0536 52.3927 44.2832 61.9839 3.60555 69.6348 47.0106 51.923 80.1311 
41.0488 8.94427 57.1773 19.4165 91.9125 62.0 47.3814 48.5077 41.2311 78.1319 13.4164 62.9682 80.607 53.1601 56.2228 72.1803 93.2465 24.4131 69.0507 80.5047 57.6888 74.6539 78.9177 33.4215 70.0882 26.3059 35.805 18.0 66.3881 47.5395 17.088 10.0499 67.4184 83.7893 25.7099 37.5366 41.1096 81.4126 24.3516 37.2156 84.0536 0.0 43.2666 77.9771 33.3017 81.0062 20.0 53.8077 38.2836 38.6264 
2.23607 51.2882 14.0189 47.676 77.1301 35.3836 21.095 39.0139 17.498 36.3456 30.0282 61.7159 37.4486 43.5742 61.6273 52.0512 50.5964 18.868 50.2316 55.0 58.6431 62.1105 43.6807 59.3556 62.7359 61.662 7.61577 36.4966 63.18 43.9751 31.0483 49.234 34.972 40.6309 60.026 8.06226 29.0252 41.0488 26.4655 74.9381 52.3927 43.2666 0.0 34.8187 11.1803 50.5371 44.9954 52.5739 7.28011 70.7234 
37.0518 85.9502 20.8087 80.6563 79.555 43.1045 41.1461 61.7318 41.6187 15.6525 64.6903 79.4797 3.16228 64.5296 84.3453 56.3205 19.2354 53.6226 55.0818 54.1202 79.8583 66.2722 33.6155 83.4419 73.1661 92.465 42.4345 69.727 78.2166 53.0848 65.7326 83.8961 24.3516 5.83095 90.3391 42.3357 51.8848 20.8087 61.1276 105.91 44.2832 77.9771 34.8187 0.0 45.8845 44.9444 74.1379 75.2918 40.4599 94.8097 
9.05539 41.7253 25.0847 36.4966 87.833 43.0635 27.8024 48.5401 24.1968 47.5184 20.6155 70.3349 48.5144 50.273 68.2482 60.0109 61.6932 9.43398 58.1913 63.1355 67.256 70.0302 53.9351 49.7145 69.4347 52.5153 4.12311 25.318 71.9707 28.0587 19.9249 40.0 42.3765 51.6967 50.8792 4.24264 38.289 52.1536 17.3188 65.7914 61.9839 33.3017 11.1803 45.8845 0.0 59.808 35.8487 61.1868 10.2956 59.9216 
51.8941 85.4819 44.5982 93.2148 35.2278 19.0263 34.3657 36.4005 41.9762 29.4109 69.1809 44.8219 47.4342 34.0 51.6236 17.2047 39.1152 65.2043 18.3848 10.0499 46.669 26.0 11.4018 65.7951 35.8469 81.7595 55.7136 82.8931 42.4382 82.4028 76.5697 80.7527 63.4114 46.3249 79.5638 58.1808 40.2126 25.318 58.4209 93.1075 3.60555 81.0062 50.5371 44.9444 59.808 0.0 66.2873 43.4166 49.6488 76.5376 
42.7878 20.3961 55.7717 38.8973 72.4224 55.3188 35.8469 31.0 32.5576 69.4046 18.4391 43.0465 77.1735 35.1656 36.2353 55.0091 85.6037 26.4228 52.0 64.0703 37.7359 56.1442 66.5065 14.8661 50.3289 18.4391 37.6404 34.0 46.5296 58.1378 29.7321 15.1327 78.481 79.5414 16.4012 39.9982 26.5707 71.8679 21.1896 32.0156 69.6348 20.0 44.9954 74.1379 35.8487 66.2873 0.0 34.0147 39.9982 24.0832 
52.8941 54.0833 58.2007 72.3291 38.833 35.5237 34.2454 14.0 36.7802 61.9948 50.0915 10.0 78.4162 11.7047 9.48683 27.2947 76.1779 51.761 25.2389 37.1214 6.08276 24.1868 49.0408 26.0 16.4924 43.0 55.3248 66.5638 12.8062 84.7734 62.0416 48.7032 80.2747 78.5705 41.0122 58.5309 24.1246 60.5554 43.8693 52.1728 47.0106 53.8077 52.5739 75.2918 61.1868 43.4166 34.0147 0.0 48.9771 34.4819 
6.0 46.2909 19.799 45.0111 77.5374 32.7678 17.5067 35.4171 13.9012 39.8497 25.0309 58.1191 43.1856 39.9774 58.0305 49.7153 55.0364 14.3178 47.8957 52.8398 55.0463 59.7346 44.2832 55.7588 59.1391 56.6648 6.40312 34.0147 59.5832 38.2762 28.0179 44.2367 40.8098 46.2277 55.0287 10.0 25.4284 43.9318 21.4682 69.9409 51.923 38.2836 7.28011 40.4599 10.2956 49.6488 39.9982 48.9771 0.0 67.1266 
66.8608 33.2866 76.4778 57.6975 71.0282 66.8048 55.425 41.069 53.4094 89.6895 42.0476 39.0512 97.8137 42.5441 30.0167 61.4654 105.957 50.4958 59.0931 71.3092 34.2345 58.4637 80.3735 12.2066 49.366 14.1421 61.7133 55.7853 43.0465 82.0244 52.6118 29.0689 98.505 100.247 13.6015 64.0711 45.3639 91.4672 44.911 18.0278 80.1311 38.6264 70.7234 94.8097 59.9216 76.5376 24.0832 34.4819 67.1266 0.0 
DEMAND_SCENARIO_SECTION
0 0 0 0 0 0 0 0 0 0 0 0 0 0 0 0 0 0 0 0 0 0 0 0 0 0 0 0 0 0 0 0 0 0 0 0 0 0 0 0 0 0 0 0 0 0 0 0 0 0 0 0 0 0 0 0 0 0 0 0 0 0 0 0 0 0 0 0 0 0 0 0 0 0 0 0 0 0 0 0 0 0 0 0 0 0 0 0 0 0 0 0 0 0 0 0 0 0 0 0 0 0 0 0 0 0 0 0 0 0 0 0 0 0 0 0 0 0 0 0 0 0 0 0 0 0 0 0 0 0 0 0 0 0 0 0 0 0 0 0 0 0 0 0 0 0 0 0 0 0 0 0 0 0 0 0 0 0 0 0 0 0 0 0 0 0 0 0 0 0 0 0 0 0 0 0 0 0 0 0 0 0 0 0 0 0 0 0 0 0 0 0 0 0 0 0 0 0 0 0 
1 1 1 1 1 1 1 1 1 1 1 1 1 1 1 2 1 0 1 1 1 1 1 1 1 1 1 0 1 1 1 1 1 1 1 1 1 1 1 2 1 1 1 2 1 1 1 1 2 2 1 1 1 1 1 1 1 1 1 1 2 2 1 1 0 1 0 1 1 0 1 1 1 1 2 1 1 1 1 1 1 1 1 1 1 1 1 1 1 1 1 1 1 1 1 1 0 1 1 1 1 1 1 1 1 1 1 2 2 1 1 1 0 1 1 1 1 0 1 1 1 1 1 1 1 1 1 1 1 1 1 1 1 1 1 1 0 1 1 1 1 1 1 1 1 1 1 1 1 1 1 1 1 1 1 0 1 1 2 1 1 1 1 1 1 1 1 1 1 1 1 1 2 1 1 1 1 1 1 1 1 1 2 1 1 1 1 1 1 1 1 1 0 1 1 1 1 1 1 1 
8 10 6 8 9 10 9 5 11 3 7 11 5 9 8 10 11 10 11 4 10 11 6 10 9 5 9 8 7 10 16 11 6 8 9 6 7 8 5 9 8 13 8 8 8 11 7 11 11 9 8 6 9 7 11 6 10 8 9 9 7 9 12 11 4 14 3 15 12 7 4 7 11 12 8 11 12 13 14 7 8 6 9 9 10 5 9 8 12 16 11 16 12 8 9 5 8 11 6 3 6 9 10 8 5 11 11 10 7 12 13 10 9 10 7 7 5 13 11 5 11 12 8 8 10 8 4 8 9 11 6 8 8 11 7 6 11 7 9 14 0 13 10 11 8 8 10 10 7 11 8 7 7 5 12 10 8 6 10 8 10 7 10 10 6 12 5 12 11 14 8 8 11 8 13 6 9 7 8 10 10 14 9 6 10 11 12 11 7 7 14 7 11 8 5 9 12 8 5 9 
8 6 12 11 5 7 5 8 15 9 7 6 9 7 8 6 8 11 10 13 4 6 5 9 9 10 13 7 7 9 8 9 11 6 13 12 6 13 9 5 12 8 7 16 9 8 9 10 6 13 6 8 7 6 11 7 8 7 9 4 11 8 10 6 10 6 10 9 14 3 6 8 7 11 10 14 7 10 9 8 11 9 6 6 9 12 12 14 10 4 7 7 11 12 8 8 10 7 7 7 12 5 12 7 0 8 6 12 10 7 13 8 8 10 8 8 7 13 14 6 15 10 4 12 12 10 7 10 13 4 9 8 5 13 9 12 8 13 8 10 11 15 8 11 11 6 5 8 9 8 10 10 10 10 9 9 10 8 5 9 5 11 6 5 9 7 2 8 9 10 14 12 7 6 11 9 15 14 9 9 12 1 7 7 6 7 9 9 8 10 9 9 7 7 12 13 8 7 13 13 
4 2 3 2 3 4 6 4 5 2 4 6 5 5 2 2 3 3 4 2 5 5 3 3 0 4 4 4 1 5 4 4 3 5 5 6 3 6 5 7 5 3 4 4 6 2 4 3 3 1 6 5 3 3 2 3 5 4 1 5 4 3 5 3 4 3 3 5 4 6 5 4 5 3 4 4 3 3 5 4 5 5 2 3 4 4 4 2 4 7 5 3 4 2 5 4 3 4 3 5 3 4 5 5 3 1 3 4 2 5 5 3 6 5 4 4 6 2 3 4 4 5 3 6 3 4 2 2 3 5 4 5 5 3 4 4 4 4 5 4 4 3 5 3 3 5 4 4 4 2 3 5 8 4 4 5 4 3 7 5 6 3 3 3 3 3 5 2 4 4 4 2 5 4 4 6 3 3 1 5 3 5 3 6 4 3 4 6 4 2 3 4 4 3 2 2 5 3 5 2 
1 1 1 1 1 1 2 1 1 1 1 2 1 1 1 1 1 2 1 1 1 1 1 1 1 1 1 1 1 1 1 1 1 1 1 1 1 0 1 1 1 1 1 1 1 1 1 1 2 2 1 1 1 1 1 1 1 1 2 1 1 2 1 1 1 1 1 0 1 1 2 0 1 1 1 2 0 1 1 1 2 0 1 1 1 1 1 1 1 1 0 1 1 1 1 1 1 1 1 2 2 1 1 1 1 1 1 1 1 1 2 1 2 1 1 1 2 1 1 1 1 1 1 1 1 1 1 2 1 1 1 1 0 1 2 1 1 1 1 1 0 1 2 2 1 1 1 1 1 1 1 1 1 0 1 1 0 1 1 1 1 1 0 2 2 1 1 0 1 1 1 2 1 1 1 1 0 1 1 1 1 1 1 1 1 1 1 1 1 1 2 1 1 1 1 1 1 1 1 0 
5 4 8 4 9 11 9 8 8 8 9 10 3 9 8 5 6 4 10 4 8 6 10 8 2 3 6 10 2 8 6 6 7 3 8 7 10 9 7 5 8 8 4 6 9 8 6 10 9 7 10 7 5 8 8 8 3 6 8 4 6 5 10 7 10 8 4 8 6 7 10 6 3 9 9 6 6 7 9 10 11 8 8 11 8 7 5 8 4 10 5 8 7 7 7 4 7 6 6 7 6 6 6 6 10 7 8 1 6 4 6 7 7 8 5 8 3 9 6 4 6 8 8 8 8 10 7 8 10 5 8 4 6 10 5 7 10 2 1 7 7 6 7 5 5 5 7 9 6 7 7 3 7 6 6 12 3 9 10 7 7 7 4 5 6 5 6 7 5 10 10 7 9 4 10 8 7 6 10 1 11 4 3 10 7 6 10 6 10 6 5 8 7 8 5 7 4 7 7 5 
3 5 4 5 2 4 4 4 2 6 2 5 2 4 3 4 4 3 3 4 3 6 3 5 4 3 2 4 6 6 2 3 4 5 3 5 6 5 5 3 2 7 4 7 2 8 2 6 7 5 5 5 5 6 3 4 4 1 5 4 3 6 4 5 5 4 2 6 1 5 3 4 3 3 2 5 3 3 4 3 3 5 6 3 6 5 4 5 4 5 4 6 3 5 3 3 3 5 4 4 3 2 4 4 3 3 3 3 3 3 3 5 5 3 3 3 5 6 6 4 3 1 3 4 4 4 5 6 4 3 4 2 4 4 4 1 3 2 5 4 2 3 2 4 5 6 4 2 6 7 4 4 4 5 2 5 3 3 4 2 3 6 2 3 3 5 5 4 3 2 3 1 6 3 5 2 4 3 3 2 3 3 3 6 5 4 3 2 4 4 5 3 6 4 4 5 3 5 4 3 
9 3 9 6 5 4 8 7 7 4 3 7 5 2 7 4 9 3 5 9 3 6 9 9 5 7 1 7 6 4 3 8 4 2 10 9 4 8 6 6 5 6 3 6 8 4 7 8 8 6 7 7 5 5 3 7 6 8 4 4 6 4 5 4 5 7 8 7 4 6 4 5 7 6 7 4 3 7 6 7 8 5 7 4 5 6 9 7 10 7 7 6 3 7 7 6 9 4 8 8 4 6 4 4 12 8 5 3 6 5 9 7 6 5 7 6 4 7 8 6 5 9 8 5 4 8 9 11 6 8 4 6 5 6 7 2 5 6 7 8 5 4 8 6 6 2 5 6 8 5 9 2 9 7 8 9 7 6 8 7 6 6 4 6 6 7 6 8 5 3 6 3 8 7 4 3 5 6 9 4 8 6 5 3 11 7 4 8 8 0 8 4 1 6 4 8 5 4 4 7 
8 12 10 8 8 13 6 5 3 10 4 2 8 8 9 14 7 8 6 8 10 3 1 4 6 9 9 6 10 9 10 9 8 12 9 4 11 9 10 8 13 6 10 11 8 11 9 9 6 9 8 11 11 6 7 9 9 8 5 5 8 9 5 8 11 14 4 7 8 11 7 7 9 8 5 8 8 9 9 6 8 4 8 7 5 7 9 10 10 11 9 3 3 9 8 9 13 8 12 8 7 9 4 7 10 6 13 9 5 9 5 11 10 7 8 11 9 8 8 8 4 9 5 8 12 4 8 8 11 4 3 9 8 12 12 12 7 6 6 8 12 5 5 8 9 5 6 9 6 11 10 4 14 11 10 12 6 5 7 9 6 10 8 10 4 9 11 1 12 8 9 9 5 5 8 7 9 5 11 12 7 8 8 11 9 10 6 13 6 6 8 9 5 8 10 3 6 9 10 3 
8 12 6 6 8 4 9 15 11 10 7 11 11 6 8 7 4 11 6 10 10 6 11 9 8 6 3 8 6 3 9 7 10 14 9 4 10 8 7 11 8 7 1 6 7 7 9 12 10 4 13 7 10 7 8 10 11 5 9 4 11 6 10 11 9 10 9 10 12 11 5 8 9 9 6 12 12 10 14 9 7 12 7 9 8 2 7 13 11 7 11 7 14 4 8 10 8 9 12 11 8 0 12 9 11 6 14 10 5 3 10 14 8 12 5 10 10 10 11 7 8 12 16 8 2 8 4 8 7 9 10 11 11 8 7 9 9 14 12 6 12 10 10 7 4 2 9 9 12 14 9 11 8 4 9 10 9 10 10 3 7 8 12 9 14 11 11 8 4 9 5 10 8 7 6 10 10 14 7 14 11 8 5 14 6 4 10 10 6 3 16 7 9 4 9 9 7 11 9 11 
1 1 1 0 1 1 1 1 1 1 1 1 1 1 1 1 2 1 1 1 1 1 1 1 1 1 2 1 1 1 2 1 1 1 2 1 1 1 1 1 1 1 2 1 1 1 1 1 1 1 1 1 1 1 1 1 1 1 1 1 1 2 0 1 1 1 2 1 2 1 1 1 1 1 0 1 1 1 2 2 1 0 2 1 1 1 1 1 1 1 1 1 1 1 1 1 1 1 1 1 1 1 1 2 0 0 1 1 1 1 1 1 1 2 1 1 1 1 0 1 1 1 1 1 1 1 1 1 1 1 1 1 1 1 1 1 1 1 1 1 1 1 1 1 1 1 1 1 1 2 0 1 1 1 1 1 1 1 0 2 1 1 1 1 2 1 1 1 1 1 1 1 1 0 1 1 1 1 1 1 1 1 1 0 1 0 1 1 1 1 1 1 1 1 1 1 1 2 2 1 
11 12 9 6 7 4 14 4 9 9 13 9 7 13 7 3 10 9 10 9 9 11 16 7 12 12 2 14 2 11 9 7 10 8 7 13 4 11 11 4 13 9 6 7 12 9 9 12 14 8 7 12 8 13 10 5 15 6 8 8 12 8 12 6 12 7 5 13 6 9 6 1 7 11 8 6 8 3 6 15 10 12 10 5 11 5 2 6 12 8 12 5 12 14 8 11 10 12 7 10 8 8 7 11 14 11 12 9 7 11 6 8 8 7 5 14 13 10 9 13 11 13 4 6 8 12 10 12 6 12 14 7 4 11 5 9 11 12 6 13 17 10 11 3 11 8 13 9 7 12 14 9 9 10 9 10 14 10 4 12 9 6 13 12 16 6 7 9 10 10 5 8 13 9 9 14 8 8 11 11 8 9 7 11 10 8 11 11 9 8 8 10 2 10 3 6 7 11 10 11 
6 9 5 4 5 5 3 4 6 5 6 8 7 7 9 6 6 11 8 8 5 6 2 10 4 8 7 8 4 5 9 7 9 9 4 9 9 4 8 6 11 3 9 6 4 6 3 7 8 5 6 5 4 5 6 7 7 8 9 6 5 5 5 8 8 7 4 6 7 6 7 7 4 9 8 6 5 3 5 7 4 4 4 5 10 5 4 3 6 5 6 5 4 7 4 8 7 5 6 4 2 4 5 6 6 5 6 3 5 6 4 7 8 7 2 6 7 5 7 3 7 7 4 4 3 3 3 5 8 4 6 9 6 3 7 5 6 6 6 5 8 7 5 1 8 10 6 5 8 5 6 12 6 5 6 8 5 6 1 8 7 4 10 5 5 7 6 7 7 8 4 7 6 7 7 9 3 5 8 5 6 4 5 6 5 7 8 4 5 6 5 7 5 6 6 7 0 4 6 4 
6 6 5 8 11 4 8 9 6 8 8 8 4 7 9 4 9 8 10 9 7 9 7 6 10 9 11 0 6 3 4 7 3 9 5 8 7 7 11 8 8 12 5 8 9 7 8 7 5 7 10 8 6 6 5 9 6 4 4 4 11 10 10 6 7 5 5 7 9 6 7 7 11 8 10 8 9 9 6 8 6 6 7 3 7 2 8 1 8 9 5 2 5 5 12 4 8 7 9 5 8 8 5 7 9 5 10 7 9 3 7 7 4 7 7 10 8 3 6 4 2 1 8 10 4 3 7 6 6 8 3 7 9 7 6 4 6 4 2 6 5 8 9 6 8 6 7 8 9 5 5 6 11 10 8 3 10 2 8 5 7 7 7 8 10 7 4 6 5 12 11 7 6 7 8 10 7 4 7 7 3 3 5 13 8 6 7 3 4 10 10 7 3 7 4 5 9 4 3 8 
10 3 6 3 5 8 4 8 8 6 5 4 10 9 1 8 6 9 10 10 6 9 6 9 8 3 7 4 7 8 6 8 6 5 6 5 8 6 4 6 7 8 9 4 8 9 6 7 5 4 10 10 8 10 5 10 10 7 9 9 9 7 8 9 5 6 8 4 6 4 7 4 1 13 6 3 6 4 9 8 9 9 9 5 7 8 4 7 8 8 5 10 9 5 9 8 10 9 4 3 10 6 7 7 4 6 7 8 13 9 8 7 5 9 10 4 4 6 5 7 10 5 9 4 3 4 5 4 7 5 8 5 9 6 9 4 9 5 9 6 6 9 5 2 8 10 4 5 4 11 10 9 7 6 6 7 6 6 9 7 6 4 6 5 6 8 10 8 8 6 9 9 9 9 8 7 4 3 8 6 5 8 1 7 8 4 8 8 7 10 9 6 8 7 8 7 7 6 7 4 
11 10 15 4 9 13 8 6 5 13 8 3 8 11 8 7 9 3 13 6 5 7 10 7 10 10 9 9 10 4 9 9 6 10 7 9 7 8 12 6 10 10 13 2 8 10 13 8 13 7 11 5 6 6 13 10 6 4 5 8 9 3 10 11 10 9 5 4 6 10 4 7 12 10 6 3 4 11 8 10 6 9 9 7 7 8 7 9 7 8 5 8 10 8 5 9 5 7 13 9 14 10 11 4 6 9 5 5 12 6 9 8 7 5 9 10 5 15 15 10 13 12 6 9 9 8 2 11 11 9 10 5 9 9 3 6 11 8 9 10 7 9 6 10 10 10 4 5 11 7 8 7 9 6 5 4 8 8 9 7 9 8 6 6 8 3 12 9 6 5 8 3 10 9 7 15 6 11 7 7 8 8 6 6 6 7 5 13 3 8 12 11 9 7 8 8 3 9 10 12 
3 5 5 4 4 5 7 2 4 4 5 1 4 4 4 6 2 3 4 3 3 2 5 4 6 6 3 6 4 3 5 5 3 3 2 4 7 3 8 3 3 5 4 4 4 5 2 7 5 2 4 5 4 2 3 5 3 4 4 1 6 5 3 3 3 7 5 6 3 4 2 4 4 3 5 4 2 5 3 4 3 7 2 5 4 3 5 4 5 4 3 2 3 2 4 3 5 1 4 4 6 3 2 4 4 5 3 4 3 4 2 4 3 6 4 4 6 5 2 5 4 5 3 4 5 5 5 5 6 4 5 5 5 2 5 4 3 3 5 4 3 6 5 4 4 5 5 4 5 2 3 1 3 5 7 2 5 4 4 5 5 3 2 3 5 5 4 3 4 7 4 4 5 3 4 6 4 3 6 3 6 4 4 2 5 3 5 2 2 3 3 2 2 4 4 6 4 3 4 5 
8 7 5 10 10 7 9 9 9 13 13 11 8 9 11 12 7 9 9 5 6 9 11 10 11 9 8 10 15 11 11 7 8 9 7 14 2 10 1 8 3 13 7 14 10 9 8 10 15 8 11 12 12 8 12 7 7 8 11 10 7 12 8 7 3 15 0 13 14 7 11 5 8 8 12 10 2 9 8 7 12 12 12 5 8 13 8 11 10 9 7 2 3 13 1 8 10 6 9 13 10 11 12 10 6 6 10 8 12 12 8 8 11 16 15 9 3 8 4 15 11 10 8 12 8 8 11 13 8 15 8 6 7 13 11 12 11 11 8 3 7 5 6 13 6 11 6 11 9 8 10 11 6 12 2 10 16 6 7 11 8 9 7 6 8 11 14 5 9 11 9 11 8 6 9 6 5 4 6 3 9 2 11 8 7 11 12 9 9 8 12 6 13 6 8 10 10 9 12 8 
1 1 1 1 1 1 1 1 1 1 0 1 1 2 0 1 1 1 1 1 1 1 1 1 1 1 0 1 1 1 1 2 1 1 0 1 1 1 1 2 1 2 1 0 1 1 1 1 1 0 1 0 1 1 2 0 1 1 1 1 2 1 1 1 1 1 1 1 0 0 1 1 1 1 1 1 1 1 1 0 1 1 1 1 1 1 1 1 1 1 1 1 1 1 1 1 0 1 1 1 0 1 1 1 1 1 1 0 1 1 1 1 1 1 1 1 1 1 1 0 1 1 1 1 1 1 1 1 1 1 1 1 1 1 1 1 1 1 1 1 1 1 1 1 1 1 2 1 1 1 1 1 1 2 2 1 1 1 0 1 1 1 1 1 1 0 1 0 1 1 1 1 2 1 1 1 1 1 0 1 1 1 1 1 1 1 1 1 2 2 1 1 2 1 1 0 2 1 1 1 
5 7 8 10 5 11 9 9 9 7 9 4 10 2 10 10 7 3 6 10 11 9 8 8 8 11 8 8 6 6 3 12 11 10 9 8 7 7 13 9 7 8 4 9 9 8 5 9 7 9 1 7 3 9 8 5 2 3 8 7 6 6 6 8 8 7 10 10 6 11 6 5 8 8 10 8 8 10 5 7 9 6 6 3 9 7 9 9 11 7 6 6 15 9 12 5 10 8 8 5 7 9 8 13 9 9 9 8 8 3 14 10 7 12 14 10 7 10 8 6 9 9 9 9 8 9 2 8 10 8 11 9 10 7 8 12 3 6 4 5 6 8 9 14 9 10 8 0 9 12 5 9 9 6 9 11 8 4 14 8 8 8 11 6 9 5 7 5 4 11 9 10 8 9 2 10 10 10 8 6 8 8 11 6 5 11 6 10 11 8 10 11 6 8 7 7 8 7 8 5 
6 7 8 8 10 8 7 8 9 9 8 9 10 6 6 3 10 5 15 10 4 6 7 7 14 6 11 10 5 8 3 5 5 7 8 10 2 6 8 10 5 11 11 9 6 8 7 3 8 5 11 9 6 7 9 3 9 6 9 9 9 7 8 6 5 8 4 12 9 6 6 7 7 9 6 6 10 8 4 3 9 5 9 14 7 7 10 6 4 11 8 8 5 3 8 6 12 5 6 5 4 8 7 9 6 9 12 8 6 7 8 5 8 5 7 7 9 6 6 9 10 11 9 7 8 9 4 7 6 4 5 8 11 4 9 6 5 10 6 6 4 10 9 4 10 10 5 4 10 4 3 7 7 7 8 8 8 4 7 9 8 4 10 5 10 12 6 6 10 5 9 8 7 6 4 6 5 8 5 9 8 7 7 10 7 12 8 6 3 10 8 8 5 7 9 9 5 6 2 9 
11 6 8 4 11 9 7 9 7 9 5 5 10 4 3 5 14 12 6 9 8 11 5 9 9 3 12 9 5 7 6 14 8 11 7 9 6 11 7 10 9 9 9 10 9 13 7 10 8 11 3 3 7 12 12 11 6 8 8 9 10 5 8 10 10 7 7 3 8 5 9 7 4 5 10 9 5 5 7 8 5 6 4 12 12 8 8 12 6 7 7 7 5 9 8 11 2 12 9 9 10 10 9 3 14 8 7 5 8 8 9 11 7 10 7 5 8 10 7 6 4 7 7 7 8 7 7 8 14 8 8 8 6 7 4 17 8 14 6 9 10 4 9 10 5 10 3 12 7 9 8 4 8 6 7 6 6 9 2 6 11 9 17 12 6 9 10 7 6 6 8 3 8 14 7 5 5 11 8 12 5 8 12 9 7 12 7 10 11 2 11 8 7 7 7 8 8 9 7 7 
5 6 5 5 4 9 6 5 5 4 4 3 4 5 4 5 5 6 7 5 5 7 1 5 2 5 5 5 3 3 5 7 6 6 4 10 7 7 7 7 4 2 5 4 5 3 1 5 4 6 3 5 4 3 3 3 3 7 6 6 3 7 3 5 4 3 5 6 5 9 5 5 4 4 6 8 6 5 5 5 3 6 5 5 3 5 3 7 8 5 6 3 4 3 7 5 6 5 4 2 7 4 8 1 4 6 4 6 4 4 6 7 2 6 4 5 7 3 5 4 3 3 4 6 4 3 6 7 4 6 5 3 4 4 6 6 5 5 3 5 3 4 9 7 4 5 1 4 3 5 4 6 4 5 4 4 6 5 6 7 5 6 6 6 6 4 5 7 5 3 7 6 5 5 1 4 4 6 6 6 4 2 3 3 7 8 5 8 4 6 8 6 4 6 5 8 6 7 7 5 
7 6 6 5 7 7 4 8 5 7 7 7 10 4 5 5 8 11 9 5 9 6 8 5 7 8 6 6 7 7 9 6 6 5 7 6 10 6 7 7 6 4 9 5 8 7 6 8 6 7 5 2 8 6 9 8 4 8 8 4 7 6 5 6 6 9 5 9 7 6 5 8 3 8 5 8 8 6 5 7 4 8 3 7 4 3 9 7 10 6 9 4 7 5 6 7 3 6 4 5 7 5 5 6 7 8 7 5 4 7 6 3 8 6 8 6 5 5 6 4 4 7 5 7 5 6 7 8 7 8 5 11 4 5 5 5 8 6 7 5 9 5 5 7 8 10 5 8 2 7 8 10 7 5 5 7 5 4 5 7 5 3 9 7 4 4 6 5 5 5 6 3 5 5 6 9 3 2 5 8 6 7 3 4 6 5 11 9 10 5 5 8 8 8 6 5 6 5 6 5 
2 2 3 3 2 1 2 2 2 1 2 2 2 2 2 1 3 2 2 2 1 2 2 2 2 2 2 2 2 1 2 2 3 1 3 2 0 2 2 2 1 1 4 2 4 1 2 2 2 2 2 2 1 1 2 3 2 3 2 2 2 2 2 3 2 2 2 2 1 2 3 3 0 3 1 2 1 3 1 3 1 1 2 1 1 2 2 2 2 2 2 0 2 2 2 3 2 2 3 2 3 3 2 3 2 3 1 1 3 2 2 1 2 1 2 3 3 3 3 1 2 2 2 2 2 3 2 1 2 2 1 2 1 2 1 2 2 2 3 2 1 3 3 2 1 1 2 3 3 2 2 2 1 2 1 2 2 2 2 2 2 2 3 2 2 2 2 1 3 3 3 1 2 3 0 3 4 2 2 3 2 2 2 2 1 2 3 3 2 2 1 3 3 3 3 3 3 3 2 1 
4 4 10 4 8 3 5 7 8 7 5 6 5 6 4 8 7 4 8 5 5 6 6 7 7 7 3 5 5 7 7 6 3 8 8 8 6 8 3 6 8 7 13 6 7 4 7 5 4 4 4 7 6 9 5 5 7 8 7 5 9 5 8 6 4 4 5 9 6 5 6 6 5 5 7 5 4 5 8 7 6 6 6 8 3 4 5 6 6 9 4 7 10 7 5 7 8 7 6 5 6 7 6 6 4 8 4 6 9 4 4 4 5 5 5 7 4 9 8 6 8 4 9 7 6 6 3 6 6 9 7 8 6 6 4 4 5 7 8 5 5 6 5 7 6 4 6 4 5 4 6 6 9 3 11 6 7 6 4 7 7 6 6 8 5 5 3 5 7 5 5 7 2 6 7 4 9 8 6 7 8 5 5 7 5 3 4 3 6 5 5 4 3 8 10 7 4 5 6 6 
7 5 3 11 8 5 7 8 5 11 7 7 6 5 10 10 10 7 7 7 9 4 4 7 8 11 11 6 7 9 9 3 8 5 8 9 7 8 9 9 10 11 6 6 6 10 5 7 9 7 8 1 9 6 10 7 8 4 4 8 6 8 8 5 7 6 9 3 3 6 4 8 6 7 10 6 9 9 7 9 6 7 8 8 5 7 10 7 6 4 8 10 7 10 7 6 6 9 7 5 6 9 9 7 7 11 8 4 8 9 12 4 6 6 8 5 8 7 8 5 6 10 9 5 4 8 11 9 7 8 8 10 5 8 8 13 8 8 5 7 6 8 5 7 7 7 10 8 8 4 9 10 6 8 8 5 9 8 8 7 9 7 4 6 7 5 8 6 7 8 8 10 10 8 7 10 8 6 6 10 8 6 7 7 4 8 9 5 7 9 7 9 5 5 6 9 4 6 9 5 
10 7 12 12 10 11 7 7 10 9 1 9 8 6 7 8 13 6 3 8 12 6 7 8 5 7 9 7 11 8 6 12 10 9 7 9 6 9 8 5 6 7 5 3 6 6 6 10 7 9 8 10 8 0 12 9 10 12 9 10 5 7 7 10 11 6 8 5 9 9 8 6 6 10 8 11 10 5 9 13 6 8 5 6 9 9 5 11 9 8 6 8 9 11 7 6 11 10 9 13 4 10 9 9 9 3 14 14 5 6 11 10 6 9 6 7 10 8 4 12 8 9 11 6 12 10 5 8 4 11 10 7 9 4 9 7 5 4 11 10 7 9 1 8 5 8 7 7 7 7 5 12 10 5 9 8 7 6 9 9 11 7 7 10 8 3 4 8 7 6 6 9 9 10 11 7 9 4 11 5 8 10 7 6 11 8 6 8 8 8 8 9 6 4 9 11 11 9 8 11 
3 10 5 6 5 4 8 7 6 4 12 9 7 1 5 5 6 10 5 7 9 6 12 3 5 7 8 10 8 8 6 8 6 9 4 6 7 7 12 5 7 5 9 5 3 5 8 7 8 3 11 11 8 8 7 6 6 10 12 9 8 4 9 9 11 7 6 15 5 9 4 7 6 1 6 10 7 5 8 6 2 7 5 5 3 9 8 5 7 4 7 10 6 8 6 11 8 7 5 7 8 7 7 9 5 11 11 8 10 11 5 5 6 8 5 4 10 4 5 7 5 6 6 8 7 9 7 8 6 4 7 7 3 9 5 7 6 5 5 5 5 4 8 7 5 9 7 8 11 8 3 6 4 6 3 6 8 9 7 6 9 4 9 8 7 5 7 7 6 8 4 3 8 9 5 3 11 5 6 11 6 7 8 10 10 7 7 6 7 9 6 1 5 8 4 7 9 4 8 8 
10 12 3 11 7 13 10 11 6 11 8 7 10 8 15 9 12 14 14 3 13 11 6 8 11 7 6 11 12 5 6 11 9 10 9 8 8 11 2 10 7 8 10 14 13 11 12 9 4 3 5 7 10 2 13 7 5 11 12 6 13 11 13 11 8 7 10 11 11 12 6 8 9 10 8 10 6 9 7 7 7 8 6 9 7 7 14 9 8 9 10 5 5 8 7 8 7 11 8 3 6 8 7 4 6 13 4 14 10 10 7 13 4 8 9 10 10 6 11 9 9 8 15 11 11 12 10 3 14 8 6 7 7 9 8 3 8 11 7 10 10 11 12 6 13 4 5 16 11 12 15 10 5 6 8 10 10 12 6 15 9 10 6 5 15 11 8 12 8 8 11 13 7 10 8 7 9 9 12 5 10 8 8 14 12 12 13 9 10 13 13 9 7 9 10 9 7 10 3 11 
1 1 1 0 1 1 1 1 1 1 0 1 1 1 2 1 1 2 1 1 1 1 1 1 1 0 1 1 1 1 1 1 1 1 1 1 1 1 2 1 1 1 1 1 1 1 1 1 1 1 1 1 2 1 2 1 1 1 1 1 1 1 1 1 1 1 1 1 1 1 0 1 1 1 1 2 1 1 0 0 1 1 1 1 1 1 1 1 0 2 1 1 0 1 1 1 1 2 1 1 1 1 1 1 1 1 2 1 2 1 1 1 1 1 1 1 1 1 1 1 0 1 1 1 1 1 1 2 1 1 1 1 1 1 1 1 1 1 1 2 1 1 1 1 1 1 1 2 1 1 1 1 1 1 2 1 1 1 1 1 1 0 1 1 1 2 1 1 0 1 1 1 1 1 1 1 1 1 2 1 1 1 1 1 1 1 1 1 1 1 1 1 2 1 1 1 1 1 1 1 
7 4 4 6 7 7 5 6 9 10 5 8 6 7 3 5 5 7 5 10 2 8 4 7 7 10 7 8 6 5 7 5 3 4 9 5 7 4 7 9 6 5 5 6 6 9 7 4 8 7 7 0 4 3 5 6 5 6 2 5 7 5 7 7 3 7 5 3 8 5 8 7 8 4 8 9 8 5 5 8 5 5 10 6 6 3 8 8 5 8 8 7 8 6 6 8 10 8 12 7 8 4 7 5 7 7 7 8 4 8 9 3 10 2 9 6 6 7 7 7 9 6 7 12 8 7 6 5 4 4 8 3 6 5 9 6 5 5 4 8 8 8 5 7 2 5 8 7 7 7 6 7 4 8 6 7 6 7 6 4 4 6 7 9 6 5 6 3 3 6 7 4 9 10 5 7 3 3 8 4 11 7 5 6 9 4 5 5 4 7 5 6 8 8 4 6 2 6 5 6 
2 4 2 3 3 3 4 2 3 1 4 3 3 3 4 4 4 1 2 3 3 4 3 3 1 3 2 4 4 2 2 4 3 4 3 1 2 3 3 3 3 3 3 3 2 1 2 4 3 4 2 1 3 3 4 5 2 3 4 4 2 3 4 4 1 3 3 3 2 2 5 3 3 3 2 2 3 4 4 5 2 4 4 4 2 2 2 3 3 4 4 2 5 3 1 4 1 3 2 3 2 2 2 2 3 4 3 2 2 3 4 2 3 1 2 2 4 2 4 3 3 4 4 2 3 4 5 4 3 2 2 3 2 3 4 3 3 3 3 4 3 3 2 4 5 5 2 3 3 2 3 1 3 4 2 4 3 2 2 3 3 5 4 4 3 2 3 4 1 4 1 3 3 4 3 1 1 4 3 3 2 3 2 2 5 3 4 3 2 3 2 2 3 4 3 3 3 2 5 3 
2 2 3 2 2 2 3 2 3 2 3 3 2 2 3 2 2 2 1 2 1 2 3 3 1 2 1 2 1 2 2 1 2 1 3 1 1 3 1 3 2 3 2 2 1 2 2 2 3 2 2 3 2 2 2 3 2 2 2 3 2 2 3 2 2 1 2 2 2 2 2 1 1 2 1 2 2 3 1 3 2 2 1 2 2 2 1 1 2 2 2 2 2 2 2 1 1 2 1 2 0 2 2 3 3 2 3 2 2 2 2 2 1 3 2 2 2 2 3 1 1 2 2 2 2 3 2 1 0 1 3 2 1 2 3 2 0 4 2 3 3 2 3 2 2 2 2 2 2 2 1 1 3 1 2 2 2 3 2 1 3 3 2 1 2 3 3 3 2 1 1 2 3 1 3 1 2 3 2 2 2 2 3 2 2 3 1 2 3 2 2 1 2 2 3 2 3 3 2 3 
2 3 0 4 3 2 2 3 2 3 3 2 3 2 3 3 4 2 3 4 3 5 6 3 5 3 3 5 5 4 4 3 3 4 3 2 5 4 3 4 5 2 3 4 4 3 3 4 3 3 2 3 2 3 4 2 3 2 4 5 4 3 2 3 3 2 2 5 3 2 4 4 4 3 4 2 2 2 3 1 1 4 5 4 2 3 4 4 3 4 1 5 4 3 3 2 4 3 5 3 2 1 3 2 3 4 3 2 3 1 4 2 2 4 5 3 4 4 5 3 2 3 1 3 2 1 2 3 4 1 4 3 3 3 3 3 2 3 5 3 2 3 3 1 2 3 3 2 3 3 1 5 5 2 1 4 3 4 3 3 2 2 4 4 2 3 2 3 5 4 4 3 4 3 3 4 3 1 5 2 3 3 3 2 2 4 2 3 3 2 2 4 5 3 2 3 3 2 4 3 
3 3 5 2 2 2 2 3 4 3 2 3 3 4 3 2 3 3 4 3 4 4 3 2 1 4 1 2 3 2 4 4 1 3 4 3 2 4 3 2 2 2 3 2 3 4 4 2 4 3 4 2 4 2 2 3 4 4 3 4 0 2 4 4 4 3 4 3 4 3 4 1 4 3 3 3 2 2 3 3 1 4 5 3 3 3 4 3 2 3 3 1 2 4 2 3 4 3 4 3 3 3 3 3 4 2 4 4 2 2 4 6 3 4 4 3 2 2 3 2 3 3 5 3 3 2 2 3 3 4 4 3 4 4 3 3 3 3 3 2 4 2 2 4 2 2 4 3 3 2 3 3 4 4 2 3 4 3 3 4 2 4 3 3 3 3 2 2 2 4 2 0 3 2 2 3 3 4 3 4 3 4 2 4 5 3 3 2 3 3 2 2 2 3 3 2 2 4 3 2 
0 1 1 1 1 1 1 1 1 1 1 1 1 1 1 0 1 1 1 1 1 2 1 1 1 1 1 1 1 1 1 1 1 2 1 1 0 0 1 2 1 1 1 1 1 1 1 1 1 1 1 1 1 1 1 1 1 1 1 1 1 1 1 1 0 1 1 1 1 1 0 1 1 1 1 1 1 1 2 1 1 1 0 1 1 1 1 1 1 1 2 2 0 1 1 1 2 2 1 1 1 1 1 1 2 1 1 1 1 1 1 1 1 1 1 1 1 1 2 1 2 1 1 2 1 1 1 1 1 0 1 1 1 1 1 1 1 0 1 0 1 1 1 0 1 1 1 1 1 1 1 1 1 1 1 1 1 1 1 1 1 0 1 1 1 1 1 1 1 1 1 1 1 1 1 1 1 2 1 1 1 1 2 1 1 1 1 1 2 1 1 1 1 1 1 1 2 1 1 1 
7 10 6 7 3 6 5 2 7 8 8 10 4 9 5 3 5 7 9 5 6 9 6 5 5 5 8 7 5 8 6 10 10 5 7 8 9 8 4 5 9 10 11 6 5 10 7 6 10 6 9 6 8 7 7 7 7 4 8 11 12 7 8 5 9 5 7 7 7 6 8 5 8 8 6 6 8 5 7 7 7 4 8 1 7 6 5 8 8 7 5 9 6 10 6 6 8 7 9 8 5 11 6 6 5 10 10 9 6 8 3 6 6 6 6 9 8 6 6 8 5 6 9 3 6 3 5 6 6 9 2 9 10 10 3 6 10 6 6 8 6 10 6 7 6 5 8 9 5 7 7 2 8 7 6 7 3 4 5 8 9 5 9 9 8 11 2 3 5 8 8 7 6 8 4 5 7 9 7 6 6 10 10 10 2 7 10 7 8 5 4 4 6 6 9 9 8 11 9 10 
2 3 0 3 4 3 3 6 6 6 4 5 3 4 3 6 7 4 4 5 4 4 5 5 4 6 4 3 3 4 5 5 6 5 5 3 6 3 5 4 4 4 5 5 2 5 3 5 5 4 6 4 5 2 4 5 2 5 6 3 5 5 3 3 7 4 3 1 3 4 5 2 5 4 5 3 4 2 3 3 3 5 4 3 5 2 2 4 4 4 4 2 4 3 3 6 4 6 1 6 5 5 4 7 3 6 5 7 5 3 3 5 2 6 4 6 4 4 4 5 3 3 3 4 4 6 6 5 5 4 3 5 6 3 5 5 3 2 6 6 4 5 2 1 4 4 4 6 4 2 5 4 4 6 5 6 5 3 6 3 4 4 4 3 2 6 4 4 5 4 3 3 4 3 4 3 5 4 5 2 6 2 5 4 3 5 4 4 3 2 5 5 4 4 5 4 7 5 1 3 
4 6 7 6 9 9 7 5 13 6 3 8 10 10 9 12 6 7 12 11 8 10 11 6 8 3 7 8 7 10 10 11 10 9 9 8 7 8 6 8 9 11 11 10 6 7 5 5 12 12 6 5 5 4 5 11 3 10 6 5 7 14 6 11 7 11 11 6 11 10 10 6 11 5 8 9 6 5 6 6 7 8 11 9 6 6 3 11 5 9 5 8 7 15 9 0 5 9 12 8 5 8 6 6 8 11 7 7 5 6 9 6 5 9 5 15 4 9 6 7 5 5 7 9 6 9 4 8 10 4 8 6 10 10 11 8 10 7 7 6 11 8 6 10 6 6 6 9 4 12 10 10 9 10 6 9 9 9 7 7 4 9 0 4 8 1 9 7 7 9 7 6 8 4 4 11 7 6 7 6 6 6 9 5 6 10 8 8 9 12 12 7 11 9 9 12 7 7 3 9 
10 10 10 12 11 9 10 6 14 12 11 14 9 9 11 5 11 14 10 14 11 10 8 10 9 13 13 10 8 15 15 3 12 14 8 6 6 5 10 8 15 13 5 7 11 15 10 15 13 9 7 10 11 9 13 10 7 12 12 10 9 5 10 12 3 8 12 8 12 6 0 12 8 15 12 10 6 6 11 8 12 8 14 10 15 20 7 3 8 9 8 10 14 10 8 3 7 12 11 13 12 12 14 7 15 8 13 11 7 10 8 9 9 10 10 8 9 12 14 9 12 13 12 12 17 9 11 19 6 16 9 12 14 12 15 12 10 12 9 10 16 11 5 10 9 14 5 6 13 6 14 10 10 14 5 8 10 15 12 10 16 12 5 7 14 10 10 9 14 10 10 13 8 8 14 8 6 13 1 14 9 7 8 18 10 9 10 9 9 13 9 11 13 10 9 10 8 9 8 12 
4 10 6 7 7 6 5 5 6 8 8 4 9 9 11 7 8 7 3 6 7 0 12 7 7 11 6 6 7 5 5 8 5 11 7 5 10 12 7 8 5 12 8 7 11 9 7 4 7 6 6 8 10 9 10 11 10 5 6 7 5 10 5 9 6 7 5 7 9 3 8 9 12 10 9 4 12 4 9 6 8 7 8 5 9 10 5 9 11 10 11 6 5 6 8 2 4 7 8 10 8 9 8 8 5 1 7 12 8 5 7 9 4 10 9 7 1 5 9 6 10 10 4 7 2 4 7 8 5 9 6 5 6 0 6 8 3 3 5 4 4 4 6 10 9 9 6 6 5 7 6 3 8 8 5 7 6 12 10 4 8 10 11 4 6 8 9 5 4 5 13 12 3 6 6 8 7 9 8 3 1 10 3 7 5 11 10 10 10 8 6 7 4 7 9 5 7 5 9 9 
6 5 7 8 7 5 10 7 9 7 11 6 8 7 4 6 4 10 4 5 12 6 11 6 8 6 7 4 7 6 5 4 9 4 9 9 11 6 7 5 7 9 12 6 7 4 8 11 6 9 7 5 11 10 9 7 4 8 3 5 8 2 7 4 7 8 4 3 6 9 4 5 9 12 9 6 11 10 3 6 7 7 5 9 8 7 6 6 7 5 8 7 7 6 7 7 7 3 9 11 5 9 3 10 8 11 9 9 4 5 9 11 10 7 7 9 8 5 5 3 7 4 7 6 8 8 5 6 3 5 6 7 8 9 4 7 6 6 9 6 7 11 11 6 6 8 9 5 11 6 11 6 8 3 9 7 5 6 5 6 8 7 3 9 6 8 3 7 5 7 5 9 10 10 10 4 7 8 7 6 9 7 10 14 6 8 6 8 9 6 5 9 5 8 6 5 8 12 1 7 
