NAME  : Jabali_50_4_0.85_1_9
TYPE : SVRP
MODEL : FINITE_SUPPORT
NUMBER_OF_SCENARIOS : 200
DIMENSION : 50
EDGE_WEIGHT_TYPE : MATRIX
CAPACITY : 80
N_VEHICLES : 4
NODE_COORD_SECTION
1 3187 3154
2 5100 5178
3 2618 1102
4 3282 4225
5 1980 6884
6 398 2523
7 4452 2667
8 6872 1732
9 4870 18
10 27 4530
11 4515 3411
12 347 7212
13 4396 3013
14 6242 2815
15 4561 4467
16 5339 1024
17 4663 2982
18 1010 5798
19 718 882
20 97 5906
21 2494 1848
22 2780 4297
23 407 1039
24 2152 1820
25 1203 1151
26 6856 5842
27 5065 3322
28 2760 710
29 3568 988
30 5083 3663
31 5207 2175
32 5642 5609
33 89 1422
34 4346 6393
35 3966 3114
36 2162 2029
37 3880 4284
38 5532 1489
39 2510 140
40 2082 7305
41 2975 6499
42 4817 1381
43 2414 411
44 1741 23
45 2162 1155
46 247 2275
47 1722 7359
48 4929 5857
49 918 4248
50 6229 3377
DEMAND_SECTION
1 0.0
2 2.0
3 7.0
4 9.0
5 3.0
6 1.0
7 3.0
8 3.0
9 7.0
10 5.0
11 3.0
12 6.0
13 8.0
14 5.0
15 9.0
16 8.0
17 10.0
18 10.0
19 9.0
20 5.0
21 1.0
22 9.0
23 6.0
24 4.0
25 10.0
26 1.0
27 4.0
28 4.0
29 4.0
30 5.0
31 9.0
32 5.0
33 8.0
34 10.0
35 3.0
36 3.0
37 7.0
38 1.0
39 8.0
40 10.0
41 7.0
42 3.0
43 3.0
44 9.0
45 3.0
46 1.0
47 4.0
48 7.0
49 8.0
50 5.0
DEVIATION_SECTION
1 0.0
2 0.666667
3 2.33333
4 3.0
5 1.0
6 0.333333
7 1.0
8 1.0
9 2.33333
10 1.66667
11 1.0
12 2.0
13 2.66667
14 1.66667
15 3.0
16 2.66667
17 3.33333
18 3.33333
19 3.0
20 1.66667
21 0.333333
22 3.0
23 2.0
24 1.33333
25 3.33333
26 0.333333
27 1.33333
28 1.33333
29 1.33333
30 1.66667
31 3.0
32 1.66667
33 2.66667
34 3.33333
35 1.0
36 1.0
37 2.33333
38 0.333333
39 2.66667
40 3.33333
41 2.33333
42 1.0
43 1.0
44 3.0
45 1.0
46 0.333333
47 1.33333
48 2.33333
49 2.66667
50 1.66667
DISTANCE_MATRIX
0.0 39.3977 37.7036 24.613 56.4617 39.8497 18.4391 53.8516 47.1151 47.7598 18.6815 68.8327 17.0 42.0 27.6595 40.6079 20.0 48.139 46.5628 57.2178 27.3924 21.1323 47.7957 28.6804 40.5207 62.4842 25.4951 42.7022 32.7266 26.5707 30.6757 48.3178 48.1169 54.7518 11.0454 26.9871 25.1345 38.9487 49.0205 61.1921 49.7456 32.6497 45.8606 52.678 36.3994 41.7852 62.978 47.021 35.4683 41.5933 
39.3977 0.0 67.2018 29.8062 49.0675 74.2066 33.3766 51.8652 68.0661 69.2315 24.5153 71.1753 29.6142 34.6699 12.2066 54.7449 29.1548 56.2228 84.371 68.2642 56.8905 34.6466 85.6038 66.4886 78.3289 25.5539 24.0832 72.2004 57.8819 20.0998 39.4588 9.21954 85.1533 17.5395 30.4631 64.7953 21.7505 49.2443 78.5187 50.1883 34.7988 50.04 75.3588 82.1762 65.8976 76.8751 54.213 8.36575 58.2409 28.4253 
37.7036 67.2018 0.0 47.5688 77.2482 35.1141 38.6522 57.8705 34.4384 56.6127 44.0829 86.1679 40.0037 62.1167 55.4635 37.0135 42.4586 65.1793 26.2488 71.5951 10.8753 44.0881 29.8329 10.8753 19.4165 89.8121 49.4148 5.38516 12.0 51.8872 37.4442 76.1052 34.1321 77.7076 36.7483 12.7277 52.9385 39.3192 13.0 82.2007 72.1581 30.1496 10.0499 19.2354 6.08276 35.171 83.4576 74.825 46.6275 64.1093 
24.613 29.8062 47.5688 0.0 43.9947 44.533 25.1087 57.7576 60.7685 45.2769 18.9737 59.423 21.1395 43.4166 17.8885 50.2877 23.1479 40.2244 54.5789 51.0 39.1288 6.32456 55.8117 36.6965 48.5368 54.8021 25.7099 52.5674 48.0099 25.0799 36.5558 39.0227 55.3612 41.1105 19.3136 35.0032 8.06226 46.578 58.8857 48.4421 36.1248 43.475 55.7259 62.5432 45.3745 47.083 50.668 36.8951 33.0606 41.1947 
56.4617 49.0675 77.2482 43.9947 0.0 63.6003 70.4392 95.6723 106.099 41.4005 60.4237 22.3607 64.1556 79.0832 46.8867 95.6182 65.7528 19.8494 81.6149 28.6531 68.8082 38.6613 81.2158 66.3759 77.1038 65.3758 63.3106 82.2469 93.3403 60.248 78.3084 50.6952 78.339 31.6228 64.644 64.6826 55.0502 88.5912 88.5652 5.09902 14.3178 88.8054 85.4053 90.2124 75.054 66.7608 6.7082 41.1096 38.2753 74.3326 
39.8497 74.2066 35.1141 44.533 63.6003 0.0 56.6787 90.0222 69.4622 28.8617 58.5235 65.123 56.3001 81.0008 62.4166 71.2933 59.2434 46.2709 21.5407 47.5184 30.2655 40.6079 19.4165 26.3059 21.2603 99.2024 65.2534 38.9102 46.5847 66.4078 67.0298 83.423 15.0333 71.0445 50.6952 26.0768 52.5746 72.3395 41.4005 68.6804 63.1348 63.6396 38.833 37.6431 29.9666 3.16228 68.6586 80.7073 25.4951 81.2527 
18.4391 33.3766 38.6522 25.1087 70.4392 56.6787 0.0 35.4401 35.9026 66.0984 9.0 84.1156 4.12311 24.3311 23.0868 25.2389 4.47214 65.0361 55.5698 76.0263 28.6356 31.4288 58.5918 32.311 48.3735 53.3385 11.4018 35.7278 24.5547 14.7648 12.53 41.4849 61.4654 52.2637 8.60233 31.6228 21.9545 21.9317 41.9875 73.3745 56.3979 18.3848 40.9055 51.4924 37.3481 58.0922 76.7698 41.4582 53.7587 25.4951 
53.8516 51.8652 57.8705 57.7576 95.6723 90.0222 35.4401 0.0 36.0694 101.533 38.9487 115.948 37.6962 17.2047 48.8365 22.8254 34.9285 97.6561 83.9524 108.674 60.0333 64.0777 87.6641 64.0312 77.2787 56.4358 33.0151 57.0088 46.0977 35.4683 23.3452 55.0364 91.931 69.1748 43.6578 64.0 53.535 18.6815 61.4654 98.6076 82.7694 27.8927 61.3514 71.3092 63.9531 91.0055 102.003 60.001 89.1852 23.7065 
47.1151 68.0661 34.4384 60.7685 106.099 69.4622 35.9026 36.0694 0.0 90.9158 44.7214 115.743 40.025 42.1545 58.8558 15.2315 39.4588 95.0496 56.4358 104.128 45.1784 66.8604 60.531 45.1784 51.1957 83.1986 44.0114 30.6757 24.2074 48.0104 29.1548 75.06 66.0984 85.5274 42.72 47.0308 57.6568 21.5407 31.0644 109.034 93.1962 18.0278 32.3883 40.05 39.5601 69.2892 112.43 76.3537 81.9584 48.3839 
47.7598 69.2315 56.6127 45.2769 41.4005 28.8617 66.0984 101.533 90.9158 0.0 63.9531 37.1214 64.0757 88.4699 61.0737 87.6653 67.0154 21.6333 50.2892 19.0 48.9183 39.1152 48.2701 45.9674 48.7545 93.8213 70.859 61.5549 67.6738 70.3491 78.4347 76.7389 43.4166 59.6154 58.0011 44.5982 52.0096 86.406 66.4003 46.0435 46.6154 79.663 63.4114 64.8845 53.2635 31.5753 44.7772 67.4517 12.3693 86.4696 
18.6815 24.5153 44.0829 18.9737 60.4237 58.5235 9.0 38.9487 44.7214 63.9531 0.0 77.7952 5.09902 24.5153 14.1421 33.1059 5.38516 58.7158 60.933 69.7782 33.7717 25.2982 63.7867 37.3026 53.7221 45.8039 7.0 49.0815 33.3802 8.06226 18.6011 32.8938 66.4386 41.7007 8.06226 36.5273 14.8661 28.8444 50.8131 63.359 47.5209 26.9258 52.24 59.0573 42.7788 60.407 66.7543 32.5269 51.6286 23.0868 
68.8327 71.1753 86.1679 59.423 22.3607 65.123 84.1156 115.948 115.743 37.1214 77.7952 0.0 80.1464 99.3853 67.2309 109.295 82.0513 21.0238 85.8429 18.2483 77.7279 53.8145 84.3801 75.2956 82.9759 87.6926 83.5748 91.1666 101.333 80.5123 95.5627 73.0068 80.0562 53.8516 78.3205 73.6023 63.8739 105.585 97.3088 23.0217 36.4005 101.303 94.1541 98.0816 83.9345 68.0661 19.105 63.3246 41.0 94.8947 
17.0 29.6142 40.0037 21.1395 64.1556 56.3001 4.12311 37.6962 40.025 64.0757 5.09902 80.1464 0.0 25.0 19.0263 29.1548 3.0 61.0669 56.8608 72.0571 29.6994 27.4596 59.7144 33.2304 49.6498 50.4777 9.43398 39.4591 28.286 12.0416 15.6205 37.9473 62.3663 48.1739 6.08276 32.455 18.0278 25.4951 45.7188 68.1462 52.308 22.4722 44.6369 54.9782 38.6996 58.1225 71.5415 37.6193 51.7224 25.0 
42.0 34.6699 62.1167 43.4166 79.0832 81.0008 24.3311 17.2047 42.1545 88.4699 24.5153 99.3853 25.0 0.0 32.2025 26.9258 22.0 82.7262 79.0374 93.8197 52.4976 49.7293 82.1143 56.3205 71.8381 42.107 17.72 53.6447 42.4716 19.2354 16.4012 38.2753 85.3815 52.004 31.0161 55.7853 38.0789 20.6155 59.8164 82.0185 66.1803 27.0185 58.8224 69.4046 60.8126 82.3836 85.4138 42.8302 76.1437 7.07107 
27.6595 12.2066 55.4635 17.8885 46.8867 62.4166 23.0868 48.8365 58.8558 61.0737 14.1421 67.2309 19.0263 32.2025 0.0 46.8188 19.4165 51.2445 72.4625 63.0635 45.1523 22.8035 73.6954 54.5801 66.4204 37.0135 16.6433 60.4622 47.1135 13.4536 31.7805 21.4009 74.0166 28.648 18.7268 52.8868 9.84886 42.0476 66.7805 49.822 33.9838 41.0 63.6206 70.438 54.1594 64.9666 53.2173 19.4742 49.366 27.7308 
40.6079 54.7449 37.0135 50.2877 95.6182 71.2933 25.2389 22.8254 15.2315 87.6653 33.1059 109.295 29.1548 26.9258 46.8188 0.0 27.7308 88.6184 62.3939 97.6972 41.0422 61.6118 66.2722 44.9874 56.0803 68.2495 30.8058 35.2278 25.02 34.7131 15.2971 61.0737 71.0282 72.2722 33.4215 45.3649 47.1699 6.32456 38.8973 98.5535 80.373 8.06226 39.0512 48.7032 43.0 71.7244 101.949 63.0984 75.5272 33.2415 
20.0 29.1548 42.4586 23.1479 65.7528 59.2434 4.47214 34.9285 39.4588 67.0154 5.38516 82.0513 3.0 22.0 19.4165 27.7308 0.0 63.0754 59.3633 74.0655 32.249 29.468 62.2656 35.7886 52.1536 48.8774 7.07107 40.116 28.9429 10.2956 13.4536 37.108 64.9246 46.477 9.05539 35.0133 19.8494 23.6008 46.3757 68.6881 52.8499 21.587 45.2937 55.8806 41.1545 61.0657 72.0834 37.3032 54.6621 22.1359 
48.139 56.2228 65.1793 40.2244 19.8494 46.2709 65.0361 97.6561 95.0496 21.6333 58.7158 21.0238 61.0669 82.7262 51.2445 88.6184 63.0754 0.0 66.0681 12.0416 56.7393 34.2053 65.0077 54.307 62.6498 78.4092 65.0715 70.1779 80.6397 63.742 76.4832 62.0322 61.2944 43.2897 59.241 52.6137 44.7944 86.5055 76.3224 24.4131 27.5136 80.609 73.1661 77.3692 62.9682 49.366 23.2594 52.0384 21.0 78.9248 
46.5628 84.371 26.2488 54.5789 81.6149 21.5407 55.5698 83.9524 56.4358 50.2892 60.933 85.8429 56.8608 79.0374 72.4625 62.3939 59.3633 66.0681 0.0 68.6586 27.2029 51.0876 4.12311 24.0832 7.2111 109.367 66.2873 27.1662 37.855 68.7374 63.5855 93.5874 10.2956 84.7177 53.5985 25.4558 62.6204 65.307 25.4951 86.7006 78.4474 56.0892 24.0832 18.3576 20.2485 19.2354 87.2812 93.9061 45.0999 81.03 
57.2178 68.2642 71.5951 51.0 28.6531 47.5184 76.0263 108.674 104.128 19.0 69.7782 18.2483 72.0571 93.8197 63.0635 97.6972 74.0655 12.0416 68.6586 0.0 63.2056 44.7772 66.9104 60.7454 66.4078 90.2718 76.165 76.5938 89.7185 74.8355 87.4734 74.0068 62.2896 55.1453 70.2311 59.08 55.8879 96.166 82.365 32.2025 38.833 89.6878 79.2591 82.0792 68.9638 50.3587 29.7321 64.0078 25.0599 90.7323 
27.3924 56.8905 10.8753 39.1288 68.8082 30.2655 28.6356 60.0333 45.1784 48.9183 33.7717 77.7279 29.6994 52.4976 45.1523 41.0422 32.249 56.7393 27.2029 63.2056 0.0 35.6481 30.0167 4.0 20.0 79.5009 39.1262 15.8739 21.9364 41.576 37.4833 65.794 32.8938 69.2676 26.4371 4.47214 42.6273 42.107 22.1922 73.7607 63.7181 33.3766 19.0324 25.8497 9.48683 31.0161 75.0176 64.5138 38.3404 54.1295 
21.1323 34.6466 44.0881 6.32456 38.6613 40.6079 31.4288 64.0777 66.8604 39.1152 25.2982 53.8145 27.4596 49.7293 22.8035 61.6118 29.468 34.2053 51.0876 44.7772 35.6481 0.0 52.1536 33.2158 45.0561 59.6424 32.0156 49.0867 52.734 31.257 42.8759 48.3375 51.8556 35.7771 25.6336 31.5225 13.1529 52.8981 55.405 43.1088 30.7914 53.6023 52.2452 57.0522 41.8938 43.2782 45.3346 44.9655 27.0 47.3814 
47.7957 85.6038 29.8329 55.8117 81.2158 19.4165 58.5918 87.6641 60.531 48.2701 63.7867 84.3801 59.7144 82.1143 73.6954 66.2722 62.2656 65.0077 4.12311 66.9104 30.0167 52.1536 0.0 26.6271 10.4403 110.6 69.1412 31.0644 41.5933 71.5911 66.6624 94.8203 6.40312 84.9706 56.4522 27.8029 63.8533 69.0507 29.6142 86.3134 78.7718 59.8415 28.1603 22.3607 23.7697 16.7631 86.7006 95.139 44.0114 84.0773 
28.6804 66.4886 10.8753 36.6965 66.3759 26.3059 32.311 64.0312 45.1784 45.9674 37.3026 75.2956 33.2304 56.3205 54.5801 44.9874 35.7886 54.307 24.0832 60.7454 4.0 33.2158 26.6271 0.0 16.9706 83.0319 42.6571 15.8739 21.9364 45.107 41.4367 75.7051 29.1548 66.8353 29.9681 2.0 44.7381 46.0977 22.1359 71.3284 61.2858 37.3363 18.9737 25.0799 9.05539 27.0185 72.5853 76.0237 35.805 57.7754 
40.5207 78.3289 19.4165 48.5368 77.1038 21.2603 48.3735 77.2787 51.1957 48.7545 53.7221 82.9759 49.6498 71.8381 66.4204 56.0803 52.1536 62.6498 7.2111 66.4078 20.0 45.0561 10.4403 16.9706 0.0 99.4514 59.0762 21.0238 31.257 61.5265 56.3862 87.5454 15.0333 78.6756 46.3876 18.4391 56.5784 58.6941 21.0238 82.1523 73.0068 49.4975 18.9737 16.4012 13.3417 19.8494 83.006 87.8641 41.9762 73.8241 
62.4842 25.5539 89.8121 54.8021 65.3758 99.2024 53.3385 56.4358 83.1986 93.8213 45.8039 87.6926 50.4777 42.107 37.0135 68.2495 48.8774 78.4092 109.367 90.2718 79.5009 59.6424 110.6 83.0319 99.4514 0.0 42.0595 88.5535 77.3804 38.5876 54.4059 17.088 110.921 35.1283 53.2635 89.7911 46.7464 61.9839 94.8132 65.1153 52.0096 66.0984 93.7312 104.787 88.508 101.871 69.2315 26.6833 83.2217 35.2278 
25.4951 24.0832 49.4148 25.7099 63.3106 65.2534 11.4018 33.0151 44.0114 70.859 7.0 83.5748 9.43398 17.72 16.6433 30.8058 7.07107 65.0715 66.2873 76.165 39.1262 32.0156 69.1412 42.6571 59.0762 42.0595 0.0 46.5484 35.3753 4.0 15.5242 31.257 71.7931 41.5767 14.5602 41.8818 20.5913 25.632 52.8081 66.2459 50.4077 26.0 51.7261 62.313 48.1106 67.0901 69.6412 32.4029 58.5491 16.1245 
42.7022 72.2004 5.38516 52.5674 82.2469 38.9102 35.7278 57.0088 30.6757 61.5549 49.0815 91.1666 39.4591 53.6447 60.4622 35.2278 40.116 70.1779 27.1662 76.5938 15.8739 49.0867 31.0644 15.8739 21.0238 88.5535 46.5484 0.0 11.1803 50.2515 37.2631 81.1038 36.0555 82.7062 41.747 17.7263 57.9372 38.3275 8.24621 87.1994 77.1568 29.1204 5.83095 16.2788 8.94427 38.6264 88.4562 79.8236 51.6261 57.4192 
32.7266 57.8819 12.0 48.0099 93.3403 46.5847 24.5547 46.0977 24.2074 67.6738 33.3802 101.333 28.286 42.4716 47.1135 25.02 28.9429 80.6397 37.855 89.7185 21.9364 52.734 41.5933 21.9364 31.257 77.3804 35.3753 11.1803 0.0 39.0784 26.09 66.0364 46.0977 76.144 29.2755 23.7888 44.8981 27.4591 17.6918 96.2757 80.4375 18.2483 16.4012 27.0185 18.0278 46.8722 99.671 65.9053 67.5484 46.246 
26.5707 20.0998 51.8872 25.0799 60.248 66.4078 14.7648 35.4683 48.0104 70.3491 8.06226 80.5123 12.0416 19.2354 13.4536 34.7131 10.2956 63.742 68.7374 74.8355 41.576 31.257 71.5911 45.107 61.5265 38.5876 4.0 50.2515 39.0784 0.0 19.4165 27.2947 74.2429 37.6032 16.1245 44.3316 18.9737 29.4109 56.5112 63.1433 47.3051 30.0 55.4292 66.8617 50.5831 68.352 66.5386 28.4294 58.1378 16.1245 
30.6757 39.4588 37.4442 36.5558 78.3084 67.0298 12.53 23.3452 29.1548 78.4347 18.6011 95.5627 15.6205 16.4012 31.7805 15.2971 13.4536 76.4832 63.5855 87.4734 37.4833 42.8759 66.6624 41.4367 56.3862 54.4059 15.5242 37.2631 26.09 19.4165 0.0 46.0 70.0928 56.9824 21.095 41.1947 33.3017 10.2956 43.4166 81.2437 65.4055 11.7047 42.4382 53.0094 45.3607 68.1836 84.639 47.8087 66.1287 20.8087 
48.3178 9.21954 76.1052 39.0227 50.6952 83.423 41.4849 55.0364 75.06 76.7389 32.8938 73.0068 37.9473 38.2753 21.4009 61.0737 37.108 62.0322 93.5874 74.0068 65.794 48.3375 94.8203 75.7051 87.5454 17.088 31.257 81.1038 66.0364 27.2947 46.0 0.0 94.3698 19.2354 39.3573 74.0117 30.967 55.2268 87.4221 51.264 36.6742 57.1402 84.2623 91.0796 74.8011 85.8349 55.3624 10.0 66.1393 31.3847 
48.1169 85.1533 34.1321 55.3612 78.339 15.0333 61.4654 91.931 66.0984 43.4166 66.4386 80.0562 62.3663 85.3815 74.0166 71.0282 64.9246 61.2944 10.2956 62.2896 32.8938 51.8556 6.40312 29.1548 15.0333 110.921 71.7931 36.0555 46.0977 74.2429 70.0928 94.3698 0.0 83.987 59.104 29.9666 63.4028 73.437 35.4401 83.4326 76.9675 64.2806 33.7343 28.6531 28.0713 12.0 83.5464 94.6885 40.4475 86.9253 
54.7518 17.5395 77.7076 41.1105 31.6228 71.0445 52.2637 69.1748 85.5274 59.6154 41.7007 53.8516 48.1739 52.004 28.648 72.2722 46.477 43.2897 84.7177 55.1453 69.2676 35.7771 84.9706 66.8353 78.6756 35.1283 41.5767 82.7062 76.144 37.6032 56.9824 19.2354 83.987 0.0 47.607 65.142 38.0132 66.7831 89.0245 32.6497 17.4642 67.4997 85.8647 92.682 75.5133 74.0217 36.6742 9.48683 50.3081 45.6189 
11.0454 30.4631 36.7483 19.3136 64.644 50.6952 8.60233 43.6578 42.72 58.0011 8.06226 78.3205 6.08276 31.0161 18.7268 33.4215 9.05539 59.241 53.5985 70.2311 26.4371 25.6336 56.4522 29.9681 46.3876 53.2635 14.5602 41.747 29.2755 16.1245 21.095 39.3573 59.104 47.607 0.0 29.1927 16.2018 30.4795 48.0653 67.5793 51.7412 26.0768 44.9054 51.7228 35.4442 52.5298 70.9746 38.0883 45.6478 30.5941 
26.9871 64.7953 12.7277 35.0032 64.6826 26.0768 31.6228 64.0 47.0308 44.5982 36.5273 73.6023 32.455 55.7853 52.8868 45.3649 35.0133 52.6137 25.4558 59.08 4.47214 31.5225 27.8029 2.0 18.4391 89.7911 41.8818 17.7263 23.7888 44.3316 41.1947 74.0117 29.9666 65.142 29.1927 0.0 43.0448 46.2709 24.0416 69.6351 59.5925 37.6563 20.8806 27.074 11.0454 27.0185 70.892 74.3304 34.2053 57.018 
25.1345 21.7505 52.9385 8.06226 55.0502 52.5746 21.9545 53.535 57.6568 52.0096 14.8661 63.8739 18.0278 38.0789 9.84886 47.1699 19.8494 44.7944 62.6204 55.8879 42.6273 13.1529 63.8533 44.7381 56.5784 46.7464 20.5913 57.9372 44.8981 18.9737 33.3017 30.967 63.4028 38.0132 16.2018 43.0448 0.0 43.4166 64.2555 57.9855 42.1473 40.3632 61.0956 67.913 51.6344 55.1246 61.3808 28.8394 40.05 34.9285 
38.9487 49.2443 39.3192 46.578 88.5912 72.3395 21.9317 18.6815 21.5407 86.406 28.8444 105.585 25.4951 20.6155 42.0476 6.32456 23.6008 86.5055 65.307 96.166 42.107 52.8981 69.0507 46.0977 58.6941 61.9839 25.632 38.3275 27.4591 29.4109 10.2956 55.2268 73.437 66.7831 30.4795 46.2709 43.4166 0.0 42.9535 91.5265 75.6883 9.21954 42.72 52.8015 45.3982 73.1095 94.9218 57.6093 74.2496 26.9258 
49.0205 78.5187 13.0 58.8857 88.5652 41.4005 41.9875 61.4654 31.0644 66.4003 50.8131 97.3088 45.7188 59.8164 66.7805 38.8973 46.3757 76.3224 25.4951 82.365 22.1922 55.405 29.6142 22.1359 21.0238 94.8132 52.8081 8.24621 17.6918 56.5112 43.4166 87.4221 35.4401 89.0245 48.0653 24.0416 64.2555 42.9535 0.0 93.5176 83.4751 34.0 3.16228 9.84886 13.4164 40.4969 94.7745 86.1419 57.3062 63.6789 
61.1921 50.1883 82.2007 48.4421 5.09902 68.6804 73.3745 98.6076 109.034 46.0435 63.359 23.0217 68.1462 82.0185 49.822 98.5535 68.6881 24.4131 86.7006 32.2025 73.7607 43.1088 86.3134 71.3284 82.1523 65.1153 66.2459 87.1994 96.2757 63.1433 81.2437 51.264 83.4326 32.6497 67.5793 69.6351 57.9855 91.5265 93.5176 0.0 16.2788 91.7407 90.3578 95.1649 80.0064 71.8401 4.12311 42.0476 43.3244 77.2679 
49.7456 34.7988 72.1581 36.1248 14.3178 63.1348 56.3979 82.7694 93.1962 46.6154 47.5209 36.4005 52.308 66.1803 33.9838 80.373 52.8499 27.5136 78.4474 38.833 63.7181 30.7914 78.7718 61.2858 73.0068 52.0096 50.4077 77.1568 80.4375 47.3051 65.4055 36.6742 76.9675 17.4642 51.7412 59.5925 42.1473 75.6883 83.4751 16.2788 0.0 75.9026 80.3152 85.1223 69.9639 66.242 20.0 26.9258 39.6989 61.4297 
32.6497 50.04 30.1496 43.475 88.8054 63.6396 18.3848 27.8927 18.0278 79.663 26.9258 101.303 22.4722 27.0185 41.0 8.06226 21.587 80.609 56.0892 89.6878 33.3766 53.6023 59.8415 37.3363 49.4975 66.0984 26.0 29.1204 18.2483 30.0 11.7047 57.1402 64.2806 67.4997 26.0768 37.6563 40.3632 9.21954 34.0 91.7407 75.9026 0.0 33.6155 43.8292 36.2215 64.2806 95.136 58.3259 67.5249 32.249 
45.8606 75.3588 10.0499 55.7259 85.4053 38.833 40.9055 61.3514 32.3883 63.4114 52.24 94.1541 44.6369 58.8224 63.6206 39.0512 45.2937 73.1661 24.0832 79.2591 19.0324 52.2452 28.1603 18.9737 18.9737 93.7312 51.7261 5.83095 16.4012 55.4292 42.4382 84.2623 33.7343 85.8647 44.9054 20.8806 61.0956 42.72 3.16228 90.3578 80.3152 33.6155 0.0 10.6301 10.2956 38.0789 91.6147 82.9821 54.2033 62.5969 
52.678 82.1762 19.2354 62.5432 90.2124 37.6431 51.4924 71.3092 40.05 64.8845 59.0573 98.0816 54.9782 69.4046 70.438 48.7032 55.8806 77.3692 18.3576 82.0792 25.8497 57.0522 22.3607 25.0799 16.4012 104.787 62.313 16.2788 27.0185 66.8617 53.0094 91.0796 28.6531 92.682 51.7228 27.074 67.913 52.8015 9.84886 95.1649 85.1223 43.8292 10.6301 0.0 16.2788 36.0694 96.421 89.7995 57.2451 73.1838 
36.3994 65.8976 6.08276 45.3745 75.054 29.9666 37.3481 63.9531 39.5601 53.2635 42.7788 83.9345 38.6996 60.8126 54.1594 43.0 41.1545 62.9682 20.2485 68.9638 9.48683 41.8938 23.7697 9.05539 13.3417 88.508 48.1106 8.94427 18.0278 50.5831 45.3607 74.8011 28.0713 75.5133 35.4442 11.0454 51.6344 45.3982 13.4164 80.0064 69.9639 36.2215 10.2956 16.2788 0.0 29.7321 81.2633 73.5209 43.909 62.8052 
41.7852 76.8751 35.171 47.083 66.7608 3.16228 58.0922 91.0055 69.2892 31.5753 60.407 68.0661 58.1225 82.3836 64.9666 71.7244 61.0657 49.366 19.2354 50.3587 31.0161 43.2782 16.7631 27.0185 19.8494 101.871 67.0901 38.6264 46.8722 68.352 68.1836 85.8349 12.0 74.0217 52.5298 27.0185 55.1246 73.1095 40.4969 71.8401 66.242 64.2806 38.0789 36.0694 29.7321 0.0 71.8053 83.6005 28.6356 83.0751 
62.978 54.213 83.4576 50.668 6.7082 68.6586 76.7698 102.003 112.43 44.7772 66.7543 19.105 71.5415 85.4138 53.2173 101.949 72.0834 23.2594 87.2812 29.7321 75.0176 45.3346 86.7006 72.5853 83.006 69.2315 69.6412 88.4562 99.671 66.5386 84.639 55.3624 83.5464 36.6742 70.9746 70.892 61.3808 94.9218 94.7745 4.12311 20.0 95.136 91.6147 96.421 81.2633 71.8053 0.0 46.0977 43.1741 80.6632 
47.021 8.36575 74.825 36.8951 41.1096 80.7073 41.4582 60.001 76.3537 67.4517 32.5269 63.3246 37.6193 42.8302 19.4742 63.0984 37.3032 52.0384 93.9061 64.0078 64.5138 44.9655 95.139 76.0237 87.8641 26.6833 32.4029 79.8236 65.9053 28.4294 47.8087 10.0 94.6885 9.48683 38.0883 74.3304 28.8394 57.6093 86.1419 42.0476 26.9258 58.3259 82.9821 89.7995 73.5209 83.6005 46.0977 0.0 62.7661 36.4005 
35.4683 58.2409 46.6275 33.0606 38.2753 25.4951 53.7587 89.1852 81.9584 12.3693 51.6286 41.0 51.7224 76.1437 49.366 75.5272 54.6621 21.0 45.0999 25.0599 38.3404 27.0 44.0114 35.805 41.9762 83.2217 58.5491 51.6261 67.5484 58.1378 66.1287 66.1393 40.4475 50.3081 45.6478 34.2053 40.05 74.2496 57.3062 43.3244 39.6989 67.5249 54.2033 57.2451 43.909 28.6356 43.1741 62.7661 0.0 74.2428 
41.5933 28.4253 64.1093 41.1947 74.3326 81.2527 25.4951 23.7065 48.3839 86.4696 23.0868 94.8947 25.0 7.07107 27.7308 33.2415 22.1359 78.9248 81.03 90.7323 54.1295 47.3814 84.0773 57.7754 73.8241 35.2278 16.1245 57.4192 46.246 16.1245 20.8087 31.3847 86.9253 45.6189 30.5941 57.018 34.9285 26.9258 63.6789 77.2679 61.4297 32.249 62.5969 73.1838 62.8052 83.0751 80.6632 36.4005 74.2428 0.0 
DEMAND_SCENARIO_SECTION
0 0 0 0 0 0 0 0 0 0 0 0 0 0 0 0 0 0 0 0 0 0 0 0 0 0 0 0 0 0 0 0 0 0 0 0 0 0 0 0 0 0 0 0 0 0 0 0 0 0 0 0 0 0 0 0 0 0 0 0 0 0 0 0 0 0 0 0 0 0 0 0 0 0 0 0 0 0 0 0 0 0 0 0 0 0 0 0 0 0 0 0 0 0 0 0 0 0 0 0 0 0 0 0 0 0 0 0 0 0 0 0 0 0 0 0 0 0 0 0 0 0 0 0 0 0 0 0 0 0 0 0 0 0 0 0 0 0 0 0 0 0 0 0 0 0 0 0 0 0 0 0 0 0 0 0 0 0 0 0 0 0 0 0 0 0 0 0 0 0 0 0 0 0 0 0 0 0 0 0 0 0 0 0 0 0 0 0 0 0 0 0 0 0 0 0 0 0 0 0 
2 3 3 1 3 1 1 1 2 3 2 1 2 3 2 1 2 2 1 2 1 3 2 1 1 2 2 2 1 3 2 1 2 2 2 2 3 2 2 3 1 2 1 2 2 3 3 2 2 2 2 1 2 3 2 1 2 3 2 3 2 3 3 2 3 1 3 2 3 1 3 1 3 2 1 2 3 2 2 2 2 1 2 3 2 2 4 2 2 2 2 1 2 3 2 3 3 2 1 3 1 1 1 2 2 2 3 2 3 2 2 2 3 1 2 2 3 3 1 2 2 1 4 2 2 2 2 2 2 1 2 2 1 2 2 2 1 1 1 3 2 2 2 3 2 2 3 2 2 3 3 1 2 2 2 3 1 2 2 3 3 2 3 2 2 3 2 2 1 3 1 1 2 2 2 3 2 3 2 2 2 2 2 2 1 3 1 3 2 2 3 3 2 2 2 2 2 2 3 1 
8 2 5 6 10 5 4 10 5 7 10 5 8 2 10 3 6 8 4 8 5 12 7 9 12 6 7 4 8 7 10 8 7 6 8 7 7 9 10 5 10 8 5 7 2 7 6 9 5 9 6 5 12 7 7 6 11 6 5 10 7 5 7 9 10 4 6 7 10 8 8 7 5 7 6 5 8 5 10 11 9 8 2 11 7 8 4 10 7 3 7 11 3 7 6 4 12 7 13 3 8 11 7 10 5 8 9 10 8 8 7 6 10 8 7 9 11 9 13 6 10 9 12 10 3 10 10 6 6 4 10 6 10 7 4 11 6 8 2 8 4 14 10 5 10 7 6 6 5 10 10 10 9 6 7 9 6 7 6 4 11 11 7 8 7 5 6 10 8 9 9 7 11 7 6 6 4 2 9 8 6 10 8 12 13 8 6 6 2 5 1 5 8 7 9 10 6 8 7 6 
6 11 14 8 9 14 10 8 6 7 6 5 7 9 10 8 8 14 6 4 13 8 10 10 16 7 8 12 10 7 8 11 5 11 11 10 7 4 13 6 4 9 10 10 7 13 14 5 7 9 11 5 8 11 7 11 5 8 7 9 17 14 5 8 8 15 6 12 6 6 5 12 10 13 9 12 13 9 9 13 8 10 7 12 8 10 8 9 3 7 12 7 9 12 3 15 5 5 9 9 9 8 10 9 16 7 9 10 4 9 8 11 8 13 8 12 10 9 4 8 10 16 8 9 6 10 10 5 8 8 8 10 10 11 8 4 10 4 11 13 8 12 13 8 8 8 6 6 10 8 14 5 6 13 6 10 3 8 11 5 12 9 13 6 3 7 11 12 7 19 12 9 10 4 6 10 6 9 7 9 5 10 9 13 13 10 11 12 15 8 7 5 3 4 10 14 9 7 6 9 
2 2 3 4 3 4 4 5 2 3 6 4 3 3 3 2 2 3 4 4 3 4 2 3 5 2 2 3 2 2 4 1 3 3 5 5 3 3 3 4 3 3 4 3 3 3 3 4 4 3 2 3 3 2 2 3 3 3 1 3 3 2 4 4 2 4 3 2 4 2 3 5 4 2 2 4 3 3 3 4 4 4 2 4 5 2 1 4 4 2 3 2 4 3 3 3 4 3 5 4 3 4 4 3 3 3 2 4 4 4 4 4 3 3 2 3 4 3 1 5 2 4 3 2 2 1 5 0 4 5 3 2 3 3 2 2 3 4 1 4 4 3 2 4 3 3 3 4 5 3 2 4 3 3 4 3 5 2 2 2 3 2 1 2 3 3 3 3 4 4 2 4 2 6 3 3 3 3 2 4 3 4 5 2 4 3 4 3 2 3 4 3 3 3 2 3 4 1 5 3 
2 1 1 1 2 1 1 1 1 1 1 1 2 1 1 1 0 1 1 2 1 1 1 0 1 1 1 1 1 1 1 2 1 1 1 1 1 1 1 1 2 1 1 1 2 1 1 1 1 1 1 1 0 1 0 2 1 1 1 1 2 1 1 1 1 1 1 1 1 1 1 1 1 1 1 1 1 1 1 1 1 1 1 1 1 1 1 1 2 1 1 1 1 1 0 2 1 1 1 1 1 1 2 1 1 1 1 0 1 1 1 1 1 1 1 1 1 1 1 1 1 1 1 1 1 1 1 1 1 1 1 0 1 1 1 1 1 1 1 1 1 1 0 1 1 1 1 1 2 1 1 1 1 1 1 1 1 1 1 1 1 1 2 1 1 1 0 1 2 1 1 1 1 1 0 1 1 1 1 2 1 0 1 2 1 1 1 1 1 1 1 1 0 2 1 1 1 1 1 1 
1 4 4 1 4 2 4 4 2 4 3 4 2 4 3 2 3 3 2 2 2 1 2 4 4 2 3 3 2 3 2 3 4 5 5 3 3 3 3 6 3 3 5 4 1 4 3 2 3 3 2 4 2 4 4 1 3 4 2 3 2 3 4 2 4 1 4 3 3 2 4 4 4 3 1 2 2 3 1 2 3 2 3 2 4 2 3 3 2 3 3 4 2 3 3 4 4 4 5 2 2 2 3 3 3 4 3 3 4 4 2 3 3 2 1 4 3 3 3 3 4 3 3 4 3 4 4 4 3 3 4 2 3 3 2 2 4 3 3 3 3 2 3 3 3 3 1 5 3 5 2 4 2 4 4 1 5 2 2 3 3 4 3 5 3 5 3 2 5 3 3 3 0 3 3 2 2 2 2 3 2 3 4 3 1 3 3 4 2 2 4 4 2 4 1 3 3 4 2 2 
3 3 3 4 4 3 4 4 3 3 3 2 3 4 2 1 2 3 5 3 4 2 2 5 3 3 3 2 5 3 1 4 2 4 2 3 3 3 3 4 4 4 3 3 3 1 1 4 3 3 3 3 2 4 2 1 2 3 2 3 4 5 3 2 3 0 3 3 1 3 1 4 2 3 2 1 2 2 3 4 2 4 2 1 2 3 3 2 3 2 3 2 4 3 3 4 3 4 3 4 1 4 2 3 5 4 5 5 1 2 4 3 1 3 4 3 2 1 2 4 3 2 1 3 4 5 1 2 5 3 2 3 3 4 3 3 5 3 3 2 2 3 2 4 4 2 6 3 3 3 4 4 3 3 3 3 3 3 2 3 4 4 2 3 1 4 4 3 2 0 3 3 5 4 1 2 3 3 5 3 4 2 3 3 2 5 1 4 2 4 2 5 2 3 5 3 4 2 3 3 
9 8 7 4 1 9 5 6 6 9 8 9 5 5 11 5 12 6 3 9 11 8 9 4 3 7 8 5 5 8 12 7 12 5 9 10 8 10 7 4 7 4 5 7 7 9 9 6 5 10 6 7 8 9 5 11 8 6 7 6 4 6 6 10 4 12 5 6 4 9 3 10 4 9 4 10 13 7 8 4 8 8 8 9 8 7 5 4 8 5 6 5 4 8 10 9 7 6 10 4 8 8 5 5 2 11 9 1 10 7 6 8 9 5 5 6 6 7 5 7 7 5 9 4 7 4 8 7 7 6 9 10 8 8 5 2 10 6 9 9 13 6 7 4 6 5 6 10 8 9 8 6 5 10 7 7 5 9 4 4 9 7 7 7 3 7 11 8 7 5 2 8 7 3 6 7 5 6 10 7 10 8 9 5 6 7 6 9 7 4 7 3 6 7 4 9 5 2 5 6 
4 5 3 3 6 1 6 5 4 4 2 6 7 5 6 3 7 4 5 4 1 4 8 4 2 2 6 3 5 6 3 5 2 4 5 3 6 6 6 6 2 6 6 5 5 5 5 5 5 5 8 5 3 4 6 5 4 5 5 5 8 5 6 5 5 7 5 5 7 5 3 5 2 4 5 6 6 4 3 8 6 7 5 5 5 2 5 2 6 3 4 3 2 4 6 6 5 8 4 5 5 4 5 6 5 1 7 3 4 5 9 3 4 2 7 5 6 5 3 5 6 7 4 5 4 4 5 7 5 6 3 4 4 3 5 4 6 7 4 5 5 5 5 4 8 3 6 3 7 5 5 6 5 5 6 3 5 3 4 6 5 7 6 4 5 2 4 2 4 2 5 6 3 5 3 7 4 8 1 6 4 4 6 10 4 3 5 6 6 5 7 4 5 1 5 0 4 5 6 3 
1 2 5 4 3 3 4 3 2 5 4 2 4 4 3 4 3 2 3 3 4 2 3 2 3 3 2 4 3 3 3 2 4 5 3 4 3 3 3 3 3 3 3 1 2 2 3 3 2 3 0 3 3 2 3 3 2 2 2 2 3 2 4 2 4 4 2 4 3 4 2 2 4 4 3 5 3 3 2 3 5 3 2 4 2 4 3 3 4 5 3 3 3 3 4 5 5 3 3 3 3 4 3 4 3 2 3 3 3 2 2 2 4 3 1 3 2 2 2 4 3 2 5 2 4 3 2 4 4 2 3 3 4 4 2 2 4 3 2 3 3 3 2 2 2 3 4 1 5 4 4 3 3 4 3 3 2 3 1 2 2 4 3 3 2 3 3 4 3 3 2 2 4 3 2 3 2 2 4 2 5 3 3 3 4 3 3 4 2 5 3 4 4 2 4 4 3 5 5 4 
6 7 6 5 5 4 3 9 8 6 2 3 6 4 7 5 6 1 5 4 6 2 4 4 9 6 8 5 6 3 5 7 8 5 10 4 4 5 4 10 4 5 7 5 6 7 5 6 5 2 5 6 7 8 5 9 8 9 7 5 8 7 10 6 6 4 4 6 4 8 4 6 5 2 5 7 8 3 7 3 8 6 7 5 6 7 5 8 8 11 2 6 7 5 5 8 5 5 8 6 4 5 9 5 5 5 8 10 5 6 4 4 6 3 10 8 5 5 6 5 5 9 3 5 3 8 8 6 9 7 6 5 6 1 6 3 7 5 6 6 6 5 8 6 6 9 6 9 5 3 12 6 4 10 8 6 6 2 5 0 9 8 7 8 5 5 4 7 9 7 9 5 6 7 6 6 2 6 1 8 5 6 7 8 5 6 8 8 5 5 7 3 6 8 8 8 4 4 5 6 
8 7 8 11 9 9 6 6 8 8 8 8 10 11 13 7 4 10 6 7 13 5 6 9 9 11 8 5 11 9 13 8 10 10 9 5 7 6 8 8 10 7 8 10 8 9 11 5 13 6 9 12 13 9 14 4 1 12 11 10 9 10 2 6 7 4 6 9 7 9 3 2 11 9 13 10 12 11 4 9 3 7 10 7 8 7 8 9 3 9 7 10 9 4 4 8 8 9 6 9 3 5 9 4 9 7 10 8 4 10 10 13 6 6 9 6 9 10 5 4 4 5 6 8 8 6 9 8 7 10 8 6 9 9 11 10 8 6 8 6 7 7 1 8 3 8 4 8 7 9 5 9 1 4 5 8 3 11 6 11 3 9 12 8 8 7 4 8 8 10 9 8 13 11 11 8 9 11 10 7 10 9 12 7 10 5 8 10 7 7 5 11 5 11 10 9 9 9 8 6 
6 6 7 3 7 5 3 7 6 6 5 8 3 7 6 5 3 3 8 5 6 2 7 7 4 5 5 6 3 5 6 5 8 7 4 6 6 8 6 6 7 5 4 6 4 6 6 6 8 6 5 6 2 5 8 4 6 5 7 3 8 6 4 5 5 5 5 6 6 5 6 5 5 4 8 6 3 6 5 7 6 5 1 6 2 5 8 3 6 5 6 6 4 4 4 7 6 5 6 5 4 3 4 5 6 5 4 3 5 4 5 4 7 7 5 7 5 5 9 8 6 8 4 5 4 8 8 3 4 3 5 6 7 1 4 4 6 6 5 4 5 5 7 3 4 4 5 4 10 5 7 9 3 6 6 6 2 5 3 2 7 6 7 8 5 7 5 6 4 8 5 8 5 4 4 6 3 6 6 3 3 4 8 6 6 5 7 3 8 2 5 4 6 5 8 8 4 4 5 7 
9 8 16 9 8 12 10 12 5 12 7 7 8 10 8 10 6 11 11 8 6 8 0 9 7 11 10 9 5 7 8 8 7 9 9 9 8 5 7 5 11 13 4 10 7 9 16 7 10 8 11 10 10 5 6 12 7 15 13 5 10 10 11 11 8 8 17 10 9 5 5 5 5 6 5 13 13 11 7 13 11 18 6 9 7 9 15 4 6 6 8 11 7 10 14 14 6 13 8 9 8 5 7 11 7 16 17 9 10 8 15 4 10 9 4 11 4 15 11 13 12 9 7 7 3 12 5 10 10 2 10 10 2 9 9 9 12 10 9 7 7 8 11 7 11 8 10 10 11 7 13 3 3 10 7 9 9 3 10 9 9 5 11 10 12 12 9 1 10 10 12 14 13 12 11 9 6 7 5 8 14 7 12 10 8 9 7 10 12 11 8 10 14 13 10 12 6 8 8 4 
7 5 10 11 7 9 9 9 10 7 9 8 11 8 7 10 3 9 7 4 7 2 12 10 6 9 5 9 7 7 10 5 14 7 7 7 6 8 10 13 14 9 9 7 4 8 10 6 5 9 10 14 2 13 10 13 6 6 8 5 11 9 13 10 6 9 7 4 4 9 7 8 9 11 7 10 12 10 13 11 14 8 10 10 5 11 5 8 10 13 9 9 5 1 13 9 10 7 5 9 7 4 7 4 6 11 7 13 7 8 7 7 7 8 7 7 12 11 11 7 7 10 6 7 8 7 8 7 4 10 3 8 7 7 9 5 6 8 9 14 10 7 10 5 8 8 4 9 10 10 8 12 12 8 4 6 10 8 7 11 8 7 5 10 10 6 7 10 6 7 7 6 3 8 8 7 4 8 5 4 8 4 6 12 9 7 8 10 8 4 8 8 7 9 13 11 5 4 11 9 
13 8 10 13 10 10 16 8 16 8 9 17 8 10 10 9 15 12 8 8 5 9 7 5 15 7 8 6 11 9 13 7 10 7 9 10 7 12 10 13 9 12 12 6 7 15 8 6 10 13 7 11 11 14 8 11 9 6 7 11 13 7 21 13 13 4 10 9 15 12 12 10 8 12 12 12 11 6 8 15 4 6 12 12 6 12 8 8 12 12 11 8 9 10 10 15 14 10 11 9 7 10 9 9 6 13 6 7 14 4 8 12 7 10 6 3 12 5 8 13 9 6 10 5 11 5 10 4 14 10 5 8 10 10 13 8 10 6 14 11 7 7 10 14 10 12 10 12 6 5 8 13 16 13 11 8 9 11 2 8 10 10 9 6 10 9 6 8 10 11 12 7 10 13 10 3 10 11 8 19 6 10 7 20 11 7 9 12 5 8 11 7 11 7 10 10 6 11 7 6 
14 10 9 9 10 8 7 8 14 7 11 14 11 5 6 8 13 5 10 3 10 7 14 15 10 9 13 11 7 13 11 8 8 13 6 9 8 13 13 11 9 11 4 11 12 12 9 17 5 6 9 8 10 15 8 11 6 13 3 6 13 5 4 12 11 13 14 6 8 10 13 11 9 19 13 11 15 13 10 7 12 15 8 12 14 8 11 8 9 11 14 11 11 9 15 16 5 13 4 8 4 14 9 10 6 4 9 8 6 5 7 7 14 12 8 7 11 4 15 14 7 11 9 11 8 15 10 11 12 12 11 10 13 14 14 10 11 9 8 9 11 4 11 15 6 10 8 10 10 13 11 6 14 7 3 3 10 6 8 12 17 9 13 9 14 13 8 9 13 12 12 10 9 20 8 12 10 10 13 6 11 8 12 5 11 11 6 8 12 14 12 8 7 6 9 7 15 10 6 12 
15 8 6 7 9 9 10 6 10 10 7 6 14 10 10 13 6 6 13 9 8 7 0 10 7 7 2 7 11 7 3 11 9 8 9 3 8 8 7 7 4 7 9 8 7 14 8 3 8 9 5 10 8 10 9 5 14 13 13 10 10 6 7 11 8 8 9 10 8 10 5 8 11 2 6 12 11 6 8 12 10 12 10 11 8 8 11 7 9 15 5 7 12 11 6 11 9 7 14 6 7 6 9 3 11 7 11 12 11 14 5 17 11 8 10 8 10 13 11 7 8 13 15 8 16 10 12 3 10 5 4 13 10 9 15 9 9 10 7 10 7 13 15 13 15 6 7 7 6 11 7 9 6 9 4 8 5 12 9 9 9 7 6 5 9 5 8 9 10 9 12 9 10 13 8 9 12 12 5 9 10 3 10 4 6 13 9 7 10 6 6 10 11 10 7 8 5 13 11 9 
3 5 6 5 4 3 4 7 7 7 4 5 6 7 7 4 5 1 5 7 7 5 4 3 5 4 3 3 6 5 6 5 8 3 4 7 4 4 7 6 5 4 6 5 6 4 6 4 6 7 8 4 10 7 6 4 6 6 5 5 5 7 5 7 4 5 5 7 5 2 8 6 6 7 7 3 6 8 4 5 5 4 3 7 3 6 5 4 2 4 7 3 5 2 5 5 6 5 5 4 5 5 3 7 3 5 8 7 4 8 2 5 5 2 5 6 6 6 5 2 3 2 7 4 6 6 7 3 6 3 4 2 5 2 3 6 4 5 5 6 2 5 8 8 7 8 5 5 6 5 7 2 4 7 6 6 0 6 2 7 5 5 4 8 6 1 6 6 4 5 6 7 6 1 6 4 3 4 7 5 6 5 7 6 5 4 6 3 8 7 4 7 5 2 5 5 8 5 7 6 
1 1 1 1 1 1 1 1 1 1 1 1 1 1 1 2 1 1 2 1 1 1 2 1 1 1 2 1 1 1 1 1 1 1 1 1 1 0 1 1 1 2 1 1 1 2 1 1 1 1 1 2 2 2 1 1 1 1 1 1 1 1 1 1 1 1 1 2 1 1 1 1 1 1 1 1 1 1 1 1 1 1 1 1 1 1 1 1 1 1 1 1 1 1 0 1 2 1 0 1 1 1 1 1 1 1 1 1 1 1 1 1 1 1 2 1 1 1 1 1 0 1 1 1 1 1 1 0 1 1 0 1 1 1 1 1 1 1 1 1 1 1 1 1 1 1 1 1 1 1 1 1 1 1 1 1 0 1 1 1 1 1 1 1 1 1 1 1 1 0 1 2 0 1 0 1 1 1 1 1 1 1 1 1 1 2 1 1 1 1 1 1 1 1 1 1 1 1 1 1 
3 11 9 8 8 10 9 12 8 12 10 4 12 9 10 6 13 12 5 12 2 12 10 9 6 10 11 14 9 5 14 9 6 13 8 10 8 6 14 10 4 7 13 12 5 10 10 3 11 8 15 7 14 9 9 6 8 7 7 7 12 14 8 11 11 5 8 8 9 10 9 11 10 6 10 10 14 8 14 9 9 3 9 16 5 9 9 5 11 11 15 11 11 11 9 11 9 11 7 7 5 10 9 7 12 10 9 7 6 12 4 7 5 17 10 15 13 9 11 11 11 9 7 9 7 13 5 5 14 11 10 9 9 9 9 7 7 9 8 12 6 11 10 12 11 8 8 15 11 9 12 5 5 11 7 9 13 7 7 9 14 4 14 7 13 9 9 13 8 10 15 12 9 7 14 7 13 5 10 10 8 10 5 6 9 4 12 10 9 13 12 3 10 7 6 1 8 9 5 6 
3 2 4 5 3 7 5 4 10 4 7 0 6 3 4 8 5 9 3 1 9 7 6 5 7 5 7 9 4 6 6 7 7 4 6 4 5 7 6 5 7 3 10 8 8 8 7 2 5 8 3 7 8 6 8 5 8 9 4 10 9 3 5 11 7 3 6 4 4 8 3 6 6 10 5 5 6 1 9 6 6 11 7 5 6 5 7 8 5 4 7 7 7 7 2 0 5 7 5 9 9 5 7 4 1 9 9 5 6 6 6 7 7 7 9 6 7 8 5 8 6 6 5 4 2 6 5 7 6 9 7 4 4 7 8 0 4 7 6 5 7 8 7 10 6 7 3 8 4 5 10 9 5 6 8 5 6 7 8 7 9 6 8 5 7 4 4 4 7 3 7 4 4 6 3 6 5 4 7 5 6 6 4 7 8 4 7 6 8 10 6 5 4 8 6 5 2 4 7 4 
3 5 3 4 5 6 4 3 4 4 5 4 6 6 4 5 7 3 5 3 4 5 2 2 6 6 2 5 4 6 2 4 1 4 4 3 3 3 3 4 6 4 7 4 5 2 6 3 4 1 5 5 3 3 4 5 5 3 5 2 5 3 5 4 4 4 4 3 2 5 4 2 1 4 5 4 5 4 4 6 2 0 5 4 2 4 5 5 2 4 5 6 2 2 2 3 3 2 3 6 5 3 3 4 4 7 5 4 5 4 4 3 2 5 3 1 5 3 4 6 3 6 5 3 3 6 4 5 5 4 5 8 5 3 3 6 2 6 5 9 4 5 3 4 5 4 3 4 5 4 6 4 6 4 4 0 6 1 3 4 1 6 2 5 5 4 3 1 4 2 1 4 6 2 6 5 3 4 4 6 4 2 5 6 6 3 3 3 6 4 3 2 6 3 3 4 6 3 7 6 
7 4 13 10 13 3 7 4 14 13 11 3 11 11 10 13 6 13 10 14 14 14 13 8 11 10 8 15 9 16 14 6 15 8 11 13 12 12 2 11 18 14 11 10 10 3 9 13 13 13 12 9 12 11 8 6 11 15 11 8 8 13 9 10 9 8 19 7 9 5 9 7 11 11 10 12 5 11 14 9 7 18 15 7 9 8 13 8 14 12 13 13 13 11 2 3 10 12 10 13 8 17 11 11 7 9 11 7 6 8 9 14 12 11 5 11 7 10 14 8 13 13 8 12 9 10 13 10 9 1 8 6 12 6 10 10 18 9 6 5 7 9 11 5 9 10 9 11 8 11 8 7 12 18 14 6 10 7 10 11 9 7 13 7 7 13 15 13 12 11 5 8 4 11 9 7 8 5 7 10 8 9 6 14 10 11 5 9 14 9 12 11 6 12 10 9 16 17 6 5 
1 1 1 1 1 1 1 1 1 1 1 1 1 1 1 1 1 1 1 1 1 1 1 1 1 1 2 0 1 1 1 1 2 1 1 1 1 2 0 1 1 0 1 1 1 1 1 1 1 2 1 1 1 1 2 1 1 1 1 1 2 2 1 1 1 1 1 1 1 2 1 1 1 1 0 1 2 1 1 1 1 1 1 1 1 1 1 1 1 1 1 1 1 1 1 1 0 1 1 1 1 1 1 1 1 1 1 2 1 1 1 1 1 1 0 1 1 0 1 1 2 1 0 1 1 1 1 1 1 2 1 1 2 1 1 1 1 1 1 1 1 1 1 1 1 1 1 1 1 1 1 1 1 1 1 2 1 1 1 1 1 1 0 1 1 1 1 1 1 1 1 1 1 1 1 1 1 1 1 1 1 1 1 0 1 1 1 1 1 1 1 1 1 1 1 1 1 0 1 1 
4 3 4 4 3 5 6 4 4 6 6 5 3 4 3 0 5 6 3 3 6 4 4 4 5 5 5 3 4 4 5 3 5 3 3 5 4 2 5 3 3 5 2 5 4 4 4 4 4 4 5 3 2 4 4 3 5 5 5 6 2 6 1 4 5 4 5 5 3 3 3 3 6 4 3 4 5 4 1 3 4 7 4 4 4 2 7 6 3 5 5 2 3 6 5 2 7 6 5 4 4 3 3 3 2 1 3 5 5 5 6 4 5 5 5 5 4 3 4 2 4 4 2 4 2 3 6 4 3 2 4 2 3 5 4 4 3 4 5 4 5 4 5 6 2 5 4 5 5 4 5 4 3 4 3 3 5 3 2 4 3 2 1 5 5 6 3 3 7 5 2 5 4 5 4 3 4 4 6 4 4 5 6 5 5 4 3 4 6 7 4 5 7 3 4 3 6 6 4 4 
3 2 4 4 4 1 1 4 5 3 4 4 6 1 5 4 5 3 3 3 3 3 2 6 3 4 3 4 6 7 5 2 3 4 4 3 4 1 4 6 5 6 6 7 5 4 4 3 4 3 3 6 5 3 4 4 3 3 2 5 5 3 5 3 6 3 4 4 4 6 4 5 4 3 4 2 6 5 4 3 5 3 4 2 4 2 4 5 3 2 4 3 6 3 5 3 3 4 5 6 3 1 3 3 5 3 5 3 6 1 4 3 5 3 3 5 4 5 3 4 4 4 5 3 2 5 2 5 2 5 5 5 4 3 2 6 4 6 1 6 4 6 4 2 4 6 4 4 2 3 4 5 6 4 2 7 4 4 3 2 5 4 2 6 5 6 7 1 3 3 4 5 4 6 7 4 3 2 4 3 1 5 5 4 5 5 4 5 3 3 3 5 5 5 3 2 2 5 1 4 
4 5 5 1 5 1 2 7 5 5 5 5 4 4 4 2 4 5 4 5 3 4 5 3 4 2 5 3 5 6 3 4 3 6 5 2 3 5 6 4 5 3 4 3 3 3 5 2 6 3 5 2 3 3 3 3 5 4 5 4 5 1 6 5 5 6 4 4 3 2 5 5 5 4 5 2 5 5 4 5 4 3 5 5 3 3 0 4 6 3 5 2 5 6 2 3 4 4 3 5 4 4 4 4 4 2 5 5 4 5 6 5 2 2 5 4 4 3 2 5 4 4 3 6 5 4 4 4 3 6 2 6 3 3 0 2 4 5 4 5 6 3 4 3 3 5 4 7 4 3 6 4 4 4 5 6 3 7 2 5 6 4 3 2 5 4 5 5 4 5 3 2 4 4 4 3 4 3 5 2 3 4 4 4 3 4 4 5 3 4 4 5 1 3 2 4 5 3 4 6 
5 4 4 4 4 5 5 3 8 3 7 6 4 3 5 8 3 7 4 5 7 4 4 3 6 2 5 5 5 3 6 6 6 7 5 6 6 3 3 4 4 5 4 6 4 5 6 3 6 3 4 6 3 5 8 6 6 3 4 6 7 5 6 5 6 6 2 6 7 6 7 4 4 4 5 7 6 5 4 6 4 5 6 2 6 5 6 6 3 5 6 3 6 7 3 7 7 4 4 3 6 4 5 4 6 6 4 7 3 9 1 3 4 3 6 1 6 6 8 4 7 4 4 6 5 2 7 6 6 5 4 6 3 6 5 5 6 7 6 5 9 7 5 2 3 5 3 4 6 5 8 1 5 3 5 5 4 6 5 4 8 5 5 5 8 5 4 3 5 4 5 5 7 4 3 4 3 6 2 7 5 7 1 3 4 6 7 5 4 7 6 7 5 6 2 5 5 3 5 2 
8 8 10 11 11 10 13 10 6 11 11 13 9 7 5 10 10 11 12 10 11 4 10 16 11 5 11 11 9 10 12 8 11 13 5 13 13 10 9 8 9 9 4 4 6 10 9 7 8 14 8 10 10 11 7 12 9 10 9 12 10 9 12 4 11 13 8 6 11 5 4 9 11 13 8 10 7 12 15 9 1 11 14 10 13 7 13 10 11 14 10 12 12 12 14 13 9 11 11 16 14 9 6 16 11 12 7 6 10 6 6 9 9 8 6 13 10 12 9 5 10 7 11 10 3 11 8 13 7 5 10 7 8 4 13 7 10 16 13 10 7 11 5 12 9 8 10 12 7 12 7 8 6 10 12 8 8 9 12 10 11 11 4 9 3 15 8 13 8 6 11 4 7 9 9 6 9 13 13 11 12 11 2 4 3 5 12 12 5 9 14 12 12 8 12 7 10 9 6 9 
7 4 4 3 5 8 5 10 5 5 5 4 6 5 3 7 5 4 4 5 5 5 4 3 5 2 4 4 4 8 4 3 8 6 4 6 6 6 5 6 7 6 6 7 3 4 6 4 5 4 7 5 8 5 5 5 4 4 6 4 2 4 4 11 4 7 4 6 1 6 5 5 5 7 6 5 6 2 3 2 1 4 3 2 3 4 7 5 8 6 7 4 4 5 8 5 6 6 5 4 5 4 8 1 5 4 2 2 2 6 7 5 4 4 5 5 6 4 6 3 5 4 5 8 7 6 5 5 4 3 5 3 7 5 3 3 3 4 5 6 9 7 7 4 3 9 2 7 2 4 5 7 5 2 4 3 6 6 7 4 5 3 7 2 8 4 4 3 8 1 4 3 4 3 6 5 6 5 5 3 6 5 4 6 6 5 9 5 4 3 9 5 6 6 5 5 5 5 7 8 
8 6 8 9 8 10 5 8 6 9 8 8 7 8 0 1 8 7 5 11 12 11 7 7 13 12 7 10 8 9 10 4 5 11 9 13 8 5 7 9 13 5 13 6 10 9 4 6 10 11 7 5 13 7 6 8 9 6 9 6 11 4 7 13 11 11 8 10 8 8 9 9 8 9 11 4 10 11 7 8 3 4 5 8 6 8 5 7 8 8 8 10 2 12 9 4 9 8 11 11 5 7 10 5 8 9 6 10 7 6 9 9 4 11 10 6 2 15 11 7 4 3 9 4 5 5 5 8 10 12 8 7 5 9 10 8 7 7 5 4 10 8 8 11 8 2 13 6 7 8 8 4 12 9 7 8 10 8 7 5 7 9 12 8 6 8 4 8 10 8 8 8 12 2 2 12 6 7 4 6 10 6 4 1 9 7 12 8 9 7 9 12 9 4 12 5 7 5 3 8 
8 8 9 12 10 14 16 11 10 11 11 6 10 15 14 13 11 10 17 11 16 11 10 6 8 5 7 7 16 7 14 10 17 11 13 11 12 11 8 8 8 13 16 14 14 5 7 10 6 6 7 10 6 11 7 12 6 6 6 9 12 11 8 5 9 11 10 9 11 10 4 9 8 16 5 11 16 10 8 7 15 16 7 12 8 16 14 9 8 8 15 8 15 15 15 8 11 10 6 12 7 12 11 14 9 13 11 11 2 17 7 7 7 10 7 14 14 16 11 6 6 9 7 9 7 8 12 11 9 11 5 8 10 8 11 13 9 14 16 6 7 5 10 8 9 15 13 8 9 8 12 11 12 11 3 12 17 8 10 9 6 8 13 5 4 4 7 16 10 12 9 5 12 9 10 11 11 4 7 9 10 8 6 4 11 6 13 8 7 7 6 7 17 7 11 8 13 11 8 6 
3 2 1 2 3 3 1 4 4 3 4 3 5 3 4 3 3 3 3 3 3 4 4 3 4 2 3 3 3 4 4 2 4 1 3 3 3 3 2 4 4 3 1 5 2 3 3 3 2 4 2 3 4 2 4 3 3 4 3 3 2 3 3 2 3 4 3 3 3 3 4 1 3 2 1 4 3 2 4 2 4 3 3 3 2 3 2 4 2 3 2 2 3 2 2 3 4 2 2 4 4 2 2 2 3 3 3 3 3 2 2 3 3 4 2 3 2 3 4 3 3 3 4 3 3 3 3 4 6 2 2 3 1 2 3 2 3 2 4 4 2 3 3 2 2 4 4 2 3 4 4 3 1 3 4 3 4 3 2 3 3 3 2 2 5 3 4 2 4 2 3 3 4 3 3 4 2 1 2 3 2 5 3 3 1 4 3 2 2 4 3 4 4 3 4 3 4 3 3 2 
4 4 5 3 2 4 5 4 4 5 1 2 1 4 3 3 3 2 3 3 2 3 4 4 1 4 3 4 3 4 3 3 3 1 2 2 3 2 2 3 2 3 3 3 4 5 3 3 4 2 2 4 3 2 2 4 1 3 2 2 2 3 3 3 3 3 4 5 2 4 3 2 4 2 3 2 3 4 2 4 2 4 4 3 3 4 5 1 3 2 2 4 2 3 3 2 2 4 3 5 3 3 1 4 1 3 4 1 3 2 3 2 3 4 3 3 4 3 5 2 3 3 4 3 3 3 4 4 2 3 3 1 2 2 4 3 2 2 2 3 3 1 3 5 3 3 2 5 2 3 3 3 2 4 4 4 2 2 4 3 2 4 4 2 4 1 2 2 2 2 3 2 3 1 4 1 4 3 4 3 2 3 3 3 4 2 3 3 4 2 3 4 4 4 3 3 5 3 2 2 
7 10 8 7 8 3 3 2 4 6 4 7 5 7 4 8 4 7 6 7 2 10 9 4 4 6 8 7 6 8 4 9 5 7 9 8 4 11 6 11 3 8 11 7 7 7 9 9 7 3 6 6 11 5 9 4 4 10 4 7 5 8 5 7 3 6 7 5 8 8 11 9 6 6 5 7 1 7 11 7 5 6 6 4 7 8 6 7 9 5 9 9 6 10 5 12 7 9 5 8 4 7 10 7 8 7 11 6 7 6 7 6 12 7 8 6 5 2 3 6 7 9 6 6 5 8 7 5 2 5 7 6 5 7 4 4 12 6 5 8 8 9 9 9 8 6 8 7 7 10 5 9 11 4 6 10 9 6 10 3 3 3 11 7 6 9 7 2 14 6 12 9 8 8 7 8 10 7 9 3 11 8 6 8 8 4 13 10 7 9 6 8 8 5 7 7 7 5 8 9 
1 1 1 1 1 1 1 1 1 1 1 1 1 1 0 1 1 2 1 1 1 1 1 0 1 2 1 0 1 1 2 1 1 1 1 1 1 1 1 1 1 1 0 2 1 1 1 1 1 1 1 1 1 1 1 2 1 1 1 1 1 1 1 0 1 0 1 1 1 1 1 1 0 1 1 1 1 1 1 1 1 1 1 1 1 1 1 2 1 1 1 1 1 2 1 1 1 1 1 1 1 1 1 1 1 1 2 1 1 1 0 1 1 1 1 1 2 1 1 0 1 1 1 1 1 1 1 1 1 1 1 1 1 1 1 1 1 1 1 1 1 1 1 1 1 1 1 1 1 1 1 1 1 1 1 1 1 1 1 1 1 1 1 1 1 1 1 1 1 1 1 1 1 1 1 1 1 1 1 1 1 1 1 1 1 1 1 1 1 1 1 1 1 1 2 1 2 1 1 1 
8 7 6 13 8 8 9 10 6 6 7 9 9 7 12 5 7 13 9 6 5 10 11 8 9 11 10 6 4 10 13 9 4 11 10 12 11 6 13 3 7 9 11 10 8 9 7 14 10 9 8 7 9 5 7 1 6 13 5 10 4 8 9 11 10 6 9 8 9 10 9 7 5 5 3 5 13 5 10 5 8 6 9 10 9 10 3 8 7 5 8 11 3 12 11 10 8 12 8 13 7 11 5 8 7 12 8 10 6 10 7 3 5 10 13 14 8 9 9 7 9 8 8 5 5 9 4 2 9 11 8 5 4 3 7 8 10 4 8 8 4 10 4 8 3 10 9 11 9 9 6 9 11 10 6 9 6 7 5 13 8 10 6 5 5 7 11 10 5 6 10 10 7 5 10 5 6 8 9 5 10 9 12 7 5 12 5 5 10 7 9 7 8 8 8 6 8 14 8 7 
9 5 10 13 8 11 9 6 8 11 9 12 5 8 10 9 9 14 3 4 7 12 15 8 11 13 9 11 17 6 8 15 12 8 13 9 7 8 9 11 8 10 11 13 9 10 10 2 11 8 10 10 9 15 12 10 11 13 12 8 12 10 4 11 9 9 12 12 9 17 8 10 11 10 8 2 11 9 10 7 12 10 7 10 6 10 17 11 11 9 15 11 14 8 4 9 13 2 8 7 8 11 5 6 15 13 16 13 17 10 4 15 12 12 9 9 8 15 5 9 11 8 9 12 6 7 5 9 8 18 16 6 8 7 14 14 13 7 6 11 9 3 7 12 15 13 17 10 7 9 17 8 14 7 10 7 7 9 6 11 5 10 5 8 13 8 12 10 11 5 9 11 10 11 13 8 13 14 12 17 9 14 8 16 9 9 16 4 9 6 10 11 11 14 8 11 6 10 9 8 
8 5 6 7 11 7 8 7 7 7 8 4 10 8 11 6 10 8 9 9 2 7 5 8 7 4 11 2 9 5 9 5 5 8 6 5 4 8 6 7 5 4 9 7 8 5 5 4 5 8 4 1 7 6 6 7 8 8 1 10 6 7 4 8 7 3 6 8 9 6 9 9 8 5 7 9 7 11 6 7 9 7 4 4 9 9 9 6 6 6 7 7 4 8 8 7 5 6 6 8 6 7 5 11 4 10 11 4 10 4 12 7 10 5 5 6 10 9 6 10 8 6 10 7 12 6 6 5 8 7 10 7 6 9 6 8 7 4 8 4 6 7 7 5 4 8 4 6 9 9 8 12 10 5 6 7 8 5 8 11 5 10 7 6 6 5 8 6 6 5 7 9 3 7 8 2 9 10 10 6 6 9 5 10 10 6 7 10 7 6 6 6 4 8 10 4 9 10 8 4 
3 3 4 3 3 4 5 4 1 4 2 4 5 2 3 4 4 3 3 4 3 3 4 2 2 4 3 3 3 3 3 1 2 5 2 3 4 5 3 1 1 1 4 2 2 3 2 3 3 3 4 4 3 5 3 1 4 3 0 3 3 5 3 2 4 5 2 2 3 3 2 2 2 2 3 2 2 2 2 1 3 3 3 1 4 3 4 3 2 2 2 3 4 2 4 3 2 2 3 2 4 3 1 2 3 4 2 6 3 3 3 4 3 3 4 6 4 3 3 3 3 3 2 2 2 3 4 3 5 3 2 3 4 1 2 4 2 4 4 2 2 4 2 3 3 2 4 3 3 4 4 2 4 4 4 3 4 4 4 2 3 4 2 3 1 3 2 3 2 3 4 2 5 3 5 3 4 4 3 3 3 4 2 5 4 4 3 2 4 4 2 2 3 3 3 3 2 5 2 4 
2 4 4 2 2 4 3 2 1 3 3 1 3 2 2 3 1 3 2 2 4 2 3 4 2 3 1 3 3 3 2 5 3 2 1 4 3 3 2 5 2 4 4 2 3 4 4 2 3 4 3 4 4 4 3 2 3 2 2 3 4 4 2 4 2 3 4 3 4 3 2 3 3 4 3 4 4 2 3 3 2 4 2 2 5 3 3 4 4 2 2 5 2 2 2 3 3 3 4 1 3 3 3 1 2 2 2 3 5 2 4 2 2 3 4 2 2 2 5 2 3 6 2 2 4 3 2 1 3 3 4 4 2 2 4 4 4 4 2 3 3 4 2 4 5 3 4 1 3 3 2 3 1 3 3 3 3 4 3 2 1 3 5 3 2 3 3 4 1 1 5 3 3 2 2 0 2 2 2 2 3 3 4 3 6 4 2 4 1 5 3 2 3 2 4 2 3 3 3 4 
