NAME  : Jabali_50_4_0.82_1_7
TYPE : SVRP
MODEL : FINITE_SUPPORT
NUMBER_OF_SCENARIOS : 200
DIMENSION : 50
EDGE_WEIGHT_TYPE : MATRIX
CAPACITY : 82
N_VEHICLES : 4
NODE_COORD_SECTION
1 3269 4605
2 6423 5780
3 5585 2076
4 5030 5847
5 1573 4925
6 7023 4180
7 2235 1854
8 6398 3156
9 4460 6258
10 1265 3939
11 5910 5262
12 3587 4543
13 2012 5497
14 6182 4044
15 3292 5851
16 5896 4888
17 6435 4590
18 8036 2631
19 2534 3587
20 4751 7665
21 2362 3059
22 3274 7766
23 5570 7535
24 4908 5511
25 6243 5159
26 5489 5819
27 5356 1778
28 1125 4338
29 4934 2532
30 2871 2224
31 3962 985
32 2752 679
33 5418 1127
34 6163 2764
35 3848 18
36 2920 2687
37 5096 5146
38 328 3663
39 5900 648
40 27 3490
41 5511 790
42 1054 6460
43 7204 3813
44 3318 2290
45 3210 791
46 436 5614
47 5468 5446
48 5773 1048
49 2650 6490
50 6426 1534
DEMAND_SECTION
1 0.0
2 1.0
3 9.0
4 1.0
5 5.0
6 2.0
7 9.0
8 5.0
9 10.0
10 10.0
11 4.0
12 8.0
13 8.0
14 4.0
15 9.0
16 7.0
17 1.0
18 4.0
19 4.0
20 5.0
21 5.0
22 3.0
23 10.0
24 8.0
25 3.0
26 1.0
27 10.0
28 8.0
29 7.0
30 9.0
31 10.0
32 5.0
33 5.0
34 1.0
35 2.0
36 10.0
37 3.0
38 9.0
39 2.0
40 2.0
41 5.0
42 2.0
43 6.0
44 8.0
45 8.0
46 9.0
47 1.0
48 3.0
49 2.0
50 8.0
DEVIATION_SECTION
1 0.0
2 0.333333
3 3.0
4 0.333333
5 1.66667
6 0.666667
7 3.0
8 1.66667
9 3.33333
10 3.33333
11 1.33333
12 2.66667
13 2.66667
14 1.33333
15 3.0
16 2.33333
17 0.333333
18 1.33333
19 1.33333
20 1.66667
21 1.66667
22 1.0
23 3.33333
24 2.66667
25 1.0
26 0.333333
27 3.33333
28 2.66667
29 2.33333
30 3.0
31 3.33333
32 1.66667
33 1.66667
34 0.333333
35 0.666667
36 3.33333
37 1.0
38 3.0
39 0.666667
40 0.666667
41 1.66667
42 0.666667
43 2.0
44 2.66667
45 2.66667
46 3.0
47 0.333333
48 1.0
49 0.666667
50 2.66667
DISTANCE_MATRIX
0.0 45.1774 49.6324 29.4279 24.8395 49.93 38.8758 44.844 30.6938 29.8329 36.6742 3.60555 21.4709 39.4081 17.7246 35.7351 42.0476 68.1219 17.088 48.7773 23.7065 45.9518 53.8926 26.0768 40.2616 34.0588 53.0396 30.4631 43.3089 33.8817 54.6253 53.751 61.9838 45.2059 68.9438 28.4074 26.1725 43.1741 68.605 47.0744 66.0194 39.8509 52.8015 35.3869 53.8296 41.8688 32.0624 63.5569 36.8217 60.4584 
45.1774 0.0 50.9902 18.3576 67.0901 23.1948 77.6209 35.3553 27.0185 74.8131 9.48683 42.0476 60.1757 23.0217 42.4853 13.0384 15.6525 48.0104 61.0328 34.2053 66.4052 49.93 27.0 19.9249 8.48528 12.53 55.1725 74.8507 47.2017 68.0074 69.31 85.553 63.7809 40.4969 83.006 63.7887 19.0263 88.1192 68.8186 92.0706 67.4759 71.8475 28.1603 63.9321 79.4852 81.3704 13.1529 64.2028 48.7027 57.3062 
49.6324 50.9902 0.0 50.3289 67.8174 34.4384 44.7772 18.3848 56.7214 63.2535 43.0116 46.1932 70.8775 28.3196 67.0037 38.6005 36.1248 34.4819 45.638 75.2728 44.5533 82.0317 73.3553 46.4866 42.5206 49.6488 4.47214 66.8248 10.7703 35.8469 26.3059 42.0119 12.8062 12.6491 34.7851 36.2353 41.7852 74.2496 18.9737 77.1557 16.6433 89.2708 32.573 30.5287 36.0555 85.088 45.1774 13.9284 75.0134 13.4164 
29.4279 18.3576 50.3289 0.0 49.2443 34.5398 66.0923 40.0125 9.43398 58.0345 13.8924 26.9258 42.0858 28.1603 24.1661 16.7631 24.6982 58.9406 46.3249 25.0 52.5127 34.7851 24.0832 4.24264 18.0278 5.83095 53.7515 57.4282 44.0208 57.0036 67.6828 76.7802 62.6958 43.4166 82.0013 52.1647 8.544 71.1758 69.2892 75.1665 66.7083 53.6669 39.2173 53.8238 77.0269 63.0373 7.61577 64.2573 30.5221 60.208 
24.8395 67.0901 67.8174 49.2443 0.0 74.6324 41.4849 69.5992 43.1045 13.4536 60.2338 28.4253 9.48683 64.2028 26.0192 59.7122 66.4105 92.877 22.2036 56.5155 27.074 43.0465 64.3817 47.2862 64.0125 54.8179 67.0601 9.84886 57.9818 40.0125 63.327 58.2495 72.19 69.961 71.2844 35.0571 49.526 23.7697 80.3364 27.6586 75.5465 21.587 77.6209 42.19 58.3743 17.8885 54.4973 76.1696 23.7697 80.9826 
49.93 23.1948 34.4384 34.5398 74.6324 0.0 72.0625 16.1245 43.8634 78.7821 20.8806 46.3249 70.5098 10.7703 55.7758 17.8885 9.84886 25.0799 63.7289 56.3205 65.0 69.2892 50.0899 33.121 17.2627 30.0832 38.9102 80.1311 35.3553 62.0725 58.0517 74.3303 46.3249 21.9545 69.0797 59.6615 28.8444 91.9591 49.5782 95.7159 49.4065 88.8893 5.0 57.0088 68.2495 91.2194 26.9258 45.607 63.7067 36.7967 
38.8758 77.6209 44.7772 66.0923 41.4849 72.0625 0.0 59.0339 66.9384 31.0161 68.1542 40.7667 47.4236 62.0081 53.7598 65.307 68.2642 79.1202 22.8035 85.0219 15.8114 80.2704 89.7717 61.9484 70.406 69.0846 42.313 36.0555 37.855 10.0 25.3632 17.0294 47.2807 54.8179 30.3586 13.9284 59.808 36.0555 53.2473 37.5766 48.4887 63.0635 72.4431 15.1327 17.4485 56.0803 65.7875 51.3566 59.9936 56.3819 
44.844 35.3553 18.3848 40.0125 69.5992 16.1245 59.0339 0.0 48.1664 73.4173 29.1204 41.4005 66.0933 12.6491 62.2019 24.7386 19.7231 23.3452 55.8018 64.4981 55.0016 73.6849 60.4401 37.054 27.313 37.4833 22.8473 74.4798 21.2132 49.2443 43.1045 59.3043 30.2324 5.83095 53.1413 47.7598 32.0624 85.0043 33.9706 88.3123 33.4215 84.4803 14.3178 43.9318 53.2353 86.7098 33.2415 29.7321 66.6666 21.9545 
30.6938 27.0185 56.7214 9.43398 43.1045 43.8634 66.9384 48.1664 0.0 53.3385 23.3238 29.936 35.4776 36.8782 17.1172 26.0 34.0147 68.0074 44.5984 20.0 51.5707 25.7099 23.2594 11.1803 27.4591 14.8661 60.1285 52.0096 50.3979 60.6696 71.4828 80.3799 69.0728 51.0098 85.8013 55.8306 16.1245 66.0681 75.694 70.0643 73.1084 44.9444 48.4665 57.5055 80.8269 54.4471 17.0 70.6459 21.9317 67.3647 
29.8329 74.8131 63.2535 58.0345 13.4536 78.7821 31.0161 73.4173 53.3385 0.0 66.4906 33.2415 22.4722 68.0962 36.8782 65.521 71.5122 95.3263 18.3848 68.9332 19.6977 56.3028 75.71 55.2342 70.0928 63.2174 62.426 5.09902 53.418 32.28 58.8139 48.0416 67.1618 70.1377 61.3132 28.6356 55.9017 13.3417 75.2994 17.2627 70.5095 33.541 81.36 35.8469 48.4031 25.0799 61.6604 71.199 36.2891 76.4003 
36.6742 9.48683 43.0116 13.8924 60.2338 20.8806 68.1542 29.1204 23.3238 66.4906 0.0 33.3766 53.8053 16.4924 36.4459 4.47214 11.1803 45.7056 52.0096 36.0 57.1402 48.4665 31.3209 13.4536 4.24264 9.21954 47.0106 66.7608 38.2884 58.5235 60.2907 76.5338 55.8032 33.6155 74.027 54.3415 10.7703 79.8311 61.4003 83.7437 59.6406 67.1183 25.7099 54.4471 70.466 75.0 6.40312 56.6039 43.9735 50.6952 
3.60555 42.0476 46.1932 26.9258 28.4253 46.3249 40.7667 41.4005 29.936 33.2415 33.3766 0.0 24.6982 35.805 20.8126 32.28 38.4838 64.6607 19.4165 51.8653 25.6336 49.0398 49.9495 23.3452 36.8782 31.257 49.6003 34.0147 39.8696 35.7726 51.186 60.1486 58.5446 41.7666 65.5045 30.2983 23.0217 46.5725 65.1657 50.448 62.5801 43.0877 49.2037 37.203 60.5301 45.3431 29.0 60.1176 39.9097 57.0192 
21.4709 60.1757 70.8775 42.0858 9.48683 70.5098 47.4236 66.0933 35.4776 22.4722 53.8053 24.6982 0.0 60.1384 18.3606 55.5793 62.2776 89.333 25.7099 47.0744 31.9531 33.8378 55.1453 40.3815 58.0362 47.7773 74.2846 19.3132 64.5539 44.1475 67.3071 63.5696 75.6463 66.4509 77.0177 38.6855 44.3917 33.2415 83.7927 37.108 79.0028 18.4391 73.5807 45.665 63.6482 21.4009 47.5926 79.6258 14.3178 81.7035 
39.4081 23.0217 28.3196 28.1603 64.2028 10.7703 62.0081 12.6491 36.8782 68.0962 16.4924 35.805 60.1384 0.0 47.877 12.1655 7.81025 31.3847 53.0 52.1536 54.3415 62.5859 47.8017 25.7099 14.7648 25.0799 32.6497 69.4622 26.5707 52.0096 49.3356 65.5806 41.0122 17.4929 61.7738 49.163 20.8806 81.2732 45.8039 85.03 44.5982 78.5179 13.4536 47.0956 59.5128 80.848 21.0 41.2311 55.8079 34.4384 
17.7246 42.4853 67.0037 24.1661 26.0192 55.7758 53.7598 62.2019 17.1172 36.8782 36.4459 20.8126 18.3606 47.877 0.0 38.0176 46.0435 79.2245 31.1448 32.433 38.2099 29.4594 38.833 23.0217 40.6768 29.9666 70.4108 35.1283 60.6801 48.9751 72.1224 68.8443 79.3551 62.5771 81.833 43.5008 27.0323 49.2544 85.9762 53.2353 83.3907 43.474 60.1228 50.4803 68.9229 39.5553 30.2324 80.9282 20.3293 77.8297 
35.7351 13.0384 38.6005 16.7631 59.7122 17.8885 65.307 24.7386 26.0 65.521 4.47214 32.28 55.5793 12.1655 38.0176 0.0 8.06226 42.2019 50.2494 40.05 55.0 51.5461 35.7351 15.2643 5.09902 13.0 42.638 66.1287 34.2053 55.5428 56.2765 72.5195 51.4004 29.1548 70.0 51.6236 11.3137 78.848 56.9386 82.7103 55.2178 69.0657 22.4722 51.3338 66.4517 76.774 9.21954 52.1536 45.9209 46.2385 
42.0476 15.6525 36.1248 24.6982 66.4105 9.84886 68.2642 19.7231 34.0147 71.5122 11.1803 38.4838 62.2776 7.81025 46.0435 8.06226 0.0 34.5254 55.5077 47.0425 59.4138 59.4643 41.5933 23.3238 8.06226 20.3961 40.4599 72.4983 34.0147 58.3236 56.6788 72.9218 48.7955 25.0 69.4622 55.0091 19.2094 84.7585 53.4135 88.5438 52.345 77.1086 14.5602 53.6376 66.854 83.4723 17.088 48.9183 53.9638 41.6773 
68.1219 48.0104 34.4819 58.9406 92.877 25.0799 79.1202 23.3452 68.0074 95.3263 45.7056 64.6607 89.333 31.3847 79.2245 42.2019 34.5254 0.0 77.7107 81.3941 76.9106 93.6803 75.0067 56.921 42.2966 54.9181 37.855 98.8975 42.0595 69.857 60.6383 75.8024 41.0 25.2389 66.0076 69.3542 52.2015 106.476 39.8121 109.535 42.19 107.72 20.0998 64.4748 70.0357 109.988 51.4198 38.1182 87.1554 27.074 
17.088 61.0328 45.638 46.3249 22.2036 63.7289 22.8035 55.8018 44.5984 18.3848 52.0096 19.4165 25.7099 53.0 31.1448 50.2494 55.5077 77.7107 0.0 62.6817 7.07107 58.2469 67.7972 42.7551 55.1453 50.636 44.8808 21.6333 35.8024 18.4391 41.4564 38.1051 50.0106 52.5222 51.0937 13.0384 42.107 30.5287 58.157 34.0 53.3671 43.0465 65.4005 20.025 38.1836 39.5601 48.1664 53.9902 37.97 58.8032 
48.7773 34.2053 75.2728 25.0 56.5155 56.3205 85.0219 64.4981 20.0 68.9332 36.0 51.8653 47.0744 52.1536 32.433 40.05 47.0425 81.3941 62.6817 0.0 69.6542 20.1246 10.8167 28.7924 39.1152 27.074 78.68 66.2193 68.9493 80.0278 90.6054 99.5026 87.6243 68.2495 104.924 74.5535 33.5261 80.2808 94.2444 84.1724 91.6599 50.636 61.2944 76.6281 99.9495 63.0714 31.257 89.1964 32.7567 85.1469 
23.7065 66.4052 44.5533 52.5127 27.074 65.0 15.8114 55.0016 51.5707 19.6977 57.1402 25.6336 31.9531 54.3415 38.2099 55.0 59.4138 76.9106 7.07107 69.6542 0.0 64.6684 74.7695 48.8018 60.0083 56.5809 43.2782 24.0416 35.0 13.0384 39.2847 31.6228 47.6327 51.7221 44.6114 8.94427 47.8116 29.6985 55.7702 32.6497 50.9804 48.5077 66.5216 16.1555 31.7013 43.4166 53.8929 51.6698 44.3915 57.3847 
45.9518 49.93 82.0317 34.7851 43.0465 69.2892 80.2704 73.6849 25.7099 56.3028 48.4665 49.0398 33.8378 62.5859 29.4594 51.5461 59.4643 93.6803 58.2469 20.1246 64.6684 0.0 30.8869 36.8782 52.3927 39.3954 85.4388 52.8394 75.7082 77.2023 100.35 97.0716 94.3831 76.3657 110.06 71.728 41.7732 66.2118 101.004 69.857 98.4187 32.0156 74.0 78.7076 97.1502 45.3982 42.3792 95.9562 21.2603 92.6752 
53.8926 27.0 73.3553 24.0832 64.3817 50.0899 89.7717 60.4401 23.2594 75.71 31.3209 49.9495 55.1453 47.8017 38.833 35.7351 41.5933 75.0067 67.7972 10.8167 74.7695 30.8869 0.0 28.3196 33.541 23.7065 77.026 73.8838 67.3446 80.6831 91.4934 100.465 85.9593 64.846 105.812 75.8441 32.2025 88.0223 92.1358 91.9887 89.9444 60.6383 55.0818 77.519 100.838 72.5603 28.178 87.2067 41.0122 81.9329 
26.0768 19.9249 46.4866 4.24264 47.2862 33.121 61.9484 37.054 11.1803 55.2342 13.4536 23.3452 40.3815 25.7099 23.0217 15.2643 23.3238 56.921 42.7551 28.7924 48.8018 36.8782 28.3196 0.0 17.6918 8.0 49.895 55.2292 40.1643 52.8598 63.4787 72.7442 58.8392 40.1123 77.7972 48.0208 5.0 68.5107 65.4599 72.4722 62.8748 53.8289 37.5766 49.6488 72.8228 61.5761 7.2111 60.407 30.6841 56.7186 
40.2616 8.48528 42.5206 18.0278 64.0125 17.2627 70.406 27.313 27.4591 70.0928 4.24264 36.8782 58.0362 14.7648 40.6768 5.09902 8.06226 42.2966 55.1453 39.1152 60.0083 52.3927 33.541 17.6918 0.0 13.0 46.6905 70.5195 38.833 60.6383 61.0468 77.2898 55.3173 32.249 74.6324 56.7186 14.7648 83.4326 60.4649 87.3212 59.0339 71.3526 22.2036 56.4214 71.222 79.2309 10.6301 55.8032 48.2078 49.1935 
34.0588 12.53 49.6488 5.83095 54.8179 30.0832 69.0846 37.4833 14.8661 63.2174 9.21954 31.257 47.7773 25.0799 29.9666 13.0 20.3961 54.9181 50.636 27.074 56.5809 39.3954 23.7065 8.0 13.0 0.0 53.3385 62.804 43.7105 59.9333 70.1263 79.3919 62.2656 41.4849 79.4507 55.1543 9.43398 76.4567 68.4471 80.4407 66.242 59.4353 34.9285 56.4358 79.4704 68.9719 4.47214 63.5059 36.2905 58.5235 
53.0396 55.1725 4.47214 53.7515 67.0601 38.9102 42.313 22.8473 60.1285 62.426 47.0106 49.6003 74.2846 32.6497 70.4108 42.638 40.4599 37.855 44.8808 78.68 43.2782 85.4388 77.026 49.895 46.6905 53.3385 0.0 66.0676 12.0 33.6011 22.8035 38.1182 8.94427 17.088 30.3645 34.6554 45.1885 72.9178 16.1245 75.6637 13.0 91.9882 37.0 28.4253 32.249 84.3308 48.8774 11.0454 78.4205 14.1421 
30.4631 74.8507 66.8248 57.4282 9.84886 80.1311 36.0555 74.4798 52.0096 5.09902 66.7608 34.0147 19.3132 69.4622 35.1283 66.1287 72.4983 98.8975 21.6333 66.2193 24.0416 52.8394 73.8838 55.2292 70.5195 62.804 66.0676 0.0 56.9892 36.8782 62.7662 53.0848 71.1142 73.709 66.3238 32.8938 56.0529 14.1421 79.2517 18.1108 74.4618 28.6531 82.7261 40.1622 53.4138 20.025 61.7013 75.1332 33.5261 79.99 
43.3089 47.2017 10.7703 44.0208 57.9818 35.3553 37.855 21.2132 50.3979 53.418 38.2884 39.8696 64.5539 26.5707 60.6801 34.2053 34.0147 42.0595 35.8024 68.9493 35.0 75.7082 67.3446 40.1643 38.833 43.7105 12.0 56.9892 0.0 28.1603 22.8035 39.0512 20.3961 17.088 35.805 27.2947 35.4816 64.5676 28.0713 67.624 24.5153 82.9473 35.0 22.8035 32.9848 75.2524 39.2792 23.0217 68.6899 24.1661 
33.8817 68.0074 35.8469 57.0036 40.0125 62.0725 10.0 49.2443 60.6696 32.28 58.5235 35.7726 44.1475 52.0096 48.9751 55.5428 58.3236 69.857 18.4391 80.0278 13.0384 77.2023 80.6831 52.8598 60.6383 59.9333 33.6011 36.8782 28.1603 0.0 28.5305 20.5372 37.3894 45.2217 33.5259 5.83095 50.5668 40.4969 45.5269 42.8019 40.737 61.2944 62.514 5.38516 20.6158 56.4358 56.4624 41.4265 56.3784 47.67 
54.6253 69.31 26.3059 67.6828 63.327 58.0517 25.3632 43.1045 71.4828 58.8139 60.2907 51.186 67.3071 49.3356 72.1224 56.2765 56.6788 60.6383 41.4564 90.6054 39.2847 100.35 91.4934 63.4787 61.0468 70.1263 22.8035 62.7662 22.8035 28.5305 0.0 16.2788 22.8035 38.0 16.5529 30.4403 60.6943 61.158 29.7321 62.4219 24.7588 84.715 57.3149 23.8939 10.198 80.9598 66.4205 27.0185 79.5257 35.7771 
53.751 85.553 42.0119 76.7802 58.2495 74.3303 17.0294 59.3043 80.3799 48.0416 76.5338 60.1486 63.5696 65.5806 68.8443 72.5195 72.9218 75.8024 38.1051 99.5026 31.6228 97.0716 100.465 72.7442 77.2898 79.3919 38.1182 53.0848 39.0512 20.5372 16.2788 0.0 35.7351 54.0833 15.0 26.3246 69.9598 52.1728 40.7063 53.1601 36.2491 79.8311 73.5527 22.9679 6.08276 73.1095 75.6861 39.5601 75.9665 49.7293 
61.9838 63.7809 12.8062 62.6958 72.19 46.3249 47.2807 30.2324 69.0728 67.1618 55.8032 58.5446 75.6463 41.0122 79.3551 51.4004 48.7955 41.0 50.0106 87.6243 47.6327 94.3831 85.9593 58.8392 55.3173 62.2656 8.94427 71.1142 20.3961 37.3894 22.8035 35.7351 0.0 24.4131 25.02 38.7883 54.1295 77.0463 8.24621 79.6652 4.12311 93.0541 43.8292 32.2419 30.4631 89.4606 57.8014 4.24264 87.3648 14.1421 
45.2059 40.4969 12.6491 43.4166 69.961 21.9545 54.8179 5.83095 51.0098 70.1377 33.6155 41.7666 66.4509 17.4929 62.5771 29.1548 25.0 25.2389 52.5222 68.2495 51.7221 76.3657 64.846 40.1123 32.249 41.4849 17.088 73.709 17.088 45.2217 38.0 54.0833 24.4131 0.0 47.4342 44.2832 35.1283 81.2874 28.4253 84.346 27.6586 84.8443 19.9249 39.8497 48.0416 87.0716 37.108 24.0416 69.3474 17.088 
68.9438 83.006 34.7851 82.0013 71.2844 69.0797 30.3586 53.1413 85.8013 61.3132 74.027 65.5045 77.0177 61.7738 81.833 70.0 69.4622 66.0076 51.0937 104.924 44.6114 110.06 105.812 77.7972 74.6324 79.4507 30.3645 66.3238 35.805 33.5259 16.5529 15.0 25.02 47.4342 0.0 39.3132 71.2219 66.1534 27.8927 67.4166 24.1868 92.8591 67.3573 35.9565 13.3417 86.3431 75.0194 28.0713 89.2363 39.0128 
28.4074 63.7887 36.2353 52.1647 35.0571 59.6615 13.9284 47.7598 55.8306 28.6356 54.3415 30.2983 38.6855 49.163 43.5008 51.6236 55.0091 69.3542 13.0384 74.5535 8.94427 71.728 75.8441 48.0208 56.7186 55.1543 34.6554 32.8938 27.2947 5.83095 30.4403 26.3246 38.7883 44.2832 39.3132 0.0 45.8803 38.2884 46.9258 41.0122 42.1359 56.0803 60.4324 7.28011 26.4031 51.9711 51.8652 42.8254 50.9041 48.7955 
26.1725 19.0263 41.7852 8.544 49.526 28.8444 59.808 32.0624 16.1245 55.9017 10.7703 23.0217 44.3917 20.8806 27.0323 11.3137 19.2094 52.2015 42.107 33.5261 47.8116 41.7732 32.2025 5.0 14.7648 9.43398 45.1885 56.0529 35.4816 50.5668 60.6943 69.9598 54.1295 35.1283 71.2219 45.8803 0.0 69.2315 60.7454 73.1642 58.1808 58.1079 33.121 47.0106 70.0384 65.5864 6.08276 55.7136 34.9632 51.788 
43.1741 88.1192 74.2496 71.1758 23.7697 91.9591 36.0555 85.0043 66.0681 13.3417 79.8311 46.5725 33.2415 81.2732 49.2544 78.848 84.7585 106.476 30.5287 80.2808 29.6985 66.2118 88.0223 68.5107 83.4326 76.4567 72.9178 14.1421 64.5676 40.4969 61.158 52.1728 77.0463 81.2874 66.1534 38.2884 69.2315 0.0 85.1839 4.0 80.394 38.8973 94.603 45.0 53.2433 26.6271 74.9667 81.0835 47.5395 87.046 
68.605 68.8186 18.9737 69.2892 80.3364 49.5782 53.2473 33.9706 75.694 75.2994 61.4003 65.1657 83.7927 45.8039 85.9762 56.9386 53.4135 39.8121 58.157 94.2444 55.7702 101.004 92.1358 65.4599 60.4649 68.4471 16.1245 79.2517 28.0713 45.5269 29.7321 40.7063 8.24621 28.4253 27.8927 46.9258 60.7454 85.1839 0.0 87.8027 5.0 101.2 46.4004 40.3794 36.0555 97.607 63.9766 5.09902 93.986 13.4164 
47.0744 92.0706 77.1557 75.1665 27.6586 95.7159 37.5766 88.3123 70.0643 17.2627 83.7437 50.448 37.108 85.03 53.2353 82.7103 88.5438 109.535 34.0 84.1724 32.6497 69.857 91.9887 72.4722 87.3212 80.4407 75.6637 18.1108 67.624 42.8019 62.4219 53.1601 79.6652 84.346 67.4166 41.0122 73.1642 4.0 87.8027 0.0 83.0129 41.8688 97.9111 47.5079 54.5072 29.0689 78.9177 83.7023 51.4198 89.8053 
66.0194 67.4759 16.6433 66.7083 75.5465 49.4065 48.4887 33.4215 73.1084 70.5095 59.6406 62.5801 79.0028 44.5982 83.3907 55.2178 52.345 42.19 53.3671 91.6599 50.9804 98.4187 89.9444 62.8748 59.0339 66.242 13.0 74.4618 24.5153 40.737 24.7588 36.2491 4.12311 27.6586 24.1868 42.1359 58.1808 80.394 5.0 83.0129 0.0 96.4106 46.6476 35.5896 31.3847 92.8171 61.7738 4.12311 91.4004 15.1327 
39.8509 71.8475 89.2708 53.6669 21.587 88.8893 63.0635 84.4803 44.9444 33.541 67.1183 43.0877 18.4391 78.5179 43.474 69.0657 77.1086 107.72 43.0465 50.636 48.5077 32.0156 60.6383 53.8289 71.3526 59.4353 91.9882 28.6531 82.9473 61.2944 84.715 79.8311 93.0541 84.8443 92.8591 56.0803 58.1079 38.8973 101.2 41.8688 96.4106 0.0 91.9602 63.0728 79.949 13.9284 60.7229 97.0337 23.4307 100.097 
52.8015 28.1603 32.573 39.2173 77.6209 5.0 72.4431 14.3178 48.4665 81.36 25.7099 49.2037 73.5807 13.4536 60.1228 22.4722 14.5602 20.0998 65.4005 61.2944 66.5216 74.0 55.0818 37.5766 22.2036 34.9285 37.0 82.7261 35.0 62.514 57.3149 73.5527 43.8292 19.9249 67.3573 60.4324 33.121 94.603 46.4004 97.9111 46.6476 91.9602 0.0 57.3149 67.4759 94.2902 31.6228 42.72 68.0536 33.3017 
35.3869 63.9321 30.5287 53.8238 42.19 57.0088 15.1327 43.9318 57.5055 35.8469 54.4471 37.203 45.665 47.0956 50.4803 51.3338 53.6376 64.4748 20.025 76.6281 16.1555 78.7076 77.519 49.6488 56.4214 56.4358 28.4253 40.1622 22.8035 5.38516 23.8939 22.9679 32.2419 39.8497 35.9565 7.28011 47.0106 45.0 40.3794 47.5079 35.5896 63.0728 57.3149 0.0 23.0464 59.2284 52.7731 36.279 57.8836 42.5206 
53.8296 79.4852 36.0555 77.0269 58.3743 68.2495 17.4485 53.2353 80.8269 48.4031 70.466 60.5301 63.6482 59.5128 68.9229 66.4517 66.854 70.0357 38.1836 99.9495 31.7013 97.1502 100.838 72.8228 71.222 79.4704 32.249 53.4138 32.9848 20.6158 10.198 6.08276 30.4631 48.0416 13.3417 26.4031 70.0384 53.2433 36.0555 54.5072 31.3847 79.949 67.4759 23.0464 0.0 73.433 75.7646 34.4384 76.0451 44.2719 
41.8688 81.3704 85.088 63.0373 17.8885 91.2194 56.0803 86.7098 54.4471 25.0799 75.0 45.3431 21.4009 80.848 39.5553 76.774 83.4723 109.988 39.5601 63.0714 43.4166 45.3982 72.5603 61.5761 79.2309 68.9719 84.3308 20.025 75.2524 56.4358 80.9598 73.1095 89.4606 87.0716 86.3431 51.9711 65.5864 26.6271 97.607 29.0689 92.8171 13.9284 94.2902 59.2284 73.433 0.0 68.7872 93.4402 32.573 98.2532 
32.0624 13.1529 45.1774 7.61577 54.4973 26.9258 65.7875 33.2415 17.0 61.6604 6.40312 29.0 47.5926 21.0 30.2324 9.21954 17.088 51.4198 48.1664 31.257 53.8929 42.3792 28.178 7.2111 10.6301 4.47214 48.8774 61.7013 39.2792 56.4624 66.4205 75.6861 57.8014 37.108 75.0194 51.8652 6.08276 74.9667 63.9766 78.9177 61.7738 60.7229 31.6228 52.7731 75.7646 68.7872 0.0 59.0339 37.5781 54.1202 
63.5569 64.2028 13.9284 64.2573 76.1696 45.607 51.3566 29.7321 70.6459 71.199 56.6039 60.1176 79.6258 41.2311 80.9282 52.1536 48.9183 38.1182 53.9902 89.1964 51.6698 95.9562 87.2067 60.407 55.8032 63.5059 11.0454 75.1332 23.0217 41.4265 27.0185 39.5601 4.24264 24.0416 28.0713 42.8254 55.7136 81.0835 5.09902 83.7023 4.12311 97.0337 42.72 36.279 34.4384 93.4402 59.0339 0.0 88.9379 11.0454 
36.8217 48.7027 75.0134 30.5221 23.7697 63.7067 59.9936 66.6666 21.9317 36.2891 43.9735 39.9097 14.3178 55.8079 20.3293 45.9209 53.9638 87.1554 37.97 32.7567 44.3915 21.2603 41.0122 30.6841 48.2078 36.2905 78.4205 33.5261 68.6899 56.3784 79.5257 75.9665 87.3648 69.3474 89.2363 50.9041 34.9632 47.5395 93.986 51.4198 91.4004 23.4307 68.0536 57.8836 76.0451 32.573 37.5781 88.9379 0.0 85.6569 
60.4584 57.3062 13.4164 60.208 80.9826 36.7967 56.3819 21.9545 67.3647 76.4003 50.6952 57.0192 81.7035 34.4384 77.8297 46.2385 41.6773 27.074 58.8032 85.1469 57.3847 92.6752 81.9329 56.7186 49.1935 58.5235 14.1421 79.99 24.1661 47.67 35.7771 49.7293 14.1421 17.088 39.0128 48.7955 51.788 87.046 13.4164 89.8053 15.1327 100.097 33.3017 42.5206 44.2719 98.2532 54.1202 11.0454 85.6569 0.0 
DEMAND_SCENARIO_SECTION
0 0 0 0 0 0 0 0 0 0 0 0 0 0 0 0 0 0 0 0 0 0 0 0 0 0 0 0 0 0 0 0 0 0 0 0 0 0 0 0 0 0 0 0 0 0 0 0 0 0 0 0 0 0 0 0 0 0 0 0 0 0 0 0 0 0 0 0 0 0 0 0 0 0 0 0 0 0 0 0 0 0 0 0 0 0 0 0 0 0 0 0 0 0 0 0 0 0 0 0 0 0 0 0 0 0 0 0 0 0 0 0 0 0 0 0 0 0 0 0 0 0 0 0 0 0 0 0 0 0 0 0 0 0 0 0 0 0 0 0 0 0 0 0 0 0 0 0 0 0 0 0 0 0 0 0 0 0 0 0 0 0 0 0 0 0 0 0 0 0 0 0 0 0 0 0 0 0 0 0 0 0 0 0 0 0 0 0 0 0 0 0 0 0 0 0 0 0 0 0 
1 0 1 1 1 1 1 1 1 1 1 1 1 1 1 1 1 1 1 1 1 1 1 1 1 1 1 1 1 1 0 1 1 1 1 1 1 1 1 1 1 1 1 1 1 1 1 1 1 1 1 1 1 0 1 1 1 1 1 1 1 1 1 1 1 1 1 1 1 1 1 1 1 1 1 0 2 0 1 0 1 1 1 1 1 1 1 1 1 2 1 2 1 1 1 1 1 2 1 1 1 1 1 0 1 1 0 1 1 0 0 1 0 1 1 1 1 1 2 1 2 1 1 2 1 1 1 1 1 2 1 1 0 0 1 1 1 1 1 0 1 1 1 1 1 1 1 1 1 1 1 2 1 1 1 1 1 1 1 1 2 0 1 1 1 1 1 1 1 1 1 1 1 1 1 0 1 1 1 1 1 1 1 1 0 1 1 1 1 1 2 1 1 1 1 1 1 1 1 1 
11 11 4 11 8 7 8 11 9 9 7 9 9 9 14 12 14 7 10 12 12 5 11 6 12 8 8 9 9 9 11 9 8 10 11 10 8 9 5 9 6 17 9 9 16 8 4 12 9 9 11 10 11 7 13 8 2 1 8 2 9 7 7 13 7 14 6 7 11 9 9 14 6 15 10 11 11 9 10 4 6 12 2 11 10 13 6 8 15 11 2 11 7 3 14 6 5 16 15 9 12 5 6 11 7 13 8 6 3 11 3 9 10 10 12 2 8 6 5 10 10 11 10 3 12 9 10 12 4 11 2 7 9 10 7 12 11 10 6 13 11 10 11 6 7 14 13 10 7 8 11 6 1 7 8 6 16 5 6 8 11 11 11 12 14 6 4 2 9 9 9 6 7 12 11 11 9 5 10 12 9 10 8 6 6 9 14 9 8 5 4 7 10 4 7 14 5 6 6 5 
1 1 1 1 1 1 1 1 1 1 1 1 1 0 1 1 1 1 0 1 1 1 0 2 1 1 1 1 1 1 1 1 1 1 2 1 1 1 1 1 1 2 1 1 1 0 1 2 1 1 1 1 1 1 1 1 1 1 0 1 1 1 1 1 1 2 2 1 1 1 1 1 2 1 1 1 1 1 1 1 1 1 1 1 1 1 1 1 1 1 1 1 1 1 1 1 1 1 1 1 1 1 1 0 0 1 1 1 1 1 1 1 1 1 1 1 1 1 1 1 0 1 1 1 1 1 1 1 1 1 1 1 1 1 2 1 1 1 1 1 1 1 1 1 1 1 1 1 1 1 1 1 1 1 1 1 1 2 0 1 1 1 1 1 1 1 1 1 1 1 1 1 1 2 0 1 1 1 1 1 0 1 1 1 1 1 1 1 1 1 1 1 1 1 1 1 1 1 1 1 
5 7 6 7 1 5 5 5 7 5 5 6 5 4 3 6 7 3 4 6 8 3 5 7 6 7 5 4 6 6 4 6 8 7 5 3 4 5 6 2 1 2 5 5 7 3 5 2 4 5 7 3 6 5 1 5 4 7 3 6 7 4 1 4 5 7 7 4 4 7 6 4 3 8 5 5 4 6 5 5 5 3 4 5 5 6 4 5 6 6 3 5 8 4 3 5 8 3 7 5 5 5 6 7 7 4 4 4 5 5 5 5 5 5 5 4 3 3 4 4 6 5 2 6 5 6 2 1 7 5 7 4 5 5 6 5 4 5 4 3 6 3 5 5 5 4 6 3 2 5 7 5 4 3 7 5 4 3 3 6 4 6 7 4 4 4 4 6 7 6 4 4 3 7 4 4 4 7 4 7 9 6 6 7 4 7 5 4 6 4 4 5 4 5 2 4 6 7 7 5 
2 2 2 3 2 3 2 2 2 2 2 2 3 2 3 2 2 3 2 2 2 3 2 2 1 3 2 1 2 2 2 2 2 1 2 1 2 1 2 2 1 2 3 3 3 2 2 3 2 3 2 3 3 1 3 2 3 3 1 2 3 1 1 3 1 3 2 2 2 1 2 2 2 1 2 3 2 2 1 3 3 2 1 2 1 2 2 2 2 2 2 2 2 0 3 2 1 3 1 2 2 2 2 1 2 4 2 2 2 3 3 1 2 1 2 1 2 2 2 2 1 2 2 3 2 2 1 3 2 2 2 2 1 2 1 3 2 3 1 1 2 2 3 2 2 2 2 2 2 2 2 0 0 2 2 1 2 2 2 2 2 2 3 2 2 1 2 3 3 2 2 3 2 1 2 3 2 2 2 1 3 3 2 3 2 3 3 1 1 1 3 3 2 1 2 3 2 1 2 3 
6 7 9 12 12 14 7 12 10 14 9 7 9 10 7 7 12 11 8 12 10 9 6 8 14 7 13 11 5 11 16 9 11 8 10 4 12 7 11 5 11 11 3 9 12 5 13 12 7 10 10 10 7 3 12 6 9 11 9 15 8 9 12 9 11 10 5 7 13 8 7 8 6 12 14 13 12 11 3 13 5 10 7 9 8 6 12 7 10 13 11 6 5 14 11 13 5 9 7 10 8 9 8 7 15 6 9 2 4 8 11 9 11 10 12 7 2 10 5 1 10 13 9 6 7 8 6 6 12 12 5 5 11 9 7 8 9 8 11 10 6 7 12 11 12 9 11 10 8 9 2 7 9 10 12 11 7 9 14 12 7 8 6 8 1 16 8 6 8 13 14 8 10 6 9 12 5 6 5 13 11 11 6 10 12 6 6 3 10 6 6 10 6 9 8 9 5 9 9 8 
4 6 7 6 7 3 4 5 6 5 7 3 5 6 6 5 6 2 4 3 5 4 6 4 5 5 6 5 6 8 4 5 4 4 5 5 5 3 6 2 5 6 3 5 7 4 4 5 3 3 5 7 5 5 4 5 7 1 7 3 7 6 9 5 7 6 4 4 6 5 9 5 6 6 5 6 4 1 4 6 3 3 5 5 5 4 8 7 3 4 3 6 5 6 9 7 1 6 2 9 6 4 4 5 5 4 7 8 5 4 7 2 6 5 4 5 5 4 3 5 8 5 3 5 6 9 8 4 7 3 5 9 4 3 2 2 7 3 8 6 8 5 6 2 6 6 6 6 5 5 5 3 3 8 7 8 6 6 3 4 4 4 3 1 5 4 6 5 2 5 5 9 7 3 4 5 5 9 8 6 6 5 5 7 6 6 4 4 6 8 6 3 6 7 5 5 5 3 7 3 
11 9 10 7 5 13 11 7 7 11 9 12 12 0 8 7 5 8 8 13 13 16 0 7 10 9 9 11 8 8 3 10 9 15 8 12 10 7 11 9 10 14 12 11 4 6 14 16 6 10 14 8 11 8 11 6 14 7 8 10 13 14 8 13 12 5 9 6 16 12 5 6 7 6 14 12 11 11 9 8 8 7 12 6 9 13 14 3 14 4 14 11 10 13 10 12 11 6 7 12 12 3 10 13 12 10 13 4 13 8 11 6 13 6 13 10 7 3 9 11 9 10 17 12 9 11 10 8 15 12 0 12 5 10 15 6 9 11 8 11 4 5 11 5 10 13 12 13 8 6 12 8 8 11 9 13 11 9 18 8 9 10 6 19 14 7 11 9 13 13 16 15 11 6 12 8 10 12 9 8 10 16 10 16 6 10 6 11 13 10 7 12 15 9 10 12 17 10 16 9 
17 8 16 14 6 9 13 13 7 10 10 15 3 13 10 13 11 8 12 4 10 7 10 14 11 12 9 7 5 12 6 12 11 23 11 10 12 7 7 5 7 9 8 7 5 14 11 4 15 10 8 16 11 12 12 6 7 9 11 16 16 14 18 12 7 13 11 14 10 11 14 10 12 12 16 11 6 7 6 7 9 9 11 7 10 10 10 18 12 6 10 16 18 14 6 5 7 9 11 13 4 10 1 14 13 16 14 17 19 6 11 9 14 8 7 13 10 5 15 9 12 11 6 13 5 11 13 12 13 11 9 10 7 8 8 11 5 13 6 10 9 7 12 9 7 8 8 9 7 15 16 8 14 18 11 4 14 14 14 9 6 15 7 6 6 10 8 7 5 11 13 12 11 10 11 1 15 9 13 10 15 7 7 11 8 8 13 10 7 7 7 17 8 12 10 12 11 3 9 3 
3 5 3 4 6 6 5 5 5 2 4 5 5 4 2 3 5 4 5 5 4 4 3 4 4 6 5 4 3 3 6 5 3 2 3 2 4 4 3 4 3 4 5 5 3 3 5 3 4 6 2 5 4 5 5 4 4 5 2 6 4 6 3 4 6 5 4 4 7 4 3 3 4 7 6 3 2 5 4 7 4 4 3 5 4 3 5 5 5 5 5 5 4 4 4 4 6 3 3 4 6 5 6 4 4 3 5 2 6 4 5 4 5 3 3 5 6 6 4 5 4 6 3 4 4 4 5 6 6 5 6 3 7 5 5 4 5 4 2 3 4 4 5 5 4 1 4 4 3 2 1 4 5 2 4 6 7 2 2 4 3 2 1 2 3 3 4 3 3 2 2 2 4 4 3 5 7 4 5 3 4 3 5 6 5 4 6 3 5 4 3 5 3 5 6 6 3 4 5 3 
6 10 6 5 4 6 5 4 7 7 9 7 8 10 4 6 13 7 4 10 8 10 12 13 8 6 9 7 9 10 9 4 11 7 9 8 12 10 5 7 10 10 4 7 7 10 11 5 7 10 8 8 14 6 11 9 12 9 4 8 10 12 5 12 1 12 2 6 12 12 8 8 11 7 6 6 15 12 6 3 12 10 4 8 6 10 12 13 11 7 8 10 8 4 13 7 7 5 9 9 15 3 7 8 11 9 7 8 11 8 11 10 14 12 8 10 11 5 5 11 11 6 14 12 10 5 9 13 9 10 7 5 11 8 10 9 11 6 14 10 8 11 11 3 7 12 7 9 10 6 10 2 12 5 5 9 6 11 10 7 10 9 9 6 7 6 6 15 7 13 11 7 8 5 5 9 11 10 8 9 6 6 10 12 3 5 2 8 9 5 10 7 9 9 13 9 7 7 7 10 
6 8 6 15 7 7 8 10 8 10 7 12 11 9 8 7 6 12 8 7 12 7 0 7 8 6 9 15 12 9 10 8 7 10 9 10 13 8 10 10 4 9 6 6 13 6 6 11 6 7 6 5 11 6 10 6 12 9 10 7 7 9 7 10 9 7 11 10 5 12 7 9 10 8 9 10 0 4 10 9 7 7 7 11 11 8 11 5 16 11 7 12 11 11 12 7 9 1 12 4 14 8 3 6 5 5 7 3 12 5 0 8 10 8 8 9 10 8 7 6 12 7 3 9 7 8 10 1 9 7 11 10 8 8 9 10 5 4 5 2 8 7 9 11 13 10 8 11 4 7 12 7 9 0 3 8 7 4 9 7 10 9 9 10 6 12 10 10 4 8 7 5 8 10 1 6 3 7 10 9 11 9 10 6 5 10 9 6 4 5 7 9 11 9 11 7 4 7 5 17 
5 2 3 4 3 3 4 6 5 3 4 3 2 4 3 4 5 4 3 4 4 5 2 5 3 5 4 6 4 5 4 6 6 0 5 5 5 4 6 4 4 10 3 5 5 3 3 6 3 3 2 3 3 3 4 5 4 4 3 3 2 4 3 4 4 4 6 4 2 4 5 6 5 4 4 5 2 4 4 4 4 3 4 6 3 5 2 4 4 2 8 4 4 3 4 4 5 5 4 5 3 3 3 3 1 5 3 3 3 6 1 4 4 7 3 6 5 4 5 4 5 5 3 4 3 6 4 5 6 3 6 6 4 2 5 7 4 5 2 6 4 3 3 4 5 4 5 4 6 5 3 6 2 6 5 4 6 3 3 4 3 7 3 6 4 6 5 4 2 4 6 5 5 3 4 6 4 3 5 4 4 3 6 3 3 3 5 4 6 4 5 4 4 4 2 6 6 3 5 2 
5 3 5 6 8 9 9 14 12 4 9 14 0 4 8 2 11 11 7 12 15 4 13 9 14 10 9 7 9 10 5 13 4 13 7 9 11 12 13 11 17 12 11 7 8 14 15 9 16 10 9 4 10 9 11 4 6 17 9 8 6 8 10 15 9 9 13 9 3 6 11 9 17 4 7 14 14 9 7 7 8 6 6 2 8 9 5 11 9 6 6 7 9 9 7 12 7 5 13 2 12 11 14 12 9 13 9 9 11 5 7 6 5 9 6 10 7 7 9 9 10 3 9 13 11 13 8 9 7 7 9 6 15 10 12 11 12 6 9 9 11 8 13 8 5 6 10 8 5 11 15 7 3 11 9 11 13 9 11 11 13 12 7 7 8 10 8 7 9 12 9 8 15 9 12 8 10 9 8 6 11 7 7 8 17 4 5 16 12 12 2 7 10 11 12 13 11 7 6 10 
8 5 8 9 6 9 8 3 8 12 10 3 6 10 3 6 6 6 1 8 6 4 5 4 3 9 6 7 7 6 10 8 10 6 5 8 6 7 9 7 8 8 6 8 9 10 8 6 11 5 7 5 8 6 5 10 6 5 5 4 9 9 10 10 8 6 7 9 7 9 6 3 6 5 9 9 2 4 3 8 6 6 9 6 6 11 3 6 11 5 8 6 7 10 4 6 6 7 6 10 9 8 11 4 7 9 4 8 6 8 8 10 8 5 12 8 9 12 4 2 6 9 11 5 7 8 5 7 6 8 3 6 7 8 8 5 7 6 6 8 9 6 9 8 4 8 7 7 7 7 8 7 4 1 9 8 10 7 10 8 6 5 4 6 10 11 7 5 10 8 7 4 8 3 4 8 11 8 6 10 6 14 4 9 10 6 5 8 10 7 11 4 7 6 4 4 5 4 7 6 
1 2 1 1 1 1 1 1 2 1 1 1 1 1 1 1 1 1 1 1 1 1 1 1 1 1 1 1 2 1 0 1 2 1 1 1 1 2 1 1 1 1 0 1 1 1 1 1 1 1 1 1 1 1 1 1 1 0 1 2 1 1 2 1 2 1 1 2 1 1 1 1 1 1 1 2 1 1 1 1 1 0 0 1 1 2 1 0 1 1 1 1 1 1 1 0 1 1 1 1 1 1 1 1 1 1 1 1 1 1 1 1 1 1 1 1 1 1 0 1 1 1 1 1 2 1 1 1 1 1 1 0 1 1 1 1 1 1 1 1 0 1 1 1 1 1 1 1 2 0 1 1 1 1 2 1 1 2 1 1 1 1 2 1 1 1 1 1 1 1 1 0 1 1 1 1 1 1 1 1 1 1 1 1 1 1 1 0 1 1 1 1 1 1 1 1 1 1 1 1 
5 2 4 4 4 5 5 4 5 3 6 3 4 6 3 5 3 8 7 4 5 4 6 2 2 2 6 5 5 5 3 3 4 5 4 4 5 3 2 4 4 3 2 3 4 4 5 2 3 4 5 4 4 6 4 3 2 5 4 4 3 6 4 3 4 4 4 5 4 3 6 3 6 4 5 3 5 4 4 5 3 4 5 1 6 5 5 4 4 3 4 3 4 4 4 1 4 5 5 3 6 3 3 4 3 3 4 6 4 6 2 5 5 4 5 6 5 5 4 4 5 4 4 4 5 6 7 3 2 5 5 7 6 3 2 5 4 5 3 5 3 4 4 6 2 2 3 2 4 3 7 3 6 2 4 5 0 4 6 6 4 4 3 2 3 5 4 5 5 4 3 2 4 4 5 4 3 1 3 4 6 4 4 5 1 2 3 5 3 3 3 5 3 5 3 4 4 6 3 2 
2 4 4 4 3 6 6 6 5 2 6 2 5 6 5 3 4 4 3 3 3 1 4 2 5 4 7 4 5 6 4 3 5 4 3 4 3 5 3 5 5 2 3 1 6 7 6 3 5 4 8 6 4 5 3 7 2 4 4 4 1 8 5 3 5 4 5 5 4 3 5 4 3 3 3 6 2 3 4 5 6 5 2 5 3 6 4 6 4 3 3 4 5 6 2 3 5 2 5 4 5 4 6 4 2 5 1 5 5 1 3 3 1 3 4 3 5 3 3 4 4 2 3 3 3 3 4 5 7 2 4 3 4 5 7 3 5 6 5 4 4 1 4 3 4 4 2 3 2 6 4 5 3 5 3 7 4 3 5 4 4 1 3 0 4 2 4 4 6 5 2 3 2 2 4 5 2 4 4 4 4 5 5 3 5 4 4 3 4 5 3 4 4 4 4 5 4 3 3 7 
7 3 5 4 6 3 5 4 4 7 4 3 5 6 5 6 7 6 4 7 5 3 6 4 5 6 4 3 4 6 5 6 5 6 5 7 6 4 6 5 8 7 3 8 2 5 6 5 5 3 3 6 7 7 6 6 1 5 4 4 7 3 5 8 4 4 5 6 7 7 4 4 4 4 8 8 5 4 6 7 2 5 9 7 6 7 4 9 6 4 5 7 7 6 4 3 8 3 6 7 4 5 8 3 5 2 5 8 7 4 3 5 6 5 6 5 7 3 6 5 5 9 3 5 3 2 4 5 5 5 1 3 7 3 2 6 4 6 4 7 6 3 5 3 6 5 7 3 3 4 7 5 2 4 6 5 2 2 6 3 4 0 5 7 6 6 3 3 5 5 4 2 3 7 5 3 4 7 2 4 6 2 4 6 5 6 4 5 5 2 5 5 6 7 4 9 6 7 6 3 
8 6 5 5 4 4 4 8 5 7 5 6 3 5 5 6 7 5 6 6 5 5 1 6 7 6 7 5 4 6 5 6 4 6 6 6 3 4 4 6 5 5 4 11 4 4 8 7 3 5 7 3 6 5 5 4 4 3 3 2 5 3 2 2 4 3 2 2 7 7 3 2 2 7 4 3 3 6 2 6 2 4 5 2 4 4 2 4 8 6 4 7 4 5 4 4 3 5 6 2 6 4 4 3 7 3 6 7 9 5 4 4 5 4 5 6 6 6 5 5 6 6 3 3 2 7 3 4 6 6 7 6 1 5 5 5 5 3 7 5 7 3 8 5 5 6 7 5 9 5 6 6 6 8 5 7 6 3 4 4 8 5 6 5 4 3 6 7 4 7 4 4 6 6 1 4 6 4 4 6 4 5 3 5 2 4 8 6 5 7 4 6 5 7 5 3 4 7 5 5 
4 3 2 4 3 3 2 4 2 3 3 3 1 2 3 2 5 4 3 1 3 5 4 1 4 3 2 4 2 3 4 3 4 2 3 2 2 3 3 4 2 2 2 4 3 4 3 3 4 2 3 5 3 3 3 4 3 2 2 0 3 5 4 2 1 4 4 3 1 1 3 3 4 5 3 2 3 3 1 2 4 2 2 4 3 3 2 3 3 4 5 2 2 5 2 2 3 3 4 5 3 2 4 4 4 3 1 2 2 2 4 3 3 3 3 2 5 4 3 3 3 3 2 4 3 2 3 2 2 3 3 2 4 3 3 2 4 3 5 4 2 1 2 3 5 3 3 2 3 3 5 2 2 3 3 3 4 3 3 3 2 4 3 2 2 3 2 4 3 1 4 3 2 4 4 3 3 4 3 4 3 2 2 3 3 2 4 3 3 3 2 2 3 2 2 3 3 2 3 5 
10 8 6 12 11 8 10 4 7 13 11 11 12 15 13 15 14 10 9 11 12 6 13 11 10 6 13 8 7 12 12 13 12 4 15 12 16 14 6 5 12 9 13 8 8 13 9 6 7 9 10 10 9 4 9 10 6 10 9 6 13 12 9 10 5 12 11 11 6 13 5 10 14 10 12 19 12 11 12 9 11 7 11 18 13 13 11 8 6 14 12 12 10 11 13 16 10 7 3 8 14 9 12 7 12 9 8 12 7 12 11 14 14 6 14 8 10 14 15 10 8 3 8 4 5 6 13 12 11 8 11 8 11 8 3 9 14 13 12 9 11 14 4 13 7 13 3 5 7 14 9 7 4 10 7 11 12 4 8 7 5 12 10 14 21 10 5 9 5 8 10 14 12 10 11 9 13 10 9 15 8 11 8 5 14 10 8 3 9 16 14 9 4 10 9 5 8 3 0 7 
8 9 4 9 9 9 0 8 9 10 6 7 4 4 5 9 11 5 7 13 6 10 10 12 10 6 7 3 8 12 11 6 10 9 8 14 4 6 10 11 10 9 8 8 3 5 4 11 10 9 3 9 6 10 9 7 7 10 5 6 9 7 11 10 8 8 9 6 12 10 4 7 4 9 3 10 9 12 9 8 9 5 11 5 2 11 7 10 7 2 10 9 5 7 8 11 10 8 7 7 6 9 4 11 5 7 5 8 14 4 7 11 10 7 8 8 9 4 3 10 10 16 7 12 11 10 5 8 7 9 8 11 9 13 10 10 10 5 13 13 10 11 3 5 9 13 10 4 12 5 7 8 8 9 9 4 7 6 5 9 17 8 11 8 11 7 9 9 9 8 6 6 8 10 6 10 9 5 3 7 8 10 2 8 7 9 5 8 9 10 8 10 13 8 6 11 10 12 8 10 
2 3 3 2 3 0 3 3 3 4 4 3 3 4 3 4 2 4 3 3 5 3 1 3 3 3 2 5 3 3 3 2 2 5 3 3 5 4 2 4 2 2 3 2 3 3 1 4 2 2 2 3 3 4 1 3 3 3 5 4 2 3 3 3 2 1 3 2 4 3 3 4 3 3 2 3 4 2 3 2 1 3 3 2 4 3 2 2 3 3 2 3 3 4 3 1 3 4 4 4 2 4 4 2 5 3 3 2 4 4 3 2 4 4 1 5 3 3 3 3 3 5 5 3 3 2 2 2 4 3 2 2 3 2 5 3 2 2 1 5 3 3 2 3 2 3 4 3 4 5 2 2 3 3 4 3 3 4 2 4 5 3 3 4 4 3 3 3 3 1 3 2 2 1 3 3 3 3 3 3 3 3 3 3 3 3 3 2 5 3 3 3 4 3 2 2 4 4 4 3 
1 1 1 1 1 1 1 1 1 1 1 1 1 2 1 1 1 1 1 0 1 1 1 2 1 1 1 1 1 1 1 1 1 1 1 1 1 1 1 1 1 1 1 1 0 1 1 0 1 1 0 1 0 1 2 1 1 1 1 1 0 1 1 1 0 1 1 1 1 1 1 0 1 1 1 2 1 0 1 1 1 0 1 1 2 1 1 1 1 1 1 1 1 1 1 1 1 1 1 1 1 1 1 1 1 1 1 1 1 1 1 1 1 1 1 1 1 1 0 1 1 1 1 0 1 1 2 1 1 1 1 1 1 1 1 2 1 1 1 1 1 0 1 1 1 1 1 1 1 1 1 1 1 1 1 0 0 1 1 1 1 1 1 1 1 1 0 0 1 1 1 1 1 1 1 1 1 1 1 1 1 1 1 1 1 1 0 1 1 1 1 1 1 1 1 1 2 1 1 1 
15 10 7 11 13 3 10 10 9 9 13 11 13 0 11 10 7 12 10 7 16 3 7 11 12 14 4 12 9 11 15 8 11 15 9 14 12 12 13 11 9 9 6 12 7 3 15 11 17 13 8 14 11 9 7 6 13 7 15 8 11 13 13 8 8 11 7 15 12 9 4 11 12 12 11 8 7 13 14 4 8 11 10 9 10 8 14 13 10 15 16 9 12 8 2 10 18 11 8 11 11 5 16 14 9 3 14 11 11 6 14 12 9 9 11 15 4 11 13 11 12 11 13 8 8 13 10 15 8 6 6 4 5 6 13 12 14 7 10 17 15 7 12 13 10 16 10 9 15 9 13 15 13 11 7 17 8 11 8 12 8 15 10 15 12 6 11 15 8 8 13 10 8 12 10 6 9 6 11 3 12 14 11 14 2 7 16 15 10 12 13 13 5 14 10 7 11 13 6 10 
9 9 6 7 11 6 6 8 8 9 10 5 7 3 15 7 10 3 9 9 5 11 8 10 11 10 9 14 11 10 7 7 5 4 12 2 12 7 6 8 6 10 9 14 4 9 9 5 7 12 8 7 8 8 11 10 10 10 9 10 8 10 13 2 5 10 12 8 14 7 11 10 8 6 6 13 6 9 4 8 8 4 8 6 7 8 9 11 11 8 5 5 6 8 6 6 10 11 4 8 12 7 4 12 13 7 9 11 8 7 13 8 12 4 6 3 6 5 8 11 5 10 8 7 4 8 7 4 12 5 10 6 7 9 10 7 8 8 10 10 14 12 8 8 8 8 4 8 3 9 7 5 8 12 7 4 9 8 9 10 11 10 10 12 13 9 7 10 9 11 8 8 10 12 8 6 9 11 5 5 7 8 8 6 10 9 12 6 7 8 3 11 6 4 6 8 6 9 5 11 
5 8 8 11 8 7 3 5 8 6 8 8 6 6 9 4 11 6 7 6 10 7 4 6 0 7 8 6 6 14 7 8 4 8 7 7 7 7 7 12 9 11 12 7 7 7 9 9 6 5 4 5 6 12 6 10 10 6 6 9 8 7 1 11 5 7 7 9 8 9 8 7 9 7 9 7 6 7 9 1 6 6 5 4 7 7 5 8 6 9 9 6 2 7 8 2 5 10 5 8 7 5 5 11 9 6 6 9 9 7 5 8 5 4 4 9 3 11 7 5 7 8 8 6 8 9 10 10 9 5 9 11 4 7 5 5 10 5 9 10 5 4 5 4 10 8 10 7 8 6 8 6 5 9 4 8 12 4 5 8 9 4 10 6 5 8 6 11 4 3 10 7 12 5 8 9 5 6 11 6 8 5 6 6 4 9 8 3 6 7 12 1 7 10 11 8 9 4 5 4 
8 4 8 8 9 6 7 13 14 10 9 13 4 6 10 9 9 10 8 8 9 11 12 7 9 11 8 14 5 5 6 4 5 11 6 6 3 9 10 11 10 4 1 10 11 4 14 11 15 9 7 4 10 5 7 10 5 6 9 5 8 11 15 8 6 7 11 10 5 7 6 10 11 3 10 2 7 7 12 6 11 13 15 5 7 10 9 15 15 0 13 5 9 11 10 9 6 13 8 10 15 12 10 12 6 11 9 7 10 12 10 9 11 10 7 9 13 15 9 13 10 12 14 11 10 10 11 10 13 5 4 3 3 7 6 9 11 6 9 12 5 7 12 12 13 4 8 11 9 6 13 8 7 6 11 8 5 6 5 14 11 9 12 8 12 8 10 10 11 10 10 14 8 12 6 10 6 11 7 9 10 11 18 10 11 10 13 11 8 6 9 12 10 9 5 8 12 8 12 8 
14 12 13 11 13 9 5 8 10 9 11 7 13 7 11 12 6 11 10 11 12 12 16 15 13 12 11 12 2 5 15 8 7 6 10 13 12 12 15 4 11 12 12 12 9 10 10 7 7 4 8 9 8 11 9 5 8 8 11 7 12 8 7 11 9 10 7 6 14 12 10 3 2 11 7 13 6 10 11 9 6 12 6 10 8 9 10 10 7 7 1 11 16 14 16 9 5 8 10 9 18 11 6 9 7 11 6 9 12 13 5 13 10 3 12 13 11 13 10 9 13 11 9 5 13 12 6 9 14 2 13 9 11 10 10 15 10 9 8 12 9 8 13 7 5 15 4 16 7 10 10 7 10 12 14 8 13 12 4 9 3 7 12 3 11 10 14 12 3 5 10 11 8 6 15 7 9 10 5 15 8 11 6 14 1 10 11 7 9 8 12 5 4 13 11 14 9 3 6 12 
7 6 4 4 4 6 5 3 5 3 2 2 4 2 6 5 6 7 5 6 5 6 5 2 4 5 3 4 6 7 3 4 8 5 7 5 5 5 4 7 4 4 6 4 8 4 5 6 7 5 4 7 5 4 6 6 8 8 7 3 6 8 5 5 6 4 4 3 5 5 4 5 5 7 4 3 6 5 6 4 4 3 5 2 6 3 5 7 7 2 4 6 5 8 5 4 6 5 5 5 5 7 6 5 8 4 5 6 3 7 4 3 3 5 6 5 2 3 5 8 6 3 6 4 3 7 6 3 5 3 5 4 7 4 4 8 4 2 6 3 5 0 6 6 8 5 7 6 4 3 4 3 6 4 7 5 7 3 7 7 2 3 3 4 4 6 7 4 4 6 6 5 5 7 6 4 4 6 5 2 5 7 5 4 4 5 4 5 5 6 6 4 6 6 3 9 6 2 2 6 
4 4 7 5 6 5 5 4 5 5 6 6 4 9 4 3 5 4 3 5 3 6 6 8 6 6 1 4 3 3 7 4 4 4 4 5 6 5 6 6 5 6 3 7 6 3 5 5 3 5 7 4 6 4 6 4 7 4 10 6 4 6 2 6 7 3 6 5 7 4 2 7 4 2 6 6 3 6 4 5 8 3 6 5 5 7 9 3 5 6 8 5 7 5 4 2 4 4 6 5 6 5 4 6 4 5 8 4 5 7 4 5 6 5 5 6 6 5 9 7 3 5 5 4 4 8 5 8 4 3 3 3 5 6 5 4 3 6 3 4 6 4 4 8 6 4 7 4 6 2 3 4 8 8 4 7 5 6 5 2 5 7 7 4 5 5 5 4 9 3 3 6 4 2 5 6 5 6 5 4 6 8 2 5 6 2 3 5 3 3 6 6 4 6 8 7 5 4 4 4 
1 0 1 1 1 1 1 1 1 1 1 2 0 1 1 1 1 1 1 0 1 1 1 1 1 1 0 1 1 1 1 1 1 1 0 1 1 1 2 1 1 1 2 1 1 1 2 1 1 1 1 1 1 1 1 1 1 1 1 1 1 1 1 1 1 1 2 1 1 1 1 1 1 1 1 1 1 1 1 1 1 1 1 1 2 1 1 1 1 1 1 1 1 1 1 1 2 1 1 1 0 1 1 1 1 1 1 1 1 1 1 1 1 1 1 1 1 1 2 1 1 1 1 0 1 1 1 1 2 1 1 1 1 2 2 1 1 1 1 1 1 1 1 1 1 1 1 1 1 1 2 1 1 1 1 1 1 1 1 1 1 1 0 1 1 1 1 1 1 1 1 1 1 0 1 1 1 1 1 1 1 1 1 1 1 1 1 0 1 1 1 1 1 1 2 0 1 1 1 1 
2 3 3 2 2 2 1 2 2 1 2 2 2 1 1 2 2 2 2 2 2 2 2 3 2 2 2 2 2 1 1 2 2 3 1 2 2 2 1 1 2 3 2 2 1 3 2 2 1 2 2 2 1 1 1 1 2 2 2 1 0 2 3 1 2 2 2 3 2 1 3 2 1 3 2 2 2 2 1 1 1 1 2 1 1 2 1 2 2 1 3 2 2 2 2 3 2 2 1 2 1 2 1 2 2 2 2 2 1 2 3 1 1 2 2 2 2 1 3 3 0 3 0 1 1 2 0 2 2 2 1 1 2 2 4 3 3 3 1 3 2 2 3 1 3 2 2 1 2 2 2 2 2 1 2 2 2 2 3 2 2 3 3 3 2 2 1 2 2 3 2 2 2 1 2 2 1 1 2 1 2 2 2 2 2 3 2 3 3 2 3 2 2 2 2 1 1 3 3 2 
10 8 10 15 8 10 10 6 16 11 9 12 8 6 5 10 12 7 11 10 12 9 10 17 12 11 11 11 8 7 9 9 8 10 7 11 5 11 7 8 16 9 4 6 12 15 12 8 10 4 13 12 8 19 10 10 11 11 8 14 11 15 3 9 8 10 10 11 7 12 13 12 11 8 5 4 6 5 9 9 11 6 10 13 11 6 6 9 13 12 8 7 17 9 1 15 6 10 10 6 8 9 16 8 9 10 7 12 10 10 8 8 7 9 6 12 11 9 12 11 9 13 7 9 15 7 4 9 10 9 8 10 12 10 9 8 11 13 14 8 9 11 9 14 14 6 13 13 16 12 14 8 7 7 7 10 14 13 9 12 6 10 14 1 11 10 11 9 1 10 7 15 12 12 9 6 10 5 10 13 17 5 7 12 5 7 10 9 11 8 10 11 3 9 16 9 11 13 8 7 
5 3 2 3 3 3 1 3 3 2 5 2 3 4 3 4 3 3 2 5 2 2 2 3 3 3 3 2 4 3 1 2 3 4 2 4 4 3 3 3 3 2 2 4 5 4 4 2 2 2 3 3 5 5 4 2 3 3 2 3 4 2 4 5 4 1 4 3 2 2 3 1 3 2 2 3 3 2 2 2 1 4 4 3 4 5 2 4 2 5 3 4 4 3 3 4 4 5 2 3 4 1 3 2 4 4 2 2 3 3 4 3 3 3 3 3 3 3 1 5 3 3 3 2 3 2 2 2 3 2 4 4 4 4 1 4 2 4 2 3 2 4 3 3 2 4 2 2 2 4 2 4 3 4 4 3 3 4 4 4 3 1 3 3 3 4 2 1 1 4 2 4 5 2 3 3 3 4 4 2 2 3 5 5 3 4 2 3 4 2 1 5 3 4 3 2 3 3 2 3 
11 9 6 7 12 8 7 8 8 12 11 15 10 11 8 9 8 8 9 10 12 6 4 6 9 4 11 5 9 10 8 9 8 10 12 5 5 6 9 11 7 9 11 10 7 9 7 13 13 8 10 6 11 10 8 14 7 5 13 3 11 10 15 14 8 8 9 6 13 7 8 11 10 10 8 7 6 12 5 10 9 11 6 6 6 7 6 13 9 11 9 2 5 10 6 7 10 11 7 5 13 5 10 10 9 4 9 9 8 10 7 16 5 9 11 8 8 12 13 5 3 9 11 9 10 6 5 9 10 10 12 13 5 10 15 7 11 12 11 11 9 8 11 8 13 11 2 12 10 17 13 6 9 8 7 8 15 7 12 6 5 8 5 8 13 8 10 8 10 7 13 8 6 11 15 10 9 6 10 7 12 6 11 7 15 9 12 11 11 6 8 11 8 5 9 11 11 6 7 11 
3 2 2 3 2 2 1 3 1 1 2 0 2 2 1 2 2 2 3 1 3 2 2 1 1 1 2 2 2 1 2 0 2 2 2 3 2 1 3 1 4 1 2 2 2 3 2 3 2 2 1 2 3 2 3 4 2 2 2 2 1 2 2 2 3 1 2 1 0 1 2 2 3 1 3 3 2 1 3 3 2 3 3 3 3 2 2 3 2 2 3 1 2 3 2 2 2 2 2 2 2 2 2 2 3 3 2 1 2 2 1 2 1 2 2 3 3 2 2 3 2 2 2 2 2 2 2 3 2 2 3 2 3 3 3 3 1 2 2 2 2 3 3 2 3 3 2 2 3 2 2 2 3 3 3 4 2 3 1 2 3 1 2 3 1 1 2 0 2 2 4 3 3 1 3 2 1 2 2 2 1 2 1 2 0 3 2 2 3 1 2 1 2 2 2 3 1 3 1 3 
1 2 3 2 2 2 3 3 1 2 3 2 1 2 3 1 2 2 2 1 2 1 2 2 2 2 2 2 2 2 1 1 1 0 2 2 2 2 3 2 2 3 2 2 2 3 3 1 2 2 2 2 1 2 3 3 3 2 3 3 2 2 2 2 2 2 2 2 3 1 2 1 2 2 2 3 1 2 2 4 1 2 1 1 2 2 2 2 2 1 2 2 3 2 2 2 1 0 1 2 2 2 2 1 2 2 3 3 3 3 3 2 2 3 2 2 2 0 2 3 2 3 2 2 2 3 2 2 2 1 2 2 2 3 2 1 2 1 2 2 2 3 2 2 2 3 3 3 2 3 2 2 2 2 1 2 2 1 3 2 3 2 1 2 2 1 2 2 2 2 3 1 1 1 2 2 2 2 2 1 2 1 2 2 2 3 2 3 1 1 1 2 1 3 1 2 2 2 3 2 
7 4 5 7 7 4 4 4 6 5 5 3 4 6 6 0 6 5 4 5 6 5 8 5 6 5 6 5 4 5 5 3 7 4 6 4 3 7 5 6 4 8 3 1 7 3 7 6 5 6 4 5 4 2 4 5 4 5 5 3 6 6 6 5 4 5 5 5 5 5 5 4 6 6 4 4 5 4 3 8 4 5 5 2 5 7 4 5 7 7 4 7 5 7 7 7 6 4 5 5 5 5 3 4 6 3 6 5 6 4 9 1 2 5 4 4 8 5 6 6 1 5 6 5 7 3 5 1 4 6 5 6 3 4 5 10 5 4 7 6 6 7 3 5 1 4 4 7 5 3 4 7 6 8 4 4 4 6 6 7 1 6 6 8 3 5 4 5 6 5 5 6 2 1 3 5 5 4 6 8 6 8 5 3 6 5 7 5 5 1 5 6 4 3 5 4 3 5 5 8 
2 2 2 1 2 1 3 2 2 3 1 2 2 1 2 2 2 1 2 2 2 2 2 2 4 2 2 2 2 4 0 2 2 2 2 2 1 1 2 3 2 1 3 3 2 2 1 2 2 2 2 3 2 3 2 2 2 3 2 3 1 0 2 2 1 1 2 2 3 2 2 2 2 3 2 0 2 1 2 2 3 2 2 3 2 1 1 2 2 2 2 3 3 1 2 1 2 2 2 3 2 3 3 1 3 2 2 1 3 3 2 2 2 2 2 2 2 2 1 2 1 1 3 1 2 2 3 2 2 1 1 3 2 2 2 1 2 2 1 0 3 3 2 2 2 2 2 3 1 0 2 2 1 2 1 2 2 1 2 2 3 3 2 2 3 1 1 2 2 3 2 2 2 1 2 2 2 3 1 2 1 2 2 1 3 3 5 3 2 2 2 1 2 2 3 1 3 3 2 3 
4 7 6 8 2 7 3 3 6 4 6 3 9 4 5 5 9 3 6 9 9 5 9 7 5 6 3 6 7 5 7 6 8 3 7 4 2 8 4 5 5 9 6 5 7 8 6 3 7 4 7 8 4 8 8 4 10 4 6 8 6 10 9 7 5 3 4 7 7 5 4 4 9 6 9 7 2 4 5 7 6 6 7 3 5 4 4 6 11 6 7 3 5 5 7 4 8 5 6 6 5 6 5 5 7 5 8 9 10 10 3 5 5 4 2 5 4 5 6 4 4 6 4 4 6 5 9 9 4 7 4 5 2 9 5 7 5 5 3 2 2 7 4 11 6 4 2 5 7 7 3 5 6 9 8 5 11 6 5 7 7 7 5 4 3 5 6 5 8 9 7 3 2 6 6 4 7 6 5 7 8 6 6 7 2 6 3 3 7 7 3 4 6 5 7 6 6 3 5 7 
