NAME  : Jabali_50_4_0.85_1_1
TYPE : SVRP
MODEL : FINITE_SUPPORT
NUMBER_OF_SCENARIOS : 200
DIMENSION : 50
EDGE_WEIGHT_TYPE : MATRIX
CAPACITY : 88
N_VEHICLES : 4
NODE_COORD_SECTION
1 3204 3390
2 2925 7696
3 1679 6934
4 7589 4074
5 6812 3289
6 5496 3961
7 165 3503
8 2277 6812
9 5112 18
10 3410 2571
11 5696 1384
12 4572 6355
13 7380 5905
14 1425 1216
15 308 2243
16 2050 3162
17 3647 3831
18 6438 2563
19 4003 6159
20 5059 3055
21 2137 8518
22 3269 3540
23 7091 4571
24 4899 6055
25 1898 6964
26 4788 2356
27 7072 5086
28 2686 7442
29 4495 6245
30 5653 2247
31 2882 8474
32 4209 6072
33 2279 2046
34 7944 5250
35 3060 5767
36 6550 6052
37 4446 7910
38 3288 8354
39 2182 7808
40 3154 3826
41 1334 3927
42 3545 5399
43 4030 2136
44 2429 4769
45 8272 5619
46 5832 490
47 2437 1093
48 6028 4883
49 27 4365
50 5447 7142
DEMAND_SECTION
1 0.0
2 8.0
3 3.0
4 7.0
5 3.0
6 6.0
7 6.0
8 1.0
9 8.0
10 10.0
11 9.0
12 8.0
13 9.0
14 10.0
15 3.0
16 4.0
17 9.0
18 1.0
19 10.0
20 1.0
21 3.0
22 5.0
23 9.0
24 3.0
25 3.0
26 8.0
27 10.0
28 10.0
29 10.0
30 10.0
31 5.0
32 7.0
33 9.0
34 2.0
35 6.0
36 5.0
37 5.0
38 6.0
39 4.0
40 6.0
41 7.0
42 3.0
43 1.0
44 8.0
45 5.0
46 6.0
47 7.0
48 8.0
49 10.0
50 5.0
DEVIATION_SECTION
1 0.0
2 2.66667
3 1.0
4 2.33333
5 1.0
6 2.0
7 2.0
8 0.333333
9 2.66667
10 3.33333
11 3.0
12 2.66667
13 3.0
14 3.33333
15 1.0
16 1.33333
17 3.0
18 0.333333
19 3.33333
20 0.333333
21 1.0
22 1.66667
23 3.0
24 1.0
25 1.0
26 2.66667
27 3.33333
28 3.33333
29 3.33333
30 3.33333
31 1.66667
32 2.33333
33 3.0
34 0.666667
35 2.0
36 1.66667
37 1.66667
38 2.0
39 1.33333
40 2.0
41 2.33333
42 1.0
43 0.333333
44 2.66667
45 1.66667
46 2.0
47 2.33333
48 2.66667
49 3.33333
50 1.66667
DISTANCE_MATRIX
0.0 56.8283 50.8075 57.2014 47.0106 30.4138 43.9183 46.6418 53.8238 12.2066 43.4166 42.0082 67.1607 38.7043 46.9501 16.134 8.06226 43.7379 40.4669 24.5153 68.8056 1.41421 52.5669 40.2019 49.7582 25.4951 56.3667 53.8681 42.4554 36.0139 67.1223 40.0594 24.1172 67.2732 30.7269 59.2485 64.3962 65.897 59.4672 5.0 28.5138 29.5379 20.8087 20.6155 73.2325 53.3104 33.2415 43.648 48.1528 55.7795 
56.8283 0.0 18.3576 80.5047 80.6536 60.8459 67.0298 14.1421 107.852 68.3036 93.2309 29.8329 64.6297 92.1628 79.511 69.2376 63.0924 84.6463 26.8328 69.3397 14.8661 55.4708 71.3442 34.7131 16.5529 76.0592 67.0298 4.12311 28.8617 82.6801 10.2956 28.2312 77.5757 75.326 26.6271 54.0833 20.8087 10.0 9.48683 51.8872 54.7449 33.2415 76.8843 40.4969 77.1038 104.809 87.6637 57.4891 59.8415 35.171 
50.8075 18.3576 0.0 89.2749 86.3713 65.2763 51.4782 7.28011 104.561 62.2013 93.5294 39.0512 77.1622 75.4895 65.521 50.5869 63.1387 88.0738 33.2415 70.5195 21.587 49.45 80.5047 43.9318 2.23607 76.106 77.286 14.4222 38.0789 83.8153 25.318 35.3553 71.4004 87.0919 24.7386 65.8027 38.2099 27.5136 13.0 45.8664 42.0476 32.9848 71.5652 31.8277 89.8109 104.039 81.4884 65.0692 43.0116 49.7393 
57.2014 80.5047 89.2749 0.0 15.2971 27.6627 100.667 82.1523 65.0308 58.7963 45.1774 51.0392 24.0832 89.4036 99.8686 72.8828 54.5487 26.1725 56.0803 36.4005 95.0368 57.4282 9.21954 46.0435 87.2067 44.2945 14.7648 81.1647 52.0384 36.4005 86.885 54.037 77.0357 16.7631 66.2873 28.6356 66.4078 82.2253 89.2192 58.9097 85.2625 58.9406 54.3783 73.1566 22.3607 55.0818 79.0759 24.3311 103.527 49.3964 
47.0106 80.6536 86.3713 15.2971 0.0 21.095 90.0333 79.642 50.01 46.2277 30.0167 50.9215 35.4683 75.8222 87.4586 62.1772 45.4559 11.0 54.3936 23.6008 95.5092 47.5395 18.0278 46.2385 84.4808 30.0 24.1661 80.5417 51.8652 21.1896 88.3912 52.6527 64.6281 31.0644 62.0322 35.4683 71.2723 84.1812 88.5548 49.6488 74.5787 54.0 40.4599 64.6848 37.0135 40.4475 65.0 23.7065 94.3657 54.7299 
30.4138 60.8459 65.2763 27.6627 21.095 0.0 74.1016 58.5509 56.4624 34.4384 37.7359 45.5825 37.2462 65.7419 74.7773 46.3174 27.4945 24.6982 34.0131 16.1245 75.6308 30.4795 23.011 40.9418 63.3877 26.1725 26.4945 60.1359 46.5215 26.0768 83.0927 32.7678 51.9444 37.401 41.0 33.7944 65.7991 78.9286 67.9897 31.8555 61.9107 33.0606 33.3766 45.5066 43.3603 49.93 56.921 18.8764 76.4729 52.9726 
43.9183 67.0298 51.4782 100.667 90.0333 74.1016 0.0 53.0 80.3057 45.9408 79.0759 67.5352 103.162 32.2025 16.2788 27.859 50.0915 85.5959 60.8358 66.8326 72.9932 44.5452 96.0798 70.0681 52.2398 64.2597 97.3462 63.0079 67.082 76.2378 76.0592 62.6099 41.7131 109.335 48.1041 91.5001 81.2527 77.026 64.3817 46.7263 17.0294 49.8197 54.36 33.1773 114.536 85.0529 41.0 82.303 11.3137 84.0952 
46.6418 14.1421 7.28011 82.1523 79.642 58.5509 53.0 0.0 100.395 58.1171 87.7783 31.7805 69.8928 75.394 65.9242 49.7134 57.3876 81.7435 26.0768 64.622 22.4722 45.2843 73.3348 36.6742 5.09902 70.3549 70.037 10.0499 30.8058 78.0 23.1948 28.1603 67.3892 79.8123 18.7883 58.5235 32.2025 24.0832 13.0384 41.7007 41.4849 26.9258 67.3995 28.8444 82.5409 99.1357 77.4773 58.0086 45.7056 42.72 
53.8238 107.852 104.561 65.0308 50.01 56.4624 80.3057 100.395 0.0 42.5441 20.0998 83.006 84.1724 51.4782 69.1809 59.808 59.5483 39.0128 82.2192 41.1825 122.057 55.2178 67.3647 80.3481 103.512 32.2025 72.8354 106.245 83.6002 31.0483 117.517 81.6884 55.0833 81.0555 83.3611 81.3335 105.437 114.642 113.221 58.8218 71.853 75.2854 33.0151 73.4632 87.023 11.1803 40.05 66.4154 89.2693 95.6508 
12.2066 68.3036 62.2013 58.7963 46.2277 34.4384 45.9408 58.1171 42.5441 0.0 35.0143 48.9929 69.2244 31.305 41.2311 19.0 19.6977 40.2492 47.4516 22.6716 80.2809 13.6015 54.9892 47.1866 61.2209 18.6815 58.4727 65.3434 49.4401 30.3645 78.5976 47.0441 18.4018 69.3791 42.2022 66.0799 71.3809 77.3723 70.9425 17.0294 32.0156 40.4972 10.198 30.9413 75.3385 43.4166 23.1948 50.8545 51.3517 62.7642 
43.4166 93.2309 93.5294 45.1774 30.0167 37.7359 79.0759 87.7783 20.0998 35.0143 0.0 66.5471 64.1327 55.9464 71.5122 54.0093 47.0106 19.0263 66.8431 24.0832 107.615 44.643 47.2652 63.8355 92.0009 18.0278 52.7731 91.8096 67.2095 11.6619 102.616 65.9469 51.4072 61.0082 68.9927 61.6037 88.9258 99.3579 99.1262 48.0833 67.0 60.9171 25.02 64.0312 67.0 12.2066 43.909 46.6857 86.1452 80.7819 
42.0082 29.8329 39.0512 51.0392 50.9215 45.5825 67.5352 31.7805 83.006 48.9929 66.5471 0.0 38.4838 79.4105 77.2037 58.0298 39.022 57.1857 7.07107 42.4852 44.643 42.0082 42.0 5.0 36.8782 50.8035 38.3275 30.1496 1.0 55.4481 37.5766 5.0 64.8234 48.0833 20.5183 26.9258 22.4722 33.6155 38.2099 43.3831 52.2485 18.0278 52.8015 34.4384 51.0784 78.5517 72.1567 27.6586 65.0 16.7631 
67.1607 64.6297 77.1622 24.0832 35.4683 37.2462 103.162 69.8928 84.1724 69.2244 64.1327 38.4838 0.0 100.344 111.602 83.1823 64.1745 45.8803 45.1774 47.9737 78.1025 67.1607 17.4642 34.0 74.9466 57.4429 11.4018 66.2873 39.3954 53.3385 69.0 42.9418 88.7692 11.1803 58.0118 11.6619 47.0956 64.0078 73.9797 68.5355 87.8721 53.4074 66.3363 69.9852 12.6491 75.4321 90.7414 24.0891 101.478 30.0 
38.7043 92.1628 75.4895 89.4036 75.8222 65.7419 32.2025 75.394 51.4782 31.305 55.9464 79.4105 100.344 0.0 18.1108 33.7936 46.607 67.9412 79.4136 53.0094 96.9418 39.6148 86.1091 77.6041 75.7538 45.9674 89.5925 89.2026 79.8576 56.7274 102.457 79.0061 28.587 100.499 66.0613 95.4346 99.7029 101.231 87.8007 41.8671 34.4024 64.8723 35.3836 54.7116 106.458 58.5235 12.083 81.9744 43.0465 93.1817 
46.9501 79.511 65.521 99.8686 87.4586 74.7773 16.2788 65.9242 69.1809 41.2311 71.5122 77.2037 111.602 18.1108 0.0 34.6788 58.3626 80.9938 70.5101 63.8916 87.0919 47.8606 95.8227 79.7337 65.9697 58.8303 99.3061 75.6637 76.7477 70.3278 89.1067 72.2755 36.8329 110.213 57.9878 101.166 91.7088 89.4539 78.1025 53.6011 25.1091 59.4854 48.3735 42.843 116.172 75.505 29.1548 91.688 27.5862 93.7677 
16.134 69.2376 50.5869 72.8828 62.1772 46.3174 27.859 49.7134 59.808 19.0 54.0093 58.0298 83.1823 33.7936 34.6788 0.0 23.7035 57.8705 56.4885 39.0 71.6939 16.7609 68.2956 56.2234 50.5727 37.3363 71.779 66.2774 58.4769 48.8365 79.5316 56.081 19.2066 82.6855 43.1362 75.27 76.7777 78.3063 62.4015 18.942 13.0384 41.9472 29.0689 26.0482 89.254 61.9839 29.2946 59.6695 32.5576 71.801 
8.06226 63.0924 63.1387 54.5487 45.4559 27.4945 50.0915 57.3876 59.5483 19.6977 47.0106 39.022 64.1745 46.607 58.3626 23.7035 0.0 44.0 37.4807 25.1794 77.2976 7.0 49.897 37.2156 61.6101 29.0689 53.3805 61.4863 39.4692 38.0789 72.7578 37.0732 32.02 64.287 38.602 56.2623 61.4099 69.883 68.7379 5.83095 34.8019 30.5263 26.9072 19.2354 70.2463 57.8014 41.3038 40.6618 49.3642 52.7932 
43.7379 84.6463 88.0738 26.1725 11.0 24.6982 85.5959 81.7435 39.0128 40.2492 19.0263 57.1857 45.8803 67.9412 80.9938 57.8705 44.0 0.0 57.8135 19.2354 99.4312 44.5533 28.6356 52.545 86.3481 22.2036 34.4819 83.9345 57.6167 11.4018 93.46 56.5682 58.4782 42.0476 63.3482 44.4185 77.4023 90.5318 91.7606 47.2652 70.6045 55.109 32.8024 63.0714 48.0104 29.6142 56.5862 30.4796 90.2497 64.5758 
40.4669 26.8328 33.2415 56.0803 54.3936 34.0131 60.8358 26.0768 82.2192 47.4516 66.8431 7.07107 45.1774 79.4136 70.5101 56.4885 37.4807 57.8135 0.0 42.8019 41.6293 40.4669 47.2652 11.1803 31.1448 50.2096 44.3422 26.2488 6.40312 56.0357 35.805 2.23607 64.8266 54.4243 13.4536 33.541 25.0 32.5576 34.2053 36.2199 45.5548 12.0416 51.2727 27.8568 57.6975 78.6448 69.3223 32.0156 58.0086 23.2594 
24.5153 69.3397 70.5195 36.4005 23.6008 16.1245 66.8326 64.622 41.1825 22.6716 24.0832 42.4852 47.9737 53.0094 63.8916 39.0 25.1794 19.2354 42.8019 0.0 83.863 25.318 33.6155 39.7737 68.9493 10.0499 37.222 68.0955 43.1477 13.4164 78.6003 41.8688 41.0588 48.1041 45.8803 44.5219 64.864 75.2861 75.591 28.0713 51.5553 37.6962 18.3848 44.0 54.0833 36.0694 42.9418 29.6038 71.1943 55.0763 
68.8056 14.8661 21.587 95.0368 95.5092 75.6308 72.9932 22.4722 122.057 80.2809 107.615 44.643 78.1025 96.9418 87.0919 71.6939 77.2976 99.4312 41.6293 83.863 0.0 67.448 85.8429 49.4773 21.1896 90.2649 81.3019 15.8114 43.6807 97.2471 9.84886 43.0813 89.553 89.0225 39.6232 68.0294 31.7805 14.8661 9.43398 63.8644 63.3246 47.0106 89.5632 51.3128 90.3549 119.046 99.641 72.2772 64.1249 48.1664 
1.41421 55.4708 49.45 57.4282 47.5395 30.4795 44.5452 45.2843 55.2178 13.6015 44.643 42.0082 67.1607 39.6148 47.8606 16.7609 7.0 44.5533 40.4669 25.318 67.448 0.0 52.8832 40.2019 48.4006 26.6833 56.3667 52.5106 42.4554 37.054 65.7647 40.0594 25.0278 67.2732 29.3693 59.2485 64.3962 64.5395 58.1096 3.60555 29.1407 28.1803 22.2036 19.4165 73.2325 54.626 34.3657 43.648 48.7797 55.7795 
52.5669 71.3442 80.5047 9.21954 18.0278 23.011 96.0798 73.3348 67.3647 54.9892 47.2652 42.0 17.4642 86.1091 95.8227 68.2956 49.897 28.6356 47.2652 33.6155 85.8429 52.8832 0.0 37.0 78.4092 42.72 6.40312 72.0625 43.0 37.0135 77.666 45.1774 72.9898 14.5602 57.9741 19.7231 57.2451 73.0068 80.0999 54.258 83.1646 50.9215 52.0 65.3491 20.6155 58.2495 76.4853 16.1555 97.2289 40.3113 
40.2019 34.7131 43.9318 46.0435 46.2385 40.9418 70.0681 36.6742 80.3481 47.1866 63.8355 5.0 34.0 77.6041 79.7337 56.2234 37.2156 52.545 11.1803 39.7737 49.4773 40.2019 37.0 0.0 41.7732 48.1557 33.3766 35.1283 6.0 52.7366 42.1545 8.94427 63.017 43.3244 24.2074 22.3607 25.4951 38.0132 43.1856 41.5767 54.7785 20.2485 50.9215 36.8917 46.5188 75.8402 70.3503 22.8035 68.1175 16.0 
49.7582 16.5529 2.23607 87.2067 84.4808 63.3877 52.2398 5.09902 103.512 61.2209 92.0009 36.8782 74.9466 75.7538 65.9697 50.5727 61.6101 86.3481 31.1448 68.9493 21.1896 48.4006 78.4092 41.7732 0.0 74.5774 75.1352 12.53 35.9026 82.28 24.0832 33.2415 70.448 84.8999 23.0868 63.6003 36.1248 25.9615 12.1655 44.817 42.1545 31.3209 70.5159 31.1448 87.5957 102.99 80.536 63.0317 44.1022 47.5079 
25.4951 76.0592 76.106 44.2945 30.0 26.1725 64.2597 70.3549 32.2025 18.6815 18.0278 50.8035 57.4429 45.9674 58.8303 37.3363 29.0689 22.2036 50.2096 10.0499 90.2649 26.6833 42.72 48.1557 74.5774 0.0 46.6912 74.4536 51.4004 11.7047 85.703 49.5782 36.5466 57.28 51.5693 53.9911 73.2393 82.7345 81.7052 30.0832 50.3587 43.4936 10.6301 46.0977 63.3246 28.8444 35.0 39.0731 69.8713 63.4583 
56.3667 67.0298 77.286 14.7648 24.1661 26.4945 97.3462 70.037 72.8354 58.4727 52.7731 38.3275 11.4018 89.5925 99.3061 71.779 53.3805 34.4819 44.3422 37.222 81.3019 56.3667 6.40312 33.3766 75.1352 46.6912 0.0 68.0294 39.3192 42.107 72.8354 42.1185 76.4733 12.0416 56.1941 13.9284 51.923 68.0661 76.0066 57.7415 82.0565 49.4396 55.5846 64.2411 17.4929 64.0312 79.9897 15.5563 96.1209 34.7851 
53.8681 4.12311 14.4222 81.1647 80.5417 60.1359 63.0079 10.0499 106.245 65.3434 91.8096 30.1496 66.2873 89.2026 75.6637 66.2774 61.4863 83.9345 26.2488 68.0955 15.8114 52.5106 72.0625 35.1283 12.53 74.4536 68.0294 0.0 29.1548 81.4923 13.6015 27.8927 74.6155 76.7919 24.0832 55.4437 24.0832 14.0357 8.06226 48.927 50.9902 31.241 75.2782 37.1618 78.8543 103.234 84.7035 57.7062 55.7315 37.3363 
42.4554 28.8617 38.0789 52.0384 51.8652 46.5215 67.082 30.8058 83.6002 49.4401 67.2095 1.0 39.3954 79.8576 76.7477 58.4769 39.4692 57.6167 6.40312 43.1477 43.6807 42.4554 43.0 6.0 35.9026 51.4004 39.3192 29.1548 0.0 56.1106 36.6742 4.47214 65.2706 49.0408 19.8494 27.8568 21.9545 32.7567 37.2156 43.8302 51.7924 17.72 53.2611 34.0147 52.0 79.2142 72.6039 28.6356 64.405 17.088 
36.0139 82.6801 83.8153 36.4005 21.1896 26.0768 76.2378 78.0 31.0483 30.3645 11.6619 55.4481 53.3385 56.7274 70.3278 48.8365 38.0789 11.4018 56.0357 13.4164 97.2471 37.054 37.0135 52.7366 82.28 11.7047 42.107 81.4923 56.1106 0.0 91.8368 55.0 48.2311 51.2445 59.2368 50.2869 77.8269 88.4081 89.0056 40.1995 61.8142 51.0784 21.9545 56.3205 57.3149 23.8537 45.2548 35.3688 81.3941 69.465 
67.1223 10.2956 25.318 86.885 88.3912 83.0927 76.0592 23.1948 117.517 78.5976 102.616 37.5766 69.0 102.457 89.1067 79.5316 72.7578 93.46 35.805 78.6003 9.84886 65.7647 77.666 42.1545 24.0832 85.703 72.8354 13.6015 36.6742 91.8368 0.0 36.8917 87.8697 80.025 36.8917 59.3043 22.2036 5.09902 12.6491 62.1811 64.5368 43.2782 86.5498 50.6952 81.0987 114.337 97.9577 64.8693 68.1836 39.0 
40.0594 28.2312 35.3553 54.037 52.6527 32.7678 62.6099 28.1603 81.6884 47.0441 65.9469 5.0 42.9418 79.0061 72.2755 56.081 37.0732 56.5682 2.23607 41.8688 43.0813 40.0594 45.1774 8.94427 33.2415 49.5782 42.1185 27.8927 4.47214 55.0 36.8917 0.0 64.4191 52.2015 15.5563 31.305 24.6982 33.4215 35.9026 41.4343 47.3203 13.3417 50.8652 29.5466 55.4617 77.8332 70.2079 30.0666 60.0 21.5407 
24.1172 77.5757 71.4004 77.0357 64.6281 51.9444 41.7131 67.3892 55.0833 18.4018 51.4072 64.8234 88.7692 28.587 36.8329 19.2066 32.02 58.4782 64.8266 41.0588 89.553 25.0278 72.9898 63.017 70.448 36.5466 76.4733 74.6155 65.2706 48.2311 87.8697 64.4191 0.0 87.3798 51.4743 82.0637 85.1158 86.6444 80.2146 27.2801 30.7697 50.2853 26.6469 40.1246 93.3391 58.1566 24.088 68.8551 49.0119 78.5946 
67.2732 75.326 87.0919 16.7631 31.0644 37.401 109.335 79.8123 81.0555 69.3791 61.0082 48.0833 11.1803 100.499 110.213 82.6855 64.287 42.0476 54.4243 48.1041 89.0225 67.2732 14.5602 43.3244 84.8999 57.28 12.0416 76.7919 49.0408 51.2445 80.025 52.2015 87.3798 0.0 67.124 21.3776 58.2151 75.06 84.5931 68.648 94.0453 61.4283 66.4831 76.2299 6.08276 71.4493 90.8962 27.5862 108.11 41.0488 
30.7269 26.6271 24.7386 66.2873 62.0322 41.0 48.1041 18.7883 83.3611 42.2022 68.9927 20.5183 58.0118 66.0613 57.9878 43.1362 38.602 63.3482 13.4536 45.8803 39.6232 29.3693 57.9741 24.2074 23.0868 51.5693 56.1941 24.0832 19.8494 59.2368 36.8917 15.5563 51.4743 67.124 0.0 46.3501 34.0588 35.3412 30.6105 25.7857 33.0326 8.24621 51.4845 16.0312 70.4563 80.3501 61.0885 41.9762 44.6542 36.3593 
59.2485 54.0833 65.8027 28.6356 35.4683 33.7944 91.5001 58.5235 81.3335 66.0799 61.6037 26.9258 11.6619 95.4346 101.166 75.27 56.2623 44.4185 33.541 44.5219 68.0294 59.2485 19.7231 22.3607 63.6003 53.9911 13.9284 55.4437 27.8568 50.2869 59.3043 31.305 82.0637 21.3776 46.3501 0.0 38.0789 54.4518 63.2851 60.6233 76.2105 41.7458 62.8845 58.3236 24.1661 73.3048 89.1004 20.0168 89.8159 20.8806 
64.3962 20.8087 38.2099 66.4078 71.2723 65.7991 81.2527 32.2025 105.437 71.3809 88.9258 22.4722 47.0956 99.7029 91.7088 76.7777 61.4099 77.4023 25.0 64.864 31.7805 64.3962 57.2451 25.4951 36.1248 73.2393 51.923 24.0832 21.9545 77.8269 22.2036 24.6982 85.1158 58.2151 34.0588 38.0789 0.0 17.1172 30.0167 59.4273 66.7536 36.4966 75.2019 50.0899 59.0085 100.93 92.5297 47.5111 75.9605 17.2627 
65.897 10.0 27.5136 82.2253 84.1812 78.9286 77.026 24.0832 114.642 77.3723 99.3579 33.6155 64.0078 101.231 89.4539 78.3063 69.883 90.5318 32.5576 75.2861 14.8661 64.5395 73.0068 38.0132 25.9615 82.7345 68.0661 14.0357 32.7567 88.4081 5.09902 33.4215 86.6444 75.06 35.3412 54.4518 17.1172 0.0 15.8114 60.9559 64.6297 41.0488 83.6749 50.0 76.0592 111.198 96.7324 60.6434 69.7209 34.0147 
59.4672 9.48683 13.0 89.2192 88.5548 67.9897 64.3817 13.0384 113.221 70.9425 99.1262 38.2099 73.9797 87.8007 78.1025 62.4015 68.7379 91.7606 34.2053 75.591 9.43398 58.1096 80.0999 43.1856 12.1655 81.7052 76.0066 8.06226 37.2156 89.0056 12.6491 35.9026 80.2146 84.5931 30.6105 63.2851 30.0167 15.8114 0.0 54.526 54.0833 38.2753 80.2248 41.8808 86.4928 110.486 90.3026 65.7647 56.0089 44.643 
5.0 51.8872 45.8664 58.9097 49.6488 31.8555 46.7263 41.7007 58.8218 17.0294 48.0833 43.3831 68.5355 41.8671 53.6011 18.942 5.83095 47.2652 36.2199 28.0713 63.8644 3.60555 54.258 41.5767 44.817 30.0832 57.7415 48.927 43.8302 40.1995 62.1811 41.4343 27.2801 68.648 25.7857 60.6233 59.4273 60.9559 54.526 0.0 30.1579 24.5967 25.807 16.1245 74.6073 58.1808 36.8782 45.0228 44.7201 57.1543 
28.5138 54.7449 42.0476 85.2625 74.5787 61.9107 17.0294 41.4849 71.853 32.0156 67.0 52.2485 87.8721 34.4024 25.1091 13.0384 34.8019 70.6045 45.5548 51.5553 63.3246 29.1407 83.1646 54.7785 42.1545 50.3587 82.0565 50.9902 51.7924 61.8142 64.5368 47.3203 30.7697 94.0453 33.0326 76.2105 66.7536 64.6297 54.0833 30.1579 0.0 34.5301 42.0119 17.8877 99.2463 74.6726 40.0828 67.0133 19.6469 68.8125 
29.5379 33.2415 32.9848 58.9406 54.0 33.0606 49.8197 26.9258 75.2854 40.4972 60.9171 18.0278 53.4074 64.8723 59.4854 41.9472 30.5263 55.109 12.0416 37.6962 47.0106 28.1803 50.9215 20.2485 31.3209 43.4936 49.4396 31.241 17.72 51.0784 43.2782 13.3417 50.2853 61.4283 8.24621 41.7458 36.4966 41.0488 38.2753 24.5967 34.5301 0.0 44.3182 16.6433 65.8519 72.2745 59.8995 34.7851 48.1041 34.7851 
20.8087 76.8843 71.5652 54.3783 40.4599 33.3766 54.36 67.3995 33.0151 10.198 25.02 52.8015 66.3363 35.3836 48.3735 29.0689 26.9072 32.8024 51.2727 18.3848 89.5632 22.2036 52.0 50.9215 70.5159 10.6301 55.5846 75.2782 53.2611 21.9545 86.5498 50.8652 26.6469 66.4831 51.4845 62.8845 75.2019 83.6749 80.2248 25.807 42.0119 44.3182 0.0 40.7185 72.4504 33.2415 24.6982 47.9665 61.131 66.3084 
20.6155 40.4969 31.8277 73.1566 64.6848 45.5066 33.1773 28.8444 73.4632 30.9413 64.0312 34.4384 69.9852 54.7116 42.843 26.0482 19.2354 63.0714 27.8568 44.0 51.3128 19.4165 65.3491 36.8917 31.1448 46.0977 64.2411 37.1618 34.0147 56.3205 50.6952 29.5466 40.1246 76.2299 16.0312 58.3236 50.0899 50.0 41.8808 16.1245 17.8877 16.6433 40.7185 0.0 81.3028 73.736 50.2126 49.1979 31.8904 51.0784 
73.2325 77.1038 89.8109 22.3607 37.0135 43.3603 114.536 82.5409 87.023 75.3385 67.0 51.0784 12.6491 106.458 116.172 89.254 70.2463 48.0104 57.6975 54.0833 90.3549 73.2325 20.6155 46.5188 87.5957 63.3246 17.4929 78.8543 52.0 57.3149 81.0987 55.4617 93.3391 6.08276 70.4563 24.1661 59.0085 76.0592 86.4928 74.6073 99.2463 65.8519 72.4504 81.3028 0.0 77.3175 96.8555 32.8102 113.311 42.19 
53.3104 104.809 104.039 55.0818 40.4475 49.93 85.0529 99.1357 11.1803 43.4166 12.2066 78.5517 75.4321 58.5235 75.505 61.9839 57.8014 29.6142 78.6448 36.0694 119.046 54.626 58.2495 75.8402 102.99 28.8444 64.0312 103.234 79.2142 23.8537 114.337 77.8332 58.1566 71.4493 80.3501 73.3048 100.93 111.198 110.486 58.1808 74.6726 72.2745 33.2415 73.736 77.3175 0.0 46.5725 58.5572 93.1343 92.6534 
33.2415 87.6637 81.4884 79.0759 65.0 56.921 41.0 77.4773 40.05 23.1948 43.909 72.1567 90.7414 12.083 29.1548 29.2946 41.3038 56.5862 69.3223 42.9418 99.641 34.3657 76.4853 70.3503 80.536 35.0 79.9897 84.7035 72.6039 45.2548 97.9577 70.2079 24.088 90.8962 61.0885 89.1004 92.5297 96.7324 90.3026 36.8782 40.0828 59.8995 24.6982 50.2126 96.8555 46.5725 0.0 72.3715 50.9215 85.9279 
43.648 57.4891 65.0692 24.3311 23.7065 18.8764 82.303 58.0086 66.4154 50.8545 46.6857 27.6586 24.0891 81.9744 91.688 59.6695 40.6618 30.4796 32.0156 29.6038 72.2772 43.648 16.1555 22.8035 63.0317 39.0731 15.5563 57.7062 28.6356 35.3688 64.8693 30.0666 68.8551 27.5862 41.9762 20.0168 47.5111 60.6434 65.7647 45.0228 67.0133 34.7851 47.9665 49.1979 32.8102 58.5572 72.3715 0.0 81.0777 39.195 
48.1528 59.8415 43.0116 103.527 94.3657 76.4729 11.3137 45.7056 89.2693 51.3517 86.1452 65.0 101.478 43.0465 27.5862 32.5576 49.3642 90.2497 58.0086 71.1943 64.1249 48.7797 97.2289 68.1175 44.1022 69.8713 96.1209 55.7315 64.405 81.3941 68.1836 60.0 49.0119 108.11 44.6542 89.8159 75.9605 69.7209 56.0089 44.7201 19.6469 48.1041 61.131 31.8904 113.311 93.1343 50.9215 81.0777 0.0 80.9938 
55.7795 35.171 49.7393 49.3964 54.7299 52.9726 84.0952 42.72 95.6508 62.7642 80.7819 16.7631 30.0 93.1817 93.7677 71.801 52.7932 64.5758 23.2594 55.0763 48.1664 55.7795 40.3113 16.0 47.5079 63.4583 34.7851 37.3363 17.088 69.465 39.0 21.5407 78.5946 41.0488 36.3593 20.8806 17.2627 34.0147 44.643 57.1543 68.8125 34.7851 66.3084 51.0784 42.19 92.6534 85.9279 39.195 80.9938 0.0 
DEMAND_SCENARIO_SECTION
0 0 0 0 0 0 0 0 0 0 0 0 0 0 0 0 0 0 0 0 0 0 0 0 0 0 0 0 0 0 0 0 0 0 0 0 0 0 0 0 0 0 0 0 0 0 0 0 0 0 0 0 0 0 0 0 0 0 0 0 0 0 0 0 0 0 0 0 0 0 0 0 0 0 0 0 0 0 0 0 0 0 0 0 0 0 0 0 0 0 0 0 0 0 0 0 0 0 0 0 0 0 0 0 0 0 0 0 0 0 0 0 0 0 0 0 0 0 0 0 0 0 0 0 0 0 0 0 0 0 0 0 0 0 0 0 0 0 0 0 0 0 0 0 0 0 0 0 0 0 0 0 0 0 0 0 0 0 0 0 0 0 0 0 0 0 0 0 0 0 0 0 0 0 0 0 0 0 0 0 0 0 0 0 0 0 0 0 0 0 0 0 0 0 0 0 0 0 0 0 
10 9 13 6 9 7 11 7 7 8 10 6 9 8 13 11 3 14 7 8 3 9 6 12 8 9 7 7 11 8 7 3 8 7 9 9 4 8 7 8 11 7 9 5 6 6 4 1 9 9 9 8 8 7 11 9 6 3 3 5 7 3 8 6 5 5 9 12 8 7 7 5 10 9 10 11 7 9 11 10 11 8 8 5 10 11 7 10 8 11 7 9 9 5 5 6 9 5 12 12 8 10 6 7 15 5 11 0 6 6 7 4 8 4 5 7 11 12 5 9 9 7 10 5 12 10 8 6 13 8 8 0 7 12 3 9 8 10 6 17 13 8 9 11 8 10 8 11 2 8 7 11 6 7 8 9 9 8 7 11 12 6 8 3 5 11 13 10 11 11 8 13 9 8 9 10 11 6 12 5 14 6 8 10 13 10 5 7 5 7 4 7 7 7 10 7 3 7 7 8 
1 2 4 3 4 2 2 3 3 4 3 5 6 2 3 3 3 3 2 3 4 4 5 2 2 2 4 3 4 4 3 4 2 4 4 6 4 4 1 3 1 3 3 3 2 3 3 3 4 3 3 3 3 2 5 0 3 4 3 2 5 3 2 1 5 3 1 3 4 3 3 2 1 2 3 2 3 2 3 4 5 4 2 3 3 2 5 4 3 3 3 5 3 2 5 2 3 3 1 2 3 2 3 4 4 3 5 3 4 3 4 4 3 5 2 2 4 4 4 4 3 3 2 3 4 3 4 4 3 4 2 1 3 1 4 5 3 3 2 4 3 3 4 2 0 4 4 5 2 3 3 4 3 4 4 4 2 1 2 2 2 4 2 3 2 5 4 3 4 5 5 3 1 5 2 1 3 3 5 2 1 3 3 4 3 3 4 3 6 4 2 5 2 4 1 2 5 1 3 3 
10 10 8 7 5 7 7 8 6 6 2 10 8 7 5 10 8 5 3 11 3 4 10 7 4 7 6 7 7 7 8 9 4 13 6 8 5 6 7 3 7 8 7 8 8 11 10 5 8 4 6 8 10 4 4 6 3 6 6 9 3 6 8 7 7 4 4 7 2 7 9 3 6 9 7 5 10 7 8 7 6 7 5 6 5 7 6 12 3 10 5 6 10 7 3 9 6 8 5 3 10 6 6 12 8 10 7 8 5 6 8 7 12 6 9 5 6 9 8 6 7 4 10 5 8 4 7 9 10 5 5 6 9 7 5 7 4 11 8 7 6 9 7 9 7 6 8 8 5 6 7 9 7 9 8 4 6 2 6 5 3 13 6 10 7 7 7 9 11 8 4 11 6 7 5 8 9 14 12 9 7 4 5 4 9 8 6 9 8 8 7 2 3 9 5 5 7 5 5 5 
4 1 4 2 3 5 4 3 4 4 4 2 3 2 2 4 4 2 3 3 3 4 2 2 4 5 2 3 2 1 4 2 2 3 2 5 2 4 3 4 4 2 2 4 3 1 3 3 4 3 3 5 4 3 1 4 4 3 3 3 2 4 1 2 4 4 1 2 3 3 3 3 2 3 2 3 4 3 4 3 3 3 5 2 4 2 3 5 4 4 4 4 3 3 3 3 1 3 2 3 4 2 4 5 2 2 2 3 4 1 2 4 3 4 4 2 2 4 4 3 5 3 4 2 3 3 2 2 3 0 4 3 4 2 1 5 1 2 4 2 3 4 3 3 3 3 3 4 2 3 3 3 4 3 3 2 3 4 1 3 2 3 2 4 3 3 4 2 3 3 1 2 4 2 4 3 3 3 3 3 4 4 4 1 4 3 3 2 4 2 2 5 1 3 3 2 2 4 4 3 
6 7 5 5 4 8 6 5 6 5 7 5 7 8 6 5 3 5 5 5 7 4 5 3 7 8 6 9 5 8 6 7 7 2 5 6 3 6 3 5 6 7 7 5 5 8 9 8 6 2 4 5 7 6 9 6 7 5 4 3 6 4 2 4 6 4 5 5 7 6 7 4 4 3 6 6 5 3 7 8 6 3 6 5 7 5 7 6 7 4 4 2 3 7 3 6 7 7 8 9 4 5 6 8 7 6 5 8 5 8 6 7 7 8 5 6 6 8 5 6 3 4 8 3 5 8 3 4 7 9 4 5 6 4 6 5 6 4 5 4 5 3 3 8 4 8 5 8 8 8 6 6 5 9 7 5 7 7 7 3 7 3 5 8 3 9 7 3 4 6 7 7 10 4 6 6 3 8 7 6 8 6 5 4 7 8 8 5 3 1 5 8 6 7 5 5 9 5 6 8 
5 8 5 7 5 5 7 10 7 8 6 6 7 7 5 7 7 7 7 8 7 5 7 4 5 5 8 7 4 2 7 7 5 8 4 7 4 6 7 9 6 6 6 7 7 8 5 7 3 6 10 8 8 2 4 6 9 5 4 7 6 13 6 8 6 6 4 6 3 7 7 7 3 7 6 6 7 6 5 5 9 6 10 6 5 4 8 4 1 2 5 7 5 4 9 5 6 4 5 6 7 7 5 8 5 5 9 7 5 8 8 6 8 5 7 7 6 7 12 11 6 6 5 9 7 5 6 5 7 4 5 8 6 8 5 6 2 6 4 10 7 10 2 5 5 6 7 7 8 6 10 3 8 7 5 7 4 8 6 4 6 3 5 5 6 7 4 8 8 4 7 6 7 4 6 6 7 3 4 5 6 2 5 7 6 9 8 4 5 5 8 7 5 10 7 3 4 7 7 5 
0 1 1 1 1 1 2 1 1 1 1 1 1 1 1 1 2 1 1 1 1 1 1 1 1 1 1 1 1 1 1 1 1 1 1 1 1 0 2 1 1 1 1 1 1 1 1 1 1 1 1 1 1 1 2 1 1 0 1 1 1 1 1 2 1 1 1 1 1 1 1 1 1 1 1 1 1 1 1 1 2 1 1 1 1 1 1 1 1 2 1 1 1 2 1 1 1 2 1 1 1 0 1 1 1 1 1 1 0 1 1 1 1 1 2 2 1 1 1 1 1 1 0 1 1 1 1 1 1 1 1 1 1 1 1 1 1 1 1 1 0 1 2 1 1 1 1 1 1 1 1 1 1 2 0 1 1 1 1 1 1 1 1 1 0 1 1 1 1 1 1 1 1 0 1 0 2 1 1 1 1 1 1 1 1 2 1 0 1 1 1 1 1 1 1 1 0 1 1 1 
8 7 6 4 7 8 12 9 5 3 9 9 8 7 10 8 10 8 6 8 4 7 4 11 12 9 11 5 6 11 7 12 4 7 9 7 11 5 6 2 11 10 8 9 3 10 2 10 9 12 10 5 10 7 11 9 5 11 10 13 6 10 10 12 8 3 10 5 12 10 3 12 13 11 12 6 13 5 10 10 6 7 4 11 10 9 10 7 4 12 6 4 9 7 6 10 10 6 7 9 11 12 5 9 6 12 5 9 9 10 10 5 6 1 8 7 5 10 9 0 4 9 11 8 12 4 7 8 8 6 8 13 7 1 7 7 3 7 7 10 8 11 7 8 8 1 11 1 4 5 8 7 8 7 10 7 6 3 7 4 6 9 5 6 8 9 2 5 9 11 5 11 11 5 6 6 9 8 6 6 7 9 7 9 10 10 2 12 8 12 10 7 7 10 9 9 7 12 9 7 
10 7 14 13 7 17 4 0 11 8 9 10 9 9 4 7 12 11 12 9 6 13 9 17 15 8 15 9 12 15 11 10 4 10 12 6 11 15 11 14 11 8 10 10 8 8 10 8 7 8 7 11 6 15 12 7 14 7 15 14 11 2 9 3 5 9 12 11 9 8 8 14 10 5 7 11 10 8 5 13 8 10 13 3 13 12 8 8 9 13 12 9 12 7 8 7 12 10 5 9 14 14 9 15 6 10 8 7 7 8 12 8 15 8 11 10 12 9 9 12 12 4 12 12 10 6 7 2 15 9 6 13 12 13 1 6 10 9 12 10 13 6 8 8 15 6 8 1 8 8 13 11 4 5 7 12 6 6 13 9 12 7 7 13 16 12 7 10 11 10 7 6 10 18 14 13 10 12 8 10 13 7 5 9 8 7 7 10 12 11 7 12 10 7 7 18 7 5 10 9 
8 13 11 7 11 5 16 11 6 12 15 6 5 9 6 6 10 8 6 6 12 9 10 10 11 8 10 8 9 5 10 10 17 8 11 8 12 9 8 11 6 14 7 9 7 11 10 11 14 6 11 3 10 10 9 6 10 15 10 11 7 9 5 9 10 11 11 8 10 9 5 7 15 10 11 9 8 8 13 10 15 10 9 9 8 8 14 9 5 11 11 10 4 13 7 13 11 14 11 10 2 10 10 7 10 9 12 7 12 8 10 10 9 12 10 11 11 5 9 6 10 14 8 8 9 11 4 4 10 9 12 13 11 9 11 11 10 11 8 9 2 8 10 5 9 11 10 9 7 11 8 0 10 12 6 7 6 12 8 6 13 11 10 3 10 15 15 8 14 11 10 7 7 8 10 10 4 8 5 13 9 14 12 5 15 9 11 9 5 9 9 13 11 5 10 5 7 8 6 10 
9 10 5 8 8 7 2 9 11 8 8 14 11 6 8 4 4 4 8 8 12 10 12 3 10 8 3 10 13 3 4 13 10 11 12 6 5 3 7 8 5 11 8 8 10 6 6 11 8 7 9 5 7 7 7 10 5 5 12 3 10 9 5 8 5 8 6 9 5 9 5 9 10 5 6 8 9 10 13 9 9 8 8 8 10 9 12 7 10 5 13 8 9 7 10 7 6 12 8 5 4 13 8 9 10 9 6 9 8 5 13 11 12 10 11 7 9 13 4 11 11 11 8 8 7 10 7 8 7 11 9 4 7 3 4 10 5 16 9 11 10 8 11 5 9 13 6 4 6 12 6 11 14 7 5 8 7 9 7 7 6 14 14 8 11 10 12 9 5 7 7 9 6 7 10 7 11 5 8 10 7 10 7 10 9 10 8 13 8 7 11 5 9 7 8 6 5 5 10 7 
9 4 14 10 15 11 14 11 1 5 11 13 6 4 8 5 5 7 6 6 10 9 10 9 7 10 9 6 5 10 8 6 11 10 14 5 11 11 12 8 11 7 4 11 10 10 10 9 6 8 6 14 11 8 11 5 6 6 9 5 13 10 7 10 13 6 18 10 12 7 8 12 14 12 15 8 11 5 2 9 9 11 12 8 2 15 6 9 5 11 9 12 9 11 13 9 9 7 9 10 8 14 4 15 14 12 9 14 12 12 14 10 6 13 9 7 7 11 10 9 7 10 11 11 13 14 7 9 4 14 13 5 10 4 4 1 11 6 7 13 8 5 5 10 12 10 6 6 9 6 5 10 12 13 5 9 5 3 9 7 9 14 8 9 9 9 10 5 10 8 12 3 13 9 8 11 13 10 7 11 9 8 11 3 12 12 8 10 11 14 8 6 11 11 11 6 4 8 6 5 
12 12 10 11 7 11 13 2 14 10 10 6 10 10 4 8 9 8 8 11 9 6 5 16 13 9 8 12 14 1 7 10 4 10 16 9 10 10 8 13 17 11 13 6 5 9 10 8 11 6 7 9 8 12 10 8 9 13 9 13 11 12 8 8 3 11 12 8 10 10 10 8 13 9 13 16 6 14 13 5 14 10 7 10 10 11 11 15 11 10 10 12 10 9 10 10 15 12 8 7 6 11 7 15 13 14 10 7 11 7 9 14 7 10 13 8 16 11 9 6 10 9 12 15 14 11 6 12 6 5 15 8 14 9 10 7 18 7 12 3 4 10 10 10 10 11 10 15 9 7 15 10 9 14 12 11 11 12 6 13 9 12 12 7 9 10 10 14 8 10 11 9 9 11 6 14 6 10 14 9 11 6 9 16 9 12 10 15 14 12 11 2 7 9 9 5 6 6 8 11 
5 4 2 3 2 4 3 3 4 3 5 2 3 4 4 3 4 3 2 1 2 1 1 3 3 5 2 5 1 2 3 3 3 4 2 2 5 3 5 2 1 3 2 2 3 3 2 3 4 5 4 3 3 4 3 3 4 3 2 3 2 3 2 1 4 2 4 4 4 3 2 3 3 3 4 3 3 4 3 2 0 4 5 2 3 3 2 4 2 4 3 2 2 3 4 3 3 2 2 4 3 1 1 5 1 2 4 3 3 3 3 3 2 3 4 0 2 2 2 1 3 4 4 2 2 3 3 4 2 3 3 4 3 4 3 3 2 4 3 4 3 3 2 4 3 3 1 2 3 3 3 3 2 2 4 3 2 1 1 3 3 1 2 1 3 2 2 1 5 4 3 4 4 3 4 3 4 3 2 3 3 2 1 3 4 4 3 3 4 3 4 3 3 3 4 2 1 2 3 2 
3 4 0 2 4 5 4 4 7 4 4 5 4 5 3 3 5 5 4 4 6 7 5 4 4 3 5 2 5 5 2 2 3 5 5 5 6 3 3 4 4 3 1 4 4 1 3 4 4 4 4 3 2 2 3 3 5 3 4 2 7 4 1 3 3 4 3 3 4 5 2 4 4 4 6 6 7 5 4 5 3 3 7 8 5 4 5 3 4 5 3 5 4 4 5 3 3 5 6 5 5 2 2 2 4 3 5 5 5 4 3 5 5 3 5 5 3 5 3 3 5 4 5 3 6 6 5 3 4 2 6 4 3 6 4 2 3 3 6 1 2 3 3 1 3 5 3 3 4 6 3 4 3 7 5 5 4 5 5 4 2 5 2 5 2 4 5 3 4 4 4 5 4 3 4 3 5 5 6 4 1 4 5 4 3 4 5 5 6 3 5 3 7 2 5 4 4 2 2 2 
8 6 10 13 12 12 8 9 13 10 8 10 9 10 8 8 7 11 7 11 6 3 13 8 8 5 8 12 8 11 13 7 13 11 9 4 13 12 8 12 9 14 11 10 9 12 12 7 13 5 9 6 10 12 5 14 7 13 4 6 4 7 13 9 9 7 10 8 11 6 7 10 10 9 14 7 12 11 11 12 6 4 5 11 10 9 9 9 7 8 9 8 5 3 7 5 8 10 9 7 6 5 10 8 9 13 5 9 6 9 12 7 6 11 5 9 5 2 7 11 8 10 12 10 11 11 10 11 1 12 10 11 5 10 10 1 10 7 10 12 7 10 10 5 9 12 10 11 10 10 9 8 3 12 11 8 9 7 12 11 11 5 5 17 8 9 5 12 12 12 9 11 7 8 11 14 9 13 9 8 14 13 11 15 6 6 11 10 11 10 6 9 10 8 12 9 12 6 11 6 
1 1 1 1 1 1 0 1 1 1 1 1 1 1 1 1 1 1 1 1 1 1 1 1 2 1 1 1 1 1 0 1 1 1 1 1 1 1 0 1 1 1 1 1 1 1 1 1 1 1 1 1 1 1 1 1 1 1 1 1 1 2 1 1 1 1 2 1 1 1 1 1 1 0 2 1 1 1 1 2 1 1 1 1 1 1 1 1 1 1 1 1 1 1 0 1 1 1 1 1 1 1 1 0 1 1 1 2 1 1 1 1 1 1 1 0 1 1 1 1 1 1 1 1 1 1 1 1 1 1 0 1 1 1 2 1 1 1 1 1 1 1 1 1 2 0 1 1 1 1 1 1 2 1 1 1 1 1 1 1 1 1 1 1 1 1 1 1 1 1 2 0 1 1 1 1 1 2 1 1 2 1 1 1 1 1 1 1 1 1 1 1 1 1 1 1 1 1 1 1 
11 13 13 10 9 8 12 9 9 11 17 3 12 15 11 17 14 9 7 5 14 8 8 12 12 9 14 10 13 13 17 1 4 11 11 12 8 16 14 10 11 8 14 12 12 5 8 12 8 9 12 7 8 12 9 13 6 13 11 9 10 11 6 7 6 9 6 10 10 10 11 8 5 9 6 13 11 10 9 6 11 9 13 11 6 13 10 9 9 4 11 11 13 11 10 10 6 12 10 8 7 12 15 14 10 12 11 9 11 14 15 7 11 9 8 12 12 11 12 11 7 11 9 9 16 5 12 9 11 11 9 12 8 9 6 10 8 11 12 8 11 14 8 12 10 9 8 11 16 5 14 8 10 12 10 8 14 8 10 6 10 9 13 14 9 14 10 8 6 15 7 9 12 13 13 5 9 13 11 11 17 17 12 9 11 12 8 16 17 15 8 10 10 10 8 11 9 11 5 1 
1 1 1 1 1 1 1 1 0 1 0 2 1 1 1 1 0 1 1 1 2 2 1 1 1 1 1 1 1 1 1 1 1 1 1 1 1 1 1 1 0 1 1 1 0 1 1 1 1 1 1 1 1 1 1 1 1 1 1 2 1 1 1 1 0 1 1 1 2 1 1 1 1 0 0 1 1 1 1 1 1 1 1 1 0 1 1 1 1 1 1 1 1 1 1 0 0 1 1 1 1 0 1 1 1 1 2 2 1 2 1 1 1 1 0 1 2 1 1 1 1 1 1 1 1 0 1 0 1 1 1 1 1 1 1 1 1 1 1 1 1 1 1 1 1 1 2 1 1 2 1 1 1 2 1 0 1 1 1 1 1 1 1 1 0 1 1 1 1 2 1 1 2 0 1 1 1 1 1 1 1 1 1 1 1 1 2 1 1 1 0 1 1 1 1 1 2 1 1 1 
3 3 3 2 2 2 3 4 3 4 2 3 4 3 3 3 5 5 3 2 3 4 3 4 1 3 1 3 4 5 3 3 5 2 2 2 4 3 3 4 3 3 5 3 3 3 3 1 2 5 3 3 3 2 3 3 2 2 1 3 4 4 3 3 3 3 3 4 3 3 4 3 1 1 2 1 2 2 3 4 4 3 4 4 3 3 3 4 2 3 5 3 3 2 3 2 3 2 2 4 5 1 3 1 4 2 4 2 3 3 2 2 2 3 3 3 2 2 2 2 3 1 3 2 3 4 3 0 2 2 3 3 4 1 3 4 2 3 3 3 2 3 2 3 3 1 2 2 3 3 4 4 5 3 5 4 1 1 2 3 4 5 4 4 4 4 3 2 1 1 2 3 3 2 4 3 2 4 3 3 2 2 4 3 4 3 3 4 4 3 3 2 3 3 0 3 5 2 3 3 
6 3 6 5 7 6 5 8 7 5 3 8 6 4 4 4 3 8 4 5 5 7 4 4 6 8 11 4 4 3 6 5 5 5 7 5 5 1 8 2 6 2 1 5 5 3 5 5 2 7 4 4 7 1 5 7 6 7 4 5 6 6 5 7 8 3 5 3 6 4 5 5 8 7 4 5 5 7 5 5 6 4 6 5 6 1 6 6 8 5 3 6 5 5 5 3 6 5 5 2 8 3 3 5 3 5 8 5 7 6 5 6 5 4 7 7 5 6 6 3 5 4 4 6 5 3 6 2 9 2 5 5 7 6 7 6 6 6 5 4 8 6 4 3 8 4 5 2 5 5 4 2 5 5 6 4 5 4 5 5 6 5 3 6 5 6 6 6 2 2 5 3 7 3 5 5 4 10 2 7 6 5 3 3 1 8 5 7 6 6 5 5 5 6 5 7 7 5 7 4 
6 9 9 10 7 8 8 9 8 9 11 9 6 8 4 9 9 4 11 8 7 12 10 8 8 9 7 7 11 5 8 8 13 10 9 14 18 11 12 11 5 7 8 6 8 11 3 7 7 9 10 9 9 9 12 7 12 13 7 5 7 15 10 11 15 4 13 3 6 5 14 13 14 9 10 12 8 9 8 7 13 8 8 9 9 4 11 8 8 8 12 11 7 7 9 4 5 10 8 8 11 6 12 7 9 9 11 9 11 14 2 8 8 6 3 5 11 10 9 9 13 8 8 10 12 10 9 10 12 6 4 11 8 9 5 4 11 12 8 11 4 13 8 13 5 10 11 8 11 8 8 10 2 5 15 12 9 13 12 8 6 13 12 2 12 8 3 6 8 13 14 7 9 11 10 7 10 6 4 10 10 3 12 8 5 7 13 12 12 6 7 11 4 6 4 12 14 9 11 6 
4 1 5 2 2 5 4 1 3 3 6 2 3 3 3 2 4 1 4 4 4 3 4 2 3 2 2 3 2 3 1 3 2 6 3 2 4 3 3 4 6 4 3 3 4 3 3 3 4 4 4 3 2 2 3 4 3 3 2 5 2 3 3 3 2 4 3 2 3 2 3 3 4 4 4 3 2 3 3 2 4 4 4 2 3 2 3 2 5 3 3 3 2 4 2 2 4 3 3 5 3 3 3 2 3 3 3 3 4 2 4 2 3 2 2 1 3 2 1 1 3 3 3 4 2 5 3 3 3 2 3 2 4 4 2 3 4 3 2 1 3 3 4 3 3 5 1 4 3 2 4 3 3 4 3 3 3 3 2 3 2 3 4 2 2 3 3 2 5 3 4 2 4 4 4 4 2 3 3 3 3 4 5 2 3 4 2 3 3 4 3 3 5 3 4 3 3 3 1 1 
0 3 4 3 3 2 3 3 3 3 3 4 5 4 1 4 3 1 3 4 2 5 3 2 3 4 5 6 3 3 2 5 4 3 1 3 4 3 3 5 5 3 3 3 4 1 3 0 5 2 2 2 3 2 3 2 0 6 3 3 2 3 3 3 3 3 2 3 4 2 2 3 3 3 3 4 3 4 2 3 3 3 4 2 4 4 2 3 4 3 2 2 2 3 2 5 2 1 4 2 3 2 3 3 2 3 3 1 1 3 3 2 3 1 2 3 2 3 1 4 2 2 4 5 3 4 2 3 6 3 4 3 3 4 4 2 2 3 3 4 6 3 2 3 2 3 3 2 3 4 1 2 2 2 2 5 1 3 5 3 3 3 5 1 4 2 3 4 3 4 4 3 3 3 2 4 1 4 1 3 2 2 4 1 2 2 4 3 0 2 3 2 3 4 4 3 6 4 4 3 
7 6 9 5 7 7 7 5 10 9 5 1 8 8 7 9 2 7 8 9 7 11 6 14 8 5 10 10 3 13 9 6 8 9 6 9 11 6 7 1 12 4 8 12 10 11 7 5 10 11 7 7 3 2 7 7 7 6 11 8 4 8 11 7 4 11 4 9 6 9 6 4 9 9 2 7 8 10 9 8 10 5 5 5 7 4 10 11 12 9 4 9 5 8 12 7 8 9 12 6 9 8 7 8 8 8 9 6 8 6 10 10 12 9 8 7 6 10 9 8 6 8 5 2 11 2 8 6 7 7 10 9 1 11 5 8 12 7 7 12 1 7 8 1 9 10 6 9 6 7 9 8 8 10 7 12 6 6 10 12 5 6 10 11 10 1 5 14 11 11 5 6 10 6 9 14 10 5 9 9 8 7 6 7 8 5 10 10 5 7 7 13 7 7 11 6 7 8 6 13 
12 10 11 9 8 7 17 8 5 6 14 3 8 16 9 10 8 15 9 11 8 12 14 6 12 10 4 7 11 13 10 9 22 10 14 11 14 13 10 11 8 9 16 8 10 9 11 10 12 7 7 13 7 14 7 10 10 7 5 13 5 9 14 9 13 4 11 10 13 5 11 10 11 5 13 17 9 4 11 8 11 10 10 12 11 8 8 9 15 7 11 13 14 10 12 1 11 13 10 11 5 13 6 6 12 9 9 11 13 11 8 10 12 11 13 5 12 8 11 10 6 15 14 6 6 14 12 12 11 11 9 13 11 11 6 13 14 6 10 9 4 13 10 8 6 6 12 8 8 5 10 7 9 9 13 3 16 6 7 8 18 5 10 9 9 10 6 9 12 10 12 5 11 6 4 6 11 15 2 14 9 14 11 8 8 11 10 12 7 6 13 9 11 13 12 10 10 8 9 3 
14 14 12 1 11 5 15 7 11 14 2 16 11 14 7 9 16 11 15 5 14 9 11 6 12 12 9 12 13 10 8 8 11 7 8 10 4 16 9 7 10 8 10 13 19 16 7 12 11 12 4 8 12 14 13 13 12 14 6 7 6 7 7 9 10 8 8 9 6 13 15 13 8 10 8 12 14 11 17 10 12 10 9 12 8 2 14 0 4 12 9 8 16 8 9 13 9 12 10 12 16 10 9 15 8 20 8 8 11 9 7 10 12 12 5 15 4 12 8 11 18 9 10 15 10 6 17 14 11 8 10 14 12 8 12 9 11 2 13 6 13 8 6 9 11 9 5 13 5 8 12 8 6 8 3 9 9 5 10 9 11 14 12 10 17 10 8 10 15 14 7 10 16 11 10 9 7 11 4 13 6 11 9 13 14 13 11 15 9 11 8 9 15 10 11 9 12 9 2 10 
20 10 7 10 3 11 11 7 13 14 3 5 12 5 10 2 13 11 9 15 11 6 12 8 4 10 14 6 5 7 6 15 8 10 10 6 8 9 4 13 9 14 11 13 9 3 14 12 9 5 10 14 14 7 6 4 4 7 4 14 9 12 8 8 5 10 13 7 5 9 11 5 3 9 12 9 7 14 14 18 14 12 9 8 9 9 10 12 12 9 3 5 10 9 8 11 10 7 17 9 13 5 7 6 10 10 16 13 10 8 7 7 11 11 9 5 7 11 11 9 8 0 15 8 14 13 8 15 16 12 9 7 15 11 5 8 14 12 5 10 9 10 12 13 8 13 3 4 8 11 6 9 8 13 2 13 11 10 15 13 12 7 15 13 8 12 9 14 12 16 11 7 12 12 6 4 13 14 14 13 14 3 16 16 7 2 5 0 12 11 10 8 5 14 14 7 13 9 9 5 
5 14 12 11 15 14 10 8 17 3 14 6 9 10 7 8 11 11 10 8 13 11 12 8 12 11 9 5 12 7 4 13 12 16 14 7 12 12 7 10 14 5 8 7 11 7 9 8 9 8 10 10 11 12 14 14 14 5 11 10 4 12 2 14 9 16 12 10 10 8 11 13 9 9 12 11 7 10 8 8 11 12 9 6 14 7 9 6 8 8 8 10 15 11 15 5 11 12 16 15 5 10 6 7 2 12 10 8 6 4 14 11 11 14 10 10 5 4 10 12 8 14 16 14 11 8 10 12 12 11 7 14 10 5 8 10 13 8 8 15 13 7 12 10 11 3 10 7 10 6 8 8 16 8 6 8 10 14 5 10 14 17 5 14 10 13 17 7 6 8 6 8 11 16 11 11 14 19 15 16 9 14 9 8 11 6 16 11 9 7 14 6 6 10 16 13 10 14 8 10 
6 4 3 4 7 4 4 6 7 4 4 0 6 6 6 4 1 3 7 8 8 2 8 2 5 4 3 9 4 4 5 6 2 6 3 9 5 5 5 3 5 3 7 7 5 5 5 5 4 5 4 6 5 6 5 5 3 3 5 10 0 5 4 6 8 4 3 4 5 6 5 4 4 7 1 2 6 4 6 6 6 7 1 4 6 5 9 8 7 7 4 6 8 9 5 5 4 7 4 3 5 4 5 5 5 2 9 6 4 4 6 8 3 3 3 6 6 8 5 4 6 5 5 6 5 6 4 6 3 8 2 5 4 6 7 7 4 8 8 6 4 4 3 3 4 4 3 6 2 6 5 2 5 6 6 3 5 4 4 6 3 5 6 2 6 8 4 5 7 7 2 3 4 2 5 4 1 4 3 5 7 5 4 4 9 6 4 6 6 7 6 4 7 3 4 4 3 8 4 7 
5 9 6 8 6 4 10 8 6 4 3 4 5 6 5 6 5 8 8 3 11 8 5 8 7 10 7 9 7 0 4 11 3 9 11 6 3 9 8 6 8 6 7 3 10 5 9 9 7 10 6 7 9 7 6 6 8 6 6 5 7 10 8 5 12 5 2 7 4 11 3 7 6 11 10 7 10 7 7 0 3 4 6 7 9 9 6 8 6 7 11 12 5 8 7 6 7 7 5 6 6 6 11 9 9 11 7 6 6 8 6 7 6 10 11 10 7 6 5 5 5 5 7 6 6 7 9 3 7 8 7 8 7 7 7 3 8 9 5 8 6 7 6 9 8 10 5 10 9 7 10 4 10 8 10 4 7 6 1 8 7 6 8 10 6 4 9 7 4 6 10 11 4 6 7 7 3 6 4 7 4 5 9 6 7 10 10 4 4 6 6 6 10 14 13 12 9 11 8 5 
11 8 8 9 10 5 13 10 6 9 13 8 6 13 7 5 12 10 12 13 13 7 9 12 11 13 7 11 6 1 13 6 13 7 6 13 6 11 11 10 10 8 10 7 13 8 15 7 13 6 10 12 9 6 11 6 5 4 11 10 6 8 10 3 11 7 5 9 6 11 11 6 12 14 2 8 10 9 11 8 5 7 12 9 12 7 11 7 7 9 7 11 7 12 10 2 11 6 8 7 8 10 9 5 15 13 15 8 9 6 7 8 9 7 7 9 2 8 12 14 7 10 9 12 10 9 10 14 13 5 0 17 9 4 6 14 2 11 13 12 9 8 10 8 8 7 11 5 13 10 11 9 8 9 6 5 7 12 0 2 11 5 10 10 10 10 8 10 13 10 7 2 16 11 11 4 6 12 6 14 9 5 12 8 8 5 12 6 8 9 12 12 5 9 0 8 9 5 9 2 
1 3 3 2 2 1 2 2 3 1 2 2 1 1 3 1 2 2 2 2 1 2 3 2 2 2 3 3 3 2 3 2 1 2 2 2 2 2 1 1 2 3 4 4 1 2 2 1 2 1 2 2 2 2 2 2 3 3 1 2 2 2 1 2 3 2 1 2 2 2 1 2 2 2 2 3 2 1 1 2 3 1 2 2 4 2 1 2 2 2 2 3 1 2 1 2 3 1 1 1 2 2 1 2 2 2 1 2 3 2 1 1 1 2 2 2 3 2 3 3 1 2 2 2 2 3 2 2 2 2 3 2 2 2 3 3 1 3 1 2 2 2 2 2 3 2 1 1 2 1 3 2 2 2 3 1 2 1 2 1 2 2 3 2 3 2 2 1 2 2 2 2 1 2 4 2 3 2 2 2 3 2 2 2 1 3 2 1 2 1 1 3 2 1 2 3 2 3 2 3 
6 7 7 8 6 6 4 0 7 8 4 3 6 7 5 1 6 6 10 6 9 6 8 6 4 5 9 8 6 6 7 10 2 5 6 3 10 6 6 3 8 6 7 5 5 4 7 3 6 4 4 8 7 4 2 7 7 3 6 5 3 9 7 10 7 5 6 4 4 8 9 8 7 6 5 5 9 6 5 8 5 5 8 6 4 5 7 4 4 7 3 5 7 5 5 2 3 7 8 7 7 9 7 11 7 7 4 7 5 4 8 9 5 5 3 6 4 6 6 6 9 4 8 9 7 10 8 6 10 5 7 8 6 6 7 5 6 7 6 8 4 6 7 7 6 6 5 6 6 5 3 6 4 5 7 8 3 4 7 4 6 5 8 6 6 5 6 5 4 8 7 8 5 3 6 4 5 5 5 4 3 5 6 7 6 7 3 6 6 8 5 11 4 7 7 3 4 8 8 8 
5 6 6 4 5 6 7 3 6 5 5 8 6 2 6 5 6 5 5 6 5 3 5 5 4 7 5 6 2 3 6 4 6 7 7 8 6 8 5 2 6 6 3 4 3 8 5 3 5 6 4 6 5 4 3 3 4 4 5 7 5 6 4 7 5 7 7 7 6 6 5 2 7 9 2 8 7 6 5 7 1 5 4 5 4 6 8 5 6 9 6 4 3 4 5 5 5 6 5 4 5 3 5 5 3 8 3 5 5 5 5 6 6 6 8 3 7 3 8 7 4 6 3 9 8 5 4 6 8 3 7 5 4 5 9 7 5 7 4 3 4 2 8 5 4 3 4 6 5 2 7 2 8 4 8 7 7 6 5 7 6 3 6 0 5 5 5 7 6 4 5 6 5 4 4 3 5 5 6 4 5 3 4 6 7 3 7 4 5 4 7 3 3 3 4 5 4 5 7 5 
7 3 4 3 3 1 5 4 5 6 4 5 4 4 7 4 5 5 0 6 7 6 7 4 5 3 5 7 5 5 4 4 2 4 8 4 5 6 5 7 8 2 3 7 4 5 7 6 5 5 6 2 8 6 4 4 4 7 9 4 5 5 4 4 5 8 2 4 6 5 6 4 4 5 6 3 5 6 7 2 3 6 6 4 8 6 6 5 4 4 4 5 6 5 5 5 7 3 7 4 8 5 5 7 7 4 2 7 6 4 6 9 4 5 6 4 6 3 6 1 4 4 6 4 4 6 5 4 4 5 6 6 5 3 8 2 9 1 4 7 6 3 7 5 8 4 4 6 3 4 7 5 6 7 5 4 5 7 5 6 4 7 5 4 5 7 7 7 4 5 5 7 5 4 8 9 3 6 7 5 5 3 5 6 5 6 7 4 7 4 4 4 5 6 5 3 4 5 4 4 
4 5 6 5 2 7 9 3 5 6 7 6 2 6 8 6 4 8 4 5 6 10 9 8 5 5 11 5 7 8 8 6 7 9 8 6 4 7 7 10 6 6 5 9 2 6 7 4 3 4 6 6 5 6 8 4 8 5 5 6 3 7 4 3 8 7 7 5 6 7 6 6 4 9 8 8 8 4 8 7 5 1 6 7 4 10 4 6 4 6 7 6 4 3 8 6 7 8 4 9 6 6 10 6 6 9 5 9 9 3 7 4 7 3 7 2 7 4 6 2 2 2 7 4 10 4 6 7 9 6 3 5 7 9 6 2 9 6 6 6 6 8 6 8 5 5 0 8 6 6 6 6 4 9 5 6 4 3 7 3 6 6 4 9 5 4 9 6 6 6 7 3 2 5 4 8 6 6 6 5 5 7 5 3 6 5 9 8 5 7 7 7 6 7 9 3 6 4 6 4 
3 2 3 6 3 4 5 4 5 5 3 3 2 4 6 1 6 4 5 5 5 3 5 3 4 3 2 3 2 3 7 4 4 4 6 4 3 6 5 4 6 2 5 5 4 6 5 6 4 6 5 2 4 3 3 3 4 4 5 5 6 2 3 6 5 5 6 2 5 4 2 3 4 3 4 7 6 3 4 2 6 3 5 3 2 2 5 4 4 6 5 3 4 4 3 4 4 4 3 4 1 4 6 6 5 5 4 5 5 5 4 2 4 4 7 3 2 4 2 3 2 3 4 5 3 4 2 4 4 5 3 4 4 5 5 5 6 3 7 5 5 7 5 4 2 4 3 6 4 5 3 1 4 5 5 1 4 4 4 4 2 2 6 3 2 4 2 5 4 3 3 4 3 4 6 5 0 1 4 4 5 3 5 3 5 4 6 4 3 5 2 3 3 4 3 8 4 2 4 5 
3 7 8 5 7 8 6 4 5 8 7 8 6 4 3 4 6 4 9 7 6 8 5 4 8 5 8 6 5 7 4 3 5 4 8 7 4 6 7 9 6 7 7 4 9 6 8 4 5 7 5 3 9 7 6 5 9 3 7 6 6 4 7 8 5 6 6 7 5 7 7 7 4 5 6 7 6 7 6 4 4 6 5 8 6 9 6 3 6 7 8 3 6 4 5 1 6 1 5 4 3 11 5 4 7 8 6 6 5 7 8 5 4 4 5 8 8 5 8 4 7 5 5 5 7 6 6 7 6 9 4 3 3 7 7 4 6 3 5 7 5 6 7 8 6 5 9 7 5 7 9 7 5 5 7 8 5 5 9 7 5 6 6 4 7 5 3 9 4 5 8 4 6 4 3 4 8 9 6 8 3 3 8 2 3 7 7 5 5 6 7 10 6 6 6 8 5 6 3 7 
6 4 7 2 8 10 8 7 6 6 10 7 6 7 5 8 9 8 8 8 5 3 6 3 9 8 6 9 7 8 12 7 8 8 9 8 9 6 5 5 4 9 7 11 10 5 8 8 3 10 6 2 4 7 4 7 8 7 5 2 9 6 8 5 9 6 7 5 10 6 6 10 9 13 7 7 7 6 11 7 5 9 8 5 5 11 7 9 8 9 10 8 12 6 6 8 6 6 5 10 6 5 5 12 6 5 7 7 7 4 4 8 5 4 8 10 6 7 9 7 9 3 5 6 9 6 5 8 6 9 9 7 6 6 6 8 5 12 5 8 12 5 4 9 4 8 5 6 6 4 7 4 6 4 10 7 7 7 10 6 7 2 8 10 3 6 2 10 5 7 10 4 11 1 9 6 5 4 6 7 15 6 6 8 5 2 4 7 9 8 8 11 7 4 6 7 2 9 6 9 
2 4 2 2 2 3 4 3 2 1 3 4 4 5 4 2 3 3 2 4 2 3 3 2 2 4 1 3 3 4 4 3 3 3 4 3 4 2 4 5 3 5 4 4 2 3 3 2 3 4 2 5 4 2 3 2 3 3 1 3 2 2 3 2 5 4 4 2 4 2 1 2 2 4 3 2 3 3 3 2 1 3 3 2 4 3 1 2 2 2 4 3 3 1 6 3 1 5 3 4 3 4 4 3 3 3 3 3 4 2 3 2 1 3 4 3 3 2 4 3 3 4 4 2 3 3 1 3 3 3 3 2 3 4 4 4 3 3 3 2 2 2 3 2 3 2 3 1 2 4 5 2 3 5 2 3 4 2 3 2 2 4 2 2 3 3 3 2 3 2 4 2 4 3 4 2 4 4 3 3 4 5 3 3 3 3 4 3 2 2 3 3 2 2 3 4 2 3 2 1 
1 1 0 1 1 1 1 1 1 1 0 1 1 1 1 1 0 1 2 1 1 1 1 0 1 1 2 1 1 2 1 0 1 1 2 0 1 1 1 2 1 1 1 1 1 1 0 1 1 1 2 1 1 1 1 1 2 1 1 1 1 0 1 1 1 1 1 1 1 0 1 1 1 1 1 1 1 1 1 2 1 1 1 1 1 1 0 1 1 1 1 2 1 1 1 1 1 1 1 1 0 1 1 0 1 1 1 1 1 1 1 1 1 1 1 1 1 1 1 2 1 1 1 1 1 1 0 1 1 1 1 1 1 1 1 1 1 1 0 1 1 1 0 1 1 1 1 1 1 1 1 1 1 1 1 1 1 1 2 1 0 0 1 1 1 2 1 1 1 1 1 1 1 1 1 1 1 2 1 1 1 1 0 1 1 1 1 1 1 1 1 1 1 1 1 0 0 1 1 1 
