NAME  : Jabali_50_4_0.85_1_8
TYPE : SVRP
MODEL : FINITE_SUPPORT
NUMBER_OF_SCENARIOS : 200
DIMENSION : 50
EDGE_WEIGHT_TYPE : MATRIX
CAPACITY : 73
N_VEHICLES : 4
NODE_COORD_SECTION
1 4268 2760
2 7783 1301
3 728 3224
4 1832 3853
5 5369 3470
6 490 819
7 357 4391
8 3305 2721
9 5830 4303
10 3059 5088
11 1446 2847
12 6613 3648
13 3983 1113
14 4149 5350
15 2423 1607
16 740 2039
17 2783 4448
18 1774 5862
19 119 3068
20 8328 1411
21 6105 4521
22 6680 3450
23 6310 6001
24 6854 1313
25 4570 5754
26 27 5076
27 6328 6229
28 5465 18
29 4865 5078
30 7642 849
31 3692 4844
32 5820 3567
33 8150 2436
34 4448 6463
35 1036 911
36 422 5444
37 5538 2583
38 4805 6249
39 3917 1270
40 7919 2025
41 2673 5423
42 3092 5920
43 6107 499
44 4496 4349
45 1882 3282
46 3707 6150
47 3407 3268
48 2671 5709
49 7116 2433
50 5701 2266
DEMAND_SECTION
1 0.0
2 4.0
3 4.0
4 1.0
5 4.0
6 10.0
7 10.0
8 6.0
9 4.0
10 1.0
11 6.0
12 1.0
13 9.0
14 1.0
15 7.0
16 5.0
17 4.0
18 5.0
19 8.0
20 3.0
21 4.0
22 9.0
23 6.0
24 8.0
25 2.0
26 5.0
27 2.0
28 2.0
29 3.0
30 3.0
31 8.0
32 2.0
33 5.0
34 8.0
35 3.0
36 6.0
37 8.0
38 7.0
39 1.0
40 10.0
41 8.0
42 9.0
43 7.0
44 1.0
45 4.0
46 6.0
47 3.0
48 3.0
49 3.0
50 10.0
DEVIATION_SECTION
1 0.0
2 1.33333
3 1.33333
4 0.333333
5 1.33333
6 3.33333
7 3.33333
8 2.0
9 1.33333
10 0.333333
11 2.0
12 0.333333
13 3.0
14 0.333333
15 2.33333
16 1.66667
17 1.33333
18 1.66667
19 2.66667
20 1.0
21 1.33333
22 3.0
23 2.0
24 2.66667
25 0.666667
26 1.66667
27 0.666667
28 0.666667
29 1.0
30 1.0
31 2.66667
32 0.666667
33 1.66667
34 2.66667
35 1.0
36 2.0
37 2.66667
38 2.33333
39 0.333333
40 3.33333
41 2.66667
42 3.0
43 2.33333
44 0.333333
45 1.33333
46 2.0
47 1.0
48 1.0
49 1.0
50 3.33333
DISTANCE_MATRIX
0.0 51.195 47.4236 35.3836 17.6514 61.2679 56.7274 12.6491 30.2393 35.3553 37.3363 30.4653 21.2352 34.4819 31.3299 47.9275 30.0832 53.1413 54.7814 57.3153 33.8711 30.8005 55.0385 40.6079 39.8121 64.3817 57.195 42.0476 31.8617 52.4976 29.0689 21.6206 52.7602 48.8467 56.2745 62.8013 17.2047 46.5832 19.9963 51.3836 41.7732 45.0111 40.8044 29.2594 32.7567 45.7056 12.8062 44.5533 45.3836 20.5183 
51.195 0.0 97.408 86.5221 46.4871 93.2207 107.779 62.6896 47.8017 83.5906 87.0691 33.7343 51.4102 73.1644 74.1787 95.508 80.162 102.679 104.525 7.0 47.8539 31.7805 65.0692 12.3693 73.7631 115.576 67.1193 35.6931 64.195 5.83095 73.7078 41.1251 14.7648 82.0 86.5744 113.893 34.6794 77.4661 51.825 9.48683 90.2767 88.7036 25.318 68.3941 83.3 85.0941 63.9778 90.9948 25.8114 30.8114 
47.4236 97.408 0.0 17.4642 64.9865 32.573 17.0 34.8855 70.2141 40.8534 10.6301 77.8004 59.3316 54.5711 47.4949 16.2788 32.9848 39.0512 8.0 103.587 73.134 78.1357 83.6002 86.5025 62.0967 27.0185 84.8528 77.9736 60.2993 98.5173 45.8912 68.9558 100.095 66.8506 31.1448 30.4138 64.4127 68.3081 52.6466 97.6554 40.8167 48.8774 84.6044 59.0094 15.2971 56.7979 36.4005 43.2666 91.6554 67.2494 
35.3836 86.5221 17.4642 0.0 52.2111 44.2041 21.4009 24.4131 53.3294 23.7065 14.2127 65.025 45.3104 37.108 31.0644 28.2843 15.5242 27.2029 25.318 92.6424 56.2494 65.025 66.2722 75.743 44.643 29.2062 67.4759 71.6938 43.0465 87.7268 28.4429 56.1803 87.3199 49.6588 40.3113 28.6356 52.4976 50.9215 44.7772 86.7107 24.7588 32.6497 74.3701 42.1248 7.28011 39.9625 22.8035 27.5862 80.7107 55.9017 
17.6514 46.4871 64.9865 52.2111 0.0 78.9989 73.6114 30.2979 12.8062 48.0645 54.9709 16.7631 43.5709 30.2655 49.0609 65.4804 44.6544 67.1527 72.4031 49.7679 16.6433 17.4642 37.4833 36.6879 33.1361 80.8046 39.6232 46.5725 23.1948 47.8804 29.7528 6.08276 39.4646 42.2966 74.0055 78.7163 13.0 38.833 36.7709 40.0248 54.7506 44.8398 42.0476 24.4391 50.1529 42.4264 29.4147 47.0398 40.6757 17.0294 
61.2679 93.2207 32.573 44.2041 78.9989 0.0 49.0306 48.272 91.5868 66.4831 30.0 91.7522 46.5873 77.0028 32.7567 16.5529 57.3149 70.3278 31.0644 100.081 95.2186 92.0767 103.213 80.8587 84.5412 58.6941 104.786 63.1348 80.1618 91.7061 68.1082 82.9682 99.6406 91.2332 7.0 62.8172 77.4499 91.4202 47.9387 95.2445 68.7677 76.4199 70.7743 77.8923 37.5366 82.807 51.9236 71.7008 89.2445 73.7167 
56.7274 107.779 17.0 21.4009 73.6114 49.0306 0.0 45.2769 72.5671 38.0526 25.2982 86.4253 65.1411 53.1507 46.9132 33.1361 33.2415 28.178 18.7883 113.899 75.4871 86.4253 83.2947 96.8796 60.0083 10.0499 84.1487 91.5275 61.0 108.894 45.7056 77.5806 108.72 62.514 48.0937 13.9284 73.8783 65.123 64.6243 107.967 35.2278 42.7551 95.0867 61.3624 25.0 51.6236 44.2041 36.6742 101.967 77.2334 
12.6491 62.6896 34.8855 24.4131 30.2979 48.272 45.2769 0.0 42.8858 31.7805 24.6982 43.1118 22.2036 36.4005 19.5978 34.9315 24.0208 46.3897 42.1545 68.8099 46.5175 43.447 59.1238 51.7253 43.1856 53.6004 60.6966 48.1364 36.4005 63.7401 28.6531 34.2671 65.4067 51.4004 43.2786 52.8394 29.5296 50.2494 21.3776 62.8782 37.2156 42.45 50.3113 33.8029 20.6155 45.618 7.2111 40.3113 56.8782 32.45 
30.2393 47.8017 70.2141 53.3294 12.8062 91.5868 72.5671 42.8858 0.0 37.6431 62.9102 14.3178 56.1588 26.0768 61.6488 75.7282 39.3406 57.3149 78.2128 50.1597 4.12311 16.1555 24.8395 43.0116 25.9615 77.1379 27.0185 57.3847 16.5529 51.9711 28.4253 9.84886 38.5876 34.3657 86.5934 73.285 23.2594 30.0666 49.3588 40.3113 43.8634 42.2019 51.4198 23.2047 55.4146 37.5766 38.2997 45.2769 27.0 26.5707 
35.3553 83.5906 40.8534 23.7065 48.0645 66.4831 38.0526 31.7805 37.6431 0.0 37.2022 50.9978 53.1507 15.1327 47.8853 51.4004 9.21954 19.8494 48.3839 86.0317 40.2244 52.5339 45.2769 73.5031 22.0227 40.8044 46.0977 77.3175 23.7697 84.9839 9.21954 41.9892 75.3362 26.0 61.6362 36.2491 48.9157 27.6586 52.0865 76.2885 6.7082 10.7703 75.9276 26.5183 29.2062 16.4012 25.1794 9.21954 77.7792 52.9364 
37.3363 87.0691 10.6301 14.2127 54.9709 30.0 25.2982 24.6982 62.9102 37.2022 0.0 67.7848 42.6357 49.2443 22.2038 14.2127 28.3019 40.7185 17.4642 93.2482 65.8302 68.12 76.9025 76.1636 56.8595 35.171 78.339 67.3529 53.6004 88.1785 40.3113 58.9402 91.7126 62.7694 26.4008 37.1214 54.1295 63.5059 42.1188 87.3165 38.8973 46.6905 73.9836 51.7056 8.06226 53.6004 27.1662 41.7732 81.3165 56.9106 
30.4653 33.7343 77.8004 65.025 16.7631 91.7522 86.4253 43.1118 14.3178 50.9978 67.7848 0.0 52.3122 40.3113 61.8141 78.2943 52.6154 70.7908 85.217 35.8469 14.1421 2.0 33.5261 30.4138 40.1622 90.4128 35.7351 51.6508 30.8707 38.2099 41.7932 10.7703 24.4131 48.2701 86.7588 86.5598 18.8062 43.7379 52.727 26.0 57.3867 56.3028 42.4304 36.4795 62.9668 51.8941 42.2286 59.0339 34.7386 21.0 
21.2352 51.4102 59.3316 45.3104 43.5709 46.5873 65.1411 22.2036 56.1588 53.1507 42.6357 52.3122 0.0 54.4592 27.5453 48.8746 46.0435 68.593 64.9394 58.2704 59.7906 52.6367 80.958 39.0482 60.1796 74.0192 83.1145 26.4008 52.2912 49.9309 48.2701 46.3122 57.8301 69.089 39.9604 73.9334 33.5172 67.0127 1.41421 53.434 59.0085 63.5059 30.0495 49.6889 40.1417 65.2534 28.0179 62.0322 47.434 31.9062 
34.4819 73.1644 54.5711 37.108 30.2655 77.0028 53.1507 36.4005 26.0768 15.1327 49.2443 40.3113 54.4592 0.0 55.1725 63.0635 21.587 32.7567 62.3699 76.0263 27.6586 42.0595 30.1496 66.7083 7.61577 55.7853 31.0161 75.4255 9.89949 76.9899 8.94427 32.573 64.6607 15.0 72.0094 50.9215 43.1856 14.4222 53.2203 66.1891 19.6977 16.2788 72.0278 18.0 41.2311 12.1655 29.2062 20.2485 70.6383 47.2652 
31.3299 74.1787 47.4949 31.0644 49.0609 32.7567 46.9132 19.5978 61.6488 47.8853 22.2038 61.8141 27.5453 55.1725 0.0 34.832 38.9102 57.8705 50.8969 81.039 65.2806 62.1387 78.5226 61.8167 62.2415 56.5694 80.0955 46.1873 55.8032 72.6995 46.8615 53.0301 80.5986 70.0928 25.9826 57.8879 47.5119 69.3109 28.8967 76.2025 52.0 58.5918 52.2165 53.2017 24.0 63.2456 26.2488 55.1543 70.2025 50.2863 
47.9275 95.508 16.2788 28.2843 65.4804 16.5529 33.1361 34.9315 75.7282 51.4004 14.2127 78.2943 48.8746 63.0635 34.832 0.0 42.4382 53.8516 16.7631 102.368 78.6481 78.6295 89.8443 83.146 70.6612 43.0465 91.3947 66.8436 66.7308 94.0287 54.1202 69.4496 101.928 76.8505 15.0 46.6905 64.1094 77.4145 50.2259 97.5318 53.0377 60.8769 73.5458 64.5235 22.2036 67.8012 38.5831 55.8659 91.5318 66.8839 
30.0832 80.162 32.9848 15.5242 44.6544 57.3149 33.2415 24.0208 39.3406 9.21954 28.3019 52.6154 46.0435 21.587 38.9102 42.4382 0.0 23.0868 40.7922 87.6493 42.2606 54.1516 51.0392 69.9714 29.1204 38.0789 52.1536 71.2533 28.0713 81.5553 13.0384 43.6069 77.346 34.4819 52.4257 34.8281 45.4863 35.4683 45.0999 77.9062 13.3417 19.7231 70.8378 28.1359 20.2485 25.4951 18.2483 16.4924 74.3506 49.3964 
53.1413 102.679 39.0512 27.2029 67.1527 70.3278 28.178 46.3897 57.3149 19.8494 40.7185 70.7908 68.593 32.7567 57.8705 53.8516 23.0868 0.0 44.5982 105.825 59.6657 72.3269 61.3514 92.5905 37.6962 26.1725 61.6847 94.3667 42.4382 104.072 29.0 61.7822 95.1292 37.3363 67.1193 20.0 68.0 41.0 67.7422 96.0815 13.4536 17.72 93.9202 46.3113 34.4819 26.4764 41.2311 12.53 96.8675 72.0069 
54.7814 104.525 8.0 25.318 72.4031 31.0644 18.7883 42.1545 78.2128 48.3839 17.4642 85.217 64.9394 62.3699 50.8969 16.7631 40.7922 44.5982 0.0 110.704 81.1328 85.5522 91.5478 93.6194 69.857 27.8927 92.7793 83.5814 68.2642 110.094 53.7587 76.3724 109.168 74.3303 31.4006 32.6956 71.5891 75.9605 66.2908 104.772 47.8539 55.9017 90.2122 67.0082 23.1948 64.0781 44.1475 50.1199 98.7723 74.3663 
57.3153 7.0 103.587 92.6424 49.7679 100.081 113.899 68.8099 50.1597 86.0317 93.2482 35.8469 58.2704 76.0263 81.039 102.368 87.6493 105.825 110.704 0.0 49.6488 34.0147 65.123 19.2354 75.9605 121.696 67.0671 42.5793 66.7083 11.1803 76.8271 44.2444 13.0 83.8153 93.4347 120.013 40.7997 79.1202 58.6853 9.84886 92.4206 91.7878 32.249 71.5134 89.4203 87.7268 70.0981 94.1141 31.9317 36.9317 
33.8711 47.8539 73.134 56.2494 16.6433 95.2186 75.4871 46.5175 4.12311 40.2244 65.8302 14.1421 59.7906 27.6586 65.2806 78.6481 42.2606 59.6657 81.1328 49.6488 0.0 16.1245 21.6333 44.1022 26.4008 80.0579 23.8537 59.9333 17.8045 52.345 31.0644 12.8062 37.5766 34.2053 90.2252 76.1577 26.0768 29.6142 52.9906 39.8497 46.2277 43.9318 53.4509 26.1246 58.3346 38.5876 41.2196 47.4236 48.2099 29.0689 
30.8005 31.7805 78.1357 65.025 17.4642 92.0767 86.4253 43.447 16.1555 52.5339 68.12 2.0 52.6367 42.0595 62.1387 78.6295 54.1516 72.3269 85.5522 34.0147 16.1245 0.0 35.4401 28.4429 42.0595 93.6185 37.6431 51.9754 32.6956 36.2215 43.3293 11.6619 22.8035 50.2195 87.0833 88.0959 19.1308 45.7056 53.0516 24.1661 58.9229 57.9828 40.4953 38.0156 62.9668 53.7122 42.2286 60.6053 32.8035 21.3246 
55.0385 65.0692 83.6002 66.2722 37.4833 103.213 83.2947 59.1238 24.8395 45.2769 76.9025 33.5261 80.958 30.1496 78.5226 89.8443 51.0392 61.3514 91.5478 65.123 21.6333 35.4401 0.0 63.7887 23.7697 85.703 2.23607 81.4125 23.3452 70.2567 38.0132 34.4093 52.1536 25.807 98.2199 80.5233 47.7074 21.095 74.158 56.0 49.2443 43.6578 74.6744 37.3209 69.2315 35.3412 52.4159 49.0408 68.2409 50.6063 
40.6079 12.3693 86.5025 75.743 36.6879 80.8587 96.8796 51.7253 43.0116 73.5031 76.1636 30.4138 39.0482 66.7083 61.8167 83.146 69.9714 92.5905 93.6194 19.2354 44.1022 28.4429 63.7887 0.0 68.4767 104.89 65.9697 25.0799 58.5518 12.0416 65.6345 34.3657 21.4709 77.2586 74.2124 103.407 24.5967 73.0631 39.463 16.1555 80.1891 81.4825 14.7648 61.0818 72.3357 78.8543 53.4135 82.6297 16.0828 20.5913 
39.8121 73.7631 62.0967 44.643 33.1361 84.5412 60.0083 43.1856 25.9615 22.0227 56.8595 40.1622 60.1796 7.61577 62.2415 70.6612 29.1204 37.6962 69.857 75.9605 26.4008 42.0595 23.7697 68.4767 0.0 61.9839 24.3311 79.4353 10.0 77.8781 16.5529 34.1321 63.9766 9.21954 79.5478 56.7539 46.0977 7.07107 58.9408 66.1287 25.4951 20.1246 75.1665 22.5529 48.8467 12.7279 36.0694 25.2982 72.3939 50.04 
64.3817 115.576 27.0185 29.2062 80.8046 58.6941 10.0499 53.6004 77.1379 40.8044 35.171 90.4128 74.0192 55.7853 56.5694 43.0465 38.0789 26.1725 27.8927 121.696 80.0579 93.6185 85.703 104.89 61.9839 0.0 86.3134 100.406 64.5136 116.846 49.3964 84.7738 115.913 63.0317 58.0345 6.7082 81.3204 66.2722 73.5024 116.474 36.4966 43.0465 103.965 65.9333 34.0 52.0384 51.6236 37.1214 109.765 84.8646 
57.195 67.1193 84.8528 67.4759 39.6232 104.786 84.1487 60.6966 27.0185 46.0977 78.339 35.7351 83.1145 31.0161 80.0955 91.3947 52.1536 61.6847 92.7793 67.0671 23.8537 37.6431 2.23607 65.9697 24.3311 86.3134 0.0 83.6481 24.7386 72.3395 39.1152 36.6197 54.0833 25.5539 99.7927 81.0247 49.93 21.0238 76.3145 58.0086 49.8197 43.9659 76.9105 38.8938 70.6116 35.4683 53.9888 49.4773 70.4401 52.8394 
42.0476 35.6931 77.9736 71.6938 46.5725 63.1348 91.5275 48.1364 57.3847 77.3175 67.3529 51.6508 26.4008 75.4255 46.1873 66.8436 71.2533 94.3667 83.5814 42.5793 59.9333 51.9754 81.4125 25.0799 79.4353 100.406 83.6481 0.0 69.6348 32.0624 71.0 47.5395 46.5188 88.6485 57.1402 100.32 34.176 85.3756 26.9258 41.2311 83.6002 87.0517 10.4403 69.5059 66.5281 87.2067 53.0966 86.4696 37.2029 30.8707 
31.8617 64.195 60.2993 43.0465 23.1948 80.1618 61.0 36.4005 16.5529 23.7697 53.6004 30.8707 52.2912 9.89949 55.8032 66.7308 28.0713 42.4382 68.2642 66.7083 17.8045 32.6956 23.3452 58.5518 10.0 64.5136 24.7386 69.6348 0.0 68.1542 15.2971 24.1868 55.0727 19.105 75.1684 60.0083 36.1248 15.8114 51.0523 56.8595 29.1548 26.1725 65.192 14.6023 45.8912 21.0238 29.6816 30.0 62.469 40.05 
52.4976 5.83095 98.5173 87.7268 47.8804 91.7061 108.894 63.7401 51.9711 84.9839 88.1785 38.2099 49.9309 76.9899 72.6995 94.0287 81.5553 104.072 110.094 11.1803 52.345 36.2215 70.2567 12.0416 77.8781 116.846 72.3395 32.0624 68.1542 0.0 77.1153 44.9506 20.5913 86.3134 85.0941 115.256 36.0726 81.8841 50.3458 15.2315 91.6699 92.6462 22.0227 72.2454 84.3506 88.9425 65.2993 94.1105 27.2047 32.2025 
29.0689 73.7078 45.8912 28.4429 29.7528 68.1082 45.7056 28.6531 28.4253 9.21954 40.3113 41.7932 48.2701 8.94427 46.8615 54.1202 13.0384 29.0 53.7587 76.8271 31.0644 43.3293 38.0132 65.6345 16.5529 49.3964 39.1152 71.0 15.2971 77.1153 0.0 32.7846 66.1316 23.3452 63.1148 45.1774 41.0471 23.3238 47.0744 67.0839 15.6205 16.2788 68.7314 17.3137 32.311 17.088 21.4709 17.4929 69.9107 45.0679 
21.6206 41.1251 68.9558 56.1803 6.08276 82.9682 77.5806 34.2671 9.84886 41.9892 58.9402 10.7703 46.3122 32.573 53.0301 69.4496 43.6069 61.7822 76.3724 44.2444 12.8062 11.6619 34.4093 34.3657 34.1321 84.7738 36.6197 47.5395 24.1868 44.9506 32.7846 0.0 33.9411 43.0116 77.9748 77.5512 13.4164 39.0512 46.727 34.5013 48.3782 47.8539 41.7732 27.4709 54.1222 44.643 33.3839 50.0716 38.2843 16.7631 
52.7602 14.7648 100.095 87.3199 39.4646 99.6406 108.72 65.4067 38.5876 75.3362 91.7126 24.4131 57.8301 64.6607 80.5986 101.928 77.346 95.1292 109.168 13.0 37.5766 22.8035 52.1536 21.4709 63.9766 115.913 54.0833 46.5188 55.0727 20.5913 66.1316 33.9411 0.0 71.5122 92.9943 113.825 39.264 66.7308 58.2449 5.65685 81.7251 80.7094 36.2353 60.8179 85.2618 76.0592 64.5235 83.4086 30.3961 35.3961 
48.8467 82.0 66.8506 49.6588 42.2966 91.2332 62.514 51.4004 34.3657 26.0 62.7694 48.2701 69.089 15.0 70.0928 76.8505 34.4819 37.3363 74.3303 83.8153 34.2053 50.2195 25.807 77.2586 9.21954 63.0317 25.5539 88.6485 19.105 86.3134 23.3452 43.0116 71.5122 0.0 86.2398 57.2189 55.2268 5.0 67.8501 74.0405 27.2947 20.0 84.2912 31.632 54.7083 11.0 44.2041 26.0192 81.1758 59.1354 
56.2745 86.5744 31.1448 40.3113 74.0055 7.0 48.0937 43.2786 86.5934 61.6362 26.4008 86.7588 39.9604 72.0094 25.9826 15.0 52.4257 67.1193 31.4006 93.4347 90.2252 87.0833 98.2199 74.2124 79.5478 58.0345 99.7927 57.1402 75.1684 85.0941 63.1148 77.9748 92.9943 86.2398 0.0 61.5224 72.4565 86.4268 41.3118 88.5982 64.405 71.8401 64.405 72.899 33.2866 77.8772 46.9302 67.424 82.5982 67.0704 
62.8013 113.893 30.4138 28.6356 78.7163 62.8172 13.9284 52.8394 73.285 36.2491 37.1214 86.5598 73.9334 50.9215 57.8879 46.6905 34.8281 20.0 32.6956 120.013 76.1577 88.0959 80.5233 103.407 56.7539 6.7082 81.0247 100.32 60.0083 115.256 45.1774 77.5512 113.825 57.2189 61.5224 0.0 79.3977 60.6712 73.4098 114.385 31.3209 37.3363 102.44 62.0803 34.4819 46.2709 50.0 31.5753 108.082 83.0963 
17.2047 34.6794 64.4127 52.4976 13.0 77.4499 73.8783 29.5296 23.2594 48.9157 54.1295 18.8062 33.5172 43.1856 47.5119 64.1094 45.4863 68.0 71.5891 40.7997 26.0768 19.1308 47.7074 24.5967 46.0977 81.3204 49.93 34.176 36.1248 36.0726 41.0471 13.4164 39.264 55.2268 72.4565 79.3977 0.0 51.6236 33.932 34.868 55.6017 57.3065 29.0689 37.257 49.93 55.3263 29.7321 58.0423 28.868 4.12311 
46.5832 77.4661 68.3081 50.9215 38.833 91.4202 65.123 50.2494 30.0666 27.6586 63.5059 43.7379 67.0127 14.4222 69.3109 77.4145 35.4683 41.0 75.9605 79.1202 29.6142 45.7056 21.095 73.0631 7.07107 66.2722 21.0238 85.3756 15.8114 81.8841 23.3238 39.0512 66.7308 5.0 86.4268 60.6712 51.6236 0.0 65.7738 69.3758 30.0 23.3452 80.6226 29.3238 55.4617 14.5602 43.1393 29.1548 77.0298 55.4437 
19.9963 51.825 52.6466 44.7772 36.7709 47.9387 64.6243 21.3776 49.3588 52.0865 42.1188 52.727 1.41421 53.2203 28.8967 50.2259 45.0999 67.7422 66.2908 58.6853 52.9906 53.0516 74.158 39.463 58.9408 73.5024 76.3145 26.9258 51.0523 50.3458 47.0744 46.727 58.2449 67.8501 41.3118 73.4098 33.932 65.7738 0.0 53.8489 58.0 62.3939 30.4644 48.45 39.6249 64.0312 27.0 61.0082 47.8489 32.3211 
51.3836 9.48683 97.6554 86.7107 40.0248 95.2445 107.967 62.8782 40.3113 76.2885 87.3165 26.0 53.434 66.1891 76.2025 97.5318 77.9062 96.0815 104.772 9.84886 39.8497 24.1661 56.0 16.1555 66.1287 116.474 58.0086 41.2311 56.8595 15.2315 67.0839 34.5013 5.65685 74.0405 88.5982 114.385 34.868 69.3758 53.8489 0.0 82.6775 81.9878 30.8707 61.7702 83.4886 77.8781 64.1664 84.3709 26.0 31.0 
41.7732 90.2767 40.8167 24.7588 54.7506 68.7677 35.2278 37.2156 43.8634 6.7082 38.8973 57.3867 59.0085 19.6977 52.0 53.0377 13.3417 13.4536 47.8539 92.4206 46.2277 58.9229 49.2443 80.1891 25.4951 36.4966 49.8197 83.6002 29.1548 91.6699 15.6205 48.3782 81.7251 27.2947 64.405 31.3209 55.6017 30.0 58.0 82.6775 0.0 8.06226 82.4621 32.9072 31.241 16.4924 31.0 3.16228 84.4653 59.6154 
45.0111 88.7036 48.8774 32.6497 44.8398 76.4199 42.7551 42.45 42.2019 10.7703 46.6905 56.3028 63.5059 16.2788 58.5918 60.8769 19.7231 17.72 55.9017 91.7878 43.9318 57.9828 43.6578 81.4825 20.1246 43.0465 43.9659 87.0517 26.1725 92.6462 16.2788 47.8539 80.7094 20.0 71.8401 37.3363 57.3065 23.3452 62.3939 81.9878 8.06226 0.0 85.0 32.4008 38.8973 9.0 35.6931 6.08276 85.4416 61.3273 
40.8044 25.318 84.6044 74.3701 42.0476 70.7743 95.0867 50.3113 51.4198 75.9276 73.9836 42.4304 30.0495 72.0278 52.2165 73.5458 70.8378 93.9202 90.2122 32.249 53.4509 40.4953 74.6744 14.7648 75.1665 103.965 76.9105 10.4403 65.192 22.0227 68.7314 41.7732 36.2353 84.2912 64.405 102.44 29.0689 80.6226 30.4644 30.8707 82.4621 85.0 0.0 66.0333 70.0873 84.0972 52.9245 85.1469 27.6918 25.1794 
29.2594 68.3941 59.0094 42.1248 24.4391 77.8923 61.3624 33.8029 23.2047 26.5183 51.7056 36.4795 49.6889 18.0 53.2017 64.5235 28.1359 46.3113 67.0082 71.5134 26.1246 38.0156 37.3209 61.0818 22.5529 65.9333 38.8938 69.5059 14.6023 72.2454 17.3137 27.4709 60.8179 31.632 72.899 62.0803 37.257 29.3238 48.45 61.7702 32.9072 32.4008 66.0333 0.0 44.2099 30.0832 27.095 34.6007 65.0408 41.3553 
32.7567 83.3 15.2971 7.28011 50.1529 37.5366 25.0 20.6155 55.4146 29.2062 8.06226 62.9668 40.1417 41.2311 24.0 22.2036 20.2485 34.4819 23.1948 89.4203 58.3346 62.9668 69.2315 72.3357 48.8467 34.0 70.6116 66.5281 45.8912 84.3506 32.311 54.1222 85.2618 54.7083 33.2866 34.4819 49.93 55.4617 39.6249 83.4886 31.241 38.8973 70.0873 44.2099 0.0 45.607 21.1896 34.2053 77.4886 53.0094 
45.7056 85.0941 56.7979 39.9625 42.4264 82.807 51.6236 45.618 37.5766 16.4012 53.6004 51.8941 65.2534 12.1655 63.2456 67.8012 25.4951 26.4764 64.0781 87.7268 38.5876 53.7122 35.3412 78.8543 12.7279 52.0384 35.4683 87.2067 21.0238 88.9425 17.088 44.643 76.0592 11.0 77.8772 46.2709 55.3263 14.5602 64.0312 77.8781 16.4924 9.0 84.0972 30.0832 45.607 0.0 38.4838 15.0333 82.7805 59.4138 
12.8062 63.9778 36.4005 22.8035 29.4147 51.9236 44.2041 7.2111 38.2997 25.1794 27.1662 42.2286 28.0179 29.2062 26.2488 38.5831 18.2483 41.2311 44.1475 70.0981 41.2196 42.2286 52.4159 53.4135 36.0694 51.6236 53.9888 53.0966 29.6816 65.2993 21.4709 33.3839 64.5235 44.2041 46.9302 50.0 29.7321 43.1393 27.0 64.1664 31.0 35.6931 52.9245 27.095 21.1896 38.4838 0.0 34.0147 58.1664 33.2415 
44.5533 90.9948 43.2666 27.5862 47.0398 71.7008 36.6742 40.3113 45.2769 9.21954 41.7732 59.0339 62.0322 20.2485 55.1543 55.8659 16.4924 12.53 50.1199 94.1141 47.4236 60.6053 49.0408 82.6297 25.2982 37.1214 49.4773 86.4696 30.0 94.1105 17.4929 50.0716 83.4086 26.0192 67.424 31.5753 58.0423 29.1548 61.0082 84.3709 3.16228 6.08276 85.1469 34.6007 34.2053 15.0333 34.0147 0.0 86.9058 62.063 
45.3836 25.8114 91.6554 80.7107 40.6757 89.2445 101.967 56.8782 27.0 77.7792 81.3165 34.7386 47.434 70.6383 70.2025 91.5318 74.3506 96.8675 98.7723 31.9317 48.2099 32.8035 68.2409 16.0828 72.3939 109.765 70.4401 37.2029 62.469 27.2047 69.9107 38.2843 30.3961 81.1758 82.5982 108.082 28.868 77.0298 47.8489 26.0 84.4653 85.4416 27.6918 65.0408 77.4886 82.7805 58.1664 86.9058 0.0 25.0 
20.5183 30.8114 67.2494 55.9017 17.0294 73.7167 77.2334 32.45 26.5707 52.9364 56.9106 21.0 31.9062 47.2652 50.2863 66.8839 49.3964 72.0069 74.3663 36.9317 29.0689 21.3246 50.6063 20.5913 50.04 84.8646 52.8394 30.8707 40.05 32.2025 45.0679 16.7631 35.3961 59.1354 67.0704 83.0963 4.12311 55.4437 32.3211 31.0 59.6154 61.3273 25.1794 41.3553 53.0094 59.4138 33.2415 62.063 25.0 0.0 
DEMAND_SCENARIO_SECTION
0 0 0 0 0 0 0 0 0 0 0 0 0 0 0 0 0 0 0 0 0 0 0 0 0 0 0 0 0 0 0 0 0 0 0 0 0 0 0 0 0 0 0 0 0 0 0 0 0 0 0 0 0 0 0 0 0 0 0 0 0 0 0 0 0 0 0 0 0 0 0 0 0 0 0 0 0 0 0 0 0 0 0 0 0 0 0 0 0 0 0 0 0 0 0 0 0 0 0 0 0 0 0 0 0 0 0 0 0 0 0 0 0 0 0 0 0 0 0 0 0 0 0 0 0 0 0 0 0 0 0 0 0 0 0 0 0 0 0 0 0 0 0 0 0 0 0 0 0 0 0 0 0 0 0 0 0 0 0 0 0 0 0 0 0 0 0 0 0 0 0 0 0 0 0 0 0 0 0 0 0 0 0 0 0 0 0 0 0 0 0 0 0 0 0 0 0 0 0 0 
4 6 1 1 5 5 2 5 3 4 3 7 3 3 5 3 3 4 4 6 2 3 2 5 4 3 3 4 4 1 4 4 4 3 6 4 2 7 3 6 5 4 6 4 7 4 5 3 4 6 4 4 4 2 3 5 5 4 5 3 6 4 4 3 2 3 6 5 6 4 8 3 7 4 4 5 4 3 4 3 4 7 5 4 5 4 3 5 5 5 2 6 3 6 2 1 2 6 6 4 7 5 4 5 4 4 5 3 5 2 4 3 7 4 4 4 3 5 4 4 5 3 2 2 3 4 7 5 2 5 5 5 4 4 5 3 4 5 4 5 4 3 2 5 3 5 4 4 6 4 2 5 4 6 3 4 4 4 4 5 4 4 4 5 4 5 3 3 6 5 5 4 2 6 3 4 4 5 4 3 3 4 1 4 3 3 4 5 5 5 4 3 4 4 5 4 5 3 2 2 
3 1 4 5 3 3 5 3 5 4 3 1 3 5 5 4 4 5 2 4 8 5 5 8 3 5 6 3 5 4 5 5 4 4 6 4 6 4 0 4 5 5 4 4 4 6 6 5 6 4 6 4 5 4 3 3 4 3 5 5 3 2 4 6 4 2 4 5 1 7 5 4 3 2 1 5 5 5 3 2 4 4 3 5 4 4 4 3 3 5 5 1 3 5 4 5 4 6 3 4 4 4 2 3 3 4 6 3 4 4 6 3 3 4 4 2 3 4 4 2 5 5 7 3 1 6 6 1 5 2 1 4 4 7 5 4 5 5 4 5 5 5 4 4 5 2 4 3 2 5 3 3 4 4 3 5 2 3 3 5 5 6 3 6 5 3 5 3 3 2 5 3 6 3 3 4 3 3 4 6 3 5 4 2 1 2 2 4 3 5 7 4 6 6 4 3 5 4 3 3 
1 1 1 1 1 1 1 1 1 1 1 1 1 1 1 1 2 1 1 1 1 2 1 1 1 1 2 1 1 1 0 1 1 1 2 1 1 1 2 1 1 0 1 1 1 1 1 1 1 1 1 1 1 2 1 2 1 1 1 2 1 1 2 1 2 1 1 0 1 0 1 1 1 1 1 1 1 1 2 1 1 1 1 1 0 2 1 1 1 1 1 1 1 0 1 1 1 1 1 1 1 1 1 1 1 1 1 1 1 2 1 1 1 1 1 1 1 1 1 1 2 1 1 0 1 1 1 1 1 1 0 1 1 1 1 1 1 0 2 1 1 1 1 1 0 1 1 0 1 1 1 1 1 1 1 1 1 1 1 1 1 1 1 1 1 1 1 1 1 1 0 1 1 2 1 1 1 1 1 1 1 1 2 1 1 1 1 1 1 1 1 2 1 1 1 1 1 1 1 1 
4 3 7 3 5 3 2 5 3 4 2 1 5 3 5 5 1 3 2 2 4 4 4 2 4 4 5 7 5 6 5 2 6 5 3 5 7 3 4 5 2 3 3 2 4 4 2 3 3 5 4 6 5 4 6 6 4 5 4 4 0 3 4 3 3 5 3 4 1 5 3 5 7 4 4 3 5 5 5 5 3 3 5 3 5 6 4 4 6 5 3 4 2 0 5 4 3 7 3 3 4 5 4 5 2 5 4 6 2 3 4 4 3 4 2 4 3 6 3 3 5 5 4 3 4 5 3 5 6 4 2 2 4 4 5 3 4 5 3 1 4 2 5 5 2 5 4 5 3 5 3 2 4 4 3 4 4 2 5 6 3 5 3 4 2 3 4 4 5 5 8 1 4 6 3 3 3 6 2 3 5 5 4 6 6 7 6 6 5 5 3 4 7 2 4 3 4 3 3 5 
7 16 12 13 7 5 10 9 12 14 7 12 6 17 18 7 11 12 11 7 12 7 10 3 8 8 10 17 11 11 11 6 15 13 5 5 10 15 9 7 9 10 3 8 8 17 12 5 9 10 10 9 10 6 5 7 10 11 10 16 5 12 17 8 10 11 14 10 5 17 12 13 12 10 8 6 9 11 3 11 9 13 9 5 6 5 8 6 13 9 11 8 9 12 5 13 7 12 6 15 8 8 7 11 8 13 8 11 10 11 9 8 10 8 8 14 5 8 8 11 10 12 9 10 2 9 15 10 9 12 9 6 12 10 10 10 11 15 6 9 12 10 11 9 16 14 13 10 8 10 15 9 11 0 6 12 8 6 9 8 15 16 7 7 16 11 7 11 14 6 15 15 10 7 18 7 14 10 8 7 6 13 10 14 16 11 10 18 11 10 15 10 18 10 14 14 4 7 9 9 
9 5 14 11 15 7 12 9 6 14 13 10 11 5 11 8 10 5 12 10 10 12 16 7 6 15 8 8 12 11 16 13 11 9 8 12 5 9 4 8 11 6 13 11 16 11 10 7 16 9 11 10 13 9 13 4 10 2 13 16 6 12 17 9 1 6 12 9 7 12 13 16 5 14 12 8 9 9 10 13 7 9 6 3 14 14 4 10 16 11 14 7 9 15 13 6 9 6 10 13 5 8 16 11 10 19 11 8 11 15 10 12 19 12 6 10 15 8 6 17 7 10 12 11 2 12 8 6 10 11 15 6 11 1 7 8 12 14 12 8 14 11 8 11 12 11 9 14 14 11 9 12 14 6 8 4 7 15 16 12 8 12 14 7 8 12 12 8 12 8 16 10 13 14 10 8 8 17 10 13 13 15 11 14 7 7 16 7 11 8 7 10 14 14 13 1 7 14 8 14 
6 4 3 7 6 3 5 4 5 7 10 4 4 6 7 6 7 2 8 9 8 4 7 3 4 6 6 3 6 8 8 8 2 4 9 8 6 7 6 8 3 6 12 7 5 4 8 9 5 5 7 8 4 8 7 6 7 3 5 6 4 6 4 4 4 6 9 4 9 7 5 6 4 7 6 7 6 8 6 10 9 5 9 7 5 8 10 7 4 4 7 6 7 3 4 3 5 8 5 4 7 2 3 5 7 3 7 5 8 7 7 6 5 3 4 10 9 9 4 8 10 10 6 5 5 6 7 5 8 7 9 8 6 7 3 4 7 8 4 7 8 5 2 6 5 7 4 7 9 6 4 6 5 9 7 7 4 5 6 6 8 4 8 7 6 8 4 4 5 7 9 5 7 6 6 8 9 4 10 2 7 6 8 2 9 2 6 9 4 7 3 8 8 5 5 10 8 8 4 6 
3 4 3 3 6 5 6 5 3 4 7 5 5 4 5 4 5 3 3 4 3 4 6 3 4 4 4 3 3 6 4 3 5 4 5 4 4 4 3 2 6 4 3 5 3 5 5 4 3 6 3 4 3 4 5 4 5 6 6 3 3 4 2 6 1 3 5 5 4 4 6 5 4 3 5 3 5 3 4 3 5 5 4 4 4 5 1 1 5 4 3 4 3 2 5 3 5 5 5 6 2 3 5 4 4 8 5 5 4 3 3 5 3 3 3 4 5 4 2 4 3 3 4 6 4 7 3 5 4 5 4 4 1 4 5 5 4 7 4 3 6 5 5 5 5 5 5 3 2 3 3 3 4 4 4 3 5 4 4 4 4 5 5 5 6 6 5 4 3 4 5 4 3 1 5 4 3 5 5 3 5 6 2 4 3 3 3 3 5 3 6 5 3 5 4 4 4 5 4 2 
1 1 1 0 1 1 2 1 1 1 1 1 1 1 1 1 2 1 1 1 2 1 1 1 1 1 1 1 1 1 1 1 0 1 1 1 1 1 1 1 0 1 1 1 1 0 1 1 1 1 1 1 1 2 0 1 1 1 1 0 1 1 1 2 1 1 1 1 1 1 1 1 2 1 1 1 1 1 1 1 1 1 2 2 1 1 1 1 1 1 1 1 1 1 2 1 1 1 1 1 0 1 1 1 1 1 1 1 1 1 0 1 1 1 1 1 1 0 1 1 2 1 1 1 1 2 1 1 1 0 2 1 2 1 1 1 0 1 0 1 0 1 1 1 1 1 1 1 1 1 1 1 1 0 1 1 0 1 2 2 1 1 1 1 1 1 1 1 1 1 1 1 1 1 1 2 1 1 1 1 1 1 1 1 1 0 1 0 1 1 1 1 1 1 1 1 1 2 1 1 
7 5 8 4 4 2 4 7 4 4 4 7 10 4 11 7 6 6 5 6 5 6 8 8 7 7 6 7 4 8 7 6 4 6 6 8 10 6 9 5 7 5 6 0 4 8 7 4 8 5 6 4 5 6 3 9 10 2 6 3 5 7 4 7 5 8 8 7 10 6 8 6 6 3 5 4 6 5 6 6 5 7 9 4 4 4 5 9 7 3 7 3 6 6 8 7 9 3 5 6 2 3 6 8 5 3 4 6 3 5 5 7 11 8 7 7 6 5 5 9 6 7 4 3 1 9 5 11 5 4 5 7 8 2 8 6 4 6 7 2 4 8 6 6 8 9 8 7 5 5 9 6 6 6 9 6 6 6 3 6 4 6 5 5 7 6 6 5 5 3 11 5 3 9 9 7 7 7 7 8 10 5 6 10 5 2 4 10 5 7 7 6 7 5 5 6 6 6 11 4 
1 1 1 1 1 0 1 1 1 1 1 1 2 1 1 1 1 1 1 1 2 1 1 1 1 1 2 1 1 2 1 1 1 1 0 1 1 1 1 1 1 1 1 1 1 1 1 1 1 1 0 1 1 1 1 1 1 1 1 2 1 1 1 1 1 1 1 1 1 2 1 1 1 1 1 2 1 1 1 0 1 1 1 1 1 1 1 1 1 1 1 1 1 1 1 1 1 1 1 1 1 1 0 1 0 1 1 1 1 1 1 1 0 2 1 0 1 1 1 1 1 1 2 1 1 1 1 1 1 1 1 1 1 1 0 1 0 1 1 1 1 1 1 1 1 0 1 1 1 1 1 1 1 1 1 1 0 1 1 2 1 1 1 2 1 1 1 1 1 1 0 1 1 1 1 1 1 1 1 1 1 1 1 1 1 1 1 1 1 1 1 1 1 1 1 0 1 1 1 1 
9 7 13 9 6 4 4 7 12 10 10 9 8 7 12 10 6 10 4 8 9 7 8 9 9 9 8 14 10 8 10 6 9 5 13 4 7 12 4 8 8 12 12 7 13 11 10 8 3 8 7 7 12 13 11 12 8 9 9 6 15 9 6 8 10 13 2 10 9 6 12 10 12 10 12 4 3 8 10 6 10 10 8 7 10 15 10 5 12 7 6 13 8 9 3 4 11 12 10 8 15 9 9 12 10 11 9 5 9 8 5 11 10 13 17 9 9 8 10 7 8 4 8 10 8 13 13 7 8 10 6 5 9 6 5 14 12 2 6 8 11 16 10 9 7 8 8 10 7 12 10 9 16 7 10 13 5 8 10 9 12 7 8 9 8 11 8 4 6 10 14 10 9 8 12 9 8 6 14 6 10 10 4 7 5 13 5 14 9 14 10 13 9 11 5 8 10 10 11 8 
1 2 1 1 0 1 1 1 1 1 1 1 1 1 1 1 1 1 1 1 2 1 1 1 1 1 1 1 1 1 1 1 1 1 1 0 0 0 1 1 1 1 1 1 0 1 1 1 1 1 1 0 1 1 1 1 1 2 1 1 0 1 1 1 1 1 1 1 1 2 1 0 1 1 2 0 1 1 0 1 0 1 1 1 1 1 1 0 1 1 1 1 2 1 1 1 0 1 1 1 1 0 1 1 1 1 1 1 1 1 1 1 1 1 1 1 0 1 1 1 1 1 1 1 1 1 1 1 1 1 1 1 2 1 1 1 1 1 1 2 1 1 1 2 1 1 1 2 1 1 1 1 1 1 1 1 1 2 2 1 1 1 1 1 1 1 1 0 1 1 1 1 1 1 1 1 1 1 1 1 1 1 1 1 2 1 1 1 1 1 2 1 1 1 1 1 1 1 1 1 
7 9 8 4 7 9 6 6 10 8 8 6 7 4 5 9 10 9 8 7 4 7 6 7 7 9 7 6 6 9 6 9 11 7 6 7 5 5 7 7 10 5 12 10 7 7 8 8 8 6 7 7 4 4 8 5 9 6 7 9 11 8 4 5 7 6 8 7 8 5 4 6 9 6 10 10 7 10 11 1 9 7 9 10 8 3 3 8 6 10 6 9 9 8 6 7 8 9 5 8 7 10 4 6 4 9 3 9 5 12 3 7 10 7 6 9 8 3 10 5 5 9 10 6 6 7 10 7 4 10 8 5 7 6 6 4 6 9 8 7 7 6 7 8 7 9 11 7 10 6 6 3 9 6 2 5 7 6 11 9 11 7 11 7 7 10 7 11 8 9 6 8 5 5 4 9 7 7 6 7 5 8 9 5 8 9 8 8 5 6 7 13 5 6 8 4 6 10 6 7 
6 5 6 5 6 6 5 6 4 5 4 9 4 7 5 4 6 5 8 2 7 6 6 4 1 3 5 8 3 4 7 3 6 6 7 6 5 8 6 5 5 3 6 4 3 8 8 6 2 6 5 6 6 2 4 7 4 7 4 5 5 5 4 5 5 5 5 4 4 5 5 3 5 3 5 8 6 7 7 4 7 2 8 7 6 5 1 9 4 6 7 7 6 6 7 3 4 4 3 7 3 8 5 6 10 6 4 3 2 4 4 6 7 4 5 6 3 4 7 5 4 5 4 5 4 5 5 6 4 7 2 5 5 5 7 5 8 5 4 6 4 3 7 5 3 4 4 5 5 6 4 7 8 8 8 6 5 6 4 4 4 3 4 7 5 7 5 6 8 6 6 4 3 7 3 6 5 7 7 7 5 4 4 5 5 5 4 6 7 4 4 5 3 3 6 2 3 6 3 5 
5 5 3 4 4 4 3 5 5 3 3 7 3 2 4 5 1 3 5 5 2 6 3 5 2 3 4 5 6 4 6 4 5 3 3 5 3 3 4 5 4 5 3 4 5 3 4 4 7 5 6 5 5 5 4 5 3 5 5 2 6 2 4 3 5 6 5 5 4 5 5 6 4 2 5 4 3 3 7 3 7 6 5 4 4 4 6 4 2 3 5 4 3 6 4 2 6 5 5 6 2 4 3 4 4 4 3 3 5 2 4 4 4 6 4 4 6 4 3 3 6 4 5 4 3 3 3 6 3 5 5 4 6 5 1 3 2 4 3 4 6 3 5 7 7 3 2 7 5 5 4 3 5 6 6 4 3 4 5 3 3 4 3 7 5 7 3 4 4 6 4 5 4 4 2 3 4 2 3 3 3 5 2 5 4 3 4 6 5 3 2 4 3 3 4 2 3 7 6 6 
6 2 7 8 3 5 6 7 7 5 6 7 8 4 6 2 7 5 7 4 8 3 5 2 8 4 6 3 4 6 2 7 6 5 5 6 5 5 7 7 6 7 7 9 5 3 4 5 4 1 4 6 5 7 6 6 8 4 5 6 5 7 5 8 4 5 5 6 8 3 3 5 4 6 5 3 3 7 3 4 4 6 4 7 3 10 5 4 9 2 5 6 8 6 9 2 5 4 3 2 5 5 4 5 4 4 4 6 5 4 9 6 3 4 5 5 8 3 6 3 3 4 3 3 5 3 5 5 3 5 4 7 6 3 3 5 2 6 5 5 6 7 7 5 6 6 5 6 5 6 5 8 7 9 3 5 3 6 6 8 6 4 7 4 4 4 5 5 9 6 7 6 3 6 7 6 6 7 5 10 5 3 4 7 6 5 4 8 6 7 6 5 7 5 7 3 4 6 6 5 
5 12 7 10 15 7 13 9 7 6 5 6 8 3 6 5 11 6 8 10 13 9 10 11 12 4 6 10 7 9 5 9 8 10 9 10 6 10 7 7 7 11 7 14 6 4 5 9 8 4 8 8 9 10 8 10 8 4 12 6 11 3 9 10 6 9 8 10 5 6 8 10 11 5 11 11 9 9 7 10 8 7 5 12 12 0 9 10 9 5 7 12 8 9 8 10 7 13 6 8 9 10 6 5 3 13 13 5 10 8 13 9 7 3 8 15 3 9 5 9 10 7 8 11 15 6 10 10 12 4 12 6 5 9 8 6 5 5 4 5 10 10 9 6 3 11 3 10 10 9 9 11 9 7 10 13 6 9 9 7 13 9 13 12 6 9 11 9 11 10 2 2 10 10 8 10 7 6 10 3 9 10 9 7 12 9 8 6 8 6 11 8 8 5 10 5 13 6 6 4 
4 2 4 2 2 4 3 3 4 2 4 3 4 4 3 3 3 3 2 3 4 4 3 2 5 4 4 3 3 3 2 4 4 5 5 2 3 4 4 3 5 3 4 2 4 4 2 2 3 3 2 2 3 2 3 3 2 4 4 3 3 3 3 4 2 2 3 3 3 4 5 3 2 4 1 3 4 3 3 1 3 4 2 3 4 3 2 2 4 5 4 0 4 4 3 1 2 3 3 3 3 3 1 0 3 6 5 3 2 3 2 1 3 2 3 4 2 3 3 3 2 2 3 3 2 4 2 3 3 4 2 3 5 1 3 3 2 2 3 4 5 2 3 4 3 2 2 4 2 3 3 3 0 3 4 3 3 3 4 3 3 4 3 3 4 2 1 3 2 3 4 2 4 3 3 2 3 4 1 3 3 3 3 2 2 5 2 3 4 1 4 3 3 3 5 3 3 3 2 4 
4 3 3 4 3 5 4 3 0 5 5 3 5 5 3 3 4 3 4 3 4 3 2 4 3 6 6 4 3 5 4 5 4 3 1 3 5 3 2 2 6 3 3 6 6 4 6 6 2 4 8 3 3 4 2 3 8 5 6 3 2 4 2 2 5 5 2 5 5 3 6 4 5 4 3 5 5 5 6 5 6 2 4 3 4 2 4 3 5 5 4 5 5 3 3 4 6 4 4 8 5 5 4 6 5 4 6 3 2 5 7 4 5 2 2 5 3 5 3 3 4 6 5 3 5 3 6 5 2 0 5 4 2 6 4 4 3 5 5 5 5 4 6 3 4 5 5 2 5 7 4 3 4 4 3 3 2 3 3 4 4 5 4 2 3 4 5 3 4 5 5 3 3 3 3 3 2 6 6 6 3 7 5 3 5 2 2 5 5 5 5 3 4 5 4 4 3 5 6 6 
8 10 12 4 12 5 14 8 3 13 11 6 11 11 11 15 9 11 0 11 6 11 7 7 4 12 10 8 4 9 4 7 6 10 12 13 7 10 4 5 13 5 10 11 6 7 15 6 8 11 9 6 13 9 5 3 8 8 10 6 8 7 11 10 14 11 6 11 14 6 9 17 3 9 7 2 12 5 13 10 9 9 11 11 10 6 5 2 5 11 10 0 9 6 9 14 9 14 5 10 9 11 9 8 7 10 8 10 9 11 8 9 10 16 5 6 6 8 16 12 12 13 7 12 11 7 9 7 10 5 9 9 13 10 10 12 7 10 5 10 9 5 6 8 8 10 9 10 9 10 12 9 9 9 14 8 12 13 10 7 7 7 12 8 6 7 8 14 8 8 9 8 14 4 12 7 7 9 10 10 4 13 10 14 8 11 10 10 9 4 10 7 7 13 6 6 9 12 11 9 
8 7 8 9 9 6 5 8 4 6 4 5 7 7 9 6 6 4 8 10 8 6 4 5 3 3 7 8 4 7 9 8 5 6 1 6 4 5 6 3 7 3 6 6 10 7 8 8 9 7 9 12 5 6 6 5 5 10 5 2 5 9 7 8 5 8 6 8 7 6 6 6 4 6 0 3 6 6 4 8 4 6 8 7 6 5 8 5 7 10 7 7 5 8 4 3 5 4 7 9 5 7 5 5 4 7 7 4 7 7 6 7 3 6 4 5 3 7 7 6 6 7 8 5 10 6 7 7 8 5 5 7 6 7 5 8 7 2 5 3 4 5 3 5 5 2 6 3 8 9 7 5 8 6 3 9 7 5 5 7 4 5 3 5 8 8 6 5 4 5 6 6 5 3 9 6 5 8 6 6 7 5 6 7 3 7 3 6 3 12 4 4 6 3 6 3 4 5 3 5 
4 9 10 14 9 4 10 7 4 6 10 9 7 10 10 9 9 9 10 9 8 8 7 8 8 8 6 8 5 8 9 9 8 6 4 6 11 5 8 4 7 10 8 3 5 6 4 4 8 9 6 5 6 11 11 5 9 10 5 8 3 7 8 5 10 4 5 7 7 7 11 8 7 10 7 12 5 9 7 9 17 7 4 2 5 15 12 7 9 5 9 11 10 8 8 4 10 6 5 10 8 8 11 9 10 6 7 13 9 5 7 7 13 7 4 5 13 8 2 16 6 4 12 5 8 6 9 2 9 5 4 5 9 13 11 8 5 11 12 4 5 3 8 7 5 11 11 4 10 9 5 11 9 7 11 9 7 11 9 8 8 7 4 6 7 5 11 5 9 12 5 5 8 11 5 8 5 3 7 10 7 9 8 8 3 8 4 10 4 8 8 13 10 2 5 5 12 11 10 4 
2 1 2 3 3 3 3 2 2 2 2 2 1 2 2 1 2 1 3 1 2 3 2 2 2 2 1 3 1 2 3 3 2 2 4 2 2 2 0 1 2 3 1 2 1 1 3 1 2 2 2 2 4 2 2 4 2 2 2 3 3 1 1 3 1 2 2 3 3 2 1 3 2 2 3 2 2 2 3 2 2 2 2 3 2 3 1 2 1 3 2 1 2 1 3 2 1 2 3 2 2 3 1 1 1 2 2 2 2 2 3 2 2 1 1 2 2 3 3 1 1 2 2 2 2 4 2 2 3 3 2 2 1 2 1 2 2 2 2 2 1 2 3 2 3 2 2 1 3 2 2 2 2 1 2 2 3 2 3 2 2 3 3 2 2 2 1 1 3 2 1 2 1 2 1 2 2 2 3 2 4 2 1 3 2 2 1 1 2 2 1 1 1 2 2 2 2 3 2 1 
6 4 6 7 3 5 3 4 4 2 5 6 3 2 4 5 3 2 5 5 7 2 6 5 5 7 4 3 7 6 3 6 5 7 7 3 4 4 5 7 5 6 4 4 6 4 5 5 6 7 7 5 6 2 4 4 7 5 4 4 6 4 5 5 4 4 3 8 7 6 2 6 2 5 4 4 5 4 4 4 3 0 5 5 6 6 3 1 4 7 3 9 6 4 6 6 4 7 3 8 5 8 3 7 4 6 5 4 3 8 4 5 7 5 2 3 5 5 6 5 4 6 5 5 2 2 6 5 4 3 4 8 7 6 7 6 5 3 4 1 5 5 3 4 4 4 2 5 4 3 4 6 7 5 4 8 8 7 2 7 4 6 4 7 4 4 7 7 4 5 5 7 6 4 7 7 6 3 9 4 7 4 7 4 4 4 6 7 6 8 2 4 7 5 4 6 4 5 4 3 
1 3 1 2 2 0 3 2 2 3 1 2 2 3 2 2 1 2 3 3 2 2 2 2 2 1 2 3 3 2 2 2 2 1 3 1 3 1 2 2 2 2 1 2 3 2 3 2 1 2 3 2 1 2 3 2 2 2 1 1 3 2 1 2 1 3 1 2 2 3 2 1 2 3 2 3 2 2 2 2 2 2 2 2 2 3 2 2 3 3 1 1 2 2 0 1 1 2 1 1 1 4 2 2 3 2 3 3 2 1 3 2 4 3 2 2 1 2 1 1 1 2 1 2 2 2 1 3 2 2 2 2 3 2 1 3 2 2 1 2 2 2 2 3 0 3 2 1 2 2 3 1 2 1 2 1 3 1 0 1 3 2 1 2 2 1 1 3 3 2 2 1 2 3 2 2 2 2 2 3 1 2 2 2 2 2 2 2 2 2 2 2 3 3 1 2 3 2 1 3 
2 2 2 3 3 2 2 1 1 2 2 1 2 3 2 1 3 2 3 2 3 2 2 3 2 2 2 2 3 3 1 2 3 2 1 2 1 2 1 1 2 2 3 4 3 3 2 1 2 4 3 1 3 1 3 2 2 2 2 2 2 2 1 3 2 3 3 3 2 2 2 2 2 3 2 2 2 1 2 2 3 3 3 3 1 2 1 2 1 2 3 2 2 2 1 3 2 2 1 2 1 2 1 1 1 2 3 2 2 3 2 2 2 1 2 2 3 2 2 1 3 3 2 2 2 2 2 2 3 3 3 2 2 2 2 2 3 2 3 2 3 3 3 3 1 1 2 1 1 2 2 2 3 3 2 2 2 3 1 3 1 2 3 2 3 2 3 3 3 2 2 1 2 2 3 3 3 2 4 3 3 2 3 2 2 2 3 2 1 2 2 1 2 3 2 2 0 2 2 2 
4 4 2 4 3 4 4 4 1 5 3 5 5 4 1 3 4 2 3 3 2 3 3 2 4 3 1 3 4 4 3 4 3 1 1 3 3 3 3 3 2 3 5 1 4 3 5 3 3 4 4 3 3 3 2 3 4 3 3 2 4 5 4 3 2 3 3 2 5 3 3 2 4 5 2 3 2 3 3 3 4 3 3 2 2 1 5 2 3 4 3 2 2 2 2 1 4 4 4 3 4 4 2 4 2 4 2 2 3 3 3 3 3 3 1 1 2 3 1 2 4 4 3 2 3 1 0 4 3 5 1 2 3 3 3 3 3 4 4 3 4 2 5 2 3 5 4 0 2 3 5 3 4 4 3 4 4 4 4 1 3 5 2 4 4 4 3 3 4 1 3 2 4 2 2 5 3 3 5 2 4 2 2 2 4 3 2 4 3 4 5 3 3 5 3 2 4 0 3 2 
2 2 3 3 1 3 3 3 3 4 2 2 2 6 2 2 2 4 2 1 3 2 2 2 4 1 3 2 1 2 2 2 2 3 4 4 3 2 4 3 3 2 2 4 3 3 4 2 2 3 2 3 4 3 2 3 2 4 3 3 5 3 0 3 3 3 1 1 2 3 3 4 1 2 3 2 5 1 4 4 2 2 4 3 2 3 3 4 3 3 3 3 1 4 2 3 3 2 3 2 3 1 2 3 2 3 3 4 3 3 3 2 3 2 1 4 2 3 2 4 4 4 3 3 4 3 2 4 3 3 2 3 4 4 4 4 3 3 2 3 2 3 6 0 4 3 2 5 2 4 4 2 5 3 4 2 1 4 4 2 3 3 4 5 3 2 2 3 3 4 2 5 3 2 3 5 3 2 5 4 2 4 4 2 2 2 4 4 4 4 4 3 3 1 3 3 2 3 3 2 
6 11 8 8 11 8 8 15 6 11 6 10 9 7 4 11 6 7 9 4 3 5 5 4 4 9 8 10 14 9 4 13 10 9 4 10 7 8 10 10 5 6 8 5 9 8 8 7 6 7 7 5 8 4 10 9 10 7 6 8 6 7 8 8 3 14 7 7 8 8 7 10 9 6 10 6 8 6 8 9 8 9 8 6 12 6 12 7 6 12 7 14 16 10 9 10 6 4 6 9 8 10 6 8 9 9 5 7 3 5 9 10 7 8 12 9 7 8 9 9 7 5 6 11 5 9 6 11 9 6 13 3 8 5 4 7 4 7 10 6 4 7 11 8 8 9 9 11 6 11 8 7 6 7 10 3 7 2 7 2 9 8 3 6 7 9 9 7 6 9 5 11 13 7 8 7 7 12 15 7 7 11 9 6 3 8 7 8 12 9 7 9 5 8 8 7 5 5 4 9 
3 2 2 1 1 2 2 3 1 2 2 2 1 3 2 2 2 1 3 2 3 2 2 2 2 3 2 2 3 3 2 2 2 3 3 2 1 1 2 2 2 1 3 2 2 3 1 3 2 2 2 1 3 2 3 2 2 2 3 2 1 2 1 1 2 3 2 2 1 2 1 2 1 3 2 1 2 2 1 4 2 2 2 2 0 1 3 2 2 2 4 3 2 2 2 2 2 2 2 1 2 3 3 2 2 1 3 1 2 3 3 3 2 2 3 3 2 2 2 3 1 3 1 2 2 1 2 2 1 1 2 2 2 1 2 1 1 3 2 1 2 4 2 1 1 2 2 2 2 3 2 2 2 2 2 1 2 2 1 3 2 1 2 3 3 2 1 3 1 1 2 2 2 2 0 2 3 2 1 2 2 1 3 2 2 1 2 2 2 2 2 2 3 1 1 2 1 2 2 3 
6 4 7 7 7 6 6 3 5 6 5 7 2 7 6 5 6 6 4 7 7 6 7 7 8 6 2 3 7 5 8 5 6 6 3 5 6 5 5 6 6 4 9 4 3 8 7 5 8 3 8 7 2 6 3 4 6 5 6 2 5 5 5 8 7 6 6 6 4 5 6 6 3 3 4 6 5 5 5 5 5 3 3 7 4 6 9 7 7 4 5 6 4 4 2 7 3 3 7 1 4 6 4 5 9 9 7 7 5 6 7 4 3 6 7 4 4 4 6 9 6 5 5 6 7 4 5 1 5 7 5 4 5 5 8 5 7 7 5 5 4 5 9 3 3 4 5 3 5 7 4 7 6 8 5 7 5 3 5 5 2 1 7 7 8 4 5 6 7 7 6 7 5 5 4 4 4 9 1 6 4 4 7 6 10 3 4 7 5 8 5 3 6 7 6 5 4 5 6 6 
5 10 7 8 10 5 10 10 9 12 11 6 7 7 11 9 3 8 9 12 10 7 7 9 8 8 6 7 8 8 3 9 12 5 10 7 5 4 6 3 7 8 13 9 0 9 4 10 12 10 7 9 10 7 12 5 11 12 11 9 10 8 3 7 10 9 12 8 8 12 12 12 7 8 0 6 11 10 7 11 14 7 7 7 11 2 5 10 8 7 4 3 8 6 9 8 5 13 9 11 13 6 14 7 7 12 10 11 8 12 9 6 12 10 6 2 9 7 8 4 11 6 9 6 7 10 7 7 9 12 8 6 10 8 9 4 5 11 10 11 6 12 10 11 2 7 8 12 8 10 7 6 7 4 5 9 10 5 9 10 10 10 11 5 6 8 6 8 6 10 7 8 8 7 5 9 9 15 11 8 12 11 6 6 8 7 7 12 8 3 4 6 6 10 6 6 9 7 10 12 
3 2 3 4 4 2 1 3 2 3 3 3 3 3 3 3 4 2 4 2 1 2 4 4 2 3 3 4 3 4 5 4 4 5 3 4 2 5 2 3 2 2 3 3 4 4 5 4 3 4 3 3 3 4 4 4 3 2 3 3 3 3 1 3 3 4 2 3 3 3 4 4 5 1 3 2 2 3 1 5 2 1 3 3 2 4 4 2 2 4 2 4 3 4 5 6 2 3 2 2 2 3 4 5 3 2 4 1 2 4 3 3 4 4 3 2 5 4 4 2 2 5 0 2 3 2 3 3 2 3 5 2 3 5 4 3 2 3 3 4 4 2 1 4 4 5 1 5 3 3 3 4 2 3 3 2 2 3 3 6 4 4 4 3 2 5 2 2 2 2 2 4 2 4 2 2 3 3 3 4 3 2 4 5 5 4 1 3 3 4 3 4 3 2 4 3 2 4 1 3 
6 5 3 6 7 8 5 11 5 7 6 6 5 10 4 7 4 8 6 2 8 6 5 9 6 7 8 6 5 8 10 6 6 6 2 6 5 8 10 5 6 4 9 4 3 5 5 3 10 6 5 7 9 7 4 3 5 6 6 4 10 10 3 7 7 3 7 7 3 5 4 10 7 6 8 9 4 5 3 11 9 5 6 3 7 5 4 5 7 7 7 5 4 6 7 9 5 6 4 8 6 6 10 4 8 7 4 7 4 6 7 5 5 5 9 7 4 5 9 9 5 9 6 5 5 7 4 2 7 10 8 7 7 10 8 5 7 5 6 6 6 4 7 3 5 5 5 8 9 5 6 6 4 7 5 2 6 8 3 9 6 7 7 6 9 3 7 9 7 6 8 5 5 5 9 4 5 6 13 8 7 6 9 8 5 8 5 1 6 5 3 3 4 8 5 3 6 6 6 13 
8 10 10 7 5 12 7 5 10 12 8 7 9 7 9 11 11 7 8 7 10 8 6 11 5 11 9 7 8 12 11 7 6 7 10 11 7 7 6 8 11 7 7 4 4 11 9 8 11 3 10 7 9 5 11 7 3 9 2 6 6 5 8 13 7 8 8 9 13 11 12 4 4 9 10 10 8 10 7 5 11 10 9 11 10 10 6 8 10 6 6 10 9 6 7 11 6 4 8 8 4 9 7 9 7 5 9 6 9 9 16 7 7 8 6 6 8 3 7 15 8 5 14 11 9 12 12 3 7 9 8 6 7 8 4 11 6 11 9 6 12 8 15 6 10 10 6 7 6 5 8 9 7 9 9 1 8 8 6 2 9 14 8 7 7 11 8 6 11 7 9 10 8 10 9 9 7 14 7 13 9 4 8 9 8 7 7 4 4 10 10 6 9 10 10 3 8 8 8 11 
7 6 11 8 10 4 12 7 12 8 5 5 6 7 9 4 12 6 8 12 8 10 10 9 6 12 3 6 9 7 6 8 9 4 5 9 4 4 8 8 7 6 6 10 9 8 7 7 6 6 5 3 6 4 8 9 3 7 5 1 6 10 8 6 7 5 6 2 9 1 6 7 7 5 7 10 8 2 4 7 9 6 8 10 10 5 8 7 5 9 4 4 10 9 7 8 11 8 7 6 9 7 5 5 8 7 9 7 7 9 7 6 8 6 12 8 5 8 6 11 7 5 6 6 9 9 8 10 9 7 7 6 8 13 11 7 9 9 7 11 7 6 8 10 6 7 6 3 4 8 7 5 10 6 4 3 13 6 6 9 6 9 7 10 12 2 1 7 4 6 8 6 9 9 4 7 5 10 11 6 9 7 7 3 7 6 3 6 8 5 9 7 10 4 5 11 6 9 11 2 
1 0 1 1 1 1 1 1 1 1 2 1 2 1 1 1 2 0 1 1 1 1 1 1 1 1 2 1 1 1 1 1 1 0 1 0 1 1 1 1 1 1 1 1 1 1 1 1 0 1 1 1 1 1 1 1 1 1 1 0 1 1 2 1 1 1 1 1 1 1 2 1 1 2 0 1 1 1 1 1 1 1 1 1 1 1 0 1 1 2 1 1 1 1 2 1 1 1 1 1 1 1 1 1 1 0 1 1 2 1 2 1 2 1 1 1 1 1 1 1 1 1 1 2 0 1 1 1 1 1 1 1 1 1 1 1 1 2 1 1 1 1 1 1 1 1 1 1 2 1 1 1 1 1 1 1 1 1 1 0 1 1 1 1 1 1 0 1 1 1 1 1 1 1 1 1 1 1 1 1 1 1 1 1 1 1 1 1 1 1 0 0 0 1 1 1 1 1 1 1 
9 9 12 12 12 8 9 11 9 11 5 11 8 8 12 11 9 11 13 8 14 11 10 6 7 12 9 5 3 5 15 8 14 14 6 15 12 12 10 6 13 7 12 14 10 10 10 14 14 6 9 12 12 8 13 14 3 7 13 10 11 14 10 10 6 10 13 8 14 15 12 9 9 8 9 18 4 7 3 10 8 10 11 16 12 3 14 8 11 12 9 11 13 10 11 14 12 14 11 16 9 13 9 9 11 8 12 12 15 13 6 10 6 11 8 12 9 8 10 12 11 8 9 13 4 8 11 11 11 6 13 12 9 16 9 9 8 7 12 10 10 10 8 12 11 11 8 13 7 10 12 14 9 7 7 12 4 13 3 14 9 15 6 13 8 8 9 9 11 8 13 8 6 14 11 10 12 10 9 13 13 9 11 19 7 15 13 13 15 7 4 11 11 11 12 7 13 9 8 14 
9 9 7 10 13 11 12 8 5 9 12 6 6 7 8 11 11 9 11 6 8 9 11 8 3 6 4 9 7 10 2 6 13 6 7 7 10 7 11 10 11 5 9 8 6 10 9 10 11 9 9 0 13 5 11 8 6 6 9 9 1 6 8 13 8 11 7 5 11 8 14 10 7 5 8 5 13 9 7 11 10 4 10 10 7 6 10 10 10 9 8 10 12 7 7 3 8 13 8 10 8 8 9 9 8 13 7 8 7 5 9 5 11 12 11 10 8 14 9 10 11 10 6 9 8 6 6 6 11 6 7 5 4 6 4 10 5 12 12 6 10 2 10 9 3 13 15 5 9 8 6 10 14 12 9 8 9 10 9 8 8 5 15 5 5 13 9 10 8 5 5 7 10 11 10 11 12 4 8 14 4 8 7 7 11 9 9 7 11 7 10 4 11 9 6 9 11 6 3 9 
15 5 17 11 13 7 4 9 9 11 10 9 10 9 3 6 11 9 8 16 15 11 9 11 12 13 7 10 8 8 9 2 11 6 4 9 12 8 8 8 9 7 11 13 13 9 7 9 14 11 7 8 11 9 14 10 13 9 9 7 10 9 11 15 9 8 12 8 6 1 7 12 8 5 9 12 6 9 8 11 11 6 6 5 9 9 14 13 5 14 6 11 6 6 6 5 7 6 13 4 13 9 11 6 4 8 10 9 9 6 8 6 4 9 12 8 10 9 12 7 10 9 4 10 11 12 11 8 13 8 12 10 7 15 8 10 7 8 4 9 5 13 12 3 7 11 9 8 10 6 10 9 7 12 1 8 10 6 12 7 8 8 11 6 10 5 10 12 9 7 10 8 5 7 12 7 11 11 13 12 11 8 4 3 12 11 4 6 10 8 11 8 10 6 11 9 15 8 13 8 
10 6 9 7 8 8 6 9 7 12 9 5 9 5 7 6 9 6 4 9 8 11 12 5 10 5 5 6 2 11 12 8 9 7 8 7 9 8 7 9 5 9 6 9 6 5 9 5 9 8 9 6 8 6 6 8 10 7 6 9 5 7 5 7 5 11 4 7 9 11 4 4 8 7 8 10 3 8 8 5 4 7 7 9 7 7 8 6 8 7 6 1 13 7 6 7 9 7 8 6 8 5 6 4 4 5 8 10 8 7 5 6 8 8 10 5 7 7 4 9 6 7 6 10 3 4 5 5 9 7 6 4 11 7 11 8 11 8 6 8 6 5 10 5 7 0 10 11 8 5 8 9 7 10 12 3 3 7 11 8 2 7 4 11 4 7 7 9 8 7 5 5 6 8 7 5 6 3 11 11 5 9 9 10 6 1 6 7 1 10 6 9 2 10 4 7 8 6 8 6 
1 1 1 1 1 2 1 1 1 1 1 1 1 1 1 1 2 0 1 1 1 2 0 1 1 1 1 1 1 2 1 1 1 1 1 1 1 1 1 1 1 1 1 1 1 1 1 1 1 1 0 1 1 0 1 0 1 1 1 1 0 1 1 1 1 1 1 1 1 1 1 1 1 1 1 1 1 1 1 1 1 1 0 1 1 1 2 1 1 1 2 2 1 1 1 1 1 1 1 1 1 0 1 0 1 1 1 0 1 1 1 1 1 1 1 1 1 1 1 1 2 1 1 1 1 2 1 1 1 1 1 1 1 1 1 1 1 1 1 1 1 1 1 1 1 1 1 1 1 1 0 1 1 1 1 1 1 1 0 1 1 1 1 1 1 1 1 1 1 1 1 1 1 1 1 1 1 1 1 1 2 1 1 1 1 1 1 1 1 1 1 1 1 1 1 1 1 1 1 1 
