NAME  : Jabali_50_4_0.82_1_4
TYPE : SVRP
MODEL : FINITE_SUPPORT
NUMBER_OF_SCENARIOS : 200
DIMENSION : 50
EDGE_WEIGHT_TYPE : MATRIX
CAPACITY : 81
N_VEHICLES : 4
NODE_COORD_SECTION
1 4187 4630
2 866 5848
3 2091 5298
4 1877 4795
5 4952 2783
6 1717 6490
7 6292 3445
8 4481 2598
9 5574 5260
10 1516 7370
11 1155 1501
12 1362 18
13 5854 7160
14 2162 7623
15 1329 4688
16 4975 7475
17 713 3397
18 2171 6160
19 2573 6596
20 5002 1380
21 3282 6653
22 3784 6428
23 2800 6232
24 6403 6006
25 7561 4546
26 1558 1008
27 4213 4010
28 87 5548
29 4926 6269
30 7823 3810
31 2493 3053
32 4801 2856
33 27 6196
34 5682 3573
35 3774 8510
36 6182 7435
37 5981 5666
38 5061 8891
39 4154 2849
40 926 3202
41 2213 1052
42 5585 3754
43 1866 2659
44 4653 4024
45 3579 2281
46 769 3710
47 4073 937
48 3542 994
49 4994 2380
50 6304 7026
DEMAND_SECTION
1 0.0
2 9.0
3 4.0
4 8.0
5 2.0
6 1.0
7 8.0
8 9.0
9 4.0
10 5.0
11 7.0
12 5.0
13 9.0
14 3.0
15 7.0
16 2.0
17 8.0
18 8.0
19 5.0
20 4.0
21 9.0
22 5.0
23 2.0
24 8.0
25 3.0
26 1.0
27 6.0
28 10.0
29 8.0
30 4.0
31 4.0
32 8.0
33 2.0
34 7.0
35 6.0
36 7.0
37 2.0
38 10.0
39 9.0
40 2.0
41 7.0
42 7.0
43 6.0
44 2.0
45 4.0
46 1.0
47 2.0
48 10.0
49 3.0
50 7.0
DEVIATION_SECTION
1 0.0
2 3.0
3 1.33333
4 2.66667
5 0.666667
6 0.333333
7 2.66667
8 3.0
9 1.33333
10 1.66667
11 2.33333
12 1.66667
13 3.0
14 1.0
15 2.33333
16 0.666667
17 2.66667
18 2.66667
19 1.66667
20 1.33333
21 3.0
22 1.66667
23 0.666667
24 2.66667
25 1.0
26 0.333333
27 2.0
28 3.33333
29 2.66667
30 1.33333
31 1.33333
32 2.66667
33 0.666667
34 2.33333
35 2.0
36 2.33333
37 0.666667
38 3.33333
39 3.0
40 0.666667
41 2.33333
42 2.33333
43 2.0
44 0.666667
45 1.33333
46 0.333333
47 0.666667
48 3.33333
49 1.0
50 2.33333
DISTANCE_MATRIX
0.0 49.2492 32.9545 36.9225 27.0 41.6776 31.8731 27.6586 23.7091 51.6236 58.5702 73.0068 45.08 49.0306 43.1128 45.5209 57.5762 34.4819 34.4819 45.3982 30.0167 25.4849 29.4109 36.2663 53.2075 60.208 8.544 59.2908 29.4721 52.4437 33.7254 26.0192 61.0697 23.8537 60.2574 49.6938 29.2868 64.6801 24.6982 54.5343 55.4437 22.2766 42.9328 10.198 33.0151 54.8704 50.1597 50.2494 32.0156 46.1495 
49.2492 0.0 18.3848 19.6977 68.6003 14.5602 80.6308 65.7428 64.7704 22.6274 58.8218 78.7464 69.8713 29.6816 17.0294 60.0333 32.8938 18.1108 25.02 82.4673 34.0588 39.6232 26.3059 72.8973 94.2688 65.9697 52.6462 11.0 54.4059 101.201 43.4166 67.2309 12.0416 72.4041 54.0833 74.6726 68.1035 70.6116 60.8459 35.4401 67.4759 71.3968 47.0444 58.0305 61.2253 29.4109 79.4292 75.5381 72.4707 74.5252 
32.9545 18.3848 0.0 7.07107 50.9975 17.0294 64.7074 48.7032 49.8939 29.1548 55.4838 72.5433 56.0357 31.3847 12.6491 48.2701 30.4536 12.083 18.4391 65.9697 23.7065 26.6833 15.8114 58.0208 79.3923 58.942 34.9448 27.2947 39.545 85.2781 30.8058 49.6588 30.4138 54.7027 49.0408 61.0737 53.227 62.6099 43.9659 32.2643 57.9396 55.1022 37.3412 40.3291 46.0977 26.8995 65.0308 62.1294 55.1543 60.1456 
36.9225 19.6977 7.07107 0.0 49.1022 22.8035 61.3682 46.1461 57.1148 34.9285 48.9241 65.9945 61.8171 38.0132 7.07107 54.4059 23.8939 18.868 25.4951 62.8705 30.5287 32.8938 22.8035 63.8015 86.6133 52.3932 33.3835 26.1725 45.3256 81.9388 25.0799 47.72 31.0644 53.1414 56.0803 66.8555 61.6476 69.3542 41.2491 25.7046 51.5461 52.1342 30.7924 38.7679 42.3363 20.3398 60.4093 57.0088 52.8853 65.9262 
27.0 68.6003 50.9975 49.1022 0.0 66.7986 22.1555 6.0 38.0132 77.3802 53.0848 61.131 59.7135 75.6637 55.2825 62.2415 56.9764 59.8269 60.8276 18.9737 57.0088 52.1557 55.7315 46.3879 40.6079 51.2445 19.2354 75.2149 46.2385 40.1123 33.121 1.41421 80.1577 14.7648 78.6448 64.1515 43.5909 81.4371 9.84886 53.1616 43.7379 15.8114 41.5601 17.1172 19.0 58.7179 27.5862 30.5287 5.09902 60.4668 
41.6776 14.5602 17.0294 22.8035 66.7986 0.0 73.5437 64.7611 53.8909 12.1655 68.1654 87.9912 57.0088 16.2788 24.6982 46.3897 43.0116 7.2111 11.4018 82.3772 20.8806 27.313 14.4222 61.9112 83.3894 74.9033 47.8833 25.318 42.9418 90.8193 47.676 65.4613 23.3452 65.5593 39.5601 61.6117 57.224 56.0892 60.208 44.9444 74.3303 63.9473 53.5461 51.5036 63.0317 39.4081 82.0061 79.1588 70.9943 61.9839 
31.8731 80.6308 64.7074 61.3682 22.1555 73.5437 0.0 27.8403 26.0998 83.4812 74.0661 83.201 52.0977 79.4747 67.5584 57.9711 75.3049 66.3496 66.2982 37.8904 59.4509 53.2969 61.2388 36.2324 31.02 72.9104 28.2036 87.4908 43.054 32.5707 51.4542 22.7631 92.3319 8.23607 77.007 55.2443 31.0799 76.6045 30.0832 72.2631 65.6657 9.60555 60.6118 23.0294 40.5254 77.0464 49.0116 52.5296 25.4165 50.4185 
27.6586 65.7428 48.7032 46.1461 6.0 64.7611 27.8403 0.0 41.0918 76.1614 47.0956 55.3624 62.7922 75.1066 52.3264 64.8845 50.658 58.0716 60.1332 18.0 57.2189 53.0612 55.0818 53.6491 46.5296 45.2769 19.2354 72.2588 48.7647 46.0977 28.0179 5.09902 77.2016 20.2485 80.1369 67.2301 46.6695 84.119 5.0 47.6162 37.855 21.0238 36.0147 18.7883 13.0 53.6268 23.6008 25.6125 7.07107 63.5455 
23.7091 64.7704 49.8939 57.1148 38.0132 53.8909 26.0998 41.0918 0.0 60.8725 77.7695 91.6042 27.8029 55.9503 63.3051 32.0156 77.7685 47.344 43.5649 56.8649 35.8568 29.0689 39.4745 15.8114 29.8329 79.1786 25.5672 75.3503 17.0 37.0135 52.9247 37.5931 76.0328 22.3358 51.0098 31.8277 8.544 50.9215 39.8557 74.7266 73.8119 25.5672 62.1321 22.8569 49.8153 75.0627 64.6884 66.0919 42.9559 27.6586 
51.6236 22.6274 29.1548 34.9285 77.3802 12.1655 83.4812 76.1614 60.8725 0.0 79.6298 99.4556 59.4811 9.0 36.2491 47.5395 54.2033 18.1108 17.4929 93.9042 25.4558 32.5269 22.3607 67.3573 90.0278 86.3678 58.2409 31.3847 48.1664 97.8008 59.8415 76.1809 26.2488 75.4968 35.0571 63.561 63.6553 53.0094 71.7008 56.356 86.4002 73.8848 65.6003 61.6847 75.0 50.6063 94.0053 91.2688 82.0544 64.8845 
58.5702 58.8218 55.4838 48.9241 53.0848 68.1654 74.0661 47.0956 77.7695 79.6298 0.0 19.9249 99.1404 84.2877 43.4838 99.7658 25.9615 66.07 72.755 51.4782 76.3157 77.8031 69.0653 90.3267 93.086 8.24621 52.4976 56.4358 90.2101 93.1933 27.2947 52.0384 64.6297 66.1211 102.405 103.754 83.3472 114.648 44.0114 23.4094 14.8661 66.2722 21.4165 56.7539 34.1321 29.4109 39.6611 33.0151 52.6118 100.21 
73.0068 78.7464 72.5433 65.9945 61.131 87.9912 83.201 55.3624 91.6042 99.4556 19.9249 0.0 113.01 103.91 63.3095 117.552 45.8803 84.6258 90.5407 53.0377 94.2993 95.5887 87.0526 104.161 101.637 13.6015 66.0379 76.1183 97.4017 99.8499 43.8634 60.4401 84.3445 75.5844 120.543 117.623 97.182 134.34 53.8516 43.3244 17.8885 76.2168 39.2022 69.3542 43.0813 49.3356 39.1152 33.0 59.0339 114.057 
45.08 69.8713 56.0357 61.8171 59.7135 57.0088 52.0977 62.7922 27.8029 59.4811 99.1404 113.01 0.0 51.6236 68.3612 12.7279 85.7106 51.788 45.607 77.9882 36.1386 30.2655 43.566 17.1172 41.4367 100.55 47.0106 80.7527 17.72 51.3517 74.2956 59.2935 80.2808 48.3338 34.1321 5.09902 21.0238 26.0 61.5561 87.5213 95.2522 49.7033 83.5031 44.5533 71.5052 82.1565 86.3888 87.7923 64.6563 5.65685 
49.0306 29.6816 31.3847 38.0132 75.6637 16.2788 79.4747 75.1066 55.9503 9.0 84.2877 103.91 51.6236 0.0 40.8044 39.3573 59.203 19.3132 15.0 93.086 20.1246 26.9258 20.025 60.8276 84.4038 90.3092 56.4358 39.3954 41.8688 92.6499 62.0839 74.5453 34.9285 71.948 26.0768 55.4707 57.8014 44.0114 71.007 61.0683 89.3197 70.0232 68.7083 59.2284 75.5381 55.6058 94.5304 92.3959 80.5047 57.1402 
43.1128 17.0294 12.6491 7.07107 55.2825 24.6982 67.5584 52.3264 63.3051 36.2491 43.4838 63.3095 68.3612 40.8044 0.0 60.8769 18.4391 22.6716 30.0 66.5226 36.2491 39.2938 28.178 70.3456 92.8036 50.2217 39.5738 20.8087 51.8697 88.1291 26.4764 53.9004 26.9258 59.3317 61.0328 73.3996 67.8379 75.1532 47.4295 20.2485 51.3897 58.3245 30.1603 44.9582 44.6041 14.8661 62.5859 58.5491 59.0656 72.4703 
45.5209 60.0333 48.2701 54.4059 62.2415 46.3897 57.9711 64.8845 32.0156 47.5395 99.7658 117.552 12.7279 39.3573 60.8769 0.0 78.2996 42.0 35.1283 81.1542 26.0 21.587 34.0588 26.9258 52.2015 103.95 47.4519 71.0282 16.1245 61.8466 75.5167 61.7414 69.7209 54.2072 21.9317 16.1245 28.0 19.2354 62.9682 80.1103 97.1213 55.5767 82.3494 46.1411 72.1936 74.7455 88.3233 89.0592 67.2309 18.3848 
57.5762 32.8938 30.4536 23.8939 56.9764 43.0116 75.3049 50.658 77.7685 54.2033 25.9615 45.8803 85.7106 59.203 18.4391 78.2996 0.0 41.0399 48.2818 61.1967 54.1599 56.8121 46.2103 89.5799 94.3249 33.3766 51.5221 31.0 69.2191 95.6514 24.8895 55.624 39.0512 67.1651 79.2564 90.749 83.3462 93.0589 46.3755 3.16228 36.1248 66.8973 18.6433 55.9876 39.4468 3.60555 53.7122 48.3322 57.3496 89.8198 
34.4819 18.1108 12.083 18.868 59.8269 7.2111 66.3496 58.0716 47.344 18.1108 66.07 84.6258 51.788 19.3132 22.6716 42.0 41.0399 0.0 7.61577 75.8024 16.0 21.587 8.24621 55.4709 76.8424 71.0245 40.6902 29.0689 36.7696 84.2723 42.7767 58.6277 28.7924 58.3652 38.5876 56.5685 50.6771 53.7587 53.6004 42.8506 70.0071 56.7532 49.4236 44.3105 57.0351 37.4833 76.0592 73.5527 64.3029 56.5155 
34.4819 25.02 18.4391 25.4951 60.8276 11.4018 66.2982 60.1332 43.5649 17.4929 72.755 90.5407 45.607 15.0 30.0 35.1283 48.2818 7.61577 0.0 78.1025 9.48683 16.1245 5.09902 51.0392 72.8629 76.9394 41.5933 36.0139 31.9061 80.4932 48.5129 59.6825 34.7131 58.3138 31.0644 50.2195 46.7547 46.1736 56.0089 50.0925 75.7725 56.7018 55.3385 44.643 60.6712 44.7276 79.6304 77.666 65.6201 50.5964 
45.3982 82.4673 65.9697 62.8705 18.9737 82.3772 37.8904 18.0 56.8649 93.9042 51.4782 53.0377 77.9882 93.086 66.5226 81.1542 61.1967 75.8024 78.1025 0.0 75.1665 70.8756 73.0616 62.1229 52.3546 46.8402 37.1214 86.8371 65.192 48.3839 41.0488 19.6469 93.4316 31.4006 97.5141 81.1347 56.9703 100.319 22.2036 58.1548 38.3275 33.0151 46.5533 35.9026 22.2036 62.9381 14.0357 20.0998 13.9284 76.3089 
30.0167 34.0588 23.7065 30.5287 57.0088 20.8806 59.4509 57.2189 35.8568 25.4558 76.3157 94.2993 36.1386 20.1246 36.2491 26.0 54.1599 16.0 9.48683 75.1665 0.0 7.07107 8.24621 42.0119 64.6607 80.698 38.0526 45.0444 22.8035 72.6705 52.2645 56.0 44.1475 51.9252 26.2488 40.7922 38.2099 38.9102 53.6004 55.9706 79.5242 50.0004 58.8992 40.1123 59.8099 50.6058 78.339 77.2539 62.0 41.1096 
25.4849 39.6232 26.6833 32.8938 52.1557 27.313 53.2969 53.0612 29.0689 32.5269 77.8031 95.5887 30.2655 26.9258 39.2938 21.587 56.8121 21.587 16.1245 70.8756 7.07107 0.0 13.3417 35.0 57.6281 81.9874 33.8281 50.4876 15.8114 65.7343 53.5539 51.2725 50.2892 45.8912 27.7308 35.1283 31.1448 37.2022 49.7698 58.6228 77.4044 43.9318 60.3866 35.0571 56.8595 53.2239 74.9466 74.3236 57.2291 34.9285 
29.4109 26.3059 15.8114 22.8035 55.7315 14.4222 61.2388 55.0818 39.4745 22.3607 69.0653 87.0526 43.566 20.025 28.178 34.0588 46.2103 8.24621 5.09902 73.0616 8.24621 13.3417 0.0 47.5079 68.7739 73.4513 36.4966 37.2156 28.6356 76.4029 45.0178 54.5894 37.0 53.2543 33.3017 48.3735 42.8076 47.0106 51.0 48.021 72.2774 51.6423 51.8504 39.5601 55.91 42.6562 74.8397 73.0068 60.531 48.2701 
36.2663 72.8973 58.0208 63.8015 46.3879 61.9112 36.2324 53.6491 15.8114 67.3573 90.3267 104.161 17.1172 60.8276 70.3456 26.9258 89.5799 55.4709 51.0392 62.1229 42.0119 35.0 47.5079 0.0 25.2982 91.7358 38.1244 83.4773 19.2094 34.9285 65.4819 46.9955 84.1597 32.4685 48.7032 19.3132 7.28011 43.0465 52.413 86.538 86.3691 33.838 74.6894 35.4142 62.3725 86.8741 73.2441 78.6492 49.6489 14.3178 
53.2075 94.2688 79.3923 86.6133 40.6079 83.3894 31.02 46.5296 29.8329 90.0278 93.086 101.637 41.4367 84.4038 92.8036 52.2015 94.3249 76.8424 72.8629 52.3546 64.6607 57.6281 68.7739 25.2982 0.0 91.7878 47.2236 104.849 42.72 10.0 70.4742 41.4367 105.531 27.2561 74.0 42.0119 26.6271 67.2681 49.0918 91.2831 84.3445 28.6255 79.6318 42.0494 59.4138 96.0664 65.3911 69.8928 42.72 37.054 
60.208 65.9697 58.942 52.3932 51.2445 74.9033 72.9104 45.2769 79.1786 86.3678 8.24621 13.6015 100.55 90.3092 50.2217 103.95 33.3766 71.0245 76.9394 46.8402 80.698 81.9874 73.4513 91.7358 91.7878 0.0 53.6656 64.195 84.9416 91.022 30.4138 50.3587 72.3395 65.1153 106.942 105.163 84.7563 120.739 42.9535 30.5941 8.544 65.5134 25.6008 57.3847 32.3883 36.6742 34.0147 27.313 50.0 101.619 
8.544 52.6462 34.9448 33.3835 19.2354 47.8833 28.2036 19.2354 25.5672 58.2409 52.4976 66.0379 47.0106 56.4358 39.5738 47.4519 51.5221 40.6902 41.5933 37.1214 38.0526 33.8281 36.4966 38.1244 47.2236 53.6656 0.0 59.5061 31.4031 48.7743 27.6713 18.1108 64.3472 20.0 61.5488 51.614 31.1449 66.6111 16.1555 48.4802 48.2597 18.868 36.8787 5.38516 24.8395 50.5965 41.6293 41.8808 24.0832 48.0208 
59.2908 11.0 27.2947 26.1725 75.2149 25.318 87.4908 72.2588 75.3503 31.3847 56.4358 76.1183 80.7527 39.3954 20.8087 71.0282 31.0 29.0689 36.0139 86.8371 45.0444 50.4876 37.2156 83.4773 104.849 64.195 59.5061 0.0 65.0014 108.061 46.2567 73.8327 8.24621 79.2641 64.56 85.5862 78.6834 81.3941 67.3618 34.0147 67.0671 78.2568 47.8912 64.8905 64.8845 28.0713 82.3284 77.8443 78.998 85.3288 
29.4721 54.4059 39.545 45.3256 46.2385 42.9418 43.054 48.7647 17.0 48.1664 90.2101 97.4017 17.72 41.8688 51.8697 16.1245 69.2191 36.7696 31.9061 65.192 22.8035 15.8114 28.6356 19.2094 42.72 84.9416 31.4031 65.0014 0.0 51.4296 65.961 45.6946 65.5515 36.2397 34.0147 22.8035 16.1245 35.3553 46.8722 71.0299 79.6443 34.248 72.7937 30.0167 56.1448 65.665 72.2011 73.0068 51.264 21.0238 
52.4437 101.201 85.2781 81.9388 40.1123 90.8193 32.5707 46.0977 37.0135 97.8008 93.1933 99.8499 51.3517 92.6499 88.1291 61.8466 95.6514 84.2723 80.4932 48.3839 72.6705 65.7343 76.4029 34.9285 10.0 91.022 48.7743 108.061 51.4296 0.0 71.8006 41.1947 112.903 28.7924 83.5225 52.0096 35.3412 77.2334 49.4975 92.6096 83.1505 30.1762 80.8543 43.6 59.0762 97.6171 62.0967 67.2681 41.0488 47.0425 
33.7254 43.4166 30.8058 25.0799 33.121 47.676 51.4542 28.0179 52.9247 59.8415 27.2947 43.8634 74.2956 62.0839 26.4764 75.5167 24.8895 42.7767 48.5129 41.0488 52.2645 53.5539 45.0178 65.4819 70.4742 30.4138 27.6713 46.2567 65.961 71.8006 0.0 31.7648 53.1601 43.3143 78.508 78.9094 58.5024 92.3057 23.3238 21.8477 27.7849 43.0465 10.2462 32.1368 18.868 26.631 36.1386 32.1403 35.0 75.3651 
26.0192 67.2309 49.6588 47.72 1.41421 65.4613 22.7631 5.09902 37.5931 76.1809 52.0384 60.4401 59.2935 74.5453 53.9004 61.7414 55.624 58.6277 59.6825 19.6469 56.0 51.2725 54.5894 46.9955 41.4367 50.3587 18.1108 73.8327 45.6946 41.1947 31.7648 0.0 78.7755 15.2315 77.8781 63.7314 43.1709 80.9568 8.544 51.8768 42.9535 16.1245 40.2753 16.2788 18.0278 57.3654 27.5862 30.2324 6.0 60.0468 
61.0697 12.0416 30.4138 31.0644 80.1577 23.3452 92.3319 77.2016 76.0328 26.2488 64.6297 84.3445 80.2808 34.9285 26.9258 69.7209 39.0512 28.7924 34.7131 93.4316 44.1475 50.2892 37.0 84.1597 105.531 72.3395 64.3472 8.24621 65.5515 112.903 53.1601 78.7755 0.0 84.1052 60.8276 84.9294 79.3659 78.3135 72.3047 42.0119 75.0067 83.0979 55.4603 69.7316 71.5122 36.0 89.2861 84.9419 83.9408 85.1645 
23.8537 72.4041 54.7027 53.1414 14.7648 65.5593 8.23607 20.2485 22.3358 75.4968 66.1211 75.5844 48.3338 71.948 59.3317 54.2072 67.1651 58.3652 58.3138 31.4006 51.9252 45.8912 53.2543 32.4685 27.2561 65.1153 20.0 79.2641 36.2397 28.7924 43.3143 15.2315 84.1052 0.0 70.0643 51.4804 27.3159 72.8406 22.2036 64.1232 57.9741 2.0 52.4876 14.8661 32.7567 68.9065 42.0119 45.2769 18.4391 46.6545 
60.2574 54.0833 49.0408 56.0803 78.6448 39.5601 77.007 80.1369 51.0098 35.0571 102.405 120.543 34.1321 26.0768 61.0328 21.9317 79.2564 38.5876 31.0644 97.5141 26.2488 27.7308 33.3017 48.7032 74.0 106.942 61.5488 64.56 34.0147 83.5225 78.508 77.8781 60.8276 70.0643 0.0 36.2353 48.8365 18.2483 77.4906 81.0671 105.768 68.0661 84.9882 61.6117 84.5813 75.7022 102.676 102.048 83.7437 39.6611 
49.6938 74.6726 61.0737 66.8555 64.1515 61.6117 55.2443 67.2301 31.8277 63.561 103.754 117.623 5.09902 55.4707 73.3996 16.1245 90.749 56.5685 50.2195 81.1347 40.7922 35.1283 48.3735 19.3132 42.0119 105.163 51.614 85.5862 22.8035 52.0096 78.9094 63.7314 84.9294 51.4804 36.2353 0.0 24.4131 25.4951 65.9941 92.5597 99.866 52.8498 88.1169 48.9952 75.9536 87.1949 90.8267 92.2303 68.6608 5.09902 
29.2868 68.1035 53.227 61.6476 43.5909 57.224 31.0799 46.6695 8.544 63.6553 83.3472 97.182 21.0238 57.8014 67.8379 28.0 83.3462 50.6771 46.7547 56.9703 38.2099 31.1448 42.8076 7.28011 26.6271 84.7563 31.1449 78.6834 16.1245 35.3412 58.5024 43.1709 79.3659 27.3159 48.8365 24.4131 0.0 45.8912 45.4335 80.3044 79.3896 28.6854 67.7099 28.4347 55.393 80.6404 70.2662 71.6697 44.4964 19.8494 
64.6801 70.6116 62.6099 69.3542 81.4371 56.0892 76.6045 84.119 50.9215 53.0094 114.648 134.34 26.0 44.0114 75.1532 19.2354 93.0589 53.7587 46.1736 100.319 38.9102 37.2022 47.0106 43.0465 67.2681 120.739 66.6111 81.3941 35.3553 77.2334 92.3057 80.9568 78.3135 72.8406 18.2483 25.4951 45.8912 0.0 82.1523 94.8696 113.91 74.2101 97.2311 65.3682 91.3528 89.5048 107.541 108.218 86.406 30.2655 
24.6982 60.8459 43.9659 41.2491 9.84886 60.208 30.0832 5.0 39.8557 71.7008 44.0114 53.8516 61.5561 71.007 47.4295 62.9682 46.3755 53.6004 56.0089 22.2036 53.6004 49.7698 51.0 52.413 49.0918 42.9535 16.1555 67.3618 46.8722 49.4975 23.3238 8.544 72.3047 22.2036 77.4906 65.9941 45.4335 82.1523 0.0 43.3336 36.0555 22.561 31.7321 17.0294 10.7703 48.916 25.4951 26.2488 12.0416 62.3094 
54.5343 35.4401 32.2643 25.7046 53.1616 44.9444 72.2631 47.6162 74.7266 56.356 23.4094 43.3244 87.5213 61.0683 20.2485 80.1103 3.16228 42.8506 50.0925 58.1548 55.9706 58.6228 48.021 86.538 91.2831 30.5941 48.4802 34.0147 71.0299 92.6096 21.8477 51.8768 42.0119 64.1232 81.0671 92.5597 80.3044 94.8696 43.3336 0.0 33.0606 63.8555 15.6015 52.9458 36.405 6.08276 50.6063 45.1885 54.3077 91.6305 
55.4437 67.4759 57.9396 51.5461 43.7379 74.3303 65.6657 37.855 73.8119 86.4002 14.8661 17.8885 95.2522 89.3197 51.3897 97.1213 36.1248 70.0071 75.7725 38.3275 79.5242 77.4044 72.2774 86.3691 84.3445 8.544 48.2597 67.0671 79.6443 83.1505 27.7849 42.9535 75.0067 57.9741 105.768 99.866 79.3896 113.91 36.0555 33.0606 0.0 58.5235 24.8035 51.4782 25.2982 39.0128 25.4951 18.7883 42.107 96.2549 
22.2766 71.3968 55.1022 52.1342 15.8114 63.9473 9.60555 21.0238 25.5672 73.8848 66.2722 76.2168 49.7033 70.0232 58.3245 55.5767 66.8973 56.7532 56.7018 33.0151 50.0004 43.9318 51.6423 33.838 28.6255 65.5134 18.868 78.2568 34.248 30.1762 43.0465 16.1245 83.0979 2.0 68.0661 52.8498 28.6854 74.2101 22.561 63.8555 58.5235 0.0 52.254 13.6015 33.2415 68.6388 43.2782 46.3249 19.799 48.024 
42.9328 47.0444 37.3412 30.7924 41.5601 53.5461 60.6118 36.0147 62.1321 65.6003 21.4165 39.2022 83.5031 68.7083 30.1603 82.3494 18.6433 49.4236 55.3385 46.5533 58.8992 60.3866 51.8504 74.6894 79.6318 25.6008 36.8787 47.8912 72.7937 80.8543 10.2462 40.2753 55.4603 52.4876 84.9882 88.1169 67.7099 97.2311 31.7321 15.6015 24.8035 52.254 0.0 41.3443 24.8035 20.3848 39.1214 33.9531 42.7063 84.5725 
10.198 58.0305 40.3291 38.7679 17.1172 51.5036 23.0294 18.7883 22.8569 61.6847 56.7539 69.3542 44.5533 59.2284 44.9582 46.1411 55.9876 44.3105 44.643 35.9026 40.1123 35.0571 39.5601 35.4142 42.0494 57.3847 5.38516 64.8905 30.0167 43.6 32.1368 16.2788 69.7316 14.8661 61.6117 48.9952 28.4347 65.3682 17.0294 52.9458 51.4782 13.6015 41.3443 0.0 27.0185 57.7291 42.19 43.2782 22.2036 45.3106 
33.0151 61.2253 46.0977 42.3363 19.0 63.0317 40.5254 13.0 49.8153 75.0 34.1321 43.0813 71.5052 75.5381 44.6041 72.1936 39.4468 57.0351 60.6712 22.2036 59.8099 56.8595 55.91 62.3725 59.4138 32.3883 24.8395 64.8845 56.1448 59.0762 18.868 18.0278 71.5122 32.7567 84.5813 75.9536 55.393 91.3528 10.7703 36.405 25.2982 33.2415 24.8035 27.0185 0.0 41.1883 19.0263 17.4642 18.6815 72.269 
54.8704 29.4109 26.8995 20.3398 58.7179 39.4081 77.0464 53.6268 75.0627 50.6063 29.4109 49.3356 82.1565 55.6058 14.8661 74.7455 3.60555 37.4833 44.7276 62.9381 50.6058 53.2239 42.6562 86.8741 96.0664 36.6742 50.5965 28.0713 65.665 97.6171 26.631 57.3654 36.0 68.9065 75.7022 87.1949 80.6404 89.5048 48.916 6.08276 39.0128 68.6388 20.3848 57.7291 41.1883 0.0 55.5062 50.3289 60.6293 86.2656 
50.1597 79.4292 65.0308 60.4093 27.5862 82.0061 49.0116 23.6008 64.6884 94.0053 39.6611 39.1152 86.3888 94.5304 62.5859 88.3233 53.7122 76.0592 79.6304 14.0357 78.339 74.9466 74.8397 73.2441 65.3911 34.0147 41.6293 82.3284 72.2011 62.0967 36.1386 27.5862 89.2861 42.0119 102.676 90.8267 70.2662 107.541 25.4951 50.6063 25.4951 43.2782 39.1214 42.19 19.0263 55.5062 0.0 6.7082 23.6008 87.1421 
50.2494 75.5381 62.1294 57.0088 30.5287 79.1588 52.5296 25.6125 66.0919 91.2688 33.0151 33.0 87.7923 92.3959 58.5491 89.0592 48.3322 73.5527 77.666 20.0998 77.2539 74.3236 73.0068 78.6492 69.8928 27.313 41.8808 77.8443 73.0068 67.2681 32.1403 30.2324 84.9419 45.2769 102.048 92.2303 71.6697 108.218 26.2488 45.1885 18.7883 46.3249 33.9531 43.2782 17.4642 50.3289 6.7082 0.0 27.313 88.5456 
32.0156 72.4707 55.1543 52.8853 5.09902 70.9943 25.4165 7.07107 42.9559 82.0544 52.6118 59.0339 64.6563 80.5047 59.0656 67.2309 57.3496 64.3029 65.6201 13.9284 62.0 57.2291 60.531 49.6489 42.72 50.0 24.0832 78.998 51.264 41.0488 35.0 6.0 83.9408 18.4391 83.7437 68.6608 44.4964 86.406 12.0416 54.3077 42.107 19.799 42.7063 22.2036 18.6815 60.6293 23.6008 27.313 0.0 63.835 
46.1495 74.5252 60.1456 65.9262 60.4668 61.9839 50.4185 63.5455 27.6586 64.8845 100.21 114.057 5.65685 57.1402 72.4703 18.3848 89.8198 56.5155 50.5964 76.3089 41.1096 34.9285 48.2701 14.3178 37.054 101.619 48.0208 85.3288 21.0238 47.0425 75.3651 60.0468 85.1645 46.6545 39.6611 5.09902 19.8494 30.2655 62.3094 91.6305 96.2549 48.024 84.5725 45.3106 72.269 86.2656 87.1421 88.5456 63.835 0.0 
DEMAND_SCENARIO_SECTION
0 0 0 0 0 0 0 0 0 0 0 0 0 0 0 0 0 0 0 0 0 0 0 0 0 0 0 0 0 0 0 0 0 0 0 0 0 0 0 0 0 0 0 0 0 0 0 0 0 0 0 0 0 0 0 0 0 0 0 0 0 0 0 0 0 0 0 0 0 0 0 0 0 0 0 0 0 0 0 0 0 0 0 0 0 0 0 0 0 0 0 0 0 0 0 0 0 0 0 0 0 0 0 0 0 0 0 0 0 0 0 0 0 0 0 0 0 0 0 0 0 0 0 0 0 0 0 0 0 0 0 0 0 0 0 0 0 0 0 0 0 0 0 0 0 0 0 0 0 0 0 0 0 0 0 0 0 0 0 0 0 0 0 0 0 0 0 0 0 0 0 0 0 0 0 0 0 0 0 0 0 0 0 0 0 0 0 0 0 0 0 0 0 0 0 0 0 0 0 0 
12 7 13 11 9 10 14 5 7 4 8 9 16 7 9 9 7 9 11 6 9 10 3 12 7 7 12 11 8 10 8 5 13 6 7 10 6 11 10 5 13 9 10 7 10 10 12 7 10 7 7 9 11 11 10 12 8 7 9 8 14 3 10 7 7 8 16 6 11 10 10 5 8 6 7 6 13 8 12 6 6 8 8 10 8 11 10 9 10 9 9 15 9 13 11 5 8 8 11 8 12 6 7 9 7 11 4 13 10 8 9 11 7 10 12 10 8 6 12 7 12 12 11 9 9 9 4 8 4 7 11 7 8 7 10 2 7 7 6 7 12 12 8 4 9 10 15 9 7 7 7 12 10 7 9 6 15 5 10 10 13 2 7 12 7 14 11 17 8 7 13 9 13 7 3 8 2 7 9 13 7 14 7 5 10 6 13 11 9 9 11 5 9 11 9 9 11 2 10 11 
6 3 3 5 3 4 6 5 0 4 1 4 5 6 3 1 3 1 3 3 1 2 2 6 3 3 4 3 4 5 5 7 5 4 4 5 5 4 4 5 4 4 5 5 3 5 2 2 3 5 4 4 4 3 4 5 3 4 5 4 3 4 4 4 3 5 4 1 2 4 6 3 2 1 6 4 6 3 3 6 5 5 4 5 5 5 5 2 5 6 4 5 4 5 4 4 4 4 4 2 6 4 3 5 6 4 4 4 2 6 4 4 4 1 1 5 5 4 5 6 4 3 5 4 4 2 6 5 4 4 4 4 2 4 6 6 2 4 4 2 4 4 4 4 4 4 2 5 2 3 2 2 4 4 6 3 4 4 6 5 2 5 2 5 4 7 2 4 2 4 3 3 3 3 4 4 2 3 5 3 5 2 2 3 3 3 4 2 5 6 6 3 3 4 7 3 4 4 2 2 
9 8 7 10 6 7 7 7 15 12 17 5 8 4 7 8 3 7 5 6 13 8 14 11 8 4 12 10 7 6 9 9 10 10 2 6 10 8 7 9 7 7 6 8 9 6 6 8 8 7 8 3 5 10 8 10 10 11 7 10 10 7 4 3 6 7 7 8 10 13 8 10 5 5 6 9 6 6 4 5 9 12 10 5 14 8 5 7 7 5 9 8 9 8 8 6 6 9 8 6 6 10 7 3 7 7 10 9 4 7 6 7 7 14 10 12 7 10 9 6 5 5 8 9 9 3 6 9 9 4 3 6 9 8 8 3 7 8 7 14 12 6 12 9 5 11 11 8 12 8 5 5 7 10 9 5 4 6 9 8 10 7 8 7 13 10 4 4 9 3 6 11 10 13 7 9 7 6 6 3 8 9 11 4 10 13 4 9 8 11 5 8 8 11 13 0 6 10 8 5 
2 1 3 2 2 2 3 3 2 1 2 2 3 1 2 1 2 1 3 2 2 2 1 3 1 1 2 2 2 2 1 2 3 1 1 3 2 2 3 3 3 3 3 2 2 2 3 3 2 2 3 3 1 1 3 2 2 3 3 2 1 2 3 2 2 1 3 3 1 2 2 1 3 2 2 2 1 1 2 3 2 2 3 2 1 2 1 3 2 3 3 1 2 3 2 2 2 2 2 2 1 2 2 2 2 3 2 2 3 2 3 2 3 1 1 3 2 1 2 2 4 2 2 2 3 3 2 2 1 2 2 1 1 2 1 2 1 2 3 2 2 1 1 2 2 1 2 2 3 2 2 2 2 1 3 3 3 2 2 3 2 2 2 2 0 2 2 1 1 2 3 1 3 1 2 2 1 3 2 2 1 2 1 2 1 2 1 3 2 2 1 2 4 3 2 3 2 2 2 2 
1 1 2 0 2 1 2 1 1 1 1 1 2 1 1 1 1 1 1 1 2 1 0 2 1 1 1 1 1 1 1 1 1 1 1 1 1 1 1 1 1 1 1 1 1 1 1 0 0 1 2 1 1 1 1 1 1 1 1 1 1 0 1 1 1 1 1 1 1 1 0 2 1 1 1 1 1 1 1 1 0 1 1 1 1 1 1 1 1 1 1 1 1 0 2 1 1 1 1 0 1 1 1 2 1 1 1 1 1 1 1 1 1 2 1 1 1 1 0 1 1 1 1 1 1 1 1 1 1 1 1 1 1 1 1 1 1 1 1 1 1 1 1 0 1 1 1 1 2 1 1 1 1 1 1 1 2 0 1 1 1 0 1 1 1 2 2 0 1 0 1 1 1 1 2 0 1 1 1 1 2 1 1 2 1 1 1 1 1 1 2 1 1 0 1 1 1 1 1 1 
12 8 7 8 9 8 9 7 7 10 10 11 9 8 2 6 11 10 5 7 9 11 12 11 6 10 8 6 9 8 8 9 5 8 8 9 5 9 9 7 3 11 9 8 11 10 8 6 8 7 7 8 7 12 8 10 8 5 8 10 8 10 6 4 8 3 10 5 9 8 9 12 9 8 5 3 7 8 7 10 5 4 10 9 7 5 1 3 10 8 7 8 9 9 5 8 11 9 4 8 4 7 8 10 10 10 6 7 8 6 8 6 8 6 13 6 7 4 13 11 10 4 6 5 7 7 8 12 0 8 6 8 7 7 7 9 8 9 11 8 10 4 9 9 9 10 5 2 4 17 8 6 7 8 6 6 4 8 5 5 6 9 6 10 9 11 6 7 11 2 10 4 10 10 13 4 8 3 6 9 9 11 7 13 5 5 8 3 9 8 7 5 10 11 9 7 9 4 11 8 
10 7 7 9 7 8 7 10 11 3 9 4 9 10 7 11 16 6 8 9 10 2 8 8 8 8 7 8 4 10 9 14 9 13 10 8 9 10 3 3 12 6 8 4 7 4 7 11 8 4 11 14 9 11 7 7 10 3 6 8 14 11 11 5 7 14 5 13 10 10 11 10 5 6 8 4 4 11 3 11 8 9 7 10 8 9 8 12 11 6 7 8 5 5 6 8 13 13 8 7 12 10 10 16 14 14 11 5 4 12 14 10 11 8 12 12 9 13 7 11 11 12 7 9 10 12 8 9 11 8 8 9 11 6 13 6 7 8 9 13 15 8 12 8 10 7 10 14 14 8 8 3 9 11 4 15 9 13 10 11 7 7 9 9 5 14 9 10 7 12 12 10 15 7 9 12 12 8 11 10 10 7 12 11 8 9 12 11 8 10 14 9 10 12 9 9 9 12 11 9 
3 3 4 2 5 1 5 3 5 4 4 1 4 0 1 4 4 4 5 4 4 5 3 3 4 4 2 6 2 5 4 4 2 4 4 3 7 4 3 4 6 3 3 4 3 4 4 5 4 3 3 4 6 5 3 6 4 4 4 6 4 3 5 3 4 7 5 5 2 6 5 4 0 6 5 3 7 3 5 1 1 5 4 5 4 5 3 3 4 3 3 2 4 5 5 1 5 6 3 5 4 5 5 5 4 6 3 2 2 5 2 3 5 5 3 3 4 4 6 4 5 7 6 3 6 2 3 4 4 6 3 6 4 5 5 4 3 4 6 4 3 3 4 6 4 4 4 5 5 1 3 5 3 2 4 5 5 2 3 3 4 6 4 4 5 5 5 3 2 1 4 4 4 4 5 5 3 4 2 4 5 5 6 6 4 1 4 5 3 5 5 4 6 6 5 4 5 3 6 5 
5 5 4 4 5 6 6 4 6 6 5 8 2 3 3 7 5 5 5 1 3 4 5 7 8 5 5 8 3 6 3 5 6 4 4 5 4 5 5 7 5 6 4 6 6 6 2 6 4 3 5 4 5 4 5 5 4 4 5 5 4 3 5 5 7 6 6 6 6 2 5 4 4 5 2 7 6 6 5 5 5 6 4 0 4 5 3 5 5 5 5 4 7 4 3 5 5 8 3 7 5 5 3 5 5 6 7 4 3 8 6 7 8 2 5 4 6 4 7 6 5 4 8 8 5 4 5 3 2 6 2 6 4 5 2 6 5 7 3 4 4 8 6 3 6 3 5 8 4 4 4 6 8 6 5 4 6 4 1 5 2 5 5 5 3 7 5 6 2 4 4 2 4 5 3 4 5 6 5 5 4 5 4 4 9 5 4 4 4 3 6 3 2 6 6 3 4 4 3 6 
5 7 7 9 5 7 5 9 7 7 10 9 8 8 8 3 9 0 7 10 6 8 4 3 8 3 6 9 7 6 9 8 6 8 8 7 9 4 3 5 9 6 10 2 8 8 4 4 6 7 4 5 10 5 7 7 7 10 3 7 5 8 3 8 7 4 9 7 6 7 8 5 6 7 7 9 7 7 5 10 5 4 5 6 8 9 7 8 8 5 6 5 6 5 9 2 2 8 8 9 5 9 6 7 11 4 8 10 5 7 8 11 8 6 7 10 10 8 9 6 4 6 7 10 7 5 10 9 9 4 5 9 8 7 2 8 6 10 8 6 5 7 5 10 6 6 8 7 8 7 11 4 6 9 8 5 8 7 7 8 7 7 7 9 10 9 6 3 12 6 6 5 7 8 6 6 6 3 6 8 7 8 7 5 5 12 7 9 5 2 7 6 6 7 2 8 3 5 6 9 
9 3 7 8 4 3 4 4 5 8 5 7 5 7 6 6 5 3 5 1 9 6 5 5 8 6 8 3 3 5 5 6 6 6 3 6 5 4 7 7 6 7 2 5 6 7 5 6 3 5 9 5 5 6 5 4 3 4 7 5 5 7 6 5 6 4 3 4 3 4 7 4 7 5 1 5 4 5 4 6 6 8 6 4 5 0 7 6 4 9 6 5 6 3 4 7 2 7 8 6 6 3 3 5 4 7 5 5 4 2 5 1 6 4 5 3 4 9 4 3 3 5 2 7 5 4 4 5 2 7 5 6 2 6 7 5 8 5 6 5 5 6 5 6 6 8 2 5 6 5 3 5 7 5 7 3 2 6 5 5 6 5 6 2 6 2 6 4 7 4 4 6 5 3 5 5 3 3 7 3 3 6 3 2 2 8 5 4 7 6 3 3 2 7 4 6 7 5 5 6 
10 11 7 13 1 15 7 4 8 6 8 6 15 7 7 7 11 9 8 9 8 10 13 9 15 9 12 4 9 10 8 10 8 15 7 4 15 11 10 15 6 9 12 11 15 10 3 9 5 14 10 12 8 10 10 11 9 11 9 11 12 12 9 7 13 9 10 11 5 13 6 10 11 12 9 9 13 10 9 8 11 6 9 9 11 12 14 8 7 11 11 8 5 8 10 10 13 5 6 10 8 11 6 15 13 8 8 9 12 8 7 11 13 7 9 9 9 14 12 12 7 7 6 11 11 10 8 14 10 11 8 8 13 4 2 8 10 5 6 10 6 9 10 12 9 3 9 9 6 12 9 8 14 6 6 11 9 5 6 16 7 14 14 9 4 9 15 9 10 6 2 12 4 6 10 11 10 9 12 15 6 7 8 8 1 8 8 8 12 9 7 7 7 9 9 9 11 5 10 10 
2 4 3 2 4 1 3 3 4 3 4 3 2 3 2 2 2 4 5 2 4 3 3 5 2 3 4 2 3 4 3 1 3 3 4 4 2 1 3 5 3 3 3 5 2 4 2 1 3 3 3 3 1 3 4 2 3 3 3 5 2 3 3 2 5 2 4 2 3 5 3 1 3 3 4 3 2 4 3 1 4 2 4 2 3 3 4 2 1 3 3 3 3 5 2 5 4 2 4 2 3 4 3 4 4 3 3 2 1 5 4 3 2 2 3 3 3 4 4 5 3 2 3 4 3 6 5 3 2 4 2 3 3 2 5 3 5 2 3 1 2 2 3 4 3 2 3 3 2 3 2 2 4 2 4 4 3 3 3 4 3 3 2 3 3 3 3 5 2 4 3 3 4 2 3 2 3 1 2 4 3 2 3 4 0 3 5 4 4 1 2 3 3 4 3 3 3 4 3 4 
12 7 5 5 4 6 10 13 9 9 10 7 7 4 7 8 9 9 7 3 8 8 8 10 12 8 4 3 7 5 6 7 12 6 6 3 7 5 5 6 1 9 9 11 7 4 12 5 8 5 8 11 2 0 8 5 6 8 10 10 7 8 7 7 5 8 6 7 5 6 6 10 6 9 8 4 7 8 10 12 6 8 10 4 7 6 5 7 4 7 5 11 10 10 8 7 9 11 9 8 7 8 10 5 8 6 10 5 9 11 2 6 12 7 7 6 5 6 4 6 6 7 10 9 9 10 8 7 7 1 3 5 8 6 4 8 8 9 10 9 10 10 7 5 6 9 6 6 7 6 7 9 11 8 8 4 6 7 6 7 7 7 3 6 5 8 7 7 3 9 12 7 6 9 9 4 6 3 7 4 11 10 7 4 8 10 4 6 3 11 5 8 10 6 7 8 8 6 12 6 
2 1 3 1 1 2 2 2 1 2 1 2 2 2 1 2 2 3 2 1 2 2 2 4 2 2 2 2 3 1 2 2 2 2 0 2 2 2 2 2 3 1 2 1 2 2 2 1 2 0 2 2 1 1 2 2 2 2 3 2 2 3 2 2 2 2 2 3 2 2 1 2 2 3 2 1 2 2 2 2 3 1 2 2 3 2 2 1 3 3 2 3 1 3 2 2 2 2 3 3 1 2 3 2 2 2 1 2 2 1 3 1 2 2 3 1 2 2 2 3 2 3 0 2 2 3 2 2 3 2 2 2 2 3 2 1 2 1 2 2 3 3 1 2 2 3 2 2 1 2 2 2 2 2 2 1 2 2 1 3 1 2 2 1 2 2 2 1 3 1 2 2 2 2 2 2 2 1 2 3 2 3 1 1 3 3 2 1 2 3 2 2 2 2 2 3 2 2 2 1 
9 10 7 9 7 11 9 11 9 4 7 12 4 6 10 7 13 8 7 10 8 7 7 8 6 11 6 12 5 7 8 2 8 12 9 6 13 11 7 3 8 14 9 8 7 11 5 9 13 4 6 10 6 12 6 3 11 11 7 6 8 13 8 8 8 4 3 8 9 9 7 7 11 12 9 8 5 14 7 8 2 10 10 8 3 9 8 8 7 9 10 9 9 6 12 8 8 7 8 7 8 10 9 5 4 9 6 11 10 12 8 13 11 7 5 9 5 6 9 8 10 2 7 11 13 3 2 7 10 8 3 8 14 9 6 7 11 5 6 6 4 9 6 9 5 10 6 7 8 6 7 4 5 5 5 5 10 7 9 8 10 7 7 5 7 8 9 8 14 7 12 11 16 10 8 4 10 12 4 4 10 11 10 11 8 4 0 10 10 10 10 4 7 5 8 4 6 8 11 12 
3 10 13 9 9 9 6 10 6 12 10 6 7 9 4 7 3 11 4 7 8 8 6 7 8 7 9 8 7 6 9 10 10 8 10 10 10 4 12 6 4 9 6 9 10 9 10 8 3 7 7 9 13 9 8 9 8 8 9 1 5 8 5 9 7 3 10 11 7 14 8 5 1 12 6 6 9 4 7 5 7 12 11 10 11 7 8 11 11 5 8 8 9 6 11 11 9 6 8 7 9 5 11 11 6 9 9 8 7 9 10 10 6 7 6 7 11 7 10 9 12 10 8 8 12 12 7 9 4 9 9 5 8 11 9 13 4 6 7 6 12 9 7 8 7 9 7 4 9 8 2 7 9 9 6 3 11 8 8 8 6 7 6 7 11 9 6 6 11 3 9 7 8 13 10 2 8 5 11 8 3 6 7 12 9 4 10 9 6 8 11 11 5 5 8 8 10 11 6 9 
9 5 3 4 6 7 3 7 4 7 7 7 3 5 6 5 9 4 7 4 6 5 7 3 7 1 6 6 6 6 3 8 6 6 6 6 7 6 6 8 3 4 3 7 5 4 4 7 2 6 4 5 4 4 3 5 7 4 1 4 5 1 9 8 5 3 6 4 3 4 5 6 2 7 4 3 6 4 9 7 6 6 6 2 4 3 3 6 6 5 6 5 3 3 3 5 4 8 3 3 4 4 4 5 4 6 6 5 4 7 5 3 3 4 3 7 7 7 4 5 4 5 7 4 6 8 5 5 2 7 6 8 7 4 6 7 3 6 6 3 5 5 3 2 4 3 6 5 3 3 4 7 6 5 6 9 4 6 4 5 4 7 5 7 8 5 6 4 5 4 7 4 2 5 3 4 7 5 5 5 4 7 6 6 5 4 5 5 6 6 4 8 4 9 3 6 8 5 4 5 
3 4 5 4 5 5 2 7 3 5 3 2 1 8 6 3 6 5 6 3 2 5 6 3 5 4 6 5 3 4 4 3 5 5 3 4 5 3 4 4 4 4 3 5 4 4 4 2 4 4 6 2 5 3 4 3 4 4 5 4 4 5 6 5 5 6 3 5 5 2 4 5 4 5 6 6 2 1 5 4 2 3 5 3 4 2 6 4 2 3 6 6 2 5 5 4 5 4 4 3 4 4 4 5 5 5 1 4 3 3 4 4 4 5 5 5 3 3 6 4 4 5 4 3 6 4 4 5 3 2 3 5 3 2 4 4 3 4 4 5 4 3 3 3 3 3 4 2 4 4 3 2 3 2 4 2 3 5 3 3 2 4 4 4 2 2 5 4 6 6 4 2 5 3 5 3 6 3 3 5 4 4 5 4 6 0 3 3 6 3 2 3 3 4 4 3 5 5 4 5 
7 7 10 4 14 11 11 5 9 6 7 11 5 12 9 5 9 9 13 11 13 12 8 7 9 13 9 7 6 8 13 7 9 7 13 8 7 7 7 10 12 7 9 6 9 4 5 1 8 8 10 15 10 8 12 6 9 6 10 10 14 12 8 5 8 14 5 10 8 9 12 9 6 11 11 7 3 9 8 9 9 7 8 13 12 11 4 6 14 9 5 11 9 8 9 11 9 14 11 10 10 8 8 10 9 9 10 9 6 11 5 8 16 2 8 8 7 20 6 10 10 12 9 12 15 5 10 10 10 8 7 12 11 10 8 9 11 10 11 10 6 5 8 14 11 9 10 13 11 9 6 8 7 6 10 12 7 0 5 5 14 8 10 6 6 14 8 10 11 10 9 14 12 9 7 7 10 10 11 9 10 7 6 11 12 12 11 4 6 9 10 10 12 14 5 9 2 7 6 12 
4 7 7 5 8 4 3 9 6 6 5 6 5 6 6 5 5 7 3 4 5 6 4 9 5 7 4 6 5 4 5 5 8 8 7 7 8 5 5 4 4 6 3 6 3 3 7 5 6 6 5 4 3 4 4 6 4 2 1 1 2 4 7 6 7 7 6 5 5 7 6 3 7 8 6 4 5 5 4 5 2 5 5 4 4 5 6 4 5 3 6 5 4 5 5 7 4 8 5 5 3 4 5 5 5 4 6 6 8 5 8 1 4 2 4 5 4 5 8 5 4 6 9 3 8 3 7 8 4 3 6 7 7 4 4 6 6 6 6 8 5 6 9 5 9 7 4 6 6 6 5 6 5 6 5 6 5 6 5 6 6 5 5 3 4 5 5 3 2 4 4 6 6 10 5 6 3 6 5 3 7 9 2 5 5 3 5 4 6 6 3 6 5 5 6 5 4 5 6 1 
2 2 2 1 2 2 2 3 1 3 2 1 2 2 2 2 2 0 2 2 3 2 1 2 1 2 1 2 1 1 3 2 2 2 2 2 2 2 3 2 2 1 2 2 1 2 2 2 2 2 3 2 1 2 3 2 1 2 3 3 2 2 1 4 2 2 2 2 3 2 2 2 1 2 3 2 1 3 2 2 2 3 2 2 2 1 3 2 2 4 2 1 2 2 3 2 3 2 2 1 2 2 2 1 1 2 1 2 2 2 3 1 1 2 2 2 3 3 1 1 2 1 3 2 3 1 2 1 2 2 3 1 2 2 2 2 3 2 3 3 3 2 1 1 0 1 2 2 3 1 1 2 2 3 2 1 3 2 2 2 3 2 3 1 3 3 3 2 3 2 3 1 1 2 3 2 2 2 1 2 1 2 3 1 3 3 3 3 3 1 2 2 3 3 1 2 2 1 0 2 
10 5 3 6 16 6 13 8 8 11 14 6 3 5 11 8 6 7 7 10 8 7 10 7 8 1 15 10 10 10 5 9 5 9 10 8 5 9 7 3 3 9 11 12 10 6 7 9 8 6 7 8 10 10 4 7 10 7 7 9 5 9 5 4 5 8 7 8 9 7 5 12 8 6 9 9 7 10 11 11 4 7 10 6 12 8 6 6 11 5 7 7 5 10 10 8 6 11 11 10 10 6 13 7 4 4 14 10 6 9 9 7 8 7 9 10 13 8 7 1 7 6 1 7 10 6 8 4 7 9 11 10 4 11 5 7 12 6 8 8 3 14 8 6 11 7 6 7 7 9 8 2 5 8 9 8 4 12 4 10 8 10 3 5 6 11 9 9 10 6 5 7 13 9 6 7 0 7 9 10 9 7 4 5 5 10 7 11 7 5 4 7 10 5 9 12 5 10 4 10 
3 3 3 2 5 4 4 4 4 2 3 4 3 2 3 3 5 2 2 2 3 4 2 2 4 3 4 3 3 5 3 2 3 3 0 3 2 4 4 4 2 3 3 2 3 2 4 4 3 3 3 2 3 3 2 4 4 3 4 2 4 3 2 1 3 4 4 2 3 3 4 4 3 5 5 2 3 3 1 4 6 3 3 2 3 4 2 1 4 5 4 2 3 5 3 4 3 2 2 3 4 3 3 4 3 2 3 0 4 3 3 1 5 2 4 2 3 2 5 4 2 2 3 3 4 3 3 5 3 3 3 4 4 3 2 0 2 4 3 3 3 2 2 4 3 4 3 2 3 3 2 3 4 2 3 2 2 5 3 4 1 2 3 4 3 4 3 3 6 3 5 2 1 3 4 3 3 3 4 4 2 3 3 3 3 3 4 4 2 1 2 4 3 3 3 3 3 2 4 3 
1 1 1 1 1 1 1 1 0 1 1 1 1 2 1 1 1 1 1 1 1 1 1 1 1 1 1 1 1 1 1 1 1 0 0 1 1 1 1 1 1 1 1 1 1 2 2 1 1 1 2 1 1 1 1 1 1 1 1 1 1 1 1 1 0 1 1 1 1 1 1 2 1 1 1 1 1 0 1 1 1 1 1 1 1 1 1 1 1 1 1 1 1 1 1 1 1 2 1 1 1 1 1 1 1 1 1 1 1 1 1 0 1 0 1 1 1 1 1 1 1 1 0 1 1 1 1 1 1 1 2 1 1 1 1 1 1 1 1 1 1 0 1 1 1 0 0 1 1 1 1 1 1 2 1 1 1 2 0 1 1 1 1 1 2 1 1 1 1 1 1 1 1 1 1 1 1 1 1 1 1 1 1 1 1 1 2 1 0 1 1 1 1 1 1 1 2 1 1 1 
5 7 5 3 5 5 3 5 7 7 6 5 6 6 4 5 4 7 6 6 8 4 6 5 7 9 6 4 8 7 6 4 6 6 3 3 1 7 5 5 9 5 8 7 4 9 5 4 5 7 8 8 6 9 7 6 7 5 5 5 8 5 6 6 6 7 8 4 9 4 2 9 2 6 4 7 5 5 6 4 6 6 8 6 5 6 7 9 7 5 8 6 8 2 3 8 4 7 4 7 4 6 8 7 6 7 6 8 5 7 5 4 2 6 4 7 3 6 7 5 7 9 6 4 7 7 8 6 9 4 8 6 9 5 7 3 7 7 10 6 8 7 7 6 10 4 7 8 5 8 8 7 7 6 6 8 6 4 7 7 8 7 5 10 7 6 9 7 4 5 3 9 7 9 5 6 4 5 8 4 9 8 7 7 6 7 5 9 7 8 7 4 5 8 9 3 8 7 6 5 
12 9 11 9 10 3 9 6 13 12 9 14 4 4 6 6 19 12 11 14 9 13 10 18 12 7 15 14 11 15 11 6 5 12 12 3 8 11 8 7 11 10 11 14 13 13 13 8 6 10 10 6 7 9 8 12 10 12 7 10 19 5 13 10 5 19 11 8 14 13 13 13 9 9 16 14 8 5 16 7 12 6 5 13 15 10 9 13 13 14 4 13 12 11 12 12 11 10 11 10 7 6 6 9 11 12 2 6 10 14 12 8 16 8 14 12 4 10 14 4 12 12 9 16 14 16 11 11 8 9 13 10 10 11 9 14 8 11 5 11 7 5 11 5 13 2 11 16 10 14 16 9 4 7 9 12 8 13 10 9 12 8 10 12 3 7 11 8 10 15 8 12 13 11 8 7 7 9 9 15 4 14 7 9 12 9 13 9 2 7 13 21 12 10 15 8 9 9 13 10 
10 8 4 6 9 11 8 9 5 7 1 9 12 11 6 7 9 5 6 9 7 3 7 6 2 4 5 8 10 7 11 10 12 4 10 10 9 8 12 15 9 12 7 8 10 10 8 10 10 11 1 3 8 6 6 6 11 9 9 6 7 14 7 10 6 11 5 11 11 9 8 6 8 7 9 7 11 7 11 7 7 6 11 7 7 6 12 10 11 12 10 5 7 3 9 1 5 7 8 9 11 7 14 8 11 10 7 8 8 8 9 12 9 8 6 10 9 9 7 7 9 7 6 8 7 4 11 6 7 4 5 6 2 7 7 11 8 7 4 2 11 8 8 7 10 5 2 8 5 13 8 8 12 10 7 5 6 7 1 6 5 9 5 11 8 7 6 6 10 6 7 8 13 9 6 7 10 8 11 10 6 9 9 8 12 7 9 12 13 7 6 11 8 7 11 3 8 6 9 9 
5 4 3 3 2 3 5 5 5 4 5 3 4 1 1 2 3 5 5 2 6 5 4 2 3 4 4 3 3 4 3 1 5 3 4 5 5 5 4 3 2 3 4 4 3 4 2 2 5 4 2 4 3 4 1 4 2 3 6 3 4 4 4 3 4 4 4 2 6 6 4 3 3 4 5 6 3 4 4 4 5 5 4 3 6 3 5 4 3 4 4 2 5 4 4 5 5 5 6 5 4 3 4 2 3 3 3 5 2 7 3 4 3 4 2 4 5 3 3 3 3 6 4 6 6 6 2 5 4 2 5 4 3 3 5 3 4 4 3 5 4 3 6 1 3 5 4 5 3 4 4 4 4 1 3 5 4 5 6 4 6 5 5 5 5 6 4 6 5 5 4 3 6 4 4 7 6 2 4 3 5 5 2 4 3 4 4 6 4 6 6 6 4 3 3 5 6 4 4 3 
2 3 4 5 4 6 3 5 4 1 4 4 2 6 4 3 6 3 4 6 4 2 4 4 4 4 4 3 2 6 5 3 3 3 3 4 7 7 2 3 4 5 4 5 6 3 5 5 2 5 3 3 4 6 2 2 3 4 3 6 9 2 5 3 5 4 4 3 4 3 5 5 3 3 2 3 5 3 5 2 3 6 5 5 6 2 3 4 4 3 5 2 2 3 3 6 6 5 3 4 3 4 4 5 5 5 5 2 1 3 7 5 2 3 2 4 1 4 4 3 5 2 6 5 5 5 4 4 5 5 6 3 0 5 4 5 1 5 4 2 5 3 5 2 4 5 5 4 6 7 5 4 5 5 3 4 4 0 4 5 5 3 2 6 5 5 3 3 3 4 3 5 2 3 2 5 5 7 3 7 6 4 4 4 4 5 5 3 5 5 2 2 3 5 3 3 5 1 3 6 
12 9 10 7 6 9 5 8 7 10 10 7 10 12 11 4 10 10 7 6 12 7 10 10 9 8 4 5 12 8 8 7 9 8 5 10 6 7 8 6 13 5 3 9 3 11 10 11 9 8 6 8 9 8 13 3 7 9 12 1 8 8 4 6 9 10 4 5 8 9 6 8 5 10 10 8 8 5 11 9 12 8 7 12 15 9 5 5 5 10 8 7 7 5 5 0 11 11 11 10 11 10 12 10 6 7 7 8 8 9 8 8 7 9 12 6 14 5 9 4 2 4 9 9 9 8 10 5 11 5 6 9 5 8 9 11 2 10 7 13 8 5 5 9 8 10 7 9 11 9 6 10 5 5 6 8 6 10 11 13 4 9 9 8 7 7 12 8 9 7 7 6 10 11 9 7 7 11 8 8 6 6 7 9 8 13 7 8 6 8 11 10 6 10 7 5 8 7 7 11 
4 2 2 2 1 3 3 2 3 1 3 2 3 1 2 4 2 3 1 1 3 2 1 3 1 2 3 1 2 2 2 1 2 2 3 3 1 1 3 2 1 2 2 1 2 3 2 1 2 1 3 2 2 3 2 2 2 2 1 1 1 2 3 2 3 1 2 2 3 2 2 2 1 0 3 1 2 2 3 3 3 2 2 1 2 2 2 3 2 3 2 2 2 1 0 1 2 2 2 3 2 3 2 2 3 2 1 3 3 2 2 2 3 2 2 2 2 2 3 3 2 2 1 1 2 2 2 2 2 3 2 3 2 2 2 1 0 2 1 2 2 2 1 2 3 3 2 0 1 2 0 1 4 2 2 2 3 2 2 2 2 1 3 1 2 3 1 2 2 2 2 1 2 1 2 2 3 1 2 2 3 4 2 3 1 2 3 3 2 3 2 2 2 2 2 2 2 1 2 2 
8 2 9 9 4 11 2 8 7 5 6 3 9 8 5 9 10 6 7 10 6 3 11 5 9 8 6 6 5 7 5 8 8 12 3 11 10 6 7 10 7 7 9 9 7 5 7 10 5 9 7 8 4 9 7 4 9 9 8 10 6 8 10 6 8 9 5 6 8 2 6 10 7 8 12 7 7 10 7 8 8 5 6 7 9 11 13 10 6 7 5 7 6 5 7 10 7 6 7 6 9 7 6 12 10 3 8 8 7 5 7 6 8 4 11 10 7 7 5 6 4 8 4 7 11 8 7 5 5 8 8 7 9 4 4 6 3 4 5 9 9 11 8 4 8 8 6 8 5 6 6 10 7 5 10 3 6 9 8 9 10 3 9 6 9 8 5 7 4 5 10 10 3 4 9 4 4 5 6 10 4 8 5 11 5 5 8 6 10 7 6 9 10 10 2 4 7 7 5 9 
3 7 6 6 5 5 12 6 7 5 6 7 6 7 4 5 4 5 5 9 5 3 5 7 10 7 3 8 10 6 9 7 5 3 5 3 2 5 3 8 5 9 10 4 9 8 6 5 5 1 6 7 6 7 6 9 6 5 6 5 9 3 7 5 8 5 4 7 5 4 10 5 8 9 9 5 4 10 9 6 6 5 11 7 6 4 11 4 4 5 5 4 8 6 2 7 7 8 7 8 7 3 6 2 8 6 4 4 6 9 7 4 5 5 4 4 2 9 7 5 7 9 4 8 4 6 5 7 8 7 6 7 5 8 5 4 6 8 4 6 6 8 6 4 5 4 5 7 5 4 6 7 4 5 7 6 5 5 8 2 7 2 5 4 5 8 6 5 6 4 6 8 12 6 9 6 8 6 4 7 5 6 5 8 11 3 6 6 9 5 10 4 7 4 10 3 6 8 1 6 
4 7 5 9 8 8 4 9 9 6 9 8 2 5 5 8 5 7 5 7 5 8 8 8 5 7 7 10 5 7 5 7 8 9 5 10 8 12 10 6 8 9 5 7 8 7 5 4 6 3 7 4 9 8 3 5 8 7 6 5 7 7 7 9 11 7 5 9 5 8 10 4 5 6 4 10 6 7 5 4 5 4 6 6 9 9 7 5 5 8 5 5 7 5 11 11 11 8 7 6 9 5 6 6 9 5 6 6 8 5 10 10 8 10 7 5 6 6 6 10 6 7 6 7 7 10 8 7 8 5 8 10 8 6 9 2 7 5 8 5 10 11 8 9 9 9 4 10 8 1 11 8 9 3 8 11 8 10 6 3 2 5 9 1 8 3 5 8 10 6 7 6 7 7 9 7 7 7 11 5 8 11 7 9 9 10 10 8 8 5 4 5 8 5 8 8 8 9 6 7 
4 2 3 2 1 2 3 2 2 3 2 3 3 2 2 2 1 0 1 2 2 3 2 2 2 1 3 3 2 1 2 1 2 2 3 2 2 1 2 3 2 1 3 1 2 2 2 2 2 2 1 2 3 2 2 1 3 1 3 2 4 3 1 1 1 3 2 2 2 2 2 2 1 2 2 2 3 3 1 2 1 2 2 2 2 3 3 2 2 1 2 3 4 2 2 4 2 3 3 2 1 2 1 3 1 2 2 2 3 3 3 2 2 1 1 1 3 3 3 2 2 2 3 1 3 3 2 3 2 1 2 2 2 3 2 1 1 2 2 2 1 1 4 2 2 3 1 2 2 3 2 1 4 1 1 2 1 2 3 2 2 2 2 2 1 1 1 1 2 1 3 3 3 1 3 2 3 2 1 3 3 2 2 2 2 1 1 2 1 1 2 2 3 1 2 2 2 3 1 1 
9 12 9 8 9 14 9 11 8 10 13 9 10 9 7 10 14 9 15 5 9 12 9 4 11 15 7 5 12 10 7 9 17 13 7 12 8 16 9 17 8 12 13 10 13 14 9 12 6 8 7 9 14 16 8 13 10 11 10 13 12 7 16 11 7 2 8 9 14 9 11 17 7 8 8 10 3 10 11 11 8 7 6 9 7 7 6 14 13 13 12 10 7 12 7 5 8 9 6 14 6 9 15 11 9 9 8 15 7 7 13 7 10 10 8 17 11 4 8 14 11 17 10 8 9 7 8 8 7 13 13 13 6 13 6 9 16 10 16 14 11 7 14 5 19 9 12 11 8 8 11 9 7 18 8 6 11 6 10 4 9 4 8 10 11 12 8 13 16 11 14 7 8 12 11 12 9 8 6 12 4 2 9 7 4 9 7 5 16 8 10 6 13 11 12 8 15 11 13 9 
12 11 3 10 12 6 8 13 10 11 5 5 12 10 11 13 14 7 8 9 9 3 8 9 13 12 13 10 7 10 10 6 7 18 9 9 18 6 9 11 10 6 10 8 9 9 9 10 10 8 11 14 10 10 11 6 0 12 6 14 7 8 11 14 7 12 10 11 9 4 10 8 11 8 6 6 13 7 5 5 11 14 7 13 11 6 8 13 12 9 7 11 9 14 10 10 10 13 11 7 14 9 10 6 10 14 4 14 14 8 9 3 13 6 10 5 4 6 7 9 13 8 10 10 13 7 11 10 12 12 6 7 8 9 7 12 11 4 10 5 6 5 11 12 4 15 12 9 7 7 8 10 9 7 13 6 8 7 11 8 10 8 7 11 14 5 4 8 9 9 5 4 14 12 15 7 10 10 11 9 6 8 9 10 7 7 11 12 7 8 4 7 12 9 11 11 11 8 6 11 
2 1 2 1 2 3 2 2 2 1 2 2 2 2 3 2 3 2 2 0 1 2 2 2 2 2 2 2 3 2 2 3 2 2 2 1 2 1 3 1 3 1 1 2 1 1 3 2 2 1 1 3 1 1 1 2 3 1 2 3 2 1 2 2 3 2 1 3 1 2 1 1 3 2 1 2 2 2 1 3 1 2 1 1 2 2 2 2 2 2 3 2 3 2 3 2 3 3 1 2 5 1 2 2 3 2 0 1 3 2 1 3 2 3 1 2 3 2 2 2 2 2 2 2 2 3 2 2 3 2 1 2 2 3 2 2 2 1 3 2 2 2 1 2 1 2 2 2 3 1 2 2 3 2 2 1 0 1 1 1 2 2 2 2 1 1 2 2 3 1 2 1 3 2 2 3 2 2 2 3 2 2 2 2 2 2 3 1 2 3 2 2 1 2 1 3 2 3 1 2 
4 8 7 8 8 11 6 6 5 6 6 5 7 8 9 10 8 3 9 10 7 10 3 9 8 6 6 7 6 7 11 4 3 8 9 8 8 8 3 6 8 7 5 5 8 3 5 10 3 4 8 8 6 6 4 9 6 10 6 5 8 7 6 3 7 9 8 6 5 5 11 9 7 3 9 9 8 6 3 3 6 10 7 4 9 8 0 8 6 5 4 3 7 6 9 11 9 5 12 10 5 7 6 4 8 6 7 9 9 8 6 8 8 5 8 9 9 5 7 8 6 8 5 5 4 3 10 11 7 7 12 6 5 7 7 7 8 6 7 7 6 10 5 6 10 4 9 6 10 8 9 6 9 4 11 7 6 6 4 3 10 8 7 6 5 8 8 9 9 11 7 7 6 8 3 3 3 7 6 8 12 6 6 7 5 8 11 7 7 9 6 8 6 6 5 7 9 7 8 8 
8 5 7 7 6 8 4 8 10 4 11 6 8 8 5 8 4 7 6 9 8 7 8 5 6 7 8 8 10 6 7 9 11 3 8 8 11 7 1 11 8 7 5 4 7 7 8 4 5 9 10 9 8 7 2 6 7 2 5 8 4 8 7 9 10 7 10 4 7 3 9 9 7 9 7 10 5 5 6 10 6 3 9 9 8 7 7 8 3 6 6 4 7 12 7 5 5 7 5 15 7 7 3 5 10 5 8 9 5 5 9 7 7 6 5 9 9 3 6 7 7 6 8 12 7 10 8 5 7 5 7 7 3 11 0 12 12 4 7 7 6 7 11 8 4 4 4 8 7 14 4 8 10 10 8 4 7 9 5 5 2 9 7 8 10 5 9 4 5 5 9 5 3 9 9 11 6 4 11 7 8 9 6 10 3 5 8 3 3 12 8 4 4 6 8 7 7 8 6 8 
7 5 6 7 4 5 5 4 5 6 1 8 5 2 5 8 9 6 4 6 8 4 4 5 9 5 6 5 6 6 6 8 3 7 6 2 2 7 6 6 9 6 7 6 6 8 8 8 4 2 1 5 7 5 5 2 9 4 5 8 9 7 10 5 8 9 3 8 3 8 3 4 7 9 7 4 6 8 5 3 5 5 3 5 5 6 6 8 7 7 3 6 7 5 5 6 5 7 6 6 3 9 2 3 2 9 2 5 7 7 5 10 5 6 5 5 5 5 4 8 5 5 5 9 7 7 5 7 4 3 6 9 6 6 8 7 5 4 6 4 5 5 8 6 5 7 9 7 4 9 8 2 9 5 4 0 8 6 10 6 5 5 8 7 6 4 9 5 8 5 9 8 6 7 4 9 2 6 6 8 6 6 8 6 2 4 9 10 7 8 5 8 11 9 6 5 4 6 6 8 
