NAME  : Jabali_50_4_0.85_1_5
TYPE : SVRP
MODEL : FINITE_SUPPORT
NUMBER_OF_SCENARIOS : 200
DIMENSION : 50
EDGE_WEIGHT_TYPE : MATRIX
CAPACITY : 83
N_VEHICLES : 4
NODE_COORD_SECTION
1 3108 4567
2 4430 3521
3 3306 278
4 306 6484
5 1336 4475
6 4939 2972
7 3785 18
8 3703 1508
9 7892 2325
10 4889 5315
11 4307 1109
12 1236 5992
13 4092 4775
14 3392 3210
15 4107 623
16 6072 6977
17 4384 156
18 2946 3664
19 6954 3428
20 5777 319
21 4612 8226
22 5398 6032
23 2099 5776
24 5101 8180
25 2328 6459
26 6132 5296
27 1454 7396
28 3444 7372
29 944 5580
30 3817 369
31 2734 7806
32 5093 2391
33 2569 7848
34 2936 4182
35 1706 6497
36 5040 859
37 3903 5231
38 6697 2919
39 1570 5150
40 2942 3001
41 2733 700
42 4578 2529
43 2264 3501
44 7062 1731
45 5730 1532
46 40 6083
47 5861 5221
48 27 5718
49 6024 3886
50 6005 8094
DEMAND_SECTION
1 0.0
2 4.0
3 6.0
4 1.0
5 5.0
6 5.0
7 7.0
8 7.0
9 4.0
10 7.0
11 9.0
12 4.0
13 9.0
14 1.0
15 1.0
16 9.0
17 8.0
18 7.0
19 8.0
20 2.0
21 3.0
22 8.0
23 7.0
24 8.0
25 10.0
26 5.0
27 3.0
28 4.0
29 5.0
30 4.0
31 3.0
32 5.0
33 4.0
34 4.0
35 8.0
36 10.0
37 1.0
38 7.0
39 10.0
40 3.0
41 9.0
42 7.0
43 4.0
44 5.0
45 9.0
46 3.0
47 10.0
48 6.0
49 5.0
50 9.0
DEVIATION_SECTION
1 0.0
2 1.33333
3 2.0
4 0.333333
5 1.66667
6 1.66667
7 2.33333
8 2.33333
9 1.33333
10 2.33333
11 3.0
12 1.33333
13 3.0
14 0.333333
15 0.333333
16 3.0
17 2.66667
18 2.33333
19 2.66667
20 0.666667
21 1.0
22 2.66667
23 2.33333
24 2.66667
25 3.33333
26 1.66667
27 1.0
28 1.33333
29 1.66667
30 1.33333
31 1.0
32 1.66667
33 1.33333
34 1.33333
35 2.66667
36 3.33333
37 0.333333
38 2.33333
39 3.33333
40 1.0
41 3.0
42 2.33333
43 1.33333
44 1.66667
45 3.0
46 1.0
47 3.33333
48 2.0
49 1.66667
50 3.0
DISTANCE_MATRIX
0.0 29.0 62.1691 51.2645 33.3766 42.0119 62.6259 46.5296 75.945 29.0172 47.5395 45.4357 16.2788 23.7995 54.4059 52.5547 59.4686 12.4341 63.7406 66.588 55.2293 38.833 33.1408 59.4714 31.9748 46.0977 48.8553 36.8975 38.4824 58.5235 43.6723 42.4077 44.7655 5.38516 39.6567 53.0509 15.2971 59.6551 28.3204 20.8282 63.2456 36.5397 17.198 69.6503 53.8353 60.5536 43.1045 61.2413 53.3519 60.9649 
29.0 0.0 36.4966 78.5493 59.5063 13.4164 39.0 21.0238 76.8387 22.4722 27.5136 63.3114 17.72 36.4966 32.3883 48.0104 38.833 26.5707 70.6045 48.2597 59.3513 32.7567 51.0164 59.4811 49.8504 30.2324 66.731 53.8779 65.7696 35.0143 60.6551 38.2753 61.7637 27.4591 57.5324 34.6699 23.7697 64.5136 55.6076 30.0666 35.3412 32.9848 32.0799 65.1885 44.1661 78.4293 27.8029 78.7939 66.3973 61.2944 
62.1691 36.4966 0.0 112.017 91.6778 30.5941 6.7082 15.8114 73.0068 57.0351 18.0278 94.6729 54.1295 60.3695 11.7047 78.1601 14.1421 54.6443 75.9276 33.2415 94.1329 64.9384 84.6636 93.6483 85.4146 56.3028 102.295 90.008 95.4879 7.07107 96.7852 49.5188 97.8938 58.6686 93.0966 25.9615 60.208 68.6586 85.5231 53.1922 9.84886 48.4479 61.3783 59.0085 41.2311 109.719 55.3624 108.415 77.6209 92.8924 
51.2645 78.5493 112.017 0.0 20.6155 91.9239 108.218 93.0284 78.0 77.6209 94.2901 23.0868 66.921 48.5964 100.383 95.0211 101.107 56.0599 60.0083 90.3383 79.8311 85.0 32.7567 85.5102 39.0 95.0789 38.0132 59.6825 17.0 105.322 53.7587 62.455 53.1413 51.1077 32.249 86.8987 63.6003 62.2896 23.2594 55.68 110.463 63.2334 60.8238 77.2787 74.686 19.105 92.1792 14.8661 48.0104 96.8762 
33.3766 59.5063 91.6778 20.6155 0.0 72.9178 87.879 74.1782 63.3482 62.1438 73.9513 20.5913 49.6488 28.2576 80.0445 83.1865 80.7679 36.6744 46.1736 70.4507 72.8972 71.0634 21.0238 77.8781 30.5287 79.4069 39.1152 52.3546 16.4924 84.9836 50.3289 42.5384 50.2494 32.573 27.5862 66.5599 48.0416 46.5296 10.0 35.3412 91.9729 42.8946 41.4384 60.0083 54.7814 30.0 76.4215 27.1662 34.176 87.9204 
42.0119 13.4164 30.5941 91.9239 72.9178 0.0 35.1141 18.6011 84.8727 27.2947 29.0 75.1801 28.6007 49.4773 31.0644 47.7598 37.7359 39.9249 81.0494 51.7397 64.0078 34.3657 62.8851 63.1981 61.7171 26.4197 78.2368 64.5672 79.1422 31.7805 71.3444 48.5077 72.453 40.8167 69.4011 38.6005 34.1321 74.5252 68.9802 42.7551 26.1725 44.0454 45.4838 71.1758 50.1597 90.298 25.0799 90.9856 78.0064 62.3618 
62.6259 39.0 6.7082 108.218 87.879 35.1141 0.0 18.0278 67.0298 60.531 15.8114 94.4241 56.2228 59.5641 8.60233 82.8734 8.06226 54.1202 70.8802 27.0185 97.6789 69.1231 84.4148 97.4936 86.779 61.327 103.66 91.5965 95.2391 4.12311 98.3737 45.72 99.4636 58.6941 95.3252 21.4709 62.2896 63.6003 85.2743 52.3869 16.5529 47.4829 61.1295 53.1507 36.4005 109.47 60.1664 108.166 73.3485 97.4166 
46.5296 21.0238 15.8114 93.0284 74.1782 18.6011 18.0278 0.0 69.857 42.5793 11.1803 79.4992 38.4708 46.0162 12.53 65.7951 19.2354 39.6989 69.029 33.8378 79.7179 51.5461 69.4899 79.6241 69.6043 44.9444 86.4849 74.2261 80.5132 14.1421 81.0033 38.1152 82.1119 43.2666 77.2863 21.5407 44.5533 62.0 70.3494 38.839 17.8045 35.4683 46.2046 55.7853 35.3553 94.5449 43.4166 93.5374 68.6733 80.0562 
75.945 76.8387 73.0068 78.0 63.3482 84.8727 67.0298 69.857 0.0 94.8868 59.0339 83.2406 83.0086 53.0903 62.2013 121.789 59.0085 63.521 18.0278 40.1123 128.833 106.279 77.9112 129.198 87.4377 106.797 100.901 107.103 79.8311 66.0303 108.296 39.2046 108.662 70.7469 88.0227 48.6621 87.5383 17.088 71.1688 55.9148 82.1523 45.4533 72.7469 14.1421 34.7851 92.9139 104.174 89.56 30.0167 133.175 
29.0172 22.4722 57.0351 77.6209 62.1438 27.2947 60.531 42.5793 94.8868 0.0 49.98 56.4624 13.6015 46.4952 54.5711 26.9072 61.131 35.1141 86.1157 70.3614 37.1214 11.4018 44.9222 37.108 41.1825 17.4642 55.5225 38.3281 61.3514 56.7186 48.298 55.7461 49.4065 31.5753 49.2443 56.8243 14.1421 81.6554 54.9181 42.4853 53.4603 49.8782 39.8938 82.9842 67.6872 70.7107 14.5602 72.0139 79.1202 39.1152 
47.5395 27.5136 18.0278 94.2901 73.9513 29.0 15.8114 11.1803 59.0339 49.98 0.0 78.9661 43.1856 44.0622 7.2111 74.793 12.0416 38.6183 59.4138 22.8035 86.8265 59.9333 68.9568 86.977 72.5937 54.8179 89.4743 77.5159 79.7811 12.0416 84.2913 31.7924 85.3845 43.3341 79.8672 10.4403 49.0918 52.2398 69.8163 36.885 24.7386 31.981 45.6715 44.911 25.0 93.3158 53.0094 92.7085 60.0833 88.5664 
45.4357 63.3114 94.6729 23.0868 20.5913 75.1801 94.4241 79.4992 83.2406 56.4624 78.9661 0.0 46.8917 44.8408 85.9892 72.111 90.8865 42.5307 66.4831 87.1963 57.0088 62.8172 12.7279 62.5859 16.1245 73.736 18.6011 36.6742 6.32456 90.3845 31.7648 59.284 31.3847 37.3141 9.21954 82.486 42.9418 66.2193 12.1655 49.7454 96.9338 59.4777 47.2946 78.5175 71.5576 15.6205 70.9366 15.8114 54.626 73.8241 
16.2788 17.72 54.1295 66.921 49.6488 28.6007 56.2228 38.4708 83.0086 13.6015 43.1856 46.8917 0.0 32.9147 49.0 39.6611 55.0818 21.5407 72.6736 62.0362 46.0238 24.5967 34.5967 46.1896 33.2415 30.0 49.6488 36.2495 51.1461 52.1536 43.0267 43.868 44.1353 18.1108 41.0366 48.4991 6.08276 68.5881 43.9559 29.1548 52.9245 38.0 26.3132 71.1106 55.475 62.0081 27.0 62.6972 65.5515 50.2494 
23.7995 36.4966 60.3695 48.5964 28.2576 49.4773 59.5641 46.0162 53.0903 46.4952 44.0622 44.8408 32.9147 0.0 51.0861 72.27 55.9826 11.4018 40.6079 52.7601 76.688 57.4649 39.2863 80.9301 48.2305 61.9839 63.3337 57.4618 42.8495 55.5764 68.9226 24.8478 69.2884 18.6015 50.1966 48.3867 35.0024 36.7967 32.7285 7.2111 63.8108 25.0416 20.6015 45.2831 37.1215 57.2459 59.0339 54.8788 32.6956 81.7346 
54.4059 32.3883 11.7047 100.383 80.0445 31.0644 8.60233 12.53 62.2013 54.5711 7.2111 85.9892 49.0 51.0861 0.0 78.2943 6.7082 45.6423 64.3273 23.4094 91.6354 63.9062 75.98 91.6788 79.0095 57.4543 95.8901 83.9023 86.8042 5.0 90.6697 37.8855 91.7878 50.3289 86.8903 14.3178 55.0091 57.0701 76.8395 43.9089 20.0 39.0049 52.6946 48.0937 29.6142 101.035 55.9464 99.7317 65.9242 92.477 
52.5547 48.0104 78.1601 95.0211 83.1865 47.7598 82.8734 65.7951 121.789 26.9072 74.793 72.111 39.6611 72.27 78.2943 0.0 85.0 60.9016 112.199 96.2601 25.4951 15.5563 63.2107 21.095 56.0357 22.2036 63.8905 37.6431 78.0256 79.4796 47.927 82.6488 49.2443 56.3649 63.2851 82.662 37.5766 108.114 74.4312 68.7968 72.1803 76.7809 65.6686 109.881 92.1734 83.5464 22.8035 85.9884 104.907 15.0333 
59.4686 38.833 14.1421 101.107 80.7679 37.7359 8.06226 19.2354 59.0085 61.131 12.0416 90.8865 55.0818 55.9826 6.7082 85.0 0.0 50.625 62.9365 19.105 98.1536 70.5762 80.8772 98.2344 84.6353 64.1405 101.516 89.5574 91.7015 7.61577 96.3329 38.609 97.4261 55.2544 91.7876 14.2127 61.0328 55.6597 81.7367 48.8054 23.7697 44.5533 57.5919 45.0999 28.6356 105.236 62.6498 104.629 65.7647 99.1615 
12.4341 26.5707 54.6443 56.0599 36.6744 39.9249 54.1202 39.6989 63.521 35.1141 38.6183 42.5307 21.5407 11.4018 45.6423 60.9016 50.625 0.0 51.3166 56.5663 65.3226 46.0977 32.5214 66.0115 41.4657 50.636 56.5689 46.9908 43.5446 50.1199 53.7656 31.868 54.8588 7.23607 43.4318 43.0292 23.6008 47.231 33.3809 8.60233 57.28 26.0 9.23607 59.1106 43.8136 57.5764 47.676 56.5689 44.0114 70.317 
63.7406 70.6045 75.9276 60.0083 46.1736 81.0494 70.8802 69.029 18.0278 86.1157 59.4138 66.4831 72.6736 40.6079 64.3273 112.199 62.9365 51.3166 0.0 46.0652 111.782 97.2696 62.434 116.024 72.111 99.8407 84.5813 91.8295 62.6418 68.884 92.9139 32.5576 93.1933 58.5426 72.0069 50.01 74.9435 7.28011 54.626 43.7105 84.0119 37.6431 60.5426 21.9317 34.7131 75.3127 97.1153 71.8471 12.1655 121.676 
66.588 48.2597 33.2415 90.3383 70.4507 51.7397 27.0185 33.8378 40.1123 70.3614 22.8035 87.1963 62.0362 52.7601 23.4094 96.2601 19.105 56.5663 46.0652 0.0 106.71 80.9938 87.1933 106.876 96.1375 77.1557 111.241 95.6683 85.205 26.4764 102.443 28.632 103.536 61.8146 98.1036 13.6015 67.7608 38.9487 75.084 54.7466 42.7551 34.5763 63.9079 26.4764 15.6525 99.6014 75.1665 97.2343 51.0882 109.417 
55.2293 59.3513 94.1329 79.8311 72.8972 64.0078 97.6789 79.7179 128.833 37.1214 86.8265 57.0088 46.0238 76.688 91.6354 25.4951 98.1536 65.3226 111.782 106.71 0.0 30.5941 51.8845 6.08276 42.5441 43.3244 44.0 20.6155 63.3246 93.8592 27.0 89.8918 28.0179 59.4916 47.8017 93.1733 42.2841 112.544 63.0714 73.7038 90.0888 84.0238 70.0865 119.722 101.4 65.0692 42.45 68.2642 101.301 18.4391 
38.833 32.7567 64.9384 85.0 71.0634 34.3657 69.1231 51.5461 106.279 11.4018 59.9333 62.8172 24.5967 57.4649 63.9062 15.5563 70.5762 46.0977 97.2696 80.9938 30.5941 0.0 52.345 29.0 46.8402 13.6015 59.2557 33.6054 68.2495 65.521 44.8233 67.138 46.2299 42.0595 54.7522 67.4166 23.5372 93.0473 63.0714 53.7122 60.0333 61.2701 50.8634 94.3791 76.8633 76.1434 12.083 77.8212 90.1019 28.6356 
33.1408 51.0164 84.6636 32.7567 21.0238 62.8851 84.4148 69.4899 77.9112 44.9222 68.9568 12.7279 34.5967 39.2863 75.98 63.2107 80.8772 32.5214 62.434 87.1933 51.8845 52.345 0.0 56.8595 9.89949 62.3618 24.0832 31.3847 16.5529 80.3752 30.6105 53.7295 30.8058 27.3049 11.0 73.6561 31.0161 60.8475 11.4018 40.9155 86.9245 56.627 37.2853 72.2311 66.0031 28.3196 59.4811 28.4253 51.4004 67.0522 
59.4714 59.4811 93.6483 85.5102 77.8781 63.1981 97.4936 79.6241 129.198 37.108 86.977 62.5859 46.1896 80.9301 91.6788 21.095 98.2344 66.0115 116.024 106.876 6.08276 29.0 56.8595 0.0 47.7598 40.7922 50.01 25.9615 68.884 93.7443 33.0151 90.0576 34.0588 60.8507 53.3667 93.3391 42.4499 116.786 68.1542 74.3403 89.0225 84.1896 74.3286 117.3 101.566 71.0282 40.3113 74.1687 105.543 12.3693 
31.9748 49.8504 85.4146 39.0 30.5287 61.7171 86.779 69.6043 87.4377 41.1825 72.5937 16.1245 33.2415 48.2305 79.0095 56.0357 84.6353 41.4657 72.111 96.1375 42.5441 46.8402 9.89949 47.7598 0.0 58.1808 17.72 21.9317 22.0 82.6591 20.8087 62.6737 21.095 36.237 8.06226 82.6004 28.4253 70.374 20.5913 49.8597 85.1478 65.5712 46.2296 81.9241 74.9474 29.5296 55.4617 31.0161 61.2209 58.4637 
46.0977 30.2324 56.3028 95.0789 79.4069 26.4197 61.327 44.9444 106.797 17.4642 54.8179 73.736 30.0 61.9839 57.4543 22.2036 64.1405 50.636 99.8407 77.1557 43.3244 13.6015 62.3618 40.7922 58.1808 0.0 72.1488 47.2036 78.7464 58.1378 58.4215 67.9779 59.8281 48.0416 66.2118 63.6553 31.5753 94.0213 72.3671 57.0088 50.01 62.2415 55.5077 94.7667 73.7443 87.6641 3.0 89.1572 94.1116 37.2156 
48.8553 66.731 102.295 38.0132 39.1152 78.2368 103.66 86.4849 100.901 55.5225 89.4743 18.6011 49.6488 63.3337 95.8901 63.8905 101.516 56.5689 84.5813 111.241 44.0 59.2557 24.0832 50.01 17.72 72.1488 0.0 26.2488 24.0416 99.5397 17.0 77.777 16.0312 53.1175 13.1529 97.7036 44.2041 83.8153 29.9666 64.9629 102.028 80.6745 61.3328 95.3982 90.0506 21.2132 69.5021 24.7386 72.8972 62.1289 
36.8975 53.8779 90.008 59.6825 52.3546 64.5672 91.5965 74.2261 107.103 38.3281 77.5159 36.6742 36.2495 57.4618 83.9023 37.6431 89.5574 46.9908 91.8295 95.6683 20.6155 33.6054 31.3847 25.9615 21.9317 47.2036 26.2488 0.0 42.9535 87.482 11.3137 74.1473 12.7279 41.1597 27.4591 82.1311 30.4423 90.0391 42.4853 55.372 89.1643 68.2793 50.8603 100.496 86.0929 46.2709 45.5274 49.0408 81.3485 37.2156 
38.4824 65.7696 95.4879 17.0 16.4924 79.1422 95.2391 80.5132 79.8311 61.3514 79.7811 6.32456 51.1461 42.8495 86.8042 78.0256 91.7015 43.5446 62.6418 85.205 63.3246 68.2495 16.5529 68.884 22.0 78.7464 24.0416 42.9535 0.0 91.1995 38.0132 57.2927 37.5899 38.3281 15.5242 81.1518 47.5395 62.9682 10.7703 51.7398 97.9478 57.4865 48.1096 76.0592 69.5664 14.5602 75.8947 13.0384 50.5964 80.0625 
58.5235 35.0143 7.07107 105.322 84.9836 31.7805 4.12311 14.1421 66.0303 56.7186 12.0416 90.3845 52.1536 55.5764 5.0 79.4796 7.61577 50.1199 68.884 26.4764 93.8592 65.521 80.3752 93.7443 82.6591 58.1378 99.5397 87.482 91.1995 0.0 94.2592 42.8246 95.352 54.626 91.2856 18.9737 58.2151 61.6117 81.2347 48.3992 16.2788 43.4952 57.0899 52.0 34.2053 105.43 56.8595 104.127 70.7743 93.9202 
43.6723 60.6551 96.7852 53.7587 50.3289 71.3444 98.3737 81.0033 108.296 48.298 84.2913 31.7648 43.0267 68.9226 90.6697 47.927 96.3329 53.7656 92.9139 102.443 27.0 44.8233 30.6105 33.0151 20.8087 58.4215 17.0 11.3137 38.0132 94.2592 0.0 80.9221 1.41421 47.9346 23.0217 88.906 37.2195 91.2326 40.3609 62.1468 95.9415 75.0542 66.9216 102.616 92.8677 38.1182 56.7454 41.4367 82.0061 45.1774 
42.4077 38.2753 49.5188 62.455 42.5384 48.5077 45.72 38.1152 39.2046 55.7461 31.7924 59.284 43.868 24.8478 37.8855 82.6488 38.609 31.868 32.5576 28.632 89.8918 67.138 53.7295 90.0576 62.6737 67.9779 77.777 74.1473 57.2927 42.8246 80.9221 0.0 83.7317 37.2096 64.6399 24.4009 48.3976 26.2488 47.1717 30.0483 56.4509 6.40312 39.2096 27.8029 13.1529 71.6891 65.2993 69.322 30.5941 94.0344 
44.7655 61.7637 97.8938 53.1413 50.2494 72.453 99.4636 82.1119 108.662 49.4065 85.3845 31.3847 44.1353 69.2884 91.7878 49.2443 97.4261 54.8588 93.1933 103.536 28.0179 46.2299 30.8058 34.0588 21.095 59.8281 16.0312 12.7279 37.5899 95.352 1.41421 83.7317 0.0 49.0278 22.8035 89.9992 38.3281 91.5984 40.3113 63.2401 97.0501 76.1474 67.2875 102.982 93.9609 37.2156 58.152 40.6079 82.201 46.2709 
5.38516 27.4591 58.6686 51.1077 32.573 40.8167 58.6941 43.2666 70.7469 31.5753 43.3341 37.3141 18.1108 18.6015 50.3289 56.3649 55.2544 7.23607 58.5426 61.8146 59.4916 42.0595 27.3049 60.8507 36.237 48.0416 53.1175 41.1597 38.3281 54.626 47.9346 37.2096 49.0278 0.0 38.2152 48.2774 18.7883 54.457 28.1661 15.6301 60.4401 31.3417 12.0 64.4523 49.1552 52.3599 45.0444 51.3523 51.2385 65.1562 
39.6567 57.5324 93.0966 32.249 27.5862 69.4011 95.3252 77.2863 88.0227 49.2443 79.8672 9.21954 41.0366 50.1966 86.8903 63.2851 91.7876 43.4318 72.0069 98.1036 47.8017 54.7522 11.0 53.3667 8.06226 66.2118 13.1529 27.4591 15.5242 91.2856 23.0217 64.6399 22.8035 38.2152 0.0 84.5665 36.4005 70.9366 17.8045 51.8258 92.8298 67.5374 48.1957 82.3982 76.9135 21.4709 63.5059 23.0868 60.5392 64.6297 
53.0509 34.6699 25.9615 86.8987 66.5599 38.6005 21.4709 21.5407 48.6621 56.8243 10.4403 82.486 48.4991 48.3867 14.3178 82.662 14.2127 43.0292 50.01 13.6015 93.1733 67.4166 73.6561 93.3391 82.6004 63.6553 97.7036 82.1311 81.1518 18.9737 88.906 24.4009 89.9992 48.2774 84.5665 0.0 54.2237 42.7551 71.0307 41.2095 34.1321 30.3452 50.3708 34.5254 15.2971 95.5481 61.6198 93.181 51.8941 95.8801 
15.2971 23.7697 60.208 63.6003 48.0416 34.1321 62.2896 44.5533 87.5383 14.1421 49.0918 42.9418 6.08276 35.0024 55.0091 37.5766 61.0328 23.6008 74.9435 67.7608 42.2841 23.5372 31.0161 42.4499 28.4253 31.5753 44.2041 30.4423 47.5395 58.2151 37.2195 48.3976 38.3281 18.7883 36.4005 54.2237 0.0 70.8023 40.7922 31.8904 58.8727 42.5296 28.4009 75.6403 59.4017 57.6888 28.6356 58.6686 67.6394 46.7547 
59.6551 64.5136 68.6586 62.2896 46.5296 74.5252 63.6003 62.0 17.088 81.6554 52.2398 66.2193 68.5881 36.7967 57.0701 108.114 55.6597 47.231 7.28011 38.9487 112.544 93.0473 60.8475 116.786 70.374 94.0213 83.8153 90.0391 62.9682 61.6117 91.2326 26.2488 91.5984 54.457 70.9366 42.7551 70.8023 0.0 54.1202 39.6249 76.7919 31.7805 56.457 16.1245 27.4591 76.3217 91.296 73.1095 14.8661 117.455 
28.3204 55.6076 85.5231 23.2594 10.0 68.9802 85.2743 70.3494 71.1688 54.9181 69.8163 12.1655 43.9559 32.7285 76.8395 74.4312 81.7367 33.3809 54.626 75.084 63.0714 63.0714 11.4018 68.1542 20.5913 72.3671 29.9666 42.4853 10.7703 81.2347 40.3609 47.1717 40.3113 28.1661 17.8045 71.0307 40.7922 54.1202 0.0 41.775 87.784 47.3655 38.1448 66.3702 59.4453 25.2982 69.4262 23.7065 42.9418 78.4474 
20.8282 30.0666 53.1922 55.68 35.3412 42.7551 52.3869 38.839 55.9148 42.4853 36.885 49.7454 29.1548 7.2111 43.9089 68.7968 48.8054 8.60233 43.7105 54.7466 73.7038 53.7122 40.9155 74.3403 49.8597 57.0088 64.9629 55.372 51.7398 48.3992 62.1468 30.0483 63.2401 15.6301 51.8258 41.2095 31.8904 39.6249 41.775 0.0 56.6336 24.1803 17.6301 48.1076 41.9939 65.2745 54.1202 64.6672 37.108 78.6448 
63.2456 35.3412 9.84886 110.463 91.9729 26.1725 16.5529 17.8045 82.1523 53.4603 24.7386 96.9338 52.9245 63.8108 20.0 72.1803 23.7697 57.28 84.0119 42.7551 90.0888 60.0333 86.9245 89.0225 85.1478 50.01 102.028 89.1643 97.9478 16.2788 95.9415 56.4509 97.0501 60.4401 92.8298 34.1321 58.8727 76.7919 87.784 56.6336 0.0 52.9254 63.6392 68.0661 49.366 111.98 49.4975 110.972 84.7703 87.1321 
36.5397 32.9848 48.4479 63.2334 42.8946 44.0454 47.4829 35.4683 45.4533 49.8782 31.981 59.4777 38.0 25.0416 39.0049 76.7809 44.5533 26.0 37.6431 34.5763 84.0238 61.2701 56.627 84.1896 65.5712 62.2415 80.6745 68.2793 57.4865 43.4952 75.0542 6.40312 76.1474 31.3417 67.5374 30.3452 42.5296 31.7805 47.3655 24.1803 52.9254 0.0 33.3417 34.2053 19.1423 71.8829 59.5188 69.5157 34.0147 88.1665 
17.198 32.0799 61.3783 60.8238 41.4384 45.4838 61.1295 46.2046 72.7469 39.8938 45.6715 47.2946 26.3132 20.6015 52.6946 65.6686 57.5919 9.23607 60.5426 63.9079 70.0865 50.8634 37.2853 74.3286 46.2296 55.5077 61.3328 50.8603 48.1096 57.0899 66.9216 39.2096 67.2875 12.0 48.1957 50.3708 28.4009 56.457 38.1448 17.6301 63.6392 33.3417 0.0 66.4523 51.1552 61.6443 52.5412 61.037 53.2385 75.1331 
69.6503 65.1885 59.0085 77.2787 60.0083 71.1758 53.1507 55.7853 14.1421 82.9842 44.911 78.5175 71.1106 45.2831 48.0937 109.881 45.0999 59.1106 21.9317 26.4764 119.722 94.3791 72.2311 117.3 81.9241 94.7667 95.3982 100.496 76.0592 52.0 102.616 27.8029 102.982 64.4523 82.3982 34.5254 75.6403 16.1245 66.3702 48.1076 68.0661 34.2053 66.4523 0.0 21.0238 90.0056 92.2259 87.0919 30.8707 121.277 
53.8353 44.1661 41.2311 74.686 54.7814 50.1597 36.4005 35.3553 34.7851 67.6872 25.0 71.5576 55.475 37.1215 29.6142 92.1734 28.6356 43.8136 34.7131 15.6525 101.4 76.8633 66.0031 101.566 74.9474 73.7443 90.0506 86.0929 69.5664 34.2053 92.8677 13.1529 93.9609 49.1552 76.9135 15.2971 59.4017 27.4591 59.4453 41.9939 49.366 19.1423 51.1552 21.0238 0.0 83.9627 71.5475 81.5956 37.2156 105.723 
60.5536 78.4293 109.719 19.105 30.0 90.298 109.47 94.5449 92.9139 70.7107 93.3158 15.6205 62.0081 57.2459 101.035 83.5464 105.236 57.5764 75.3127 99.6014 65.0692 76.1434 28.3196 71.0282 29.5296 87.6641 21.2132 46.2709 14.5602 105.43 38.1182 71.6891 37.2156 52.3599 21.4709 95.5481 57.6888 76.3217 25.2982 65.2745 111.98 71.8829 61.6443 90.0056 83.9627 0.0 84.9706 4.24264 63.1506 83.006 
43.1045 27.8029 55.3624 92.1792 76.4215 25.0799 60.1664 43.4166 104.174 14.5602 53.0094 70.9366 27.0 59.0339 55.9464 22.8035 62.6498 47.676 97.1153 75.1665 42.45 12.083 59.4811 40.3113 55.4617 3.0 69.5021 45.5274 75.8947 56.8595 56.7454 65.2993 58.152 45.0444 63.5059 61.6198 28.6356 91.296 69.4262 54.1202 49.4975 59.5188 52.5412 92.2259 71.5475 84.9706 0.0 86.406 91.214 37.6563 
61.2413 78.7939 108.415 14.8661 27.1662 90.9856 108.166 93.5374 89.56 72.0139 92.7085 15.8114 62.6972 54.8788 99.7317 85.9884 104.629 56.5689 71.8471 97.2343 68.2642 77.8212 28.4253 74.1687 31.0161 89.1572 24.7386 49.0408 13.0384 104.127 41.4367 69.322 40.6079 51.3523 23.0868 93.181 58.6686 73.1095 23.7065 64.6672 110.972 69.5157 61.037 87.0919 81.5956 4.24264 86.406 0.0 59.6825 86.0233 
53.3519 66.3973 77.6209 48.0104 34.176 78.0064 73.3485 68.6733 30.0167 79.1202 60.0833 54.626 65.5515 32.6956 65.9242 104.907 65.7647 44.0114 12.1655 51.0882 101.301 90.1019 51.4004 105.543 61.2209 94.1116 72.8972 81.3485 50.5964 70.7743 82.0061 30.5941 82.201 51.2385 60.5392 51.8941 67.6394 14.8661 42.9418 37.108 84.7703 34.0147 53.2385 30.8707 37.2156 63.1506 91.214 59.6825 0.0 115.061 
60.9649 61.2944 92.8924 96.8762 87.9204 62.3618 97.4166 80.0562 133.175 39.1152 88.5664 73.8241 50.2494 81.7346 92.477 15.0333 99.1615 70.317 121.676 109.417 18.4391 28.6356 67.0522 12.3693 58.4637 37.2156 62.1289 37.2156 80.0625 93.9202 45.1774 94.0344 46.2709 65.1562 64.6297 95.8801 46.7547 117.455 78.4474 78.6448 87.1321 88.1665 75.1331 121.277 105.723 83.006 37.6563 86.0233 115.061 0.0 
DEMAND_SCENARIO_SECTION
0 0 0 0 0 0 0 0 0 0 0 0 0 0 0 0 0 0 0 0 0 0 0 0 0 0 0 0 0 0 0 0 0 0 0 0 0 0 0 0 0 0 0 0 0 0 0 0 0 0 0 0 0 0 0 0 0 0 0 0 0 0 0 0 0 0 0 0 0 0 0 0 0 0 0 0 0 0 0 0 0 0 0 0 0 0 0 0 0 0 0 0 0 0 0 0 0 0 0 0 0 0 0 0 0 0 0 0 0 0 0 0 0 0 0 0 0 0 0 0 0 0 0 0 0 0 0 0 0 0 0 0 0 0 0 0 0 0 0 0 0 0 0 0 0 0 0 0 0 0 0 0 0 0 0 0 0 0 0 0 0 0 0 0 0 0 0 0 0 0 0 0 0 0 0 0 0 0 0 0 0 0 0 0 0 0 0 0 0 0 0 0 0 0 0 0 0 0 0 0 
5 4 4 5 4 4 4 2 5 6 4 5 3 4 4 0 3 6 3 4 6 3 5 3 3 2 2 4 6 3 4 4 3 4 6 3 4 2 4 1 6 2 5 3 4 3 4 4 4 4 3 4 3 5 4 5 5 2 4 4 4 3 3 2 3 5 5 2 2 2 6 3 3 5 5 5 3 5 2 3 7 3 5 4 4 5 7 4 3 6 5 3 3 6 4 4 4 5 4 4 2 4 6 5 4 3 4 1 2 3 5 7 3 4 4 4 4 4 4 3 4 5 5 4 3 2 4 6 2 4 5 1 2 3 4 4 4 2 3 3 4 2 4 4 3 4 5 5 4 3 3 2 2 4 4 3 4 2 2 5 3 3 5 3 4 4 5 4 4 7 6 2 3 4 5 4 6 2 4 6 7 5 4 3 5 5 5 3 3 4 5 1 3 3 5 6 5 4 3 2 
9 9 6 6 6 7 10 10 6 2 6 7 5 5 6 2 3 7 10 7 8 7 2 7 3 6 4 4 4 10 6 6 7 5 6 5 4 7 9 6 3 7 8 7 9 3 5 7 6 6 7 6 5 6 5 7 3 6 10 3 4 7 2 6 7 1 5 2 8 5 7 6 3 4 8 7 10 6 6 7 6 7 7 7 3 5 9 7 2 6 8 5 5 7 4 6 6 5 4 4 3 7 5 7 5 6 3 6 7 7 3 6 7 8 5 9 4 5 7 6 9 5 8 6 6 6 7 2 12 5 8 4 8 8 6 6 11 6 3 10 4 5 8 8 5 8 7 6 7 5 8 5 7 4 5 9 5 10 4 2 7 8 9 7 8 7 7 6 9 5 8 6 8 4 6 5 7 5 7 3 7 7 6 7 4 6 5 5 3 6 6 2 6 7 6 7 6 6 7 6 
1 1 1 1 0 1 1 1 1 1 1 1 2 1 1 1 1 1 1 1 1 1 0 1 0 1 1 0 1 1 1 1 1 1 1 1 1 1 1 1 1 1 1 1 1 1 1 2 1 1 1 1 1 1 1 1 1 1 1 1 2 1 2 1 1 1 1 0 1 1 1 1 1 1 1 1 1 1 0 1 1 1 1 1 1 1 2 1 1 2 0 1 1 1 1 2 1 1 1 1 1 1 2 1 2 1 1 1 1 1 1 1 1 1 1 1 1 1 1 1 1 1 1 1 0 1 1 1 1 1 1 1 1 1 1 1 1 2 1 1 1 1 1 1 1 1 1 1 1 1 2 2 1 1 1 1 1 1 1 2 1 1 1 1 1 1 1 1 1 1 0 1 1 1 1 1 1 1 1 1 1 1 1 1 1 1 1 1 1 1 1 1 2 1 1 1 1 1 1 1 
5 4 2 6 4 3 5 5 5 4 6 7 3 6 6 4 7 5 8 5 7 5 6 6 5 5 8 6 3 5 5 6 4 3 8 1 4 3 3 6 3 4 6 5 4 8 7 3 4 6 7 5 5 7 3 3 6 5 6 5 8 8 8 3 6 3 6 8 4 4 6 5 4 5 3 4 8 5 6 4 6 5 6 7 5 8 4 7 5 3 4 5 3 7 6 5 5 3 8 4 5 2 6 6 6 3 5 6 3 7 5 3 2 5 5 7 6 7 6 4 4 3 9 3 3 5 1 5 7 3 3 5 5 4 7 3 4 5 4 6 4 5 5 5 4 5 4 5 4 2 4 7 6 4 4 5 7 4 7 3 2 7 8 4 4 4 7 3 3 7 4 4 6 3 4 4 4 3 5 5 4 4 8 4 5 8 6 6 5 5 4 9 3 7 5 6 4 5 5 3 
3 7 7 7 3 4 8 1 5 5 4 6 6 6 8 5 7 7 7 5 2 5 3 8 8 5 5 6 7 5 3 8 4 7 5 4 6 5 6 2 6 7 5 3 5 7 5 5 5 4 4 6 7 4 3 4 3 4 3 6 2 5 6 7 8 2 4 5 3 5 7 6 5 5 7 4 5 3 4 5 4 5 2 4 2 5 4 6 9 3 6 3 5 2 4 5 7 7 4 6 4 5 4 5 5 6 8 7 5 4 6 5 5 3 4 6 8 8 5 4 7 2 6 4 5 7 4 4 5 5 6 2 4 4 3 4 5 7 6 5 6 5 7 4 3 6 9 6 3 7 5 5 6 2 7 5 6 4 6 10 2 2 4 5 5 7 6 4 3 4 6 5 5 6 5 5 10 8 7 3 4 3 4 7 5 6 4 5 6 6 7 3 5 7 6 7 3 7 7 3 
5 6 9 11 7 12 7 10 8 9 7 6 10 11 8 8 7 8 4 8 5 8 8 10 6 3 7 9 5 5 5 6 8 5 6 4 11 7 7 5 4 11 7 10 8 9 3 7 6 6 7 9 8 10 6 4 8 6 5 4 7 3 8 9 12 4 9 10 7 8 8 7 4 10 5 8 8 7 4 6 7 10 8 6 7 8 9 7 8 5 10 6 8 12 6 5 8 7 4 12 5 5 9 8 6 6 9 8 5 10 6 6 8 9 8 3 5 5 11 6 10 2 10 8 10 10 5 11 4 6 8 7 6 8 9 5 9 5 6 7 5 11 6 6 14 6 11 9 6 4 10 10 5 12 5 6 7 6 9 5 3 13 5 9 5 7 7 5 7 8 3 4 3 3 5 7 3 11 9 7 10 8 11 12 5 5 5 7 7 5 6 4 3 4 9 8 4 6 7 11 
5 10 4 5 8 6 7 0 9 6 7 4 7 6 7 6 11 8 5 1 5 8 10 11 4 6 9 10 11 12 11 5 7 3 7 8 6 7 6 10 9 2 8 6 7 11 6 7 7 5 7 7 6 5 5 10 6 9 8 3 7 10 2 8 7 5 6 8 6 7 4 7 8 6 8 6 5 8 10 5 7 5 6 11 5 6 9 8 5 6 7 13 11 7 7 9 7 6 9 6 5 8 5 7 7 5 7 8 5 6 6 8 3 8 13 8 10 13 9 3 6 8 6 8 8 10 7 5 5 3 10 4 6 6 7 5 7 11 8 10 8 5 5 2 7 7 8 5 5 6 7 7 8 5 10 9 7 6 8 7 7 5 10 7 6 6 10 9 4 5 11 7 10 7 6 10 10 7 3 5 8 4 5 6 5 6 7 6 6 4 10 7 6 10 7 7 10 8 10 6 
5 4 5 5 2 6 2 7 2 1 6 4 3 5 4 4 6 2 4 4 6 5 6 6 3 4 4 6 3 6 5 1 5 4 5 6 5 4 4 3 2 6 4 5 1 5 2 5 2 4 6 3 3 4 5 3 5 5 5 4 4 3 3 3 3 3 5 4 3 4 4 6 3 5 4 5 4 6 4 4 0 5 4 6 1 4 5 3 5 5 4 4 3 3 4 6 2 1 2 5 4 5 4 4 4 3 5 5 2 3 4 5 3 5 3 3 2 5 4 4 5 4 7 1 4 4 5 2 3 4 5 4 6 3 6 5 5 4 4 2 6 4 4 2 5 6 3 5 6 3 3 3 5 6 4 3 3 4 5 4 4 4 6 6 4 4 6 6 5 3 3 4 4 4 4 3 2 3 3 2 4 3 4 5 3 3 5 4 4 6 5 4 1 3 6 3 5 5 1 5 
8 12 5 7 7 5 5 9 3 7 4 9 6 11 7 5 5 8 8 8 7 7 6 10 8 9 5 6 7 0 5 2 4 7 9 10 9 3 4 10 6 9 6 6 7 11 5 8 6 6 9 7 11 3 5 7 6 10 4 7 10 6 6 4 7 6 6 5 6 6 11 7 7 6 6 6 7 5 5 11 6 5 5 9 8 8 8 7 8 9 6 7 8 7 7 11 8 8 2 6 13 8 7 8 11 6 9 9 9 8 7 5 6 8 8 4 8 6 6 5 3 5 9 9 7 11 10 8 11 9 7 3 7 10 6 8 9 8 8 10 3 8 9 6 5 10 9 5 9 6 0 5 7 9 11 5 8 8 5 9 6 4 5 8 7 6 8 10 10 7 6 7 12 9 4 4 7 7 10 8 3 5 11 3 6 10 5 7 11 5 8 7 8 10 11 8 8 5 8 9 
11 10 10 6 10 3 7 9 9 12 8 5 7 8 8 12 10 12 11 7 14 6 11 14 6 5 12 7 6 17 11 12 3 7 9 8 8 5 12 10 13 6 11 5 9 0 13 8 8 11 6 7 2 8 11 9 13 14 9 12 8 8 2 9 14 8 5 6 8 12 11 3 8 9 10 7 6 16 8 12 11 9 10 10 9 11 5 13 2 10 7 14 9 10 10 15 7 11 9 13 15 11 9 9 9 9 2 0 11 10 12 9 8 6 12 10 15 13 9 7 10 8 10 9 13 12 7 7 10 5 13 4 6 14 12 8 9 5 10 7 9 4 9 8 12 6 11 10 7 9 11 5 12 6 8 16 12 9 13 5 9 12 8 6 11 8 4 10 10 5 10 11 11 10 9 15 5 10 6 8 7 14 12 13 11 8 12 13 11 12 9 6 5 10 16 4 10 11 7 2 
4 5 7 1 4 0 4 6 4 3 4 3 7 2 2 4 3 3 4 3 3 5 4 2 5 4 3 2 4 5 4 4 5 2 4 6 2 5 6 4 6 2 4 4 5 4 4 3 3 3 1 2 4 3 8 5 5 2 4 4 8 3 5 5 5 2 4 3 3 6 4 2 3 4 4 4 3 4 4 5 4 2 1 5 6 4 5 4 4 3 4 8 3 5 5 4 2 4 2 5 3 4 3 3 3 2 4 2 3 4 4 3 2 2 5 3 6 4 2 3 4 5 3 5 2 4 4 2 4 3 6 2 3 3 6 3 4 3 3 2 6 4 3 5 5 4 5 7 4 4 4 4 3 4 5 5 3 4 2 6 4 5 5 4 2 3 4 5 3 4 4 3 6 4 4 3 2 8 4 4 4 5 2 7 2 7 3 4 0 4 5 5 3 5 3 6 3 6 5 5 
11 15 7 11 8 11 10 8 9 9 10 6 13 5 9 7 10 8 9 8 8 6 6 9 15 8 11 5 5 9 7 11 9 8 7 8 9 8 10 9 7 10 11 8 8 6 8 12 14 8 7 14 9 15 8 16 7 7 7 14 7 12 9 10 10 3 2 14 10 8 9 15 13 10 5 8 5 8 7 7 6 8 5 12 9 9 9 14 4 9 5 8 9 10 9 7 11 7 4 6 16 10 13 8 5 7 14 11 7 7 7 12 13 11 9 9 12 9 11 9 11 5 9 8 8 8 7 11 9 8 8 3 11 7 10 10 8 13 8 9 9 9 8 9 7 5 13 5 11 12 15 7 7 11 6 8 9 8 6 11 13 6 7 10 5 9 12 6 7 8 7 10 11 12 12 9 6 7 9 10 5 10 12 9 14 10 5 8 11 9 3 6 6 7 4 11 5 4 6 7 
1 1 1 1 1 1 1 1 1 1 1 1 1 1 1 1 1 1 1 1 1 1 1 1 1 1 1 1 1 1 1 1 1 1 0 1 1 1 1 1 1 1 1 1 1 2 1 1 1 1 2 1 0 1 1 1 1 1 1 2 1 1 1 0 1 1 1 1 0 1 2 1 1 1 1 0 1 1 1 1 2 1 1 1 1 1 1 1 0 1 2 0 2 1 1 1 1 1 1 1 1 2 1 1 1 1 1 1 1 1 1 1 1 1 1 0 1 1 1 1 2 1 1 1 1 1 1 1 1 1 1 1 1 1 1 1 1 1 1 1 1 1 2 1 1 0 1 1 1 1 1 2 1 1 1 1 1 1 1 1 1 1 0 1 1 0 1 1 1 1 1 1 1 1 1 1 0 1 1 1 1 1 1 1 1 1 1 1 1 1 1 1 1 2 1 1 1 1 1 2 
1 1 1 1 1 1 1 1 0 1 1 1 1 1 1 2 1 2 1 1 1 1 1 1 1 1 1 1 1 1 1 1 1 2 0 1 1 1 1 1 1 1 1 2 1 0 1 1 1 1 1 1 1 0 1 1 2 1 1 1 0 1 1 1 1 2 0 1 1 1 2 1 2 0 1 1 1 1 1 1 1 1 1 1 1 1 1 2 1 1 1 1 1 1 1 1 1 1 1 1 1 1 2 1 1 1 1 1 1 0 1 1 1 1 1 1 1 1 1 1 0 1 1 1 1 1 1 1 1 0 1 1 1 1 1 1 1 1 1 1 1 1 1 1 0 1 1 1 1 1 1 1 1 1 1 1 1 1 1 1 1 1 1 1 1 1 1 1 1 1 0 1 1 1 1 1 1 1 2 1 1 1 1 1 1 1 1 1 2 1 1 0 1 1 1 1 1 1 0 1 
6 10 10 12 8 4 6 6 13 8 9 11 8 10 12 13 11 5 10 9 14 9 7 8 9 11 7 7 10 11 11 6 10 9 8 10 12 5 11 5 14 11 5 10 9 9 12 6 8 13 4 8 6 11 6 5 18 8 6 10 5 1 7 7 10 9 15 5 10 9 11 8 4 11 11 10 11 12 15 5 7 12 7 7 16 9 11 8 6 8 8 5 14 13 10 13 9 10 13 10 7 13 14 9 9 4 11 14 9 9 4 12 14 11 7 10 6 5 14 8 11 7 12 14 7 9 8 10 12 7 6 7 8 13 6 8 10 11 10 13 13 7 8 10 8 14 13 10 10 11 8 12 10 8 8 14 12 4 8 14 9 11 8 11 4 13 7 10 8 10 11 5 12 14 15 6 4 11 10 9 9 9 7 9 12 17 11 11 10 7 15 11 9 6 10 13 8 11 13 9 
6 9 9 9 9 5 9 9 12 9 11 13 11 7 5 6 6 3 10 10 8 4 10 9 10 11 7 8 7 9 4 10 9 6 7 3 7 11 3 8 9 13 8 8 12 5 3 7 5 4 5 13 8 6 10 4 5 12 10 5 8 11 13 5 8 10 5 8 11 9 10 10 9 8 13 12 8 8 5 7 5 10 10 11 8 10 4 7 9 10 12 7 8 12 7 4 9 13 12 9 9 12 4 11 11 7 9 10 7 7 9 8 5 7 3 4 6 10 7 8 13 9 7 8 9 11 9 9 7 11 11 9 10 11 6 11 10 11 7 12 5 5 7 7 3 5 10 10 12 2 11 8 9 9 11 9 6 6 8 9 8 8 8 10 9 9 10 12 10 8 6 7 8 4 8 8 7 7 8 7 2 14 5 4 7 10 7 5 10 13 10 8 7 6 11 6 7 13 6 8 
11 7 9 6 8 11 5 12 6 4 3 11 6 5 9 10 2 8 6 6 7 6 7 2 10 4 8 4 8 6 5 7 8 11 7 6 3 6 5 3 5 10 5 8 3 9 5 2 5 7 6 11 5 7 10 5 5 6 7 4 5 11 11 6 10 9 11 8 9 4 10 8 3 5 11 4 7 9 7 8 7 7 7 9 5 8 6 6 7 10 8 7 5 8 5 2 8 7 7 4 12 7 11 0 9 0 2 8 7 5 11 5 8 7 8 6 3 6 9 4 9 8 8 3 8 5 5 11 9 8 5 9 5 9 11 3 6 4 2 5 8 7 10 5 10 4 5 8 5 6 8 6 9 6 6 9 4 7 6 10 6 5 7 11 8 6 5 5 12 5 9 5 9 2 8 7 9 8 2 6 11 6 11 8 9 7 7 5 7 8 4 9 0 4 8 8 9 5 7 7 
11 10 11 9 9 9 5 9 9 5 10 9 8 8 11 10 9 8 11 5 7 9 5 4 5 10 7 7 13 12 7 7 12 7 8 7 9 7 9 10 9 7 9 12 12 7 8 14 4 8 7 13 9 4 11 8 7 12 5 8 12 3 6 11 12 5 14 5 3 8 10 10 8 13 7 11 9 7 11 7 11 3 6 6 3 6 7 9 10 6 7 6 10 8 6 6 7 8 5 3 9 12 10 6 10 5 8 8 8 12 8 4 7 9 7 8 7 10 12 1 10 11 9 3 5 8 5 4 8 2 12 8 8 7 7 11 11 7 4 8 11 8 14 8 9 8 6 7 10 6 12 10 5 8 8 6 2 11 4 10 9 6 10 13 4 7 4 7 9 8 6 9 10 10 12 13 4 3 7 7 6 6 7 4 5 4 5 11 13 9 8 7 15 12 8 11 5 10 8 6 
2 3 2 3 1 3 2 1 1 2 1 1 1 2 0 2 2 2 1 2 3 2 2 3 2 2 2 2 1 3 1 2 2 1 2 2 2 1 2 2 1 3 0 2 3 3 2 2 2 3 2 2 4 2 2 2 2 3 2 2 3 2 2 3 2 2 2 3 1 2 2 2 3 2 2 2 2 2 1 2 3 2 1 2 2 2 3 4 2 1 3 3 2 2 1 1 2 1 2 2 1 3 1 1 2 2 2 3 3 1 2 2 1 2 2 3 3 1 1 3 3 2 1 2 3 2 2 2 2 2 2 2 2 1 1 3 2 2 1 2 2 1 2 2 2 2 3 3 4 3 3 2 0 1 1 1 1 2 2 2 2 3 1 1 2 3 2 2 2 3 2 2 1 2 3 2 3 2 1 1 3 2 1 2 2 3 2 3 2 2 2 2 1 3 3 2 2 2 2 3 
3 1 2 3 3 3 6 2 2 5 5 3 4 3 2 3 2 4 2 2 5 3 3 4 4 3 3 3 2 3 3 2 4 2 2 3 3 1 3 2 2 4 1 3 1 5 2 2 2 4 3 3 4 3 4 3 2 3 1 4 2 3 5 3 3 4 2 3 3 3 1 2 3 2 2 2 4 3 3 2 1 2 4 3 3 3 4 3 3 3 2 3 4 2 4 3 4 2 0 4 3 3 1 2 4 3 3 3 3 4 4 2 3 2 4 1 2 4 5 2 4 5 3 2 2 2 2 5 2 2 2 1 2 2 4 3 1 2 3 2 3 5 3 3 4 3 4 3 4 4 4 2 3 3 3 3 3 3 2 4 2 3 2 4 4 3 0 4 4 3 4 3 3 2 4 1 3 2 2 2 3 3 3 3 3 3 3 2 1 3 4 2 2 3 2 3 3 3 3 4 
11 5 6 6 7 2 7 10 8 9 10 8 7 8 7 9 6 6 5 11 8 10 8 13 3 9 9 15 7 9 7 7 8 3 11 14 12 12 8 8 5 7 8 8 7 3 3 11 4 4 4 10 11 5 12 7 9 10 3 10 10 7 10 6 6 8 11 6 8 6 6 7 10 11 10 8 11 10 11 8 6 8 11 5 12 10 8 7 7 8 9 7 10 6 6 6 6 14 7 12 7 6 6 10 12 6 7 8 0 13 7 10 7 14 12 8 4 12 3 9 10 13 7 5 6 10 2 8 10 9 5 6 8 9 11 7 8 8 13 7 7 8 5 9 11 8 6 9 4 5 6 10 7 11 9 11 9 2 9 8 11 10 5 13 7 6 6 13 5 6 6 6 10 6 5 5 7 9 10 8 10 2 9 9 7 8 9 6 3 2 11 9 9 8 10 10 1 6 7 12 
11 4 6 10 6 6 7 7 7 6 5 8 9 8 5 5 7 4 5 10 8 7 3 7 4 8 8 6 6 7 7 10 3 6 13 4 9 7 7 7 4 5 10 8 6 10 7 4 8 6 5 3 6 9 5 9 12 5 6 10 3 6 4 7 10 13 13 4 7 7 9 9 7 5 2 10 3 5 7 8 10 6 6 9 15 4 9 5 9 8 8 7 7 9 10 13 6 4 10 11 13 9 9 10 6 10 7 7 7 6 8 10 7 7 8 7 4 8 12 1 7 5 8 5 7 7 6 6 9 8 10 4 3 11 7 6 12 6 5 6 8 4 6 4 8 5 7 6 7 4 8 9 8 6 9 7 5 2 8 7 6 5 6 8 9 8 11 9 9 4 9 5 7 8 10 5 7 3 8 8 4 5 9 8 4 7 8 5 7 10 6 8 8 5 5 9 5 7 6 0 
13 8 5 3 9 12 8 6 13 9 7 11 5 7 6 11 13 12 9 7 9 6 8 9 4 5 8 11 10 3 10 4 6 11 6 11 12 7 4 14 4 9 14 13 9 11 10 6 9 14 4 7 9 4 10 4 8 13 11 6 5 7 10 9 10 9 8 2 9 8 8 9 9 8 12 8 11 4 7 4 10 9 12 4 12 4 2 5 7 8 8 9 7 9 8 11 10 9 6 7 6 2 12 4 9 4 6 2 10 3 10 8 10 10 9 8 8 10 12 3 7 9 8 10 4 6 6 9 9 5 7 5 12 6 6 8 7 8 10 9 7 9 0 7 8 13 11 10 11 9 3 5 4 11 7 9 2 9 5 10 8 9 4 7 11 6 8 8 4 12 8 8 14 9 6 10 8 9 6 7 7 8 11 7 8 3 7 6 10 9 10 9 10 5 8 8 6 11 7 8 
8 9 10 10 8 9 10 5 8 9 4 16 13 12 11 11 5 6 5 4 9 15 14 8 11 10 7 3 8 7 7 11 6 5 10 11 16 16 10 8 13 13 9 13 12 9 16 13 5 13 12 13 8 1 11 10 10 15 6 13 6 13 6 11 12 8 10 8 9 10 7 13 8 8 11 12 8 6 12 10 12 13 13 13 10 11 7 9 15 12 18 5 7 17 15 8 10 9 14 12 9 11 12 12 12 13 12 13 7 10 12 8 16 14 10 11 11 7 11 9 11 19 12 14 6 9 8 10 8 9 11 9 4 11 9 10 7 4 8 12 4 16 14 8 8 10 12 10 19 10 9 14 13 15 3 10 9 9 6 17 14 14 5 9 6 9 10 10 11 13 6 18 15 17 2 10 10 14 14 14 15 10 6 11 7 8 12 8 9 11 12 9 8 5 8 13 10 11 11 10 
2 5 7 6 2 4 2 5 5 5 6 6 6 5 5 4 2 5 6 4 5 4 5 2 4 1 8 2 4 3 6 4 3 4 5 5 3 7 6 6 8 4 5 5 6 5 4 5 6 7 4 4 3 7 8 6 4 7 4 5 5 4 7 5 8 5 7 8 6 5 4 5 5 3 5 6 3 5 5 7 6 5 6 6 6 4 5 6 5 5 8 5 7 4 6 5 6 4 6 5 4 7 4 4 3 9 4 7 7 4 5 5 4 4 5 4 5 7 7 4 7 7 5 6 5 5 6 5 5 8 5 4 4 5 5 8 2 4 3 5 7 9 3 5 5 4 1 5 3 4 7 3 9 4 8 5 6 6 4 6 7 6 5 5 7 5 5 7 5 5 7 5 3 3 7 6 4 3 6 4 4 6 7 4 4 7 6 7 6 4 8 4 7 6 4 6 5 5 8 5 
2 4 3 2 2 5 4 1 2 5 2 4 4 3 4 2 2 2 3 3 3 4 3 4 2 4 3 2 4 3 2 3 3 4 4 4 4 3 5 2 1 3 3 3 3 2 2 3 4 3 3 3 2 3 3 1 4 3 3 3 1 2 4 3 3 2 3 3 3 2 2 2 2 4 3 3 1 5 4 3 1 5 2 2 5 4 3 3 3 4 4 3 2 4 2 4 2 1 3 1 3 2 3 2 4 1 3 4 3 4 3 4 4 3 3 4 3 4 4 3 3 4 3 1 0 4 4 3 3 2 3 2 2 4 5 2 3 2 5 5 2 4 1 2 4 3 4 3 4 4 3 2 3 3 2 6 2 3 2 2 2 3 4 1 3 4 3 2 4 3 4 3 2 2 3 2 2 5 3 5 1 2 4 4 3 2 2 1 4 3 4 3 2 3 3 3 2 5 4 3 
6 6 4 4 4 5 3 4 5 5 4 3 2 4 6 5 6 4 6 5 3 4 4 3 5 4 4 4 5 3 5 6 5 6 3 5 6 7 3 3 3 5 2 6 5 3 3 4 4 6 4 6 3 5 6 6 3 3 5 2 5 4 6 6 6 4 3 2 3 2 4 4 3 5 5 5 4 5 5 3 4 3 4 3 4 4 3 2 6 4 4 6 7 2 4 4 2 4 4 2 4 4 4 5 5 3 5 5 5 1 2 5 5 4 2 5 3 3 4 4 7 3 3 5 4 5 5 3 7 7 4 3 5 6 6 2 5 6 3 6 5 5 3 5 2 4 5 5 5 4 5 4 5 2 4 3 2 3 5 4 5 3 3 5 4 6 6 2 3 4 3 7 6 4 4 4 4 6 6 6 2 3 2 4 3 3 3 2 4 6 4 5 1 1 4 5 2 3 6 6 
1 3 4 6 5 9 4 4 4 5 3 7 6 3 5 3 6 4 7 6 6 3 3 5 6 4 4 4 4 6 5 4 8 6 7 5 7 1 6 4 7 5 9 6 7 7 5 4 2 7 8 5 4 4 7 3 7 10 3 4 2 2 4 8 4 7 6 7 4 7 6 7 5 6 3 5 4 7 2 3 4 7 3 5 9 4 4 7 5 4 4 8 3 5 5 6 5 4 6 7 4 4 4 6 6 6 6 7 5 5 7 8 4 3 6 5 5 6 4 5 4 5 4 5 5 5 6 7 6 7 7 6 4 5 7 7 5 5 3 6 4 5 9 6 6 6 5 6 6 7 6 4 8 5 4 5 7 6 6 3 6 6 6 6 6 5 4 5 10 3 6 4 4 3 0 5 6 5 10 3 5 1 7 5 5 4 6 6 4 3 5 6 5 5 4 4 8 5 5 7 
5 3 3 4 4 6 6 3 5 2 4 5 2 5 2 5 4 4 6 2 3 4 3 5 5 3 6 1 4 4 5 3 2 4 3 4 5 3 3 3 1 5 5 1 4 2 3 5 2 5 2 3 5 5 5 2 2 6 0 2 3 6 4 2 1 3 4 1 6 5 3 5 3 4 3 5 2 2 2 3 3 2 5 3 6 2 6 5 5 7 5 4 4 3 5 4 4 3 6 6 4 4 4 5 6 2 4 6 4 4 4 4 7 3 5 5 3 5 4 4 5 3 4 5 3 5 1 7 5 3 5 4 6 5 5 3 3 7 4 2 5 4 4 3 5 4 4 5 2 4 3 3 1 0 2 4 4 5 6 4 5 5 2 3 4 5 3 2 5 3 4 6 4 4 2 6 4 3 4 4 3 4 2 2 2 5 6 4 6 4 5 4 6 5 2 1 0 4 6 1 
2 4 2 3 3 5 4 2 4 4 3 3 3 3 3 2 4 2 5 4 4 3 3 5 4 2 1 4 3 2 3 3 2 2 2 5 2 2 4 1 2 3 3 3 3 4 3 3 4 3 3 3 3 4 4 4 2 4 1 5 1 3 2 4 4 3 3 4 1 3 2 3 2 4 3 4 5 4 2 1 3 1 5 2 4 2 2 5 1 3 4 1 2 3 3 2 3 2 4 1 4 4 3 4 2 3 2 3 2 4 1 1 5 4 3 2 3 4 2 3 5 2 2 3 2 3 1 3 3 2 3 3 3 2 4 3 3 2 1 3 3 3 4 4 3 2 3 3 2 4 2 2 4 2 2 3 3 2 3 2 4 3 4 3 1 2 5 3 4 4 4 3 4 2 4 1 3 2 3 4 2 3 4 4 3 4 3 1 4 3 4 3 4 4 4 3 4 3 2 3 
2 5 5 3 6 7 5 7 4 5 6 6 7 3 5 9 5 7 4 6 4 7 8 4 4 6 4 7 3 3 7 6 5 3 3 3 9 3 6 8 5 5 6 4 5 4 5 6 4 5 7 4 5 3 4 3 5 4 6 4 5 4 4 6 5 2 6 7 3 5 8 5 5 4 4 8 7 4 5 3 7 5 6 5 3 2 6 3 3 5 7 5 6 5 5 7 6 6 5 9 6 4 1 4 6 9 8 7 7 5 6 4 4 10 4 5 6 4 4 7 5 5 5 5 5 6 4 5 5 5 4 8 6 3 5 4 4 7 6 6 3 4 4 7 5 4 4 3 7 7 5 6 2 4 5 1 5 3 5 5 6 3 5 4 4 6 6 7 5 4 4 7 4 3 8 6 5 4 7 5 3 4 4 6 5 5 7 6 1 5 5 3 3 4 5 3 9 6 5 7 
5 5 4 5 5 7 2 3 4 4 6 2 2 3 3 4 2 4 5 4 3 4 4 5 5 5 2 2 3 5 1 4 2 5 4 6 3 6 6 4 7 3 3 6 5 3 3 4 3 5 6 4 4 4 5 4 2 4 3 2 5 3 4 6 5 4 5 3 4 5 6 2 8 6 3 5 4 6 5 5 4 1 3 4 6 4 4 4 5 5 2 5 5 3 6 3 6 2 3 3 6 5 3 4 4 3 3 5 5 4 1 5 1 4 3 5 3 7 6 3 3 4 3 4 5 4 2 5 5 4 4 4 4 4 4 5 6 3 3 3 4 5 6 3 4 7 6 4 3 4 5 4 4 4 3 4 4 4 5 2 4 4 4 4 3 4 3 5 7 3 2 4 4 4 3 6 2 5 4 5 4 4 6 5 5 5 5 7 4 5 3 3 2 3 4 4 5 2 4 0 
6 3 3 3 6 4 5 1 3 6 3 5 2 1 4 3 4 4 3 2 4 6 3 4 4 4 2 4 4 3 5 5 3 5 4 4 4 3 4 3 3 1 5 5 4 5 6 3 5 5 6 4 4 7 7 5 4 3 4 3 4 3 4 5 5 3 3 3 3 6 3 5 5 4 3 4 1 4 4 3 4 2 3 5 6 6 5 4 5 3 5 5 5 6 6 3 3 7 3 4 2 6 4 3 6 3 2 4 3 3 2 5 3 5 4 4 4 4 3 3 4 3 7 5 5 4 3 7 4 4 3 2 2 3 5 6 3 4 4 4 5 3 4 6 4 4 4 3 5 5 5 3 6 5 3 5 4 4 5 4 5 6 3 5 7 2 5 4 3 6 3 4 2 4 3 6 5 5 6 2 5 5 5 4 7 6 2 3 4 5 2 5 4 6 2 2 3 4 5 2 
9 7 9 8 9 13 7 5 13 2 8 1 9 9 1 3 7 9 6 8 12 8 2 6 8 7 6 9 10 13 7 12 8 8 8 6 13 9 13 11 7 8 4 7 8 3 10 13 9 7 9 10 16 8 8 10 3 7 5 8 3 7 11 11 10 8 10 9 7 9 8 10 13 9 5 7 9 8 12 10 8 7 6 12 11 4 8 4 6 10 5 6 4 7 5 9 7 10 10 5 6 3 9 7 5 10 7 7 8 9 8 16 7 10 11 7 9 11 11 8 11 10 16 9 8 14 9 12 8 10 10 3 3 11 8 8 9 6 9 6 9 4 12 11 7 8 8 5 5 9 8 6 7 8 7 4 5 6 6 8 8 3 4 10 9 7 8 10 8 10 10 7 8 7 7 3 8 12 5 7 5 8 9 6 10 7 7 7 4 10 9 5 9 9 5 9 7 11 11 15 
4 11 9 6 12 13 8 11 12 13 7 9 15 8 11 9 10 10 8 8 8 2 8 2 8 18 11 7 6 13 6 10 14 0 6 12 13 10 7 9 10 7 12 11 8 17 9 13 11 11 2 11 9 8 17 14 13 5 14 17 9 6 10 10 17 3 12 8 10 7 8 9 12 8 13 13 11 10 9 8 7 7 12 14 13 8 7 9 11 10 10 15 10 12 12 13 9 15 11 8 10 10 10 11 13 13 10 16 11 9 12 14 4 8 12 15 15 14 1 12 2 10 15 11 6 7 15 14 12 18 14 11 13 12 10 8 14 9 12 9 11 9 10 9 10 9 10 13 11 11 2 10 13 8 14 20 16 12 9 6 16 12 18 4 13 11 11 10 9 14 8 14 9 9 6 17 9 9 11 5 7 5 5 10 8 9 17 10 10 11 12 14 12 14 12 17 5 14 11 17 
1 1 1 1 1 1 1 1 1 2 1 1 1 1 0 2 1 1 1 0 1 1 1 1 1 1 1 1 1 1 1 1 1 1 1 1 1 1 1 1 1 1 2 1 1 1 1 1 1 1 1 1 1 1 1 1 1 1 1 1 1 1 1 1 1 1 1 1 1 1 1 1 1 1 1 1 0 1 1 1 1 1 1 1 1 1 1 1 1 1 1 1 1 1 1 1 1 1 1 1 1 1 1 1 1 1 1 1 1 1 1 1 1 0 1 1 1 1 1 1 1 1 1 2 1 1 1 1 1 1 1 1 1 1 1 1 1 1 1 2 1 1 2 1 1 1 1 1 1 1 1 1 1 0 1 1 1 1 1 0 0 0 1 1 1 1 1 1 1 2 1 1 2 1 1 0 1 1 2 1 1 1 1 1 1 1 1 1 1 0 1 1 1 1 1 1 1 1 1 1 
5 8 10 3 12 6 5 11 3 6 6 8 5 7 8 6 10 5 11 8 6 8 8 3 5 7 7 13 10 8 6 11 10 6 9 7 4 2 6 9 5 7 11 5 8 10 7 7 3 5 9 8 4 9 8 4 9 5 11 7 7 7 7 4 7 8 6 8 9 5 6 4 9 12 4 8 8 6 12 8 5 4 8 6 5 8 7 8 6 6 9 3 4 8 11 8 8 6 9 9 7 5 8 3 6 10 3 10 7 5 6 9 5 6 6 7 9 6 6 6 10 8 3 7 6 7 10 6 9 4 4 12 9 3 4 9 5 7 8 9 9 7 6 8 4 5 6 7 7 8 12 7 4 4 10 4 9 9 8 10 1 8 9 8 8 5 8 3 6 10 12 9 7 10 8 11 8 8 7 5 10 3 6 7 9 12 10 6 2 8 8 5 10 6 8 12 5 5 7 7 
9 9 10 12 11 5 0 12 8 14 10 6 6 13 10 13 8 6 9 8 12 16 7 10 12 10 13 9 9 9 12 11 9 11 5 9 11 9 8 6 10 8 5 11 8 13 8 15 17 2 13 12 13 9 14 17 11 2 9 9 11 8 9 8 14 6 10 9 12 10 10 13 6 3 7 10 12 13 9 14 11 9 9 10 9 9 15 8 13 6 19 12 6 11 4 12 11 9 11 13 7 12 8 16 11 13 8 10 16 13 12 12 12 6 6 10 6 7 8 15 7 11 8 14 6 19 7 4 8 15 16 6 11 16 7 13 16 10 5 8 8 12 10 9 13 2 8 9 9 13 9 2 12 4 10 17 7 11 6 4 10 7 10 13 12 8 11 7 6 7 11 10 8 15 6 10 10 6 10 11 12 12 6 6 6 11 13 16 11 9 12 15 14 12 10 6 8 8 13 10 
6 2 2 4 3 2 2 2 4 3 3 3 2 1 2 5 4 3 2 5 4 4 6 2 4 4 3 3 3 2 2 2 1 3 4 4 1 3 2 2 3 3 4 3 2 4 2 3 4 4 3 3 3 2 2 4 3 3 3 2 3 3 2 2 3 4 3 3 1 1 2 3 0 3 4 3 4 4 1 2 3 4 0 3 1 4 2 4 2 3 3 1 2 4 4 4 3 4 3 4 4 2 2 3 3 3 4 4 5 2 3 3 3 3 4 3 2 3 2 4 4 3 4 4 2 3 2 1 3 3 4 2 2 2 3 4 3 2 4 3 3 3 3 3 4 4 4 2 4 3 2 2 4 3 4 3 2 1 4 2 4 2 4 3 3 3 3 3 2 0 2 2 4 2 1 2 2 3 6 2 3 4 4 4 3 2 1 3 4 4 2 3 3 3 3 5 2 3 2 2 
9 7 11 6 9 10 9 16 11 3 2 13 8 6 10 5 8 11 8 9 7 10 11 9 9 9 5 12 12 10 6 10 11 11 10 4 11 7 6 12 14 2 11 11 8 5 16 9 11 11 12 8 8 13 11 7 12 11 8 8 8 7 12 11 5 7 5 10 6 7 13 9 7 4 16 13 9 14 5 2 9 12 13 12 8 7 6 14 4 16 13 10 6 4 10 12 8 12 7 9 10 9 5 3 11 7 6 5 4 10 10 9 9 5 9 12 10 9 7 12 11 10 9 3 13 7 10 12 7 5 12 9 6 7 14 5 7 9 13 9 7 4 16 9 11 5 6 9 16 11 16 7 15 7 9 5 14 9 11 10 7 10 13 9 8 6 11 9 6 10 4 4 8 12 7 6 12 11 8 10 7 8 8 8 11 9 6 7 14 10 6 10 5 12 7 12 10 5 8 9 
7 6 6 4 7 8 9 12 5 4 9 6 10 5 13 7 8 6 10 7 4 6 5 9 8 7 7 10 7 5 11 5 6 8 8 4 4 10 8 9 7 9 8 8 11 7 6 7 11 6 5 8 6 7 8 3 8 10 9 9 11 6 4 5 6 6 9 8 6 6 9 6 6 8 9 8 7 7 5 3 4 2 5 10 7 11 2 5 5 5 4 6 5 8 4 6 5 12 6 7 10 9 8 6 11 4 5 5 8 5 8 9 7 9 10 6 8 7 8 6 6 6 8 9 5 6 4 7 12 8 9 8 9 7 6 10 7 7 7 6 6 6 3 8 9 4 6 9 4 6 5 11 12 10 9 7 8 10 4 4 7 7 8 8 7 7 7 5 9 6 8 9 8 5 9 9 6 5 12 5 9 2 6 7 5 7 5 7 6 6 5 8 7 10 8 4 9 8 8 11 
4 2 4 6 7 5 4 4 4 4 4 4 4 4 7 4 3 4 5 4 5 2 4 4 5 5 4 2 3 5 4 5 4 4 5 4 6 5 5 4 3 5 3 3 6 5 2 3 5 6 4 4 4 5 3 5 3 3 5 4 4 7 3 3 6 4 6 3 6 1 6 5 4 6 2 4 2 2 3 2 4 2 5 5 5 5 3 4 5 5 5 3 4 4 5 3 4 4 6 2 5 4 4 3 3 3 4 4 6 1 3 5 4 4 3 4 5 3 6 3 6 6 4 5 4 4 5 6 4 4 6 3 4 3 2 4 3 5 5 3 3 7 4 4 3 3 6 4 6 7 6 5 2 2 3 3 5 4 6 6 3 1 2 5 4 5 2 3 6 3 3 2 4 5 4 2 3 5 3 3 6 4 5 4 4 5 4 4 2 3 4 2 5 4 2 2 2 6 4 0 
11 5 5 6 4 5 6 6 6 5 6 3 6 3 4 6 6 7 5 5 4 6 6 8 4 4 5 5 6 3 0 7 6 7 6 5 3 3 3 4 8 3 8 7 4 5 3 7 9 5 8 5 3 6 5 7 3 2 7 4 4 2 6 4 3 4 7 5 6 7 5 8 4 3 7 3 3 3 3 5 8 4 3 2 6 4 6 6 4 7 4 4 4 5 4 5 4 3 2 6 4 5 2 5 6 5 8 6 6 6 3 5 7 2 5 5 3 5 5 5 4 4 5 4 6 5 8 4 6 4 5 3 5 6 4 3 5 3 5 3 5 4 6 7 7 5 5 7 2 8 5 3 5 2 8 6 5 5 2 8 6 8 3 3 6 3 6 8 4 8 6 7 3 5 4 2 5 4 5 2 3 4 6 6 6 4 8 5 5 2 7 6 5 3 7 7 4 6 4 5 
