NAME  : Jabali_50_4_0.80_1_5
TYPE : SVRP
MODEL : FINITE_SUPPORT
NUMBER_OF_SCENARIOS : 200
DIMENSION : 50
EDGE_WEIGHT_TYPE : MATRIX
CAPACITY : 85
N_VEHICLES : 4
NODE_COORD_SECTION
1 3110 4222
2 2445 7627
3 5920 4802
4 1937 5161
5 1123 4458
6 2324 2689
7 3887 6559
8 7003 5305
9 4627 7369
10 1281 2708
11 2630 761
12 313 1593
13 7338 4040
14 6395 1912
15 447 6246
16 7088 1997
17 2077 1550
18 7135 6068
19 4394 5061
20 644 3862
21 1052 18
22 3759 2558
23 5704 7697
24 2456 6879
25 27 5063
26 2897 1074
27 1770 597
28 4211 3878
29 2375 3331
30 5678 7199
31 721 2836
32 2120 6313
33 2556 5116
34 4718 543
35 520 341
36 3626 1797
37 7551 607
38 4468 2315
39 388 4264
40 1142 6172
41 6396 4042
42 6828 4550
43 7340 3111
44 891 1007
45 2665 6850
46 5759 1275
47 5783 6038
48 3379 1003
49 6199 7697
50 4458 6077
DEMAND_SECTION
1 0.0
2 4.0
3 7.0
4 6.0
5 6.0
6 1.0
7 7.0
8 5.0
9 7.0
10 3.0
11 9.0
12 2.0
13 3.0
14 6.0
15 2.0
16 1.0
17 7.0
18 10.0
19 3.0
20 5.0
21 10.0
22 9.0
23 8.0
24 9.0
25 3.0
26 4.0
27 9.0
28 6.0
29 10.0
30 3.0
31 4.0
32 4.0
33 10.0
34 6.0
35 9.0
36 5.0
37 1.0
38 5.0
39 8.0
40 4.0
41 4.0
42 8.0
43 9.0
44 8.0
45 2.0
46 4.0
47 8.0
48 3.0
49 2.0
50 6.0
DEVIATION_SECTION
1 0.0
2 1.33333
3 2.33333
4 2.0
5 2.0
6 0.333333
7 2.33333
8 1.66667
9 2.33333
10 1.0
11 3.0
12 0.666667
13 1.0
14 2.0
15 0.666667
16 0.333333
17 2.33333
18 3.33333
19 1.0
20 1.66667
21 3.33333
22 3.0
23 2.66667
24 3.0
25 1.0
26 1.33333
27 3.0
28 2.0
29 3.33333
30 1.0
31 1.33333
32 1.33333
33 3.33333
34 2.0
35 3.0
36 1.66667
37 0.333333
38 1.66667
39 2.66667
40 1.33333
41 1.33333
42 2.66667
43 3.0
44 2.66667
45 0.666667
46 1.33333
47 2.66667
48 1.0
49 0.666667
50 2.0
DISTANCE_MATRIX
0.0 47.2652 39.8392 21.4868 30.8447 21.128 34.9285 55.3237 48.8774 42.2893 45.7056 61.2266 58.8126 62.3843 44.7147 67.8244 37.2516 60.7503 21.9545 40.1406 61.6975 25.0799 60.208 37.3363 43.7555 42.19 50.6524 19.8257 21.3798 55.1543 43.9459 31.6228 15.3178 54.7814 61.9875 33.7343 85.7764 33.1773 39.285 37.0731 47.7888 50.9418 66.1084 52.1752 37.1214 55.6623 45.2769 43.0465 64.3506 32.6497 
47.2652 0.0 60.1415 50.0526 45.5419 65.0692 24.2074 69.1158 30.4138 66.6764 92.0489 83.3847 80.8084 94.6678 32.45 99.925 81.4985 67.2309 43.2666 54.1295 102.532 71.5891 45.0444 10.0 46.6905 89.0056 94.2019 54.5966 56.0089 44.7214 69.3699 17.72 33.0151 101.232 99.3006 80.895 117.938 76.8621 51.1077 26.1725 70.8276 71.7008 89.1403 89.9125 10.198 98.0583 50.1199 90.2718 51.0392 34.0588 
39.8392 60.1415 0.0 54.107 63.4647 57.1191 36.0694 15.8114 38.6264 73.0365 69.6574 90.0986 20.8087 40.3113 74.6324 41.4367 66.7933 23.4307 20.6155 72.7607 91.018 41.2321 39.0128 53.8238 76.3217 64.8164 78.6736 30.0832 59.0195 33.0 74.97 54.5619 45.7056 60.2183 93.2117 51.1155 61.3514 39.8249 71.905 65.7875 11.7047 12.083 29.4109 84.1969 52.2015 48.169 17.0 62.2559 39.6232 26.1725 
21.4868 50.0526 54.107 0.0 33.3579 39.4591 40.6007 69.0351 55.2782 44.8024 66.231 63.7397 73.4713 77.5423 47.2278 82.9825 56.3847 73.1882 34.0907 42.6538 79.1193 46.5398 68.0803 40.0713 46.2687 63.0098 69.5674 34.9838 30.0278 63.614 46.4591 34.1359 17.831 76.2573 77.5134 55.1741 100.934 54.5972 41.7981 39.5862 62.4475 65.6004 80.7671 67.5698 40.0 78.9768 56.2719 64.2398 72.803 40.8444 
30.8447 45.5419 63.4647 33.3579 0.0 36.0567 45.1575 78.3315 59.9249 21.2132 50.6838 38.0132 82.8291 86.9002 27.7308 92.3403 38.5068 82.1269 43.3381 10.0 57.0701 50.7437 74.0667 36.2912 19.2354 60.1762 50.0 44.3416 29.9254 70.2777 25.1108 27.8652 18.9737 78.1993 53.7587 56.0639 110.292 60.0761 11.0454 24.1868 71.8053 74.9176 90.125 44.3847 37.2114 82.0948 64.7882 62.9726 79.2697 48.1097 
21.128 65.0692 57.1191 39.4591 36.0567 0.0 55.8109 72.5094 69.3369 15.0333 27.0 31.3847 74.7449 54.5721 53.333 63.3308 17.088 78.4053 40.2544 26.3908 41.0488 18.6815 79.6562 55.0818 43.7855 24.3311 30.4631 37.4807 9.84886 74.306 17.7703 48.0416 32.0624 43.2782 41.0122 21.2132 75.1332 28.1603 32.1713 48.3839 63.7211 66.8741 69.4914 31.1448 55.2268 49.2443 63.5226 26.9258 83.4146 52.4786 
34.9285 24.2074 36.0694 40.6007 45.1575 55.8109 0.0 45.1774 14.8661 61.8907 80.0812 80.8992 56.6392 72.5403 46.0977 76.4089 71.9345 44.3847 21.587 54.4535 95.72 55.1453 29.0689 19.6469 54.4243 76.1577 85.3353 37.1214 56.0628 25.9615 63.0598 24.0832 26.9072 83.2166 94.1141 65.4057 95.7886 58.2151 53.535 37.2156 47.0106 47.5079 65.2993 84.1705 17.72 76.922 26.5707 75.9539 34.5398 9.89949 
55.3237 69.1158 15.8114 69.0351 78.3315 72.5094 45.1774 0.0 42.45 88.4268 85.0477 102.451 17.1172 46.0977 87.8635 44.0114 82.1836 10.4403 35.0 87.6274 106.3 56.6224 36.7696 64.4748 91.022 80.2067 94.064 45.8803 74.4098 31.7648 90.3604 66.7608 60.075 70.7172 108.602 66.5058 63.1981 58.4499 86.7718 78.8543 19.4165 10.7703 29.0689 99.5872 62.6498 56.3028 19.2094 77.6006 34.9285 35.8469 
48.8774 30.4138 38.6264 55.2782 59.9249 69.3369 14.8661 42.45 0.0 76.5682 93.0549 95.5767 57.1402 78.4608 58.4637 80.0562 85.4604 38.2753 31.5753 69.2209 109.906 66.7083 15.2971 30.4138 68.4471 88.9367 98.8612 49.0408 69.5887 14.3178 77.7372 37.0 41.7732 93.1343 108.792 77.1298 99.96 68.2642 68.2422 50.0 50.3289 48.0208 67.5352 98.8479 28.4429 84.5931 23.6008 88.1403 21.2132 17.4642 
42.2893 66.6764 73.0365 44.8024 21.2132 15.0333 61.8907 88.4268 76.5682 0.0 31.7648 19.105 89.7703 69.1608 46.8722 77.9195 19.2354 93.1015 54.5232 15.8114 35.9026 33.541 89.3703 57.4257 33.1059 31.4006 29.1548 52.1769 20.6155 84.904 12.831 48.9997 36.294 54.8179 33.1059 34.0 89.1572 42.9535 21.5407 45.0 79.6385 82.7915 84.5167 23.4094 58.9911 63.1585 77.7914 36.0694 94.093 62.1344 
45.7056 92.0489 69.6574 66.231 50.6838 27.0 80.0812 85.0477 93.0549 31.7648 0.0 32.6497 75.3412 53.1507 77.7946 62.1691 12.53 93.086 63.6033 47.4236 24.0416 28.4253 102.395 82.0549 64.846 5.0 12.0416 61.2569 36.2215 96.5478 39.573 75.0267 59.0339 28.6356 29.0689 19.2094 67.3647 33.0151 53.2259 74.5832 68.2406 76.7064 69.4622 23.7697 82.1523 43.1045 82.6711 10.198 105.109 75.9081 
61.2266 83.3847 90.0986 63.7397 38.0132 31.3847 80.8992 102.451 95.5767 19.105 32.6497 0.0 104.686 81.0987 59.2115 90.05 23.3452 110.164 71.5853 29.4109 22.8035 47.5184 108.379 74.2498 43.0 35.1141 23.3452 69.2389 39.1152 103.912 31.8395 65.7951 55.3026 60.7454 17.0 44.1022 98.4886 56.1427 33.541 59.6657 93.6624 96.8154 95.176 10.8167 75.1701 72.9932 94.8534 41.1096 113.102 81.143 
58.8126 80.8084 20.8087 73.4713 82.8291 74.7449 56.6392 17.1172 57.1402 89.7703 75.3412 104.686 0.0 30.4631 94.7598 27.1662 78.2099 27.0185 40.7185 92.1251 99.2368 58.8579 53.4509 74.6324 95.7058 70.4631 86.8188 48.2267 76.6453 48.1041 92.5959 75.1798 65.4085 57.6281 103.325 57.2627 46.0977 46.4031 91.2694 86.0058 13.0384 9.21954 12.0 95.7315 73.0068 41.6773 33.6155 65.5539 51.9711 46.7547 
62.3843 94.6678 40.3113 77.5423 86.9002 54.5721 72.5403 46.0977 78.4608 69.1608 53.1507 81.0987 30.4631 0.0 100.77 9.05539 58.0 56.5155 51.4782 80.961 77.1298 36.0486 79.1012 86.267 99.811 48.6621 65.1153 47.4477 57.3657 73.171 72.3405 83.927 70.4819 29.4109 82.0366 37.0135 23.4307 26.7992 86.7414 92.4184 29.0172 35.5106 20.0 75.1665 85.1469 12.0416 57.2189 42.9535 79.0253 63.468 
44.7147 32.45 74.6324 47.2278 27.7308 53.333 46.0977 87.8635 58.4637 46.8722 77.7946 59.2115 94.7598 100.77 0.0 106.21 65.521 89.3588 54.0833 31.257 81.0062 67.9616 73.7564 28.1603 16.7631 76.5266 75.9539 58.2116 47.2017 71.7008 52.2217 22.0227 30.0167 95.4756 76.1643 73.3402 124.162 77.825 26.0192 9.05539 83.736 86.6487 102.056 68.0074 30.0832 102.205 71.2531 80.2489 79.6241 53.1507 
67.8244 99.925 41.4367 82.9825 92.3403 63.3308 76.4089 44.0114 80.0562 77.9195 62.1691 90.05 27.1662 9.05539 106.21 0.0 67.0075 54.1479 56.7151 89.7197 86.122 44.8072 79.0759 91.6101 105.251 57.7062 74.1485 52.8878 66.3706 73.3485 81.0992 89.3542 75.922 37.5899 91.0824 46.0 19.9249 35.5579 100.781 97.8585 29.7321 34.1321 15.2971 84.214 90.4557 20.1246 57.7235 51.9711 78.3135 66.5984 
37.2516 81.4985 66.7933 56.3847 38.5068 17.088 71.9345 82.1836 85.4604 19.2354 12.53 23.3452 78.2099 58.0 65.521 67.0075 0.0 90.2219 56.3462 34.9285 24.7588 26.4008 95.748 71.5681 52.3259 12.8062 13.4164 53.9998 26.9258 90.3977 27.3961 64.1249 48.6621 38.0132 26.4197 21.0238 75.1864 33.9559 40.7185 62.6927 73.0131 76.166 72.386 17.72 71.8471 49.6488 79.6501 18.3576 99.5063 68.6003 
60.7503 67.2309 23.4307 73.1882 82.1269 78.4053 44.3847 10.4403 38.2753 93.1015 93.086 110.164 27.0185 56.5155 89.3588 54.1479 90.2219 0.0 39.2938 91.4229 114.447 64.6607 29.4109 64.0312 94.3398 88.245 102.102 52.8394 79.0845 25.4558 95.035 67.6018 63.3877 81.0007 116.64 74.5441 73.0274 68.7333 90.5672 80.3057 29.5296 21.1896 39.0128 107.625 62.0967 66.7308 18.1108 85.6845 26.4008 36.2215 
21.9545 43.2666 20.6155 34.0907 43.3381 40.2544 21.587 35.0 31.5753 54.5232 63.6033 71.5853 40.7185 51.4782 54.0833 56.7151 56.3462 39.2938 0.0 52.634 80.8064 35.171 39.9625 35.3836 56.0357 58.3568 69.7113 17.8885 40.5062 34.4093 56.4568 34.6699 25.1794 62.0081 81.114 45.607 74.7283 37.0 51.7783 45.31 29.6977 32.573 48.0173 71.3017 34.0588 55.3624 23.3238 56.6316 43.4166 14.1421 
40.1406 54.1295 72.7607 42.6538 10.0 26.3908 54.4535 87.6274 69.2209 15.8114 47.4236 29.4109 92.1251 80.961 31.257 89.7197 34.9285 91.4229 52.634 0.0 50.0899 45.0314 83.3627 45.2769 17.4929 46.6476 44.7214 53.6376 30.4866 79.5736 22.6205 36.7151 28.2696 68.6582 45.8912 47.0211 101.487 54.5178 5.83095 30.4138 81.1013 84.2135 95.9628 37.1214 46.3249 75.5621 74.0842 50.8035 88.5657 57.4057 
61.6975 102.532 91.018 79.1193 57.0701 41.0488 95.72 106.3 109.906 35.9026 24.0416 22.8035 99.2368 77.1298 81.0062 86.122 24.7588 114.447 80.8064 50.0899 0.0 50.2195 120.226 92.793 65.2763 28.7924 12.53 78.46 50.774 114.858 47.1622 84.8889 70.5762 51.0098 7.81025 42.4853 90.0 56.356 55.0 80.399 97.5122 100.665 93.4077 13.0 93.3223 66.7533 103.875 34.2053 123.967 93.048 
25.0799 71.5891 41.2321 46.5398 50.7437 18.6815 55.1453 56.6224 66.7083 33.541 28.4253 47.5184 58.8579 36.0486 67.9616 44.8072 26.4008 64.6607 35.171 45.0314 50.2195 0.0 74.3236 61.8466 63.6545 23.6008 37.8021 18.0278 21.3471 68.4471 36.4109 56.648 40.3708 29.7321 52.7731 10.4403 56.9386 9.48683 50.8118 62.1261 47.8341 50.9871 49.8285 44.0114 61.3922 31.4006 54.3783 21.5407 76.9415 49.2443 
60.208 45.0444 39.0128 68.0803 74.0667 79.6562 29.0689 36.7696 15.2971 89.3703 102.395 108.379 53.4509 79.1012 73.7564 79.0759 95.748 29.4109 39.9625 83.3627 120.226 74.3236 0.0 45.7056 83.3847 97.6659 109.113 57.8014 79.908 6.08276 90.5394 52.2015 55.4707 98.0612 120.516 84.6936 98.8433 74.0664 82.4924 65.2534 50.0899 45.1221 65.0 110.703 43.7379 87.1514 22.0227 95.8541 6.0 27.5862 
37.3363 10.0 53.8238 40.0713 36.2912 55.0818 19.6469 64.4748 30.4138 57.4257 82.0549 74.2498 74.6324 86.267 28.1603 91.6101 71.5681 64.0312 35.3836 45.2769 92.793 61.8466 45.7056 0.0 40.0 79.0063 84.3445 45.3045 46.0109 44.0454 59.6308 8.60233 23.0217 91.5136 90.0499 71.0211 109.622 67.5701 42.8019 20.1246 64.037 65.7343 82.3566 80.6618 2.0 89.2857 46.1736 80.3057 51.6236 28.6356 
43.7555 46.6905 76.3217 46.2687 19.2354 43.7855 54.4243 91.022 68.4471 33.1059 64.846 43.0 95.7058 99.811 16.7631 105.251 52.3259 94.3398 56.0357 17.4929 65.2763 63.6545 83.3847 40.0 0.0 64.1405 61.4003 57.2525 42.8362 80.3243 40.0151 31.9061 31.0161 86.0529 60.0 64.4158 123.203 72.9869 11.6619 20.5183 84.7162 87.8237 103.036 52.345 41.6173 95.0056 76.6551 68.2422 88.955 59.2284 
42.19 89.0056 64.8164 63.0098 60.1762 24.3311 76.1577 80.2067 88.9367 31.4006 5.0 35.1141 70.4631 48.6621 76.5266 57.7062 12.8062 88.245 58.3568 46.6476 28.7924 23.6008 97.6659 79.0063 64.1405 0.0 16.4924 57.1386 33.0 91.8187 38.305 72.2496 56.0357 25.632 33.3766 14.2127 63.7887 28.0179 52.4786 72.5328 63.3625 71.8283 64.622 27.1662 79.0063 39.0 77.9359 6.08276 100.38 71.7898 
50.6524 94.2019 78.6736 69.5674 50.0 30.4631 85.3353 94.064 98.8612 29.1548 12.0416 23.3452 86.8188 65.1153 75.9539 74.1485 13.4164 102.102 69.7113 44.7214 12.53 37.8021 109.113 84.3445 61.4003 16.4924 0.0 67.3649 40.3113 103.763 39.0624 76.6551 61.6117 40.3113 17.0294 29.9666 79.2275 43.8292 50.2195 74.0608 85.2757 88.4286 80.9938 13.0384 84.7231 55.1453 91.5641 22.2036 112.871 81.9878 
19.8257 54.5966 30.0832 34.9838 44.3416 37.4807 37.1214 45.8803 49.0408 52.1769 61.2569 69.2389 48.2267 47.4477 58.2116 52.8878 53.9998 52.8394 17.8885 53.6376 78.46 18.0278 57.8014 45.3045 57.2525 57.1386 67.3649 0.0 38.1599 52.1536 54.1104 41.8578 27.9233 46.8722 78.4095 28.375 70.8398 22.4722 52.7819 49.8598 37.2029 40.3559 52.1232 68.4692 44.5237 44.4568 39.598 39.3849 61.0328 31.6228 
21.3798 56.0089 59.0195 30.0278 29.9254 9.84886 56.0628 74.4098 69.5887 20.6155 36.2215 39.1152 76.6453 57.3657 47.2017 66.3706 26.9258 79.0845 40.5062 30.4866 50.774 21.3471 79.908 46.0109 42.8362 33.0 40.3113 38.1599 0.0 74.5578 21.8661 39.4588 23.0868 48.8028 50.3289 26.674 78.2839 30.6795 38.3657 41.5933 65.6215 68.7745 71.3918 40.3609 46.0109 52.6982 63.7744 34.5257 83.6664 52.7304 
55.1543 44.7214 33.0 63.614 70.2777 74.306 25.9615 31.7648 14.3178 84.904 96.5478 103.912 48.1041 73.171 71.7008 73.3485 90.3977 25.4558 34.4093 79.5736 114.858 68.4471 6.08276 44.0454 80.3243 91.8187 103.763 52.1536 74.5578 0.0 86.073 49.8197 51.4782 91.9837 115.165 78.7909 93.1719 68.0497 78.7179 62.9682 44.1814 39.5601 59.4811 105.353 42.0476 81.0999 16.0 89.9611 9.21954 22.8035 
43.9459 69.3699 74.97 46.4591 25.1108 17.7703 63.0598 90.3604 77.7372 12.831 39.573 31.8395 92.5959 72.3405 52.2217 81.0992 27.3961 95.035 56.4568 22.6205 47.1622 36.4109 90.5394 59.6308 40.0151 38.305 39.0624 54.1104 21.8661 86.073 0.0 51.7214 37.4631 60.0377 45.0789 38.4006 92.8662 45.8973 28.4009 49.2966 81.5721 84.725 87.3424 35.178 60.1601 66.9416 79.7249 42.2278 95.262 63.3035 
31.6228 17.72 54.5619 34.1359 27.8652 48.0416 24.0832 66.7608 37.0 48.9997 75.0267 65.7951 75.1798 83.927 22.0227 89.3542 64.1249 67.6018 34.6699 36.7151 84.8889 56.648 52.2015 8.60233 31.9061 72.2496 76.6551 41.8578 39.4588 49.8197 51.7214 0.0 16.4924 86.3771 81.6239 65.31 107.319 64.1234 34.2053 13.1529 64.2033 66.6408 82.5229 72.2358 9.89949 85.8508 49.4975 73.9841 57.9741 31.4006 
15.3178 33.0151 45.7056 17.831 18.9737 32.0624 26.9072 60.075 41.7732 36.294 59.0339 55.3026 65.4085 70.4819 30.0167 75.922 48.6621 63.3877 25.1794 28.2696 70.5762 40.3708 55.4707 23.0217 31.0161 56.0357 61.6117 27.9233 23.0868 51.4782 37.4631 16.4924 0.0 70.0882 68.542 49.005 93.874 48.3932 27.4139 22.0227 54.3847 57.4891 72.7043 58.6411 23.1948 71.9163 45.8912 57.5977 60.5392 29.1548 
54.7814 101.232 60.2183 76.2573 78.1993 43.2782 83.2166 70.7172 93.1343 54.8179 28.6356 60.7454 57.6281 29.4109 95.4756 37.5899 38.0132 81.0007 62.0081 68.6582 51.0098 29.7321 98.0612 91.5136 86.0529 25.632 40.3113 46.8722 48.8028 91.9837 60.0377 86.3771 70.0882 0.0 57.1402 22.2036 39.0128 25.02 74.4387 90.1436 51.5699 60.0333 48.8365 52.3927 91.0367 17.4929 76.4003 19.6977 99.4585 76.0066 
61.9875 99.3006 93.2117 77.5134 53.7587 41.0122 94.1141 108.602 108.792 33.1059 29.0689 17.0 103.325 82.0366 76.1643 91.0824 26.4197 116.64 81.114 45.8912 7.81025 52.7731 120.516 90.0499 60.0 33.3766 17.0294 78.4095 50.3289 115.165 45.0789 81.6239 68.542 57.1402 0.0 46.1736 96.1301 59.808 50.3587 76.2955 99.3097 102.463 97.5006 10.0 90.9702 72.1734 104.024 39.2046 124.274 93.3381 
33.7343 80.895 51.1155 55.1741 56.0639 21.2132 65.4057 66.5058 77.1298 34.0 19.2094 44.1022 57.2627 37.0135 73.3402 46.0 21.0238 74.5441 45.607 47.0211 42.4853 10.4403 84.6936 71.0211 64.4158 14.2127 29.9666 28.375 26.674 78.7909 38.4006 65.31 49.005 22.2036 46.1736 0.0 55.3624 13.8924 52.8016 68.0149 50.1621 58.6279 51.4387 38.4708 70.7107 29.4109 64.4981 11.1803 87.2067 59.6657 
85.7764 117.938 61.3514 100.934 110.292 75.1332 95.7886 63.1981 99.96 89.1572 67.3647 98.4886 46.0977 23.4307 124.162 19.9249 75.1864 73.0274 74.7283 101.487 90.0 56.9386 98.8433 109.622 123.203 63.7887 79.2275 70.8398 78.2839 93.1719 92.8662 107.319 93.874 39.0128 96.1301 55.3624 0.0 47.7432 107.267 115.81 49.6488 53.7587 34.1321 90.934 108.469 26.0 77.6209 57.7062 97.8673 86.4398 
33.1773 76.8621 39.8249 54.5972 60.0761 28.1603 58.2151 58.4499 68.2642 42.9535 33.0151 56.1427 46.4031 26.7992 77.825 35.5579 33.9559 68.7333 37.0 54.5178 56.356 9.48683 74.0664 67.5701 72.9869 28.0179 43.8292 22.4722 30.6795 68.0497 45.8973 64.1234 48.3932 25.02 59.808 13.8924 47.7432 0.0 60.2982 70.1834 39.3025 47.7684 40.5791 51.6624 66.7892 22.6274 53.2652 24.0416 76.1583 51.0392 
39.285 51.1077 71.905 41.7981 11.0454 32.1713 53.535 86.7718 68.2422 21.5407 53.2259 33.541 91.2694 86.7414 26.0192 100.781 40.7185 90.5672 51.7783 5.83095 55.0 50.8118 82.4924 42.8019 11.6619 52.4786 50.2195 52.7819 38.3657 78.7179 28.4009 34.2053 27.4139 74.4387 50.3587 52.8016 107.267 60.2982 0.0 26.2488 80.2456 83.3578 98.5652 42.0 44.0454 81.3426 73.2285 56.6127 87.7097 56.55 
37.0731 26.1725 65.7875 39.5862 24.1868 48.3839 37.2156 78.8543 50.0 45.0 74.5832 59.6657 86.0058 92.4184 9.05539 97.8585 62.6927 80.3057 45.31 30.4138 80.399 62.1261 65.2534 20.1246 20.5183 72.5328 74.0608 49.8598 41.5933 62.9682 49.2966 13.1529 22.0227 90.1436 76.2955 68.0149 115.81 70.1834 26.2488 0.0 75.0 77.8332 93.3196 67.4759 21.9317 94.563 62.2013 75.2728 71.0634 44.1022 
47.7888 70.8276 11.7047 62.4475 71.8053 63.7211 47.0106 19.4165 50.3289 79.6385 68.2406 93.6624 13.0384 29.0172 83.736 29.7321 73.0131 29.5296 29.6977 81.1013 97.5122 47.8341 50.0899 64.037 84.7162 63.3625 85.2757 37.2029 65.6215 44.1814 81.5721 64.2033 54.3847 51.5699 99.3097 50.1621 49.6488 39.3025 80.2456 75.0 0.0 9.21954 18.3848 89.9519 62.4976 37.855 28.2843 58.4533 50.0899 37.2022 
50.9418 71.7008 12.083 65.6004 74.9176 66.8741 47.5079 10.7703 48.0208 82.7915 76.7064 96.8154 9.21954 35.5106 86.6487 34.1321 76.166 21.1896 32.573 84.2135 100.665 50.9871 45.1221 65.7343 87.8237 71.8283 88.4286 40.3559 68.7745 39.5601 84.725 66.6408 57.4891 60.0333 102.463 58.6279 53.7587 47.7684 83.3578 77.8332 9.21954 0.0 19.9249 93.9518 64.0703 45.5412 24.5967 66.9191 44.1814 37.6431 
66.1084 89.1403 29.4109 80.7671 90.125 69.4914 65.2993 29.0689 67.5352 84.5167 69.4622 95.176 12.0 20.0 102.056 15.2971 72.386 39.0128 48.0173 95.9628 93.4077 49.8285 65.0 82.3566 103.036 64.622 80.9938 52.1232 71.3918 59.4811 87.3424 82.5229 72.7043 48.8365 97.5006 51.4387 34.1321 40.5791 98.5652 93.3196 18.3848 19.9249 0.0 89.9075 80.8172 31.8904 44.3847 59.5063 63.7887 55.4437 
52.1752 89.9125 84.1969 67.5698 44.3847 31.1448 84.1705 99.5872 98.8479 23.4094 23.7697 10.8167 95.7315 75.1665 68.0074 84.214 17.72 107.625 71.3017 37.1214 13.0 44.0114 110.703 80.6618 52.345 27.1662 13.0384 68.4692 40.3609 105.353 35.178 72.2358 58.6411 52.3927 10.0 38.4708 90.934 51.6624 42.0 67.4759 89.9519 93.9518 89.9075 0.0 81.3381 66.0681 94.0837 33.2415 114.462 83.5258 
37.1214 10.198 52.2015 40.0 37.2114 55.2268 17.72 62.6498 28.4429 58.9911 82.1523 75.1701 73.0068 85.1469 30.0832 90.4557 71.8471 62.0967 34.0588 46.3249 93.3223 61.3922 43.7379 2.0 41.6173 79.0063 84.7231 44.5237 46.0109 42.0476 60.1601 9.89949 23.1948 91.0367 90.9702 70.7107 108.469 66.7892 44.0454 21.9317 62.4976 64.0703 80.8172 81.3381 0.0 88.5145 44.2719 80.1561 49.6488 26.8328 
55.6623 98.0583 48.169 78.9768 82.0948 49.2443 76.922 56.3028 84.5931 63.1585 43.1045 72.9932 41.6773 12.0416 102.205 20.1246 49.6488 66.7308 55.3624 75.5621 66.7533 31.4006 87.1514 89.2857 95.0056 39.0 55.1453 44.4568 52.6982 81.0999 66.9416 85.8508 71.9163 17.4929 72.1734 29.4109 26.0 22.6274 81.3426 94.563 37.855 45.5412 31.8904 66.0681 88.5145 0.0 65.1405 33.0151 87.6926 68.4471 
45.2769 50.1199 17.0 56.2719 64.7882 63.5226 26.5707 19.2094 23.6008 77.7914 82.6711 94.8534 33.6155 57.2189 71.2531 57.7235 79.6501 18.1108 23.3238 74.0842 103.875 54.3783 22.0227 46.1736 76.6551 77.9359 91.5641 39.598 63.7744 16.0 79.7249 49.4975 45.8912 76.4003 104.024 64.4981 77.6209 53.2652 73.2285 62.2013 28.2843 24.5967 44.3847 94.0837 44.2719 65.1405 0.0 75.6637 23.0868 18.1108 
43.0465 90.2718 62.2559 64.2398 62.9726 26.9258 75.9539 77.6006 88.1403 36.0694 10.198 41.1096 65.5539 42.9535 80.2489 51.9711 18.3576 85.6845 56.6316 50.8035 34.2053 21.5407 95.8541 80.3057 68.2422 6.08276 22.2036 39.3849 34.5257 89.9611 42.2278 73.9841 57.5977 19.6977 39.2046 11.1803 57.7062 24.0416 56.6127 75.2728 58.4533 66.9191 59.5063 33.2415 80.1561 33.0151 75.6637 0.0 98.387 70.6765 
64.3506 51.0392 39.6232 72.803 79.2697 83.4146 34.5398 34.9285 21.2132 94.093 105.109 113.102 51.9711 79.0253 79.6241 78.3135 99.5063 26.4008 43.4166 88.5657 123.967 76.9415 6.0 51.6236 88.955 100.38 112.871 61.0328 83.6664 9.21954 95.262 57.9741 60.5392 99.4585 124.274 87.2067 97.8673 76.1583 87.7097 71.0634 50.0899 44.1814 63.7887 114.462 49.6488 87.6926 23.0868 98.387 0.0 32.0156 
32.6497 34.0588 26.1725 40.8444 48.1097 52.4786 9.89949 35.8469 17.4642 62.1344 75.9081 81.143 46.7547 63.468 53.1507 66.5984 68.6003 36.2215 14.1421 57.4057 93.048 49.2443 27.5862 28.6356 59.2284 71.7898 81.9878 31.6228 52.7304 22.8035 63.3035 31.4006 29.1548 76.0066 93.3381 59.6657 86.4398 51.0392 56.55 44.1022 37.2022 37.6431 55.4437 83.5258 26.8328 68.4471 18.1108 70.6765 32.0156 0.0 
DEMAND_SCENARIO_SECTION
0 0 0 0 0 0 0 0 0 0 0 0 0 0 0 0 0 0 0 0 0 0 0 0 0 0 0 0 0 0 0 0 0 0 0 0 0 0 0 0 0 0 0 0 0 0 0 0 0 0 0 0 0 0 0 0 0 0 0 0 0 0 0 0 0 0 0 0 0 0 0 0 0 0 0 0 0 0 0 0 0 0 0 0 0 0 0 0 0 0 0 0 0 0 0 0 0 0 0 0 0 0 0 0 0 0 0 0 0 0 0 0 0 0 0 0 0 0 0 0 0 0 0 0 0 0 0 0 0 0 0 0 0 0 0 0 0 0 0 0 0 0 0 0 0 0 0 0 0 0 0 0 0 0 0 0 0 0 0 0 0 0 0 0 0 0 0 0 0 0 0 0 0 0 0 0 0 0 0 0 0 0 0 0 0 0 0 0 0 0 0 0 0 0 0 0 0 0 0 0 
3 4 6 3 2 3 4 4 5 4 5 5 3 6 3 4 3 4 3 4 4 2 4 5 5 4 4 5 4 5 4 5 5 4 8 4 2 5 4 3 3 3 5 3 1 5 3 5 5 8 4 3 3 5 4 5 4 4 5 2 3 3 3 5 4 5 7 4 5 2 2 3 2 5 3 5 4 4 6 3 5 6 6 4 4 3 4 2 5 5 4 2 4 4 3 4 3 6 3 4 3 4 5 5 2 4 7 6 3 4 4 4 7 5 5 4 5 4 3 4 4 4 5 2 4 6 6 5 4 3 4 1 3 5 4 6 2 4 6 2 3 6 5 5 1 4 3 6 4 3 4 1 3 4 4 2 5 5 2 4 3 6 7 4 4 3 5 5 2 2 4 3 6 4 5 3 2 2 3 3 5 4 5 6 2 6 4 5 4 4 3 2 4 5 5 3 3 6 3 5 
7 7 6 4 8 6 5 9 3 10 9 4 9 5 7 7 11 11 6 7 2 9 2 6 10 9 3 7 4 3 7 9 8 10 7 8 7 6 8 6 11 9 7 7 13 6 5 6 10 11 10 5 5 4 9 3 8 12 6 9 6 3 9 6 5 9 10 6 7 5 7 5 9 5 4 9 7 7 8 10 7 6 9 2 8 7 9 2 9 3 4 5 8 9 6 6 4 13 4 8 4 7 4 7 8 5 5 8 10 9 10 3 8 5 5 4 7 7 9 9 8 7 7 9 4 6 11 4 4 3 12 7 7 12 7 5 4 13 4 6 7 2 11 6 10 1 11 4 8 5 8 8 3 8 9 7 8 9 9 7 7 6 11 8 5 10 2 1 11 5 7 7 4 3 8 7 7 10 5 4 5 8 8 9 7 8 9 5 15 10 3 8 7 6 8 7 11 5 12 6 
7 6 5 5 8 8 7 6 6 9 4 8 6 8 7 4 2 7 8 7 4 4 7 5 6 7 4 8 10 3 4 8 6 7 5 8 7 3 3 7 4 7 3 8 4 8 6 6 7 10 7 4 5 8 6 7 7 5 6 3 6 8 8 7 7 5 7 7 3 4 6 4 6 6 6 7 5 6 7 7 7 6 6 6 5 9 8 4 5 5 6 3 8 7 7 4 5 6 4 9 6 5 6 6 8 8 5 5 7 7 6 5 4 6 6 7 6 4 6 5 6 8 7 7 5 8 6 6 3 4 7 7 5 6 3 2 7 3 8 5 5 7 7 6 6 7 7 6 5 7 3 8 5 8 5 10 3 6 6 7 4 4 3 4 9 9 8 5 7 9 5 11 5 10 5 5 4 8 4 7 5 6 7 5 6 4 8 6 7 5 7 4 5 6 5 1 8 8 5 2 
6 2 9 10 9 4 6 2 5 7 2 5 5 12 5 5 8 2 8 6 7 3 4 8 6 5 6 3 3 7 5 5 7 5 1 6 7 4 7 4 7 4 9 6 5 4 5 8 6 5 3 4 3 8 7 7 4 7 7 5 8 3 4 6 4 6 3 6 8 8 6 4 7 7 7 9 5 7 8 6 5 7 8 5 6 7 5 8 7 3 5 8 9 10 4 8 4 6 6 8 5 7 10 4 8 8 9 9 6 5 6 7 7 7 1 6 7 7 8 8 8 6 9 5 3 7 5 7 5 3 6 6 4 7 6 5 6 8 8 5 7 3 4 7 6 7 2 10 5 5 7 7 3 3 6 7 7 5 7 8 4 7 6 6 7 4 5 6 6 9 4 8 7 2 3 5 3 6 5 4 7 7 7 7 6 5 7 7 6 5 3 6 9 11 10 4 6 5 8 8 
1 1 1 1 1 1 1 1 1 2 1 1 1 1 1 1 1 1 1 1 1 2 1 1 0 1 1 1 1 1 2 1 0 2 1 1 1 1 1 1 1 1 1 1 1 1 1 1 1 1 1 1 1 1 1 1 1 1 2 1 1 0 1 1 1 1 1 1 1 1 1 1 1 1 1 1 1 1 1 1 1 1 1 1 1 1 0 1 1 1 1 0 1 1 1 1 1 1 1 1 1 1 1 1 1 1 1 0 1 1 1 1 1 1 1 0 1 1 1 1 1 1 1 1 1 1 1 1 1 1 1 1 1 1 1 1 1 1 1 1 1 1 1 1 0 1 1 1 1 2 1 1 1 1 1 1 1 1 1 1 1 2 0 1 1 1 2 1 1 1 1 2 1 1 0 1 1 1 1 0 1 1 2 1 1 1 1 1 2 1 1 1 1 1 1 1 2 1 1 2 
7 5 2 9 9 11 7 8 10 10 9 10 10 6 5 2 5 5 6 5 9 6 10 7 9 7 11 5 11 9 7 7 10 10 9 11 6 9 6 8 2 3 3 7 11 5 7 12 8 3 7 11 5 5 7 9 8 6 3 7 8 7 4 6 6 9 8 7 5 10 5 5 7 6 7 9 6 10 8 10 9 9 4 12 8 10 4 8 8 5 9 7 4 8 9 4 5 9 7 8 8 9 10 4 8 11 14 7 5 9 10 9 9 5 11 6 9 5 4 10 7 4 5 8 10 3 10 5 11 9 8 5 5 9 12 5 5 7 10 7 7 10 8 8 7 7 8 7 7 10 6 6 9 8 10 13 10 12 3 4 6 6 6 5 5 6 6 10 4 4 8 12 11 8 7 11 8 4 8 7 6 8 3 9 4 2 10 3 5 7 6 9 10 5 5 8 10 2 8 8 
4 7 6 6 4 6 5 4 4 4 4 7 4 3 5 4 8 5 4 3 3 5 10 5 5 4 2 3 5 5 6 6 7 4 7 4 6 5 4 4 5 4 6 6 4 6 4 6 7 3 3 4 3 3 2 8 2 1 6 4 6 5 7 4 3 6 4 5 5 5 6 4 4 3 5 5 7 6 5 6 8 7 5 3 6 7 5 6 7 4 7 7 6 4 7 7 4 8 5 4 4 2 4 2 6 5 5 5 8 4 6 4 5 6 5 5 5 7 4 7 7 6 2 3 4 5 6 6 3 4 7 3 3 5 5 3 5 4 5 6 4 1 5 4 4 4 5 5 5 5 8 3 7 7 3 6 7 7 5 6 3 4 4 5 5 6 6 5 6 5 5 7 4 4 5 3 4 6 4 5 7 5 6 3 6 4 6 7 3 5 6 1 7 3 4 6 2 6 7 7 
9 3 9 7 11 3 10 6 7 8 10 8 8 7 6 6 7 11 14 4 8 10 14 3 2 6 9 8 7 9 7 7 8 8 6 4 8 8 8 6 7 1 5 11 10 9 5 10 7 9 7 12 7 9 11 9 6 6 9 11 6 11 4 8 11 9 8 8 7 8 9 5 6 10 6 5 9 5 7 8 4 3 9 8 6 5 6 10 11 6 5 3 3 5 6 5 9 6 9 11 7 9 7 4 8 4 9 6 4 7 6 4 6 7 5 8 3 6 7 4 4 7 5 8 6 8 5 7 9 7 8 5 6 6 5 7 12 6 6 6 6 6 8 5 8 11 7 8 3 5 8 6 9 9 11 12 4 9 5 8 9 9 6 10 9 7 8 7 6 2 5 4 4 4 7 5 6 4 9 8 5 6 9 5 8 9 9 4 10 5 4 1 7 7 6 12 3 10 8 5 
3 2 1 2 2 3 3 3 3 4 4 3 3 1 4 3 5 2 4 4 2 3 3 3 3 2 4 4 4 2 4 3 3 2 2 3 3 5 5 3 4 2 4 3 3 4 3 4 5 3 2 1 1 2 4 4 4 5 5 3 2 3 0 2 3 3 2 3 4 2 5 3 3 4 5 4 3 2 3 5 3 3 3 3 2 3 4 2 4 3 4 2 2 3 2 2 3 3 4 3 2 3 1 3 4 5 3 5 1 3 5 4 3 2 4 3 3 4 2 5 3 4 4 3 3 4 3 2 1 3 3 3 3 3 3 4 3 6 4 4 3 1 3 4 3 3 2 2 3 1 4 2 3 2 4 3 4 2 3 4 1 3 2 3 2 3 4 3 3 5 3 3 3 3 4 3 3 2 3 2 1 3 3 4 4 3 4 3 3 3 4 3 2 2 2 3 2 3 4 1 
11 2 11 12 10 4 8 11 6 13 11 11 13 11 8 9 11 14 11 10 9 10 8 7 5 5 9 13 11 11 6 11 0 10 7 12 10 14 7 10 10 7 10 12 9 6 6 9 8 13 15 12 11 9 10 13 11 8 11 12 12 9 10 4 9 6 5 6 7 7 7 2 9 3 13 12 11 13 8 9 5 11 11 13 10 10 10 8 3 10 6 10 11 7 10 4 8 10 9 5 11 9 8 5 3 12 7 10 6 7 15 4 9 6 11 14 14 5 5 9 11 8 12 8 12 7 7 13 10 11 9 7 5 6 13 11 8 5 10 14 11 6 13 15 10 7 8 10 9 11 8 10 15 6 7 9 6 6 3 8 8 2 5 8 9 8 11 14 6 13 8 10 5 9 16 10 11 10 11 9 5 8 9 5 14 7 8 8 10 5 7 7 10 9 8 7 9 7 13 5 
3 3 2 2 2 2 3 1 3 1 1 2 1 2 1 1 1 3 3 1 2 2 2 2 1 1 2 2 1 1 2 1 2 2 2 2 3 2 2 1 2 1 3 2 3 2 2 3 1 2 2 1 2 2 2 2 1 3 4 3 2 2 1 2 2 2 2 3 3 2 1 1 2 3 3 3 3 2 1 1 2 2 1 1 2 3 2 2 2 3 2 3 1 2 1 1 2 3 2 2 1 2 1 2 3 2 2 2 2 3 1 2 2 1 2 2 2 2 3 2 3 3 2 2 2 3 3 1 3 2 2 2 2 1 1 2 3 2 1 2 2 1 2 2 1 1 2 2 2 1 2 2 2 2 1 3 2 2 2 1 1 2 2 2 2 2 3 1 1 2 2 2 2 2 2 2 3 2 2 2 2 3 2 3 1 2 1 2 2 3 2 2 2 3 1 1 3 4 3 2 
3 4 4 2 3 2 3 1 3 1 2 3 3 2 2 4 4 4 2 4 4 4 4 1 2 2 3 2 3 4 3 1 2 2 3 3 3 4 4 2 2 4 5 2 3 4 2 3 5 3 4 4 4 4 2 3 3 5 4 2 2 3 4 3 3 3 3 4 2 4 4 3 3 2 2 3 3 2 3 2 1 3 2 5 4 2 4 4 2 4 2 2 5 3 4 1 2 3 3 2 3 2 2 5 4 3 5 3 3 2 4 4 3 4 3 3 2 4 4 4 4 5 1 4 3 4 3 3 4 3 2 1 2 4 3 3 3 2 4 4 2 2 3 2 3 1 2 4 4 3 2 1 2 2 2 3 2 4 3 1 3 4 1 4 3 4 3 3 1 3 3 5 3 2 3 3 3 4 2 3 2 3 3 3 2 4 3 2 3 3 2 5 2 2 2 3 2 2 5 3 
10 5 5 10 3 8 4 2 8 5 4 9 7 8 5 7 9 6 4 6 6 1 6 5 8 9 3 6 9 3 7 3 2 7 5 3 8 8 3 7 9 5 11 3 4 9 5 5 4 9 2 6 4 6 8 7 6 6 7 5 5 8 6 5 7 3 7 5 7 6 8 6 8 5 7 7 7 5 7 6 9 5 7 6 4 5 8 6 5 5 9 1 7 9 8 5 7 7 8 6 8 4 8 8 4 5 2 7 5 5 6 5 10 5 6 8 5 5 8 7 5 8 4 7 6 3 6 8 7 8 7 3 4 5 9 3 8 4 5 6 6 5 5 7 1 7 8 6 6 6 8 9 11 7 6 5 2 8 3 3 5 4 7 8 7 7 7 9 4 6 10 8 8 4 4 10 4 6 3 5 6 5 9 10 8 8 5 9 5 5 9 5 6 6 6 6 4 5 5 7 
2 2 3 1 1 1 2 1 3 2 2 1 2 3 1 3 2 2 2 2 2 1 1 3 3 1 3 2 3 2 1 3 3 2 2 1 3 1 2 1 3 2 2 2 2 2 3 1 3 1 3 1 3 2 1 2 1 2 2 2 2 3 1 1 2 3 2 2 1 1 2 2 2 3 2 2 2 1 2 1 2 2 3 3 2 2 3 2 2 2 3 2 1 2 3 3 1 2 1 1 2 2 3 1 2 2 2 1 2 2 1 2 2 2 2 1 1 3 1 2 2 2 2 2 2 2 2 1 1 2 1 1 2 2 2 3 1 2 2 1 1 2 2 2 1 1 1 2 3 2 2 0 2 2 2 1 3 1 2 3 3 3 2 2 1 2 2 3 2 2 2 2 2 2 1 2 3 2 3 1 1 2 1 2 2 1 3 2 2 3 3 2 2 2 2 2 2 2 3 1 
1 1 1 1 1 1 1 1 1 1 1 0 1 1 1 1 1 1 1 1 1 1 1 1 1 1 1 1 1 1 1 1 1 1 1 1 1 1 1 1 0 1 1 1 1 1 0 1 1 1 1 0 1 1 2 1 1 1 1 1 2 1 1 1 1 2 1 1 1 1 1 1 1 1 1 1 0 1 1 1 1 0 0 1 0 1 1 2 0 1 1 0 1 1 1 1 1 2 1 1 1 1 2 0 1 1 1 1 1 1 1 1 1 1 1 1 1 1 1 1 0 1 1 1 1 1 2 1 1 1 1 1 1 1 1 1 0 1 1 1 2 1 1 1 1 1 1 1 1 1 1 1 1 1 1 2 1 1 1 1 1 0 1 1 1 2 1 1 2 1 2 1 1 1 0 1 1 1 1 1 1 1 1 1 1 1 1 1 1 1 1 1 2 1 1 2 1 1 1 1 
7 4 8 6 6 11 8 4 4 8 9 6 5 12 2 8 10 9 6 5 10 8 8 10 12 8 8 6 11 7 7 6 4 12 11 10 7 10 6 7 7 9 7 8 7 7 10 5 6 6 6 9 7 8 4 8 9 8 5 6 7 6 6 12 6 7 9 7 10 6 11 10 8 8 6 8 7 10 6 8 12 5 3 8 3 6 9 8 7 10 8 7 9 10 5 5 11 8 9 9 9 7 5 4 10 6 4 7 4 8 8 7 12 9 8 6 9 6 8 5 8 7 4 9 5 8 8 4 8 8 6 7 6 9 5 8 6 7 2 6 5 8 8 7 8 2 6 6 6 4 6 10 8 5 9 3 8 3 4 11 7 7 9 6 8 6 10 4 7 8 9 5 6 8 5 6 9 8 4 7 9 9 5 7 4 2 9 8 10 8 9 8 8 9 9 8 5 7 6 8 
5 7 7 7 9 11 1 13 7 15 11 12 5 19 5 5 8 12 7 5 11 14 9 18 12 9 11 17 9 14 15 16 14 12 15 5 12 11 6 9 13 12 14 13 14 11 13 9 3 5 4 8 5 6 12 11 11 7 14 12 6 10 10 12 9 9 12 8 14 10 8 4 5 10 12 11 6 11 12 15 8 13 5 7 15 11 3 9 12 8 12 7 3 8 11 11 10 13 13 11 9 6 12 6 10 17 10 6 10 13 4 10 11 12 9 10 6 8 15 6 15 5 11 13 11 17 8 8 7 10 13 7 8 13 13 11 10 12 13 11 7 13 7 10 13 10 14 4 7 6 12 17 13 12 9 11 6 11 16 14 10 9 4 9 9 11 6 12 22 13 7 11 12 5 12 7 7 7 8 11 8 12 8 9 17 12 19 13 6 12 9 13 14 10 9 10 7 5 12 12 
3 3 2 3 3 3 4 3 3 2 2 2 3 3 4 1 3 4 2 3 4 2 2 3 1 4 3 3 2 2 4 3 3 2 4 3 3 4 2 5 4 1 1 3 3 2 5 4 4 1 2 2 5 3 4 4 4 2 2 4 3 4 3 4 2 3 4 4 3 3 2 6 2 3 2 6 5 3 3 2 4 2 4 3 2 3 4 4 4 3 1 4 2 2 3 4 1 3 5 2 4 3 3 3 4 3 1 3 3 2 3 3 3 4 5 6 3 3 4 2 4 2 4 4 3 4 3 4 4 2 3 2 2 3 2 5 2 4 2 4 4 1 3 3 3 3 4 3 3 3 2 4 4 3 4 4 3 4 2 2 3 4 2 4 1 4 4 3 3 3 3 2 3 2 3 4 4 3 3 2 2 3 4 3 4 4 3 4 2 3 4 3 2 5 3 3 2 3 3 4 
3 5 7 6 4 6 4 10 4 7 5 4 6 7 5 6 6 5 4 7 7 9 3 1 6 3 4 5 6 5 4 3 6 7 7 7 2 5 5 7 6 3 5 5 2 2 4 5 4 3 3 6 5 6 3 3 6 5 5 4 5 5 6 6 5 4 6 6 7 4 5 6 1 5 6 5 6 6 5 4 7 5 5 5 4 2 9 6 6 5 6 4 7 8 6 9 5 6 6 5 5 6 8 7 7 4 6 7 5 8 5 4 6 5 5 8 7 1 6 2 6 5 6 8 6 5 5 4 4 1 6 7 6 5 6 3 3 7 5 7 6 7 5 8 5 5 6 5 2 5 7 5 4 8 3 3 7 6 5 6 6 5 6 2 7 5 4 7 5 5 5 1 3 5 3 5 4 5 7 5 4 4 3 4 3 4 3 6 5 4 4 6 6 2 4 7 3 5 5 4 
7 13 15 4 12 14 8 5 12 9 10 7 9 12 15 8 14 11 12 9 13 10 9 8 10 14 9 13 9 12 7 10 8 13 6 14 14 6 7 12 6 7 13 16 13 9 9 7 12 17 12 13 8 8 6 10 8 12 8 6 12 9 14 6 12 13 10 13 12 4 11 13 9 13 10 9 13 14 14 12 17 9 15 5 13 10 15 13 10 14 7 10 14 16 8 11 11 9 13 7 16 8 11 7 7 13 6 8 11 19 6 12 12 7 9 12 8 7 7 8 11 7 15 7 11 10 4 13 8 11 15 12 13 13 13 11 14 9 16 9 10 10 12 15 7 4 9 5 14 12 11 8 6 5 16 8 14 8 6 11 12 15 14 7 8 8 12 13 5 7 13 14 12 10 8 15 11 12 10 9 9 5 10 13 12 11 13 17 15 5 12 13 10 7 6 5 15 9 14 9 
5 7 4 8 9 14 9 6 15 10 7 10 13 7 10 4 8 14 6 10 10 8 9 12 8 12 5 10 7 12 12 11 6 8 11 14 1 7 9 10 9 10 9 11 12 7 11 13 9 7 9 13 12 7 9 10 4 7 11 8 10 10 5 7 8 10 10 10 8 2 6 6 8 8 10 9 9 10 13 14 14 13 15 8 13 10 10 5 11 8 7 9 5 10 8 6 11 6 9 10 5 5 11 12 11 9 11 9 14 11 6 10 9 7 7 9 4 5 6 13 12 10 11 12 14 16 11 8 5 6 13 9 14 12 12 1 7 11 14 11 5 8 7 16 12 8 14 8 9 11 7 10 7 7 7 14 7 10 10 11 6 9 6 10 7 8 7 12 11 9 9 8 13 10 14 10 12 7 5 7 7 5 7 4 11 9 11 5 7 4 10 4 3 7 14 8 4 11 9 17 
7 8 5 5 9 6 4 7 8 5 14 6 6 8 7 9 5 10 6 8 3 9 4 4 9 9 9 8 6 8 3 4 11 5 3 4 9 12 12 7 8 10 9 6 5 8 8 9 8 13 6 7 9 9 6 10 10 5 6 14 10 9 8 11 12 7 8 8 12 10 11 9 11 12 3 12 14 6 8 4 4 9 3 8 3 10 10 6 7 5 6 11 8 9 8 8 12 12 8 7 8 14 1 10 8 6 7 9 11 13 7 5 8 12 8 11 11 7 5 5 10 4 4 7 7 5 3 8 11 5 5 11 5 9 9 5 5 9 8 7 8 8 7 7 3 7 12 9 8 6 7 11 13 8 8 7 6 6 9 8 7 10 6 10 6 13 7 11 7 7 4 8 10 4 7 9 11 5 7 6 9 3 11 5 7 7 3 9 5 6 10 8 11 5 9 10 11 7 13 6 
10 9 6 10 12 7 4 6 12 2 6 11 11 8 13 11 12 11 8 12 11 9 8 8 5 12 4 8 9 8 8 7 7 6 10 8 12 8 14 6 11 17 11 7 12 11 12 7 10 9 8 11 4 9 10 4 10 9 9 9 5 7 10 3 6 5 8 9 14 8 13 8 11 10 9 7 5 10 10 14 11 13 11 6 8 9 11 10 9 12 11 7 9 10 4 10 7 2 10 6 7 8 9 14 11 13 10 4 11 8 10 12 13 11 8 7 8 12 10 9 10 8 10 6 11 4 12 10 9 8 10 13 10 6 7 8 13 7 6 10 16 10 5 7 13 13 5 10 9 8 11 8 5 12 10 9 7 11 10 6 15 6 11 11 6 8 4 12 5 9 8 11 11 9 7 11 8 11 8 12 7 9 4 12 10 7 6 8 14 8 3 10 5 9 11 8 8 11 14 6 
4 3 4 2 3 3 3 3 3 2 1 2 4 2 2 3 3 5 3 3 3 3 3 5 3 3 0 3 2 3 4 5 3 4 2 2 2 2 3 2 3 2 3 3 3 2 2 4 4 3 4 5 5 2 3 3 3 2 3 2 3 3 3 3 2 3 1 3 3 1 2 3 3 2 3 5 2 2 3 4 5 2 4 2 2 4 3 4 1 4 3 2 3 3 4 3 3 5 3 3 1 3 4 4 5 3 3 3 3 2 3 4 5 4 2 2 5 3 4 2 2 4 4 3 3 3 3 3 4 4 3 1 3 2 3 1 4 4 1 1 1 3 3 3 2 3 4 5 5 2 3 5 1 3 3 3 4 3 4 3 4 3 3 2 3 3 4 3 3 2 2 5 3 4 3 2 4 5 4 2 3 3 3 5 2 3 3 1 3 4 3 3 2 2 3 3 2 2 4 2 
6 3 2 4 3 4 2 5 4 2 6 3 7 5 4 5 2 5 2 3 3 4 2 4 3 5 3 3 3 5 3 5 5 5 4 1 3 4 2 3 6 4 5 4 5 4 5 6 3 2 2 6 1 5 3 5 4 4 4 1 1 5 5 4 4 5 0 4 4 4 5 4 4 4 5 4 4 3 6 5 3 3 2 4 5 2 4 3 2 2 5 2 3 3 5 3 4 2 4 4 4 3 4 1 6 4 1 6 3 2 4 5 3 4 5 4 4 4 6 4 3 3 5 3 4 5 4 5 5 5 5 4 5 3 2 6 4 6 3 6 6 6 6 1 2 4 4 5 4 6 1 4 3 3 7 5 4 5 5 1 3 5 6 3 7 5 4 7 2 3 3 5 4 2 6 4 5 3 5 4 4 5 6 3 5 5 1 5 5 5 5 4 4 7 3 1 5 5 3 5 
8 10 9 8 8 9 9 11 7 11 8 4 8 11 8 11 5 10 16 6 11 6 9 3 11 7 11 20 12 15 11 6 8 14 6 5 5 10 7 16 15 7 7 9 9 14 8 5 7 8 5 8 3 6 10 13 5 5 7 7 7 9 7 13 13 11 11 13 11 10 7 12 16 12 6 12 12 10 8 11 10 7 10 13 13 7 13 12 9 7 2 11 5 7 8 12 6 6 9 10 14 10 9 9 10 7 11 13 11 11 11 9 10 11 13 5 15 10 3 14 12 7 9 6 10 12 6 9 10 9 13 13 5 3 12 4 11 6 13 11 12 7 14 14 4 5 5 12 7 6 14 9 5 9 7 10 6 13 7 7 7 9 9 7 13 7 9 10 10 6 8 4 10 8 6 7 7 10 11 7 7 11 10 2 13 6 11 16 7 12 15 10 11 13 9 13 6 9 7 13 
9 5 2 6 5 8 3 6 7 6 8 10 3 6 5 11 2 7 5 7 6 3 4 6 6 3 9 4 4 6 6 8 7 4 8 3 5 7 5 6 6 5 9 5 4 8 3 7 4 6 4 3 5 8 7 9 3 6 6 4 3 6 6 3 5 6 5 8 5 6 4 6 2 6 9 6 5 4 9 1 9 6 6 10 6 5 7 2 6 10 8 6 5 7 7 9 6 6 0 8 5 6 6 8 4 7 6 8 5 9 8 8 4 6 9 6 6 6 6 6 6 4 6 6 7 5 10 2 3 6 6 4 9 3 9 5 7 5 9 3 4 4 6 4 5 4 7 8 4 4 7 4 4 5 8 6 5 6 5 3 6 7 7 6 6 7 6 7 6 4 6 5 6 5 9 9 6 7 8 6 2 4 6 4 6 0 5 7 7 12 6 3 5 1 5 4 3 9 6 11 
12 7 11 13 7 10 13 16 13 12 7 12 5 12 6 9 15 4 9 17 9 9 7 13 8 13 12 14 7 8 11 11 5 14 12 7 9 16 7 8 5 2 8 10 9 13 16 6 11 8 7 8 6 8 10 1 5 14 10 13 12 12 13 10 13 11 9 10 5 11 7 10 12 5 12 8 10 11 1 10 11 10 11 12 18 17 9 15 13 7 12 6 10 11 14 11 11 4 8 6 7 4 5 12 6 6 12 3 12 13 8 11 11 10 6 10 8 16 10 9 10 12 13 8 3 12 11 11 14 10 8 14 9 2 6 12 12 10 9 5 7 10 16 8 10 11 11 7 14 9 7 8 11 12 5 6 8 13 6 8 10 7 9 15 11 10 9 14 13 13 12 14 4 10 12 11 11 13 10 7 14 9 12 6 9 14 17 9 7 11 10 15 10 6 13 10 11 7 10 12 
4 3 6 5 4 4 2 3 4 2 3 2 2 2 4 4 5 3 3 5 2 2 2 3 2 4 2 3 3 4 3 3 2 2 4 3 2 3 3 1 3 5 5 2 2 2 4 5 3 3 2 2 4 3 5 4 3 3 3 1 3 4 4 4 4 3 3 3 3 2 2 4 3 3 4 4 4 2 3 2 4 2 3 3 3 2 4 3 2 4 3 3 4 2 1 3 2 2 2 2 3 2 4 2 5 2 4 1 4 1 3 1 4 2 4 5 4 3 3 5 4 4 3 4 5 5 4 3 4 2 4 3 3 2 4 3 2 1 3 3 3 3 3 5 3 4 1 5 4 3 4 4 3 3 3 4 5 5 2 4 4 4 3 4 5 2 3 1 3 4 3 2 2 1 3 3 3 2 3 2 2 5 2 1 3 3 5 2 3 3 3 5 2 2 3 3 3 2 3 4 
4 3 4 5 4 4 3 7 4 3 3 5 6 2 4 6 7 3 2 5 2 1 4 5 5 3 1 3 4 4 5 4 2 3 7 3 3 5 4 3 5 4 6 3 2 5 5 4 4 3 3 4 4 3 4 6 7 5 6 5 6 4 7 6 5 2 4 4 4 3 3 4 1 5 3 4 4 5 3 5 3 2 4 5 5 5 3 3 4 5 3 4 3 2 3 5 3 4 1 4 5 4 7 4 6 5 4 6 5 6 5 5 2 5 6 3 5 4 4 4 4 3 3 3 3 5 2 5 2 4 4 5 3 1 5 2 2 4 4 1 4 3 4 2 4 4 2 4 5 7 5 3 3 5 1 5 5 5 4 6 5 1 5 3 3 6 5 3 4 3 3 5 6 4 5 3 4 5 4 3 6 3 1 5 2 4 2 3 3 4 3 4 1 3 2 4 5 5 2 4 
4 3 4 7 6 4 4 5 4 6 6 3 3 6 3 3 3 5 6 5 4 4 5 5 4 5 5 2 1 5 5 5 6 5 4 4 2 5 4 7 4 3 5 3 2 4 3 2 6 3 6 6 4 2 5 6 3 3 4 4 5 4 5 5 3 5 3 6 2 2 1 5 3 3 4 3 6 4 4 4 1 5 3 4 4 2 3 3 6 4 5 2 5 6 6 6 4 5 6 4 3 5 5 3 4 5 5 4 7 4 3 5 3 5 4 4 4 5 3 5 3 4 4 3 5 5 4 5 5 4 6 2 3 4 5 3 2 6 5 2 3 4 5 4 4 4 4 8 4 3 5 3 5 5 6 5 4 3 3 6 6 5 3 4 5 3 6 6 6 7 2 4 5 4 2 4 4 4 3 5 7 2 4 6 1 3 7 3 4 3 3 5 4 3 6 7 3 2 5 3 
12 5 11 16 7 8 8 6 12 9 13 12 12 9 10 6 10 10 7 5 0 10 13 10 15 10 10 14 7 3 14 15 6 6 16 14 6 11 8 11 12 9 14 11 10 7 5 15 4 5 14 15 13 11 12 9 10 3 16 9 12 9 9 11 6 5 7 13 15 8 10 7 9 8 8 11 5 5 12 12 11 6 1 16 12 9 13 12 6 10 9 0 10 7 16 8 15 11 10 6 8 7 11 4 5 10 11 15 9 14 8 5 6 4 9 10 7 7 13 10 12 16 8 7 12 5 5 11 4 15 9 12 11 12 8 10 13 10 13 14 8 3 10 12 11 13 7 13 16 15 13 8 11 11 11 12 11 6 10 3 10 3 13 4 7 9 15 13 10 14 7 9 8 14 6 7 7 5 2 10 12 10 9 10 11 14 13 8 1 16 2 5 19 6 9 14 11 17 9 10 
8 8 10 6 8 9 5 5 7 4 4 4 5 4 8 5 3 8 9 5 7 6 2 5 5 9 7 9 5 5 5 7 7 7 6 8 6 5 8 6 7 5 7 7 8 6 10 6 6 7 10 6 6 8 6 8 4 5 7 5 8 8 3 7 4 6 5 8 7 7 6 4 4 8 3 5 5 1 3 6 5 9 5 6 6 6 4 6 6 6 9 6 3 5 8 9 7 5 7 3 8 7 6 8 5 8 10 5 5 5 13 6 6 11 4 6 7 7 6 7 3 4 5 4 4 10 4 6 4 10 3 6 8 5 8 10 3 4 6 5 5 6 5 7 6 8 6 6 4 3 5 8 5 4 5 11 8 7 6 9 6 6 5 10 9 9 6 6 9 5 5 9 8 7 5 7 7 8 2 7 8 6 5 11 10 4 8 7 8 7 9 4 6 7 7 6 5 7 6 4 
7 9 12 8 8 6 6 9 10 11 6 13 9 9 6 8 11 10 12 3 13 9 11 12 14 6 11 10 7 16 3 7 10 2 9 9 11 10 8 5 9 5 12 11 9 11 8 7 7 8 11 9 16 11 10 13 12 3 8 5 8 10 9 12 8 6 7 10 16 11 12 11 6 9 9 5 10 5 3 8 12 4 9 10 6 10 5 11 10 14 6 6 7 5 5 14 11 12 8 4 10 11 10 10 5 7 6 15 11 6 9 9 6 10 4 12 8 14 11 2 4 13 14 4 7 11 10 5 8 4 9 10 5 5 8 7 8 11 6 13 10 15 12 10 11 12 11 11 12 6 7 5 9 12 14 11 11 7 5 8 10 9 10 18 3 11 12 6 10 10 14 14 7 10 10 14 9 6 15 12 12 9 15 7 11 3 8 9 4 11 8 12 8 7 8 13 10 4 9 12 
4 6 6 3 5 7 6 6 3 5 4 3 5 4 6 3 4 4 10 4 2 6 4 7 3 6 3 4 5 5 3 6 4 6 8 4 5 5 6 7 5 4 5 8 3 4 2 4 4 7 6 3 9 5 1 5 4 7 5 5 2 4 6 5 4 6 7 4 8 5 4 4 7 3 7 5 4 6 3 7 2 5 0 4 5 4 3 6 4 5 5 7 6 6 2 7 4 6 6 4 6 5 4 4 4 2 5 4 7 6 6 7 7 3 4 4 5 6 6 4 4 4 5 8 6 4 4 3 6 5 4 1 5 7 4 6 6 5 7 7 5 7 6 6 4 7 5 2 5 5 5 4 6 4 5 2 3 3 7 5 5 2 3 5 4 9 3 4 5 5 4 3 6 7 6 5 6 5 3 6 3 5 2 5 4 2 6 7 4 5 6 8 6 7 3 7 3 4 7 5 
1 1 1 1 1 1 1 2 1 0 0 0 2 1 1 1 1 1 2 1 1 1 1 1 0 1 1 1 2 1 0 1 1 1 1 1 1 1 1 1 1 0 1 1 1 1 1 1 2 2 1 1 1 1 1 1 1 1 2 1 2 1 0 1 0 1 1 1 1 1 1 2 1 1 0 1 1 0 1 1 1 1 1 1 1 1 1 1 1 1 1 0 1 1 1 2 1 1 1 2 1 1 1 1 1 1 1 1 1 1 1 1 1 1 1 1 1 0 1 1 1 1 1 1 1 1 1 1 1 1 1 1 1 0 1 1 1 2 1 1 1 1 1 1 0 1 1 2 1 1 1 1 1 1 1 1 1 1 1 2 1 1 1 1 1 1 2 2 1 1 1 1 1 2 1 1 1 1 2 1 1 1 1 2 1 1 1 1 1 1 1 1 0 0 1 2 1 1 1 1 
3 5 7 6 1 4 4 6 5 3 4 3 6 4 3 7 5 5 8 4 4 4 5 5 4 5 7 4 3 7 2 6 3 5 7 4 4 4 7 5 4 4 6 4 4 4 4 5 6 3 5 5 2 7 5 6 7 4 5 7 5 8 6 4 7 6 4 3 8 5 7 6 8 8 5 6 4 2 6 5 7 5 4 6 4 6 5 2 4 5 8 6 6 6 5 6 5 4 4 3 7 4 7 9 7 5 4 7 6 5 3 8 3 6 6 3 8 7 5 4 5 7 7 7 6 8 6 5 6 3 4 3 6 6 9 5 4 6 5 6 8 7 4 7 5 6 6 5 7 4 6 4 8 4 2 10 4 4 6 3 6 4 4 5 5 4 4 6 6 7 6 6 8 4 5 6 3 4 7 6 5 5 6 5 4 6 8 4 5 5 4 1 5 6 2 4 4 6 4 4 
7 13 7 5 5 9 10 14 9 7 3 10 12 6 11 6 10 10 6 6 8 12 6 11 10 7 8 7 7 10 10 3 8 10 4 7 7 6 7 5 7 10 11 10 7 9 6 5 7 4 8 7 3 10 9 11 12 7 11 8 7 11 7 13 5 7 4 10 6 8 11 9 10 6 3 11 10 8 16 5 7 6 9 8 11 0 10 7 9 9 6 5 7 10 7 8 5 7 8 4 4 9 8 6 7 4 10 7 12 8 8 8 7 9 8 9 8 13 10 6 6 7 7 8 7 14 5 3 7 8 7 6 8 10 16 6 9 4 9 6 10 8 6 11 6 8 14 9 7 9 12 9 7 6 6 1 8 8 11 5 15 8 6 7 8 11 8 5 8 9 7 13 4 5 6 9 9 12 6 10 11 9 11 6 7 8 12 7 8 9 0 8 10 6 9 8 7 5 9 7 
4 6 1 4 2 5 5 4 4 3 4 7 3 6 3 5 3 5 6 6 4 5 2 5 5 7 3 3 3 4 4 4 2 3 5 4 4 4 3 6 7 2 4 6 3 4 1 4 8 4 6 6 3 4 6 4 2 3 4 2 3 6 3 4 3 4 4 5 5 3 5 4 3 4 5 5 3 5 2 4 5 3 4 4 3 4 4 3 3 7 6 4 6 4 3 4 3 5 4 6 5 3 4 3 4 1 4 3 5 4 3 6 5 4 5 4 5 6 3 5 4 6 4 4 3 6 3 5 6 3 4 4 3 1 7 5 4 4 5 4 4 5 5 4 4 4 5 3 5 5 5 4 5 3 5 5 3 5 3 5 5 4 4 2 4 4 0 4 5 2 4 3 5 5 3 4 4 5 5 6 1 2 4 3 5 5 5 3 7 2 5 5 2 7 5 4 4 2 4 3 
3 5 4 4 3 5 4 4 1 4 4 5 5 4 2 3 2 6 3 5 5 5 1 3 5 4 5 5 5 5 3 3 4 6 3 4 5 7 6 6 3 4 5 3 2 6 7 5 2 4 4 6 3 5 3 4 3 4 6 4 3 5 5 3 3 5 5 5 5 3 5 4 4 3 4 4 4 2 5 5 2 3 7 4 3 3 4 5 4 4 4 4 3 4 5 5 4 3 4 6 2 2 4 4 3 4 4 3 3 4 5 5 4 3 6 6 2 4 4 4 7 5 3 4 6 4 5 4 6 3 3 4 3 3 2 4 4 6 5 4 7 3 4 4 5 3 3 3 4 4 4 4 4 5 4 4 3 3 4 4 5 5 3 2 4 5 5 4 4 3 7 4 6 6 6 6 4 3 5 6 5 2 3 5 4 0 6 5 5 5 2 5 6 5 5 3 5 4 5 7 
10 11 7 5 8 7 8 7 9 9 10 5 9 4 10 15 4 11 5 5 11 10 5 10 14 12 9 12 5 7 12 6 12 5 8 11 5 10 9 2 10 6 8 13 8 12 2 7 7 7 6 9 9 8 6 5 2 9 9 9 4 5 4 8 10 11 9 8 9 6 9 8 12 9 5 7 11 8 8 8 12 11 3 7 6 9 10 5 3 8 8 3 8 9 9 11 6 3 11 9 6 12 3 7 10 8 5 4 8 2 8 8 8 9 8 12 6 12 8 6 5 5 11 3 7 7 7 9 10 9 8 9 7 7 6 6 8 3 5 9 10 5 5 10 11 10 10 3 8 11 11 9 6 3 5 7 5 8 4 9 6 9 9 7 7 7 9 7 8 9 12 11 4 11 9 8 7 6 8 2 6 12 10 5 9 6 8 10 6 9 8 7 9 3 7 6 11 7 7 6 
9 8 6 9 9 12 10 11 6 8 14 10 12 6 15 13 11 8 9 9 10 9 12 8 11 7 7 9 13 10 7 6 7 4 10 8 13 12 13 8 7 7 9 10 12 9 12 7 12 6 7 9 8 5 9 6 13 7 13 7 12 7 15 6 4 7 11 15 10 10 13 6 12 9 11 10 10 6 12 8 12 10 10 6 4 6 15 12 9 8 10 8 10 9 13 8 9 7 5 12 9 4 4 10 8 4 12 10 5 6 11 15 15 9 10 12 7 9 12 6 11 12 8 9 13 7 11 8 10 9 11 11 11 9 8 6 2 5 14 7 10 10 11 10 14 8 13 7 14 9 4 8 12 11 6 11 11 11 7 4 10 8 12 11 13 10 4 12 13 9 9 7 12 11 5 7 12 8 7 11 7 8 9 7 7 3 14 7 10 6 4 7 10 9 13 7 6 10 3 5 
