NAME  : Jabali_50_4_0.85_1_7
TYPE : SVRP
MODEL : FINITE_SUPPORT
NUMBER_OF_SCENARIOS : 200
DIMENSION : 50
EDGE_WEIGHT_TYPE : MATRIX
CAPACITY : 78
N_VEHICLES : 4
NODE_COORD_SECTION
1 3689 4784
2 4173 4081
3 6800 2776
4 6869 461
5 5428 1904
6 4760 2196
7 491 4801
8 27 1519
9 3374 4582
10 4882 4243
11 4639 6651
12 6413 4557
13 7014 2226
14 5528 5136
15 1049 1399
16 1785 2785
17 6138 1875
18 6028 3469
19 1289 1605
20 2028 5706
21 6348 6678
22 3285 1650
23 3598 7608
24 7425 6010
25 3350 4180
26 6928 18
27 6454 2622
28 4904 1614
29 7077 4238
30 3031 2096
31 5586 3138
32 1632 2239
33 2882 813
34 1989 2351
35 1320 4659
36 4669 4541
37 2032 7157
38 7434 5333
39 1796 7504
40 1345 6695
41 3057 6050
42 982 2502
43 5570 2799
44 6741 2062
45 7126 4917
46 5738 3814
47 7074 6436
48 1545 5779
49 3386 859
50 6156 6348
DEMAND_SECTION
1 0.0
2 6.0
3 2.0
4 3.0
5 6.0
6 10.0
7 7.0
8 10.0
9 2.0
10 6.0
11 9.0
12 7.0
13 9.0
14 6.0
15 5.0
16 2.0
17 7.0
18 10.0
19 7.0
20 2.0
21 7.0
22 9.0
23 6.0
24 1.0
25 3.0
26 8.0
27 9.0
28 1.0
29 3.0
30 1.0
31 7.0
32 8.0
33 1.0
34 6.0
35 4.0
36 8.0
37 10.0
38 2.0
39 4.0
40 1.0
41 9.0
42 4.0
43 1.0
44 3.0
45 6.0
46 2.0
47 2.0
48 10.0
49 8.0
50 6.0
DEVIATION_SECTION
1 0.0
2 2.0
3 0.666667
4 1.0
5 2.0
6 3.33333
7 2.33333
8 3.33333
9 0.666667
10 2.0
11 3.0
12 2.33333
13 3.0
14 2.0
15 1.66667
16 0.666667
17 2.33333
18 3.33333
19 2.33333
20 0.666667
21 2.33333
22 3.0
23 2.0
24 0.333333
25 1.0
26 2.66667
27 3.0
28 0.333333
29 1.0
30 0.333333
31 2.33333
32 2.66667
33 0.333333
34 2.0
35 1.33333
36 2.66667
37 3.33333
38 0.666667
39 1.33333
40 0.333333
41 3.0
42 1.33333
43 0.333333
44 1.0
45 2.0
46 0.666667
47 0.666667
48 3.33333
49 2.66667
50 2.0
DISTANCE_MATRIX
0.0 12.2066 49.6488 72.9499 46.5578 45.3303 44.1022 66.5282 4.47214 17.088 33.1555 37.0135 55.7588 25.0 57.1402 37.6431 51.0729 35.8469 53.535 26.5877 43.9318 41.1603 38.1782 52.8015 8.06226 78.2306 47.1699 50.3383 46.0435 36.0217 33.874 43.8292 53.0 39.9625 33.2415 13.3417 39.7727 50.6952 44.7567 41.3513 18.6373 48.0833 36.6849 54.4878 46.5296 30.6757 50.774 32.6005 51.4708 39.8246 
12.2066 0.0 39.4785 62.6432 36.2511 35.0939 51.4782 66.6541 13.6015 9.84886 39.3546 31.9531 45.4522 24.0416 56.5727 37.6606 40.7662 26.3059 52.9699 38.7738 46.8722 40.3258 50.2007 52.0096 11.4018 67.9239 36.8637 49.5038 39.8121 35.1873 23.5673 43.4065 52.1655 39.3685 40.4475 9.21954 51.9589 47.8853 56.9428 53.5374 30.8234 48.5661 26.3782 44.1811 42.5441 22.0 51.6236 44.4716 50.6363 42.4382 
49.6488 39.4785 0.0 31.1448 21.6333 27.8927 90.2441 92.72 52.3929 32.7567 58.0851 25.0 7.61577 36.0555 79.0569 68.2889 14.4222 14.2127 76.243 75.8297 53.1507 49.0408 77.8711 45.1774 50.8502 36.3456 4.47214 29.1548 21.095 51.4198 16.4924 70.214 58.2604 65.9242 79.34 36.8917 87.8009 36.3456 92.6341 90.5539 66.8506 78.7729 16.0 9.0 30.0666 19.8494 50.01 81.8426 52.2764 49.7293 
72.9499 62.6432 31.1448 0.0 28.3196 38.483 104.964 92.1358 80.2831 57.1402 86.8881 55.9017 24.0 65.192 78.2304 75.2728 21.9545 42.3792 76.531 100.966 84.1724 50.9608 106.674 76.0066 75.3322 5.38516 29.8329 33.7169 52.0096 56.3028 39.8246 74.2159 52.0384 70.8802 95.0282 61.2944 112.427 67.0298 117.411 114.006 90.8386 83.4326 36.3593 22.2036 61.0082 47.5395 81.0987 103.199 46.1736 80.604 
46.5578 36.2511 21.6333 28.3196 0.0 10.2956 77.1624 72.3671 51.4719 30.7938 62.6776 37.6431 21.587 42.0476 58.4749 50.3587 10.0 22.1359 55.9017 73.7176 64.3817 28.4429 82.9051 61.0983 46.521 33.2431 17.2047 7.61577 38.5876 32.0 16.1245 51.0098 42.9932 47.0106 67.1747 34.9023 86.0354 53.2259 91.0193 88.5027 64.8999 60.0083 12.1655 18.2483 46.5188 25.1794 64.2884 75.951 36.673 60.208 
45.3303 35.0939 27.8927 38.483 10.2956 0.0 67.113 64.846 42.3802 29.6365 61.9884 38.0289 30.0 41.0623 51.264 41.0122 19.6469 23.0623 48.3839 63.0632 63.7938 21.4709 81.3715 61.7279 37.4293 43.3976 23.5372 8.24621 40.6199 23.5372 16.1245 42.4264 31.2421 38.2099 57.1253 33.745 84.4272 54.3872 89.4111 77.8482 63.2918 51.1566 13.0384 27.074 47.7233 24.8253 64.365 65.2965 26.2957 59.5404 
44.1022 51.4782 90.2441 104.964 77.1624 67.113 0.0 46.0109 40.0125 60.075 59.0339 81.0987 94.921 68.7848 46.8402 32.8024 86.7844 77.7817 44.5982 23.8537 83.4843 55.9732 55.8659 95.3362 40.1995 109.035 86.8332 72.0694 90.0056 49.679 73.7592 38.0789 62.6259 38.6005 11.0454 57.0 37.5899 94.46 39.9249 27.8568 37.5899 32.573 74.7262 92.6553 90.5539 73.3348 92.2909 19.799 65.0692 80.3751 
66.5282 66.6541 92.72 92.1358 72.3671 64.846 46.0109 0.0 62.3699 80.6338 94.8031 96.1292 93.9415 89.1584 14.0357 29.0 82.2366 85.6512 16.4924 62.6259 110.309 43.9318 95.0927 117.457 58.6941 94.5304 88.3233 65.0096 102.421 41.4367 79.3989 23.8537 40.1123 28.3019 46.5725 74.6131 81.2527 112.977 84.5281 72.8354 73.8864 18.6011 77.7324 90.6105 106.941 83.6481 116.335 61.8466 46.0109 106.075 
4.47214 13.6015 52.3929 80.2831 51.4719 42.3802 40.0125 62.3699 0.0 20.3961 35.9284 41.1096 58.3665 29.4109 53.3385 33.6006 53.6806 38.8973 49.7393 29.3516 48.3212 38.2101 40.9511 57.2713 5.0 85.1977 49.7781 47.3881 50.0 33.0716 36.4816 39.9625 50.0499 36.2353 29.0689 17.0294 42.5366 55.0818 47.5206 44.1152 21.4012 43.8634 39.2925 57.0955 50.8035 33.9559 55.2268 35.3645 48.5206 44.2041 
17.088 9.84886 32.7567 57.1402 30.7938 29.6365 60.075 80.6338 20.3961 0.0 33.1366 22.1359 39.2046 15.2643 68.3199 47.3354 35.2278 18.7883 64.9577 43.1399 38.9102 44.4512 52.4365 42.5206 20.025 62.434 30.6105 34.5743 30.2655 41.1257 17.6918 56.8281 56.7855 52.3591 49.0408 4.24264 55.3173 38.0789 60.208 57.8014 34.2053 58.2409 20.8087 38.2099 32.6956 13.6015 42.638 49.1527 55.8609 34.4384 
33.1555 39.3546 58.0851 86.8881 62.6776 61.9884 59.0339 94.8031 35.9284 33.1366 0.0 35.609 65.5766 22.0416 89.2379 69.5289 65.1829 44.6913 85.6367 35.4683 24.7386 76.8031 19.799 39.0128 40.4152 92.2725 57.6924 66.9262 44.6542 70.5316 47.4817 75.8728 89.1374 72.1109 50.0217 30.7231 35.6931 41.2311 39.5601 43.0 21.5407 77.1297 51.3354 65.7538 40.3113 39.3546 34.2345 40.8044 88.2128 22.0907 
37.0135 31.9531 25.0 55.9017 37.6431 38.0289 81.0987 96.1292 41.1096 22.1359 35.609 0.0 32.573 14.3178 83.8153 68.4421 36.0139 15.5242 80.4487 61.6604 28.2843 59.9461 55.3173 23.7065 41.7732 61.1882 26.1725 42.9535 9.48683 56.6206 21.9317 72.3235 69.1996 67.8545 70.1783 24.3311 70.2217 16.9706 74.296 74.3303 50.0 79.5883 25.632 33.7343 10.8167 13.6015 26.6833 67.7422 64.2533 24.7386 
55.7588 45.4522 7.61577 24.0 21.587 30.0 94.921 93.9415 58.3665 39.2046 65.5766 32.573 0.0 43.566 80.055 71.007 12.083 21.2603 77.4661 82.0404 60.6383 50.01 85.3627 52.0096 60.1263 29.0689 8.60233 29.1204 28.0179 53.2353 21.9545 72.2496 56.5717 68.1175 84.119 43.4166 94.4934 43.0465 99.3579 96.804 73.4098 81.0987 20.2485 3.60555 37.0135 26.9072 57.1402 89.736 50.2515 57.28 
25.0 24.0416 36.0555 65.192 42.0476 41.0623 68.7848 89.1584 29.4109 15.2643 22.0416 14.3178 43.566 0.0 79.0771 60.165 43.6807 22.8473 75.4743 48.0937 23.7697 57.3899 41.8277 28.3019 31.305 70.5762 35.7771 46.0 23.7697 54.0644 26.3059 65.9109 69.7241 61.8728 58.0517 14.8661 56.0483 25.7099 60.6952 60.1688 35.9026 71.0704 30.2655 43.8292 22.0 17.72 27.5862 54.1479 68.7996 19.3132 
57.1402 56.5727 79.0569 78.2304 58.4749 51.264 46.8402 14.0357 53.3385 68.3199 89.2379 83.8153 80.055 79.0771 0.0 20.2485 68.3444 73.1273 3.60555 58.421 100.309 30.0832 90.67 106.299 49.0918 80.7527 74.6324 51.1173 89.8976 28.178 67.2991 13.4164 26.3059 17.2047 44.0454 64.5318 78.1601 100.663 82.0244 71.0634 69.4637 14.3178 64.2368 76.7182 94.6256 71.1341 106.254 59.0085 32.0624 96.0308 
37.6431 37.6606 68.2889 75.2728 50.3587 41.0122 32.8024 29.0 33.6006 47.3354 69.5289 68.4421 71.007 60.165 20.2485 0.0 60.2993 58.9406 16.7631 39.0784 81.3204 24.5967 71.3274 88.4633 29.7321 78.924 64.1249 43.9318 75.0267 18.9737 52.9528 7.07107 29.8329 5.83095 26.5707 45.6197 59.0339 85.0014 63.1981 52.9528 50.1211 11.1803 52.347 68.0661 79.2537 56.3028 87.3417 40.4475 32.6497 77.0779 
51.0729 40.7662 14.4222 21.9545 10.0 19.6469 86.7844 82.2366 53.6806 35.2278 65.1829 36.0139 12.083 43.6807 68.3444 60.2993 0.0 21.2132 65.7761 79.6779 64.0703 38.3275 84.969 58.2495 52.3015 27.2947 10.7703 17.2627 34.4819 42.0 17.8885 61.0082 44.5474 57.0088 76.0983 39.4081 90.1556 49.7293 95.0838 92.129 68.9616 70.0071 14.4222 8.544 43.1741 25.9615 62.3939 81.9112 38.2272 60.208 
35.8469 26.3059 14.2127 42.3792 22.1359 23.0623 77.7817 85.6512 38.8973 18.7883 44.6913 15.5242 21.2603 22.8473 73.1273 58.9406 21.2132 0.0 69.784 61.9282 43.0 44.5296 64.4773 39.0 37.6563 47.7598 13.0384 27.7849 17.6918 45.9308 7.07107 62.0399 54.233 57.5863 66.7533 22.8254 73.6003 31.3847 78.4333 76.5376 52.6972 69.9214 10.2956 21.095 24.6982 5.65685 42.2019 67.941 49.2866 39.0512 
53.535 52.9699 76.243 76.531 55.9017 48.3839 44.5982 16.4924 49.7393 64.9577 85.6367 80.4487 77.4661 75.4743 3.60555 16.7631 65.7761 69.784 0.0 55.2322 96.7061 27.4591 87.4812 102.937 45.4863 79.2465 71.8401 48.549 86.5544 25.0799 64.365 9.84886 25.0 13.6015 41.1947 60.929 75.06 97.3007 79.0 68.1836 66.2749 12.083 61.3028 74.1485 91.2634 67.7909 102.651 56.0089 30.4138 92.428 
26.5877 38.7738 75.8297 100.966 73.7176 63.0632 23.8537 62.6259 29.3516 43.1399 35.4683 61.6604 82.0404 48.0937 58.421 39.0784 79.6779 61.9282 55.2322 0.0 60.0833 55.9475 33.0151 73.1334 30.9096 105.881 73.4433 68.0711 71.0211 49.6555 60.1665 46.0623 65.647 44.2838 16.6433 39.2177 20.0998 73.0616 24.5153 16.4012 13.9284 45.1221 62.9774 80.7803 70.0643 56.6626 69.1295 6.08276 66.2 57.0091 
43.9318 46.8722 53.1507 84.1724 64.3817 63.7938 83.4843 110.309 48.3212 38.9102 24.7386 28.2843 60.6383 23.7697 100.309 81.3204 64.0703 43.0 96.7061 60.0833 0.0 81.0673 38.833 16.5529 51.6236 89.4427 54.4518 68.7315 33.6155 77.7419 48.2597 87.1427 93.4016 83.1046 74.4584 37.7359 59.0085 22.6274 62.2013 67.2681 46.1736 91.9674 52.2398 61.9839 25.5539 39.2046 10.198 65.521 92.4771 4.47214 
41.1603 40.3258 49.0408 50.9608 28.4429 21.4709 55.9732 43.9318 38.2101 44.4512 76.8031 59.9461 50.01 57.3899 30.0832 24.5967 38.3275 44.5296 27.4591 55.9475 81.0673 0.0 78.6716 82.0244 33.2593 54.4243 44.5982 21.1007 62.0873 6.40312 37.5919 23.3452 12.3693 19.9249 47.5079 48.5596 75.9031 76.768 80.1343 70.7326 59.1217 32.5576 34.5296 46.6905 69.1907 46.2927 83.536 58.1808 10.4403 76.6403 
38.1782 50.2007 77.8711 106.674 82.9051 81.3715 55.8659 95.0927 40.9511 52.4365 19.799 55.3173 85.3627 41.8277 90.67 71.3274 84.969 64.4773 87.4812 33.0151 38.833 78.6716 0.0 55.0818 45.4379 112.059 77.4785 86.3795 64.2028 73.5331 67.2678 78.3113 90.5113 76.4104 49.6488 48.1952 22.1359 59.0931 24.1868 32.2025 22.8035 77.4192 71.1214 85.5399 59.1692 59.1407 49.0306 36.0694 88.9821 37.9473 
52.8015 52.0096 45.1774 76.0066 61.0983 61.7279 95.3362 117.457 57.2713 42.5206 39.0128 23.7065 52.0096 28.3019 106.299 88.4633 58.2495 39.0 102.937 73.1334 16.5529 82.0244 55.0818 0.0 59.5399 81.0062 47.676 66.6408 24.0832 79.1053 45.618 94.2092 92.8986 90.1712 85.6902 43.0116 74.4312 9.05539 77.9295 82.0061 59.4138 99.3688 49.2443 54.1479 15.1327 37.2156 7.07107 78.7829 87.9523 17.2627 
8.06226 11.4018 50.8502 75.3322 46.521 37.4293 40.1995 58.6941 5.0 20.025 40.4152 41.7732 60.1263 31.305 49.0918 29.7321 52.3015 37.6563 45.4863 30.9096 51.6236 33.2593 45.4379 59.5399 0.0 80.2469 48.2354 42.4373 50.2494 28.1207 34.939 35.805 45.099 31.9061 29.1548 17.4642 47.0235 56.648 52.0074 45.6946 25.8881 40.3609 39.8841 58.0235 51.923 33.1361 58.0086 33.1429 43.5698 47.4236 
78.2306 67.9239 36.3456 5.38516 33.2431 43.3976 109.035 94.5304 85.1977 62.434 92.2725 61.1882 29.0689 70.5762 80.7527 78.924 27.2947 47.7598 79.2465 105.881 89.4427 54.4243 112.059 81.0062 80.2469 0.0 35.171 38.6316 57.0789 60.0083 45.1774 77.4919 54.4518 74.3303 99.6556 66.5751 117.708 72.0 122.692 120.666 96.1193 86.6833 41.6773 27.4591 66.0681 52.9245 86.209 108.114 48.8365 85.9069 
47.1699 36.8637 4.47214 29.8329 17.2047 23.5372 86.8332 88.3233 49.7781 30.6105 57.6924 26.1725 8.60233 35.7771 74.6324 64.1249 10.7703 13.0384 71.8401 73.4433 54.4518 44.5982 77.4785 47.676 48.2354 35.171 0.0 24.6982 23.7697 47.0744 13.4164 65.9242 53.7989 61.6604 75.9605 34.8281 85.9127 39.0512 90.7855 88.207 64.8151 74.5453 12.1655 8.06226 32.5576 18.6011 52.0865 81.1674 48.2208 50.8035 
50.3383 49.5038 29.1548 33.7169 7.61577 8.24621 72.0694 65.0096 47.3881 34.5743 66.9262 42.9535 29.1204 46.0 51.1173 43.9318 17.2627 27.7849 48.549 68.0711 68.7315 21.1007 86.3795 66.6408 42.4373 38.6316 24.6982 0.0 45.0 25.1794 21.0238 44.0454 30.0678 40.1995 62.1289 38.6827 89.4351 59.1692 94.4191 82.8562 68.2997 53.1507 17.4929 25.7099 52.4786 29.7321 69.2892 70.3045 25.1215 64.4782 
46.0435 39.8121 21.095 52.0096 38.5876 40.6199 90.0056 102.421 50.0 30.2655 44.6542 9.48683 28.0179 23.7697 89.8976 75.0267 34.4819 17.6918 86.5544 71.0211 33.6155 62.0873 64.2028 24.0832 50.2494 57.0789 23.7697 45.0 0.0 62.7011 24.7588 78.721 71.7906 74.2496 79.0253 33.0151 79.2432 15.2971 83.4518 83.8153 59.4811 86.1626 27.6586 30.0666 9.0 18.7883 29.1548 77.1038 66.5716 30.8869 
36.0217 35.1873 51.4198 56.3028 32.0 23.5372 49.679 41.4367 33.0716 41.1257 70.5316 56.6206 53.2353 54.0644 28.178 18.9737 42.0 45.9308 25.0799 49.6555 77.7419 6.40312 73.5331 79.1053 28.1207 60.0083 47.0744 25.1794 62.7011 0.0 39.3832 19.0263 17.0294 15.0333 41.1096 45.2342 69.6111 73.4425 73.8423 64.4406 53.9832 28.0179 36.3209 50.0899 67.4294 43.9376 80.2105 51.8845 16.5529 73.3148 
33.874 23.5673 16.4924 39.8246 16.1245 16.1245 73.7592 79.3989 36.4816 17.6918 47.4817 21.9317 21.9545 26.3059 67.2991 52.9528 17.8885 7.07107 64.365 60.1665 48.2597 37.5919 67.2678 45.618 34.939 45.1774 13.4164 21.0238 24.7588 39.3832 0.0 55.7876 47.2952 51.3339 62.8547 21.9317 72.9178 38.2753 77.8332 74.9301 51.7397 63.7887 4.0 20.6155 31.6228 9.05539 48.3839 67.871 42.3489 44.1022 
43.8292 43.4065 70.214 74.2159 51.0098 42.4264 38.0789 23.8537 39.9625 56.8281 75.8728 72.3235 72.2496 65.9109 13.4164 7.07107 61.0082 62.0399 9.84886 46.0623 87.1427 23.3452 78.3113 94.2092 35.805 77.4919 65.9242 44.0454 78.721 19.0263 55.7876 0.0 25.6125 4.47214 32.9848 51.3656 66.0076 89.1711 70.1142 59.6825 57.105 9.21954 55.01 69.1158 83.135 59.9333 93.0876 47.2652 29.5296 82.8646 
53.0 52.1655 58.2604 52.0384 42.9932 31.2421 62.6259 40.1123 50.0499 56.7855 89.1374 69.1996 56.5717 69.7241 26.3059 29.8329 44.5474 54.233 25.0 65.647 93.4016 12.3693 90.5113 92.8986 45.099 54.4518 53.7989 30.0678 71.7906 17.0294 47.2952 25.6125 0.0 24.0832 55.5698 60.8939 85.6026 85.5579 89.8338 80.4114 70.9614 34.1321 44.2323 52.9888 78.8941 55.996 94.7259 67.7791 6.32456 88.9746 
39.9625 39.3685 65.9242 70.8802 47.0106 38.2099 38.6005 28.3019 36.2353 52.3591 72.1109 67.8545 68.1175 61.8728 17.2047 5.83095 57.0088 57.5863 13.6015 44.2838 83.1046 19.9249 76.4104 90.1712 31.9061 74.3303 61.6604 40.1995 74.2496 15.0333 51.3339 4.47214 24.0832 0.0 32.311 47.3276 64.2394 84.7021 68.469 58.4637 55.3265 13.0 50.7056 65.0308 78.666 55.4617 89.0495 45.8912 27.2029 78.8266 
33.2415 40.4475 79.34 95.0282 67.1747 57.1253 11.0454 46.5725 29.0689 49.0408 50.0217 70.1783 84.119 58.0517 44.0454 26.5707 76.0983 66.7533 41.1947 16.6433 74.4584 47.5079 49.6488 85.6902 29.1548 99.6556 75.9605 62.1289 79.0253 41.1096 62.8547 32.9848 55.5698 32.311 0.0 46.0109 34.7131 83.7533 38.2099 27.0185 29.0689 30.0167 63.8905 81.9329 79.7621 62.2896 82.653 15.2971 57.2014 71.3234 
13.3417 9.21954 36.8917 61.2944 34.9023 33.745 57.0 74.6131 17.0294 4.24264 30.7231 24.3311 43.4166 14.8661 64.5318 45.6197 39.4081 22.8254 60.929 39.2177 37.7359 48.5596 48.1952 43.0116 17.4642 66.5751 34.8281 38.6827 33.0151 45.2342 21.9317 51.3656 60.8939 47.3276 46.0109 0.0 51.0882 39.3954 55.9732 53.7122 30.0 56.5252 25.0 42.45 34.4819 17.4642 42.4264 45.2305 59.9694 33.2866 
39.7727 51.9589 87.8009 112.427 86.0354 84.4272 37.5899 81.2527 42.5366 55.3173 35.6931 70.2217 94.4934 56.0483 78.1601 59.0339 90.1556 73.6003 75.06 20.0998 59.0085 75.9031 22.1359 74.4312 47.0235 117.708 85.9127 89.4351 79.2432 69.6111 72.9178 66.0076 85.6026 64.2394 34.7131 51.0882 0.0 76.9025 5.0 10.6301 21.2132 64.4981 75.7675 93.5094 75.5844 68.0074 69.0652 19.4165 86.1556 57.2189 
50.6952 47.8853 36.3456 67.0298 53.2259 54.3872 94.46 112.977 55.0818 38.0789 41.2311 16.9706 43.0465 25.7099 100.663 85.0014 49.7293 31.3847 97.3007 73.0616 22.6274 76.768 59.0931 9.05539 56.648 72.0 39.0512 59.1692 15.2971 73.4425 38.2753 89.1711 85.5579 84.7021 83.7533 39.3954 76.9025 0.0 80.7775 83.6002 60.0333 95.9069 41.6773 45.2769 6.7082 30.4795 15.2315 79.0253 80.6116 21.6333 
44.7567 56.9428 92.6341 117.411 91.0193 89.4111 39.9249 84.5281 47.5206 60.208 39.5601 74.296 99.3579 60.6952 82.0244 63.1981 95.0838 78.4333 79.0 24.5153 62.2013 80.1343 24.1868 77.9295 52.0074 122.692 90.7855 94.4191 83.4518 73.8423 77.8332 70.1142 89.8338 68.469 38.2099 55.9732 5.0 80.7775 0.0 12.083 26.1725 68.1836 80.6958 98.4124 79.712 72.8445 72.3395 23.0217 90.3868 60.6712 
41.3513 53.5374 90.5539 114.006 88.5027 77.8482 27.8568 72.8354 44.1152 57.8014 43.0 74.3303 96.804 60.1688 71.0634 52.9528 92.129 76.5376 68.1836 16.4012 67.2681 70.7326 32.2025 82.0061 45.6946 120.666 88.207 82.8562 83.8153 64.4406 74.9301 59.6825 80.4114 58.4637 27.0185 53.7122 10.6301 83.6002 12.083 0.0 24.3516 57.0 77.741 95.5439 81.7322 71.1196 77.1038 12.6491 80.9851 65.0308 
18.6373 30.8234 66.8506 90.8386 64.8999 63.2918 37.5899 73.8864 21.4012 34.2053 21.5407 50.0 73.4098 35.9026 69.4637 50.1211 68.9616 52.6972 66.2749 13.9284 46.1736 59.1217 22.8035 59.4138 25.8881 96.1193 64.8151 68.2997 59.4811 53.9832 51.7397 57.105 70.9614 55.3265 29.0689 30.0 21.2132 60.0333 26.1725 24.3516 0.0 56.2129 54.5735 72.3464 57.5587 47.1699 55.3173 19.4165 69.4322 43.1741 
48.0833 48.5661 78.7729 83.4326 60.0083 51.1566 32.573 18.6011 43.8634 58.2409 77.1297 79.5883 81.0987 71.0704 14.3178 11.1803 70.0071 69.9214 12.083 45.1221 91.9674 32.5576 77.4192 99.3688 40.3609 86.6833 74.5453 53.1507 86.1626 28.0179 63.7887 9.21954 34.1321 13.0 30.0167 56.5252 64.4981 95.9069 68.1836 57.0 56.2129 0.0 63.0888 78.0256 90.3998 67.4166 98.2344 45.1774 38.4838 87.7838 
36.6849 26.3782 16.0 36.3593 12.1655 13.0384 74.7262 77.7324 39.2925 20.8087 51.3354 25.632 20.2485 30.2655 64.2368 52.347 14.4222 10.2956 61.3028 62.9774 52.2398 34.5296 71.1214 49.2443 39.8841 41.6773 12.1655 17.4929 27.6586 36.3209 4.0 55.01 44.2323 50.7056 63.8905 25.0 75.7675 41.6773 80.6958 77.741 54.5735 63.0888 0.0 18.3576 34.9857 13.0384 52.2015 69.4938 39.286 48.0937 
54.4878 44.1811 9.0 22.2036 18.2483 27.074 92.6553 90.6105 57.0955 38.2099 65.7538 33.7343 3.60555 43.8292 76.7182 68.0661 8.544 21.095 74.1485 80.7803 61.9839 46.6905 85.5399 54.1479 58.0235 27.4591 8.06226 25.7099 30.0666 50.0899 20.6155 69.1158 52.9888 65.0308 81.9329 42.45 93.5094 45.2769 98.4124 95.5439 72.3464 78.0256 18.3576 0.0 39.0512 26.6271 59.0085 87.6332 46.6686 58.4637 
46.5296 42.5441 30.0666 61.0082 46.5188 47.7233 90.5539 106.941 50.8035 32.6956 40.3113 10.8167 37.0135 22.0 94.6256 79.2537 43.1741 24.6982 91.2634 70.0643 25.5539 69.1907 59.1692 15.1327 51.923 66.0681 32.5576 52.4786 9.0 67.4294 31.6228 83.135 78.8941 78.666 79.7621 34.4819 75.5844 6.7082 79.712 81.7322 57.5587 90.3998 34.9857 39.0512 0.0 24.0416 20.2237 76.1052 73.9477 23.4307 
30.6757 22.0 19.8494 47.5395 25.1794 24.8253 73.3348 83.6481 33.9559 13.6015 39.3546 13.6015 26.9072 17.72 71.1341 56.3028 25.9615 5.65685 67.7909 56.6626 39.2046 46.2927 59.1407 37.2156 33.1361 52.9245 18.6011 29.7321 18.7883 43.9376 9.05539 59.9333 55.996 55.4617 62.2896 17.4642 68.0074 30.4795 72.8445 71.1196 47.1699 67.4166 13.0384 26.6271 24.0416 0.0 39.5601 62.6754 51.0497 35.0571 
50.774 51.6236 50.01 81.0987 64.2884 64.365 92.2909 116.335 55.2268 42.638 34.2345 26.6833 57.1402 27.5862 106.254 87.3417 62.3939 42.2019 102.651 69.1295 10.198 83.536 49.0306 7.07107 58.0086 86.209 52.0865 69.2892 29.1548 80.2105 48.3839 93.0876 94.7259 89.0495 82.653 42.4264 69.0652 15.2315 72.3395 77.1038 55.3173 98.2344 52.2015 59.0085 20.2237 39.5601 0.0 74.7329 90.5894 12.1655 
32.6005 44.4716 81.8426 103.199 75.951 65.2965 19.799 61.8466 35.3645 49.1527 40.8044 67.7422 89.736 54.1479 59.0085 40.4475 81.9112 67.941 56.0089 6.08276 65.521 58.1808 36.0694 78.7829 33.1429 108.114 81.1674 70.3045 77.1038 51.8845 67.871 47.2652 67.7791 45.8912 15.2971 45.2305 19.4165 79.0253 23.0217 12.6491 19.4165 45.1774 69.4938 87.6332 76.1052 62.6754 74.7329 0.0 68.4251 62.5859 
51.4708 50.6363 52.2764 46.1736 36.673 26.2957 65.0692 46.0109 48.5206 55.8609 88.2128 64.2533 50.2515 68.7996 32.0624 32.6497 38.2272 49.2866 30.4138 66.2 92.4771 10.4403 88.9821 87.9523 43.5698 48.8365 48.2208 25.1215 66.5716 16.5529 42.3489 29.5296 6.32456 27.2029 57.2014 59.9694 86.1556 80.6116 90.3868 80.9851 69.4322 38.4838 39.286 46.6686 73.9477 51.0497 90.5894 68.4251 0.0 88.05 
39.8246 42.4382 49.7293 80.604 60.208 59.5404 80.3751 106.075 44.2041 34.4384 22.0907 24.7386 57.28 19.3132 96.0308 77.0779 60.208 39.0512 92.428 57.0091 4.47214 76.6403 37.9473 17.2627 47.4236 85.9069 50.8035 64.4782 30.8869 73.3148 44.1022 82.8646 88.9746 78.8266 71.3234 33.2866 57.2189 21.6333 60.6712 65.0308 43.1741 87.7838 48.0937 58.4637 23.4307 35.0571 12.1655 62.5859 88.05 0.0 
DEMAND_SCENARIO_SECTION
0 0 0 0 0 0 0 0 0 0 0 0 0 0 0 0 0 0 0 0 0 0 0 0 0 0 0 0 0 0 0 0 0 0 0 0 0 0 0 0 0 0 0 0 0 0 0 0 0 0 0 0 0 0 0 0 0 0 0 0 0 0 0 0 0 0 0 0 0 0 0 0 0 0 0 0 0 0 0 0 0 0 0 0 0 0 0 0 0 0 0 0 0 0 0 0 0 0 0 0 0 0 0 0 0 0 0 0 0 0 0 0 0 0 0 0 0 0 0 0 0 0 0 0 0 0 0 0 0 0 0 0 0 0 0 0 0 0 0 0 0 0 0 0 0 0 0 0 0 0 0 0 0 0 0 0 0 0 0 0 0 0 0 0 0 0 0 0 0 0 0 0 0 0 0 0 0 0 0 0 0 0 0 0 0 0 0 0 0 0 0 0 0 0 0 0 0 0 0 0 
1 9 6 8 4 7 6 5 6 7 5 7 7 5 7 7 9 6 8 7 6 6 6 5 4 4 3 7 7 8 7 4 3 7 7 7 7 7 4 6 6 4 9 5 9 6 7 7 6 9 5 7 6 4 10 7 4 4 5 5 6 10 6 5 9 5 1 8 5 4 4 6 9 7 6 5 6 8 5 6 7 10 8 7 9 10 3 8 6 4 3 9 7 7 7 5 8 6 6 3 7 9 8 7 6 5 6 10 10 5 6 7 6 6 8 8 7 7 6 7 3 7 5 5 7 4 4 11 4 6 8 5 4 9 10 8 6 6 4 7 6 6 6 5 9 7 4 7 6 4 6 6 9 6 8 6 10 8 7 2 6 6 7 4 6 7 6 6 10 3 4 4 10 6 8 4 8 6 5 3 5 8 10 5 3 5 8 6 6 5 5 5 5 8 7 10 7 4 8 7 
2 3 3 2 3 2 1 1 2 2 3 2 2 1 3 1 2 2 1 3 2 3 2 2 2 2 1 2 2 1 3 1 1 2 2 2 1 3 1 1 2 2 1 2 2 3 3 3 4 1 1 3 2 2 2 2 2 1 2 2 2 2 2 0 1 1 3 2 2 2 1 1 2 1 2 2 1 2 2 2 1 3 2 3 2 1 2 1 2 3 2 2 3 2 1 3 1 2 3 2 3 1 0 3 2 2 3 2 1 2 3 2 2 2 1 2 1 3 2 2 1 1 3 3 2 2 2 2 2 2 3 0 3 3 2 1 1 2 2 2 1 1 2 3 3 3 1 1 3 3 2 2 1 2 3 2 3 2 2 2 2 1 3 2 2 1 1 2 2 2 2 2 2 2 2 2 3 2 2 2 2 1 2 3 1 3 3 2 2 2 2 2 2 2 2 2 1 2 2 1 
2 3 4 3 2 5 2 4 3 4 4 3 3 3 3 2 3 2 2 5 2 3 4 3 3 1 2 3 3 2 3 2 2 4 2 3 2 4 4 4 3 3 2 3 1 3 4 3 3 4 4 4 3 3 2 3 2 4 3 3 3 4 4 4 3 3 1 5 1 2 3 4 3 3 5 5 4 2 2 3 3 3 4 3 2 3 2 2 2 2 6 1 2 3 3 2 1 3 4 4 3 3 4 4 5 2 3 3 2 3 2 3 5 3 2 3 4 3 4 3 4 3 2 4 3 3 4 3 2 2 3 4 3 4 4 3 4 1 4 1 3 4 4 4 1 1 5 2 3 5 4 3 2 3 4 4 3 2 3 2 3 2 3 4 5 2 3 4 4 3 4 2 4 3 2 3 4 3 3 3 3 3 3 3 3 3 5 2 4 1 3 2 3 3 3 4 4 2 5 5 
8 8 8 3 7 1 8 5 7 4 5 4 8 5 5 7 6 5 7 2 9 8 7 6 4 6 8 3 6 4 6 6 7 5 6 2 9 5 4 5 7 7 7 2 5 8 5 6 5 6 7 2 5 7 8 7 6 7 6 5 7 6 7 6 7 4 6 8 3 7 5 6 8 10 6 7 7 5 10 7 6 3 5 7 5 4 9 9 6 3 5 6 5 6 7 3 8 6 4 8 4 7 5 3 5 5 4 11 3 9 7 4 7 1 6 8 8 7 5 4 2 7 7 5 9 4 6 5 4 9 5 5 6 6 3 7 6 9 3 6 3 9 6 7 2 8 3 5 3 5 3 7 9 4 3 9 4 9 7 6 7 6 10 5 7 4 6 7 8 8 5 4 5 8 7 7 7 4 5 7 10 9 6 4 12 5 8 8 10 8 7 5 2 8 5 4 6 1 10 10 
10 13 5 12 10 8 19 6 14 10 19 11 8 10 8 7 13 13 12 7 7 6 7 13 8 11 3 8 12 11 10 11 10 10 12 10 7 9 9 10 8 13 9 8 4 10 10 12 12 8 4 9 7 19 15 11 7 12 10 12 5 8 9 12 7 13 13 17 13 13 5 11 11 10 11 5 13 8 5 14 3 5 7 13 10 9 6 10 12 13 4 6 8 8 14 13 14 12 5 9 11 10 4 15 11 7 11 9 14 11 13 10 5 9 12 9 3 7 9 6 10 11 12 8 9 15 11 8 16 10 17 15 11 10 14 6 16 13 8 11 11 11 11 12 5 7 13 17 12 10 13 12 11 5 12 5 9 9 11 7 4 12 10 12 7 13 6 7 8 8 11 8 4 11 11 7 6 12 7 11 9 11 13 7 4 11 6 6 16 7 11 9 11 10 9 13 10 4 9 7 
10 3 7 4 8 5 7 8 7 7 7 6 7 10 10 11 8 6 2 9 7 10 3 9 7 6 5 8 5 11 9 10 7 7 6 8 6 4 10 6 8 3 5 5 5 11 5 5 11 8 11 4 5 6 1 5 9 7 6 5 6 5 9 8 9 10 9 3 12 8 9 7 12 10 7 7 5 5 5 7 8 7 7 7 3 8 7 7 9 7 6 11 5 7 11 6 2 5 8 6 9 5 6 7 7 9 6 6 2 9 3 7 8 7 7 7 10 8 6 7 11 3 6 4 8 5 6 9 9 7 6 7 11 9 9 3 6 9 8 10 8 5 4 9 6 8 5 8 7 8 4 4 4 7 12 9 5 7 7 8 8 6 7 8 4 8 7 10 6 8 9 6 4 3 7 6 10 11 4 6 6 4 9 9 8 9 6 10 6 6 5 6 4 7 6 5 8 6 3 5 
11 5 8 15 10 5 13 8 11 7 10 8 10 9 6 7 9 12 11 15 10 12 11 11 9 8 8 16 8 15 10 7 10 7 14 11 12 9 2 5 8 10 14 9 9 12 13 15 8 9 9 9 10 8 12 11 8 10 10 16 12 16 12 9 5 12 6 9 15 7 9 11 6 8 14 8 10 7 9 10 12 4 10 13 13 16 3 14 8 12 6 10 9 7 10 5 6 9 15 4 9 5 11 6 13 15 8 11 10 14 11 6 11 12 8 8 12 10 12 8 12 13 12 8 12 12 15 8 12 12 13 17 17 12 12 4 6 11 12 8 7 3 15 11 12 6 11 12 3 12 6 11 4 9 16 15 10 8 11 9 13 13 7 15 8 10 12 2 12 1 6 11 13 10 8 11 10 10 10 14 7 7 4 12 13 9 11 3 6 5 9 13 11 17 10 7 8 9 11 12 
1 2 5 3 2 2 2 2 3 2 2 2 2 3 2 2 2 3 2 2 2 2 3 2 2 2 1 1 2 2 3 0 2 2 2 3 1 2 1 3 2 2 2 3 2 1 3 2 2 2 2 2 1 2 3 0 1 3 1 2 3 3 2 2 3 1 2 0 2 2 1 1 2 3 2 2 3 1 2 3 2 2 2 1 2 1 3 2 1 2 1 2 1 2 2 2 2 2 3 3 2 1 2 2 3 2 1 2 3 2 2 1 2 2 1 2 2 1 1 2 2 1 1 3 1 3 2 1 3 2 1 2 2 3 1 2 2 1 3 1 2 2 2 1 2 3 2 2 1 2 2 2 3 2 3 3 3 2 2 1 2 2 1 2 3 1 2 2 3 2 2 2 3 2 2 2 1 2 1 1 3 2 2 2 1 1 1 2 1 2 2 1 3 1 2 1 3 2 3 1 
9 7 5 11 8 5 4 6 5 6 1 6 8 8 10 6 6 7 5 3 4 5 3 4 2 5 9 4 7 4 2 6 8 8 7 6 4 6 9 9 9 6 5 5 7 7 7 8 6 6 5 5 4 9 11 7 6 8 7 7 7 8 6 4 8 5 10 9 5 5 3 5 6 6 3 3 8 5 2 5 5 6 8 7 4 9 7 5 8 8 6 4 4 7 7 3 8 4 10 7 3 6 10 6 7 6 7 4 4 4 7 1 5 3 6 6 8 5 9 9 5 10 4 8 8 6 7 7 6 5 8 6 2 10 3 6 6 8 5 3 5 5 5 3 5 3 5 3 5 7 6 7 6 8 4 6 9 8 4 7 3 6 9 6 7 7 5 5 3 1 2 5 9 4 1 8 7 2 10 8 4 6 3 6 2 4 7 7 5 4 3 8 8 5 5 8 8 7 7 9 
7 9 8 9 8 9 11 8 12 8 10 14 11 9 10 9 13 13 6 10 10 5 10 8 8 5 7 6 8 3 10 10 9 10 9 11 7 8 4 10 5 9 15 19 9 2 11 11 8 7 10 10 9 5 9 3 8 6 11 8 2 8 9 10 9 9 12 5 12 7 12 12 10 9 11 11 12 4 6 10 6 7 10 10 11 10 9 10 9 12 6 11 15 8 7 7 5 1 10 9 10 14 9 8 14 3 9 8 4 8 10 8 8 12 8 6 14 4 15 12 14 8 7 8 14 7 11 10 12 16 8 10 5 9 8 7 7 14 10 9 6 6 9 10 8 9 13 7 10 11 7 8 14 9 9 9 10 6 9 5 8 7 9 9 8 12 7 9 10 9 11 12 3 10 8 10 6 8 9 6 6 9 10 8 7 10 9 10 5 13 6 11 10 9 12 13 9 11 10 9 
10 6 6 7 10 5 2 7 8 9 5 7 8 3 6 7 7 6 7 8 5 7 5 7 4 2 10 8 5 10 5 7 11 9 7 4 7 5 6 6 7 5 5 5 5 4 5 7 7 11 4 4 7 6 6 5 6 10 3 10 9 5 10 4 9 7 6 10 4 10 6 8 5 5 9 9 5 10 6 9 9 4 7 4 4 5 1 7 12 8 8 6 6 9 9 7 6 5 4 8 4 7 8 7 7 7 10 7 7 9 5 5 3 7 3 5 8 8 8 7 8 6 6 7 7 5 4 9 3 8 10 9 5 6 4 6 4 5 9 8 5 5 7 9 7 7 10 8 5 5 6 8 5 7 5 7 8 6 5 7 7 8 4 5 6 8 5 9 8 5 4 12 6 5 5 4 8 7 10 11 5 9 5 10 12 5 12 9 8 8 9 8 8 6 6 6 6 6 8 6 
10 7 10 13 9 8 6 14 14 7 5 14 12 5 11 12 4 10 9 10 5 8 12 7 13 3 11 6 11 12 13 9 9 5 6 6 8 9 5 13 7 14 13 11 13 8 9 11 7 10 6 8 5 13 13 8 14 8 8 7 11 7 11 2 10 13 8 13 11 7 7 10 4 6 11 8 4 7 15 12 11 9 6 10 7 8 6 11 14 10 6 5 14 10 13 5 13 12 9 11 12 10 12 14 3 9 8 8 13 12 9 13 10 8 10 2 12 13 12 6 7 9 10 5 9 7 7 6 9 10 9 11 9 14 5 12 12 10 8 12 12 10 11 7 7 8 4 6 9 14 12 9 7 12 6 11 13 14 12 12 7 12 14 13 6 13 2 5 14 9 8 8 12 8 11 10 9 10 8 14 12 9 8 9 8 10 13 11 11 8 14 12 7 2 9 14 10 4 8 11 
7 6 4 2 7 7 4 6 11 7 5 3 5 9 7 8 5 3 6 7 5 6 3 8 5 6 8 6 7 5 8 6 9 8 10 6 5 5 6 8 6 6 5 8 6 5 2 6 7 6 1 7 3 6 4 3 7 6 5 8 6 8 8 6 5 3 6 9 7 6 7 4 6 7 6 8 2 7 6 2 8 4 3 3 3 3 10 0 8 4 5 9 5 6 6 6 5 8 9 6 5 4 6 4 5 8 6 8 11 8 4 6 6 6 6 9 7 5 8 8 4 3 7 8 6 9 6 9 7 8 5 4 8 6 2 4 8 6 4 2 5 6 4 5 4 8 4 6 4 5 8 3 6 3 10 8 8 2 5 5 6 3 8 6 7 3 9 5 5 6 8 7 7 6 7 6 5 8 6 4 4 7 6 5 9 4 9 2 8 3 3 5 6 5 7 5 6 6 10 6 
7 3 5 5 4 6 4 6 7 5 2 5 5 2 5 5 7 4 4 8 6 7 6 7 5 7 6 6 3 7 7 5 6 4 4 2 5 7 4 4 5 3 6 7 2 3 6 5 5 3 4 7 6 6 6 3 3 7 7 6 3 3 7 3 7 5 3 7 5 6 4 7 6 4 5 3 8 10 5 9 5 4 7 7 7 6 3 7 5 5 3 5 6 3 6 6 3 5 4 6 6 6 7 6 4 7 4 4 5 4 5 3 8 5 4 6 6 3 8 7 3 6 2 3 5 5 3 6 4 6 4 4 5 3 4 7 7 3 4 9 7 4 3 7 4 4 7 6 5 7 6 8 4 4 3 8 5 5 5 5 5 5 4 3 6 9 5 6 2 6 7 4 6 5 7 6 7 4 4 4 7 7 5 5 3 6 7 4 6 4 2 8 4 6 5 7 6 5 4 7 
2 1 1 2 2 2 2 1 2 2 3 1 1 0 2 2 2 0 2 2 3 3 1 3 3 2 3 3 3 3 2 1 2 1 2 2 2 1 3 1 2 1 2 2 2 2 2 3 2 2 3 2 2 2 2 2 2 2 1 1 2 2 1 0 3 2 3 1 2 2 3 3 1 1 3 2 1 2 2 1 3 0 2 1 2 2 3 1 3 2 2 2 3 2 2 3 2 3 2 1 3 2 2 2 3 2 2 1 1 2 3 2 1 2 3 2 2 2 2 2 2 3 3 2 1 2 2 2 2 2 3 3 3 1 2 2 1 2 2 0 0 2 1 1 3 2 1 2 2 2 2 2 3 1 2 1 2 1 2 3 2 2 1 1 2 2 2 2 1 1 1 3 2 2 1 3 3 3 2 1 2 2 2 2 2 2 2 1 1 3 2 2 1 2 3 2 3 2 2 2 
10 5 6 10 7 1 8 2 10 5 9 5 3 8 8 12 11 10 7 8 9 8 9 6 6 9 8 6 7 5 7 6 6 4 5 10 9 3 5 9 8 9 9 6 7 4 7 6 11 8 7 8 8 10 9 9 5 5 6 2 9 5 2 7 6 7 7 9 9 9 7 6 8 5 9 8 4 8 6 5 4 6 7 10 8 5 7 11 10 6 10 3 11 12 10 6 7 5 4 6 12 10 5 4 4 4 3 7 10 9 7 8 6 14 8 1 6 8 7 1 9 10 8 5 8 9 9 14 9 8 7 4 10 4 12 7 4 7 5 8 3 5 8 3 8 11 3 7 6 3 11 9 8 9 6 8 6 1 3 9 9 8 9 0 9 7 7 7 1 9 4 6 8 8 5 8 8 9 6 6 7 9 8 5 4 11 7 7 6 8 9 5 8 5 8 8 7 8 8 4 
14 6 11 9 6 7 7 13 11 6 12 10 9 13 7 7 10 11 8 14 6 11 8 9 11 16 14 13 6 11 12 8 12 13 9 11 5 10 10 9 13 12 8 12 3 9 5 6 8 4 13 11 12 15 12 11 9 8 12 12 16 6 7 14 8 7 16 5 11 11 8 18 10 8 6 8 3 11 13 15 5 9 5 16 13 16 9 7 8 7 6 16 10 15 6 11 13 5 6 6 15 10 12 13 13 8 4 9 6 5 7 12 5 15 11 12 9 8 14 9 13 5 11 10 18 9 11 12 14 14 12 7 8 7 6 15 12 3 14 9 12 15 9 8 10 7 10 7 8 7 10 9 8 8 5 10 13 14 15 8 8 9 14 13 5 5 4 12 13 10 16 6 11 8 14 8 12 7 7 12 6 8 13 7 13 11 4 7 14 12 18 11 11 10 12 9 9 7 11 7 
5 12 8 8 6 11 7 4 8 9 7 7 7 5 5 4 7 4 7 6 5 11 9 7 8 7 7 8 6 8 6 5 3 6 10 8 5 8 5 10 7 6 9 8 5 7 12 8 9 4 7 4 3 6 4 8 5 9 9 6 3 10 8 11 4 6 7 6 5 7 7 4 15 12 9 1 11 11 6 8 8 8 4 4 5 3 6 9 6 9 11 9 6 4 11 8 5 10 6 6 4 7 7 1 5 9 5 10 9 10 3 10 6 6 7 9 6 9 11 5 9 12 10 6 9 0 8 1 3 10 5 3 8 8 7 6 5 5 7 6 6 10 7 7 5 5 5 3 4 1 7 3 4 7 8 8 8 5 7 4 5 7 5 5 7 5 7 10 5 8 6 10 4 10 10 8 7 14 2 6 5 6 9 4 9 7 10 10 5 7 11 6 4 6 5 7 10 8 7 8 
2 2 3 3 2 2 2 1 2 2 3 1 3 2 2 3 2 1 2 1 2 2 2 3 3 2 1 3 2 2 3 2 3 2 2 1 2 1 2 2 1 2 2 2 2 1 2 2 3 2 2 2 2 2 2 2 2 2 3 1 2 2 2 2 0 3 2 1 2 2 2 2 2 3 2 2 2 2 3 2 3 1 1 2 2 1 2 1 2 2 2 3 2 2 1 2 0 2 2 3 2 2 3 2 2 2 2 1 1 3 1 1 1 2 3 2 2 2 2 2 3 2 2 2 2 2 1 3 3 3 2 3 1 2 3 2 2 1 3 2 3 1 3 3 1 2 3 2 2 2 2 3 2 3 2 2 1 3 2 2 2 1 2 3 2 2 2 2 2 3 1 2 2 2 2 1 2 2 4 2 2 1 0 2 2 2 2 2 2 3 2 1 1 1 2 2 2 2 1 2 
5 5 9 7 9 7 8 12 7 6 7 6 9 7 7 7 12 10 6 7 6 10 4 9 5 7 6 3 7 7 11 6 9 7 6 7 6 10 12 5 9 9 7 8 10 3 3 4 12 10 7 7 7 8 7 8 7 5 8 10 5 12 8 8 11 4 9 9 10 9 4 7 4 4 3 8 8 8 4 8 11 12 8 10 10 9 11 10 7 5 7 9 6 4 7 4 11 8 8 7 9 6 7 5 11 9 8 8 4 10 6 7 6 12 13 10 7 6 6 7 11 8 8 9 7 5 7 5 5 4 6 9 6 6 11 7 8 6 12 2 6 5 4 5 6 6 10 7 8 4 6 5 6 7 7 7 2 8 7 5 7 7 6 5 6 9 9 5 8 7 8 9 4 3 9 10 5 6 10 3 8 10 12 9 11 5 8 9 6 10 4 8 3 9 8 8 9 10 7 8 
4 9 9 11 7 12 10 11 7 8 10 8 13 9 10 16 7 8 10 11 9 9 4 9 13 4 9 0 10 7 8 4 9 10 11 7 14 6 4 8 7 10 9 9 4 14 5 13 7 12 7 11 4 10 8 8 5 18 8 12 6 15 8 12 7 6 10 2 15 9 10 8 5 10 6 9 13 15 4 2 9 9 6 8 11 12 7 8 7 4 10 12 6 7 9 6 6 15 12 3 10 12 12 8 7 5 2 12 12 8 7 10 12 8 13 10 10 10 6 10 13 12 9 8 11 8 8 5 6 7 10 10 9 12 11 12 10 11 9 16 5 9 5 7 15 7 12 9 11 11 8 8 9 5 11 13 15 11 5 5 9 9 9 4 5 5 13 13 11 11 13 14 5 10 10 9 13 5 10 11 5 7 10 9 10 5 18 6 3 11 9 9 8 7 13 14 8 5 12 8 
5 6 6 3 7 5 7 2 3 6 8 1 9 9 7 2 8 5 5 4 6 4 7 8 4 1 5 5 6 7 4 5 4 8 4 7 6 4 2 7 9 6 9 7 7 4 3 8 5 7 7 3 6 4 7 0 7 7 6 11 5 6 6 4 7 4 9 5 8 10 7 6 6 2 8 7 4 3 3 9 4 7 8 6 2 10 7 5 5 7 5 7 6 3 8 4 4 7 5 7 8 4 2 4 9 5 7 10 8 6 8 6 3 6 3 5 7 3 5 2 6 5 6 7 9 6 5 7 3 5 7 3 7 7 6 6 7 8 6 8 3 6 5 7 5 11 7 9 4 7 7 7 8 7 8 5 10 9 4 7 6 4 3 5 7 5 9 7 3 4 8 7 1 6 6 4 9 6 5 7 9 5 3 7 7 3 5 9 4 5 4 10 6 5 7 5 8 6 7 4 
1 1 1 1 1 1 1 0 1 1 0 1 1 1 1 1 1 2 1 1 1 2 1 1 2 1 1 1 1 2 1 1 0 0 1 1 1 1 1 1 1 2 1 1 1 1 2 1 0 1 1 1 1 1 1 1 1 2 1 1 1 1 2 1 2 1 1 1 0 1 1 1 1 1 1 1 1 2 0 1 1 0 0 1 2 1 1 2 1 1 1 1 1 1 1 1 1 1 2 1 1 1 1 2 1 1 2 1 1 0 1 1 0 1 1 1 1 1 1 1 1 2 1 1 1 1 1 1 1 1 1 1 1 1 1 1 2 1 1 1 2 1 0 1 1 1 0 1 1 1 1 1 0 1 1 0 0 1 1 1 1 1 2 1 1 1 1 1 1 1 2 2 1 1 1 1 1 1 1 1 1 1 1 1 1 1 1 2 1 1 1 1 1 1 1 1 1 1 1 1 
4 4 2 4 3 4 3 5 3 4 4 4 2 2 2 3 3 3 3 4 3 5 2 4 3 2 2 3 2 2 2 3 2 2 4 3 2 3 4 4 3 3 1 2 4 4 3 2 2 2 3 4 3 4 2 4 3 3 4 2 3 2 3 2 4 4 4 4 3 3 3 2 3 3 4 2 3 4 2 3 2 2 3 2 3 4 2 1 3 4 4 3 3 3 3 3 3 3 2 3 4 3 3 2 3 2 3 2 4 3 2 3 3 1 2 5 3 3 3 4 1 2 3 5 5 1 4 2 3 4 3 2 0 3 1 1 3 3 3 3 3 4 2 3 3 2 2 4 2 2 4 3 3 4 3 2 1 3 4 3 2 3 3 3 2 4 2 5 4 3 3 3 2 3 4 1 3 2 2 3 3 3 0 2 3 3 4 3 2 3 2 2 4 3 3 2 5 3 2 4 
10 10 4 5 6 11 7 5 4 9 5 7 9 9 8 7 6 5 11 7 9 7 12 8 5 8 7 9 8 3 8 9 10 8 6 11 7 5 3 7 9 5 7 4 5 11 7 6 6 9 9 12 10 7 9 8 10 6 9 10 7 4 9 6 11 3 6 13 10 12 7 15 7 6 7 8 8 11 11 10 5 9 6 11 6 8 7 10 7 12 10 10 3 7 3 10 6 9 5 9 11 8 8 8 8 4 10 8 8 6 8 10 10 5 6 7 6 9 11 9 2 9 9 7 14 4 3 6 3 5 8 6 9 11 7 8 8 8 10 6 8 9 8 16 8 7 11 10 8 8 6 8 10 11 4 10 8 12 3 7 7 11 9 6 7 8 6 11 11 13 8 9 7 7 10 10 8 13 10 8 9 6 4 10 14 9 8 5 8 11 10 4 8 9 9 4 7 9 7 8 
10 7 2 13 4 2 12 6 6 4 14 9 11 6 8 14 7 6 5 10 12 2 4 6 6 8 9 13 7 6 5 4 11 10 13 10 4 10 15 9 10 6 5 15 5 7 4 8 9 14 8 13 12 10 5 11 6 11 13 13 14 9 10 10 7 10 8 12 9 6 3 6 10 6 8 10 8 11 4 6 8 8 1 8 8 9 9 16 15 6 14 8 9 6 8 6 10 12 6 6 10 8 11 10 14 18 10 8 5 9 6 8 3 13 10 10 5 3 9 10 14 10 11 0 10 10 13 10 12 15 10 6 8 7 10 11 7 8 8 8 9 9 8 15 13 11 11 7 13 8 11 8 9 12 9 11 9 7 14 7 9 8 11 5 8 3 11 14 5 7 5 13 10 12 5 4 8 11 10 11 4 8 5 8 12 8 11 10 12 10 10 8 9 8 4 8 7 6 10 6 
1 1 1 1 1 1 1 1 1 1 1 1 0 1 1 2 1 1 1 1 1 1 2 1 1 1 1 1 1 1 1 1 1 1 1 1 1 1 1 0 1 1 1 1 1 1 1 1 1 1 1 1 1 1 1 1 1 1 1 1 1 1 2 1 1 1 1 2 1 1 1 1 0 1 1 1 1 1 1 1 1 2 1 1 1 1 1 1 1 1 1 1 1 1 1 1 1 1 1 1 1 0 1 1 1 1 1 1 1 1 1 1 1 1 1 2 1 1 1 1 1 1 1 1 1 1 1 1 1 1 0 1 1 2 1 1 1 1 1 1 1 1 1 1 1 1 1 1 1 1 1 1 1 1 1 1 1 1 1 1 1 1 0 1 1 1 1 1 1 1 1 2 0 1 1 1 1 1 1 1 1 1 1 1 1 1 1 1 1 1 1 1 1 1 1 1 1 1 1 1 
3 2 1 3 4 2 5 4 1 4 3 2 4 4 3 4 5 3 3 5 4 3 2 3 2 6 3 3 4 3 2 2 2 2 3 4 4 5 4 3 4 3 3 5 2 4 3 2 4 4 1 2 2 3 5 5 2 4 3 4 3 2 3 3 2 5 4 4 3 3 1 4 3 1 3 3 0 3 1 5 3 3 3 3 6 5 3 3 2 3 2 2 2 2 2 3 2 1 3 3 3 2 3 3 3 3 2 2 5 4 2 4 3 4 3 2 3 3 3 3 3 3 3 2 3 3 4 3 4 4 3 2 4 3 4 4 2 4 5 3 4 3 2 3 4 3 3 3 4 4 4 4 2 3 2 4 3 4 3 3 3 5 4 4 4 2 2 3 3 3 3 4 3 3 4 4 4 1 4 3 4 4 2 1 4 4 3 4 3 4 4 2 5 3 3 2 3 3 3 3 
1 1 1 1 1 2 1 1 1 1 1 1 1 1 0 1 1 1 1 2 0 1 0 1 1 1 2 2 1 1 1 1 1 1 1 1 1 2 1 1 1 1 0 1 1 1 1 1 1 1 1 1 1 1 1 1 1 1 1 0 1 1 1 1 2 0 1 1 1 1 1 1 1 1 1 1 2 1 1 1 1 2 1 1 1 0 1 1 1 1 1 1 1 1 1 1 1 1 1 2 1 1 0 1 1 1 1 1 1 1 1 1 1 1 1 1 1 1 1 1 1 1 1 2 1 0 2 0 2 1 1 1 1 0 1 1 1 1 1 1 1 2 0 1 1 0 1 1 1 1 1 1 1 2 1 1 1 1 1 2 1 1 2 1 1 1 1 1 0 1 1 0 1 1 2 1 1 2 1 1 1 1 1 1 1 0 0 1 1 1 1 1 1 1 1 1 1 1 1 1 
6 7 9 12 5 6 7 8 10 8 8 8 4 7 7 10 7 10 4 4 6 4 9 10 3 7 7 8 8 7 8 10 8 10 9 1 4 9 4 2 7 6 11 9 9 7 3 6 6 1 8 2 9 7 6 6 6 5 9 6 9 6 9 5 9 8 3 6 9 8 8 3 12 7 5 6 9 7 7 3 6 8 12 6 6 8 8 7 5 5 7 5 5 9 10 8 8 7 4 7 13 8 8 8 7 9 5 7 3 6 1 9 3 11 6 2 8 7 8 8 7 6 10 6 6 7 2 8 7 11 8 4 4 4 8 12 7 6 8 8 6 6 7 8 8 6 6 10 8 5 7 7 4 7 3 10 6 8 6 6 4 9 7 8 8 8 8 3 13 8 8 7 7 7 3 9 4 8 7 5 6 7 5 9 5 11 0 7 12 11 12 5 9 3 7 9 4 7 3 8 
12 9 11 5 10 7 10 6 6 9 7 5 7 7 5 12 10 8 9 10 5 2 8 6 7 12 10 5 10 8 9 9 8 7 10 10 6 7 9 7 8 13 5 5 4 7 7 7 13 10 6 9 7 13 6 8 8 9 8 10 9 6 4 6 7 10 7 10 12 12 9 10 9 9 9 6 6 7 10 7 10 3 8 11 10 5 6 5 10 10 12 13 9 8 9 7 8 11 8 6 10 9 4 4 8 5 10 9 6 7 12 9 6 9 6 12 5 5 8 8 8 8 13 8 6 2 14 10 8 10 8 9 6 9 7 6 4 7 6 11 10 10 10 5 9 9 10 11 10 9 8 4 5 11 7 10 11 12 10 7 9 7 7 7 10 7 5 10 9 12 8 9 9 7 9 7 6 10 11 7 10 8 8 7 10 6 6 10 7 12 10 3 4 12 6 11 9 11 12 6 
1 0 1 1 1 1 1 2 1 1 1 2 1 1 1 1 1 1 1 1 1 0 1 1 1 1 1 1 1 1 1 1 0 2 1 1 1 1 1 1 1 1 1 1 1 1 2 1 1 1 1 1 1 0 1 2 0 1 1 1 0 1 1 1 0 1 1 2 1 1 1 1 1 1 1 0 1 1 0 1 1 0 1 1 1 1 1 1 1 1 1 1 1 1 0 1 1 1 1 2 2 1 1 1 2 1 1 1 2 2 1 1 0 0 1 1 1 1 1 1 1 1 2 1 1 1 0 1 1 0 1 1 2 1 0 1 1 1 1 1 1 2 1 1 1 1 0 1 0 1 1 1 1 1 1 1 2 1 1 1 1 1 1 1 1 1 1 1 1 1 1 1 1 1 1 0 1 1 1 1 1 1 1 1 1 2 1 1 0 1 1 1 1 1 1 0 0 1 1 1 
5 2 3 7 3 4 3 7 5 9 7 5 6 4 6 5 4 6 7 5 3 6 8 6 5 5 5 6 8 11 2 8 5 7 7 6 6 6 7 7 7 8 9 6 5 4 7 4 4 7 11 6 6 8 6 3 6 6 4 8 9 7 7 7 5 8 8 6 7 7 7 5 9 6 7 4 8 5 6 5 4 10 5 8 7 3 6 4 8 5 8 4 5 8 6 8 4 5 3 8 3 6 9 5 3 5 7 4 5 7 6 6 4 5 7 8 5 6 3 8 3 7 8 5 7 5 5 9 6 10 7 6 7 7 4 5 5 8 1 4 8 7 7 8 5 8 6 9 5 5 5 7 4 6 7 5 5 7 6 11 3 5 7 0 5 2 10 4 8 6 4 7 3 6 4 4 7 9 6 7 7 9 5 4 5 7 8 4 7 6 7 4 4 7 6 6 7 4 7 6 
1 5 3 4 1 5 4 3 4 5 5 5 5 6 5 4 6 5 3 2 5 5 3 5 3 3 5 2 3 4 4 4 5 4 5 6 3 4 3 3 3 6 3 6 2 3 4 5 6 4 6 4 6 3 1 5 4 4 4 3 3 5 4 4 4 4 3 5 6 3 4 3 3 3 3 3 2 3 2 4 6 5 4 5 6 4 6 3 2 4 6 5 3 2 4 4 4 3 3 4 6 4 3 3 5 5 1 1 4 4 4 5 4 4 6 4 4 3 4 4 6 2 5 2 5 5 5 3 3 4 5 7 5 4 5 2 3 3 4 3 2 4 4 4 2 4 4 5 3 4 3 5 3 3 5 4 3 2 3 3 6 2 5 2 5 5 5 4 7 3 5 3 4 3 5 3 5 3 7 2 7 3 4 4 2 5 4 3 6 6 4 6 4 5 4 6 2 5 3 4 
2 6 6 7 7 11 9 8 11 9 9 6 9 6 8 6 13 9 7 9 15 11 7 9 9 5 6 5 7 12 12 8 6 7 3 6 7 9 7 8 7 5 10 9 9 3 4 5 5 6 8 9 7 7 8 9 4 7 12 10 8 8 8 8 12 6 6 5 5 9 5 11 7 7 5 11 9 9 9 13 8 6 4 11 6 5 10 10 10 9 4 5 9 9 7 3 7 5 7 10 7 6 2 5 8 8 8 5 10 8 8 9 13 5 9 9 8 8 10 11 10 3 11 7 8 4 10 13 9 9 7 8 6 11 9 9 3 5 11 10 6 12 9 7 7 9 8 5 7 5 13 6 7 12 8 12 6 8 11 10 5 10 6 8 13 14 8 8 9 8 4 10 12 9 8 8 4 8 9 6 5 10 6 10 2 6 7 9 7 8 13 9 6 6 7 5 11 10 7 7 
12 11 13 16 13 12 11 12 6 12 10 16 11 1 17 4 6 7 9 7 8 9 13 11 11 13 11 15 6 14 11 9 9 14 5 11 10 8 12 7 6 9 13 4 15 13 7 9 11 14 7 12 3 10 13 8 9 12 5 9 4 12 12 12 11 16 6 8 8 4 8 6 11 8 13 11 9 14 8 10 9 12 13 4 11 10 11 11 5 11 13 15 19 9 11 11 13 8 4 17 9 11 13 8 14 12 8 3 13 12 8 10 9 16 10 4 9 11 8 14 5 11 9 9 6 11 11 12 6 7 11 12 9 8 9 9 7 9 11 7 8 13 9 12 9 12 7 8 11 12 9 11 9 14 4 13 9 13 9 10 9 17 12 5 14 12 12 7 8 10 9 10 14 8 10 18 11 10 5 9 11 16 11 11 5 11 10 6 8 11 11 9 10 9 6 9 13 7 12 15 
2 2 2 2 2 2 2 2 3 3 3 2 1 3 1 3 3 3 3 2 2 2 2 1 2 2 3 1 3 3 2 2 3 3 3 3 2 2 2 2 1 1 2 2 3 1 1 1 2 1 4 3 1 1 2 3 2 3 2 2 1 2 2 3 2 2 1 1 2 2 2 2 2 1 3 3 1 1 2 0 1 2 2 1 2 2 1 2 3 2 2 2 1 3 2 2 2 2 1 2 1 2 2 1 3 2 2 2 3 2 2 2 2 3 2 2 2 2 3 2 2 2 2 1 2 1 2 1 3 1 2 2 2 3 2 2 2 2 2 2 1 2 2 2 2 3 3 2 2 2 0 1 2 2 3 3 2 3 2 1 3 2 3 2 2 2 2 3 2 2 2 3 3 3 2 2 2 2 1 1 2 2 4 2 3 1 1 2 2 2 2 2 3 1 1 2 2 3 2 2 
4 5 3 4 4 5 3 2 4 5 6 5 4 5 2 3 4 5 5 4 3 3 6 5 3 6 3 5 5 6 4 3 4 5 5 3 6 5 5 4 5 6 5 5 3 5 2 3 2 4 5 4 4 5 3 2 3 6 4 5 5 5 5 3 2 6 3 2 5 3 4 3 5 4 7 3 4 4 5 3 5 3 5 3 2 6 4 3 3 2 5 2 2 6 3 5 4 2 4 4 6 4 3 7 3 4 5 5 5 3 5 4 6 1 3 5 4 6 4 5 4 5 4 5 2 7 3 4 7 6 5 4 7 4 3 6 3 6 4 4 3 4 3 2 5 3 3 4 1 2 6 4 3 5 2 2 6 1 2 3 5 5 6 1 5 5 4 4 5 4 3 4 5 2 3 5 3 5 4 4 6 3 3 3 4 3 5 4 4 5 6 3 4 3 3 2 5 2 3 6 
1 1 1 1 1 1 1 2 1 0 1 1 0 1 1 0 1 1 1 1 1 1 1 1 0 1 1 1 1 1 1 1 1 1 1 1 1 1 1 0 2 1 1 2 1 1 1 1 1 1 1 1 1 1 1 1 1 1 1 1 0 1 1 2 1 1 1 2 1 1 1 1 1 1 1 1 1 1 1 1 1 1 1 1 1 1 1 1 1 1 1 1 1 1 1 1 1 1 1 1 1 1 1 1 1 1 1 1 1 1 1 1 1 1 0 1 1 1 1 1 1 1 1 1 1 1 1 1 1 1 1 1 1 0 0 1 1 1 1 1 1 1 1 1 1 1 1 1 1 0 1 1 1 1 2 1 1 1 1 1 1 1 1 1 0 1 1 1 1 1 1 1 1 1 1 1 1 2 1 1 1 1 1 1 2 1 1 1 1 1 1 1 1 1 1 1 1 1 1 1 
9 9 12 14 10 15 6 10 10 4 12 4 6 10 11 5 5 6 8 9 7 12 11 9 5 8 8 8 13 13 5 13 6 10 7 11 8 10 9 17 13 12 9 9 10 8 9 6 13 9 10 6 10 11 6 15 10 3 11 6 12 10 13 11 8 11 14 7 7 8 11 6 7 7 11 4 6 5 8 14 13 9 7 10 8 12 8 12 6 5 8 11 10 12 9 15 5 8 7 11 6 18 11 9 11 15 7 9 19 16 8 17 8 14 7 13 11 9 9 10 7 9 9 10 10 5 14 9 10 9 11 7 9 8 3 10 11 11 12 9 8 8 13 6 11 6 6 7 4 7 10 9 19 6 13 9 10 11 8 8 13 7 10 10 9 4 9 9 3 6 10 9 9 7 10 7 12 9 9 7 3 8 4 0 9 7 8 6 13 9 11 7 15 8 6 10 8 7 7 10 
6 4 3 5 2 5 6 4 4 3 3 6 5 4 2 2 4 5 5 3 5 5 5 1 6 5 4 3 3 2 4 6 4 5 6 5 4 3 4 5 2 2 4 5 2 4 5 2 5 5 6 3 4 4 6 4 5 7 4 4 4 7 6 2 4 5 4 5 6 5 5 7 5 6 5 4 5 6 4 4 3 5 3 4 2 5 5 4 5 5 2 4 4 2 3 4 4 3 5 5 2 3 5 5 4 5 5 3 3 5 3 3 3 4 3 6 6 4 5 2 5 5 4 3 3 5 8 3 4 4 5 3 4 3 4 3 1 4 5 4 3 4 3 4 5 5 4 4 5 4 4 4 6 4 3 2 4 5 3 3 6 4 4 2 5 3 3 4 4 4 5 4 5 6 3 4 5 5 3 3 5 3 3 5 5 4 2 3 6 6 4 2 5 4 2 4 2 4 3 4 
1 1 1 1 1 1 1 1 1 1 1 1 2 1 1 1 1 1 1 2 1 1 1 0 1 2 1 1 1 0 1 1 1 1 1 1 1 1 1 2 0 1 1 1 1 1 1 1 1 1 1 2 1 1 1 1 1 1 1 1 1 1 1 1 1 1 1 1 1 1 1 1 1 1 1 1 1 1 1 1 1 1 1 1 2 1 1 1 1 0 1 1 1 1 1 1 1 1 0 1 1 1 0 1 1 1 1 1 0 1 1 1 1 2 1 0 1 1 1 1 1 1 1 1 1 1 1 1 0 1 1 1 1 1 1 1 1 1 1 1 1 0 1 1 1 1 1 1 1 1 1 1 1 1 1 1 1 1 1 1 1 1 1 1 1 0 1 1 1 1 2 1 1 1 1 2 1 1 1 1 1 2 1 1 1 1 1 1 1 1 1 1 1 1 1 1 1 1 1 2 
