NAME  : Jabali_50_4_0.82_1_0
TYPE : SVRP
MODEL : FINITE_SUPPORT
NUMBER_OF_SCENARIOS : 200
DIMENSION : 50
EDGE_WEIGHT_TYPE : MATRIX
CAPACITY : 91
N_VEHICLES : 4
NODE_COORD_SECTION
1 3583 1207
2 6532 3749
3 7036 2244
4 2753 3439
5 3848 778
6 571 2115
7 5419 967
8 7253 1457
9 435 2885
10 3852 1379
11 1326 797
12 2483 1268
13 1088 18
14 6601 1307
15 3993 2334
16 1986 1003
17 8956 2475
18 284 2120
19 8697 3072
20 2000 1792
21 5685 1543
22 2923 3009
23 4866 4144
24 2975 4823
25 4311 3106
26 3605 6717
27 9451 2165
28 7357 3905
29 3218 191
30 4541 933
31 5401 2689
32 3897 5378
33 5012 2376
34 7283 2396
35 6838 2658
36 4431 3850
37 3539 3765
38 6448 4331
39 8149 2526
40 27 305
41 4803 2942
42 2576 5920
43 8384 1219
44 1988 2398
45 5036 4133
46 5326 1256
47 7730 4294
48 2974 1655
49 5979 928
50 3845 5155
DEMAND_SECTION
1 0.0
2 5.0
3 8.0
4 2.0
5 3.0
6 2.0
7 3.0
8 1.0
9 5.0
10 6.0
11 8.0
12 6.0
13 5.0
14 2.0
15 3.0
16 7.0
17 10.0
18 7.0
19 8.0
20 10.0
21 1.0
22 6.0
23 7.0
24 10.0
25 9.0
26 8.0
27 9.0
28 5.0
29 9.0
30 2.0
31 10.0
32 6.0
33 6.0
34 5.0
35 9.0
36 2.0
37 10.0
38 4.0
39 2.0
40 5.0
41 9.0
42 8.0
43 7.0
44 9.0
45 10.0
46 10.0
47 9.0
48 4.0
49 6.0
50 5.0
DEVIATION_SECTION
1 0.0
2 1.66667
3 2.66667
4 0.666667
5 1.0
6 0.666667
7 1.0
8 0.333333
9 1.66667
10 2.0
11 2.66667
12 2.0
13 1.66667
14 0.666667
15 1.0
16 2.33333
17 3.33333
18 2.33333
19 2.66667
20 3.33333
21 0.333333
22 2.0
23 2.33333
24 3.33333
25 3.0
26 2.66667
27 3.0
28 1.66667
29 3.0
30 0.666667
31 3.33333
32 2.0
33 2.0
34 1.66667
35 3.0
36 0.666667
37 3.33333
38 1.33333
39 0.666667
40 1.66667
41 3.0
42 2.66667
43 2.33333
44 3.0
45 3.33333
46 3.33333
47 3.0
48 1.33333
49 2.0
50 1.66667
DISTANCE_MATRIX
0.0 44.5924 43.3797 27.5325 10.1231 40.2492 23.4094 46.1737 44.643 4.12311 30.8869 14.4222 41.7612 39.3573 35.0554 21.2603 69.7043 42.5441 66.2581 21.1896 30.5941 39.5513 54.7487 42.7236 42.127 65.8402 76.9396 55.4077 15.0554 11.4018 41.4367 47.7236 35.9026 45.8845 54.3415 51.4101 28.1647 45.4788 58.3961 51.1077 23.0217 57.9469 63.3383 33.7536 55.2063 24.5153 60.6631 20.3691 28.0179 45.5236 
44.5924 0.0 18.3848 41.53 46.5478 73.3621 42.1769 30.0832 72.6715 40.5478 74.5625 56.8266 85.2211 33.4228 71.783 64.4015 36.7696 76.4962 30.5287 60.8484 42.0119 88.6706 75.1477 42.45 68.6097 51.6624 44.3847 11.6619 59.6396 44.3379 56.8031 36.0139 56.6536 18.4391 51.2096 75.5115 31.9465 7.81025 26.6833 94.6681 21.5853 54.0833 43.0465 78.9538 74.7475 43.8987 18.0278 64.9533 36.2949 35.0143 
43.3797 18.3848 0.0 52.5547 45.9297 81.2698 25.5482 11.7047 81.7893 39.9297 73.9425 55.7626 85.6083 15.8114 50.5573 63.6469 27.0185 83.7589 24.6982 61.8842 25.318 65.2031 58.1808 58.1378 51.9711 69.9214 33.9411 20.2485 57.9929 36.7724 39.9249 53.6206 40.025 3.16228 33.0151 58.8218 45.1221 25.5539 15.8114 94.0163 28.1603 71.1224 26.4764 77.3071 57.6975 27.2701 26.4008 63.3066 19.6662 52.3828 
27.5325 41.53 52.5547 0.0 29.4094 32.6956 45.1774 61.8466 31.241 23.4094 40.8192 25.938 54.1265 58.3095 63.3151 31.0716 78.2443 35.8469 72.0465 20.3293 53.3385 66.2796 80.6563 17.4929 68.0346 42.9535 85.8595 52.345 43.3151 35.171 66.4831 27.2947 61.3514 54.626 76.0 77.3178 10.2956 41.8688 66.9361 56.2566 24.5967 31.8277 78.7464 58.4558 81.1069 47.5184 57.3847 48.2087 46.1736 25.1794 
10.1231 46.5478 45.9297 29.4094 0.0 47.3401 29.3452 51.1475 50.9444 6.0 40.0147 22.2788 51.3542 44.6264 45.1529 29.8537 72.2543 49.8292 68.8081 27.9545 37.0644 49.0883 63.2469 44.6005 50.6252 67.7171 79.4896 57.3631 25.1529 18.0416 49.1741 49.6005 43.9473 48.4345 60.5894 59.9084 30.0416 47.4343 60.9461 60.1202 25.0 59.8238 68.3121 43.6431 63.7045 31.02 62.6186 30.4667 32.8328 47.4005 
40.2492 73.3621 81.2698 32.6956 47.3401 0.0 63.561 86.345 9.21954 41.3401 22.8473 26.0 32.5576 79.6053 61.0082 22.0907 107.594 3.16228 103.879 19.4165 70.2282 59.8415 86.093 45.1774 72.0278 69.1809 114.83 84.1773 44.0789 51.4782 77.9392 57.7062 71.7008 83.7745 93.9202 80.3058 42.9535 74.0032 96.2861 27.8568 55.2072 53.7587 103.51 48.0833 87.0517 64.2573 89.4119 45.0111 68.0955 55.9017 
23.4094 42.1769 25.5482 45.1774 29.3452 63.561 0.0 24.2074 68.0074 23.3452 51.1017 37.5766 60.634 16.4012 27.2627 43.2666 48.9761 65.7419 48.7031 44.5982 8.24621 43.615 41.0366 57.2451 31.305 76.3358 54.7507 45.3124 33.0185 12.083 23.6008 57.9984 20.6155 28.3311 31.257 39.6611 42.0595 48.792 38.8899 71.2226 27.5333 72.2357 41.0366 47.9281 41.0122 3.60555 51.7666 38.3322 8.06226 56.0824 
46.1737 30.0832 11.7047 61.8466 51.1475 86.345 24.2074 0.0 90.0919 45.1475 75.0221 60.5905 84.5544 9.21954 47.5395 66.8595 25.7099 88.7032 27.074 67.102 22.1359 60.8249 50.6952 69.0 47.0106 81.6141 30.8707 30.4138 56.9389 35.4723 33.2415 65.3089 35.0571 12.2066 21.9317 52.469 55.3263 37.1214 17.1172 95.143 38.2099 82.3893 17.4929 68.6127 50.0 25.5539 35.609 55.8359 18.3661 63.8345 
44.643 72.6715 81.7893 31.241 50.9444 9.21954 68.0074 90.0919 0.0 44.9444 31.7648 31.257 41.7732 83.5708 68.3593 29.2746 107.792 10.8167 103.188 23.5372 75.1864 67.9117 93.5361 40.5216 79.404 63.0317 115.027 83.4867 50.1022 56.0446 84.214 53.4509 78.116 84.1165 98.9545 88.0568 41.4005 73.1095 96.4833 36.2353 54.6936 47.0425 107.256 56.648 94.4299 69.1231 88.6172 52.2398 71.7772 51.8652 
4.12311 40.5478 39.9297 23.4094 6.0 41.3401 23.3452 45.1475 44.9444 0.0 34.0147 16.2788 45.3542 38.6264 39.0689 23.8537 66.2543 43.8292 62.8081 21.9545 31.0644 43.6488 57.2451 38.6005 44.6252 61.7171 73.4896 51.3631 19.1529 12.0416 43.1741 43.6005 37.9473 42.4345 54.5894 53.9084 24.0416 41.4343 54.9461 54.1202 19.0 53.8238 62.3121 37.8511 57.6975 25.02 56.6186 24.4667 26.8328 41.4005 
30.8869 74.5625 73.9425 40.8192 40.0147 22.8473 51.1017 75.0221 31.7648 34.0147 0.0 19.2354 13.3417 67.4998 40.7941 11.0454 99.706 22.8035 96.8209 20.6155 56.7328 38.0132 65.192 56.6146 51.5893 82.2192 105.481 85.3778 30.0832 39.6989 59.808 67.6301 53.4883 76.4472 78.8634 59.0339 50.9578 75.449 88.9588 20.2485 53.0147 68.8767 92.0979 25.4951 66.2722 51.009 90.6333 26.0 57.3847 65.5881 
14.4222 56.8266 55.7626 25.938 22.2788 26.0 37.5766 60.5905 31.257 16.2788 19.2354 0.0 32.0 53.7122 38.6005 8.24621 82.0872 28.178 79.0869 8.06226 44.2719 40.4704 63.561 41.7334 49.4773 67.3406 89.3225 67.6419 19.0384 25.4951 53.0377 52.7489 47.0 58.2674 68.0074 58.5235 36.0766 57.7131 71.2249 38.6264 35.2788 54.5835 77.7551 32.5576 64.3273 38.2753 72.8974 22.8473 42.4382 50.707 
41.7612 85.2211 85.6083 54.1265 51.3542 32.5576 60.634 84.5544 41.7732 45.3542 13.3417 32.0 0.0 77.0321 43.9375 24.0832 109.282 31.4006 108.487 33.9559 64.0815 37.0 64.56 69.9214 52.072 95.5092 115.057 96.0364 39.6155 49.236 63.4357 80.9374 57.1883 88.1131 83.2644 57.9741 64.2651 86.7884 99.1961 14.5602 64.3542 81.939 100.749 23.4094 65.8027 60.5413 101.292 31.1448 66.9171 78.8954 
39.3573 33.4228 15.8114 58.3095 44.6264 79.6053 16.4012 9.21954 83.5708 38.6264 67.4998 53.7122 77.0321 0.0 38.3275 59.6406 34.9285 81.8841 36.0 60.4152 13.0 51.7119 42.72 67.6018 38.0132 82.9421 39.9249 36.0555 49.4166 28.3019 24.7386 65.4599 26.0 17.8885 18.9737 43.9318 53.0848 40.7383 26.0 87.6207 36.3456 81.7863 24.7588 59.4578 42.1545 17.0294 42.0595 46.6809 12.1655 63.8905 
35.0554 71.783 50.5573 63.3151 45.1529 61.0082 27.2627 47.5395 68.3593 39.0689 40.7941 38.6005 43.9375 38.3275 0.0 39.1152 73.2462 62.0322 73.6817 46.5725 25.4951 20.2059 25.1794 77.7535 11.0454 99.1964 78.1089 70.4006 32.0 28.4391 20.6155 80.7672 14.8661 53.3401 41.7732 19.9249 62.4309 72.6695 63.7887 57.6189 51.2311 92.9767 61.2699 26.3287 26.0768 24.0208 76.8548 16.1245 35.0571 78.6804 
21.2603 64.4015 63.6469 31.0716 29.8537 22.0907 43.2666 66.8595 29.2746 23.8537 11.0454 8.24621 24.0832 59.6406 39.1152 0.0 89.9714 23.5372 86.5253 10.8167 49.1935 38.8973 64.2806 46.8671 50.1597 72.4742 97.2067 75.2168 22.5529 31.4006 55.902 57.8825 49.6488 66.1516 72.6332 58.7832 41.2102 65.288 78.6632 30.4631 42.8537 59.6825 84.0238 28.8444 65.192 43.4166 80.4723 23.0217 48.9183 55.8406 
69.7043 36.7696 27.0185 78.2443 72.2543 107.594 48.9761 25.7099 107.792 66.2543 99.706 82.0872 109.282 34.9285 73.2462 89.9714 0.0 110.083 8.24621 88.2088 47.8017 86.3345 74.3303 79.0569 72.3395 84.006 7.61577 28.2843 81.6669 60.2003 58.0345 71.1969 60.531 24.0832 41.2311 77.0065 68.6608 39.8121 11.3137 119.649 53.6982 89.627 18.3576 94.2657 73.437 50.6952 28.1603 86.9806 43.0941 70.6116 
42.5441 76.4962 83.7589 35.8469 49.8292 3.16228 65.7419 88.7032 10.8167 43.8292 22.8035 28.178 31.4006 81.8841 62.0322 23.5372 110.083 0.0 107.013 22.0227 72.2357 60.407 87.0057 48.2597 73.0068 72.111 117.319 87.3114 45.8497 53.6656 79.4292 60.8276 73.1642 86.2637 95.8593 81.0987 46.0977 77.1373 98.7753 25.4951 58.3413 56.5685 105.868 48.2701 88.0 66.3099 92.546 46.1736 70.4911 59.0339 
66.2581 30.5287 24.6982 72.0465 68.8081 103.879 48.7031 27.074 103.188 62.8081 96.8209 79.0869 108.487 36.0 73.6817 86.5253 8.24621 107.013 0.0 84.7626 48.2597 87.6882 77.4661 72.2357 74.0068 76.0592 15.0333 20.8806 80.8713 59.9273 60.2993 63.7887 62.0 21.5407 45.6946 79.511 62.463 32.573 10.0 116.895 52.1019 82.2253 24.7588 100.185 76.6877 50.425 20.025 86.185 42.8211 63.3246 
21.1896 60.8484 61.8842 20.3293 27.9545 19.4165 44.5982 67.102 23.5372 21.9545 20.6155 8.06226 33.9559 60.4152 46.5725 10.8167 88.2088 22.0227 84.7626 0.0 51.6624 47.8812 71.5891 36.1247 57.4891 61.7318 95.4441 71.6636 27.095 32.573 61.0082 47.1401 55.0091 64.389 75.4321 66.4831 30.4678 61.4895 76.9006 37.4833 42.6935 48.8774 84.2666 39.0512 72.3671 45.607 76.8982 30.6757 48.7647 45.0982 
30.5941 42.0119 25.318 53.3385 37.0644 70.2282 8.24621 22.1359 75.1864 31.0644 56.7328 44.2719 64.0815 13.0 25.4951 49.1935 47.8017 72.2357 48.2597 51.6624 0.0 39.8222 34.4093 65.4599 26.6833 84.3436 52.9245 45.1475 38.6497 19.2354 16.2788 66.0062 14.8661 28.1603 23.7697 34.0147 50.2892 49.3274 38.3275 76.8537 35.5411 80.4114 37.2022 46.4768 34.2053 6.08276 51.6017 33.6999 12.2066 64.0902 
39.5513 88.6706 65.2031 66.2796 49.0883 59.8415 43.615 60.8249 67.9117 43.6488 38.0132 40.4704 37.0 51.7119 20.2059 38.8973 86.3345 60.407 87.6882 47.8812 39.8222 0.0 27.6586 81.6888 15.2675 104.805 90.5162 84.9673 36.4959 46.1164 29.5504 87.2493 25.804 67.9824 51.1081 21.2132 67.13 89.557 77.6922 51.5461 62.5583 94.9251 72.6947 13.6015 28.8617 40.1224 91.4215 20.2315 50.9557 85.0493 
54.7487 75.1477 58.1808 80.6563 63.2469 86.093 41.0366 50.6952 93.5361 57.2451 65.192 63.561 64.56 42.72 25.1794 64.2806 74.3303 87.0057 77.4661 71.5891 34.4093 27.6586 0.0 95.5249 14.1421 116.662 77.0 78.2624 56.6952 46.3249 18.3576 98.2344 20.5183 60.5392 34.1321 6.7082 80.455 82.4632 67.6831 79.1202 68.0147 110.788 58.0345 41.2311 1.41421 37.4833 84.5813 41.3038 46.6154 96.2133 
42.7236 42.45 58.1378 17.4929 44.6005 45.1774 57.2451 69.0 40.5216 38.6005 56.6146 41.7334 69.9214 67.6018 77.7535 46.8671 79.0569 48.2597 72.2357 36.1247 65.4599 81.6888 95.5249 0.0 82.973 25.632 86.6487 51.4782 57.7535 49.2443 80.1124 13.0 75.591 59.4827 86.399 92.2561 15.2315 39.8121 69.1231 71.2531 31.257 15.2643 84.4965 74.2512 95.8801 60.1664 54.7083 63.0672 56.1896 11.6619 
42.127 68.6097 51.9711 68.0346 50.6252 72.0278 31.305 47.0106 79.404 44.6252 51.5893 49.4773 52.072 38.0132 11.0454 50.1597 72.3395 73.0068 74.0068 57.4891 26.6833 15.2675 14.1421 82.973 0.0 104.738 76.2955 71.7452 42.6879 33.9706 14.8661 86.3134 12.0416 54.7449 36.2353 9.43398 67.9873 78.1097 64.0078 66.5738 56.7274 98.2365 58.2409 28.6854 15.0333 27.7308 78.1994 27.1662 38.2753 84.22 
65.8402 51.6624 69.9214 42.9535 67.7171 69.1809 76.3358 81.6141 63.0317 61.7171 82.2192 67.3406 95.5092 82.9421 99.1964 72.4742 84.006 72.111 76.0592 61.7318 84.3436 104.805 116.662 25.632 104.738 0.0 91.0879 56.0803 80.87 70.7672 99.8793 18.4391 96.2133 70.0928 101.906 114.022 37.8021 45.5412 76.3217 96.1769 48.8262 16.4924 94.2019 99.3602 116.825 79.6344 56.1427 86.1838 83.7213 20.5183 
76.9396 44.3847 33.9411 85.8595 79.4896 114.83 54.7507 30.8707 115.027 73.4896 105.481 89.3225 115.057 39.9249 78.1089 97.2067 7.61577 117.319 15.0333 95.4441 52.9245 90.5162 77.0 86.6487 76.2955 91.0879 0.0 35.6931 87.4414 65.9748 61.6604 78.6448 64.7611 31.1448 43.1045 80.2247 76.276 47.2969 18.6011 125.424 60.9335 97.0824 19.105 99.3749 76.0066 56.356 35.0 92.7551 48.8687 78.1025 
55.4077 11.6619 20.2485 52.345 57.3631 84.1773 45.3124 30.4138 83.4867 51.3631 85.3778 67.6419 96.0364 36.0555 70.4006 75.2168 28.2843 87.3114 20.8806 71.6636 45.1475 84.9673 78.2624 51.4782 71.7452 56.0803 35.6931 0.0 72.2924 55.1532 59.9333 42.9535 59.7892 18.4391 52.345 78.6471 42.638 11.7047 20.3961 105.483 32.4006 61.3922 38.8973 91.6066 77.8267 47.0343 7.0 77.6061 39.4304 42.45 
15.0554 59.6396 57.9929 43.3151 25.1529 44.0789 33.0185 56.9389 50.1022 19.1529 30.0832 19.0384 39.6155 49.4166 32.0 22.5529 81.6669 45.8497 80.8713 27.095 38.6497 36.4959 56.6952 57.7535 42.6879 80.87 87.4414 72.2924 0.0 21.6205 46.1123 62.7534 40.0147 60.4976 62.0803 51.8803 43.1946 60.526 71.5806 50.2041 38.0624 72.9767 74.0147 30.6982 57.4198 32.9258 77.5479 17.3137 39.3017 60.5534 
11.4018 44.3379 36.7724 35.171 18.0416 51.4782 12.083 35.4723 56.0446 12.0416 39.6989 25.4951 49.236 28.3019 28.4391 31.4006 60.2003 53.6656 59.9273 32.573 19.2354 46.1164 46.3249 49.2443 33.9706 70.7672 65.9748 55.1532 21.6205 0.0 31.3209 52.345 26.4008 39.5553 42.9535 43.2782 34.1321 45.2244 50.1141 59.8164 23.3238 64.4981 52.6308 40.9347 46.6476 13.1529 60.4087 26.9342 17.6918 50.2494 
41.4367 56.8031 39.9249 66.4831 49.1741 77.9392 23.6008 33.2415 84.214 43.1741 59.808 53.0377 63.4357 24.7386 20.6155 55.902 58.0345 79.4292 60.2993 61.0082 16.2788 29.5504 18.3576 80.1124 14.8661 99.8793 61.6604 59.9333 46.1123 31.3209 0.0 81.5414 6.32456 42.3792 21.6333 19.2354 64.8845 64.1186 50.3587 77.1171 51.0769 95.2733 43.4166 45.827 18.0278 20.2485 66.3099 33.8378 28.4253 79.6116 
47.7236 36.0139 53.6206 27.2947 49.6005 57.7062 57.9984 65.3089 53.4509 43.6005 67.6301 52.7489 80.9374 65.4599 80.7672 57.8825 71.1969 60.8276 63.7887 47.1401 66.0062 87.2493 98.2344 13.0 86.3134 18.4391 78.6448 42.9535 62.7534 52.345 81.5414 0.0 77.801 54.231 84.4334 95.5877 20.1246 31.4006 62.2013 83.006 30.5287 18.4391 79.0569 81.2435 98.4073 61.2944 44.9444 68.0671 66.1326 2.23607 
35.9026 56.6536 40.025 61.3514 43.9473 71.7008 20.6155 35.0571 78.116 37.9473 53.4883 47.0 57.1883 26.0 14.8661 49.6488 60.531 73.1642 62.0 55.0091 14.8661 25.804 20.5183 75.591 12.0416 96.2133 64.7611 59.7892 40.0147 26.4008 6.32456 77.801 0.0 42.7551 26.9072 19.2354 60.4152 63.9691 52.0 70.8697 47.5079 90.824 47.1699 39.5795 20.6155 17.0294 66.2434 27.5136 26.8328 75.8024 
45.8845 18.4391 3.16228 54.626 48.4345 83.7745 28.3311 12.2066 84.1165 42.4345 76.4472 58.2674 88.1131 17.8885 53.3401 66.1516 24.0832 86.2637 21.5407 64.389 28.1603 67.9824 60.5392 59.4827 54.7449 70.0928 31.1448 18.4391 60.4976 39.5553 42.3792 54.231 42.7551 0.0 34.0588 61.4003 46.8701 25.0799 12.8062 96.521 30.0833 72.0069 25.0799 79.8118 60.0083 30.0529 24.1868 65.8113 22.4491 53.0848 
54.3415 51.2096 33.0151 76.0 60.5894 93.9202 31.257 21.9317 98.9545 54.5894 78.8634 68.0074 83.2644 18.9737 41.7732 72.6332 41.2311 95.8593 45.6946 75.4321 23.7697 51.1081 34.1321 86.399 36.2353 101.906 43.1045 52.345 62.0803 42.9535 21.6333 84.4334 26.9072 34.0588 0.0 38.0789 71.5684 58.5235 36.7151 96.8547 55.1524 100.666 24.0208 65.6556 33.0606 29.8329 57.3847 52.8885 30.2655 82.8613 
51.4101 75.5115 58.8218 77.3178 59.9084 80.3058 39.6611 52.469 88.0568 53.9084 59.0339 58.5235 57.9741 43.9318 19.9249 58.7832 77.0065 81.0987 79.511 66.4831 34.0147 21.2132 6.7082 92.2561 9.43398 114.022 80.2247 78.6471 51.8803 43.2782 19.2354 95.5877 19.2354 61.4003 38.0789 0.0 77.2704 82.827 69.5845 72.5328 65.7951 107.52 61.5224 34.7131 8.06226 36.0555 85.0941 35.9171 46.0652 93.5094 
28.1647 31.9465 45.1221 10.2956 30.0416 42.9535 42.0595 55.3263 41.4005 24.0416 50.9578 36.0766 64.2651 53.0848 62.4309 41.2102 68.6608 46.0977 62.463 30.4678 50.2892 67.13 80.455 15.2315 67.9873 37.8021 76.276 42.638 43.1946 34.1321 64.8845 20.1246 60.4152 46.8701 71.5684 77.2704 0.0 31.8277 58.3138 66.3952 17.1172 30.4138 71.5891 61.6847 80.7775 44.9444 47.3814 48.5083 41.3056 17.8885 
45.4788 7.81025 25.5539 41.8688 47.4343 74.0032 48.792 37.1214 73.1095 41.4343 75.449 57.7131 86.7884 40.7383 72.6695 65.288 39.8121 77.1373 32.573 61.4895 49.3274 89.557 82.4632 39.8121 78.1097 45.5412 47.2969 11.7047 60.526 45.2244 64.1186 31.4006 63.9691 25.0799 58.5235 82.827 31.8277 0.0 31.0 95.5545 22.4718 49.8197 48.6621 79.8402 82.063 51.2142 15.5563 65.8397 43.6103 30.8058 
58.3961 26.6833 15.8114 66.9361 60.9461 96.2861 38.8899 17.1172 96.4833 54.9461 88.9588 71.2249 99.1961 26.0 63.7887 78.6632 11.3137 98.7753 10.0 76.9006 38.3275 77.6922 67.6831 69.1231 64.0078 76.3217 18.6011 20.3961 71.5806 50.1141 50.3587 62.2013 52.0 12.8062 36.7151 69.5845 58.3138 31.0 0.0 109.033 42.39 80.5047 18.7883 84.6005 66.9403 40.6117 22.8254 76.8943 33.0079 61.4003 
51.1077 94.6681 94.0163 56.2566 60.1202 27.8568 71.2226 95.143 36.2353 54.1202 20.2485 38.6264 14.5602 87.6207 57.6189 30.4631 119.649 25.4951 116.895 37.4833 76.8537 51.5461 79.1202 71.2531 66.5738 96.1769 125.424 105.483 50.2041 59.8164 77.1171 83.006 70.8697 96.521 96.8547 72.5328 66.3952 95.5545 109.033 0.0 73.1202 81.2527 112.219 37.9473 80.3617 71.1299 110.739 44.2041 77.5057 81.0 
23.0217 21.5853 28.1603 24.5967 25.0 55.2072 27.5333 38.2099 54.6936 19.0 53.0147 35.2788 64.3542 36.3456 51.2311 42.8537 53.6982 58.3413 52.1019 42.6935 35.5411 62.5583 68.0147 31.257 56.7274 48.8262 60.9335 32.4006 38.0624 23.3238 51.0769 30.5287 47.5079 30.0833 55.1524 65.7951 17.1172 22.4718 42.39 73.1202 0.0 45.607 54.5711 56.7606 68.1175 30.832 37.6561 43.3761 25.921 28.6531 
57.9469 54.0833 71.1224 31.8277 59.8238 53.7587 72.2357 82.3893 47.0425 53.8238 68.8767 54.5835 81.939 81.7863 92.9767 59.6825 89.627 56.5685 82.2253 48.8774 80.4114 94.9251 110.788 15.2643 98.2365 16.4924 97.0824 61.3922 72.9767 64.4981 95.2733 18.4391 90.824 72.0069 100.666 107.52 30.4138 49.8197 80.5047 81.2527 45.607 0.0 97.0052 87.1013 111.14 75.2396 63.2456 77.0832 70.9218 19.105 
63.3383 43.0465 26.4764 78.7464 68.3121 103.51 41.0366 17.4929 107.256 62.3121 92.0979 77.7551 100.749 24.7588 61.2699 84.0238 18.3576 105.868 24.7588 84.2666 37.2022 72.6947 58.0345 84.4965 58.2409 94.2019 19.105 38.8973 74.0147 52.6308 43.4166 79.0569 47.1699 25.0799 24.0208 61.5224 71.5891 48.6621 18.7883 112.219 54.5711 97.0052 0.0 83.144 57.0088 41.7732 41.5933 70.3671 35.5307 78.0064 
33.7536 78.9538 77.3071 58.4558 43.6431 48.0833 47.9281 68.6127 56.648 37.8511 25.4951 32.5576 23.4094 59.4578 26.3287 28.8444 94.2657 48.2701 100.185 39.0512 46.4768 13.6015 41.2311 74.2512 28.6854 99.3602 99.3749 91.6066 30.6982 40.9347 45.827 81.2435 39.5795 79.8118 65.6556 34.7131 61.6847 79.8402 84.6005 37.9473 56.7606 87.1013 83.144 0.0 42.45 44.7011 96.8621 15.0499 58.6159 79.0435 
55.2063 74.7475 57.6975 81.1069 63.7045 87.0517 41.0122 50.0 94.4299 57.6975 66.2722 64.3273 65.8027 42.1545 26.0768 65.192 73.437 88.0 76.6877 72.3671 34.2053 28.8617 1.41421 95.8801 15.0333 116.825 76.0066 77.8267 57.4198 46.6476 18.0278 98.4073 20.6155 60.0083 33.0606 8.06226 80.7775 82.063 66.9403 80.3617 68.1175 111.14 57.0088 42.45 0.0 37.4833 84.0952 42.19 46.4004 96.4002 
24.5153 43.8987 27.2701 47.5184 31.02 64.2573 3.60555 25.5539 69.1231 25.02 51.009 38.2753 60.5413 17.0294 24.0208 43.4166 50.6952 66.3099 50.425 45.607 6.08276 40.1224 37.4833 60.1664 27.7308 79.6344 56.356 47.0343 32.9258 13.1529 20.2485 61.2944 17.0294 30.0529 29.8329 36.0555 44.9444 51.2142 40.6117 71.1299 30.832 75.2396 41.7732 44.7011 37.4833 0.0 53.4885 31.9242 11.0454 59.3633 
60.6631 18.0278 26.4008 57.3847 62.6186 89.4119 51.7666 35.609 88.6172 56.6186 90.6333 72.8974 101.292 42.0595 76.8548 80.4723 28.1603 92.546 20.025 76.8982 51.6017 91.4215 84.5813 54.7083 78.1994 56.1427 35.0 7.0 77.5479 60.4087 66.3099 44.9444 66.2434 24.1868 57.3847 85.0941 47.3814 15.5563 22.8254 110.739 37.6561 63.2456 41.5933 96.8621 84.0952 53.4885 0.0 82.8616 45.8846 44.7772 
20.3691 64.9533 63.3066 48.2087 30.4667 45.0111 38.3322 55.8359 52.2398 24.4667 26.0 22.8473 31.1448 46.6809 16.1245 23.0217 86.9806 46.1736 86.185 30.6757 33.6999 20.2315 41.3038 63.0672 27.1662 86.1838 92.7551 77.6061 17.3137 26.9342 33.8378 68.0671 27.5136 65.8113 52.8885 35.9171 48.5083 65.8397 76.8943 44.2041 43.3761 77.0832 70.3671 15.0499 42.19 31.9242 82.8616 0.0 44.6154 65.8671 
28.0179 36.2949 19.6662 46.1736 32.8328 68.0955 8.06226 18.3661 71.7772 26.8328 57.3847 42.4382 66.9171 12.1655 35.0571 48.9183 43.0941 70.4911 42.8211 48.7647 12.2066 50.9557 46.6154 56.1896 38.2753 83.7213 48.8687 39.4304 39.3017 17.6918 28.4253 66.1326 26.8328 22.4491 30.2655 46.0652 41.3056 43.6103 33.0079 77.5057 25.921 70.9218 35.5307 58.6159 46.4004 11.0454 45.8846 44.6154 0.0 64.5139 
45.5236 35.0143 52.3828 25.1794 47.4005 55.9017 56.0824 63.8345 51.8652 41.4005 65.5881 50.707 78.8954 63.8905 78.6804 55.8406 70.6116 59.0339 63.3246 45.0982 64.0902 85.0493 96.2133 11.6619 84.22 20.5183 78.1025 42.45 60.5534 50.2494 79.6116 2.23607 75.8024 53.0848 82.8613 93.5094 17.8885 30.8058 61.4003 81.0 28.6531 19.105 78.0064 79.0435 96.4002 59.3633 44.7772 65.8671 64.5139 0.0 
DEMAND_SCENARIO_SECTION
0 0 0 0 0 0 0 0 0 0 0 0 0 0 0 0 0 0 0 0 0 0 0 0 0 0 0 0 0 0 0 0 0 0 0 0 0 0 0 0 0 0 0 0 0 0 0 0 0 0 0 0 0 0 0 0 0 0 0 0 0 0 0 0 0 0 0 0 0 0 0 0 0 0 0 0 0 0 0 0 0 0 0 0 0 0 0 0 0 0 0 0 0 0 0 0 0 0 0 0 0 0 0 0 0 0 0 0 0 0 0 0 0 0 0 0 0 0 0 0 0 0 0 0 0 0 0 0 0 0 0 0 0 0 0 0 0 0 0 0 0 0 0 0 0 0 0 0 0 0 0 0 0 0 0 0 0 0 0 0 0 0 0 0 0 0 0 0 0 0 0 0 0 0 0 0 0 0 0 0 0 0 0 0 0 0 0 0 0 0 0 0 0 0 0 0 0 0 0 0 
7 5 8 7 8 2 8 6 7 5 7 4 6 5 3 3 7 6 5 7 6 4 6 3 6 6 6 5 4 7 5 3 6 7 3 4 6 0 5 4 4 3 3 4 3 4 4 6 4 3 4 2 6 6 6 4 5 7 5 6 4 6 6 4 2 6 5 4 4 6 7 6 5 4 5 6 6 5 1 3 9 2 4 4 4 5 6 5 7 4 4 4 5 5 6 4 5 4 5 4 5 8 5 3 5 4 4 6 5 2 5 8 7 8 4 5 3 5 9 3 7 5 4 8 5 8 5 7 5 2 4 4 5 3 4 4 4 4 7 5 6 7 4 5 6 4 6 3 5 4 2 7 7 5 4 6 5 5 5 4 3 4 6 5 4 5 5 4 3 7 9 6 4 4 5 3 5 6 6 6 5 9 4 4 6 5 5 5 3 7 5 3 8 4 6 0 4 5 2 7 
5 12 13 10 11 6 10 11 13 15 9 5 7 12 4 10 9 8 7 8 7 8 7 9 9 10 6 6 7 5 9 9 9 9 8 10 9 3 13 10 6 10 9 12 7 10 11 9 8 10 8 5 5 13 11 7 9 6 8 9 13 6 10 6 4 7 6 9 6 8 11 6 7 9 6 4 6 3 5 6 10 10 12 7 7 9 8 8 7 12 6 8 10 10 8 0 4 7 9 5 7 8 9 7 13 8 10 6 10 9 3 6 4 10 9 7 7 6 8 3 10 10 6 5 9 6 6 9 12 5 1 6 8 6 10 7 11 9 11 9 8 6 8 6 11 5 13 7 9 9 11 11 6 10 9 9 7 8 9 9 6 8 3 8 7 6 7 5 8 9 11 7 13 6 2 6 8 4 2 5 5 9 8 7 13 7 8 8 9 7 8 5 3 6 6 7 1 10 9 9 
1 3 2 2 3 2 1 2 2 3 1 2 2 2 2 3 2 2 3 2 2 2 2 2 2 1 1 2 2 3 1 3 2 2 3 1 1 2 1 1 2 3 3 1 2 3 1 2 2 2 2 1 3 2 3 2 2 2 2 3 2 2 2 1 3 1 2 3 2 2 3 2 2 2 2 3 3 2 3 3 2 1 2 2 2 3 1 1 2 2 2 2 3 2 1 3 4 2 2 2 2 3 2 2 1 2 3 2 1 2 1 2 2 2 2 2 2 3 2 1 2 2 3 2 2 2 3 2 2 2 3 2 3 2 1 2 2 2 2 2 1 2 3 2 2 2 2 3 3 3 1 2 2 2 2 3 2 2 2 1 2 1 2 2 2 2 2 2 2 3 2 0 2 2 2 1 2 1 2 3 2 2 2 2 2 2 1 2 2 2 1 1 2 2 2 3 2 2 2 3 
5 4 1 4 2 2 3 2 4 3 3 2 2 4 3 4 1 4 3 4 5 3 3 2 4 2 3 2 4 2 2 2 2 1 3 2 2 4 4 3 4 3 2 3 3 3 3 4 3 3 2 3 2 4 2 5 2 3 2 3 3 3 3 4 3 2 2 2 1 5 3 5 1 1 4 2 3 5 1 4 4 3 3 1 3 2 5 3 2 2 3 4 4 4 3 4 5 3 2 4 3 5 2 4 4 4 4 3 4 0 3 4 3 2 1 4 3 4 4 5 3 2 3 4 2 5 2 3 3 3 5 3 2 3 4 4 3 2 4 1 3 4 3 3 2 3 2 5 3 4 3 5 4 2 3 2 3 4 3 3 4 4 3 2 3 2 4 2 3 2 3 4 2 3 2 3 3 3 4 2 4 5 3 3 3 2 2 3 3 2 2 3 4 4 6 2 2 2 5 5 
3 2 2 3 2 2 1 3 2 1 1 3 3 2 1 2 1 2 2 2 1 1 2 2 1 2 2 1 2 2 2 1 2 2 2 2 3 3 3 2 1 2 3 2 3 0 3 3 2 3 3 2 3 2 3 1 2 2 2 2 1 1 1 3 3 2 2 2 2 1 1 1 2 2 2 2 2 2 1 1 2 3 2 1 2 4 1 2 3 2 1 3 1 3 3 2 1 2 1 2 2 3 3 2 2 2 1 1 2 1 2 3 2 2 3 2 2 2 4 3 2 1 2 3 3 2 2 2 2 1 3 2 2 3 3 2 2 2 2 3 2 3 2 3 2 2 2 1 2 1 2 2 1 1 2 3 2 1 2 2 2 1 3 1 3 2 2 3 2 1 3 1 2 1 2 2 2 2 1 3 2 2 2 2 2 1 0 3 2 1 1 2 3 3 2 2 2 2 1 2 
4 1 2 4 2 1 6 3 2 2 3 4 6 3 3 3 3 4 4 3 3 4 1 3 1 5 4 2 3 3 5 3 1 3 4 3 3 4 3 5 1 5 3 3 4 3 4 2 4 3 3 2 5 3 4 4 3 2 3 2 3 4 4 2 2 1 5 5 4 4 2 2 3 2 3 2 2 2 2 4 2 2 1 2 2 2 3 1 4 3 2 4 3 4 4 3 2 3 1 2 3 3 5 3 5 4 3 4 4 3 3 3 2 3 3 5 3 2 3 3 4 2 5 4 3 4 2 4 3 3 2 3 2 5 5 4 4 3 3 4 2 4 2 4 4 4 2 3 3 3 4 2 4 4 3 2 5 2 4 1 4 4 3 3 4 3 3 4 4 2 2 2 5 4 3 3 3 5 2 3 1 4 1 4 4 4 4 4 3 3 4 3 2 2 4 3 4 4 1 3 
1 1 1 1 1 1 1 1 1 1 1 2 1 1 1 1 1 1 1 1 2 1 1 1 1 1 1 1 2 1 1 1 1 1 1 1 1 1 1 1 1 1 1 1 1 1 1 1 0 1 1 1 1 1 1 1 1 0 1 2 1 1 1 1 1 1 1 1 1 1 1 1 1 1 1 1 0 1 1 1 0 1 1 1 1 1 1 1 1 1 0 1 1 1 1 0 1 1 1 1 1 1 1 1 1 1 1 1 1 1 1 1 1 1 1 1 1 0 1 2 1 1 1 1 1 1 1 1 2 1 1 1 1 1 1 1 1 2 1 1 1 1 1 1 2 1 1 1 1 1 1 1 1 1 1 1 1 1 1 1 1 1 1 1 1 1 1 2 1 1 1 1 1 1 1 1 1 1 1 1 1 1 1 0 0 1 1 1 1 1 1 1 1 1 2 1 1 1 1 1 
9 9 5 5 7 4 8 10 6 3 6 6 3 7 2 4 5 1 5 5 3 6 7 6 3 6 4 7 6 7 4 3 5 5 6 7 6 4 3 3 7 5 5 6 5 6 5 5 5 5 1 4 8 5 7 5 3 6 5 4 6 3 5 4 5 2 8 6 4 5 4 5 4 7 6 4 5 5 3 3 4 6 6 8 6 3 6 4 4 6 1 6 2 8 6 5 5 5 5 5 4 7 4 8 6 6 5 4 5 4 3 4 1 3 5 4 7 6 2 7 6 7 5 6 3 4 5 7 7 5 3 5 6 3 5 7 6 8 4 5 4 6 4 6 6 4 7 9 4 7 5 8 4 4 6 9 7 6 8 4 4 3 6 4 5 6 7 5 5 6 4 6 3 7 5 6 5 6 6 5 8 5 5 6 5 4 6 7 4 5 4 6 4 9 5 7 2 6 5 6 
7 5 3 4 7 5 7 9 7 6 6 7 10 5 5 6 5 5 4 7 9 2 6 5 5 7 6 5 7 7 6 5 6 8 5 5 7 8 6 5 4 6 6 8 4 5 8 6 10 5 4 3 6 4 7 6 6 7 3 8 9 6 3 4 7 7 8 6 3 2 7 2 2 7 6 6 7 8 6 4 6 6 6 7 6 7 6 7 6 8 8 6 4 9 8 5 6 9 4 5 4 0 5 8 8 2 3 9 6 6 9 6 3 7 6 6 8 5 5 8 9 9 5 7 7 6 8 2 5 3 5 4 6 6 5 3 4 7 6 5 6 8 5 8 10 5 3 4 5 7 4 4 4 3 6 4 7 9 6 6 7 6 8 4 8 6 8 8 8 4 7 4 7 5 7 7 8 7 6 3 7 4 5 5 4 7 8 9 8 4 2 3 6 7 9 9 5 7 2 8 
2 12 13 8 14 8 8 5 11 6 6 9 11 9 12 8 7 8 3 4 6 7 6 10 4 10 11 6 7 11 8 5 6 7 10 7 8 4 7 4 5 6 9 6 12 10 8 6 9 11 8 6 2 14 7 8 9 1 8 8 10 13 10 6 5 7 11 8 11 9 4 5 5 5 7 6 6 10 10 7 6 8 7 12 9 11 4 5 3 7 9 9 9 5 11 6 4 9 8 9 4 5 6 9 9 9 12 12 12 8 4 9 14 6 7 4 12 6 5 10 7 11 10 8 7 11 9 11 8 6 11 5 6 6 8 11 16 9 11 7 9 6 9 6 6 5 11 13 10 6 10 11 9 3 12 5 8 13 4 9 9 3 10 14 8 1 6 8 5 4 9 8 6 12 7 8 12 8 9 10 9 11 7 6 7 6 14 3 6 10 7 8 6 8 10 7 6 8 9 9 
2 7 5 8 8 7 6 1 6 8 7 1 9 9 4 5 5 4 7 6 5 5 4 5 5 6 2 3 6 8 8 8 3 9 7 5 5 9 3 5 5 6 7 6 10 5 5 4 2 3 6 4 3 4 8 6 6 3 4 7 4 9 5 11 7 6 5 6 8 5 10 2 10 4 5 5 6 8 5 3 5 7 7 6 5 4 3 6 8 9 6 7 6 4 7 11 4 8 6 2 7 7 7 5 8 10 6 5 7 6 5 10 8 7 5 4 5 5 0 10 4 7 6 2 4 6 5 10 9 2 5 7 8 7 2 9 6 5 3 6 7 7 5 9 8 5 9 7 2 8 7 10 6 5 3 5 9 5 5 5 8 5 9 5 4 3 5 6 3 4 5 3 8 5 6 9 6 4 4 3 7 8 6 6 4 2 6 4 11 0 0 5 5 1 6 8 4 8 5 6 
1 7 6 6 6 6 4 9 4 6 5 5 5 2 6 9 3 5 3 6 4 6 5 4 2 6 5 6 3 5 6 6 3 7 5 2 5 5 4 2 5 6 6 7 7 7 6 3 5 4 5 8 5 5 5 5 5 5 6 7 7 5 6 6 4 3 5 4 4 6 6 5 8 5 6 5 5 7 4 3 0 7 5 7 8 6 3 5 3 4 10 4 1 8 5 4 5 4 5 4 7 7 6 5 4 5 4 7 6 4 6 1 4 4 6 3 5 5 5 7 5 4 3 4 5 12 8 5 6 8 3 7 9 9 6 3 7 1 3 5 10 6 4 5 4 6 4 5 8 4 4 5 6 4 7 6 4 5 4 8 4 6 5 3 5 4 2 5 6 6 6 6 4 5 8 5 4 8 5 4 5 7 4 5 4 7 4 4 8 5 6 8 5 4 7 2 6 7 3 4 
2 0 2 2 2 2 2 2 1 1 2 3 4 2 3 2 0 2 3 3 2 2 2 2 1 2 1 2 2 1 2 2 2 2 2 2 2 2 3 2 3 2 2 0 2 3 4 3 2 2 2 1 2 1 2 3 1 2 2 3 2 2 2 2 2 3 1 2 2 2 2 3 3 2 2 3 1 2 2 3 3 1 2 3 2 2 2 1 2 1 2 1 3 2 3 3 1 2 2 3 2 2 3 3 3 3 2 2 3 2 1 2 2 1 2 3 2 2 2 2 2 2 2 1 3 2 2 2 2 3 2 2 2 1 3 1 2 1 3 2 2 2 2 2 3 2 1 2 3 2 3 2 3 3 1 1 1 2 1 2 3 3 3 2 2 2 1 2 2 3 2 2 3 2 2 2 3 1 2 2 2 3 1 2 2 2 2 2 2 3 1 2 1 2 3 3 2 2 2 2 
4 3 4 3 3 2 2 2 1 3 3 4 2 5 5 2 3 2 5 2 1 2 0 5 2 3 1 1 1 1 2 3 3 4 3 4 2 3 0 4 5 2 2 3 5 3 1 3 3 3 4 4 2 2 3 2 3 2 3 3 3 4 3 4 3 4 3 3 3 2 3 3 3 2 3 2 4 4 4 2 3 4 5 2 4 3 3 3 3 4 4 4 3 2 3 4 2 3 3 4 4 5 5 6 2 3 3 1 5 4 5 4 4 3 3 2 2 2 3 4 3 3 2 2 3 3 2 3 3 6 2 3 4 2 3 2 4 1 2 4 3 2 3 3 4 4 3 2 3 2 2 3 3 3 5 3 5 4 3 5 4 3 1 2 3 2 3 2 3 3 2 1 4 3 4 3 1 2 4 3 3 3 1 2 4 4 3 2 2 4 1 3 4 3 4 3 4 4 2 3 
12 8 7 4 5 6 14 10 9 6 10 6 6 6 5 0 7 6 7 8 5 11 8 10 7 8 10 3 7 6 1 8 8 7 7 6 8 5 9 3 8 5 8 6 10 7 5 8 5 11 7 9 11 7 5 3 8 6 6 6 7 10 9 10 9 4 4 4 9 3 5 8 7 6 6 7 5 2 4 7 12 2 10 8 11 5 8 2 8 9 6 8 3 8 6 4 11 8 12 11 5 5 6 7 8 9 4 7 7 3 4 8 7 6 9 7 8 3 6 6 9 7 8 8 9 6 4 8 10 7 9 5 6 8 6 6 8 9 5 12 8 3 6 11 3 8 11 7 7 2 7 3 6 7 8 7 8 6 6 7 8 6 3 8 6 6 8 9 10 9 10 4 8 2 9 3 8 3 7 11 8 7 3 3 2 10 9 6 8 4 4 7 8 7 7 8 6 8 5 9 
5 11 12 10 13 13 9 13 10 9 7 6 12 11 6 10 18 8 12 17 4 9 5 8 2 8 11 10 8 11 11 8 5 13 12 10 18 14 12 11 3 10 6 11 9 4 12 10 12 9 11 4 8 6 3 10 4 10 7 18 7 15 16 11 6 7 8 12 12 13 11 7 9 4 8 14 12 10 15 9 3 7 17 15 12 14 10 6 9 8 14 11 12 8 17 15 10 17 10 12 8 16 10 15 4 9 17 15 13 11 12 5 11 13 11 9 12 10 11 10 17 13 20 9 12 11 10 8 9 9 10 11 12 7 5 10 16 11 16 11 10 11 12 10 9 8 9 9 6 4 13 8 6 11 13 5 11 13 6 12 8 13 10 4 15 10 10 12 15 13 11 7 7 12 12 10 9 9 12 16 18 12 8 10 12 10 12 9 14 10 13 7 11 8 9 22 10 6 3 8 
11 8 4 7 4 9 8 4 7 8 11 8 5 3 10 7 7 9 4 1 10 9 7 9 8 5 6 8 8 10 10 7 5 9 5 4 4 1 7 6 11 10 10 3 11 5 8 7 5 7 9 6 8 4 7 6 8 7 9 3 10 9 9 5 5 8 6 5 7 7 7 7 8 9 9 8 10 9 7 6 6 5 7 7 4 7 3 6 5 7 8 8 4 12 7 4 9 11 4 6 13 7 11 11 8 7 6 10 6 8 8 5 8 11 8 8 4 9 4 10 7 5 7 6 6 8 8 7 7 8 9 8 4 4 7 7 7 10 4 5 7 10 7 7 7 6 5 6 6 6 9 5 10 7 8 9 8 7 9 4 7 7 8 5 4 4 8 8 9 5 6 6 8 8 3 4 7 5 8 6 5 6 7 6 5 9 8 6 13 9 8 7 10 7 5 5 3 5 5 10 
10 4 7 13 8 8 9 13 6 11 13 6 6 7 7 8 7 9 7 10 12 10 7 12 8 9 6 9 11 9 6 13 10 9 13 7 9 4 4 10 8 13 8 9 7 9 9 9 9 7 9 12 7 16 6 11 12 10 6 6 12 6 14 13 5 5 9 7 8 8 6 7 12 8 7 9 13 5 5 2 5 7 8 12 11 4 5 5 7 8 5 11 9 11 5 8 7 9 3 6 9 8 4 4 10 6 10 10 6 6 11 8 10 8 11 7 11 10 5 7 7 6 2 11 5 8 10 10 14 11 4 8 5 6 9 4 9 12 8 12 4 9 8 8 11 4 8 4 9 12 12 15 10 8 7 11 8 8 8 10 8 10 11 3 9 11 6 12 6 11 7 9 6 7 2 11 6 9 4 7 12 7 13 8 7 7 3 10 2 6 10 11 2 14 11 5 9 8 9 10 
9 8 8 8 8 14 5 11 6 3 9 11 16 12 7 12 9 6 12 9 12 14 8 11 13 5 7 6 6 5 8 7 7 13 6 10 11 5 13 10 11 17 9 9 9 13 12 16 11 14 11 9 16 8 13 7 12 9 12 8 13 10 7 11 9 9 6 12 12 6 6 4 12 11 5 12 13 14 6 11 17 14 6 10 4 6 10 10 7 5 10 10 9 6 6 10 17 7 7 12 10 7 2 12 8 12 12 5 9 9 7 3 20 5 12 10 14 15 10 10 9 3 11 7 4 11 6 13 17 12 17 5 5 8 10 9 13 12 12 7 9 6 13 12 8 6 5 6 12 10 11 16 10 12 15 9 9 10 8 6 16 9 10 9 6 11 9 12 9 6 11 8 9 9 6 7 15 16 6 14 13 8 13 11 5 12 2 12 14 8 9 14 13 11 6 11 8 9 8 15 
1 1 1 2 1 1 1 1 1 1 1 1 1 1 1 1 0 1 1 1 1 1 1 1 1 1 1 1 0 1 0 1 1 1 1 1 1 1 1 2 1 1 1 1 1 1 1 1 1 1 1 1 1 1 1 1 1 1 1 1 1 1 1 1 0 0 1 1 1 1 0 1 1 1 1 1 1 1 1 1 1 1 1 1 2 1 1 1 1 1 1 1 2 1 1 1 1 1 1 1 1 1 1 1 0 0 1 2 1 0 1 1 1 1 1 1 1 1 1 1 1 2 1 1 1 1 1 0 1 1 1 1 1 0 1 1 1 1 1 1 1 1 1 1 1 1 1 1 1 2 1 2 1 1 1 1 1 1 1 0 0 1 1 1 1 1 1 1 1 1 1 1 1 1 1 1 1 1 0 1 1 1 1 1 0 1 1 1 1 1 1 1 1 1 1 1 1 1 1 1 
7 4 6 7 8 8 9 5 8 7 7 8 10 4 4 6 4 6 8 3 6 6 2 5 5 5 7 3 5 6 6 5 7 1 5 6 9 4 7 7 5 8 7 5 5 6 2 6 3 5 6 8 9 12 6 4 7 8 8 3 7 7 8 7 8 6 8 5 7 6 9 4 4 4 1 7 6 10 8 7 7 5 4 4 5 6 7 7 4 7 6 4 7 7 5 8 8 5 9 6 7 5 7 3 6 3 4 3 6 7 4 3 3 4 4 6 5 5 6 5 8 6 5 6 3 7 3 6 8 4 9 7 4 6 8 9 4 8 8 2 4 9 3 8 6 4 6 6 7 8 9 8 7 7 4 6 6 10 6 5 4 4 6 7 4 7 8 7 5 5 6 7 5 8 6 7 8 7 6 5 6 8 6 4 6 6 9 1 8 5 3 6 7 4 5 8 8 9 8 5 
11 8 8 4 7 9 7 11 5 6 8 4 5 5 4 9 8 10 5 11 8 6 8 7 8 8 4 9 5 9 7 6 3 8 13 6 3 7 5 5 9 4 6 9 9 8 7 5 4 13 7 4 4 8 8 4 9 5 7 9 4 4 11 7 8 2 7 8 7 9 10 9 7 6 11 10 8 5 9 5 13 9 11 5 2 9 8 7 7 4 6 4 8 4 4 5 7 4 9 9 6 4 6 5 7 8 9 5 5 6 8 10 10 8 7 6 6 7 6 8 6 7 4 8 7 5 5 5 4 7 11 9 5 10 6 7 7 7 5 5 9 7 5 7 7 8 3 10 2 7 5 6 6 10 10 10 7 9 5 11 4 4 5 3 6 7 9 8 7 9 5 6 9 7 7 9 11 9 7 6 4 8 4 8 8 7 6 3 8 2 7 8 7 8 7 9 4 7 5 8 
10 13 10 14 10 10 9 9 13 7 7 8 14 7 7 1 13 12 11 13 12 9 4 13 8 10 9 10 14 13 11 9 11 13 9 12 10 10 8 8 9 14 10 14 7 7 5 11 9 12 10 11 12 8 13 14 12 13 16 5 17 16 3 11 7 9 7 18 5 0 11 11 7 7 9 5 4 9 8 16 17 12 8 6 5 3 7 8 7 8 9 8 13 13 10 10 10 3 13 7 9 6 12 17 12 9 13 16 9 6 8 8 10 13 11 12 11 11 13 11 9 13 9 13 6 13 12 9 10 8 9 1 14 6 13 8 12 10 8 7 14 12 12 1 8 11 13 11 17 11 3 7 6 8 10 11 7 12 11 13 10 10 3 7 13 6 15 9 8 6 7 9 12 17 7 14 14 13 11 12 16 11 10 12 12 7 8 3 9 4 14 17 8 13 13 9 11 5 11 3 
11 5 8 13 6 8 14 7 11 11 8 8 8 7 10 9 8 12 8 4 8 11 4 13 8 11 6 6 10 13 3 6 6 5 9 9 12 9 10 6 12 12 8 7 10 5 9 11 8 11 8 10 8 12 13 14 9 11 10 9 7 13 6 8 11 10 9 11 9 9 7 10 6 12 6 13 15 8 9 9 7 10 6 10 3 6 6 5 12 7 7 8 3 9 10 6 14 5 8 14 8 10 7 10 9 11 9 10 7 5 15 5 11 11 4 8 15 7 11 11 7 9 8 7 10 8 8 7 13 6 12 8 7 8 6 11 7 7 16 10 11 14 5 15 10 11 10 5 11 5 6 8 4 9 9 9 4 14 6 6 6 8 6 13 7 10 4 12 10 13 8 11 13 10 11 7 12 15 13 9 11 9 12 13 8 7 9 8 13 12 10 13 10 13 9 6 7 17 12 12 
9 12 7 6 11 6 3 10 7 12 5 11 7 4 9 7 8 8 9 9 9 13 10 10 4 11 4 9 6 8 8 5 9 11 9 11 8 13 9 11 10 11 10 9 11 5 10 10 5 5 9 8 10 8 6 10 8 10 10 10 7 8 7 7 5 10 11 9 8 13 7 8 5 7 8 5 8 9 7 6 3 9 10 11 7 8 9 4 2 11 8 9 14 8 7 0 7 13 1 11 8 7 8 7 11 8 10 9 7 11 5 9 11 12 9 5 8 8 6 13 11 3 7 8 9 8 6 7 8 4 6 8 13 12 11 7 6 10 10 5 9 9 8 7 8 8 5 8 5 8 5 4 13 10 7 6 3 8 10 11 5 12 8 11 5 10 6 9 10 13 10 8 3 5 11 13 8 5 16 5 11 7 9 13 10 11 9 11 10 7 3 7 10 10 6 2 6 9 6 11 
18 10 8 10 11 9 8 11 9 9 12 11 2 4 10 7 9 2 7 8 10 14 12 7 13 12 10 9 7 11 10 8 8 4 10 8 9 10 12 14 5 15 10 13 8 15 7 9 10 8 12 8 8 11 9 14 7 14 12 9 10 8 5 0 8 10 6 11 10 11 12 5 10 8 8 8 10 2 14 7 12 10 11 12 13 12 8 10 9 2 7 8 9 6 12 11 7 11 8 4 3 8 13 7 14 6 4 11 10 13 13 6 6 4 13 9 13 8 12 11 11 9 8 12 2 7 7 11 6 13 11 9 9 7 5 4 7 5 14 14 7 11 13 8 8 13 12 8 12 14 11 4 3 9 9 8 7 9 4 10 8 8 10 13 8 15 12 9 7 3 8 12 9 5 9 10 9 8 12 8 12 6 5 10 11 8 6 8 10 7 10 6 8 10 10 7 12 12 10 11 
3 5 7 6 6 4 4 4 5 4 3 5 5 4 5 5 3 6 5 4 5 4 6 3 5 6 8 6 4 5 7 5 4 5 5 6 6 5 5 2 4 3 6 4 5 1 5 3 8 6 6 4 7 5 3 5 5 7 5 7 4 2 6 3 5 7 2 4 6 5 7 4 3 6 7 8 5 5 4 3 3 5 5 4 5 6 6 2 5 5 6 4 5 8 5 6 3 7 4 5 3 2 5 5 0 7 3 5 6 6 4 7 5 2 6 4 4 6 3 7 4 4 3 4 4 5 6 4 5 8 8 5 5 4 8 6 6 5 3 6 4 4 5 2 5 5 5 6 4 4 5 7 2 7 4 3 7 2 4 6 3 8 3 3 6 3 7 7 4 2 4 2 7 4 5 5 2 4 4 5 8 6 5 5 6 5 4 4 4 7 6 5 4 6 6 8 5 6 7 5 
9 11 6 8 14 6 3 10 10 8 8 6 13 9 6 7 10 10 7 9 7 9 12 7 5 16 9 11 8 9 6 11 9 12 9 5 12 9 7 9 14 8 18 14 11 10 10 8 10 5 12 7 9 12 5 8 3 2 11 12 13 5 4 13 12 11 8 10 7 11 6 14 7 8 11 8 9 15 2 5 14 12 8 0 6 6 13 12 8 8 8 11 9 10 10 6 8 12 6 10 7 11 3 8 6 6 6 13 9 8 12 8 12 2 12 10 10 8 8 12 9 12 7 10 9 4 8 9 9 11 4 10 4 4 9 10 9 5 10 5 14 9 8 11 7 5 10 15 4 5 11 11 10 4 10 12 8 11 10 10 7 9 13 3 5 11 10 6 12 11 8 9 13 7 8 15 3 9 9 6 12 16 8 9 8 13 8 11 8 9 14 10 12 9 9 8 16 9 4 11 
1 2 2 2 1 1 2 2 2 2 2 2 1 2 3 2 2 2 2 1 2 2 3 2 1 2 3 1 2 2 2 2 2 3 2 1 2 3 1 3 2 2 3 3 0 2 2 2 1 3 2 2 3 2 2 1 2 1 2 1 2 2 3 3 2 2 3 3 2 3 4 2 2 2 3 2 2 3 1 2 2 1 1 2 3 1 2 2 2 3 2 2 2 2 2 4 1 3 2 2 2 2 3 2 3 2 2 3 3 1 3 3 2 2 2 1 2 1 2 2 3 2 2 1 2 2 2 2 3 2 2 2 3 1 3 2 2 2 1 1 2 1 3 2 2 2 1 2 1 2 2 3 2 2 1 2 2 2 1 3 2 1 2 3 1 2 2 1 2 2 3 3 1 2 2 1 3 1 2 1 1 2 2 2 2 1 2 3 1 4 2 3 3 3 3 2 2 1 2 2 
12 13 4 13 11 12 6 10 12 6 6 13 9 7 10 17 8 14 7 6 10 5 12 7 8 9 12 20 12 4 5 1 9 9 5 13 8 14 5 11 6 5 7 4 13 8 15 11 12 16 8 8 6 9 12 10 12 5 16 8 5 5 11 11 5 12 6 9 10 10 14 8 11 16 13 13 9 10 6 8 15 15 18 5 5 12 11 11 8 7 13 9 13 19 11 15 9 7 11 5 12 11 15 7 11 7 7 12 9 6 15 8 12 7 3 10 10 15 7 11 8 10 10 12 14 17 10 13 9 10 15 7 10 4 11 11 13 10 12 9 17 9 14 9 14 14 9 7 5 10 8 6 12 14 2 16 11 10 4 12 12 8 6 10 15 7 14 8 13 6 9 6 9 11 9 9 4 12 12 14 9 11 8 11 9 11 15 14 20 8 13 9 8 5 14 8 7 14 9 11 
7 8 7 6 6 7 8 5 6 3 5 4 9 5 4 10 4 6 6 10 7 5 5 8 8 8 6 4 9 9 7 6 3 4 11 3 6 7 3 7 8 5 6 5 5 3 3 4 8 6 5 3 7 7 6 5 4 5 7 5 5 5 9 8 4 5 3 6 8 5 5 7 5 5 9 7 5 5 1 7 8 6 7 6 5 4 4 7 4 8 3 6 7 4 5 4 9 5 5 5 9 6 8 7 6 6 3 6 6 9 3 6 6 8 5 5 4 7 9 6 6 6 7 7 4 3 8 6 5 5 8 4 6 4 6 6 7 9 4 6 5 5 6 7 4 7 6 7 6 6 6 5 4 8 7 11 6 6 6 9 6 5 5 8 6 6 9 6 6 6 7 6 9 7 8 4 7 4 4 4 4 9 6 4 2 3 4 9 5 3 7 7 5 7 6 8 9 5 6 8 
7 7 9 6 6 3 7 8 7 7 6 6 8 4 6 6 9 4 4 7 5 7 8 8 7 8 5 3 9 5 6 6 7 7 10 7 7 8 2 9 6 4 5 9 8 7 3 4 4 7 4 5 4 2 6 6 4 3 8 7 3 10 8 2 8 8 6 7 4 6 5 10 4 7 6 3 4 5 4 6 7 7 6 5 7 6 8 6 6 7 5 4 5 7 6 8 7 6 7 5 8 8 11 6 8 10 5 7 9 7 8 5 5 7 7 10 9 10 8 4 8 6 8 7 9 7 4 6 6 5 3 4 7 8 7 6 8 8 7 11 4 8 5 10 6 10 6 9 8 7 5 8 5 6 8 6 4 7 10 5 3 8 6 7 3 9 7 7 9 5 4 4 6 6 5 7 7 4 8 12 5 4 7 7 4 7 6 6 6 8 4 7 9 8 7 6 3 9 6 6 
3 7 3 2 6 3 8 7 4 6 6 4 4 3 5 8 5 2 5 4 5 6 3 5 5 3 5 6 3 5 7 2 3 5 7 6 3 5 5 5 3 1 6 3 6 4 7 5 6 5 7 8 4 6 4 6 5 6 6 7 2 5 5 3 9 4 5 2 3 5 4 7 6 5 3 6 3 5 5 5 5 7 5 4 4 7 7 5 5 7 6 2 6 4 5 4 4 3 6 2 5 7 6 5 7 4 3 7 5 6 6 6 5 4 6 6 2 3 4 5 6 6 4 9 6 7 5 6 6 7 4 2 7 6 5 8 4 5 6 6 5 2 7 5 3 5 3 5 4 7 7 4 4 1 7 4 6 5 8 3 4 4 5 8 3 3 6 3 5 3 2 3 5 9 3 1 4 5 8 6 5 5 4 6 5 5 3 5 5 5 7 3 4 6 5 5 5 5 4 3 
6 9 11 8 10 8 5 12 8 10 13 10 8 8 7 7 19 3 9 8 10 11 8 6 6 8 11 12 9 15 9 11 5 5 8 8 7 5 8 11 9 11 8 13 5 8 9 11 10 8 7 7 8 5 15 9 4 7 5 10 6 9 4 8 10 9 6 9 14 11 11 9 11 6 10 8 10 7 9 9 10 9 3 13 8 11 6 12 11 9 14 11 7 8 10 8 6 8 6 11 7 13 10 4 10 8 12 13 10 13 9 13 12 4 5 11 3 13 6 12 7 9 10 5 9 7 8 12 12 10 10 12 10 14 7 11 11 9 8 7 12 12 7 3 9 12 12 10 12 7 11 5 9 9 8 8 9 10 8 13 2 9 8 7 10 6 8 9 13 11 7 10 10 9 10 15 7 9 4 9 11 11 10 4 10 11 4 10 8 10 7 11 11 4 6 5 9 12 7 13 
2 2 2 2 2 2 2 1 3 3 2 2 2 0 2 1 1 2 1 3 2 1 2 3 3 1 2 2 2 2 2 2 3 2 2 2 3 1 3 1 1 3 2 2 2 2 1 2 1 2 2 3 2 2 2 2 2 2 2 2 2 1 2 1 2 2 2 3 2 2 1 2 1 2 3 3 1 2 2 2 3 2 2 2 2 2 2 2 3 3 0 3 3 3 3 2 2 3 2 2 2 1 2 2 3 3 2 2 2 2 2 2 2 1 2 2 3 2 3 3 2 4 3 2 1 2 3 1 2 2 3 2 2 2 2 2 1 2 2 2 1 3 2 2 2 2 2 2 2 1 2 2 2 3 3 3 3 2 0 3 2 2 2 2 1 2 1 3 2 3 1 2 2 1 3 3 2 3 4 2 2 2 2 1 2 2 2 1 3 2 3 1 1 2 1 1 2 2 2 2 
6 10 14 6 7 14 11 11 12 4 13 12 11 9 9 13 8 12 9 8 6 13 14 5 10 7 9 11 6 9 11 7 10 0 12 12 16 13 12 5 3 7 14 10 5 15 11 12 9 15 7 10 12 9 11 9 5 17 9 5 8 4 13 10 13 9 18 11 15 17 9 14 9 10 3 13 14 9 10 10 9 9 10 6 5 11 11 7 11 10 14 8 10 10 13 6 9 13 7 5 13 7 9 12 15 3 9 6 11 19 3 12 11 12 15 14 10 9 10 11 5 13 13 11 12 15 6 6 9 11 7 11 8 14 12 9 9 17 14 6 13 12 9 12 14 10 12 3 8 7 8 9 12 12 9 7 8 3 13 8 15 7 16 7 6 13 13 8 7 11 10 10 14 10 13 9 10 10 0 9 5 10 15 15 5 8 11 9 10 11 6 11 10 13 12 12 12 10 6 16 
3 4 2 5 5 4 3 3 4 2 4 4 4 6 4 3 7 6 4 2 5 3 5 3 3 6 2 1 4 3 3 5 2 4 2 4 5 5 5 4 3 5 5 2 6 5 5 7 4 4 2 5 3 5 4 2 3 4 6 3 4 4 3 5 6 3 6 4 5 2 2 4 3 7 4 5 3 3 3 8 4 4 4 2 4 3 4 1 3 3 4 5 4 2 3 3 5 5 6 4 3 3 3 2 3 3 4 4 3 3 4 5 5 5 4 3 5 4 3 3 4 5 2 6 4 4 4 4 5 2 5 5 4 6 3 4 6 2 5 4 4 3 3 5 3 3 7 4 4 2 3 5 3 4 1 4 6 4 5 3 3 2 5 3 5 3 5 5 3 6 4 3 3 4 4 3 6 6 2 3 4 5 5 5 2 2 6 6 4 3 6 3 7 6 5 5 3 4 4 3 
3 2 3 3 2 2 2 3 1 2 2 2 2 1 3 3 2 2 2 1 1 3 2 2 2 3 2 3 3 2 3 2 1 2 2 2 2 2 3 2 1 1 1 2 2 1 4 2 3 1 3 2 2 2 3 1 1 1 3 3 2 2 3 1 2 2 1 2 2 2 2 2 3 3 3 2 2 2 2 3 2 2 2 3 2 2 2 2 2 2 2 3 2 3 3 2 2 3 3 3 1 2 2 2 2 2 2 1 2 2 1 3 2 2 2 3 1 1 2 2 1 2 2 1 2 3 2 2 2 2 2 1 1 2 0 2 2 2 3 1 2 2 2 1 2 2 1 4 2 2 2 2 2 1 2 2 3 3 2 2 3 1 2 2 2 2 1 3 2 4 2 2 2 2 2 2 2 2 1 2 1 3 2 3 2 2 2 3 2 2 2 2 2 3 0 1 1 1 2 1 
5 6 6 6 3 4 1 2 4 3 5 6 5 5 7 4 6 1 4 7 5 2 4 5 7 6 6 7 3 6 3 3 6 3 4 4 7 2 7 7 6 4 5 3 6 4 4 7 4 5 3 4 5 7 4 6 4 7 7 5 5 7 6 4 3 4 7 5 3 8 4 5 4 5 5 4 4 4 4 3 2 2 4 6 4 7 1 6 4 4 5 2 5 5 5 1 6 6 6 6 3 6 9 4 2 4 4 8 5 4 6 6 5 6 5 3 4 8 4 5 6 8 3 7 9 4 6 6 5 7 4 3 5 2 5 7 5 4 6 6 7 7 7 7 6 4 6 4 5 5 2 9 3 6 8 6 4 4 5 5 5 5 4 5 5 6 5 5 7 7 2 5 7 5 7 6 3 5 6 5 5 2 4 7 3 2 9 5 5 2 3 5 4 5 2 5 3 5 2 0 
2 6 6 16 8 8 8 7 13 8 14 3 8 13 17 7 9 11 5 9 10 11 11 8 10 8 7 12 8 8 10 8 9 9 10 6 9 8 13 12 9 6 4 8 5 11 12 11 13 8 5 4 6 9 7 10 10 6 4 8 9 11 7 9 11 11 11 8 5 4 16 4 2 6 12 10 7 8 10 12 12 8 15 17 4 13 10 13 12 7 10 11 8 9 11 5 11 17 8 10 11 5 16 12 6 7 14 10 6 10 15 9 8 9 5 10 14 6 8 11 14 6 9 7 9 10 3 12 10 4 8 10 15 11 7 4 9 4 7 9 10 8 8 11 6 11 8 14 10 8 10 7 5 9 8 9 7 7 13 9 6 11 7 7 13 10 13 12 10 6 12 10 8 7 9 11 13 8 10 7 14 5 10 9 8 6 13 6 9 11 15 13 9 10 8 11 12 10 10 8 
8 4 8 11 11 10 7 5 3 2 6 7 10 8 12 10 7 10 8 10 5 6 5 11 9 8 11 5 7 8 11 10 9 8 8 13 7 7 8 10 11 6 6 7 11 11 6 9 12 13 10 9 7 10 8 7 7 9 6 10 11 6 12 1 8 12 11 6 9 6 9 6 7 5 11 3 6 3 6 7 9 7 8 14 10 6 9 4 12 2 8 10 7 7 8 11 6 11 9 12 10 3 9 9 7 6 6 8 9 7 3 7 7 13 9 11 5 10 8 6 0 9 6 10 6 14 7 4 6 8 9 11 7 10 8 10 7 9 10 5 3 10 12 10 7 10 12 4 4 8 7 7 10 10 9 9 7 8 12 10 7 8 10 4 3 2 4 6 8 7 9 9 8 11 6 8 3 4 6 7 8 8 7 9 11 5 11 10 11 5 9 11 1 2 10 8 11 7 9 8 
11 7 8 10 6 6 7 11 11 8 7 4 5 7 5 10 8 8 9 8 9 13 10 5 8 5 6 13 9 9 8 12 5 2 8 6 10 5 9 6 9 11 4 10 5 15 9 8 3 5 9 8 6 9 8 9 3 7 6 7 7 8 6 6 5 7 8 9 8 8 7 9 7 8 10 7 6 8 9 4 9 3 4 4 8 7 4 5 5 11 8 6 4 6 7 4 9 7 6 7 8 6 6 6 2 7 2 3 8 7 7 8 11 2 11 7 6 6 7 6 3 6 7 10 10 8 6 7 5 3 7 10 9 5 6 4 9 10 8 7 7 7 7 7 7 9 7 10 5 6 10 7 5 6 7 11 9 8 10 8 6 6 4 9 8 10 11 9 5 8 4 5 6 6 6 5 8 6 7 4 6 8 12 7 9 8 4 10 6 8 6 5 3 6 7 8 3 7 5 10 
