NAME  : Jabali_50_4_0.82_1_2
TYPE : SVRP
MODEL : FINITE_SUPPORT
NUMBER_OF_SCENARIOS : 200
DIMENSION : 50
EDGE_WEIGHT_TYPE : MATRIX
CAPACITY : 84
N_VEHICLES : 4
NODE_COORD_SECTION
1 3342 3144
2 4288 4078
3 1663 2089
4 3704 4984
5 178 1167
6 2902 4931
7 544 1826
8 6814 5439
9 1510 5917
10 6645 6263
11 6305 2495
12 7648 5606
13 2536 6465
14 4006 2316
15 5662 3348
16 4986 247
17 3066 3202
18 3597 5911
19 3086 4708
20 4008 6044
21 4658 6552
22 2637 4765
23 6404 3717
24 7871 4871
25 6025 5775
26 3098 1652
27 517 5758
28 2462 4330
29 27 1530
30 1885 2084
31 3873 2755
32 1888 861
33 5644 1861
34 2395 624
35 1384 553
36 6276 5850
37 5745 2591
38 1538 6210
39 4616 3616
40 2271 2465
41 3577 18
42 634 3351
43 1556 1105
44 5489 6677
45 5347 4585
46 2215 8057
47 2119 1723
48 3261 6151
49 6314 4618
50 6832 4266
DEMAND_SECTION
1 0.0
2 6.0
3 2.0
4 8.0
5 5.0
6 3.0
7 7.0
8 5.0
9 5.0
10 5.0
11 6.0
12 7.0
13 7.0
14 6.0
15 10.0
16 8.0
17 3.0
18 4.0
19 10.0
20 1.0
21 5.0
22 2.0
23 9.0
24 9.0
25 10.0
26 5.0
27 8.0
28 10.0
29 2.0
30 9.0
31 8.0
32 1.0
33 4.0
34 5.0
35 6.0
36 1.0
37 6.0
38 10.0
39 4.0
40 8.0
41 5.0
42 1.0
43 4.0
44 6.0
45 2.0
46 5.0
47 5.0
48 6.0
49 6.0
50 10.0
DEVIATION_SECTION
1 0.0
2 2.0
3 0.666667
4 2.66667
5 1.66667
6 1.0
7 2.33333
8 1.66667
9 1.66667
10 1.66667
11 2.0
12 2.33333
13 2.33333
14 2.0
15 3.33333
16 2.66667
17 1.0
18 1.33333
19 3.33333
20 0.333333
21 1.66667
22 0.666667
23 3.0
24 3.0
25 3.33333
26 1.66667
27 2.66667
28 3.33333
29 0.666667
30 3.0
31 2.66667
32 0.333333
33 1.33333
34 1.66667
35 2.0
36 0.333333
37 2.0
38 3.33333
39 1.33333
40 2.66667
41 1.66667
42 0.333333
43 1.33333
44 2.0
45 0.666667
46 1.66667
47 1.66667
48 2.0
49 2.0
50 3.33333
DISTANCE_MATRIX
0.0 19.1212 26.4197 25.0877 50.2195 24.0832 42.2019 57.4503 45.2769 62.9943 40.7922 67.9806 45.4533 13.0384 32.714 47.7823 3.16228 36.4269 21.4009 38.9572 50.3138 23.4307 44.9929 67.1069 53.5605 21.1007 52.2015 20.1246 49.6488 24.5967 9.05539 35.9027 36.1248 37.4271 42.561 55.768 33.541 47.7074 18.7319 17.4929 45.817 37.1618 35.6931 60.4381 34.4837 67.624 24.7386 39.3573 45.9228 51.3044 
19.1212 0.0 44.4231 18.6143 67.7422 22.0227 59.6825 40.1647 45.3982 45.7086 35.171 50.695 40.5429 30.7302 21.2132 55.5897 20.3185 42.9931 19.0 45.1647 44.8 24.0832 28.6371 49.8213 36.2748 40.0768 56.0357 25.2982 67.6644 42.7705 25.245 54.6643 36.0555 56.1887 61.3227 38.4823 29.1548 46.8988 8.60233 35.5106 62.1503 51.225 54.4756 44.6799 17.198 77.608 43.4522 47.7746 28.6371 34.0518 
26.4197 44.4231 0.0 46.7687 24.0832 41.1096 16.2788 82.7523 52.8394 88.2962 62.3452 93.2826 60.1664 31.251 55.9385 51.0882 24.1661 57.0 40.0 60.0364 71.7628 38.3275 67.2427 91.8785 78.8625 19.4165 53.0377 32.3883 23.2594 2.23607 31.4159 16.2788 52.9245 20.5913 20.6155 81.0699 55.9789 55.9464 44.0338 8.94427 37.0 22.4722 13.4164 81.887 59.7856 81.3449 7.07107 58.2151 71.2247 76.0631 
25.0877 18.6143 46.7687 0.0 68.0074 11.1803 60.0833 42.2841 33.0 44.7935 48.7614 53.6735 25.9422 36.9288 34.4437 70.4526 25.0877 13.0384 9.21954 15.2956 26.4201 14.4222 40.0 55.9464 34.9522 45.4032 44.7214 18.4391 69.1231 45.5817 31.4435 58.9234 53.899 60.4478 65.5459 37.5767 43.7616 34.1321 25.4959 38.4868 74.9237 47.2017 58.4814 36.5444 22.2036 46.8615 47.5186 16.9706 35.4401 42.9535 
50.2195 67.7422 24.0832 68.0074 0.0 60.4152 8.06226 106.076 64.7765 112.037 85.2606 116.606 76.0 55.3198 80.0073 68.6586 47.7074 76.6877 60.1664 80.1864 91.311 57.0701 91.3115 115.732 102.195 42.0122 59.808 51.1957 6.7082 26.1725 55.4847 27.6586 75.7989 34.9285 24.0208 103.284 79.1201 67.897 67.3574 32.8024 51.3517 26.4764 22.8035 103.159 83.1093 94.8947 28.6007 76.7919 94.5483 100.132 
24.0832 22.0227 41.1096 11.1803 60.4152 0.0 52.7731 53.4628 23.5372 54.5271 56.8859 64.8521 21.4009 36.7967 43.1856 70.425 23.0217 16.2788 3.16228 19.8661 30.9906 3.60555 50.2523 67.1193 46.1309 43.0551 34.1321 9.21954 62.3939 40.3113 31.4159 54.8179 56.6158 56.351 61.0 48.7554 50.448 25.2982 28.1603 33.7343 67.7714 37.5899 53.7587 41.1149 32.9848 43.6005 43.1741 17.1172 46.4866 53.8516 
42.2019 59.6825 16.2788 60.0833 8.06226 52.7731 0.0 98.0152 58.6941 104.128 77.9346 108.545 69.1158 47.4252 72.1128 63.5059 39.6611 69.0507 52.3927 72.4685 83.593 49.4975 83.417 107.672 94.2862 34.7256 55.0091 43.566 10.198 18.4391 47.5902 23.0217 68.5123 30.0167 21.5407 95.2917 71.794 61.8466 59.2967 24.8395 47.0106 21.0238 18.0278 95.2502 75.0485 88.6454 21.4709 69.3542 86.4876 91.5509 
57.4503 40.1647 82.7523 42.2841 106.076 53.4628 98.0152 0.0 71.7844 10.6301 39.5601 11.4018 59.0339 58.1393 32.0624 72.5603 58.6477 43.6807 51.277 38.3275 32.0 56.6156 23.5372 16.0 11.0454 78.406 84.9233 60.1006 105.994 81.0997 56.1 93.2695 49.4975 86.697 99.9278 9.05539 40.1995 71.8401 40.2623 73.8398 81.3019 88.7603 93.0807 23.7697 23.8537 71.3442 82.1306 48.2701 13.0384 15.6525 
45.2769 45.3982 52.8394 33.0 64.7765 23.5372 58.6941 71.7844 0.0 68.4251 80.4114 82.6378 15.6205 58.3095 66.6108 91.9943 43.2666 28.2312 26.6833 33.6155 42.72 22.4722 73.0 87.1344 61.0983 61.5549 13.6015 25.2389 68.884 53.0 53.6656 68.7968 80.0998 71.2664 73.3553 63.6946 73.9797 3.16228 51.6624 48.4149 86.7956 38.3275 66.242 53.535 55.0818 30.1496 57.4282 24.1868 67.7422 75.5381 
62.9943 45.7086 88.2962 44.7935 112.037 54.5271 104.128 10.6301 68.4251 0.0 49.3964 16.0312 54.4243 65.7022 40.3113 81.5843 64.1916 40.3113 53.7864 34.9857 26.2488 58.0458 33.2415 24.3516 9.84886 83.9499 81.8841 62.3702 109.605 86.6436 69.1181 98.5374 58.6941 94.3728 105.196 7.28011 49.2443 68.0294 45.8062 79.3837 89.0266 91.2698 98.3487 16.1245 28.6356 64.0078 87.3253 44.2832 21.8403 26.0768 
40.7922 35.171 62.3452 48.7614 85.2606 56.8859 77.9346 39.5601 80.4114 49.3964 0.0 45.0444 74.1606 32.6497 14.3178 34.0588 43.9318 59.1933 53.7587 61.3649 57.3847 58.4209 16.1555 38.3275 43.0465 43.5937 90.2718 58.0086 83.0755 60.1148 32.28 61.3178 11.7047 54.4242 67.8607 43.8292 7.28011 82.0 29.0689 54.6415 46.6154 77.4919 65.6886 55.6058 30.0 93.8082 56.8863 63.9766 27.7308 24.3311 
67.9806 50.695 93.2826 53.6735 116.606 64.8521 108.545 11.4018 82.6378 16.0312 45.0444 0.0 69.3758 67.0274 40.5216 79.0 69.178 54.4243 62.6663 49.0408 41.5933 68.005 30.2655 9.89949 21.5407 88.9363 95.8541 71.49 116.524 91.63 64.9881 103.8 56.0357 95.1819 110.458 18.9737 47.2652 82.5409 50.774 84.3701 89.4427 100.15 103.611 32.0156 34.8281 80.0 92.6609 58.8218 22.3607 21.095 
45.4533 40.5429 60.1664 25.9422 76.0 21.4009 69.1158 59.0339 15.6205 54.4243 74.1606 69.3758 0.0 58.0 59.8429 91.5269 44.4072 16.0312 24.0832 21.0238 28.2312 22.8254 64.1327 74.8131 48.0521 64.3506 29.0 28.2312 79.2275 59.7746 52.5178 75.0267 75.8276 76.7127 80.6536 50.448 69.1608 14.2127 47.4246 53.8516 89.0675 50.2494 73.3757 38.9102 45.8912 22.2036 63.3246 11.0 57.0351 65.0692 
13.0384 30.7302 31.251 36.9288 55.3198 36.7967 47.4252 58.1393 58.3095 65.7022 32.6497 67.0274 58.0 0.0 26.6361 35.4723 15.2315 48.268 33.9411 50.7983 61.9228 36.4005 37.9403 63.3427 57.011 25.08 64.846 33.121 55.0272 29.2462 6.32456 39.9435 25.318 44.4063 46.6018 58.8014 25.5539 60.7454 30.3409 22.6717 39.9435 45.7759 39.7548 72.0471 38.8814 80.0617 28.8379 51.3073 45.1509 46.7607 
32.714 21.2132 55.9385 34.4437 80.0073 43.1856 72.1128 32.0624 66.6108 40.3113 14.3178 40.5216 59.8429 26.6361 0.0 41.4849 35.8701 44.876 40.1123 47.0476 44.0638 45.0111 11.4018 36.7151 32.28 42.6091 77.0065 45.2769 78.9192 53.9338 24.5967 64.631 19.2354 54.7254 71.2894 33.7343 10.0 68.112 16.4924 47.2196 49.2544 68.2357 64.4423 43.4166 16.2788 79.4909 53.4922 49.6588 19.0263 20.1246 
47.7823 55.5897 51.0882 70.4526 68.6586 70.425 63.5059 72.5603 91.9943 81.5843 34.0588 79.0 91.5269 35.4723 41.4849 0.0 50.2336 82.9011 67.4945 85.0727 84.708 70.4414 49.163 72.3395 73.7631 32.7567 97.0829 66.9951 63.6003 49.163 39.0832 41.0 23.0868 33.7343 45.8803 75.1864 32.3883 95.0199 47.9903 48.2701 18.3576 72.8768 45.8912 84.309 56.4624 113.586 44.0454 84.8311 59.8415 58.0345 
3.16228 20.3185 24.1661 25.0877 47.7074 23.0217 39.6611 58.6477 43.2666 64.1916 43.9318 69.178 44.4072 15.2315 35.8701 50.2336 0.0 36.4005 20.5913 38.9572 50.0817 21.9317 46.1903 68.3043 54.7579 20.3185 49.6488 18.0278 47.4236 22.4722 12.0 34.4367 39.0512 35.9611 41.0488 56.9653 36.6742 45.8039 19.9292 15.2315 45.0349 34.0147 34.2345 60.206 35.681 66.6108 23.1948 39.0 47.1201 52.5018 
36.4269 42.9931 57.0 13.0384 76.6877 16.2788 69.0507 43.6807 28.2312 40.3113 59.1933 54.4243 16.0312 48.268 44.876 82.9011 36.4005 0.0 17.0 5.38516 15.6205 19.6469 48.7196 59.2284 32.8938 56.7191 41.5933 25.4951 78.6384 56.0357 42.7828 69.9102 62.5272 71.4346 76.4199 35.4683 54.196 28.1603 36.8352 49.163 89.4618 53.3104 69.2604 26.1725 30.4871 34.6699 58.4209 5.09902 41.0122 49.0408 
21.4009 19.0 40.0 9.21954 60.1664 3.16228 52.3927 51.277 26.6833 53.7864 53.7587 62.6663 24.0832 33.9411 40.1123 67.4945 20.5913 17.0 0.0 20.1327 31.2573 5.38516 47.5752 64.846 43.9451 40.7693 37.054 9.43398 61.8142 39.0512 28.4854 53.1537 53.4544 54.6781 59.5399 46.5696 47.2969 28.4605 25.0 32.249 65.4856 38.2753 52.345 41.3816 30.3852 46.2277 41.5933 18.6815 44.0114 51.2654 
38.9572 45.1647 60.0364 15.2956 80.1864 19.8661 72.4685 38.3275 33.6155 34.9857 61.3649 49.0408 21.0238 50.7983 47.0476 85.0727 38.9572 5.38516 20.1327 0.0 11.1803 23.3848 44.2249 53.9351 27.5136 59.2727 46.9574 29.0416 81.9415 59.0 45.313 72.7929 64.6988 74.3173 79.4154 30.0832 56.1077 33.5261 45.2623 52.0425 91.6334 57.2451 72.3509 21.2603 28.0858 38.0132 61.3882 10.0499 36.1248 44.1814 
50.3138 44.8 71.7628 26.4201 91.311 30.9906 83.593 32.0 42.72 26.2488 57.3847 41.5933 28.2312 61.9228 44.0638 84.708 50.0817 15.6205 31.2573 11.1803 0.0 34.5093 43.566 48.0 21.0238 70.3972 56.3028 40.1661 93.0661 70.5758 56.4376 83.9175 63.1411 85.4419 90.5399 23.0217 54.0627 42.0595 44.8976 63.4809 91.2687 68.4251 83.4754 10.8167 27.9685 39.6232 72.5127 18.6011 33.6155 41.4367 
23.4307 24.0832 38.3275 14.4222 57.0701 3.60555 49.4975 56.6156 22.4722 58.0458 58.4209 68.005 22.8254 36.4005 45.0111 70.4414 21.9317 19.6469 5.38516 23.3848 34.5093 0.0 52.6736 70.214 49.2837 41.6173 32.0 6.0 59.2115 37.6563 31.3847 52.4976 57.3142 54.0834 58.4637 51.9083 51.788 24.5967 29.4279 31.3209 66.3555 34.0 51.1957 44.6336 35.7703 44.9444 40.8044 20.0 49.3964 56.6506 
44.9929 28.6371 67.2427 40.0 91.3115 50.2523 83.417 23.5372 73.0 33.2415 16.1555 30.2655 64.1327 37.9403 11.4018 49.163 46.1903 48.7196 47.5752 44.2249 43.566 52.6736 0.0 25.4951 27.2029 53.1422 84.3801 53.8516 90.2234 65.238 35.9009 75.9352 26.0768 65.2387 78.6752 27.7849 17.0294 74.0608 26.4197 58.5238 59.2284 78.0254 75.7465 40.3113 18.2483 81.7201 64.7964 53.5069 11.6619 9.21954 
67.1069 49.8213 91.8785 55.9464 115.732 67.1193 107.672 16.0 87.1344 24.3516 38.3275 9.89949 74.8131 63.3427 36.7151 72.3395 68.3043 59.2284 64.846 53.9351 48.0 70.214 25.4951 0.0 27.0185 78.558 100.182 73.6232 117.214 92.2288 61.3033 102.926 49.8197 90.6056 109.584 25.02 41.7612 87.3212 49.5177 83.4964 84.2021 100.088 102.737 39.4588 35.2278 87.2812 91.7872 63.9531 21.4009 16.6433 
53.5605 36.2748 78.8625 34.9522 102.195 46.1309 94.2862 11.0454 61.0983 9.84886 43.0465 21.5407 48.0521 57.011 32.28 73.7631 54.7579 32.8938 43.9451 27.5136 21.0238 49.2837 27.2029 27.0185 0.0 74.5161 74.3236 52.5289 102.104 77.2099 59.6843 89.1037 51.264 90.6281 95.762 2.82843 41.7852 61.0328 36.3724 69.9499 80.3377 81.4284 88.915 13.8924 19.105 60.531 77.8916 37.3631 15.6205 22.2036 
21.1007 40.0768 19.4165 45.4032 42.0122 43.0551 34.7256 78.406 61.5549 83.9499 43.5937 88.9363 64.3506 25.08 42.6091 32.7567 20.3185 56.7191 40.7693 59.2727 70.3972 41.6173 53.1422 78.558 74.5161 0.0 65.5134 36.8782 39.8271 17.2627 25.245 24.7434 34.0 26.2678 31.4018 76.7236 37.4531 64.3506 39.6875 15.5242 26.6833 40.1995 24.5547 81.3937 55.4393 86.5332 13.6378 59.2769 66.8784 62.3079 
52.2015 56.0357 53.0377 44.7214 59.808 34.1321 55.0091 84.9233 13.6015 81.8841 90.2718 95.8541 29.0 64.846 77.0065 97.0829 49.6488 41.5933 37.054 46.9574 56.3028 32.0 84.3801 100.182 74.3236 65.5134 0.0 32.5576 64.8845 53.7587 61.131 69.3109 87.8635 73.0 72.6223 76.9675 83.4865 14.8661 61.2046 50.8035 88.2247 34.0 65.9469 67.1193 66.9104 38.833 58.7963 37.7359 80.05 87.6641 
20.1246 25.2982 32.3883 18.4391 51.1957 9.21954 43.566 60.1006 25.2389 62.3702 58.0086 71.49 28.2312 33.121 45.2769 66.9951 18.0278 25.4951 9.43398 29.0416 40.1661 6.0 53.8516 73.6232 52.5289 36.8782 32.5576 0.0 53.2353 31.7805 28.7924 46.8188 55.3173 48.4815 52.6308 55.1535 51.0882 27.8029 29.0172 25.632 61.7964 28.8444 45.3542 50.2904 39.1421 50.1199 35.1141 26.0 52.7686 59.2938 
49.6488 67.6644 23.2594 69.1231 6.7082 62.3939 10.198 105.994 68.884 109.605 83.0755 116.524 79.2275 55.0272 78.9192 63.6003 47.4236 78.6384 61.8142 81.9415 93.0661 59.2115 90.2234 117.214 102.104 39.8271 64.8845 53.2353 0.0 25.0599 54.3966 22.8473 72.9082 30.0832 18.1108 104.311 76.9349 72.0347 67.2751 32.2025 45.8912 31.0161 18.3576 104.352 83.0269 98.8433 26.2488 79.1581 96.0301 99.0438 
24.5967 42.7705 2.23607 45.5817 26.1725 40.3113 18.4391 81.0997 53.0 86.6436 60.1148 91.63 59.7746 29.2462 53.9338 49.163 22.4722 56.0357 39.0512 59.0 70.5758 37.6563 65.238 92.2288 77.2099 17.2627 53.7587 31.7805 25.0599 0.0 29.4112 15.8114 50.6952 19.4165 20.8806 79.4173 53.9742 56.0803 42.3812 7.28011 35.4683 24.0416 13.6015 80.7001 58.1331 81.1542 5.38516 57.4282 69.5722 74.0584 
9.05539 25.245 31.4159 31.4435 55.4847 31.4159 47.5902 56.1 53.6656 69.1181 32.28 64.9881 52.5178 6.32456 24.5967 39.0832 12.0 42.7828 28.4854 45.313 56.4376 31.3847 35.9009 61.3033 59.6843 25.245 61.131 28.7924 54.3966 29.4112 0.0 40.1084 27.074 41.6328 46.7668 61.8918 25.0 55.9464 24.8557 22.8367 43.5544 45.2217 39.9197 66.5619 40.6075 74.5764 28.9696 45.822 43.1115 44.7214 
35.9027 54.6643 16.2788 58.9234 27.6586 54.8179 23.0217 93.2695 68.7968 98.5374 61.3178 103.8 75.0267 39.9435 64.631 41.0 34.4367 69.9102 53.1537 72.7929 83.9175 52.4976 75.9352 102.926 89.1037 24.7434 69.3109 46.8188 22.8473 15.8114 40.1084 0.0 50.1933 7.28011 7.61577 91.5871 56.0031 71.8679 54.551 21.1896 24.0 37.7359 5.0 94.0417 70.3028 96.6644 11.7047 71.8053 81.7419 84.7557 
36.1248 36.0555 52.9245 53.899 75.7989 56.6158 68.5123 49.4975 80.0998 58.6941 11.7047 56.0357 75.8276 25.318 19.2354 23.0868 39.0512 62.5272 53.4544 64.6988 63.1411 57.3142 26.0768 49.8197 51.264 34.0 87.8635 55.3173 72.9082 50.6952 27.074 50.1933 0.0 43.2996 56.7361 52.4976 9.48683 81.9098 28.4605 46.6851 34.9285 71.0706 54.564 62.6498 35.2278 97.1421 47.4246 67.3087 36.8782 35.0 
37.4271 56.1887 20.5913 60.4478 34.9285 56.351 30.0167 86.697 71.2664 94.3728 54.4242 95.1819 76.7127 44.4063 54.7254 33.7343 35.9611 71.4346 54.6781 74.3173 85.4419 54.0834 65.2387 90.6056 90.6281 26.2678 73.0 48.4815 30.0832 19.4165 41.6328 7.28011 43.2996 0.0 13.4536 87.4465 49.1094 74.2715 56.0754 22.9283 17.1172 42.9535 12.1655 95.5662 67.5543 98.4962 14.2127 73.3297 73.6685 74.4172 
42.561 61.3227 20.6155 65.5459 24.0208 61.0 21.5407 99.9278 73.3553 105.196 67.8607 110.458 80.6536 46.6018 71.2894 45.8803 41.0488 76.4199 59.5399 79.4154 90.5399 58.4637 78.6752 109.584 95.762 31.4018 72.6223 52.6308 18.1108 20.8806 46.7668 7.61577 56.7361 13.4536 0.0 98.2454 62.546 76.4788 61.2093 27.2947 27.8927 39.6232 7.28011 100.7 76.9612 101.951 18.0278 78.0897 88.4002 91.414 
55.768 38.4823 81.0699 37.5767 103.284 48.7554 95.2917 9.05539 63.6946 7.28011 43.8292 18.9737 50.448 58.8014 33.7343 75.1864 56.9653 35.4683 46.5696 30.0832 23.0217 51.9083 27.7849 25.02 2.82843 76.7236 76.9675 55.1535 104.311 79.4173 61.8918 91.5871 52.4976 87.4465 98.2454 0.0 43.0116 63.5689 38.5799 72.1574 82.1003 84.053 91.3984 14.8661 21.3776 62.2896 80.099 39.8497 16.1245 21.9317 
33.541 29.1548 55.9789 43.7616 79.1201 50.448 71.794 40.1995 73.9797 49.2443 7.28011 47.2652 69.1608 25.5539 10.0 32.3883 36.6742 54.196 47.2969 56.1077 54.0627 51.788 17.0294 41.7612 41.7852 37.4531 83.4865 51.0882 76.9349 53.9742 25.0 56.0031 9.48683 49.1094 62.546 43.0116 0.0 75.6902 22.3607 47.3997 42.45 70.214 61.6625 53.3385 26.2488 88.8109 50.7457 58.9775 27.4591 26.1725 
47.7074 46.8988 55.9464 34.1321 67.897 25.2982 61.8466 71.8401 3.16228 68.0294 82.0 82.5409 14.2127 60.7454 68.112 95.0199 45.8039 28.1603 28.4605 33.5261 42.0595 24.5967 74.0608 87.3212 61.0328 64.3506 14.8661 27.8029 72.0347 56.0803 55.9464 71.8679 81.9098 74.2715 76.4788 63.5689 75.6902 0.0 53.4509 51.4004 89.4945 41.4367 69.3542 52.8394 56.0 27.074 60.4649 23.7697 68.3593 76.2365 
18.7319 8.60233 44.0338 25.4959 67.3574 28.1603 59.2967 40.2623 51.6624 45.8062 29.0689 50.774 47.4246 30.3409 16.4924 47.9903 19.9292 36.8352 25.0 45.2623 44.8976 29.4279 26.4197 49.5177 36.3724 39.6875 61.2046 29.0172 67.2751 42.3812 24.8557 54.551 28.4605 56.0754 61.2093 38.5799 22.3607 53.4509 0.0 35.1213 53.6676 51.7643 54.3623 44.7775 17.2956 69.1071 43.4122 39.8918 28.6007 33.3017 
17.4929 35.5106 8.94427 38.4868 32.8024 33.7343 24.8395 73.8398 48.4149 79.3837 54.6415 84.3701 53.8516 22.6717 47.2196 48.2701 15.2315 49.163 32.249 52.0425 63.4809 31.3209 58.5238 83.4964 69.9499 15.5242 50.8035 25.632 32.2025 7.28011 22.8367 21.1896 46.6851 22.9283 27.2947 72.1574 47.3997 51.4004 35.1213 0.0 38.0289 25.0 20.0998 73.6052 50.8731 75.5844 9.48683 50.8035 62.3122 67.3442 
45.817 62.1503 37.0 74.9237 51.3517 67.7714 47.0106 81.3019 86.7956 89.0266 46.6154 89.4427 89.0675 39.9435 49.2544 18.3576 45.0349 89.4618 65.4856 91.6334 91.2687 66.3555 59.2284 84.2021 80.3377 26.6833 88.2247 61.7964 45.8912 35.4683 43.5544 24.0 34.9285 17.1172 27.8927 82.1003 42.45 89.4945 53.6676 38.0289 0.0 59.4643 29.0 90.0593 62.2081 111.253 30.0832 83.9933 68.2642 68.4471 
37.1618 51.225 22.4722 47.2017 26.4764 37.5899 21.0238 88.7603 38.3275 91.2698 77.4919 100.15 50.2494 45.7759 68.2357 72.8768 34.0147 53.3104 38.2753 57.2451 68.4251 34.0 78.0254 100.088 81.4284 40.1995 34.0 28.8444 31.0161 24.0416 45.2217 37.7359 71.0706 42.9535 39.6232 84.053 70.214 41.4367 51.7643 25.0 59.4643 0.0 33.6006 78.5747 67.4649 68.469 29.4109 52.4976 78.904 84.3149 
35.6931 54.4756 13.4164 58.4814 22.8035 53.7587 18.0278 93.0807 66.242 98.3487 65.6886 103.611 73.3757 39.7548 64.4423 45.8912 34.2345 69.2604 52.345 72.3509 83.4754 51.1957 75.7465 102.737 88.915 24.5547 65.9469 45.3542 18.3576 13.6015 39.9197 5.0 54.564 12.1655 7.28011 91.3984 61.6625 69.3542 54.3623 20.0998 29.0 33.6006 0.0 93.5997 70.1141 94.7048 11.0454 70.859 81.5532 84.5669 
60.4381 44.6799 81.887 36.5444 103.159 41.1149 95.2502 23.7697 53.535 16.1245 55.6058 32.0156 38.9102 72.0471 43.4166 84.309 60.206 26.1725 41.3816 21.2603 10.8167 44.6336 40.3113 39.4588 13.8924 81.3937 67.1193 50.2904 104.352 80.7001 66.5619 94.0417 62.6498 95.5662 100.7 14.8661 53.3385 52.8394 44.7775 73.6052 90.0593 78.5747 93.5997 0.0 27.8568 48.0104 82.637 29.4109 29.0689 36.0555 
34.4837 17.198 59.7856 22.2036 83.1093 32.9848 75.0485 23.8537 55.0818 28.6356 30.0 34.8281 45.8912 38.8814 16.2788 56.4624 35.681 30.4871 30.3852 28.0858 27.9685 35.7703 18.2483 35.2278 19.105 55.4393 66.9104 39.1421 83.0269 58.1331 40.6075 70.3028 35.2278 67.5543 76.9612 21.3776 26.2488 56.0 17.2956 50.8731 62.2081 67.4649 70.1141 27.8568 0.0 65.5809 59.164 35.2744 13.8924 20.8806 
67.624 77.608 81.3449 46.8615 94.8947 43.6005 88.6454 71.3442 30.1496 64.0078 93.8082 80.0 22.2036 80.0617 79.4909 113.586 66.6108 34.6699 46.2277 38.0132 39.6232 44.9444 81.7201 87.2812 60.531 86.5332 38.833 50.1199 98.8433 81.1542 74.5764 96.6644 97.1421 98.4962 101.951 62.2896 88.8109 27.074 69.1071 75.5844 111.253 68.469 94.7048 48.0104 65.5809 0.0 85.0 30.0 72.8011 80.7775 
24.7386 43.4522 7.07107 47.5186 28.6007 43.1741 21.4709 82.1306 57.4282 87.3253 56.8863 92.6609 63.3246 28.8379 53.4922 44.0454 23.1948 58.4209 41.5933 61.3882 72.5127 40.8044 64.7964 91.7872 77.8916 13.6378 58.7963 35.1141 26.2488 5.38516 28.9696 11.7047 47.4246 14.2127 18.0278 80.099 50.7457 60.4649 43.4122 9.48683 30.0832 29.4109 11.0454 82.637 59.164 85.0 0.0 60.208 70.6031 73.6168 
39.3573 47.7746 58.2151 16.9706 76.7919 17.1172 69.3542 48.2701 24.1868 44.2832 63.9766 58.8218 11.0 51.3073 49.6588 84.8311 39.0 5.09902 18.6815 10.0499 18.6011 20.0 53.5069 63.9531 37.3631 59.2769 37.7359 26.0 79.1581 57.4282 45.822 71.8053 67.3087 73.3297 78.0897 39.8497 58.9775 23.7697 39.8918 50.8035 83.9933 52.4976 70.859 29.4109 35.2744 30.0 60.208 0.0 46.0435 54.0833 
45.9228 28.6371 71.2247 35.4401 94.5483 46.4866 86.4876 13.0384 67.7422 21.8403 27.7308 22.3607 57.0351 45.1509 19.0263 59.8415 47.1201 41.0122 44.0114 36.1248 33.6155 49.3964 11.6619 21.4009 15.6205 66.8784 80.05 52.7686 96.0301 69.5722 43.1115 81.7419 36.8782 73.6685 88.4002 16.1245 27.4591 68.3593 28.6007 62.3122 68.2642 78.904 81.5532 29.0689 13.8924 72.8011 70.6031 46.0435 0.0 8.06226 
51.3044 34.0518 76.0631 42.9535 100.132 53.8516 91.5509 15.6525 75.5381 26.0768 24.3311 21.095 65.0692 46.7607 20.1246 58.0345 52.5018 49.0408 51.2654 44.1814 41.4367 56.6506 9.21954 16.6433 22.2036 62.3079 87.6641 59.2938 99.0438 74.0584 44.7214 84.7557 35.0 74.4172 91.414 21.9317 26.1725 76.2365 33.3017 67.3442 68.4471 84.3149 84.5669 36.0555 20.8806 80.7775 73.6168 54.0833 8.06226 0.0 
DEMAND_SCENARIO_SECTION
0 0 0 0 0 0 0 0 0 0 0 0 0 0 0 0 0 0 0 0 0 0 0 0 0 0 0 0 0 0 0 0 0 0 0 0 0 0 0 0 0 0 0 0 0 0 0 0 0 0 0 0 0 0 0 0 0 0 0 0 0 0 0 0 0 0 0 0 0 0 0 0 0 0 0 0 0 0 0 0 0 0 0 0 0 0 0 0 0 0 0 0 0 0 0 0 0 0 0 0 0 0 0 0 0 0 0 0 0 0 0 0 0 0 0 0 0 0 0 0 0 0 0 0 0 0 0 0 0 0 0 0 0 0 0 0 0 0 0 0 0 0 0 0 0 0 0 0 0 0 0 0 0 0 0 0 0 0 0 0 0 0 0 0 0 0 0 0 0 0 0 0 0 0 0 0 0 0 0 0 0 0 0 0 0 0 0 0 0 0 0 0 0 0 0 0 0 0 0 0 
6 6 4 7 8 9 8 7 6 7 6 8 4 6 9 4 5 8 2 7 3 9 10 8 8 6 6 8 1 8 8 6 3 5 7 6 5 7 8 2 3 6 3 6 8 5 6 8 7 7 6 5 4 9 6 4 7 2 4 5 8 6 7 2 4 8 8 7 9 7 2 7 5 5 8 4 5 8 7 5 7 4 4 6 6 9 7 7 9 5 7 8 7 8 7 5 8 6 4 10 5 10 1 8 8 7 2 9 7 5 2 6 9 8 7 5 4 9 7 6 11 7 5 6 8 5 6 3 7 5 8 6 5 1 6 6 8 3 11 3 5 8 6 7 4 5 7 5 10 4 5 7 9 5 5 7 5 5 8 6 6 10 4 9 4 5 7 5 7 5 11 8 5 6 5 6 6 8 5 7 5 7 5 5 5 7 5 6 7 4 8 6 7 4 3 8 9 7 6 7 
3 2 1 1 1 2 3 1 2 3 1 2 2 2 2 1 3 3 2 2 3 2 2 2 2 3 2 2 1 2 2 2 2 3 2 2 3 2 3 1 2 2 1 2 3 1 2 2 1 2 3 2 1 4 2 2 2 2 3 2 2 2 1 3 1 2 2 3 2 3 2 2 1 2 2 1 2 2 1 1 1 2 2 2 2 1 2 2 3 2 2 2 1 2 1 0 3 2 3 2 2 1 3 2 2 3 3 3 3 2 1 2 2 2 2 3 2 2 2 2 2 2 1 2 3 2 2 3 2 2 2 1 2 2 3 2 2 1 3 2 1 2 1 1 1 3 1 2 2 1 3 1 1 1 1 1 3 2 2 3 3 1 1 2 2 3 3 1 1 2 3 3 2 2 3 3 2 2 3 2 1 2 2 1 3 1 3 2 2 3 1 2 2 1 1 1 1 3 2 2 
6 9 12 13 8 10 9 7 10 9 9 8 6 11 8 10 4 11 5 7 9 8 15 6 8 8 8 10 6 3 8 6 7 7 14 10 5 10 5 8 2 9 11 8 10 8 10 11 10 5 11 10 9 4 5 11 9 9 8 7 8 9 12 5 8 6 8 8 9 9 12 11 10 7 10 7 10 9 10 10 10 5 9 14 12 4 3 10 11 5 9 11 10 6 4 11 9 8 8 3 8 13 10 7 8 9 13 9 10 6 9 4 11 8 6 11 8 7 9 11 7 8 4 5 6 9 11 7 7 7 9 9 4 7 9 4 7 12 6 7 3 12 8 5 11 6 7 7 9 6 6 5 5 2 7 9 6 10 8 12 9 6 11 13 11 7 8 8 5 8 7 10 8 11 9 7 7 13 5 5 12 7 6 5 11 7 11 8 6 10 10 6 10 6 7 5 4 12 8 10 
5 7 8 6 4 4 5 5 4 4 5 6 4 6 7 3 5 8 6 4 4 7 5 6 7 6 5 5 6 6 5 5 5 5 7 5 3 7 6 4 6 6 4 5 6 4 5 6 3 4 2 5 5 8 4 2 4 3 8 4 3 4 7 5 7 6 5 2 6 5 5 5 6 5 2 5 4 4 8 4 5 5 7 6 5 3 2 5 4 5 1 4 6 5 5 2 4 2 8 8 5 9 5 5 5 5 4 5 5 6 6 6 4 6 6 6 7 4 6 6 5 5 6 1 2 6 5 7 5 4 6 6 5 5 1 7 5 7 6 2 7 6 5 2 8 6 7 4 2 6 6 3 2 6 3 5 5 4 1 7 6 6 7 4 7 3 5 5 4 3 6 7 7 6 4 5 5 6 6 5 2 5 5 6 6 8 5 7 4 5 4 7 6 2 5 3 4 5 7 5 
3 2 3 3 1 3 3 2 3 2 3 2 3 3 4 2 2 4 2 4 2 2 3 3 1 3 3 2 3 2 3 3 3 3 3 3 2 2 3 3 2 3 3 5 3 1 3 2 3 3 4 2 2 2 3 3 3 4 4 5 2 3 3 0 3 2 4 4 4 2 2 2 3 4 2 4 4 3 4 1 4 2 4 2 4 5 3 3 3 3 2 3 3 3 1 3 2 3 1 3 4 3 4 3 4 3 5 3 2 3 2 2 3 5 3 3 4 4 5 4 3 5 3 4 3 2 2 4 3 4 3 3 3 3 2 5 2 2 1 4 4 3 3 3 2 2 3 3 3 4 3 2 3 3 3 2 3 2 2 1 3 2 3 4 2 3 2 2 4 4 4 5 1 2 5 3 3 2 3 1 5 2 4 4 2 1 3 5 3 3 4 3 4 3 3 3 4 4 3 3 
7 9 8 6 7 4 7 14 5 9 10 10 8 5 10 7 6 10 10 12 6 4 4 8 2 9 8 4 10 7 7 10 8 10 6 10 10 9 9 8 8 9 7 6 11 6 8 10 4 9 9 8 8 5 7 8 8 5 3 5 13 10 7 5 7 6 9 9 2 10 6 4 7 7 11 6 2 5 6 7 9 6 7 8 8 4 6 6 4 7 7 7 4 11 7 13 0 7 5 9 7 7 9 5 7 6 8 9 8 10 8 9 8 5 8 5 10 7 10 8 9 4 4 5 4 5 8 5 5 4 5 3 9 10 7 7 5 11 10 7 4 5 10 12 6 8 8 7 6 8 8 10 6 4 4 7 9 8 5 6 7 13 8 9 7 8 3 10 8 5 9 13 4 9 11 8 4 8 9 3 7 6 5 5 7 7 8 7 10 7 3 6 8 7 7 3 8 7 10 4 
6 7 5 4 7 2 5 6 7 4 5 3 4 6 3 2 5 5 2 9 7 4 5 3 4 4 5 3 4 5 5 6 5 4 3 5 5 3 4 3 6 3 6 7 5 5 4 4 3 10 6 4 6 3 6 1 4 2 4 5 6 5 5 6 5 4 4 8 6 3 8 6 5 4 4 7 4 6 4 6 6 5 5 6 4 5 6 3 7 5 7 5 7 2 5 3 3 4 4 2 6 8 7 4 5 5 5 4 8 6 7 3 2 8 5 2 6 8 3 7 5 3 4 6 4 2 7 7 4 4 6 4 7 4 7 6 4 5 5 10 4 7 6 4 4 3 2 6 2 7 5 8 6 4 4 3 6 5 4 4 7 5 7 4 5 4 3 6 4 8 4 3 6 7 3 7 5 4 4 5 5 6 5 6 2 9 4 6 6 6 6 6 4 4 5 6 5 7 5 6 
5 7 5 5 6 3 5 8 4 3 6 7 7 6 3 4 7 6 4 6 6 7 6 8 3 4 4 7 7 6 6 4 9 5 5 4 8 4 6 4 3 4 5 1 6 7 4 2 6 5 5 7 5 8 3 6 2 5 5 7 3 5 4 4 3 5 6 4 3 2 6 6 6 2 4 7 6 2 3 4 4 2 6 6 4 6 6 7 6 6 4 5 3 8 3 6 4 7 6 5 3 7 6 5 4 6 5 4 5 2 6 3 5 4 6 5 5 3 5 4 5 3 5 4 7 6 5 7 4 4 6 7 7 6 7 5 6 3 5 5 4 6 6 4 4 5 7 2 2 6 4 6 5 4 1 5 3 1 3 4 6 4 5 7 3 4 5 8 5 5 3 4 5 3 6 5 6 2 6 3 7 5 5 7 3 4 8 5 5 5 2 3 5 5 5 3 6 8 4 4 
6 5 6 4 6 6 5 5 5 4 4 4 5 3 4 7 5 5 4 2 4 4 6 4 3 8 7 5 5 5 6 4 6 6 7 3 6 4 6 5 5 3 3 5 3 6 3 3 4 7 3 4 5 4 5 6 5 6 5 6 6 4 4 4 3 8 5 2 5 6 7 1 4 0 2 2 6 6 3 4 3 6 5 5 3 5 3 2 4 8 6 3 5 2 5 5 5 5 6 1 7 4 3 3 4 3 5 6 10 6 4 4 4 5 4 5 6 3 6 5 3 3 5 1 2 8 6 7 6 7 4 4 8 6 6 4 4 4 5 8 5 7 6 4 5 4 7 7 4 5 8 5 5 2 6 5 5 6 7 5 8 3 4 4 9 7 6 8 4 6 5 4 5 3 5 6 7 3 5 5 5 5 5 6 4 6 3 5 3 2 6 5 2 6 2 4 5 8 6 6 
7 8 9 6 6 3 6 10 7 3 7 5 8 8 6 2 6 6 8 7 7 9 2 7 6 7 10 7 5 4 3 3 8 4 7 5 5 5 3 6 6 12 8 5 9 9 3 4 7 5 4 9 5 6 9 6 6 3 8 4 5 6 7 4 3 6 4 6 5 7 8 4 8 9 6 5 9 5 6 8 6 4 5 8 4 7 7 7 3 5 8 6 5 6 4 5 8 7 8 8 8 6 6 2 4 7 7 9 10 7 10 7 7 5 2 5 4 4 2 8 7 9 9 5 5 6 5 4 4 5 4 5 5 7 7 6 5 8 4 6 5 8 5 7 9 6 10 6 5 7 4 4 7 5 5 5 6 4 8 7 7 2 4 9 6 5 7 5 7 6 6 4 6 7 3 7 7 6 2 5 5 4 5 8 7 8 7 5 6 7 13 8 6 4 8 10 2 9 6 3 
6 6 7 3 5 9 7 5 6 11 8 8 6 9 8 5 8 10 6 7 5 9 8 4 9 6 7 0 2 5 10 5 5 9 4 9 9 7 8 8 8 8 7 5 2 8 7 5 3 3 6 7 3 4 11 3 8 6 5 6 10 8 12 7 12 6 12 9 6 6 9 10 9 10 8 3 4 4 6 9 2 9 6 11 6 8 9 12 6 5 13 5 2 5 8 4 8 8 12 10 7 6 3 9 9 11 1 11 8 13 10 10 5 8 9 7 10 5 7 3 7 9 8 8 9 7 8 9 9 5 5 11 10 10 7 11 7 7 9 6 8 6 5 3 10 5 9 10 4 8 9 8 10 9 6 6 9 5 3 6 10 5 10 5 6 9 4 5 3 7 6 8 8 7 9 5 10 10 9 9 5 8 8 7 7 7 4 8 3 10 6 8 11 7 8 5 5 7 8 10 
3 5 4 4 9 6 8 13 8 10 7 5 4 9 6 7 9 7 11 6 8 4 12 8 9 5 10 4 6 7 10 6 7 4 9 6 7 5 8 7 11 6 7 5 3 5 3 5 4 7 4 7 6 5 7 10 5 2 4 7 7 6 6 13 6 6 7 8 5 8 6 5 11 6 5 7 6 6 13 5 12 7 10 7 4 5 5 5 7 6 12 5 5 7 5 9 6 6 11 8 5 8 9 11 8 6 7 3 4 6 5 7 8 4 5 9 4 11 8 4 11 0 8 6 5 9 4 9 3 8 7 7 14 5 9 7 7 5 11 7 9 9 0 11 8 7 6 7 8 5 9 11 8 7 11 3 9 7 5 7 7 7 7 8 8 5 6 3 4 6 9 5 6 7 4 6 10 9 11 7 7 10 6 7 9 8 5 6 8 6 6 4 6 9 10 11 7 6 12 10 
5 9 7 8 8 9 10 9 6 7 8 6 7 5 11 4 5 6 10 7 4 7 9 3 8 7 9 4 8 5 6 3 6 4 7 7 8 4 4 8 6 4 3 3 7 4 7 4 6 4 4 10 5 5 8 6 3 7 6 4 4 6 6 6 8 7 3 5 3 0 6 7 4 6 7 9 7 3 3 9 8 4 8 4 2 11 5 9 7 11 2 6 5 6 3 2 3 2 8 8 8 5 8 7 4 5 5 8 2 8 7 9 7 0 9 6 10 4 7 7 5 9 4 9 8 9 5 7 5 8 6 6 8 9 6 6 5 3 8 4 6 7 8 4 10 8 6 5 4 6 5 7 8 4 7 5 7 4 6 8 5 8 5 4 7 4 8 9 6 7 5 7 10 4 6 9 6 8 6 3 6 7 6 6 6 5 5 5 3 6 8 5 3 6 5 3 3 6 4 7 
13 16 12 7 9 7 11 15 15 12 9 9 14 8 14 7 2 11 9 7 8 7 7 8 7 7 11 12 13 7 14 8 9 6 13 12 11 12 13 15 11 14 13 13 8 15 9 7 10 15 9 13 6 10 7 8 7 9 12 7 7 10 12 13 7 13 11 12 11 9 12 12 8 15 10 12 16 6 7 14 7 7 6 5 8 5 12 11 16 4 12 14 5 12 4 11 13 9 11 13 6 13 4 7 8 13 7 7 11 12 13 12 5 14 9 10 9 12 9 15 11 12 11 12 10 7 15 10 9 7 10 13 15 12 11 6 5 9 5 6 11 14 12 11 9 7 9 16 7 7 10 5 6 11 7 12 11 3 12 11 7 13 8 1 8 7 5 13 11 11 15 13 13 13 11 7 7 12 18 14 8 12 10 12 6 11 5 11 9 12 7 11 12 12 13 8 14 12 13 9 
8 13 6 7 8 10 6 8 12 7 9 9 8 6 6 3 12 8 4 6 4 5 14 6 8 6 8 9 10 6 11 4 9 10 9 12 9 7 7 11 13 8 10 3 5 6 8 11 9 6 12 6 12 8 10 8 9 9 4 6 13 6 8 7 7 10 10 12 8 6 12 6 9 6 5 7 7 8 10 11 10 8 10 8 8 7 13 7 6 8 8 6 10 10 4 7 3 8 11 9 7 10 4 6 5 9 9 6 9 5 7 12 10 2 7 6 8 7 8 10 6 7 7 9 11 8 7 8 7 5 7 8 4 12 5 5 6 7 13 8 13 10 9 9 8 8 11 3 12 7 7 14 6 5 8 8 10 5 13 5 10 10 7 8 4 6 9 13 7 4 9 9 12 8 6 9 9 3 11 6 10 11 7 6 10 5 6 7 8 7 13 6 10 5 10 8 9 8 4 9 
3 3 3 4 4 0 3 2 3 4 3 2 4 1 5 2 2 4 3 4 3 2 2 1 4 2 4 3 5 4 4 4 3 3 3 2 1 3 3 3 4 1 3 3 4 2 3 2 4 5 3 3 3 2 5 2 4 3 2 4 1 3 1 3 3 3 3 3 4 2 2 3 4 2 3 4 3 4 4 3 3 2 4 3 3 3 4 1 3 3 3 2 2 3 1 3 2 3 4 3 4 4 2 2 2 1 2 2 4 2 2 3 3 3 4 3 2 3 3 3 4 4 3 2 4 1 1 1 4 3 2 3 2 5 3 2 4 3 1 4 4 5 3 4 4 3 3 4 3 2 2 1 1 2 3 3 3 3 1 3 3 2 4 3 2 4 4 3 5 3 2 4 3 2 3 3 2 3 2 3 4 1 4 3 4 3 2 3 3 3 3 4 3 2 2 2 3 4 2 3 
5 3 4 0 4 3 4 5 5 4 1 4 4 5 2 3 4 4 5 4 6 4 4 2 4 3 5 4 3 2 6 5 4 3 1 3 3 5 5 2 4 3 2 4 3 2 3 6 4 5 4 4 2 3 2 3 1 3 3 3 3 2 5 4 6 4 2 5 5 3 5 6 5 5 5 5 4 6 4 2 4 2 3 4 3 6 5 6 4 4 4 5 4 1 4 7 5 6 3 2 6 6 4 3 6 5 5 3 5 4 4 4 4 3 2 3 2 4 3 6 5 3 4 5 6 3 4 4 3 6 4 5 3 3 7 4 5 4 2 3 2 3 3 3 7 5 3 4 6 4 4 5 3 1 4 3 2 4 4 3 5 4 6 6 3 5 3 5 6 2 5 4 4 5 4 4 5 3 4 3 5 4 5 2 5 6 3 4 5 4 3 6 6 4 3 4 6 5 3 5 
10 12 6 10 9 6 10 6 9 10 10 18 18 12 7 7 7 9 8 6 5 1 12 11 7 14 11 10 11 6 12 19 15 6 12 12 12 13 7 14 10 7 11 8 8 13 14 17 12 7 13 15 9 10 7 13 9 16 13 12 12 12 13 19 6 6 7 12 7 9 8 14 12 11 10 5 8 14 5 12 8 9 8 7 12 12 10 10 12 7 7 12 12 7 7 14 8 5 16 11 13 8 11 20 5 8 11 6 7 13 8 12 6 15 10 14 12 10 7 11 16 13 8 13 11 13 11 14 13 10 13 9 12 9 9 13 14 11 13 8 13 1 7 10 18 13 9 13 10 19 12 10 9 10 7 11 9 8 12 4 10 15 11 8 8 11 12 5 13 14 7 13 17 7 7 8 5 8 2 9 10 10 14 8 10 11 10 15 7 10 5 7 10 15 4 10 10 13 8 12 
1 0 1 1 1 2 1 1 1 1 1 1 2 1 1 1 1 2 1 1 1 1 2 1 1 1 1 2 1 1 1 1 1 1 1 0 0 1 1 1 0 0 2 1 1 1 1 1 0 0 1 1 1 0 1 1 1 1 1 0 1 1 1 1 1 1 1 1 0 1 1 1 1 1 1 1 1 1 1 1 1 1 1 1 1 1 0 1 1 1 1 1 1 1 1 1 1 1 1 1 1 1 1 1 1 1 2 1 1 1 1 1 1 1 1 1 1 1 1 1 1 1 1 1 1 1 0 1 1 1 1 1 1 2 2 1 1 1 0 1 1 1 1 1 1 2 1 1 1 1 1 1 1 1 1 1 1 2 1 1 1 1 1 1 0 1 1 1 1 1 1 1 1 2 1 1 1 1 1 1 1 1 1 1 1 1 1 1 1 1 1 1 0 1 1 1 0 1 1 2 
5 6 6 4 5 4 6 9 2 5 7 4 8 6 3 2 5 5 4 7 7 7 3 6 8 3 6 3 7 6 3 3 6 4 6 4 7 4 3 4 4 4 2 4 4 4 6 7 7 6 4 1 2 3 3 6 2 8 6 5 6 4 4 1 4 6 6 2 4 9 4 4 5 2 4 3 6 5 9 4 2 5 4 6 3 7 9 6 7 4 2 6 6 7 8 4 7 3 6 2 5 6 4 3 6 4 5 4 5 4 7 6 8 8 3 7 6 4 8 3 4 4 6 4 4 4 6 5 4 4 3 7 9 4 5 3 3 6 6 5 4 7 8 2 7 8 7 5 4 5 6 7 1 3 3 6 5 5 5 10 5 3 3 4 7 3 5 6 5 6 5 5 5 4 4 5 10 6 4 6 3 4 5 4 6 5 6 6 2 6 5 5 2 5 4 3 7 7 5 7 
2 2 1 2 2 3 2 3 1 3 2 1 2 2 2 1 2 1 2 2 3 1 2 2 2 3 2 2 2 2 2 2 2 3 3 3 3 3 2 1 2 2 2 2 2 2 2 1 4 2 1 2 2 1 2 2 2 2 3 1 3 1 2 2 3 2 2 2 3 2 2 2 3 1 3 1 4 3 2 2 1 2 2 2 3 2 2 3 1 1 1 2 1 2 4 2 2 3 1 3 1 1 2 3 2 3 2 3 2 3 2 2 2 2 3 3 1 3 2 1 2 1 3 2 2 3 2 2 2 1 2 3 3 1 3 2 2 3 3 1 2 2 2 2 2 2 2 2 0 3 4 2 3 2 1 3 2 4 2 1 3 2 2 2 2 3 3 2 2 1 2 3 2 2 1 1 1 2 1 1 1 2 2 2 3 3 3 3 1 1 1 2 2 2 2 3 2 1 1 2 
7 10 6 6 8 10 16 6 5 10 11 5 11 12 9 12 14 9 10 9 10 10 8 13 6 11 4 7 10 11 13 10 3 3 11 8 8 12 5 6 8 10 2 11 10 7 10 3 7 13 8 11 13 7 11 8 11 7 10 10 11 3 8 7 6 9 9 10 4 11 8 5 3 9 7 7 7 4 3 5 9 10 5 10 11 14 11 13 7 7 4 3 13 4 3 16 5 12 10 11 8 9 10 5 9 8 3 10 10 11 7 13 8 13 5 11 12 12 5 11 10 5 8 9 10 8 7 8 11 10 5 6 8 8 10 9 10 12 12 6 6 6 11 13 6 11 12 14 4 6 13 10 11 7 13 8 11 11 11 14 10 10 13 10 9 10 12 5 8 10 7 5 7 10 11 9 10 13 6 10 8 12 8 13 8 4 11 8 7 10 11 7 9 12 11 2 14 3 12 8 
11 12 10 16 8 11 7 7 10 9 3 10 9 12 6 10 12 7 10 11 7 5 9 9 7 14 8 11 8 12 15 9 5 11 5 3 9 4 7 8 6 9 8 0 10 9 10 7 8 10 7 7 7 10 6 12 5 7 8 8 9 16 8 12 5 6 1 9 13 7 13 13 14 11 12 4 11 9 7 9 7 4 8 7 12 9 16 10 12 9 9 9 7 6 13 14 9 12 10 11 7 13 5 10 10 5 7 9 9 9 4 8 11 9 8 4 11 9 8 8 6 12 6 8 7 11 8 15 9 9 12 14 6 7 3 9 8 9 6 9 11 14 9 7 8 14 8 8 10 12 6 13 5 6 7 9 9 14 14 11 6 7 7 4 7 8 6 11 13 7 8 6 11 9 8 6 10 6 5 12 10 6 7 9 12 4 13 8 11 10 12 11 8 6 5 6 13 11 8 9 
8 7 9 10 11 10 15 7 5 11 4 14 7 7 7 6 15 7 10 8 5 17 16 2 3 10 14 9 10 6 6 13 9 14 13 8 12 2 6 7 10 11 14 10 10 10 6 13 1 6 8 9 10 13 16 8 9 12 7 6 4 8 11 15 3 15 5 9 10 6 12 13 5 7 5 4 2 6 18 7 6 11 16 12 4 8 13 9 11 7 10 6 10 12 8 9 12 14 8 11 10 10 18 15 14 8 8 12 10 12 11 10 6 11 15 7 12 6 18 15 14 9 9 15 10 11 12 8 10 12 8 10 7 6 9 13 15 14 10 10 9 8 7 11 11 10 6 7 14 10 7 11 9 10 11 14 5 12 12 11 6 6 2 10 12 6 10 6 9 14 10 10 13 8 11 6 12 11 6 11 10 9 6 16 11 13 10 17 12 15 2 8 9 13 7 10 8 6 9 7 
3 3 5 3 5 4 0 6 5 2 8 9 6 5 3 8 4 7 5 7 3 5 5 5 4 5 5 8 5 7 6 5 4 8 5 4 7 4 6 4 7 3 4 4 7 6 4 4 4 3 4 6 5 3 6 6 5 5 3 5 5 3 4 4 6 4 0 3 7 3 4 7 7 8 6 5 4 6 3 5 7 7 5 9 3 6 6 5 4 6 3 8 6 4 7 5 6 6 5 5 3 7 3 1 7 5 5 5 5 4 5 5 3 6 4 4 8 4 6 5 6 4 4 6 6 6 5 4 4 6 4 7 6 2 5 6 6 4 6 12 7 7 6 4 4 5 7 5 3 3 6 6 4 7 3 9 5 7 5 4 4 4 4 1 8 5 5 4 4 5 9 6 6 7 3 4 6 6 5 4 5 4 3 4 6 8 6 4 6 5 5 9 3 5 4 4 5 5 4 6 
13 6 8 12 13 4 9 12 10 5 14 11 10 11 7 7 5 10 9 13 11 12 6 8 3 10 10 3 10 10 9 8 12 9 8 8 6 8 8 10 6 8 6 5 8 5 8 11 9 8 13 9 12 7 4 10 10 10 6 6 6 9 7 7 11 13 7 9 4 4 9 8 9 8 5 8 10 5 5 7 7 10 6 8 11 11 10 11 7 4 12 4 6 2 8 6 7 8 5 7 11 12 6 6 10 10 9 13 5 13 9 8 12 6 6 11 8 7 11 9 13 9 9 8 2 8 8 7 7 9 9 15 4 12 10 6 7 7 10 7 6 12 13 10 9 6 12 6 9 11 10 5 12 7 7 9 7 7 9 8 6 7 3 4 13 7 6 11 14 4 7 9 10 11 4 5 6 7 9 10 9 9 4 7 10 6 3 11 9 10 13 10 9 8 13 9 10 8 9 6 
14 9 11 11 9 17 4 12 13 14 13 3 10 8 9 3 9 11 12 10 2 14 12 14 9 11 9 12 18 11 10 14 9 13 16 7 12 8 7 10 14 9 9 5 12 10 9 12 14 12 5 17 5 12 0 9 12 10 5 12 8 14 11 10 10 15 11 7 12 15 13 11 13 8 13 10 7 7 14 10 7 8 6 12 3 4 14 11 5 6 10 6 9 8 9 8 13 7 9 8 14 9 14 3 5 5 13 14 10 12 12 7 11 9 4 7 10 18 3 11 8 13 10 15 13 15 13 12 11 11 9 8 6 9 6 18 5 9 5 13 8 9 2 6 7 16 8 14 12 9 13 10 14 11 6 10 16 8 10 10 13 7 15 7 11 8 15 9 11 8 14 10 10 4 14 10 11 13 7 12 14 13 10 9 11 12 10 6 10 16 17 5 13 8 12 11 10 5 9 18 
2 2 1 1 1 2 3 1 3 2 2 2 2 1 1 3 2 1 2 2 2 1 2 2 1 1 2 1 1 1 1 1 2 2 2 2 3 1 2 3 2 2 2 1 2 2 2 1 2 2 1 2 2 2 2 2 2 3 2 2 1 2 3 2 2 2 2 2 2 1 1 2 1 3 2 2 2 2 3 2 1 3 3 3 2 2 1 2 1 2 3 2 1 2 1 3 1 3 2 4 2 1 1 2 1 2 3 1 2 2 2 3 3 2 3 3 0 2 1 1 1 2 2 2 2 1 2 2 1 1 2 2 2 2 1 2 2 1 4 3 2 3 2 2 2 3 2 3 3 2 1 2 2 2 1 1 2 2 2 2 3 3 3 2 2 2 1 3 2 2 3 3 3 2 1 3 2 3 1 2 2 1 0 2 2 3 2 4 2 2 1 2 1 3 1 2 2 1 1 1 
5 11 10 13 11 10 7 12 6 14 8 9 8 9 15 11 1 6 8 12 4 13 9 9 7 12 12 8 8 5 11 4 6 9 10 9 10 5 9 8 11 7 10 10 9 6 12 11 9 6 11 9 8 8 8 7 10 12 13 15 11 6 4 9 3 7 7 6 11 7 5 7 12 12 12 3 5 8 9 6 9 9 9 9 12 12 15 10 15 7 10 9 9 11 16 12 10 17 9 12 8 13 5 12 5 9 11 6 10 9 12 3 11 6 5 4 8 10 7 8 6 12 11 7 5 10 9 4 12 10 16 7 6 9 6 7 10 12 11 7 12 7 8 8 4 9 5 10 5 8 9 6 15 10 8 11 5 10 11 16 11 15 9 9 4 10 11 10 11 12 8 11 7 6 5 9 12 9 12 10 6 5 5 5 4 11 4 9 12 4 8 12 12 8 10 15 13 3 11 9 
11 13 8 10 6 7 10 9 7 11 8 8 6 10 9 6 7 7 10 11 9 10 9 8 7 10 9 5 9 7 12 10 8 9 8 9 10 10 8 9 4 9 11 10 4 9 7 6 7 5 10 9 7 8 10 9 10 5 11 11 11 7 6 8 11 6 6 11 5 12 7 6 7 10 2 10 10 1 10 7 9 3 9 7 6 7 10 5 8 11 4 6 11 5 4 10 11 10 8 8 12 8 5 5 11 13 6 11 5 11 7 11 4 2 4 17 12 8 10 11 6 6 11 8 12 6 13 7 7 6 7 5 15 9 9 7 5 6 6 12 8 9 8 11 6 6 13 5 8 5 7 9 7 6 10 5 8 8 9 7 6 10 6 8 8 8 6 10 9 10 7 7 10 4 11 6 3 3 7 6 11 11 9 4 10 1 6 7 8 6 4 7 7 10 10 5 5 3 11 4 
1 1 1 1 1 1 1 1 1 0 2 1 2 1 1 1 2 1 1 1 1 1 1 1 1 1 1 1 1 0 1 1 1 0 1 1 1 1 1 1 1 1 0 0 1 1 1 1 1 1 0 1 0 1 1 1 1 1 1 1 1 1 0 1 1 1 1 1 2 0 1 1 0 1 1 1 1 2 1 1 1 1 1 1 1 1 1 1 1 1 1 1 1 1 1 1 1 1 1 1 0 1 1 1 1 1 1 1 1 1 1 1 1 1 1 1 1 1 1 1 1 1 1 1 0 1 1 1 1 1 1 1 1 1 1 1 1 1 1 1 1 1 1 1 1 1 1 1 1 1 1 1 1 1 1 1 1 1 1 1 1 1 1 2 1 1 1 1 2 1 1 1 1 1 1 1 1 1 1 1 1 1 1 0 2 1 1 1 1 1 1 1 1 1 1 1 0 1 1 1 
3 1 5 6 4 2 4 3 4 2 3 3 5 3 4 2 3 4 2 4 2 2 4 4 4 4 1 3 6 5 2 2 4 4 2 6 4 7 5 4 2 3 5 6 4 6 2 4 3 3 2 2 4 1 5 3 4 4 3 3 4 5 4 4 3 5 2 4 3 3 3 5 4 3 2 5 6 4 5 4 4 5 4 3 3 3 5 5 4 2 3 4 3 3 4 4 2 4 4 4 3 6 3 4 5 4 4 3 6 3 4 6 4 4 4 4 3 5 4 4 5 5 4 5 4 2 4 5 4 3 6 3 3 4 3 6 5 3 2 3 2 4 7 7 5 5 4 3 5 3 3 5 4 4 5 3 4 4 4 3 3 4 7 3 5 6 3 5 3 5 4 4 4 2 4 6 4 5 5 3 3 4 1 5 4 4 4 5 4 3 2 6 4 3 1 7 4 4 5 6 
5 3 7 5 7 3 6 3 2 7 2 7 3 2 2 3 6 5 6 6 5 5 5 4 5 5 2 3 5 4 4 5 8 4 5 1 4 9 6 5 6 7 4 6 7 3 7 4 4 4 6 2 7 4 6 5 4 4 4 7 5 4 4 4 5 6 3 4 6 3 9 3 7 4 6 6 5 4 6 3 7 5 8 5 5 3 5 5 4 6 7 5 4 4 5 7 7 3 5 7 5 3 3 8 5 8 7 8 2 2 3 5 6 2 5 4 7 5 6 6 3 3 5 5 8 7 5 4 7 5 4 5 1 3 9 5 4 6 5 6 6 3 5 7 4 4 6 5 6 3 4 5 5 8 4 0 5 6 9 4 3 6 5 8 4 7 4 4 4 6 5 3 6 2 5 6 6 9 9 3 4 2 4 5 6 5 4 6 5 6 2 3 2 8 5 4 4 5 4 3 
10 5 7 5 7 7 6 4 8 5 5 8 9 7 3 5 5 7 5 9 3 4 5 5 7 7 4 3 7 7 7 6 6 6 0 7 2 7 7 4 6 4 10 5 2 4 9 5 1 7 4 6 6 9 8 8 7 7 8 5 6 6 5 6 5 3 7 9 6 8 6 9 2 9 8 9 5 5 5 6 5 8 10 9 7 8 9 5 4 4 3 10 8 4 6 7 4 10 7 4 8 6 8 7 5 8 3 2 8 2 6 9 2 5 2 7 6 6 10 7 5 6 7 8 7 6 3 5 3 7 4 5 7 5 4 9 5 8 5 6 4 3 8 5 8 8 2 3 7 6 7 10 10 4 5 7 8 7 3 6 3 6 3 7 5 1 8 9 10 6 7 5 6 6 7 5 7 4 9 2 9 3 8 7 5 6 9 6 9 5 7 6 1 5 6 3 5 1 4 7 
1 2 1 2 2 1 1 1 1 2 1 1 1 1 1 1 1 1 2 0 1 1 1 1 0 2 1 1 1 1 1 1 2 1 1 1 1 1 1 1 1 0 1 1 2 1 1 1 1 1 1 1 1 1 1 1 1 1 0 1 1 0 1 2 1 1 1 1 1 1 1 1 1 1 1 1 1 1 1 1 1 1 0 1 1 1 1 1 1 1 2 1 1 1 1 1 2 1 1 1 1 1 0 1 2 1 1 1 1 1 1 1 1 1 1 0 1 1 1 1 1 1 1 1 1 2 1 1 1 1 1 1 1 1 0 2 1 1 1 1 1 1 1 0 0 1 2 1 1 1 0 1 1 1 1 1 1 1 1 1 1 1 1 2 1 1 1 2 1 1 1 1 1 1 1 1 1 1 1 1 1 1 1 1 2 1 1 1 1 1 1 1 0 1 1 1 1 1 2 1 
3 10 4 6 4 5 3 5 4 8 5 3 7 5 4 7 3 6 7 9 5 6 4 4 8 7 7 7 5 8 6 3 2 8 9 7 9 5 6 2 6 9 4 6 4 8 10 6 9 8 2 9 10 7 5 7 7 6 6 4 5 8 4 4 5 8 7 8 3 9 8 4 7 6 8 8 10 5 7 6 7 5 4 4 9 8 3 11 8 9 4 10 5 8 4 6 7 4 8 4 4 8 10 5 7 7 10 7 5 2 7 5 6 6 4 6 7 7 4 6 4 8 7 4 8 3 8 8 2 8 9 4 6 11 6 7 5 3 8 4 4 7 10 3 4 2 10 6 3 5 6 2 5 8 8 5 7 7 8 4 6 5 8 4 5 7 4 5 6 5 8 7 5 9 4 6 8 6 1 5 9 4 7 2 8 5 4 6 6 3 8 6 4 12 7 3 7 9 5 12 
12 9 16 14 17 14 9 13 6 10 13 12 9 9 8 12 10 5 15 5 11 10 13 13 11 8 10 11 7 9 7 0 5 1 14 7 12 8 12 7 9 10 6 8 9 10 15 5 13 11 11 10 6 13 8 12 14 11 10 9 12 12 11 19 14 15 11 10 16 14 2 11 8 9 15 12 12 10 2 13 13 7 7 5 11 7 9 12 10 10 12 12 3 16 13 16 9 5 11 11 10 13 15 15 9 10 17 8 9 9 6 5 10 8 9 11 9 7 11 10 9 14 10 13 16 8 11 9 7 8 9 7 9 9 13 8 11 12 12 5 8 8 13 16 10 10 7 12 5 10 12 8 10 11 15 3 15 8 10 12 9 7 8 4 10 9 14 12 11 15 7 6 13 8 11 11 9 4 15 13 16 17 6 6 18 11 16 9 16 8 15 15 15 16 11 10 11 11 9 15 
4 2 3 2 4 5 4 4 4 5 3 2 2 5 2 6 4 5 4 3 5 4 5 2 3 4 4 3 3 4 6 2 5 3 4 4 2 5 2 3 5 2 4 2 2 6 4 5 5 5 5 3 2 2 4 3 5 3 2 4 4 4 1 6 4 6 8 5 4 4 3 3 4 3 4 3 7 3 4 5 3 5 3 5 6 3 4 4 4 2 6 4 4 5 5 3 1 6 2 4 4 3 5 5 3 2 4 5 5 4 2 2 4 4 6 4 5 1 5 6 4 4 4 3 4 5 2 4 3 2 2 5 3 2 1 6 2 5 5 3 5 5 4 5 5 5 2 4 3 2 7 6 5 4 4 6 6 4 5 5 5 3 3 4 7 3 4 3 5 3 4 4 3 3 5 5 4 4 6 5 3 5 2 4 3 3 8 3 5 1 3 2 4 4 6 6 5 3 3 3 
9 7 10 8 7 4 13 6 6 5 7 9 12 9 3 10 9 5 6 10 9 6 4 6 6 6 12 8 11 5 11 6 6 9 6 8 6 10 6 8 6 4 5 10 9 8 6 8 8 7 11 5 12 6 10 6 1 1 11 10 9 5 5 7 8 8 9 9 10 9 4 3 5 4 11 8 9 8 14 7 7 13 7 12 7 8 15 9 3 7 11 5 11 11 10 11 8 8 4 7 11 12 7 12 8 8 5 7 9 6 11 8 3 10 11 8 7 10 6 12 10 9 9 11 6 13 4 12 4 9 12 9 9 12 6 9 7 8 10 3 10 5 7 10 9 8 10 6 13 7 9 5 7 7 7 13 7 3 11 8 8 7 9 6 10 10 10 7 10 7 8 14 6 4 8 2 4 6 7 13 8 5 8 12 5 9 6 9 6 8 11 14 3 8 6 12 9 12 5 14 
2 5 5 8 4 3 8 7 3 3 7 7 6 5 6 7 6 5 5 1 3 7 4 4 5 6 3 4 5 5 5 5 6 3 6 3 6 8 7 4 4 5 6 3 5 3 5 7 4 6 4 8 3 3 5 6 5 4 5 5 6 5 7 2 3 6 6 6 3 6 8 5 2 5 3 5 3 7 4 5 5 3 3 5 4 6 3 3 4 6 7 6 2 1 6 6 5 6 4 1 4 8 4 6 9 2 5 4 6 4 4 6 6 6 5 7 2 5 5 7 6 5 7 5 6 6 5 3 6 6 3 6 8 3 5 9 7 5 4 2 5 6 3 6 3 4 3 2 6 2 12 6 3 9 6 3 3 7 4 8 4 7 6 6 8 3 7 4 5 3 6 4 3 9 5 4 5 4 3 4 5 4 4 6 4 5 7 6 3 4 5 2 2 5 7 3 3 6 0 2 
1 1 1 1 1 1 1 1 1 1 1 1 1 1 0 1 1 0 1 1 1 1 1 1 1 1 1 1 1 1 1 1 1 1 1 1 1 1 1 1 1 1 1 1 1 1 1 1 1 1 1 1 1 1 1 1 1 1 1 1 1 1 1 1 1 1 1 1 1 1 1 1 1 0 1 1 1 1 1 1 1 1 1 1 0 1 1 1 1 0 1 2 1 1 1 1 2 1 2 1 0 1 1 1 0 1 1 1 1 1 1 1 1 2 1 1 1 1 1 0 1 1 1 1 2 1 1 1 1 0 1 1 1 1 1 2 1 1 1 1 1 0 1 0 1 1 1 1 1 1 1 1 1 1 0 1 1 1 1 1 1 1 1 2 1 1 1 1 1 1 1 1 1 1 1 1 1 0 1 1 1 2 1 1 1 1 1 0 1 1 2 1 1 1 1 1 1 1 1 1 
3 3 2 3 2 4 3 4 3 3 4 3 3 5 5 2 3 4 4 3 7 5 6 4 6 5 4 3 4 4 3 4 4 3 4 2 3 4 5 6 4 3 5 4 1 6 3 4 3 7 4 6 3 5 4 4 4 3 6 5 3 4 5 6 5 2 3 4 6 3 2 5 5 3 3 4 4 4 4 4 3 5 9 4 5 6 3 3 4 3 5 5 4 3 6 5 5 4 3 4 3 3 4 4 3 4 1 4 5 4 2 4 4 5 2 4 5 4 4 6 4 6 5 2 2 4 8 3 3 5 3 4 6 7 4 7 0 4 4 2 4 3 6 3 4 6 4 4 4 4 4 2 6 4 4 3 4 4 3 5 4 5 6 4 6 5 5 5 4 6 4 4 2 3 7 5 7 7 5 2 6 2 4 2 2 3 3 3 5 5 3 2 4 7 4 5 2 7 4 6 
