NAME  : Jabali_50_4_0.80_1_7
TYPE : SVRP
MODEL : FINITE_SUPPORT
NUMBER_OF_SCENARIOS : 200
DIMENSION : 50
EDGE_WEIGHT_TYPE : MATRIX
CAPACITY : 75
N_VEHICLES : 4
NODE_COORD_SECTION
1 3439 4068
2 2847 4104
3 948 5857
4 6132 2379
5 7661 3611
6 2901 1635
7 4912 597
8 4828 3246
9 27 4417
10 5089 6602
11 3166 624
12 2358 3101
13 7380 3552
14 8771 2337
15 1509 1125
16 3124 4862
17 6695 5850
18 874 3466
19 2446 6663
20 5963 716
21 7711 1958
22 6048 6822
23 3241 5210
24 5049 3523
25 3570 2643
26 6793 2677
27 1143 6056
28 7224 2881
29 413 5794
30 2492 2389
31 9006 2510
32 3436 18
33 6876 1366
34 3497 485
35 3604 4033
36 2320 474
37 4244 897
38 1684 3739
39 8632 2494
40 6996 5654
41 5986 3163
42 4202 5341
43 2789 158
44 6456 4095
45 3994 5732
46 6193 3237
47 6554 3088
48 7594 4529
49 4831 4389
50 5664 2100
DEMAND_SECTION
1 0.0
2 5.0
3 6.0
4 10.0
5 4.0
6 5.0
7 1.0
8 1.0
9 8.0
10 3.0
11 9.0
12 8.0
13 7.0
14 1.0
15 2.0
16 3.0
17 4.0
18 9.0
19 2.0
20 7.0
21 4.0
22 7.0
23 5.0
24 5.0
25 3.0
26 3.0
27 1.0
28 4.0
29 2.0
30 8.0
31 4.0
32 3.0
33 9.0
34 7.0
35 10.0
36 2.0
37 6.0
38 6.0
39 1.0
40 4.0
41 1.0
42 10.0
43 1.0
44 3.0
45 9.0
46 6.0
47 9.0
48 6.0
49 6.0
50 1.0
DEVIATION_SECTION
1 0.0
2 1.66667
3 2.0
4 3.33333
5 1.33333
6 1.66667
7 0.333333
8 0.333333
9 2.66667
10 1.0
11 3.0
12 2.66667
13 2.33333
14 0.333333
15 0.666667
16 1.0
17 1.33333
18 3.0
19 0.666667
20 2.33333
21 1.33333
22 2.33333
23 1.66667
24 1.66667
25 1.0
26 1.0
27 0.333333
28 1.33333
29 0.666667
30 2.66667
31 1.33333
32 1.0
33 3.0
34 2.33333
35 3.33333
36 0.666667
37 2.0
38 2.0
39 0.333333
40 1.33333
41 0.333333
42 3.33333
43 0.333333
44 1.0
45 3.0
46 2.0
47 3.0
48 2.0
49 2.0
50 0.333333
DISTANCE_MATRIX
0.0 8.06226 43.6807 43.668 56.3028 34.5403 55.4282 22.8995 47.634 43.3218 48.7492 20.0998 53.2541 73.6651 47.4537 11.3246 52.0384 36.4005 37.6821 57.4282 63.2106 52.3501 15.5441 21.9411 24.4597 47.515 41.4367 51.7398 46.5296 25.5959 76.6127 59.4958 62.9659 53.7629 1.41421 51.1872 51.3659 25.0799 72.3839 53.0377 35.4795 29.5117 54.1619 40.7185 26.4492 37.5506 42.5211 56.648 18.2483 43.7649 
8.06226 0.0 38.3275 51.573 64.3506 31.0216 55.8661 30.8045 39.6989 46.2386 45.2305 14.3178 61.2944 81.6057 43.2666 10.2956 59.0339 28.4605 34.1689 67.2497 71.1156 57.7779 14.4222 29.8461 25.6364 55.42 35.6931 59.6803 39.9249 21.9317 84.5177 52.9449 70.8709 47.4237 9.43398 47.6685 46.9488 17.088 80.2889 60.2993 43.42 23.6335 50.6432 48.7545 25.4951 45.4911 50.4616 64.622 25.9615 51.6699 
43.6807 38.3275 0.0 86.9429 99.4802 64.9384 90.2544 66.1745 27.7308 52.3927 79.2465 44.7214 96.4922 117.335 69.3181 35.8469 75.4718 36.4005 20.2485 100.083 107.202 65.5515 34.9794 65.166 60.0248 91.1493 3.60555 95.4095 10.0499 54.1295 120.247 87.1321 106.241 81.7435 44.9222 79.0569 81.3372 33.8378 116.018 78.492 79.1493 45.6711 83.678 79.8336 48.2599 81.2192 86.1908 90.8684 60.0116 87.0399 
43.668 51.573 86.9429 0.0 26.0768 45.3542 27.5136 24.1983 91.2576 56.0446 47.0956 52.0003 23.1948 36.3593 65.307 54.5799 46.7547 72.4182 80.9374 22.0227 22.6716 58.1808 58.7994 22.0972 36.3705 10.198 84.694 16.2788 89.8488 49.1935 38.833 48.2701 17.0294 44.4072 42.2538 58.0 32.0156 64.1971 34.6699 44.5533 10.2956 45.8804 54.3323 22.6274 49.9888 10.6301 10.7703 34.5398 30.873 7.28011 
56.3028 64.3506 99.4802 26.0768 0.0 70.5762 53.1507 37.4461 103.812 53.1507 73.171 74.2912 3.16228 21.587 90.6697 66.4003 33.3766 92.2656 77.8334 44.2832 21.9545 49.0408 70.6199 35.3412 57.7217 16.4924 97.7241 11.1803 104.132 73.014 24.7386 74.1485 31.4006 70.4557 54.9181 84.0238 58.0775 81.1295 21.2132 29.6142 22.1359 51.3624 80.399 17.2047 55.4707 19.9249 16.1245 12.53 40.3113 33.0 
34.5403 31.0216 64.9384 45.3542 70.5762 0.0 27.53 35.1291 53.8516 73.9087 14.3178 20.2237 67.4759 80.7998 20.0998 41.0049 78.7464 36.6879 64.5297 41.9408 65.5686 82.4184 45.2245 38.4708 19.4165 55.5428 61.6604 61.6117 63.0079 11.0 82.9433 22.2036 55.0741 17.0 35.1292 17.8045 18.6127 32.0 78.9637 78.5875 49.0408 60.0987 19.7231 60.209 56.1295 51.0882 54.4518 76.0263 45.1885 38.0789 
55.4282 55.8661 90.2544 27.5136 53.1507 27.53 0.0 46.6543 81.0984 85.4911 21.8403 46.1448 50.448 57.8705 43.909 66.3401 72.0069 64.0408 91.3999 14.4222 41.7732 81.6524 70.5596 44.5533 39.1661 36.6742 87.0977 42.4264 89.2597 37.8035 59.439 21.095 28.1603 18.2483 54.014 33.2415 10.0 58.4166 55.9017 70.4557 35.8469 71.6857 28.1603 48.8774 75.7941 37.1214 38.2753 62.0322 55.7594 21.9545 
22.8995 30.8045 66.1745 24.1983 37.4461 35.1291 46.6543 0.0 70.4891 46.6476 42.72 37.2157 34.3048 54.231 55.0091 33.8114 45.1774 57.6335 60.1689 45.0454 43.7409 52.3259 38.0309 4.24264 20.6155 28.0454 63.9255 32.3057 69.0803 35.9026 57.1431 47.8666 41.062 42.1392 21.4853 51.3137 39.7367 47.4819 52.9142 44.3847 16.0454 33.634 50.254 25.0799 37.7425 18.1164 23.087 41.0122 17.088 25.258 
47.634 39.6989 27.7308 91.2576 103.812 53.8516 81.0984 70.4891 0.0 73.5527 66.9104 36.2353 100.802 121.29 50.3587 44.2945 93.3006 17.2627 44.2832 93.844 110.8 86.8332 45.6946 69.5307 52.8298 95.1047 24.6982 99.3649 18.6011 43.3244 124.202 74.8131 100.115 70.406 49.0408 63.0 72.1812 24.4131 119.974 95.5196 83.1047 57.0088 69.1158 87.7151 55.127 85.1757 90.1463 103.274 64.3699 81.2641 
43.3218 46.2386 52.3927 56.0446 53.1507 73.9087 85.4911 46.6476 73.5527 0.0 84.2992 60.5511 51.6236 74.7329 89.4023 36.0555 24.8395 70.4626 32.2025 77.0116 71.0 13.3417 32.28 42.5441 54.9279 56.2228 53.1413 57.0088 61.3514 67.8719 77.8781 89.8764 72.3671 84.1487 42.6542 91.4754 81.9251 60.0167 74.3303 28.6007 46.0977 23.3238 91.5816 38.0132 20.8806 46.6905 50.2494 44.3847 30.0 57.2243 
48.7492 45.2305 79.2465 47.0956 73.171 14.3178 21.8403 42.72 66.9104 84.2992 0.0 34.5254 70.2567 79.6241 23.3452 55.2139 87.0663 49.6488 78.7387 35.8469 63.561 92.4175 59.4334 46.1741 31.4006 57.0088 75.9539 63.0 77.1038 25.1794 81.2527 8.0 50.0 4.24264 52.417 11.4018 15.1327 46.0977 77.666 86.532 53.4186 70.4891 7.61577 65.8073 70.3385 55.1924 57.4671 80.6837 55.0 40.4162 
20.0998 14.3178 44.7214 52.0003 74.2912 20.2237 46.1448 37.2157 36.2353 60.5511 34.5254 0.0 71.1498 88.3577 29.2062 24.5967 72.111 20.5183 45.8039 58.1096 74.0805 72.0905 28.6531 39.0725 16.6013 61.7877 41.4367 67.6775 43.0465 9.48683 90.7971 42.4264 63.8861 37.1214 21.0238 35.3553 37.2276 12.3693 86.6545 73.0 52.8904 37.946 39.2173 59.0818 39.8121 54.9615 59.688 75.2607 38.0132 45.0355 
53.2541 61.2944 96.4922 23.1948 3.16228 67.4759 50.448 34.3048 100.802 51.6236 70.2567 71.1498 0.0 23.4094 87.5728 63.4123 32.9848 89.184 75.6439 42.0595 21.5407 48.2597 67.6319 32.2025 54.5803 13.9284 94.7361 9.21954 98.7236 69.8675 26.5707 71.3863 29.7321 67.6018 51.8652 81.0555 55.1492 78.0479 22.8035 29.4109 18.9737 48.8983 77.5242 14.7648 53.0067 16.7631 13.0384 13.4536 37.4833 30.0167 
73.6651 81.6057 117.335 36.3593 21.587 80.7998 57.8705 54.231 121.29 74.7329 79.6241 88.3577 23.4094 0.0 100.637 84.255 54.0 108.776 99.0096 45.0444 16.1245 70.0643 88.4746 52.1299 72.7279 27.0185 115.579 21.9317 119.566 85.4751 3.16228 78.4092 30.0666 76.1183 72.2545 91.0055 65.521 98.2831 2.0 50.01 38.2099 72.0075 85.9884 38.0789 76.116 36.1248 31.1448 32.0156 59.6406 43.4166 
47.4537 43.2666 69.3181 65.307 90.6697 20.0998 43.909 55.0091 50.3587 89.4023 23.3452 29.2062 87.5728 100.637 0.0 53.535 97.5141 34.2053 74.3303 58.3095 84.7286 99.7251 57.6888 58.1378 37.108 75.505 65.7419 81.5843 64.5136 21.9317 102.445 29.4109 71.613 27.5862 48.0425 14.3178 35.1516 36.0555 98.7108 97.6729 69.1158 66.7972 21.4709 80.0562 68.6736 71.1758 74.5453 96.0 63.3671 58.0517 
11.3246 10.2956 35.8469 54.5799 66.4003 41.0049 66.3401 33.8114 44.2945 36.0555 55.2139 24.5967 63.4123 84.255 53.535 0.0 50.4876 36.2215 29.1279 68.3401 74.1225 47.8539 4.24264 32.8029 35.6198 58.0694 34.0 62.3297 40.0 32.0185 87.1671 62.9283 73.8778 57.4071 12.6158 57.6519 62.2778 25.02 82.9382 52.2394 46.0694 14.0 60.6265 50.2769 15.2315 48.1393 53.111 65.8358 26.9317 54.6768 
52.0384 59.0339 75.4718 46.7547 33.3766 78.7464 72.0069 45.1774 93.3006 24.8395 87.0663 72.111 32.9848 54.0 97.5141 50.4876 0.0 86.7013 55.8032 68.7677 54.4059 16.2788 48.0521 41.1461 60.4152 42.5441 75.6644 40.8534 83.6754 76.1567 57.0088 91.8011 60.0333 86.9453 51.0882 95.6347 84.5428 75.4429 54.037 4.12311 36.7696 36.6742 94.6003 24.2074 38.2753 36.1248 37.4433 22.0227 34.3657 50.3289 
36.4005 28.4605 36.4005 72.4182 92.2656 36.6879 64.0408 57.6335 17.2627 70.4626 49.6488 20.5183 89.184 108.776 34.2053 36.2215 86.7013 0.0 46.5296 78.4517 94.4984 83.1505 39.0128 57.6596 37.0191 82.2055 32.8024 88.0954 30.4631 26.4008 111.215 57.5587 84.2914 53.1507 37.6962 46.0977 55.1236 11.4018 107.072 88.3355 71.2335 50.1597 52.0096 77.0779 50.04 73.3046 78.2751 93.0484 54.4059 65.4534 
37.6821 34.1689 20.2485 80.9374 77.8334 64.5297 91.3999 60.1689 44.2832 32.2025 78.7387 45.8039 75.6439 99.0096 74.3303 29.1279 55.8032 46.5296 0.0 94.6976 92.3377 45.31 28.2571 59.1604 59.1446 76.6766 21.3776 78.9405 29.6142 54.9181 102.163 86.4531 100.235 80.9319 38.9733 80.9938 80.457 39.0512 98.2534 59.0339 65.1174 33.5936 84.1513 60.9317 29.1428 66.3389 70.7682 71.7514 44.7806 81.0344 
57.4282 67.2497 100.083 22.0227 44.2832 41.9408 14.4222 45.0454 93.844 77.0116 35.8469 58.1096 42.0595 45.0444 58.3095 68.3401 68.7677 78.4517 94.6976 0.0 29.0 79.925 72.5596 42.9443 43.0768 28.3019 98.0955 33.1059 100.643 52.2144 46.2709 33.541 15.0 31.9531 56.014 47.1699 24.0832 70.4114 43.0465 66.4831 32.2025 66.7274 41.4849 44.5982 70.8359 32.6497 31.8904 54.9181 51.72 20.2485 
63.2106 71.1156 107.202 22.6716 21.9545 65.5686 41.7732 43.7409 110.8 71.0 63.561 74.0805 21.5407 16.1245 84.7286 74.1225 54.4059 94.4984 92.3377 29.0 0.0 69.2315 78.342 41.6398 58.4507 15.8114 104.237 14.0357 109.434 70.7248 17.72 62.2896 14.0 60.0167 61.7964 74.9533 49.6488 86.2773 14.1421 50.9215 27.8568 64.4317 69.8713 33.0151 68.5401 26.2488 21.587 34.4819 50.3289 29.0689 
52.3501 57.7779 65.5515 58.1808 49.0408 82.4184 81.6524 52.3259 86.8332 13.3417 92.4175 72.0905 48.2597 70.0643 99.7251 47.8539 16.2788 83.1505 45.31 79.925 69.2315 0.0 44.4072 48.0833 63.4376 55.9732 66.4078 55.3173 74.6324 77.8673 73.1095 97.6295 73.1642 91.9021 51.6825 99.985 89.4996 72.4431 70.0071 20.3961 47.8853 34.2053 99.8649 37.0 33.1361 47.8539 50.3289 38.2099 37.4433 60.2561 
15.5441 14.4222 34.9794 58.7994 70.6199 45.2245 70.5596 38.0309 45.6946 32.28 59.4334 28.6531 67.6319 88.4746 57.6888 4.24264 48.0521 39.0128 28.2571 72.5596 78.342 44.4072 0.0 37.0224 39.8393 62.2889 33.2233 66.5492 39.6232 36.2353 91.3866 67.1478 78.0974 61.6266 16.8353 61.8714 66.4973 28.0713 87.1578 50.0 50.2889 11.4018 64.8461 45.4868 11.4018 52.3589 57.3305 58.4876 31.1513 58.8963 
21.9411 29.8461 65.166 22.0972 35.3412 38.4708 44.5533 4.24264 69.5307 42.5441 46.1741 39.0725 32.2025 52.1299 58.1378 32.8029 41.1461 57.6596 59.1604 42.9443 41.6398 48.0833 37.0224 0.0 22.561 25.9443 62.917 30.2046 68.1142 38.3275 55.042 51.3206 38.9609 45.5932 20.5269 54.7677 43.1907 46.5235 50.8131 40.4969 13.9443 29.795 53.708 22.0227 33.9034 16.0153 20.9859 38.2099 13.3417 23.1569 
24.4597 25.6364 60.0248 36.3705 57.7217 19.4165 39.1661 20.6155 52.8298 54.9279 31.4006 16.6013 54.5803 72.7279 37.108 35.6198 60.4152 37.0191 59.1446 43.0768 58.4507 63.4376 39.8393 22.561 0.0 46.1578 56.8681 52.0477 59.03 16.0 75.1673 38.0789 48.6004 32.249 23.0455 37.2022 30.2489 28.7981 71.0246 60.6712 36.3209 41.1179 38.2099 44.4072 50.7444 38.392 43.3625 60.6712 26.2649 29.4177 
47.515 55.42 91.1493 10.198 16.4924 55.5428 36.6742 28.0454 95.1047 56.2228 57.0088 61.7877 13.9284 27.0185 75.505 58.0694 42.5441 82.2055 76.6766 28.3019 15.8114 55.9732 62.2889 25.9443 46.1578 0.0 88.1835 6.08276 93.3807 59.0931 29.7321 57.7062 17.4929 54.1479 46.1008 68.0294 42.0119 72.0974 25.4951 39.6611 12.083 48.6844 64.1249 18.9737 52.7928 10.4403 6.0 26.6271 34.5398 17.4642 
41.4367 35.6931 3.60555 84.694 97.7241 61.6604 87.0977 63.9255 24.6982 53.1413 75.9539 41.4367 94.7361 115.579 65.7419 34.0 75.6644 32.8024 21.3776 98.0955 104.237 66.4078 33.2233 62.917 56.8681 88.1835 0.0 93.6535 8.24621 50.8035 118.491 83.863 103.992 78.5175 42.72 75.5844 78.1805 30.3645 114.262 78.6258 76.1835 43.9151 80.2808 78.0776 48.3936 79.4631 84.4348 91.0784 58.2555 84.7909 
51.7398 59.6803 95.4095 16.2788 11.1803 61.6117 42.4264 32.3057 99.3649 57.0088 63.0 67.6775 9.21954 21.9317 81.5843 62.3297 40.8534 88.0954 78.9405 33.1059 14.0357 55.3173 66.5492 30.2046 52.0477 6.08276 93.6535 0.0 97.641 65.0 24.8395 63.5059 20.5183 60.075 50.3292 74.0608 48.0416 76.3577 20.6155 37.5766 16.2788 51.3064 70.0643 19.0 55.4149 14.2127 9.21954 22.6274 38.0789 23.5372 
46.5296 39.9249 10.0499 89.8488 104.132 63.0079 89.2597 69.0803 18.6011 61.3514 77.1038 43.0465 98.7236 119.566 64.5136 40.0 83.6754 30.4631 29.6142 100.643 109.434 74.6324 39.6232 68.1142 59.03 93.3807 8.24621 97.641 0.0 52.0096 122.478 85.0941 109.147 80.0062 47.8853 75.505 80.3425 31.0161 118.25 86.6368 81.3807 50.3234 80.7527 84.4859 48.1712 83.4506 88.4223 97.4867 62.243 89.9457 
25.5959 21.9317 54.1295 49.1935 73.014 11.0 37.8035 35.9026 43.3244 67.8719 25.1794 9.48683 69.8675 85.4751 21.9317 32.0185 76.1567 26.4008 54.9181 52.2144 70.7248 77.8673 36.2353 38.3275 16.0 59.0931 50.8035 65.0 52.0096 0.0 87.818 33.1361 59.8737 28.0 26.1848 26.0768 28.8863 21.0 83.7257 76.531 51.0644 55.0289 29.7321 60.2993 47.1431 53.1976 57.0113 76.531 41.9702 42.0595 
76.6127 84.5177 120.247 38.833 24.7386 82.9433 59.439 57.1431 124.202 77.8781 81.2527 90.7971 26.5707 3.16228 102.445 87.1671 57.0088 111.215 102.163 46.2709 17.72 73.1095 91.3866 55.042 75.1673 29.7321 118.491 24.8395 122.478 87.818 0.0 79.7621 31.4006 77.666 75.1985 92.6499 67.3573 101.195 4.24264 53.0 41.1096 75.1333 87.4757 41.2311 79.2418 39.0512 34.0588 35.0 62.6817 45.793 
59.4958 52.9449 87.1321 48.2701 74.1485 22.2036 21.095 47.8666 74.8131 89.8764 8.0 42.4264 71.3863 78.4092 29.4109 62.9283 91.8011 57.5587 86.4531 33.541 62.2896 97.6295 67.1478 51.3206 38.0789 57.7062 83.863 63.5059 85.0941 33.1361 79.7621 0.0 48.3735 5.83095 58.0816 15.5563 18.0278 54.0833 76.4199 90.3863 55.8089 76.0752 8.60233 68.7851 78.0529 57.2573 58.9406 82.5651 60.3233 42.0595 
62.9659 70.8709 106.241 17.0294 31.4006 55.0741 28.1603 41.062 100.115 72.3671 50.0 63.8861 29.7321 30.0666 71.613 73.8778 60.0333 84.2914 100.235 15.0 14.0 73.1642 78.0974 38.9609 48.6004 17.4929 103.992 20.5183 109.147 59.8737 31.4006 48.3735 0.0 46.3249 61.5517 61.4003 36.6742 76.0829 28.0713 57.1402 26.3059 62.7441 56.0892 36.2491 66.8525 25.7099 22.8473 43.1393 47.7367 20.6155 
53.7629 47.4237 81.7435 44.4072 70.4557 17.0 18.2483 42.1392 70.406 84.1487 4.24264 37.1214 67.6018 76.1183 27.5862 57.4071 86.9453 53.1507 80.9319 31.9531 60.0167 91.9021 61.6266 45.5932 32.249 54.1479 78.5175 60.075 80.0062 28.0 77.666 5.83095 46.3249 0.0 52.3487 15.2315 13.0 49.0 74.1485 85.5305 51.6179 70.3478 10.0 64.8058 72.5317 53.0663 54.9181 78.3958 54.583 37.8742 
1.41421 9.43398 44.9222 42.2538 54.9181 35.1292 54.014 21.4853 49.0408 42.6542 52.417 21.0238 51.8652 72.2545 48.0425 12.6158 51.0882 37.6962 38.9733 56.014 61.7964 51.6825 16.8353 20.5269 23.0455 46.1008 42.72 50.3292 47.8853 26.1848 75.1985 58.0816 61.5517 52.3487 0.0 51.7761 49.9517 26.4008 70.9697 52.0096 34.0689 28.8441 59.7103 39.3954 27.7404 36.14 41.1105 55.3624 17.1172 42.3507 
51.1872 47.6685 79.0569 58.0 84.0238 17.8045 33.2415 51.3137 63.0 91.4754 11.4018 35.3553 81.0555 91.0055 14.3178 57.6519 95.6347 46.0977 80.9938 47.1699 74.9533 99.985 61.8714 54.7677 37.2022 68.0294 75.5844 74.0608 75.505 26.0768 92.6499 15.5563 61.4003 15.2315 51.7761 0.0 26.0192 45.2217 89.0505 95.1963 63.6396 77.6654 7.2111 75.71 72.7765 65.4905 68.1175 90.934 62.6498 51.0392 
51.3659 46.9488 81.3372 32.0156 58.0775 18.6127 10.0 39.7367 72.1812 81.9251 15.1327 37.2276 55.1492 65.521 35.1516 62.2778 84.5428 55.1236 80.457 24.0832 49.6488 89.4996 66.4973 43.1907 30.2489 42.0119 78.1805 48.0416 80.3425 28.8863 67.3573 18.0278 36.6742 13.0 49.9517 26.0192 0.0 49.4993 63.6003 83.128 50.0145 68.1196 22.561 62.4033 72.2281 51.7883 42.3588 77.2797 52.1934 25.3079 
25.0799 17.088 33.8378 64.1971 81.1295 32.0 58.4166 47.4819 24.4131 60.0167 46.0977 12.3693 78.0479 98.2831 36.0555 25.02 75.4429 11.4018 39.0512 70.4114 86.2773 72.4431 28.0713 46.5235 28.7981 72.0974 30.3645 76.3577 31.0161 21.0 101.195 54.0833 76.0829 49.0 26.4008 45.2217 49.4993 0.0 96.9663 76.9563 60.0974 39.0128 50.01 65.7951 39.3192 62.1685 67.139 81.7068 43.0116 57.2323 
72.3839 80.2889 116.018 34.6699 21.2132 78.9637 55.9017 52.9142 119.974 74.3303 77.666 86.6545 22.8035 2.0 98.7108 82.9382 54.037 107.072 98.2534 43.0465 14.1421 70.0071 87.1578 50.8131 71.0246 25.4951 114.262 20.6155 118.25 83.7257 4.24264 76.4199 28.0713 74.1485 70.9697 89.0505 63.6003 96.9663 0.0 50.0899 36.8782 71.1132 84.0119 37.3363 75.2216 34.8281 29.8329 32.1403 58.5235 41.6773 
53.0377 60.2993 78.492 44.5533 29.6142 78.5875 70.4557 44.3847 95.5196 28.6007 86.532 73.0 29.4109 50.01 97.6729 52.2394 4.12311 88.3355 59.0339 66.4831 50.9215 20.3961 50.0 40.4969 60.6712 39.6611 78.6258 37.5766 86.6368 76.531 53.0 90.3863 57.1402 85.5305 52.0096 95.1963 83.128 76.9563 50.0899 0.0 34.8281 38.6005 94.1332 21.9317 40.7185 33.9706 34.8281 18.0 35.0143 48.6004 
35.4795 43.42 79.1493 10.2956 22.1359 49.0408 35.8469 16.0454 83.1047 46.0977 53.4186 52.8904 18.9737 38.2099 69.1158 46.0694 36.7696 71.2335 65.1174 32.2025 27.8568 47.8853 50.2889 13.9443 36.3209 12.083 76.1835 16.2788 81.3807 51.0644 41.1096 55.8089 26.3059 51.6179 34.0689 63.6396 50.0145 60.0974 36.8782 34.8281 0.0 36.9737 61.0198 13.0384 41.0821 2.23607 7.07107 27.2947 22.4722 13.8924 
29.5117 23.6335 45.6711 45.8804 51.3624 60.0987 71.6857 33.634 57.0088 23.3238 70.4891 37.946 48.8983 72.0075 66.7972 14.0 36.6742 50.1597 33.5936 66.7274 64.4317 34.2053 11.4018 29.795 41.1179 48.6844 43.9151 51.3064 50.3234 55.0289 75.1333 76.0752 62.7441 70.3478 28.8441 77.6654 68.1196 39.0128 71.1132 38.6005 36.9737 0.0 77.7716 34.1673 6.0 38.2835 42.8468 47.1681 16.5571 46.9401 
54.1619 50.6432 83.678 54.3323 80.399 19.7231 28.1603 50.254 69.1158 91.5816 7.61577 39.2173 77.5242 85.9884 21.4709 60.6265 94.6003 52.0096 84.1513 41.4849 69.8713 99.8649 64.8461 53.708 38.2099 64.1249 80.2808 70.0643 80.7527 29.7321 87.4757 8.60233 56.0892 10.0 59.7103 7.2111 22.561 50.01 84.0119 94.1332 61.0198 77.7716 0.0 73.4085 75.7511 62.7936 64.7785 88.2849 62.426 47.7276 
40.7185 48.7545 79.8336 22.6274 17.2047 60.209 48.8774 25.0799 87.7151 38.0132 65.8073 59.0818 14.7648 38.0789 80.0562 50.2769 24.2074 77.0779 60.9317 44.5982 33.0151 37.0 45.4868 22.0227 44.4072 18.9737 78.0776 19.0 84.4859 60.2993 41.2311 68.7851 36.2491 64.8058 39.3954 75.71 62.4033 65.7951 37.3363 21.9317 13.0384 34.1673 73.4085 0.0 38.2757 12.0416 13.4164 16.2788 23.6008 26.9258 
26.4492 25.4951 48.2599 49.9888 55.4707 56.1295 75.7941 37.7425 55.127 20.8806 70.3385 39.8121 53.0067 76.116 68.6736 15.2315 38.2753 50.04 29.1428 70.8359 68.5401 33.1361 11.4018 33.9034 50.7444 52.7928 48.3936 55.4149 48.1712 47.1431 79.2418 78.0529 66.8525 72.5317 27.7404 72.7765 72.2281 39.3192 75.2216 40.7185 41.0821 6.0 75.7511 38.2757 0.0 42.392 46.9553 50.9313 20.6655 51.0485 
37.5506 45.4911 81.2192 10.6301 19.9249 51.0882 37.1214 18.1164 85.1757 46.6905 55.1924 54.9615 16.7631 36.1248 71.1758 48.1393 36.1248 73.3046 66.3389 32.6497 26.2488 47.8539 52.3589 16.0153 38.392 10.4403 79.4631 14.2127 83.4506 53.1976 39.0512 57.2573 25.7099 53.0663 36.14 65.4905 51.7883 62.1685 34.8281 33.9706 2.23607 38.2835 62.7936 12.0416 42.392 0.0 5.0 25.4951 24.1661 15.2315 
42.5211 50.4616 86.1908 10.7703 16.1245 54.4518 38.2753 23.087 90.1463 50.2494 57.4671 59.688 13.0384 31.1448 74.5453 53.111 37.4433 78.2751 70.7682 31.8904 21.587 50.3289 57.3305 20.9859 43.3625 6.0 84.4348 9.21954 88.4223 57.0113 34.0588 58.9406 22.8473 54.9181 41.1105 68.1175 42.3588 67.139 29.8329 34.8281 7.07107 42.8468 64.7785 13.4164 46.9553 5.0 0.0 23.7697 29.0689 17.1172 
56.648 64.622 90.8684 34.5398 12.53 76.0263 62.0322 41.0122 103.274 44.3847 80.6837 75.2607 13.4536 32.0156 96.0 65.8358 22.0227 93.0484 71.7514 54.9181 34.4819 38.2099 58.4876 38.2099 60.6712 26.6271 91.0784 22.6274 97.4867 76.531 35.0 82.5651 43.1393 78.3958 55.3624 90.934 77.2797 81.7068 32.1403 18.0 27.2947 47.1681 88.2849 16.2788 50.9313 25.4951 23.7697 0.0 38.9102 40.5216 
18.2483 25.9615 60.0116 30.873 40.3113 45.1885 55.7594 17.088 64.3699 30.0 55.0 38.0132 37.4833 59.6406 63.3671 26.9317 34.3657 54.4059 44.7806 51.72 50.3289 37.4433 31.1513 13.3417 26.2649 34.5398 58.2555 38.0789 62.243 41.9702 62.6817 60.3233 47.7367 54.583 17.1172 62.6498 52.1934 43.0116 58.5235 35.0143 22.4722 16.5571 62.426 23.6008 20.6655 24.1661 29.0689 38.9102 0.0 31.9327 
43.7649 51.6699 87.0399 7.28011 33.0 38.0789 21.9545 25.258 81.2641 57.2243 40.4162 45.0355 30.0167 43.4166 58.0517 54.6768 50.3289 65.4534 81.0344 20.2485 29.0689 60.2561 58.8963 23.1569 29.4177 17.4642 84.7909 23.5372 89.9457 42.0595 45.793 42.0595 20.6155 37.8742 42.3507 51.0392 25.3079 57.2323 41.6773 48.6004 13.8924 46.9401 47.7276 26.9258 51.0485 15.2315 17.1172 40.5216 31.9327 0.0 
DEMAND_SCENARIO_SECTION
0 0 0 0 0 0 0 0 0 0 0 0 0 0 0 0 0 0 0 0 0 0 0 0 0 0 0 0 0 0 0 0 0 0 0 0 0 0 0 0 0 0 0 0 0 0 0 0 0 0 0 0 0 0 0 0 0 0 0 0 0 0 0 0 0 0 0 0 0 0 0 0 0 0 0 0 0 0 0 0 0 0 0 0 0 0 0 0 0 0 0 0 0 0 0 0 0 0 0 0 0 0 0 0 0 0 0 0 0 0 0 0 0 0 0 0 0 0 0 0 0 0 0 0 0 0 0 0 0 0 0 0 0 0 0 0 0 0 0 0 0 0 0 0 0 0 0 0 0 0 0 0 0 0 0 0 0 0 0 0 0 0 0 0 0 0 0 0 0 0 0 0 0 0 0 0 0 0 0 0 0 0 0 0 0 0 0 0 0 0 0 0 0 0 0 0 0 0 0 0 
5 6 4 8 5 5 6 6 8 5 8 6 7 5 4 4 3 7 4 4 7 3 4 7 9 3 7 7 5 6 5 5 3 5 5 4 7 3 6 4 5 3 7 5 3 5 5 6 5 3 6 3 4 4 2 3 2 5 4 0 6 5 7 7 7 7 4 5 1 6 5 5 6 6 6 5 9 5 3 5 5 8 3 4 8 4 5 6 5 6 6 4 4 5 5 4 6 5 5 4 4 7 2 3 4 7 5 6 4 3 5 4 7 3 7 4 4 4 7 3 5 7 3 8 3 3 6 2 4 5 4 6 5 6 8 8 4 10 3 7 7 6 8 4 5 5 0 5 4 3 0 6 6 5 4 4 1 7 6 2 7 3 6 4 9 6 6 8 5 6 6 6 6 6 9 2 6 4 7 5 5 5 3 7 5 5 7 5 5 4 4 6 4 7 4 7 4 5 7 4 
8 3 5 6 2 6 7 6 8 4 6 3 8 7 6 8 5 5 8 6 7 8 5 7 6 4 7 2 11 5 8 6 3 6 5 6 6 5 6 6 6 6 7 5 6 9 9 6 8 8 6 4 7 5 8 4 6 5 3 2 6 6 8 4 4 6 5 3 6 7 4 7 4 8 4 7 8 3 4 4 4 8 7 5 5 9 3 7 7 7 8 4 9 8 8 4 6 8 8 5 6 3 5 6 5 6 7 5 4 4 7 7 4 4 4 7 7 5 6 10 4 8 8 10 7 6 9 9 6 8 7 5 5 10 8 7 7 5 7 9 7 7 5 8 8 8 5 6 3 7 9 4 4 8 6 7 6 6 7 8 4 6 6 6 7 1 7 6 5 7 9 6 6 4 4 7 4 2 2 5 5 7 9 6 6 5 7 4 2 9 7 5 6 6 3 5 9 7 5 3 
12 10 1 8 8 9 15 17 16 6 12 12 9 13 12 10 15 8 7 11 9 9 9 7 10 10 8 10 7 9 9 7 19 12 6 9 13 11 3 9 6 13 10 8 3 6 6 3 8 15 8 14 9 7 12 9 4 12 17 13 15 14 9 14 14 13 15 13 11 9 10 16 10 16 13 13 9 14 7 9 10 3 13 11 15 7 6 6 12 9 7 12 7 14 8 9 11 7 9 8 5 14 9 6 11 15 10 10 10 10 9 13 7 6 8 10 6 11 12 11 6 9 7 11 6 10 8 7 12 13 10 9 6 15 9 5 5 17 11 9 6 13 5 8 6 10 11 10 13 8 14 3 12 13 5 15 13 11 9 5 11 9 13 7 10 11 10 2 11 7 10 10 6 5 14 11 6 16 15 11 8 9 8 10 12 16 14 5 10 5 17 11 12 11 7 9 4 5 12 10 
3 4 4 3 4 5 3 3 4 4 5 4 1 5 5 6 4 5 4 6 5 3 5 5 3 3 2 6 5 4 8 2 4 4 5 4 4 3 4 4 3 3 5 2 6 2 3 5 3 2 5 5 4 2 3 6 5 3 6 2 5 7 6 4 5 3 5 5 3 4 5 5 5 5 5 3 3 4 3 4 3 5 2 3 2 2 3 5 4 2 7 7 4 6 5 4 2 4 4 5 6 2 5 5 4 3 3 3 2 5 2 5 2 4 2 3 5 4 4 4 3 0 6 4 3 4 2 3 4 2 3 6 4 2 5 4 5 5 4 5 5 3 2 8 4 4 5 5 4 2 3 2 5 2 4 2 5 4 3 6 3 6 4 2 2 4 5 6 3 4 3 5 4 3 3 3 3 5 3 3 5 0 4 6 4 4 3 4 7 4 5 6 6 1 4 5 3 3 2 4 
6 3 2 9 5 5 3 3 7 5 4 5 7 3 2 4 3 3 5 6 7 6 5 5 4 7 3 3 4 3 7 4 6 5 6 6 6 7 5 4 4 4 6 4 6 7 7 7 5 9 2 6 4 3 5 6 5 6 3 6 4 4 7 5 6 2 5 3 6 6 1 5 3 4 7 7 5 3 3 5 4 4 5 6 5 6 6 4 6 3 4 6 8 5 6 5 4 7 5 3 7 4 7 7 5 4 7 3 6 5 5 7 5 5 6 3 3 4 7 5 3 8 6 3 4 5 6 6 4 5 3 6 4 3 4 5 2 5 3 6 4 3 6 4 5 3 4 6 5 6 9 5 4 2 7 5 5 6 6 4 3 6 5 4 1 2 0 5 7 4 6 3 5 5 5 5 6 8 5 5 6 4 8 6 4 6 6 3 6 7 6 5 7 6 7 5 4 4 7 7 
1 0 0 1 1 1 1 1 1 0 1 1 1 0 2 1 1 1 1 1 0 1 2 1 2 1 1 1 1 2 1 1 1 1 1 1 1 1 1 1 1 2 1 1 1 1 1 1 1 1 1 1 1 1 1 1 1 0 1 1 0 0 1 1 1 1 2 1 2 1 0 1 1 1 1 1 1 0 1 1 1 1 1 1 1 1 1 2 1 1 1 1 1 1 1 1 1 1 1 1 1 1 2 1 1 1 1 1 1 1 1 1 1 1 0 1 1 1 1 1 2 1 1 1 1 1 1 1 2 1 1 1 1 2 1 1 1 1 1 1 1 1 1 1 1 0 1 1 1 1 1 2 2 1 0 1 1 1 1 1 1 0 1 1 1 1 1 1 1 1 1 1 1 1 1 2 2 2 1 1 1 1 1 1 1 0 1 2 1 1 1 1 1 1 1 1 1 1 1 1 
0 1 1 1 1 1 1 1 1 2 1 1 1 2 1 1 1 1 1 1 1 1 1 1 2 1 1 0 1 1 1 1 1 0 1 1 2 1 1 1 1 1 1 1 1 1 1 1 1 1 1 1 1 1 1 1 1 2 1 1 1 1 1 1 1 1 1 2 1 1 2 1 1 1 1 1 1 1 1 1 1 0 1 1 1 1 1 1 1 2 1 1 1 1 1 1 1 1 2 2 1 1 1 1 1 2 1 1 1 1 1 1 1 1 1 1 1 1 1 1 1 1 1 1 2 1 1 0 1 2 1 1 1 1 1 1 1 1 1 1 1 1 2 1 1 1 1 1 1 1 1 2 2 1 1 1 1 1 1 1 1 1 1 1 1 1 1 1 1 1 1 1 1 0 1 1 1 2 1 1 1 1 1 1 1 1 1 1 1 1 0 1 1 1 1 2 1 1 1 1 
9 12 9 9 13 11 9 7 4 5 5 14 4 11 8 7 11 12 4 8 5 6 11 11 10 6 11 6 11 13 9 8 8 6 6 11 8 9 14 15 10 10 15 6 9 10 4 11 3 16 6 11 6 9 10 7 8 6 6 6 13 9 8 6 8 5 10 10 10 6 7 8 7 2 11 7 8 7 12 8 7 4 4 3 5 4 5 8 9 12 7 6 5 10 9 3 9 10 10 7 12 10 9 5 9 9 5 8 6 12 5 11 7 15 8 10 7 9 8 10 4 3 10 6 14 4 8 3 9 9 11 9 9 8 3 7 10 6 8 6 6 8 10 11 7 11 11 12 8 12 6 2 9 10 4 9 6 9 6 8 7 9 9 9 11 9 6 7 7 8 6 8 7 8 13 5 8 13 5 4 10 8 7 10 11 10 7 12 8 3 10 11 5 8 4 12 8 7 8 10 
2 3 2 5 4 3 4 3 4 3 4 5 4 2 1 2 2 3 4 4 2 2 2 2 3 3 4 5 3 4 3 5 2 2 3 3 4 3 1 3 4 4 2 2 3 2 1 4 3 3 3 3 3 3 3 2 2 4 4 3 2 3 2 5 1 3 3 1 2 1 2 4 2 2 3 4 2 4 3 5 3 3 3 3 3 3 5 2 5 3 3 4 2 3 3 3 3 3 4 2 2 2 3 2 3 3 4 3 3 2 2 4 4 4 1 3 2 3 5 3 1 2 4 3 3 4 4 2 1 4 1 3 2 3 3 4 4 3 2 3 4 3 3 4 4 3 2 3 3 4 4 3 2 3 3 3 3 3 5 1 3 2 3 3 2 1 1 3 0 3 4 5 4 3 4 4 3 4 2 4 2 4 4 2 2 1 1 4 1 3 3 3 3 4 2 3 1 3 3 3 
9 14 6 11 10 8 9 14 11 6 9 7 13 11 13 10 8 13 8 9 10 9 10 11 8 8 11 6 5 7 10 4 14 5 9 5 3 8 8 12 13 4 10 8 10 9 12 12 10 6 9 11 7 8 8 6 6 6 9 8 4 5 10 10 15 7 10 10 9 11 5 12 7 10 9 14 4 11 12 9 13 6 8 6 10 8 10 4 7 7 8 13 9 7 11 15 10 6 6 9 9 12 3 9 1 11 7 14 10 9 9 6 8 10 8 6 4 9 12 7 4 9 8 6 10 12 8 4 10 5 12 4 12 1 8 7 3 12 6 6 8 8 8 9 6 8 11 13 10 11 4 11 8 6 11 6 6 7 7 9 11 7 11 8 13 8 7 11 12 3 9 8 9 10 8 13 9 8 9 13 4 8 13 12 7 8 8 8 5 11 7 12 10 10 3 9 10 13 12 10 
9 6 11 7 1 5 8 10 10 10 5 3 5 9 6 7 9 9 10 11 8 5 7 6 4 13 2 9 6 7 9 6 7 8 13 2 9 8 7 11 6 7 10 9 7 8 13 12 8 8 1 6 7 8 11 9 7 10 11 6 4 11 7 6 3 9 8 6 10 12 7 9 11 6 12 7 13 10 11 11 11 6 3 9 6 9 14 10 6 9 11 5 7 6 5 10 13 7 11 10 8 4 7 9 4 8 8 8 9 4 3 7 5 11 10 5 7 2 11 8 6 11 7 7 9 9 5 8 4 10 11 7 8 6 6 9 5 7 14 11 8 8 10 10 10 8 5 7 9 6 12 9 10 8 7 8 6 9 10 6 4 4 4 8 11 13 5 10 7 5 7 4 12 7 10 7 10 10 8 4 7 11 10 8 10 3 7 11 6 6 7 8 8 5 7 8 10 9 9 6 
9 6 7 10 3 5 7 11 8 5 9 11 6 6 7 5 8 11 8 8 12 8 3 9 4 5 2 7 9 9 5 4 4 1 8 8 10 11 7 9 8 4 5 9 9 10 6 7 9 6 6 5 6 9 7 7 6 3 14 8 12 9 5 5 6 7 5 6 9 11 7 3 8 8 9 5 8 11 8 3 3 5 5 5 8 9 9 4 3 3 11 10 4 7 7 8 3 8 8 11 9 10 2 6 6 8 4 8 8 6 6 8 8 4 6 4 9 12 2 5 9 9 7 6 8 6 6 7 5 9 8 9 5 7 7 5 8 8 7 12 7 10 4 4 4 3 7 7 9 9 8 11 6 8 4 2 5 14 10 4 7 9 7 11 9 8 8 9 9 7 5 6 7 6 10 8 1 5 10 6 6 7 6 11 7 3 10 8 8 9 11 7 7 6 10 11 7 6 9 7 
1 1 1 1 1 1 1 1 1 1 0 1 1 1 0 1 1 1 1 1 1 1 1 1 1 1 2 0 1 1 1 1 1 2 2 0 2 1 1 0 1 1 1 1 1 1 1 1 1 1 1 1 1 1 1 1 1 1 1 1 1 1 1 2 0 1 1 1 1 1 1 1 0 1 1 1 1 1 1 1 1 0 0 1 1 1 1 1 2 1 1 1 1 1 0 1 1 1 1 1 1 1 1 1 1 1 1 1 1 1 1 1 1 1 1 1 1 1 0 1 1 1 1 1 2 1 1 1 1 1 1 2 1 1 1 1 0 1 1 0 1 2 1 1 1 1 1 1 1 1 1 1 1 1 1 1 1 1 1 1 1 1 1 1 1 1 0 1 1 1 1 1 1 1 1 1 1 1 1 1 1 1 1 1 1 1 1 1 0 1 1 1 0 1 1 0 1 0 1 1 
3 3 2 2 2 1 2 2 1 2 2 2 3 1 2 2 3 1 3 3 1 2 2 2 2 1 2 2 2 1 3 2 2 4 3 1 2 2 2 1 3 2 2 2 3 1 2 2 3 2 2 3 2 2 2 1 3 3 3 2 2 3 3 3 3 2 3 3 2 2 2 1 1 1 3 2 2 3 1 1 2 3 3 1 1 2 2 1 2 3 2 3 3 2 3 3 1 3 2 2 2 3 1 1 2 2 2 2 1 1 2 2 1 1 2 3 3 2 2 3 1 2 3 2 2 2 2 1 3 3 1 0 3 1 1 2 2 2 3 2 3 1 1 2 2 2 3 3 3 2 2 2 2 2 2 2 2 2 2 2 1 3 2 1 2 1 1 2 3 2 2 1 3 1 3 3 3 2 2 3 2 1 2 3 2 2 2 2 3 2 1 3 2 3 2 2 3 2 2 2 
3 3 1 2 4 2 3 4 4 4 3 3 3 3 3 3 3 3 3 4 6 3 2 1 3 2 4 3 2 3 4 1 3 4 4 3 5 2 4 4 3 3 3 3 3 2 4 2 1 2 4 1 4 3 3 3 3 4 1 1 4 5 4 3 2 2 3 3 6 2 3 4 5 3 3 5 4 4 4 3 3 4 4 2 3 3 2 2 3 4 3 4 4 2 3 3 2 3 2 4 2 3 2 3 2 1 4 2 4 3 1 4 4 3 4 2 3 2 3 2 3 2 3 2 2 3 3 1 3 4 2 2 2 3 3 3 4 3 4 4 4 3 6 2 3 3 4 4 5 4 2 3 3 1 1 2 1 2 4 3 3 4 3 2 3 2 5 3 2 3 3 2 2 4 2 3 2 2 0 3 3 4 3 1 4 3 2 4 3 2 4 1 3 3 3 3 3 3 0 2 
4 3 3 4 3 6 3 3 4 3 4 5 3 3 3 5 6 3 5 3 3 7 3 3 4 4 6 4 3 3 6 6 4 4 4 5 4 5 3 3 4 3 4 5 3 6 5 2 4 4 4 2 3 3 5 4 7 4 6 4 4 4 6 5 1 4 2 4 4 5 3 4 6 5 4 2 3 2 6 4 2 5 4 3 4 3 4 2 3 4 6 6 4 3 4 5 4 2 2 2 3 6 3 4 3 5 5 1 4 5 2 3 5 2 4 4 4 1 6 3 5 5 3 6 4 4 5 3 3 4 3 7 6 3 4 5 3 4 4 3 1 1 4 5 5 2 4 6 3 1 4 3 4 5 2 5 6 6 6 6 4 3 5 4 1 4 4 5 4 4 5 5 4 4 4 4 3 3 4 2 5 5 5 4 3 4 3 6 3 4 5 1 4 5 3 2 4 2 3 6 
9 13 6 8 12 12 9 6 12 9 8 7 5 13 16 10 10 6 12 13 10 8 6 13 4 11 9 8 10 15 10 12 6 10 11 9 6 10 5 11 17 10 10 10 9 13 12 8 9 5 7 6 7 2 8 14 10 6 13 5 5 6 8 3 5 8 5 9 11 11 14 5 9 10 8 11 8 9 17 7 13 9 2 9 9 5 9 11 9 11 11 6 6 1 9 7 7 9 8 14 12 7 9 11 10 6 8 11 12 8 6 11 10 14 10 6 12 7 11 6 14 8 7 15 10 9 5 10 7 10 9 6 11 18 6 5 13 6 8 15 5 6 10 11 10 9 9 5 10 5 15 1 8 9 13 11 12 10 4 10 14 6 10 8 8 14 11 6 12 8 10 11 2 13 2 8 7 8 9 14 9 9 4 11 4 16 13 10 14 8 10 15 7 8 13 8 11 6 9 14 
1 1 2 3 1 1 1 1 3 3 3 1 2 1 2 2 1 2 2 1 2 1 2 1 1 3 3 2 3 2 0 2 2 2 2 2 2 2 3 2 3 2 2 2 3 2 2 2 1 3 1 3 2 4 3 2 2 1 3 2 2 1 2 2 2 3 1 3 2 1 2 3 2 1 2 2 2 2 1 2 1 2 1 2 3 2 2 3 2 2 2 1 3 2 2 2 3 2 2 2 2 2 2 3 3 3 2 1 2 2 2 2 1 2 2 3 2 1 3 3 4 2 2 4 2 2 2 1 2 2 2 2 2 3 3 1 2 3 2 2 2 2 1 2 3 2 2 2 3 2 2 3 1 2 1 1 1 3 2 2 2 2 3 2 2 2 1 2 3 1 2 2 2 2 1 3 2 3 1 2 2 2 1 2 1 1 3 2 3 2 1 1 3 2 2 1 1 2 2 2 
5 10 8 3 9 11 5 9 6 11 7 7 5 12 12 8 8 11 7 6 2 8 5 4 6 12 5 7 6 6 6 7 7 8 7 7 14 7 7 8 7 7 7 7 9 9 11 7 8 8 10 6 7 10 7 9 8 6 10 9 4 6 7 6 9 8 4 9 5 8 6 6 5 4 7 6 8 4 3 7 8 7 11 9 7 7 8 5 4 2 7 1 8 7 8 3 9 3 7 5 5 3 7 9 3 9 9 8 6 5 7 1 7 6 6 5 8 6 8 7 10 12 9 6 9 8 4 5 9 8 7 7 6 5 9 10 9 11 5 9 11 8 8 11 5 5 8 3 7 7 8 4 6 7 4 5 6 8 6 11 7 5 5 10 5 5 7 9 4 6 6 6 6 5 8 8 10 10 7 11 7 7 9 8 8 8 7 6 10 11 7 8 8 7 4 2 6 10 3 12 
3 3 4 3 3 3 4 3 4 5 5 3 2 5 3 5 4 3 5 4 5 5 2 4 1 5 4 5 4 5 4 5 4 4 3 1 5 4 5 4 7 5 3 5 5 4 4 1 4 5 4 1 5 3 4 5 6 4 5 6 4 3 5 5 4 4 4 0 5 5 3 6 6 4 3 7 4 4 2 4 7 2 6 4 5 1 4 4 5 3 6 4 2 4 7 5 5 5 6 4 5 5 4 5 5 6 2 4 3 4 5 4 4 3 4 3 1 4 4 5 2 5 7 5 3 5 5 4 2 3 2 4 5 4 4 3 6 5 6 3 0 5 3 4 4 5 5 6 4 4 2 5 3 3 4 6 6 3 2 3 4 5 5 4 1 6 5 3 8 4 5 3 5 5 4 3 4 2 3 3 4 4 4 3 4 4 3 4 5 3 5 4 5 4 5 4 5 3 6 4 
13 10 8 8 2 6 7 3 8 5 7 8 9 7 11 4 6 6 6 6 6 6 6 10 12 10 3 11 7 8 2 4 9 6 7 5 8 6 8 7 9 4 12 8 8 5 8 7 8 8 5 5 6 7 6 6 6 5 9 6 5 10 4 6 6 4 4 11 11 8 8 3 11 10 6 5 7 11 1 7 5 6 8 3 10 8 6 9 3 8 7 9 6 2 8 10 8 8 7 8 7 7 5 4 6 9 9 3 7 7 4 3 7 10 7 4 4 5 0 6 5 9 5 7 8 10 8 2 2 7 6 9 11 4 7 6 8 9 4 5 6 8 7 5 4 8 7 5 8 9 9 11 8 6 8 5 5 9 8 12 8 6 4 8 7 6 12 10 5 7 7 7 9 10 6 11 8 7 8 6 7 6 5 7 8 7 9 10 4 8 6 7 10 5 7 9 11 5 5 7 
3 4 3 5 6 9 2 5 8 5 2 6 6 6 6 4 5 7 7 6 4 6 5 2 3 7 6 9 5 6 6 5 3 4 2 4 3 7 7 7 7 5 6 5 6 5 4 6 7 5 2 5 6 2 4 6 4 8 5 5 4 5 5 5 6 7 4 4 1 7 6 6 4 5 8 5 7 6 8 6 5 6 5 6 8 5 3 2 9 8 6 4 8 2 7 4 6 6 9 4 8 6 3 6 4 2 4 3 5 5 5 4 4 4 3 4 7 5 5 3 7 3 5 5 5 4 3 3 6 6 6 6 5 4 8 4 4 7 6 7 7 4 4 6 6 3 4 8 5 4 4 6 5 8 8 3 7 7 4 7 2 6 7 5 4 8 7 4 6 2 6 3 6 8 5 10 0 4 5 7 2 8 3 6 7 5 4 5 6 5 5 4 5 2 5 6 6 5 8 5 
5 6 1 5 4 5 3 5 4 7 3 4 5 2 5 7 4 8 6 9 5 7 3 6 6 4 7 3 6 8 3 6 7 3 5 9 2 5 4 4 5 4 5 5 4 7 6 6 7 8 5 3 4 8 3 7 6 5 4 4 5 4 3 4 4 7 5 6 7 8 10 4 3 4 4 5 6 9 6 6 4 7 3 6 8 8 6 4 8 4 6 6 8 5 3 6 2 10 6 7 8 4 6 7 5 2 7 5 6 3 2 4 7 3 5 5 5 1 5 6 2 6 4 3 4 4 5 2 4 5 1 5 2 4 5 7 3 5 6 6 5 4 5 5 8 6 3 7 5 6 4 7 5 4 6 9 5 8 1 7 6 4 5 6 4 4 4 3 6 7 7 8 4 6 8 5 4 7 3 2 4 7 4 7 5 4 5 2 8 5 3 1 8 6 7 6 8 5 5 5 
3 2 3 2 2 3 4 4 5 3 4 4 3 2 4 4 3 2 2 3 4 5 2 3 3 4 4 4 4 3 3 5 3 2 4 2 2 3 1 2 3 2 2 1 3 4 2 3 2 4 2 3 4 2 2 5 3 3 2 4 3 2 1 4 2 3 4 3 3 3 2 2 3 2 2 3 4 3 2 2 2 2 3 1 3 3 3 3 5 3 3 4 5 4 3 3 3 1 4 3 3 3 4 4 2 2 3 3 4 2 3 4 3 5 4 3 3 5 4 3 4 3 4 3 3 2 3 4 3 6 3 3 5 3 5 1 4 3 2 4 4 4 4 5 1 3 3 4 3 3 4 3 3 3 5 2 3 2 3 3 3 4 4 4 4 2 2 3 2 4 3 2 3 2 2 3 5 2 3 4 4 4 2 4 3 4 2 3 1 3 2 4 4 3 3 4 3 4 1 4 
2 2 3 0 3 2 2 2 4 2 3 1 3 2 4 3 2 4 4 4 2 3 4 2 3 2 4 3 3 4 5 5 4 2 2 4 2 3 0 3 2 5 3 4 3 3 3 3 2 3 4 2 2 2 4 4 4 2 3 3 3 3 2 2 4 3 4 2 4 2 3 3 4 2 4 1 3 3 3 3 3 5 5 3 4 4 3 2 5 3 4 3 2 4 2 3 4 3 3 2 2 3 2 2 3 3 2 5 3 3 2 2 1 1 4 2 4 4 2 3 2 3 6 3 4 3 5 3 3 3 2 3 2 3 3 4 2 3 3 1 3 3 3 3 3 4 3 5 4 3 2 3 1 3 3 4 3 3 2 1 2 3 3 2 4 3 1 2 3 3 2 3 2 4 1 2 3 4 2 4 5 2 2 3 3 3 4 4 2 4 4 2 2 5 3 3 3 2 4 4 
1 1 1 2 0 2 1 1 1 1 1 1 2 1 1 1 1 0 1 2 1 0 1 1 1 1 1 0 1 1 1 2 0 1 1 1 1 0 1 0 1 1 1 1 1 1 1 0 1 1 1 1 1 1 1 2 1 0 1 0 1 1 0 1 1 1 0 1 1 1 0 1 1 1 2 1 1 1 1 1 1 1 1 1 1 1 1 1 1 1 1 1 1 0 1 1 1 1 1 2 1 1 1 1 2 1 1 1 1 2 1 1 1 1 1 0 1 1 0 1 1 1 1 1 1 1 1 1 1 0 1 1 1 1 2 1 1 1 1 1 1 1 1 1 1 1 1 2 1 1 1 1 0 1 1 1 1 1 1 1 1 1 1 1 1 1 1 1 1 1 2 1 1 0 1 1 1 1 1 1 1 1 1 1 1 0 1 1 1 2 1 1 1 1 1 1 1 1 1 1 
5 4 4 2 4 4 5 3 2 5 3 4 4 2 5 5 2 4 4 5 4 5 5 4 4 4 4 7 4 4 3 4 1 5 2 4 3 3 4 3 3 4 4 3 5 4 5 1 6 2 5 4 4 5 5 2 3 3 4 5 3 4 4 4 3 4 3 3 3 4 4 3 4 4 4 4 4 3 2 4 4 6 5 4 5 5 3 6 2 6 5 4 3 4 3 4 3 6 5 4 3 4 5 4 4 4 3 4 3 3 4 4 3 5 2 6 1 6 4 5 4 1 4 5 5 5 4 3 6 3 3 4 4 5 3 3 2 3 4 4 6 4 3 3 2 8 2 5 3 6 4 1 2 3 5 5 6 5 4 6 4 3 5 7 6 4 4 4 3 4 1 5 3 3 6 1 4 5 2 5 5 1 3 3 4 6 4 4 4 3 5 5 4 5 4 3 1 3 3 5 
2 1 2 1 1 2 1 3 1 2 1 2 2 2 2 1 2 3 1 2 2 2 1 1 1 2 2 2 2 2 2 2 3 2 2 2 2 3 2 1 3 2 3 2 2 3 1 2 2 2 2 2 1 1 2 2 2 2 3 2 1 2 1 4 2 3 3 2 2 2 2 1 2 1 2 2 0 1 2 2 2 3 2 0 2 2 2 2 1 2 2 1 2 2 3 2 2 3 2 2 1 2 2 2 2 1 2 2 2 2 2 2 2 3 3 2 2 2 1 1 2 3 2 2 2 2 3 1 2 2 3 2 3 2 3 3 3 2 2 3 1 2 1 1 1 1 2 2 2 2 2 1 3 2 1 2 2 3 2 3 2 3 2 1 1 2 2 2 2 2 3 3 2 2 2 3 1 1 3 3 2 1 3 2 2 2 3 1 3 2 2 3 3 2 1 2 3 3 3 3 
6 8 14 10 13 7 6 9 10 13 5 4 6 6 7 4 12 10 6 6 11 12 8 11 10 1 10 8 7 6 7 7 3 7 7 8 5 7 9 8 9 10 8 8 7 8 10 10 9 7 9 11 5 2 7 6 8 10 2 7 7 7 9 10 5 10 10 4 10 7 11 4 10 10 9 8 9 7 12 6 7 4 8 9 4 10 9 8 7 9 3 9 8 9 11 7 8 9 5 9 8 8 8 6 10 11 10 8 9 12 9 5 8 8 3 8 6 7 7 7 4 6 7 5 9 7 9 10 7 9 3 8 2 5 6 14 8 14 9 10 5 5 11 10 8 9 3 9 5 4 5 3 4 6 11 13 4 6 8 6 11 8 6 12 10 10 8 8 11 7 8 7 12 9 11 7 3 7 14 10 4 7 12 11 8 12 7 11 6 9 9 6 10 5 5 9 10 9 8 9 
5 5 4 3 4 3 4 5 4 5 4 5 3 3 4 4 8 3 4 3 4 6 4 3 4 4 2 4 5 6 6 4 5 3 4 4 3 3 5 4 4 3 3 5 3 4 4 5 4 4 3 4 3 4 3 3 6 4 5 5 5 4 4 2 5 3 4 3 4 5 4 5 3 4 4 3 3 3 4 2 1 7 4 5 3 4 4 4 5 5 2 4 3 4 5 3 6 2 5 3 6 3 2 1 4 5 5 5 5 5 2 5 3 5 6 6 4 3 3 3 4 3 7 3 5 5 3 5 5 5 3 5 3 4 5 4 6 4 5 6 2 3 2 5 3 5 4 4 4 4 8 4 6 7 5 5 6 3 4 3 2 5 5 5 2 3 3 5 5 5 4 3 7 5 5 4 4 3 2 3 4 4 4 5 5 7 3 4 4 6 4 3 5 6 4 7 2 4 4 5 
2 3 4 5 2 3 4 2 2 3 2 6 3 3 1 3 4 2 3 4 5 4 3 3 2 3 3 4 5 3 4 1 5 3 3 2 3 4 4 4 1 3 3 2 3 3 4 3 3 2 3 4 2 3 2 2 4 1 2 3 3 4 2 4 2 2 2 0 4 4 3 4 3 4 2 2 4 4 4 3 2 3 2 3 3 3 4 2 2 4 3 2 3 2 2 3 2 5 4 2 3 2 3 3 2 5 1 3 3 4 3 2 4 4 3 2 2 3 2 4 2 5 3 3 2 3 2 3 4 4 3 3 5 3 3 4 4 4 4 2 4 2 3 5 3 3 3 3 4 4 2 2 4 2 3 4 5 1 4 2 4 3 4 3 3 5 2 4 5 3 3 4 4 2 4 3 2 4 3 2 4 6 1 2 3 2 3 2 2 4 1 3 4 3 2 4 3 3 3 3 
11 10 10 14 6 12 9 12 10 6 13 8 11 15 9 8 12 11 8 8 8 9 8 15 7 5 7 11 10 13 9 4 10 9 11 12 5 2 4 9 8 9 12 8 13 10 9 11 6 7 9 15 9 5 11 8 13 7 13 4 9 9 7 8 8 8 11 9 11 14 13 6 10 10 9 10 4 13 10 9 5 11 12 7 6 16 9 12 8 11 9 13 3 8 15 5 12 10 4 6 7 13 19 11 9 8 6 10 10 13 14 5 12 10 10 8 7 5 7 10 13 7 12 12 13 8 6 13 16 4 8 9 7 10 9 4 7 11 7 10 10 10 7 7 11 13 6 9 5 9 12 9 10 7 11 12 8 8 11 11 8 10 12 8 10 16 13 15 15 11 10 6 14 3 12 12 16 9 8 7 10 12 8 6 9 7 9 10 9 8 12 5 7 10 13 13 10 12 10 11 
9 5 7 9 7 8 5 12 8 4 6 6 7 10 11 6 9 1 10 8 7 5 12 3 9 7 11 9 8 2 14 7 5 12 6 10 6 9 7 3 9 8 5 6 6 9 10 4 8 9 8 11 5 12 4 5 5 5 9 6 9 7 5 6 10 6 10 5 3 6 9 10 6 6 11 5 8 7 7 5 8 10 6 9 6 10 4 8 9 6 12 8 10 6 9 6 9 6 6 5 4 7 4 6 3 10 8 6 4 3 6 6 5 5 10 9 7 9 4 5 5 7 6 3 6 9 6 6 3 7 7 6 5 6 8 7 9 9 11 8 7 9 4 6 6 5 5 6 15 7 3 7 10 4 10 10 10 8 7 9 9 2 12 7 7 6 6 6 10 8 2 8 5 3 12 6 11 8 9 11 3 7 7 11 8 5 6 10 3 5 7 10 6 9 4 7 8 7 2 9 
4 9 10 15 13 7 2 6 11 11 12 8 10 12 9 11 8 11 12 6 5 15 8 13 9 10 11 11 10 7 10 9 13 16 16 16 11 7 6 13 9 9 14 12 8 7 13 15 10 15 12 5 12 8 8 10 10 14 7 4 12 9 11 17 11 7 8 11 9 7 12 17 10 13 11 16 12 13 12 12 13 13 11 14 13 9 6 9 13 11 4 9 9 18 15 10 9 6 6 10 12 6 11 8 12 11 8 16 12 10 12 8 10 17 9 12 12 9 6 12 7 10 14 8 10 7 14 12 8 7 7 11 10 8 8 12 13 9 9 6 8 7 7 13 15 10 10 9 13 9 19 13 11 18 10 13 6 11 5 9 13 9 6 5 11 16 7 10 15 4 11 6 6 4 10 8 5 11 12 10 9 3 10 15 9 10 10 18 7 13 13 15 17 11 11 14 8 9 13 11 
2 3 0 2 3 2 2 2 3 2 2 2 2 3 1 2 1 2 1 2 2 2 1 2 2 2 2 2 3 2 2 2 2 1 1 1 2 1 1 3 2 2 2 1 0 2 2 2 1 2 2 2 2 1 2 2 2 2 2 2 2 2 2 2 2 2 2 3 2 3 1 2 1 2 2 2 2 2 2 2 3 2 2 2 2 1 2 3 1 3 2 3 2 2 3 2 2 2 2 3 1 2 0 2 2 2 1 2 1 2 0 2 2 2 1 1 2 3 2 2 2 2 3 1 1 3 2 2 2 1 3 1 2 3 3 2 3 2 2 2 2 1 3 2 2 2 2 1 3 2 2 2 3 3 1 3 2 2 2 2 2 1 2 2 3 2 2 2 2 1 2 2 2 2 1 1 0 2 2 3 2 1 2 2 3 2 3 3 3 3 2 1 2 2 2 2 2 2 3 2 
6 4 5 7 7 4 10 8 2 8 7 6 6 5 2 7 6 2 3 2 6 7 8 7 9 8 7 3 7 5 7 8 10 7 5 8 3 7 5 6 5 3 7 6 3 6 6 6 4 4 8 5 5 7 6 8 9 5 8 4 6 6 5 7 8 4 8 7 9 11 10 6 7 6 8 4 7 6 7 8 9 6 7 3 6 6 10 8 3 8 6 5 9 3 9 7 3 6 8 6 7 6 6 6 4 9 8 7 7 3 8 5 5 3 6 6 5 7 6 9 9 6 5 5 1 2 4 7 4 6 4 7 7 2 6 8 5 4 4 7 6 7 5 9 5 5 7 7 5 9 7 4 6 7 2 9 8 5 6 7 4 8 7 6 2 3 5 5 6 3 8 3 7 7 0 9 7 5 9 7 6 5 7 9 5 7 5 3 5 8 6 3 3 8 2 6 6 7 6 10 
6 6 6 6 4 3 8 3 8 7 5 6 8 4 7 4 6 4 7 6 8 9 5 4 5 5 7 9 3 6 6 5 1 3 6 7 6 3 4 8 4 7 6 7 8 5 7 8 4 7 8 6 7 9 6 5 6 5 10 6 7 2 9 3 7 7 7 6 3 4 5 6 7 6 8 6 4 4 6 10 7 9 4 6 3 7 5 4 8 9 7 3 8 6 6 7 6 6 8 5 6 5 4 4 7 6 2 7 10 7 6 5 5 5 7 6 6 6 5 9 5 6 6 6 6 6 1 7 7 5 5 3 6 7 8 5 6 7 6 6 5 2 7 9 9 6 6 4 8 8 7 6 6 8 10 6 6 6 6 6 9 7 9 4 7 6 9 6 6 5 3 8 6 8 9 8 9 0 6 2 6 9 1 4 7 9 6 8 7 9 6 6 8 8 6 7 7 2 7 6 
1 0 1 1 1 1 1 1 1 1 1 1 2 1 1 1 1 1 1 1 1 1 1 1 1 1 1 1 1 2 1 0 1 1 0 1 1 1 1 0 1 1 1 1 1 1 2 0 1 1 1 1 1 2 1 1 1 1 1 1 1 1 1 1 2 2 2 1 1 1 1 1 1 1 1 1 1 1 1 1 1 1 1 1 1 1 1 1 1 1 0 1 1 1 0 1 1 1 1 1 2 1 1 1 1 1 1 1 1 1 1 1 1 1 1 1 1 1 1 2 1 1 1 1 1 1 0 1 1 1 0 2 1 1 1 1 0 1 1 1 1 1 1 2 1 1 1 1 1 0 1 1 1 2 1 1 1 1 1 1 1 2 2 2 1 1 2 0 0 1 1 1 1 1 1 1 1 1 0 1 2 0 1 1 1 1 1 1 1 1 1 1 1 1 0 0 1 2 1 1 
5 3 3 2 5 3 3 6 4 7 5 1 3 4 4 4 7 7 4 2 5 4 4 3 3 2 3 4 5 6 5 2 4 3 7 4 4 2 5 6 3 5 3 4 2 4 3 4 3 5 5 4 5 4 3 3 0 7 4 3 4 5 4 4 4 2 3 3 3 6 0 3 5 4 4 3 4 6 4 3 3 4 4 5 3 2 5 3 2 4 5 3 4 4 4 1 5 3 3 2 3 3 4 5 1 2 5 7 4 5 5 3 5 3 4 5 3 5 3 3 2 4 6 2 3 5 1 5 3 5 4 6 6 4 5 4 5 3 2 4 4 3 1 5 5 7 0 3 1 4 5 3 5 3 5 5 4 5 4 4 3 5 4 6 4 5 1 2 5 4 4 6 4 3 4 3 5 4 4 4 5 3 3 3 5 3 2 4 4 5 4 3 4 6 3 2 4 4 6 4 
1 1 1 1 1 1 1 2 1 1 1 1 1 1 1 1 2 1 1 2 1 1 1 1 1 1 1 1 1 1 0 2 1 1 1 1 1 1 1 1 1 1 1 1 1 1 1 1 1 1 1 1 1 1 0 1 0 1 1 1 1 0 1 2 1 1 1 1 1 1 1 1 1 0 1 1 2 1 1 1 1 1 1 1 1 1 1 1 1 1 1 0 1 1 1 1 1 1 1 1 1 1 1 0 1 1 1 2 0 1 1 1 2 1 0 1 1 1 1 1 1 2 1 1 2 1 1 1 1 1 1 1 1 0 1 1 1 1 1 1 0 1 1 1 1 1 1 1 1 1 1 1 1 1 1 1 0 1 1 1 0 1 1 1 1 1 1 1 1 1 2 0 1 1 1 1 1 1 1 1 1 1 0 1 1 1 1 1 2 1 1 1 1 1 1 1 1 1 1 1 
11 9 8 8 9 12 14 9 12 13 6 11 7 8 11 6 11 12 6 12 2 8 6 13 4 8 13 6 9 11 12 9 17 9 15 2 8 7 10 1 10 14 13 13 5 7 8 7 7 11 15 13 8 17 7 3 11 9 11 14 9 10 3 9 2 14 12 9 12 12 16 5 12 6 11 10 4 9 7 8 6 5 11 10 7 11 10 9 12 13 5 10 11 9 9 9 11 6 11 9 3 13 10 6 10 12 13 9 7 14 11 8 0 13 10 10 10 9 8 11 5 13 14 9 10 11 12 9 12 9 10 9 10 8 7 8 16 11 10 10 11 5 14 14 10 13 9 15 13 12 15 16 9 4 10 10 11 10 11 17 17 9 11 7 11 10 8 15 7 14 10 13 4 9 8 12 13 11 11 2 11 5 8 12 8 9 14 11 11 4 9 7 9 14 14 9 11 5 10 9 
1 0 1 1 1 1 1 1 1 1 1 1 1 1 1 1 1 1 1 1 1 1 1 1 1 1 1 1 1 1 1 1 2 1 1 1 1 1 1 2 1 1 1 1 1 1 1 1 1 1 1 1 1 1 2 1 1 1 1 2 0 1 1 1 1 1 1 1 1 1 1 1 1 1 1 0 1 1 2 1 1 1 1 0 2 1 1 0 1 1 0 2 2 2 1 1 2 0 1 1 1 0 1 1 1 1 0 2 1 1 2 1 1 2 0 1 1 1 1 2 1 1 1 1 1 1 1 1 1 1 1 1 1 1 1 1 1 1 1 1 1 1 1 1 1 1 1 1 1 1 1 0 1 1 1 1 1 1 0 1 1 2 1 1 2 1 1 1 1 1 0 1 1 1 1 1 1 1 1 1 1 1 1 1 1 1 1 1 1 1 1 1 1 0 1 1 0 1 1 1 
4 1 3 3 2 3 2 3 1 5 3 3 3 4 2 2 2 3 3 3 3 2 4 5 3 4 3 3 3 4 3 4 3 4 3 3 1 4 2 4 3 3 4 3 3 2 2 3 1 2 2 3 3 1 0 5 2 5 3 3 2 5 3 4 4 3 3 3 4 3 2 5 2 2 4 3 3 2 3 4 2 4 3 4 4 4 2 3 3 3 1 5 3 2 3 2 4 4 2 1 4 2 3 3 3 3 3 1 3 4 4 3 3 2 3 4 2 3 2 5 3 4 4 3 3 1 4 1 4 5 3 2 3 3 2 2 2 3 4 4 5 4 3 2 3 4 3 5 4 5 4 2 4 2 1 3 3 3 3 2 2 3 1 2 3 3 4 3 3 4 5 1 3 2 3 4 2 2 2 2 1 5 3 4 2 2 3 3 3 2 5 4 4 3 5 2 3 2 2 4 
