NAME  : Jabali_50_4_0.85_1_2
TYPE : SVRP
MODEL : FINITE_SUPPORT
NUMBER_OF_SCENARIOS : 200
DIMENSION : 50
EDGE_WEIGHT_TYPE : MATRIX
CAPACITY : 82
N_VEHICLES : 4
NODE_COORD_SECTION
1 4020 4101
2 2225 2278
3 3548 33
4 4452 6339
5 2590 5308
6 1394 6104
7 3538 639
8 151 4443
9 5278 5854
10 3863 2077
11 5634 7854
12 698 5245
13 3165 3639
14 6308 5258
15 1447 3289
16 4904 3864
17 1915 6331
18 2338 5629
19 4417 5731
20 5137 9153
21 8269 4117
22 6045 2219
23 4601 3711
24 4888 7864
25 1475 2967
26 5764 8212
27 7609 6668
28 7217 4121
29 4020 18
30 6770 5132
31 3690 6484
32 4585 731
33 8535 5263
34 3858 6704
35 6019 960
36 4878 8913
37 3521 4612
38 6046 1099
39 618 3608
40 27 5282
41 3065 3503
42 6306 7142
43 3915 6915
44 2909 6936
45 8226 5561
46 7244 3616
47 3949 2578
48 6980 2853
49 2899 1579
50 7518 4415
DEMAND_SECTION
1 0.0
2 3.0
3 7.0
4 1.0
5 6.0
6 10.0
7 3.0
8 8.0
9 3.0
10 4.0
11 2.0
12 6.0
13 9.0
14 1.0
15 5.0
16 4.0
17 2.0
18 9.0
19 9.0
20 10.0
21 1.0
22 7.0
23 8.0
24 9.0
25 8.0
26 5.0
27 4.0
28 5.0
29 7.0
30 5.0
31 8.0
32 8.0
33 3.0
34 1.0
35 3.0
36 5.0
37 4.0
38 7.0
39 10.0
40 5.0
41 9.0
42 5.0
43 1.0
44 8.0
45 4.0
46 10.0
47 7.0
48 8.0
49 7.0
50 7.0
DEVIATION_SECTION
1 0.0
2 1.0
3 2.33333
4 0.333333
5 2.0
6 3.33333
7 1.0
8 2.66667
9 1.0
10 1.33333
11 0.666667
12 2.0
13 3.0
14 0.333333
15 1.66667
16 1.33333
17 0.666667
18 3.0
19 3.0
20 3.33333
21 0.333333
22 2.33333
23 2.66667
24 3.0
25 2.66667
26 1.66667
27 1.33333
28 1.66667
29 2.33333
30 1.66667
31 2.66667
32 2.66667
33 1.0
34 0.333333
35 1.0
36 1.66667
37 1.33333
38 2.33333
39 3.33333
40 1.66667
41 3.0
42 1.66667
43 0.333333
44 2.66667
45 1.33333
46 3.33333
47 2.33333
48 2.66667
49 2.33333
50 2.33333
DISTANCE_MATRIX
0.0 33.5418 57.1709 31.1448 26.4764 45.3542 49.3609 53.3551 29.4109 28.4434 56.4072 48.5489 13.3417 39.0013 36.7181 12.2066 42.19 31.4006 23.4307 69.814 56.2743 38.3275 9.48683 52.6308 36.5192 60.5317 58.9582 42.7071 57.948 41.7361 33.6155 50.4674 62.9404 36.0555 50.3587 66.7083 10.0499 50.2494 48.7584 56.6127 14.1421 50.2682 38.0132 41.7612 61.2686 43.6191 22.5752 44.6545 36.8886 46.2062 
33.5418 0.0 34.5254 61.3849 43.5192 52.8015 28.0179 40.3113 62.3699 22.6716 87.2396 45.5412 21.1896 72.1185 17.0294 44.4884 54.8741 47.434 54.4243 99.9543 84.9234 50.9902 40.9127 82.8661 14.0357 91.3641 92.0754 73.7549 38.0526 74.6589 60.4731 37.3631 95.8632 63.4665 53.3385 96.4994 34.9907 53.8516 27.6586 50.0 19.9249 83.473 65.6696 64.6857 94.1914 69.6678 25.4951 63.0318 13.1529 78.8427 
57.1709 34.5254 0.0 86.316 72.4707 86.7139 7.81025 74.0068 83.1907 29.8329 113.214 80.0625 48.5489 87.7898 51.4782 54.6339 87.487 76.9351 78.873 125.149 83.0542 44.0 52.8925 107.948 48.2597 117.338 103.735 72.8354 5.65685 79.4679 87.3212 16.1245 95.8853 90.0368 35.1141 121.891 61.2209 36.0555 61.0 84.214 47.1699 105.174 92.1247 93.1933 95.7365 68.2642 37.0135 59.0 22.4722 77.9295 
31.1448 61.3849 86.316 0.0 28.4429 41.0488 78.506 62.8172 13.0 57.5885 25.9284 52.9245 40.2492 29.6142 59.8819 34.8859 34.2053 29.7321 7.81025 38.833 59.808 61.8309 36.0555 21.6333 64.0117 30.0529 44.6088 49.0306 87.093 34.7851 10.0 76.7389 56.6223 9.48683 76.9004 35.609 26.4008 76.5874 62.2898 61.327 41.5933 29.7398 10.0499 21.9545 52.0906 53.3385 51.7203 59.0762 66.0337 49.3356 
26.4764 43.5192 72.4707 28.4429 0.0 18.9737 64.846 34.4819 37.1214 46.3249 53.0 25.807 24.3516 49.6408 31.7275 37.9473 16.0312 5.0 25.4951 62.3618 79.1721 64.7765 35.9026 46.5296 35.2489 57.0351 69.0949 65.6072 74.3236 55.5043 22.2036 68.4105 79.6862 25.318 76.0066 58.5235 16.4924 76.0 34.1354 34.4093 25.632 56.8114 27.4591 22.0227 75.6404 67.2309 41.3038 68.7663 50.2864 69.1536 
45.3542 52.8015 86.7139 41.0488 18.9737 0.0 79.5562 28.1603 52.4023 63.1981 61.6847 15.2971 41.0488 66.2217 37.4433 56.921 7.28011 14.3178 41.0122 66.0076 97.0554 83.5464 54.8179 53.1507 41.0488 65.0 84.6188 84.1643 89.4995 72.0852 31.7648 84.8528 96.1769 34.0147 94.1329 62.0081 35.4401 94.1913 35.0 22.0907 42.107 66.1403 35.4683 23.3452 91.9348 85.8836 59.0085 87.6895 64.2962 86.3314 
49.3609 28.0179 7.81025 78.506 64.846 79.5562 0.0 68.1175 76.3525 22.2036 106.375 73.437 40.8167 82.1834 45.0444 47.7957 79.9069 69.3542 71.0631 117.339 78.0577 39.4588 46.0542 100.138 42.0 110.5 98.1192 67.2333 10.0499 73.8523 79.511 13.6015 90.3117 82.2269 33.2866 114.081 53.4135 34.1321 55.2268 78.0064 39.4462 98.3357 84.3147 85.44 90.1209 63.0 29.4109 54.3323 15.2971 72.321 
53.3551 40.3113 74.0068 62.8172 34.4819 28.1603 68.1175 0.0 71.3092 59.2368 86.5794 13.0 46.1492 83.2838 23.7697 65.555 34.5254 33.3766 59.808 93.2631 109.081 85.7204 62.4514 79.0569 26.3059 90.3549 103.024 95.5164 78.0577 89.1472 55.4437 77.4661 113.329 58.3095 91.7606 89.2749 45.3852 92.1141 13.0384 11.1803 44.9236 90.484 60.208 50.1597 109.209 96.5301 58.1822 97.136 53.4603 99.0627 
29.4109 62.3699 83.1907 13.0 37.1214 52.4023 76.3525 71.3092 0.0 57.7119 30.7883 62.7694 41.4367 17.0294 67.3406 28.7422 45.9674 39.6611 11.6619 44.2834 46.8188 53.3704 30.831 27.3906 65.1688 34.9128 32.2172 36.3456 81.6115 21.8403 22.8254 70.9605 44.0454 22.4722 69.4574 41.4599 29.0172 68.8705 69.7485 71.3442 42.5793 24.8428 22.8035 34.8855 39.6232 41.0122 55.8859 47.676 65.7343 36.4005 
28.4434 22.6716 29.8329 57.5885 46.3249 63.1981 22.2036 59.2368 57.7119 0.0 87.7347 60.8276 22.2036 63.5429 35.7771 29.1551 62.1691 51.1957 50.1456 96.4215 62.6786 28.3196 27.4136 79.2202 34.1321 91.8592 82.396 51.51 29.8329 58.1291 58.596 22.1359 74.5885 61.3094 32.573 93.1632 32.6563 32.8938 47.8853 67.1863 21.095 79.6951 63.3972 65.307 74.3977 47.423 7.2111 40.7063 15.1327 56.5978 
56.4072 87.2396 113.214 25.9284 53.0 61.6847 106.375 86.5794 30.7883 87.7347 0.0 75.505 66.1295 39.0394 84.7009 58.7649 54.4059 53.2353 33.095 18.3848 61.131 77.5938 60.1041 9.89949 89.9081 4.47214 30.3645 55.0818 111.634 40.4969 31.1448 100.983 51.6236 28.2843 94.1256 17.2627 52.3113 93.2071 87.1088 83.4326 67.4617 13.3417 26.4764 38.6264 46.5296 61.0328 85.9086 69.857 91.6832 52.9528 
48.5489 45.5412 80.0625 52.9245 25.807 15.2971 73.437 13.0 62.7694 60.8276 75.505 0.0 40.2678 75.4478 28.6356 60.7454 22.0227 23.2594 51.1077 81.0247 103.713 85.2805 57.8014 67.4759 32.0156 79.0759 94.8332 90.1478 83.4865 81.3113 44.643 81.0555 105.493 47.2969 93.2387 77.026 39.8246 93.4946 22.2036 8.60233 41.0015 79.6001 49.0306 38.0132 101.447 91.4002 58.4642 92.7595 58.2151 93.6942 
13.3417 21.1896 48.5489 40.2492 24.3516 41.0488 40.8167 46.1492 41.4367 22.2036 66.1295 40.2678 0.0 51.3563 24.0164 24.3095 40.025 29.1204 33.2415 78.8923 69.2907 45.5269 20.7337 61.7738 23.8174 70.254 71.3133 55.7235 50.0899 54.2073 39.6989 44.1475 75.4116 42.638 53.4603 75.4718 13.8924 53.6004 36.0567 48.0424 1.41421 63.2229 44.8219 44.6542 73.7398 56.6355 18.2483 55.3199 26.9072 59.2721 
39.0013 72.1185 87.7898 29.6142 49.6408 66.2217 82.1834 83.2838 17.0294 63.5429 39.0394 75.4478 51.3563 0.0 75.3512 34.5731 60.2315 52.7682 25.5272 57.395 30.8869 38.5692 36.8092 43.3154 75.1523 42.72 28.4429 19.4165 75.708 6.40312 38.8973 63.6271 31.9061 39.0512 54.8475 55.8643 39.5626 54.1825 81.429 84.0501 52.4471 26.4008 39.6232 50.9215 28.6356 24.0 61.7168 31.3209 78.4825 20.1246 
36.7181 17.0294 51.4782 59.8819 31.7275 37.4433 45.0444 23.7697 67.3406 35.7771 84.7009 28.6356 24.0164 75.3512 0.0 47.7212 40.3113 32.9234 56.0193 93.8495 92.7024 63.0083 44.1454 78.2228 3.60555 88.7552 95.1769 79.1352 55.0818 77.8916 53.9133 53.7587 99.0959 57.011 68.1542 89.9691 37.8164 68.542 12.2066 33.0151 22.7908 88.5123 59.1285 52.1302 97.4241 80.0472 35.609 74.4239 30.0167 82.6838 
12.2066 44.4884 54.6339 34.8859 37.9473 56.921 47.7957 65.555 28.7422 29.1551 58.7649 60.7454 24.3095 34.5731 47.7212 0.0 53.1507 42.72 27.313 71.8361 49.9297 28.0713 4.12311 54.9201 47.5222 62.8895 58.0997 36.3626 53.0546 35.4412 40.2616 42.4264 56.6455 42.0595 42.0595 69.0125 21.5407 41.7612 59.7615 68.8186 25.0916 50.7254 43.6578 50.2494 54.9737 37.2746 27.329 38.31 44.0947 39.9112 
42.19 54.8741 87.487 34.2053 16.0312 7.28011 79.9069 34.5254 45.9674 62.1691 54.4059 22.0227 40.025 60.2315 40.3113 53.1507 0.0 11.0454 34.8281 59.0085 91.0652 80.5047 51.4782 45.8912 43.8634 57.7235 78.1556 79.2488 89.5377 66.095 24.6982 84.1724 89.9389 26.8328 92.0217 55.0091 32.1403 92.0054 39.8246 29.2746 41.2311 58.8927 28.2312 16.1245 85.5862 81.0247 57.3149 83.5225 65.2911 80.3412 
31.4006 47.434 76.9351 29.7321 5.0 14.3178 69.3542 33.3766 39.6611 51.1957 53.2353 23.2594 29.1204 52.7682 32.9234 42.72 11.0454 0.0 28.0179 61.1882 83.6018 69.7209 40.7922 46.0435 36.4447 57.0789 71.8066 69.8894 78.924 58.6317 22.0907 73.2462 82.807 25.02 81.0062 57.2713 21.3776 81.0 34.9285 31.7648 30.3645 57.1151 27.0 19.2354 78.7464 71.5891 46.2709 73.3979 54.7392 72.8778 
23.4307 54.4243 78.873 7.81025 25.4951 41.0122 71.0631 59.808 11.6619 50.1456 33.095 51.1077 33.2415 25.5272 56.0193 27.313 34.8281 28.0179 0.0 46.4004 56.356 54.8354 28.3019 29.2062 57.0529 37.2195 43.7906 44.7775 79.6501 31.3847 14.0357 68.986 55.1725 15.1327 69.3339 43.2782 19.6469 69.0209 58.4273 59.6825 34.5398 36.9064 16.4924 25.7099 50.9313 48.7664 44.2773 53.0377 58.5907 45.6368 
69.814 99.9543 125.149 38.833 62.3618 66.0076 117.339 93.2631 44.2834 96.4215 18.3848 81.0247 78.8923 57.395 93.8495 71.8361 59.0085 61.1882 46.4004 0.0 78.7718 95.9495 73.5992 17.2047 97.3709 15.2971 46.0435 73.3757 124.705 58.8727 40.4969 114.077 68.0074 37.3363 112.481 4.0 65.0 111.894 96.1041 88.0511 80.2621 31.6228 35.1141 43.1045 63.0 79.3788 98.9798 88.2383 104.867 71.0634 
56.2743 84.9234 83.0542 59.808 79.1721 97.0554 78.0577 109.081 46.8188 62.6786 61.131 103.713 69.2907 30.8869 92.7024 49.9297 91.0652 83.6018 56.356 78.7718 0.0 39.1152 52.1658 68.0661 92.5034 63.5059 34.5398 13.6015 79.3095 25.0799 69.4622 67.1863 15.6205 69.2892 52.2015 78.3135 63.8967 51.2445 104.743 112.06 70.0728 48.0104 69.5701 81.5414 18.6011 15.2971 60.8526 24.1868 77.4148 10.8167 
38.3275 50.9902 44.0 61.8309 64.7765 83.5464 39.4588 85.7204 53.3704 28.3196 77.5938 85.2805 45.5269 38.5692 63.0083 28.0713 80.5047 69.7209 54.8354 95.9495 39.1152 0.0 29.0689 79.9955 61.8466 81.2856 62.6817 30.0832 40.1995 38.9487 68.1517 28.0713 52.6308 69.9443 16.2788 94.4187 48.3735 15.6205 75.2138 93.0551 44.8499 64.9204 71.3141 78.3135 53.1413 24.7386 27.5453 15.0 41.6773 35.1141 
9.48683 40.9127 52.8925 36.0555 35.9026 54.8179 46.0542 62.4514 30.831 27.4136 60.1041 57.8014 20.7337 36.8092 44.1454 4.12311 51.4782 40.7922 28.3019 73.5992 52.1658 29.0689 0.0 56.6392 43.9465 64.2286 60.3358 38.5986 51.3132 37.6773 40.4969 40.6849 58.8815 42.5441 41.9762 70.7672 19.4165 41.7732 56.1858 65.7343 21.5159 52.8141 44.2832 49.8197 57.2097 39.5106 25.5876 35.4418 42.3532 42.1473 
52.6308 82.8661 107.948 21.6333 46.5296 53.1507 100.138 79.0569 27.3906 79.2202 9.89949 67.4759 61.7738 43.3154 78.2228 54.9201 45.8912 46.0435 29.2062 17.2047 68.0661 79.9955 56.6392 0.0 81.7442 12.083 39.3954 60.531 107.779 45.5412 24.3311 97.1511 59.9083 21.2132 96.0825 14.1421 47.8853 95.4956 80.6226 75.1332 63.1348 20.3961 19.105 29.8329 54.8179 66.1137 82.0538 74.572 87.6653 59.0762 
36.5192 14.0357 48.2597 64.0117 35.2489 41.0488 42.0 26.3059 65.1688 34.1321 89.9081 32.0156 23.8174 75.1523 3.60555 47.5222 43.8634 36.4447 57.0529 97.3709 92.5034 61.8466 43.9465 81.7442 0.0 92.2766 94.9779 78.9362 52.0096 77.6927 57.4347 51.1957 98.897 60.5324 66.2118 93.4904 37.6175 66.6408 13.9284 36.0139 22.5919 86.7146 62.6499 55.6516 97.2252 78.7663 34.6554 73.2948 27.1662 82.4849 
60.5317 91.3641 117.338 30.0529 57.0351 65.0 110.5 90.3549 34.9128 91.8592 4.47214 79.0759 70.254 42.72 88.7552 62.8895 57.7235 57.0789 37.2195 15.2971 63.5059 81.2856 64.2286 12.083 92.2766 0.0 31.4006 58.1893 115.759 43.8634 35.0143 105.108 53.1507 32.0624 97.564 15.0333 56.4358 96.8989 91.1631 86.885 71.5862 16.5529 30.1496 41.7612 48.0937 64.2573 90.0332 73.3485 95.8078 55.7853 
58.9582 92.0754 103.735 44.6088 69.0949 84.6188 98.1192 103.024 32.2172 82.396 30.3645 94.8332 71.3133 28.4429 95.1769 58.0997 78.1556 71.8066 43.7906 46.0435 34.5398 62.6817 60.3358 39.3954 94.9779 31.4006 0.0 33.9411 100.68 24.6982 55.0404 88.5988 22.0227 52.2975 78.6003 46.3897 59.5196 77.801 101.302 103.422 72.4041 20.0 50.6711 63.5899 17.1172 40.3113 80.5699 50.9313 97.3355 29.8329 
42.7071 73.7549 72.8354 49.0306 65.6072 84.1643 67.2333 95.5164 36.3456 51.51 55.0818 90.1478 55.7235 19.4165 79.1352 36.3626 79.2488 69.8894 44.7775 73.3757 13.6015 30.0832 38.5986 60.531 78.9362 58.1893 33.9411 0.0 69.6348 15.0333 58.2409 57.4891 23.0868 58.4637 45.2769 72.2772 50.3318 44.4185 91.1755 98.4948 56.5056 41.7612 59.0339 70.217 23.0868 6.40312 49.684 17.0294 66.4496 5.09902 
57.948 38.0526 5.65685 87.093 74.3236 89.4995 10.0499 78.0577 81.6115 29.8329 111.634 83.4865 50.0899 75.708 55.0818 53.0546 89.5377 78.924 79.6501 124.705 79.3095 40.1995 51.3132 107.779 52.0096 115.759 100.68 69.6348 0.0 76.4129 88.1006 12.1655 92.5743 90.8139 30.0832 121.878 62.1289 31.0483 65.123 88.0227 48.7545 103.104 92.9018 94.5145 92.6499 64.7765 36.7967 55.1453 25.318 74.7329 
41.7361 74.6589 79.4679 34.7851 55.5043 72.0852 73.8523 89.1472 21.8403 58.1291 40.4969 81.3113 54.2073 6.40312 77.8916 35.4412 66.095 58.6317 31.3847 58.8727 25.0799 38.9487 37.6773 45.5412 77.6927 43.8634 24.6982 15.0333 76.4129 0.0 44.3847 64.332 25.5539 44.2719 55.1725 57.5674 45.4261 54.4518 87.2925 89.9136 55.2621 27.313 44.643 56.4624 22.4722 20.6155 56.3031 29.5296 73.0687 14.5602 
33.6155 60.4731 87.3212 10.0 22.2036 31.7648 79.511 55.4437 22.8254 58.596 31.1448 44.643 39.6989 38.8973 53.9133 40.2616 24.6982 22.0907 14.0357 40.4969 69.4622 68.1517 40.4969 24.3311 57.4347 35.0143 55.0404 58.2409 88.1006 44.3847 0.0 80.62 66.6157 3.16228 82.28 36.7696 26.1725 82.0061 56.3205 52.811 41.1096 35.0468 5.38516 12.083 62.084 62.2405 52.7278 67.0671 66.4831 58.8727 
50.4674 37.3631 16.1245 76.7389 68.4105 84.8528 13.6015 77.4661 70.9605 22.1359 100.983 81.0555 44.1475 63.6271 53.7587 42.4264 84.1724 73.2462 68.986 114.077 67.1863 28.0713 40.6849 97.1511 51.1957 105.108 88.5988 57.4891 12.1655 64.332 80.62 0.0 80.4114 83.0755 19.7231 111.25 54.6803 20.5913 65.0 86.5794 42.9535 92.9437 84.8693 87.3381 80.5233 52.6118 28.178 43.0465 24.3516 62.5859 
62.9404 95.8632 95.8853 56.6223 79.6862 96.1769 90.3117 113.329 44.0454 74.5885 51.6236 105.493 75.4116 31.9061 99.0959 56.6455 89.9389 82.807 55.1725 68.0074 15.6205 52.6308 58.8815 59.9083 98.897 53.1507 22.0227 23.0868 92.5743 25.5539 66.6157 80.4114 0.0 65.8496 66.8506 68.1836 69.608 65.9242 111.474 114.096 76.4664 39.5601 65.8031 78.545 5.09902 27.8927 72.7624 38.2753 89.5281 18.0278 
36.0555 63.4665 90.0368 9.48683 25.318 34.0147 82.2269 58.3095 22.4722 61.3094 28.2843 47.2969 42.638 39.0512 57.011 42.0595 26.8328 25.02 15.1327 37.3363 69.2892 69.9443 42.5441 21.2132 60.5324 32.0624 52.2975 58.4637 90.8139 44.2719 3.16228 83.0755 65.8496 0.0 84.119 33.6155 29.0 83.8153 59.4138 55.3624 44.0454 32.3038 2.23607 12.8062 61.3179 62.6498 55.4411 68.0 69.3542 58.8218 
50.3587 53.3385 35.1141 76.9004 76.0066 94.1329 33.2866 91.7606 69.4574 32.573 94.1256 93.2387 53.4603 54.8475 68.1542 42.0595 92.0217 81.0062 69.3339 112.481 52.2015 16.2788 41.9762 96.0825 66.2118 97.564 78.6003 45.2769 30.0832 55.1725 82.28 19.7231 66.8506 84.119 0.0 110.152 60.208 1.0 80.1124 99.7246 52.6118 81.1988 85.7039 91.7824 67.9779 39.3573 35.2278 28.6356 41.4005 50.1199 
66.7083 96.4994 121.891 35.609 58.5235 62.0081 114.081 89.2749 41.4599 93.1632 17.2627 77.026 75.4718 55.8643 89.9691 69.0125 55.0091 57.2713 43.2782 4.0 78.3135 94.4187 70.7672 14.1421 93.4904 15.0333 46.3897 72.2772 121.878 57.5674 36.7696 111.25 68.1836 33.6155 110.152 0.0 61.5873 109.565 92.1954 84.0536 76.8505 30.5941 31.3847 39.1152 63.1269 78.1601 96.1527 86.7391 101.607 70.214 
10.0499 34.9907 61.2209 26.4008 16.4924 35.4401 53.4135 45.3852 29.0172 32.6563 52.3113 39.8246 13.8924 39.5626 37.8164 21.5407 32.1403 21.3776 19.6469 65.0 63.8967 48.3735 19.4165 47.8853 37.6175 56.4358 59.5196 50.3318 62.1289 45.4261 26.1725 54.6803 69.608 29.0 60.208 61.5873 0.0 60.1332 43.5305 48.1664 15.2643 52.0677 31.1448 32.6956 65.5621 51.614 26.7881 52.7058 40.3609 53.8782 
50.2494 53.8516 36.0555 76.5874 76.0 94.1913 34.1321 92.1141 68.8705 32.8938 93.2071 93.4946 53.6004 54.1825 68.542 41.7612 92.0054 81.0 69.0209 111.894 51.2445 15.6205 41.7732 95.4956 66.6408 96.8989 77.801 44.4185 31.0483 54.4518 82.0061 20.5913 65.9242 83.8153 1.0 109.565 60.1332 0.0 80.5295 100.0 52.7731 80.5337 85.3909 91.5915 67.082 38.4708 35.3553 27.7308 42.0119 49.2443 
48.7584 27.6586 61.0 62.2898 34.1354 35.0 55.2268 13.0384 69.7485 47.8853 87.1088 22.2036 36.0567 81.429 12.2066 59.7615 39.8246 34.9285 58.4273 96.1041 104.743 75.2138 56.1858 80.6226 13.9284 91.1631 101.302 91.1755 65.123 87.2925 56.3205 65.0 111.474 59.4138 80.1124 92.1954 43.5305 80.5295 0.0 23.7697 34.8312 90.9202 61.5224 53.7587 107.429 92.0875 47.8017 87.0435 40.7922 94.7242 
56.6127 50.0 84.214 61.327 34.4093 22.0907 78.0064 11.1803 71.3442 67.1863 83.4326 8.60233 48.0424 84.0501 33.0151 68.8186 29.2746 31.7648 59.6825 88.0511 112.06 93.0551 65.7343 75.1332 36.0139 86.885 103.422 98.4948 88.0227 89.9136 52.811 86.5794 114.096 55.3624 99.7246 84.0536 48.1664 100.0 23.7697 0.0 48.7761 87.6515 57.0088 45.3982 110.05 99.6393 65.485 100.557 63.0317 102.041 
14.1421 19.9249 47.1699 41.5933 25.632 42.107 39.4462 44.9236 42.5793 21.095 67.4617 41.0015 1.41421 52.4471 22.7908 25.0916 41.2311 30.3645 34.5398 80.2621 70.0728 44.8499 21.5159 63.1348 22.5919 71.5862 72.4041 56.5056 48.7545 55.2621 41.1096 42.9535 76.4664 44.0454 52.6118 76.8505 15.2643 52.7731 34.8312 48.7761 0.0 64.2127 46.2277 46.0435 74.7946 57.4176 17.4642 56.1021 25.4951 60.0543 
50.2682 83.473 105.174 29.7398 56.8114 66.1403 98.3357 90.484 24.8428 79.6951 13.3417 79.6001 63.2229 26.4008 88.5123 50.7254 58.8927 57.1151 36.9064 31.6228 48.0104 64.9204 52.8141 20.3961 86.7146 16.5529 20.0 41.7612 103.104 27.313 35.0468 92.9437 39.5601 32.3038 81.1988 30.5941 52.0677 80.5337 90.9202 87.6515 64.2127 0.0 30.6775 43.5963 34.4819 47.7598 77.8691 56.7979 87.0304 39.6232 
38.0132 65.6696 92.1247 10.0499 27.4591 35.4683 84.3147 60.208 22.8035 63.3972 26.4764 49.0306 44.8219 39.6232 59.1285 43.6578 28.2312 27.0 16.4924 35.1141 69.5701 71.3141 44.2832 19.105 62.6499 30.1496 50.6711 59.0339 92.9018 44.643 5.38516 84.8693 65.8031 2.23607 85.7039 31.3847 31.1448 85.3909 61.5224 57.0088 46.2277 30.6775 0.0 13.4536 61.2714 63.3877 57.529 69.029 71.5052 59.203 
41.7612 64.6857 93.1933 21.9545 22.0227 23.3452 85.44 50.1597 34.8855 65.307 38.6264 38.0132 44.6542 50.9215 52.1302 50.2494 16.1245 19.2354 25.7099 43.1045 81.5414 78.3135 49.8197 29.8329 55.6516 41.7612 63.5899 70.217 94.5145 56.4624 12.083 87.3381 78.545 12.8062 91.7824 39.1152 32.6956 91.5915 53.7587 45.3982 46.0435 43.5963 13.4536 0.0 74.0133 74.2059 59.4459 78.4092 71.4003 70.9366 
61.2686 94.1914 95.7365 52.0906 75.6404 91.9348 90.1209 109.209 39.6232 74.3977 46.5296 101.447 73.7398 28.6356 97.4241 54.9737 85.5862 78.7464 50.9313 63.0 18.6011 53.1413 57.2097 54.8179 97.2252 48.0937 17.1172 23.0868 92.6499 22.4722 62.084 80.5233 5.09902 61.3179 67.9779 63.1269 65.5621 67.082 107.429 110.05 74.7946 34.4819 61.2714 74.0133 0.0 28.6356 72.5716 39.3573 89.3373 18.0278 
43.6191 69.6678 68.2642 53.3385 67.2309 85.8836 63.0 96.5301 41.0122 47.423 61.0328 91.4002 56.6355 24.0 80.0472 37.2746 81.0247 71.5891 48.7664 79.3788 15.2971 24.7386 39.5106 66.1137 78.7663 64.2573 40.3113 6.40312 64.7765 20.6155 62.2405 52.6118 27.8927 62.6498 39.3573 78.1601 51.614 38.4708 92.0875 99.6393 57.4176 47.7598 63.3877 74.2059 28.6356 0.0 45.597 10.8167 62.1592 10.8167 
22.5752 25.4951 37.0135 51.7203 41.3038 59.0085 29.4109 58.1822 55.8859 7.2111 85.9086 58.4642 18.2483 61.7168 35.609 27.329 57.3149 46.2709 44.2773 98.9798 60.8526 27.5453 25.5876 82.0538 34.6554 90.0332 80.5699 49.684 36.7967 56.3031 52.7278 28.178 72.7624 55.4411 35.2278 96.1527 26.7881 35.3553 47.8017 65.485 17.4642 77.8691 57.529 59.4459 72.5716 45.597 0.0 38.9609 21.095 54.7718 
44.6545 63.0318 59.0 59.0762 68.7663 87.6895 54.3323 97.136 47.676 40.7063 69.857 92.7595 55.3199 31.3209 74.4239 38.31 83.5225 73.3979 53.0377 88.2383 24.1868 15.0 35.4418 74.572 73.2948 73.3485 50.9313 17.0294 55.1453 29.5296 67.0671 43.0465 38.2753 68.0 28.6356 86.7391 52.7058 27.7308 87.0435 100.557 56.1021 56.7979 69.029 78.4092 39.3573 10.8167 38.9609 0.0 55.1543 21.6333 
36.8886 13.1529 22.4722 66.0337 50.2864 64.2962 15.2971 53.4603 65.7343 15.1327 91.6832 58.2151 26.9072 78.4825 30.0167 44.0947 65.2911 54.7392 58.5907 104.867 77.4148 41.6773 42.3532 87.6653 27.1662 95.8078 97.3355 66.4496 25.318 73.0687 66.4831 24.3516 89.5281 69.3542 41.4005 101.607 40.3609 42.0119 40.7922 63.0317 25.4951 87.0304 71.5052 71.4003 89.3373 62.1592 21.095 55.1543 0.0 71.5374 
46.2062 78.8427 77.9295 49.3356 69.1536 86.3314 72.321 99.0627 36.4005 56.5978 52.9528 93.6942 59.2721 20.1246 82.6838 39.9112 80.3412 72.8778 45.6368 71.0634 10.8167 35.1141 42.1473 59.0762 82.4849 55.7853 29.8329 5.09902 74.7329 14.5602 58.8727 62.5859 18.0278 58.8218 50.1199 70.214 53.8782 49.2443 94.7242 102.041 60.0543 39.6232 59.203 70.9366 18.0278 10.8167 54.7718 21.6333 71.5374 0.0 
DEMAND_SCENARIO_SECTION
0 0 0 0 0 0 0 0 0 0 0 0 0 0 0 0 0 0 0 0 0 0 0 0 0 0 0 0 0 0 0 0 0 0 0 0 0 0 0 0 0 0 0 0 0 0 0 0 0 0 0 0 0 0 0 0 0 0 0 0 0 0 0 0 0 0 0 0 0 0 0 0 0 0 0 0 0 0 0 0 0 0 0 0 0 0 0 0 0 0 0 0 0 0 0 0 0 0 0 0 0 0 0 0 0 0 0 0 0 0 0 0 0 0 0 0 0 0 0 0 0 0 0 0 0 0 0 0 0 0 0 0 0 0 0 0 0 0 0 0 0 0 0 0 0 0 0 0 0 0 0 0 0 0 0 0 0 0 0 0 0 0 0 0 0 0 0 0 0 0 0 0 0 0 0 0 0 0 0 0 0 0 0 0 0 0 0 0 0 0 0 0 0 0 0 0 0 0 0 0 
3 4 2 2 2 3 2 4 4 2 3 4 3 3 2 3 4 4 2 3 2 5 4 4 4 3 2 2 4 4 2 2 2 4 3 5 4 4 2 4 3 3 4 2 3 1 3 3 3 3 1 4 2 3 3 2 3 1 4 3 3 3 2 2 3 4 3 2 3 4 2 3 3 3 2 3 3 2 2 3 3 2 2 2 2 3 1 3 3 3 2 2 3 3 3 3 2 3 3 3 2 2 1 3 3 3 5 2 2 3 5 3 4 4 4 2 2 3 2 3 2 1 3 2 3 4 1 2 4 1 3 0 3 1 2 2 5 3 3 3 2 1 3 2 3 4 4 3 1 4 1 3 2 2 4 2 2 2 2 3 3 4 5 5 3 4 3 3 3 3 4 3 3 1 2 3 4 3 2 4 1 2 3 3 2 3 3 2 1 3 3 2 4 3 3 3 2 1 2 4 
9 8 6 6 7 8 8 5 2 4 8 6 6 8 8 9 4 13 6 9 9 7 5 7 4 8 9 5 6 4 8 12 8 8 4 6 8 3 11 6 5 9 6 5 4 7 8 8 4 5 6 7 6 8 4 2 6 6 8 2 8 9 7 8 10 10 10 9 7 8 8 7 5 4 6 10 8 7 9 7 5 5 10 2 9 8 10 5 5 7 4 6 7 8 1 5 7 6 11 9 4 8 8 5 4 7 8 8 9 11 6 8 5 9 2 10 6 5 6 7 6 8 9 5 10 6 6 7 9 6 6 8 9 6 8 7 10 11 8 3 10 7 5 4 7 5 4 6 7 7 7 10 8 6 4 9 7 5 8 9 9 11 11 6 14 6 8 8 6 3 8 4 4 2 6 5 8 8 4 8 6 8 4 2 7 7 9 6 8 6 4 9 8 4 7 7 9 10 9 6 
1 1 1 1 1 2 1 2 1 1 1 1 1 1 1 1 1 1 1 1 1 1 1 1 1 0 1 1 1 1 1 1 1 1 1 1 1 1 2 1 0 0 1 1 2 1 1 1 1 1 1 1 1 2 2 1 1 1 1 1 1 1 1 1 1 1 1 1 1 1 2 0 1 1 1 0 1 1 2 1 1 0 1 1 2 1 1 1 1 1 1 1 0 0 1 0 1 1 1 1 1 1 2 1 1 1 0 1 1 1 1 1 0 1 1 1 1 1 1 1 1 1 1 1 1 1 0 1 1 2 1 1 1 1 1 1 1 0 1 1 1 1 1 1 1 1 1 1 1 1 1 1 1 1 1 1 1 1 1 1 1 1 1 1 1 1 1 1 1 1 1 1 1 1 1 1 1 1 1 1 2 1 1 1 1 1 1 1 1 2 2 1 1 0 2 1 1 1 1 1 
7 8 5 6 7 5 7 7 5 7 6 3 7 8 6 5 4 9 2 6 6 3 6 6 7 6 9 7 5 9 6 6 2 10 6 7 5 8 7 7 6 5 8 4 4 6 5 4 8 4 8 6 5 4 6 8 12 6 2 6 8 8 5 6 5 4 5 8 4 3 6 8 9 7 6 5 5 6 8 7 3 8 6 4 5 5 4 9 7 6 5 5 5 7 10 7 4 7 4 6 5 8 6 11 7 8 4 9 6 4 3 6 5 7 2 6 5 8 2 5 7 11 4 6 8 8 8 8 5 2 6 5 5 5 8 8 8 7 9 8 9 6 9 5 2 5 5 9 10 6 8 4 6 6 4 9 5 5 9 3 5 7 4 3 6 6 7 9 3 6 7 5 5 6 9 5 8 5 5 5 8 5 2 8 7 1 9 6 7 7 6 7 5 5 7 4 7 7 4 7 
7 14 13 13 11 12 13 10 4 5 7 8 13 8 12 14 11 16 8 5 5 11 9 9 10 10 10 9 11 8 8 14 14 12 8 13 11 8 8 5 11 10 13 9 8 11 9 11 12 11 11 8 10 3 14 9 9 11 12 10 10 16 10 7 9 13 14 6 7 3 6 8 8 9 8 11 11 9 12 3 11 6 14 8 9 9 11 6 10 16 13 6 2 11 8 6 8 12 3 13 13 9 17 7 16 6 8 12 15 11 6 6 8 9 11 11 9 11 10 9 17 11 7 10 11 8 15 4 6 6 4 17 10 7 11 12 16 14 10 15 7 10 7 10 7 11 14 16 5 5 17 7 10 9 18 15 8 13 10 8 12 15 10 7 14 13 9 13 12 17 7 10 7 10 11 6 11 11 10 4 13 8 11 9 8 9 9 9 10 11 11 11 10 9 14 11 13 6 8 11 
4 3 5 3 3 3 3 3 3 3 2 3 3 2 1 4 3 2 2 3 4 3 2 4 3 3 3 2 3 3 4 2 5 4 2 3 4 4 4 3 4 3 0 3 5 1 2 4 3 4 4 3 5 3 3 3 5 2 3 4 4 2 3 2 4 3 4 3 5 1 4 3 5 3 2 2 3 2 2 3 4 2 2 4 3 4 3 1 4 4 2 2 4 4 5 4 3 3 3 3 5 4 2 3 2 2 4 2 2 4 2 1 4 2 4 4 5 4 3 3 3 3 3 3 2 3 2 4 4 3 1 4 2 4 4 4 4 2 3 3 3 5 2 3 2 3 1 2 3 3 3 3 3 3 4 3 3 4 4 2 3 5 3 3 2 4 4 2 1 4 3 3 4 3 2 1 4 2 3 3 2 4 3 1 3 3 3 3 4 3 4 1 3 3 2 4 3 3 0 2 
4 10 10 6 14 6 9 8 8 6 4 9 9 12 12 8 13 12 5 9 13 5 11 10 8 5 5 7 8 9 6 10 9 4 2 10 8 13 10 2 12 12 6 9 9 10 6 10 8 10 7 1 7 8 9 9 9 10 6 7 6 5 9 8 8 9 8 7 8 11 7 12 12 8 9 11 6 1 8 6 9 8 7 9 11 13 10 13 5 6 5 8 13 6 7 4 6 8 6 6 4 7 11 7 10 4 6 10 8 6 6 10 11 11 5 10 12 4 6 6 9 12 4 3 10 10 7 3 9 12 8 8 8 10 8 10 4 7 4 7 6 8 6 3 10 6 8 9 10 10 6 9 6 5 8 11 7 10 10 8 11 5 11 10 6 6 9 2 9 9 9 10 12 11 11 10 9 9 7 12 7 8 5 9 7 9 11 8 8 2 7 11 10 4 4 9 8 10 7 6 
2 3 3 1 3 3 3 4 3 2 2 3 2 3 3 1 2 4 2 4 1 0 4 2 2 1 3 3 4 3 5 1 4 3 4 4 4 3 3 3 5 2 3 3 3 2 2 2 3 3 4 3 3 3 4 2 2 3 3 4 2 5 2 5 2 2 3 2 3 3 3 3 4 4 4 4 2 4 2 3 2 3 4 4 4 3 4 5 2 3 3 1 3 3 4 2 3 2 2 3 2 2 3 3 3 2 3 3 1 3 2 1 2 4 1 2 3 3 3 2 3 5 3 3 3 2 3 2 3 2 2 3 4 4 3 3 2 3 4 2 2 3 3 4 4 3 5 3 3 3 5 2 3 2 3 3 4 3 1 4 4 3 4 4 2 4 1 3 2 5 3 3 4 4 2 3 3 3 3 4 2 3 4 2 3 3 4 2 2 3 3 3 3 3 6 2 2 3 1 0 
5 3 5 2 2 5 2 6 5 1 5 5 4 8 4 3 5 3 2 5 4 6 7 4 4 3 5 6 6 1 4 3 5 3 5 5 4 4 3 6 3 3 4 5 4 6 4 5 5 5 6 5 3 4 1 7 2 1 3 5 4 4 5 2 4 6 4 3 4 3 4 6 3 5 2 6 4 7 5 3 5 3 2 4 7 3 5 4 3 5 3 3 3 3 2 4 1 5 4 5 5 1 4 3 6 6 2 3 5 7 6 3 2 4 1 4 3 5 6 5 2 4 5 2 7 6 3 4 5 5 4 3 5 4 4 3 3 5 5 6 4 5 4 4 5 5 5 3 4 3 3 3 1 7 1 5 7 7 5 4 7 4 3 2 5 5 5 3 3 5 3 4 3 6 6 3 5 6 4 3 6 6 4 6 6 2 7 3 2 1 5 3 2 6 3 4 5 3 5 5 
2 1 2 2 2 2 1 2 2 2 3 1 2 2 3 2 2 2 2 3 2 2 2 2 1 2 3 2 4 2 3 2 2 2 3 2 2 3 1 3 2 2 2 2 3 1 3 2 2 2 1 2 2 2 2 2 2 2 1 1 3 1 2 2 2 3 2 2 3 1 2 2 3 2 2 2 2 3 3 2 2 2 3 1 3 2 2 3 1 2 2 2 2 2 2 3 3 2 2 1 3 2 3 2 4 3 1 2 2 2 2 2 1 2 2 2 2 2 2 3 1 2 3 2 1 2 2 3 2 1 2 1 3 3 3 2 2 2 2 3 2 2 3 3 1 2 2 2 2 3 3 1 2 1 3 2 2 4 2 2 2 2 1 2 3 2 2 2 2 1 1 1 2 0 3 1 2 1 1 2 1 2 2 1 2 2 1 0 2 3 3 2 4 1 1 2 2 2 3 3 
3 4 6 5 7 5 7 3 6 6 5 7 8 5 4 5 6 6 7 8 6 6 6 7 7 7 4 11 4 4 8 10 7 4 7 4 11 9 6 5 6 6 5 4 6 4 8 5 5 3 6 7 9 8 3 8 6 6 2 5 6 5 6 2 4 4 4 9 7 6 6 6 3 4 5 4 5 7 7 10 8 5 2 6 6 5 10 7 9 9 8 6 9 7 9 4 7 1 11 8 7 8 5 7 6 8 9 2 4 9 5 8 8 9 5 7 5 5 8 4 5 8 6 6 2 10 7 3 4 6 6 3 5 7 7 8 5 6 9 9 6 6 1 4 2 5 5 4 6 4 3 7 3 3 6 4 5 7 8 5 6 5 8 7 4 4 5 7 8 8 4 8 8 8 2 3 4 8 3 7 5 4 7 3 6 3 9 6 8 6 5 4 5 6 6 6 10 6 8 6 
12 10 17 6 6 11 11 12 6 11 8 8 11 8 15 5 10 12 8 10 6 6 13 10 7 7 12 13 7 9 14 8 9 14 16 12 11 7 12 7 7 11 9 12 10 12 7 7 7 11 6 13 11 5 6 5 8 9 3 11 8 8 8 11 3 6 7 11 10 9 9 5 10 9 7 6 5 7 6 14 5 12 10 7 7 9 10 6 12 6 14 12 7 7 9 11 5 13 6 10 7 5 8 14 6 12 6 7 6 14 8 8 7 10 13 4 0 10 10 11 11 16 6 6 9 5 6 12 5 11 8 8 9 3 9 3 11 11 6 11 0 7 12 8 17 12 5 10 12 14 14 8 7 11 6 8 4 14 5 9 14 10 8 10 11 7 9 10 7 7 7 7 4 10 10 7 9 11 13 11 8 9 6 12 7 13 9 9 6 8 8 12 8 10 13 12 7 5 6 12 
1 1 1 1 0 1 1 1 1 1 1 1 0 1 1 1 1 1 0 1 1 2 0 1 1 0 1 1 2 0 1 1 1 1 1 1 1 1 1 1 1 1 1 1 1 2 1 0 1 1 1 1 1 1 1 1 1 1 1 1 1 1 1 1 1 1 1 1 1 1 2 1 1 1 1 2 1 1 0 1 1 1 1 1 1 1 1 1 1 1 2 1 1 1 1 1 1 2 1 1 1 1 1 1 1 1 1 1 2 1 1 1 1 1 0 1 1 1 1 1 0 1 1 1 0 1 1 1 1 1 1 1 1 0 1 1 1 2 1 1 0 1 1 1 1 1 1 1 1 1 1 0 1 1 1 1 1 1 1 1 1 1 0 1 1 1 0 1 1 1 1 1 1 1 1 1 1 1 1 1 1 1 2 2 1 1 1 1 1 1 1 1 1 1 1 1 2 1 1 1 
4 4 5 8 4 3 3 6 3 7 7 2 8 4 5 3 4 5 5 6 5 3 5 4 7 7 3 5 6 6 5 5 5 4 5 3 4 6 8 6 5 6 8 6 5 5 5 5 6 5 4 6 3 5 5 8 7 2 5 6 7 4 3 5 4 5 5 4 4 7 5 2 8 8 3 4 7 6 4 1 6 8 5 4 6 7 4 6 6 6 5 4 6 6 3 5 6 5 6 7 4 5 3 6 5 4 8 2 5 4 7 5 6 4 5 4 4 9 7 7 7 6 3 6 5 1 5 4 5 5 6 3 6 5 6 5 1 4 6 2 4 5 5 7 6 3 6 6 7 4 6 4 5 5 5 3 9 3 7 7 5 9 6 5 9 5 3 4 4 8 2 6 6 6 3 4 7 6 4 4 4 7 8 5 1 5 4 5 3 6 5 5 8 8 6 4 5 4 6 5 
3 4 5 7 7 4 4 2 5 2 5 4 4 3 4 3 4 4 5 4 5 2 4 3 3 2 5 4 4 4 2 3 3 4 3 3 4 3 4 2 6 5 5 2 3 5 4 3 4 3 3 6 6 1 3 2 1 4 4 5 2 2 5 4 5 3 3 4 6 4 4 7 4 4 5 4 3 3 4 4 5 5 0 5 6 4 4 3 3 1 6 2 4 3 4 5 2 5 0 4 6 5 2 7 1 5 3 5 5 2 3 5 4 3 3 3 6 3 4 3 3 5 5 2 3 3 4 2 3 5 6 4 2 4 3 4 6 5 5 5 3 4 4 5 4 4 3 3 4 5 5 4 3 5 4 4 2 5 2 4 4 4 2 5 3 5 3 1 5 3 3 4 7 4 5 4 2 6 2 4 2 4 6 6 7 5 3 5 3 5 4 2 5 3 2 4 4 6 5 4 
2 2 2 2 3 2 2 3 2 2 2 1 2 2 2 2 2 3 3 3 2 2 3 3 2 1 3 3 2 2 2 2 2 1 2 2 2 2 2 4 2 1 3 1 2 2 2 2 2 1 2 3 2 1 2 1 1 2 2 3 2 2 1 3 3 2 2 3 1 3 2 1 2 2 3 2 2 2 2 1 4 2 1 1 1 2 2 2 1 0 2 1 2 2 1 2 3 2 2 2 0 2 2 2 2 3 1 1 1 2 2 1 2 2 3 2 2 2 2 2 2 2 2 2 2 2 1 1 2 2 3 2 1 1 2 2 1 2 3 2 2 2 2 1 2 2 1 1 2 2 1 2 2 1 3 1 2 2 3 2 3 3 2 2 2 2 1 1 0 2 2 3 3 3 2 1 2 3 3 2 1 2 3 2 2 1 1 1 2 2 1 1 1 1 2 2 2 1 2 2 
6 9 7 7 16 0 9 16 6 12 14 2 11 4 8 9 10 11 5 15 11 10 12 10 11 10 8 7 12 9 6 11 8 7 9 4 9 9 5 7 6 12 8 9 11 8 16 9 15 11 9 13 13 12 10 9 11 9 9 8 11 12 12 11 8 13 4 9 4 9 8 7 7 10 6 11 7 11 10 11 7 11 8 11 9 8 11 7 5 7 9 13 8 8 9 8 10 11 12 10 7 7 8 8 10 12 5 9 5 10 5 10 11 12 14 9 9 9 11 12 10 7 9 8 8 11 11 7 5 8 13 12 10 9 11 9 4 10 10 11 7 11 17 11 11 11 10 14 11 12 2 8 8 10 9 4 8 11 8 9 8 8 4 10 10 7 6 13 5 9 14 10 7 14 5 13 5 8 13 11 13 10 6 6 8 11 8 10 12 6 9 3 11 9 10 10 7 5 6 6 
8 15 9 12 5 7 8 10 4 6 9 5 7 8 8 12 12 13 10 17 12 9 8 6 8 10 12 9 7 11 11 9 15 9 11 5 6 10 8 11 7 11 9 10 6 8 10 11 12 7 7 13 10 6 12 11 12 2 11 14 9 8 8 16 6 8 11 5 11 12 12 14 10 10 10 9 2 8 8 7 9 11 7 6 8 9 7 10 4 11 3 10 9 9 15 2 7 6 11 9 9 9 10 7 9 12 7 10 4 8 7 9 10 11 10 7 2 12 8 12 11 9 8 4 5 7 9 7 13 9 11 12 8 7 13 5 8 11 7 8 7 9 10 17 8 8 12 11 9 11 13 5 2 13 8 6 6 13 8 10 10 7 10 15 10 14 5 11 8 2 8 12 8 10 10 8 7 15 12 5 6 9 9 8 7 4 13 9 4 8 5 14 11 11 8 3 8 9 8 10 
10 11 8 9 6 10 9 6 9 9 12 10 9 15 12 11 17 13 11 10 8 6 9 8 11 7 6 4 9 7 13 3 12 14 9 5 12 11 11 4 9 10 13 11 5 10 10 13 3 4 12 11 6 4 14 14 7 14 10 15 8 11 9 13 10 8 13 14 8 9 4 6 8 10 9 6 13 10 12 12 12 11 11 9 9 8 8 10 13 9 3 10 7 8 10 6 9 7 9 8 13 9 10 10 11 12 8 4 7 11 9 9 12 12 5 9 7 8 9 12 13 13 5 7 16 7 10 5 11 9 5 6 10 8 9 10 0 8 7 9 9 8 11 12 12 4 8 11 16 16 9 17 9 9 9 13 18 17 7 7 13 9 12 10 9 10 4 7 8 12 13 11 7 8 9 9 11 7 5 11 9 8 12 16 9 5 14 11 11 9 7 11 8 12 10 14 10 5 8 15 
1 1 1 1 1 1 1 1 1 1 1 2 1 1 2 1 1 1 1 1 1 1 2 1 2 1 1 1 1 1 0 1 2 1 1 2 2 2 2 1 1 1 1 1 1 0 1 1 1 1 1 2 1 1 1 1 0 1 1 1 1 1 1 1 1 1 1 1 1 1 1 1 1 1 1 1 1 1 1 1 1 0 0 1 2 1 1 2 1 0 1 1 1 1 2 1 2 0 1 0 2 1 1 1 1 1 2 0 2 1 1 1 0 1 1 1 2 1 0 1 1 1 1 1 1 1 1 1 1 1 1 1 1 0 1 1 1 1 1 1 1 0 1 1 1 1 1 1 1 1 1 1 1 1 1 1 1 1 1 1 1 1 1 1 2 1 1 1 1 1 1 1 1 0 1 1 1 1 1 1 1 1 1 1 1 1 1 1 1 1 1 1 0 1 1 1 1 1 1 1 
3 6 8 6 14 8 7 9 8 7 7 8 7 8 7 1 11 8 3 5 10 9 12 10 7 7 11 9 5 7 7 12 11 9 9 4 7 5 8 13 0 9 11 8 6 7 9 13 6 3 6 7 6 10 7 6 8 7 9 10 6 9 8 5 11 7 4 12 5 4 4 9 12 10 6 6 4 8 5 10 8 6 10 9 5 11 9 11 6 10 7 8 5 4 7 6 6 8 13 5 10 6 10 4 10 9 7 5 8 4 6 7 6 2 12 10 6 7 7 8 7 4 2 3 8 10 6 6 10 8 5 5 5 9 8 9 8 6 9 7 7 6 9 6 4 8 3 11 7 4 7 5 5 12 8 9 6 5 8 4 6 5 11 9 10 8 7 5 7 3 8 6 7 7 3 4 9 11 10 4 9 7 4 10 11 6 6 7 10 9 7 4 8 7 3 9 9 5 9 10 
4 10 13 6 10 8 9 8 8 12 5 7 9 9 6 6 9 11 12 7 8 9 10 8 11 9 8 5 3 6 7 10 7 7 7 6 8 5 12 12 7 9 10 8 6 4 9 8 12 9 11 7 12 5 12 5 15 9 9 7 7 3 7 10 6 7 11 6 10 3 7 9 5 5 14 8 7 6 6 4 13 10 10 8 10 9 9 7 7 13 8 6 1 8 11 10 12 12 13 6 12 12 14 9 6 8 8 7 13 8 2 7 7 4 10 4 9 12 7 8 5 6 6 9 12 8 10 8 6 9 11 6 2 5 9 10 8 8 9 6 7 10 4 7 9 14 4 5 10 8 12 4 6 7 6 8 4 8 7 12 9 11 8 12 9 7 8 4 14 8 8 4 4 13 4 5 6 6 8 8 10 7 9 10 9 2 5 12 11 9 8 5 10 11 10 7 10 9 7 12 
11 10 12 7 7 7 7 8 5 6 9 15 7 9 13 11 13 9 12 4 12 8 9 7 4 7 14 11 12 4 12 7 7 12 11 11 6 10 4 15 11 6 15 4 8 9 10 10 17 10 13 7 3 9 10 9 10 6 4 14 5 11 5 14 13 12 6 10 9 10 7 15 10 13 8 15 12 9 8 10 11 14 10 9 10 10 10 11 12 6 9 18 2 11 14 1 11 8 5 9 11 9 12 7 11 8 6 9 5 9 9 11 10 11 15 9 11 8 13 12 7 8 6 5 8 12 14 8 10 9 8 8 9 7 7 6 10 7 12 11 6 8 7 7 9 17 6 17 6 9 10 10 6 16 10 8 10 7 8 6 12 7 6 8 8 7 6 13 11 6 4 6 10 7 5 6 7 7 7 10 15 5 6 8 5 8 13 3 13 3 12 9 8 10 7 11 11 5 15 7 
5 6 12 8 11 8 12 5 12 8 5 3 2 4 11 12 10 5 14 6 8 9 5 12 5 7 9 4 6 10 14 5 7 7 11 9 9 7 7 5 3 9 10 11 6 11 4 10 8 9 14 6 8 7 5 11 11 9 10 6 9 9 6 12 12 8 10 8 8 10 8 10 18 10 7 6 9 8 11 3 10 9 8 8 5 3 13 9 9 9 7 9 10 10 6 6 4 7 2 6 10 9 10 8 8 9 8 4 10 9 10 8 5 8 8 10 9 14 8 5 8 7 8 10 8 5 8 10 4 4 8 5 12 10 9 7 11 7 5 7 6 9 11 9 11 6 10 2 7 10 4 9 13 6 7 5 5 9 8 9 6 8 8 11 11 9 5 7 6 8 8 11 12 8 6 11 7 6 14 2 8 10 13 11 10 9 11 6 7 11 12 10 4 11 7 14 7 6 11 9 
4 6 4 5 0 3 5 6 5 6 4 6 9 4 6 4 5 4 5 4 3 6 3 5 6 6 3 3 9 3 6 5 8 6 4 7 4 6 3 4 7 3 7 6 3 2 0 7 7 7 5 4 6 6 2 3 6 6 5 7 4 4 3 7 8 5 5 5 7 7 4 7 3 4 7 3 5 4 4 5 6 4 2 7 7 5 4 7 4 7 6 4 6 3 6 4 3 5 8 5 8 3 5 3 5 3 4 6 6 6 4 4 5 6 4 3 7 5 7 9 5 4 8 4 3 4 5 7 4 5 4 3 8 5 4 4 7 8 4 2 7 5 5 5 3 6 9 2 7 6 5 4 3 6 7 6 5 4 3 3 4 6 2 4 8 7 5 5 4 5 4 4 5 4 6 10 5 3 5 6 6 8 7 3 6 7 6 2 2 7 6 7 6 5 5 4 5 2 5 8 
5 2 6 5 4 2 5 4 3 4 4 3 5 3 6 5 4 5 3 4 3 4 5 4 4 5 4 4 2 4 5 3 6 6 2 7 3 5 4 3 3 3 3 2 2 5 6 2 5 4 3 4 6 5 4 6 3 2 4 3 5 4 4 3 4 5 3 5 4 4 2 5 5 3 2 3 3 2 6 4 3 3 5 3 4 4 7 3 3 5 3 4 2 4 5 3 4 3 3 3 5 5 4 5 7 5 5 3 5 4 5 4 2 3 4 5 4 2 3 3 3 2 5 2 5 6 4 7 5 4 6 4 5 6 3 3 5 5 5 3 1 4 4 2 3 3 4 3 2 4 5 2 3 7 3 5 4 4 5 3 4 4 6 4 4 3 5 3 1 4 4 3 3 3 4 3 3 5 3 2 4 4 3 4 5 5 1 8 3 5 4 5 5 3 4 4 7 5 3 6 
3 5 6 4 5 4 6 5 8 5 8 4 3 3 5 5 5 7 3 4 5 10 5 5 6 5 5 6 2 7 5 5 5 8 6 4 5 6 9 4 3 4 3 6 3 5 5 6 4 3 5 7 6 4 3 6 5 5 3 5 5 5 6 1 5 4 6 5 5 6 5 8 4 1 4 5 5 4 5 7 5 4 2 5 4 5 2 6 5 1 6 6 5 5 5 5 6 7 5 4 6 5 4 3 5 2 8 1 8 5 1 6 8 5 7 7 9 4 4 5 5 6 7 4 5 6 5 8 5 5 3 9 7 7 4 7 4 4 8 7 4 8 5 2 4 6 2 5 6 11 8 6 8 4 6 2 5 5 5 5 6 5 7 5 4 6 3 4 3 5 4 5 6 7 4 4 6 5 6 6 5 4 5 7 4 4 5 1 6 4 5 6 1 4 4 5 8 6 8 7 
3 8 8 4 7 9 6 6 9 5 9 5 10 4 10 4 4 9 5 8 5 6 5 6 10 3 9 10 5 8 7 8 5 3 5 7 8 2 8 6 9 9 11 4 5 11 8 5 8 7 9 11 5 4 7 11 5 2 7 8 5 5 3 8 4 8 11 6 5 3 5 7 11 10 8 7 9 5 6 9 10 5 6 4 4 4 3 7 9 5 6 7 5 7 5 9 6 10 4 4 7 8 7 5 10 9 9 7 7 11 8 5 5 6 6 8 5 6 9 6 13 6 5 4 7 3 6 8 8 8 9 6 12 8 4 9 7 6 7 7 7 4 7 4 11 6 8 3 7 5 8 10 5 9 6 7 6 11 7 8 4 5 7 7 9 8 9 12 10 7 6 11 7 6 6 7 7 6 5 4 10 14 4 8 8 9 8 2 10 8 6 7 4 6 10 5 8 9 11 8 
5 7 6 5 6 5 8 6 5 4 6 5 3 3 5 5 5 7 4 3 3 6 6 2 5 4 7 7 6 2 4 2 4 4 5 4 6 6 6 3 8 7 6 5 5 5 7 1 7 3 4 2 6 3 7 4 8 2 6 5 6 2 5 4 5 5 4 2 5 8 6 4 2 1 4 3 6 3 2 6 8 8 7 4 1 7 6 5 7 0 3 3 2 7 9 9 5 7 6 7 4 6 4 3 4 8 4 5 5 3 5 5 1 6 7 7 4 2 7 5 2 4 3 5 7 5 6 3 2 6 6 3 5 5 4 3 9 5 5 3 6 4 6 4 6 4 3 7 5 4 6 6 5 5 6 3 3 7 8 3 9 5 6 3 4 7 4 7 8 8 5 6 4 4 4 4 5 5 7 5 7 3 4 8 7 3 6 4 7 3 5 7 3 1 3 5 7 7 9 5 
7 14 12 5 9 12 5 13 9 4 10 11 6 6 9 9 13 12 10 6 9 4 8 10 9 8 5 11 11 7 4 5 11 6 10 9 9 7 9 9 6 4 9 8 7 10 4 10 11 7 14 8 9 13 7 10 6 12 7 9 3 12 10 7 11 8 8 9 8 9 12 4 10 8 7 7 5 6 13 8 9 9 6 5 10 8 10 7 7 9 9 10 11 6 4 4 4 13 7 7 8 10 15 11 6 5 13 6 3 11 4 10 11 4 12 7 9 8 6 11 7 9 9 7 9 5 6 11 8 9 4 9 10 6 4 11 7 8 9 5 7 4 9 5 7 9 9 6 11 10 8 9 8 7 6 7 12 9 10 10 10 10 6 6 5 6 8 10 10 7 8 12 9 4 3 10 10 3 6 7 9 11 7 7 7 9 1 10 10 3 14 9 10 7 6 8 11 9 9 5 
8 8 11 8 7 8 9 7 8 4 1 7 3 7 10 9 9 9 6 14 9 15 11 3 9 10 13 8 12 11 11 9 6 9 9 4 9 6 9 15 9 9 7 7 8 11 9 8 12 11 6 7 8 10 8 4 10 5 8 6 9 8 13 5 8 2 9 11 10 7 8 10 7 10 14 10 8 5 8 9 7 6 8 9 9 4 8 5 6 7 10 8 7 8 8 9 13 8 9 9 4 10 6 8 4 3 5 8 11 11 13 11 10 4 10 4 8 12 6 10 4 8 4 10 5 7 9 8 7 11 6 8 8 8 5 10 9 10 16 3 2 6 10 12 10 8 8 9 13 7 9 11 5 7 5 8 10 6 6 7 8 10 11 6 10 8 8 8 10 9 5 12 8 11 6 8 9 8 13 10 7 4 9 7 5 8 9 15 11 8 10 11 10 8 8 8 10 6 9 8 
2 5 3 4 2 4 4 2 2 4 3 3 2 2 2 3 2 2 3 3 4 2 3 3 3 3 3 2 3 2 4 4 3 2 3 4 3 2 2 3 3 2 4 4 4 2 4 4 2 3 4 3 2 2 0 1 2 2 2 4 5 2 3 2 2 3 1 1 4 4 1 3 2 1 2 4 2 3 4 4 3 3 4 3 3 2 3 2 4 4 1 2 2 4 4 1 3 5 3 4 3 4 5 3 3 2 3 1 4 2 2 5 4 3 4 1 3 2 4 2 2 2 3 2 3 5 3 1 5 3 5 4 3 5 2 4 4 4 2 2 3 4 4 4 4 3 4 1 2 2 2 4 3 5 3 3 4 2 2 4 2 2 5 4 2 4 3 2 4 3 4 4 2 2 4 2 2 1 4 4 2 2 1 2 3 4 3 3 3 3 3 2 3 3 4 3 3 4 3 4 
1 1 1 1 1 1 1 1 1 1 1 1 1 0 1 1 1 1 1 1 1 1 1 1 1 1 1 0 1 1 1 1 1 1 2 1 1 1 1 1 2 1 2 1 1 1 1 1 1 1 1 2 1 1 1 1 1 1 1 1 1 1 1 0 1 1 1 1 2 1 1 1 0 1 1 1 1 2 1 1 1 1 1 1 1 1 1 1 1 1 1 1 0 1 1 1 1 1 1 1 1 1 1 1 1 1 1 1 1 1 2 0 1 1 1 1 1 1 1 1 1 1 1 1 1 2 1 1 1 1 1 1 1 1 1 1 1 2 1 1 1 1 1 1 1 1 1 1 1 1 1 0 1 2 1 1 1 1 1 1 1 1 1 1 2 1 1 1 0 2 1 1 1 0 1 1 2 1 1 1 1 1 1 1 1 1 1 1 2 1 1 0 1 1 1 1 2 1 1 1 
3 1 4 3 3 3 3 3 2 5 3 4 4 4 2 3 2 3 4 2 2 1 3 2 4 4 2 3 3 2 3 3 2 3 3 4 3 3 1 5 3 2 2 1 5 1 4 3 3 3 3 4 2 4 2 4 3 2 2 3 1 4 4 5 3 3 4 2 2 3 3 4 2 1 2 4 4 2 3 3 2 4 3 4 3 1 2 3 3 3 2 1 4 3 4 3 6 4 1 3 4 3 2 2 3 3 3 3 3 4 4 4 3 2 4 5 3 4 3 2 3 3 3 3 4 2 3 2 3 3 3 2 3 5 2 3 2 3 3 2 3 4 3 5 2 3 2 3 4 4 4 4 4 4 3 3 3 4 5 5 3 4 3 1 3 3 3 3 4 4 5 2 4 2 3 3 1 2 3 4 2 4 3 4 2 5 3 2 3 4 3 3 4 2 6 3 2 4 3 3 
6 2 5 7 6 4 10 5 7 5 3 4 6 4 8 6 6 6 3 5 5 5 5 3 2 5 5 5 3 3 4 4 4 5 7 4 4 3 4 5 5 4 5 2 5 6 4 1 4 5 6 8 6 5 4 4 4 7 6 5 4 6 1 2 5 3 7 5 2 4 7 5 6 4 5 4 8 6 3 6 5 5 5 6 4 6 7 4 4 3 8 5 4 2 1 3 5 7 6 4 3 3 3 5 6 4 4 5 6 4 7 4 4 6 1 4 2 6 6 8 4 3 3 4 5 3 5 8 3 5 8 5 4 6 5 5 5 5 8 2 7 5 7 6 3 4 5 3 5 7 6 4 3 4 5 5 3 6 5 5 4 7 5 5 3 4 5 7 4 5 6 2 5 6 7 3 7 6 4 3 2 1 5 6 3 7 8 3 5 3 3 6 6 5 6 2 5 3 5 5 
4 4 3 3 4 5 5 5 3 6 3 4 4 4 3 3 3 3 3 3 4 5 3 4 4 3 5 5 3 6 5 4 5 5 4 2 1 3 3 6 3 3 6 4 6 3 3 5 5 2 5 4 2 3 5 2 5 2 4 3 3 4 4 2 4 3 3 5 5 3 3 4 4 6 4 4 4 4 5 5 6 5 3 2 2 5 6 7 5 6 3 2 4 3 5 4 5 3 2 4 3 6 4 3 6 3 4 8 3 6 4 3 3 6 3 0 4 5 4 3 3 2 5 4 4 3 3 5 3 4 4 4 4 5 4 3 5 7 2 3 3 5 6 7 3 6 5 6 4 4 3 3 1 5 3 5 4 4 4 4 4 5 2 3 3 4 4 4 3 6 5 5 2 3 3 4 3 7 4 2 1 6 6 2 6 3 4 4 2 2 6 6 6 7 4 4 3 6 2 5 
7 7 5 8 8 7 3 7 8 4 3 7 8 6 9 7 4 6 7 8 7 7 2 9 10 13 6 7 5 9 8 10 9 8 10 4 7 5 8 6 7 7 11 9 8 2 6 11 9 6 8 6 12 8 2 7 8 4 6 5 10 7 6 10 5 4 5 8 7 5 7 10 8 11 11 2 4 9 7 9 7 6 4 7 12 2 8 8 6 5 9 3 6 4 9 10 7 8 8 3 5 11 11 11 8 3 5 4 5 10 4 7 6 6 4 2 8 8 6 9 7 8 7 7 3 8 9 4 6 8 5 6 10 9 4 7 6 5 9 6 8 8 12 9 9 8 8 6 4 8 7 5 8 9 9 4 9 2 2 6 6 10 8 8 6 6 6 7 8 8 5 7 6 6 7 2 10 7 10 12 3 6 4 6 5 2 3 7 6 8 10 7 9 7 8 7 9 11 11 9 
5 7 16 10 18 8 13 4 15 16 6 8 17 6 6 11 13 5 9 7 4 14 13 5 11 11 9 3 15 4 7 9 4 11 15 12 11 12 10 5 9 10 13 9 7 11 5 7 8 12 15 11 6 5 15 8 10 4 10 13 13 9 11 5 13 2 18 10 16 12 10 13 16 10 10 16 7 12 11 6 10 5 9 11 9 10 9 14 7 11 10 12 13 9 17 5 12 12 14 5 13 14 7 15 9 9 15 6 5 4 10 8 11 9 7 16 12 4 6 11 10 10 7 7 9 10 11 8 12 12 7 11 10 11 14 12 7 17 12 9 6 14 8 12 7 13 15 13 4 15 13 13 12 11 9 15 10 10 10 10 8 9 8 14 4 0 11 10 11 12 7 12 12 8 5 9 9 3 14 9 11 10 15 2 5 5 11 16 9 4 9 12 12 8 10 7 9 5 7 5 
5 7 4 2 5 7 4 9 5 4 5 7 7 3 8 5 6 5 6 5 6 5 6 4 4 2 3 5 4 6 6 2 6 4 6 5 4 2 3 9 7 3 4 8 6 6 8 6 5 6 4 3 5 6 4 2 6 7 5 6 6 7 7 3 6 6 3 7 4 7 4 3 5 6 6 5 6 5 4 8 4 8 4 9 5 7 4 8 7 4 2 4 3 3 5 7 8 7 4 5 6 8 5 2 6 6 5 6 5 4 6 7 5 4 5 5 5 8 5 5 5 3 5 4 7 2 8 6 5 4 9 6 6 3 5 5 2 5 5 6 7 6 6 6 7 3 3 4 5 4 2 8 4 6 2 4 6 7 6 4 5 7 7 6 3 4 5 5 2 7 1 7 3 3 5 9 2 4 3 6 3 6 6 5 5 3 6 6 7 5 4 8 3 5 4 4 3 3 6 6 
9 9 10 11 9 7 12 11 7 12 10 11 11 12 4 8 6 11 9 15 6 10 2 9 10 12 6 8 13 8 10 7 16 11 10 8 8 6 11 8 11 6 11 7 9 1 4 14 1 9 16 11 8 10 8 14 7 13 10 8 7 11 6 5 4 13 10 10 13 5 7 12 8 11 10 9 12 9 12 10 10 8 10 7 10 6 10 11 5 5 10 6 9 6 5 9 8 8 4 10 5 5 8 12 7 7 9 7 11 6 10 7 4 10 10 4 8 6 14 4 12 12 0 5 6 5 5 10 12 8 4 12 9 9 7 9 10 6 10 11 11 4 5 10 5 11 10 9 9 8 11 7 6 5 2 6 10 6 7 8 7 7 17 8 10 10 11 9 10 11 8 10 6 8 7 13 10 8 10 12 6 10 14 5 11 11 8 15 5 10 5 7 10 15 10 14 5 15 6 12 
3 4 7 5 4 6 8 4 2 6 3 7 3 5 5 6 5 7 6 5 7 7 5 3 6 6 5 6 6 5 6 5 3 8 2 4 6 4 5 2 4 5 7 8 4 7 3 4 7 4 5 6 10 6 4 5 4 5 6 3 4 6 6 5 3 4 7 5 3 3 3 6 4 6 2 6 6 4 5 6 6 5 4 4 5 5 3 7 5 6 6 6 5 5 3 6 7 7 6 5 3 9 3 5 3 5 5 4 7 7 8 3 5 6 1 8 4 5 1 4 3 2 4 8 3 6 7 7 5 7 4 4 5 4 5 5 7 5 6 4 5 6 6 6 5 4 1 6 6 5 4 5 2 2 2 4 6 7 4 2 5 5 6 5 6 5 5 4 6 4 1 5 5 4 4 6 4 4 5 5 5 6 4 6 5 6 6 3 5 6 5 4 4 4 5 7 5 6 6 6 
1 1 1 1 1 0 1 1 1 1 1 1 1 1 1 1 0 1 1 1 2 1 1 1 1 0 1 1 1 2 1 1 1 1 1 1 1 1 0 1 1 1 1 1 1 1 1 1 0 1 1 1 1 1 1 1 0 1 1 1 2 1 1 0 1 1 2 1 1 1 1 1 1 1 1 1 2 1 1 1 1 2 1 1 1 0 0 1 1 1 1 1 0 1 1 2 1 1 1 1 1 1 1 1 1 1 1 1 0 1 1 1 1 1 1 1 1 1 1 1 1 1 1 1 1 2 1 2 1 1 1 1 1 1 1 1 1 1 1 1 1 1 1 1 1 1 1 1 1 1 1 1 1 1 1 1 1 1 1 1 1 1 1 1 1 1 1 1 1 2 0 1 1 1 0 1 1 1 2 1 0 1 1 1 1 0 1 1 2 1 1 1 1 2 1 2 1 1 1 1 
