NAME  : Jabali_50_4_0.80_1_0
TYPE : SVRP
MODEL : FINITE_SUPPORT
NUMBER_OF_SCENARIOS : 200
DIMENSION : 50
EDGE_WEIGHT_TYPE : MATRIX
CAPACITY : 83
N_VEHICLES : 4
NODE_COORD_SECTION
1 3286 3926
2 1786 200
3 1100 3740
4 2620 2702
5 2101 1069
6 5137 2957
7 6575 5181
8 309 6647
9 1062 4776
10 5390 3056
11 5589 2971
12 3083 2812
13 4614 2496
14 6054 8328
15 3752 5843
16 4544 759
17 3322 1679
18 6137 6948
19 1790 1662
20 5347 8013
21 575 4311
22 6910 7164
23 2629 5732
24 5588 5186
25 1252 5800
26 1880 1408
27 2197 6885
28 27 5001
29 2961 1256
30 7409 5193
31 3569 6561
32 2761 6837
33 1529 6026
34 3120 4262
35 2171 3092
36 4349 6056
37 6501 4068
38 2051 5172
39 2758 18
40 1752 4730
41 1398 659
42 1749 6193
43 5526 4643
44 7132 2481
45 4024 4342
46 2095 6066
47 2332 296
48 6541 6265
49 5650 7315
50 3990 6828
DEMAND_SECTION
1 0.0
2 8.0
3 7.0
4 2.0
5 6.0
6 2.0
7 7.0
8 6.0
9 7.0
10 6.0
11 10.0
12 2.0
13 1.0
14 4.0
15 4.0
16 9.0
17 5.0
18 1.0
19 3.0
20 9.0
21 6.0
22 9.0
23 3.0
24 3.0
25 1.0
26 5.0
27 10.0
28 6.0
29 5.0
30 9.0
31 8.0
32 5.0
33 7.0
34 8.0
35 8.0
36 9.0
37 4.0
38 2.0
39 6.0
40 2.0
41 4.0
42 5.0
43 4.0
44 10.0
45 3.0
46 8.0
47 10.0
48 1.0
49 1.0
50 7.0
DEVIATION_SECTION
1 0.0
2 2.66667
3 2.33333
4 0.666667
5 2.0
6 0.666667
7 2.33333
8 2.0
9 2.33333
10 2.0
11 3.33333
12 0.666667
13 0.333333
14 1.33333
15 1.33333
16 3.0
17 1.66667
18 0.333333
19 1.0
20 3.0
21 2.0
22 3.0
23 1.0
24 1.0
25 0.333333
26 1.66667
27 3.33333
28 2.0
29 1.66667
30 3.0
31 2.66667
32 1.66667
33 2.33333
34 2.66667
35 2.66667
36 3.0
37 1.33333
38 0.666667
39 2.0
40 0.666667
41 1.33333
42 1.66667
43 1.33333
44 3.33333
45 1.0
46 2.66667
47 3.33333
48 0.333333
49 0.333333
50 2.33333
DISTANCE_MATRIX
0.0 54.4638 35.4666 18.733 42.2724 34.5468 49.566 54.2828 35.3803 36.9459 37.2897 15.8114 27.8473 69.4262 26.8328 47.3814 31.7805 55.6395 37.2744 61.5549 43.9716 64.9715 26.1725 42.443 37.2543 39.2481 42.2966 48.6543 37.3363 58.1526 36.0555 40.05 36.7025 4.47214 19.9081 32.0156 43.9866 23.7168 54.231 27.2731 51.2851 36.4005 35.3813 59.7362 11.4868 33.2415 51.4782 64.8201 55.4696 40.2492 
54.4638 0.0 50.01 35.805 12.2066 58.6003 90.2953 88.0057 61.5224 60.9262 63.1585 39.6232 49.2443 123.346 81.2726 38.1182 28.178 109.556 18.9737 115.745 56.0089 115.836 75.7694 85.299 75.9539 16.1555 90.1427 66.2722 21.0238 98.4886 90.4682 90.6201 78.6486 57.3621 40.2492 86.4002 81.3941 67.0595 12.53 70.406 7.61577 80.5385 78.2516 79.0759 64.3699 79.4226 7.07107 107.407 109.386 94.6864 
35.4666 50.01 0.0 23.0883 39.1152 54.5713 83.7333 40.025 12.1655 57.439 59.523 27.2913 47.2228 97.9324 52.2817 59.2262 39.0334 86.5083 31.257 88.8306 11.4018 100.172 32.3851 76.6102 26.0768 34.2345 41.3739 23.3452 41.0 92.3198 58.5977 44.2971 28.6387 42.4608 15.89 59.9216 76.9456 22.2971 55.0091 20.3961 43.9659 30.5286 69.5486 80.7333 45.6541 30.9176 50.0899 98.9873 85.0008 64.2481 
18.733 35.805 23.0883 0.0 23.6008 33.0461 66.9864 62.7355 35.1885 35.9139 37.9979 6.0 25.632 87.7423 45.5418 36.2353 16.4924 74.0934 18.6011 80.0562 33.6006 83.4254 41.7972 59.8634 46.8722 20.5183 57.3149 45.8039 20.0998 72.3588 54.6105 56.6308 48.2597 21.6313 7.61577 50.6715 55.4204 35.0143 36.4005 30.8058 32.5576 49.0408 52.8017 59.2081 28.9072 47.0425 33.1059 82.2405 73.7822 58.9556 
42.2724 12.2066 39.1152 23.6008 0.0 48.3839 79.6852 78.2304 51.0098 50.9608 53.1601 27.5862 39.2938 111.226 69.0812 33.6155 18.2483 97.4356 8.06226 103.586 46.3897 106.768 63.9062 74.6889 65.192 5.09902 78.5875 57.4891 12.0416 87.8787 78.1499 78.7718 67.674 45.1707 28.2312 74.2024 70.9366 55.5428 16.4924 59.4313 10.4403 69.0649 67.6415 71.0634 52.2494 67.9117 11.0 96.7969 97.2657 82.4949 
34.5468 58.6003 54.5713 33.0461 48.3839 0.0 32.9222 82.3399 63.8098 3.16228 5.0 27.3971 9.43398 72.6117 43.9318 31.7648 30.4631 54.5018 47.5184 67.3573 65.0844 58.4624 51.0 29.9666 65.3712 48.0521 66.3099 77.0838 37.5766 40.2244 53.7587 61.9839 64.1112 36.1053 38.5852 44.0114 22.8254 52.1463 52.2015 55.7026 58.8218 63.0731 23.4094 27.7308 24.1661 59.192 52.8394 53.3792 58.5038 55.0818 
49.566 90.2953 83.7333 66.9864 79.6852 32.9222 0.0 86.9848 75.2276 31.9061 30.0167 62.8827 42.0757 40.5216 38.4264 64.3506 62.1526 21.8403 85.5325 38.0132 83.8189 25.6125 54.346 22.7073 72.0652 79.1873 60.409 88.5017 69.3615 13.3417 41.6512 53.3104 68.8814 50.4469 68.1748 30.7557 15.0 62.3992 84.7714 68.584 90.1035 66.4634 20.1472 38.3275 38.4163 62.0 84.902 26.2315 28.0713 37.9031 
54.2828 88.0057 40.025 62.7355 78.2304 82.3399 86.9848 0.0 27.8927 84.7391 85.0829 64.529 82.1301 83.0241 47.4236 98.3451 79.0238 79.6241 70.1783 73.0068 32.0 89.627 33.2866 74.8792 17.0294 73.171 26.0768 23.0868 81.0247 95.3879 44.1475 33.2415 18.6011 49.8216 55.2757 54.4243 91.4157 30.6105 94.5304 31.9318 81.0987 20.5913 76.0646 107.49 58.6941 25.0599 89.202 82.7533 74.5453 49.6488 
35.3803 61.5224 12.1655 35.1885 51.0098 63.8098 75.2276 27.8927 0.0 66.2089 66.5527 43.5271 63.2276 81.4418 37.088 71.3264 51.1336 72.314 43.0465 71.7552 8.60233 82.1526 22.919 63.122 14.5602 46.0435 31.4006 14.8661 53.1507 85.4912 39.8457 34.7131 17.8885 30.9191 27.9902 45.1502 73.0872 12.831 67.0671 10.93 55.109 20.2485 64.4819 88.9992 40.3972 21.2132 62.0081 70.9961 69.6197 46.1422 
36.9459 60.9262 57.439 35.9139 50.9608 3.16228 31.9061 84.7391 66.2089 0.0 2.23607 30.2648 11.7047 72.1137 45.607 32.45 32.8938 53.49 50.3587 67.45 67.9522 57.4282 53.3385 29.7321 67.7703 50.8035 68.4471 79.4829 39.9249 38.4187 55.3173 63.9062 66.5103 38.5044 41.453 45.1993 20.8087 54.4776 54.0833 58.1017 61.4003 65.4722 23.5372 24.5967 26.4197 61.5873 55.0091 53.45 58.5745 56.3274 
37.2897 63.1585 59.523 37.9979 53.1601 5.0 30.0167 85.0829 66.5527 2.23607 0.0 32.3488 13.9284 70.2228 45.2217 34.4093 35.1141 51.5991 52.469 66.0 70.0361 55.4707 53.535 28.1603 68.1142 52.9528 68.4251 79.8267 42.1545 36.2353 54.8219 63.6946 66.8431 38.8482 43.5369 44.5345 18.6011 54.8214 56.3028 58.4455 63.6003 65.8027 22.2036 23.3238 26.6271 61.8547 57.2451 52.0 57.1245 55.6742 
15.8114 39.6232 27.2913 6.0 27.5862 27.3971 62.8827 64.529 43.5271 30.2648 32.3488 0.0 20.1246 83.7799 42.5441 33.8378 16.1245 69.9897 23.7065 76.217 37.8045 79.3217 41.0488 55.7597 48.3839 25.2389 57.0 50.007 21.5407 66.7097 51.8652 55.4437 49.2443 19.2354 11.4018 47.1699 49.7714 35.6931 38.4838 32.6956 37.2022 49.6524 48.698 53.5591 24.8035 47.206 36.0555 78.1367 69.8198 55.9464 
27.8473 49.2443 47.2228 25.632 39.2938 9.43398 42.0757 82.1301 63.2276 11.7047 13.9284 20.1246 0.0 80.3224 48.0104 24.0416 21.1896 63.9824 39.0512 74.8754 57.7359 67.616 53.5077 38.2753 65.1016 39.3192 68.7314 69.9384 28.2312 49.6488 58.0086 64.951 64.5063 32.313 31.3847 49.4975 32.249 51.5641 42.8019 51.3317 49.7293 64.2368 31.3847 33.7343 27.074 60.9732 43.4166 61.0899 66.2144 60.208 
69.4262 123.346 97.9324 87.7423 111.226 72.6117 40.5216 83.0241 81.4418 72.1137 70.2228 83.7799 80.3224 0.0 45.6508 104.158 98.7848 18.6815 106.285 10.0499 90.0331 19.6469 58.5235 43.2708 73.5459 108.243 57.1402 93.145 104.885 42.0476 41.7612 50.3587 69.2315 68.4105 88.9184 38.2753 55.109 69.0797 121.642 76.5572 120.267 66.0984 49.2061 77.2334 59.7774 62.5859 119.798 41.2324 14.2127 35.4401 
26.8328 81.2726 52.2817 45.5418 69.0812 43.9318 38.4264 47.4236 37.088 45.607 45.2217 42.5441 48.0104 45.6508 0.0 71.2724 58.1893 35.2278 64.0833 36.6197 45.6792 45.0999 15.1327 27.4592 32.7567 66.057 24.7588 50.04 64.0781 48.6899 10.0 18.868 29.4109 24.4131 46.717 8.06226 44.5445 24.3311 81.0247 31.3209 78.094 26.9258 28.6446 66.642 21.0238 22.4722 78.2943 35.3333 32.8938 13.4164 
47.3814 38.1182 59.2262 36.2353 33.6155 31.7648 64.3506 98.3451 71.3264 32.45 34.4093 33.8378 24.0416 104.158 71.2724 0.0 20.6155 85.9388 38.2753 98.7927 69.6419 89.8721 73.5527 61.7171 82.2192 36.7151 89.6772 81.8352 22.4722 70.0357 81.2347 87.0919 83.0448 51.6236 43.8292 73.3485 52.4023 69.4914 27.1662 66.4831 42.2019 83.3587 55.0364 43.0813 50.2557 80.4114 31.0644 84.9256 90.0502 83.863 
31.7805 28.178 39.0334 16.4924 18.2483 30.4631 62.1526 79.0238 51.1336 32.8938 35.1141 16.1245 21.1896 98.7848 58.1893 20.6155 0.0 82.1568 19.6469 90.9901 49.2443 87.6929 57.1402 57.1563 63.3482 19.105 73.029 61.4003 7.2111 70.3278 67.72 71.5681 64.6297 35.3553 24.0416 62.1733 53.2259 51.2445 23.6008 47.2969 28.6356 65.2763 50.109 53.0 39.5766 63.0317 22.8035 79.2643 84.6769 71.5122 
55.6395 109.556 86.5083 74.0934 97.4356 54.5018 21.8403 79.6241 72.314 53.49 51.5991 69.9897 63.9824 18.6815 35.2278 85.9388 82.1568 0.0 92.6395 17.72 80.9053 10.0499 50.04 26.9308 67.0671 94.6098 53.8516 85.2115 89.3656 25.0 35.5106 46.5725 63.1981 54.8726 75.2818 27.1662 36.4966 59.5399 105.014 66.2873 106.65 60.2993 32.8661 59.0085 45.9871 56.1427 104.906 24.8924 8.06226 30.0832 
37.2744 18.9737 31.257 18.6011 8.06226 47.5184 85.5325 70.1783 43.0465 50.3587 52.469 23.7065 39.0512 106.285 64.0833 38.2753 19.6469 92.6395 0.0 98.6125 38.3275 101.971 56.8595 78.4094 57.3149 3.0 71.1688 49.4773 15.8114 86.8335 71.6286 71.6938 59.8712 40.1727 21.6333 69.213 69.8952 48.0868 24.5153 51.6286 14.2127 61.5576 71.3478 72.1734 47.4533 60.4499 19.0263 100.786 92.3245 77.279 
61.5549 115.745 88.8306 80.0562 103.586 67.3573 38.0132 73.0068 71.7552 67.45 66.0 76.217 74.8754 10.0499 36.6197 98.7927 90.9901 17.72 98.6125 0.0 80.3464 23.4307 48.8467 38.0384 63.561 100.586 47.0956 83.2406 97.3225 42.72 31.9531 40.3113 59.2284 60.1415 81.2462 29.7321 53.0094 59.5063 114.315 67.082 112.623 56.0892 43.9659 76.1052 52.2189 52.6308 112.235 36.0 10.0499 25.632 
43.9716 56.0089 11.4018 33.6006 46.3897 65.0844 83.8189 32.0 8.60233 67.9522 70.0361 37.8045 57.7359 90.0331 45.6792 69.6419 49.2443 80.9053 38.3275 80.3464 0.0 90.7439 31.5102 71.7132 21.9545 41.3038 39.6989 12.2066 50.3289 94.0824 48.4369 43.2782 25.807 39.5104 26.4031 53.7414 81.6784 21.4222 62.8013 19.5212 49.163 28.4253 73.0732 91.2464 48.9885 29.7321 57.3149 79.5873 78.2109 54.7335 
64.9715 115.836 100.172 83.4254 106.768 58.4624 25.6125 89.627 82.1526 57.4282 55.4707 79.3217 67.616 19.6469 45.0999 89.8721 87.6929 10.0499 101.971 23.4307 90.7439 0.0 60.0083 48.2475 77.1038 103.942 63.7887 95.1315 94.9017 23.1948 45.5412 56.5155 73.2462 64.2046 84.6138 37.054 38.4838 69.3542 110.312 75.9539 115.982 70.3491 45.6874 59.0339 55.3191 66.1891 110.442 33.8035 16.1245 40.025 
26.1725 75.7694 32.3851 41.7972 63.9062 51.0 54.346 33.2866 22.919 53.3385 53.535 41.0488 53.5077 58.5235 15.1327 73.5527 57.1402 50.04 56.8595 48.8467 31.5102 60.0083 0.0 42.2403 17.72 59.6154 16.1245 35.2278 61.8668 64.6096 17.0 14.8661 14.7648 22.0227 35.7351 23.0217 59.3256 10.8167 78.1036 18.6011 70.6612 12.8062 43.4258 75.2082 26.9258 8.48528 74.3303 50.1145 46.8722 23.2594 
42.443 85.299 76.6102 59.8634 74.6889 29.9666 22.7073 74.8792 63.122 29.7321 28.1603 55.7597 38.2753 43.2708 27.4592 61.7171 57.1563 26.9308 78.4094 38.0384 71.7132 48.2475 42.2403 0.0 59.9595 80.3798 51.7397 76.396 64.3652 31.2938 34.0588 45.2548 56.7757 43.3238 61.0518 22.0227 18.8556 50.2935 80.0137 56.4783 92.4204 54.3577 7.07107 41.1286 31.2933 49.8943 79.9057 24.0384 29.1629 32.249 
37.2543 75.9539 26.0768 46.8722 65.192 65.3712 72.0652 17.0294 14.5602 67.7703 68.1142 48.3839 65.1016 73.5459 32.7567 82.2192 63.3482 67.0671 57.3149 63.561 21.9545 77.1038 17.72 59.9595 0.0 60.2993 18.6011 20.1246 66.3702 82.3287 32.1403 23.7697 4.47214 32.793 39.4588 40.4475 74.5527 13.6015 81.0062 16.1245 69.6348 7.61577 61.1449 90.5539 41.7732 11.0454 76.1643 67.8336 63.1269 38.3275 
39.2481 16.1555 34.2345 20.5183 5.09902 48.0521 79.1873 73.171 46.0435 50.8035 52.9528 25.2389 39.3192 108.243 66.057 36.7151 19.105 94.6098 3.0 100.586 41.3038 103.942 59.6154 80.3798 60.2993 0.0 74.0405 52.3927 14.3178 87.3808 74.3309 74.4648 62.8391 42.1464 24.1868 71.1867 70.4425 50.9608 21.587 54.5965 12.0416 64.4323 73.3181 72.0278 49.4236 63.3246 16.0312 102.757 94.283 79.4707 
42.2966 90.1427 41.3739 57.3149 78.5875 66.3099 60.409 26.0768 31.4006 68.4471 68.4251 57.0 68.7314 57.1402 24.7588 89.6772 73.029 53.8516 71.1688 47.0956 39.6989 63.7887 16.1245 51.7397 18.6011 74.0405 0.0 38.5876 77.4145 70.6725 18.7883 7.28011 14.2127 38.1182 50.8035 30.2324 68.8324 23.0868 93.3809 29.9666 84.7575 11.3137 52.9325 89.5869 42.1545 10.7703 89.2693 56.1774 48.5077 23.7697 
48.6543 66.2722 23.3452 45.8039 57.4891 77.0838 88.5017 23.0868 14.8661 79.4829 79.8267 50.007 69.9384 93.145 50.04 81.8352 61.4003 85.2115 49.4773 83.2406 12.2066 95.1315 35.2278 76.396 20.1246 52.3927 38.5876 0.0 62.2415 98.7652 51.4198 43.8634 24.5967 44.1931 38.6056 58.0775 86.3612 26.0768 73.9797 24.204 59.0762 27.7308 77.7559 102.273 53.6713 30.6757 68.2495 84.2701 82.0366 57.7235 
37.3363 21.0238 41.0 20.0998 12.0416 37.5766 69.3615 81.0247 53.1507 39.9249 42.1545 21.5407 28.2312 104.885 64.0781 22.4722 7.2111 89.3656 15.8114 97.3225 50.3289 94.9017 61.8668 64.3652 66.3702 14.3178 77.4145 62.2415 0.0 77.5242 73.3894 76.5975 68.0661 40.5216 27.0185 68.4763 60.3738 55.0091 17.0 50.2494 22.0907 69.0 57.3178 59.1354 45.909 67.1193 15.6205 86.4732 90.9253 77.4726 
58.1526 98.4886 92.3198 72.3588 87.8787 40.2244 13.3417 95.3879 85.4912 38.4187 36.2353 66.7097 49.6488 42.0476 48.6899 70.0357 70.3278 25.0 86.8335 42.72 94.0824 23.1948 64.6096 31.2938 82.3287 87.3808 70.6725 98.7652 77.5242 0.0 51.9148 63.574 79.145 59.0334 76.7614 41.0193 17.6918 72.6627 92.4175 78.8475 98.297 75.2244 28.7337 35.9026 47.0029 70.8493 92.9624 36.4951 32.8938 48.1664 
36.0555 90.4682 58.5977 54.6105 78.1499 53.7587 41.6512 44.1475 39.8457 55.3173 54.8219 51.8652 58.0086 41.7612 10.0 81.2347 67.72 35.5106 71.6286 31.9531 48.4369 45.5412 17.0 34.0588 32.1403 74.3309 18.7883 51.4198 73.3894 51.9148 0.0 11.6619 28.0179 33.1059 50.3166 12.0416 51.3763 27.7849 90.2497 35.5106 85.5758 25.0 35.492 73.4895 31.0161 21.095 87.3641 37.4197 31.0161 6.32456 
40.05 90.6201 44.2971 56.6308 78.7718 61.9839 53.3104 33.2415 34.7131 63.9062 63.6946 55.4437 64.951 50.3587 18.868 87.0919 71.5681 46.5725 71.6938 40.3113 43.2782 56.5155 14.8661 45.2548 23.7697 74.4648 7.28011 43.8634 76.5975 63.574 11.6619 0.0 19.3132 36.2215 50.5964 23.4307 62.3641 24.4131 92.9373 32.0156 85.4283 16.1555 46.4642 84.4617 38.0789 13.6015 89.1852 49.0789 41.3038 16.4924 
36.7025 78.6486 28.6387 48.2597 67.674 64.1112 68.8814 18.6011 17.8885 66.5103 66.8431 49.2443 64.5063 69.2315 29.4109 83.0448 64.6297 63.1981 59.8712 59.2284 25.807 73.2462 14.7648 56.7757 4.47214 62.8391 14.2127 24.5967 68.0661 79.145 28.0179 19.3132 0.0 32.2412 41.0488 36.8782 72.9755 13.6015 83.1505 18.1108 72.5328 3.16228 57.9612 89.1067 40.3609 7.07107 78.5581 64.6499 59.0339 34.1321 
4.47214 57.3621 42.4608 21.6313 45.1707 36.1053 50.4469 49.8216 30.9191 38.5044 38.8482 19.2354 32.313 68.4105 24.4131 51.6236 35.3553 54.8726 40.1727 60.1415 39.5104 64.2046 22.0227 43.3238 32.793 42.1464 38.1182 44.1931 40.5216 59.0334 33.1059 36.2215 32.2412 0.0 22.8064 30.4138 45.5451 19.2556 57.2802 22.8119 54.1834 31.9531 36.2622 61.2947 13.0384 28.8617 54.3848 52.4549 54.6443 37.7359 
19.9081 40.2492 15.89 7.61577 28.2312 38.5852 68.1748 55.2757 27.9902 41.453 43.5369 11.4018 31.3847 88.9184 46.717 43.8292 24.0416 75.2818 21.6333 81.2462 26.4031 84.6138 35.7351 61.0518 39.4588 24.1868 50.8035 38.6056 27.0185 76.7614 50.3166 50.5964 41.0488 22.8064 0.0 51.8467 61.3871 28.0713 42.5793 23.3452 35.805 42.0119 53.9901 64.7472 30.0956 40.3113 38.6005 83.4289 74.9583 55.967 
32.0156 86.4002 59.9216 50.6715 74.2024 44.0114 30.7557 54.4243 45.1502 45.1993 44.5345 47.1699 49.4975 38.2753 8.06226 73.3485 62.1733 27.1662 69.213 29.7321 53.7414 37.054 23.0217 22.0227 40.4475 71.1867 30.2324 58.0775 68.4763 41.0193 12.0416 23.4307 36.8782 30.4138 51.8467 0.0 39.575 32.3883 85.4751 39.2938 83.2237 34.2053 23.7697 61.7414 23.7697 29.8329 83.2166 26.5242 25.0799 11.1803 
43.9866 81.3941 76.9456 55.4204 70.9366 22.8254 15.0 91.4157 73.0872 20.8087 18.6011 49.7714 32.249 55.109 44.5445 52.4023 53.2259 36.4966 69.8952 53.0094 81.6784 38.4838 59.3256 18.8556 74.5527 70.4425 68.8324 86.3612 60.3738 17.6918 51.3763 62.3641 72.9755 45.5451 61.3871 39.575 0.0 61.4373 74.8866 65.1148 81.3449 71.443 16.2955 23.5372 32.8369 66.9796 75.6637 40.6142 43.0465 50.3543 
23.7168 67.0595 22.2971 35.0143 55.5428 52.1463 62.3992 30.6105 12.831 54.4776 54.8214 35.6931 51.5641 69.0797 24.3311 69.4914 51.2445 59.5399 48.0868 59.5063 21.4222 69.3542 10.8167 50.2935 13.6015 50.9608 23.0868 26.0768 55.0091 72.6627 27.7849 24.4131 13.6015 19.2556 28.0713 32.3883 61.4373 0.0 70.5762 7.81025 61.6742 14.0357 52.832 77.2679 28.6007 12.3693 66.2873 58.1676 57.0088 34.0 
54.231 12.53 55.0091 36.4005 16.4924 52.2015 84.7714 94.5304 67.0671 54.0833 56.3028 38.4838 42.8019 121.642 81.0247 27.1662 23.6008 105.014 24.5153 114.315 62.8013 110.312 78.1036 80.0137 81.0062 21.587 93.3809 73.9797 17.0 92.4175 90.2497 92.9373 83.1505 57.2802 42.5793 85.4751 74.8866 70.5762 0.0 65.0692 19.105 84.3801 72.9663 69.6419 62.9016 82.8734 6.40312 102.122 107.534 94.4299 
27.2731 70.406 20.3961 30.8058 59.4313 55.7026 68.584 31.9318 10.93 58.1017 58.4455 32.6956 51.3317 76.5572 31.3209 66.4831 47.2969 66.2873 51.6286 67.082 19.5212 75.9539 18.6011 56.4783 16.1245 54.5965 29.9666 24.204 50.2494 78.8475 35.5106 32.0156 18.1108 22.8119 23.3452 39.2938 65.1148 7.81025 65.0692 0.0 64.3021 19.6469 56.5096 80.892 32.2901 19.2354 60.463 64.3524 64.195 41.6773 
51.2851 7.61577 43.9659 32.5576 10.4403 58.8218 90.1035 81.0987 55.109 61.4003 63.6003 37.2022 49.7293 120.267 78.094 42.2019 28.6356 106.65 14.2127 112.623 49.163 115.982 70.6612 92.4204 69.6348 12.0416 84.7575 59.0762 22.0907 98.297 85.5758 85.4283 72.5328 54.1834 35.805 83.2237 81.3449 61.6742 19.105 64.3021 0.0 74.4346 78.0598 81.2219 61.4643 74.0373 12.8062 114.797 106.307 91.2262 
36.4005 80.5385 30.5286 49.0408 69.0649 63.0731 66.4634 20.5913 20.2485 65.4722 65.8027 49.6524 64.2368 66.0984 26.9258 83.3587 65.2763 60.2993 61.5576 56.0892 28.4253 70.3491 12.8062 54.3577 7.61577 64.4323 11.3137 27.7308 69.0 75.2244 25.0 16.1555 3.16228 31.9531 42.0119 34.2053 71.443 14.0357 84.3801 19.6469 74.4346 0.0 55.5431 87.7859 39.2046 4.47214 79.9062 62.2318 56.0089 31.0644 
35.3813 78.2516 69.5486 52.8017 67.6415 23.4094 20.1472 76.0646 64.4819 23.5372 22.2036 48.698 31.3847 49.2061 28.6446 55.0364 50.109 32.8661 71.3478 43.9659 73.0732 45.6874 43.4258 7.07107 61.1449 73.3181 52.9325 77.7559 57.3178 28.7337 35.492 46.4642 57.9612 36.2622 53.9901 23.7697 16.2955 52.832 72.9663 56.5096 78.0598 55.5431 0.0 38.0132 24.2316 51.0797 72.8583 29.9737 35.0982 34.7851 
59.7362 79.0759 80.7333 59.2081 71.0634 27.7308 38.3275 107.49 88.9992 24.5967 23.3238 53.5591 33.7343 77.2334 66.642 43.0813 53.0 59.0085 72.1734 76.1052 91.2464 59.0339 75.2082 41.1286 90.5539 72.0278 89.5869 102.273 59.1354 35.9026 73.4895 84.4617 89.1067 61.2947 64.7472 61.7414 23.5372 77.2679 69.6419 80.892 81.2219 87.7859 38.0132 0.0 48.7955 83.6537 72.3671 64.1507 66.0681 72.6154 
11.4868 64.3699 45.6541 28.9072 52.2494 24.1661 38.4163 58.6941 40.3972 26.4197 26.6271 24.8035 27.074 59.7774 21.0238 50.2557 39.5766 45.9871 47.4533 52.2189 48.9885 55.3191 26.9258 31.2933 41.7732 49.4236 42.1545 53.6713 45.909 47.0029 31.0161 38.0789 40.3609 13.0384 30.0956 23.7697 32.8369 28.6007 62.9016 32.2901 61.4643 39.2046 24.2316 48.7955 0.0 35.2278 60.8218 53.6704 45.8172 33.7343 
33.2415 79.4226 30.9176 47.0425 67.9117 59.192 62.0 25.0599 21.2132 61.5873 61.8547 47.206 60.9732 62.5859 22.4722 80.4114 63.0317 56.1427 60.4499 52.6308 29.7321 66.1891 8.48528 49.8943 11.0454 63.3246 10.7703 30.6757 67.1193 70.8493 21.095 13.6015 7.07107 28.8617 40.3113 29.8329 66.9796 12.3693 82.8734 19.2354 74.0373 4.47214 51.0797 83.6537 35.2278 0.0 78.6448 57.7684 52.0865 27.2947 
51.4782 7.07107 50.0899 33.1059 11.0 52.8394 84.902 89.202 62.0081 55.0091 57.2451 36.0555 43.4166 119.798 78.2943 31.0644 22.8035 104.906 19.0263 112.235 57.3149 110.442 74.3303 79.9057 76.1643 16.0312 89.2693 68.2495 15.6205 92.9624 87.3641 89.1852 78.5581 54.3848 38.6005 83.2166 75.6637 66.2873 6.40312 60.463 12.8062 79.9062 72.8583 72.3671 60.8218 78.6448 0.0 102.014 105.838 91.7061 
64.8201 107.407 98.9873 82.2405 96.7969 53.3792 26.2315 82.7533 70.9961 53.45 52.0 78.1367 61.0899 41.2324 35.3333 84.9256 79.2643 24.8924 100.786 36.0 79.5873 33.8035 50.1145 24.0384 67.8336 102.757 56.1774 84.2701 86.4732 36.4951 37.4197 49.0789 64.6499 52.4549 83.4289 26.5242 40.6142 58.1676 102.122 64.3524 114.797 62.2318 29.9737 64.1507 53.6704 57.7684 102.014 0.0 27.1245 33.6716 
55.4696 109.386 85.0008 73.7822 97.2657 58.5038 28.0713 74.5453 69.6197 58.5745 57.1245 69.8198 66.2144 14.2127 32.8938 90.0502 84.6769 8.06226 92.3245 10.0499 78.2109 16.1245 46.8722 29.1629 63.1269 94.283 48.5077 82.0366 90.9253 32.8938 31.0161 41.3038 59.0339 54.6443 74.9583 25.0799 43.0465 57.0088 107.534 64.195 106.307 56.0089 35.0982 66.0681 45.8172 52.0865 105.838 27.1245 0.0 25.02 
40.2492 94.6864 64.2481 58.9556 82.4949 55.0818 37.9031 49.6488 46.1422 56.3274 55.6742 55.9464 60.208 35.4401 13.4164 83.863 71.5122 30.0832 77.279 25.632 54.7335 40.025 23.2594 32.249 38.3275 79.4707 23.7697 57.7235 77.4726 48.1664 6.32456 16.4924 34.1321 37.7359 55.967 11.1803 50.3543 34.0 94.4299 41.6773 91.2262 31.0644 34.7851 72.6154 33.7343 27.2947 91.7061 33.6716 25.02 0.0 
DEMAND_SCENARIO_SECTION
0 0 0 0 0 0 0 0 0 0 0 0 0 0 0 0 0 0 0 0 0 0 0 0 0 0 0 0 0 0 0 0 0 0 0 0 0 0 0 0 0 0 0 0 0 0 0 0 0 0 0 0 0 0 0 0 0 0 0 0 0 0 0 0 0 0 0 0 0 0 0 0 0 0 0 0 0 0 0 0 0 0 0 0 0 0 0 0 0 0 0 0 0 0 0 0 0 0 0 0 0 0 0 0 0 0 0 0 0 0 0 0 0 0 0 0 0 0 0 0 0 0 0 0 0 0 0 0 0 0 0 0 0 0 0 0 0 0 0 0 0 0 0 0 0 0 0 0 0 0 0 0 0 0 0 0 0 0 0 0 0 0 0 0 0 0 0 0 0 0 0 0 0 0 0 0 0 0 0 0 0 0 0 0 0 0 0 0 0 0 0 0 0 0 0 0 0 0 0 0 
7 8 3 12 10 3 12 9 12 5 9 11 11 6 7 10 8 9 9 9 6 9 11 10 2 12 14 5 9 14 10 3 4 7 9 5 6 12 10 8 4 12 12 8 8 7 7 9 8 6 10 9 12 11 8 8 9 7 9 10 4 8 9 8 7 9 8 13 5 8 10 3 6 6 9 5 7 6 11 5 8 11 12 11 12 8 4 8 9 10 7 5 7 8 5 10 8 6 9 11 8 5 7 8 8 7 4 9 11 6 7 11 6 4 6 9 7 7 13 5 12 13 7 9 5 7 7 2 8 7 9 10 7 11 6 8 12 11 10 7 7 4 10 8 7 8 8 16 9 7 10 11 8 8 9 6 8 10 7 13 8 7 8 11 8 7 9 7 13 8 1 9 5 4 6 10 7 6 9 8 6 12 8 6 6 9 7 1 5 10 4 7 10 10 8 7 6 11 11 9 
8 6 3 4 11 8 11 3 3 8 7 6 8 5 5 8 5 6 9 5 6 8 9 7 8 8 10 8 7 7 3 7 8 8 7 3 10 3 5 10 5 9 8 9 6 7 9 5 3 9 1 6 7 10 7 6 9 6 9 2 7 8 5 9 6 6 5 5 9 2 5 1 8 5 10 7 3 8 6 9 10 4 9 11 7 10 8 8 9 3 5 10 3 4 5 9 7 9 12 11 6 5 4 6 10 4 7 10 9 4 10 6 6 7 7 8 8 4 6 11 0 7 7 10 5 9 9 6 10 11 10 5 11 12 5 6 10 7 9 7 3 7 9 6 4 6 8 4 7 5 8 3 6 8 7 3 9 4 10 4 4 8 5 8 8 2 4 5 4 7 3 8 10 9 5 4 4 7 8 10 9 3 4 5 10 10 4 6 11 9 4 12 10 8 7 11 8 7 8 6 
1 2 1 1 3 3 1 2 3 1 1 2 1 1 3 2 2 1 1 1 1 2 2 2 3 2 2 2 2 3 2 3 2 2 1 2 3 3 1 1 2 3 2 1 1 1 3 1 3 3 2 2 1 1 2 2 2 2 1 3 1 2 1 2 1 2 2 1 2 2 2 1 2 2 1 3 2 2 2 3 1 2 1 1 1 2 2 2 2 2 2 3 2 2 3 4 3 2 2 2 1 3 1 2 2 2 2 2 2 2 3 2 1 3 2 1 3 2 3 2 2 1 2 1 2 2 3 3 2 3 2 2 2 2 2 2 3 2 2 1 2 2 1 2 2 2 2 2 1 1 0 2 1 1 1 1 3 2 4 2 1 3 2 1 3 3 2 2 2 2 1 3 3 1 2 0 1 2 2 2 1 0 1 1 1 3 1 2 0 2 1 3 3 1 2 2 2 2 1 2 
6 6 4 5 5 7 8 5 6 6 5 6 4 10 6 4 8 8 5 6 5 5 6 4 6 3 10 3 10 4 7 7 4 5 6 7 8 4 5 4 3 6 2 7 8 8 7 6 10 4 6 6 4 4 6 2 5 8 7 7 5 7 5 5 9 3 4 5 6 8 5 8 8 7 9 4 6 6 5 5 7 5 5 3 7 7 1 7 4 6 5 7 6 6 8 10 8 9 7 6 6 5 7 3 4 7 5 6 8 6 4 4 4 6 5 6 5 8 9 6 7 6 7 6 7 6 6 8 9 4 6 11 5 8 3 7 5 7 4 10 7 10 8 8 5 4 3 7 4 4 5 6 6 4 4 7 3 11 5 6 8 6 8 8 2 4 6 2 6 2 6 4 4 5 3 5 3 6 5 3 6 6 4 8 7 5 5 5 4 4 5 10 7 6 8 5 6 8 8 8 
3 4 2 2 2 1 1 3 2 3 1 2 3 2 2 2 1 1 3 2 1 1 2 2 2 2 3 2 1 2 2 2 2 3 2 1 2 0 2 1 3 1 2 2 2 2 2 2 3 2 1 2 3 1 2 1 3 1 2 3 1 2 3 2 3 3 2 2 3 1 1 2 2 2 2 2 2 2 2 2 1 2 1 1 2 2 2 3 2 1 3 1 1 3 1 2 2 2 1 2 2 2 1 2 2 4 2 2 3 2 2 2 2 2 2 1 1 3 2 1 2 2 2 1 1 2 2 3 2 3 2 3 2 2 3 2 1 2 1 1 2 2 1 2 2 2 0 2 3 2 1 3 2 2 2 2 2 3 2 3 2 2 3 2 1 2 2 2 2 2 2 3 2 2 2 2 2 3 2 2 2 2 3 3 0 1 2 2 1 2 2 3 3 1 2 1 2 1 2 2 
6 5 6 7 5 8 5 4 10 6 7 10 6 9 10 8 8 5 9 11 4 9 6 3 5 8 6 7 3 8 10 9 6 10 8 8 9 3 4 11 5 4 6 7 11 3 7 10 8 6 6 7 5 0 6 6 5 5 4 10 7 12 11 7 6 7 5 9 3 8 10 3 9 8 6 5 11 7 7 5 7 8 4 6 9 9 2 5 6 3 5 8 5 4 6 9 5 9 4 5 5 7 9 5 7 7 5 8 6 7 8 9 8 6 7 9 13 6 6 7 10 9 6 6 3 9 7 6 9 5 6 6 8 9 8 6 9 3 3 5 6 7 8 9 8 8 4 10 7 4 4 2 6 4 10 11 8 7 8 5 10 10 7 7 6 7 9 5 2 9 7 10 6 7 10 6 0 3 10 12 5 5 9 10 8 9 9 8 6 8 7 4 9 6 6 8 7 4 8 11 
5 3 5 6 7 6 8 6 7 9 3 6 9 6 5 8 8 5 6 5 3 7 8 8 5 9 5 7 6 3 7 5 7 2 4 4 9 5 5 7 4 3 3 9 8 6 6 7 2 3 7 9 8 5 6 6 7 8 11 4 5 10 6 7 8 8 3 4 6 7 8 5 8 7 5 6 3 4 5 4 5 5 3 6 9 6 9 2 5 6 6 6 7 3 8 8 9 3 5 7 1 6 7 4 5 9 6 2 2 4 6 8 5 5 12 6 8 6 4 3 6 4 8 8 5 4 8 8 7 6 6 6 8 5 5 7 7 7 4 9 10 5 7 7 7 8 5 7 7 7 4 2 8 7 3 7 7 5 8 8 6 6 3 6 4 7 6 4 7 9 8 7 7 9 9 8 2 8 7 5 8 2 7 8 7 9 6 7 7 4 8 5 4 6 3 6 7 8 5 6 
8 5 8 10 10 10 7 5 4 8 4 6 11 7 7 11 7 11 6 5 5 8 8 10 6 6 10 4 6 8 3 8 10 6 6 11 8 4 10 10 4 8 4 6 4 7 7 9 7 10 7 7 7 5 7 7 7 11 6 6 8 8 6 7 7 5 10 7 5 4 7 6 11 9 11 6 10 7 5 10 9 7 5 6 8 10 7 7 8 8 10 8 5 7 2 11 11 5 3 7 9 9 8 10 9 5 8 4 6 9 5 6 3 4 5 8 7 7 7 4 8 10 4 6 6 6 7 9 3 8 4 5 10 11 4 7 9 5 9 7 10 5 6 7 6 9 8 9 6 7 6 7 8 6 5 10 9 7 6 9 11 4 5 8 8 7 4 10 5 5 4 5 9 9 8 9 8 6 7 8 6 7 4 7 7 5 6 11 8 5 9 5 1 13 8 9 8 7 7 8 
7 4 4 9 7 9 10 7 6 7 5 7 5 5 6 5 5 6 6 8 5 3 3 7 5 9 8 6 8 5 7 5 6 8 6 7 5 3 6 7 4 7 5 9 5 8 6 6 7 3 9 8 6 7 6 6 7 6 9 7 9 5 4 1 4 2 6 9 6 7 5 5 7 4 6 6 5 8 7 7 11 7 6 8 6 3 8 9 4 8 6 3 6 8 8 7 7 7 6 3 2 5 6 9 7 2 7 9 6 9 4 6 5 8 5 4 6 6 7 3 8 6 6 7 7 10 5 7 7 6 7 8 9 8 11 7 7 4 7 4 6 3 7 7 10 7 5 6 9 5 3 7 6 8 4 6 6 10 7 8 4 5 9 5 4 4 5 5 6 6 2 7 7 5 1 6 8 8 7 5 9 4 6 2 6 6 6 7 8 7 5 5 6 5 9 7 8 8 5 4 
11 9 7 9 17 6 10 17 10 14 7 7 7 11 13 6 14 12 6 8 7 15 11 13 7 7 7 11 7 8 8 11 10 5 7 7 11 15 12 15 9 12 8 13 15 4 11 5 13 6 8 13 5 6 13 9 9 9 11 10 8 10 6 8 9 14 7 9 14 9 15 14 11 11 7 14 11 10 12 13 8 11 12 13 8 8 0 12 6 9 13 10 12 5 2 6 3 11 8 13 7 4 22 6 7 10 4 12 11 8 11 5 13 10 10 11 7 7 13 14 10 3 10 2 14 4 13 15 9 12 9 7 8 14 7 4 11 12 9 9 10 10 9 11 8 14 9 16 9 12 8 2 13 6 13 15 18 6 12 4 11 14 10 13 10 12 10 18 8 9 11 10 12 8 10 6 6 7 6 13 13 15 9 8 16 11 9 4 11 14 8 12 11 15 9 13 7 14 11 12 
3 2 0 1 2 2 3 2 2 2 2 3 2 2 2 3 3 2 2 2 2 2 2 2 3 1 2 1 2 1 1 2 3 2 2 3 3 3 3 2 2 2 1 1 2 1 2 2 3 3 2 1 2 3 2 2 2 1 2 2 2 1 4 2 2 3 2 3 2 2 2 1 2 2 2 2 2 2 2 2 1 2 1 2 1 1 2 2 1 2 1 2 3 2 2 2 2 1 3 1 2 2 3 3 3 2 3 2 2 2 2 1 2 2 2 1 3 4 2 2 2 2 2 2 2 2 4 2 3 2 2 1 2 3 2 1 1 2 1 2 3 2 0 1 2 2 2 3 1 2 0 2 3 2 2 1 2 2 2 3 2 3 2 2 2 2 2 2 2 1 1 3 2 2 3 3 2 2 2 3 2 3 2 2 1 2 2 2 2 2 2 2 1 1 1 2 2 3 2 1 
1 1 1 1 1 2 1 1 1 0 1 1 1 1 1 1 0 1 1 1 1 1 1 1 1 0 1 1 1 1 1 1 1 2 1 0 1 1 1 1 1 1 1 1 1 1 1 1 1 1 0 1 1 1 1 1 1 1 1 1 1 1 2 2 1 0 1 1 1 0 2 1 1 1 1 1 1 1 1 1 0 2 0 1 1 1 0 1 1 1 1 2 2 1 1 1 1 1 1 1 1 1 1 1 1 1 1 0 1 1 1 0 1 1 1 1 1 1 1 2 2 0 1 1 1 1 1 1 2 1 1 1 1 1 2 1 1 1 1 1 1 1 1 1 2 1 1 1 1 1 1 1 1 1 1 1 1 1 1 1 1 1 1 1 1 1 1 1 0 1 1 1 1 2 1 1 0 1 1 1 0 1 1 1 0 1 1 1 1 1 1 1 1 1 1 1 1 1 1 1 
5 4 5 3 5 4 4 3 6 3 1 3 5 2 4 3 4 0 2 3 6 5 5 3 3 5 5 6 4 4 3 5 5 5 7 4 5 4 6 4 6 4 4 3 5 3 2 4 4 4 5 4 4 6 7 3 6 3 4 3 3 4 4 3 2 6 4 3 2 3 3 4 4 3 3 5 6 5 4 6 3 7 3 4 4 4 5 4 3 5 5 5 6 4 4 7 5 1 5 3 3 1 0 3 6 2 4 4 3 3 4 4 2 0 3 5 2 5 5 4 6 4 5 7 5 4 7 2 3 4 5 5 6 4 5 2 3 2 5 5 4 3 7 5 5 3 3 3 5 5 4 3 3 1 3 5 5 3 3 3 2 3 4 6 2 1 4 5 2 4 4 5 4 2 4 5 5 6 7 4 4 7 4 5 5 5 7 2 3 3 6 3 5 4 5 6 3 3 6 3 
1 5 2 5 2 3 4 7 7 3 4 5 5 3 5 3 5 5 8 4 3 5 7 2 4 4 4 7 5 4 4 4 5 5 4 4 5 3 4 3 6 5 5 6 4 7 5 2 6 3 2 4 3 5 4 5 5 3 4 5 6 3 4 5 2 3 2 3 3 5 6 4 3 4 4 6 2 4 2 3 3 3 4 1 3 3 4 6 3 5 4 5 3 2 5 4 1 3 4 6 5 5 1 3 3 3 5 4 5 5 4 5 4 4 3 4 3 3 6 4 3 5 3 2 2 5 4 6 4 4 3 5 4 6 5 4 2 4 4 4 7 5 5 1 5 4 3 4 2 4 5 6 6 4 4 3 3 7 4 5 5 4 3 4 5 3 5 5 4 6 3 3 4 4 4 4 5 3 4 5 5 3 4 3 3 4 4 6 2 4 3 5 5 5 3 5 4 6 4 3 
7 7 12 11 10 8 7 9 12 5 10 14 8 10 9 10 9 12 14 10 9 11 13 9 15 4 10 5 9 9 12 6 7 9 9 4 12 9 9 11 6 11 3 10 13 15 10 13 13 10 11 9 7 15 11 8 9 11 8 10 9 11 5 9 8 12 8 7 10 9 11 9 10 8 8 10 11 12 19 12 11 7 9 7 7 11 11 10 1 10 10 10 8 9 14 9 5 12 10 11 9 7 8 5 9 3 6 14 10 13 12 9 15 9 14 8 7 6 11 15 12 11 10 12 9 13 7 6 11 5 14 11 9 7 9 14 3 11 13 2 7 4 8 12 7 7 8 5 12 2 6 14 9 7 12 6 13 10 6 9 6 9 9 9 12 6 8 11 12 7 5 12 7 7 13 11 16 11 10 2 10 10 12 10 2 11 11 5 10 8 14 7 10 13 10 11 7 11 7 13 
4 1 6 4 2 5 5 6 4 6 7 3 3 7 4 6 7 4 6 6 5 3 4 5 9 6 4 5 4 4 6 7 5 8 6 2 6 6 5 4 5 4 4 2 3 8 5 7 2 5 5 6 2 5 4 3 5 6 5 6 6 3 4 6 6 6 5 6 6 6 5 5 3 6 8 6 5 6 5 4 7 5 5 5 3 5 6 3 3 5 2 7 7 1 6 4 6 1 4 5 5 5 9 6 5 3 4 6 4 6 3 5 7 4 6 2 7 6 8 9 9 4 4 4 6 9 5 4 5 5 4 2 3 5 5 7 6 4 3 6 4 2 4 5 5 4 4 7 5 4 3 7 3 1 5 7 6 5 3 7 2 5 4 6 5 4 6 5 3 6 7 8 6 3 3 7 2 3 2 7 6 4 4 4 7 4 4 5 3 5 6 3 7 8 10 3 5 3 4 4 
1 1 1 1 1 1 2 1 1 2 1 1 1 1 1 1 1 1 1 2 2 1 1 1 1 1 1 1 1 1 0 1 2 0 1 1 1 1 1 1 1 1 1 1 1 0 1 1 1 1 1 1 1 1 1 1 1 1 1 1 1 1 1 1 1 0 1 1 1 1 1 1 1 1 1 1 1 1 1 1 1 1 1 1 1 1 1 1 1 1 1 1 1 1 1 1 1 1 1 1 2 1 1 1 1 1 1 1 0 1 1 1 1 1 1 1 1 1 1 1 1 2 1 1 1 1 1 1 1 1 0 2 1 1 1 1 2 1 1 0 1 2 1 1 1 1 1 1 1 1 1 1 1 1 1 2 1 1 0 1 1 1 1 0 1 1 1 1 1 1 1 0 1 1 1 1 1 1 1 1 2 1 1 1 1 2 1 1 1 1 1 1 0 1 1 1 1 1 1 1 
3 1 2 4 3 3 3 4 2 3 2 4 2 3 3 4 4 5 3 3 3 2 3 3 1 4 3 4 4 2 3 4 4 4 5 4 5 3 4 4 3 1 3 3 3 3 3 3 4 2 3 4 1 4 2 4 2 2 2 1 2 4 3 2 3 2 3 3 3 2 6 3 3 3 3 5 2 3 3 2 4 3 2 5 4 3 3 4 4 3 3 3 5 4 4 4 3 4 2 4 2 4 3 1 1 3 4 2 3 2 3 3 4 4 2 4 3 3 4 4 2 3 3 3 4 2 3 2 2 2 3 3 3 3 2 4 4 3 2 3 3 2 2 1 4 3 2 0 3 3 4 3 5 5 3 3 2 3 3 3 3 2 3 4 3 2 4 1 4 3 3 3 4 3 2 4 4 3 2 2 4 2 4 3 3 4 4 3 2 2 2 4 2 2 4 3 4 1 4 3 
9 4 8 11 7 7 4 5 5 9 11 10 5 2 16 13 10 2 15 10 13 4 12 8 10 6 13 4 8 11 9 10 14 6 10 5 9 9 7 10 16 8 5 9 9 10 13 15 8 16 9 8 10 10 12 7 10 9 7 6 11 10 13 7 5 8 9 9 16 8 8 8 5 5 6 9 11 7 12 10 13 8 11 9 9 7 6 14 9 7 9 10 11 15 6 9 11 7 12 11 12 16 6 12 8 12 19 9 14 4 9 11 13 7 4 14 5 6 11 6 7 16 9 9 17 10 9 5 4 10 10 11 11 8 5 5 11 6 9 9 8 10 7 5 8 9 12 8 12 4 12 13 9 5 12 8 9 4 9 13 6 12 14 14 7 14 9 12 11 4 8 10 8 8 7 9 12 9 11 11 10 7 9 8 12 12 12 10 7 8 10 10 13 8 9 9 9 11 9 9 
5 5 9 9 6 5 6 3 6 5 5 7 7 7 7 7 6 1 5 7 3 5 6 6 3 7 8 7 7 4 5 8 8 5 6 7 3 7 7 4 10 3 4 7 9 3 4 6 5 5 5 5 6 10 5 4 9 4 6 0 8 7 6 4 7 10 6 6 4 6 5 6 10 6 8 11 8 5 5 8 8 8 6 4 6 4 6 7 9 4 7 7 4 5 5 10 8 3 8 8 4 7 6 5 4 4 9 4 8 8 3 10 1 12 3 6 9 6 9 6 7 7 5 10 8 1 3 5 4 5 8 6 5 6 6 7 3 9 4 8 8 6 8 1 6 4 9 4 9 5 9 8 6 7 9 7 6 7 7 7 6 5 9 10 7 6 5 9 10 6 7 9 2 4 8 7 7 4 5 5 7 7 5 6 5 10 1 4 6 10 1 8 3 7 6 7 10 5 1 6 
6 11 10 8 7 11 13 9 6 8 8 10 10 5 6 9 12 11 6 8 14 8 11 10 6 6 9 11 6 6 9 4 7 10 6 3 12 9 11 12 9 6 13 6 9 12 5 7 6 6 8 12 5 13 11 6 11 14 3 14 12 7 9 14 12 12 11 7 7 8 11 7 7 14 9 10 13 9 12 6 8 6 4 6 4 11 7 6 8 10 13 10 14 14 7 7 7 12 10 11 10 14 12 10 10 10 13 8 14 8 9 8 11 8 9 8 9 0 4 1 9 10 10 7 9 13 5 14 3 9 7 11 5 12 11 8 8 9 6 6 13 12 12 8 8 9 2 10 6 8 15 15 7 11 8 9 10 7 4 11 10 6 11 8 11 9 6 5 9 10 8 12 10 12 9 11 6 9 12 12 10 14 10 9 13 8 11 10 12 13 11 4 10 8 6 7 12 12 13 10 
3 3 2 2 4 3 4 3 4 5 3 3 4 2 3 3 4 4 3 3 3 3 6 3 2 4 4 3 3 3 3 4 3 4 4 2 3 4 5 3 3 2 2 3 4 4 2 4 1 3 3 2 3 1 3 3 4 5 2 2 3 2 2 5 2 3 4 2 1 3 2 2 4 3 4 3 4 2 2 2 1 3 3 4 2 1 3 3 4 3 4 3 4 3 4 2 5 3 3 2 2 1 1 3 3 3 2 3 3 3 2 3 3 2 2 3 4 2 3 2 4 2 2 2 4 1 4 1 3 3 4 3 0 2 2 5 2 2 4 2 2 1 4 3 2 3 1 3 3 3 3 2 2 1 1 3 2 3 3 3 3 2 2 1 4 3 5 4 4 3 4 4 2 4 3 2 3 4 3 3 2 2 3 3 3 3 4 2 2 2 4 3 4 2 3 4 1 4 2 5 
3 1 4 1 2 4 3 5 3 4 4 4 2 3 2 2 3 3 3 2 3 3 3 2 1 4 3 3 3 2 3 4 3 4 1 4 3 4 3 5 4 2 3 3 3 1 4 2 5 2 3 4 2 2 1 4 4 2 3 4 4 3 2 2 4 4 3 4 2 3 3 3 4 4 3 2 4 3 1 3 3 2 2 3 3 2 0 4 1 3 3 3 2 2 3 3 4 3 3 3 5 3 2 4 3 2 2 4 3 0 2 3 3 3 3 4 2 3 4 3 3 3 2 5 4 3 5 2 3 2 4 2 4 2 4 4 2 3 4 2 2 2 2 4 3 3 2 4 3 3 2 4 4 4 4 3 3 3 2 4 4 1 3 3 5 3 3 2 2 5 3 4 5 2 4 2 0 3 1 3 4 2 2 4 3 6 3 5 4 4 5 2 2 4 4 2 3 3 0 5 
0 1 1 1 1 1 1 1 1 0 1 1 2 1 1 1 0 1 1 1 1 1 1 1 1 1 1 1 2 1 0 1 1 1 1 0 1 1 1 1 1 1 1 1 1 1 1 1 1 1 1 1 1 1 1 1 1 1 1 1 0 1 1 1 1 1 0 1 1 1 1 1 0 0 1 1 1 1 1 1 1 1 1 1 1 1 1 1 2 0 1 1 1 1 1 1 1 1 1 1 1 1 1 0 0 1 1 1 1 1 1 1 1 1 1 1 1 1 1 1 1 1 1 1 1 0 1 1 1 1 1 1 1 2 1 1 1 1 1 1 1 1 1 0 1 1 1 0 1 0 1 1 1 1 1 1 0 1 1 1 1 1 2 1 1 1 1 1 1 1 2 1 1 1 1 1 1 1 0 1 1 0 1 1 1 1 1 0 1 1 0 1 1 1 1 1 0 1 1 1 
4 5 3 4 6 5 6 6 3 7 4 6 5 3 3 4 5 2 7 8 5 5 4 4 6 6 7 5 3 9 5 4 5 4 3 8 7 3 6 5 8 6 6 5 5 7 3 4 4 5 4 3 7 4 5 6 5 7 4 2 6 5 3 5 5 8 5 5 6 5 6 5 4 5 5 6 4 6 5 5 5 5 4 6 5 2 6 6 7 3 6 5 8 3 5 6 4 5 2 3 6 4 5 6 5 5 3 2 5 6 4 4 6 5 9 7 10 5 4 5 4 6 4 4 2 3 6 5 5 7 5 7 5 2 7 7 5 4 4 5 8 5 5 6 7 7 4 8 4 4 8 7 4 5 6 5 5 5 3 5 3 6 5 5 5 3 4 1 6 6 2 6 6 4 5 3 4 4 6 2 7 2 5 4 8 7 4 9 4 6 4 4 7 2 8 6 7 3 5 6 
8 12 6 12 13 6 10 6 12 10 4 16 11 7 8 10 12 10 12 11 10 8 17 6 6 13 11 10 9 9 11 9 15 10 10 10 9 12 11 16 8 10 8 8 8 9 10 13 11 12 6 9 12 11 13 12 3 15 9 13 10 14 13 7 13 6 12 7 12 13 12 5 11 17 15 8 12 2 9 12 8 8 8 18 8 11 8 4 18 7 10 11 8 3 9 12 14 13 12 14 14 12 8 14 8 12 13 8 10 8 9 8 8 5 13 16 9 9 8 10 15 5 9 8 8 14 4 11 8 11 9 11 4 13 11 9 15 9 7 7 6 13 11 8 9 11 6 10 6 8 8 10 3 4 6 9 6 12 10 10 10 14 12 14 9 7 10 20 13 13 13 9 7 8 10 10 6 12 9 4 6 14 13 10 9 9 14 12 11 6 4 13 13 13 13 8 13 9 10 5 
8 9 6 9 5 6 6 7 7 8 8 6 5 6 2 3 10 4 7 5 8 6 7 10 8 6 7 2 5 4 5 7 3 5 7 5 7 9 9 7 5 9 4 7 7 5 6 1 8 9 3 3 4 3 5 3 4 8 5 2 12 9 8 3 9 8 4 9 7 4 7 4 7 5 8 7 4 5 2 9 6 4 9 4 5 6 6 5 6 4 3 7 8 4 5 3 5 5 9 2 6 6 5 5 4 8 8 3 7 6 3 7 5 8 7 4 5 3 8 6 5 5 6 5 6 6 6 6 7 4 6 8 8 5 5 5 8 3 5 4 4 7 3 6 8 5 9 6 8 7 8 9 8 6 9 4 8 6 6 7 7 6 8 7 6 7 5 6 6 8 7 6 6 5 6 2 7 3 5 6 10 6 6 8 6 7 9 7 6 10 9 9 5 7 3 5 7 5 8 6 
8 5 5 5 2 7 6 4 7 5 8 6 5 10 6 5 5 5 9 4 6 6 6 6 7 6 7 4 7 4 4 6 3 4 3 5 8 6 3 7 4 4 3 5 5 3 5 5 4 6 6 6 6 6 5 4 5 4 5 4 5 5 5 4 6 5 4 3 5 4 3 3 8 6 3 5 4 8 7 5 4 4 4 8 4 8 4 5 1 2 5 3 6 7 3 8 6 4 4 3 5 4 6 4 8 4 7 6 4 4 4 2 3 4 5 4 6 6 5 5 8 5 6 7 6 10 7 5 8 6 6 2 6 3 0 7 6 3 4 4 6 6 4 8 6 5 5 4 4 4 3 5 7 7 4 5 5 6 2 4 8 5 8 3 5 10 4 5 6 2 1 6 4 4 7 5 5 5 4 5 4 5 7 4 4 4 3 5 5 3 6 6 4 4 6 6 6 6 6 7 
8 10 9 7 4 9 7 11 12 10 6 9 7 16 9 9 4 9 4 6 3 7 7 6 10 6 10 10 15 6 7 11 8 8 10 11 4 11 9 8 6 11 12 6 8 7 8 8 12 10 9 6 7 7 12 9 16 11 13 7 8 9 4 10 3 13 8 7 9 7 9 7 11 8 3 5 11 12 7 6 9 14 8 6 7 16 15 9 9 6 9 12 14 11 13 3 8 8 5 10 8 12 9 6 11 10 14 6 6 13 8 10 10 9 5 7 5 9 5 8 13 8 4 14 9 8 5 9 11 5 8 14 5 14 12 12 3 8 12 10 6 5 4 11 10 4 13 9 9 12 9 7 11 10 12 6 7 3 9 4 10 9 10 9 7 5 7 12 11 14 8 11 6 13 8 9 2 8 8 11 12 7 12 7 6 7 15 8 11 9 7 10 4 8 9 10 12 15 7 7 
7 9 6 9 6 5 4 10 5 12 6 7 11 6 9 5 8 8 6 5 6 4 10 11 11 7 9 8 7 6 7 10 13 4 15 8 11 15 7 8 7 2 3 7 9 9 12 6 13 9 7 10 6 7 7 5 7 5 5 5 10 5 6 9 10 6 12 9 11 7 8 5 6 4 9 4 13 11 7 10 11 7 3 9 6 8 4 9 9 7 5 11 13 10 8 13 11 3 5 7 9 9 8 8 7 8 7 8 7 9 14 5 9 8 5 7 3 4 12 10 3 8 10 6 4 4 10 9 7 11 11 8 13 7 6 6 8 8 10 5 7 4 5 11 12 6 6 11 7 9 10 11 12 12 8 6 6 7 13 5 8 10 7 5 10 9 5 5 12 11 11 5 12 5 4 12 10 12 8 8 13 8 6 5 7 11 10 5 5 8 7 8 6 9 5 5 9 9 8 8 
3 5 10 4 4 4 5 5 4 4 5 6 3 5 9 5 7 6 5 7 6 5 4 2 4 7 4 3 5 5 5 7 6 5 3 8 3 4 4 7 7 5 6 4 4 5 4 6 4 7 5 5 5 3 6 4 5 4 6 5 4 4 3 6 5 4 9 4 6 5 5 6 7 7 8 4 4 2 5 7 8 5 4 4 7 5 2 4 6 5 5 0 5 8 4 5 5 1 5 7 3 4 5 7 5 3 7 4 3 6 6 4 8 6 6 6 4 5 6 7 5 4 2 2 1 6 6 5 2 4 2 5 4 5 6 5 4 7 6 4 4 6 4 6 3 4 3 6 5 3 3 5 2 5 5 7 7 4 5 3 7 3 7 5 4 6 4 6 4 4 6 6 7 2 6 6 3 5 2 7 4 6 4 2 4 6 5 4 7 7 5 5 4 6 4 6 2 6 5 4 
6 8 8 7 11 5 9 11 11 7 10 7 4 9 13 8 10 4 6 10 4 10 8 6 7 8 11 5 7 5 6 6 5 12 9 7 6 7 10 12 8 8 8 5 4 6 9 7 9 4 4 9 3 8 6 7 4 3 9 11 11 12 4 6 3 8 6 8 5 13 7 6 3 8 9 10 12 4 4 11 3 9 7 10 8 10 5 10 3 7 8 5 3 5 4 7 8 6 7 8 10 7 4 10 7 7 11 8 5 7 6 6 5 3 7 4 8 7 7 6 6 5 3 6 8 6 5 9 7 7 7 9 5 10 7 10 8 8 6 8 5 3 7 7 6 5 7 9 11 8 7 7 8 5 5 12 6 9 7 7 7 7 6 7 5 8 8 9 2 10 11 6 5 6 8 8 8 5 9 8 4 11 8 7 6 2 8 8 1 9 6 7 8 9 9 6 8 5 7 1 
5 10 6 10 5 6 10 12 10 5 7 9 7 11 9 9 6 9 8 10 10 7 8 10 3 4 8 9 10 9 12 12 9 2 9 10 9 8 12 11 13 8 8 10 9 6 10 3 7 9 4 10 9 6 7 11 7 3 7 6 13 11 15 7 10 6 6 4 6 14 12 2 8 15 12 8 8 10 9 5 8 8 7 7 9 5 12 13 8 9 8 10 16 5 5 6 10 4 13 10 7 10 7 7 9 7 11 14 9 9 6 7 13 11 9 4 8 9 11 14 7 6 5 13 7 4 5 8 4 9 10 12 9 7 9 11 10 7 7 6 5 4 7 10 9 9 6 8 14 11 8 4 6 6 9 7 9 5 6 9 8 6 9 9 4 4 13 7 10 16 8 9 8 2 4 8 7 11 9 12 8 11 7 9 9 10 8 10 7 11 6 9 8 9 8 11 6 9 6 5 
9 9 7 6 13 7 8 5 11 6 7 7 11 3 11 9 11 9 7 9 6 7 6 6 10 7 8 10 8 6 10 8 7 10 4 8 6 7 7 6 6 8 8 9 13 11 10 8 6 10 7 5 10 6 11 11 12 11 9 12 8 7 10 2 8 8 9 5 6 14 6 9 9 11 5 10 7 10 8 4 11 7 12 6 15 11 6 7 5 6 7 7 9 8 8 7 8 4 8 10 9 6 8 9 5 11 5 7 9 6 4 14 6 6 8 6 8 9 10 10 8 8 2 4 6 1 10 6 13 9 6 8 10 3 11 11 7 7 8 8 3 9 8 6 8 1 4 9 5 15 9 10 7 11 6 9 6 7 8 6 9 11 7 11 6 9 9 8 5 16 10 13 10 10 6 8 6 8 9 8 7 7 7 6 7 9 5 9 9 10 9 8 8 4 7 11 9 3 10 14 
11 10 6 5 7 4 12 11 4 14 15 7 12 8 7 4 12 9 12 7 5 8 9 2 10 13 7 8 11 9 10 13 11 12 9 6 6 2 5 13 10 9 8 8 13 5 8 2 11 7 5 3 15 14 12 14 8 12 11 10 10 4 13 11 9 6 2 15 9 13 5 7 7 12 6 9 8 13 15 9 8 19 2 13 9 4 8 7 7 3 5 9 7 8 6 9 9 9 13 14 5 9 10 6 8 16 13 7 11 13 13 4 12 10 7 6 8 10 12 9 11 12 6 12 13 4 6 9 6 8 6 7 8 10 11 6 12 6 8 11 5 10 6 11 9 7 16 9 9 9 12 11 11 8 10 9 13 15 10 9 7 13 12 12 7 10 4 9 12 9 4 9 3 6 8 10 12 7 11 12 11 5 12 6 7 8 14 4 13 12 11 9 7 10 11 12 9 7 10 9 
5 2 2 3 5 6 5 4 5 4 5 5 5 4 3 3 4 2 4 4 4 5 7 4 4 3 3 3 6 3 4 5 4 5 7 7 3 4 5 3 2 2 4 4 5 4 6 5 6 3 4 2 2 6 3 5 5 4 2 4 4 4 3 5 5 3 6 6 4 2 3 4 6 3 4 2 4 4 3 5 3 2 4 5 5 4 6 3 5 2 5 4 4 3 3 6 6 5 3 5 2 6 4 6 3 3 3 3 4 5 6 3 4 4 2 2 5 5 5 7 5 9 3 6 5 4 4 4 5 3 4 4 6 6 6 2 5 5 5 5 5 3 5 8 3 4 5 6 5 6 3 3 5 5 4 4 4 3 2 3 5 3 5 5 5 3 5 4 3 3 3 3 2 4 4 3 3 5 4 5 4 5 3 6 4 5 3 5 5 3 5 3 4 3 4 5 5 4 4 4 
3 1 2 1 2 2 4 3 3 2 3 5 3 2 2 2 3 3 2 1 3 1 2 4 3 2 1 2 1 2 2 1 2 1 2 2 2 2 3 1 2 2 2 3 1 1 3 3 2 2 2 2 1 2 1 2 2 3 3 1 2 2 2 2 1 3 3 1 3 1 3 3 2 3 2 2 2 2 3 1 2 3 2 1 2 3 2 2 1 2 1 1 1 0 2 1 1 2 3 2 3 3 1 2 2 1 2 2 2 3 1 2 1 2 1 2 1 3 1 1 3 1 1 1 1 3 3 1 2 2 3 1 2 2 2 2 3 1 3 1 2 3 1 2 2 1 1 2 2 1 1 3 1 1 1 3 2 2 3 2 1 2 2 2 2 2 3 1 2 2 3 1 3 4 2 2 2 2 3 2 2 3 3 3 2 2 3 3 2 3 1 1 2 3 2 2 2 2 2 2 
8 7 9 8 9 7 6 6 6 5 6 9 6 6 5 6 8 4 2 6 7 6 4 6 5 8 6 5 10 5 10 2 5 9 8 9 5 7 6 7 6 5 7 5 8 6 3 8 5 10 5 5 5 8 8 5 6 7 5 9 5 6 5 5 3 3 4 4 6 10 8 8 8 9 5 9 3 8 8 7 6 4 4 5 9 5 9 3 8 7 5 4 8 5 2 7 6 7 7 7 4 7 5 2 7 8 7 10 4 4 2 7 9 5 6 10 7 6 7 3 9 1 8 5 3 4 4 7 5 5 4 5 5 6 8 6 5 7 8 6 6 7 8 4 4 6 6 10 5 6 2 8 6 4 9 5 3 5 6 4 3 6 3 3 5 8 3 7 4 4 1 8 4 8 6 7 7 8 7 6 8 6 5 6 6 5 2 7 2 9 8 1 4 7 7 6 0 5 7 5 
2 3 2 3 3 2 2 1 1 2 2 2 3 1 2 2 2 1 1 3 0 2 3 2 1 3 2 3 3 3 2 2 2 3 2 3 3 2 3 1 2 2 1 2 2 2 1 1 2 2 2 2 2 2 2 2 2 3 2 2 2 2 3 2 1 2 2 2 1 2 3 2 1 3 1 3 2 3 2 2 2 1 2 1 1 2 2 3 2 1 3 2 1 3 2 2 2 2 2 2 1 1 2 2 1 2 2 3 2 3 3 3 2 2 2 3 3 2 2 3 2 2 2 1 2 2 2 2 2 2 2 3 1 2 2 3 1 0 3 2 2 2 1 2 3 2 1 1 3 2 3 2 1 2 2 2 2 3 2 2 2 2 1 2 2 3 2 2 1 2 2 2 2 1 3 1 2 3 4 2 2 2 2 2 2 2 2 4 2 2 2 2 1 1 3 3 2 2 2 2 
4 6 3 4 4 4 6 7 4 3 5 4 3 5 1 6 5 5 5 4 4 5 3 3 2 4 5 5 3 3 4 4 3 4 4 2 3 3 3 5 4 4 2 2 4 3 2 3 5 6 2 2 5 3 3 6 5 2 4 4 3 5 6 2 6 6 5 3 4 4 4 3 3 4 3 3 5 8 5 6 5 4 3 6 4 3 7 2 2 4 5 6 2 2 4 3 3 5 3 7 4 4 5 5 2 3 2 7 5 4 6 5 4 6 5 4 4 7 4 4 5 3 4 4 4 5 4 4 3 2 4 4 3 3 5 3 5 6 5 5 5 4 4 6 2 5 3 4 3 5 5 2 4 3 3 6 5 1 2 4 3 3 3 3 4 4 6 3 5 7 7 3 3 8 1 3 3 6 5 5 3 3 4 3 8 5 6 5 3 4 4 4 3 2 3 3 5 5 4 3 
7 4 6 4 4 3 4 6 6 6 6 5 7 6 6 6 3 3 4 4 4 7 6 6 5 3 6 5 1 7 5 3 7 4 5 4 6 6 3 6 6 2 3 6 7 5 6 5 4 7 3 6 6 5 6 4 4 5 4 6 6 5 6 3 4 6 6 7 9 3 7 5 6 6 2 5 9 3 7 2 4 4 3 4 7 6 4 6 4 6 6 3 4 5 4 8 5 3 3 5 1 3 7 6 6 5 7 2 4 8 2 5 5 6 6 6 3 6 5 3 3 8 6 5 3 3 3 6 3 5 4 4 3 5 5 5 4 4 7 3 8 4 3 5 7 6 5 7 3 4 5 6 6 4 5 6 7 3 3 3 7 6 9 5 5 6 4 4 4 5 5 5 4 6 4 4 5 5 6 3 4 8 5 4 7 4 7 3 6 4 3 6 7 5 4 5 6 5 9 3 
3 4 5 3 2 4 5 2 2 5 2 5 5 5 4 5 3 0 4 6 4 4 2 4 4 4 3 4 4 4 2 2 5 4 5 6 4 4 4 4 4 4 3 4 7 3 5 3 2 3 2 5 5 7 4 4 5 0 4 2 3 3 5 4 2 5 1 3 3 3 3 2 4 3 4 7 5 7 4 4 5 2 5 5 6 3 3 3 3 2 6 3 6 4 5 5 5 6 2 4 7 4 6 4 1 5 4 7 3 3 3 2 4 6 4 2 5 7 3 5 4 4 3 2 5 3 6 2 3 7 5 4 4 4 3 4 3 4 4 4 5 7 5 2 4 6 3 3 4 3 2 4 5 4 4 4 3 7 5 5 8 5 4 4 4 5 7 4 3 6 6 3 5 3 5 4 5 2 4 4 4 5 3 7 1 2 4 2 4 5 3 3 4 5 5 3 2 3 2 3 
