NAME  : Jabali_50_4_0.82_1_3
TYPE : SVRP
MODEL : FINITE_SUPPORT
NUMBER_OF_SCENARIOS : 200
DIMENSION : 50
EDGE_WEIGHT_TYPE : MATRIX
CAPACITY : 84
N_VEHICLES : 4
NODE_COORD_SECTION
1 4072 4613
2 4626 2111
3 1906 103
4 5190 6918
5 3450 8162
6 3591 7768
7 1330 1618
8 5682 8648
9 5205 3553
10 5262 6724
11 2048 3627
12 134 7038
13 5858 5463
14 1224 4786
15 465 7021
16 1199 7518
17 2604 2633
18 2007 6849
19 1571 18
20 7750 3951
21 1721 6803
22 2278 1141
23 35 4966
24 7111 5771
25 3239 709
26 5402 2178
27 2822 8050
28 3989 6163
29 316 5607
30 7381 2993
31 3196 5553
32 5453 6650
33 4665 3197
34 4241 7005
35 5943 3987
36 261 6925
37 27 3970
38 6221 6222
39 3759 5765
40 3091 6339
41 2388 1338
42 2468 5833
43 2060 2602
44 4755 3821
45 3735 4556
46 1771 3870
47 1037 3692
48 3892 2463
49 5072 4744
50 1529 4328
DEMAND_SECTION
1 0.0
2 7.0
3 4.0
4 6.0
5 6.0
6 4.0
7 4.0
8 7.0
9 1.0
10 10.0
11 5.0
12 8.0
13 4.0
14 3.0
15 4.0
16 3.0
17 4.0
18 3.0
19 7.0
20 1.0
21 8.0
22 4.0
23 5.0
24 9.0
25 10.0
26 8.0
27 2.0
28 2.0
29 8.0
30 8.0
31 7.0
32 3.0
33 9.0
34 9.0
35 5.0
36 5.0
37 10.0
38 3.0
39 6.0
40 5.0
41 8.0
42 3.0
43 7.0
44 5.0
45 3.0
46 8.0
47 8.0
48 6.0
49 6.0
50 7.0
DEVIATION_SECTION
1 0.0
2 2.33333
3 1.33333
4 2.0
5 2.0
6 1.33333
7 1.33333
8 2.33333
9 0.333333
10 3.33333
11 1.66667
12 2.66667
13 1.33333
14 1.0
15 1.33333
16 1.0
17 1.33333
18 1.0
19 2.33333
20 0.333333
21 2.66667
22 1.33333
23 1.66667
24 3.0
25 3.33333
26 2.66667
27 0.666667
28 0.666667
29 2.66667
30 2.66667
31 2.33333
32 1.0
33 3.0
34 3.0
35 1.66667
36 1.66667
37 3.33333
38 1.0
39 2.0
40 1.66667
41 2.66667
42 1.0
43 2.33333
44 1.66667
45 1.0
46 2.66667
47 2.66667
48 2.0
49 2.0
50 2.33333
DISTANCE_MATRIX
0.0 33.5967 76.1822 40.3461 48.6621 43.7379 59.7842 64.2859 20.5967 35.9898 31.5764 63.4114 29.7869 39.3954 60.0 56.3649 40.306 42.5441 78.8651 59.1579 44.7214 61.4969 55.4617 46.3251 56.4244 38.0132 50.0 20.8953 53.8238 61.5848 18.3848 34.0132 21.3776 32.4123 37.3151 62.0081 55.109 36.7138 17.0294 27.4591 59.6673 28.3019 41.8112 14.0357 4.12311 33.1803 42.3528 31.6678 20.2878 35.171 
33.5967 0.0 57.7545 73.6022 81.5328 76.72 48.774 89.6097 24.1327 61.3137 39.8537 86.2528 48.9303 54.487 83.3303 83.1485 32.4503 70.2944 58.7393 58.366 71.6498 42.2415 69.6233 63.2428 40.8277 27.868 81.8354 54.31 71.434 52.0813 48.2046 59.3371 16.0711 65.8595 35.3059 84.9605 65.6463 60.1146 49.8044 58.366 40.0161 55.1736 38.1578 23.4222 33.0416 42.7026 52.6185 16.0711 35.3594 47.7198 
76.1822 57.7545 0.0 108.85 110.709 106.609 20.6155 127.005 63.3246 110.802 48.0278 94.3663 88.6839 61.9839 92.9624 98.9798 37.4833 90.7102 4.12311 94.2019 90.1742 15.8114 67.1863 102.956 22.0907 54.231 108.294 88.6025 74.8131 84.1487 76.8955 99.0906 55.5428 99.5668 74.3303 93.5575 54.0093 99.8681 82.801 86.0357 18.0278 78.3011 34.4721 63.1767 72.0729 56.264 47.1275 42.1545 75.113 56.264 
40.3461 73.6022 108.85 0.0 29.4358 24.7992 91.9405 29.0689 42.5253 2.0 63.1643 66.5557 20.6155 60.639 63.0276 53.5231 74.1414 42.0841 112.701 52.3927 45.2462 95.3324 73.3692 30.4138 96.4299 61.0689 34.8733 20.2878 67.3224 59.2284 32.843 4.0 61.9367 11.8518 38.0526 65.255 79.3096 16.2788 26.0507 28.2712 93.5028 38.5117 74.4793 42.2143 41.2614 62.8356 70.1057 71.8666 42.4222 60.8009 
48.6621 81.5328 110.709 29.4358 0.0 5.0 94.3108 32.28 68.1175 31.3877 63.4114 47.0425 50.0514 54.4059 44.0 32.1403 74.8875 26.5707 113.442 81.7068 29.1204 96.0784 62.7694 57.9828 101.646 86.4842 8.24621 28.0713 54.7083 88.6581 34.4384 33.3551 70.0357 18.4391 66.3702 46.0109 72.2011 44.2945 31.7805 24.6982 94.2488 33.2415 76.2758 66.5167 48.5077 61.6198 67.2086 79.6038 52.2398 57.3149 
43.7379 76.72 106.609 24.7992 5.0 0.0 90.2109 31.257 63.1269 26.751 59.5483 47.5184 45.4147 51.6236 44.2832 32.9848 70.7419 25.318 109.301 77.0922 28.1603 91.9329 61.0328 53.8238 97.083 81.5079 10.6301 23.0868 53.3667 83.8951 30.0167 28.7185 65.1153 13.6015 61.4003 46.3897 69.7711 39.9625 26.9258 20.6155 90.1033 29.8329 72.2011 61.5404 43.6807 57.9828 63.8905 74.7911 47.2652 54.037 
59.7842 48.774 20.6155 91.9405 94.3108 90.2109 0.0 110.095 54.9067 93.8923 31.6292 73.8241 79.7043 41.4367 72.3671 78.4347 22.8035 70.3169 24.3311 88.2048 69.7782 13.6015 47.0 94.0167 27.8029 51.2445 89.1287 72.2046 54.3323 80.4114 60.463 88.6887 46.845 82.8979 66.0799 72.9932 34.2345 89.9402 65.9465 69.6372 14.1421 59.9396 18.0736 54.1962 55.6749 35.8707 26.5707 34.2345 66.1334 35.8707 
64.2859 89.6097 127.005 29.0689 32.28 31.257 110.095 0.0 68.6003 30.4138 81.3189 78.7718 42.5441 78.4474 75.5381 64.1327 92.296 56.0 130.855 67.0075 59.0085 113.487 90.2552 40.0 111.745 86.7698 40.5216 38.4424 83.3847 77.6466 50.9902 31.8277 74.1022 28.4605 61.8466 77.6466 97.1236 31.6228 44.2053 45.607 111.657 56.0446 92.6338 68.528 59.4159 80.9901 88.2586 87.3869 56.8604 78.924 
20.5967 24.1327 63.3246 42.5253 68.1175 63.1269 54.9067 68.6003 0.0 40.5429 45.9865 82.1523 26.9072 55.2802 78.8923 76.3401 38.5831 62.6615 63.9766 34.9285 64.6386 48.0833 71.4043 39.8246 44.6542 18.6815 70.1142 40.05 70.5588 30.8058 38.6774 38.5663 8.06226 50.636 11.1803 80.7775 71.779 38.2884 37.1267 48.0382 45.8803 47.927 44.2906 6.7082 22.4999 48.8353 58.7513 21.1896 16.0312 50.6687 
35.9898 61.3137 110.802 2.0 31.3877 26.751 93.8923 30.4138 40.5429 0.0 65.1162 68.5076 18.6815 62.5908 64.9794 55.475 76.0932 44.0359 114.652 50.5668 47.198 97.2842 75.321 29.0689 83.4491 59.0865 36.8251 22.2396 69.2743 57.2713 34.7948 2.0 45.8061 13.8036 36.0555 67.2068 81.2614 15.0 28.0025 30.223 95.4546 40.4635 76.4311 40.2319 43.2132 64.7874 72.0575 59.0909 28.5643 62.7528 
31.5764 39.8537 48.0278 63.1643 63.4114 59.5483 31.6292 81.3189 45.9865 65.1162 0.0 52.6118 56.0225 18.6815 50.2494 53.4603 15.2971 43.3244 50.7844 83.1189 43.4166 33.8378 32.2025 72.5607 43.0465 49.72 60.5392 43.0465 35.4683 73.935 30.6105 60.2489 37.9248 53.6004 58.3245 51.4782 27.2473 62.9494 37.2156 38.9487 32.28 30.5287 13.6015 45.2759 27.4671 4.47214 14.2195 33.0623 57.2131 11.4018 
63.4114 86.2528 94.3663 66.5557 47.0425 47.5184 73.8241 78.7718 82.1523 68.5076 52.6118 0.0 78.9988 34.1321 3.60555 15.0333 67.897 24.5967 98.1529 109.604 21.4709 84.0536 28.2312 95.4519 95.1893 96.1208 39.0 54.0833 19.6469 112.526 45.9674 70.475 79.6114 54.7814 87.763 1.41421 41.7852 81.9104 51.8556 41.0488 83.006 35.3836 65.123 75.4718 60.2163 48.3735 48.0416 80.3617 70.7357 41.3038 
29.7869 48.9303 88.6839 20.6155 50.0514 45.4147 79.7043 42.5441 26.9072 18.6815 56.0225 78.9988 0.0 60.3736 75.4195 69.136 63.3806 55.4859 89.6203 32.249 58.2718 73.1719 75.9465 17.0294 71.0634 44.4185 56.4461 26.4198 72.9178 38.6394 33.6155 16.7631 33.4215 32.4673 19.3132 77.5892 77.621 11.4018 27.1672 38.5418 70.9464 44.1022 69.0881 27.8486 30.7602 57.0512 65.6559 46.7075 19.4165 57.5545 
39.3954 54.487 61.9839 60.639 54.4059 51.6236 41.4367 78.4474 55.2802 62.5908 18.6815 34.1321 60.3736 0.0 32.0 37.0 33.9559 29.8329 65.521 88.804 28.8444 50.3587 16.1245 76.9118 61.0737 64.3533 49.5177 42.19 17.0 85.2216 29.0172 64.6 52.5581 50.0 64.0096 33.0606 18.6815 67.3005 37.0135 32.8938 49.1636 22.4722 31.0161 48.6531 35.3412 14.3178 14.8661 47.8821 62.8983 7.28011 
60.0 83.3303 92.9624 63.0276 44.0 44.2832 72.3671 75.5381 78.8923 64.9794 50.2494 3.60555 75.4195 32.0 0.0 12.3693 65.4905 21.0238 96.6902 106.075 17.8885 82.2192 27.7849 91.8726 93.0484 93.1983 36.0555 50.4777 18.7883 108.511 42.45 66.9469 76.3962 51.264 84.2413 2.23607 41.1461 78.3822 48.2701 37.4433 81.0987 31.8904 63.0079 72.2011 56.8595 46.0977 46.2709 77.6209 67.2141 39.0512 
56.3649 83.1485 98.9798 53.5231 32.1403 32.9848 78.4347 64.1327 76.3401 55.475 53.4603 15.0333 69.136 37.0 12.3693 0.0 68.1175 13.8924 102.489 100.424 11.7047 87.0083 37.4833 82.92 96.421 91.9262 24.0208 43.1393 28.2843 103.588 38.0132 57.4425 74.7262 41.6773 79.3183 14.1421 50.0 68.8778 42.2019 30.6105 85.5147 28.4605 66.9104 69.6419 53.8516 49.8197 51.8652 78.4092 62.291 43.1741 
40.306 32.4503 37.4833 74.1414 74.8875 70.7419 22.8035 92.296 38.5831 76.0932 15.2971 67.897 63.3806 33.9559 65.4905 68.1175 0.0 57.0701 39.6989 72.8163 57.5587 22.0227 46.7915 77.6931 28.4429 35.7911 72.7955 52.7263 50.5964 64.1904 41.0193 69.2105 30.5214 63.6906 49.7562 66.7533 43.7014 70.462 46.9248 50.194 20.0 43.0378 7.28011 37.8725 36.1967 19.6469 28.7697 17.9111 49.8097 26.6833 
42.5441 70.2944 90.7102 42.0841 26.5707 25.318 70.3169 56.0 62.6615 44.0359 43.3244 24.5967 55.4859 29.8329 21.0238 13.8924 57.0701 0.0 94.1081 86.6833 3.16228 77.1622 36.2491 71.9389 85.5102 78.6448 20.2485 29.8329 28.1603 89.6979 24.1661 46.0034 61.3922 30.3645 65.4282 23.2594 46.4004 57.4387 28.4253 16.9706 75.5844 15.1327 56.921 55.9732 40.1622 40.3113 44.1022 66.0076 48.4009 34.4819 
78.8651 58.7393 4.12311 112.701 113.442 109.301 24.3311 130.855 63.9766 114.652 50.7844 98.1529 89.6203 65.521 96.6902 102.489 39.6989 94.1081 0.0 93.9415 93.6185 17.6918 71.1126 103.755 21.095 53.7587 111.051 91.2854 78.6384 83.4865 79.5784 100.027 56.356 102.25 74.8465 97.3242 58.0 100.805 85.4839 88.7525 19.799 81.0578 37.2288 64.1615 74.7558 54.1342 50.6952 42.9418 76.0494 59.7083 
59.1579 58.366 94.2019 52.3927 81.7068 77.0922 88.2048 67.0075 34.9285 50.5668 83.1189 109.604 32.249 88.804 106.075 100.424 72.8163 86.6833 93.9415 0.0 89.3756 80.2247 104.928 27.0185 73.0068 40.2616 87.1663 57.7657 102.341 13.4536 63.6396 48.7545 42.5793 64.1448 25.0799 108.19 108.911 38.0789 58.258 69.814 78.1601 74.2569 78.5238 40.1834 55.9751 85.9677 95.8837 54.0093 42.4382 84.1926 
44.7214 71.6498 90.1742 45.2462 29.1204 28.1603 69.7782 59.0085 64.6386 47.198 43.4166 21.4709 58.2718 28.8444 17.8885 11.7047 57.5587 3.16228 93.6185 89.3756 0.0 77.2117 34.0 74.7249 85.9884 80.2808 22.3607 32.8024 25.632 92.1715 26.4197 49.1655 63.0635 33.5261 67.9019 20.1246 44.6878 60.6008 31.1448 19.8494 75.6902 16.7631 57.0088 57.9396 42.1545 40.1622 43.4166 67.1193 50.8746 34.0147 
61.4969 42.2415 15.8114 95.3324 96.0784 91.9329 13.6015 113.487 48.0833 97.2842 33.8378 84.0536 73.1719 50.3587 82.2192 87.0083 22.0227 77.1622 17.6918 80.2247 77.2117 0.0 58.5491 87.4725 14.2127 41.1947 93.9149 75.0754 65.0308 71.1126 62.2102 83.5786 40.1622 84.8815 59.203 83.0963 46.5725 84.3561 68.1158 71.385 2.23607 63.9766 20.2485 47.6637 57.3877 37.1889 36.0139 26.9258 59.601 43.9716 
55.4617 69.6233 67.1863 73.3692 62.7694 61.0328 47.0 90.2552 71.4043 75.321 32.2025 28.2312 75.9465 16.1245 27.7849 37.4833 46.7915 36.2491 71.1126 104.928 34.0 58.5491 0.0 92.5227 71.0634 79.4896 56.356 56.1427 9.21954 101.346 43.566 80.1729 67.6943 62.2896 80.1338 27.7308 13.6015 82.8734 51.4782 45.0999 57.8705 35.0 49.3943 64.7772 51.4296 27.8029 23.7697 64.6995 79.0224 21.9317 
46.3251 63.2428 102.956 30.4138 57.9828 53.8238 94.0167 40.0 39.8246 29.0689 72.5607 95.4519 17.0294 76.9118 91.8726 82.92 77.6931 71.9389 103.755 27.0185 74.7249 87.4725 92.5227 0.0 84.3801 54.4885 64.2028 42.8729 89.3998 38.3275 50.0692 27.8029 47.4236 41.2486 29.4109 94.0423 94.1592 14.1421 43.6203 54.9948 85.2589 60.5708 83.4006 42.161 47.2984 73.5894 82.1941 60.8358 36.1248 74.0928 
56.4244 40.8277 22.0907 96.4299 101.646 97.083 27.8029 111.745 44.6542 83.4491 43.0465 95.1893 71.0634 61.0737 93.0484 96.421 28.4429 85.5102 21.095 73.0068 85.9884 14.2127 71.0634 84.3801 0.0 32.7567 100.723 76.6533 76.7935 62.3939 67.2623 81.4725 37.6431 88.1298 55.0727 94.1329 59.808 82.25 71.1039 77.3265 13.8924 71.4454 30.0666 46.0109 55.8693 47.0 47.676 24.7588 57.4949 54.0093 
38.0132 27.868 54.231 61.0689 86.4842 81.5079 51.2445 86.7698 18.6815 59.0865 49.72 96.1208 44.4185 64.3533 93.1983 91.9262 35.7911 78.6448 53.7587 40.2616 80.2808 41.1947 79.4896 54.4885 32.7567 0.0 88.0057 58.4251 81.3019 30.0 55.3263 57.1099 17.2627 69.2315 25.6125 94.8285 75.1889 55.7584 55.0364 65.123 39.3192 63.561 41.4986 24.0832 39.1152 52.5689 64.5577 18.6011 34.2452 57.5861 
50.0 81.8354 108.294 34.8733 8.24621 10.6301 89.1287 40.5216 70.1142 36.8251 60.5392 39.0 56.4461 49.5177 36.0555 24.0208 72.7955 20.2485 111.051 87.1663 22.3607 93.9149 56.356 64.2028 100.723 88.0057 0.0 30.5941 47.927 92.6553 33.7343 38.7926 71.1126 23.3238 69.6348 38.0132 66.6108 50.2195 33.0151 23.5372 92.1358 30.0167 73.8241 64.0078 49.163 58.2495 63.1269 78.6722 54.0833 53.2635 
20.8953 54.31 88.6025 20.2878 28.0713 23.0868 72.2046 38.4424 40.05 22.2396 43.0465 54.0833 26.4198 42.19 50.4777 43.1393 52.7263 29.8329 91.2854 57.7657 32.8024 75.0754 56.1427 42.8729 76.6533 58.4251 30.5941 0.0 51.1957 62.3939 13.3417 30.5231 42.2633 11.6619 39.0512 52.6972 60.6712 33.2236 5.83095 13.0384 73.2458 21.3776 54.2315 38.4576 21.4709 42.9535 50.5412 52.3811 24.1868 41.4849 
53.8238 71.434 74.8131 67.3224 54.7083 53.3667 54.3323 83.3847 70.5588 69.2743 35.4683 19.6469 72.9178 17.0 18.7883 28.2843 50.5964 28.1603 78.6384 102.341 25.632 65.0308 9.21954 89.3998 76.7935 81.3019 47.927 51.1957 0.0 100.964 39.5601 77.05 69.505 56.0089 79.2883 18.9737 22.3607 79.7506 47.1275 39.2046 64.1249 29.8329 47.0256 63.9318 50.0 31.0161 29.1548 64.8364 78.177 24.1661 
61.5848 52.0813 84.1487 59.2284 88.6581 83.8951 80.4114 77.6466 30.8058 57.2713 73.935 112.526 38.6394 85.2216 108.511 103.588 64.1904 89.6979 83.4865 13.4536 92.1715 71.1126 101.346 38.3275 62.3939 30.0 92.6553 62.3939 100.964 0.0 66.0665 55.3173 37.1214 71.0741 24.4131 110.619 99.7276 47.0 61.7171 73.3553 69.1809 76.6838 69.8979 37.0642 52.8559 76.7839 86.6999 46.3249 42.8019 80.6102 
18.3848 48.2046 76.8955 32.843 34.4384 30.0167 60.463 50.9902 38.6774 34.7948 30.6105 45.9674 33.6155 29.0172 42.45 38.0132 41.0193 24.1661 79.5784 63.6396 26.4197 62.2102 43.566 50.0692 67.2623 55.3263 33.7343 13.3417 39.5601 66.0665 0.0 37.7194 38.1182 23.0217 41.7968 44.5533 47.3814 40.4199 8.0 10.198 60.3806 10.6301 42.5206 32.0156 16.2788 30.0167 37.311 44.9521 24.7695 28.1603 
34.0132 59.3371 99.0906 4.0 33.3551 28.7185 88.6887 31.8277 38.5663 2.0 60.2489 70.475 16.7631 64.6 66.9469 57.4425 69.2105 46.0034 100.027 48.7545 49.1655 83.5786 80.1729 27.8029 81.4725 57.1099 38.7926 30.5231 77.05 55.3173 37.7194 0.0 43.8295 15.7711 34.0588 69.1743 81.8473 13.8924 31.2705 32.1905 81.3532 48.221 70.7157 38.2553 34.9865 61.2776 69.8822 57.1143 26.5877 61.7809 
21.3776 16.0711 55.5428 61.9367 70.0357 65.1153 46.845 74.1022 8.06226 45.8061 37.9248 79.6114 33.4215 52.5581 76.3962 74.7262 30.5214 61.3922 56.356 42.5793 63.0635 40.1622 67.6943 47.4236 37.6431 17.2627 71.1126 42.2633 69.505 37.1214 38.1182 43.8295 0.0 53.7803 19.2354 78.245 63.7174 44.607 38.3275 48.0104 37.9473 46.3249 36.2289 8.60233 22.0 40.7736 50.6896 13.4164 19.8518 45.7909 
32.4123 65.8595 99.5668 11.8518 18.4391 13.6015 82.8979 28.4605 50.636 13.8036 53.6004 54.7814 32.4673 50.0 51.264 41.6773 63.6906 30.3645 102.25 64.1448 33.5261 84.8815 62.2896 41.2486 88.1298 69.2315 23.3238 11.6619 56.0089 71.0741 23.0217 15.7711 53.7803 0.0 48.0937 53.4883 68.6804 27.2064 17.0294 17.2627 83.0519 27.6586 65.1958 49.3105 33.121 53.0 59.9416 63.9305 35.171 50.5668 
37.3151 35.3059 74.3303 38.0526 66.3702 61.4003 66.0799 61.8466 11.1803 36.0555 58.3245 87.763 19.3132 64.0096 84.2413 79.3183 49.7562 65.4282 74.8465 25.0799 67.9019 59.203 80.1338 29.4109 55.0727 25.6125 69.6348 39.0512 79.2883 24.4131 41.7968 34.0588 19.2354 48.0937 0.0 86.3489 84.1171 30.4138 37.6962 49.2443 57.0088 52.4141 55.4637 15.389 31.1807 61.1733 71.0893 32.28 18.4391 59.3982 
62.0081 84.9605 93.5575 65.255 46.0109 46.3897 72.9932 77.6466 80.7775 67.2068 51.4782 1.41421 77.5892 33.0606 2.23607 14.1421 66.7533 23.2594 97.3242 108.19 20.1246 83.0963 27.7308 94.0423 94.1329 94.8285 38.0132 52.6972 18.9737 110.619 44.5533 69.1743 78.245 53.4883 86.3489 0.0 41.2311 80.6096 50.448 39.6611 82.0244 33.9706 64.0703 74.0945 58.8218 47.2652 47.0956 79.1202 69.3216 40.1995 
55.109 65.6463 54.0093 79.3096 72.2011 69.7711 34.2345 97.1236 71.779 81.2614 27.2473 41.7852 77.621 18.6815 41.1461 50.0 43.7014 46.4004 58.0 108.911 44.6878 46.5725 13.6015 94.1592 59.808 75.1889 66.6108 60.6712 22.3607 99.7276 47.3814 81.8473 63.7174 68.6804 84.1171 41.2311 0.0 84.5478 55.3263 51.5461 46.1736 41.1096 38.954 63.9318 50.9902 23.0278 15.8114 57.309 83.0057 20.0998 
36.7138 60.1146 99.8681 16.2788 44.2945 39.9625 89.9402 31.6228 38.2884 15.0 62.9494 81.9104 11.4018 67.3005 78.3822 68.8778 70.462 57.4387 100.805 38.0789 60.6008 84.3561 82.8734 14.1421 82.25 55.7584 50.2195 33.2236 79.7506 47.0 40.4199 13.8924 44.607 27.2064 30.4138 80.6096 84.5478 0.0 33.971 45.3456 82.1307 50.9216 71.9672 39.0328 37.6871 63.9781 72.5828 57.8918 29.0689 64.4814 
17.0294 49.8044 82.801 26.0507 31.7805 26.9258 65.9465 44.2053 37.1267 28.0025 37.2156 51.8556 27.1672 37.0135 48.2701 42.2019 46.9248 28.4253 85.4839 58.258 31.1448 68.1158 51.4782 43.6203 71.1039 55.0364 33.0151 5.83095 47.1275 61.7171 8.0 31.2705 38.3275 17.0294 37.6962 50.448 55.3263 33.971 0.0 11.6619 66.2862 17.4642 48.43 31.0 16.7631 37.1618 44.8497 47.8755 21.097 35.9026 
27.4591 58.366 86.0357 28.2712 24.6982 20.6155 69.6372 45.607 48.0382 30.223 38.9487 41.0488 38.5418 32.8938 37.4433 30.6105 50.194 16.9706 88.7525 69.814 19.8494 71.385 45.0999 54.9948 77.3265 65.123 23.5372 13.0384 39.2046 73.3553 10.198 32.1905 48.0104 17.2627 49.2443 39.6611 51.5461 45.3456 11.6619 0.0 69.5554 10.4403 51.614 41.4367 26.0192 37.5366 43.8292 55.1378 32.2901 34.1321 
59.6673 40.0161 18.0278 93.5028 94.2488 90.1033 14.1421 111.657 45.8803 95.4546 32.28 83.006 70.9464 49.1636 81.0987 85.5147 20.0 75.5844 19.799 78.1601 75.6902 2.23607 57.8705 85.2589 13.8924 39.3192 92.1358 73.2458 64.1249 69.1809 60.3806 81.3532 37.9473 83.0519 57.0088 82.0244 46.1736 82.1307 66.2862 69.5554 0.0 62.2415 18.6815 45.4383 55.5581 35.6954 35.0143 24.7386 57.3755 42.4781 
28.3019 55.1736 78.3011 38.5117 33.2415 29.8329 59.9396 56.0446 47.927 40.4635 30.5287 35.3836 44.1022 22.4722 31.8904 28.4605 43.0378 15.1327 81.0578 74.2569 16.7631 63.9766 35.0 60.5708 71.4454 63.561 30.0167 21.3776 29.8329 76.6838 10.6301 48.221 46.3249 27.6586 52.4141 33.9706 41.1096 50.9216 17.4642 10.4403 62.2415 0.0 43.8292 41.2311 25.4951 28.4253 34.0588 51.0098 35.3868 24.2074 
41.8112 38.1578 34.4721 74.4793 76.2758 72.2011 18.0736 92.6338 44.2906 76.4311 13.6015 65.123 69.0881 31.0161 63.0079 66.9104 7.28011 56.921 37.2288 78.5238 57.0088 20.2485 49.3943 83.4006 30.0666 41.4986 73.8241 54.2315 47.0256 69.8979 42.5206 70.7157 36.2289 65.1958 55.4637 64.0703 38.954 71.9672 48.43 51.614 18.6815 43.8292 0.0 43.58 37.7019 17.1172 25.8497 23.6186 55.5172 24.0208 
14.0357 23.4222 63.1767 42.2143 66.5167 61.5404 54.1962 68.528 6.7082 40.2319 45.2759 75.4718 27.8486 48.6531 72.2011 69.6419 37.8725 55.9732 64.1615 40.1834 57.9396 47.6637 64.7772 42.161 46.0109 24.0832 64.0078 38.4576 63.9318 37.0642 32.0156 38.2553 8.60233 49.3105 15.389 74.0945 63.9318 39.0328 31.0 41.4367 45.4383 41.2311 43.58 0.0 15.8114 42.0 58.0407 21.4009 14.2777 44.0416 
4.12311 33.0416 72.0729 41.2614 48.5077 43.6807 55.6749 59.4159 22.4999 43.2132 27.4671 60.2163 30.7602 35.3412 56.8595 53.8516 36.1967 40.1622 74.7558 55.9751 42.1545 57.3877 51.4296 47.2984 55.8693 39.1152 49.163 21.4709 50.0 52.8559 16.2788 34.9865 22.0 33.121 31.1807 58.8218 50.9902 37.6871 16.7631 26.0192 55.5581 25.4951 37.7019 15.8114 0.0 29.0711 38.2436 31.1127 30.0694 31.0483 
33.1803 42.7026 56.264 62.8356 61.6198 57.9828 35.8707 80.9901 48.8353 64.7874 4.47214 48.3735 57.0512 14.3178 46.0977 49.8197 19.6469 40.3113 54.1342 85.9677 40.1622 37.1889 27.8029 73.5894 47.0 52.5689 58.2495 42.9535 31.0161 76.7839 30.0167 61.2776 40.7736 53.0 61.1733 47.2652 23.0278 63.9781 37.1618 37.5366 35.6954 28.4253 17.1172 42.0 29.0711 0.0 10.0 37.4731 60.062 7.07107 
42.3528 52.6185 47.1275 70.1057 67.2086 63.8905 26.5707 88.2586 58.7513 72.0575 14.2195 48.0416 65.6559 14.8661 46.2709 51.8652 28.7697 44.1022 50.6952 95.8837 43.4166 36.0139 23.7697 82.1941 47.676 64.5577 63.1269 50.5412 29.1548 86.6999 37.311 69.8822 50.6896 59.9416 71.0893 47.0956 15.8114 72.5828 44.8497 43.8292 35.0143 34.0588 25.8497 58.0407 38.2436 10.0 0.0 46.6777 69.978 9.89949 
31.6678 16.0711 42.1545 71.8666 79.6038 74.7911 34.2345 87.3869 21.1896 59.0909 33.0623 80.3617 46.7075 47.8821 77.6209 78.4092 17.9111 66.0076 42.9418 54.0093 67.1193 26.9258 64.6995 60.8358 24.7588 18.6011 78.6722 52.3811 64.8364 46.3249 44.9521 57.1143 13.4164 63.9305 32.28 79.1202 57.309 57.8918 47.8755 55.1378 24.7386 51.0098 23.6186 21.4009 31.1127 37.4731 46.6777 0.0 33.1366 41.1149 
20.2878 35.3594 75.113 42.4222 52.2398 47.2652 66.1334 56.8604 16.0312 28.5643 57.2131 70.7357 19.4165 62.8983 67.2141 62.291 49.8097 48.4009 76.0494 42.4382 50.8746 59.601 79.0224 36.1248 57.4949 34.2452 54.0833 24.1868 78.177 42.8019 24.7695 26.5877 19.8518 35.171 18.4391 69.3216 83.0057 29.0689 21.097 32.2901 57.3755 35.3868 55.5172 14.2777 30.0694 60.062 69.978 33.1366 0.0 58.2868 
35.171 47.7198 56.264 60.8009 57.3149 54.037 35.8707 78.924 50.6687 62.7528 11.4018 41.3038 57.5545 7.28011 39.0512 43.1741 26.6833 34.4819 59.7083 84.1926 34.0147 43.9716 21.9317 74.0928 54.0093 57.5861 53.2635 41.4849 24.1661 80.6102 28.1603 61.7809 45.7909 50.5668 59.3982 40.1995 20.0998 64.4814 35.9026 34.1321 42.4781 24.2074 24.0208 44.0416 31.0483 7.07107 9.89949 41.1149 58.2868 0.0 
DEMAND_SCENARIO_SECTION
0 0 0 0 0 0 0 0 0 0 0 0 0 0 0 0 0 0 0 0 0 0 0 0 0 0 0 0 0 0 0 0 0 0 0 0 0 0 0 0 0 0 0 0 0 0 0 0 0 0 0 0 0 0 0 0 0 0 0 0 0 0 0 0 0 0 0 0 0 0 0 0 0 0 0 0 0 0 0 0 0 0 0 0 0 0 0 0 0 0 0 0 0 0 0 0 0 0 0 0 0 0 0 0 0 0 0 0 0 0 0 0 0 0 0 0 0 0 0 0 0 0 0 0 0 0 0 0 0 0 0 0 0 0 0 0 0 0 0 0 0 0 0 0 0 0 0 0 0 0 0 0 0 0 0 0 0 0 0 0 0 0 0 0 0 0 0 0 0 0 0 0 0 0 0 0 0 0 0 0 0 0 0 0 0 0 0 0 0 0 0 0 0 0 0 0 0 0 0 0 
6 6 6 9 14 9 6 5 7 10 9 11 13 8 12 8 8 9 8 8 6 9 6 9 7 11 4 10 8 8 4 8 5 3 6 9 6 4 7 6 7 9 9 9 10 9 3 7 5 13 8 7 11 5 5 9 7 4 6 9 5 7 6 8 5 5 3 8 5 8 5 4 9 8 8 8 6 6 7 9 4 4 7 10 7 6 2 7 6 11 6 5 10 13 6 6 7 5 8 7 7 5 8 8 10 7 3 3 7 11 8 4 5 7 7 10 6 10 8 10 5 9 5 7 1 9 5 8 3 8 4 7 8 6 7 8 8 8 8 6 9 5 8 10 2 4 5 4 7 7 8 8 7 7 10 7 8 8 11 5 10 10 10 5 5 8 6 8 5 3 6 6 6 8 5 10 6 7 5 8 9 2 7 8 6 7 4 6 8 3 8 11 8 5 7 7 7 5 8 9 
3 4 4 4 5 4 2 4 6 2 4 3 4 3 2 5 3 4 6 4 3 5 3 4 3 3 2 4 6 6 5 5 3 7 5 3 4 1 4 3 6 1 5 5 3 5 3 5 4 3 6 3 3 4 4 2 5 3 5 4 3 4 4 3 3 2 3 7 4 3 1 4 3 2 5 5 5 4 5 5 5 5 5 5 3 5 5 6 7 4 6 4 0 5 3 3 5 4 5 4 3 6 3 5 5 3 3 4 3 4 6 4 3 4 6 6 3 4 4 4 2 5 4 3 4 5 4 3 4 4 4 4 5 4 3 4 4 5 3 4 4 6 5 3 5 3 5 6 5 3 5 5 6 5 7 4 3 3 3 4 3 3 5 6 3 3 3 4 3 4 7 4 3 3 4 5 5 5 5 4 3 3 2 3 4 6 6 6 5 4 4 2 4 3 4 5 6 4 3 4 
5 6 7 2 10 9 4 8 7 5 7 8 8 3 7 2 9 8 3 6 7 5 6 4 6 5 6 7 6 7 6 6 7 6 8 5 7 7 6 8 4 5 7 4 6 5 7 7 4 3 8 1 6 5 4 6 5 6 11 11 6 6 5 2 8 5 6 9 7 5 6 6 4 10 3 5 10 8 4 6 7 6 5 6 4 6 5 7 9 8 7 5 5 4 9 13 6 4 4 7 7 7 7 9 6 2 4 5 12 5 7 6 6 6 6 5 4 6 6 2 6 8 3 8 7 5 3 6 3 4 7 7 6 4 4 7 3 7 6 8 6 8 7 6 6 7 4 7 3 4 6 2 8 8 4 6 7 6 7 3 5 7 6 9 7 5 6 5 6 6 10 6 7 7 8 4 5 6 4 3 5 7 9 9 6 6 6 4 6 4 8 7 4 6 3 8 7 5 5 6 
4 6 6 5 8 10 3 10 3 7 8 7 6 9 4 2 6 4 8 8 9 3 5 10 5 5 5 7 9 4 5 6 5 6 6 6 7 7 5 7 5 9 6 9 6 6 8 9 6 3 5 9 4 7 6 6 9 4 3 7 6 8 9 6 11 5 8 6 5 9 7 8 5 4 7 7 6 7 8 6 5 8 7 3 5 8 12 6 9 8 8 9 12 9 8 4 10 3 5 5 7 5 6 9 3 7 7 3 2 2 8 6 10 4 7 5 5 6 6 7 5 10 7 3 5 7 5 3 6 4 4 8 11 0 5 5 7 7 7 2 6 6 3 5 6 7 6 6 9 4 8 6 4 7 7 7 9 6 7 8 6 7 6 6 3 7 5 7 8 4 6 3 9 8 9 9 6 7 8 8 7 7 4 5 4 6 5 8 4 10 10 5 6 6 9 6 4 9 4 9 
6 5 5 6 5 3 3 6 3 4 5 5 6 5 4 4 4 4 2 4 4 1 5 3 2 4 5 3 4 4 5 6 4 4 3 2 2 6 3 5 5 4 3 5 3 6 2 5 2 3 3 5 4 3 5 5 4 5 4 4 5 5 3 4 4 5 5 5 3 3 5 2 4 0 2 6 6 5 3 7 5 3 4 3 3 6 4 3 3 4 5 1 2 3 3 5 4 3 5 6 5 3 2 1 2 4 4 3 3 2 1 5 3 5 3 4 5 3 3 3 5 5 3 3 5 4 3 6 2 3 8 5 5 6 3 2 2 3 2 5 5 3 2 7 4 3 4 5 2 6 3 4 4 3 7 3 4 6 4 3 1 3 4 8 4 6 3 5 4 4 5 4 2 5 3 4 4 4 4 7 5 5 6 3 3 4 3 4 4 3 4 4 2 3 3 6 3 3 6 3 
3 4 2 3 3 4 6 3 5 5 2 5 3 4 4 6 3 1 4 5 2 3 4 4 4 0 3 3 3 5 2 6 1 6 4 4 2 4 5 4 5 3 6 6 3 6 2 6 5 3 4 4 3 4 6 5 3 5 4 3 5 4 6 4 4 4 4 2 5 6 6 4 4 3 4 2 2 3 2 4 6 7 1 6 4 5 5 3 6 5 7 1 3 3 5 7 6 2 3 2 5 4 2 5 7 3 4 4 3 5 3 6 4 5 5 3 4 4 4 4 5 6 4 5 4 4 3 4 3 4 5 3 4 5 4 4 3 5 4 5 6 4 2 5 4 3 3 4 5 4 5 5 3 3 4 4 4 2 4 3 4 3 3 4 6 6 4 5 4 2 6 7 1 4 4 3 5 5 4 3 7 3 5 6 5 3 3 3 4 4 5 2 4 4 5 6 5 6 7 2 
6 5 3 7 9 6 7 7 7 4 5 8 10 6 3 9 7 9 4 7 4 5 5 3 10 9 8 7 6 13 8 7 6 7 7 7 12 5 8 5 4 10 9 8 4 7 13 9 8 1 7 5 6 8 11 10 9 7 10 7 11 8 4 7 8 9 8 8 7 5 4 9 6 3 8 8 7 7 6 7 8 7 9 8 4 4 8 6 6 5 5 10 7 6 10 10 5 9 4 5 8 6 8 8 3 9 5 6 10 13 6 7 6 9 6 9 4 7 11 7 5 8 10 8 10 3 9 7 9 11 6 4 8 10 9 7 3 4 6 9 7 6 10 7 7 11 9 12 2 8 12 3 4 9 9 7 9 7 8 3 8 5 4 6 5 9 8 6 4 7 8 6 3 9 4 8 8 11 6 11 8 10 6 8 8 10 9 9 9 9 3 6 6 9 7 8 5 9 7 7 
0 0 1 1 1 1 1 1 1 2 1 1 1 2 1 2 1 1 2 1 1 1 1 1 1 1 1 1 1 1 1 1 1 0 2 1 1 0 1 1 1 1 1 1 1 1 1 1 1 0 1 1 1 1 1 1 1 1 1 1 2 2 1 1 1 1 1 1 1 1 1 1 1 1 1 1 1 1 1 1 1 1 1 0 1 1 1 1 1 1 1 1 1 0 1 1 1 1 2 1 1 1 1 1 1 1 2 1 1 1 1 1 1 1 1 0 1 1 1 1 1 1 1 2 1 1 1 0 1 1 1 1 1 1 1 0 1 1 1 1 1 1 1 2 1 1 0 1 1 0 2 1 1 1 1 1 1 1 1 1 1 1 1 2 1 1 1 1 1 0 1 1 1 1 1 1 1 1 1 1 1 1 2 1 1 1 1 1 1 1 1 1 1 1 1 1 1 1 1 0 
8 11 9 13 11 5 13 10 11 16 9 13 9 9 8 10 10 16 11 13 17 13 12 12 12 11 13 11 13 7 12 6 12 6 12 8 6 6 10 5 10 10 12 12 7 16 8 9 9 7 9 11 9 7 10 12 6 14 13 9 9 7 11 13 9 13 7 13 14 12 12 13 8 6 8 11 10 9 6 12 12 8 15 14 8 11 8 16 6 10 12 6 10 7 6 15 10 13 7 8 10 10 12 12 9 3 9 5 11 6 7 8 8 10 12 14 12 8 13 17 12 9 5 6 8 3 6 7 8 9 7 5 12 6 10 4 14 4 18 13 15 15 12 7 9 8 8 12 8 9 10 8 19 7 5 8 14 10 16 13 15 6 11 14 7 10 8 15 15 10 7 0 11 7 14 11 16 12 9 11 7 11 16 7 6 13 4 17 13 9 12 11 13 8 9 15 8 16 13 12 
3 7 5 2 2 3 4 6 3 4 4 5 4 3 7 6 5 4 7 7 5 7 4 5 7 5 3 4 5 2 4 6 4 6 5 2 5 5 8 5 7 3 3 3 3 5 8 5 5 2 4 5 8 7 5 5 5 3 5 3 4 2 6 6 8 4 6 6 2 5 5 6 5 1 5 6 6 7 4 5 4 5 8 4 2 6 3 7 4 6 6 5 1 6 3 1 7 4 6 4 7 3 4 2 5 6 5 6 5 5 4 6 8 5 2 6 6 8 7 5 4 5 4 3 6 4 5 6 6 3 7 6 0 3 6 6 5 7 8 4 4 3 6 7 6 7 4 5 5 5 1 6 6 7 4 4 8 2 4 8 6 4 6 7 7 6 7 8 5 5 4 2 6 5 6 3 7 6 4 4 5 5 5 5 5 5 6 7 2 3 8 4 3 3 6 4 7 8 7 3 
7 8 6 6 6 5 8 10 6 5 6 11 9 12 11 8 6 2 8 10 6 8 7 12 9 8 11 11 7 10 5 11 4 8 9 6 8 6 6 8 12 10 5 5 4 2 9 8 13 10 12 10 7 5 7 4 8 6 8 8 7 8 7 7 10 6 6 11 10 7 5 15 3 5 8 8 8 8 6 10 6 10 8 10 6 5 10 6 5 5 10 6 8 9 7 3 5 7 6 5 9 8 8 7 9 9 7 9 8 7 4 8 7 5 10 13 9 6 6 4 7 5 9 9 6 13 10 7 5 9 8 11 5 7 6 6 8 10 8 7 10 6 7 7 12 10 7 11 10 4 10 11 12 7 8 12 9 10 5 4 10 11 8 9 8 11 6 8 4 3 9 6 6 6 10 7 6 11 13 8 11 7 10 9 13 6 12 6 4 12 9 8 8 6 6 12 9 8 10 11 
3 3 3 6 5 4 3 4 3 6 4 4 4 1 5 3 4 4 4 5 6 3 4 2 5 3 5 3 2 5 4 2 4 5 4 5 4 5 3 4 4 6 4 1 4 5 6 3 5 3 2 4 3 6 2 4 4 5 5 3 5 8 4 6 2 1 3 4 3 5 3 5 4 5 6 3 5 4 5 5 5 3 3 4 6 5 3 4 4 3 5 3 6 3 5 5 4 6 1 4 3 4 2 6 2 4 4 3 3 3 4 5 6 6 4 8 4 1 5 6 6 4 5 5 3 2 4 5 4 3 6 2 4 4 1 3 4 3 5 5 2 5 2 6 3 3 2 4 6 4 3 5 4 4 4 3 4 2 3 3 5 4 5 4 4 6 2 4 3 3 4 5 2 4 2 5 4 3 4 3 4 4 4 4 2 6 5 2 3 3 3 6 4 2 5 6 4 5 3 5 
3 1 3 3 3 4 2 4 3 1 3 3 3 3 4 3 4 4 4 1 1 4 1 3 4 3 3 3 2 2 3 3 3 3 3 2 3 4 3 3 5 4 4 1 3 3 4 5 4 2 4 3 1 2 6 3 3 3 3 3 3 3 4 3 3 1 3 3 3 4 4 4 2 3 4 3 3 2 3 4 5 3 3 4 3 2 2 4 2 4 2 2 5 4 2 3 2 3 3 3 4 3 3 3 3 3 3 4 2 3 4 4 4 2 5 3 1 2 2 3 1 3 2 3 4 3 2 2 3 4 3 2 3 2 2 2 4 5 1 4 3 2 3 3 1 3 2 3 2 3 1 1 2 3 2 4 3 2 2 2 3 2 3 4 5 2 5 4 3 3 4 4 3 3 1 4 4 5 3 3 4 2 3 3 3 3 2 4 6 1 1 3 2 0 5 4 4 4 1 3 
4 3 5 2 5 6 7 5 3 3 3 4 3 5 4 3 3 5 4 4 5 5 3 2 3 3 4 4 5 6 5 3 2 3 5 4 4 3 5 3 2 4 5 5 4 2 5 5 4 3 5 5 7 4 3 5 5 6 3 5 2 3 3 2 4 3 4 1 5 5 2 6 4 5 3 4 5 2 2 6 4 3 6 5 3 5 3 7 5 4 2 4 3 2 4 6 5 4 5 5 3 6 4 4 3 2 7 4 4 4 4 4 3 1 7 3 1 5 6 6 3 5 4 2 2 3 6 4 5 2 6 4 4 5 2 4 4 5 3 2 4 5 5 7 1 5 3 7 3 6 4 6 4 5 3 5 2 3 3 3 3 6 5 2 5 4 3 5 2 3 3 2 3 5 4 5 4 2 4 3 4 6 4 3 4 4 4 5 2 5 5 3 4 3 4 2 4 4 3 6 
2 3 2 3 3 2 1 3 3 4 3 2 3 2 5 2 2 2 4 2 3 2 2 2 4 2 2 3 3 4 2 5 3 0 3 4 5 3 2 2 4 4 2 2 1 4 4 7 4 2 2 2 2 4 2 4 3 3 1 6 1 1 3 1 2 3 3 2 4 4 2 4 3 3 1 5 4 3 4 4 2 1 3 1 4 6 2 5 3 2 2 3 3 4 2 5 2 1 5 3 3 5 2 3 5 3 5 3 1 2 4 5 4 4 2 3 3 4 1 3 2 2 2 1 5 3 3 3 4 2 3 2 2 2 3 3 3 3 2 3 4 1 2 2 2 3 5 2 1 1 4 3 1 3 3 2 3 2 4 4 2 5 3 3 2 3 5 2 2 2 4 2 2 3 2 4 2 2 4 1 1 4 1 2 2 3 3 4 2 3 5 1 4 4 2 4 4 4 4 3 
5 4 4 4 8 4 5 7 3 3 2 5 4 3 4 4 5 5 3 5 4 4 4 8 4 5 4 4 5 4 3 5 5 2 3 4 4 2 5 5 3 4 3 7 4 5 5 6 1 3 4 4 4 6 3 6 4 4 5 5 6 3 5 5 0 4 5 3 4 4 5 4 5 3 6 5 3 4 4 3 5 5 4 7 3 6 4 2 6 3 7 5 2 3 6 4 2 3 4 2 5 1 5 6 5 3 5 4 6 4 4 2 5 5 3 3 1 4 2 5 4 4 4 4 3 5 3 4 4 5 6 2 5 3 5 3 4 4 4 5 1 3 4 5 4 3 3 3 3 5 5 3 6 5 4 4 5 5 3 3 5 5 8 2 3 5 5 3 3 2 3 5 5 4 4 2 4 5 5 5 5 2 5 2 3 4 5 2 6 4 3 6 6 3 5 6 4 3 5 5 
3 3 3 2 5 2 2 1 4 3 3 4 2 3 5 4 2 4 3 4 5 1 4 4 4 3 4 2 4 5 3 3 3 3 4 3 3 2 2 3 1 4 3 3 4 4 4 4 5 2 2 4 3 2 3 3 4 2 2 1 3 2 3 2 3 3 2 3 3 3 4 3 3 4 2 2 2 4 2 1 3 5 3 5 2 2 2 1 4 4 5 2 1 3 2 4 4 2 3 4 2 4 4 4 3 3 3 5 2 1 2 2 2 2 2 3 3 4 3 4 4 2 4 1 4 3 2 2 2 2 3 4 4 4 3 2 2 3 4 4 4 3 1 3 4 2 1 4 4 2 2 3 3 3 5 3 4 3 2 3 4 4 3 4 5 4 3 3 3 3 2 1 4 1 3 4 3 4 3 4 3 4 3 3 4 4 3 3 2 2 2 2 3 3 3 2 2 3 3 3 
5 4 5 12 1 6 8 9 6 9 2 6 7 7 4 10 6 8 10 9 6 8 6 8 5 9 10 5 4 10 8 7 10 14 7 6 5 7 5 6 6 5 6 4 9 7 5 7 9 11 5 6 9 7 10 8 8 7 7 4 6 12 11 5 8 6 6 8 7 7 9 7 4 10 8 9 10 9 8 9 6 9 12 7 7 10 5 7 2 12 5 6 8 7 3 6 10 4 9 9 7 3 8 6 8 7 6 6 10 11 5 11 7 6 8 8 6 4 9 11 7 6 9 9 8 11 7 7 3 7 8 7 8 3 11 6 8 8 5 9 5 3 10 7 3 6 4 10 6 9 12 7 4 4 8 7 6 6 8 9 9 2 10 3 10 4 6 2 4 5 5 6 11 10 6 6 5 6 6 10 8 9 4 7 12 8 8 7 5 10 5 2 8 6 8 4 11 3 5 5 
1 1 1 1 1 1 1 1 1 1 1 1 1 1 1 1 1 1 2 1 1 1 0 1 1 1 1 1 1 1 1 1 1 1 1 1 1 1 1 1 1 1 1 1 1 2 1 1 1 1 1 1 2 2 1 1 1 1 1 1 1 1 1 0 1 1 1 1 1 1 1 1 1 1 1 1 1 1 2 1 0 1 1 1 1 1 1 1 1 1 0 1 1 1 1 1 2 1 1 1 1 1 2 1 2 1 1 1 1 1 1 1 2 1 1 1 1 1 1 1 1 1 1 0 1 1 1 1 1 1 1 1 1 1 0 1 1 1 1 1 0 1 1 1 1 1 0 1 1 1 1 1 1 1 1 1 0 1 1 1 1 1 1 1 1 1 2 1 1 1 1 1 2 1 1 1 1 1 0 1 1 1 1 1 1 1 1 1 1 1 1 1 1 1 2 1 1 0 1 1 
12 8 7 6 10 8 15 14 10 9 10 13 9 10 3 7 9 9 5 7 7 5 8 8 5 8 8 8 7 10 8 8 5 8 8 7 7 11 8 10 14 7 10 10 10 6 5 7 9 7 4 10 9 10 12 11 8 9 13 10 7 9 11 9 13 7 8 11 7 8 7 5 8 10 7 2 5 11 10 5 10 6 12 3 8 13 8 11 9 12 11 4 7 7 6 9 10 7 11 12 6 6 5 7 9 4 7 10 5 8 10 9 6 10 5 5 3 10 5 8 9 4 4 7 13 6 13 9 4 8 7 3 7 10 5 5 12 8 4 7 8 3 3 9 9 7 12 5 8 10 16 6 8 9 8 10 3 7 8 8 6 10 12 6 10 8 6 10 6 7 9 5 7 5 5 8 8 7 11 9 6 6 10 5 3 3 8 4 8 7 5 8 9 10 11 7 9 9 6 10 
2 2 4 3 5 6 4 5 6 5 4 3 4 3 4 3 5 3 3 5 0 3 1 4 3 3 4 2 3 3 6 4 2 5 6 3 6 5 5 5 5 2 4 3 3 2 3 5 5 4 5 2 6 4 5 5 3 6 4 5 2 2 4 5 5 6 2 3 6 4 7 4 4 4 5 3 5 4 5 4 3 5 4 2 4 4 5 5 6 3 5 4 2 4 5 1 4 2 5 5 7 2 4 6 7 3 4 4 5 3 4 3 4 4 5 3 5 4 4 6 3 4 4 3 4 4 4 6 5 3 6 5 5 5 2 3 4 3 2 4 4 6 2 4 3 5 6 6 2 5 4 1 4 6 1 3 3 4 3 6 7 4 5 4 6 4 6 4 5 4 5 3 8 3 2 3 4 5 7 4 3 5 4 4 4 5 6 4 5 5 5 4 4 4 4 6 2 6 3 3 
4 7 5 2 6 5 4 5 4 4 4 7 5 6 4 3 6 6 4 9 4 2 7 3 3 5 8 6 6 5 5 5 5 3 6 5 4 5 5 4 5 6 3 6 6 5 5 5 4 0 5 5 4 7 4 4 2 4 4 5 2 6 5 3 7 3 3 5 4 2 3 3 5 6 5 5 6 2 7 5 4 5 5 3 8 9 4 4 5 6 4 6 3 3 2 7 3 5 5 1 4 7 5 3 5 9 2 5 3 8 3 7 7 6 6 6 7 5 7 4 6 10 6 3 3 6 6 7 5 5 5 6 8 3 3 5 4 9 5 8 6 5 4 5 8 5 8 5 7 6 3 3 3 5 5 5 7 4 1 8 6 5 6 7 3 5 6 8 4 6 3 5 4 4 5 7 5 2 0 5 7 4 5 6 6 5 3 6 5 3 4 4 7 4 4 9 7 3 5 4 
8 10 13 7 6 8 7 10 6 8 8 5 3 9 8 13 9 14 13 10 11 4 12 12 7 7 6 8 8 6 8 9 8 8 7 10 16 10 11 10 10 6 16 10 8 10 11 9 8 15 2 4 4 11 9 7 10 13 8 9 14 10 9 13 13 6 11 7 3 7 11 3 8 13 10 7 4 13 12 5 10 7 10 6 6 8 7 15 8 11 13 8 7 9 6 8 12 12 6 6 12 6 11 13 11 7 13 11 10 14 8 12 10 12 9 9 8 10 6 12 3 11 11 5 7 10 9 10 10 7 9 6 3 11 10 8 6 11 9 9 8 6 5 5 14 8 15 7 12 10 10 11 8 13 10 10 9 7 6 8 11 4 11 7 10 5 5 6 9 4 8 14 7 10 8 3 10 5 10 11 10 11 11 16 16 7 10 5 7 5 9 10 11 11 10 12 6 12 8 6 
7 15 8 12 9 15 9 17 11 8 6 10 11 10 10 14 16 8 7 17 12 7 7 12 4 13 10 13 13 15 13 7 10 5 13 8 13 8 9 11 12 7 8 12 9 10 1 8 10 11 13 14 10 4 15 12 7 7 15 9 8 13 12 10 13 14 13 12 11 9 13 10 12 8 12 4 5 14 8 3 16 13 13 10 6 5 8 14 12 5 9 13 6 15 3 11 4 3 5 10 10 10 11 8 6 14 12 14 8 9 13 7 15 7 7 6 12 9 16 11 7 4 12 9 8 2 9 10 10 9 14 4 11 11 12 13 9 11 10 10 6 11 5 8 10 5 10 12 6 9 12 9 8 13 10 5 11 12 5 12 8 9 15 11 6 10 10 13 10 16 10 11 10 8 11 7 14 12 15 14 11 7 9 8 12 14 16 10 11 6 16 9 4 10 6 12 8 6 9 7 
9 7 8 8 5 6 11 8 11 3 9 10 6 12 9 3 7 10 4 4 11 11 9 8 8 5 12 9 7 5 8 11 12 12 4 7 9 7 7 11 9 7 9 10 8 12 5 3 6 8 7 9 5 9 10 9 7 5 9 5 6 6 5 8 10 9 7 9 12 13 7 5 8 8 7 10 9 8 4 8 13 8 6 9 11 8 12 6 1 10 9 5 4 7 9 15 10 7 8 7 9 11 6 7 5 13 9 9 8 6 8 11 7 7 6 6 10 7 10 11 5 4 5 4 8 10 6 6 9 6 4 8 6 8 6 11 6 7 3 8 10 5 10 8 4 7 11 8 10 10 4 11 9 9 8 10 7 5 7 2 9 10 4 8 10 6 4 11 8 10 10 3 10 9 6 5 11 8 7 4 5 6 11 9 10 5 9 9 4 9 7 4 12 8 7 4 8 9 9 7 
3 2 1 2 3 1 2 1 1 1 3 3 2 2 2 2 3 2 2 2 3 2 2 1 1 2 1 2 2 2 2 2 1 3 2 3 3 3 2 1 2 2 2 2 2 3 3 3 3 2 3 2 3 1 2 3 2 2 2 2 2 2 2 1 2 2 2 1 2 2 3 2 3 2 2 2 3 3 3 3 2 2 2 2 1 2 3 1 2 3 1 1 2 2 2 3 3 3 3 2 2 1 2 1 2 2 1 2 2 1 2 3 1 1 2 2 1 2 2 3 2 3 2 1 2 2 3 1 2 2 2 3 2 1 2 3 3 2 3 2 2 2 3 1 2 3 2 3 2 2 2 1 2 1 2 1 3 2 3 2 1 2 2 2 2 2 2 2 2 1 2 2 3 1 3 3 2 2 3 2 2 2 3 2 2 4 2 2 2 0 2 2 2 2 2 3 2 2 2 2 
1 1 2 1 4 2 2 2 2 2 2 3 2 2 2 3 2 1 2 1 2 2 1 2 2 2 1 2 2 2 2 3 2 2 2 3 1 3 2 2 3 1 2 2 2 3 2 2 2 2 3 3 2 2 1 3 2 2 3 2 0 2 1 2 2 3 2 2 3 3 2 2 2 1 1 3 2 2 2 1 1 0 3 3 2 3 2 2 2 3 3 3 2 2 3 3 2 2 1 1 2 1 1 1 2 3 3 2 1 3 3 2 3 1 2 1 2 2 4 1 3 1 2 3 2 2 2 3 2 2 2 2 2 1 1 2 2 2 3 2 2 2 2 2 3 1 1 1 0 2 3 2 1 2 1 2 3 2 2 1 2 2 1 1 2 2 2 4 2 1 2 2 2 2 2 3 2 1 2 2 3 2 2 2 1 4 1 1 3 2 2 2 2 2 2 3 2 1 3 3 
10 8 7 6 6 9 7 8 7 8 8 9 9 3 10 7 6 8 10 7 15 9 10 11 7 6 10 10 9 6 6 11 10 7 9 7 6 8 6 9 5 9 10 11 9 10 11 8 7 9 8 6 8 9 2 7 8 7 8 5 9 7 7 5 10 9 6 11 7 10 15 6 5 6 8 11 3 8 8 6 12 9 13 8 7 7 5 8 10 7 8 6 10 6 9 3 5 12 7 2 5 6 4 9 9 9 10 6 9 7 9 8 5 4 8 11 14 3 11 10 9 6 7 7 10 6 9 4 5 13 9 13 10 9 5 5 7 11 9 13 9 11 6 11 9 10 7 12 5 11 8 9 8 8 10 10 5 10 9 11 9 8 4 11 11 11 10 6 10 7 9 9 10 9 6 5 11 10 9 10 9 4 9 8 11 10 9 10 10 4 10 9 9 13 9 8 5 7 12 12 
13 7 5 7 9 6 5 10 12 9 3 5 5 9 4 6 8 6 7 5 11 6 8 9 3 10 9 13 3 7 9 7 2 8 13 7 9 2 5 8 10 7 3 11 8 9 11 7 14 7 11 10 6 8 6 3 8 9 5 7 2 6 6 6 8 10 6 8 6 9 7 4 7 9 2 10 12 9 13 12 13 6 8 10 12 7 4 8 6 13 10 10 7 7 5 4 6 12 6 14 14 14 8 10 9 11 9 9 0 7 8 9 4 1 5 7 5 5 11 6 14 4 8 4 7 4 9 12 5 5 9 11 8 9 2 10 11 5 12 6 9 9 9 6 7 10 10 10 3 10 10 7 12 9 8 12 13 10 9 7 13 4 12 9 10 10 8 8 7 7 11 6 6 11 6 14 9 9 7 11 9 5 5 1 6 9 7 13 11 7 7 13 9 8 3 7 6 10 7 8 
6 10 7 6 8 7 3 12 8 7 6 2 10 9 9 8 11 7 4 8 10 5 10 9 4 5 3 5 8 10 11 9 12 8 11 5 8 7 10 6 8 8 8 9 9 7 8 12 6 6 5 8 8 6 6 5 8 6 8 7 8 7 6 5 7 8 8 5 8 9 9 7 4 6 13 10 8 10 8 7 6 10 4 5 5 9 6 3 7 5 2 9 8 5 10 10 6 3 7 5 10 10 5 7 8 7 5 9 9 8 7 7 8 6 10 10 11 8 8 7 6 5 7 8 6 4 8 5 1 8 9 4 5 6 7 7 5 8 9 7 6 4 10 1 5 9 6 13 3 7 7 8 7 5 6 6 7 12 9 6 6 4 9 7 8 9 5 9 5 7 7 6 11 8 6 10 11 7 7 3 6 3 8 6 9 8 5 7 4 9 8 5 6 7 11 4 8 7 9 7 
4 3 2 3 2 4 3 4 4 2 4 4 4 4 2 4 3 3 2 3 3 2 3 4 4 3 3 2 4 6 4 4 3 3 4 5 5 4 4 3 5 2 2 5 3 4 2 1 3 2 3 3 1 2 4 4 2 2 3 4 1 3 2 3 5 3 2 3 4 4 2 5 3 2 2 3 3 2 3 4 3 4 4 4 2 3 2 4 3 2 2 4 2 4 3 6 2 3 2 4 3 3 3 3 1 2 5 2 4 3 2 3 3 3 1 3 4 3 3 4 5 4 3 3 4 5 3 4 4 2 4 3 2 5 4 4 3 2 4 0 2 2 3 3 4 3 3 3 3 2 3 3 3 3 4 4 4 4 2 3 3 2 2 3 4 6 2 4 2 4 3 2 3 3 4 2 2 2 3 3 3 5 2 1 5 2 2 2 4 2 4 3 4 4 3 4 2 5 4 2 
6 6 11 11 14 11 8 12 7 12 9 10 8 11 14 5 9 5 12 14 9 5 8 7 8 5 11 7 9 6 8 5 7 8 8 6 4 9 7 10 10 7 8 4 9 7 9 15 11 12 10 6 6 9 8 16 6 11 13 13 7 9 7 6 11 9 3 12 11 5 11 7 4 13 8 7 9 5 11 7 11 15 8 14 1 5 9 4 10 10 4 9 7 9 12 6 5 10 6 10 12 6 9 9 9 14 5 4 8 12 14 8 9 9 5 10 11 12 16 8 9 5 9 15 4 16 5 7 10 8 13 8 13 9 5 8 8 9 11 5 9 13 6 8 10 9 9 9 8 0 11 9 9 9 11 11 10 14 6 6 8 6 12 11 14 9 9 14 10 13 10 7 12 11 15 8 13 8 12 11 9 7 11 7 10 6 11 7 9 7 2 9 8 10 7 6 11 10 9 11 
9 12 12 11 8 8 8 7 12 7 9 5 11 4 11 8 7 12 8 10 6 9 9 11 8 9 7 10 8 8 6 5 7 10 11 10 9 7 6 11 11 9 11 11 11 7 9 11 8 10 10 14 13 10 13 11 5 9 9 15 8 6 12 5 11 9 7 13 10 7 8 8 8 7 7 14 12 6 9 15 6 10 6 8 5 13 10 12 10 13 11 17 9 10 7 10 13 15 10 8 11 10 9 9 15 14 8 9 7 7 8 7 14 5 6 6 12 6 10 12 13 7 11 13 11 3 11 14 11 10 9 9 9 7 8 10 14 11 9 10 11 10 2 8 7 10 12 15 1 14 14 9 11 12 6 6 8 9 12 12 7 7 12 13 7 7 9 5 8 13 12 3 9 8 8 8 8 10 10 10 8 10 12 7 9 6 11 9 6 7 9 13 12 10 9 15 14 8 12 2 
5 8 3 4 5 6 6 6 5 3 8 3 6 6 4 4 4 3 4 4 6 4 3 6 8 4 7 4 6 5 0 4 5 3 6 4 3 4 3 7 6 5 2 5 5 6 5 6 3 6 7 6 5 6 6 7 4 6 4 6 3 6 3 2 2 0 4 10 8 7 5 5 5 6 6 7 6 5 5 1 3 4 7 6 5 2 4 4 2 6 7 4 6 6 6 1 7 7 2 6 5 4 7 6 6 3 6 8 6 6 3 8 7 4 6 7 4 5 7 2 7 5 4 2 5 5 3 7 5 5 6 5 2 5 6 7 5 6 8 6 4 3 4 7 3 6 5 4 5 9 5 5 6 4 2 9 4 10 4 7 7 3 5 5 3 5 4 2 8 3 8 3 4 3 2 6 4 6 4 4 5 6 8 5 5 4 7 1 5 7 5 7 9 4 4 6 7 4 5 6 
5 5 4 6 7 1 5 6 4 2 5 6 7 5 8 3 5 4 5 2 3 3 7 6 8 3 8 5 5 2 5 7 6 4 7 6 5 4 5 5 6 7 4 3 7 4 3 4 4 8 1 3 5 4 7 4 6 3 6 8 5 6 6 9 5 3 4 7 5 6 5 2 4 4 5 6 7 4 7 4 8 1 5 6 3 3 8 6 7 6 4 3 7 9 3 6 6 4 5 6 7 3 4 4 6 5 6 3 7 5 4 5 3 5 3 6 4 3 3 8 7 5 6 6 3 6 2 5 3 4 3 5 7 7 5 3 5 4 6 6 5 4 6 6 3 5 8 4 6 4 5 5 5 4 3 4 3 2 6 5 3 4 6 5 3 5 2 1 7 2 3 4 5 5 3 3 5 3 4 5 5 7 6 6 7 6 4 4 7 5 7 4 3 4 6 6 5 6 3 2 
13 14 10 11 4 6 4 10 13 12 12 15 16 10 8 13 14 10 5 11 8 9 13 17 12 10 10 10 10 11 11 0 20 11 17 14 11 13 10 10 7 9 14 5 10 12 11 5 9 12 7 6 5 10 11 13 9 6 10 7 7 13 3 14 8 11 14 10 7 8 13 15 15 14 7 10 12 12 8 17 7 5 14 11 13 5 7 7 11 10 7 7 6 13 13 12 10 7 14 11 11 11 9 6 9 11 10 4 7 9 14 14 13 7 10 9 19 8 9 11 7 5 7 12 12 11 9 12 5 12 11 6 12 9 10 8 4 9 11 10 9 13 13 16 7 15 14 12 9 8 7 6 8 7 6 9 10 9 7 11 10 11 12 10 12 10 11 12 16 6 10 7 16 9 15 8 14 12 7 10 9 11 15 11 10 10 5 10 9 9 8 0 10 7 13 14 11 7 8 8 
3 3 3 5 2 3 2 3 3 3 4 4 2 2 1 3 3 2 4 4 2 3 3 3 1 3 4 2 3 2 4 4 3 4 3 3 1 2 3 2 3 4 3 4 3 1 2 4 3 4 3 3 4 1 4 3 3 3 1 3 4 3 4 5 3 3 2 3 2 4 3 4 3 3 3 4 1 2 1 3 2 3 3 2 4 3 2 4 2 4 4 2 3 2 3 4 5 2 6 5 3 2 3 3 2 5 3 4 4 1 3 4 3 4 3 2 2 3 2 1 2 4 3 3 3 5 4 5 5 4 4 1 4 4 5 2 3 4 4 2 3 2 4 2 3 5 3 3 4 3 2 4 2 2 2 4 2 4 4 2 2 5 2 3 2 4 5 1 4 5 3 4 2 3 3 2 2 3 4 4 4 4 2 3 3 5 3 4 3 3 3 2 4 5 3 5 3 3 4 3 
8 7 9 4 3 5 8 6 7 9 5 6 4 2 8 4 9 7 5 3 2 7 5 9 0 5 5 4 9 5 4 7 5 3 3 3 5 5 0 7 7 8 4 4 7 8 8 9 6 6 6 8 6 8 7 6 5 5 6 7 9 6 7 5 6 6 5 3 8 6 5 7 7 8 5 6 5 7 4 4 4 6 10 8 9 9 2 7 7 5 6 5 5 6 7 4 5 4 7 3 6 8 8 4 7 5 3 5 7 4 6 5 9 4 9 10 6 8 8 8 3 3 4 7 5 8 5 9 9 8 11 7 6 3 4 5 8 6 4 7 6 5 4 5 7 9 6 3 5 7 6 3 6 3 6 5 8 6 6 9 7 5 8 5 6 4 11 8 8 7 9 5 8 4 7 3 5 5 2 7 8 7 6 6 5 7 5 6 6 8 7 8 2 6 7 8 6 2 10 9 
5 8 6 5 5 4 4 5 6 5 5 7 4 4 5 4 4 7 4 3 7 6 4 7 5 2 9 6 6 4 8 5 3 7 7 7 6 6 6 5 5 6 4 5 5 4 5 6 4 5 6 6 7 7 4 4 4 6 3 6 5 6 4 6 6 5 6 8 6 7 4 4 4 5 3 6 3 5 4 6 7 4 5 5 7 6 9 5 3 4 6 5 8 2 7 6 3 5 3 6 4 5 2 3 5 4 5 9 4 7 5 5 6 7 3 2 5 1 4 3 5 5 5 7 3 9 5 5 4 3 6 6 7 2 5 7 3 6 5 7 3 8 5 3 5 4 4 4 4 8 8 7 4 8 3 5 9 5 3 2 7 2 4 4 7 6 5 2 6 5 5 3 5 5 6 4 7 6 6 8 4 4 6 6 6 7 4 5 7 7 3 4 7 5 3 10 5 4 2 5 
12 9 7 4 10 8 11 3 5 11 6 8 11 6 6 10 2 8 4 11 6 7 10 8 8 10 7 16 1 6 6 6 5 4 10 8 9 8 6 9 9 6 8 5 7 9 9 12 10 9 4 8 7 11 9 5 11 5 9 11 5 13 7 9 9 8 7 10 9 8 1 14 9 6 6 9 5 7 7 7 11 11 9 8 10 2 8 11 7 6 10 8 8 8 8 8 6 6 9 11 6 4 6 7 12 7 8 7 8 3 9 8 8 12 8 9 6 8 4 12 5 10 10 10 5 6 16 9 2 0 6 6 7 14 7 11 8 11 5 6 10 6 10 11 11 10 10 12 13 8 8 10 2 9 7 5 5 7 6 14 5 9 8 8 7 12 5 8 11 13 9 8 7 5 10 4 9 3 8 5 11 8 10 9 10 5 5 13 11 6 5 8 6 3 6 11 8 7 8 5 
4 4 2 2 2 0 2 3 2 1 4 4 3 3 4 3 5 4 2 3 5 5 3 3 3 2 4 4 3 3 4 3 3 2 3 2 3 2 4 3 3 2 4 3 4 2 2 4 4 3 4 2 1 2 2 3 4 4 3 3 3 3 4 2 3 2 2 4 2 3 4 4 1 3 4 2 3 3 3 2 4 4 3 4 5 3 3 4 2 3 3 4 2 3 3 2 5 2 4 2 3 6 2 4 3 1 1 4 2 4 3 3 2 2 4 4 5 2 3 4 3 4 3 2 3 3 4 4 3 1 4 5 3 3 3 2 2 3 2 2 2 3 5 1 4 2 5 3 1 3 3 4 3 3 3 3 4 3 3 1 3 4 1 5 3 3 4 3 4 3 3 3 3 1 2 3 3 2 2 3 3 5 2 3 3 3 3 3 4 2 3 3 4 3 2 2 4 3 4 3 
5 7 6 4 9 5 10 11 7 8 5 7 4 6 9 5 5 5 7 4 3 4 5 8 6 7 10 5 9 11 6 9 5 7 4 7 3 7 7 8 5 6 3 10 11 9 9 6 8 6 6 9 4 5 5 4 7 10 3 7 11 9 5 7 8 8 6 8 7 6 7 5 8 12 6 5 10 7 7 6 6 11 8 11 10 8 8 9 8 8 3 8 4 11 11 8 3 9 10 7 7 2 8 10 7 8 4 5 12 8 8 7 4 10 9 9 11 5 5 13 6 9 5 8 8 9 5 8 8 5 8 7 8 6 5 4 9 7 9 9 10 10 7 1 8 10 4 7 10 8 6 10 7 8 7 9 9 7 4 10 3 6 10 10 8 6 2 7 5 11 5 10 6 5 10 6 6 8 5 6 5 5 11 7 6 9 8 6 11 8 8 3 12 8 6 9 12 2 2 9 
3 4 1 5 5 3 3 4 10 4 7 4 7 5 5 5 5 4 5 6 5 8 2 5 6 7 3 3 1 3 5 3 4 6 3 6 4 5 6 2 5 6 4 3 5 7 6 4 2 4 7 3 7 7 3 4 7 1 4 8 3 6 5 3 3 4 6 7 3 4 7 6 7 3 3 5 4 7 7 3 1 6 6 5 3 4 6 6 8 4 5 3 5 6 5 2 4 6 1 5 4 1 6 6 3 5 3 5 6 6 1 5 4 5 9 3 4 5 3 7 5 5 6 3 3 4 4 3 4 6 5 6 5 4 7 3 5 7 7 4 5 7 8 6 7 5 5 4 7 6 6 6 5 7 4 2 4 0 5 4 5 6 6 3 4 6 6 6 6 4 6 6 4 4 6 2 5 6 7 4 3 6 5 7 6 4 6 6 2 7 9 5 4 5 4 7 5 5 6 2 
