NAME  : Jabali_50_4_0.85_1_4
TYPE : SVRP
MODEL : FINITE_SUPPORT
NUMBER_OF_SCENARIOS : 200
DIMENSION : 50
EDGE_WEIGHT_TYPE : MATRIX
CAPACITY : 91
N_VEHICLES : 4
NODE_COORD_SECTION
1 3280 3626
2 4912 2603
3 2327 4516
4 5785 2644
5 5192 4810
6 2585 7435
7 3224 657
8 479 3203
9 4961 2824
10 189 2849
11 2250 1807
12 1403 5653
13 1267 324
14 4681 6862
15 5300 7005
16 1159 18
17 6817 1357
18 3420 4659
19 1463 6727
20 5849 4197
21 3168 437
22 6141 2551
23 1650 4208
24 3170 7522
25 644 5638
26 498 6033
27 1865 6421
28 3986 1230
29 2950 6822
30 6326 4969
31 1449 2535
32 3110 2044
33 2834 2023
34 3030 5823
35 2906 3055
36 5170 6642
37 4423 7338
38 5897 3368
39 3854 591
40 433 6646
41 2806 7224
42 6698 3661
43 6214 1520
44 3061 6898
45 27 5919
46 549 3697
47 7195 2221
48 2631 1238
49 1652 5971
50 6176 1933
DEMAND_SECTION
1 0.0
2 8.0
3 2.0
4 7.0
5 2.0
6 1.0
7 10.0
8 1.0
9 8.0
10 3.0
11 6.0
12 5.0
13 8.0
14 10.0
15 9.0
16 10.0
17 5.0
18 9.0
19 10.0
20 2.0
21 5.0
22 6.0
23 8.0
24 2.0
25 5.0
26 8.0
27 9.0
28 8.0
29 8.0
30 9.0
31 10.0
32 4.0
33 10.0
34 5.0
35 1.0
36 10.0
37 2.0
38 6.0
39 5.0
40 4.0
41 7.0
42 5.0
43 4.0
44 5.0
45 10.0
46 9.0
47 10.0
48 5.0
49 8.0
50 7.0
DEVIATION_SECTION
1 0.0
2 2.66667
3 0.666667
4 2.33333
5 0.666667
6 0.333333
7 3.33333
8 0.333333
9 2.66667
10 1.0
11 2.0
12 1.66667
13 2.66667
14 3.33333
15 3.0
16 3.33333
17 1.66667
18 3.0
19 3.33333
20 0.666667
21 1.66667
22 2.0
23 2.66667
24 0.666667
25 1.66667
26 2.66667
27 3.0
28 2.66667
29 2.66667
30 3.0
31 3.33333
32 1.33333
33 3.33333
34 1.66667
35 0.333333
36 3.33333
37 0.666667
38 2.0
39 1.66667
40 1.33333
41 2.33333
42 1.66667
43 1.33333
44 1.66667
45 3.33333
46 3.0
47 3.33333
48 1.66667
49 2.66667
50 2.33333
DISTANCE_MATRIX
0.0 25.808 17.8045 37.8386 31.8617 52.6482 40.4475 39.0128 26.3487 43.2897 28.6007 37.1633 53.4135 48.1248 52.523 57.0088 57.7959 15.2971 49.0057 36.0139 42.5793 42.2898 23.2594 53.5468 44.5533 48.9502 44.0224 33.3766 45.0237 45.3764 29.5466 21.8403 22.8473 31.1638 9.21954 48.2548 54.5597 36.4005 41.0488 55.0527 49.6531 46.6905 50.7618 44.8022 53.0377 37.3363 57.9012 33.6155 39.049 46.3946 
25.808 0.0 43.6015 12.083 31.9284 78.4683 37.0167 60.4152 2.23607 63.6396 38.0789 62.8918 59.9416 59.9644 60.7965 63.1348 32.6706 40.7356 75.2897 23.7877 39.2047 16.5529 48.0108 77.336 70.2407 74.6788 70.3064 25.6208 70.8438 35.5584 47.0425 26.9258 29.8329 56.9839 26.9258 56.7158 66.2941 15.5242 34.1213 80.7812 75.4732 26.6833 25.6364 70.6224 78.6707 60.088 32.2025 37.1214 64.7775 21.2692 
17.8045 43.6015 0.0 58.1718 39.2046 39.8133 54.231 31.7648 44.1421 37.2156 37.4833 19.7037 60.1664 51.6583 59.5695 63.6946 75.5894 14.0357 31.5461 48.7647 56.1427 60.8765 10.7703 43.3051 27.0996 31.4906 26.5629 49.6488 35.0826 55.1453 30.5287 35.3553 35.0571 23.3401 21.587 55.7512 51.7147 52.8927 56.5155 37.5931 38.0876 61.2846 68.5552 34.4721 35.617 27.5136 74.6277 45.0444 21.5894 64.188 
37.8386 12.083 58.1718 0.0 29.1548 77.23 45.3113 72.2772 12.2066 75.3127 48.1664 76.7201 68.3787 57.2189 58.0775 71.4727 21.9545 47.9516 81.0448 20.6155 47.0476 4.47214 60.0413 74.6313 85.0923 89.6794 74.6961 32.5136 69.6054 31.7805 58.4209 37.054 40.05 56.2917 38.8973 54.0093 63.5894 9.84886 38.6155 93.0207 74.2349 18.6011 15.5242 69.384 93.6097 72.111 20.1246 45.7049 74.6787 10.7703 
31.8617 31.9284 39.2046 29.1548 0.0 50.636 62.1588 67.897 30.4218 72.5672 56.6112 52.9245 80.6846 28.0713 29.6142 84.1214 50.0 25.4951 55.8187 12.0416 64.3917 31.7805 49.0 45.4079 62.9682 65.7951 49.6488 52.6827 44.4169 16.0 59.7486 46.481 48.8667 31.3847 39.685 25.318 34.3657 21.1896 61.1832 68.6003 47.2532 25.4558 44.5533 44.1955 71.3092 65.192 43.4166 58.4632 50.5371 39.6232 
52.6482 78.4683 39.8133 77.23 50.636 0.0 92.0598 62.6259 78.428 68.2495 74.3924 27.6586 96.0701 27.8568 35.171 99.5362 98.3132 40.3734 17.72 61.4839 93.8903 79.9347 43.4166 7.0 34.8855 33.8378 16.4012 86.4476 8.94427 58.2707 65.7951 73.4201 72.8245 22.0227 60.0394 34.5398 23.3452 70.766 94.1475 31.1448 3.60555 73.9447 92.561 8.544 39.5601 56.7274 93.5448 82.3837 22.6716 87.6464 
40.4475 37.0167 54.231 45.3113 62.1588 92.0598 0.0 51.0882 39.0546 50.9313 20.2485 71.5891 27.074 88.5413 91.4596 29.4279 48.0416 55.7859 83.7926 60.4835 2.23607 45.3113 52.2015 93.1633 76.2168 81.2712 78.8093 13.0384 84.6402 72.2541 35.0 19.0 19.2354 70.7804 33.0 87.0813 94.9762 51.9205 8.06226 88.6002 89.2697 62.243 41.4367 84.4188 83.3847 54.6443 56.2939 11.4018 73.8358 42.45 
39.0128 60.4152 31.7648 72.2772 67.897 62.6259 51.0882 0.0 61.0143 5.65685 31.1127 35.8469 41.4367 76.5971 84.5083 44.1814 89.1257 44.9444 49.1935 75.0267 52.0096 76.6551 21.095 67.2086 33.9559 38.6394 46.8722 54.4059 59.4138 83.7257 16.2788 38.5876 36.0555 48.2788 33.541 80.6899 76.6271 74.5453 57.28 46.6905 61.6198 85.2877 81.1617 58.6941 38.0132 6.32456 92.0489 39.6989 40.4969 80.0849 
26.3487 2.23607 44.1421 12.2066 30.4218 78.428 39.0546 61.0143 0.0 64.3817 39.5601 63.4325 61.7738 58.4578 59.2898 65.0 33.4215 49.1496 82.2429 22.2811 41.2426 16.6433 48.5514 75.8294 70.7813 75.2194 75.8942 27.6586 70.8035 34.0518 48.0 28.4605 31.3209 57.4898 27.4838 55.2091 64.7874 14.1421 36.1591 94.2188 75.4329 25.318 26.3908 70.582 79.2113 60.6287 32.249 38.9487 75.8767 22.0227 
43.2897 63.6396 37.2156 75.3127 72.5672 68.2495 50.9313 5.65685 64.3817 0.0 31.6228 41.3401 38.3275 82.1862 90.0974 40.7922 91.1811 50.1597 54.5894 79.2275 51.6236 79.6241 26.6271 72.8629 38.8973 43.4166 52.4309 55.5698 65.0692 88.2912 17.4642 40.3113 37.5766 53.868 37.054 86.279 82.2328 78.1601 57.6281 51.4198 67.2681 89.0505 83.2205 64.3506 42.2966 11.6619 94.8314 39.6989 46.0435 81.9312 
28.6007 38.0789 37.4833 48.1664 56.6112 74.3924 20.2485 31.1127 39.5601 31.6228 0.0 53.1507 24.8395 76.1892 80.5875 28.4253 60.8769 42.9418 66.0 58.3108 21.4709 52.0384 33.2415 77.8842 56.7539 61.8466 61.131 24.1661 69.6617 69.3542 14.8661 11.1803 8.24621 57.9192 19.4165 76.3193 82.6204 53.6004 26.1725 69.4262 72.6667 64.7611 53.1507 69.0512 63.5689 34.4093 66.1891 8.94427 56.0 52.345 
37.1633 62.8918 19.7037 76.7201 52.9245 27.6586 71.5891 35.8469 63.4325 41.3401 53.1507 0.0 72.9932 47.676 55.7315 76.2955 94.8797 39.1887 13.6015 63.9928 73.3485 79.4248 20.0 33.2866 10.198 13.0384 11.3137 68.1542 26.9258 68.0074 42.4264 53.1601 52.3927 22.3607 39.9249 53.2353 46.1736 69.9847 74.6324 18.0278 27.4591 77.208 87.8455 26.0 18.3848 29.6816 93.176 61.5224 5.0 83.1282 
53.4135 59.9416 60.1664 68.3787 80.6846 96.0701 27.074 41.4367 61.7738 38.3275 24.8395 72.9932 0.0 100.734 105.326 3.60555 75.1066 67.4166 86.4928 82.2411 26.0 71.4831 53.3667 99.5619 74.027 79.0063 82.4621 39.0512 91.3394 93.2845 30.5941 34.2053 31.8904 79.5969 44.2041 101.058 107.358 75.1532 35.0143 87.023 94.3444 86.0179 68.469 90.7289 79.1581 47.1699 83.1865 22.8254 76.6877 69.2315 
48.1248 59.9644 51.6583 57.2189 28.0713 27.8568 88.5413 76.5971 58.4578 82.1862 76.1892 47.676 100.734 0.0 8.06226 104.323 77.666 35.7537 43.2897 38.3275 90.666 59.6825 55.6715 21.4709 57.3149 58.0086 39.0 82.9764 22.0907 33.2866 75.2779 69.8634 70.7568 29.5707 56.7867 6.7082 6.7082 48.8365 91.2902 57.4282 25.0 50.1597 72.5603 23.0868 64.0078 71.5151 69.8928 81.5253 43.2897 67.6018 
52.523 60.7965 59.5695 58.0775 29.6142 35.171 91.4596 84.5083 59.2898 90.0974 80.5875 55.7315 105.326 8.06226 0.0 108.928 77.4145 40.1519 51.1566 38.0526 93.6925 60.0083 63.5827 28.4605 65.3758 66.0303 47.0106 81.9836 30.0167 30.6757 79.6762 74.2616 75.155 37.4819 61.1849 4.47214 12.083 49.0102 90.4841 65.2763 32.5576 48.5077 73.0068 31.0161 72.0278 79.4263 68.6586 85.9236 51.3517 68.0074 
57.0088 63.1348 63.6946 71.4727 84.1214 99.5362 29.4279 44.1814 65.0 40.7922 28.4253 76.2955 3.60555 104.323 108.928 0.0 77.3175 71.0211 89.822 85.6879 28.1603 74.2604 56.7539 103.028 77.1038 82.0549 85.8662 41.7612 94.8055 96.7312 33.9559 37.6431 35.3836 83.063 47.8017 104.66 110.961 78.2624 37.2156 90.0888 97.8105 89.1119 70.859 94.195 82.0549 50.04 85.703 26.0768 80.05 71.8053 
57.7959 32.6706 75.5894 21.9545 50.0 98.3132 48.0416 89.1257 33.4215 91.1811 60.8769 94.8797 75.1066 77.666 77.4145 77.3175 0.0 69.0348 102.128 39.4588 49.163 18.3848 79.9987 95.2956 102.229 106.667 95.7794 37.3363 90.6886 48.0416 73.736 50.9215 53.7587 77.375 58.523 73.6817 84.1724 28.8617 40.1123 112.769 95.3181 30.2655 8.06226 90.4672 110.659 90.3934 12.2066 55.4437 95.9979 11.4018 
15.2971 40.7356 14.0357 47.9516 25.4951 40.3734 55.7859 44.9444 49.1496 50.1597 42.9418 39.1887 67.4166 35.7537 40.1519 71.0211 69.0348 0.0 43.5661 35.8469 57.8705 50.6563 24.5153 41.272 49.1641 52.1479 37.1955 48.7149 32.7489 41.3038 40.3609 37.108 37.9473 18.889 23.7697 35.9178 41.831 41.2162 56.4147 55.4892 37.3783 48.7647 63.7219 32.5274 57.5609 41.2311 64.4074 48.7032 37.1472 58.3681 
49.0057 75.2897 31.5461 81.0448 55.8187 17.72 83.7926 49.1935 82.2429 54.5894 66.0 13.6015 86.4928 43.2897 51.1566 89.822 102.128 43.5661 0.0 67.624 85.6231 83.7495 33.2415 24.5153 17.8045 16.1555 6.40312 79.9984 21.2132 69.8141 55.9017 65.1528 64.5573 24.7588 51.7722 49.6488 40.0125 74.3094 86.5551 14.1421 19.105 81.0555 96.8152 20.2237 21.8403 42.9418 97.1046 74.108 10.0 91.4613 
36.0139 23.7877 48.7647 20.6155 12.0416 61.4839 60.4835 75.0267 22.2811 79.2275 58.3108 63.9928 82.2411 38.3275 38.0526 85.6879 39.4588 35.8469 67.624 0.0 62.6714 22.0227 57.7062 56.2557 73.9682 76.9521 61.4003 49.0875 53.7898 12.0416 64.3273 48.0455 50.4326 43.0116 42.7551 34.2345 44.9222 11.0454 57.588 80.1561 58.1011 13.4536 35.0143 56.0022 82.365 73.1095 31.7805 60.0161 61.9112 30.0167 
42.5793 39.2047 56.1427 47.0476 64.3917 93.8903 2.23607 52.0096 41.2426 51.6236 21.4709 73.3485 26.0 90.666 93.6925 28.1603 49.163 57.8705 85.6231 62.6714 0.0 47.0476 53.8516 95.3556 77.7946 82.8613 80.6398 15.0 86.8325 74.4421 36.0555 21.0238 21.095 72.9727 35.0143 89.3143 97.1009 54.1085 9.05539 90.2497 91.462 63.9793 42.7551 86.6111 84.8646 55.7584 57.7235 12.53 75.6664 43.9659 
42.2898 16.5529 60.8765 4.47214 31.7805 79.9347 45.3113 76.6551 16.6433 79.6241 52.0384 79.4248 71.4831 59.6825 60.0083 74.2604 18.3848 50.6563 83.7495 22.0227 47.0476 0.0 64.4925 77.1627 87.797 92.3841 77.4008 32.5136 72.3101 32.28 62.6498 41.0 44.0 58.9964 43.3244 56.0803 66.0984 11.0 38.6155 95.7254 76.9396 17.0294 13.0 72.0887 96.3144 76.5506 15.6525 49.5533 77.3834 8.0 
23.2594 48.0108 10.7703 60.0413 49.0 43.4166 52.2015 21.095 48.5514 26.6271 33.2415 20.0 53.3667 55.6715 63.5827 56.7539 79.9987 24.5153 33.2415 57.7062 53.8516 64.4925 0.0 47.2017 24.1661 29.1548 29.1204 50.2494 39.0512 65.0 22.8035 34.4384 33.2415 27.3532 22.6716 59.7643 55.7279 59.4643 55.9464 36.4005 41.8808 69.4329 72.9645 38.4187 31.9061 16.7631 80.1039 41.7732 23.3452 68.5973 
53.5468 77.336 43.3051 74.6313 45.4079 7.0 93.1633 67.2086 75.8294 72.8629 77.8842 33.2866 99.5619 21.4709 28.4605 103.028 95.2956 41.272 24.5153 56.2557 95.3556 77.1627 47.2017 0.0 41.2311 40.5216 22.3607 87.3461 8.544 53.0377 69.2961 75.1141 76.3353 22.8035 62.6483 28.178 16.4924 66.4341 95.046 38.1182 5.83095 68.7166 89.9624 8.94427 46.3249 61.5224 88.0191 87.0833 28.3019 85.0478 
44.5533 70.2407 27.0996 85.0923 62.9682 34.8855 76.2168 33.9559 70.7813 38.8973 56.7539 10.198 74.027 57.3149 65.3758 77.1038 102.229 49.1641 17.8045 73.9682 77.7946 87.797 24.1661 41.2311 0.0 5.09902 18.9737 74.3034 35.9026 78.1601 44.1814 58.6003 57.3847 32.5576 46.3249 63.0714 55.3173 79.9601 80.1124 13.0 35.4683 87.1835 95.1944 34.9285 8.60233 27.6586 101.548 65.521 14.0357 90.8272 
48.9502 74.6788 31.4906 89.6794 65.7951 33.8378 81.2712 38.6394 75.2194 43.4166 61.8466 13.0384 79.0063 58.0086 66.0303 82.0549 106.667 52.1479 16.1555 76.9521 82.8613 92.3841 29.1548 40.5216 5.09902 0.0 19.0263 79.177 36.1248 80.6536 49.2544 63.561 62.3939 34.7851 51.1077 64.0312 55.4437 82.944 85.0882 8.06226 34.9285 90.1673 99.6325 35.1283 6.0 32.3883 106.135 70.6045 15.5242 95.2653 
44.0224 70.3064 26.5629 74.6961 49.6488 16.4012 78.8093 46.8722 75.8942 52.4309 61.131 11.3137 82.4621 39.0 47.0106 85.8662 95.7794 37.1955 6.40312 61.4003 80.6398 77.4008 29.1204 22.3607 18.9737 19.0263 0.0 75.0152 17.1172 63.654 51.923 60.1696 59.5741 18.4391 46.7889 45.0999 36.4966 67.9607 81.5718 19.3132 16.5529 74.8131 90.4665 16.1245 25.02 40.8044 90.7559 69.1333 6.40312 85.1126 
33.3766 25.6208 49.6488 32.5136 52.6827 86.4476 13.0384 54.4059 27.6586 55.5698 24.1661 68.1542 39.0512 82.9764 81.9836 41.7612 37.3363 48.7149 79.9984 49.0875 15.0 32.5136 50.2494 87.3461 74.3034 79.177 75.0152 0.0 78.823 60.8582 38.2753 16.2788 18.4391 64.9632 28.2312 77.6053 89.4113 40.5245 8.544 85.9069 83.4525 51.374 30.0167 78.6016 82.1523 56.6392 44.2832 18.1108 70.0417 30.2655 
45.0237 70.8438 35.0826 69.6054 44.4169 8.94427 84.6402 59.4138 70.8035 65.0692 69.6617 26.9258 91.3394 22.0907 30.0167 94.8055 90.6886 32.7489 21.2132 53.7898 86.8325 72.3101 39.0512 8.544 35.9026 36.1248 17.1172 78.823 0.0 50.5766 61.0735 66.591 67.8122 14.3178 54.1252 28.4429 19.4165 63.1415 86.5229 35.3553 5.38516 66.2506 84.9365 1.0 42.107 53.9073 85.9202 78.5602 22.1359 80.0219 
45.3764 35.5584 55.1453 31.7805 16.0 58.2707 72.2541 83.7257 34.0518 88.2912 69.3542 68.0074 93.2845 33.2866 30.6757 96.7312 48.0416 41.3038 69.8141 12.0416 74.4421 32.28 65.0 53.0377 78.1601 80.6536 63.654 60.8582 50.5766 0.0 74.3498 59.0889 61.476 45.8803 52.8124 27.7308 39.9625 21.9317 69.3587 82.7877 54.8879 18.1108 44.911 51.4668 86.3308 81.1542 38.3275 71.0595 65.192 40.025 
29.5466 47.0425 30.5287 58.4209 59.7486 65.7951 35.0 16.2788 48.0 17.4642 14.8661 42.4264 30.5941 75.2779 79.6762 33.9559 73.736 40.3609 55.9017 64.3273 36.0555 62.6498 22.8035 69.2961 44.1814 49.2544 51.923 38.2753 61.0735 74.3498 0.0 22.8473 20.1246 49.3311 21.587 75.4421 81.3553 62.0322 41.0122 57.1402 64.0786 73.11 65.7875 60.4631 50.2195 19.7231 77.6675 23.6008 46.0977 64.4984 
21.8403 26.9258 35.3553 37.054 46.481 73.4201 19.0 38.5876 28.4605 40.3113 11.1803 53.1601 34.2053 69.8634 74.2616 37.6431 50.9215 37.108 65.1528 48.0455 21.0238 41.0 34.4384 75.1141 58.6003 63.561 60.1696 16.2788 66.591 59.0889 22.8473 0.0 3.0 52.7312 14.0 69.9935 76.2983 42.45 21.5407 70.5762 71.2205 53.6004 43.0116 66.3696 66.242 40.4599 55.5317 12.2066 55.1961 41.7846 
22.8473 29.8329 35.0571 40.05 48.8667 72.8245 19.2354 36.0555 31.3209 37.5766 8.24621 52.3927 31.8904 70.7568 75.155 35.3836 53.7587 37.9473 64.5573 50.4326 21.095 44.0 33.2415 76.3353 57.3847 62.3939 59.5741 18.4391 67.8122 61.476 20.1246 3.0 0.0 53.9523 14.3178 70.8868 77.1917 45.3542 22.8254 69.5701 71.0988 56.5155 45.8803 67.5908 64.846 38.2099 58.4689 10.7703 54.6006 44.7217 
31.1638 56.9839 23.3401 56.2917 31.3847 22.0227 70.7804 48.2788 57.4898 53.868 57.9192 22.3607 79.5969 29.5707 37.4819 83.063 77.375 18.889 24.7588 43.0116 72.9727 58.9964 27.3532 22.8035 32.5576 34.7851 18.4391 64.9632 14.3178 45.8803 49.3311 52.7312 53.9523 0.0 40.2653 34.5753 29.6271 49.5563 72.6631 37.2156 19.0263 56.4004 72.0621 14.1421 40.5216 43.4166 72.3515 64.7004 19.3132 66.7082 
9.21954 26.9258 21.587 38.8973 39.685 60.0394 33.0 33.541 27.4838 37.054 19.4165 39.9249 44.2041 56.7867 61.1849 47.8017 58.523 23.7697 51.7722 42.7551 35.0143 43.3244 22.6716 62.6483 46.3249 51.1077 46.7889 28.2312 54.1252 52.8124 21.587 14.0 14.3178 40.2653 0.0 56.9167 63.2073 41.1096 34.9285 57.6975 58.3137 52.0096 51.4889 53.9037 54.4059 33.2415 58.8727 25.0 41.8154 47.1217 
48.2548 56.7158 55.7512 54.0093 25.318 34.5398 87.0813 80.6899 55.2091 86.279 76.3193 53.2353 101.058 6.7082 4.47214 104.66 73.6817 35.9178 49.6488 34.2345 89.3143 56.0803 59.7643 28.178 63.0714 64.0312 45.0999 77.6053 28.4429 27.7308 75.4421 69.9935 70.8868 34.5753 56.9167 0.0 12.7279 45.0999 86.1058 63.7887 31.6228 45.2217 69.0652 29.4279 70.0286 75.8758 65.2534 81.6554 49.0408 64.0703 
54.5597 66.2941 51.7147 63.5894 34.3657 23.3452 94.9762 76.6271 64.7874 82.2328 82.6204 46.1736 107.358 6.7082 12.083 110.961 84.1724 41.831 40.0125 44.9222 97.1009 66.0984 55.7279 16.4924 55.3173 55.4437 36.4966 89.4113 19.4165 39.9625 81.3553 76.2983 77.1917 29.6271 63.2073 12.7279 0.0 55.3173 97.7251 54.0093 21.0238 56.8595 78.9177 20.3961 61.4003 71.5612 76.5506 87.9602 41.4849 73.9797 
36.4005 15.5242 52.8927 9.84886 21.1896 70.766 51.9205 74.5453 14.1421 78.1601 53.6004 69.9847 75.1532 48.8365 49.0102 78.2624 28.8617 41.2162 74.3094 11.0454 54.1085 11.0 59.4643 66.4341 79.9601 82.944 67.9607 40.5245 63.1415 21.9317 62.0322 42.45 45.3542 49.5563 41.1096 45.0999 55.3173 0.0 48.1757 86.2853 67.771 11.1803 24.0 62.9201 88.357 73.5459 22.8035 52.3927 67.9433 19.0 
41.0488 34.1213 56.5155 38.6155 61.1832 94.1475 8.06226 57.28 36.1591 57.6281 26.1725 74.6324 35.0143 91.2902 90.4841 37.2156 40.1123 56.4147 86.5551 57.588 9.05539 38.6155 55.9464 95.046 80.1124 85.0882 81.5718 8.544 86.5229 69.3587 41.0122 21.5407 22.8254 72.6631 34.9285 86.1058 97.7251 48.1757 0.0 92.1141 91.1524 55.5472 33.7343 86.3015 87.6584 60.3075 48.7647 18.0278 76.5983 35.1141 
55.0527 80.7812 37.5931 93.0207 68.6003 31.1448 88.6002 46.6905 94.2188 51.4198 69.4262 18.0278 87.023 57.4282 65.2763 90.0888 112.769 55.4892 14.1421 80.1561 90.2497 95.7254 36.4005 38.1182 13.0 8.06226 19.3132 85.9069 35.3553 82.7877 57.1402 70.5762 69.5701 37.2156 57.6975 63.7887 54.0093 86.2853 92.1141 0.0 33.0 93.4773 105.735 34.3657 10.6301 40.4475 109.477 78.1025 18.4391 101.018 
49.6531 75.4732 38.0876 74.2349 47.2532 3.60555 89.2697 61.6198 75.4329 67.2681 72.6667 27.4591 94.3444 25.0 32.5576 97.8105 95.3181 37.3783 19.105 58.1011 91.462 76.9396 41.8808 5.83095 35.4683 34.9285 16.5529 83.4525 5.38516 54.8879 64.0786 71.2205 71.0988 19.0263 58.3137 31.6228 21.0238 67.771 91.1524 33.0 0.0 70.5619 89.5659 5.09902 40.7922 55.8659 90.5497 80.658 22.4722 84.6514 
46.6905 26.6833 61.2846 18.6011 25.4558 73.9447 62.243 85.2877 25.318 89.0505 64.7611 77.208 86.0179 50.1597 48.5077 89.1119 30.2655 48.7647 81.0555 13.4536 63.9793 17.0294 69.4329 68.7166 87.1835 90.1673 74.8131 51.374 66.2506 18.1108 73.11 53.6004 56.5155 56.4004 52.0096 45.2217 56.8595 11.1803 55.5472 93.4773 70.5619 0.0 28.2312 69.4384 95.5803 84.0119 20.2237 63.3246 75.1665 23.7065 
50.7618 25.6364 68.5552 15.5242 44.5533 92.561 41.4367 81.1617 26.3908 83.2205 53.1507 87.8455 68.469 72.5603 73.0068 70.859 8.06226 63.7219 96.8152 35.0143 42.7551 13.0 72.9645 89.9624 95.1944 99.6325 90.4665 30.0167 84.9365 44.911 65.7875 43.0116 45.8803 72.0621 51.4889 69.0652 78.9177 24.0 33.7343 105.735 89.5659 28.2312 0.0 84.715 103.624 82.4294 15.2315 48.0937 90.449 5.0 
44.8022 70.6224 34.4721 69.384 44.1955 8.544 84.4188 58.6941 70.582 64.3506 69.0512 26.0 90.7289 23.0868 31.0161 94.195 90.4672 32.5274 20.2237 56.0022 86.6111 72.0887 38.4187 8.94427 34.9285 35.1283 16.1245 78.6016 1.0 51.4668 60.4631 66.3696 67.5908 14.1421 53.9037 29.4279 20.3961 62.9201 86.3015 34.3657 5.09902 69.4384 84.715 0.0 41.1096 53.1507 85.6988 77.0425 21.1896 79.8005 
53.0377 78.6707 35.617 93.6097 71.3092 39.5601 83.3847 38.0132 79.2113 42.2966 63.5689 18.3848 79.1581 64.0078 72.0278 82.0549 110.659 57.5609 21.8403 82.365 84.8646 96.3144 31.9061 46.3249 8.60233 6.0 25.02 82.1523 42.107 86.3308 50.2195 66.242 64.846 40.5216 54.4059 70.0286 61.4003 88.357 87.6584 10.6301 40.7922 95.5803 103.624 41.1096 0.0 32.0156 110.066 72.45 21.3776 99.2572 
37.3363 60.088 27.5136 72.111 65.192 56.7274 54.6443 6.32456 60.6287 11.6619 34.4093 29.6816 47.1699 71.5151 79.4263 50.04 90.3934 41.2311 42.9418 73.1095 55.7584 76.5506 16.7631 61.5224 27.6586 32.3883 40.8044 56.6392 53.9073 81.1542 19.7231 40.4599 38.2099 43.4166 33.2415 75.8758 71.5612 73.5459 60.3075 40.4475 55.8659 84.0119 82.4294 53.1507 32.0156 0.0 92.1141 43.2666 34.4093 80.3288 
57.9012 32.2025 74.6277 20.1246 43.4166 93.5448 56.2939 92.0489 32.249 94.8314 66.1891 93.176 83.1865 69.8928 68.6586 85.703 12.2066 64.4074 97.1046 31.7805 57.7235 15.6525 80.1039 88.0191 101.548 106.135 90.7559 44.2832 85.9202 38.3275 77.6675 55.5317 58.4689 72.3515 58.8727 65.2534 76.5506 22.8035 48.7647 109.477 90.5497 20.2237 15.2315 85.6988 110.066 92.1141 0.0 62.0725 91.1345 14.0357 
33.6155 37.1214 45.0444 45.7049 58.4632 82.3837 11.4018 39.6989 38.9487 39.6989 8.94427 61.5224 22.8254 81.5253 85.9236 26.0768 55.4437 48.7032 74.108 60.0161 12.53 49.5533 41.7732 87.0833 65.521 70.6045 69.1333 18.1108 78.5602 71.0595 23.6008 12.2066 10.7703 64.7004 25.0 81.6554 87.9602 52.3927 18.0278 78.1025 80.658 63.3246 48.0937 77.0425 72.45 43.2666 62.0725 0.0 64.1249 48.0416 
39.049 64.7775 21.5894 74.6787 50.5371 22.6716 73.8358 40.4969 75.8767 46.0435 56.0 5.0 76.6877 43.2897 51.3517 80.05 95.9979 37.1472 10.0 61.9112 75.6664 77.3834 23.3452 28.3019 14.0357 15.5242 6.40312 70.0417 22.1359 65.192 46.0977 55.1961 54.6006 19.3132 41.8154 49.0408 41.4849 67.9433 76.5983 18.4391 22.4722 75.1665 90.449 21.1896 21.3776 34.4093 91.1345 64.1249 0.0 85.0952 
46.3946 21.2692 64.188 10.7703 39.6232 87.6464 42.45 80.0849 22.0227 81.9312 52.345 83.1282 69.2315 67.6018 68.0074 71.8053 11.4018 58.3681 91.4613 30.0167 43.9659 8.0 68.5973 85.0478 90.8272 95.2653 85.1126 30.2655 80.0219 40.025 64.4984 41.7846 44.7217 66.7082 47.1217 64.0703 73.9797 19.0 35.1141 101.018 84.6514 23.7065 5.0 79.8005 99.2572 80.3288 14.0357 48.0416 85.0952 0.0 
DEMAND_SCENARIO_SECTION
0 0 0 0 0 0 0 0 0 0 0 0 0 0 0 0 0 0 0 0 0 0 0 0 0 0 0 0 0 0 0 0 0 0 0 0 0 0 0 0 0 0 0 0 0 0 0 0 0 0 0 0 0 0 0 0 0 0 0 0 0 0 0 0 0 0 0 0 0 0 0 0 0 0 0 0 0 0 0 0 0 0 0 0 0 0 0 0 0 0 0 0 0 0 0 0 0 0 0 0 0 0 0 0 0 0 0 0 0 0 0 0 0 0 0 0 0 0 0 0 0 0 0 0 0 0 0 0 0 0 0 0 0 0 0 0 0 0 0 0 0 0 0 0 0 0 0 0 0 0 0 0 0 0 0 0 0 0 0 0 0 0 0 0 0 0 0 0 0 0 0 0 0 0 0 0 0 0 0 0 0 0 0 0 0 0 0 0 0 0 0 0 0 0 0 0 0 0 0 0 
5 4 13 14 4 12 8 5 8 5 6 11 11 11 8 0 8 6 12 8 9 9 6 10 8 8 9 7 6 13 8 13 3 6 14 7 6 11 7 8 7 7 8 11 2 11 5 10 6 10 9 13 13 12 11 9 10 13 6 1 11 8 9 9 7 3 9 13 6 5 11 10 9 7 13 9 10 7 9 10 11 13 10 8 6 8 8 9 9 7 5 14 5 8 5 5 6 0 8 7 7 10 7 6 9 5 7 7 8 8 9 9 11 10 8 6 6 11 7 11 3 8 7 12 7 11 8 3 7 12 10 5 12 9 5 7 12 2 10 11 5 8 10 10 6 4 10 6 3 6 10 10 7 6 7 9 7 7 6 9 10 12 12 7 6 9 9 6 5 10 9 5 2 3 4 7 12 6 5 11 6 8 7 4 5 7 14 5 6 8 11 9 4 11 3 9 7 6 9 5 
3 2 2 3 3 4 2 2 1 2 2 3 3 2 2 3 2 3 2 2 2 1 1 2 1 2 2 2 2 1 1 2 1 3 2 3 1 3 1 1 2 2 1 2 1 2 1 1 2 2 3 1 2 2 2 2 1 1 2 1 2 3 3 2 2 2 3 2 1 1 2 3 2 1 2 2 2 2 2 2 2 2 2 2 2 2 3 2 1 2 2 1 2 1 3 2 2 2 1 2 1 0 3 1 2 1 3 2 1 3 1 3 2 3 2 3 2 2 1 2 1 2 2 2 2 2 3 3 2 2 1 3 2 2 2 2 2 3 3 2 2 3 0 2 1 1 2 2 2 1 3 2 1 2 2 3 2 2 2 2 3 1 2 3 2 2 3 2 2 1 3 2 3 1 1 2 2 2 3 3 3 2 2 1 2 3 3 2 2 3 3 2 2 2 2 3 1 2 3 3 
1 8 8 5 3 9 7 7 11 11 8 7 7 10 7 11 6 0 9 8 5 6 8 6 7 7 9 6 10 6 9 9 8 6 8 6 8 8 5 8 8 10 7 3 9 7 7 6 5 4 8 5 6 10 4 7 9 8 10 5 7 8 5 5 7 8 11 6 4 9 8 6 4 5 8 6 7 5 5 10 8 6 7 11 7 3 5 4 8 10 5 2 8 9 9 4 7 8 7 6 9 7 8 7 6 2 9 7 10 9 5 6 6 8 5 9 7 5 7 6 8 8 10 5 7 9 4 7 12 6 7 6 6 7 7 9 10 4 8 1 11 7 3 6 6 4 8 11 6 7 10 10 9 7 4 7 5 7 8 12 8 5 7 11 10 8 10 7 7 8 8 5 6 6 5 8 3 6 9 4 12 6 10 9 8 6 4 7 9 7 6 6 5 3 5 9 8 8 4 10 
3 2 2 2 2 3 2 1 3 2 2 1 1 2 3 2 1 2 3 2 2 2 1 3 1 2 2 2 2 3 2 2 2 2 1 3 2 2 2 2 4 2 2 1 2 2 3 2 3 2 2 3 2 1 3 2 2 2 3 2 3 1 3 3 2 2 2 1 2 2 3 3 1 2 3 2 3 1 2 2 2 1 2 2 2 2 2 2 2 1 2 2 3 1 2 2 1 2 2 4 2 2 1 2 3 2 2 2 2 2 3 2 1 1 2 2 2 1 2 3 3 2 2 2 3 2 1 2 2 3 2 2 2 3 2 2 3 2 3 1 3 3 1 3 1 2 1 2 2 2 2 2 1 2 2 2 1 2 3 2 1 2 2 2 1 2 2 3 3 2 1 3 2 2 1 1 1 2 3 3 2 1 2 2 2 2 2 2 2 3 2 2 2 3 2 2 1 1 2 1 
1 2 1 1 2 1 1 1 1 1 1 1 1 1 1 1 1 1 1 1 1 1 1 1 1 1 1 1 1 1 1 1 1 0 2 1 1 2 1 1 0 0 1 1 1 2 1 1 1 0 1 1 1 1 1 1 1 1 1 1 1 1 1 1 1 1 1 1 1 1 1 0 1 1 1 0 1 1 2 1 1 1 1 0 1 1 1 1 1 1 1 0 1 1 1 1 1 1 1 1 1 1 0 1 2 1 1 1 1 1 1 1 1 0 1 0 1 1 1 1 1 0 2 2 1 1 1 1 1 2 1 2 1 1 1 1 1 1 1 1 1 1 1 1 1 1 1 1 1 1 2 1 1 1 1 1 1 1 1 1 1 2 0 1 1 1 1 1 1 1 1 1 1 1 1 1 1 0 1 1 1 1 1 0 1 1 1 1 1 1 1 1 1 1 1 1 1 1 2 1 
11 13 7 5 12 7 13 4 16 11 9 17 11 5 10 13 8 5 9 8 12 6 11 12 12 0 4 12 7 7 10 11 6 6 9 13 13 9 8 8 9 9 15 5 14 13 6 8 5 11 12 12 5 13 14 10 11 8 7 13 11 10 8 3 9 12 7 10 7 14 9 13 10 11 3 14 10 6 12 4 5 14 12 7 5 5 11 7 7 13 9 9 7 10 18 14 15 4 8 10 8 11 12 4 10 9 13 12 7 11 7 9 1 13 7 11 10 14 5 17 13 5 7 14 9 14 13 7 8 15 10 5 10 16 5 9 9 11 12 14 11 5 12 10 12 9 2 12 10 3 6 13 6 9 7 10 8 9 14 11 9 11 9 14 11 12 15 15 15 15 11 8 12 13 16 11 6 11 11 8 13 11 6 7 8 12 9 0 5 14 12 17 16 6 11 6 15 14 8 4 
2 1 1 1 1 2 1 1 1 1 1 1 1 0 0 1 1 1 1 1 0 1 1 1 1 1 1 0 1 1 1 1 1 1 1 1 1 1 1 1 1 0 1 1 1 1 1 0 1 1 1 0 1 0 1 0 1 1 1 0 1 1 1 1 1 1 1 1 1 1 1 1 1 1 1 2 1 1 0 1 1 1 2 1 1 1 1 1 1 1 1 1 1 1 2 1 1 1 1 1 1 1 1 1 1 1 1 0 1 0 1 1 1 1 1 2 1 1 1 1 1 1 0 1 1 1 1 1 1 1 1 0 1 2 1 1 1 1 0 1 1 1 1 2 2 1 1 1 1 1 1 1 2 1 1 2 1 1 1 1 1 0 1 1 1 1 1 1 1 2 1 1 1 1 1 1 1 1 1 1 1 1 1 1 1 1 1 1 1 2 2 1 1 1 1 1 1 1 1 1 
9 4 7 7 12 6 7 5 9 9 12 11 5 10 6 8 6 6 13 13 9 8 10 7 9 9 7 5 9 9 2 14 8 9 7 8 10 5 5 10 6 8 4 9 7 5 9 10 10 8 11 9 8 6 7 5 9 8 13 12 10 9 8 5 9 6 11 9 7 7 5 9 12 5 6 9 12 12 15 8 4 7 5 7 8 3 5 4 7 12 10 8 6 6 7 3 10 10 7 10 12 9 6 8 10 8 5 12 5 1 11 12 9 4 12 4 12 8 9 9 10 7 9 12 6 5 8 8 6 10 8 7 6 9 10 7 5 8 12 5 6 12 10 6 8 13 14 5 10 12 9 6 13 9 8 10 9 7 4 6 7 8 10 9 4 11 3 7 10 6 9 6 9 10 7 12 9 8 10 10 12 10 7 9 10 9 7 2 8 11 9 6 6 10 8 6 7 10 8 13 
4 4 4 2 2 4 2 3 6 4 4 3 3 2 1 2 4 4 2 3 4 5 3 2 5 3 4 4 4 2 3 3 3 2 2 2 3 4 3 2 2 2 2 3 2 1 4 3 3 3 4 3 2 2 3 3 3 3 5 3 2 5 3 1 2 1 3 2 2 3 4 3 1 4 2 3 3 1 2 2 4 3 5 3 2 4 2 4 5 6 2 5 3 2 3 2 3 4 2 3 4 3 5 2 3 5 6 3 2 3 3 2 2 3 4 3 2 1 3 3 3 2 3 2 3 3 5 3 3 2 5 4 3 2 2 4 4 2 2 3 3 1 4 2 3 3 4 2 3 2 2 4 3 4 2 3 6 2 3 2 5 2 4 4 2 3 4 3 2 4 4 4 4 2 3 3 2 4 3 3 3 3 2 3 2 3 2 4 3 3 2 2 3 3 2 3 2 3 3 3 
5 5 0 4 9 6 8 3 4 4 6 5 6 4 8 5 8 7 5 5 2 9 6 4 8 7 8 6 10 10 1 4 6 8 7 6 4 5 7 5 8 7 9 5 3 7 8 8 3 5 6 6 7 7 6 7 8 6 6 1 6 8 6 4 8 4 9 5 8 5 9 6 3 6 5 6 6 7 7 5 8 3 7 7 0 6 8 6 8 7 7 6 5 4 7 9 8 3 7 8 3 6 4 2 6 8 8 4 6 8 4 5 7 6 5 8 6 9 8 7 9 4 7 9 7 9 6 5 6 11 6 6 4 7 9 8 4 7 7 7 5 5 3 7 5 7 6 8 5 9 10 5 7 7 8 8 11 9 3 5 6 6 5 6 5 8 9 5 8 5 3 9 3 5 8 6 5 6 8 6 7 6 4 2 6 6 4 9 7 3 6 6 4 6 4 4 5 8 6 6 
5 4 4 4 5 7 4 7 3 5 2 3 3 4 3 5 7 6 5 7 6 3 4 2 5 9 6 6 2 3 4 6 5 7 4 6 6 4 7 4 6 5 4 3 5 5 5 5 7 5 4 8 7 3 4 6 4 7 5 1 5 5 8 7 5 7 6 5 3 3 3 6 5 2 4 5 3 7 6 5 3 8 7 7 7 5 3 5 6 4 12 5 4 5 5 3 2 6 5 6 7 3 4 4 7 6 6 4 5 6 5 4 6 3 6 3 1 4 6 6 3 3 3 6 3 8 5 6 5 6 4 5 5 6 4 6 5 6 4 5 4 4 7 4 7 5 7 2 4 7 4 2 5 2 2 7 5 7 4 4 4 4 3 3 3 4 5 4 7 8 6 5 6 3 4 6 2 7 8 3 3 7 2 6 5 6 5 2 5 6 5 5 7 6 4 9 3 9 6 8 
3 6 10 6 8 7 7 4 8 7 4 9 7 7 6 5 13 6 14 9 6 9 6 9 11 5 9 10 7 3 4 6 9 8 9 5 4 2 8 5 6 6 8 10 7 10 6 3 11 10 12 15 8 9 4 5 6 8 8 7 5 6 9 7 3 9 6 5 9 12 10 5 8 11 7 11 9 8 7 10 8 8 11 8 10 6 6 6 6 3 5 11 8 6 8 7 10 9 10 8 7 9 5 9 8 7 5 8 7 12 7 8 12 6 7 8 4 6 5 10 3 7 6 12 3 12 9 8 2 12 10 7 6 8 6 10 3 7 6 9 7 9 16 13 9 5 10 10 6 4 9 7 8 5 7 4 9 8 8 8 8 9 6 8 12 9 11 9 6 8 2 7 7 7 8 5 7 9 8 13 5 10 9 2 6 11 11 4 13 5 8 9 8 10 4 9 6 7 10 5 
7 4 3 13 8 12 11 4 18 11 9 8 8 11 9 11 7 11 12 15 11 13 8 10 11 6 14 11 6 8 7 10 13 4 17 8 13 8 14 13 5 10 13 10 8 12 9 8 1 1 10 9 7 6 12 12 9 11 5 8 6 14 7 7 11 8 16 11 6 8 7 10 11 12 10 9 12 10 8 11 14 13 10 6 12 13 13 16 10 12 9 6 9 7 10 13 10 14 7 8 8 10 11 12 10 9 4 3 12 8 10 9 11 7 10 11 10 9 11 6 9 11 14 7 11 9 6 13 12 7 6 8 9 15 11 10 7 10 11 12 14 8 11 12 7 13 12 11 10 10 6 8 5 12 17 7 10 10 9 10 9 9 4 10 12 2 10 11 9 10 10 11 7 12 13 15 9 9 11 14 14 12 11 10 14 14 13 12 13 14 10 9 17 7 7 8 12 12 5 3 
7 10 6 6 10 5 4 7 12 5 7 12 14 8 12 11 13 11 6 14 4 5 9 5 8 6 7 8 5 8 7 8 6 11 12 12 10 4 13 16 13 15 5 11 8 5 9 9 11 11 7 10 7 3 6 1 8 9 5 9 9 12 8 13 12 10 11 8 4 12 10 14 10 7 10 14 9 10 9 14 11 10 9 10 7 4 4 9 6 15 11 12 9 12 4 8 10 6 9 6 4 9 5 7 11 4 8 9 13 9 12 6 13 7 8 11 7 13 11 6 7 8 9 5 9 9 10 13 9 13 10 10 8 7 10 9 9 15 9 9 15 4 9 5 13 9 11 9 5 9 12 11 12 8 10 11 10 7 6 10 11 5 7 6 8 10 11 17 11 14 3 7 12 1 3 4 11 9 4 4 5 9 10 7 7 9 12 5 3 8 13 8 12 8 9 5 5 6 10 5 
7 7 12 10 17 7 12 7 7 10 18 10 15 12 14 10 7 2 11 9 14 7 12 3 12 14 11 14 15 5 10 13 12 7 14 9 5 8 7 13 6 11 9 2 10 9 12 10 3 15 12 10 17 9 12 14 9 4 5 11 12 11 9 6 3 11 7 3 5 8 13 9 6 10 11 10 8 13 8 8 15 10 10 13 10 11 7 9 8 12 10 10 7 10 11 9 13 5 9 10 11 12 10 9 12 11 16 13 6 15 8 12 10 4 15 9 8 12 13 16 14 15 11 14 4 11 11 11 13 10 12 11 10 8 4 8 6 6 10 9 15 8 12 4 14 3 14 10 5 11 8 9 7 12 12 8 13 16 14 6 13 9 10 11 10 15 6 6 11 5 13 13 11 8 5 6 11 11 12 14 13 8 15 14 10 9 15 13 12 17 8 11 11 9 9 8 15 5 14 14 
3 3 2 3 6 4 5 4 3 7 5 6 5 8 4 8 7 5 6 6 8 4 6 7 5 8 2 6 5 6 6 5 5 8 5 6 2 4 4 7 5 7 5 3 5 4 5 4 6 2 6 5 4 4 6 6 5 5 5 3 2 7 3 3 4 4 7 7 4 5 5 4 2 3 6 2 6 5 7 4 6 4 5 5 7 6 5 6 4 5 6 6 3 6 7 6 6 6 6 7 2 5 6 6 5 6 5 4 6 4 3 5 4 4 5 9 8 5 6 4 7 7 4 4 4 6 6 5 7 4 3 5 4 7 8 5 3 4 5 4 6 5 6 2 7 0 3 7 4 6 7 4 6 4 5 4 5 6 7 6 7 3 5 7 5 4 5 5 5 3 7 3 7 6 6 3 4 6 5 5 6 4 6 6 4 5 3 4 2 8 6 6 4 3 4 6 6 6 2 3 
10 15 15 9 14 11 6 11 9 4 6 7 12 10 11 9 8 9 7 1 14 8 8 9 9 16 7 13 8 2 18 14 7 4 15 10 5 12 17 15 9 6 3 4 8 6 13 4 9 8 6 12 8 13 7 11 13 12 7 9 10 8 14 11 4 9 10 4 11 10 5 7 5 3 14 7 8 10 11 8 12 6 10 13 13 10 8 7 8 9 7 10 9 9 7 9 10 7 4 9 5 4 9 7 10 5 12 7 9 8 13 8 14 7 10 5 12 8 12 11 7 8 4 8 13 2 12 10 7 8 2 11 8 7 9 9 12 8 7 9 7 9 12 13 7 5 7 10 9 10 12 8 9 7 11 8 8 8 9 8 5 3 5 10 14 9 13 13 16 11 8 8 8 9 10 12 8 13 11 3 4 6 7 3 3 7 6 4 15 7 8 8 8 9 15 6 7 9 11 0 
12 12 10 7 11 11 13 5 7 3 13 11 11 9 13 12 11 9 6 13 13 19 13 6 8 8 8 6 11 7 9 8 8 3 12 12 12 10 7 9 7 10 8 13 11 11 12 15 6 8 13 4 10 16 9 13 18 3 8 15 6 5 9 9 7 15 5 10 7 15 12 8 15 3 10 9 5 6 9 9 17 14 9 9 11 9 11 11 10 17 6 7 5 13 14 8 17 9 13 7 11 5 9 6 8 13 5 15 7 9 13 10 9 8 12 9 11 11 13 12 12 8 15 4 11 6 7 5 4 11 9 12 9 13 12 11 11 7 19 7 10 9 11 11 10 8 9 7 5 5 10 8 12 12 8 7 13 8 10 8 3 2 10 10 14 10 10 11 12 13 9 6 10 9 10 13 12 12 12 7 9 10 13 4 16 8 13 7 3 8 13 6 5 10 10 9 10 8 11 7 
2 2 4 2 2 2 2 2 2 2 2 1 4 2 3 2 1 1 2 4 3 2 2 2 2 2 3 2 1 2 1 3 2 2 2 2 2 2 2 1 3 2 2 3 3 3 3 3 2 1 2 2 1 2 0 2 2 1 2 2 2 2 2 3 1 2 2 1 3 1 3 2 1 2 2 1 2 2 1 2 2 2 3 2 2 2 3 2 3 1 2 1 2 2 3 3 2 2 2 1 2 1 2 2 2 2 1 2 2 3 2 1 2 3 3 2 2 2 1 3 2 2 2 2 1 2 2 1 2 2 2 1 3 2 2 2 2 2 2 3 2 1 2 1 3 2 2 1 3 2 1 2 2 0 2 3 2 3 2 3 3 1 1 1 3 3 3 3 2 1 2 3 2 2 2 1 2 2 2 3 2 2 2 2 2 2 2 3 1 2 3 2 3 3 3 3 3 1 2 1 
3 5 6 6 6 8 8 6 7 6 6 5 5 7 3 5 4 6 5 6 5 5 6 7 4 4 4 5 6 5 4 3 3 5 5 6 7 7 4 8 5 4 5 4 3 5 4 4 6 2 4 5 3 7 2 6 4 7 4 4 4 5 4 4 3 6 9 4 4 4 4 5 4 6 6 6 6 6 4 8 7 4 4 4 6 6 4 7 6 4 3 4 5 5 5 4 5 5 7 6 4 7 6 5 6 7 3 4 5 4 7 7 8 5 6 3 6 5 7 7 7 2 4 4 6 5 5 6 4 7 5 4 6 6 8 6 3 4 4 3 3 3 6 5 4 4 3 6 6 5 1 6 1 5 4 4 5 5 9 3 7 2 5 5 5 4 4 5 6 5 3 3 4 5 4 3 3 6 7 4 6 6 7 4 3 3 6 4 4 4 4 7 5 7 5 4 5 6 3 6 
1 8 3 8 6 7 3 7 6 6 9 6 6 8 6 7 7 9 3 4 2 5 3 6 7 7 6 6 5 7 7 5 3 6 8 4 12 5 7 3 3 4 4 5 6 6 4 4 8 7 6 9 4 7 8 6 7 5 7 7 6 6 10 6 9 4 3 9 6 7 8 7 3 6 6 9 9 8 6 5 5 10 8 7 7 7 8 5 6 3 8 5 7 3 7 7 5 1 7 7 7 5 7 3 9 4 7 6 9 3 7 1 6 7 2 8 6 7 5 5 7 5 6 6 4 4 7 3 8 8 7 3 7 5 10 6 2 4 5 8 5 7 10 7 6 2 5 7 8 3 6 4 7 6 3 4 5 5 7 8 5 5 5 7 4 7 8 6 8 4 8 6 8 6 6 6 7 5 3 10 4 11 8 5 9 9 5 8 6 6 8 6 7 5 6 4 6 6 5 4 
9 7 7 9 7 6 11 12 12 7 3 11 10 5 8 14 6 12 11 8 11 9 10 9 10 8 8 11 2 8 6 10 5 5 8 9 8 10 11 6 4 8 9 8 9 9 8 8 5 7 10 5 9 10 10 8 7 9 10 8 9 3 9 6 8 10 12 8 9 7 10 7 14 5 6 8 9 8 12 7 8 9 4 11 9 8 11 8 8 8 7 14 10 10 5 8 9 9 8 15 15 4 9 8 6 9 10 4 6 9 8 6 11 8 13 9 8 8 9 8 4 8 5 5 6 8 7 4 8 7 6 9 10 10 8 10 11 15 8 7 11 10 4 9 6 10 8 10 9 5 8 8 10 9 8 11 9 7 7 11 0 9 9 12 10 5 7 8 8 8 7 9 11 4 7 15 10 8 8 3 12 8 10 11 11 9 13 6 7 10 4 6 6 12 6 6 12 10 4 5 
3 3 2 2 3 3 1 2 3 2 2 1 3 2 2 3 1 2 2 1 3 3 2 2 1 2 3 1 1 3 2 2 2 2 3 1 3 2 2 2 3 3 2 2 2 1 2 2 3 3 2 2 2 1 3 2 1 2 1 2 2 2 3 2 1 2 3 3 2 3 3 2 1 2 1 2 2 2 2 2 3 1 2 3 2 2 1 2 2 3 2 2 2 3 2 2 2 2 2 3 3 2 2 2 3 3 2 2 2 3 1 2 3 2 2 2 2 2 3 2 2 1 2 1 3 1 2 3 2 2 2 2 2 3 3 2 1 2 1 1 1 3 3 2 3 1 3 2 3 2 3 2 1 2 2 3 1 2 3 3 1 2 2 2 1 2 1 1 3 2 2 1 2 3 2 3 2 2 1 2 3 1 2 2 3 1 1 3 1 2 2 2 2 1 2 3 2 1 2 3 
7 7 7 5 3 6 3 11 7 2 6 6 8 8 6 5 4 4 5 5 7 5 6 6 8 5 0 5 7 6 6 7 2 5 4 5 3 2 5 4 4 2 6 6 2 6 4 3 4 7 1 7 2 7 4 4 6 6 5 6 5 1 6 5 6 6 4 2 5 7 5 4 4 4 7 4 4 6 6 3 6 8 5 2 5 4 3 3 7 6 5 6 4 5 7 8 9 6 2 3 7 7 4 7 5 5 6 4 3 4 5 7 4 4 3 7 4 7 2 5 5 7 4 4 4 4 6 5 6 6 5 7 3 4 5 5 6 5 8 3 6 8 5 7 4 6 3 7 8 5 5 6 4 9 5 5 5 7 7 5 2 6 6 6 3 2 2 4 5 6 7 4 5 4 6 8 6 7 4 5 5 7 2 3 3 5 7 2 4 7 3 5 4 5 8 7 6 2 7 7 
8 11 7 10 7 6 12 10 6 9 4 7 6 12 6 3 5 9 6 12 12 6 10 11 9 10 7 3 7 8 7 9 11 11 8 7 6 4 8 8 11 4 10 5 6 8 7 5 9 7 11 4 5 9 7 9 8 7 8 10 7 11 8 6 7 6 7 11 11 11 13 12 6 9 6 8 5 9 7 14 9 13 8 15 7 5 9 8 7 9 7 12 7 15 9 7 8 5 8 6 6 5 8 6 4 5 10 6 7 9 7 7 7 9 5 10 9 12 8 7 10 2 9 10 7 9 7 11 5 7 6 6 10 10 5 6 7 10 11 6 11 7 11 12 8 9 4 8 7 7 8 10 8 5 14 12 7 12 7 11 8 6 6 9 6 4 12 7 5 6 11 10 2 12 7 1 7 13 8 8 10 5 11 6 9 3 9 11 7 6 6 1 5 10 7 9 8 8 10 16 
10 10 7 12 12 3 13 7 4 9 12 10 7 7 9 5 6 11 8 8 9 10 8 3 11 12 5 6 6 2 7 6 14 10 6 11 9 6 12 6 7 12 6 8 10 9 10 13 9 10 8 11 10 11 6 10 9 9 14 8 12 5 9 8 10 10 5 6 7 6 8 12 9 7 11 11 14 8 6 9 14 8 10 9 11 16 11 10 10 6 8 16 9 7 10 8 11 13 9 9 13 6 14 9 6 10 8 11 8 6 7 11 7 10 10 11 4 11 14 9 8 12 8 6 8 8 8 12 10 6 5 9 5 10 14 12 5 8 8 13 11 9 7 6 4 10 10 10 11 7 4 9 12 14 9 8 6 15 5 5 8 5 8 4 5 5 14 9 9 9 6 9 11 5 7 14 9 12 6 13 9 12 6 10 9 10 5 10 10 7 10 13 5 12 5 11 10 14 12 5 
7 9 8 7 8 6 3 7 9 12 12 13 8 8 8 7 7 10 7 10 7 9 4 12 5 7 7 7 5 7 13 5 8 9 8 5 6 6 12 9 7 5 7 7 7 14 13 8 13 7 5 11 8 9 6 8 8 5 8 6 11 7 10 8 11 5 9 4 9 7 8 8 10 11 8 7 13 8 7 7 9 8 3 12 14 7 5 5 12 7 10 3 9 11 4 6 8 7 8 10 12 4 8 10 7 10 8 6 3 9 7 4 7 8 3 10 8 8 7 8 6 7 12 8 7 5 9 10 7 11 7 13 8 9 9 9 6 3 8 7 7 5 9 9 8 10 7 8 7 7 3 6 7 7 13 9 9 9 3 9 10 10 7 7 4 9 9 5 7 9 9 6 5 9 8 9 6 9 10 10 10 5 9 10 8 6 12 8 3 8 7 8 6 8 11 8 10 15 8 8 
10 7 4 5 9 9 4 7 6 5 5 5 9 6 6 11 9 10 2 4 12 12 8 9 9 4 10 6 7 8 7 8 6 6 2 10 11 7 5 6 6 5 6 10 9 12 8 11 4 7 10 8 10 10 12 7 13 11 7 8 5 6 15 11 11 3 6 5 8 3 8 7 11 9 9 9 7 7 10 12 9 9 4 4 8 11 5 9 12 8 13 6 8 8 4 4 5 5 6 5 9 10 13 6 9 11 11 7 12 7 4 13 13 5 6 9 12 4 9 10 14 8 9 7 11 5 6 5 8 8 16 11 13 11 9 5 11 6 9 14 6 11 10 14 10 5 4 4 10 4 7 8 12 7 7 8 4 5 9 12 8 10 6 8 4 4 5 11 8 10 10 7 12 8 10 13 4 7 6 8 10 9 11 10 7 10 7 6 11 4 7 8 9 6 7 14 8 3 9 10 
8 5 8 11 10 8 8 8 9 12 8 6 8 11 6 12 5 5 7 9 8 12 11 5 11 10 9 7 11 2 5 12 13 9 7 4 10 5 12 7 1 6 12 9 7 9 13 7 8 9 7 9 10 12 14 8 13 10 9 10 6 12 13 9 11 7 7 10 9 8 7 7 8 6 8 4 5 12 12 9 10 10 10 13 6 13 5 9 11 7 10 13 9 8 8 7 9 8 5 2 9 6 8 9 12 10 9 10 6 8 7 9 9 13 11 9 10 8 9 8 12 7 13 7 3 12 6 9 8 5 10 11 5 10 9 14 9 11 12 14 12 15 6 11 11 6 6 5 12 7 10 2 10 10 10 10 8 13 9 10 8 4 9 11 15 9 11 8 9 8 14 5 12 6 14 9 11 12 12 4 10 13 10 10 7 7 9 10 5 12 7 10 7 15 12 7 11 8 13 11 
9 9 13 11 8 10 12 11 10 11 8 9 12 11 9 10 13 9 14 8 13 14 9 17 11 12 9 10 4 8 8 3 13 10 16 10 14 12 10 11 10 5 4 4 5 7 15 9 11 8 14 8 5 16 17 11 6 11 6 10 13 11 9 7 16 9 13 18 10 4 12 15 10 7 13 11 11 10 11 6 15 12 9 12 8 8 9 10 8 6 10 6 12 13 8 10 8 10 8 16 13 11 5 9 16 7 14 11 9 8 8 8 8 12 11 4 9 5 5 7 15 13 12 13 9 14 6 11 10 9 10 8 14 10 8 12 10 3 2 9 13 10 10 13 4 5 5 10 10 8 11 9 9 10 9 14 6 10 12 14 6 12 8 7 4 10 12 15 12 11 16 14 13 8 9 2 14 6 10 10 3 8 7 12 7 6 10 8 11 3 5 7 7 7 8 13 10 7 10 10 
1 6 2 4 3 4 6 1 7 4 5 1 5 4 5 5 4 3 4 4 4 3 2 4 4 3 3 6 4 6 5 3 4 1 5 4 4 7 4 4 3 4 4 6 2 4 5 3 4 5 6 3 3 2 4 3 6 4 5 5 5 4 5 5 1 4 3 6 5 4 4 7 5 3 5 6 6 5 4 4 3 6 2 5 6 4 4 4 5 6 5 6 3 4 3 5 4 1 6 6 5 2 4 6 2 5 3 3 4 5 6 5 3 3 5 4 4 4 4 2 3 2 5 3 4 4 5 4 3 4 3 5 5 3 5 4 3 5 3 2 2 3 5 5 2 2 5 6 4 5 4 3 4 3 3 3 4 5 5 4 2 1 4 3 3 5 4 4 6 3 4 3 4 2 6 1 6 3 5 6 5 5 4 7 4 4 6 4 5 5 3 5 3 6 2 3 5 4 3 4 
10 9 10 9 7 7 4 9 10 9 9 5 9 14 7 11 15 5 9 11 6 13 16 8 6 5 11 10 7 14 15 16 7 7 11 12 9 10 3 10 11 10 17 13 11 11 6 13 10 8 11 8 9 7 12 8 11 16 7 11 9 9 12 9 5 0 11 15 9 13 11 4 14 19 5 8 9 11 12 10 13 4 7 13 11 15 13 9 12 6 11 8 11 9 8 13 9 6 8 14 7 8 10 8 12 7 13 14 9 9 6 10 10 10 5 10 9 9 4 9 9 8 12 14 14 4 9 7 10 10 16 12 15 9 6 9 13 8 9 4 14 10 11 11 2 9 10 11 9 9 8 5 6 6 9 8 8 10 8 9 11 17 8 12 11 14 10 10 10 14 4 4 6 9 11 17 7 10 9 12 10 11 15 10 14 14 9 10 8 6 11 15 6 11 7 19 14 10 8 11 
6 5 6 5 6 3 5 4 4 3 3 3 5 6 6 5 8 3 5 6 3 6 4 7 3 8 5 3 5 2 6 8 4 2 6 6 5 6 4 5 5 4 10 5 6 5 5 4 8 6 5 7 5 5 4 7 5 4 5 5 7 2 6 5 6 3 5 7 3 7 4 4 6 5 3 3 3 6 8 5 3 6 6 4 7 4 6 6 5 6 2 5 5 3 4 9 4 5 3 4 7 7 2 6 5 5 5 6 0 5 7 8 3 7 6 7 5 5 5 7 3 2 6 7 4 4 7 5 6 8 5 4 3 2 6 2 7 5 5 5 9 6 7 3 2 7 4 7 6 6 2 3 6 4 7 8 4 4 3 4 4 4 9 5 7 4 5 7 3 6 0 6 3 9 8 6 6 5 4 7 7 4 6 2 10 2 4 7 5 5 3 3 5 7 7 6 1 4 4 4 
1 1 1 1 1 1 1 1 2 0 1 1 1 0 1 1 1 1 1 1 1 1 1 1 1 1 1 1 1 1 1 0 1 1 1 1 1 1 1 0 1 1 1 1 0 1 1 1 1 1 1 1 1 1 0 2 1 1 1 1 1 1 2 1 1 1 1 0 1 1 2 1 1 1 1 1 1 1 1 1 1 1 1 1 1 0 1 1 1 1 1 1 2 1 1 1 1 1 1 1 1 1 1 1 1 1 1 1 1 1 1 1 1 1 1 1 1 1 1 1 2 1 1 2 1 1 1 1 1 0 1 1 0 1 1 0 1 2 2 1 1 1 1 2 1 1 1 2 1 1 1 1 1 1 1 1 1 1 1 1 0 1 1 1 1 1 1 1 1 1 1 1 1 2 1 2 1 1 1 1 1 1 1 1 1 1 2 2 0 1 1 1 1 1 1 1 1 0 1 1 
9 5 12 14 4 13 16 17 14 4 5 16 9 8 10 7 8 7 5 11 7 7 9 8 5 9 6 8 9 13 9 7 8 8 13 11 6 13 11 19 14 8 11 16 14 11 7 5 12 12 6 10 13 6 13 9 1 16 17 17 12 14 8 14 12 10 16 11 7 11 14 11 11 14 12 10 10 5 10 9 13 9 10 5 12 10 5 8 10 14 15 19 4 16 15 10 8 13 8 10 8 10 7 0 8 11 7 8 15 9 14 11 7 11 7 12 8 8 12 7 12 12 16 5 12 11 6 8 11 10 8 11 18 8 4 14 13 13 5 12 6 11 8 15 12 11 10 9 10 7 8 0 10 13 13 11 14 15 7 12 9 6 7 13 10 5 9 8 6 7 12 14 5 7 12 11 10 11 10 5 7 7 10 11 9 13 10 9 14 10 10 12 7 12 17 10 11 14 15 9 
2 1 2 2 1 2 2 1 2 2 2 1 3 2 2 2 1 1 1 3 2 3 2 3 2 2 2 2 3 2 2 1 3 2 3 2 2 2 3 2 3 2 3 2 2 2 2 2 2 2 2 3 3 1 1 2 1 3 2 2 2 2 2 2 1 1 2 2 3 2 2 2 3 2 2 3 1 2 2 4 1 3 4 2 1 2 2 2 1 1 1 2 2 1 2 2 2 1 2 3 2 3 1 2 1 1 1 2 2 3 1 2 2 2 1 2 2 2 3 1 2 2 2 1 2 1 1 3 2 2 2 2 1 2 1 1 2 2 1 4 2 1 1 3 1 2 2 2 2 3 1 3 2 1 2 2 2 2 3 2 2 3 2 1 0 2 2 2 3 1 3 2 1 2 1 2 2 2 2 3 1 2 2 2 2 2 2 3 2 2 2 1 2 2 1 2 2 2 1 3 
10 9 7 8 6 4 4 5 1 10 5 5 7 9 5 6 6 7 6 8 2 7 10 8 14 5 7 11 9 7 6 8 7 8 7 7 7 6 5 9 8 5 7 7 4 7 8 4 9 8 4 8 5 9 4 9 4 4 7 4 5 7 10 8 6 5 10 2 6 6 5 4 6 5 11 7 4 4 3 4 6 4 2 8 8 3 5 8 8 5 9 5 8 8 5 6 7 5 6 9 5 10 8 6 4 1 2 6 6 7 5 5 6 6 3 4 6 6 8 5 5 8 4 3 8 1 6 6 4 6 6 4 5 4 10 7 5 7 5 5 4 8 7 6 7 5 4 5 9 6 4 4 5 6 5 4 4 7 8 5 7 5 7 10 7 7 5 6 6 3 3 8 5 5 7 9 9 5 8 6 4 7 7 5 6 6 7 3 6 6 7 6 4 6 7 5 5 6 4 8 
0 6 6 5 4 7 6 3 2 3 3 5 7 4 8 8 7 10 5 4 6 8 4 5 4 3 5 5 3 4 6 6 5 4 4 5 7 3 6 3 2 4 4 5 6 3 5 6 2 3 7 7 8 4 4 4 7 3 5 7 4 5 6 3 6 4 6 7 7 8 7 7 5 5 4 4 8 5 4 5 3 7 5 6 6 6 5 1 7 4 5 4 4 7 2 4 3 4 4 3 6 5 6 4 2 6 3 5 3 6 6 7 2 4 6 5 5 2 7 4 7 6 5 6 2 2 3 5 9 5 6 4 6 4 4 6 7 3 5 4 5 4 6 6 4 2 8 6 6 5 3 3 5 8 5 5 6 5 5 5 4 4 2 7 6 6 3 4 5 5 4 5 2 6 10 7 7 5 6 6 3 3 6 11 4 7 5 4 5 3 5 5 3 5 2 6 5 5 4 5 
3 3 2 4 3 3 4 4 5 4 4 4 2 5 6 6 3 2 3 5 2 5 4 3 5 4 3 4 6 6 5 4 6 4 4 5 5 4 3 4 3 2 3 1 4 3 3 5 3 5 5 3 4 6 4 4 6 6 2 1 6 4 5 7 4 3 4 4 6 2 5 1 4 5 5 4 4 6 4 3 4 5 7 1 5 3 5 6 7 5 6 3 3 5 4 5 5 4 2 3 5 5 4 5 4 4 3 3 4 3 3 3 5 2 4 3 4 4 6 4 2 5 3 4 3 5 2 4 4 2 3 3 4 5 2 4 1 4 2 6 6 5 3 4 5 4 6 3 7 2 4 4 4 1 2 6 3 4 4 5 6 5 5 6 5 2 3 4 6 3 3 2 4 5 4 3 3 1 3 5 3 4 5 4 7 3 4 5 4 8 3 4 5 3 2 1 3 5 5 4 
8 8 5 9 6 7 6 7 5 7 10 8 4 6 12 11 8 4 3 5 1 8 8 6 7 4 7 9 9 3 3 4 6 6 5 10 2 5 8 7 7 6 6 3 5 5 6 9 6 8 6 9 9 8 3 6 9 6 6 6 7 6 7 6 4 8 9 10 7 5 12 14 6 7 8 2 7 8 5 6 6 6 4 8 8 9 9 7 2 10 9 9 10 4 7 2 5 5 5 8 7 5 12 10 7 9 10 10 7 8 5 8 8 9 9 5 5 9 4 9 8 8 2 5 7 5 9 11 7 5 6 12 5 6 6 8 9 8 6 12 5 9 6 9 3 6 6 7 2 9 13 8 2 5 5 4 7 8 10 5 4 6 12 7 5 7 6 6 12 9 7 7 8 6 8 9 8 10 6 10 7 2 6 4 3 6 8 9 8 3 9 3 5 8 4 9 0 6 6 11 
5 6 4 3 6 6 5 7 4 4 5 2 6 4 4 4 3 8 7 6 8 7 4 1 5 3 4 7 7 5 2 7 6 5 4 4 5 6 3 4 6 7 7 4 7 3 1 5 6 5 7 5 5 5 6 5 5 3 8 7 1 5 6 5 5 3 3 8 5 7 7 5 4 5 5 3 5 6 3 7 3 7 6 5 4 5 6 9 4 9 4 4 7 6 6 4 5 3 7 6 6 6 3 4 6 6 11 6 3 1 4 4 4 5 4 5 3 6 3 4 4 4 5 6 4 3 8 3 9 5 7 7 5 6 6 5 8 5 4 5 8 4 5 7 5 4 7 3 0 7 4 7 3 4 3 4 8 6 5 3 4 5 5 7 5 5 3 4 5 2 6 6 6 5 5 6 4 5 2 6 2 5 5 6 5 5 8 3 7 7 8 5 6 6 3 6 6 9 4 2 
2 6 2 4 3 4 6 4 5 3 3 3 6 6 6 4 4 4 3 4 4 4 3 4 3 2 5 3 6 4 3 6 5 3 3 5 3 2 3 5 4 4 2 4 4 3 4 5 4 3 3 4 5 4 3 3 2 4 2 4 4 6 5 4 5 4 5 4 3 4 5 5 3 4 4 6 4 5 4 6 4 2 5 2 5 4 5 2 6 4 4 5 6 4 6 6 5 5 4 4 4 5 3 4 5 3 4 3 3 7 2 3 5 6 2 4 4 2 6 4 4 3 4 2 5 3 4 5 4 3 5 6 1 6 4 2 5 6 4 5 6 3 5 5 5 3 4 6 4 4 5 4 6 5 1 5 4 3 4 3 4 6 4 5 3 7 2 4 5 4 4 4 2 6 4 2 3 5 4 1 5 4 4 5 2 5 5 5 5 7 5 3 4 3 3 5 4 3 4 4 
