NAME  : Jabali_50_4_0.80_1_8
TYPE : SVRP
MODEL : FINITE_SUPPORT
NUMBER_OF_SCENARIOS : 200
DIMENSION : 50
EDGE_WEIGHT_TYPE : MATRIX
CAPACITY : 86
N_VEHICLES : 4
NODE_COORD_SECTION
1 3513 3269
2 4868 7221
3 3890 786
4 3864 8021
5 6138 3082
6 6468 1131
7 3802 4053
8 2673 4473
9 4662 6948
10 5585 5400
11 2007 5386
12 4677 5424
13 5414 18
14 1767 871
15 2380 8176
16 3563 325
17 8722 5594
18 5319 7442
19 4408 6630
20 8149 4608
21 1906 3844
22 3678 4878
23 4081 256
24 2424 6598
25 5846 6102
26 5841 2965
27 7008 2048
28 664 5258
29 6133 1651
30 3439 7833
31 5302 2086
32 6335 4067
33 731 3527
34 1438 4833
35 1138 2481
36 2123 4269
37 2507 1576
38 5007 5504
39 5487 2310
40 27 2748
41 428 2464
42 2906 5071
43 2483 6946
44 4660 2404
45 5698 5070
46 6667 3809
47 4509 5655
48 2910 2339
49 5410 5842
50 6822 5532
DEMAND_SECTION
1 0.0
2 10.0
3 6.0
4 1.0
5 3.0
6 2.0
7 9.0
8 9.0
9 3.0
10 9.0
11 3.0
12 2.0
13 10.0
14 4.0
15 8.0
16 4.0
17 3.0
18 8.0
19 6.0
20 9.0
21 10.0
22 10.0
23 8.0
24 8.0
25 8.0
26 3.0
27 6.0
28 3.0
29 7.0
30 10.0
31 9.0
32 7.0
33 3.0
34 7.0
35 1.0
36 1.0
37 3.0
38 2.0
39 8.0
40 8.0
41 4.0
42 1.0
43 6.0
44 1.0
45 3.0
46 8.0
47 5.0
48 7.0
49 8.0
50 3.0
DEVIATION_SECTION
1 0.0
2 3.33333
3 2.0
4 0.333333
5 1.0
6 0.666667
7 3.0
8 3.0
9 1.0
10 3.0
11 1.0
12 0.666667
13 3.33333
14 1.33333
15 2.66667
16 1.33333
17 1.0
18 2.66667
19 2.0
20 3.0
21 3.33333
22 3.33333
23 2.66667
24 2.66667
25 2.66667
26 1.0
27 2.0
28 1.0
29 2.33333
30 3.33333
31 3.0
32 2.33333
33 1.0
34 2.33333
35 0.333333
36 0.333333
37 1.0
38 0.666667
39 2.66667
40 2.66667
41 1.33333
42 0.333333
43 2.0
44 0.333333
45 1.0
46 2.66667
47 1.66667
48 2.33333
49 2.66667
50 1.0
DISTANCE_MATRIX
0.0 56.4205 36.2998 62.5699 35.4684 49.6488 12.1655 19.6977 52.3002 38.0 34.9285 36.7703 55.4721 40.8727 67.3573 41.0918 75.7919 61.8469 47.2014 65.7417 23.3452 24.0416 43.3694 47.4236 45.7593 32.573 50.3587 47.1699 42.19 60.4345 29.1548 40.8595 38.4838 35.2278 35.2647 23.0868 26.2108 35.8995 30.0 47.634 43.4197 24.8395 50.9117 19.2354 37.7047 44.8106 39.9284 16.4721 40.9284 55.5843 
56.4205 0.0 94.122 17.72 56.7276 82.7859 45.6062 45.1221 4.12311 24.9485 44.9444 25.2982 96.3477 95.4993 36.0139 101.185 53.6004 6.40312 9.21954 54.4518 57.9741 35.7067 99.1955 33.6006 21.6333 57.3328 74.4937 61.8466 75.0762 21.0238 68.5982 46.2502 73.1642 55.0727 78.4474 52.2015 80.8374 23.7065 65.7429 86.977 85.1645 37.6431 32.249 68.1227 29.069 51.2341 23.5372 70.3969 20.8494 32.573 
36.2998 94.122 0.0 97.0758 42.0595 34.6699 47.8277 51.6624 91.4458 70.0481 66.2193 71.6057 23.0217 27.313 101.03 7.07107 90.5207 95.8871 88.4216 76.5506 48.792 59.2867 7.07107 80.6641 79.7863 38.6005 44.5982 73.9541 31.8277 94.899 25.632 53.8663 56.0892 63.1348 43.0465 51.8652 22.3607 70.7349 28.7924 57.0789 51.0882 58.0765 84.3253 26.2491 67.0272 53.8516 74.7638 24.8221 74.9554 73.0718 
62.5699 17.72 97.0758 0.0 72.8011 98.4937 51.7556 49.4975 18.3576 41.1545 43.566 38.2884 112.143 101.649 19.9249 101.868 70.0643 21.0 20.5183 72.0069 61.0328 41.8561 108.58 26.9258 38.9102 73.1095 90.6973 57.3847 90.6966 5.65685 84.214 62.4563 73.6817 53.9351 82.0244 55.0364 86.9868 38.2099 81.3587 87.8237 87.2067 41.4367 23.7065 77.5069 45.2751 67.4402 35.609 76.5376 37.0555 50.2892 
35.4684 56.7276 42.0595 72.8011 0.0 26.4008 35.0143 51.2725 54.6717 32.5269 65.0077 36.2654 42.2019 63.665 85.8662 49.0408 48.5077 58.8099 52.4309 34.5398 58.5453 41.2311 45.7056 70.7423 42.7091 3.60555 18.3848 80.547 19.2354 73.7835 16.4924 13.6015 73.9256 68.7729 70.1781 57.1732 50.8589 34.9857 13.3417 82.5474 78.3331 52.0865 73.0346 21.2603 29.0689 12.0416 39.4235 47.0813 37.8782 32.1413 
49.6488 82.7859 34.6699 98.4937 26.4008 0.0 54.7814 68.884 80.6226 58.7963 83.9345 61.2935 20.8806 61.7738 110.897 39.6989 68.1175 84.8682 77.9872 53.0848 72.111 65.1255 33.9411 93.1412 68.7674 25.4558 14.0357 96.7569 8.06226 99.1221 20.6155 39.4462 84.3801 84.8534 73.9797 72.6929 53.1601 60.3352 20.6155 88.7694 82.9699 72.111 96.0166 30.4138 55.4437 36.2491 64.4516 51.6236 63.9365 57.0545 
12.1655 45.6062 47.8277 51.7556 35.0143 54.7814 0.0 16.4924 41.4859 28.9706 30.0666 27.7409 60.7348 52.4006 57.3149 52.6197 68.0101 52.8175 36.3871 58.2495 26.4008 12.083 54.8973 38.5876 36.7299 33.1013 52.3537 45.7056 46.8188 49.6202 34.4384 34.0147 43.2782 33.9559 42.9161 23.2594 37.7386 26.8701 34.176 54.6717 51.0392 17.4642 41.6173 25.807 28.6753 38.2753 30.899 28.0 31.899 47.8025 
19.6977 45.1221 51.6624 49.4975 51.2725 68.884 16.4924 0.0 41.0 44.249 15.2315 31.0526 71.0 51.5801 50.2494 55.9732 83.2886 50.9608 35.9026 73.9264 13.0 18.6011 58.7282 29.4109 45.3368 49.0408 68.0294 29.2746 61.1882 46.3249 48.2701 50.3289 29.4109 17.4642 33.3766 7.81025 40.4599 34.8772 48.6621 42.4853 40.1622 8.06226 33.2866 38.6005 43.9537 54.7083 28.5755 28.8444 40.5142 63.081 
52.3002 4.12311 91.4458 18.3576 54.6717 80.6226 41.4859 41.0 0.0 22.9035 41.0488 21.9317 94.1111 91.379 35.1283 91.5981 55.3173 10.2956 5.09902 55.0818 53.8516 31.5864 96.5193 30.5287 20.6155 55.1725 72.4488 58.1378 72.8354 20.6155 66.3616 44.2053 69.0797 51.1077 74.3303 48.0833 76.717 20.8087 63.5062 82.8734 81.0432 33.5261 29.5466 65.4466 27.024 49.1892 19.9249 66.2765 18.8045 32.5576 
38.0 24.9485 70.0481 41.1545 32.5269 58.7963 28.9706 44.249 22.9035 0.0 47.4241 12.8062 72.591 78.8637 56.0598 77.111 51.2401 27.0307 21.2545 46.8722 55.2782 33.9039 75.1216 45.1774 10.93 33.4215 50.0 65.4204 51.225 42.6756 44.8415 21.4709 72.208 55.8328 71.6466 51.6611 64.2017 8.60233 41.9862 83.5891 79.8012 36.2668 46.0 47.4492 4.12311 26.4008 14.7648 54.4631 6.09902 23.7806 
34.9285 44.9444 66.2193 43.566 65.0077 83.9345 30.0666 15.2315 41.0488 47.4241 0.0 35.1515 85.9857 59.2945 38.8973 70.0999 89.7071 51.3128 36.4005 84.3017 20.1246 26.5707 73.2462 18.2483 49.3964 63.2372 82.3893 18.0278 76.1577 39.1152 63.3246 62.1691 30.1496 10.4403 40.025 15.0 54.5649 38.976 63.561 44.2832 44.0114 13.1529 22.3607 53.7587 50.6745 66.9104 32.6743 42.4264 44.566 62.2945 
36.7703 25.2982 71.6057 38.2884 36.2654 61.2935 27.7409 31.0526 21.9317 12.8062 35.1515 0.0 80.2425 77.634 49.6488 78.6685 56.4367 29.2746 18.0278 49.1527 43.9711 21.6313 76.6792 35.2278 16.1266 36.0092 54.626 53.1478 53.4922 38.2884 47.0096 29.0689 59.7376 43.5602 70.4169 38.3299 62.9721 4.24264 44.1543 73.2543 71.1729 23.9942 36.8782 45.6064 15.6525 34.1321 3.16228 52.5316 11.2956 28.9772 
55.4721 96.3477 23.0217 112.143 42.2019 20.8806 60.7348 71.0 94.1111 72.591 85.9857 80.2425 0.0 49.0306 117.858 24.7386 88.0227 98.43 97.0584 73.0616 70.2282 71.6 18.4391 99.3071 82.3292 39.8497 34.7131 95.5196 24.0208 110.008 28.6531 55.7853 78.9177 84.309 66.0681 72.4983 45.2769 73.8008 30.8707 80.025 74.027 77.5084 102.346 35.0527 69.5701 53.7587 83.4005 46.584 77.4983 74.3009 
40.8727 95.4993 27.313 101.649 63.665 61.7738 52.4006 51.5801 91.379 78.8637 59.2945 77.634 49.0306 0.0 98.1852 24.3311 111.437 102.711 86.2802 97.9785 39.5537 63.8597 30.5941 77.3615 86.623 60.0599 70.4344 59.397 58.0086 96.8564 48.7955 74.6054 37.2022 51.6396 22.2036 45.5057 15.2971 76.7632 51.6624 32.9848 27.2029 59.4613 81.4825 46.5789 78.5684 74.8013 80.7921 27.5712 81.7921 96.4357 
67.3573 36.0139 101.03 19.9249 85.8662 110.897 57.3149 50.2494 35.1283 56.0598 38.8973 49.6488 117.858 98.1852 0.0 105.802 89.4539 40.4475 34.9285 90.1998 58.8727 47.4319 108.1 21.0238 55.109 85.6127 104.216 47.0956 103.096 15.1327 91.2176 77.1622 67.6018 47.8539 78.848 53.3104 90.4722 51.0784 90.7957 81.3019 82.0366 43.0116 17.0 82.9989 60.1803 82.2192 46.5296 79.0759 51.9608 67.6018 
41.0918 101.185 7.07107 101.868 49.0408 39.6989 52.6197 55.9732 91.5981 77.111 70.0999 78.6685 24.7386 24.3311 105.802 0.0 97.5295 102.95 86.4992 83.4865 52.4141 64.0787 6.32456 85.276 86.8492 45.607 50.6063 76.8842 37.8021 99.6911 32.573 60.9245 56.921 66.7618 42.9535 55.5477 23.7065 77.7977 35.7351 56.1427 50.1597 62.8013 89.0225 33.3119 74.09 60.8769 81.0111 28.4443 82.0182 80.1346 
75.7919 53.6004 90.5207 70.0643 48.5077 68.1175 68.0101 83.2886 55.3173 51.2401 89.7071 56.4367 88.0227 111.437 89.4539 97.5295 0.0 49.0918 57.5674 15.0333 94.3178 76.2339 94.1488 84.7585 40.3113 51.923 54.231 107.728 64.0703 74.3303 65.0 37.5766 111.248 98.1628 109.858 90.7006 98.8527 52.4656 61.8466 122.066 117.957 78.5968 84.4808 68.5085 55.3606 36.6879 57.4548 92.2427 47.1411 28.4253 
61.8469 6.40312 95.8871 21.0 58.8099 84.8682 52.8175 50.9608 10.2956 27.0307 51.3128 29.2746 98.43 102.711 40.4475 102.95 49.0918 0.0 15.2315 51.4198 63.8905 41.5529 100.961 39.8246 22.0227 59.415 76.0309 68.2495 77.1585 25.318 70.6805 49.5876 79.3095 61.4003 84.3016 58.1893 88.0486 26.9258 67.8252 93.0484 91.0934 43.6578 38.2753 70.683 31.1513 51.5876 28.0179 76.2431 22.9317 30.8869 
47.2014 9.21954 88.4216 20.5183 52.4309 77.9872 36.3871 35.9026 5.09902 21.2545 36.4005 18.0278 97.0584 86.2802 34.9285 86.4992 57.5674 15.2315 0.0 56.0357 48.7647 26.4876 93.4951 27.313 20.2237 52.6308 70.4911 53.7587 70.1973 21.4709 63.7146 42.5441 64.0781 46.3249 69.2315 43.0116 71.6182 17.6918 60.8593 77.8332 75.9605 28.4605 26.9258 62.4223 25.375 47.5395 15.6525 61.1777 17.1555 33.0151 
65.7417 54.4518 76.5506 72.0069 34.5398 53.0848 58.2495 73.9264 55.0818 46.8722 84.3017 49.1527 73.0616 97.9785 90.1998 83.4865 15.0333 51.4198 56.0357 0.0 84.6286 70.7815 79.8123 82.0366 36.3456 38.0789 39.2046 102.084 49.163 75.4255 50.9215 25.4951 101.4 90.9216 99.8199 81.3019 85.3939 45.4716 47.7598 112.02 107.975 71.7605 82.4924 55.1141 33.921 23.3238 51.7731 82.1925 42.7732 23.1948 
23.3452 57.9741 48.792 61.0328 58.5453 72.111 26.4008 13.0 53.8516 55.2782 20.1246 43.9711 70.2282 39.5537 58.8727 52.4141 94.3178 63.8905 48.7647 84.6286 0.0 31.3847 55.6959 37.9473 63.0375 55.7853 73.6817 25.2982 65.0 57.3149 52.0096 60.0333 16.9706 14.4222 21.0 6.0 36.8791 47.7957 53.1507 29.5296 27.2029 20.3961 42.0595 42.0119 54.9829 63.9928 41.4939 24.1868 53.4326 74.1101 
24.0416 35.7067 59.2867 41.8561 41.2311 65.1255 12.083 18.6011 31.5864 33.9039 26.5707 21.6313 71.6 63.8597 47.4319 64.0787 76.2339 41.5529 26.4876 70.7815 31.3847 0.0 66.3564 29.5433 35.9155 40.1622 59.4811 44.2832 57.1322 39.7207 44.9319 36.1344 48.0104 33.8378 50.5964 26.4008 49.1977 25.4558 44.51 60.9016 58.1808 13.8924 32.131 36.7971 37.1543 41.0488 19.1541 39.3192 31.0928 48.7743 
43.3694 99.1955 7.07107 108.58 45.7056 33.9411 54.8973 58.7282 96.5193 75.1216 73.2462 76.6792 18.4391 30.5941 108.1 6.32456 94.1488 100.961 93.4951 79.8123 55.6959 66.3564 0.0 87.7338 84.8598 42.4264 45.4863 80.858 32.7567 101.969 29.2746 58.1378 62.0967 70.0436 48.5077 58.8218 28.4605 75.8083 32.3883 62.0322 56.0357 65.1461 91.3949 31.3225 72.1006 57.7062 79.8372 31.7261 80.0289 76.934 
47.4236 33.6006 80.6641 26.9258 70.7423 93.1412 38.5876 29.4109 30.5287 45.1774 18.2483 35.2278 99.3071 77.3615 21.0238 85.276 84.7585 39.8246 27.313 82.0366 37.9473 29.5433 87.7338 0.0 45.7056 69.5997 88.9553 30.4631 85.1479 21.8403 72.9452 64.2806 48.0 28.0 58.2495 32.311 69.8183 38.0132 72.5257 62.0322 62.1289 22.6274 4.12311 64.3506 49.0918 69.3542 32.1403 58.2495 41.3113 58.8558 
45.7593 21.6333 79.7863 38.9102 42.7091 68.7674 36.7299 45.3368 20.6155 10.93 49.3964 16.1266 82.3292 86.623 55.109 86.8492 40.3113 22.0227 20.2237 36.3456 63.0375 35.9155 84.8598 45.7056 0.0 43.3143 60.4753 67.4166 61.0578 41.1096 54.5797 32.2317 74.0218 57.8444 79.4059 52.6141 71.9611 12.1555 51.7244 91.3484 87.5605 38.2784 46.1736 57.1874 15.0505 37.2157 17.1447 62.2224 6.83095 13.1529 
32.573 57.3328 38.6005 73.1095 3.60555 25.4558 33.1013 49.0408 55.1725 33.4215 63.2372 36.0092 39.8497 60.0599 85.6127 45.607 51.923 59.415 52.6308 38.0789 55.7853 40.1622 42.4264 69.5997 43.3143 0.0 19.4165 78.2304 17.8045 73.8173 13.1529 16.1245 70.9366 66.2722 67.1148 54.5894 47.2538 35.0 10.0499 79.4842 75.2698 50.4275 72.1874 17.6918 30.2324 15.2971 39.1672 43.4761 38.4833 34.8842 
50.3587 74.4937 44.5982 90.6973 18.3848 14.0357 52.3537 68.0294 72.4488 50.0 82.3893 54.626 34.7131 70.4344 104.216 50.6063 54.231 76.0309 70.4911 39.2046 73.6817 59.4811 45.4863 88.9553 60.4753 19.4165 0.0 97.0206 12.8062 91.9239 22.8473 29.0 87.9816 85.0235 79.5288 73.1095 59.5399 53.2353 20.8806 94.3854 88.7265 69.8262 91.4029 32.28 46.2277 24.8395 57.7918 56.4624 55.6443 45.2535 
47.1699 61.8466 73.9541 57.3847 80.547 96.7569 45.7056 29.2746 58.1378 65.4204 18.0278 53.1478 95.5196 59.397 47.0956 76.8842 107.728 68.2495 53.7587 102.084 25.2982 44.2832 80.858 30.4631 67.4166 78.2304 97.0206 0.0 89.3588 52.2015 76.3217 79.1202 23.3238 12.0 37.6431 24.0832 53.3464 56.9723 77.1038 35.4401 37.5766 30.4631 33.8378 66.3702 68.6708 83.678 50.6706 49.2443 62.5873 80.2908 
42.19 75.0762 31.8277 90.6966 19.2354 8.06226 46.8188 61.1882 72.8354 51.225 76.1577 53.4922 24.0208 58.0086 103.096 37.8021 64.0703 77.1585 70.1973 49.163 65.0 57.1322 32.7567 85.1479 61.0578 17.8045 12.8062 89.3588 0.0 91.3208 13.0384 32.6956 77.9295 77.4145 68.3126 65.2763 47.927 52.5339 12.6491 83.1691 77.4919 64.195 88.0233 23.0217 48.0104 30.0832 56.6503 45.607 56.2268 50.8219 
60.4345 21.0238 94.899 5.65685 73.7835 99.1221 49.6202 46.3249 20.6155 42.6756 39.1152 38.2884 110.008 96.8564 15.1327 99.6911 74.3303 25.318 21.4709 75.4255 57.3149 39.7207 101.969 21.8403 41.1096 73.8173 91.9239 52.2015 91.3208 0.0 83.5064 63.9773 69.2604 49.366 78.2304 51.3517 84.7778 38.833 81.9829 83.3847 83.0241 38.3275 18.3848 75.3715 46.7961 68.9613 35.3836 74.0945 38.5766 53.1507 
29.1548 68.5982 25.632 84.214 16.4924 20.6155 34.4384 48.2701 66.3616 44.8415 63.3246 47.0096 28.6531 48.7955 91.2176 32.573 65.0 70.6805 63.7146 50.9215 52.0096 44.9319 29.2746 72.9452 54.5797 13.1529 22.8473 76.3217 13.0384 83.5064 0.0 29.0 65.307 64.3817 56.7326 52.2398 36.8917 46.0513 3.16228 71.5891 65.9302 51.6236 75.823 10.0 41.8206 28.4429 56.8993 33.6155 49.7488 47.8102 
40.8595 46.2502 53.8663 62.4563 13.6015 39.4462 34.0147 50.3289 44.2053 21.4709 62.1691 29.0689 55.7853 74.6054 77.1622 60.9245 37.5766 49.5876 42.5441 25.4951 60.0333 36.1344 58.1378 64.2806 32.2317 16.1245 29.0 79.1202 32.6956 63.9773 29.0 0.0 76.5889 67.6757 74.9376 57.2713 62.0208 26.4764 26.0192 87.1375 83.0926 49.0306 65.7647 31.6766 17.4929 5.09902 32.1403 57.3103 27.4008 18.8102 
38.4838 73.1642 56.0892 73.6817 73.9256 84.3801 43.2782 29.4109 69.0797 72.208 30.1496 59.7376 78.9177 37.2022 67.6018 56.921 111.248 79.3095 64.0781 101.4 16.9706 48.0104 62.0967 48.0 74.0218 70.9366 87.9816 23.3238 77.9295 69.2604 65.307 76.5889 0.0 20.0 15.0 21.6333 33.7343 63.5622 67.1937 14.1421 14.5602 35.7771 52.0096 61.4117 71.9127 80.5401 57.2605 33.0 69.1992 91.04 
35.2278 55.0727 63.1348 53.9351 68.7729 84.8534 33.9559 17.4642 51.1077 55.8328 10.4403 43.5602 84.309 51.6396 47.8539 66.7618 98.1628 61.4003 46.3249 90.9216 14.4222 33.8378 70.0436 28.0 57.8444 66.2722 85.0235 12.0 77.4145 49.366 64.3817 67.6757 20.0 0.0 31.3847 12.1655 51.2268 47.3848 65.123 34.0588 34.2345 20.0 32.0156 54.4518 59.0832 72.1249 41.083 38.5876 53.0217 70.7033 
35.2647 78.4474 43.0465 82.0244 70.1781 73.9797 42.9161 33.3766 74.3303 71.6466 40.025 70.4169 66.0681 22.2036 78.848 42.9535 109.858 84.3016 69.2315 99.8199 21.0 50.5964 48.5077 58.2495 79.4059 67.1148 79.5288 37.6431 68.3126 78.2304 56.7326 74.9376 15.0 31.3847 0.0 27.0 21.095 69.5461 59.1091 14.8661 9.43398 41.1947 62.3699 53.3869 71.3513 78.8888 61.9027 32.302 74.575 90.4786 
23.0868 52.2015 51.8652 55.0364 57.1732 72.6929 23.2594 7.81025 48.0833 51.6611 15.0 38.3299 72.4983 45.5057 53.3104 55.5477 90.7006 58.1893 43.0116 81.3019 6.0 26.4008 58.8218 32.311 52.6141 54.5894 73.1095 24.0832 65.2763 51.3517 52.2398 57.2713 21.6333 12.1655 27.0 0.0 40.0127 42.1545 53.0377 34.9285 32.9848 14.5602 36.4005 42.2966 51.3658 61.4654 35.8528 27.6586 47.7915 70.493 
26.2108 80.8374 22.3607 86.9868 50.8589 53.1601 37.7386 40.4599 76.717 64.2017 54.5649 62.9721 45.2769 15.2971 90.4722 23.7065 98.8527 88.0486 71.6182 85.3939 36.8791 49.1977 28.4605 69.8183 71.9611 47.2538 59.5399 53.3464 47.927 84.7778 36.8917 62.0208 33.7343 51.2268 21.095 40.0127 0.0 62.1012 39.4081 35.6931 29.8329 47.4713 73.613 33.7727 63.9064 62.2167 66.1301 12.9093 67.1301 81.7738 
35.8995 23.7065 70.7349 38.2099 34.9857 60.3352 26.8701 34.8772 20.8087 8.60233 38.976 4.24264 73.8008 76.7632 51.0784 77.7977 52.4656 26.9258 17.6918 45.4716 47.7957 25.4558 75.8083 38.0132 12.1555 35.0 53.2353 56.9723 52.5339 38.833 46.0513 26.4764 63.5622 47.3848 69.5461 42.1545 62.1012 0.0 43.196 81.4886 77.7007 27.8188 39.3192 44.7356 11.7047 31.5753 6.32456 52.3626 7.32456 25.0061 
30.0 65.7429 28.7924 81.3587 13.3417 20.6155 34.176 48.6621 63.5062 41.9862 63.561 44.1543 30.8707 51.6624 90.7957 35.7351 61.8466 67.8252 60.8593 47.7598 53.1507 44.51 32.3883 72.5257 51.7244 10.0499 20.8806 77.1038 12.6491 81.9829 3.16228 26.0192 67.1937 65.123 59.1091 53.0377 39.4081 43.196 0.0 73.9656 68.3067 51.5461 75.4011 11.4018 38.9652 25.318 47.3123 35.7771 46.8934 44.8238 
47.634 86.977 57.0789 87.8237 82.5474 88.7694 54.6717 42.4853 82.8734 83.5891 44.2832 73.2543 80.025 32.9848 81.3019 56.1427 122.066 93.0484 77.8332 112.02 29.5296 60.9016 62.0322 62.0322 91.3484 79.4842 94.3854 35.4401 83.1691 83.3847 71.5891 87.1375 14.1421 34.0588 14.8661 34.9285 35.6931 81.4886 73.9656 0.0 6.0 49.3964 66.0076 68.7 83.2938 91.0886 70.7772 47.1585 82.7159 102.421 
43.4197 85.1645 51.0882 87.2067 78.3331 82.9699 51.0392 40.1622 81.0432 79.8012 44.0114 71.1729 74.027 27.2029 82.0366 50.1597 117.957 91.0934 75.9605 107.975 27.2029 58.1808 56.0357 62.1289 87.5605 75.2698 88.7265 37.5766 77.4919 83.0241 65.9302 83.0926 14.5602 34.2345 9.43398 32.9848 29.8329 77.7007 68.3067 6.0 0.0 47.5395 66.1891 62.5846 79.5059 87.0438 68.6958 41.4996 82.7296 98.6332 
24.8395 37.6431 58.0765 41.4367 52.0865 72.111 17.4642 8.06226 33.5261 36.2668 13.1529 23.9942 77.5084 59.4613 43.0116 62.8013 78.5968 43.6578 28.4605 71.7605 20.3961 13.8924 65.1461 22.6274 38.2784 50.4275 69.8262 30.4631 64.195 38.3275 51.6236 49.0306 35.7771 20.0 41.1947 14.5602 47.4713 27.8188 51.5461 49.3964 47.5395 0.0 26.2488 42.4853 39.5172 53.7587 21.517 36.2353 33.4557 51.1373 
50.9117 32.249 84.3253 23.7065 73.0346 96.0166 41.6173 33.2866 29.5466 46.0 22.3607 36.8782 102.346 81.4825 17.0 89.0225 84.4808 38.2753 26.9258 82.4924 42.0595 32.131 91.3949 4.12311 46.1736 72.1874 91.4029 33.8378 88.0233 18.3848 75.823 65.7647 52.0096 32.0156 62.3699 36.4005 73.613 39.3192 75.4011 66.0076 66.1891 26.2488 0.0 67.424 50.01 70.859 33.7343 62.1289 42.0122 59.3043 
19.2354 68.1227 26.2491 77.5069 21.2603 30.4138 25.807 38.6005 65.4466 47.4492 53.7587 45.6064 35.0527 46.5789 82.9989 33.3119 68.5085 70.683 62.4223 55.1141 42.0119 36.7971 31.3225 64.3506 57.1874 17.6918 32.28 66.3702 23.0217 75.3715 10.0 31.6766 61.4117 54.4518 53.3869 42.2966 33.7727 44.7356 11.4018 68.7 62.5846 42.4853 67.424 0.0 44.4282 31.8749 48.7645 29.9951 49.7645 50.4728 
37.7047 29.069 67.0272 45.2751 29.0689 55.4437 28.6753 43.9537 27.024 4.12311 50.6745 15.6525 69.5701 78.5684 60.1803 74.09 55.3606 31.1513 25.375 33.921 54.9829 37.1543 72.1006 49.0918 15.0505 30.2324 46.2277 68.6708 48.0104 46.7961 41.8206 17.4929 71.9127 59.0832 71.3513 51.3658 63.9064 11.7047 38.9652 83.2938 79.5059 39.5172 50.01 44.4282 0.0 22.3607 18.0278 54.1678 10.2195 27.9011 
44.8106 51.2341 53.8516 67.4402 12.0416 36.2491 38.2753 54.7083 49.1892 26.4008 66.9104 34.1321 53.7587 74.8013 82.2192 60.8769 36.6879 51.5876 47.5395 23.3238 63.9928 41.0488 57.7062 69.3542 37.2157 15.2971 24.8395 83.678 30.0832 68.9613 28.4429 5.09902 80.5401 72.1249 78.8888 61.4654 62.2167 31.5753 25.318 91.0886 87.0438 53.7587 70.859 31.8749 22.3607 0.0 37.2156 60.7726 32.3847 20.8102 
39.9284 23.5372 74.7638 35.609 39.4235 64.4516 30.899 28.5755 19.9249 14.7648 32.6743 3.16228 83.4005 80.7921 46.5296 81.0111 57.4548 28.0179 15.6525 51.7731 41.4939 19.1541 79.8372 32.1403 17.1447 39.1672 57.7918 50.6706 56.6503 35.3836 56.8993 32.1403 57.2605 41.083 61.9027 35.8528 66.1301 6.32456 47.3123 70.7772 68.6958 21.517 33.7343 48.7645 18.0278 37.2156 0.0 55.6896 12.3137 29.9953 
16.4721 70.3969 24.8221 76.5376 47.0813 51.6236 28.0 28.8444 66.2765 54.4631 42.4264 52.5316 46.584 27.5712 79.0759 28.4443 92.2427 76.2431 61.1777 82.1925 24.1868 39.3192 31.7261 58.2495 62.2224 43.4761 56.4624 49.2443 45.607 74.0945 33.6155 57.3103 33.0 38.5876 32.302 27.6586 12.9093 52.3626 35.7771 47.1585 41.4996 36.2353 62.1289 29.9951 54.1678 60.7726 55.6896 0.0 57.3915 72.0351 
40.9284 20.8494 74.9554 37.0555 37.8782 63.9365 31.899 40.5142 18.8045 6.09902 44.566 11.2956 77.4983 81.7921 51.9608 82.0182 47.1411 22.9317 17.1555 42.7732 53.4326 31.0928 80.0289 41.3113 6.83095 38.4833 55.6443 62.5873 56.2268 38.5766 49.7488 27.4008 69.1992 53.0217 74.575 47.7915 67.1301 7.32456 46.8934 82.7159 82.7296 33.4557 42.0122 49.7645 10.2195 32.3847 12.3137 57.3915 0.0 19.6815 
55.5843 32.573 73.0718 50.2892 32.1413 57.0545 47.8025 63.081 32.5576 23.7806 62.2945 28.9772 74.3009 96.4357 67.6018 80.1346 28.4253 30.8869 33.0151 23.1948 74.1101 48.7743 76.934 58.8558 13.1529 34.8842 45.2535 80.2908 50.8219 53.1507 47.8102 18.8102 91.04 70.7033 90.4786 70.493 81.7738 25.0061 44.8238 102.421 98.6332 51.1373 59.3043 50.4728 27.9011 20.8102 29.9953 72.0351 19.6815 0.0 
DEMAND_SCENARIO_SECTION
0 0 0 0 0 0 0 0 0 0 0 0 0 0 0 0 0 0 0 0 0 0 0 0 0 0 0 0 0 0 0 0 0 0 0 0 0 0 0 0 0 0 0 0 0 0 0 0 0 0 0 0 0 0 0 0 0 0 0 0 0 0 0 0 0 0 0 0 0 0 0 0 0 0 0 0 0 0 0 0 0 0 0 0 0 0 0 0 0 0 0 0 0 0 0 0 0 0 0 0 0 0 0 0 0 0 0 0 0 0 0 0 0 0 0 0 0 0 0 0 0 0 0 0 0 0 0 0 0 0 0 0 0 0 0 0 0 0 0 0 0 0 0 0 0 0 0 0 0 0 0 0 0 0 0 0 0 0 0 0 0 0 0 0 0 0 0 0 0 0 0 0 0 0 0 0 0 0 0 0 0 0 0 0 0 0 0 0 0 0 0 0 0 0 0 0 0 0 0 0 
9 12 10 7 12 12 12 16 10 8 12 13 12 10 9 11 10 6 3 11 11 7 6 6 4 11 11 12 14 11 12 15 8 8 14 8 6 15 11 9 7 10 5 9 10 9 14 5 10 10 12 7 11 8 13 9 7 11 11 8 11 17 8 10 10 7 12 8 14 12 7 10 9 13 10 5 4 13 8 7 6 11 15 7 8 8 7 0 11 6 12 15 13 11 11 11 9 8 17 8 5 11 16 9 15 11 9 15 6 9 15 9 3 11 5 16 11 4 8 11 8 8 4 11 11 12 10 13 15 12 15 15 12 13 7 10 5 8 5 8 10 10 13 13 13 3 10 15 10 7 15 13 12 6 17 11 10 10 9 8 5 11 12 8 6 10 11 11 10 11 17 11 10 9 10 10 10 6 7 13 12 11 7 14 15 7 11 12 6 13 8 8 12 12 9 12 8 10 12 11 
6 5 7 5 5 5 5 7 3 4 7 12 6 3 5 5 8 5 7 6 4 7 4 8 5 6 4 7 6 8 9 7 5 8 9 7 7 6 5 6 6 7 6 8 10 7 4 4 5 5 6 4 6 8 8 8 5 4 3 5 7 6 9 8 5 6 4 8 5 5 6 7 9 5 6 6 2 5 7 5 1 8 6 9 6 8 8 5 9 5 4 4 5 6 6 8 6 6 4 3 8 6 4 6 6 12 7 8 7 6 4 6 5 7 6 9 5 7 8 7 7 8 4 4 5 8 4 4 4 6 7 6 6 4 5 5 6 5 6 7 7 4 5 6 1 9 3 4 7 5 4 3 6 6 5 6 6 5 8 9 3 8 5 7 5 7 9 5 8 6 8 4 5 5 2 8 9 6 7 6 5 6 5 5 9 6 4 10 9 6 4 2 5 4 4 5 7 8 5 8 
1 1 1 2 1 2 1 1 1 1 1 1 1 0 1 1 0 1 1 1 1 1 1 1 1 1 1 1 1 0 1 1 1 1 1 1 0 1 2 0 1 1 1 2 1 1 1 1 1 1 1 1 1 1 1 1 1 1 1 1 1 1 1 1 1 1 1 2 1 1 0 1 1 1 1 1 1 2 1 1 1 1 1 1 1 1 1 2 1 1 1 2 0 1 1 1 1 1 1 1 1 1 1 0 1 1 1 1 1 1 1 1 1 1 1 1 1 1 1 1 1 1 0 2 1 1 1 1 1 1 1 0 1 1 0 1 1 1 1 1 1 1 1 1 0 1 1 1 1 1 1 1 1 1 0 1 1 1 1 1 1 0 1 1 2 1 1 1 1 1 1 1 1 1 1 1 0 1 1 1 1 1 2 1 1 1 1 1 1 1 1 1 1 1 1 1 1 1 1 1 
2 4 4 1 2 4 4 3 3 3 2 2 4 2 4 3 3 3 2 2 4 1 4 2 2 4 3 3 2 4 1 3 2 3 4 3 2 3 2 2 3 1 5 3 4 3 1 2 2 3 3 2 3 4 3 3 2 1 2 4 3 3 3 3 1 3 4 2 3 4 5 3 5 5 3 3 3 4 3 4 1 2 5 3 3 3 4 4 4 6 3 4 3 3 3 2 1 1 3 3 4 5 2 4 3 2 4 4 3 4 3 1 1 2 4 2 3 5 2 3 2 3 2 2 3 1 1 3 2 3 4 1 2 4 3 4 3 5 5 3 4 2 4 4 3 0 2 4 0 5 3 5 2 3 3 4 3 1 5 3 0 1 2 4 2 2 0 5 3 3 2 1 4 4 3 3 2 3 4 4 2 3 2 2 2 3 4 3 2 5 3 2 3 2 3 4 4 4 2 5 
1 3 2 2 3 2 2 1 2 3 3 1 1 2 2 3 4 3 2 1 2 2 2 2 2 2 3 2 3 2 2 3 1 2 1 1 2 3 3 2 2 1 2 1 2 2 3 2 1 3 2 3 2 2 3 0 2 4 1 3 2 1 2 3 2 2 1 1 2 1 2 1 2 0 2 2 2 2 1 1 2 2 2 2 1 3 2 3 1 1 1 1 3 1 2 1 1 2 2 1 2 2 2 3 2 2 4 2 2 0 2 2 2 3 2 3 2 2 3 2 1 3 3 1 2 3 3 1 1 1 3 1 2 2 1 2 1 2 2 2 1 3 1 2 2 2 1 2 1 3 2 2 1 1 2 2 3 2 2 2 2 2 3 2 3 2 2 2 1 3 2 1 4 2 2 3 2 1 2 1 2 2 2 1 3 1 2 2 2 3 1 1 2 2 3 2 1 1 4 2 
11 9 8 6 9 5 4 10 11 13 10 13 5 9 9 7 16 6 8 8 6 12 8 8 12 10 6 14 8 12 8 10 5 9 9 8 8 11 12 8 11 13 9 10 15 12 8 4 9 9 7 8 10 8 9 2 13 7 13 10 12 7 10 6 9 8 9 9 13 11 1 11 11 15 8 10 10 2 10 8 8 8 7 5 8 10 12 14 8 9 8 17 11 11 7 14 9 8 12 9 7 7 9 9 6 12 6 5 4 13 11 10 8 9 11 3 5 5 6 8 12 11 7 13 12 12 10 8 6 9 9 6 10 10 8 8 6 6 9 12 8 14 9 12 8 7 15 9 11 7 8 15 8 9 10 9 5 10 5 11 11 14 4 7 10 9 9 11 7 12 15 9 16 5 11 9 11 7 6 9 11 10 5 0 9 11 9 11 10 13 7 1 7 11 13 6 16 9 7 10 
6 6 10 19 9 9 8 7 13 13 4 11 11 8 8 11 11 5 11 4 14 15 12 12 11 9 11 9 11 7 6 12 11 13 8 15 9 5 11 12 6 7 7 11 10 7 11 6 14 8 8 8 9 14 9 5 4 16 6 10 12 9 8 13 12 10 10 8 11 10 10 8 6 11 10 7 10 8 6 11 4 6 9 2 9 7 13 9 7 8 5 15 9 10 16 8 7 17 13 6 9 12 8 11 6 5 8 6 8 12 12 12 11 9 9 11 12 9 14 8 11 3 9 5 11 6 10 8 13 8 9 11 6 9 10 10 10 11 7 8 12 8 6 8 9 13 7 7 10 3 14 9 10 5 6 11 11 11 7 11 7 7 9 9 11 9 7 14 7 15 5 6 7 15 10 12 9 9 12 15 9 7 3 5 11 7 13 14 10 10 10 10 13 14 14 12 6 16 10 9 
4 1 3 3 3 3 2 2 3 2 4 3 4 2 4 3 4 3 3 3 3 2 3 3 2 2 2 2 1 1 4 4 2 4 4 4 3 3 3 4 4 5 4 4 5 5 3 2 1 4 5 3 4 3 2 2 3 4 3 4 2 2 3 5 3 4 3 2 3 3 3 3 4 3 2 2 4 3 4 1 5 3 3 2 4 4 3 3 2 4 3 2 4 4 3 1 3 4 3 4 3 3 5 2 3 4 3 4 1 3 4 2 3 3 5 2 4 1 2 5 4 3 3 2 2 1 1 3 6 3 3 3 4 5 2 5 4 4 2 4 2 4 3 5 5 3 1 3 4 2 2 3 4 2 5 2 2 3 3 4 2 3 3 3 5 2 4 3 1 2 5 2 2 4 4 3 3 4 3 4 3 2 1 3 3 2 3 3 2 4 2 3 2 3 4 4 3 3 4 3 
5 8 7 9 8 6 5 12 11 11 9 8 6 5 14 3 12 7 9 10 11 5 13 7 7 14 8 13 7 7 7 6 9 4 11 12 9 14 11 13 7 4 6 8 7 9 4 12 7 9 10 11 6 10 11 9 9 6 3 12 5 8 10 11 11 12 4 13 12 13 7 9 8 15 15 8 9 6 10 7 10 8 7 11 7 12 4 9 6 7 2 11 10 6 7 12 11 6 15 6 9 8 8 4 16 9 7 11 12 6 13 10 13 7 9 10 5 9 9 10 11 7 0 13 11 8 12 10 8 13 10 9 10 11 4 8 13 7 9 11 11 9 6 8 8 12 9 10 10 1 5 7 8 7 10 8 12 9 14 8 4 10 8 11 4 14 6 8 3 11 11 10 12 9 6 13 6 12 16 7 8 8 13 12 9 11 8 9 11 10 7 7 7 8 11 7 10 10 11 6 
1 2 5 4 4 4 5 4 4 4 4 3 3 4 3 1 3 3 2 4 4 0 4 3 3 3 4 3 2 1 3 3 2 4 4 3 3 4 2 4 3 3 5 3 3 3 3 2 3 5 3 3 4 2 2 4 3 3 3 3 4 4 3 3 1 3 2 3 3 2 2 3 3 3 1 4 3 4 3 3 2 3 4 4 3 3 2 4 4 4 3 1 3 2 4 2 2 2 3 3 3 4 3 3 1 4 4 3 4 4 3 3 4 2 5 1 2 2 3 4 3 4 3 4 3 4 4 3 2 3 2 2 1 2 2 2 5 2 4 4 3 3 3 3 3 4 3 2 3 2 5 4 3 1 2 2 4 4 3 3 5 4 2 3 4 3 4 3 4 3 4 2 4 3 3 3 3 2 3 4 3 3 2 3 4 3 1 4 5 3 5 2 4 4 4 2 3 2 3 3 
2 2 2 1 2 3 2 1 1 1 2 2 3 3 2 3 2 2 1 2 1 2 3 1 2 3 2 2 2 2 2 3 2 1 2 2 2 1 3 2 1 2 3 3 1 2 2 2 2 2 1 2 1 3 2 1 2 3 2 2 2 1 2 1 2 2 1 2 2 2 2 2 3 3 3 2 2 1 2 2 3 1 2 2 2 2 1 2 1 2 2 3 1 1 3 2 2 2 2 2 2 2 1 1 3 1 2 2 2 2 1 2 1 2 2 3 1 2 3 2 1 4 2 2 2 2 3 3 1 2 1 1 2 1 0 3 3 2 1 2 2 3 1 3 1 2 2 2 2 3 2 2 2 3 3 2 1 2 2 3 2 1 1 2 1 2 2 1 2 3 1 2 2 2 3 3 2 2 2 1 2 1 1 2 0 2 3 3 3 2 2 3 1 1 1 2 2 2 1 3 
11 15 9 11 11 11 15 11 9 11 14 5 13 6 10 9 12 10 11 6 6 4 7 10 7 6 10 2 4 9 9 13 15 10 11 14 5 9 12 12 6 5 7 9 16 9 7 10 7 9 11 9 9 11 10 12 10 10 10 15 10 14 14 13 5 7 14 10 8 14 10 7 9 11 10 8 12 11 14 10 9 9 13 11 13 11 14 6 12 4 6 7 11 9 14 10 3 11 12 11 4 12 11 17 10 15 8 12 8 11 8 14 17 5 12 13 6 12 9 9 14 12 9 6 4 13 6 10 7 10 8 13 12 13 10 6 12 9 19 14 5 10 7 14 6 10 9 9 13 6 7 12 16 8 8 11 8 7 13 17 9 8 5 9 6 8 10 8 10 9 13 13 12 5 14 9 9 10 10 12 9 5 12 8 13 11 14 10 10 9 10 14 11 17 6 16 11 8 10 8 
2 3 3 5 4 5 3 3 5 5 6 3 5 4 5 3 5 3 3 3 4 3 5 6 3 5 5 3 4 4 7 4 8 4 2 5 5 5 5 2 3 5 0 5 4 5 4 4 3 5 5 4 3 4 4 4 6 5 4 4 5 7 4 4 4 1 2 4 5 3 6 3 5 5 6 4 3 2 7 3 5 5 3 4 2 4 5 2 3 6 3 5 5 3 6 4 3 2 3 2 4 2 4 5 5 6 2 4 2 2 5 3 4 4 3 4 4 3 2 5 4 4 4 6 3 4 6 4 2 2 3 4 5 5 4 5 5 3 2 5 6 1 4 6 3 2 6 4 4 3 4 3 4 4 3 4 4 6 4 4 1 4 4 3 3 4 5 4 2 5 4 7 1 2 1 4 4 3 4 3 4 2 6 4 5 3 5 5 3 5 5 4 5 5 5 5 2 3 6 5 
6 5 9 9 8 9 6 9 9 7 7 10 8 6 11 10 6 5 7 8 6 9 6 8 11 8 7 12 8 9 12 4 6 5 6 7 5 5 5 9 8 8 7 4 13 4 7 8 7 7 8 4 7 8 12 5 9 6 12 5 6 9 13 1 11 10 8 8 6 4 6 7 3 7 6 9 8 11 10 7 10 9 12 7 8 7 12 5 9 7 11 4 5 4 9 6 12 15 7 4 3 14 7 9 9 11 8 9 9 11 9 6 9 9 6 8 6 9 14 14 7 11 7 8 11 6 4 6 12 8 10 4 5 13 12 8 8 8 5 9 7 9 5 7 11 4 14 2 8 7 9 8 3 13 5 8 4 11 11 4 8 14 9 9 7 12 6 2 10 5 8 10 7 8 6 7 8 13 6 16 8 8 8 13 9 8 7 7 9 8 8 5 1 5 11 8 10 8 8 9 
6 5 3 5 4 2 5 3 4 5 4 6 3 2 4 3 6 5 1 4 4 3 5 6 4 5 5 5 4 6 5 3 3 5 4 3 4 4 5 2 7 4 4 6 1 4 4 2 6 4 5 5 4 5 8 7 5 4 3 4 5 2 4 4 3 3 2 6 5 3 3 3 4 4 3 3 5 2 3 2 5 5 7 4 6 4 3 5 4 7 4 5 3 7 5 1 6 3 3 2 6 4 2 2 3 4 3 5 5 2 4 4 2 5 3 2 4 3 5 5 6 6 6 5 5 5 4 3 4 3 4 7 7 6 5 3 5 4 4 1 4 6 4 4 3 3 3 7 3 4 2 3 5 5 5 5 3 4 4 5 4 4 2 4 5 3 5 3 3 2 3 2 3 2 5 2 3 4 3 2 5 3 2 7 5 6 3 4 4 6 4 3 5 3 3 3 4 5 4 0 
1 3 3 3 4 3 3 2 3 3 4 3 3 3 5 3 2 4 2 2 1 3 3 1 5 4 3 1 3 3 4 2 3 4 3 5 3 3 3 3 3 3 2 5 3 2 3 3 2 2 5 3 2 5 2 3 5 2 2 2 4 3 3 2 1 3 3 2 6 3 2 3 2 2 2 4 2 2 4 4 2 3 2 1 3 1 2 3 3 1 2 3 3 3 3 3 4 4 4 3 1 3 2 4 4 2 5 3 3 3 2 2 3 3 5 5 3 3 2 3 4 4 2 4 3 3 4 2 2 3 3 4 1 2 2 2 4 2 3 2 3 4 2 5 3 2 3 2 2 4 3 3 3 2 3 2 4 3 3 3 3 3 3 1 1 3 1 3 3 4 2 3 2 2 2 2 4 4 2 2 4 2 5 2 4 2 3 4 4 4 2 2 2 3 3 3 3 2 3 3 
5 0 7 8 5 7 8 6 11 6 6 5 9 8 4 9 8 10 5 8 9 5 10 11 6 11 5 11 11 7 10 4 8 9 5 10 9 7 10 11 14 11 8 12 3 9 8 11 4 11 8 12 5 12 10 7 8 10 7 5 9 6 12 11 10 5 8 7 10 7 4 7 5 8 9 5 6 5 3 9 5 8 6 12 6 8 9 4 3 7 8 3 7 5 9 6 12 10 11 10 6 10 10 5 11 9 10 10 5 9 12 4 8 7 10 9 7 14 6 10 10 9 6 5 3 7 11 7 6 9 10 10 9 6 10 12 10 10 11 9 13 7 12 9 6 9 6 8 10 9 13 6 7 8 8 9 8 6 10 3 7 6 3 5 10 6 6 7 6 6 10 6 8 10 8 5 7 8 14 7 4 8 4 7 11 8 5 9 11 10 10 10 12 6 6 10 7 7 9 7 
8 6 8 8 7 8 8 4 5 5 6 3 9 8 5 8 7 3 7 8 6 6 4 6 5 4 7 6 10 9 3 3 5 7 3 6 5 3 7 2 7 5 5 5 6 3 7 7 8 5 7 4 7 4 7 6 4 8 4 8 4 7 9 6 6 4 9 5 7 5 7 8 4 4 4 6 5 8 4 2 7 4 4 4 9 4 4 7 7 4 8 5 9 5 8 5 6 10 7 5 8 6 5 5 8 5 7 5 4 8 3 9 6 4 5 6 5 7 4 5 6 11 4 5 7 7 8 7 7 5 4 4 6 5 2 4 8 8 5 7 6 7 8 2 9 1 3 8 5 6 5 6 7 5 8 5 6 7 8 7 10 8 10 5 5 8 7 6 6 4 8 5 5 6 4 4 7 8 5 7 6 5 7 5 8 5 4 4 6 10 8 9 7 7 6 4 10 4 4 8 
7 6 10 10 11 7 7 13 6 5 7 9 8 10 7 13 9 8 11 12 5 12 7 5 8 6 10 8 7 6 7 9 12 7 11 8 6 8 16 9 8 11 4 8 7 9 11 6 12 3 10 11 9 15 8 5 8 9 10 8 10 10 10 12 8 6 3 11 11 14 14 6 9 10 10 9 13 14 6 11 9 5 8 14 7 15 8 14 9 7 8 11 11 9 9 14 8 12 15 2 7 11 5 8 10 6 7 4 7 7 8 15 9 5 7 6 8 0 4 5 6 9 13 9 13 9 7 8 10 6 4 11 8 10 10 10 10 6 4 10 9 11 6 9 9 10 10 7 4 9 5 9 11 6 7 9 6 10 10 3 10 9 15 9 12 13 13 4 5 10 9 4 6 13 10 6 10 13 10 8 13 6 6 3 4 4 10 9 9 5 11 16 9 14 15 11 16 4 6 9 
11 6 8 8 10 6 12 9 7 11 10 11 6 4 6 16 9 17 10 10 10 9 8 10 11 10 7 11 9 10 12 7 15 11 15 12 9 9 6 15 12 18 10 9 10 20 6 11 19 10 8 7 8 12 8 6 11 12 3 8 17 10 9 11 6 9 10 12 9 6 4 7 9 10 13 7 8 14 14 11 7 9 4 7 13 11 9 12 7 12 13 5 12 1 8 12 1 9 10 15 1 11 10 8 12 12 11 9 13 9 10 10 8 7 6 14 11 11 11 11 14 2 10 14 13 5 6 13 12 12 6 7 9 7 8 15 12 5 12 10 6 10 8 13 8 6 10 5 9 4 9 14 6 1 13 9 8 13 5 8 9 12 0 11 9 15 3 9 6 12 7 13 10 8 11 13 10 11 11 16 9 13 18 6 4 9 12 13 12 7 16 15 10 11 12 12 8 11 4 14 
6 14 7 11 9 11 14 3 7 8 12 6 9 8 14 12 17 11 4 6 3 9 11 13 10 13 8 11 9 7 11 10 12 11 12 9 10 11 8 4 6 5 13 3 5 14 6 8 8 11 9 12 7 10 9 9 19 8 6 9 11 5 9 11 10 14 12 9 12 11 6 7 11 16 7 7 7 8 10 11 10 8 8 4 15 10 11 9 11 12 12 11 15 8 6 11 10 16 8 8 7 8 14 14 13 12 9 11 19 14 16 5 8 10 14 8 9 8 11 13 7 12 14 11 11 11 10 11 9 11 6 5 5 10 10 8 7 14 4 11 10 10 10 11 9 12 4 9 11 10 8 10 14 7 4 14 8 7 9 15 13 9 13 15 7 11 12 10 6 7 15 11 8 12 13 11 9 17 0 16 7 9 12 9 13 12 8 12 11 5 9 10 9 6 11 9 12 16 5 7 
10 9 6 9 10 4 4 9 7 11 4 7 6 11 7 7 7 10 5 8 7 9 8 12 7 9 7 15 7 7 6 8 9 11 9 8 10 8 5 12 8 7 8 7 8 9 6 7 8 7 9 9 10 8 7 13 7 9 9 1 5 13 10 8 8 12 7 16 10 14 7 10 9 6 6 10 6 7 7 10 6 8 7 7 10 5 11 10 7 9 8 9 4 10 5 7 8 6 6 6 8 4 10 10 5 11 10 4 4 4 9 5 9 4 7 4 8 3 11 11 7 8 7 9 7 9 2 5 6 7 7 10 12 8 10 9 4 8 9 4 2 7 15 8 8 8 11 9 9 14 14 7 8 10 8 13 7 6 7 6 7 7 4 10 7 9 7 12 5 9 7 5 8 9 10 4 9 9 13 5 9 3 12 4 6 7 10 10 6 9 8 9 6 4 8 8 11 10 11 8 
5 11 10 3 11 4 8 5 10 5 7 9 7 7 5 8 9 8 13 11 7 3 9 7 10 12 9 9 6 8 2 9 9 5 7 6 10 11 10 10 6 8 10 2 10 6 3 6 8 7 7 8 10 8 8 9 3 9 11 7 7 10 9 10 8 6 5 11 9 10 6 8 12 6 6 11 5 10 8 10 11 11 5 11 10 9 3 7 7 11 7 4 10 8 7 7 11 8 11 8 8 8 11 9 7 9 10 12 10 10 5 12 8 11 9 7 18 7 9 2 9 9 5 9 8 8 8 7 5 10 5 10 10 11 4 11 9 4 8 10 7 8 5 8 5 8 2 3 5 13 9 7 8 10 7 8 2 4 9 12 12 9 6 10 5 9 12 8 6 14 11 9 6 6 9 0 6 8 7 4 13 6 7 8 5 1 9 6 12 13 7 4 4 8 11 10 6 7 9 3 
5 10 9 9 6 12 9 6 9 10 10 4 10 6 5 9 9 6 8 11 8 9 11 5 8 9 8 5 8 7 13 9 8 8 8 13 9 4 5 4 4 9 11 9 14 14 9 12 8 11 13 7 6 8 9 11 3 10 5 7 3 8 7 5 5 8 8 1 11 7 9 3 4 9 8 5 8 5 10 5 8 6 9 5 7 7 8 6 9 8 8 6 5 7 11 1 9 7 14 10 15 11 9 11 8 3 7 9 9 9 4 3 7 6 6 11 10 7 8 8 9 9 10 6 7 9 8 5 12 10 10 8 7 7 11 5 6 8 6 7 7 8 4 8 8 5 5 6 5 8 4 10 11 8 7 4 9 11 8 10 9 9 13 8 12 11 9 8 8 10 9 8 11 7 8 6 6 8 13 1 9 12 7 14 8 7 9 8 8 11 5 10 3 3 10 10 7 8 9 7 
4 2 3 4 3 1 2 2 4 5 3 4 3 4 1 2 3 2 4 3 4 4 2 5 2 3 4 3 1 3 4 4 4 4 3 4 4 2 2 3 5 5 4 3 2 3 3 2 3 2 3 4 3 3 3 3 3 3 2 3 3 2 3 2 2 3 4 4 3 2 4 3 3 3 2 3 3 4 3 4 2 2 3 2 2 3 3 3 3 4 3 3 4 3 3 2 3 3 2 3 3 4 2 3 3 2 3 2 3 3 2 3 2 1 4 3 2 2 2 3 3 3 3 3 3 4 3 2 4 3 4 4 4 2 4 3 3 2 4 6 3 3 4 2 3 2 3 3 4 1 2 3 2 1 3 4 4 2 3 1 3 4 4 4 3 4 3 3 5 3 5 1 3 3 2 3 3 4 3 3 4 4 3 5 3 3 5 4 2 1 3 5 4 4 3 3 3 4 3 0 
5 8 6 2 8 3 6 9 4 5 6 6 8 7 11 9 7 6 6 9 9 1 5 2 5 5 7 5 11 4 6 6 10 9 7 6 4 7 3 7 6 3 6 4 5 3 7 7 1 7 5 7 8 6 7 8 5 5 2 2 5 9 7 9 5 9 5 10 5 7 4 7 3 6 6 9 6 2 4 4 8 8 5 8 4 4 7 7 5 3 3 4 3 2 4 4 7 9 6 7 4 7 2 6 7 3 8 7 7 7 4 5 10 6 8 4 6 7 8 7 4 6 3 9 7 9 10 5 2 7 6 6 9 2 6 3 5 7 6 5 8 9 4 5 2 5 7 5 6 6 6 6 8 7 5 8 4 9 6 4 5 4 5 5 7 5 6 6 4 5 9 8 9 3 2 5 6 5 7 6 6 8 6 7 7 5 7 7 6 3 5 4 4 9 6 6 4 5 7 6 
3 3 2 4 3 3 3 3 2 4 4 4 1 5 4 4 3 3 3 3 3 4 2 3 2 3 4 3 3 4 3 2 2 3 4 2 2 3 3 2 4 2 2 4 4 3 4 4 4 3 4 4 3 3 1 1 4 3 5 1 3 4 3 4 4 2 3 1 2 2 2 3 4 3 2 3 2 3 3 5 3 2 4 2 4 2 4 4 4 4 3 3 3 4 4 5 1 4 2 3 2 3 3 2 2 3 4 3 5 3 4 3 2 3 3 4 3 3 4 3 4 3 3 3 2 4 4 5 3 4 4 3 3 2 2 2 3 5 3 4 2 4 4 5 3 2 2 5 3 4 4 1 3 1 3 3 2 2 3 3 2 3 1 1 4 2 1 1 2 2 3 2 3 4 3 3 1 4 4 3 4 2 3 4 3 3 3 3 4 1 1 3 4 2 2 2 2 3 5 3 
7 7 5 8 8 6 8 8 7 10 8 6 5 7 9 8 5 6 5 7 10 9 5 6 7 10 8 7 12 8 5 8 3 4 7 5 9 8 10 6 6 6 2 6 8 7 6 5 7 5 3 9 7 11 6 5 10 5 8 4 8 11 6 7 4 10 4 10 8 10 11 10 9 7 10 7 5 12 6 9 10 5 6 8 4 6 7 7 10 7 8 5 7 4 9 6 2 5 4 9 11 10 6 4 3 10 8 7 5 7 9 9 8 0 7 9 11 11 7 9 1 7 9 15 10 2 9 3 7 5 9 7 8 7 7 5 5 6 10 9 8 10 6 11 8 9 7 7 2 12 11 6 5 2 11 3 5 4 6 11 12 11 4 7 4 5 7 7 8 9 6 6 8 7 8 9 12 5 8 5 5 6 5 8 7 11 8 7 5 5 9 2 9 5 3 8 9 6 0 8 
12 11 15 13 10 15 13 11 4 10 14 11 7 13 15 9 9 10 13 10 12 11 4 7 12 16 15 3 8 7 11 13 14 10 5 11 6 10 14 12 10 16 16 9 11 11 5 10 8 11 13 9 12 9 11 12 7 2 8 16 6 11 14 7 5 10 6 9 9 14 4 15 5 7 6 9 8 14 13 13 5 9 9 9 11 12 14 12 10 13 11 10 9 8 9 10 7 9 5 10 14 10 7 10 14 9 10 12 7 14 9 8 9 13 9 9 10 9 10 6 12 8 10 14 15 11 3 5 4 13 13 11 12 10 12 11 11 6 11 11 12 14 15 10 5 6 11 12 3 17 8 12 10 7 12 11 16 9 11 10 11 8 11 15 9 1 13 11 10 6 15 6 10 15 13 7 14 11 11 10 13 6 9 11 8 8 5 10 9 8 10 11 12 12 9 6 11 6 9 11 
5 14 3 9 8 9 8 8 4 13 7 5 10 9 11 7 10 3 16 12 9 6 10 9 7 10 9 7 13 14 15 9 15 10 9 11 8 8 9 6 10 9 5 14 7 4 6 6 8 8 5 10 10 7 9 6 8 7 9 6 3 11 9 7 8 10 6 14 5 10 7 5 12 4 7 10 11 11 12 9 6 10 10 4 11 11 10 9 13 20 10 7 13 14 10 5 10 7 7 15 4 12 9 10 10 9 13 13 11 8 9 7 11 8 12 9 7 11 10 9 8 8 6 16 14 9 7 13 10 11 8 3 14 6 10 6 10 11 10 3 8 9 10 14 6 11 9 4 9 9 8 3 8 11 12 8 9 9 10 12 9 12 15 12 7 9 12 8 11 11 7 11 4 4 6 9 11 11 11 4 11 14 8 3 10 10 11 10 8 13 13 8 11 10 6 10 5 7 9 8 
4 12 4 7 7 6 5 6 8 7 9 6 3 10 7 5 7 6 1 7 10 10 4 12 7 6 6 8 8 7 6 14 5 5 7 7 7 5 5 6 8 8 8 6 10 7 5 10 7 10 5 8 4 6 3 7 10 7 6 5 10 5 7 3 8 12 7 10 7 10 9 7 8 11 6 9 11 5 8 5 6 8 6 6 7 10 9 10 6 7 9 11 5 6 5 8 7 10 4 8 6 5 3 6 7 5 4 8 11 5 5 4 7 7 7 6 3 9 7 10 1 6 6 6 8 9 8 7 5 11 8 7 3 7 11 10 10 7 8 9 7 10 9 9 7 4 9 7 11 10 7 10 7 11 8 7 10 8 7 14 5 5 4 8 7 8 7 6 4 3 10 10 2 0 4 7 10 4 4 6 5 7 7 8 9 10 8 10 2 8 9 11 11 10 7 8 8 8 4 9 
3 2 4 4 5 5 3 5 2 4 3 4 2 4 4 2 5 3 2 4 4 3 2 4 3 5 5 4 2 3 3 2 4 3 4 2 4 3 1 3 3 3 4 3 1 3 3 3 3 3 2 3 2 3 2 4 2 3 3 2 2 5 3 4 6 4 2 2 3 2 2 4 4 3 4 5 4 2 2 3 2 5 3 4 3 2 3 4 4 4 3 4 4 3 4 3 4 3 5 3 4 3 5 3 3 4 3 3 3 2 4 2 3 4 4 2 3 3 3 3 2 3 1 3 3 2 3 2 2 3 2 2 4 3 3 3 3 3 2 4 2 3 3 3 4 5 4 2 3 2 2 3 4 3 4 2 4 4 3 3 2 3 2 3 4 2 2 4 3 3 5 2 4 4 2 3 3 3 3 3 3 3 4 3 3 3 3 3 3 1 3 3 4 2 4 1 2 3 4 2 
1 8 6 9 8 9 8 8 6 8 7 11 12 7 6 6 3 7 8 4 9 9 3 7 6 10 6 2 10 6 6 5 4 6 8 6 6 8 10 6 7 6 10 5 10 3 9 11 7 4 8 9 8 9 5 11 9 12 7 10 5 7 10 7 8 8 7 10 8 8 7 7 9 7 7 9 6 5 4 6 6 9 6 5 9 8 3 7 6 10 9 10 12 8 6 7 4 6 3 2 4 7 7 7 7 10 8 6 7 2 5 7 8 9 7 11 7 2 5 6 6 7 5 6 7 8 6 5 10 11 10 7 7 4 5 8 6 5 5 5 10 9 8 4 11 10 3 7 8 5 3 8 9 6 8 9 7 6 8 8 8 6 8 8 6 5 6 9 10 6 5 6 12 10 6 4 6 7 10 8 9 11 4 8 7 6 8 6 8 6 8 4 9 3 10 6 6 4 9 4 
1 2 1 1 1 1 2 1 1 1 1 1 1 1 1 1 0 1 1 1 0 2 1 1 1 1 1 1 1 1 1 1 1 1 1 1 1 0 1 1 1 1 1 1 1 1 1 1 1 1 1 1 1 1 1 1 1 1 1 1 1 1 1 2 1 1 1 1 1 1 1 1 1 1 1 1 1 0 1 1 1 1 1 1 1 1 1 1 1 1 1 0 1 0 1 1 1 1 1 1 0 1 1 1 1 1 1 1 1 1 1 1 1 1 1 1 1 2 1 1 1 0 1 1 1 1 1 1 1 1 1 1 1 1 1 1 1 1 1 1 1 2 1 1 1 1 1 1 1 2 1 1 1 1 1 1 1 1 1 1 1 1 1 1 1 1 1 1 1 1 1 1 1 1 0 1 1 1 1 2 1 1 1 1 1 1 1 1 1 1 1 1 1 1 1 1 1 1 1 1 
1 1 1 1 1 1 1 1 1 1 1 0 1 1 1 1 1 1 1 2 1 1 1 0 1 1 2 1 1 0 1 1 1 1 1 1 1 1 1 1 1 1 1 1 1 2 0 1 1 2 1 1 1 1 1 1 1 1 1 1 1 0 1 1 2 1 1 1 1 1 0 1 1 1 1 1 1 1 1 1 1 1 1 1 1 0 1 1 1 1 1 1 1 1 1 1 1 1 1 1 1 1 1 1 1 1 1 2 1 2 1 1 1 1 0 1 1 2 1 1 1 1 1 1 1 1 1 2 1 2 1 2 1 1 1 1 1 1 1 1 0 1 1 1 1 1 1 1 1 1 1 1 1 0 0 1 1 1 2 1 1 2 1 1 1 1 1 1 1 1 0 1 1 1 1 1 1 1 1 2 1 1 1 2 1 1 0 1 1 1 1 1 1 1 1 1 1 1 1 1 
2 4 5 3 4 4 3 3 3 3 4 3 3 4 3 3 3 3 2 4 4 4 1 2 3 3 3 3 4 3 3 2 2 4 3 3 4 5 3 3 3 4 3 4 2 5 2 2 2 2 3 3 3 4 3 3 2 3 5 3 4 2 3 2 3 2 1 2 2 2 3 3 3 2 4 3 3 1 3 5 3 2 4 6 4 4 3 3 4 4 4 3 4 2 4 1 3 3 4 2 3 2 6 4 4 3 4 2 4 4 4 2 4 2 4 4 2 4 2 1 3 3 3 4 3 4 4 4 4 3 2 6 3 2 3 2 5 4 3 4 4 3 4 3 3 3 4 4 3 4 3 1 3 4 5 4 3 3 4 3 3 4 2 2 4 3 4 1 3 4 4 1 3 3 2 2 3 2 3 2 3 3 3 2 3 4 4 3 2 2 3 2 3 3 3 4 4 3 3 4 
4 1 2 2 2 2 2 2 2 2 2 3 2 3 3 3 3 3 3 2 2 2 1 3 2 2 2 2 1 3 1 2 1 1 1 2 1 1 0 2 2 2 2 2 1 2 2 3 1 1 4 3 1 1 3 1 3 1 2 3 2 2 1 1 2 2 2 2 2 2 2 3 3 2 2 1 2 2 2 2 1 4 2 3 1 3 1 3 4 3 3 1 3 1 2 0 4 2 2 3 1 2 2 3 1 3 2 3 2 2 4 1 2 2 2 2 3 4 3 1 4 2 2 2 2 2 2 2 2 2 1 2 2 2 2 2 3 1 2 2 2 2 1 1 1 3 3 2 3 2 2 2 2 2 1 2 3 1 2 1 1 2 3 3 2 3 3 2 1 2 2 2 2 2 2 1 1 3 1 1 2 1 2 3 3 1 2 3 1 2 2 3 2 2 4 2 2 2 2 2 
7 4 5 12 8 10 7 6 6 14 11 10 12 1 10 11 11 12 7 11 8 7 6 9 13 10 9 7 10 6 9 11 7 8 4 9 9 15 8 9 11 8 8 10 5 5 5 7 12 5 8 7 4 10 7 7 9 10 8 9 4 15 14 8 7 9 6 12 5 9 5 9 12 3 1 9 9 8 10 7 10 7 9 9 7 12 7 13 12 7 12 6 10 6 6 7 5 7 5 9 9 14 11 3 7 7 11 7 10 9 7 7 8 9 8 7 5 8 10 4 5 8 8 6 6 10 8 5 7 6 4 11 10 1 7 8 5 5 7 6 6 9 11 10 7 7 9 4 9 9 7 12 10 5 9 4 13 8 5 5 6 9 9 12 12 9 9 5 6 8 5 8 8 7 10 10 7 6 10 7 4 5 7 10 8 8 2 8 7 13 9 3 11 6 6 4 5 14 9 5 
5 14 8 9 8 8 9 7 9 6 6 11 8 9 13 8 8 7 5 6 6 5 9 10 9 7 5 11 6 10 9 7 6 8 9 9 6 5 6 6 8 5 9 10 6 13 10 3 7 4 9 7 7 10 8 8 9 11 6 6 7 11 9 4 9 11 12 5 13 4 11 12 8 12 5 6 4 14 11 9 12 5 4 11 9 6 9 13 6 12 5 9 10 7 12 11 9 11 9 10 3 10 7 7 8 9 4 9 9 9 7 7 6 7 9 12 8 10 14 8 9 5 11 10 3 8 7 12 9 8 14 11 10 7 11 10 4 7 12 9 7 6 7 6 11 10 8 6 15 8 10 5 3 8 9 11 14 7 9 6 12 11 13 11 5 10 12 4 10 8 10 4 5 8 4 8 5 9 9 7 7 11 9 7 10 6 10 7 5 9 8 4 8 3 10 6 7 7 9 5 
5 5 3 5 5 1 4 5 4 6 3 3 3 4 5 4 5 3 4 2 4 4 5 5 4 3 5 6 4 6 6 3 4 4 5 4 2 4 5 3 3 6 4 1 4 5 4 3 4 3 6 4 4 4 3 5 5 4 3 6 2 5 3 4 4 3 5 5 3 4 4 5 5 3 5 6 5 4 5 3 5 3 0 3 7 2 3 4 3 2 6 4 5 2 3 4 2 1 3 6 2 5 3 6 5 4 6 2 4 4 4 2 4 3 6 6 4 5 3 6 7 4 5 4 5 4 8 5 3 5 7 5 4 7 5 3 6 3 4 6 6 4 3 4 7 2 5 5 5 7 4 5 3 5 3 1 5 4 2 4 1 5 4 6 3 1 6 6 6 4 3 4 3 3 2 2 1 5 4 2 7 5 4 4 6 5 3 5 4 3 4 6 4 4 5 2 3 4 6 3 
1 1 1 1 1 1 1 1 1 1 1 1 1 2 1 1 1 1 1 1 1 1 1 1 1 2 1 1 1 0 1 1 2 2 1 1 1 2 1 1 1 1 1 1 1 1 1 1 1 1 1 0 1 1 1 0 1 1 1 1 1 1 1 1 2 1 1 1 1 1 2 1 0 1 2 1 1 1 1 1 1 1 1 1 1 1 0 1 1 2 1 1 1 1 1 1 0 1 1 1 1 1 1 1 1 1 1 1 1 1 1 1 1 0 1 1 1 1 1 1 1 1 1 1 1 1 1 1 1 0 2 1 2 1 2 1 1 1 1 1 1 2 2 0 1 1 1 1 1 1 1 1 1 1 1 1 1 1 1 1 1 1 1 1 1 2 0 1 1 1 1 1 1 0 1 1 1 1 1 1 1 1 1 0 1 1 1 1 1 1 1 1 1 1 1 2 1 1 1 1 
4 5 4 6 6 9 5 8 6 4 7 8 4 6 7 4 7 1 9 8 8 8 6 5 3 7 6 5 4 7 7 2 7 8 8 6 7 3 5 5 4 4 4 9 7 9 9 9 7 4 7 5 10 7 7 5 8 6 10 5 8 2 7 2 4 7 8 7 7 6 6 8 5 8 4 3 8 7 7 7 7 8 9 2 8 4 5 7 8 7 6 4 8 9 7 5 4 6 7 4 6 9 6 9 4 4 7 8 7 6 0 4 6 7 9 5 4 7 7 5 1 11 2 4 6 9 8 7 6 6 10 0 5 4 3 5 5 7 7 7 4 6 4 5 5 3 5 8 4 8 7 7 6 5 10 5 7 6 4 6 5 6 6 8 5 7 7 6 3 9 9 7 7 6 7 5 4 7 8 2 4 7 5 9 8 6 5 6 4 6 6 4 5 11 8 6 9 6 6 9 
