NAME  : Jabali_50_4_0.82_1_5
TYPE : SVRP
MODEL : FINITE_SUPPORT
NUMBER_OF_SCENARIOS : 200
DIMENSION : 50
EDGE_WEIGHT_TYPE : MATRIX
CAPACITY : 75
N_VEHICLES : 4
NODE_COORD_SECTION
1 3273 3795
2 4993 922
3 2717 5440
4 1374 4647
5 5138 7102
6 2164 2687
7 456 1106
8 4449 3320
9 6860 6921
10 6688 3130
11 1054 780
12 6022 5919
13 3518 18
14 6742 2227
15 6942 718
16 4736 626
17 674 2099
18 2168 3130
19 6401 4255
20 5207 4395
21 707 4170
22 4414 5417
23 5402 5880
24 1445 6596
25 6683 3338
26 308 3636
27 1702 4220
28 5208 1590
29 347 3000
30 6908 2270
31 5465 6365
32 4082 6675
33 6621 1828
34 3485 443
35 3603 5652
36 6444 7234
37 4359 6690
38 3622 5237
39 2609 67
40 27 5213
41 4078 5504
42 4056 4262
43 3190 2730
44 6358 3893
45 2534 6884
46 4533 542
47 1664 6754
48 3279 3512
49 274 238
50 7500 5858
DEMAND_SECTION
1 0.0
2 10.0
3 6.0
4 6.0
5 3.0
6 1.0
7 5.0
8 1.0
9 9.0
10 10.0
11 6.0
12 6.0
13 6.0
14 10.0
15 1.0
16 7.0
17 9.0
18 7.0
19 2.0
20 4.0
21 1.0
22 8.0
23 8.0
24 8.0
25 3.0
26 4.0
27 1.0
28 3.0
29 5.0
30 2.0
31 3.0
32 1.0
33 7.0
34 2.0
35 5.0
36 1.0
37 6.0
38 3.0
39 10.0
40 9.0
41 10.0
42 9.0
43 9.0
44 1.0
45 5.0
46 4.0
47 5.0
48 1.0
49 3.0
50 4.0
DEVIATION_SECTION
1 0.0
2 3.33333
3 2.0
4 2.0
5 1.0
6 0.333333
7 1.66667
8 0.333333
9 3.0
10 3.33333
11 2.0
12 2.0
13 2.0
14 3.33333
15 0.333333
16 2.33333
17 3.0
18 2.33333
19 0.666667
20 1.33333
21 0.333333
22 2.66667
23 2.66667
24 2.66667
25 1.0
26 1.33333
27 0.333333
28 1.0
29 1.66667
30 0.666667
31 1.0
32 0.333333
33 2.33333
34 0.666667
35 1.66667
36 0.333333
37 2.0
38 1.0
39 3.33333
40 3.0
41 3.33333
42 3.0
43 3.0
44 0.333333
45 1.66667
46 1.33333
47 1.66667
48 0.333333
49 1.0
50 1.33333
DISTANCE_MATRIX
0.0 45.9403 25.0 32.0036 51.9711 23.2938 52.9675 22.636 64.5368 57.6045 50.5869 47.0217 51.0392 58.679 75.2585 46.6262 43.1334 23.2938 42.5626 27.3303 37.0452 27.4591 41.0122 45.793 52.7739 43.7919 25.0036 41.5168 47.3615 59.3436 46.0977 41.7612 60.4279 46.0435 26.4764 63.6553 42.72 21.587 50.9902 48.7699 26.4008 12.3818 13.0 43.4492 44.1475 48.1041 46.5296 3.0 62.7394 63.4505 
45.9403 0.0 70.8989 69.9081 85.0941 46.0977 60.2993 35.171 86.5866 36.3593 53.0094 70.6116 22.8254 29.8329 27.0185 5.0 58.1893 46.2722 48.7458 48.0937 74.9497 63.3877 69.3542 91.6298 38.0789 70.3559 62.9081 9.48683 65.7647 31.241 75.4255 80.6226 26.0768 20.8806 68.1542 88.7694 80.3095 63.3246 33.5261 88.8504 64.9384 48.5077 34.8281 44.3813 89.1024 7.07107 92.369 43.18 64.195 75.591 
25.0 70.8989 0.0 27.8087 39.1152 34.5254 65.9971 36.2199 58.8218 61.8489 67.7799 44.2832 75.5381 70.3231 86.9025 71.5849 52.1136 30.0 50.6952 35.7771 30.0 22.0227 36.3456 22.6716 60.0372 38.2884 20.8087 63.9505 43.9318 70.9877 38.6005 24.8395 72.072 70.5762 12.1655 55.5428 27.2029 12.3693 74.0608 35.3553 18.0 24.0416 37.6563 51.5958 19.2354 73.0642 22.6716 27.8927 77.6681 64.0703 
32.0036 69.9081 27.8087 0.0 65.8982 25.0278 52.1885 47.3595 83.4788 82.3281 54.5395 67.1664 68.6847 83.4026 92.9681 69.3412 38.305 24.6918 66.7786 51.4061 19.0416 44.5766 59.8015 39.3883 77.4802 25.7883 7.0 67.0535 30.3452 84.0672 63.4358 52.2769 85.1515 64.0088 37.6105 81.0945 54.3814 34.7849 64.7062 32.9422 41.4819 36.6205 37.7809 67.6651 44.108 70.2987 41.1321 34.6595 63.8595 85.5875 
51.9711 85.0941 39.1152 65.8982 0.0 68.6132 102.885 52.6308 23.1948 56.0446 102.475 19.4165 98.9545 68.6804 89.0225 88.3629 91.9505 75.1816 42.3792 37.0135 69.0652 24.5967 16.2788 50.3587 54.1202 77.201 58.8982 76.0066 82.2435 68.0074 10.7703 14.8661 73.2462 94.1116 28.3196 18.0278 12.083 31.8904 102.038 72.8011 25.807 41.2311 63.6305 45.607 36.0555 90.4589 48.1664 54.5894 113.626 35.8469 
23.2938 46.0977 34.5254 25.0278 68.6132 0.0 34.7146 35.0801 87.2332 60.1958 34.1321 69.7181 43.6578 60.0054 69.3322 45.2769 23.7798 7.2111 72.6349 50.0267 30.0694 50.6064 63.7436 50.2195 61.7722 32.5648 18.0278 43.4176 28.0078 61.0246 68.9295 56.1753 59.5207 39.0 40.6061 86.4045 57.8093 36.746 40.1123 43.97 43.2123 35.0783 14.145 73.5214 53.0848 46.0977 51.788 20.5922 45.4533 90.4641 
52.9675 60.2993 65.9971 52.1885 102.885 34.7146 0.0 61.1762 116.907 84.6294 8.60233 99.3918 43.4626 84.0119 87.2812 56.7186 13.9284 41.7732 98.731 79.7004 40.6079 81.3809 93.4173 74.3303 86.2058 33.0606 45.1885 63.0714 25.0799 85.1587 99.704 90.4475 82.3893 41.7612 74.8782 117.179 92.0814 71.0181 32.249 53.1507 77.4845 64.7519 43.4166 99.6175 81.9329 56.0892 76.6877 50.2659 11.7047 116.56 
22.636 35.171 36.2199 47.3595 52.6308 35.0801 61.1762 0.0 60.0 46.445 56.833 42.4382 46.3249 41.5529 51.7808 37.3363 54.9105 35.0801 32.2865 18.4728 52.4011 29.0689 38.4838 58.6933 41.6144 59.1478 40.3595 27.7333 59.1478 48.1842 44.3847 46.0109 41.0682 41.4849 32.9848 60.5392 46.0435 28.1603 49.6488 64.1258 30.0666 13.3417 22.0187 33.1731 54.1295 39.2046 58.8697 24.8182 69.3628 55.5039 
64.5368 86.5866 58.8218 83.4788 23.1948 87.2332 116.907 60.0 0.0 51.6236 114.215 17.6918 104.34 63.1269 83.0 90.5765 107.073 87.2332 38.0789 41.6173 87.7268 38.9487 23.8537 73.0616 49.6488 95.2575 76.4788 77.1301 99.824 62.0725 20.2485 37.054 68.1836 100.16 46.8188 6.40312 34.0588 48.7545 109.502 93.8616 42.0476 52.4023 81.9009 42.45 59.0085 92.7872 71.007 66.719 126.679 17.0 
57.6045 36.3593 61.8489 82.3281 56.0446 60.1958 84.6294 46.445 51.6236 0.0 79.2736 38.2099 57.3149 12.6491 32.9848 41.0488 78.6444 60.1958 14.0357 26.5196 87.3697 42.3037 39.8497 83.7062 2.0 94.1163 75.3281 27.2029 83.3395 12.083 45.3542 57.1253 17.2627 53.8158 52.1341 55.0818 55.5431 49.6667 65.6301 99.0943 46.0649 45.8136 47.1344 10.4403 74.3149 43.2666 82.9776 59.7867 91.6734 39.3954 
50.5869 53.0094 67.7799 54.5395 102.475 34.1321 8.60233 56.833 114.215 79.2736 0.0 96.7003 35.1141 78.1025 80.025 49.163 18.1108 40.8044 94.3878 75.1858 45.0 77.8994 91.0367 78.3135 80.85 38.3275 47.5395 56.5685 30.4138 79.3095 96.2226 89.9948 76.1183 33.7343 74.4256 113.698 91.6288 70.5654 23.7065 59.0339 76.9847 62.3713 40.4599 95.2743 84.6463 48.3735 80.5047 47.8853 12.53 112.217 
47.0217 70.6116 44.2832 67.1664 19.4165 69.7181 99.3918 42.4382 17.6918 38.2099 96.7003 0.0 87.7967 50.636 71.0211 74.4648 89.5577 69.7181 24.1868 24.1868 71.7844 22.8035 8.0 61.8142 36.2215 78.9547 60.1664 61.1882 83.5117 49.8197 9.21954 27.313 55.4437 83.266 32.1403 18.3848 24.5967 32.9848 91.966 79.6304 26.4764 34.8281 64.365 28.0179 49.0408 76.6551 60.208 49.2039 109.164 20.0998 
51.0392 22.8254 75.5381 68.6847 98.9545 43.6578 43.4626 46.3249 104.34 57.3149 35.1141 87.7967 0.0 52.4309 48.0521 17.8885 46.0977 45.9172 72.5665 63.9921 65.9047 75.1332 84.4346 93.6803 58.897 62.8013 61.6847 30.4795 56.6392 53.8238 90.4434 91.5918 48.8774 5.0 77.0584 106.155 91.9258 72.0625 12.0416 82.6801 75.5667 58.556 38.0526 65.1296 94.7629 16.1555 95.0789 48.0416 44.4072 96.3392 
58.679 29.8329 70.3231 83.4026 68.6804 60.0054 84.0119 41.5529 63.1269 12.6491 78.1025 50.636 52.4309 0.0 20.3961 34.8281 78.0 60.0054 26.4764 38.2754 88.4442 54.9227 52.4976 92.9685 14.5602 87.5498 76.4026 22.3607 82.9929 1.41421 57.9741 69.7443 5.09902 49.7393 63.5699 67.0075 68.1621 59.5064 62.1772 100.169 58.7153 46.8881 46.944 23.0868 86.109 36.8782 92.3273 60.8612 90.2497 49.4773 
75.2585 27.0185 86.9025 92.9681 89.0225 69.3322 87.2812 51.7808 83.0 32.9848 80.025 71.0211 48.0521 20.3961 0.0 31.0644 84.4038 69.3322 46.8722 54.8726 98.0097 72.5851 72.8011 109.632 34.9285 95.4563 85.9681 26.0 90.8993 21.2132 78.339 89.4002 15.8114 47.2652 80.1561 87.1436 88.3852 76.128 59.6825 111.91 75.3126 63.4676 56.4876 43.4166 102.697 32.249 109.336 64.4382 91.0879 68.469 
46.6262 5.0 71.5849 69.3412 88.3629 45.2769 56.7186 37.3363 90.5765 41.0488 49.163 74.4648 17.8885 34.8281 31.0644 0.0 55.5428 45.7053 53.3322 51.4782 71.1639 66.0681 72.8354 92.3128 42.72 68.5669 62.3412 13.8924 63.8122 36.2353 78.9177 83.2166 31.0644 16.2788 70.214 92.72 83.0542 65.307 28.8617 88.2835 67.3647 50.636 34.9857 48.9678 90.6376 2.23607 93.0663 43.8634 60.0333 80.1774 
43.1334 58.1893 52.1136 38.305 91.9505 23.7798 13.9284 54.9105 107.073 78.6444 18.1108 89.5577 46.0977 78.0 84.4038 55.5428 0.0 30.839 92.4653 69.8664 27.074 70.446 83.5833 60.6712 80.2208 20.2237 31.305 58.8558 12.3693 79.0063 88.7691 76.5819 77.1622 43.0116 61.9154 106.244 78.6864 60.0832 37.0135 41.0 66.5496 54.9179 33.9559 93.3518 68.0074 55.4617 62.9682 40.4318 25.632 110.304 
23.2938 46.2722 30.0 24.6918 75.1816 7.2111 41.7732 35.0801 87.2332 60.1958 40.8044 69.7181 45.9172 60.0054 69.3322 45.7053 30.839 0.0 72.6349 50.0267 29.7334 50.6064 63.7436 48.1041 61.7722 36.4801 17.6918 43.4176 35.0671 61.0246 68.9295 64.9833 59.5207 41.0471 49.5472 86.4045 66.0019 44.7501 44.1022 43.634 49.6916 35.0783 14.145 73.5214 49.0918 46.6628 49.3356 20.5922 52.4023 90.4641 
42.5626 48.7458 50.6952 66.7786 42.3792 72.6349 98.731 32.2865 38.0789 14.0357 94.3878 24.1868 72.5665 26.4764 46.8722 53.3322 92.4653 72.6349 0.0 15.2971 71.8202 30.8058 26.4008 72.4707 12.0416 78.5669 59.7786 39.4468 96.7026 25.7099 31.6228 44.8219 31.257 68.2358 40.8167 41.1947 43.0116 38.4838 79.3548 83.1865 34.6699 30.3246 59.5735 4.47214 62.8013 55.5602 71.6938 44.7448 106.918 27.8029 
27.3303 48.0937 35.7771 51.4061 37.0135 50.0267 79.7004 18.4728 41.6173 26.5196 75.1858 24.1868 63.9921 38.2754 54.8726 51.4782 69.8664 50.0267 15.2971 0.0 56.4477 18.0278 21.3776 57.9828 24.7079 63.1944 44.4061 39.0 74.0944 38.602 27.4591 34.5398 40.0243 59.2726 26.9072 42.4853 33.5261 23.8537 67.9726 67.897 21.2603 15.0333 40.3716 16.2665 49.4975 53.6004 57.4282 29.5125 87.7156 37.2156 
37.0452 74.9497 30.0 19.0416 69.0652 30.0694 40.6079 52.4011 87.7268 87.3697 45.0 71.7844 65.9047 88.4442 98.0097 71.1639 27.074 29.7334 71.8202 56.4477 0.0 49.0408 64.2573 33.7343 82.5218 8.60233 12.0416 72.0951 15.8114 89.1088 67.5426 54.8179 90.1931 61.7473 41.1825 85.0 57.2014 39.0 59.808 17.0294 45.6946 41.6621 42.8225 72.7067 42.5441 71.5493 36.1386 39.7011 52.1728 90.471 
27.4591 63.3877 22.0227 44.5766 24.5967 50.6064 81.3809 29.0689 38.9487 42.3037 77.8994 22.8035 75.1332 54.9227 72.5851 66.0681 70.446 50.6064 30.8058 18.0278 49.0408 0.0 15.2315 42.1545 40.492 56.3649 37.5766 54.9812 60.9218 54.3861 19.2094 17.2627 57.7368 70.214 10.4403 37.0135 17.0 10.198 77.3118 57.1402 4.12311 16.7631 39.0368 32.0506 32.0156 68.0294 41.1461 30.0167 90.052 42.19 
41.0122 69.3542 36.3456 59.8015 16.2788 63.7436 93.4173 38.4838 23.8537 39.8497 91.0367 8.0 84.4346 52.4976 72.8011 72.8354 83.5833 63.7436 26.4008 21.3776 64.2573 15.2315 0.0 53.9351 37.9473 71.5898 52.8015 60.1332 76.1468 51.8652 6.08276 20.2485 57.0088 79.712 24.1868 22.6716 17.8045 25.2982 88.1295 71.7008 18.6815 29.0689 52.0761 29.4109 41.4367 74.9667 52.3927 43.2294 103.189 28.0713 
45.793 91.6298 22.6716 39.3883 50.3587 50.2195 74.3303 58.6933 73.0616 83.7062 78.3135 61.8142 93.6803 92.9685 109.632 92.3128 60.6712 48.1041 72.4707 57.9828 33.7343 42.1545 53.9351 0.0 81.8945 41.7612 32.3883 86.4239 49.4773 93.6331 54.1479 36.0139 94.7174 88.8876 31.7805 68.3593 39.0128 34.1321 90.0944 26.9072 38.0789 46.6905 57.9018 73.4531 14.5602 93.7475 2.82843 48.4499 85.9069 81.8841 
52.7739 38.0789 60.0372 77.4802 54.1202 61.7722 86.2058 41.6144 49.6488 2.0 80.85 36.2215 58.897 14.5602 34.9285 42.72 80.2208 61.7722 12.0416 24.7079 82.5218 40.492 37.9473 81.8945 0.0 89.2685 70.4802 28.8444 84.916 13.9284 43.4166 55.3135 19.2354 55.3922 50.3223 53.0848 53.7313 47.855 67.2066 94.2465 44.2532 39.6525 48.7108 8.544 72.5032 44.9444 81.1658 54.9561 93.2499 37.5766 
43.7919 70.3559 38.2884 25.7883 77.201 32.5648 33.0606 59.1478 95.2575 94.1163 38.3275 78.9547 62.8013 87.5498 95.4563 68.5669 20.2237 36.4801 78.5669 63.1944 8.60233 56.3649 71.5898 41.7612 89.2685 0.0 18.7883 69.5188 8.0 95.8555 75.1798 63.1269 86.9848 58.8982 49.0918 92.7847 65.437 46.5296 55.4707 20.8806 53.2353 48.4088 42.7617 79.4534 51.1077 68.9523 44.2719 46.4478 44.4072 97.3758 
25.0036 62.9081 20.8087 7.0 58.8982 18.0278 45.1885 40.3595 76.4788 75.3281 47.5395 60.1664 61.6847 76.4026 85.9681 62.3412 31.305 17.6918 59.7786 44.4061 12.0416 37.5766 52.8015 32.3883 70.4802 18.7883 0.0 60.0535 23.3452 77.0672 56.4358 45.2769 78.1515 57.0088 30.6105 74.0945 47.3814 27.7849 57.7062 25.9422 34.4819 29.6205 30.7809 60.6651 37.108 63.2987 34.1321 27.6595 56.8595 78.5875 
41.5168 9.48683 63.9505 67.0535 76.0066 43.4176 63.0714 27.7333 77.1301 27.2029 56.5685 61.1882 30.4795 22.3607 26.0 13.8924 58.8558 43.4176 39.4468 39.0 72.0951 54.9812 60.1332 86.4239 28.8444 69.5188 60.0535 0.0 64.9619 23.7065 66.1891 72.2207 19.6469 27.4591 60.5159 79.3129 71.7008 55.7785 39.8246 85.9958 57.0715 40.9125 30.8058 35.0824 81.8627 16.1245 86.6003 38.7565 68.4471 66.2921 
47.3615 65.7647 43.9318 30.3452 82.2435 28.0078 25.0799 59.1478 99.824 83.3395 30.4138 83.5117 56.6392 82.9929 90.8993 63.8122 12.3693 35.0671 96.7026 74.0944 15.8114 60.9218 76.1468 49.4773 84.916 8.0 23.3452 64.9619 0.0 84.0121 79.781 68.593 82.4279 53.0377 53.9557 97.4398 70.7248 51.1301 48.5489 28.6356 57.8271 52.9657 38.2048 97.5891 58.1378 64.0703 51.923 44.6599 36.4966 101.933 
59.3436 31.241 70.9877 84.0672 68.0074 61.0246 85.1587 48.1842 62.0725 12.083 79.3095 49.8197 53.8238 1.41421 21.2132 36.2353 79.0063 61.0246 25.7099 38.602 89.1088 54.3861 51.8652 93.6331 13.9284 95.8555 77.0672 23.7065 84.0121 0.0 57.28 69.2076 6.32456 51.1077 64.2345 66.0303 67.6254 60.171 63.5295 100.834 58.1473 47.5528 47.9632 22.4722 86.7736 38.2884 92.9919 61.5258 91.4822 48.2701 
46.0977 75.4255 38.6005 63.4358 10.7703 68.9295 99.704 44.3847 20.2485 45.3542 96.2226 9.21954 90.4434 57.9741 78.339 78.9177 88.7691 68.9295 31.6228 27.4591 67.5426 19.2094 6.08276 54.1479 43.4166 75.1798 56.4358 66.1891 79.781 57.28 0.0 18.6815 62.5859 85.703 26.5707 17.8045 15.8114 28.6531 94.0108 73.7564 21.9545 34.4093 57.262 34.9285 40.7922 81.0494 52.345 48.4153 108.375 28.1603 
41.7612 80.6226 24.8395 52.2769 14.8661 56.1753 90.4475 46.0109 37.054 57.1253 89.9948 27.313 91.5918 69.7443 89.4002 83.2166 76.5819 64.9833 44.8219 34.5398 54.8179 17.2627 20.2485 36.0139 55.3135 63.1269 45.2769 72.2207 68.593 69.2076 18.6815 0.0 74.5519 86.6055 15.6525 32.5576 3.0 20.2485 92.6499 57.9396 16.0312 33.0606 54.3415 46.8722 22.2036 85.1469 34.0147 44.643 101.188 46.8402 
60.4279 26.0768 72.072 85.1515 73.2462 59.5207 82.3893 41.0682 68.1836 17.2627 76.1183 55.4437 48.8774 5.09902 15.8114 31.0644 77.1622 59.5207 31.257 40.0243 90.1931 57.7368 57.0088 94.7174 19.2354 86.9848 78.1515 19.6469 82.4279 6.32456 62.5859 74.5519 0.0 46.5188 65.3188 72.0 72.5607 61.2553 59.0931 101.918 60.4643 48.6371 46.4593 27.6586 87.8579 33.0151 94.5059 54.4099 88.0738 54.5711 
46.0435 20.8806 70.5762 64.0088 94.1116 39.0 41.7612 41.4849 100.16 53.8158 33.7343 83.266 5.0 49.7393 47.2652 16.2788 43.0116 41.0471 68.2358 59.2726 61.7473 70.214 79.712 88.8876 55.3922 58.8982 57.0088 27.4591 53.0377 51.1077 85.703 86.6055 46.5188 0.0 72.0625 101.446 86.992 67.0671 12.6491 78.525 70.633 53.6223 33.0606 61.6247 89.8053 15.0333 90.2497 43.0465 44.0114 92.3907 
26.4764 68.1542 12.1655 37.6105 28.3196 40.6061 74.8782 32.9848 46.8188 52.1341 74.4256 32.1403 77.0584 63.5699 80.1561 70.214 61.9154 49.5472 40.8167 26.9072 41.1825 10.4403 24.1868 31.7805 50.3223 49.0918 30.6105 60.5159 53.9557 64.2345 26.5707 15.6525 65.3188 72.0625 0.0 43.8292 17.2047 5.0 77.4661 47.5184 6.32456 19.6469 39.3192 41.881 22.6716 72.0069 30.8869 29.4279 85.6185 52.0096 
63.6553 88.7694 55.5428 81.0945 18.0278 86.4045 117.179 60.5392 6.40312 55.0818 113.698 18.3848 106.155 67.0075 87.1436 92.72 106.244 86.4045 41.1947 42.4853 85.0 37.0135 22.6716 68.3593 53.0848 92.7847 74.0945 79.3129 97.4398 66.0303 17.8045 32.5576 72.0 101.446 43.8292 0.0 29.6142 46.3249 110.145 90.1388 39.6611 51.7397 74.737 45.3982 54.0833 94.921 66.1891 65.8903 125.85 23.0217 
42.72 80.3095 27.2029 54.3814 12.083 57.8093 92.0814 46.0435 34.0588 55.5431 91.6288 24.5967 91.9258 68.1621 88.3852 83.0542 78.6864 66.0019 43.0116 33.5261 57.2014 17.0 17.8045 39.0128 53.7313 65.437 47.3814 71.7008 70.7248 67.6254 15.8114 3.0 72.5607 86.992 17.2047 29.6142 0.0 21.4709 93.4077 60.7454 16.4924 33.3766 55.0818 45.2769 25.1794 85.0235 37.0135 45.5412 102.822 43.9659 
21.587 63.3246 12.3693 34.7849 31.8904 36.746 71.0181 28.1603 48.7545 49.6667 70.5654 32.9848 72.0625 59.5064 76.128 65.307 60.0832 44.7501 38.4838 23.8537 39.0 10.198 25.2982 34.1321 47.855 46.5296 27.7849 55.7785 51.1301 60.171 28.6531 20.2485 61.2553 67.0671 5.0 46.3249 21.4709 0.0 72.5672 47.0425 6.7082 14.8661 34.3657 39.4136 26.6271 67.082 33.6006 24.5153 81.7583 52.345 
50.9902 33.5261 74.0608 64.7062 102.038 40.1123 32.249 49.6488 109.502 65.6301 23.7065 91.966 12.0416 62.1772 59.6825 28.8617 37.0135 44.1022 79.3548 67.9726 59.808 77.3118 88.1295 90.0944 67.2066 55.4707 57.7062 39.8246 48.5489 63.5295 94.0108 92.6499 59.0931 12.6491 77.4661 110.145 93.4077 72.5672 0.0 76.0592 76.922 61.6858 38.3275 80.2413 93.0 27.4591 91.7878 48.0521 32.3883 103.51 
48.7699 88.8504 35.3553 32.9422 72.8011 43.97 53.1507 64.1258 93.8616 99.0943 59.0339 79.6304 82.6801 100.169 111.91 88.2835 41.0 43.634 83.1865 67.897 17.0294 57.1402 71.7008 26.9072 94.2465 20.8806 25.9422 85.9958 28.6356 100.834 73.7564 57.9396 101.918 78.525 47.5184 90.1388 60.7454 47.0425 76.0592 0.0 53.2353 53.3667 56.7232 84.1526 40.0 88.327 29.7321 51.4258 64.0 99.3227 
26.4008 64.9384 18.0 41.4819 25.807 43.2123 77.4845 30.0666 42.0476 46.0649 76.9847 26.4764 75.5667 58.7153 75.3126 67.3647 66.5496 49.6916 34.6699 21.2603 45.6946 4.12311 18.6815 38.0789 44.2532 53.2353 34.4819 57.0715 57.8271 58.1473 21.9545 16.0312 60.4643 70.633 6.32456 39.6611 16.4924 6.7082 76.922 53.2353 0.0 17.0294 38.6005 35.8118 28.3196 69.2604 37.1214 29.1548 88.2247 46.0977 
12.3818 48.5077 24.0416 36.6205 41.2311 35.0783 64.7519 13.3417 52.4023 45.8136 62.3713 34.8281 58.556 46.8881 63.4676 50.636 54.9179 35.0783 30.3246 15.0333 41.6621 16.7631 29.0689 46.6905 39.6525 48.4088 29.6205 40.9125 52.9657 47.5528 34.4093 33.0606 48.6371 53.6223 19.6469 51.7397 33.3766 14.8661 61.6858 53.3667 17.0294 0.0 23.4107 31.2111 41.1825 52.469 46.6905 14.564 74.5239 51.0784 
13.0 34.8281 37.6563 37.7809 63.6305 14.145 43.4166 22.0187 81.9009 47.1344 40.4599 64.365 38.0526 46.944 56.4876 34.9857 33.9559 14.145 59.5735 40.3716 42.8225 39.0368 52.0761 57.9018 48.7108 42.7617 30.7809 30.8058 38.2048 47.9632 57.262 54.3415 46.4593 33.0606 39.3192 74.737 55.0818 34.3657 38.3275 56.7232 38.6005 23.4107 0.0 60.46 56.8859 36.2353 58.6553 10.0 52.8015 77.4027 
43.4492 44.3813 51.5958 67.6651 45.607 73.5214 99.6175 33.1731 42.45 10.4403 95.2743 28.0179 65.1296 23.0868 43.4166 48.9678 93.3518 73.5214 4.47214 16.2665 72.7067 32.0506 29.4109 73.4531 8.544 79.4534 60.6651 35.0824 97.5891 22.4722 34.9285 46.8722 27.6586 61.6247 41.881 45.3982 45.2769 39.4136 80.2413 84.1526 35.8118 31.2111 60.46 0.0 64.0618 51.1958 72.7245 45.6314 107.804 32.2025 
44.1475 89.1024 19.2354 44.108 36.0555 53.0848 81.9329 54.1295 59.0085 74.3149 84.6463 49.0408 94.7629 86.109 102.697 90.6376 68.0074 49.0918 62.8013 49.4975 42.5441 32.0156 41.4367 14.5602 72.5032 51.1077 37.108 81.8627 58.1378 86.7736 40.7922 22.2036 87.8579 89.8053 22.6716 54.0833 25.1794 26.6271 93.0 40.0 28.3196 41.1825 56.8859 64.0618 0.0 92.1169 12.1655 47.0744 93.6376 68.884 
48.1041 7.07107 73.0642 70.2987 90.4589 46.0977 56.0892 39.2046 92.7872 43.2666 48.3735 76.6551 16.1555 36.8782 32.249 2.23607 55.4617 46.6628 55.5602 53.6004 71.5493 68.0294 74.9667 93.7475 44.9444 68.9523 63.2987 16.1245 64.0703 38.2884 81.0494 85.1469 33.0151 15.0333 72.0069 94.921 85.0235 67.082 27.4591 88.327 69.2604 52.469 36.2353 51.1958 92.1169 0.0 94.501 45.31 59.0 82.4054 
46.5296 92.369 22.6716 41.1321 48.1664 51.788 76.6877 58.8697 71.007 82.9776 80.5047 60.208 95.0789 92.3273 109.336 93.0663 62.9682 49.3356 71.6938 57.4282 36.1386 41.1461 52.3927 2.82843 81.1658 44.2719 34.1321 86.6003 51.923 92.9919 52.345 34.0147 94.5059 90.2497 30.8869 66.1891 37.0135 33.6006 91.7878 29.7321 37.1214 46.6905 58.6553 72.7245 12.1655 94.501 0.0 49.2033 88.295 80.2309 
3.0 43.18 27.8927 34.6595 54.5894 20.5922 50.2659 24.8182 66.719 59.7867 47.8853 49.2039 48.0416 60.8612 64.4382 43.8634 40.4318 20.5922 44.7448 29.5125 39.7011 30.0167 43.2294 48.4499 54.9561 46.4478 27.6595 38.7565 44.6599 61.5258 48.4153 44.643 54.4099 43.0465 29.4279 65.8903 45.5412 24.5153 48.0521 51.4258 29.1548 14.564 10.0 45.6314 47.0744 45.31 49.2033 0.0 60.0379 65.6327 
62.7394 64.195 77.6681 63.8595 113.626 45.4533 11.7047 69.3628 126.679 91.6734 12.53 109.164 44.4072 90.2497 91.0879 60.0333 25.632 52.4023 106.918 87.7156 52.1728 90.052 103.189 85.9069 93.2499 44.4072 56.8595 68.4471 36.4966 91.4822 108.375 101.188 88.0738 44.0114 85.6185 125.85 102.822 81.7583 32.3883 64.0 88.2247 74.5239 52.8015 107.804 93.6376 59.0 88.295 60.0379 0.0 124.747 
63.4505 75.591 64.0703 85.5875 35.8469 90.4641 116.56 55.5039 17.0 39.3954 112.217 20.0998 96.3392 49.4773 68.469 80.1774 110.304 90.4641 27.8029 37.2156 90.471 42.19 28.0713 81.8841 37.5766 97.3758 78.5875 66.2921 101.933 48.2701 28.1603 46.8402 54.5711 92.3907 52.0096 23.0217 43.9659 52.345 103.51 99.3227 46.0977 51.0784 77.4027 32.2025 68.884 82.4054 80.2309 65.6327 124.747 0.0 
DEMAND_SCENARIO_SECTION
0 0 0 0 0 0 0 0 0 0 0 0 0 0 0 0 0 0 0 0 0 0 0 0 0 0 0 0 0 0 0 0 0 0 0 0 0 0 0 0 0 0 0 0 0 0 0 0 0 0 0 0 0 0 0 0 0 0 0 0 0 0 0 0 0 0 0 0 0 0 0 0 0 0 0 0 0 0 0 0 0 0 0 0 0 0 0 0 0 0 0 0 0 0 0 0 0 0 0 0 0 0 0 0 0 0 0 0 0 0 0 0 0 0 0 0 0 0 0 0 0 0 0 0 0 0 0 0 0 0 0 0 0 0 0 0 0 0 0 0 0 0 0 0 0 0 0 0 0 0 0 0 0 0 0 0 0 0 0 0 0 0 0 0 0 0 0 0 0 0 0 0 0 0 0 0 0 0 0 0 0 0 0 0 0 0 0 0 0 0 0 0 0 0 0 0 0 0 0 0 
19 10 11 14 8 10 12 6 10 10 8 12 8 13 7 4 13 10 11 3 3 16 10 8 10 5 18 8 15 11 7 11 8 10 13 13 16 14 10 12 10 12 14 9 12 11 3 14 10 10 11 10 6 9 11 9 6 10 13 12 8 14 12 5 10 9 14 10 8 8 3 9 16 11 11 11 12 13 9 6 10 9 10 9 9 8 5 11 13 15 12 8 16 15 8 8 11 12 12 10 13 10 8 18 12 9 6 13 11 14 8 6 14 10 11 11 8 9 15 14 10 12 10 6 9 19 4 11 13 14 13 13 12 10 11 12 16 5 6 10 15 7 11 14 12 7 10 6 12 12 6 11 6 11 8 10 5 13 15 6 4 9 4 15 6 8 10 7 10 11 10 5 8 13 9 9 8 12 6 12 8 11 8 7 15 13 14 9 9 10 9 12 15 14 6 7 4 15 12 14 
11 5 3 10 9 6 9 7 4 10 4 7 4 7 6 6 6 3 7 9 7 8 5 6 7 10 5 3 9 5 8 5 8 4 5 9 8 5 6 8 8 5 5 5 6 5 3 4 7 6 9 3 7 4 4 7 6 2 8 5 2 6 6 4 8 6 8 6 8 10 4 2 6 8 7 6 5 6 8 4 8 4 5 7 5 5 6 6 4 6 11 6 5 7 7 2 6 4 6 6 6 7 7 5 9 5 7 4 5 7 9 7 6 1 5 5 11 6 6 7 10 4 7 8 7 6 5 9 9 5 6 6 3 6 7 7 4 5 4 3 3 3 4 7 6 5 4 10 7 7 5 3 5 2 7 7 2 7 4 6 3 7 4 10 2 5 3 7 10 7 9 4 9 4 8 9 2 8 5 8 6 6 5 8 6 4 5 5 7 8 6 4 6 8 8 9 7 8 6 8 
6 6 5 3 3 8 6 5 4 3 8 6 8 5 6 7 6 7 8 6 10 8 8 7 4 11 4 7 7 6 4 7 5 4 9 7 5 3 6 8 8 8 4 7 6 1 6 7 4 7 4 5 4 8 7 7 6 6 8 5 7 7 5 9 8 6 7 5 4 4 5 7 3 11 7 8 5 7 7 7 5 6 8 5 8 7 5 5 3 10 3 7 7 10 7 4 4 4 4 4 4 8 9 8 6 1 12 3 7 8 6 8 7 7 6 7 6 4 5 7 7 9 8 6 6 8 3 6 5 5 5 8 5 6 5 10 6 4 7 6 7 3 4 8 4 4 6 4 9 4 8 2 3 8 5 7 9 8 7 3 5 10 6 8 6 7 7 5 6 8 4 6 3 8 5 7 6 5 3 11 5 9 8 2 5 6 7 7 10 7 5 8 7 5 7 6 4 8 7 7 
4 4 4 3 4 4 2 2 2 3 4 4 2 5 4 2 2 2 2 2 3 4 2 4 2 3 3 3 2 3 2 3 4 3 4 3 3 4 3 1 3 3 2 1 4 5 2 4 4 4 2 2 6 2 3 4 4 2 5 5 2 3 4 5 3 4 4 4 2 4 3 1 4 4 2 4 2 2 3 5 2 3 2 3 3 3 2 3 2 3 4 3 4 3 1 4 4 2 3 2 3 3 1 4 3 4 4 2 3 3 5 1 4 4 2 3 2 3 2 3 3 5 2 3 2 3 3 3 4 2 3 1 1 3 3 3 4 3 2 4 5 3 4 2 3 3 4 3 4 2 2 4 3 3 2 3 4 3 3 1 3 1 3 2 3 3 3 2 2 2 4 5 2 2 3 4 3 4 3 3 3 3 2 4 3 4 3 2 4 3 4 3 5 5 2 3 3 2 2 4 
1 1 1 1 1 1 1 1 1 2 1 1 1 1 1 2 1 2 1 0 1 1 1 1 1 2 0 2 1 1 1 1 1 1 1 1 1 0 1 1 1 1 1 1 0 2 1 1 1 2 1 1 1 1 1 1 1 1 1 1 0 1 1 1 0 1 0 1 1 1 1 1 1 1 1 1 1 2 1 1 1 1 0 2 1 1 0 1 1 2 1 1 1 0 1 1 1 1 1 1 1 1 0 1 1 1 1 1 1 1 1 1 1 1 1 1 1 1 1 1 1 1 1 1 1 0 1 1 1 1 1 1 1 1 1 1 1 1 1 0 0 1 1 1 1 1 1 1 1 1 1 1 1 1 1 1 1 1 1 1 1 1 1 1 1 1 1 1 1 1 1 1 1 1 2 1 1 1 1 1 1 1 1 1 1 0 1 1 1 1 1 1 1 0 1 1 1 1 1 1 
7 3 6 6 6 5 7 6 7 7 7 1 7 4 6 1 5 3 6 4 6 5 4 6 5 6 6 4 5 3 7 5 6 5 5 3 4 4 4 1 2 5 7 7 4 4 2 3 5 7 4 7 5 7 5 5 4 6 5 5 4 6 7 2 3 6 6 0 4 7 3 4 5 4 5 5 4 5 6 5 3 10 7 3 5 5 2 2 6 3 6 7 4 6 7 7 3 3 3 5 7 4 7 7 8 6 5 7 3 4 5 3 3 2 5 8 3 6 5 7 3 4 7 7 6 4 3 3 5 5 4 3 8 6 2 5 5 3 3 5 3 5 8 1 6 6 3 4 4 3 5 4 4 7 5 4 4 5 6 4 5 8 5 4 5 5 4 4 5 4 5 3 6 7 8 7 5 4 5 4 4 6 5 6 4 4 7 8 6 8 4 5 5 3 6 6 6 3 7 7 
1 1 1 1 1 1 1 1 1 1 1 1 2 0 1 0 1 1 1 1 1 0 1 1 1 1 1 1 1 1 2 1 0 2 1 2 1 1 1 1 1 1 1 1 1 1 1 1 1 1 1 1 1 1 1 1 0 1 1 1 1 1 1 1 1 1 1 1 1 1 1 1 1 2 1 2 1 1 0 1 1 1 1 1 2 1 1 1 2 1 1 1 1 1 1 1 1 1 1 1 1 1 0 2 1 1 1 1 2 0 0 1 1 1 0 1 1 1 1 1 1 2 1 1 1 1 1 1 1 1 1 1 1 1 1 1 0 1 1 1 0 1 1 1 1 1 1 1 1 1 1 1 1 1 1 1 1 1 1 1 1 1 0 1 1 1 1 1 1 1 1 1 1 1 1 1 1 1 1 1 1 1 1 1 1 1 1 1 1 1 1 2 1 1 1 1 1 1 1 1 
13 5 15 7 5 7 6 2 5 12 10 7 12 13 11 10 12 12 11 6 14 3 2 8 16 9 10 8 12 14 10 12 8 11 11 8 3 6 9 11 7 3 6 11 8 10 8 2 6 11 5 11 9 11 10 6 2 9 13 7 15 14 13 5 10 7 5 11 10 10 13 4 6 11 11 11 5 12 12 8 4 8 14 3 18 2 11 12 13 13 9 7 6 12 7 6 11 5 8 13 12 1 12 6 10 10 4 7 12 2 10 2 9 9 2 8 10 7 3 3 5 7 6 10 8 10 6 9 11 8 10 6 10 11 12 10 14 10 13 13 12 9 11 10 13 10 7 14 9 10 8 10 12 7 9 11 6 8 16 9 8 5 9 6 8 11 7 8 12 8 12 10 12 4 10 10 9 10 11 12 4 6 10 9 11 10 13 7 7 12 7 8 12 11 3 7 7 7 13 6 
8 7 4 10 19 8 11 6 11 15 4 13 5 8 14 10 17 12 9 11 9 12 14 10 12 12 5 12 13 7 8 14 11 8 8 8 3 11 7 13 14 13 17 11 8 9 6 11 10 5 7 12 12 7 5 3 8 12 10 9 8 12 14 11 8 8 12 14 18 6 7 11 15 8 11 16 13 16 8 10 7 11 3 12 17 14 14 7 8 10 11 11 11 9 10 9 10 8 11 5 4 6 12 13 13 4 10 11 5 9 10 16 10 12 12 16 5 15 12 14 6 11 13 11 8 9 9 5 8 0 11 8 5 5 10 14 3 6 10 13 9 4 7 6 13 6 3 11 10 8 2 11 2 10 12 15 11 12 11 6 12 8 11 11 5 12 11 8 10 16 6 7 9 10 8 14 7 10 16 13 6 10 8 10 9 8 13 17 5 9 17 7 9 12 11 10 8 3 13 10 
6 5 7 7 4 6 5 5 9 6 4 7 4 9 8 4 5 9 8 4 6 6 6 7 6 5 4 5 7 8 7 4 9 9 5 5 7 7 6 5 7 5 7 5 6 5 7 8 4 9 7 3 5 7 6 6 4 6 6 10 7 7 5 5 5 3 5 6 4 7 5 6 9 7 6 5 5 5 3 7 0 7 8 5 4 5 8 6 8 3 7 6 7 8 6 6 3 7 7 3 8 8 4 7 5 7 3 7 6 10 7 9 9 5 6 7 5 7 5 5 4 5 8 7 5 6 7 4 4 8 3 5 5 8 3 9 7 1 4 6 6 5 7 8 6 7 7 3 5 7 7 8 10 6 2 4 10 5 4 6 2 4 5 5 9 5 7 8 9 7 3 7 2 8 9 6 5 7 5 8 10 8 7 6 6 3 7 7 4 8 4 4 5 10 7 3 5 3 6 5 
3 11 6 2 8 7 8 5 4 5 6 4 3 8 4 4 4 8 6 9 6 8 7 8 5 2 5 4 3 4 6 2 10 5 9 7 1 9 4 6 9 8 2 3 5 9 8 5 4 8 5 8 6 7 5 9 3 4 7 4 8 5 8 6 9 7 3 5 7 6 7 7 4 2 4 10 7 5 8 5 4 9 6 6 5 7 3 6 4 8 6 6 5 6 5 9 5 6 8 8 2 10 5 3 4 3 6 4 5 5 7 9 7 6 8 5 1 6 4 6 4 8 8 7 9 4 5 2 5 2 4 5 5 7 9 4 10 2 6 5 5 6 10 3 4 9 5 5 5 9 7 7 5 9 3 7 6 7 5 8 8 5 6 7 5 3 8 5 8 6 4 5 11 4 6 4 6 4 4 10 8 10 7 5 3 8 8 4 7 4 9 6 4 6 6 5 10 9 8 9 
7 6 9 7 7 6 2 9 5 7 7 9 10 6 6 5 8 7 5 5 8 4 6 3 6 7 6 5 7 7 6 7 6 8 6 6 6 4 4 5 6 6 3 5 5 8 8 3 8 5 6 8 5 7 4 7 6 10 4 8 5 5 5 8 4 8 4 4 4 1 7 6 10 7 5 8 8 5 7 4 9 4 4 5 8 7 4 7 5 3 7 4 4 4 3 7 7 0 3 7 5 7 4 6 4 6 3 6 8 8 2 6 4 9 8 6 8 6 3 10 4 6 6 7 5 8 5 6 5 3 6 5 6 5 5 6 7 6 9 7 6 7 6 8 2 3 5 4 3 8 6 9 6 5 7 8 3 9 6 1 6 5 9 5 8 7 8 9 9 6 2 3 7 5 8 6 7 7 3 6 7 4 4 6 7 5 4 5 8 6 7 5 7 6 6 10 7 6 7 6 
12 9 6 12 6 7 8 12 14 14 8 9 9 10 9 13 11 10 11 7 4 10 17 13 14 1 9 6 11 13 13 10 6 5 6 6 12 15 11 4 12 10 4 17 13 13 14 16 6 11 16 12 14 4 12 6 13 9 11 13 7 17 1 13 10 16 10 7 10 16 14 10 10 5 15 6 14 9 4 5 9 15 12 10 5 9 12 10 13 7 10 8 11 5 10 13 8 11 10 6 4 7 11 15 12 13 13 6 10 14 8 11 8 5 10 8 7 10 14 5 9 7 5 13 11 7 12 13 6 18 12 10 12 9 7 11 9 12 10 10 9 12 13 12 10 6 10 8 13 6 10 12 5 10 10 11 7 15 5 13 8 11 12 3 16 16 9 7 12 11 4 13 4 10 11 7 8 10 13 15 7 14 11 9 7 10 9 14 12 17 8 11 12 11 5 9 11 3 9 6 
1 1 1 1 1 1 0 1 0 1 1 1 1 1 1 0 1 1 1 1 1 0 1 0 1 0 1 1 1 0 1 1 1 1 1 1 1 1 1 1 1 1 1 1 1 1 1 1 1 1 1 1 1 1 1 1 1 0 1 1 1 1 1 1 1 1 1 1 1 1 1 1 1 1 1 1 1 1 1 1 1 1 2 1 1 1 1 2 1 1 1 1 1 1 1 1 1 1 1 1 1 1 1 0 1 1 1 1 1 1 1 1 1 1 1 1 1 1 1 1 1 1 1 1 1 1 1 1 1 1 1 1 1 1 1 1 1 1 1 1 1 1 1 1 0 1 1 1 1 1 1 1 1 1 1 1 1 1 1 1 1 1 1 1 1 1 1 1 2 1 1 1 1 1 0 1 1 1 1 1 2 0 1 1 1 1 1 1 1 1 1 1 1 1 1 1 1 1 1 1 
4 4 5 4 5 8 5 7 7 7 13 8 8 5 6 8 9 7 7 2 8 11 7 8 9 11 10 7 6 9 9 4 7 7 7 7 7 8 5 6 8 2 6 6 5 7 8 4 8 8 5 8 7 6 10 5 9 5 6 6 9 9 13 7 13 11 7 9 5 3 9 6 6 7 3 7 10 8 5 6 6 6 9 9 5 6 10 8 8 10 6 9 7 7 7 6 7 7 7 6 8 9 6 8 8 5 6 10 1 6 7 8 9 4 6 9 7 9 2 11 3 6 3 8 6 4 6 4 8 5 6 8 8 12 10 7 7 8 6 2 6 5 4 8 9 5 6 6 8 9 5 2 7 4 6 3 5 6 9 7 5 9 9 6 5 6 7 7 9 9 9 4 5 6 11 8 9 8 7 5 5 9 10 5 4 5 7 9 8 9 3 4 10 8 10 2 3 8 8 6 
8 13 7 6 7 12 3 9 6 3 8 11 8 10 14 11 6 10 9 8 13 11 8 5 9 12 12 7 10 6 8 13 7 7 1 8 10 10 12 6 8 12 6 7 3 12 7 10 9 16 4 16 10 9 9 10 9 12 10 15 15 7 10 8 3 11 9 5 14 9 5 9 12 6 12 10 11 5 8 7 7 7 13 13 11 13 16 8 8 14 9 3 6 1 7 12 10 8 8 13 7 7 12 5 7 6 4 4 13 11 11 12 6 9 8 11 10 9 10 10 4 13 11 12 7 6 14 10 7 5 9 6 6 9 10 12 10 6 8 10 9 5 11 10 8 10 8 13 8 9 12 9 14 9 6 9 14 10 6 13 9 14 14 12 11 12 8 11 6 11 7 14 17 5 5 4 10 17 4 11 5 9 8 14 8 9 4 10 2 2 6 11 3 11 6 12 12 14 8 8 
6 9 7 7 8 5 8 8 10 6 8 8 10 5 6 6 3 9 9 9 3 9 7 7 8 4 4 7 5 7 6 5 6 7 8 6 9 5 7 4 6 6 3 7 9 4 5 7 2 6 6 9 7 9 6 7 5 6 2 4 6 6 6 14 12 7 11 9 8 6 7 6 6 8 3 4 12 6 3 8 10 11 9 5 5 7 7 9 11 6 7 6 2 8 5 6 9 8 6 7 6 10 7 6 7 10 6 6 6 3 7 5 10 8 10 7 6 9 3 8 9 9 5 6 10 9 5 7 2 10 5 9 8 9 7 5 12 6 8 9 7 7 7 7 10 8 10 3 7 8 2 11 5 9 9 7 5 4 7 8 5 11 5 4 9 5 5 6 4 7 5 6 8 4 8 11 9 5 8 7 6 7 4 5 7 9 12 8 6 4 6 9 8 8 6 6 9 8 6 6 
1 2 3 2 1 2 1 2 3 3 1 0 2 3 2 2 2 2 1 1 2 3 1 3 1 3 2 2 2 1 2 2 3 3 1 1 1 2 4 0 2 3 3 2 1 3 3 2 3 3 2 1 3 2 2 1 1 2 2 2 2 4 2 2 2 2 1 2 1 2 2 3 3 3 1 2 3 3 1 3 3 3 0 3 2 3 1 2 2 1 2 2 2 1 3 2 2 3 2 2 1 1 2 3 1 2 2 2 1 2 2 1 2 1 2 2 2 2 1 2 1 2 2 3 2 3 2 1 2 3 1 1 3 2 1 1 2 2 1 2 2 2 3 2 2 3 3 1 2 1 1 1 1 1 1 2 2 4 2 2 2 2 2 3 2 1 3 2 2 2 3 2 2 2 2 2 1 2 2 2 2 2 3 2 2 1 3 1 1 2 2 2 2 1 1 1 2 2 3 3 
3 6 4 3 3 6 5 3 4 4 3 2 4 4 3 5 1 5 6 7 3 4 2 4 3 4 3 5 3 5 5 2 4 6 3 3 5 3 5 5 4 4 3 5 5 4 3 4 5 3 4 4 2 5 4 5 6 5 4 3 6 5 4 3 6 1 3 5 3 5 2 3 5 3 5 4 4 3 6 2 4 2 5 5 4 4 4 2 5 2 3 5 2 5 3 3 2 4 2 4 6 2 8 3 5 2 2 2 6 1 3 5 4 4 3 5 3 3 4 3 3 4 4 5 4 3 2 3 4 3 6 4 4 3 4 3 6 1 3 4 4 4 2 2 3 5 5 5 5 4 4 3 5 3 4 3 5 5 2 3 6 6 4 3 3 7 4 2 2 3 4 6 1 4 6 7 5 3 3 5 3 5 4 5 5 4 4 4 4 6 4 4 4 4 4 5 4 5 3 6 
1 1 1 1 0 1 1 1 1 1 1 2 1 2 1 1 1 1 1 1 1 1 1 2 1 1 1 1 1 1 1 1 2 1 1 1 1 1 1 1 1 1 2 1 1 1 1 1 1 1 1 1 0 1 1 2 1 1 1 1 1 1 1 1 1 1 1 1 1 1 1 1 1 1 1 1 0 1 1 1 1 1 1 1 1 1 0 1 0 1 1 1 1 1 1 1 1 1 1 1 1 1 0 1 1 1 1 0 1 1 1 1 1 1 1 1 1 1 1 0 2 1 2 1 0 1 1 1 1 1 1 1 1 1 1 1 1 1 1 2 2 1 1 1 1 1 1 1 0 1 1 1 1 1 1 1 1 2 1 1 1 1 1 1 1 1 1 0 1 1 1 0 1 1 0 1 1 1 1 1 1 0 1 1 1 1 1 1 1 1 1 1 1 1 1 1 1 1 1 1 
7 6 4 11 11 8 12 4 8 3 9 10 9 10 10 11 8 6 6 9 4 7 13 8 6 13 9 10 8 5 4 8 9 8 6 11 11 8 7 9 8 4 7 6 1 9 6 9 9 8 9 7 9 8 12 9 7 5 12 3 10 8 6 7 10 11 8 6 7 8 11 8 10 6 10 10 12 10 4 10 8 7 5 8 8 4 11 11 13 10 6 10 6 7 7 7 10 7 8 9 5 6 7 10 9 8 9 11 7 9 6 8 4 5 8 8 8 1 8 8 13 9 8 4 4 4 11 11 6 7 8 9 9 8 15 8 8 9 9 9 5 10 9 7 9 10 4 9 5 10 8 12 6 6 4 12 9 13 12 9 12 4 8 6 9 9 5 3 9 6 11 4 6 11 11 6 12 4 6 6 9 11 10 5 10 10 11 10 8 8 10 7 11 3 5 8 9 6 13 12 
12 6 13 6 8 9 7 5 7 11 9 6 13 5 7 13 14 7 10 9 9 8 9 9 8 11 5 6 8 11 5 7 9 11 8 7 10 8 9 8 10 6 4 6 9 7 11 6 8 4 7 6 10 7 9 8 6 6 10 10 12 10 10 5 6 8 8 0 4 10 8 6 10 7 12 9 8 8 4 7 8 9 7 4 14 11 8 7 3 10 9 11 3 8 11 7 9 7 8 11 7 12 6 11 10 7 9 6 7 14 6 12 6 9 10 9 8 7 13 10 9 3 6 5 9 2 4 7 10 7 10 13 8 11 5 5 6 11 7 11 8 7 7 7 7 12 8 9 10 11 6 7 10 12 8 14 8 8 8 8 11 7 5 11 8 6 9 9 6 9 10 12 7 4 8 9 6 8 3 3 3 13 11 4 10 10 7 7 9 8 6 4 9 5 8 10 8 10 4 9 
13 8 6 5 8 10 8 7 11 11 7 10 10 11 4 10 7 6 4 7 7 1 11 4 7 7 9 7 8 9 7 8 9 10 9 6 10 9 9 11 11 8 6 8 9 10 6 10 9 10 9 9 13 8 8 9 14 9 8 9 7 7 5 6 9 10 7 10 10 7 8 13 10 7 7 9 5 6 5 6 6 11 10 8 7 8 9 8 4 7 2 8 12 5 7 9 7 9 6 7 5 12 7 12 4 8 8 6 5 9 9 9 12 7 4 4 9 11 13 7 9 2 9 12 8 7 6 4 3 4 2 4 6 7 10 7 12 10 12 7 4 11 7 6 7 3 8 8 6 11 9 11 13 7 3 8 10 12 8 7 8 13 8 7 9 8 6 9 8 8 7 7 7 11 3 7 11 6 9 6 8 12 3 10 5 13 3 5 5 2 10 6 4 8 4 7 7 6 12 5 
4 1 1 4 2 3 4 5 4 4 2 5 2 5 4 3 4 2 1 3 2 3 4 5 4 3 2 5 1 3 3 3 3 1 3 4 4 3 2 2 2 3 1 1 3 6 3 2 2 4 3 2 3 4 2 3 4 5 3 3 4 4 3 3 5 0 4 3 1 4 3 2 3 5 5 3 5 4 2 2 2 4 4 3 3 4 3 4 2 1 3 1 4 2 3 5 3 3 4 3 2 3 4 2 3 4 3 3 3 2 2 2 4 3 2 4 3 3 2 4 4 2 2 3 2 2 3 2 2 4 1 5 1 2 1 4 3 2 2 2 3 3 4 4 3 2 2 3 2 5 4 2 4 3 3 3 3 2 2 2 2 3 4 3 3 4 3 4 2 3 3 3 4 1 3 4 3 1 3 3 2 1 2 3 2 4 4 3 3 5 2 2 2 3 3 4 2 2 4 3 
3 5 5 4 6 5 4 4 2 4 3 6 4 2 5 5 7 3 3 5 6 3 5 5 4 4 3 3 1 3 4 4 3 6 4 2 5 3 6 5 4 5 3 2 4 4 2 4 6 5 5 4 3 5 2 1 6 3 3 2 5 4 6 5 4 4 3 3 4 4 5 4 3 3 5 2 4 6 3 3 2 4 4 4 6 4 4 3 4 4 5 3 4 4 4 4 3 5 2 6 3 4 3 6 5 4 6 4 5 2 5 4 3 5 4 5 3 6 5 4 5 3 5 4 5 5 3 3 5 3 4 5 5 2 6 5 7 4 3 1 4 5 6 5 5 3 2 2 2 5 3 5 5 5 3 5 6 5 4 2 4 4 6 4 5 5 3 3 3 3 4 5 5 4 4 7 4 5 4 6 3 5 4 4 4 2 3 7 3 3 3 2 4 4 5 3 4 2 4 3 
0 1 1 1 1 2 1 2 1 1 1 1 1 1 1 1 1 1 1 1 1 1 1 1 1 0 0 1 1 1 2 1 1 1 1 1 1 1 1 1 1 1 1 1 1 1 1 1 1 1 1 1 1 0 1 1 1 1 1 2 1 1 1 2 1 1 0 1 1 1 1 2 1 1 1 1 1 1 1 1 1 1 1 1 1 0 2 1 1 1 1 1 2 1 1 1 1 0 1 1 1 1 1 0 1 1 1 1 1 1 1 1 1 1 1 1 1 1 0 0 1 1 1 2 1 1 1 1 1 1 2 0 1 1 1 1 1 1 1 1 1 1 1 1 1 1 1 1 2 1 1 1 1 1 1 1 1 1 1 0 1 1 1 1 1 1 1 1 2 1 2 1 1 1 0 1 1 1 1 2 1 1 1 1 1 0 1 1 1 1 1 2 2 1 2 1 1 1 2 1 
2 3 3 1 3 3 3 4 1 4 3 2 1 2 3 2 2 3 2 4 2 2 3 4 0 4 4 2 3 3 2 3 4 3 4 1 3 2 4 2 1 3 4 1 4 2 3 3 3 5 3 3 3 2 2 4 1 4 2 4 4 2 3 2 2 2 3 4 5 2 3 2 3 3 3 2 4 4 3 4 3 2 4 3 2 5 1 5 4 3 3 4 3 4 3 3 3 4 2 2 1 3 3 3 2 2 4 3 2 2 4 4 3 2 2 3 3 3 1 3 2 2 3 1 3 3 2 3 2 2 2 4 4 4 3 3 1 3 4 3 3 3 3 3 3 1 2 4 2 1 3 1 3 3 5 5 4 3 4 4 4 3 3 2 3 2 2 1 3 3 4 3 2 0 2 1 4 5 1 1 5 3 2 2 3 4 3 2 5 5 2 2 3 4 1 2 4 3 5 4 
4 7 7 5 5 5 3 4 6 6 8 3 2 4 4 5 5 7 6 4 3 5 6 4 5 5 3 5 4 7 6 5 4 6 4 6 7 5 2 5 5 3 4 5 5 4 6 6 3 5 8 3 1 6 5 2 8 2 5 2 6 6 4 5 4 6 5 4 1 4 4 6 5 4 2 6 2 5 7 5 3 5 6 4 7 8 9 4 5 4 4 7 7 7 4 6 6 7 5 5 6 3 6 4 6 3 2 4 5 4 7 4 5 6 6 7 1 3 6 5 4 4 4 3 6 3 8 5 7 4 5 4 3 5 4 6 7 4 5 4 7 7 3 6 5 8 5 4 4 5 8 4 6 9 7 6 3 3 3 5 4 3 4 6 6 4 5 7 5 4 5 4 5 7 3 1 3 7 5 7 3 3 5 3 6 2 7 6 6 4 5 3 4 4 3 7 2 6 6 6 
2 2 2 2 3 2 2 2 2 2 3 3 2 2 1 2 1 1 3 2 2 3 3 1 2 2 1 1 4 2 3 1 1 2 2 1 2 3 3 3 2 1 2 2 2 3 2 2 2 2 2 2 2 3 2 3 2 2 3 2 3 2 2 3 2 2 2 2 2 2 2 1 3 3 2 1 3 2 2 2 1 2 2 2 2 3 2 2 2 2 3 2 4 3 2 2 0 2 2 1 1 2 2 2 3 1 2 2 2 2 2 2 1 2 1 1 1 1 2 2 2 2 1 2 1 2 2 2 2 2 2 1 2 2 2 1 3 2 2 2 2 2 2 3 2 4 2 1 2 2 1 2 2 0 2 2 2 0 2 2 2 2 2 2 1 3 3 2 2 3 2 1 2 3 2 1 1 2 1 0 2 2 2 2 2 2 2 1 4 2 1 1 2 3 3 2 2 2 3 2 
3 3 1 4 4 2 2 3 2 2 4 5 4 4 3 4 2 4 2 2 3 1 2 3 2 5 3 3 4 4 1 3 1 4 4 2 4 2 3 3 3 2 5 4 2 3 4 3 5 2 3 2 2 4 1 3 4 3 3 3 2 2 2 2 2 4 2 3 3 1 3 2 3 3 3 3 2 3 3 3 2 3 4 0 2 4 3 3 3 2 4 3 2 4 4 1 2 3 2 4 3 4 2 4 4 4 2 1 3 4 3 3 2 6 2 3 4 2 2 2 2 4 3 3 4 4 5 3 3 2 3 4 2 2 3 3 2 4 4 2 3 3 3 3 3 3 2 1 2 5 3 2 2 4 3 3 2 2 3 4 2 3 4 4 4 4 3 5 3 3 4 3 4 4 4 3 5 3 1 2 3 6 4 3 3 2 3 2 2 4 3 2 3 2 4 1 4 2 3 2 
1 1 1 1 1 0 1 1 1 2 1 1 1 1 1 1 1 1 1 1 1 1 1 1 1 1 1 1 1 1 1 0 1 1 1 1 1 1 1 1 1 1 1 1 1 1 1 1 1 1 1 1 1 1 1 1 1 1 1 1 1 1 1 1 1 1 1 1 1 1 1 1 1 1 0 1 1 0 1 1 1 1 2 1 1 1 1 0 1 1 1 1 1 1 2 1 1 1 1 1 1 1 1 1 0 1 1 2 1 1 2 1 2 0 1 1 1 1 2 1 1 1 1 1 1 1 1 1 1 2 1 0 1 1 1 1 1 1 1 1 1 0 1 1 2 1 1 1 0 1 1 1 1 1 1 1 1 1 1 0 1 1 1 1 1 1 1 1 1 1 1 1 1 1 1 1 1 1 1 1 0 1 1 1 1 1 1 1 1 0 1 1 1 1 1 1 1 1 1 0 
5 6 8 8 6 3 6 4 3 10 6 6 7 7 3 4 8 9 6 9 10 6 3 8 8 7 11 3 9 7 11 10 7 8 8 10 9 11 6 8 3 10 9 7 9 8 9 7 9 7 9 8 1 7 7 7 8 4 8 5 8 8 8 4 6 4 11 10 7 5 6 6 7 5 7 9 10 9 8 5 8 7 11 6 7 8 8 10 5 11 7 6 7 5 6 5 8 10 8 7 8 9 7 7 10 2 11 6 6 8 6 6 8 8 7 9 4 6 10 5 2 6 1 9 5 5 5 6 5 4 7 9 7 7 8 1 7 6 6 5 13 9 5 7 5 2 6 9 9 7 5 8 7 6 11 4 11 8 5 8 10 4 10 7 5 4 7 10 8 4 4 9 7 8 7 10 6 11 9 9 5 6 9 4 10 11 7 10 8 9 6 8 7 10 8 5 6 8 6 11 
3 2 2 2 3 1 3 3 1 2 2 2 2 2 3 2 2 1 2 2 2 2 2 2 2 2 2 3 3 2 2 2 2 3 1 3 2 1 2 1 2 2 2 2 1 1 2 3 2 0 2 2 1 3 1 3 2 2 1 2 2 2 1 2 3 1 2 2 2 2 1 2 2 2 3 2 2 2 2 2 1 3 1 2 2 2 1 2 2 1 2 1 1 2 2 2 1 2 3 2 2 3 2 3 2 2 2 3 2 2 1 2 1 1 2 1 3 0 2 4 2 2 1 3 1 2 2 1 1 1 2 2 3 2 3 2 3 2 1 1 1 1 1 2 1 1 1 1 2 1 2 3 2 3 2 2 1 2 3 2 1 2 2 2 2 2 1 2 2 2 1 2 2 2 2 2 2 2 2 2 2 2 1 1 3 2 2 3 2 2 1 0 2 2 2 2 3 2 2 1 
6 2 6 6 4 7 4 5 2 5 4 5 3 5 5 3 8 1 3 4 5 3 5 7 4 3 7 3 1 5 7 6 4 5 4 5 5 5 3 5 2 8 4 4 4 4 4 6 6 8 5 7 6 6 3 3 2 3 3 6 3 4 5 4 5 5 8 8 5 9 3 4 5 4 6 6 4 4 2 6 7 6 5 4 3 2 5 8 7 5 5 5 4 6 2 3 4 2 9 6 4 4 3 7 5 5 6 6 2 5 6 6 6 7 8 5 4 5 9 6 4 6 6 6 3 7 5 9 5 5 3 7 1 4 4 5 6 4 5 5 2 4 7 5 6 3 3 6 7 6 5 7 8 2 6 6 4 5 7 5 3 4 8 5 4 6 5 2 5 8 8 7 5 3 5 7 7 5 4 5 6 3 8 9 5 8 6 3 5 4 4 8 3 4 6 8 7 7 6 7 
1 1 1 1 1 1 1 1 1 1 0 1 1 1 1 1 1 1 1 1 1 1 1 1 1 1 1 1 1 1 1 1 1 0 1 1 2 1 1 1 1 1 1 1 0 1 0 1 1 1 1 1 1 1 1 2 1 1 1 1 1 1 1 1 0 1 2 1 1 1 1 1 1 1 1 1 1 1 1 1 2 1 2 1 1 1 1 0 1 1 1 1 1 1 1 1 1 1 2 1 2 1 1 1 1 1 1 1 1 1 1 1 1 1 1 1 1 1 2 1 1 1 1 1 1 2 1 1 1 1 1 1 1 1 1 1 1 1 1 1 1 1 1 1 1 1 1 1 2 1 1 1 1 0 0 1 1 1 1 1 1 1 1 1 1 1 1 1 1 1 1 1 2 1 1 1 1 1 1 1 1 1 1 1 0 1 1 1 1 1 1 1 1 2 1 1 1 1 1 1 
4 9 11 2 6 6 4 6 9 6 8 6 9 4 4 4 1 6 2 8 4 5 8 8 9 8 7 11 4 6 5 7 7 7 4 1 6 9 2 7 6 6 6 10 6 6 6 7 9 7 6 8 4 7 2 9 6 7 8 7 5 7 6 8 6 0 6 2 8 5 6 6 8 6 3 6 5 6 8 6 5 6 8 7 5 5 8 4 7 11 10 8 3 12 4 5 5 2 3 6 8 6 6 6 5 7 8 8 3 7 3 3 5 3 7 4 10 7 7 8 3 10 6 4 7 6 5 3 8 6 5 6 8 6 7 5 7 7 2 6 3 4 6 9 6 5 6 2 3 8 4 5 5 4 8 6 4 5 7 9 5 3 7 4 9 3 4 4 6 10 5 5 7 6 6 8 1 7 8 5 4 2 7 7 5 7 8 8 3 9 8 3 6 8 8 5 6 5 5 5 
3 4 3 2 1 2 1 4 2 1 1 3 3 5 2 5 3 1 3 2 2 2 1 2 3 4 4 5 3 2 4 2 3 4 4 3 5 0 2 5 4 3 5 3 2 3 1 2 4 4 4 2 3 2 1 3 2 3 2 2 3 2 4 2 2 3 4 3 4 2 5 3 5 2 3 2 4 2 5 3 1 3 3 3 3 3 3 2 2 4 3 3 3 4 3 2 4 2 3 2 4 2 3 4 2 3 3 2 3 5 2 3 3 2 2 2 3 4 4 4 4 3 2 3 2 2 2 4 4 3 4 4 3 2 4 4 4 2 3 4 4 2 3 6 2 2 3 4 4 3 4 2 4 3 2 3 2 2 3 2 4 3 2 1 2 4 3 2 4 2 3 2 1 2 4 2 4 3 2 3 3 1 4 2 1 2 2 3 2 2 3 3 4 5 3 3 3 4 3 1 
10 8 12 10 11 17 16 10 11 6 11 14 10 14 9 19 10 13 11 21 7 13 5 10 13 15 11 12 9 11 8 8 7 15 10 9 11 11 13 9 17 10 10 14 10 7 9 4 12 6 9 15 13 9 15 8 6 2 14 8 9 12 8 15 12 9 11 7 7 9 13 9 15 11 6 6 7 17 10 8 7 10 15 8 2 14 11 5 9 7 7 10 10 13 9 11 11 12 16 8 7 9 8 14 7 10 8 0 9 10 12 9 13 10 8 13 10 10 9 1 8 9 8 7 10 13 11 10 10 12 6 10 2 10 5 11 13 11 11 8 15 10 15 9 12 8 10 5 11 12 11 9 13 9 13 8 12 9 11 11 10 5 16 10 11 7 8 10 7 11 10 9 17 13 12 11 15 13 15 7 14 9 8 16 4 7 17 10 7 7 6 10 9 7 11 18 12 9 9 4 
11 12 10 9 10 4 12 8 15 8 12 12 8 11 11 11 9 9 8 9 11 7 11 13 11 8 11 10 4 9 9 16 6 7 11 9 8 10 6 4 9 13 11 8 9 9 10 10 8 8 15 5 8 9 12 6 10 14 5 7 11 10 7 7 4 13 9 6 9 15 6 6 8 9 6 11 9 11 15 7 8 10 7 9 9 8 9 8 10 9 8 10 6 8 13 8 15 8 9 12 10 8 9 10 11 5 13 7 3 7 15 8 11 11 11 13 6 6 6 15 9 7 11 5 4 12 10 10 8 13 10 5 10 11 10 9 10 8 7 11 13 11 12 7 9 10 11 6 4 11 15 4 10 12 7 9 9 9 11 8 9 8 3 6 12 7 12 11 7 11 4 11 6 6 10 7 3 9 14 7 7 9 9 7 7 11 7 7 6 6 9 11 14 8 12 13 4 7 5 12 
13 14 11 5 9 11 13 7 5 16 12 10 11 13 13 8 12 14 8 14 10 12 6 13 8 7 12 5 12 15 10 4 12 14 3 5 13 9 10 6 13 11 9 7 7 3 12 11 7 13 11 11 5 4 12 10 10 11 12 14 8 14 7 14 13 10 8 12 7 9 15 10 10 8 12 7 11 12 10 8 15 12 12 13 12 14 13 10 11 7 17 8 9 9 6 15 11 3 5 10 4 10 9 9 8 13 12 13 10 9 17 13 13 10 9 13 7 7 10 4 9 11 7 14 6 14 9 13 8 9 11 14 7 8 7 13 6 5 14 6 12 10 11 9 10 10 10 10 7 10 6 14 4 9 11 13 12 9 10 6 12 10 11 9 7 7 12 9 13 10 12 11 8 7 9 11 10 7 9 14 13 8 10 14 9 10 15 4 8 6 10 11 11 16 7 15 12 7 11 2 
9 4 15 10 12 5 13 6 8 11 8 10 6 5 8 10 13 10 11 16 9 18 12 6 8 4 6 8 6 12 12 5 9 9 6 7 11 11 9 7 7 9 6 9 6 5 9 5 6 1 9 2 8 13 9 9 7 12 13 7 6 5 7 8 7 9 15 12 9 9 14 13 16 5 5 12 9 13 10 4 8 9 6 7 11 5 6 7 7 16 5 4 10 13 13 11 8 8 11 8 5 11 6 14 8 11 10 5 11 12 4 14 14 4 10 11 3 7 6 2 5 7 7 14 5 9 5 9 10 11 5 13 3 9 9 14 10 8 7 8 3 8 16 10 14 7 3 8 5 11 14 7 10 11 10 12 7 6 9 9 11 7 5 4 9 13 8 7 8 15 7 11 11 9 9 12 6 13 7 6 8 6 11 10 9 17 7 8 7 13 7 7 12 11 6 10 7 8 12 13 
7 7 4 8 10 12 14 5 9 10 6 0 6 9 8 9 6 8 7 8 9 6 11 4 9 8 10 4 11 13 7 11 6 4 5 12 7 14 16 12 15 10 9 11 11 9 9 7 3 6 3 8 8 10 9 8 6 9 6 11 15 7 6 9 12 10 8 10 10 9 9 9 6 11 7 7 8 8 4 10 6 6 13 12 5 8 7 14 13 13 11 5 3 5 6 10 6 10 5 6 7 9 11 7 14 6 11 8 4 8 13 10 10 7 9 10 9 8 13 11 9 8 10 6 8 9 6 12 1 8 8 5 10 11 15 10 8 10 11 9 12 8 7 13 9 12 7 13 5 11 5 12 11 11 5 8 15 11 8 11 11 10 8 11 10 7 10 11 7 9 8 17 11 9 9 10 12 11 9 13 12 6 5 9 14 7 7 12 3 6 11 4 9 12 10 12 11 11 10 12 
