NAME  : Jabali_50_4_0.80_1_2
TYPE : SVRP
MODEL : FINITE_SUPPORT
NUMBER_OF_SCENARIOS : 200
DIMENSION : 50
EDGE_WEIGHT_TYPE : MATRIX
CAPACITY : 88
N_VEHICLES : 4
NODE_COORD_SECTION
1 4505 5140
2 4793 7721
3 4020 5896
4 5507 2296
5 2464 3883
6 1053 2680
7 7008 6407
8 1729 3684
9 2793 4114
10 5860 1958
11 8585 5065
12 959 4236
13 2684 7354
14 4306 8770
15 3419 8895
16 3681 1503
17 7344 2930
18 2858 8121
19 6372 2303
20 1286 5434
21 714 2930
22 3251 3233
23 4219 1187
24 5226 18
25 1805 4279
26 4984 3665
27 5504 7032
28 5785 5588
29 2735 1563
30 4280 3159
31 6080 5694
32 3977 9308
33 3015 2331
34 5210 3248
35 1218 5064
36 2916 1852
37 6684 2241
38 8133 6464
39 6378 7561
40 2135 5988
41 27 3895
42 2220 3822
43 6930 2577
44 6510 4359
45 7581 3344
46 2341 8051
47 5963 7621
48 2263 1757
49 6208 4064
50 3571 3129
DEMAND_SECTION
1 0.0
2 9.0
3 7.0
4 5.0
5 4.0
6 6.0
7 2.0
8 2.0
9 8.0
10 7.0
11 9.0
12 8.0
13 6.0
14 10.0
15 5.0
16 1.0
17 3.0
18 9.0
19 2.0
20 2.0
21 10.0
22 7.0
23 9.0
24 9.0
25 1.0
26 4.0
27 2.0
28 4.0
29 7.0
30 3.0
31 7.0
32 4.0
33 6.0
34 8.0
35 9.0
36 6.0
37 9.0
38 3.0
39 9.0
40 1.0
41 10.0
42 7.0
43 6.0
44 4.0
45 10.0
46 10.0
47 2.0
48 4.0
49 5.0
50 2.0
DEVIATION_SECTION
1 0.0
2 3.0
3 2.33333
4 1.66667
5 1.33333
6 2.0
7 0.666667
8 0.666667
9 2.66667
10 2.33333
11 3.0
12 2.66667
13 2.0
14 3.33333
15 1.66667
16 0.333333
17 1.0
18 3.0
19 0.666667
20 0.666667
21 3.33333
22 2.33333
23 3.0
24 3.0
25 0.333333
26 1.33333
27 0.666667
28 1.33333
29 2.33333
30 1.0
31 2.33333
32 1.33333
33 2.0
34 2.66667
35 3.0
36 2.0
37 3.0
38 1.0
39 3.0
40 0.333333
41 3.33333
42 2.33333
43 2.0
44 1.33333
45 3.33333
46 3.33333
47 0.666667
48 1.33333
49 1.66667
50 0.666667
DISTANCE_MATRIX
0.0 35.7704 12.083 40.4593 41.9026 64.4932 43.3186 51.2501 38.4156 45.9044 56.4375 50.283 40.8534 50.517 54.4518 56.2612 49.0918 48.0208 46.2385 44.1773 67.477 34.0149 54.4132 69.2542 40.9254 21.1626 36.1005 27.8377 55.4909 29.0842 28.6694 57.8014 45.298 26.8782 44.7303 51.612 48.3839 56.0049 54.5481 35.3553 63.8315 44.6076 48.0521 29.8329 49.0918 50.5668 43.9312 57.1516 28.0713 32.6524 
35.7704 0.0 27.2947 75.5937 62.2166 82.1503 34.0147 65.5342 64.5667 80.9814 62.0081 67.72 28.6007 16.4012 24.7386 90.2742 73.4466 26.9258 78.9904 55.9017 82.0724 64.105 89.5486 104.39 59.01 56.2979 14.3178 33.8497 86.6803 64.2196 33.7924 24.4131 76.4825 62.0136 58.6941 82.7636 79.8639 47.2969 19.6977 42.0595 80.6536 62.0516 77.7314 51.4639 70.3856 32.8938 14.8661 88.105 55.2592 64.9538 
12.083 27.2947 0.0 52.5422 38.4566 58.3904 41.717 41.7743 38.4156 57.9872 63.9664 44.4344 28.7924 40.7185 43.2782 61.3162 60.531 36.0555 58.3095 37.0135 58.3125 37.9538 69.0326 86.6252 35.0768 33.2454 27.7997 23.3769 60.5291 42.864 26.2724 47.5079 50.3314 38.9611 38.1838 56.6125 60.407 56.9982 40.4601 26.0 57.9829 38.2917 59.9083 40.05 60.0333 38.4838 35.6305 61.9538 39.1152 38.8027 
40.4593 75.5937 52.5422 0.0 48.0104 61.3253 57.7235 54.7449 46.1736 6.08276 55.7853 67.7422 81.4565 90.7659 94.4106 25.4951 25.6125 88.4118 11.6619 73.171 65.9926 34.1321 22.8473 31.0161 58.0775 19.4165 75.9237 44.3794 37.5366 21.0 45.2111 97.6254 34.0395 13.6015 71.007 35.0433 15.2643 66.0303 69.7834 70.342 77.9784 50.0899 19.105 30.2655 30.5287 91.0257 69.5083 43.4166 25.4951 30.1496 
41.9026 62.2166 38.4566 48.0104 0.0 25.9615 79.2557 10.0 5.38516 54.0 83.7161 21.0238 46.7464 71.2828 68.9604 35.8469 67.3573 57.151 58.4209 25.7099 27.7308 14.1421 43.8292 65.307 10.198 34.176 65.5506 55.9204 31.241 27.0185 56.752 75.9953 22.8035 38.0789 23.0868 28.2843 61.6604 84.0876 78.211 27.8271 33.6006 2.82843 63.561 54.0712 69.4622 55.6231 73.3814 29.5296 50.3223 18.1108 
64.4932 82.1503 58.3904 61.3253 25.9615 0.0 93.976 17.0294 31.3209 65.9242 105.646 20.0 65.9697 91.1976 88.6454 38.6394 84.9055 76.4003 72.8988 35.8469 5.0 31.1448 46.2709 66.0681 23.1948 53.7587 84.0203 78.4951 27.0185 42.8713 79.3268 95.8853 27.313 55.6398 31.3847 27.4591 76.5021 106.662 96.6807 45.8803 20.6155 23.5372 79.9926 75.743 88.0823 74.0 91.851 21.0238 71.4213 33.9706 
43.3186 34.0147 41.717 57.7235 79.2557 93.976 0.0 82.5733 79.2147 60.407 28.0713 86.0405 59.7746 47.8539 58.2151 78.2851 46.8615 60.531 55.4617 78.6981 96.9756 63.4405 77.3207 88.6002 76.7257 45.0444 22.1359 21.0238 84.6768 56.4715 17.4642 55.5428 74.4839 48.0937 79.9008 80.7979 55.0727 15.6205 17.4642 67.2417 99.589 79.0908 51.3128 27.8568 42.4264 66.0984 20.3961 86.3374 32.28 61.7793 
51.2501 65.5342 41.7743 54.7449 10.0 17.0294 82.5733 0.0 15.2643 60.531 92.8823 13.0384 49.98 74.6004 72.2772 38.3275 75.7694 60.407 65.7343 23.6008 18.0278 20.8806 46.5725 68.0074 7.2111 42.9418 67.4041 65.2679 30.5287 34.2053 66.0995 79.3129 24.7386 46.2385 19.7231 28.6356 69.1231 93.4351 80.0645 30.4138 24.1868 7.2111 71.4703 63.4114 78.2624 58.6003 75.2349 26.9072 59.6406 24.7386 
38.4156 64.5667 38.4156 46.1736 5.38516 31.3209 79.2147 15.2643 0.0 52.2398 80.2291 25.2389 46.7054 71.2417 68.9194 37.0135 64.0885 57.1099 56.0357 27.0185 33.1059 13.8924 44.7303 66.1056 13.8924 30.8471 65.5096 52.4334 34.1321 25.318 53.2651 75.9542 24.8395 35.2278 25.1794 30.8058 59.1354 80.6006 78.17 27.786 38.2884 8.06226 60.6712 50.5843 66.0172 55.5821 73.3403 33.2415 46.8354 17.4642 
45.9044 80.9814 57.9872 6.08276 54.0 65.9242 60.407 60.531 52.2398 0.0 55.5788 73.5527 86.7507 96.1536 99.7984 29.2062 23.2594 93.8569 8.06226 79.2275 70.594 40.05 25.0 28.4429 64.0312 25.0599 67.8988 48.2634 41.6173 27.0185 49.0918 103.783 38.6409 19.2354 77.026 39.4462 11.4018 67.4759 73.4302 76.4003 83.6786 56.0357 16.1245 32.573 28.7924 96.4707 73.188 47.7074 28.2312 36.0555 
56.4375 62.0081 63.9664 55.7853 83.7161 105.646 28.0713 92.8823 80.2291 55.5788 0.0 104.738 86.6083 75.8024 86.2844 79.846 34.0588 88.2043 48.1664 100.395 108.977 74.5185 78.4474 83.0542 93.6956 52.4309 49.2544 40.7185 91.7532 64.3506 37.6962 83.3607 84.6465 52.3546 100.948 90.9605 46.0109 20.0 44.911 89.6145 117.155 86.4211 41.0 30.0 28.0713 93.5361 48.3735 96.5 34.6699 72.0069 
50.283 67.72 44.4344 67.7422 21.0238 20.0 86.0405 13.0384 25.2389 73.5527 104.738 0.0 48.1664 75.2396 71.1758 50.8035 88.2553 58.4209 78.6448 16.1555 17.4642 33.7343 59.0339 80.2808 11.4018 55.1543 70.0071 76.9421 41.7852 47.0744 70.5959 79.0063 37.3363 58.8218 11.7047 40.5216 82.0 100.971 82.6676 28.0179 13.6015 18.3848 84.2021 75.093 90.471 55.3173 77.8379 37.1214 71.3441 37.6563 
40.8534 28.6007 28.7924 81.4565 46.7464 65.9697 59.7746 49.98 46.7054 86.7507 86.6083 48.1664 0.0 28.7924 23.0217 81.2806 88.8426 10.4403 87.0919 33.0606 64.9384 57.9183 88.9971 106.49 43.0116 62.0089 37.6431 48.0104 77.6791 62.848 50.04 31.1448 69.5398 67.7246 37.0 74.9007 89.1964 74.4648 48.0208 20.2237 59.1354 46.5814 88.6002 67.4918 87.8958 10.0 43.0465 75.3442 67.2681 58.7672 
50.517 16.4012 40.7185 90.7659 71.2828 91.1976 47.8539 74.6004 71.2417 96.1536 75.8024 75.2396 28.7924 0.0 11.7047 99.269 89.3756 21.4009 94.1625 61.1882 91.0055 75.9066 103.598 119.136 68.0661 71.0445 30.5287 49.0219 98.482 78.2693 49.7214 8.06226 88.2842 77.1858 64.7765 94.5653 95.0361 59.0085 31.0644 47.5184 87.1321 71.1178 92.9036 67.3929 86.3146 27.6586 27.4591 97.8845 70.4314 76.7555 
54.4518 24.7386 43.2782 94.4106 68.9604 88.6454 58.2151 72.2772 68.9194 99.7984 86.2844 71.1758 23.0217 11.7047 0.0 99.8408 97.3089 13.1529 99.5417 56.0089 87.8237 75.8506 107.557 123.186 65.5134 75.0946 38.8973 54.7941 98.4259 81.3887 55.9 8.94427 88.2281 80.8306 60.0083 94.5092 100.707 70.1783 42.0476 43.1856 82.0549 68.7954 98.6758 75.0425 95.0442 18.3848 38.0132 97.5583 76.2036 77.3274 
56.2612 90.2742 61.3162 25.4951 35.8469 38.6394 78.2851 38.3275 37.0135 29.2062 79.846 50.8035 81.2806 99.269 99.8408 0.0 51.0882 90.3623 36.7967 60.9262 43.566 23.6815 8.24621 29.7321 44.0114 34.6977 90.6042 63.4144 12.53 32.2478 64.246 105.319 13.6015 30.2971 57.5847 11.1803 40.3609 88.2462 88.8651 63.6413 58.0345 36.6742 44.5533 52.2156 55.8032 91.2605 88.5899 18.7883 47.1403 23.6815 
49.0918 73.4466 60.531 25.6125 67.3573 84.9055 46.8615 75.7694 64.0885 23.2594 34.0588 88.2553 88.8426 89.3756 97.3089 51.0882 0.0 94.3425 15.2315 90.2552 88.9105 55.0364 48.0208 49.2544 77.4919 33.2415 59.2144 42.5441 63.032 42.0595 42.0595 97.4273 59.5342 29.5466 89.2411 60.5379 12.3693 49.3964 62.9682 84.0239 99.8098 69.8928 7.28011 22.3607 6.0 98.0757 64.0312 68.9272 21.587 51.4296 
48.0208 26.9258 36.0555 88.4118 57.151 76.4003 60.531 60.407 57.1099 93.8569 88.2043 58.4209 10.4403 21.4009 13.1529 90.3623 94.3425 0.0 93.9149 43.0116 75.3127 67.0 98.1324 115.725 53.4509 69.1151 39.0128 52.1728 88.0837 71.9638 53.6004 21.8403 79.3776 74.8308 47.0956 85.3053 95.7549 74.2159 46.4866 30.5941 69.0072 56.986 94.8217 72.2772 92.6499 6.40312 41.7612 85.7488 73.2048 67.8489 
46.2385 78.9904 58.3095 11.6619 58.4209 72.8988 55.4617 65.7343 56.0357 8.06226 48.1664 78.6448 87.0919 94.1625 99.5417 36.7967 15.2315 93.9149 0.0 83.006 77.566 44.911 33.0151 35.0143 68.593 26.4764 64.3799 45.3719 49.0408 31.5753 46.0109 101.792 45.613 21.095 81.1542 46.6154 3.60555 61.1882 69.6348 78.9177 89.1876 60.6712 8.06226 27.7849 20.8806 96.7729 69.6691 55.0 24.2074 41.0 
44.1773 55.9017 37.0135 73.171 25.7099 35.8469 78.6981 23.6008 27.0185 79.2275 100.395 16.1555 33.0606 61.1882 56.0089 60.9262 90.2552 43.0116 83.006 0.0 33.6155 39.8121 69.0797 90.6201 17.0 57.3149 59.5966 60.3581 54.0833 52.2398 63.2535 64.195 47.4236 62.0758 4.47214 51.9711 86.0554 93.9793 72.257 13.9284 26.0768 24.3516 87.367 73.7862 91.444 39.4588 67.4273 50.448 70.8856 43.7379 
67.477 82.0724 58.3125 65.9926 27.7308 5.0 96.9756 18.0278 33.1059 70.594 108.977 17.4642 64.9384 91.0055 87.8237 43.566 88.9105 75.3127 77.566 33.6155 0.0 34.7131 51.2445 71.0634 23.0868 57.4891 83.9424 81.4948 32.0156 46.8763 82.3264 95.3362 31.9531 59.6406 29.1548 32.3883 81.1694 109.662 96.6028 44.7214 15.8114 25.0799 83.9976 79.196 92.0869 72.5328 91.7731 26.0192 75.0067 37.8021 
34.0149 64.105 37.9538 34.1321 14.1421 31.1448 63.4405 20.8806 13.8924 40.05 74.5185 33.7343 57.9183 75.9066 75.8506 23.6815 55.0364 67.0 44.911 39.8121 34.7131 0.0 31.398 52.7733 24.0 22.8035 65.0478 47.9597 22.8035 13.3417 48.7913 81.9566 12.6491 25.4951 37.2156 18.9737 48.2701 76.1269 73.4103 41.2525 44.7772 16.0 50.5964 44.5982 57.8014 67.8982 72.8786 24.0 40.3113 4.0 
54.4132 89.5486 69.0326 22.8473 43.8292 46.2709 77.3207 46.5725 44.7303 25.0 78.4474 59.0339 88.9971 103.598 107.557 8.24621 48.0208 98.1324 33.0151 69.0797 51.2445 31.398 0.0 21.5407 52.2015 33.7334 89.8786 62.4501 19.4165 28.8005 63.2817 113.035 21.8403 29.3327 65.7875 19.0 36.4005 87.2812 87.9007 71.5669 66.0 44.7772 41.0488 51.2445 53.2353 98.977 87.6255 25.7099 46.1736 31.398 
69.2542 104.39 86.6252 31.0161 65.307 66.0681 88.6002 68.0074 66.1056 28.4429 83.0542 80.2808 106.49 119.136 123.186 29.7321 49.2544 115.725 35.0143 90.6201 71.0634 52.7733 21.5407 0.0 73.736 48.2597 104.72 75.3106 39.2046 43.8337 76.1423 126.421 43.3244 43.0465 87.3155 39.8121 37.054 95.8853 100.747 92.9897 86.3713 66.3099 42.107 60.8769 55.2268 116.487 100.472 45.0444 56.3205 52.7733 
40.9254 59.01 35.0768 58.0775 10.198 23.1948 76.7257 7.2111 13.8924 64.0312 93.6956 11.4018 43.0116 68.0661 65.5134 44.0114 77.4919 53.4509 68.593 17.0 23.0868 24.0 52.2015 73.736 0.0 44.2719 60.8799 65.8999 37.2022 37.1214 66.7315 72.6911 30.4631 48.2701 13.6015 34.9857 71.8471 91.6558 73.5404 23.2594 24.7588 8.0 73.7564 64.0508 79.4837 51.4782 68.7107 33.9411 60.3019 28.0 
21.1626 56.2979 33.2454 19.4165 34.176 53.7587 45.0444 42.9418 30.8471 25.0599 52.4309 55.1543 62.0089 71.0445 75.0946 34.6977 33.2415 69.1151 26.4764 57.3149 57.4891 22.8035 33.7334 48.2597 44.2719 0.0 56.628 29.6023 42.5223 12.083 30.434 78.3297 32.3294 5.83095 56.0179 38.6434 29.1548 56.7539 55.053 52.469 67.1193 36.7696 30.0666 22.4722 35.3412 71.7289 54.7778 44.1829 17.8045 19.799 
36.1005 14.3178 27.7997 75.9237 65.5506 84.0203 22.1359 67.4041 65.5096 67.8988 49.2544 70.0071 37.6431 30.5287 38.8973 90.6042 59.2144 39.0128 64.3799 59.5966 83.9424 65.0478 89.8786 104.72 60.8799 56.628 0.0 22.8064 87.6231 64.5496 19.5602 38.5876 77.4254 62.3436 61.8781 83.7064 64.8096 37.1214 14.8661 46.2386 83.2686 65.3856 61.9838 37.2318 56.1535 44.2832 11.0454 89.0478 40.1727 65.8967 
27.8377 33.8497 23.3769 44.3794 55.9204 78.4951 21.0238 65.2679 52.4334 48.2634 40.7185 76.9421 48.0104 49.0219 54.7941 63.4144 42.5441 52.1728 45.3719 60.3581 81.4948 47.9597 62.4501 75.3106 65.8999 29.6023 22.8064 0.0 69.1959 40.9906 3.60555 56.6509 59.003 33.1176 61.5607 65.317 46.2454 35.805 28.3708 49.025 89.3596 58.6254 44.1022 20.2485 40.5216 56.4358 28.0956 70.8566 21.6333 46.2985 
55.4909 86.6803 60.5291 37.5366 31.241 27.0185 84.6768 30.5287 34.1321 41.6173 91.7532 41.7852 77.6791 98.482 98.4259 12.53 63.032 88.0837 49.0408 54.0833 32.0156 22.8035 19.4165 39.2046 37.2022 42.5223 87.6231 69.1959 0.0 31.4775 70.0275 104.532 10.198 42.2043 50.2494 4.0 52.6308 97.3631 94.6466 58.7598 47.1699 31.1127 56.6392 64.8395 67.7117 86.5559 95.4539 6.32456 59.0476 22.9112 
29.0842 64.2196 42.864 21.0 27.0185 42.8713 56.4715 34.2053 25.318 27.0185 64.3506 47.0744 62.848 78.2693 81.3887 32.2478 42.0595 71.9638 31.5753 52.2398 46.8763 13.3417 28.8005 43.8337 37.1214 12.083 64.5496 40.9906 31.4775 0.0 41.8223 85.8387 21.2846 12.8062 50.01 27.5986 34.9285 68.6804 66.4413 50.3733 57.9396 29.1548 37.3363 34.4819 45.2217 72.8398 66.1661 33.1382 29.6816 9.48683 
28.6694 33.7924 26.2724 45.2111 56.752 79.3268 17.4642 66.0995 53.2651 49.0918 37.6962 70.5959 50.04 49.7214 55.9 64.246 42.0595 53.6004 46.0109 63.2535 82.3264 48.7913 63.2817 76.1423 66.7315 30.434 19.5602 3.60555 70.0275 41.8223 0.0 57.7731 59.8347 33.9493 64.4561 66.1487 46.6905 32.2025 25.1246 51.9205 84.1444 59.4571 44.2041 19.7231 39.5601 58.1378 24.8494 71.6882 21.9317 47.1301 
57.8014 24.4131 47.5079 97.6254 75.9953 95.8853 55.5428 79.3129 75.9542 103.783 83.3607 79.0063 31.1448 8.06226 8.94427 105.319 97.4273 21.8403 101.792 64.195 95.3362 81.9566 113.035 126.421 72.6911 78.3297 38.5876 56.6509 104.532 85.8387 57.7731 0.0 94.3342 84.0453 68.0661 100.615 102.665 66.0681 38.4708 51.0 90.2718 75.8303 100.533 75.4447 94.3664 27.313 35.171 104.593 78.0604 82.8055 
45.298 76.4825 50.3314 34.0395 22.8035 27.313 74.4839 24.7386 24.8395 38.6409 84.6465 37.3363 69.5398 88.2842 88.2281 13.6015 59.5342 79.3776 45.613 47.4236 31.9531 12.6491 21.8403 43.3244 30.4631 32.3294 77.4254 59.003 10.198 21.2846 59.8347 94.3342 0.0 34.0532 44.0114 6.32456 49.2164 87.1702 84.4537 50.6205 45.3982 23.3238 53.1415 54.6466 66.4957 78.4166 85.2561 12.6491 50.1151 12.7183 
26.8782 62.0136 38.9611 13.6015 38.0789 55.6398 48.0937 46.2385 35.2278 19.2354 52.3546 58.8218 67.7246 77.1858 80.8306 30.2971 29.5466 74.8308 21.095 62.0758 59.6406 25.4951 29.3327 43.0465 48.2701 5.83095 62.3436 33.1176 42.2043 12.8062 33.9493 84.0453 34.0532 0.0 60.407 39.7102 24.0 58.6941 58.5683 57.8705 70.2638 40.5216 25.4951 23.0868 32.45 77.4446 58.2931 45.9067 18.0278 21.9545 
44.7303 58.6941 38.1838 71.007 23.0868 31.3847 79.9008 19.7231 25.1794 77.026 100.948 11.7047 37.0 64.7765 60.0083 57.5847 89.2411 47.0956 81.1542 4.47214 29.1548 37.2156 65.7875 87.3155 13.6015 56.0179 61.8781 61.5607 50.2494 50.01 64.4561 68.0661 44.0114 60.407 0.0 48.3011 84.2912 95.182 74.5385 17.2627 22.3607 21.3776 85.844 73.1544 90.5835 43.7379 69.7088 46.4004 70.2311 41.1947 
51.612 82.7636 56.6125 35.0433 28.2843 27.4591 80.7979 28.6356 30.8058 39.4462 90.9605 40.5216 74.9007 94.5653 94.5092 11.1803 60.5379 85.3053 46.6154 51.9711 32.3883 18.9737 19.0 39.8121 34.9857 38.6434 83.7064 65.317 4.0 27.5986 66.1487 100.615 6.32456 39.7102 48.3011 0.0 50.2195 93.4842 90.7677 55.9814 47.0 28.4253 54.1452 60.9607 65.2175 83.7775 91.5372 8.48528 56.4291 19.0324 
48.3839 79.8639 60.407 15.2643 61.6604 76.5021 55.0727 69.1231 59.1354 11.4018 46.0109 82.0 89.1964 95.0361 100.707 40.3609 12.3693 95.7549 3.60555 86.0554 81.1694 48.2701 36.4005 37.054 71.8471 29.1548 64.8096 46.2454 52.6308 34.9285 46.6905 102.665 49.2164 24.0 84.2912 50.2195 0.0 59.9083 69.814 81.6149 92.6553 63.9531 5.09902 27.8029 18.2483 98.7927 70.0928 58.6003 24.7588 44.3847 
56.0049 47.2969 56.9982 66.0303 84.0876 106.662 15.6205 93.4351 80.6006 67.4759 20.0 100.971 74.4648 59.0085 70.1783 88.2462 49.3964 74.2159 61.1882 93.9793 109.662 76.1269 87.2812 95.8853 91.6558 56.7539 37.1214 35.805 97.3631 68.6804 32.2025 66.0681 87.1702 58.6941 95.182 93.4842 59.9083 0.0 28.1603 82.5229 114.519 86.7927 55.3624 36.0555 43.8634 80.0812 32.5576 99.0238 41.1096 74.4648 
54.5481 19.6977 40.4601 69.7834 78.211 96.6807 17.4642 80.0645 78.17 73.4302 44.911 82.6676 48.0208 31.0644 42.0476 88.8651 62.9682 46.4866 69.6348 72.257 96.6028 73.4103 87.9007 100.747 73.5404 55.053 14.8661 28.3708 94.6466 66.4413 25.1246 38.4708 84.4537 58.5683 74.5385 90.7677 69.814 28.1603 0.0 58.8982 95.929 78.0461 66.6033 42.0119 59.0339 52.5547 5.0 96.3072 45.4863 71.7492 
35.3553 42.0595 26.0 70.342 27.8271 45.8803 67.2417 30.4138 27.786 76.4003 89.6145 28.0179 20.2237 47.5184 43.1856 63.6413 84.0239 30.5941 78.9177 13.9284 44.7214 41.2525 71.5669 92.9897 23.2594 52.469 46.2386 49.025 58.7598 50.3733 51.9205 51.0 50.6205 57.8705 17.2627 55.9814 81.6149 82.5229 58.8982 0.0 39.6232 27.6586 82.1523 65.1153 84.3801 28.2312 54.037 56.4004 63.3877 45.0314 
63.8315 80.6536 57.9829 77.9784 33.6006 20.6155 99.589 24.1868 38.2884 83.6786 117.155 13.6015 59.1354 87.1321 82.0549 58.0345 99.8098 69.0072 89.1876 26.0768 15.8114 44.7772 66.0 86.3713 24.7588 67.1193 83.2686 89.3596 47.1699 57.9396 84.1444 90.2718 45.3982 70.2638 22.3607 47.0 92.6553 114.519 95.929 39.6232 0.0 30.8058 95.2733 87.5105 102.421 65.123 91.0994 41.4367 83.7616 48.4665 
44.6076 62.0516 38.2917 50.0899 2.82843 23.5372 79.0908 7.2111 8.06226 56.0357 86.4211 18.3848 46.5814 71.1178 68.7954 36.6742 69.8928 56.986 60.6712 24.3516 25.0799 16.0 44.7772 66.3099 8.0 36.7696 65.3856 58.6254 31.1127 29.1548 59.4571 75.8303 23.3238 40.5216 21.3776 28.4253 63.9531 86.7927 78.0461 27.6586 30.8058 0.0 65.9697 56.7763 72.0902 55.4582 73.2164 28.8444 53.0274 20.0 
48.0521 77.7314 59.9083 19.105 63.561 79.9926 51.3128 71.4703 60.6712 16.1245 41.0 84.2021 88.6002 92.9036 98.6758 44.5533 7.28011 94.8217 8.06226 87.367 83.9976 50.5964 41.0488 42.107 73.7564 30.0666 61.9838 44.1022 56.6392 37.3363 44.2041 100.533 53.1415 25.4951 85.844 54.1452 5.09902 55.3624 66.6033 82.1523 95.2733 65.9697 0.0 24.7588 13.1529 98.0306 67.1789 62.5346 22.4722 46.8188 
29.8329 51.4639 40.05 30.2655 54.0712 75.743 27.8568 63.4114 50.5843 32.573 30.0 75.093 67.4918 67.3929 75.0425 52.2156 22.3607 72.2772 27.7849 73.7862 79.196 44.5982 51.2445 60.8769 64.0508 22.4722 37.2318 20.2485 64.8395 34.4819 19.7231 75.4447 54.6466 23.0868 73.1544 60.9607 27.8029 36.0555 42.0119 65.1153 87.5105 56.7763 24.7588 0.0 20.3961 76.2955 42.4264 66.5002 5.09902 42.0119 
49.0918 70.3856 60.0333 30.5287 69.4622 88.0823 42.4264 78.2624 66.0172 28.7924 28.0713 90.471 87.8958 86.3146 95.0442 55.8032 6.0 92.6499 20.8806 91.444 92.0869 57.8014 53.2353 55.2268 79.4837 35.3412 56.1535 40.5216 67.7117 45.2217 39.5601 94.3664 66.4957 32.45 90.5835 65.2175 18.2483 43.8634 59.0339 84.3801 102.421 72.0902 13.1529 20.3961 0.0 96.6902 60.4649 73.6069 21.0238 54.3783 
50.5668 32.8938 38.4838 91.0257 55.6231 74.0 66.0984 58.6003 55.5821 96.4707 93.5361 55.3173 10.0 27.6586 18.3848 91.2605 98.0757 6.40312 96.7729 39.4588 72.5328 67.8982 98.977 116.487 51.4782 71.7289 44.2832 56.4358 86.5559 72.8398 58.1378 27.313 78.4166 77.4446 43.7379 83.7775 98.7927 80.0812 52.5547 28.2312 65.123 55.4582 98.0306 76.2955 96.6902 0.0 47.7598 84.221 76.4975 68.7471 
43.9312 14.8661 35.6305 69.5083 73.3814 91.851 20.3961 75.2349 73.3403 73.188 48.3735 77.8379 43.0465 27.4591 38.0132 88.5899 64.0312 41.7612 69.6691 67.4273 91.7731 72.8786 87.6255 100.472 68.7107 54.7778 11.0454 28.0956 95.4539 66.1661 24.8494 35.171 85.2561 58.2931 69.7088 91.5372 70.0928 32.5576 5.0 54.037 91.0994 73.2164 67.1789 42.4264 60.4649 47.7598 0.0 96.8786 45.4619 73.7274 
57.1516 88.105 61.9538 43.4166 29.5296 21.0238 86.3374 26.9072 33.2415 47.7074 96.5 37.1214 75.3442 97.8845 97.5583 18.7883 68.9272 85.7488 55.0 50.448 26.0192 24.0 25.7099 45.0444 33.9411 44.1829 89.0478 70.8566 6.32456 33.1382 71.6882 104.593 12.6491 45.9067 46.4004 8.48528 58.6003 99.0238 96.3072 56.4004 41.4367 28.8444 62.5346 66.5002 73.6069 84.221 96.8786 0.0 61.9686 24.5719 
28.0713 55.2592 39.1152 25.4951 50.3223 71.4213 32.28 59.6406 46.8354 28.2312 34.6699 71.3441 67.2681 70.4314 76.2036 47.1403 21.587 73.2048 24.2074 70.8856 75.0067 40.3113 46.1736 56.3205 60.3019 17.8045 40.1727 21.6333 59.0476 29.6816 21.9317 78.0604 50.1151 18.0278 70.2311 56.4291 24.7588 41.1096 45.4863 63.3877 83.7616 53.0274 22.4722 5.09902 21.0238 76.4975 45.4619 61.9686 0.0 37.5366 
32.6524 64.9538 38.8027 30.1496 18.1108 33.9706 61.7793 24.7386 17.4642 36.0555 72.0069 37.6563 58.7672 76.7555 77.3274 23.6815 51.4296 67.8489 41.0 43.7379 37.8021 4.0 31.398 52.7733 28.0 19.799 65.8967 46.2985 22.9112 9.48683 47.1301 82.8055 12.7183 21.9545 41.1947 19.0324 44.3847 74.4648 71.7492 45.0314 48.4665 20.0 46.8188 42.0119 54.3783 68.7471 73.7274 24.5719 37.5366 0.0 
DEMAND_SCENARIO_SECTION
0 0 0 0 0 0 0 0 0 0 0 0 0 0 0 0 0 0 0 0 0 0 0 0 0 0 0 0 0 0 0 0 0 0 0 0 0 0 0 0 0 0 0 0 0 0 0 0 0 0 0 0 0 0 0 0 0 0 0 0 0 0 0 0 0 0 0 0 0 0 0 0 0 0 0 0 0 0 0 0 0 0 0 0 0 0 0 0 0 0 0 0 0 0 0 0 0 0 0 0 0 0 0 0 0 0 0 0 0 0 0 0 0 0 0 0 0 0 0 0 0 0 0 0 0 0 0 0 0 0 0 0 0 0 0 0 0 0 0 0 0 0 0 0 0 0 0 0 0 0 0 0 0 0 0 0 0 0 0 0 0 0 0 0 0 0 0 0 0 0 0 0 0 0 0 0 0 0 0 0 0 0 0 0 0 0 0 0 0 0 0 0 0 0 0 0 0 0 0 0 
6 12 4 6 7 9 6 6 10 7 4 12 8 11 11 8 11 10 9 7 7 12 12 7 8 9 9 10 6 9 13 10 6 3 14 9 13 12 7 10 9 13 10 12 10 7 11 14 9 14 4 13 14 10 12 12 9 9 13 8 7 9 11 10 5 12 6 14 7 8 5 7 11 9 7 10 6 7 7 9 8 3 15 12 11 10 9 9 10 9 7 8 10 6 11 11 9 9 15 10 10 7 9 8 10 10 0 13 12 11 9 6 12 12 15 3 12 4 2 11 10 10 7 13 10 10 7 10 8 14 3 7 10 6 10 4 7 11 13 8 9 7 7 10 11 8 9 8 11 8 10 11 8 1 11 10 7 12 6 4 15 11 5 7 4 6 11 12 10 14 11 7 5 9 11 9 11 7 2 12 12 10 8 8 10 7 6 10 7 5 10 13 11 13 11 11 10 10 11 8 
9 9 6 6 8 2 5 6 7 5 9 5 4 11 4 8 7 8 9 8 8 8 9 4 6 5 6 9 5 2 8 6 5 5 9 7 11 9 10 3 8 12 9 8 6 5 8 3 3 10 6 6 9 6 3 9 6 10 9 11 9 6 5 9 6 6 9 9 4 11 6 10 6 4 9 8 4 10 4 3 3 7 7 7 5 10 9 3 9 6 9 8 7 9 8 6 9 5 5 6 6 6 8 7 8 6 7 6 4 10 5 10 3 9 8 6 7 11 3 5 6 6 6 6 6 7 5 7 6 6 5 7 2 8 10 8 9 6 7 8 9 6 8 7 11 6 6 2 10 5 5 7 10 3 8 9 5 7 6 5 6 5 6 12 7 6 7 8 4 10 7 7 4 0 13 5 6 5 7 8 6 9 10 6 9 8 5 7 8 10 8 10 4 8 7 8 3 8 11 6 
6 5 5 5 4 4 6 4 3 5 4 7 8 5 5 4 5 6 5 4 8 4 3 4 6 6 7 4 7 4 6 7 6 9 5 7 3 4 2 5 6 4 5 6 3 5 5 3 5 6 3 6 5 7 4 6 5 4 1 7 5 7 6 4 6 5 5 5 6 5 7 6 3 6 5 6 4 5 6 6 6 6 9 7 5 3 3 8 6 4 4 7 2 6 7 5 3 5 5 4 3 4 6 7 6 4 7 7 4 5 6 7 6 4 6 3 5 5 5 7 7 6 6 4 6 7 3 4 8 4 5 3 5 5 8 4 6 5 4 6 4 7 2 2 4 6 7 5 5 5 5 7 4 6 6 5 2 3 8 6 5 5 2 5 5 5 2 6 6 3 4 5 1 5 5 4 4 3 6 5 3 5 5 6 5 4 8 4 8 8 5 7 4 1 4 7 5 7 5 3 
1 4 4 4 4 6 5 2 2 2 5 2 4 4 2 3 2 4 5 4 5 4 4 2 2 6 4 3 4 2 3 1 5 3 4 4 4 1 3 4 6 5 5 3 3 5 6 3 4 3 4 3 6 3 4 3 5 5 3 1 5 2 7 3 3 6 4 4 3 4 0 4 5 4 3 4 5 4 1 3 5 3 6 6 4 3 4 4 5 5 3 5 2 4 4 6 4 4 2 4 4 4 4 5 4 3 6 5 5 2 5 7 4 5 4 4 4 4 6 6 3 4 5 2 5 3 2 1 3 4 4 4 3 5 4 7 2 2 3 2 4 4 3 7 4 4 8 6 4 5 5 3 4 2 4 1 7 3 4 4 6 3 6 5 1 3 4 2 6 5 5 2 5 6 3 2 5 4 5 5 6 2 4 3 4 3 5 2 3 3 5 3 3 6 4 3 4 3 4 4 
5 5 6 4 7 8 7 5 5 7 7 4 4 6 8 0 7 10 3 8 9 6 8 7 5 6 7 2 6 2 6 4 7 0 5 6 5 10 6 9 4 5 11 5 1 8 7 5 6 6 5 8 7 6 5 11 4 5 5 6 5 4 9 5 6 7 6 8 6 8 4 3 5 5 8 3 8 9 7 7 4 5 8 11 5 5 6 9 6 6 7 4 6 8 1 4 6 6 7 3 6 9 4 4 6 2 3 5 5 8 9 4 5 7 10 8 9 5 6 8 6 7 2 7 3 7 6 5 7 11 7 7 8 7 5 4 11 8 6 6 6 9 10 7 6 3 6 6 6 6 6 5 5 9 4 6 0 8 4 8 6 9 5 6 6 0 4 2 5 5 7 6 5 6 4 6 7 6 6 4 6 5 5 8 9 3 6 6 3 10 4 2 7 4 4 9 3 5 4 8 
3 2 3 2 2 3 2 2 1 3 3 2 2 1 2 2 2 3 3 2 2 2 2 2 2 1 2 1 2 2 2 3 3 2 1 2 2 1 1 1 1 2 2 2 2 2 2 2 1 1 1 2 1 1 3 2 2 3 2 3 2 3 1 1 2 3 2 3 2 1 2 2 1 2 3 2 3 1 2 2 3 1 1 1 2 2 3 1 3 2 2 2 2 1 1 1 2 2 2 2 1 1 2 2 2 3 2 2 2 3 3 2 1 2 1 2 1 2 2 2 1 1 1 3 2 2 3 2 2 2 2 1 2 2 2 2 2 2 1 2 2 2 2 1 3 2 3 3 2 2 2 2 3 1 1 1 3 2 2 2 2 2 3 3 3 1 1 2 2 1 1 2 2 3 0 2 2 2 2 1 1 1 2 2 1 2 2 2 3 3 1 3 2 2 2 2 2 1 3 1 
2 2 1 2 2 1 2 1 2 1 2 2 1 2 2 2 2 1 1 2 0 3 3 1 2 2 1 3 2 2 3 2 2 3 2 1 2 2 1 2 1 3 2 2 2 2 2 1 2 1 2 2 3 2 1 1 2 2 2 1 3 1 2 2 3 1 2 1 2 0 2 3 2 2 3 4 2 2 2 3 2 2 2 2 2 2 2 2 2 2 3 3 3 2 3 2 1 2 4 2 1 1 2 2 3 2 3 3 1 0 2 1 1 3 1 2 2 2 3 3 0 2 2 3 0 2 3 1 1 1 1 2 2 3 1 2 1 1 2 1 2 2 2 2 2 2 2 1 2 2 2 3 2 2 3 2 3 2 2 2 1 2 1 2 2 1 2 1 1 3 2 1 2 2 1 1 3 2 1 1 1 1 2 2 3 2 1 2 1 2 3 3 1 3 1 2 1 3 2 2 
10 7 11 8 9 5 12 9 10 8 8 11 10 8 10 10 10 4 8 8 5 8 10 8 10 13 8 10 7 11 13 7 9 7 4 8 6 6 7 11 12 7 10 12 10 9 8 11 8 6 11 10 1 5 13 11 11 9 4 8 10 5 5 11 8 3 5 1 5 7 14 6 2 10 3 5 10 11 10 11 11 6 10 4 10 10 10 8 6 10 2 8 9 9 8 5 6 5 9 8 3 11 7 7 9 9 8 7 5 10 10 8 13 8 6 11 5 7 9 3 10 8 2 8 9 6 7 5 5 5 7 8 12 7 8 10 7 9 7 5 5 5 7 11 9 12 9 10 9 7 13 8 3 7 12 7 8 11 12 8 12 3 7 8 8 7 7 6 6 6 10 7 10 11 7 9 9 6 6 10 6 4 10 5 6 8 8 4 11 5 13 7 5 10 2 7 9 7 9 11 
9 5 5 7 5 8 2 0 7 8 6 8 3 5 7 10 6 7 9 5 7 3 8 10 7 7 2 5 10 10 6 6 8 9 9 7 8 8 11 8 8 11 8 7 10 4 8 7 4 4 5 11 7 9 7 7 4 4 7 8 5 6 12 9 3 5 7 4 6 7 8 4 3 10 5 8 6 4 5 9 9 6 5 9 5 8 8 9 6 11 10 4 10 10 11 6 9 10 11 5 10 8 12 10 6 9 13 7 8 6 6 9 11 9 8 6 8 6 6 5 7 6 9 8 5 5 3 10 7 12 5 12 7 5 8 7 3 5 10 6 11 3 5 4 7 9 11 4 9 9 3 11 7 10 9 7 7 7 5 5 9 10 3 4 8 7 6 7 5 6 4 7 8 10 7 4 6 6 13 6 10 8 7 7 8 6 10 9 5 8 9 7 5 8 12 6 3 9 4 9 
10 13 6 10 4 12 8 14 11 7 13 13 11 9 11 7 4 13 7 8 7 4 4 11 10 11 9 7 7 11 7 11 13 9 8 12 12 9 7 8 9 7 8 14 7 9 14 8 6 13 12 8 9 7 9 4 15 9 12 8 3 13 11 6 4 6 10 7 6 10 7 5 7 10 9 10 12 3 7 13 8 11 6 7 11 12 9 11 9 4 14 10 8 3 12 8 13 3 8 13 11 4 10 9 9 9 12 7 15 8 10 9 6 6 14 7 9 9 10 6 10 8 10 10 9 6 11 5 2 3 8 8 11 9 5 11 1 10 10 12 11 6 14 11 9 14 11 6 10 7 13 5 8 7 5 7 5 9 9 14 13 5 6 10 8 11 9 9 6 11 10 11 12 13 12 9 6 6 12 11 9 6 7 11 7 12 8 10 6 9 6 9 10 8 4 8 12 12 12 9 
13 7 7 9 10 10 10 10 6 6 8 6 9 8 10 12 11 12 12 8 4 7 4 9 12 8 10 11 11 8 8 10 9 2 7 13 6 14 10 8 8 6 10 8 7 7 9 6 10 8 11 10 9 6 10 9 5 9 6 4 12 9 7 5 8 5 11 10 6 8 9 9 5 9 10 9 7 11 7 9 9 10 15 6 6 7 7 10 11 12 9 9 6 11 11 7 10 7 7 5 9 11 9 3 9 4 8 5 8 10 5 7 11 2 6 5 10 10 12 9 6 4 9 12 6 4 9 12 7 3 6 4 10 10 6 5 5 7 8 8 3 12 7 10 7 12 7 6 3 11 9 10 8 7 6 14 11 8 9 9 11 3 7 3 8 12 9 2 12 10 10 3 15 10 9 7 11 7 7 8 8 9 9 8 6 7 4 5 10 13 9 5 10 12 9 11 10 7 7 10 
1 2 3 3 5 3 6 7 3 9 5 8 6 7 6 6 9 5 8 6 2 2 5 7 4 12 6 2 6 3 4 6 8 6 6 8 6 5 6 4 5 11 3 7 9 9 10 7 9 6 5 7 3 5 5 6 3 7 5 6 3 7 5 5 6 5 9 4 5 4 4 5 6 7 6 5 4 8 7 4 6 4 2 6 1 6 4 6 7 4 5 6 9 9 6 8 5 5 5 8 3 5 5 9 10 4 5 7 5 3 4 3 10 8 10 7 7 5 5 3 7 9 6 2 8 3 6 3 7 3 10 4 5 9 11 7 8 5 11 9 6 6 5 3 7 7 5 5 4 5 6 5 7 5 8 5 6 6 3 4 7 3 7 1 7 8 8 7 11 4 8 8 6 5 5 0 8 5 2 6 6 5 4 8 5 5 5 7 6 6 6 6 5 8 3 6 7 6 6 8 
5 10 6 15 14 11 7 11 13 10 10 11 8 10 10 7 6 10 9 10 9 11 8 11 10 9 8 5 11 7 12 8 7 13 14 3 9 15 7 8 2 7 12 8 10 10 11 4 10 2 14 9 10 7 10 11 7 9 7 6 8 13 2 8 7 15 11 12 5 17 15 5 4 7 9 9 13 7 14 11 10 14 10 12 7 8 21 14 9 12 10 11 6 14 13 15 4 10 11 9 5 10 10 15 5 7 3 10 5 10 12 11 16 11 12 9 8 13 10 8 10 12 8 3 11 10 11 12 12 3 10 8 9 10 12 8 7 11 16 13 10 16 12 14 7 10 10 12 12 9 13 9 13 17 15 8 14 10 8 8 9 13 14 3 11 10 11 11 8 8 7 11 10 9 14 13 10 12 7 8 14 7 14 9 10 8 9 8 10 15 3 11 12 13 7 13 12 5 15 10 
5 4 7 8 8 5 7 6 4 6 4 6 4 4 6 4 5 4 5 6 5 4 4 6 8 3 4 6 3 7 6 4 6 3 6 5 6 5 4 2 4 6 6 5 9 5 7 4 2 4 7 3 5 2 6 5 6 4 7 4 9 3 7 4 5 5 7 6 6 2 6 4 4 6 5 5 1 5 9 4 3 7 5 3 2 4 3 4 4 6 6 6 4 3 7 8 3 5 5 4 7 9 7 5 6 5 5 7 9 4 4 5 4 4 4 6 5 4 4 6 6 4 8 4 4 7 5 3 3 5 6 6 6 6 7 3 2 4 5 6 3 8 7 3 5 1 5 5 6 3 6 5 7 3 7 6 3 6 2 5 5 4 5 3 2 3 2 7 4 3 5 6 5 7 5 4 4 4 3 4 6 5 4 5 6 5 4 6 3 8 3 4 6 6 4 5 1 3 6 4 
1 1 0 1 1 1 1 1 1 1 1 1 1 1 1 1 1 1 0 1 1 1 1 1 1 1 1 1 1 0 1 1 1 1 1 0 1 1 1 1 1 1 2 1 1 1 1 1 1 2 0 1 1 1 2 1 1 1 2 1 0 1 1 1 1 1 1 1 2 1 1 1 1 2 1 1 1 1 1 1 1 1 1 0 1 1 1 1 1 1 1 0 1 1 1 1 1 1 1 0 1 1 1 2 0 1 2 1 1 2 1 1 1 1 1 1 1 1 1 1 1 1 1 1 1 1 1 1 1 1 1 1 1 1 1 1 1 1 1 1 1 1 0 1 1 1 1 0 1 1 1 1 1 1 1 1 1 1 1 1 1 1 1 0 1 1 1 2 1 1 1 2 1 2 1 1 1 1 2 1 1 1 1 1 1 1 2 1 1 1 1 1 0 1 2 1 1 1 1 1 
3 2 2 3 4 3 2 4 3 2 4 3 3 4 2 4 3 5 2 4 3 4 2 3 2 1 4 4 2 4 3 2 1 4 2 5 3 3 3 4 3 1 3 3 3 3 4 4 2 4 3 3 3 4 4 4 4 4 3 3 3 3 3 2 4 4 4 4 4 4 4 3 2 4 2 3 2 3 4 2 3 2 3 2 3 2 4 4 3 3 1 5 3 3 4 1 2 3 3 3 4 4 3 3 3 2 4 5 5 3 2 4 5 3 3 3 3 3 2 2 5 3 4 3 3 3 2 5 2 1 4 4 2 3 3 4 2 3 4 3 4 2 3 3 2 1 5 2 2 1 2 3 2 4 3 3 4 3 3 3 3 2 3 2 4 2 3 5 4 3 3 3 2 3 4 3 2 3 4 3 2 3 4 4 4 3 3 3 4 2 3 2 4 1 2 2 4 1 2 4 
9 7 9 12 8 12 11 5 9 14 10 7 9 4 7 6 7 13 6 9 12 6 13 3 12 10 8 8 14 8 8 11 10 11 7 6 6 10 7 8 9 9 4 7 12 11 12 6 9 11 8 11 1 13 11 9 11 13 11 10 11 5 7 11 8 8 11 8 6 12 9 8 5 7 12 11 10 10 7 7 9 8 9 10 10 5 9 13 15 7 6 4 12 6 7 13 7 5 11 13 10 18 12 9 11 11 11 11 10 12 8 10 10 5 9 8 4 10 12 11 5 10 9 9 16 6 12 0 8 11 12 7 4 8 9 3 5 10 15 10 9 6 9 5 5 9 6 9 8 13 9 9 9 6 5 8 2 9 11 8 9 10 12 4 6 13 11 10 11 9 9 4 8 4 9 16 10 9 7 4 4 14 10 6 6 3 10 15 9 11 6 7 7 5 5 5 5 6 9 13 
2 2 2 3 1 1 2 2 1 3 1 2 2 3 1 2 3 1 2 2 2 2 3 3 3 2 2 2 2 3 2 2 3 2 2 3 2 2 2 1 1 1 2 1 1 2 2 2 3 2 2 2 2 2 2 2 3 3 2 2 2 2 1 3 3 3 2 2 1 2 2 1 2 2 1 2 2 2 3 3 2 2 1 1 2 2 2 3 2 2 2 3 2 2 3 2 2 2 3 2 1 1 2 3 2 3 2 3 2 2 1 2 1 2 3 1 3 2 2 1 2 3 1 1 3 2 2 3 2 2 2 2 2 1 2 2 1 1 3 2 2 3 1 2 1 3 1 2 2 3 2 2 2 2 3 4 3 3 1 2 0 2 2 1 1 3 1 2 1 2 2 3 2 2 1 2 2 1 1 1 2 3 2 2 1 1 2 2 4 2 2 2 3 3 1 3 2 2 2 1 
2 1 2 2 3 2 2 2 2 2 2 2 3 3 2 2 1 2 2 1 2 2 2 2 2 2 2 1 2 3 1 2 1 3 2 2 2 2 2 2 1 1 2 1 1 2 2 3 2 2 2 1 2 1 1 2 2 2 1 2 3 1 3 2 2 2 3 1 2 0 2 3 2 2 3 2 3 2 3 2 3 2 3 1 3 2 2 3 3 3 2 2 3 3 2 1 2 2 1 2 2 2 1 3 1 2 2 2 2 2 1 2 2 3 2 1 3 3 1 1 1 1 1 2 1 2 2 0 2 2 3 1 2 1 3 1 2 2 2 2 1 3 4 1 2 2 2 3 3 1 2 3 2 1 3 2 2 2 2 2 2 2 2 4 3 3 2 2 2 1 1 1 2 2 2 0 2 1 2 2 1 2 2 1 1 2 2 1 2 1 1 4 1 2 2 2 2 1 1 3 
7 15 12 13 6 6 16 8 13 15 5 2 15 9 8 11 15 8 9 8 7 5 16 12 7 10 14 12 12 7 15 11 13 12 13 11 10 8 6 8 10 13 9 10 8 7 13 8 7 9 15 4 5 4 13 15 15 8 9 15 9 8 7 10 8 9 11 12 10 11 4 10 6 17 7 2 11 5 16 10 13 7 10 8 7 3 9 13 10 9 11 10 9 10 13 6 9 8 6 12 6 12 6 12 16 14 13 10 9 6 9 5 11 11 7 9 12 12 11 6 6 11 11 13 13 9 8 10 7 16 13 12 8 9 15 11 14 9 9 12 7 13 7 17 6 8 12 14 10 12 6 9 10 5 11 9 9 9 8 14 6 15 9 9 13 16 11 13 8 6 5 14 5 7 10 13 9 9 17 13 5 9 17 7 10 6 6 12 10 13 11 12 9 6 9 11 6 11 10 8 
6 6 6 10 8 10 10 6 7 9 7 7 7 7 6 3 5 6 8 7 6 7 11 6 10 6 12 11 9 11 5 5 10 11 4 9 10 5 10 10 9 4 8 3 10 14 6 8 8 7 7 13 3 5 10 8 9 1 7 6 7 6 8 10 11 10 7 10 8 7 4 6 4 6 6 7 6 8 6 10 8 3 9 8 8 6 6 5 7 5 5 5 5 8 7 8 0 5 10 7 9 9 10 4 10 11 8 6 7 5 11 5 7 4 7 7 9 8 7 7 4 6 7 5 5 6 7 10 7 5 8 5 5 9 6 4 6 6 11 7 9 9 3 10 7 6 6 7 8 9 6 8 10 9 10 4 4 5 4 9 9 10 10 5 6 7 7 13 5 10 6 8 7 4 8 9 3 5 6 7 8 4 10 6 3 8 9 8 6 5 8 7 6 11 9 5 9 1 7 8 
11 10 8 4 8 8 9 11 14 6 8 11 12 11 11 5 9 7 11 5 8 13 11 10 14 8 11 8 4 11 3 8 15 10 10 7 12 8 9 9 10 4 7 13 8 10 9 18 10 12 8 12 4 8 11 11 15 6 4 12 11 12 3 7 15 5 9 1 10 11 11 9 9 12 7 9 9 6 16 4 13 12 3 12 10 11 6 11 12 14 8 13 12 11 12 12 8 13 8 10 8 15 12 16 7 8 12 12 9 4 9 12 7 12 9 6 5 10 7 12 6 6 5 9 10 10 7 7 6 13 8 10 7 5 12 7 11 10 11 5 9 8 6 13 13 3 6 14 8 10 12 12 12 6 6 7 10 11 11 10 7 5 10 11 7 16 11 10 7 10 8 10 8 9 6 7 8 11 10 13 9 7 9 11 10 7 9 7 9 10 11 11 9 12 4 10 10 4 11 8 
12 7 11 8 7 11 8 9 7 7 7 6 4 9 10 8 8 7 9 11 10 12 9 11 8 7 12 11 11 10 10 13 10 13 10 10 8 8 8 10 5 12 9 9 9 13 11 8 3 6 6 8 5 13 2 5 12 6 8 8 7 9 10 9 11 10 9 5 4 12 7 15 4 6 12 11 6 12 7 9 7 6 11 7 2 7 11 12 11 11 11 5 11 10 8 12 14 9 9 13 12 9 11 10 11 9 2 9 13 5 5 9 8 9 12 9 8 12 7 16 15 16 14 6 11 5 13 7 6 3 3 7 6 12 11 6 6 6 10 12 3 7 9 10 5 12 10 8 7 8 8 12 10 8 4 11 9 11 11 4 15 4 7 12 6 7 5 15 7 7 10 15 11 8 11 9 7 8 12 8 11 14 10 8 9 6 8 7 13 5 11 7 13 9 11 8 3 7 10 10 
1 1 1 1 1 1 1 1 1 1 1 1 1 1 1 1 2 1 1 0 1 1 1 1 1 1 1 1 2 1 1 1 1 1 1 1 1 1 1 2 1 1 1 1 1 1 1 1 1 1 2 1 0 1 1 1 0 1 1 1 1 1 0 1 1 1 1 0 1 1 1 1 1 1 1 1 1 1 1 1 1 2 1 1 1 0 1 1 1 1 1 1 1 1 1 1 1 1 1 2 1 1 1 1 1 1 1 2 2 1 1 1 1 1 1 1 1 1 1 1 2 1 1 1 2 1 1 1 1 1 1 2 1 1 1 1 1 1 2 1 2 1 1 1 1 1 1 1 1 1 1 1 1 1 0 1 1 1 2 1 1 1 1 1 1 1 1 1 1 1 1 1 1 1 1 1 1 1 1 1 1 1 1 1 1 1 1 2 1 1 1 1 0 1 2 1 1 1 1 1 
4 4 4 2 5 1 6 5 3 5 4 2 5 4 4 5 3 4 5 4 4 6 6 4 4 1 2 3 5 3 5 3 5 4 1 3 2 4 4 3 2 2 4 4 3 6 3 3 6 5 4 2 3 4 5 4 2 5 7 2 3 3 6 5 5 5 3 6 3 4 5 3 3 2 3 4 2 7 6 4 6 5 4 2 5 3 5 3 3 5 1 3 3 4 5 3 3 8 3 7 2 4 3 3 2 4 5 5 4 1 4 6 3 3 7 6 5 4 2 3 3 4 4 8 5 6 4 4 5 2 4 4 3 4 3 3 6 3 2 1 7 4 5 3 5 5 6 4 4 6 1 4 6 5 3 4 4 1 2 3 3 3 7 5 3 6 3 1 5 6 4 1 8 3 6 7 4 4 3 7 4 8 7 3 3 4 5 3 3 5 5 4 3 5 2 4 3 6 3 4 
3 1 2 2 1 2 2 3 3 3 2 2 2 2 2 2 2 1 2 2 3 3 2 3 3 2 2 3 3 2 3 1 1 2 3 3 2 2 1 2 2 3 3 2 1 3 2 2 2 2 2 3 2 1 1 3 1 0 3 2 2 2 2 2 2 2 3 1 2 1 2 1 2 2 1 3 2 2 2 1 2 2 2 2 2 1 2 3 3 2 2 2 2 2 3 2 2 1 0 2 2 2 3 1 1 2 2 2 2 2 3 2 2 2 2 1 2 2 2 2 2 2 4 1 2 2 3 1 1 2 1 3 1 1 4 1 1 2 2 2 2 2 1 2 3 1 2 2 1 1 2 2 1 2 2 2 2 2 2 3 2 3 3 2 3 2 2 2 2 3 2 2 2 2 2 2 2 2 2 3 2 3 4 2 2 2 2 1 2 1 2 1 0 1 3 4 2 2 2 4 
4 4 5 6 5 5 5 4 4 4 5 4 5 5 5 3 5 3 5 2 4 5 4 4 3 4 4 3 2 4 2 4 4 6 3 5 5 3 4 4 6 5 3 5 3 3 3 5 7 4 3 5 4 4 6 1 4 6 6 6 2 4 4 3 3 2 5 2 2 2 6 3 3 4 6 4 6 2 4 3 6 5 3 5 6 6 2 2 5 4 5 6 5 4 4 6 6 3 4 5 5 3 5 5 4 6 4 7 3 4 4 4 3 7 4 5 2 1 4 8 3 5 4 3 4 4 2 4 2 4 4 4 3 4 5 6 6 5 4 3 1 0 1 4 5 6 4 4 3 5 4 3 4 1 6 4 6 4 3 5 4 5 4 5 6 6 3 4 4 7 6 4 2 3 2 3 6 3 5 5 4 6 5 5 6 6 4 2 3 1 2 3 5 4 4 5 5 6 5 2 
9 8 5 9 6 4 8 5 11 6 5 5 4 9 5 7 8 11 9 8 4 9 11 1 7 7 11 7 8 7 7 3 7 7 8 7 5 4 7 5 9 6 6 9 6 11 8 6 6 7 8 3 4 7 7 8 11 13 9 5 8 5 10 6 7 7 8 10 5 3 7 7 3 10 9 8 8 8 8 8 4 9 12 5 7 9 7 8 9 12 11 8 7 4 1 8 9 6 6 9 7 7 5 7 4 5 8 5 8 8 11 5 6 10 9 6 8 4 5 7 11 3 5 3 4 10 9 5 6 7 10 6 7 15 7 5 6 12 8 6 9 6 8 10 6 7 9 5 6 5 7 6 12 7 7 11 6 7 6 7 6 0 4 6 4 6 9 7 9 5 7 8 12 6 10 7 9 6 9 10 9 4 6 8 7 8 7 10 5 8 9 8 6 5 8 7 4 10 4 7 
2 2 1 2 4 4 3 3 2 3 3 2 4 4 3 4 2 4 4 3 2 3 3 2 1 3 6 1 3 3 3 4 3 3 5 3 3 2 3 4 3 3 2 3 4 2 4 3 4 4 3 3 3 2 1 2 2 4 4 6 2 3 3 3 4 3 3 4 0 3 3 3 1 3 3 3 4 3 3 3 6 5 3 4 4 1 5 3 4 3 2 3 2 3 1 3 3 5 2 2 3 4 3 2 2 4 3 1 4 1 2 3 3 6 4 2 3 4 4 2 2 3 4 2 2 3 3 3 4 2 3 4 3 3 3 3 3 2 3 2 3 3 5 3 4 4 4 4 4 4 4 3 2 2 2 3 4 2 4 3 4 5 3 3 2 2 3 3 1 3 3 3 3 2 4 2 4 3 1 3 3 5 3 4 4 3 5 3 3 2 2 3 5 3 3 3 2 4 3 3 
8 8 8 6 9 11 8 9 10 5 6 8 5 5 6 10 8 8 6 10 4 8 12 4 9 4 7 6 2 2 5 9 4 7 7 7 5 9 4 8 6 11 10 7 7 7 4 4 2 6 7 6 8 7 6 7 10 9 11 6 6 9 9 9 9 3 6 5 6 4 4 6 7 11 5 5 8 11 7 1 9 8 5 5 5 4 5 6 8 8 8 9 7 7 7 8 11 11 5 10 7 9 5 4 7 6 3 5 9 2 6 10 5 8 11 5 11 9 4 9 5 8 2 6 10 8 3 6 5 8 6 8 5 4 8 11 9 8 8 11 6 10 7 5 9 6 6 7 10 8 8 11 9 7 9 5 7 6 10 9 12 7 9 9 7 5 5 11 7 6 5 12 9 5 5 7 6 8 7 8 2 10 7 7 7 9 10 4 4 7 6 6 6 9 9 6 9 7 9 7 
4 3 3 5 4 2 3 5 4 7 2 5 3 4 3 4 6 2 3 4 3 3 5 4 5 4 1 4 4 5 4 6 4 5 4 2 3 7 4 2 2 3 3 3 3 2 4 3 5 5 3 4 7 4 5 2 4 7 2 3 4 5 1 2 4 5 3 5 3 8 4 2 4 6 5 5 2 5 7 5 5 5 3 5 4 3 4 4 2 6 3 5 3 4 5 4 2 2 4 3 3 5 7 5 3 5 6 5 3 7 5 4 4 5 4 4 5 4 4 2 7 6 7 4 5 5 4 6 4 5 4 4 5 5 3 6 2 5 3 4 4 4 5 4 5 5 4 4 3 4 5 4 3 3 6 4 3 4 4 2 5 5 3 5 1 3 4 3 2 4 3 5 2 3 2 3 4 5 3 3 7 4 3 3 2 4 6 3 4 3 3 7 4 2 4 4 5 5 2 3 
3 7 6 8 7 8 5 5 7 6 6 7 6 4 5 4 9 9 9 2 7 6 4 7 5 10 3 6 5 6 9 7 4 3 10 6 4 7 8 5 6 7 7 3 1 6 7 6 9 6 7 6 8 7 2 6 5 6 2 8 3 7 10 6 2 4 6 7 7 4 8 4 7 3 4 7 10 6 8 6 4 6 7 7 5 2 4 7 7 2 7 5 7 7 5 4 4 5 8 3 5 6 5 8 8 6 7 7 9 7 6 8 11 7 7 5 8 7 8 7 4 4 6 10 6 6 5 4 6 5 5 7 5 9 8 4 2 9 2 8 7 3 7 6 9 6 7 6 7 5 7 6 4 11 7 6 6 8 2 3 6 4 4 8 9 4 5 6 9 7 6 6 6 7 9 4 8 5 2 5 5 3 7 4 2 6 5 5 7 7 7 5 8 6 7 5 5 6 5 6 
8 10 9 6 6 10 6 8 11 12 5 13 10 11 12 6 8 10 5 13 2 9 9 8 7 6 10 5 11 11 8 7 12 8 11 12 8 5 10 8 9 11 9 6 7 10 14 8 6 12 6 9 3 15 5 5 9 11 8 11 6 5 6 8 7 7 4 5 10 7 5 8 8 8 11 7 6 9 9 7 8 6 6 3 6 8 5 7 9 8 4 5 11 12 10 10 7 9 10 3 13 12 3 6 6 6 7 12 10 9 7 9 1 9 14 4 10 10 9 10 3 6 6 2 2 7 8 15 10 8 12 4 13 9 4 7 10 11 11 8 5 3 5 8 10 7 11 11 4 9 7 6 9 5 0 5 4 8 8 6 12 13 3 6 12 7 8 6 9 5 9 13 5 7 8 9 10 2 12 5 8 10 8 9 6 5 7 12 7 6 9 12 8 10 10 5 9 9 7 1 
12 15 10 15 6 13 11 14 10 10 11 11 13 14 12 7 11 7 5 9 12 8 11 6 7 11 8 10 7 12 7 11 16 9 6 3 9 5 13 3 9 8 12 9 9 11 11 9 11 9 7 10 12 8 10 17 10 11 10 8 9 15 11 13 11 10 8 2 10 13 9 6 6 9 16 11 11 13 7 14 6 3 6 9 8 12 16 13 16 9 7 10 7 9 8 15 9 9 10 14 13 5 13 5 7 4 10 11 15 12 10 9 6 9 9 10 9 8 9 11 7 10 9 7 10 9 10 2 13 9 14 8 12 11 15 5 11 7 9 9 3 8 11 12 7 11 10 9 11 8 6 11 11 8 10 8 10 7 6 6 10 3 11 1 6 8 12 13 10 8 6 9 6 4 8 9 13 8 8 11 8 12 17 11 8 10 7 11 9 7 11 13 10 8 8 15 12 14 7 7 
10 6 4 7 6 5 9 2 5 6 2 6 5 3 6 3 5 3 7 5 7 7 4 8 8 8 7 7 7 7 0 4 8 8 3 7 3 8 4 7 7 10 2 4 5 8 6 8 4 4 8 5 7 7 8 3 6 5 4 4 7 5 6 4 6 10 6 3 10 6 7 7 6 4 9 7 3 4 4 5 8 7 4 6 6 4 5 7 12 7 7 5 7 7 6 8 7 8 5 6 6 5 4 10 6 7 3 7 8 6 5 7 5 6 3 5 7 10 9 5 9 7 7 5 5 4 8 6 6 4 6 6 7 6 10 4 4 6 6 5 3 8 8 4 6 6 2 7 7 4 6 4 5 8 4 9 3 6 3 6 8 5 7 3 3 4 5 6 8 6 4 7 5 5 2 6 7 5 8 7 7 3 9 8 4 5 5 7 0 5 10 8 6 5 6 8 9 4 6 5 
11 5 16 3 14 6 7 7 9 12 4 10 10 7 2 13 8 8 8 14 6 5 13 11 12 11 10 6 13 7 6 8 11 10 9 15 9 2 11 12 11 6 14 4 11 5 6 11 9 12 6 13 7 10 12 11 4 10 5 14 10 9 9 13 7 11 10 10 7 11 14 5 12 5 7 8 7 10 10 9 7 7 6 15 8 9 7 2 7 4 9 7 7 5 9 13 2 7 11 8 13 8 8 12 12 8 10 11 8 1 7 10 12 7 8 11 5 13 4 4 11 7 9 12 12 13 9 4 5 12 10 9 7 11 7 5 9 8 14 11 6 9 3 9 5 13 8 12 8 9 8 8 8 13 8 11 6 10 10 9 9 7 9 12 10 12 13 9 9 11 10 11 11 9 9 8 4 12 8 10 9 10 9 8 10 11 9 7 7 11 6 14 12 9 12 9 11 13 2 8 
2 3 2 5 4 4 4 5 4 3 4 3 3 3 4 2 4 0 2 4 2 3 6 3 3 4 3 5 3 4 3 3 3 3 3 4 3 4 2 2 3 2 2 2 2 4 4 4 3 4 3 3 4 2 1 3 4 1 4 4 5 4 4 3 5 4 4 2 3 3 5 3 3 3 4 2 3 2 3 4 3 3 3 2 3 2 4 4 3 2 2 2 3 3 2 3 4 3 3 2 2 3 4 3 1 3 2 4 2 1 3 4 3 2 2 2 4 3 2 1 2 4 0 2 4 3 3 4 2 0 3 4 2 4 2 5 2 3 3 4 3 2 4 3 1 4 3 3 4 2 2 3 2 2 2 2 2 4 3 1 3 3 4 3 4 3 2 3 3 2 2 4 3 4 4 3 3 4 4 2 4 3 2 4 3 4 3 4 4 3 3 2 4 3 2 2 1 2 1 2 
8 13 11 7 12 9 14 8 7 8 7 11 11 5 14 9 8 11 8 11 9 6 4 11 9 10 13 9 7 9 10 12 12 8 5 11 10 12 9 11 9 8 5 6 4 7 6 9 9 5 9 10 7 8 11 8 10 5 6 7 6 9 9 9 5 11 5 14 6 6 4 12 11 8 7 17 7 11 8 8 4 14 6 12 11 8 6 11 9 3 10 9 7 8 10 2 11 11 8 9 8 12 11 4 10 15 13 9 4 7 6 9 11 4 11 12 9 8 10 14 5 12 10 8 6 15 9 11 11 6 7 11 11 5 5 10 9 3 10 10 9 4 17 11 10 7 16 6 5 11 8 4 8 5 13 11 10 11 4 8 10 11 11 6 7 5 9 4 7 7 6 5 14 2 5 5 10 9 8 14 8 11 3 7 9 8 14 11 9 8 10 4 8 13 9 9 6 13 6 8 
0 1 1 1 1 1 1 1 1 1 1 1 1 1 1 1 1 1 1 1 1 1 1 1 1 1 2 1 0 0 2 1 1 1 1 1 1 0 1 1 1 1 1 1 1 1 1 1 1 1 1 1 1 1 1 1 1 1 1 2 2 1 1 1 1 1 1 1 1 1 1 1 1 1 1 1 1 1 1 2 1 1 1 1 1 1 1 1 1 2 1 1 1 2 1 1 1 0 0 1 1 1 1 1 1 1 1 0 1 1 1 1 2 2 0 1 1 1 1 1 2 1 1 1 1 1 1 1 1 1 1 1 1 0 1 1 1 1 1 1 1 1 1 1 1 2 1 1 1 1 0 1 0 1 1 1 1 2 1 1 1 1 1 1 1 1 0 0 1 1 1 1 1 1 1 1 1 1 1 1 1 1 0 1 0 1 1 1 1 1 1 0 1 1 1 0 1 1 1 1 
9 7 14 17 11 11 8 12 12 18 11 11 14 9 14 8 11 11 16 11 12 7 11 10 8 13 8 12 4 7 5 6 10 12 16 10 12 11 9 7 6 8 10 10 4 11 3 11 12 8 12 7 10 6 11 15 15 6 11 7 6 11 9 13 14 9 17 14 9 3 13 10 15 16 10 4 8 13 15 8 12 7 10 13 2 13 11 11 13 9 4 10 9 10 7 14 8 10 12 6 10 9 5 12 4 11 17 10 13 7 11 13 14 8 10 7 10 9 11 8 4 15 9 3 13 7 11 13 11 13 10 12 7 10 9 15 16 8 4 10 10 10 13 13 10 14 13 7 9 14 8 9 12 7 5 9 11 7 13 8 9 14 10 7 8 10 5 13 1 3 14 7 8 9 10 4 6 10 13 9 14 6 13 14 11 11 8 9 9 11 15 11 14 11 13 12 9 10 11 6 
6 5 7 8 3 8 5 6 5 6 9 11 6 7 7 8 10 8 9 7 5 5 7 10 13 6 7 7 6 8 11 1 7 7 6 7 7 8 9 11 5 11 7 6 6 8 5 5 7 3 5 5 7 5 7 6 3 7 6 6 8 5 5 4 8 10 7 10 13 4 11 8 8 7 3 8 6 8 4 10 8 9 8 6 10 7 12 3 9 9 8 5 6 8 10 6 11 5 9 8 5 6 9 9 7 5 10 7 4 10 6 12 10 8 3 11 6 9 7 3 7 4 6 4 6 5 4 5 10 8 9 10 10 6 8 8 7 6 2 6 4 1 8 4 7 7 7 3 9 10 7 7 8 7 7 10 8 7 8 8 5 4 7 8 5 8 4 4 7 8 5 6 8 10 4 12 9 4 5 12 1 4 4 5 7 9 4 5 10 10 9 6 5 7 10 7 7 9 8 7 
9 6 7 5 6 3 9 5 6 7 5 6 6 6 0 11 5 2 6 6 3 5 6 9 7 6 7 6 4 9 6 5 5 7 7 6 4 7 7 8 3 9 5 5 5 7 4 7 4 7 7 8 1 4 8 6 11 6 4 8 2 8 1 8 7 5 9 5 6 6 10 10 7 7 4 9 3 5 9 8 4 4 6 7 6 4 6 6 5 6 8 7 6 4 7 9 8 5 6 2 8 5 10 5 8 4 5 6 8 1 6 9 5 3 1 7 6 9 6 10 6 3 8 5 5 5 5 6 6 4 5 9 4 5 8 5 4 4 7 7 2 2 6 6 6 9 8 5 9 8 6 6 4 3 4 4 5 3 11 4 7 2 8 5 3 6 2 8 5 9 8 7 5 7 7 8 9 7 9 4 8 7 8 10 7 4 6 4 6 8 5 7 4 8 6 7 9 6 3 6 
