NAME  : Jabali_50_4_0.80_1_3
TYPE : SVRP
MODEL : FINITE_SUPPORT
NUMBER_OF_SCENARIOS : 200
DIMENSION : 50
EDGE_WEIGHT_TYPE : MATRIX
CAPACITY : 79
N_VEHICLES : 4
NODE_COORD_SECTION
1 3627 3390
2 3643 5161
3 5195 4266
4 1091 7009
5 3281 3730
6 7153 4545
7 1809 6340
8 4720 4950
9 1113 3245
10 4016 1882
11 3516 7248
12 4584 18
13 5563 5345
14 1543 1136
15 27 3295
16 4032 4656
17 7090 576
18 4146 7057
19 237 3205
20 3162 4323
21 6449 2838
22 6694 754
23 4126 5212
24 6157 833
25 6058 7333
26 6822 2215
27 6407 4705
28 2368 7617
29 4638 1984
30 6159 556
31 1565 5413
32 6689 5852
33 2253 1281
34 5039 1652
35 4807 3212
36 6282 4160
37 6540 37
38 7160 3021
39 1939 4074
40 7294 1213
41 6196 2440
42 5020 7272
43 2465 3892
44 5491 1170
45 2380 7059
46 4174 1303
47 5686 406
48 199 4770
49 3418 5745
50 6282 5986
DEMAND_SECTION
1 0.0
2 5.0
3 6.0
4 7.0
5 3.0
6 3.0
7 9.0
8 10.0
9 4.0
10 2.0
11 4.0
12 2.0
13 8.0
14 3.0
15 1.0
16 2.0
17 2.0
18 8.0
19 6.0
20 4.0
21 6.0
22 10.0
23 3.0
24 2.0
25 6.0
26 4.0
27 7.0
28 3.0
29 2.0
30 6.0
31 2.0
32 8.0
33 10.0
34 9.0
35 10.0
36 5.0
37 6.0
38 8.0
39 6.0
40 6.0
41 4.0
42 8.0
43 2.0
44 2.0
45 4.0
46 2.0
47 8.0
48 5.0
49 6.0
50 4.0
DEVIATION_SECTION
1 0.0
2 1.66667
3 2.0
4 2.33333
5 1.0
6 1.0
7 3.0
8 3.33333
9 1.33333
10 0.666667
11 1.33333
12 0.666667
13 2.66667
14 1.0
15 0.333333
16 0.666667
17 0.666667
18 2.66667
19 2.0
20 1.33333
21 2.0
22 3.33333
23 1.0
24 0.666667
25 2.0
26 1.33333
27 2.33333
28 1.0
29 0.666667
30 2.0
31 0.666667
32 2.66667
33 3.33333
34 3.0
35 3.33333
36 1.66667
37 2.0
38 2.66667
39 2.0
40 2.0
41 1.33333
42 2.66667
43 0.666667
44 0.666667
45 1.33333
46 0.666667
47 2.66667
48 1.66667
49 2.0
50 1.33333
DISTANCE_MATRIX
0.0 23.0 35.1728 60.1154 6.40312 50.7181 48.8337 23.8946 34.3657 21.5407 49.8789 46.8267 36.6847 41.4005 48.5077 16.7631 60.7915 49.3268 46.3897 13.8924 40.4475 55.5344 23.7697 49.3462 60.8276 47.3563 43.6713 58.0416 23.1094 51.3064 38.4593 53.2228 34.0 30.139 16.4924 38.1883 59.7459 49.0918 24.0416 59.5097 38.839 53.2249 17.088 39.2658 51.7653 28.8591 48.577 50.0 31.1448 50.0657 
23.0 0.0 24.4131 43.0465 19.6469 47.2652 29.9666 14.5602 44.2134 44.0208 30.3853 69.2732 25.1794 61.327 56.9441 8.60233 81.0044 29.8332 54.7133 13.0384 49.7695 76.6337 6.0 72.8452 42.0213 59.0433 37.2156 37.1612 45.556 75.7056 30.0167 40.8044 55.3624 52.5855 33.3082 37.6431 83.9448 55.4707 28.3037 73.8229 51.976 33.7313 23.4045 66.3847 30.8848 51.3056 76.525 48.976 8.544 36.4005 
35.1728 24.4131 0.0 67.4166 25.6612 28.4605 54.2033 11.6619 56.0145 49.4409 46.6992 59.1774 17.72 72.885 70.0039 16.5529 55.1341 39.5109 67.8124 27.1662 25.6649 51.2915 19.799 48.7406 45.7056 34.9387 19.7231 61.5407 35.1462 51.601 52.9538 32.2025 65.3887 36.4356 22.8365 16.2788 59.2031 31.4462 43.0465 49.7183 27.8714 42.4264 36.1248 42.2801 55.2643 44.9215 52.4204 68.1836 31.8277 30.4138 
60.1154 43.0465 67.4166 0.0 53.7138 88.5269 13.4536 57.2451 50.0899 79.8106 32.0156 105.99 65.2128 78.9177 53.1507 51.0392 120.854 40.0125 51.788 52.4456 92.816 116.484 48.3011 108.9 65.6201 102.09 78.6916 18.7883 82.6629 110.86 22.1359 76.6551 77.8845 89.6924 73.9694 80.1236 119.299 98.4886 40.4969 116.792 95.4108 51.3517 44.5177 98.8193 17.0294 88.0223 108.131 32.8938 36.9504 71.5681 
6.40312 19.6469 25.6612 53.7138 0.0 53.8982 42.432 24.2074 30.3645 27.2947 47.4449 52.8966 37.2022 42.0595 44.3847 15.6205 66.8895 47.8281 42.2019 8.24621 46.0977 61.6325 21.9545 55.4443 59.9083 53.2238 44.5982 54.2207 29.2075 57.4045 32.0576 53.8238 35.7351 36.237 22.4722 41.9206 65.844 54.4518 18.2483 65.6078 44.7064 51.7262 11.1803 45.3639 47.9444 34.9289 54.6751 44.1475 27.3242 50.448 
50.7181 47.2652 28.4605 88.5269 53.8982 0.0 76.1577 33.0151 84.2515 54.8418 59.0593 68.884 23.4094 89.0775 98.2408 42.0476 54.0093 51.1077 96.0493 54.3323 25.0 52.1536 41.3038 52.1728 40.7063 32.0624 10.0499 75.591 46.1071 55.109 77.2334 18.7883 80.934 46.8722 38.0132 12.53 61.2944 21.095 70.859 46.1736 30.6757 46.669 64.1327 50.1597 72.6154 55.8824 58.5235 95.0842 51.6624 22.2036 
48.8337 29.9666 54.2033 13.4536 42.432 76.1577 0.0 44.3847 41.5933 68.5288 24.1661 94.7082 52.9534 69.029 47.8539 37.7359 107.524 31.0483 46.0977 39.1156 79.6791 103.154 35.4683 97.6179 57.8705 88.953 66.2193 18.3848 71.3811 99.5781 12.3693 66.0076 67.0214 78.4107 60.6394 67.4166 108.018 85.4225 29.3729 103.462 82.0808 43.6578 33.2359 87.5375 12.2066 76.7405 96.8487 30.4138 24.5153 61.0 
23.8946 14.5602 11.6619 57.2451 24.2074 33.0151 44.3847 0.0 53.6656 44.1449 35.5431 69.5891 13.0384 65.105 67.2309 9.48683 65.5458 28.3548 65.0 22.1359 36.0694 61.7032 8.94427 59.1523 37.6962 45.3504 23.0 51.8781 45.5579 62.0127 44.2832 29.6816 57.8721 46.8473 33.2482 23.0868 70.2519 41.3401 38.8973 60.13 38.2831 32.0 32.6956 52.6918 44.794 51.4297 62.8321 62.2013 20.8087 26.2488 
34.3657 44.2134 56.0145 50.0899 30.3645 84.2515 41.5933 53.6656 0.0 44.5982 59.6704 62.0081 66.6483 29.4109 14.1421 44.2945 87.7276 63.9549 12.0416 31.9061 74.0068 82.3443 48.8262 75.591 86.1136 79.511 74.9466 59.6657 51.1957 77.1078 29.2746 83.2406 30.8058 57.28 50.01 72.4648 84.4802 83.0241 16.2788 88.0568 71.2531 77.8236 21.095 65.3012 52.8867 53.7719 72.4025 23.6008 51.6532 79.404 
21.5407 44.0208 49.4409 79.8106 27.2947 54.8418 68.5288 44.1449 44.5982 0.0 71.4161 27.1897 56.935 44.9487 57.4891 37.0856 43.1779 69.1037 55.7853 35.3412 34.9285 37.7946 44.1449 31.0413 81.1014 37.4833 50.5267 79.1729 8.94427 32.5581 58.1378 66.3209 35.4635 13.0384 34.7812 43.7255 40.708 44.3847 41.1096 43.7379 30.3645 73.4905 35.3836 20.7515 72.8966 9.22213 29.1407 65.5134 52.3494 70.316 
49.8789 30.3853 46.6992 32.0156 47.4449 59.0593 24.1661 35.5431 59.6704 71.4161 0.0 96.6685 36.0555 88.9415 68.2495 39.7857 99.2715 8.24621 66.2193 40.6 69.4114 95.429 33.0628 92.8781 33.9559 78.8292 49.93 16.5529 72.9512 95.7385 33.3017 45.3542 83.0891 80.5731 61.8109 53.2914 103.978 73.0246 46.7632 93.8558 72.0089 19.6469 50.965 86.4176 15.0 78.7008 96.5579 53.6004 23.9844 40.2616 
46.8267 69.2732 59.1774 105.99 52.8966 68.884 94.7082 69.5891 62.0081 27.1897 96.6685 0.0 70.9597 41.2311 72.5603 62.338 33.7343 94.3561 71.3442 60.7097 44.6542 29.4109 69.3973 23.2594 98.9056 41.7253 65.7875 104.537 27.0185 22.1359 84.3322 81.6173 33.6155 22.8035 50.0776 58.8727 26.0 52.4976 64.5219 39.0 38.833 97.7776 61.7139 19.2094 98.2604 21.8403 15.8114 84.9901 77.6018 81.4766 
36.6847 25.1794 17.72 65.2128 37.2022 23.4094 52.9534 13.0384 66.6483 56.935 36.0555 70.9597 0.0 77.8951 80.1124 22.3607 66.1287 28.4253 77.8781 34.9285 35.3412 62.6418 19.2354 60.0167 28.1603 44.7214 13.8924 52.4786 46.9285 62.9682 55.0364 16.6433 70.6695 48.2179 34.6613 17.8045 70.8308 37.6431 51.6236 59.9333 38.8973 27.313 45.618 54.105 49.3047 56.7038 64.195 74.0483 28.4429 13.4536 
41.4005 61.327 72.885 78.9177 42.0595 89.0775 69.029 65.105 29.4109 44.9487 88.9415 41.2311 77.8951 0.0 34.7131 57.4543 73.0616 91.0931 34.2053 48.4665 70.7366 68.0074 64.0078 61.0 101.872 72.5328 81.8125 86.5505 45.6807 61.0737 57.2189 94.4332 9.48683 47.5395 52.1103 76.5477 66.7533 80.0989 40.05 76.1643 65.8497 93.7745 40.025 52.2398 79.6928 35.7351 55.2268 52.3259 68.8208 91.2762 
48.5077 56.9441 70.0039 53.1507 44.3847 98.2408 47.8539 67.2309 14.1421 57.4891 68.2495 72.5603 80.1124 34.7131 0.0 57.7754 100.437 72.5342 2.23607 45.1885 88.0057 95.1029 61.7738 88.0678 99.1106 93.2631 88.8876 66.2118 64.6297 88.8957 35.8469 96.6075 39.4081 70.406 64.0703 86.2633 96.0052 97.0824 28.6531 101.203 85.0941 85.5559 34.5398 78.2384 59.9416 66.709 83.9345 21.0 60.3232 92.5905 
16.7631 8.60233 16.5529 51.0392 15.6205 42.0476 37.7359 9.48683 44.2945 37.0856 39.7857 62.338 22.3607 57.4543 57.7754 0.0 73.1339 32.5974 55.5428 12.6491 42.1545 68.7633 7.07107 64.9747 44.4185 51.4284 32.1403 45.5823 38.6208 67.8352 36.3465 38.9487 50.5668 52.6697 26.2489 31.257 76.0743 47.9358 29.4109 66.2079 44.361 36.4955 23.2594 58.5142 39.306 44.3704 68.6545 53.0377 17.0 35.2278 
60.7915 81.0044 55.1341 120.854 66.8895 54.0093 107.524 65.5458 87.7276 43.1779 99.2715 33.7343 66.1287 73.0616 100.437 73.1339 0.0 92.0833 98.9558 74.6745 31.0483 5.38516 74.2547 12.3693 92.1954 22.2036 56.0892 117.372 37.7359 12.0 98.6888 71.5681 64.2806 30.8869 47.8 49.4773 9.89949 33.0151 83.006 8.544 27.313 93.4077 76.5506 22.4722 111.756 41.4367 18.1108 108.24 88.0384 73.3485 
49.3268 29.8332 39.5109 40.0125 47.8281 51.1077 31.0483 28.3548 63.9549 69.1037 8.24621 94.3561 28.4253 91.0931 72.5342 32.5974 92.0833 0.0 70.5085 42.7516 62.2013 88.2407 25.8746 85.6898 26.9258 71.6409 42.2019 24.6982 70.6389 88.5503 38.5876 37.108 85.2407 73.3848 58.7557 45.9674 96.7894 65.7647 58.0158 86.6143 64.8206 13.0384 53.1166 79.2293 23.0868 76.3885 89.3696 59.1692 27.8206 32.0156 
46.3897 54.7133 67.8124 51.788 42.2019 96.0493 46.0977 65.0 12.0416 55.7853 66.2193 71.3442 77.8781 34.2053 2.23607 55.5428 98.9558 70.5085 0.0 42.9535 86.0 93.5725 59.5399 86.5866 96.6135 91.351 86.6833 64.4748 62.8013 87.4145 34.0 94.3716 38.4187 68.6586 62.0322 84.0718 94.5412 95.0474 26.4197 99.4636 83.1505 83.5302 32.311 76.5294 58.1378 65.0 82.4635 20.0998 58.2975 90.3549 
13.8924 13.0384 27.1662 52.4456 8.24621 54.3323 39.1156 22.1359 31.9061 35.3412 40.6 60.7097 34.9285 48.4665 45.1885 12.6491 74.6745 42.7516 42.9535 0.0 50.3977 69.4175 17.0294 63.2293 54.7204 58.1378 44.5533 47.3759 36.9925 65.1895 26.2724 51.4296 42.9535 44.022 28.0179 43.0 73.629 58.2547 16.7631 71.0284 49.6488 46.6497 10.8167 53.1489 41.0995 42.7421 62.4601 41.0488 20.4793 47.5079 
40.4475 49.7695 25.6649 92.816 46.0977 25.0 79.6791 36.0694 74.0068 34.9285 69.4114 44.6542 35.3412 70.7366 88.0057 42.1545 31.0483 62.2013 86.0 50.3977 0.0 28.1603 44.7855 27.2947 61.1882 9.43398 25.1794 85.7463 26.0 30.2655 76.6547 41.0122 61.2513 24.2074 24.0832 18.4391 37.0135 9.48683 64.3273 24.5967 5.83095 62.6498 57.2713 25.5539 80.5213 35.01 33.5261 90.2441 56.8035 42.4264 
55.5344 76.6337 51.2915 116.484 61.6325 52.1536 103.154 61.7032 82.3443 37.7946 95.429 29.4109 62.6418 68.0074 95.1029 68.7633 5.38516 88.2407 93.5725 69.4175 28.1603 0.0 71.6498 7.07107 89.2693 20.0998 53.3385 113.002 32.45 7.28011 93.4318 69.1158 59.1354 25.5539 43.4294 46.5296 9.21954 31.5753 77.6981 10.0 23.7697 89.8109 71.2811 17.088 107.386 36.0555 13.6015 102.883 83.6678 70.5762 
23.7697 6.0 19.799 48.3011 21.9545 41.3038 35.4683 8.94427 48.8262 44.1449 33.0628 69.3973 19.2354 64.0078 61.7738 7.07107 74.2547 25.8746 59.5399 17.0294 44.7855 71.6498 0.0 67.8613 38.0132 54.0594 31.257 42.1319 45.68 70.7217 36.0139 35.1141 57.3847 55.5563 33.3082 31.9531 78.9608 50.2494 33.121 68.8389 46.992 29.7727 27.8029 61.4008 35.8556 51.4297 71.5411 54.9337 12.0416 30.8707 
49.3462 72.8452 48.7406 108.9 55.4443 52.1728 97.6179 59.1523 75.591 31.0413 92.8781 23.2594 60.0167 61.0 88.0678 64.9747 12.3693 85.6898 86.5866 63.2293 27.2947 7.07107 67.8613 0.0 87.367 21.0238 52.0096 109.213 26.2488 3.0 87.2435 68.0661 52.0865 19.2094 39.6408 45.0 11.1803 32.6956 71.2811 15.8114 22.0227 86.8803 65.0 10.2956 103.597 29.1548 7.81025 96.2549 79.8792 69.029 
60.8276 42.0213 45.7056 65.6201 59.9083 40.7063 57.8705 37.6962 86.1136 81.1014 33.9559 98.9056 28.1603 101.872 99.1106 44.4185 92.1954 26.9258 96.6135 54.7204 61.1882 89.2693 38.0132 87.367 0.0 70.0928 36.1386 48.0104 74.8744 90.3549 65.2993 21.9545 94.8262 76.1638 62.567 42.7551 97.8673 60.7454 70.2039 85.1645 65.6201 14.3178 65.3047 82.0061 48.6621 84.6497 92.0217 85.8836 54.397 18.9737 
47.3563 59.0433 34.9387 102.09 53.2238 32.0624 88.953 45.3504 79.511 37.4833 78.8292 41.7253 44.7214 72.5328 93.2631 51.4284 22.2036 71.6409 91.351 58.1378 9.43398 20.0998 54.0594 21.0238 70.0928 0.0 33.9559 95.4112 29.0689 23.7697 84.3948 49.366 63.0635 25.0 30.8781 27.5136 29.2746 11.7047 71.3601 15.2315 8.544 72.0139 64.3407 22.8035 89.7951 36.8782 28.3019 97.3186 66.0774 51.1957 
43.6713 37.2156 19.7231 78.6916 44.5982 10.0499 66.2193 23.0 74.9466 50.5267 49.93 65.7875 13.8924 81.8125 88.8876 32.1403 56.0892 42.2019 86.6833 44.5533 25.1794 53.3385 31.257 52.0096 36.1386 33.9559 0.0 66.3702 41.7919 55.0091 67.1863 16.1245 73.7291 43.0813 31.1768 7.07107 62.1289 25.0599 61.1882 49.0408 30.0 39.4081 54.5711 48.0521 63.1929 51.5672 57.4282 85.1469 41.7612 17.2627 
58.0416 37.1612 61.5407 18.7883 54.2207 75.591 18.3848 51.8781 59.6657 79.1729 16.5529 104.537 52.4786 86.5505 66.2118 45.5823 117.372 24.6982 64.4748 47.3759 85.7463 113.002 42.1319 109.213 48.0104 95.4112 66.3702 0.0 80.8195 112.074 30.6757 61.6847 84.5312 87.849 68.8997 69.6264 120.313 89.3596 46.8827 110.191 88.3438 34.0588 50.7457 102.753 7.0 86.5691 106.287 48.0104 30.7602 56.6127 
23.1094 45.556 35.1462 82.6629 29.2075 46.1071 71.3811 45.5579 51.1957 8.94427 72.9512 27.0185 46.9285 45.6807 64.6297 38.6208 37.7359 70.6389 62.8013 36.9925 26.0 32.45 45.68 26.2488 74.8744 29.0689 41.7919 80.8195 0.0 28.2843 61.0068 57.5861 36.1954 7.07107 26.0464 34.9907 36.7967 35.4683 45.2769 37.0 21.587 73.7463 38.833 16.2788 74.5432 9.95406 26.0768 70.6824 53.8845 57.4454 
51.3064 75.7056 51.601 110.86 57.4045 55.109 99.5781 62.0127 77.1078 32.5581 95.7385 22.1359 62.9682 61.0737 88.8957 67.8352 12.0 88.5503 87.4145 65.1895 30.2655 7.28011 70.7217 3.0 90.3549 23.7697 55.0091 112.074 28.2843 0.0 89.2032 71.0634 52.345 21.2132 42.5013 48.0 8.60233 35.4683 73.0068 17.0 25.02 89.812 66.8431 12.0416 106.457 30.4138 6.32456 97.7869 82.7397 72.0278 
38.4593 30.0167 52.9538 22.1359 32.0576 77.2334 12.3693 44.2832 29.2746 58.1378 33.3017 84.3322 55.0364 57.2189 35.8469 36.3465 98.6888 38.5876 34.0 26.2724 76.6547 93.4318 36.0139 87.2435 65.2993 84.3948 67.1863 30.6757 61.0068 89.2032 0.0 69.8713 55.7853 68.0363 54.0304 67.1172 97.6242 84.394 18.3848 97.2484 75.8708 51.6236 22.8035 77.1621 24.1661 66.3646 86.2786 20.5913 27.8927 65.1153 
53.2228 40.8044 32.2025 76.6551 53.8238 18.7883 66.0076 29.6816 83.2406 66.3209 45.3542 81.6173 16.6433 94.4332 96.6075 38.9487 71.5681 37.108 94.3716 51.4296 41.0122 69.1158 35.1141 68.0661 21.9545 49.366 16.1245 61.6847 57.5861 71.0634 69.8713 0.0 87.2076 58.8755 46.0194 23.1948 78.0256 39.2938 68.0294 64.1327 46.0435 29.6816 62.1772 64.1327 60.0167 67.3614 73.5527 89.5118 42.19 5.09902 
34.0 55.3624 65.3887 77.8845 35.7351 80.934 67.0214 57.8721 30.8058 35.4635 83.0891 33.6155 70.6695 9.48683 39.4081 50.5668 64.2806 85.2407 38.4187 42.9535 61.2513 59.1354 57.3847 52.0865 94.8262 63.0635 73.7291 84.5312 36.1954 52.345 55.7853 87.2076 0.0 38.0789 43.9669 68.4042 58.4637 70.6137 37.6563 67.0298 56.3645 87.0528 36.0 43.0465 77.6735 26.2488 46.6905 54.4059 62.9684 84.0506 
30.139 52.5855 36.4356 89.6924 36.237 46.8722 78.4107 46.8473 57.28 13.0384 80.5731 22.8035 48.2179 47.5395 70.406 52.6697 30.8869 73.3848 68.6586 44.022 24.2074 25.5539 55.5563 19.2094 76.1638 25.0 43.0813 87.849 7.07107 21.2132 68.0363 58.8755 38.0789 0.0 27.3358 36.2491 29.7321 33.2866 52.1536 30.8058 18.868 75.0358 45.8039 9.21954 81.5727 12.0416 19.2354 77.3692 67.5742 58.7348 
16.4924 33.3082 22.8365 73.9694 22.4722 38.0132 60.6394 33.2482 50.01 34.7812 61.8109 50.0776 34.6613 52.1103 64.0703 26.2489 47.8 58.7557 62.0322 28.0179 24.0832 43.4294 33.3082 39.6408 62.567 30.8781 31.1768 68.8997 26.0464 42.5013 54.0304 46.0194 43.9669 27.3358 0.0 25.6125 50.7404 33.0151 40.5216 43.738 22.3607 61.4366 33.5261 33.1803 62.6233 35.8217 43.3207 66.4831 41.768 45.3892 
38.1883 37.6431 16.2788 80.1236 41.9206 12.53 67.4166 23.0868 72.4648 43.7255 53.2914 58.8727 17.8045 76.5477 86.2633 31.257 49.4773 45.9674 84.0718 43.0 18.4391 46.5296 31.9531 45.0 42.7551 27.5136 7.07107 69.6264 34.9907 48.0 67.1172 23.1948 68.4042 36.2491 25.6125 0.0 55.2268 19.8494 59.2115 42.72 23.0217 44.7772 52.345 41.0 66.4303 44.766 50.3587 84.0238 43.382 24.0832 
59.7459 83.9448 59.2031 119.299 65.844 61.2944 108.018 70.2519 84.4802 40.708 103.978 26.0 70.8308 66.7533 96.0052 76.0743 9.89949 96.7894 94.5412 73.629 37.0135 9.21954 78.9608 11.1803 97.8673 29.2746 62.1289 120.313 36.7967 8.60233 97.6242 78.0256 58.4637 29.7321 50.7404 55.2268 0.0 40.7922 81.2158 18.0278 32.249 97.8008 75.1665 20.5183 114.697 38.2753 12.083 105.937 90.9788 79.3095 
49.0918 55.4707 31.4462 98.4886 54.4518 21.095 85.4225 41.3401 83.0241 44.3847 73.0246 52.4976 37.6431 80.0989 97.0824 47.9358 33.0151 65.7647 95.0474 58.2547 9.48683 31.5753 50.2494 32.6956 60.7454 11.7047 25.0599 89.3596 35.4683 35.4683 84.394 39.2938 70.6137 33.2866 33.0151 19.8494 40.7922 0.0 72.6911 25.0799 14.4222 64.3506 65.6201 33.3017 86.0951 44.3723 39.8246 98.4784 62.1289 41.7852 
24.0416 28.3037 43.0465 40.4969 18.2483 70.859 29.3729 38.8973 16.2788 41.1096 46.7632 64.5219 51.6236 40.05 28.6531 29.4109 83.006 58.0158 26.4197 16.7631 64.3273 77.6981 33.121 71.2811 70.2039 71.3601 61.1882 46.8827 45.2769 73.0068 18.3848 68.0294 37.6563 52.1536 40.5216 59.2115 81.2158 72.6911 0.0 81.8704 62.8427 61.9139 7.07107 61.0328 40.025 49.7301 69.6486 25.9615 35.7435 63.9531 
59.5097 73.8229 49.7183 116.792 65.6078 46.1736 103.462 60.13 88.0568 43.7379 93.8558 39.0 59.9333 76.1643 101.203 66.2079 8.544 86.6143 99.4636 71.0284 24.5967 10.0 68.8389 15.8114 85.1645 15.2315 49.0408 110.191 37.0 17.0 97.2484 64.1327 67.0298 30.8058 43.738 42.72 18.0278 25.0799 81.8704 0.0 22.0227 87.2353 75.2737 24.0 104.575 42.4264 23.2594 107.541 80.8569 66.2193 
38.839 51.976 27.8714 95.4108 44.7064 30.6757 82.0808 38.2831 71.2531 30.3645 72.0089 38.833 38.8973 65.8497 85.0941 44.361 27.313 64.8206 83.1505 49.6488 5.83095 23.7697 46.992 22.0227 65.6201 8.544 30.0 88.3438 21.587 25.02 75.8708 46.0435 56.3645 18.868 22.3607 23.0217 32.249 14.4222 62.8427 22.0227 0.0 66.1287 55.8234 19.7231 82.7278 30.1231 27.8927 88.8012 59.01 47.0956 
53.2249 33.7313 42.4264 51.3517 51.7262 46.669 43.6578 32.0 77.8236 73.4905 19.6469 97.7776 27.313 93.7745 85.5559 36.4955 93.4077 13.0384 83.5302 46.6497 62.6498 89.8109 29.7727 86.8803 14.3178 72.0139 39.4081 34.0588 73.7463 89.812 51.6236 29.6816 87.0528 75.0358 61.4366 44.7772 97.8008 64.3506 61.9139 87.2353 66.1287 0.0 57.0147 80.8803 34.3657 80.7753 91.0206 72.2011 40.8423 25.0 
17.088 23.4045 36.1248 44.5177 11.1803 64.1327 33.2359 32.6956 21.095 35.3836 50.965 61.7139 45.618 40.025 34.5398 23.2594 76.5506 53.1166 32.311 10.8167 57.2713 71.2811 27.8029 65.0 65.3047 64.3407 54.5711 50.7457 38.833 66.8431 22.8035 62.1772 36.0 45.8039 33.5261 52.345 75.1665 65.6201 7.07107 75.2737 55.8234 57.0147 0.0 54.8179 43.888 43.7463 63.6553 32.9848 30.8444 58.3095 
39.2658 66.3847 42.2801 98.8193 45.3639 50.1597 87.5375 52.6918 65.3012 20.7515 86.4176 19.2094 54.105 52.2398 78.2384 58.5142 22.4722 79.2293 76.5294 53.1489 25.5539 17.088 61.4008 10.2956 82.0061 22.8035 48.0521 102.753 16.2788 12.0416 77.1621 64.1327 43.0465 9.21954 33.1803 41.0 20.5183 33.3017 61.0328 24.0 19.7231 80.8803 54.8179 0.0 90.6996 18.9737 10.4403 85.9593 73.4187 64.3817 
51.7653 30.8848 55.2643 17.0294 47.9444 72.6154 12.2066 44.794 52.8867 72.8966 15.0 98.2604 49.3047 79.6928 59.9416 39.306 111.756 23.0868 58.1378 41.0995 80.5213 107.386 35.8556 103.597 48.6621 89.7951 63.1929 7.0 74.5432 106.457 24.1661 60.0167 77.6735 81.5727 62.6233 66.4303 114.697 86.0951 40.025 104.575 82.7278 34.3657 43.888 90.6996 0.0 80.2928 100.011 42.5206 24.4839 54.9181 
28.8591 51.3056 44.9215 88.0223 34.9289 55.8824 76.7405 51.4297 53.7719 9.22213 78.7008 21.8403 56.7038 35.7351 66.709 44.3704 41.4367 76.3885 65.0 42.7421 35.01 36.0555 51.4297 29.1548 84.6497 36.8782 51.5672 86.5691 9.95406 30.4138 66.3646 67.3614 26.2488 12.0416 35.8217 44.766 38.2753 44.3723 49.7301 42.4264 30.1231 80.7753 43.7463 18.9737 80.2928 0.0 26.4008 74.4509 59.6342 67.2207 
48.577 76.525 52.4204 108.131 54.6751 58.5235 96.8487 62.8321 72.4025 29.1407 96.5579 15.8114 64.195 55.2268 83.9345 68.6545 18.1108 89.3696 82.4635 62.4601 33.5261 13.6015 71.5411 7.81025 92.0217 28.3019 57.4282 106.287 26.0768 6.32456 86.2786 73.5527 46.6905 19.2354 43.3207 50.3587 12.083 39.8246 69.6486 23.2594 27.8927 91.0206 63.6553 10.4403 100.011 26.4008 0.0 94.3694 83.5591 74.108 
50.0 48.976 68.1836 32.8938 44.1475 95.0842 30.4138 62.2013 23.6008 65.5134 53.6004 84.9901 74.0483 52.3259 21.0 53.0377 108.24 59.1692 20.0998 41.0488 90.2441 102.883 54.9337 96.2549 85.8836 97.3186 85.1469 48.0104 70.6824 97.7869 20.5913 89.5118 54.4059 77.3692 66.4831 84.0238 105.937 98.4784 25.9615 107.541 88.8012 72.2011 32.9848 85.9593 42.5206 74.4509 94.3694 0.0 48.1041 84.8999 
31.1448 8.544 31.8277 36.9504 27.3242 51.6624 24.5153 20.8087 51.6532 52.3494 23.9844 77.6018 28.4429 68.8208 60.3232 17.0 88.0384 27.8206 58.2975 20.4793 56.8035 83.6678 12.0416 79.8792 54.397 66.0774 41.7612 30.7602 53.8845 82.7397 27.8927 42.19 62.9684 67.5742 41.768 43.382 90.9788 62.1289 35.7435 80.8569 59.01 40.8423 30.8444 73.4187 24.4839 59.6342 83.5591 48.1041 0.0 37.3363 
50.0657 36.4005 30.4138 71.5681 50.448 22.2036 61.0 26.2488 79.404 70.316 40.2616 81.4766 13.4536 91.2762 92.5905 35.2278 73.3485 32.0156 90.3549 47.5079 42.4264 70.5762 30.8707 69.029 18.9737 51.1957 17.2627 56.6127 57.4454 72.0278 65.1153 5.09902 84.0506 58.7348 45.3892 24.0832 79.3095 41.7852 63.9531 66.2193 47.0956 25.0 58.3095 64.3817 54.9181 67.2207 74.108 84.8999 37.3363 0.0 
DEMAND_SCENARIO_SECTION
0 0 0 0 0 0 0 0 0 0 0 0 0 0 0 0 0 0 0 0 0 0 0 0 0 0 0 0 0 0 0 0 0 0 0 0 0 0 0 0 0 0 0 0 0 0 0 0 0 0 0 0 0 0 0 0 0 0 0 0 0 0 0 0 0 0 0 0 0 0 0 0 0 0 0 0 0 0 0 0 0 0 0 0 0 0 0 0 0 0 0 0 0 0 0 0 0 0 0 0 0 0 0 0 0 0 0 0 0 0 0 0 0 0 0 0 0 0 0 0 0 0 0 0 0 0 0 0 0 0 0 0 0 0 0 0 0 0 0 0 0 0 0 0 0 0 0 0 0 0 0 0 0 0 0 0 0 0 0 0 0 0 0 0 0 0 0 0 0 0 0 0 0 0 0 0 0 0 0 0 0 0 0 0 0 0 0 0 0 0 0 0 0 0 0 0 0 0 0 0 
5 3 7 5 7 6 5 5 5 3 6 6 2 7 7 8 3 6 3 6 6 4 6 3 5 4 3 3 5 2 1 4 4 4 2 4 6 3 4 7 4 3 6 4 5 5 2 5 3 6 3 3 3 0 3 6 5 4 6 5 4 4 5 3 4 4 4 6 5 6 5 6 8 3 6 6 3 8 4 3 5 5 5 6 5 4 4 2 6 9 6 7 6 7 5 8 5 2 6 6 10 3 7 5 8 6 7 4 5 5 4 5 5 5 3 8 7 4 9 3 4 2 4 7 3 7 5 5 2 5 5 2 5 5 5 7 5 6 7 4 3 4 7 4 6 7 8 7 4 6 1 5 6 7 8 8 7 3 2 7 4 5 4 7 4 5 6 5 5 3 2 4 3 6 7 3 4 5 5 5 4 4 5 5 4 5 5 6 6 5 6 5 5 4 3 6 6 5 3 4 
6 5 2 8 8 9 6 9 6 6 3 6 3 6 6 7 7 8 8 1 5 7 6 10 6 7 4 8 7 8 4 3 6 5 7 5 2 6 5 6 5 8 6 3 8 8 7 4 1 6 8 3 8 6 9 7 6 5 5 8 7 7 6 6 6 8 5 7 3 5 5 6 6 4 7 8 6 3 8 6 4 3 5 8 4 5 3 5 5 5 3 7 7 7 5 4 5 3 8 6 5 5 5 6 2 2 2 4 5 7 6 5 3 4 7 5 5 7 4 6 6 9 1 9 7 5 6 3 8 4 9 7 9 5 7 4 5 6 8 6 3 8 5 4 6 8 5 6 3 5 6 8 5 6 8 1 5 8 5 4 7 1 5 5 6 6 7 4 5 3 5 8 8 5 5 6 7 9 8 7 7 8 7 5 5 8 6 9 4 7 1 4 2 5 5 8 3 5 8 2 
5 5 7 4 4 5 0 8 8 6 3 8 7 6 7 9 6 4 8 7 9 5 7 7 7 9 0 8 8 6 3 7 8 4 8 7 8 4 11 5 10 9 9 6 4 9 11 6 6 9 4 4 5 11 10 5 6 8 4 5 9 9 5 4 3 6 8 8 7 7 8 6 5 8 7 8 8 11 8 3 5 8 10 7 5 11 3 8 6 5 5 9 5 9 6 12 5 8 9 6 12 6 7 7 6 5 9 4 8 5 6 6 4 5 4 8 6 2 6 7 5 6 6 7 11 9 7 9 8 8 7 4 5 7 9 10 7 8 5 9 14 6 5 4 7 10 3 12 7 8 4 7 4 8 5 7 2 8 10 6 7 10 4 6 6 6 3 11 10 6 8 7 4 2 8 10 5 5 12 7 7 6 10 7 8 10 4 7 6 5 3 12 5 9 3 4 9 6 13 6 
4 2 3 3 4 3 4 3 3 2 3 4 2 5 3 4 2 3 2 4 2 2 4 4 5 3 3 2 2 3 4 2 2 3 4 4 3 1 2 1 4 4 5 3 3 4 2 3 3 4 3 3 2 3 3 3 2 2 1 5 2 2 3 4 2 2 3 4 2 4 1 2 2 4 3 1 6 1 3 2 2 2 2 3 3 4 3 2 4 4 3 3 3 5 2 4 3 3 4 1 3 3 4 5 1 4 4 0 5 2 4 4 4 2 4 4 3 1 2 3 4 2 3 4 2 5 2 4 3 3 1 2 3 2 3 3 3 3 3 4 1 4 3 5 3 5 4 3 3 4 3 2 4 2 5 4 2 4 3 3 4 2 3 1 3 2 3 4 5 2 5 4 3 4 3 4 3 2 4 3 2 2 4 3 1 4 4 1 2 2 4 2 5 2 3 3 3 2 4 3 
4 3 4 2 2 3 4 2 5 3 3 4 3 4 2 3 3 2 2 2 4 3 3 3 3 4 3 4 3 1 3 5 3 5 3 4 3 3 3 2 0 1 2 3 4 3 2 4 1 3 4 3 0 4 3 1 3 2 4 3 3 4 3 3 3 3 2 2 4 3 3 4 3 2 4 4 3 4 3 1 4 2 3 3 5 3 3 4 2 2 3 3 3 5 4 3 2 4 2 5 3 4 4 4 2 3 4 4 2 2 4 3 2 3 2 2 2 2 3 2 4 3 3 3 3 5 3 3 2 4 2 1 1 5 3 4 5 1 2 2 2 1 2 2 1 3 1 2 3 3 1 3 3 4 3 2 2 3 2 0 3 2 3 3 3 5 3 2 3 4 4 2 3 4 4 4 3 3 2 3 2 3 3 4 2 3 4 2 4 3 2 2 3 2 3 2 3 3 3 3 
13 7 13 4 15 9 6 13 5 4 13 9 10 7 9 10 9 9 13 9 6 12 7 5 10 10 8 7 8 7 7 12 4 11 10 7 5 13 4 12 8 7 10 9 5 12 5 11 10 14 10 9 10 10 0 7 13 7 5 10 2 10 12 9 10 9 10 10 8 8 6 6 13 7 8 16 9 7 9 11 8 7 4 9 6 6 9 11 7 5 10 9 8 8 10 6 11 10 7 6 10 10 10 7 7 5 7 14 3 6 13 10 9 10 12 9 10 11 7 6 9 9 9 13 12 12 15 12 6 11 4 10 3 9 7 7 4 11 7 7 7 11 8 9 12 9 8 9 9 7 9 10 8 10 10 14 10 9 9 9 8 6 3 11 5 11 8 7 12 5 9 12 2 9 8 11 7 12 9 9 12 12 11 13 10 11 13 8 11 3 12 15 6 15 10 11 14 11 12 10 
16 7 13 14 8 5 15 12 8 0 8 6 11 11 15 12 12 14 8 11 10 12 10 5 8 15 14 3 15 13 10 13 13 13 6 6 10 5 8 8 5 18 4 6 10 12 9 11 8 10 10 12 9 11 9 9 7 10 9 6 9 11 10 13 4 8 10 15 12 9 11 6 12 11 9 0 12 12 7 12 12 9 9 6 10 11 5 10 9 11 14 7 12 8 9 10 7 14 10 9 7 11 4 10 14 10 14 17 3 6 11 4 7 11 13 19 4 11 12 14 4 10 13 9 8 2 10 10 6 8 10 10 9 13 8 11 13 8 14 11 10 13 9 12 11 13 10 11 9 10 9 10 9 17 9 8 11 6 8 7 3 14 3 3 8 4 14 18 13 6 8 12 8 7 9 12 7 13 12 9 12 14 8 7 6 12 8 13 10 9 10 7 11 13 16 16 9 14 7 7 
6 3 3 4 4 3 4 4 4 3 3 2 5 4 4 6 3 5 3 2 5 6 4 3 5 2 2 4 5 4 6 5 5 4 4 6 4 5 7 5 4 5 4 3 3 4 2 1 5 4 3 6 1 5 4 6 3 2 3 5 4 5 4 4 5 4 3 5 2 3 3 5 6 4 5 5 3 2 5 3 6 5 6 5 5 5 2 5 4 3 2 7 5 4 6 4 4 5 4 5 6 1 7 7 6 4 4 5 4 5 3 6 3 5 4 4 3 3 5 4 4 5 5 3 5 2 4 3 2 5 4 3 1 4 5 6 5 4 5 6 5 5 4 3 4 4 5 4 5 5 4 4 3 5 3 3 0 2 2 5 3 4 4 2 3 3 4 6 4 2 6 4 3 5 4 3 5 2 2 2 6 1 4 2 3 5 3 5 5 5 4 5 6 4 5 2 7 5 4 4 
2 2 0 3 2 2 3 2 1 1 1 1 2 3 2 1 1 2 3 3 2 2 3 2 2 2 1 2 2 2 1 2 2 1 2 2 2 2 1 1 2 2 1 3 3 2 2 2 2 2 2 2 1 1 2 2 2 3 3 1 1 2 2 1 2 2 2 2 3 2 2 3 2 2 2 2 2 3 2 1 1 1 2 2 3 2 1 3 1 2 1 1 2 3 2 2 2 2 2 2 3 3 2 1 2 3 3 2 2 3 3 3 3 2 2 3 2 1 2 3 2 1 3 2 2 3 3 2 2 2 3 2 3 2 2 2 2 3 2 1 3 2 1 2 1 2 2 3 1 2 3 2 1 1 1 1 2 3 3 2 2 2 1 2 2 2 2 2 2 1 1 3 1 2 2 3 1 2 1 2 2 2 2 3 3 2 3 4 2 2 1 2 0 3 3 2 3 2 2 2 
4 4 2 3 5 4 3 4 5 4 3 3 6 1 4 5 3 3 4 4 4 4 6 3 4 4 5 4 3 5 5 5 5 4 1 4 4 2 5 4 3 4 5 4 8 5 5 3 4 5 5 5 5 4 7 1 5 4 5 4 6 5 4 4 5 5 5 3 2 5 4 4 5 5 5 3 4 8 3 4 3 2 2 6 1 3 7 3 4 5 5 3 6 3 6 6 3 6 5 2 3 5 6 2 3 4 4 4 2 5 4 4 5 5 4 4 3 5 3 5 4 3 4 3 6 6 3 6 5 7 4 5 3 4 1 3 5 3 3 4 3 3 5 5 6 5 5 4 4 4 3 6 4 2 4 4 4 6 4 5 6 5 1 4 3 5 3 5 3 6 5 7 5 3 5 4 6 5 4 3 2 7 2 5 5 6 5 5 3 4 4 6 4 3 6 4 5 5 5 3 
2 2 2 1 2 2 2 2 2 2 2 2 2 1 3 3 2 2 1 2 1 1 2 3 3 2 3 2 2 1 1 2 3 3 3 3 2 2 2 1 1 3 2 3 2 2 4 1 2 2 2 3 2 2 2 1 2 3 2 3 2 2 2 3 2 1 2 1 3 1 2 3 3 2 2 2 3 1 3 2 2 2 2 2 2 2 2 2 3 2 1 2 1 2 1 2 1 1 2 4 3 1 2 1 2 3 2 1 1 2 2 2 2 2 3 3 2 3 1 2 2 2 2 2 2 3 2 3 2 2 2 2 3 2 3 2 3 1 1 2 3 2 3 2 3 2 3 3 2 3 2 2 2 2 2 3 2 3 1 2 2 3 3 2 3 1 3 3 2 2 1 2 0 2 2 2 1 3 3 2 2 2 2 2 1 2 2 3 2 3 3 2 2 2 2 2 2 1 2 3 
3 8 9 10 5 2 6 9 11 9 5 11 11 7 9 9 6 8 11 8 5 10 6 10 7 10 9 8 11 11 6 8 12 10 11 7 10 3 13 6 12 11 9 8 5 9 8 6 13 8 11 8 10 4 4 7 8 11 10 7 8 8 11 9 4 5 9 7 9 10 10 6 7 9 10 9 2 9 2 9 8 8 5 7 6 7 0 13 10 11 9 4 3 6 10 12 6 9 4 7 11 8 6 4 6 6 8 11 12 12 6 4 17 8 9 10 6 14 12 4 6 0 5 11 6 9 11 12 3 5 5 12 12 5 9 5 2 9 10 7 7 5 4 11 8 10 9 10 9 9 6 11 8 4 5 6 8 10 12 9 14 1 8 9 6 8 7 7 5 1 12 7 10 9 12 3 11 10 9 11 8 5 11 9 12 4 12 9 12 8 9 9 7 7 6 5 11 7 12 8 
2 5 5 3 2 1 3 3 4 3 3 2 2 4 3 5 2 5 3 3 3 5 5 5 2 3 2 1 3 4 3 4 2 4 3 2 3 3 4 6 5 4 0 2 3 5 1 3 3 2 4 4 4 2 4 2 3 4 3 3 2 4 4 2 2 3 3 3 4 3 2 4 2 4 3 4 3 1 3 5 4 5 2 4 2 2 2 2 3 4 2 3 4 3 4 2 4 5 2 4 4 2 5 3 4 4 4 4 6 3 2 2 2 2 3 2 2 4 2 3 3 2 3 3 2 3 2 4 1 3 1 3 3 4 2 1 3 3 3 4 3 1 4 2 2 1 2 4 3 3 4 3 3 3 3 2 2 3 4 5 3 3 5 4 3 3 4 4 4 3 3 3 2 3 5 4 2 3 3 5 4 2 1 4 4 3 3 5 3 3 2 5 4 4 3 3 4 3 4 2 
1 1 1 2 2 1 1 1 1 1 2 1 1 1 1 1 1 1 1 1 1 1 1 1 1 1 2 1 1 1 1 1 1 1 2 1 1 1 1 1 1 1 1 1 1 1 1 1 0 1 1 1 1 1 0 1 1 0 1 2 1 1 1 1 1 1 1 1 1 1 1 1 1 2 1 0 1 1 2 1 1 1 1 1 1 1 1 1 1 2 0 1 1 1 1 1 1 1 1 2 1 1 1 1 0 1 1 1 1 1 1 1 1 1 1 1 2 1 1 1 1 2 1 1 1 1 1 1 1 1 1 1 1 1 2 1 1 2 1 1 1 1 0 1 1 1 1 1 1 1 1 1 1 1 1 1 1 1 1 0 1 1 1 1 1 1 1 1 1 1 1 1 1 1 1 1 1 0 1 1 1 1 1 1 1 1 1 1 1 0 1 2 1 1 2 1 1 1 1 1 
2 2 2 1 2 2 2 1 2 1 3 1 2 3 1 1 2 1 2 2 2 3 2 2 2 3 1 2 2 1 2 2 3 3 1 2 1 1 2 2 2 3 2 3 3 2 2 2 2 1 2 0 2 2 2 2 3 2 2 2 3 2 3 2 2 1 1 2 2 1 1 2 2 3 2 1 3 4 3 1 1 3 3 1 3 2 3 2 3 2 2 1 2 2 2 3 1 2 2 1 1 1 2 2 2 2 1 2 2 3 2 2 1 2 2 0 2 2 2 3 3 3 3 2 3 1 1 2 2 2 2 4 1 2 1 2 2 3 1 1 2 2 2 3 1 3 2 2 3 2 3 2 2 2 2 1 2 1 2 3 2 2 2 3 1 3 2 2 2 1 1 2 2 2 2 3 2 3 2 1 2 2 2 1 1 2 3 3 3 2 2 1 1 3 1 3 1 1 1 1 
1 2 2 1 3 2 2 2 3 3 2 1 2 2 3 3 1 2 1 3 2 2 2 1 0 2 1 3 2 2 3 2 1 2 1 3 1 2 2 2 2 3 2 2 3 1 2 1 3 2 1 2 2 2 2 3 1 1 2 2 2 1 2 2 2 2 1 2 1 2 3 1 2 1 2 2 2 2 1 2 2 1 2 2 3 3 3 3 2 2 2 3 2 3 2 3 2 3 2 3 1 3 3 1 1 2 2 2 3 2 2 1 1 2 2 3 0 3 2 2 1 3 2 3 3 1 3 2 2 2 2 2 2 1 2 2 2 2 2 0 3 1 3 0 2 1 1 1 2 0 2 2 1 2 2 2 2 2 1 1 3 2 1 1 2 2 3 2 2 0 2 2 2 3 2 1 3 2 1 0 2 2 1 3 1 2 3 2 1 1 2 2 2 3 2 1 2 2 2 1 
4 11 12 9 7 7 7 7 6 7 8 8 11 8 10 10 8 9 9 6 8 10 7 11 8 8 7 7 7 9 12 10 7 15 8 9 7 8 6 5 8 8 4 14 6 13 8 5 16 9 3 10 10 6 5 6 5 8 12 11 11 6 5 11 6 9 8 7 9 5 9 5 7 8 8 11 9 8 9 5 9 6 7 7 9 10 8 6 5 3 9 5 11 8 7 13 9 8 14 11 11 10 8 10 7 7 7 10 14 13 9 11 7 8 8 8 10 7 12 4 9 5 13 9 4 11 11 14 11 9 5 9 4 8 3 8 2 8 8 11 7 4 11 7 7 5 9 7 10 8 3 13 4 5 12 4 8 9 6 11 7 4 3 5 9 10 10 6 12 6 4 11 7 7 7 6 10 11 6 11 5 9 6 7 8 6 7 8 11 4 10 4 6 5 6 6 12 9 6 9 
4 8 7 6 6 6 8 4 10 3 6 8 5 6 7 9 8 5 5 7 6 3 6 6 10 8 4 8 3 5 5 4 6 5 7 6 7 6 7 2 8 5 7 4 4 4 7 9 7 9 2 4 6 8 6 5 6 2 8 8 9 7 5 4 9 5 4 5 9 6 4 8 7 6 7 5 2 6 7 6 11 7 6 7 8 4 6 6 7 6 7 8 10 9 9 9 6 7 3 12 7 5 9 4 6 7 8 5 5 5 5 8 4 7 4 7 6 3 7 6 6 8 5 5 5 2 4 7 4 6 9 4 7 4 8 4 6 6 5 7 7 4 6 7 9 4 2 3 7 6 6 6 7 9 6 6 7 5 3 9 1 8 8 3 5 3 6 5 7 4 5 7 4 6 2 7 4 5 11 8 8 4 7 6 7 6 5 6 9 3 5 4 5 7 8 4 7 7 6 7 
5 8 3 4 3 4 4 4 2 3 6 2 5 4 5 4 6 3 3 5 5 5 3 5 5 4 3 3 2 6 5 5 3 2 6 4 4 4 4 5 3 5 5 6 1 3 2 3 4 5 3 3 7 3 5 5 4 6 3 7 5 3 4 5 5 2 4 6 3 5 3 5 4 4 5 4 4 4 5 4 5 5 6 3 4 7 4 6 7 5 5 4 5 3 5 2 4 5 4 4 3 4 4 4 2 4 5 3 3 4 5 4 4 4 2 4 4 3 0 4 2 3 2 4 4 5 3 3 4 7 3 6 3 4 4 5 2 4 6 3 4 3 6 4 3 3 4 6 1 6 4 3 5 4 3 4 5 5 4 7 2 4 4 4 3 4 3 5 4 5 8 6 3 5 6 7 6 6 4 5 4 3 5 2 4 4 4 4 4 4 3 3 3 5 3 5 6 2 1 4 
6 3 8 3 4 8 3 8 8 2 2 7 6 9 6 5 3 5 7 4 2 7 8 3 5 7 7 8 9 8 7 9 3 2 5 5 5 8 6 6 9 6 5 4 3 5 8 5 5 6 9 6 7 7 11 7 7 8 9 5 7 7 5 6 7 8 3 10 5 7 8 8 3 7 5 7 8 5 8 4 8 7 11 5 8 7 4 5 9 10 8 3 6 8 6 6 8 9 5 8 7 5 7 6 6 8 7 9 6 5 6 7 6 8 7 4 7 8 7 7 5 9 6 6 7 6 7 4 10 7 7 7 4 10 6 4 6 5 4 5 6 8 6 8 6 7 5 6 4 9 5 8 7 10 6 4 7 8 8 7 6 6 8 2 7 7 5 8 7 7 3 5 6 4 6 7 7 12 5 6 9 5 5 8 3 3 4 4 10 7 2 9 8 8 6 6 8 4 5 4 
11 7 12 5 9 4 6 9 8 2 10 8 15 11 4 4 12 12 16 12 5 9 2 10 13 13 10 12 6 8 10 10 7 11 10 5 14 6 12 4 7 8 6 4 6 14 5 9 13 9 7 13 13 6 7 10 11 3 7 9 8 11 15 6 13 12 10 7 6 16 10 9 14 12 11 8 11 16 14 9 14 10 14 8 13 16 8 15 9 8 6 14 10 16 8 12 10 13 13 10 16 9 11 15 9 9 9 9 11 9 12 15 5 8 13 3 17 10 11 15 11 14 8 11 11 13 11 10 10 2 8 8 6 10 8 11 8 6 10 0 14 11 10 12 9 13 9 7 11 10 15 7 17 7 6 8 17 17 14 14 11 10 12 11 8 12 8 15 15 12 21 13 10 12 12 10 5 6 13 9 7 7 5 7 14 11 4 6 9 7 21 15 10 13 11 11 10 5 8 9 
2 2 3 3 3 2 4 3 4 5 3 5 2 4 3 3 5 4 4 3 4 3 3 2 3 2 3 2 4 4 5 3 4 2 0 4 1 5 1 3 3 2 4 4 4 4 3 3 4 3 3 3 3 5 3 2 2 5 4 3 3 3 2 2 3 2 1 3 3 2 4 3 2 4 2 3 4 0 3 3 3 2 4 3 3 5 3 3 5 3 2 4 4 4 3 3 5 4 4 4 3 2 4 2 3 3 2 3 1 3 3 2 2 1 3 4 5 3 4 4 2 1 3 3 3 2 2 3 5 3 3 4 3 4 4 3 4 4 2 6 4 3 3 4 4 3 2 2 3 3 2 2 4 2 4 4 2 4 3 3 3 4 3 3 3 4 4 3 5 1 3 2 3 3 2 4 3 3 3 3 3 2 3 3 4 1 2 4 3 2 4 3 4 4 3 4 3 4 3 2 
1 2 2 1 2 2 2 2 2 2 2 2 2 3 2 2 2 1 2 2 2 2 1 3 3 2 2 3 1 2 4 2 1 2 2 3 2 2 1 2 2 2 2 3 2 2 2 1 1 3 2 0 2 2 1 2 2 2 1 2 2 2 3 3 3 2 2 1 1 1 2 3 3 2 2 3 2 2 3 1 2 1 2 2 2 4 3 1 2 1 3 1 3 2 1 4 1 2 2 2 2 2 2 3 2 1 2 2 2 2 2 3 3 2 2 2 2 2 2 2 2 1 2 2 2 2 2 2 1 3 1 2 1 1 2 2 2 3 3 2 2 2 2 2 2 2 1 2 3 2 2 3 2 3 2 1 0 2 2 3 3 3 1 2 2 2 3 1 4 1 3 2 2 2 3 1 1 3 2 2 2 2 3 2 3 2 2 2 2 3 2 2 1 2 2 2 2 2 1 3 
8 8 6 3 8 4 8 4 5 6 6 5 4 8 6 7 5 7 3 3 5 2 5 4 8 4 5 4 3 4 9 8 3 8 8 4 8 6 8 10 6 2 3 5 6 7 8 7 4 8 6 1 8 7 5 9 5 9 7 5 5 3 6 7 9 5 6 7 5 8 9 7 6 6 4 6 6 8 5 7 5 10 4 9 8 4 6 7 6 6 7 4 7 3 8 5 7 2 7 7 7 3 5 8 4 1 7 7 6 5 4 9 5 1 1 6 10 6 3 5 4 5 2 10 8 8 6 8 6 7 5 7 6 5 8 2 5 8 4 7 5 6 7 5 6 7 6 10 8 8 6 6 3 8 4 4 5 4 5 8 5 5 4 3 9 10 5 7 6 3 9 7 5 5 3 2 4 6 8 6 6 5 4 8 7 7 9 10 4 6 6 6 5 5 5 7 5 4 5 7 
4 3 3 5 4 4 6 5 5 3 4 3 4 5 4 5 4 4 2 3 6 2 3 4 6 6 3 5 1 2 3 4 5 3 4 5 5 3 2 5 4 4 4 2 3 4 4 2 4 3 4 4 4 5 5 5 5 4 3 3 8 3 6 7 5 5 4 2 3 2 3 4 4 4 3 6 3 3 5 4 5 4 1 3 5 4 3 6 6 3 6 4 4 5 5 1 3 6 4 1 1 4 5 4 3 3 4 3 6 1 4 6 4 3 5 4 4 3 2 5 3 5 2 5 5 5 4 3 5 3 4 5 3 4 3 3 3 2 6 2 4 3 2 2 3 5 5 3 3 4 4 5 5 3 3 2 4 4 1 4 4 2 4 3 3 5 6 3 3 2 4 3 7 4 5 4 1 4 3 4 3 3 3 1 4 4 6 4 3 4 5 3 4 4 4 3 2 6 3 5 
5 6 10 8 7 9 10 10 3 6 11 3 7 8 7 9 3 8 9 7 5 6 6 5 8 5 5 10 10 6 6 10 5 6 5 6 9 13 11 4 4 9 8 4 9 9 10 7 5 7 6 7 2 7 9 8 4 6 6 6 7 5 6 7 7 6 8 8 7 8 7 5 9 7 9 4 7 6 7 7 1 8 5 4 8 5 3 7 9 10 7 2 8 10 6 11 7 7 6 8 4 7 10 11 10 5 6 5 6 6 10 7 6 8 4 6 2 3 5 6 8 3 7 10 6 11 8 5 6 6 3 5 6 9 4 0 8 4 4 10 8 12 7 8 12 5 9 7 4 10 10 3 6 6 6 8 7 9 6 8 6 5 8 7 8 5 9 8 9 9 8 2 7 5 8 8 5 7 9 3 5 5 8 8 10 9 6 6 8 5 4 6 7 10 7 9 6 7 8 12 
2 4 3 3 4 3 3 2 2 2 3 3 4 3 5 4 3 3 2 5 4 1 3 2 3 3 3 3 4 1 2 2 1 3 5 4 3 3 3 4 3 2 3 3 6 3 3 3 3 3 3 2 1 2 3 5 4 2 2 2 4 4 2 4 1 2 4 2 1 3 3 3 3 3 2 2 3 4 5 6 5 5 3 5 3 2 3 5 3 4 5 4 3 4 3 4 4 4 2 3 2 2 4 4 3 2 3 3 3 3 1 3 2 4 3 1 3 2 3 3 3 5 2 2 0 4 4 3 3 2 4 4 4 6 2 4 3 3 3 4 5 1 1 2 2 4 3 4 5 2 3 4 3 5 3 1 4 2 3 3 4 4 4 1 2 3 3 2 3 2 2 1 4 3 4 3 1 4 2 3 3 2 4 1 3 2 4 4 2 2 2 2 5 3 5 2 5 2 2 3 
2 2 3 1 2 1 2 2 1 2 2 2 1 2 2 0 2 1 2 2 2 2 3 2 3 3 2 2 2 2 3 3 1 1 2 2 3 3 3 1 1 2 2 3 2 2 2 1 2 2 1 2 3 2 2 1 1 2 3 1 1 3 2 2 4 2 3 2 2 2 2 2 3 3 1 1 1 2 3 2 1 1 2 2 3 3 2 2 1 2 1 3 2 1 2 2 2 2 3 2 1 1 2 2 2 2 2 2 3 3 2 2 2 2 1 2 2 1 2 2 1 3 2 2 2 1 1 2 1 1 2 2 2 2 3 2 2 1 3 2 3 2 2 2 1 1 2 2 2 2 2 2 3 3 2 1 2 2 2 2 3 3 2 3 2 2 3 1 1 2 1 2 2 2 3 2 3 2 3 3 2 1 3 1 2 2 1 2 2 1 3 2 3 2 0 2 2 3 1 3 
8 7 6 7 7 4 5 2 3 4 7 7 7 4 6 7 3 5 7 9 7 8 4 3 8 6 8 2 8 3 7 7 6 7 6 5 2 6 4 4 5 1 5 7 6 10 1 7 5 6 5 4 6 4 3 4 4 8 4 8 10 7 7 4 4 2 1 6 4 7 7 4 7 9 6 6 5 5 9 6 6 6 9 4 4 5 5 5 5 5 6 6 1 2 7 5 6 7 7 6 6 8 4 8 6 3 4 8 5 4 7 5 7 7 8 5 6 3 6 7 6 5 6 7 4 6 6 12 5 4 7 6 7 1 10 6 5 6 4 4 8 6 7 6 7 4 4 4 4 4 2 9 7 7 6 5 6 5 6 4 6 6 9 5 6 2 3 5 5 9 2 4 2 5 6 5 9 6 8 7 8 6 6 6 6 4 3 5 6 4 5 5 6 7 4 7 7 7 5 2 
3 3 2 2 2 3 2 3 2 2 1 1 2 1 2 2 2 2 1 1 2 3 2 3 2 2 2 3 3 1 1 2 1 2 2 2 2 1 2 3 2 1 2 2 3 2 1 2 2 2 1 3 3 2 3 2 3 2 3 1 2 1 2 3 3 2 2 3 3 2 2 2 2 2 1 3 2 2 3 2 2 2 1 2 3 2 3 1 2 2 2 1 2 1 3 2 3 3 1 2 3 2 3 3 2 2 3 1 2 1 3 2 2 4 3 3 1 1 3 2 2 2 2 2 3 2 2 2 3 2 2 2 1 2 2 2 3 2 2 3 2 1 3 3 2 2 2 2 1 2 2 2 2 2 2 3 3 3 1 2 1 2 3 2 3 2 1 1 3 2 2 2 3 2 3 1 3 4 1 2 2 3 1 2 1 3 2 1 3 2 2 2 1 3 2 3 1 3 2 2 
8 8 5 14 8 4 13 12 10 6 9 9 10 5 7 4 10 10 5 11 16 10 1 12 3 8 11 3 5 13 2 11 6 11 14 7 11 10 8 10 15 11 7 9 7 9 7 4 13 5 9 8 10 2 5 7 11 4 9 10 5 12 8 10 8 9 6 11 7 7 10 9 12 7 13 12 7 12 7 11 8 5 6 8 8 6 6 11 7 8 7 12 11 8 6 7 8 10 8 8 10 7 8 7 5 8 11 7 4 11 7 5 15 6 3 4 6 13 6 7 6 10 6 9 5 12 9 7 8 10 11 7 8 8 1 10 10 5 7 12 6 8 9 8 11 6 8 8 9 8 6 8 5 5 13 10 8 12 9 6 6 10 7 5 8 6 4 9 10 9 12 8 5 6 9 6 2 5 3 8 3 8 7 8 8 7 12 9 7 8 8 7 7 6 0 9 8 10 11 8 
7 9 3 13 12 10 12 12 11 13 11 9 14 9 11 9 8 17 14 8 14 13 11 11 10 18 14 4 13 10 8 13 13 10 13 17 9 10 13 8 13 11 8 12 9 7 7 9 6 6 9 15 10 10 11 10 8 8 9 13 13 6 6 15 12 6 13 10 16 5 8 13 11 6 9 8 9 11 13 10 12 9 13 9 8 10 17 10 12 12 13 11 2 4 16 7 7 7 11 15 10 10 10 7 13 14 10 15 12 9 11 6 19 12 8 12 10 11 13 8 6 8 6 10 7 14 16 11 13 8 11 14 11 7 1 14 10 8 10 0 7 8 6 12 10 5 13 8 6 13 5 7 10 4 15 14 11 6 9 9 15 11 8 10 13 7 7 12 14 10 15 4 9 7 8 11 12 8 6 10 13 10 16 5 11 6 4 8 12 9 8 6 9 10 10 11 10 5 6 7 
13 8 10 11 7 5 9 13 12 14 5 7 6 4 8 5 7 7 8 12 7 8 13 9 11 4 12 11 9 9 8 13 10 6 14 9 10 9 6 5 10 7 10 4 15 11 1 8 12 8 12 11 12 10 7 6 8 6 10 4 11 6 2 4 10 10 5 16 8 7 11 9 7 7 9 9 9 12 7 15 8 12 12 11 8 12 4 8 9 6 13 10 6 3 8 10 12 9 6 6 15 9 14 12 13 8 13 7 11 11 7 3 11 9 7 8 4 7 10 9 12 11 11 7 8 13 8 8 3 12 11 12 14 12 6 8 11 8 5 11 11 7 3 9 11 10 8 10 8 11 8 16 9 8 13 9 9 10 9 7 8 9 10 8 9 4 4 12 7 8 11 12 9 12 12 10 3 8 7 4 6 4 16 10 9 9 10 9 5 8 5 5 8 9 7 9 8 5 10 9 
8 6 8 5 13 6 10 14 10 12 3 13 10 13 15 11 12 9 9 11 16 3 10 7 11 9 6 13 10 17 11 8 13 11 6 9 4 12 12 10 13 9 11 9 15 9 11 11 13 9 11 12 14 5 13 9 6 10 2 12 19 6 7 12 9 7 6 5 10 10 11 9 9 9 9 14 7 12 5 11 9 6 8 4 15 7 9 9 4 14 16 9 5 8 11 7 11 10 12 9 10 15 8 9 12 6 10 4 7 12 6 11 7 8 7 11 10 11 11 9 7 9 6 6 3 11 14 11 9 9 6 13 9 5 11 16 4 9 5 11 12 12 9 7 10 10 8 10 10 15 10 10 13 9 9 10 14 10 12 10 13 8 12 11 9 10 13 13 11 10 3 7 6 15 9 9 7 9 15 8 10 5 9 11 9 14 12 7 15 9 8 2 12 9 7 8 8 9 5 9 
3 11 4 6 4 3 5 7 4 6 2 3 5 6 3 8 5 3 4 4 7 3 7 2 3 3 7 3 7 3 3 8 6 4 5 6 3 3 7 7 8 7 4 1 6 6 6 2 2 8 8 3 4 5 6 2 5 6 5 3 4 5 7 10 4 5 4 3 6 4 6 4 2 4 4 4 4 5 6 5 2 9 5 6 3 6 4 4 4 8 6 6 4 5 7 2 6 4 4 4 5 5 5 4 4 7 7 2 6 5 7 1 4 4 6 6 5 5 4 6 5 4 4 6 5 4 3 4 2 6 3 4 9 6 6 5 4 4 4 7 4 3 9 7 6 6 4 3 4 7 3 5 4 3 9 7 4 4 7 6 7 4 3 8 5 6 3 3 3 4 4 9 6 7 5 2 3 2 4 6 3 6 5 5 5 5 6 2 5 5 7 6 7 4 5 7 4 5 7 6 
5 5 4 6 7 8 8 9 5 7 8 8 6 6 5 6 4 6 7 4 4 6 8 10 2 7 6 5 10 9 4 5 10 8 6 6 5 7 6 5 4 5 7 10 7 8 9 3 5 6 8 3 6 7 10 6 4 6 8 7 4 7 6 4 7 6 6 8 7 3 5 4 8 4 5 5 8 8 6 6 7 3 6 6 6 6 6 1 8 1 7 7 4 3 8 8 6 8 7 4 4 4 6 6 8 6 5 7 5 6 6 2 4 6 8 10 8 4 5 4 5 5 5 6 7 3 5 3 7 7 4 10 4 4 7 6 4 3 1 5 9 6 7 2 8 3 7 7 4 6 4 8 5 7 8 5 5 7 4 4 3 9 4 2 4 8 8 7 8 5 6 5 5 5 10 5 11 8 6 5 6 2 7 4 5 8 5 5 12 5 8 6 6 6 6 6 7 5 6 2 
10 6 6 4 11 6 3 7 11 5 10 8 5 8 3 11 11 9 7 8 4 7 7 6 6 10 6 13 7 10 8 6 8 5 6 5 9 11 2 6 6 8 5 9 9 7 6 3 6 6 11 6 9 11 8 7 6 13 8 5 7 5 7 11 8 10 6 8 8 8 3 6 9 8 9 8 5 6 10 5 5 6 9 11 7 10 3 6 5 15 9 11 12 9 10 6 12 12 11 6 10 9 8 6 9 10 12 9 0 4 10 12 11 7 8 8 9 8 0 4 10 12 3 8 2 10 9 8 9 8 9 8 7 8 5 7 9 10 9 6 8 9 6 8 9 7 6 8 7 3 5 6 13 9 9 3 6 10 9 5 8 9 7 10 10 5 11 9 6 7 11 5 8 8 8 7 7 7 11 10 9 6 6 9 12 10 5 6 11 7 4 11 5 8 12 10 11 4 9 7 
7 8 3 7 4 6 7 12 3 6 5 7 10 4 3 7 7 4 9 8 5 6 4 4 3 3 7 2 5 5 10 7 6 5 6 5 5 3 6 5 7 8 6 5 7 9 6 5 4 5 5 6 7 6 4 3 5 7 3 3 7 8 6 5 5 5 7 6 7 8 3 2 4 6 4 6 9 2 7 4 4 4 8 4 7 7 5 8 6 4 6 3 5 7 6 6 6 4 3 8 5 6 8 6 7 11 5 5 3 7 8 7 8 3 7 9 7 9 6 7 3 5 4 6 5 8 7 5 7 5 5 4 5 8 6 8 6 2 7 1 9 5 8 8 3 8 7 8 7 2 5 7 8 9 4 8 8 8 8 3 8 8 6 4 9 6 5 6 7 6 4 5 5 8 8 7 9 6 6 4 4 8 3 5 4 7 5 6 7 5 5 5 5 1 9 4 4 4 6 7 
6 5 5 6 3 5 8 7 8 7 6 10 7 7 6 5 5 5 7 9 6 8 6 7 5 5 6 3 5 8 6 4 6 2 7 6 7 3 7 8 5 6 10 9 6 5 6 4 6 7 7 2 7 6 7 12 4 7 6 9 11 7 7 7 9 2 5 8 7 8 8 7 4 5 3 6 3 4 8 4 5 8 7 3 5 5 7 6 2 6 9 4 7 4 8 4 10 3 4 3 4 6 3 2 6 7 7 8 6 10 5 6 8 5 3 4 8 6 5 5 7 5 7 7 9 6 7 2 3 9 6 8 3 7 5 7 6 6 7 5 8 7 6 7 10 7 10 9 5 3 6 4 6 6 9 6 7 4 6 9 6 5 8 1 4 3 7 3 5 5 7 7 5 7 4 4 5 11 5 3 7 7 6 4 4 6 6 5 6 4 6 7 5 10 7 5 4 6 7 8 
6 6 5 5 4 5 3 3 2 7 6 4 4 3 7 1 4 4 4 4 1 5 3 4 3 4 4 5 5 5 2 4 4 7 0 4 6 6 5 4 6 6 6 1 1 5 4 6 4 3 3 6 2 3 7 4 4 0 3 5 5 5 2 6 2 5 6 2 3 2 4 4 5 3 3 4 5 4 2 4 4 3 5 3 6 4 3 6 5 2 5 6 4 1 2 3 4 4 5 6 4 6 6 4 5 4 4 3 4 3 1 3 3 4 5 3 6 6 5 3 2 3 4 2 2 4 2 5 7 2 5 3 5 2 4 3 5 6 5 4 4 1 5 6 5 4 5 5 3 2 5 4 4 6 5 3 4 4 5 4 2 3 2 5 4 3 2 3 5 3 6 4 5 3 4 4 5 5 4 8 3 4 3 4 4 5 4 5 4 6 4 5 3 6 4 6 2 4 5 4 
4 5 5 7 8 12 9 3 7 5 11 8 7 8 5 11 7 11 9 7 11 10 9 8 11 8 9 1 12 7 10 8 1 9 7 5 8 8 9 10 10 11 11 8 9 4 10 3 8 6 3 7 4 10 6 8 9 9 7 8 4 11 7 9 6 6 5 4 8 9 11 8 5 8 10 14 8 5 9 11 8 10 4 7 11 2 13 8 11 7 9 7 9 3 8 9 10 9 8 10 5 7 7 6 7 7 10 12 5 7 14 9 10 1 10 10 9 12 7 11 8 10 8 10 10 11 4 11 10 12 11 7 3 4 10 8 8 12 9 6 8 11 11 6 6 6 9 7 10 8 4 3 8 6 9 7 7 9 4 4 3 13 5 9 8 5 8 7 10 7 9 5 6 14 5 6 11 12 10 9 8 14 7 8 10 13 5 7 7 9 10 10 4 9 6 9 13 7 9 9 
2 3 3 3 1 1 2 3 1 1 1 2 3 1 1 2 2 0 2 1 2 3 2 3 1 3 2 2 2 2 2 3 3 3 3 2 2 3 1 2 2 2 2 2 1 2 1 3 1 2 2 2 2 2 3 2 2 3 1 1 3 2 2 2 1 1 2 1 1 2 2 1 1 1 3 2 2 2 4 1 1 1 2 2 3 2 2 2 3 1 1 3 3 2 3 2 2 1 2 1 2 3 2 3 2 2 2 3 2 2 1 3 1 1 2 2 2 1 2 1 2 2 3 2 2 2 1 3 2 2 3 3 1 2 3 2 2 1 1 1 3 3 2 1 3 1 2 3 1 1 2 3 3 3 3 1 3 1 1 2 2 1 2 2 1 2 1 2 2 2 1 2 2 2 1 2 2 3 3 2 1 1 2 2 3 1 2 0 2 2 2 1 3 2 2 2 2 2 1 3 
2 3 1 2 1 1 3 1 3 2 2 1 3 2 2 2 2 2 3 3 1 1 3 2 2 1 3 2 3 2 2 1 2 2 2 2 3 2 2 1 1 3 1 1 3 2 1 2 1 2 2 3 2 2 3 3 1 3 3 2 3 3 2 3 0 2 1 2 1 1 3 1 2 2 1 2 3 2 2 2 3 1 3 2 2 2 1 2 3 1 1 3 1 2 2 3 2 3 2 2 2 3 1 2 1 1 2 2 1 3 2 2 0 2 2 2 2 3 4 3 2 3 2 3 2 2 2 2 2 4 1 2 3 2 3 2 2 2 1 2 2 2 2 1 2 1 2 3 2 2 1 0 4 2 2 2 3 3 2 2 3 2 2 2 2 2 2 4 2 2 2 3 4 3 2 1 1 2 3 1 2 3 3 2 2 2 2 2 2 3 0 2 1 2 3 2 3 2 1 3 
