NAME  : Jabali_50_4_0.82_1_1
TYPE : SVRP
MODEL : FINITE_SUPPORT
NUMBER_OF_SCENARIOS : 200
DIMENSION : 50
EDGE_WEIGHT_TYPE : MATRIX
CAPACITY : 78
N_VEHICLES : 4
NODE_COORD_SECTION
1 4080 4809
2 5983 3204
3 3084 2881
4 2034 5956
5 6653 3602
6 6529 1492
7 2247 3902
8 7039 2660
9 7217 1499
10 7783 5297
11 4806 6597
12 1541 4720
13 2167 2543
14 27 4929
15 4181 4902
16 4664 1893
17 3987 7257
18 1266 6303
19 2118 4012
20 7268 6250
21 1315 4094
22 2509 3488
23 4806 5130
24 7376 3229
25 2476 7190
26 3739 7948
27 8668 5633
28 6871 4029
29 3492 7008
30 1905 3081
31 2521 3045
32 6467 1176
33 6443 7623
34 4868 18
35 7738 4495
36 2609 7449
37 3469 7956
38 2289 4113
39 3904 1351
40 2257 5790
41 3373 4443
42 4406 9149
43 5887 6202
44 4931 4333
45 5391 270
46 2332 4921
47 5631 4624
48 242 4729
49 5349 8506
50 7254 3824
DEMAND_SECTION
1 0.0
2 6.0
3 10.0
4 10.0
5 4.0
6 3.0
7 10.0
8 3.0
9 10.0
10 1.0
11 7.0
12 7.0
13 1.0
14 9.0
15 6.0
16 2.0
17 2.0
18 6.0
19 4.0
20 1.0
21 3.0
22 9.0
23 3.0
24 9.0
25 10.0
26 2.0
27 3.0
28 7.0
29 6.0
30 1.0
31 9.0
32 8.0
33 10.0
34 10.0
35 7.0
36 6.0
37 3.0
38 7.0
39 3.0
40 1.0
41 2.0
42 10.0
43 1.0
44 8.0
45 1.0
46 2.0
47 2.0
48 5.0
49 6.0
50 2.0
DEVIATION_SECTION
1 0.0
2 2.0
3 3.33333
4 3.33333
5 1.33333
6 1.0
7 3.33333
8 1.0
9 3.33333
10 0.333333
11 2.33333
12 2.33333
13 0.333333
14 3.0
15 2.0
16 0.666667
17 0.666667
18 2.0
19 1.33333
20 0.333333
21 1.0
22 3.0
23 1.0
24 3.0
25 3.33333
26 0.666667
27 1.0
28 2.33333
29 2.0
30 0.333333
31 3.0
32 2.66667
33 3.33333
34 3.33333
35 2.33333
36 2.0
37 1.0
38 2.33333
39 1.0
40 0.333333
41 0.666667
42 3.33333
43 0.333333
44 2.66667
45 0.333333
46 0.666667
47 0.666667
48 1.66667
49 2.0
50 0.666667
DISTANCE_MATRIX
0.0 34.1674 30.8058 31.0483 43.5372 54.1986 27.8568 48.3949 59.2512 50.448 23.8411 34.6554 41.0122 55.2268 1.0 43.3017 31.8277 42.45 27.313 47.5395 39.1152 29.2746 9.84886 55.4942 40.032 41.4787 62.8013 39.0524 33.2431 38.4708 33.0 56.6851 50.0899 68.0517 48.4339 42.7617 42.4523 29.5466 49.8537 28.1603 11.4018 58.258 30.2655 13.3417 65.2178 24.0832 21.095 52.345 52.8015 43.8329 
34.1674 0.0 40.0 65.3507 9.84886 27.4129 53.5213 22.0003 32.8567 37.0135 57.344 66.7604 52.4309 87.5665 33.1912 27.0185 63.9065 76.7313 54.4453 43.9659 65.7016 48.2876 34.231 22.2145 74.4486 73.5369 48.5077 15.0333 65.3559 54.6818 46.8752 29.9425 59.2482 46.5296 28.8617 78.4873 74.1809 55.6252 39.0128 62.4135 41.5879 84.2577 40.7428 23.4364 41.6963 56.8076 28.2223 84.5585 72.3233 18.0475 
30.8058 40.0 0.0 43.0465 49.6488 50.5668 17.4642 48.7182 58.1808 73.5621 54.5908 31.4006 12.53 48.5077 30.5941 25.4951 60.5987 51.6236 18.6815 74.871 28.1603 11.0454 39.1152 61.6299 57.3149 70.2485 86.0687 53.4514 62.0129 15.2643 7.61577 51.264 80.6226 46.8722 67.7605 60.1082 68.972 19.2354 24.0416 40.4969 21.4709 87.1619 60.075 33.8744 48.0416 28.6531 42.6109 45.3982 83.2166 57.4665 
31.0483 65.3507 43.0465 0.0 73.0848 84.9907 26.9072 79.5782 90.4345 78.4594 41.6713 18.0278 45.2769 31.0161 32.0156 65.104 32.0156 11.4018 25.4951 73.382 26.5707 33.4215 38.1244 85.0418 17.72 35.0143 90.3988 68.7006 25.0 38.4187 39.0512 87.4772 64.0832 88.6225 78.0749 20.8806 33.1361 26.1725 66.6408 3.0 27.1662 53.4603 54.7915 44.3847 88.7869 14.4222 51.6236 29.1204 56.5685 73.4811 
43.5372 9.84886 49.6488 73.0848 0.0 37.1472 66.7308 19.6842 35.1516 28.1603 52.9779 76.1303 62.1289 96.9363 42.561 36.1248 66.8608 84.2806 66.578 37.1214 79.2053 57.8777 35.8931 12.4859 82.0699 71.934 39.1152 6.7082 68.3102 64.2719 56.4653 40.7526 54.4518 64.6063 19.2354 81.4417 77.1353 68.7565 48.2597 70.0899 50.9578 79.8916 36.3593 32.8062 58.6375 66.1774 23.8562 93.9284 67.9559 8.31883 
54.1986 27.4129 50.5668 84.9907 37.1472 0.0 65.6409 18.3848 8.60233 52.3927 82.7731 79.5559 61.0574 98.172 53.1986 26.4008 83.5465 96.3714 66.565 63.5138 77.8212 60.407 53.871 24.6982 94.0887 93.1769 60.8769 35.0644 84.9959 65.7419 58.1808 3.60555 82.1526 30.0 41.7852 96.8184 93.821 67.7448 36.2353 82.0536 61.228 109.687 66.1719 43.0764 23.0868 74.6616 53.6514 95.0185 97.7524 32.249 
27.8568 53.5213 17.4642 26.9072 66.7308 65.6409 0.0 62.8689 72.9013 77.3886 49.163 14.0357 18.6011 32.8938 28.2312 42.0119 51.1148 34.4384 1.41421 75.3923 13.0384 6.7082 37.6962 78.6878 43.0116 57.0113 89.8888 65.0437 44.1658 12.6491 12.2066 66.6723 76.3217 64.3273 74.4252 46.0435 55.9464 2.23607 41.4849 24.7588 16.5529 75.9713 57.7235 37.0451 65.2763 12.8062 46.4004 29.7321 74.9667 69.8242 
48.3949 22.0003 48.7182 79.5782 19.6842 18.3848 62.8689 0.0 18.9737 35.9026 65.3101 80.9879 60.5002 95.3999 47.4187 30.0832 78.134 90.9588 63.7929 46.0514 75.0492 57.6352 48.4585 8.0 88.6761 87.7644 46.0435 17.6015 79.5834 63.9062 56.1119 21.9317 64.6896 44.9222 26.0768 92.7148 88.4084 64.9728 42.2019 76.641 55.8154 92.2239 48.7089 37.6639 39.0 71.0351 36.1884 92.2464 80.2895 15.2971 
59.2512 32.8567 58.1808 90.4345 35.1516 8.60233 72.9013 18.9737 0.0 48.5489 80.7775 86.8162 69.0652 105.432 58.275 34.7131 88.9903 101.815 73.8253 60.959 85.0815 67.6676 59.3148 22.8035 99.5325 98.6207 55.7136 33.0689 90.4397 73.4302 65.7647 10.4403 80.1561 37.3363 37.7359 103.571 99.2647 75.0051 44.8219 87.4973 66.6717 107.691 63.6087 48.5202 30.1496 81.8914 51.6558 102.279 94.8336 29.6985 
50.448 37.0135 73.5621 78.4594 28.1603 52.3927 77.3886 35.9026 48.5489 0.0 45.18 85.0412 86.0893 105.38 49.8197 64.0 56.7169 89.8415 77.1038 14.8661 89.4036 76.9797 41.0366 28.1603 75.1096 64.1327 12.53 22.0 61.35 86.0083 79.2591 55.9464 36.6879 80.7775 10.8167 74.4814 66.499 79.3221 76.0263 75.699 61.0328 69.2604 29.4109 40.7063 74.6324 74.3303 31.305 102.591 54.7449 20.6155 
23.8411 57.344 54.5908 41.6713 52.9779 82.7731 49.163 65.3101 80.7775 45.18 0.0 51.264 64.3817 69.6277 24.2413 63.863 16.0 51.3548 48.2597 33.6736 57.9741 52.0384 22.3681 57.6751 32.7582 25.318 54.2641 47.5657 18.9985 61.0 56.3205 86.3785 27.1662 88.6131 50.5356 32.13 27.074 50.3587 72.6209 38.9109 34.1321 38.0132 16.7669 32.0601 96.5774 40.8044 39.1853 67.1822 29.6816 51.5463 
34.6554 66.7604 31.4006 18.0278 76.1303 79.5559 14.0357 80.9879 86.8162 85.0412 51.264 0.0 29.6816 20.8087 35.3553 56.0 48.0416 22.0227 13.0 80.7925 8.544 20.3961 44.0454 88.0873 35.7351 52.469 97.3088 73.6012 41.0122 22.2036 25.2982 80.5872 77.8845 78.2624 82.9827 38.8973 50.8035 12.1655 55.3173 17.2627 25.2389 71.1969 62.202 46.4004 79.3095 10.8167 55.3173 17.8045 73.0274 79.2236 
41.0122 52.4309 12.53 45.2769 62.1289 61.0574 18.6011 60.5002 69.0652 86.0893 64.3817 29.6816 0.0 42.19 41.0 34.8855 68.4377 51.614 20.0 86.6833 23.4094 13.0 50.0899 74.1453 61.6117 75.301 98.5959 65.9598 62.4556 7.61577 8.06226 61.2944 91.0879 52.0384 80.2689 64.6375 74.262 19.105 29.2746 43.2782 30.2655 94.261 71.0634 46.2188 54.7449 31.4006 55.138 39.3192 91.9239 69.9714 
55.2268 87.5665 48.5077 31.0161 96.9363 98.172 32.8938 95.3999 105.432 105.38 69.6277 20.8087 42.19 0.0 55.9732 73.9797 62.9365 26.0 32.311 100.576 20.3961 37.855 64.3506 108.893 46.3897 64.7765 117.516 94.2607 55.9732 35.0143 41.1947 99.2018 95.0983 94.0213 103.642 49.2544 62.514 30.6757 71.0 32.2025 46.0435 82.0975 81.985 67.2012 96.1301 31.1448 76.0592 3.16228 87.0976 100.03 
1.0 33.1912 30.5941 32.0156 42.561 53.1986 28.2312 47.4187 58.275 49.8197 24.2413 35.3553 41.0 55.9732 0.0 42.3017 32.5269 43.4166 27.7308 47.1699 39.6611 29.4279 9.48683 54.518 41.0116 42.1767 62.2013 38.2884 33.9411 38.6394 33.0151 55.6851 50.1597 67.0517 47.67 43.7413 43.1503 29.9666 51.0595 29.1204 11.7047 58.8982 30.1496 12.3693 64.2178 24.8395 20.2485 53.0754 53.2275 43.0689 
43.3017 27.0185 25.4951 65.104 36.1248 26.4008 42.0119 30.0832 34.7131 64.0 63.863 56.0 34.8855 73.9797 42.3017 0.0 72.7098 74.6535 43.0 70.406 53.6004 36.2215 44.0454 37.855 77.8661 82.4219 75.2396 42.0 74.1863 40.1622 32.9848 26.4197 82.7647 25.2389 55.343 80.5958 83.3956 44.0454 12.1655 62.334 40.4075 98.8154 61.7171 33.8378 24.0416 51.1432 38.6948 70.859 91.7275 44.4261 
31.8277 63.9065 60.5987 32.0156 66.8608 83.5465 51.1148 78.134 88.9903 56.7169 16.0 48.0416 68.4377 62.9365 32.5269 72.7098 0.0 38.9487 49.9482 45.1774 56.0089 55.4872 31.2785 71.9947 19.105 9.84886 65.801 59.1027 7.07107 63.6817 60.5454 86.033 33.0151 97.4598 62.0725 17.8045 11.1803 51.2078 80.7132 31.4006 39.1282 26.6271 28.3039 40.9705 94.6631 39.2046 45.4206 61.131 25.0 63.0833 
42.45 76.7313 51.6236 11.4018 84.2806 96.3714 34.4384 90.9588 101.815 89.8415 51.3548 22.0227 51.614 26.0 43.4166 74.6535 38.9487 0.0 33.1059 82.1999 29.7321 41.1461 49.5065 96.2376 20.8806 39.2938 101.781 80.1916 32.45 44.2041 46.5296 98.8579 71.8679 98.0816 89.457 23.5372 36.8782 33.121 75.6108 14.3178 38.0 56.1427 65.2933 55.7853 98.3364 23.5372 63.0117 25.1794 61.9839 84.9721 
27.313 54.4453 18.6815 25.4951 66.578 66.565 1.41421 63.7929 73.8253 77.1038 48.2597 13.0 20.0 32.311 27.7308 43.0 49.9482 33.1059 0.0 74.8465 12.8062 8.06226 37.1618 78.535 41.6173 55.7136 89.5879 64.8909 42.8683 13.9284 13.6015 67.5963 75.4255 65.5134 74.2725 44.6542 54.626 2.23607 42.72 23.3452 16.1245 74.6737 57.0088 36.8923 66.3702 11.4018 46.2277 29.1548 73.8241 69.6714 
47.5395 43.9659 74.871 73.382 37.1214 63.5138 75.3923 46.0514 60.959 14.8661 33.6736 80.7925 86.6833 100.576 47.1699 70.406 45.1774 82.1999 74.8465 0.0 86.3134 76.243 37.6962 38.833 63.6033 51.8652 20.8806 30.4138 49.8436 85.44 79.0759 67.1193 21.8403 90.3186 24.4131 62.7743 54.4243 77.0779 81.9309 70.6216 58.8727 55.0091 19.799 41.3038 85.0047 69.9793 33.0 97.9001 40.1995 31.4006 
39.1152 65.7016 28.1603 26.5707 79.2053 77.8212 13.0384 75.0492 85.0815 89.4036 57.9741 8.544 23.4094 20.3961 39.6611 53.6004 56.0089 29.7321 12.8062 86.3134 0.0 17.4642 48.8774 91.1623 44.2719 60.8276 101.833 77.5182 49.0408 15.8114 21.0 78.848 84.9294 74.2428 86.7186 47.4342 59.2284 10.8167 51.1566 25.7099 28.4253 79.6241 67.864 49.5196 76.0066 17.2627 58.7963 17.2627 81.0062 82.2987 
29.2746 48.2876 11.0454 33.4215 57.8777 60.407 6.7082 57.6352 67.6676 76.9797 52.0384 20.3961 13.0 37.855 29.4279 36.2215 55.4872 41.1461 8.06226 76.243 17.4642 0.0 38.833 69.8181 49.0408 62.3963 89.5087 61.6575 49.5508 9.21954 5.65685 61.4003 79.0063 57.8705 73.8253 52.0096 61.3572 8.24621 34.9285 31.1448 18.0278 81.3563 59.5399 36.4451 59.0762 19.105 45.804 34.7131 79.0759 65.6727 
9.84886 34.231 39.1152 38.1244 35.8931 53.871 37.6962 48.4585 59.3148 41.0366 22.3681 44.0454 50.0899 64.3506 9.48683 44.0454 31.2785 49.5065 37.1618 37.6962 48.8774 38.833 0.0 41.027 46.4876 40.9089 53.2635 30.6905 32.7279 48.0521 42.19 56.3575 41.5933 68.593 39.9625 45.8594 41.9371 39.3954 52.8761 35.3553 21.1896 57.3204 21.0 10.8167 65.437 33.3017 14.1421 61.5549 51.3542 35.4709 
55.4942 22.2145 61.6299 85.0418 12.4859 24.6982 78.6878 8.0 22.8035 28.1603 57.6751 88.0873 74.1453 108.893 54.518 37.855 71.9947 96.2376 78.535 38.833 91.1623 69.8181 41.027 0.0 87.2037 76.6312 38.0526 10.4031 73.4441 76.2124 68.4057 28.3019 57.4913 52.6308 18.1108 86.5756 82.2691 80.7135 50.01 82.0469 62.9148 84.5888 40.943 44.7632 46.4866 78.1344 28.9901 105.885 72.1679 7.61577 
40.032 74.4486 57.3149 17.72 82.0699 94.0887 43.0116 88.6761 99.5325 75.1096 32.7582 35.7351 61.6117 46.3897 41.0116 77.8661 19.105 20.8806 41.6173 63.6033 44.2719 49.0408 46.4876 87.2037 0.0 18.4391 84.1937 76.8672 13.8924 55.2268 54.6717 96.5752 52.0096 101.385 80.4652 3.16228 16.1245 42.72 79.6971 18.7883 38.0798 36.0555 46.6966 53.3722 101.549 30.2324 60.6297 45.0999 41.1096 81.6477 
41.4787 73.5369 70.2485 35.0143 71.934 93.1769 57.0113 87.7644 98.6207 64.1327 25.318 52.469 75.301 64.7765 42.1767 82.4219 9.84886 39.2938 55.7136 51.8652 60.8276 62.3963 40.9089 76.6312 18.4391 0.0 72.7324 66.5218 13.6015 69.6419 67.9114 95.6634 36.2353 107.172 69.4917 15.8114 2.82843 57.2451 90.4434 35.2278 48.778 18.9737 35.723 50.6009 104.348 44.9222 55.0511 63.3877 22.8473 70.5024 
62.8013 48.5077 86.0687 90.3988 39.1152 60.8769 89.8888 46.0435 55.7136 12.53 54.2641 97.3088 98.5959 117.516 62.2013 75.2396 65.801 101.781 89.5879 20.8806 101.833 89.5087 53.2635 38.0526 84.1937 72.7324 0.0 33.541 70.4341 98.5373 92.8141 64.2884 41.0 90.2552 20.0 83.3648 75.2728 91.8096 87.367 87.6384 73.4983 75.1665 39.4462 53.2353 83.7437 86.5563 43.8292 114.769 60.0333 31.0161 
39.0524 15.0333 53.4514 68.7006 6.7082 35.0644 65.0437 17.6015 33.0689 22.0 47.5657 73.6012 65.9598 94.2607 38.2884 42.0 59.1027 80.1916 64.8909 30.4138 77.5182 61.6575 30.6905 10.4031 76.8672 66.5218 33.541 0.0 63.1076 68.0517 60.2451 38.6699 48.1041 62.5235 14.3178 76.239 68.8847 67.0694 54.037 66.0438 49.2707 74.4648 30.8707 28.0875 56.5547 63.1269 18.6535 91.3536 62.2656 5.38516 
33.2431 65.3559 62.0129 25.0 68.3102 84.9959 44.1658 79.5834 90.4397 61.35 18.9985 41.0122 62.4556 55.9732 33.9411 74.1863 7.07107 32.45 42.8683 49.8436 49.0408 49.5508 32.7279 73.4441 13.8924 13.6015 70.4341 63.1076 0.0 56.7966 55.0659 87.4824 39.4462 98.9364 66.7056 13.6015 13.4536 44.4377 82.2078 24.3311 40.5424 32.2025 32.937 42.4199 96.1125 32.3883 46.8701 54.1202 32.0156 67.888 
38.4708 54.6818 15.2643 38.4187 64.2719 65.7419 12.6491 63.9062 73.4302 86.0083 61.0 22.2036 7.61577 35.0143 38.6394 40.1622 63.6817 44.2041 13.9284 85.44 15.8114 9.21954 48.0521 76.2124 55.2268 69.6419 98.5373 68.0517 56.7966 0.0 7.81025 66.3099 88.0511 59.0085 82.3609 58.3095 68.542 12.53 36.0139 36.6197 27.1662 88.6021 68.7314 45.4737 61.2944 25.0599 54.8325 32.0624 87.4757 72.0669 
33.0 46.8752 7.61577 39.0512 56.4653 58.1808 12.2066 56.1119 65.7647 79.2591 56.3205 25.2982 8.06226 41.1947 33.0151 32.9848 60.5454 46.5296 13.6015 79.0759 21.0 5.65685 42.19 68.4057 54.6717 67.9114 92.8141 60.2451 55.0659 7.81025 0.0 58.8727 83.0542 53.3385 74.5542 57.6281 66.8724 13.4164 30.2655 36.7967 22.2036 86.8714 63.1269 38.7245 55.0091 24.7588 48.0833 38.1182 83.9345 64.2602 
56.6851 29.9425 51.264 87.4772 40.7526 3.60555 66.6723 21.9317 10.4403 55.9464 86.3785 80.5872 61.2944 99.2018 55.6851 26.4197 86.033 98.8579 67.5963 67.1193 78.848 61.4003 56.3575 28.3019 96.5752 95.6634 64.2884 38.6699 87.4824 66.3099 58.8727 0.0 85.758 27.074 45.31 99.3049 96.3074 68.7761 35.3553 84.5401 63.7145 113.292 69.7773 45.5629 20.0 75.693 57.2568 96.0469 101.358 35.8469 
50.0899 59.2482 80.6226 64.0832 54.4518 82.1526 76.3217 64.6896 80.1561 36.6879 27.1662 77.8845 91.0879 95.0983 50.1597 82.7647 33.0151 71.8679 75.4255 21.8403 84.9294 79.0063 41.5933 57.4913 52.0096 36.2353 41.0 48.1041 39.4462 88.0511 83.0542 85.758 0.0 105.764 45.618 50.3289 39.0512 77.5242 93.0484 63.1204 61.0 34.3657 21.1896 49.6488 100.929 67.6831 44.2945 93.1354 19.105 50.6063 
68.0517 46.5296 46.8722 88.6225 64.6063 30.0 64.3273 44.9222 37.3363 80.7775 88.6131 78.2624 52.0384 94.0213 67.0517 25.2389 97.4598 98.0816 65.5134 90.3186 74.2428 57.8705 68.593 52.6308 101.385 107.172 90.2552 62.5235 98.9364 59.0085 53.3385 27.074 105.764 0.0 70.6116 104.114 108.146 66.0984 23.0868 85.8525 63.926 123.565 85.1678 58.0 7.28011 74.6324 62.1062 91.0494 115.404 60.1664 
48.4339 28.8617 67.7605 78.0749 19.2354 41.7852 74.4252 26.0768 37.7359 10.8167 50.5356 82.9827 80.2689 103.642 47.67 55.343 62.0725 89.457 74.2725 24.4131 86.7186 73.8253 39.9625 18.1108 80.4652 69.4917 20.0 14.3178 66.7056 82.3609 74.5542 45.31 45.618 70.6116 0.0 79.837 71.8546 76.451 67.4853 75.2928 58.2999 76.4853 34.0 37.469 64.2884 72.5084 28.0351 100.735 62.6418 11.0454 
42.7617 78.4873 60.1082 20.8806 81.4417 96.8184 46.0435 92.7148 103.571 74.4814 32.13 38.8973 64.6375 49.2544 43.7413 80.5958 17.8045 23.5372 44.6542 62.7743 47.4342 52.0096 45.8594 86.5756 3.16228 15.8114 83.3648 76.239 13.6015 58.3095 57.6281 99.3049 50.3289 104.114 79.837 0.0 13.3417 45.793 82.4268 21.9317 40.8095 33.0151 46.0684 55.5513 104.279 33.2866 60.0015 48.0416 38.6264 81.0195 
42.4523 74.1809 68.972 33.1361 77.1353 93.821 55.9464 88.4084 99.2647 66.499 27.074 50.8035 74.262 62.514 43.1503 83.3956 11.1803 36.8782 54.626 54.4243 59.2284 61.3572 41.9371 82.2691 16.1245 2.82843 75.2728 68.8847 13.4536 68.542 66.8724 96.3074 39.0512 108.146 71.8546 13.3417 0.0 56.0803 91.417 33.541 49.7516 20.3961 38.086 51.6291 105.322 43.6578 55.6951 61.2046 25.4951 72.8653 
29.5466 55.6252 19.2354 26.1725 68.7565 67.7448 2.23607 64.9728 75.0051 79.3221 50.3587 12.1655 19.105 30.6757 29.9666 44.0454 51.2078 33.121 2.23607 77.0779 10.8167 8.24621 39.3954 80.7135 42.72 57.2451 91.8096 67.0694 44.4377 12.53 13.4164 68.7761 77.5242 66.0984 76.451 45.793 56.0803 0.0 43.1741 24.2074 18.3576 76.2168 59.203 39.0708 67.1863 12.53 48.4149 27.5136 75.6637 71.8499 
49.8537 39.0128 24.0416 66.6408 48.2597 36.2353 41.4849 42.2019 44.8219 76.0263 72.6209 55.3173 29.2746 71.0 51.0595 12.1655 80.7132 75.6108 42.72 81.9309 51.1566 34.9285 52.8761 50.01 79.6971 90.4434 87.367 54.037 82.2078 36.0139 30.2655 35.3553 93.0484 23.0868 67.4853 82.4268 91.417 43.1741 0.0 63.9531 42.2385 107.34 71.8679 43.4626 25.4951 52.3927 49.4773 68.0074 101.607 56.5684 
28.1603 62.4135 40.4969 3.0 70.0899 82.0536 24.7588 76.641 87.4973 75.699 38.9109 17.2627 43.2782 32.2025 29.1204 62.334 31.4006 14.3178 23.3452 70.6216 25.7099 31.1448 35.3553 82.0469 18.7883 35.2278 87.6384 66.0438 24.3311 36.6197 36.7967 84.5401 63.1204 85.8525 75.2928 21.9317 33.541 24.2074 63.9531 0.0 24.1868 53.9351 52.0311 41.4849 86.0169 12.0416 48.8467 30.0832 56.2228 70.8243 
11.4018 41.5879 21.4709 27.1662 50.9578 61.228 16.5529 55.8154 66.6717 61.0328 34.1321 25.2389 30.2655 46.0435 11.7047 40.4075 39.1282 38.0 16.1245 58.8727 28.4253 18.0278 21.1896 62.9148 38.0798 48.778 73.4983 49.2707 40.5424 27.1662 22.2036 63.7145 61.0 63.926 58.2999 40.8095 49.7516 18.3576 42.2385 24.1868 0.0 65.6914 41.5933 21.2603 64.0904 15.8114 30.4138 43.0116 61.9839 54.0511 
58.258 84.2577 87.1619 53.4603 79.8916 109.687 75.9713 92.2239 107.691 69.2604 38.0132 71.1969 94.261 82.0975 58.8982 98.8154 26.6271 56.1427 74.6737 55.0091 79.6241 81.3563 57.3204 84.5888 36.0555 18.9737 75.1665 74.4648 32.2025 88.6021 86.8714 113.292 34.3657 123.565 76.4853 33.0151 20.3961 76.2168 107.34 53.9351 65.6914 0.0 43.6578 67.0124 120.705 63.8905 66.099 81.0062 15.2971 78.4347 
30.2655 40.7428 60.075 54.7915 36.3593 66.1719 57.7235 48.7089 63.6087 29.4109 16.7669 62.202 71.0634 81.985 30.1496 61.7171 28.3039 65.2933 57.0088 19.799 67.864 59.5399 21.0 40.943 46.6966 35.723 39.4462 30.8707 32.937 68.7314 63.1269 69.7773 21.1896 85.1678 34.0 46.0684 38.086 59.203 71.8679 52.0311 41.5933 43.6578 0.0 28.4605 81.6935 51.3887 23.6008 79.3096 31.6228 34.7851 
13.3417 23.4364 33.8744 44.3847 32.8062 43.0764 37.0451 37.6639 48.5202 40.7063 32.0601 46.4004 46.2188 67.2012 12.3693 33.8378 40.9705 55.7853 36.8923 41.3038 49.5196 36.4451 10.8167 44.7632 53.3722 50.6009 53.2353 28.0875 42.4199 45.4737 38.7245 45.5629 49.6488 58.0 37.469 55.5513 51.6291 39.0708 43.4626 41.4849 21.2603 67.0124 28.4605 0.0 54.6717 36.3593 9.43398 64.2028 57.9605 32.868 
65.2178 41.6963 48.0416 88.7869 58.6375 23.0868 65.2763 39.0 30.1496 74.6324 96.5774 79.3095 54.7449 96.1301 64.2178 24.0416 94.6631 98.3364 66.3702 85.0047 76.0066 59.0762 65.437 46.4866 101.549 104.348 83.7437 56.5547 96.1125 61.2944 55.0091 20.0 100.929 7.28011 64.2884 104.279 105.322 67.1863 25.4951 86.0169 64.0904 120.705 81.6935 54.6717 0.0 74.826 58.6319 93.086 111.93 54.0833 
24.0832 56.8076 28.6531 14.4222 66.1774 74.6616 12.8062 71.0351 81.8914 74.3303 40.8044 10.8167 31.4006 31.1448 24.8395 51.1432 39.2046 23.5372 11.4018 69.9793 17.2627 19.105 33.3017 78.1344 30.2324 44.9222 86.5563 63.1269 32.3883 25.0599 24.7588 75.693 67.6831 74.6324 72.5084 33.2866 43.6578 12.53 52.3927 12.0416 15.8114 63.8905 51.3887 36.3593 74.826 0.0 45.0 28.2843 64.1281 67.9073 
21.095 28.2223 42.6109 51.6236 23.8562 53.6514 46.4004 36.1884 51.6558 31.305 39.1853 55.3173 55.138 76.0592 20.2485 38.6948 45.4206 63.0117 46.2277 33.0 58.7963 45.804 14.1421 28.9901 60.6297 55.0511 43.8292 18.6535 46.8701 54.8325 48.0833 57.2568 44.2945 62.1062 28.0351 60.0015 55.6951 48.4149 49.4773 48.8467 30.4138 66.099 23.6008 9.43398 58.6319 45.0 0.0 73.1095 54.538 23.434 
52.345 84.5585 45.3982 29.1204 93.9284 95.0185 29.7321 92.2464 102.279 102.591 67.1822 17.8045 39.3192 3.16228 53.0754 70.859 61.131 25.1794 29.1548 97.9001 17.2627 34.7131 61.5549 105.885 45.0999 63.3877 114.769 91.3536 54.1202 32.0624 38.1182 96.0469 93.1354 91.0494 100.735 48.0416 61.2046 27.5136 68.0074 30.0832 43.0116 81.0062 79.3096 64.2028 93.086 28.2843 73.1095 0.0 85.5102 97.0217 
52.8015 72.3233 83.2166 56.5685 67.9559 97.7524 74.9667 80.2895 94.8336 54.7449 29.6816 73.0274 91.9239 87.0976 53.2275 91.7275 25.0 61.9839 73.8241 40.1995 81.0062 79.0759 51.3542 72.1679 41.1096 22.8473 60.0333 62.2656 32.0156 87.4757 83.9345 101.358 19.105 115.404 62.6418 38.6264 25.4951 75.6637 101.607 56.2228 61.9839 15.2971 31.6228 57.9605 111.93 64.1281 54.538 85.5102 0.0 65.7419 
43.8329 18.0475 57.4665 73.4811 8.31883 32.249 69.8242 15.2971 29.6985 20.6155 51.5463 79.2236 69.9714 100.03 43.0689 44.4261 63.0833 84.9721 69.6714 31.4006 82.2987 65.6727 35.4709 7.61577 81.6477 70.5024 31.0161 5.38516 67.888 72.0669 64.2602 35.8469 50.6063 60.1664 11.0454 81.0195 72.8653 71.8499 56.5684 70.8243 54.0511 78.4347 34.7851 32.868 54.0833 67.9073 23.434 97.0217 65.7419 0.0 
DEMAND_SCENARIO_SECTION
0 0 0 0 0 0 0 0 0 0 0 0 0 0 0 0 0 0 0 0 0 0 0 0 0 0 0 0 0 0 0 0 0 0 0 0 0 0 0 0 0 0 0 0 0 0 0 0 0 0 0 0 0 0 0 0 0 0 0 0 0 0 0 0 0 0 0 0 0 0 0 0 0 0 0 0 0 0 0 0 0 0 0 0 0 0 0 0 0 0 0 0 0 0 0 0 0 0 0 0 0 0 0 0 0 0 0 0 0 0 0 0 0 0 0 0 0 0 0 0 0 0 0 0 0 0 0 0 0 0 0 0 0 0 0 0 0 0 0 0 0 0 0 0 0 0 0 0 0 0 0 0 0 0 0 0 0 0 0 0 0 0 0 0 0 0 0 0 0 0 0 0 0 0 0 0 0 0 0 0 0 0 0 0 0 0 0 0 0 0 0 0 0 0 0 0 0 0 0 0 
6 5 7 5 11 4 5 9 2 7 8 6 6 7 3 9 7 5 7 6 7 4 5 3 4 7 4 9 7 4 6 7 8 9 6 6 5 4 6 3 8 7 10 5 7 7 3 9 3 3 5 10 7 4 7 3 8 3 5 8 4 0 6 4 5 9 4 4 10 7 6 5 7 5 7 8 3 2 7 6 8 7 9 5 6 5 5 2 3 4 5 7 4 4 7 4 7 6 4 8 8 6 8 8 7 5 6 5 8 5 8 5 6 3 6 5 5 7 6 5 5 7 8 8 8 9 7 5 8 7 6 3 6 8 7 5 0 3 8 3 6 10 4 6 6 5 6 5 3 1 6 8 6 7 8 5 1 4 6 7 4 6 7 3 7 6 4 8 6 5 8 5 9 5 8 4 7 6 6 5 8 6 6 6 5 5 6 6 7 3 8 8 9 7 5 5 8 6 5 9 
13 5 10 10 9 10 12 13 13 8 11 9 16 8 4 8 11 10 10 14 10 13 11 11 8 10 10 10 14 12 9 11 10 12 4 7 8 9 8 14 9 8 13 7 5 8 15 13 10 6 9 16 11 7 14 7 12 14 14 15 11 8 10 10 9 7 10 11 8 13 16 11 10 10 11 6 6 12 7 12 13 6 10 9 11 12 22 11 6 10 11 11 11 11 4 6 8 11 10 11 13 9 5 11 9 7 12 8 10 15 9 6 13 8 10 13 7 9 5 5 7 15 12 12 14 10 16 7 10 5 9 11 8 7 11 7 7 11 9 12 9 9 12 8 12 14 15 13 5 9 16 16 7 9 8 7 11 4 11 11 12 10 13 3 10 8 10 12 6 8 9 8 9 9 12 12 9 9 11 11 18 8 12 18 9 7 16 6 5 8 7 14 11 10 11 6 11 2 3 7 
11 5 5 9 10 15 8 11 11 11 0 12 12 9 2 9 13 12 11 9 9 7 6 9 16 8 16 13 7 15 16 10 10 15 8 3 11 11 5 9 13 7 9 6 18 0 10 9 8 8 12 13 6 14 8 13 10 9 11 9 8 5 13 9 9 4 11 13 15 10 10 3 8 9 5 9 8 7 13 16 10 10 10 11 15 10 8 7 12 13 16 8 14 13 13 13 10 11 6 8 7 12 12 11 14 11 9 16 15 9 10 12 8 6 12 3 10 10 8 9 10 10 10 10 2 14 8 10 10 7 12 7 15 10 10 5 12 12 14 12 6 10 6 10 9 9 12 12 16 10 10 18 9 5 13 9 10 13 9 9 11 15 10 7 11 4 7 11 10 8 11 15 16 4 10 3 10 11 11 5 12 13 13 9 13 13 12 6 10 14 9 15 6 7 16 15 8 7 11 13 
7 4 2 3 5 3 4 5 4 5 5 5 3 4 5 5 3 3 4 5 4 6 5 2 5 5 5 2 3 3 4 5 2 6 5 2 1 4 5 4 6 6 5 4 5 4 5 3 4 4 4 4 3 3 3 5 4 4 5 4 5 5 3 3 5 3 5 5 2 3 4 4 6 3 5 3 4 6 3 3 3 8 3 5 4 3 4 4 5 5 2 7 5 4 7 4 5 4 3 5 3 1 4 4 3 2 6 4 5 4 4 4 2 6 3 0 5 4 2 3 4 2 5 5 6 5 4 4 3 4 2 5 5 4 5 1 5 2 5 4 7 3 2 3 4 3 3 3 4 5 7 4 3 3 5 5 6 4 1 7 7 5 5 5 3 4 8 5 3 6 5 4 5 5 4 4 2 4 7 5 4 6 3 5 3 3 2 6 4 4 4 7 3 5 6 5 5 3 3 6 
4 3 3 1 4 5 3 3 3 3 2 3 1 4 4 2 3 3 2 1 2 2 3 3 4 3 4 2 2 2 4 4 3 3 3 4 3 2 1 3 3 2 2 2 2 4 2 5 4 2 5 3 3 2 3 3 5 3 2 2 3 3 4 2 3 5 2 5 5 1 3 3 5 3 5 3 4 4 2 2 2 5 4 2 4 4 3 3 2 2 4 3 3 1 4 2 2 2 5 1 3 3 4 3 3 2 3 4 2 4 5 4 2 2 3 3 4 3 4 4 3 3 3 3 4 5 3 2 3 5 3 4 5 4 2 2 3 2 4 3 3 3 3 2 5 4 2 2 3 4 2 2 3 2 4 3 5 2 2 4 4 3 5 3 4 2 2 3 3 3 2 3 5 2 2 4 4 4 4 3 4 2 3 5 4 4 1 3 3 4 3 2 5 3 5 3 4 2 5 1 
4 11 12 10 7 17 9 5 11 11 9 14 7 14 8 8 15 12 15 9 12 9 7 12 9 14 8 7 4 9 8 10 12 7 6 16 9 11 14 10 7 9 8 13 8 7 13 9 8 11 8 11 10 14 12 15 7 6 12 7 11 17 12 7 11 16 10 9 14 13 14 12 1 16 11 7 10 11 7 13 9 6 15 10 10 13 9 14 6 9 6 13 8 13 10 13 6 10 9 8 15 3 10 13 5 4 13 9 9 7 7 15 11 12 6 10 15 6 8 14 13 5 10 6 10 14 9 7 2 12 7 15 10 10 9 17 10 6 11 15 6 8 12 10 12 10 10 15 8 11 5 11 8 13 10 8 6 10 5 8 10 13 15 6 6 10 4 9 10 17 12 8 11 9 12 9 12 5 13 8 9 15 8 8 8 15 10 7 10 11 9 7 11 14 5 10 11 10 11 14 
2 3 2 4 5 3 2 4 4 4 3 4 3 2 2 4 3 4 3 3 4 5 2 5 3 3 2 3 4 4 2 4 5 1 2 4 3 1 2 3 4 4 2 4 3 4 1 3 5 2 2 5 2 4 3 2 3 2 4 4 4 2 3 4 3 3 3 3 1 2 2 3 1 6 3 3 3 4 4 4 2 3 3 2 3 3 2 4 2 2 2 4 2 3 4 2 3 3 4 1 2 4 3 2 2 3 2 3 2 2 3 3 4 4 4 3 2 3 4 4 2 2 3 2 3 3 2 3 3 2 3 4 2 4 4 1 4 4 2 4 3 2 3 5 4 4 3 1 1 4 2 3 4 2 1 2 3 3 3 0 2 3 4 1 2 2 3 2 1 3 2 4 3 3 2 3 3 4 5 2 2 3 3 2 3 5 3 2 3 3 1 4 4 4 2 2 5 4 4 2 
6 8 3 6 9 17 9 8 6 13 14 7 8 12 10 11 9 15 12 6 12 6 11 12 7 14 6 9 10 9 9 14 10 16 13 10 10 17 8 12 10 10 1 8 12 10 13 5 3 7 7 11 10 11 13 5 6 7 8 10 12 11 10 8 13 7 8 2 11 10 5 4 7 10 19 12 10 8 10 9 8 11 13 14 9 11 14 6 17 3 10 11 9 13 10 7 8 11 8 9 10 10 16 7 14 15 9 8 11 12 8 4 9 9 10 18 9 12 15 10 5 11 6 13 8 9 7 10 12 3 17 9 8 6 12 8 10 12 16 9 13 12 10 13 5 11 11 11 9 9 12 8 19 13 10 17 12 12 6 8 11 14 12 18 7 11 12 19 12 4 8 8 10 12 4 10 5 6 4 11 7 12 12 4 5 6 5 15 9 10 14 14 11 7 8 4 9 9 8 9 
2 1 1 2 0 0 0 1 1 1 2 1 1 1 1 1 1 1 1 1 1 1 1 1 1 1 1 1 1 1 1 1 1 0 1 1 0 1 1 1 1 1 1 1 2 1 1 1 1 1 1 1 1 1 1 1 1 1 1 1 1 1 1 1 1 1 0 1 1 1 1 1 1 1 1 1 1 0 1 1 1 1 1 1 1 1 0 1 1 1 1 1 1 1 1 1 1 1 1 1 1 1 1 2 1 2 1 1 1 1 1 1 2 1 1 1 1 1 1 1 1 1 1 1 0 1 1 1 0 0 1 1 0 1 1 1 1 1 1 1 1 1 1 1 1 2 2 1 1 1 0 1 0 1 1 1 1 1 1 2 0 1 1 1 1 1 1 1 1 1 1 1 1 1 1 1 0 2 1 1 1 1 1 1 1 1 1 1 1 1 1 0 1 1 1 1 1 1 1 1 
7 7 8 6 8 12 13 7 4 5 3 7 8 7 6 8 10 9 10 8 8 4 5 6 9 4 9 8 4 7 6 8 6 9 7 7 6 12 9 5 8 7 4 8 5 8 10 7 6 7 4 9 9 6 9 9 5 8 9 8 7 8 9 7 6 7 13 7 4 6 7 11 7 10 6 5 6 6 9 10 7 9 5 7 8 6 13 6 11 6 6 8 8 7 7 3 6 11 8 6 8 10 8 4 6 5 8 7 3 7 5 7 11 4 9 11 3 7 8 12 6 8 5 7 5 7 8 6 8 4 9 7 6 8 9 8 2 11 5 8 5 8 4 8 8 7 12 4 9 3 6 8 8 7 7 5 7 5 8 3 9 6 4 11 6 7 8 5 8 6 6 6 10 1 8 8 12 13 4 7 9 6 2 7 10 7 5 5 11 11 5 8 7 8 7 6 4 8 8 3 
7 7 5 9 5 5 9 8 11 5 9 3 7 5 7 9 10 7 7 3 8 5 4 7 6 7 6 7 6 6 2 10 5 9 4 11 7 10 4 9 11 9 3 10 4 3 5 6 5 9 8 3 6 9 12 3 9 4 7 3 3 7 3 8 9 7 3 5 6 4 8 8 6 7 7 8 4 8 3 9 10 10 6 9 9 10 8 5 8 8 7 8 7 11 6 7 11 7 5 5 7 8 8 9 6 7 3 7 9 8 9 4 8 3 6 6 8 5 10 6 5 6 12 4 9 5 6 6 10 8 8 7 11 9 5 5 6 5 8 7 5 5 7 8 6 5 7 6 5 10 5 11 12 3 11 5 3 6 7 2 8 8 10 7 10 11 7 6 6 8 3 6 6 15 5 4 7 11 3 9 10 6 2 10 3 6 6 8 6 5 9 8 7 6 5 6 5 8 6 10 
1 1 1 1 1 1 1 1 1 1 1 1 1 1 1 1 1 1 1 1 1 1 1 1 1 1 0 1 1 1 1 1 1 1 1 1 1 1 1 1 1 1 1 1 2 1 1 1 1 1 1 1 2 1 2 0 1 0 0 1 1 2 0 0 1 1 1 1 1 1 2 1 1 1 1 1 1 1 1 1 1 1 1 1 1 2 1 1 1 1 1 2 1 1 1 1 1 2 1 1 1 1 1 0 1 1 1 1 1 1 1 1 1 1 1 0 1 1 1 1 1 1 1 1 0 1 1 1 1 2 1 1 1 1 0 2 1 1 0 1 1 1 1 1 1 0 1 1 1 0 0 1 0 1 0 1 1 1 1 1 2 1 1 0 1 1 1 1 1 0 1 2 1 2 0 1 1 1 1 1 1 1 1 1 1 1 1 1 1 1 1 1 1 1 1 1 2 1 1 1 
10 6 7 9 9 10 1 10 8 8 8 9 6 17 4 12 9 12 14 11 4 8 9 4 11 11 8 8 12 12 10 11 8 7 10 8 12 8 5 9 10 16 11 7 9 8 7 11 7 7 11 11 6 12 3 13 9 8 11 4 9 9 8 7 14 12 12 8 7 5 10 14 9 7 11 7 9 8 6 13 13 10 12 10 12 10 6 11 9 8 10 7 13 6 5 8 9 4 13 8 5 10 9 7 11 7 8 13 11 3 9 6 9 11 9 8 7 4 10 9 10 6 11 8 10 11 12 10 5 8 10 11 11 10 5 4 7 12 12 11 12 9 5 8 6 10 7 6 7 10 8 9 6 4 10 9 9 4 8 8 11 9 7 10 9 11 9 12 9 11 13 11 10 6 6 11 9 9 13 12 8 11 14 3 2 8 5 15 9 5 12 10 7 8 10 3 10 5 13 8 
8 7 10 7 4 6 3 10 5 5 6 7 8 8 5 8 7 4 4 2 5 7 4 3 3 6 7 7 4 5 8 5 7 8 7 5 3 4 7 6 4 5 6 7 10 3 3 8 4 6 4 7 5 6 5 9 8 10 7 5 3 10 9 5 3 7 5 6 4 7 2 6 1 6 9 5 8 8 1 5 4 8 6 8 7 8 2 5 2 4 6 9 7 8 7 7 5 6 8 1 7 8 9 9 7 10 10 5 9 5 8 7 6 3 6 5 5 4 3 6 10 10 5 4 6 7 7 5 9 6 7 9 6 9 8 4 3 4 10 9 4 5 8 5 5 3 6 9 4 5 6 6 4 4 5 9 5 6 7 9 7 6 7 3 8 5 2 6 6 8 4 6 3 6 4 5 4 7 6 5 7 6 7 6 6 3 2 4 4 7 7 8 8 6 7 6 7 5 5 5 
3 3 3 3 2 2 2 2 2 2 3 2 2 2 2 1 2 3 2 2 2 2 3 2 2 2 2 1 2 1 2 2 2 1 2 3 3 2 2 3 2 1 1 2 3 2 2 1 1 2 4 2 2 2 2 1 2 2 2 2 2 1 2 2 2 2 1 2 2 3 2 1 1 3 2 2 2 3 3 2 2 1 1 2 2 2 3 2 2 2 2 2 1 0 1 2 3 3 2 2 2 2 1 3 1 2 2 2 2 1 2 2 3 2 3 1 3 2 2 2 3 2 3 3 3 3 3 1 2 3 1 2 2 3 3 2 0 3 2 2 2 3 3 2 1 2 2 3 3 2 2 2 1 1 1 2 2 2 1 2 2 1 2 4 2 2 2 1 3 2 2 2 3 2 1 3 2 2 2 3 2 2 2 2 1 2 1 1 1 1 2 3 1 3 2 3 3 2 1 2 
2 2 2 3 2 3 1 1 3 2 3 2 2 2 2 2 3 3 1 2 2 2 2 2 2 2 2 2 1 2 2 2 2 2 2 3 2 3 1 3 3 2 3 2 1 2 3 3 2 2 2 2 2 2 2 2 1 2 1 1 1 2 2 3 1 1 2 2 2 3 3 2 2 3 2 2 4 1 3 2 2 1 1 1 2 2 3 1 3 1 2 1 3 1 1 2 2 1 2 2 2 1 2 3 2 2 2 2 2 0 3 2 2 1 3 1 3 2 1 2 2 1 2 1 2 2 2 2 2 1 1 1 3 2 3 3 2 1 2 1 1 3 3 2 2 2 2 2 1 2 2 2 2 2 2 2 3 2 2 1 2 2 2 3 2 1 1 3 3 2 2 3 1 1 3 2 3 3 2 2 3 2 2 2 4 3 2 4 2 2 1 3 2 2 1 2 1 1 2 3 
7 9 4 5 10 9 4 5 7 8 7 8 10 6 5 2 6 9 5 8 9 5 5 4 6 7 8 6 11 6 7 6 4 5 7 6 7 2 6 7 6 6 4 6 10 4 10 5 8 5 5 8 8 6 6 6 6 6 8 7 4 5 5 2 9 4 3 5 2 7 7 7 7 4 7 3 3 3 4 8 7 5 5 9 6 3 5 4 7 8 5 3 5 6 6 7 3 8 8 5 5 9 8 9 7 5 8 4 7 6 6 6 6 3 4 7 1 6 6 0 5 8 8 3 6 7 5 4 9 4 4 3 6 6 4 5 5 4 8 6 4 10 6 10 8 7 8 4 6 4 7 7 6 10 6 6 4 4 2 8 7 7 5 7 1 8 9 6 8 6 10 5 2 3 5 3 5 9 8 3 5 5 7 6 8 12 3 8 1 3 4 5 7 4 7 5 6 9 7 5 
5 4 3 5 4 3 5 5 5 3 4 3 4 4 4 4 4 5 5 4 5 4 1 7 3 5 4 5 5 4 4 3 6 4 4 3 5 3 6 5 4 2 5 5 3 5 4 3 8 3 3 4 5 5 4 4 4 4 6 3 1 5 4 1 5 3 2 6 4 1 5 5 4 6 6 2 3 2 5 4 2 4 4 3 5 5 3 4 7 3 3 2 3 3 5 2 5 4 5 5 4 5 4 3 2 2 4 5 4 5 7 5 5 4 7 4 5 4 4 4 3 1 5 5 5 3 3 5 5 5 5 2 4 1 6 6 8 3 2 4 3 6 4 3 4 3 4 2 5 2 3 5 2 6 3 4 5 4 3 5 4 4 3 4 4 5 6 4 5 5 4 2 3 4 3 3 5 3 3 6 6 4 6 4 6 5 2 5 6 5 4 3 2 5 4 4 4 4 4 3 
0 1 1 1 1 1 1 1 1 1 1 1 2 1 0 1 1 1 1 1 1 1 1 1 1 1 1 1 1 1 1 1 1 1 1 1 1 1 1 1 1 0 2 1 1 1 1 0 1 1 1 1 1 1 1 1 1 1 1 1 1 1 0 1 1 1 1 1 1 1 1 1 1 1 1 1 1 1 1 2 1 1 1 1 1 1 1 1 1 1 1 2 1 1 2 0 1 1 1 1 0 1 1 1 1 1 1 1 1 1 1 1 1 1 2 0 1 1 1 1 1 1 1 1 1 1 1 1 1 1 2 2 1 1 1 1 1 1 1 1 1 1 1 1 1 1 1 1 1 1 1 1 1 0 1 1 1 2 1 1 1 1 1 1 1 1 1 0 1 1 1 1 1 1 1 1 2 1 1 2 1 1 1 1 1 1 1 1 1 2 0 1 1 1 1 1 1 1 1 1 
4 3 1 4 2 1 2 4 4 2 5 4 3 2 3 2 4 4 1 4 3 5 2 3 4 3 2 1 3 2 2 2 1 3 3 3 1 3 2 4 1 3 2 2 4 2 2 3 2 2 2 5 5 2 4 1 4 3 2 3 2 3 3 2 2 4 3 4 4 3 4 3 4 2 3 3 4 3 3 1 3 1 2 2 3 2 2 2 4 4 4 2 2 2 1 4 4 3 4 4 3 3 4 3 2 3 2 5 2 1 3 3 3 4 4 5 3 2 3 3 4 2 4 3 4 2 2 3 2 5 2 0 3 2 3 5 3 3 4 3 2 4 3 3 4 4 4 4 5 3 4 3 4 3 3 3 2 2 4 2 4 2 3 2 2 3 2 3 4 4 4 3 2 2 3 3 4 1 2 3 2 3 3 4 2 1 4 3 4 3 4 5 4 4 4 4 3 3 3 2 
3 12 10 9 6 10 10 5 2 7 7 12 8 7 6 7 9 11 9 14 10 11 8 8 12 10 2 8 5 11 9 7 14 7 11 6 11 7 10 7 9 10 6 4 12 5 6 15 6 9 8 3 13 5 8 10 13 8 7 5 5 12 12 8 10 9 11 10 7 12 9 8 8 4 10 7 10 7 8 9 8 8 6 8 12 6 12 9 6 12 8 11 10 13 7 12 13 13 5 8 12 11 10 6 12 9 7 5 13 11 11 6 9 14 9 5 8 13 8 9 12 7 14 5 8 6 12 7 10 11 8 6 12 8 10 6 8 10 15 4 7 7 11 13 7 9 8 5 13 6 16 9 11 13 4 9 9 11 8 9 10 14 5 11 12 16 3 9 7 5 10 8 7 12 3 8 12 3 7 11 11 9 16 13 8 6 7 11 13 11 9 10 13 6 9 10 14 4 7 9 
1 5 3 1 3 4 1 5 3 2 3 2 2 2 4 5 2 3 3 3 2 5 2 2 3 3 4 2 2 4 4 0 4 2 3 1 3 3 2 2 4 1 3 3 3 4 2 1 2 4 3 3 2 2 3 3 5 3 2 3 3 2 1 2 2 3 3 5 4 4 4 4 3 3 3 4 2 3 4 3 2 4 3 1 4 4 3 2 4 3 4 5 3 4 3 2 3 4 3 4 3 3 3 4 3 4 6 3 4 5 2 4 2 3 4 3 5 3 4 3 3 3 2 2 3 5 1 3 2 2 5 5 4 3 3 3 4 2 4 5 3 3 3 3 4 4 3 4 5 5 2 5 2 2 3 3 3 3 4 1 4 3 5 2 4 5 5 1 3 4 3 4 2 2 3 2 5 4 6 4 3 3 3 3 3 1 2 3 4 2 3 3 2 4 5 3 3 5 3 5 
12 6 11 6 8 13 7 5 11 8 14 8 15 5 6 6 13 11 8 4 9 11 9 8 3 9 8 7 10 6 8 12 5 8 2 12 5 9 8 7 14 6 11 5 13 8 7 13 14 4 9 9 5 3 5 7 10 6 8 9 6 7 14 11 9 7 8 10 8 0 7 16 10 8 9 13 11 15 12 7 7 7 8 8 11 16 8 12 12 8 12 3 12 11 14 12 7 3 12 13 10 10 14 12 13 11 15 9 8 7 9 10 8 9 15 13 14 7 4 8 8 6 9 5 11 8 13 5 6 11 4 2 10 7 14 7 2 16 7 3 8 5 15 5 8 5 8 12 8 5 4 9 10 7 14 5 9 12 8 10 8 8 11 9 9 4 9 10 5 7 7 8 10 7 7 11 9 4 8 13 16 8 7 11 7 9 3 7 4 7 9 8 8 5 15 11 12 9 5 14 
13 9 19 13 9 13 10 12 8 11 6 7 4 15 5 7 11 15 12 11 17 10 7 15 9 6 14 12 10 6 11 15 8 13 9 10 7 5 10 6 10 10 6 9 10 14 13 5 10 15 6 8 12 11 5 5 9 12 11 7 8 11 16 10 9 9 3 10 11 11 14 11 11 13 11 13 15 8 10 8 7 11 17 14 6 14 10 7 13 6 9 10 10 9 7 5 10 8 17 15 7 13 11 12 12 9 11 12 11 12 17 12 9 5 7 8 10 15 5 11 8 10 8 11 14 9 12 9 10 4 7 9 10 11 13 8 12 4 13 12 11 10 5 10 13 6 10 11 8 7 7 12 12 12 11 8 11 6 6 8 8 15 12 7 13 10 12 8 14 8 6 8 7 8 7 5 2 13 13 7 7 7 11 11 8 12 9 11 12 7 14 11 10 12 13 7 14 12 13 10 
2 2 3 1 2 2 2 1 3 2 1 3 2 1 3 2 1 2 1 2 2 3 1 2 2 1 2 2 2 2 1 2 2 2 2 1 2 2 1 2 2 2 3 1 3 1 2 3 1 2 2 2 2 2 2 1 1 1 1 2 2 3 2 2 1 2 2 2 2 3 2 0 2 3 2 2 2 2 1 1 2 2 2 2 3 3 2 1 2 2 3 1 3 2 3 2 2 1 1 2 2 2 1 2 2 2 3 3 2 2 3 1 3 4 3 2 3 1 3 2 2 2 2 1 1 2 2 1 2 3 2 2 2 2 3 1 4 2 3 3 2 2 1 2 3 3 3 3 2 1 2 2 2 2 1 1 3 2 2 2 2 1 1 2 2 3 3 2 2 2 3 0 0 2 2 2 2 2 3 2 2 3 1 2 2 2 1 2 3 3 1 2 2 3 0 2 1 2 2 1 
4 3 4 3 3 3 3 5 4 2 3 2 3 4 2 4 2 4 2 5 3 3 4 4 3 3 2 2 5 4 2 2 4 4 3 4 3 2 3 3 4 3 3 1 4 3 2 2 3 4 3 2 5 3 0 3 3 4 3 3 4 3 3 4 4 5 3 4 3 2 3 4 5 2 1 2 4 4 4 3 2 3 3 2 4 3 2 2 4 3 3 4 3 5 4 4 2 4 3 3 4 3 4 3 2 2 2 1 2 3 3 1 3 4 1 4 3 2 2 3 2 2 4 3 2 2 4 3 2 2 3 3 4 3 2 5 4 4 3 4 4 3 4 2 3 3 5 4 4 3 1 2 3 3 1 4 4 4 4 4 3 3 3 3 4 4 2 1 2 4 4 3 0 4 4 4 2 2 3 5 3 3 4 1 3 2 3 4 3 2 4 2 4 3 2 3 3 3 1 2 
9 8 7 9 11 4 5 6 7 7 8 6 8 9 8 7 7 5 8 5 5 8 6 5 5 6 5 7 9 5 5 3 6 8 3 4 9 12 7 9 8 6 6 10 2 7 7 6 9 9 8 5 5 8 6 2 5 5 7 3 6 8 3 10 7 11 8 7 7 9 4 8 6 4 3 6 7 5 9 11 6 7 8 5 7 7 8 5 8 8 6 8 4 12 7 6 3 9 11 7 8 7 6 5 8 3 9 11 3 4 8 7 6 9 9 7 9 4 4 3 8 8 8 5 5 4 3 11 10 8 8 5 7 9 14 7 5 5 10 6 10 8 10 4 7 8 8 9 8 8 3 12 5 5 8 4 8 7 5 5 5 9 7 10 5 6 7 5 8 8 6 9 12 8 8 4 8 8 7 8 6 4 7 9 7 3 10 8 6 7 7 5 5 8 6 6 8 7 9 2 
6 11 4 8 4 6 3 7 8 8 5 4 7 1 6 4 8 10 9 7 6 6 5 5 6 4 8 10 4 5 8 5 0 10 2 4 8 8 5 6 9 2 4 8 6 8 3 5 8 9 6 5 6 5 11 5 5 7 7 8 6 6 9 8 5 4 3 6 3 3 10 9 5 3 4 5 1 4 3 2 4 7 9 8 7 10 9 4 5 9 7 6 9 4 6 9 7 6 6 8 7 5 8 6 7 6 5 4 7 8 8 7 5 1 9 10 4 4 2 8 8 10 3 8 8 5 7 5 10 7 8 5 10 4 9 8 6 5 3 6 4 5 8 1 7 6 7 9 7 6 4 4 6 5 0 8 7 7 3 4 6 6 8 8 6 4 1 6 4 9 9 5 4 5 5 4 6 4 9 2 8 5 4 6 4 4 7 6 5 3 4 10 8 6 5 3 8 8 3 7 
2 1 1 1 1 1 1 0 1 1 1 1 1 1 1 1 1 1 1 1 1 1 1 1 1 1 1 1 1 1 1 1 1 0 2 1 1 0 1 1 2 1 1 1 1 1 1 1 1 1 1 1 1 1 1 1 2 1 1 1 1 2 1 1 1 1 1 1 1 1 1 1 1 1 2 1 1 1 1 1 1 1 1 1 1 1 1 1 1 1 1 1 0 1 1 1 1 1 1 1 0 1 1 1 1 1 1 1 1 1 1 1 1 1 0 2 1 1 1 1 1 1 1 1 1 1 1 1 2 1 2 1 1 1 1 0 1 1 1 1 1 2 1 1 1 1 1 1 1 1 1 1 1 1 1 1 1 1 1 1 1 0 1 1 1 1 0 1 0 1 1 1 2 1 0 1 1 1 1 2 1 1 1 1 1 0 1 1 0 1 1 1 1 1 1 1 2 1 1 1 
10 9 8 13 10 8 12 11 15 7 11 9 11 5 10 5 11 6 7 8 10 11 5 9 6 9 7 8 6 7 3 8 11 13 4 12 11 8 0 13 17 12 14 12 15 15 9 11 8 8 12 9 9 8 14 11 7 14 7 7 4 10 13 8 4 11 9 5 11 9 5 6 14 6 6 12 10 9 10 7 7 5 8 6 7 11 5 6 4 6 5 15 7 8 8 8 7 5 10 14 10 10 7 6 4 10 11 4 6 13 6 2 9 8 7 10 11 9 10 6 5 8 7 10 7 5 5 6 7 11 1 11 4 7 9 6 6 9 6 13 5 5 10 8 12 13 10 12 10 12 7 11 10 6 9 12 12 8 8 13 9 9 7 13 6 7 10 3 10 10 10 15 10 7 5 7 5 13 11 12 0 7 11 10 14 9 8 8 13 4 10 9 10 6 12 10 10 12 5 8 
6 10 7 4 10 11 9 7 9 9 9 5 9 7 10 8 9 8 8 14 8 6 10 10 11 3 7 4 4 8 9 9 5 5 7 4 6 3 11 10 12 8 7 9 11 6 7 9 7 3 11 0 8 10 10 12 10 11 2 10 9 6 10 5 6 9 6 7 7 7 4 10 5 11 10 15 10 7 9 10 8 10 7 5 7 10 7 5 3 14 7 6 9 6 11 5 13 8 10 7 13 12 5 11 5 8 5 11 9 9 7 11 12 10 11 10 5 8 9 6 12 7 5 10 5 11 1 0 12 4 9 6 8 12 7 1 6 12 13 6 7 7 7 9 3 8 10 10 9 6 7 7 5 8 9 10 10 13 8 10 7 5 6 6 8 11 6 5 9 13 6 5 8 6 8 8 8 11 10 8 9 6 10 7 5 13 9 8 7 11 6 8 9 14 8 7 0 7 7 8 
11 10 16 10 8 12 9 4 3 12 6 12 9 2 7 10 4 13 10 2 15 10 9 8 9 6 10 6 15 8 7 8 12 3 13 8 11 12 9 8 8 8 8 8 8 12 10 8 16 10 3 10 15 12 8 9 5 9 9 7 12 13 8 16 11 15 6 10 10 8 7 9 5 11 13 15 4 12 9 14 12 6 7 12 13 12 16 9 10 13 16 11 8 10 10 8 10 12 7 14 8 8 15 10 15 7 11 8 6 9 5 12 10 7 12 6 18 11 13 7 16 7 10 15 8 12 9 13 15 9 15 12 11 10 7 11 15 14 8 11 6 10 16 9 12 13 11 10 9 14 11 13 17 17 10 12 11 13 10 5 12 9 9 16 12 4 9 3 7 4 10 7 10 16 12 9 10 16 7 11 15 7 8 7 10 8 14 3 10 13 12 11 11 9 13 15 6 15 11 11 
15 13 9 6 10 9 13 9 10 9 9 1 13 4 14 13 7 9 11 6 6 10 11 6 11 6 8 5 8 10 7 12 8 5 11 9 15 7 8 11 15 9 14 12 12 1 12 10 9 14 12 8 9 7 13 9 8 6 8 12 14 15 10 11 8 16 12 12 8 10 4 9 13 11 6 4 7 10 6 12 7 10 15 9 11 10 9 6 12 9 13 11 11 5 10 12 5 13 7 11 3 10 12 10 10 9 15 14 8 11 15 12 12 9 7 8 6 10 16 6 11 10 16 12 8 13 18 9 8 13 8 11 4 4 8 13 9 12 14 13 7 9 13 15 17 6 9 10 11 5 5 7 7 9 10 8 13 9 13 11 14 13 8 6 14 18 7 12 11 8 13 13 8 11 11 12 6 13 13 8 3 8 12 10 10 2 6 12 14 7 14 9 9 6 11 16 8 15 7 5 
6 7 4 9 6 7 6 7 14 2 6 3 6 5 9 6 7 8 10 6 9 8 6 9 8 7 5 7 8 4 7 9 6 5 10 10 10 9 7 8 6 8 2 7 6 8 13 5 7 6 7 9 4 7 8 8 7 12 7 7 5 8 7 7 5 9 9 5 12 7 7 6 5 4 4 6 8 2 8 7 6 9 6 8 7 6 7 10 7 4 8 7 3 9 1 6 9 2 2 11 6 8 5 8 5 8 7 8 3 10 4 9 8 9 5 9 5 8 10 8 6 7 8 4 7 6 6 8 8 10 7 10 10 7 8 4 4 7 4 7 7 7 10 9 8 7 5 9 2 9 7 6 4 8 7 9 5 9 11 10 7 9 4 3 8 4 5 5 9 5 9 10 9 8 10 3 9 6 1 6 8 6 9 9 6 3 3 5 11 6 11 9 7 6 10 6 7 4 8 4 
8 2 7 6 11 8 5 2 6 5 5 6 7 7 5 5 5 4 7 5 3 8 8 6 8 8 6 2 8 6 10 8 3 5 5 5 7 7 5 3 7 6 4 6 7 10 2 8 6 10 2 6 9 7 3 10 3 8 6 7 7 5 1 5 4 6 8 6 4 7 6 10 5 7 10 7 6 7 4 6 7 5 5 3 10 5 7 3 5 7 7 4 9 8 6 7 8 7 5 7 7 4 8 3 5 9 11 7 7 7 5 6 8 3 6 6 6 9 8 6 4 6 4 7 7 11 5 7 6 4 4 5 3 5 5 8 7 8 4 4 6 8 5 6 5 6 4 8 6 6 7 10 6 8 7 5 4 5 3 6 4 7 4 8 10 8 7 3 3 5 4 8 1 9 7 9 7 6 7 3 6 7 4 7 9 7 3 8 6 8 6 7 8 3 6 6 3 6 5 10 
4 3 2 3 3 3 4 4 2 1 3 4 4 2 4 3 4 3 3 3 2 5 3 3 4 5 4 3 1 3 2 2 2 3 4 2 4 3 4 2 2 2 4 1 2 1 1 1 2 2 4 4 3 4 2 3 3 3 4 2 3 3 3 3 3 2 2 3 2 5 2 4 4 2 5 1 4 3 4 5 5 4 3 3 4 4 2 4 2 5 3 3 1 2 1 5 4 4 2 3 3 2 3 1 2 4 3 2 1 2 4 3 2 2 3 3 3 2 5 3 4 3 4 4 3 2 3 1 3 4 3 4 2 3 1 2 3 4 3 3 3 2 3 3 4 4 1 1 2 3 4 4 3 3 1 3 4 3 3 3 4 4 2 5 5 3 3 3 5 3 3 2 5 4 3 3 3 2 6 3 2 4 1 1 5 3 3 5 4 4 4 3 4 3 2 1 4 3 4 4 
10 6 6 3 10 10 7 6 5 4 8 3 4 9 7 9 9 8 6 8 7 9 8 9 11 6 11 10 7 4 6 7 7 7 7 6 3 10 9 6 7 13 8 13 7 7 6 7 9 7 8 9 7 8 8 7 4 5 7 8 9 6 5 6 8 10 7 7 7 3 9 6 9 6 11 5 3 3 8 6 4 8 6 7 5 8 4 9 6 9 4 9 10 11 8 5 7 6 6 6 10 8 9 6 10 6 8 5 8 6 10 3 6 6 8 9 7 9 7 9 6 6 8 5 7 8 6 7 8 5 6 4 11 10 6 6 6 4 7 7 5 5 6 3 11 7 9 7 5 3 11 11 12 3 6 5 8 8 7 10 5 9 8 7 7 3 5 11 12 5 8 5 11 6 10 10 8 8 6 6 3 6 3 5 7 9 1 8 7 7 10 10 6 6 6 6 3 7 2 6 
3 3 3 1 3 2 6 5 3 4 3 2 3 2 2 4 4 2 1 3 2 4 2 2 3 3 3 2 4 3 1 5 4 2 2 3 4 1 3 4 2 4 4 4 4 5 3 3 3 2 4 3 2 4 4 2 3 4 4 4 2 2 2 3 3 2 2 4 3 3 3 3 3 4 3 2 5 3 3 5 4 2 3 4 2 1 2 3 1 1 3 3 3 4 4 3 2 2 2 4 3 2 4 3 2 3 1 4 4 3 1 2 3 3 2 2 2 3 3 4 3 4 2 4 2 3 2 3 3 3 5 1 3 3 2 3 3 2 2 1 4 3 4 4 4 3 5 3 2 3 3 5 2 4 4 3 3 3 3 1 4 2 3 3 4 4 2 7 4 4 2 3 4 2 2 4 3 3 4 3 4 2 4 2 5 3 3 3 3 4 3 3 4 4 2 4 5 4 1 2 
1 1 1 1 1 1 2 1 1 0 1 1 1 1 2 1 1 1 1 1 1 1 0 1 1 1 1 1 0 1 1 1 1 1 1 1 1 1 1 1 1 1 1 1 1 1 1 1 1 1 1 1 1 1 1 2 0 1 0 1 1 0 1 1 1 1 0 1 1 1 1 1 0 1 0 1 1 1 1 1 1 0 1 1 1 1 1 1 1 1 1 1 2 2 1 1 2 1 2 1 1 1 1 1 1 1 1 1 1 1 1 0 1 1 1 1 1 1 1 1 1 1 1 1 1 1 0 1 1 1 1 1 1 1 1 1 1 1 1 1 1 1 1 1 1 1 0 1 1 2 1 1 2 1 1 1 1 1 1 1 1 1 1 2 1 1 2 0 1 0 1 1 1 1 1 1 1 1 1 1 1 2 2 1 1 2 1 1 2 1 1 1 1 1 1 1 1 1 1 1 
2 3 3 2 2 4 1 2 2 0 3 3 2 1 1 2 3 2 2 1 2 2 1 2 2 2 2 1 2 1 2 2 1 2 2 2 2 1 3 2 2 2 1 2 1 2 2 2 2 1 2 2 3 3 2 2 2 4 2 3 2 2 3 2 3 3 2 1 1 1 2 1 2 2 3 2 2 1 2 2 3 2 3 2 2 3 1 1 1 2 3 3 3 4 2 3 1 2 2 2 1 3 1 3 3 2 1 2 1 2 3 2 2 2 2 1 3 1 2 2 0 2 2 4 2 2 3 2 4 1 1 3 1 2 2 2 3 1 1 2 2 2 3 2 2 2 3 1 1 1 2 2 1 2 2 1 1 2 3 2 3 1 1 2 1 2 2 2 1 1 2 2 3 1 4 2 2 3 2 2 1 3 1 2 2 2 2 1 2 2 4 3 3 2 2 2 2 1 2 1 
9 11 11 10 15 6 15 17 9 10 10 5 11 10 11 17 13 8 13 6 14 14 8 10 17 8 13 13 7 3 7 7 10 10 14 8 7 10 10 7 7 8 4 8 17 8 7 10 10 12 9 12 16 5 11 11 9 13 6 6 13 4 12 8 8 11 3 11 7 8 9 11 5 10 13 15 8 9 19 11 11 7 12 11 10 13 18 8 5 8 11 9 9 3 9 15 10 1 8 14 11 14 16 8 6 5 11 14 11 11 11 8 8 15 15 12 11 13 11 7 6 7 5 11 7 12 10 9 12 9 7 14 18 9 7 7 16 13 13 4 16 9 12 10 7 11 7 13 11 14 9 8 13 19 3 14 12 10 8 11 10 12 13 13 15 4 9 9 14 6 7 13 6 12 12 10 8 9 10 9 9 10 10 12 8 14 8 10 11 12 13 14 8 2 8 7 9 14 9 11 
1 2 1 1 1 1 2 0 1 1 1 1 1 1 1 1 1 1 1 1 1 0 2 1 1 1 1 1 1 1 0 2 1 1 1 1 1 1 1 1 1 1 1 1 1 1 1 1 1 1 1 1 1 1 1 1 1 1 1 1 1 1 1 1 1 1 1 1 2 1 1 1 1 1 1 0 1 1 1 0 1 1 1 1 1 1 1 1 1 1 1 1 0 1 1 1 1 1 1 0 1 1 1 0 1 0 2 1 1 1 1 1 1 1 1 1 1 1 1 1 1 1 1 1 1 2 1 1 1 1 1 1 1 1 1 1 0 0 1 0 1 1 1 1 2 1 1 1 1 1 1 1 1 1 1 1 1 0 1 1 2 0 1 2 1 1 1 1 1 1 1 1 1 0 1 1 1 1 1 2 1 1 1 1 1 1 1 1 1 2 1 1 0 1 2 1 0 0 1 1 
