NAME  : Jabali_50_4_0.85_1_0
TYPE : SVRP
MODEL : FINITE_SUPPORT
NUMBER_OF_SCENARIOS : 200
DIMENSION : 50
EDGE_WEIGHT_TYPE : MATRIX
CAPACITY : 88
N_VEHICLES : 4
NODE_COORD_SECTION
1 3452 3368
2 4785 1125
3 5661 2330
4 6151 6452
5 6116 6995
6 2771 2409
7 7083 4101
8 5576 7087
9 241 2806
10 5005 1144
11 7162 3730
12 1225 7935
13 356 1079
14 4737 7173
15 2741 1063
16 3906 18
17 2897 4712
18 528 3444
19 6448 3567
20 4933 5072
21 6404 5295
22 2510 118
23 2046 5788
24 5453 4924
25 4277 6429
26 5014 2643
27 5130 2405
28 3078 502
29 2506 6934
30 4734 7463
31 27 1209
32 4455 1058
33 1055 1372
34 3795 2198
35 3166 634
36 501 3943
37 4006 5488
38 1486 7679
39 1088 2813
40 3902 4096
41 6573 6656
42 2056 6768
43 7173 3020
44 7896 4824
45 4708 3948
46 739 2817
47 1810 5349
48 3119 3425
49 7232 5881
50 866 6273
DEMAND_SECTION
1 0.0
2 10.0
3 10.0
4 9.0
5 5.0
6 6.0
7 3.0
8 5.0
9 5.0
10 5.0
11 2.0
12 3.0
13 9.0
14 6.0
15 1.0
16 1.0
17 3.0
18 6.0
19 10.0
20 9.0
21 7.0
22 5.0
23 9.0
24 6.0
25 5.0
26 2.0
27 7.0
28 8.0
29 10.0
30 8.0
31 4.0
32 4.0
33 6.0
34 10.0
35 7.0
36 8.0
37 6.0
38 2.0
39 6.0
40 7.0
41 9.0
42 9.0
43 5.0
44 10.0
45 7.0
46 1.0
47 6.0
48 4.0
49 4.0
50 10.0
DEVIATION_SECTION
1 0.0
2 3.33333
3 3.33333
4 3.0
5 1.66667
6 2.0
7 1.0
8 1.66667
9 1.66667
10 1.66667
11 0.666667
12 1.0
13 3.0
14 2.0
15 0.333333
16 0.333333
17 1.0
18 2.0
19 3.33333
20 3.0
21 2.33333
22 1.66667
23 3.0
24 2.0
25 1.66667
26 0.666667
27 2.33333
28 2.66667
29 3.33333
30 2.66667
31 1.33333
32 1.33333
33 2.0
34 3.33333
35 2.33333
36 2.66667
37 2.0
38 0.666667
39 2.0
40 2.33333
41 3.0
42 3.0
43 1.66667
44 3.33333
45 2.33333
46 0.333333
47 2.0
48 1.33333
49 1.33333
50 3.33333
DISTANCE_MATRIX
0.0 37.0115 32.3883 56.3166 60.5319 15.6734 51.2446 57.7209 44.3847 36.8014 50.8744 69.527 51.7397 54.5962 33.8444 50.6504 21.9317 40.7922 41.5059 30.6719 50.2567 45.9401 38.8973 36.0711 44.1588 23.1948 25.4951 48.0253 50.7882 57.7209 54.4518 38.8348 42.0119 20.7679 49.4285 42.0476 32.6296 65.2993 34.0147 12.1701 61.7794 50.6194 50.9902 67.4863 22.2038 38.0789 35.805 4.0 63.6396 54.0833 
37.0115 0.0 19.6977 73.0068 79.1012 31.3209 50.5668 79.0473 65.2769 2.23607 47.8853 104.957 60.1664 79.6755 26.4764 18.3576 56.4405 65.7576 39.9249 51.4876 59.4138 32.2025 74.7768 50.2404 71.5835 20.025 18.0278 22.3607 86.2062 82.8182 64.0312 4.12311 50.9902 22.0227 23.7065 69.2604 62.0175 100.725 55.8385 46.2752 77.0584 86.0373 42.0119 65.307 39.2362 59.6947 69.9992 40.1921 71.5891 87.6095 
32.3883 19.6977 0.0 55.7315 62.1691 39.0512 30.8707 62.9365 73.9797 18.0278 28.3019 97.5317 75.0544 64.4127 41.3193 38.0132 49.5398 72.0625 20.2485 36.3593 41.0122 50.2494 68.7147 34.176 55.2444 9.21954 7.0 39.598 76.7309 67.5352 78.4361 22.4722 65.2137 25.318 41.0122 74.0608 45.6943 93.347 63.6406 40.2131 59.2115 78.7456 23.4307 45.618 24.2195 67.7423 66.4191 36.3456 52.469 84.7629 
56.3166 73.0068 55.7315 0.0 6.7082 70.8768 34.8281 11.1803 94.3419 72.0625 39.2046 68.0661 105.791 21.095 89.0478 89.8093 57.6993 86.6506 39.3954 26.0 16.1245 98.6915 56.3462 23.1948 26.4008 53.0 55.0364 87.8898 49.4975 22.561 108.121 74.1448 96.4061 69.7257 89.2931 83.6076 33.9411 65.0 84.7834 46.0977 5.65685 54.9181 48.2597 32.2025 41.9762 88.4383 60.4837 56.8243 16.2788 70.8802 
60.5319 79.1012 62.1691 6.7082 0.0 75.0921 41.4005 7.07107 97.1253 78.2304 45.8039 65.0692 110.007 18.4391 93.235 95.901 60.2432 89.1944 46.0977 30.8058 22.8254 104.783 56.179 29.0 27.0185 59.0762 61.2046 93.9816 47.8017 19.0263 112.336 80.2366 100.621 75.8175 95.3849 85.8301 36.6271 62.2896 89.8771 50.5964 7.28011 53.4509 54.9181 37.7359 47.3814 92.4301 61.1784 61.0428 21.0238 70.0071 
15.6734 31.3209 39.0512 70.8768 75.0921 0.0 65.579 71.8617 35.1283 32.9848 65.2088 77.5242 37.5366 68.7369 18.5248 38.6117 34.1321 34.5254 55.8256 45.2321 64.8169 30.6205 46.5296 50.6313 58.2995 31.6184 32.2861 26.3161 60.407 71.8617 40.6079 28.0917 27.5862 13.9284 26.3161 37.9473 46.7703 73.4302 25.0 26.7303 76.3396 59.5063 61.3168 79.3882 47.5956 29.0172 41.8808 14.1421 78.1998 58.7963 
51.2446 50.5668 30.8707 34.8281 41.4005 65.579 0.0 45.2548 95.3508 48.8467 4.47214 94.8683 101.694 51.8652 70.898 68.8767 54.0833 90.4883 10.8167 32.1403 19.105 80.2124 73.1095 25.318 48.7032 34.0588 34.4093 69.4107 73.7631 54.4059 104.475 53.2353 91.9294 51.8644 70.8139 90.5207 46.0977 91.0934 85.1426 43.6578 35.8469 77.9815 13.9284 14.7648 34.0147 89.2352 74.027 56.319 24.7386 90.2718 
57.7209 79.0473 62.9365 11.1803 7.07107 71.8617 45.2548 0.0 92.9705 78.1854 49.5177 58.0345 107.196 11.4018 90.2237 95.8399 56.0883 85.0396 48.5489 29.0 26.1725 102.319 49.6771 28.8617 21.2603 59.0306 61.1882 93.9204 40.8044 12.0 111.595 80.1754 97.8104 75.7563 95.3237 80.9953 32.4722 55.2268 85.7222 47.867 14.0357 46.4866 58.258 43.382 46.0109 88.2753 54.6765 58.2319 27.2029 63.1585 
44.3847 65.2769 73.9797 94.3419 97.1253 35.1283 95.3508 92.9705 0.0 67.2003 95.1848 70.1142 23.0868 83.2014 40.5216 60.1664 48.9183 9.05539 85.8163 69.0312 89.4036 46.3249 45.8803 75.213 78.3085 65.6474 67.1522 47.7598 61.8466 84.5428 22.2036 61.4003 21.9317 48.6621 47.1699 15.0333 61.7075 67.0075 10.4403 51.7466 99.8085 57.8705 94.921 107.063 61.7804 6.32456 39.8497 40.7185 102.452 47.1699 
36.8014 2.23607 18.0278 72.0625 78.2304 32.9848 48.8467 78.1854 67.2003 0.0 46.0652 104.747 62.3618 78.8136 28.6356 20.2485 56.2304 67.4685 38.2753 50.6257 58.2151 34.4093 74.5667 49.366 69.415 19.2354 17.0294 24.5967 85.9961 81.9563 66.2193 6.32456 53.1507 23.0217 25.9422 70.8802 61.8074 100.515 57.5638 46.0651 76.0066 85.8272 40.0 63.561 38.3743 61.42 72.1227 41.5094 70.214 88.9269 
50.8744 47.8853 28.3019 39.2046 45.8039 65.2088 4.47214 49.5177 95.1848 46.0652 0.0 98.0816 100.601 55.8032 68.9767 66.242 56.0089 91.2624 9.43398 34.7131 23.3452 78.2432 75.4255 28.1603 52.0 32.5576 32.5576 67.4759 76.8782 58.4123 103.578 50.774 90.606 50.3755 68.884 91.444 48.5077 94.247 84.7724 44.3847 40.3113 81.0995 9.48683 17.72 34.4819 88.8651 76.0263 54.7255 29.1204 92.6553 
69.527 104.957 97.5317 68.0661 65.0692 77.5242 94.8683 58.0345 70.1142 104.747 98.0816 0.0 92.6553 47.0106 92.2705 114.159 50.5828 61.2046 92.9345 64.802 77.8781 104.278 31.0644 70.0413 46.1736 92.5317 94.6972 100.062 21.4709 46.0435 92.2659 102.343 88.0738 84.2766 100.062 55.0818 51.9002 4.24264 68.4471 67.2188 72.0069 19.105 104.488 98.4784 75.1638 68.7314 35.7771 67.0075 84.214 23.0 
51.7397 60.1664 75.0544 105.791 110.007 37.5366 101.694 107.196 23.0868 62.3618 100.601 92.6553 0.0 103.173 33.8378 49.0 64.0781 31.5753 91.391 80.2122 99.7984 32.1403 66.2722 85.6127 95.726 68.0478 68.6893 38.4708 82.3893 104.515 4.0 56.0446 10.0 50.8589 37.3363 37.855 82.1045 89.3588 25.1794 61.7117 111.258 79.0569 97.7463 115.503 83.7101 24.0208 60.208 49.2037 113.181 69.8713 
54.5962 79.6755 64.4127 21.095 18.4391 68.7369 51.8652 11.4018 83.2014 78.8136 55.8032 47.0106 103.173 0.0 87.099 97.1737 48.8738 74.6161 53.0377 28.2312 33.121 99.1947 39.0512 30.8058 13.3417 59.6588 61.8244 94.5487 29.4109 3.16228 104.38 81.2484 95.5564 76.3846 95.9519 70.3787 28.2483 44.0454 78.5077 44.7423 25.0799 35.1141 63.7809 52.4976 44.643 81.0608 44.0599 55.1072 37.3363 51.8941 
33.8444 26.4764 41.3193 89.0478 93.235 18.5248 70.898 90.2237 40.5216 28.6356 68.9767 92.2705 33.8378 87.099 0.0 20.2485 51.3262 42.9418 60.0904 63.4032 76.4604 14.0 61.6426 68.8023 76.6616 37.1239 36.4896 7.81025 76.3137 90.2237 37.6431 22.3607 24.5153 31.5622 7.81025 47.7074 65.1324 88.2812 32.2025 44.9013 94.5106 74.8826 64.75 85.5642 65.7666 35.4683 56.5022 32.1943 89.4017 72.3465 
50.6504 18.3576 38.0132 89.8093 95.901 38.6117 68.8767 95.8399 60.1664 20.2485 66.242 114.159 49.0 97.1737 20.2485 0.0 72.6321 63.1348 58.1808 68.2802 76.6877 17.2627 83.0968 67.033 87.7751 36.8782 35.4401 12.53 96.2808 100.316 53.0 15.8114 41.4367 32.0647 13.0 67.9559 78.2092 110.004 52.3546 62.4668 93.8604 95.7602 60.2163 83.6301 56.0288 55.4617 78.9262 49.1191 89.2861 92.4334 
21.9317 56.4405 49.5398 57.6993 60.2432 34.1321 54.0833 56.0883 48.9183 56.2304 56.0089 50.5828 64.0781 48.8738 51.3262 72.6321 0.0 41.7732 48.3735 38.4761 58.3514 63.4219 20.5922 30.349 41.4264 41.2643 43.9 59.1175 31.832 50.2152 65.7419 56.7068 55.6597 39.4602 59.1175 39.6611 24.8253 46.3506 40.4969 17.6918 63.3483 31.6631 59.8415 78.6739 25.4951 43.6005 20.025 20.6155 69.8037 37.4731 
40.7922 65.7576 72.0625 86.6506 89.1944 34.5254 90.4883 85.0396 9.05539 67.4685 91.2624 61.2046 31.5753 74.6161 42.9418 63.1348 41.7732 0.0 82.2253 63.0371 83.5287 50.9902 37.0 69.4622 70.3776 63.1981 65.0692 50.6063 52.8867 75.9574 31.0644 62.5284 28.6531 47.0106 50.2494 6.32456 53.7766 58.0345 10.8167 46.8842 92.2995 48.8365 91.7824 101.98 56.9179 8.60233 31.0161 36.8782 96.4579 38.3275 
41.5059 39.9249 20.2485 39.3954 46.0977 55.8256 10.8167 48.5489 85.8163 38.2753 9.43398 92.9345 91.391 53.0377 60.0904 58.1808 48.3735 82.2253 0.0 28.6356 23.4094 69.4046 68.2672 23.0217 47.1699 23.3452 23.6008 58.6031 71.7262 55.9017 94.3682 42.4853 81.396 41.1655 60.0064 82.5841 41.7612 89.0949 75.4039 35.5106 41.7612 74.7679 11.7047 25.5539 25.4951 79.4965 68.3593 45.3569 33.0 85.5298 
30.6719 51.4876 36.3593 26.0 30.8058 45.2321 32.1403 29.0 69.0312 50.6257 34.7131 64.802 80.2122 28.2312 63.4032 68.2802 38.4761 63.0371 28.6356 0.0 20.5913 77.1625 41.0122 7.07107 19.105 31.4709 33.6364 66.3607 43.5937 31.3847 82.6196 53.0605 70.7708 48.1967 67.764 61.9397 14.0 60.9625 59.4643 20.1246 31.305 46.4013 40.3113 40.2616 17.0294 63.1269 42.2966 31.2166 33.4215 58.1378 
50.2567 59.4138 41.0122 16.1245 22.8254 64.8169 19.105 26.1725 89.4036 58.2151 23.3452 77.8781 99.7984 33.121 76.4604 76.6877 58.3514 83.5287 23.4094 20.5913 0.0 85.7748 59.6825 14.2127 32.1403 39.8121 41.4367 74.973 57.4282 35.5106 102.22 61.0 90.3556 56.809 76.3763 82.4314 33.5261 74.3303 79.6492 38.8973 18.4391 62.1289 32.2025 21.0 31.9061 83.4086 61.8466 50.8014 13.6015 76.2365 
45.9401 32.2025 50.2494 98.6915 104.783 30.6205 80.2124 102.319 46.3249 34.4093 78.2432 104.278 32.1403 99.1947 14.0 17.2627 63.4219 50.9902 69.4046 77.1625 85.7748 0.0 73.736 75.9153 88.7573 46.4383 45.8039 10.8167 88.4094 102.319 36.1248 28.4253 25.632 40.2413 9.43398 56.5685 77.2281 100.319 40.3113 56.997 102.861 86.9783 73.5391 94.8786 64.9111 42.638 68.542 44.29 98.716 83.863 
38.8973 74.7768 68.7147 56.3462 56.179 46.5296 73.1095 49.6771 45.8803 74.5667 75.4255 31.0644 66.2722 39.0512 61.6426 83.0968 20.5922 37.0 68.2672 41.0122 59.6825 73.736 0.0 48.0 30.0833 59.6006 62.2362 69.4339 16.1245 40.3113 66.7533 71.2812 60.0333 53.2143 69.4339 32.2025 27.0185 26.9258 41.1096 37.2156 61.5615 13.3417 79.8952 80.5047 45.7715 42.5793 6.08276 36.1248 70.1348 17.2627 
36.0711 50.2404 34.176 23.1948 29.0 50.6313 25.318 28.8617 75.213 49.366 28.1603 70.0413 85.6127 30.8058 68.8023 67.033 30.349 69.4622 23.0217 7.07107 14.2127 75.9153 48.0 0.0 24.1868 30.2237 32.3883 65.1136 48.833 33.8378 88.0339 51.3686 76.1699 46.9495 66.5169 68.4471 21.0238 66.2017 65.437 24.8395 27.8927 53.0495 34.4819 33.2415 18.9737 69.2026 49.366 36.6158 27.5862 65.0692 
44.1588 71.5835 55.2444 26.4008 27.0185 58.2995 48.7032 21.2603 78.3085 69.415 52.0 46.1736 95.726 13.3417 76.6616 87.7751 41.4264 70.3776 47.1699 19.105 32.1403 88.7573 30.0833 24.1868 0.0 50.2602 52.4257 85.15 25.318 16.1245 96.933 71.8498 88.109 66.986 86.5533 67.0133 17.8102 42.45 71.0603 34.3049 31.7648 30.0167 58.6686 53.0848 34.3809 73.6133 35.0828 44.6697 40.7922 44.911 
23.1948 20.025 9.21954 53.0 59.0762 31.6184 34.0588 59.0306 65.6474 19.2354 32.5576 92.5317 68.0478 59.6588 37.1239 36.8782 41.2643 63.1981 23.3452 31.4709 39.8121 46.4383 59.6006 30.2237 50.2602 0.0 2.82843 35.6366 71.7309 62.8015 71.2752 21.2132 58.0529 17.8224 37.0399 65.0077 40.6943 88.347 55.2101 31.099 57.1402 73.7456 29.9666 48.6004 19.2195 59.3326 57.305 27.1662 52.4976 75.6488 
25.4951 18.0278 7.0 55.0364 61.2046 32.2861 34.4093 61.1882 67.1522 17.0294 32.5576 94.6972 68.6893 61.8244 36.4896 35.4401 43.9 65.0692 23.6008 33.6364 41.4367 45.8039 62.2362 32.3883 52.4257 2.82843 0.0 35.0023 73.8965 64.967 71.9167 19.6469 58.6944 18.4901 36.4056 67.0671 42.8598 90.5126 56.8122 33.7347 59.0339 75.9111 29.1548 49.0918 21.3851 60.9139 59.9406 29.4279 53.8516 78.2844 
48.0253 22.3607 39.598 87.8898 93.9816 26.3161 69.4107 93.9204 47.7598 24.5967 67.4759 100.062 38.4708 94.5487 7.81025 12.53 59.1175 50.6063 58.6031 66.3607 74.973 10.8167 69.4339 65.1136 85.15 35.6366 35.0023 0.0 84.105 97.6913 42.4264 18.3576 30.0 29.4396 1.41421 55.4707 75.5841 96.0725 39.8246 59.8417 92.0597 82.6738 62.9682 84.0769 54.1094 42.9535 64.2935 39.9856 87.9143 80.1378 
50.7882 86.2062 76.7309 49.4975 47.8017 60.407 73.7631 40.8044 61.8466 85.9961 76.8782 21.4709 82.3893 29.4109 76.3137 96.2808 31.832 52.8867 71.7262 43.5937 57.4282 88.4094 16.1245 48.833 25.318 71.7309 73.8965 84.105 0.0 29.5466 82.8734 86.4725 76.0 66.3983 84.105 47.7598 31.0995 17.4642 57.2189 48.4679 54.1295 5.83095 83.28 78.3135 54.3631 58.6941 22.2036 48.4679 65.123 23.0217 
57.7209 82.8182 67.5352 22.561 19.0263 71.8617 54.4059 12.0 84.5428 81.9563 58.4123 46.0435 104.515 3.16228 90.2237 100.316 50.2152 75.9574 55.9017 31.3847 35.5106 102.319 40.3113 33.8378 16.1245 62.8015 64.967 97.6913 29.5466 0.0 105.722 84.3911 96.8978 79.5273 99.0946 71.72 31.3776 43.2897 79.8491 47.867 26.0192 35.3412 66.5282 54.4243 47.8017 80.5461 45.4012 58.2319 38.833 52.3546 
54.4518 64.0312 78.4361 108.121 112.336 40.6079 104.475 111.595 22.2036 66.2193 103.578 92.2659 4.0 104.38 37.6431 53.0 65.7419 31.0644 94.3682 82.6196 102.22 36.1248 66.7533 88.0339 96.933 71.2752 71.9167 42.4264 82.8734 105.722 0.0 59.9083 13.4164 54.0833 41.3038 37.2156 84.434 89.0898 25.9615 64.1329 113.588 79.3095 100.974 118.285 86.4919 24.1868 60.6712 51.7397 115.602 69.3542 
38.8348 4.12311 22.4722 74.1448 80.2366 28.0917 53.2353 80.1754 61.4003 6.32456 50.774 102.343 56.0446 81.2484 22.3607 15.8114 56.7068 62.5284 42.4853 53.0605 61.0 28.4253 71.2812 51.3686 71.8498 21.2132 19.6469 18.3576 86.4725 84.3911 59.9083 0.0 46.8722 19.8494 19.7231 66.0329 62.2839 98.1883 52.1058 46.5415 78.3147 86.3036 45.3431 68.0 40.8092 55.7606 67.1106 37.3035 73.4983 84.721 
42.0119 50.9902 65.2137 96.4061 100.621 27.5862 91.9294 97.8104 21.9317 53.1507 90.606 88.0738 10.0 95.5564 24.5153 41.4367 55.6597 28.6531 81.396 70.7708 90.3556 25.632 60.0333 76.1699 88.109 58.0529 58.6944 30.0 76.0 96.8978 13.4164 46.8722 0.0 40.864 29.0172 34.8855 72.7191 84.5281 19.6469 52.2689 101.873 73.171 87.7514 105.739 73.946 20.1246 54.0833 39.6611 103.738 65.8027 
20.7679 22.0227 25.318 69.7257 75.8175 13.9284 51.8644 75.7563 48.6621 23.0217 50.3755 84.2766 50.8589 76.3846 31.5622 32.0647 39.4602 47.0106 41.1655 48.1967 56.809 40.2413 53.2143 46.9495 66.986 17.8224 18.4901 29.4396 66.3983 79.5273 54.0833 19.8494 40.864 0.0 30.8429 49.4975 57.42 80.1214 38.3275 41.6777 73.8957 65.8777 47.5209 66.3688 35.9453 42.4264 49.0437 19.2366 69.7502 66.6541 
49.4285 23.7065 41.0122 89.2931 95.3849 26.3161 70.8139 95.3237 47.1699 25.9422 68.884 100.062 37.3363 95.9519 7.81025 13.0 59.1175 50.2494 60.0064 67.764 76.3763 9.43398 69.4339 66.5169 86.5533 37.0399 36.4056 1.41421 84.105 99.0946 41.3038 19.7231 29.0172 30.8429 0.0 55.2178 76.9874 96.0725 39.4462 61.245 93.463 82.6738 64.3817 85.4802 55.5126 42.4853 64.2935 39.9856 89.3176 80.1378 
42.0476 69.2604 74.0608 83.6076 85.8301 37.9473 90.5207 80.9953 15.0333 70.8802 91.444 55.0818 37.855 70.3787 47.7074 67.9559 39.6611 6.32456 82.5841 61.9397 82.4314 56.5685 32.2025 68.4471 67.0133 65.0077 67.0671 55.4707 47.7598 71.72 37.2156 66.0329 34.8855 49.4975 55.2178 0.0 50.7336 52.0 16.2788 47.0744 89.2566 43.4166 92.7793 101.39 57.1089 14.7648 26.4197 38.0526 95.3605 32.1403 
32.6296 62.0175 45.6943 33.9411 36.6271 46.7703 46.0977 32.4722 61.7075 61.8074 48.5077 51.9002 82.1045 28.2483 65.1324 78.2092 24.8253 53.7766 41.7612 14.0 33.5261 77.2281 27.0185 21.0238 17.8102 40.6943 42.8598 75.5841 31.0995 31.3776 84.434 62.2839 72.7191 57.42 76.9874 50.7336 0.0 47.7156 61.0963 22.7756 39.598 33.1141 53.4509 53.9351 23.3264 57.0123 28.4429 33.1405 45.1774 44.1814 
65.2993 100.725 93.347 65.0 62.2896 73.4302 91.0934 55.2268 67.0075 100.515 94.247 4.24264 89.3588 44.0454 88.2812 110.004 46.3506 58.0345 89.0949 60.9625 74.3303 100.319 26.9258 66.2017 42.45 88.347 90.5126 96.0725 17.4642 43.2897 89.0898 98.1883 84.5281 80.1214 96.0725 52.0 47.7156 0.0 64.9384 62.9866 69.1158 14.8661 100.649 95.0368 70.9792 65.3758 31.7805 62.8013 81.0555 20.2237 
34.0147 55.8385 63.6406 84.7834 89.8771 25.0 85.1426 85.7222 10.4403 57.5638 84.7724 68.4471 25.1794 78.5077 32.2025 52.3546 40.4969 10.8167 75.4039 59.4643 79.6492 40.3113 41.1096 65.437 71.0603 55.2101 56.8122 39.8246 57.2189 79.8491 25.9615 52.1058 19.6469 38.3275 39.4462 16.2788 61.0963 64.9384 0.0 41.7187 90.2499 54.0 84.4808 97.0349 51.7524 4.12311 35.0571 30.4138 92.8493 46.1736 
12.1701 46.2752 40.2131 46.0977 50.5964 26.7303 43.6578 47.867 51.7466 46.0651 44.3847 67.2188 61.7117 44.7423 44.9013 62.4668 17.6918 46.8842 35.5106 20.1246 38.8973 56.997 37.2156 24.8395 34.3049 31.099 33.7347 59.8417 48.4679 47.867 64.1329 46.5415 52.2689 41.6777 61.245 47.0744 22.7756 62.9866 41.7187 0.0 51.4296 48.299 46.0435 55.5698 10.0499 45.5959 35.4683 12.7148 52.4023 53.7122 
61.7794 77.0584 59.2115 5.65685 7.28011 76.3396 35.8469 14.0357 99.8085 76.0066 40.3113 72.0069 111.258 25.0799 94.5106 93.8604 63.3483 92.2995 41.7612 31.305 18.4391 102.861 61.5615 27.8927 31.7648 57.1402 59.0339 92.0597 54.1295 26.0192 113.588 78.3147 101.873 73.8957 93.463 89.2566 39.598 69.1158 90.2499 51.4296 0.0 59.6657 49.6488 30.8058 46.8402 93.9048 66.1327 62.3241 13.8924 75.8947 
50.6194 86.0373 78.7456 54.9181 53.4509 59.5063 77.9815 46.4866 57.8705 85.8272 81.0995 19.105 79.0569 35.1141 74.8826 95.7602 31.6631 48.8365 74.7679 46.4013 62.1289 86.9783 13.3417 53.0495 30.0167 73.7456 75.9111 82.6738 5.83095 35.3412 79.3095 86.3036 73.171 65.8777 82.6738 43.4166 33.1141 14.8661 54.0 48.299 59.6657 0.0 86.4712 83.0963 56.3777 55.1453 19.105 48.2597 70.3491 17.2047 
50.9902 42.0119 23.4307 48.2597 54.9181 61.3168 13.9284 58.258 94.921 40.0 9.48683 104.488 97.7463 63.7809 64.75 60.2163 59.8415 91.7824 11.7047 40.3113 32.2025 73.5391 79.8952 34.4819 58.6686 29.9666 29.1548 62.9682 83.28 66.5282 100.974 45.3431 87.7514 47.5209 64.3817 92.7793 53.4509 100.649 84.4808 46.0435 49.6488 86.4712 0.0 26.0768 36.0139 88.6002 79.7621 54.9181 38.6005 97.1578 
67.4863 65.307 45.618 32.2025 37.7359 79.3882 14.7648 43.382 107.063 63.561 17.72 98.4784 115.503 52.4976 85.5642 83.6301 78.6739 101.98 25.5539 40.2616 21.0 94.8786 80.5047 33.2415 53.0848 48.6004 49.0918 84.0769 78.3135 54.4243 118.285 68.0 105.739 66.3688 85.4802 101.39 53.9351 95.0368 97.0349 55.5698 30.8058 83.0963 26.0768 0.0 46.6154 100.912 82.3772 68.031 17.0294 97.1854 
22.2038 39.2362 24.2195 41.9762 47.3814 47.5956 34.0147 46.0109 61.7804 38.3743 34.4819 75.1638 83.7101 44.643 65.7666 56.0288 25.4951 56.9179 25.4951 17.0294 31.9061 64.9111 45.7715 18.9737 34.3809 19.2195 21.3851 54.1094 54.3631 47.8017 86.4919 40.8092 73.946 35.9453 55.5126 57.1089 23.3264 70.9792 51.7524 10.0499 46.8402 56.3777 36.0139 46.6154 0.0 55.6297 44.643 22.7485 45.4863 62.6259 
38.0789 59.6947 67.7423 88.4383 92.4301 29.0172 89.2352 88.2753 6.32456 61.42 88.8651 68.7314 24.0208 81.0608 35.4683 55.4617 43.6005 8.60233 79.4965 63.1269 83.4086 42.638 42.5793 69.2026 73.6133 59.3326 60.9139 42.9535 58.6941 80.5461 24.1868 55.7606 20.1246 42.4264 42.4853 14.7648 57.0123 65.3758 4.12311 45.5959 93.9048 55.1453 88.6002 100.912 55.6297 0.0 36.4966 34.4384 96.5401 46.0977 
35.805 69.9992 66.4191 60.4837 61.1784 41.8808 74.027 54.6765 39.8497 72.1227 76.0263 35.7771 60.208 44.0599 56.5022 78.9262 20.025 31.0161 68.3593 42.2966 61.8466 68.542 6.08276 49.366 35.0828 57.305 59.9406 64.2935 22.2036 45.4012 60.6712 67.1106 54.0833 49.0437 64.2935 26.4197 28.4429 31.7805 35.0571 35.4683 66.1327 19.105 79.7621 82.3772 44.643 36.4966 0.0 32.6497 72.8011 18.3576 
4.0 40.1921 36.3456 56.8243 61.0428 14.1421 56.319 58.2319 40.7185 41.5094 54.7255 67.0075 49.2037 55.1072 32.1943 49.1191 20.6155 36.8782 45.3569 31.2166 50.8014 44.29 36.1248 36.6158 44.6697 27.1662 29.4279 39.9856 48.4679 58.2319 51.7397 37.3035 39.6611 19.2366 39.9856 38.0526 33.1405 62.8013 30.4138 12.7148 62.3241 48.2597 54.9181 68.031 22.7485 34.4384 32.6497 0.0 64.1843 50.8035 
63.6396 71.5891 52.469 16.2788 21.0238 78.1998 24.7386 27.2029 102.452 70.214 29.1204 84.214 113.181 37.3363 89.4017 89.2861 69.8037 96.4579 33.0 33.4215 13.6015 98.716 70.1348 27.5862 40.7922 52.4976 53.8516 87.9143 65.123 38.833 115.602 73.4983 103.738 69.7502 89.3176 95.3605 45.1774 81.0555 92.8493 52.4023 13.8924 70.3491 38.6005 17.0294 45.4863 96.5401 72.8011 64.1843 0.0 85.703 
54.0833 87.6095 84.7629 70.8802 70.0071 58.7963 90.2718 63.1585 47.1699 88.9269 92.6553 23.0 69.8713 51.8941 72.3465 92.4334 37.4731 38.3275 85.5298 58.1378 76.2365 83.863 17.2627 65.0692 44.911 75.6488 78.2844 80.1378 23.0217 52.3546 69.3542 84.721 65.8027 66.6541 80.1378 32.1403 44.1814 20.2237 46.1736 53.7122 75.8947 17.2047 97.1578 97.1854 62.6259 46.0977 18.3576 50.8035 85.703 0.0 
DEMAND_SCENARIO_SECTION
0 0 0 0 0 0 0 0 0 0 0 0 0 0 0 0 0 0 0 0 0 0 0 0 0 0 0 0 0 0 0 0 0 0 0 0 0 0 0 0 0 0 0 0 0 0 0 0 0 0 0 0 0 0 0 0 0 0 0 0 0 0 0 0 0 0 0 0 0 0 0 0 0 0 0 0 0 0 0 0 0 0 0 0 0 0 0 0 0 0 0 0 0 0 0 0 0 0 0 0 0 0 0 0 0 0 0 0 0 0 0 0 0 0 0 0 0 0 0 0 0 0 0 0 0 0 0 0 0 0 0 0 0 0 0 0 0 0 0 0 0 0 0 0 0 0 0 0 0 0 0 0 0 0 0 0 0 0 0 0 0 0 0 0 0 0 0 0 0 0 0 0 0 0 0 0 0 0 0 0 0 0 0 0 0 0 0 0 0 0 0 0 0 0 0 0 0 0 0 0 
13 10 10 10 11 16 3 12 11 8 15 8 2 13 6 12 14 12 8 13 6 7 12 5 11 10 6 3 6 11 9 11 12 11 10 17 5 5 9 9 9 9 11 12 11 6 10 9 11 14 2 9 12 8 7 15 6 10 7 7 13 11 8 13 11 12 11 6 14 13 12 7 14 5 16 8 9 7 14 7 11 15 8 8 14 10 11 5 8 15 10 10 13 11 11 8 11 11 10 9 11 13 11 7 13 11 11 9 8 10 8 11 12 5 6 17 10 10 12 12 8 10 11 6 14 10 14 13 7 10 9 12 6 10 13 9 12 11 13 18 5 10 18 10 7 8 12 2 13 16 13 10 10 4 8 15 11 6 10 8 13 4 8 8 12 8 11 8 5 8 12 13 13 12 9 8 10 5 14 17 10 11 17 8 14 1 14 12 8 12 13 11 7 9 12 6 13 8 11 1 
10 11 13 6 13 15 15 9 4 17 8 10 10 12 13 8 17 12 13 9 12 10 9 10 17 12 10 9 9 12 10 12 6 14 10 11 9 11 8 9 7 12 10 10 13 14 14 14 11 3 13 6 14 15 14 7 12 11 15 9 8 9 16 8 12 6 14 5 7 15 8 7 10 9 14 12 11 8 12 6 11 11 6 7 5 6 5 9 4 9 6 14 9 13 18 11 6 10 10 7 7 13 16 3 8 6 14 11 16 9 10 4 13 16 8 3 18 10 10 7 15 9 17 13 8 17 11 9 9 8 3 14 9 14 11 6 8 10 8 5 11 9 11 9 11 6 14 6 14 8 8 13 14 8 10 8 13 6 10 10 5 12 7 12 12 5 6 10 14 9 9 9 7 9 8 8 7 18 3 11 17 6 8 10 11 6 11 7 8 6 12 8 12 14 9 13 14 8 7 12 
6 12 4 12 11 15 6 3 10 7 10 10 9 8 9 8 12 7 10 8 5 10 7 11 5 14 13 8 5 13 12 8 11 10 9 10 9 11 9 3 3 9 6 5 14 11 12 13 8 10 10 15 10 8 10 14 4 8 8 13 7 7 9 7 10 11 8 14 8 11 9 11 8 7 10 7 10 5 7 7 9 11 6 8 11 9 13 17 7 8 8 9 12 10 4 13 2 9 11 11 10 8 8 6 9 10 10 12 9 11 12 3 2 12 10 9 4 7 11 13 9 5 8 10 7 10 10 5 10 7 7 18 12 18 10 12 15 11 3 8 15 14 5 11 9 12 8 4 3 6 4 15 9 15 7 14 9 9 3 12 8 11 9 5 8 3 11 10 12 4 9 8 8 10 8 9 4 9 10 12 5 10 7 8 8 9 4 9 11 4 11 11 17 11 9 9 13 6 6 10 
6 8 2 4 3 5 7 4 2 3 7 7 7 5 7 5 4 5 6 6 7 6 3 3 6 6 2 6 5 4 2 5 4 8 9 9 6 8 4 4 4 6 5 5 6 4 3 3 7 3 9 6 2 6 4 5 7 5 5 7 1 7 0 4 6 7 5 3 4 4 3 4 7 7 4 4 4 5 5 3 6 7 4 6 7 4 3 4 5 4 4 4 6 4 4 4 6 6 5 7 4 3 5 5 4 4 1 5 5 7 4 6 8 4 5 5 7 6 4 6 7 6 7 9 5 5 7 9 5 4 5 6 5 4 2 5 8 3 6 6 0 2 5 6 5 6 4 6 7 5 4 4 4 6 6 7 3 6 2 3 6 8 4 5 7 5 7 7 6 6 5 5 2 2 7 6 7 1 9 7 6 6 6 4 7 2 4 6 1 6 3 4 5 4 2 4 9 7 3 6 
6 8 7 3 8 8 6 6 4 5 7 7 10 7 5 8 4 5 6 7 8 7 6 8 7 10 7 5 1 10 2 3 8 6 7 5 4 2 2 4 4 4 4 3 3 9 6 5 7 6 5 6 6 6 6 11 6 8 7 7 6 8 6 6 9 7 5 11 4 4 9 9 6 9 7 6 6 5 6 6 5 6 5 9 4 6 4 6 10 7 6 5 7 6 9 8 6 5 4 5 4 4 6 6 7 6 5 7 9 7 2 8 8 7 6 6 8 8 5 6 11 8 3 3 8 4 3 2 8 8 7 5 8 5 10 8 6 6 8 7 8 11 6 6 5 1 4 6 3 8 7 8 5 8 6 4 10 7 6 8 10 7 9 5 6 7 4 2 2 7 7 6 8 5 2 7 4 4 7 10 3 4 7 5 6 8 9 7 1 4 4 7 9 5 6 5 7 5 4 8 
3 3 3 2 3 3 3 3 5 2 2 2 2 4 3 5 3 3 3 3 3 2 3 4 3 3 4 2 4 3 1 2 4 3 4 2 2 4 1 0 2 4 3 2 3 3 4 3 4 4 2 4 3 2 2 4 4 3 3 2 5 4 3 4 3 3 3 1 2 3 2 2 3 3 3 3 2 4 3 2 2 1 4 1 3 4 4 2 2 2 3 3 2 3 4 2 4 5 2 2 2 3 2 4 2 2 6 4 2 3 3 2 2 4 4 3 2 2 3 5 3 1 2 4 3 4 3 1 3 2 5 4 1 2 4 3 2 5 3 3 3 1 2 2 4 6 3 4 2 3 4 4 2 3 4 3 4 5 3 3 4 3 5 3 2 2 3 4 3 3 4 3 3 4 3 3 3 2 4 2 3 2 3 3 3 3 2 2 5 3 5 1 1 2 2 4 4 3 3 3 
2 2 3 4 2 4 4 3 2 6 3 5 7 4 4 3 4 3 3 5 6 5 4 6 5 2 5 3 8 5 5 5 5 2 5 6 4 5 3 3 5 3 8 5 4 5 2 5 6 4 5 4 3 5 1 4 6 3 7 5 8 2 6 3 5 6 5 3 3 8 4 4 4 6 5 8 4 5 6 4 5 3 8 4 4 5 5 4 4 3 7 2 5 4 6 4 4 6 7 5 6 5 6 3 6 7 6 4 5 6 4 4 5 6 5 4 8 4 5 7 3 5 7 8 6 4 7 3 7 4 5 5 7 6 5 7 4 4 6 4 8 6 7 3 6 5 5 6 7 7 5 0 3 4 4 8 3 4 5 6 3 5 7 3 5 6 4 4 9 6 3 1 3 2 5 6 5 3 4 4 7 5 5 6 4 5 7 4 3 3 10 4 5 6 2 6 6 3 6 5 
1 2 5 3 5 7 6 6 6 5 6 3 6 5 6 2 2 5 5 3 9 4 8 5 4 7 6 8 8 5 3 4 4 5 4 3 5 7 7 4 5 6 9 3 6 6 4 4 5 8 6 7 4 4 6 4 5 4 6 5 6 5 7 2 3 6 4 8 4 3 7 6 4 6 5 6 6 7 6 6 4 7 6 6 7 7 6 5 3 3 3 7 7 6 6 5 5 6 1 3 5 5 3 4 4 4 5 3 6 6 6 6 5 6 4 5 4 6 6 6 5 10 4 6 1 5 5 5 8 6 4 3 4 5 3 5 6 4 5 5 4 4 4 7 5 3 6 5 5 3 8 7 7 5 5 8 2 5 8 7 9 7 7 4 5 4 7 3 5 7 8 5 6 3 5 5 3 2 5 5 5 3 8 9 3 5 5 5 5 5 4 3 5 5 2 5 6 3 2 7 
5 7 1 4 7 4 6 6 5 5 5 2 3 4 8 5 5 4 6 5 4 4 4 5 6 4 2 7 2 8 5 7 5 4 6 4 5 3 8 7 5 4 7 6 7 7 6 5 4 5 7 1 5 6 5 4 3 4 4 3 5 7 5 3 2 7 5 5 7 8 6 5 5 3 6 4 4 3 7 8 7 7 7 8 3 4 4 6 6 8 3 5 2 6 5 6 6 5 6 2 6 5 5 6 4 2 4 4 6 5 4 4 6 7 5 2 6 4 4 6 4 5 5 6 6 8 5 1 4 6 5 4 2 2 4 4 4 8 5 6 7 7 5 7 5 8 3 7 2 2 7 6 4 5 3 9 4 5 2 4 5 8 8 6 6 6 3 5 7 5 0 3 4 5 2 2 6 4 2 5 4 5 2 5 4 8 3 5 7 6 4 8 7 5 6 4 7 6 5 3 
2 2 3 3 1 2 1 1 2 2 2 2 1 3 2 2 2 2 1 3 3 2 2 3 0 2 2 2 0 1 2 3 1 1 2 2 3 2 1 2 3 2 1 3 3 1 3 2 2 1 3 2 3 3 1 1 3 1 2 2 3 2 2 2 2 0 1 2 1 3 3 2 2 2 2 2 2 2 3 2 2 2 2 2 3 2 2 1 3 2 2 3 3 2 2 2 2 2 1 2 2 2 1 2 3 2 1 1 1 2 2 1 2 1 2 1 2 3 2 2 2 2 2 1 2 3 2 2 1 2 1 1 2 2 3 2 2 1 3 2 2 2 2 2 1 1 2 2 3 2 3 3 2 2 2 2 2 1 2 1 2 2 3 1 2 3 1 2 2 3 1 2 2 1 1 2 2 3 2 1 2 1 2 2 2 0 2 2 2 2 2 2 2 1 2 2 2 2 2 2 
3 2 2 2 3 4 2 1 2 3 2 3 3 3 1 3 6 1 4 3 4 2 3 2 3 4 4 4 4 3 1 1 3 3 2 3 4 4 3 2 3 1 2 3 4 2 2 3 3 3 2 4 3 3 4 3 4 4 5 4 3 3 3 3 4 3 3 3 3 4 2 4 5 2 3 3 3 3 3 3 4 3 3 3 4 2 2 3 2 2 1 2 2 3 3 4 3 3 2 4 3 3 4 2 3 3 4 2 4 4 3 3 2 5 4 3 4 3 3 3 3 4 3 2 5 2 3 4 1 3 3 4 1 3 3 1 4 2 3 2 4 5 4 2 3 1 4 4 2 3 5 2 2 3 5 2 4 3 1 3 3 5 4 2 4 2 3 1 3 3 2 4 4 4 3 2 3 2 3 4 4 5 3 4 3 3 3 5 3 2 4 4 3 4 2 4 1 3 2 3 
4 14 6 10 8 6 11 11 9 12 7 8 11 4 9 4 11 9 9 13 15 4 5 12 10 6 10 12 11 6 11 9 6 7 9 9 10 9 6 10 9 9 8 8 6 8 5 22 6 9 7 9 12 9 11 9 7 8 13 8 13 5 7 8 11 7 5 8 13 11 12 7 11 11 9 10 6 9 7 8 5 10 8 10 8 9 15 9 11 11 6 3 11 9 10 9 12 8 12 6 9 9 15 4 4 11 13 9 7 8 11 8 14 9 15 11 8 12 10 10 8 11 9 11 6 8 6 7 10 4 9 10 8 14 6 6 9 7 13 12 8 12 9 9 5 7 10 9 4 11 11 12 10 11 6 5 9 11 9 12 8 10 10 12 4 5 5 12 12 8 4 14 15 11 9 6 7 10 10 12 15 11 6 5 6 5 8 10 9 5 3 13 7 6 10 9 9 9 7 13 
6 11 4 5 8 3 6 10 8 1 8 5 7 8 2 7 10 7 8 5 11 4 9 7 7 6 7 5 8 8 3 5 8 5 6 10 6 2 6 5 8 5 5 5 6 8 4 8 7 8 3 9 9 8 5 7 7 6 4 6 9 7 4 5 6 4 6 8 7 9 5 7 5 5 2 8 3 7 8 2 2 4 6 6 6 5 8 4 4 3 1 7 6 6 5 8 10 9 7 5 7 6 6 3 4 5 6 10 7 6 10 6 3 8 5 7 4 6 12 7 6 5 7 7 2 7 7 4 7 7 7 10 4 5 6 7 7 8 4 7 3 5 4 6 5 5 7 5 6 9 8 4 4 6 5 9 5 5 4 4 6 3 3 6 8 7 7 5 7 6 6 5 7 5 5 5 8 9 6 7 8 6 5 6 4 6 7 5 5 9 5 5 8 6 3 1 5 6 2 4 
1 1 1 1 1 0 1 1 1 1 1 1 1 1 1 1 2 1 1 1 1 1 1 0 1 1 1 0 1 1 0 1 1 1 1 1 1 1 1 2 1 2 1 1 1 1 1 1 1 1 1 1 1 1 1 1 1 1 1 1 1 1 1 1 1 1 0 1 1 1 1 1 1 1 1 1 1 1 1 0 1 1 1 1 2 1 0 1 1 1 1 2 1 1 1 1 1 1 1 1 1 1 0 1 2 1 1 1 1 1 1 1 1 1 1 1 0 1 1 1 1 1 1 1 1 1 1 1 0 1 1 0 1 1 2 1 1 1 1 1 1 1 1 1 1 1 1 1 1 1 1 1 1 1 1 1 0 1 1 1 1 1 1 1 2 1 1 1 1 1 1 1 1 1 1 1 1 1 1 1 1 1 1 1 1 2 1 1 1 1 2 1 1 1 1 1 1 1 1 1 
1 1 1 1 1 1 1 1 1 1 1 1 1 2 1 1 1 1 1 0 1 1 1 1 0 1 1 0 1 1 1 1 1 1 1 1 1 1 1 1 1 1 1 1 2 1 1 1 1 1 1 1 1 1 1 2 1 2 1 1 1 2 1 1 1 1 1 1 1 1 1 1 0 1 1 0 1 1 1 1 1 1 1 1 1 1 2 1 1 1 1 1 1 2 1 1 1 1 1 1 1 1 1 0 1 1 0 1 2 1 1 0 1 1 1 0 1 1 1 1 1 2 1 1 1 1 1 2 1 1 1 1 1 1 1 1 1 1 2 0 1 1 1 1 1 2 1 1 1 1 2 0 0 1 1 1 0 2 0 1 1 0 1 1 1 1 1 2 1 1 1 1 1 0 1 1 1 1 0 1 1 1 1 1 1 1 1 2 1 1 1 1 1 1 1 1 1 1 2 2 
4 2 1 5 1 3 4 4 4 4 5 1 3 4 4 1 3 2 4 1 2 3 6 1 3 3 4 3 4 2 3 3 4 3 4 5 4 2 4 3 4 1 4 4 5 2 4 4 4 3 2 1 3 1 3 2 2 5 4 4 3 2 4 3 1 4 2 2 2 3 4 3 3 2 3 3 3 2 3 3 4 4 2 4 3 3 3 1 2 0 3 3 4 2 4 3 3 2 3 3 1 4 3 6 4 3 4 4 1 3 1 2 2 4 3 3 4 3 2 3 4 2 1 1 0 4 3 1 2 4 2 4 2 3 2 4 3 1 0 3 2 3 3 4 3 1 3 3 2 3 6 3 1 5 3 3 4 3 3 3 3 3 5 2 4 4 4 4 3 2 3 3 3 2 3 3 4 2 3 1 3 2 4 3 3 3 3 3 2 2 1 3 2 3 2 3 1 3 2 4 
7 6 5 3 8 7 7 7 6 10 6 6 5 4 6 6 7 2 8 7 9 6 6 7 7 7 9 7 8 5 8 5 3 9 5 4 8 4 11 7 10 5 6 6 5 6 8 4 6 6 7 3 6 2 7 6 6 4 7 4 8 6 3 5 6 4 7 5 5 7 4 6 8 7 6 6 3 5 10 3 9 2 7 7 9 7 6 7 9 3 4 8 8 7 5 6 10 7 5 3 5 7 2 7 9 6 7 8 6 8 5 9 6 8 8 7 6 3 9 7 2 6 5 3 9 4 7 7 6 7 7 8 5 7 11 7 4 8 8 8 8 5 5 8 7 5 4 6 9 7 7 4 9 5 3 7 9 7 3 6 10 7 5 5 9 4 1 7 6 2 3 5 8 5 6 7 9 8 4 5 9 6 8 6 8 5 6 4 6 6 8 5 4 5 5 8 6 6 2 7 
18 7 16 13 9 9 16 8 11 10 4 9 7 16 10 11 12 7 13 4 10 13 6 8 8 8 6 13 6 5 11 7 7 9 11 13 9 2 13 8 10 18 7 6 12 3 11 13 7 8 13 10 5 10 16 12 7 15 15 6 12 11 7 10 7 9 10 8 14 9 5 3 12 8 7 10 9 11 8 7 7 6 2 10 10 4 9 10 10 10 13 6 7 6 13 12 5 7 11 7 13 10 12 6 14 10 9 10 3 4 3 8 11 11 7 9 13 4 7 14 11 13 6 9 12 4 14 11 10 9 14 17 14 7 11 9 10 13 9 8 13 14 13 9 12 17 8 10 6 12 10 4 3 7 15 12 11 3 11 3 12 5 4 9 18 13 12 13 12 15 2 10 6 13 7 6 12 10 16 13 8 12 6 12 13 8 13 11 16 8 4 13 9 10 7 9 9 8 7 10 
10 7 9 11 9 10 7 0 8 7 7 12 11 10 4 11 11 7 12 6 10 9 7 9 15 7 7 8 8 7 10 10 9 8 14 14 14 7 12 3 11 10 12 4 9 13 13 6 9 6 11 12 6 10 8 6 14 8 13 8 9 9 6 6 3 12 6 10 6 10 8 8 5 8 6 0 6 10 10 8 9 11 7 11 9 8 7 3 11 12 7 11 5 6 3 11 12 15 13 12 7 3 11 10 4 10 7 9 8 5 16 10 8 1 9 7 9 7 11 8 9 12 9 8 11 9 10 9 7 7 8 10 7 7 11 11 7 9 10 9 9 9 10 9 10 14 7 10 9 10 10 15 6 9 6 4 9 11 11 9 7 10 14 4 6 12 10 4 0 18 7 15 7 7 13 6 6 11 8 15 9 9 7 1 11 10 8 9 9 3 8 11 5 5 10 8 13 13 9 11 
5 6 8 10 9 6 10 9 9 6 8 4 8 7 8 8 12 4 10 7 6 8 4 11 6 2 6 6 8 6 3 8 5 7 9 11 9 7 6 12 5 8 5 11 9 4 5 12 5 11 7 4 7 7 8 9 7 3 7 4 5 14 9 7 7 5 10 7 8 5 5 8 1 6 2 8 9 2 8 6 0 5 6 8 7 7 9 3 12 7 8 8 10 10 7 7 7 10 5 5 6 8 5 9 8 6 9 6 7 9 8 5 10 1 5 10 4 5 4 9 8 8 4 7 6 5 2 10 6 7 5 5 11 8 3 9 4 7 6 7 7 7 10 6 6 7 5 13 0 2 10 7 9 4 7 7 7 10 8 5 9 9 6 6 10 3 11 7 10 3 3 10 6 7 7 6 6 9 3 11 4 6 8 10 5 10 8 3 4 7 6 13 7 9 10 9 10 9 4 7 
7 1 4 4 4 5 5 6 4 5 6 8 2 3 6 7 7 6 7 7 8 3 7 4 6 3 6 7 4 5 6 3 5 5 4 4 5 6 4 5 1 3 4 6 3 7 3 1 5 7 7 7 6 4 8 6 4 3 5 7 6 4 7 5 5 5 5 5 6 7 3 6 5 3 5 6 5 5 5 5 6 5 6 4 3 5 3 3 4 2 5 4 8 10 4 5 4 5 6 5 5 5 1 0 10 7 7 4 6 4 4 4 3 5 5 4 7 4 8 6 5 5 5 6 4 4 6 5 6 4 5 4 2 4 6 5 3 7 5 6 2 4 5 6 5 6 2 5 7 8 4 4 7 5 5 2 6 7 3 3 4 3 5 5 5 7 2 10 5 6 8 5 7 5 5 5 7 6 3 5 4 4 6 4 7 4 3 6 4 3 6 6 5 5 8 4 4 6 3 2 
9 12 14 8 3 10 11 11 8 8 13 2 1 6 6 12 8 7 10 13 8 4 7 9 7 10 13 8 7 12 3 5 9 2 12 13 4 8 8 12 8 10 10 10 4 8 9 7 4 6 8 14 7 8 14 12 4 6 12 8 11 7 13 12 8 7 11 10 2 8 8 13 12 13 14 10 12 8 10 8 9 7 7 8 8 3 14 11 10 10 8 10 6 9 10 12 12 7 6 12 7 9 13 7 12 9 9 7 12 4 10 13 9 10 11 13 10 8 13 12 5 6 5 13 3 3 12 8 10 12 7 11 9 7 8 9 8 9 11 5 9 8 4 8 12 13 9 7 9 9 8 9 9 7 4 12 13 9 8 8 12 7 13 7 6 9 6 11 9 11 8 11 10 15 12 9 6 10 8 11 11 13 9 11 6 7 11 11 9 7 10 8 9 7 2 13 10 16 13 10 
4 8 2 3 4 6 8 4 8 6 6 6 2 5 5 1 6 7 6 5 5 6 6 6 5 6 7 6 7 3 5 6 1 6 8 4 7 2 8 5 8 1 5 5 7 8 3 2 7 5 5 9 7 6 6 6 6 7 7 10 6 3 5 6 10 4 3 5 7 6 9 5 4 5 10 6 9 4 4 5 5 6 5 6 9 4 8 8 5 8 5 3 6 6 12 9 6 4 10 4 5 4 4 4 7 5 6 7 6 7 4 7 7 6 6 8 5 7 7 9 9 5 6 7 7 7 7 5 3 5 9 2 3 7 4 3 9 7 3 7 7 6 8 8 7 7 5 5 5 5 7 5 7 4 2 8 3 8 8 7 5 5 6 6 7 5 4 3 5 9 6 7 10 9 5 9 5 7 4 7 7 5 5 6 2 8 3 6 7 6 5 4 10 6 9 6 4 4 7 9 
5 3 5 4 8 3 5 7 6 6 4 5 10 5 1 2 5 1 4 4 5 4 4 8 4 6 7 3 2 7 8 5 3 5 5 2 3 7 6 4 6 5 6 5 4 3 5 3 6 4 2 6 4 5 5 5 4 5 4 2 5 6 6 5 2 4 7 6 3 4 4 4 7 4 5 4 5 9 4 8 6 4 3 5 5 3 3 5 5 4 5 5 5 6 4 3 5 7 4 5 3 2 7 6 5 4 3 4 4 3 4 5 4 6 6 2 5 4 6 5 5 8 7 5 6 5 5 7 5 5 5 6 6 9 3 4 4 6 8 7 6 6 4 5 5 6 5 7 5 5 7 4 8 2 6 5 5 7 4 7 5 3 6 6 6 6 7 3 4 6 7 6 3 5 4 3 3 4 2 8 6 4 5 4 6 7 4 2 5 3 6 4 3 5 3 4 6 8 5 5 
1 2 1 2 3 2 2 1 3 3 2 3 2 1 2 2 1 3 2 1 1 2 2 3 2 2 1 2 3 2 1 2 4 2 2 1 3 2 1 4 4 2 4 3 1 2 3 2 1 1 2 2 2 3 2 2 2 2 3 3 1 2 2 3 2 2 1 2 2 2 3 2 3 4 2 3 2 2 2 2 2 1 2 0 1 2 2 3 2 2 2 2 1 2 2 2 1 2 2 2 2 1 2 2 3 3 2 2 1 2 2 2 2 2 2 2 2 2 4 2 2 1 2 3 3 1 3 3 2 1 3 2 2 2 2 2 2 2 3 2 2 1 1 2 2 3 3 1 2 2 2 2 2 1 1 2 3 0 2 1 2 1 2 1 2 2 2 2 2 2 3 2 1 2 2 2 3 2 2 2 3 2 2 2 2 2 2 2 2 1 2 1 1 2 2 2 3 2 2 3 
12 6 11 10 3 7 8 8 7 13 7 6 12 6 3 6 9 9 3 8 7 10 8 6 7 6 8 6 9 9 6 8 8 5 9 5 5 8 9 1 8 7 10 8 6 2 9 7 6 13 7 11 9 6 6 11 10 4 10 8 5 7 4 9 4 7 7 6 6 7 5 6 9 7 10 7 7 3 6 6 4 8 9 7 5 2 6 8 4 7 7 8 4 6 7 8 10 6 7 9 9 5 12 8 4 5 6 3 7 7 9 8 7 12 6 7 6 6 7 7 4 7 6 6 6 12 10 6 7 5 5 7 6 3 6 4 7 12 6 6 8 8 9 10 12 8 7 6 5 6 10 6 8 7 7 7 4 9 4 6 6 6 6 6 8 10 4 10 6 8 7 10 2 10 7 11 11 6 10 8 4 4 8 6 8 3 5 6 7 12 7 8 6 10 7 6 8 6 6 6 
6 11 9 7 6 6 11 15 7 7 7 7 7 10 16 10 7 6 5 7 4 10 8 10 9 5 8 7 10 5 11 7 8 7 9 12 9 12 7 7 6 10 11 10 6 6 7 3 10 10 5 3 6 7 10 9 8 6 5 7 11 5 8 12 8 8 7 10 11 9 5 10 13 7 7 4 10 5 7 6 9 9 7 9 9 14 11 7 8 5 7 11 7 7 10 14 7 12 2 8 5 9 10 10 8 5 8 7 7 6 9 4 12 6 10 5 5 7 10 7 11 8 11 8 9 12 8 7 10 13 6 12 9 8 9 9 12 9 7 5 5 8 8 5 10 7 10 8 7 9 9 8 13 7 9 4 11 5 8 9 10 4 6 10 9 8 4 6 5 9 9 7 4 5 9 10 15 11 12 5 7 4 6 7 12 9 12 8 6 8 5 6 7 10 11 7 12 9 12 3 
11 8 17 10 9 10 10 11 11 9 9 11 10 5 11 7 11 10 9 15 2 12 10 8 7 9 10 11 7 15 10 9 9 5 8 8 4 7 5 11 9 12 4 10 11 6 6 11 10 10 10 15 12 11 11 7 12 6 5 14 10 8 5 9 10 11 9 9 10 14 7 10 14 7 12 18 8 7 4 12 8 9 10 11 15 10 6 9 7 12 12 18 13 13 10 10 17 14 8 15 7 14 13 5 10 9 4 16 13 7 15 11 10 12 10 9 9 13 12 11 9 9 12 6 15 10 6 12 11 13 5 11 8 10 10 7 10 13 11 12 12 10 13 8 9 12 9 8 13 10 10 10 13 11 14 11 18 8 10 10 16 11 11 12 13 15 14 6 11 18 11 15 7 7 4 11 14 13 7 5 10 6 10 6 7 11 8 9 10 16 14 7 10 11 7 9 7 9 8 10 
5 7 14 8 6 7 7 9 9 5 8 8 9 8 2 5 3 10 9 10 10 8 2 4 9 10 8 7 2 10 8 12 8 6 9 10 2 7 7 15 11 9 5 8 9 7 10 7 6 6 4 5 8 5 4 6 7 7 11 6 12 11 7 9 7 8 10 11 5 10 14 8 12 5 7 9 4 8 7 7 11 7 6 13 9 9 8 5 5 12 7 8 6 7 7 6 10 12 7 13 7 6 11 6 9 4 10 4 12 13 12 13 6 13 10 12 9 14 13 6 10 12 9 6 11 7 11 10 6 8 13 8 8 7 7 12 8 8 10 9 5 8 11 8 14 8 10 6 5 11 6 3 4 6 10 10 7 12 7 11 7 10 8 5 6 7 8 11 9 1 4 11 8 5 9 6 11 8 6 8 13 7 6 9 12 7 8 9 11 8 9 5 6 9 5 9 7 8 6 9 
5 3 3 4 3 5 4 2 4 4 4 6 4 5 5 4 4 6 2 6 3 4 3 4 3 4 0 5 3 6 5 3 3 4 7 5 3 3 3 5 4 4 5 4 2 4 2 2 3 2 4 6 4 2 4 3 4 4 3 3 5 4 4 2 4 4 4 2 2 4 4 6 5 5 1 3 3 4 1 6 2 5 3 2 5 3 6 3 4 1 6 4 5 5 4 4 3 5 4 6 4 3 5 4 5 5 5 5 5 4 4 4 2 4 5 3 3 4 5 5 3 3 5 6 3 4 4 5 5 3 3 4 6 5 2 3 4 3 3 3 4 5 4 3 5 4 4 4 3 5 3 4 5 5 4 2 2 4 5 4 4 5 4 4 6 3 5 4 4 6 6 3 2 5 3 2 1 3 4 6 3 4 2 3 4 6 6 3 4 4 2 3 3 3 4 5 5 2 6 7 
3 5 4 2 4 5 4 4 2 5 4 3 6 5 3 4 5 4 6 3 4 4 4 1 3 6 4 4 3 5 4 2 5 6 4 5 2 5 5 4 7 2 4 3 5 5 3 2 3 6 5 5 4 5 6 4 4 3 4 4 2 3 4 3 4 3 0 3 4 3 3 5 2 6 5 4 4 3 6 3 6 5 2 4 1 3 4 4 6 5 5 4 3 5 7 4 3 5 4 2 5 4 4 4 1 3 5 6 3 6 5 4 3 5 5 3 7 5 3 5 4 3 3 5 4 5 4 2 2 3 5 3 4 2 1 4 2 6 4 3 3 4 3 2 6 5 5 4 4 6 3 5 3 4 4 4 2 4 3 3 4 4 7 3 4 4 4 4 3 2 5 4 6 7 3 7 3 2 4 2 5 7 4 4 4 5 3 3 6 4 3 4 4 5 2 3 3 4 6 2 
3 9 5 7 8 6 5 9 4 6 9 8 2 6 7 5 6 8 2 6 6 7 7 6 2 5 5 8 7 6 4 5 4 7 6 5 9 8 6 7 5 6 6 8 7 6 5 3 4 5 8 5 5 10 9 5 7 3 9 6 2 5 8 5 7 8 2 11 7 8 5 9 4 8 6 11 3 4 7 7 8 6 6 4 5 8 9 5 6 6 10 8 3 7 7 4 8 5 7 8 6 5 5 4 7 5 4 9 4 5 6 5 8 7 7 1 9 7 4 6 6 6 3 7 7 8 6 5 7 4 6 7 5 11 7 5 5 4 6 4 3 10 7 4 8 1 9 5 5 4 3 7 8 6 6 8 6 7 7 4 4 3 6 9 8 8 10 8 11 6 7 6 4 5 2 6 6 7 10 8 9 7 7 8 5 8 7 5 4 11 3 8 6 6 10 11 4 6 9 5 
5 10 12 9 12 13 3 10 12 11 8 6 8 12 16 12 6 12 9 8 4 15 9 9 14 11 9 13 14 11 16 15 13 8 8 8 6 11 14 14 7 10 11 14 10 10 7 7 9 10 10 15 11 14 10 6 8 13 14 10 7 12 10 13 7 10 9 13 5 12 9 7 14 11 8 11 5 7 12 8 12 14 15 8 8 12 13 14 17 7 8 12 12 11 12 6 8 13 10 11 14 15 6 9 10 7 12 16 15 8 11 6 7 8 13 7 9 3 11 3 6 11 8 12 11 3 12 10 12 4 11 10 16 8 9 12 12 9 10 9 11 13 0 7 4 10 13 16 13 8 7 12 10 8 7 2 15 9 15 11 14 10 9 7 12 8 6 15 13 4 12 13 8 10 11 11 10 11 14 5 7 11 11 14 8 10 11 8 4 14 5 12 14 4 10 6 16 14 12 13 
11 9 2 9 7 5 5 6 9 8 6 7 9 9 6 5 10 8 9 8 5 8 3 7 6 10 6 8 6 5 8 11 5 6 8 7 9 12 5 5 6 6 3 3 4 5 7 10 9 7 6 12 11 6 3 6 3 9 7 8 4 8 7 1 9 3 6 6 11 6 13 7 8 4 10 10 8 8 4 7 10 7 8 4 5 4 7 7 3 5 8 3 7 6 5 6 6 6 9 5 5 5 6 9 6 7 3 5 9 5 1 5 6 10 5 6 7 8 7 5 9 9 3 5 6 8 3 7 7 9 3 8 6 8 11 9 4 10 4 9 9 8 3 7 6 8 4 5 9 8 6 5 3 9 2 9 6 7 8 8 6 3 3 6 9 6 7 6 9 9 6 4 8 9 10 7 9 7 9 5 7 7 8 7 8 8 10 4 6 7 10 10 6 6 8 6 5 3 6 6 
6 5 14 9 3 10 10 8 4 9 9 7 5 7 9 5 11 6 8 4 2 7 6 8 6 8 1 12 9 5 10 10 8 7 7 9 2 7 7 9 11 5 12 8 9 9 8 9 9 12 12 6 9 8 6 5 11 9 9 8 10 7 9 12 12 10 8 9 5 8 8 2 8 9 9 10 4 6 9 9 5 11 11 7 12 7 8 7 9 6 5 7 9 8 6 3 10 8 12 5 10 6 10 10 10 6 8 8 8 7 12 5 9 10 9 3 9 11 9 8 15 13 8 13 12 2 11 13 9 7 9 7 9 8 9 5 7 8 11 6 4 9 6 11 2 9 11 8 6 8 7 11 7 9 8 10 9 12 2 7 8 13 9 11 8 10 16 11 10 5 6 9 5 9 12 5 7 11 8 6 11 8 7 5 9 7 8 7 4 8 7 9 6 13 7 10 9 9 8 5 
5 6 7 7 3 5 7 8 6 6 6 4 8 4 7 4 5 7 4 9 7 6 7 8 6 6 6 9 6 6 6 3 6 10 5 3 4 10 6 4 7 5 6 6 6 8 4 7 11 2 8 7 5 7 10 7 8 4 4 6 4 5 8 5 3 4 9 4 6 5 9 6 6 6 6 7 4 7 7 3 7 8 4 4 7 9 4 5 8 4 7 2 6 6 8 7 7 5 5 3 5 10 6 6 4 7 6 5 3 5 8 7 3 5 6 8 6 7 4 4 4 10 9 7 8 5 6 5 1 3 4 5 2 6 9 7 7 9 7 6 4 4 6 5 5 7 4 6 4 10 7 5 5 7 2 3 4 5 8 9 5 3 5 7 7 5 4 7 1 4 4 6 6 6 5 4 2 7 7 8 5 7 8 8 8 6 7 7 5 6 7 8 6 7 7 5 4 7 5 7 
2 2 2 2 1 0 2 2 2 2 1 2 2 2 3 2 3 1 1 1 1 3 2 2 3 2 2 2 2 2 2 2 1 1 2 1 1 3 2 2 2 2 2 2 2 1 2 2 3 2 2 2 3 3 3 2 2 2 2 2 2 2 2 1 2 1 1 3 1 2 2 3 2 3 1 3 3 1 1 2 2 3 1 2 3 3 3 3 2 1 1 3 2 1 3 2 3 2 2 1 2 2 2 1 3 2 2 1 3 2 2 1 2 2 2 2 2 0 1 3 2 2 3 2 2 2 2 2 2 2 2 2 2 3 2 1 2 2 2 1 3 2 2 2 2 2 2 2 2 2 1 2 3 3 1 2 3 2 1 2 2 2 3 2 2 1 2 3 3 2 1 2 2 2 3 3 1 2 2 1 2 3 2 3 2 2 2 3 1 2 2 1 3 1 2 1 2 2 2 2 
4 6 8 5 6 7 5 6 5 10 5 4 4 7 8 7 5 10 7 5 8 4 8 8 6 6 6 7 6 12 5 7 10 8 9 6 4 7 5 9 4 9 3 6 8 4 7 9 7 7 4 5 6 7 7 3 7 9 6 5 5 10 5 5 5 5 8 7 8 7 7 6 6 9 6 7 9 8 8 6 7 7 7 7 8 6 3 5 8 7 5 6 9 7 7 9 8 6 10 6 3 7 7 0 5 6 0 3 5 4 6 5 4 6 8 8 8 7 8 9 8 6 9 6 7 3 9 6 5 4 6 7 7 7 6 5 8 7 8 8 6 4 9 5 11 4 4 6 9 9 10 6 3 8 4 7 7 6 4 7 2 4 6 6 7 6 7 6 4 8 4 3 3 5 7 11 7 8 4 6 5 8 4 7 8 8 3 8 9 3 3 5 1 5 7 8 8 5 5 9 
6 5 14 7 8 6 8 5 11 7 9 3 6 8 5 9 5 8 6 5 5 1 7 9 13 7 3 10 9 2 6 6 12 4 12 8 11 8 8 7 8 7 3 8 4 8 4 7 7 9 8 10 4 8 12 10 8 8 7 4 10 9 7 7 5 7 10 8 5 6 8 8 4 7 7 6 10 8 9 8 11 7 6 6 5 7 7 9 8 10 6 6 9 8 3 11 8 4 10 5 9 10 8 5 10 7 6 6 6 11 5 11 5 6 7 8 5 6 8 7 8 8 5 8 9 7 10 8 4 8 7 7 4 7 6 7 10 4 7 6 7 9 6 5 9 9 8 7 6 10 7 9 8 8 6 7 10 10 7 6 4 7 6 8 10 7 12 7 7 3 5 10 9 7 6 3 7 7 8 9 3 7 3 2 5 2 7 7 6 8 10 7 5 8 6 6 7 6 6 6 
3 11 11 5 14 9 10 9 9 9 6 15 15 3 10 8 6 9 9 5 9 9 11 14 11 9 8 10 8 12 14 8 7 10 9 8 9 9 10 15 9 9 12 12 21 9 7 2 11 13 10 6 4 7 8 9 12 2 16 2 9 9 7 7 16 6 11 2 4 12 3 11 8 12 5 12 7 12 11 14 7 8 6 11 10 11 8 8 10 5 10 7 8 11 4 5 7 4 7 7 5 9 8 9 11 8 6 8 9 9 8 11 9 11 8 13 9 8 8 13 11 13 12 6 10 12 9 6 7 10 6 9 10 8 7 8 11 6 16 3 11 5 11 7 13 12 8 8 5 12 14 11 4 12 9 9 15 7 8 8 5 12 12 10 3 13 8 15 12 9 11 10 8 10 12 11 6 9 10 13 10 13 9 8 10 7 10 13 9 8 5 9 8 8 14 1 6 6 10 12 
9 5 7 9 12 11 13 8 8 5 6 16 14 9 13 9 8 10 12 12 13 7 14 9 17 10 10 8 6 10 5 10 7 12 8 8 13 13 12 10 10 11 11 12 7 8 13 11 9 10 11 9 5 13 8 10 2 12 14 8 10 9 10 4 11 9 11 12 8 11 11 12 6 13 11 8 7 9 13 10 5 10 9 11 12 9 5 10 8 9 12 11 8 3 10 16 13 8 8 11 8 2 17 5 8 10 11 9 16 15 7 9 7 11 9 10 3 7 10 11 8 3 10 14 11 9 8 9 9 8 8 7 14 16 8 10 4 16 12 8 2 10 9 10 12 12 8 12 7 11 11 13 7 5 7 13 3 7 4 13 10 7 14 8 12 1 6 4 5 4 7 8 13 10 7 9 15 12 0 8 7 5 12 13 10 13 14 11 5 8 10 10 11 11 11 13 11 3 10 11 
5 4 3 4 6 4 1 3 6 3 5 6 5 5 3 4 6 4 5 2 4 3 1 7 6 8 5 6 4 6 6 8 5 5 7 5 6 7 6 7 4 6 6 4 3 6 7 5 4 2 5 4 8 5 8 4 6 5 9 6 6 2 3 6 2 6 4 5 5 5 5 7 2 8 3 4 5 8 4 4 5 6 4 3 6 6 3 5 5 6 7 6 4 4 5 4 4 7 4 4 3 5 2 7 5 4 2 5 3 7 5 6 4 4 4 6 5 3 7 3 7 3 4 5 3 4 7 6 4 7 5 3 7 2 4 4 2 3 3 3 6 4 0 6 7 5 6 7 6 6 5 3 3 5 3 7 6 5 5 4 3 7 5 4 6 8 6 4 3 5 2 6 4 6 5 3 4 6 7 6 3 6 6 3 7 7 6 1 5 3 1 7 4 5 1 7 2 4 4 8 
