NAME  : Jabali_50_4_0.82_1_6
TYPE : SVRP
MODEL : FINITE_SUPPORT
NUMBER_OF_SCENARIOS : 200
DIMENSION : 50
EDGE_WEIGHT_TYPE : MATRIX
CAPACITY : 70
N_VEHICLES : 4
NODE_COORD_SECTION
1 4274 3935
2 7767 2955
3 5223 388
4 4722 6704
5 8766 6020
6 5243 8038
7 4689 7172
8 7635 3964
9 5881 4096
10 1090 2678
11 3835 2691
12 3933 5587
13 4463 7150
14 3227 2692
15 904 2883
16 27 3133
17 6632 1795
18 2017 2503
19 411 3652
20 7850 6020
21 2889 7808
22 7606 5302
23 7157 6918
24 4892 2304
25 7349 4263
26 5702 1330
27 2350 1437
28 6388 3068
29 6116 6988
30 3609 7032
31 8013 4571
32 8129 3873
33 6829 6618
34 5611 4534
35 5213 5736
36 4490 6291
37 3815 308
38 6732 6720
39 4705 1055
40 1024 3453
41 2721 3048
42 5894 6233
43 5366 108
44 3990 2139
45 5770 18
46 2979 3678
47 3349 7649
48 6634 602
49 6135 3983
50 8142 6488
DEMAND_SECTION
1 0.0
2 10.0
3 7.0
4 4.0
5 4.0
6 2.0
7 2.0
8 3.0
9 4.0
10 5.0
11 5.0
12 7.0
13 2.0
14 7.0
15 5.0
16 2.0
17 10.0
18 6.0
19 8.0
20 4.0
21 3.0
22 10.0
23 4.0
24 8.0
25 3.0
26 7.0
27 5.0
28 5.0
29 1.0
30 1.0
31 1.0
32 3.0
33 1.0
34 6.0
35 3.0
36 6.0
37 9.0
38 6.0
39 1.0
40 6.0
41 2.0
42 10.0
43 2.0
44 9.0
45 6.0
46 6.0
47 8.0
48 2.0
49 2.0
50 1.0
DEVIATION_SECTION
1 0.0
2 3.33333
3 2.33333
4 1.33333
5 1.33333
6 0.666667
7 0.666667
8 1.0
9 1.33333
10 1.66667
11 1.66667
12 2.33333
13 0.666667
14 2.33333
15 1.66667
16 0.666667
17 3.33333
18 2.0
19 2.66667
20 1.33333
21 1.0
22 3.33333
23 1.33333
24 2.66667
25 1.0
26 2.33333
27 1.66667
28 1.66667
29 0.333333
30 0.333333
31 0.333333
32 1.0
33 0.333333
34 2.0
35 1.0
36 2.0
37 3.0
38 2.0
39 0.333333
40 2.0
41 0.666667
42 3.33333
43 0.666667
44 3.0
45 2.0
46 2.0
47 2.66667
48 0.666667
49 0.666667
50 0.333333
DISTANCE_MATRIX
0.0 48.0521 52.0488 39.1106 73.638 57.8819 44.7501 45.2671 34.0623 49.6492 19.887 23.6828 44.4628 27.803 51.1415 60.9607 42.45 41.3261 54.8444 62.8223 56.8987 55.5926 58.7461 24.0416 42.4002 39.6611 46.7429 29.1548 48.8544 44.2976 51.8336 51.3021 53.6436 29.6956 29.4398 33.3605 48.1715 52.9778 40.5572 47.5197 30.6371 40.3696 54.5056 23.4433 56.3707 22.0638 52.6605 54.5894 27.9046 69.572 
48.0521 0.0 48.3839 66.505 43.1741 76.4341 71.282 13.6015 30.2655 90.5539 52.3546 64.2806 72.6222 60.4152 93.1504 105.119 21.8403 77.6981 100.746 40.3113 94.1193 30.8058 51.7397 40.3609 17.6918 34.9285 75.4324 19.3132 57.2545 80.2814 21.5407 13.1529 49.5177 36.4966 52.3927 64.7612 62.4041 50.2494 46.5937 92.6154 67.9779 58.7554 49.4773 51.4004 48.5077 69.5892 88.3444 36.0139 27.2947 46.5188 
52.0488 48.3839 0.0 87.4287 88.1419 102.704 93.0628 57.4282 52.6621 63.0 37.8726 75.6996 93.8147 41.6293 66.0 78.0577 26.5707 51.2445 77.1622 81.2937 109.594 71.1202 89.7508 28.9017 58.0345 14.0357 40.3113 39.1152 89.9579 96.3145 66.3702 60.4152 86.6363 56.9775 72.5653 83.5653 17.8885 87.2861 12.8062 69.3542 48.7032 81.471 3.60555 30.0673 8.24621 53.2353 104.677 18.868 51.6787 88.2373 
39.1106 66.505 87.4287 0.0 55.0273 19.0263 5.83095 55.5777 38.2432 71.8053 58.6386 18.1108 6.40312 57.9126 72.5328 79.3095 71.8401 65.123 71.5891 43.4166 28.1603 44.0114 31.7648 62.9388 50.4796 74.3921 76.288 53.8797 18.868 15.1327 54.1479 61.1199 27.8568 31.926 15.0 6.0 86.9231 26.9258 84.2097 66.7308 54.4482 18.0278 89.8855 62.1949 91.7506 45.8749 22.2036 87.0 41.1445 45.6946 
73.638 43.1741 88.1419 55.0273 0.0 53.0094 56.5155 31.0644 56.9168 112.391 79.502 65.2955 58.6941 87.418 113.883 123.503 63.1269 105.076 117.236 12.2066 81.3941 18.7883 24.1868 72.2801 30.1496 74.108 106.094 49.6488 36.8782 69.9214 22.0907 30.0832 27.2029 50.5996 49.8762 57.2713 100.87 28.1603 85.0595 110.066 93.3787 38.9487 90.0222 81.9285 90.05 84.8054 75.505 78.7718 46.9123 10.0 
57.8819 76.4341 102.704 19.0263 53.0094 0.0 14.1421 63.6318 53.1775 90.2552 77.4099 37.0135 15.5242 76.8741 90.802 96.7678 86.7826 84.0536 88.8651 43.7379 31.3847 48.4665 29.2746 80.1384 58.8303 89.6094 95.2496 68.814 19.2354 25.2389 59.6154 67.9779 28.4605 46.8603 30.8707 25.02 105.694 27.5136 99.4847 84.6463 73.4098 27.5862 105.161 80.9662 107.024 64.8365 26.4008 102.151 56.0789 43.0116 
44.7501 71.282 93.0628 5.83095 56.5155 14.1421 0.0 60.2354 43.742 76.1183 64.2781 23.0217 2.23607 62.8765 76.6877 82.8734 77.3471 70.0071 75.0267 45.3982 25.0799 47.1699 32.573 68.5783 55.4222 80.0261 81.252 59.3785 19.6469 13.8924 57.7062 65.0416 29.4279 37.4248 20.5183 11.4018 91.9315 28.4429 89.8438 70.6045 59.4122 21.8403 95.5195 67.8344 97.3847 50.8388 19.105 92.6337 46.6433 46.8402 
45.2671 13.6015 57.4282 55.5777 31.0644 63.6318 60.2354 0.0 23.2621 90.4789 52.345 56.2228 61.6739 60.2646 92.9552 104.765 32.0624 77.9222 99.8124 26.8328 83.5464 17.2047 38.2099 43.909 5.09902 43.4166 77.801 20.5913 44.4185 69.8713 9.0 6.32456 36.2353 36.3721 42.19 54.4518 70.3649 37.0135 54.5545 92.4877 67.57 38.4708 59.1354 53.4135 59.0085 67.0319 77.666 47.8539 20.346 33.2415 
34.0623 30.2655 52.6621 38.2432 56.9168 53.1775 43.742 23.2621 0.0 72.815 34.8865 34.0588 44.6456 42.8024 74.3073 84.1265 34.6554 60.46 78.0102 46.1011 64.292 38.8656 50.4591 31.0 20.1488 39.3954 61.7424 16.2788 40.5695 50.3652 29.5822 29.5494 45.3567 6.32456 23.2466 35.0371 61.6265 44.6908 49.4431 70.6855 50.1078 32.0826 55.1188 37.313 56.8595 45.2296 58.7725 50.6063 3.0 52.8508 
49.6492 90.5539 63.0 71.8053 112.391 90.2552 76.1183 90.4789 72.815 0.0 38.2753 53.8516 74.8131 30.2324 3.0 15.2971 76.2321 13.0 14.8661 101.38 73.9797 94.3453 96.2977 51.6236 87.83 65.5134 23.5372 71.5612 86.1626 68.0074 97.2634 96.2944 91.1952 68.4483 67.1193 65.9697 47.676 90.5293 53.6004 9.21954 23.3452 77.9212 66.0303 39.9249 71.0282 29.6816 73.2462 79.6304 73.457 108.129 
19.887 52.3546 37.8726 58.6386 79.502 77.4099 64.2781 52.345 34.8865 38.2753 0.0 43.2108 63.9908 8.06226 40.8167 52.7731 40.1995 25.6125 48.7032 72.2757 76.4264 62.1022 81.3065 16.1245 49.6998 32.7567 27.5136 33.2866 71.4169 63.8256 59.1332 58.1378 76.2041 38.3029 48.9678 52.8885 32.6497 75.5382 25.375 40.4969 15.8114 62.9301 41.4686 7.81025 45.8938 16.4924 72.1885 48.2701 35.3268 79.2193 
23.6828 64.2806 75.6996 18.1108 65.2955 37.0135 23.0217 56.2228 34.0588 53.8516 43.2108 0.0 22.2036 39.8661 54.7083 62.1772 64.3575 47.0425 54.7083 53.1679 33.4215 50.039 44.5982 47.5109 51.3517 63.3279 58.2415 47.8017 33.2866 20.6155 57.7235 62.3939 39.598 28.0 16.6433 12.1655 70.8641 38.8973 63.881 49.2443 36.4018 26.3492 78.1564 46.7671 80.0215 27.8284 29.0 78.2703 37.054 56.9188 
44.4628 72.6222 93.8147 6.40312 58.6941 15.5242 2.23607 61.6739 44.6456 74.8131 63.9908 22.2036 0.0 61.9617 75.3127 81.2712 78.2432 69.0072 73.3894 47.5184 23.0217 49.0918 34.7851 68.291 56.5759 80.7781 80.3372 60.2821 21.8403 11.6619 59.5399 66.7967 31.5753 38.3284 21.4009 11.1803 91.6441 30.5941 90.5957 69.1231 58.4974 23.5372 96.2714 67.5471 98.1366 49.9241 17.0294 93.3809 47.5469 49.0408 
27.803 60.4152 41.6293 57.9126 87.418 76.8741 62.8765 60.2646 42.8024 30.2324 8.06226 39.8661 61.9617 0.0 32.7567 44.7214 47.676 17.6918 40.8044 80.1917 67.7054 70.0182 89.2225 23.0868 57.6158 39.1152 22.0907 41.3401 79.3329 57.8777 67.0492 66.0802 84.12 46.2188 51.6356 51.9201 33.3017 83.4541 29.4109 32.573 8.06226 70.846 45.1885 12.1655 49.7695 12.0416 65.0258 54.5363 43.2427 87.1352 
51.1415 93.1504 66.0 72.5328 113.883 90.802 76.6877 92.9552 74.3073 3.0 40.8167 54.7083 75.3127 32.7567 0.0 12.3693 79.0595 15.8114 12.083 102.872 73.5527 95.8376 97.5559 54.4243 90.3063 68.4471 26.4764 74.0945 87.3212 68.1175 99.7397 98.7707 92.4535 69.9406 68.4251 66.7608 50.636 91.7876 56.5685 7.61577 25.6125 79.1794 69.029 42.72 74.027 31.4006 73.0616 82.6075 75.9333 109.621 
60.9607 105.119 78.0577 79.3095 123.503 96.7678 82.8734 104.765 84.1265 15.2971 52.7731 62.1772 81.2712 44.7214 12.3693 0.0 91.3947 28.1603 8.06226 112.688 76.0592 105.657 106.043 66.7308 104.12 80.8084 38.0526 85.9593 95.3834 72.7805 111.771 110.581 100.94 79.7598 77.1038 73.8241 62.2013 100.274 68.884 13.4536 37.2156 87.6662 81.0062 55.0273 86.0058 41.7732 76.531 94.8947 86.9189 118.236 
42.45 21.8403 26.5707 71.8401 63.1269 86.7826 77.3471 32.0624 34.6554 76.2321 40.1995 64.3575 78.2432 47.676 79.0595 91.3947 0.0 63.2488 88.295 57.7235 96.7782 47.5395 66.4473 24.7386 33.7343 13.6015 58.2481 18.4391 70.7824 83.006 41.0488 34.2345 63.3327 40.3609 56.8507 68.2422 41.4005 63.9826 25.6827 80.05 55.7315 65.6878 27.6586 36.4005 27.0185 56.0 91.586 16.5529 32.6497 64.5368 
41.3261 77.6981 51.2445 65.123 105.076 84.0536 70.0071 77.9222 60.46 13.0 25.6125 47.0425 69.0072 17.6918 15.8114 28.1603 63.2488 0.0 26.0 93.0564 72.111 87.6757 88.0833 38.6264 75.2733 52.7731 14.8661 58.8218 78.0639 63.9531 84.7067 83.7377 82.9809 63.8764 58.8603 59.1354 37.3363 82.315 41.1096 18.1108 12.083 69.7068 54.4518 26.9258 59.4138 20.3961 70.342 67.1863 60.9003 99.8061 
54.8444 100.746 77.1622 71.5891 117.236 88.8651 75.0267 99.8124 78.0102 14.8661 48.7032 54.7083 73.3894 40.8044 12.083 8.06226 88.295 26.0 0.0 106.42 68.0294 99.1927 98.8399 63.561 98.0033 78.5175 38.3275 81.5223 87.983 64.7611 105.655 105.847 93.7374 73.2957 70.0 66.1891 62.3699 93.0715 67.0671 8.24621 32.8938 80.4634 80.3057 51.9711 85.2877 36.0555 68.469 93.1343 80.8026 111.033 
62.8223 40.3113 81.2937 43.4166 12.2066 43.7379 45.3982 26.8328 46.1011 101.38 72.2757 53.1679 47.5184 80.1917 102.872 112.688 57.7235 93.0564 106.42 0.0 70.4557 10.198 14.5602 65.0538 24.0416 67.3355 99.1317 42.4264 26.0192 58.4637 19.2094 28.4253 16.0312 39.7839 37.7487 45.31 99.0157 17.0294 78.1009 99.25 82.3675 26.8328 83.4295 74.7022 84.0119 73.7941 64.4981 74.0405 39.686 7.0 
56.8987 94.1193 109.594 28.1603 81.3941 31.3847 25.0799 83.5464 64.292 73.9797 76.4264 33.4215 23.0217 67.7054 73.5527 76.0592 96.7782 72.111 68.0294 70.4557 0.0 72.0278 57.2713 80.7269 78.4474 96.5439 85.4927 79.6241 44.5533 13.9284 82.2982 89.1117 54.4518 57.9748 41.7612 29.4109 100.943 53.4603 97.0966 66.2722 63.9531 46.1736 111.372 79.9827 113.237 55.6678 6.0 111.616 67.1933 71.5891 
55.5926 30.8058 71.1202 44.0114 18.7883 48.4665 47.1699 17.2047 38.8656 94.3453 62.1022 50.039 49.0918 70.0182 95.8376 105.657 47.5395 87.6757 99.1927 10.198 72.0278 0.0 21.2603 54.8803 13.9284 57.1402 88.6939 32.2529 29.4109 59.0762 11.1803 20.0 20.1246 32.5484 34.0974 44.5533 83.7378 21.0238 67.9274 92.1285 75.3333 26.0768 73.2462 64.5287 73.8241 66.76 66.0303 63.8905 29.5125 17.1172 
58.7461 51.7397 89.7508 31.7648 24.1868 29.2746 32.573 38.2099 50.4591 96.2977 81.3065 44.5982 34.7851 89.2225 97.5559 106.043 66.4473 88.0833 98.8399 14.5602 57.2713 21.2603 0.0 77.42 34.2053 75.7664 108.162 50.8573 13.0 46.2385 32.2025 41.2311 5.38516 44.1419 29.3065 35.0 108.047 5.83095 86.5318 92.8077 77.3944 18.868 91.8604 83.733 92.4466 68.821 51.4198 82.9536 48.1169 14.3178 
24.0416 40.3609 28.9017 62.9388 72.2801 80.1384 68.5783 43.909 31.0 51.6236 16.1245 47.5109 68.291 23.0868 54.4243 66.7308 24.7386 38.6264 63.561 65.0538 80.7269 54.8803 77.42 0.0 42.5441 16.7631 35.3878 23.3238 67.5304 68.1258 51.8941 48.8262 72.3176 34.4164 50.0 57.1887 34.9501 71.6517 25.6827 55.3173 31.1448 59.0436 31.3585 11.7047 33.2236 32.5576 76.4886 32.28 31.1448 71.9974 
42.4002 17.6918 58.0345 50.4796 30.1496 58.8303 55.4222 5.09902 20.1488 87.83 49.6998 51.3517 56.5759 57.6158 90.3063 104.12 33.7343 75.2733 98.0033 24.0416 78.4474 13.9284 34.2053 42.5441 0.0 44.0114 75.7237 19.6469 39.6611 64.7765 9.43398 11.0454 31.8277 31.5822 37.1214 49.366 70.7292 32.5576 54.9188 90.6786 64.9211 33.6576 60.0083 51.3172 60.2993 65.2228 72.5672 50.0 17.2327 30.8058 
39.6611 34.9285 14.0357 74.3921 74.108 89.6094 80.0261 43.4166 39.3954 65.5134 32.7567 63.3279 80.7781 39.1152 68.4471 80.8084 13.6015 52.7731 78.5175 67.3355 96.5439 57.1402 75.7664 16.7631 44.0114 0.0 45.1885 25.318 77.0014 83.9428 52.345 46.5725 72.6518 43.909 59.5287 70.5287 27.8029 73.3017 12.53 70.3491 47.0425 68.5145 16.1245 27.0185 17.4642 49.2443 92.3056 15.5242 38.2753 74.2791 
46.7429 75.4324 40.3113 76.288 106.094 95.2496 81.252 77.801 61.7424 23.5372 27.5136 58.2415 80.3372 22.0907 26.4764 38.0526 58.2481 14.8661 38.3275 99.1317 85.4927 88.6939 108.162 35.3878 75.7237 45.1885 0.0 57.4891 98.2728 76.243 85.1571 83.0963 103.06 65.1588 70.0111 70.2956 24.1868 102.394 32.6956 31.3847 21.8403 89.786 43.1045 24.4131 48.0937 30.8058 83.2166 57.9741 61.9185 106.075 
29.1548 19.3132 39.1152 53.8797 49.6488 68.814 59.3785 20.5913 16.2788 71.5612 33.2866 47.8017 60.2821 41.3401 74.0945 85.9593 18.4391 58.8218 81.5223 42.4264 79.6241 32.2529 50.8573 23.3238 19.6469 25.318 57.4891 0.0 55.1924 65.7419 28.7924 25.6125 47.7427 22.2036 38.8831 50.6063 51.7069 48.3926 35.8965 73.3921 48.7665 47.7191 41.4367 33.2415 42.45 50.3679 74.2428 34.6699 14.2127 49.37 
48.8544 57.2545 89.9579 18.868 36.8782 19.2354 19.6469 44.4185 40.5695 86.1626 71.4169 33.2866 21.8403 79.3329 87.3212 95.3834 70.7824 78.0639 87.983 26.0192 44.5533 29.4109 13.0 67.5304 39.6611 77.0014 98.2728 55.1924 0.0 33.2415 40.4969 48.7545 10.0 34.2523 19.4165 22.6274 99.7014 9.0 86.7389 82.2982 67.375 11.1803 92.4146 74.9732 94.2697 58.8016 38.6394 87.2888 52.452 27.2029 
44.2976 80.2814 96.3145 15.1327 69.9214 25.2389 13.8924 69.8713 50.3652 68.0074 63.8256 20.6155 11.6619 57.8777 68.1175 72.7805 83.006 63.9531 64.7611 58.4637 13.9284 59.0762 46.2385 68.1258 64.7765 83.9428 76.243 65.7419 33.2415 0.0 69.029 75.5381 42.72 44.048 27.8927 15.5242 91.4789 41.7612 84.4958 61.4003 54.4059 33.0151 98.7712 67.3819 100.636 45.8401 8.60233 97.8476 53.2666 60.407 
51.8336 21.5407 66.3702 54.1479 22.0907 59.6154 57.7062 9.0 29.5822 97.2634 59.1332 57.7235 59.5399 67.0492 99.7397 111.771 41.0488 84.7067 105.655 19.2094 82.2982 11.1803 32.2025 51.8941 9.43398 52.345 85.1571 28.7924 40.4969 69.029 0.0 9.21954 31.305 38.6629 42.2966 54.037 79.2388 32.2025 63.4284 98.3303 74.3545 36.1248 68.1175 60.7506 68.0074 72.8745 76.3217 56.7186 26.6661 25.0599 
51.3021 13.1529 60.4152 61.1199 30.0832 67.9779 65.0416 6.32456 29.5494 96.2944 58.1378 62.3939 66.7967 66.0802 98.7707 110.581 34.2345 83.7377 105.847 28.4253 89.1117 20.0 41.2311 48.8262 11.0454 46.5725 83.0963 25.6125 48.7545 75.5381 9.21954 0.0 39.9625 42.5939 48.0416 60.208 73.7545 40.8167 57.9441 98.5227 73.3855 43.277 61.8142 58.7963 61.2046 73.0668 83.2116 49.0918 26.6333 34.1321 
53.6436 49.5177 86.6363 27.8568 27.2029 28.4605 29.4279 36.2353 45.3567 91.1952 76.2041 39.598 31.5753 84.12 92.4535 100.94 63.3327 82.9809 93.7374 16.0312 54.4518 20.1246 5.38516 72.3176 31.8277 72.6518 103.06 47.7427 10.0 42.72 31.305 39.9625 0.0 39.0395 24.204 30.5287 102.944 1.0 83.4172 87.7053 72.2919 13.6015 88.7459 79.7604 89.3321 63.7186 48.5077 79.8391 45.0023 17.8885 
29.6956 36.4966 56.9775 31.926 50.5996 46.8603 37.4248 36.3721 6.32456 68.4483 38.3029 28.0 38.3284 46.2188 69.9406 79.7598 40.3609 63.8764 73.2957 39.7839 57.9748 32.5484 44.1419 34.4164 31.5822 43.909 65.1588 22.2036 34.2523 44.048 38.6629 42.5939 39.0395 0.0 16.9294 28.7199 65.0429 38.3736 53.7585 66.3188 49.4363 25.7654 59.4342 40.7294 61.2944 40.863 52.4553 55.9732 9.21954 46.5336 
29.4398 52.3927 72.5653 15.0 49.8762 30.8707 20.5183 42.19 23.2466 67.1193 48.9678 16.6433 21.4009 51.6356 68.4251 77.1038 56.8507 58.8603 70.0 37.7487 41.7612 34.0974 29.3065 50.0 37.1214 59.5287 70.0111 38.8831 19.4165 27.8927 42.2966 48.0416 24.204 16.9294 0.0 12.3693 77.2523 23.5381 69.3463 63.8122 48.1713 10.93 75.0221 52.5241 76.8872 39.598 36.0555 72.1249 26.1479 41.4996 
33.3605 64.7612 83.5653 6.0 57.2713 25.02 11.4018 54.4518 35.0371 65.9697 52.8885 12.1655 11.1803 51.9201 66.7608 73.8241 68.2422 59.1354 66.1891 45.31 29.4109 44.5533 35.0 57.1887 49.366 70.5287 70.2956 50.6063 22.6274 15.5242 54.037 60.208 30.5287 28.7199 12.3693 0.0 80.5418 29.6816 80.3463 61.0983 48.4558 18.6815 86.0221 56.4448 87.8872 39.8824 23.7697 83.1393 37.9384 48.3735 
48.1715 62.4041 17.8885 86.9231 100.87 105.694 91.9315 70.3649 61.6265 47.676 32.6497 70.8641 91.6441 33.3017 50.636 62.2013 41.4005 37.3363 62.3699 99.0157 100.943 83.7378 108.047 34.9501 70.7292 27.8029 24.1868 51.7069 99.7014 91.4789 79.2388 73.7545 102.944 65.0429 77.2523 80.5418 0.0 102.278 17.088 55.0818 38.4187 89.6701 19.9249 25.0799 24.7386 45.2769 98.2638 36.7151 62.0668 105.959 
52.9778 50.2494 87.2861 26.9258 28.1603 27.5136 28.4429 37.0135 44.6908 90.5293 75.5382 38.8973 30.5941 83.4541 91.7876 100.274 63.9826 82.315 93.0715 17.0294 53.4603 21.0238 5.83095 71.6517 32.5576 73.3017 102.394 48.3926 9.0 41.7612 32.2025 40.8167 1.0 38.3736 23.5381 29.6816 102.278 0.0 84.0671 87.0394 71.626 13.0384 89.3957 79.0945 89.982 63.0527 47.5184 80.489 45.6522 18.7883 
40.5572 46.5937 12.8062 84.2097 85.0595 99.4847 89.8438 54.5545 49.4431 53.6004 25.375 63.881 90.5957 29.4109 56.5685 68.884 25.6827 41.1096 67.0671 78.1009 97.0966 67.9274 86.5318 25.6827 54.9188 12.53 32.6956 35.8965 86.7389 84.4958 63.4284 57.9441 83.4172 53.7585 69.3463 80.3463 17.088 84.0671 0.0 59.0085 36.8782 78.252 16.4012 17.5697 20.5913 40.7522 92.8587 26.0768 48.4597 85.0445 
47.5197 92.6154 69.3542 66.7308 110.066 84.6463 70.6045 92.4877 70.6855 9.21954 40.4969 49.2443 69.1231 32.573 7.61577 13.4536 80.05 18.1108 8.24621 99.25 66.2722 92.1285 92.8077 55.3173 90.6786 70.3491 31.3847 73.3921 82.2982 61.4003 98.3303 98.5227 87.7053 66.3188 63.8122 61.0983 55.0818 87.0394 59.0085 0.0 24.6982 74.4312 72.5603 43.7379 77.5242 28.4253 66.0 85.0529 73.4779 105.001 
30.6371 67.9779 48.7032 54.4482 93.3787 73.4098 59.4122 67.57 50.1078 23.3452 15.8114 36.4018 58.4974 8.06226 25.6125 37.2156 55.7315 12.083 32.8938 82.3675 63.9531 75.3333 77.3944 31.1448 64.9211 47.0425 21.8403 48.7665 67.375 54.4059 74.3545 73.3855 72.2919 49.4363 48.1713 48.4558 38.4187 71.626 36.8782 24.6982 0.0 59.0179 52.2015 20.025 56.921 9.05539 61.4654 62.2896 50.5481 89.1171 
40.3696 58.7554 81.471 18.0278 38.9487 27.5862 21.8403 38.4708 32.0826 77.9212 62.9301 26.3492 23.5372 70.846 79.1794 87.6662 65.6878 69.7068 80.4634 26.8328 46.1736 26.0768 18.868 59.0436 33.6576 68.5145 89.786 47.7191 11.1803 33.0151 36.1248 43.277 13.6015 25.7654 10.93 18.6815 89.6701 13.0384 78.252 74.4312 59.0179 0.0 83.9278 66.4864 85.7828 50.4445 40.1995 81.0561 34.984 30.6105 
54.5056 49.4773 3.60555 89.8855 90.0222 105.161 95.5195 59.1354 55.1188 66.0303 41.4686 78.1564 96.2714 45.1885 69.029 81.0062 27.6586 54.4518 80.3057 83.4295 111.372 73.2462 91.8604 31.3585 60.0083 16.1245 43.1045 41.4367 92.4146 98.7712 68.1175 61.8142 88.7459 59.4342 75.0221 86.0221 19.9249 89.3957 16.4012 72.5603 52.2015 83.9278 0.0 33.6632 5.0 56.8243 107.134 17.6918 54.1202 90.3549 
23.4433 51.4004 30.0673 62.1949 81.9285 80.9662 67.8344 53.4135 37.313 39.9249 7.81025 46.7671 67.5471 12.1655 42.72 55.0273 36.4005 26.9258 51.9711 74.7022 79.9827 64.5287 83.733 11.7047 51.3172 27.0185 24.4131 33.2415 74.9732 67.3819 60.7506 58.7963 79.7604 40.7294 52.5241 56.4448 25.0799 79.0945 17.5697 43.7379 20.025 66.4864 33.6632 0.0 38.0885 23.2594 75.7448 42.6089 37.7533 81.6458 
56.3707 48.5077 8.24621 91.7506 90.05 107.024 97.3847 59.0085 56.8595 71.0282 45.8938 80.0215 98.1366 49.7695 74.027 86.0058 27.0185 59.4138 85.2877 84.0119 113.237 73.8241 92.4466 33.2236 60.2993 17.4642 48.0937 42.45 94.2697 100.636 68.0074 61.2046 89.3321 61.2944 76.8872 87.8872 24.7386 89.982 20.5913 77.5242 56.921 85.7828 5.0 38.0885 0.0 61.271 108.999 14.4222 55.7136 90.934 
22.0638 69.5892 53.2353 45.8749 84.8054 64.8365 50.8388 67.0319 45.2296 29.6816 16.4924 27.8284 49.9241 12.0416 31.4006 41.7732 56.0 20.3961 36.0555 73.7941 55.6678 66.76 68.821 32.5576 65.2228 49.2443 30.8058 50.3679 58.8016 45.8401 72.8745 73.0668 63.7186 40.863 39.598 39.8824 45.2769 63.0527 40.7522 28.4253 9.05539 50.4445 56.8243 23.2594 61.271 0.0 52.9882 64.7611 48.022 80.5438 
52.6605 88.3444 104.677 22.2036 75.505 26.4008 19.105 77.666 58.7725 73.2462 72.1885 29.0 17.0294 65.0258 73.0616 76.531 91.586 70.342 68.469 64.4981 6.0 66.0303 51.4198 76.4886 72.5672 92.3056 83.2166 74.2428 38.6394 8.60233 76.3217 83.2116 48.5077 52.4553 36.0555 23.7697 98.2638 47.5184 92.8587 66.0 61.4654 40.1995 107.134 75.7448 108.999 52.9882 0.0 106.424 61.6738 65.7343 
54.5894 36.0139 18.868 87.0 78.7718 102.151 92.6337 47.8539 50.6063 79.6304 48.2701 78.2703 93.3809 54.5363 82.6075 94.8947 16.5529 67.1863 93.1343 74.0405 111.616 63.8905 82.9536 32.28 50.0 15.5242 57.9741 34.6699 87.2888 97.8476 56.7186 49.0918 79.8391 55.9732 72.1249 83.1393 36.7151 80.489 26.0768 85.0529 62.2896 81.0561 17.6918 42.6089 14.4222 64.7611 106.424 0.0 48.8262 80.7775 
27.9046 27.2947 51.6787 41.1445 46.9123 56.0789 46.6433 20.346 3.0 73.457 35.3268 37.054 47.5469 43.2427 75.9333 86.9189 32.6497 60.9003 80.8026 39.686 67.1933 29.5125 48.1169 31.1448 17.2327 38.2753 61.9185 14.2127 52.452 53.2666 26.6661 26.6333 45.0023 9.21954 26.1479 37.9384 62.0668 45.6522 48.4597 73.4779 50.5481 34.984 54.1202 37.7533 55.7136 48.022 61.6738 48.8262 0.0 46.6296 
69.572 46.5188 88.2373 45.6946 10.0 43.0116 46.8402 33.2415 52.8508 108.129 79.2193 56.9188 49.0408 87.1352 109.621 118.236 64.5368 99.8061 111.033 7.0 71.5891 17.1172 14.3178 71.9974 30.8058 74.2791 106.075 49.37 27.2029 60.407 25.0599 34.1321 17.8885 46.5336 41.4996 48.3735 105.959 18.7883 85.0445 105.001 89.1171 30.6105 90.3549 81.6458 90.934 80.5438 65.7343 80.7775 46.6296 0.0 
DEMAND_SCENARIO_SECTION
0 0 0 0 0 0 0 0 0 0 0 0 0 0 0 0 0 0 0 0 0 0 0 0 0 0 0 0 0 0 0 0 0 0 0 0 0 0 0 0 0 0 0 0 0 0 0 0 0 0 0 0 0 0 0 0 0 0 0 0 0 0 0 0 0 0 0 0 0 0 0 0 0 0 0 0 0 0 0 0 0 0 0 0 0 0 0 0 0 0 0 0 0 0 0 0 0 0 0 0 0 0 0 0 0 0 0 0 0 0 0 0 0 0 0 0 0 0 0 0 0 0 0 0 0 0 0 0 0 0 0 0 0 0 0 0 0 0 0 0 0 0 0 0 0 0 0 0 0 0 0 0 0 0 0 0 0 0 0 0 0 0 0 0 0 0 0 0 0 0 0 0 0 0 0 0 0 0 0 0 0 0 0 0 0 0 0 0 0 0 0 0 0 0 0 0 0 0 0 0 
10 9 12 8 1 13 10 11 13 10 8 9 9 11 8 4 7 4 11 8 10 14 6 8 14 9 11 10 16 6 9 9 6 15 11 6 9 9 11 10 14 11 4 9 11 10 8 12 11 7 5 5 16 10 11 6 7 11 8 13 8 8 14 11 9 10 17 8 13 5 16 11 12 1 13 14 16 15 8 15 8 7 13 4 12 10 7 7 9 9 12 11 11 12 9 5 13 6 12 6 14 7 15 12 11 12 12 18 12 10 12 14 8 8 2 13 10 12 7 11 9 6 11 13 6 4 6 11 10 8 11 8 9 13 12 7 11 9 8 7 17 13 13 11 9 13 9 5 10 10 13 7 7 8 11 13 9 6 8 9 3 8 7 10 13 8 10 6 9 5 7 8 10 14 12 10 9 7 9 9 12 13 10 6 5 8 10 11 14 9 10 12 9 7 7 7 3 12 13 19 
8 3 6 8 6 3 4 12 5 5 6 2 10 6 6 9 9 7 9 14 5 2 7 4 10 5 10 7 6 7 5 8 8 6 5 10 9 8 8 5 4 8 10 10 3 16 11 6 6 4 9 7 5 10 6 5 7 4 8 10 11 5 7 8 9 7 6 9 10 9 11 9 4 10 2 9 8 5 9 10 9 6 6 6 9 8 5 6 9 9 5 9 9 1 5 10 10 7 12 6 4 6 10 7 8 4 11 13 5 2 6 7 6 8 6 6 8 6 1 9 7 9 6 5 6 9 4 3 9 7 10 7 4 8 9 3 5 9 6 6 9 5 10 9 5 9 6 6 5 6 8 6 9 9 8 6 6 7 6 8 12 10 12 5 5 7 6 11 8 5 7 8 7 8 4 4 2 10 7 7 6 6 6 8 8 8 7 9 9 3 6 9 3 7 5 4 10 7 6 5 
6 3 4 4 2 4 4 3 4 6 3 1 4 5 5 2 3 4 4 4 3 4 4 6 4 4 5 5 4 5 3 7 4 4 4 5 5 3 8 4 5 2 5 4 4 4 3 7 5 2 2 4 5 5 4 4 6 6 3 3 4 5 1 3 4 3 3 2 4 4 4 4 4 3 2 3 4 5 5 7 5 6 6 5 5 4 4 4 4 7 3 3 4 3 3 3 6 5 5 5 5 5 4 6 5 4 4 2 6 3 2 6 2 4 2 3 4 5 5 3 5 4 4 4 3 4 5 5 4 4 5 4 4 6 2 2 3 3 4 4 5 5 4 5 5 6 3 3 5 3 6 5 3 3 4 5 6 5 3 4 1 6 6 5 4 3 4 5 4 2 3 5 6 3 5 4 3 2 7 5 6 3 0 3 3 5 3 3 4 5 4 3 3 5 4 4 4 5 3 3 
4 5 3 3 3 4 4 4 2 4 5 4 2 3 4 1 3 5 3 6 2 5 6 3 3 4 3 3 6 4 4 3 3 4 4 4 4 4 5 4 4 5 3 6 4 2 6 2 4 4 5 3 4 4 1 3 1 4 4 5 5 3 4 3 5 6 6 4 4 3 5 5 3 4 1 3 6 6 6 3 3 3 2 2 6 4 3 5 3 4 5 6 4 3 5 3 6 4 5 5 4 6 4 5 6 3 4 2 4 4 1 7 3 3 7 4 5 7 3 4 5 4 5 3 4 2 3 4 2 5 1 7 4 6 6 4 4 3 5 3 6 3 7 4 4 3 6 2 4 6 7 2 2 2 5 4 3 4 4 5 5 5 2 3 6 3 2 5 6 3 4 7 3 4 4 5 4 4 5 0 2 4 6 2 5 5 4 3 4 4 2 5 3 5 2 6 5 5 4 4 
1 2 2 2 2 1 3 2 2 2 1 2 1 1 2 0 2 3 3 3 3 3 2 1 1 2 3 2 2 2 2 2 2 0 4 2 3 3 2 3 2 2 1 2 3 3 2 1 2 2 3 2 2 2 3 2 2 2 2 2 3 4 2 2 2 3 1 2 1 3 2 1 1 2 3 2 2 1 2 2 2 2 2 2 2 2 2 2 1 3 1 3 3 1 3 1 2 1 3 3 2 1 2 2 2 2 2 3 2 2 3 2 2 3 2 2 3 3 2 3 2 2 2 1 1 1 2 2 1 3 1 1 2 2 3 1 2 3 3 3 2 2 2 2 2 3 2 0 3 2 2 2 2 1 2 1 2 3 1 2 2 2 2 2 2 2 1 1 2 3 2 3 1 2 1 1 4 4 2 2 4 3 2 2 3 2 2 1 2 1 2 0 3 2 3 2 2 2 2 1 
1 1 2 3 1 2 2 3 2 1 2 2 2 3 1 2 3 1 2 3 2 4 1 1 2 2 3 1 1 1 2 2 2 4 2 2 2 2 2 3 2 3 2 3 3 2 2 2 1 1 2 2 3 1 3 2 3 2 2 1 3 2 2 2 2 3 3 2 2 1 2 0 2 2 1 2 2 1 2 2 1 3 2 2 1 2 2 2 1 2 2 2 1 3 1 1 1 3 2 2 3 2 1 2 2 1 3 3 2 2 2 1 2 2 2 4 3 2 0 3 2 2 3 2 2 3 2 2 2 1 3 1 2 3 2 2 3 1 2 3 2 2 2 2 3 2 1 2 1 2 2 2 2 2 1 2 2 2 3 2 3 2 1 2 2 2 2 2 3 3 2 1 2 2 3 3 3 2 3 2 2 3 2 1 1 2 3 1 2 1 1 1 2 1 2 1 2 2 1 2 
4 1 3 4 3 2 4 3 3 3 4 3 3 4 2 3 3 2 4 3 4 2 3 2 3 2 3 3 3 2 5 3 2 3 3 2 3 6 4 2 5 1 5 4 2 3 3 4 3 3 3 3 3 2 2 5 4 4 4 3 3 4 2 2 1 5 1 3 4 4 2 4 2 4 4 5 4 3 3 3 4 3 4 4 3 2 3 3 4 2 3 3 3 3 2 2 4 4 3 3 3 3 1 2 3 2 3 3 3 1 3 2 3 4 3 3 4 3 5 3 3 3 0 3 2 2 3 3 4 2 4 3 2 2 2 2 3 4 3 3 3 5 1 5 3 4 6 5 2 3 3 3 4 4 4 3 4 2 3 2 2 2 4 4 1 3 4 4 3 3 2 5 3 4 4 3 2 4 4 2 4 3 2 3 1 2 3 2 0 3 4 3 3 3 3 2 1 3 3 2 
4 5 3 4 4 3 2 6 3 5 4 3 4 6 6 5 5 2 1 3 4 6 5 5 2 1 5 4 4 4 4 5 7 4 4 3 3 5 2 5 5 4 3 4 3 3 6 4 5 4 5 2 3 4 4 4 2 5 3 5 5 5 4 2 5 4 6 4 6 3 5 5 4 5 4 3 3 3 3 6 5 4 1 3 0 3 2 3 3 3 3 6 2 7 2 2 3 4 4 5 5 4 3 4 3 4 5 5 2 2 3 5 2 3 4 3 5 5 4 5 6 3 2 5 5 3 2 4 5 4 4 1 3 6 6 6 1 5 4 5 2 3 3 3 2 6 4 4 3 4 3 6 5 4 3 5 5 4 5 4 2 4 3 2 5 2 4 4 5 3 5 5 6 4 7 6 6 2 4 6 7 5 5 8 4 3 6 4 5 5 4 5 1 2 2 7 4 2 4 2 
7 8 2 6 3 2 6 2 2 9 4 2 8 6 3 7 5 4 5 4 6 5 3 4 5 3 7 6 6 5 3 6 7 6 5 7 6 5 5 6 6 5 6 6 4 4 5 6 5 5 5 4 4 4 4 3 3 4 3 4 4 6 4 8 5 6 4 6 3 1 6 5 8 6 3 3 4 3 6 4 4 3 5 2 6 3 4 4 8 3 7 5 2 7 4 4 5 6 7 6 6 4 7 3 4 9 4 7 1 4 3 3 7 7 7 6 3 3 3 5 6 2 8 8 4 4 2 7 4 3 5 7 5 6 6 5 8 3 9 4 5 4 3 3 4 4 6 4 5 6 7 4 4 5 5 2 3 3 7 4 5 7 5 3 7 6 7 3 4 7 5 5 6 5 6 8 3 2 9 4 3 7 6 3 6 6 5 2 5 5 5 5 5 4 8 4 3 5 6 5 
3 3 8 5 7 1 7 4 5 6 6 7 5 7 5 2 8 6 5 4 5 7 5 5 6 4 4 7 5 5 5 5 6 5 5 5 4 6 3 3 6 6 5 5 5 8 5 5 7 6 7 6 6 7 5 5 4 5 5 5 7 5 4 5 7 4 3 4 6 7 2 7 7 4 4 7 6 5 4 5 4 6 5 6 6 5 4 5 5 4 4 5 6 8 6 2 3 7 5 3 6 5 7 3 6 3 5 6 5 6 5 7 7 4 5 5 5 4 7 5 3 5 4 6 5 6 6 6 3 4 7 2 3 5 3 3 8 5 6 5 6 6 4 6 5 7 3 4 4 4 2 7 4 5 7 5 5 5 4 3 6 6 7 5 4 4 6 2 8 5 6 6 5 6 8 5 7 3 5 7 6 4 6 7 3 4 5 5 5 3 7 6 4 4 4 7 4 6 3 6 
7 9 9 5 9 6 3 4 7 9 8 8 11 11 7 9 8 6 11 10 12 5 13 6 8 8 8 2 4 5 5 4 8 7 9 4 8 6 4 7 8 3 6 4 11 7 5 2 6 7 9 7 4 8 8 5 5 3 7 9 9 10 9 10 9 1 10 6 2 7 9 6 8 7 5 9 5 7 9 7 4 10 6 6 6 7 5 6 10 9 7 8 6 7 8 7 7 7 14 10 10 6 4 4 5 7 9 6 7 5 7 9 11 4 5 9 9 12 8 7 6 6 7 5 6 10 6 5 6 4 7 8 9 9 9 8 5 7 9 10 7 8 6 8 7 10 4 6 8 8 7 9 4 5 12 5 5 7 5 10 7 6 5 7 12 7 7 6 5 7 8 7 6 7 6 5 6 11 8 7 8 7 4 8 8 7 8 4 6 6 7 0 4 7 7 12 4 10 4 4 
2 1 2 2 2 1 2 2 1 1 2 2 2 2 3 3 2 2 2 2 2 2 2 3 2 2 2 2 3 2 3 1 2 4 2 2 1 3 3 2 2 2 2 3 1 3 2 2 2 1 2 1 4 2 2 4 2 2 3 2 2 2 3 1 2 2 2 3 1 2 1 3 2 4 2 1 2 1 1 2 2 1 2 2 2 3 2 2 1 2 2 2 2 2 2 2 2 2 1 2 1 2 2 2 2 3 2 2 1 1 2 1 3 3 2 2 2 3 2 2 2 3 3 2 3 2 2 2 3 2 1 3 1 2 2 2 3 2 2 2 1 1 2 2 2 2 2 2 1 2 2 2 2 3 2 1 3 2 2 2 2 2 3 2 2 2 2 2 2 1 1 1 3 1 1 3 2 2 2 3 2 4 3 3 1 2 2 2 2 3 2 1 3 3 2 2 3 2 2 2 
6 7 5 5 1 4 5 5 11 10 11 6 8 5 8 6 6 9 3 4 6 5 6 8 3 7 9 8 3 2 7 11 5 8 4 9 8 7 10 7 9 5 5 5 8 8 5 9 9 9 5 3 9 5 7 7 9 10 2 7 3 11 7 10 8 5 9 7 6 8 8 7 11 6 8 8 7 5 11 10 6 3 5 7 6 8 8 5 6 10 4 9 9 7 10 5 7 9 8 6 10 9 12 4 8 8 8 5 7 7 8 8 1 5 8 10 5 7 8 3 5 7 9 9 2 6 7 4 8 5 5 9 4 6 5 11 4 9 11 6 5 8 11 9 8 7 8 4 8 8 6 5 5 8 8 10 5 8 7 6 5 3 4 6 3 6 4 6 12 7 11 5 8 7 8 11 6 7 4 8 7 7 5 8 6 11 4 5 7 4 8 7 10 6 3 6 9 8 5 9 
4 5 7 4 3 8 5 5 5 5 5 8 5 7 7 8 5 4 4 4 6 10 9 9 4 8 6 6 4 4 4 3 5 5 5 6 5 4 5 2 7 6 6 9 4 8 8 2 6 1 8 6 5 5 4 6 4 5 9 7 5 6 1 6 6 2 8 6 3 2 4 4 5 2 4 6 5 2 7 2 4 5 5 6 7 8 6 4 5 6 8 4 4 5 4 6 4 8 4 6 5 5 6 5 5 5 6 2 6 6 3 6 4 5 5 3 3 7 6 7 5 6 5 3 5 6 6 4 6 5 3 7 6 9 5 3 4 6 7 6 5 5 7 6 3 4 5 4 5 6 3 6 3 7 0 5 1 6 6 4 4 6 6 6 7 6 4 10 6 3 7 5 6 7 7 4 7 4 8 5 7 6 7 5 9 4 0 3 8 8 2 3 1 2 4 5 3 4 6 3 
0 1 2 2 2 3 2 3 1 2 3 2 4 1 1 3 2 2 3 1 2 2 1 1 1 2 2 2 3 2 3 2 3 2 1 2 2 2 3 2 1 3 2 1 1 1 2 2 1 2 2 2 1 3 3 3 3 2 2 2 2 2 2 3 2 3 2 1 3 2 2 1 3 2 2 0 2 2 2 2 1 2 2 1 1 3 3 2 2 2 2 2 2 3 3 2 2 2 2 1 2 3 2 2 2 2 3 2 4 2 2 1 1 2 3 2 3 1 2 2 3 4 2 3 2 1 3 2 1 2 2 2 3 2 3 2 1 3 2 1 1 2 2 2 3 3 2 1 3 2 2 1 3 3 3 4 3 2 2 2 2 1 3 3 4 2 1 1 2 2 2 3 2 1 2 1 2 2 2 2 2 3 2 2 2 2 1 2 2 1 2 3 3 2 1 1 3 3 2 2 
1 13 6 8 7 10 7 12 2 14 6 14 10 4 8 2 8 14 13 11 13 12 9 15 7 14 9 16 9 15 9 11 13 14 8 4 3 12 12 12 6 10 9 7 9 13 8 10 5 9 4 9 10 13 7 8 12 11 14 9 13 9 8 12 8 6 9 10 7 8 12 5 10 12 8 13 9 13 13 14 9 11 8 13 8 8 8 10 14 7 7 7 13 8 9 10 9 18 12 7 9 7 15 6 6 6 13 15 11 8 8 10 11 12 13 9 14 14 8 11 17 13 11 7 11 11 6 10 14 16 11 10 13 9 12 10 15 13 12 8 15 9 9 3 9 5 13 9 5 9 11 9 8 7 8 12 13 12 12 3 12 12 14 13 13 8 9 13 12 9 9 12 8 14 16 11 9 6 17 10 7 11 7 7 10 12 11 14 12 12 4 15 7 6 7 12 6 11 8 10 
4 3 0 6 2 10 6 8 3 5 7 5 6 7 6 5 9 8 6 5 0 3 4 3 6 4 7 3 4 5 2 7 7 9 3 6 9 8 5 3 8 5 8 5 6 8 7 5 5 6 7 3 6 6 7 5 5 6 5 5 6 6 9 5 4 8 8 7 4 3 5 6 3 6 3 4 7 3 5 10 11 5 7 7 6 8 8 9 9 7 7 7 10 3 5 2 9 6 5 5 3 4 8 4 6 1 3 7 3 8 2 3 8 6 6 3 2 4 8 6 4 8 4 7 3 9 7 6 7 7 8 5 6 6 8 7 9 7 7 8 7 6 5 1 8 7 5 4 4 5 5 9 10 9 5 4 7 3 7 5 7 5 9 7 6 8 7 4 5 8 9 6 6 8 6 6 6 6 7 6 7 3 2 8 7 3 1 5 9 5 4 4 8 8 6 7 4 4 5 5 
7 5 5 6 7 11 6 6 8 8 9 11 8 6 6 10 3 3 8 7 11 11 7 4 8 10 6 0 13 10 11 10 8 8 8 6 3 9 8 7 7 2 9 9 3 6 9 6 9 13 8 7 6 11 10 9 6 0 8 4 6 8 10 8 10 7 6 6 5 9 9 5 8 5 4 9 6 6 10 9 8 11 8 6 12 10 7 8 7 2 9 12 7 12 10 10 13 11 10 4 12 8 8 9 5 13 11 11 7 9 5 5 10 6 6 7 6 0 9 9 7 8 11 3 9 6 9 2 5 6 11 3 2 10 7 7 8 11 11 10 5 6 10 3 8 8 9 8 10 9 8 9 11 9 9 7 12 5 11 7 7 11 7 6 5 6 8 5 9 10 7 6 13 9 7 4 5 7 9 9 11 6 11 2 9 12 6 2 8 14 5 6 10 9 12 10 3 10 8 9 
5 4 6 3 3 4 5 3 3 4 3 4 5 4 1 3 5 3 4 5 7 3 5 3 6 3 4 4 2 3 3 5 5 4 3 3 4 1 4 4 6 3 4 4 2 4 1 5 4 5 2 2 4 5 3 6 5 4 2 6 4 4 5 7 3 3 4 4 4 5 5 6 4 1 4 4 2 4 5 4 5 5 7 4 6 4 5 3 6 3 4 7 4 5 4 4 3 3 3 4 4 3 5 3 3 2 3 5 2 3 4 5 5 6 6 3 1 5 4 4 4 4 3 4 5 4 5 4 4 5 4 4 4 6 4 3 5 2 4 6 2 5 3 4 4 3 3 3 3 3 5 5 5 6 4 4 4 4 4 5 5 4 5 7 4 2 3 6 5 6 5 5 4 3 2 4 4 3 6 2 4 4 3 4 5 4 4 3 4 3 6 3 2 3 3 3 8 4 3 6 
3 3 4 4 5 3 2 2 2 2 4 4 4 3 2 2 2 3 1 2 4 1 3 2 2 5 2 2 2 3 4 4 2 3 2 2 3 3 4 3 3 4 3 2 4 3 4 5 2 4 1 4 2 3 1 3 4 4 2 3 2 3 2 2 3 4 3 5 3 2 4 2 3 1 4 2 2 4 3 2 5 4 4 1 5 2 1 4 3 2 3 1 2 3 3 5 3 2 2 3 4 3 3 4 3 4 4 5 4 3 1 1 1 3 4 4 5 2 4 3 3 4 4 1 3 3 5 2 3 3 3 3 3 4 3 5 1 2 3 4 3 3 3 3 2 2 3 2 3 4 4 4 1 4 3 3 3 2 2 5 3 4 4 3 1 3 5 4 5 3 5 2 4 4 5 3 3 2 5 3 3 3 3 3 4 3 3 5 2 5 4 5 3 2 3 4 3 3 3 3 
14 5 10 1 5 8 8 7 12 10 9 11 15 11 12 6 5 15 7 8 9 9 10 9 15 9 13 14 8 8 9 6 10 10 14 12 12 10 8 5 15 7 5 9 7 12 15 9 8 12 7 13 5 14 15 20 10 10 12 5 16 12 16 8 4 9 14 14 12 9 12 11 7 6 8 6 4 11 13 7 15 5 10 11 13 12 5 9 15 3 9 14 16 7 9 8 7 6 10 12 11 11 8 14 13 15 19 8 9 8 12 14 10 12 8 7 1 7 10 7 10 10 5 11 11 11 10 11 15 14 9 13 7 9 9 6 9 10 9 13 11 9 11 8 12 12 8 8 14 6 13 14 8 6 5 5 8 6 5 6 20 5 8 14 10 19 7 11 10 12 12 9 7 13 8 1 15 8 11 13 5 6 6 7 9 13 9 8 14 11 9 9 9 10 20 7 10 6 11 9 
4 5 4 5 4 4 3 6 6 4 4 2 5 6 2 5 6 4 3 4 3 4 6 3 6 7 2 6 5 5 8 4 5 7 4 6 6 2 2 2 4 5 6 4 3 3 5 4 5 4 6 4 5 5 3 5 4 7 1 4 6 4 5 5 7 1 4 4 5 4 4 3 4 3 5 1 4 5 2 1 6 3 4 4 4 5 6 6 5 4 4 5 0 4 1 4 1 3 2 4 4 5 3 5 4 2 3 5 4 6 3 3 1 5 4 4 6 4 2 4 1 2 4 2 4 2 3 5 3 3 2 4 2 5 3 3 3 2 3 5 6 6 6 4 4 4 4 6 0 3 5 4 6 5 2 3 3 5 5 3 4 5 3 5 5 5 6 1 3 5 5 7 3 4 3 5 4 2 3 4 2 5 6 5 5 6 4 6 3 4 6 5 2 4 8 5 6 5 6 5 
8 5 13 12 5 7 8 4 10 9 12 9 9 5 7 12 8 6 12 7 9 4 6 0 8 11 5 13 7 6 12 5 9 13 5 6 10 9 5 9 6 6 7 7 9 7 7 2 9 7 9 11 5 7 7 11 10 4 8 9 7 8 3 9 10 10 15 9 3 10 5 12 7 5 13 11 7 10 11 7 8 7 6 3 8 9 4 8 6 3 10 7 7 9 7 5 8 3 7 10 11 5 6 1 10 6 9 12 6 4 7 6 7 7 7 13 8 8 11 5 7 10 9 9 12 10 5 7 15 15 9 13 12 9 9 7 8 9 1 9 4 5 10 6 9 4 6 8 5 12 10 2 8 8 9 16 11 13 5 8 6 9 11 6 8 7 8 3 8 7 9 11 9 6 11 4 6 7 8 8 11 8 6 11 9 10 6 11 8 5 10 4 8 5 13 9 3 7 14 6 
4 0 1 4 3 4 3 3 3 3 3 2 2 4 4 4 3 3 3 3 3 3 5 3 4 4 3 7 3 2 4 4 1 3 2 3 3 2 3 3 3 3 4 3 2 3 2 3 2 3 4 3 4 1 3 3 4 2 4 3 3 3 2 1 1 3 4 5 3 2 4 2 1 2 3 2 3 4 3 3 3 2 2 4 2 4 2 3 3 3 4 4 4 3 4 2 4 1 5 3 4 3 3 2 3 5 2 3 3 2 6 5 3 4 4 3 2 3 3 2 3 5 3 3 2 2 4 1 4 4 1 4 2 4 4 2 3 3 4 3 5 2 1 3 4 2 3 4 3 3 4 3 4 3 3 4 1 1 5 2 3 3 4 2 4 4 2 3 3 3 3 3 3 0 2 3 2 4 3 4 3 3 3 3 1 3 2 3 4 3 3 4 5 3 4 3 4 3 2 3 
8 9 8 4 5 4 10 8 10 6 4 6 8 11 9 7 6 8 8 6 11 8 8 9 10 11 13 7 8 4 7 3 6 10 6 6 7 9 11 9 5 6 5 9 6 9 8 10 4 3 6 6 10 7 8 6 12 9 6 2 8 9 8 3 4 10 9 14 6 6 7 8 10 8 8 8 11 9 7 5 3 6 8 6 6 7 9 4 5 6 7 7 8 4 10 12 10 10 9 9 6 4 10 7 8 8 7 7 6 8 4 3 9 8 7 11 6 6 8 5 1 7 6 5 2 5 6 8 4 7 9 9 5 7 7 7 8 5 7 10 9 9 2 9 9 5 10 6 9 5 8 4 8 10 7 8 6 8 10 8 11 9 6 10 7 5 7 11 9 9 7 6 4 4 10 3 9 5 10 6 7 6 10 8 6 8 7 5 6 8 7 11 3 7 7 9 7 8 6 11 
6 2 3 5 7 3 3 3 4 5 4 5 5 6 6 2 7 5 8 5 4 7 6 4 5 2 6 6 6 4 5 3 5 2 7 5 5 4 5 9 7 4 6 5 4 4 6 5 6 4 3 3 6 7 4 8 7 6 3 6 6 5 6 6 9 6 5 4 5 4 6 4 4 6 5 4 7 3 4 4 5 4 5 7 3 5 6 5 5 4 5 4 8 5 2 5 2 5 7 2 6 5 8 7 5 5 4 4 2 6 3 3 5 8 7 7 8 3 4 2 5 5 5 5 6 6 4 6 4 4 7 6 5 8 5 4 4 3 4 4 6 5 4 3 7 4 4 5 4 5 8 7 5 4 4 7 5 5 6 6 5 7 4 5 4 7 2 5 6 8 6 7 7 7 2 6 6 6 4 6 3 6 4 4 5 5 8 7 3 3 2 5 3 7 6 6 7 2 5 5 
7 4 3 3 4 4 4 5 8 7 6 4 5 6 7 5 3 6 5 7 4 2 5 4 6 4 5 5 5 6 5 5 6 6 5 1 7 7 6 4 2 9 7 5 6 4 7 5 6 4 3 3 6 2 5 7 8 5 6 3 4 6 4 7 5 5 6 6 6 3 3 6 5 6 5 5 4 4 6 4 7 6 5 7 7 3 4 7 6 4 6 4 7 4 5 5 5 5 4 6 6 5 4 6 8 5 0 5 7 5 5 6 6 3 2 6 7 3 7 4 3 7 5 4 4 3 6 5 5 4 5 3 4 8 6 7 6 4 6 5 4 6 3 7 6 3 5 5 6 4 6 5 8 5 6 5 3 7 8 4 5 4 2 2 4 2 3 7 4 6 6 6 4 0 5 4 3 2 8 1 8 7 7 8 5 2 4 6 3 6 3 6 3 6 7 5 4 4 4 4 
2 1 1 1 1 1 1 1 1 1 1 1 1 1 1 2 1 1 1 1 1 1 1 1 1 0 1 1 1 1 1 1 1 1 1 1 1 1 1 1 1 1 1 1 1 1 1 0 1 1 1 1 1 1 1 2 1 1 1 1 1 1 0 2 1 1 1 1 1 0 1 1 1 1 1 1 1 1 1 1 1 1 1 1 1 1 1 2 1 1 1 1 2 1 1 1 2 1 1 1 1 1 2 1 0 1 1 2 0 1 1 1 1 1 1 1 1 0 1 1 1 1 2 1 1 1 1 1 1 1 1 1 1 1 1 1 1 1 1 1 1 2 0 1 1 1 1 1 1 1 1 2 2 1 1 1 1 1 1 1 1 1 2 1 1 0 1 1 1 1 1 1 1 1 1 1 1 1 1 1 1 1 1 1 1 1 1 1 0 1 1 0 1 1 1 1 1 1 0 1 
0 1 1 1 1 2 2 1 1 1 2 2 1 1 1 1 2 1 1 1 1 1 1 2 1 1 1 1 1 1 1 2 1 2 1 1 1 1 1 1 1 1 1 1 1 1 2 0 1 1 2 0 1 1 1 1 1 0 2 1 1 1 1 1 1 1 1 1 1 1 1 1 1 1 1 1 1 1 1 2 1 1 1 1 1 1 1 1 1 0 1 1 1 1 1 1 1 1 1 1 1 2 1 1 1 1 1 0 0 1 1 2 1 1 0 0 1 1 0 1 1 1 1 1 1 1 1 1 1 1 2 2 1 1 2 1 1 1 1 1 1 1 1 1 1 1 1 1 1 1 1 1 1 0 1 0 2 2 1 2 1 1 1 1 0 1 1 1 0 1 1 1 1 1 1 1 1 1 1 1 1 1 1 1 1 1 1 1 1 1 1 1 1 1 1 1 1 1 2 1 
1 1 0 1 1 1 1 1 1 1 1 0 1 1 0 1 1 1 1 1 1 1 1 2 0 2 1 1 0 1 1 1 1 1 1 1 1 1 1 1 1 1 0 1 1 1 1 2 1 1 1 1 1 1 2 1 1 2 1 1 1 1 1 1 1 1 1 1 0 1 1 1 1 1 1 1 1 1 1 2 1 1 0 1 1 1 1 1 0 1 1 1 0 1 1 1 1 1 1 2 1 1 0 1 1 1 1 1 1 1 1 1 1 1 1 0 1 1 1 1 0 1 1 2 1 1 1 1 1 1 1 1 1 1 1 0 1 1 1 1 1 1 1 1 1 1 1 1 1 1 1 1 1 2 1 1 1 1 1 1 1 1 1 1 1 1 2 1 1 1 1 2 1 1 1 1 1 1 1 0 1 1 1 1 1 1 1 1 1 1 0 1 1 1 1 1 1 1 1 1 
3 4 2 3 3 4 3 3 3 3 3 3 2 3 3 2 2 4 1 3 2 2 3 4 5 3 3 3 2 3 3 3 4 4 2 3 1 4 3 4 3 3 3 2 4 3 2 4 1 4 4 3 2 1 3 2 3 3 5 3 3 2 2 2 3 5 4 4 2 2 2 3 4 3 3 2 3 4 2 2 3 2 5 3 2 4 2 3 2 4 4 1 4 2 2 4 4 4 3 2 2 4 2 3 3 3 4 2 4 4 2 5 3 3 3 5 1 3 2 3 4 4 2 4 3 4 2 3 2 3 3 2 3 4 5 2 4 4 4 4 3 3 3 4 3 3 1 3 2 4 4 2 2 2 4 3 3 2 1 2 5 4 3 3 3 3 1 4 4 4 2 2 3 4 2 4 4 3 3 4 2 3 1 5 2 3 3 4 4 3 3 4 3 3 3 2 2 4 3 3 
1 1 2 1 1 1 1 1 1 1 1 1 1 1 1 2 1 1 1 1 1 1 2 1 0 1 1 1 1 1 1 1 1 1 2 1 1 1 2 1 1 1 1 1 1 1 2 1 1 1 1 1 1 1 1 0 1 1 1 1 1 1 1 1 1 1 1 1 1 1 1 1 0 1 1 1 1 1 1 1 1 1 0 1 1 1 1 1 1 1 1 1 1 1 1 1 1 1 1 1 1 1 1 1 2 1 1 1 1 1 0 0 1 1 1 1 1 1 1 1 1 1 1 1 1 1 1 1 1 1 1 0 1 1 1 1 1 1 2 1 1 1 1 1 1 1 1 2 1 1 1 1 1 1 1 1 1 1 1 2 1 1 1 1 1 1 1 1 2 0 1 1 1 1 1 1 1 1 1 1 1 0 0 1 2 1 1 1 1 1 1 1 1 1 1 1 1 1 0 1 
6 7 8 6 6 6 8 7 6 0 8 7 7 5 4 5 9 6 10 7 5 6 7 8 8 3 7 9 7 3 7 8 3 6 4 6 5 5 6 7 5 7 7 6 0 5 7 3 7 4 9 9 4 8 7 6 5 5 11 7 7 8 6 8 6 6 7 6 6 5 9 11 4 4 9 9 3 7 6 6 8 6 9 9 4 6 3 5 8 7 4 4 7 6 6 4 5 6 5 8 6 5 3 6 5 3 7 5 2 4 6 7 8 7 9 5 6 10 6 7 5 4 10 6 6 7 12 6 6 2 6 9 9 8 3 7 7 8 7 5 6 4 9 5 5 6 4 3 6 6 6 6 4 3 8 5 4 6 10 4 8 5 8 9 6 4 10 4 5 5 10 8 9 5 4 6 8 3 6 9 5 6 7 8 4 5 8 3 9 1 5 7 8 4 4 7 2 6 4 3 
3 1 3 4 3 2 1 4 4 4 4 4 3 3 1 2 2 4 4 3 5 3 2 3 1 5 5 2 3 3 4 2 4 3 3 2 5 4 3 1 3 3 5 3 3 4 4 2 5 2 3 3 2 3 3 4 3 2 3 3 2 2 5 2 3 5 4 1 3 3 5 2 4 3 1 1 4 3 3 3 3 3 4 1 3 3 3 3 4 2 3 4 3 2 2 2 3 2 2 3 1 2 3 5 3 3 4 3 2 3 4 3 3 3 2 4 4 4 2 3 4 4 3 3 1 1 2 3 2 5 3 3 4 2 4 4 5 4 3 4 3 3 3 3 1 3 3 3 3 3 3 4 2 4 1 5 3 2 3 4 4 4 5 2 5 3 3 2 4 2 4 5 6 2 3 2 2 4 3 4 3 2 3 5 3 3 2 2 4 5 3 2 4 4 2 1 5 2 3 2 
5 8 5 7 5 3 7 9 2 9 6 6 6 8 6 2 6 4 6 5 8 5 10 5 4 5 10 7 4 5 5 7 6 5 7 3 7 10 3 8 8 4 4 6 5 3 9 8 8 3 4 10 6 6 6 5 4 1 8 4 4 4 9 9 6 7 6 7 7 5 6 5 6 7 3 5 6 8 4 7 7 6 5 4 8 8 2 11 9 7 7 4 9 6 8 12 8 7 6 5 6 5 5 6 5 3 6 3 8 9 4 7 9 8 4 7 8 5 7 4 2 5 7 6 7 6 5 10 4 6 4 4 4 3 6 1 6 5 7 8 8 9 5 6 5 7 7 4 7 4 1 5 5 8 7 7 6 1 11 4 5 5 7 3 6 6 4 4 5 5 6 5 10 8 9 5 6 4 5 7 7 6 6 6 10 8 5 6 7 7 8 7 5 7 3 8 5 6 3 3 
9 8 7 13 12 9 6 6 10 8 3 15 8 9 14 6 15 3 10 8 15 12 6 9 12 7 11 8 7 4 6 8 6 6 10 9 8 8 15 7 4 7 9 9 9 6 6 9 7 7 4 10 12 7 11 9 12 8 7 11 9 12 10 7 4 6 8 13 5 9 11 10 11 4 9 7 11 10 9 7 7 10 3 8 5 11 12 9 9 16 3 9 15 10 6 7 4 3 11 7 9 8 8 10 8 13 10 12 7 14 14 9 7 9 7 7 9 11 10 11 9 10 13 6 2 8 10 12 10 9 9 11 13 5 10 6 10 8 9 8 9 8 16 1 7 13 14 9 10 10 11 5 9 9 7 8 8 12 8 4 12 16 13 9 10 7 9 1 8 9 10 9 9 10 9 7 10 11 11 7 10 11 6 7 12 13 9 14 9 6 7 9 9 14 10 8 11 5 5 11 
4 3 7 7 4 6 4 7 4 7 7 6 7 6 8 6 3 9 3 6 6 7 4 7 7 1 8 7 6 4 7 3 4 2 5 7 4 3 7 5 1 7 8 7 9 6 6 6 11 9 3 8 3 5 7 9 6 5 7 7 3 2 8 6 3 3 7 6 2 4 5 6 7 9 9 7 8 5 2 4 6 6 9 3 8 7 8 5 7 3 8 6 7 7 5 8 7 10 4 7 7 8 6 9 6 4 5 6 6 2 4 6 4 5 6 7 4 3 6 4 8 6 8 7 11 7 3 5 5 7 7 11 7 8 7 6 6 6 5 5 3 4 8 4 7 6 7 4 4 6 6 7 3 6 5 7 7 9 5 8 7 9 7 8 5 4 6 8 5 7 8 7 7 3 6 7 5 5 7 6 3 3 4 6 9 4 5 4 5 5 6 8 7 8 5 9 10 6 5 6 
1 1 1 1 1 1 1 1 1 1 1 1 1 1 1 1 2 1 1 2 1 1 1 1 1 1 2 1 1 1 1 1 1 1 1 1 1 2 1 1 1 0 1 1 1 1 1 1 1 1 0 0 1 1 1 1 1 1 1 1 1 1 1 1 1 1 1 0 1 2 1 1 1 1 1 1 1 1 1 1 1 1 1 1 1 1 1 1 1 1 1 1 1 1 1 1 1 1 1 1 1 1 1 1 1 1 1 1 1 1 1 1 1 1 1 2 1 1 1 0 1 1 1 1 2 1 1 1 1 1 1 1 1 1 1 1 1 2 1 2 1 1 1 1 1 1 1 2 1 1 1 0 1 1 1 1 1 1 1 1 1 1 2 1 1 1 1 1 1 1 1 1 1 1 1 1 1 1 1 1 1 1 1 1 1 1 1 1 1 1 1 1 2 1 0 1 2 1 1 1 
4 2 4 3 8 5 6 7 7 5 7 10 7 7 6 5 8 6 5 5 6 3 2 4 4 9 4 6 4 5 3 9 5 8 1 7 7 4 6 5 4 6 5 4 4 5 5 7 6 4 7 5 8 7 7 9 5 10 6 5 3 5 7 6 5 8 5 7 6 10 8 5 5 4 5 6 9 7 4 7 5 4 1 6 10 4 7 6 7 5 4 9 10 6 8 4 4 7 3 7 6 9 3 8 8 6 6 4 7 5 6 6 6 5 7 7 6 6 8 3 10 6 8 9 5 6 2 5 6 1 6 4 4 6 8 4 4 4 1 6 6 7 8 6 8 8 4 7 3 2 8 6 7 9 8 7 9 5 7 4 4 6 9 4 3 9 10 6 7 5 8 4 4 5 5 5 1 6 6 9 6 0 4 5 10 6 5 6 5 5 7 7 5 4 6 7 7 8 3 5 
2 1 3 2 3 0 3 2 1 1 2 3 2 1 3 2 3 2 1 2 2 3 2 2 3 2 2 2 3 2 1 2 0 2 3 3 2 3 2 2 2 3 2 2 2 2 2 1 3 1 2 2 2 2 3 2 2 3 2 1 2 2 2 2 2 2 2 2 2 2 2 2 2 2 3 3 1 2 3 2 3 2 1 3 2 2 1 2 3 2 3 2 2 2 2 2 1 2 2 2 1 2 1 2 2 3 2 3 1 3 2 2 2 2 2 2 2 1 2 1 3 2 2 2 3 2 2 3 2 2 3 2 3 2 2 2 3 2 2 3 3 2 1 2 3 1 2 3 2 1 2 2 2 2 3 3 2 2 1 2 1 2 0 2 2 3 1 2 3 2 2 2 2 2 2 4 1 2 3 4 3 3 3 2 2 0 3 3 2 2 1 3 2 2 2 1 2 2 3 2 
6 9 13 17 2 13 10 8 9 10 10 9 8 12 9 8 16 8 10 10 9 12 10 9 11 10 7 8 14 11 12 9 5 8 16 11 12 10 12 7 15 6 10 14 8 10 11 9 12 12 17 10 9 11 6 15 13 15 11 8 10 6 7 9 9 4 12 15 11 5 13 9 9 13 11 9 12 9 11 12 10 5 15 12 14 10 14 14 7 15 9 9 14 3 0 13 11 11 9 11 8 5 12 9 9 16 9 11 10 10 12 7 8 16 16 8 10 10 16 8 6 12 7 8 10 15 14 10 8 12 12 10 10 8 14 8 13 14 14 12 8 13 7 4 13 4 7 12 11 11 10 9 13 10 13 13 10 6 11 5 9 7 13 10 6 13 18 8 13 9 3 11 11 5 6 14 13 14 8 7 13 10 6 3 5 8 7 3 11 7 9 9 6 12 10 7 9 15 9 9 
3 4 2 2 2 2 3 3 2 2 2 2 0 2 1 3 2 2 1 1 2 3 2 1 2 2 2 1 3 2 3 3 3 1 2 2 2 2 1 2 2 1 3 2 1 0 2 3 1 2 2 2 2 3 1 3 2 3 2 2 1 2 1 3 2 1 1 3 3 1 3 2 2 3 2 2 2 0 2 2 1 2 3 2 3 1 2 1 2 1 1 2 1 2 2 3 2 2 3 2 2 1 1 1 1 3 2 1 2 2 2 2 2 2 2 1 2 3 1 2 1 1 2 2 3 2 2 2 2 3 2 2 2 2 2 2 3 2 2 2 2 1 2 2 2 2 2 2 2 2 3 2 0 2 2 2 1 0 3 2 2 2 2 1 3 2 2 3 3 2 3 2 3 2 2 2 2 1 3 2 2 2 3 2 2 3 2 1 1 2 2 2 2 4 3 2 2 3 2 2 
10 10 12 9 9 5 10 10 10 9 11 6 2 8 12 9 11 12 4 7 7 7 15 6 3 9 11 5 7 11 12 13 19 14 15 12 5 7 4 12 9 8 10 10 11 2 9 1 15 7 10 6 7 8 16 9 4 11 13 10 9 2 11 9 9 10 6 14 12 7 5 6 11 10 10 8 10 10 10 5 11 9 8 10 12 9 10 7 13 10 8 7 8 10 7 11 13 8 13 8 10 7 3 9 8 10 12 4 6 12 11 11 9 9 9 6 3 3 13 8 13 9 9 5 13 11 8 9 11 7 5 10 10 7 7 7 10 10 14 13 9 3 9 11 9 9 6 9 4 6 8 9 11 9 6 6 10 13 3 3 6 10 11 12 8 13 10 6 15 11 8 12 11 11 7 10 9 9 5 8 11 11 8 14 13 11 5 11 4 12 13 10 14 7 11 11 8 7 17 7 
