NAME  : Jabali_50_4_0.85_1_6
TYPE : SVRP
MODEL : FINITE_SUPPORT
NUMBER_OF_SCENARIOS : 200
DIMENSION : 50
EDGE_WEIGHT_TYPE : MATRIX
CAPACITY : 83
N_VEHICLES : 4
NODE_COORD_SECTION
1 4894 3949
2 7382 5972
3 4947 18
4 8516 4460
5 1619 6100
6 2253 8121
7 3649 1359
8 5072 6009
9 1488 2240
10 5031 3285
11 3831 3640
12 693 4286
13 6319 4974
14 4372 6051
15 2528 5546
16 4213 2597
17 1509 3621
18 4115 5864
19 1238 5143
20 2459 4543
21 8307 6508
22 1991 1980
23 4479 156
24 7199 1726
25 8823 6306
26 4125 549
27 4972 4279
28 3129 6694
29 7778 3785
30 6654 6968
31 1522 4926
32 7200 6520
33 6724 1612
34 174 3246
35 4298 7041
36 6492 6202
37 3600 4528
38 3249 7225
39 3388 7539
40 4973 5161
41 6770 4582
42 4828 3080
43 7405 6489
44 3706 4708
45 5842 2269
46 27 1799
47 2563 6789
48 5829 4429
49 8653 4927
50 6443 3856
DEMAND_SECTION
1 0.0
2 1.0
3 8.0
4 9.0
5 3.0
6 6.0
7 10.0
8 4.0
9 6.0
10 2.0
11 6.0
12 8.0
13 8.0
14 5.0
15 3.0
16 2.0
17 4.0
18 2.0
19 9.0
20 3.0
21 10.0
22 8.0
23 7.0
24 5.0
25 8.0
26 1.0
27 5.0
28 5.0
29 6.0
30 6.0
31 4.0
32 8.0
33 7.0
34 6.0
35 7.0
36 8.0
37 10.0
38 1.0
39 8.0
40 2.0
41 7.0
42 2.0
43 10.0
44 3.0
45 7.0
46 8.0
47 2.0
48 9.0
49 10.0
50 4.0
DEVIATION_SECTION
1 0.0
2 0.333333
3 2.66667
4 3.0
5 1.0
6 2.0
7 3.33333
8 1.33333
9 2.0
10 0.666667
11 2.0
12 2.66667
13 2.66667
14 1.66667
15 1.0
16 0.666667
17 1.33333
18 0.666667
19 3.0
20 1.0
21 3.33333
22 2.66667
23 2.33333
24 1.66667
25 2.66667
26 0.333333
27 1.66667
28 1.66667
29 2.0
30 2.0
31 1.33333
32 2.66667
33 2.33333
34 2.0
35 2.33333
36 2.66667
37 3.33333
38 0.333333
39 2.66667
40 0.666667
41 2.33333
42 0.666667
43 3.33333
44 1.0
45 2.33333
46 2.66667
47 0.666667
48 3.0
49 3.33333
50 1.33333
DISTANCE_MATRIX
0.0 44.1022 54.7814 50.0899 52.1019 65.4715 40.05 27.6586 60.283 9.05539 19.4324 58.6325 24.2074 28.3032 37.9713 21.095 50.6487 27.0912 51.7221 34.6233 58.0086 56.4794 52.8867 45.9168 62.3699 48.6621 4.12311 43.2742 39.7315 47.2969 48.0328 47.4236 42.0257 69.8795 41.6773 37.9473 19.4324 48.3515 51.0858 16.2788 27.2029 10.4403 48.3011 18.9839 32.6514 82.3748 48.3162 14.8661 53.0 21.587 
44.1022 0.0 88.0909 25.807 77.8332 76.0263 81.3768 31.6228 96.3209 52.3546 55.4703 92.4175 20.1246 41.1096 65.7419 63.561 85.3779 44.0114 82.8553 68.4105 14.1421 92.5173 88.5664 56.5155 19.7231 86.4928 40.2244 59.0339 30.4138 15.8114 79.925 7.2111 58.5491 104.239 45.0111 12.0416 53.8145 59.1354 59.0 34.2053 21.095 51.4782 6.32456 52.4976 53.6004 117.104 66.2873 29.9666 22.8473 32.1403 
54.7814 88.0909 0.0 77.1622 92.6497 115.501 24.5967 82.2218 54.3415 46.9574 51.1128 79.0013 70.1783 83.0114 82.2156 37.2022 65.7307 81.7874 85.0913 68.6008 98.9949 47.2969 6.0 37.1214 100.225 12.3693 58.1893 94.0479 63.6003 97.4166 80.9886 94.0 32.311 76.4003 96.3861 87.367 63.2618 100.465 103.906 70.8378 67.0298 44.3847 94.0213 64.962 35.2278 70.0 97.0814 61.6604 82.8613 56.0089 
50.0899 25.807 77.1622 0.0 94.7629 98.4784 78.4018 51.2445 101.072 55.875 64.523 103.723 30.1496 60.0333 81.2158 66.2609 95.7392 62.0081 96.566 79.712 27.313 96.1617 79.3095 40.7922 25.318 79.177 47.5395 79.1012 13.8924 41.6173 93.0054 32.6497 44.9222 114.97 67.4685 35.8469 64.5136 80.7527 81.3941 48.3735 23.7697 54.2111 31.1448 63.8905 50.1176 121.876 86.0233 36.0555 6.0 30.026 
52.1019 77.8332 92.6497 94.7629 0.0 29.1548 68.8868 46.2385 51.5461 67.7016 46.5235 27.074 64.6297 36.7696 14.1421 61.9676 33.2415 33.8378 14.0357 24.2074 90.8735 55.0364 88.0106 99.9279 97.3088 81.4756 50.394 21.9317 87.0 69.9714 15.8114 76.4853 92.868 42.2966 38.2099 66.3099 34.2053 26.9258 30.4138 46.3897 71.2531 68.3203 78.2943 33.7343 79.3306 61.0082 16.1245 60.0 95.7079 70.1783 
65.4715 76.0263 115.501 98.4784 29.1548 0.0 93.8206 47.5395 80.2808 86.2952 65.0692 56.0089 69.9214 39.9249 35.3553 78.3143 61.8466 39.3573 43.1856 49.1935 86.3713 83.1685 112.245 107.92 93.3435 106.501 63.5138 22.2036 94.5569 63.3877 44.7214 72.111 104.029 71.0282 31.1448 64.0703 52.345 18.0278 17.1172 54.1295 77.4919 75.7961 74.108 50.9117 97.9241 90.0222 18.6011 69.3542 97.6217 80.5295 
40.05 81.3768 24.5967 78.4018 68.8868 93.8206 0.0 67.1193 31.0161 31.0161 32.3883 54.5373 61.4003 65.307 58.4759 19.0 41.2667 62.8172 61.4756 44.8611 94.6881 24.0 19.4165 44.7772 97.2772 12.8062 44.1022 74.4016 64.5101 86.977 57.7708 85.8662 38.9487 52.6118 78.339 77.2787 43.3244 80.4581 83.9725 56.0089 61.483 30.4138 86.4002 45.2217 30.0 49.2443 75.3805 51.6624 83.6565 50.7881 
27.6586 31.6228 82.2218 51.2445 46.2385 47.5395 67.1193 0.0 71.3382 36.3456 35.0143 62.9365 22.4722 9.48683 34.6699 48.3338 57.1733 12.53 52.2015 40.0 44.7214 70.0234 80.5233 65.357 51.0784 76.2955 24.0416 28.0179 47.1699 25.4951 49.679 30.5287 61.8559 76.0592 17.4929 20.1246 27.8568 29.6142 30.6757 11.4018 30.0832 38.0789 32.249 26.0 48.6553 89.8032 35.1283 24.0416 51.0098 34.8281 
60.283 96.3209 54.3415 101.072 51.5461 80.2808 31.0161 71.3382 0.0 46.2536 41.0291 28.4253 77.2556 65.6981 47.0425 35.8469 18.4391 62.3109 38.0789 34.1321 110.425 7.07107 48.5077 73.0821 115.28 41.9762 58.5752 65.0077 90.5518 95.8983 35.7351 98.7308 67.4463 22.1359 75.9869 88.1668 43.4841 72.0278 76.0263 63.1753 79.0671 46.8722 99.6975 45.3448 54.7238 20.8087 63.5059 69.3181 104.354 72.1554 
9.05539 52.3546 46.9574 55.875 67.7016 86.2952 31.0161 36.3456 46.2536 0.0 21.9027 64.9681 32.249 36.6143 53.8353 12.0416 51.6975 35.4024 64.7627 47.7273 66.0379 41.3429 44.5982 44.3241 70.0 40.025 13.1529 64.8425 45.3545 56.2939 60.6601 56.0803 39.0521 63.9112 49.989 46.8402 34.0518 71.2554 74.6961 25.0799 33.9706 4.12311 56.8595 35.7519 25.5147 67.0575 67.8752 22.4722 59.1568 26.9581 
19.4324 55.4703 51.1128 64.523 46.5235 65.0692 32.3883 35.0143 41.0291 21.9027 0.0 50.9517 36.405 32.9848 32.6571 13.9284 42.9309 30.6757 44.2906 26.9077 69.5747 37.2255 47.94 52.3411 74.4291 42.72 17.7246 43.4166 54.9407 56.9258 40.4845 58.0199 47.0691 58.1424 46.1736 48.0398 12.7279 49.6488 53.0 24.3311 40.9145 22.5214 59.0877 14.2127 33.5316 61.7741 46.6905 28.4675 66.8274 38.3449 
58.6325 92.4175 79.0013 103.723 27.074 56.0089 54.5373 62.9365 28.4253 64.9681 50.9517 0.0 75.1798 54.5619 29.6816 55.1595 14.5602 50.9902 13.3417 24.1868 106.4 33.9706 73.5004 94.2131 112.071 66.7954 56.9246 46.2385 94.1407 88.3912 13.8924 92.957 88.9412 15.2971 60.9016 82.3286 39.3573 52.4976 56.3205 58.2495 80.1412 65.5867 94.4934 40.3113 75.4037 34.0147 42.2019 67.6676 106.024 76.8015 
24.2074 20.1246 70.1783 30.1496 64.6297 69.9214 61.4003 22.4722 77.2556 32.249 36.405 75.1798 0.0 30.4138 51.1957 43.4626 67.2487 32.0624 67.0671 51.0 33.8378 73.452 70.0071 43.2201 38.2099 67.3647 20.5183 49.4975 24.6982 27.2947 63.6946 24.5153 44.1272 86.4795 39.8121 17.2627 35.8469 51.923 53.1413 18.2483 7.61577 31.3847 25.0 34.8855 35.0143 99.3474 56.2228 9.84886 31.3209 15.2315 
28.3032 41.1096 83.0114 60.0333 36.7696 39.9249 65.307 9.48683 65.6981 36.6143 32.9848 54.5619 30.4138 0.0 25.6125 46.8791 50.0899 3.60555 43.2782 32.6497 54.1295 64.9384 80.8784 69.0204 60.5392 75.6592 25.6125 19.105 54.8179 34.0588 41.0122 39.8246 65.5192 68.2422 13.4164 29.5466 23.0217 21.9317 23.8537 14.4222 37.855 38.6277 41.5933 21.0238 52.2753 82.7647 26.0 29.5296 60.1332 40.7063 
37.9713 65.7419 82.2156 81.2158 14.1421 35.3553 58.4759 34.6699 47.0425 53.8353 32.6571 29.6816 51.1957 25.6125 0.0 45.8544 29.0689 22.2036 17.6918 13.9284 79.2591 48.9457 77.5765 86.0616 85.4225 71.1567 36.2634 18.0278 73.0274 59.6657 15.8114 65.192 79.0016 44.2832 31.305 54.7083 20.2485 25.0 29.0 32.9848 57.5587 54.4539 66.888 19.6469 65.4642 60.8769 17.088 46.0435 82.4621 56.0803 
21.095 63.561 37.2022 66.2609 61.9676 78.3143 19.0 48.3338 35.8469 12.0416 13.9284 55.1595 43.4626 46.8791 45.8544 0.0 41.8889 44.5982 54.9541 37.9187 76.9415 30.6105 34.0 39.3363 80.5865 28.7924 25.1794 56.8616 55.7404 68.2495 50.8515 67.6757 34.0643 54.1026 60.1066 58.6941 26.0768 63.2851 66.7308 37.0135 44.3813 12.083 68.352 27.7849 20.5269 56.6039 59.8943 33.6155 69.776 37.344 
50.6487 85.3779 65.7307 95.7392 33.2415 61.8466 41.2667 57.1733 18.4391 51.6975 42.9309 14.5602 67.2487 50.0899 29.0689 41.8889 0.0 46.5188 20.2485 17.4642 99.1004 21.9545 60.2299 80.9426 104.768 53.5248 48.9408 47.0956 86.1569 82.5248 17.4642 86.1317 75.6706 20.2485 59.203 75.5383 31.3889 54.037 58.0345 50.8376 72.1307 52.3161 87.5458 32.5257 62.1332 32.6956 45.1774 59.6838 98.0437 69.5611 
27.0912 44.0114 81.7874 62.0081 33.8378 39.3573 62.8172 12.53 62.3109 35.4024 30.6757 50.9902 32.0624 3.60555 22.2036 44.5982 46.5188 0.0 39.8246 29.0689 57.2451 61.6604 78.6146 68.7339 63.561 73.3954 24.7588 17.72 56.0892 37.5366 37.4833 43.0465 65.2327 64.6375 15.5242 32.6497 20.025 21.6333 24.0832 14.8661 39.3192 37.4158 44.7772 18.0278 59.7122 79.2023 24.1868 30.0832 62.3939 41.2311 
51.7221 82.8553 85.0913 96.566 14.0357 43.1856 61.4756 52.2015 38.0789 64.7627 44.2906 13.3417 67.0671 43.2782 17.6918 54.9541 20.2485 39.8246 0.0 18.0278 96.566 42.19 80.4388 95.2011 102.577 73.7337 50.0143 33.1059 87.2136 77.3369 4.12311 82.662 89.9291 28.6356 48.2597 72.111 32.3883 39.2173 43.0116 49.2443 72.8011 65.3814 84.3149 32.7567 76.3917 47.0425 28.8617 60.6383 98.3514 69.8912 
34.6233 68.4105 68.6008 79.712 24.2074 49.1935 44.8611 40.0 34.1321 47.7273 26.9077 24.1868 51.0 32.6497 13.9284 37.9187 17.4642 29.0689 18.0278 0.0 82.4621 35.3722 63.9617 78.1656 88.0057 57.542 32.9155 31.257 70.1315 65.437 14.0 69.3109 72.8936 36.1248 41.9762 58.6941 15.2315 38.3275 42.2966 34.2053 56.0803 48.3459 70.7672 16.1245 59.3562 50.1597 31.0161 43.6578 81.939 52.7924 
58.0086 14.1421 98.9949 27.313 90.8735 86.3713 94.6881 44.7214 110.425 66.0379 69.5747 106.4 33.8378 54.1295 79.2591 76.9415 99.1004 57.2451 96.566 82.4621 0.0 106.622 100.076 65.0692 7.0 98.5007 54.2033 71.1688 37.2156 23.0217 93.7443 14.5602 68.0294 118.331 56.0892 24.5967 67.9412 70.406 69.7209 48.2701 33.2415 64.8845 12.6491 66.6033 65.521 132.517 78.4474 43.566 21.9545 43.9659 
56.4794 92.5173 47.2969 96.1617 55.0364 83.1685 24.0 70.0234 7.07107 41.3429 37.2255 33.9706 73.452 64.9384 48.9457 30.6105 21.9545 61.6604 42.19 35.3722 106.622 0.0 41.4849 66.7308 110.467 34.9285 54.7716 66.5127 85.6411 93.8946 39.3573 95.0669 61.0328 29.1204 76.1643 85.0797 42.2019 73.5836 77.5433 60.9274 74.1564 41.9615 96.1347 44.1475 48.7345 26.4008 65.7807 63.3473 99.6767 67.2448 
52.8867 88.5664 6.0 79.3095 88.0106 112.245 19.4165 80.5233 48.5077 44.5982 47.94 73.5004 70.0071 80.8784 77.5765 34.0 60.2299 78.6146 80.4388 63.9617 100.076 41.4849 0.0 40.2244 101.651 6.7082 56.5155 90.792 65.5515 97.0464 76.6551 94.1913 34.9857 70.6045 94.1059 87.023 60.0333 97.2471 100.722 69.1231 67.4759 42.45 94.3398 61.7738 35.0571 64.0 93.8247 61.0737 84.8646 56.4358 
45.9168 56.5155 37.1214 40.7922 99.9279 107.92 44.7772 65.357 73.0821 44.3241 52.3411 94.2131 43.2201 69.0204 86.0616 39.3363 80.9426 68.7339 95.2011 78.1656 65.0692 66.7308 40.2244 0.0 65.123 41.7253 44.9383 85.8386 28.0179 69.0797 91.0984 63.3246 5.83095 92.2881 81.7296 59.5063 66.278 90.3631 92.7275 54.8237 37.1618 41.1871 62.8172 62.2134 21.095 93.0484 91.2615 42.0487 46.6905 34.8859 
62.3699 19.7231 100.225 25.318 97.3088 93.3435 97.2772 51.0784 115.28 70.0 74.4291 112.071 38.2099 60.5392 85.4225 80.5865 104.768 63.561 102.577 88.0057 7.0 110.467 101.651 65.123 0.0 100.809 58.7282 77.8845 37.1214 30.0167 99.6444 21.3776 68.593 123.763 62.9682 31.0161 73.2462 77.2787 76.6551 53.8238 36.3593 68.5367 19.4165 72.0069 68.0091 137.371 85.1645 47.634 19.4165 46.5188 
48.6621 86.4928 12.3693 79.177 81.4756 106.501 12.8062 76.2955 41.9762 40.025 42.72 66.7954 67.3647 75.6592 71.1567 28.7924 53.5248 73.3954 73.7337 57.542 98.5007 34.9285 6.7082 41.7253 100.809 0.0 52.469 85.2884 65.2993 94.0479 70.3596 91.7878 36.1248 64.0312 88.8867 84.0988 54.5619 91.7445 95.2589 64.9384 65.5134 38.3275 92.0706 56.3649 32.9848 58.0775 88.0614 58.1022 84.5281 54.5711 
4.12311 40.2244 58.1893 47.5395 50.394 63.5138 44.1022 24.0416 58.5752 13.1529 17.7246 56.9246 20.5183 25.6125 36.2634 25.1794 48.9408 24.7588 50.0143 32.9155 54.2033 54.7716 56.5155 44.9383 58.7282 52.469 0.0 41.3401 37.5943 43.1741 46.325 43.382 41.4371 68.1717 38.833 33.8378 17.7246 46.2277 48.8365 12.6491 24.1868 14.1421 44.2945 17.2761 28.1932 80.667 46.5188 11.6619 50.1199 20.025 
43.2742 59.0339 94.0479 79.1012 21.9317 22.2036 74.4016 28.0179 65.0077 64.8425 43.4166 46.2385 49.4975 19.105 18.0278 56.8616 47.0956 17.72 33.1059 31.257 71.1688 66.5127 90.792 85.8386 77.8845 85.2884 41.3401 0.0 73.7564 49.2443 32.573 56.6127 81.9475 61.3514 16.4012 47.0744 30.8058 7.07107 11.0454 32.573 56.8859 53.5988 58.5235 29.2062 76.4715 78.6448 7.28011 47.7598 79.0253 58.8727 
39.7315 30.4138 63.6003 13.8924 87.0 94.5569 64.5101 47.1699 90.5518 45.3545 54.9407 94.1407 24.6982 54.8179 73.0274 55.7404 86.1569 56.0892 87.2136 70.1315 37.2156 85.6411 65.5515 28.0179 37.1214 65.2993 37.5943 73.7564 0.0 45.0 83.5411 37.5899 31.5753 105.388 64.4748 36.7696 54.9407 76.5376 77.8332 41.4367 17.088 43.6906 36.6742 54.4518 36.2258 111.356 80.2309 27.0 19.3132 19.5054 
47.2969 15.8114 97.4166 41.6173 69.9714 63.3877 86.977 25.4951 95.8983 56.2939 56.9258 88.3912 27.2947 34.0588 59.6657 68.2495 82.5248 37.5366 77.3369 65.437 23.0217 93.8946 97.0464 69.0797 30.0167 94.0479 43.1741 49.2443 45.0 0.0 75.0067 9.48683 70.2182 101.533 33.5261 10.0499 52.4786 47.8017 46.8722 33.1059 31.9531 56.5685 11.4018 50.774 62.2013 115.155 56.4624 36.0 38.4708 42.2019 
48.0328 79.925 80.9886 93.0054 15.8114 44.7214 57.7708 49.679 35.7351 60.6601 40.4845 13.8924 63.6946 41.0122 15.8114 50.8515 17.4642 37.4833 4.12311 14.0 93.7443 39.3573 76.6551 91.0984 99.6444 70.3596 46.325 32.573 83.5411 75.0067 0.0 80.0 85.8264 28.7924 47.0106 69.4046 28.6356 39.0512 42.9535 46.0652 69.2604 61.2787 81.6088 29.1204 72.289 46.3897 29.1548 57.0088 94.921 66.2019 
47.4236 7.2111 94.0 32.6497 76.4853 72.111 85.8662 30.5287 98.7308 56.0803 58.0199 92.957 24.5153 39.8246 65.192 67.6757 86.1317 43.0465 82.662 69.3109 14.5602 95.0669 94.1913 63.3246 21.3776 91.7878 43.382 56.6127 37.5899 9.48683 80.0 0.0 65.1153 105.361 41.5933 10.6301 55.3173 55.9017 55.3263 35.4683 27.074 55.6597 2.0 53.8145 59.1354 118.696 63.8905 34.2053 29.1548 38.0132 
42.0257 58.5491 32.311 44.9222 92.868 104.029 38.9487 61.8559 67.4463 39.0521 47.0691 88.9412 44.1272 65.5192 79.0016 34.0643 75.6706 65.2327 89.9291 72.8936 68.0294 61.0328 34.9857 5.83095 68.593 36.1248 41.4371 81.9475 31.5753 70.2182 85.8264 65.1153 0.0 86.8342 78.2285 60.4757 59.2181 86.8619 89.2264 51.3226 38.3275 35.9152 64.7765 60.9182 16.7631 87.3155 87.3704 38.5475 50.6952 35.7931 
69.8795 104.239 76.4003 114.97 42.2966 71.0282 52.6118 76.0592 22.1359 63.9112 58.1424 15.2971 86.4795 68.2422 44.2832 54.1026 20.2485 64.6375 28.6356 36.1248 118.331 29.1204 70.6045 92.2881 123.763 64.0312 68.1717 61.3514 105.388 101.533 28.7924 105.361 86.8342 0.0 75.5844 94.7629 50.6197 67.72 71.5681 70.0684 91.3616 64.5299 106.775 51.7566 73.5303 19.4165 57.4891 78.9146 117.274 88.792 
41.6773 45.0111 96.3861 67.4685 38.2099 31.1448 78.339 17.4929 75.9869 49.989 46.1736 60.9016 39.8121 13.4164 31.305 60.1066 59.203 15.5242 48.2597 41.9762 56.0892 76.1643 94.1059 81.7296 62.9682 88.8867 38.833 16.4012 64.4748 33.5261 47.0106 41.5933 78.2285 75.5844 0.0 33.0 35.3553 14.3178 14.0357 26.9072 47.4236 52.0024 43.566 33.3766 64.9845 91.7061 23.3238 41.2311 66.4831 52.2015 
37.9473 12.0416 87.367 35.8469 66.3099 64.0703 77.2787 20.1246 88.1668 46.8402 48.0398 82.3286 17.2627 29.5466 54.7083 58.6941 75.5383 32.6497 72.111 58.6941 24.5967 85.0797 87.023 59.5063 31.0161 84.0988 33.8378 47.0744 36.7696 10.0499 69.4046 10.6301 60.4757 94.7629 33.0 0.0 44.8219 47.0956 47.0106 25.0 22.3607 46.8722 12.2066 43.2782 52.1536 108.222 54.3415 26.0192 33.9559 32.28 
19.4324 53.8145 63.2618 64.5136 34.2053 52.345 43.3244 27.8568 43.4841 34.0518 12.7279 39.3573 35.8469 23.0217 20.2485 26.0768 31.3889 20.025 32.3883 15.2315 67.9412 42.2019 60.0333 66.278 73.2462 54.5619 17.7246 30.8058 54.9407 52.4786 28.6356 55.3173 59.2181 50.6197 35.3553 44.8219 0.0 37.2156 40.7063 19.8494 40.8534 34.6704 56.6392 2.0 45.6807 64.0188 33.9706 28.4605 66.7083 37.6015 
48.3515 59.1354 100.465 80.7527 26.9258 18.0278 80.4581 29.6142 72.0278 71.2554 49.6488 52.4976 51.923 21.9317 25.0 63.2851 54.037 21.6333 39.2173 38.3275 70.406 73.5836 97.2471 90.3631 77.2787 91.7445 46.2277 7.07107 76.5376 47.8017 39.0512 55.9017 86.8619 67.72 14.3178 47.0956 37.2156 0.0 4.0 36.2353 59.4811 58.6761 57.8705 35.5106 82.8843 85.3288 10.8167 51.4296 80.1561 62.6099 
51.0858 59.0 103.906 81.3941 30.4138 17.1172 83.9725 30.6757 76.0263 74.6961 53.0 56.3205 53.1413 23.8537 29.0 66.7308 58.0345 24.0832 43.0116 42.2966 69.7209 77.5433 100.722 92.7275 76.6551 95.2589 48.8365 11.0454 77.8332 46.8722 42.9535 55.3263 89.2264 71.5681 14.0357 47.0106 40.7063 4.0 0.0 38.2753 60.7454 61.4103 57.3149 38.9487 83.7068 89.2693 14.3178 53.3385 80.5047 64.4981 
16.2788 34.2053 70.8378 48.3735 46.3897 54.1295 56.0089 11.4018 63.1753 25.0799 24.3311 58.2495 18.2483 14.4222 32.9848 37.0135 50.8376 14.8661 49.2443 34.2053 48.2701 60.9274 69.1231 54.8237 53.8238 64.9384 12.6491 32.573 41.4367 33.1059 46.0652 35.4683 51.3226 70.0684 26.9072 25.0 19.8494 36.2353 38.2753 0.0 25.0 26.6833 36.7967 18.3848 38.0786 83.231 38.833 15.2315 49.4773 26.4008 
27.2029 21.095 67.0298 23.7697 71.2531 77.4919 61.483 30.0832 79.0671 33.9706 40.9145 80.1412 7.61577 37.855 57.5587 44.3813 72.1307 39.3192 72.8011 56.0803 33.2415 74.1564 67.4759 37.1618 36.3593 65.5134 24.1868 56.8859 17.088 31.9531 69.2604 27.074 38.3275 91.3616 47.4236 22.3607 40.8534 59.4811 60.7454 25.0 0.0 32.3315 27.0 40.1622 32.5576 99.8711 63.5059 12.53 25.9422 11.0454 
10.4403 51.4782 44.3847 54.2111 68.3203 75.7961 30.4138 38.0789 46.8722 4.12311 22.5214 65.5867 31.3847 38.6277 54.4539 12.083 52.3161 37.4158 65.3814 48.3459 64.8845 41.9615 42.45 41.1871 68.5367 38.3275 14.1421 53.5988 43.6906 56.5685 61.2787 55.6597 35.9152 64.5299 52.0024 46.8722 34.6704 58.6761 61.4103 26.6833 32.3315 0.0 56.3028 29.3084 22.3777 67.6761 58.6408 21.5407 57.4929 25.2942 
48.3011 6.32456 94.0213 31.1448 78.2943 74.108 86.4002 32.249 99.6975 56.8595 59.0877 94.4934 25.0 41.5933 66.888 68.352 87.5458 44.7772 84.3149 70.7672 12.6491 96.1347 94.3398 62.8172 19.4165 92.0706 44.2945 58.5235 36.6742 11.4018 81.6088 2.0 64.7765 106.775 43.566 12.2066 56.6392 57.8705 57.3149 36.7967 27.0 56.3028 0.0 55.1725 59.3043 120.0 65.8027 34.7851 27.4591 38.0132 
18.9839 52.4976 64.962 63.8905 33.7343 50.9117 45.2217 26.0 45.3448 35.7519 14.2127 40.3113 34.8855 21.0238 19.6469 27.7849 32.5257 18.0278 32.7567 16.1245 66.6033 44.1475 61.7738 62.2134 72.0069 56.3649 17.2761 29.2062 54.4518 50.774 29.1204 53.8145 60.9182 51.7566 33.3766 43.2782 2.0 35.5106 38.9487 18.3848 40.1622 29.3084 55.1725 0.0 47.3808 65.1557 32.6497 27.8927 65.9242 37.1529 
32.6514 53.6004 35.2278 50.1176 79.3306 97.9241 30.0 48.6553 54.7238 25.5147 33.5316 75.4037 35.0143 52.2753 65.4642 20.5269 62.1332 59.7122 76.3917 59.3562 65.521 48.7345 35.0571 21.095 68.0091 32.9848 28.1932 76.4715 36.2258 62.2013 72.289 59.1354 16.7631 73.5303 64.9845 52.1536 45.6807 82.8843 83.7068 38.0786 32.5576 22.3777 59.3043 47.3808 0.0 75.1261 79.5041 26.4764 55.3722 21.587 
82.3748 117.104 70.0 121.876 61.0082 90.0222 49.2443 89.8032 20.8087 67.0575 61.7741 34.0147 99.3474 82.7647 60.8769 56.6039 32.6956 79.2023 47.0425 50.1597 132.517 26.4008 64.0 93.0484 137.371 58.0775 80.667 78.6448 111.356 115.155 46.3897 118.696 87.3155 19.4165 91.7061 108.222 64.0188 85.3288 89.2693 83.231 99.8711 67.6761 120.0 65.1557 75.1261 0.0 75.5381 91.4099 125.158 92.9594 
48.3162 66.2873 97.0814 86.0233 16.1245 18.6011 75.3805 35.1283 63.5059 67.8752 46.6905 42.2019 56.2228 26.0 17.088 59.8943 45.1774 24.1868 28.8617 31.0161 78.4474 65.7807 93.8247 91.2615 85.1645 88.0614 46.5188 7.28011 80.2309 56.4624 29.1548 63.8905 87.3704 57.4891 23.3238 54.3415 33.9706 10.8167 14.3178 38.833 63.5059 58.6408 65.8027 32.6497 79.5041 75.5381 0.0 53.8516 86.093 64.846 
14.8661 29.9666 61.6604 36.0555 60.0 69.3542 51.6624 24.0416 69.3181 22.4722 28.4675 67.6676 9.84886 29.5296 46.0435 33.6155 59.6838 30.0832 60.6383 43.6578 43.566 63.3473 61.0737 42.0487 47.634 58.1022 11.6619 47.7598 27.0 36.0 57.0088 34.2053 38.5475 78.9146 41.2311 26.0192 28.4605 51.4296 53.3385 15.2315 12.53 21.5407 34.7851 27.8927 26.4764 91.4099 53.8516 0.0 38.4708 11.1803 
53.0 22.8473 82.8613 6.0 95.7079 97.6217 83.6565 51.0098 104.354 59.1568 66.8274 106.024 31.3209 60.1332 82.4621 69.776 98.0437 62.3939 98.3514 81.939 21.9545 99.6767 84.8646 46.6905 19.4165 84.5281 50.1199 79.0253 19.3132 38.4708 94.921 29.1548 50.6952 117.274 66.4831 33.9559 66.7083 80.1561 80.5047 49.4773 25.9422 57.4929 27.4591 65.9242 55.3722 125.158 86.093 38.4708 0.0 33.541 
21.587 32.1403 56.0089 30.026 70.1783 80.5295 50.7881 34.8281 72.1554 26.9581 38.3449 76.8015 15.2315 40.7063 56.0803 37.344 69.5611 41.2311 69.8912 52.7924 43.9659 67.2448 56.4358 34.8859 46.5188 54.5711 20.025 58.8727 19.5054 42.2019 66.2019 38.0132 35.7931 88.792 52.2015 32.28 37.6015 62.6099 64.4981 26.4008 11.0454 25.2942 38.0132 37.1529 21.587 92.9594 64.846 11.1803 33.541 0.0 
DEMAND_SCENARIO_SECTION
0 0 0 0 0 0 0 0 0 0 0 0 0 0 0 0 0 0 0 0 0 0 0 0 0 0 0 0 0 0 0 0 0 0 0 0 0 0 0 0 0 0 0 0 0 0 0 0 0 0 0 0 0 0 0 0 0 0 0 0 0 0 0 0 0 0 0 0 0 0 0 0 0 0 0 0 0 0 0 0 0 0 0 0 0 0 0 0 0 0 0 0 0 0 0 0 0 0 0 0 0 0 0 0 0 0 0 0 0 0 0 0 0 0 0 0 0 0 0 0 0 0 0 0 0 0 0 0 0 0 0 0 0 0 0 0 0 0 0 0 0 0 0 0 0 0 0 0 0 0 0 0 0 0 0 0 0 0 0 0 0 0 0 0 0 0 0 0 0 0 0 0 0 0 0 0 0 0 0 0 0 0 0 0 0 0 0 0 0 0 0 0 0 0 0 0 0 0 0 0 
1 1 1 1 1 1 1 1 1 1 0 2 1 1 1 1 1 2 1 1 1 1 1 1 1 1 1 0 1 1 1 1 1 1 1 1 0 2 1 1 1 1 1 2 1 0 1 1 1 1 1 1 1 1 1 0 1 1 1 1 1 1 1 1 1 1 1 1 1 1 0 1 1 1 1 1 1 1 1 1 1 1 1 1 1 1 1 2 1 1 1 1 1 1 1 1 0 1 1 2 0 1 1 1 1 2 1 1 1 1 1 1 1 1 1 1 1 1 1 1 1 1 0 0 1 1 1 1 1 1 2 1 1 1 1 1 1 1 1 2 1 1 1 0 1 1 1 1 1 1 1 1 1 0 1 2 1 1 1 1 1 1 1 1 1 1 1 1 1 1 1 1 1 1 1 1 2 1 1 0 2 1 1 1 1 1 1 2 1 1 1 1 1 1 1 1 2 1 1 1 
4 11 10 4 12 9 8 9 7 7 8 10 12 8 8 9 9 12 7 7 4 13 6 7 9 11 4 10 9 12 8 9 10 5 13 7 10 11 6 5 4 7 8 10 6 11 5 8 7 6 11 8 8 8 10 9 7 7 7 5 7 5 5 10 8 5 9 11 11 9 12 8 7 11 10 11 6 8 9 7 11 11 7 15 10 10 5 5 6 11 7 11 5 10 13 7 8 5 7 10 12 7 7 8 7 8 13 8 6 9 10 9 10 10 3 9 9 3 4 7 11 14 7 11 11 5 12 4 9 11 3 5 3 11 10 8 8 6 3 9 8 9 4 6 6 7 8 8 11 6 8 7 9 12 7 6 9 5 13 5 12 16 13 7 7 11 8 8 8 14 5 7 7 11 9 5 2 8 12 12 12 6 11 5 9 12 7 9 6 1 10 10 9 9 12 10 11 9 10 6 
11 7 13 9 7 9 9 8 12 8 8 7 7 3 3 5 15 7 13 6 6 6 11 10 11 10 7 6 6 13 7 12 9 13 4 7 8 9 8 8 6 7 12 14 12 13 14 12 3 11 12 11 9 11 6 8 9 7 3 6 9 13 0 7 11 11 8 8 7 9 14 9 12 8 11 7 16 11 7 12 8 10 6 8 7 7 8 7 5 14 7 9 10 12 15 13 10 10 10 2 4 9 3 4 10 1 11 7 9 10 15 19 5 13 15 11 9 7 10 9 6 11 11 8 20 13 11 4 11 4 13 8 11 7 8 9 8 9 11 11 14 12 13 10 7 8 8 16 6 8 11 8 6 13 6 7 14 10 8 9 9 7 9 4 11 14 4 9 10 7 13 7 8 11 4 9 10 9 9 9 10 9 9 9 10 10 7 12 5 12 8 6 14 7 9 11 13 9 7 8 
3 3 3 3 3 1 4 2 2 4 2 4 3 4 2 1 3 3 4 1 4 2 3 1 3 3 4 2 2 5 6 2 4 3 4 3 3 2 2 3 1 4 1 4 2 1 3 3 3 3 3 3 1 3 4 3 2 4 2 4 2 2 3 3 3 4 5 3 4 2 3 3 2 3 3 2 4 3 2 4 2 2 3 1 4 3 3 5 3 3 3 3 4 3 2 4 1 2 5 3 2 2 3 3 3 3 3 3 2 5 3 2 4 1 5 3 2 2 4 4 3 5 3 4 3 4 3 2 2 2 2 4 2 4 4 3 4 4 3 4 4 3 2 4 3 1 3 2 2 3 2 3 2 2 1 3 2 2 2 5 3 7 3 2 2 2 4 2 4 2 2 2 3 2 3 5 3 3 4 4 2 3 1 4 4 2 4 3 2 1 3 0 4 4 3 3 3 3 1 2 
6 4 4 5 10 4 4 6 5 3 9 5 3 4 5 5 4 5 5 8 3 7 4 7 5 8 8 4 7 7 3 7 7 4 5 7 2 6 4 9 8 8 4 7 9 7 7 7 9 6 9 8 7 7 5 7 9 6 5 9 9 4 7 3 6 6 7 2 6 11 5 6 5 4 6 5 2 7 7 8 5 2 3 7 8 5 5 9 3 6 4 8 6 5 8 5 7 6 3 6 6 8 4 10 9 9 6 9 5 9 7 8 10 5 5 7 8 7 8 3 7 8 8 6 6 8 6 5 9 6 5 4 1 5 4 8 3 4 7 5 6 7 2 6 6 7 9 2 6 3 9 11 7 9 7 6 1 4 7 11 9 3 5 7 6 6 9 5 7 7 5 7 7 8 8 8 6 7 1 8 6 8 6 9 10 3 3 5 4 9 6 9 5 7 3 7 7 5 9 6 
15 14 10 12 11 10 16 12 12 10 10 9 11 10 17 11 7 7 8 13 6 10 7 14 4 9 9 9 3 15 9 10 13 11 12 5 7 17 5 16 10 7 6 12 12 13 9 9 11 7 9 7 12 8 9 16 9 12 5 15 15 9 11 10 7 7 15 9 12 10 15 15 8 14 14 8 8 8 14 9 16 3 5 15 9 10 8 10 2 3 16 9 4 9 16 9 16 3 14 17 9 12 13 8 7 13 12 11 14 13 10 15 8 11 13 11 14 5 13 11 9 15 12 8 11 12 12 14 11 11 9 9 9 13 9 5 6 11 8 12 12 10 11 7 9 6 10 9 9 9 11 11 12 17 13 10 9 16 6 13 11 10 9 7 5 12 10 10 14 2 7 13 9 18 10 8 8 12 7 13 8 9 15 13 12 17 14 8 9 9 6 7 12 11 10 12 10 13 2 7 
7 3 5 5 4 2 3 4 6 4 5 2 4 5 3 3 7 4 2 2 5 5 2 5 4 5 5 6 5 5 7 5 4 4 4 5 5 3 4 4 4 4 4 5 2 6 5 3 4 4 2 3 5 3 5 4 6 3 4 6 4 2 1 5 4 3 3 4 5 5 3 5 5 7 5 3 5 4 4 3 3 5 5 6 5 4 2 5 6 4 4 3 4 2 5 3 1 4 3 4 4 3 3 6 3 6 5 4 4 0 4 5 4 2 5 6 5 4 2 7 5 6 5 4 3 2 3 4 5 3 5 5 5 5 2 4 4 3 4 3 4 5 3 5 3 5 4 4 4 5 2 4 5 4 6 5 4 2 4 4 5 2 3 5 3 5 4 4 2 3 3 4 4 1 2 4 3 7 3 5 5 5 3 5 4 3 4 4 5 5 3 5 5 5 4 5 3 5 5 1 
6 6 7 4 8 4 5 8 2 5 7 5 7 7 6 8 8 3 7 7 5 5 1 8 3 8 6 7 8 6 10 9 9 7 2 7 3 2 7 7 5 5 5 8 7 10 6 5 8 8 7 4 4 5 3 8 7 9 6 5 9 5 5 9 10 6 3 9 6 4 7 2 8 5 9 3 7 8 7 4 5 11 4 6 8 6 6 6 2 3 6 5 10 6 4 6 6 7 6 7 4 9 4 8 2 2 2 6 5 7 11 5 6 9 6 8 4 6 8 7 3 7 6 6 9 6 3 3 7 8 7 3 11 5 4 6 7 5 10 7 6 8 5 8 9 5 7 6 5 5 6 5 6 7 4 6 7 6 6 9 4 9 9 7 6 9 7 4 6 3 5 4 5 5 7 8 8 9 8 9 8 7 7 3 4 9 4 4 6 4 4 9 7 7 8 7 8 6 10 3 
2 2 2 2 2 1 2 2 2 1 1 2 2 2 1 2 3 1 2 2 2 2 3 2 1 2 3 2 3 1 1 1 3 2 3 2 2 2 3 2 1 1 1 1 2 2 3 2 3 3 1 1 1 1 2 3 0 2 2 3 2 2 2 1 1 2 1 1 2 2 2 1 1 2 3 3 1 1 2 2 3 1 2 2 3 1 1 1 2 1 1 2 3 3 1 3 2 1 1 3 1 1 2 3 2 3 2 2 2 3 2 2 2 3 3 2 1 2 3 2 2 1 2 1 1 3 2 3 2 2 2 2 3 2 2 2 3 2 2 1 3 2 2 2 2 3 2 3 1 2 0 2 2 1 2 2 2 2 2 2 2 1 1 1 1 3 2 1 1 2 3 3 1 2 2 2 1 3 2 2 2 3 1 2 2 2 1 3 1 2 2 2 2 1 1 1 1 2 3 2 
5 7 7 4 5 5 8 8 6 7 3 5 8 7 7 1 7 6 8 7 3 5 7 6 6 4 4 8 3 5 7 5 7 4 3 6 7 5 6 5 8 6 7 7 8 6 8 5 6 2 4 5 6 5 7 5 4 6 2 8 9 5 6 9 6 4 9 7 6 6 5 7 3 7 7 5 4 3 4 8 6 6 4 8 8 5 6 6 5 2 5 3 6 3 8 7 4 8 6 5 7 5 6 6 5 6 4 3 7 7 8 3 6 5 4 4 9 2 4 7 6 7 5 2 5 7 7 7 8 6 7 7 6 3 7 7 3 5 5 6 7 6 8 7 5 6 3 6 8 7 5 6 6 7 5 3 3 6 3 6 6 4 3 6 7 6 5 10 1 4 7 7 5 7 6 6 4 5 6 6 7 4 7 8 7 5 7 3 5 6 4 6 3 6 6 7 4 6 6 8 
8 12 12 10 6 9 10 10 7 9 5 9 3 9 8 9 5 8 9 6 13 11 4 10 10 6 8 4 7 10 6 11 4 8 8 12 12 7 9 7 8 6 6 8 8 8 8 5 8 14 8 12 11 5 10 9 14 11 9 7 8 7 6 9 13 9 9 10 12 10 9 8 9 9 7 8 12 8 12 8 6 8 5 7 7 9 8 11 9 8 6 6 10 12 12 4 8 13 9 9 5 7 9 5 7 11 11 10 10 5 13 6 7 5 7 7 6 10 7 11 8 10 10 4 8 11 8 3 12 8 7 7 11 5 11 5 15 9 9 8 9 5 7 8 9 2 6 10 3 11 5 5 6 0 10 7 8 9 7 9 12 8 9 9 7 8 7 8 10 12 2 10 6 6 9 9 9 9 5 10 11 8 9 10 12 9 9 7 9 4 4 9 4 10 9 5 4 14 4 10 
9 7 9 9 11 9 7 5 8 3 10 10 6 7 3 7 7 9 9 6 15 8 10 8 6 8 8 9 7 8 9 15 5 5 8 9 7 9 8 10 7 3 6 3 9 7 6 7 6 7 5 10 9 11 4 7 10 2 10 8 9 10 6 9 7 5 13 3 8 10 3 5 8 9 5 8 7 6 10 2 9 5 8 7 4 9 7 5 4 4 9 3 14 7 11 8 7 6 8 9 9 7 7 3 10 7 5 10 11 5 9 13 7 10 3 3 10 7 6 6 7 10 9 10 4 11 4 3 7 9 9 7 5 11 10 6 8 12 11 9 7 9 7 9 3 7 2 6 9 10 8 10 6 12 5 10 8 8 8 6 13 8 8 10 9 10 10 11 10 12 0 7 7 10 9 10 10 7 1 7 12 7 9 10 8 11 6 7 13 9 8 9 5 7 10 11 10 11 5 11 
5 6 5 6 7 4 4 6 2 4 6 6 4 4 5 6 6 7 8 4 6 4 4 4 5 0 6 5 3 5 3 4 4 4 5 0 8 7 1 4 7 3 4 9 3 2 4 6 2 3 4 5 2 8 5 6 5 7 3 6 5 4 6 5 4 4 6 2 2 4 7 4 3 7 6 4 4 6 4 6 3 1 5 3 7 5 6 3 7 6 6 4 6 2 6 8 1 3 4 9 6 6 6 5 6 7 7 7 6 9 3 4 4 5 5 4 5 4 4 5 4 5 5 7 2 4 9 5 3 5 3 9 4 3 6 5 3 2 8 5 2 4 6 4 4 3 3 6 5 6 5 6 5 1 6 4 8 7 4 4 5 3 4 7 5 4 3 7 4 4 7 3 6 4 8 5 5 6 6 7 4 2 3 5 4 5 5 7 3 5 5 5 9 5 6 5 6 2 4 4 
2 4 3 2 2 2 3 3 1 2 3 0 4 4 2 4 2 2 2 2 3 2 4 4 1 4 3 2 3 2 2 1 2 5 2 4 3 3 4 3 5 3 3 3 2 4 2 2 3 3 2 2 4 3 4 3 2 4 3 3 2 1 3 6 4 2 3 3 2 2 2 3 4 3 3 2 2 2 3 3 2 4 3 2 4 5 3 4 3 4 3 3 3 3 3 4 3 4 4 3 2 4 4 2 4 3 3 3 2 4 3 0 5 2 4 3 4 1 3 4 3 4 2 3 2 2 2 4 5 3 2 2 3 3 3 3 4 4 2 5 4 3 3 3 2 3 4 3 4 4 2 3 4 4 3 3 3 2 2 4 2 5 2 3 4 2 3 4 4 4 3 2 5 4 4 4 2 3 4 4 4 2 2 2 4 2 3 2 3 2 2 5 4 3 3 3 1 1 4 3 
2 2 3 2 3 2 2 4 2 2 2 2 3 2 2 2 2 2 1 2 1 3 2 2 2 2 2 1 3 2 1 2 2 1 2 3 3 2 0 2 2 2 3 1 2 2 2 3 1 2 2 1 2 2 3 1 2 2 2 3 1 3 2 3 2 2 3 1 1 3 3 2 2 2 2 2 2 2 2 2 3 1 2 2 2 3 1 2 2 1 1 2 1 3 2 3 1 2 2 1 2 3 2 2 2 2 1 1 2 1 3 2 1 2 3 4 2 2 2 2 2 2 2 2 0 2 2 1 2 2 1 2 3 1 2 2 2 3 2 2 3 2 2 2 2 3 2 2 2 2 2 2 2 2 1 2 2 3 2 2 2 2 2 2 3 3 2 2 0 1 2 3 2 3 2 2 2 1 1 2 3 2 2 3 3 2 2 2 4 1 2 1 2 1 2 3 2 2 3 1 
3 5 4 3 2 3 3 5 4 5 6 2 6 4 4 6 5 3 5 5 6 4 2 4 3 3 6 6 5 3 5 4 2 3 3 6 3 6 4 4 4 4 4 4 4 3 6 4 6 3 5 4 4 6 4 7 4 4 2 5 3 5 3 2 4 3 4 3 3 4 3 2 4 5 3 5 4 4 5 2 5 4 5 4 5 5 3 5 3 4 2 4 6 5 6 4 5 3 2 3 6 5 4 2 4 2 3 3 6 5 3 5 6 5 6 5 4 4 1 4 4 2 5 6 1 6 2 4 5 2 5 3 5 2 4 6 4 3 6 6 7 4 5 6 2 4 2 5 4 4 0 5 4 6 6 5 5 4 3 3 4 4 3 2 5 4 3 4 5 2 4 4 4 5 5 5 4 6 2 5 3 2 8 3 7 4 5 3 2 3 3 3 3 5 3 3 3 4 2 3 
2 2 2 2 3 3 2 1 1 1 1 2 3 2 2 2 1 2 2 2 2 2 3 2 2 2 1 2 3 3 1 3 2 3 2 2 2 0 3 2 2 3 2 3 1 3 2 1 1 2 2 2 2 3 2 1 2 3 2 0 3 2 2 2 1 2 2 3 2 3 2 1 2 2 2 1 3 2 2 3 2 2 2 2 1 2 3 2 2 2 2 3 1 3 1 3 1 3 1 2 3 2 2 2 3 3 2 1 2 1 2 2 2 2 1 1 2 3 2 3 1 3 2 1 2 2 2 2 1 2 2 3 1 1 3 2 3 2 2 2 2 3 2 3 2 2 2 2 2 2 2 2 2 2 2 1 2 2 1 2 2 3 3 2 1 2 2 2 2 2 2 4 1 1 2 2 2 2 2 2 2 1 1 2 2 2 2 2 2 3 2 2 3 2 2 1 3 1 3 2 
10 5 8 9 8 8 7 9 10 9 10 6 11 9 13 8 13 11 11 13 8 9 14 9 6 9 6 8 12 6 8 9 9 13 14 10 12 8 5 8 15 13 11 10 13 11 7 6 6 10 5 7 4 11 11 11 12 12 6 7 13 7 6 11 10 15 12 9 13 7 5 8 8 11 11 14 10 9 9 11 9 10 8 8 14 5 10 10 9 14 13 12 6 7 8 10 10 11 6 9 9 9 12 7 12 10 7 7 8 7 7 16 9 7 11 10 9 12 6 9 14 12 10 11 1 8 8 8 8 13 11 6 11 7 3 12 13 8 8 12 7 8 7 9 10 9 5 10 2 8 9 9 10 6 8 6 13 15 9 3 8 3 11 7 9 5 7 4 8 4 7 11 10 9 12 11 8 6 10 10 14 7 6 4 7 8 10 6 15 11 10 6 6 9 8 9 10 9 13 12 
1 2 3 3 5 3 1 5 2 3 4 1 3 3 3 3 4 3 1 3 2 4 3 3 2 4 3 3 5 2 3 3 3 3 4 5 2 5 2 4 4 2 5 3 3 3 2 3 3 3 3 3 4 2 2 3 2 2 5 5 4 4 4 4 1 2 3 3 2 2 5 2 3 2 5 1 1 3 3 3 4 3 4 3 3 3 4 1 3 2 1 3 5 3 4 2 3 2 2 4 4 2 2 4 3 3 2 2 1 3 2 3 3 4 3 3 3 3 3 3 4 2 3 2 4 3 4 2 3 3 2 1 5 3 5 4 2 2 3 3 2 4 3 0 4 4 3 1 3 1 4 4 3 2 4 3 1 2 4 4 4 0 4 2 5 3 1 3 3 3 2 1 3 4 4 3 4 2 3 2 3 3 3 3 4 3 4 4 5 2 2 3 2 2 1 1 3 2 4 3 
4 5 10 10 7 13 4 9 10 15 6 9 8 13 10 10 10 13 12 5 14 4 11 9 9 6 11 10 15 13 14 9 13 10 13 16 13 6 10 11 9 14 6 12 10 11 8 17 5 13 11 9 10 6 13 7 14 12 12 13 7 11 10 8 12 12 10 14 8 12 4 10 5 13 6 13 7 5 8 4 9 8 14 4 12 7 17 7 15 7 7 16 16 8 9 11 8 5 13 9 13 13 10 8 16 11 3 8 7 8 9 10 7 6 7 13 12 8 12 11 11 4 12 11 12 10 9 8 10 11 13 8 7 14 10 10 4 10 10 18 5 5 10 8 15 14 2 12 12 14 7 10 7 8 8 10 9 4 12 10 13 6 10 11 8 10 12 12 12 6 12 11 11 11 6 15 12 10 10 11 10 13 10 5 10 7 8 8 14 13 13 12 9 3 13 12 11 12 8 6 
6 9 9 9 10 9 6 11 10 8 5 9 7 5 9 5 10 8 9 3 10 5 7 2 9 2 9 9 10 5 3 7 6 10 9 7 7 9 10 9 10 8 10 10 7 6 9 6 6 5 9 6 9 11 8 2 9 9 8 9 4 7 3 7 8 12 9 7 7 11 5 4 9 3 1 6 10 7 13 8 7 9 14 3 9 5 9 5 14 7 7 6 9 8 6 4 10 11 8 6 11 5 8 12 10 5 7 9 11 11 10 8 8 8 4 8 11 4 9 8 6 9 9 7 8 10 8 5 9 12 5 10 6 6 5 7 7 7 11 10 7 9 5 6 10 7 0 6 4 10 5 5 7 2 3 5 5 12 6 12 4 8 4 6 11 10 7 6 11 6 9 8 6 15 6 9 11 4 6 9 5 9 6 12 7 10 3 13 8 6 12 7 9 13 9 9 7 10 9 8 
7 7 6 3 9 7 8 7 7 9 6 8 10 6 13 7 5 5 9 10 10 9 7 9 9 11 6 4 10 5 7 12 8 7 6 11 3 6 7 7 3 6 13 8 7 12 7 11 11 5 11 1 2 5 8 8 5 8 3 8 9 7 9 6 6 9 9 7 10 6 8 7 9 9 5 8 4 7 8 7 10 7 6 9 4 9 4 8 6 7 9 8 3 6 7 8 5 5 8 9 8 5 4 10 7 7 5 8 6 4 8 8 6 7 10 7 9 7 7 11 6 6 5 6 8 8 6 6 9 8 3 5 8 7 9 9 4 7 7 9 8 7 6 3 8 3 4 8 6 7 10 3 7 5 9 8 9 4 3 7 7 4 10 5 5 7 7 9 10 10 6 8 6 9 7 7 7 4 6 9 10 4 3 7 6 5 6 9 7 3 4 9 4 8 4 8 8 9 10 6 
7 6 8 7 3 8 4 7 4 2 8 5 6 6 7 7 3 4 4 3 5 4 5 6 5 4 5 9 4 3 5 5 3 6 5 3 1 5 5 6 1 8 3 4 5 6 5 4 5 5 3 8 5 5 4 6 5 4 3 6 7 3 6 7 6 3 7 3 5 4 4 5 6 3 3 4 7 2 4 7 4 5 7 2 3 6 6 5 3 9 4 6 5 4 5 7 7 2 6 5 6 6 6 7 3 4 6 3 5 5 4 6 5 4 4 7 5 3 5 4 2 5 4 5 5 6 7 5 3 4 5 7 6 4 4 3 3 3 2 5 4 6 6 4 5 3 5 1 3 4 7 6 7 7 7 4 5 7 4 5 5 5 7 6 4 6 4 6 7 2 3 6 6 5 7 4 9 5 5 4 8 8 8 3 4 4 6 4 3 7 6 3 6 2 5 6 5 7 3 5 
9 6 8 9 5 7 13 9 7 9 10 7 14 9 9 6 9 6 11 9 7 10 10 3 8 9 7 11 6 7 10 3 9 10 8 4 8 9 8 9 8 11 8 8 6 6 4 9 6 10 6 12 10 7 5 11 9 8 10 10 11 12 14 5 10 5 7 3 2 10 6 9 5 8 6 2 9 6 12 8 9 6 10 9 10 11 9 7 9 12 8 7 8 8 6 9 8 9 3 4 7 9 7 8 11 9 10 7 9 9 6 6 6 8 6 5 5 7 8 13 10 7 5 8 9 9 7 6 11 10 7 11 8 10 7 8 8 4 10 8 7 11 8 6 7 3 4 12 6 13 3 4 7 10 8 4 4 9 0 8 7 10 6 8 4 7 10 6 9 6 7 10 7 9 12 11 10 1 8 7 8 7 8 8 6 4 8 7 11 11 7 8 6 8 11 5 12 6 10 9 
2 1 1 1 1 1 1 1 0 1 1 1 1 1 1 1 1 1 0 0 1 1 1 1 1 1 1 1 0 1 1 1 1 1 1 1 0 1 1 1 1 2 0 1 1 1 1 1 1 1 1 1 1 1 0 1 1 1 1 1 0 1 0 1 1 1 1 1 1 2 1 1 0 1 1 1 1 1 1 1 2 1 1 1 0 1 1 1 1 1 1 1 2 2 1 1 1 1 1 1 1 1 1 1 1 0 2 1 1 1 1 1 2 0 1 0 1 2 1 1 1 1 1 1 1 1 1 1 1 1 1 1 1 1 1 1 1 1 1 1 1 1 1 1 1 1 1 1 1 0 1 1 0 1 2 1 1 1 1 1 1 1 1 1 1 1 1 1 1 1 1 2 1 1 0 0 1 1 1 1 2 1 2 1 1 1 1 1 1 1 1 0 2 1 0 1 1 1 2 1 
4 6 5 2 6 7 5 3 6 7 7 5 8 4 3 6 4 5 4 3 5 6 6 7 3 4 6 5 6 5 4 5 2 4 5 3 6 5 6 6 3 3 1 8 5 6 3 4 6 5 9 4 4 7 6 6 5 5 2 7 6 6 2 9 6 5 8 5 5 6 6 7 4 5 8 3 3 4 6 6 3 6 4 4 5 5 4 6 3 6 3 5 4 5 5 5 4 5 5 4 8 6 6 7 5 5 3 6 7 4 10 4 4 4 9 5 4 7 3 5 7 6 4 7 5 3 9 4 8 3 6 2 3 2 5 4 6 4 3 7 7 5 7 4 4 5 4 6 5 5 5 4 3 7 7 4 5 7 7 6 6 5 7 6 3 6 7 6 7 7 5 4 5 5 5 8 3 4 4 2 6 5 6 4 4 5 6 5 4 5 6 4 6 2 4 5 3 4 7 4 
6 4 4 6 6 4 1 1 6 4 5 5 3 3 4 10 3 3 2 9 4 6 3 1 5 7 7 3 8 2 6 6 4 5 4 2 5 3 4 5 3 2 5 7 5 3 3 2 8 7 3 2 6 3 5 3 5 8 4 5 4 4 5 5 4 4 0 2 6 8 6 4 9 5 7 4 5 6 3 4 10 2 2 6 2 6 5 2 6 7 5 8 7 7 5 5 7 7 6 5 7 8 6 4 6 3 6 6 5 6 4 10 5 5 4 5 3 8 3 5 3 2 3 5 4 5 5 4 6 5 2 4 7 7 4 3 4 7 4 7 5 6 4 7 5 5 4 5 4 3 7 5 5 3 9 5 6 1 6 5 7 2 5 5 5 3 4 3 6 5 5 4 6 7 7 2 5 2 5 8 7 5 6 5 7 4 2 3 5 7 9 4 3 5 3 5 5 6 9 5 
4 5 8 8 5 9 9 8 5 5 7 5 9 5 8 8 3 7 3 3 4 9 4 7 7 5 7 5 3 7 4 9 8 6 4 4 9 9 5 7 7 9 5 10 6 3 8 2 3 6 6 8 6 5 7 4 7 7 9 8 5 9 5 0 8 4 5 5 6 7 7 9 7 5 3 6 7 4 8 6 6 9 9 1 3 4 4 4 4 6 4 1 7 6 4 6 6 8 5 6 7 7 4 3 6 5 7 4 1 11 6 7 6 7 7 4 7 8 8 8 8 8 9 5 4 5 5 9 6 7 8 9 7 5 7 5 6 0 9 11 5 5 8 9 5 5 6 8 6 2 4 2 6 4 3 2 0 7 8 5 4 2 4 5 6 6 5 5 6 6 5 5 6 7 6 6 6 7 4 5 4 5 6 8 6 5 5 6 6 4 2 4 5 7 7 5 5 8 7 3 
5 4 3 9 11 6 5 4 5 4 4 2 4 7 5 5 7 2 7 6 7 5 3 6 8 4 5 5 8 4 6 10 6 11 8 8 9 5 8 7 7 1 8 10 7 8 4 5 7 6 6 4 8 4 7 6 8 3 8 6 5 4 4 5 8 6 8 7 2 6 10 6 8 7 4 7 6 4 6 4 4 4 3 6 6 7 6 4 5 3 7 5 6 5 8 6 5 4 6 8 8 7 7 5 2 5 8 6 7 2 7 7 6 4 5 4 4 8 5 9 7 3 7 6 10 6 4 7 5 3 4 1 3 8 5 5 2 5 1 6 6 8 10 6 5 6 2 8 3 4 4 8 7 5 8 5 6 6 4 9 7 4 3 1 7 8 4 6 5 6 2 10 8 7 5 7 8 8 2 6 7 5 3 7 6 7 2 5 6 7 9 10 7 6 4 5 7 9 6 5 
3 4 2 7 6 4 3 2 3 2 4 5 4 4 0 6 2 4 3 5 5 5 6 4 4 2 3 4 4 7 6 4 5 3 5 3 4 5 5 3 3 3 5 2 5 5 4 4 0 3 3 5 8 7 5 3 5 2 5 3 4 3 3 1 7 5 5 4 2 4 3 4 6 5 5 5 4 4 4 4 3 4 4 4 5 7 3 2 3 2 5 5 7 4 5 4 6 4 6 4 5 5 4 3 3 6 4 3 4 5 2 5 6 4 3 4 4 4 3 1 4 3 4 6 1 6 5 1 3 6 2 6 6 5 5 4 4 5 2 4 4 2 5 2 2 5 4 6 4 6 4 6 3 2 4 5 3 6 3 7 3 3 4 3 1 4 3 1 5 4 4 4 4 4 3 4 5 3 3 2 4 4 4 3 0 4 4 2 4 4 7 3 2 5 3 4 4 3 3 4 
6 6 6 11 12 10 1 10 13 10 11 8 11 7 9 9 5 2 11 6 5 9 7 6 10 8 12 9 5 6 9 10 11 6 4 6 8 7 11 13 6 11 1 4 13 12 10 5 7 7 7 13 10 4 8 8 9 10 7 9 5 6 3 10 8 9 5 9 7 10 3 9 7 9 6 7 12 6 11 13 10 11 6 6 9 5 10 7 9 9 9 8 10 7 9 9 5 7 10 6 11 9 11 7 4 9 8 2 7 8 6 6 8 4 6 8 10 8 11 9 8 10 14 10 11 4 8 7 7 7 8 9 9 13 14 0 4 6 12 12 7 11 11 4 6 14 8 13 4 7 6 7 9 9 7 10 10 6 12 6 4 9 9 7 6 6 12 11 8 9 9 5 9 6 5 7 9 9 6 0 7 11 9 6 12 14 6 9 5 8 7 8 2 8 10 9 10 4 9 6 
8 5 1 7 8 8 7 4 11 2 2 5 6 8 10 10 10 4 11 1 13 6 8 4 9 8 7 8 7 5 10 9 7 6 6 6 4 7 10 4 9 10 7 14 3 9 6 7 7 2 4 9 6 7 8 6 2 11 2 5 6 6 7 8 7 12 8 9 7 8 8 11 7 10 6 8 11 13 4 6 4 6 7 12 5 6 8 12 4 8 13 6 6 5 4 7 7 9 7 8 2 12 2 5 5 5 7 9 10 8 8 4 7 13 3 10 10 5 9 10 6 7 9 7 9 9 2 7 10 8 7 8 3 6 10 6 7 6 6 10 4 5 8 9 7 10 11 11 6 11 8 8 9 9 10 6 5 10 9 8 4 4 6 8 6 5 10 4 5 10 2 6 11 8 6 9 9 8 5 6 4 8 4 9 7 5 8 8 6 5 7 5 7 12 8 8 5 10 7 11 
4 8 5 7 8 8 7 7 8 7 5 7 6 6 11 5 11 4 2 4 7 6 3 11 8 8 8 4 2 7 6 4 4 6 7 3 8 4 7 9 6 6 5 3 6 5 5 7 9 5 8 6 6 2 6 6 9 5 4 6 7 6 9 6 5 4 3 5 6 5 7 3 8 2 9 8 9 9 7 8 2 5 4 8 4 11 3 4 2 6 4 11 9 9 9 5 9 6 6 3 10 7 8 7 8 5 7 8 7 7 8 7 8 4 6 6 5 7 5 4 9 4 6 8 5 7 6 5 8 7 6 3 4 9 10 5 5 5 6 9 6 5 7 5 5 8 4 6 10 7 9 1 4 6 5 4 4 5 6 4 8 7 7 4 6 7 6 8 5 3 4 6 4 10 5 5 6 4 5 8 5 3 4 12 10 4 2 5 6 6 3 2 5 7 4 6 8 6 11 5 
9 7 7 8 6 5 11 8 3 11 6 3 4 12 5 7 7 9 9 6 8 8 11 8 10 4 9 8 6 6 11 7 8 7 9 9 12 10 9 8 6 6 5 5 7 13 5 5 7 9 6 3 3 9 11 7 6 5 7 3 11 8 3 8 6 3 11 10 6 11 9 6 10 2 8 4 11 5 8 4 6 7 6 6 3 8 8 7 7 5 8 7 2 2 9 4 4 8 8 9 5 7 8 12 8 6 1 5 10 5 5 8 7 9 9 7 10 7 9 7 7 3 6 9 10 2 5 8 9 7 10 4 10 8 4 7 6 9 6 11 11 6 8 5 6 8 5 8 6 4 6 9 9 7 8 9 8 6 8 6 9 8 9 8 9 7 8 9 8 6 7 5 9 3 7 3 6 4 3 8 8 10 8 9 10 8 4 10 8 10 9 7 8 8 8 4 8 6 8 1 
8 16 5 8 5 10 7 9 10 5 6 3 11 9 12 6 9 6 8 6 12 8 9 11 9 9 7 9 5 8 7 4 5 11 8 12 5 7 7 5 3 5 10 11 6 8 9 10 12 5 7 8 7 14 12 10 10 8 9 7 8 11 5 11 5 4 7 10 9 9 8 6 5 7 7 8 7 9 9 9 9 12 6 11 8 8 6 6 12 3 9 13 7 9 4 7 11 9 5 10 9 8 5 9 6 5 6 8 6 9 6 11 10 6 9 10 2 9 12 8 9 7 10 11 7 9 7 8 3 14 5 6 5 7 7 4 6 9 7 9 9 8 8 8 10 11 7 10 12 5 5 10 9 6 6 9 10 7 6 11 5 4 5 9 10 14 5 13 7 10 15 12 3 4 8 4 6 11 7 4 10 6 8 11 9 7 7 11 9 5 5 11 5 7 9 8 5 6 11 10 
4 14 8 8 14 11 10 4 13 11 10 15 11 13 1 5 9 11 9 8 11 13 10 8 10 12 10 11 14 12 12 11 8 7 8 4 13 13 11 14 9 10 8 4 14 9 14 13 3 9 8 9 12 16 6 13 8 11 8 13 15 10 6 7 9 3 4 9 18 7 12 12 16 5 11 8 6 10 7 13 10 12 6 7 4 8 14 13 8 14 10 12 12 10 7 13 6 12 12 13 11 9 10 13 7 16 10 9 9 11 10 11 10 14 12 12 6 13 11 9 8 14 15 15 9 12 16 11 12 12 6 11 7 10 9 2 4 12 9 2 15 9 12 8 5 13 10 12 17 9 8 16 18 15 7 10 11 10 2 7 12 10 9 8 11 12 9 12 7 7 15 10 8 1 9 9 11 9 9 11 11 10 11 12 12 7 16 10 9 11 12 8 13 11 11 2 12 6 12 10 
1 1 1 1 1 1 0 1 1 1 1 1 1 1 1 1 1 1 1 2 1 1 1 1 1 2 1 1 1 2 1 2 1 1 1 1 1 1 1 0 0 1 1 1 1 1 1 1 1 0 0 1 1 1 1 1 1 1 1 2 2 1 1 1 1 1 1 1 1 1 1 1 1 1 1 1 1 1 0 1 1 1 1 1 1 0 1 1 1 1 1 1 1 0 1 1 2 1 1 1 1 1 1 1 1 0 1 1 1 1 1 1 1 1 1 1 1 1 2 1 1 2 1 1 1 1 1 1 1 1 1 1 1 1 1 1 1 1 1 1 1 1 2 1 0 1 1 1 1 2 0 1 1 1 1 1 2 1 1 1 1 0 1 1 1 1 1 1 1 1 1 1 1 1 1 1 1 1 0 1 2 1 1 0 1 1 1 1 0 1 1 1 1 1 0 1 1 1 0 2 
8 9 6 12 11 6 12 9 11 9 7 11 6 6 14 6 9 10 10 10 6 9 7 6 5 9 9 1 8 5 10 8 7 9 13 5 11 6 9 11 7 9 11 11 2 6 9 10 5 7 11 8 5 2 3 7 8 7 8 10 8 12 10 8 3 7 9 9 6 9 12 11 9 7 10 6 11 9 10 4 5 6 8 5 10 10 4 6 2 6 8 12 6 11 7 8 6 10 8 5 9 9 7 12 7 9 9 8 8 13 11 13 8 9 1 10 4 8 7 5 8 5 14 7 7 8 7 9 8 12 9 10 6 7 9 7 7 3 9 10 7 6 11 9 9 8 12 7 8 7 9 11 12 4 3 8 10 5 7 9 4 12 7 8 9 3 5 11 6 8 3 9 5 10 8 8 9 5 8 7 6 8 6 6 4 11 9 9 10 8 10 7 9 9 10 10 5 9 9 7 
2 2 3 3 3 2 2 1 1 3 3 3 2 3 2 1 0 1 2 2 3 2 2 2 2 2 3 2 2 2 2 3 2 1 2 2 2 2 3 2 1 2 3 3 2 2 1 2 3 2 2 2 2 2 1 2 3 1 2 3 3 3 2 3 2 1 1 2 3 2 3 2 2 1 3 4 2 2 1 1 1 3 2 1 1 2 3 2 2 2 3 2 2 2 2 3 1 1 2 2 2 2 2 1 2 3 3 2 1 4 2 2 3 2 2 1 2 2 3 3 0 3 1 2 3 3 2 3 1 3 2 3 2 2 2 2 2 1 1 2 2 1 2 2 3 2 3 1 2 3 2 2 2 2 3 2 3 1 1 2 2 1 2 2 2 3 3 3 2 2 3 2 1 2 2 2 2 3 1 1 2 2 1 2 1 2 2 2 3 2 2 1 2 2 2 1 1 1 1 2 
8 6 9 2 9 5 7 5 12 4 7 7 10 5 4 8 4 7 5 6 12 8 9 11 9 9 5 5 9 5 7 10 4 7 10 8 7 8 9 4 9 7 7 7 9 7 5 10 9 7 6 3 2 9 6 0 3 9 6 11 9 3 12 7 7 3 9 10 8 9 8 8 6 5 8 7 6 0 8 7 4 6 2 7 8 6 8 9 8 4 8 9 9 6 11 7 8 0 9 8 4 2 5 6 11 5 6 6 8 5 6 7 5 4 9 1 5 7 6 10 1 10 6 8 6 4 6 5 7 7 5 10 3 9 9 10 6 9 11 4 6 6 7 5 6 7 11 8 8 7 7 8 6 9 7 5 5 8 9 2 11 10 12 3 8 11 9 8 9 7 6 5 8 7 3 9 5 7 8 10 10 11 4 6 9 7 6 6 4 11 8 8 7 10 9 11 11 7 9 7 
1 3 2 1 2 2 3 2 2 2 2 2 2 1 2 2 1 2 2 2 3 2 1 2 3 2 2 1 2 2 2 2 2 2 2 2 4 2 1 2 2 3 2 2 2 2 3 2 2 2 1 1 2 2 2 3 3 2 3 2 2 2 1 2 3 3 1 0 3 1 1 2 2 2 2 2 2 2 1 2 1 2 3 2 2 1 2 2 3 4 2 3 3 1 1 1 2 1 2 3 1 3 2 1 1 1 0 1 2 2 3 2 2 2 1 1 2 2 3 1 1 2 1 3 2 3 3 1 1 3 2 1 2 4 2 3 3 1 2 2 1 2 2 3 2 2 3 3 2 1 2 2 3 1 2 3 2 1 2 3 2 2 2 2 3 3 2 2 2 2 1 0 2 2 3 2 2 2 3 3 3 2 2 1 2 2 1 3 3 1 2 2 3 2 2 2 3 2 2 2 
15 12 15 5 7 5 9 9 8 7 19 8 14 11 12 12 9 11 13 12 16 11 7 12 20 14 9 10 11 7 15 3 13 9 12 14 10 8 12 5 9 13 12 11 19 11 10 8 7 9 15 9 14 13 4 7 11 12 7 9 10 17 8 15 15 8 6 7 7 10 7 10 8 8 9 8 9 12 9 11 6 12 14 11 13 9 6 11 10 14 12 6 10 8 11 9 8 11 7 10 13 7 9 6 5 11 10 10 3 11 11 9 15 8 14 6 8 14 11 10 7 11 5 9 3 3 4 15 8 10 14 15 10 18 3 11 17 10 13 7 10 15 10 9 13 16 10 13 11 10 11 4 7 6 10 15 6 9 8 4 8 7 5 9 9 14 9 5 8 10 13 13 13 11 12 6 17 12 15 4 10 9 7 9 11 15 14 9 14 8 8 9 8 8 7 12 10 12 13 12 
4 2 2 4 3 3 3 2 3 2 5 3 4 4 2 1 2 6 1 3 4 3 3 3 2 4 4 4 4 2 3 5 4 3 1 2 3 4 1 5 4 1 5 2 5 4 3 3 1 4 4 3 3 4 3 4 3 2 3 2 3 2 2 2 3 3 2 3 3 6 4 4 2 3 4 6 3 3 4 2 1 1 3 1 3 3 3 3 4 2 3 3 2 3 2 4 3 2 3 3 3 4 4 3 2 3 4 2 4 6 5 4 2 6 3 5 3 4 3 3 2 2 4 1 4 2 1 3 4 3 2 4 1 4 1 3 3 3 2 4 4 5 2 2 2 3 1 4 3 4 4 3 3 3 4 4 2 3 4 4 4 3 4 3 3 2 2 3 2 4 3 3 4 2 1 4 3 3 2 3 3 2 1 4 3 2 3 3 3 3 3 4 5 3 2 4 4 2 5 4 
