NAME  : Jabali_60_4_0.85_1_8
TYPE : SVRP
MODEL : FINITE_SUPPORT
NUMBER_OF_SCENARIOS : 200
DIMENSION : 60
EDGE_WEIGHT_TYPE : MATRIX
CAPACITY : 83
N_VEHICLES : 4
NODE_COORD_SECTION
1 3101 3302
2 3943 3245
3 3658 3765
4 6458 979
5 736 890
6 6472 1796
7 3984 801
8 4425 3343
9 2715 5052
10 4740 214
11 7527 6607
12 713 4851
13 4198 2688
14 1955 1200
15 5069 3759
16 6069 3568
17 6461 6308
18 3426 726
19 5004 6839
20 6190 4710
21 6744 2884
22 603 3476
23 5035 4108
24 1392 8134
25 4754 3615
26 510 4408
27 4220 6624
28 4477 6458
29 4630 681
30 4793 262
31 7194 3394
32 4993 18
33 3286 7725
34 2075 2377
35 6096 4452
36 6511 1514
37 5364 1809
38 5363 369
39 2173 6022
40 3145 1177
41 5845 5192
42 3967 5279
43 4750 5541
44 5756 7267
45 1341 5741
46 1117 3160
47 988 3383
48 5031 1578
49 5260 2440
50 3812 336
51 5047 1109
52 927 2940
53 2628 1824
54 822 6995
55 27 4486
56 2890 1883
57 3788 1317
58 2074 3795
59 3579 5802
60 2134 8296
DEMAND_SECTION
1 0.0
2 5.0
3 5.0
4 1.0
5 1.0
6 10.0
7 3.0
8 1.0
9 4.0
10 9.0
11 7.0
12 1.0
13 7.0
14 6.0
15 10.0
16 3.0
17 2.0
18 2.0
19 3.0
20 6.0
21 5.0
22 3.0
23 10.0
24 7.0
25 4.0
26 5.0
27 6.0
28 2.0
29 1.0
30 5.0
31 6.0
32 2.0
33 4.0
34 7.0
35 3.0
36 1.0
37 2.0
38 1.0
39 3.0
40 7.0
41 3.0
42 8.0
43 5.0
44 7.0
45 10.0
46 4.0
47 1.0
48 4.0
49 2.0
50 4.0
51 5.0
52 5.0
53 4.0
54 6.0
55 10.0
56 4.0
57 3.0
58 8.0
59 10.0
60 10.0
DEVIATION_SECTION
1 0.0
2 1.66667
3 1.66667
4 0.333333
5 0.333333
6 3.33333
7 1.0
8 0.333333
9 1.33333
10 3.0
11 2.33333
12 0.333333
13 2.33333
14 2.0
15 3.33333
16 1.0
17 0.666667
18 0.666667
19 1.0
20 2.0
21 1.66667
22 1.0
23 3.33333
24 2.33333
25 1.33333
26 1.66667
27 2.0
28 0.666667
29 0.333333
30 1.66667
31 2.0
32 0.666667
33 1.33333
34 2.33333
35 1.0
36 0.333333
37 0.666667
38 0.333333
39 1.0
40 2.33333
41 1.0
42 2.66667
43 1.66667
44 2.33333
45 3.33333
46 1.33333
47 0.333333
48 1.33333
49 0.666667
50 1.33333
51 1.66667
52 1.66667
53 1.33333
54 2.0
55 3.33333
56 1.33333
57 1.0
58 2.66667
59 3.33333
60 3.33333
DISTANCE_MATRIX
0.0 11.1803 10.8167 55.1543 49.8277 50.2195 36.3593 17.4642 24.311 47.5079 74.7115 39.0512 16.7631 33.0 26.4008 39.8497 66.8213 35.1141 54.7609 44.6329 49.2544 34.0391 27.6623 68.1082 22.4722 39.1152 47.033 46.2756 41.7732 47.5079 54.5711 50.9902 61.4473 20.099 42.614 51.923 36.7696 50.3289 37.044 28.8617 45.188 30.1055 40.8978 67.033 40.2244 30.5941 29.7377 35.8469 31.5753 41.1461 40.0 32.302 20.8284 58.1378 45.0444 20.025 29.1548 15.0333 37.9108 67.994 
11.1803 0.0 8.60233 46.1411 54.6531 40.1622 33.9559 6.32456 31.4374 42.9418 64.7504 49.4975 8.60233 37.8254 15.8114 28.7924 51.7398 35.0143 53.8867 34.6554 38.1182 45.2182 17.6918 75.4484 11.6619 50.01 46.1588 45.4015 37.1214 42.9418 43.4166 46.1411 65.036 28.3196 32.5576 42.1545 28.0179 44.2041 44.3842 30.2655 35.2269 30.4291 34.3999 59.7648 48.7549 39.3875 40.9169 28.2843 21.5407 39.6232 33.4215 41.0954 25.6539 65.99 56.0 24.1661 27.2947 26.1725 45.0372 75.1204 
10.8167 8.60233 0.0 54.0833 59.4863 47.4236 42.0595 12.083 24.6907 51.4782 81.0755 44.0 17.2047 42.6586 18.1244 32.1413 67.201 42.4264 55.1406 36.0832 43.1856 42.5441 19.1127 68.7017 15.0333 45.3982 47.4126 46.6553 45.6508 51.4782 47.1699 54.7083 61.827 30.6525 34.0643 49.6488 36.2353 52.8015 37.6375 37.0135 36.6383 30.4852 41.2775 67.4126 42.0082 39.1137 38.2573 36.7967 29.1548 47.5395 42.0119 42.2609 30.4871 59.2433 51.4782 29.4279 35.171 23.2594 38.2905 68.3737 
55.1543 46.1411 54.0833 0.0 76.4003 10.198 33.5261 42.2019 75.74 25.0 79.404 93.9202 38.4838 60.6712 41.8688 35.4683 72.8011 40.8044 79.7343 50.5964 26.0768 85.0 45.607 118.879 41.7253 93.2389 80.1665 79.4091 25.0799 25.0 34.0588 24.0416 99.2472 61.131 47.7598 7.07107 18.3848 17.6918 90.4804 44.5533 57.3847 65.0692 66.6108 84.1724 94.8262 77.7817 80.0625 20.2237 25.0 36.6742 19.2354 78.4092 53.0094 112.086 98.8556 50.01 36.2215 68.9638 72.8812 114.56 
49.8277 54.6531 59.4863 76.4003 0.0 77.6209 42.9535 59.6305 65.948 54.1479 119.235 51.2445 52.4023 17.2047 69.4707 80.1561 106.224 35.6931 102.167 88.8364 84.9058 33.5261 72.052 96.5091 65.2492 45.8803 91.3554 93.682 51.788 54.1479 92.6553 57.0351 95.0778 41.8775 86.4994 77.4919 62.6498 61.4003 69.1199 32.311 89.711 77.5119 88.3042 114.439 63.7887 30.1496 32.3883 58.3095 63.8122 41.1096 57.28 27.2947 29.0 80.7775 47.4131 31.241 40.8534 45.8314 85.3172 99.3227 
50.2195 40.1622 47.4236 10.198 77.6209 0.0 36.0555 35.3412 67.9064 30.8058 69.2604 89.2693 33.541 61.0328 33.3017 25.4951 62.6418 43.0465 69.8188 40.4969 16.0 82.0549 36.7696 110.824 33.8378 89.1067 71.468 70.7107 29.0 30.8058 24.3311 30.8869 90.5512 59.3043 37.6962 3.16228 15.2971 24.5967 83.8717 45.31 47.4236 57.0088 57.4891 74.2496 88.8394 75.0067 77.0584 19.3132 18.6815 40.4599 21.4009 76.0263 51.788 105.815 94.8947 48.8365 36.7696 64.7765 64.8253 106.301 
36.3593 33.9559 42.0595 33.5261 42.9535 36.0555 0.0 35.0571 60.6699 13.0 92.1792 70.2127 26.1725 28.0179 42.2966 47.0106 80.895 7.28011 84.2688 60.1664 46.8615 57.5036 46.1736 104.306 39.0512 67.3242 76.5409 75.7835 9.0 13.0 55.6058 16.5529 97.8062 33.0716 57.28 35.3553 22.6716 19.105 73.2414 12.3693 63.7887 60.8112 64.7819 89.2964 75.323 50.2247 52.7539 17.6918 27.7308 6.08276 14.7648 50.7531 23.7065 93.6136 72.266 21.095 7.2111 47.3627 74.2698 104.353 
17.4642 6.32456 12.083 42.2019 59.6305 35.3412 35.0571 0.0 36.5459 42.3792 59.9333 55.2268 9.05539 42.8019 9.89949 22.4722 47.1275 37.3363 49.3394 29.2062 32.0156 51.4975 12.53 79.6853 5.65685 56.0089 41.6114 40.8541 36.6879 42.3792 37.108 45.31 60.4886 34.2053 26.9072 37.5899 24.7588 42.5441 52.5112 33.5261 30.4631 25.8818 29.8525 55.2174 53.7364 45.6197 47.1961 26.0768 17.2047 41.0122 31.7648 47.3276 30.6313 74.4549 62.0322 28.8444 29.0689 32.3883 33.6871 75.3792 
24.311 31.4374 24.6907 75.74 65.948 67.9064 60.6699 36.5459 0.0 71.683 80.2831 30.8707 39.2762 56.4989 35.7351 49.0306 65.5341 59.2646 46.2575 45.2988 61.4003 37.8021 33.7343 47.3307 34.0686 34.6699 36.714 37.8998 65.9126 71.683 63.6396 75.1311 40.456 43.4605 45.0444 70.4631 59.2967 74.1715 16.2665 52.8113 57.8918 16.4475 41.6284 57.8918 23.0217 35.9859 34.9857 59.0495 51.0786 65.4222 63.6393 39.1331 44.3273 38.2101 40.3113 43.5932 53.4658 23.5372 24.1881 47.0027 
47.5079 42.9418 51.4782 25.0 54.1479 30.8058 13.0 42.3792 71.683 0.0 94.7629 83.1128 34.4384 40.4475 47.5184 48.5077 85.0 19.2354 90.3488 63.1269 44.7772 70.3288 51.6236 115.694 45.1221 80.1494 83.3303 82.573 5.83095 0.0 53.7122 3.60555 102.208 45.8968 60.1332 29.0689 22.2036 7.61577 84.548 25.2982 68.0294 67.6007 71.5681 94.1051 87.0739 63.0498 65.579 18.0 30.0 13.0384 12.0416 63.7015 36.6742 105.361 85.0912 34.0 19.4165 59.1136 85.2828 115.366 
74.7115 64.7504 81.0755 79.404 119.235 69.2604 92.1792 59.9333 80.2831 94.7629 0.0 94.8286 68.542 102.407 50.6952 46.2709 15.0 96.1353 34.5398 32.0156 53.3385 101.542 47.4236 83.0542 54.626 99.512 44.3847 42.4853 90.2552 94.7629 46.0977 96.421 57.1402 93.3277 34.9285 72.3395 72.5603 91.1373 72.0902 93.2309 29.5296 52.8628 42.1207 26.0768 83.672 98.3389 97.4592 76.9415 65.1153 98.2344 82.7345 101.486 90.2353 89.2693 104.649 88.6021 87.5957 83.2466 59.0595 74.0068 
39.0512 49.4975 44.0 93.9202 51.2445 89.2693 70.2127 55.2268 30.8707 83.1128 94.8286 0.0 55.7853 49.6232 62.0322 76.0592 80.0795 66.4924 60.803 75.1864 87.0919 17.72 61.2944 46.0435 59.0085 6.08276 51.225 52.4453 78.1389 83.1128 91.0879 86.7067 51.0 38.3143 74.5252 90.956 75.5844 87.5705 25.0 59.4895 70.8537 46.6359 56.1738 72.3464 14.8661 22.4722 19.7231 74.0999 70.6116 73.4555 77.6389 24.5967 50.1114 29.6142 9.89949 49.519 63.8263 25.0799 38.7336 50.4876 
16.7631 8.60233 17.2047 38.4838 52.4023 33.541 26.1725 9.05539 39.2762 34.4384 68.542 55.7853 0.0 35.3553 17.8885 27.8029 56.0446 28.2843 58.3893 37.2156 34.4819 49.0918 21.1896 83.2871 13.9284 55.5788 50.6614 49.9041 28.6356 34.4384 41.1461 37.5899 69.5386 28.6356 34.6699 35.171 20.1246 35.609 52.2229 24.6982 39.2173 34.9317 38.9025 64.2674 56.4358 42.2966 44.1022 19.8494 15.0333 32.0624 24.8395 43.7379 23.4307 73.8287 61.4003 21.2132 20.025 31.257 52.876 82.9592 
33.0 37.8254 42.6586 60.6712 17.2047 61.0328 28.0179 42.8019 56.4989 40.4475 102.407 49.6232 35.3553 0.0 52.6308 63.0317 89.3962 21.2132 86.7346 72.0069 67.7422 32.663 55.2244 93.9422 48.4149 45.0163 79.0067 78.2493 37.0135 40.4475 75.452 43.7379 93.6352 25.0499 69.6563 61.131 45.8803 47.0956 68.5353 16.1245 72.8834 62.0792 72.8716 99.0067 61.1856 27.4556 29.9797 41.7612 46.6476 27.8927 41.4367 25.0403 12.2066 78.6736 48.2094 14.1421 24.5153 42.5986 69.8846 99.2724 
26.4008 15.8114 18.1244 41.8688 69.4707 33.3017 42.2966 9.89949 35.7351 47.5184 50.6952 62.0322 17.8885 52.6308 0.0 14.0357 38.6394 45.607 42.5727 19.4165 25.7099 60.0901 4.12311 77.666 4.24264 63.511 38.3017 37.5443 42.19 47.5184 29.0689 50.01 57.3847 44.0454 17.0294 36.0694 26.9258 46.1736 51.8541 42.5441 21.587 23.8537 25.0599 47.0116 58.2495 56.6451 55.7887 29.8329 18.3848 48.3735 35.9026 56.8846 40.4715 73.7167 69.5887 38.6005 37.108 40.8044 31.6917 73.0 
39.8497 28.7924 32.1413 35.4683 80.1561 25.4951 47.0106 22.4722 49.0306 48.5077 46.2709 76.0592 27.8029 63.0317 14.0357 0.0 37.6563 51.9711 44.3257 15.2971 13.0384 73.7974 15.2971 89.0674 17.4642 77.5242 48.2666 47.5093 44.1475 48.5077 15.0333 50.1597 67.3498 56.0803 12.3693 28.6356 26.3059 45.0 63.4207 50.6063 21.9317 36.0555 33.4215 48.7545 71.8471 68.0392 69.496 30.8058 19.3132 52.9245 36.4966 69.747 51.225 86.0296 83.6002 48.9183 43.566 54.5711 44.0046 83.491 
66.8213 51.7398 67.201 72.8011 106.224 62.6418 80.895 47.1275 65.5341 85.0 15.0 80.0795 56.0446 89.3962 38.6394 37.6563 0.0 84.1724 20.3961 22.3607 47.5395 87.6674 34.9285 71.2531 42.2019 84.7629 30.0832 27.8568 80.0562 85.0 42.19 87.0517 45.2769 80.317 25.318 65.8027 63.0714 82.2982 57.5847 80.6536 17.1172 38.9883 28.2462 15.6525 69.0797 84.7622 83.9035 67.0 55.0 86.977 73.0068 87.9093 77.2247 75.8024 89.9002 75.5915 75.71 69.3721 44.3105 62.8013 
35.1141 35.0143 42.4264 40.8044 35.6931 43.0465 7.28011 37.3363 59.2646 19.2354 96.1353 66.4924 28.2843 21.2132 45.607 51.9711 84.1724 0.0 86.6732 64.2573 53.0377 52.4536 49.2443 102.432 41.9762 63.5119 78.9453 78.1879 16.1245 19.2354 61.6198 22.561 96.4009 29.2592 61.4654 42.4853 29.0689 26.0 71.3676 7.07107 67.1863 65.059 67.1863 92.5512 73.3913 47.2462 49.7703 24.2074 33.0151 7.2111 21.9317 44.831 19.105 91.6819 68.0 17.0294 8.544 45.4309 72.8644 101.955 
54.7609 53.8867 55.1406 79.7343 102.167 69.8188 84.2688 49.3394 46.2575 90.3488 34.5398 60.803 58.3893 86.7346 42.5727 44.3257 20.3961 86.6732 0.0 30.2208 56.0934 71.2169 38.7061 51.9711 46.5658 65.4864 9.84886 8.48528 84.5959 90.3488 52.9612 93.3505 26.5707 73.9104 32.4929 72.9546 68.1288 87.5286 37.5766 82.8167 22.4929 24.8934 23.1682 12.53 49.1935 72.2052 71.3465 74.0223 59.7894 90.2566 79.81 75.3524 74.563 55.4437 70.6237 73.9048 78.3849 57.3106 25.2579 44.2719 
44.6329 34.6554 36.0832 50.5964 88.8364 40.4969 60.1664 29.2062 45.2988 63.1269 32.0156 75.1864 37.2156 72.0069 19.4165 15.2971 22.3607 64.2573 30.2208 0.0 26.0768 76.8346 16.9706 80.303 23.6008 77.7946 39.2053 38.4479 58.4209 63.1269 22.8035 65.0077 56.5913 62.9389 3.0 43.6578 41.0122 60.075 58.0345 61.7171 7.81025 31.1448 23.7697 34.1321 68.1175 73.6911 72.8348 45.1774 33.2415 66.2193 51.0882 76.8383 59.8372 79.7621 83.8153 58.0086 55.7136 58.5974 39.0512 74.1934 
49.2544 38.1182 43.1856 26.0768 84.9058 16.0 46.8615 32.0156 61.4003 44.7772 53.3385 87.0919 34.4819 67.7422 25.7099 13.0384 47.5395 53.0377 56.0934 26.0768 0.0 83.2166 27.8568 102.083 28.1603 88.0227 61.3028 60.5454 41.6773 44.7772 8.94427 45.5412 80.3859 62.9682 23.6008 19.0263 24.2074 39.5601 76.1751 53.4135 33.6006 48.8467 46.4004 60.208 83.9524 76.4853 78.1564 29.2062 21.095 52.2015 33.6155 78.1025 56.7979 98.784 94.0479 54.1202 45.3431 64.2806 56.759 96.5271 
34.0391 45.2182 42.5441 85.0 33.5261 82.0549 57.5036 51.4975 37.8021 70.3288 101.542 17.72 49.0918 32.663 60.0901 73.7974 87.6674 52.4536 71.2169 76.8346 83.2166 0.0 61.1543 63.3877 56.3457 12.53 61.6733 62.8591 65.3526 70.3288 88.594 73.928 64.846 24.6982 75.7743 83.2166 67.2681 75.3353 38.3275 46.0266 73.7835 50.455 61.2474 82.8512 31.0 7.28011 5.0 64.7765 64.0312 59.5513 66.9403 7.81025 37.3103 47.2969 15.6205 36.7179 51.0348 19.3132 58.2603 67.0298 
27.6623 17.6918 19.1127 45.607 72.052 36.7696 46.1736 12.53 33.7343 51.6236 47.4236 61.2944 21.1896 55.2244 4.12311 15.2971 34.9285 49.2443 38.7061 16.9706 27.8568 61.1543 0.0 74.6257 7.28011 63.1621 34.6985 33.9411 46.2709 51.6236 30.0666 54.1295 53.7817 45.9684 15.0 39.6232 31.0161 50.2892 48.3334 45.8803 18.0278 21.0238 21.095 43.1449 56.5685 57.7113 56.8549 33.9559 22.4722 52.2398 40.025 60.8585 43.0528 70.9422 69.2399 41.3401 40.7922 41.8561 28.9173 69.6563 
68.1082 75.4484 68.7017 118.879 96.5091 110.824 104.306 79.6853 47.3307 115.694 83.0542 46.0435 83.2871 93.9422 77.666 89.0674 71.2531 102.432 51.9711 80.303 102.083 63.3877 74.6257 0.0 77.1495 52.0096 44.2719 47.7598 109.924 115.694 102.044 119.142 26.0192 81.056 81.2118 113.476 102.447 118.182 31.0644 95.9128 73.6804 53.8238 56.538 57.0088 32.7567 66.4906 64.1327 103.061 94.2181 108.777 107.65 69.2315 87.428 17.4642 53.2353 86.6939 97.0971 61.327 46.8615 9.84886 
22.4722 11.6619 15.0333 41.7253 65.2492 33.8378 39.0512 5.65685 34.0686 45.1221 54.626 59.0085 13.9284 48.4149 4.24264 17.4642 42.2019 41.9762 46.5658 23.6008 28.1603 56.3457 7.28011 77.1495 0.0 60.208 38.8378 38.0805 39.6232 45.1221 32.3883 47.8017 57.8014 39.8246 21.2603 36.4005 25.5539 44.3847 50.034 38.6264 25.2982 23.3452 26.5707 50.3746 56.2363 52.9007 52.0443 27.8568 17.2047 45.0999 33.8378 52.7568 36.25 71.9777 66.2722 34.4093 33.541 37.108 31.1513 72.8354 
39.1152 50.01 45.3982 93.2389 45.8803 89.1067 67.3242 56.0089 34.6699 80.1494 99.512 6.08276 55.5788 45.0163 63.511 77.5242 84.7629 63.5119 65.4864 77.7946 88.0227 12.53 63.1621 52.0096 60.208 0.0 55.9429 57.1287 75.1584 80.1494 92.5419 83.7487 56.7979 35.2278 76.922 90.6091 74.9716 85.0665 30.5287 56.5091 73.9256 49.7464 60.5387 77.1207 20.8806 18.3848 15.5563 73.3728 70.5762 70.475 76.2078 20.0 47.1309 35.3553 6.08276 46.5386 60.8459 24.3311 43.417 56.5685 
47.033 46.1588 47.4126 80.1665 91.3554 71.468 76.5409 41.6114 36.714 83.3303 44.3847 51.225 50.6614 79.0067 38.3017 48.2666 30.0832 78.9453 9.84886 39.2053 61.3028 61.6733 34.6985 44.2719 38.8378 55.9429 0.0 3.60555 77.7306 83.3303 60.9464 86.1251 20.6155 66.1824 40.1141 74.3109 64.3633 82.8267 27.7308 75.5332 29.5153 17.1655 15.4403 21.2132 39.3573 61.3933 59.9387 66.2944 56.0392 82.5287 72.2982 64.5405 66.8351 46.0977 61.0737 66.1769 70.657 49.5827 17.088 37.5899 
46.2756 45.4015 46.6553 79.4091 93.682 70.7107 75.7835 40.8541 37.8998 82.573 42.4853 52.4453 49.9041 78.2493 37.5443 47.5093 27.8568 78.1879 8.48528 38.4479 60.5454 62.8591 33.9411 47.7598 38.0805 57.1287 3.60555 0.0 76.9732 82.573 60.189 85.3678 24.2074 65.4251 39.3567 73.5535 63.6059 82.0694 29.7321 74.7759 26.2132 16.4082 14.6829 20.8087 41.2311 63.7199 61.1244 65.537 55.2818 81.7713 71.3247 66.8671 66.0778 49.0102 62.266 65.4195 69.8997 48.8253 16.7726 41.1825 
41.7732 37.1214 45.6508 25.0799 51.788 29.0 9.0 36.6879 65.9126 5.83095 90.2552 78.1389 28.6356 37.0135 42.19 44.1475 80.0562 16.1245 84.5959 58.4209 41.6773 65.3526 46.2709 109.924 39.6232 75.1584 77.7306 76.9732 0.0 5.83095 50.6063 9.21954 96.6078 40.9206 55.4437 27.8029 18.0278 10.198 78.8002 21.2132 63.0079 62.0009 65.9697 88.9616 81.4678 58.0736 60.6028 13.3417 25.1794 11.6619 8.06226 58.3298 31.9531 99.7246 80.1124 29.1548 14.3178 53.5089 79.5124 109.596 
47.5079 42.9418 51.4782 25.0 54.1479 30.8058 13.0 42.3792 71.683 0.0 94.7629 83.1128 34.4384 40.4475 47.5184 48.5077 85.0 19.2354 90.3488 63.1269 44.7772 70.3288 51.6236 115.694 45.1221 80.1494 83.3303 82.573 5.83095 0.0 53.7122 3.60555 102.208 45.8968 60.1332 29.0689 22.2036 7.61577 84.548 25.2982 68.0294 67.6007 71.5681 94.1051 87.0739 63.0498 65.579 18.0 30.0 13.0384 12.0416 63.7015 36.6742 105.361 85.0912 34.0 19.4165 59.1136 85.2828 115.366 
54.5711 43.4166 47.1699 34.0588 92.6553 24.3311 55.6058 37.108 63.6396 53.7122 46.0977 91.0879 41.1461 75.452 29.0689 15.0333 42.19 61.6198 52.9612 22.8035 8.94427 88.594 30.0666 102.044 32.3883 92.5419 60.9464 60.189 50.6063 53.7122 0.0 54.4243 79.3317 69.7782 21.095 27.1662 33.0151 48.3839 77.666 61.6198 30.6105 50.2195 45.618 56.0803 86.5794 82.4161 84.2926 38.0132 29.0689 61.0328 42.5441 84.1239 64.1405 100.17 98.6154 61.5873 53.7401 69.4262 58.2495 96.1708 
50.9902 46.1411 54.7083 24.0416 57.0351 30.8869 16.5529 45.31 75.1311 3.60555 96.421 86.7067 37.5899 43.7379 50.01 50.1597 87.0517 22.561 93.3505 65.0077 45.5412 73.928 54.1295 119.142 47.8017 83.7487 86.1251 85.3678 9.21954 3.60555 54.4243 0.0 105.002 49.496 62.0081 28.8444 24.0 6.40312 88.0195 28.7924 70.1783 70.3954 74.3303 96.3629 90.6246 66.6491 69.1783 20.2237 32.1403 16.0312 14.1421 67.1824 40.2492 108.904 88.6905 37.5899 23.0217 62.6643 88.7309 118.814 
61.4473 65.036 61.827 99.2472 95.0778 90.5512 97.8062 60.4886 40.456 102.208 57.1402 51.0 69.5386 93.6352 57.3847 67.3498 45.2769 96.4009 26.5707 56.5913 80.3859 64.846 53.7817 26.0192 57.8014 56.7979 20.6155 24.2074 96.6078 102.208 79.3317 105.002 0.0 80.5968 58.8634 93.3941 83.2346 101.83 26.5707 89.9476 48.8634 34.9857 34.5235 31.0644 36.3593 65.1153 63.561 85.2766 75.0 102.559 91.1754 68.2495 81.4636 34.0 60.5392 80.7295 90.6021 55.7317 30.6757 17.72 
20.099 28.3196 30.6525 61.131 41.8775 59.3043 33.0716 34.2053 43.4605 45.8968 93.3277 38.3143 28.6356 25.0499 44.0454 56.0803 80.317 29.2592 73.9104 62.9389 62.9682 24.6982 45.9684 81.056 39.8246 35.2278 66.1824 65.4251 40.9206 45.8968 69.7782 49.496 80.5968 0.0 60.8769 60.075 44.1022 50.9033 53.2681 22.2564 63.494 49.255 60.0473 86.1824 48.3298 17.4642 20.1246 41.0122 42.45 36.2224 42.6075 17.4642 12.8783 66.22 39.8246 12.2859 26.6028 29.9797 57.0603 83.49 
42.614 32.5576 34.0643 47.7598 86.4994 37.6962 57.28 26.9072 45.0444 60.1332 34.9285 74.5252 34.6699 69.6563 17.0294 12.3693 25.318 61.4654 32.4929 3.0 23.6008 75.7743 15.0 81.2118 21.2603 76.922 40.1141 39.3567 55.4437 60.1332 21.095 62.0081 58.8634 60.8769 0.0 40.8534 38.0132 57.0789 58.2151 59.0593 10.0 31.0 24.6982 36.7151 68.0074 72.6308 71.7744 42.19 30.2655 63.3246 48.0937 75.778 57.5002 80.2309 82.9699 55.6058 52.9245 56.8078 39.0128 75.3385 
51.923 42.1545 49.6488 7.07107 77.4919 3.16228 35.3553 37.5899 70.4631 29.0689 72.3395 90.956 35.171 61.131 36.0694 28.6356 65.8027 42.4853 72.9546 43.6578 19.0263 83.2166 39.6232 113.476 36.4005 90.6091 74.3109 73.5535 27.8029 29.0689 27.1662 28.8444 93.3941 60.075 40.8534 0.0 16.0 22.4722 86.4284 45.2217 50.5668 59.6657 60.4401 77.3886 90.8928 76.1052 78.2304 19.4165 20.6155 39.4081 20.5913 77.0065 52.345 108.372 96.3414 49.366 36.6879 66.2873 67.6043 109.041 
36.7696 28.0179 36.2353 18.3848 62.6498 15.2971 22.6716 24.7588 59.2967 22.2036 72.5603 75.5844 20.1246 45.8803 26.9258 26.3059 63.0714 29.0689 68.1288 41.0122 24.2074 67.2681 31.0161 102.447 25.5539 74.9716 64.3633 63.6059 18.0278 22.2036 33.0151 24.0 83.2346 44.1022 38.0132 16.0 0.0 19.4165 72.2435 30.4138 46.2709 48.6434 51.8941 72.5677 76.5376 60.1332 62.2896 5.0 8.544 28.0179 10.198 61.0082 36.4966 93.8493 80.692 33.541 21.9545 50.6952 56.4487 98.1409 
50.3289 44.2041 52.8015 17.6918 61.4003 24.5967 19.105 42.5441 74.1715 7.61577 91.1373 87.5705 35.609 47.0956 46.1736 45.0 82.2982 26.0 87.5286 60.075 39.5601 75.3353 50.2892 118.182 44.3847 85.0665 82.8267 82.0694 10.198 7.61577 48.3839 6.40312 101.83 50.9033 57.0789 22.4722 19.4165 0.0 87.1182 31.4006 65.6201 67.2226 70.9366 91.9674 90.4268 68.0563 70.5855 16.5529 27.8927 20.3961 10.8167 68.3125 42.0595 108.467 90.0777 39.2173 24.3516 62.5706 75.0279 117.854 
37.044 44.3842 37.6375 90.4804 69.1199 83.8717 73.2414 52.5112 16.2665 84.548 72.0902 25.0 52.2229 68.5353 51.8541 63.4207 57.5847 71.3676 37.5766 58.0345 76.1751 38.3275 48.3334 31.0644 50.034 30.5287 27.7308 29.7321 78.8002 84.548 77.666 88.0195 26.5707 53.2681 58.2151 86.4284 72.2435 87.1182 0.0 64.8485 52.0865 27.4591 35.2278 48.2597 11.6619 39.1152 37.3363 71.9963 67.044 77.6981 76.5861 42.19 56.3637 22.8473 34.8281 55.6297 66.0329 31.0483 19.4165 31.0483 
28.8617 30.2655 37.0135 44.5533 32.311 45.31 12.3693 33.5261 52.8113 25.2982 93.2309 59.4895 24.6982 16.1245 42.5441 50.6063 80.6536 7.07107 82.8167 61.7171 53.4135 46.0266 45.8803 95.9128 38.6264 56.5091 75.5332 74.7759 21.2132 25.2982 61.6198 28.7924 89.9476 22.2564 59.0593 45.2217 30.4138 31.4006 64.8485 0.0 63.9062 58.6058 63.3298 88.6947 66.8722 39.4095 41.9387 26.0 32.5576 14.2127 25.318 38.4039 12.0416 85.1628 61.4508 10.0 8.544 39.8052 66.4111 95.5856 
45.188 35.2269 36.6383 57.3847 89.711 47.4236 63.7887 30.4631 57.8918 68.0294 29.5296 70.8537 39.2173 72.8834 21.587 21.9317 17.1172 67.1863 22.4929 7.81025 33.6006 73.7835 18.0278 73.6804 25.2982 73.9256 29.5153 26.2132 63.0079 68.0294 30.6105 70.1783 48.8634 63.494 10.0 50.5668 46.2709 65.6201 52.0865 63.9062 0.0 26.2488 17.0294 26.8328 62.6498 70.6465 69.7901 50.04 38.0526 69.8713 56.0803 73.7937 60.7118 73.2462 79.8499 59.0786 58.6941 55.5527 33.7343 66.4654 
30.1055 30.4291 30.4852 65.0692 77.5119 57.0088 60.8112 25.8818 16.4475 67.6007 52.8628 46.6359 34.9317 62.0792 23.8537 36.0555 38.9883 65.059 24.8934 31.1448 48.8467 50.455 21.0238 53.8238 23.3452 49.7464 17.1655 16.4082 62.0009 67.6007 50.2195 70.3954 34.9857 49.255 31.0 59.6657 48.6434 67.2226 27.4591 58.6058 26.2488 0.0 12.0416 37.1655 37.0135 47.5498 46.6911 50.6697 40.4145 66.799 56.5685 50.697 49.9077 50.0 55.6452 49.2494 54.9273 32.6552 8.06226 49.4975 
40.8978 34.3999 41.2775 66.6108 88.3042 57.4891 64.7819 29.8525 41.6284 71.5681 42.1207 56.1738 38.9025 72.8716 25.0599 33.4215 28.2462 67.1863 23.1682 23.7697 46.4004 61.2474 21.095 56.538 26.5707 60.5387 15.4403 14.6829 65.9697 71.5681 45.618 74.3303 34.5235 60.0473 24.6982 60.4401 51.8941 70.9366 35.2278 63.3298 17.0294 12.0416 0.0 35.4403 46.0977 58.3421 57.4835 54.4243 43.382 70.7697 60.407 61.4893 60.7 56.2228 65.9945 58.2516 58.8981 43.4476 17.8885 50.6647 
67.033 59.7648 67.4126 84.1724 114.439 74.2496 89.2964 55.2174 57.8918 94.1051 26.0768 72.3464 64.2674 99.0067 47.0116 48.7545 15.6525 92.5512 12.53 34.1321 60.208 82.8512 43.1449 57.0088 50.3746 77.1207 21.2132 20.8087 88.9616 94.1051 56.0803 96.3629 31.0644 86.1824 36.7151 77.3886 72.5677 91.9674 48.2597 88.6947 26.8328 37.1655 35.4403 0.0 59.9083 84.4773 81.1165 76.1627 64.2283 95.3688 82.231 87.6244 86.8351 63.6003 82.2192 83.6165 84.263 69.5827 37.53 48.0937 
40.2244 48.7549 42.0082 94.8262 63.7887 88.8394 75.323 53.7364 23.0217 87.0739 83.672 14.8661 56.4358 61.1856 58.2495 71.8471 69.0797 73.3913 49.1935 68.1175 83.9524 31.0 56.5685 32.7567 56.2363 20.8806 39.3573 41.2311 81.4678 87.0739 86.5794 90.6246 36.3593 48.3298 68.0074 90.8928 76.5376 90.4268 11.6619 66.8722 62.6498 37.0135 46.0977 59.9083 0.0 33.7343 31.4006 76.0066 70.2779 79.7362 80.2122 36.4966 58.3874 18.6011 24.1868 57.6533 68.1331 30.0 29.0689 36.0555 
30.5941 39.3875 39.1137 77.7817 30.1496 75.0067 50.2247 45.6197 35.9859 63.0498 98.3389 22.4722 42.2966 27.4556 56.6451 68.0392 84.7622 47.2462 72.2052 73.6911 76.4853 7.28011 57.7113 66.4906 52.9007 18.3848 61.3933 63.7199 58.0736 63.0498 82.4161 66.6491 65.1153 17.4642 72.6308 76.1052 60.1332 68.0563 39.1152 39.4095 70.6465 47.5498 58.3421 84.4773 33.7343 0.0 2.82843 57.5587 57.1402 54.3439 59.6657 3.16228 30.0314 51.264 22.4722 29.439 43.7559 15.8693 55.3551 69.1809 
29.7377 40.9169 38.2573 80.0625 32.3883 77.0584 52.7539 47.1961 34.9857 65.579 97.4592 19.7231 44.1022 29.9797 55.7887 69.496 83.9035 49.7703 71.3465 72.8348 78.1564 5.0 56.8549 64.1327 52.0443 15.5563 59.9387 61.1244 60.6028 65.579 84.2926 69.1783 63.561 20.1246 71.7744 78.2304 62.2896 70.5855 37.3363 41.9387 69.7901 46.6911 57.4835 81.1165 31.4006 2.82843 0.0 59.8415 59.0339 56.8681 62.0967 5.09902 32.5606 48.7032 19.7231 31.9682 46.2851 15.013 54.4965 67.0671 
35.8469 28.2843 36.7967 20.2237 58.3095 19.3132 17.6918 26.0768 59.0495 18.0 76.9415 74.0999 19.8494 41.7612 29.8329 30.8058 67.0 24.2074 74.0223 45.1774 29.2062 64.7765 33.9559 103.061 27.8568 73.3728 66.2944 65.537 13.3417 18.0 38.0132 20.2237 85.2766 41.0122 42.19 19.4165 5.0 16.5529 71.9963 26.0 50.04 50.6697 54.4243 76.1627 76.0066 57.5587 59.8415 0.0 12.0 23.0217 6.08276 58.2151 33.0606 93.6002 78.6787 30.0666 17.4642 49.1001 58.475 100.167 
31.5753 21.5407 29.1548 25.0 63.8122 18.6815 27.7308 17.2047 51.0786 30.0 65.1153 70.6116 15.0333 46.6476 18.3848 19.3132 55.0 33.0151 59.7894 33.2415 21.095 64.0312 22.4722 94.2181 17.2047 70.5762 56.0392 55.2818 25.1794 30.0 29.0689 32.1403 75.0 42.45 30.2655 20.6155 8.544 27.8927 67.044 32.5576 38.0526 40.4145 43.382 64.2283 70.2779 57.1402 59.0339 12.0 0.0 33.6155 18.0278 58.4209 35.8469 87.513 76.4199 33.1059 24.8395 46.2709 48.2198 89.912 
41.1461 39.6232 47.5395 36.6742 41.1096 40.4599 6.08276 41.0122 65.4222 13.0384 98.2344 73.4555 32.0624 27.8927 48.3735 52.9245 86.977 7.2111 90.2566 66.2193 52.2015 59.5513 52.2398 108.777 45.0999 70.475 82.5287 81.7713 11.6619 13.0384 61.0328 16.0312 102.559 36.2224 63.3246 39.4081 28.0179 20.3961 77.6981 14.2127 69.8713 66.799 70.7697 95.3688 79.7362 54.3439 56.8681 23.0217 33.6155 0.0 19.105 51.9287 26.2488 98.0268 75.0977 24.0416 12.3693 51.7758 79.022 109.105 
40.0 33.4215 42.0119 19.2354 57.28 21.4009 14.7648 31.7648 63.6393 12.0416 82.7345 77.6389 24.8395 41.4367 35.9026 36.4966 73.0068 21.9317 79.81 51.0882 33.6155 66.9403 40.025 107.65 33.8378 76.2078 72.2982 71.3247 8.06226 12.0416 42.5441 14.1421 91.1754 42.6075 48.0937 20.5913 10.198 10.8167 76.5861 25.318 56.0803 56.5685 60.407 82.231 80.2122 59.6657 62.0967 6.08276 18.0278 19.105 0.0 60.0167 34.2345 98.0816 81.2729 31.257 17.0294 52.6391 64.3739 106.066 
32.302 41.0954 42.2609 78.4092 27.2947 76.0263 50.7531 47.3276 39.1331 63.7015 101.486 24.5967 43.7379 25.0403 56.8846 69.747 87.9093 44.831 75.3524 76.8383 78.1025 7.81025 60.8585 69.2315 52.7568 20.0 64.5405 66.8671 58.3298 63.7015 84.1239 67.1824 68.2495 17.4642 75.778 77.0065 61.0082 68.3125 42.19 38.4039 73.7937 50.697 61.4893 87.6244 36.4966 3.16228 5.09902 58.2151 58.4209 51.9287 60.0167 0.0 30.2875 53.7587 23.4307 29.6951 44.012 19.0165 58.5023 72.111 
20.8284 25.6539 30.4871 53.0094 29.0 51.788 23.7065 30.6313 44.3273 36.6742 90.2353 50.1114 23.4307 12.2066 40.4715 51.225 77.2247 19.105 74.563 59.8372 56.7979 37.3103 43.0528 87.428 36.25 47.1309 66.8351 66.0778 31.9531 36.6742 64.1405 40.2492 81.4636 12.8783 57.5002 52.345 36.4966 42.0595 56.3637 12.0416 60.7118 49.9077 60.7 86.8351 58.3874 30.0314 32.5606 33.0606 35.8469 26.2488 34.2345 30.2875 0.0 76.678 52.0727 3.0 17.72 30.4271 57.713 87.1008 
58.1378 65.99 59.2433 112.086 80.7775 105.815 93.6136 74.4549 38.2101 105.361 89.2693 29.6142 73.8287 78.6736 73.7167 86.0296 75.8024 91.6819 55.4437 79.7621 98.784 47.2969 70.9422 17.4642 71.9777 35.3553 46.0977 49.0102 99.7246 105.361 100.17 108.904 34.0 66.22 80.2309 108.372 93.8493 108.467 22.8473 85.1628 73.2462 50.0 56.2228 63.6003 18.6011 51.264 48.7032 93.6002 87.513 98.0268 98.0816 53.7587 76.678 0.0 36.0139 75.9439 86.4237 48.6004 42.0595 24.6982 
45.0444 56.0 51.4782 98.8556 47.4131 94.8947 72.266 62.0322 40.3113 85.0912 104.649 9.89949 61.4003 48.2094 69.5887 83.6002 89.9002 68.0 70.6237 83.8153 94.0479 15.6205 69.2399 53.2353 66.2722 6.08276 61.0737 62.266 80.1124 85.0912 98.6154 88.6905 60.5392 39.8246 82.9699 96.3414 80.692 90.0777 34.8281 61.4508 79.8499 55.6452 65.9945 82.2192 24.1868 22.4722 19.7231 78.6787 76.4199 75.0977 81.2729 23.4307 52.0727 36.0139 0.0 51.4804 65.7951 30.1496 48.5543 58.6941 
20.025 24.1661 29.4279 50.01 31.241 48.8365 21.095 28.8444 43.5932 34.0 88.6021 49.519 21.2132 14.1421 38.6005 48.9183 75.5915 17.0294 73.9048 58.0086 54.1202 36.7179 41.3401 86.6939 34.4093 46.5386 66.1769 65.4195 29.1548 34.0 61.5873 37.5899 80.7295 12.2859 55.6058 49.366 33.541 39.2173 55.6297 10.0 59.0786 49.2494 58.2516 83.6165 57.6533 29.439 31.9682 30.0666 33.1059 24.0416 31.257 29.6951 3.0 75.9439 51.4804 0.0 14.8661 29.693 57.0548 86.3667 
29.1548 27.2947 35.171 36.2215 40.8534 36.7696 7.2111 29.0689 53.4658 19.4165 87.5957 63.8263 20.025 24.5153 37.108 43.566 75.71 8.544 78.3849 55.7136 45.3431 51.0348 40.7922 97.0971 33.541 60.8459 70.657 69.8997 14.3178 19.4165 53.7401 23.0217 90.6021 26.6028 52.9245 36.6879 21.9545 24.3516 66.0329 8.544 58.6941 54.9273 58.8981 84.263 68.1331 43.7559 46.2851 17.4642 24.8395 12.3693 17.0294 44.012 17.72 86.4237 65.7951 14.8661 0.0 40.1727 67.0656 97.1488 
15.0333 26.1725 23.2594 68.9638 45.8314 64.7765 47.3627 32.3883 23.5372 59.1136 83.2466 25.0799 31.257 42.5986 40.8044 54.5711 69.3721 45.4309 57.3106 58.5974 64.2806 19.3132 41.8561 61.327 37.108 24.3311 49.5827 48.8253 53.5089 59.1136 69.4262 62.6643 55.7317 29.9797 56.8078 66.2873 50.6952 62.5706 31.0483 39.8052 55.5527 32.6552 43.4476 69.5827 30.0 15.8693 15.013 49.1001 46.2709 51.7758 52.6391 19.0165 30.4271 48.6004 30.1496 29.693 40.1727 0.0 40.4605 62.0967 
37.9108 45.0372 38.2905 72.8812 85.3172 64.8253 74.2698 33.6871 24.1881 85.2828 59.0595 38.7336 52.876 69.8846 31.6917 44.0046 44.3105 72.8644 25.2579 39.0512 56.759 58.2603 28.9173 46.8615 31.1513 43.417 17.088 16.7726 79.5124 85.2828 58.2495 88.7309 30.6757 57.0603 39.0128 67.6043 56.4487 75.0279 19.4165 66.4111 33.7343 8.06226 17.8885 37.53 29.0689 55.3551 54.4965 58.475 48.2198 79.022 64.3739 58.5023 57.713 42.0595 48.5543 57.0548 67.0656 40.4605 0.0 43.4166 
67.994 75.1204 68.3737 114.56 99.3227 106.301 104.353 75.3792 47.0027 115.366 74.0068 50.4876 82.9592 99.2724 73.0 83.491 62.8013 101.955 44.2719 74.1934 96.5271 67.0298 69.6563 9.84886 72.8354 56.5685 37.5899 41.1825 109.596 115.366 96.1708 118.814 17.72 83.49 75.3385 109.041 98.1409 117.854 31.0483 95.5856 66.4654 49.4975 50.6647 48.0937 36.0555 69.1809 67.0671 100.167 89.912 109.105 106.066 72.111 87.1008 24.6982 58.6941 86.3667 97.1488 62.0967 43.4166 0.0 
DEMAND_SCENARIO_SECTION
0 0 0 0 0 0 0 0 0 0 0 0 0 0 0 0 0 0 0 0 0 0 0 0 0 0 0 0 0 0 0 0 0 0 0 0 0 0 0 0 0 0 0 0 0 0 0 0 0 0 0 0 0 0 0 0 0 0 0 0 0 0 0 0 0 0 0 0 0 0 0 0 0 0 0 0 0 0 0 0 0 0 0 0 0 0 0 0 0 0 0 0 0 0 0 0 0 0 0 0 0 0 0 0 0 0 0 0 0 0 0 0 0 0 0 0 0 0 0 0 0 0 0 0 0 0 0 0 0 0 0 0 0 0 0 0 0 0 0 0 0 0 0 0 0 0 0 0 0 0 0 0 0 0 0 0 0 0 0 0 0 0 0 0 0 0 0 0 0 0 0 0 0 0 0 0 0 0 0 0 0 0 0 0 0 0 0 0 0 0 0 0 0 0 0 0 0 0 0 0 
6 7 5 5 5 4 7 6 2 6 5 3 6 2 6 7 4 2 8 6 5 6 6 6 5 7 4 5 6 7 5 7 5 2 5 6 3 4 6 4 4 7 6 7 6 4 6 6 5 8 3 6 7 5 5 3 5 3 6 7 3 5 4 8 5 8 5 4 5 6 4 7 8 5 5 5 4 3 5 5 5 4 4 7 7 4 9 6 5 6 4 5 7 4 6 4 3 6 6 5 6 3 6 5 2 5 6 4 2 6 5 8 4 5 6 3 6 4 5 6 4 5 3 2 5 7 6 2 4 4 9 5 5 4 2 3 4 5 4 5 6 6 3 3 6 5 6 5 6 2 6 4 4 5 5 7 5 4 7 7 6 5 7 3 7 3 3 1 7 5 4 6 6 5 7 6 2 4 5 4 6 7 8 4 5 5 4 4 6 4 7 6 5 9 6 5 1 6 4 7 
7 6 6 5 3 6 4 7 6 5 5 6 6 7 5 7 5 3 3 5 4 3 4 7 5 3 5 6 6 9 6 4 6 6 5 5 3 6 5 1 3 5 5 5 5 5 3 3 5 3 5 4 6 7 5 5 6 3 3 5 5 2 6 7 4 3 8 6 5 7 5 4 2 4 5 7 4 5 7 5 6 6 5 6 3 5 7 4 6 6 4 6 6 6 4 6 5 3 5 7 6 6 6 5 3 9 4 5 5 7 6 6 3 6 4 6 5 4 9 7 5 6 5 2 1 5 4 3 3 7 5 6 4 8 6 6 6 4 7 6 5 5 5 6 4 3 4 3 5 4 7 4 5 2 5 4 5 6 4 5 3 5 2 5 6 5 6 7 6 4 5 7 4 6 5 5 5 2 3 6 4 8 7 9 4 7 6 4 4 7 5 4 5 4 7 5 4 7 3 6 
1 1 1 1 1 2 1 1 1 1 1 1 0 2 1 1 1 1 1 1 1 1 0 1 1 1 1 1 1 1 1 1 1 0 1 1 1 1 1 1 1 1 0 1 2 1 1 0 1 1 1 1 1 1 1 1 1 1 1 1 1 1 1 1 1 1 1 1 1 1 0 1 1 1 1 1 1 1 2 1 1 1 1 1 1 1 1 1 1 1 1 1 1 1 0 1 1 1 1 1 1 1 1 1 0 1 1 1 1 1 1 1 1 1 2 1 1 1 0 1 1 1 0 1 0 0 1 1 1 1 1 1 2 1 1 1 1 1 1 1 1 1 1 1 1 1 1 0 1 1 1 1 1 1 1 0 2 1 1 1 1 1 1 1 1 1 1 1 1 2 2 1 1 1 1 1 1 0 1 1 1 2 1 1 1 1 2 1 1 1 1 1 0 1 1 2 1 1 1 1 
1 1 1 1 1 1 1 1 1 1 0 1 1 1 1 1 1 1 1 1 1 1 1 1 1 1 1 1 0 1 0 1 1 1 1 1 1 0 1 1 0 1 1 1 0 1 2 1 1 1 1 1 1 1 0 1 1 1 1 1 1 1 1 1 1 1 1 1 1 1 1 1 1 1 1 1 2 1 1 1 1 2 1 1 2 1 0 0 1 1 1 2 2 1 1 1 2 2 1 0 1 1 1 1 1 1 2 1 1 2 1 1 1 1 1 1 0 1 1 1 1 1 1 1 1 1 1 1 1 1 2 1 1 1 0 1 1 1 2 1 1 1 1 1 1 1 1 1 1 1 1 1 1 1 0 1 0 1 1 1 1 1 1 1 1 1 1 1 1 1 1 0 1 1 1 1 1 1 0 2 0 1 1 1 1 2 1 1 1 1 1 1 1 1 1 1 1 1 1 1 
10 12 13 9 8 10 5 10 12 13 15 15 7 14 7 11 11 9 13 11 4 8 14 11 10 12 15 11 5 11 8 9 8 9 8 4 7 11 7 11 14 11 13 8 10 6 11 14 3 3 3 15 6 8 14 13 15 10 11 6 13 10 7 5 5 4 10 13 5 10 12 10 5 13 6 7 10 11 10 18 9 10 13 9 7 13 8 15 9 14 10 9 13 13 13 8 7 8 12 7 20 8 11 9 8 13 14 15 8 5 9 16 15 12 10 14 10 13 17 7 8 13 7 19 8 8 8 10 6 7 14 16 6 16 7 8 11 11 7 11 12 9 7 11 8 13 8 7 6 4 9 5 14 9 9 10 14 15 5 13 3 13 13 7 10 9 12 17 19 11 9 11 11 6 3 9 15 8 11 14 8 9 9 14 10 7 4 11 10 8 9 14 13 14 11 8 10 8 10 11 
1 2 2 4 2 3 4 3 2 4 4 3 3 2 1 4 3 1 1 3 2 3 4 3 3 3 2 3 4 3 4 3 1 5 5 3 4 2 2 5 4 3 1 3 5 3 3 4 2 2 3 4 4 2 1 2 5 3 2 5 3 4 4 2 2 3 3 2 2 3 2 2 4 1 3 3 3 4 2 4 5 4 4 2 1 4 4 5 4 4 2 5 4 3 3 2 2 4 3 1 3 3 3 3 3 2 2 4 3 3 4 4 2 3 3 2 3 3 4 3 3 2 4 4 4 2 2 4 2 2 2 4 3 1 4 2 3 4 1 3 3 4 4 4 4 5 3 4 3 4 3 1 2 5 3 3 2 4 4 2 3 5 3 2 3 4 3 1 3 2 3 3 4 4 2 3 4 3 6 2 3 6 4 2 4 3 2 3 2 3 3 3 2 2 5 2 4 3 4 2 
0 1 1 1 1 1 1 1 1 2 1 1 1 1 1 1 1 1 1 1 1 2 1 1 1 1 1 1 1 1 0 1 1 1 1 1 1 2 1 1 0 1 1 1 1 1 1 1 1 1 1 1 1 2 1 1 1 2 1 1 1 1 1 0 1 1 0 1 1 1 1 1 0 1 1 1 1 0 1 1 1 1 1 1 1 0 1 1 1 1 0 1 1 1 1 1 1 1 1 0 1 1 1 1 2 1 1 1 1 1 1 1 1 1 0 1 1 1 1 1 1 1 2 1 1 1 1 1 1 1 1 1 1 1 0 1 2 1 1 2 2 1 1 1 2 1 1 1 1 1 2 1 1 1 1 1 1 1 1 1 2 1 1 1 1 1 2 1 1 1 1 1 1 1 1 1 1 2 1 1 1 1 1 1 1 1 1 1 1 1 1 1 1 1 2 1 1 1 1 1 
3 3 6 4 4 3 4 4 2 3 4 5 5 4 5 2 3 5 5 4 6 5 5 3 2 3 3 4 5 7 3 1 3 5 4 1 5 5 3 6 5 3 6 2 4 4 3 5 5 4 5 2 7 3 4 4 2 5 7 4 4 5 4 6 3 4 5 2 4 4 3 2 3 3 4 4 3 3 3 6 6 6 6 4 4 4 4 6 5 6 6 4 2 2 2 5 5 3 7 4 4 4 4 6 3 4 7 4 4 4 5 5 3 4 6 3 5 5 5 3 6 3 3 2 4 3 3 4 5 5 3 2 3 4 4 3 6 3 5 2 4 2 5 1 1 5 4 3 4 4 0 4 4 4 4 4 5 6 4 4 4 2 4 3 2 2 4 1 5 5 2 3 5 4 1 5 2 4 3 3 4 3 3 3 6 0 5 2 2 5 5 5 3 4 1 5 3 6 2 5 
5 8 14 8 8 11 9 9 5 8 10 8 7 8 14 8 11 11 13 10 8 9 13 13 11 9 14 15 11 8 14 5 9 8 11 9 9 9 10 13 12 6 6 2 15 7 10 9 4 13 14 5 9 8 7 15 7 8 11 12 8 13 8 11 11 5 10 10 11 7 7 15 10 9 12 6 12 6 16 12 14 10 12 10 10 10 11 7 3 9 9 7 7 12 10 6 8 11 4 14 3 12 10 11 9 10 6 6 8 10 10 12 14 6 11 6 11 10 10 14 10 8 11 7 14 8 7 10 9 10 12 6 11 8 10 8 14 14 11 10 10 3 7 7 16 10 15 8 10 12 11 6 8 10 10 8 4 12 8 4 8 9 13 10 7 10 10 8 7 12 5 10 7 2 9 6 6 9 7 9 7 6 11 14 13 4 4 10 9 5 6 5 8 9 9 7 10 13 14 6 
9 7 7 7 8 7 5 9 8 4 6 10 10 12 15 8 10 8 5 5 7 9 10 5 5 9 7 9 6 2 9 7 5 1 4 9 5 9 4 4 5 9 1 9 6 4 10 10 9 10 8 7 4 7 4 6 5 7 6 12 6 5 8 7 7 8 12 10 3 10 11 8 9 6 6 8 4 2 6 3 8 3 6 1 5 5 8 7 8 6 4 8 5 10 8 9 7 6 7 7 4 9 4 4 12 7 10 7 11 7 9 7 4 10 11 9 9 6 5 3 3 8 5 10 8 8 8 10 9 6 4 12 10 7 7 9 10 10 7 9 6 10 6 9 7 7 6 8 7 11 6 5 4 7 10 8 8 6 4 8 6 4 5 12 9 8 10 13 8 8 5 7 10 9 6 6 8 9 11 7 8 1 5 5 10 2 6 7 5 9 6 8 9 9 7 5 3 8 0 6 
2 1 1 1 1 1 1 1 1 0 1 2 1 1 1 1 1 1 1 1 1 1 1 1 1 1 1 1 1 1 2 2 1 1 1 1 1 1 1 1 2 1 1 1 1 1 1 1 1 1 1 1 1 2 1 1 1 1 1 1 1 0 1 0 1 1 1 1 1 1 1 1 1 1 0 1 1 1 1 1 1 1 1 1 1 1 1 1 0 1 1 1 1 1 1 1 1 1 1 1 1 1 1 1 1 1 1 1 1 0 0 1 1 1 1 1 0 1 1 1 2 1 1 0 1 1 1 2 1 1 2 1 1 1 1 2 1 1 1 1 1 1 1 0 1 1 1 1 2 1 1 1 1 1 1 2 1 1 1 2 2 1 1 1 1 1 2 0 2 1 1 1 1 0 1 1 2 1 1 1 1 1 1 1 0 1 1 0 1 1 1 1 1 0 1 1 1 1 1 1 
9 6 9 6 5 10 4 8 7 9 7 10 5 8 5 6 4 3 3 5 8 8 5 6 4 5 6 9 3 5 9 5 8 9 8 9 8 11 10 6 8 7 14 6 11 7 8 6 6 8 5 2 6 2 5 6 9 5 4 9 6 7 7 8 8 8 9 4 6 7 6 9 6 2 2 7 5 8 6 4 10 3 3 4 5 11 5 7 12 5 6 7 10 9 8 9 4 5 9 6 3 9 3 8 4 9 5 2 7 12 6 6 11 10 8 5 0 6 4 5 4 5 6 4 7 5 8 4 7 6 8 10 5 8 8 6 4 8 8 8 8 5 6 3 8 6 11 8 6 6 6 7 8 6 7 4 11 7 7 5 6 5 5 8 4 12 10 11 5 7 7 7 7 4 4 9 11 6 9 3 6 5 4 7 6 6 14 11 6 5 5 4 9 9 2 7 4 7 7 6 
9 5 5 7 9 5 11 7 4 4 10 8 4 6 9 4 5 6 3 7 8 5 7 6 7 6 6 7 2 8 3 4 5 6 6 7 6 6 8 7 4 5 6 8 9 8 6 9 8 5 8 2 11 6 6 6 6 6 2 6 7 3 5 2 5 4 11 4 4 3 7 4 8 5 4 6 8 6 5 7 6 7 7 7 6 8 5 4 5 7 5 6 9 4 8 6 6 7 9 6 4 11 8 8 7 5 7 6 2 8 7 9 6 5 6 8 9 6 6 6 4 10 3 2 5 4 3 4 2 5 7 4 6 5 2 3 14 6 6 4 3 7 7 6 3 7 4 0 5 5 6 6 2 4 5 5 6 6 5 7 6 6 8 6 8 6 9 5 7 4 3 8 6 7 4 6 7 8 4 6 4 4 9 4 4 8 8 5 2 7 5 11 10 6 3 8 4 4 12 8 
9 9 13 5 9 7 9 12 16 0 14 15 8 7 8 10 13 5 6 13 15 12 11 10 14 7 10 5 9 4 15 10 11 11 10 10 10 8 4 10 8 11 11 10 19 8 7 13 10 13 11 15 8 13 6 11 5 11 12 8 9 9 8 6 18 9 10 11 7 7 5 13 10 3 7 12 14 11 5 10 5 11 5 12 14 12 11 11 16 11 14 9 12 15 11 9 13 7 12 13 10 17 6 12 9 14 3 8 8 9 8 11 12 7 13 4 20 9 9 10 12 10 13 13 13 10 7 13 11 4 12 10 12 9 11 9 14 12 11 8 12 11 13 9 11 12 9 7 9 9 12 11 9 13 5 12 9 8 13 9 11 2 5 6 10 10 12 6 12 8 12 9 15 14 17 12 15 15 15 9 9 4 10 11 15 9 13 12 8 8 12 13 11 12 11 7 11 7 6 8 
3 3 4 5 2 4 4 4 2 4 4 2 4 3 2 4 3 1 0 6 3 4 1 2 1 3 3 3 3 3 3 3 3 4 5 4 3 2 4 4 2 2 1 3 3 4 5 3 3 4 2 4 3 3 3 2 2 2 4 3 2 4 1 3 4 3 3 2 3 2 4 2 3 1 2 2 3 2 3 3 2 3 5 3 3 3 4 2 1 3 3 4 4 2 3 4 3 3 4 4 2 1 1 2 2 2 4 3 2 3 5 4 2 2 2 4 2 2 2 3 4 2 3 4 1 3 4 0 4 2 5 4 4 4 4 4 3 3 2 4 4 2 3 4 4 2 4 4 1 4 2 3 5 1 5 3 2 5 5 2 1 3 3 4 1 3 2 3 2 2 4 4 2 4 3 4 2 3 4 4 4 5 2 4 4 4 4 5 3 2 3 4 3 1 4 2 5 4 3 3 
4 2 2 2 2 2 2 3 1 2 1 3 2 0 3 2 2 1 2 2 3 2 2 2 2 3 2 1 2 1 1 3 2 2 2 2 1 2 2 1 1 3 2 2 2 2 1 2 2 3 1 1 1 2 2 1 2 2 2 2 1 2 2 2 1 3 3 3 1 3 2 2 2 3 1 3 3 2 3 1 1 1 2 2 2 2 2 2 2 3 2 2 1 2 2 2 2 1 2 2 1 2 2 2 2 2 1 3 1 2 1 3 1 3 4 2 2 1 2 2 1 1 2 1 2 2 2 2 2 1 3 2 1 2 1 2 3 3 2 2 1 1 1 2 2 2 1 3 3 2 3 2 2 4 2 2 3 3 2 2 2 2 3 2 3 3 3 1 1 2 1 2 2 3 3 3 1 2 1 2 2 2 1 3 2 3 2 3 1 1 2 1 2 3 1 1 2 0 2 3 
2 2 2 2 2 1 2 2 2 2 2 1 3 2 3 3 1 2 1 2 3 1 3 2 1 1 3 3 1 3 1 2 2 2 3 2 2 3 1 2 1 2 0 2 1 2 4 1 2 2 3 2 2 2 2 1 2 2 1 2 2 2 1 1 2 1 2 2 1 1 2 1 3 2 2 3 2 4 1 1 2 2 3 1 2 1 3 3 3 3 3 2 1 2 3 2 3 1 3 2 3 2 0 2 1 2 2 2 2 3 1 2 3 2 2 2 3 1 3 2 3 2 2 2 3 2 2 2 3 2 1 2 3 2 4 2 2 2 2 2 2 2 1 1 1 3 1 1 2 3 1 3 1 2 2 2 4 1 1 2 1 1 2 2 2 1 3 2 2 1 2 1 2 2 3 1 1 3 2 2 2 2 2 2 4 1 2 2 2 2 1 2 3 2 2 2 2 2 1 2 
4 2 5 3 3 4 3 3 4 4 3 3 3 5 3 3 3 3 2 4 4 3 3 2 3 3 3 3 5 2 2 4 3 3 1 3 3 4 3 3 3 4 4 3 4 1 2 4 3 2 3 2 1 3 3 3 3 2 4 5 2 2 4 4 4 4 3 2 5 4 0 2 3 3 3 3 3 3 2 2 3 2 2 3 3 2 2 4 2 4 2 3 3 3 3 4 3 3 3 5 2 3 3 2 4 1 3 2 2 5 3 3 5 4 5 4 3 4 3 1 1 2 3 3 4 5 1 2 3 4 2 3 3 4 3 5 4 3 3 3 2 4 4 2 3 2 3 4 3 3 5 4 3 3 2 4 4 2 3 3 3 6 4 3 2 3 4 4 3 3 5 1 4 3 3 2 3 2 2 3 2 3 1 5 3 3 3 4 3 2 1 4 3 4 2 3 2 4 3 0 
3 3 9 8 7 9 9 6 7 7 8 7 5 4 3 5 2 7 4 7 7 5 6 6 6 9 5 9 7 6 6 9 3 5 8 4 5 3 6 11 4 6 9 5 7 5 3 3 4 9 6 8 5 4 5 4 10 5 5 7 6 7 6 6 7 4 5 7 7 2 5 6 7 5 6 3 7 6 3 3 4 4 5 7 3 8 3 7 4 4 6 11 7 4 5 11 6 4 6 6 5 10 9 6 7 6 5 5 7 6 9 7 8 3 4 9 5 5 9 9 6 4 5 7 7 6 6 5 8 4 7 5 6 7 5 8 9 8 4 4 6 6 5 5 5 6 1 9 8 6 9 8 6 5 9 7 6 7 8 8 7 8 7 7 6 9 9 7 4 6 8 7 10 6 5 1 8 6 7 7 5 5 1 10 7 5 6 5 4 6 5 5 6 5 5 3 4 8 7 6 
4 6 6 6 6 5 6 5 5 4 4 5 2 4 5 5 4 4 6 5 5 4 8 8 7 3 5 4 1 3 4 4 4 6 5 5 3 3 7 6 5 6 3 9 4 6 4 7 7 6 7 9 6 6 5 6 4 5 7 2 4 6 3 2 4 2 4 4 5 5 5 2 7 5 4 8 3 3 4 4 4 6 3 8 1 7 2 7 5 6 4 6 6 1 5 8 3 5 3 4 5 3 6 5 6 4 4 5 5 4 4 4 4 6 5 4 5 5 5 4 4 3 6 1 4 6 6 3 4 6 5 3 4 4 3 5 7 5 7 2 5 4 6 8 5 6 6 8 5 6 5 5 7 4 8 4 4 6 4 3 7 6 6 6 6 5 4 6 8 6 4 7 5 6 7 4 2 6 5 7 4 2 7 5 4 7 4 4 3 4 5 4 3 9 2 4 4 6 5 7 
3 4 2 2 4 2 4 1 3 3 3 3 4 3 3 2 3 3 5 2 3 4 5 2 4 2 4 3 4 4 3 2 5 1 5 1 3 3 4 4 2 3 5 4 3 1 2 2 3 1 4 1 4 2 4 3 5 3 2 5 2 2 2 3 3 4 3 1 4 3 3 2 3 4 4 3 1 4 2 4 2 2 3 4 2 4 4 3 2 3 1 3 1 2 4 3 6 2 3 2 3 3 3 2 3 2 4 4 4 3 3 3 2 4 3 2 3 3 3 2 4 4 2 5 2 4 3 4 3 4 2 2 4 2 1 3 5 3 5 1 3 4 2 4 2 4 4 2 3 2 3 4 1 3 2 2 3 5 3 3 3 3 4 4 4 3 4 2 3 2 2 3 3 3 4 2 2 3 2 0 4 3 2 3 3 2 3 4 4 3 2 4 2 1 6 3 3 2 3 3 
8 12 15 11 10 8 15 16 11 11 9 10 14 12 12 15 12 5 12 7 7 12 6 9 11 5 10 7 9 13 9 11 8 14 10 7 7 8 8 10 12 9 11 9 11 10 10 14 10 2 13 12 10 13 9 11 2 10 14 9 14 8 14 7 16 8 5 9 8 5 8 11 15 5 10 12 10 11 7 8 12 10 8 9 12 9 11 9 11 9 7 8 4 9 9 10 14 10 11 10 13 11 4 7 7 10 7 13 11 9 12 13 8 13 12 13 11 8 14 11 13 10 10 13 14 7 14 6 4 8 9 6 11 6 13 8 10 9 11 12 6 10 9 17 9 13 5 8 6 18 7 10 11 4 4 9 8 8 6 13 6 10 11 7 6 11 3 10 11 7 11 14 13 8 9 9 15 6 14 5 13 14 10 14 9 8 11 14 8 7 17 10 6 7 12 11 3 14 10 11 
