NAME  : Jabali_60_4_0.85_1_5
TYPE : SVRP
MODEL : FINITE_SUPPORT
NUMBER_OF_SCENARIOS : 200
DIMENSION : 60
EDGE_WEIGHT_TYPE : MATRIX
CAPACITY : 105
N_VEHICLES : 4
NODE_COORD_SECTION
1 3874 3097
2 4481 3094
3 5760 2087
4 1170 4140
5 2734 6139
6 1956 4134
7 5655 324
8 315 3488
9 4049 6866
10 3218 318
11 6961 4047
12 4002 5491
13 6355 1468
14 5608 4832
15 6893 5072
16 1568 2395
17 3380 6545
18 5166 6129
19 3595 22
20 531 6100
21 2786 1341
22 1990 3453
23 2226 4598
24 4949 873
25 1560 7622
26 5824 2820
27 2735 1471
28 93 3065
29 5750 2369
30 5790 3640
31 7254 4828
32 3667 1670
33 6415 3983
34 1231 3507
35 1976 2369
36 3666 4095
37 2839 7640
38 3870 2444
39 2178 483
40 1520 7339
41 5194 2274
42 1957 1125
43 1421 859
44 6029 2001
45 7055 2574
46 27 3038
47 6153 4060
48 528 2077
49 4613 6161
50 1796 4346
51 3152 4016
52 7142 3116
53 4670 4978
54 3131 5943
55 1738 7417
56 6160 18
57 181 4117
58 4800 1091
59 1123 1434
60 3080 4530
DEMAND_SECTION
1 0.0
2 5.0
3 6.0
4 7.0
5 3.0
6 8.0
7 3.0
8 7.0
9 9.0
10 5.0
11 6.0
12 4.0
13 6.0
14 7.0
15 6.0
16 6.0
17 1.0
18 4.0
19 8.0
20 7.0
21 10.0
22 10.0
23 10.0
24 9.0
25 9.0
26 2.0
27 2.0
28 1.0
29 10.0
30 8.0
31 5.0
32 8.0
33 9.0
34 7.0
35 9.0
36 6.0
37 8.0
38 9.0
39 4.0
40 7.0
41 9.0
42 10.0
43 5.0
44 7.0
45 1.0
46 5.0
47 6.0
48 4.0
49 8.0
50 2.0
51 3.0
52 4.0
53 1.0
54 2.0
55 10.0
56 5.0
57 6.0
58 6.0
59 6.0
60 6.0
DEVIATION_SECTION
1 0.0
2 1.66667
3 2.0
4 2.33333
5 1.0
6 2.66667
7 1.0
8 2.33333
9 3.0
10 1.66667
11 2.0
12 1.33333
13 2.0
14 2.33333
15 2.0
16 2.0
17 0.333333
18 1.33333
19 2.66667
20 2.33333
21 3.33333
22 3.33333
23 3.33333
24 3.0
25 3.0
26 0.666667
27 0.666667
28 0.333333
29 3.33333
30 2.66667
31 1.66667
32 2.66667
33 3.0
34 2.33333
35 3.0
36 2.0
37 2.66667
38 3.0
39 1.33333
40 2.33333
41 3.0
42 3.33333
43 1.66667
44 2.33333
45 0.333333
46 1.66667
47 2.0
48 1.33333
49 2.66667
50 0.666667
51 1.0
52 1.33333
53 0.333333
54 0.666667
55 3.33333
56 1.66667
57 2.0
58 2.0
59 2.0
60 2.0
DISTANCE_MATRIX
0.0 7.61577 29.4109 39.3192 44.2777 29.8329 45.2769 49.366 53.298 40.3732 43.6181 35.7463 40.3113 38.3571 49.8368 35.5149 48.7587 49.7847 45.4535 59.9644 27.4129 27.074 29.1976 33.6006 68.1405 27.0 27.9233 52.3927 27.6586 27.4939 51.8114 21.0238 36.6232 37.1214 33.6417 17.7875 63.8775 9.21954 42.1613 65.5563 21.5407 38.8883 46.592 32.573 44.0 52.3927 34.217 49.2422 46.9359 32.28 14.867 44.5533 35.7623 41.1326 65.4169 52.345 52.0384 30.8058 47.0685 21.1915 
7.61577 0.0 24.1868 46.0435 52.1047 36.276 43.2666 56.7186 54.0035 45.7077 36.0994 36.1302 35.5106 30.8384 42.3181 43.1203 52.333 50.5713 48.204 75.545 32.7567 34.3657 46.1078 32.6956 77.5558 20.2237 33.2866 59.9083 21.9317 19.9752 44.2927 24.7386 29.1045 44.4072 41.2471 24.1105 68.874 13.0 47.5395 75.5104 17.0294 44.2551 51.9589 27.2947 37.1214 59.9083 26.6983 56.8476 46.0851 38.6433 31.2621 37.2156 34.1784 47.1925 74.7277 49.8197 59.0085 30.0832 52.4354 34.5433 
29.4109 24.1868 0.0 68.4471 65.8714 59.203 24.1868 77.0584 67.7614 40.3634 30.0832 49.8969 11.4018 35.6276 41.7732 57.5587 66.0996 55.3604 39.2046 89.3117 41.8809 55.4437 58.6025 19.6977 91.3225 9.05539 42.518 79.0569 3.16228 20.2237 41.1096 29.5466 26.3059 65.2763 52.469 47.1924 82.6407 26.0 53.0471 89.2771 8.06226 53.8958 61.7061 3.16228 18.3576 79.0569 26.0192 71.5891 59.2372 61.6847 44.2719 22.6274 47.9451 60.9592 88.4944 28.7924 80.7527 18.868 63.9062 48.3099 
39.3192 46.0435 68.4471 0.0 34.9857 10.198 80.4989 14.8661 53.1507 56.6392 79.2465 41.3401 78.848 60.407 79.712 24.1661 44.4072 56.1738 62.2415 28.6356 41.7253 13.8924 15.2643 68.301 48.0 66.1891 41.0366 20.8087 66.9104 64.2806 83.8195 48.4346 72.0069 8.24621 25.807 34.0 52.811 43.3244 50.1199 45.0 60.4152 41.5933 43.9659 71.5891 83.1505 20.8087 69.0507 29.1548 53.3249 8.94427 27.074 83.0241 47.1435 36.2353 46.0435 87.9747 13.3417 65.5034 36.6742 26.2488 
44.2777 52.1047 65.8714 34.9857 0.0 29.1204 87.168 49.6488 19.7231 80.292 62.0967 18.7883 77.2607 40.2616 57.0789 52.6118 10.0 30.0167 85.3723 30.2655 67.3318 37.4833 22.561 76.4136 25.4558 59.788 65.4417 55.7584 63.186 53.3237 62.2013 61.1397 55.9732 41.2311 51.2525 34.0 20.025 50.9578 75.8042 23.4307 59.9144 67.7186 72.1734 68.8105 74.4183 55.7584 53.1413 62.6259 28.587 27.8568 29.4109 70.7815 31.3847 5.38516 22.6274 93.1918 45.2769 73.5852 66.9104 23.0868 
29.8329 36.276 59.203 10.198 29.1204 0.0 72.251 23.8537 45.4863 53.3706 69.0507 32.0156 69.8928 50.3289 69.6419 24.0 37.5766 46.8624 58.9424 32.5576 38.4241 9.21954 6.7082 60.0531 47.0744 56.4582 37.7527 29.0689 57.4891 54.1479 73.7145 44.4146 61.8142 12.8062 23.5372 24.0832 48.5077 34.8855 48.1152 44.1475 51.2445 40.025 44.1022 62.3618 73.364 29.0689 58.8558 33.6155 44.0135 2.82843 17.0 73.0 37.0386 29.0689 44.7214 79.6832 23.5372 57.2555 38.1182 16.1555 
45.2769 43.2666 24.1868 80.4989 87.168 72.251 0.0 84.533 87.9796 32.249 52.6118 71.1936 18.0278 59.7478 65.192 62.0967 87.3963 79.4807 27.8927 104.019 41.7732 66.9278 73.2462 12.53 112.409 33.2415 42.7551 84.6463 27.2947 44.4072 63.7887 49.577 50.01 75.0291 57.6096 62.056 103.937 37.6431 46.3897 109.825 27.313 51.0098 57.1402 23.0 35.4683 84.6463 50.04 73.5527 83.3574 74.9877 59.1355 42.0595 68.1545 82.2558 109.791 7.61577 90.7675 15.2643 63.0317 65.46 
49.366 56.7186 77.0584 14.8661 49.6488 23.8537 84.533 0.0 68.0147 57.1402 91.4822 55.8032 86.5807 73.8666 93.1793 22.8254 59.203 70.6518 62.9682 37.054 43.382 22.3607 29.8329 72.4543 59.8415 76.2365 42.4853 6.32456 76.0 75.968 97.2481 52.2015 84.2021 12.3693 26.9258 45.3765 66.7083 51.0882 47.3814 56.8859 69.029 38.9487 38.6005 80.0999 93.1933 6.32456 81.3204 19.3132 67.803 23.4307 39.2173 93.9042 60.5721 51.0882 58.2495 92.0946 8.544 70.5458 30.2324 39.8246 
53.298 54.0035 67.7614 53.1507 19.7231 45.4863 87.9796 68.0147 0.0 89.3123 50.3658 18.0 77.3272 39.575 42.0595 66.8506 9.84886 17.0294 94.3926 49.0408 76.352 52.3259 38.833 79.7013 35.9026 58.7981 76.8625 73.8783 64.6152 47.7862 47.4342 69.3241 47.0291 58.2495 65.0107 40.0125 20.5913 59.978 91.1004 35.3553 61.373 81.4768 85.9575 69.5385 68.7783 73.8783 45.6931 78.7718 22.5242 45.0 38.833 62.2443 28.0541 16.9706 33.541 96.4405 64.4438 77.3486 81.0264 33.5261 
40.3732 45.7077 40.3634 56.6392 80.292 53.3706 32.249 57.1402 89.3123 0.0 69.6822 71.7606 43.4166 74.7302 80.2563 34.4093 84.773 94.9113 5.83095 84.5856 15.0 44.1583 58.9009 23.2594 101.515 47.2683 15.6205 55.9017 42.0881 56.8768 80.3691 25.6083 64.826 49.5177 31.1448 53.8018 99.8918 32.9542 14.1421 98.5922 37.2318 19.6469 25.0 41.8688 58.258 55.9017 63.7812 43.0116 82.9502 55.8518 50.8813 62.9829 78.5184 77.1469 99.1421 39.0128 64.2028 22.4722 31.5753 57.2058 
43.6181 36.0994 30.0832 79.2465 62.0967 69.0507 52.6118 91.4822 50.3658 69.6822 0.0 43.7379 35.0571 21.8403 13.3417 79.1231 57.2016 34.1252 68.6439 90.7965 65.9754 69.2895 65.2836 49.7695 85.6682 22.4722 66.6033 95.2829 27.7308 16.1245 11.1803 55.1725 7.28011 79.1202 72.8679 46.1736 70.9556 46.4004 80.7546 84.3508 33.0151 77.9872 85.7963 30.0832 19.6469 95.2829 10.198 92.8504 47.5216 70.7107 52.3927 13.0 33.0 56.7539 83.1146 55.0091 92.5743 48.7545 86.8389 53.3388 
35.7463 36.1302 49.8969 41.3401 18.7883 32.0156 71.1936 55.8032 18.0 71.7606 43.7379 0.0 61.2862 22.0907 40.3258 50.6063 16.6433 14.8489 76.841 47.1699 58.8004 37.0135 26.0768 61.828 43.6005 43.8135 59.3108 61.0737 47.2116 34.565 45.0999 51.7725 37.3631 44.5982 48.7484 22.0227 33.2866 42.4264 73.5487 41.8808 43.9399 65.2145 69.6952 52.8361 55.6597 61.0737 34.4819 63.6003 12.0 32.45 21.5407 52.0229 12.8062 13.4164 40.8044 77.2174 54.1202 59.4754 64.7641 17.2047 
40.3113 35.5106 11.4018 78.848 77.2607 69.8928 18.0278 86.5807 77.3272 43.4166 35.0571 61.2862 0.0 45.1885 48.0104 66.0076 77.4889 64.9263 40.8044 100.26 48.0128 65.5134 69.4929 20.2485 102.712 18.868 49.0065 88.0909 14.1421 29.5466 46.1736 36.3456 33.3766 75.1359 61.0 58.0828 94.03 35.6931 56.8595 100.666 18.7883 59.2034 66.4078 8.48528 17.4642 88.0909 33.9559 79.404 68.803 72.45 55.1623 24.0416 59.3344 72.3485 99.8837 20.025 90.802 21.0238 70.6768 59.7015 
38.3571 30.8384 35.6276 60.407 40.2616 50.3289 59.7478 73.8666 39.575 74.7302 21.8403 22.0907 45.1885 0.0 19.3132 65.4013 35.7109 23.3344 70.0364 69.2604 62.2182 52.9413 45.607 52.9897 63.9585 26.6643 62.7286 78.4792 32.4815 15.6525 23.5372 52.4865 16.1245 61.8519 63.5281 33.91 51.9832 41.785 76.562 62.5108 34.0241 73.6935 81.3973 37.4048 36.0694 78.4792 13.6015 79.1286 25.6815 51.5461 35.6828 31.6228 13.4164 34.9285 61.2256 64.3067 73.6817 51.1343 79.5438 34.176 
49.8368 42.3181 41.7732 79.712 57.0789 69.6419 65.192 93.1793 42.0595 80.2563 13.3417 40.3258 48.0104 19.3132 0.0 84.714 49.8197 27.074 79.218 87.0057 73.2462 72.254 64.846 61.131 77.8845 33.2415 73.8784 97.792 39.0512 23.7065 5.38516 63.5138 15.5242 81.1647 82.8408 50.0649 62.3939 53.2647 88.0411 77.1298 43.0813 85.0718 92.8216 42.2966 32.9848 97.792 16.5529 98.4413 43.0555 70.8378 54.9955 26.2488 32.6956 52.0096 75.4321 68.0294 92.9731 59.7746 93.3535 53.4883 
35.5149 43.1203 57.5587 24.1661 52.6118 24.0 62.0967 22.8254 66.8506 34.4093 79.1231 50.6063 66.0076 65.4013 84.714 0.0 60.1664 65.1181 40.2244 52.8015 20.6155 15.1327 30.1496 50.03 70.7107 58.5313 19.6977 22.561 57.0701 62.9989 86.5393 30.2655 72.1282 16.1245 5.09902 34.132 72.3395 32.0156 26.0768 67.7422 49.8197 17.4929 20.2237 60.407 74.9533 22.561 69.722 14.7648 62.2692 26.0768 29.5598 76.8803 51.9036 51.6624 68.469 69.6419 29.8329 47.7595 14.3178 33.541 
48.7587 52.333 66.0996 44.4072 10.0 37.5766 87.3963 59.203 9.84886 84.773 57.2016 16.6433 77.4889 35.7109 49.8197 60.1664 0.0 23.0868 89.8534 39.2938 71.8128 45.2217 30.8707 78.0307 28.6356 60.3033 72.3232 65.215 63.4143 49.2915 55.109 64.7849 51.5692 50.1199 58.4909 36.8782 16.6433 55.4388 83.0426 27.5136 60.1426 74.957 79.4377 69.0388 70.3861 65.215 48.8099 71.1758 24.0294 36.7151 34.0147 66.6782 29.0689 8.544 26.0 93.4201 55.1543 75.6781 74.4648 28.0179 
49.7847 50.5713 55.3604 56.1738 30.0167 46.8624 79.4807 70.6518 17.0294 94.9113 34.1252 14.8489 64.9263 23.3344 27.074 65.1181 23.0868 0.0 89.7693 60.075 81.951 51.7177 40.9133 72.7226 51.6236 46.3972 82.4614 75.917 52.2143 35.3853 32.249 72.2194 30.7885 59.4271 63.2449 35.3711 37.4433 61.5179 96.6994 50.5964 53.757 93.4264 84.1916 57.1376 51.5797 75.917 29.4526 78.2594 16.8489 47.2921 35.7911 46.0037 22.3788 25.02 49.0408 84.0396 68.9082 70.8672 79.2606 31.8716 
45.4535 48.204 39.2046 62.2415 85.3723 58.9424 27.8927 62.9682 94.3926 5.83095 68.6439 76.841 40.8044 70.0364 79.218 40.2244 89.8534 89.7693 0.0 90.1574 20.5183 49.7301 65.057 20.6155 106.595 46.2301 21.2132 61.7171 41.0488 55.8386 79.3308 30.6887 63.7878 55.2268 36.8782 58.8821 104.972 38.0345 19.0263 103.673 36.1935 25.2982 30.1496 40.3609 56.5685 61.7171 62.7429 48.7032 88.0305 61.4236 55.9616 61.7171 83.5987 82.2272 104.222 34.2345 70.0 20.5183 37.108 62.2862 
59.9644 75.545 89.3117 28.6356 30.2655 32.5576 104.019 37.054 49.0408 84.5856 90.7965 47.1699 100.26 69.2604 87.0057 52.8015 39.2938 60.075 90.1574 0.0 69.6392 40.8044 30.8058 91.8315 25.0599 83.9345 68.9677 43.0 86.6669 78.6194 92.0054 76.1968 84.1724 36.7696 54.2033 52.8394 37.6431 66.4003 78.7147 22.4722 81.5013 70.214 72.45 92.2657 99.93 43.0 81.2158 55.7315 58.0098 29.7321 45.793 98.0352 58.2495 35.0571 24.4131 111.4 29.0172 89.0339 64.846 41.1461 
27.4129 32.7567 41.8809 41.7253 67.3318 38.4241 41.7732 43.382 76.352 15.0 65.9754 58.8004 48.0128 62.2182 73.2462 20.6155 71.8128 81.951 20.5183 69.6392 0.0 29.2118 43.9544 30.0666 85.4927 44.9456 1.0 43.0116 42.0893 50.2096 75.0067 12.6609 59.4715 34.8281 16.6433 40.8415 86.9316 20.0 14.8661 82.57 34.9105 12.2066 20.0 44.41 60.0679 43.0116 57.3149 32.0156 69.99 40.9054 37.9211 63.1455 65.5582 64.1867 83.1199 49.2443 49.93 28.0 22.8035 44.2456 
27.074 34.3657 55.4437 13.8924 37.4833 9.21954 66.9278 22.3607 52.3259 44.1583 69.2895 37.0135 65.5134 52.9413 72.254 15.1327 45.2217 51.7177 49.7301 40.8044 29.2118 0.0 15.0333 54.7299 56.2939 54.037 28.5404 26.0 54.1479 53.7622 75.5765 35.9158 62.0102 10.0499 14.3178 23.1708 57.2189 29.8329 38.9029 53.3667 47.3814 30.8058 35.0143 58.5491 71.0282 26.0 59.1475 26.6271 48.8688 11.7047 17.4929 71.5681 39.6468 36.6879 53.9351 74.4036 25.318 51.9323 29.4279 19.8494 
29.1976 46.1078 58.6025 15.2643 22.561 6.7082 73.2462 29.8329 38.833 58.9009 65.2836 26.0768 69.4929 45.607 64.846 30.1496 30.8707 40.9133 65.057 30.8058 43.9544 15.0333 0.0 61.0749 42.0595 54.5852 43.283 35.3553 56.7866 51.0392 69.1231 45.4672 58.1378 19.4165 29.0938 22.4722 42.19 35.609 53.6455 39.2173 50.7344 45.5599 50.0 61.7647 71.1969 35.3553 55.1453 40.3113 38.0644 6.40312 15.2315 70.2567 32.5576 22.3607 39.5601 80.604 28.2312 58.2773 44.4072 12.0 
33.6006 32.6956 19.6977 68.301 76.4136 60.0531 12.53 72.4543 79.7013 23.2594 49.7695 61.828 20.2485 52.9897 61.131 50.03 78.0307 72.7226 20.6155 91.8315 30.0666 54.7299 61.0749 0.0 100.276 27.8927 31.0644 72.5904 22.1359 38.3275 60.7454 21.4364 45.607 62.8312 45.5309 49.9234 94.5718 25.5081 37.0 97.6923 19.0 40.3113 47.0744 20.2485 36.1248 72.5904 44.911 62.0725 69.3464 62.7898 47.0029 41.6173 59.8761 72.8902 97.5528 20.1246 78.5695 2.82843 52.1536 53.3275 
68.1405 77.5558 91.3225 48.0 25.4558 47.0744 112.409 59.8415 35.9026 101.515 85.6682 43.6005 102.712 63.9585 77.8845 70.7107 28.6356 51.6236 106.595 25.0599 85.4927 56.2939 42.0595 100.276 0.0 85.2391 84.8213 66.0984 88.6371 77.539 83.2406 85.0025 79.8168 56.0357 70.6116 58.8218 17.1172 74.8206 95.1838 3.0 85.3655 87.0976 90.934 94.2616 98.6337 66.0984 77.0574 77.0584 52.2769 44.7214 53.3385 94.9257 56.4004 30.4795 2.82843 118.643 52.6308 97.448 84.2912 47.1699 
27.0 20.2237 9.05539 66.1891 59.788 56.4582 33.2415 76.2365 58.7981 47.2683 22.4722 43.8135 18.868 26.6643 33.2415 58.5313 60.3033 46.3972 46.2301 83.9345 44.9456 54.037 54.5852 27.8927 85.2391 0.0 45.5827 78.9177 6.0 11.1803 33.1059 33.4215 17.72 64.0703 53.4525 32.588 76.5756 26.5707 59.7248 83.1937 10.6301 56.9606 64.7708 10.7703 17.0 78.9177 17.1172 73.0548 50.2739 58.8434 39.7396 18.3848 41.8617 54.8758 82.411 37.6431 79.0253 26.5707 66.6483 43.0116 
27.9233 33.2866 42.518 41.0366 65.4417 37.7527 42.7551 42.4853 76.8625 15.6205 66.6033 59.3108 49.0065 62.7286 73.8784 19.6977 72.3232 82.4614 21.2132 68.9677 1.0 28.5404 43.283 31.0644 84.8213 45.5827 0.0 42.0595 42.7264 50.9117 75.6902 13.298 60.1082 34.0588 15.8114 41.3519 85.3306 20.6155 14.5602 81.8986 35.5476 11.4018 19.2094 45.0471 60.705 42.0595 58.0 31.0161 70.5004 40.234 38.4315 63.7825 66.0686 64.6971 82.4485 50.2195 49.0918 29.0 21.8403 44.756 
52.3927 59.9083 79.0569 20.8087 55.7584 29.0689 84.6463 6.32456 73.8783 55.9017 95.2829 61.0737 88.0909 78.4792 97.792 22.561 65.215 75.917 61.7171 43.0 43.0116 26.0 35.3553 72.5904 66.0984 78.9177 42.0595 0.0 78.2502 79.7556 101.571 52.7731 88.0035 16.6433 27.2947 49.1641 73.0068 53.0848 45.0 63.1506 71.1126 36.8917 35.3553 82.0244 95.7549 0.0 85.1408 15.0 73.0681 29.0 43.382 96.8814 65.1848 57.0088 64.5368 92.1792 14.0357 70.32 26.8701 44.6542 
27.6586 21.9317 3.16228 66.9104 63.186 57.4891 27.2947 76.0 64.6152 42.0881 27.7308 47.2116 14.1421 32.4815 39.0512 57.0701 63.4143 52.2143 41.0488 86.6669 42.0893 54.1479 56.7866 22.1359 88.6371 6.0 42.7264 78.2502 0.0 17.1172 38.6264 30.0167 23.5372 64.0703 51.9711 45.3765 79.9553 25.1794 54.7718 86.5917 7.28011 54.1043 61.9145 5.65685 18.0278 78.2502 23.0868 71.3092 56.0911 59.9083 42.456 21.4009 45.2597 58.2738 85.809 31.9531 79.404 21.0238 64.0781 45.6651 
27.4939 19.9752 20.2237 64.2806 53.3237 54.1479 44.4072 75.968 47.7862 56.8768 16.1245 34.565 29.5466 15.6525 23.7065 62.9989 49.2915 35.3853 55.8386 78.6194 50.2096 53.7622 51.0392 38.3275 77.539 11.1803 50.9117 79.7556 17.1172 0.0 24.8395 40.0 9.21954 63.6001 56.8441 30.5941 65.5637 30.4795 65.0538 76.0624 19.6469 62.2415 70.0357 21.8403 21.9545 79.7556 7.2111 76.7262 39.2621 56.0357 37.2156 19.4165 22.8327 47.9393 74.8037 48.7647 77.5242 36.6742 70.8156 39.0512 
51.8114 44.2927 41.1096 83.8195 62.2013 73.7145 63.7887 97.2481 47.4342 80.3691 11.1803 45.0999 46.1736 23.5372 5.38516 86.5393 55.109 32.249 79.3308 92.0054 75.0067 75.5765 69.1231 60.7454 83.2406 33.1059 75.6902 101.571 38.6264 24.8395 0.0 64.8151 15.8114 85.2334 84.6661 52.5683 67.7791 55.1543 89.8341 82.4621 43.4166 86.977 94.7523 41.2311 30.1496 101.571 17.6918 100.267 34.0 75.0 58.4618 23.1948 36.6879 57.0789 80.7775 66.0681 97.1236 59.6154 95.3281 57.5674 
21.0238 24.7386 29.5466 48.4346 61.1397 44.4146 49.577 52.2015 69.3241 25.6083 55.1725 51.7725 36.3456 52.4865 63.5138 30.2655 64.7849 72.2194 30.6887 76.1968 12.6609 35.9158 45.4672 21.4364 85.0025 33.4215 13.298 52.7731 30.0167 40.0 64.8151 0.0 49.0408 42.052 25.4951 33.8136 80.7395 12.0416 27.4402 82.4184 23.0217 24.6759 32.4861 31.9531 47.8539 52.7731 47.2017 43.1045 67.7332 47.1512 31.729 51.3128 55.8265 57.9946 82.2789 57.1386 57.7754 18.6388 34.6874 38.0536 
36.6232 29.1045 26.3059 72.0069 55.9732 61.8142 50.01 84.2021 47.0291 64.826 7.28011 37.3631 33.3766 16.1245 15.5242 72.1282 51.5692 30.7885 63.7878 84.1724 59.4715 62.0102 58.1378 45.607 79.8168 17.72 60.1082 88.0035 23.5372 9.21954 15.8114 49.0408 0.0 71.8401 70.255 38.8973 67.6189 39.6989 74.2507 78.369 27.7308 71.4493 79.2465 27.0185 20.8087 88.0035 3.0 85.8555 41.5398 63.5059 45.1221 15.6205 26.0768 50.5964 77.0839 53.3385 85.3288 44.2719 80.0251 46.1736 
37.1214 44.4072 65.2763 8.24621 41.2311 12.8062 75.0291 12.3693 58.2495 49.5177 79.1202 44.5982 75.1359 61.8519 81.1647 16.1245 50.1199 59.4271 55.2268 36.7696 34.8281 10.0499 19.4165 62.8312 56.0357 64.0703 34.0588 16.6433 64.0703 63.6001 85.2334 42.052 71.8401 0.0 18.3848 33.0086 59.9083 39.4588 42.19 53.0377 57.2189 33.6155 35.7351 68.3593 81.0555 16.6433 68.9638 21.587 56.5782 13.4164 26.9258 81.6149 48.5575 41.6773 54.0 82.5048 15.8114 60.0336 28.4429 28.0179 
33.6417 41.2471 52.469 25.807 51.2525 23.5372 57.6096 26.9258 65.0107 31.1448 72.8679 48.7484 61.0 63.5281 82.8408 5.09902 58.4909 63.2449 36.8782 54.2033 16.6433 14.3178 29.0938 45.5309 70.6116 53.4525 15.8114 27.2947 51.9711 56.8441 84.6661 25.4951 70.255 18.3848 0.0 32.2588 71.1413 26.9258 24.6982 67.6831 44.7214 16.4924 21.095 55.3263 69.857 27.2947 67.8488 19.6977 60.396 25.9615 27.6866 71.8014 50.0304 50.0245 68.2495 65.1713 33.2866 43.2605 17.0 31.6678 
17.7875 24.1105 47.1924 34.0 34.0 24.0832 62.056 45.3765 40.0125 53.8018 46.1736 22.0227 58.0828 33.91 50.0649 34.132 36.8782 35.3711 58.8821 52.8394 40.8415 23.1708 22.4722 49.9234 58.8218 32.588 41.3519 49.1641 45.3765 30.5941 52.5683 33.8136 38.8973 33.0086 32.2588 0.0 52.811 24.4675 55.5899 56.4004 39.3243 52.3168 60.0206 50.3546 49.2848 49.1641 36.0555 47.8593 32.5223 26.3059 7.28011 49.0408 20.6155 30.0832 56.0357 69.3362 47.0956 47.095 48.2745 12.0416 
63.8775 68.874 82.6407 52.811 20.025 48.5077 103.937 66.7083 20.5913 99.8918 70.9556 33.2866 94.03 51.9832 62.3939 72.3395 16.6433 37.4433 104.972 37.6431 86.9316 57.2189 42.19 94.5718 17.1172 76.5756 85.3306 73.0068 79.9553 65.5637 67.7791 80.7395 67.6189 59.9083 71.1413 52.811 0.0 70.5576 95.6931 17.72 76.6837 87.6075 92.0869 85.5798 86.5558 73.0068 65.0821 81.4923 40.3017 46.8722 49.0306 82.8341 45.607 22.8035 15.5242 109.961 60.9016 92.2191 86.5794 42.7551 
9.21954 13.0 26.0 43.3244 50.9578 34.8855 37.6431 51.0882 59.978 32.9542 46.4004 42.4264 35.6931 41.785 53.2647 32.0156 55.4388 61.5179 38.0345 66.4003 20.0 29.8329 35.609 25.5081 74.8206 26.5707 20.6155 53.0848 25.1794 30.4795 55.1543 12.0416 39.6989 39.4588 26.9258 24.4675 70.5576 0.0 34.786 72.2364 18.0278 31.8277 39.598 29.0172 42.9535 53.0848 37.4833 46.4866 57.0318 37.5899 21.5471 44.9444 45.125 47.8127 72.097 45.0 55.109 22.7105 40.4969 27.8716 
42.1613 47.5395 53.0471 50.1199 75.8042 48.1152 46.3897 47.3814 91.1004 14.1421 80.7546 73.5487 56.8595 76.562 88.0411 26.0768 83.0426 96.6994 19.0263 78.7147 14.8661 38.9029 53.6455 37.0 95.1838 59.7248 14.5602 45.0 54.7718 65.0538 89.8341 27.4402 74.2507 42.19 24.6982 55.5899 95.6931 34.786 0.0 92.261 49.6897 8.60233 11.1803 54.5647 70.9643 45.0 72.1435 30.8869 84.7383 50.5964 52.2383 75.6666 80.3065 74.5762 92.811 53.0848 55.2268 35.8469 18.7883 56.2195 
65.5563 75.5104 89.2771 45.0 23.4307 44.1475 109.825 56.8859 35.3553 98.5922 84.3508 41.8808 100.666 62.5108 77.1298 67.7422 27.5136 50.5964 103.673 22.4722 82.57 53.3667 39.2173 97.6923 3.0 83.1937 81.8986 63.1506 86.5917 76.0624 82.4621 82.4184 78.369 53.0377 67.6831 56.4004 17.72 72.2364 92.261 0.0 83.3201 84.1724 87.9659 92.2162 97.157 63.1506 75.6097 74.0608 50.8292 41.7732 50.774 93.4773 54.6443 28.6007 2.23607 116.598 49.7293 94.8638 81.3019 44.6542 
21.5407 17.0294 8.06226 60.4152 59.9144 51.2445 27.313 69.029 61.373 37.2318 33.0151 43.9399 18.7883 34.0241 43.0813 49.8197 60.1426 53.757 36.1935 81.5013 34.9105 47.3814 50.7344 19.0 85.3655 10.6301 35.5476 71.1126 7.28011 19.6469 43.4166 23.0217 27.7308 57.2189 44.7214 39.3243 76.6837 18.0278 49.6897 83.3201 0.0 46.9255 54.7357 11.1803 25.2982 71.1126 26.5707 64.0312 57.6337 53.7587 36.4038 28.3019 41.5479 55.0022 82.5374 33.2866 72.6911 17.1172 56.8595 42.7284 
38.8883 44.2551 53.8958 41.5933 67.7186 40.025 51.0098 38.9487 81.4768 19.6469 77.9872 65.2145 59.2034 73.6935 85.0718 17.4929 74.957 93.4264 25.2982 70.214 12.2066 30.8058 45.5599 40.3113 87.0976 56.9606 11.4018 36.8917 54.1043 62.2415 86.977 24.6759 71.4493 33.6155 16.4924 52.3168 87.6075 31.8277 8.60233 84.1724 46.9255 0.0 7.81025 56.4249 72.0829 36.8917 69.2965 23.4094 81.4653 42.45 44.1527 75.1604 77.0335 66.4907 84.7254 58.1378 46.6905 38.6394 12.0416 48.134 
46.592 51.9589 61.7061 43.9659 72.1734 44.1022 57.1402 38.6005 85.9575 25.0 85.7963 69.6952 66.4078 81.3973 92.8216 20.2237 79.4377 84.1916 30.1496 72.45 20.0 35.0143 50.0 47.0744 90.934 64.7708 19.2094 35.3553 61.9145 70.0357 94.7523 32.4861 79.2465 35.7351 21.095 60.0206 92.0869 39.598 11.1803 87.9659 54.7357 7.81025 0.0 63.8076 79.8931 35.3553 77.0779 20.6155 81.3428 46.2709 48.6334 82.9707 84.7373 70.9713 88.6848 64.0078 46.8722 45.607 8.48528 52.6146 
32.573 27.2947 3.16228 71.5891 68.8105 62.3618 23.0 80.0999 69.5385 41.8688 30.0832 52.8361 8.48528 37.4048 42.2966 60.407 69.0388 57.1376 40.3609 92.2657 44.41 58.5491 61.7647 20.2485 94.2616 10.7703 45.0471 82.0244 5.65685 21.8403 41.2311 31.9531 27.0185 68.3593 55.3263 50.3546 85.5798 29.0172 54.5647 92.2162 11.1803 56.4249 63.8076 0.0 16.4012 82.0244 27.074 74.3303 61.0144 64.846 47.4342 21.4009 50.8842 63.8983 91.4335 26.9258 83.863 19.8494 66.4364 51.264 
44.0 37.1214 18.3576 83.1505 74.4183 73.364 35.4683 93.1933 68.7783 58.258 19.6469 55.6597 17.4642 36.0694 32.9848 74.9533 70.3861 51.5797 56.5685 99.93 60.0679 71.0282 71.1969 36.1248 98.6337 17.0 60.705 95.7549 18.0278 21.9545 30.1496 47.8539 20.8087 81.0555 69.857 49.2848 86.5558 42.9535 70.9643 97.157 25.2982 72.0829 79.8931 16.4012 0.0 95.7549 22.6716 89.2861 60.2541 75.5402 56.4364 7.0 57.287 69.0339 95.8984 36.4966 96.0208 36.0694 82.0792 59.439 
52.3927 59.9083 79.0569 20.8087 55.7584 29.0689 84.6463 6.32456 73.8783 55.9017 95.2829 61.0737 88.0909 78.4792 97.792 22.561 65.215 75.917 61.7171 43.0 43.0116 26.0 35.3553 72.5904 66.0984 78.9177 42.0595 0.0 78.2502 79.7556 101.571 52.7731 88.0035 16.6433 27.2947 49.1641 73.0068 53.0848 45.0 63.1506 71.1126 36.8917 35.3553 82.0244 95.7549 0.0 85.1408 15.0 73.0681 29.0 43.382 96.8814 65.1848 57.0088 64.5368 92.1792 14.0357 70.32 26.8701 44.6542 
34.217 26.6983 26.0192 69.0507 53.1413 58.8558 50.04 81.3204 45.6931 63.7812 10.198 34.4819 33.9559 13.6015 16.5529 69.722 48.8099 29.4526 62.7429 81.2158 57.3149 59.1475 55.1453 44.911 77.0574 17.1172 58.0 85.1408 23.0868 7.2111 17.6918 47.2017 3.0 68.9638 67.8488 36.0555 65.0821 37.4833 72.1435 75.6097 26.5707 69.2965 77.0779 27.074 22.6716 85.1408 0.0 83.4493 38.7805 60.531 42.2019 18.0278 23.0868 47.7598 74.3246 53.7587 82.3772 43.4166 77.712 43.1856 
49.2422 56.8476 71.5891 29.1548 62.6259 33.6155 73.5527 19.3132 78.7718 43.0116 92.8504 63.6003 79.404 79.1286 98.4413 14.7648 71.1758 78.2594 48.7032 55.7315 32.0156 26.6271 40.3113 62.0725 77.0584 73.0548 31.0161 15.0 71.3092 76.7262 100.267 43.1045 85.8555 21.587 19.6977 47.8593 81.4923 46.4866 30.8869 74.0608 64.0312 23.4094 20.6155 74.3303 89.2861 15.0 83.4493 0.0 75.4105 34.7851 43.1393 91.4166 65.5262 62.6498 75.1665 80.895 27.8568 60.0083 12.2066 46.4004 
46.9359 46.0851 59.2372 53.3249 28.587 44.0135 83.3574 67.803 22.5242 82.9502 47.5216 12.0 68.803 25.6815 43.0555 62.2692 24.0294 16.8489 88.0305 58.0098 69.99 48.8688 38.0644 69.3464 52.2769 50.2739 70.5004 73.0681 56.0911 39.2621 34.0 67.7332 41.5398 56.5782 60.396 32.5223 40.3017 57.0318 84.7383 50.8292 57.6337 81.4653 81.3428 61.0144 60.2541 73.0681 38.7805 75.4105 0.0 44.4433 32.9422 56.6488 19.53 23.2788 49.5441 87.9163 66.0593 66.6718 76.4117 29.0227 
32.28 38.6433 61.6847 8.94427 27.8568 2.82843 74.9877 23.4307 45.0 55.8518 70.7107 32.45 72.45 51.5461 70.8378 26.0768 36.7151 47.2921 61.4236 29.7321 40.9054 11.7047 6.40312 62.7898 44.7214 58.8434 40.234 29.0 59.9083 56.0357 75.0 47.1512 63.5059 13.4164 25.9615 26.3059 46.8722 37.5899 50.5964 41.7732 53.7587 42.45 46.2709 64.846 75.5402 29.0 60.531 34.7851 44.4433 0.0 19.105 75.0267 38.3275 28.3019 42.4264 82.4199 22.1359 59.9922 40.0125 17.4642 
14.867 31.2621 44.2719 27.074 29.4109 17.0 59.1355 39.2173 38.833 50.8813 52.3927 21.5407 55.1623 35.6828 54.9955 29.5598 34.0147 35.7911 55.9616 45.793 37.9211 17.4929 15.2315 47.0029 53.3385 39.7396 38.4315 43.382 42.456 37.2156 58.4618 31.729 45.1221 26.9258 27.6866 7.28011 49.0306 21.5471 52.2383 50.774 36.4038 44.1527 48.6334 47.4342 56.4364 43.382 42.2019 43.1393 32.9422 19.105 0.0 56.0 22.3883 26.3059 50.6063 66.4157 40.3113 44.1745 43.7023 6.32456 
44.5533 37.2156 22.6274 83.0241 70.7815 73.0 42.0595 93.9042 62.2443 62.9829 13.0 52.0229 24.0416 31.6228 26.2488 76.8803 66.6782 46.0037 61.7171 98.0352 63.1455 71.5681 70.2567 41.6173 94.9257 18.3848 63.7825 96.8814 21.4009 19.4165 23.1948 51.3128 15.6205 81.6149 71.8014 49.0408 82.8341 44.9444 75.6666 93.4773 28.3019 75.1604 82.9707 21.4009 7.0 96.8814 18.0278 91.4166 56.6488 75.0267 56.0 0.0 40.2906 65.3971 92.1929 43.4166 96.1301 41.2311 84.9706 58.3095 
35.7623 34.1784 47.9451 47.1435 31.3847 37.0386 68.1545 60.5721 28.0541 78.5184 33.0 12.8062 59.3344 13.4164 32.6956 51.9036 29.0689 22.3788 83.5987 58.2495 65.5582 39.6468 32.5576 59.8761 56.4004 41.8617 66.0686 65.1848 45.2597 22.8327 36.6879 55.8265 26.0768 48.5575 50.0304 20.6155 45.607 45.125 80.3065 54.6443 41.5479 77.0335 84.7373 50.8842 57.287 65.1848 23.0868 65.5262 19.53 38.3275 22.3883 40.2906 0.0 26.0768 53.6004 74.6465 60.4477 57.5235 66.0461 20.8953 
41.1326 47.1925 60.9592 36.2353 5.38516 29.0689 82.2558 51.0882 16.9706 77.1469 56.7539 13.4164 72.3485 34.9285 52.0096 51.6624 8.544 25.02 82.2272 35.0571 64.1867 36.6879 22.3607 72.8902 30.4795 54.8758 64.6971 57.0088 58.2738 47.9393 57.0789 57.9946 50.5964 41.6773 50.0245 30.0832 22.8035 47.8127 74.5762 28.6007 55.0022 66.4907 70.9713 63.8983 69.0339 57.0088 47.7598 62.6498 23.2788 28.3019 26.3059 65.3971 26.0768 0.0 27.6586 88.2796 47.5079 70.4401 65.9697 20.0998 
65.4169 74.7277 88.4944 46.0435 22.6274 44.7214 109.791 58.2495 33.541 99.1421 83.1146 40.8044 99.8837 61.2256 75.4321 68.469 26.0 49.0408 104.222 24.4131 83.1199 53.9351 39.5601 97.5528 2.82843 82.411 82.4485 64.5368 85.809 74.8037 80.7775 82.2789 77.0839 54.0 68.2495 56.0357 15.5242 72.097 92.811 2.23607 82.5374 84.7254 88.6848 91.4335 95.8984 64.5368 74.3246 75.1665 49.5441 42.4264 50.6063 92.1929 53.6004 27.6586 0.0 115.815 51.2445 94.7244 82.1523 44.4185 
52.345 49.8197 28.7924 87.9747 93.1918 79.6832 7.61577 92.0946 96.4405 39.0128 55.0091 77.2174 20.025 64.3067 68.0294 69.6419 93.4201 84.0396 34.2345 111.4 49.2443 74.4036 80.604 20.1246 118.643 37.6431 50.2195 92.1792 31.9531 48.7647 66.0681 57.1386 53.3385 82.5048 65.1713 69.3362 109.961 45.0 53.0848 116.598 33.2866 58.1378 64.0078 26.9258 36.4966 92.1792 53.7587 80.895 87.9163 82.4199 66.4157 43.4166 74.6465 88.2796 115.815 0.0 98.2432 22.8254 70.1783 72.7403 
52.0384 59.0085 80.7527 13.3417 45.2769 23.5372 90.7675 8.544 64.4438 64.2028 92.5743 54.1202 90.802 73.6817 92.9731 29.8329 55.1543 68.9082 70.0 29.0172 49.93 25.318 28.2312 78.5695 52.6308 79.0253 49.0918 14.0357 79.404 77.5242 97.1236 57.7754 85.3288 15.8114 33.2866 47.0956 60.9016 55.109 55.2268 49.7293 72.6911 46.6905 46.8722 83.863 96.0208 14.0357 82.3772 27.8568 66.0593 22.1359 40.3113 96.1301 60.4477 47.5079 51.2445 98.2432 0.0 75.7719 38.5876 39.5601 
30.8058 30.0832 18.868 65.5034 73.5852 57.2555 15.2643 70.5458 77.3486 22.4722 48.7545 59.4754 21.0238 51.1343 59.7746 47.7595 75.6781 70.8672 20.5183 89.0339 28.0 51.9323 58.2773 2.82843 97.448 26.5707 29.0 70.32 21.0238 36.6742 59.6154 18.6388 44.2719 60.0336 43.2605 47.095 92.2191 22.7105 35.8469 94.8638 17.1172 38.6394 45.607 19.8494 36.0694 70.32 43.4166 60.0083 66.6718 59.9922 44.1745 41.2311 57.5235 70.4401 94.7244 22.8254 75.7719 0.0 50.3587 50.499 
47.0685 52.4354 63.9062 36.6742 66.9104 38.1182 63.0317 30.2324 81.0264 31.5753 86.8389 64.7641 70.6768 79.5438 93.3535 14.3178 74.4648 79.2606 37.108 64.846 22.8035 29.4279 44.4072 52.1536 84.2912 66.6483 21.8403 26.8701 64.0781 70.8156 95.3281 34.6874 80.0251 28.4429 17.0 48.2745 86.5794 40.4969 18.7883 81.3019 56.8595 12.0416 8.48528 66.4364 82.0792 26.8701 77.712 12.2066 76.4117 40.0125 43.7023 84.9706 66.0461 65.9697 82.1523 70.1783 38.5876 50.3587 0.0 47.6835 
21.1915 34.5433 48.3099 26.2488 23.0868 16.1555 65.46 39.8246 33.5261 57.2058 53.3388 17.2047 59.7015 34.176 53.4883 33.541 28.0179 31.8716 62.2862 41.1461 44.2456 19.8494 12.0 53.3275 47.1699 43.0116 44.756 44.6542 45.6651 39.0512 57.5674 38.0536 46.1736 28.0179 31.6678 12.0416 42.7551 27.8716 56.2195 44.6542 42.7284 48.134 52.6146 51.264 59.439 44.6542 43.1856 46.4004 29.0227 17.4642 6.32456 58.3095 20.8953 20.0998 44.4185 72.7403 39.5601 50.499 47.6835 0.0 
DEMAND_SCENARIO_SECTION
0 0 0 0 0 0 0 0 0 0 0 0 0 0 0 0 0 0 0 0 0 0 0 0 0 0 0 0 0 0 0 0 0 0 0 0 0 0 0 0 0 0 0 0 0 0 0 0 0 0 0 0 0 0 0 0 0 0 0 0 0 0 0 0 0 0 0 0 0 0 0 0 0 0 0 0 0 0 0 0 0 0 0 0 0 0 0 0 0 0 0 0 0 0 0 0 0 0 0 0 0 0 0 0 0 0 0 0 0 0 0 0 0 0 0 0 0 0 0 0 0 0 0 0 0 0 0 0 0 0 0 0 0 0 0 0 0 0 0 0 0 0 0 0 0 0 0 0 0 0 0 0 0 0 0 0 0 0 0 0 0 0 0 0 0 0 0 0 0 0 0 0 0 0 0 0 0 0 0 0 0 0 0 0 0 0 0 0 0 0 0 0 0 0 0 0 0 0 0 0 
6 3 7 6 2 5 5 3 4 7 5 7 7 4 4 3 6 5 7 4 4 7 3 5 4 3 3 5 7 4 5 4 5 7 7 7 8 5 6 3 6 7 6 4 7 2 2 6 9 6 6 5 6 6 5 5 6 3 6 3 4 4 6 4 6 2 6 3 5 6 4 6 4 7 6 5 6 4 5 7 4 7 5 8 6 5 3 3 6 6 4 7 7 7 5 2 6 4 6 7 3 4 3 4 4 5 3 5 5 4 3 6 3 6 5 6 4 6 4 4 8 7 4 6 5 4 7 4 6 4 5 8 6 2 4 4 8 6 5 4 3 4 4 7 2 4 3 9 8 9 10 3 7 5 1 5 5 6 6 2 6 5 7 3 5 7 4 4 4 5 6 6 2 5 6 5 5 9 5 6 5 8 4 6 4 5 7 6 3 6 4 6 6 2 2 2 8 7 7 2 
8 5 9 6 6 6 3 5 5 8 3 3 7 6 8 7 6 4 3 5 3 8 8 5 3 8 7 6 6 5 4 4 6 6 7 5 9 7 5 5 6 5 7 8 5 3 6 3 3 6 5 8 4 6 6 5 4 5 4 6 8 7 7 6 10 8 5 5 1 4 6 7 6 4 4 8 8 4 10 10 5 10 9 6 7 5 6 9 5 1 5 8 1 7 4 9 6 1 7 6 11 9 8 6 7 8 4 8 7 8 7 5 7 4 8 5 7 3 1 9 9 9 5 5 7 7 6 6 7 8 8 8 9 8 9 6 4 8 3 6 8 5 8 9 3 6 6 7 5 7 7 7 4 6 6 5 5 8 8 4 4 6 6 7 6 5 5 7 2 6 6 8 9 4 6 7 6 8 4 10 9 11 3 3 6 9 5 5 7 4 4 9 2 5 6 2 3 8 6 6 
6 8 5 6 5 3 7 4 9 6 9 6 7 2 8 12 7 7 9 7 10 6 5 10 5 6 4 5 13 8 4 7 6 8 5 7 10 8 7 9 3 4 5 8 4 5 3 9 5 5 5 7 5 5 7 10 3 7 6 9 9 6 6 5 5 6 6 6 8 5 4 9 6 6 7 11 7 6 6 5 9 8 7 5 5 8 9 5 9 4 14 7 10 5 3 2 6 13 5 5 9 13 9 6 9 9 8 9 5 8 9 7 8 7 8 4 3 9 7 6 10 4 5 2 8 7 7 5 7 6 4 5 7 8 5 4 7 7 9 8 7 5 5 4 4 7 6 8 4 5 9 4 10 7 10 8 3 2 3 6 5 7 8 6 7 6 5 1 11 7 9 4 5 8 8 8 5 10 8 10 6 8 7 8 10 8 8 7 9 3 8 7 5 9 6 8 8 6 10 4 
2 5 3 2 3 3 2 2 3 5 5 3 4 2 3 3 3 3 4 3 4 2 5 2 3 5 4 4 5 2 4 3 3 3 3 1 3 4 4 3 1 2 2 2 2 4 4 3 5 4 3 2 3 2 1 2 4 4 2 3 1 3 3 3 1 3 2 2 4 0 3 1 3 3 4 2 3 5 3 3 3 3 4 3 2 3 4 1 4 2 2 4 2 3 4 4 3 4 3 5 2 4 3 4 3 2 3 4 3 1 2 2 3 3 3 3 4 3 3 4 4 5 5 3 3 4 3 5 4 3 4 4 3 5 3 5 3 1 2 3 4 3 3 3 3 2 1 3 4 3 2 3 4 2 3 5 4 3 3 2 2 2 3 3 4 2 2 3 4 4 3 5 4 2 2 4 2 1 2 3 2 4 4 3 4 1 3 4 6 1 3 3 3 4 4 4 4 4 3 4 
6 9 8 5 11 8 7 4 7 4 11 5 8 8 11 10 9 10 2 10 8 8 12 10 13 7 5 6 12 9 3 12 6 13 14 11 4 10 3 9 7 8 6 11 13 8 7 7 4 8 6 9 10 6 5 9 7 8 10 13 5 4 7 10 8 10 11 13 7 7 9 9 8 8 9 10 6 12 10 7 9 6 10 8 8 12 7 4 10 10 8 9 7 6 11 12 11 9 3 4 9 6 16 5 10 9 7 13 9 11 5 11 3 10 9 8 6 4 11 13 11 6 8 6 9 12 14 9 12 9 11 7 10 9 8 2 10 0 8 8 8 6 2 10 6 5 14 8 9 13 12 10 11 5 5 10 6 10 3 8 8 4 7 11 4 8 9 7 4 9 6 1 6 10 10 11 9 9 8 8 10 7 7 11 11 9 11 8 13 10 8 8 5 8 6 0 6 4 7 8 
4 3 4 3 5 1 1 3 3 4 4 4 3 2 3 2 4 2 4 1 3 3 2 2 2 4 3 4 3 2 3 3 3 2 3 3 4 3 3 2 3 4 3 3 3 5 1 5 4 2 2 3 2 3 3 2 5 3 4 4 4 3 4 3 3 2 2 3 4 3 4 2 2 4 3 2 4 5 4 4 3 4 2 2 4 3 3 3 4 3 2 3 3 1 2 2 2 2 5 3 4 1 3 3 3 3 5 3 3 3 4 1 4 2 2 3 4 3 2 3 3 3 4 4 3 3 3 3 5 5 3 4 3 3 3 2 2 4 5 4 2 3 3 4 5 1 3 3 2 5 3 2 3 3 4 3 4 4 3 4 3 5 3 2 4 3 1 3 3 2 3 5 3 3 4 1 3 3 3 4 3 4 5 3 2 3 4 2 3 3 3 3 3 3 4 3 4 2 3 2 
10 9 7 7 3 7 5 5 7 7 9 8 6 6 5 5 6 3 4 11 7 7 12 6 11 7 5 10 3 6 9 6 8 4 5 6 6 5 4 6 9 6 3 6 7 3 8 10 11 7 10 6 7 9 9 8 8 7 8 9 7 8 7 2 4 10 5 3 4 7 5 4 8 9 7 8 8 8 6 6 9 9 6 8 2 4 7 9 9 6 9 7 7 5 6 7 6 6 7 8 10 0 7 7 7 9 2 4 6 11 7 12 7 8 6 5 7 9 6 6 7 6 3 4 8 4 10 1 6 7 10 12 7 10 2 10 7 10 6 8 7 4 8 8 6 8 8 7 8 6 9 5 11 8 2 8 4 4 7 10 12 6 3 7 9 10 6 10 8 7 4 7 7 3 7 3 8 8 9 6 7 10 7 9 7 4 6 7 8 6 2 5 6 6 4 10 9 6 7 8 
8 8 13 8 8 9 9 8 10 8 9 5 12 5 10 10 11 8 12 10 8 13 5 6 11 5 10 17 11 4 10 6 6 10 12 12 10 11 3 7 10 7 8 7 7 9 13 7 10 9 8 9 9 9 12 8 10 14 9 0 10 8 9 14 11 7 9 10 8 7 8 5 14 10 9 5 8 5 7 8 12 12 11 15 9 2 8 10 9 7 5 6 9 13 8 11 6 8 10 10 10 8 15 9 8 7 6 8 12 7 3 11 12 9 11 8 12 8 11 9 6 9 5 10 10 9 9 8 7 14 8 12 7 10 10 7 6 10 7 14 7 13 12 9 9 4 9 11 12 1 12 6 7 6 5 10 11 8 6 10 8 10 7 5 7 9 13 5 6 8 9 10 10 12 6 5 14 6 7 4 12 8 9 6 9 5 11 9 7 12 9 3 11 8 9 10 8 9 5 8 
6 5 5 3 1 7 6 6 6 4 6 6 6 4 1 5 3 6 2 3 2 6 4 3 4 4 9 5 8 6 6 5 5 3 5 5 8 7 7 4 5 5 5 3 5 6 7 5 6 3 7 6 6 6 5 7 3 3 6 6 6 3 3 5 5 1 5 2 3 4 6 5 4 6 7 5 8 4 6 8 0 5 6 7 3 6 5 5 5 6 4 2 6 7 5 7 7 4 7 8 6 6 9 6 6 7 5 3 7 4 4 6 3 5 7 6 6 3 5 7 5 2 5 7 6 5 4 2 2 4 4 7 6 5 8 8 4 7 4 5 5 5 3 4 5 6 5 5 3 2 3 4 7 3 7 4 3 4 2 5 4 5 8 6 7 4 4 6 6 4 7 5 7 4 6 9 4 4 6 5 7 3 6 4 6 5 1 8 5 4 6 6 5 4 4 7 5 4 5 4 
5 7 4 9 3 2 5 9 3 7 6 9 5 6 5 6 4 1 9 5 7 7 4 6 8 6 5 4 6 2 7 2 3 8 9 5 5 7 11 5 4 7 8 6 3 7 9 9 7 4 5 5 8 4 7 7 10 3 10 3 4 8 5 6 4 3 5 8 5 2 5 9 6 4 6 8 6 8 7 8 8 7 7 5 9 7 7 5 4 5 6 7 3 5 6 8 0 8 1 5 5 6 6 4 5 9 11 7 6 10 4 7 10 8 5 8 6 9 5 9 4 7 2 6 9 8 5 7 5 10 7 5 6 7 7 8 5 6 1 8 8 7 4 6 5 6 8 8 6 9 6 6 8 6 5 9 5 8 7 6 6 6 4 6 3 6 7 6 5 5 6 6 8 3 6 6 7 4 7 9 4 7 7 5 3 8 7 4 7 6 4 6 6 2 7 8 6 6 2 5 
4 4 5 4 2 6 5 6 3 5 4 5 2 4 2 4 4 5 3 3 4 4 2 7 2 5 4 5 5 5 4 4 1 4 2 6 2 6 4 3 4 3 4 4 7 5 4 3 3 4 5 6 5 3 4 6 5 4 2 4 4 4 1 5 4 4 4 4 4 1 3 6 4 4 6 5 3 5 2 6 1 3 4 3 7 5 4 8 5 2 5 4 5 3 3 5 0 4 5 3 4 7 7 4 6 2 4 2 3 3 7 3 5 3 4 7 5 4 4 2 3 3 2 6 5 3 3 2 2 5 5 5 3 2 3 5 4 4 5 6 2 3 5 2 5 3 5 4 4 4 4 4 4 3 4 4 4 5 3 5 2 3 7 6 1 3 4 1 6 3 6 3 5 4 5 4 5 2 2 5 3 4 4 4 3 4 4 4 3 4 4 3 2 4 4 4 0 3 6 3 
6 7 5 8 7 10 7 3 6 6 6 4 7 8 4 1 7 8 11 10 10 5 7 9 8 4 8 6 2 4 6 5 6 6 5 7 9 6 7 4 8 7 6 5 10 3 5 5 6 7 7 9 6 8 3 7 3 5 8 7 2 10 5 9 9 5 4 6 9 6 6 8 9 8 3 3 5 7 7 6 8 5 6 7 9 9 8 7 7 8 2 5 8 6 7 4 10 7 6 7 6 5 5 5 8 10 12 5 7 5 8 7 4 3 8 4 7 9 6 6 6 0 7 7 7 4 3 6 6 11 9 8 1 3 7 4 4 9 4 3 7 9 4 4 10 8 4 6 4 6 2 6 3 4 6 9 4 7 7 9 6 4 3 8 7 6 3 8 8 4 8 8 3 5 6 7 6 7 7 8 1 4 7 6 9 6 7 4 7 3 5 5 6 8 6 5 3 6 4 4 
9 9 10 9 7 5 6 9 2 7 9 6 5 2 3 8 10 6 4 8 6 5 9 5 12 4 6 6 7 7 5 6 4 9 8 4 9 5 9 6 6 9 5 6 3 4 5 9 4 5 7 4 4 3 5 9 6 8 10 6 6 9 12 8 8 7 8 9 7 7 9 6 7 4 11 6 7 8 7 4 5 6 8 6 9 8 7 7 7 3 6 5 9 9 10 7 2 9 13 3 9 6 10 8 2 10 7 5 8 8 8 9 7 8 10 5 1 6 4 7 8 2 6 9 9 4 4 7 9 5 5 7 10 11 7 4 12 7 7 6 8 8 9 6 5 5 6 8 5 8 3 4 10 8 9 3 14 5 7 5 7 8 6 4 7 6 9 0 7 17 2 5 6 9 4 10 8 7 6 5 5 11 6 4 8 8 3 9 7 6 8 10 8 9 8 9 9 5 2 6 
7 7 5 6 3 6 3 0 3 7 5 3 5 6 7 4 7 5 8 5 6 1 5 7 6 7 6 7 6 3 8 8 11 8 3 5 4 10 7 4 4 6 4 10 5 7 5 5 7 4 5 7 5 2 7 6 4 7 7 4 5 3 7 4 2 6 9 6 7 4 6 5 8 6 6 8 5 7 5 6 10 3 6 5 7 2 7 8 5 8 5 8 2 4 4 6 7 7 6 7 6 7 3 4 7 7 5 5 5 6 7 9 2 6 5 5 5 7 7 5 6 5 4 4 8 4 6 7 7 8 4 8 5 8 3 5 1 3 5 7 4 9 8 6 5 6 9 4 6 7 9 2 3 8 8 9 8 1 5 3 2 5 5 5 5 6 5 8 5 7 7 6 6 5 6 7 5 4 6 7 7 5 6 3 6 4 8 9 4 7 5 6 6 6 5 4 9 10 5 6 
7 5 5 8 8 5 8 6 8 4 5 6 2 6 8 5 8 8 7 6 5 5 6 9 5 7 7 5 6 5 6 9 5 7 4 10 3 7 5 9 8 5 9 8 7 4 7 7 5 2 5 5 6 6 8 8 5 7 6 7 3 7 8 5 9 7 6 1 9 7 6 7 1 4 5 5 7 5 7 5 5 5 4 6 7 3 11 6 8 3 5 4 11 6 4 5 7 6 6 7 9 6 4 7 9 7 5 6 6 8 3 8 7 8 5 10 5 8 4 7 5 7 7 6 8 6 5 10 5 7 9 6 5 5 6 5 8 8 4 4 9 8 3 3 9 6 7 7 7 5 12 7 7 7 4 6 10 8 8 8 6 9 6 5 8 7 9 3 8 7 3 7 6 8 7 5 3 7 6 6 7 7 6 8 4 4 8 1 5 8 6 7 5 9 8 9 3 9 8 6 
1 1 1 1 1 1 1 2 1 1 0 1 1 1 1 1 1 1 1 1 1 0 1 1 1 1 1 1 1 0 1 1 1 1 0 1 1 1 1 1 1 1 1 1 1 1 1 1 1 1 2 1 1 1 1 1 0 1 1 1 2 0 0 1 1 1 1 1 2 1 1 1 1 1 1 2 1 1 1 0 2 1 1 1 1 1 1 1 1 1 1 0 2 1 2 1 1 1 1 1 1 1 1 1 1 1 0 1 1 1 1 2 1 1 1 1 1 1 1 1 1 1 1 0 1 1 1 1 1 1 1 1 1 1 1 1 1 1 1 0 1 1 1 1 1 1 1 1 1 1 1 1 1 1 1 1 1 0 1 1 1 1 1 1 1 1 1 2 1 1 1 1 1 0 1 1 2 1 1 1 1 1 2 1 0 1 1 1 1 1 1 0 1 1 1 1 1 1 1 1 
6 4 3 7 3 4 4 4 6 4 5 5 3 4 5 6 5 5 5 5 3 4 4 4 5 2 6 6 6 3 2 3 3 3 4 5 2 2 6 3 1 3 5 5 2 4 4 8 2 4 4 7 2 6 6 2 3 6 4 5 3 4 4 3 4 4 2 5 5 4 5 5 3 5 3 2 3 4 4 6 5 4 3 4 4 4 5 4 3 6 4 3 5 5 2 5 5 5 4 4 4 3 3 6 4 5 5 4 3 2 3 4 3 5 4 4 2 3 4 3 5 5 3 6 3 2 4 4 5 3 6 4 6 5 5 3 4 3 3 3 3 4 5 2 3 4 5 1 3 5 6 3 6 3 3 3 6 6 5 1 2 5 4 6 4 4 5 7 5 3 4 5 4 4 3 4 5 7 3 4 7 5 2 2 3 3 5 4 1 3 3 2 6 3 3 4 6 4 4 4 
10 6 9 9 6 5 8 6 6 3 9 9 11 8 12 8 8 9 10 9 7 8 4 8 9 10 8 9 8 8 3 8 11 9 17 8 10 8 10 7 7 1 10 11 11 10 8 0 11 10 7 9 11 3 4 5 6 6 6 5 9 10 6 8 15 8 9 7 3 6 4 7 7 9 8 8 5 11 9 4 12 11 10 14 10 6 8 7 11 9 2 6 5 13 6 11 5 10 8 8 7 7 7 7 9 8 0 7 9 3 11 9 3 10 8 6 12 6 9 8 9 2 8 6 8 6 4 5 6 5 10 6 9 8 7 11 7 3 5 6 7 5 2 6 9 7 8 8 10 5 6 8 7 6 9 6 7 11 5 7 5 8 7 12 8 6 13 7 8 8 11 12 10 10 8 7 9 7 10 7 5 14 7 14 7 8 3 7 8 2 13 4 10 8 16 5 7 9 7 2 
9 11 11 6 10 6 6 6 9 10 6 8 6 14 8 5 10 8 8 8 4 5 10 9 12 7 3 6 5 10 8 7 6 12 10 6 5 8 6 9 7 10 7 9 7 10 6 5 8 5 10 10 7 4 8 6 8 8 4 11 5 6 8 9 8 7 6 8 11 10 5 8 6 7 6 6 9 7 9 9 8 5 9 6 8 9 8 5 7 7 9 8 4 8 9 7 11 9 11 4 10 5 4 10 7 6 9 8 8 7 4 7 7 5 9 8 4 9 5 8 4 7 5 9 4 8 9 2 12 4 10 4 6 6 10 9 9 8 11 5 7 5 2 10 6 6 3 9 4 8 4 6 4 10 6 6 6 6 4 8 6 5 9 4 7 10 5 9 7 6 8 9 7 1 6 11 9 7 7 11 7 5 9 9 5 6 10 9 9 7 5 4 7 4 8 7 10 5 6 5 
9 5 14 11 9 12 7 14 13 8 9 10 10 5 9 8 9 8 9 7 9 5 11 11 6 10 14 12 9 12 14 16 11 3 7 9 10 6 10 8 9 11 15 13 8 9 11 7 6 13 7 8 11 6 8 7 11 8 9 16 4 13 7 12 7 13 9 6 10 8 8 8 7 9 7 15 11 10 9 14 11 8 14 9 13 10 8 9 9 10 15 10 10 6 11 9 8 11 10 9 10 9 8 10 7 8 12 14 11 10 11 15 13 11 17 14 7 5 6 5 6 4 10 7 15 12 16 9 11 10 9 8 13 10 11 10 9 6 14 7 9 4 13 10 7 12 11 4 9 16 6 12 8 12 12 9 12 13 6 11 12 13 13 8 15 10 5 13 10 9 10 7 17 9 12 6 14 12 10 9 6 8 12 10 11 12 13 15 12 7 9 10 12 9 8 7 7 7 6 5 
18 6 6 13 11 8 9 14 10 19 20 13 10 8 11 11 11 10 11 9 11 10 11 7 9 10 13 11 11 12 13 13 7 7 5 10 8 14 8 12 7 11 11 17 8 3 9 14 11 13 2 8 10 14 13 9 9 12 9 16 13 20 10 8 8 15 11 7 8 7 10 15 9 8 10 12 13 15 9 11 17 12 5 7 12 6 12 4 6 6 14 12 14 16 6 3 13 10 8 15 7 9 8 11 14 11 14 9 14 13 14 6 9 13 12 16 11 9 16 13 10 9 7 13 8 6 11 14 15 11 15 6 8 16 9 10 5 10 9 5 8 11 10 11 11 12 5 9 11 5 6 7 8 9 6 13 10 16 12 15 12 11 6 8 15 7 7 14 7 10 7 5 7 11 9 13 7 14 4 10 3 8 18 4 10 10 7 6 16 2 2 11 7 16 5 8 13 13 10 13 
11 14 7 10 12 17 10 13 16 13 11 11 5 6 9 15 7 6 7 7 13 9 9 8 8 8 8 9 16 8 14 8 12 11 12 10 12 6 7 5 8 7 9 9 13 13 10 11 17 10 6 11 10 8 6 9 14 8 12 9 8 14 12 9 7 12 7 8 6 11 15 13 4 8 5 9 10 7 12 11 12 9 13 11 9 10 11 12 11 6 12 4 15 14 5 2 6 8 10 5 15 14 3 12 14 13 12 7 11 11 11 7 12 12 6 12 10 10 7 10 4 4 18 11 10 17 9 8 11 6 16 10 11 14 13 10 14 11 9 6 11 8 4 7 7 5 8 6 13 10 12 9 12 8 11 7 10 11 9 15 8 5 9 12 15 8 11 10 9 18 8 11 11 6 12 8 11 8 7 11 11 8 8 8 10 7 9 8 9 17 9 10 8 7 7 15 11 9 15 7 
