NAME  : Jabali_60_4_0.85_1_9
TYPE : SVRP
MODEL : FINITE_SUPPORT
NUMBER_OF_SCENARIOS : 200
DIMENSION : 60
EDGE_WEIGHT_TYPE : MATRIX
CAPACITY : 97
N_VEHICLES : 4
NODE_COORD_SECTION
1 2577 5044
2 3527 4029
3 3584 6215
4 4107 2512
5 1903 4476
6 313 5412
7 3109 3687
8 4370 7332
9 2304 2403
10 719 8218
11 2115 1032
12 1034 7537
13 1542 7802
14 5397 7432
15 358 8390
16 2720 1545
17 1478 4221
18 1395 7481
19 1139 5145
20 2800 6960
21 2905 18
22 1669 1966
23 2526 7359
24 3619 5992
25 3436 2430
26 2948 2083
27 4205 1896
28 1746 8141
29 1487 7998
30 1185 5350
31 946 5830
32 1942 7364
33 5786 5066
34 2854 5869
35 5256 7615
36 1871 2661
37 5488 2422
38 3508 4309
39 27 7795
40 1991 7661
41 2014 2991
42 2199 2084
43 160 5580
44 2165 4055
45 2951 2672
46 5194 5453
47 2221 7243
48 2097 4370
49 4254 4202
50 7072 6114
51 3382 7438
52 4151 3041
53 6970 6593
54 1312 8296
55 2353 7682
56 454 8040
57 4123 3909
58 2401 2595
59 683 8748
60 2381 3463
DEMAND_SECTION
1 0.0
2 1.0
3 8.0
4 6.0
5 8.0
6 7.0
7 2.0
8 8.0
9 1.0
10 6.0
11 10.0
12 4.0
13 1.0
14 3.0
15 5.0
16 8.0
17 6.0
18 10.0
19 5.0
20 3.0
21 8.0
22 2.0
23 2.0
24 6.0
25 8.0
26 6.0
27 8.0
28 3.0
29 10.0
30 2.0
31 6.0
32 8.0
33 7.0
34 8.0
35 10.0
36 2.0
37 5.0
38 7.0
39 3.0
40 7.0
41 4.0
42 2.0
43 8.0
44 10.0
45 9.0
46 9.0
47 3.0
48 8.0
49 10.0
50 6.0
51 5.0
52 9.0
53 5.0
54 9.0
55 3.0
56 5.0
57 1.0
58 2.0
59 2.0
60 2.0
DEVIATION_SECTION
1 0.0
2 0.333333
3 2.66667
4 2.0
5 2.66667
6 2.33333
7 0.666667
8 2.66667
9 0.333333
10 2.0
11 3.33333
12 1.33333
13 0.333333
14 1.0
15 1.66667
16 2.66667
17 2.0
18 3.33333
19 1.66667
20 1.0
21 2.66667
22 0.666667
23 0.666667
24 2.0
25 2.66667
26 2.0
27 2.66667
28 1.0
29 3.33333
30 0.666667
31 2.0
32 2.66667
33 2.33333
34 2.66667
35 3.33333
36 0.666667
37 1.66667
38 2.33333
39 1.0
40 2.33333
41 1.33333
42 0.666667
43 2.66667
44 3.33333
45 3.0
46 3.0
47 1.0
48 2.66667
49 3.33333
50 2.0
51 1.66667
52 3.0
53 1.66667
54 3.0
55 1.0
56 1.66667
57 0.333333
58 0.666667
59 0.666667
60 0.666667
DISTANCE_MATRIX
0.0 37.6955 23.3356 42.0476 13.4973 40.7187 31.7805 42.9535 31.2453 49.1889 50.0084 49.3964 42.5815 54.9575 53.6489 42.72 25.6845 44.9444 28.7264 27.074 65.2372 40.663 31.7805 22.5276 35.5106 36.2491 48.0937 39.5409 42.7728 29.8875 35.6602 38.3275 57.5861 12.6491 54.7121 30.6948 61.0698 38.9531 64.4897 37.3363 26.7346 35.4337 42.9537 16.7631 29.7321 48.6824 31.0161 13.0 38.0451 71.7637 35.3553 41.9762 70.9377 42.4673 29.5489 55.5457 44.533 29.2062 55.0561 18.1914 
37.6955 0.0 61.0016 21.9545 25.807 33.5261 8.24621 80.6488 41.5933 65.1153 59.0085 77.0584 69.029 92.6235 67.9117 44.2832 16.2788 73.1833 29.0689 61.0328 72.5603 56.0892 63.561 60.1936 27.2947 36.0555 29.4109 64.0 68.0 31.0644 38.0132 68.884 82.6665 50.3107 92.3781 46.8402 80.3243 3.16228 61.9839 66.4831 44.9444 45.2769 35.1141 21.9317 31.1448 77.0977 60.8276 24.8395 61.0328 104.398 70.9849 15.6205 106.128 63.1981 56.3205 78.4092 7.28011 39.8121 73.3485 38.9487 
23.3356 61.0016 0.0 63.7916 36.8033 47.9389 55.065 19.9249 44.7214 46.8402 58.1378 39.6989 35.8469 31.6228 51.2445 57.0701 48.9906 35.609 38.9031 15.6525 71.7386 45.6785 21.9545 2.23607 55.3263 53.0848 68.593 35.4683 37.1214 37.4897 39.2581 27.8029 34.5864 11.3137 31.3847 39.8497 56.8275 62.2592 52.8286 29.1548 36.1386 47.5395 49.8193 39.9067 48.0416 25.6827 24.6982 36.28 28.3708 48.764 16.5529 64.7785 47.9381 39.8497 27.4591 49.0918 67.8391 43.4166 51.4782 32.0156 
42.0476 21.9545 63.7916 0.0 32.249 51.8652 17.0294 83.5361 28.4253 81.1542 41.2311 89.4427 81.7863 93.7161 84.5813 25.7099 31.3847 85.1587 43.4626 69.0 53.0377 42.19 73.1925 61.969 10.6301 19.2354 7.81025 77.539 81.2711 45.31 52.2015 79.404 77.5015 54.3323 93.9202 35.3836 67.9559 25.0599 79.6492 77.7817 35.4683 30.5287 53.8238 26.1725 18.4391 73.0616 71.5681 30.1496 55.4707 99.5187 77.3175 7.07107 101.789 77.843 68.2495 93.114 21.3776 27.5862 89.3197 33.541 
13.4973 25.807 36.8033 32.249 0.0 27.313 20.2485 56.4506 29.5922 51.2328 49.2682 57.2713 49.7293 68.4252 54.9074 38.9509 13.0 52.9528 15.2643 39.5325 64.4777 41.4392 41.0122 35.9953 27.7308 31.1448 39.0512 45.6055 49.3356 16.4012 22.1639 47.1699 61.3141 26.1124 68.1798 31.2471 62.6163 26.9072 50.9935 45.5412 27.7201 34.0639 29.5466 6.08276 24.0832 55.7453 39.3192 2.23607 39.6915 83.0456 48.4886 31.1448 84.7752 48.3313 36.1386 61.7227 32.7567 27.3565 59.3211 19.442 
40.7187 33.5261 47.9389 51.8652 27.313 0.0 34.9857 64.0646 56.7979 32.0624 76.4853 46.8402 38.8973 77.5967 34.5254 65.4599 20.6155 43.6578 12.3693 41.9974 91.6788 68.6606 40.7736 48.2357 51.6236 57.2014 59.6406 33.5261 37.3631 12.0416 12.53 41.8751 82.3928 38.6096 76.8083 58.4685 89.8378 31.7805 28.4605 38.5029 54.9415 61.2699 2.23607 31.0644 50.2195 73.4891 36.349 29.0689 67.6121 96.5704 52.5611 47.4131 95.7433 31.4006 32.6744 46.0435 39.8121 54.5619 40.1995 46.6634 
31.7805 8.24621 55.065 17.0294 20.2485 34.9857 0.0 74.7329 33.3766 65.146 51.0882 75.1665 67.2681 86.6869 68.352 36.6742 14.8661 71.0634 27.6586 57.0729 64.9384 47.8539 60.2993 54.2571 19.9249 28.2843 24.8395 62.5379 66.5204 29.6142 36.6742 66.0681 75.1665 44.3959 86.4415 38.6005 72.111 11.0454 63.0714 64.0 36.7696 37.1214 36.8917 15.2643 23.0217 69.6123 58.0345 18.7883 53.4135 96.9126 66.7721 12.6491 98.6422 62.3699 54.037 77.666 13.4536 31.5753 73.3757 31.0644 
42.9535 80.6488 19.9249 83.5361 56.4506 64.0646 74.7329 0.0 63.0317 51.3517 73.7631 36.6742 37.0135 13.8924 55.1453 75.1665 65.5838 34.1321 55.2268 23.3238 86.0078 61.131 26.2488 21.587 74.9667 72.0625 88.2836 39.4588 39.0512 53.7587 55.3838 28.0713 32.2025 30.4138 12.8062 57.3452 57.4891 81.9064 59.0339 31.257 54.0833 65.2817 65.945 59.6154 67.4759 24.7588 30.6757 55.9464 36.6879 39.0128 13.6015 84.4932 36.2215 44.5533 35.8469 47.676 87.4863 62.0 53.0377 51.2445 
31.2453 41.5933 44.7214 28.4253 29.5922 56.7979 33.3766 63.0317 0.0 80.1192 19.6977 80.1805 73.5118 70.7107 84.5793 12.3693 39.0512 75.7104 44.8213 56.2509 34.8855 14.5602 62.0968 42.5793 17.8045 10.2956 29.4109 70.4713 73.6659 45.9825 51.7551 68.768 51.0416 44.3219 71.4493 7.2111 39.8246 44.4072 80.5846 68.0979 9.05539 4.47214 59.0339 26.2488 10.7703 47.4342 61.8211 27.7308 29.4109 73.0588 60.8769 33.6155 75.3593 73.3977 60.4793 86.395 45.2217 2.23607 85.9865 13.8924 
49.1889 65.1153 46.8402 81.1542 51.2328 32.0624 65.146 51.3517 80.1192 0.0 98.5793 19.8494 14.8661 64.3273 4.47214 90.1826 50.2892 19.2354 37.6962 31.5753 113.808 88.0262 26.0768 48.3839 78.4854 82.3775 88.6397 12.0 12.6491 35.8469 29.0689 23.3452 78.2215 42.7825 62.5859 79.2657 103.254 63.6396 8.60233 20.0998 75.3056 84.3076 31.0 56.5627 75.3142 69.3179 22.3607 53.3905 70.7266 90.1388 38.0526 77.7946 87.5728 7.07107 19.6977 14.5602 71.7008 78.0814 8.24621 67.0653 
50.0084 59.0085 58.1378 41.2311 49.2682 76.4853 51.0882 73.7631 19.6977 98.5793 0.0 96.1492 91.0429 78.4389 103.039 15.5242 58.5235 91.7963 64.4973 71.3193 15.2643 12.6491 77.5897 55.9017 32.1403 23.0217 38.4838 89.0674 91.9316 65.6584 71.4311 84.1243 52.345 59.3903 79.6376 19.799 31.9061 62.0322 100.261 84.6166 24.0416 15.2315 78.721 45.8803 28.2843 53.0848 79.1256 47.4236 37.108 72.5328 74.6874 47.8539 76.6877 91.8578 79.0829 104.496 61.2944 21.9317 104.447 32.0156 
49.3964 77.0584 39.6989 89.4427 57.2713 46.8402 75.1665 36.6742 80.1805 19.8494 96.1492 0.0 8.06226 48.0 21.9545 91.7581 61.0 4.47214 48.0104 24.8395 110.259 84.0329 18.6011 41.7732 84.7126 85.6154 96.3172 13.3417 9.48683 46.0109 39.0512 12.0416 67.2309 40.4969 46.0109 77.0081 89.8401 76.2365 28.4253 12.083 73.0116 84.3688 46.4866 63.3482 79.1261 58.6003 18.3848 59.439 67.0425 75.4255 25.4951 87.4643 72.0625 16.1245 21.2132 11.0454 84.1487 78.1426 17.72 67.1266 
42.5815 69.029 35.8469 81.7863 49.7293 38.8973 67.2681 37.0135 73.5118 14.8661 91.0429 8.06226 0.0 49.6488 18.2483 85.0893 53.0094 5.0 40.0 20.2485 105.154 78.9267 13.8924 37.7359 77.3615 78.8128 88.7694 5.38516 2.23607 38.0 31.0161 9.05539 65.521 34.7131 47.8539 71.9019 87.7721 68.1836 23.2594 6.7082 67.9053 77.7001 38.6264 55.7853 72.3109 56.6127 12.0416 51.923 62.0607 76.0 24.1868 79.6304 73.171 9.21954 13.6015 13.4536 76.1052 71.4739 16.2788 60.4578 
54.9575 92.6235 31.6228 93.7161 68.4252 77.5967 86.6869 13.8924 70.7107 64.3273 78.4389 48.0 49.6488 0.0 67.897 82.2982 80.6125 46.1736 68.6223 37.2156 88.5268 66.1211 39.9249 32.7567 84.7489 80.4114 98.0523 52.6308 51.788 67.2086 68.9159 41.0 29.5296 42.8019 2.23607 64.2806 56.7979 93.881 72.2772 44.3847 61.6604 72.2496 79.4771 71.5285 76.8641 25.4951 44.3847 67.9019 42.0119 28.1603 27.313 95.5624 24.1868 57.7235 49.6588 59.0085 99.4609 70.0357 65.192 60.7647 
53.6489 67.9117 51.2445 84.5813 54.9074 34.5254 68.352 55.1453 84.5793 4.47214 103.039 21.9545 18.2483 67.897 0.0 93.8572 53.4883 22.1359 41.1461 35.9026 118.268 92.4863 30.2655 52.811 82.16 86.052 92.1358 16.1245 16.1245 39.3573 32.7567 27.074 82.4639 47.2426 66.0984 83.7257 107.719 66.2873 7.61577 24.0 79.7656 88.7676 33.2415 60.2373 78.9888 73.5602 26.6833 57.065 74.977 94.0479 42.0 80.9938 91.351 11.4018 24.1661 14.4222 74.3303 82.2628 6.32456 71.5254 
42.72 44.2832 57.0701 25.7099 38.9509 65.4599 36.6742 75.1665 12.3693 90.1826 15.5242 91.7581 85.0893 82.2982 93.8572 0.0 46.0652 87.2879 54.037 68.3442 28.2843 19.4165 73.6744 54.9181 17.0294 8.544 23.3238 82.0488 85.2808 55.3173 61.1138 80.3456 60.0744 52.3773 83.1505 18.0278 44.5533 47.3814 89.9433 79.6755 21.095 10.0499 67.6757 34.4093 15.2643 58.2495 73.3987 36.8782 40.4475 81.4588 73.2462 32.3883 85.0222 84.9753 72.0569 98.0537 46.0435 13.9284 97.564 26.0 
25.6845 16.2788 48.9906 31.3847 13.0 20.6155 14.8661 65.5838 39.0512 50.2892 58.5235 61.0 53.0094 80.6125 53.4883 46.0652 0.0 57.0351 13.0384 44.9444 73.3894 52.2398 47.2969 48.1826 31.241 37.5899 39.1152 48.0937 52.0865 15.0333 22.0907 52.6118 73.5014 38.2996 78.2521 42.107 74.2745 16.1555 48.3011 50.2494 39.0 43.4166 22.6716 13.0384 30.8707 67.9325 44.5533 13.3417 51.8787 95.2329 55.0364 27.5136 96.9625 47.676 40.1123 62.9682 23.5372 36.8782 58.5235 31.1448 
44.9444 73.1833 35.609 85.1587 52.9528 43.6578 71.0634 34.1321 75.7104 19.2354 91.7963 4.47214 5.0 46.1736 22.1359 87.2879 57.0351 0.0 44.1503 20.5183 105.907 79.68 14.2127 37.6431 80.2604 81.1542 91.9845 10.2956 7.07107 42.2135 35.2325 7.81025 63.9062 36.0555 44.2832 72.6553 86.3222 72.4477 27.7849 7.61577 68.6587 79.8987 43.4626 59.0339 74.6726 55.1543 13.9284 55.109 62.7347 73.1095 22.1359 83.2947 70.0071 14.1421 17.0294 13.9284 80.3248 73.6725 19.0263 62.6564 
28.7264 29.0689 38.9031 43.4626 15.2643 12.3693 27.6586 55.2268 44.8213 37.6962 64.4973 48.0104 40.0 68.6223 41.1461 54.037 13.0384 44.1503 0.0 33.6155 79.7068 56.6683 35.1141 39.1998 41.4005 46.0109 50.9902 35.0571 39.0512 2.0 9.05539 40.025 73.3569 29.5737 67.8997 46.4762 77.8454 28.4429 36.6197 37.4873 42.9492 49.293 14.5602 19.799 38.9487 64.4532 32.0156 17.2047 54.9206 87.5345 44.1022 40.2616 86.7074 34.7131 27.3026 50.01 36.2215 42.5856 45.8803 34.6711 
27.074 61.0328 15.6525 69.0 39.5325 41.9974 57.0729 23.3238 56.2509 31.5753 71.3193 24.8395 20.2485 37.2156 35.9026 68.3442 44.9444 20.5183 33.6155 0.0 85.4283 59.203 6.40312 17.4929 62.514 62.3692 75.1665 19.9249 21.4709 31.9061 33.3165 12.8062 46.7915 16.1555 36.0555 52.1783 69.0326 61.0983 38.0132 13.6015 48.1817 59.4825 43.8777 43.1045 56.2939 37.8878 9.21954 39.1152 42.2168 60.0167 10.6301 68.3837 58.2409 24.5153 13.1529 33.6006 68.3081 54.7288 35.8469 43.7127 
65.2372 72.5603 71.7386 53.0377 64.4777 91.6788 64.9384 86.0078 34.8855 113.808 15.2643 110.259 105.154 88.5268 118.268 28.2843 73.3894 105.907 79.7068 85.4283 0.0 26.2488 91.7005 69.5025 45.2769 36.6742 48.6621 103.699 106.042 80.868 86.6406 98.2344 60.407 73.5011 89.9889 34.8281 35.2278 75.6637 115.47 98.7275 39.0512 30.4138 93.9149 60.9262 42.72 63.0635 93.2364 62.6099 49.337 78.2304 88.2882 60.0083 83.0542 107.087 94.5241 118.607 74.027 37.1214 119.675 47.2017 
40.663 56.0892 45.6785 42.19 41.4392 68.6606 47.8539 61.131 14.5602 88.0262 12.6491 84.0329 78.9267 66.1211 92.4863 19.4165 52.2398 79.68 56.6683 59.203 26.2488 0.0 65.4734 43.4424 31.7648 23.0217 41.7732 77.4717 79.8154 57.8295 63.6021 72.0069 41.2311 47.274 67.2681 10.198 25.807 58.8558 92.4316 72.5004 13.9284 11.6619 70.8957 39.2046 25.2982 41.0122 67.0093 39.8121 24.5153 62.3939 62.2281 47.8539 66.0984 81.3047 68.297 92.3801 59.7746 16.2788 93.8935 22.4722 
31.7805 63.561 21.9545 73.1925 41.0122 40.7736 60.2993 26.2488 62.0968 26.0768 77.5897 18.6011 13.8924 39.9249 30.2655 73.6744 47.2969 14.2127 35.1141 6.40312 91.7005 65.4734 0.0 23.8537 67.2681 67.6757 79.6304 14.1421 15.2315 33.2415 34.5554 6.7082 52.2127 21.9545 38.4838 58.4487 74.4538 63.3246 33.1361 7.2111 54.4521 65.7529 40.8595 47.0425 61.4003 43.309 4.47214 43.0465 48.5575 64.3817 12.6491 72.0278 62.1691 19.0263 10.0 27.2029 70.8308 60.059 29.7321 49.0429 
22.5276 60.1936 2.23607 61.969 35.9953 48.2357 54.2571 21.587 42.5793 48.3839 55.9017 41.7732 37.7359 32.7567 52.811 54.9181 48.1826 37.6431 39.1998 17.4929 69.5025 43.4424 23.8537 0.0 53.4603 51.0392 66.7533 37.1618 38.9487 37.7865 39.5549 29.8329 35.0834 10.8167 32.6497 37.6431 58.8772 61.4512 54.3027 31.0644 33.9559 45.3542 50.1161 39.0987 46.0977 26.1798 26.4008 35.472 26.1348 49.261 18.7883 63.9705 48.4351 41.4367 28.8617 51.0392 67.0311 41.3038 53.2259 30.0 
35.5106 27.2947 55.3263 10.6301 27.7308 51.6236 19.9249 74.9667 17.8045 78.4854 32.1403 84.7126 77.3615 84.7489 82.16 17.0294 31.241 80.2604 41.4005 62.514 45.2769 31.7648 67.2681 53.4603 0.0 9.21954 13.3417 73.2711 76.9972 43.0116 49.4165 73.7564 67.2684 47.0425 84.9531 24.7588 57.4543 30.4138 78.0064 72.6537 25.0 20.1246 53.7587 21.9545 8.06226 63.0635 66.3323 25.4951 45.2769 89.2856 70.0071 16.1555 91.586 75.9969 63.7638 89.3884 29.1548 16.9706 86.5737 24.0416 
36.2491 36.0555 53.0848 19.2354 31.1448 57.2014 28.2843 72.0625 10.2956 82.3775 23.0217 85.6154 78.8128 80.4114 86.052 8.544 37.5899 81.1542 46.0109 62.3692 36.6742 23.0217 67.6757 51.0392 9.21954 0.0 19.2094 75.7722 79.0042 47.3814 53.3086 74.3303 61.2859 46.4023 81.0518 17.4929 48.8262 39.1152 82.1381 73.5391 18.9737 11.4018 59.4054 26.2488 7.07107 57.5847 67.2309 29.0 39.5601 83.626 68.7314 25.2982 85.6036 78.6987 65.7802 91.777 38.3275 10.4403 91.2874 21.095 
48.0937 29.4109 68.593 7.81025 39.0512 59.6406 24.8395 88.2836 29.4109 88.6397 38.4838 96.3172 88.7694 98.0523 92.1358 23.3238 39.1152 91.9845 50.9902 75.1665 48.6621 41.7732 79.6304 66.7533 13.3417 19.2094 0.0 84.5927 88.3233 52.8015 59.6154 86.0377 80.0416 60.0083 98.2937 36.6197 67.4759 32.45 87.3212 84.5455 37.5899 30.4138 61.6117 32.9848 21.1896 76.0592 78.3025 36.8782 58.1378 102.059 83.0241 13.8924 104.359 85.2375 75.1864 100.508 27.8568 29.1548 96.7729 37.3631 
39.5409 64.0 35.4683 77.539 45.6055 33.5261 62.5379 39.4588 70.4713 12.0 89.0674 13.3417 5.38516 52.6308 16.1245 82.0488 48.0937 10.2956 35.0571 19.9249 103.699 77.4717 14.1421 37.1618 73.2711 75.7722 84.5927 0.0 4.0 33.0606 26.0192 11.7047 66.3491 32.6497 50.9608 69.7538 93.1901 63.0714 19.6469 8.24621 65.7936 74.4926 33.2415 51.6304 69.2703 57.4454 10.7703 47.8178 60.4477 78.1601 26.0768 75.0607 75.6637 5.09902 10.0 16.1245 71.0282 68.4334 16.1245 57.4174 
42.7728 68.0 37.1214 81.2711 49.3356 37.3631 66.5204 39.0512 73.6659 12.6491 91.9316 9.48683 2.23607 51.788 16.1245 85.2808 52.0865 7.07107 39.0512 21.4709 106.042 79.8154 15.2315 38.9487 76.9972 79.0042 88.3233 4.0 0.0 37.054 30.0167 11.0 67.1863 35.3553 50.01 73.1153 95.6604 67.0671 21.0238 8.24621 69.1552 77.8542 37.0 55.3624 72.5022 58.2827 12.8062 51.5461 62.918 78.0064 26.0768 79.0333 75.2396 7.07107 13.4164 12.8062 75.0267 71.628 14.5602 60.612 
29.8875 31.0644 37.4897 45.31 16.4012 12.0416 29.6142 53.7587 45.9825 35.8469 65.6584 46.0109 38.0 67.2086 39.3573 55.3173 15.0333 42.2135 2.0 31.9061 80.868 57.8295 33.2415 37.7865 43.0116 47.3814 52.8015 33.0606 37.054 0.0 7.07107 38.0908 71.9436 28.1604 66.468 47.6374 79.0066 30.4138 35.0 35.5505 44.1104 50.4541 14.1421 21.2603 40.3113 63.0399 30.0832 18.4391 56.0818 86.1212 42.4382 42.2019 85.2941 32.7567 25.3659 48.0521 38.2099 43.7467 44.0114 35.8323 
35.6602 38.0132 39.2581 52.2015 22.1639 12.53 36.6742 55.3838 51.7551 29.0689 71.4311 39.0512 31.0161 68.9159 32.7567 61.1138 22.0907 35.2325 9.05539 33.3165 86.6406 63.6021 34.5554 39.5549 49.4165 53.3086 59.6154 26.0192 30.0167 7.07107 0.0 39.4006 73.712 29.9287 68.1275 53.41 92.5922 37.2156 29.0 36.8604 49.883 56.2268 13.9284 27.4939 46.2453 64.8083 31.398 24.3216 59.8498 87.8896 43.8803 49.2443 87.0625 25.7099 26.6757 41.0 45.0999 49.5194 37.1618 41.6049 
38.3275 68.884 27.8029 79.404 47.1699 41.8751 66.0681 28.0713 68.768 23.3452 84.1243 12.0416 9.05539 41.0 27.074 80.3456 52.6118 7.81025 40.025 12.8062 98.2344 72.0069 6.7082 29.8329 73.7564 74.3303 86.0377 11.7047 11.0 38.0908 39.4006 0.0 56.6127 28.6531 39.2938 64.9833 78.9046 68.4471 31.3209 3.60555 60.9867 72.2875 41.961 53.2353 68.0074 47.7598 8.06226 49.2544 55.0009 67.0075 15.1327 78.0064 64.2806 16.7631 13.0 21.4709 76.1183 66.7301 25.318 55.7141 
57.5861 82.6665 34.5864 77.5015 61.3141 82.3928 75.1665 32.2025 51.0416 78.2215 52.345 67.2309 65.521 29.5296 82.4639 60.0744 73.5014 63.9062 73.3569 46.7915 60.407 41.2311 52.2127 35.0834 67.2684 61.2859 80.0416 66.3491 67.1863 71.9436 73.712 56.6127 0.0 45.9337 31.3847 43.9947 27.313 84.5974 84.8053 58.9406 42.4554 51.046 84.2731 61.1793 59.2115 9.05539 55.91 60.0144 22.0416 22.2036 41.7852 80.9256 25.0799 71.1512 59.7836 77.8332 88.6172 50.9517 81.7435 44.5992 
12.6491 50.3107 11.3137 54.3323 26.1124 38.6096 44.3959 30.4138 44.3219 42.7825 59.3903 40.4969 34.7131 42.8019 47.2426 52.3773 38.2996 36.0555 29.5737 16.1555 73.5011 47.274 21.9545 10.8167 47.0425 46.4023 60.0083 32.6497 35.3553 28.1604 29.9287 28.6531 45.9337 0.0 42.4382 40.2492 63.1526 51.5682 48.6498 28.6007 36.2526 47.5535 40.4899 29.4109 40.4475 37.03 22.6716 25.632 30.4102 60.1113 23.0217 54.5711 59.1441 36.0555 23.0217 48.1041 57.1481 38.7619 48.6004 27.7458 
54.7121 92.3781 31.3847 93.9202 68.1798 76.8083 86.4415 12.8062 71.4493 62.5859 79.6376 46.0109 47.8539 2.23607 66.0984 83.1505 78.2521 44.2832 67.8997 36.0555 89.9889 67.2681 38.4838 32.6497 84.9531 81.0518 98.2937 50.9608 50.01 66.468 68.1275 39.2938 31.3847 42.4382 0.0 65.123 58.5918 93.6356 70.6045 42.72 62.3939 73.1095 78.6886 71.2831 77.2449 26.9258 42.9535 67.6564 43.0116 30.3645 25.9422 95.7623 26.3059 56.0446 48.3011 57.0 99.2155 70.7107 63.2851 60.9689 
30.6948 46.8402 39.8497 35.3836 31.2471 58.4685 38.6005 57.3452 7.2111 79.2657 19.799 77.0081 71.9019 64.2806 83.7257 18.0278 42.107 72.6553 46.4762 52.1783 34.8281 10.198 58.4487 37.6431 24.7588 17.4929 36.6197 69.7538 73.1153 47.6374 53.41 64.9833 43.9947 40.2492 65.123 0.0 33.6155 49.4773 82.2395 65.4756 4.24264 8.0 60.7036 29.0689 17.2047 40.5216 59.9845 29.6142 22.561 67.156 56.3028 40.2244 68.3124 72.5442 59.7693 85.8444 51.0784 7.81025 85.1329 12.53 
61.0698 80.3243 56.8275 67.9559 62.6163 89.8378 72.111 57.4891 39.8246 103.254 31.9061 89.8401 87.7721 56.7979 107.719 44.5533 74.2745 86.3222 77.8454 69.0326 35.2278 25.807 74.4538 58.8772 57.4543 48.8262 67.4759 93.1901 95.6604 79.0066 92.5922 78.9046 27.313 63.1526 58.5918 33.6155 0.0 82.8613 109.336 81.1819 35.5074 37.4433 92.0728 61.3891 50.5371 32.8024 82.8575 61.1896 36.2488 43.0465 64.3684 73.4302 48.0104 96.747 83.7086 100.242 84.6936 41.1461 109.231 43.1896 
38.9531 3.16228 62.2592 25.0599 26.9072 31.7805 11.0454 81.9064 44.4072 63.6396 62.0322 76.2365 68.1836 93.881 66.2873 47.3814 16.1555 72.4477 28.4429 61.0983 75.6637 58.8558 63.3246 61.4512 30.4138 39.1152 32.45 63.0714 67.0671 30.4138 37.2156 68.4471 84.5974 51.5682 93.6356 49.4773 82.8613 0.0 60.1664 65.9293 47.4342 48.1664 33.2415 23.6008 34.0588 79.0286 60.4152 26.1725 62.9682 106.329 71.1767 18.6011 108.059 62.0322 55.7446 77.1622 8.06226 42.5793 71.8471 41.1461 
64.4897 61.9839 52.8286 79.6492 50.9935 28.4605 63.0714 59.0339 80.5846 8.60233 100.261 28.4253 23.2594 72.2772 7.61577 89.9433 48.3011 27.7849 36.6197 38.0132 115.47 92.4316 33.1361 54.3027 78.0064 82.1381 87.3212 19.6469 21.0238 35.0 29.0 31.3209 84.8053 48.6498 70.6045 82.2395 109.336 60.1664 0.0 27.8927 78.7125 85.0563 26.9258 56.2228 75.0748 75.9016 29.0172 53.1507 76.5939 97.5141 45.5412 75.6439 95.1893 14.5602 25.6283 21.9545 68.1542 78.3489 13.9284 70.4344 
37.3363 66.4831 29.1548 77.7817 45.5412 38.5029 64.0 31.257 68.0979 20.0998 84.6166 12.083 6.7082 44.3847 24.0 79.6755 50.2494 7.61577 37.4873 13.6015 98.7275 72.5004 7.2111 31.0644 72.6537 73.5391 84.5455 8.24621 8.24621 35.5505 36.8604 3.60555 58.9406 28.6007 42.72 65.4756 81.1819 65.9293 27.8927 0.0 61.479 72.2863 38.5887 51.6236 67.0671 50.0 6.32456 47.676 55.6276 70.0643 18.0 76.1052 67.4759 13.3417 10.198 20.0 73.6817 66.0601 22.8035 55.044 
26.7346 44.9444 36.1386 35.4683 27.7201 54.9415 36.7696 54.0833 9.05539 75.3056 24.0416 73.0116 67.9053 61.6604 79.7656 21.095 39.0 68.6587 42.9492 48.1817 39.0512 13.9284 54.4521 33.9559 25.0 18.9737 37.5899 65.7936 69.1552 44.1104 49.883 60.9867 42.4554 36.2526 62.3939 4.24264 35.5074 47.4342 78.7125 61.479 0.0 11.4018 57.1766 26.0192 17.0294 38.6264 55.9879 26.1725 20.6155 64.4726 52.4976 39.6989 66.7731 68.584 55.8092 81.8843 49.6488 8.544 81.1728 8.544 
35.4337 45.2769 47.5395 30.5287 34.0639 61.2699 37.1214 65.2817 4.47214 84.3076 15.2315 84.3688 77.7001 72.2496 88.7676 10.0499 43.4166 79.8987 49.293 59.4825 30.4138 11.6619 65.7529 45.3542 20.1246 11.4018 30.4138 74.4926 77.8542 50.4541 56.2268 72.2875 51.046 47.5535 73.1095 8.0 37.4433 48.1664 85.0563 72.2863 11.4018 0.0 63.5059 30.6757 14.1421 48.2701 66.0094 32.2025 30.4138 72.4305 63.8905 36.2491 75.9938 77.5861 64.6676 90.5833 48.5077 6.7082 90.1748 17.8045 
42.9537 35.1141 49.8193 53.8238 29.5466 2.23607 36.8917 65.945 59.0339 31.0 78.721 46.4866 38.6264 79.4771 33.2415 67.6757 22.6716 43.4626 14.5602 43.8777 93.9149 70.8957 40.8595 50.1161 53.7587 59.4054 61.6117 33.2415 37.0 14.1421 13.9284 41.961 84.2731 40.4899 78.6886 60.7036 92.0728 33.2415 26.9258 38.5887 57.1766 63.5059 0.0 33.2866 52.4309 75.3695 36.4349 31.305 69.0596 98.4507 54.4414 49.2443 97.6236 30.8058 32.7603 45.1774 41.2311 56.7979 39.0512 48.8985 
16.7631 21.9317 39.9067 26.1725 6.08276 31.0644 15.2643 59.6154 26.2488 56.5627 45.8803 63.3482 55.7853 71.5285 60.2373 34.4093 13.0384 59.0339 19.799 43.1045 60.9262 39.2046 47.0425 39.0987 21.9545 26.2488 32.9848 51.6304 55.3624 21.2603 27.4939 53.2353 61.1793 29.4109 71.2831 29.0689 61.3891 23.6008 56.2228 51.6236 26.0192 30.6757 33.2866 0.0 19.2094 55.6105 45.3982 4.0 39.5567 82.9108 51.9711 25.318 84.6404 53.1049 42.2019 67.7476 28.4253 24.0416 64.651 18.4391 
29.7321 31.1448 48.0416 18.4391 24.0832 50.2195 23.0217 67.4759 10.7703 75.3142 28.2843 79.1261 72.3109 76.8641 78.9888 15.2643 30.8707 74.6726 38.9487 56.2939 42.72 25.2982 61.4003 46.0977 8.06226 7.07107 21.1896 69.2703 72.5022 40.3113 46.2453 68.0074 59.2115 40.4475 77.2449 17.2047 50.5371 34.0588 75.0748 67.0671 17.0294 14.1421 52.4309 19.2094 0.0 55.0091 60.7454 21.9317 37.2156 81.2287 63.2107 23.0217 83.5284 72.1967 59.2783 85.5882 34.4819 9.43398 83.4025 16.2788 
48.6824 77.0977 25.6827 73.0616 55.7453 73.4891 69.6123 24.7588 47.4342 69.3179 53.0848 58.6003 56.6127 25.4951 73.5602 58.2495 67.9325 55.1543 64.4532 37.8878 63.0635 41.0122 43.309 26.1798 63.0635 57.5847 76.0592 57.4454 58.2827 63.0399 64.8083 47.7598 9.05539 37.03 26.9258 40.5216 32.8024 79.0286 75.9016 50.0 38.6264 48.2701 75.3695 55.6105 55.0091 0.0 47.0064 54.4456 18.0278 27.8029 33.1059 76.0263 29.0689 62.2475 50.88 69.0797 83.0659 47.1699 72.8402 39.6611 
31.0161 60.8276 24.6982 71.5681 39.3192 36.349 58.0345 30.6757 61.8211 22.3607 79.1256 18.3848 12.0416 44.3847 26.6833 73.3987 44.5533 13.9284 32.0156 9.21954 93.2364 67.0093 4.47214 26.4008 66.3323 67.2309 78.3025 10.7703 12.8062 30.0832 31.398 8.06226 55.91 22.6716 42.9535 59.9845 82.8575 60.4152 29.0172 6.32456 55.9879 66.0094 36.4349 45.3982 60.7454 47.0064 0.0 41.4367 50.1151 68.593 17.088 70.0286 66.4906 15.2971 5.65685 25.4558 68.0661 59.7832 26.8328 48.7672 
13.0 24.8395 36.28 30.1496 2.23607 29.0689 18.7883 55.9464 27.7308 53.3905 47.4236 59.439 51.923 67.9019 57.065 36.8782 13.3417 55.109 17.2047 39.1152 62.6099 39.8121 43.0465 35.472 25.4951 29.0 36.8782 47.8178 51.5461 18.4391 24.3216 49.2544 60.0144 25.632 67.6564 29.6142 61.1896 26.1725 53.1507 47.676 26.1725 32.2025 31.305 4.0 21.9317 54.4456 41.4367 0.0 38.3918 81.7459 48.0521 29.2746 83.4755 50.5436 38.3275 63.935 31.6228 25.4951 61.4787 18.0 
38.0451 61.0328 28.3708 55.4707 39.6915 67.6121 53.4135 36.6879 29.4109 70.7266 37.108 67.0425 62.0607 42.0119 74.977 40.4475 51.8787 62.7347 54.9206 42.2168 49.337 24.5153 48.5575 26.1348 45.2769 39.5601 58.1378 60.4477 62.918 56.0818 59.8498 55.0009 22.0416 30.4102 43.0116 22.561 36.2488 62.9682 76.5939 55.6276 20.6155 30.4138 69.0596 39.5567 37.2156 18.0278 50.1151 38.3918 0.0 44.0588 41.767 58.8982 46.3249 64.0046 50.9662 75.5143 66.8431 29.1548 76.4884 22.6274 
71.7637 104.398 48.764 99.5187 83.0456 96.5704 96.9126 39.0128 73.0588 90.1388 72.5328 75.4255 76.0 28.1603 94.0479 81.4588 95.2329 73.1095 87.5345 60.0167 78.2304 62.3939 64.3817 49.261 89.2856 83.626 102.059 78.1601 78.0064 86.1212 87.8896 67.0075 22.2036 60.1113 30.3645 67.156 43.0465 106.329 97.5141 70.0643 64.4726 72.4305 98.4507 82.9108 81.2287 27.8029 68.593 81.7459 44.0588 0.0 52.0865 102.943 5.83095 83.2166 73.1642 86.4696 110.366 72.9689 92.0489 66.6033 
35.3553 70.9849 16.5529 77.3175 48.4886 52.5611 66.7721 13.6015 60.8769 38.0526 74.6874 25.4951 24.1868 27.313 42.0 73.2462 55.0364 22.1359 44.1022 10.6301 88.2882 62.2281 12.6491 18.7883 70.0071 68.7314 83.0241 26.0768 26.0768 42.4382 43.8803 15.1327 41.7852 23.0217 25.9422 56.3028 64.3684 71.1767 45.5412 18.0 52.4976 63.8905 54.4414 51.9711 63.2107 33.1059 17.088 48.0521 41.767 52.0865 0.0 77.2787 49.6488 31.1448 22.3607 36.0555 78.2494 59.439 40.4475 47.676 
41.9762 15.6205 64.7785 7.07107 31.1448 47.4131 12.6491 84.4932 33.6155 77.7946 47.8539 87.4643 79.6304 95.5624 80.9938 32.3883 27.5136 83.2947 40.2616 68.3837 60.0083 47.8539 72.0278 63.9705 16.1555 25.2982 13.8924 75.0607 79.0333 42.2019 49.2443 78.0064 80.9256 54.5711 95.7623 40.2244 73.4302 18.6011 75.6439 76.1052 39.6989 36.2491 49.2443 25.318 23.0217 76.0263 70.0286 29.2746 58.8982 102.943 77.2787 0.0 105.0 74.9533 66.2722 90.2441 14.3178 32.45 86.0233 36.4005 
70.9377 106.128 47.9381 101.789 84.7752 95.7433 98.6422 36.2215 75.3593 87.5728 76.6877 72.0625 73.171 24.1868 91.351 85.0222 96.9625 70.0071 86.7074 58.2409 83.0542 66.0984 62.1691 48.4351 91.586 85.6036 104.359 75.6637 75.2396 85.2941 87.0625 64.2806 25.0799 59.1441 26.3059 68.3124 48.0104 108.059 95.1893 67.4759 66.7731 75.9938 97.6236 84.6404 83.5284 29.0689 66.4906 83.4755 46.3249 5.83095 49.6488 105.0 0.0 80.7527 71.3092 83.0963 112.096 75.2695 89.0225 68.6003 
42.4673 63.1981 39.8497 77.843 48.3313 31.4006 62.3699 44.5533 73.3977 7.07107 91.8578 16.1245 9.21954 57.7235 11.4018 84.9753 47.676 14.1421 34.7131 24.5153 107.087 81.3047 19.0263 41.4367 75.9969 78.6987 85.2375 5.09902 7.07107 32.7567 25.7099 16.7631 71.1512 36.0555 56.0446 72.5442 96.747 62.0322 14.5602 13.3417 68.584 77.5861 30.8058 53.1049 72.1967 62.2475 15.2971 50.5436 64.0046 83.2166 31.1448 74.9533 80.7527 0.0 13.0384 15.2971 70.0643 71.3599 12.7279 60.3438 
29.5489 56.3205 27.4591 68.2495 36.1386 32.6744 54.037 35.8469 60.4793 19.6977 79.0829 21.2132 13.6015 49.6588 24.1661 72.0569 40.1123 17.0294 27.3026 13.1529 94.5241 68.297 10.0 28.8617 63.7638 65.7802 75.1864 10.0 13.4164 25.3659 26.6757 13.0 59.7836 23.0217 48.3011 59.7693 83.7086 55.7446 25.6283 10.198 55.8092 64.6676 32.7603 42.2019 59.2783 50.88 5.65685 38.3275 50.9662 73.1642 22.3607 66.2722 71.3092 13.0384 0.0 26.0768 63.5059 58.4414 25.6125 47.4254 
55.5457 78.4092 49.0918 93.114 61.7227 46.0435 77.666 47.676 86.395 14.5602 104.496 11.0454 13.4536 59.0085 14.4222 98.0537 62.9682 13.9284 50.01 33.6006 118.607 92.3801 27.2029 51.0392 89.3884 91.777 100.508 16.1245 12.8062 48.0521 41.0 21.4709 77.8332 48.1041 57.0 85.8444 100.242 77.1622 21.9545 20.0 81.8843 90.5833 45.1774 67.7476 85.5882 69.0797 25.4558 63.935 75.5143 86.4696 36.0555 90.2441 83.0963 15.2971 26.0768 0.0 85.2115 84.4382 8.48528 73.341 
44.533 7.28011 67.8391 21.3776 32.7567 39.8121 13.4536 87.4863 45.2217 71.7008 61.2944 84.1487 76.1052 99.4609 74.3303 46.0435 23.5372 80.3248 36.2215 68.3081 74.027 59.7746 70.8308 67.0311 29.1548 38.3275 27.8568 71.0282 75.0267 38.2099 45.0999 76.1183 88.6172 57.1481 99.2155 51.0784 84.6936 8.06226 68.1542 73.6817 49.6488 48.5077 41.2311 28.4253 34.4819 83.0659 68.0661 31.6228 66.8431 110.366 78.2494 14.3178 112.096 70.0643 63.5059 85.2115 0.0 43.6578 79.9062 44.4072 
29.2062 39.8121 43.4166 27.5862 27.3565 54.5619 31.5753 62.0 2.23607 78.0814 21.9317 78.1426 71.4739 70.0357 82.2628 13.9284 36.8782 73.6725 42.5856 54.7288 37.1214 16.2788 60.059 41.3038 16.9706 10.4403 29.1548 68.4334 71.628 43.7467 49.5194 66.7301 50.9517 38.7619 70.7107 7.81025 41.1461 42.5793 78.3489 66.0601 8.544 6.7082 56.7979 24.0416 9.43398 47.1699 59.7832 25.4951 29.1548 72.9689 59.439 32.45 75.2695 71.3599 58.4414 84.4382 43.6578 0.0 83.9486 12.083 
55.0561 73.3485 51.4782 89.3197 59.3211 40.1995 73.3757 53.0377 85.9865 8.24621 104.447 17.72 16.2788 65.192 6.32456 97.564 58.5235 19.0263 45.8803 35.8469 119.675 93.8935 29.7321 53.2259 86.5737 91.2874 96.7729 16.1245 14.5602 44.0114 37.1618 25.318 81.7435 48.6004 63.2851 85.1329 109.231 71.8471 13.9284 22.8035 81.1728 90.1748 39.0512 64.651 83.4025 72.8402 26.8328 61.4787 76.4884 92.0489 40.4475 86.0233 89.0225 12.7279 25.6125 8.48528 79.9062 83.9486 0.0 72.9325 
18.1914 38.9487 32.0156 33.541 19.442 46.6634 31.0644 51.2445 13.8924 67.0653 32.0156 67.1266 60.4578 60.7647 71.5254 26.0 31.1448 62.6564 34.6711 43.7127 47.2017 22.4722 49.0429 30.0 24.0416 21.095 37.3631 57.4174 60.612 35.8323 41.6049 55.7141 44.5992 27.7458 60.9689 12.53 43.1896 41.1461 70.4344 55.044 8.544 17.8045 48.8985 18.4391 16.2788 39.6611 48.7672 18.0 22.6274 66.6033 47.676 36.4005 68.6003 60.3438 47.4254 73.341 44.4072 12.083 72.9325 0.0 
DEMAND_SCENARIO_SECTION
0 0 0 0 0 0 0 0 0 0 0 0 0 0 0 0 0 0 0 0 0 0 0 0 0 0 0 0 0 0 0 0 0 0 0 0 0 0 0 0 0 0 0 0 0 0 0 0 0 0 0 0 0 0 0 0 0 0 0 0 0 0 0 0 0 0 0 0 0 0 0 0 0 0 0 0 0 0 0 0 0 0 0 0 0 0 0 0 0 0 0 0 0 0 0 0 0 0 0 0 0 0 0 0 0 0 0 0 0 0 0 0 0 0 0 0 0 0 0 0 0 0 0 0 0 0 0 0 0 0 0 0 0 0 0 0 0 0 0 0 0 0 0 0 0 0 0 0 0 0 0 0 0 0 0 0 0 0 0 0 0 0 0 0 0 0 0 0 0 0 0 0 0 0 0 0 0 0 0 0 0 0 0 0 0 0 0 0 0 0 0 0 0 0 0 0 0 0 0 0 
1 1 1 1 1 1 1 1 0 1 1 1 2 2 1 1 2 1 1 1 1 1 1 1 1 2 1 1 1 2 1 1 1 1 1 0 1 1 0 1 1 1 1 1 1 1 1 1 1 1 1 1 1 1 1 1 1 2 1 1 1 1 1 1 2 1 1 1 2 1 1 1 2 1 1 1 1 1 0 1 1 2 1 1 1 1 1 1 1 1 1 1 1 1 1 1 1 1 1 1 1 1 1 2 2 1 1 1 1 1 1 2 1 1 1 1 1 1 1 1 1 1 1 1 1 1 1 1 1 1 2 1 1 1 1 1 1 1 1 1 0 1 1 1 1 1 1 1 1 1 1 1 1 1 1 1 1 1 1 1 1 2 1 1 1 1 1 1 0 1 1 1 1 1 1 1 1 1 1 1 2 1 1 1 1 1 1 1 1 1 1 1 1 2 1 2 1 1 1 1 
3 9 12 6 7 6 6 10 8 7 4 6 6 13 5 11 8 5 5 8 8 7 11 10 6 9 8 6 10 7 11 8 10 1 9 5 9 13 12 8 1 10 9 7 7 11 10 6 7 10 9 8 5 10 7 4 9 8 7 11 8 7 10 9 5 10 13 5 9 9 6 6 9 7 5 9 12 6 5 6 10 6 9 9 6 5 13 12 11 5 5 10 7 4 7 6 10 6 8 8 9 9 6 9 4 5 7 5 8 9 5 3 6 9 9 13 10 4 8 4 5 6 8 9 4 8 5 6 14 6 11 10 9 9 8 13 11 10 10 6 12 4 10 7 6 9 6 12 10 12 12 9 13 11 9 12 9 8 4 9 7 5 9 2 8 11 7 11 7 7 7 5 9 7 15 13 9 11 6 7 2 8 5 10 10 8 8 6 11 15 5 2 7 7 8 9 15 5 2 10 
9 4 7 4 6 8 5 8 8 7 9 7 9 8 4 9 7 4 6 4 3 6 8 8 7 1 4 6 5 4 4 3 5 8 5 7 4 6 8 5 5 5 5 6 7 7 8 6 6 8 7 3 7 4 4 4 6 6 6 6 5 8 5 7 3 9 5 8 9 7 2 8 7 2 7 5 5 9 7 6 6 10 7 6 7 5 6 5 4 3 7 7 3 4 5 7 2 4 4 7 8 8 8 4 8 7 7 6 10 6 3 8 6 6 7 6 4 8 4 3 7 9 8 6 7 5 7 4 6 7 4 5 6 7 5 8 8 5 6 7 5 4 3 5 6 5 4 4 6 12 2 9 7 6 7 5 7 4 8 7 5 8 2 6 9 5 6 6 9 10 10 6 7 7 6 8 3 4 4 3 5 4 6 7 8 6 8 5 2 9 6 4 10 5 6 8 6 9 6 4 
9 1 6 6 7 3 8 8 12 12 5 10 10 5 7 6 5 9 9 13 8 10 9 10 9 7 9 6 5 10 8 8 10 12 4 11 7 8 9 8 7 9 7 11 9 3 5 9 11 4 11 8 8 10 8 8 9 9 6 8 7 13 8 6 9 12 6 10 8 6 4 9 4 3 9 8 9 8 14 9 5 9 6 7 9 11 6 8 8 7 7 6 9 4 1 11 9 12 8 6 6 8 8 5 9 4 5 8 6 12 3 11 8 9 13 7 10 8 5 9 4 9 10 11 14 7 4 10 9 10 8 8 8 8 8 7 12 9 10 10 7 9 11 8 13 8 12 8 8 12 5 5 6 7 9 14 9 3 9 10 7 4 6 6 7 8 5 7 8 5 7 2 8 5 9 7 7 10 9 7 8 10 5 3 13 6 9 14 9 10 7 6 16 11 5 8 9 5 6 13 
8 6 7 9 6 7 8 10 3 8 9 8 10 11 0 6 6 6 10 5 4 8 8 9 4 8 6 5 11 6 8 7 6 9 11 8 4 6 9 7 6 5 6 8 2 6 6 6 11 4 12 7 9 9 8 7 3 8 8 7 8 2 5 5 6 10 7 6 4 10 7 7 8 6 13 5 10 6 5 5 6 6 10 4 6 4 10 10 7 8 9 7 5 9 7 8 6 10 10 7 7 6 8 6 8 10 6 5 11 10 9 8 11 9 8 4 8 8 9 8 10 4 3 8 5 7 9 8 5 12 6 5 11 7 3 9 6 9 7 5 6 4 9 5 4 12 6 12 5 7 7 8 8 9 8 9 8 10 8 9 9 5 3 9 5 3 5 8 7 6 6 10 7 6 8 3 7 7 11 6 10 6 3 6 4 6 10 6 7 7 6 10 6 5 5 5 9 5 8 5 
2 2 2 2 2 4 2 3 2 2 2 2 2 2 2 3 3 1 2 2 3 1 3 1 2 1 1 1 2 2 1 2 2 1 2 4 2 2 2 2 2 2 2 2 2 2 1 2 2 2 2 3 2 2 2 3 1 3 3 1 2 2 2 3 3 2 2 2 1 2 3 1 3 1 2 1 2 2 1 2 3 3 2 1 2 2 1 2 2 1 1 1 2 2 2 2 2 2 2 1 1 2 1 2 1 2 3 2 3 3 2 2 2 2 2 1 1 2 2 3 2 3 3 3 2 1 2 2 2 1 3 1 1 2 2 2 2 2 2 2 2 2 2 1 2 3 2 2 1 3 3 2 2 1 3 2 3 1 2 1 3 3 1 3 1 2 2 3 2 2 2 2 3 2 3 1 3 3 3 2 0 2 2 1 3 3 1 3 2 0 2 3 1 3 1 2 3 1 2 1 
8 10 14 4 6 5 7 10 9 7 5 11 10 12 9 9 4 5 13 10 8 9 10 9 4 3 7 6 7 4 13 10 6 8 5 7 13 10 6 5 9 6 6 9 3 5 15 6 9 7 6 9 12 6 6 6 7 8 13 13 5 10 9 6 9 9 7 6 7 10 5 13 10 8 8 11 6 8 8 10 9 4 10 8 11 10 7 13 14 7 5 7 6 10 12 7 9 6 6 2 7 6 4 10 12 12 6 11 6 7 8 14 5 7 10 5 10 5 2 5 8 8 4 9 11 9 9 7 9 9 2 6 4 12 14 7 8 6 5 7 9 7 7 6 11 10 10 7 7 1 7 5 7 12 7 9 3 10 8 10 8 8 7 5 10 5 7 5 11 10 8 8 8 5 7 6 7 5 8 5 6 8 10 7 12 12 0 8 7 6 7 9 4 11 4 4 8 5 9 7 
1 1 1 1 1 1 1 1 1 1 1 1 1 1 1 2 1 1 1 1 1 1 1 2 1 1 2 1 1 1 1 1 1 1 1 1 1 1 1 0 1 1 1 1 1 1 1 1 1 1 1 1 1 1 1 1 1 1 0 2 1 1 1 1 1 1 1 1 1 1 1 1 1 1 1 0 1 0 1 1 1 1 1 1 1 1 1 1 1 1 0 1 1 1 1 1 1 1 1 1 1 1 1 1 1 2 1 1 1 1 1 1 1 1 1 1 1 1 1 1 1 1 1 1 1 1 1 1 2 1 1 1 1 1 1 1 1 1 1 1 2 1 1 1 1 1 1 1 1 1 1 1 2 1 1 1 1 1 1 1 1 1 1 1 1 1 1 1 1 1 1 1 1 1 1 1 1 1 0 1 2 1 1 1 1 1 1 1 1 1 1 1 1 1 1 1 1 1 1 1 
5 6 6 6 9 6 4 6 8 9 3 7 6 8 9 5 7 4 3 3 2 10 8 7 4 6 6 4 3 2 9 7 8 7 3 9 7 8 9 5 9 6 6 9 6 6 6 6 4 4 9 7 5 7 8 6 7 2 6 9 7 3 2 4 2 4 7 3 5 5 5 7 6 9 5 6 5 4 7 7 7 8 5 6 2 5 6 7 6 7 7 6 9 7 4 4 4 4 8 4 5 7 7 6 6 5 4 9 5 9 8 4 5 8 7 6 5 3 7 9 4 3 8 10 10 8 7 7 6 5 7 7 6 9 9 5 2 7 3 4 7 4 7 9 8 6 1 9 4 8 6 6 5 5 6 3 8 4 7 9 6 7 7 3 6 5 7 4 3 7 7 3 8 10 3 6 3 4 7 4 4 5 5 6 3 9 1 3 11 6 6 4 6 8 6 3 7 5 1 9 
9 9 6 8 9 10 11 10 10 10 13 12 11 10 10 12 13 8 11 14 10 10 5 10 10 4 12 14 3 19 5 7 11 6 9 15 8 14 15 9 4 8 4 7 15 5 13 8 20 10 9 12 13 17 7 7 10 15 2 11 9 7 13 4 13 10 12 13 11 11 16 14 11 10 11 10 5 14 9 9 12 9 11 15 9 9 12 10 7 7 9 14 9 16 15 11 8 11 8 11 13 17 10 10 9 5 3 16 12 8 12 2 5 12 4 14 10 10 8 9 12 14 7 11 9 14 14 16 11 13 9 4 10 14 15 9 10 10 6 11 13 11 18 11 13 9 10 12 6 6 11 6 5 12 7 11 10 4 7 17 12 5 12 12 12 7 15 13 10 10 6 10 10 17 10 7 13 10 13 10 9 6 6 20 10 11 9 13 10 14 12 10 12 13 12 9 9 12 4 14 
3 4 3 4 4 3 5 5 5 4 5 4 5 4 6 6 3 6 3 3 3 7 7 4 4 4 1 3 6 4 4 4 3 5 4 3 6 6 3 3 6 5 2 4 3 4 2 6 3 4 3 4 5 4 5 5 4 3 5 3 5 3 4 6 4 4 3 3 2 3 3 5 4 5 3 5 3 4 3 4 5 3 4 4 5 4 3 6 3 1 3 5 3 6 6 3 6 0 3 5 3 0 4 4 4 6 3 4 3 4 5 5 1 5 3 5 5 3 2 5 4 5 4 2 5 4 6 4 6 3 3 4 3 7 4 4 3 4 2 4 3 5 5 6 3 7 5 5 6 3 3 4 3 2 4 6 3 4 3 4 4 3 5 7 5 5 3 1 4 5 8 1 3 3 4 4 5 3 2 5 4 6 4 6 5 7 5 4 1 2 4 0 3 5 5 3 5 5 5 3 
1 1 1 1 1 1 1 0 1 1 0 1 1 1 1 1 1 1 2 1 1 1 1 1 1 1 1 1 1 1 1 1 1 1 1 1 1 1 1 1 1 1 0 1 1 1 1 1 1 1 0 1 1 1 1 1 1 1 1 1 1 2 1 1 1 1 1 1 1 1 1 1 0 1 1 1 1 1 1 1 0 1 1 2 1 1 1 1 1 1 1 2 1 0 1 0 1 1 1 0 1 1 1 1 1 1 1 1 1 1 1 1 2 1 1 1 1 0 1 1 1 1 2 1 1 1 1 1 1 1 1 1 1 2 1 1 1 1 1 1 1 1 1 1 1 1 2 1 1 1 1 1 1 1 1 1 1 1 1 1 2 1 1 2 0 1 1 1 1 1 1 1 1 1 2 1 1 1 0 1 1 1 1 1 2 1 1 1 2 1 1 1 1 1 1 1 1 1 1 0 
3 3 2 3 3 1 3 2 4 4 5 4 4 1 4 4 1 2 4 4 5 4 3 3 3 5 3 3 3 3 5 2 4 3 2 3 2 1 2 6 3 6 4 4 3 3 4 2 4 5 5 4 3 3 2 3 3 5 4 4 1 3 5 4 4 4 1 4 3 2 2 4 3 4 4 3 5 4 2 3 2 3 4 2 2 3 2 5 5 1 3 2 3 3 3 4 4 3 3 2 2 4 4 3 2 3 4 3 4 4 2 3 3 2 4 3 1 4 2 3 3 2 4 2 5 2 3 3 4 4 4 3 3 3 1 3 4 4 5 2 2 2 4 2 3 2 4 1 3 3 3 3 0 4 3 2 1 5 3 3 3 2 4 3 3 3 1 3 3 4 4 3 3 4 2 4 3 2 4 2 3 3 2 3 2 2 3 4 4 5 3 3 4 5 4 3 5 3 1 3 
7 5 6 4 2 6 6 6 2 7 6 5 6 5 2 4 6 4 7 6 6 8 5 4 5 5 6 2 4 6 5 4 2 3 4 4 5 4 6 6 4 7 4 5 5 4 6 3 6 4 6 6 5 9 4 6 3 7 6 5 3 3 6 6 3 6 5 6 2 4 4 7 0 3 8 4 4 6 4 5 5 4 5 7 5 6 8 8 4 2 4 5 3 3 2 4 5 6 4 6 6 7 6 6 6 5 5 8 2 6 6 2 6 8 8 8 6 5 6 5 3 3 6 4 3 6 4 4 5 5 5 8 3 8 7 6 7 4 3 7 4 2 3 7 8 5 3 4 6 7 2 7 6 6 1 4 3 4 4 6 4 6 4 3 4 5 7 4 6 5 5 7 2 4 8 6 3 7 5 6 5 6 5 6 4 7 6 4 7 5 3 4 7 5 6 3 5 4 5 6 
12 5 10 7 7 7 8 6 7 10 12 3 9 7 11 7 5 9 7 8 8 7 0 7 9 4 9 8 11 8 2 8 8 13 7 9 8 9 9 8 10 8 11 7 9 11 8 8 11 9 6 6 12 9 9 6 7 9 15 5 4 12 6 13 10 10 8 10 12 8 8 11 8 6 10 9 12 10 12 11 7 11 10 7 12 10 9 8 6 13 6 6 13 5 9 2 6 3 9 5 6 13 2 10 9 6 10 8 5 11 9 10 7 7 8 8 7 10 7 8 9 12 7 3 8 6 9 9 4 10 11 10 12 3 11 3 8 13 2 12 10 5 11 6 6 11 9 10 12 11 12 9 8 11 6 8 4 10 10 8 3 4 5 9 12 9 7 7 12 9 5 9 10 11 6 5 5 9 6 9 12 7 11 3 6 6 10 5 8 9 14 8 5 4 7 11 12 3 7 10 
6 4 5 3 6 4 7 7 6 9 5 7 7 5 5 4 4 10 5 4 3 9 4 9 7 5 5 5 9 4 8 5 4 10 6 4 4 4 7 6 11 7 7 6 3 7 4 5 8 11 2 8 2 2 6 6 5 9 5 4 4 6 5 8 7 4 4 3 9 2 7 7 6 5 5 5 6 7 4 5 7 5 7 5 3 5 5 10 9 3 7 2 6 6 9 11 7 0 2 8 5 8 6 6 6 2 5 5 7 0 8 5 6 5 8 3 6 8 6 11 12 8 9 7 2 5 4 5 4 5 6 8 9 5 6 7 4 7 6 3 5 5 3 8 4 7 8 10 8 8 6 9 5 8 4 3 6 5 7 4 6 9 7 5 6 7 4 7 6 6 9 10 7 6 9 9 6 4 3 7 3 6 2 7 6 2 5 5 5 3 4 6 8 4 4 8 2 7 6 5 
9 7 14 17 15 9 4 10 17 7 7 12 12 12 8 11 14 4 14 12 7 7 10 11 3 6 11 8 6 11 9 6 13 10 6 6 8 15 5 6 8 11 6 15 14 3 10 12 8 10 10 1 10 13 8 5 10 12 9 10 10 9 13 13 4 7 14 6 4 6 5 8 7 10 15 10 12 12 10 12 1 17 7 9 12 10 7 11 17 16 9 8 10 9 12 8 5 14 17 9 8 9 17 17 11 11 10 9 9 11 10 6 14 15 10 10 12 9 7 13 11 12 11 7 4 10 12 8 2 15 8 11 8 11 15 7 14 11 5 14 15 8 15 11 9 12 11 12 8 4 13 6 12 8 7 13 9 9 10 10 13 10 10 5 15 6 14 12 6 12 11 10 5 11 6 16 9 11 13 10 10 10 9 14 13 14 8 13 11 14 7 10 6 6 15 10 10 5 6 14 
7 5 8 6 9 5 5 5 3 6 7 2 3 6 5 4 7 4 5 4 3 4 4 8 4 5 4 5 4 2 4 8 6 9 1 5 6 9 6 5 5 4 4 3 10 5 5 3 4 5 4 2 6 4 5 4 6 6 4 7 7 2 3 6 4 4 5 5 5 5 3 3 4 3 6 8 5 3 5 5 5 5 6 5 7 7 4 0 6 5 4 6 4 5 6 3 6 2 7 3 9 9 5 6 5 4 4 7 6 7 8 6 5 3 5 4 2 3 7 6 7 5 4 4 5 7 4 1 6 3 6 6 4 7 4 4 4 5 6 3 7 3 6 8 4 5 4 7 5 7 5 4 4 6 4 3 3 3 4 2 8 4 4 6 3 7 6 9 3 6 5 4 6 4 2 5 7 3 3 6 8 5 6 6 5 4 6 5 7 6 5 2 7 4 4 6 3 6 4 6 
3 2 2 4 4 3 4 3 4 2 1 3 4 1 1 3 2 2 1 4 3 2 3 3 3 4 3 3 3 4 4 4 3 2 3 4 5 2 4 3 3 5 3 2 3 3 4 1 4 2 4 2 1 4 1 3 2 3 2 4 3 2 4 2 5 2 3 4 3 3 4 5 5 2 5 1 2 4 4 2 1 2 4 3 4 1 3 4 3 3 2 3 3 2 4 3 4 3 4 2 2 3 2 2 4 2 3 1 4 3 4 3 3 1 4 3 4 2 1 2 3 4 2 3 4 4 3 4 3 1 3 3 3 3 4 4 3 2 3 3 2 3 4 4 1 3 2 2 5 2 4 6 2 4 3 3 3 1 3 3 2 3 2 2 4 3 4 5 3 3 5 4 5 2 4 2 4 0 5 2 5 2 3 3 5 2 3 3 3 5 4 4 3 2 3 1 2 4 4 2 
12 5 5 8 13 8 7 9 11 9 4 8 5 9 3 4 8 14 8 10 11 9 4 13 13 11 7 6 9 9 12 7 7 7 11 11 8 12 8 9 11 6 2 5 4 6 15 6 6 7 2 9 3 7 4 6 6 11 6 5 6 8 6 5 3 9 9 7 5 7 5 8 10 8 8 8 6 6 12 10 5 9 9 10 6 5 11 8 9 7 6 6 10 8 8 14 7 9 8 7 5 9 11 7 12 8 7 8 11 7 10 7 11 10 10 6 8 6 8 8 11 8 8 10 6 5 8 7 4 7 7 8 5 5 12 10 13 10 16 7 12 6 6 9 5 8 7 5 14 5 10 8 11 3 14 7 8 11 8 11 10 9 11 6 7 10 8 12 12 7 9 7 7 8 10 11 7 8 6 4 10 11 8 8 14 3 12 7 6 8 10 10 1 10 7 7 13 10 8 9 
2 3 1 3 1 2 3 2 2 2 1 2 3 3 2 3 3 1 2 2 1 3 2 2 3 1 1 3 2 2 1 2 1 3 2 2 4 2 1 3 2 2 1 3 2 2 2 3 1 2 2 3 2 1 1 2 2 2 3 1 2 2 1 1 2 2 3 2 3 2 3 3 1 3 2 2 2 2 2 1 1 1 3 1 2 2 2 1 2 2 1 2 2 2 2 2 1 3 2 1 3 2 1 2 4 1 2 2 1 2 2 1 3 2 2 2 3 4 2 1 2 2 3 0 2 2 2 1 2 2 2 2 0 2 3 1 3 2 3 2 2 1 2 2 2 3 2 3 2 3 2 2 2 2 2 3 1 2 4 2 2 2 3 2 2 3 2 1 3 1 2 2 2 2 2 3 3 2 2 1 2 2 0 2 2 2 1 3 2 2 2 2 1 2 1 1 3 2 2 1 
2 1 2 1 1 1 3 2 3 3 3 2 2 1 3 2 2 2 2 3 1 2 2 2 2 4 2 1 3 2 2 1 1 2 2 2 4 3 2 1 2 2 2 1 2 2 1 2 2 1 1 2 2 1 2 2 2 2 3 3 2 2 2 2 3 2 3 2 3 2 2 3 3 2 3 2 1 1 1 1 2 2 4 3 2 4 2 2 1 2 2 1 1 2 2 1 2 2 2 2 2 2 0 2 3 2 2 2 3 3 2 1 3 2 2 1 2 3 2 1 2 2 2 0 1 2 2 2 2 4 1 3 3 1 3 2 2 1 2 1 3 2 2 3 2 2 2 2 2 3 1 2 3 1 3 2 3 1 3 2 2 2 1 3 1 3 2 2 3 2 3 2 2 2 2 2 1 2 2 3 1 3 1 2 2 3 2 2 2 2 2 3 3 3 1 2 1 2 2 1 
