NAME  : Jabali_60_4_0.82_1_4
TYPE : SVRP
MODEL : FINITE_SUPPORT
NUMBER_OF_SCENARIOS : 200
DIMENSION : 60
EDGE_WEIGHT_TYPE : MATRIX
CAPACITY : 97
N_VEHICLES : 4
NODE_COORD_SECTION
1 4193 3420
2 2006 442
3 4317 2374
4 1444 513
5 6305 18
6 2096 6500
7 2400 5092
8 7371 6285
9 4432 3099
10 6459 3394
11 5163 3393
12 1540 7262
13 3110 204
14 2697 4169
15 5697 3486
16 2556 653
17 3879 2762
18 6346 4582
19 5825 5711
20 6102 3764
21 7143 1524
22 4213 3758
23 5516 3097
24 3145 3709
25 4409 6644
26 1144 4506
27 4547 2169
28 7214 2735
29 2762 2261
30 6950 2560
31 2582 5395
32 6941 4446
33 3942 2550
34 2737 3064
35 5805 6569
36 4841 6158
37 27 3084
38 3841 7370
39 1823 1968
40 899 1609
41 1805 2651
42 2592 3659
43 3594 6207
44 7240 3410
45 1344 6226
46 6066 6443
47 6089 549
48 4629 5926
49 7195 6015
50 3918 1236
51 565 3385
52 1792 739
53 2426 1826
54 6705 3582
55 3176 7545
56 2734 7137
57 4284 5086
58 2528 4565
59 7141 414
60 831 3272
DEMAND_SECTION
1 0.0
2 7.0
3 6.0
4 1.0
5 2.0
6 5.0
7 6.0
8 1.0
9 8.0
10 6.0
11 6.0
12 5.0
13 7.0
14 5.0
15 10.0
16 8.0
17 7.0
18 9.0
19 1.0
20 1.0
21 6.0
22 3.0
23 4.0
24 1.0
25 3.0
26 7.0
27 4.0
28 6.0
29 10.0
30 8.0
31 2.0
32 9.0
33 4.0
34 1.0
35 10.0
36 10.0
37 7.0
38 8.0
39 5.0
40 7.0
41 2.0
42 6.0
43 4.0
44 6.0
45 10.0
46 8.0
47 6.0
48 7.0
49 5.0
50 7.0
51 2.0
52 2.0
53 4.0
54 5.0
55 2.0
56 6.0
57 3.0
58 2.0
59 10.0
60 9.0
DEVIATION_SECTION
1 0.0
2 2.33333
3 2.0
4 0.333333
5 0.666667
6 1.66667
7 2.0
8 0.333333
9 2.66667
10 2.0
11 2.0
12 1.66667
13 2.33333
14 1.66667
15 3.33333
16 2.66667
17 2.33333
18 3.0
19 0.333333
20 0.333333
21 2.0
22 1.0
23 1.33333
24 0.333333
25 1.0
26 2.33333
27 1.33333
28 2.0
29 3.33333
30 2.66667
31 0.666667
32 3.0
33 1.33333
34 0.333333
35 3.33333
36 3.33333
37 2.33333
38 2.66667
39 1.66667
40 2.33333
41 0.666667
42 2.0
43 1.33333
44 2.0
45 3.33333
46 2.66667
47 2.0
48 2.33333
49 1.66667
50 2.33333
51 0.666667
52 0.666667
53 1.33333
54 1.66667
55 0.666667
56 2.0
57 1.0
58 0.666667
59 3.33333
60 3.0
DISTANCE_MATRIX
0.0 50.2494 14.3178 54.2033 54.037 54.7716 35.0515 58.7697 5.0 30.0671 13.6917 67.7908 46.3249 22.5236 20.0362 44.2832 10.4403 35.6203 38.1919 26.4242 48.0952 4.12311 17.2818 14.5634 44.1022 42.4074 17.088 42.0121 25.4558 40.9549 38.3 40.4605 12.1655 20.2485 47.7598 38.1182 55.7467 54.3936 37.8021 51.0392 34.0147 21.2403 39.9886 40.0156 57.1725 47.9358 46.8615 35.0143 55.3925 30.0167 48.3045 49.4065 32.5576 32.6289 61.6905 57.8353 22.2036 27.9004 56.2718 45.4269 
50.2494 0.0 41.0122 7.0 60.0083 81.302 62.0081 106.907 48.6004 73.965 58.3795 91.4112 15.1327 51.4782 64.3817 7.61577 40.2244 80.3081 88.2463 70.7248 70.8378 53.2353 60.1082 46.5725 89.9889 55.3173 41.8688 74.1839 26.2488 70.6362 66.0303 84.8646 39.2046 36.6742 97.5728 86.1231 44.6878 97.0632 20.3961 21.2603 29.4279 44.2832 81.0955 83.9135 77.666 97.9502 56.4358 82.5701 103.304 28.178 43.909 4.24264 19.4165 76.9376 97.1288 91.0 70.9843 56.2228 70.4557 41.5933 
14.3178 41.0122 0.0 46.2277 41.7732 64.4838 43.9072 66.3702 10.0 32.9528 17.8885 76.6466 34.0147 31.3794 23.4307 34.0588 7.2111 39.6611 50.2946 29.7321 38.6732 18.4391 19.105 23.3452 58.3095 48.9102 3.60555 40.1652 21.3776 36.6174 47.1557 43.8634 5.38516 23.0868 60.5382 52.0 58.2151 68.7047 34.2053 47.4342 34.0 28.3019 53.8161 42.9013 66.0282 60.4908 34.8281 49.0408 62.7694 16.4924 51.788 41.2311 26.9258 35.9254 72.3322 68.477 36.4966 36.7561 46.0652 48.6621 
54.2033 7.0 46.2277 0.0 67.0075 81.0 62.514 111.694 53.0754 79.0828 63.1663 90.4489 22.0907 52.8867 69.3542 14.3178 44.5982 85.0949 91.8559 75.743 77.4919 56.8702 65.2993 48.8467 92.0272 54.231 47.4342 80.5266 29.1548 76.9789 66.6108 89.8721 43.8406 38.6264 101.199 88.6397 40.4969 98.27 20.2237 16.6433 29.0689 45.607 82.6293 89.0312 76.531 101.576 63.3877 85.0882 108.09 34.5398 40.8534 5.0 21.9545 82.0554 97.7394 91.2688 73.5044 57.2713 77.4145 38.8973 
54.037 60.0083 41.7732 67.0075 0.0 106.55 85.6804 85.0529 49.0408 46.3897 49.6488 119.569 45.0999 73.1526 49.2875 53.0377 48.9183 61.6604 77.8781 51.1957 23.0868 57.8014 44.6238 65.1153 94.0138 89.8812 38.2099 37.1214 57.2713 35.0 90.0785 60.0083 46.8615 63.5138 88.8426 86.0419 94.921 106.216 66.7608 77.1038 70.7743 69.814 91.9912 46.1736 107.801 87.2983 7.2111 84.2182 82.0061 37.0 89.9611 63.0317 58.8218 48.0937 110.703 108.594 74.0027 78.5293 12.2066 86.8159 
54.7716 81.302 64.4838 81.0 106.55 0.0 20.6155 70.1783 58.2642 71.1169 68.159 12.7279 85.8662 33.1059 65.069 79.2465 57.3756 61.0328 50.1597 64.7434 97.746 56.4794 71.7491 41.1821 30.5941 27.4591 68.0561 84.3731 57.9741 83.3159 17.4929 68.9638 59.5083 47.1275 49.4975 36.0 51.8941 25.807 61.0853 67.6018 52.0437 38.8973 20.025 79.0765 10.2956 52.345 99.444 34.1321 68.0294 75.1532 45.5412 78.1125 62.9682 72.1474 20.0 12.2066 34.0639 27.7308 109.474 45.607 
35.0515 62.0081 43.9072 62.514 85.6804 20.6155 0.0 68.0862 38.5442 63.8917 48.4389 32.7567 65.5134 12.53 54.7834 59.3043 36.799 55.2872 46.5669 58.8074 81.5775 36.7593 52.0291 20.6056 33.3017 27.7182 47.4795 76.7594 37.6563 75.7022 4.12311 63.3394 38.9317 26.6833 49.163 34.4023 43.4065 36.4005 42.2966 50.9215 33.541 18.4391 21.6333 73.1405 22.292 51.437 78.7171 31.3548 65.4083 54.5619 35.3528 59.1354 43.1045 66.2113 35.2278 29.0172 27.3842 7.2111 89.7541 33.2756 
58.7697 106.907 66.3702 111.694 85.0529 70.1783 68.0862 0.0 59.3246 40.025 48.5489 79.1012 100.24 73.1118 43.382 100.202 67.4222 26.8328 21.9317 37.6962 63.1269 55.5913 48.3322 71.2978 40.0125 88.1659 66.6483 48.0 83.4424 50.0899 64.647 25.318 67.8661 77.5752 21.095 34.3657 108.802 50.01 95.4785 108.621 93.8636 73.6397 50.3587 39.0128 79.6304 18.0278 79.3095 36.8782 3.60555 82.2982 100.92 106.74 90.6259 37.4833 59.0339 63.1981 45.1774 75.0705 78.3135 98.3718 
5.0 48.6004 10.0 53.0754 49.0408 58.2642 38.5442 59.3246 0.0 27.1721 10.7967 71.2835 43.3244 26.0128 17.1412 42.19 8.48528 32.7253 41.1055 23.5292 43.2337 8.94427 14.3178 18.0278 48.3735 45.6931 12.3693 39.1171 25.2389 38.0599 41.7926 37.5656 9.43398 22.2036 50.725 42.0 58.2151 58.941 38.0789 51.4782 35.4401 24.5153 44.536 37.1206 60.6651 50.8494 41.8688 39.0512 55.7209 26.3059 51.0098 48.1664 32.0156 30.1448 63.248 61.328 26.6833 31.393 51.4004 48.0416 
30.0671 73.965 32.9528 79.0828 46.3897 71.1169 63.8917 40.025 27.1721 0.0 17.4845 82.9704 65.991 52.2865 10.2059 66.9597 35.2375 15.2971 31.9531 6.40312 27.2947 32.5095 13.893 44.3263 50.6063 72.1703 32.4835 12.7279 52.2239 12.53 61.7416 14.8661 35.4936 49.2905 42.72 42.2019 85.2293 63.2535 65.1421 78.5537 62.6088 50.9972 52.7996 10.0 78.3509 41.0 40.05 41.1096 36.6742 47.9635 77.9265 74.0975 58.78 3.60555 70.0071 69.773 38.1725 56.7405 42.1545 74.9955 
13.6917 58.3795 17.8885 63.1663 49.6488 68.159 48.4389 48.5489 10.7967 17.4845 0.0 81.1782 51.8941 35.9111 7.28011 51.6738 18.8943 22.0227 32.5576 13.4164 42.8024 16.134 6.7082 27.9508 52.0116 55.7948 18.6815 29.4295 35.8568 28.3723 51.6874 27.2029 19.3382 32.9151 43.2897 37.1878 68.8538 63.3449 48.7666 62.1783 46.2334 34.6218 49.2935 27.433 70.5599 42.7551 42.4853 42.3271 44.9444 34.176 61.551 58.2123 42.4853 20.3961 68.0055 65.9518 31.305 41.2878 50.9095 58.6201 
67.7908 91.4112 76.6466 90.4489 119.569 12.7279 32.7567 79.1012 71.2835 82.9704 81.1782 0.0 97.3607 45.2769 76.9225 90.0442 69.5383 72.6154 60.4152 76.5969 109.599 69.4987 84.7684 53.3449 39.1152 36.2215 80.2188 96.2266 69.4882 95.1694 30.0 80.4114 71.671 58.7612 58.0345 45.8912 57.4891 30.5941 71.0211 76.0 61.9839 50.5919 30.6757 90.93 14.0 61.0737 112.463 44.643 77.3175 87.2353 52.345 87.9659 73.9144 84.0008 22.1359 16.0312 46.3586 39.9625 122.493 53.0848 
46.3249 15.1327 34.0147 22.0907 45.0999 85.8662 65.5134 100.24 43.3244 65.991 51.8941 97.3607 0.0 53.6004 56.9386 9.43398 35.9026 73.4302 84.3436 62.9682 57.6975 50.01 52.1536 47.0956 89.3588 62.1691 33.6155 62.5302 27.8927 58.9825 69.2315 76.9376 34.2053 38.833 93.9628 84.1724 56.8507 98.0051 29.0689 34.8855 36.8917 47.0744 82.0244 70.0298 84.0155 94.0875 41.9762 80.8989 96.6488 18.0278 54.4885 18.6815 23.7065 68.9636 99.5257 94.2019 69.7736 58.8558 55.9017 51.7397 
22.5236 51.4782 31.3794 52.8867 73.1526 33.1059 12.53 73.1118 26.0128 52.2865 35.9111 45.2769 53.6004 0.0 42.2556 48.0 24.2711 56.8111 51.2004 48.6436 68.7754 24.2315 39.5012 8.07769 46.8514 23.9284 34.9516 64.2315 26.0192 63.1743 15.8114 64.8633 26.4038 15.0 57.1029 43.9183 39.8121 45.5948 32.8938 43.566 25.0599 7.28011 29.9486 61.0531 34.6836 58.2866 66.1892 40.319 70.038 42.0476 31.7805 49.0306 32.1403 54.8483 46.0435 40.6079 28.9081 5.38516 76.8738 29.5296 
20.0362 64.3817 23.4307 69.3542 49.2875 65.069 54.7834 43.382 17.1412 10.2059 7.28011 76.9225 56.9386 42.2556 0.0 57.4891 25.2389 16.5529 30.0167 6.40312 35.5237 22.4786 5.09902 34.2954 45.1845 62.1393 23.3238 22.1509 42.2014 21.0937 58.0319 20.5183 25.6125 39.2596 41.0488 37.1618 75.1983 57.5679 55.1111 68.5228 52.5779 40.9663 46.7517 20.1543 76.9044 40.0125 42.1335 35.3889 39.8121 38.9487 67.8955 64.3817 48.8262 13.1529 63.988 63.7251 32.1246 47.6323 49.774 64.9646 
44.2832 7.61577 34.0588 14.3178 53.0377 79.2465 59.3043 100.202 42.19 66.9597 51.6738 90.0442 9.43398 48.0 57.4891 0.0 34.0 73.6003 82.4516 63.7809 63.2456 47.5395 53.0754 42.2966 85.5102 54.4243 34.6554 66.5835 22.0227 63.0357 63.1981 77.8974 32.7567 33.0 91.9239 81.314 47.5079 93.2631 20.2485 25.4951 28.6356 41.0488 77.2334 74.083 76.5376 92.1954 49.163 77.7611 96.5981 20.5913 45.4533 10.0 16.2788 69.9323 94.0213 88.278 66.1753 53.0377 63.1981 42.8019 
10.4403 40.2244 7.2111 44.5982 48.9183 57.3756 36.799 67.4222 8.48528 35.2375 18.8943 69.5383 35.9026 24.2711 25.2389 34.0 0.0 40.823 48.5982 31.6269 45.597 14.1421 21.9317 16.2788 54.0 41.7805 10.8167 47.1825 17.0 46.1253 40.0474 45.6632 2.23607 16.2788 58.1893 48.3735 52.0096 63.6396 29.9666 43.382 28.2843 21.095 48.0521 45.186 58.92 58.3421 42.0119 45.1774 63.8186 20.0998 45.2769 39.6989 23.6008 38.2101 66.4831 62.4286 32.0 29.6478 53.2353 42.19 
35.6203 80.3081 39.6611 85.0949 61.6604 61.0328 55.2872 26.8328 32.7253 15.2971 22.0227 72.6154 73.4302 56.8111 16.5529 73.6003 40.823 0.0 17.0 11.1803 42.1545 36.8701 21.5407 52.5766 37.5366 75.3669 39.8246 26.8328 57.7855 27.5136 51.8479 8.06226 41.2668 58.854 27.5136 29.0689 92.5011 50.2494 70.6952 84.1069 75.1425 57.339 42.0476 19.8494 68.4486 25.7099 55.2268 28.8444 23.2594 55.4707 84.619 80.1409 64.4139 14.3178 57.8014 58.6686 28.2788 58.7698 57.2451 82.0711 
38.1919 88.2463 50.2946 91.8559 77.8781 50.1597 46.5669 21.9317 41.1055 31.9531 32.5576 60.4152 84.3436 51.2004 30.0167 82.4516 48.5982 17.0 0.0 26.6833 59.0931 35.0135 35.0 46.9659 22.3607 66.6467 51.1957 43.8292 62.8394 44.3847 43.1277 22.6274 50.1573 57.2476 11.0454 14.5602 86.8904 34.6699 74.8754 88.1288 69.5318 51.7283 30.1496 36.6197 59.0085 10.198 71.1969 16.0312 18.9737 66.6103 79.0083 87.1416 70.0228 31.305 42.9418 45.2217 23.3238 50.0495 74.0945 76.4604 
26.4242 70.7248 29.7321 75.743 51.1957 64.7434 58.8074 37.6962 23.5292 6.40312 13.4164 76.5969 62.9682 48.6436 6.40312 63.7809 31.6269 11.1803 26.6833 0.0 33.2866 28.8666 10.8167 40.6834 44.4072 68.5273 29.4109 19.105 48.5894 18.6011 55.3681 14.1421 32.0156 45.6476 37.6563 36.0555 81.5863 57.0088 61.4991 74.9108 58.9659 47.3543 46.426 15.5242 71.9774 36.2215 44.5533 34.8281 34.176 44.9444 74.2835 70.7672 55.2178 8.24621 63.6553 63.3994 31.799 54.0203 47.8539 71.3526 
48.0952 70.8378 38.6732 77.4919 23.0868 97.746 81.5775 63.1269 43.2337 27.2947 42.8024 109.599 57.6975 68.7754 35.5237 63.2456 45.597 42.1545 59.0931 33.2866 0.0 51.5532 39.2109 60.7036 77.666 87.3358 35.3051 15.5242 59.0339 14.7648 84.8259 38.833 44.0263 61.7463 69.6419 69.3397 96.6729 90.2109 71.0634 83.4865 72.2496 66.4499 79.4286 24.1868 103.698 67.6757 19.4165 68.0074 60.2993 43.1741 90.4126 72.8011 63.1269 27.8568 96.665 96.402 64.8016 74.4263 15.2971 87.2758 
4.12311 53.2353 18.4391 56.8702 57.8014 56.4794 36.7593 55.5913 8.94427 32.5095 16.134 69.4987 50.01 24.2315 22.4786 47.5395 14.1421 36.8701 35.0135 28.8666 51.5532 0.0 19.7242 16.2713 40.05 44.1152 21.1896 44.4545 27.8537 43.3973 40.0078 42.9029 16.0312 21.9864 44.3847 34.2345 57.4546 50.2837 39.8897 53.0326 35.7976 22.9482 35.8787 42.4579 58.8803 44.7214 50.6063 31.0644 52.214 34.0 50.0124 52.1559 35.0371 35.0713 54.5907 59.5432 18.1108 29.6082 59.7299 47.1347 
17.2818 60.1082 19.105 65.2993 44.6238 71.7491 52.0291 48.3322 14.3178 13.893 6.7082 84.7684 52.1536 39.5012 5.09902 53.0754 21.9317 21.5407 35.0 10.8167 39.2109 19.7242 0.0 31.541 49.4115 59.3849 18.6011 25.838 38.9102 24.7808 55.2775 24.8395 21.9545 36.4966 46.0109 41.4396 72.4439 61.7949 51.8941 65.307 49.7293 38.2119 52.8836 23.8415 74.15 45.0444 37.4698 39.6159 44.7772 34.1321 65.1412 60.3075 45.2769 16.8656 68.215 69.5419 34.8951 44.8779 45.8845 62.2102 
14.5634 46.5725 23.3452 48.8467 65.1153 41.1821 20.6056 71.2978 18.0278 44.3263 27.9508 53.3449 47.0956 8.07769 34.2954 42.2966 16.2788 52.5766 46.9659 40.6834 60.7036 16.2713 31.541 0.0 43.4166 28.0278 26.9072 56.2713 20.3961 55.2141 23.854 60.6289 18.4391 10.2956 52.9915 39.8121 42.45 51.0392 29.6816 41.7732 23.3452 7.07107 35.0143 54.2748 42.7265 54.4042 58.1378 36.2491 67.9206 34.5398 34.7131 44.5982 27.2029 46.8881 52.4784 48.5166 24.6736 13.4544 68.7968 32.0156 
44.1022 89.9889 58.3095 92.0272 94.0138 30.5941 33.3017 40.0125 48.3735 50.6063 52.0116 39.1152 89.3588 46.8514 45.1845 85.5102 54.0 37.5366 22.3607 44.4072 77.666 40.05 49.4115 43.4166 0.0 50.7035 60.6712 63.2535 63.7887 63.0079 29.6985 44.4072 56.0089 53.4509 19.0263 8.48528 76.3355 12.7279 72.3459 83.5018 65.1827 47.3792 12.2066 57.28 40.5216 22.0 86.8598 9.84886 38.2099 74.027 68.1081 87.9318 70.6045 50.9902 20.5913 23.3452 22.0 36.7845 91.9758 66.0309 
42.4074 55.3173 48.9102 54.231 89.8812 27.4591 27.7182 88.1659 45.6931 72.1703 55.7948 36.2215 62.1691 23.9284 62.1393 54.4243 41.7805 75.3669 66.6467 68.5273 87.3358 44.1152 59.3849 28.0278 50.7035 0.0 52.4853 84.1153 35.2278 83.0581 26.0323 83.4191 43.541 26.4012 69.2427 54.482 26.2488 49.8904 34.9285 40.1995 25.9615 21.1803 38.5589 80.9369 22.3607 71.5167 83.2462 51.4345 85.488 55.2769 18.868 51.788 38.4838 74.7321 46.2385 38.8973 47.4639 24.8661 94.9706 18.3848 
17.088 41.8688 3.60555 47.4342 38.2099 68.0561 47.4795 66.6483 12.3693 32.4835 18.6815 80.2188 33.6155 34.9516 23.3238 34.6554 10.8167 39.8246 51.1957 29.4109 35.3051 21.1896 18.6011 26.9072 60.6712 52.4853 0.0 36.7971 24.0832 33.2494 50.728 43.4166 8.94427 26.5707 61.8362 54.0833 61.4003 71.31 36.6742 49.7293 37.054 31.9061 56.905 42.432 69.6005 61.3922 31.241 51.2445 63.0635 15.6525 55.109 42.4382 29.1204 35.4561 75.5951 71.74 39.0512 40.3284 42.4853 51.9711 
42.0121 74.1839 40.1652 80.5266 37.1214 84.3731 76.7594 48.0 39.1171 12.7279 29.4295 96.2266 62.5302 64.2315 22.1509 66.5835 47.1825 26.8328 43.8292 19.105 15.5242 44.4545 25.838 56.2713 63.2535 84.1153 36.7971 0.0 60.5308 3.60555 74.9978 23.3452 47.4386 61.2355 54.231 54.8179 97.1743 75.9276 72.6719 85.2948 74.5538 62.9422 65.5244 9.05539 91.6071 52.2015 31.7805 53.8145 45.0444 46.0134 89.8715 75.6726 64.8015 12.53 82.7345 82.4978 50.8973 69.6082 30.8058 86.9405 
25.4558 26.2488 21.3776 29.1548 57.2713 57.9741 37.6563 83.4424 25.2389 52.2239 35.8568 69.4882 27.8927 26.0192 42.2014 22.0227 17.0 57.7855 62.8394 48.5894 59.0339 27.8537 38.9102 20.3961 63.7887 35.2278 24.0832 60.5308 0.0 56.9831 41.4367 62.6257 17.088 11.0454 72.1825 59.8773 38.0789 71.2531 13.0 26.4008 13.6015 19.2354 55.2268 62.1723 56.8616 72.5598 51.264 56.3244 80.0652 20.8087 32.6956 24.5967 7.2111 55.1965 72.0625 66.4831 44.7386 31.1448 64.2884 29.5466 
40.9549 70.6362 36.6174 76.9789 35.0 83.3159 75.7022 50.0899 38.0599 12.53 28.3723 95.1694 58.9825 63.1743 21.0937 63.0357 46.1253 27.5136 44.3847 18.6011 14.7648 43.3973 24.7808 55.2141 63.0079 83.0581 33.2494 3.60555 56.9831 0.0 73.9406 25.02 41.9706 60.1783 55.0273 54.6443 96.1171 75.6042 69.1242 81.7471 70.2059 61.885 64.9986 11.7047 90.5499 53.1601 29.2746 53.4135 47.0106 42.4657 88.8143 72.1249 61.2537 13.3417 82.1518 81.972 50.3715 68.551 29.7321 85.8833 
38.3 66.0303 47.1557 66.6108 90.0785 17.4929 4.12311 64.647 41.7926 61.7416 51.6874 30.0 69.2315 15.8114 58.0319 63.1981 40.0474 51.8479 43.1277 55.3681 84.8259 40.0078 55.2775 23.854 29.6985 26.0323 50.728 74.9978 41.4367 73.9406 0.0 59.9002 42.1802 30.4138 45.7237 30.963 51.6643 32.311 46.3897 55.0273 37.6563 22.2036 17.8045 69.7012 20.5913 47.9978 82.9723 27.9155 61.969 57.825 39.4292 63.1981 47.0425 62.7721 31.1448 25.0799 23.9449 10.4403 93.0026 37.352 
40.4605 84.8646 43.8634 89.8721 60.0083 68.9638 63.3394 25.318 37.5656 14.8661 27.2029 80.4114 76.9376 64.8633 20.5183 77.8974 45.6632 8.06226 22.6274 14.1421 38.833 42.9029 24.8395 60.6289 44.4072 83.4191 43.4166 23.3452 62.6257 25.02 59.9002 0.0 46.0977 59.6839 31.9061 36.0555 100.553 57.0088 75.5355 88.9472 73.0022 65.3912 49.7695 14.8661 76.4853 29.5296 54.0833 36.2353 22.0907 58.9102 92.6712 84.8999 69.2542 12.1655 64.8999 66.1891 36.3311 66.822 54.1295 90.1233 
12.1655 39.2046 5.38516 43.8406 46.8615 59.5083 38.9317 67.8661 9.43398 35.4936 19.3382 71.671 34.2053 26.4038 25.6125 32.7567 2.23607 41.2668 50.1573 32.0156 44.0263 16.0312 21.9545 18.4391 56.0089 43.541 8.94427 47.4386 17.088 41.9706 42.1802 46.0977 0.0 17.72 59.7746 50.2494 53.0848 65.7697 30.0832 43.4626 29.0689 23.0217 50.2195 45.4421 60.8656 59.9012 40.0 47.0956 64.2624 18.0278 46.5296 38.8973 23.3238 38.4663 68.6804 64.6517 34.0147 31.7806 51.4296 43.4166 
20.2485 36.6742 23.0868 38.6264 63.5138 47.1275 26.6833 77.5752 22.2036 49.2905 32.9151 58.7612 38.833 15.0 39.2596 33.0 16.2788 58.854 57.2476 45.6476 61.7463 21.9864 36.4966 10.2956 53.4509 26.4012 26.5707 61.2355 11.0454 60.1783 30.4138 59.6839 17.72 0.0 63.2732 50.0899 36.0555 60.4348 19.4165 31.8277 13.8924 8.24621 44.4219 59.239 48.0625 64.6858 56.9386 46.5188 74.198 29.2062 29.0689 34.4819 17.2627 52.2631 61.0328 55.4437 34.9552 20.0998 68.942 26.0192 
47.7598 97.5728 60.5382 101.199 88.8426 49.4975 49.163 21.095 50.725 42.72 43.2897 58.0345 93.9628 57.1029 41.0488 91.9239 58.1893 27.5136 11.0454 37.6563 69.6419 44.3847 46.0109 52.9915 19.0263 69.2427 61.8362 54.231 72.1825 55.0273 45.7237 31.9061 59.7746 63.2732 0.0 14.7648 92.2184 29.1204 82.5715 94.1543 75.5574 57.7539 30.0832 46.5296 59.2284 3.16228 82.201 18.0278 19.6469 76.9944 84.1647 96.4847 79.3659 41.7852 38.0789 42.107 29.8329 52.6456 84.7585 82.0876 
38.1182 86.1231 52.0 88.6397 86.0419 36.0 34.4023 34.3657 42.0 42.2019 37.1878 45.8912 84.1724 43.9183 37.1618 81.314 48.3735 29.0689 14.5602 36.0555 69.3397 34.2345 41.4396 39.8121 8.48528 54.482 54.0833 54.8179 59.8773 54.6443 30.963 36.0555 50.2494 50.0899 14.7648 0.0 77.4577 21.2132 69.3542 80.8466 62.2497 44.4462 16.0312 48.7955 45.2769 17.088 78.8879 3.60555 32.0624 68.1175 69.404 84.332 66.8819 42.5206 28.8444 30.6757 17.088 37.8849 83.7297 67.3268 
55.7467 44.6878 58.2151 40.4969 94.921 51.8941 43.4065 108.802 58.2151 85.2293 68.8538 57.4891 56.8507 39.8121 75.1983 47.5079 52.0096 92.5011 86.8904 81.5863 96.6729 57.4546 72.4439 42.45 76.3355 26.2488 61.4003 97.1743 38.0789 96.1171 51.6643 100.553 53.0848 36.0555 92.2184 77.4577 0.0 75.5225 28.6531 23.8537 24.5153 35.4401 64.1909 95.1777 43.9659 94.4924 89.1852 74.4102 105.728 57.9396 8.06226 40.4599 36.2491 87.7911 71.5891 63.9531 64.5981 40.8083 102.357 10.4403 
54.3936 97.0632 68.7047 98.27 106.216 25.807 36.4005 50.01 58.941 63.2535 63.3449 30.5941 98.0051 45.5948 57.5679 93.2631 63.6396 50.2494 34.6699 57.0088 90.2109 50.2837 61.7949 51.0392 12.7279 49.8904 71.31 75.9276 71.2531 75.6042 32.311 57.0088 65.7697 60.4348 29.1204 21.2132 75.5225 0.0 78.1025 87.3155 69.6419 52.7898 16.0312 70.0071 36.0555 32.28 98.8352 22.2036 48.7647 83.7257 68.5795 94.5458 77.6974 63.7024 9.05539 14.8661 32.28 41.0 104.473 68.2707 
37.8021 20.3961 34.2053 20.2237 66.7608 61.0853 42.2966 95.4785 38.0789 65.1421 48.7666 71.0211 29.0689 32.8938 55.1111 20.2485 29.9666 70.6952 74.8754 61.4991 71.0634 39.8897 51.8941 29.6816 72.3459 34.9285 36.6742 72.6719 13.0 69.1242 46.3897 75.5355 30.0832 19.4165 82.5715 69.3542 28.6531 78.1025 0.0 13.4164 9.05539 25.632 62.4796 75.0905 57.2713 83.9842 61.3922 65.7647 92.1012 29.8329 25.4558 17.0294 8.06226 68.1147 77.5242 71.1126 54.2536 37.108 74.9667 22.6716 
51.0392 21.2603 47.4342 16.6433 77.1038 67.6018 50.9215 108.621 51.4782 78.5537 62.1783 76.0 34.8855 43.566 68.5228 25.4951 43.382 84.1069 88.1288 74.9108 83.4865 53.0326 65.307 41.7732 83.5018 40.1995 49.7293 85.2948 26.4008 81.7471 55.0273 88.9472 43.4626 31.8277 94.1543 80.8466 23.8537 87.3155 13.4164 0.0 18.6011 36.6197 72.0902 88.5022 62.0 95.567 72.3395 77.2474 105.244 41.0122 24.7386 17.0294 20.6155 81.5264 85.6989 78.7262 65.8364 46.9574 86.209 23.1948 
34.0147 29.4279 34.0 29.0689 70.7743 52.0437 33.541 93.8636 35.4401 62.6088 46.2334 61.9839 36.8917 25.0599 52.5779 28.6356 28.2843 75.1425 69.5318 58.9659 72.2496 35.7976 49.7293 23.3452 65.1827 25.9615 37.054 74.5538 13.6015 70.2059 37.6563 73.0022 29.0689 13.8924 75.5574 62.2497 24.5153 69.6419 9.05539 18.6011 0.0 18.0278 54.1207 72.5573 48.2701 76.9701 64.846 58.6504 90.4864 34.0 19.2354 26.0768 13.4536 65.5814 68.7314 62.2013 47.2395 28.7924 77.8845 16.1245 
21.2403 44.2832 28.3019 45.607 69.814 38.8973 18.4391 73.6397 24.5153 50.9972 34.6218 50.5919 47.0744 7.28011 40.9663 41.0488 21.095 57.339 51.7283 47.3543 66.4499 22.9482 38.2119 7.07107 47.3792 21.1803 31.9061 62.9422 19.2354 61.885 22.2036 65.3912 23.0217 8.24621 57.7539 44.4462 35.4401 52.7898 25.632 36.6197 18.0278 0.0 37.1435 60.9457 39.8931 59.1666 63.0079 40.8469 70.5658 36.8917 27.6586 41.7732 25.02 53.559 53.0 47.2652 29.4359 12.0 74.3034 25.0 
39.9886 81.0955 53.8161 82.6293 91.9912 20.025 21.6333 50.3587 44.536 52.7996 49.2935 30.6757 82.0244 29.9486 46.7517 77.2334 48.0521 42.0476 30.1496 46.426 79.4286 35.8787 52.8836 35.0143 12.2066 38.5589 56.905 65.5244 55.2268 64.9986 17.8045 49.7695 50.2195 44.4219 30.0832 16.0312 64.1909 16.0312 62.4796 72.0902 54.1207 37.1435 0.0 60.7454 29.2746 32.7567 84.7838 14.1421 48.0937 68.0661 57.248 78.8996 61.6845 53.83 18.7883 17.0294 18.0278 25.373 93.4252 54.7601 
40.0156 83.9135 42.9013 89.0312 46.1736 79.0765 73.1405 39.0128 37.1206 10.0 27.433 90.93 70.0298 61.0531 20.1543 74.083 45.186 19.8494 36.6197 15.5242 24.1868 42.4579 23.8415 54.2748 57.28 80.9369 42.432 9.05539 62.1723 11.7047 69.7012 14.8661 45.4421 59.239 46.5296 48.7955 95.1777 70.0071 75.0905 88.5022 72.5573 60.9457 60.7454 0.0 86.3105 44.2832 40.7922 48.2701 36.1248 53.5129 87.8749 84.0459 68.7285 7.28011 77.3369 77.666 46.1321 66.4298 39.4588 84.944 
57.1725 77.666 66.0282 76.531 107.801 10.2956 22.292 79.6304 60.6651 78.3509 70.5599 14.0 84.0155 34.6836 76.9044 76.5376 58.92 68.4486 59.0085 71.9774 103.698 58.8803 74.15 42.7265 40.5216 22.3607 69.6005 91.6071 56.8616 90.5499 20.5913 76.4853 60.8656 48.0625 59.2284 45.2769 43.9659 36.0555 57.2713 62.0 48.2701 39.8931 29.2746 86.3105 0.0 61.9839 100.838 43.0465 77.3175 76.5464 38.4708 74.1485 60.4151 79.3814 29.6985 21.9317 40.8377 29.4664 111.875 39.1152 
47.9358 97.9502 60.4908 101.576 87.2983 52.345 51.437 18.0278 50.8494 41.0 42.7551 61.0737 94.0875 58.2866 40.0125 92.1954 58.3421 25.7099 10.198 36.2215 67.6757 44.7214 45.0444 54.4042 22.0 71.5167 61.3922 52.2015 72.5598 53.1601 47.9978 29.5296 59.9012 64.6858 3.16228 17.088 94.4924 32.28 83.9842 95.567 76.9701 59.1666 32.7567 44.2832 61.9839 0.0 80.7527 20.1246 16.4924 76.8065 86.4387 96.8621 79.7433 39.8497 41.2311 45.1774 31.1127 54.9196 82.8613 84.3616 
46.8615 56.4358 34.8281 63.3877 7.2111 99.444 78.7171 79.3095 41.8688 40.05 42.4853 112.463 41.9762 66.1892 42.1335 49.163 42.0119 55.2268 71.1969 44.5533 19.4165 50.6063 37.4698 58.1378 86.8598 83.2462 31.241 31.7805 51.264 29.2746 82.9723 54.0833 40.0 56.9386 82.201 78.8879 89.1852 98.8352 61.3922 72.3395 64.846 63.0079 84.7838 40.7922 100.838 80.7527 0.0 77.0643 76.1643 31.5753 83.9345 59.1354 53.3667 42.0119 103.496 101.397 66.7953 71.566 14.0357 80.7775 
35.0143 82.5701 49.0408 85.0882 84.2182 34.1321 31.3548 36.8782 39.0512 41.1096 42.3271 44.643 80.8989 40.319 35.3889 77.7611 45.1774 28.8444 16.0312 34.8281 68.0074 31.0644 39.6159 36.2491 9.84886 51.4345 51.2445 53.8145 56.3244 53.4135 27.9155 36.2353 47.0956 46.5188 18.0278 3.60555 74.4102 22.2036 65.7647 77.2474 58.6504 40.8469 14.1421 48.2701 43.0465 20.1246 77.0643 0.0 34.3657 65.0308 66.3565 80.7775 63.3246 41.7253 29.0689 29.9666 13.6015 34.8374 82.2705 64.2794 
55.3925 103.304 62.7694 108.09 82.0061 68.0294 65.4083 3.60555 55.7209 36.6742 44.9444 77.3175 96.6488 70.038 39.8121 96.5981 63.8186 23.2594 18.9737 34.176 60.2993 52.214 44.7772 67.9206 38.2099 85.488 63.0635 45.0444 80.0652 47.0106 61.969 22.0907 64.2624 74.198 19.6469 32.0624 105.728 48.7647 92.1012 105.244 90.4864 70.5658 48.0937 36.1248 77.3175 16.4924 76.1643 34.3657 0.0 78.7147 97.8458 103.136 87.2486 34.2345 57.7235 61.5224 42.0476 71.9967 75.5381 95.298 
30.0167 28.178 16.4924 34.5398 37.0 75.1532 54.5619 82.2982 26.3059 47.9635 34.176 87.2353 18.0278 42.0476 38.9487 20.5913 20.0998 55.4707 66.6103 44.9444 43.1741 34.0 34.1321 34.5398 74.027 55.2769 15.6525 46.0134 20.8087 42.4657 57.825 58.9102 18.0278 29.2062 76.9944 68.1175 57.9396 83.7257 29.8329 41.0122 34.0 36.8917 68.0661 53.5129 76.5464 76.8065 31.5753 65.0308 78.7147 0.0 53.2353 29.7321 21.8403 50.9362 86.3481 82.0981 52.0384 47.4236 45.2769 50.1199 
48.3045 43.909 51.788 40.8534 89.9611 45.5412 35.3528 100.92 51.0098 77.9265 61.551 52.345 54.4885 31.7805 67.8955 45.4533 45.2769 84.619 79.0083 74.2835 90.4126 50.0124 65.1412 34.7131 68.1081 18.868 55.109 89.8715 32.6956 88.8143 39.4292 92.6712 46.5296 29.0689 84.1647 69.404 8.06226 68.5795 25.4558 24.7386 19.2354 27.6586 57.248 87.8749 38.4708 86.4387 83.9345 66.3565 97.8458 53.2353 0.0 39.8246 32.2025 80.4883 64.8845 57.3847 56.716 32.7546 96.7678 3.16228 
49.4065 4.24264 41.2311 5.0 63.0317 78.1125 59.1354 106.74 48.1664 74.0975 58.2123 87.9659 18.6815 49.0306 64.3817 10.0 39.6989 80.1409 87.1416 70.7672 72.8011 52.1559 60.3075 44.5982 87.9318 51.788 42.4382 75.6726 24.5967 72.1249 63.1981 84.8999 38.8973 34.4819 96.4847 84.332 40.4599 94.5458 17.0294 17.0294 26.0768 41.7732 78.8996 84.0459 74.1485 96.8621 59.1354 80.7775 103.136 29.7321 39.8246 0.0 17.4642 77.0701 94.3398 88.0511 69.1933 53.6004 73.171 37.5766 
32.5576 19.4165 26.9258 21.9545 58.8218 62.9682 43.1045 90.6259 32.0156 58.78 42.4853 73.9144 23.7065 32.1403 48.8262 16.2788 23.6008 64.4139 70.0228 55.2178 63.1269 35.0371 45.2769 27.2029 70.6045 38.4838 29.1204 64.8015 7.2111 61.2537 47.0425 69.2542 23.3238 17.2627 79.3659 66.8819 36.2491 77.6974 8.06226 20.6155 13.4536 25.02 61.6845 68.7285 60.4151 79.7433 53.3667 63.3246 87.2486 21.8403 32.2025 17.4642 0.0 61.7526 78.0064 72.111 51.7431 37.0135 66.9104 29.2062 
32.6289 76.9376 35.9254 82.0554 48.0937 72.1474 66.2113 37.4833 30.1448 3.60555 20.3961 84.0008 68.9636 54.8483 13.1529 69.9323 38.2101 14.3178 31.305 8.24621 27.8568 35.0713 16.8656 46.8881 50.9902 74.7321 35.4561 12.53 55.1965 13.3417 62.7721 12.1655 38.4663 52.2631 41.7852 42.5206 87.7911 63.7024 68.1147 81.5264 65.5814 53.559 53.83 7.28011 79.3814 39.8497 42.0119 41.7253 34.2345 50.9362 80.4883 77.0701 61.7526 0.0 70.7672 70.8025 39.2029 60.2251 43.0116 77.5573 
61.6905 97.1288 72.3322 97.7394 110.703 20.0 35.2278 59.0339 63.248 70.0071 68.0055 22.1359 99.5257 46.0435 63.988 94.0213 66.4831 57.8014 42.9418 63.6553 96.665 54.5907 68.215 52.4784 20.5913 46.2385 75.5951 82.7345 72.0625 82.1518 31.1448 64.8999 68.6804 61.0328 38.0789 28.8444 71.5891 9.05539 77.5242 85.6989 68.7314 53.0 18.7883 77.3369 29.6985 41.2311 103.496 29.0689 57.7235 86.3481 64.8845 94.3398 78.0064 70.7672 0.0 7.81025 36.7151 41.0 110.915 64.622 
57.8353 91.0 68.477 91.2688 108.594 12.2066 29.0172 63.1981 61.328 69.773 65.9518 16.0312 94.2019 40.6079 63.7251 88.278 62.4286 58.6686 45.2217 63.3994 96.402 59.5432 69.5419 48.5166 23.3452 38.8973 71.74 82.4978 66.4831 81.972 25.0799 66.1891 64.6517 55.4437 42.107 30.6757 63.9531 14.8661 71.1126 78.7262 62.2013 47.2652 17.0294 77.666 21.9317 45.1774 101.397 29.9666 61.5224 82.0981 57.3847 88.0511 72.111 70.8025 7.81025 0.0 34.7131 35.3553 110.084 57.2451 
22.2036 70.9843 36.4966 73.5044 74.0027 34.0639 27.3842 45.1774 26.6833 38.1725 31.305 46.3586 69.7736 28.9081 32.1246 66.1753 32.0 28.2788 23.3238 31.799 64.8016 18.1108 34.8951 24.6736 22.0 47.4639 39.0512 50.8973 44.7386 50.3715 23.9449 36.3311 34.0147 34.9552 29.8329 17.088 64.5981 32.28 54.2536 65.8364 47.2395 29.4359 18.0278 46.1321 40.8377 31.1127 66.7953 13.6015 42.0476 52.0384 56.716 69.1933 51.7431 39.2029 36.7151 34.7131 0.0 30.8668 75.4367 54.1681 
27.9004 56.2228 36.7561 57.2713 78.5293 27.7308 7.2111 75.0705 31.393 56.7405 41.2878 39.9625 58.8558 5.38516 47.6323 53.0377 29.6478 58.7698 50.0495 54.0203 74.4263 29.6082 44.8779 13.4544 36.7845 24.8661 40.3284 69.6082 31.1448 68.551 10.4403 66.822 31.7806 20.0998 52.6456 37.8849 40.8083 41.0 37.108 46.9574 28.7924 12.0 25.373 66.4298 29.4664 54.9196 71.566 34.8374 71.9967 47.4236 32.7546 53.6004 37.0135 60.2251 41.0 35.3553 30.8668 0.0 82.599 30.6775 
56.2718 70.4557 46.0652 77.4145 12.2066 109.474 89.7541 78.3135 51.4004 42.1545 50.9095 122.493 55.9017 76.8738 49.774 63.1981 53.2353 57.2451 74.0945 47.8539 15.2971 59.7299 45.8845 68.7968 91.9758 94.9706 42.4853 30.8058 64.2884 29.7321 93.0026 54.1295 51.4296 68.942 84.7585 83.7297 102.357 104.473 74.9667 86.209 77.8845 74.3034 93.4252 39.4588 111.875 82.8613 14.0357 82.2705 75.5381 45.2769 96.7678 73.171 66.9104 43.0116 110.915 110.084 75.4367 82.599 0.0 93.6056 
45.4269 41.5933 48.6621 38.8973 86.8159 45.607 33.2756 98.3718 48.0416 74.9955 58.6201 53.0848 51.7397 29.5296 64.9646 42.8019 42.19 82.0711 76.4604 71.3526 87.2758 47.1347 62.2102 32.0156 66.0309 18.3848 51.9711 86.9405 29.5466 85.8833 37.352 90.1233 43.4166 26.0192 82.0876 67.3268 10.4403 68.2707 22.6716 23.1948 16.1245 25.0 54.7601 84.944 39.1152 84.3616 80.7775 64.2794 95.298 50.1199 3.16228 37.5766 29.2062 77.5573 64.622 57.2451 54.1681 30.6775 93.6056 0.0 
DEMAND_SCENARIO_SECTION
0 0 0 0 0 0 0 0 0 0 0 0 0 0 0 0 0 0 0 0 0 0 0 0 0 0 0 0 0 0 0 0 0 0 0 0 0 0 0 0 0 0 0 0 0 0 0 0 0 0 0 0 0 0 0 0 0 0 0 0 0 0 0 0 0 0 0 0 0 0 0 0 0 0 0 0 0 0 0 0 0 0 0 0 0 0 0 0 0 0 0 0 0 0 0 0 0 0 0 0 0 0 0 0 0 0 0 0 0 0 0 0 0 0 0 0 0 0 0 0 0 0 0 0 0 0 0 0 0 0 0 0 0 0 0 0 0 0 0 0 0 0 0 0 0 0 0 0 0 0 0 0 0 0 0 0 0 0 0 0 0 0 0 0 0 0 0 0 0 0 0 0 0 0 0 0 0 0 0 0 0 0 0 0 0 0 0 0 0 0 0 0 0 0 0 0 0 0 0 0 
10 7 8 10 8 8 8 6 5 8 7 4 4 5 9 9 5 7 9 2 7 6 9 10 11 7 10 5 4 9 1 10 6 9 8 5 6 8 11 4 6 5 5 5 9 12 10 6 9 4 10 6 8 8 6 6 14 8 9 7 7 2 3 9 8 6 7 3 11 5 3 8 12 8 10 8 8 11 8 11 7 2 5 6 9 4 5 7 6 6 10 5 7 5 5 9 7 5 7 6 2 8 2 10 6 6 8 9 8 6 6 5 7 8 6 7 9 7 7 8 7 10 9 3 9 7 6 7 2 9 7 6 11 5 10 6 8 7 8 10 7 2 7 9 7 6 6 6 12 5 5 7 5 7 5 4 7 11 8 5 6 6 7 9 4 8 6 7 9 8 3 8 5 7 3 4 10 8 7 7 7 10 10 8 4 9 6 9 5 7 10 13 8 7 10 6 8 7 5 8 
8 1 3 7 8 6 4 4 7 6 7 5 8 9 4 9 7 4 3 6 6 8 9 10 6 9 5 8 10 7 8 8 7 3 4 7 6 4 8 3 7 5 4 7 6 6 6 6 10 6 3 6 5 3 8 2 9 7 6 5 6 9 9 7 4 7 6 7 6 8 6 10 7 8 8 8 6 4 4 5 6 4 9 4 6 6 4 5 2 6 10 1 4 8 7 8 5 6 8 6 6 6 8 5 3 8 8 6 5 7 7 8 6 6 6 5 8 6 7 5 11 5 6 4 4 4 9 4 4 7 6 7 8 6 6 6 3 6 8 7 6 7 6 7 4 7 4 4 6 5 8 5 7 5 7 8 7 6 3 6 9 6 5 8 3 2 3 4 5 6 2 7 5 7 0 7 5 4 6 5 7 3 8 4 9 2 4 6 9 6 7 3 5 2 3 7 5 6 8 7 
1 1 1 1 1 1 1 1 1 1 1 1 2 1 1 1 0 2 1 0 1 1 1 0 1 1 1 2 2 1 1 1 1 1 1 1 1 1 2 1 0 1 1 1 1 1 1 1 1 1 1 1 1 1 1 0 1 1 1 1 1 1 1 1 1 1 2 1 1 2 1 1 1 1 1 2 1 1 1 2 1 1 1 1 1 2 1 1 1 1 1 1 1 1 1 1 0 1 1 1 1 1 1 1 1 1 1 1 0 1 1 0 1 1 1 1 1 0 2 1 1 0 1 1 1 2 1 1 1 1 1 1 1 1 1 1 1 2 1 2 1 1 1 1 1 2 1 0 0 2 1 1 1 2 1 1 1 0 0 1 2 1 1 1 1 1 1 1 1 1 1 1 0 1 1 1 1 1 1 0 1 1 0 1 1 1 1 1 1 1 0 1 1 1 1 2 1 1 1 1 
3 2 2 2 2 2 1 1 2 1 2 3 3 3 2 1 0 3 2 1 2 3 3 3 2 2 3 2 2 2 2 1 2 2 3 2 2 3 2 2 2 3 1 1 3 2 3 3 2 2 3 1 3 2 1 2 2 2 2 2 2 3 2 1 2 3 1 1 3 1 2 2 2 2 3 3 2 2 3 1 1 3 2 1 2 3 2 2 1 1 2 2 2 2 2 3 2 2 3 2 2 2 0 0 2 2 2 1 2 2 3 3 2 2 1 2 1 3 3 3 1 2 1 3 2 2 2 1 2 2 3 2 2 2 1 3 2 3 3 1 2 2 2 2 1 1 2 4 2 2 2 1 2 0 3 1 3 2 3 1 2 1 3 2 3 2 2 2 3 1 2 1 1 3 1 3 2 3 3 1 1 2 2 2 2 2 2 3 1 2 1 3 2 1 2 2 2 3 2 1 
5 4 8 4 6 5 5 6 5 4 5 5 7 4 3 3 4 4 5 6 3 7 4 6 7 2 4 4 3 5 5 6 3 4 10 5 7 6 6 6 4 6 4 3 5 4 2 5 8 7 7 5 5 3 6 7 6 5 6 5 7 2 3 6 4 3 5 5 4 5 6 2 6 5 6 7 7 7 4 7 3 5 5 3 4 2 6 4 5 5 6 7 8 7 5 4 4 5 7 6 4 5 6 4 5 4 5 2 6 5 5 6 4 7 6 4 5 6 7 5 4 7 4 3 7 6 7 3 6 1 5 4 3 5 2 6 6 8 4 9 4 3 2 6 6 6 8 8 6 4 7 5 3 7 5 2 5 3 4 3 4 8 4 2 6 4 4 0 3 3 6 4 4 4 6 2 2 5 3 5 5 2 3 3 6 7 3 6 2 5 3 2 7 4 6 6 4 2 2 5 
8 8 5 5 6 4 4 6 8 5 5 7 5 9 7 7 9 6 5 5 12 8 4 3 6 8 9 7 5 4 7 4 6 6 6 4 7 7 4 4 3 6 3 7 6 7 5 4 7 3 6 8 6 4 5 4 5 2 7 9 4 10 6 7 3 6 4 4 4 10 5 9 7 7 8 10 4 2 2 7 8 7 5 8 4 4 7 3 7 2 6 3 6 7 6 5 7 3 3 5 9 4 5 4 7 7 6 9 7 7 8 4 6 2 5 8 7 8 8 5 6 7 2 5 5 3 6 6 6 3 5 8 3 6 2 3 4 3 7 7 3 4 6 3 7 10 9 6 8 2 6 5 8 8 9 9 9 3 7 6 5 9 6 5 5 9 6 2 5 6 5 7 9 3 6 9 6 5 7 7 7 9 3 6 5 6 5 5 4 4 5 8 9 9 0 7 4 8 5 9 
1 0 1 1 1 1 1 1 1 0 1 1 1 1 1 1 1 1 1 1 1 1 1 0 1 1 0 1 1 1 1 1 1 1 1 1 1 1 1 1 2 1 1 1 1 1 1 1 1 1 0 0 1 1 2 1 1 1 1 1 1 1 2 1 1 1 1 1 1 1 1 1 1 1 1 0 1 1 1 1 1 1 1 1 1 1 1 1 0 1 1 1 1 1 1 0 1 1 1 1 1 1 0 1 1 1 1 1 1 1 1 1 1 1 1 1 1 1 2 1 1 0 1 1 1 1 1 1 0 2 1 1 1 1 1 1 0 1 1 1 1 1 1 2 1 1 1 1 2 1 1 1 1 1 1 1 1 1 1 1 2 1 1 1 1 1 1 1 1 2 1 0 1 1 1 0 1 1 1 1 1 1 1 1 1 1 0 1 1 1 1 1 1 1 1 1 2 1 0 1 
9 12 5 9 10 8 3 8 6 10 1 10 8 5 7 5 9 8 10 11 9 6 11 10 6 10 10 9 10 6 8 8 7 7 7 7 7 8 13 6 6 7 9 5 8 9 4 7 2 5 7 5 9 6 8 7 6 8 5 6 7 6 6 6 10 6 13 3 10 8 9 7 13 15 10 14 5 9 13 7 12 9 8 4 9 11 10 9 8 9 8 11 7 8 9 8 8 8 10 5 5 6 6 7 6 7 9 10 5 6 6 8 6 6 3 11 9 4 9 8 11 7 4 8 9 8 9 12 12 8 9 12 7 5 9 4 9 8 5 14 5 8 6 9 5 4 11 6 6 10 9 7 12 3 6 10 7 9 9 7 9 10 11 7 10 9 6 11 8 11 9 9 6 12 8 9 7 6 9 11 7 5 10 4 9 9 8 4 11 13 12 6 11 13 2 13 8 11 11 6 
5 10 7 4 4 5 8 7 5 4 6 2 6 4 7 6 6 3 4 8 6 3 3 4 8 8 7 4 3 6 6 7 3 7 7 4 9 6 6 8 7 6 5 6 3 7 4 3 4 7 6 4 5 6 4 5 4 6 7 8 6 8 4 5 5 8 7 6 5 8 10 6 6 6 8 8 7 8 7 7 5 5 6 4 8 6 8 6 8 8 7 5 7 5 2 5 6 3 6 3 7 7 4 5 6 7 5 9 3 4 6 3 8 5 7 7 9 4 3 8 5 8 5 1 7 8 4 5 5 6 6 4 7 7 6 5 6 5 7 10 5 9 8 7 5 4 6 8 6 3 5 5 9 8 4 8 6 8 8 5 7 5 5 5 7 2 6 5 9 7 4 7 6 8 8 4 8 9 4 7 9 8 3 7 9 5 7 4 6 8 6 6 5 7 9 3 5 7 6 5 
6 9 9 8 6 4 5 6 5 7 10 5 6 5 3 7 2 8 5 8 5 6 10 9 7 6 6 7 5 8 5 7 4 3 8 3 4 7 3 6 10 2 5 7 8 8 8 5 7 7 6 7 4 6 5 6 8 7 6 5 3 6 5 4 6 8 8 6 8 5 6 6 6 6 4 7 4 10 3 7 10 6 4 6 5 7 3 6 5 7 7 3 7 8 4 5 5 11 5 8 4 8 8 3 6 4 7 6 8 7 8 5 2 5 3 6 6 4 5 2 5 4 7 6 8 9 8 8 9 5 6 7 5 6 9 9 10 9 5 7 4 3 8 6 7 2 9 5 4 0 7 6 2 9 8 6 4 6 7 5 9 6 3 7 2 6 4 6 8 7 5 5 6 6 7 4 8 5 10 5 8 6 9 7 3 4 6 6 7 7 5 7 9 10 6 7 8 4 4 4 
4 4 6 8 6 6 7 6 4 4 5 3 7 6 8 8 6 5 4 3 5 4 3 3 4 6 6 2 5 4 3 4 5 7 6 6 5 6 4 5 5 3 5 3 6 5 5 4 2 3 4 2 6 7 6 5 5 3 5 7 4 5 3 6 7 5 6 6 6 2 4 5 3 3 6 6 4 8 5 7 5 6 4 5 8 5 7 3 4 6 5 4 2 5 6 6 7 4 4 3 7 4 4 3 6 5 6 4 5 4 4 6 4 4 4 7 3 5 4 6 5 5 5 4 6 5 6 3 4 8 2 6 7 5 3 6 7 3 8 6 6 4 3 6 7 6 7 6 4 4 5 7 3 6 2 6 5 3 4 5 4 7 6 7 4 7 4 8 6 4 6 6 3 3 4 5 1 2 4 3 3 2 5 2 4 4 4 4 6 5 4 9 6 7 4 5 5 6 6 1 
8 9 9 4 10 11 9 5 8 8 7 6 4 12 4 7 9 9 7 10 4 11 5 7 7 8 10 11 8 0 4 8 10 8 7 7 3 6 9 5 9 12 8 9 10 7 6 4 7 6 8 9 5 5 4 5 6 10 2 7 4 10 4 3 9 10 8 6 5 4 8 9 9 6 11 6 6 5 4 5 7 7 2 5 6 8 8 8 3 7 7 12 4 6 6 7 9 5 5 8 9 0 11 8 3 10 6 7 2 9 9 8 11 3 10 9 7 7 6 8 9 3 5 12 9 7 8 7 8 6 2 11 8 10 7 5 9 6 8 6 10 9 9 5 9 9 9 7 5 11 11 7 10 7 7 10 9 6 8 5 6 7 10 8 8 6 3 5 1 11 4 6 7 8 6 7 4 9 7 8 6 3 9 6 7 9 3 9 9 3 8 5 9 8 4 7 7 6 2 9 
5 7 5 6 8 4 4 5 2 2 4 3 8 6 7 3 4 6 6 5 3 2 4 9 4 3 4 6 4 1 4 2 7 7 6 6 7 6 7 4 5 4 8 3 6 5 7 7 4 6 3 7 7 2 4 6 2 4 2 4 3 6 4 5 4 3 4 5 3 6 4 6 3 5 3 6 4 5 5 6 4 6 9 8 1 7 5 5 5 4 6 9 5 4 6 7 6 4 6 4 6 5 3 7 3 4 4 3 5 4 6 2 7 5 6 6 2 5 8 6 3 3 6 5 3 5 4 6 7 2 2 4 5 5 8 6 6 6 4 2 3 4 8 5 6 5 8 4 6 4 5 3 2 4 3 5 3 3 4 3 6 4 4 10 7 2 5 3 8 6 2 4 5 3 6 5 4 4 6 5 5 3 7 7 9 8 4 5 4 3 5 5 3 6 5 6 5 7 6 5 
11 14 9 7 9 1 7 7 14 7 14 6 14 9 12 14 11 10 11 10 10 8 10 11 9 14 10 10 14 4 15 5 13 10 10 5 13 9 9 5 6 12 12 9 13 10 7 8 7 11 12 13 11 5 13 11 11 8 8 10 11 10 8 12 10 6 11 8 12 14 10 8 6 8 13 6 7 5 8 8 7 16 7 14 10 10 4 9 11 11 13 8 12 12 6 12 7 10 12 1 11 8 12 7 8 17 17 11 14 8 10 10 7 12 18 13 11 9 6 17 14 8 12 15 9 16 6 6 14 7 11 9 7 20 13 8 12 12 9 12 13 13 8 10 11 3 12 13 7 11 9 15 9 11 8 8 7 10 13 7 7 6 14 7 9 6 15 8 12 0 2 14 12 4 6 11 9 5 12 7 11 5 14 14 3 5 11 17 12 5 11 12 10 10 13 13 9 10 5 8 
2 9 10 9 9 8 3 10 7 3 7 9 11 12 9 6 10 6 12 8 4 6 4 10 9 9 9 5 7 9 6 6 10 10 11 8 6 10 10 5 9 10 13 8 14 7 3 7 9 11 7 7 10 6 6 8 9 6 8 11 7 10 3 8 5 8 6 13 10 4 11 8 6 10 5 9 12 8 8 11 11 7 9 9 9 8 7 7 13 2 11 10 8 10 6 8 4 7 9 7 9 13 7 6 15 6 9 7 7 13 8 3 5 7 8 10 1 10 5 9 13 7 5 11 8 9 10 7 11 6 9 0 10 6 4 5 8 10 12 8 4 11 3 4 4 11 8 12 11 7 7 8 8 7 7 12 7 6 9 11 11 9 5 9 4 5 9 11 12 5 6 8 8 6 13 8 10 10 5 7 10 10 10 6 9 9 5 5 7 10 11 9 9 8 7 8 9 9 13 9 
8 6 9 12 5 11 7 4 11 9 10 9 11 8 8 6 6 9 6 9 6 6 5 8 7 7 8 6 8 9 5 6 6 7 7 10 4 7 1 6 6 5 6 11 9 10 4 8 9 12 12 7 8 8 5 8 8 5 8 4 8 10 5 6 7 5 7 2 8 7 6 10 9 3 7 6 5 8 2 10 1 9 9 7 7 10 8 7 11 3 3 6 7 4 6 8 8 5 7 8 6 8 8 7 8 9 8 7 6 10 5 2 7 9 8 3 9 8 10 11 12 7 5 5 9 6 11 6 7 8 7 7 7 5 3 5 8 8 10 4 9 5 9 6 5 6 4 7 9 6 5 7 8 7 6 8 6 10 8 7 12 3 7 11 6 10 12 5 10 8 5 4 12 6 7 5 3 7 8 7 9 10 7 9 4 10 8 10 7 6 10 4 5 8 6 6 8 8 6 6 
14 8 10 8 9 12 14 9 12 5 12 9 10 6 4 8 10 6 7 11 12 11 11 7 14 6 8 9 10 12 7 9 14 7 8 6 4 4 2 8 7 8 9 9 10 10 13 15 10 11 9 13 10 18 8 9 8 12 11 7 7 9 11 8 9 4 11 13 8 11 7 12 6 7 8 10 8 10 7 9 9 10 13 9 11 12 15 7 12 12 5 2 11 9 11 11 8 8 9 7 6 13 6 6 10 9 10 9 13 11 8 9 11 10 10 6 13 6 9 9 18 6 5 6 12 11 6 10 9 7 16 10 10 10 7 4 11 8 9 10 5 8 6 11 9 5 8 13 8 13 10 11 9 10 10 5 12 13 10 6 5 15 9 9 7 6 10 6 13 14 10 9 12 12 14 13 13 5 10 8 9 17 12 9 7 8 11 12 13 11 11 10 9 8 11 9 5 8 11 9 
1 1 2 2 1 1 1 1 1 1 1 1 1 1 1 1 1 1 1 1 2 1 1 1 2 1 1 1 1 1 1 1 1 1 1 1 1 1 1 1 1 1 1 1 1 1 1 1 1 1 2 1 1 1 1 1 1 1 1 1 1 1 1 1 1 1 1 1 1 1 1 2 1 1 1 1 2 1 1 1 1 1 1 1 1 1 1 1 1 1 1 1 0 1 1 1 2 1 1 1 1 1 1 1 1 1 1 1 1 1 1 0 1 1 1 1 1 1 1 1 1 1 1 2 1 1 1 1 1 1 1 1 1 1 1 1 1 1 1 1 1 2 2 1 1 1 1 0 2 0 1 2 1 1 1 1 1 1 1 1 1 1 1 1 1 1 1 1 1 1 1 1 1 1 1 1 1 1 1 1 1 1 1 1 1 1 1 2 1 1 1 1 1 2 1 1 1 1 1 1 
1 1 2 1 1 1 1 1 0 1 1 1 1 1 2 1 1 1 0 1 1 1 1 1 1 1 1 1 1 1 2 1 1 1 1 1 1 2 1 1 1 1 1 1 2 1 1 2 1 1 1 1 1 1 1 1 0 0 1 1 1 2 1 0 1 1 1 1 0 1 1 0 1 2 1 1 1 1 1 1 1 0 1 1 0 2 1 1 1 1 1 1 1 1 1 1 1 1 1 1 2 1 1 1 0 2 1 1 1 1 1 1 1 1 1 1 1 1 2 1 1 1 1 1 1 1 1 1 1 1 1 1 1 1 1 1 1 1 0 1 1 1 1 1 1 2 1 1 0 2 1 1 1 1 1 1 1 1 1 1 1 1 1 1 1 1 1 1 1 1 1 1 1 1 1 1 0 1 1 1 1 1 1 1 1 1 1 1 1 1 1 1 0 1 1 1 1 1 1 1 
7 7 7 6 2 9 6 9 3 8 4 9 7 6 7 5 3 6 6 6 5 3 6 7 5 8 5 5 6 5 7 6 9 5 8 8 2 9 5 9 2 6 6 4 8 7 6 4 7 5 7 3 5 5 6 7 1 10 4 9 6 10 7 8 4 6 3 7 7 7 5 9 3 9 5 6 7 5 5 5 6 5 8 3 6 6 5 7 5 5 5 5 10 5 4 8 5 8 6 3 6 5 4 4 9 6 7 7 7 3 6 9 9 7 6 6 9 9 6 7 6 7 3 4 3 5 5 4 8 5 3 7 5 5 10 3 8 9 6 6 4 5 5 6 5 7 7 5 7 5 8 8 3 10 2 6 5 6 7 5 6 6 4 6 5 5 5 7 5 4 7 5 5 6 7 6 6 9 5 7 3 7 3 7 4 4 5 4 5 5 5 7 5 7 6 5 6 10 5 5 
3 2 4 3 3 5 3 1 4 2 4 3 2 1 1 1 1 1 6 3 3 5 5 4 4 3 2 3 2 3 2 2 3 2 3 0 2 5 3 3 3 3 4 4 3 5 2 2 2 3 4 2 2 3 3 3 4 2 1 3 3 4 4 4 4 3 4 3 4 2 4 4 3 3 3 2 2 1 2 4 3 3 2 3 3 4 1 3 3 3 2 2 3 3 3 0 2 3 2 2 2 4 4 3 4 2 5 3 3 3 2 3 1 4 3 3 3 1 4 3 2 4 3 3 4 3 3 2 2 3 4 4 5 2 3 2 5 3 4 2 2 3 5 2 3 3 2 1 2 2 3 4 4 3 4 3 4 2 3 0 3 4 3 3 4 3 3 4 3 6 4 3 2 3 2 6 3 2 2 3 3 3 1 3 2 3 3 2 3 3 2 1 3 4 2 4 3 2 4 3 
5 5 4 3 4 2 5 6 5 4 5 4 5 3 5 3 6 3 2 4 4 5 4 5 5 4 3 4 5 6 4 6 6 7 2 5 0 7 7 6 4 7 3 5 4 4 4 5 5 3 4 5 2 5 5 5 4 2 6 4 5 2 4 4 6 6 5 2 6 3 4 4 5 5 7 5 3 3 2 4 4 3 4 6 4 4 3 3 3 4 5 5 1 5 3 6 3 4 2 4 4 4 1 5 4 5 5 4 6 5 4 2 5 3 3 3 5 4 3 3 5 6 3 1 3 7 5 6 4 6 4 1 3 2 2 7 5 4 4 5 3 4 6 5 4 2 2 5 4 4 4 5 1 7 3 5 2 3 3 1 4 6 5 6 4 3 7 6 2 6 3 5 5 4 3 3 4 2 9 4 4 3 3 3 2 3 2 5 3 6 5 4 3 3 3 3 6 2 4 5 
