NAME  : Jabali_60_4_0.80_1_1
TYPE : SVRP
MODEL : FINITE_SUPPORT
NUMBER_OF_SCENARIOS : 200
DIMENSION : 60
EDGE_WEIGHT_TYPE : MATRIX
CAPACITY : 91
N_VEHICLES : 4
NODE_COORD_SECTION
1 3318 3461
2 4504 1665
3 2335 6747
4 1051 4026
5 1972 5650
6 2580 3783
7 5142 1399
8 2881 6821
9 1413 992
10 4960 7306
11 5940 7029
12 5084 7058
13 7241 1761
14 3838 2753
15 27 5361
16 2909 2877
17 2084 3880
18 6488 1067
19 6934 6834
20 2779 2875
21 5048 6311
22 3135 1807
23 6626 1507
24 3591 18
25 1998 6111
26 5596 2647
27 2798 5864
28 906 3605
29 6518 3366
30 2456 7089
31 7586 1830
32 575 4374
33 4452 2598
34 6587 5991
35 5276 5145
36 4978 5346
37 2632 4518
38 5323 8159
39 8334 2760
40 1164 3206
41 6450 5237
42 2825 2601
43 3083 1094
44 3155 6853
45 5018 2088
46 4024 7186
47 7074 2367
48 1119 5377
49 145 4363
50 2181 3348
51 5760 8643
52 3647 6630
53 4385 2793
54 6381 7787
55 4037 7355
56 3728 2926
57 1322 1657
58 1677 3381
59 8464 2817
60 6358 3818
DEMAND_SECTION
1 0.0
2 8.0
3 7.0
4 6.0
5 1.0
6 2.0
7 2.0
8 1.0
9 10.0
10 4.0
11 8.0
12 4.0
13 2.0
14 5.0
15 4.0
16 1.0
17 1.0
18 9.0
19 6.0
20 7.0
21 4.0
22 2.0
23 6.0
24 6.0
25 6.0
26 10.0
27 2.0
28 5.0
29 5.0
30 6.0
31 3.0
32 10.0
33 6.0
34 9.0
35 8.0
36 4.0
37 2.0
38 1.0
39 4.0
40 6.0
41 6.0
42 3.0
43 2.0
44 3.0
45 4.0
46 5.0
47 9.0
48 6.0
49 7.0
50 8.0
51 10.0
52 3.0
53 8.0
54 7.0
55 2.0
56 1.0
57 4.0
58 1.0
59 8.0
60 4.0
DEVIATION_SECTION
1 0.0
2 2.66667
3 2.33333
4 2.0
5 0.333333
6 0.666667
7 0.666667
8 0.333333
9 3.33333
10 1.33333
11 2.66667
12 1.33333
13 0.666667
14 1.66667
15 1.33333
16 0.333333
17 0.333333
18 3.0
19 2.0
20 2.33333
21 1.33333
22 0.666667
23 2.0
24 2.0
25 2.0
26 3.33333
27 0.666667
28 1.66667
29 1.66667
30 2.0
31 1.0
32 3.33333
33 2.0
34 3.0
35 2.66667
36 1.33333
37 0.666667
38 0.333333
39 1.33333
40 2.0
41 2.0
42 1.0
43 0.666667
44 1.0
45 1.33333
46 1.66667
47 3.0
48 2.0
49 2.33333
50 2.66667
51 3.33333
52 1.0
53 2.66667
54 2.33333
55 0.666667
56 0.333333
57 1.33333
58 0.333333
59 2.66667
60 1.33333
DISTANCE_MATRIX
0.0 29.1548 46.2709 32.3456 35.5106 12.0416 37.108 45.607 42.0595 54.4885 58.0481 52.4976 58.3346 12.0 52.5096 10.2956 19.4165 53.6656 66.2693 9.43398 43.0986 20.9539 52.3271 48.0361 40.1123 33.541 33.3766 31.4814 48.3 49.6488 61.9935 40.5 18.3848 57.1484 39.5514 35.6589 18.0278 67.2681 71.203 28.4605 58.9955 11.3137 31.5991 45.5412 29.1548 50.4777 54.2567 40.2492 45.0463 15.5242 75.2861 42.9418 16.5529 69.567 51.8652 10.0 36.0555 21.6333 72.1246 44.5201 
29.1548 0.0 75.0267 57.7894 64.6297 38.9615 9.21954 73.5527 41.0269 76.718 74.0195 73.9421 37.1618 17.2627 80.6334 31.0605 45.1709 28.3196 76.0086 30.0846 63.721 16.5579 29.1548 25.807 69.2604 18.6815 62.0322 55.8358 34.2053 78.1601 41.2311 65.6714 12.6491 63.6667 46.2909 49.896 46.8722 88.1857 53.7587 50.6371 53.4013 31.6184 19.105 72.9932 8.24621 75.4664 35.6931 68.3408 69.7209 40.9089 94.8301 69.6001 14.5602 85.3039 76.725 19.2354 41.0711 46.4665 54.7449 36.2491 
46.2709 75.0267 0.0 39.7329 15.5563 40.4969 82.0975 7.28011 78.4533 36.1386 48.4665 37.0 95.5242 58.2151 37.4833 52.8867 40.8167 95.901 61.2699 52.6308 36.6197 66.0984 92.8924 92.8924 10.0 71.8053 13.0 45.2307 73.4488 4.24264 97.9807 39.9625 63.0317 57.0088 43.566 39.6611 31.0161 45.0111 98.6677 50.4623 55.5726 55.5428 75.9605 10.4403 73.2601 23.3452 88.5683 25.0799 43.382 46.5188 53.0377 17.0 61.0328 56.2939 24.1868 56.2228 70.4097 49.2564 99.2724 67.8265 
32.3456 57.7894 39.7329 0.0 24.613 22.564 65.2589 44.7324 41.4367 69.9582 79.5598 69.6701 88.034 39.6633 22.8473 27.9193 19.4168 82.8727 90.3117 28.5305 64.7698 41.2311 81.944 63.1981 29.7346 63.1178 34.7336 5.65685 76.7754 43.9306 91.6929 8.48528 47.7484 82.1719 66.3747 60.6943 29.5594 81.1885 100.78 10.7703 85.8188 30.9611 46.5296 47.0698 58.1781 59.1025 83.8335 17.72 13.6015 17.1462 89.6597 50.385 46.2754 89.6338 60.3316 37.9301 32.8938 11.4018 101.701 74.0212 
35.5106 64.6297 15.5563 24.613 0.0 27.1662 72.5672 20.1246 63.8186 46.0435 56.4358 46.0109 89.9444 47.3814 26.4764 40.1123 26.0 88.6228 67.9117 40.05 42.2019 54.0093 86.138 79.9062 5.83095 64.9606 11.1803 30.1108 69.3245 19.799 92.7847 25.0799 53.6004 60.9262 43.9111 40.0186 18.0 56.8859 96.1869 35.3425 57.8395 43.0465 62.8013 22.4722 64.2884 34.7131 83.5284 12.0416 29.1204 32.28 65.307 26.1725 51.6624 66.0076 35.9026 45.3982 55.775 34.6217 96.91 65.4839 
12.0416 38.9615 40.4969 22.564 27.1662 0.0 47.5395 41.6773 39.598 56.9386 62.2977 55.4707 69.8327 21.9317 41.4372 13.0 7.61577 65.0 70.5396 13.0384 47.1699 27.074 63.8253 52.7731 32.5576 45.0392 28.6531 21.6998 55.5941 44.3847 73.4916 30.7184 29.6816 61.4188 43.8217 39.9292 9.48683 69.6419 82.4924 18.6865 64.6683 16.0312 35.6931 42.4382 40.3113 50.2494 65.7549 29.4109 35.2647 7.2111 78.032 41.7253 28.0179 73.736 51.6624 20.1246 32.0156 11.8518 83.2261 51.8142 
37.108 9.21954 82.0975 65.2589 72.5672 47.5395 0.0 80.0562 48.7032 79.3444 76.4647 76.5685 29.1204 25.632 88.1029 39.6389 53.7492 19.2094 75.2155 38.6629 66.3474 24.7512 20.6155 28.1603 76.9415 16.9706 69.1158 64.0291 31.3847 85.0059 33.2415 72.8282 19.105 62.8735 48.9173 52.5224 55.0818 90.7855 47.0425 58.8304 52.6081 40.1967 26.5707 79.2275 9.21954 80.2808 29.0 76.896 77.9142 48.1413 97.2865 74.8131 21.095 87.7967 81.4923 27.5136 49.2443 54.6598 48.0416 34.8281 
45.607 73.5527 7.28011 44.7324 20.1246 41.6773 80.0562 0.0 80.604 28.8617 41.2311 29.7321 91.6926 57.2713 44.1814 53.3104 43.2782 92.7793 54.1202 52.9245 29.8329 65.8935 89.4427 92.9731 15.5242 68.593 13.0384 50.2302 68.3934 6.40312 93.7522 45.1885 61.2046 50.3289 38.4838 34.4384 32.45 38.0132 93.6089 58.242 49.5002 55.7136 76.3217 3.16228 71.007 16.1245 84.2758 31.0483 49.0408 48.2597 46.1736 10.0 59.2115 49.0306 17.0294 55.3173 72.5605 51.4072 94.2136 62.7694 
42.0595 41.0269 78.4533 41.4367 63.8186 39.598 48.7032 80.604 0.0 95.8019 100.071 94.0479 77.7946 45.6185 60.208 31.7648 37.9015 67.1193 108.528 32.6497 84.9136 30.0167 69.2892 30.6105 69.572 59.2738 67.624 36.4005 74.748 82.5418 81.9085 45.7056 49.5122 99.4072 81.8102 77.6816 48.2701 108.6 94.7835 30.6757 101.254 31.3847 22.1359 81.6884 48.9892 89.8276 76.711 59.1354 47.0956 32.5576 116.829 81.3204 50.9852 111.59 91.2414 43.8853 8.544 32.7567 95.7701 76.3351 
54.4885 76.718 36.1386 69.9582 46.0435 56.9386 79.3444 28.8617 95.8019 0.0 13.4536 3.0 81.0555 63.9652 72.0625 64.5368 61.7414 86.4928 26.9072 63.7809 13.0 90.5657 81.8897 102.339 43.1045 63.8905 35.2278 78.3381 57.1402 34.176 82.0061 70.4282 66.9137 27.8568 30.4631 27.2947 50.1597 12.8062 76.6877 75.3248 33.0151 65.7984 86.0837 25.7099 70.4253 13.0 73.0274 58.0086 74.6909 64.1405 21.095 20.025 68.2832 20.2237 12.53 62.1982 88.7525 68.4901 76.9025 51.1566 
58.0481 74.0195 48.4665 79.5598 56.4358 62.2977 76.4647 41.2311 100.071 13.4536 0.0 11.6619 73.1642 67.3561 82.8734 68.3265 68.1542 80.3243 13.4536 67.4799 15.2971 87.8672 75.2861 99.4624 54.3415 60.4432 45.2769 83.9731 50.0 46.9574 73.5527 80.0298 64.2152 17.0 29.0689 27.4591 57.0701 17.0 66.2722 80.9598 25.632 69.2895 90.4219 38.0789 67.6882 26.0768 65.1153 68.469 84.2925 69.2892 21.5407 31.6228 65.5847 11.6619 25.807 65.589 93.2051 74.1251 66.3702 44.2719 
52.4976 73.9421 37.0 69.6701 46.0109 55.4707 76.5685 29.7321 94.0479 3.0 11.6619 0.0 78.0577 61.8978 72.2496 62.6259 60.5392 83.5464 25.0 61.8466 10.2956 87.7898 78.9362 99.5632 43.4166 61.0328 35.0143 76.9595 54.1479 35.3412 79.0063 70.1402 64.1378 25.0799 27.7308 24.6982 49.0408 14.8661 73.7564 73.9462 30.0167 63.7946 84.08 26.5707 67.6494 14.4222 70.0286 58.0345 74.4029 62.6498 22.8035 20.3961 65.5073 20.0 14.2127 60.1308 87.1321 67.1115 73.9797 48.1664 
58.3346 37.1618 95.5242 88.034 89.9444 69.8327 29.1204 91.6926 77.7946 81.0555 73.1642 78.0577 0.0 48.9183 110.718 62.4139 76.4983 13.6015 67.0671 61.438 69.029 53.4982 9.0 55.0 93.0376 25.6125 83.3847 87.1478 24.0208 97.5057 4.12311 96.1883 40.3609 56.5155 53.7587 57.8705 75.9073 89.9444 19.9249 83.7346 48.1664 62.9718 55.6597 89.8098 31.0644 86.4696 8.06226 97.6671 100.735 70.9164 94.3663 83.7437 41.8155 81.3204 87.367 50.2494 78.0114 77.3149 20.8806 30.0167 
12.0 17.2627 58.2151 39.6633 47.3814 21.9317 25.632 57.2713 45.6185 63.9652 67.3561 61.8978 48.9183 0.0 62.5073 14.0433 28.1536 43.2666 77.1281 13.0674 52.4561 25.9793 42.5206 37.7527 52.0865 24.2331 45.2769 38.7771 37.8906 61.5224 52.6308 47.8177 8.60233 64.7861 45.0671 44.9668 29.6142 76.7108 61.895 35.364 54.5207 14.6011 28.534 57.0088 18.6011 60.8309 44.9488 51.264 52.364 22.5457 84.6614 53.8516 7.61577 84.1679 62.1841 2.0 39.9926 28.9443 62.8167 38.1113 
52.5096 80.6334 37.4833 22.8473 26.4764 41.4372 88.1029 44.1814 60.208 72.0625 82.8734 72.2496 110.718 62.5073 0.0 50.7633 42.2608 105.717 94.3663 51.3745 68.6586 64.0781 104.82 85.1587 29.0 86.0335 37.6563 25.4951 90.8906 41.0 113.619 15.2971 70.8009 86.977 69.5324 65.6399 35.0571 82.1523 117.792 31.4006 83.4608 53.8051 68.884 47.0956 81.0221 60.0333 104.451 14.5602 13.1529 39.9902 90.3549 52.0384 69.0278 92.1954 61.0737 60.7741 52.0384 34.176 118.527 87.1066 
10.2956 31.0605 52.8867 27.9193 40.1123 13.0 39.6389 53.3104 31.7648 64.5368 68.3265 62.6259 62.4139 14.0433 50.7633 0.0 17.4642 57.2526 76.5476 1.0 53.3006 14.1421 56.324 40.025 45.3982 37.6204 40.4969 26.9072 51.278 56.6127 66.0728 36.0737 22.1284 67.4268 49.8297 45.9372 22.2036 77.3369 75.2824 22.8035 69.6791 3.16228 23.0868 53.6656 32.5581 59.8164 58.3361 41.9762 40.6079 10.8167 85.4283 51.8652 20.6554 79.8454 61.2209 12.3101 25.9615 17.0294 76.204 51.4987 
19.4165 45.1709 40.8167 19.4168 26.0 7.61577 53.7492 43.2782 37.9015 61.7414 68.1542 60.5392 76.4983 28.1536 42.2608 17.4642 0.0 71.363 76.6367 17.8885 52.8867 31.3209 70.4344 55.0364 31.7805 51.7048 30.4138 18.5526 62.9784 44.9444 80.1572 27.5712 36.2353 67.5159 49.9189 46.0263 11.6619 74.2428 89.3668 15.5393 63.8472 20.6155 38.0 44.5533 46.6684 53.8238 72.4205 25.1091 32.1175 7.07107 82.7345 45.0 34.7131 79.404 55.2178 26.4008 29.8579 8.70457 90.6104 59.1985 
53.6656 28.3196 95.901 82.8727 88.6228 65.0 19.2094 92.7793 67.1193 86.4928 80.3243 83.5464 13.6015 43.2666 105.717 57.2526 71.363 0.0 76.0592 56.2767 73.8241 43.8961 5.65685 42.19 92.1001 24.1868 83.1986 81.9865 30.4631 98.3107 17.2627 91.027 35.3553 64.4748 57.1402 61.0737 71.6199 96.6208 33.5261 77.9753 54.7083 57.8105 45.1774 91.444 24.6982 90.0888 18.4391 93.9149 95.2929 65.7551 101.843 86.093 37.1214 89.5545 91.1373 44.9444 68.2642 72.1536 34.4819 36.0555 
66.2693 76.0086 61.2699 90.3117 67.9117 70.5396 75.2155 54.1202 108.528 26.9072 13.4536 25.0 67.0671 77.1281 94.3663 76.5476 76.6367 76.0592 0.0 75.7011 25.7099 91.3682 70.6612 101.704 66.4078 58.2682 56.7539 92.2284 45.793 60.0333 66.7608 90.7817 68.5475 12.8062 33.6829 33.541 66.0307 27.8568 57.1402 89.215 24.2074 77.5107 93.923 51.0 68.1004 39.4081 59.2368 79.8311 95.0444 77.5104 29.0689 44.2832 69.9169 15.0 39.2046 78.353 102.068 82.3803 57.0789 40.8044 
9.43398 30.0846 52.6308 28.5305 40.05 13.0384 38.6629 52.9245 32.6497 63.7809 67.4799 61.8466 61.438 13.0674 51.3745 1.0 17.8885 56.2767 75.7011 0.0 52.493 14.0357 55.3481 40.2616 45.2769 36.6445 40.1622 27.5862 50.3021 56.3205 65.0969 36.6849 21.1525 66.5802 48.9832 45.0907 22.0907 76.5768 74.3064 23.6008 68.7032 3.0 23.4094 53.2259 31.5822 59.203 57.3602 42.2019 41.2312 11.4018 84.6463 51.3128 19.6795 78.9988 60.6053 11.3342 26.9258 17.6918 75.2281 50.5228 
43.0986 63.721 36.6197 64.7698 42.2019 47.1699 66.3474 29.8329 84.9136 13.0 15.2971 10.2956 69.029 52.4561 68.6586 53.3006 52.8867 73.8241 25.7099 52.493 0.0 77.5687 69.3542 89.3421 40.8534 50.9608 31.0483 68.8161 45.0111 36.1248 70.2567 65.2398 53.9167 20.5183 17.4642 14.4222 41.7732 25.0 66.4078 65.8027 21.8403 54.3896 74.675 26.9072 57.4283 18.3848 61.0824 54.1295 69.5025 54.231 32.5269 19.8494 55.2862 26.5707 18.9737 50.6891 78.2943 58.968 66.7308 39.0128 
20.9539 16.5579 66.0984 41.2311 54.0093 27.074 24.7512 65.8935 30.0167 90.5657 87.8672 87.7898 53.4982 25.9793 64.0781 14.1421 31.3209 43.8961 91.3682 14.0357 77.5687 0.0 45.2639 27.313 59.1354 34.8048 53.3759 39.4462 50.279 69.6386 57.5909 49.1935 25.0432 79.0263 60.1385 63.7436 36.0139 102.033 70.3145 34.4093 68.7608 11.0454 12.0416 65.9922 24.5201 71.3328 52.2419 56.0892 53.3385 24.3516 108.678 63.6706 26.5162 99.2393 72.7253 27.9259 27.8927 29.9666 71.3011 51.8661 
52.3271 29.1548 92.8924 81.944 86.138 63.8253 20.6155 89.4427 69.2892 81.8897 75.2861 78.9362 9.0 42.5206 104.82 56.324 70.4344 5.65685 70.6612 55.3481 69.3542 45.2639 0.0 46.0 89.5377 21.1896 80.3617 81.0579 25.2982 95.1262 13.0384 90.0984 34.2053 59.2368 53.0 57.0088 70.2813 91.6788 28.6356 77.6447 49.7293 56.8818 47.1699 87.9659 24.0416 86.0 12.8062 92.5763 94.6447 64.8265 96.7678 82.425 35.808 84.309 87.0057 44.0454 69.7771 71.225 29.6142 31.0483 
48.0361 25.807 92.8924 63.1981 79.9062 52.7731 28.1603 92.9731 30.6105 102.339 99.4624 99.5632 55.0 37.7527 85.1587 40.025 55.0364 42.19 101.704 40.2616 89.3421 27.313 46.0 0.0 85.3288 43.8292 80.3617 59.6825 59.0931 96.566 59.0085 69.8713 36.7967 89.3619 71.7338 75.5171 62.1691 113.807 74.2428 53.7587 79.0965 37.3631 17.1172 93.0744 33.6155 98.3671 56.5685 80.0 72.7805 48.0937 120.273 90.7528 38.2884 110.835 99.7203 39.6994 35.7771 52.0384 75.2396 61.7738 
40.1123 69.2604 10.0 29.7346 5.83095 32.5576 76.9415 15.5242 69.572 43.1045 54.3415 43.4166 93.0376 52.0865 29.0 45.3982 31.7805 92.1001 66.4078 45.2769 40.8534 59.1354 89.5377 85.3288 0.0 68.352 10.6301 35.2324 71.9444 14.2127 95.7131 30.0167 57.8705 60.4152 44.3544 40.4619 23.1948 53.2353 98.8068 40.4641 57.7298 48.2597 68.2495 18.2483 68.4479 31.0644 86.3539 15.5242 33.6155 37.9473 61.5224 23.0868 55.9017 63.2851 32.1403 50.0899 61.5284 40.3751 100.045 68.1037 
33.541 18.6815 71.8053 63.1178 64.9606 45.0392 16.9706 68.593 59.2738 63.8905 60.4432 61.0328 25.6125 24.2331 86.0335 37.6204 51.7048 24.1868 58.2682 36.6445 50.9608 34.8048 21.1896 43.8292 68.352 0.0 59.203 62.2536 15.5242 74.1485 29.0 71.2722 15.6525 45.9262 33.7343 37.4833 50.9121 74.8534 37.6962 58.9411 35.6608 38.1782 37.3596 67.2681 10.4403 66.3702 20.8087 72.6719 75.8185 45.974 81.265 62.0081 17.022 70.8494 67.4759 25.458 59.318 52.3651 38.6264 18.0278 
33.3766 62.0322 13.0 34.7336 11.1803 28.6531 69.1158 13.0384 67.624 35.2278 45.2769 35.0143 83.3847 45.2769 37.6563 40.4969 30.4138 83.1986 56.7539 40.1622 31.0483 53.3759 80.3617 80.3617 10.6301 59.203 0.0 40.2314 62.0584 16.2788 85.9069 35.2036 50.04 50.0899 33.7264 29.8339 19.4165 46.5725 88.8118 45.2685 47.1874 43.0116 63.5689 14.1421 60.3762 24.6982 76.4945 23.1948 39.4663 35.2278 55.0818 15.8114 48.0416 55.0091 26.0 43.2897 59.587 38.4337 89.4165 58.2178 
31.4814 55.8358 45.2307 5.65685 30.1108 21.6998 64.0291 50.2302 36.4005 78.3381 83.9731 76.9595 87.1478 38.7771 25.4951 26.9072 18.5526 81.9865 92.2284 27.5862 68.8161 39.4462 81.0579 59.6825 35.2324 62.2536 40.2314 0.0 75.9112 49.4284 90.8287 10.198 46.8623 83.1075 65.5105 61.618 29.01 90.9778 99.9156 6.0 84.9546 29.8329 43.4166 52.5676 57.2919 64.6003 82.9693 22.8473 13.8924 16.2788 99.4129 55.8827 45.4112 95.3865 65.8294 37.044 27.8927 9.89949 100.837 73.1571 
48.3 34.2053 73.4488 76.7754 69.3245 55.5941 31.3847 68.3934 74.748 57.1402 50.0 54.1479 24.0208 37.8906 90.8906 51.278 62.9784 30.4631 45.793 50.3021 45.0111 50.279 25.2982 59.0931 71.9444 15.5242 62.0584 75.9112 0.0 74.6005 25.4951 84.9298 29.31 34.0147 30.0832 34.2053 56.0844 66.4906 26.9072 72.074 24.5153 51.8358 52.8338 66.4078 25.9615 62.514 16.1245 77.7946 89.4761 59.6316 71.4703 60.1664 30.6795 59.0931 63.3877 39.1156 77.2273 66.0631 27.6586 6.0 
49.6488 78.1601 4.24264 43.9306 19.799 44.3847 85.0059 6.40312 82.5418 34.176 46.9574 35.3412 97.5057 61.5224 41.0 56.6127 44.9444 98.3107 60.0333 56.3205 36.1248 69.6386 95.1262 96.566 14.2127 74.1485 16.2788 49.4284 74.6005 0.0 99.9593 44.1022 66.0076 56.6392 44.7214 40.7063 34.9285 42.19 99.8124 54.66 55.9026 59.203 79.6994 9.21954 76.0592 21.1896 90.483 29.0689 47.4131 50.5371 50.01 16.2788 64.0078 54.1202 21.8403 59.5399 74.4982 53.3449 100.417 68.9782 
61.9935 41.2311 97.9807 91.6929 92.7847 73.4916 33.2415 93.7522 81.9085 82.0061 73.5527 79.0063 4.12311 52.6308 113.619 66.0728 80.1572 17.2627 66.7608 65.0969 70.2567 57.5909 13.0384 59.0085 95.7131 29.0 85.9069 90.8287 25.4951 99.9593 0.0 99.8472 44.0454 56.7186 55.5428 59.6657 78.809 90.4489 16.5529 87.3935 49.0 66.6307 59.7746 91.7698 34.9857 87.9659 9.48683 100.569 104.394 74.5753 94.541 85.6154 45.4744 81.2527 88.8175 53.9104 82.1041 80.9738 17.4642 31.4006 
40.5 65.6714 39.9625 8.48528 25.0799 30.7184 72.8282 45.1885 45.7056 70.4282 80.0298 70.1402 96.1883 47.8177 15.2971 36.0737 27.5712 91.027 90.7817 36.6849 65.2398 49.1935 90.0984 69.8713 30.0167 71.2722 35.2036 10.198 84.9298 44.1022 99.8472 0.0 55.9028 82.6419 65.0569 61.1644 30.0294 81.6586 108.934 16.1245 78.9852 39.1155 53.6004 47.5398 66.3325 59.5725 91.9879 15.5563 5.38516 25.3006 90.1298 50.855 54.4298 90.1038 60.8017 46.0845 37.3363 19.2354 109.856 82.1756 
18.3848 12.6491 63.0317 47.7484 53.6004 29.6816 19.105 61.2046 49.5122 66.9137 64.2152 64.1378 40.3609 8.60233 70.8009 22.1284 36.2353 35.3553 68.5475 21.1525 53.9167 25.0432 34.2053 36.7967 57.8705 15.6525 50.04 46.8623 29.31 66.0076 44.0454 55.9028 0.0 56.2055 36.4865 40.0916 36.4005 78.3813 53.3144 43.4491 45.9401 22.6862 27.5979 60.5701 10.7703 65.1725 36.3593 58.6003 60.4491 30.6309 85.0258 59.3062 2.0 75.5873 66.4311 9.89949 48.0777 37.0294 54.2361 29.5308 
57.1484 63.6667 57.0088 82.1719 60.9262 61.4188 62.8735 50.3289 99.4072 27.8568 17.0 25.0799 56.5155 64.7861 86.977 67.4268 67.5159 64.4748 12.8062 66.5802 20.5183 79.0263 59.2368 89.3619 60.4152 45.9262 50.0899 83.1075 34.0147 56.6392 56.7186 82.6419 56.2055 0.0 23.0864 23.0868 56.9099 34.0 49.366 80.0942 11.4018 68.3898 81.581 47.4236 55.7585 38.0132 48.5077 72.45 86.9046 68.3896 37.855 40.3609 57.575 25.0799 38.2753 66.0111 92.9472 73.2594 49.4975 28.6531 
39.5514 46.2909 43.566 66.3747 43.9111 43.8217 48.9173 38.4838 81.8102 30.4631 29.0689 27.7308 53.7587 45.0671 69.5324 49.8297 49.9189 57.1402 33.6829 48.9832 17.4642 60.1385 53.0 71.7338 44.3544 33.7343 33.7264 65.5105 30.0832 44.7214 55.5428 65.0569 36.4865 23.0864 0.0 4.12311 39.3129 42.19 55.1413 62.4972 19.2399 50.7928 62.6933 36.4005 39.9982 33.0 46.0977 55.0729 69.3195 50.7925 49.2037 30.0832 37.856 40.6079 34.0147 47.0923 75.3502 55.6624 55.7459 24.3516 
35.6589 49.896 39.6611 60.6943 40.0186 39.9292 52.5224 34.4384 77.6816 27.2947 27.4591 24.6982 57.8705 44.9668 65.6399 45.9372 46.0263 61.0737 33.541 45.0907 14.4222 63.7436 57.0088 75.5171 40.4619 37.4833 29.8339 61.618 34.2053 40.7063 59.6657 61.1644 40.0916 23.0868 4.12311 0.0 35.4204 39.4081 59.2326 58.6047 19.2956 46.9003 66.2984 32.311 43.6033 29.0172 50.2195 51.1804 65.427 46.9 46.7547 25.9615 41.4611 39.1152 30.0666 43.1998 71.4577 51.7699 59.8373 28.4605 
18.0278 46.8722 31.0161 29.5594 18.0 9.48683 55.0818 32.45 48.2701 50.1597 57.0701 49.0408 75.9073 29.6142 35.0571 22.2036 11.6619 71.6199 66.0307 22.0907 41.7732 36.0139 70.2813 62.1691 23.1948 50.9121 19.4165 29.01 56.0844 34.9285 78.809 30.0294 36.4005 56.9099 39.3129 35.4204 0.0 62.6099 82.9827 25.9967 53.2413 25.0799 45.1221 33.4215 47.1699 42.2019 69.6403 22.4722 34.2921 15.8114 71.1126 33.4215 34.5398 68.1542 43.6005 27.6586 40.3113 19.1619 83.7164 52.2778 
67.2681 88.1857 45.0111 81.1885 56.8859 69.6419 90.7855 38.0132 108.6 12.8062 17.0 14.8661 89.9444 76.7108 82.1523 77.3369 74.2428 96.6208 27.8568 76.5768 25.0 102.033 91.6788 113.807 53.2353 74.8534 46.5725 90.9778 66.4906 42.19 90.4489 81.6586 78.3813 34.0 42.19 39.4081 62.6099 0.0 83.2166 87.9645 41.9762 78.5746 98.86 35.0571 81.8929 22.2036 81.8841 68.593 85.9069 76.8505 8.544 30.8058 79.7508 14.8661 21.095 74.9438 101.514 81.1297 83.2947 60.6383 
71.203 53.7587 98.6677 100.78 96.1869 82.4924 47.0425 93.6089 94.7835 76.6877 66.2722 73.7564 19.9249 61.895 117.792 75.2824 89.3668 33.5261 57.1402 74.3064 66.4078 70.3145 28.6356 74.2428 98.8068 37.6962 88.8118 99.9156 26.9072 99.8124 16.5529 108.934 53.3144 49.366 55.1413 59.2326 82.9827 83.2166 0.0 96.0784 44.5982 75.8402 72.8354 91.4011 46.3249 84.7585 18.1108 104.662 113.48 83.636 86.0233 84.463 54.6839 72.111 85.3815 63.12 94.8276 90.0675 1.0 31.241 
28.4605 50.6371 50.4623 10.7703 35.3425 18.6865 58.8304 58.242 30.6757 75.3248 80.9598 73.9462 83.7346 35.364 31.4006 22.8035 15.5393 77.9753 89.215 23.6008 65.8027 34.4093 77.6447 53.7587 40.4641 58.9411 45.2685 6.0 72.074 54.66 87.3935 16.1245 43.4491 80.0942 62.4972 58.6047 25.9967 87.9645 96.0784 0.0 81.9413 25.4951 37.6431 59.3586 53.8788 68.0684 79.6568 28.4605 19.3132 13.0 96.3996 59.3586 41.976 92.3732 69.4742 33.6308 22.1359 7.07107 97.0 69.8282 
58.9955 53.4013 55.5726 85.8188 57.8395 64.6683 52.6081 49.5002 101.254 33.0151 25.632 30.0167 48.1664 54.5207 83.4608 69.6791 63.8472 54.7083 24.2074 68.7032 21.8403 68.7608 49.7293 79.0965 57.7298 35.6608 47.1874 84.9546 24.5153 55.9026 49.0 78.9852 45.9401 11.4018 19.2399 19.2956 53.2413 41.9762 44.5982 81.9413 0.0 70.2369 71.3156 46.9153 45.493 40.1622 40.1123 69.0012 83.2479 72.2621 47.1699 39.9625 47.3096 35.5106 40.8044 55.7456 95.6284 75.1066 44.9444 18.6815 
11.3137 31.6184 55.5428 30.9611 43.0465 16.0312 40.1967 55.7136 31.3847 65.7984 69.2895 63.7946 62.9718 14.6011 53.8051 3.16228 20.6155 57.8105 77.5107 3.0 54.3896 11.0454 56.8818 37.3631 48.2597 38.1782 43.0116 29.8329 51.8358 59.203 66.6307 39.1155 22.6862 68.3898 50.7928 46.9003 25.0799 78.5746 75.8402 25.4951 70.2369 0.0 20.6155 55.9464 33.1159 61.6117 58.8939 45.1221 43.6005 13.8924 86.5766 53.8516 21.2132 80.8085 63.0079 12.868 26.3059 20.0 76.7618 52.0565 
31.5991 19.105 75.9605 46.5296 62.8013 35.6931 26.5707 76.3217 22.1359 86.0837 90.4219 84.08 55.6597 28.534 68.884 23.0868 38.0 45.1774 93.923 23.4094 74.675 12.0416 47.1699 17.1172 68.2495 37.3596 63.5689 43.4166 52.8338 79.6994 59.7746 53.6004 27.5979 81.581 62.6933 66.2984 45.1221 98.86 72.8354 37.6431 71.3156 20.6155 0.0 76.5572 27.0749 81.9779 54.7449 63.0317 56.921 31.0161 106.862 74.3158 29.071 101.794 83.3705 33.1533 23.4307 35.2278 73.8241 54.4208 
45.5412 72.9932 10.4403 47.0698 22.4722 42.4382 79.2275 3.16228 81.6884 25.7099 38.0789 26.5707 89.8098 57.0088 47.0956 53.6656 44.5533 91.444 51.0 53.2259 26.9072 65.9922 87.9659 93.0744 18.2483 67.2681 14.1421 52.5676 66.4078 9.21954 91.7698 47.5398 60.5701 47.4236 36.4005 32.311 33.4215 35.0571 91.4011 59.3586 46.9153 55.9464 76.5572 0.0 70.1142 13.0384 82.2934 33.7343 51.5461 49.2037 43.2897 7.07107 58.5784 45.8912 14.0 55.0818 73.6771 52.5239 91.774 60.7454 
29.1548 8.24621 73.2601 58.1781 64.2884 40.3113 9.21954 71.007 48.9892 70.4253 67.6882 67.6494 31.0644 18.6011 81.0221 32.5581 46.6684 24.6982 68.1004 31.5822 57.4283 24.5201 24.0416 33.6155 68.4479 10.4403 60.3762 57.2919 25.9615 76.0592 34.9857 66.3325 10.7703 55.7585 39.9982 43.6033 47.1699 81.8929 46.3249 53.8788 45.493 33.1159 27.0749 70.1142 0.0 71.0634 28.4605 69.3542 70.8788 41.0605 88.51 65.6201 12.6491 79.0603 72.2772 20.2485 49.0333 47.4591 47.2969 28.178 
50.4777 75.4664 23.3452 59.1025 34.7131 50.2494 80.2808 16.1245 89.8276 13.0 26.0768 14.4222 86.4696 60.8309 60.0333 59.8164 53.8238 90.0888 39.4081 59.203 18.3848 71.3328 86.0 98.3671 31.0644 66.3702 24.6982 64.6003 62.514 21.1896 87.9659 59.5725 65.1725 38.0132 33.0 29.0172 42.2019 22.2036 84.7585 68.0684 40.1622 61.6117 81.9779 13.0384 71.0634 0.0 78.6384 46.3897 63.7887 57.3847 30.5941 8.94427 66.542 32.9848 1.41421 59.0593 82.2192 61.2337 85.0941 56.5685 
54.2567 35.6931 88.5683 83.8335 83.5284 65.7549 29.0 84.2758 76.711 73.0274 65.1153 70.0286 8.06226 44.9488 104.451 58.3361 72.4205 18.4391 59.2368 57.3602 61.0824 52.2419 12.8062 56.5685 86.3539 20.8087 76.4945 82.9693 16.1245 90.483 9.48683 91.9879 36.3593 48.5077 46.0977 50.2195 69.6403 81.8841 18.1108 79.6568 40.1123 58.8939 54.7449 82.2934 28.4605 78.6384 0.0 91.4001 96.5342 66.6897 86.3481 76.1577 37.7376 73.3757 79.511 46.1737 76.7551 73.0808 19.105 22.0907 
40.2492 68.3408 25.0799 17.72 12.0416 29.4109 76.896 31.0483 59.1354 58.0086 68.469 58.0345 97.6671 51.264 14.5602 41.9762 25.1091 93.9149 79.8311 42.2019 54.1295 56.0892 92.5763 80.0 15.5242 72.6719 23.1948 22.8473 77.7946 29.0689 100.569 15.5563 58.6003 72.45 55.0729 51.1804 22.4722 68.593 104.662 28.4605 69.0012 45.1221 63.0317 33.7343 69.3542 46.3897 91.4001 0.0 18.3576 32.1596 76.9415 38.0526 56.7979 78.0256 47.5184 49.3964 50.5964 28.0713 105.385 73.9585 
45.0463 69.7209 43.382 13.6015 29.1204 35.2647 77.9142 49.0408 47.0956 74.6909 84.2925 74.4029 100.735 52.364 13.1529 40.6079 32.1175 95.2929 95.0444 41.2312 69.5025 53.3385 94.6447 72.7805 33.6155 75.8185 39.4663 13.8924 89.4761 47.4131 104.394 5.38516 60.4491 86.9046 69.3195 65.427 34.2921 85.9069 113.48 19.3132 83.2479 43.6005 56.921 51.5461 70.8788 63.7887 96.5342 18.3576 0.0 29.8469 94.3663 55.109 58.9761 94.3665 65.0 50.6308 39.0 23.6008 114.402 86.7219 
15.5242 40.9089 46.5188 17.1462 32.28 7.2111 48.1413 48.2597 32.5576 64.1405 69.2892 62.6498 70.9164 22.5457 39.9902 10.8167 7.07107 65.7551 77.5104 11.4018 54.231 24.3516 64.8265 48.0937 37.9473 45.974 35.2278 16.2788 59.6316 50.5371 74.5753 25.3006 30.6309 68.3896 50.7925 46.9 15.8114 76.8505 83.636 13.0 72.2621 13.8924 31.0161 49.2037 41.0605 57.3847 66.6897 32.1596 29.8469 0.0 85.235 48.7955 29.1578 80.7775 58.7963 20.8126 24.8395 6.40312 84.5576 57.7866 
75.2861 94.8301 53.0377 89.6597 65.307 78.032 97.2865 46.1736 116.829 21.095 21.5407 22.8035 94.3663 84.6614 90.3549 85.4283 82.7345 101.843 29.0689 84.6463 32.5269 108.678 96.7678 120.273 61.5224 81.265 55.0818 99.4129 71.4703 50.01 94.541 90.1298 85.0258 37.855 49.2037 46.7547 71.1126 8.544 86.0233 96.3996 47.1699 86.5766 106.862 43.2897 88.51 30.5941 86.3481 76.9415 94.3663 85.235 0.0 39.2938 86.3952 14.1421 29.4279 82.8944 109.836 89.5648 86.0058 65.7875 
42.9418 69.6001 17.0 50.385 26.1725 41.7253 74.8131 10.0 81.3204 20.025 31.6228 20.3961 83.7437 53.8516 52.0384 51.8652 45.0 86.093 44.2832 51.3128 19.8494 63.6706 82.425 90.7528 23.0868 62.0081 15.8114 55.8827 60.1664 16.2788 85.6154 50.855 59.3062 40.3609 30.0832 25.9615 33.4215 30.8058 84.463 59.3586 39.9625 53.8516 74.3158 7.07107 65.6201 8.94427 76.1577 38.0526 55.109 48.7955 39.2938 0.0 60.6757 40.1995 10.2956 52.0 73.5935 52.5239 84.836 54.4059 
16.5529 14.5602 61.0328 46.2754 51.6624 28.0179 21.095 59.2115 50.9852 68.2832 65.5847 65.5073 41.8155 7.61577 69.0278 20.6554 34.7131 37.1214 69.9169 19.6795 55.2862 26.5162 35.808 38.2884 55.9017 17.022 48.0416 45.4112 30.6795 64.0078 45.4744 54.4298 2.0 57.575 37.856 41.4611 34.5398 79.7508 54.6839 41.976 47.3096 21.2132 29.071 58.5784 12.6491 66.542 37.7376 56.7979 58.9761 29.1578 86.3952 60.6757 0.0 76.9568 67.8006 8.60233 46.6047 35.5563 55.6056 30.9002 
69.567 85.3039 56.2939 89.6338 66.0076 73.736 87.7967 49.0306 111.59 20.2237 11.6619 20.0 81.3204 84.1679 92.1954 79.8454 79.404 89.5545 15.0 78.9988 26.5707 99.2393 84.309 110.835 63.2851 70.8494 55.0091 95.3865 59.0931 54.1202 81.2527 90.1038 75.5873 25.0799 40.6079 39.1152 68.1542 14.8661 72.111 92.3732 35.5106 80.8085 101.794 45.8912 79.0603 32.9848 73.3757 78.0256 94.3665 80.7775 14.1421 40.1995 76.9568 0.0 32.28 77.1079 104.724 85.5385 72.0625 53.6656 
51.8652 76.725 24.1868 60.3316 35.9026 51.6624 81.4923 17.0294 91.2414 12.53 25.807 14.2127 87.367 62.1841 61.0737 61.2209 55.2178 91.1373 39.2046 60.6053 18.9737 72.7253 87.0057 99.7203 32.1403 67.4759 26.0 65.8294 63.3877 21.8403 88.8175 60.8017 66.4311 38.2753 34.0147 30.0666 43.6005 21.095 85.3815 69.4742 40.8044 63.0079 83.3705 14.0 72.2772 1.41421 79.511 47.5184 65.0 58.7963 29.4279 10.2956 67.8006 32.28 0.0 60.4152 83.6301 62.6394 85.703 57.4282 
10.0 19.2354 56.2228 37.9301 45.3982 20.1246 27.5136 55.3173 43.8853 62.1982 65.589 60.1308 50.2494 2.0 60.7741 12.3101 26.4008 44.9444 78.353 11.3342 50.6891 27.9259 44.0454 39.6994 50.0899 25.458 43.2897 37.044 39.1156 59.5399 53.9104 46.0845 9.89949 66.0111 47.0923 43.1998 27.6586 74.9438 63.12 33.6308 55.7456 12.868 33.1533 55.0818 20.2485 59.0593 46.1737 49.3964 50.6308 20.8126 82.8944 52.0 8.60233 77.1079 60.4152 0.0 38.2595 27.2111 64.0416 39.3363 
36.0555 41.0711 70.4097 32.8938 55.775 32.0156 49.2443 72.5605 8.544 88.7525 93.2051 87.1321 78.0114 39.9926 52.0384 25.9615 29.8579 68.2642 102.068 26.9258 78.2943 27.8927 69.7771 35.7771 61.5284 59.318 59.587 27.8927 77.2273 74.4982 82.1041 37.3363 48.0777 92.9472 75.3502 71.4577 40.3113 101.514 94.8276 22.1359 95.6284 26.3059 23.4307 73.6771 49.0333 82.2192 76.7551 50.5964 39.0 24.8395 109.836 73.5935 46.6047 104.724 83.6301 38.2595 0.0 24.4131 95.8142 77.448 
21.6333 46.4665 49.2564 11.4018 34.6217 11.8518 54.6598 51.4072 32.7567 68.4901 74.1251 67.1115 77.3149 28.9443 34.176 17.0294 8.70457 72.1536 82.3803 17.6918 58.968 29.9666 71.225 52.0384 40.3751 52.3651 38.4337 9.89949 66.0631 53.3449 80.9738 19.2354 37.0294 73.2594 55.6624 51.7699 19.1619 81.1297 90.0675 7.07107 75.1066 20.0 35.2278 52.5239 47.4591 61.2337 73.0808 28.0713 23.6008 6.40312 89.5648 52.5239 35.5563 85.5385 62.6394 27.2111 24.4131 0.0 90.9892 63.309 
72.1246 54.7449 99.2724 101.701 96.91 83.2261 48.0416 94.2136 95.7701 76.9025 66.3702 73.9797 20.8806 62.8167 118.527 76.204 90.6104 34.4819 57.0789 75.2281 66.7308 71.3011 29.6142 75.2396 100.045 38.6264 89.4165 100.837 27.6586 100.417 17.4642 109.856 54.2361 49.4975 55.7459 59.8373 83.7164 83.2947 1.0 97.0 44.9444 76.7618 73.8241 91.774 47.2969 85.0941 19.105 105.385 114.402 84.5576 86.0058 84.836 55.6056 72.0625 85.703 64.0416 95.8142 90.9892 0.0 31.8904 
44.5201 36.2491 67.8265 74.0212 65.4839 51.8142 34.8281 62.7694 76.3351 51.1566 44.2719 48.1664 30.0167 38.1113 87.1066 51.4987 59.1985 36.0555 40.8044 50.5228 39.0128 51.8661 31.0483 61.7738 68.1037 18.0278 58.2178 73.1571 6.0 68.9782 31.4006 82.1756 29.5308 28.6531 24.3516 28.4605 52.2778 60.6383 31.241 69.8282 18.6815 52.0565 54.4208 60.7454 28.178 56.5685 22.0907 73.9585 86.7219 57.7866 65.7875 54.4059 30.9002 53.6656 57.4282 39.3363 77.448 63.309 31.8904 0.0 
DEMAND_SCENARIO_SECTION
0 0 0 0 0 0 0 0 0 0 0 0 0 0 0 0 0 0 0 0 0 0 0 0 0 0 0 0 0 0 0 0 0 0 0 0 0 0 0 0 0 0 0 0 0 0 0 0 0 0 0 0 0 0 0 0 0 0 0 0 0 0 0 0 0 0 0 0 0 0 0 0 0 0 0 0 0 0 0 0 0 0 0 0 0 0 0 0 0 0 0 0 0 0 0 0 0 0 0 0 0 0 0 0 0 0 0 0 0 0 0 0 0 0 0 0 0 0 0 0 0 0 0 0 0 0 0 0 0 0 0 0 0 0 0 0 0 0 0 0 0 0 0 0 0 0 0 0 0 0 0 0 0 0 0 0 0 0 0 0 0 0 0 0 0 0 0 0 0 0 0 0 0 0 0 0 0 0 0 0 0 0 0 0 0 0 0 0 0 0 0 0 0 0 0 0 0 0 0 0 
9 7 10 11 6 8 8 6 1 2 8 11 8 8 11 12 12 3 7 2 8 10 10 4 8 7 7 5 0 10 8 11 4 14 11 13 7 7 8 7 9 7 11 8 11 8 11 12 7 13 10 11 6 8 10 13 7 11 4 8 11 8 7 5 1 7 10 11 10 5 3 12 5 9 7 8 7 10 12 9 2 10 3 8 13 14 9 9 8 9 15 5 10 6 8 13 4 8 10 6 4 6 8 12 7 9 13 8 13 6 13 12 9 3 10 6 6 8 12 4 8 7 7 8 8 5 6 12 11 11 10 10 2 10 8 6 6 11 8 9 8 11 9 4 15 6 10 8 12 8 5 7 9 7 8 11 5 8 8 9 8 9 7 6 4 7 10 10 5 14 6 5 5 5 5 7 13 3 7 9 6 10 10 10 9 10 7 10 6 12 6 10 8 4 5 11 11 6 7 2 
9 6 4 8 6 10 5 4 7 9 8 9 10 8 4 5 7 5 8 7 5 4 8 8 10 4 9 4 4 7 4 8 1 7 3 7 3 0 8 10 6 4 10 9 3 6 10 6 5 7 9 7 8 10 4 5 3 9 6 9 6 8 8 6 4 6 5 6 12 2 9 4 5 6 6 6 6 9 5 6 10 3 7 9 7 6 8 10 9 5 4 0 7 4 7 4 7 9 5 7 10 3 8 10 8 9 7 7 9 7 7 8 10 5 9 4 8 9 6 8 6 6 8 2 8 8 1 9 9 5 7 3 4 11 4 6 7 9 5 8 7 9 5 9 7 7 8 6 7 7 6 6 8 10 9 6 6 3 4 7 6 9 5 5 3 9 12 7 7 9 5 11 8 9 6 11 10 4 4 3 8 8 8 4 8 7 6 5 10 12 9 12 3 9 5 7 7 12 8 5 
4 6 5 3 2 3 3 6 1 6 8 6 2 4 6 4 6 6 4 6 6 5 9 5 4 8 5 5 8 6 6 6 1 7 5 10 6 7 5 8 9 6 4 4 3 3 5 7 8 6 6 3 6 6 2 4 8 4 4 6 9 9 5 6 5 10 8 0 7 2 6 4 5 2 9 6 6 7 4 4 1 9 10 7 4 6 8 3 4 4 6 4 10 6 6 7 0 8 5 6 7 9 3 9 5 7 4 8 3 5 8 5 6 6 6 9 6 5 5 5 6 6 3 8 5 5 6 10 5 5 6 4 8 6 5 5 7 8 4 3 7 8 7 7 7 5 6 8 6 8 6 7 6 11 8 8 4 9 7 3 11 4 12 6 5 5 5 3 6 9 5 7 2 8 5 7 4 6 6 6 6 1 6 6 6 4 6 5 8 3 7 7 1 9 5 5 9 4 4 5 
1 1 1 0 1 1 1 1 1 1 1 1 2 1 1 1 1 1 1 1 0 1 1 1 1 1 2 2 1 1 1 1 1 1 1 1 1 1 1 1 1 1 1 1 1 1 1 1 1 0 1 1 1 1 1 1 1 1 1 1 2 1 1 1 2 1 1 1 1 1 1 1 1 0 1 1 1 1 1 1 1 1 1 1 1 1 1 1 1 1 0 1 1 1 1 1 1 1 1 1 0 1 2 1 0 1 1 1 0 1 1 1 1 1 1 1 1 1 1 1 1 2 2 1 1 1 1 1 1 1 1 1 1 1 1 1 1 1 1 1 2 1 0 1 1 1 1 1 1 1 1 2 1 1 2 1 1 1 1 1 1 1 1 1 1 0 1 1 1 1 1 1 1 1 1 1 1 1 1 1 1 1 1 1 1 1 1 1 0 1 1 1 1 1 0 1 0 1 1 0 
2 2 3 2 3 3 3 2 2 3 3 3 2 2 1 2 2 3 3 2 2 3 1 2 2 2 2 1 1 3 1 2 2 1 3 3 2 2 2 3 3 2 1 1 2 1 2 2 2 3 1 1 3 3 2 3 2 2 1 3 3 1 2 2 3 3 3 2 2 2 2 2 2 3 2 1 1 2 1 2 2 2 2 1 1 2 1 2 1 1 2 2 2 2 3 3 2 3 2 3 1 2 1 3 2 2 2 2 3 2 3 1 2 2 3 2 1 3 2 2 2 2 3 2 3 2 2 2 2 1 3 1 3 3 1 3 1 2 2 1 1 2 1 3 2 1 2 1 1 3 2 2 2 2 1 2 1 3 1 2 1 2 1 1 2 2 2 3 2 2 2 2 2 2 2 1 2 3 3 2 3 2 3 2 2 2 2 2 1 2 2 1 2 2 2 1 1 2 2 3 
3 2 2 2 1 1 2 1 3 1 1 3 2 2 2 1 3 2 2 2 2 1 3 3 4 1 2 1 2 2 2 1 1 2 2 2 2 1 2 2 2 1 1 2 2 3 1 3 2 2 3 1 2 1 1 2 3 2 1 3 1 1 2 3 2 3 1 1 2 2 2 1 1 2 2 2 1 4 2 2 2 2 1 2 0 3 1 1 2 2 1 2 2 2 3 3 1 1 3 1 3 2 2 2 1 2 2 3 2 2 3 2 3 3 2 1 2 2 3 2 0 2 1 1 3 3 2 2 3 1 1 4 2 2 1 2 2 2 3 1 2 2 1 2 2 1 3 1 3 2 3 3 2 2 3 1 3 2 3 2 1 3 1 1 2 3 1 3 2 2 2 1 3 2 1 2 2 2 1 2 3 3 2 1 2 2 2 2 2 2 3 0 1 1 2 3 2 3 3 3 
1 2 1 1 1 1 1 1 1 2 1 0 1 1 1 1 1 1 1 1 1 1 0 1 1 1 1 1 1 1 1 1 2 1 1 1 0 1 1 1 1 1 1 1 1 2 0 1 1 1 1 1 1 1 1 1 0 1 1 1 0 1 1 1 2 1 1 1 1 1 1 1 1 1 1 1 1 1 1 1 1 1 1 1 2 1 1 1 1 1 1 1 1 1 1 1 1 0 1 1 1 1 1 1 1 1 2 1 0 0 0 1 1 1 1 1 1 1 1 1 1 1 1 0 1 1 1 1 0 1 1 1 1 1 1 1 1 1 1 1 1 1 1 1 1 1 1 1 1 1 1 1 1 1 0 1 1 1 0 1 1 1 0 2 1 0 0 0 1 1 1 1 1 1 1 1 1 1 1 1 1 0 0 1 1 1 1 1 2 1 1 1 1 1 1 1 1 0 1 1 
15 18 11 8 11 2 10 12 13 6 10 11 8 6 13 11 13 9 10 11 11 14 14 13 14 8 9 17 12 10 13 11 15 10 6 8 16 10 11 12 9 10 14 8 11 10 11 6 10 10 13 7 8 9 12 9 7 11 9 4 8 4 9 9 11 8 14 8 14 0 8 11 5 13 11 9 12 14 10 12 12 9 8 17 7 17 10 13 12 9 9 14 8 2 7 5 13 8 6 6 14 12 7 2 12 7 10 7 11 9 13 14 6 12 12 8 12 10 6 8 2 14 5 12 7 13 10 9 3 11 10 10 12 7 12 13 4 9 14 3 11 5 13 6 8 12 11 14 8 12 4 12 9 17 7 6 10 14 12 10 7 11 12 9 9 12 9 12 9 13 4 3 14 7 8 8 5 8 8 12 16 11 10 9 13 7 6 10 10 10 10 10 12 9 11 6 12 7 12 7 
4 3 4 2 2 4 4 3 5 6 4 4 3 4 3 6 6 6 7 2 4 1 4 3 7 3 2 3 2 6 3 2 6 4 5 3 3 5 5 3 3 5 4 5 3 4 5 4 3 5 6 4 5 7 8 4 4 4 4 5 2 4 4 5 7 6 8 4 2 5 6 3 5 5 5 3 3 3 3 5 3 5 5 6 5 4 5 3 5 5 3 5 2 1 2 6 4 4 2 5 4 4 4 6 4 2 3 2 5 5 2 6 4 2 4 5 2 4 4 5 3 5 4 6 3 3 4 4 5 3 3 5 6 4 3 5 6 3 4 4 5 4 3 5 5 4 3 4 5 4 6 4 5 6 4 4 3 4 5 1 4 3 3 4 5 6 4 5 3 5 3 2 3 4 4 1 4 5 2 3 4 2 6 6 5 4 4 3 5 4 3 3 5 8 3 3 4 1 5 5 
7 8 10 12 7 8 7 12 2 12 13 6 7 10 11 11 8 10 8 3 11 6 6 8 5 8 10 8 6 9 5 13 11 9 3 7 7 7 9 7 7 13 4 5 11 8 5 9 7 10 5 8 8 8 13 9 6 8 6 7 3 11 6 13 3 12 12 8 11 7 8 6 7 8 5 14 8 5 5 11 13 11 8 10 8 8 10 13 10 10 7 6 7 7 7 11 6 8 10 5 7 6 6 10 7 10 5 6 7 10 8 8 7 8 2 7 9 5 8 5 9 8 9 7 10 12 8 9 8 11 11 7 7 4 12 8 12 11 10 8 8 6 8 6 11 10 9 7 8 11 5 9 8 9 7 11 11 8 12 13 7 8 9 5 8 9 5 4 9 8 5 6 10 9 7 9 9 8 4 8 10 10 9 10 7 6 8 12 6 9 11 10 11 7 13 8 11 6 9 9 
5 3 5 4 4 6 3 5 3 3 1 3 2 6 5 3 4 2 3 4 2 2 6 4 6 4 3 3 2 6 3 2 4 4 6 4 6 3 1 4 3 4 3 2 2 4 5 5 5 6 2 5 4 4 4 4 4 3 2 6 5 6 5 2 5 2 3 3 5 4 4 6 6 1 2 3 1 3 2 3 1 5 4 6 4 5 6 3 4 4 6 3 2 4 4 3 2 6 4 6 7 5 4 3 6 4 5 2 3 4 5 4 5 3 3 5 3 4 3 4 6 3 5 4 4 6 4 4 5 5 3 5 7 6 2 6 3 4 4 6 4 7 2 5 4 4 4 5 6 4 4 4 3 3 4 2 6 4 3 6 3 4 4 6 6 7 5 4 3 6 5 4 2 5 3 5 5 5 4 5 3 3 4 4 4 5 4 3 7 1 5 3 3 6 6 4 4 5 5 4 
1 2 2 2 3 3 2 3 2 1 2 2 1 3 2 3 1 2 2 2 2 0 1 2 3 3 2 3 1 3 2 3 2 2 2 2 2 2 3 2 4 2 2 2 3 2 2 2 3 2 3 3 1 2 2 3 3 3 1 2 2 2 1 3 2 2 2 2 3 1 1 1 3 2 2 2 2 3 1 3 3 2 2 3 2 2 2 2 1 2 1 2 1 2 2 2 2 2 2 2 2 1 2 1 1 3 2 1 2 3 1 2 1 3 3 2 2 1 3 4 1 2 3 2 2 2 1 2 3 1 3 2 3 2 2 2 2 3 2 2 2 2 3 3 2 3 3 3 1 2 3 2 2 3 2 3 3 2 1 2 2 2 2 1 1 1 1 2 2 2 1 2 2 2 3 2 1 1 2 3 2 2 3 1 2 2 1 3 2 1 3 2 3 2 3 2 2 2 3 2 
7 5 2 3 8 6 2 5 3 5 7 5 7 5 5 5 4 2 5 6 5 6 5 4 7 5 3 7 3 3 5 6 6 5 7 9 6 4 2 5 6 5 6 3 6 3 4 4 9 4 5 2 7 8 6 6 2 4 5 3 4 3 5 5 4 6 4 6 6 8 4 5 9 6 7 4 5 4 4 5 4 3 5 6 4 5 6 2 5 7 5 3 2 4 3 5 5 4 5 5 5 4 5 4 4 4 5 4 6 5 6 4 3 3 4 4 6 7 6 8 4 6 4 7 5 8 3 3 4 5 3 7 6 7 6 7 3 3 7 5 5 5 4 5 6 4 5 5 1 4 1 7 5 4 4 9 3 5 3 6 4 6 4 6 4 5 6 4 5 9 4 8 8 4 5 5 3 5 7 5 6 3 3 5 3 7 3 6 9 6 4 6 4 6 6 8 5 5 6 6 
3 4 3 4 2 1 5 5 3 3 4 5 1 5 4 3 5 4 2 4 2 6 6 5 4 4 4 3 5 6 4 4 3 5 3 5 6 2 2 5 2 3 3 4 4 7 5 3 4 3 3 5 6 4 4 4 5 4 4 5 3 2 4 4 6 4 5 5 2 3 6 3 4 4 5 4 4 2 4 4 3 3 5 3 2 2 5 3 3 2 6 5 3 4 5 6 5 4 3 3 5 4 4 1 4 5 5 3 5 6 4 2 2 4 2 7 4 3 3 5 5 3 4 1 5 7 5 4 5 4 4 3 4 5 3 5 2 4 5 4 3 5 6 4 6 2 6 4 3 5 4 3 5 2 7 7 5 3 5 4 4 5 5 3 4 3 4 3 3 4 5 2 5 5 3 5 4 3 3 3 5 1 6 3 5 5 5 2 2 3 5 3 2 8 3 6 3 4 4 5 
2 1 1 1 0 1 1 0 1 1 1 1 1 1 2 1 1 1 1 2 1 1 1 1 1 1 1 1 1 1 1 1 1 1 1 1 1 1 2 1 1 1 1 1 1 1 1 0 1 1 1 1 1 1 1 1 1 1 1 1 1 2 1 2 0 1 1 1 1 0 1 1 1 2 1 1 1 1 1 1 1 1 1 0 1 1 1 1 1 1 1 1 1 1 1 1 1 1 1 1 1 1 1 1 1 1 1 1 1 1 1 1 1 0 1 0 1 1 1 2 1 1 1 1 1 1 1 1 1 1 1 1 1 1 1 1 1 1 1 1 1 1 1 1 1 1 1 1 1 1 1 2 1 1 1 1 1 1 1 1 2 1 1 2 1 1 0 1 1 1 1 1 1 1 2 1 0 1 1 0 1 1 1 1 1 1 1 2 1 1 1 2 1 1 1 1 1 1 1 1 
1 1 1 1 1 1 2 1 1 2 1 1 1 1 1 1 2 1 1 1 1 1 1 1 1 1 1 1 1 1 0 1 1 1 1 1 1 1 1 1 1 1 2 1 1 1 2 2 1 1 1 1 1 1 1 0 1 1 2 1 1 1 1 2 1 1 1 1 1 1 1 1 1 1 1 1 1 1 1 1 1 1 2 2 1 1 1 1 1 1 1 1 1 1 1 1 1 1 1 1 1 1 1 1 0 1 1 1 1 1 1 1 1 1 1 1 1 1 1 1 1 1 1 1 1 1 1 1 1 1 1 1 1 1 1 1 1 1 1 1 1 1 2 1 1 1 1 1 2 1 1 1 1 1 1 1 1 1 1 0 2 1 1 1 1 1 1 2 1 1 1 1 1 0 1 1 0 1 1 1 1 1 1 1 1 1 1 1 1 1 1 1 0 1 1 1 1 1 1 1 
6 9 11 7 9 13 7 12 16 13 6 3 8 12 10 9 7 8 3 5 6 11 9 6 8 10 13 11 10 2 6 12 11 7 6 5 7 7 6 5 11 13 6 10 19 10 4 9 5 5 12 7 6 11 13 11 6 6 12 8 9 11 6 7 14 11 8 11 9 7 11 10 9 14 13 10 9 6 13 7 7 12 11 13 9 9 9 9 7 8 13 10 6 14 8 6 11 8 10 9 6 9 11 5 4 10 9 7 9 7 8 10 13 10 6 5 13 10 9 6 8 14 15 6 8 8 13 10 8 13 14 10 13 9 10 7 9 10 7 11 13 7 7 6 15 7 12 10 7 12 8 12 7 9 6 11 8 8 11 5 9 11 7 12 7 6 12 6 9 7 10 9 9 0 7 7 11 6 12 6 9 8 9 10 9 12 10 7 6 11 9 4 6 11 10 7 11 13 9 7 
4 3 7 4 5 8 5 7 7 3 6 6 6 5 5 6 7 7 7 9 8 8 2 2 9 10 6 6 7 5 6 5 6 5 3 5 7 4 6 6 4 6 7 4 5 7 6 8 9 7 4 8 2 6 5 5 7 9 7 6 5 6 6 8 9 3 6 2 4 5 5 4 4 4 5 4 1 7 9 7 9 10 4 5 9 9 3 3 7 7 7 4 6 6 6 5 10 0 10 1 7 5 6 8 7 6 10 7 7 2 6 9 7 4 6 2 9 6 8 9 1 8 5 4 6 8 10 7 5 11 8 5 6 8 11 6 7 5 7 6 7 5 5 8 5 5 6 7 7 3 4 8 5 7 9 7 9 6 12 5 6 5 6 8 9 5 9 8 4 8 6 7 6 10 5 7 9 7 10 5 5 7 7 7 11 6 8 5 8 5 7 8 9 5 8 7 8 5 8 8 
5 7 7 8 7 5 5 10 4 7 7 9 9 8 6 4 9 7 7 7 5 4 6 10 6 10 6 7 8 9 6 7 8 5 2 10 7 6 8 8 8 8 10 6 7 5 5 8 1 8 6 5 8 10 6 7 9 2 3 5 7 8 8 8 10 8 7 4 4 9 6 6 6 9 12 5 11 8 2 5 7 8 6 10 3 9 6 8 7 10 3 6 9 8 7 7 8 5 10 8 5 11 4 5 7 6 7 3 8 1 1 5 5 10 9 7 5 6 9 8 9 7 10 4 8 8 6 6 8 10 2 11 7 11 7 6 10 7 4 0 5 6 8 8 9 5 4 12 6 9 6 5 6 9 3 2 8 6 7 7 6 6 12 3 9 6 7 3 5 3 6 4 8 6 8 5 5 6 5 8 6 6 6 8 10 9 10 5 6 11 6 8 6 9 8 7 8 6 8 6 
6 4 4 6 4 5 5 5 6 3 5 3 2 2 3 4 2 6 2 4 4 4 4 6 4 6 2 2 4 4 5 3 6 5 1 5 1 6 2 3 5 3 6 3 4 6 4 4 5 5 3 5 5 4 3 4 2 3 5 5 0 5 4 5 2 1 3 5 4 6 2 3 1 2 2 5 5 3 6 4 6 2 3 3 3 3 2 4 3 4 5 3 6 2 5 4 4 5 3 4 3 4 3 8 5 2 3 2 4 4 4 5 0 2 4 7 5 6 3 5 5 4 5 3 2 5 5 4 3 3 2 5 3 5 5 4 3 2 5 3 5 6 4 4 4 2 3 7 4 3 3 4 4 6 6 5 5 3 5 4 4 3 3 5 6 3 4 4 4 1 7 6 6 5 1 4 4 4 3 3 4 3 3 5 1 3 4 6 4 3 4 6 5 6 6 6 5 4 3 4 
2 2 3 3 2 3 2 1 2 3 1 2 1 1 2 2 2 3 1 2 3 2 3 2 2 1 2 1 2 2 2 2 3 2 2 4 1 2 2 1 1 1 2 2 1 2 2 2 3 3 2 1 2 1 1 2 2 3 2 1 1 2 0 3 3 0 1 2 3 3 2 2 2 2 3 4 2 1 2 0 2 3 2 2 2 1 1 2 2 2 3 2 2 2 2 3 3 2 1 3 2 2 2 2 1 2 2 2 2 1 1 2 3 1 1 3 2 1 3 2 2 2 2 2 2 2 2 2 2 3 1 1 1 1 1 1 1 2 3 2 2 2 2 2 2 1 2 2 2 2 1 2 3 3 2 2 3 1 3 2 2 2 3 1 2 2 2 3 2 2 2 1 1 1 2 2 2 2 2 1 4 3 3 1 2 2 2 1 3 3 2 2 1 1 2 3 3 2 1 3 
5 4 6 8 4 2 10 5 6 5 5 6 7 5 6 7 8 6 7 4 7 8 9 8 7 7 6 5 9 8 6 4 5 7 7 7 6 5 6 6 7 8 8 6 3 7 3 5 10 8 8 8 5 6 5 6 5 4 3 3 9 4 7 8 6 8 8 8 9 5 4 5 8 6 2 5 6 5 9 4 10 8 6 4 4 6 6 5 9 7 5 8 4 7 7 11 6 8 7 4 4 8 5 8 8 7 3 5 6 4 7 7 8 6 8 4 8 7 4 7 6 10 7 2 5 4 4 2 11 6 7 6 3 6 4 7 3 6 3 4 4 9 5 7 8 7 7 6 9 7 6 7 3 7 5 8 7 7 7 10 5 6 4 8 6 6 5 7 6 4 7 5 5 8 4 1 9 10 6 5 5 6 7 4 7 6 8 3 3 7 6 5 4 5 7 7 4 10 9 4 
6 5 10 4 8 7 7 5 7 5 7 9 6 5 5 7 7 6 6 7 4 8 7 5 6 3 5 6 4 7 4 4 9 4 6 2 9 4 7 7 4 7 7 4 6 2 7 5 5 10 10 7 6 5 6 3 7 8 6 5 7 4 7 2 7 11 7 7 6 5 6 0 7 6 3 7 3 6 8 7 5 5 7 7 6 8 3 4 7 2 9 1 4 1 6 6 3 6 10 7 4 6 6 7 3 8 6 7 6 6 2 7 9 5 5 4 5 4 6 7 4 5 7 3 6 5 3 3 5 7 8 4 6 8 5 6 9 9 5 5 6 3 6 5 5 6 6 8 8 5 9 3 4 6 4 8 6 8 9 7 7 6 8 4 8 8 8 5 7 6 7 5 5 3 4 5 5 5 3 9 6 8 2 7 7 4 7 11 3 3 6 7 7 9 4 4 7 5 6 9 
