NAME  : Jabali_60_4_0.82_1_7
TYPE : SVRP
MODEL : FINITE_SUPPORT
NUMBER_OF_SCENARIOS : 200
DIMENSION : 60
EDGE_WEIGHT_TYPE : MATRIX
CAPACITY : 111
N_VEHICLES : 4
NODE_COORD_SECTION
1 4222 3733
2 2298 5280
3 5674 1204
4 3200 1515
5 6195 1229
6 3685 5511
7 4108 3373
8 3655 5382
9 6914 2851
10 7451 5145
11 4623 8629
12 4742 5214
13 2404 6328
14 3255 4589
15 6207 4365
16 4210 1215
17 2467 317
18 4744 2701
19 6070 5612
20 2232 18
21 5892 4647
22 5146 924
23 3728 827
24 4205 1586
25 4050 7216
26 3619 4671
27 764 6387
28 1902 7652
29 837 5160
30 6364 1464
31 428 4145
32 5264 5836
33 4783 7707
34 3623 1724
35 4972 4195
36 7616 3474
37 4881 4301
38 6671 2614
39 122 4856
40 5260 7123
41 27 5454
42 4189 5553
43 4489 2777
44 5443 4544
45 6088 6256
46 4901 800
47 2886 7223
48 8398 3534
49 8826 3469
50 8453 3283
51 5767 5121
52 4991 6149
53 4922 1657
54 1895 3606
55 3783 5770
56 1327 1980
57 1448 1726
58 5352 6339
59 7750 2876
60 6210 5782
DEMAND_SECTION
1 0.0
2 7.0
3 6.0
4 10.0
5 9.0
6 8.0
7 8.0
8 2.0
9 9.0
10 5.0
11 9.0
12 5.0
13 8.0
14 7.0
15 8.0
16 6.0
17 1.0
18 3.0
19 8.0
20 3.0
21 1.0
22 9.0
23 10.0
24 10.0
25 4.0
26 6.0
27 3.0
28 8.0
29 4.0
30 8.0
31 8.0
32 8.0
33 8.0
34 8.0
35 7.0
36 1.0
37 10.0
38 7.0
39 10.0
40 10.0
41 9.0
42 8.0
43 2.0
44 5.0
45 8.0
46 10.0
47 8.0
48 1.0
49 1.0
50 3.0
51 4.0
52 8.0
53 4.0
54 1.0
55 10.0
56 2.0
57 7.0
58 9.0
59 1.0
60 5.0
DEVIATION_SECTION
1 0.0
2 2.33333
3 2.0
4 3.33333
5 3.0
6 2.66667
7 2.66667
8 0.666667
9 3.0
10 1.66667
11 3.0
12 1.66667
13 2.66667
14 2.33333
15 2.66667
16 2.0
17 0.333333
18 1.0
19 2.66667
20 1.0
21 0.333333
22 3.0
23 3.33333
24 3.33333
25 1.33333
26 2.0
27 1.0
28 2.66667
29 1.33333
30 2.66667
31 2.66667
32 2.66667
33 2.66667
34 2.66667
35 2.33333
36 0.333333
37 3.33333
38 2.33333
39 3.33333
40 3.33333
41 3.0
42 2.66667
43 0.666667
44 1.66667
45 2.66667
46 3.33333
47 2.66667
48 0.333333
49 0.333333
50 1.0
51 1.33333
52 2.66667
53 1.33333
54 0.333333
55 3.33333
56 0.666667
57 2.33333
58 3.0
59 0.333333
60 1.66667
DISTANCE_MATRIX
0.0 41.227 40.0501 34.8281 44.1106 31.6619 5.0 30.8713 44.1239 48.8365 65.7687 20.2315 46.719 19.4722 29.4721 35.3553 54.4059 16.0312 35.5106 58.8218 26.3059 40.7922 41.4005 30.8869 47.5143 21.8599 61.0628 65.0834 48.4315 44.2832 50.4949 30.4959 53.3104 30.4138 12.3693 51.4185 12.1655 44.1239 55.5418 46.3764 59.5763 26.4119 14.3178 20.2237 41.1096 41.4849 54.805 61.9181 66.9083 62.5698 28.0713 32.9234 30.5941 31.0161 35.0927 47.2652 47.676 36.6325 53.9258 37.6563 
41.227 0.0 76.6395 52.375 81.1124 18.252 41.7717 17.2761 83.0902 67.8613 58.9453 31.5105 16.5529 22.5869 52.056 61.5391 66.3347 53.3348 49.5535 69.7807 47.1582 72.0573 63.2188 57.8708 39.5628 24.1983 30.6757 36.0555 23.4307 81.285 30.8058 39.6294 48.4836 52.2291 40.7573 74.8648 39.7839 83.0902 32.7567 47.676 34.6554 24.3333 50.7547 42.3544 51.6236 71.3883 27.2179 85.1411 89.9508 84.8171 45.0591 38.0526 63.0455 21.1803 20.0 45.1215 47.3051 43.0465 92.0641 51.1003 
40.0501 76.6395 0.0 32.45 6.7082 66.5891 36.1248 68.6726 26.5707 57.1402 102.704 57.1669 82.1316 54.8847 42.8329 19.2354 44.7214 24.0263 59.3794 48.3735 47.0955 8.0 25.9615 19.8494 84.4497 57.6848 94.3407 100.908 81.7068 9.21954 79.925 67.2672 90.2458 27.6586 45.7111 39.2938 46.062 22.8473 87.6584 83.3118 92.7038 63.3473 26.1725 53.3362 67.4095 11.0 90.6299 46.0977 50.0 48.2597 53.3701 69.8587 11.6619 58.6686 68.3224 58.6003 56.8595 73.5218 35.1283 61.1378 
34.8281 52.375 32.45 0.0 39.1152 52.7567 30.0 51.9661 52.7731 76.1183 97.9488 54.6488 65.9535 40.5669 56.5155 13.4536 19.7231 26.6833 68.2232 24.1868 56.7657 26.1725 11.1803 13.0 78.4395 42.9547 72.1734 83.9147 58.0775 41.1825 52.2015 64.8999 86.96 6.0 43.536 65.4905 43.8869 48.8365 61.3922 80.7936 67.7422 57.3534 25.2982 51.283 74.7161 24.0832 75.7625 74.5252 79.0759 76.1183 60.2978 67.3406 22.4722 33.0606 56.1874 26.2488 24.4131 71.0497 63.7887 70.447 
44.1106 81.1124 6.7082 39.1152 0.0 70.6496 40.204 72.7331 22.4722 54.037 101.151 61.2274 86.6044 59.3575 40.8029 25.9422 51.1957 28.0868 57.3495 54.7449 45.0656 14.3178 32.573 26.4008 88.5102 61.7453 100.948 104.969 86.8318 3.16228 85.703 63.0307 88.6305 34.2053 49.7716 34.5398 50.1225 19.2094 93.1504 79.2227 97.9439 67.4078 30.3669 47.4954 65.3795 17.2627 94.6904 40.4475 44.1022 42.7551 51.3401 67.9152 17.6918 64.3506 72.3829 65.215 63.5138 68.595 29.6142 59.1078 
31.6619 18.252 66.5891 52.7567 70.6496 0.0 32.2066 1.0 55.0396 49.93 45.299 13.6015 21.095 12.2066 34.8281 57.6563 70.9902 41.0493 31.3847 75.1725 29.7321 65.4124 61.7852 53.3766 25.7897 11.6619 42.5206 38.9836 40.2492 70.8223 49.0306 21.3776 34.2053 50.0832 23.6417 57.7317 22.6684 55.0396 50.1597 31.0161 50.774 6.08276 41.1896 25.2389 33.3766 66.0109 28.7052 68.0074 72.8011 67.624 27.2029 20.025 55.6047 35.6931 3.60555 57.7754 59.0339 25.02 62.7589 32.8938 
5.0 41.7717 36.1248 30.0 40.204 32.2066 0.0 31.4159 41.3665 51.2445 70.2602 24.7231 47.2637 20.0168 31.6383 30.4138 49.6488 12.1655 39.2938 54.0833 29.0 36.3456 36.4005 25.9422 57.8894 22.4046 61.6075 65.628 48.9761 40.3766 50.448 34.9874 57.8019 25.4558 15.0333 48.6611 15.1327 41.3665 55.9732 50.8679 60.121 30.9034 10.0 23.0217 45.31 36.8782 55.3497 59.1608 64.1509 59.8124 31.5753 37.4149 26.1725 30.0167 35.6373 44.0114 44.1814 41.124 51.1685 41.4849 
30.8713 17.2761 68.6726 51.9661 72.7331 1.0 31.4159 0.0 55.6343 50.774 46.0168 14.4222 20.5913 11.4018 35.4683 56.8657 70.1996 42.9791 32.311 74.3818 30.4138 65.2528 60.9945 52.586 26.5075 11.1803 41.8688 38.5593 39.3573 72.9057 48.0521 22.3607 35.0 49.2926 24.2195 58.3265 23.2462 55.6343 49.2443 31.9531 49.93 7.07107 40.399 25.807 34.3657 65.2202 28.2809 68.6003 73.4098 68.2495 28.0179 21.0238 55.4309 34.7131 4.24264 56.8595 58.1378 26.0192 63.3537 33.8378 
44.1239 83.0902 26.5707 52.7731 22.4722 55.0396 41.3665 55.6343 0.0 31.8277 82.8734 42.4056 76.0989 61.3353 22.2036 42.0 69.0072 32.8568 38.3275 73.0616 27.0185 34.2053 50.04 40.1995 68.1175 63.7231 97.4799 93.6648 90.2946 19.4165 91.7956 45.0444 70.4557 46.8722 36.8828 13.0384 37.2337 4.0 97.3318 60.8276 101.44 50.8536 35.1369 29.6777 46.1736 37.108 83.3864 21.8403 26.5707 23.3452 33.1361 50.01 31.0161 71.256 56.4827 76.5506 75.5844 50.3587 11.6619 39.8497 
48.8365 67.8613 57.1402 76.1183 54.037 49.93 51.2445 50.774 31.8277 0.0 61.0 36.3593 69.527 55.8434 20.0 68.9619 94.8327 49.4975 19.8494 99.2127 22.561 64.0078 77.2808 65.6795 53.3385 51.3039 91.5478 80.6632 90.0637 51.0882 97.4029 31.1448 50.2892 70.214 36.4966 23.2594 36.6742 34.8281 99.8968 40.1622 100.703 44.4072 51.2445 28.6356 23.7697 66.6483 66.4049 28.0713 31.0644 26.0 22.8254 35.609 58.0953 79.5551 50.0 95.0842 95.0053 32.7567 30.8707 19.4165 
65.7687 58.9453 102.704 97.9488 101.151 45.299 70.2602 46.0168 82.8734 61.0 0.0 45.618 44.5982 57.3847 60.6712 98.8072 116.182 78.6975 45.0444 120.365 56.0892 103.926 105.691 94.4689 21.2603 56.7274 59.0085 37.2156 68.6586 98.5873 82.28 38.3275 12.6491 95.2754 59.5063 81.0062 58.6003 83.5465 78.0897 22.0907 74.2428 42.2019 77.2579 56.6127 38.0526 104.427 31.9531 88.459 91.9239 86.7006 49.8197 33.8378 93.4118 78.3511 41.7765 102.292 103.551 32.5576 88.0227 44.0 
20.2315 31.5105 57.1669 54.6488 61.2274 13.6015 24.7231 14.4222 42.4056 36.3593 45.618 0.0 34.0588 21.0238 21.9545 53.5159 74.3397 33.1604 18.4391 78.7835 16.6433 58.3891 60.1543 49.105 27.6776 17.1172 55.8659 51.7055 53.7122 57.6593 62.0238 10.7703 33.121 49.8219 13.9284 45.1774 13.0 42.6185 63.5461 26.1725 64.3506 8.60233 31.7207 13.3417 22.2036 58.89 41.4271 55.2268 59.9083 54.6443 13.6015 12.7279 47.8747 46.0109 14.2127 65.8952 66.8548 16.6433 50.3289 20.2237 
46.719 16.5529 82.1316 65.9535 86.6044 21.095 47.2637 20.5913 76.0989 69.527 44.5982 34.0588 0.0 27.4617 55.8032 71.1691 79.9132 58.8269 50.0 83.3592 50.6063 81.1006 76.1655 66.7309 26.0192 29.0731 22.0227 19.6469 25.0 86.777 37.855 38.833 38.1182 64.5573 44.7301 78.7718 43.7568 76.0989 35.0571 40.9419 33.2415 25.4951 56.2468 46.3249 49.6707 81.068 12.6491 89.0505 93.8136 88.6002 47.3814 35.3703 71.2787 34.7588 19.8494 58.6941 60.8836 39.8547 83.8183 51.0392 
19.4722 22.5869 54.8847 40.5669 59.3575 12.2066 20.0168 11.4018 61.3353 55.8434 57.3847 21.0238 27.4617 0.0 39.1998 45.4666 58.8004 31.58 39.3192 62.9827 34.302 53.8537 49.5954 41.1869 37.8754 5.0 48.0345 45.8261 39.0003 59.5302 41.6393 31.1448 46.4004 37.8935 31.58 62.0086 26.9278 61.3353 46.1106 42.9535 50.1452 17.088 28.9999 29.4982 43.0465 53.8211 35.5477 72.2849 77.0947 71.9609 33.2415 31.0483 44.0318 25.0 15.6205 45.8803 47.0106 35.9026 71.1373 41.1947 
29.4721 52.056 42.8329 56.5155 40.8029 34.8281 31.6383 35.4683 22.2036 20.0 60.6712 21.9545 55.8032 39.1998 0.0 50.2527 75.5844 29.8329 16.5529 80.0062 5.38516 49.3593 58.2175 46.6154 46.5296 34.6604 77.3369 73.5259 74.2584 38.2389 79.6864 23.0217 48.2597 50.6952 17.1212 23.2594 17.4642 23.0868 84.0916 38.6394 84.9465 30.5287 31.4006 10.0 24.5967 51.9487 63.2476 33.2866 38.0132 32.8024 11.0 28.0713 41.6803 60.4453 36.0555 75.1066 75.0067 28.1603 28.8617 18.3576 
35.3553 61.5391 19.2354 13.4536 25.9422 57.6563 30.4138 56.8657 42.0 68.9619 98.8072 53.5159 71.1691 45.4666 50.2527 0.0 27.0185 21.9317 64.5373 31.1448 51.1134 12.7279 8.24621 4.47214 80.5528 47.8544 81.3748 89.5334 68.2495 28.2312 64.0781 63.6161 86.3489 9.84886 42.06 55.0091 42.4109 38.0 72.7324 79.6607 78.5875 59.4504 22.0227 53.1647 72.5079 10.8167 80.7994 63.2851 67.6018 65.123 57.3568 66.2077 11.0454 43.6807 61.0871 39.6989 37.8021 69.8707 52.345 66.6129 
54.4059 66.3347 44.7214 19.7231 51.1957 70.9902 49.6488 70.1996 69.0072 94.8327 116.182 74.3397 79.9132 58.8004 75.5844 27.0185 0.0 45.8803 87.9426 4.47214 76.0555 36.8782 19.0263 29.4279 96.6731 61.1882 84.8999 97.8743 69.4262 53.9351 60.0333 84.5991 105.194 25.0799 63.2554 82.0244 63.6063 65.0077 70.1142 100.485 77.3175 75.5869 44.7772 71.0024 94.4355 33.9559 94.1284 90.1388 94.3398 92.0489 80.0172 87.0315 38.0526 45.5412 74.4209 27.1662 24.1868 90.7407 79.1581 90.1664 
16.0312 53.3348 24.0263 26.6833 28.0868 41.0493 12.1655 42.9791 32.8568 49.4975 78.6975 33.1604 58.8269 31.58 29.8329 21.9317 45.8803 0.0 43.6 50.3289 30.1762 25.0 29.4109 17.8045 60.4431 33.9678 73.1706 77.1912 59.7248 28.2594 60.1415 43.2606 66.2392 20.8806 21.7045 42.0082 22.0554 29.1661 66.6108 59.3052 70.8697 39.3407 2.82843 32.2275 52.8846 26.0 66.9128 54.6488 59.4243 53.1684 36.4195 45.8522 14.8661 38.8973 44.3159 47.2969 46.6905 49.5152 44.3954 45.6756 
35.5106 49.5535 59.3794 68.2232 57.3495 31.3847 39.2938 32.311 38.3275 19.8494 45.0444 18.4391 50.0 39.3192 16.5529 64.5373 87.9426 43.6 0.0 92.409 13.4536 65.9309 72.5001 60.8586 34.0147 35.0571 72.0129 61.2845 71.5891 54.7854 80.3323 11.3137 33.0606 63.1433 24.6982 36.1248 24.3516 39.5601 81.5414 23.0 81.8841 25.4951 44.9521 17.4929 8.06226 67.1534 47.0262 44.3847 48.3839 43.0116 8.06226 15.8114 55.9781 64.195 30.8869 82.7345 83.1865 13.6015 43.0 2.23607 
58.8218 69.7807 48.3735 24.1868 54.7449 75.1725 54.0833 74.3818 73.0616 99.2127 120.365 78.7835 83.3592 62.9827 80.0062 31.1448 4.47214 50.3289 92.409 0.0 80.5016 40.4475 23.0217 33.7343 100.753 65.3705 87.9318 101.32 72.2772 57.5587 62.2896 89.0449 109.376 29.5466 67.7218 86.093 68.0727 69.0652 72.4431 104.928 79.7621 79.7692 49.2443 75.4688 98.9019 37.4833 98.294 94.0479 98.1835 96.0052 84.4836 91.4753 42.19 48.8467 78.6032 29.0172 26.0192 95.1844 83.0542 94.6328 
26.3059 47.1582 47.0955 56.7657 45.0656 29.7321 29.0 30.4138 27.0185 22.561 56.0892 16.6433 50.6063 34.302 5.38516 51.1134 76.0555 30.1762 13.4536 80.5016 0.0 52.5071 59.0763 47.4348 41.3038 29.7626 72.2496 68.2967 69.3606 42.5015 75.8616 18.0278 43.566 51.0397 14.0357 28.6356 14.1421 27.4607 79.1938 34.2053 80.014 25.2389 31.4982 6.08276 21.4009 53.7296 58.0183 38.5876 43.2666 38.0132 6.32456 23.0 42.5543 57.0088 30.8058 73.0068 73.1095 23.5372 34.2053 15.5563 
40.7922 72.0573 8.0 26.1725 14.3178 65.4124 36.3456 65.2528 34.2053 64.0078 103.926 58.3891 81.1006 53.8537 49.3593 12.7279 36.8782 25.0 65.9309 40.4475 52.5071 0.0 18.3848 14.7648 85.3435 56.2415 91.893 99.4649 79.1202 17.1172 76.0263 68.4894 91.468 22.2036 46.9332 47.0744 47.2841 30.3645 84.309 84.5339 89.8109 64.2412 26.4764 54.5584 73.9016 3.0 89.1866 54.0833 58.0 56.2228 58.7504 71.0809 10.198 55.1543 67.1457 52.4023 50.448 74.744 43.1045 68.0065 
41.4005 63.2188 25.9615 11.1803 32.573 61.7852 36.4005 60.9945 50.04 77.2808 105.691 60.1543 76.1655 49.5954 58.2175 8.24621 19.0263 29.4109 72.5001 23.0217 59.0763 18.3848 0.0 11.6619 87.468 51.9832 83.0542 94.7585 69.1809 35.171 63.3246 70.2746 93.2332 11.7047 48.7185 63.0714 49.0694 46.0435 72.5672 86.2992 78.9177 66.3347 29.0689 61.1276 79.8986 15.6525 84.9283 71.1126 75.326 73.0274 65.3196 72.8461 19.2354 44.1814 65.2159 35.609 33.3017 76.5292 60.1332 74.5757 
30.8869 57.8708 19.8494 13.0 26.4008 53.3766 25.9422 52.586 40.1995 65.6795 94.4689 49.105 66.7309 41.1869 46.6154 4.47214 29.4279 17.8045 60.8586 33.7343 47.4348 14.7648 11.6619 0.0 76.2145 43.5747 77.7066 86.7981 64.7611 28.3019 61.2699 59.2053 82.0106 7.81025 37.6491 53.0848 38.0 36.2215 69.6419 75.2498 75.2861 55.1121 17.6918 49.4861 68.8292 13.6015 76.5197 61.8142 66.2873 63.5059 53.6781 61.7968 9.48683 40.4969 56.8074 38.833 37.2156 65.4599 50.9902 62.9342 
47.5143 39.5628 84.4497 78.4395 88.5102 25.7897 57.8894 26.5075 68.1175 53.3385 21.2603 27.6776 26.0192 37.8754 46.5296 80.5528 96.6731 60.4431 34.0147 100.753 41.3038 85.3435 87.468 76.2145 0.0 37.2211 44.9222 27.6586 51.0098 83.3767 63.6423 23.7697 12.1655 75.7661 41.4898 69.1231 40.5289 68.3359 61.0082 16.1245 58.5491 22.8854 58.5315 40.2163 30.0 86.1727 14.3178 78.1089 82.28 76.896 35.6931 18.6815 75.1574 60.5964 22.2673 82.6349 84.0419 20.5913 75.3127 34.0 
21.8599 24.1983 57.6848 42.9547 61.7453 11.6619 22.4046 11.1803 63.7231 51.3039 56.7274 17.1172 29.0731 5.0 34.6604 47.8544 61.1882 33.9678 35.0571 65.3705 29.7626 56.2415 51.9832 43.5747 37.2211 0.0 49.6459 47.4374 43.8799 61.9179 46.5188 27.6586 45.2769 40.2813 23.3617 57.4692 22.3883 63.7231 50.9902 40.8167 55.0247 15.0 31.3877 24.9588 39.3192 56.2089 36.8935 67.7455 72.5553 67.4215 28.7024 28.2312 46.4196 29.1548 15.2643 48.7986 49.7581 32.8938 72.697 37.0135 
61.0628 30.6757 94.3407 72.1734 100.948 42.5206 61.6075 41.8688 97.4799 91.5478 59.0085 55.8659 22.0227 48.0345 77.3369 81.3748 84.8999 73.1706 72.0129 87.9318 72.2496 91.893 83.0542 77.7066 44.9222 49.6459 0.0 22.561 16.1245 101.121 29.7321 60.8403 56.0892 72.0649 66.0702 100.172 65.0969 97.4799 21.6333 60.7454 15.8114 47.3814 70.5905 67.6673 71.6777 91.2241 30.6757 110.448 115.256 110.114 69.3109 57.3773 82.8813 39.6232 41.7253 60.4152 63.1585 61.8616 105.199 73.0467 
65.0834 36.0555 100.908 83.9147 104.969 38.9836 65.628 38.5593 93.6648 80.6632 37.2156 51.7055 19.6469 45.8261 73.5259 89.5334 97.8743 77.1912 61.2845 101.32 68.2967 99.4649 94.7585 86.7981 27.6586 47.4374 22.561 0.0 35.5106 105.141 49.93 51.0293 36.6742 82.9216 62.5636 96.5669 61.5903 93.8777 43.4626 43.6005 38.3275 43.1177 74.6111 64.1415 57.4323 99.4323 16.5529 105.36 109.534 104.15 62.9715 45.938 89.643 52.6972 37.4962 76.2168 78.6003 47.9067 101.157 61.3007 
48.4315 23.4307 81.7068 58.0775 86.8318 40.2492 48.9761 39.3573 90.2946 90.0637 68.6586 53.7122 25.0 39.0003 74.2584 68.2495 69.4262 59.7248 71.5891 72.2772 69.3606 79.1202 69.1809 64.7611 51.0098 43.8799 16.1245 35.5106 0.0 87.2687 14.4222 61.0983 63.0714 58.6941 62.9597 97.0672 61.9863 90.2946 10.198 65.3758 11.4018 46.0977 56.9723 64.5568 72.7324 78.339 37.2156 107.343 112.153 107.02 67.2615 58.5235 70.2282 25.02 40.8534 44.3847 47.1699 63.3246 100.097 73.0068 
44.2832 81.285 9.21954 41.1825 3.16228 70.8223 40.3766 72.9057 19.4165 51.0882 98.5873 57.6593 86.777 59.5302 38.2389 28.2312 53.9351 28.2594 54.7854 57.5587 42.5015 17.1172 35.171 28.3019 83.3767 61.9179 101.121 105.141 87.2687 0.0 86.6083 60.4667 86.0665 36.0555 49.9442 31.3847 50.2951 16.2788 93.8136 76.6587 98.4124 67.5804 30.5395 44.9314 62.8154 20.0998 94.863 37.3363 41.0488 39.6232 48.7761 65.3512 19.2094 65.215 72.5555 67.1193 65.5134 66.031 26.4764 56.5438 
50.4949 30.8058 79.925 52.2015 85.703 49.0306 50.448 48.0521 91.7956 97.4029 82.28 62.0238 37.855 41.6393 79.6864 64.0781 60.0333 60.1415 80.3323 62.2896 75.8616 76.0263 63.3246 61.2699 63.6423 46.5188 29.7321 49.93 14.4222 86.6083 0.0 70.406 75.8024 54.231 62.6027 99.0902 62.2424 88.0566 10.198 77.0065 17.72 55.109 57.3149 70.1539 82.3772 74.7329 50.448 109.59 114.58 110.242 74.7825 68.593 68.2642 21.4009 50.4876 33.3766 36.3456 73.5527 101.598 81.8791 
30.4959 39.6294 67.2672 64.8999 63.0307 21.3776 34.9874 22.3607 45.0444 31.1448 38.3275 10.7703 38.833 31.1448 23.0217 63.6161 84.5991 43.2606 11.3137 89.0449 18.0278 68.4894 70.2746 59.2053 23.7697 27.6586 60.8403 51.0293 61.0983 60.4667 70.406 0.0 25.7099 60.0 22.6716 45.3542 21.9317 45.4259 71.1688 17.0 71.1126 15.2971 41.821 18.3848 12.0416 69.7118 36.771 54.4243 58.6941 53.3104 12.0416 5.09902 58.5366 56.0803 20.2485 76.4555 77.4151 6.40312 51.6236 12.2066 
53.3104 48.4836 90.2458 86.96 88.6305 34.2053 57.8019 35.0 70.4557 50.2892 12.6491 33.121 38.1182 46.4004 48.2597 86.3489 105.194 66.2392 33.0606 109.376 43.566 91.468 93.2332 82.0106 12.1655 45.2769 56.0892 36.6742 63.0714 86.0665 75.8024 25.7099 0.0 82.9007 46.9574 69.1809 46.0652 71.0257 73.0068 10.198 70.2567 30.4138 64.7996 43.9659 26.6833 91.9689 26.0192 77.1038 80.8084 75.505 37.3363 21.1896 80.9536 69.5172 30.8058 91.4016 92.8086 20.0998 76.0263 32.249 
30.4138 52.2291 27.6586 6.0 34.2053 50.0832 25.4558 49.2926 46.8722 70.214 95.2754 49.8219 64.5573 37.8935 50.6952 9.84886 25.0799 20.8806 63.1433 29.5466 51.0397 22.2036 11.7047 7.81025 75.7661 40.2813 72.0649 82.9216 58.6941 36.0555 54.231 60.0 82.9007 0.0 38.4561 59.5399 38.807 42.9535 62.9365 75.9667 68.884 54.68 19.6977 46.2031 69.6362 20.5913 73.2263 68.6586 73.2462 70.214 55.2179 62.5137 17.0 33.9559 53.514 31.0644 29.5296 66.2193 57.9741 65.3671 
12.3693 40.7573 45.7111 43.536 49.7716 23.6417 15.0333 24.2195 36.8828 36.4966 59.5063 13.9284 44.7301 31.58 17.1212 42.06 63.2554 21.7045 24.6982 67.7218 14.0357 46.9332 48.7185 37.6491 41.4898 23.3617 66.0702 62.5636 62.9597 49.9442 62.6027 22.6716 46.9574 38.4561 0.0 39.5749 1.0 36.8828 67.6496 39.4081 73.6478 20.3999 20.2649 8.0 31.3847 48.1557 52.2852 49.8513 54.661 49.5273 16.7631 26.0768 36.9804 43.3244 25.375 59.0339 59.2115 29.0689 44.6022 26.9258 
51.4185 74.8648 39.2938 65.4905 34.5398 57.7317 48.6611 58.3265 13.0384 23.2594 81.0062 45.1774 78.7718 62.0086 23.2594 55.0091 82.0244 42.0082 36.1248 86.093 28.6356 47.0744 63.0714 53.0848 69.1231 57.4692 100.172 96.5669 97.0672 31.3847 99.0902 45.3542 69.1809 59.5399 39.5749 0.0 39.9258 17.0294 104.626 59.0762 107.755 53.7122 44.4187 32.5827 43.0116 50.01 86.2885 10.6301 15.6205 11.1803 33.5261 50.448 44.0 78.5506 59.1692 88.7282 87.8267 49.4975 7.61577 37.0135 
12.1655 39.7839 46.062 43.8869 50.1225 22.6684 15.1327 23.2462 37.2337 36.6742 58.6003 13.0 43.7568 26.9278 17.4642 42.4109 63.6063 22.0554 24.3516 68.0727 14.1421 47.2841 49.0694 38.0 40.5289 22.3883 65.0969 61.5903 61.9863 50.2951 62.2424 21.9317 46.0652 38.807 1.0 39.9258 0.0 37.2337 67.2893 38.6005 72.6744 19.4266 20.6158 8.06226 30.8869 48.5066 51.3119 50.2022 55.0119 49.8782 16.4924 25.2389 36.7697 43.0116 24.4017 59.0762 59.3043 28.3196 44.9531 26.5707 
44.1239 83.0902 22.8473 48.8365 19.2094 55.0396 41.3665 55.6343 4.0 34.8281 83.5465 42.6185 76.0989 61.3353 23.0868 38.0 65.0077 29.1661 39.5601 69.0652 27.4607 30.3645 46.0435 36.2215 68.3359 63.7231 97.4799 93.8777 90.2946 16.2788 88.0566 45.4259 71.0257 42.9535 36.8828 17.0294 37.2337 0.0 97.3318 61.6117 101.44 51.0665 31.4462 29.8906 47.5395 33.2415 83.5993 25.7099 30.3645 27.2947 33.7343 50.3104 27.0185 66.6867 56.4827 72.8011 71.7844 50.9902 15.2315 41.2311 
55.5418 32.7567 87.6584 61.3922 93.1504 50.1597 55.9732 49.2443 97.3318 99.8968 78.0897 63.5461 35.0571 46.1106 84.0916 72.7324 70.1142 66.6108 81.5414 72.4431 79.1938 84.309 72.5672 69.6419 61.0082 50.9902 21.6333 43.4626 10.198 93.8136 10.198 71.1688 73.0068 62.9365 67.6496 104.626 67.2893 97.3318 0.0 75.5381 7.61577 56.0803 63.8201 74.3899 82.8613 83.2166 47.0425 115.126 120.116 116.853 77.0946 68.6804 76.0263 29.1548 50.9215 43.566 46.5296 73.4983 107.134 83.006 
46.3764 47.676 83.3118 80.7936 79.2227 31.0161 50.8679 31.9531 60.8276 40.1622 22.0907 26.1725 40.9419 42.9535 38.6394 79.6607 100.485 59.3052 23.0 104.928 34.2053 84.5339 86.2992 75.2498 16.1245 40.8167 60.7454 43.6005 65.3758 76.6587 77.0065 17.0 10.198 75.9667 39.4081 59.0762 38.6005 61.6117 75.5381 0.0 73.9451 25.9422 57.8656 35.3412 16.4924 85.7564 30.0832 66.9104 70.6116 65.307 27.8927 13.4536 74.5811 66.4884 28.1603 88.7694 89.9611 10.7703 66.0 22.0907 
59.5763 34.6554 92.7038 67.7422 97.9439 50.774 60.121 49.93 101.44 100.703 74.2428 64.3506 33.2415 50.1452 84.9465 78.5875 77.3175 70.8697 81.8841 79.7621 80.014 89.8109 78.9177 75.2861 58.5491 55.0247 15.8114 38.3275 11.4018 98.4124 17.72 71.1126 70.2567 68.884 73.6478 107.755 72.6744 101.44 7.61577 73.9451 0.0 56.4358 68.1172 75.2449 82.4621 88.8876 44.2832 118.032 122.841 117.708 77.9359 68.1542 81.1542 34.9285 51.0 50.9902 53.9351 72.8011 111.241 83.1865 
26.4119 24.3333 63.3473 57.3534 67.4078 6.08276 30.9034 7.07107 50.8536 44.4072 42.2019 8.60233 25.4951 17.088 30.5287 59.4504 75.5869 39.3407 25.4951 79.7692 25.2389 64.2412 66.3347 55.1121 22.8854 15.0 47.3814 43.1177 46.0977 67.5804 55.109 15.2971 30.4138 54.68 20.3999 53.7122 19.4266 51.0665 56.0803 25.9422 56.4358 0.0 37.4291 21.5407 27.2947 65.0704 32.8394 63.8122 68.5055 63.2456 21.9317 14.1421 54.055 41.4367 5.65685 62.9682 64.0781 19.105 58.7859 26.9258 
14.3178 50.7547 26.1725 25.2982 30.3669 41.1896 10.0 40.399 35.1369 51.2445 77.2579 31.7207 56.2468 28.9999 31.4006 22.0227 44.7772 2.82843 44.9521 49.2443 31.4982 26.4764 29.0689 17.6918 58.5315 31.3877 70.5905 74.6111 56.9723 30.5395 57.3149 41.821 64.7996 19.6977 20.2649 44.4187 20.6158 31.4462 63.8201 57.8656 68.1172 37.4291 0.0 28.0119 51.445 27.2029 64.3327 54.9437 59.941 55.5789 37.0267 44.4126 16.2788 36.0694 42.4043 44.911 44.4072 48.0756 46.6755 47.1759 
20.2237 42.3544 53.3362 51.283 47.4954 25.2389 23.0217 25.807 29.6777 28.6356 56.6127 13.3417 46.3249 29.4982 10.0 53.1647 71.0024 32.2275 17.4929 75.4688 6.08276 54.5584 61.1276 49.4861 40.2163 24.9588 67.6673 64.1415 64.5568 44.9314 70.1539 18.3848 43.9659 46.2031 8.0 32.5827 8.06226 29.8906 74.3899 35.3412 75.2449 21.5407 28.0119 0.0 24.8395 55.7809 53.8631 42.8019 47.634 42.5206 9.43398 22.8035 44.6056 50.9608 26.8328 67.0298 67.1863 24.5967 37.6099 19.7231 
41.1096 51.6236 67.4095 74.7161 65.3795 33.3766 45.31 34.3657 46.1736 23.7697 38.0526 22.2036 49.6707 43.0465 24.5967 72.5079 94.4355 52.8846 8.06226 98.9019 21.4009 73.9016 79.8986 68.8292 30.0 39.3192 71.6777 57.4323 72.7324 62.8154 82.3772 12.0416 26.6833 69.6362 31.3847 43.0116 30.8869 47.5395 82.8613 16.4924 82.4621 27.2947 51.445 24.8395 0.0 75.124 43.174 50.4876 54.1295 48.8365 15.5563 14.3178 63.9487 68.0294 32.0156 87.9454 88.5475 10.0 50.1597 6.32456 
41.4849 71.3883 11.0 24.0832 17.2627 66.0109 36.8782 65.2202 37.108 66.6483 104.427 58.89 81.068 53.8211 51.9487 10.8167 33.9559 26.0 67.1534 37.4833 53.7296 3.0 15.6525 13.6015 86.1727 56.2089 91.2241 99.4323 78.339 20.0998 74.7329 69.7118 91.9689 20.5913 48.1557 50.01 48.5066 33.2415 83.2166 85.7564 88.8876 65.0704 27.2029 55.7809 75.124 0.0 89.154 57.0789 61.0 59.2115 59.9729 72.3034 11.1803 54.0833 68.5101 50.2096 48.1664 75.9664 46.0977 69.229 
54.805 27.2179 90.6299 75.7625 94.6904 28.7052 55.3497 28.2809 83.3864 66.4049 31.9531 41.4271 12.6491 35.5477 63.2476 80.7994 94.1284 66.9128 47.0262 98.294 58.0183 89.1866 84.9283 76.5197 14.3178 36.8935 30.6757 16.5529 37.2156 94.863 50.448 36.771 26.0192 73.2263 52.2852 86.2885 51.3119 83.5993 47.0425 30.0832 44.2832 32.8394 64.3327 53.8631 43.174 89.154 0.0 91.1021 95.2757 89.8915 48.7131 31.6797 79.3646 46.6197 27.2179 70.5608 72.7445 33.6484 90.8791 47.0424 
61.9181 85.1411 46.0977 74.5252 40.4475 68.0074 59.1608 68.6003 21.8403 28.0713 88.459 55.2268 89.0505 72.2849 33.2866 63.2851 90.1388 54.6488 44.3847 94.0479 38.5876 54.0833 71.1126 61.8142 78.1089 67.7455 110.448 105.36 107.343 37.3363 109.59 54.4243 77.1038 68.6586 49.8513 10.6301 50.2022 25.7099 115.126 66.9104 118.032 63.8122 54.9437 42.8019 50.4876 57.0789 91.1021 0.0 5.0 2.82843 42.9535 59.4643 52.469 89.0758 69.3397 98.3519 97.4166 57.9741 11.0 44.911 
66.9083 89.9508 50.0 79.0759 44.1022 72.8011 64.1509 73.4098 26.5707 31.0644 91.9239 59.9083 93.8136 77.0947 38.0132 67.6018 94.3398 59.4243 48.3839 98.1835 43.2666 58.0 75.326 66.2873 82.28 72.5553 115.256 109.534 112.153 41.0488 114.58 58.6941 80.8084 73.2462 54.661 15.6205 55.0119 30.3645 120.116 70.6116 122.841 68.5055 59.941 47.634 54.1295 61.0 95.2757 5.0 0.0 5.38516 47.4131 63.6946 56.8859 94.0731 74.0608 103.121 102.142 61.9839 15.2971 48.7647 
62.5698 84.8171 48.2597 76.1183 42.7551 67.624 59.8124 68.2495 23.3452 26.0 86.7006 54.6443 88.6002 71.9609 32.8024 65.123 92.0489 53.1684 43.0116 96.0052 38.0132 56.2228 73.0274 63.5059 76.896 67.4215 110.114 104.15 107.02 39.6232 110.242 53.3104 75.505 70.214 49.5273 11.1803 49.8782 27.2947 116.853 65.307 117.708 63.2456 55.5789 42.5206 48.8365 59.2115 89.8915 2.82843 5.38516 0.0 42.0595 58.3095 54.231 89.7019 68.8186 99.664 98.7623 56.6127 13.1529 43.4166 
28.0713 45.0591 53.3701 60.2978 51.3401 27.2029 31.5753 28.0179 33.1361 22.8254 49.8197 13.6015 47.3814 33.2415 11.0 57.3568 80.0172 36.4195 8.06226 84.4836 6.32456 58.7504 65.3196 53.6781 35.6931 28.7024 69.3109 62.9715 67.2615 48.7761 74.7825 12.0416 37.3363 55.2179 16.7631 33.5261 16.4924 33.7343 77.0946 27.8927 77.9359 21.9317 37.0267 9.43398 15.5563 59.9729 48.7131 42.9535 47.4131 42.0595 0.0 17.1172 48.7976 57.8499 27.5862 75.326 75.6637 17.2627 39.6232 10.2956 
32.9234 38.0526 69.8587 67.3406 67.9152 20.025 37.4149 21.0238 50.01 35.609 33.8378 12.7279 35.3703 31.0483 28.0713 66.2077 87.0315 45.8522 15.8114 91.4753 23.0 71.0809 72.8461 61.7968 18.6815 28.2312 57.3773 45.938 58.5235 65.3512 68.593 5.09902 21.1896 62.5137 26.0768 50.448 25.2389 50.3104 68.6804 13.4536 68.1542 14.1421 44.4126 22.8035 14.3178 72.3034 31.6797 59.4643 63.6946 58.3095 17.1172 0.0 60.5665 55.5788 18.1108 76.844 77.8332 5.0 56.7186 16.2788 
30.5941 63.0455 11.6619 22.4722 17.6918 55.6047 26.1725 55.4309 31.0161 58.0953 93.4118 47.8747 71.2787 44.0318 41.6803 11.0454 38.0526 14.8661 55.9781 42.19 42.5543 10.198 19.2354 9.48683 75.1574 46.4196 82.8813 89.643 70.2282 19.2094 68.2642 58.5366 80.9536 17.0 36.9804 44.0 36.7697 27.0185 76.0263 74.5811 81.1542 54.055 16.2788 44.6056 63.9487 11.1803 79.3646 52.469 56.8859 54.231 48.7976 60.5665 0.0 47.0106 57.338 48.0208 46.5296 64.7912 41.5933 58.0537 
31.0161 21.1803 58.6686 33.0606 64.3506 35.6931 30.0167 34.7131 71.256 79.5551 78.3511 46.0109 34.7588 25.0 60.4453 43.6807 45.5412 38.8973 64.195 48.8467 57.0088 55.1543 44.1814 40.4969 60.5964 29.1548 39.6232 52.6972 25.02 65.215 21.4009 56.0803 69.5172 33.9559 43.3244 78.5506 43.0116 66.6867 29.1548 66.4884 34.9285 41.4367 36.0694 50.9608 68.0294 54.0833 46.6197 89.0758 94.0731 89.7019 57.8499 55.5788 47.0106 0.0 38.3285 24.0832 26.1725 60.531 81.0579 66.1211 
35.0927 20.0 68.3224 56.1874 72.3829 3.60555 35.6373 4.24264 56.4827 50.0 41.7765 14.2127 19.8494 15.6205 36.0555 61.0871 74.4209 44.3159 30.8869 78.6032 30.8058 67.1457 65.2159 56.8074 22.2673 15.2643 41.7253 37.4962 40.8534 72.5555 50.4876 20.2485 30.8058 53.514 25.375 59.1692 24.4017 56.4827 50.9215 28.1603 51.0 5.65685 42.4043 26.8328 32.0156 68.5101 27.2179 69.3397 74.0608 68.8186 27.5862 18.1108 57.338 38.3285 0.0 60.8358 62.1772 23.0868 64.2021 32.2025 
47.2652 45.1215 58.6003 26.2488 65.215 57.7754 44.0114 56.8595 76.5506 95.0842 102.292 65.8952 58.6941 45.8803 75.1066 39.6989 27.1662 47.2969 82.7345 29.0172 73.0068 52.4023 35.609 38.833 82.6349 48.7986 60.4152 76.2168 44.3847 67.1193 33.3766 76.4555 91.4016 31.0644 59.0339 88.7282 59.0762 72.8011 43.566 88.7694 50.9902 62.9682 44.911 67.0298 87.9454 50.2096 70.5608 98.3519 103.121 99.664 75.326 76.844 48.0208 24.0832 60.8358 0.0 3.0 81.6088 88.0227 84.8528 
47.676 47.3051 56.8595 24.4131 63.5138 59.0339 44.1814 58.1378 75.5844 95.0053 103.551 66.8548 60.8836 47.0106 75.0067 37.8021 24.1868 46.6905 83.1865 26.0192 73.1095 50.448 33.3017 37.2156 84.0419 49.7581 63.1585 78.6003 47.1699 65.5134 36.3456 77.4151 92.8086 29.5296 59.2115 87.8267 59.3043 71.7844 46.5296 89.9611 53.9351 64.0781 44.4072 67.1863 88.5475 48.1664 72.7445 97.4166 102.142 98.7623 75.6637 77.8332 46.5296 26.1725 62.1772 3.0 0.0 82.5717 86.977 85.3288 
36.6325 43.0465 73.5218 71.0497 68.595 25.02 41.124 26.0192 50.3587 32.7567 32.5576 16.6433 39.8547 35.9026 28.1603 69.8707 90.7407 49.5152 13.6015 95.1844 23.5372 74.744 76.5292 65.4599 20.5913 32.8938 61.8616 47.9067 63.3246 66.031 73.5527 6.40312 20.0998 66.2193 29.0689 49.4975 28.3196 50.9902 73.4983 10.7703 72.8011 19.105 48.0756 24.5967 10.0 75.9664 33.6484 57.9741 61.9839 56.6127 17.2627 5.0 64.7912 60.531 23.0868 81.6088 82.5717 0.0 56.1427 13.4164 
53.9258 92.0641 35.1283 63.7887 29.6142 62.7589 51.1685 63.3537 11.6619 30.8707 88.0227 50.3289 83.8183 71.1373 28.8617 52.345 79.1581 44.3954 43.0 83.0542 34.2053 43.1045 60.1332 50.9902 75.3127 72.697 105.199 101.157 100.097 26.4764 101.598 51.6236 76.0263 57.9741 44.6022 7.61577 44.9531 15.2315 107.134 66.0 111.241 58.7859 46.6755 37.6099 50.1597 46.0977 90.8791 11.0 15.2971 13.1529 39.6232 56.7186 41.5933 81.0579 64.2021 88.0227 86.977 56.1427 0.0 44.0454 
37.6563 51.1003 61.1378 70.447 59.1078 32.8938 41.4849 33.8378 39.8497 19.4165 44.0 20.2237 51.0392 41.1947 18.3576 66.6129 90.1664 45.6756 2.23607 94.6328 15.5563 68.0065 74.5757 62.9342 34.0 37.0135 73.0467 61.3007 73.0068 56.5438 81.8791 12.2066 32.249 65.3671 26.9258 37.0135 26.5707 41.2311 83.006 22.0907 83.1865 26.9258 47.1759 19.7231 6.32456 69.229 47.0424 44.911 48.7647 43.4166 10.2956 16.2788 58.0537 66.1211 32.2025 84.8528 85.3288 13.4164 44.0454 0.0 
DEMAND_SCENARIO_SECTION
0 0 0 0 0 0 0 0 0 0 0 0 0 0 0 0 0 0 0 0 0 0 0 0 0 0 0 0 0 0 0 0 0 0 0 0 0 0 0 0 0 0 0 0 0 0 0 0 0 0 0 0 0 0 0 0 0 0 0 0 0 0 0 0 0 0 0 0 0 0 0 0 0 0 0 0 0 0 0 0 0 0 0 0 0 0 0 0 0 0 0 0 0 0 0 0 0 0 0 0 0 0 0 0 0 0 0 0 0 0 0 0 0 0 0 0 0 0 0 0 0 0 0 0 0 0 0 0 0 0 0 0 0 0 0 0 0 0 0 0 0 0 0 0 0 0 0 0 0 0 0 0 0 0 0 0 0 0 0 0 0 0 0 0 0 0 0 0 0 0 0 0 0 0 0 0 0 0 0 0 0 0 0 0 0 0 0 0 0 0 0 0 0 0 0 0 0 0 0 0 
7 7 9 7 8 3 8 12 10 8 9 8 7 7 10 9 9 2 2 2 5 7 5 10 7 4 8 8 9 10 11 8 8 3 7 7 9 7 4 9 5 5 6 9 7 11 9 6 3 10 12 7 9 8 6 2 6 3 9 5 5 5 6 5 9 9 8 7 7 4 8 7 9 9 4 7 8 5 8 7 11 12 7 9 7 7 8 8 6 9 8 10 12 5 9 10 5 3 9 10 9 5 4 4 5 7 5 6 8 9 7 5 4 12 7 7 8 7 10 5 5 8 8 7 5 8 7 6 7 10 10 11 6 9 6 4 7 4 4 9 10 4 10 7 8 7 11 13 6 6 5 8 11 6 9 9 9 5 12 7 6 7 6 10 7 8 6 10 11 9 9 8 8 7 9 8 5 4 5 4 5 10 9 10 7 4 7 5 6 8 5 8 5 9 6 6 3 3 6 9 
6 7 8 2 5 4 5 7 6 9 4 6 10 5 7 6 4 4 5 3 9 5 5 8 2 8 7 5 5 9 7 1 5 8 4 4 8 4 6 7 6 8 4 7 4 4 3 6 7 8 8 7 6 8 8 3 8 6 7 6 7 8 8 4 7 9 3 12 4 6 8 7 5 7 3 4 4 6 6 4 3 3 5 6 3 4 4 7 7 6 9 7 4 7 4 6 5 8 7 4 6 7 8 2 5 6 7 6 10 6 5 11 7 6 6 8 4 4 7 4 8 9 10 8 5 6 4 5 4 7 4 9 5 6 4 7 5 4 8 7 4 4 5 6 1 9 6 4 7 9 8 6 3 8 9 8 7 4 5 4 6 5 5 9 7 6 8 7 11 4 5 6 8 7 6 8 7 8 6 6 6 3 6 7 4 5 6 9 5 5 7 7 2 5 9 5 4 5 9 6 
9 6 13 7 8 0 6 10 7 9 10 17 9 12 7 12 3 9 2 13 11 7 5 8 9 14 10 8 10 11 10 11 10 15 7 9 8 10 6 12 5 10 8 7 7 7 11 6 9 16 7 8 6 13 4 5 9 11 0 8 6 13 13 9 7 14 14 15 9 10 11 7 15 8 9 11 17 12 10 13 9 10 14 8 8 11 9 14 15 6 14 9 15 10 6 6 7 7 18 13 6 9 6 2 16 11 8 11 5 12 12 11 11 7 8 11 10 12 7 10 9 12 15 4 10 11 8 11 9 12 5 11 14 14 18 11 6 8 8 4 12 6 12 17 14 16 12 6 10 11 11 10 10 6 13 14 10 8 8 5 6 8 9 13 0 6 10 7 4 9 15 10 4 10 9 6 9 15 12 12 11 11 15 4 6 9 18 4 13 19 9 7 9 11 9 11 7 9 10 9 
5 13 4 7 8 14 10 13 11 9 12 9 8 8 8 8 3 9 12 15 7 13 12 5 16 7 13 11 12 10 10 8 5 10 9 7 8 15 8 11 6 11 14 9 11 2 16 4 10 9 12 11 14 5 3 13 9 7 8 11 9 10 12 8 5 6 5 7 6 6 7 11 5 11 12 15 12 8 10 10 6 9 10 10 7 7 9 7 16 13 7 11 9 10 6 11 4 9 6 12 8 10 7 9 11 10 7 8 9 11 7 9 9 4 9 15 6 7 8 11 4 10 11 8 12 15 6 10 4 6 6 10 9 9 8 11 9 10 8 10 8 9 10 9 14 3 9 9 9 4 11 9 11 15 6 8 11 8 7 11 11 5 8 11 12 10 6 6 12 10 11 9 7 8 7 4 12 13 12 5 7 7 13 12 12 12 9 10 7 4 9 12 6 7 11 11 12 8 9 11 
9 10 10 9 7 8 6 10 2 7 9 7 6 7 10 9 8 6 7 9 7 9 10 8 7 7 8 5 11 5 8 8 14 4 8 10 5 9 11 9 5 7 12 8 8 5 8 5 12 13 13 10 8 10 5 8 5 12 12 5 8 11 14 8 8 7 8 6 11 14 6 6 8 11 6 7 9 8 7 3 4 8 4 7 8 7 4 15 6 12 4 7 7 14 5 9 11 6 5 10 5 9 8 6 14 6 8 5 7 10 8 5 7 10 11 9 7 10 8 11 8 3 8 7 13 9 11 12 10 10 6 11 6 10 11 10 7 7 12 8 10 6 10 9 10 8 8 9 6 6 8 10 4 6 7 5 6 10 7 7 7 6 9 3 4 8 10 6 8 10 5 8 7 7 10 11 13 7 11 12 11 11 12 10 9 6 0 3 9 12 9 8 14 8 6 4 8 12 3 11 
8 5 9 10 9 10 14 6 9 10 7 9 8 5 5 8 8 9 12 7 10 7 8 9 7 4 8 7 7 5 8 7 5 8 12 7 7 11 10 5 8 8 6 8 11 7 9 4 11 11 8 6 6 9 9 3 13 9 7 9 4 2 7 4 6 10 11 9 7 9 8 8 9 10 10 11 9 10 9 12 7 11 2 5 6 5 5 4 6 9 10 9 13 9 7 10 5 9 4 5 5 8 9 0 12 7 9 9 8 2 12 6 11 13 8 3 7 8 12 9 9 11 4 9 9 10 9 3 4 8 6 5 5 10 7 8 11 6 8 9 8 10 9 9 7 3 9 8 10 5 12 14 4 11 6 5 11 10 11 15 8 6 11 6 5 8 2 6 3 7 11 7 6 7 9 7 7 6 9 4 7 10 6 12 11 7 8 7 7 4 8 11 11 14 13 8 9 6 12 13 
2 2 2 0 2 4 3 2 3 3 1 3 3 2 2 2 2 1 3 1 1 2 1 2 3 2 1 3 2 2 2 2 2 2 2 2 1 2 2 2 1 4 2 2 2 2 2 2 2 2 2 3 1 1 3 2 3 2 1 3 1 1 1 1 2 2 3 2 3 0 2 2 2 2 2 3 2 3 2 2 3 2 1 2 2 2 2 3 3 2 2 3 2 1 3 2 1 1 1 1 2 2 3 2 2 2 2 2 0 2 3 2 2 0 1 3 2 2 3 1 2 1 2 1 2 1 4 1 2 2 2 2 2 2 2 2 2 2 2 1 3 3 2 3 3 3 1 1 2 3 1 2 2 3 2 2 1 2 2 3 2 1 3 1 2 3 2 1 2 2 1 2 1 1 2 2 3 2 2 2 2 3 3 2 3 3 2 2 3 1 2 2 3 3 3 3 3 3 3 1 
8 13 6 13 9 4 6 11 5 6 10 3 7 9 5 7 11 10 8 12 9 8 6 8 14 13 13 9 4 8 13 8 11 13 11 9 6 8 6 4 8 16 9 7 10 7 11 10 7 6 11 9 9 6 4 15 7 6 8 10 7 13 12 10 11 8 9 7 11 13 12 9 15 9 9 10 9 11 10 13 9 12 13 6 8 8 14 9 9 14 5 14 9 12 10 8 10 9 9 9 10 5 9 15 8 8 6 8 9 13 14 6 5 11 11 11 8 11 5 10 5 9 8 12 9 6 2 8 12 5 6 11 13 13 7 12 7 10 11 5 6 9 5 7 14 11 7 5 10 9 11 7 3 10 10 8 13 5 10 7 3 7 7 11 2 7 10 6 10 12 8 9 16 12 5 8 13 6 10 11 11 0 9 8 9 12 14 4 9 7 5 12 7 9 5 10 6 9 7 8 
6 5 5 6 6 5 6 3 5 4 6 6 6 6 3 4 6 6 6 6 4 5 4 5 2 2 5 5 5 3 6 7 0 4 2 4 3 7 3 3 5 6 7 5 5 4 5 4 7 3 4 9 3 5 1 1 5 1 3 3 4 7 5 1 5 4 2 5 7 5 6 4 5 5 6 3 6 8 4 5 6 4 6 1 7 3 2 6 1 6 5 4 5 4 7 4 3 4 4 3 2 9 9 5 8 5 4 7 6 8 8 7 4 4 6 8 5 4 4 9 3 4 7 3 5 6 5 6 6 3 6 7 6 2 4 3 6 7 3 5 3 6 7 6 3 3 5 7 6 8 7 6 2 3 5 3 8 5 5 4 4 3 5 5 5 5 7 0 5 6 5 2 7 6 5 5 6 5 0 4 6 3 5 5 5 2 4 6 6 5 5 3 4 4 4 7 7 5 2 5 
12 10 9 7 7 10 10 11 12 9 13 7 8 5 7 7 10 8 6 5 5 7 7 11 8 9 12 6 11 12 7 8 13 4 5 9 8 5 9 8 8 7 12 7 10 10 5 8 8 8 7 10 5 8 9 9 6 8 7 8 10 9 9 11 9 12 9 7 11 6 9 11 12 14 11 8 6 10 9 7 10 13 7 6 11 9 9 9 15 12 10 7 12 6 8 2 10 11 11 10 10 6 10 6 11 13 13 14 5 8 6 9 9 9 6 12 5 3 9 9 8 10 8 12 10 9 9 9 12 6 9 8 9 13 12 15 6 10 8 4 9 10 6 6 6 5 9 6 7 14 7 6 12 13 11 17 11 12 4 10 12 5 12 7 9 9 7 9 5 6 12 11 12 11 10 7 5 11 10 8 9 11 11 12 8 11 7 10 8 11 7 9 11 7 6 9 7 11 12 9 
3 5 3 7 5 8 7 3 7 5 5 3 9 4 3 1 7 7 4 6 8 4 6 6 7 4 7 6 4 4 5 3 4 3 7 4 4 6 5 5 4 4 2 3 6 3 6 7 7 4 3 5 7 6 6 6 3 5 3 4 5 6 5 4 3 4 5 5 8 7 7 6 5 5 5 3 7 7 2 6 2 3 5 6 4 4 4 4 4 3 3 6 3 5 2 7 6 1 4 4 5 3 3 4 2 4 6 5 5 6 6 6 3 7 5 7 5 7 6 3 5 6 6 2 5 6 4 6 4 5 4 4 6 4 6 4 7 8 3 8 4 0 3 4 7 7 4 7 3 6 4 4 4 3 5 4 4 6 2 4 3 5 7 5 3 4 5 4 6 5 5 4 5 5 3 6 9 4 5 3 7 3 6 4 5 3 3 5 4 7 4 5 4 7 6 3 7 5 6 4 
6 9 9 7 7 8 6 7 11 9 9 8 12 8 11 9 11 8 6 10 7 8 2 6 9 8 14 8 9 2 6 9 7 9 7 9 8 5 5 11 12 9 8 7 12 8 9 6 4 8 8 4 3 10 10 14 11 6 7 10 5 7 6 14 10 8 12 10 12 8 7 8 7 5 9 10 13 9 7 11 7 3 11 8 10 13 13 10 9 7 8 11 8 13 6 7 13 4 11 7 7 9 9 7 5 6 9 8 10 6 10 12 4 3 10 10 5 4 7 10 6 5 7 5 5 12 6 8 9 7 7 9 9 13 10 10 8 8 9 7 8 10 8 10 6 9 8 13 8 6 8 5 6 11 9 7 8 7 12 7 9 8 5 7 10 8 7 7 7 10 9 8 14 7 12 6 2 6 9 6 9 1 16 10 9 10 15 3 3 8 3 8 9 9 7 9 8 8 9 4 
6 9 6 10 8 7 8 7 7 10 10 6 8 9 10 5 7 5 3 6 10 6 11 5 9 8 8 5 12 9 6 8 8 11 10 4 6 10 7 4 3 5 3 11 9 3 8 12 10 7 11 7 5 6 2 5 8 8 9 7 7 9 8 6 5 8 9 5 2 6 6 7 8 6 8 7 8 7 11 9 6 9 4 4 6 9 10 8 6 5 8 8 10 8 4 11 5 8 5 6 5 6 5 4 5 5 9 5 6 5 8 4 7 4 3 9 5 9 10 10 5 8 11 2 3 9 4 8 5 6 8 10 6 3 5 5 9 9 11 6 3 9 10 5 7 6 4 4 14 4 8 7 2 5 6 7 9 9 11 9 11 2 6 10 6 7 6 6 6 4 8 9 7 6 6 4 5 3 10 8 5 4 11 6 7 7 8 7 1 8 6 2 6 10 3 8 6 8 4 8 
7 14 10 5 4 5 6 2 2 10 6 4 12 8 14 10 6 13 8 9 6 8 12 4 14 10 9 5 7 9 10 5 6 9 7 12 8 10 13 2 4 8 9 1 8 5 8 10 13 9 8 6 8 1 7 7 4 11 5 6 4 7 5 8 6 13 11 9 4 8 8 7 13 7 11 14 10 11 4 9 10 4 10 13 6 5 9 10 6 9 9 8 10 7 1 6 8 9 11 12 8 6 8 8 6 6 5 9 4 4 11 11 10 8 12 6 6 7 7 11 7 9 10 9 4 9 10 14 7 6 8 2 9 13 10 2 7 6 6 9 4 4 11 6 9 11 9 11 8 12 9 7 6 8 6 15 8 9 11 5 8 8 6 10 6 9 3 4 6 10 8 8 8 6 8 7 10 12 13 10 4 6 8 6 6 6 7 10 5 6 2 6 9 11 10 6 8 3 6 7 
6 7 5 5 7 8 7 8 4 7 5 7 5 8 5 3 8 4 8 6 7 7 8 10 4 6 6 5 5 5 7 3 9 5 5 8 9 5 9 9 3 8 5 8 6 7 4 6 4 5 10 5 6 4 6 7 5 4 6 9 10 6 8 7 9 4 5 7 4 5 5 7 8 4 6 8 4 12 7 8 6 5 7 5 4 7 8 2 5 8 5 9 8 5 4 9 6 7 6 6 8 7 6 7 9 3 7 4 5 2 5 12 5 5 5 7 2 5 5 5 4 7 8 3 8 9 4 8 5 7 7 5 6 7 7 5 6 10 9 5 5 9 6 4 6 5 5 6 4 7 8 6 4 5 5 3 3 7 3 8 3 7 8 6 3 6 6 3 5 6 8 9 7 7 6 10 5 7 7 5 8 8 7 7 5 7 7 6 4 7 4 7 8 5 6 5 6 6 7 3 
1 1 1 0 1 1 1 1 1 1 1 1 1 1 1 1 1 1 1 1 1 1 1 1 1 0 1 1 1 1 1 2 1 2 1 1 1 1 1 1 1 1 1 1 1 1 1 1 1 1 1 1 1 1 1 1 1 0 1 1 1 1 1 1 1 1 1 1 1 1 1 0 1 1 0 1 1 1 1 1 1 1 1 1 1 1 1 1 1 1 1 1 1 1 1 1 1 0 1 1 1 1 1 1 1 0 1 0 1 1 1 2 1 1 1 1 1 1 1 1 1 0 1 1 1 0 0 1 1 1 1 1 1 2 1 1 1 1 1 1 1 1 1 1 1 1 0 0 1 1 0 1 1 1 1 1 2 1 1 1 1 1 1 1 1 1 1 1 1 1 1 1 1 0 1 1 1 1 1 0 1 1 1 1 1 1 1 2 1 1 1 1 1 1 1 1 1 1 1 1 
3 2 3 4 3 3 3 3 4 3 3 3 5 4 3 2 3 6 2 4 3 2 4 3 3 4 3 4 2 3 4 4 3 3 1 2 4 2 3 4 3 3 1 1 3 3 3 3 4 2 3 2 3 2 3 3 4 4 3 2 4 4 3 4 3 3 3 2 3 3 2 2 4 5 3 4 1 4 3 4 2 2 1 1 2 3 3 3 3 3 2 3 3 2 3 4 1 3 3 4 1 2 4 3 3 4 3 2 2 4 4 3 4 2 3 4 2 3 3 5 3 4 3 4 3 4 3 4 3 2 5 2 3 3 3 1 4 3 2 3 2 3 4 2 1 4 4 4 2 4 5 3 3 3 5 1 4 2 3 3 1 4 4 4 3 3 1 4 4 4 3 4 3 2 3 4 1 3 4 2 3 4 2 4 4 3 2 5 3 5 2 4 3 3 3 4 4 4 1 1 
6 14 9 6 9 4 7 7 8 4 8 6 9 6 12 7 9 3 6 9 4 10 11 7 8 6 11 12 8 5 11 6 7 10 5 5 1 7 8 9 9 6 7 11 8 6 6 4 10 5 13 9 8 11 8 10 5 13 10 4 5 11 9 9 10 7 8 8 11 8 6 10 6 9 5 15 7 5 9 7 8 4 4 11 8 9 3 5 3 9 6 10 6 9 8 7 5 6 9 13 9 8 9 6 6 5 3 8 5 2 8 8 7 8 11 4 7 11 11 7 7 9 10 9 6 4 11 8 5 5 9 5 10 12 11 6 5 8 6 11 9 6 3 7 6 9 10 7 5 5 5 12 5 12 17 9 3 13 12 6 9 4 11 6 9 5 8 7 7 8 8 4 6 6 8 11 6 7 5 5 10 8 11 5 9 9 10 6 5 4 8 8 4 5 10 6 3 9 5 5 
5 3 2 2 0 2 4 4 2 4 4 2 1 3 2 4 5 6 4 4 3 3 3 5 5 3 3 5 3 3 2 2 1 2 2 4 4 4 2 4 3 3 3 3 3 4 3 4 3 3 4 3 2 3 2 6 3 4 2 3 1 3 3 3 3 4 5 4 4 4 3 3 1 2 3 3 1 2 1 2 2 4 4 3 1 4 5 3 3 4 3 4 2 4 1 3 1 2 2 2 3 4 3 2 5 3 3 4 4 3 3 3 3 3 3 2 3 2 4 5 2 2 3 5 0 3 3 5 3 6 4 3 4 1 4 4 3 2 3 3 3 2 2 4 1 2 3 3 2 4 3 2 4 2 2 3 3 4 5 3 4 4 3 3 3 5 2 5 6 4 2 2 3 2 3 2 3 5 2 3 3 2 5 1 4 4 2 3 4 3 2 4 2 4 1 5 3 4 3 3 
1 1 1 1 0 1 1 1 1 1 1 1 1 1 2 1 1 1 1 1 1 1 1 1 1 2 1 1 1 1 2 1 1 1 1 1 1 1 1 1 1 1 1 1 2 1 1 1 1 1 1 1 0 0 1 2 1 1 1 1 1 1 1 1 1 1 1 0 1 1 1 1 1 1 0 1 2 1 1 2 1 1 2 1 1 1 0 0 1 1 1 1 1 1 1 1 1 1 1 1 1 1 1 1 0 0 1 0 1 1 1 0 2 1 2 1 2 1 1 1 1 1 1 1 1 1 1 1 2 1 1 1 1 2 1 1 1 1 1 1 1 1 1 1 1 1 0 1 1 1 1 1 1 0 2 1 1 1 1 2 1 1 0 1 1 1 1 1 1 1 1 1 1 1 1 1 1 1 1 1 1 1 1 1 1 1 2 1 1 1 1 1 1 1 1 2 1 2 1 1 
8 14 8 2 13 10 10 9 9 7 9 6 12 5 11 12 8 7 10 7 13 9 11 8 7 10 9 13 6 11 8 5 8 12 8 6 7 12 3 9 9 9 8 11 10 11 7 11 8 12 11 7 10 8 10 10 7 8 5 13 12 12 4 6 9 10 8 5 2 9 12 9 7 7 9 8 11 9 8 10 11 5 9 9 7 11 4 12 13 7 9 7 9 7 8 8 9 9 10 13 13 2 10 6 6 13 8 10 9 9 4 7 7 12 5 9 7 5 10 10 9 10 8 9 9 9 2 6 2 10 10 5 9 13 10 10 14 8 5 16 9 14 13 12 11 11 9 11 5 10 11 8 8 10 11 7 8 7 3 9 8 11 9 14 10 13 5 17 9 7 2 10 13 7 8 8 14 10 16 7 13 5 9 8 4 6 11 11 12 8 11 10 11 10 10 8 7 8 8 8 
