NAME  : Jabali_60_4_0.85_1_6
TYPE : SVRP
MODEL : FINITE_SUPPORT
NUMBER_OF_SCENARIOS : 200
DIMENSION : 60
EDGE_WEIGHT_TYPE : MATRIX
CAPACITY : 94
N_VEHICLES : 4
NODE_COORD_SECTION
1 4285 3545
2 5698 1663
3 4550 18
4 2379 2041
5 6732 3645
6 5351 5914
7 5440 3006
8 3617 2439
9 968 2683
10 7119 4385
11 4247 1576
12 4254 2884
13 6409 1243
14 5356 2199
15 5362 346
16 4835 4110
17 6306 7256
18 473 7287
19 4672 3684
20 4153 7352
21 2301 4715
22 1216 3098
23 4944 2856
24 1813 2783
25 164 4739
26 3441 6773
27 1590 7235
28 2145 2644
29 4126 6948
30 2031 3945
31 4584 3949
32 3505 4791
33 3665 1830
34 2735 3138
35 5205 3316
36 1064 6347
37 2557 7187
38 4379 6765
39 4983 6929
40 7080 3418
41 5718 2491
42 6533 508
43 4380 1620
44 1870 4292
45 5116 536
46 972 3824
47 3198 3260
48 5325 5330
49 6827 2700
50 4084 3473
51 1288 3510
52 3525 6496
53 4720 697
54 6533 1312
55 1789 6670
56 27 2963
57 4109 3976
58 4764 5145
59 3655 5270
60 7018 4592
DEMAND_SECTION
1 0.0
2 1.0
3 10.0
4 2.0
5 10.0
6 6.0
7 3.0
8 3.0
9 6.0
10 2.0
11 9.0
12 7.0
13 9.0
14 4.0
15 1.0
16 10.0
17 4.0
18 1.0
19 1.0
20 3.0
21 4.0
22 8.0
23 2.0
24 7.0
25 3.0
26 3.0
27 4.0
28 2.0
29 10.0
30 5.0
31 4.0
32 3.0
33 2.0
34 9.0
35 7.0
36 6.0
37 1.0
38 6.0
39 4.0
40 6.0
41 10.0
42 4.0
43 8.0
44 10.0
45 9.0
46 10.0
47 8.0
48 8.0
49 5.0
50 5.0
51 3.0
52 8.0
53 2.0
54 5.0
55 3.0
56 6.0
57 3.0
58 9.0
59 8.0
60 8.0
DEVIATION_SECTION
1 0.0
2 0.333333
3 3.33333
4 0.666667
5 3.33333
6 2.0
7 1.0
8 1.0
9 2.0
10 0.666667
11 3.0
12 2.33333
13 3.0
14 1.33333
15 0.333333
16 3.33333
17 1.33333
18 0.333333
19 0.333333
20 1.0
21 1.33333
22 2.66667
23 0.666667
24 2.33333
25 1.0
26 1.0
27 1.33333
28 0.666667
29 3.33333
30 1.66667
31 1.33333
32 1.0
33 0.666667
34 3.0
35 2.33333
36 2.0
37 0.333333
38 2.0
39 1.33333
40 2.0
41 3.33333
42 1.33333
43 2.66667
44 3.33333
45 3.0
46 3.33333
47 2.66667
48 2.66667
49 1.66667
50 1.66667
51 1.0
52 2.66667
53 0.666667
54 1.66667
55 1.0
56 2.0
57 1.0
58 3.0
59 2.66667
60 2.66667
DISTANCE_MATRIX
0.0 32.6497 48.5077 32.0156 36.0832 34.9443 17.4642 17.4642 44.6284 44.4009 27.074 9.05539 43.1393 24.0832 46.2385 9.89949 57.9061 78.4473 5.38516 51.0392 38.8045 40.769 13.4536 34.0618 61.054 44.4165 69.1725 30.7547 46.0435 34.7579 6.40312 24.8017 24.7386 21.5453 13.3417 63.7209 54.927 44.0114 46.8722 38.8065 24.4131 51.8556 27.1662 39.1463 43.3244 43.2021 15.4585 29.0 36.4005 2.23607 39.8036 41.2568 40.025 43.8634 61.6299 56.5591 5.83095 22.1359 24.4165 42.8027 
32.6497 0.0 26.9258 45.1774 28.7924 57.4282 18.6815 29.4109 65.0 39.5601 19.105 25.6125 11.1803 8.60233 18.4391 34.9285 76.2485 104.06 31.3847 79.7057 64.417 62.6259 19.4165 53.8516 83.4622 75.1532 94.785 49.4773 74.8525 57.1661 34.4819 55.9915 27.0185 43.9535 23.4094 89.3334 86.1169 72.224 72.0069 29.1548 11.0454 19.2094 18.1108 61.5545 17.4642 65.6103 39.9625 49.6488 20.5183 33.2415 62.1192 72.0139 18.4391 12.083 87.2424 77.3692 38.4187 48.5262 55.6063 41.1096 
48.5077 26.9258 0.0 41.1096 55.4617 80.3057 41.9762 34.9285 62.6259 66.2118 21.587 39.4588 30.0 31.3209 11.1803 55.0 101.0 113.181 50.04 99.4082 75.9665 62.9365 39.1152 53.0377 85.6329 92.8924 106.357 48.7955 94.4299 62.1289 53.0848 63.4897 27.2947 49.0208 45.3982 98.308 101.533 92.1954 94.0213 56.0803 36.4005 27.2029 21.3776 66.5733 9.89949 67.9536 48.3322 72.2496 47.2017 47.8539 64.5368 89.7373 9.21954 30.8058 98.7967 74.0608 53.9351 69.0 71.6794 67.624 
32.0156 45.1774 41.1096 0.0 61.0824 66.7586 42.3792 17.72 21.6333 74.3634 26.6833 27.7308 55.7315 40.1123 46.5296 41.8913 89.2747 75.0267 37.0135 75.398 32.249 22.0227 36.0555 12.2066 45.0 65.3966 71.0223 8.544 70.594 25.1794 38.4187 39.3573 18.2483 16.2315 41.1461 60.7981 70.0071 69.6558 74.686 63.8056 44.5533 60.0833 27.6586 29.4279 42.9418 28.3686 20.2485 60.815 60.0167 30.0846 24.5967 62.8224 37.5899 56.7186 63.6396 33.541 35.6624 53.8437 45.9073 72.7652 
36.0832 28.7924 55.4617 61.0824 0.0 34.4929 19.0416 43.3625 77.0724 10.7703 41.0416 34.1323 32.0 25.0 47.1275 34.4222 49.163 97.689 32.1662 59.2019 71.5169 73.2653 25.1945 66.1895 93.7664 59.8019 84.1193 62.4003 55.2884 67.4704 34.6167 55.7924 45.6571 53.0538 22.8119 92.4549 73.0357 51.8281 49.1935 5.38516 19.4165 42.0476 40.3259 71.8588 46.2385 75.9146 48.1664 29.2066 12.6491 37.7515 72.516 57.2244 46.5296 32.0156 78.3803 89.0481 40.6772 36.0075 49.8756 12.3693 
34.9443 57.4282 80.3057 66.7586 34.4929 0.0 39.0512 52.4069 71.7249 29.0 60.5679 43.1495 64.3766 50.04 75.06 26.2069 23.0217 67.1863 31.5053 24.8395 41.6657 66.266 41.1947 65.3347 67.1863 27.313 52.811 62.5499 21.2603 51.1526 28.8691 27.5888 59.5407 52.7332 35.0143 56.2228 40.7185 17.6918 14.8661 38.833 46.3897 74.5069 60.1417 49.5539 73.0 68.2503 46.9018 8.06226 47.0394 36.6742 64.8518 25.2982 71.1758 64.7232 48.0521 82.3897 31.9061 13.0384 24.1661 26.9072 
17.4642 18.6815 41.9762 42.3792 19.0416 39.0512 0.0 24.6982 58.0345 29.4722 24.4131 15.1327 27.4591 11.0 36.0139 16.8353 59.0339 88.5608 14.2127 61.6123 52.5011 54.2237 6.32456 47.1699 74.7506 57.0735 76.6659 43.4166 56.759 48.4546 16.9706 38.1876 27.8029 35.0 5.0 74.85 68.2958 53.507 53.4603 21.7648 8.06226 37.1214 23.8537 52.843 34.0588 56.8987 29.1548 31.1448 19.2354 18.9737 53.5002 53.9409 32.7567 28.0179 69.8159 70.0071 22.4722 30.4327 37.8024 30.7065 
17.4642 29.4109 34.9285 17.72 43.3625 52.4069 24.6982 0.0 35.6931 53.7931 14.2127 10.6301 40.4969 23.0868 36.1248 26.9258 75.3687 79.4927 21.6333 67.1863 41.1096 33.2415 18.3848 24.5153 54.2019 59.1354 71.5002 20.2237 62.2013 28.4253 23.7065 30.0167 8.06226 15.2127 23.8537 64.4999 66.9403 60.6562 64.0325 46.0857 27.074 46.6476 14.8661 32.8137 32.6497 36.3501 13.4164 46.4626 42.4264 15.8114 32.9515 56.0803 28.0179 41.4367 63.9398 48.0521 21.4516 39.5601 38.0132 56.1479 
44.6284 65.0 62.6259 21.6333 77.0724 71.7249 58.0345 35.6931 0.0 87.4923 47.5395 43.0 75.9605 58.6941 68.0955 54.5041 92.784 58.6941 49.6271 73.8243 30.3345 6.40312 52.0 11.1803 25.632 61.6852 58.3095 15.5242 69.4685 20.5922 51.0316 48.753 39.0 25.0832 55.3426 46.0 61.0328 69.3894 75.7834 79.7956 62.2013 81.1542 48.4665 23.7103 64.4981 18.0278 29.9141 68.3919 77.0065 42.6975 12.2066 60.3839 59.1692 76.922 51.788 12.3693 48.2752 61.7062 47.564 85.8941 
44.4009 39.5601 66.2118 74.3634 10.7703 29.0 29.4722 53.7931 87.4923 0.0 51.4722 44.5629 42.19 35.5106 57.8705 42.0167 39.8121 93.655 39.7861 53.7587 63.0976 87.6978 35.6252 76.9256 89.755 55.4707 80.0625 73.6186 50.2494 72.5844 42.2112 48.0161 56.0877 64.4091 33.2425 81.3652 68.7968 46.6905 42.8019 12.0416 30.0167 52.0384 50.7565 70.8392 57.0088 89.6821 58.3224 25.0599 22.0 46.4425 86.2836 53.0 57.2451 42.107 74.3463 103.822 48.3293 32.0075 45.8756 2.23607 
27.074 19.105 21.587 26.6833 41.0416 60.5679 24.4131 14.2127 47.5395 51.4722 0.0 18.0278 29.1548 16.6433 21.9317 34.3657 81.9085 93.5643 29.1548 78.1025 54.6567 46.1411 19.6977 36.6742 67.7117 71.3112 85.0473 32.2025 73.1095 42.4969 32.0624 41.9085 8.544 29.2843 26.4008 78.5715 80.0062 71.007 73.3348 43.4166 22.2036 33.6155 1.0 46.8853 18.4391 49.8598 27.4591 52.347 37.1214 26.3059 46.4004 68.2017 13.8924 30.1496 77.4869 59.808 32.3883 48.2597 50.0982 52.7065 
9.05539 25.6125 39.4588 27.7308 34.1323 43.1495 15.1327 10.6301 43.0 44.5629 18.0278 0.0 36.6197 17.4929 37.5766 17.088 66.4866 78.4473 11.7047 60.075 38.527 39.3192 9.0 32.0624 59.6137 53.4429 69.1725 28.2843 55.0818 33.3176 14.3178 25.5081 16.5529 20.105 13.4164 63.7209 63.6482 53.0 55.5788 36.8555 19.6469 44.5533 18.1108 37.706 34.5398 41.7618 14.8661 37.2053 34.0147 8.544 38.3633 50.2833 31.0483 37.4433 61.6299 55.0818 14.5602 30.5941 33.4429 45.5306 
43.1393 11.1803 30.0 55.7315 32.0 64.3766 27.4591 40.4969 75.9605 42.19 29.1548 36.6197 0.0 19.2094 19.105 44.2354 81.0987 115.056 41.2311 87.4862 75.413 73.736 29.6985 64.846 94.6382 84.4736 104.08 60.4401 82.9996 68.3421 44.2041 65.6014 37.4833 55.1295 32.45 100.329 95.6922 79.8713 79.1695 30.4138 19.4165 10.198 28.1603 72.7305 20.2485 76.7863 51.1077 56.9246 20.3961 43.9318 73.2808 81.341 23.7697 1.0 97.2298 88.3233 48.7955 62.1823 65.2163 44.1022 
24.0832 8.60233 31.3209 40.1123 25.0 50.04 11.0 23.0868 58.6941 35.5106 16.6433 17.4929 19.2094 0.0 25.02 26.5707 69.8713 95.8979 22.8254 71.3664 56.2551 55.7853 10.8167 47.5184 76.2439 66.7083 86.6231 43.2897 66.5131 49.9478 25.9422 47.4446 22.8035 36.7351 15.2971 81.1715 77.57 63.8847 64.3817 26.9072 5.65685 27.8029 15.8114 54.3362 23.0868 58.392 32.2025 42.107 20.6155 24.7588 54.9935 63.561 22.1359 20.0 79.0805 71.0211 29.8329 40.1869 47.0595 36.7449 
46.2385 18.4391 11.1803 46.5296 47.1275 75.06 36.0139 36.1248 68.0955 57.8705 21.9317 37.5766 19.105 25.02 0.0 50.9902 94.5337 115.49 46.5725 95.901 75.7868 67.424 34.7131 57.6888 89.3756 90.4434 106.174 53.2541 91.0055 64.4222 49.7293 70.8451 29.8329 51.2096 40.1995 100.497 100.662 88.459 89.3588 47.0106 29.1548 16.2788 21.2603 68.8106 3.60555 71.5374 49.2037 67.1193 37.5899 46.0977 68.1175 87.2812 8.94427 19.8494 98.617 80.0625 52.0 64.7792 70.4599 59.4811 
9.89949 34.9285 55.0 41.8913 34.4222 26.2069 16.8353 26.9258 54.5041 42.0167 34.3657 17.088 44.2354 26.5707 50.9902 0.0 49.1688 72.0372 5.38516 44.911 36.7455 50.6447 16.2788 43.9375 64.2334 40.2492 60.1422 40.6304 40.025 44.6336 3.60555 21.664 33.6155 31.421 11.8584 58.3264 51.614 37.4833 39.0512 37.1454 24.8204 53.7569 34.2345 49.022 48.5077 53.0778 25.3342 20.2627 34.7499 12.0416 49.6793 37.1214 46.0435 44.8179 53.2923 66.4348 10.198 14.0 21.2788 40.4185 
57.9061 76.2485 101.0 89.2747 49.163 23.0217 59.0339 75.3687 92.784 39.8121 81.9085 66.4866 81.0987 69.8713 94.5337 49.1688 0.0 78.0256 54.4671 29.0 62.7249 87.3251 62.3618 87.6845 85.9069 38.833 63.0317 84.8996 29.4279 72.2117 51.831 49.9385 82.5026 75.083 55.7853 70.406 50.04 26.9258 18.6815 51.788 65.3793 91.1976 81.6088 70.6045 92.9139 88.3018 69.2515 30.4138 61.5224 59.637 85.9109 38.6005 91.7824 81.1542 60.6712 100.768 54.9181 36.0555 45.4533 37.6563 
78.4473 104.06 113.181 75.0267 97.689 67.1863 88.5608 79.4927 58.6941 93.655 93.5643 78.4473 115.056 95.8979 115.49 72.0372 78.0256 0.0 74.9938 49.0408 49.0408 54.5711 86.6044 63.2456 34.0 40.4475 15.0 66.4831 49.0918 51.8736 71.8829 57.0088 86.0887 66.28 83.5613 15.0 28.0 52.2398 60.075 102.09 97.6762 122.976 94.28 47.5622 111.97 47.0106 71.111 68.7095 106.493 76.5163 50.5964 41.9762 107.149 115.873 19.3132 55.0818 82.0941 64.405 50.774 91.9242 
5.38516 31.3847 50.04 37.0135 32.1662 31.5053 14.2127 21.6333 49.6271 39.7861 29.1548 11.7047 41.2311 22.8254 46.5725 5.38516 54.4671 74.9938 0.0 49.4975 43.8031 45.7676 12.083 39.0604 66.0526 44.0114 63.0988 35.7533 44.5533 39.7566 3.16228 24.6205 28.2312 26.5439 9.43398 61.283 54.7459 42.19 44.1814 34.8894 21.9317 50.4777 29.0689 44.145 43.9318 48.2007 20.4571 25.561 32.4939 7.61577 44.8022 40.8534 41.1947 41.8688 56.2489 61.5578 8.544 19.105 24.2354 38.1879 
51.0392 79.7057 99.4082 75.398 59.2019 24.8395 61.6123 67.1863 73.8243 53.7587 78.1025 60.075 87.4862 71.3664 95.901 44.911 29.0 49.0408 49.4975 0.0 43.9011 68.3654 61.1882 68.4471 60.803 12.0416 34.0588 68.8975 5.0 53.2353 46.3897 37.2156 75.1089 61.1664 56.6354 42.3792 21.095 7.61577 12.083 63.6003 68.8403 97.5539 78.1601 50.774 93.3809 70.3498 56.0892 30.8869 71.7485 52.0 66.9512 13.6015 90.6697 87.8561 32.28 77.1936 46.0109 31.3209 29.6142 51.6236 
38.8045 64.417 75.9665 32.249 71.5169 41.6657 52.5011 41.1096 30.3345 63.0976 54.6567 38.527 75.413 56.2551 75.7868 36.7455 62.7249 49.0408 43.8031 43.9011 0.0 24.8756 46.9616 24.5967 35.7467 33.2415 41.2311 25.0 39.4455 9.89949 45.2076 18.6939 49.0446 19.1108 49.5186 34.0588 38.1182 39.3397 45.9478 74.2402 58.0334 82.8098 55.079 9.48683 72.5665 26.8599 27.9116 38.3328 71.8447 36.8735 23.4613 30.6757 68.4937 76.2306 33.6155 40.9993 42.4512 31.647 17.5049 61.4993 
40.769 62.6259 62.9365 22.0227 73.2653 66.266 54.2237 33.2415 6.40312 87.6978 46.1411 39.3192 73.736 55.7853 67.424 50.6447 87.3251 54.5711 45.7676 68.3654 24.8756 0.0 48.2597 9.89949 23.0217 57.2308 53.0377 14.2127 64.0096 15.1333 47.1721 43.2941 37.7359 21.2237 51.4831 41.1947 55.0818 63.9305 70.3245 75.9886 58.8558 79.6053 47.0106 18.2514 63.8201 11.6619 26.0547 62.933 73.3086 38.838 5.83095 54.925 58.6003 74.6726 46.2709 16.1245 44.4158 56.2473 42.1051 86.0996 
13.4536 19.4165 39.1152 36.0555 25.1945 41.1947 6.32456 18.3848 52.0 35.6252 19.6977 9.0 29.6985 10.8167 34.7131 16.2788 62.3618 86.6044 12.083 61.1882 46.9616 48.2597 0.0 41.0488 69.2111 56.0803 75.1684 37.2156 56.2939 42.284 15.2315 36.6901 21.9317 29.0713 6.7082 71.878 66.8155 53.7587 55.0091 27.9178 11.1803 38.6005 19.3132 47.3034 32.249 51.3592 23.5372 33.1361 25.02 14.4222 47.3297 52.9245 30.0167 30.4138 69.787 64.0703 19.105 30.1496 36.305 36.8595 
34.0618 53.8516 53.0377 12.2066 66.1895 65.3347 47.1699 24.5153 11.1803 76.9256 36.6742 32.0624 64.846 47.5184 57.6888 43.9375 87.6845 63.2456 39.0604 68.4471 24.5967 9.89949 41.0488 0.0 32.8024 57.5847 60.208 4.47214 63.9917 15.5242 40.4649 37.7882 28.178 14.6015 44.7214 49.2443 60.531 63.8858 70.4939 68.9128 51.0882 70.2638 37.5766 19.105 54.0833 17.0294 19.4324 60.9972 66.0076 32.1308 12.6491 55.1543 48.8262 65.8027 53.0377 23.5372 37.7085 54.3115 42.051 75.3274 
61.054 83.4622 85.6329 45.0 93.7664 67.1863 74.7506 54.2019 25.632 89.755 67.7117 59.6137 94.6382 76.2439 89.3756 64.2334 85.9069 34.0 66.0526 60.803 35.7467 23.0217 69.2111 32.8024 0.0 48.8262 37.1618 36.8782 57.9828 34.9695 67.4571 46.8514 59.5483 41.5087 71.7681 23.7697 44.0454 59.5399 67.5352 96.4897 79.1481 100.833 68.5246 38.0876 85.7963 21.0238 46.3397 64.9828 93.9701 59.123 21.2603 48.0208 80.7217 95.5451 32.45 21.2132 64.7007 58.8806 43.9023 88.1568 
44.4165 75.1532 92.8924 65.3966 59.8019 27.313 57.0735 59.1354 61.6852 55.4707 71.3112 53.4429 84.4736 66.7083 90.4434 40.2492 38.833 40.4475 44.0114 12.0416 33.2415 57.2308 56.0803 57.5847 48.8262 0.0 25.7099 58.2409 9.48683 42.1545 40.8534 29.4279 67.1863 51.4876 52.0966 31.5753 13.4164 12.0416 20.2237 64.2028 65.0586 93.995 71.5296 39.3573 87.6413 59.2151 47.0425 30.6105 74.9881 45.0998 55.8166 3.16228 84.439 85.0561 22.0227 65.192 39.0357 28.4253 21.2132 53.535 
69.1725 94.785 106.357 71.0223 84.1193 52.811 76.6659 71.5002 58.3095 80.0625 85.0473 69.1725 104.08 86.6231 106.174 60.1422 63.0317 15.0 63.0988 34.0588 41.2311 53.0377 75.1684 60.208 37.1618 25.7099 0.0 62.6774 34.1321 45.8912 59.9879 46.0977 79.6304 59.8218 71.6663 13.4164 13.0 37.3363 45.0999 88.5202 84.6678 113.701 85.4696 41.5959 102.957 43.1856 58.3022 55.0091 94.5984 67.2416 48.0104 27.5136 98.8842 104.666 7.61577 57.8705 72.8193 51.3128 38.8973 78.2624 
30.7547 49.4773 48.7955 8.544 62.4003 62.5499 43.4166 20.2237 15.5242 73.6186 32.2025 28.2843 60.4401 43.2897 53.2541 40.6304 84.8996 66.4831 35.7533 68.8975 25.0 14.2127 37.2156 4.47214 36.8782 58.2409 62.6774 0.0 64.4419 17.0 37.1578 35.0034 23.7065 11.8167 41.2311 52.2553 62.1289 64.3361 70.2977 65.1235 47.0106 65.7951 33.1059 21.095 49.6488 19.8257 16.6433 58.2124 62.0725 28.8237 16.1245 55.6725 44.4072 61.4003 55.3263 27.8927 34.4015 51.5266 41.4924 72.0203 
46.0435 74.8525 94.4299 70.594 55.2884 21.2603 56.759 62.2013 69.4685 50.2494 73.1095 55.0818 82.9996 66.5131 91.0055 40.025 29.4279 49.0918 44.5533 5.0 39.4455 64.0096 56.2939 63.9917 57.9828 9.48683 34.1321 64.4419 0.0 48.8774 41.4367 32.249 70.1205 56.3624 51.7821 41.0 21.2132 3.60555 11.0 59.6893 64.3537 93.0673 73.171 46.6154 88.459 65.9939 51.1957 26.6271 67.835 47.0 62.5954 10.0 85.7088 83.3694 31.257 73.7567 41.0122 26.5707 24.7386 48.1664 
34.7579 57.1661 62.1289 25.1794 67.4704 51.1526 48.4546 28.4253 20.5922 72.5844 42.4969 33.3176 68.3421 49.9478 64.4222 44.6336 72.2117 51.8736 39.7566 53.2353 9.89949 15.1333 42.284 15.5242 34.9695 42.1545 45.8912 17.0 48.8774 0.0 41.1611 28.1807 35.0 15.2127 45.472 36.8807 45.1774 48.8262 55.4346 70.1936 52.852 74.958 43.2127 4.47214 60.9031 17.1176 20.0436 47.8196 67.674 32.8269 13.7191 39.8121 56.0803 69.249 38.4708 31.2571 38.4047 41.1339 26.9917 70.9862 
6.40312 34.4819 53.0848 38.4187 34.6167 28.8691 16.9706 23.7065 51.0316 42.2112 32.0624 14.3178 44.2041 25.9422 49.7293 3.60555 51.831 71.8829 3.16228 46.3897 45.2076 47.1721 15.2315 40.4649 67.4571 40.8534 59.9879 37.1578 41.4367 41.1611 0.0 21.5097 30.6757 27.9484 12.0416 58.1721 51.6351 39.1152 41.3038 37.3399 24.8395 53.535 32.0156 45.5495 47.0744 49.6052 21.8616 22.9249 34.9444 8.48528 46.2067 37.6962 44.2832 44.8219 53.138 62.9623 7.0 16.2788 21.1245 40.6129 
24.8017 55.9915 63.4897 39.3573 55.7924 27.5888 38.1876 30.0167 48.753 48.0161 41.9085 25.5081 65.6014 47.4446 70.8451 21.664 49.9385 57.0088 24.6205 37.2156 18.6939 43.2941 36.6901 37.7882 46.8514 29.4279 46.0977 35.0034 32.249 28.1807 21.5097 0.0 38.0 25.1868 33.188 42.72 38.9102 30.8058 35.3412 58.5157 46.1896 75.0271 42.1918 26.582 68.027 45.2784 19.3132 23.2512 56.1202 23.5771 41.8799 26.3059 55.5055 66.1881 38.8973 59.4179 19.4208 16.5655 8.24621 46.4178 
24.7386 27.0185 27.2947 18.2483 45.6571 59.5407 27.8029 8.06226 39.0 56.0877 8.544 16.5529 37.4833 22.8035 29.8329 33.6155 82.5026 86.0887 28.2312 75.1089 49.0446 37.7359 21.9317 28.178 59.5483 67.1863 79.6304 23.7065 70.1205 35.0 30.6757 38.0 0.0 21.8087 28.3196 71.0958 74.9533 68.3594 71.5891 48.3735 27.8568 42.1545 9.48683 39.4081 26.2488 41.705 21.1896 53.5964 43.3244 23.3452 38.2884 64.1249 21.2132 38.4708 72.0532 51.264 29.1548 46.8402 46.0435 57.322 
21.5453 43.9535 49.0208 16.2315 53.0538 52.7332 35.0 15.2127 25.0832 64.4091 29.2843 20.105 55.1295 36.7351 51.2096 31.421 75.083 66.28 26.5439 61.1664 19.1108 21.2237 29.0713 14.6015 41.5087 51.4876 59.8218 11.8167 56.3624 15.2127 27.9484 25.1868 21.8087 0.0 32.2594 51.2872 57.2228 55.4243 60.4811 55.777 39.6394 61.7454 30.0 19.6011 47.6905 23.6569 6.83095 48.3957 54.0848 19.6143 20.2583 48.676 42.8688 56.0364 52.2445 37.0139 25.192 41.71 31.6757 62.8109 
13.3417 23.4094 45.3982 41.1461 22.8119 35.0143 5.0 23.8537 55.3426 33.2425 26.4008 13.4164 32.45 15.2971 40.1995 11.8584 55.7853 83.5613 9.43398 56.6354 49.5186 51.4831 6.7082 44.7214 71.7681 52.0966 71.6663 41.2311 51.7821 45.472 12.0416 33.188 28.3196 32.2594 0.0 69.8505 63.3189 49.1537 49.163 25.5352 13.0384 42.0595 26.0 49.8605 38.0132 53.9162 26.1726 27.0 23.0868 15.1327 50.5177 48.964 36.2215 33.0151 64.8164 67.2733 17.8885 25.4558 32.8029 33.7624 
63.7209 89.3334 98.308 60.7981 92.4549 56.2228 74.85 64.4999 46.0 81.3652 78.5715 63.7209 100.329 81.1715 100.497 58.3264 70.406 15.0 61.283 42.3792 34.0588 41.1947 71.878 49.2443 23.7697 31.5753 13.4164 52.2553 41.0 36.8807 58.1721 42.72 71.0958 51.2872 69.8505 0.0 22.4722 43.566 51.788 89.7661 82.9498 108.249 79.2872 32.5694 96.9777 32.573 56.1181 56.5155 92.7826 61.7899 36.6742 32.1403 92.156 101.147 10.2956 44.643 67.3677 51.5461 37.1618 79.6004 
54.927 86.1169 101.533 70.0071 73.0357 40.7185 68.2958 66.9403 61.0328 68.7968 80.0062 63.6482 95.6922 77.57 100.662 51.614 50.04 28.0 54.7459 21.095 38.1182 55.0818 66.8155 60.531 44.0454 13.4164 13.0 62.1289 21.2132 45.1774 51.6351 38.9102 74.9533 57.2228 63.3189 22.4722 0.0 24.5153 32.1403 77.4366 76.2758 105.153 80.3243 41.4367 97.4943 44.1537 53.9351 43.8292 86.2104 61.7172 49.5165 15.8114 93.6456 96.2784 12.2066 63.1348 67.295 41.0366 30.8869 66.888 
44.0114 72.224 92.1954 69.6558 51.8281 17.6918 53.507 60.6562 69.3894 46.6905 71.007 53.0 79.8713 63.8847 88.459 37.4833 26.9258 52.2398 42.19 7.61577 39.3397 63.9305 53.7587 63.8858 59.5399 12.0416 37.3363 64.3361 3.60555 48.8262 39.1152 30.8058 68.3594 55.4243 49.1537 43.566 24.5153 0.0 8.24621 56.2291 61.2255 89.9391 71.0282 46.8615 85.9884 65.9149 50.0 23.3238 64.3747 45.0999 62.5163 11.7047 83.3847 80.2412 34.0588 74.8764 39.2046 23.7697 23.7697 44.5982 
46.8722 72.0069 94.0213 74.686 49.1935 14.8661 53.4603 64.0325 75.7834 42.8019 73.3348 55.5788 79.1695 64.3817 89.3588 39.0512 18.6815 60.075 44.1814 12.083 45.9478 70.3245 55.0091 70.4939 67.5352 20.2237 45.0999 70.2977 11.0 55.4346 41.3038 35.3412 71.5891 60.4811 49.163 51.788 32.1403 8.24621 0.0 53.3385 61.0 89.2998 73.2462 53.7401 87.1436 72.3088 54.6648 22.3607 61.7491 48.2701 68.9103 19.9249 85.0 79.5161 42.19 82.6382 42.72 25.0799 29.4109 40.6079 
38.8065 29.1548 56.0803 63.8056 5.38516 38.833 21.7648 46.0857 79.7956 12.0416 43.4166 36.8555 30.4138 26.9072 47.0106 37.1454 51.788 102.09 34.8894 63.6003 74.2402 75.9886 27.9178 68.9128 96.4897 64.2028 88.5202 65.1235 59.6893 70.1936 37.3399 58.5157 48.3735 55.777 25.5352 89.7661 77.4366 56.2291 53.3385 0.0 21.2603 40.1123 42.638 74.582 46.5296 78.6378 50.8896 33.6075 10.0499 40.4747 75.2393 61.6253 47.4342 30.2655 82.7812 91.7713 43.4005 40.4084 54.2765 14.1421 
24.4131 11.0454 36.4005 44.5533 19.4165 46.3897 8.06226 27.074 62.2013 30.0167 22.2036 19.6469 19.4165 5.65685 29.1548 24.8204 65.3793 97.6762 21.9317 68.8403 58.0334 58.8558 11.1803 51.0882 79.1481 65.0586 84.6678 47.0106 64.3537 52.852 24.8395 46.1896 27.8568 39.6394 13.0384 82.9498 76.2758 61.2255 61.0 21.2603 0.0 29.0689 21.4009 58.3752 27.6586 61.2962 34.4819 38.6394 15.5242 25.5539 57.8977 61.926 27.313 20.0 77.8179 74.4312 29.8329 38.4179 45.8044 31.305 
51.8556 19.2094 27.2029 60.0833 42.0476 74.5069 37.1214 46.6476 81.1542 52.0384 33.6155 44.5533 10.198 27.8029 16.2788 53.7569 91.1976 122.976 50.4777 97.5539 82.8098 79.6053 38.6005 70.2638 100.833 93.995 113.701 65.7951 93.0673 74.958 53.535 75.0271 42.1545 61.7454 42.0595 108.249 105.153 89.9391 89.2998 40.1123 29.0689 0.0 32.6956 79.3464 19.0263 83.4022 58.4123 67.0522 30.0666 52.4023 79.5825 90.8624 24.0208 10.0499 106.158 93.4077 57.6281 72.25 74.6419 54.0093 
27.1662 18.1108 21.3776 27.6586 40.3259 60.1417 23.8537 14.8661 48.4665 50.7565 1.0 18.1108 28.1603 15.8114 21.2603 34.2345 81.6088 94.28 29.0689 78.1601 55.079 47.0106 19.3132 37.5766 68.5246 71.5296 85.4696 33.1059 73.171 43.2127 32.0156 42.1918 9.48683 30.0 26.0 79.2872 80.3243 71.0282 73.2462 42.638 21.4009 32.6956 0.0 47.6011 17.8045 50.6727 28.0179 52.0794 36.2353 26.4764 47.2742 68.3699 13.4164 29.1548 77.9092 60.7454 32.5576 48.1664 50.3815 51.9908 
39.1463 61.5545 66.5733 29.4279 71.8588 49.5539 52.843 32.8137 23.7103 70.8392 46.8853 37.706 72.7305 54.3362 68.8106 49.022 70.6045 47.5622 44.145 50.774 9.48683 18.2514 47.3034 19.105 38.0876 39.3573 41.5959 21.095 46.6154 4.47214 45.5495 26.582 39.4081 19.6011 49.8605 32.5694 41.4367 46.8615 53.7401 74.582 58.3752 79.3464 47.6011 0.0 65.2915 20.2357 24.432 46.0744 72.0624 37.2153 16.8372 37.2156 60.4699 73.6374 34.2345 34.3752 42.7931 39.5351 25.393 69.241 
43.3244 17.4642 9.89949 42.9418 46.2385 73.0 34.0588 32.6497 64.4981 57.0088 18.4391 34.5398 20.2485 23.0868 3.60555 48.5077 92.9139 111.97 43.9318 93.3809 72.5665 63.8201 32.249 54.0833 85.7963 87.6413 102.957 49.6488 88.459 60.9031 47.0744 68.027 26.2488 47.6905 38.0132 96.9777 97.4943 85.9884 87.1436 46.5296 27.6586 19.0263 17.8045 65.2915 0.0 67.9536 45.8039 65.0077 37.4433 43.0813 64.5368 84.4808 5.38516 21.095 95.3967 76.4788 49.0408 62.3939 67.6418 58.5235 
43.2021 65.6103 67.9536 28.3686 75.9146 68.2503 56.8987 36.3501 18.0278 89.6821 49.8598 41.7618 76.7863 58.392 71.5374 53.0778 88.3018 47.0106 48.2007 70.3498 26.8599 11.6619 51.3592 17.0294 21.0238 59.2151 43.1856 19.8257 65.9939 17.1176 49.6052 45.2784 41.705 23.6569 53.9162 32.573 44.1537 65.9149 72.3088 78.6378 61.2962 83.4022 50.6727 20.2357 67.9536 0.0 28.4878 64.9173 76.1182 41.2711 5.83095 56.9093 62.8699 77.6932 36.0139 25.0599 46.8489 58.2316 44.0894 88.0839 
15.4585 39.9625 48.3322 20.2485 48.1664 46.9018 29.1548 13.4164 29.9141 58.3224 27.4591 14.8661 51.1077 32.2025 49.2037 25.3342 69.2515 71.111 20.4571 56.0892 27.9116 26.0547 23.5372 19.4324 46.3397 47.0425 58.3022 16.6433 51.1957 20.0436 21.8616 19.3132 21.1896 6.83095 26.1726 56.1181 53.9351 50.0 54.6648 50.8896 34.4819 58.4123 28.0179 24.432 45.8039 28.4878 0.0 44.2579 48.3735 13.5275 25.0893 44.1022 41.3401 51.9711 50.7418 41.8448 19.1053 35.8785 26.4764 56.7241 
29.0 49.6488 72.2496 60.815 29.2066 8.06226 31.1448 46.4626 68.3919 25.0599 52.347 37.2053 56.9246 42.107 67.1193 20.2627 30.4138 68.7095 25.561 30.8869 38.3328 62.933 33.1361 60.9972 64.9828 30.6105 55.0091 58.2124 26.6271 47.8196 22.9249 23.2512 53.5964 48.3957 27.0 56.5155 43.8292 23.3238 22.3607 33.6075 38.6394 67.0522 52.0794 46.0744 65.0077 64.9173 44.2579 0.0 41.7531 30.7308 61.5188 28.0179 63.1269 57.2712 49.3964 79.0568 26.0217 7.24264 21.095 23.2594 
36.4005 20.5183 47.2017 60.0167 12.6491 47.0394 19.2354 42.4264 77.0065 22.0 37.1214 34.0147 20.3961 20.6155 37.5899 34.7499 61.5224 106.493 32.4939 71.7485 71.8447 73.3086 25.02 66.0076 93.9701 74.9881 94.5984 62.0725 67.835 67.674 34.9444 56.1202 43.3244 54.0848 23.0868 92.7826 86.2104 64.3747 61.7491 10.0499 15.5242 30.0666 36.2353 72.0624 37.4433 76.1182 48.3735 41.7531 0.0 38.0789 72.7197 71.8555 38.9487 20.2237 87.7485 89.0898 41.005 50.2274 55.735 24.0208 
2.23607 33.2415 47.8539 30.0846 37.7515 36.6742 18.9737 15.8114 42.6975 46.4425 26.3059 8.544 43.9318 24.7588 46.0977 12.0416 59.637 76.5163 7.61577 52.0 36.8735 38.838 14.4222 32.1308 59.123 45.0998 67.2416 28.8237 47.0 32.8269 8.48528 23.5771 23.3452 19.6143 15.1327 61.7899 61.7172 45.0999 48.2701 40.4747 25.5539 52.4023 26.4764 37.2153 43.0813 41.2711 13.5275 30.7308 38.0789 0.0 37.8726 41.9401 39.5601 44.6878 59.6989 54.6282 6.08276 23.7697 31.7668 44.8443 
39.8036 62.1192 64.5368 24.5967 72.516 64.8518 53.5002 32.9515 12.2066 86.2836 46.4004 38.3633 73.2808 54.9935 68.1175 49.6793 85.9109 50.5964 44.8022 66.9512 23.4613 5.83095 47.3297 12.6491 21.2603 55.8166 48.0104 16.1245 62.5954 13.7191 46.2067 41.8799 38.2884 20.2583 50.5177 36.6742 49.5165 62.5163 68.9103 75.2393 57.8977 79.5825 47.2742 16.8372 64.5368 5.83095 25.0893 61.5188 72.7197 37.8726 0.0 53.5108 59.4643 74.1988 41.0488 20.2485 43.4503 54.8331 40.6909 84.6854 
41.2568 72.0139 89.7373 62.8224 57.2244 25.2982 53.9409 56.0803 60.3839 53.0 68.2017 50.2833 81.341 63.561 87.2812 37.1214 38.6005 41.9762 40.8534 13.6015 30.6757 54.925 52.9245 55.1543 48.0208 3.16228 27.5136 55.6725 10.0 39.8121 37.6962 26.3059 64.1249 48.676 48.964 32.1403 15.8114 11.7047 19.9249 61.6253 61.926 90.8624 68.3699 37.2156 84.4808 56.9093 44.1022 28.0179 71.8555 41.9401 53.5108 0.0 81.2794 81.9235 23.0868 63.7879 35.876 25.4951 18.1108 51.1077 
40.025 18.4391 9.21954 37.5899 46.5296 71.1758 32.7567 28.0179 59.1692 57.2451 13.8924 31.0483 23.7697 22.1359 8.94427 46.0435 91.7824 107.149 41.1947 90.6697 68.4937 58.6003 30.0167 48.8262 80.7217 84.439 98.8842 44.4072 85.7088 56.0803 44.2832 55.5055 21.2132 42.8688 36.2215 92.156 93.6456 83.3847 85.0 47.4342 27.313 24.0208 13.4164 60.4699 5.38516 62.8699 41.3401 63.1269 38.9487 39.5601 59.4643 81.2794 0.0 24.6982 91.3239 71.1196 45.607 60.0333 63.6952 58.6003 
43.8634 12.083 30.8058 56.7186 32.0156 64.7232 28.0179 41.4367 76.922 42.107 30.1496 37.4433 1.0 20.0 19.8494 44.8179 81.1542 115.873 41.8688 87.8561 76.2306 74.6726 30.4138 65.8027 95.5451 85.0561 104.666 61.4003 83.3694 69.249 44.8219 66.1881 38.4708 56.0364 33.0151 101.147 96.2784 80.2412 79.5161 30.2655 20.0 10.0499 29.1548 73.6374 21.095 77.6932 51.9711 57.2712 20.2237 44.6878 74.1988 81.9235 24.6982 0.0 97.8165 89.2861 49.4975 62.5522 65.803 44.0454 
61.6299 87.2424 98.7967 63.6396 78.3803 48.0521 69.8159 63.9398 51.788 74.3463 77.4869 61.6299 97.2298 79.0805 98.617 53.2923 60.6712 19.3132 56.2489 32.28 33.6155 46.2709 69.787 53.0377 32.45 22.0227 7.61577 55.3263 31.257 38.4708 53.138 38.8973 72.0532 52.2445 64.8164 10.2956 12.2066 34.0588 42.19 82.7812 77.8179 106.158 77.9092 34.2345 95.3967 36.0139 50.7418 49.3964 87.7485 59.6989 41.0488 23.0868 91.3239 97.8165 0.0 52.3927 65.2767 45.1774 32.0156 72.6154 
56.5591 77.3692 74.0608 33.541 89.0481 82.3897 70.0071 48.0521 12.3693 103.822 59.808 55.0818 88.3233 71.0211 80.0625 66.4348 100.768 55.0818 61.5578 77.1936 40.9993 16.1245 64.0703 23.5372 21.2132 65.192 57.8705 27.8927 73.7567 31.2571 62.9623 59.4179 51.264 37.0139 67.2733 44.643 63.1348 74.8764 82.6382 91.7713 74.4312 93.4077 60.7454 34.3752 76.4788 25.0599 41.8448 79.0568 89.0898 54.6282 20.2485 63.7879 71.1196 89.2861 52.3927 0.0 60.2059 72.371 58.2289 102.223 
5.83095 38.4187 53.9351 35.6624 40.6772 31.9061 22.4722 21.4516 48.2752 48.3293 32.3883 14.5602 48.7955 29.8329 52.0 10.198 54.9181 82.0941 8.544 46.0109 42.4512 44.4158 19.105 37.7085 64.7007 39.0357 72.8193 34.4015 41.0122 38.4047 7.0 19.4208 29.1548 25.192 17.8885 67.3677 67.295 39.2046 42.72 43.4005 29.8329 57.6281 32.5576 42.7931 49.0408 46.8489 19.1053 26.0217 41.005 6.08276 43.4503 35.876 45.607 49.4975 65.2767 60.2059 0.0 18.868 19.0357 46.7311 
22.1359 48.5262 69.0 53.8437 36.0075 13.0384 30.4327 39.5601 61.7062 32.0075 48.2597 30.5941 62.1823 40.1869 64.7792 14.0 36.0555 64.405 19.105 31.3209 31.647 56.2473 30.1496 54.3115 58.8806 28.4253 51.3128 51.5266 26.5707 41.1339 16.2788 16.5655 46.8402 41.71 25.4558 51.5461 41.0366 23.7697 25.0799 40.4084 38.4179 72.25 48.1664 39.5351 62.3939 58.2316 35.8785 7.24264 50.2274 23.7697 54.8331 25.4951 60.0333 62.5522 45.1774 72.371 18.868 0.0 15.0333 30.4092 
24.4165 55.6063 71.6794 45.9073 49.8756 24.1661 37.8024 38.0132 47.564 45.8756 50.0982 33.4429 65.2163 47.0595 70.4599 21.2788 45.4533 50.774 24.2354 29.6142 17.5049 42.1051 36.305 42.051 43.9023 21.2132 38.8973 41.4924 24.7386 26.9917 21.1245 8.24621 46.0435 31.6757 32.8029 37.1618 30.8869 23.7697 29.4109 54.2765 45.8044 74.6419 50.3815 25.393 67.6418 44.0894 26.4764 21.095 55.735 31.7668 40.6909 18.1108 63.6952 65.803 32.0156 58.2289 19.0357 15.0333 0.0 44.2773 
42.8027 41.1096 67.624 72.7652 12.3693 26.9072 30.7065 56.1479 85.8941 2.23607 52.7065 45.5306 44.1022 36.7449 59.4811 40.4185 37.6563 91.9242 38.1879 51.6236 61.4993 86.0996 36.8595 75.3274 88.1568 53.535 78.2624 72.0203 48.1664 70.9862 40.6129 46.4178 57.322 62.8109 33.7624 79.6004 66.888 44.5982 40.6079 14.1421 31.305 54.0093 51.9908 69.241 58.5235 88.0839 56.7241 23.2594 24.0208 44.8443 84.6854 51.1077 58.6003 44.0454 72.6154 102.223 46.7311 30.4092 44.2773 0.0 
DEMAND_SCENARIO_SECTION
0 0 0 0 0 0 0 0 0 0 0 0 0 0 0 0 0 0 0 0 0 0 0 0 0 0 0 0 0 0 0 0 0 0 0 0 0 0 0 0 0 0 0 0 0 0 0 0 0 0 0 0 0 0 0 0 0 0 0 0 0 0 0 0 0 0 0 0 0 0 0 0 0 0 0 0 0 0 0 0 0 0 0 0 0 0 0 0 0 0 0 0 0 0 0 0 0 0 0 0 0 0 0 0 0 0 0 0 0 0 0 0 0 0 0 0 0 0 0 0 0 0 0 0 0 0 0 0 0 0 0 0 0 0 0 0 0 0 0 0 0 0 0 0 0 0 0 0 0 0 0 0 0 0 0 0 0 0 0 0 0 0 0 0 0 0 0 0 0 0 0 0 0 0 0 0 0 0 0 0 0 0 0 0 0 0 0 0 0 0 0 0 0 0 0 0 0 0 0 0 
0 1 1 1 1 1 1 1 1 1 1 1 0 1 1 1 1 1 1 1 1 1 1 1 1 1 1 1 1 1 1 1 1 1 1 1 2 1 1 1 1 1 1 1 1 1 1 1 1 2 1 1 2 1 1 1 1 2 1 0 1 1 0 1 1 1 1 1 1 1 1 1 2 1 1 1 1 1 1 1 1 1 1 1 1 2 1 1 1 2 1 1 1 1 1 1 1 1 1 1 1 0 1 1 1 1 1 1 1 1 1 1 1 1 1 1 1 1 1 1 1 1 1 1 1 1 1 1 1 1 1 2 1 1 1 1 1 1 2 1 1 1 1 1 1 2 2 1 1 1 1 1 1 1 2 1 1 1 1 1 1 1 1 1 1 0 1 2 1 2 2 0 1 0 1 1 1 1 1 1 1 1 1 1 1 1 1 1 1 1 1 1 1 1 1 1 1 1 1 1 
6 9 7 10 13 11 11 9 16 14 0 5 7 2 3 11 14 7 10 11 9 8 9 9 6 4 9 9 7 6 10 10 6 15 12 4 10 12 4 11 11 4 9 9 13 12 12 16 14 11 12 9 10 12 8 10 9 10 14 10 12 12 11 17 9 10 14 9 17 19 11 14 10 15 11 11 6 18 15 7 11 7 16 10 9 20 11 9 7 5 15 10 10 17 12 17 11 11 16 12 7 11 17 14 10 4 3 12 11 9 10 10 14 16 5 7 10 5 8 9 10 13 9 8 13 9 4 20 8 5 7 20 3 6 8 8 11 9 9 10 7 12 8 12 13 10 12 9 11 4 13 11 11 11 1 9 11 11 10 9 14 12 4 10 8 14 5 5 17 14 15 8 11 16 10 8 13 6 13 13 8 12 8 11 9 6 13 16 11 8 6 13 10 5 1 13 11 2 12 8 
2 3 2 1 2 2 3 2 3 1 2 2 2 2 2 2 2 1 2 3 3 2 2 3 2 2 1 2 2 2 2 1 1 1 3 2 1 2 2 2 2 1 2 2 2 3 2 2 3 2 1 2 1 2 2 1 1 2 3 2 3 1 3 1 2 1 2 2 1 2 3 2 2 2 3 2 1 2 2 3 2 1 2 3 2 1 2 2 1 3 2 4 2 3 2 1 2 3 2 1 2 2 2 2 2 4 1 2 1 3 2 2 2 1 2 3 1 2 1 2 2 2 3 2 1 1 1 2 2 1 2 2 2 2 2 3 1 1 2 3 1 3 3 1 1 3 3 3 3 2 3 1 1 2 2 3 2 1 1 2 2 3 2 2 2 3 2 3 2 2 2 3 1 1 0 2 3 3 1 2 2 2 3 2 3 1 1 2 2 1 2 3 0 2 2 1 2 3 2 2 
12 7 11 10 13 7 12 14 4 11 12 10 15 11 4 11 16 10 3 0 4 15 11 10 13 6 15 12 9 11 12 9 10 16 10 12 7 11 7 7 12 6 8 15 8 8 10 10 9 13 7 11 16 8 13 15 8 12 13 12 8 11 11 9 10 10 12 8 9 10 11 6 9 6 10 8 10 11 9 9 4 10 9 14 12 12 9 10 11 11 11 13 17 14 9 11 12 5 11 12 12 14 7 12 14 13 11 10 2 13 6 16 14 10 9 11 12 16 7 5 11 8 6 12 7 11 11 6 3 13 8 15 11 8 4 8 5 9 7 8 10 9 10 10 5 11 16 3 16 11 10 11 11 8 13 4 7 17 10 6 6 11 14 7 10 12 14 6 13 9 13 9 7 10 14 13 10 10 6 11 7 10 13 8 2 9 9 14 11 11 15 7 5 7 8 8 9 10 13 12 
7 8 4 5 12 7 7 7 10 6 8 4 7 3 6 6 5 6 5 4 9 8 8 8 7 7 9 3 6 9 9 8 5 7 6 4 5 8 7 5 6 6 7 5 7 4 3 9 12 4 4 8 9 7 7 6 9 4 7 8 6 6 4 6 3 6 6 5 3 7 5 2 8 5 5 6 9 6 5 7 6 10 8 6 6 5 5 5 5 7 6 6 3 8 11 4 5 7 6 6 7 8 7 7 5 8 4 6 6 7 8 9 7 4 4 6 4 6 5 11 5 6 8 9 7 9 8 6 4 8 2 7 6 5 6 7 3 7 9 4 7 6 5 7 6 6 8 2 10 7 2 6 4 4 6 4 3 7 6 5 7 5 7 8 7 9 7 5 4 8 5 8 5 3 6 2 6 9 7 8 1 7 8 8 4 5 5 8 2 5 5 6 6 5 3 8 10 6 4 6 
4 3 2 4 5 4 3 3 6 2 3 3 2 2 4 2 2 2 1 4 3 3 2 2 3 3 2 2 3 3 3 2 5 4 4 5 3 2 3 5 3 0 2 3 2 2 4 2 2 2 4 4 2 2 4 4 2 4 2 1 4 3 1 3 4 5 2 2 2 4 1 3 3 1 3 3 3 3 2 3 3 3 5 3 3 2 4 2 3 3 3 3 4 3 3 2 2 3 2 4 1 3 3 2 4 3 3 2 1 2 4 3 2 2 4 4 4 3 2 4 3 2 2 4 2 4 3 1 2 4 4 3 4 3 4 4 1 4 2 3 4 4 1 3 3 3 3 2 4 1 2 3 4 2 3 4 0 2 3 5 3 4 2 3 2 4 2 2 2 4 3 3 3 4 3 4 3 4 3 3 4 2 2 3 3 4 3 1 4 5 3 3 4 2 3 4 1 3 3 4 
4 4 2 2 2 4 4 2 2 3 2 3 3 3 3 1 1 4 4 4 3 3 3 3 5 2 4 3 3 1 2 3 2 4 3 2 5 5 5 2 3 3 3 2 4 3 2 3 3 3 2 3 3 2 2 4 4 3 3 2 2 3 4 3 2 4 3 4 3 1 3 3 4 1 3 2 2 1 3 3 3 4 2 3 2 3 3 2 2 2 2 2 4 3 3 2 3 4 4 4 4 1 4 4 3 3 3 3 4 1 3 4 4 1 3 4 2 1 4 4 2 3 4 2 3 4 3 3 3 3 3 4 2 2 1 2 2 3 6 3 3 3 2 3 3 2 1 3 4 2 4 2 3 2 4 2 2 0 2 4 4 4 3 3 3 4 2 3 3 3 2 3 3 3 4 3 3 5 5 4 3 5 2 3 0 2 3 2 4 3 5 2 4 2 3 2 3 4 5 3 
5 5 6 7 4 6 10 3 5 11 5 2 6 8 5 8 7 7 4 5 9 8 6 4 7 1 6 3 3 6 8 4 8 5 6 5 5 5 7 7 3 8 7 5 6 6 2 4 6 5 5 6 6 5 6 4 11 7 7 5 9 5 5 9 6 8 6 5 6 8 8 7 3 5 7 7 9 7 4 4 6 4 4 6 3 5 9 7 7 9 5 3 6 6 10 8 8 8 6 5 4 5 4 6 8 8 7 7 8 4 7 5 5 3 4 9 9 6 8 4 5 5 9 7 8 12 10 9 2 7 6 8 7 5 6 6 4 10 11 9 6 6 4 4 6 7 7 9 4 3 3 7 4 4 4 2 4 4 7 5 7 6 7 5 3 7 7 5 3 7 9 4 2 4 4 7 8 10 9 5 6 6 5 6 4 5 6 8 9 6 9 8 8 9 3 5 6 6 12 7 
2 2 2 3 3 2 1 3 1 2 2 2 3 2 3 1 2 2 1 2 1 3 3 2 1 0 2 2 2 3 3 3 2 3 1 2 3 2 2 2 2 1 3 3 2 1 2 2 2 2 3 1 1 1 3 2 2 2 2 2 3 3 2 2 2 2 2 2 1 2 2 2 2 1 2 2 1 3 2 1 2 1 1 2 1 2 2 2 3 1 2 3 3 2 2 2 2 2 2 1 3 2 2 1 1 2 2 1 1 2 2 2 2 2 2 2 2 2 1 1 2 2 1 3 3 1 1 2 2 2 3 2 2 2 3 3 3 1 2 2 3 2 2 3 1 2 2 1 1 1 2 1 1 2 1 2 2 3 2 1 2 2 1 1 2 3 2 1 2 2 2 2 2 2 1 1 2 1 2 2 2 1 2 2 2 2 1 3 2 2 3 2 3 2 2 2 2 2 1 2 
11 10 14 9 12 17 14 10 14 5 8 5 8 9 6 8 8 7 14 9 12 7 13 8 12 10 12 15 4 9 14 9 5 5 9 14 7 7 5 7 8 7 7 10 7 10 4 10 7 5 13 7 10 7 14 11 6 6 8 10 8 6 4 11 6 11 13 14 10 12 9 10 3 16 11 12 10 3 13 13 14 10 6 14 11 7 9 9 14 8 9 9 11 9 10 14 10 0 10 3 10 17 10 13 10 6 6 6 9 11 7 13 13 7 2 12 3 10 11 7 9 10 12 9 7 8 11 8 8 11 10 10 13 10 10 8 6 14 9 12 8 6 6 9 12 13 9 10 7 4 8 11 9 8 10 9 8 8 6 6 10 9 4 6 12 2 8 9 11 11 9 12 5 5 11 11 7 13 14 11 8 4 9 6 9 8 9 5 10 7 11 6 9 9 8 8 6 8 13 10 
9 3 6 9 5 9 8 8 9 8 6 5 7 4 6 13 9 6 6 6 9 11 10 8 7 9 9 3 5 7 9 4 7 5 3 8 10 5 6 7 7 11 7 5 7 6 7 10 3 3 7 6 8 7 7 10 8 7 7 5 9 8 7 7 4 7 8 7 14 7 7 7 7 5 5 6 6 3 9 8 11 5 7 7 7 6 8 8 4 4 3 10 8 6 5 7 8 4 10 9 9 6 7 8 9 10 7 5 9 6 4 4 8 7 2 9 4 1 6 3 4 7 4 6 7 9 9 6 5 6 4 2 8 10 6 5 5 6 11 6 9 8 7 8 8 5 9 6 5 5 2 9 13 5 5 5 9 8 8 11 1 1 6 8 4 6 9 7 6 6 10 7 6 8 8 7 4 7 8 7 5 9 5 8 4 3 11 9 6 6 8 8 11 0 8 7 8 10 7 6 
11 8 10 5 9 13 11 6 14 12 7 6 8 15 12 8 3 11 5 9 3 9 13 7 12 6 7 5 5 8 6 10 5 10 16 7 8 11 8 9 10 2 11 9 11 11 8 9 10 10 4 17 6 11 12 6 7 8 14 11 10 9 7 10 10 9 10 17 14 6 10 9 11 10 12 6 11 8 5 13 2 10 9 7 13 7 13 7 10 12 4 9 7 9 9 8 13 13 10 15 8 11 10 13 8 8 11 3 12 17 12 12 7 9 7 8 5 9 11 13 13 7 2 11 7 12 13 11 10 10 12 4 11 13 8 12 6 10 8 7 7 9 6 12 12 9 3 14 10 5 10 14 6 11 12 12 1 10 8 11 5 8 9 11 11 7 7 13 13 13 7 7 8 6 6 9 6 10 10 9 8 11 7 10 15 8 4 13 4 8 7 8 4 9 8 13 13 4 11 10 
3 2 3 2 4 5 3 1 3 4 6 4 3 2 1 4 4 5 5 4 4 3 6 5 3 3 3 4 4 3 3 6 3 4 3 6 4 3 4 3 5 4 4 7 4 2 5 5 3 6 6 3 5 5 3 5 5 2 3 3 2 3 4 5 2 5 2 6 5 5 3 4 4 3 4 4 5 5 4 6 4 3 3 4 6 5 2 3 4 6 3 4 4 0 5 4 5 4 7 2 3 0 2 3 1 5 3 5 6 4 1 4 2 3 2 6 2 4 3 3 2 4 5 5 5 3 4 4 3 3 0 6 5 1 3 6 5 2 2 5 5 5 6 5 4 3 4 3 1 5 4 3 5 5 6 4 3 3 3 5 3 5 5 3 4 4 2 2 5 5 4 2 4 5 2 5 5 5 4 4 5 4 4 5 4 3 3 6 2 4 5 3 4 3 3 4 3 6 4 4 
0 1 1 1 1 1 1 1 1 1 1 1 2 1 2 0 1 1 1 1 1 1 1 1 1 2 1 1 1 1 1 2 1 1 1 1 1 1 1 0 1 1 1 0 1 1 1 0 0 1 1 1 2 1 0 1 1 0 1 2 1 1 1 1 1 0 1 1 1 0 1 1 1 1 1 1 1 1 1 1 1 1 1 1 1 2 1 1 1 1 0 1 1 1 1 1 1 2 1 1 1 1 1 0 1 1 1 0 1 1 1 1 1 1 1 1 1 1 1 1 1 1 1 1 1 1 1 1 1 1 1 1 1 1 1 1 1 1 2 1 1 1 1 2 1 1 0 1 1 2 1 1 1 0 1 0 1 1 1 2 1 0 1 2 1 2 1 1 1 1 1 1 1 1 1 1 1 1 1 1 1 1 1 1 1 1 1 1 1 2 1 1 1 1 1 1 1 1 1 1 
11 14 13 9 16 1 15 11 10 7 6 7 9 15 2 11 10 8 15 13 8 15 15 8 19 10 8 13 16 12 5 14 15 14 10 12 15 9 11 5 11 13 7 8 9 9 14 16 8 15 13 3 10 13 8 13 14 13 12 9 9 13 6 10 12 7 12 8 11 13 7 9 10 14 11 11 7 8 8 21 8 6 13 14 11 8 7 9 10 7 8 9 10 12 5 4 6 10 13 11 12 10 19 11 7 9 11 14 8 16 9 6 11 12 6 13 12 9 14 14 10 9 14 11 6 10 14 11 4 13 2 7 12 6 15 10 11 11 19 11 12 10 5 12 19 12 10 8 14 9 10 5 7 11 9 12 9 10 6 7 8 10 13 9 9 7 10 6 8 16 8 5 10 12 10 11 14 9 12 10 12 9 5 12 11 5 10 8 5 8 12 6 6 8 8 15 9 4 12 8 
5 5 3 3 4 5 3 3 2 4 3 4 5 5 4 4 6 6 5 2 4 2 6 4 3 3 5 3 6 2 5 2 3 3 5 4 4 3 4 4 5 6 3 3 5 2 5 6 4 4 5 4 7 5 3 4 3 4 3 4 4 4 5 3 4 3 2 5 1 5 3 2 4 4 3 5 2 4 3 5 3 3 5 2 2 2 2 3 4 4 2 5 6 2 6 6 6 5 3 4 4 5 3 3 3 5 4 1 3 5 5 4 5 4 4 5 5 3 4 5 4 4 5 4 2 2 3 3 5 4 4 4 5 5 5 4 5 4 3 4 5 5 2 4 7 4 2 5 4 4 6 5 7 1 5 5 5 1 7 4 3 5 5 5 2 5 2 3 5 3 3 4 3 4 4 2 3 1 5 5 6 5 3 5 5 5 7 3 4 4 5 6 4 6 5 2 3 7 3 4 
1 1 2 1 1 1 1 1 1 1 1 1 1 1 1 1 1 1 1 1 1 1 1 1 1 1 1 1 1 1 1 1 1 1 1 1 1 0 1 1 1 1 1 1 1 1 1 1 1 1 1 2 0 1 1 1 0 1 2 1 1 1 1 1 1 1 1 2 1 1 1 1 1 1 1 1 1 1 1 1 0 1 1 1 1 1 1 1 1 1 1 1 1 1 2 1 1 1 1 1 1 1 1 1 1 2 1 1 2 1 1 1 1 1 1 1 1 1 1 0 1 1 1 1 1 1 1 1 1 1 2 1 1 1 1 1 1 1 1 1 1 1 1 1 0 1 1 1 2 1 1 1 1 1 1 1 1 1 2 1 1 1 1 1 1 1 1 1 1 1 1 1 1 1 1 1 1 1 1 1 1 1 1 1 0 1 0 2 1 1 1 1 1 0 1 1 1 1 1 2 
1 1 1 2 1 1 1 1 1 1 1 1 0 1 1 1 2 1 2 1 1 1 1 1 1 1 0 1 1 2 0 1 1 2 1 1 2 1 1 2 1 1 2 0 1 1 0 1 0 1 1 1 0 1 1 1 1 1 1 1 1 1 1 1 1 1 1 1 1 1 1 1 1 1 1 1 1 1 1 2 0 1 1 2 1 1 1 1 0 1 1 1 1 1 1 1 1 1 1 1 1 2 1 1 1 1 1 1 1 1 0 1 1 0 1 1 1 1 1 1 1 1 1 1 1 0 1 1 1 1 1 1 1 1 1 1 1 1 1 0 1 1 1 1 1 1 1 1 1 0 1 1 1 1 1 1 1 1 1 1 2 1 1 1 1 1 1 1 1 2 1 1 1 1 1 1 1 1 1 1 1 1 1 1 1 1 1 1 1 0 1 1 1 1 1 1 2 1 1 1 
4 3 1 4 2 3 4 2 2 3 1 5 3 3 3 3 2 5 4 4 3 3 3 2 3 3 4 3 3 3 2 1 4 2 2 3 3 1 3 3 3 4 4 3 3 5 2 2 3 5 5 3 4 2 2 3 2 3 3 4 3 1 4 3 2 1 2 2 3 3 3 3 3 5 2 1 1 4 4 4 2 0 2 2 3 4 2 1 1 3 2 4 2 3 3 4 4 2 3 3 1 1 3 0 3 4 4 2 3 2 5 3 3 2 2 4 3 3 1 4 1 2 2 4 4 2 4 3 2 2 2 3 1 3 1 3 3 3 2 6 3 4 1 3 2 2 3 4 2 2 5 2 3 3 2 3 3 2 2 2 2 3 5 3 3 2 3 3 4 1 3 3 3 3 1 2 2 2 5 3 2 4 4 2 4 4 4 3 4 2 3 2 2 2 4 3 3 2 4 2 
3 3 2 3 6 3 4 1 6 5 3 3 4 7 3 4 5 4 3 6 5 3 4 4 5 4 5 5 4 4 5 6 5 3 5 5 6 6 6 5 4 2 4 5 3 3 2 1 1 3 5 4 2 6 4 2 4 4 2 3 3 7 5 4 4 4 4 6 4 3 5 2 6 2 4 5 4 4 5 7 4 3 4 3 2 6 3 3 3 3 3 4 8 3 3 3 2 3 5 3 4 4 4 6 5 7 4 6 3 5 4 5 2 4 3 8 3 2 3 4 4 5 3 4 4 3 4 6 3 2 4 2 5 5 4 5 6 4 5 6 3 4 5 6 6 4 4 4 4 3 4 4 3 4 2 3 3 2 4 4 2 5 3 4 4 4 4 5 5 3 5 2 5 3 4 6 2 4 3 3 5 6 5 5 4 5 4 4 2 6 4 3 3 5 2 3 4 6 5 2 
3 7 10 11 10 10 7 9 9 11 10 3 3 4 9 10 9 6 9 7 9 8 6 11 8 11 8 6 5 11 4 4 7 8 10 6 7 8 8 12 3 6 5 5 4 5 11 10 12 6 8 9 6 7 7 10 7 7 4 5 8 7 7 10 6 9 9 11 9 6 4 11 6 3 11 9 12 7 7 5 11 8 6 6 7 12 5 16 5 7 8 10 8 7 7 3 11 3 10 9 6 11 13 7 10 8 8 8 7 9 7 7 5 11 12 12 9 6 11 13 6 8 9 5 8 6 5 4 11 10 5 7 13 6 13 10 7 11 7 7 10 11 5 9 8 7 13 9 5 5 8 7 8 13 10 9 4 6 8 11 6 10 6 7 10 8 8 12 6 11 9 10 10 13 7 3 10 8 8 9 8 11 9 8 11 9 13 10 8 6 11 9 8 5 8 10 7 10 7 6 
2 3 2 3 2 3 1 2 2 2 2 1 3 2 3 1 2 1 1 2 2 3 3 2 3 2 1 3 3 2 4 3 1 1 2 3 3 2 2 2 3 0 2 2 3 1 2 2 1 3 2 2 2 3 2 1 2 2 2 1 1 2 1 2 2 2 2 3 1 3 3 0 2 3 1 2 2 1 3 1 2 1 3 2 2 3 3 2 2 3 0 2 2 2 2 2 3 4 3 2 2 2 2 1 3 2 1 2 2 1 0 4 3 3 2 2 2 1 1 2 1 2 3 1 2 2 2 2 2 1 1 2 2 2 2 3 2 2 1 2 1 2 2 2 2 2 2 2 3 1 2 4 1 3 2 2 4 3 1 1 2 2 2 3 2 2 1 3 2 1 2 2 1 3 2 1 1 2 1 2 2 2 2 2 2 2 2 2 2 2 1 2 4 1 2 2 2 2 1 2 
