NAME  : Jabali_60_4_0.82_1_6
TYPE : SVRP
MODEL : FINITE_SUPPORT
NUMBER_OF_SCENARIOS : 200
DIMENSION : 60
EDGE_WEIGHT_TYPE : MATRIX
CAPACITY : 105
N_VEHICLES : 4
NODE_COORD_SECTION
1 3593 4304
2 6649 2999
3 2514 6663
4 5125 6852
5 1572 7371
6 1168 7146
7 2918 155
8 4374 18
9 2832 4275
10 3133 551
11 6326 6778
12 734 4332
13 6994 5399
14 3603 7171
15 5865 4466
16 124 1076
17 5517 2912
18 5015 1094
19 2350 2540
20 5726 4370
21 115 1361
22 6562 4144
23 27 3019
24 3557 74
25 4195 6338
26 3851 6794
27 7202 6932
28 5588 6582
29 3939 3115
30 1158 2792
31 1264 616
32 2722 7485
33 4232 5703
34 1990 7497
35 3960 7249
36 2877 1492
37 3556 5082
38 4591 7177
39 5254 4642
40 5440 7392
41 2708 4936
42 6212 1292
43 6534 5112
44 1819 7220
45 6802 3169
46 5616 18
47 4222 6503
48 4418 1861
49 7562 5068
50 5900 3947
51 2574 836
52 7407 5398
53 705 1942
54 3259 7599
55 4629 5352
56 2993 5576
57 853 3613
58 4654 6368
59 6110 6042
60 1324 6318
DEMAND_SECTION
1 0.0
2 1.0
3 2.0
4 4.0
5 9.0
6 10.0
7 4.0
8 10.0
9 1.0
10 10.0
11 9.0
12 8.0
13 1.0
14 9.0
15 1.0
16 1.0
17 3.0
18 4.0
19 5.0
20 2.0
21 10.0
22 3.0
23 9.0
24 4.0
25 7.0
26 9.0
27 3.0
28 6.0
29 10.0
30 7.0
31 10.0
32 7.0
33 2.0
34 4.0
35 2.0
36 8.0
37 7.0
38 5.0
39 8.0
40 10.0
41 7.0
42 9.0
43 6.0
44 9.0
45 3.0
46 1.0
47 4.0
48 6.0
49 10.0
50 2.0
51 4.0
52 6.0
53 10.0
54 4.0
55 8.0
56 6.0
57 7.0
58 7.0
59 10.0
60 3.0
DEVIATION_SECTION
1 0.0
2 0.333333
3 0.666667
4 1.33333
5 3.0
6 3.33333
7 1.33333
8 3.33333
9 0.333333
10 3.33333
11 3.0
12 2.66667
13 0.333333
14 3.0
15 0.333333
16 0.333333
17 1.0
18 1.33333
19 1.66667
20 0.666667
21 3.33333
22 1.0
23 3.0
24 1.33333
25 2.33333
26 3.0
27 1.0
28 2.0
29 3.33333
30 2.33333
31 3.33333
32 2.33333
33 0.666667
34 1.33333
35 0.666667
36 2.66667
37 2.33333
38 1.66667
39 2.66667
40 3.33333
41 2.33333
42 3.0
43 2.0
44 3.0
45 1.0
46 0.333333
47 1.33333
48 2.0
49 3.33333
50 0.666667
51 1.33333
52 2.0
53 3.33333
54 1.33333
55 2.66667
56 2.0
57 2.33333
58 2.33333
59 3.33333
60 1.0
DISTANCE_MATRIX
0.0 45.3542 34.0588 39.4601 48.7955 50.6063 58.9412 59.9095 10.2956 53.6036 52.4659 40.7922 48.0836 40.0022 30.5941 66.8023 32.6497 47.6509 39.4148 29.4279 64.2604 40.1995 53.4447 58.5717 32.5032 39.8172 63.9385 42.6794 17.8049 42.1654 65.2883 42.8932 22.4754 46.8615 43.391 44.1605 10.3734 40.9807 23.1167 48.2608 13.6015 53.8517 41.1291 45.9674 45.8912 64.1749 33.7006 35.1715 53.9865 32.0 52.1203 52.7867 55.1886 43.6634 22.8636 17.8045 40.7185 31.5195 46.0441 42.0595 
45.3542 0.0 76.2211 55.2178 91.4326 94.4109 63.0317 52.1536 53.3386 58.258 51.5461 84.0536 33.0606 67.5829 22.0227 93.5201 15.5242 35.2278 58.255 21.9317 92.391 15.5242 91.4737 58.0517 54.2491 61.5828 54.231 50.6063 40.0 76.6893 80.7775 80.4154 50.0 88.9292 65.1153 56.0172 54.0838 60.959 28.4253 60.9016 58.9406 25.318 28.8617 88.4109 2.23607 44.3847 55.4465 34.6699 31.5753 16.2788 61.5873 34.1321 84.3303 75.1849 41.6174 61.5517 81.2219 52.3259 42.1545 86.7684 
34.0588 76.2211 0.0 34.9285 15.2643 18.6815 88.2145 93.2742 33.6155 85.3884 51.4198 38.4708 64.1249 15.2315 56.1941 78.339 66.0225 81.5261 54.5549 55.5701 75.4321 66.3337 58.1808 92.7279 24.3311 18.0278 63.3246 41.5933 51.68 53.7587 79.3112 11.1803 27.91 12.8062 19.3132 74.3788 25.4951 27.5136 48.3072 39.3954 23.7697 87.7349 59.6825 12.2066 75.965 98.05 23.1948 69.0467 72.2496 60.2267 80.2975 69.0652 70.3287 15.0 35.0132 16.2788 45.5412 29.0 50.04 16.1555 
39.4601 55.2178 34.9285 0.0 47.0 52.0865 105.8 90.2514 44.8939 100.933 16.4924 68.5138 32.311 20.0998 33.2866 100.09 51.8652 75.294 72.7021 33.6155 97.5477 41.0366 85.851 90.967 15.6205 17.4642 28.4605 7.07107 57.0369 75.4493 98.5756 32.1403 18.0736 42.0476 16.0312 89.9229 29.8803 8.06226 28.7924 8.24621 40.62 75.3923 30.2324 44.0114 54.2033 90.5126 15.5563 65.466 40.4969 39.4462 97.8829 36.6879 88.4759 25.318 21.095 33.8499 72.4997 9.43398 17.088 50.9608 
48.7955 91.4326 15.2643 47.0 0.0 5.83095 97.9889 105.158 46.8722 93.1217 63.1269 42.2966 77.9295 27.074 71.4056 84.214 80.8884 96.8216 64.3293 70.7815 81.2219 81.1575 61.9839 100.461 38.8973 31.7805 74.5453 54.0093 66.5446 61.131 87.5728 15.2971 49.3943 5.38516 31.0161 82.112 40.6079 39.0128 63.5186 49.6488 37.2022 102.591 73.9797 3.16228 91.1765 113.165 37.6431 83.4421 86.1452 75.4381 90.072 82.7345 77.4759 22.3607 50.2247 31.241 51.0392 42.7551 63.2851 14.1421 
50.6063 94.4109 18.6815 52.0865 5.83095 0.0 96.6279 104.045 47.5079 91.7606 68.3593 39.0 82.4924 32.0156 74.3839 81.0062 82.9444 96.6899 62.9683 73.7598 78.0064 84.5235 58.3095 99.1001 42.9535 36.2215 79.9062 59.0339 68.4112 58.6941 85.3288 20.8806 46.0998 11.1803 36.0555 80.751 43.0465 44.1814 66.4969 55.109 38.1838 104.458 78.2624 8.24621 94.1548 113.033 41.7732 83.3104 90.6697 78.4164 88.7109 87.367 75.307 27.8927 53.2029 33.6155 48.0937 47.2652 68.0661 11.4018 
58.9412 63.0317 88.2145 105.8 97.9889 96.6279 0.0 19.105 62.846 5.38516 96.3094 59.419 87.4643 98.1407 67.6018 38.1182 49.679 29.9666 34.1421 66.242 38.4708 71.4003 50.2494 8.06226 98.8429 97.9557 104.785 90.3431 42.5793 38.4521 22.0 100.805 88.8151 98.9222 101.51 19.4165 76.7131 107.32 65.0 113.8 67.7018 46.2385 80.6226 96.3331 65.1153 36.0139 100.04 29.2062 90.2109 63.5138 10.2956 90.9725 41.241 101.802 75.5311 77.899 50.109 97.8592 86.7295 85.2849 
59.9095 52.1536 93.2742 90.2514 105.158 104.045 19.105 0.0 65.8645 18.3848 93.771 73.7231 81.2712 101.159 62.5859 57.2189 42.0595 17.0 43.211 61.3922 57.5587 63.6946 68.0294 11.0454 86.4231 93.7568 100.663 88.1495 45.607 55.5122 41.0488 104.05 82.1568 105.081 97.3109 31.1448 70.0548 94.9006 62.2896 97.6276 70.7203 30.6105 75.0 103.003 54.3783 17.0294 87.6205 25.02 82.3468 57.28 26.4008 83.9345 58.3011 104.82 73.3376 80.9175 67.1691 85.4394 83.863 94.3538 
10.2956 53.3386 33.6155 44.8939 46.8722 47.5079 62.846 65.8645 0.0 57.9787 57.3379 31.1448 58.2191 40.5273 40.5216 56.5739 39.6514 57.5282 29.1864 39.2938 54.032 49.8197 43.2163 65.3182 37.3752 40.3422 68.8105 47.5513 25.741 31.9371 55.0599 43.4166 27.3474 46.0652 43.8964 46.9691 15.2315 45.8526 33.2415 53.1327 9.84886 68.5017 51.2646 44.4185 54.1479 73.8713 38.5725 44.1487 64.122 41.3038 54.929 62.9222 44.9602 44.1885 27.7355 19.105 30.4906 36.3914 50.916 37.5366 
53.6036 58.258 85.3884 100.933 93.1217 91.7606 5.38516 18.3848 57.9787 0.0 90.9245 58.1947 82.1523 93.2735 62.2656 40.05 44.5982 26.2488 29.2749 60.9016 40.0125 66.2193 49.6588 8.48528 93.9757 93.0884 99.4032 84.9581 37.3363 37.2278 24.5153 95.9373 83.9479 94.055 96.6426 15.2315 71.8458 102.453 59.6154 108.933 62.8345 42.72 75.2928 91.4658 60.3075 34.5254 95.173 24.0832 85.0 58.2495 8.06226 85.703 40.0167 96.9347 70.1462 73.0317 48.8846 92.9919 81.3449 80.4177 
52.4659 51.5461 51.4198 16.4924 63.1269 68.3593 96.3094 93.771 57.3379 90.9245 0.0 82.3291 21.2603 36.4966 32.0624 112.534 53.0094 78.1025 85.146 33.0151 109.992 36.0555 98.4937 94.8314 30.5287 33.8378 12.083 10.2956 56.4174 87.8967 108.099 48.0104 30.7209 58.0345 32.3883 82.3849 42.45 24.1868 31.5753 14.5602 53.2635 74.9667 22.8473 60.208 49.98 92.1358 30.8869 69.2315 28.4253 38.2099 90.291 24.2074 100.92 41.0 30.8058 46.4973 85.1469 24.1868 10.0 67.4463 
40.7922 84.0536 38.4708 68.5138 42.2966 39.0 59.419 73.7231 31.1448 58.1947 82.3291 0.0 87.3296 51.225 71.3863 42.0119 69.3542 71.7165 31.0162 70.214 39.0128 80.895 19.9249 66.4533 62.1631 51.0595 94.0935 72.3591 44.1022 21.0238 47.4342 49.2443 51.6236 45.1221 54.6136 48.7773 40.7185 62.0562 63.8478 74.2627 29.5466 84.9543 81.0764 41.7732 85.0059 86.2844 63.3604 59.8353 94.4117 72.4431 50.1325 92.3851 38.178 53.3385 54.231 36.4005 9.48683 61.1793 76.9415 28.1603 
48.0836 33.0606 64.1249 32.311 77.9295 82.4924 87.4643 81.2712 58.2191 82.1523 21.2603 87.3296 0.0 50.9902 20.0 112.033 39.2173 64.56 74.5284 21.4009 110.744 18.1108 101.431 84.5281 40.0 46.2709 21.2132 25.4951 50.3289 89.1344 100.795 63.7887 38.1182 73.3485 47.2969 75.1865 46.8402 40.1622 25.0 34.4093 57.8705 58.0345 7.07107 74.8131 31.1448 76.531 41.0122 58.5918 8.24621 24.1661 82.801 5.09902 100.01 57.28 33.2415 53.6004 88.7053 35.2278 15.2315 79.0258 
40.0022 67.5829 15.2315 20.0998 27.074 32.0156 98.1407 101.159 40.5273 93.2735 36.4966 51.225 50.9902 0.0 46.0435 88.8743 61.4732 87.3873 63.4492 45.8172 86.0515 55.5698 70.2054 100.613 14.1421 6.40312 48.2701 27.0185 57.5412 63.8906 89.3228 13.0 23.8886 22.3607 4.12311 82.2639 31.2933 12.3693 39.2155 24.1661 30.8641 85.1447 47.4342 24.0208 67.0505 100.018 12.7279 74.9078 59.2284 51.3069 90.2238 55.7315 79.223 7.81025 27.6627 22.2038 57.0181 16.1555 36.2215 31.3847 
30.5941 22.0227 56.1941 33.2866 71.4056 74.3839 67.6018 62.5859 40.5216 62.2656 32.0624 71.3863 20.0 46.0435 0.0 92.2016 21.0238 46.3897 53.7622 1.41421 89.9779 10.198 83.2217 65.0 32.7098 40.0435 38.0789 29.1548 31.0644 69.6003 80.8203 58.8761 29.0689 67.4805 43.4166 55.2113 33.1361 38.9487 8.06226 39.3954 43.0465 43.1741 13.0384 68.3839 21.2132 60.075 33.9072 39.0 24.4131 6.32456 62.8013 24.0416 80.1789 53.6004 21.1896 41.7732 71.0062 30.4795 22.0907 68.4471 
66.8023 93.5201 78.339 100.09 84.214 81.0062 38.1182 57.2189 56.5739 40.05 112.534 42.0119 112.033 88.8743 92.2016 0.0 78.3444 65.7647 39.2274 90.7877 3.0 98.5603 23.5372 46.1736 92.5709 88.6892 124.006 102.747 63.7737 25.0799 16.2788 89.4986 82.4519 86.7006 92.2434 37.5766 70.2494 101.048 88.1411 108.328 60.8276 82.201 104.968 83.4865 95.2949 74.108 93.7682 59.4643 116.435 89.6245 33.541 116.241 32.0227 92.3472 82.9312 70.6824 33.2415 91.5872 109.475 70.1142 
32.6497 15.5242 66.0225 51.8652 80.8884 82.9444 49.679 42.0595 39.6514 44.5982 53.0094 69.3542 39.2173 61.4732 21.0238 78.3444 0.0 25.4951 42.7551 20.0 77.212 21.9545 75.9739 45.793 48.1395 55.4731 58.8558 49.0306 25.318 61.1882 66.0303 74.817 43.4628 78.8429 59.0273 40.8382 42.2775 55.9683 23.0868 58.9406 46.0977 23.7065 32.9848 78.0125 17.088 39.2046 49.3368 20.5183 40.8167 15.2971 47.0106 42.0476 68.8218 69.0752 35.0539 49.7454 66.0303 46.701 43.0116 74.7061 
47.6509 35.2278 81.5261 75.294 96.8216 96.6899 29.9666 17.0 57.5282 26.2488 78.1025 71.7165 64.56 87.3873 46.3897 65.7647 25.4951 0.0 40.7185 45.2769 65.3758 46.8188 71.3092 23.6008 71.4657 78.7994 84.3445 73.171 35.2278 56.5283 50.6952 90.2782 69.8983 94.3008 82.3535 31.5753 57.7962 79.9432 47.0425 82.6702 62.3839 16.4924 58.4637 93.5292 37.4433 16.6433 72.6631 13.4536 65.3911 40.7922 32.249 67.0671 61.4782 91.0485 58.3801 65.2491 65.192 70.0273 68.1175 86.0318 
39.4148 58.255 54.5549 72.7021 64.3293 62.9683 34.1421 43.211 29.1864 29.2749 85.146 31.0162 74.5284 63.4492 53.7622 39.2274 42.7551 40.7185 0.0 52.3482 37.0036 60.381 33.2415 36.6143 65.1833 63.2642 89.2193 75.3595 25.3342 18.4391 37.3044 65.5528 55.1555 65.2626 66.8183 18.2652 43.0535 73.6608 49.7016 80.9409 34.0422 54.5711 67.4748 62.6735 59.6954 55.4707 66.3807 28.8617 77.9959 51.5067 26.2252 79.0115 27.2047 67.1104 55.5437 44.2394 24.7386 64.1996 71.0354 51.6253 
29.4279 21.9317 55.5701 33.6155 70.7815 73.7598 66.242 61.3922 39.2938 60.9016 33.0151 70.214 21.4009 45.8172 1.41421 90.7877 20.0 45.2769 52.3482 0.0 88.5639 11.0454 81.8473 63.6946 32.4835 39.8172 39.2938 29.7321 29.6816 68.2259 79.4111 58.6498 28.6531 67.2542 43.2782 53.8021 32.249 39.0512 7.28011 39.9249 42.0119 42.45 14.4222 67.7598 21.2603 59.1354 33.6809 37.6962 25.807 5.83095 61.4003 25.4558 78.7649 53.4135 20.6155 41.0 69.7731 30.4138 23.0217 67.6831 
64.2604 92.391 75.4321 97.5477 81.2219 78.0064 38.4708 57.5587 54.032 40.0125 109.992 39.0128 110.744 86.0515 89.9779 3.0 77.212 65.3758 37.0036 88.5639 0.0 96.5967 20.6155 46.5296 90.029 85.8664 121.464 100.205 61.5499 22.3607 17.088 86.5852 79.9099 83.7257 89.4205 36.4005 67.7074 98.5064 85.9173 105.787 58.1808 81.7435 103.691 80.5047 94.1625 74.3303 91.2263 58.5235 114.212 87.7224 33.1361 114.017 29.799 89.493 80.3893 67.9779 30.2655 89.0452 103.57 67.1193 
40.1995 15.5242 66.3337 41.0366 81.1575 84.5235 71.4003 63.6946 49.8197 66.2193 36.0555 80.895 18.1108 55.5698 10.198 98.5603 21.9545 46.8188 60.381 11.0454 96.5967 0.0 91.4166 67.7422 42.3181 49.6517 39.0128 35.805 39.0 77.7581 86.4523 68.4763 39.0 77.0887 52.6972 60.8505 43.2897 47.5079 18.2483 46.0435 53.0 40.0 13.3417 77.9966 13.9284 58.4209 43.5155 42.2019 18.868 8.94427 67.8823 20.2485 86.5376 62.9682 31.3209 51.9711 79.9682 39.6611 26.8328 78.6448 
53.4447 91.4737 58.1808 85.851 61.9839 58.3095 50.2494 68.0294 43.2163 49.6588 98.4937 19.9249 101.431 70.2054 83.2217 23.5372 75.9739 71.3092 33.2415 81.8473 20.6155 91.4166 0.0 57.7062 78.3323 70.0203 110.114 88.5284 52.4976 15.0 33.4215 69.0797 67.9412 65.0 73.5744 47.5397 56.0803 81.017 76.4518 93.2236 45.2769 86.4696 94.4765 61.6117 92.8719 83.4865 79.5297 61.0737 107.276 82.5409 41.6293 106.134 29.9249 72.8972 69.066 53.9073 13.4536 77.3486 92.2465 47.8539 
58.5717 58.0517 92.7279 90.967 100.461 99.1001 8.06226 11.0454 65.3182 8.48528 94.8314 66.4533 84.5281 100.613 65.0 46.1736 45.793 23.6008 36.6143 63.6946 46.5296 67.7422 57.7062 0.0 101.315 100.428 102.786 88.8651 43.0116 45.4864 30.0167 103.277 91.2874 104.535 112.203 23.3238 79.1853 109.793 63.3246 98.3432 70.174 39.3573 77.8781 98.8053 60.208 28.0 102.512 26.0 86.6083 60.3738 16.4012 87.7097 48.2753 104.274 74.0531 80.3712 57.1433 100.331 85.1645 87.7571 
32.5032 54.2491 24.3311 15.6205 38.8973 42.9535 98.8429 86.4231 37.3752 93.9757 30.5287 62.1631 40.0 14.1421 32.7098 92.5709 48.1395 71.4657 65.1833 32.4835 90.029 42.3181 78.3323 101.315 0.0 7.81025 42.5441 20.2485 50.08 67.9306 91.0569 26.6271 10.5549 34.9285 12.53 82.9661 22.3616 13.1529 25.8818 23.3238 33.1013 71.8109 35.3553 35.7351 53.7168 86.6843 1.41421 61.6377 48.0416 37.9732 90.926 45.0111 80.9572 21.9317 14.329 26.3312 64.981 6.40312 26.6833 39.0512 
39.8172 61.5828 18.0278 17.4642 31.7805 36.2215 97.9557 93.7568 40.3422 93.0884 33.8378 51.0595 46.2709 6.40312 40.0435 88.6892 55.4731 78.7994 63.2642 39.8172 85.8664 49.6517 70.0203 100.428 7.81025 0.0 45.8803 23.7697 57.4137 63.7056 89.1377 18.868 17.8885 27.5136 6.0 82.0788 31.1082 11.3137 33.2154 23.4307 30.6791 79.1446 42.2019 28.6356 61.0504 94.018 6.40312 68.9713 54.4518 45.3068 90.0387 51.1566 79.038 14.2127 21.6626 22.0187 56.833 11.0454 32.0156 33.7343 
63.9385 54.231 63.3246 28.4605 74.5453 79.9062 104.785 100.663 68.8105 99.4032 12.083 94.0935 21.2132 48.2701 38.0789 124.006 58.8558 84.3445 89.2193 39.2938 121.464 39.0128 110.114 102.786 42.5441 45.8803 0.0 22.3607 65.0258 99.3693 116.708 59.3043 42.4853 69.3542 44.1475 90.9933 54.037 35.9026 39.8121 25.02 65.0 79.0063 26.0768 71.7008 52.345 97.1854 42.9418 76.844 25.4951 43.566 98.8838 21.5407 115.636 52.2398 41.7253 58.2616 96.8297 36.2353 18.6011 79.404 
42.6794 50.6063 41.5933 7.07107 54.0093 59.0339 90.3431 88.1495 47.5513 84.9581 10.2956 72.3591 25.4951 27.0185 29.1548 102.747 49.0306 73.171 75.3595 29.7321 100.205 35.805 88.5284 88.8651 20.2485 23.7697 22.3607 0.0 50.451 78.1102 101.233 39.2046 20.751 49.0918 23.0 76.4185 32.5576 15.1327 26.1725 10.2956 43.2973 72.1249 24.0832 51.0 49.3964 88.1192 20.5913 63.3641 33.6155 35.4683 84.3247 29.7321 91.1333 32.3883 21.9317 36.5273 75.177 13.8924 10.2956 57.4891 
17.8049 40.0 51.68 57.0369 66.5446 68.4112 42.5793 45.607 25.741 37.3363 56.4174 44.1022 50.3289 57.5412 31.0644 63.7737 25.318 35.2278 25.3342 29.6816 61.5499 39.0 52.4976 43.0116 50.08 57.4137 65.0258 50.451 0.0 38.7772 53.1053 60.4322 40.0522 64.4548 60.9678 27.4963 27.9502 58.5575 25.5081 65.0371 30.9999 43.8292 43.2782 63.6831 41.0488 51.8652 51.2774 21.9545 55.4707 30.0832 35.4561 54.8179 51.751 61.2024 35.6391 35.4031 41.4367 49.0963 46.8419 59.7417 
42.1654 76.6893 53.7587 75.4493 61.131 58.6941 38.4521 55.5122 31.9371 37.2278 87.8967 21.0238 89.1344 63.8906 69.6003 25.0799 61.1882 56.5283 18.4391 68.2259 22.3607 77.7581 15.0 45.4864 67.9306 63.7056 99.3693 78.1102 38.7772 0.0 26.6833 64.9384 57.8014 63.0079 67.2597 32.7587 45.607 76.4081 64.0071 83.6882 35.8469 71.5681 81.7803 60.0083 78.1297 70.78 69.1279 46.0977 93.9939 68.8546 29.1656 93.317 17.2111 67.4463 58.2944 45.618 11.6619 66.9469 81.4749 47.3814 
65.2883 80.7775 79.3112 98.5756 87.5728 85.3288 22.0 41.0488 55.0599 24.5153 108.099 47.4342 100.795 89.3228 80.8203 16.2788 66.0303 50.6952 37.3044 79.4111 17.088 86.4523 33.4215 30.0167 91.0569 89.1377 116.708 101.233 53.1053 26.6833 0.0 90.4489 81.0291 89.1403 92.6919 26.1725 68.7354 99.5344 77.0651 106.814 59.7158 67.1863 93.7634 86.2844 82.6801 58.0086 92.2543 46.1411 104.685 77.8332 19.2354 104.805 30.0998 92.984 81.4173 69.8577 37.9473 90.0732 98.5238 73.9797 
42.8932 80.4154 11.1803 32.1403 15.2971 20.8806 100.805 104.05 43.4166 95.9373 48.0104 49.2443 63.7887 13.0 58.8761 89.4986 74.817 90.2782 65.5528 58.6498 86.5852 68.4763 69.0797 103.277 26.6271 18.868 59.3043 39.2046 60.4322 64.9384 90.4489 0.0 36.7212 10.0499 16.4924 84.9277 34.1842 24.0832 52.048 34.3657 33.7343 96.5294 60.407 12.6491 79.8831 106.802 25.2389 77.7988 72.0347 64.1395 92.8876 68.4471 81.3266 7.07107 40.4952 25.0947 56.6127 29.1548 48.8365 24.0416 
22.4754 50.0 27.91 18.0736 49.3943 46.0998 88.8151 82.1568 27.3474 83.9479 30.7209 51.6236 38.1182 23.8886 29.0689 82.4519 43.4628 69.8983 55.1555 28.6531 79.9099 39.0 67.9412 91.2874 10.5549 17.8885 42.4853 20.751 40.0522 57.8014 81.0291 36.7212 0.0 45.3255 21.4427 72.9383 12.2066 19.0324 21.6333 26.3125 22.6716 67.1343 33.0606 46.2334 49.6488 82.0077 11.7522 57.4188 46.0109 33.8378 80.8982 43.1856 70.9294 31.4906 8.48528 15.8114 54.5619 9.57116 25.632 41.0122 
46.8615 88.9292 12.8062 42.0476 5.38516 11.1803 98.9222 105.081 46.0652 94.055 58.0345 45.1221 73.3485 22.3607 67.4805 86.7006 78.8429 94.3008 65.2626 67.2542 83.7257 77.0887 65.0 104.535 34.9285 27.5136 69.3542 49.0918 64.4548 63.0079 89.1403 10.0499 45.3255 0.0 26.1725 83.0453 38.2101 34.0147 61.0152 44.4072 36.2353 100.526 69.6419 3.60555 88.673 110.825 33.6155 81.8214 81.5843 72.9347 91.0053 78.0897 81.0364 17.1172 47.7212 29.0689 53.4603 38.3275 58.5491 17.4642 
43.391 65.1153 19.3132 16.0312 31.0161 36.0555 101.51 97.3109 43.8964 96.6426 32.3883 54.6136 47.2969 4.12311 43.4166 92.2434 59.0273 82.3535 66.8183 43.2782 89.4205 52.6972 73.5744 112.203 12.53 6.0 44.1475 23.0 60.9678 67.2597 92.6919 16.4924 21.4427 26.1725 0.0 85.6329 34.6624 8.24621 36.7696 20.1246 34.2332 82.6987 44.0114 28.0 64.5368 97.5721 11.1803 72.5255 55.5428 48.8365 93.5929 51.9711 82.5921 10.2956 25.2168 25.5729 60.3871 13.0384 32.3883 35.4683 
44.1605 56.0172 74.3788 89.9229 82.112 80.751 19.4165 31.1448 46.9691 15.2315 82.3849 48.7773 75.1865 82.2639 55.2113 37.5766 40.8382 31.5753 18.2652 53.8021 36.4005 60.8505 47.5397 23.3238 82.9661 82.0788 90.9933 76.4185 27.4963 32.7587 26.1725 84.9277 72.9383 83.0453 85.6329 0.0 60.8362 91.4435 51.293 97.9231 51.8249 47.0425 68.1543 80.4562 57.7887 44.7214 84.1634 22.3607 79.0764 52.2272 10.0499 79.1964 30.025 85.9251 73.3264 62.0221 41.6997 81.9823 72.8094 69.408 
10.3734 54.0838 25.4951 29.8803 40.6079 43.0465 76.7131 70.0548 15.2315 71.8458 42.45 40.7185 46.8402 31.2933 33.1361 70.2494 42.2775 57.7962 43.0535 32.249 67.7074 43.2897 56.0803 79.1853 22.3616 31.1082 54.037 32.5576 27.9502 45.607 68.7354 34.1842 12.2066 38.2101 34.6624 60.8362 0.0 30.839 25.0799 38.1192 11.1803 63.9899 40.7922 37.6431 54.4068 74.3202 23.5589 45.3168 54.1295 39.6589 68.7961 51.923 58.6356 34.9545 13.6015 9.43398 42.8019 21.3778 36.3593 35.7351 
40.9807 60.959 27.5136 8.06226 39.0128 44.1814 107.32 94.9006 45.8526 102.453 24.1868 62.0562 40.1622 12.3693 38.9487 101.048 55.9683 79.9432 73.6608 39.0512 98.5064 47.5079 81.017 109.793 13.1529 11.3137 35.9026 15.1327 58.5575 76.4081 99.5344 24.0832 19.0324 34.0147 8.24621 91.4435 30.839 0.0 33.2866 12.2066 41.5787 79.6398 37.5899 36.0555 60.1415 94.5132 12.3693 70.1152 48.3839 44.8219 99.4034 44.643 89.4346 17.2627 22.8064 33.0154 67.8297 9.48683 25.0 43.6578 
23.1167 28.4253 48.3072 28.7924 63.5186 66.4969 65.0 62.2896 33.2415 59.6154 31.5753 63.8478 25.0 39.2155 8.06226 88.1411 23.0868 47.0425 49.7016 7.28011 85.9173 18.2483 76.4518 63.3246 25.8818 33.2154 39.8121 26.1725 25.5081 64.0071 77.0651 52.048 21.6333 61.0152 36.7696 51.293 25.0799 33.2866 0.0 35.9026 35.2966 46.6154 18.0278 60.4969 28.0179 61.9839 27.0791 37.6563 30.8707 12.2066 59.1692 29.6816 75.7107 46.8175 13.4164 33.7343 63.7262 24.2074 21.8403 60.4152 
48.2608 60.9016 39.3954 8.24621 49.6488 55.109 113.8 97.6276 53.1327 108.933 14.5602 74.2627 34.4093 24.1661 39.3954 108.328 58.9406 82.6702 80.9409 39.9249 105.787 46.0435 93.2236 98.3432 23.3238 23.4307 25.02 10.2956 65.0371 83.6882 106.814 34.3657 26.3125 44.4072 20.1246 97.9231 38.1192 12.2066 35.9026 0.0 48.8588 82.2192 33.9706 46.8722 59.6825 97.8621 23.0217 72.8421 42.19 45.6946 105.883 38.0789 96.7147 27.2947 29.2746 45.222 80.0363 17.4642 19.799 55.5428 
13.6015 58.9406 23.7697 40.62 37.2022 38.1838 67.7018 70.7203 9.84886 62.8345 53.2635 29.5466 57.8705 30.8641 43.0465 60.8276 46.0977 62.3839 34.0422 42.0119 58.1808 53.0 45.2769 70.174 33.1013 30.6791 65.0 43.2973 30.9999 35.8469 59.7158 33.7343 22.6716 36.2353 34.2332 51.8249 11.1803 41.5787 35.2966 48.8588 0.0 67.0467 51.6624 34.6699 59.439 78.7271 34.2986 49.0044 65.0 45.1774 59.7848 62.9365 49.816 34.5254 24.6982 10.198 31.8904 32.1175 47.5079 28.8444 
53.8517 25.318 87.7349 75.3923 102.591 104.458 46.2385 30.6105 68.5017 42.72 74.9667 84.9543 58.0345 85.1447 43.1741 82.201 23.7065 16.4924 54.5711 42.45 81.7435 40.0 86.4696 39.3573 71.8109 79.1446 79.0063 72.1249 43.8292 71.5681 67.1863 96.5294 67.1343 100.526 82.6987 47.0425 63.9899 79.6398 46.6154 82.2192 67.0467 0.0 53.0848 99.7246 27.4591 19.3132 73.0083 25.7099 56.8859 36.8782 48.6621 59.4138 77.0671 92.7467 58.7254 71.4578 79.3095 70.3725 65.1153 95.7885 
41.1291 28.8617 59.6825 30.2324 73.9797 78.2624 80.6226 75.0 51.2646 75.2928 22.8473 81.0764 7.07107 47.4342 13.0384 104.968 32.9848 58.4637 67.4748 14.4222 103.691 13.3417 94.4765 77.8781 35.3553 42.2019 26.0768 24.0832 43.2782 81.7803 93.7634 60.407 33.0606 69.6419 44.0114 68.1543 40.7922 37.5899 18.0278 33.9706 51.6624 53.0848 0.0 70.8308 27.2029 71.1126 36.4966 51.8941 13.3417 17.72 75.8024 11.6619 92.9449 54.231 27.2947 48.0937 81.7509 31.3209 14.2127 74.0608 
45.9674 88.4109 12.2066 44.0114 3.16228 8.24621 96.3331 103.003 44.4185 91.4658 60.208 41.7732 74.8131 24.0208 68.3839 83.4865 78.0125 93.5292 62.6735 67.7598 80.5047 77.9966 61.6117 98.8053 35.7351 28.6356 71.7008 51.0 63.6831 60.0083 86.2844 12.6491 46.2334 3.60555 28.0 80.4562 37.6431 36.0555 60.4969 46.8722 34.6699 99.7246 70.8308 0.0 88.1548 111.009 34.4819 81.2867 83.0241 72.4164 88.4161 79.6304 78.4473 19.6469 47.2029 28.3196 50.2494 39.6232 60.208 13.9284 
45.8912 2.23607 75.965 54.2033 91.1765 94.1548 65.1153 54.3783 54.1479 60.3075 49.98 85.0059 31.1448 67.0505 21.2132 95.2949 17.088 37.4433 59.6954 21.2603 94.1625 13.9284 92.8719 60.208 53.7168 61.0504 52.345 49.3964 41.0488 78.1297 82.6801 79.8831 49.6488 88.673 64.5368 57.7887 54.4068 60.1415 28.0179 59.6825 59.439 27.4591 27.2029 88.1548 0.0 46.5725 54.9141 36.6197 29.4279 15.8114 63.5138 32.0624 85.8947 74.6525 41.3401 61.8747 82.3893 51.6624 40.7185 87.0914 
64.1749 44.3847 98.05 90.5126 113.165 113.033 36.0139 17.0294 73.8713 34.5254 92.1358 86.2844 76.531 100.018 60.075 74.108 39.2046 16.6433 55.4707 59.1354 74.3303 58.4209 83.4865 28.0 86.6843 94.018 97.1854 88.1192 51.8652 70.78 58.0086 106.802 82.0077 110.825 97.5721 44.7214 74.3202 94.5132 61.9839 97.8621 78.7271 19.3132 71.1126 111.009 46.5725 0.0 87.8817 30.0 75.9276 54.0093 42.2019 78.2624 73.5689 107.572 73.5987 81.7731 79.2539 85.2459 82.1523 102.375 
33.7006 55.4465 23.1948 15.5563 37.6431 41.7732 100.04 87.6205 38.5725 95.173 30.8869 63.3604 41.0122 12.7279 33.9072 93.7682 49.3368 72.6631 66.3807 33.6809 91.2263 43.5155 79.5297 102.512 1.41421 6.40312 42.9418 20.5913 51.2774 69.1279 92.2543 25.2389 11.7522 33.6155 11.1803 84.1634 23.5589 12.3693 27.0791 23.0217 34.2986 73.0083 36.4966 34.4819 54.9141 87.8817 0.0 62.835 49.0918 39.1705 92.1233 46.0 82.1545 20.5183 15.5263 27.5286 66.1783 6.7082 27.4591 38.1182 
35.1715 34.6699 69.0467 65.466 83.4421 83.3104 29.2062 25.02 44.1487 24.0832 69.2315 59.8353 58.5918 74.9078 39.0 59.4643 20.5183 13.4536 28.8617 37.6962 58.5235 42.2019 61.0737 26.0 61.6377 68.9713 76.844 63.3641 21.9545 46.0977 46.1411 77.7988 57.4188 81.8214 72.5255 22.3607 45.3168 70.1152 37.6563 72.8421 49.0044 25.7099 51.8941 81.2867 36.6197 30.0 62.835 0.0 61.0328 34.4819 26.9258 61.9112 52.107 78.5691 48.5521 52.7697 53.6004 60.654 59.439 72.6523 
53.9865 31.5753 72.2496 40.4969 86.1452 90.6697 90.2109 82.3468 64.122 85.0 28.4253 94.4117 8.24621 59.2284 24.4131 116.435 40.8167 65.3911 77.9959 25.807 114.212 18.868 107.276 86.6083 48.0416 54.4518 25.4951 33.6155 55.4707 93.9939 104.685 72.0347 46.0109 81.5843 55.5428 79.0764 54.1295 48.3839 30.8707 42.19 65.0 56.8859 13.3417 83.0241 29.4279 75.9276 49.0918 61.0328 0.0 26.9072 86.3713 4.24264 104.413 65.521 40.6079 61.2944 94.6083 43.4166 23.4094 87.0 
32.0 16.2788 60.2267 39.4462 75.4381 78.4164 63.5138 57.28 41.3038 58.2495 38.2099 72.4431 24.1661 51.3069 6.32456 89.6245 15.2971 40.7922 51.5067 5.83095 87.7224 8.94427 82.5409 60.3738 37.9732 45.3068 43.566 35.4683 30.0832 68.8546 77.8332 64.1395 33.8378 72.9347 48.8365 52.2272 39.6589 44.8219 12.2066 45.6946 45.1774 36.8782 17.72 72.4164 15.8114 54.0093 39.1705 34.4819 26.9072 0.0 59.4643 27.4591 77.6018 58.9089 25.5539 45.432 71.116 36.0694 28.2843 72.1105 
52.1203 61.5873 80.2975 97.8829 90.072 88.7109 10.2956 26.4008 54.929 8.06226 90.291 50.1325 82.801 90.2238 62.8013 33.541 47.0106 32.249 26.2252 61.4003 33.1361 67.8823 41.6293 16.4012 90.926 90.0387 98.8838 84.3247 35.4561 29.1656 19.2354 92.8876 80.8982 91.0053 93.5929 10.0499 68.7961 99.4034 59.1692 105.883 59.7848 48.6621 75.8024 88.4161 63.5138 42.2019 92.1233 26.9258 86.3713 59.4643 0.0 86.6833 31.9545 93.885 81.2863 69.982 40.8225 89.9422 80.7156 77.368 
52.7867 34.1321 69.0652 36.6879 82.7345 87.367 90.9725 83.9345 62.9222 85.703 24.2074 92.3851 5.09902 55.7315 24.0416 116.241 42.0476 67.0671 79.0115 25.4558 114.017 20.2485 106.134 87.7097 45.0111 51.1566 21.5407 29.7321 54.8179 93.317 104.805 68.4471 43.1856 78.0897 51.9711 79.1964 51.923 44.643 29.6816 38.0789 62.9365 59.4138 11.6619 79.6304 32.0624 78.2624 46.0 61.9112 4.24264 27.4591 86.6833 0.0 104.218 61.8466 38.3275 58.6941 93.4085 40.1123 19.6469 84.0555 
55.1886 84.3303 70.3287 88.4759 77.4759 75.307 41.241 58.3011 44.9602 40.0167 100.92 38.178 100.01 79.223 80.1789 32.0227 68.8218 61.4782 27.2047 78.7649 29.799 86.5376 29.9249 48.2753 80.9572 79.038 115.636 91.1333 51.751 17.2111 30.0998 81.3266 70.9294 81.0364 82.5921 30.025 58.6356 89.4346 75.7107 96.7147 49.816 77.0671 92.9449 78.4473 85.8947 73.5689 82.1545 52.107 104.413 77.6018 31.9545 104.218 0.0 82.8843 71.3175 60.0132 28.868 79.9734 97.4522 63.9351 
43.6634 75.1849 15.0 25.318 22.3607 27.8927 101.802 104.82 44.1885 96.9347 41.0 53.3385 57.28 7.81025 53.6004 92.3472 69.0752 91.0485 67.1104 53.4135 89.493 62.9682 72.8972 104.274 21.9317 14.2127 52.2398 32.3883 61.2024 67.4463 92.984 7.07107 31.4906 17.1172 10.2956 85.9251 34.9545 17.2627 46.8175 27.2947 34.5254 92.7467 54.231 19.6469 74.6525 107.572 20.5183 78.5691 65.521 58.9089 93.885 61.8466 82.8843 0.0 35.2647 25.865 60.0083 23.3238 42.2019 30.0 
22.8636 41.6174 35.0132 21.095 50.2247 53.2029 75.5311 73.3376 27.7355 70.1462 30.8058 54.231 33.2415 27.6627 21.1896 82.9312 35.0539 58.3801 55.5437 20.6155 80.3893 31.3209 69.066 74.0531 14.329 21.6626 41.7253 21.9317 35.6391 58.2944 81.4173 40.4952 8.48528 47.7212 25.2168 73.3264 13.6015 22.8064 13.4164 29.2746 24.6982 58.7254 27.2947 47.2029 41.3401 73.5987 15.5263 48.5521 40.6079 25.5539 81.2863 38.3275 71.3175 35.2647 0.0 21.0238 55.8768 13.3417 23.4307 47.5184 
17.8045 61.5517 16.2788 33.8499 31.241 33.6155 77.899 80.9175 19.105 73.0317 46.4973 36.4005 53.6004 22.2038 41.7732 70.6824 49.7454 65.2491 44.2394 41.0 67.9779 51.9711 53.9073 80.3712 26.3312 22.0187 58.2616 36.5273 35.4031 45.618 69.8577 25.0947 15.8114 29.0689 25.5729 62.0221 9.43398 33.0154 33.7343 45.222 10.198 71.4578 48.0937 28.3196 61.8747 81.7731 27.5286 52.7697 61.2944 45.432 69.982 58.6941 60.0132 25.865 21.0238 0.0 40.4599 25.3475 41.4367 26.6833 
40.7185 81.2219 45.5412 72.4997 51.0392 48.0937 50.109 67.1691 30.4906 48.8846 85.1469 9.48683 88.7053 57.0181 71.0062 33.2415 66.0303 65.192 24.7386 69.7731 30.2655 79.9682 13.4536 57.1433 64.981 56.833 96.8297 75.177 41.4367 11.6619 37.9473 56.6127 54.5619 53.4603 60.3871 41.6997 42.8019 67.8297 63.7262 80.0363 31.8904 79.3095 81.7509 50.2494 82.3893 79.2539 66.1783 53.6004 94.6083 71.116 40.8225 93.4085 28.868 60.0083 55.8768 40.4599 0.0 63.9972 79.0573 37.0 
31.5195 52.3259 29.0 9.43398 42.7551 47.2652 97.8592 85.4394 36.3914 92.9919 24.1868 61.1793 35.2278 16.1555 30.4795 91.5872 46.701 70.0273 64.1996 30.4138 89.0452 39.6611 77.3486 100.331 6.40312 11.0454 36.2353 13.8924 49.0963 66.9469 90.0732 29.1548 9.57116 38.3275 13.0384 81.9823 21.3778 9.48683 24.2074 17.4642 32.1175 70.3725 31.3209 39.6232 51.6624 85.2459 6.7082 60.654 43.4166 36.0694 89.9422 40.1123 79.9734 23.3238 13.3417 25.3475 63.9972 0.0 21.095 44.4072 
46.0441 42.1545 50.04 17.088 63.2851 68.0661 86.7295 83.863 50.916 81.3449 10.0 76.9415 15.2315 36.2215 22.0907 109.475 43.0116 68.1175 71.0354 23.0217 103.57 26.8328 92.2465 85.1645 26.6833 32.0156 18.6011 10.2956 46.8419 81.4749 98.5238 48.8365 25.632 58.5491 32.3883 72.8094 36.3593 25.0 21.8403 19.799 47.5079 65.1153 14.2127 60.208 40.7185 82.1523 27.4591 59.439 23.4094 28.2843 80.7156 19.6469 97.4522 42.2019 23.4307 41.4367 79.0573 21.095 0.0 65.4905 
42.0595 86.7684 16.1555 50.9608 14.1421 11.4018 85.2849 94.3538 37.5366 80.4177 67.4463 28.1603 79.0258 31.3847 68.4471 70.1142 74.7061 86.0318 51.6253 67.6831 67.1193 78.6448 47.8539 87.7571 39.0512 33.7343 79.404 57.4891 59.7417 47.3814 73.9797 24.0416 41.0122 17.4642 35.4683 69.408 35.7351 43.6578 60.4152 55.5428 28.8444 95.7885 74.0608 13.9284 87.0914 102.375 38.1182 72.6523 87.0 72.1105 77.368 84.0555 63.9351 30.0 47.5184 26.6833 37.0 44.4072 65.4905 0.0 
DEMAND_SCENARIO_SECTION
0 0 0 0 0 0 0 0 0 0 0 0 0 0 0 0 0 0 0 0 0 0 0 0 0 0 0 0 0 0 0 0 0 0 0 0 0 0 0 0 0 0 0 0 0 0 0 0 0 0 0 0 0 0 0 0 0 0 0 0 0 0 0 0 0 0 0 0 0 0 0 0 0 0 0 0 0 0 0 0 0 0 0 0 0 0 0 0 0 0 0 0 0 0 0 0 0 0 0 0 0 0 0 0 0 0 0 0 0 0 0 0 0 0 0 0 0 0 0 0 0 0 0 0 0 0 0 0 0 0 0 0 0 0 0 0 0 0 0 0 0 0 0 0 0 0 0 0 0 0 0 0 0 0 0 0 0 0 0 0 0 0 0 0 0 0 0 0 0 0 0 0 0 0 0 0 0 0 0 0 0 0 0 0 0 0 0 0 0 0 0 0 0 0 0 0 0 0 0 0 
1 1 1 1 1 1 1 1 1 1 1 2 1 1 1 1 1 1 1 1 1 1 1 2 1 1 1 1 1 1 1 2 2 1 1 1 1 1 1 1 1 1 1 2 1 1 1 1 1 2 0 0 1 2 1 2 1 1 1 1 1 1 2 1 1 1 1 1 2 1 1 1 1 0 1 1 1 1 1 0 1 1 1 0 1 1 0 1 1 1 1 2 1 1 2 2 1 1 1 1 1 1 1 1 2 2 1 1 1 1 1 1 1 1 1 0 1 1 1 1 1 1 1 1 0 1 1 1 1 0 1 1 1 1 1 1 2 0 1 1 0 1 1 1 1 1 1 1 1 1 0 1 1 1 1 1 1 1 1 1 2 1 1 0 1 1 1 1 1 1 1 1 1 1 1 1 1 1 1 1 1 1 1 1 0 1 1 1 1 1 1 1 1 1 1 1 2 0 1 1 
3 1 2 1 1 2 2 4 1 3 2 2 2 2 1 2 2 2 2 2 3 2 2 2 2 1 1 3 1 2 2 1 3 2 1 2 1 3 2 2 3 3 3 2 2 2 2 2 3 2 1 1 3 3 2 2 2 2 2 1 3 3 2 2 2 2 3 2 2 2 2 1 2 3 2 2 2 2 3 2 4 3 2 2 2 2 2 4 3 3 1 3 2 3 2 3 2 2 3 3 2 3 1 1 2 3 2 1 2 1 4 2 1 3 1 0 1 3 2 3 3 3 1 3 1 2 2 2 2 2 2 2 1 3 1 2 4 2 3 2 2 3 3 3 2 2 1 2 2 2 2 1 2 2 1 2 3 2 3 2 2 2 2 2 2 1 2 2 2 2 2 1 2 3 1 2 3 1 3 1 2 1 1 3 2 3 1 1 1 2 2 1 1 2 3 2 3 2 2 2 
4 7 2 3 5 1 2 5 6 2 3 4 3 3 4 4 5 6 4 3 7 4 5 2 4 2 4 4 3 4 4 4 6 3 3 4 6 6 3 5 4 3 5 5 4 4 4 3 3 4 4 5 4 1 2 5 5 4 3 5 8 5 4 3 6 1 3 3 4 5 5 4 7 4 2 4 4 3 3 3 5 4 0 4 3 5 7 3 4 3 4 2 7 2 7 4 4 4 4 4 7 4 3 3 5 4 5 5 2 5 4 5 4 3 5 2 3 5 4 5 2 2 3 6 1 5 5 5 3 3 3 7 5 4 4 3 7 5 2 5 3 3 2 4 5 3 6 2 2 6 3 2 4 2 3 6 6 4 4 3 4 3 2 3 4 0 4 6 2 4 1 5 3 3 1 3 4 7 6 4 3 4 3 3 3 5 4 5 6 4 4 5 2 3 2 4 3 4 5 3 
8 13 9 12 10 9 6 10 12 9 7 17 9 4 10 9 9 1 3 13 11 11 7 12 9 14 9 12 11 9 9 9 5 6 5 6 6 7 7 7 11 12 11 8 5 8 12 6 12 8 6 11 11 12 10 14 3 12 9 11 4 8 8 10 7 12 11 8 4 10 10 4 11 8 8 8 11 7 5 5 9 13 8 8 8 6 1 13 13 6 6 10 9 10 9 2 7 10 10 9 10 8 11 11 9 8 10 5 8 4 8 12 7 12 8 5 11 12 14 10 16 11 6 6 11 7 9 8 7 7 12 8 15 11 8 13 6 9 10 8 9 11 9 7 11 9 10 11 13 9 13 4 8 4 7 8 10 14 9 14 6 10 11 12 9 7 14 11 9 12 4 11 12 8 5 9 8 8 11 11 5 10 3 9 9 11 8 8 12 7 6 7 6 9 5 7 11 7 14 10 
7 10 8 7 14 13 8 9 8 9 10 7 11 9 5 14 5 10 14 9 12 7 7 11 8 4 11 8 10 7 8 7 11 6 8 12 7 9 9 6 9 13 4 16 10 12 9 7 7 12 12 10 17 14 11 19 12 5 12 10 9 8 13 12 9 8 10 6 14 10 12 17 7 14 15 7 13 9 6 15 12 11 15 13 9 11 7 11 7 6 8 17 11 9 5 15 9 5 5 8 6 7 7 5 6 3 12 3 10 9 12 10 9 3 9 10 9 8 5 11 11 12 7 13 12 17 12 13 5 6 10 7 6 11 8 8 9 7 17 16 8 9 11 6 11 9 7 6 12 7 18 7 5 15 14 4 7 9 10 9 12 5 5 6 10 12 9 11 9 0 2 16 8 7 11 13 7 10 0 11 13 9 9 13 12 12 14 13 9 11 8 7 4 10 8 8 11 13 9 11 
4 2 3 6 5 4 4 5 3 4 4 2 3 2 3 2 3 4 1 3 4 4 4 4 5 4 3 4 3 5 3 3 5 3 6 4 3 3 5 4 4 3 6 4 3 3 3 5 5 4 3 2 3 2 5 4 7 6 5 3 3 5 4 2 3 3 5 3 4 4 3 5 0 6 3 4 5 5 5 3 6 5 5 3 7 2 7 3 6 5 5 6 4 5 4 3 7 4 1 5 5 3 6 4 4 1 6 3 4 4 3 5 3 5 5 3 5 2 6 4 5 3 4 5 3 3 6 3 6 5 3 4 4 5 2 4 5 5 5 5 6 6 3 5 0 6 4 4 4 4 6 5 2 3 3 6 6 5 4 4 6 6 5 2 4 5 6 3 3 4 4 4 5 3 2 1 5 3 3 6 2 8 4 4 2 3 4 3 5 7 5 3 1 5 4 6 4 3 4 5 
7 9 8 16 11 12 8 10 15 10 10 10 9 8 9 6 6 12 11 7 12 11 10 7 9 9 8 13 9 7 7 11 5 11 8 10 7 11 7 8 10 8 5 12 11 10 8 10 5 7 8 7 13 10 9 8 6 11 4 9 15 6 11 5 14 9 14 11 8 11 3 6 15 5 11 10 12 6 13 7 8 11 12 11 7 9 8 14 12 7 9 14 12 10 2 5 15 12 12 5 13 9 13 8 11 8 5 16 11 11 10 3 8 7 6 8 16 7 12 10 11 10 10 10 8 4 5 13 14 8 12 13 6 11 6 15 16 17 7 11 8 11 5 10 12 9 10 8 18 10 6 7 12 7 8 8 12 14 10 9 14 11 1 14 3 12 13 15 10 4 7 9 9 11 5 10 10 13 9 6 10 13 13 11 11 9 12 3 14 16 6 17 12 7 3 8 12 12 15 11 
1 1 1 1 1 1 0 1 1 1 0 1 1 1 1 1 1 1 1 1 1 1 1 1 1 1 1 1 1 1 2 0 0 1 1 1 2 1 1 1 1 1 1 1 1 1 1 1 1 0 1 1 1 1 1 1 1 1 1 0 2 1 1 1 1 1 0 1 1 1 1 1 1 1 2 1 1 1 1 1 1 1 1 2 1 2 1 1 0 1 1 1 1 1 1 2 1 1 1 1 0 1 1 2 1 1 1 1 1 1 1 1 2 1 1 0 1 1 1 1 1 1 1 1 1 1 1 1 1 1 1 1 1 1 1 1 0 1 1 1 2 1 1 1 1 2 1 1 1 0 1 1 1 1 1 1 1 1 1 1 1 1 1 1 1 1 1 1 1 1 2 1 0 1 1 1 1 1 1 1 1 2 1 0 1 2 1 1 1 2 0 0 1 0 1 1 1 1 1 1 
13 8 10 10 17 11 12 14 9 6 8 8 11 3 8 12 6 13 9 9 9 3 8 9 11 12 14 15 13 14 9 10 8 11 8 11 13 10 10 11 9 11 11 10 8 16 7 8 11 4 9 9 5 11 10 11 7 4 14 11 4 11 9 8 8 4 12 14 10 6 15 13 11 7 13 14 7 7 13 8 5 17 7 10 10 16 10 5 10 8 12 3 7 15 13 10 15 12 7 9 9 11 11 10 12 11 7 13 8 15 9 10 9 10 6 13 3 14 8 14 6 12 10 11 11 10 9 8 6 10 6 9 6 16 8 7 6 9 10 9 6 7 13 10 16 14 7 2 8 11 6 9 13 12 6 9 12 9 8 5 15 12 10 4 5 8 6 16 10 13 12 14 11 5 9 6 6 9 12 9 5 9 6 10 6 10 9 11 15 11 14 8 14 6 3 9 12 9 14 13 
9 13 9 8 5 7 9 7 10 10 9 12 9 9 10 0 6 14 10 6 9 3 13 11 6 9 10 9 9 5 13 9 13 5 9 10 12 7 6 5 8 14 8 12 11 8 6 8 10 10 11 10 10 13 3 8 6 13 4 13 6 8 12 8 15 13 8 6 4 7 10 8 5 7 4 9 7 6 6 7 9 10 5 12 7 11 10 8 9 8 8 4 13 7 9 11 9 5 10 5 12 4 12 7 15 13 12 12 7 11 11 4 2 3 6 7 13 0 14 7 4 11 10 8 6 8 8 5 5 14 6 10 5 7 4 7 8 6 8 10 14 10 10 9 7 14 12 7 9 2 10 4 9 7 10 12 9 7 13 8 3 8 4 10 7 14 4 12 7 10 9 10 16 5 11 10 2 6 12 14 9 8 14 10 8 9 13 7 9 6 4 9 13 11 6 9 10 9 11 8 
6 7 9 12 11 3 7 9 13 4 4 14 8 7 10 5 10 8 7 6 12 7 10 9 7 7 6 6 10 10 7 7 5 6 7 6 3 8 8 10 1 5 8 5 9 10 5 9 6 13 10 9 9 9 5 11 10 7 7 9 10 8 8 5 10 16 9 12 8 7 8 5 9 8 7 6 10 14 7 6 6 5 4 6 7 6 13 5 9 9 6 6 15 6 7 3 12 5 14 9 9 8 6 8 11 12 13 5 7 10 6 7 8 10 6 11 12 6 8 7 7 9 5 9 3 5 15 12 8 10 3 7 2 8 7 9 4 5 9 6 11 10 5 9 9 12 6 7 8 6 13 4 8 7 5 9 10 9 3 6 11 8 12 6 6 8 11 9 5 9 12 3 14 5 7 7 10 11 10 8 13 5 8 5 4 7 10 7 8 4 10 7 5 2 7 8 6 6 11 10 
1 1 2 1 0 1 1 1 1 1 1 1 0 2 1 1 1 1 1 1 1 0 1 0 1 1 1 2 1 1 1 1 1 1 0 1 1 1 1 1 1 1 1 1 2 1 1 1 1 0 1 2 1 1 1 1 1 2 1 1 0 1 1 0 1 1 1 1 1 1 0 1 1 1 1 0 1 1 1 1 1 1 2 1 1 1 1 1 1 1 1 1 1 1 1 1 1 1 1 2 2 0 1 1 1 1 1 1 1 1 2 1 1 1 1 1 1 1 1 1 1 1 1 1 1 2 1 1 1 2 1 1 1 1 1 1 2 1 1 1 1 1 1 1 1 1 1 1 1 1 2 1 1 1 1 1 1 1 1 1 1 1 1 1 1 1 1 1 1 1 1 1 1 1 1 1 1 1 0 1 1 1 1 1 1 2 1 1 1 1 1 2 2 1 1 0 1 1 1 1 
11 10 16 10 12 12 10 10 8 11 6 3 9 7 10 8 8 10 4 6 10 10 9 10 12 12 10 4 10 8 8 8 11 6 4 6 11 4 4 11 8 8 10 10 7 4 10 11 14 8 6 4 12 9 13 12 13 12 5 7 9 7 9 7 9 9 6 9 8 7 6 11 13 7 14 11 15 10 6 11 13 6 9 7 7 8 9 10 4 9 12 13 15 7 6 15 10 11 15 9 8 10 12 4 14 8 11 8 11 10 2 10 8 5 14 8 9 10 4 7 13 10 13 9 0 6 9 4 10 13 3 13 7 6 8 7 11 4 6 8 11 9 5 10 2 13 12 12 10 13 6 8 2 9 9 6 7 12 8 9 6 4 10 9 12 6 12 8 10 10 6 11 13 4 4 10 2 8 10 12 13 16 8 8 11 9 8 10 8 5 11 7 11 8 7 5 7 12 14 5 
1 1 0 1 1 1 1 0 1 1 1 1 1 1 1 1 1 1 1 0 1 2 0 1 1 1 1 1 1 0 1 2 1 1 1 1 1 1 1 1 0 1 1 1 1 1 0 1 1 1 1 1 1 1 1 1 1 1 1 1 1 2 1 1 1 1 0 1 1 1 2 1 1 1 1 1 1 1 1 1 1 1 1 1 1 1 1 2 1 1 1 1 1 1 1 1 1 1 1 1 0 1 2 1 1 1 1 1 2 1 1 1 1 1 1 1 1 1 1 1 1 1 1 1 2 1 0 2 1 1 0 1 1 0 1 1 1 1 1 1 1 1 1 1 1 0 1 1 1 1 1 1 1 1 1 2 1 0 1 1 2 1 1 1 1 1 1 1 1 2 1 1 0 1 1 1 1 2 1 1 1 0 1 1 1 2 1 1 1 1 0 1 1 1 1 1 2 1 1 1 
0 2 1 1 1 1 1 1 1 1 2 1 1 0 1 1 1 1 1 1 1 1 1 1 1 1 1 1 0 1 1 1 0 2 1 1 1 2 1 1 1 1 1 1 1 1 1 1 2 1 1 1 1 1 1 1 1 2 1 1 1 1 1 2 1 2 1 1 1 1 1 1 0 1 1 1 1 1 1 1 1 1 2 1 1 1 1 1 1 1 1 1 2 1 1 1 1 0 1 1 1 1 1 1 0 1 2 1 1 1 1 1 1 1 1 1 1 1 1 1 1 1 1 1 1 1 1 1 1 1 1 2 0 1 1 0 1 1 1 1 1 1 2 1 1 1 1 1 1 1 0 1 1 2 1 2 1 0 1 1 1 1 1 1 1 0 1 1 1 1 1 1 1 1 1 1 1 1 2 1 1 1 1 2 1 1 1 0 1 1 1 0 1 2 1 1 1 1 1 1 
3 3 4 2 3 3 4 4 3 3 4 2 2 4 5 2 2 4 4 5 4 3 2 3 4 4 2 2 4 3 3 3 2 3 3 3 2 4 1 3 2 2 3 3 2 2 2 1 2 3 4 5 4 4 3 1 1 3 3 4 1 4 5 3 2 4 3 4 2 5 3 4 2 3 1 4 3 5 2 1 3 2 4 2 5 3 3 3 5 1 4 3 4 3 3 5 2 2 3 3 2 3 2 4 2 3 3 3 3 4 4 3 4 4 3 5 3 2 2 2 4 2 1 4 3 2 4 3 3 2 3 3 4 3 0 3 4 4 5 4 3 5 3 2 3 3 4 4 3 5 3 3 3 3 5 3 2 2 2 4 2 5 4 4 3 4 3 3 4 5 1 6 4 1 3 2 2 4 2 4 4 3 4 4 4 6 3 4 4 3 2 3 2 2 2 4 1 2 2 2 
6 2 4 5 5 3 2 3 6 3 6 4 4 4 4 3 4 5 5 3 3 4 5 3 5 4 5 3 6 4 3 4 5 5 3 5 4 5 5 2 3 5 4 4 4 4 4 1 5 5 5 5 3 4 3 6 3 4 3 4 4 2 6 4 3 4 4 3 3 4 6 3 2 4 4 4 3 2 4 3 4 2 3 4 4 8 4 3 4 4 4 3 3 4 4 6 4 3 3 4 5 3 5 4 2 4 5 5 4 1 2 4 5 4 5 5 4 6 3 5 3 4 5 3 4 4 4 6 5 4 7 2 2 6 5 3 2 3 5 4 8 5 5 3 4 4 4 2 6 2 5 7 3 5 5 1 6 2 3 5 5 4 3 4 5 5 4 4 5 3 7 4 7 5 4 5 5 5 7 5 4 2 4 4 6 3 4 5 5 2 4 3 4 5 5 4 5 6 2 4 
6 4 5 8 5 4 6 6 3 4 3 3 5 5 3 3 4 9 6 4 5 5 4 5 4 9 6 6 5 7 3 5 5 6 3 6 4 3 6 5 6 7 3 6 7 8 3 4 4 5 9 3 6 6 6 2 8 5 2 8 5 4 7 5 7 7 4 6 3 7 4 5 5 6 8 7 4 6 5 6 5 6 6 7 5 4 3 7 5 8 5 6 3 4 5 8 7 4 6 6 5 3 6 5 6 3 3 8 7 5 5 9 7 4 5 5 4 7 5 6 4 8 5 8 5 5 4 5 5 6 4 4 4 4 7 4 6 2 5 5 7 7 6 7 6 5 4 3 4 4 3 7 5 7 2 1 5 7 9 4 5 8 7 5 4 3 7 6 6 5 6 3 6 3 4 6 5 5 5 7 6 3 6 3 6 5 6 6 5 6 7 4 9 4 7 5 6 7 3 4 
1 3 3 2 3 2 2 2 2 2 2 2 4 2 3 3 2 2 1 1 2 1 2 2 2 2 2 3 2 2 2 2 2 3 1 2 2 2 2 3 3 2 3 2 1 2 3 0 2 3 2 2 3 2 3 2 2 2 3 1 2 2 2 1 1 2 2 3 2 3 3 2 2 2 2 2 1 2 3 2 3 2 3 2 2 2 2 2 2 2 2 3 3 2 1 2 2 2 2 1 2 3 2 1 1 2 2 2 2 2 2 1 3 2 2 2 3 2 1 2 1 1 2 2 1 2 1 1 2 2 1 2 3 2 2 2 2 3 3 2 1 2 3 2 2 2 2 3 2 3 2 2 2 0 2 1 1 2 2 3 3 2 2 2 2 3 1 3 3 2 1 2 2 2 2 1 3 0 1 1 3 3 2 2 1 2 2 3 3 2 2 3 2 2 2 2 0 1 2 3 
11 9 11 10 8 12 8 11 6 2 8 11 15 10 4 11 8 12 15 9 10 12 10 14 11 11 5 11 8 13 12 11 8 14 9 9 14 8 12 19 11 15 12 14 13 7 6 8 13 10 12 11 15 12 13 14 13 5 8 10 8 13 6 13 14 12 16 11 10 9 8 11 12 11 3 10 5 15 14 8 8 15 12 9 15 9 6 10 10 15 10 20 11 9 8 12 11 18 12 10 3 12 11 9 8 15 8 4 14 10 7 11 10 7 7 12 4 6 10 10 12 11 12 15 16 7 16 15 9 13 14 7 12 5 4 14 9 13 14 13 5 15 3 10 15 11 11 12 10 10 11 6 13 7 13 10 12 11 10 8 0 8 14 7 6 10 15 2 8 7 13 11 11 11 15 14 7 10 8 9 5 15 6 6 11 11 9 11 8 6 10 4 9 12 9 14 14 11 8 7 
3 3 4 3 3 4 3 3 3 5 3 5 5 3 4 2 5 3 3 2 3 4 3 3 3 4 3 3 2 3 3 3 3 3 1 4 1 3 3 3 3 3 2 2 4 5 5 3 3 3 4 2 4 4 2 4 1 2 2 3 3 1 2 2 3 3 3 4 3 3 1 1 3 3 4 3 1 3 3 4 3 4 2 3 4 1 2 3 2 2 3 3 4 3 3 4 4 4 4 3 2 4 3 3 3 3 5 5 4 3 3 4 2 3 3 2 4 5 4 4 2 3 3 5 4 4 3 4 2 1 2 4 2 2 3 3 2 3 3 3 4 4 3 3 2 0 3 1 3 3 2 4 2 3 3 3 1 1 2 4 3 4 5 4 2 2 3 3 4 2 5 3 3 1 2 4 2 2 3 4 5 2 3 3 2 3 4 4 2 5 3 4 2 1 2 3 3 3 2 2 
