NAME  : Jabali_60_4_0.85_1_1
TYPE : SVRP
MODEL : FINITE_SUPPORT
NUMBER_OF_SCENARIOS : 200
DIMENSION : 60
EDGE_WEIGHT_TYPE : MATRIX
CAPACITY : 93
N_VEHICLES : 4
NODE_COORD_SECTION
1 4658 4798
2 8619 3420
3 7943 4342
4 5427 2956
5 8735 3882
6 6065 1500
7 3696 5201
8 3849 4726
9 5252 4704
10 4995 7717
11 4368 3724
12 2178 6267
13 118 5244
14 7569 5948
15 6167 4847
16 2273 1035
17 6234 2766
18 3629 4684
19 6600 6508
20 4849 5709
21 4680 2659
22 6412 2487
23 7241 4934
24 1969 3935
25 306 5731
26 3094 3734
27 6009 6307
28 7333 4477
29 5347 7657
30 981 3913
31 2562 7253
32 4794 7526
33 3658 1893
34 5276 6946
35 3443 3259
36 2121 4812
37 3021 1992
38 7916 4939
39 6364 3292
40 27 5354
41 6667 2173
42 7147 6424
43 4816 4495
44 2701 1344
45 4010 978
46 6837 4095
47 6076 6947
48 2984 7739
49 7243 3567
50 6684 2588
51 4272 1093
52 6448 7150
53 3591 18
54 5504 3356
55 5292 1076
56 4848 1871
57 8240 3744
58 6502 6121
59 3167 924
60 1690 4085
DEMAND_SECTION
1 0.0
2 8.0
3 6.0
4 9.0
5 10.0
6 10.0
7 4.0
8 1.0
9 2.0
10 1.0
11 9.0
12 7.0
13 9.0
14 2.0
15 9.0
16 10.0
17 4.0
18 2.0
19 3.0
20 1.0
21 8.0
22 1.0
23 3.0
24 10.0
25 9.0
26 9.0
27 8.0
28 3.0
29 8.0
30 8.0
31 1.0
32 1.0
33 4.0
34 1.0
35 6.0
36 7.0
37 4.0
38 8.0
39 6.0
40 4.0
41 2.0
42 3.0
43 2.0
44 2.0
45 9.0
46 7.0
47 10.0
48 1.0
49 2.0
50 5.0
51 10.0
52 10.0
53 9.0
54 1.0
55 5.0
56 8.0
57 6.0
58 8.0
59 2.0
60 1.0
DEVIATION_SECTION
1 0.0
2 2.66667
3 2.0
4 3.0
5 3.33333
6 3.33333
7 1.33333
8 0.333333
9 0.666667
10 0.333333
11 3.0
12 2.33333
13 3.0
14 0.666667
15 3.0
16 3.33333
17 1.33333
18 0.666667
19 1.0
20 0.333333
21 2.66667
22 0.333333
23 1.0
24 3.33333
25 3.0
26 3.0
27 2.66667
28 1.0
29 2.66667
30 2.66667
31 0.333333
32 0.333333
33 1.33333
34 0.333333
35 2.0
36 2.33333
37 1.33333
38 2.66667
39 2.0
40 1.33333
41 0.666667
42 1.0
43 0.666667
44 0.666667
45 3.0
46 2.33333
47 3.33333
48 0.333333
49 0.666667
50 1.66667
51 3.33333
52 3.33333
53 3.0
54 0.333333
55 1.66667
56 2.66667
57 2.0
58 2.66667
59 0.666667
60 0.333333
DISTANCE_MATRIX
0.0 55.6022 45.7701 25.5813 56.1985 47.115 14.7648 11.4018 7.81025 41.1096 14.4187 40.8534 62.2896 43.2252 24.3718 62.4594 34.0588 13.6015 33.7921 13.4536 29.6182 38.0526 41.23 37.6962 63.7809 25.8617 27.2029 38.5614 41.0366 50.5668 46.0977 39.2046 43.3093 31.8904 30.4208 34.8281 49.0679 47.3991 29.8329 62.9682 43.0465 39.1058 4.12311 57.5924 51.9843 30.9047 34.9285 48.2597 37.3607 39.3192 50.4901 39.2173 65.9778 21.095 52.5896 40.7973 50.1636 29.8915 56.5974 40.7185 
55.6022 0.0 15.1327 42.9535 5.65685 44.1022 70.363 66.2906 48.7657 74.3303 58.7532 94.975 117.379 35.3553 39.4462 90.2497 33.2415 68.3799 48.0104 58.6115 53.3104 32.3883 28.1603 93.5853 118.622 76.7951 51.6236 22.4722 71.1126 105.504 96.4647 74.6726 69.2883 64.7765 69.2395 89.6252 77.0522 22.0227 30.4138 118.029 32.0 43.1856 52.658 83.5225 70.5762 25.6125 57.0351 95.7634 18.6011 29.2746 67.4759 56.0803 83.0542 42.19 56.0089 55.109 6.32456 45.2769 80.604 94.812 
45.7701 15.1327 0.0 37.1214 12.53 45.6946 58.8151 56.4585 38.9336 59.2115 53.5386 81.7817 106.423 21.1896 26.4018 85.5465 30.5941 58.5478 33.0151 45.4165 47.3814 31.6228 13.4164 82.2637 108.79 71.5805 36.4966 8.48528 56.0357 95.1671 82.5294 59.5399 64.4374 49.6488 64.0249 79.7931 72.3456 7.61577 25.02 107.204 33.541 28.6356 42.8259 78.6937 68.2642 14.8661 42.0 80.7465 13.6015 29.1548 65.3758 41.3038 81.8841 34.7131 56.3205 52.1536 9.0 30.1496 77.0065 85.3225 
25.5813 42.9535 37.1214 0.0 45.2217 21.587 38.0526 32.249 22.8254 64.5558 17.4642 63.7887 80.4114 48.8998 27.5161 48.4251 11.4018 33.541 52.4291 37.7044 10.4403 14.7648 34.1152 50.6076 81.4276 33.8173 48.0604 31.1448 63.8907 62.5267 71.0282 63.0635 27.3159 54.6724 26.2618 52.1095 35.0799 40.1995 12.6491 80.949 19.3132 57.5281 21.4715 41.5723 32.28 23.0868 56.3083 73.8042 25.0 17.2047 29.7321 59.4357 46.4866 5.0 25.4951 16.5529 38.8973 48.3138 40.05 54.2037 
56.1985 5.65685 12.53 45.2217 0.0 48.5077 70.5482 66.887 49.362 70.859 60.7558 93.8107 117.975 31.0161 38.4187 93.1719 36.3456 68.9762 44.2832 57.4455 55.6597 36.0139 25.9422 92.6922 119.218 78.7977 48.5077 20.8087 67.4759 105.596 94.8476 71.3863 72.0931 61.6117 71.2421 90.2215 79.857 18.2483 32.573 118.625 36.2215 39.0 53.2543 86.3481 74.1687 25.6125 53.3385 93.0647 20.2485 33.0 71.1126 52.0096 87.0057 43.8634 60.208 58.4209 6.32456 41.9762 83.863 95.7509 
47.115 44.1022 45.6946 21.587 48.5077 0.0 59.0762 53.0094 44.0114 85.7578 38.0132 84.1487 97.4064 62.016 44.5071 50.774 16.9706 54.0093 69.4202 59.1354 24.5153 14.4222 47.2314 65.0 95.8556 48.7647 65.0515 43.2666 84.8024 76.6909 92.2659 84.2655 32.6497 75.8744 41.2311 70.0928 40.4599 51.4782 24.0416 97.7394 12.3693 67.2075 43.0051 45.0 28.6356 36.2353 73.4348 95.2354 32.2025 16.5529 25.4951 76.4268 39.4588 26.2488 12.1655 17.2047 42.9535 65.3049 39.8246 68.5426 
14.7648 70.363 58.8151 38.0526 70.5482 59.0762 0.0 6.32456 22.2036 38.4708 21.095 26.2488 48.1041 51.0393 32.8369 56.4217 47.8799 6.40312 40.7922 16.2788 35.9026 51.8282 53.2443 28.0179 50.2195 20.0 33.3766 50.5757 39.9249 39.8121 33.2415 35.8469 46.2231 32.0156 24.5759 21.9317 43.223 59.4134 44.2719 48.8365 56.7765 46.8402 18.0278 51.7474 56.517 45.6654 39.0128 37.0 52.1214 53.3693 56.2179 44.0 69.4822 34.46 58.9406 46.8402 64.9243 37.6431 57.8997 30.2655 
11.4018 66.2906 56.4585 32.249 66.887 53.0094 6.32456 0.0 19.2094 43.2666 15.0 31.5753 51.0882 51.6655 32.8369 52.4701 42.9438 2.23607 42.0476 18.2483 29.6142 46.5693 51.9185 26.9258 52.4023 15.8725 35.0143 49.2498 44.2945 39.5601 39.4588 40.8044 42.0788 35.8469 20.4316 23.4307 39.0787 58.0875 39.7633 51.7397 51.2944 47.5461 13.6412 47.6031 52.3727 41.5931 41.5933 43.3244 48.0346 48.8102 49.594 46.3897 65.3379 33.2422 52.6308 40.5216 60.852 38.3318 53.7554 29.7321 
7.81025 48.7657 38.9336 22.8254 49.362 44.0114 22.2036 19.2094 0.0 41.755 21.9575 47.8539 70.0357 42.3038 23.4503 69.9982 29.2746 21.4009 33.0853 15.2971 31.6366 33.2415 34.3935 45.2774 71.5891 33.4005 26.3413 31.7249 41.0899 58.1807 51.788 40.2627 50.8481 31.8716 37.9596 42.638 56.6067 40.5626 24.0208 70.7248 38.2099 38.1843 7.07107 65.1312 59.5231 24.0682 34.0149 53.0094 30.5242 34.0147 51.976 38.3094 73.5166 17.8885 48.2499 38.9488 43.3271 28.97 64.1362 48.3361 
41.1096 74.3303 59.2115 64.5558 70.859 85.7578 38.4708 43.2666 41.755 0.0 53.4349 42.5793 70.6116 40.8044 42.0595 95.0142 69.8832 44.4185 26.6833 27.6586 68.6344 73.4564 47.0106 64.2884 75.8024 58.4166 23.0217 53.0094 4.24264 73.6817 33.541 3.0 82.0204 10.4403 62.9756 54.7449 81.6227 52.6118 63.2456 71.5891 78.1103 32.8938 44.8219 90.1472 91.0005 54.7449 17.72 27.8029 63.5121 73.3757 89.5063 20.5913 104.689 59.637 89.9242 79.8136 68.1836 29.0689 96.2995 65.5134 
14.4187 58.7532 53.5386 17.4642 60.7558 38.0132 21.095 15.0 21.9575 53.4349 0.0 46.3897 63.2944 57.0683 41.8339 50.0799 28.3414 16.1245 47.8499 26.107 15.2315 31.9669 48.9986 35.8222 63.6324 23.9348 41.1059 46.2537 53.7122 48.7742 54.3323 51.3322 28.9707 44.7049 25.1756 34.9925 36.7346 55.1676 28.3414 63.832 36.6879 52.9489 16.1266 43.2271 37.6457 38.6732 48.7795 57.7235 40.5096 34.1689 36.1515 53.074 51.6392 18.6398 38.2753 26.4008 54.4378 43.7346 42.2588 38.9499 
40.8534 94.975 81.7817 63.7887 93.8107 84.1487 26.2488 31.5753 47.8539 42.5793 46.3897 0.0 28.1603 70.9366 55.8034 68.5055 74.1111 30.2655 58.2495 36.8782 60.0 78.1394 76.2109 31.241 33.2415 37.855 50.8035 73.5422 46.0977 35.3553 14.4222 39.6232 65.0533 42.5441 44.2832 20.0 57.0088 78.4952 70.5195 29.1204 82.8645 65.215 44.2719 64.8845 75.3472 71.7025 52.7731 22.3607 78.1585 79.6005 75.1865 57.6975 85.0882 64.8123 82.2982 70.1783 88.7315 56.8507 71.5891 30.4138 
62.2896 117.379 106.423 80.4114 117.975 97.4064 48.1041 51.0882 70.0357 70.6116 63.2944 28.1603 0.0 97.3524 80.4446 65.9242 91.4531 49.0408 85.4751 62.426 73.1817 95.0969 100.852 32.7567 7.2111 48.8467 77.8974 98.1834 74.2159 25.318 39.0 67.6831 67.897 70.5762 56.4624 28.3019 61.2944 107.021 91.4804 1.0 99.7246 92.2822 64.7292 65.123 80.2247 92.6811 80.6226 47.0425 99.1226 97.2598 81.4985 85.6154 86.2844 81.7788 92.2781 81.0432 111.94 83.5284 73.0616 29.4279 
43.2252 35.3553 21.1896 48.8998 31.0161 62.016 51.0393 51.6655 42.3038 40.8044 57.0683 70.9366 97.3524 0.0 34.4165 105.109 45.3137 53.7822 14.3178 35.069 58.7349 47.634 15.2643 78.4504 100.423 67.3391 20.6155 19.105 37.108 90.7257 68.4105 41.7852 75.9256 32.6497 73.0704 72.9048 91.7175 13.6015 38.5041 98.1883 50.9313 8.06226 46.0564 90.1819 81.0308 26.0007 23.0868 65.5134 31.241 46.0109 78.339 21.095 95.0803 45.6155 71.1526 65.0002 29.8329 14.1421 88.8797 81.0282 
24.3718 39.4462 26.4018 27.5161 38.4187 44.5071 32.8369 32.8369 23.4503 42.0595 41.8339 55.8034 80.4446 34.4165 0.0 75.3678 27.8292 34.979 25.198 19.6469 37.0679 31.4024 20.831 59.6992 82.9412 48.4857 20.8087 18.1623 40.3113 72.125 57.5674 41.2311 54.2586 31.6228 52.3202 54.7476 62.0225 27.0 21.1896 81.2254 36.0555 30.2971 27.2029 68.5149 59.788 14.5602 29.2062 57.7062 23.5372 31.3209 57.2459 32.2047 74.0024 23.7463 51.7047 44.0157 33.2866 21.0828 67.2172 62.3662 
62.4594 90.2497 85.5465 48.4251 93.1719 50.774 56.4217 52.4701 69.9982 95.0142 50.0799 68.5055 65.9242 105.109 75.3678 0.0 57.0088 50.7324 95.6758 70.7138 38.3785 58.1893 82.2502 37.5899 61.2046 37.4795 89.1465 79.3619 96.302 40.6079 82.0061 92.4287 22.0907 88.0656 42.6861 48.5489 17.4642 88.3965 60.8276 65.7647 60.0083 100.99 64.1672 7.0 22.6716 71.3452 94.0567 88.6172 73.1642 61.3514 25.6125 101.056 21.3776 52.1737 39.8246 35.4683 86.885 91.7753 11.3137 39.3954 
34.0588 33.2415 30.5941 11.4018 36.3456 16.9706 47.8799 42.9438 29.2746 69.8832 28.3414 74.1111 91.4531 45.3137 27.8292 57.0088 0.0 44.3105 52.7422 44.5533 20.8087 4.0 30.5291 61.5546 91.7911 44.7643 48.3735 26.8328 68.1245 73.4737 80.1561 69.0112 36.0739 59.4489 37.2088 63.1511 43.8378 35.4683 7.07107 91.9906 9.0 50.5052 30.1496 50.2892 38.0 19.4165 56.7569 82.0549 17.1172 5.83095 35.0143 59.7489 51.3517 13.6015 26.0 22.0907 30.1496 48.627 47.5184 65.1508 
13.6015 68.3799 58.5478 33.541 68.9762 54.0093 6.40312 2.23607 21.4009 44.4185 16.1245 30.2655 49.0408 53.7822 34.979 50.7324 44.3105 0.0 44.1022 20.0998 30.2655 47.936 54.0077 24.7386 50.2494 14.1348 37.0 51.339 45.618 37.3363 38.833 41.8808 40.3411 37.3363 18.6939 21.2603 37.341 60.1768 41.8526 49.679 52.6611 49.6627 15.7304 45.8654 50.635 43.6824 43.4166 43.0813 50.1239 50.1381 50.3359 48.2597 63.6002 34.6089 53.1507 41.0 62.9412 40.4484 52.0177 27.5136 
33.7921 48.0104 33.0151 52.4291 44.2832 69.4202 40.7922 42.0476 33.0853 26.6833 47.8499 58.2495 85.4751 14.3178 25.198 95.6758 52.7422 44.1022 0.0 24.5153 63.0494 56.2632 22.1359 68.593 89.0505 57.8202 7.61577 27.8927 23.1948 80.604 54.5619 27.5136 76.7405 18.3576 63.6373 62.3618 82.2843 26.0768 45.9751 86.3539 58.2706 7.07107 36.6232 91.0235 85.4155 33.2419 9.05539 51.3128 39.5601 53.3126 83.9212 8.94427 99.409 48.6593 76.6177 72.0078 42.0119 5.0 90.0286 71.0211 
13.4536 58.6115 45.4165 37.7044 57.4455 59.1354 16.2788 18.2483 15.2971 27.6586 26.107 36.8782 62.426 35.069 19.6469 70.7138 44.5533 20.0998 24.5153 0.0 41.3065 48.5077 39.8457 44.1814 65.3682 34.1161 17.1172 37.177 27.6586 56.0892 37.9473 25.807 54.9976 18.6011 38.6752 37.9473 57.3223 42.4853 39.0512 63.2456 53.4603 30.6757 17.2047 65.8468 63.6726 34.2053 23.3452 38.2099 43.1741 49.163 62.1784 28.1603 77.6661 32.8938 63.1269 52.4856 52.3723 21.5407 67.6625 46.5296 
29.6182 53.3104 47.3814 10.4403 55.6597 24.5153 35.9026 29.6142 31.6366 68.6344 15.2315 60.0 73.1817 58.7349 37.0679 38.3785 20.8087 30.2655 63.0494 41.3065 0.0 23.3452 43.9503 41.1825 72.0069 24.397 56.3053 41.062 68.9117 53.0716 69.0507 66.5317 17.2694 59.9044 16.8415 45.7032 25.0333 50.0966 23.0868 73.5391 27.0185 68.1484 31.326 31.5257 24.1868 33.0151 63.979 72.8011 35.4401 26.2488 22.2036 68.2734 38.4708 13.8738 23.0868 11.1803 49.3356 58.9341 30.4138 44.7772 
38.0526 32.3883 31.6228 14.7648 36.0139 14.4222 51.8282 46.5693 33.2415 73.4564 31.9669 78.1394 95.0969 47.634 31.4024 58.1893 4.0 47.936 56.2632 48.5077 23.3452 0.0 32.8495 64.3013 95.1214 47.5111 51.8845 28.8444 71.6977 76.2205 84.1487 72.5844 37.5773 63.0221 39.9555 66.795 45.3412 37.1214 10.2956 95.6345 5.0 52.8255 34.1321 51.6236 38.2099 21.9317 60.2778 86.0523 18.0278 3.16228 35.1283 63.2698 51.0392 17.4642 24.7386 22.8035 30.0167 52.1479 48.2701 67.8975 
41.23 28.1603 13.4164 34.1152 25.9422 47.2314 53.2443 51.9185 34.3935 47.0106 48.9986 76.2109 100.852 15.2643 20.831 82.2502 30.5291 54.0077 22.1359 39.8457 43.9503 32.8495 0.0 77.7237 104.25 67.0404 24.0 6.0 44.1814 90.627 77.6989 47.0425 61.141 37.054 59.4849 75.253 68.9049 10.2956 23.7195 101.633 36.2448 20.0 38.2858 75.3973 66.2462 11.2161 30.5941 67.7019 17.4642 31.2868 63.5544 31.0161 80.2957 30.831 56.3681 50.2156 21.8403 18.2483 74.0951 80.7825 
37.6962 93.5853 82.2637 50.6076 92.6922 65.0 28.0179 26.9258 45.2774 64.2884 35.8222 31.241 32.7567 78.4504 59.6992 37.5899 61.5546 24.7386 68.593 44.1814 41.1825 64.3013 77.7237 0.0 30.8707 17.6918 61.2944 74.9788 66.4906 13.0384 45.2548 61.4003 35.2278 59.4138 25.0 11.3137 29.0172 83.8927 63.1735 32.9848 68.1158 74.3309 39.4464 34.7851 48.0104 67.3983 67.0 52.4976 75.3417 67.1289 49.0408 72.0069 55.7853 53.4719 59.634 48.4103 85.9605 65.1153 42.2019 3.60555 
63.7809 118.622 108.79 81.4276 119.218 95.8556 50.2195 52.4023 71.5891 75.8024 63.6324 33.2415 7.2111 100.423 82.9412 61.2046 91.7911 50.2494 89.0505 65.3682 72.0069 95.1214 104.25 30.8707 0.0 48.0208 81.4371 101.581 79.2465 21.095 45.1774 72.8354 65.2534 75.0 55.5698 29.0 58.2495 110.419 91.8184 6.40312 98.9358 95.7079 65.9725 61.0328 76.9415 93.9244 84.7585 53.3385 100.366 97.5978 78.4474 89.8109 82.0061 82.1168 89.9185 79.2591 113.183 86.7698 69.0652 27.313 
25.8617 76.7951 71.5805 33.8173 78.7977 48.7647 20.0 15.8725 33.4005 58.4166 23.9348 37.855 48.8467 67.3391 48.4857 37.4795 44.7643 14.1348 57.8202 34.1161 24.397 47.5111 67.0404 17.6918 48.0208 0.0 50.8567 64.2956 59.7044 30.4795 49.2443 55.8311 27.2361 51.468 7.61577 21.3776 24.088 73.2095 46.3832 49.2443 51.3255 63.2197 27.5696 32.6125 37.53 56.7151 57.459 54.7083 58.5514 50.3387 37.3631 62.2621 52.1885 36.6817 45.0111 33.1361 72.4797 54.0054 38.7648 21.2603 
27.2029 51.6236 36.4966 48.0604 48.5077 65.0515 33.3766 35.0143 26.3413 23.0217 41.1059 50.8035 77.8974 20.6155 20.8087 89.1465 48.3735 37.0 7.61577 17.1172 56.3053 51.8845 24.0 61.2944 81.4371 50.8567 0.0 30.0 20.3961 73.1642 47.8017 23.0868 69.9964 13.1529 57.1035 54.8179 75.755 30.3645 41.5933 78.7718 56.3977 14.4222 30.0939 84.2795 78.6715 32.3074 8.48528 45.1774 41.0588 51.5256 77.1772 12.083 92.6649 44.2233 72.249 65.2638 45.3982 6.7082 83.2845 63.6396 
38.5614 22.4722 8.48528 31.1448 20.8087 43.2666 50.5757 49.2498 31.7249 53.0094 46.2537 73.5422 98.1834 19.105 18.1623 79.3619 26.8328 51.339 27.8927 37.177 41.062 28.8444 6.0 74.9788 101.581 64.2956 30.0 0.0 50.1597 87.8822 75.0302 53.0377 58.2527 43.0465 56.74 72.5844 66.0167 9.05539 20.2485 98.9642 31.8904 25.0599 35.6172 72.5091 63.1506 8.06226 36.4966 74.4715 12.2066 27.0185 60.4152 36.6879 77.1298 28.0179 52.8015 47.0744 16.1555 24.1868 71.1758 78.0376 
41.0366 71.1126 56.0357 63.8907 67.4759 84.8024 39.9249 44.2945 41.0899 4.24264 53.7122 46.0977 74.2159 37.108 40.3113 96.302 68.1245 45.618 23.1948 27.6586 68.9117 71.6977 44.1814 66.4906 79.2465 59.7044 20.3961 50.1597 0.0 76.3217 37.5899 6.7082 81.9292 9.21954 64.2634 57.3149 82.9105 49.2544 61.4654 75.1864 76.3217 29.1204 44.5533 91.435 91.2778 52.4379 14.1421 32.0156 61.2022 71.5122 89.7836 16.5529 105.271 58.9718 89.3134 79.6519 65.0308 26.0192 97.5873 67.897 
50.5668 105.504 95.1671 62.5267 105.596 76.6909 39.8121 39.5601 58.1807 73.6817 48.7742 35.3553 25.318 90.7257 72.125 40.6079 73.4737 37.3363 80.604 56.0892 53.0716 76.2205 90.627 13.0384 21.095 30.4795 73.1642 87.8822 76.3217 0.0 49.7393 70.7107 44.5982 70.0 37.4833 19.0263 37.3631 96.7961 75.0926 25.1794 80.0184 86.5852 52.3498 40.0 55.9017 80.3017 78.3135 57.7062 87.2608 79.048 57.4891 83.3847 61.0737 65.391 69.2892 60.2724 98.8638 77.3692 48.0104 9.84886 
46.0977 96.4647 82.5294 71.0282 94.8476 92.2659 33.2415 39.4588 51.788 33.541 54.3323 14.4222 39.0 68.4105 57.5674 82.0061 80.1561 38.833 54.5619 37.9473 69.0507 84.1487 77.6989 45.2548 45.1774 49.2443 47.8017 75.0302 37.5899 49.7393 0.0 30.8869 76.3306 36.7967 54.7486 33.9411 69.5666 77.0822 75.6637 40.0 89.1403 61.6198 50.04 77.9359 86.6245 72.1262 47.4236 8.24621 81.0738 85.3756 86.3771 51.8556 97.6671 67.0075 91.9837 79.8311 90.2255 54.4059 84.2433 44.6878 
39.2046 74.6726 59.5399 63.0635 71.3863 84.2655 35.8469 40.8044 40.2627 3.0 51.3322 39.6232 67.6831 41.7852 41.2311 92.4287 69.0112 41.8808 27.5136 25.807 66.5317 72.5844 47.0425 61.4003 72.8354 55.8311 23.0868 53.0377 6.7082 70.7107 30.8869 0.0 80.055 10.0 60.3901 51.788 79.0372 53.1507 62.3735 68.6586 77.2383 34.0147 43.0116 87.5617 88.73 54.3323 18.7883 25.4951 63.1981 72.5328 87.4035 22.2036 102.724 58.1447 88.4863 77.7108 68.469 29.4279 93.714 62.5859 
43.3093 69.2883 64.4374 27.3159 72.0931 32.6497 46.2231 42.0788 50.8481 82.0204 28.9707 65.0533 67.897 75.9256 54.2586 22.0907 36.0739 40.3411 76.7405 54.9976 17.2694 37.5773 61.141 35.2278 65.2534 27.2361 69.9964 58.2527 81.9292 44.5982 76.3306 80.055 0.0 73.5955 21.9592 43.2359 7.81025 67.2873 39.7194 68.0661 39.972 81.8395 45.0171 15.1327 13.9284 50.2361 77.6701 81.3941 52.0557 40.7198 14.1421 81.9645 26.1725 31.0645 24.6982 15.6897 65.7971 72.6252 15.2315 38.4708 
31.8904 64.7765 49.6488 54.6724 61.6117 75.8744 32.0156 35.8469 31.8716 10.4403 44.7049 42.5441 70.5762 32.6497 31.6228 88.0656 59.4489 37.3363 18.3576 18.6011 59.9044 63.0221 37.054 59.4138 75.0 51.468 13.1529 43.0465 9.21954 70.0 36.7967 10.0 73.5955 0.0 56.0271 51.0098 74.6742 43.4166 52.811 71.5122 67.6759 25.2389 35.3553 83.1986 82.2705 44.4072 10.6301 33.0151 53.2353 62.9365 80.7763 15.2643 96.264 49.7536 80.0952 70.5112 58.5491 19.6469 86.0388 61.131 
30.4208 69.2395 64.0249 26.2618 71.2421 41.2311 24.5759 20.4316 37.9596 62.9756 25.1756 44.2832 56.4624 73.0704 52.3202 42.6861 37.2088 18.6939 63.6373 38.6752 16.8415 39.9555 59.4849 25.0 55.5698 7.61577 57.1035 56.74 64.2634 37.4833 54.7486 60.3901 21.9592 56.0271 0.0 28.8617 29.2946 65.6539 38.8277 56.8595 43.77 68.951 32.1287 37.8191 32.249 48.2977 62.0181 59.7824 50.9959 42.7831 31.7805 69.0177 45.2182 29.1261 38.0526 26.0 64.9241 59.7367 35.2473 28.6007 
34.8281 89.6252 79.7931 52.1095 90.2215 70.0928 21.9317 23.4307 42.638 54.7449 34.9925 20.0 28.3019 72.9048 54.7476 48.5489 63.1511 21.2603 62.3618 37.9473 45.7032 66.795 75.253 11.3137 29.0 21.3776 54.8179 72.5844 57.3149 19.0263 33.9411 51.788 43.2359 51.0098 28.8617 0.0 38.0789 81.4221 63.1784 28.8444 71.4227 68.6222 36.9758 45.1885 56.7186 64.9277 59.5399 41.2311 71.3692 69.006 57.338 64.6297 65.7875 53.4769 66.1891 54.4518 84.1866 59.4643 52.2015 11.1803 
49.0679 77.0522 72.3456 35.0799 79.857 40.4599 43.223 39.0787 56.6067 81.6227 36.7346 57.0088 61.2944 91.7175 62.0225 17.4642 43.8378 37.341 82.2843 57.3223 25.0333 45.3412 68.9049 29.0172 58.2495 24.088 75.755 66.0167 82.9105 37.3631 69.5666 79.0372 7.81025 74.6742 29.2946 38.0789 0.0 75.074 47.4833 61.4003 47.7359 87.5981 50.7757 10.7703 19.0 58.0 83.2201 75.6883 59.8197 48.4838 20.2237 87.7231 28.178 38.8284 32.2025 23.4536 73.561 78.3838 15.0 32.0156 
47.3991 22.0227 7.61577 40.1995 18.2483 51.4782 59.4134 58.0875 40.5626 52.6118 55.1676 78.4952 107.021 13.6015 27.0 88.3965 35.4683 60.1768 26.0768 42.4853 50.0966 37.1214 10.2956 83.8927 110.419 73.2095 30.3645 9.05539 49.2544 96.7961 77.0822 53.1507 67.2873 43.4166 65.6539 81.4221 75.074 0.0 29.1204 107.802 39.6611 21.2132 44.4549 81.5437 72.1803 17.1172 35.1283 75.2396 19.4165 34.9857 69.4262 34.0588 86.122 37.0 61.4654 56.0892 16.2788 23.7697 80.2247 86.9515 
29.8329 30.4138 25.02 12.6491 32.573 24.0416 44.2719 39.7633 24.0208 63.2456 28.3414 70.5195 91.4804 38.5041 21.1896 60.8276 7.07107 41.8526 45.9751 39.0512 23.0868 10.2956 23.7195 63.1735 91.8184 46.3832 41.5933 20.2485 61.4654 75.0926 75.6637 62.3735 39.7194 52.811 38.8277 63.1784 47.4833 29.1204 0.0 92.0179 14.8661 43.6955 26.2488 53.9351 43.2897 12.53 49.9898 77.026 12.3693 10.198 40.4475 52.9817 57.0701 12.0416 32.6497 27.1662 26.2488 41.8599 52.0384 66.7696 
62.9682 118.029 107.204 80.949 118.625 97.7394 48.8365 51.7397 70.7248 71.5891 63.832 29.1204 1.0 98.1883 81.2254 65.7647 91.9906 49.679 86.3539 63.2456 73.5391 95.6345 101.633 32.9848 6.40312 49.2443 78.7718 98.9642 75.1864 25.1794 40.0 68.6586 68.0661 71.5122 56.8595 28.8444 61.4003 107.802 92.0179 0.0 100.262 93.1504 65.3793 65.0692 80.3057 93.3312 81.5414 48.0416 99.7727 97.7974 81.6149 86.539 86.209 82.3164 92.5457 81.3204 112.59 84.3801 73.0274 29.6142 
43.0465 32.0 33.541 19.3132 36.2215 12.3693 56.7765 51.2944 38.2099 78.1103 36.6879 82.8645 99.7246 50.9313 36.0555 60.0083 9.0 52.6611 58.2706 53.4603 27.0185 5.0 36.2448 68.1158 98.9358 51.3255 56.3977 31.8904 76.3217 80.0184 89.1403 77.2383 39.972 67.6759 43.77 71.4227 47.7359 39.6611 14.8661 100.262 0.0 56.2208 39.1152 53.6656 39.0512 25.6125 64.7795 91.0494 20.2485 5.0 35.9026 67.7714 51.0882 22.3607 24.0208 24.5967 30.5941 56.6496 49.6488 71.7119 
39.1058 43.1856 28.6356 57.5281 39.0 67.2075 46.8402 47.5461 38.1843 32.8938 52.9489 65.215 92.2822 8.06226 30.2971 100.99 50.5052 49.6627 7.07107 30.6757 68.1484 52.8255 20.0 74.3309 95.7079 63.2197 14.4222 25.0599 29.1204 86.5852 61.6198 34.0147 81.8395 25.2389 68.951 68.6222 87.5981 21.2132 43.6955 93.1504 56.2208 0.0 41.9369 96.1226 90.5145 31.1921 15.2315 58.2495 37.2156 51.2628 89.0202 13.0384 104.508 53.7583 76.3441 77.1068 37.4833 9.21954 95.1276 76.9025 
4.12311 52.658 42.8259 21.4715 53.2543 43.0051 18.0278 13.6412 7.07107 44.8219 16.1266 44.2719 64.7292 46.0564 27.2029 64.1672 30.1496 15.7304 36.6232 17.2047 31.326 34.1321 38.2858 39.4464 65.9725 27.5696 30.0939 35.6172 44.5533 52.3498 50.04 43.0116 45.0171 35.3553 32.1287 36.9758 50.7757 44.4549 26.2488 65.3793 39.1152 41.9369 0.0 59.3002 53.6922 27.9605 37.7676 52.345 34.4093 35.5106 52.1979 42.062 67.6857 17.0294 54.2974 42.5052 47.2194 32.7226 58.3052 42.5052 
57.5924 83.5225 78.6937 41.5723 86.3481 45.0 51.7474 47.6031 65.1312 90.1472 43.2271 64.8845 65.123 90.1819 68.5149 7.0 50.2892 45.8654 91.0235 65.8468 31.5257 51.6236 75.3973 34.7851 61.0328 32.6125 84.2795 72.5091 91.435 40.0 77.9359 87.5617 15.1327 83.1986 37.8191 45.1885 10.7703 81.5437 53.9351 65.0692 53.6656 96.1226 59.3002 0.0 18.0278 64.4924 91.7446 84.2021 66.2873 54.7814 20.6155 96.2476 21.2132 45.3208 34.6554 29.0689 80.05 86.9083 8.06226 37.108 
51.9843 70.5762 68.2642 32.28 74.1687 28.6356 56.517 52.3727 59.5231 91.0005 37.6457 75.3472 80.2247 81.0308 59.788 22.6716 38.0 50.635 85.4155 63.6726 24.1868 38.2099 66.2462 48.0104 76.9415 37.53 78.6715 63.1506 91.2778 55.9017 86.6245 88.73 13.9284 82.2705 32.249 56.7186 19.0 72.1803 43.2897 80.3057 39.0512 90.5145 53.6922 18.0278 0.0 55.109 86.3451 91.7235 55.0364 41.3038 3.16228 90.6395 14.3178 36.6663 17.2047 16.1245 68.0661 81.3002 11.4018 51.0098 
30.9047 25.6125 14.8661 23.0868 25.6125 36.2353 45.6654 41.5931 24.0682 54.7449 38.6732 71.7025 92.6811 26.0007 14.5602 71.3452 19.4165 43.6824 33.2419 34.2053 33.0151 21.9317 11.2161 67.3983 93.9244 56.7151 32.3074 8.06226 52.4379 80.3017 72.1262 54.3323 50.2361 44.4072 48.2977 64.9277 58.0 17.1172 12.53 93.3312 25.6125 31.1921 27.9605 64.4924 55.109 0.0 40.6891 72.1803 9.05539 20.6155 52.3927 42.1547 69.1231 20.0998 45.1774 39.0512 19.799 29.1549 63.1269 70.4571 
34.9285 57.0351 42.0 56.3083 53.3385 73.4348 39.0128 41.5933 34.0149 17.72 48.7795 52.7731 80.6226 23.0868 29.2062 94.0567 56.7569 43.4166 9.05539 23.3452 63.979 60.2778 30.5941 67.0 84.7585 57.459 8.48528 36.4966 14.1421 78.3135 47.4236 18.7883 77.6701 10.6301 62.0181 59.5399 83.2201 35.1283 49.9898 81.5414 64.7795 15.2315 37.7676 91.7446 86.3451 40.6891 0.0 43.4166 47.8433 59.9073 84.8509 5.09902 100.339 51.8969 80.4969 72.9375 51.0 12.3693 90.9582 69.0652 
48.2597 95.7634 80.7465 73.8042 93.0647 95.2354 37.0 43.3244 53.0094 27.8029 57.7235 22.3607 47.0425 65.5134 57.7062 88.6172 82.0549 43.0813 51.3128 38.2099 72.8011 86.0523 67.7019 52.4976 53.3385 54.7083 45.1774 74.4715 32.0156 57.7062 8.24621 25.4951 81.3941 33.0151 59.7824 41.2311 75.6883 75.2396 77.026 48.0416 91.0494 58.2495 52.345 84.2021 91.7235 72.1803 43.4166 0.0 81.2158 87.0 91.4244 47.4236 103.789 69.3542 95.8801 83.8153 89.4665 51.8845 90.3651 52.2015 
37.3607 18.6011 13.6015 25.0 20.2485 32.2025 52.1214 48.0346 30.5242 63.5121 40.5096 78.1585 99.1226 31.241 23.5372 73.1642 17.1172 50.1239 39.5601 43.1741 35.4401 18.0278 17.4642 75.3417 100.366 58.5514 41.0588 12.2066 61.2022 87.2608 81.0738 63.1981 52.0557 53.2353 50.9959 71.3692 59.8197 19.4165 12.3693 99.7727 20.2485 37.2156 34.4093 66.2873 55.0364 9.05539 47.8433 81.2158 0.0 15.6525 52.0865 48.4665 68.469 23.7065 42.72 39.0 13.9284 35.4744 64.195 78.9379 
39.3192 29.2746 29.1548 17.2047 33.0 16.5529 53.3693 48.8102 34.0147 73.3757 34.1689 79.6005 97.2598 46.0109 31.3209 61.3514 5.83095 50.1381 53.3126 49.163 26.2488 3.16228 31.2868 67.1289 97.5978 50.3387 51.5256 27.0185 71.5122 79.048 85.3756 72.5328 40.7198 62.9365 42.7831 69.006 48.4838 34.9857 10.198 97.7974 5.0 51.2628 35.5106 54.7814 41.3038 20.6155 59.9073 87.0 15.6525 0.0 38.2099 62.8993 54.0093 19.3132 27.4591 25.9615 27.074 51.7774 51.4198 70.7251 
50.4901 67.4759 65.3758 29.7321 71.1126 25.4951 56.2179 49.594 51.976 89.5063 36.1515 75.1865 81.4985 78.339 57.2459 25.6125 35.0143 50.3359 83.9212 62.1784 22.2036 35.1283 63.5544 49.0408 78.4474 37.3631 77.1772 60.4152 89.7836 57.4891 86.3771 87.4035 14.1421 80.7763 31.7805 57.338 20.2237 69.4262 40.4475 81.6149 35.9026 89.0202 52.1979 20.6155 3.16228 52.3927 84.8509 91.4244 52.0865 38.2099 0.0 89.1453 16.7631 34.2131 14.2127 13.3417 65.0308 79.806 14.4222 52.1536 
39.2173 56.0803 41.3038 59.4357 52.0096 76.4268 44.0 46.3897 38.3094 20.5913 53.074 57.6975 85.6154 21.095 32.2047 101.056 59.7489 48.2597 8.94427 28.1603 68.2734 63.2698 31.0161 72.0069 89.8109 62.2621 12.083 36.6879 16.5529 83.3847 51.8556 22.2036 81.9645 15.2643 69.0177 64.6297 87.7231 34.0588 52.9817 86.539 67.7714 13.0384 42.062 96.2476 90.6395 42.1547 5.09902 47.4236 48.4665 62.8993 89.1453 0.0 104.633 55.6659 83.6243 79.0144 50.2494 13.6015 95.2526 74.108 
65.9778 83.0542 81.8841 46.4866 87.0057 39.4588 69.4822 65.3379 73.5166 104.689 51.6392 85.0882 86.2844 95.0803 74.0024 21.3776 51.3517 63.6002 99.409 77.6661 38.4708 51.0392 80.2957 55.7853 82.0061 52.1885 92.6649 77.1298 105.271 61.0737 97.6671 102.724 26.1725 96.264 45.2182 65.7875 28.178 86.122 57.0701 86.209 51.0882 104.508 67.6857 21.2132 14.3178 69.1231 100.339 103.789 68.469 54.0093 16.7631 104.633 0.0 50.9325 27.2947 30.0832 81.0555 95.2937 13.6015 58.2495 
21.095 42.19 34.7131 5.0 43.8634 26.2488 34.46 33.2422 17.8885 59.637 18.6398 64.8123 81.7788 45.6155 23.7463 52.1737 13.6015 34.6089 48.6593 32.8938 13.8738 17.4642 30.831 53.4719 82.1168 36.6817 44.2233 28.0179 58.9718 65.391 67.0075 58.1447 31.0645 49.7536 29.1261 53.4769 38.8284 37.0 12.0416 82.3164 22.3607 53.7583 17.0294 45.3208 36.6663 20.0998 51.8969 69.3542 23.7065 19.3132 34.2131 55.6659 50.9325 0.0 30.4795 21.186 37.5766 44.544 44.0231 57.0681 
52.5896 56.0089 56.3205 25.4951 60.208 12.1655 58.9406 52.6308 48.2499 89.9242 38.2753 82.2982 92.2781 71.1526 51.7047 39.8246 26.0 53.1507 76.6177 63.1269 23.0868 24.7386 56.3681 59.634 89.9185 45.0111 72.249 52.8015 89.3134 69.2892 91.9837 88.4863 24.6982 80.0952 38.0526 66.1891 32.2025 61.4654 32.6497 92.5457 24.0208 76.3441 54.2974 34.6554 17.2047 45.1774 80.4969 95.8801 42.72 27.4591 14.2127 83.6243 27.2947 30.4795 0.0 12.1655 54.4518 72.5025 28.6007 63.0801 
40.7973 55.109 52.1536 16.5529 58.4209 17.2047 46.8402 40.5216 38.9488 79.8136 26.4008 70.1783 81.0432 65.0002 44.0157 35.4683 22.0907 41.0 72.0078 52.4856 11.1803 22.8035 50.2156 48.4103 79.2591 33.1361 65.2638 47.0744 79.6519 60.2724 79.8311 77.7108 15.6897 70.5112 26.0 54.4518 23.4536 56.0892 27.1662 81.3204 24.5967 77.1068 42.5052 29.0689 16.1245 39.0512 72.9375 83.8153 39.0 25.9615 13.3417 79.0144 30.0832 21.186 12.1655 0.0 52.2398 67.8925 25.4951 51.9461 
50.1636 6.32456 9.0 38.8973 6.32456 42.9535 64.9243 60.852 43.3271 68.1836 54.4378 88.7315 111.94 29.8329 33.2866 86.885 30.1496 62.9412 42.0119 52.3723 49.3356 30.0167 21.8403 85.9605 113.183 72.4797 45.3982 16.1555 65.0308 98.8638 90.2255 68.469 65.7971 58.5491 64.9241 84.1866 73.561 16.2788 26.2488 112.59 30.5941 37.4833 47.2194 80.05 68.0661 19.799 51.0 89.4665 13.9284 27.074 65.0308 50.2494 81.0555 37.5766 54.4518 52.2398 0.0 39.1152 77.6466 89.0193 
29.8915 45.2769 30.1496 48.3138 41.9762 65.3049 37.6431 38.3318 28.97 29.0689 43.7346 56.8507 83.5284 14.1421 21.0828 91.7753 48.627 40.4484 5.0 21.5407 58.9341 52.1479 18.2483 65.1153 86.7698 54.0054 6.7082 24.1868 26.0192 77.3692 54.4059 29.4279 72.6252 19.6469 59.7367 59.4643 78.3838 23.7697 41.8599 84.3801 56.6496 9.21954 32.7226 86.9083 81.3002 29.1549 12.3693 51.8845 35.4744 51.7774 79.806 13.6015 95.2937 44.544 72.5025 67.8925 39.1152 0.0 85.9133 67.6831 
56.5974 80.604 77.0065 40.05 83.863 39.8246 57.8997 53.7554 64.1362 96.2995 42.2588 71.5891 73.0616 88.8797 67.2172 11.3137 47.5184 52.0177 90.0286 67.6625 30.4138 48.2701 74.0951 42.2019 69.0652 38.7648 83.2845 71.1758 97.5873 48.0104 84.2433 93.714 15.2315 86.0388 35.2473 52.2015 15.0 80.2247 52.0384 73.0274 49.6488 95.1276 58.3052 8.06226 11.4018 63.1269 90.9582 90.3651 64.195 51.4198 14.4222 95.2526 13.6015 44.0231 28.6007 25.4951 77.6466 85.9133 0.0 44.7214 
40.7185 94.812 85.3225 54.2037 95.7509 68.5426 30.2655 29.7321 48.3361 65.5134 38.9499 30.4138 29.4279 81.0282 62.3662 39.3954 65.1508 27.5136 71.0211 46.5296 44.7772 67.8975 80.7825 3.60555 27.313 21.2603 63.6396 78.0376 67.897 9.84886 44.6878 62.5859 38.4708 61.131 28.6007 11.1803 32.0156 86.9515 66.7696 29.6142 71.7119 76.9025 42.5052 37.108 51.0098 70.4571 69.0652 52.2015 78.9379 70.7251 52.1536 74.108 58.2495 57.0681 63.0801 51.9461 89.0193 67.6831 44.7214 0.0 
DEMAND_SCENARIO_SECTION
0 0 0 0 0 0 0 0 0 0 0 0 0 0 0 0 0 0 0 0 0 0 0 0 0 0 0 0 0 0 0 0 0 0 0 0 0 0 0 0 0 0 0 0 0 0 0 0 0 0 0 0 0 0 0 0 0 0 0 0 0 0 0 0 0 0 0 0 0 0 0 0 0 0 0 0 0 0 0 0 0 0 0 0 0 0 0 0 0 0 0 0 0 0 0 0 0 0 0 0 0 0 0 0 0 0 0 0 0 0 0 0 0 0 0 0 0 0 0 0 0 0 0 0 0 0 0 0 0 0 0 0 0 0 0 0 0 0 0 0 0 0 0 0 0 0 0 0 0 0 0 0 0 0 0 0 0 0 0 0 0 0 0 0 0 0 0 0 0 0 0 0 0 0 0 0 0 0 0 0 0 0 0 0 0 0 0 0 0 0 0 0 0 0 0 0 0 0 0 0 
5 5 9 9 1 3 6 6 4 7 7 8 11 3 2 4 5 8 4 12 5 4 11 6 8 11 7 8 7 9 3 10 11 9 6 4 8 12 9 8 5 13 6 7 7 6 10 4 3 8 3 7 6 10 9 9 8 12 6 10 7 11 14 13 8 11 10 5 10 7 13 8 11 5 8 4 7 8 7 7 9 7 7 5 8 2 9 12 4 6 7 6 12 10 7 13 7 9 10 10 7 4 4 8 6 11 2 11 7 8 5 4 3 8 12 8 7 6 11 5 5 13 7 5 11 12 9 10 9 5 7 13 8 8 6 7 7 10 7 6 10 9 9 7 8 8 9 9 11 8 10 4 12 12 4 7 6 8 12 9 7 10 12 8 9 9 10 9 6 2 4 12 11 6 9 11 7 10 13 10 8 6 8 11 6 12 9 8 9 9 9 10 2 12 10 8 8 11 8 9 
7 4 8 5 9 10 6 6 5 3 2 5 6 5 3 6 7 7 4 6 7 2 7 3 3 5 9 7 7 7 7 9 6 6 8 7 6 7 5 5 8 7 1 4 6 5 7 4 2 4 6 7 3 7 9 8 5 11 9 6 8 5 6 6 4 4 4 3 3 8 8 7 4 6 5 4 4 5 5 4 7 6 8 4 4 6 6 5 5 4 7 7 8 4 5 6 8 3 7 6 9 2 8 5 8 5 5 9 7 7 8 2 6 5 4 6 6 3 7 7 5 9 5 6 5 7 8 4 6 1 5 8 6 4 3 5 6 7 5 10 6 4 7 10 8 7 7 9 8 8 5 7 8 8 6 5 7 8 7 5 8 7 6 5 6 2 5 7 7 3 10 8 5 4 5 5 3 4 5 7 3 6 5 7 6 2 6 6 5 7 7 7 5 7 6 8 3 7 6 6 
8 8 7 10 5 7 9 2 8 8 9 13 11 14 7 12 10 6 6 7 8 7 8 6 6 7 11 7 9 3 13 8 7 7 11 6 5 5 13 8 8 13 9 9 10 8 12 13 11 8 10 5 7 11 9 9 9 12 10 3 5 10 5 6 10 10 12 6 8 10 8 14 6 11 7 14 9 4 11 8 10 3 6 7 11 11 11 10 11 8 6 10 13 9 11 5 8 12 12 7 3 8 10 13 12 9 3 10 8 10 5 8 8 9 2 8 8 5 9 8 12 11 9 14 13 8 9 12 10 10 4 12 5 6 9 9 14 10 9 10 7 7 10 7 7 6 9 11 10 10 7 12 5 11 10 12 10 9 12 17 10 5 9 9 4 7 8 6 9 7 10 6 10 5 4 8 9 9 15 10 10 4 9 17 10 10 15 10 10 15 5 8 8 10 3 9 6 7 4 8 
9 13 6 13 6 15 8 7 2 12 8 11 11 7 10 5 17 21 9 11 10 13 5 10 7 7 9 7 10 9 10 13 11 12 16 6 6 6 13 9 9 10 7 10 9 9 10 10 8 7 9 6 17 14 11 12 10 11 13 9 6 13 6 5 8 13 5 17 7 11 7 13 11 13 13 11 13 12 5 9 4 9 13 12 4 15 11 4 8 10 13 8 9 8 12 12 8 6 12 6 6 11 10 6 4 7 7 10 14 13 8 10 12 13 11 8 10 8 4 5 10 0 11 13 17 10 12 7 12 12 5 10 5 12 7 6 13 10 8 6 13 21 14 9 9 11 7 7 14 13 12 14 16 11 13 12 11 9 11 12 13 8 12 13 4 2 6 5 10 15 11 8 8 9 12 15 7 11 13 11 8 12 10 10 12 5 8 10 6 12 5 10 9 9 2 14 10 9 12 9 
9 8 10 14 11 5 5 11 8 7 12 8 14 10 6 12 8 11 12 3 6 11 9 8 10 10 14 11 8 11 13 8 6 12 4 13 6 13 7 9 18 8 13 6 9 11 9 8 9 11 10 8 10 8 11 9 10 3 8 10 12 15 8 11 6 16 13 12 14 11 9 11 8 14 19 5 9 5 6 10 3 11 13 13 3 12 12 11 13 11 15 2 15 8 11 7 11 11 9 4 6 14 10 14 7 9 9 4 6 9 8 15 5 10 13 5 13 10 14 10 13 12 11 11 19 11 8 7 12 11 3 10 12 10 5 13 9 9 9 6 14 5 11 14 9 10 11 10 9 15 6 17 10 1 9 15 12 13 12 11 14 8 5 5 14 11 9 14 13 10 16 6 12 8 12 8 12 8 12 16 11 11 9 8 5 6 14 9 8 6 12 16 18 7 12 3 7 20 8 13 
3 4 4 3 3 2 2 4 5 1 5 4 4 3 4 3 3 3 3 7 3 3 5 4 4 2 4 5 5 5 1 4 4 2 2 3 3 6 5 4 5 4 6 4 5 2 5 4 7 4 2 3 5 4 5 4 2 3 4 3 3 3 3 3 3 3 4 5 3 3 3 3 3 5 3 4 3 4 4 3 5 5 3 3 6 4 6 3 3 4 4 2 2 4 4 3 4 5 3 2 5 3 4 4 4 4 5 5 4 5 5 6 4 4 2 3 6 5 6 4 4 3 5 4 5 1 3 2 5 5 4 4 5 4 2 2 5 6 4 3 5 3 3 2 4 2 1 3 5 5 4 4 5 5 5 4 2 1 5 3 3 6 4 5 5 3 3 5 4 2 4 7 5 6 4 3 5 6 6 7 3 6 4 1 4 6 6 5 6 4 5 6 2 6 6 4 4 6 2 5 
0 1 1 1 1 1 1 1 1 2 1 1 1 1 0 1 2 1 1 1 2 1 1 1 1 1 1 0 1 1 0 1 1 2 1 1 1 1 1 1 1 1 0 2 1 1 1 1 1 1 1 1 1 1 2 1 1 1 1 1 1 1 1 1 1 0 1 1 1 1 1 1 0 1 1 1 1 1 0 1 1 1 1 1 1 1 1 1 1 1 1 2 1 1 0 1 1 1 2 1 1 1 1 1 1 2 1 1 1 1 1 1 1 2 1 1 1 1 1 1 1 1 2 1 1 1 1 1 1 1 1 1 1 1 1 0 1 1 1 1 1 1 2 0 1 1 1 1 1 1 1 1 1 2 1 1 2 1 1 1 1 1 1 1 1 2 1 1 1 1 1 1 1 1 1 1 1 1 1 0 2 2 1 1 1 1 1 1 1 2 1 1 1 1 1 0 1 1 0 1 
2 2 2 3 2 3 2 2 2 2 3 3 2 2 2 2 4 2 3 2 3 2 1 2 1 2 3 2 2 2 3 2 2 2 2 3 2 1 1 2 3 2 1 2 2 2 2 2 2 3 2 1 1 3 2 1 3 1 3 2 3 2 3 2 3 3 2 3 3 2 2 1 3 3 2 2 3 3 1 1 3 2 3 2 2 3 3 2 3 2 3 2 3 2 2 3 2 2 1 2 2 2 2 2 2 2 1 2 2 1 2 4 3 2 1 2 1 1 2 2 3 2 3 1 3 2 3 1 3 3 2 2 2 2 2 2 2 1 1 2 2 2 3 2 3 2 2 2 2 2 1 3 1 2 2 4 2 2 3 2 2 2 2 3 1 2 2 2 2 2 2 2 2 2 2 3 1 2 2 2 2 1 2 2 3 3 2 3 3 2 2 2 4 2 2 1 2 2 4 2 
2 1 1 1 1 1 1 1 1 1 1 1 1 1 1 1 1 1 0 1 1 1 1 1 1 1 1 1 1 1 1 1 1 1 1 1 1 0 1 1 0 2 1 2 1 1 1 1 0 2 1 1 1 1 1 1 0 1 1 1 1 1 0 1 1 1 1 1 2 1 1 0 1 1 1 1 1 1 1 1 1 1 0 1 1 1 2 1 1 1 1 1 1 1 1 1 1 1 1 1 1 1 1 1 1 2 1 1 1 1 2 1 1 1 1 1 1 1 1 1 1 0 1 2 1 1 1 1 0 1 1 1 1 1 1 1 1 1 1 1 1 1 1 1 1 1 1 1 1 2 1 1 1 1 1 1 2 1 1 1 1 2 1 1 1 1 1 1 1 1 1 1 0 1 1 1 1 1 2 2 2 1 2 2 1 1 1 1 1 1 1 1 1 1 1 1 1 1 1 1 
6 15 15 4 4 11 8 11 6 9 4 9 13 11 12 12 10 11 8 8 11 12 7 8 5 8 10 8 12 10 9 7 8 8 7 6 5 5 11 10 14 12 3 7 5 5 16 8 5 5 7 7 11 9 9 8 14 13 5 12 11 12 6 4 8 9 8 7 10 11 10 5 9 7 11 9 10 3 11 10 3 3 13 8 8 12 9 5 14 8 7 13 10 6 4 9 4 7 11 9 4 7 10 8 10 12 11 9 6 6 9 10 13 8 8 10 8 13 8 9 8 8 11 14 11 11 10 10 11 11 9 10 5 11 12 11 6 7 14 9 7 12 6 3 12 7 5 7 9 7 10 12 11 10 8 12 8 11 11 10 9 16 17 8 6 6 8 6 13 6 9 9 8 4 11 10 7 8 11 10 9 7 4 10 9 7 8 3 9 7 6 8 8 11 12 10 9 7 11 10 
8 12 5 3 5 5 1 4 12 5 10 6 9 4 8 2 4 7 8 10 13 9 6 11 5 8 7 6 6 10 9 3 7 10 5 5 10 7 4 8 5 6 13 7 10 11 9 7 9 8 7 7 8 7 6 7 9 4 10 8 9 11 5 11 6 3 11 3 8 4 4 6 8 6 9 6 6 5 5 4 7 7 5 6 8 6 8 10 6 4 6 4 8 5 8 8 4 5 7 10 6 3 5 8 7 3 7 6 6 6 7 5 6 6 3 8 9 9 6 9 12 2 5 5 5 6 4 8 4 5 7 1 5 6 6 2 7 8 11 9 8 5 8 3 8 7 7 6 10 8 7 6 8 8 2 8 7 8 8 4 7 13 6 7 9 6 9 6 3 5 7 11 7 6 8 9 8 7 5 8 8 8 7 7 7 7 6 6 1 9 3 9 7 8 3 10 7 6 6 7 
11 5 5 12 8 7 10 9 8 10 7 15 9 8 15 9 10 10 12 10 15 8 12 15 15 5 11 8 10 10 9 16 7 6 7 8 12 11 10 17 6 8 2 9 9 9 7 6 4 13 7 5 6 8 9 14 6 9 11 8 8 10 11 10 10 13 8 6 12 9 7 15 12 7 12 3 10 6 9 16 13 8 6 9 9 14 8 6 11 10 10 8 11 7 6 8 8 11 5 7 11 3 16 9 9 14 8 14 5 10 8 14 8 9 10 2 9 10 9 1 13 5 9 4 7 12 9 6 10 6 10 7 10 17 6 11 6 8 9 7 11 9 7 11 6 10 12 9 11 12 6 10 9 11 9 2 3 7 12 10 6 9 8 4 13 10 10 9 9 5 7 9 7 7 8 11 7 6 10 10 4 11 8 8 13 5 10 8 11 7 13 10 11 6 11 5 7 5 10 9 
3 2 1 2 3 2 3 2 1 3 2 3 1 3 1 2 2 2 2 2 2 3 1 1 2 1 3 2 1 2 2 3 2 2 3 1 2 1 2 2 2 2 3 2 2 2 3 2 1 2 2 2 3 2 2 2 2 2 2 1 3 2 1 2 2 2 2 2 2 2 1 3 1 2 1 2 2 3 2 2 3 3 4 2 2 2 2 1 2 3 1 1 2 2 1 2 2 3 1 2 1 2 3 2 2 1 3 3 3 2 2 2 1 2 3 2 1 1 1 3 3 1 2 3 2 1 2 1 2 3 3 2 2 2 1 1 2 2 1 1 2 3 2 3 3 1 2 1 1 2 2 2 1 1 2 2 2 2 2 2 2 1 2 1 1 3 1 3 1 1 2 2 2 2 3 3 3 2 3 1 2 2 1 1 1 2 1 3 3 2 2 1 1 2 2 3 1 2 3 1 
9 13 11 4 7 13 3 10 7 17 8 7 9 10 7 6 4 9 14 11 7 10 9 11 10 9 11 11 11 12 7 10 10 13 6 10 10 7 13 8 15 5 14 9 10 8 12 13 9 10 11 6 6 7 6 8 8 13 5 10 12 7 5 13 15 16 9 11 9 6 3 14 11 6 10 9 12 8 10 9 7 8 11 10 7 6 7 9 14 7 10 10 7 10 7 9 12 7 14 4 6 11 15 9 8 10 8 12 10 12 6 4 8 11 6 7 8 15 8 8 3 11 5 7 7 6 3 9 11 5 6 9 9 6 7 8 12 6 7 7 9 3 12 12 12 9 9 10 12 6 14 11 8 11 9 9 8 10 14 8 10 10 8 9 9 8 12 7 15 10 13 3 7 10 6 12 14 9 7 11 8 0 6 7 8 12 12 6 8 9 12 9 11 5 14 12 8 4 11 10 
9 6 10 10 11 14 10 11 1 14 14 12 8 13 9 8 10 13 7 12 1 12 12 8 6 8 12 9 6 4 6 8 13 10 10 11 7 5 7 15 13 9 4 5 7 5 13 11 8 5 14 7 14 12 8 9 9 6 9 9 6 16 9 3 4 8 10 7 8 18 16 9 6 6 16 7 15 9 11 10 6 16 10 15 8 16 8 13 7 7 7 6 11 1 9 12 13 9 11 11 12 10 16 5 6 10 14 15 8 14 14 9 13 12 4 9 12 15 11 13 6 9 9 12 8 10 14 4 9 7 13 12 0 9 22 4 14 9 9 17 11 10 7 7 8 11 13 14 13 14 13 11 10 8 8 13 19 9 6 11 12 14 17 10 12 14 14 11 10 9 8 5 15 10 14 12 13 10 7 2 7 6 17 8 9 10 10 13 9 12 14 7 11 7 10 12 18 9 12 11 
3 5 4 4 8 5 4 3 3 4 3 5 4 2 3 1 0 5 1 3 4 3 4 5 3 3 2 5 5 3 4 4 2 4 4 4 3 1 4 2 5 6 2 2 4 4 3 3 2 6 2 2 6 6 5 4 6 3 6 4 3 6 4 6 4 4 4 4 2 3 4 4 6 5 7 3 4 3 7 5 5 3 4 5 3 5 5 5 6 5 4 3 6 4 5 5 4 3 7 4 4 5 6 6 6 4 5 6 2 5 2 3 4 3 5 4 6 4 4 3 4 6 5 4 3 2 4 3 4 4 5 4 5 5 3 3 5 2 4 5 4 4 4 3 5 6 5 4 5 3 5 3 6 3 5 4 3 4 5 3 2 3 4 5 4 6 5 4 4 5 2 4 3 5 6 4 6 3 4 6 4 6 2 5 4 5 2 4 4 3 6 7 3 4 4 4 2 5 5 2 
2 2 2 1 2 2 3 1 3 1 1 2 2 2 1 3 2 3 3 1 2 2 2 2 2 2 1 2 1 2 2 1 2 2 2 2 1 2 1 1 3 2 2 2 2 1 3 2 2 2 4 1 1 2 2 1 2 2 2 2 2 2 2 2 1 3 1 2 2 2 3 2 3 1 1 2 3 2 3 2 1 2 2 1 1 2 2 2 2 3 2 1 2 1 2 2 3 2 2 2 1 2 2 2 1 2 0 2 1 2 2 2 2 2 2 1 3 2 2 2 3 2 2 3 2 2 2 1 3 3 1 1 2 2 2 1 2 3 2 4 2 2 2 3 2 2 1 1 2 2 3 2 3 3 1 2 1 3 3 2 2 1 3 3 1 3 1 2 1 1 1 1 3 1 3 2 2 1 3 3 2 2 2 2 3 3 2 1 2 2 2 1 1 3 3 2 2 3 3 2 
4 4 3 4 3 2 3 2 3 2 3 4 1 3 3 3 1 3 4 4 1 1 4 3 1 4 2 3 2 3 2 4 3 3 3 4 2 3 3 3 3 4 2 4 3 3 2 2 4 5 5 0 3 3 3 4 2 4 4 2 5 3 4 5 3 2 4 1 2 2 3 3 2 2 3 2 3 4 4 2 3 2 3 2 1 3 5 3 2 3 3 2 4 1 5 3 2 4 4 4 2 3 3 2 3 2 3 1 1 3 4 3 5 3 3 3 4 3 5 3 3 3 3 3 3 4 3 4 4 4 3 0 2 4 2 2 1 5 3 3 3 3 4 3 3 4 4 2 3 2 3 3 3 3 2 3 2 4 5 3 4 4 3 2 2 4 2 4 3 3 3 4 2 5 3 3 2 2 3 4 3 5 3 3 0 2 2 3 3 5 1 5 3 1 3 2 2 3 2 2 
1 1 1 1 1 1 1 1 1 1 1 0 1 1 1 1 0 1 1 1 1 1 2 1 1 1 1 1 0 2 1 1 1 1 1 1 1 1 1 1 1 1 1 1 0 1 1 1 1 0 0 1 1 1 1 1 1 1 1 1 1 1 1 1 1 1 2 1 1 1 1 1 1 1 1 0 2 1 1 1 1 1 1 1 1 1 1 1 1 2 1 1 1 1 1 2 1 1 1 1 1 2 0 1 1 1 1 1 1 1 1 1 1 1 1 1 1 1 2 1 0 1 1 1 1 1 1 1 1 1 1 1 1 1 1 1 1 1 1 1 1 0 1 1 1 1 1 1 1 1 1 2 2 1 0 1 1 1 0 1 1 1 2 1 1 1 0 1 1 2 1 1 1 1 0 1 1 1 1 1 1 1 1 1 2 1 1 1 1 1 1 1 1 1 1 1 1 1 1 1 
8 10 12 9 16 7 5 9 7 9 8 8 9 5 7 7 8 8 10 13 7 5 7 4 9 7 9 9 7 11 9 3 6 11 7 7 10 6 8 11 8 8 10 4 10 8 8 2 5 5 10 10 6 8 9 8 4 7 8 3 10 11 3 11 11 7 6 9 10 9 8 8 10 6 9 13 6 8 11 13 3 9 9 5 4 12 12 4 5 5 10 5 7 11 7 2 8 8 12 5 14 10 3 10 5 6 6 8 9 10 8 7 10 4 6 6 7 10 6 5 11 7 8 4 5 13 7 4 7 12 4 7 8 7 8 12 9 2 6 11 9 7 11 4 5 5 5 11 9 6 4 8 5 4 8 8 11 8 7 11 7 5 10 5 9 5 11 5 8 7 5 6 9 6 9 8 10 13 5 10 9 13 7 7 8 5 10 7 10 7 14 7 11 7 11 7 12 12 9 5 
1 1 1 1 1 1 1 1 1 1 1 1 1 1 0 1 1 1 1 1 1 1 1 1 1 1 1 1 1 1 1 1 1 1 0 2 0 1 1 1 0 1 1 1 1 0 1 2 1 1 1 1 1 0 1 1 1 1 0 1 1 1 1 1 0 2 1 1 1 1 1 1 1 1 1 1 1 1 1 0 1 1 1 1 2 1 0 1 1 0 1 1 1 1 1 0 1 1 1 1 1 0 2 1 1 1 1 1 0 1 1 1 1 1 1 1 1 1 1 1 1 1 1 1 1 1 1 1 1 1 2 1 1 1 1 1 2 1 0 1 1 1 1 1 1 0 1 1 1 1 1 1 1 1 1 1 1 1 1 0 2 1 1 1 1 1 1 1 1 1 1 1 2 0 1 1 1 1 1 1 1 1 1 1 1 0 1 1 1 1 0 1 1 1 1 1 1 1 2 1 
