NAME  : Jabali_60_4_0.85_1_4
TYPE : SVRP
MODEL : FINITE_SUPPORT
NUMBER_OF_SCENARIOS : 200
DIMENSION : 60
EDGE_WEIGHT_TYPE : MATRIX
CAPACITY : 87
N_VEHICLES : 4
NODE_COORD_SECTION
1 3590 4152
2 1243 7378
3 2232 4124
4 1761 4837
5 2641 6318
6 2934 5354
7 3865 1600
8 4406 327
9 1045 3887
10 1373 3957
11 7234 3971
12 3445 5628
13 7544 5464
14 3693 2198
15 562 3671
16 2003 2588
17 3643 1863
18 6734 2648
19 7526 3045
20 2140 1957
21 6583 1689
22 3117 5967
23 1227 1313
24 4831 5326
25 3650 4825
26 5708 5693
27 6657 3525
28 4998 1671
29 6449 1023
30 3183 2492
31 2134 1187
32 171 4167
33 783 2085
34 483 4457
35 107 1448
36 4233 5895
37 751 1744
38 5890 18
39 653 5608
40 600 3945
41 6586 6992
42 5012 5136
43 1590 7013
44 4442 3792
45 27 813
46 2659 7154
47 6835 5269
48 3647 5356
49 7103 7240
50 7091 2119
51 3325 1986
52 6942 4328
53 4486 5775
54 3852 2994
55 1701 6436
56 6139 2783
57 6720 3371
58 2719 1038
59 3992 7604
60 1820 1333
DEMAND_SECTION
1 0.0
2 7.0
3 4.0
4 3.0
5 9.0
6 1.0
7 3.0
8 5.0
9 7.0
10 5.0
11 1.0
12 4.0
13 1.0
14 2.0
15 3.0
16 8.0
17 6.0
18 10.0
19 8.0
20 10.0
21 3.0
22 4.0
23 3.0
24 8.0
25 3.0
26 1.0
27 2.0
28 3.0
29 8.0
30 5.0
31 2.0
32 5.0
33 9.0
34 10.0
35 10.0
36 2.0
37 9.0
38 10.0
39 5.0
40 4.0
41 6.0
42 1.0
43 2.0
44 3.0
45 9.0
46 6.0
47 5.0
48 2.0
49 7.0
50 7.0
51 2.0
52 1.0
53 1.0
54 5.0
55 5.0
56 7.0
57 4.0
58 10.0
59 6.0
60 5.0
DEVIATION_SECTION
1 0.0
2 2.33333
3 1.33333
4 1.0
5 3.0
6 0.333333
7 1.0
8 1.66667
9 2.33333
10 1.66667
11 0.333333
12 1.33333
13 0.333333
14 0.666667
15 1.0
16 2.66667
17 2.0
18 3.33333
19 2.66667
20 3.33333
21 1.0
22 1.33333
23 1.0
24 2.66667
25 1.0
26 0.333333
27 0.666667
28 1.0
29 2.66667
30 1.66667
31 0.666667
32 1.66667
33 3.0
34 3.33333
35 3.33333
36 0.666667
37 3.0
38 3.33333
39 1.66667
40 1.33333
41 2.0
42 0.333333
43 0.666667
44 1.0
45 3.0
46 2.0
47 1.66667
48 0.666667
49 2.33333
50 2.33333
51 0.666667
52 0.333333
53 0.333333
54 1.66667
55 1.66667
56 2.33333
57 1.33333
58 3.33333
59 2.0
60 1.66667
DISTANCE_MATRIX
0.0 52.4439 27.382 30.1108 30.4406 17.083 35.171 54.4243 41.752 37.7828 53.6992 19.105 61.8229 27.6586 48.4602 30.9578 31.5753 46.7971 54.7564 35.8601 54.2313 24.0416 49.9839 28.8617 9.48683 44.1039 43.7997 40.833 60.4229 24.0208 44.9222 50.425 48.7645 48.4103 60.2536 25.2982 50.8479 65.7402 46.1418 47.3348 59.0343 31.7947 46.0536 13.0395 66.2743 41.2311 52.4686 16.0312 66.2225 54.6225 30.0666 54.3483 25.6155 17.4642 39.286 39.4043 43.9398 44.2832 47.0106 45.31 
52.4439 0.0 46.0652 35.4683 23.7065 35.4683 84.4081 104.114 47.3814 47.0744 90.6523 38.0789 88.2836 76.9737 50.0 72.0348 80.2643 96.7246 103.936 74.9828 105.609 31.7648 81.6149 55.1543 47.8017 63.561 92.979 93.1349 112.308 70.7107 84.0672 45.3982 72.0625 41.1096 81.1542 45.2217 76.0592 118.042 25.318 47.0 73.171 57.7754 6.40312 64.4167 89.202 19.0 80.05 42.19 79.511 105.117 77.4145 84.9955 48.3839 69.9074 13.6015 90.7815 93.119 87.3237 37.108 82.0 
27.382 46.0652 0.0 11.3137 30.0 18.9737 38.6005 58.2495 16.2794 12.3101 70.6237 25.0599 76.0891 31.241 22.9876 21.3776 34.4093 63.9995 71.9788 30.0 69.814 26.9258 41.6506 40.1539 24.8895 51.5545 60.7242 48.4688 70.006 24.6982 40.0125 27.2947 37.7946 24.0 49.3935 35.0281 41.4996 73.0019 29.6816 21.8621 70.2437 42.678 40.3113 32.3216 56.9931 41.0488 66.9219 24.4536 77.4463 71.7834 31.3847 71.5417 36.6433 25.8229 32.6956 56.5652 61.1622 41.9762 52.2015 39.1152 
30.1108 35.4683 11.3137 0.0 23.4094 17.2047 49.8197 69.4046 15.6525 13.3417 77.5573 24.4131 77.4735 42.5206 21.4009 37.2592 45.607 76.0064 83.9657 38.9147 81.1192 23.4307 48.0937 41.5383 26.274 52.7528 73.009 59.774 81.3112 35.805 48.9457 22.4722 40.2616 17.8885 51.264 35.5106 44.1475 84.3071 18.7883 19.105 71.0211 44.0624 30.0832 42.2488 59.1354 33.541 68.3064 25.4951 78.2304 83.0886 42.4382 71.9005 37.5899 37.1282 22.561 68.6136 73.1491 51.8652 47.8853 47.2782 
30.4406 23.7065 30.0 23.4094 0.0 13.4164 65.485 84.8406 39.0 36.6879 67.4186 14.4222 66.1211 57.9176 44.2945 51.1566 61.7741 73.1234 80.3345 60.0 83.6303 8.06226 70.8595 31.6228 24.7588 41.1096 69.3778 71.1158 90.1643 52.7047 70.0071 43.4166 63.6003 38.4187 74.6726 22.2036 67.4463 96.0231 28.6531 41.6773 54.4059 34.176 17.4642 42.4385 82.5409 11.1803 57.4282 18.6011 61.3514 81.5161 59.3848 61.7617 25.318 47.9041 13.0 67.4548 69.5178 71.5681 25.0 69.0652 
17.083 35.4683 18.9737 17.2047 13.4164 0.0 52.1275 71.4831 31.8904 28.6007 60.7577 7.2111 60.6739 44.5601 38.1838 40.2616 48.4166 62.9756 73.4175 48.3735 70.4098 8.06226 60.5402 24.7386 12.53 36.1386 62.4608 57.7584 76.9438 39.865 58.2151 39.6611 54.6501 34.9857 66.249 18.3576 58.355 82.6657 31.0644 36.1248 53.8516 27.2628 29.0689 29.218 73.8486 24.3516 51.5067 9.05539 61.0574 70.801 46.5933 55.1008 20.6155 34.5466 22.4722 55.5828 62.6008 59.0762 33.2415 57.7062 
35.171 84.4081 38.6005 49.8197 65.485 52.1275 0.0 19.7231 52.2169 48.2477 56.1646 54.1295 74.2769 7.61577 51.2631 28.7924 4.24264 40.9558 52.3575 23.0217 36.4966 59.203 35.171 51.4782 43.4166 60.7289 46.4396 15.1327 36.1248 14.1421 23.7697 59.0495 41.0 60.0629 49.8197 58.0086 41.1947 35.8469 67.2854 53.4751 82.28 49.8197 78.4742 31.0644 52.811 76.2822 64.9226 50.636 88.2383 43.2362 8.06226 59.9958 57.0351 18.1108 70.8897 35.1757 46.1681 17.2047 81.3941 27.2029 
54.4243 104.114 58.2495 69.4046 84.8406 71.4831 19.7231 0.0 65.8894 67.6512 60.8276 73.0821 81.0247 27.2947 67.0459 45.8039 23.8537 43.8292 54.8179 37.5899 34.7131 78.4347 44.7214 68.0661 62.0967 75.4582 51.4782 19.6469 29.5296 33.6006 32.9848 74.8323 53.7587 75.8191 59.5399 75.8024 52.6308 21.0238 86.6889 69.2579 95.901 66.0076 98.1797 48.6621 60.0 95.6347 75.0276 69.3758 101.153 43.1393 27.0185 62.7694 74.4312 37.0 90.5953 39.8121 50.9902 25.0 99.7208 37.108 
41.752 47.3814 16.2794 15.6525 39.0 31.8904 52.2169 65.8894 0.0 4.12311 84.9937 38.8973 91.1444 45.1509 6.7082 25.594 47.9771 78.3695 86.3489 28.542 84.184 38.833 34.2345 54.7515 39.4872 66.1522 75.0942 62.8291 84.376 38.0876 37.5766 12.1655 25.1794 10.8167 35.7351 49.5782 29.1548 87.2395 24.1661 6.0 84.8414 57.2757 43.0116 46.6916 43.6807 48.7647 81.9772 39.0512 92.044 86.1534 44.6019 85.9117 51.241 40.193 36.0555 70.9352 75.5322 42.7312 63.5295 35.1141 
37.7828 47.0744 12.3101 13.3417 36.6879 28.6007 48.2477 67.6512 4.12311 0.0 81.0245 35.4683 87.1752 41.1817 10.7703 25.0037 44.0078 74.4003 82.3796 27.9517 80.2148 35.8469 35.0 51.2399 35.9756 62.6406 71.125 58.8599 80.4068 34.1184 37.0361 16.0312 26.9258 13.9284 38.0789 45.9674 30.8058 83.2703 25.2389 10.0499 81.1866 53.7641 42.2966 42.7224 45.8803 46.8722 78.008 35.3965 88.3892 82.1842 40.6327 81.9425 47.5862 36.2237 35.0571 66.966 71.563 42.1409 60.8358 34.9285 
53.6992 90.6523 70.6237 77.5573 67.4186 60.7577 56.1646 60.8276 84.9937 81.0245 0.0 54.2653 20.6155 54.8485 91.7019 72.0523 58.0268 18.2483 12.53 73.8382 31.0644 59.7894 88.6093 36.0755 55.4456 29.0 9.89949 41.8808 40.05 58.0268 79.5064 96.017 89.9423 91.6519 101.206 45.4311 91.7827 55.4437 93.5884 90.5764 41.0 33.9706 84.6906 41.7092 106.285 72.917 17.4642 51.881 44.1022 24.1868 59.7411 5.65685 42.2688 47.009 80.1679 21.095 10.0 72.5582 63.6553 81.7487 
19.105 38.0789 25.0599 24.4131 14.4222 7.2111 54.1295 73.0821 38.8973 35.4683 54.2653 0.0 54.1479 46.6905 45.2769 45.8803 50.636 59.714 66.9251 53.455 69.8164 6.40312 66.1362 18.2462 11.1803 29.4279 55.9684 58.4138 77.1193 43.0116 63.1334 46.8722 61.2963 42.19 72.8952 11.1803 65.0012 83.3211 37.4833 43.2782 46.6476 20.7703 31.7648 29.6056 80.4948 23.6008 45.0111 4.24264 53.8516 68.1067 49.163 48.6084 13.6015 36.1386 26.2488 54.0454 56.1084 63.0714 28.1603 62.8855 
61.8229 88.2836 76.0891 77.4735 66.1211 60.6739 74.2769 81.0247 91.1444 87.1752 20.6155 54.1479 0.0 70.0475 97.8526 84.591 73.2258 38.833 31.0161 87.3813 51.4782 59.0 102.239 36.4966 55.3618 25.02 29.5466 61.7171 60.407 71.8637 94.0744 99.695 102.135 95.2927 113.599 44.0114 104.217 75.9539 91.5629 95.5013 24.4131 34.9285 82.7345 48.7883 119.446 69.6348 9.48683 51.7972 25.2982 44.0454 74.9401 18.3576 41.0 60.5615 79.1012 41.2311 30.0832 90.208 56.3649 95.944 
27.6586 76.9737 31.241 42.5206 57.9176 44.5601 7.61577 27.2947 45.1509 41.1817 54.8485 46.6905 70.0475 0.0 47.6474 24.1868 4.0 44.5659 55.9676 20.8806 40.1083 51.6624 34.8855 45.1221 36.1248 55.1543 44.949 18.7631 40.3003 7.61577 24.8395 55.4338 38.6394 52.9969 48.7032 51.0392 39.5601 42.2019 60.208 49.8595 76.9675 43.6807 71.0398 24.5153 52.7731 68.7148 60.4732 43.2897 83.1865 46.8463 5.0 55.7664 50.2494 11.0454 63.4553 38.7858 45.089 20.2485 74.1687 27.4591 
48.4602 50.0 22.9876 21.4009 44.2945 38.1838 51.2631 67.0459 6.7082 10.7703 91.7019 45.2769 97.8526 47.6474 0.0 26.7505 47.8068 85.0777 93.0571 29.6985 90.8922 44.8219 32.573 61.3127 46.0483 72.7133 81.8024 65.8221 87.2571 41.0665 38.0132 7.81025 22.2036 9.48683 31.4006 56.0803 26.1725 86.322 25.318 3.0 91.4025 63.8368 46.2709 53.3998 39.4588 53.4883 88.6854 45.607 98.6051 92.8616 43.7224 92.6199 57.8021 46.9012 39.8121 77.6434 82.2404 43.8634 69.1158 34.9857 
30.9578 72.0348 21.3776 37.2592 51.1566 40.2616 28.7924 45.8039 25.594 25.0037 72.0523 45.8803 84.591 24.1868 26.7505 0.0 25.0 66.1681 74.1475 9.84886 64.1374 48.2701 20.2786 55.7031 40.4388 66.9636 63.1908 42.7922 64.3273 17.0 19.6469 34.5369 18.4409 35.5237 29.9301 55.7211 20.5243 64.405 49.7411 28.9626 88.8976 54.6544 67.0914 35.805 35.9508 62.0322 75.2367 45.1466 95.5393 70.8754 20.8806 72.9703 56.5692 26.2488 59.7019 58.7338 63.3308 23.8537 73.4983 18.0278 
31.5753 80.2643 34.4093 45.607 61.7741 48.4166 4.24264 23.8537 47.9771 44.0078 58.0268 50.636 73.2258 4.0 47.8068 25.0 0.0 43.8341 55.2358 20.0998 39.3765 55.5428 33.2415 49.0306 40.1123 58.8727 48.1273 18.0312 39.4588 9.89949 22.4722 55.5932 38.1182 55.823 47.5395 55.0364 38.6394 39.9625 63.0455 50.0188 80.6226 47.5395 74.3303 28.4429 51.0784 72.5713 63.8715 47.2652 86.764 46.1144 4.12311 58.9448 54.231 15.0333 66.7459 38.0539 49.0464 17.0294 78.1601 25.4951 
46.7971 96.7246 63.9995 76.0064 73.1234 62.9756 40.9558 43.8292 78.3695 74.4003 18.2483 59.714 38.833 44.5659 85.0777 66.1681 43.8341 0.0 11.4018 63.8168 13.0384 65.2381 76.073 43.0191 52.2292 43.3625 11.7047 26.2488 22.0227 52.1545 64.4908 89.3928 81.8399 86.2155 90.7711 53.4547 82.1352 37.2156 92.0374 83.9522 58.3095 40.2275 90.5674 35.1141 93.6056 80.3244 35.0143 57.3297 62.0 8.48528 47.9026 22.0227 50.8167 40.0868 84.7867 8.0 10.4403 57.3495 76.33 68.0645 
54.7564 103.936 71.9788 83.9657 80.3345 73.4175 52.3575 54.8179 86.3489 82.3796 12.53 66.9251 31.0161 55.9676 93.0571 74.1475 55.2358 11.4018 0.0 75.2185 21.5407 72.4492 87.4747 48.3111 68.1054 41.2311 13.6015 37.6431 30.0832 59.084 75.8925 97.3721 90.9995 93.0071 102.173 57.6667 92.8399 45.8803 99.9967 91.9316 53.1601 46.2062 97.7785 42.7664 105.007 85.1526 29.7321 64.5408 55.7315 13.3417 59.3043 18.0278 54.5044 48.0662 92.8277 18.3848 12.3693 68.7512 75.8966 79.4662 
35.8601 74.9828 30.0 38.9147 60.0 48.3735 23.0217 37.5899 28.542 27.9517 73.8382 53.455 87.3813 20.8806 29.6985 9.84886 20.0998 63.8168 75.2185 0.0 59.3591 56.4358 14.8661 59.0184 45.3411 70.2789 63.9387 38.0132 59.1354 15.8114 10.0499 37.4833 18.0278 38.4717 27.8568 61.1491 18.6815 57.2451 52.689 31.9106 92.2129 57.9697 68.988 39.0512 32.45 71.0282 78.027 51.5459 98.8545 66.0971 16.2788 72.4504 61.4624 27.0185 61.4435 58.0366 64.0787 14.2127 81.3941 9.48683 
54.2313 105.609 69.814 81.1192 83.6303 70.4098 36.4966 34.7131 84.184 80.2148 31.0644 69.8164 51.4782 40.1083 90.8922 64.1374 39.3765 13.0384 21.5407 59.3591 0.0 75.3406 71.5891 53.535 59.6634 55.4268 24.5153 21.3776 9.0 47.6968 59.9083 95.2073 77.3823 92.03 86.3134 63.8201 77.6775 24.5153 99.1623 89.7668 71.3442 50.774 99.2491 42.5625 89.0225 90.4268 48.0416 67.4322 75.0067 8.60233 43.445 35.0571 61.2944 45.2769 92.2209 15.8114 23.3452 52.4976 86.954 63.561 
24.0416 31.7648 26.9258 23.4307 8.06226 8.06226 59.203 78.4347 38.833 35.8469 59.7894 6.40312 59.0 51.6624 44.8219 48.2701 55.5428 65.2381 72.4492 56.4358 75.3406 0.0 68.5482 23.7697 17.2047 34.0147 61.4925 64.1786 83.0961 47.3934 66.2722 45.3431 62.2421 40.4599 73.7902 15.0333 65.9471 89.0858 33.5261 42.5206 49.2443 26.2488 25.4951 35.3703 81.4371 17.4929 50.0899 10.6301 56.3649 73.6308 53.7587 54.0688 18.0 41.4367 20.3961 59.5696 61.6326 67.0298 25.2982 65.7647 
49.9839 81.6149 41.6506 48.0937 70.8595 60.5402 35.171 44.7214 34.2345 35.0 88.6093 66.1362 102.239 34.8855 32.573 20.2786 33.2415 76.073 87.4747 14.8661 71.5891 68.5482 0.0 73.7383 59.4649 84.9988 78.7098 50.2195 70.2567 30.6105 12.0 39.3954 11.4018 42.0595 15.0 75.2729 8.60233 65.6201 57.7235 35.4401 106.933 72.6896 77.1622 53.8145 17.8885 81.4985 92.8846 65.395 113.574 78.3533 29.9666 89.5273 75.5953 41.8688 70.0286 70.2928 78.8498 20.025 93.7764 8.06226 
28.8617 55.1543 40.1539 41.5383 31.6228 24.7386 51.4782 68.0661 54.7515 51.2399 36.0755 18.2462 36.4966 45.1221 61.3127 55.7031 49.0306 43.0191 48.3111 59.0184 53.535 23.7697 73.7383 0.0 19.4266 13.0384 39.2736 49.7931 61.2944 44.4332 66.826 63.7598 73.5098 59.3574 84.999 10.6301 75.5932 73.0548 55.6276 59.5661 34.0588 2.82843 49.0408 20.6155 91.0197 38.2753 27.1662 15.862 41.0366 51.4119 49.0408 30.4187 7.81025 34.2053 44.1475 37.7359 39.4136 64.5136 33.541 68.0636 
9.48683 47.8017 24.8895 26.274 24.7588 12.53 43.4166 62.0967 39.4872 35.9756 55.4456 11.1803 55.3618 36.1248 46.0483 40.4388 40.1123 52.2292 68.1054 45.3411 59.6634 17.2047 59.4649 19.4266 0.0 30.8272 57.1487 47.2799 66.1974 33.2415 54.4059 48.4954 58.2455 44.0931 69.7347 15.8114 60.3289 72.1871 42.305 44.3017 49.5991 21.9507 41.4005 18.4716 75.7553 34.6699 46.1946 7.28011 56.7874 60.0546 39.0128 49.7887 16.1803 25.318 34.9857 44.8364 57.2887 53.6004 38.0526 54.7941 
44.1039 63.561 51.5545 52.7528 41.1096 36.1386 60.7289 75.4582 66.1522 62.6406 29.0 29.4279 25.02 55.1543 72.7133 66.9636 58.8727 43.3625 41.2311 70.2789 55.4268 34.0147 84.9988 13.0384 30.8272 0.0 31.6885 56.0803 63.688 55.5698 78.032 75.1604 84.456 70.7581 95.9451 19.0 86.5394 77.1038 66.9104 70.9667 21.9545 12.7279 57.8705 31.3847 101.966 45.2217 16.4924 27.2627 28.6007 51.0416 59.5063 23.3452 16.0312 44.7214 54.0833 40.025 32.9222 75.1532 34.7131 79.3221 
43.7997 92.979 60.7242 73.009 69.3778 62.4608 46.4396 51.4782 75.0942 71.125 9.89949 55.9684 29.5466 44.949 81.8024 63.1908 48.1273 11.7047 13.6015 63.9387 24.5153 61.4925 78.7098 39.2736 57.1487 31.6885 0.0 32.249 33.3766 48.1273 69.6069 86.1175 80.0428 81.7524 91.3064 49.7091 81.8833 48.0 89.0401 80.6769 47.0425 36.482 86.8218 31.8097 96.3853 76.4252 24.1868 53.5841 51.1566 19.7231 49.8416 11.4018 47.0711 37.1095 81.871 11.7047 1.41421 62.8332 72.5844 71.8492 
40.833 93.1349 48.4688 59.774 71.1158 57.7584 15.1327 19.6469 62.8291 58.8599 41.8808 58.4138 61.7171 18.7631 65.8221 42.7922 18.0312 26.2488 37.6431 38.0132 21.3776 64.1786 50.2195 49.7931 47.2799 56.0803 32.249 0.0 21.587 26.3516 38.6005 73.8524 56.0357 70.6751 64.9384 59.7235 56.3205 25.6125 77.817 68.4118 76.2955 47.4284 86.7446 33.0161 67.72 81.6581 55.5783 54.5498 81.5116 28.2312 22.0998 43.382 58.0892 23.9317 79.977 20.8087 31.9061 31.3847 83.7435 42.2019 
60.4229 112.308 70.006 81.3112 90.1643 76.9438 36.1248 29.5296 84.376 80.4068 40.05 77.1193 60.407 40.3003 87.2571 64.3273 39.4588 22.0227 30.0832 59.1354 9.0 83.0961 70.2567 61.2944 66.1974 63.688 33.3766 21.587 0.0 47.8888 58.3095 95.3993 77.0584 92.222 85.2115 71.3442 77.0065 15.8114 99.3542 89.9587 80.3057 58.5918 105.783 49.0966 87.1321 97.7298 57.0351 74.7351 84.006 16.7631 43.566 44.0454 68.9638 45.4689 99.1498 23.7697 32.249 50.4876 94.8262 62.2013 
24.0208 70.7107 24.6982 35.805 52.7047 39.865 14.1421 33.6006 38.0876 34.1184 58.0268 43.0116 71.8637 7.61577 41.0665 17.0 9.89949 52.1545 59.084 15.8114 47.6968 47.3934 30.6105 44.4332 33.2415 55.5698 48.1273 26.3516 47.8888 0.0 22.4722 48.8529 32.573 45.9335 43.382 48.8365 34.0147 49.6488 53.1561 43.2786 77.5242 43.382 64.846 24.1868 48.2597 63.8775 62.5094 40.05 84.0595 54.4348 6.7082 56.8885 48.9318 11.3137 57.2451 43.6703 48.2674 20.3961 71.0282 24.0832 
44.9222 84.0672 40.0125 48.9457 70.0071 58.2151 23.7697 32.9848 37.5766 37.0361 79.5064 63.1334 94.0744 24.8395 38.0132 19.6469 22.4722 64.4908 75.8925 10.0499 59.9083 66.2722 12.0 66.826 54.4059 78.032 69.6069 38.6005 58.3095 22.4722 0.0 45.607 21.0238 47.1699 27.0 70.214 19.6469 53.7587 61.7414 40.4969 99.985 65.7773 79.0189 46.6476 29.1204 81.0555 84.7201 60.6625 106.532 66.7711 19.8494 80.4244 70.4599 33.6006 71.4745 58.7106 69.747 8.06226 91.086 4.12311 
50.425 45.3982 27.2947 22.4722 43.4166 39.6611 59.0495 74.8323 12.1655 16.0312 96.017 46.8722 99.695 55.4338 7.81025 34.5369 55.5932 89.3928 97.3721 37.4833 95.2073 45.3431 39.3954 63.7598 48.4954 75.1604 86.1175 73.8524 95.3993 48.8529 45.607 0.0 28.4605 5.0 36.0139 57.9828 32.28 94.1084 20.0998 6.32456 93.4933 66.2839 42.45 57.7149 44.0 51.4782 90.5278 47.8853 100.703 97.1767 51.5088 94.5846 60.0333 51.2162 36.7696 81.9585 86.5555 51.6236 68.4105 42.4382 
48.7645 72.0625 37.7946 40.2616 63.6003 54.6501 41.0 53.7587 25.1794 26.9258 89.9423 61.2963 102.135 38.6394 22.2036 18.4409 38.1182 81.8399 90.9995 18.0278 77.3823 62.2421 11.4018 73.5098 58.2455 84.456 80.0428 56.0357 77.0584 32.573 21.0238 28.4605 0.0 31.5753 12.0416 74.0534 4.0 74.2159 47.5184 25.1794 106.704 72.4611 68.0294 53.3691 19.2354 73.7564 92.7808 61.0241 113.346 84.1202 34.2345 89.4515 74.3759 42.9535 61.2046 75.5858 80.1828 28.7924 87.4643 17.0 
48.4103 41.1096 24.0 17.8885 38.4187 34.9857 60.0629 75.8191 10.8167 13.9284 91.6519 42.19 95.2927 52.9969 9.48683 35.5237 55.823 86.2155 93.0071 38.4717 92.03 40.4599 42.0595 59.3574 44.0931 70.7581 81.7524 70.6751 92.222 45.9335 47.1699 5.0 31.5753 0.0 40.05 53.3385 35.5106 95.0855 16.0312 6.7082 88.8369 61.8816 37.855 53.3498 48.0937 46.5296 86.1255 43.382 96.0417 93.9994 52.4478 89.7196 55.4707 48.0389 31.9531 78.7812 82.1904 52.6609 63.4114 44.2945 
60.2536 81.1542 49.3935 51.264 74.6726 66.249 49.8197 59.5399 35.7351 38.0789 101.206 72.8952 113.599 48.7032 31.4006 29.9301 47.5395 90.7711 102.173 27.8568 86.3134 73.7902 15.0 84.999 69.7347 95.9451 91.3064 64.9384 85.2115 43.382 27.0 36.0139 12.0416 40.05 0.0 83.1975 9.43398 80.5047 56.0089 34.3657 118.193 83.9503 77.6466 64.8582 8.06226 84.4808 104.244 72.623 124.835 93.0515 43.9659 100.235 85.8651 54.2033 71.1969 84.991 91.4464 35.0143 98.8989 23.0217 
25.2982 45.2217 35.0281 35.5106 22.2036 18.3576 58.0086 75.8024 49.5782 45.9674 45.4311 11.1803 44.0114 51.0392 56.0803 55.7211 55.0364 53.4547 57.6667 61.1491 63.8201 15.0333 75.2729 10.6301 15.8114 19.0 49.7091 59.7235 71.3442 48.8365 70.214 57.9828 74.0534 53.3385 83.1975 0.0 76.1368 82.468 48.2701 54.2033 35.5106 13.4536 39.2938 27.1662 91.5633 27.7849 35.2278 10.6301 42.72 61.8474 54.3323 39.7742 3.16228 40.0125 35.1283 48.0104 49.8491 69.2315 24.0416 70.6021 
50.8479 76.0592 41.4996 44.1475 67.4463 58.355 41.1947 52.6308 29.1548 30.8058 91.7827 65.0012 104.217 39.5601 26.1725 20.5243 38.6394 82.1352 92.8399 18.6815 77.6775 65.9471 8.60233 75.5932 60.3289 86.5394 81.8833 56.3205 77.0065 34.0147 19.6469 32.28 4.0 35.5106 9.43398 76.1368 0.0 73.3485 51.4782 29.1548 108.788 74.5445 72.0278 55.4437 15.8114 77.666 94.8623 65.6482 115.429 84.4155 34.9285 90.8954 76.4593 44.7772 65.192 76.355 82.0233 27.6586 91.1819 15.5242 
65.7402 118.042 73.0019 84.3071 96.0231 82.6657 35.8469 21.0238 87.2395 83.2703 55.4437 83.3211 75.9539 42.2019 86.322 64.405 39.9625 37.2156 45.8803 57.2451 24.5153 89.0858 65.6201 73.0548 72.1871 77.1038 48.0 25.6125 15.8114 49.6488 53.7587 94.1084 74.2159 95.0855 80.5047 82.468 73.3485 0.0 102.303 88.5341 95.0211 70.5195 111.652 57.9234 81.0062 106.565 72.0625 79.457 99.0808 32.573 43.909 59.0762 80.4114 48.8365 104.884 37.2156 47.0106 45.7056 106.405 57.8705 
46.1418 25.318 29.6816 18.7883 28.6531 31.0644 67.2854 86.6889 24.1661 25.2389 93.5884 37.4833 91.5629 60.208 25.318 49.7411 63.0455 92.0374 99.9967 52.689 99.1623 33.5261 57.7235 55.6276 42.305 66.9104 89.0401 77.817 99.3542 53.1561 61.7414 20.0998 47.5184 16.0312 56.0089 48.2701 51.4782 102.303 0.0 22.3607 82.6378 58.1518 22.8473 58.2799 64.0312 33.9706 82.3957 40.1123 89.6939 99.8628 59.6704 85.9898 50.9902 55.1712 18.4391 84.6446 89.1801 66.8783 52.4976 59.2368 
47.3348 47.0 21.8621 19.105 41.6773 36.1248 53.4751 69.2579 6.0 10.0499 90.5764 43.2782 95.5013 49.8595 3.0 28.9626 50.0188 83.9522 91.9316 31.9106 89.7668 42.5206 35.4401 59.5661 44.3017 70.9667 80.6769 68.4118 89.9587 43.2786 40.4969 6.32456 25.1794 6.7082 34.3657 54.2033 29.1548 88.5341 22.3607 0.0 89.627 62.0902 43.2897 52.2743 42.4264 50.6952 86.3341 43.8292 96.8349 91.7361 45.9345 91.4944 56.0357 45.7757 36.8782 76.5179 81.1149 46.0998 66.5733 37.5899 
59.0343 73.171 70.2437 71.0211 54.4059 53.8516 82.28 95.901 84.8414 81.1866 41.0 46.6476 24.4131 76.9675 91.4025 88.8976 80.6226 58.3095 53.1601 92.2129 71.3442 49.2443 106.933 34.0588 49.5991 21.9545 47.0425 76.2955 80.3057 77.5242 99.985 93.4933 106.704 88.8369 118.193 35.5106 108.788 95.0211 82.6378 89.627 0.0 34.4093 68.593 53.3385 124.214 54.231 23.5372 45.8039 7.2111 65.1153 81.3941 36.3456 33.6006 66.6483 66.9403 58.0345 48.0937 97.0464 37.2156 101.258 
31.7947 57.7754 42.678 44.0624 34.176 27.2628 49.8197 66.0076 57.2757 53.7641 33.9706 20.7703 34.9285 43.6807 63.8368 54.6544 47.5395 40.2275 46.2062 57.9697 50.774 26.2488 72.6896 2.82843 21.9507 12.7279 36.482 47.4284 58.5918 43.382 65.7773 66.2839 72.4611 61.8816 83.9503 13.4536 74.5445 70.5195 58.1518 62.0902 34.4093 0.0 51.6236 19.3132 89.971 41.0488 25.4951 18.3861 41.2311 48.6203 47.7598 28.3137 10.6301 32.8938 46.673 34.9857 36.622 63.3246 36.2353 67.0149 
46.0536 6.40312 40.3113 30.0832 17.4642 29.0689 78.4742 98.1797 43.0116 42.2966 84.6906 31.7648 82.7345 71.0398 46.2709 67.0914 74.3303 90.5674 97.7785 68.988 99.2491 25.4951 77.1622 49.0408 41.4005 57.8705 86.8218 86.7446 105.783 64.846 79.0189 42.45 68.0294 37.855 77.6466 39.2938 72.0278 111.652 22.8473 43.2897 68.593 51.6236 0.0 58.0574 85.7088 14.5602 74.3303 35.8469 75.1332 98.9601 71.5542 79.0337 42.45 63.5171 7.61577 84.4221 86.9618 81.9085 33.6155 77.1038 
13.0395 64.4167 32.3216 42.2488 42.4385 29.218 31.0644 48.6621 46.6916 42.7224 41.7092 29.6056 48.7883 24.5153 53.3998 35.805 28.4429 35.1141 42.7664 39.0512 42.5625 35.3703 53.8145 20.6155 18.4716 31.3847 31.8097 33.0161 49.0966 24.1868 46.6476 57.7149 53.3691 53.3498 64.8582 27.1662 55.4437 57.9234 58.2799 52.2743 53.3385 19.3132 58.0574 0.0 70.7672 52.8498 39.434 25.7415 59.9083 42.9535 28.4605 41.3137 26.0 13.6015 51.424 27.7308 31.9497 44.0114 51.0653 48.0104 
66.2743 89.202 56.9931 59.1354 82.5409 73.8486 52.811 60.0 43.6807 45.8803 106.285 80.4948 119.446 52.7731 39.4588 35.9508 51.0784 93.6056 105.007 32.45 89.0225 81.4371 17.8885 91.0197 75.7553 101.966 96.3853 67.72 87.1321 48.2597 29.1204 44.0 19.2354 48.0937 8.06226 91.5633 15.8114 81.0062 64.0312 42.4264 124.214 89.971 85.7088 70.7672 0.0 92.4446 110.092 81.0746 130.856 95.886 47.8539 104.722 91.8858 59.4054 79.2465 87.8255 96.5253 36.6742 106.621 25.632 
41.2311 19.0 41.0488 33.541 11.1803 24.3516 76.2822 95.6347 48.7647 46.8722 72.917 23.6008 69.6348 68.7148 53.4883 62.0322 72.5713 80.3244 85.1526 71.0282 90.4268 17.4929 81.4985 38.2753 34.6699 45.2217 76.4252 81.6581 97.7298 63.8775 81.0555 51.4782 73.7564 46.5296 84.4808 27.7849 77.666 106.565 33.9706 50.6952 54.231 41.0488 14.5602 52.8498 92.4446 0.0 61.6847 27.8029 60.6712 88.7171 70.5576 67.2601 30.8869 58.6941 15.5563 74.6559 76.5653 82.7345 19.2354 80.0062 
52.4686 80.05 66.9219 68.3064 57.4282 51.5067 64.9226 75.0276 81.9772 78.008 17.4642 45.0111 9.48683 60.4732 88.6854 75.2367 63.8715 35.0143 29.7321 78.027 48.0416 50.0899 92.8846 27.1662 46.1946 16.4924 24.1868 55.5783 57.0351 62.5094 84.7201 90.5278 92.7808 86.1255 104.244 35.2278 94.8623 72.0625 82.3957 86.3341 23.5372 25.4951 74.3303 39.434 110.092 61.6847 0.0 42.6301 27.0185 41.5933 65.2372 13.0 32.1403 51.2072 70.3491 35.6931 25.0799 80.7151 49.93 86.5897 
16.0312 42.19 24.4536 25.4951 18.6011 9.05539 50.636 69.3758 39.0512 35.3965 51.881 4.24264 51.7972 43.2897 45.607 45.1466 47.2652 57.3297 64.5408 51.5459 67.4322 10.6301 65.395 15.862 7.28011 27.2627 53.5841 54.5498 74.7351 40.05 60.6625 47.8853 61.0241 43.382 72.623 10.6301 65.6482 79.457 40.1123 43.8292 45.8039 18.3861 35.8469 25.7415 81.0746 27.8029 42.6301 0.0 53.0094 65.7224 46.0109 46.2242 12.2066 32.5576 30.0832 51.6612 53.7242 60.2993 31.0 60.9989 
66.2225 79.511 77.4463 78.2304 61.3514 61.0574 88.2383 101.153 92.044 88.3892 44.1022 53.8516 25.2982 83.1865 98.6051 95.5393 86.764 62.0 55.7315 98.8545 75.0067 56.3649 113.574 41.0366 56.7874 28.6007 51.1566 81.5116 84.006 84.0595 106.532 100.703 113.346 96.0417 124.835 42.72 115.429 99.0808 89.6939 96.8349 7.2111 41.2311 75.1332 59.9083 130.856 60.6712 27.0185 53.0094 0.0 68.2642 87.7097 40.0125 40.8044 73.0616 73.7631 62.514 52.0865 103.354 43.0 107.898 
54.6225 105.117 71.7834 83.0886 81.5161 70.801 43.2362 43.1393 86.1534 82.1842 24.1868 68.1067 44.0454 46.8463 92.8616 70.8754 46.1144 8.48528 13.3417 66.0971 8.60233 73.6308 78.3533 51.4119 60.0546 51.0416 19.7231 28.2312 16.7631 54.4348 66.7711 97.1767 84.1202 93.9994 93.0515 61.8474 84.4155 32.573 99.8628 91.7361 65.1153 48.6203 98.9601 42.9535 95.886 88.7171 41.5933 65.7224 68.2642 0.0 50.183 28.8617 59.2094 47.8707 92.6121 15.2315 18.3576 59.6154 84.7227 70.3449 
30.0666 77.4145 31.3847 42.4382 59.3848 46.5933 8.06226 27.0185 44.6019 40.6327 59.7411 49.163 74.9401 5.0 43.7224 20.8806 4.12311 47.9026 59.3043 16.2788 43.445 53.7587 29.9666 49.0408 39.0128 59.5063 49.8416 22.0998 43.566 6.7082 19.8494 51.5088 34.2345 52.4478 43.9659 54.3323 34.9285 43.909 59.6704 45.9345 81.3941 47.7598 71.5542 28.4605 47.8539 70.5576 65.2372 46.0109 87.7097 50.183 0.0 60.6591 53.8702 14.8661 63.9531 42.1225 49.9816 15.6525 77.0065 22.4722 
54.3483 84.9955 71.5417 71.9005 61.7617 55.1008 59.9958 62.7694 85.9117 81.9425 5.65685 48.6084 18.3576 55.7664 92.6199 72.9703 58.9448 22.0227 18.0278 72.4504 35.0571 54.0688 89.5273 30.4187 49.7887 23.3452 11.4018 43.382 44.0454 56.8885 80.4244 94.5846 89.4515 89.7196 100.235 39.7742 90.8954 59.0762 85.9898 91.4944 36.3456 28.3137 79.0337 41.3137 104.722 67.2601 13.0 46.2242 40.0125 28.8617 60.6591 0.0 36.6119 46.7503 74.511 23.0868 12.1655 75.9269 58.0 82.6667 
25.6155 48.3839 36.6433 37.5899 25.318 20.6155 57.0351 74.4312 51.241 47.5862 42.2688 13.6015 41.0 50.2494 57.8021 56.5692 54.231 50.8167 54.5044 61.4624 61.2944 18.0 75.5953 7.81025 16.1803 16.0312 47.0711 58.0892 68.9638 48.9318 70.4599 60.0333 74.3759 55.4707 85.8651 3.16228 76.4593 80.4114 50.9902 56.0357 33.6006 10.6301 42.45 26.0 91.8858 30.8869 32.1403 12.2066 40.8044 59.2094 53.8702 36.6119 0.0 39.2046 38.2099 45.4863 47.2111 69.3273 26.0 70.9242 
17.4642 69.9074 25.8229 37.1282 47.9041 34.5466 18.1108 37.0 40.193 36.2237 47.009 36.1386 60.5615 11.0454 46.9012 26.2488 15.0333 40.0868 48.0662 27.0185 45.2769 41.4367 41.8688 34.2053 25.318 44.7214 37.1095 23.9317 45.4689 11.3137 33.6006 51.2162 42.9535 48.0389 54.2033 40.0125 44.7772 48.8365 55.1712 45.7757 66.6483 32.8938 63.5171 13.6015 59.4054 58.6941 51.2072 32.5576 73.0616 47.8707 14.8661 46.7503 39.2046 0.0 56.7495 32.6525 37.2495 30.4631 63.2851 35.3836 
39.286 13.6015 32.6956 22.561 13.0 22.4722 70.8897 90.5953 36.0555 35.0571 80.1679 26.2488 79.1012 63.4553 39.8121 59.7019 66.7459 84.7867 92.8277 61.4435 92.2209 20.3961 70.0286 44.1475 34.9857 54.0833 81.871 79.977 99.1498 57.2451 71.4745 36.7696 61.2046 31.9531 71.1969 35.1283 65.192 104.884 18.4391 36.8782 66.9403 46.673 7.61577 51.424 79.2465 15.5563 70.3491 30.0832 73.7631 92.6121 63.9531 74.511 38.2099 56.7495 0.0 77.3939 82.011 74.3303 34.4093 69.7209 
39.4043 90.7815 56.5652 68.6136 67.4548 55.5828 35.1757 39.8121 70.9352 66.966 21.095 54.0454 41.2311 38.7858 77.6434 58.7338 38.0539 8.0 18.3848 58.0366 15.8114 59.5696 70.2928 37.7359 44.8364 40.025 11.7047 20.8087 23.7697 43.6703 58.7106 81.9585 75.5858 78.7812 84.991 48.0104 76.355 37.2156 84.6446 76.5179 58.0345 34.9857 84.4221 27.7308 87.8255 74.6559 35.6931 51.6612 62.514 15.2315 42.1225 23.0868 45.4863 32.6525 77.3939 0.0 11.1803 51.5693 71.1969 62.2844 
43.9398 93.119 61.1622 73.1491 69.5178 62.6008 46.1681 50.9902 75.5322 71.563 10.0 56.1084 30.0832 45.089 82.2404 63.3308 49.0464 10.4403 12.3693 64.0787 23.3452 61.6326 78.8498 39.4136 57.2887 32.9222 1.41421 31.9061 32.249 48.2674 69.747 86.5555 80.1828 82.1904 91.4464 49.8491 82.0233 47.0106 89.1801 81.1149 48.0937 36.622 86.9618 31.9497 96.5253 76.5653 25.0799 53.7242 52.0865 18.3576 49.9816 12.1655 47.2111 37.2495 82.011 11.1803 0.0 62.5617 72.7245 71.9892 
44.2832 87.3237 41.9762 51.8652 71.5681 59.0762 17.2047 25.0 42.7312 42.1409 72.5582 63.0714 90.208 20.2485 43.8634 23.8537 17.0294 57.3495 68.7512 14.2127 52.4976 67.0298 20.025 64.5136 53.6004 75.1532 62.8332 31.3847 50.4876 20.3961 8.06226 51.6236 28.7924 52.6609 35.0143 69.2315 27.6586 45.7056 66.8783 46.0998 97.0464 63.3246 81.9085 44.0114 36.6742 82.7345 80.7151 60.2993 103.354 59.6154 15.6525 75.9269 69.3273 30.4631 74.3303 51.5693 62.5617 0.0 91.1976 12.1655 
47.0106 37.108 52.2015 47.8853 25.0 33.2415 81.3941 99.7208 63.5295 60.8358 63.6553 28.1603 56.3649 74.1687 69.1158 73.4983 78.1601 76.33 75.8966 81.3941 86.954 25.2982 93.7764 33.541 38.0526 34.7131 72.5844 83.7435 94.8262 71.0282 91.086 68.4105 87.4643 63.4114 98.8989 24.0416 91.1819 106.405 52.4976 66.5733 37.2156 36.2353 33.6155 51.0653 106.621 19.2354 49.93 31.0 43.0 84.7227 77.0065 58.0 26.0 63.2851 34.4093 71.1969 72.7245 91.1976 0.0 90.802 
45.31 82.0 39.1152 47.2782 69.0652 57.7062 27.2029 37.108 35.1141 34.9285 81.7487 62.8855 95.944 27.4591 34.9857 18.0278 25.4951 68.0645 79.4662 9.48683 63.561 65.7647 8.06226 68.0636 54.7941 79.3221 71.8492 42.2019 62.2013 24.0832 4.12311 42.4382 17.0 44.2945 23.0217 70.6021 15.5242 57.8705 59.2368 37.5899 101.258 67.0149 77.1038 48.0104 25.632 80.0062 86.5897 60.9989 107.898 70.3449 22.4722 82.6667 70.9242 35.3836 69.7209 62.2844 71.9892 12.1655 90.802 0.0 
DEMAND_SCENARIO_SECTION
0 0 0 0 0 0 0 0 0 0 0 0 0 0 0 0 0 0 0 0 0 0 0 0 0 0 0 0 0 0 0 0 0 0 0 0 0 0 0 0 0 0 0 0 0 0 0 0 0 0 0 0 0 0 0 0 0 0 0 0 0 0 0 0 0 0 0 0 0 0 0 0 0 0 0 0 0 0 0 0 0 0 0 0 0 0 0 0 0 0 0 0 0 0 0 0 0 0 0 0 0 0 0 0 0 0 0 0 0 0 0 0 0 0 0 0 0 0 0 0 0 0 0 0 0 0 0 0 0 0 0 0 0 0 0 0 0 0 0 0 0 0 0 0 0 0 0 0 0 0 0 0 0 0 0 0 0 0 0 0 0 0 0 0 0 0 0 0 0 0 0 0 0 0 0 0 0 0 0 0 0 0 0 0 0 0 0 0 0 0 0 0 0 0 0 0 0 0 0 0 
10 7 4 7 7 6 9 6 4 6 7 7 7 7 3 9 10 5 7 6 8 5 7 12 5 10 6 8 9 11 9 10 10 8 9 9 6 7 6 8 3 6 6 4 6 10 4 5 8 7 7 2 4 7 8 6 10 7 9 7 2 8 9 9 2 9 9 8 11 5 5 7 7 9 5 9 8 2 5 6 10 6 6 8 7 4 6 11 9 7 8 6 9 10 5 3 8 3 5 6 2 6 10 3 5 8 6 4 11 7 8 9 8 8 10 4 6 7 9 7 11 5 4 9 11 10 6 2 8 4 8 3 7 5 7 8 4 7 8 7 8 7 8 9 8 8 10 9 7 7 7 5 7 6 4 7 8 6 11 8 4 6 6 7 7 6 10 3 8 7 6 7 6 6 4 6 7 5 6 9 6 4 10 8 6 8 10 5 4 6 9 5 3 4 5 8 8 4 4 9 
4 1 6 2 2 3 3 5 3 3 5 6 3 5 6 3 4 2 5 1 5 5 3 5 5 5 5 3 6 3 5 3 3 4 3 2 3 3 3 4 6 6 5 4 4 3 5 4 5 4 4 6 3 7 4 5 2 3 1 1 2 5 2 2 3 3 6 6 3 4 5 5 4 5 3 5 5 7 3 5 4 4 5 5 4 4 3 3 1 2 3 6 2 2 3 2 6 5 5 2 4 4 5 4 6 3 3 3 5 5 4 4 3 4 3 2 5 3 4 3 3 4 5 2 2 3 4 2 6 4 5 6 5 6 4 4 6 4 6 4 4 5 4 5 6 3 4 3 4 6 5 5 5 3 4 3 2 6 5 3 5 5 5 2 5 5 4 3 2 5 5 4 3 4 6 6 4 5 5 5 3 2 4 3 4 6 6 4 5 6 3 5 6 7 5 4 4 6 4 4 
4 3 4 2 1 2 6 3 1 4 2 2 4 6 3 1 3 2 2 3 4 4 2 2 4 1 4 3 4 3 4 3 4 2 5 1 3 4 4 1 3 5 4 2 5 3 2 2 4 2 4 2 5 3 3 3 2 3 2 3 4 3 1 3 4 3 3 3 1 3 4 3 3 2 3 4 2 4 2 3 3 3 3 3 2 3 4 3 3 3 3 2 3 2 3 2 3 2 2 0 4 1 2 1 3 2 3 0 2 2 2 4 2 2 2 4 4 2 5 4 3 5 3 4 2 2 2 2 3 4 4 2 2 4 3 3 3 1 3 2 5 3 4 3 2 3 3 2 4 3 3 3 6 3 3 4 4 2 3 4 4 2 3 3 2 4 4 2 3 4 4 3 1 4 0 3 2 2 2 3 4 2 2 4 4 2 3 2 3 2 3 4 3 3 3 2 2 1 2 3 
11 11 9 10 7 6 7 9 7 10 9 9 8 11 2 8 7 11 8 11 16 7 10 8 8 12 13 8 9 11 8 10 10 10 15 8 11 8 9 9 12 7 6 7 6 8 10 9 9 3 10 11 10 8 6 7 9 12 10 6 7 6 15 12 9 10 15 5 14 11 9 12 6 5 10 11 15 7 7 7 8 8 11 5 10 5 10 6 10 15 18 14 2 12 6 8 7 11 8 8 9 4 9 11 11 12 13 11 8 14 6 8 3 11 8 11 10 11 7 8 13 5 11 11 13 7 8 6 13 11 4 8 6 11 7 14 11 9 9 3 9 8 5 8 16 5 8 7 7 1 10 11 15 10 10 12 6 8 8 6 5 10 9 6 8 8 11 6 7 11 4 6 9 4 11 8 14 7 10 13 3 9 6 7 15 12 13 13 10 5 10 9 8 6 6 5 11 10 9 9 
1 1 1 2 0 1 1 1 2 1 1 1 1 0 1 1 0 1 1 1 0 1 1 1 0 1 1 1 1 1 1 1 1 1 1 1 1 1 1 1 1 0 1 2 0 2 1 1 1 1 1 1 1 1 1 1 1 1 1 1 1 1 1 1 1 1 1 1 1 1 1 1 2 1 1 1 1 1 1 1 1 1 1 1 1 1 1 2 1 1 2 1 1 1 1 1 2 1 1 1 1 1 1 1 1 1 1 0 1 1 1 1 0 1 1 0 1 1 1 1 1 1 1 1 1 1 1 1 1 1 1 1 1 1 1 1 1 1 1 1 1 1 1 1 1 1 1 1 1 1 1 2 1 1 1 1 1 1 1 1 1 0 0 1 1 1 1 1 1 1 1 1 2 1 1 1 1 1 1 2 1 1 1 1 2 1 1 1 1 1 1 1 1 1 1 1 1 1 1 1 
4 3 4 2 4 2 4 1 3 1 5 3 2 4 4 4 4 3 3 4 4 4 2 2 3 3 2 2 4 5 4 2 4 3 4 2 4 3 0 1 3 4 3 2 2 4 3 4 2 2 1 2 4 3 3 2 3 3 5 2 2 3 5 2 5 3 3 4 3 5 3 2 3 4 1 3 2 3 2 3 3 3 1 2 4 3 4 4 4 2 1 2 1 3 4 2 4 4 5 3 4 2 2 3 2 3 3 2 3 4 4 2 3 2 3 3 2 4 2 4 2 3 3 4 3 4 4 3 3 3 3 4 4 4 2 4 4 3 3 2 4 4 4 3 2 2 3 2 4 2 3 4 4 2 3 1 2 2 4 4 3 3 2 3 3 2 2 2 3 2 5 2 3 4 3 3 3 1 2 4 2 5 4 4 4 4 4 3 4 4 3 4 3 3 3 2 3 1 2 4 
5 6 4 3 5 4 5 5 6 2 5 4 5 8 6 7 5 6 6 6 3 4 3 8 3 6 6 4 2 4 6 5 7 4 4 3 4 6 6 4 6 4 4 6 7 8 5 6 5 4 5 6 5 3 6 7 3 6 8 7 5 7 6 3 6 4 5 4 5 5 6 2 5 5 1 4 6 5 5 5 5 5 4 5 5 6 4 6 8 3 2 4 5 4 3 7 6 5 8 8 3 7 2 6 4 5 3 4 5 5 5 6 4 3 4 5 3 5 4 3 5 3 6 5 4 6 6 5 5 5 7 4 7 6 3 3 7 5 4 4 6 5 6 5 2 6 7 4 3 4 2 5 3 3 5 5 7 6 4 6 5 3 5 4 7 7 7 7 1 5 5 5 4 7 4 5 6 7 5 7 3 6 8 3 5 5 5 5 6 6 3 7 1 4 6 7 3 4 8 3 
11 9 10 5 5 4 4 10 6 5 6 5 6 3 8 7 4 8 5 6 7 5 9 13 3 5 9 7 6 1 5 6 5 8 6 4 10 5 3 4 7 6 11 3 7 4 7 8 11 1 5 6 6 8 4 4 4 4 10 8 7 6 7 2 7 5 5 9 6 7 6 6 9 9 5 7 7 6 9 7 6 5 8 7 5 7 10 14 8 5 7 7 9 5 7 5 11 4 4 1 6 9 4 7 5 7 8 10 6 4 8 9 1 8 7 7 7 7 9 9 12 5 6 8 8 8 11 5 8 9 4 11 3 7 6 6 6 9 3 5 10 5 7 9 4 6 11 9 7 4 4 4 4 6 6 3 6 5 3 7 7 8 7 8 9 8 10 5 9 11 6 10 7 9 7 7 10 8 6 7 9 9 4 4 7 4 7 7 8 7 12 13 6 5 10 6 5 8 5 6 
8 3 7 5 6 3 8 5 6 4 6 7 2 2 2 4 5 4 1 6 6 7 5 1 5 4 5 6 5 7 3 7 5 3 5 4 5 5 6 6 6 4 6 6 5 4 4 7 5 5 5 6 7 4 2 6 5 3 4 4 6 6 5 4 3 10 5 8 6 4 5 4 4 5 7 6 7 8 6 2 5 4 5 6 6 5 7 3 5 5 5 4 4 4 6 8 5 5 5 4 7 6 7 6 5 9 7 7 6 5 7 8 6 3 5 8 6 6 5 1 5 7 7 4 5 7 4 4 4 5 3 8 3 2 6 3 3 5 5 4 8 5 2 6 7 10 7 4 6 4 5 7 6 5 3 6 5 3 7 4 5 2 6 3 5 7 3 5 5 6 5 5 6 6 3 6 7 5 6 4 6 3 5 4 6 0 6 8 5 4 6 4 3 4 7 4 4 7 4 5 
1 1 1 1 1 1 1 1 1 1 1 0 1 1 1 1 1 1 1 2 1 1 0 1 1 1 1 1 2 0 1 1 1 1 0 1 1 1 1 2 1 1 0 0 1 1 1 1 1 1 1 1 1 1 1 1 1 1 1 1 1 2 1 1 1 1 1 1 2 1 1 1 1 1 1 1 1 1 1 1 1 1 1 1 1 0 1 1 1 1 1 1 1 1 1 1 1 1 0 1 1 1 1 2 1 1 1 1 1 0 1 1 1 1 0 1 1 1 1 1 1 1 0 1 1 1 1 1 1 1 1 1 1 1 1 1 1 1 1 1 2 1 1 1 1 0 1 1 1 1 1 1 1 1 1 1 1 2 2 1 1 1 1 1 1 1 1 1 1 1 1 0 1 1 1 1 1 1 1 1 2 1 1 2 1 1 1 1 1 1 1 1 1 1 1 2 1 1 1 1 
4 2 3 7 5 4 6 1 4 2 5 5 5 4 7 4 5 4 5 5 7 3 6 3 4 1 5 5 5 2 5 6 5 3 4 6 4 4 5 3 6 3 4 5 4 4 4 3 5 4 6 1 3 1 2 4 3 4 4 6 5 4 3 3 4 6 7 4 6 2 5 3 5 6 7 3 2 4 2 4 1 4 2 5 3 6 5 2 5 3 5 5 2 4 5 3 6 2 2 4 4 5 4 5 5 5 3 4 2 4 4 5 4 4 3 5 2 4 6 5 7 3 3 5 5 5 3 5 5 5 6 5 4 3 2 3 4 6 4 7 2 2 5 4 3 5 4 3 4 3 3 2 4 5 3 3 5 5 4 5 2 4 3 2 3 5 4 2 6 5 3 1 5 2 3 7 4 2 5 4 4 4 6 5 3 4 1 6 2 5 3 0 6 4 4 4 5 3 5 3 
1 1 1 1 1 1 1 1 1 1 0 1 1 1 1 1 1 1 1 1 1 1 1 2 1 1 1 1 2 1 1 0 1 1 1 1 1 1 1 1 1 1 1 1 1 1 1 1 1 1 1 1 1 1 1 1 1 1 1 1 1 1 1 1 1 1 1 1 2 1 1 0 2 1 1 2 0 1 1 1 0 0 1 1 1 1 1 1 1 1 1 1 1 1 1 1 1 1 2 1 1 1 2 1 1 1 0 1 2 1 1 1 1 2 1 1 1 1 1 1 1 1 2 1 1 1 1 1 1 1 1 1 1 1 1 2 0 1 0 1 1 1 1 1 1 1 2 1 1 1 1 1 0 1 1 1 1 1 1 1 2 1 1 2 1 1 1 1 1 1 2 1 1 1 1 1 1 0 1 1 2 1 1 1 1 1 0 1 1 1 1 1 1 1 1 1 1 1 1 1 
3 2 2 1 2 3 2 1 2 2 2 2 2 2 3 2 3 2 3 2 2 2 2 2 3 2 2 3 2 3 3 2 3 2 2 2 2 2 1 2 2 2 1 2 2 2 2 2 3 2 1 2 2 1 2 2 2 2 2 1 0 2 0 2 2 2 2 2 2 1 1 2 1 2 3 2 2 2 2 2 3 2 2 1 2 1 2 4 1 2 2 1 0 2 3 3 1 3 2 3 2 1 1 3 2 2 3 3 2 3 1 3 2 2 3 3 3 2 2 2 2 2 2 0 2 2 2 2 2 2 3 1 1 3 3 1 2 2 2 2 0 1 2 2 1 2 2 2 2 2 2 1 3 2 3 1 2 1 3 1 2 2 1 1 3 2 2 2 3 3 2 2 3 1 3 2 2 2 3 2 2 2 2 2 2 1 2 2 3 2 2 4 1 2 3 3 2 2 2 2 
4 4 3 2 2 2 4 3 2 3 2 2 2 4 2 4 4 4 3 3 2 3 3 3 4 3 5 2 4 3 3 4 4 2 4 1 3 2 4 2 3 3 4 3 2 4 2 4 3 5 3 3 4 3 3 4 3 4 3 3 3 2 5 2 3 3 5 5 4 3 2 2 2 3 3 2 5 4 3 5 3 4 3 1 2 3 3 2 2 2 4 4 4 3 3 3 3 3 3 3 3 3 2 5 4 4 3 4 2 2 4 3 3 4 3 4 2 3 3 3 3 3 2 5 1 3 3 3 2 2 4 4 3 2 3 5 3 4 2 4 3 2 4 4 3 1 1 3 3 2 3 3 4 2 3 5 3 3 3 2 1 3 2 3 1 4 3 2 4 2 3 3 5 3 1 3 4 3 3 2 4 3 4 4 4 2 2 3 3 2 4 3 3 1 5 1 4 3 4 2 
12 9 11 1 8 9 13 9 6 8 10 7 7 9 13 6 8 9 7 8 6 10 8 8 7 4 8 4 11 11 9 13 9 8 5 9 9 9 9 11 1 10 12 5 12 9 5 10 7 9 7 12 1 4 6 9 9 10 5 6 6 12 7 6 8 11 10 8 2 6 9 8 11 12 9 11 1 12 10 7 7 8 9 5 10 6 7 10 7 8 11 10 9 10 10 11 10 4 3 10 11 9 13 5 9 9 11 4 7 12 8 6 11 11 7 8 5 8 12 8 6 9 7 6 10 12 9 9 9 10 11 10 16 3 13 9 5 9 9 8 13 10 11 9 7 12 9 5 7 1 11 2 11 10 11 8 5 4 5 7 13 4 10 9 8 8 10 9 11 5 5 6 6 8 8 8 7 8 12 7 11 5 13 9 8 9 11 8 9 9 8 4 7 5 11 8 9 7 7 12 
8 4 4 5 8 4 4 6 6 4 7 8 6 8 3 7 6 5 5 4 9 5 7 5 6 3 9 6 8 8 9 4 5 4 7 5 9 5 3 9 5 4 7 3 7 5 8 9 6 7 5 5 9 6 5 9 4 9 8 5 8 2 6 7 5 6 8 6 4 7 4 7 5 2 8 4 7 3 7 7 7 4 7 8 6 4 5 3 5 6 10 7 5 8 7 4 8 6 2 6 8 5 6 4 7 3 5 6 9 11 6 6 5 7 6 4 5 5 8 6 4 5 5 10 5 6 5 3 8 3 6 6 5 8 6 5 7 8 4 6 10 6 6 6 8 4 4 7 9 10 6 3 3 4 11 7 7 6 6 4 5 5 5 5 3 3 7 5 6 7 2 4 7 5 7 5 8 5 9 3 8 8 6 9 6 4 4 3 4 4 6 8 7 7 4 5 9 8 7 7 
4 13 13 8 10 7 12 11 6 7 7 8 8 12 9 8 9 18 8 12 6 12 6 11 13 10 10 10 7 13 10 13 13 11 5 11 5 12 13 1 8 14 12 7 10 11 8 10 14 13 12 9 13 14 15 4 11 8 10 13 15 5 9 4 5 6 11 9 7 12 16 8 10 7 6 9 7 9 13 13 10 13 14 9 8 12 11 9 11 13 10 14 10 9 17 10 12 11 10 21 17 8 8 10 13 9 9 10 10 8 6 14 7 7 13 7 7 4 13 11 14 5 14 5 8 18 7 11 6 4 15 6 10 14 12 11 14 9 3 16 12 12 19 13 6 8 6 12 10 10 12 13 6 6 9 8 9 9 8 7 10 9 8 8 2 19 17 9 14 6 11 8 10 9 16 9 11 17 8 11 9 13 16 16 10 6 11 9 7 6 11 10 10 11 12 11 14 9 12 5 
6 6 15 6 8 12 8 6 9 7 5 4 8 10 6 11 11 8 12 2 9 4 10 4 8 3 9 9 8 5 5 8 9 10 8 7 2 4 8 4 6 9 3 11 8 6 8 9 10 5 8 10 5 12 11 6 6 9 7 14 11 6 5 4 7 9 8 11 6 9 8 9 6 5 8 7 10 10 9 5 7 6 10 10 8 8 15 8 6 7 8 11 7 10 9 5 9 7 10 7 5 8 7 9 8 15 4 7 7 12 12 8 6 9 9 7 10 11 7 2 4 14 11 11 5 11 4 11 7 8 8 14 9 8 1 8 8 7 10 9 5 4 8 12 10 7 11 8 10 9 8 9 10 7 11 3 9 11 10 5 4 6 9 5 10 8 9 10 7 6 11 4 6 7 10 7 5 4 10 9 11 12 7 6 12 12 9 8 9 9 10 8 7 8 11 8 7 10 8 10 
12 9 10 9 16 14 7 13 14 11 9 12 9 12 12 8 9 13 17 11 9 12 9 7 8 6 11 10 6 12 13 9 13 14 14 10 7 14 9 10 9 7 8 8 9 8 6 16 15 5 9 6 10 10 12 10 7 11 6 7 8 15 12 8 9 13 15 4 6 14 6 12 11 8 11 13 9 9 4 7 3 10 8 9 14 3 10 9 4 7 12 8 16 12 7 15 15 14 7 19 13 8 6 6 6 8 9 5 4 6 12 15 13 18 4 7 12 4 8 5 13 4 12 11 11 11 13 7 8 9 11 8 15 12 12 17 8 8 14 9 7 8 9 9 11 13 8 7 8 11 15 6 8 14 12 9 9 10 8 17 13 11 7 12 10 5 11 16 8 12 16 8 9 11 10 9 9 11 10 11 7 13 7 12 9 6 12 7 12 6 10 9 3 6 10 10 11 6 13 10 
4 5 3 2 3 4 4 4 3 4 3 2 4 4 2 3 4 3 4 2 4 4 3 2 3 3 2 4 4 2 4 3 3 2 4 2 3 4 2 3 4 2 3 2 3 1 2 4 1 2 2 3 3 3 3 4 3 3 3 3 3 3 2 3 3 2 4 2 3 2 3 4 3 3 3 3 3 2 4 1 2 5 4 2 4 4 4 2 2 3 2 4 3 3 3 2 3 1 3 5 5 3 3 4 5 3 2 3 3 1 4 4 3 3 5 5 4 2 4 4 2 4 2 4 3 2 3 3 4 4 3 1 2 4 2 4 2 1 5 2 3 3 4 2 1 4 4 2 5 1 4 2 2 2 4 3 3 3 2 3 2 3 4 3 2 1 4 3 1 4 2 4 2 5 3 3 4 3 3 4 4 4 3 1 4 4 3 3 4 4 3 3 4 4 2 3 4 0 2 4 
6 4 6 2 4 6 4 3 4 3 5 4 2 4 4 3 3 6 5 5 2 3 3 4 3 5 6 4 3 4 3 4 4 4 7 3 4 2 6 2 4 3 3 4 4 2 5 3 5 3 4 3 4 2 2 3 5 3 4 4 5 6 5 4 3 4 3 5 4 4 2 1 5 3 7 6 2 5 5 5 6 1 5 5 2 2 4 5 4 3 5 5 6 3 3 2 4 3 6 6 3 3 5 4 5 3 3 4 4 3 6 5 2 4 4 3 5 3 5 2 5 3 3 5 3 3 3 6 6 5 6 3 3 7 5 1 6 3 2 4 4 3 4 3 4 4 3 5 4 3 3 6 4 3 4 3 3 4 2 3 3 4 5 7 2 6 1 5 3 4 3 4 7 5 6 4 5 2 3 3 2 3 5 4 6 5 4 6 5 3 6 4 4 2 4 5 5 1 7 5 
3 3 4 2 2 4 2 4 3 2 4 2 3 1 3 0 2 2 3 5 3 4 2 4 4 4 4 1 3 2 4 3 4 4 4 4 3 4 3 4 2 2 4 2 3 5 2 4 1 2 1 2 4 4 4 2 4 2 4 4 5 3 3 2 4 4 3 3 5 5 5 5 4 3 2 3 4 5 4 1 2 3 3 4 3 4 2 4 3 3 3 4 5 5 2 1 4 4 2 3 5 3 4 3 3 3 5 3 3 4 3 6 1 4 4 4 3 4 4 5 3 2 3 3 3 3 2 2 3 4 3 3 4 3 2 1 3 3 3 3 5 4 4 4 2 3 3 3 4 2 3 3 4 4 4 5 3 2 4 4 4 3 3 4 3 3 3 4 1 2 1 3 2 2 3 2 3 2 3 4 4 3 3 3 2 2 2 3 4 3 2 6 1 3 4 3 3 5 4 5 
