NAME  : Jabali_60_4_0.80_1_3
TYPE : SVRP
MODEL : FINITE_SUPPORT
NUMBER_OF_SCENARIOS : 200
DIMENSION : 60
EDGE_WEIGHT_TYPE : MATRIX
CAPACITY : 87
N_VEHICLES : 4
NODE_COORD_SECTION
1 4466 5215
2 2212 4909
3 6373 2923
4 1224 4592
5 5607 7691
6 6531 4803
7 3309 511
8 3417 1010
9 3499 2468
10 3280 4354
11 6296 2348
12 5370 5938
13 3430 5102
14 7575 2999
15 6774 2428
16 4664 1392
17 5556 3539
18 3702 8287
19 3528 3250
20 6109 3989
21 8549 5137
22 5075 9405
23 4894 2574
24 3320 675
25 5209 2144
26 7552 4712
27 8060 3048
28 7988 4100
29 4270 3860
30 6294 7237
31 6194 6343
32 5283 4706
33 5964 951
34 2661 7951
35 3713 1165
36 2757 4639
37 753 3751
38 4409 744
39 2589 6797
40 4037 2424
41 7811 3166
42 3169 2936
43 4191 2293
44 6765 1612
45 5235 795
46 9190 3908
47 6026 7248
48 1297 4075
49 6455 5690
50 6119 1192
51 7245 4642
52 4977 7962
53 2791 3733
54 2864 6000
55 4721 6524
56 4332 18
57 27 5366
58 4624 3782
59 6771 3177
60 4136 1665
DEMAND_SECTION
1 0.0
2 9.0
3 5.0
4 1.0
5 7.0
6 9.0
7 9.0
8 6.0
9 1.0
10 1.0
11 3.0
12 8.0
13 2.0
14 3.0
15 1.0
16 1.0
17 4.0
18 1.0
19 3.0
20 8.0
21 9.0
22 10.0
23 3.0
24 1.0
25 4.0
26 3.0
27 8.0
28 10.0
29 1.0
30 8.0
31 4.0
32 1.0
33 3.0
34 1.0
35 4.0
36 2.0
37 7.0
38 6.0
39 2.0
40 7.0
41 2.0
42 2.0
43 9.0
44 10.0
45 6.0
46 2.0
47 1.0
48 9.0
49 6.0
50 6.0
51 1.0
52 5.0
53 1.0
54 10.0
55 4.0
56 4.0
57 7.0
58 1.0
59 7.0
60 10.0
DEVIATION_SECTION
1 0.0
2 3.0
3 1.66667
4 0.333333
5 2.33333
6 3.0
7 3.0
8 2.0
9 0.333333
10 0.333333
11 1.0
12 2.66667
13 0.666667
14 1.0
15 0.333333
16 0.333333
17 1.33333
18 0.333333
19 1.0
20 2.66667
21 3.0
22 3.33333
23 1.0
24 0.333333
25 1.33333
26 1.0
27 2.66667
28 3.33333
29 0.333333
30 2.66667
31 1.33333
32 0.333333
33 1.0
34 0.333333
35 1.33333
36 0.666667
37 2.33333
38 2.0
39 0.666667
40 2.33333
41 0.666667
42 0.666667
43 3.0
44 3.33333
45 2.0
46 0.666667
47 0.333333
48 3.0
49 2.0
50 2.0
51 0.333333
52 1.66667
53 0.333333
54 3.33333
55 1.33333
56 1.33333
57 2.33333
58 0.333333
59 2.33333
60 3.33333
DISTANCE_MATRIX
0.0 29.1548 38.7706 43.909 36.6742 28.4253 67.921 62.1415 41.9815 19.105 45.5161 16.0 13.0 49.7293 46.6227 51.3242 27.2947 46.39 32.6127 26.6833 55.2268 57.8977 35.099 66.605 42.4666 41.8688 53.7587 49.3964 21.2235 36.4966 28.1603 12.6491 61.3043 49.5758 58.487 23.0868 53.4883 60.6093 34.1838 40.5573 54.5711 37.8557 41.1589 56.6592 59.4289 65.7343 34.9285 45.31 27.7308 60.0462 38.4187 38.0562 30.0167 24.8478 20.1245 70.4886 60.2181 20.6554 40.3113 49.5635 
29.1548 0.0 64.9967 14.7648 58.0086 56.7361 59.0593 54.1295 35.4401 18.0278 71.7421 43.7559 16.4012 76.4627 72.8487 55.3003 50.6661 49.4813 29.0689 53.3769 84.0238 71.2095 54.0621 57.7062 57.4128 70.1383 80.6374 77.0449 32.8062 61.6604 56.113 39.8433 72.1526 46.3263 52.5547 8.544 25.318 60.8886 28.9429 41.2763 81.9951 28.1603 42.8076 82.8853 66.3456 93.4423 59.4138 17.1172 56.8243 73.8903 66.5963 54.7449 16.7631 16.7631 43.6232 69.5701 31.6228 37.0294 66.8325 48.2409 
38.7706 64.9967 0.0 74.9634 63.8122 24.8395 52.0096 47.1699 40.2251 51.7049 7.2111 41.6293 48.7404 17.2047 8.06226 31.0161 14.5185 78.7349 48.3417 13.8924 42.0119 88.193 26.083 51.0392 18.6815 28.6356 22.2036 27.2947 32.2184 57.4891 45.4533 26.808 26.4008 83.9095 43.1856 57.366 79.6358 39.4588 71.6764 33.2421 20.5183 46.3622 31.7398 17.8885 32.311 40.7185 57.8014 72.5709 36.7696 23.4307 26.2488 68.8767 51.3961 61.7273 52.4694 47.8017 94.3931 27.9757 6.32456 34.5254 
43.909 14.7648 74.9634 0.0 71.2567 71.299 60.8769 56.8859 41.1096 30.6105 80.7189 58.5079 31.0644 87.6717 82.8154 61.2944 60.6327 58.2409 37.6431 67.4099 98.6054 81.7863 58.8006 59.6657 61.8009 84.7012 92.4626 91.6079 42.7729 75.71 70.865 54.4063 78.1468 46.5188 56.3205 21.9317 12.3693 66.0303 32.7567 47.2706 91.9617 34.3657 48.8018 84.0287 72.3395 108.005 73.3485 6.40312 71.5891 78.2784 81.1593 67.0298 24.3516 29.0804 57.8516 73.5527 19.6469 46.996 76.7992 54.0833 
36.6742 58.0086 63.8122 71.2567 0.0 40.8534 101.829 96.0489 76.845 55.0974 70.5938 23.3452 47.3434 67.0522 71.1969 85.1469 56.7274 26.6271 67.4761 49.93 53.6004 24.6982 68.7677 100.513 76.1623 48.3735 68.884 58.4209 56.0803 10.4403 19.6469 40.3113 89.6978 38.9487 92.3945 55.7315 83.0542 94.4934 41.1096 74.4648 71.8401 72.3148 75.0663 81.6333 93.1246 71.0634 8.06226 75.0067 29.1204 86.8387 46.8722 8.94427 65.5266 42.19 24.6155 104.35 80.0062 55.2178 62.6099 83.471 
28.4253 56.7361 24.8395 71.299 40.8534 0.0 72.5672 67.082 53.0848 52.9467 32.0156 22.0907 40.3609 26.4764 31.241 53.4376 22.561 60.0 45.7056 12.6491 27.4591 65.5515 37.6563 71.3863 44.3933 13.4536 29.0172 21.5407 34.2053 33.2866 21.4709 17.2047 51.225 65.7056 63.1506 49.6819 80.057 62.5486 59.2655 47.0106 31.4006 51.9711 47.0956 41.8688 56.4579 37.5899 34.0 72.0247 12.2066 48.2701 10.0 47.2969 52.6416 53.0782 34.2655 71.4227 88.1155 30.5941 22.2036 53.9351 
67.921 59.0593 52.0096 60.8769 101.829 72.5672 0.0 5.83095 25.4558 49.2288 46.2709 78.6334 58.9218 66.9104 51.788 21.095 50.01 103.332 34.9323 60.0167 94.0 124.445 34.9285 1.41421 34.2345 80.1561 71.3863 79.1581 54.0817 98.8951 87.8465 62.2415 35.3553 98.1334 9.48683 53.8238 56.0803 14.7648 83.3484 27.7849 67.9117 32.0156 26.8328 47.1699 25.5539 90.802 98.1184 55.109 81.9085 37.5766 77.3175 104.603 42.72 72.0069 86.6715 15.2315 78.6384 49.8391 58.0775 18.6815 
62.1415 54.1295 47.1699 56.8859 96.0489 67.082 5.83095 0.0 19.8494 43.7217 41.7732 72.8538 53.4147 62.5859 47.5395 16.7631 44.5533 97.8995 29.3225 54.5894 89.0505 118.665 29.4279 4.47214 29.0172 75.0267 67.1863 74.4312 48.3021 93.1155 82.0792 56.4624 32.8024 92.6614 4.0 48.5489 53.0377 12.8062 77.8763 21.9545 63.8905 26.6271 21.0238 43.8292 23.3452 86.5852 92.3388 51.3517 76.243 34.6699 72.1203 98.8236 37.5899 66.6108 80.8919 17.0294 75.1665 44.0595 53.3385 13.1529 
41.9815 35.4401 40.2251 41.1096 76.845 53.0848 25.4558 19.8494 0.0 23.9129 36.4125 54.5555 33.6059 56.8685 42.7979 20.2237 32.0156 78.0907 9.47647 41.5933 78.1025 97.5933 18.868 24.0416 21.5471 63.3482 61.7668 65.2173 21.0611 75.4142 65.2029 39.885 37.3363 72.8544 17.4929 29.0689 40.8534 25.4951 58.0693 7.2111 59.2014 7.28011 8.48528 43.6005 31.257 80.2661 74.2153 36.6742 60.7185 37.5766 60.0167 78.6637 18.6815 46.8722 60.7319 34.176 60.531 23.5049 46.545 13.0 
19.105 18.0278 51.7049 30.6105 55.0974 52.9467 49.2288 43.7217 23.9129 0.0 58.4504 35.0571 9.89949 64.4132 59.5569 43.6146 37.3743 54.4902 15.9277 44.1515 80.0567 73.9929 40.7703 47.8178 44.121 65.3 69.2042 69.7161 19.5145 55.5788 47.0106 26.8506 60.4669 49.7731 41.3876 9.48683 37.4433 49.2029 34.9881 29.5907 68.7033 17.3383 31.1219 69.5935 54.6599 85.5815 53.9351 29.8329 45.1741 60.5985 61.7173 55.6081 11.0454 24.1661 38.4819 57.9879 49.2443 23.7376 53.5407 36.5553 
45.5161 71.7421 7.2111 80.7189 70.5938 32.0156 46.2709 41.7732 36.4125 58.4504 0.0 48.3821 55.4858 20.8806 6.40312 25.1794 21.2639 85.4803 44.5291 20.6155 48.2597 94.946 22.2704 45.3982 15.0 35.4401 25.632 33.0 38.9638 64.4438 52.4023 33.5534 19.2094 93.2007 37.855 64.1115 76.7781 33.0606 78.4218 29.4295 22.8254 42.5496 27.9273 12.1655 25.2982 44.9222 64.6607 79.3163 43.8634 16.2788 33.2415 75.6227 58.1415 68.4728 59.2149 41.0 101.139 34.7211 12.1655 29.7321 
16.0 43.7559 41.6293 58.5079 23.3452 22.0907 78.6334 72.8538 54.5555 35.0571 48.3821 0.0 28.4429 48.0937 49.3964 61.8466 33.6006 38.0526 45.2217 27.8568 44.6542 46.8722 45.4533 77.3174 52.8412 33.8378 51.0098 43.1741 33.6155 20.8806 12.3693 16.9706 67.4861 43.6863 69.1994 38.6394 68.6804 71.218 37.2462 51.2697 53.0848 50.4767 51.8712 59.5063 69.8036 58.5235 19.6977 60.4401 15.0 64.627 31.0483 27.2947 46.0109 34.1885 12.2462 81.0555 74.2098 32.249 41.4849 60.2759 
13.0 16.4012 48.7404 31.0644 47.3434 40.3609 58.9218 53.4147 33.6059 9.89949 55.4858 28.4429 0.0 60.0877 56.5924 53.3076 37.0697 44.6421 25.6208 37.002 67.624 64.1448 50.4633 57.5108 52.2336 53.7634 64.2624 60.67 30.9906 48.0104 40.7922 23.4684 71.0713 40.3113 51.0806 10.198 40.4969 58.8959 25.5265 39.2837 64.8661 27.0314 40.8149 66.629 64.3529 77.0674 46.0977 32.311 40.7185 70.2845 50.2214 45.76 18.9737 15.2971 30.1725 67.6809 47.7583 30.4224 50.3766 46.2483 
49.7293 76.4627 17.2047 87.6717 67.0522 26.4764 66.9104 62.5859 56.8685 64.4132 20.8806 48.0937 60.0877 0.0 15.1327 45.8912 27.2267 86.1452 64.9851 23.0868 30.0832 91.7061 42.7264 66.0984 35.3412 21.2603 5.0 14.3178 44.9266 58.6941 47.4342 37.108 35.5106 91.449 58.6941 70.0743 92.3441 53.1507 82.4106 49.8855 5.0 63.0056 48.3833 22.8035 44.0454 24.0416 59.808 85.5079 37.9473 32.3883 21.095 73.7564 64.1044 73.0747 60.0089 60.075 107.101 40.684 11.3137 50.5964 
46.6227 72.8487 8.06226 82.8154 71.1969 31.241 51.788 47.5395 42.7979 59.5569 6.40312 49.3964 56.5924 15.1327 0.0 30.8058 22.3705 86.586 50.9145 21.5407 43.9318 95.7131 28.6558 50.9902 21.4009 32.2025 19.6469 28.2843 40.0704 64.405 52.4309 34.66 21.5407 91.7606 43.6807 65.2181 83.1635 38.0526 79.5284 35.8149 16.5529 48.935 34.3126 10.6301 29.2746 39.0512 64.8999 80.4229 43.4166 18.3848 30.5287 76.5572 59.2481 69.5794 60.3205 45.2769 102.245 35.8277 9.21954 35.8469 
51.3242 55.3003 31.0161 61.2944 85.1469 53.4376 21.095 16.7631 20.2237 43.6146 25.1794 61.8466 53.3076 45.8912 30.8058 0.0 30.8881 97.7924 29.1573 40.8422 73.0274 107.571 16.4012 20.2237 14.3178 59.4138 50.448 58.0775 37.4849 81.5463 70.0079 45.0 18.0278 92.1332 13.0 49.2757 60.7289 9.43398 77.7711 16.2788 47.1275 27.1778 14.3178 27.4591 11.0454 69.857 81.0247 56.8859 63.2849 19.105 56.7186 87.7287 38.5593 66.5881 69.7974 19.2094 80.7527 33.2422 37.0135 7.61577 
27.2947 50.6661 14.5185 60.6327 56.7274 22.561 50.01 44.5533 32.0156 37.3743 21.2639 33.6006 37.0697 27.2267 22.3705 30.8881 0.0 69.6228 28.2809 10.0499 46.0977 80.4487 15.1327 48.8365 21.8438 31.4006 32.0177 33.541 17.8877 51.8556 40.0 17.0 40.3679 74.7845 40.6079 43.0354 65.3052 40.3148 60.0056 25.318 31.5168 34.5864 25.0799 32.407 45.4001 48.8262 51.6624 58.469 32.6497 37.5087 28.1603 60.7454 37.0655 50.0566 43.3573 50.0822 80.0624 13.6451 16.3543 31.4006 
46.39 49.4813 78.7349 58.2409 26.6271 60.0 103.332 97.8995 78.0907 54.4902 85.4803 38.0526 44.6421 86.1452 86.586 97.7924 69.6228 0.0 70.1055 65.194 78.4474 24.0208 79.8437 101.921 87.2423 70.5762 89.0056 80.399 72.9725 36.7151 42.2019 52.6262 104.584 14.5602 95.5654 50.6063 70.6045 103.381 25.632 83.7685 91.1373 71.4213 85.2997 96.6235 104.205 94.7259 34.0 63.5689 50.4876 101.725 68.2642 17.8045 61.8466 32.7238 34.2655 112.166 61.0737 65.6491 79.102 90.7331 
32.6127 29.0689 48.3417 37.6431 67.4761 45.7056 34.9323 29.3225 9.47647 15.9277 44.5291 45.2217 25.6208 64.9851 50.9145 29.1573 28.2809 70.1055 0.0 35.3528 71.8885 89.1363 26.6633 33.5181 29.6636 57.0243 69.8834 60.7309 12.0416 66.0984 56.0892 31.0644 46.0096 64.8693 26.9302 21.5889 40.2244 34.7456 50.0842 15.1333 67.318 6.32456 16.6646 51.8915 40.2026 76.4981 64.8499 34.4384 52.0384 46.1411 53.5198 69.2948 13.3417 38.9012 51.3631 43.5306 57.28 15.1327 55.2327 22.0979 
26.6833 53.3769 13.8924 67.4099 49.93 12.6491 60.0167 54.5894 41.5933 44.1515 20.6155 27.8568 37.002 23.0868 21.5407 40.8422 10.0499 65.194 35.3528 0.0 36.6879 74.3034 25.1794 58.8558 31.7979 21.8403 27.313 25.6125 24.6982 43.8634 31.8277 14.1421 39.7687 70.3686 50.636 46.3227 72.0987 50.8918 59.3249 35.1283 27.8927 41.6583 35.0143 31.7648 44.801 41.7253 44.0454 65.2462 23.6008 36.9096 18.4391 55.0364 43.8292 49.9889 38.9285 59.7658 84.4256 20.5913 14.0357 41.4367 
55.2268 84.0238 42.0119 98.6054 53.6004 27.4591 94.0 89.0505 78.1025 80.0567 48.2597 44.6542 67.624 30.0832 43.9318 73.0274 46.0977 78.4474 71.8885 36.6879 0.0 76.0066 60.531 93.0054 60.1332 14.8661 27.7849 15.8114 60.9262 43.2897 36.4005 44.6542 65.2534 87.2353 85.0529 76.9883 107.363 81.3019 81.4786 71.3863 32.249 78.194 71.0211 52.811 73.1642 18.6815 45.5412 99.3311 29.6816 62.0967 18.3848 62.1691 79.7516 80.0563 56.4786 89.1067 115.32 57.0088 36.1248 76.1643 
57.8977 71.2095 88.193 81.7863 24.6982 65.5515 124.445 118.665 97.5933 73.9929 94.946 46.8722 64.1448 91.7061 95.7131 107.571 80.4487 24.0208 89.1363 74.3034 76.0066 0.0 91.351 123.129 98.7499 72.5672 93.4077 82.5651 77.7471 33.541 44.2719 63.6003 114.05 38.1182 115.011 71.5542 94.1488 116.856 49.0306 97.0809 96.4624 91.0188 97.6825 106.066 115.712 94.1913 32.0156 86.8476 53.7587 111.191 71.3092 19.8494 82.365 54.452 45.7732 126.735 85.0235 77.1568 87.2353 105.81 
35.099 54.0621 26.083 58.8006 68.7677 37.6563 34.9285 29.4279 18.868 40.7703 22.2704 45.4533 50.4633 42.7264 28.6558 16.4012 15.1327 79.8437 26.6633 25.1794 60.531 91.351 0.0 33.7343 7.40492 46.0977 47.6247 47.2132 21.2837 65.192 53.7122 28.6007 26.2426 82.5809 25.4951 46.4314 58.9124 25.807 67.802 11.6619 45.0593 24.6838 10.7703 29.7965 24.3673 66.6366 64.6375 54.5037 47.1699 25.4558 43.0116 71.5052 36.0653 63.7437 53.5782 35.609 78.2836 17.0411 32.4029 16.2788 
66.605 57.7062 51.0392 59.6657 100.513 71.3863 1.41421 4.47214 24.0416 47.8178 45.3982 77.3174 57.5108 66.0984 50.9902 20.2237 48.8365 101.921 33.5181 58.8558 93.0054 123.129 33.7343 0.0 33.1361 79.1012 70.6116 78.2304 45.1027 97.5791 86.539 60.9262 34.9857 96.7256 8.24621 52.4309 55.0364 14.4222 81.9405 26.4197 67.1863 30.6105 25.4951 46.6154 25.2389 90.0278 96.8024 53.9351 80.6536 37.1214 76.2387 103.287 41.3401 70.6045 85.3555 15.8114 77.5242 48.5231 57.1402 17.4642 
42.4666 57.4128 18.6815 61.8009 76.1623 44.3933 34.2345 29.0172 21.5471 44.121 15.0 52.8412 52.2336 35.3412 21.4009 14.3178 21.8438 87.2423 29.6636 31.7979 60.1332 98.7499 7.40492 33.1361 0.0 46.0109 40.2492 45.8912 28.6724 72.502 60.9637 35.9647 21.2132 89.9485 25.02 49.7821 61.9127 23.7065 75.1696 14.564 37.7359 27.6841 13.0618 23.2594 20.8087 59.2368 71.9809 57.504 54.2406 20.0 43.1145 78.9053 39.0656 63.6163 60.9768 33.2866 81.2839 24.4298 25.0 16.0312 
41.8688 70.1383 28.6356 84.7012 48.3735 13.4536 80.1561 75.0267 63.3482 65.3 35.4401 33.8378 53.7634 21.2603 32.2025 59.4138 31.4006 70.5762 57.0243 21.8403 14.8661 72.5672 46.0977 79.1012 46.0109 0.0 21.4709 10.0499 46.0977 39.0512 29.0172 30.4795 53.7122 77.4919 71.0282 63.0841 93.2473 68.0661 71.0595 56.7186 25.2389 63.3298 56.4358 42.19 60.7289 24.6982 40.6079 85.4269 20.0998 50.5668 3.60555 56.0357 64.9949 66.5301 46.0595 76.4003 101.52 42.1545 23.4094 62.0 
53.7587 80.6374 22.2036 92.4626 68.884 29.0172 71.3863 67.1863 61.7668 69.2042 25.632 51.0098 64.2624 5.0 19.6469 50.448 32.0177 89.0056 69.8834 27.313 27.7849 93.4077 47.6247 70.6116 40.2492 21.4709 0.0 12.7279 49.7176 60.0833 49.2443 41.1096 39.1152 94.5163 63.3246 74.8653 97.1351 57.4282 86.5853 54.7838 4.47214 67.9039 53.2815 26.1725 48.0104 19.4165 61.4003 90.2988 39.8121 36.0555 22.1359 75.9539 68.8953 77.2493 63.0762 64.0 111.686 45.475 16.2788 55.3624 
49.3964 77.0449 27.2947 91.6079 58.4209 21.5407 79.1581 74.4312 65.2173 69.7161 33.0 43.1741 60.67 14.3178 28.2843 58.0775 33.541 80.399 60.7309 25.6125 15.8114 82.5651 47.2132 78.2304 45.8912 10.0499 12.7279 0.0 50.2195 49.0306 39.0512 37.2022 49.4773 86.8599 70.4557 69.9907 97.6634 66.0303 80.4198 58.28 17.0294 67.0363 57.7805 37.0 57.5587 16.4012 50.636 90.8108 30.0167 46.3249 12.1655 66.0681 69.4046 73.6533 55.4198 73.5527 108.427 46.0435 21.095 61.8142 
21.2235 32.8062 32.2184 42.7729 56.0803 34.2053 54.0817 48.3021 21.0611 19.5145 38.9638 33.6155 30.9906 44.9266 40.0704 37.4849 17.8877 72.9725 12.0416 24.6982 60.9262 77.7471 21.2837 45.1027 28.6724 46.0977 49.7176 50.2195 0.0 54.4243 44.1475 19.0263 47.5102 68.7055 44.6477 25.1756 47.4617 46.7699 53.9265 26.718 49.2167 18.0278 27.3195 50.1069 45.6348 66.0681 53.3104 40.6091 40.0125 46.7234 42.5441 57.9057 19.2094 42.3733 39.9739 56.6493 62.2026 4.24264 34.0542 35.7242 
36.4966 61.6604 57.4891 75.71 10.4403 33.2866 98.8951 93.1155 75.4142 55.5788 64.4438 20.8806 48.0104 58.6941 64.405 81.5463 51.8556 36.7151 66.0984 43.8634 43.2897 33.541 65.192 97.5791 72.502 39.0512 60.0833 49.0306 54.4243 0.0 12.0416 36.7151 83.5478 48.1664 89.4611 58.0086 86.977 90.9731 47.8853 71.5314 63.3246 71.3572 72.1329 75.0 88.5801 61.0 2.82843 78.7718 21.095 80.6887 37.9473 19.3132 66.3702 47.1275 26.0907 100.74 86.406 52.8015 55.4707 80.5295 
28.1603 56.113 45.4533 70.865 19.6469 21.4709 87.8465 82.0792 65.2029 47.0106 52.4023 12.3693 40.7922 47.4342 52.4309 70.0079 40.0 42.2019 56.0892 31.8277 36.4005 44.2719 53.7122 86.539 60.9637 29.0172 49.2443 39.0512 44.1475 12.0416 0.0 25.632 71.5063 51.0 78.3901 50.9902 81.0432 79.4347 46.6905 60.5003 52.2015 61.6604 61.0983 63.0079 76.5386 52.6118 12.53 72.8011 9.48683 68.6472 27.2947 27.0185 58.0345 43.7467 21.8045 89.202 83.768 42.0595 43.566 69.3542 
12.6491 39.8433 26.808 54.4063 40.3113 17.2047 62.2415 56.4624 39.885 26.8506 33.5534 16.9706 23.4684 37.108 34.66 45.0 17.0 52.6262 31.0644 14.1421 44.6542 63.6003 28.6007 60.9262 35.9647 30.4795 41.1096 37.2022 19.0263 36.7151 25.632 0.0 52.6574 57.8008 52.8015 32.7891 63.1642 54.4059 45.7907 34.8784 41.9762 37.0 35.48 44.6965 52.9271 53.6004 36.0555 55.1319 21.0 49.7982 26.9072 43.8292 36.236 36.4547 26.3607 64.2028 71.2254 16.4924 28.0179 43.8292 
61.3043 72.1526 26.4008 78.1468 89.6978 51.225 35.3553 32.8024 37.3363 60.4669 19.2094 67.4861 71.0713 35.5106 21.5407 18.0278 40.3679 104.584 46.0096 39.7687 65.2534 114.05 26.2426 34.9857 21.2132 53.7122 39.1152 49.4773 47.5102 83.5478 71.5063 52.6574 0.0 108.786 29.7321 66.128 78.1857 20.5913 94.0073 31.7805 35.0143 44.0301 29.8329 13.0 9.84886 58.0086 83.7826 73.85 63.0317 3.16228 51.8845 94.7268 55.4116 82.4541 78.3189 25.1794 97.6298 43.2675 30.4138 25.5539 
49.5758 46.3263 83.9095 46.5188 38.9487 65.7056 98.1334 92.6614 72.8544 49.7731 93.2007 43.6863 40.3113 91.449 91.7606 92.1332 74.7845 14.5602 64.8693 70.3686 87.2353 38.1182 82.5809 96.7256 89.9485 77.4919 94.5163 86.8599 68.7055 48.1664 51.0 57.8008 108.786 0.0 90.3291 44.87 58.6941 98.1445 16.4012 78.5322 96.4483 66.1255 80.0635 104.344 104.571 102.142 45.3431 52.3546 57.9396 107.999 74.7339 30.8058 56.149 26.9704 39.4401 106.929 47.0106 68.1373 84.2766 85.4968 
58.487 52.5547 43.1856 56.3205 92.3945 63.1506 9.48683 4.0 17.4929 41.3876 37.855 69.1994 51.0806 58.6941 43.6807 13.0 40.6079 95.5654 26.9302 50.636 85.0529 115.011 25.4951 8.24621 25.02 71.0282 63.3246 70.4557 44.6477 89.4611 78.3901 52.8015 29.7321 90.3291 0.0 46.5296 53.3385 10.7703 75.544 18.6011 60.0833 24.5967 17.4929 40.3113 20.6155 82.7103 88.6843 51.0392 72.4224 31.4006 68.1342 95.1691 35.8469 64.3542 77.2374 17.2627 75.0067 40.405 49.366 9.21954 
23.0868 8.544 57.366 21.9317 55.7315 49.6819 53.8238 48.5489 29.0689 9.48683 64.1115 38.6394 10.198 70.0743 65.2181 49.2757 43.0354 50.6063 21.5889 46.3227 76.9883 71.5542 46.4314 52.4309 49.7821 63.0841 74.8653 69.9907 25.1756 58.0086 50.9902 32.7891 66.128 44.87 46.5296 0.0 30.4631 54.4142 30.085 35.2518 74.3644 21.9545 36.783 75.2546 60.321 86.3881 56.0089 22.3607 50.6952 66.2596 59.5421 53.7587 11.3137 18.3848 40.0139 63.1991 39.9625 29.3987 59.2018 41.7665 
53.4883 25.318 79.6358 12.3693 83.0542 80.057 56.0803 53.0377 40.8534 37.4433 76.7781 68.6804 40.4969 92.3441 83.1635 60.7289 65.3052 70.6045 40.2244 72.0987 107.363 94.1488 58.9124 55.0364 61.9127 93.2473 97.1351 97.6634 47.4617 86.977 81.0432 63.1642 78.1857 58.6941 53.3385 30.4631 0.0 63.7887 45.1221 47.3824 96.6342 35.3553 48.9136 84.1405 71.5681 113.529 84.7172 8.24621 81.1542 78.3901 89.6645 79.1726 28.2843 41.0122 68.9384 70.0643 23.0868 51.6848 81.4716 53.1601 
60.6093 60.8886 39.4588 66.0303 94.4934 62.5486 14.7648 12.8062 25.4951 49.2029 33.0606 71.218 58.8959 53.1507 38.0526 9.43398 40.3148 103.381 34.7456 50.8918 81.3019 116.856 25.807 14.4222 23.7065 68.0661 57.4282 66.0303 46.7699 90.9731 79.4347 54.4059 20.5913 98.1445 10.7703 54.4142 63.7887 0.0 83.3594 23.7065 53.7587 32.7567 21.9545 32.573 10.8167 76.7919 90.4434 61.0328 72.7117 22.8473 65.5134 97.0142 44.1476 72.1764 79.0825 9.89949 85.0529 42.5273 45.1774 13.0 
34.1838 28.9429 71.6764 32.7567 41.1096 59.2655 83.3484 77.8763 58.0693 34.9881 78.4218 37.2462 25.5265 82.4106 79.5284 77.7711 60.0056 25.632 50.0842 59.3249 81.4786 49.0306 67.802 81.9405 75.1696 71.0595 86.5853 80.4198 53.9265 47.8853 46.6905 45.7907 94.0073 16.4012 75.544 30.085 45.1221 83.3594 0.0 63.7472 87.1889 51.3404 65.2784 89.5649 89.7918 95.7308 45.1774 37.9473 51.8254 93.2205 68.2938 35.3553 41.3639 12.1854 33.0 92.1444 38.8973 53.3584 72.6995 70.7118 
40.5573 41.2763 33.2421 47.2706 74.4648 47.0106 27.7849 21.9545 7.2111 29.5907 29.4295 51.2697 39.2837 49.8855 35.8149 16.2788 25.318 83.7685 15.1333 35.1283 71.3863 97.0809 11.6619 26.4197 14.564 56.7186 54.7838 58.28 26.718 71.5314 60.5003 34.8784 31.7805 78.5322 18.6011 35.2518 47.3824 23.7065 63.7472 0.0 52.2184 13.1538 2.0 36.8917 27.074 73.7957 70.7546 42.9737 55.109 31.6228 53.4603 77.2394 24.5353 52.5641 59.3077 33.2866 66.7536 22.4753 39.562 10.8167 
54.5711 81.9951 20.5183 91.9617 71.8401 31.4006 67.9117 63.8905 59.2014 68.7033 22.8254 53.0848 64.8661 5.0 16.5529 47.1275 31.5168 91.1373 67.318 27.8927 32.249 96.4624 45.0593 67.1863 37.7359 25.2389 4.47214 17.0294 49.2167 63.3246 52.2015 41.9762 35.0143 96.4483 60.0833 74.3644 96.6342 53.7587 87.1889 52.2184 0.0 65.3385 50.7162 22.0227 44.1022 23.0868 64.5136 89.5693 42.72 32.0 25.4951 78.6448 68.3944 77.853 65.0082 60.0333 111.391 44.9741 15.2643 52.3927 
37.8557 28.1603 46.3622 34.3657 72.3148 51.9711 32.0156 26.6271 7.28011 17.3383 42.5496 50.4767 27.0314 63.0056 48.935 27.1778 34.5864 71.4213 6.32456 41.6583 78.194 91.0188 24.6838 30.6105 27.6841 63.3298 67.9039 67.0363 18.0278 71.3572 61.6604 37.0 44.0301 66.1255 24.5967 21.9545 35.3553 32.7567 51.3404 13.1538 65.3385 0.0 14.6851 49.912 38.2231 85.7579 70.093 30.3645 58.0 44.1616 59.8252 73.6715 11.4018 40.0 55.7398 41.4367 53.9351 21.3776 53.2532 20.1184 
41.1589 42.8076 31.7398 48.8018 75.0663 47.0956 26.8328 21.0238 8.48528 31.1219 27.9273 51.8712 40.8149 48.3833 34.3126 14.3178 25.0799 85.2997 16.6646 35.0143 71.0211 97.6825 10.7703 25.4951 13.0618 56.4358 53.2815 57.7805 27.3195 72.1329 61.0983 35.48 29.8329 80.0635 17.4929 36.783 48.9136 21.9545 65.2784 2.0 50.7162 14.6851 0.0 35.2278 25.0799 72.2934 71.3562 44.505 55.5428 29.7321 53.2353 77.841 26.0666 54.0954 59.9093 31.6228 68.2848 23.0769 38.0598 9.21954 
56.6592 82.8853 17.8885 84.0287 81.6333 41.8688 47.1699 43.8292 43.6005 69.5935 12.1655 59.5063 66.629 22.8035 10.6301 27.4591 32.407 96.6235 51.8915 31.7648 52.811 106.066 29.7965 46.6154 23.2594 42.19 26.1725 37.0 50.1069 75.0 63.0079 44.6965 13.0 104.344 40.3113 75.2546 84.1405 32.573 89.5649 36.8917 22.0227 49.912 35.2278 0.0 22.3607 45.0111 75.452 79.7319 54.037 10.0499 40.8044 86.764 61.2935 79.6159 70.358 38.1182 110.638 45.8643 19.799 34.0588 
59.4289 66.3456 32.311 72.3395 93.1246 56.4579 25.5539 23.3452 31.257 54.6599 25.2982 69.8036 64.3529 44.0454 29.2746 11.0454 45.4001 104.205 40.2026 44.801 73.1642 115.712 24.3673 25.2389 20.8087 60.7289 48.0104 57.5587 45.6348 88.5801 76.5386 52.9271 9.84886 104.571 20.6155 60.321 71.5681 10.8167 89.7918 27.074 44.1022 38.2231 25.0799 22.3607 0.0 67.1863 88.8149 67.897 68.0694 12.3693 58.5235 95.8676 49.6046 77.6333 77.9391 16.0312 91.7878 41.3921 37.3631 18.4391 
65.7343 93.4423 40.7185 108.005 71.0634 37.5899 90.802 86.5852 80.2661 85.5815 44.9222 58.5235 77.0674 24.0416 39.0512 69.857 48.8262 94.7259 76.4981 41.7253 18.6815 94.1913 66.6366 90.0278 59.2368 24.6982 19.4165 16.4012 66.0681 61.0 52.6118 53.6004 58.0086 102.142 82.7103 86.3881 113.529 76.7919 95.7308 73.7957 23.0868 85.7579 72.2934 45.0111 67.1863 0.0 63.0317 106.676 44.3847 55.0364 27.7308 79.3095 85.276 90.048 70.7308 83.0963 124.824 61.8466 34.4384 74.6324 
34.9285 59.4138 57.8014 73.3485 8.06226 34.0 98.1184 92.3388 74.2153 53.9351 64.6607 19.6977 46.0977 59.808 64.8999 81.0247 51.6624 34.0 64.8499 44.0454 45.5412 32.0156 64.6375 96.8024 71.9809 40.6079 61.4003 50.636 53.3104 2.82843 12.53 36.0555 83.7826 45.3431 88.6843 56.0089 84.7172 90.4434 45.1774 70.7546 64.5136 70.093 71.3562 75.452 88.8149 63.0317 0.0 76.531 21.9317 80.9235 39.2938 16.7631 64.6297 44.643 24.0 100.219 83.7735 51.8845 56.0803 79.7559 
45.31 17.1172 72.5709 6.40312 75.0067 72.0247 55.109 51.3517 36.6742 29.8329 79.3163 60.4401 32.311 85.5079 80.4229 56.8859 58.469 63.5689 34.4384 65.2462 99.3311 86.8476 54.5037 53.9351 57.504 85.4269 90.2988 90.8108 40.6091 78.7718 72.8011 55.1319 73.85 52.3546 51.0392 22.3607 8.24621 61.0328 37.9473 42.9737 89.5693 30.3645 44.505 79.7319 67.897 106.676 76.531 0.0 73.0068 73.9815 81.8849 71.3442 21.6333 33.1361 60.7186 68.1836 24.0208 44.8323 74.6354 49.4975 
27.7308 56.8243 36.7696 71.5891 29.1204 12.2066 81.9085 76.243 60.7185 45.1741 43.8634 15.0 40.7185 37.9473 43.4166 63.2849 32.6497 50.4876 52.0384 23.6008 29.6816 53.7587 47.1699 80.6536 54.2406 20.0998 39.8121 30.0167 40.0125 21.095 9.48683 21.0 63.0317 57.9396 72.4224 50.6952 81.1542 72.7117 51.8254 55.109 42.72 58.0 55.5428 54.037 68.0694 44.3847 21.9317 73.0068 0.0 60.1415 18.0278 36.2215 56.2004 48.7677 26.8254 82.479 87.7461 37.2156 34.4093 63.2456 
60.0462 73.8903 23.4307 78.2784 86.8387 48.2701 37.5766 34.6699 37.5766 60.5985 16.2788 64.627 70.2845 32.3883 18.3848 19.105 37.5087 101.725 46.1411 36.9096 62.0967 111.191 25.4558 37.1214 20.0 50.5668 36.0555 46.3249 46.7234 80.6887 68.6472 49.7982 3.16228 107.999 31.4006 66.2596 78.3901 22.8473 93.2205 31.6228 32.0 44.1616 29.7321 10.0499 12.3693 55.0364 80.9235 73.9815 60.1415 0.0 48.7647 91.8676 55.5431 81.6673 75.4597 28.0713 97.7614 42.4807 27.2947 26.4008 
38.4187 66.5963 26.2488 81.1593 46.8722 10.0 77.3175 72.1203 60.0167 61.7173 33.2415 31.0483 50.2214 21.095 30.5287 56.7186 28.1603 68.2642 53.5198 18.4391 18.3848 71.3092 43.0116 76.2387 43.1145 3.60555 22.1359 12.1655 42.5441 37.9473 27.2947 26.9072 51.8845 74.7339 68.1342 59.5421 89.6645 65.5134 68.2938 53.4603 25.4951 59.8252 53.2353 40.8044 58.5235 27.7308 39.2938 81.8849 18.0278 48.7647 0.0 54.231 61.4122 63.0318 43.2938 74.0405 97.9784 38.6264 21.4709 59.0339 
38.0562 54.7449 68.8767 67.0298 8.94427 47.2969 104.603 98.8236 78.6637 55.6081 75.6227 27.2947 45.76 73.7564 76.5572 87.7287 60.7454 17.8045 69.2948 55.0364 62.1691 19.8494 71.5052 103.287 78.9053 56.0357 75.9539 66.0681 57.9057 19.3132 27.0185 43.8292 94.7268 30.8058 95.1691 53.7587 79.1726 97.0142 35.3553 77.2394 78.6448 73.6715 77.841 86.764 95.8676 79.3095 16.7631 71.3442 36.2215 91.8676 54.231 0.0 64.0862 38.2099 25.9317 106.894 73.9797 57.3153 68.352 85.9684 
30.0167 16.7631 51.3961 24.3516 65.5266 52.6416 42.72 37.5899 18.6815 11.0454 58.1415 46.0109 18.9737 64.1044 59.2481 38.5593 37.0655 61.8466 13.3417 43.8292 79.7516 82.365 36.0653 41.3401 39.0656 64.9949 68.8953 69.4046 19.2094 66.3702 58.0345 36.236 55.4116 56.149 35.8469 11.3137 28.2843 44.1476 41.3639 24.5353 68.3944 11.4018 26.0666 61.2935 49.6046 85.276 64.6297 21.6333 56.2004 55.5431 61.4122 64.0862 0.0 29.6985 48.911 52.811 43.9659 23.4307 53.2319 31.4999 
24.8478 16.7631 61.7273 29.0804 42.19 53.0782 72.0069 66.6108 46.8722 24.1661 68.4728 34.1885 15.2971 73.0747 69.5794 66.5881 50.0566 32.7238 38.9012 49.9889 80.0563 54.452 63.7437 70.6045 63.6163 66.5301 77.2493 73.6533 42.3733 47.1275 43.7467 36.4547 82.4541 26.9704 64.3542 18.3848 41.0122 72.1764 12.1854 52.5641 77.853 40.0 54.0954 79.6159 77.6333 90.048 44.643 33.1361 48.7677 81.6673 63.0318 38.2099 29.6985 0.0 29.9422 80.9613 47.0649 41.8052 63.3635 59.5287 
20.1245 43.6232 52.4694 57.8516 24.6155 34.2655 86.6715 80.8919 60.7319 38.4819 59.2149 12.2462 30.1725 60.0089 60.3205 69.7974 43.3573 34.2655 51.3631 38.9285 56.4786 45.7732 53.5782 85.3555 60.9768 46.0595 63.0762 55.4198 39.9739 26.0907 21.8045 26.3607 78.3189 39.4401 77.2374 40.0139 68.9384 79.0825 33.0 59.3077 65.0082 55.7398 59.9093 70.358 77.9391 70.7308 24.0 60.7186 26.8254 75.4597 43.2938 25.9317 48.911 29.9422 0.0 88.9618 69.9635 39.3836 52.8365 68.0367 
70.4886 69.5701 47.8017 73.5527 104.35 71.4227 15.2315 17.0294 34.176 57.9879 41.0 81.0555 67.6809 60.075 45.2769 19.2094 50.0822 112.166 43.5306 59.7658 89.1067 126.735 35.609 15.8114 33.2866 76.4003 64.0 73.5527 56.6493 100.74 89.202 64.2028 25.1794 106.929 17.2627 63.1991 70.0643 9.89949 92.1444 33.2866 60.0333 41.4367 31.6228 38.1182 16.0312 83.0963 100.219 68.1836 82.479 28.0713 74.0405 106.894 52.811 80.9613 88.9618 0.0 92.0869 52.4066 53.1507 22.4722 
60.2181 31.6228 94.3931 19.6469 80.0062 88.1155 78.6384 75.1665 60.531 49.2443 101.139 74.2098 47.7583 107.101 102.245 80.7527 80.0624 61.0737 57.28 84.4256 115.32 85.0235 78.2836 77.5242 81.2839 101.52 111.686 108.427 62.2026 86.406 83.768 71.2254 97.6298 47.0106 75.0067 39.9625 23.0868 85.0529 38.8973 66.7536 111.391 53.9351 68.2848 110.638 91.7878 124.824 83.7735 24.0208 87.7461 97.7614 97.9784 73.9797 43.9659 47.0649 69.9635 92.0869 0.0 66.4257 96.2289 73.437 
20.6554 37.0294 27.9757 46.996 55.2178 30.5941 49.8391 44.0595 23.5049 23.7376 34.7211 32.249 30.4224 40.684 35.8277 33.2422 13.6451 65.6491 15.1327 20.5913 57.0088 77.1568 17.0411 48.5231 24.4298 42.1545 45.475 46.0435 4.24264 52.8015 42.0595 16.4924 43.2675 68.1373 40.405 29.3987 51.6848 42.5273 53.3584 22.4753 44.9741 21.3776 23.0769 45.8643 41.3921 61.8466 51.8845 44.8323 37.2156 42.4807 38.6264 57.3153 23.4307 41.8052 39.3836 52.4066 66.4257 0.0 29.8115 31.4815 
40.3113 66.8325 6.32456 76.7992 62.6099 22.2036 58.0775 53.3385 46.545 53.5407 12.1655 41.4849 50.3766 11.3137 9.21954 37.0135 16.3543 79.102 55.2327 14.0357 36.1248 87.2353 32.4029 57.1402 25.0 23.4094 16.2788 21.095 34.0542 55.4707 43.566 28.0179 30.4138 84.2766 49.366 59.2018 81.4716 45.1774 72.6995 39.562 15.2643 53.2532 38.0598 19.799 37.3631 34.4384 56.0803 74.6354 34.4093 27.2947 21.4709 68.352 53.2319 63.3635 52.8365 53.1507 96.2289 29.8115 0.0 40.7922 
49.5635 48.2409 34.5254 54.0833 83.471 53.9351 18.6815 13.1529 13.0 36.5553 29.7321 60.2759 46.2483 50.5964 35.8469 7.61577 31.4006 90.7331 22.0979 41.4367 76.1643 105.81 16.2788 17.4642 16.0312 62.0 55.3624 61.8142 35.7242 80.5295 69.3542 43.8292 25.5539 85.4968 9.21954 41.7665 53.1601 13.0 70.7118 10.8167 52.3927 20.1184 9.21954 34.0588 18.4391 74.6324 79.7559 49.4975 63.2456 26.4008 59.0339 85.9684 31.4999 59.5287 68.0367 22.4722 73.437 31.4815 40.7922 0.0 
DEMAND_SCENARIO_SECTION
0 0 0 0 0 0 0 0 0 0 0 0 0 0 0 0 0 0 0 0 0 0 0 0 0 0 0 0 0 0 0 0 0 0 0 0 0 0 0 0 0 0 0 0 0 0 0 0 0 0 0 0 0 0 0 0 0 0 0 0 0 0 0 0 0 0 0 0 0 0 0 0 0 0 0 0 0 0 0 0 0 0 0 0 0 0 0 0 0 0 0 0 0 0 0 0 0 0 0 0 0 0 0 0 0 0 0 0 0 0 0 0 0 0 0 0 0 0 0 0 0 0 0 0 0 0 0 0 0 0 0 0 0 0 0 0 0 0 0 0 0 0 0 0 0 0 0 0 0 0 0 0 0 0 0 0 0 0 0 0 0 0 0 0 0 0 0 0 0 0 0 0 0 0 0 0 0 0 0 0 0 0 0 0 0 0 0 0 0 0 0 0 0 0 0 0 0 0 0 0 
9 6 10 16 15 8 9 11 6 11 11 15 12 6 8 7 9 7 10 6 7 11 10 7 7 13 12 2 14 7 10 8 9 6 4 4 12 8 9 11 7 9 5 11 8 9 6 8 11 10 12 4 14 8 7 9 5 7 5 3 12 7 7 10 5 14 10 10 9 14 6 9 13 11 11 9 7 14 4 9 7 16 8 7 5 11 9 9 11 6 9 6 0 10 10 4 10 8 9 8 8 7 15 10 4 7 12 8 10 7 8 3 9 10 9 8 6 10 14 7 8 6 11 12 7 12 12 10 8 12 2 11 8 9 11 10 12 11 12 12 7 13 8 13 11 8 10 4 11 7 9 11 5 6 6 12 6 12 10 8 10 6 11 9 7 11 11 4 10 10 12 10 10 6 13 7 6 11 9 8 8 6 13 12 10 10 11 11 8 8 15 3 0 11 13 10 9 7 10 8 
6 7 7 4 7 4 4 3 10 2 5 5 6 3 3 5 2 3 7 6 5 4 7 4 5 3 4 5 4 6 6 6 4 7 4 3 5 3 1 6 6 6 4 3 8 8 6 4 4 7 6 2 8 1 7 5 2 6 8 5 6 5 5 5 5 7 4 4 5 4 3 3 5 4 4 4 8 7 8 4 7 4 8 7 5 3 5 5 7 5 3 6 6 4 2 4 5 4 6 5 5 6 5 4 2 5 5 8 3 4 6 7 8 6 4 5 7 3 3 3 5 6 4 6 4 4 7 6 2 8 5 3 6 3 8 5 6 5 1 8 6 5 3 8 9 6 4 4 8 4 6 4 5 3 7 3 2 5 3 6 5 5 2 2 5 4 5 4 8 4 4 2 5 5 8 6 7 6 7 4 3 3 5 6 7 5 9 6 8 5 4 2 3 4 5 6 3 0 3 5 
1 1 1 1 1 1 1 1 1 1 2 1 1 1 1 1 1 0 1 1 1 1 2 1 1 1 0 1 0 1 1 0 1 1 1 1 2 1 1 2 1 1 1 1 0 1 1 1 2 1 1 1 1 0 1 1 1 1 1 2 1 1 1 0 0 2 1 1 1 2 0 1 1 1 1 1 1 2 1 1 1 1 1 1 0 0 1 1 1 1 1 1 1 1 1 1 1 1 1 1 1 2 1 1 1 1 1 1 1 2 1 1 1 1 1 1 1 1 1 1 1 1 1 1 1 1 2 1 1 1 1 1 1 1 1 1 1 1 1 1 1 2 0 1 1 1 1 1 1 1 1 1 1 1 1 1 1 1 1 1 1 1 1 1 2 1 1 0 1 1 1 1 1 1 1 1 1 1 1 1 1 1 1 1 1 1 1 1 1 1 0 2 1 1 1 1 1 1 1 1 
5 7 8 5 9 3 5 7 9 9 8 5 7 7 5 10 9 8 15 9 9 7 4 7 1 9 9 4 4 13 4 3 4 0 8 10 3 8 8 3 4 7 9 3 7 9 9 9 5 5 6 5 10 5 12 6 3 5 6 6 9 10 10 9 7 5 11 10 7 8 7 7 9 7 7 9 4 6 8 6 6 6 5 12 5 6 9 3 5 6 11 8 6 7 5 7 7 5 6 6 8 6 5 11 5 9 9 6 7 7 9 7 7 7 8 7 4 9 9 8 8 8 9 8 9 5 10 8 9 8 6 10 7 9 7 6 9 7 8 6 7 4 8 5 7 7 4 10 9 6 10 7 8 7 8 2 7 4 5 3 6 7 9 8 9 4 9 10 7 6 7 8 8 10 7 12 6 11 3 3 7 11 6 6 3 6 9 4 8 2 8 4 6 9 7 8 7 10 6 7 
11 12 7 9 2 8 11 10 11 9 11 8 10 12 14 12 8 10 5 11 5 13 10 12 12 13 9 6 6 9 11 10 10 11 11 8 10 11 9 17 11 11 10 7 11 9 9 9 9 7 6 6 11 14 16 13 8 8 13 12 11 11 14 9 5 6 8 8 5 7 11 15 15 13 7 12 8 12 8 10 12 5 8 13 13 12 10 7 9 10 11 10 9 10 10 8 11 10 6 6 8 6 9 13 11 11 9 9 10 8 7 7 10 7 7 11 10 8 7 14 7 7 12 12 8 5 14 7 6 7 6 10 8 10 12 5 4 8 12 9 9 16 5 13 6 7 8 14 13 9 7 13 8 9 8 9 6 6 14 9 5 8 9 10 9 18 9 5 6 7 15 8 10 9 7 10 9 13 9 17 7 3 11 12 8 6 10 10 5 9 3 10 9 7 6 8 8 9 9 7 
9 7 9 11 14 8 9 10 7 5 6 13 8 7 12 10 10 11 10 14 7 12 10 9 3 10 7 9 2 11 8 5 12 8 6 8 6 7 13 9 10 11 8 8 3 14 11 10 9 7 11 5 8 6 10 8 3 9 12 13 9 10 8 12 9 8 8 8 6 3 8 8 11 11 7 9 5 7 11 7 12 6 10 9 5 6 10 13 7 7 12 3 9 11 11 15 11 6 9 12 8 5 11 9 8 11 10 12 13 4 10 14 6 13 6 12 8 10 9 8 12 11 11 12 6 8 6 8 11 10 11 9 7 6 4 4 10 7 6 9 4 8 3 12 12 12 10 8 10 9 11 11 6 3 12 11 8 9 6 14 7 13 5 9 10 13 7 16 9 7 4 5 6 13 10 6 5 8 4 16 4 13 10 10 8 10 8 4 7 5 8 5 6 10 12 12 8 16 13 7 
7 7 6 6 6 2 9 5 2 7 6 3 8 6 6 7 7 6 6 6 5 2 8 6 3 8 5 7 4 8 4 8 4 6 5 5 5 7 8 7 7 4 5 5 5 6 7 11 8 4 3 4 5 3 3 3 9 6 6 9 10 4 2 7 4 7 9 8 6 5 4 8 3 5 10 7 7 6 6 4 4 5 7 8 6 5 3 5 4 5 9 3 2 5 5 9 3 6 7 9 5 9 7 8 7 7 4 9 4 5 3 7 6 7 11 4 4 4 7 5 7 7 4 6 8 9 4 2 8 9 7 5 3 6 1 3 5 7 9 2 6 9 5 4 6 6 8 6 8 4 8 6 5 6 10 8 5 5 7 4 8 5 8 6 6 6 3 5 4 6 6 4 3 8 6 5 5 6 6 10 8 6 1 5 5 7 6 5 7 8 8 5 6 8 6 4 5 6 6 3 
1 1 1 2 1 1 1 1 1 1 1 1 1 1 1 1 1 1 0 1 1 1 1 1 2 1 1 1 1 2 1 1 2 1 0 1 1 1 1 1 1 1 1 1 0 1 1 1 1 1 1 1 1 1 1 1 2 1 1 1 1 1 1 1 1 0 1 1 1 1 1 1 1 1 1 1 1 1 1 1 0 1 2 1 2 1 1 1 1 1 1 1 1 1 1 1 1 1 1 0 1 1 1 1 0 1 1 1 1 1 1 1 1 1 1 1 2 0 1 1 1 1 1 0 1 1 1 1 1 1 0 1 1 1 1 1 1 1 1 1 1 1 1 1 0 1 1 1 1 1 1 1 1 1 1 1 1 1 1 0 1 0 1 1 1 1 1 1 1 2 1 1 1 1 1 0 1 1 1 1 1 1 1 1 1 1 1 1 1 1 1 1 1 1 1 1 1 2 1 1 
1 1 1 1 1 1 1 1 0 1 1 1 1 0 1 1 1 1 0 1 1 1 2 1 2 1 1 2 1 1 1 1 1 1 1 1 1 1 1 1 1 1 0 1 0 1 1 1 1 1 1 1 1 1 1 0 1 1 1 0 1 2 1 1 1 1 1 1 1 1 1 1 1 1 1 1 1 1 1 1 1 1 1 1 0 1 1 1 1 1 0 1 1 1 1 1 1 1 1 1 1 1 0 1 1 1 1 0 1 1 1 2 1 1 1 1 0 1 1 1 1 2 0 1 1 1 1 1 1 1 1 1 1 1 1 1 1 1 1 1 1 1 2 1 1 1 1 1 1 1 1 1 1 2 1 1 1 1 1 1 1 1 1 1 1 1 1 0 1 0 0 1 1 1 1 1 1 1 1 1 1 2 0 1 1 1 2 1 1 1 1 0 1 1 1 1 2 1 1 1 
4 3 4 3 3 3 3 1 2 4 3 3 5 2 2 2 2 4 2 3 2 3 2 1 3 3 2 3 3 5 4 4 3 2 2 3 4 2 1 3 2 4 3 4 3 3 1 3 4 3 2 4 5 1 3 5 3 2 5 2 4 3 3 4 3 2 3 3 4 3 3 2 2 3 4 3 3 2 2 5 3 4 2 3 4 3 3 3 4 1 3 4 2 3 4 6 1 3 3 2 3 3 2 2 2 2 4 2 4 2 2 4 3 3 2 3 2 6 3 6 5 4 3 2 5 4 2 4 3 2 2 2 2 5 5 4 2 4 3 4 1 4 2 4 1 1 4 1 2 3 2 3 4 2 4 3 2 4 4 3 3 2 2 4 3 4 3 3 4 4 4 2 2 5 3 3 3 3 2 4 2 2 3 2 3 4 4 3 2 4 4 3 3 4 4 2 4 5 2 2 
15 5 12 8 8 5 6 4 5 6 6 5 2 11 5 7 9 12 7 10 7 7 11 9 8 6 9 6 10 9 4 9 10 8 9 7 11 9 6 3 11 11 9 4 9 10 5 8 8 10 7 11 10 0 6 6 9 7 13 9 7 5 7 6 6 8 6 3 10 7 7 13 6 9 4 4 8 10 9 7 9 7 7 5 7 2 6 7 12 10 12 10 8 12 10 8 9 5 6 5 5 11 6 6 10 6 5 5 9 4 4 8 8 5 5 7 11 2 11 6 7 14 11 10 7 7 9 10 5 8 9 8 7 8 7 8 11 11 5 12 8 3 9 5 12 7 9 7 9 8 9 8 9 9 11 8 12 7 4 9 8 6 7 7 8 8 11 13 4 6 7 8 6 7 13 10 12 8 8 8 5 5 9 7 8 7 12 7 14 7 12 11 7 0 8 8 6 4 12 5 
2 1 2 2 2 2 2 1 2 2 2 2 2 2 2 2 2 3 3 2 2 3 2 2 2 2 2 2 3 2 1 1 1 2 3 3 2 2 2 2 2 2 2 2 3 1 1 2 2 2 1 1 3 3 2 1 3 1 2 1 3 1 2 2 2 1 3 0 2 2 4 1 1 2 2 1 2 1 2 2 2 1 2 1 2 2 2 1 3 1 2 3 2 2 2 3 3 1 1 3 2 2 2 3 3 1 2 2 1 1 2 2 2 1 1 1 2 2 2 2 1 1 2 2 3 2 2 1 3 1 1 2 2 2 3 3 2 3 3 1 1 2 2 2 2 1 3 3 2 3 3 2 3 1 3 3 2 3 2 1 1 1 3 3 1 0 3 2 2 1 1 2 1 3 1 3 2 3 3 3 2 1 2 2 2 1 2 2 3 2 3 2 2 2 2 3 2 1 2 3 
4 1 3 2 3 3 2 4 5 4 4 2 2 3 3 3 3 3 3 2 2 3 2 2 2 4 3 2 2 4 1 3 1 2 3 2 4 2 2 3 0 2 5 3 3 3 3 2 1 4 3 3 2 3 4 2 2 3 1 3 2 2 2 2 3 2 1 3 4 3 3 1 4 4 2 2 3 3 3 3 2 4 3 2 2 2 4 2 3 2 3 2 3 2 4 2 4 3 3 4 4 3 3 3 2 2 3 2 3 2 3 3 2 2 4 3 4 3 2 3 3 4 3 3 3 4 2 2 1 2 4 4 3 3 3 2 3 2 4 3 3 4 2 2 2 4 4 1 4 3 1 3 2 2 3 2 3 4 3 3 4 3 2 5 4 2 3 2 3 3 3 1 3 2 5 4 2 4 3 3 4 3 2 3 4 2 3 2 1 3 3 4 2 3 4 4 3 1 1 5 
1 1 2 1 1 1 1 1 1 1 1 1 1 1 1 1 0 1 1 1 1 1 1 1 1 1 1 2 1 1 1 1 1 1 1 2 1 1 1 1 1 1 1 1 1 1 1 1 1 1 1 1 1 0 1 1 1 1 1 1 1 1 1 1 1 1 1 1 1 1 1 1 1 1 1 1 1 0 1 1 1 1 1 1 1 1 1 1 1 1 1 1 1 1 1 1 1 1 1 1 1 1 1 1 1 2 1 1 1 1 1 1 0 1 1 1 1 1 1 1 1 0 1 1 1 1 1 1 1 1 1 1 1 1 1 1 1 1 1 1 1 1 1 1 1 1 1 1 1 0 1 1 1 1 1 1 1 1 1 1 1 1 1 1 2 2 1 1 2 1 0 1 1 1 1 1 0 2 1 1 1 1 1 1 1 1 1 1 2 1 1 1 1 1 1 1 1 2 1 1 
1 1 1 0 1 1 1 1 1 1 1 1 1 1 1 0 1 1 2 1 1 1 1 1 0 1 1 1 1 1 2 1 1 1 1 1 0 1 1 2 1 1 1 2 1 1 1 2 1 1 1 1 1 1 0 1 2 1 2 1 1 2 1 1 1 0 1 1 1 1 1 0 1 1 1 1 0 1 1 1 2 0 1 1 2 1 1 1 1 1 2 1 0 1 1 1 1 1 1 1 1 1 1 1 1 1 1 1 1 1 0 1 1 1 1 1 1 1 1 1 1 1 1 1 1 1 2 1 1 2 1 1 1 1 2 1 1 1 1 1 1 1 1 1 1 1 1 1 1 1 1 1 1 1 1 0 0 1 1 1 1 1 1 1 1 2 1 1 1 1 1 1 1 1 1 1 0 1 1 1 1 1 0 1 1 1 1 1 1 1 1 1 1 1 1 1 1 1 1 1 
4 3 6 5 5 3 2 5 3 5 4 5 5 4 4 3 3 4 4 3 4 2 4 5 1 4 4 2 3 6 5 6 2 4 5 2 5 4 4 4 1 3 4 3 5 6 4 3 4 5 3 5 5 4 5 5 5 6 1 5 4 5 4 3 5 6 3 5 8 5 3 5 3 1 6 4 2 2 3 4 4 4 5 4 4 3 3 4 6 6 2 2 4 6 3 4 5 6 4 3 3 6 5 2 6 4 4 7 5 3 5 5 4 3 4 3 3 5 5 3 4 4 3 6 3 5 2 4 4 5 4 3 2 3 6 2 4 6 7 4 3 5 5 1 3 4 3 5 4 5 5 5 3 4 5 5 1 6 4 5 2 5 5 4 2 4 6 4 5 4 2 3 1 2 5 3 3 5 3 4 4 3 4 4 3 4 4 3 3 3 6 2 4 3 5 3 3 4 4 5 
1 1 1 1 1 1 1 1 1 1 0 1 1 1 1 1 1 1 1 1 1 1 0 1 1 1 0 1 1 1 1 1 1 2 1 1 1 1 1 1 1 1 1 1 1 0 1 2 1 1 2 1 1 0 1 1 1 1 1 1 1 1 1 0 1 1 1 1 1 1 1 1 1 1 1 1 1 1 1 1 1 2 1 1 1 1 1 1 1 2 2 0 1 1 1 1 1 1 1 1 0 1 1 1 1 1 1 1 1 1 2 1 0 1 1 1 1 1 1 1 1 1 1 0 1 1 1 1 1 1 1 1 1 1 1 1 1 1 1 1 1 1 2 1 1 1 1 1 1 1 1 1 0 1 1 1 1 1 1 1 1 0 1 1 1 1 2 0 1 1 2 1 1 1 1 1 1 1 1 0 1 1 1 1 1 1 1 1 1 1 1 0 1 1 1 1 1 2 0 1 
4 1 2 1 2 3 2 2 3 2 3 4 2 5 2 2 3 3 3 3 2 3 3 0 4 2 3 1 3 3 4 4 3 2 4 1 3 1 4 4 3 2 3 4 3 2 2 4 1 4 2 3 5 3 3 3 2 3 2 4 4 3 2 3 5 2 4 3 3 3 3 4 3 4 2 5 1 4 4 2 3 3 2 4 3 3 4 3 4 4 3 4 2 3 3 1 4 3 2 4 2 5 2 4 2 2 6 4 2 1 1 2 3 2 4 3 3 2 4 3 3 3 4 3 3 4 5 3 4 3 1 4 4 3 4 1 2 4 4 3 2 5 3 4 2 3 2 3 1 2 2 4 3 2 4 3 3 3 1 4 3 3 3 3 4 1 4 3 2 2 1 2 1 2 4 2 3 4 3 3 3 3 3 2 2 4 2 6 2 3 3 5 3 2 2 3 6 2 3 2 
7 6 10 4 7 8 11 8 15 7 8 5 9 3 4 6 8 5 7 8 7 8 5 9 11 9 9 13 8 12 11 6 4 4 8 6 3 6 5 9 8 5 9 10 8 6 5 3 5 10 7 11 6 9 9 7 6 6 12 9 5 8 7 7 9 5 14 3 13 8 7 8 11 8 7 7 10 5 3 12 7 8 10 5 13 7 6 10 6 13 7 8 8 10 11 8 11 8 11 9 4 10 12 8 6 8 4 11 6 3 7 6 5 5 11 7 8 7 10 6 9 6 9 5 11 8 6 7 5 9 12 7 6 12 2 11 8 9 8 12 10 7 2 9 5 8 12 8 12 10 2 9 7 10 8 8 8 9 6 8 8 5 11 7 9 8 11 10 7 9 10 7 13 5 10 6 11 13 8 8 7 4 7 8 7 8 10 7 14 10 10 8 7 8 8 6 14 9 6 10 
8 8 13 12 11 5 9 15 9 4 6 9 6 12 8 9 13 7 14 10 8 12 7 1 6 5 13 11 11 14 12 8 10 7 3 11 5 11 11 9 7 10 6 4 5 6 5 10 9 6 10 13 7 12 10 11 14 5 6 12 12 14 7 4 10 10 9 10 9 11 10 10 13 7 9 11 8 3 11 7 16 10 8 7 4 8 12 10 7 8 9 10 7 15 8 11 3 3 6 10 8 10 2 4 11 12 9 13 3 9 8 5 7 13 7 17 12 10 9 8 6 6 9 9 6 8 9 12 14 11 10 11 5 7 13 7 10 4 13 14 8 11 10 14 9 7 14 3 11 8 11 7 9 3 8 10 8 10 11 9 13 9 11 10 10 6 14 11 7 9 4 8 12 13 10 9 9 8 11 7 11 12 5 3 16 3 9 8 7 9 9 10 7 8 11 9 10 4 11 12 
18 8 16 8 11 8 5 14 3 13 9 12 8 14 15 11 7 7 13 15 11 9 13 6 7 13 8 8 18 7 13 10 10 8 11 9 17 11 8 12 10 14 8 14 13 7 10 14 0 7 4 12 4 10 15 8 8 11 6 11 11 11 9 13 8 11 8 9 13 8 12 5 10 16 11 13 15 12 10 5 12 10 2 17 10 14 6 9 10 10 7 6 14 14 10 11 7 14 5 6 15 11 11 6 7 10 5 9 11 13 6 9 11 14 13 8 9 8 14 14 0 11 15 6 11 6 8 9 9 8 9 11 10 7 9 0 10 10 11 11 10 5 16 4 8 12 10 14 10 10 13 8 16 9 10 6 9 12 14 6 6 16 10 14 5 11 5 9 8 11 12 4 15 4 14 9 10 8 10 9 5 10 6 8 12 12 8 11 10 10 12 12 8 14 9 13 13 6 17 8 
2 3 2 3 3 5 4 4 3 2 3 4 2 4 3 3 2 2 3 4 1 4 3 5 4 1 3 3 3 4 4 3 3 6 4 6 3 4 4 1 3 3 3 2 2 2 3 3 2 4 2 2 3 3 3 2 2 2 2 4 3 4 2 3 2 4 3 2 2 4 3 1 4 4 3 3 4 4 4 4 1 2 3 3 4 3 2 2 3 3 3 5 4 1 3 3 3 2 3 3 3 3 3 2 3 2 4 3 4 2 3 4 3 2 4 3 4 2 3 3 4 5 2 0 2 3 2 2 3 2 2 2 2 3 4 2 2 3 4 3 3 3 3 3 2 3 4 3 1 4 5 3 3 4 2 5 3 3 4 3 4 2 3 3 3 2 2 1 3 2 1 3 3 4 2 3 3 1 1 2 4 3 1 3 1 3 2 4 5 3 5 2 5 2 2 3 3 2 3 4 
