NAME  : Jabali_60_4_0.82_1_3
TYPE : SVRP
MODEL : FINITE_SUPPORT
NUMBER_OF_SCENARIOS : 200
DIMENSION : 60
EDGE_WEIGHT_TYPE : MATRIX
CAPACITY : 112
N_VEHICLES : 4
NODE_COORD_SECTION
1 2292 3646
2 3786 3900
3 3311 3630
4 4251 2459
5 567 4761
6 1614 5590
7 761 3057
8 2079 1939
9 4728 1609
10 3962 18
11 2337 3516
12 5790 3380
13 6658 2865
14 75 3828
15 1453 4357
16 2809 5350
17 6198 2127
18 4870 4284
19 2954 5596
20 2734 2008
21 2731 763
22 6003 6862
23 5538 2047
24 2465 5620
25 6338 6248
26 2350 3123
27 2182 2487
28 1195 6412
29 1505 965
30 4811 1245
31 6387 3030
32 4363 6501
33 5761 2341
34 2878 4062
35 7108 6268
36 27 6230
37 6228 3013
38 3631 6381
39 949 3375
40 545 5360
41 1971 7278
42 5832 5594
43 3287 4356
44 5528 6944
45 5170 1647
46 496 4769
47 3559 6229
48 855 7319
49 913 1542
50 5478 4700
51 1309 2205
52 1120 1626
53 1735 5356
54 4294 4728
55 1060 631
56 3546 3196
57 4666 2949
58 282 1882
59 483 6936
60 4399 6210
DEMAND_SECTION
1 0.0
2 1.0
3 3.0
4 5.0
5 3.0
6 7.0
7 2.0
8 9.0
9 9.0
10 1.0
11 6.0
12 8.0
13 10.0
14 7.0
15 3.0
16 3.0
17 9.0
18 10.0
19 9.0
20 10.0
21 5.0
22 6.0
23 4.0
24 6.0
25 7.0
26 1.0
27 4.0
28 4.0
29 7.0
30 7.0
31 5.0
32 9.0
33 8.0
34 8.0
35 5.0
36 8.0
37 4.0
38 6.0
39 3.0
40 7.0
41 10.0
42 6.0
43 8.0
44 10.0
45 5.0
46 9.0
47 2.0
48 2.0
49 4.0
50 6.0
51 2.0
52 10.0
53 10.0
54 8.0
55 10.0
56 10.0
57 4.0
58 10.0
59 9.0
60 6.0
DEVIATION_SECTION
1 0.0
2 0.333333
3 1.0
4 1.66667
5 1.0
6 2.33333
7 0.666667
8 3.0
9 3.0
10 0.333333
11 2.0
12 2.66667
13 3.33333
14 2.33333
15 1.0
16 1.0
17 3.0
18 3.33333
19 3.0
20 3.33333
21 1.66667
22 2.0
23 1.33333
24 2.0
25 2.33333
26 0.333333
27 1.33333
28 1.33333
29 2.33333
30 2.33333
31 1.66667
32 3.0
33 2.66667
34 2.66667
35 1.66667
36 2.66667
37 1.33333
38 2.0
39 1.0
40 2.33333
41 3.33333
42 2.0
43 2.66667
44 3.33333
45 1.66667
46 3.0
47 0.666667
48 0.666667
49 1.33333
50 2.0
51 0.666667
52 3.33333
53 3.33333
54 2.66667
55 3.33333
56 3.33333
57 1.33333
58 3.33333
59 3.0
60 2.0
DISTANCE_MATRIX
0.0 18.9906 15.0214 42.3084 31.6268 29.6816 27.8167 22.0227 48.6612 53.337 1.0 53.5606 62.7574 39.4724 18.1244 26.0 58.5834 34.7361 29.0172 21.51 38.3275 66.0303 51.8779 28.4429 64.3965 6.40312 14.0 42.2019 37.6563 51.7489 59.0457 48.1041 52.5009 9.43398 73.0023 47.8885 58.5834 41.7732 29.2066 34.514 51.264 53.8211 15.8114 62.7694 52.9788 31.6268 40.6079 55.0 33.541 43.6571 23.7065 31.7805 26.9258 29.742 43.6807 22.2325 35.1053 37.0 52.345 45.6946 
18.9906 0.0 7.81025 18.4924 43.1402 36.2353 46.6952 35.4423 32.8869 54.1728 19.7827 34.0621 43.2588 58.3509 30.1036 24.0832 39.0848 16.1245 25.807 29.4109 45.3982 50.9902 32.9147 29.0 48.0104 22.2257 34.6343 48.5489 50.7034 37.3553 39.5471 37.0135 33.5377 11.0 55.9017 58.1893 39.0848 33.9559 48.0851 45.8912 52.4976 37.0135 8.60233 48.7032 34.0156 43.1402 33.2415 60.803 51.555 25.6125 42.565 49.3262 33.541 13.9284 57.6421 10.0499 16.1421 55.8785 60.0333 34.0588 
15.0214 7.81025 0.0 28.2575 40.0709 35.4683 42.7259 28.0917 34.6103 48.468 15.8134 41.817 51.0137 54.3817 26.6355 26.4008 46.8397 23.6417 28.7924 22.3607 39.0128 58.5918 40.1343 30.5287 55.8032 18.2565 27.2837 48.1664 43.3528 37.698 47.302 43.4166 40.7573 8.48528 63.7024 55.9656 46.8397 39.1152 44.1158 42.9462 54.3783 44.8219 11.1803 56.0803 41.2352 40.0709 38.2099 60.8276 44.2044 33.3017 38.5958 41.9756 32.6497 21.4709 50.2915 7.2111 23.3617 51.9093 59.203 40.6079 
42.3084 18.4924 28.2575 0.0 67.425 62.2078 46.2555 28.8691 15.5563 35.6931 43.1005 23.6995 32.8938 57.9113 53.9226 41.9483 28.0 25.2982 43.5109 20.649 31.3847 64.0312 20.2237 46.9719 59.3312 45.5435 28.5003 74.8912 41.5939 19.8494 29.1548 53.2353 22.0227 36.239 66.2626 83.2526 28.7222 50.9743 47.6454 70.312 70.3069 48.1582 26.7881 62.8013 18.3576 67.425 50.3303 87.6907 44.7912 35.5316 38.376 42.5597 59.3923 29.0172 48.6431 26.5423 8.48528 52.4617 85.3118 50.1597 
31.6268 43.1402 40.0709 67.425 0.0 17.4929 24.5192 47.3368 73.7778 84.2073 32.3915 73.7081 84.4287 12.0416 14.8764 29.8436 82.7359 56.6961 32.2839 52.3803 65.8627 76.938 76.9275 26.9171 78.554 38.0243 45.4996 24.0 50.8099 76.8655 80.717 54.6977 76.6534 32.3402 88.4216 22.0227 80.2547 45.2801 25.5817 8.06226 38.6394 69.9141 35.6735 72.0572 78.0955 0.0 43.8668 34.9285 41.2767 63.5274 35.2621 41.0116 17.0294 48.2362 53.6376 47.282 59.2578 37.0135 30.0832 53.6673 
29.6816 36.2353 35.4683 62.2078 17.4929 0.0 34.0147 49.669 68.5606 82.5094 30.5287 63.1928 74.5844 28.3619 17.1172 16.0312 74.9938 46.8722 17.4642 50.6824 67.2849 61.2944 68.9279 11.4018 63.9062 36.0555 42.2401 12.7279 62.6498 71.6483 71.4646 38.5876 69.5509 27.0185 74.0 23.0868 70.053 28.8444 30.0167 15.2643 23.0868 56.2939 27.7308 56.0803 70.0288 17.4929 27.4591 25.4951 55.0091 52.0096 46.2709 54.0833 2.82843 37.2156 67.1193 42.638 52.1553 52.618 23.8537 38.0132 
27.8167 46.6952 42.7259 46.2555 24.5192 34.0147 0.0 20.6155 52.1762 57.2014 26.9412 68.5533 77.1359 12.6671 17.2627 38.9102 70.256 62.4407 42.0476 26.628 38.8973 84.4752 61.8147 38.8973 84.5296 26.4372 18.8789 43.7413 29.7321 54.5721 73.6706 63.9538 64.8249 37.2363 93.9081 45.2692 73.3668 55.9017 4.47214 32.2834 57.0088 74.8329 37.5889 80.3326 57.1735 24.5192 54.5619 55.6562 21.095 71.3617 13.4164 20.3961 32.1403 51.5093 33.3766 44.1583 54.5159 19.3132 54.4123 62.1365 
22.0227 35.4423 28.0917 28.8691 47.3368 49.669 20.6155 0.0 34.1321 36.6197 21.0238 51.1669 59.7495 31.8678 33.6692 48.0104 52.8867 50.7022 51.0392 8.24621 18.6011 86.4134 44.3847 50.1597 83.1522 17.72 8.06226 61.7647 16.1555 36.0139 56.2842 69.4401 47.4342 30.5941 90.8419 63.8836 55.9804 63.6396 22.1061 50.224 72.0421 72.085 36.6979 84.1071 39.3192 47.3368 62.514 73.9776 16.1245 60.3632 10.0499 13.8924 47.012 49.3656 22.8254 27.2111 37.1295 23.5372 69.9819 66.911 
48.6612 32.8869 34.6103 15.5563 73.7778 68.5606 52.1762 34.1321 0.0 24.3311 49.4532 25.9615 29.7321 63.8319 60.2753 56.3427 20.2485 35.1659 57.9054 26.0192 29.2062 73.171 12.0416 61.3664 66.9104 51.8963 34.421 81.244 43.8634 4.47214 27.2029 65.9697 16.2788 42.5917 71.1688 90.0395 27.4591 65.0 53.5661 76.665 84.7014 56.3205 41.1825 73.0068 5.38516 73.7778 64.4748 94.0435 49.2443 43.1045 44.0454 47.0744 65.7451 41.7612 50.5371 40.9368 17.72 57.5587 92.8605 62.8172 
53.337 54.1728 48.468 35.6931 84.2073 82.5094 57.2014 36.6197 24.3311 0.0 52.3755 50.2195 51.8845 68.4523 70.7049 74.8465 40.8167 59.0085 77.2588 31.8277 19.9249 97.4166 34.5398 78.721 91.2414 47.6939 41.0122 94.6888 36.4966 20.8806 50.1597 88.8144 39.0 56.3649 95.3362 100.754 50.6952 86.6547 58.607 87.0945 102.447 80.6226 59.5192 97.0464 27.5136 84.2073 86.0106 107.374 45.8803 67.3647 45.6508 44.2719 79.8439 64.4981 41.0122 43.1904 41.0122 55.3624 104.933 85.7088 
1.0 19.7827 15.8134 43.1005 32.3915 30.5287 26.9412 21.0238 49.4532 52.3755 0.0 54.3527 63.5494 38.5969 18.889 27.0 59.3754 35.5281 30.0167 20.5485 37.3631 66.8506 52.67 29.4279 65.1885 5.65685 13.0 43.0116 36.6742 52.541 59.8378 49.0408 53.293 10.2956 73.7943 48.6531 59.3754 42.7551 28.3311 35.2786 52.2015 54.6132 16.6433 63.6318 53.7709 32.3915 41.5933 55.8032 32.6497 44.4492 22.8254 30.8707 27.7849 30.534 42.72 23.0245 35.8974 36.1245 53.1175 46.6154 
53.5606 34.0621 41.817 23.6995 73.7081 63.1928 68.5533 51.1669 25.9615 50.2195 54.3527 0.0 13.3417 80.2091 61.7321 47.5919 17.2047 18.9737 47.4342 42.9468 52.4309 48.0416 17.1172 52.9193 41.1947 56.7958 50.7981 73.7855 63.8917 29.4279 9.48683 45.2769 13.6015 43.2816 45.2217 86.267 8.24621 47.639 69.9432 75.8447 72.75 31.0161 38.6149 48.6621 23.0868 73.7081 47.7018 84.5209 67.7188 18.4391 60.6738 64.8575 60.9888 26.0094 70.9409 42.6473 18.4553 74.7595 85.4533 42.19 
62.7574 43.2588 51.0137 32.8938 84.4287 74.5844 77.1359 59.7495 29.7321 51.8845 63.5494 13.3417 0.0 88.7916 73.8962 58.9834 11.4018 30.3652 58.8257 51.5293 58.7282 53.1601 17.8045 64.3109 44.911 65.9925 59.3807 85.1771 72.111 31.6228 4.0 55.3173 13.4536 54.7942 46.0109 97.6586 5.09902 58.8982 78.5258 87.3156 84.1415 36.7696 50.0064 55.1543 25.0 84.4287 59.0339 95.9125 75.6715 27.0185 69.2564 73.4401 72.3804 37.401 79.0569 51.8441 27.652 83.342 96.8449 52.4023 
39.4724 58.3509 54.3817 57.9113 12.0416 28.3619 12.6671 31.8678 63.8319 68.4523 38.5969 80.2091 88.7916 0.0 27.8572 50.2213 81.9118 74.0964 53.3212 38.2838 49.6536 95.9163 73.4704 49.7751 95.9707 38.0929 30.5346 36.0139 38.9578 66.2279 85.3263 75.3949 76.4806 44.6041 105.349 32.6497 85.0225 67.2126 16.3543 19.6469 50.3587 86.2741 49.03 91.7737 68.8292 12.0416 65.8502 46.8722 29.4109 83.0175 23.4101 29.1595 27.6806 62.9504 41.7612 55.8141 66.1717 25.0 41.7612 73.5776 
18.1244 30.1036 26.6355 53.9226 14.8764 17.1172 17.2627 33.6692 60.2753 70.7049 18.889 61.7321 73.8962 27.8572 0.0 22.8035 69.7221 44.7214 25.807 38.8778 52.1951 69.4262 63.4921 21.9317 69.8928 24.5219 30.4344 28.2312 45.5412 63.3631 70.1845 48.2701 64.1151 19.1212 79.404 31.4006 69.7221 39.6611 13.0384 17.7635 40.1995 60.4152 23.5372 65.0538 64.593 14.8764 38.2753 40.7063 38.0132 52.4976 29.1548 37.0135 15.0 37.3363 50.04 33.8466 46.2441 36.4005 37.2022 46.6905 
26.0 24.0832 26.4008 41.9483 29.8436 16.0312 38.9102 48.0104 56.3427 74.8465 27.0 47.5919 58.9834 50.2213 22.8035 0.0 63.076 31.6228 3.16228 47.1116 63.9052 47.2017 56.3706 5.38516 48.7545 31.257 40.0 26.2488 63.3877 60.8112 55.8637 25.4951 56.9936 18.6815 58.6941 39.0128 54.4521 17.0 34.4384 30.3645 28.4253 40.5216 15.8114 42.5206 57.4715 29.8436 15.6525 37.5899 58.3261 36.0555 48.4814 56.6393 14.3178 21.587 69.0507 32.7567 39.598 58.1837 37.9473 24.0832 
58.5834 39.0848 46.8397 28.0 82.7359 74.9938 70.256 52.8867 20.2485 40.8167 59.3754 17.2047 11.4018 81.9118 69.7221 63.076 0.0 36.1774 64.5785 44.643 49.4065 63.1506 8.544 68.0718 55.3263 61.8185 52.5008 87.4776 63.9531 21.2132 11.0454 62.434 6.08276 50.6202 57.1402 97.7034 12.1655 64.8428 71.6459 85.4741 89.9537 46.3249 47.6607 64.56 15.0 82.7359 64.9056 99.8394 68.6222 34.9285 62.4127 66.4078 72.2354 43.2132 70.7107 47.67 23.478 76.4003 98.8469 59.3633 
34.7361 16.1245 23.6417 25.2982 56.6961 46.8722 62.4407 50.7022 35.1659 59.0085 35.5281 18.9737 30.3652 74.0964 44.7214 31.6228 36.1774 0.0 31.7805 44.5054 56.648 38.833 35.1154 37.0 34.033 37.9712 49.8942 57.8705 65.9004 45.3523 27.2455 31.7805 32.2312 26.2488 40.9644 69.8713 25.8338 33.3017 54.2918 59.0085 57.6888 22.86 21.2132 38.0526 39.8365 56.6961 33.2415 68.942 66.8149 10.2333 59.7699 64.5861 44.5533 10.2956 72.7317 24.4721 18.1108 70.8576 69.5701 28.6356 
29.0172 25.807 28.7924 43.5109 32.2839 17.4642 42.0476 51.0392 57.9054 77.2588 30.0167 47.4342 58.8257 53.3212 25.807 3.16228 64.5785 31.7805 0.0 49.422 66.635 44.6542 57.8731 6.08276 46.6154 34.1321 43.0116 26.4764 66.4831 62.3739 55.706 22.6274 58.4961 21.3776 56.648 40.05 54.2943 13.8924 37.5766 32.311 26.8701 38.833 17.8885 39.8246 59.0339 32.2839 12.53 37.1618 61.464 35.3553 51.6192 59.7771 16.1555 21.5407 72.1803 34.8855 41.1096 61.3271 38.0789 21.4009 
21.51 29.4109 22.3607 20.649 52.3803 50.6824 26.628 8.24621 26.0192 31.8277 20.5485 42.9468 51.5293 38.2838 38.8778 47.1116 44.643 44.5054 49.422 0.0 17.2627 80.243 36.1386 49.9028 76.9554 15.8668 9.21954 63.0275 22.0227 28.1603 48.064 65.7647 39.2173 28.0713 87.4282 68.9271 47.7602 61.0082 28.0179 55.2675 72.7212 65.8882 33.0606 78.1089 31.1448 52.3803 60.0 75.8067 24.1661 56.1121 18.0278 21.9317 48.0169 43.3244 29.0689 20.5913 28.9094 31.7805 73.1064 62.9682 
38.3275 45.3982 39.0128 31.3847 65.8627 67.2849 38.8973 18.6011 29.2062 19.9249 37.3631 52.4309 58.7282 49.6536 52.1951 63.9052 49.4065 56.648 66.635 17.2627 0.0 95.2733 41.2311 66.7213 90.6787 32.6853 25.0799 79.6288 17.0 28.6531 55.8659 82.2982 45.3431 45.2769 96.9694 82.4094 55.9017 78.0256 40.6319 68.7498 89.493 79.5057 50.01 93.8585 34.4093 65.8627 77.0584 92.5034 25.9615 66.8791 26.4008 24.3516 64.6279 59.0472 22.561 35.6931 39.3573 35.4401 88.367 79.404 
66.0303 50.9902 58.5918 64.0312 76.938 61.2944 84.4752 86.4134 73.171 97.4166 66.8506 48.0416 53.1601 95.9163 69.4262 47.2017 63.1506 38.833 44.6542 80.243 95.2733 0.0 65.123 50.2494 9.21954 69.2948 85.6054 66.0984 101.674 77.0584 52.1728 22.8473 61.2944 56.6127 16.7631 81.5966 50.9902 32.6956 80.0031 76.5376 56.3205 17.0294 50.2195 6.0 71.0 76.938 34.0147 71.7008 99.432 30.0666 89.6342 97.6068 60.5392 37.1214 108.613 60.2096 56.9063 102.948 75.71 23.3238 
51.8779 32.9147 40.1343 20.2237 76.9275 68.9279 61.8147 44.3847 12.0416 34.5398 52.67 17.1172 17.8045 73.4704 63.4921 56.3706 8.544 35.1154 57.8731 36.1386 41.2311 65.123 0.0 61.3664 58.0345 55.113 44.0595 81.1641 55.4707 13.8924 15.6525 61.4827 4.47214 43.9147 61.1882 90.998 16.1555 63.9595 63.2046 79.8028 84.7103 48.0937 41.2104 65.7647 7.2111 76.9275 63.53 93.3407 60.0833 35.5106 53.9351 57.8705 66.2559 40.3867 62.2656 40.9646 16.7726 67.9117 92.6885 58.3728 
28.4429 29.0 30.5287 46.9719 26.9171 11.4018 38.8973 50.1597 61.3664 78.721 29.4279 52.9193 64.3109 49.7751 21.9317 5.38516 68.0718 37.0 6.08276 49.9028 66.7213 50.2494 61.3664 0.0 52.5547 34.2053 42.2966 20.8806 65.0308 65.8348 61.1911 27.8029 61.9894 22.3607 62.6259 34.0147 59.7795 18.3848 34.4819 26.4008 23.8537 44.911 20.5183 45.2217 62.4951 26.9171 16.9706 32.249 58.8558 41.1947 49.385 57.5629 10.2956 26.9258 70.392 37.2022 44.5982 58.1893 32.573 26.9258 
64.3965 48.0104 55.8032 59.3312 78.554 63.9062 84.5296 83.1522 66.9104 91.2414 65.1885 41.1947 44.911 95.9707 69.8928 48.7545 55.3263 34.033 46.6154 76.9554 90.6787 9.21954 58.0345 52.5547 0.0 67.6316 82.3442 70.214 98.3503 70.5762 44.2832 27.074 54.0 55.1543 10.198 85.3756 43.1856 36.4966 80.0574 78.924 62.0081 11.1803 48.7955 13.8924 64.2806 78.554 37.6563 77.0584 97.7687 24.3516 87.9709 95.9436 62.7694 34.7131 105.352 56.922 57.843 101.284 80.5047 26.4764 
6.40312 22.2257 18.2565 45.5435 38.0243 36.0555 26.4372 17.72 51.8963 47.6939 5.65685 56.7958 65.9925 38.0929 24.5219 31.257 61.8185 37.9712 34.1321 15.8668 32.6853 69.2948 55.113 34.2053 67.6316 0.0 9.84886 48.6004 33.8378 54.984 62.2808 51.8498 55.736 13.0384 76.2374 54.286 61.8185 46.1736 27.8271 40.9115 57.3847 57.0562 19.1076 66.118 56.2139 38.0243 45.0999 61.4003 31.4006 46.8923 21.9317 29.4109 33.2866 32.9771 40.3113 25.4676 38.3404 35.609 58.7504 49.3207 
14.0 34.6343 27.2837 28.5003 45.4996 42.2401 18.8789 8.06226 34.421 41.0122 13.0 50.7981 59.3807 30.5346 30.4344 40.0 52.5008 49.8942 43.0116 9.21954 25.0799 85.6054 44.0595 42.2966 82.3442 9.84886 0.0 54.584 24.0416 36.8169 55.9154 61.4199 47.0697 22.561 90.0339 62.0464 55.6116 55.5788 20.2688 48.3868 64.56 71.277 28.6778 75.6882 39.4183 45.4996 54.4518 67.3632 21.9317 59.5552 13.0384 19.8494 39.5831 48.5576 30.4631 26.4031 36.7607 27.2947 64.6629 58.8908 
42.2019 48.5489 48.1664 74.8912 24.0 12.7279 43.7413 61.7647 81.244 94.6888 43.0116 73.7855 85.1771 36.0139 28.2312 26.2488 87.4776 57.8705 26.4764 63.0275 79.6288 66.0984 81.1641 20.8806 70.214 48.6004 54.584 0.0 73.2462 84.3317 82.0573 43.4166 81.3952 39.6989 80.4114 15.6525 80.6457 33.7343 40.2616 17.4642 15.6525 64.0703 39.9625 60.407 82.265 24.0 32.5576 12.8062 64.8033 61.8142 56.7539 64.1339 15.5563 47.8017 77.1147 55.3173 64.3915 61.0082 11.7047 43.7379 
37.6563 50.7034 43.3528 41.5939 50.8099 62.6498 29.7321 16.1555 43.8634 36.4966 36.6742 63.8917 72.111 38.9578 45.5412 63.3877 63.9531 65.9004 66.4831 22.0227 17.0 101.674 55.4707 65.0308 98.3503 33.8378 24.0416 73.2462 0.0 44.2719 68.8186 85.4474 59.1692 46.5725 106.04 71.5599 68.6003 79.4292 32.9848 58.5741 85.7088 87.2832 52.7053 99.3682 49.2443 50.8099 78.2624 85.1977 10.6301 75.5613 16.4924 10.0 60.407 64.6267 7.07107 42.4382 49.8543 19.7231 80.703 82.9183 
51.7489 37.3553 37.698 19.8494 76.8655 71.6483 54.5721 36.0139 4.47214 20.8806 52.541 29.4279 31.6228 66.2279 63.3631 60.8112 21.2132 45.3523 62.3739 28.1603 28.6531 77.0584 13.8924 65.8348 70.5762 54.984 36.8169 84.3317 44.2719 0.0 29.5296 70.342 18.3576 45.6795 74.4648 93.1272 29.9666 69.4622 55.962 79.7527 89.1698 60.1332 45.651 77.0584 6.7082 76.8655 68.942 97.1312 50.4876 47.0106 46.0435 48.3735 68.8328 46.1736 50.6952 45.4052 22.1359 59.1354 95.9483 67.1863 
59.0457 39.5471 47.302 29.1548 80.717 71.4646 73.6706 56.2842 27.2029 50.1597 59.8378 9.48683 4.0 85.3263 70.1845 55.8637 11.0454 27.2455 55.706 48.064 55.8659 52.1728 15.6525 61.1911 44.2832 62.2808 55.9154 82.0573 68.8186 29.5296 0.0 52.8015 11.1803 51.0825 46.2709 94.5388 1.41421 55.9017 75.0605 83.6039 81.0218 35.4401 46.8867 53.7587 22.8254 80.717 55.9732 92.7927 72.2062 24.6982 65.7911 69.9748 69.2606 34.2812 75.8024 48.1324 23.9404 79.8767 93.7251 49.8197 
48.1041 37.0135 43.4166 53.2353 54.6977 38.5876 63.9538 69.4401 65.9697 88.8144 49.0408 45.2769 55.3173 75.3949 48.2701 25.4951 62.434 31.7805 22.6274 65.7647 82.2982 22.8473 61.4827 27.8029 27.074 51.8498 61.4199 43.4166 85.4474 70.342 52.8015 0.0 58.5918 38.8973 37.2156 58.8218 51.4004 9.84886 59.4817 53.8516 35.1283 23.4094 32.9848 17.4929 65.8155 54.6977 11.1803 50.01 81.5529 28.3196 71.7082 79.8499 38.0132 24.3311 91.7061 47.0 48.2701 83.2246 53.4603 3.16228 
52.5009 33.5377 40.7573 22.0227 76.6534 69.5509 64.8249 47.4342 16.2788 39.0 53.293 13.6015 13.4536 76.4806 64.1151 56.9936 6.08276 32.2312 58.4961 39.2173 45.3431 61.2944 4.47214 61.9894 54.0 55.736 47.0697 81.3952 59.1692 18.3576 11.1803 58.5918 0.0 44.5377 56.8859 91.621 11.7047 60.8965 66.2148 79.3917 85.3333 44.2832 41.5783 62.1691 11.6619 76.6534 60.9593 93.7569 63.3246 32.0156 56.9454 61.0983 66.8789 39.2669 66.0379 41.5876 17.3956 70.9302 92.7645 55.4886 
9.43398 11.0 8.48528 36.239 32.3402 27.0185 37.2363 30.5941 42.5917 56.3649 10.2956 43.2816 54.7942 44.6041 19.1212 18.6815 50.6202 26.2488 21.3776 28.0713 45.2769 56.6127 43.9147 22.3607 55.1543 13.0384 22.561 39.6989 46.5725 45.6795 51.0825 38.8973 44.5377 0.0 63.8905 47.927 50.6202 33.1361 28.6909 35.171 46.1411 44.6878 6.40312 53.3385 45.0156 32.3402 32.0624 52.345 42.9418 34.8855 33.121 41.1461 24.2074 20.6155 52.811 15.6205 27.1421 46.4197 50.8035 36.4005 
73.0023 55.9017 63.7024 66.2626 88.4216 74.0 93.9081 90.8419 71.1688 95.3362 73.7943 45.2217 46.0109 105.349 79.404 58.6941 57.1402 40.9644 56.648 87.4282 96.9694 16.7631 61.1882 62.6259 10.198 76.2374 90.0339 80.4114 106.04 74.4648 46.2709 37.2156 56.8859 63.8905 0.0 95.5667 45.3982 46.6905 89.4359 88.955 72.0069 19.2094 57.6281 22.561 67.9117 88.4216 47.8539 87.1436 106.955 30.8058 96.5767 104.726 72.8011 43.2782 112.871 64.6118 62.9368 109.89 90.6697 36.6742 
47.8885 58.1893 55.9656 83.2526 22.0227 23.0868 45.2692 63.8836 90.0395 100.754 48.6531 86.267 97.6586 32.6497 31.4006 39.0128 97.7034 69.8713 40.05 68.9271 82.4094 81.5966 90.998 34.0147 85.3756 54.286 62.0464 15.6525 71.5599 93.1272 94.5388 58.8218 91.621 47.927 95.5667 0.0 93.1272 49.0408 42.1285 14.1421 29.6985 78.6384 50.0 75.9605 93.9231 22.0227 47.8017 18.0278 61.8466 75.06 56.0121 61.7414 25.318 60.2993 74.0945 63.1767 74.2254 56.0446 11.4018 58.9406 
58.5834 39.0848 46.8397 28.7222 80.2547 70.053 73.3668 55.9804 27.4591 50.6952 59.3754 8.24621 5.09902 85.0225 69.7221 54.4521 12.1655 25.8338 54.2943 47.7602 55.9017 50.9902 16.1555 59.7795 43.1856 61.8185 55.6116 80.6457 68.6003 29.9666 1.41421 51.4004 11.7047 50.6202 45.3982 93.1272 0.0 54.4885 74.7567 83.1416 79.6101 34.2053 45.4751 52.4976 23.2594 80.2547 54.5619 91.3811 71.9024 23.3238 65.4873 69.671 67.849 32.8696 75.6042 47.67 23.478 79.5729 92.3135 48.4149 
41.7732 33.9559 39.1152 50.9743 45.2801 28.8444 55.9017 63.6396 65.0 86.6547 42.7551 47.639 58.8982 67.2126 39.6611 17.0 64.8428 33.3017 13.8924 61.0082 78.0256 32.6956 63.9595 18.3848 36.4966 46.1736 55.5788 33.7343 79.4292 69.4622 55.9017 9.84886 60.8965 33.1361 46.6905 49.0408 54.4885 0.0 51.4296 44.1022 26.9258 31.257 28.0179 27.2947 65.322 45.2801 1.41421 41.1096 74.7938 32.7567 64.9491 73.1069 28.4253 23.8537 85.3756 43.9318 47.4236 75.1725 44.1022 10.0499 
29.2066 48.0851 44.1158 47.6454 25.5817 30.0167 4.47214 22.1061 53.5661 58.607 28.3311 69.9432 78.5258 16.3543 13.0384 34.4384 71.6459 54.2918 37.5766 28.0179 40.6319 80.0031 63.2046 34.4819 80.0574 27.8271 20.2688 40.2616 32.9848 55.962 75.0605 59.4817 66.2148 28.6909 89.4359 42.1285 74.7567 51.4296 0.0 28.4689 53.0848 70.3608 33.1167 75.8604 58.5634 25.5817 50.0899 52.2358 25.0 62.139 16.4924 24.0832 28.0179 47.0372 37.1214 45.5482 55.9058 23.7697 48.2268 57.6644 
34.514 45.8912 42.9462 70.312 8.06226 15.2643 32.2834 50.224 76.665 87.0945 35.2786 75.8447 87.3156 19.6469 17.7635 30.3645 85.4741 59.0085 32.311 55.2675 68.7498 76.5376 79.8028 26.4008 78.924 40.9115 48.3868 17.4642 58.5741 79.7527 83.6039 53.8516 79.3917 35.171 88.955 14.1421 83.1416 44.1022 28.4689 0.0 32.8938 70.8802 38.2099 71.3442 80.9826 8.06226 42.72 27.2947 49.0409 65.3758 43.0263 48.7758 16.1555 50.1597 61.4003 50.1573 61.9961 44.2832 22.1359 53.2353 
51.264 52.4976 54.3783 70.3069 38.6394 23.0868 57.0088 72.0421 84.7014 102.447 52.2015 72.75 84.1415 50.3587 40.1995 28.4253 89.9537 57.6888 26.8701 72.7212 89.493 56.3205 84.7103 23.8537 62.0081 57.3847 64.56 15.6525 85.7088 89.1698 81.0218 35.1283 85.3333 46.1411 72.0069 29.6985 79.6101 26.9258 53.0848 32.8938 0.0 58.0517 44.2041 50.3587 85.8301 38.6394 26.2488 15.5242 78.0577 59.0931 69.3542 77.1622 25.318 47.4342 90.1998 61.0328 67.9412 75.2417 20.5913 36.4966 
53.8211 37.0135 44.8219 48.1582 69.9141 56.2939 74.8329 72.085 56.3205 80.6226 54.6132 31.0161 36.7696 86.2741 60.4152 40.5216 46.3249 22.86 38.833 65.8882 79.5057 17.0294 48.0937 44.911 11.1803 57.0562 71.277 64.0703 87.2832 60.1332 35.4401 23.4094 44.2832 44.6878 19.2094 78.6384 34.2053 31.257 70.3608 70.8802 58.0517 0.0 38.4187 18.3848 54.0093 69.9141 32.1403 72.3395 88.1977 13.3417 77.3956 85.9689 54.8179 24.0832 94.2848 45.8549 40.9109 90.709 75.0067 21.587 
15.8114 8.60233 11.1803 26.7881 35.6735 27.7308 37.5889 36.6979 41.1825 59.5192 16.6433 38.6149 50.0064 49.03 23.5372 15.8114 47.6607 21.2132 17.8885 33.0606 50.01 50.2195 41.2104 20.5183 48.7955 19.1076 28.6778 39.9625 52.7053 45.651 46.8867 32.9848 41.5783 6.40312 57.6281 50.0 45.4751 28.0179 33.1167 38.2099 44.2041 38.4187 0.0 47.0106 42.3113 35.6735 27.074 52.2015 49.2448 29.1548 39.4462 47.4196 25.0799 14.4222 58.9838 17.0 24.4378 52.7567 51.4782 30.3645 
62.7694 48.7032 56.0803 62.8013 72.0572 56.0803 80.3326 84.1071 73.0068 97.0464 63.6318 48.6621 55.1543 91.7737 65.0538 42.5206 64.56 38.0526 39.8246 78.1089 93.8585 6.0 65.7647 45.2217 13.8924 66.118 75.6882 60.407 99.3682 77.0584 53.7587 17.4929 62.1691 53.3385 22.561 75.9605 52.4976 27.2947 75.8604 71.3442 50.3587 18.3848 47.0106 0.0 71.2531 72.0572 28.6531 65.7647 96.2552 30.2655 86.4523 94.43 55.4707 34.7851 105.994 58.1331 56.1427 99.7559 69.857 18.4391 
52.9788 34.0156 41.2352 18.3576 78.0955 70.0288 57.1735 39.3192 5.38516 27.5136 53.7709 23.0868 25.0 68.8292 64.593 57.4715 15.0 39.8365 59.0339 31.1448 34.4093 71.0 7.2111 62.4951 64.2806 56.2139 39.4183 82.265 49.2443 6.7082 22.8254 65.8155 11.6619 45.0156 67.9117 93.9231 23.2594 65.322 58.5634 80.9826 85.8301 54.0093 42.3113 71.2531 0.0 78.0955 64.8924 94.4416 54.5711 41.0488 49.163 52.3927 67.3568 41.7492 55.9017 42.0655 18.0278 62.8013 93.7894 62.6572 
31.6268 43.1402 40.0709 67.425 0.0 17.4929 24.5192 47.3368 73.7778 84.2073 32.3915 73.7081 84.4287 12.0416 14.8764 29.8436 82.7359 56.6961 32.2839 52.3803 65.8627 76.938 76.9275 26.9171 78.554 38.0243 45.4996 24.0 50.8099 76.8655 80.717 54.6977 76.6534 32.3402 88.4216 22.0227 80.2547 45.2801 25.5817 8.06226 38.6394 69.9141 35.6735 72.0572 78.0955 0.0 43.8668 34.9285 41.2767 63.5274 35.2621 41.0116 17.0294 48.2362 53.6376 47.282 59.2578 37.0135 30.0832 53.6673 
40.6079 33.2415 38.2099 50.3303 43.8668 27.4591 54.5619 62.514 64.4748 86.0106 41.5933 47.7018 59.0339 65.8502 38.2753 15.6525 64.9056 33.2415 12.53 60.0 77.0584 34.0147 63.53 16.9706 37.6563 45.0999 54.4518 32.5576 78.2624 68.942 55.9732 11.1803 60.9593 32.0624 47.8539 47.8017 54.5619 1.41421 50.0899 42.72 26.2488 32.1403 27.074 28.6531 64.8924 43.8668 0.0 40.1995 73.5617 33.121 63.717 71.8748 27.0185 23.6008 84.1724 43.1741 46.9574 73.8338 43.0465 11.1803 
55.0 60.803 60.8276 87.6907 34.9285 25.4951 55.6562 73.9776 94.0435 107.374 55.8032 84.5209 95.9125 46.8722 40.7063 37.5899 99.8394 68.942 37.1618 75.8067 92.5034 71.7008 93.3407 32.249 77.0584 61.4003 67.3632 12.8062 85.1977 97.1312 92.7927 50.01 93.7569 52.345 87.1436 18.0278 91.3811 41.1096 52.2358 27.2947 15.5242 72.3395 52.2015 65.7647 94.4416 34.9285 40.1995 0.0 76.1979 71.8401 68.7115 75.9328 28.3196 58.6941 88.5588 67.9412 76.5681 71.5681 6.7082 51.0392 
33.541 51.555 44.2044 44.7912 41.2767 55.0091 21.095 16.1245 49.2443 45.8803 32.6497 67.7188 75.6715 29.4109 38.0132 58.3261 68.6222 66.8149 61.464 24.1661 25.9615 99.432 60.0833 58.8558 97.7687 31.4006 21.9317 64.8033 10.6301 50.4876 72.2062 81.5529 63.3246 42.9418 106.955 61.8466 71.9024 74.7938 25.0 49.0409 78.0577 88.1977 49.2448 96.2552 54.5711 41.2767 73.5617 76.1979 0.0 76.4759 9.84886 2.23607 53.0094 63.1142 12.3693 43.3238 53.6814 9.48683 71.1688 79.2023 
43.6571 25.6125 33.3017 35.5316 63.5274 52.0096 71.3617 60.3632 43.1045 67.3647 44.4492 18.4391 27.0185 83.0175 52.4976 36.0555 34.9285 10.2333 35.3553 56.1121 66.8791 30.0666 35.5106 41.1947 24.3516 46.8923 59.5552 61.8142 75.5613 47.0106 24.6982 28.3196 32.0156 34.8855 30.8058 75.06 23.3238 32.7567 62.139 65.3758 59.0931 13.3417 29.1548 30.2655 41.0488 63.5274 33.121 71.8401 76.4759 0.0 69.4309 74.2471 50.01 15.2971 82.3927 34.1331 33.6705 80.5451 73.3485 25.4558 
23.7065 42.565 38.5958 38.376 35.2621 46.2709 13.4164 10.0499 44.0454 45.6508 22.8254 60.6738 69.2564 23.4101 29.1548 48.4814 62.4127 59.7699 51.6192 18.0278 26.4008 89.6342 53.9351 49.385 87.9709 21.9317 13.0384 56.7539 16.4924 46.0435 65.7911 71.7082 56.9454 33.121 96.5767 56.0121 65.4873 64.9491 16.4924 43.0263 69.3542 77.3956 39.4462 86.4523 49.163 35.2621 63.717 68.7115 9.84886 69.4309 0.0 8.24621 44.1022 53.3164 21.0238 36.2788 46.6364 14.3178 64.7025 69.3542 
31.7805 49.3262 41.9756 42.5597 41.0116 54.0833 20.3961 13.8924 47.0744 44.2719 30.8707 64.8575 73.4401 29.1595 37.0135 56.6393 66.4078 64.5861 59.7771 21.9317 24.3516 97.6068 57.8705 57.5629 95.9436 29.4109 19.8494 64.1339 10.0 48.3735 69.9748 79.8499 61.0983 41.1461 104.726 61.7414 69.671 73.1069 24.0832 48.7758 77.1622 85.9689 47.4196 94.43 52.3927 41.0116 71.8748 75.9328 2.23607 74.2471 8.24621 0.0 52.0096 61.289 13.0384 41.095 50.8201 11.1803 70.9047 77.4726 
26.9258 33.541 32.6497 59.3923 17.0294 2.82843 32.1403 47.012 65.7451 79.8439 27.7849 60.9888 72.3804 27.6806 15.0 14.3178 72.2354 44.5533 16.1555 48.0169 64.6279 60.5392 66.2559 10.2956 62.7694 33.2866 39.5831 15.5563 60.407 68.8328 69.2606 38.0132 66.8789 24.2074 72.8011 25.318 67.849 28.4253 28.0179 16.1555 25.318 54.8179 25.0799 55.4707 67.3568 17.0294 27.0185 28.3196 53.0094 50.01 44.1022 52.0096 0.0 35.0571 65.0308 39.8246 49.4833 50.9902 26.6271 37.2156 
29.742 13.9284 21.4709 29.0172 48.2362 37.2156 51.5093 49.3656 41.7612 64.4981 30.534 26.0094 37.401 62.9504 37.3363 21.587 43.2132 10.2956 21.5407 43.3244 59.0472 37.1214 40.3867 26.9258 34.7131 32.9771 48.5576 47.8017 64.6267 46.1736 34.2812 24.3311 39.2669 20.6155 43.2782 60.2993 32.8696 23.8537 47.0372 50.1597 47.4342 24.0832 14.4222 34.7851 41.7492 48.2362 23.6008 58.6941 63.1142 15.2971 53.3164 61.289 35.0571 0.0 71.5654 23.3915 24.0416 66.6299 59.4811 21.2132 
43.6807 57.6421 50.2915 48.6431 53.6376 67.1193 33.3766 22.8254 50.5371 41.0122 42.72 70.9409 79.0569 41.7612 50.04 69.0507 70.7107 72.7317 72.1803 29.0689 22.561 108.613 62.2656 70.392 105.352 40.3113 30.4631 77.1147 7.07107 50.6952 75.8024 91.7061 66.0379 52.811 112.871 74.0945 75.6042 85.3756 37.1214 61.4003 90.1998 94.2848 58.9838 105.994 55.9017 53.6376 84.1724 88.5588 12.3693 82.3927 21.0238 13.0384 65.0308 71.5654 0.0 49.4065 56.9035 19.2094 83.5225 89.1968 
22.2325 10.0499 7.2111 26.5423 47.282 42.638 44.1583 27.2111 40.9368 43.1904 23.0245 42.6473 51.8441 55.8141 33.8466 32.7567 47.67 24.4721 34.8855 20.5913 35.6931 60.2096 40.9646 37.2022 56.922 25.4676 26.4031 55.3173 42.4382 45.4052 48.1324 47.0 41.5876 15.6205 64.6118 63.1767 47.67 43.9318 45.5482 50.1573 61.0328 45.8549 17.0 58.1331 42.0655 47.282 43.1741 67.9412 43.3238 34.1331 36.2788 41.095 39.8246 23.3915 49.4065 0.0 24.192 50.3645 66.4003 44.0114 
35.1053 16.1421 23.3617 8.48528 59.2578 52.1553 54.5159 37.1295 17.72 41.0122 35.8974 18.4553 27.652 66.1717 46.2441 39.598 23.478 18.1108 41.1096 28.9094 39.3573 56.9063 16.7726 44.5982 57.843 38.3404 36.7607 64.3915 49.8543 22.1359 23.9404 48.2701 17.3956 27.1421 62.9368 74.2254 23.478 47.4236 55.9058 61.9961 67.9412 40.9109 24.4378 56.1427 18.0278 59.2578 46.9574 76.5681 53.6814 33.6705 46.6364 50.8201 49.4833 24.0416 56.9035 24.192 0.0 60.722 75.9159 45.1221 
37.0 55.8785 51.9093 52.4617 37.0135 52.618 19.3132 23.5372 57.5587 55.3624 36.1245 74.7595 83.342 25.0 36.4005 58.1837 76.4003 70.8576 61.3271 31.7805 35.4401 102.948 67.9117 58.1893 101.284 35.609 27.2947 61.0082 19.7231 59.1354 79.8767 83.2246 70.9302 46.4197 109.89 56.0446 79.5729 75.1725 23.7697 44.2832 75.2417 90.709 52.7567 99.7559 62.8013 37.0135 73.8338 71.5681 9.48683 80.5451 14.3178 11.1803 50.9902 66.6299 19.2094 50.3645 60.722 0.0 66.0984 81.4073 
52.345 60.0333 59.203 85.3118 30.0832 23.8537 54.4123 69.9819 92.8605 104.933 53.1175 85.4533 96.8449 41.7612 37.2022 37.9473 98.8469 69.5701 38.0789 73.1064 88.367 75.71 92.6885 32.573 80.5047 58.7504 64.6629 11.7047 80.703 95.9483 93.7251 53.4603 92.7645 50.8035 90.6697 11.4018 92.3135 44.1022 48.2268 22.1359 20.5913 75.0067 51.4782 69.857 93.7894 30.0832 43.0465 6.7082 71.1688 73.3485 64.7025 70.9047 26.6271 59.4811 83.5225 66.4003 75.9159 66.0984 0.0 54.1479 
45.6946 34.0588 40.6079 50.1597 53.6673 38.0132 62.1365 66.911 62.8172 85.7088 46.6154 42.19 52.4023 73.5776 46.6905 24.0832 59.3633 28.6356 21.4009 62.9682 79.404 23.3238 58.3728 26.9258 26.4764 49.3207 58.8908 43.7379 82.9183 67.1863 49.8197 3.16228 55.4886 36.4005 36.6742 58.9406 48.4149 10.0499 57.6644 53.2353 36.4966 21.587 30.3645 18.4391 62.6572 53.6673 11.1803 51.0392 79.2023 25.4558 69.3542 77.4726 37.2156 21.2132 89.1968 44.0114 45.1221 81.4073 54.1479 0.0 
DEMAND_SCENARIO_SECTION
0 0 0 0 0 0 0 0 0 0 0 0 0 0 0 0 0 0 0 0 0 0 0 0 0 0 0 0 0 0 0 0 0 0 0 0 0 0 0 0 0 0 0 0 0 0 0 0 0 0 0 0 0 0 0 0 0 0 0 0 0 0 0 0 0 0 0 0 0 0 0 0 0 0 0 0 0 0 0 0 0 0 0 0 0 0 0 0 0 0 0 0 0 0 0 0 0 0 0 0 0 0 0 0 0 0 0 0 0 0 0 0 0 0 0 0 0 0 0 0 0 0 0 0 0 0 0 0 0 0 0 0 0 0 0 0 0 0 0 0 0 0 0 0 0 0 0 0 0 0 0 0 0 0 0 0 0 0 0 0 0 0 0 0 0 0 0 0 0 0 0 0 0 0 0 0 0 0 0 0 0 0 0 0 0 0 0 0 0 0 0 0 0 0 0 0 0 0 0 0 
1 1 1 2 1 1 1 1 1 1 1 1 2 2 1 1 1 1 1 1 1 1 0 2 1 1 1 1 1 1 1 1 1 1 1 1 1 1 1 1 1 1 1 1 1 1 1 1 0 1 1 1 1 1 1 1 1 1 1 1 1 0 1 1 1 1 1 1 1 0 1 1 1 1 1 1 1 1 1 1 1 1 1 1 1 1 1 2 1 2 1 1 1 1 1 1 1 1 1 1 1 1 1 1 0 2 1 1 1 1 1 1 1 0 1 1 1 2 1 1 1 1 1 1 1 1 1 1 2 1 1 1 1 0 1 1 1 1 1 1 1 1 1 1 1 1 1 2 1 1 1 1 1 1 1 1 1 1 1 1 1 1 1 1 1 1 1 1 1 1 0 1 1 1 0 1 1 1 2 1 1 1 1 1 1 1 1 1 1 1 1 0 1 1 1 1 1 1 1 0 
3 3 4 2 5 2 2 3 2 4 4 4 2 5 3 2 3 3 3 4 3 3 5 4 4 2 4 5 3 3 2 3 2 1 2 1 4 2 2 3 4 2 2 2 3 2 3 4 3 3 2 2 3 3 4 2 3 4 3 1 4 3 2 3 3 3 1 3 4 2 3 2 3 3 4 5 4 4 3 3 4 2 3 4 4 4 2 2 4 2 4 3 5 0 1 4 2 4 2 0 4 3 3 3 3 3 2 2 3 3 3 4 4 1 1 3 4 2 5 3 3 1 5 2 2 3 2 2 3 4 4 2 5 2 4 3 4 2 4 2 3 3 4 2 2 3 2 3 3 3 1 5 4 3 5 2 3 5 4 3 3 4 3 4 3 2 2 3 4 3 3 2 1 4 4 4 4 2 4 5 3 2 5 2 4 0 3 2 4 2 4 5 2 3 3 3 3 3 2 5 
3 5 6 5 5 7 4 4 5 6 6 6 3 3 7 6 6 6 4 5 7 8 5 5 4 5 7 4 6 6 3 3 7 6 1 8 3 7 3 6 6 4 4 4 4 6 1 6 8 5 6 9 3 6 2 5 4 3 8 4 5 6 4 7 4 7 5 6 4 3 6 5 4 5 6 3 3 7 7 5 2 6 6 4 3 7 3 7 8 7 3 3 6 4 3 5 4 2 8 5 4 3 6 5 2 6 3 4 3 4 6 6 4 1 6 3 3 5 5 7 5 7 4 6 5 3 2 8 4 5 2 6 5 9 7 3 7 5 3 7 2 3 4 7 3 7 5 5 4 6 6 6 6 6 6 3 5 4 3 3 6 7 4 5 3 3 9 6 9 5 8 7 6 5 6 5 7 5 4 3 4 7 6 6 5 3 5 7 3 5 5 6 6 5 6 8 4 6 4 4 
2 3 4 3 2 3 3 4 3 2 3 3 3 3 5 1 4 2 5 3 1 4 1 2 4 4 2 3 2 4 3 4 2 3 3 2 3 2 4 3 3 3 2 4 3 3 3 4 4 4 3 3 3 3 4 3 2 2 3 6 3 2 4 2 3 3 3 4 3 3 3 3 4 3 2 3 4 3 2 3 4 4 3 3 3 2 4 2 4 4 3 3 2 1 4 2 2 5 3 4 2 2 2 2 1 3 4 3 3 1 4 3 4 4 1 3 4 3 3 2 3 2 3 4 5 2 2 3 3 2 2 2 2 3 4 3 3 4 4 3 4 2 3 3 2 6 2 4 1 4 2 3 2 3 5 5 3 4 2 4 1 2 3 3 3 5 3 2 2 2 3 3 3 4 2 5 2 2 4 5 6 3 3 2 4 4 4 3 5 2 4 3 4 3 4 2 3 3 3 2 
5 9 4 7 8 6 9 6 7 5 6 5 9 5 5 8 3 4 11 7 6 5 5 4 3 9 6 8 8 7 6 10 9 8 8 8 8 12 6 11 7 8 6 13 6 4 9 9 9 10 5 9 4 6 2 7 10 8 6 7 4 8 4 7 7 2 7 4 7 7 5 9 9 8 6 7 8 10 9 9 7 4 8 2 8 6 5 10 5 8 10 7 5 1 6 9 8 11 7 10 10 8 6 4 7 7 7 10 5 7 9 10 4 8 7 6 9 7 11 4 7 6 6 8 5 10 11 4 8 12 5 9 5 9 4 8 8 4 6 10 9 3 6 9 7 7 10 8 8 9 7 11 7 4 8 5 7 10 12 6 7 9 11 5 7 4 7 8 6 6 10 5 7 9 4 5 10 9 7 10 6 8 7 5 7 12 10 11 5 12 7 8 7 7 9 6 6 11 9 8 
3 2 2 2 3 1 1 2 3 2 2 2 2 1 1 1 2 1 2 1 2 2 2 2 2 2 1 3 1 2 2 1 1 3 2 2 3 2 3 3 1 2 1 1 3 2 1 3 3 2 1 3 3 2 2 2 1 2 3 2 4 3 2 1 2 3 0 1 2 2 2 1 1 1 3 2 2 3 2 2 2 2 2 2 2 2 2 2 2 2 3 2 2 2 2 3 3 2 2 1 2 2 2 2 2 2 2 1 2 2 2 1 3 2 3 2 3 1 2 2 3 2 1 2 3 1 3 3 3 3 2 2 0 1 2 3 2 2 2 2 1 2 2 2 3 2 2 3 2 2 3 3 2 1 2 2 1 2 3 2 2 3 1 1 2 1 2 2 3 2 2 3 3 3 2 2 2 3 1 3 1 2 3 2 0 3 2 2 1 3 2 2 2 3 1 2 2 1 2 2 
13 14 5 14 14 10 12 10 7 7 5 11 0 4 8 13 9 7 11 5 12 3 8 10 10 12 12 12 11 9 12 8 10 12 13 13 15 7 9 5 6 8 6 12 8 11 10 10 8 6 8 8 6 5 10 13 6 8 8 6 13 9 7 8 6 6 14 7 5 9 10 6 9 8 9 8 6 8 5 5 7 6 6 5 14 9 6 8 9 8 8 7 4 9 10 12 12 7 5 12 7 13 7 9 9 10 6 12 10 10 12 8 10 7 9 16 10 15 11 11 10 8 12 12 9 10 9 4 7 11 14 7 6 15 6 5 6 7 7 6 10 11 10 10 11 15 13 9 10 8 10 11 9 8 9 10 4 7 7 9 7 4 4 12 14 5 8 6 5 10 6 5 5 8 12 10 7 7 3 11 7 7 6 9 7 9 5 11 11 11 10 8 9 11 8 7 4 13 7 9 
8 7 6 7 11 9 10 8 11 11 9 8 10 10 4 12 7 10 9 8 10 9 9 12 13 10 9 12 6 13 7 11 12 7 12 6 8 9 6 15 4 8 10 5 8 10 7 12 9 7 8 11 2 11 11 8 12 7 15 11 9 10 7 7 7 9 13 5 12 12 10 9 13 11 12 13 13 13 8 9 4 11 10 5 9 9 7 4 1 15 8 10 10 10 7 5 9 8 7 15 10 10 6 12 8 11 13 3 9 15 5 9 3 11 9 9 13 12 12 10 11 13 6 9 6 9 12 14 4 7 17 5 11 5 12 4 6 11 11 3 10 12 11 10 7 7 9 9 5 7 6 7 8 9 9 8 11 18 6 8 5 13 8 6 7 11 14 6 9 9 7 12 7 12 12 10 10 10 5 8 10 7 8 7 7 11 10 7 12 10 1 11 10 12 10 15 8 9 9 15 
0 1 1 0 1 1 1 1 1 1 1 1 1 1 1 1 1 1 0 1 1 1 1 1 1 1 1 1 1 1 1 2 0 1 1 1 1 1 1 1 1 1 2 1 1 2 1 1 1 1 1 1 0 1 1 1 1 1 1 1 1 0 1 1 1 1 1 1 1 1 1 1 1 1 1 1 1 1 1 1 1 1 2 1 1 1 1 1 1 1 1 1 1 1 1 1 1 1 1 1 1 1 1 0 1 1 1 1 1 1 0 1 1 1 1 1 1 1 1 1 1 2 1 1 1 0 1 1 2 1 1 1 1 0 1 1 1 1 1 1 1 1 1 1 1 1 1 1 1 1 1 1 1 1 1 1 0 0 2 1 1 1 1 1 1 1 1 1 1 1 1 1 1 2 1 1 1 1 1 0 1 1 1 1 1 1 1 1 1 1 1 1 1 1 1 1 1 1 1 1 
7 11 10 5 5 6 6 10 6 5 4 6 8 7 2 3 3 8 6 6 4 8 7 6 8 5 6 3 6 6 8 3 10 9 7 9 4 8 7 2 6 4 4 6 4 7 6 6 6 2 10 7 6 8 3 7 6 3 4 3 4 4 6 4 8 5 4 3 4 6 7 8 7 8 6 5 8 4 6 7 3 5 5 3 6 7 4 4 7 7 9 2 7 6 7 7 7 3 10 7 5 6 1 11 8 9 9 5 6 5 7 5 7 7 8 6 11 7 7 8 9 6 2 8 7 7 5 5 5 3 8 7 9 6 10 2 3 8 5 5 7 7 6 7 6 6 6 5 4 7 8 8 8 11 7 3 7 5 3 4 8 3 9 5 9 7 7 6 8 5 8 9 4 5 5 4 4 6 6 3 7 8 6 8 6 4 6 4 6 4 4 8 6 2 6 5 6 7 6 5 
5 7 1 5 8 9 4 10 6 9 8 4 5 13 10 11 7 3 9 7 8 9 10 11 10 10 9 10 10 7 9 7 7 7 4 9 12 7 7 15 8 4 8 9 16 11 10 13 11 11 8 14 7 7 5 10 9 10 7 9 8 9 10 9 10 6 5 16 4 2 12 7 5 6 5 6 13 9 9 6 11 6 9 5 14 10 11 8 5 9 11 8 16 9 13 6 7 10 10 9 11 8 9 9 9 13 7 6 7 0 8 7 8 3 15 3 9 8 11 3 6 8 11 10 6 8 12 12 4 9 8 7 7 7 6 9 10 7 10 8 1 9 10 8 8 9 10 13 3 4 13 13 8 12 7 9 11 5 5 5 10 7 11 6 8 9 6 5 7 6 11 9 10 5 4 7 10 4 13 9 4 12 2 7 10 8 8 10 8 5 6 12 6 6 5 8 3 4 10 10 
9 9 7 8 11 10 17 13 10 11 15 9 10 8 9 12 10 12 7 8 10 9 8 3 11 15 3 7 10 12 14 7 13 16 16 10 16 8 12 8 3 9 9 11 9 11 17 9 12 9 10 15 11 7 14 8 11 3 10 7 9 9 5 13 11 11 8 2 10 3 7 11 14 8 10 6 12 11 12 9 12 12 11 14 9 14 13 11 10 4 14 14 9 8 15 13 12 7 6 9 13 12 16 8 12 10 9 12 7 11 8 12 14 0 9 10 8 9 6 10 10 4 0 12 10 14 12 13 6 12 6 9 12 12 13 12 9 9 7 8 13 9 13 9 9 13 12 7 15 12 11 7 5 10 13 15 12 13 13 6 16 13 10 21 9 8 13 11 7 15 4 11 10 10 4 12 8 4 14 13 7 9 14 8 11 4 10 6 14 10 5 7 11 10 8 14 9 11 11 7 
8 8 8 9 7 6 5 7 8 8 9 12 6 7 5 9 4 7 5 6 7 10 8 3 4 7 8 7 10 7 4 5 6 10 5 8 12 7 10 9 3 6 7 12 10 5 8 6 8 7 5 8 7 7 2 10 3 8 8 5 6 9 6 6 5 12 10 8 8 7 6 4 7 5 7 9 9 9 7 6 7 7 7 4 6 12 8 6 8 10 7 5 10 8 8 6 5 8 7 7 7 7 2 8 7 8 7 7 6 8 6 6 7 0 8 9 12 3 7 6 2 10 9 7 9 4 5 7 9 8 9 8 12 5 9 8 4 7 7 9 3 6 8 6 11 6 10 8 4 7 7 7 6 8 10 0 8 6 7 4 7 8 3 10 8 7 9 7 3 11 12 9 9 4 8 9 9 5 5 10 6 9 9 6 7 9 6 6 6 4 5 7 3 7 7 3 8 8 3 8 
3 2 4 4 3 2 3 3 3 5 3 2 2 3 1 5 4 3 4 4 2 4 4 5 1 3 2 3 3 4 3 5 1 4 4 4 5 3 5 3 4 4 3 2 3 3 3 3 5 2 2 4 1 3 2 3 4 5 3 3 3 4 3 3 3 2 3 3 3 3 4 2 4 3 3 4 4 2 3 4 2 2 3 3 3 2 3 4 2 3 3 4 3 3 5 3 3 3 4 3 3 2 2 3 3 4 1 3 2 3 4 5 3 5 1 3 3 2 2 2 1 4 2 3 2 2 2 2 3 3 2 3 3 3 4 3 4 3 4 2 2 4 3 3 1 3 3 3 3 3 2 1 3 3 2 4 3 5 3 2 3 4 4 1 1 4 3 3 2 2 2 5 3 1 3 2 4 3 3 4 2 2 3 3 3 3 5 2 2 3 3 0 3 3 3 4 4 2 3 3 
4 4 2 2 4 3 2 2 3 3 2 2 4 2 2 1 2 4 2 3 3 1 3 4 4 4 4 3 3 3 3 2 5 2 2 2 2 1 3 2 3 2 3 2 3 4 2 2 4 2 4 5 3 3 2 2 1 4 3 3 3 4 4 2 4 4 2 5 3 6 4 4 5 2 3 1 5 2 2 3 3 2 1 2 2 2 2 3 3 3 4 3 4 2 4 2 3 1 2 4 1 3 4 3 2 3 4 2 4 2 3 3 2 3 2 2 2 4 2 4 3 3 3 3 3 3 3 4 4 2 4 2 2 1 4 3 3 3 3 4 4 3 2 5 3 4 3 2 2 4 3 3 3 5 2 3 5 1 2 3 4 2 1 3 2 3 2 5 2 2 4 3 2 2 2 3 2 1 4 3 4 2 2 3 4 3 4 3 5 4 2 1 4 3 1 3 2 4 3 2 
7 11 7 8 12 10 7 8 10 4 9 14 11 8 4 9 9 13 4 13 8 3 5 7 12 7 9 9 7 11 7 12 4 9 7 9 7 9 5 9 6 7 11 8 8 6 8 10 13 8 6 7 12 8 8 14 5 13 10 10 14 8 6 6 9 9 10 9 9 8 11 7 13 8 7 5 10 13 11 1 10 7 10 9 10 7 8 11 13 8 15 11 3 13 6 15 7 10 11 11 4 9 6 10 9 7 8 12 8 5 14 4 9 9 8 12 11 8 8 14 8 6 12 16 9 11 12 6 2 7 10 7 10 11 9 15 10 12 8 9 3 7 12 7 10 12 17 5 8 11 7 13 7 11 9 9 15 10 9 3 12 7 11 9 6 3 6 10 8 9 5 11 10 7 14 8 9 6 12 11 8 11 9 7 11 14 4 8 2 3 16 8 10 10 8 8 12 10 8 10 
8 13 14 14 7 7 11 5 5 8 13 8 13 13 12 13 11 10 11 9 12 9 9 8 10 12 8 7 8 8 7 8 9 15 11 15 11 3 10 13 4 7 12 8 8 4 5 4 9 14 10 8 9 5 11 8 9 12 13 12 3 9 11 7 13 10 6 13 14 10 9 10 11 13 12 14 6 10 15 12 11 7 12 6 5 13 12 17 12 10 7 13 5 13 15 11 10 9 7 6 10 10 2 10 10 9 14 12 8 14 12 12 12 7 6 12 3 11 8 10 13 9 9 7 13 20 10 8 11 8 7 6 9 10 15 7 13 13 4 11 14 11 3 9 10 7 7 4 11 14 14 11 12 7 9 5 12 7 18 8 4 7 11 8 10 6 11 12 12 8 11 11 9 12 12 11 8 6 15 9 8 8 16 5 6 15 14 3 9 7 12 14 10 11 11 16 5 8 5 10 
7 11 9 13 2 15 12 11 9 7 3 11 11 10 9 9 11 9 4 9 10 4 4 15 10 8 8 15 4 6 11 8 5 10 10 9 10 11 14 5 10 4 6 10 6 12 5 8 8 7 4 10 10 10 7 10 9 10 8 8 9 7 5 14 15 10 12 9 9 6 12 13 5 6 14 11 12 7 5 13 10 9 6 10 12 12 11 4 5 12 11 11 12 6 5 9 10 7 9 6 15 10 10 9 7 15 10 9 7 9 13 13 14 8 7 7 9 3 12 6 5 11 11 13 9 8 7 2 8 9 9 10 8 11 3 11 10 12 8 8 9 8 10 4 10 11 9 10 8 3 14 9 13 12 7 10 9 11 10 10 12 12 13 11 7 11 8 6 10 10 10 11 7 8 6 12 11 9 9 5 3 9 8 7 9 7 9 5 11 14 9 3 4 8 8 11 13 13 9 2 
12 11 13 11 13 10 9 6 8 7 8 8 14 13 12 14 8 9 11 10 7 13 7 13 10 19 8 10 10 12 15 12 17 15 8 7 13 7 8 6 10 5 10 12 6 10 12 8 7 7 9 6 8 10 10 11 10 10 8 11 7 5 11 8 5 13 11 9 9 6 11 16 10 6 10 14 4 9 7 12 11 15 9 11 3 16 7 11 15 15 13 11 11 11 11 11 5 8 9 3 10 12 12 12 13 2 5 12 14 14 8 13 13 11 12 11 2 10 11 12 10 9 8 12 12 8 13 8 9 9 12 6 8 16 9 13 8 6 7 5 8 11 14 8 13 4 13 13 14 9 10 11 10 7 13 10 11 11 9 7 9 15 13 9 12 9 14 11 11 9 7 8 14 11 12 14 8 14 19 8 6 12 10 8 4 15 10 15 10 14 10 11 10 8 10 6 11 14 8 4 
6 5 8 1 8 5 5 6 4 3 5 6 5 4 5 3 6 3 7 9 7 6 7 6 2 6 5 7 2 3 6 8 6 4 5 7 6 2 5 5 7 3 5 5 7 6 6 4 5 5 8 4 5 3 5 6 8 5 5 6 4 4 6 4 4 6 3 7 4 6 3 6 4 6 6 7 5 1 5 5 6 9 0 5 5 7 7 2 8 4 5 6 4 6 5 4 4 6 7 6 4 8 6 6 3 7 3 5 7 9 6 5 5 3 7 8 3 5 5 7 4 5 2 5 3 6 3 4 4 4 5 7 3 4 7 8 5 4 3 4 5 7 8 5 7 5 4 6 6 3 5 4 4 3 6 3 6 4 5 4 1 5 5 3 6 6 6 5 5 1 4 4 6 6 3 7 5 4 5 6 3 4 6 4 7 6 6 2 6 4 3 7 10 6 6 6 8 5 5 6 
6 6 5 6 9 3 7 5 6 5 3 4 4 8 5 5 6 9 5 5 7 7 7 6 3 6 6 7 10 7 7 7 6 7 7 10 9 7 7 3 6 8 5 8 11 8 5 7 9 6 6 5 6 4 2 11 7 4 3 9 3 8 9 6 5 7 7 5 8 4 8 4 1 6 3 9 6 6 9 9 5 8 3 2 6 5 5 4 6 5 9 8 7 3 6 1 5 7 8 10 5 3 9 6 6 5 4 5 6 4 5 1 4 7 8 4 8 6 10 8 6 8 6 10 5 9 5 9 5 7 6 5 7 6 7 5 8 8 7 3 4 6 6 5 9 2 7 5 6 7 5 6 3 8 3 5 5 6 10 8 4 7 5 9 5 10 7 7 8 5 6 2 8 3 5 10 8 7 5 9 6 5 5 7 7 6 6 6 10 6 8 9 9 4 3 6 5 7 7 7 
