NAME  : Jabali_60_4_0.85_1_7
TYPE : SVRP
MODEL : FINITE_SUPPORT
NUMBER_OF_SCENARIOS : 200
DIMENSION : 60
EDGE_WEIGHT_TYPE : MATRIX
CAPACITY : 96
N_VEHICLES : 4
NODE_COORD_SECTION
1 5792 4110
2 5894 7953
3 4663 3453
4 3460 8810
5 2187 2475
6 4642 3874
7 830 3838
8 5643 2800
9 3736 5061
10 8929 3758
11 7572 3679
12 2157 3786
13 4433 3607
14 6065 6321
15 2214 6920
16 5676 4399
17 3371 2951
18 1493 4632
19 5677 5438
20 3677 8526
21 3158 8422
22 4483 9148
23 3680 6181
24 5575 3510
25 3795 2611
26 7997 6722
27 8749 5868
28 4421 2171
29 2420 7353
30 884 3325
31 2304 5600
32 4474 6887
33 9723 5352
34 6258 18
35 4999 5960
36 2997 6728
37 3160 2757
38 1932 6542
39 6476 5314
40 857 4775
41 1566 3712
42 5192 6736
43 6389 4973
44 6361 7447
45 1530 2830
46 3684 7162
47 7035 4580
48 5959 739
49 27 3544
50 7386 2038
51 3568 7454
52 5776 2021
53 6969 7168
54 4309 2565
55 3553 3624
56 8223 6719
57 5422 465
58 6550 1857
59 8324 6215
60 7115 6919
DEMAND_SECTION
1 0.0
2 9.0
3 2.0
4 7.0
5 4.0
6 3.0
7 3.0
8 5.0
9 8.0
10 2.0
11 4.0
12 7.0
13 4.0
14 9.0
15 4.0
16 8.0
17 9.0
18 5.0
19 1.0
20 9.0
21 1.0
22 4.0
23 8.0
24 8.0
25 9.0
26 3.0
27 4.0
28 10.0
29 1.0
30 9.0
31 7.0
32 6.0
33 2.0
34 6.0
35 6.0
36 10.0
37 9.0
38 5.0
39 3.0
40 8.0
41 3.0
42 3.0
43 1.0
44 5.0
45 1.0
46 9.0
47 9.0
48 10.0
49 5.0
50 1.0
51 5.0
52 10.0
53 2.0
54 2.0
55 8.0
56 4.0
57 6.0
58 5.0
59 8.0
60 8.0
DEVIATION_SECTION
1 0.0
2 3.0
3 0.666667
4 2.33333
5 1.33333
6 1.0
7 1.0
8 1.66667
9 2.66667
10 0.666667
11 1.33333
12 2.33333
13 1.33333
14 3.0
15 1.33333
16 2.66667
17 3.0
18 1.66667
19 0.333333
20 3.0
21 0.333333
22 1.33333
23 2.66667
24 2.66667
25 3.0
26 1.0
27 1.33333
28 3.33333
29 0.333333
30 3.0
31 2.33333
32 2.0
33 0.666667
34 2.0
35 2.0
36 3.33333
37 3.0
38 1.66667
39 1.0
40 2.66667
41 1.0
42 1.0
43 0.333333
44 1.66667
45 0.333333
46 3.0
47 3.0
48 3.33333
49 1.66667
50 0.333333
51 1.66667
52 3.33333
53 0.666667
54 0.666667
55 2.66667
56 1.33333
57 2.0
58 1.66667
59 2.66667
60 2.66667
DISTANCE_MATRIX
0.0 51.1077 17.4642 70.9657 53.3385 15.6269 66.6443 18.4801 36.4946 47.3622 30.8974 49.2127 18.868 29.5466 67.646 3.60555 36.2353 61.5456 17.2256 66.8898 68.9715 70.0147 51.8492 8.544 33.5261 46.5296 47.131 32.0 71.2948 66.615 54.2709 42.0602 57.2024 56.7417 27.9769 61.0508 39.3573 65.9114 18.0 69.2278 57.0145 35.8114 14.0357 45.31 59.8164 52.157 19.6491 46.6197 77.624 47.3703 55.4346 28.9279 43.7379 29.2746 30.4915 47.8539 49.8513 38.5871 45.2217 42.2966 
51.1077 0.0 62.9525 35.4401 90.0056 58.2409 88.8876 69.3643 48.0104 68.7095 59.4054 76.9087 62.0967 22.0227 51.8556 47.8853 76.531 74.9466 34.0 31.9531 37.5766 26.0768 38.6005 59.5399 77.666 33.0606 47.0425 80.4147 48.0833 92.6499 57.9396 24.3516 62.0081 107.626 29.4279 42.72 79.404 56.6127 36.7696 80.6226 82.7647 19.0263 40.3609 9.21954 91.6624 32.2025 50.8634 97.504 99.6243 78.492 32.5576 79.8122 18.0278 76.243 67.2687 35.1283 100.735 89.4714 40.0125 21.095 
17.4642 62.9525 0.0 75.5263 36.0555 5.0 51.4782 16.0312 24.7386 57.7156 39.3633 34.0 3.0 43.5034 55.8901 18.4391 18.868 46.5203 30.4831 72.2956 70.981 76.9368 40.0933 12.8062 16.2788 63.561 64.5651 17.4642 59.5389 50.8035 42.3804 46.4617 75.3365 51.0 34.0147 49.2949 21.9545 54.021 34.7131 54.2025 41.6773 44.7772 31.0483 58.9855 43.1393 53.6946 37.0832 40.7063 62.1289 43.683 57.1003 24.0416 59.0085 13.3417 14.7648 65.0 42.0119 33.5444 62.6259 58.0345 
70.9657 35.4401 75.5263 0.0 86.7096 72.0339 75.4255 88.4114 51.6624 99.1413 85.7263 69.8928 72.6354 48.5077 30.0167 67.6843 78.7718 61.8142 53.8516 4.12311 6.0 14.4222 35.4683 82.3416 82.801 68.0661 81.3941 89.5134 24.0 80.895 45.8803 29.0689 96.421 125.199 43.382 28.2312 80.7775 36.0139 62.0967 64.0312 73.0068 36.1386 64.195 43.7379 84.2021 21.9317 74.6757 114.917 84.006 102.397 18.4391 97.7032 52.7731 84.529 69.6348 70.214 115.964 107.287 74.5453 55.5788 
53.3385 90.0056 36.0555 86.7096 0.0 38.0132 25.4951 47.5079 42.0476 91.9749 73.6695 17.2047 34.4819 74.5252 59.3633 53.6752 17.2047 29.8329 62.3618 84.456 81.127 95.4059 53.9351 48.4149 22.0227 98.3589 100.247 30.4138 65.0 21.0 41.1825 67.3647 109.643 65.2763 61.3085 58.5197 14.2127 54.4059 69.7218 34.8855 18.3576 71.0282 66.2832 88.5668 10.0499 66.632 72.7647 57.0701 32.249 67.5783 69.7774 48.7647 91.0055 28.6007 24.0416 100.086 53.1507 57.4397 98.0515 90.7083 
15.6269 58.2409 5.0 72.0339 38.0132 0.0 51.0393 19.2354 21.2462 60.0109 41.6586 33.6006 4.0 39.0512 52.3977 15.732 21.1896 45.9406 26.0 68.8032 67.4885 71.9825 36.6008 13.6015 20.0 60.6173 62.3158 22.3607 56.0465 50.9902 38.388 41.5074 72.3872 55.5698 29.1548 45.8024 24.3516 50.6631 31.7787 53.6228 41.4005 39.9249 28.34 54.4518 44.2041 50.2022 34.8339 45.2769 62.0081 48.7212 53.6079 28.2312 55.0364 18.0278 14.8661 62.1431 46.8615 37.7928 60.1083 54.5649 
66.6443 88.8876 51.4782 75.4255 25.4951 51.0393 0.0 66.3099 47.6477 109.074 90.7221 17.4929 48.8774 79.2884 45.5412 66.7495 36.1386 14.1421 70.689 74.108 69.4622 87.0 50.2892 64.1405 42.9535 106.031 111.998 52.7731 51.6236 6.40312 31.4006 64.56 122.724 90.0056 64.2907 49.0918 34.5254 39.6232 80.5688 12.53 9.84886 71.3092 80.3231 90.0777 16.1555 59.4138 85.8513 81.2219 11.4018 89.4481 61.131 70.342 94.9196 49.4773 36.7151 108.111 78.0064 79.3096 107.907 95.6731 
18.4801 69.3643 16.0312 88.4114 47.5079 19.2354 66.3099 0.0 40.721 45.3196 27.2947 49.0408 19.0263 47.9854 71.8725 21.4834 31.0644 61.752 35.4232 84.4801 86.9633 90.483 56.0756 9.95406 25.4951 61.0328 58.2495 19.2354 75.5212 64.8845 57.5959 60.0079 63.9766 38.4424 46.1745 65.2772 33.6006 69.8034 34.6702 69.4342 56.4624 54.009 31.0646 63.7706 56.0357 69.6769 34.4591 28.3204 76.4788 30.4264 73.0826 10.6301 60.7006 19.105 30.0832 62.0 31.9061 20.2878 58.2151 58.78 
36.4946 48.0104 24.7386 51.6624 42.0476 21.2462 47.6477 40.721 0.0 84.6508 68.186 30.4673 21.8477 34.7256 34.9285 36.5997 29.1268 36.4192 37.3151 48.2701 47.4236 56.8243 16.2788 34.6512 32.0999 73.5455 78.6246 38.7257 37.6962 48.2312 22.885 26.5707 90.9826 75.3655 19.7301 26.8328 31.7805 34.0588 47.1949 43.738 38.1307 29.0 46.9492 46.7186 44.643 29.7321 56.9377 65.1057 58.7107 70.0415 33.2415 48.7678 50.5629 33.7413 19.6469 75.3655 65.7005 58.2536 74.5335 51.1102 
47.3622 68.7095 57.7156 99.1413 91.9749 60.0109 109.074 45.3196 84.6508 0.0 18.868 91.6288 60.5711 50.636 98.2953 46.9197 75.0067 112.926 48.2597 95.0368 98.4124 93.9628 76.2832 50.134 70.1884 41.1096 28.6007 64.5549 98.4124 108.14 94.3448 72.0278 24.0832 59.0 59.1354 87.6926 77.8171 100.044 38.0132 116.459 99.2462 63.2851 37.3363 59.6154 99.9182 83.006 41.7131 54.7449 119.584 31.0483 86.0058 49.2682 51.8845 64.1246 72.4116 40.3113 62.1691 39.8246 33.9411 48.7647 
30.8974 59.4054 39.3633 85.7263 73.6695 41.6586 90.7221 27.2947 68.186 18.868 0.0 73.2766 42.2189 38.4708 82.2005 30.4548 56.6586 85.8399 32.3904 81.6088 84.1724 82.7345 60.1884 31.7817 52.0096 39.9249 33.0151 46.5296 82.3749 89.7875 77.88 57.2713 36.7696 51.5461 43.4276 71.598 59.4863 83.9488 23.7697 99.9941 80.894 49.6488 21.587 51.0882 81.566 67.6143 25.2483 44.5533 101.232 21.5407 70.8601 34.7909 45.3431 46.0435 54.0594 40.1622 51.1566 25.1794 34.9285 42.638 
49.2127 76.9087 34.0 69.8928 17.2047 33.6006 17.4929 49.0408 30.4673 91.6288 73.2766 0.0 31.3847 64.803 42.19 49.3178 20.0 13.9284 53.482 67.72 64.2573 79.4292 39.0 46.6476 27.0 89.7124 94.7915 37.0 47.8853 17.8045 24.1661 53.0932 105.973 75.4255 49.8075 41.7612 19.2354 37.2022 63.3618 21.095 7.81025 58.3253 63.1161 76.7008 15.0 50.636 68.4197 66.0681 28.4253 72.9742 53.1507 53.7587 80.6403 33.1361 19.2354 91.5324 63.7887 62.8356 90.8683 81.1877 
18.868 62.0967 3.0 72.6354 34.4819 4.0 48.8774 19.0263 21.8477 60.5711 42.2189 31.3847 0.0 43.0465 52.9992 19.3132 17.4642 43.8475 30.0 69.4047 68.09 75.5585 37.2023 15.2643 16.0 64.2884 65.7868 18.868 56.648 48.4149 39.5615 45.0834 75.8583 53.6656 32.8938 46.4039 20.6155 51.202 35.4401 51.5296 39.1152 43.6578 31.9531 58.4209 41.1096 50.8036 38.305 43.382 59.6406 46.545 54.2094 26.9258 59.0339 14.3178 12.2066 65.8027 44.4072 36.4065 63.6946 58.2497 
29.5466 22.0227 43.5034 48.5077 74.5252 39.0512 79.2884 47.9854 34.7256 50.636 38.4708 64.803 43.0465 0.0 52.3259 26.5707 59.2115 66.0433 13.1529 44.4072 48.0104 44.2832 32.0156 38.0789 59.0339 26.8701 36.2491 60.209 50.9215 82.567 50.9313 22.8035 50.5964 86.247 15.0 41.5933 62.2896 55.2268 15.0 73.2462 72.4665 13.1529 18.3848 15.8114 78.2178 34.2053 28.9317 76.1251 90.4534 56.6392 36.6742 58.4333 16.4924 56.6144 50.636 29.0 79.3566 68.0925 30.5287 16.5529 
67.646 51.8556 55.8901 30.0167 59.3633 52.3977 45.5412 71.8725 34.9285 98.2953 82.2005 42.19 52.9992 52.3259 0.0 63.4438 57.2824 32.28 50.01 29.1548 24.0208 42.5793 22.2036 65.8027 61.8494 78.2304 88.5664 69.4871 6.08276 51.1957 18.4391 30.2324 102.694 106.517 39.5601 10.7703 59.7303 6.0 60.6383 34.0147 44.0114 39.9625 60.9614 56.6392 55.5428 19.799 70.9523 96.2557 54.0 101.193 19.4165 79.9193 64.2028 64.488 48.4251 80.455 96.7737 89.4051 82.7647 66.0303 
3.60555 47.8853 18.4391 67.6843 53.6752 15.732 66.7495 21.4834 36.5997 46.9197 30.4548 49.3178 19.3132 26.5707 63.4438 0.0 36.7696 61.6508 13.9442 63.6083 65.6901 66.7333 41.4317 11.6619 34.7131 45.1221 46.6476 34.1321 63.6181 66.7201 54.376 38.7788 56.7599 59.745 24.6955 52.8413 39.9249 65.192 16.2788 69.333 57.1197 32.53 12.6491 42.3792 59.9248 48.8755 19.2066 49.6231 77.7292 46.9277 52.1532 31.9313 41.3038 31.0161 30.5966 46.5725 52.8546 41.5905 44.3847 40.05 
36.2353 76.531 18.868 78.7718 17.2047 21.1896 36.1386 31.0644 29.1268 75.0067 56.6586 20.0 17.4642 59.2115 57.2824 36.7696 0.0 33.3766 46.5296 75.8024 73.8173 85.4927 43.8292 31.241 7.0 81.6752 83.2364 17.0 61.0469 34.0147 41.9304 55.6597 92.6318 55.5788 47.1699 51.3075 3.16228 55.3403 52.8367 41.0488 26.4764 57.5602 49.3964 74.0 25.0 57.3062 55.7545 46.0977 45.6946 53.3133 60.5392 34.2053 75.5381 13.3417 9.48683 83.2011 44.1475 43.1747 81.1542 74.9667 
61.5456 74.9466 46.5203 61.8142 29.8329 45.9406 14.1421 61.752 36.4192 112.926 85.8399 13.9284 43.8475 66.0433 32.28 61.6508 33.3766 0.0 60.5871 60.2993 55.9017 73.0274 36.4005 59.095 40.3946 92.7773 106.178 50.3733 38.3275 19.105 17.2627 50.5964 119.258 88.955 51.0392 35.0143 32.9848 26.5707 75.4702 8.544 12.2066 57.6975 75.2244 76.4853 23.8537 45.2769 85.2129 79.5098 24.6982 86.0411 47.0425 66.7869 81.6333 46.3334 31.7821 94.8578 77.4661 75.9026 95.7042 82.3772 
17.2256 34.0 30.4831 53.8516 62.3618 26.0 70.689 35.4232 37.3151 48.2597 32.3904 53.482 30.0 13.1529 50.01 13.9442 46.5296 60.5871 0.0 49.7695 51.923 52.8015 28.019 25.601 46.0 36.2353 41.7732 47.3054 50.1597 71.2725 45.7106 25.0 54.3783 73.6848 11.0454 39.4588 49.6488 51.7794 10.7703 67.8247 61.172 18.6011 11.0 28.8617 66.7083 35.2278 21.1421 63.5628 81.752 48.8633 38.4708 45.871 29.0689 43.7108 38.3275 38.0789 66.7944 55.5302 37.6431 28.4429 
66.8898 31.9531 72.2956 4.12311 84.456 68.8032 74.108 84.4801 48.2701 95.0368 81.6088 67.72 69.4047 44.4072 29.1548 63.6083 75.8024 60.2993 49.7695 0.0 6.40312 13.6015 32.2025 78.4104 79.6304 64.3273 77.5242 86.2827 23.3452 79.404 43.9318 25.0599 92.5419 121.268 39.3573 25.9615 77.8974 35.1283 57.9741 63.0317 71.1969 32.0156 60.0833 40.025 82.2253 18.6011 70.5689 110.985 83.0542 98.2901 15.2643 93.7719 49.0306 81.2983 66.5733 66.4906 112.796 103.356 70.7107 51.788 
68.9715 37.5766 70.981 6.0 81.127 67.4885 69.4622 86.9633 47.4236 98.4124 84.1724 64.2573 68.09 48.0104 24.0208 65.6901 73.8173 55.9017 51.923 6.40312 0.0 19.6977 31.1448 80.8935 78.1025 69.3758 82.201 84.968 18.0 74.9667 40.1622 26.9258 97.1648 123.751 41.1096 22.8254 75.7494 30.0167 60.8276 58.0345 67.1863 35.1283 62.5859 45.2217 78.4474 18.0278 72.9697 113.469 78.0064 100.691 14.4222 96.255 54.1202 79.9836 64.8151 71.5681 111.943 105.839 75.505 56.7539 
70.0147 26.0768 76.9368 14.4222 95.4059 71.9825 87.0 90.483 56.8243 93.9628 82.7345 79.4292 75.5585 44.2832 42.5793 66.7333 85.4927 73.0274 52.8015 13.6015 19.6977 0.0 41.7852 78.3901 88.6997 59.0 73.1095 94.3366 36.8782 92.0869 56.2228 30.8058 88.0511 128.745 43.8406 38.1182 87.8465 48.5077 59.0593 76.2365 83.4865 34.2053 61.9112 35.2278 94.2019 28.8617 72.5134 118.623 96.2549 100.235 26.3059 100.931 44.1022 90.3411 76.0592 61.0082 118.368 110.59 66.0681 47.1699 
51.8492 38.6005 40.0933 35.4683 53.9351 36.6008 50.2892 56.0756 16.2788 76.2832 60.1884 39.0 37.2023 32.0156 22.2036 41.4317 43.8292 36.4005 28.019 32.2025 31.1448 41.7852 0.0 50.0058 47.4342 58.7963 67.7422 54.0803 23.1948 54.1295 19.7231 14.3178 81.3941 90.7201 17.8885 12.0416 46.0977 23.7697 38.6005 42.5441 44.4072 21.6333 38.9493 40.3113 54.0 13.6015 48.9401 80.4603 61.0983 76.6613 17.0294 65.3674 46.2277 49.0959 34.4819 60.959 81.0552 74.9516 62.426 47.4236 
8.544 59.5399 12.8062 82.3416 48.4149 13.6015 64.1405 9.95406 34.6512 50.134 31.7817 46.6476 15.2643 38.0789 65.8027 11.6619 31.241 59.095 25.601 78.4104 80.8935 78.3901 50.0058 0.0 27.2947 54.1571 60.7358 24.1868 69.4515 63.6003 52.4275 53.5078 67.7549 48.2157 36.3523 59.2074 34.2053 64.068 26.1725 66.7772 54.3783 44.1868 22.0907 53.8516 55.8659 63.6071 27.025 38.0937 74.8866 38.8443 67.0129 20.4019 52.1728 22.1359 27.4591 55.3803 41.3253 30.0611 60.0248 50.636 
33.5261 77.666 16.2788 82.801 22.0227 20.0 42.9535 25.4951 32.0999 70.1884 52.0096 27.0 16.0 59.0339 61.8494 34.7131 7.0 40.3946 46.0 79.6304 78.1025 88.6997 47.4342 27.2947 0.0 79.8311 80.6555 10.0 65.614 40.4969 48.4743 58.6388 88.0449 48.6621 48.2701 55.8659 8.544 60.1148 50.9902 48.0416 33.3766 58.9406 47.2969 74.3303 30.8869 61.0328 53.1736 39.1152 52.2015 46.545 64.405 27.5136 75.0278 6.7082 13.4536 81.2527 37.3631 36.4065 78.7464 74.1687 
46.5296 33.0606 63.561 68.0661 98.3589 60.6173 106.031 61.0328 73.5455 41.1096 39.9249 89.7124 64.2884 26.8701 78.2304 45.1221 81.6752 92.7773 36.2353 64.3273 69.3758 59.0 58.7963 54.1571 79.8311 0.0 14.5602 78.3135 76.0592 107.503 77.7946 48.0208 29.1548 91.4166 41.7732 67.6757 84.8351 81.6088 28.8617 100.015 97.4024 38.2753 32.5576 24.3311 102.883 59.0593 41.1321 83.9345 117.196 61.4654 60.8358 69.5845 15.2971 75.8024 74.3173 2.23607 90.0279 63.1989 7.61577 12.6491 
47.131 47.0425 64.5651 81.3941 100.247 62.3158 111.998 58.2495 78.6246 28.6007 33.0151 94.7915 65.7868 36.2491 88.5664 46.6476 83.2364 106.178 41.7732 77.5242 82.201 73.1095 67.7422 60.7358 80.6555 14.5602 0.0 76.922 87.0919 112.582 85.8117 58.8727 15.0333 83.7437 49.93 77.8203 86.376 91.3017 31.8904 107.926 102.481 49.0408 34.4093 38.0 106.509 70.2282 41.4819 77.4145 123.061 53.7587 72.4224 65.2118 29.0172 75.401 77.1804 13.0 84.1487 58.0345 7.07107 26.0 
32.0 80.4147 17.4642 89.5134 30.4138 22.3607 52.7731 19.2354 38.7257 64.5549 46.5296 37.0 18.868 60.209 69.4871 34.1321 17.0 50.3733 47.3054 86.2827 84.968 94.3366 54.0803 24.1868 10.0 78.3135 76.922 0.0 73.2516 50.0 56.1119 63.8614 83.1925 38.833 51.4782 63.2535 18.2483 67.7524 50.0 58.0345 43.2897 62.2415 46.0109 75.9744 39.9249 67.6817 51.1814 29.1548 61.6847 37.1731 71.0874 18.3576 75.4255 5.0 21.9317 79.5368 27.8568 27.0345 76.2978 74.1687 
71.2948 48.0833 59.5389 24.0 65.0 56.0465 51.6236 75.5212 37.6962 98.4124 82.3749 47.8853 56.648 50.9215 6.08276 63.6181 61.0469 38.3275 50.1597 23.3452 18.0 36.8782 23.1948 69.4515 65.614 76.0592 87.0919 73.2516 0.0 57.2713 23.8537 28.2312 101.514 110.166 39.3192 11.1803 62.9765 12.0416 60.531 40.05 49.98 38.0789 61.131 53.6004 61.4654 17.0 71.1266 99.906 60.0083 98.8478 15.6205 83.5681 61.5873 68.2525 52.1896 78.2943 100.499 93.0539 81.0247 63.6318 
66.615 92.6499 50.8035 80.895 21.0 50.9902 6.40312 64.8845 48.2312 108.14 89.7875 17.8045 48.4149 82.567 51.1957 66.7201 34.0147 19.105 71.2725 79.404 74.9667 92.0869 54.1295 63.6003 40.4969 107.503 112.582 50.0 57.2713 0.0 36.0139 68.4471 123.375 86.209 67.5714 54.0093 31.9531 45.3542 81.1523 18.868 10.2956 74.655 80.9066 93.3849 11.0454 64.0703 85.822 77.7817 11.7047 87.0069 66.0 68.0074 98.4042 47.1699 36.2353 109.323 74.108 76.8684 108.659 98.9516 
54.2709 57.9396 42.3804 45.8803 41.1825 38.388 31.4006 57.5959 22.885 94.3448 77.88 24.1661 39.5615 50.9313 18.4391 54.376 41.9304 17.2627 45.7106 43.9318 40.1622 56.2228 19.7231 52.4275 48.4743 77.7946 85.8117 56.1119 23.8537 36.0139 0.0 33.6155 99.206 93.1418 36.0694 18.1108 41.507 14.4222 56.3274 22.8254 27.2947 41.3401 56.6432 60.0333 38.3275 28.0713 66.6317 82.8805 41.7612 87.7437 30.0167 66.413 65.8027 51.1128 35.0499 79.9062 83.3985 75.9241 80.8277 66.8431 
42.0602 24.3516 46.4617 29.0689 67.3647 41.5074 64.56 60.0079 26.5707 72.0278 57.2713 53.0932 45.0834 22.8035 30.2324 38.7788 55.6597 50.5964 25.0 25.0599 26.9258 30.8058 14.3178 53.5078 58.6388 48.0208 58.8727 63.8614 28.2312 68.4471 33.6155 0.0 73.3757 96.6081 14.3178 19.8494 58.2409 33.9706 34.1321 56.3649 58.6941 9.84886 35.6931 27.0185 68.0686 11.4018 46.0512 86.0829 75.2728 73.7724 14.0357 68.8693 34.0588 59.4012 46.1736 50.2494 87.8932 78.4536 52.8015 35.805 
57.2024 62.0081 75.3365 96.421 109.643 72.3872 122.724 63.9766 90.9826 24.0832 36.7696 105.973 75.8583 50.5964 102.694 56.7599 92.6318 119.258 54.3783 92.5419 97.1648 88.0511 81.3941 67.7549 88.0449 29.1548 15.0333 83.1925 101.514 123.375 99.206 73.3757 0.0 83.0241 63.5059 91.9239 95.4594 105.119 43.8292 122.791 113.775 63.6003 45.4533 53.0094 116.58 84.7703 51.5533 78.3135 133.704 54.3323 87.0919 71.0562 44.0 82.365 87.2518 27.2947 85.5862 61.4003 22.0 41.0122 
56.7417 107.626 51.0 125.199 65.2763 55.5698 90.0056 38.4424 75.3655 59.0 51.5461 75.4255 53.6656 86.247 106.517 59.745 55.5788 88.955 73.6848 121.268 123.751 128.745 90.7201 48.2157 48.6621 91.4166 83.7437 38.833 110.166 86.209 93.1418 96.6081 83.0241 0.0 84.4361 99.9217 56.2228 104.782 69.9363 96.5194 81.0555 92.2706 66.4748 99.2145 75.326 106.465 71.6761 10.2956 97.5141 30.0832 109.87 27.8029 94.9167 43.4166 60.4401 91.7061 12.1655 30.6105 86.4002 92.5905 
27.9769 29.4279 34.0147 43.382 61.3085 29.1548 64.2907 46.1745 19.7301 59.1354 43.4276 49.8075 32.8938 15.0 39.5601 24.6955 47.1699 51.0392 11.0454 39.3573 41.1096 43.8406 17.8885 36.3523 48.2701 41.7732 49.93 51.4782 39.3192 67.5714 36.0694 14.3178 63.5059 84.4361 0.0 28.8617 50.0899 41.6293 21.2132 58.258 57.4709 10.7703 22.0227 27.2947 64.2438 24.1868 32.1794 74.3142 75.4557 59.9005 27.4591 56.6224 30.8707 47.1699 38.0132 43.8634 75.3903 66.2815 44.8219 31.3847 
61.0508 42.72 49.2949 28.2312 58.5197 45.8024 49.0918 65.2772 26.8328 87.6926 71.598 41.7612 46.4039 41.5933 10.7703 52.8413 51.3075 35.0143 39.4588 25.9615 22.8254 38.1182 12.0416 59.2074 55.8659 67.6757 77.8203 63.2535 11.1803 54.0093 18.1108 19.8494 91.9239 99.9217 28.8617 0.0 53.2371 14.1421 50.01 39.0512 45.3982 29.4109 50.3587 46.6905 56.2939 10.7703 60.3497 89.6619 58.8558 88.0709 12.0416 73.324 53.9073 58.258 42.45 69.8928 90.2568 82.8099 72.0694 55.6058 
39.3573 79.404 21.9545 80.7775 14.2127 24.3516 34.5254 33.6006 31.7805 77.8171 59.4863 19.2354 20.6155 62.2896 59.7303 39.9249 3.16228 32.9848 49.6488 77.8974 75.7494 87.8465 46.0977 34.2053 8.544 84.8351 86.376 18.2483 62.9765 31.9531 41.507 58.2409 95.4594 56.2228 50.0899 53.2371 0.0 54.9169 55.9965 40.3113 25.0799 60.4182 52.5547 77.0065 22.4722 59.4811 58.8941 47.0 43.6578 55.0726 62.6498 36.0555 78.6384 15.2315 12.1655 86.3609 44.5533 44.9341 84.309 78.0897 
65.9114 56.6127 54.021 36.0139 54.4059 50.6631 39.6232 69.8034 34.0588 100.044 83.9488 37.2022 51.202 55.2268 6.0 65.192 55.3403 26.5707 51.7794 35.1283 30.0167 48.5077 23.7697 64.068 60.1148 81.6088 91.3017 67.7524 12.0416 45.3542 14.4222 33.9706 105.119 104.782 41.6293 14.1421 54.9169 0.0 62.3961 28.0179 38.4838 43.4166 62.712 60.8276 50.0899 24.4131 72.7005 94.5211 48.0 99.4583 24.5967 78.0536 68.0147 62.7534 46.6905 83.8153 95.039 87.5647 85.7555 69.6563 
18.0 36.7696 34.7131 62.0967 69.7218 31.7787 80.5688 34.6702 47.1949 38.0132 23.7697 63.3618 35.4401 15.0 60.6383 16.2788 52.8367 75.4702 10.7703 57.9741 60.8276 59.0593 38.6005 26.1725 50.9902 28.8617 31.8904 50.0 60.531 81.1523 56.3274 34.1321 43.8292 69.9363 21.2132 50.01 55.9965 62.3961 0.0 79.003 71.0518 25.9615 4.12311 29.4109 76.5074 45.0 14.2111 61.7652 91.6318 41.7253 48.0416 44.2111 26.2488 47.1699 46.6433 30.3645 65.611 53.7326 28.6531 24.5153 
69.2278 80.6226 54.2025 64.0312 34.8855 53.6228 12.53 69.4342 43.738 116.459 99.9941 21.095 51.5296 73.2462 34.0147 69.333 41.0488 8.544 67.8247 63.0317 58.0345 76.2365 42.5441 66.7772 48.0416 100.015 107.926 58.0345 40.05 18.868 22.8254 56.3649 122.791 96.5194 58.258 39.0512 40.3113 28.0179 79.003 0.0 16.5529 64.1405 78.7573 82.8553 27.0185 49.7293 88.7458 87.1436 20.025 93.7233 50.9902 74.469 88.4816 54.0156 39.4642 102.095 84.8528 83.5848 102.942 89.4036 
57.0145 82.7647 41.6773 73.0068 18.3576 41.4005 9.84886 56.4624 38.1307 99.2462 80.894 7.81025 39.1152 72.4665 44.0114 57.1197 26.4764 12.2066 61.172 71.1969 67.1863 83.4865 44.4072 54.3783 33.3766 97.4024 102.481 43.2897 49.98 10.2956 27.2947 58.6941 113.775 81.0555 57.4709 45.3982 25.0799 38.4838 71.0518 16.5529 0.0 64.6743 70.8061 83.4041 11.6619 55.0364 76.2216 72.0278 20.6155 79.777 57.2189 60.6383 88.3037 39.8121 26.9258 99.2224 69.1809 69.6384 98.5583 88.8511 
35.8114 19.0263 44.7772 36.1386 71.0282 39.9249 71.3092 54.009 29.0 63.2851 49.6488 58.3253 43.6578 13.1529 39.9625 32.53 57.5602 57.6975 18.6011 32.0156 35.1283 34.2053 21.6333 44.1868 58.9406 38.2753 49.0408 62.2415 38.0789 74.655 41.3401 9.84886 63.6003 92.2706 10.7703 29.4109 60.4182 43.4166 25.9615 64.1405 64.6743 0.0 28.2312 18.7883 72.9932 21.1896 38.7805 82.1486 82.3468 66.5017 23.5372 64.4568 24.7588 57.9396 48.2813 40.4969 85.192 74.116 42.9535 26.2488 
14.0357 40.3609 31.0483 64.195 66.2832 28.34 80.3231 31.0646 46.9492 37.3363 21.587 63.1161 31.9531 18.3848 60.9614 12.6491 49.3964 75.2244 11.0 60.0833 62.5859 61.9112 38.9493 22.0907 47.2969 32.5576 34.4093 46.0109 61.131 80.9066 56.6432 35.6931 45.4533 66.4748 22.0227 50.3587 52.5547 62.712 4.12311 78.7573 70.8061 28.2312 0.0 33.2866 72.5328 46.1736 10.6056 58.1597 91.3861 38.3187 49.366 40.6056 30.3645 43.2897 43.2046 33.9559 62.0055 50.1271 31.7805 28.6356 
45.31 9.21954 58.9855 43.7379 88.5668 54.4518 90.0777 63.7706 46.7186 59.6154 51.0882 76.7008 58.4209 15.8114 56.6392 42.3792 74.0 76.4853 28.8617 40.025 45.2217 35.2278 40.3113 53.8516 74.3303 24.3311 38.0 75.9744 53.6004 93.3849 60.0333 27.0185 53.0094 99.2145 27.2947 46.6905 77.0065 60.8276 29.4109 82.8553 83.4041 18.7883 33.2866 0.0 91.2195 36.8782 43.6197 91.1738 101.134 70.8378 38.0132 74.2184 9.05539 72.2819 65.0692 26.4764 95.1418 83.1412 31.0161 12.0 
59.8164 91.6624 43.1393 84.2021 10.0499 44.2041 16.1555 56.0357 44.643 99.9182 81.566 15.0 41.1096 78.2178 55.5428 59.9248 25.0 23.8537 66.7083 82.2253 78.4474 94.2019 54.0 55.8659 30.8869 102.883 106.509 39.9249 61.4654 11.0454 38.3275 68.0686 116.58 75.326 64.2438 56.2939 22.4722 50.0899 76.5074 27.0185 11.6619 72.9932 72.5328 91.2195 0.0 65.4905 79.0267 67.082 22.2036 77.0789 67.897 58.1808 94.7049 37.5899 29.4109 104.683 63.1981 66.9403 104.014 94.6172 
52.157 32.2025 53.6946 21.9317 66.632 50.2022 59.4138 69.6769 29.7321 83.006 67.6143 50.636 50.8036 34.2053 19.799 48.8755 57.3062 45.2769 35.2278 18.6011 18.0278 28.8617 13.6015 63.6071 61.0328 59.0593 70.2282 67.6817 17.0 64.0703 28.0713 11.4018 84.7703 106.465 24.1868 10.7703 59.4811 24.4131 45.0 49.7293 55.0364 21.1896 46.1736 36.8782 65.4905 0.0 56.366 96.1822 69.4262 84.0872 3.60555 78.9687 44.6542 62.6972 48.0208 61.2944 94.6565 88.5529 64.0781 46.6476 
19.6491 50.8634 37.0832 74.6757 72.7647 34.8339 85.8513 34.4591 56.9377 41.7131 25.2483 68.4197 38.305 28.9317 70.9523 19.2066 55.7545 85.2129 21.1421 70.5689 72.9697 72.5134 48.9401 27.025 53.1736 41.1321 41.4819 51.1814 71.1266 85.822 66.6317 46.0512 51.5533 71.6761 32.1794 60.3497 58.8941 72.7005 14.2111 88.7458 76.2216 38.7805 10.6056 43.6197 79.0267 56.366 0.0 61.5541 96.831 41.7212 59.6118 44.0 40.2415 48.7732 49.6985 42.3553 65.3999 53.5215 39.573 38.3209 
46.6197 97.504 40.7063 114.917 57.0701 45.2769 81.2219 28.3204 65.1057 54.7449 44.5533 66.0681 43.382 76.1251 96.2557 49.6231 46.0977 79.5098 63.5628 110.985 113.469 118.623 80.4603 38.0937 39.1152 83.9345 77.4145 29.1548 99.906 77.7817 82.8805 86.0829 78.3135 10.2956 74.3142 89.6619 47.0 94.5211 61.7652 87.1436 72.0278 82.1486 58.1597 91.1738 67.082 96.1822 61.5541 0.0 89.2693 24.0208 99.588 17.6918 86.7393 33.541 50.448 84.4038 7.61577 21.4709 79.4292 84.4131 
77.624 99.6243 62.1289 84.006 32.249 62.0081 11.4018 76.4788 58.7107 119.584 101.232 28.4253 59.6406 90.4534 54.0 77.7292 45.6946 24.6982 81.752 83.0542 78.0064 96.2549 61.0983 74.8866 52.2015 117.196 123.061 61.6847 60.0083 11.7047 41.7612 75.2728 133.704 97.5141 75.4557 58.8558 43.6578 48.0 91.6318 20.025 20.6155 82.3468 91.3861 101.134 22.2036 69.4262 96.831 89.2693 0.0 98.7091 70.859 79.712 106.085 58.8727 47.4342 119.276 85.3756 88.5706 118.97 106.789 
47.3703 78.492 43.683 102.397 67.5783 48.7212 89.4481 30.4264 70.0415 31.0483 21.5407 72.9742 46.545 56.6392 101.193 46.9277 53.3133 86.0411 48.8633 98.2901 100.691 100.235 76.6613 38.8443 46.545 61.4654 53.7587 37.1731 98.8478 87.0069 87.7437 73.7724 54.3323 30.0832 59.9005 88.0709 55.0726 99.4583 41.7253 93.7233 79.777 66.5017 38.3187 70.8378 77.0789 84.0872 41.7212 24.0208 98.7091 0.0 87.333 19.799 66.0303 39.9718 55.3983 61.6847 31.257 12.083 56.3205 63.5138 
55.4346 32.5576 57.1003 18.4391 69.7774 53.6079 61.131 73.0826 33.2415 86.0058 70.8601 53.1507 54.2094 36.6742 19.4165 52.1532 60.5392 47.0425 38.4708 15.2643 14.4222 26.3059 17.0294 67.0129 64.405 60.8358 72.4224 71.0874 15.6205 66.0 30.0167 14.0357 87.0919 109.87 27.4591 12.0416 62.6498 24.5967 48.0416 50.9902 57.2189 23.5372 49.366 38.0132 67.897 3.60555 59.6118 99.588 70.859 87.333 0.0 82.3744 46.1411 66.103 51.3128 63.0714 98.0622 91.9586 66.1287 48.3011 
28.9279 79.8122 24.0416 97.7032 48.7647 28.2312 70.342 10.6301 48.7678 49.2682 34.7909 53.7587 26.9258 58.4333 79.9193 31.9313 34.2053 66.7869 45.871 93.7719 96.255 100.931 65.3674 20.4019 27.5136 69.5845 65.2118 18.3576 83.5681 68.0074 66.413 68.8693 71.0562 27.8029 56.6224 73.324 36.0555 78.0536 44.2111 74.469 60.6383 64.4568 40.6056 74.2184 58.1808 78.9687 44.0 17.6918 79.712 19.799 82.3744 0.0 70.2415 20.8806 36.0 70.3491 21.4709 9.66042 66.0303 68.3081 
43.7379 18.0278 59.0085 52.7731 91.0055 55.0364 94.9196 60.7006 50.5629 51.8845 45.3431 80.6403 59.0339 16.4924 64.2028 41.3038 75.5381 81.6333 29.0689 49.0306 54.1202 44.1022 46.2277 52.1728 75.0278 15.2971 29.0172 75.4255 61.5873 98.4042 65.8027 34.0588 44.0 94.9167 30.8707 53.9073 78.6384 68.0147 26.2488 88.4816 88.3037 24.7588 30.3645 9.05539 94.7049 44.6542 40.2415 86.7393 106.085 66.0303 46.1411 70.2415 0.0 72.111 67.082 17.4642 91.6415 79.7631 22.0 3.16228 
29.2746 76.243 13.3417 84.529 28.6007 18.0278 49.4773 19.105 33.7413 64.1246 46.0435 33.1361 14.3178 56.6144 64.488 31.0161 13.3417 46.3334 43.7108 81.2983 79.9836 90.3411 49.0959 22.1359 6.7082 75.8024 75.401 5.0 68.2525 47.1699 51.1128 59.4012 82.365 43.4166 47.1699 58.258 15.2315 62.7534 47.1699 54.0156 39.8121 57.9396 43.2897 72.2819 37.5899 62.6972 48.7732 33.541 58.8727 39.9718 66.103 20.8806 72.111 0.0 17.088 77.1038 32.6956 29.8332 74.3462 71.007 
30.4915 67.2687 14.7648 69.6348 24.0416 14.8661 36.7151 30.0832 19.6469 72.4116 54.0594 19.2354 12.2066 50.636 48.4251 30.5966 9.48683 31.7821 38.3275 66.5733 64.8151 76.0592 34.4819 27.4591 13.4536 74.3173 77.1804 21.9317 52.1896 36.2353 35.0499 46.1736 87.2518 60.4401 38.0132 42.45 12.1655 46.6905 46.6433 39.4642 26.9258 48.2813 43.2046 65.0692 29.4109 48.0208 49.6985 50.448 47.4342 55.3983 51.3128 36.0 67.082 17.088 0.0 76.1138 49.7695 45.2597 74.9729 66.7083 
47.8539 35.1283 65.0 70.214 100.086 62.1431 108.111 62.0 75.3655 40.3113 40.1622 91.5324 65.8027 29.0 80.455 46.5725 83.2011 94.8578 38.0789 66.4906 71.5681 61.0082 60.959 55.3803 81.2527 2.23607 13.0 79.5368 78.2943 109.323 79.9062 50.2494 27.2947 91.7061 43.8634 69.8928 86.3609 83.8153 30.3645 102.095 99.2224 40.4969 33.9559 26.4764 104.683 61.2944 42.3553 84.4038 119.276 61.6847 63.0714 70.3491 17.4642 77.1038 76.1138 0.0 90.6091 63.8005 6.40312 14.8661 
49.8513 100.735 42.0119 115.964 53.1507 46.8615 78.0064 31.9061 65.7005 62.1691 51.1566 63.7887 44.4072 79.3566 96.7737 52.8546 44.1475 77.4661 66.7944 112.796 111.943 118.368 81.0552 41.3253 37.3631 90.0279 84.1487 27.8568 100.499 74.108 83.3985 87.8932 85.5862 12.1655 75.3903 90.2568 44.5533 95.039 65.611 84.8528 69.1809 85.192 62.0055 95.1418 63.1981 94.6565 65.3999 7.61577 85.3756 31.257 98.0622 21.4709 91.6415 32.6956 49.7695 90.6091 0.0 26.9258 85.8429 89.6947 
38.5871 89.4714 33.5444 107.287 57.4397 37.7928 79.3096 20.2878 58.2536 39.8246 25.1794 62.8356 36.4065 68.0925 89.4051 41.5905 43.1747 75.9026 55.5302 103.356 105.839 110.59 74.9516 30.0611 36.4065 63.1989 58.0345 27.0345 93.0539 76.8684 75.9241 78.4536 61.4003 30.6105 66.2815 82.8099 44.9341 87.5647 53.7326 83.5848 69.6384 74.116 50.1271 83.1412 66.9403 88.5529 53.5215 21.4709 88.5706 12.083 91.9586 9.66042 79.7631 29.8332 45.2597 63.8005 26.9258 0.0 59.2115 77.8163 
45.2217 40.0125 62.6259 74.5453 98.0515 60.1083 107.907 58.2151 74.5335 33.9411 34.9285 90.8683 63.6946 30.5287 82.7647 44.3847 81.1542 95.7042 37.6431 70.7107 75.505 66.0681 62.426 60.0248 78.7464 7.61577 7.07107 76.2978 81.0247 108.659 80.8277 52.8015 22.0 86.4002 44.8219 72.0694 84.309 85.7555 28.6531 102.942 98.5583 42.9535 31.7805 31.0161 104.014 64.0781 39.573 79.4292 118.97 56.3205 66.1287 66.0303 22.0 74.3462 74.9729 6.40312 85.8429 59.2115 0.0 19.0263 
42.2966 21.095 58.0345 55.5788 90.7083 54.5649 95.6731 58.78 51.1102 48.7647 42.638 81.1877 58.2497 16.5529 66.0303 40.05 74.9667 82.3772 28.4429 51.788 56.7539 47.1699 47.4236 50.636 74.1687 12.6491 26.0 74.1687 63.6318 98.9516 66.8431 35.805 41.0122 92.5905 31.3847 55.6058 78.0897 69.6563 24.5153 89.4036 88.8511 26.2488 28.6356 12.0 94.6172 46.6476 38.3209 84.4131 106.789 63.5138 48.3011 68.3081 3.16228 71.007 66.7083 14.8661 89.6947 77.8163 19.0263 0.0 
DEMAND_SCENARIO_SECTION
0 0 0 0 0 0 0 0 0 0 0 0 0 0 0 0 0 0 0 0 0 0 0 0 0 0 0 0 0 0 0 0 0 0 0 0 0 0 0 0 0 0 0 0 0 0 0 0 0 0 0 0 0 0 0 0 0 0 0 0 0 0 0 0 0 0 0 0 0 0 0 0 0 0 0 0 0 0 0 0 0 0 0 0 0 0 0 0 0 0 0 0 0 0 0 0 0 0 0 0 0 0 0 0 0 0 0 0 0 0 0 0 0 0 0 0 0 0 0 0 0 0 0 0 0 0 0 0 0 0 0 0 0 0 0 0 0 0 0 0 0 0 0 0 0 0 0 0 0 0 0 0 0 0 0 0 0 0 0 0 0 0 0 0 0 0 0 0 0 0 0 0 0 0 0 0 0 0 0 0 0 0 0 0 0 0 0 0 0 0 0 0 0 0 0 0 0 0 0 0 
8 10 6 5 11 9 3 7 8 9 11 8 8 9 7 10 10 9 14 6 11 11 8 17 8 13 13 11 8 10 7 7 13 8 11 18 9 4 7 7 7 14 7 8 3 6 5 9 10 9 10 12 13 10 13 11 9 8 7 12 11 11 11 8 6 11 10 6 12 10 3 6 4 10 9 8 4 10 13 12 6 6 1 9 8 14 13 10 2 6 10 15 11 5 10 8 7 9 4 12 8 10 2 15 8 8 11 9 13 0 12 13 7 12 8 8 8 5 13 7 10 11 10 13 7 8 5 13 12 10 9 5 11 18 3 10 11 8 10 4 8 8 10 8 9 11 6 14 8 7 9 11 5 8 12 13 11 6 1 11 10 5 10 8 7 5 13 5 7 10 10 11 11 10 5 6 10 11 9 8 6 9 9 6 12 11 6 5 8 9 10 13 10 7 12 10 13 8 7 7 
2 2 2 4 2 2 3 0 2 2 2 2 2 2 1 2 2 2 2 2 1 2 1 2 3 2 2 3 2 1 2 2 1 2 1 2 2 1 3 1 3 2 2 2 3 2 2 2 1 2 2 2 1 1 2 3 2 2 2 2 3 3 2 1 2 2 2 0 2 2 3 1 1 2 3 2 2 1 3 0 3 3 1 2 2 1 2 3 2 3 2 2 2 3 2 2 2 3 1 2 2 2 3 2 3 1 3 2 2 3 3 2 3 3 1 1 2 1 3 3 1 3 0 2 1 2 2 1 2 2 2 2 2 2 2 1 2 2 2 1 2 1 1 2 1 2 2 2 2 1 1 2 3 1 2 2 1 1 1 2 2 2 3 1 3 1 3 2 2 3 2 1 3 2 2 3 2 3 1 2 1 3 3 1 2 2 2 3 3 1 2 1 3 2 1 2 2 1 3 2 
7 5 5 5 8 8 10 9 7 8 4 6 9 7 4 8 16 8 13 13 7 3 7 7 6 8 6 9 9 10 13 8 5 5 10 6 5 10 6 11 8 9 6 9 5 8 8 3 7 5 6 6 8 6 9 9 6 8 8 8 6 10 4 3 8 10 8 9 8 10 5 7 6 11 8 8 8 8 4 5 9 4 6 5 10 9 8 11 7 8 8 4 2 9 7 8 9 7 12 4 7 6 8 6 7 9 6 10 8 11 8 8 8 9 9 4 6 7 8 7 4 8 7 8 6 6 11 3 4 3 4 6 5 6 5 9 6 8 5 5 8 4 10 4 7 9 6 7 5 6 8 0 9 4 2 5 7 7 5 5 6 7 10 6 11 3 8 7 8 4 7 8 5 7 3 8 5 8 4 8 6 6 5 9 10 9 11 6 5 5 6 6 7 7 6 6 3 7 4 7 
5 6 5 4 5 3 5 3 4 4 2 4 3 5 4 4 5 5 5 5 4 3 2 4 2 4 3 3 5 6 7 4 5 5 3 2 3 3 2 5 4 5 4 3 5 4 5 5 3 3 3 4 4 4 4 2 4 6 3 4 3 4 4 5 4 4 6 7 5 5 3 4 3 6 3 4 5 3 6 3 5 4 5 3 5 4 6 4 3 2 5 5 4 3 4 5 5 4 6 6 3 6 1 3 2 4 3 7 0 4 4 3 3 5 4 5 5 6 6 4 2 3 5 6 3 4 2 4 5 1 4 2 3 4 7 3 3 2 5 4 5 5 5 4 2 6 6 3 3 5 6 4 4 4 4 5 4 6 4 5 2 3 3 6 3 4 4 5 5 5 4 3 7 6 4 4 2 4 4 3 5 3 6 3 4 4 5 2 3 6 3 3 2 4 4 3 5 4 5 3 
3 3 3 5 4 4 2 3 3 2 4 3 4 3 3 3 3 6 1 4 1 4 2 2 3 3 3 3 4 2 4 2 2 4 3 3 1 3 3 2 3 3 3 1 4 4 1 4 3 3 4 5 1 4 2 3 2 6 3 2 2 4 2 5 2 2 3 1 3 4 3 3 3 4 2 4 3 1 3 5 4 4 3 3 2 4 0 2 4 3 4 3 3 4 5 3 3 3 3 3 4 4 2 3 2 3 5 3 4 0 2 4 4 3 3 4 2 3 2 2 3 3 3 4 3 4 4 4 2 3 3 3 2 3 2 3 3 2 2 3 5 3 2 2 3 2 4 1 4 1 3 3 5 3 2 3 2 3 3 4 2 2 3 4 3 3 3 3 4 4 3 3 2 3 2 1 5 2 6 5 5 3 3 4 4 2 3 1 5 2 4 3 3 4 5 3 3 4 2 3 
1 5 4 3 4 5 1 3 4 3 3 5 4 2 2 2 2 2 3 3 4 2 3 4 2 4 5 3 4 3 4 3 3 3 4 3 4 2 4 4 4 3 3 3 2 3 3 5 3 5 3 3 1 3 2 4 3 3 3 4 4 3 3 3 2 3 3 5 4 2 4 2 3 3 5 3 4 4 4 3 3 4 3 4 4 3 2 3 3 2 3 4 2 2 2 3 3 4 1 4 2 3 2 2 3 1 3 2 2 3 3 4 3 4 3 3 4 2 1 2 3 4 2 2 4 2 3 3 2 3 3 3 2 3 2 5 5 4 1 4 3 2 2 4 2 4 3 3 3 4 3 3 3 6 3 4 5 4 4 2 3 4 1 2 4 3 4 2 5 2 2 2 2 4 4 4 2 2 5 4 2 2 5 3 3 3 4 3 2 4 2 1 2 1 3 4 4 1 3 2 
10 5 6 5 6 4 2 5 5 6 8 2 6 5 6 5 4 6 4 7 4 0 3 2 7 5 2 4 7 5 8 3 8 5 6 4 6 4 9 5 3 6 3 9 4 5 9 5 6 3 4 2 2 6 6 5 5 5 4 5 4 4 6 4 2 6 8 5 5 3 5 8 5 8 9 3 4 6 5 5 4 9 6 6 6 6 5 5 3 3 6 2 2 4 5 5 6 4 6 6 7 4 6 4 4 6 7 7 8 4 7 4 7 7 6 5 5 7 6 3 3 6 6 9 4 5 4 3 4 6 6 0 7 6 5 7 5 5 5 6 6 6 2 5 5 5 4 3 3 5 6 3 3 1 3 6 5 7 6 4 5 6 1 6 6 5 7 7 7 5 5 8 6 4 3 3 3 1 4 5 6 4 3 2 6 4 5 6 5 3 4 6 5 4 5 8 3 7 4 8 
4 14 13 6 8 8 6 10 4 5 10 11 10 9 7 11 2 9 5 10 9 9 11 7 6 8 7 8 10 6 12 5 6 4 13 10 9 10 4 8 13 5 8 1 8 8 9 7 9 8 10 10 9 8 2 8 6 8 6 3 8 5 13 8 8 7 7 10 10 9 14 12 12 4 4 8 10 9 11 4 14 5 9 6 8 13 15 5 9 11 4 7 13 11 10 8 7 8 7 13 6 7 6 9 2 10 8 4 8 9 7 8 9 11 11 10 8 9 0 7 7 11 9 7 2 9 11 3 7 10 11 5 7 11 4 11 11 8 10 7 9 11 10 12 0 2 13 4 7 10 13 5 11 4 5 8 12 11 7 13 10 6 8 5 7 12 10 8 7 7 6 10 9 6 5 8 10 10 9 7 10 7 14 13 5 4 4 7 7 5 4 8 7 6 7 7 10 9 6 10 
3 2 3 2 3 2 3 3 2 3 2 2 2 2 2 2 2 2 3 1 2 3 3 3 3 3 1 3 1 2 2 2 2 2 1 2 3 3 3 1 2 2 1 2 2 1 3 1 2 2 3 2 1 1 3 1 2 1 2 2 2 3 4 1 2 3 1 2 2 1 2 2 3 3 2 1 1 3 2 3 2 2 2 2 2 2 2 2 4 1 2 1 1 1 2 2 2 2 2 1 2 0 1 3 1 1 1 1 2 2 2 2 2 1 2 2 1 2 3 2 3 2 2 3 2 3 2 3 2 2 1 2 4 2 1 2 2 3 2 3 1 3 2 3 2 3 2 2 2 1 2 1 3 2 2 3 2 2 3 1 3 2 1 2 4 2 2 0 2 2 2 2 2 1 2 2 3 2 1 2 1 2 2 3 0 1 3 2 3 4 3 3 2 3 2 3 2 2 1 2 
5 2 4 3 5 2 4 3 2 4 6 4 6 2 4 5 3 4 6 5 5 3 2 6 7 4 4 5 5 3 4 4 2 3 1 4 2 3 4 4 4 5 4 2 3 3 3 4 4 3 4 3 4 4 3 5 6 3 5 5 4 5 4 2 5 4 1 2 5 5 2 3 3 4 4 3 5 3 4 3 2 6 5 6 5 3 3 5 4 5 4 5 3 3 3 5 4 4 3 5 2 3 6 3 5 5 6 5 2 5 5 4 6 2 5 4 4 5 3 4 5 4 3 5 2 4 7 3 4 4 5 5 3 3 2 4 4 4 2 3 5 5 4 5 3 2 2 3 5 6 5 4 6 4 4 5 2 3 5 6 3 2 5 2 5 3 2 1 5 4 4 5 5 4 1 6 5 5 6 4 5 5 4 3 3 2 2 3 3 4 3 5 3 6 5 1 3 5 3 7 
2 6 5 7 9 6 3 7 11 8 6 7 8 6 5 3 5 11 7 4 6 6 1 9 2 7 3 6 10 8 7 8 6 11 7 9 4 7 7 6 3 7 3 8 11 8 8 6 5 3 8 8 6 6 8 8 10 6 9 11 7 8 8 4 10 7 9 4 5 6 9 5 7 6 4 4 8 3 8 7 6 6 8 11 5 8 7 7 6 8 3 12 9 7 8 6 5 10 6 5 8 4 8 6 6 9 8 3 6 6 9 6 3 7 7 5 6 7 7 8 5 12 4 11 6 3 6 3 5 7 3 5 12 10 11 7 9 8 2 8 10 8 7 10 8 5 14 8 7 7 9 7 6 8 5 1 10 9 6 6 8 10 10 7 7 8 5 4 6 8 9 9 8 11 4 8 8 4 5 9 10 5 7 8 5 4 5 10 10 10 6 5 9 4 10 9 10 6 6 4 
5 5 4 3 6 6 5 5 4 2 5 4 0 4 5 2 4 3 4 3 3 4 4 5 2 4 4 2 3 4 1 4 4 4 2 5 5 4 2 2 2 2 5 4 3 3 4 3 3 2 2 5 4 4 3 2 4 4 2 4 4 1 3 4 4 5 6 5 4 1 5 5 2 3 3 4 5 4 3 5 3 4 6 3 3 4 6 3 3 4 3 3 4 4 4 5 3 3 4 2 4 3 5 3 6 5 5 4 5 3 6 3 2 6 2 5 2 6 4 5 4 5 5 3 0 4 4 3 2 5 4 5 6 1 4 4 5 2 6 5 6 3 5 5 6 4 5 5 4 3 5 3 5 3 3 5 7 6 7 6 5 3 4 4 4 4 3 7 1 4 3 5 3 4 2 4 4 3 2 3 3 6 2 4 5 5 3 6 3 5 3 1 2 5 4 5 4 7 5 3 
8 11 13 8 13 1 14 11 8 9 11 8 12 6 7 9 9 5 7 3 7 4 11 7 11 9 7 13 12 6 7 11 9 5 15 10 9 8 10 10 7 10 15 4 12 6 12 8 6 11 11 7 11 13 9 11 9 6 9 14 9 6 7 8 13 10 4 9 13 3 10 10 10 10 7 16 9 10 11 8 7 3 10 10 4 1 10 10 9 10 5 5 4 10 10 6 8 6 16 8 12 13 13 9 12 13 12 9 8 13 5 10 12 7 14 7 11 2 12 11 5 6 5 7 7 7 14 5 6 11 10 8 10 5 8 7 13 8 9 11 7 7 3 5 6 7 10 6 9 2 10 6 10 8 7 7 2 7 8 12 12 12 12 10 6 12 8 5 10 11 5 11 5 15 15 5 13 3 13 9 8 7 4 15 8 4 10 10 4 7 10 8 5 10 6 7 9 7 11 14 
6 3 3 3 5 4 2 4 3 6 4 6 2 2 5 4 6 4 1 5 5 5 5 3 3 3 5 6 5 5 2 4 4 6 3 4 2 4 4 4 3 4 4 3 5 3 2 6 3 5 5 6 4 3 4 4 6 3 4 5 4 5 5 5 3 2 4 5 7 5 5 1 5 5 5 6 4 2 5 4 3 5 4 5 5 4 5 3 7 4 4 4 3 3 7 4 5 3 4 6 4 3 4 3 5 3 4 5 3 3 4 6 5 6 2 3 4 6 4 7 4 4 6 4 4 3 6 8 5 4 4 2 6 4 3 5 1 5 2 3 5 5 3 4 3 5 3 5 4 5 3 4 4 5 6 5 4 3 5 2 4 3 4 6 3 3 4 3 2 4 4 5 5 4 2 2 2 2 5 4 3 2 3 4 3 4 4 5 5 4 4 4 6 5 3 4 4 5 2 1 
4 5 9 12 10 9 11 4 9 10 5 9 11 7 5 6 7 7 12 4 11 11 9 7 12 5 10 8 8 9 5 9 6 9 8 9 7 5 11 7 5 4 6 7 10 4 10 3 4 10 8 13 7 12 8 7 9 6 4 10 10 7 12 12 10 12 5 11 8 7 3 4 9 8 9 8 10 10 9 2 8 8 4 6 12 7 5 11 2 11 7 11 7 9 9 14 4 6 9 9 12 11 6 7 11 10 5 8 8 10 10 11 7 8 6 3 11 8 9 6 6 13 7 5 5 5 9 9 7 10 9 4 10 10 4 7 10 4 3 10 7 9 9 9 7 10 9 8 5 3 4 10 10 9 10 11 9 6 9 8 7 5 9 9 5 9 12 8 9 8 5 8 10 13 10 4 12 10 3 10 9 5 8 8 3 6 11 9 7 9 10 5 5 9 10 8 2 7 8 12 
12 11 8 9 9 8 12 8 4 15 5 8 7 9 8 9 10 11 7 10 7 8 4 7 13 10 14 8 2 9 11 8 15 12 6 8 2 5 11 13 14 9 9 5 8 6 10 8 9 10 7 11 7 7 11 8 12 16 8 4 14 5 6 14 12 9 8 6 12 8 10 0 11 11 10 11 15 7 10 4 7 7 6 4 14 14 6 11 9 8 9 8 8 11 9 10 9 4 9 13 15 8 7 10 6 9 6 13 8 6 17 12 8 11 8 17 7 6 8 5 10 9 17 12 15 13 8 11 2 14 7 10 9 7 11 18 5 7 8 9 8 7 11 7 8 4 4 8 4 5 13 8 11 10 13 10 10 13 9 9 8 4 7 11 5 11 11 7 9 3 11 6 3 12 7 8 13 12 10 13 7 10 1 5 9 9 7 12 7 11 8 11 5 10 8 12 11 9 11 7 
5 4 4 6 4 3 4 3 6 9 7 6 6 4 4 5 2 4 4 4 7 6 7 4 4 6 0 3 3 3 7 4 5 3 5 7 3 4 3 5 2 5 6 5 6 7 2 6 5 6 4 7 5 5 5 7 7 6 2 5 6 5 5 4 2 3 2 5 6 3 4 6 6 8 4 6 5 5 7 4 3 7 6 4 5 5 9 8 2 6 3 6 7 5 4 7 3 7 6 6 5 7 8 1 7 8 4 5 4 5 2 7 4 3 7 6 6 4 4 4 4 4 4 5 5 4 2 4 7 6 4 3 5 7 6 3 7 4 6 7 5 6 8 2 6 4 3 4 4 8 3 5 7 5 3 6 6 4 3 6 8 6 1 3 6 6 7 1 4 7 6 8 3 4 5 4 3 5 3 6 5 4 3 6 7 4 7 5 5 5 4 3 3 9 7 0 3 3 4 5 
2 1 1 0 1 1 1 1 1 1 1 1 2 1 1 1 1 1 1 1 1 1 1 1 1 1 1 1 2 1 1 1 0 1 1 1 1 1 1 1 1 1 0 0 1 1 1 1 1 1 0 1 1 1 1 1 1 1 1 1 1 1 1 1 1 1 1 1 1 1 1 1 1 1 2 1 1 1 1 1 1 1 1 1 1 1 1 1 1 1 1 2 1 1 1 1 1 1 1 0 0 1 1 1 1 1 1 1 1 1 1 2 1 0 1 1 1 1 1 1 1 1 1 1 1 1 1 1 1 1 1 2 1 1 1 1 1 1 0 1 1 1 2 2 1 1 0 1 1 2 1 1 1 1 1 1 1 1 1 1 1 1 1 1 1 2 1 1 1 1 1 1 1 1 1 0 0 1 2 1 1 1 1 1 1 1 1 2 2 1 1 1 1 1 0 1 1 1 1 1 
8 12 7 10 9 6 13 7 7 5 9 10 13 8 6 7 8 11 12 6 17 12 10 8 12 14 3 6 10 11 13 11 11 12 10 11 11 13 8 8 11 9 14 11 7 12 8 6 6 6 11 11 11 5 8 6 12 10 9 10 9 4 10 10 11 4 12 5 4 6 13 10 8 7 5 7 6 9 2 5 10 7 10 14 6 11 9 12 12 15 5 9 8 11 10 4 7 8 9 7 12 12 4 10 12 8 16 11 9 8 12 12 11 6 13 9 9 5 6 10 13 8 12 10 4 10 11 7 8 13 10 6 10 8 9 9 9 6 7 11 12 8 7 7 0 6 16 7 3 9 11 8 13 8 9 8 7 9 10 8 13 9 7 10 7 10 10 11 12 13 11 6 10 12 10 5 11 13 16 7 0 4 12 8 3 9 5 10 8 10 10 8 4 6 13 11 8 13 8 10 
1 1 2 1 1 1 1 1 0 1 1 1 1 2 1 0 1 1 1 1 1 1 1 1 1 1 1 1 1 1 1 1 1 1 1 1 1 1 1 2 1 1 1 0 1 1 1 1 1 1 2 1 1 1 1 1 1 1 1 1 1 2 1 1 0 2 0 1 1 1 1 2 1 1 1 1 1 1 1 1 2 1 1 1 1 1 1 1 1 1 1 1 1 1 1 1 1 1 1 1 1 1 1 0 1 1 1 1 1 1 0 0 1 1 1 1 1 1 1 1 1 1 1 1 1 1 0 1 1 2 1 1 2 1 1 1 1 1 2 1 1 1 1 0 1 0 1 1 1 1 1 1 1 1 1 2 0 1 1 1 1 2 1 1 1 1 1 1 1 1 1 1 1 1 1 1 1 1 1 2 1 1 0 1 1 1 1 1 1 1 2 2 0 1 1 1 1 1 1 1 
4 4 4 4 3 4 4 2 5 3 2 3 2 5 3 3 3 3 4 4 3 6 5 6 7 5 3 1 3 3 2 2 3 7 7 6 6 5 2 6 2 1 4 3 2 5 4 6 2 2 3 1 5 1 3 2 2 3 4 2 5 4 3 3 5 6 2 5 3 3 4 3 6 4 6 5 4 2 5 3 6 6 4 5 2 5 7 3 5 4 6 4 4 4 5 3 5 3 5 4 4 4 4 4 4 3 2 4 4 5 3 3 6 3 1 5 4 5 3 3 7 4 3 4 6 1 4 4 4 3 4 4 5 5 6 3 5 3 3 4 5 2 5 2 7 3 4 4 3 4 2 3 4 4 3 6 3 4 7 2 4 4 4 6 5 6 3 3 4 2 8 4 6 4 6 2 5 4 3 4 3 5 3 3 5 2 6 3 4 3 3 4 2 4 2 4 5 5 2 5 
10 7 10 6 8 6 6 9 4 9 8 11 10 8 9 4 9 7 6 9 10 13 11 10 11 6 11 4 7 12 11 8 9 11 7 10 8 12 5 11 7 5 5 10 9 8 10 8 2 12 10 9 6 12 7 6 11 8 7 7 7 6 10 7 6 5 9 9 7 4 7 5 10 9 6 5 12 2 9 15 4 9 9 10 9 11 7 7 6 9 5 6 3 8 3 11 5 9 6 3 8 5 6 10 7 11 8 9 6 6 6 10 10 6 9 6 6 6 12 5 4 4 8 5 3 11 11 5 6 8 6 7 5 7 14 3 4 8 12 7 11 8 4 11 8 8 10 8 11 11 11 8 13 10 8 9 5 5 7 8 12 13 9 6 8 7 8 11 5 6 7 8 8 6 9 9 7 14 15 4 7 6 5 6 10 4 11 6 10 9 10 7 4 11 7 15 0 16 7 8 
