NAME  : Jabali_60_4_0.80_1_8
TYPE : SVRP
MODEL : FINITE_SUPPORT
NUMBER_OF_SCENARIOS : 200
DIMENSION : 60
EDGE_WEIGHT_TYPE : MATRIX
CAPACITY : 89
N_VEHICLES : 4
NODE_COORD_SECTION
1 4604 4036
2 7275 7219
3 5207 946
4 4285 2768
5 1357 2787
6 1110 7421
7 3706 5785
8 7252 5732
9 674 2252
10 4009 6672
11 2150 511
12 2909 5132
13 4592 5436
14 1200 3636
15 6630 1742
16 6975 5349
17 4277 1255
18 4551 1306
19 1996 7422
20 500 3184
21 4952 1315
22 7352 2070
23 4204 6198
24 2039 6291
25 5260 6818
26 5093 282
27 380 1598
28 690 7345
29 27 1049
30 3154 6358
31 4539 1722
32 6560 2819
33 982 1415
34 4094 5013
35 1647 2598
36 1807 2938
37 2116 2614
38 5484 1186
39 1165 2753
40 1844 3828
41 7023 18
42 6200 6450
43 340 4017
44 4070 2139
45 3084 4112
46 875 2948
47 3205 7247
48 3409 2092
49 5090 6140
50 4562 3271
51 555 4620
52 1318 1490
53 1498 3318
54 5668 7331
55 3825 7146
56 1920 1697
57 7114 5989
58 1884 2284
59 5235 4690
60 3624 7627
DEMAND_SECTION
1 0.0
2 1.0
3 4.0
4 10.0
5 7.0
6 2.0
7 2.0
8 6.0
9 10.0
10 3.0
11 2.0
12 5.0
13 3.0
14 4.0
15 10.0
16 9.0
17 4.0
18 2.0
19 9.0
20 2.0
21 8.0
22 8.0
23 10.0
24 3.0
25 8.0
26 10.0
27 9.0
28 8.0
29 4.0
30 3.0
31 3.0
32 5.0
33 2.0
34 6.0
35 1.0
36 6.0
37 3.0
38 7.0
39 1.0
40 2.0
41 8.0
42 8.0
43 1.0
44 3.0
45 5.0
46 4.0
47 3.0
48 9.0
49 1.0
50 4.0
51 4.0
52 7.0
53 1.0
54 1.0
55 2.0
56 1.0
57 9.0
58 4.0
59 4.0
60 6.0
DEVIATION_SECTION
1 0.0
2 0.333333
3 1.33333
4 3.33333
5 2.33333
6 0.666667
7 0.666667
8 2.0
9 3.33333
10 1.0
11 0.666667
12 1.66667
13 1.0
14 1.33333
15 3.33333
16 3.0
17 1.33333
18 0.666667
19 3.0
20 0.666667
21 2.66667
22 2.66667
23 3.33333
24 1.0
25 2.66667
26 3.33333
27 3.0
28 2.66667
29 1.33333
30 1.0
31 1.0
32 1.66667
33 0.666667
34 2.0
35 0.333333
36 2.0
37 1.0
38 2.33333
39 0.333333
40 0.666667
41 2.66667
42 2.66667
43 0.333333
44 1.0
45 1.66667
46 1.33333
47 1.0
48 3.0
49 0.333333
50 1.33333
51 1.33333
52 2.33333
53 0.333333
54 0.333333
55 0.666667
56 0.333333
57 3.0
58 1.33333
59 1.33333
60 2.0
DISTANCE_MATRIX
0.0 57.2014 41.8287 18.0278 49.0408 65.9469 27.2947 43.7809 60.4403 37.3631 58.4872 26.9258 20.025 45.5544 44.7025 39.3802 37.0135 36.0555 58.1378 56.1349 36.7374 47.8431 30.8058 46.2277 39.6232 50.3336 69.2915 69.2079 77.7532 37.4433 31.0161 32.8433 65.442 15.6525 47.3598 43.09 43.8415 45.7276 50.6647 37.011 68.0549 40.3113 55.9815 26.6833 19.9271 52.9844 47.8539 31.0697 30.4138 10.7703 53.4519 62.3521 43.5613 47.5395 43.9659 51.0624 44.3316 48.796 12.8062 50.5964 
57.2014 0.0 89.0225 74.9411 99.905 84.0536 51.8941 20.0 111.288 45.1221 115.532 65.3682 43.6005 94.6256 74.1687 25.1794 90.3826 88.1332 72.0278 105.437 86.3308 69.1158 44.0114 72.0347 27.8927 97.7446 120.283 89.0898 128.745 57.0088 84.182 60.531 116.524 52.0096 98.3514 94.1116 94.9236 85.3756 101.415 86.4002 97.0464 17.8045 102.249 83.5005 70.1783 103.233 55.0818 88.1144 33.121 67.7743 98.6333 113.434 93.8616 22.0 47.1699 107.078 17.0294 99.8781 44.4072 50.04 
41.8287 89.0225 0.0 28.6007 56.266 104.309 68.3753 69.8928 62.3699 79.0792 42.2019 64.8833 61.2021 64.9031 21.6333 64.195 12.3693 9.84886 97.5027 68.292 5.65685 31.9061 72.5302 84.6756 79.1012 9.0 65.123 106.874 70.0643 77.8781 13.4536 30.0167 57.0351 57.0161 51.8143 52.8628 47.2126 4.24264 57.9964 59.423 28.2312 75.5603 77.0399 22.0227 51.1669 62.4657 88.9676 29.0689 70.2567 33.541 79.3345 53.0848 59.2542 86.0058 85.6155 45.3982 72.4224 47.2541 50.0899 92.1837 
18.0278 74.9411 28.6007 0.0 43.1531 81.6459 41.5933 61.4789 49.3528 53.1507 40.8044 42.9932 37.3363 44.8616 36.7747 57.0782 20.6155 20.6155 76.4311 55.1791 23.0217 44.906 47.0106 62.0129 57.4891 36.2353 53.4587 84.2115 60.0054 50.4793 15.6525 33.8905 46.0997 31.0161 38.7014 39.7499 34.0997 28.2843 44.8835 36.8034 54.8179 58.1671 56.9021 9.0 28.5042 49.3528 61.881 13.4536 48.2701 7.28011 56.7149 41.9829 41.8498 65.521 59.4138 33.4598 62.0296 34.1411 30.534 65.7647 
49.0408 99.905 56.266 43.1531 0.0 63.6396 52.1536 88.3149 11.4018 64.0078 31.9531 38.4708 56.5685 11.1803 73.1815 83.9142 43.8985 46.5901 64.0703 12.083 51.5088 82.6174 60.4649 49.2544 76.0592 59.5399 20.6155 63.561 29.2062 54.7814 45.095 72.9934 18.6815 48.0833 4.47214 6.32456 10.198 58.5784 2.0 15.2315 84.3406 82.134 21.2603 38.8151 29.7321 6.32456 66.0984 30.0393 67.9412 50.0262 26.8328 17.0294 7.28011 84.6463 68.0294 15.6525 88.8499 9.21954 57.9137 72.45 
65.9469 84.0536 104.309 81.6459 63.6396 0.0 41.5933 85.703 70.0 40.6079 95.1262 39.6233 54.1295 52.469 106.86 83.9345 94.3424 95.1984 12.0416 58.0345 98.6606 110.0 44.9222 19.799 57.1402 110.989 79.1012 5.09902 86.4696 31.3847 90.8551 95.0 81.0987 51.8652 66.2873 62.8172 67.72 103.216 63.3877 51.2445 129.206 70.4557 47.2652 82.3921 53.275 61.0737 29.0 79.3953 56.5155 70.8864 39.1152 80.399 57.0701 62.0725 37.0135 78.6448 84.1724 70.8308 66.7308 34.3657 
27.2947 51.8941 68.3753 41.5933 52.1536 41.5933 0.0 47.0425 63.0079 12.3693 76.139 14.1421 12.6491 44.5982 66.8431 44.1022 62.1691 61.8466 32.0156 55.1543 63.2456 69.5282 8.48528 23.5372 25.0 76.844 72.6705 45.6946 81.2712 10.6301 56.7539 54.5315 70.2353 11.6619 51.8845 47.4131 49.3964 67.1763 53.2541 37.2022 90.213 34.7851 51.095 50.4878 24.7386 54.037 20.6155 51.0392 18.9737 35.171 47.4795 67.5426 45.2217 33.3017 18.0 61.6847 46.2709 54.231 25.2389 24.1868 
43.7809 20.0 69.8928 61.4789 88.3149 85.703 47.0425 0.0 99.7144 45.1221 100.496 58.2495 35.5106 84.5813 54.231 5.83095 72.0694 69.7711 74.2159 95.2733 67.624 49.163 41.1947 70.0643 29.9666 78.4474 108.566 90.4268 117.027 55.2268 65.8699 40.7922 104.716 42.72 86.6339 82.364 83.1156 66.0984 89.9387 76.0592 77.0584 16.6433 93.9202 66.8602 59.0339 92.258 57.5674 74.6521 29.2746 54.312 90.3757 101.626 82.8325 29.7321 49.6488 95.2704 3.16228 88.0701 31.0114 54.626 
60.4403 111.288 62.3699 49.3528 11.4018 70.0 63.0079 99.7144 0.0 74.6257 30.4795 49.0918 67.897 19.3132 79.3812 95.3137 50.01 52.7731 72.0069 12.1655 57.7062 88.817 71.4003 57.7235 87.2067 64.846 9.84886 69.1809 18.3576 64.846 51.2947 79.1931 11.7047 59.4138 13.9284 17.4929 19.6469 64.7765 9.89949 25.807 90.2497 93.5094 23.5372 45.0147 41.1096 9.48683 75.7999 36.239 79.2086 56.2259 31.1448 12.8062 17.8045 95.7758 78.2943 17.4642 100.249 16.0312 69.3132 82.3468 
37.3631 45.1221 79.0792 53.1507 64.0078 40.6079 12.3693 45.1221 74.6257 0.0 88.4882 25.5539 18.3576 55.8032 74.9466 43.6578 73.5527 72.9932 29.1204 66.0705 73.9878 77.1992 6.7082 26.9258 17.2627 87.5841 84.3801 45.3982 92.9624 12.083 67.897 62.2026 82.2922 22.2036 63.9766 59.5063 61.6847 76.9532 65.0 48.8774 98.8838 30.0167 61.8466 62.1289 37.108 65.4599 13.0384 63.1981 16.1555 46.3897 56.6138 79.7057 56.9386 24.1661 6.7082 74.0 43.566 66.4831 31.6228 13.4164 
58.4872 115.532 42.2019 40.8044 31.9531 95.1262 76.139 100.496 30.4795 88.4882 0.0 64.3817 75.8834 43.0116 62.9682 94.6681 31.7805 34.9285 94.3549 41.3401 39.5601 73.1642 83.3119 79.2275 96.4601 41.0122 27.7849 95.3362 29.8329 81.4985 36.3593 66.5733 20.0 68.0083 28.8617 32.3883 28.0179 45.8803 32.6956 44.2832 67.0075 98.7574 52.3546 33.9411 51.6283 36.2353 93.4345 27.4591 87.5349 47.7578 58.6941 17.6918 38.0789 104.949 93.576 16.4924 102.62 24.3311 71.0747 98.9949 
26.9258 65.3682 64.8833 42.9932 38.4708 39.6233 14.1421 58.2495 49.0918 25.5539 64.3817 0.0 22.8035 30.4795 68.691 54.4518 55.6939 56.5457 33.541 41.0122 59.5735 71.8316 22.6274 19.8494 39.0512 72.3363 58.8303 42.7058 67.4166 17.1172 52.2024 56.8319 56.8595 16.0 38.6264 34.176 36.8782 63.677 39.4462 23.3238 89.6672 47.8539 37.0167 43.7394 14.5602 40.0 29.0689 41.7732 32.249 31.3472 33.4012 54.4243 31.3847 47.4236 29.7321 49.2443 57.9741 41.4849 31.257 34.7131 
20.025 43.6005 61.2021 37.3363 56.5685 54.1295 12.6491 35.5106 67.897 18.3576 75.8834 22.8035 0.0 51.0392 56.6039 32.0156 57.0 56.0803 44.1022 61.8547 56.6688 58.8673 11.6619 36.1386 20.6155 70.076 77.1038 58.3095 85.6329 22.8254 51.0392 43.8707 73.4287 8.48528 55.3173 50.9902 51.8281 58.9406 58.0 42.8019 80.5295 25.807 59.0993 46.2709 26.9072 59.6657 30.4795 49.7864 11.6619 30.1496 55.4838 70.3387 50.3289 29.0689 25.0599 63.9829 35.171 56.7826 13.4536 31.7648 
45.5544 94.6256 64.9031 44.8616 11.1803 52.469 44.5982 84.5813 19.3132 55.8032 43.0116 30.4795 51.0392 0.0 78.8279 80.1816 52.5356 55.2272 53.2353 10.8167 60.146 87.2618 53.0754 38.6394 69.3109 68.2029 29.1548 52.3927 37.5766 45.6508 54.0409 76.2464 29.1548 42.72 14.3178 12.0416 17.6918 67.7338 11.0 8.544 92.9777 76.844 13.0 45.5948 25.632 9.84886 56.55 38.6764 61.8466 51.7347 16.4012 28.0179 5.65685 77.7817 59.1692 26.5707 84.9706 19.2354 54.4243 63.097 
44.7025 74.1687 21.6333 36.7747 73.1815 106.86 66.8431 54.231 79.3812 74.9466 62.9682 68.691 56.6039 78.8279 0.0 49.0408 31.3209 28.1603 98.4426 85.2075 23.4094 10.2956 68.2642 87.332 70.649 27.6586 83.3847 110.353 89.2693 77.338 28.1603 14.3178 75.6637 55.3259 68.7298 69.7783 64.1281 17.4929 74.9119 71.0724 24.3516 63.6396 90.8685 35.0571 63.7073 79.3812 86.8389 44.0114 63.1969 39.9642 90.9839 71.5681 75.8162 75.9276 81.6333 63.2851 57.1402 64.1695 43.4424 88.3233 
39.3802 25.1794 64.195 57.0782 83.9142 83.9345 44.1022 5.83095 95.3137 43.6578 94.6681 54.4518 32.0156 80.1816 49.0408 0.0 66.242 63.9531 72.7324 90.8814 61.8466 44.5533 39.0512 67.4759 30.0 72.8011 104.165 88.5268 112.627 52.9528 60.0416 35.3553 100.315 38.6394 82.2332 77.9634 78.7149 60.4401 85.5381 71.6619 72.2496 17.8045 89.6274 61.032 54.6544 87.8574 56.4624 70.2514 27.5136 49.9113 86.1231 97.2255 78.4318 31.4006 48.7545 90.8697 8.24621 83.6694 26.6108 54.2033 
37.0135 90.3826 12.3693 20.6155 43.8985 94.3424 62.1691 72.0694 50.01 73.5527 31.7805 55.6939 57.0 52.5356 31.3209 66.242 0.0 3.16228 89.1318 55.9245 8.06226 41.4367 67.2681 74.7061 76.421 16.9706 53.0094 96.3926 58.3095 71.0832 6.32456 35.4683 45.0111 51.3517 39.4468 40.4953 34.8451 15.0 45.6289 49.2437 40.4969 75.0 64.6724 12.083 41.2049 50.0982 82.4849 17.2047 67.2681 27.1662 68.9012 41.0 46.8867 84.0942 79.9062 33.1361 74.2655 34.8866 47.8931 86.3134 
36.0555 88.1332 9.84886 20.6155 46.5901 95.1984 61.8466 69.7711 52.7731 72.9932 34.9285 56.5457 56.0803 55.2272 28.1603 63.9531 3.16228 0.0 89.9837 58.6161 5.0 38.2753 66.6108 75.5654 75.1665 15.8114 56.0 97.764 61.4003 70.8876 5.09902 32.5576 48.0416 50.8035 42.1384 43.1869 37.5367 12.0416 48.3205 50.33 38.0789 73.2462 67.3639 12.8062 42.0567 52.7898 82.28 19.2354 66.0725 26.6833 70.2415 44.0114 49.5783 82.6075 79.4292 36.0555 72.0139 37.5781 46.3897 85.9069 
58.1378 72.0278 97.5027 76.4311 64.0703 12.0416 32.0156 74.2159 72.0069 29.1204 94.3549 33.541 44.1022 53.2353 98.4426 72.7324 89.1318 89.9837 0.0 60.6383 92.1929 101.396 34.0147 15.1327 45.2769 105.774 81.5843 17.1172 89.4986 21.4009 85.6404 86.3997 82.3893 43.1393 66.0076 62.0725 66.3739 96.3599 64.195 50.0998 121.795 58.6941 50.9215 77.1774 47.927 62.6498 17.0294 74.6324 45.2217 63.9666 42.72 81.0987 57.0088 50.04 25.0799 78.1026 72.5672 70.1166 57.2014 22.3607 
56.1349 105.437 68.292 55.1791 12.083 58.0345 55.1543 95.2733 12.1655 66.0705 41.3401 41.0122 61.8547 10.8167 85.2075 90.8814 55.9245 58.6161 60.6383 0.0 63.5348 97.5793 63.6396 46.8188 79.9812 71.5891 21.095 57.0789 28.8617 55.7264 57.121 86.5638 23.7697 53.535 16.5529 17.2627 22.1359 70.6043 10.2956 19.2354 96.3665 87.6584 11.4018 50.841 36.2491 5.83095 66.6246 42.0653 72.6223 62.0522 19.0263 24.1661 13.1529 88.4138 69.2579 26.1725 95.7131 21.095 65.0 73.1717 
36.7374 86.3308 5.65685 23.0217 51.5088 98.6606 63.2456 67.624 57.7062 73.9878 39.5601 59.5735 56.6688 60.146 23.4094 61.8466 8.06226 5.0 92.1929 63.5348 0.0 33.6155 67.4953 79.0276 75.0 13.6015 61.0 101.226 66.3702 72.6154 7.81025 29.0689 53.0377 51.923 47.0571 48.1056 42.4554 7.07107 53.2392 53.7669 33.541 72.2091 72.2827 16.4012 45.5189 57.7085 83.8153 23.7697 66.0303 28.2312 73.6784 49.0102 54.497 82.1523 80.5233 41.0488 70.0071 42.4969 46.0109 87.0919 
47.8431 69.1158 31.9061 44.906 82.6174 110.0 69.5282 49.163 88.817 77.1992 73.1642 71.8316 58.8673 87.2618 10.2956 44.5533 41.4367 38.2753 101.396 97.5793 33.6155 0.0 70.5229 90.4726 69.3181 37.4833 92.9139 113.493 99.0404 80.1288 37.855 15.0 85.3288 58.2824 78.1657 82.1347 73.5639 27.7849 84.3478 79.2037 28.0179 60.7289 99.3024 44.1022 66.0873 88.817 89.2032 53.1507 62.8084 48.0955 99.1152 81.2158 84.2501 73.736 83.8832 72.8354 52.2398 73.6054 45.6914 90.5723 
30.8058 44.0114 72.5302 47.0106 60.4649 44.9222 8.48528 41.1947 71.4003 6.7082 83.3119 22.6274 11.6619 53.0754 68.2642 39.0512 67.2681 66.6108 34.0147 63.6396 67.4953 70.5229 0.0 29.0172 16.6433 81.0916 81.0247 49.4773 89.627 14.0357 61.5224 55.5263 78.3901 16.0 60.0333 55.5698 57.2713 70.2773 61.6117 45.607 92.1792 27.4591 59.5642 56.0089 32.311 62.482 19.105 57.5587 12.0 40.1123 55.9487 75.591 53.6004 24.8395 13.4164 69.4622 40.0125 62.1691 25.0 20.1246 
46.2277 72.0347 84.6756 62.0129 49.2544 19.799 23.5372 70.0643 57.7235 26.9258 79.2275 19.8494 36.1386 38.6394 87.332 67.4759 74.7061 75.5654 15.1327 46.8188 79.0276 90.4726 29.0172 0.0 44.1475 91.356 67.4463 23.0217 75.5844 15.1327 71.2221 75.4729 67.7422 32.6497 51.0098 47.0106 51.2445 83.4172 49.4975 35.0143 109.407 56.3205 38.0789 62.7591 33.6155 48.2701 20.5183 59.808 41.0122 51.0874 30.2324 66.2722 42.107 50.9215 26.4197 63.0317 69.0 55.0364 47.927 27.5862 
39.6232 27.8927 79.1012 57.4891 76.0592 57.1402 25.0 29.9666 87.2067 17.2627 96.4601 39.0512 20.6155 69.3109 70.649 30.0 76.421 75.1665 45.2769 79.9812 75.0 69.3181 16.6433 44.1475 0.0 88.0909 96.6747 62.0725 105.262 29.1204 70.2803 56.3734 93.4773 28.6531 75.213 70.8025 71.9181 76.3217 77.3369 61.5549 94.9722 13.6015 76.0592 66.2873 46.8722 78.5175 28.2843 70.1721 9.21954 50.2195 72.4437 90.4268 69.4262 8.60233 20.2237 84.0729 27.8568 76.8726 29.0172 24.6982 
50.3336 97.7446 9.0 36.2353 59.5399 110.989 76.844 78.4474 64.846 87.5841 41.0122 72.3363 70.076 68.2029 27.6586 72.8011 16.9706 15.8114 105.774 71.5891 13.6015 37.4833 81.0916 91.356 88.0909 0.0 66.2873 113.323 70.2567 86.1626 20.5913 38.0789 58.0517 65.521 55.1141 56.1626 50.5124 12.3693 61.2944 66.0786 26.0768 84.4844 80.3396 28.6007 57.8473 65.7647 97.4064 34.0588 79.2275 41.7852 84.5685 54.3415 62.554 95.0053 94.1204 47.4342 81.0432 50.5371 59.0762 100.688 
69.2915 120.283 65.123 53.4587 20.6155 79.1012 72.6705 108.566 9.84886 84.3801 27.7849 58.8303 77.1038 29.1548 83.3847 104.165 53.0094 56.0 81.5843 21.095 61.0 92.9139 81.0247 67.4463 96.6747 66.2873 0.0 78.0064 8.60233 74.686 55.2268 83.299 8.24621 68.6222 22.0227 26.1725 26.9258 68.0074 19.4165 35.5106 92.228 102.552 32.0156 49.1207 50.2096 19.3132 85.6486 40.3449 88.5268 60.3318 40.0125 12.0416 27.4591 105.262 88.1192 20.0998 109.116 22.3607 78.1644 92.1954 
69.2079 89.0898 106.874 84.2115 63.561 5.09902 45.6946 90.4268 69.1809 45.3982 95.3362 42.7058 58.3095 52.3927 110.353 88.5268 96.3926 97.764 17.1172 57.0789 101.226 113.493 49.4773 23.0217 62.0725 113.323 78.0064 0.0 85.0941 35.7351 93.4207 98.4935 80.5047 55.5698 66.4831 63.2456 68.352 107.399 63.1506 52.0 132.308 75.326 46.0 84.9117 56.3575 60.531 34.0147 81.0553 61.1882 73.988 38.0526 80.0625 57.28 67.1193 42.0 78.848 88.955 71.1688 70.6612 39.4588 
77.7532 128.745 70.0643 60.0054 29.2062 86.4696 81.2712 117.027 18.3576 92.9624 29.8329 67.4166 85.6329 37.5766 89.2693 112.627 58.3095 61.4003 89.4986 28.8617 66.3702 99.0404 89.627 75.5844 105.262 70.2567 8.60233 85.0941 0.0 83.1865 61.1882 89.8125 13.9284 77.1557 30.4138 34.6554 35.0 73.2462 28.0179 44.1022 96.3328 111.018 39.2046 55.6597 58.7282 27.7308 94.1111 46.8916 97.0824 66.8785 47.3814 18.0278 36.0555 113.851 96.6488 26.5707 117.578 30.2324 86.6261 100.658 
37.4433 57.0088 77.8781 50.4793 54.7814 31.3847 10.6301 55.2268 64.846 12.083 81.4985 17.1172 22.8254 45.6508 77.338 52.9528 71.0832 70.8876 21.4009 55.7264 72.6154 80.1288 14.0357 15.1327 29.1204 86.1626 74.686 35.7351 83.1865 0.0 65.8184 65.1322 73.3894 22.0227 55.3624 50.9608 53.9351 76.6878 55.5428 39.5601 100.69 41.1947 52.5126 59.5539 31.0644 55.4707 12.0 58.3095 26.0192 44.3847 44.7079 71.1688 47.5395 36.2491 13.6015 66.2873 54.037 58.4637 35.805 17.72 
31.0161 84.182 13.4536 15.6525 45.095 90.8551 56.7539 65.8699 51.2947 67.897 36.3593 52.2024 51.0392 54.0409 28.1603 60.0416 6.32456 5.09902 85.6404 57.121 7.81025 37.855 61.5224 71.2221 70.2803 20.5913 55.2268 93.4207 61.1882 65.8184 0.0 30.2324 47.5184 45.7056 40.6433 41.6918 36.0416 14.3178 46.8254 45.9827 41.1825 68.6804 65.8688 8.60233 37.7134 51.2947 77.201 16.4924 61.1327 21.587 65.8942 43.4166 48.0832 77.7998 74.3303 35.1283 68.0649 36.083 41.5987 80.8084 
32.8433 60.531 30.0167 33.8905 72.9934 95.0 54.5315 40.7922 79.1931 62.2026 66.5733 56.8319 43.8707 76.2464 14.3178 35.3553 35.4683 32.5576 86.3997 86.5638 29.0689 15.0 55.5263 75.4729 56.3734 38.0789 83.299 98.4935 89.8125 65.1322 30.2324 0.0 75.9068 43.2782 68.5417 71.1347 63.94 25.9422 74.7238 68.1882 38.6005 49.366 88.2869 34.176 51.0875 79.1931 74.2066 43.0116 49.8049 37.08 84.6096 71.7901 73.2346 61.6117 68.8865 63.267 43.566 63.9815 30.6948 75.5757 
65.442 116.524 57.0351 46.0997 18.6815 81.0987 70.2353 104.716 11.7047 82.2922 20.0 56.8595 73.4287 29.1548 75.6637 100.315 45.0111 48.0416 82.3893 23.7697 53.0377 85.3288 78.3901 67.7422 93.4773 58.0517 8.24621 80.5047 13.9284 73.3894 47.5184 75.9068 0.0 65.0 18.3576 22.8254 21.9317 60.0083 18.2483 33.8378 84.0119 98.8652 35.171 41.7612 46.6154 20.025 84.7703 32.9859 85.0 52.9728 42.5793 4.12311 25.9615 102.078 86.539 12.6491 105.267 16.9706 74.3149 91.0824 
15.6525 52.0096 57.0161 31.0161 48.0833 51.8652 11.6619 42.72 59.4138 22.2036 68.0083 16.0 8.48528 42.72 55.3259 38.6394 51.3517 50.8035 43.1393 53.535 51.923 58.2824 16.0 32.6497 28.6531 65.521 68.6222 55.5698 77.1557 22.0227 45.7056 43.2782 65.0 0.0 46.8615 42.5206 43.4008 55.817 49.5177 34.4093 78.6783 34.2053 51.264 40.0125 18.4391 51.225 32.2025 41.8156 20.0 24.1868 47.6757 61.9113 41.8688 37.2156 28.6356 55.5555 42.72 48.3553 15.5242 35.171 
47.3598 98.3514 51.8143 38.7014 4.47214 66.2873 51.8845 86.6339 13.9284 63.9766 28.8617 38.6264 55.3173 14.3178 68.7298 82.2332 39.4468 42.1384 66.0076 16.5529 47.0571 78.1657 60.0333 51.0098 75.213 55.1141 22.0227 66.4831 30.4138 55.3624 40.6433 68.5417 18.3576 46.8615 0.0 4.47214 6.0 54.1266 6.32456 16.1245 79.8889 80.6265 25.4558 34.3634 28.4253 10.7703 66.9403 25.5876 66.8431 45.5745 30.5287 15.8114 9.21954 83.8153 68.352 12.3693 87.1846 5.0 56.2327 73.0821 
43.09 94.1116 52.8628 39.7499 6.32456 62.8172 47.4131 82.364 17.4929 59.5063 32.3883 34.176 50.9902 12.0416 69.7783 77.9634 40.4953 43.1869 62.0725 17.2627 48.1056 82.1347 55.5698 47.0106 70.8025 56.1626 26.1725 63.2456 34.6554 50.9608 41.6918 71.1347 22.8254 42.5206 4.47214 0.0 5.65685 55.1751 8.24621 12.0 80.9374 76.3806 24.4131 35.4119 24.0832 12.0 62.5859 26.6361 62.482 46.623 28.4253 20.2485 6.40312 79.404 63.9062 16.0312 82.899 8.06226 51.9629 68.6804 
43.8415 94.9236 47.2126 34.0997 10.198 67.72 49.3964 83.1156 19.6469 61.6847 28.0179 36.8782 51.8281 17.6918 64.1281 78.7149 34.8451 37.5367 66.3739 22.1359 42.4554 73.5639 57.2713 51.2445 71.9181 50.5124 26.9258 68.352 35.0 53.9351 36.0416 63.94 21.9317 43.4008 6.0 5.65685 0.0 49.5249 12.1655 16.4924 75.2871 77.2646 30.0 29.7616 25.0599 16.4924 65.7647 20.9859 63.4004 40.9728 34.0588 18.6011 12.0416 80.5138 66.4831 12.3693 83.6663 5.0 52.7144 71.5891 
45.7276 85.3756 4.24264 28.2843 58.5784 103.216 67.1763 66.0984 64.7765 76.9532 45.8803 63.677 58.9406 67.7338 17.4929 60.4401 15.0 12.0416 96.3599 70.6043 7.07107 27.7849 70.2773 83.4172 76.3217 12.3693 68.0074 107.399 73.2462 76.6878 14.3178 25.9422 60.0083 55.817 54.1266 55.1751 49.5249 0.0 60.3088 59.6756 26.9258 72.2496 79.3522 22.8254 51.6917 64.778 87.7685 30.6757 67.6018 32.45 79.5871 56.0 61.5665 83.0241 83.6394 48.0937 68.6804 49.5664 47.3814 90.3316 
50.6647 101.415 57.9964 44.8835 2.0 63.3877 53.2541 89.9387 9.89949 65.0 32.6956 39.4462 58.0 11.0 74.9119 85.5381 45.6289 48.3205 64.195 10.2956 53.2392 84.3478 61.6117 49.4975 77.3369 61.2944 19.4165 63.1506 28.0179 55.5428 46.8254 74.7238 18.2483 49.5177 6.32456 8.24621 12.1655 60.3088 0.0 16.1245 86.071 83.6301 20.0 40.5455 31.241 4.47214 66.7308 31.7697 69.3109 51.7566 26.0 17.0294 8.06226 85.9127 68.8767 16.6433 90.4737 10.8167 59.5376 73.1642 
37.011 86.4002 59.423 36.8034 15.2315 51.2445 37.2022 76.0592 25.807 48.8774 44.2832 23.3238 42.8019 8.544 71.0724 71.6619 49.2437 50.33 50.0998 19.2354 53.7669 79.2037 45.607 35.0143 61.5549 66.0786 35.5106 52.0 44.1022 39.5601 45.9827 68.1882 33.8378 34.4093 16.1245 12.0 16.4924 59.6756 16.1245 0.0 86.4459 68.6003 20.0998 37.5367 17.088 16.9706 50.9608 33.5823 53.8145 43.6765 20.5913 31.7805 8.06226 70.0928 52.8015 28.0179 76.4788 20.025 45.8803 57.2451 
68.0549 97.0464 28.2312 54.8179 84.3406 129.206 90.213 77.0584 90.2497 98.8838 67.0075 89.6672 80.5295 92.9777 24.3516 72.2496 40.4969 38.0789 121.795 96.3665 33.541 28.0179 92.1792 109.407 94.9722 26.0768 92.228 132.308 96.3328 100.69 41.1825 38.6005 84.0119 78.6783 79.8889 80.9374 75.2871 26.9258 86.071 86.4459 0.0 87.6641 105.114 49.7393 81.0759 90.5402 110.454 57.2713 87.3019 58.3815 106.357 80.2309 87.3287 100.17 105.589 73.0068 80.0999 75.3286 67.5426 112.294 
40.3113 17.8045 75.5603 58.1671 82.134 70.4557 34.7851 16.6433 93.5094 30.0167 98.7574 47.8539 25.807 76.844 63.6396 17.8045 75.0 73.2462 58.6941 87.6584 72.2091 60.7289 27.4591 56.3205 13.6015 84.4844 102.552 75.326 111.018 41.1947 68.6804 49.366 98.8652 34.2053 80.6265 76.3806 77.2646 72.2496 83.6301 68.6003 87.6641 0.0 84.6233 66.5998 52.4023 85.4283 41.7732 71.3398 15.8114 51.0 81.0078 95.7752 76.0592 13.6015 33.7343 89.4194 14.3178 82.2191 27.7308 38.2753 
55.9815 102.249 77.0399 56.9021 21.2603 47.2652 51.095 93.9202 23.5372 61.8466 52.3546 37.0167 59.0993 13.0 90.8685 89.6274 64.6724 67.3639 50.9215 11.4018 72.2827 99.3024 59.5642 38.0789 76.0592 80.3396 32.0156 46.0 39.2046 52.5126 65.8688 88.2869 35.171 51.264 25.4558 24.4131 30.0 79.3522 20.0 20.0998 105.114 84.6233 0.0 57.6354 36.2215 16.1245 58.4288 50.8131 69.1645 63.7753 8.24621 35.4683 18.3576 84.3964 64.1414 36.6197 93.984 30.4138 64.5368 65.4999 
26.6833 83.5005 22.0227 9.0 38.8151 82.3921 50.4878 66.8602 45.0147 62.1289 33.9411 43.7394 46.2709 45.5948 35.0571 61.032 12.083 12.8062 77.1774 50.841 16.4012 44.1022 56.0089 62.7591 66.2873 28.6007 49.1207 84.9117 55.6597 59.5539 8.60233 34.176 41.7612 40.0125 34.3634 35.4119 29.7616 22.8254 40.5455 37.5367 49.7393 66.5998 57.6354 0.0 29.2504 45.0147 70.7595 9.05539 57.0701 16.1245 57.4482 37.6431 41.8032 74.2159 68.3593 29.1218 70.4623 29.8031 38.9668 74.6726 
19.9271 70.1783 51.1669 28.5042 29.7321 53.275 24.7386 59.0339 41.1096 37.108 51.6283 14.5602 26.9072 25.632 63.7073 54.6544 41.2049 42.0567 47.927 36.2491 45.5189 66.0873 32.311 33.6155 46.8722 57.8473 50.2096 56.3575 58.7282 31.0644 37.7134 51.0875 46.6154 18.4391 28.4253 24.0832 25.0599 51.6917 31.241 17.088 81.0759 52.4023 36.2215 29.2504 0.0 33.2866 43.0465 27.2947 38.4187 23.8047 34.2345 43.566 23.8537 55.4707 42.4264 37.217 59.5399 30.0167 28.7924 48.0937 
52.9844 103.233 62.4657 49.3528 6.32456 61.0737 54.037 92.258 9.48683 65.4599 36.2353 40.0 59.6657 9.84886 79.3812 87.8574 50.0982 52.7898 62.6498 5.83095 57.7085 88.817 62.482 48.2701 78.5175 65.7647 19.3132 60.531 27.7308 55.4707 51.2947 79.1931 20.025 51.225 10.7703 12.0 16.4924 64.778 4.47214 16.9706 90.5402 85.4283 16.1245 45.0147 33.2866 0.0 66.3819 36.239 70.7672 56.2259 22.8035 19.6469 9.43398 87.046 68.9638 20.6155 92.7847 15.2643 61.8573 72.9289 
47.8539 55.0818 88.9676 61.881 66.0984 29.0 20.6155 57.5674 75.7999 13.0384 93.4345 29.0689 30.4795 56.55 86.8389 56.4624 82.4849 82.28 17.0294 66.6246 83.8153 89.2032 19.105 20.5183 28.2843 97.4064 85.6486 34.0147 94.1111 12.0 77.201 74.2066 84.7703 32.2025 66.9403 62.5859 65.7647 87.7685 66.7308 50.9608 110.454 41.7732 58.4288 70.7595 43.0465 66.3819 0.0 70.2567 29.0689 55.6597 50.6241 82.7103 58.8218 33.1361 8.06226 78.0897 55.7853 70.214 43.9318 7.07107 
31.0697 88.1144 29.0689 13.4536 30.0393 79.3953 51.0392 74.6521 36.239 63.1981 27.4591 41.7732 49.7864 38.6764 44.0114 70.2514 17.2047 19.2354 74.6324 42.0653 23.7697 53.1507 57.5587 59.808 70.1721 34.0588 40.3449 81.0553 46.8916 58.3095 16.4924 43.0116 32.9859 41.8156 25.5876 26.6361 20.9859 30.6757 31.7697 33.5823 57.2713 71.3398 50.8131 9.05539 27.2947 36.239 70.2567 0.0 60.9704 20.3402 55.042 28.8691 33.0275 78.3298 69.029 20.346 75.2028 21.0273 43.7073 75.0067 
30.4138 33.121 70.2567 48.2701 67.9412 56.5155 18.9737 29.2746 79.2086 16.1555 87.5349 32.249 11.6619 61.8466 63.1969 27.5136 67.2681 66.0725 45.2217 72.6223 66.0303 62.8084 12.0 41.0122 9.21954 79.2275 88.5268 61.1882 97.0824 26.0192 61.1327 49.8049 85.0 20.0 66.8431 62.482 63.4004 67.6018 69.3109 53.8145 87.3019 15.8114 69.1645 57.0701 38.4187 70.7672 29.0689 60.9704 0.0 41.0 65.5489 81.911 61.5224 17.4642 21.6333 75.5552 28.0179 68.3549 20.2237 27.6586 
10.7703 67.7743 33.541 7.28011 50.0262 70.8864 35.171 54.312 56.2259 46.3897 47.7578 31.3472 30.1496 51.7347 39.9642 49.9113 27.1662 26.6833 63.9666 62.0522 28.2312 48.0955 40.1123 51.0874 50.2195 41.7852 60.3318 73.988 66.8785 44.3847 21.587 37.08 52.9728 24.1868 45.5745 46.623 40.9728 32.45 51.7566 43.6765 58.3815 51.0 63.7753 16.1245 23.8047 56.2259 55.6597 20.3402 41.0 0.0 57.3294 48.856 48.7229 58.2409 52.7731 40.3329 54.8627 41.0142 23.3671 59.2284 
53.4519 98.6333 79.3345 56.7149 26.8328 39.1152 47.4795 90.3757 31.1448 56.6138 58.6941 33.4012 55.4838 16.4012 90.9839 86.1231 68.9012 70.2415 42.72 19.0263 73.6784 99.1152 55.9487 30.2324 72.4437 84.5685 40.0125 38.0526 47.3814 44.7079 65.8942 84.6096 42.5793 47.6757 30.5287 28.4253 34.0588 79.5871 26.0 20.5913 106.357 81.0078 8.24621 57.4482 34.2345 22.8035 50.6241 55.042 65.5489 57.3294 0.0 42.45 22.0227 80.7809 56.3367 42.4853 90.3894 35.5106 61.4072 57.6952 
62.3521 113.434 53.0848 41.9829 17.0294 80.399 67.5426 101.626 12.8062 79.7057 17.6918 54.4243 70.3387 28.0179 71.5681 97.2255 41.0 44.0114 81.0987 24.1661 49.0102 81.2158 75.591 66.2722 90.4268 54.3415 12.0416 80.0625 18.0278 71.1688 43.4166 71.7901 4.12311 61.9113 15.8114 20.2485 18.6011 56.0 17.0294 31.7805 80.2309 95.7752 35.4683 37.6431 43.566 19.6469 82.7103 28.8691 81.911 48.856 42.45 0.0 24.1868 99.0202 84.1546 8.544 102.177 13.6015 71.225 88.8876 
43.5613 93.8616 59.2542 41.8498 7.28011 57.0701 45.2217 82.8325 17.8045 56.9386 38.0789 31.3847 50.3289 5.65685 75.8162 78.4318 46.8867 49.5783 57.0088 13.1529 54.497 84.2501 53.6004 42.107 69.4262 62.554 27.4591 57.28 36.0555 47.5395 48.0832 73.2346 25.9615 41.8688 9.21954 6.40312 12.0416 61.5665 8.06226 8.06226 87.3287 76.0592 18.3576 41.8032 23.8537 9.43398 58.8218 33.0275 61.5224 48.7229 22.0227 24.1868 0.0 77.9872 60.8358 21.587 83.3547 13.9284 52.4342 65.192 
47.5395 22.0 86.0058 65.521 84.6463 62.0725 33.3017 29.7321 95.7758 24.1661 104.949 47.4236 29.0689 77.7817 75.9276 31.4006 84.0942 82.6075 50.04 88.4138 82.1523 73.736 24.8395 50.9215 8.60233 95.0053 105.262 67.1193 113.851 36.2491 77.7998 61.6117 102.078 37.2156 83.8153 79.404 80.5138 83.0241 85.9127 70.0928 100.17 13.6015 84.3964 74.2159 55.4707 87.046 33.1361 78.3298 17.4642 58.2409 80.7809 99.0202 77.9872 0.0 25.318 92.6685 27.0185 85.4683 36.2215 28.0713 
43.9659 47.1699 85.6155 59.4138 68.0294 37.0135 18.0 49.6488 78.2943 6.7082 93.576 29.7321 25.0599 59.1692 81.6333 48.7545 79.9062 79.4292 25.0799 69.2579 80.5233 83.8832 13.4164 26.4197 20.2237 94.1204 88.1192 42.0 96.6488 13.6015 74.3303 68.8865 86.539 28.6356 68.352 63.9062 66.4831 83.6394 68.8767 52.8015 105.589 33.7343 64.1414 68.3593 42.4264 68.9638 8.06226 69.029 21.6333 52.7731 56.3367 84.1546 60.8358 25.318 0.0 78.848 47.8017 71.1688 38.2753 6.7082 
51.0624 107.078 45.3982 33.4598 15.6525 78.6448 61.6847 95.2704 17.4642 74.0 16.4924 49.2443 63.9829 26.5707 63.2851 90.8697 33.1361 36.0555 78.1026 26.1725 41.0488 72.8354 69.4622 63.0317 84.0729 47.4342 20.0998 78.848 26.5707 66.2873 35.1283 63.267 12.6491 55.5555 12.3693 16.0312 12.3693 48.0937 16.6433 28.0179 73.0068 89.4194 36.6197 29.1218 37.217 20.6155 78.0897 20.346 75.5552 40.3329 42.4853 8.544 21.587 92.6685 78.848 0.0 95.8211 8.0 64.8692 83.9524 
44.3316 17.0294 72.4224 62.0296 88.8499 84.1724 46.2709 3.16228 100.249 43.566 102.62 57.9741 35.171 84.9706 57.1402 8.24621 74.2655 72.0139 72.5672 95.7131 70.0071 52.2398 40.0125 69.0 27.8568 81.0432 109.116 88.955 117.578 54.037 68.0649 43.566 105.267 42.72 87.1846 82.899 83.6663 68.6804 90.4737 76.4788 80.0999 14.3178 93.984 70.4623 59.5399 92.7847 55.7853 75.2028 28.0179 54.8627 90.3894 102.177 83.3547 27.0185 47.8017 95.8211 0.0 88.6208 31.5622 52.5547 
48.796 99.8781 47.2541 34.1411 9.21954 70.8308 54.231 88.0701 16.0312 66.4831 24.3311 41.4849 56.7826 19.2354 64.1695 83.6694 34.8866 37.5781 70.1166 21.095 42.4969 73.6054 62.1691 55.0364 76.8726 50.5371 22.3607 71.1688 30.2324 58.4637 36.083 63.9815 16.9706 48.3553 5.0 8.06226 5.0 49.5664 10.8167 20.025 75.3286 82.2191 30.4138 29.8031 30.0167 15.2643 70.214 21.0273 68.3549 41.0142 35.5106 13.6015 13.9284 85.4683 71.1688 8.0 88.6208 0.0 57.6689 76.1577 
12.8062 44.4072 50.0899 30.534 57.9137 66.7308 25.2389 31.0114 69.3132 31.6228 71.0747 31.257 13.4536 54.4243 43.4424 26.6108 47.8931 46.3897 57.2014 65.0 46.0109 45.6914 25.0 47.927 29.0172 59.0762 78.1644 70.6612 86.6261 35.805 41.5987 30.6948 74.3149 15.5242 56.2327 51.9629 52.7144 47.3814 59.5376 45.8803 67.5426 27.7308 64.5368 38.9668 28.7924 61.8573 43.9318 43.7073 20.2237 23.3671 61.4072 71.225 52.4342 36.2215 38.2753 64.8692 31.5622 57.6689 0.0 44.9444 
50.5964 50.04 92.1837 65.7647 72.45 34.3657 24.1868 54.626 82.3468 13.4164 98.9949 34.7131 31.7648 63.097 88.3233 54.2033 86.3134 85.9069 22.3607 73.1717 87.0919 90.5723 20.1246 27.5862 24.6982 100.688 92.1954 39.4588 100.658 17.72 80.8084 75.5757 91.0824 35.171 73.0821 68.6804 71.5891 90.3316 73.1642 57.2451 112.294 38.2753 65.4999 74.6726 48.0937 72.9289 7.07107 75.0067 27.6586 59.2284 57.6952 88.8876 65.192 28.0713 6.7082 83.9524 52.5547 76.1577 44.9444 0.0 
DEMAND_SCENARIO_SECTION
0 0 0 0 0 0 0 0 0 0 0 0 0 0 0 0 0 0 0 0 0 0 0 0 0 0 0 0 0 0 0 0 0 0 0 0 0 0 0 0 0 0 0 0 0 0 0 0 0 0 0 0 0 0 0 0 0 0 0 0 0 0 0 0 0 0 0 0 0 0 0 0 0 0 0 0 0 0 0 0 0 0 0 0 0 0 0 0 0 0 0 0 0 0 0 0 0 0 0 0 0 0 0 0 0 0 0 0 0 0 0 0 0 0 0 0 0 0 0 0 0 0 0 0 0 0 0 0 0 0 0 0 0 0 0 0 0 0 0 0 0 0 0 0 0 0 0 0 0 0 0 0 0 0 0 0 0 0 0 0 0 0 0 0 0 0 0 0 0 0 0 0 0 0 0 0 0 0 0 0 0 0 0 0 0 0 0 0 0 0 0 0 0 0 0 0 0 0 0 0 
1 1 1 1 1 1 1 1 1 1 0 1 2 2 1 1 2 1 1 1 1 1 1 1 1 1 0 1 1 1 1 1 1 2 1 2 0 1 1 1 0 1 1 1 1 1 1 1 1 1 2 0 1 1 1 1 1 1 2 1 1 1 1 1 1 1 2 1 2 1 1 1 1 1 2 1 1 0 1 1 1 1 1 1 1 1 1 1 1 1 1 1 1 1 1 1 1 1 1 2 1 1 2 1 1 1 1 1 1 2 0 1 0 1 1 1 2 1 1 1 1 1 1 1 1 1 1 0 1 1 2 1 1 1 1 1 1 1 1 1 1 1 1 1 1 1 1 1 1 1 1 1 1 1 1 1 1 1 1 1 0 1 1 1 1 1 0 1 1 1 1 1 1 1 1 1 2 1 1 1 1 1 0 1 1 1 1 1 1 1 1 1 1 1 0 1 1 1 1 1 
4 3 2 5 2 5 1 3 2 4 3 2 5 4 4 5 4 6 3 3 4 5 6 3 4 4 4 2 2 4 6 5 3 4 7 5 3 6 3 4 3 7 1 7 4 4 4 7 3 5 5 5 4 6 6 4 5 4 6 4 6 3 5 5 3 4 3 4 4 5 5 1 2 5 2 4 3 5 4 3 3 5 5 3 5 7 6 3 5 6 4 2 5 6 5 6 6 4 5 5 4 5 4 2 5 3 4 3 3 3 3 4 5 4 3 1 4 5 2 4 4 5 4 3 5 3 5 4 6 5 4 4 4 6 3 4 3 5 4 4 5 5 6 4 2 3 4 4 4 5 5 4 6 7 2 3 4 3 3 5 6 5 5 5 4 1 5 1 4 3 5 4 3 3 4 2 4 4 4 4 4 5 4 3 4 3 5 3 3 4 4 4 5 4 3 4 3 6 6 3 
9 9 12 10 4 10 10 14 4 16 10 9 10 10 12 7 8 16 8 13 12 13 16 11 13 16 14 9 7 12 10 5 8 5 10 10 12 4 9 14 7 8 8 12 10 11 12 12 11 13 13 14 17 15 8 16 6 11 13 8 9 14 9 11 17 13 6 9 10 13 11 13 11 13 12 12 10 13 7 18 9 9 10 15 9 7 8 10 4 8 14 12 14 10 7 9 8 9 10 0 5 8 12 2 11 13 18 5 6 10 9 11 16 16 9 7 11 12 14 11 9 4 10 7 10 10 10 12 12 6 13 14 10 11 8 10 7 8 10 8 11 10 12 8 11 5 7 9 15 4 9 8 8 15 11 9 11 4 8 14 9 7 2 15 18 15 10 7 9 11 12 8 10 7 14 10 15 9 6 11 14 8 3 10 14 14 7 12 9 10 16 13 9 17 6 8 15 13 5 10 
10 8 8 6 5 7 6 8 7 5 9 9 4 4 9 5 5 5 9 7 6 6 6 7 9 7 9 6 5 3 10 10 7 7 6 6 4 9 12 10 6 8 6 6 7 10 3 7 9 5 5 6 9 6 9 8 9 2 5 9 7 7 6 4 7 7 9 4 6 8 5 4 6 7 8 8 3 2 9 4 6 10 4 9 7 5 8 10 7 12 3 8 7 11 5 6 6 2 7 6 4 9 8 7 5 9 7 9 3 5 10 7 1 7 4 7 8 5 6 7 8 8 6 7 10 8 8 7 8 6 6 3 7 4 7 8 7 9 10 11 5 6 12 10 7 9 6 2 7 8 6 4 2 7 7 8 4 10 8 6 11 6 4 8 10 6 9 4 8 7 9 8 5 6 8 6 8 3 9 8 7 8 7 12 6 9 8 6 10 4 4 11 4 8 11 6 6 8 8 6 
3 2 3 2 1 2 2 3 2 3 2 3 1 2 2 3 2 2 1 3 2 2 2 1 1 2 2 1 1 1 2 2 1 2 2 3 1 2 2 3 2 1 2 2 1 2 2 2 2 1 2 2 3 1 2 2 1 2 2 2 1 2 3 2 1 2 2 2 2 2 2 2 2 3 3 2 3 2 3 2 3 1 2 1 2 3 2 2 2 2 2 3 2 2 1 3 2 1 2 3 2 1 1 3 1 3 2 2 2 2 1 3 2 1 1 1 3 0 2 2 2 2 1 2 1 2 2 2 2 2 2 1 2 2 2 4 2 2 1 2 1 2 1 3 1 2 1 2 2 2 3 1 3 1 3 2 2 1 1 1 2 2 1 2 3 2 3 3 2 3 3 2 2 2 2 2 3 2 2 1 1 2 2 3 3 2 2 3 3 2 3 2 3 2 2 3 3 3 1 2 
2 2 2 1 3 2 3 2 1 2 1 2 2 3 2 2 3 3 1 2 2 3 2 2 2 3 2 2 3 2 1 2 2 2 2 1 1 1 2 2 2 1 3 2 2 1 2 1 2 1 1 2 2 3 3 2 1 3 1 2 2 3 1 1 2 2 2 2 2 3 1 3 2 3 4 3 2 2 3 2 2 2 1 3 2 3 1 2 1 1 3 2 3 1 3 2 1 2 2 4 1 1 1 3 2 2 1 2 3 1 1 1 2 2 2 3 1 2 2 2 2 1 0 3 2 2 2 2 2 1 1 1 1 2 2 2 2 2 2 3 2 1 2 2 3 3 2 1 2 2 1 2 1 2 3 2 2 2 2 0 1 3 2 2 2 3 2 1 2 3 2 1 1 2 2 1 1 2 2 2 3 2 2 3 2 2 1 2 2 1 2 4 2 0 2 1 1 2 3 2 
4 8 2 6 7 5 6 4 6 8 5 7 9 6 10 8 7 8 1 5 3 8 4 10 8 5 6 8 2 8 6 9 6 4 10 6 8 9 9 7 3 4 4 4 5 6 4 7 1 8 8 8 6 4 2 5 3 8 8 4 5 7 4 2 5 4 9 9 9 7 6 8 4 5 7 5 8 4 3 5 8 4 9 9 4 7 5 6 6 5 7 4 2 6 8 5 5 9 10 7 5 5 9 10 5 7 10 6 4 7 8 3 7 7 7 5 10 3 7 8 5 5 6 2 10 6 6 8 4 6 2 5 5 6 7 2 1 7 5 6 3 10 10 4 6 9 7 8 6 2 7 7 4 8 9 4 5 3 3 5 6 4 10 7 6 3 8 8 5 4 5 6 6 4 7 7 4 5 7 6 5 5 4 8 6 6 4 6 8 5 4 7 8 7 11 7 9 9 3 7 
12 9 7 14 13 11 10 8 11 6 12 9 11 10 12 14 14 5 8 12 14 12 14 15 8 9 9 11 7 6 11 11 6 12 10 14 8 12 6 10 11 10 8 14 6 5 10 13 11 9 7 9 9 7 13 5 3 10 15 10 10 6 9 16 5 11 12 14 11 12 14 5 7 17 5 3 6 13 13 3 0 11 10 7 11 10 6 7 13 8 8 13 8 7 8 9 10 9 10 11 5 8 12 13 10 12 12 9 5 16 10 10 12 2 5 9 8 9 2 9 8 12 5 17 12 5 4 2 7 9 19 0 3 9 12 14 13 11 4 12 15 11 11 6 4 13 13 12 12 11 14 8 13 0 8 10 6 13 12 12 6 10 4 14 0 9 9 10 15 9 5 10 13 11 7 17 8 11 9 5 15 11 15 9 11 4 10 7 18 12 12 7 10 15 8 7 8 7 10 3 
3 4 4 2 2 2 5 1 3 5 3 2 2 3 1 3 2 2 4 3 4 3 4 4 3 3 2 4 3 4 5 3 1 2 2 2 3 4 5 3 4 2 3 2 4 3 2 5 1 3 3 5 4 3 3 1 3 2 2 3 3 2 3 4 3 4 2 1 4 4 4 4 3 3 3 1 5 1 4 3 2 4 2 3 3 4 5 2 2 2 3 2 3 3 5 3 2 5 3 3 1 2 3 5 5 3 2 1 3 3 2 3 1 4 4 2 2 3 3 3 3 2 4 3 3 3 3 2 2 3 4 2 3 4 2 3 2 2 4 2 2 3 0 3 3 4 3 4 5 1 3 2 5 3 3 2 4 2 4 3 5 2 3 2 2 7 2 2 4 5 2 2 2 2 5 3 2 3 4 4 1 4 4 4 3 3 5 4 2 4 4 4 3 2 3 2 3 3 3 4 
3 2 2 3 2 2 1 1 3 2 2 2 2 1 2 2 3 2 3 2 2 2 2 1 2 2 2 2 2 3 1 2 2 2 2 0 2 2 1 2 2 2 0 1 2 2 3 2 2 1 1 3 1 3 2 2 3 2 1 2 2 3 2 2 2 2 2 2 3 2 3 3 2 2 2 2 1 1 1 3 3 2 0 2 2 1 2 2 3 2 2 3 3 2 2 2 2 2 3 3 1 2 3 2 2 3 2 2 3 2 2 3 1 3 1 2 1 2 3 1 2 3 2 2 3 2 2 3 2 3 3 2 2 2 2 3 3 1 2 4 2 3 2 2 2 3 3 2 2 2 2 2 1 1 2 1 2 2 2 3 1 3 3 1 3 2 1 3 3 3 3 1 2 2 1 2 2 2 2 2 2 3 2 1 2 2 2 3 2 2 2 3 1 2 3 2 1 3 2 2 
3 4 5 5 5 2 5 5 6 6 5 5 3 5 4 4 8 5 4 5 6 8 5 1 7 7 5 6 5 4 6 5 7 4 2 4 6 6 6 4 8 4 5 5 5 7 5 4 4 3 3 3 6 5 5 4 6 7 7 4 2 4 4 9 7 5 8 5 5 7 1 7 5 7 7 5 5 5 5 5 8 3 5 3 4 4 5 3 5 7 6 8 7 4 5 5 4 5 5 5 3 2 6 6 4 4 3 2 8 3 6 7 8 6 7 7 4 4 4 6 6 5 6 4 5 6 5 5 6 8 3 6 5 3 3 6 8 4 5 7 6 7 5 4 3 6 3 4 4 5 2 6 8 5 6 6 9 6 6 7 5 7 7 7 4 5 4 3 9 5 4 2 6 3 2 4 4 5 3 2 3 9 6 5 2 6 3 5 5 7 6 6 5 4 5 2 5 4 5 3 
1 3 3 2 2 3 3 3 3 3 3 4 2 3 3 2 2 4 3 4 4 2 2 3 1 3 3 3 2 2 3 2 4 1 2 3 3 3 3 2 4 2 5 3 2 3 4 4 1 4 6 2 4 4 4 2 4 2 4 5 3 5 4 2 3 4 2 4 2 4 4 3 2 2 2 2 3 2 3 3 3 4 5 2 2 3 2 2 3 3 3 2 4 3 2 4 3 2 2 3 3 5 2 2 4 3 2 2 3 3 2 2 5 2 4 3 3 3 3 3 1 2 2 3 4 3 3 5 3 3 2 3 4 2 2 3 3 4 2 3 4 4 3 4 4 4 3 4 2 3 1 4 6 1 4 2 3 2 2 2 1 4 2 4 5 3 2 3 5 3 2 3 4 2 2 1 3 2 3 2 3 2 4 4 4 3 3 5 2 2 6 3 2 2 2 4 3 3 4 3 
5 5 0 4 6 4 4 3 4 4 3 6 3 4 3 5 5 4 6 4 2 4 5 3 6 5 4 5 2 4 2 2 3 6 3 4 4 3 6 5 4 5 4 1 3 4 4 5 3 5 3 7 3 6 6 5 5 5 3 5 4 3 3 5 3 3 5 5 3 6 4 4 4 5 3 5 4 2 2 5 4 0 4 3 4 5 5 4 4 6 3 4 4 3 2 3 4 3 4 4 3 2 3 6 4 4 3 7 5 4 4 2 5 3 3 4 5 6 6 3 6 5 4 5 4 4 3 5 5 6 5 4 4 3 7 3 5 5 2 5 5 4 5 3 3 4 4 3 7 5 5 4 5 4 3 3 2 3 3 5 3 4 5 5 4 5 3 5 5 3 4 7 5 5 5 4 2 4 5 4 3 5 5 4 2 4 3 3 4 5 3 5 4 3 5 3 4 5 5 6 
18 12 9 10 16 9 15 8 10 10 8 18 9 8 13 6 11 12 16 13 10 2 13 8 12 11 8 3 15 8 18 10 10 12 14 9 12 9 12 20 11 8 8 14 7 15 7 10 5 9 2 12 4 14 13 4 11 14 10 12 8 6 14 21 5 10 8 12 12 12 11 20 11 9 14 8 6 13 11 12 10 10 9 11 10 14 16 5 1 9 13 11 8 13 13 2 13 9 10 13 13 8 8 7 12 7 9 12 7 8 10 4 9 14 6 13 11 8 6 9 3 7 10 7 12 6 7 14 9 8 0 9 12 11 14 0 14 6 7 18 13 12 17 14 9 12 7 3 9 9 11 9 9 14 11 10 9 10 9 11 8 8 2 7 15 14 11 8 4 15 11 9 10 8 12 7 8 12 4 14 12 8 7 9 6 7 4 12 15 13 13 15 9 10 5 9 9 11 14 11 
9 5 7 11 9 12 8 7 6 9 10 6 12 10 8 7 8 11 10 14 8 8 10 3 8 9 8 13 11 7 8 9 9 8 12 14 7 9 7 7 12 11 9 8 11 11 9 6 7 6 10 14 6 7 11 10 10 3 7 4 10 9 11 7 10 8 14 11 10 8 7 10 2 12 9 12 7 8 9 8 9 9 9 12 8 9 8 11 14 10 8 10 10 12 7 13 10 8 14 8 8 19 8 8 5 6 6 10 7 9 10 8 18 13 9 5 9 13 9 6 8 6 13 7 7 11 5 9 7 4 7 12 8 13 11 13 1 9 12 15 5 5 6 13 11 7 6 11 4 5 10 6 10 11 3 8 14 5 9 12 5 8 2 9 10 8 8 15 2 15 11 9 12 14 11 7 8 10 4 8 15 7 7 3 11 9 10 7 10 11 13 16 10 7 2 7 8 10 10 7 
0 2 2 5 3 4 3 6 5 3 6 4 5 3 3 4 4 4 5 7 4 4 4 2 3 3 4 5 4 3 3 4 4 5 4 3 3 4 5 6 2 3 4 5 6 4 3 4 2 4 5 5 6 4 4 5 3 4 5 4 4 5 3 6 4 5 5 4 5 4 4 2 2 2 6 5 5 6 3 2 4 6 6 4 4 7 2 5 4 5 4 5 4 2 4 3 7 5 4 4 3 6 7 3 6 5 2 4 4 4 5 3 5 5 4 3 4 6 6 3 4 5 3 4 5 3 4 4 3 7 3 3 5 5 5 3 6 2 3 8 5 3 3 5 2 4 6 4 3 5 3 4 6 3 5 5 2 4 3 3 4 2 3 6 5 3 4 3 5 4 1 4 2 4 5 2 5 5 7 0 2 3 3 3 3 4 0 5 3 4 5 3 2 2 4 4 4 4 2 0 
2 2 2 2 2 2 1 2 1 3 1 2 3 2 1 2 2 3 2 2 2 3 2 4 2 0 4 3 2 2 2 3 2 3 3 2 3 2 2 3 1 3 2 2 3 2 1 3 3 3 2 1 2 3 2 2 1 3 2 1 1 3 2 2 2 2 2 2 2 2 2 2 1 1 2 2 2 2 1 1 2 1 2 3 2 2 2 3 2 2 3 2 3 3 1 2 2 2 2 2 2 2 2 2 2 2 4 4 2 3 2 1 2 3 2 2 3 1 2 2 1 2 2 2 3 2 3 2 2 3 2 3 2 2 2 3 2 2 2 3 2 3 3 2 2 2 3 2 2 2 1 2 3 3 2 1 3 2 2 3 2 1 2 2 2 2 3 2 2 3 2 2 1 1 2 2 2 2 2 2 1 1 3 2 1 2 2 2 2 2 2 2 3 1 2 2 2 1 1 2 
12 6 14 8 11 10 10 9 9 7 10 8 8 6 9 9 7 3 7 7 9 4 3 9 5 7 7 9 13 9 10 7 11 8 11 11 9 10 7 11 11 7 8 8 13 8 6 3 5 8 9 10 5 10 11 12 12 4 10 7 11 9 14 15 4 13 13 15 13 12 11 6 9 9 11 10 9 12 7 12 7 9 13 11 10 5 10 5 10 13 7 7 8 10 8 8 8 12 3 10 12 9 10 8 12 9 10 12 2 12 17 5 13 8 16 2 9 6 9 10 10 7 13 7 6 10 6 14 5 9 10 5 5 4 12 13 9 9 15 6 11 12 9 6 13 9 14 8 3 9 7 12 11 5 7 6 7 14 12 7 7 5 11 12 14 12 12 10 8 6 16 9 8 10 4 8 8 15 12 10 10 10 8 10 11 8 9 8 13 7 7 7 4 6 10 4 12 6 7 7 
2 2 2 2 2 2 2 1 0 2 3 3 2 2 1 2 2 1 2 1 2 3 1 2 2 2 2 2 2 2 3 3 2 1 3 1 3 2 1 2 3 2 2 3 2 2 3 1 3 2 1 1 1 2 2 2 1 2 3 2 3 1 3 2 1 3 3 1 2 3 2 2 2 1 2 2 2 2 2 1 2 1 2 2 3 2 3 1 3 3 1 3 1 3 3 2 3 3 3 2 2 2 3 3 3 3 2 3 2 2 3 2 2 1 2 2 3 2 1 2 4 3 1 3 2 1 2 2 2 1 2 2 1 1 2 2 2 2 2 1 2 2 1 2 2 3 2 2 2 2 3 2 2 2 2 3 3 2 2 2 1 2 2 4 2 2 0 2 1 2 1 2 2 2 2 1 2 2 2 3 3 2 2 3 3 2 3 2 2 1 2 3 2 1 2 2 2 3 1 1 
7 12 7 6 7 5 10 8 5 12 9 5 11 4 8 7 8 10 6 9 6 8 7 11 4 11 5 10 5 4 12 9 9 6 3 5 9 7 15 5 10 9 7 3 9 8 11 11 5 10 8 6 8 7 9 6 6 5 9 9 11 9 2 8 6 11 4 9 5 8 10 12 7 6 12 11 10 7 5 9 5 8 7 7 9 6 13 9 10 4 11 10 9 7 3 7 9 9 10 7 8 6 5 8 5 6 7 6 8 10 5 11 13 4 11 7 7 5 11 8 9 10 8 7 12 13 12 7 6 6 6 8 8 13 14 13 8 8 7 10 5 4 7 6 9 4 9 6 12 9 11 9 5 6 6 9 10 8 9 7 3 10 12 6 9 1 10 9 10 7 11 12 14 10 6 9 8 8 10 6 7 9 11 4 4 6 12 7 7 7 13 9 9 7 5 5 10 9 5 9 
15 11 10 10 3 9 8 5 8 9 9 8 9 5 6 9 7 12 11 11 10 8 6 9 3 3 10 7 9 10 7 11 10 8 10 7 7 15 11 7 9 9 10 8 7 12 10 8 6 8 14 6 11 11 5 2 8 9 14 10 8 6 5 9 8 6 15 11 13 11 6 10 10 10 4 9 7 13 12 8 7 13 5 4 10 9 7 12 5 11 10 7 7 11 7 13 8 7 11 9 3 9 12 8 5 10 9 8 9 7 11 8 10 5 12 6 7 6 9 12 9 9 6 5 9 8 10 11 11 9 5 8 12 5 8 12 8 3 10 6 9 7 9 4 9 10 9 9 10 12 6 4 2 5 9 10 5 13 5 5 9 11 8 9 5 7 8 6 13 6 11 12 8 3 5 9 10 3 12 8 9 7 11 13 11 7 10 5 10 9 2 10 5 3 10 11 11 7 3 8 
4 20 11 8 11 10 9 9 12 12 9 9 16 15 10 11 9 11 12 15 11 6 11 14 15 7 10 8 4 13 9 14 2 11 10 11 8 6 11 17 9 7 6 4 9 13 12 14 11 15 8 5 6 7 16 8 11 15 14 10 5 10 10 13 9 7 16 9 12 5 6 8 11 9 10 9 3 7 9 13 11 12 10 9 8 15 7 9 13 10 11 5 6 4 2 9 15 11 8 8 11 13 3 11 12 5 4 8 10 7 10 7 12 13 10 10 15 10 11 8 4 9 12 10 11 8 10 13 10 5 4 8 9 8 10 19 7 12 5 6 13 8 3 11 7 9 8 9 9 9 5 12 12 8 12 8 7 12 7 10 16 9 11 9 11 13 10 10 5 13 5 9 15 9 14 8 7 9 7 10 9 13 11 14 10 14 12 7 11 18 10 16 11 10 15 12 9 13 10 15 
