NAME  : Jabali_60_4_0.85_1_0
TYPE : SVRP
MODEL : FINITE_SUPPORT
NUMBER_OF_SCENARIOS : 200
DIMENSION : 60
EDGE_WEIGHT_TYPE : MATRIX
CAPACITY : 85
N_VEHICLES : 4
NODE_COORD_SECTION
1 4474 4742
2 4544 3157
3 7357 3473
4 6182 4799
5 4307 7475
6 2643 5722
7 6927 5948
8 3413 2774
9 5868 5490
10 4523 1302
11 2033 4989
12 856 5762
13 8686 4076
14 2158 2204
15 2485 6296
16 1633 6588
17 5513 1758
18 3036 2279
19 3107 6699
20 3388 5534
21 6937 3554
22 8314 3754
23 5251 4874
24 7404 4925
25 2605 7950
26 3727 4890
27 5965 7502
28 2124 6338
29 4905 618
30 3456 6709
31 2486 6599
32 67 5084
33 1317 6203
34 4845 18
35 3475 5194
36 7445 6570
37 4033 502
38 6567 1772
39 5659 1505
40 4239 7498
41 3573 4314
42 8370 4342
43 7292 3689
44 1858 2399
45 3372 8722
46 1231 5267
47 7677 4627
48 5415 3405
49 27 4544
50 5542 5702
51 5850 6616
52 6970 2530
53 5802 3067
54 8680 5413
55 969 5364
56 2240 5183
57 5985 2252
58 1984 7732
59 3502 3913
60 3793 1897
DEMAND_SECTION
1 0.0
2 2.0
3 3.0
4 5.0
5 3.0
6 2.0
7 4.0
8 4.0
9 6.0
10 4.0
11 6.0
12 4.0
13 6.0
14 5.0
15 3.0
16 5.0
17 1.0
18 4.0
19 1.0
20 4.0
21 4.0
22 2.0
23 1.0
24 1.0
25 4.0
26 8.0
27 6.0
28 2.0
29 9.0
30 2.0
31 2.0
32 5.0
33 1.0
34 9.0
35 9.0
36 6.0
37 1.0
38 2.0
39 6.0
40 4.0
41 1.0
42 8.0
43 8.0
44 9.0
45 10.0
46 2.0
47 8.0
48 7.0
49 5.0
50 3.0
51 9.0
52 6.0
53 7.0
54 8.0
55 3.0
56 8.0
57 9.0
58 4.0
59 10.0
60 9.0
DEVIATION_SECTION
1 0.0
2 0.666667
3 1.0
4 1.66667
5 1.0
6 0.666667
7 1.33333
8 1.33333
9 2.0
10 1.33333
11 2.0
12 1.33333
13 2.0
14 1.66667
15 1.0
16 1.66667
17 0.333333
18 1.33333
19 0.333333
20 1.33333
21 1.33333
22 0.666667
23 0.333333
24 0.333333
25 1.33333
26 2.66667
27 2.0
28 0.666667
29 3.0
30 0.666667
31 0.666667
32 1.66667
33 0.333333
34 3.0
35 3.0
36 2.0
37 0.333333
38 0.666667
39 2.0
40 1.33333
41 0.333333
42 2.66667
43 2.66667
44 3.0
45 3.33333
46 0.666667
47 2.66667
48 2.33333
49 1.66667
50 1.0
51 3.0
52 2.0
53 2.33333
54 2.66667
55 1.0
56 2.66667
57 3.0
58 1.33333
59 3.33333
60 3.0
DISTANCE_MATRIX
0.0 23.478 40.6661 24.0832 38.1838 29.4279 37.9473 29.6142 21.587 46.4383 34.9217 53.9809 58.7034 46.0109 32.8451 43.6181 46.3094 37.6563 32.28 18.0278 35.6974 53.7214 11.1803 41.4289 50.2892 11.1803 45.2801 36.7249 56.451 30.4631 35.0167 62.0639 47.6636 63.8896 15.5242 48.5077 56.772 50.7972 49.385 38.1838 13.8924 55.6342 39.6144 47.2652 56.6039 46.8154 45.8806 25.6144 61.4783 20.0 33.2415 44.7784 30.8182 57.8014 49.8777 32.6736 42.4662 51.4782 16.4924 38.4708 
23.478 0.0 37.6431 32.249 61.0933 46.6286 50.0 16.1555 35.7734 26.8701 46.6223 57.2514 56.6127 34.5398 50.4294 61.2024 24.5153 23.5372 51.9501 35.6274 32.8024 51.225 26.2132 49.1534 69.6146 26.7148 67.6357 54.3092 36.4005 51.2533 52.601 62.8046 59.2401 44.0454 31.5373 61.0 38.0132 33.3766 27.6586 61.0933 21.0057 53.8516 37.2022 37.1214 78.1209 50.0046 46.7933 11.6619 62.0181 42.3215 55.905 34.0 16.4012 64.511 52.8513 48.7857 23.3452 69.4303 17.281 20.8806 
40.6661 37.6431 0.0 28.3027 72.4913 69.1141 32.6986 53.2541 38.0678 48.2597 74.5825 93.6417 19.2354 71.3442 71.6069 82.3246 34.0 59.5399 69.8896 57.4246 5.0 13.6015 33.5126 17.8045 87.7847 51.7365 56.671 75.4314 51.2445 67.7287 73.7508 101.725 87.3243 57.8705 55.6651 40.0 60.0333 25.632 35.1283 72.4913 52.9997 17.4642 2.23607 74.3303 93.5382 86.4761 15.2315 26.1725 100.586 41.684 47.6895 14.3178 21.9545 31.0161 89.5384 72.3343 25.02 89.5261 54.9072 52.2015 
24.0832 32.249 28.3027 0.0 45.3824 50.9838 18.4391 48.0625 11.4018 53.1601 56.3921 75.5946 36.7875 66.3689 53.414 64.1871 42.0595 55.7315 51.8722 39.2792 23.334 36.3519 13.6015 17.5933 68.241 34.7131 36.7967 57.2938 59.5063 49.7113 55.5579 83.5342 67.7903 67.082 38.0132 29.2746 65.521 40.2413 44.4185 45.3824 37.8021 31.7942 27.2511 68.8237 66.4061 68.2857 22.0449 22.0907 85.3085 16.1245 25.0 32.6853 23.7697 33.9742 71.348 54.1439 33.8378 71.5088 39.4462 52.0384 
38.1838 61.0933 72.4913 45.3824 0.0 32.0624 40.025 65.0 34.4235 84.0536 43.0116 50.2892 72.1734 77.4919 28.4429 36.7696 83.3519 72.4707 18.4391 29.4109 67.5226 71.7468 43.3436 52.9882 24.1868 36.2353 22.6274 32.5576 94.0663 15.0333 27.2029 64.195 42.0595 101.505 33.2415 43.8292 94.3873 83.2221 86.2294 0.0 43.8292 67.1863 71.4397 77.2482 21.2132 50.636 57.4399 60.0812 69.1231 31.966 23.7697 76.8739 65.2851 64.846 52.1728 40.0125 76.933 31.241 48.7647 75.8024 
29.4279 46.6286 69.1141 50.9838 32.0624 0.0 59.289 47.3816 45.806 69.5095 11.0454 31.1427 86.7771 49.7993 8.91119 19.6842 69.46 50.5875 14.1421 11.7047 64.1453 82.1693 37.3873 67.5829 28.8863 19.9851 51.264 12.791 79.6003 17.0294 11.0828 44.9929 23.2874 86.995 15.1977 66.24 79.0776 79.2642 72.5356 32.0624 26.5115 81.7838 68.0624 48.3735 40.2149 30.5981 72.0345 54.0624 49.4071 50.3448 45.4863 73.2264 59.2662 83.8856 32.3316 8.06226 69.3118 27.9231 31.4743 59.7929 
37.9473 50.0 32.6986 18.4391 40.025 59.289 0.0 65.2795 16.5529 71.5681 67.8994 80.4318 33.2415 83.0241 58.1998 68.8199 60.085 73.1846 50.9037 50.091 33.1068 33.5261 26.9258 14.9115 63.5689 46.5937 24.0416 62.0801 77.6316 46.733 58.9982 94.282 72.5765 85.1456 49.3786 11.0 83.9345 57.7339 62.4008 40.025 51.6236 28.2843 30.6841 84.7231 60.2993 79.7931 19.3132 40.4475 96.8158 20.0 16.2788 46.7529 42.0595 25.0799 83.1959 65.3964 51.8248 69.3542 54.4059 70.2567 
29.6142 16.1555 53.2541 48.0625 65.0 47.3816 65.2795 0.0 50.01 25.318 38.0609 48.6621 72.4017 18.3848 51.6384 55.953 31.6228 8.06226 53.2728 36.8825 48.5489 66.8506 39.0128 65.1903 70.8236 28.8444 74.1051 59.8697 35.6931 53.2635 53.81 53.2353 50.6786 42.0595 32.6497 76.2365 32.249 43.8292 34.2053 65.0 21.4009 69.8355 53.0 21.095 80.0216 41.4367 62.8989 27.7308 51.1957 49.366 62.8013 47.5079 31.4006 80.6165 44.2832 40.2242 34.6699 73.1562 16.4012 13.0 
21.587 35.7734 38.0678 11.4018 34.4235 45.806 16.5529 50.01 0.0 59.9333 51.3577 70.4169 42.614 67.2681 48.2363 59.0094 50.6063 58.0345 44.4169 34.1015 33.0991 42.1783 11.0 23.4197 57.282 30.052 27.2029 52.1161 67.4166 40.2462 52.5114 78.4998 62.6125 75.1665 32.8369 26.9258 72.0902 50.0 53.2635 34.4235 35.1141 37.6206 37.0162 68.7314 55.4472 63.2514 27.8714 28.178 80.2741 5.09902 15.0 42.4504 32.0156 39.0512 66.3136 49.1096 43.1393 62.8799 38.0789 56.5364 
46.4383 26.8701 48.2597 53.1601 84.0536 69.5095 71.5681 25.318 59.9333 0.0 63.3738 73.9797 66.4906 34.5398 73.3103 81.2659 14.8661 24.3311 74.8866 58.5235 45.0111 60.4152 50.6508 62.2896 92.4955 49.6488 86.8334 77.19 10.4403 74.2024 75.4818 78.0064 75.9915 17.4929 54.3783 82.2253 12.3693 27.7849 15.2643 84.0536 43.4166 65.6201 49.0918 38.6264 101.081 66.7533 62.0081 31.7805 75.326 61.4622 74.7061 36.6879 29.6142 79.1012 69.5845 65.5371 23.3452 92.3112 38.9102 13.0384 
34.9217 46.6223 74.5825 56.3921 43.0116 11.0454 67.8994 38.0609 51.3577 63.3738 0.0 19.4456 92.6198 40.3609 19.9457 26.6966 68.3263 41.2668 25.1795 18.0278 69.6138 87.6377 42.8644 73.1345 49.3277 25.4203 61.4003 25.5284 73.7218 28.0 31.7954 27.5286 21.4222 79.8661 20.6329 74.9593 69.2903 79.2579 71.1866 43.0116 31.9466 87.3355 73.5308 38.6005 63.2533 12.2801 77.5862 58.1911 29.3028 48.6147 54.5619 80.4586 62.9952 89.4372 15.3424 3.0 69.3055 43.8998 31.2673 50.7687 
53.9809 57.2514 93.6417 75.5946 50.2892 31.1427 80.4318 48.6621 70.4169 73.9797 19.4456 0.0 111.679 48.0208 22.3607 14.0357 78.9554 51.5461 31.9531 37.2255 88.673 106.697 61.9982 92.1937 36.4966 44.4795 71.1126 18.3576 84.3445 35.8469 23.0868 13.9284 8.24621 90.471 39.6921 87.3827 79.6994 89.8869 81.8156 50.2892 42.6997 106.395 92.59 45.2217 51.3517 7.28011 96.6454 68.8201 19.105 71.4875 66.291 91.0876 73.6243 108.496 5.0 22.3636 79.9346 29.4109 41.8963 61.3922 
58.7034 56.6127 19.2354 36.7875 72.1734 86.7771 33.2415 72.4017 42.614 66.4906 92.6198 111.679 0.0 90.5539 89.2074 99.9805 51.788 78.7718 82.204 75.0726 23.8537 6.08276 49.6813 20.2237 95.0691 69.7739 57.0701 93.0872 68.1175 78.0333 90.2985 119.762 103.584 74.0068 73.7024 36.2491 77.7817 41.0 52.345 72.1734 72.1411 5.0 19.4165 93.4933 93.0215 104.513 15.2971 45.0 119.727 47.5178 49.0102 30.1496 41.1825 17.2047 107.576 90.3716 43.1741 100.667 73.7213 71.3092 
46.0109 34.5398 71.3442 66.3689 77.4919 49.7993 83.0241 18.3848 67.2681 34.5398 40.3609 48.0208 90.5539 0.0 58.4076 56.43 45.8039 12.0416 63.3087 48.233 66.7308 84.9058 56.3205 83.5042 78.0303 41.9762 89.56 61.935 43.1741 64.6233 60.5791 47.5395 51.1556 47.1699 44.2719 93.9042 35.0143 59.0339 47.7074 77.4919 34.5254 88.1192 71.1969 4.12311 89.7112 41.0488 81.2675 46.0977 43.4166 66.0076 79.0569 64.4438 49.3964 98.9852 43.0465 42.638 50.9117 73.6332 30.1496 22.4722 
32.8451 50.4294 71.6069 53.414 28.4429 8.91119 58.1998 51.6384 48.2363 73.3103 19.9457 22.3607 89.2074 58.4076 0.0 10.8167 73.2607 59.1958 10.0499 14.994 66.6382 84.6622 39.8176 70.0131 22.6274 23.7859 48.7545 4.12311 83.401 13.6015 3.60555 36.2491 14.4222 90.7958 18.9985 65.1153 82.8784 83.0649 76.3364 28.4429 30.3122 84.2141 70.5553 56.9487 34.8855 22.2036 74.4648 56.5553 40.8044 49.2556 44.0454 75.7192 61.7591 83.2648 23.7697 16.9706 73.1126 20.6155 35.2751 63.5937 
43.6181 61.2024 82.3246 64.1871 36.7696 19.6842 68.8199 55.953 59.0094 81.2659 26.6966 14.0357 99.9805 56.43 10.8167 0.0 84.0338 59.1589 18.868 25.767 77.3559 95.3799 50.5906 80.7862 23.0868 34.5589 58.3095 8.24621 91.6139 23.0217 10.0 27.6586 6.08276 97.7582 29.7716 75.6637 87.1824 93.838 87.1094 36.7696 41.0853 94.9871 81.273 54.0719 37.6563 17.088 85.2379 67.273 33.1361 59.8756 54.4885 86.4369 72.4768 93.8848 17.2627 29.6145 83.8856 17.2047 46.0481 68.6608 
46.3094 24.5153 34.0 42.0595 83.3519 69.46 60.085 31.6228 50.6063 14.8661 68.3263 78.9554 51.788 45.8039 73.2607 84.0338 0.0 34.1321 74.7814 58.4587 31.257 45.7056 42.4833 49.2443 92.446 49.5462 77.801 77.1405 17.72 74.0846 75.4323 84.3445 80.9441 25.0799 54.3687 70.5538 26.0768 13.4536 3.16228 83.3519 43.837 51.1566 35.0571 49.6488 101.933 71.7086 48.3735 23.4307 82.7103 53.0754 65.6049 21.8403 18.6011 65.0077 74.5553 70.4897 9.05539 92.2616 40.1123 23.4307 
37.6563 23.5372 59.5399 55.7315 72.4707 50.5875 73.1846 8.06226 58.0345 24.3311 41.2668 51.5461 78.7718 12.0416 59.1958 59.1589 34.1321 0.0 60.2427 43.8524 55.0091 73.0616 47.0425 72.6854 79.1709 36.2353 82.0732 63.0756 34.0147 60.2427 61.3674 54.0833 53.8846 39.3192 39.6611 84.1578 28.1603 47.2017 36.2353 72.4707 28.6531 76.4853 59.4811 15.6205 86.9915 44.2719 69.9056 34.7851 51.0882 57.4282 70.859 52.4023 37.5899 87.6232 46.8402 43.4301 38.8973 76.3621 23.7065 11.4018 
32.28 51.9501 69.8896 51.8722 18.4391 14.1421 50.9037 53.2728 44.4169 74.8866 25.1795 31.9531 82.204 63.3087 10.0499 18.868 74.7814 60.2427 0.0 16.4012 64.9208 81.7683 38.2757 63.0097 18.0278 25.2389 39.4462 14.1421 84.923 4.24264 8.94427 45.8803 23.7697 92.358 20.6329 57.3847 84.5128 80.1962 77.8571 18.4391 31.9466 77.2107 68.8379 61.8829 27.0185 32.249 67.4614 55.0134 50.6952 41.9594 36.1248 74.1774 60.2172 75.9686 33.7343 22.2036 71.8652 20.0998 36.9095 65.2281 
18.0278 35.6274 57.4246 39.2792 29.4109 11.7047 50.091 36.8825 34.1015 58.5235 18.0278 37.2255 75.0726 48.233 14.994 25.767 58.4587 43.8524 16.4012 0.0 52.4559 70.4799 25.6827 55.8783 34.0 8.94427 44.5533 18.8737 68.6003 16.4012 17.1655 45.3084 29.3702 76.0066 4.24264 57.042 68.1175 68.2629 61.5343 29.4109 15.5563 70.0792 56.3729 47.9867 43.1393 30.0599 60.3299 42.3729 47.0826 31.3585 36.7696 61.5369 47.5767 72.181 33.1222 15.6205 58.3105 33.9559 20.5192 48.8365 
35.6974 32.8024 5.0 23.334 67.5226 64.1453 33.1068 48.5489 33.0991 45.0111 69.6138 88.673 23.8537 66.7308 66.6382 77.3559 31.257 55.0091 64.9208 52.4559 0.0 18.4391 28.5439 18.3848 82.8159 46.7678 59.8133 70.4627 48.8365 62.76 68.7821 95.9975 82.3556 55.7853 50.6964 40.4403 57.0351 24.6982 32.7567 67.5226 48.3767 21.5407 4.47214 69.6419 88.5695 81.5074 17.1172 21.2603 95.9629 36.7153 47.779 14.1421 17.4642 34.1321 84.5697 67.3656 22.2036 84.5574 50.0519 48.0833 
53.7214 51.225 13.6015 36.3519 71.7468 82.1693 33.5261 66.8506 42.1783 60.4152 87.6377 106.697 6.08276 84.9058 84.6622 95.3799 45.7056 73.0616 81.7683 70.4799 18.4391 0.0 46.5679 19.2354 94.6335 64.7918 57.5674 88.4866 62.0725 77.5976 89.8628 114.78 100.38 68.0294 68.7204 38.2753 71.7008 35.0143 46.2709 71.7468 67.1591 7.2111 14.1421 87.9204 92.5941 99.5314 14.3178 39.6989 114.745 47.0821 48.661 24.0832 35.5106 21.9317 102.594 85.3896 37.108 100.231 68.7393 65.3911 
11.1803 26.2132 33.5126 13.6015 43.3436 37.3873 26.9258 39.0128 11.0 50.6508 42.8644 61.9982 49.6813 56.3205 39.8176 50.5906 42.4833 47.0425 38.2757 25.6827 28.5439 46.5679 0.0 30.4871 56.1708 21.2132 36.6742 43.6974 58.6004 36.1149 41.9615 70.0066 54.1938 66.4003 24.4131 37.6563 62.6975 44.2832 45.3609 43.3436 25.0599 44.688 32.461 57.8705 61.9244 54.7581 34.9387 19.2127 71.7808 11.1803 24.6982 37.855 24.4131 46.8615 57.8204 40.6163 36.0555 57.9123 27.5136 46.9762 
41.4289 49.1534 17.8045 17.5933 52.9882 67.5829 14.9115 65.1903 23.4197 62.2896 73.1345 92.1937 20.2237 83.5042 70.0131 80.7862 49.2443 72.6854 63.0097 55.8783 18.3848 19.2354 30.4871 0.0 75.8749 51.6649 38.8839 73.8929 66.9403 58.839 71.1042 100.277 84.3893 74.0405 54.6137 22.2036 74.5453 42.9418 50.9608 52.9882 55.2593 15.2971 15.8114 85.9343 73.8355 85.0282 5.0 38.1838 101.405 28.3235 29.9024 31.9061 33.0 19.7231 88.0905 70.8864 40.2616 81.4727 57.0317 63.3945 
50.2892 69.6146 87.7847 68.241 24.1868 28.8863 63.5689 70.8236 57.282 92.4955 49.3277 36.4966 95.0691 78.0303 22.6274 23.0868 92.446 79.1709 18.0278 34.0 82.8159 94.6335 56.1708 75.8749 0.0 42.9418 46.4004 25.0 102.586 20.2237 19.105 49.0102 29.1204 109.981 38.1838 68.0 102.064 98.0913 95.5216 24.1868 49.4975 90.0758 86.733 76.703 15.0 40.1622 80.3265 72.9085 55.1453 54.8246 47.5395 92.0725 78.1123 88.6002 40.2616 52.2456 89.7603 8.544 54.4603 82.779 
11.1803 26.7148 51.7365 34.7131 36.2353 19.9851 46.5937 28.8444 30.052 49.6488 25.4203 44.4795 69.7739 41.9762 23.7859 34.5589 49.5462 36.2353 25.2389 8.94427 46.7678 64.7918 21.2132 51.6649 42.9418 0.0 48.0104 27.6656 59.6825 24.7588 25.9574 52.5624 38.1621 67.1193 5.09902 56.6969 59.4643 59.3504 52.6218 36.2353 7.61577 65.8658 50.6849 42.2966 51.6624 37.314 56.1166 36.6849 54.3367 27.3091 38.4708 55.8488 41.8887 68.0147 40.3762 23.1721 49.398 42.7868 12.53 40.3113 
45.2801 67.6357 56.671 36.7967 22.6274 51.264 24.0416 74.1051 27.2029 86.8334 61.4003 71.1126 57.0701 89.56 48.7545 58.3095 77.801 82.0732 39.4462 44.5533 59.8133 57.5674 36.6742 38.8839 46.4004 48.0104 0.0 52.8015 94.578 35.3553 48.3735 85.0 63.0635 102.343 47.1699 23.3452 98.88 76.7206 80.4301 22.6274 55.1453 52.1728 54.6566 90.1998 39.2173 70.613 43.3244 55.2268 89.4221 25.4951 12.2066 69.1646 59.203 46.0977 72.3465 58.5235 70.1783 53.8145 59.4138 82.6285 
36.7249 54.3092 75.4314 57.2938 32.5576 12.791 62.0801 59.8697 52.1161 77.19 25.5284 18.3576 93.0872 61.935 4.12311 8.24621 77.1405 63.0756 14.1421 18.8737 70.4627 88.4866 43.6974 73.8929 25.0 27.6656 52.8015 0.0 87.2808 17.72 6.32456 32.2025 10.6301 94.6756 22.8783 68.9978 91.0991 86.9447 80.2162 32.5576 34.192 88.0939 74.3797 60.8284 38.0789 18.1108 78.3446 60.3797 36.6879 53.1358 47.9393 79.5437 65.5835 87.145 19.6469 20.8503 76.9924 21.6333 39.1548 72.5775 
56.451 36.4005 51.2445 59.5063 94.0663 79.6003 77.6316 35.6931 67.4166 10.4403 73.7218 84.3445 68.1175 43.1741 83.401 91.6139 17.72 34.0147 84.923 68.6003 48.8365 62.0725 58.6004 66.9403 102.586 59.6825 94.578 87.2808 0.0 84.2262 85.5726 88.0227 86.3396 7.81025 64.4981 88.1004 11.4018 27.2947 16.1245 94.0663 53.6656 68.0074 52.469 47.2969 111.094 77.1038 65.9242 39.4081 85.0941 69.4046 82.3772 38.0132 35.7771 82.2192 79.9062 75.8851 26.6833 102.402 49.2443 23.0868 
30.4631 51.2533 67.7287 49.7113 15.0333 17.0294 46.733 53.2635 40.2462 74.2024 28.0 35.8469 78.0333 64.6233 13.6015 23.0217 74.0846 60.2427 4.24264 16.4012 62.76 77.5976 36.1149 58.839 20.2237 24.7588 35.3553 17.72 84.2262 0.0 13.0384 49.7695 27.7308 91.6649 20.6155 53.1507 84.22 78.0353 77.1603 15.0333 31.8904 73.04 66.677 63.7469 26.9072 35.6931 63.2907 52.8526 54.4059 37.7887 31.8904 72.0165 58.0564 71.7979 37.3631 25.0 69.7043 23.5372 36.8782 65.0538 
35.0167 52.601 73.7508 55.5579 27.2029 11.0828 58.9982 53.81 52.5114 75.4818 31.7954 23.0868 90.2985 60.5791 3.60555 10.0 75.4323 61.3674 8.94427 17.1655 68.7821 89.8628 41.9615 71.1042 19.105 25.9574 48.3735 6.32456 85.5726 13.0384 0.0 37.0 14.8661 92.9674 21.1701 65.7647 85.05 85.2365 78.508 27.2029 32.4838 85.3052 72.6992 59.1202 31.7805 24.0 75.5559 58.6992 41.9762 50.0539 44.5533 77.8631 63.903 84.0631 25.1794 19.1421 75.2842 17.088 37.4466 65.7653 
62.0639 62.8046 101.725 83.5342 64.195 44.9929 94.282 53.2353 78.4998 78.0064 27.5286 13.9284 119.762 47.5395 36.2491 27.6586 84.3445 54.0833 45.8803 45.3084 95.9975 114.78 70.0066 100.277 49.0102 52.5624 85.0 32.2025 88.0227 49.7695 37.0 0.0 22.1359 93.3435 47.7751 101.233 81.7435 95.3368 87.1321 64.195 48.253 114.478 100.673 43.9659 64.0078 16.2788 104.728 74.3734 6.7082 75.7569 80.1412 96.6408 79.1775 116.579 13.4536 30.4465 85.4542 41.1947 47.4496 65.0 
47.6636 59.2401 87.3243 67.7903 42.0595 23.2874 72.5765 50.6786 62.6125 75.9915 21.4222 8.24621 103.584 51.1556 14.4222 6.08276 80.9441 53.8846 23.7697 29.3702 82.3556 100.38 54.1938 84.3893 29.1204 38.1621 63.0635 10.6301 86.3396 27.7308 14.8661 22.1359 0.0 92.4838 33.3747 79.4943 81.9081 91.8756 83.8043 42.0595 44.6885 98.5903 86.2726 48.7955 43.7379 11.1803 88.841 70.8088 27.2947 63.6323 58.4357 91.4366 75.613 100.692 11.1803 24.3402 81.9233 22.8254 43.885 63.3864 
63.8896 44.0454 57.8705 67.082 101.505 86.995 85.1456 42.0595 75.1665 17.4929 79.8661 90.471 74.0068 47.1699 90.7958 97.7582 25.0799 39.3192 92.358 76.0066 55.7853 68.0294 66.4003 74.0405 109.981 67.1193 102.343 94.6756 7.81025 91.6649 92.9674 93.3435 92.4838 0.0 71.8679 95.6144 12.3693 33.0151 23.0868 101.505 60.9016 74.2428 59.2284 51.2445 118.533 83.1986 72.7805 47.2017 90.0222 77.201 90.1388 44.1814 43.4166 88.6848 85.9069 82.0294 33.8378 109.797 56.356 29.1204 
15.5242 31.5373 55.6651 38.0132 33.2415 15.1977 49.3786 32.6497 32.8369 54.3783 20.6329 39.6921 73.7024 44.2719 18.9985 29.7716 54.3687 39.6611 20.6329 4.24264 50.6964 68.7204 24.4131 54.6137 38.1838 5.09902 47.1699 22.8783 64.4981 20.6155 21.1701 47.7751 33.3747 71.8679 0.0 58.6773 63.8905 64.1729 57.4443 33.2415 11.3137 68.8146 54.6134 44.1475 47.3814 32.5266 59.0653 40.6134 49.5493 30.0939 38.6005 59.7774 45.8172 70.9164 35.5889 18.3848 54.2205 37.9994 16.2788 44.5982 
48.5077 61.0 40.0 29.2746 43.8292 66.24 11.0 76.2365 26.9258 82.2253 74.9593 87.3827 36.2491 93.9042 65.1153 75.6637 70.5538 84.1578 57.3847 57.042 40.4403 38.2753 37.6563 22.2036 68.0 56.6969 23.3452 68.9978 88.1004 53.1507 65.7647 101.233 79.4943 95.6144 58.6773 0.0 94.5939 65.0673 72.8696 43.8292 61.9839 31.7648 38.0132 95.5249 62.3618 87.0846 25.4558 51.3517 104.107 29.5466 21.2603 54.0864 52.6308 23.0217 90.1468 72.3474 62.2936 74.6257 65.0 81.2219 
56.772 38.0132 60.0333 65.521 94.3873 79.0776 83.9345 32.249 72.0902 12.3693 69.2903 79.6994 77.7817 35.0143 82.8784 87.1824 26.0768 28.1603 84.5128 68.1175 57.0351 71.7008 62.6975 74.5453 102.064 59.4643 98.88 91.0991 11.4018 84.22 85.05 81.7435 81.9081 12.3693 63.8905 94.5939 0.0 37.6431 25.4951 94.3873 52.6308 77.2334 61.0 39.0512 111.126 72.4224 74.108 44.0114 78.1601 73.5089 86.7664 47.676 41.9762 91.0055 75.0 71.4536 35.0143 104.386 47.8017 19.4165 
50.7972 33.3766 25.632 40.2413 83.2221 79.2642 57.7339 43.8292 50.0 27.7849 79.2579 89.8869 41.0 59.0339 83.0649 93.838 13.4536 47.2017 80.1962 68.2629 24.6982 35.0143 44.2832 42.9418 98.0913 59.3504 76.7206 86.9447 27.2947 78.0353 85.2365 95.3368 91.8756 33.0151 64.1729 65.0673 37.6431 0.0 12.53 83.2221 53.6412 41.3038 27.313 62.8013 103.845 82.6401 40.8534 27.4591 94.2444 53.535 64.6863 11.4018 20.6155 55.9017 85.4868 81.4212 10.0499 99.8327 49.9166 36.7967 
49.385 27.6586 35.1283 44.4185 86.2294 72.5356 62.4008 34.2053 53.2635 15.2643 71.1866 81.8156 52.345 47.7074 76.3364 87.1094 3.16228 36.2353 77.8571 61.5343 32.7567 46.2709 45.3609 50.9608 95.5216 52.6218 80.4301 80.2162 16.1245 77.1603 78.508 87.1321 83.8043 23.0868 57.4443 72.8696 25.4951 12.53 0.0 86.2294 46.9127 52.0096 36.3456 51.6236 104.81 74.5688 49.8197 26.4008 85.3756 55.8659 68.2495 22.2036 21.2603 66.1211 77.4155 73.3499 10.7703 95.3373 43.1856 25.2389 
38.1838 61.0933 72.4913 45.3824 0.0 32.0624 40.025 65.0 34.4235 84.0536 43.0116 50.2892 72.1734 77.4919 28.4429 36.7696 83.3519 72.4707 18.4391 29.4109 67.5226 71.7468 43.3436 52.9882 24.1868 36.2353 22.6274 32.5576 94.0663 15.0333 27.2029 64.195 42.0595 101.505 33.2415 43.8292 94.3873 83.2221 86.2294 0.0 43.8292 67.1863 71.4397 77.2482 21.2132 50.636 57.4399 60.0812 69.1231 31.966 23.7697 76.8739 65.2851 64.846 52.1728 40.0125 76.933 31.241 48.7647 75.8024 
13.8924 21.0057 52.9997 37.8021 43.8292 26.5115 51.6236 21.4009 35.1141 43.4166 31.9466 42.6997 72.1411 34.5254 30.3122 41.0853 43.837 28.6531 31.9466 15.5563 48.3767 67.1591 25.0599 55.2593 49.4975 7.61577 55.1453 34.192 53.6656 31.8904 32.4838 48.253 44.6885 60.9016 11.3137 61.9839 52.6308 53.6412 46.9127 43.8292 0.0 69.0719 53.0522 35.0571 58.6941 35.4529 59.711 32.5744 47.6185 32.7567 45.0999 54.8419 37.3786 71.6403 38.2997 29.6985 43.6889 49.3131 5.0 33.3017 
55.6342 53.8516 17.4642 31.7942 67.1863 81.7838 28.2843 69.8355 37.6206 65.6201 87.3355 106.395 5.0 88.1192 84.2141 94.9871 51.1566 76.4853 77.2107 70.0792 21.5407 7.2111 44.688 15.2971 90.0758 65.8658 52.1728 88.0939 68.0074 73.04 85.3052 114.478 98.5903 74.2428 68.8146 31.7648 77.2334 41.3038 52.0096 67.1863 69.0719 0.0 17.088 90.9175 88.0227 99.2292 10.4403 42.19 116.658 42.5245 44.0114 30.0666 39.0 14.8661 102.291 85.0873 42.2966 95.6737 70.6521 69.5701 
39.6144 37.2022 2.23607 27.2511 71.4397 68.0624 30.6841 53.0 37.0162 49.0918 73.5308 92.59 19.4165 71.1969 70.5553 81.273 35.0571 59.4811 68.8379 56.3729 4.47214 14.1421 32.461 15.8114 86.733 50.6849 54.6566 74.3797 52.469 66.677 72.6992 100.673 86.2726 59.2284 54.6134 38.0132 61.0 27.313 36.3456 71.4397 53.0522 17.088 0.0 74.0945 92.4866 85.4245 13.6015 25.6125 100.638 40.6324 45.675 16.1245 21.9317 30.0167 88.4867 71.2827 26.0192 88.4745 54.4389 52.4976 
47.2652 37.1214 74.3303 68.8237 77.2482 48.3735 84.7231 21.095 68.7314 38.6264 38.6005 45.2217 93.4933 4.12311 56.9487 54.0719 49.6488 15.6205 61.8829 47.9867 69.6419 87.9204 57.8705 85.9343 76.703 42.2966 90.1998 60.8284 47.2969 63.7469 59.1202 43.9659 48.7955 51.2445 44.1475 95.5249 39.0512 62.8013 51.6236 77.2482 35.0571 90.9175 74.0945 0.0 88.2523 38.4187 83.9144 48.7647 39.6232 67.1863 80.0062 67.897 52.4309 101.632 40.2244 41.0488 54.4885 71.2751 31.0161 26.4197 
56.6039 78.1209 93.5382 66.4061 21.2132 40.2149 60.2993 80.0216 55.4472 101.081 63.2533 51.3517 93.0215 89.7112 34.8855 37.6563 101.933 86.9915 27.0185 43.1393 88.5695 92.5941 61.9244 73.8355 15.0 51.6624 39.2173 38.0789 111.094 26.9072 31.7805 64.0078 43.7379 118.533 47.3814 62.3618 111.126 103.845 104.81 21.2132 58.6941 88.0227 92.4866 88.2523 0.0 54.5711 78.2872 78.6621 70.1142 52.9897 44.1022 97.1512 83.8659 84.5281 54.9181 48.2742 95.5138 23.1948 63.6583 91.9348 
46.8154 50.0046 86.4761 68.2857 50.636 30.5981 79.7931 41.4367 63.2514 66.7533 12.2801 7.28011 104.513 41.0488 22.2036 17.088 71.7086 44.2719 32.249 30.0599 81.5074 99.5314 54.7581 85.0282 40.1622 37.314 70.613 18.1108 77.1038 35.6931 24.0 16.2788 11.1803 83.1986 32.5266 87.0846 72.4224 82.6401 74.5688 50.636 35.4529 99.2292 85.4245 38.4187 54.5711 0.0 89.4799 61.5733 19.2354 60.5084 66.7414 83.8408 66.3774 101.331 3.16228 15.198 72.6877 34.0 34.6495 54.1295 
45.8806 46.7933 15.2315 22.0449 57.4399 72.0345 19.3132 62.8989 27.8714 62.0081 77.5862 96.6454 15.2971 81.2675 74.4648 85.2379 48.3735 69.9056 67.4614 60.3299 17.1172 14.3178 34.9387 5.0 80.3265 56.1166 43.3244 78.3446 65.9242 63.2907 75.5559 104.728 88.841 72.7805 59.0653 25.4558 74.108 40.8534 49.8197 57.4399 59.711 10.4403 13.6015 83.9144 78.2872 89.4799 0.0 35.1698 105.857 32.7752 34.3541 29.5466 33.3766 17.72 92.5421 75.338 39.3192 85.9244 61.4834 64.1327 
25.6144 11.6619 26.1725 22.0907 60.0812 54.0624 40.4475 27.7308 28.178 31.7805 58.1911 68.8201 45.0 46.0977 56.5553 67.273 23.4307 34.7851 55.0134 42.3729 21.2603 39.6989 19.2127 38.1838 72.9085 36.6849 55.2268 60.3797 39.4081 52.8526 58.6992 74.3734 70.8088 47.2017 40.6134 51.3517 44.0114 27.4591 26.4008 60.0812 32.5744 42.19 25.6125 48.7647 78.6621 61.5733 35.1698 0.0 73.5868 30.0 43.0465 24.7386 7.0 52.8875 64.42 60.3544 18.0278 74.65 28.8498 30.0 
61.4783 62.0181 100.586 85.3085 69.1231 49.4071 96.8158 51.1957 80.2741 75.326 29.3028 19.105 119.727 43.4166 40.8044 33.1361 82.7103 51.0882 50.6952 47.0826 95.9629 114.745 71.7808 101.405 55.1453 54.3367 89.4221 36.6879 85.0941 54.4059 41.9762 6.7082 27.2947 90.0222 49.5493 104.107 78.1601 94.2444 85.3756 69.1231 47.6185 116.658 100.638 39.6232 70.1142 19.2354 105.857 73.5868 0.0 77.5311 83.7641 95.8543 78.391 117.488 17.088 32.2208 84.5044 47.5184 46.815 62.2896 
20.0 42.3215 41.684 16.1245 31.966 50.3448 20.0 49.366 5.09902 61.4622 48.6147 71.4875 47.5178 66.0076 49.2556 59.8756 53.0754 57.4282 41.9594 31.3585 36.7153 47.0821 11.1803 28.3235 54.8246 27.3091 25.4951 53.1358 69.4046 37.7887 50.0539 75.7569 63.6323 77.201 30.0939 29.5466 73.5089 53.535 55.8659 31.966 32.7567 42.5245 40.6324 67.1863 52.9897 60.5084 32.7752 30.0 77.5311 0.0 13.6015 46.0666 34.6554 43.6005 63.5707 46.3666 46.0977 60.4224 36.2215 57.3142 
33.2415 55.905 47.6895 25.0 23.7697 45.4863 16.2788 62.8013 15.0 74.7061 54.5619 66.291 49.0102 79.0569 44.0454 54.4885 65.6049 70.859 36.1248 36.7696 47.779 48.661 24.6982 29.9024 47.5395 38.4708 12.2066 47.9393 82.3772 31.8904 44.5533 80.1412 58.4357 90.1388 38.6005 21.2603 86.7664 64.6863 68.2495 23.7697 45.0999 44.0114 45.675 80.0062 44.1022 66.7414 34.3541 43.0465 83.7641 13.6015 0.0 57.1302 47.0106 41.1096 67.4799 51.8845 58.0517 53.7122 49.0 70.8977 
44.7784 34.0 14.3178 32.6853 76.8739 73.2264 46.7529 47.5079 42.4504 36.6879 80.4586 91.0876 30.1496 64.4438 75.7192 86.4369 21.8403 52.4023 74.1774 61.5369 14.1421 24.0832 37.855 31.9061 92.0725 55.8488 69.1646 79.5437 38.0132 72.0165 77.8631 96.6408 91.4366 44.1814 59.7774 54.0864 47.676 11.4018 22.2036 76.8739 54.8419 30.0666 16.1245 67.897 97.1512 83.8408 29.5466 24.7386 95.8543 46.0666 57.1302 0.0 18.0278 44.5533 86.6875 82.6219 13.8924 93.8139 51.1173 43.2666 
30.8182 16.4012 21.9545 23.7697 65.2851 59.2662 42.0595 31.4006 32.0156 29.6142 62.9952 73.6243 41.1825 49.3964 61.7591 72.4768 18.6011 37.5899 60.2172 47.5767 17.4642 35.5106 24.4131 33.0 78.1123 41.8887 59.203 65.5835 35.7771 58.0564 63.903 79.1775 75.613 43.4166 45.8172 52.6308 41.9762 20.6155 21.2603 65.2851 37.3786 39.0 21.9317 52.4309 83.8659 66.3774 33.3766 7.0 78.391 34.6554 47.0106 18.0278 0.0 50.9902 69.2242 65.1585 11.6619 79.8538 33.6539 30.8058 
57.8014 64.511 31.0161 33.9742 64.846 83.8856 25.0799 80.6165 39.0512 79.1012 89.4372 108.496 17.2047 98.9852 83.2648 93.8848 65.0077 87.6232 75.9686 72.181 34.1321 21.9317 46.8615 19.7231 88.6002 68.0147 46.0977 87.145 82.2192 71.7979 84.0631 116.579 100.692 88.6848 70.9164 23.0217 91.0055 55.9017 66.1211 64.846 71.6403 14.8661 30.0167 101.632 84.5281 101.331 17.72 52.8875 117.488 43.6005 41.1096 44.5533 50.9902 0.0 104.393 87.1891 56.0 94.4299 73.4127 81.7863 
49.8777 52.8513 89.5384 71.348 52.1728 32.3316 83.1959 44.2832 66.3136 69.5845 15.3424 5.0 107.576 43.0465 23.7697 17.2627 74.5553 46.8402 33.7343 33.1222 84.5697 102.594 57.8204 88.0905 40.2616 40.3762 72.3465 19.6469 79.9062 37.3631 25.1794 13.4536 11.1803 85.9069 35.5889 90.1468 75.0 85.4868 77.4155 52.1728 38.2997 102.291 88.4867 40.2244 54.9181 3.16228 92.5421 64.42 17.088 63.5707 67.4799 86.6875 69.2242 104.393 0.0 18.2603 75.5345 33.6155 37.4962 56.8859 
32.6736 48.7857 72.3343 54.1439 40.0125 8.06226 65.3964 40.2242 49.1096 65.5371 3.0 22.3636 90.3716 42.638 16.9706 29.6145 70.4897 43.4301 22.2036 15.6205 67.3656 85.3896 40.6163 70.8864 52.2456 23.1721 58.5235 20.8503 75.8851 25.0 19.1421 30.4465 24.3402 82.0294 18.3848 72.3474 71.4536 81.4212 73.3499 40.0125 29.6985 85.0873 71.2827 41.0488 48.2742 15.198 75.338 60.3544 32.2208 46.3666 51.8845 82.6219 65.1585 87.1891 18.2603 0.0 71.4688 46.8177 33.4306 52.932 
42.4662 23.3452 25.02 33.8378 76.933 69.3118 51.8248 34.6699 43.1393 23.3452 69.3055 79.9346 43.1741 50.9117 73.1126 83.8856 9.05539 38.8973 71.8652 58.3105 22.2036 37.108 36.0555 40.2616 89.7603 49.398 70.1783 76.9924 26.6833 69.7043 75.2842 85.4542 81.9233 33.8378 54.2205 62.2936 35.0143 10.0499 10.7703 76.933 43.6889 42.2966 26.0192 54.4885 95.5138 72.6877 39.3192 18.0278 84.5044 46.0977 58.0517 13.8924 11.6619 56.0 75.5345 71.4688 0.0 92.1135 39.9642 29.4109 
51.4782 69.4303 89.5261 71.5088 31.241 27.9231 69.3542 73.1562 62.8799 92.3112 43.8998 29.4109 100.667 73.6332 20.6155 17.2047 92.2616 76.3621 20.0998 33.9559 84.5574 100.231 57.9123 81.4727 8.544 42.7868 53.8145 21.6333 102.402 23.5372 17.088 41.1947 22.8254 109.797 37.9994 74.6257 104.386 99.8327 95.3373 31.241 49.3131 95.6737 88.4745 71.2751 23.1948 34.0 85.9244 74.65 47.5184 60.4224 53.7122 93.8139 79.8538 94.4299 33.6155 46.8177 92.1135 0.0 54.276 85.864 
16.4924 17.281 54.9072 39.4462 48.7647 31.4743 54.4059 16.4012 38.0789 38.9102 31.2673 41.8963 73.7213 30.1496 35.2751 46.0481 40.1123 23.7065 36.9095 20.5192 50.0519 68.7393 27.5136 57.0317 54.4603 12.53 59.4138 39.1548 49.2443 36.8782 37.4466 47.4496 43.885 56.356 16.2788 65.0 47.8017 49.9166 43.1856 48.7647 5.0 70.6521 54.4389 31.0161 63.6583 34.6495 61.4834 28.8498 46.815 36.2215 49.0 51.1173 33.6539 73.4127 37.4962 33.4306 39.9642 54.276 0.0 28.4253 
38.4708 20.8806 52.2015 52.0384 75.8024 59.7929 70.2567 13.0 56.5364 13.0384 50.7687 61.3922 71.3092 22.4722 63.5937 68.6608 23.4307 11.4018 65.2281 48.8365 48.0833 65.3911 46.9762 63.3945 82.779 40.3113 82.6285 72.5775 23.0868 65.0538 65.7653 65.0 63.3864 29.1204 44.5982 81.2219 19.4165 36.7967 25.2389 75.8024 33.3017 69.5701 52.4976 26.4197 91.9348 54.1295 64.1327 30.0 62.2896 57.3142 70.8977 43.2666 30.8058 81.7863 56.8859 52.932 29.4109 85.864 28.4253 0.0 
DEMAND_SCENARIO_SECTION
0 0 0 0 0 0 0 0 0 0 0 0 0 0 0 0 0 0 0 0 0 0 0 0 0 0 0 0 0 0 0 0 0 0 0 0 0 0 0 0 0 0 0 0 0 0 0 0 0 0 0 0 0 0 0 0 0 0 0 0 0 0 0 0 0 0 0 0 0 0 0 0 0 0 0 0 0 0 0 0 0 0 0 0 0 0 0 0 0 0 0 0 0 0 0 0 0 0 0 0 0 0 0 0 0 0 0 0 0 0 0 0 0 0 0 0 0 0 0 0 0 0 0 0 0 0 0 0 0 0 0 0 0 0 0 0 0 0 0 0 0 0 0 0 0 0 0 0 0 0 0 0 0 0 0 0 0 0 0 0 0 0 0 0 0 0 0 0 0 0 0 0 0 0 0 0 0 0 0 0 0 0 0 0 0 0 0 0 0 0 0 0 0 0 0 0 0 0 0 0 
3 3 2 2 1 3 1 2 1 1 1 2 2 1 3 2 3 2 2 2 1 2 2 2 2 2 2 2 2 3 2 1 2 4 2 3 3 1 3 1 3 2 2 2 2 2 2 2 2 2 1 3 3 2 2 1 1 3 3 2 2 2 1 3 2 1 1 2 1 2 2 1 3 3 2 1 2 2 2 2 1 1 1 2 2 2 3 2 1 1 4 2 1 2 2 2 1 2 3 2 2 3 3 2 2 1 2 2 2 2 2 3 2 2 3 2 2 3 2 3 2 2 2 1 2 2 2 2 2 3 1 1 1 3 2 3 2 2 2 1 2 2 1 2 2 2 3 3 3 1 2 2 2 2 2 1 3 1 2 2 1 3 2 1 2 3 2 3 3 2 2 2 3 3 2 1 3 2 3 3 3 1 2 1 2 2 2 2 3 4 2 1 2 4 2 3 1 2 2 2 
4 3 5 4 3 2 4 6 3 3 3 1 4 2 1 3 3 4 4 3 3 3 1 5 3 3 3 2 4 3 3 2 3 3 4 2 3 1 3 4 4 3 3 4 3 4 5 3 3 3 3 2 2 5 6 3 4 1 2 3 3 2 4 3 1 2 4 3 2 1 4 4 4 2 3 4 3 2 3 6 3 2 5 1 3 3 3 3 3 3 3 3 3 3 5 4 4 0 4 2 2 4 2 3 3 2 5 4 5 3 3 5 4 3 3 4 4 4 3 3 4 3 3 3 2 3 4 1 2 3 4 5 5 3 2 4 2 4 4 3 2 2 2 4 3 5 3 3 5 3 3 5 3 2 2 2 1 2 2 2 3 2 4 4 2 3 0 3 3 3 3 2 4 2 3 4 2 3 3 2 1 4 4 3 4 3 2 4 3 5 4 3 3 3 3 4 3 3 2 4 
6 7 7 4 4 6 6 5 8 2 6 5 2 7 4 6 5 6 5 4 4 4 6 5 7 6 3 6 5 1 7 4 2 6 6 4 5 3 4 5 7 1 4 6 7 2 2 7 5 8 5 2 3 8 2 6 4 3 5 2 2 1 6 6 8 4 7 5 5 4 6 3 3 6 7 5 4 3 7 5 6 2 7 6 4 3 6 3 5 6 4 5 6 4 4 6 6 3 5 5 6 6 5 5 7 6 4 7 4 7 1 6 2 7 5 8 5 6 5 5 6 4 5 5 9 6 7 7 6 0 6 6 7 7 3 5 7 5 7 7 3 6 4 4 6 7 4 8 7 4 4 6 3 6 4 7 6 6 2 7 1 7 5 6 6 3 4 6 7 8 4 4 4 2 5 6 4 1 3 5 5 5 6 6 4 6 3 5 3 5 2 5 5 4 4 3 6 5 7 6 
3 3 3 2 4 4 3 4 3 2 4 1 1 4 3 3 3 3 3 3 2 4 3 2 4 2 4 2 3 1 3 3 2 4 3 2 4 2 2 2 3 2 3 2 4 6 2 3 5 2 1 3 4 4 4 5 4 3 4 3 3 4 3 4 5 3 1 3 3 4 5 2 3 3 2 4 3 3 4 2 4 4 2 3 4 4 4 3 3 3 5 4 2 3 4 2 3 2 2 3 3 3 3 4 4 3 2 2 3 3 3 2 3 3 4 2 2 2 3 3 3 6 5 2 2 2 1 3 2 4 4 3 4 4 2 4 4 2 3 4 3 4 4 2 2 3 3 3 3 3 4 3 2 3 1 2 3 2 3 2 3 3 4 3 1 3 2 4 2 3 2 2 3 3 2 4 3 4 2 3 2 3 4 4 3 3 2 2 3 3 4 5 4 5 3 4 4 2 2 4 
2 3 2 2 3 2 3 2 2 1 2 2 2 2 2 2 3 2 2 2 1 2 2 3 2 3 3 3 3 1 2 2 3 3 1 1 3 2 2 2 3 2 2 2 2 2 2 1 1 2 3 3 2 1 1 1 2 2 1 2 2 1 1 3 1 2 2 2 2 3 2 2 2 3 2 3 2 3 3 2 2 2 0 2 2 2 2 3 1 2 1 1 2 2 3 2 2 2 1 3 1 3 3 1 2 2 2 3 2 3 1 3 2 3 2 2 2 2 2 3 1 2 2 2 3 2 4 2 3 2 2 1 3 2 2 2 2 4 2 2 2 3 2 2 3 2 2 3 2 2 2 2 2 2 1 1 2 2 2 1 3 1 2 2 2 3 1 2 2 2 2 2 1 1 2 2 2 3 2 2 3 1 1 2 1 1 2 2 2 3 2 2 2 1 2 2 2 2 2 2 
4 4 5 5 4 6 2 5 4 2 4 5 4 4 3 3 3 4 5 5 3 2 5 4 5 5 3 1 2 2 3 4 3 4 3 5 2 5 5 2 4 1 5 6 3 3 6 4 6 4 3 5 4 1 4 5 1 4 2 5 4 4 4 6 4 5 5 4 5 2 6 7 2 4 6 2 3 5 5 7 4 2 5 4 5 6 4 4 5 5 8 4 3 7 5 5 4 3 2 4 1 6 3 6 5 2 4 7 4 3 5 5 5 5 4 5 2 5 3 2 4 3 4 5 3 5 3 6 3 4 4 3 3 5 5 5 2 4 2 2 4 3 6 5 4 2 4 3 4 2 2 3 4 4 5 5 4 3 5 2 3 4 4 4 6 5 4 5 6 7 3 1 3 4 3 4 2 5 3 6 3 1 3 5 6 4 3 3 3 3 5 4 5 3 6 4 4 4 5 5 
3 4 1 4 4 4 3 4 4 3 3 5 4 4 6 4 4 4 5 3 4 6 7 3 3 4 2 5 4 3 3 5 5 4 4 3 0 5 5 5 4 5 2 5 5 4 2 3 5 2 3 4 3 2 2 5 2 5 6 6 5 3 5 5 5 5 4 4 6 4 4 5 5 5 4 4 3 5 4 2 5 2 5 4 5 4 4 7 5 2 7 6 6 2 3 3 5 4 4 5 5 1 4 6 4 6 4 5 3 4 4 4 3 4 1 4 4 5 8 5 3 3 4 4 5 4 2 4 3 4 5 3 6 3 3 3 6 5 4 5 5 6 5 4 4 5 6 4 3 3 7 4 4 3 5 5 6 2 4 4 2 8 4 3 4 6 5 5 4 3 4 4 4 6 4 3 5 4 4 3 3 2 4 5 4 3 5 4 4 4 7 1 4 2 4 4 4 3 4 4 
3 6 9 4 6 4 7 7 8 5 5 8 4 5 7 9 8 4 6 8 5 3 7 6 4 7 4 6 5 3 6 6 7 9 5 6 7 8 2 4 6 3 7 9 6 6 7 9 6 7 5 8 4 9 5 7 7 6 8 4 6 7 8 6 7 4 6 4 5 3 0 5 7 10 8 4 9 6 8 8 5 6 4 7 8 7 5 6 6 8 4 4 9 5 5 7 7 6 9 5 9 6 5 5 9 7 3 7 5 5 7 5 5 4 7 7 3 4 9 9 4 8 5 10 7 4 5 6 6 8 4 6 8 4 6 7 7 5 8 3 7 9 11 6 5 6 2 7 4 7 9 4 6 6 9 6 3 7 10 5 8 5 6 7 9 8 6 8 7 6 8 3 4 5 7 10 7 3 6 5 7 4 6 4 10 3 6 5 6 5 5 2 1 4 9 4 5 5 3 7 
5 4 3 4 2 6 6 6 5 5 3 4 1 3 5 4 4 4 3 7 7 6 3 3 4 6 3 5 6 3 3 4 5 3 5 3 5 4 4 5 3 2 4 3 3 4 5 6 4 5 4 5 0 3 2 8 3 5 3 5 5 5 3 1 7 4 4 3 6 6 5 5 3 4 6 5 3 4 6 4 4 2 4 4 5 6 5 6 7 4 3 2 5 4 5 4 3 4 4 5 4 3 4 5 0 3 4 4 6 2 5 5 8 6 5 5 2 2 5 3 3 6 7 6 4 2 3 5 3 8 4 4 2 5 4 3 3 4 1 3 5 6 4 3 3 5 7 4 0 2 3 4 4 4 2 3 3 4 4 5 4 4 4 1 5 4 4 4 4 5 5 3 7 3 4 4 5 6 1 2 2 5 3 2 5 3 4 6 3 3 5 3 3 4 2 4 6 3 4 7 
10 6 8 9 5 8 5 2 4 6 7 9 7 6 8 6 2 5 6 7 5 10 8 3 7 3 4 8 7 5 9 7 4 5 6 7 8 8 5 9 6 9 7 6 8 4 6 2 6 4 9 8 10 6 4 3 6 7 5 6 7 6 7 6 6 5 13 7 7 6 7 8 8 4 8 7 4 7 7 8 7 9 9 8 7 5 6 9 9 8 9 9 7 6 2 3 7 7 5 6 3 7 11 5 6 4 5 8 7 4 5 6 8 9 3 6 2 7 9 6 8 8 6 5 6 6 9 9 7 6 6 10 9 7 4 7 8 3 4 4 4 6 11 2 7 4 2 6 8 8 8 5 5 5 7 4 8 5 6 5 5 7 9 12 2 6 3 3 6 8 8 10 6 6 5 2 4 3 9 9 7 4 11 6 7 9 8 6 6 6 7 4 8 8 6 4 4 6 3 6 
4 5 6 4 3 7 3 3 3 3 3 5 2 6 4 3 3 5 4 3 6 5 3 4 5 3 3 4 5 4 4 4 5 4 3 3 3 4 5 6 0 3 3 6 3 1 4 3 4 3 4 5 5 6 4 3 4 5 4 5 5 6 5 4 4 4 4 5 6 3 5 4 3 3 5 3 5 6 4 7 4 3 4 4 5 3 4 5 7 6 4 2 4 5 2 4 5 2 5 7 3 6 2 6 5 5 6 2 5 3 4 5 3 5 3 5 4 4 7 3 6 3 3 6 3 5 3 4 4 5 3 5 5 3 2 5 2 6 5 3 4 5 5 7 3 3 4 4 2 5 5 3 5 4 4 1 6 6 4 5 5 3 6 3 5 4 5 5 5 3 5 5 6 4 4 1 3 2 5 5 2 5 3 3 3 5 5 3 5 4 4 2 3 7 2 3 6 7 2 2 
3 6 9 5 6 6 5 6 5 8 6 6 7 6 7 5 7 4 9 6 7 2 8 5 5 4 8 7 6 6 5 8 4 6 5 6 8 6 4 9 5 7 7 7 9 6 8 4 5 8 6 9 5 8 3 5 9 5 9 4 6 8 4 2 8 8 7 7 6 0 5 7 4 6 5 9 6 3 9 7 7 3 7 8 7 10 7 0 7 3 9 6 10 5 10 6 3 6 3 6 12 6 2 7 5 9 5 8 2 9 8 7 6 8 5 7 8 5 6 9 7 5 1 5 5 5 8 6 0 9 6 5 8 4 8 5 7 6 6 8 5 4 7 4 4 9 4 7 2 5 6 3 6 8 6 6 4 6 6 3 5 5 6 8 9 9 4 6 5 7 6 7 3 6 4 5 3 6 2 5 10 2 6 4 6 7 8 7 7 7 5 5 7 5 7 4 7 9 4 5 
3 5 6 5 5 3 4 5 3 7 3 10 7 7 6 4 4 6 6 4 4 3 4 3 4 5 4 6 5 9 7 6 7 3 3 5 3 5 8 6 4 5 5 5 2 1 3 5 7 3 4 5 6 2 2 6 6 4 5 7 5 5 5 5 4 6 6 4 5 6 4 5 6 3 5 4 8 6 4 3 5 3 7 3 5 4 5 8 5 5 7 4 3 5 4 4 4 5 3 4 4 5 6 5 6 6 5 4 5 4 4 7 4 4 7 8 7 6 8 3 4 5 7 7 2 2 5 7 4 4 4 2 5 7 3 3 3 5 0 6 9 6 2 4 5 4 5 7 7 3 4 4 7 4 6 7 5 3 6 5 5 7 4 6 5 4 4 3 5 5 9 5 5 7 2 6 4 5 4 3 6 4 6 5 7 5 8 4 4 4 6 4 6 2 3 6 6 4 6 4 
1 3 3 3 2 4 3 2 3 3 3 4 3 2 2 4 2 4 4 2 4 3 2 3 3 2 2 2 3 5 3 1 2 4 5 3 3 3 3 2 3 4 4 4 4 4 3 3 2 2 1 3 4 4 2 4 3 4 3 5 2 4 2 3 3 3 3 1 2 2 3 4 3 2 1 4 2 3 4 2 3 4 4 2 3 4 5 2 3 5 3 3 2 3 2 4 3 2 5 4 5 1 2 2 3 3 2 4 1 5 3 4 3 4 2 3 3 4 2 3 2 3 2 3 5 1 3 4 4 4 2 1 2 4 3 4 3 1 3 2 3 3 3 3 5 1 2 2 3 1 4 3 3 2 4 4 4 4 2 3 2 5 3 1 1 2 2 2 5 4 4 4 4 3 2 4 2 3 2 3 2 3 4 1 4 1 3 4 4 2 3 4 3 4 4 4 2 2 2 2 
6 5 7 5 5 5 5 6 5 6 1 6 5 5 4 4 4 5 6 7 7 4 3 2 4 5 5 5 7 4 6 2 3 3 6 5 6 5 7 7 5 5 5 5 8 7 9 3 4 5 4 3 7 4 5 6 2 4 4 4 7 7 8 2 9 7 6 8 2 6 5 2 4 5 6 5 3 7 5 4 8 5 3 3 5 2 6 3 6 5 6 6 7 3 3 3 4 5 7 5 5 3 3 5 7 5 4 6 5 5 5 6 5 5 5 5 6 4 4 5 6 3 6 6 5 4 5 5 3 5 2 4 6 6 8 6 7 3 1 5 5 7 3 4 4 4 5 2 6 5 5 5 5 4 6 5 4 5 3 6 6 5 5 4 3 3 3 5 1 5 6 3 5 5 3 8 5 5 4 3 3 6 4 6 3 7 7 4 4 5 6 3 5 6 9 5 7 4 3 7 
1 1 1 1 1 1 1 2 2 0 1 1 2 1 1 1 1 1 1 1 1 1 0 1 1 1 0 1 1 1 1 1 1 1 1 1 1 1 1 1 1 1 1 1 1 1 1 1 1 2 1 1 1 1 1 1 1 1 1 1 1 1 0 0 1 1 1 1 1 1 1 1 1 1 1 1 1 1 1 0 1 1 1 1 1 1 1 2 1 1 1 2 2 1 1 1 1 1 1 1 1 1 1 0 1 2 2 1 1 1 1 1 1 1 1 2 0 1 1 1 2 1 1 1 1 0 1 2 1 1 1 1 1 1 1 1 1 1 1 1 1 1 1 1 1 1 1 1 1 1 1 1 1 1 1 1 1 1 1 1 1 1 1 2 1 1 1 1 2 1 2 2 1 1 0 1 1 1 1 1 1 1 1 1 1 1 1 1 1 1 1 1 1 1 1 2 1 1 1 1 
5 4 5 5 2 6 3 6 3 4 5 6 3 4 2 4 4 4 2 4 5 4 4 3 3 5 5 1 3 6 2 4 4 5 3 5 4 6 4 3 5 3 4 5 2 7 2 2 1 4 3 4 3 3 4 5 2 2 8 5 7 3 6 2 2 4 2 3 5 3 6 4 4 5 5 7 5 6 4 3 4 4 6 4 5 5 5 5 2 5 6 3 5 2 4 1 6 7 1 6 4 6 4 6 2 4 4 1 4 4 6 5 6 5 3 4 4 5 3 5 5 3 6 5 6 6 5 2 3 5 2 0 3 6 3 5 2 4 3 3 4 3 4 2 4 3 5 5 5 5 3 4 5 4 2 3 2 5 1 5 4 5 4 4 3 2 3 2 4 2 5 3 8 2 6 8 2 5 3 4 3 5 3 5 4 4 2 4 2 7 5 3 3 4 6 1 7 3 4 2 
1 1 1 1 1 1 1 1 1 0 1 1 1 0 1 1 1 1 1 0 1 1 0 1 1 1 1 1 1 0 0 1 1 0 1 1 1 1 1 1 1 1 1 1 1 1 1 1 1 1 1 1 1 1 1 1 1 1 1 1 1 1 1 1 1 1 1 1 1 1 1 1 1 1 1 2 1 1 1 1 1 1 0 1 1 1 1 1 1 1 1 1 1 1 1 1 1 1 1 1 1 1 1 1 1 1 1 1 1 1 1 1 1 0 1 1 1 1 2 1 1 1 1 1 1 1 1 1 1 1 1 1 1 0 1 1 1 1 1 1 1 1 1 1 1 1 1 2 1 2 1 1 1 0 1 1 1 2 1 2 1 1 1 1 1 1 1 1 1 1 1 1 1 1 1 1 1 1 1 1 1 1 1 1 1 1 1 1 1 0 1 1 1 1 1 1 1 1 1 1 
3 6 3 5 5 5 4 4 5 4 5 6 4 3 3 4 3 6 5 3 5 3 2 4 3 5 5 4 5 5 5 2 3 5 2 4 4 3 2 5 6 5 5 4 2 5 5 2 2 4 3 5 3 4 4 6 3 3 7 2 5 2 1 4 3 5 7 4 4 5 4 4 4 5 4 4 3 3 5 0 6 5 2 3 6 6 5 3 3 7 5 4 1 3 5 5 6 4 5 3 2 4 4 3 3 4 6 5 5 3 4 6 4 3 5 4 3 5 3 2 1 5 5 6 5 2 4 6 6 2 7 4 6 4 3 4 4 3 3 4 1 3 3 3 6 3 3 2 6 5 2 3 6 3 5 4 4 4 5 2 3 6 3 4 3 4 3 2 4 5 5 5 4 6 5 8 5 2 2 4 4 4 6 3 3 4 4 4 4 4 3 3 2 5 5 4 2 5 3 3 
4 3 5 6 5 5 3 4 4 4 3 5 3 5 6 4 4 3 4 4 4 3 4 3 5 6 1 5 5 2 4 4 4 1 5 3 4 3 4 3 2 4 2 5 5 4 4 3 4 3 5 3 3 5 4 3 6 3 4 5 2 3 1 3 3 3 3 3 4 6 5 4 4 4 2 3 4 5 5 6 3 3 4 5 4 5 1 6 2 2 4 5 4 3 3 6 3 3 4 3 6 3 5 3 5 4 3 6 5 3 5 6 3 3 5 4 2 3 4 5 3 1 3 5 5 2 5 4 3 4 4 2 4 5 4 2 5 3 3 5 3 2 2 5 4 5 3 3 5 3 6 3 4 5 4 2 4 2 2 5 3 5 4 4 4 3 5 6 3 5 3 4 5 3 5 3 3 4 6 2 2 2 4 5 2 4 4 4 4 6 4 5 4 4 3 4 2 5 6 4 
2 2 2 2 2 2 2 2 4 2 3 2 2 1 2 2 2 2 2 2 2 3 3 2 1 2 2 3 2 2 1 2 2 2 3 3 3 3 2 2 2 3 2 3 2 2 2 2 2 1 2 2 2 2 2 2 1 2 2 2 2 3 1 3 2 1 1 2 3 3 3 3 2 3 2 2 1 1 3 1 3 1 2 2 2 1 3 1 1 2 1 1 3 1 2 2 2 2 4 1 2 2 2 2 2 3 2 2 2 2 2 2 2 2 2 2 2 2 3 3 1 1 2 2 2 3 2 2 3 2 2 1 1 2 2 2 2 3 2 2 1 2 2 3 1 2 3 2 2 0 2 2 2 1 2 2 2 0 2 1 3 2 3 2 2 2 3 2 3 3 2 2 1 2 2 3 2 2 4 1 1 3 2 3 2 2 3 2 2 3 1 2 3 2 2 2 2 2 3 2 
0 1 1 1 1 1 1 1 2 0 1 1 1 1 0 1 1 1 1 1 1 1 1 1 1 1 1 1 1 1 1 1 1 1 1 2 1 1 1 1 1 1 1 1 1 1 2 2 1 1 1 2 1 1 1 1 1 1 1 2 1 1 1 1 1 1 1 1 1 1 1 1 1 1 1 2 1 1 0 1 1 1 1 1 1 1 2 1 1 1 1 1 1 1 1 1 1 1 0 1 1 1 0 1 1 1 0 1 1 1 1 1 1 1 1 1 1 1 2 1 1 1 1 1 1 1 1 1 1 2 1 1 1 1 1 1 1 1 1 0 1 1 1 1 1 1 1 0 2 0 2 2 1 1 1 1 2 1 2 1 1 1 2 1 1 1 1 1 1 2 1 1 1 1 1 1 1 1 1 1 1 1 1 1 1 1 1 1 1 2 0 1 1 1 1 2 1 1 0 1 
2 1 1 1 1 1 1 1 1 1 1 1 1 1 1 0 1 1 1 1 1 1 1 1 1 2 1 1 1 1 1 1 1 1 1 1 1 1 1 1 0 1 1 1 1 1 1 1 1 1 1 1 1 1 1 2 1 1 1 1 1 1 1 1 1 0 1 2 1 1 1 1 1 1 1 1 1 2 0 1 1 1 1 1 2 1 1 1 1 1 1 1 1 1 1 1 1 1 1 1 1 1 1 1 1 1 2 1 1 1 1 1 1 1 1 1 0 1 2 1 1 0 1 1 1 1 2 1 0 1 1 1 1 1 1 1 1 1 1 1 2 1 1 1 1 0 1 1 1 1 1 1 1 1 1 1 1 1 1 1 1 0 2 1 1 1 1 0 1 1 1 1 1 1 1 1 1 1 1 1 1 1 1 1 1 1 0 1 1 1 1 1 0 1 1 1 1 1 1 2 
