NAME  : Jabali_60_4_0.80_1_4
TYPE : SVRP
MODEL : FINITE_SUPPORT
NUMBER_OF_SCENARIOS : 200
DIMENSION : 60
EDGE_WEIGHT_TYPE : MATRIX
CAPACITY : 112
N_VEHICLES : 4
NODE_COORD_SECTION
1 2994 3138
2 5326 881
3 1238 5623
4 3136 1952
5 7336 4715
6 1003 2439
7 4859 6440
8 5098 2736
9 2793 6115
10 1164 1765
11 4692 5669
12 2672 2245
13 3430 524
14 3458 6503
15 2204 3748
16 419 1138
17 5708 1777
18 4395 3246
19 901 6323
20 168 2590
21 3612 749
22 5002 3220
23 5635 966
24 4385 3764
25 2893 4442
26 7770 4788
27 2545 8238
28 321 5635
29 4017 2229
30 1802 7460
31 1135 1044
32 3350 996
33 6792 4304
34 590 3049
35 5901 2406
36 2097 2940
37 7224 4456
38 5248 541
39 693 5080
40 5592 3620
41 4851 4907
42 4866 4739
43 1140 581
44 3526 4424
45 5020 4882
46 3285 1319
47 5344 1733
48 1579 4172
49 3697 1764
50 6277 6250
51 27 5074
52 5033 3681
53 2731 7003
54 4027 6397
55 3693 417
56 2311 5707
57 3681 18
58 3545 7594
59 1801 5514
60 5734 2384
DEMAND_SECTION
1 0.0
2 7.0
3 8.0
4 9.0
5 6.0
6 8.0
7 8.0
8 7.0
9 8.0
10 8.0
11 2.0
12 7.0
13 3.0
14 9.0
15 6.0
16 9.0
17 7.0
18 8.0
19 5.0
20 2.0
21 9.0
22 2.0
23 6.0
24 5.0
25 3.0
26 3.0
27 6.0
28 9.0
29 2.0
30 10.0
31 2.0
32 3.0
33 9.0
34 2.0
35 9.0
36 9.0
37 4.0
38 7.0
39 5.0
40 10.0
41 7.0
42 10.0
43 7.0
44 10.0
45 10.0
46 10.0
47 8.0
48 3.0
49 3.0
50 8.0
51 3.0
52 3.0
53 6.0
54 5.0
55 8.0
56 4.0
57 3.0
58 3.0
59 5.0
60 2.0
DEVIATION_SECTION
1 0.0
2 2.33333
3 2.66667
4 3.0
5 2.0
6 2.66667
7 2.66667
8 2.33333
9 2.66667
10 2.66667
11 0.666667
12 2.33333
13 1.0
14 3.0
15 2.0
16 3.0
17 2.33333
18 2.66667
19 1.66667
20 0.666667
21 3.0
22 0.666667
23 2.0
24 1.66667
25 1.0
26 1.0
27 2.0
28 3.0
29 0.666667
30 3.33333
31 0.666667
32 1.0
33 3.0
34 0.666667
35 3.0
36 3.0
37 1.33333
38 2.33333
39 1.66667
40 3.33333
41 2.33333
42 3.33333
43 2.33333
44 3.33333
45 3.33333
46 3.33333
47 2.66667
48 1.0
49 1.0
50 2.66667
51 1.0
52 1.0
53 2.0
54 1.66667
55 2.66667
56 1.33333
57 1.0
58 1.0
59 1.66667
60 0.666667
DISTANCE_MATRIX
0.0 43.4166 43.7287 19.799 62.1289 26.9072 54.2258 29.0689 41.6765 32.5685 43.6378 12.937 38.672 48.2968 15.6525 44.1829 40.6079 19.105 54.0076 37.5366 37.0416 27.0185 45.0999 21.4709 18.0951 67.4169 70.7258 51.6236 17.1172 63.6726 44.6142 32.5827 53.8238 31.9061 39.9249 11.6619 59.6406 45.1347 43.2897 35.3836 38.8047 37.3905 46.9214 20.6155 38.8831 28.4823 37.2156 24.3311 24.6387 63.4131 50.0 28.4253 53.7123 55.1247 41.1674 38.502 45.8812 61.2935 40.2275 38.6264 
43.4166 0.0 86.885 33.0 58.6941 63.0364 73.5935 25.4951 79.177 55.9737 63.6553 40.0 26.2488 85.9906 58.4637 65.3682 13.3417 34.6699 96.6325 73.6742 24.4131 31.8277 3.60555 41.4005 57.5818 63.3877 108.369 95.0368 26.3059 101.966 55.9464 26.8328 51.4198 70.859 21.8403 53.0 55.7315 4.12311 86.7006 37.2156 53.0377 51.6236 56.0357 54.5894 53.0377 28.4605 11.6619 67.7422 26.0192 73.3553 93.201 37.5366 90.5521 75.1474 24.0416 77.6209 25.2389 93.5863 80.6565 21.1896 
43.7287 86.885 0.0 55.7354 83.6301 41.8808 48.0341 67.0298 21.2603 49.8858 48.0059 48.8734 74.4312 30.6105 28.46 59.4811 81.3941 55.0364 10.2956 42.0595 72.9452 62.0322 87.9313 51.1566 29.2746 87.7215 39.2046 12.2066 60.6428 25.9615 59.4054 68.4763 77.6209 34.9285 78.0 37.4433 82.3468 88.7826 10.198 66.015 48.7032 49.3356 65.215 36.3456 49.98 64.4127 78.7718 20.2485 68.2897 67.4495 17.4929 59.4138 26.9258 36.8411 77.026 14.4222 81.6333 39.8497 7.61577 77.0065 
19.799 33.0 55.7354 0.0 67.9215 31.4641 70.3029 28.2258 68.7984 31.1392 60.2266 7.0 21.4009 74.6578 29.0082 41.8977 33.0235 28.2258 66.0266 42.5281 19.105 31.2218 35.1283 35.2779 45.7389 73.2615 97.3205 62.6499 13.8036 91.1919 32.6838 15.0 59.4423 38.6005 35.6931 20.0 65.0159 34.2345 54.1671 40.4635 49.6093 48.1951 34.9909 44.8535 49.6876 10.8167 28.9863 35.6828 7.07107 74.1511 60.2993 36.2748 80.4903 80.8555 23.3452 66.1444 28.3196 87.8794 52.2535 34.2812 
62.1289 58.6941 83.6301 67.9215 0.0 88.857 41.1947 39.8121 64.9602 94.5408 39.5601 74.9584 75.8024 57.4891 68.4572 105.895 45.3982 43.8292 90.0299 99.0873 72.8354 37.3363 56.0892 41.0555 64.4344 5.38516 79.0253 95.7131 56.6127 82.8734 96.6809 71.5891 8.544 92.9722 37.1214 72.9337 3.0 62.8013 90.2109 27.8568 35.805 35.609 98.988 58.6393 34.4093 69.4282 48.0937 81.8551 61.9661 25.9615 98.7927 34.0 68.884 50.6952 75.4255 69.3542 79.1581 63.0079 76.0263 38.0526 
26.9072 63.0364 41.8808 31.4641 88.857 0.0 76.58 55.7422 52.6984 8.94427 65.992 25.3006 41.1096 62.0845 27.2947 18.4391 64.2803 46.0191 51.225 11.1803 41.0 53.9099 65.6456 48.0104 40.4487 94.1416 78.7718 43.2782 45.0604 67.082 17.6918 37.054 80.604 9.48683 66.456 16.1245 86.4021 63.3594 35.3553 62.2896 64.0132 65.7198 23.4307 43.2478 65.3883 34.9687 60.2431 24.7386 37.6135 88.2435 37.7359 55.3173 63.2334 68.2822 44.1022 44.7114 47.5184 74.6871 41.2311 65.1309 
54.2258 73.5935 48.0341 70.3029 41.1947 76.58 0.0 48.1041 27.0185 82.4094 10.7703 64.0232 79.3403 17.4929 54.5756 94.0239 62.3699 42.4215 51.3128 82.7995 76.3837 41.7732 72.8354 38.4215 40.7294 43.9318 38.4708 59.8433 57.6083 41.7732 91.9519 74.1405 38.2099 74.8187 55.0 60.533 41.0122 77.2334 57.4802 38.0132 20.8087 22.2036 98.0076 35.4449 20.6155 71.8096 62.2254 55.2026 64.3475 19.4165 65.4625 36.0694 27.8927 12.0416 80.0297 35.2348 84.8031 22.561 41.7579 54.8179 
29.0689 25.4951 67.0298 28.2258 39.8121 55.7422 48.1041 0.0 56.3433 61.4062 38.2884 41.762 36.1248 60.6793 40.4475 66.199 15.2315 12.0 76.3217 66.3723 33.1361 6.40312 24.8395 17.088 38.0526 45.1221 83.0577 77.1622 17.4929 79.56 56.9851 31.7805 31.4006 60.9016 11.1803 40.7063 36.8782 29.2062 69.4701 13.1529 27.6586 26.2488 59.0765 31.7805 27.5862 29.7325 14.2127 50.8035 22.2704 49.0408 77.1038 12.0416 66.7323 49.8361 36.0 55.9017 40.1123 68.225 60.208 10.0499 
41.6765 79.177 21.2603 68.7984 64.9602 52.6984 27.0185 56.3433 0.0 60.0546 29.3048 52.1078 77.8428 9.62781 42.0257 71.0635 71.4369 44.8674 25.4951 56.0089 74.8792 50.5785 79.6506 39.4591 25.0 69.8987 29.2062 33.2415 55.0 22.8473 69.597 71.7535 59.4612 48.0419 66.0178 47.9832 63.8127 81.9878 30.5287 51.2445 32.0 33.0151 75.423 24.6205 33.0151 67.6531 69.5643 28.4258 62.843 46.4339 38.6005 45.8912 12.2066 15.8255 78.5252 8.24621 85.052 22.0907 14.7648 65.3856 
32.5685 55.9737 49.8858 31.1392 94.5408 8.94427 82.4094 61.4062 60.0546 0.0 71.8214 30.9575 33.0151 69.4407 33.5652 14.5602 59.5815 51.6832 59.4755 18.0278 33.2415 59.574 58.8986 53.707 46.2781 99.8253 86.1359 52.0096 41.0183 74.7273 9.84886 29.6142 86.2863 18.3848 62.9054 21.9017 92.0859 55.7853 43.9318 67.9496 69.8425 69.799 15.6525 49.0772 71.2176 27.5177 55.3742 31.8947 33.1863 94.0729 46.6476 60.9829 70.5895 83.3083 36.0139 52.0675 39.1152 82.0432 48.7345 61.4942 
43.6378 63.6553 48.0059 60.2266 39.5601 65.992 10.7703 38.2884 29.3048 71.8214 0.0 53.4352 69.2639 19.0263 43.9876 83.4359 53.0094 32.3452 54.3745 75.4069 66.3074 31.8904 63.1269 28.3452 30.6521 43.382 44.9444 60.1346 47.532 45.0444 81.3639 64.0642 34.5254 68.5027 46.1411 49.9451 38.6005 67.2087 55.03 29.5466 10.6301 12.0416 87.4196 24.8569 10.8167 61.7333 52.4976 47.4153 54.2712 24.1868 63.6314 26.4008 31.1448 12.0416 69.9534 33.6991 74.7267 30.0167 40.4183 45.793 
12.937 40.0 48.8734 7.0 74.9584 25.3006 64.0232 41.762 52.1078 30.9575 53.4352 0.0 26.2488 58.728 22.1462 42.7321 39.9427 32.0389 59.1646 36.3593 24.4131 39.9298 42.107 34.2059 28.5263 80.2429 81.157 55.7853 20.7228 71.4665 33.5183 20.0 66.6855 31.9531 52.4686 13.0 72.4951 41.1947 47.2969 48.3167 51.6308 50.2166 35.8254 31.3009 51.7091 15.8114 35.9055 28.8208 14.0357 75.6866 53.3385 41.3389 64.1435 65.5565 28.6007 48.9332 33.4215 71.9496 45.3915 51.1435 
38.672 26.2488 74.4312 21.4009 75.8024 41.1096 79.3403 36.1248 77.8428 33.0151 69.2639 26.2488 0.0 83.6952 47.8812 39.9249 34.4819 37.2631 84.7231 51.0392 3.0 40.05 29.7321 44.3153 54.2614 81.0494 106.892 80.2309 22.8409 97.2016 30.6757 6.40312 67.4759 50.3587 40.4969 37.1214 72.8354 24.6982 71.6938 49.0102 58.6466 57.2324 30.0167 53.8908 58.725 10.6301 30.4138 54.2033 17.088 83.1865 76.5376 45.2769 89.8786 89.8928 3.0 74.6682 7.2111 96.9168 71.1265 39.2173 
48.2968 85.9906 30.6105 74.6578 57.4891 62.0845 17.4929 60.6793 9.62781 69.4407 19.0263 58.728 83.6952 0.0 48.6459 80.4496 75.696 54.6793 33.8378 65.4088 80.7386 54.2817 85.504 50.6793 32.4206 60.7289 27.4591 42.45 60.8857 26.0192 78.9831 78.4955 53.2353 57.428 69.7026 54.6034 56.8859 87.5303 40.0895 48.139 29.0235 30.4327 84.8091 30.1461 29.2755 76.1645 74.8855 37.8119 68.7024 36.8917 48.0104 49.4643 12.1655 7.0 84.3847 17.8441 89.158 15.6525 24.3673 69.0886 
15.6525 58.4637 28.46 29.0082 68.4572 27.2947 54.5756 40.4475 42.0257 33.5652 43.9876 22.1462 47.8812 48.6459 0.0 45.1796 54.0 28.6371 38.7389 34.9285 46.2508 36.4468 59.8415 27.4027 18.4443 73.7417 71.075 37.0135 32.28 64.0218 43.1076 41.7919 60.2045 27.2947 51.6236 13.6015 66.0022 60.4401 29.0689 42.9547 42.0087 43.7154 48.9336 21.2434 43.3838 37.6915 51.0882 10.4403 39.9778 66.239 36.6742 35.7519 54.0615 55.4745 50.3766 38.8511 55.0904 61.8676 24.9588 50.4876 
44.1829 65.3682 59.4811 41.8977 105.895 18.4391 94.0239 66.199 71.0635 14.5602 83.4359 42.7321 39.9249 80.4496 45.1796 0.0 70.2922 66.199 68.2642 19.105 41.1461 69.195 68.6003 65.3214 57.8925 111.235 97.0824 59.0339 51.7768 85.0882 9.43398 38.5876 97.4155 24.6982 73.6639 33.5162 102.989 64.405 51.8652 78.4367 81.457 81.4135 11.0 60.6917 82.8321 37.8021 66.0681 43.1741 43.9448 105.687 52.345 74.248 81.5984 94.9227 42.72 63.0765 44.3847 93.0522 59.4643 72.2527 
40.6079 13.3417 81.3941 33.0235 45.3982 64.2803 62.3699 15.2315 71.4369 59.5815 53.0094 39.9427 34.4819 75.696 54.0 70.2922 0.0 26.6833 90.934 75.3443 31.9061 21.4709 11.1803 32.311 52.1536 50.1597 98.0744 91.0055 24.6982 94.2491 60.959 32.6497 38.0789 71.5902 8.544 51.6787 42.4264 17.4642 83.0241 24.8395 42.4382 41.0488 62.2415 46.8402 42.2019 32.5576 4.24264 64.0703 26.9258 60.5392 90.2718 26.6271 81.749 64.5373 33.1059 70.8308 35.7351 82.9762 74.8131 8.06226 
19.105 34.6699 55.0364 28.2258 43.8292 46.0191 42.4215 12.0 44.8674 51.6832 32.3452 32.0389 37.2631 54.6793 28.6371 66.199 26.6833 0.0 64.3817 56.6392 34.3066 8.06226 34.8855 7.2111 26.0768 49.1935 77.0577 65.192 15.2971 67.6796 56.9851 32.0634 35.3553 50.8035 23.0868 30.6105 41.1825 37.8021 57.6437 16.4012 21.7279 20.3137 59.2923 20.2485 21.8062 29.7325 24.6982 39.0512 22.2704 46.2709 65.3113 9.84886 56.2425 43.8361 37.9473 44.1475 42.72 62.275 48.2597 22.0227 
54.0076 96.6325 10.2956 66.0266 90.0299 51.225 51.3128 76.3217 25.4951 59.4755 54.3745 59.1646 84.7231 33.8378 38.7389 68.2642 90.934 64.3817 0.0 50.0899 83.2406 71.0634 97.7446 60.0083 39.0512 94.0902 34.3657 12.0416 71.0035 20.0998 68.884 78.7718 84.4808 43.566 87.1436 47.7074 88.8824 98.9206 16.5529 74.2428 56.0892 56.8859 74.6525 45.0 57.2713 74.7061 88.459 30.5287 78.5687 70.7248 20.0 68.0294 26.4008 40.122 87.3212 21.2132 91.9239 39.1152 16.1245 86.209 
37.5366 73.6742 42.0595 42.5281 99.0873 11.1803 82.7995 66.3723 56.0089 18.0278 75.4069 36.3593 51.0392 65.4088 34.9285 19.105 75.3443 56.6392 50.0899 0.0 51.2445 64.5368 76.7096 58.1378 49.8635 104.372 80.8084 40.2244 56.1244 68.0074 23.4094 47.5184 90.8346 8.06226 77.0789 26.1725 96.6323 73.5524 33.541 72.8354 73.428 75.1346 28.178 52.6627 74.8031 45.2182 71.3072 29.2746 48.6775 97.6583 33.3017 65.7647 66.2722 71.6065 54.037 48.0104 57.0351 78.0064 43.4166 75.7539 
37.0416 24.4131 72.9452 19.105 72.8354 41.0 76.3837 33.1361 74.8792 33.2415 66.3074 24.4131 3.0 80.7386 46.2508 41.1461 31.9061 34.3066 83.2406 51.2445 0.0 37.054 27.8029 41.3587 52.6309 78.0897 103.401 79.1202 19.8844 95.5711 31.7805 4.47214 64.4981 50.0966 37.6962 35.8469 69.8713 23.2594 70.5762 46.0109 55.6901 54.2759 31.6228 50.9343 55.7684 8.60233 27.7849 52.7731 14.3178 80.2309 75.6902 42.2966 86.5711 86.9363 4.24264 73.0378 9.21954 93.9602 69.4961 36.4005 
27.0185 31.8277 62.0322 31.2218 37.3363 53.9099 41.7732 6.40312 50.5785 59.574 31.8904 39.9298 40.05 54.2817 36.4468 69.195 21.4709 8.06226 71.0634 64.5368 37.054 0.0 31.241 11.1803 33.541 42.72 76.6601 72.5603 19.4165 73.1624 59.9812 35.0595 28.7924 58.8218 16.1245 38.6005 34.5398 35.4683 65.1729 9.48683 21.2603 19.8494 62.2883 26.1725 21.2132 32.7285 20.6155 46.8643 25.2664 43.6807 73.121 5.83095 60.3347 43.4384 40.3113 50.3587 44.7214 61.8256 55.0091 15.2971 
45.0999 3.60555 87.9313 35.1283 56.0892 65.6456 72.8354 24.8395 79.6506 58.8986 63.1269 42.107 29.7321 85.504 59.8415 68.6003 11.1803 34.8855 97.7446 76.7096 27.8029 31.241 0.0 41.3401 58.6941 60.6712 107.882 96.6282 28.0179 102.463 59.1692 30.0167 49.0408 73.3485 19.6977 55.0818 53.1507 7.07107 88.3629 35.805 52.4976 51.0882 59.4054 55.0364 52.4023 31.3847 10.6301 69.3542 28.2843 71.6938 95.0474 36.7967 91.0257 74.6607 27.5862 78.4347 28.8444 93.0996 81.7435 19.2354 
21.4709 41.4005 51.1566 35.2779 41.0555 48.0104 38.4215 17.088 39.4591 53.707 28.3452 34.2059 44.3153 50.6793 27.4027 65.3214 32.311 7.2111 60.0083 58.1378 41.3587 11.1803 41.3401 0.0 23.4094 46.3401 73.0577 61.9839 22.1359 69.56 64.0372 39.1155 32.8029 51.6236 27.2947 32.0156 38.6006 44.6878 54.8179 15.6525 17.7279 16.3137 66.3444 15.0333 17.8062 36.7846 30.8869 37.8202 29.3225 42.3363 63.0635 8.544 56.7323 39.8361 45.0047 39.2046 49.7695 58.275 44.0114 26.4764 
18.0951 57.5818 29.2746 45.7389 64.4344 40.4487 40.7294 38.0526 25.0 46.2781 30.6521 28.5263 54.2614 32.4206 18.4443 57.8925 52.1536 26.0768 39.0512 49.8635 52.6309 33.541 58.6941 23.4094 0.0 68.9817 54.2033 39.1152 31.9528 46.2277 55.8205 48.172 56.0341 42.9593 49.163 24.4017 62.804 59.8698 31.6487 39.0 28.6732 29.0689 61.6465 11.4018 30.0483 44.0716 49.4975 28.8617 39.7835 52.9035 39.8942 31.9531 37.2022 38.6183 56.7568 20.8087 61.4706 45.6423 23.0868 48.0937 
67.4169 63.3877 87.7215 73.2615 5.38516 94.1416 43.9318 45.1221 69.8987 99.8253 43.382 80.2429 81.0494 60.7289 73.7417 111.235 50.1597 49.1935 94.0902 104.372 78.0897 42.72 60.6712 46.3401 68.9817 0.0 81.0555 99.8503 61.9839 85.703 102.021 76.9025 13.9284 98.2568 42.0119 78.2182 8.24621 67.4759 94.578 33.2415 40.4599 40.3609 104.328 63.1865 39.0512 74.7682 53.0094 86.4031 67.3061 27.074 103.175 39.3573 71.8053 54.0833 80.6226 73.4148 84.2912 65.123 80.134 43.0 
70.7258 108.369 39.2046 97.3205 79.0253 78.7718 38.4708 83.0577 29.2062 86.1359 44.9444 81.157 106.892 27.4591 71.075 97.0824 98.0744 77.0577 34.3657 80.8084 103.401 76.6601 107.882 73.0577 54.2033 81.0555 0.0 46.3897 83.5484 14.3178 95.6784 100.803 76.6551 73.2462 90.956 71.5348 79.1581 110.193 49.0408 74.4648 55.3497 56.759 101.504 52.8088 55.6017 96.7023 97.2639 54.5072 91.3651 54.231 54.231 71.1403 17.0294 33.541 107.047 34.8855 111.821 16.0312 37.6431 90.5859 
51.6236 95.0368 12.2066 62.6499 95.7131 43.2782 59.8433 77.1622 33.2415 52.0096 60.1346 55.7853 80.2309 42.45 37.0135 59.0339 91.0055 65.192 12.0416 40.2244 79.1202 72.5603 96.6282 61.9839 39.1152 99.8503 46.3897 0.0 68.7314 32.1403 60.8769 74.6726 89.5545 34.6554 88.278 43.3244 94.3716 96.7456 8.544 77.2609 60.5392 61.0983 66.4831 47.5395 61.8466 70.8378 88.0909 27.2947 69.7209 79.2587 8.06226 70.406 37.1214 48.6503 83.006 26.6271 87.3212 50.0899 19.7231 87.2067 
17.1172 26.3059 60.6428 13.8036 56.6127 45.0604 57.6083 17.4929 55.0 41.0183 47.532 20.7228 22.8409 60.8857 32.28 51.7768 24.6982 15.2971 71.0035 56.1244 19.8844 19.4165 28.0179 22.1359 31.9528 61.9839 83.5484 68.7314 0.0 77.3886 42.5629 17.6412 48.0833 52.3703 26.2488 27.4196 53.7587 28.1603 60.407 28.8617 36.9147 35.5005 44.6543 31.1127 36.993 15.3103 20.8806 41.4367 7.84819 61.5224 67.0298 24.0208 66.7083 67.0834 23.5304 52.3546 28.3037 74.1073 55.0275 24.8395 
63.6726 101.966 25.9615 91.1919 82.8734 67.082 41.7732 79.56 22.8473 74.7273 45.0444 71.4665 97.2016 26.0192 64.0218 85.0882 94.2491 67.6796 20.0998 68.0074 95.5711 73.1624 102.463 69.56 46.2277 85.703 14.3178 32.1403 77.3886 0.0 84.2697 91.1122 79.1012 60.7454 88.6002 60.3225 82.4924 104.709 35.3553 73.3485 53.759 54.9181 90.0957 47.4328 54.6022 87.0118 92.3765 43.2949 85.2365 60.0833 40.05 68.4105 14.0357 33.0151 99.697 25.4951 104.411 23.0217 26.0768 87.9694 
44.6142 55.9464 59.4054 32.6838 96.6809 17.6918 91.9519 56.9851 69.597 9.84886 81.3639 33.5183 30.6757 78.9831 43.1076 9.43398 60.959 56.9851 68.884 23.4094 31.7805 59.9812 59.1692 64.0372 55.8205 102.021 95.6784 60.8769 42.5629 84.2697 0.0 29.1548 88.2017 26.4008 64.45 31.4442 93.7753 55.0364 53.0377 69.2229 78.3686 76.9544 5.83095 58.6197 78.447 28.4253 56.7274 41.4372 34.731 102.91 55.0 65.0342 80.132 92.8507 33.5261 61.61 35.5106 91.5857 58.277 63.0389 
32.5827 26.8328 68.4763 15.0 71.5891 37.054 74.1405 31.7805 71.7535 29.6142 64.0642 20.0 6.40312 78.4955 41.7919 38.5876 32.6497 32.0634 78.7718 47.5184 4.47214 35.0595 30.0167 39.1155 48.172 76.9025 100.803 74.6726 17.6412 91.1122 29.1548 0.0 63.1506 46.0109 37.5899 31.3847 68.6586 26.2488 66.1287 44.2832 53.4469 52.0327 29.7321 48.6911 53.5252 4.24264 28.4253 48.3011 11.1803 77.9888 71.3092 40.1125 83.7892 84.6931 8.60233 68.5789 13.4536 91.7171 65.0372 36.2353 
53.8238 51.4198 77.6209 59.4423 8.544 80.604 38.2099 31.4006 59.4612 86.2863 34.5254 66.6855 67.4759 53.2353 60.2045 97.4155 38.0789 35.3553 84.4808 90.8346 64.4981 28.7924 49.0408 32.8029 56.0341 13.9284 76.6551 89.5545 48.0833 79.1012 88.2017 63.1506 0.0 84.3891 29.6142 64.6811 5.83095 55.5428 83.6481 19.3132 29.0689 28.6531 90.5088 51.9147 27.7308 60.949 40.4475 75.1363 53.4869 26.6271 92.1792 25.5539 65.0692 46.2709 67.1863 63.5689 71.0282 60.6712 70.0071 30.4138 
31.9061 70.859 34.9285 38.6005 92.9722 9.48683 74.8187 60.9016 48.0419 18.3848 68.5027 31.9531 50.3587 57.428 27.2947 24.6982 71.5902 50.8035 43.566 8.06226 50.0966 58.8218 73.3485 51.6236 42.9593 98.2568 73.2462 34.6554 52.3703 60.7454 26.4008 46.0109 84.3891 0.0 71.6082 20.2485 90.1868 71.3442 27.2029 66.7083 66.5238 68.2304 31.8904 45.7585 67.8989 43.0465 67.553 21.2132 45.1221 90.7541 28.6007 59.5483 58.4209 63.6257 53.3385 40.05 56.8859 70.0306 35.6931 70.2831 
39.9249 21.8403 78.0 35.6931 37.1214 66.456 55.0 11.1803 66.0178 62.9054 46.1411 52.4686 40.4969 69.7026 51.6236 73.6639 8.544 23.0868 87.1436 77.0789 37.6962 16.1245 19.6977 27.2947 49.163 42.0119 90.956 88.278 26.2488 88.6002 64.45 37.5899 29.6142 71.6082 0.0 51.4782 34.1321 25.9615 80.6413 17.0294 35.7771 34.4384 66.4003 42.2966 35.3553 36.6197 11.0 61.9839 29.7377 52.1536 88.2836 20.2485 75.7555 57.7344 39.5601 66.4831 42.7551 76.1577 71.0634 1.41421 
11.6619 53.0 37.4433 20.0 72.9337 16.1245 60.533 40.7063 47.9832 21.9017 49.9451 13.0 37.1214 54.6034 13.6015 33.5162 51.6787 30.6105 47.7074 26.1725 35.8469 38.6005 55.0818 32.0156 24.4017 78.2182 71.5348 43.3244 27.4196 60.3225 31.4442 31.3847 64.6811 20.2485 51.4782 0.0 70.4788 54.1479 34.7851 46.6905 45.4929 48.1919 37.2701 27.2009 46.868 27.5136 48.0978 17.2047 27.0185 72.1965 40.4475 39.598 55.9884 61.4319 39.8121 37.4664 44.2945 67.825 34.2474 50.1597 
59.6406 55.7315 82.3468 65.0159 3.0 86.4021 41.0122 36.8782 63.8127 92.0859 38.6005 72.4951 72.8354 56.8859 66.0022 102.989 42.4264 41.1825 88.8824 96.6323 69.8713 34.5398 53.1507 38.6006 62.804 8.24621 79.1581 94.3716 53.7587 82.4924 93.7753 68.6586 5.83095 90.1868 34.1321 70.4788 0.0 59.8415 88.6848 25.0799 34.1321 33.8378 96.0824 57.0088 32.7567 66.5226 45.0999 80.2304 59.0605 26.9258 97.2471 31.3847 68.469 50.01 72.4431 68.1542 76.1643 63.1269 74.7329 35.0571 
45.1347 4.12311 88.7826 34.2345 62.8013 63.3594 77.2334 29.2062 81.9878 55.7853 67.2087 41.1947 24.6982 87.5303 60.4401 64.405 17.4642 37.8021 98.9206 73.5524 23.2594 35.4683 7.07107 44.6878 59.8698 67.4759 110.193 96.7456 28.1603 104.709 55.0364 26.2488 55.5428 71.3442 25.9615 54.1479 59.8415 0.0 88.3782 41.1825 56.5862 55.1725 54.7083 57.4543 56.6392 28.4429 15.6525 69.46 27.1662 77.3692 94.5304 41.2311 93.3799 78.6995 22.2036 80.1124 22.6716 97.1384 82.9446 25.2982 
43.2897 86.7006 10.198 54.1671 90.2109 35.3553 57.4802 69.4701 30.5287 43.9318 55.03 47.2969 71.6938 40.0895 29.0689 51.8652 83.0241 57.6437 16.5529 33.541 70.5762 65.1729 88.3629 54.8179 31.6487 94.578 49.0408 8.544 60.407 35.3553 53.0377 66.1287 83.6481 27.2029 80.6413 34.7851 88.6848 88.3782 0.0 70.2514 54.5894 55.0091 58.7282 40.8534 55.9464 62.2977 80.0062 19.0263 61.2382 76.8956 8.60233 63.3246 37.108 46.2872 74.4648 22.8035 78.7909 50.0 15.8114 79.5159 
35.3836 37.2156 66.015 40.4635 27.8568 62.2896 38.0132 13.1529 51.2445 67.9496 29.5466 48.3167 49.0102 48.139 42.9547 78.4367 24.8395 16.4012 74.2428 72.8354 46.0109 9.48683 35.805 15.6525 39.0 33.2415 74.4648 77.2609 28.8617 73.3485 69.2229 44.2832 19.3132 66.7083 17.0294 46.6905 25.0799 41.1825 70.2514 0.0 19.6469 18.4391 71.53 29.8753 18.9737 41.9702 25.5539 53.3722 34.5081 36.2491 78.506 7.2111 60.3056 41.2436 49.0408 53.0848 53.2353 59.4811 58.5655 16.9706 
38.8047 53.0377 48.7032 49.6093 35.805 64.0132 20.8087 27.6586 32.0 69.8425 10.6301 51.6308 58.6466 29.0235 42.0087 81.457 42.4382 21.7279 56.0892 73.428 55.6901 21.2603 52.4976 17.7279 28.6732 40.4599 55.3497 60.5392 36.9147 53.759 78.3686 53.4469 29.0689 66.5238 35.7771 45.4929 34.1321 56.5862 54.5894 19.6469 0.0 1.41421 80.6758 22.878 1.41421 51.116 41.8688 46.0996 43.6539 28.2843 63.1348 15.8114 40.7094 22.1281 59.3361 34.9285 63.9724 40.5669 41.1096 35.3553 
37.3905 51.6236 49.3356 48.1951 35.609 65.7198 22.2036 26.2488 33.0151 69.799 12.0416 50.2166 57.2324 30.4327 43.7154 81.4135 41.0488 20.3137 56.8859 75.1346 54.2759 19.8494 51.0882 16.3137 29.0689 40.3609 56.759 61.0983 35.5005 54.9181 76.9544 52.0327 28.6531 68.2304 34.4384 48.1919 33.8378 55.1725 55.0091 18.4391 1.41421 0.0 79.2615 23.2737 2.0 49.7017 40.4599 46.4953 42.2397 29.1548 63.5394 14.4222 41.8709 23.5374 57.9219 35.6931 62.5582 41.9762 41.7612 34.0 
46.9214 56.0357 65.215 34.9909 98.988 23.4307 98.0076 59.0765 75.423 15.6525 87.4196 35.8254 30.0167 84.8091 48.9336 11.0 62.2415 59.2923 74.6525 28.178 31.6228 62.2883 59.4054 66.3444 61.6465 104.328 101.504 66.4831 44.6543 90.0957 5.83095 29.7321 90.5088 31.8904 66.4003 37.2701 96.0824 54.7083 58.7282 71.53 80.6758 79.2615 0.0 65.2853 80.7541 29.8329 58.0 47.2631 36.8917 105.218 60.4401 67.3413 85.9579 98.6767 32.6497 67.436 33.8378 97.4117 64.1029 65.0 
20.6155 54.5894 36.3456 44.8535 58.6393 43.2478 35.4449 31.7805 24.6205 49.0772 24.8569 31.3009 53.8908 30.1461 21.2434 60.6917 46.8402 20.2485 45.0 52.6627 50.9343 26.1725 55.0364 15.0333 11.4018 63.1865 52.8088 47.5395 31.1127 47.4328 58.6197 48.6911 51.9147 45.7585 42.2966 27.2009 57.0088 57.4543 40.8534 29.8753 22.878 23.2737 65.2853 0.0 24.2531 46.3601 44.9444 31.8982 38.8981 47.1084 49.2443 23.0868 35.9956 36.3438 54.5803 24.1868 59.3536 43.3677 29.0689 41.4367 
38.8831 53.0377 49.98 49.6876 34.4093 65.3883 20.6155 27.5862 33.0151 71.2176 10.8167 51.7091 58.725 29.2755 43.3838 82.8321 42.2019 21.8062 57.2713 74.8031 55.7684 21.2132 52.4023 17.8062 30.0483 39.0512 55.6017 61.8466 36.993 54.6022 78.447 53.5252 27.7308 67.8989 35.3553 46.868 32.7567 56.6392 55.9464 18.9737 1.41421 2.0 80.7541 24.2531 0.0 51.1943 41.7732 47.4747 43.7322 27.1662 64.4981 15.6205 41.4389 22.3801 59.3788 36.1386 64.0508 40.8167 42.3792 34.9857 
28.4823 28.4605 64.4127 10.8167 69.4282 34.9687 71.8096 29.7325 67.6531 27.5177 61.7333 15.8114 10.6301 76.1645 37.6915 37.8021 32.5576 29.7325 74.7061 45.2182 8.60233 32.7285 31.3847 36.7846 44.0716 74.7682 96.7023 70.8378 15.3103 87.0118 28.4253 4.24264 60.949 43.0465 36.6197 27.5136 66.5226 28.4429 62.2977 41.9702 51.116 49.7017 29.8329 46.3601 51.1943 0.0 28.3196 44.2832 8.06226 75.6578 67.6831 37.7815 79.6888 82.3622 12.8062 64.4785 17.6918 89.3861 60.9368 35.2278 
37.2156 11.6619 78.7718 28.9863 48.0937 60.2431 62.2254 14.2127 69.5643 55.3742 52.4976 35.9055 30.4138 74.8855 51.0882 66.0681 4.24264 24.6982 88.459 71.3072 27.7849 20.6155 10.6301 30.8869 49.4975 53.0094 97.2639 88.0909 20.8806 92.3765 56.7274 28.4253 40.4475 67.553 11.0 48.0978 45.0999 15.6525 80.0062 25.5539 41.8688 40.4599 58.0 44.9444 41.7732 28.3196 0.0 61.0 22.8254 61.7171 87.0919 26.1725 80.9385 64.0423 29.1548 68.6804 32.0156 82.4811 72.3671 10.0499 
24.3311 67.7422 20.2485 35.6828 81.8551 24.7386 55.2026 50.8035 28.4258 31.8947 47.4153 28.8208 54.2033 37.8119 10.4403 43.1741 64.0703 39.0512 30.5287 29.2746 52.7731 46.8643 69.3542 37.8202 28.8617 86.4031 54.5072 27.2947 41.4367 43.2949 41.4372 48.3011 75.1363 21.2132 61.9839 17.2047 80.2304 69.46 19.0263 53.3722 46.0996 46.4953 47.2631 31.8982 47.4747 44.2832 61.0 0.0 42.7539 69.6668 26.3059 46.1694 38.9608 44.0096 56.8243 20.4388 61.4003 50.4145 17.2198 60.8276 
24.6387 26.0192 68.2897 7.07107 61.9661 37.6135 64.3475 22.2704 62.843 33.1863 54.2712 14.0357 17.088 68.7024 39.9778 43.9448 26.9258 22.2704 78.5687 48.6775 14.3178 25.2664 28.2843 29.3225 39.7835 67.3061 91.3651 69.7209 7.84819 85.2365 34.731 11.1803 53.4869 45.1221 29.7377 27.0185 59.0605 27.1662 61.2382 34.5081 43.6539 42.2397 36.8917 38.8981 43.7322 8.06226 22.8254 42.7539 0.0 68.1957 67.3647 30.3195 74.5349 74.9001 18.3576 60.189 23.3238 81.924 62.8582 28.3258 
63.4131 73.3553 67.4495 74.1511 25.9615 88.2435 19.4165 49.0408 46.4339 94.0729 24.1868 75.6866 83.1865 36.8917 66.239 105.687 60.5392 46.2709 70.7248 97.6583 80.2309 43.6807 71.6938 42.3363 52.9035 27.074 54.231 79.2587 61.5224 60.0833 102.91 77.9888 26.6271 90.7541 52.1536 72.1965 26.9258 77.3692 76.8956 36.2491 28.2843 29.1548 105.218 47.1084 27.1662 75.6578 61.7171 69.6668 68.1957 0.0 84.878 38.0789 46.6154 31.241 83.7437 54.6502 88.295 38.4708 61.1734 52.4786 
50.0 93.201 17.4929 60.2993 98.7927 37.7359 65.4625 77.1038 38.6005 46.6476 63.6314 53.3385 76.5376 48.0104 36.6742 52.345 90.2718 65.3113 20.0 33.3017 75.6902 73.121 95.0474 63.0635 39.8942 103.175 54.231 8.06226 67.0298 40.05 55.0 71.3092 92.1792 28.6007 88.2836 40.4475 97.2471 94.5304 8.60233 78.506 63.1348 63.5394 60.4401 49.2443 64.4981 67.6831 87.0919 26.3059 67.3647 84.878 0.0 71.5714 44.0114 54.2695 79.404 31.1448 83.5762 57.0088 24.0832 87.1321 
28.4253 37.5366 59.4138 36.2748 34.0 55.3173 36.0694 12.0416 45.8912 60.9829 26.4008 41.3389 45.2769 49.4643 35.7519 74.248 26.6271 9.84886 68.0294 65.7647 42.2966 5.83095 36.7967 8.544 31.9531 39.3573 71.1403 70.406 24.0208 68.4105 65.0342 40.1125 25.5539 59.5483 20.2485 39.598 31.3847 41.2311 63.3246 7.2111 15.8114 14.4222 67.3413 23.0868 15.6205 37.7815 26.1725 46.1694 30.3195 38.0789 71.5714 0.0 55.5173 37.9187 45.7056 47.0106 50.2195 56.3575 52.1536 19.6977 
53.7123 90.5521 26.9258 80.4903 68.884 63.2334 27.8927 66.7323 12.2066 70.5895 31.1448 64.1435 89.8786 12.1655 54.0615 81.5984 81.749 56.2425 26.4008 66.2722 86.5711 60.3347 91.0257 56.7323 37.2022 71.8053 17.0294 37.1214 66.7083 14.0357 80.132 83.7892 65.0692 58.4209 75.7555 55.9884 68.469 93.3799 37.108 60.3056 40.7094 41.8709 85.9579 35.9956 41.4389 79.6888 80.9385 38.9608 74.5349 46.6154 44.0114 55.5173 0.0 19.105 90.2171 18.6815 94.9904 13.0 23.0 75.1416 
55.1247 75.1474 36.8411 80.8555 50.6952 68.2822 12.0416 49.8361 15.8255 83.3083 12.0416 65.5565 89.8928 7.0 55.4745 94.9227 64.5373 43.8361 40.122 71.6065 86.9363 43.4384 74.6607 39.8361 38.6183 54.0833 33.541 48.6503 67.0834 33.0151 92.8507 84.6931 46.2709 63.6257 57.7344 61.4319 50.01 78.6995 46.2872 41.2436 22.1281 23.5374 98.6767 36.3438 22.3801 82.3622 64.0423 44.0096 74.9001 31.241 54.2695 37.9187 19.105 0.0 90.5823 24.0418 95.3556 19.799 30.5649 57.3643 
41.1674 24.0416 77.026 23.3452 75.4255 44.1022 80.0297 36.0 78.5252 36.0139 69.9534 28.6007 3.0 84.3847 50.3766 42.72 33.1059 37.9473 87.3212 54.037 4.24264 40.3113 27.5862 45.0047 56.7568 80.6226 107.047 83.006 23.5304 99.697 33.5261 8.60233 67.1863 53.3385 39.5601 39.8121 72.4431 22.2036 74.4648 49.0408 59.3361 57.9219 32.6497 54.5803 59.3788 12.8062 29.1548 56.8243 18.3576 83.7437 79.404 45.7056 90.2171 90.5823 0.0 77.1637 5.0 97.6063 73.6219 38.3275 
38.502 77.6209 14.4222 66.1444 69.3542 44.7114 35.2348 55.9017 8.24621 52.0675 33.6991 48.9332 74.6682 17.8441 38.8511 63.0765 70.8308 44.1475 21.2132 48.0104 73.0378 50.3587 78.4347 39.2046 20.8087 73.4148 34.8855 26.6271 52.3546 25.4951 61.61 68.5789 63.5689 40.05 66.4831 37.4664 68.1542 80.1124 22.8035 53.0848 34.9285 35.6931 67.436 24.1868 36.1386 64.4785 68.6804 20.4388 60.189 54.6502 31.1448 47.0106 18.6815 24.0418 77.1637 0.0 81.8775 30.0 7.07107 65.6201 
45.8812 25.2389 81.6333 28.3196 79.1581 47.5184 84.8031 40.1123 85.052 39.1152 74.7267 33.4215 7.2111 89.158 55.0904 44.3847 35.7351 42.72 91.9239 57.0351 9.21954 44.7214 28.8444 49.7695 61.4706 84.2912 111.821 87.3212 28.3037 104.411 35.5106 13.4536 71.0282 56.8859 42.7551 44.2945 76.1643 22.6716 78.7909 53.2353 63.9724 62.5582 33.8378 59.3536 64.0508 17.6918 32.0156 61.4003 23.3238 88.295 83.5762 50.2195 94.9904 95.3556 5.0 81.8775 0.0 102.38 78.3357 41.5933 
61.2935 93.5863 39.8497 87.8794 63.0079 74.6871 22.561 68.225 22.0907 82.0432 30.0167 71.9496 96.9168 15.6525 61.8676 93.0522 82.9762 62.275 39.1152 78.0064 93.9602 61.8256 93.0996 58.275 45.6423 65.123 16.0312 50.0899 74.1073 23.0217 91.5857 91.7171 60.6712 70.0306 76.1577 67.825 63.1269 97.1384 50.0 59.4811 40.5669 41.9762 97.4117 43.3677 40.8167 89.3861 82.4811 50.4145 81.924 38.4708 57.0088 56.3575 13.0 19.799 97.6063 30.0 102.38 0.0 35.3553 75.8024 
40.2275 80.6565 7.61577 52.2535 76.0263 41.2311 41.7579 60.208 14.7648 48.7345 40.4183 45.3915 71.1265 24.3673 24.9588 59.4643 74.8131 48.2597 16.1245 43.4166 69.4961 55.0091 81.7435 44.0114 23.0868 80.134 37.6431 19.7231 55.0275 26.0768 58.277 65.0372 70.0071 35.6931 71.0634 34.2474 74.7329 82.9446 15.8114 58.5655 41.1096 41.7612 64.1029 29.0689 42.3792 60.9368 72.3671 17.2198 62.8582 61.1734 24.0832 52.1536 23.0 30.5649 73.6219 7.07107 78.3357 35.3553 0.0 70.1142 
38.6264 21.1896 77.0065 34.2812 38.0526 65.1309 54.8179 10.0499 65.3856 61.4942 45.793 51.1435 39.2173 69.0886 50.4876 72.2527 8.06226 22.0227 86.209 75.7539 36.4005 15.2971 19.2354 26.4764 48.0937 43.0 90.5859 87.2067 24.8395 87.9694 63.0389 36.2353 30.4138 70.2831 1.41421 50.1597 35.0571 25.2982 79.5159 16.9706 35.3553 34.0 65.0 41.4367 34.9857 35.2278 10.0499 60.8276 28.3258 52.4786 87.1321 19.6977 75.1416 57.3643 38.3275 65.6201 41.5933 75.8024 70.1142 0.0 
DEMAND_SCENARIO_SECTION
0 0 0 0 0 0 0 0 0 0 0 0 0 0 0 0 0 0 0 0 0 0 0 0 0 0 0 0 0 0 0 0 0 0 0 0 0 0 0 0 0 0 0 0 0 0 0 0 0 0 0 0 0 0 0 0 0 0 0 0 0 0 0 0 0 0 0 0 0 0 0 0 0 0 0 0 0 0 0 0 0 0 0 0 0 0 0 0 0 0 0 0 0 0 0 0 0 0 0 0 0 0 0 0 0 0 0 0 0 0 0 0 0 0 0 0 0 0 0 0 0 0 0 0 0 0 0 0 0 0 0 0 0 0 0 0 0 0 0 0 0 0 0 0 0 0 0 0 0 0 0 0 0 0 0 0 0 0 0 0 0 0 0 0 0 0 0 0 0 0 0 0 0 0 0 0 0 0 0 0 0 0 0 0 0 0 0 0 0 0 0 0 0 0 0 0 0 0 0 0 
6 11 8 10 6 11 9 4 5 9 12 9 7 9 6 6 9 6 7 11 6 8 4 2 5 3 8 5 4 10 4 8 9 6 6 7 4 7 7 8 5 5 4 11 6 9 5 7 6 7 10 7 8 10 11 6 2 7 9 5 4 8 6 8 12 7 5 10 6 8 8 7 8 6 8 7 8 6 5 7 9 4 12 6 6 10 6 7 7 10 7 4 9 9 8 9 7 6 7 4 4 7 5 9 9 7 6 9 7 8 10 7 6 9 9 11 8 6 6 9 3 6 8 8 8 4 6 8 8 11 7 5 8 7 12 5 6 8 11 8 6 3 7 11 4 5 5 8 5 5 6 6 7 8 7 7 7 7 8 7 13 9 3 6 2 9 8 4 7 8 7 7 4 10 3 10 4 4 8 10 5 7 2 7 9 8 6 5 5 11 6 7 11 11 7 11 8 8 9 7 
8 6 1 10 9 8 10 10 3 5 12 7 5 6 7 10 4 14 6 5 9 9 7 7 5 15 10 4 5 2 15 7 8 8 8 2 7 11 8 11 9 11 12 10 11 4 12 5 9 8 4 4 9 7 1 9 12 7 11 5 13 10 11 10 10 8 4 9 13 7 9 10 5 6 8 9 6 8 12 6 8 7 0 8 6 9 9 5 4 8 8 8 8 5 14 2 2 8 8 6 10 6 11 6 12 8 5 7 6 13 9 15 5 9 12 8 8 7 8 3 3 4 5 11 9 4 13 7 10 9 10 12 7 8 6 9 8 12 9 12 10 2 12 11 6 8 3 8 10 7 4 3 9 4 8 9 5 10 3 12 13 11 12 13 7 8 7 5 10 6 11 4 8 8 8 11 7 10 7 6 8 5 5 10 8 8 9 8 6 11 4 9 13 10 10 14 7 12 4 6 
14 12 12 11 15 13 8 12 11 7 13 8 12 10 8 14 8 13 9 6 8 15 10 10 9 14 7 10 9 9 9 13 10 6 9 8 10 12 8 15 8 6 10 9 9 10 5 13 17 11 9 8 13 5 7 8 11 12 9 5 9 14 6 9 8 11 14 11 9 12 13 9 10 4 11 10 7 13 4 11 10 9 11 6 11 2 8 13 9 9 6 6 2 8 4 12 7 8 13 8 9 12 7 7 11 12 9 4 12 7 9 10 3 3 13 13 10 3 9 9 13 10 9 11 12 7 9 7 15 13 9 9 2 8 7 8 8 11 7 8 4 10 7 10 11 6 0 4 10 8 7 10 8 7 15 10 5 10 12 14 10 2 10 15 13 7 4 3 6 12 7 8 14 14 9 8 5 8 11 9 11 11 11 9 3 12 7 13 9 4 12 6 7 8 14 10 11 7 8 4 
7 2 9 10 6 4 7 3 5 6 5 8 5 4 8 5 4 4 9 4 5 6 5 6 4 8 5 7 4 5 9 4 5 9 7 9 6 6 6 6 6 7 6 9 4 2 6 4 8 4 5 5 4 5 13 8 5 7 9 3 7 7 4 8 7 6 8 10 5 3 8 8 8 8 6 5 8 4 4 5 7 6 8 4 4 7 6 9 10 3 6 3 6 7 6 6 7 4 6 5 4 7 7 6 9 8 6 3 6 7 6 3 6 6 4 4 7 5 8 4 6 5 5 8 6 3 6 4 9 1 1 5 10 6 4 3 5 5 5 3 6 3 8 6 9 6 7 5 5 5 8 8 6 5 6 3 6 7 6 6 5 6 6 7 8 6 7 6 4 10 7 8 6 5 4 5 5 6 5 10 6 6 6 8 9 5 7 6 6 7 7 4 7 9 6 6 5 6 7 4 
5 11 8 8 5 8 11 9 8 9 7 12 9 7 9 5 8 9 8 3 4 11 7 8 6 14 8 11 9 6 6 10 9 9 9 4 11 7 7 6 5 7 5 6 10 12 10 6 9 7 4 6 8 10 3 6 13 15 6 8 5 10 5 3 4 11 13 9 4 5 5 11 8 6 5 8 7 10 10 7 9 5 5 3 11 7 10 10 14 9 10 7 5 7 9 8 6 8 9 2 9 11 9 3 5 10 6 5 13 7 15 10 5 6 7 5 11 5 9 7 9 8 7 9 8 4 13 5 7 6 3 8 6 7 12 10 12 13 9 7 9 9 8 3 8 8 11 7 5 6 6 8 7 10 4 9 6 5 13 10 9 11 9 6 5 7 8 12 4 9 10 9 14 12 10 12 7 7 11 8 10 9 10 12 3 7 10 8 5 9 10 6 10 8 6 7 6 14 6 8 
11 8 7 8 8 5 8 11 7 9 17 7 6 5 10 12 7 14 7 7 9 8 7 6 7 9 6 6 11 6 12 4 9 10 10 2 6 6 7 7 10 7 8 8 10 4 6 8 7 9 5 6 11 8 10 10 6 10 12 5 5 4 11 7 11 11 2 7 13 9 11 11 13 7 7 8 8 13 6 13 5 10 7 10 8 10 10 10 10 11 10 6 5 12 4 8 7 10 8 7 10 4 12 5 10 8 10 4 6 13 10 7 11 8 6 5 9 14 3 8 8 11 8 6 9 11 4 7 8 8 9 11 8 13 3 6 8 2 8 8 10 8 13 8 5 8 6 7 13 8 5 14 10 8 6 9 9 8 5 3 8 11 7 6 7 6 8 6 4 9 8 10 7 9 2 9 9 6 7 9 10 6 4 8 5 11 7 5 10 5 10 10 9 9 7 7 5 9 6 11 
5 6 6 10 6 8 8 14 8 7 8 6 7 8 4 8 9 4 4 6 9 6 6 5 6 6 9 4 6 9 12 9 6 6 8 4 4 8 7 9 8 6 10 9 12 7 8 8 8 4 4 10 7 9 9 4 4 6 7 8 12 8 3 4 2 9 5 5 6 9 8 6 7 9 9 6 7 9 9 8 11 8 7 6 9 2 9 10 4 13 6 3 8 6 9 4 8 10 7 11 4 9 5 10 9 8 6 6 6 8 5 3 5 8 6 2 10 9 8 8 5 7 2 7 5 9 6 5 5 8 8 4 3 6 3 9 8 5 9 6 6 8 11 6 6 4 6 8 6 10 13 7 2 6 8 6 9 12 4 11 12 4 6 10 7 8 8 3 8 9 9 7 8 8 10 8 7 10 4 10 6 12 7 11 11 3 6 7 3 6 7 11 6 6 3 7 11 6 7 6 
9 9 2 8 6 10 6 10 8 7 10 6 9 9 10 2 8 11 7 9 8 10 7 12 10 13 7 10 6 12 6 7 10 9 3 7 4 7 8 6 5 11 5 12 9 8 7 5 9 7 8 9 8 10 12 7 13 9 9 9 9 8 12 5 10 7 6 6 13 7 8 9 12 9 14 3 9 12 5 12 10 8 2 2 12 6 4 7 9 4 12 1 8 14 9 6 12 13 12 13 8 11 10 9 11 11 9 7 8 6 3 6 14 2 3 9 10 8 7 8 11 6 10 8 11 16 3 13 10 8 9 5 9 6 6 8 12 4 4 7 4 8 13 6 7 11 7 7 6 6 9 10 8 8 5 2 10 9 10 4 7 11 3 10 6 10 7 10 5 8 7 6 7 7 6 11 4 7 8 4 9 10 7 8 7 9 5 10 8 6 4 6 7 4 8 10 1 10 11 3 
10 8 8 6 5 12 14 8 6 0 9 11 8 10 11 6 10 9 3 9 7 11 12 9 9 9 10 7 6 10 11 10 5 9 10 11 5 9 8 9 8 8 9 1 8 8 11 7 8 8 8 4 9 7 7 6 9 12 5 5 9 6 7 9 6 13 6 6 5 7 11 9 5 11 5 7 6 9 13 7 11 10 9 10 2 9 9 9 9 4 9 6 9 7 5 10 8 7 8 14 10 9 8 12 0 7 11 3 8 9 14 4 6 7 7 13 8 4 4 8 5 2 12 3 11 9 7 9 8 12 5 10 7 6 9 9 9 8 10 9 10 6 13 11 10 3 4 13 8 6 7 6 5 6 9 6 8 12 11 16 8 8 8 7 10 5 7 11 5 9 10 8 4 8 7 4 7 7 10 8 11 5 13 10 8 4 14 7 11 4 8 8 10 10 1 10 8 10 3 5 
2 1 2 3 2 2 2 2 1 1 2 3 2 1 4 1 1 2 1 2 3 1 3 2 2 2 2 0 2 2 2 3 3 2 2 2 3 2 1 2 2 2 3 2 2 1 1 2 3 1 2 3 2 2 2 2 1 2 2 1 2 3 1 2 2 2 2 2 3 2 3 1 2 4 2 1 2 4 3 1 2 3 2 2 1 1 1 3 2 3 2 3 2 2 2 2 2 2 2 1 2 2 2 2 3 2 2 2 1 3 2 2 3 3 2 2 1 3 1 3 2 3 2 2 2 1 1 1 1 1 1 3 2 2 2 2 2 1 2 1 2 2 1 2 3 2 2 2 1 2 2 2 3 1 3 1 2 2 1 2 2 3 1 2 2 3 3 2 2 2 4 2 2 2 1 2 2 3 1 2 2 2 2 2 1 3 2 1 2 1 2 1 2 3 2 3 2 3 2 3 
7 10 7 4 7 6 9 7 2 7 7 4 6 7 9 5 9 7 7 6 10 8 7 10 9 6 4 4 7 10 13 4 6 10 4 4 8 6 7 12 8 10 4 13 5 5 3 12 6 13 6 4 8 10 6 11 8 9 6 12 5 6 2 5 6 6 7 6 9 9 6 4 6 10 11 8 13 6 6 9 4 11 8 4 6 4 9 6 6 5 8 11 4 8 8 9 8 8 11 6 8 7 10 6 7 10 9 6 9 3 3 4 7 6 5 6 0 8 4 6 7 7 3 8 7 12 3 6 7 8 5 9 7 8 10 6 8 4 3 6 7 11 7 8 4 6 9 5 9 10 8 7 5 6 7 7 6 7 9 3 6 6 7 5 9 5 8 7 7 6 6 6 4 9 6 11 9 5 11 5 5 10 6 6 10 7 7 6 6 8 9 3 6 6 4 12 9 10 6 1 
5 3 1 3 5 2 4 1 4 4 1 3 3 4 2 3 3 2 1 4 2 3 4 4 2 4 4 2 4 4 3 3 2 4 5 3 3 3 1 2 2 2 3 4 5 2 3 2 3 3 4 3 1 3 3 2 3 4 5 3 3 4 2 2 2 4 4 3 5 3 1 3 2 2 3 4 2 4 3 3 3 2 1 3 4 2 2 2 3 1 4 3 3 4 3 4 4 3 3 3 3 3 5 5 2 2 2 4 5 3 2 3 2 3 3 3 4 3 3 2 2 3 4 5 2 2 4 4 4 3 3 2 2 3 2 3 4 2 3 4 3 3 2 2 1 3 1 3 3 2 4 3 5 3 2 2 2 3 2 3 2 4 3 2 2 5 3 3 1 4 3 4 2 3 3 2 3 4 3 4 2 2 2 3 3 3 2 4 3 1 2 4 3 3 4 4 4 4 4 3 
12 18 6 11 9 4 6 6 7 10 12 10 11 4 5 6 16 10 10 4 11 10 8 11 6 2 6 7 13 10 7 6 10 14 10 14 1 7 6 10 6 14 10 11 11 6 11 8 8 12 10 6 11 12 12 7 11 10 6 6 1 5 9 7 8 7 13 10 11 8 13 14 8 10 8 12 5 10 6 12 8 12 11 8 10 7 12 15 11 10 12 7 12 4 9 11 11 4 11 3 11 12 4 5 7 12 10 7 8 12 12 12 12 9 11 11 10 12 12 8 15 14 5 13 12 5 14 6 13 9 11 9 11 7 6 9 7 8 11 2 9 11 11 4 8 11 10 4 11 7 11 4 8 9 8 9 6 2 8 10 3 13 4 13 12 9 10 12 8 9 12 7 6 10 3 12 7 7 9 13 11 6 3 12 5 7 7 9 9 7 10 16 7 9 10 11 10 8 14 12 
7 7 0 6 7 6 8 4 5 6 4 5 5 5 3 6 0 10 6 6 5 5 5 6 8 8 6 7 4 5 5 7 5 7 5 6 3 4 5 8 8 4 5 7 7 6 5 5 6 8 9 11 9 6 4 7 6 9 7 5 4 7 6 5 5 6 9 5 5 7 4 9 7 10 10 5 7 5 6 7 9 6 7 6 8 4 10 6 7 8 3 6 7 5 7 5 4 7 7 8 7 10 6 5 5 6 10 10 8 8 4 4 4 6 5 4 8 8 7 5 7 5 5 8 4 4 4 7 6 5 5 2 7 6 7 6 6 4 8 5 6 6 7 7 11 4 5 6 6 6 8 4 5 6 7 6 10 3 6 2 6 4 4 5 7 10 5 5 7 8 5 5 7 7 5 7 4 1 10 7 7 9 7 6 4 4 5 6 11 2 5 6 9 7 8 9 10 7 7 10 
14 11 9 9 12 10 3 11 9 12 8 16 9 7 7 11 13 10 6 8 6 9 12 10 13 12 8 8 12 10 13 8 3 5 8 10 5 16 6 14 10 10 8 8 13 12 7 9 8 12 4 9 11 11 9 8 12 12 14 9 6 8 8 14 10 15 7 10 11 8 8 14 6 8 12 7 6 10 5 12 10 13 16 9 7 8 8 9 5 9 8 10 11 11 11 8 6 6 11 6 11 6 6 15 13 4 5 12 7 9 7 9 2 14 10 5 7 9 8 9 8 3 14 9 3 10 12 11 10 8 11 8 5 11 5 9 12 11 13 10 7 5 9 14 11 10 11 10 6 12 13 4 10 11 7 5 16 6 6 9 11 4 10 8 8 10 14 9 12 9 11 8 7 6 7 6 9 12 10 11 7 14 11 11 11 10 7 13 10 11 12 7 10 11 13 12 6 8 13 13 
9 8 9 4 7 6 9 5 4 5 3 3 5 6 9 4 7 9 6 4 10 6 4 7 4 11 6 3 8 10 8 6 6 5 8 7 7 6 9 12 8 10 3 7 5 6 3 8 6 6 9 6 7 4 12 7 7 8 4 8 4 6 6 5 11 8 7 8 7 7 11 8 11 9 10 6 11 7 4 6 9 7 8 9 9 8 4 7 10 6 8 5 7 4 8 11 10 7 5 6 5 2 4 7 9 5 7 6 8 4 8 3 12 8 8 5 6 7 8 5 8 5 5 7 5 9 9 9 5 9 10 6 7 7 6 8 9 8 6 6 8 5 8 8 4 7 10 9 8 7 9 7 6 3 9 5 8 8 6 7 3 8 5 7 5 10 6 2 11 7 9 7 10 9 11 4 6 9 6 9 7 6 6 11 7 4 5 9 5 3 3 8 5 3 5 4 6 4 9 11 
3 5 12 5 7 8 10 9 11 9 9 7 10 11 11 5 8 8 8 8 6 9 6 8 8 9 7 2 10 11 9 12 10 12 7 7 10 8 8 7 4 9 8 12 6 8 8 8 7 12 6 0 8 11 3 10 7 8 13 5 7 8 8 12 9 9 9 6 6 9 7 5 1 4 10 11 7 5 7 12 10 10 11 12 8 3 12 9 10 3 16 12 12 6 10 9 8 8 8 10 5 4 14 12 8 7 9 0 13 6 9 6 11 8 11 4 7 8 6 13 6 8 4 10 8 10 4 10 6 9 9 6 9 3 7 8 7 6 11 5 6 6 8 9 10 4 7 13 4 8 10 6 11 6 7 5 5 5 13 3 9 13 6 5 9 3 7 5 7 5 7 13 11 12 11 7 5 6 9 7 4 5 5 2 10 8 12 2 7 14 5 6 10 7 11 12 11 13 6 8 
5 5 10 5 5 2 2 5 6 4 8 5 6 4 8 5 4 3 5 6 5 5 3 4 6 4 1 5 4 3 4 7 7 3 6 8 6 7 4 6 3 5 5 6 5 7 5 3 3 2 6 3 4 6 4 8 7 5 6 3 6 5 4 8 8 5 7 8 3 5 4 5 4 4 8 4 5 6 6 3 7 6 7 3 6 7 4 5 6 5 4 6 4 7 5 4 7 5 7 4 6 4 3 3 6 8 4 4 5 2 4 10 5 6 5 2 4 5 8 10 2 5 6 6 2 4 7 4 4 3 5 6 6 2 5 6 6 4 6 5 3 3 3 3 2 4 5 5 6 5 5 5 6 3 4 5 5 6 4 6 6 8 3 10 4 5 5 6 4 7 4 6 8 8 2 7 7 5 4 3 5 5 3 6 3 5 6 5 5 0 8 4 3 4 5 8 3 6 4 4 
1 3 2 1 2 2 2 2 2 2 3 2 2 1 1 4 1 1 3 2 2 2 3 2 1 3 2 1 2 2 0 1 2 1 0 2 2 2 2 2 2 1 2 3 2 0 2 2 2 2 3 2 2 2 2 2 3 2 3 2 2 3 2 1 2 3 3 2 2 2 3 2 2 3 1 3 2 2 1 1 1 2 3 2 2 2 2 1 2 2 1 1 2 2 2 3 2 2 2 2 2 2 2 1 2 3 3 2 1 2 2 3 1 4 2 2 2 2 2 2 2 2 2 2 3 1 2 3 3 1 2 3 3 1 2 1 2 2 1 1 2 2 1 1 2 1 1 3 1 2 2 2 1 2 3 3 3 2 2 0 3 2 2 3 1 2 1 2 1 0 2 2 3 1 2 1 1 2 1 2 3 3 1 1 1 2 1 3 2 1 3 1 1 2 2 2 2 2 1 2 
13 5 12 10 8 14 9 7 12 7 12 9 8 10 14 6 12 9 6 11 11 9 16 12 4 10 14 11 14 14 11 8 9 12 15 5 10 9 8 6 9 4 11 9 12 12 10 11 11 8 9 12 4 9 7 10 11 8 9 9 4 5 2 8 5 8 4 11 8 6 13 4 10 5 15 10 8 8 4 11 7 9 8 8 8 9 0 9 11 5 7 8 7 12 9 14 10 9 9 11 8 13 5 8 4 13 9 8 11 7 11 7 10 10 13 16 8 10 9 8 13 10 11 9 10 7 10 6 7 10 8 10 10 6 8 3 6 8 2 12 8 13 7 14 9 5 12 9 2 5 7 11 6 8 7 8 9 9 10 13 9 9 9 13 12 13 4 12 9 11 5 14 15 10 11 9 6 9 13 4 11 11 5 9 13 14 9 10 13 10 11 6 12 7 10 8 2 5 12 11 
3 2 2 2 1 2 2 2 3 2 3 2 2 2 3 2 2 1 3 3 2 3 2 1 1 2 3 2 4 1 2 2 3 3 1 2 2 2 3 2 2 2 0 1 3 2 2 2 2 2 2 2 2 3 2 2 2 1 2 1 2 3 2 1 3 2 1 2 2 2 2 2 1 3 3 3 2 1 1 1 2 2 3 3 2 3 2 1 2 0 1 3 2 2 3 1 3 1 3 2 2 1 2 2 2 2 2 3 2 2 1 2 2 3 3 2 1 2 2 2 1 2 2 2 2 3 2 2 2 2 2 3 3 1 2 3 2 1 2 1 3 2 2 1 2 2 2 2 2 1 3 2 4 1 3 2 2 3 2 1 2 3 1 1 2 3 2 2 3 3 3 2 1 3 3 1 2 1 1 2 2 3 2 2 2 2 0 1 1 2 2 3 1 2 1 2 1 3 2 2 
