NAME  : Jabali_60_4_0.82_1_5
TYPE : SVRP
MODEL : FINITE_SUPPORT
NUMBER_OF_SCENARIOS : 200
DIMENSION : 60
EDGE_WEIGHT_TYPE : MATRIX
CAPACITY : 97
N_VEHICLES : 4
NODE_COORD_SECTION
1 4095 4092
2 6150 6217
3 3823 1235
4 7234 5502
5 272 3956
6 2838 3008
7 970 4346
8 7033 1874
9 2252 359
10 6259 1639
11 2553 2989
12 7533 5106
13 1620 3331
14 1030 3172
15 2400 3696
16 5415 7709
17 2539 486
18 3905 7832
19 2010 2138
20 7817 4686
21 4170 5487
22 27 6650
23 6132 3459
24 5652 6746
25 494 4835
26 1620 3724
27 1709 6779
28 7080 6877
29 6469 6747
30 2168 7656
31 2603 6794
32 6005 2808
33 2500 101
34 7224 3629
35 3966 6624
36 6828 4887
37 2077 1302
38 3978 7148
39 1069 6034
40 3306 7952
41 2553 4351
42 3193 6184
43 5740 3138
44 1847 7520
45 5912 8249
46 3327 2913
47 7441 2296
48 6089 5374
49 5860 8382
50 3120 18
51 5519 1662
52 2506 2047
53 2266 657
54 4346 6274
55 9017 2830
56 7043 4298
57 1480 5690
58 1796 2324
59 8412 2636
60 1240 4736
DEMAND_SECTION
1 0.0
2 3.0
3 10.0
4 7.0
5 2.0
6 2.0
7 10.0
8 3.0
9 6.0
10 2.0
11 7.0
12 3.0
13 4.0
14 4.0
15 7.0
16 3.0
17 4.0
18 8.0
19 4.0
20 2.0
21 6.0
22 9.0
23 5.0
24 7.0
25 10.0
26 4.0
27 4.0
28 8.0
29 4.0
30 9.0
31 10.0
32 10.0
33 9.0
34 5.0
35 5.0
36 3.0
37 9.0
38 10.0
39 7.0
40 7.0
41 3.0
42 5.0
43 10.0
44 2.0
45 5.0
46 7.0
47 10.0
48 3.0
49 6.0
50 8.0
51 2.0
52 5.0
53 7.0
54 2.0
55 3.0
56 2.0
57 3.0
58 4.0
59 1.0
60 1.0
DEVIATION_SECTION
1 0.0
2 1.0
3 3.33333
4 2.33333
5 0.666667
6 0.666667
7 3.33333
8 1.0
9 2.0
10 0.666667
11 2.33333
12 1.0
13 1.33333
14 1.33333
15 2.33333
16 1.0
17 1.33333
18 2.66667
19 1.33333
20 0.666667
21 2.0
22 3.0
23 1.66667
24 2.33333
25 3.33333
26 1.33333
27 1.33333
28 2.66667
29 1.33333
30 3.0
31 3.33333
32 3.33333
33 3.0
34 1.66667
35 1.66667
36 1.0
37 3.0
38 3.33333
39 2.33333
40 2.33333
41 1.0
42 1.66667
43 3.33333
44 0.666667
45 1.66667
46 2.33333
47 3.33333
48 1.0
49 2.0
50 2.66667
51 0.666667
52 1.66667
53 2.33333
54 0.666667
55 1.0
56 0.666667
57 1.0
58 1.33333
59 0.333333
60 0.333333
DISTANCE_MATRIX
0.0 43.0675 41.1825 47.9117 54.4446 22.8422 47.2354 51.8856 55.2268 46.8402 25.6976 52.1075 35.6463 43.6894 31.4267 59.2794 58.258 48.6621 38.8648 54.6097 23.2483 64.0078 30.7914 46.4076 51.3873 34.912 47.4342 57.275 51.1267 53.2353 40.1995 33.1279 58.6941 44.9572 32.461 45.8785 47.1699 39.3433 47.6098 51.2331 31.6619 29.0 28.3415 53.7587 67.7853 20.0 53.1086 34.2218 68.5639 58.4123 41.1947 35.8469 54.8179 37.5789 69.5095 45.2818 41.1095 39.121 62.6814 43.4183 
43.0675 0.0 72.9178 17.8885 87.0195 60.5397 76.5604 59.9095 90.1388 61.6847 63.395 23.7697 73.3437 81.3868 69.1241 22.0227 93.4933 36.2353 76.5623 30.0832 31.9862 82.3511 37.3363 9.48683 78.6992 72.6094 59.3828 15.1327 8.06226 55.8659 47.301 45.6946 93.2309 41.1283 29.1407 21.095 83.37 30.4795 68.9527 43.566 64.2461 41.071 41.5933 58.7547 27.8568 56.2842 56.0803 11.1803 28.7924 91.5478 61.7738 72.4148 90.2109 32.1039 60.0833 29.0172 65.1512 76.8184 57.0701 70.7302 
41.1825 72.9178 0.0 75.6834 59.0339 28.0179 56.0446 45.1221 21.0238 34.2053 29.2746 70.5785 40.8044 44.7214 42.1214 90.1053 25.02 89.1079 27.2029 68.5391 63.6941 89.627 43.3244 77.2334 64.846 43.9318 81.1542 85.8039 80.8084 90.2552 77.7216 36.6742 22.561 58.8867 72.9068 73.6502 22.8254 79.7891 75.326 91.4166 46.0435 68.0233 37.0 89.6772 98.6112 24.3311 51.4782 62.6259 99.3898 18.868 24.5153 21.095 23.0868 68.6728 73.437 59.2112 69.136 30.2324 65.3758 57.8705 
47.9117 17.8885 75.6834 0.0 96.6389 65.0359 85.9006 46.6154 93.9671 51.1607 67.8145 6.08276 77.8406 85.8837 73.6211 38.6394 97.5055 54.1202 80.967 12.3693 40.2447 97.5799 31.9545 27.313 88.0394 77.1063 76.7417 19.3132 20.025 73.2281 64.6599 38.5074 96.8061 27.9545 46.4995 11.1803 88.0436 48.0104 81.6433 61.4003 72.5046 55.244 38.079 76.1136 42.0476 61.1238 41.4849 14.3178 43.0465 94.5027 54.9696 77.229 94.3752 49.4627 42.45 15.8114 75.735 81.3145 40.1123 80.0704 
54.4446 87.0195 59.0339 96.6389 0.0 35.3553 11.0454 94.1754 54.231 85.5862 32.5576 100.835 19.799 14.3178 33.0179 83.2073 54.0093 68.942 32.573 102.447 56.2774 36.1386 77.6682 80.7874 11.4018 19.7231 41.7732 100.004 91.9576 54.5619 47.8853 77.201 58.1378 92.794 59.5794 94.6057 42.4264 62.9521 29.0689 65.8635 37.0732 47.6968 73.5041 51.6236 92.7987 41.7253 97.6166 82.0858 93.0102 63.7887 76.5768 38.0789 51.0882 63.4668 116.341 93.1186 27.2029 29.4109 109.012 16.4924 
22.8422 60.5397 28.0179 65.0359 35.3553 0.0 29.5296 58.8982 35.2278 50.2494 3.16228 69.2316 15.5563 22.4722 14.2195 76.7515 37.6431 66.415 16.1555 69.5041 43.475 62.0967 44.2719 63.8797 38.4708 17.0 53.3385 74.7471 68.5988 63.0635 50.9215 42.5441 39.1152 59.8516 52.6877 63.0027 25.4951 59.5701 47.4295 66.5065 18.0278 43.0973 39.3954 62.1691 85.2574 6.40312 62.6817 51.5968 86.036 40.8534 41.4005 14.1421 34.0588 52.0765 82.2922 60.1762 41.1228 16.2788 74.7061 30.3645 
47.2354 76.5604 56.0446 85.9006 11.0454 29.5296 0.0 87.2767 55.3263 79.221 27.313 90.0964 15.2971 14.8661 25.8087 72.7482 55.9017 58.6138 32.0156 95.8403 45.8183 34.0588 70.459 70.3282 8.94427 12.53 33.6006 89.5449 81.4984 46.0977 38.0132 70.0123 59.4138 85.5848 49.1203 83.1172 43.2897 52.493 22.4722 56.0357 29.864 37.2377 66.2949 43.6005 82.3395 35.5106 90.465 71.6267 82.551 64.0078 70.7248 36.2215 52.6118 53.0077 109.132 85.9094 18.6011 29.0689 101.802 5.83095 
51.8856 59.9095 45.1221 46.6154 94.1754 58.8982 87.2767 0.0 65.6201 11.0454 61.8466 41.5933 74.411 81.2158 71.468 81.7435 69.5845 91.2688 68.0 37.4433 62.6418 115.887 24.1868 68.3593 96.1497 74.9533 99.2607 65.9242 65.2616 103.16 90.4434 18.7883 66.1891 31.0 75.9539 39.0357 67.3573 82.6187 99.4892 96.8762 72.4976 78.7464 23.7697 104.357 87.3699 52.4976 7.61577 49.2544 88.3482 60.0 20.6155 61.7171 68.0661 68.5003 29.0689 31.3209 92.989 70.3278 21.2132 95.2978 
55.2268 90.1388 21.0238 93.9671 54.231 35.2278 55.3263 65.6201 0.0 54.5894 34.4819 91.2377 41.0 41.0122 47.0476 106.395 4.0 101.319 23.5372 89.1984 76.1353 89.0898 63.7887 93.5232 63.0317 45.607 86.1007 103.942 98.1835 97.0749 85.4283 57.5587 4.12311 79.5459 85.348 91.9339 12.0416 92.2303 77.2787 101.41 51.103 78.0008 57.4891 95.865 114.901 35.3553 72.2496 80.6226 115.679 10.2956 45.1774 21.4709 3.60555 84.7368 94.2603 79.8705 72.0347 26.3059 86.209 59.0339 
46.8402 61.6847 34.2053 51.1607 85.5862 50.2494 79.221 11.0454 54.5894 0.0 53.0377 46.8615 65.7951 72.1803 63.4123 82.9699 58.5491 90.0888 57.9828 43.8634 59.4138 109.253 24.3516 69.3758 88.094 66.8431 94.255 70.3522 68.3567 99.6914 86.7912 16.2788 55.1453 35.2062 74.0068 60.3788 56.648 81.0062 93.381 95.0211 65.192 75.1905 21.095 100.47 89.5377 43.9318 18.1108 50.5964 90.4765 49.0102 9.84886 51.6236 57.0701 67.0671 40.0125 35.5307 86.7136 60.4649 32.0624 79.6019 
25.6976 63.395 29.2746 67.8145 32.5576 3.16228 27.313 61.8466 34.4819 53.0377 0.0 72.0103 12.8062 19.4165 13.0623 79.6069 36.6197 66.8369 13.8924 72.6612 46.3304 60.4152 47.4342 66.735 36.2491 14.8661 52.7731 77.6025 71.4541 62.9365 51.0784 45.6508 38.4708 63.0088 53.2498 65.7814 24.0832 58.6531 46.0977 66.9284 17.1172 43.5192 42.5441 61.8466 88.1128 9.43398 65.7343 54.5493 88.8913 40.8044 44.0454 13.0384 33.0151 54.9318 85.4283 63.3333 40.0 13.6015 77.8267 28.6356 
52.1075 23.7697 70.5785 6.08276 100.835 69.2316 90.0964 41.5933 91.2377 46.8615 72.0103 0.0 82.0364 90.0795 77.8168 44.7214 95.1579 59.9333 85.1628 6.32456 44.4405 101.776 27.6918 33.2415 92.2352 81.3021 81.287 24.7386 26.0768 78.6998 70.1316 34.2448 93.1239 23.6918 51.9712 11.0454 88.7552 53.535 85.839 67.1193 76.7003 59.4397 33.8163 81.5853 48.0104 65.3196 36.0555 18.4391 49.0102 88.8606 50.707 79.8207 92.6585 54.9344 36.4005 12.2066 80.165 85.5103 34.0588 84.2662 
35.6463 73.3437 40.8044 77.8406 19.799 15.5563 15.2971 74.411 41.0 65.7951 12.8062 82.0364 0.0 8.06226 14.2195 78.8486 42.0595 68.8042 17.4642 83.4336 48.6205 49.2544 58.6003 76.2916 24.0416 5.0 45.31 87.5512 81.4028 57.0564 47.9772 57.6888 45.1221 73.7811 55.2172 75.8074 29.1204 60.6205 36.3456 68.8601 18.2749 45.4865 54.2033 55.0747 88.6276 21.9317 78.0064 64.498 88.9594 49.163 56.8507 21.0238 38.6005 56.9264 97.1288 74.1056 31.0483 14.8661 89.6939 18.1108 
43.6894 81.3868 44.7214 85.8837 14.3178 22.4722 14.8661 81.2158 41.0122 72.1803 19.4165 90.0795 8.06226 0.0 22.2627 86.8917 41.3038 71.7399 18.4391 91.2866 56.6636 48.0937 66.3099 84.3347 22.0227 11.4018 48.0208 95.5943 89.446 60.2163 51.2259 65.0 45.0444 81.6341 63.2604 83.8506 29.0 65.619 37.3363 69.2204 26.3181 50.3637 61.7171 57.9828 96.6707 28.8444 85.1469 72.5411 97.0025 50.1597 62.9365 23.7697 38.1182 64.9695 104.657 81.9587 33.121 15.2971 97.1288 19.7231 
31.4267 69.1241 42.1214 73.6211 33.0179 14.2195 25.8087 71.468 47.0476 63.4123 13.0623 77.8168 14.2195 22.2627 0.0 74.629 48.909 64.5847 24.8494 79.4287 44.4009 57.8867 54.6504 72.072 34.6816 13.4853 49.7214 83.3316 77.1833 60.0273 48.382 54.2037 51.0977 69.7762 50.9977 71.5879 36.0644 56.4009 43.2099 64.6406 14.0554 41.267 50.4863 58.8516 84.408 19.7648 74.6563 60.2785 84.7399 53.7647 54.93 25.6155 45.3113 52.7068 93.3233 70.1007 37.0156 23.4391 85.9938 26.1896 
59.2794 22.0227 90.1053 38.6394 83.2073 76.7515 72.7482 81.7435 106.395 82.9699 79.6069 44.7214 78.8486 86.8917 74.629 0.0 110.121 20.5913 92.7741 50.9902 38.098 73.9797 58.6941 13.6015 74.5453 78.1143 50.9902 24.4131 18.9737 43.8634 39.3192 66.7608 109.58 63.1402 23.7697 43.1045 101.082 21.0238 62.1289 28.3019 62.6503 35.5106 62.2977 47.5395 9.84886 72.496 78.1025 32.5576 10.2956 108.437 82.0792 89.758 108.849 26.7438 81.0247 51.0392 59.0339 87.8513 78.6384 66.918 
58.258 93.4933 25.02 97.5055 54.0093 37.6431 55.9017 69.5845 4.0 58.5491 36.6197 95.1579 42.0595 41.3038 48.909 110.121 0.0 103.376 24.6982 93.1186 79.0494 89.3588 67.6831 96.8396 63.2851 46.8188 87.3282 107.424 101.548 98.9363 87.291 61.5224 5.0 83.4661 88.262 95.4724 13.0 95.192 78.1025 103.467 52.9644 80.0581 61.3922 97.0925 118.217 38.2884 76.2365 84.119 118.996 12.7279 49.163 23.6008 3.60555 87.6508 98.2497 83.7907 73.0821 27.2029 90.1998 59.9083 
48.6621 36.2353 89.1079 54.1202 68.942 66.415 58.6138 91.2688 101.319 90.0888 66.8369 59.9333 68.8042 71.7399 64.5847 20.5913 103.376 0.0 79.4148 66.2118 32.8938 54.4518 67.1193 26.9258 59.1354 68.07 32.0 43.8634 36.8782 23.4094 21.587 74.0068 105.13 74.4471 16.7631 55.2716 90.6147 9.48683 44.4072 7.81025 52.4023 23.3452 69.029 27.2029 27.6586 66.1914 89.1067 43.6807 27.4591 105.414 86.977 79.8611 99.7711 23.0217 96.0052 63.3324 42.72 78.0238 92.3492 52.7836 
38.8648 76.5623 27.2029 80.967 32.573 16.1555 32.0156 68.0 23.5372 57.9828 13.8924 85.1628 17.4642 18.4391 24.8494 92.7741 24.6982 79.4148 0.0 83.1284 59.4976 66.0076 57.5587 79.9023 40.1123 22.1359 62.6503 90.3788 84.6214 74.3962 63.2315 54.1202 27.6586 73.4759 65.8278 78.9338 11.7047 71.2311 53.7587 79.49 28.9048 56.0971 51.9711 72.4146 101.28 20.0998 73.0068 67.3257 102.059 32.0 48.2597 6.40312 21.1896 68.0991 93.9202 73.8005 48.5077 3.16228 86.0349 35.5106 
54.6097 30.0832 68.5391 12.3693 102.447 69.5041 95.8403 37.4433 89.1984 43.8634 72.6612 6.32456 83.4336 91.2866 79.4287 50.9902 93.1186 66.2118 83.1284 0.0 49.7536 107.52 25.6525 39.5601 97.9791 82.9139 87.0309 30.2655 32.249 84.8277 76.5454 32.2025 91.0846 21.6525 58.099 14.7648 86.7158 59.6825 91.6417 73.3553 82.4442 65.1836 31.777 87.7131 54.0093 63.7045 31.305 24.2588 55.0091 86.8213 48.5489 77.7814 90.6191 61.0623 30.0832 12.0416 85.9089 84.5364 28.0 90.0101 
23.2483 31.9862 63.6941 40.2447 56.2774 43.475 45.8183 62.6418 76.1353 59.4138 46.3304 44.4405 48.6205 56.6636 44.4009 38.098 79.0494 32.8938 59.4976 49.7536 0.0 57.4976 39.0 34.8618 47.957 47.8862 37.4433 46.843 40.0022 40.5216 27.8568 44.1475 79.7183 49.8292 16.1555 37.7807 67.8052 23.4094 41.6197 36.3456 32.4222 16.1555 39.0512 41.7852 47.877 40.78 62.2415 25.9708 48.2088 79.9466 55.0364 56.4815 75.5729 12.8062 74.9419 50.1538 35.8869 59.7537 69.0652 39.9881 
64.0078 82.3511 89.627 97.5799 36.1386 62.0967 34.0588 115.887 89.0898 109.253 60.4152 101.776 49.2544 48.0937 57.8867 73.9797 89.3588 54.4518 66.0076 107.52 57.4976 0.0 94.5388 74.434 26.0768 45.7056 23.0868 93.6507 85.6042 32.0156 35.1141 97.131 93.1343 107.324 54.1295 94.4537 77.0584 53.4509 16.4012 48.0416 45.4471 43.566 92.3446 28.0179 82.0366 67.6515 117.112 83.3059 81.8841 98.0051 101.723 70.2567 86.209 60.9016 132.437 107.648 23.0217 63.0 126.558 31.7805 
30.7914 37.3363 43.3244 31.9545 77.6682 44.2719 70.459 24.1868 63.7887 24.3516 47.4342 27.6918 58.6003 66.3099 54.6504 58.6941 67.6831 67.1193 57.5587 25.6525 39.0 94.5388 0.0 45.1221 82.1739 58.1356 76.3134 48.2036 44.0278 79.3788 66.8506 8.60233 65.8027 16.0 51.788 36.0499 61.0737 58.4339 78.1665 72.6915 54.8855 55.1543 6.32456 80.7775 65.192 38.3275 23.2594 26.2488 66.1287 61.8466 25.4951 52.1536 65.1153 44.3155 38.833 16.3246 71.8962 59.0339 31.8904 74.205 
46.4076 9.48683 77.2334 27.313 80.7874 63.8797 70.3282 68.3593 93.5232 69.3758 66.735 33.2415 76.2916 84.3347 72.072 13.6015 96.8396 26.9258 79.9023 39.5601 34.8618 74.434 45.1221 0.0 72.2672 75.5573 51.4657 19.3132 11.1803 47.5079 39.3573 53.1601 96.7082 38.0 21.2235 30.0167 86.71 22.0227 61.0355 34.4093 60.0933 33.1539 48.7032 50.6063 21.4009 59.6242 65.0 19.105 22.2036 95.5099 68.542 76.8862 93.551 24.1868 69.5701 38.0526 57.2341 80.1584 66.4906 64.4981 
51.3873 78.6992 64.846 88.0394 11.4018 38.4708 8.94427 96.1497 63.0317 88.094 36.2491 92.2352 24.0416 22.0227 34.6816 74.5453 63.2851 59.1354 40.1123 97.9791 47.957 26.0768 82.1739 72.2672 0.0 21.4709 30.6105 91.6837 83.4374 43.4166 37.6962 78.8853 67.0671 98.6223 51.0882 85.256 51.0098 53.9351 17.6918 55.4617 38.737 39.1152 75.1679 40.3609 84.0119 44.4185 99.3379 73.7654 84.1724 72.0625 79.6116 44.7214 60.1332 55.1453 123.735 98.9468 16.5529 37.054 114.064 10.2956 
34.912 72.6094 43.9318 77.1063 19.7231 17.0 12.53 74.9533 45.607 66.8431 14.8661 81.3021 5.0 11.4018 13.4853 78.1143 46.8188 68.07 22.1359 82.9139 47.8862 45.7056 58.1356 75.5573 21.4709 0.0 40.5143 86.8169 80.6686 52.2603 43.1811 57.6889 49.7293 73.2615 54.483 75.0732 33.8378 59.8862 32.0624 61.1756 17.5407 44.7523 53.9715 50.2786 87.8933 23.0217 78.1416 63.7637 88.2251 53.4603 58.2495 25.0799 43.3244 56.1921 96.8086 73.586 26.4764 19.6977 89.4791 14.0357 
47.4342 59.3828 81.1542 76.7417 41.7732 53.3385 33.6006 99.2607 86.1007 94.255 52.7731 81.287 45.31 48.0208 49.7214 50.9902 87.3282 32.0 62.6503 87.0309 37.4433 23.0868 76.3134 51.4657 30.6105 40.5143 0.0 70.6824 62.6359 12.8062 12.083 80.503 90.2211 87.2712 31.3847 75.0581 74.3516 30.3645 13.4164 26.4764 35.6931 21.9317 75.7166 10.0 59.3043 57.0088 99.5693 62.8173 59.2115 93.4861 88.0738 65.2785 83.8383 38.6005 112.384 87.5957 15.0 60.1671 106.508 28.3019 
57.275 15.1327 85.8039 19.3132 100.004 74.7471 89.5449 65.9242 103.942 70.3522 77.6025 24.7386 87.5512 95.5943 83.3316 24.4131 107.424 43.8634 90.3788 30.2655 46.843 93.6507 48.2036 19.3132 91.6837 86.8169 70.6824 0.0 8.24621 66.0303 58.6003 56.642 106.85 47.1461 40.4402 28.6007 97.5756 40.8167 80.2522 51.6624 77.2103 52.3706 52.7323 69.3397 24.5153 70.4916 60.7289 23.3238 25.4951 104.623 72.9776 86.6223 104.235 43.4035 59.1354 34.8855 76.4508 91.0258 58.1378 83.7147 
51.1267 8.06226 80.8084 20.025 91.9576 68.5988 81.4984 65.2616 98.1835 68.3567 71.4541 26.0768 81.4028 89.446 77.1833 18.9737 101.548 36.8782 84.6214 32.249 40.0022 85.6042 44.0278 11.1803 83.4374 80.6686 62.6359 8.24621 0.0 58.4123 50.5371 52.4661 101.257 46.2616 32.3937 26.5707 91.4291 33.0151 72.2057 44.5982 71.2635 44.3241 48.5564 61.6117 22.2036 64.3433 60.8276 18.4391 23.1948 99.4887 68.8018 80.474 98.27 35.3569 62.1691 33.9559 68.4043 84.8775 60.1332 75.6682 
53.2353 55.8659 90.2552 73.2281 54.5619 63.0635 46.0977 103.16 97.0749 99.6914 62.9365 78.6998 57.0564 60.2163 60.0273 43.8634 98.9363 23.4094 74.3962 84.8277 40.5216 32.0156 79.3788 47.5079 43.4166 52.2603 12.8062 66.0303 58.4123 0.0 13.0384 84.6463 101.125 89.1991 29.4109 76.5042 86.0917 25.4951 26.0768 16.2788 46.2385 24.5153 79.555 4.0 50.9608 65.9242 102.528 61.3742 50.6952 103.74 94.4299 75.6428 95.3386 37.4433 114.312 89.5236 27.5862 71.913 108.438 40.6079 
40.1995 47.301 77.7216 64.6599 47.8853 50.9215 38.0132 90.4434 85.4283 86.7912 51.0784 70.1316 47.9772 51.2259 48.382 39.3192 87.291 21.587 63.2315 76.5454 27.8568 35.1141 66.8506 39.3573 37.6962 43.1811 12.083 58.6003 50.5371 13.0384 0.0 71.8515 89.4707 77.2674 19.4165 64.5726 74.4465 18.4391 23.0217 18.0278 34.9857 11.7047 66.7675 13.9284 48.0104 53.3976 90.0777 52.3318 48.0 91.7606 81.3941 63.9766 83.6933 26.9072 102.38 77.592 21.1896 61.8211 96.4358 32.2025 
33.1279 45.6946 36.6742 38.5074 77.201 42.5441 70.0123 18.7883 57.5587 16.2788 45.6508 34.2448 57.6888 65.0 54.2037 66.7608 61.5224 74.0068 54.1202 32.2025 44.1475 97.131 8.60233 53.1601 78.8853 57.6889 80.503 56.642 52.4661 84.6463 71.8515 0.0 59.2284 22.5529 58.1378 44.4882 56.1427 65.0308 80.7329 79.1581 54.7131 60.1664 5.09902 85.7647 73.5391 36.2353 20.5183 34.5398 74.4648 54.7083 16.9706 48.2701 59.2115 51.0 39.9249 22.8775 74.2327 55.9732 32.2025 76.5415 
58.6941 93.2309 22.561 96.8061 58.1378 39.1152 59.4138 66.1891 4.12311 55.1453 38.4708 93.1239 45.1221 45.0444 51.0977 109.58 5.0 105.13 27.6586 91.0846 79.7183 93.1343 65.8027 96.7082 67.0671 49.7293 90.2211 106.85 101.257 101.125 89.4707 59.2284 0.0 81.4321 88.931 94.773 16.1245 95.8133 81.3941 105.395 55.1531 81.9854 59.4811 99.9854 118.086 38.9487 73.0274 83.5284 118.864 7.81025 46.0 25.4951 7.07107 87.8039 95.0474 81.7566 76.1577 30.4138 87.023 63.1506 
44.9572 41.1283 58.8867 27.9545 92.794 59.8516 85.5848 31.0 79.5459 35.2062 63.0088 23.6918 73.7811 81.6341 69.7762 63.1402 83.4661 74.4471 73.4759 21.6525 49.8292 107.324 16.0 38.0 98.6223 73.2615 87.2712 47.1461 46.2616 89.1991 77.2674 22.5529 81.4321 0.0 64.9507 20.0357 77.0634 66.5599 91.4459 80.7262 70.0114 65.6825 22.1245 91.0171 68.3699 54.0521 27.0 31.0799 69.3482 77.1688 39.0151 68.1289 80.9667 67.9139 37.1127 12.3246 85.7131 74.884 31.2389 90.6533 
32.461 29.1407 72.9068 46.4995 59.5794 52.6877 49.1203 75.9539 85.348 74.0068 53.2498 51.9712 55.2172 63.2604 50.9977 23.7697 88.262 16.7631 65.8278 58.099 16.1555 54.1295 51.788 21.2235 51.0882 54.483 31.3847 40.4402 32.3937 29.4109 19.4165 58.1378 88.931 64.9507 0.0 46.4538 77.0277 7.28011 40.2616 21.0238 39.019 12.0 53.0848 31.8904 33.5261 49.9926 74.498 34.6456 33.8378 89.1593 70.4557 65.6941 84.7855 8.06226 87.3912 54.5147 36.2215 64.22 83.5315 43.2901 
45.8785 21.095 73.6502 11.1803 94.6057 63.0027 83.1172 39.0357 91.9339 60.3788 65.7814 11.0454 75.8074 83.8506 71.5879 43.1045 95.4724 55.2716 78.9338 14.7648 37.7807 94.4537 36.0499 30.0167 85.256 75.0732 75.0581 28.6007 26.5707 76.5042 64.5726 44.4882 94.773 20.0357 46.4538 0.0 86.0104 48.063 78.9186 62.0499 69.7211 53.2108 40.5786 78.3223 48.5077 59.0907 35.0143 12.2859 49.4773 92.4695 60.8239 75.1959 92.342 49.4171 41.6773 8.06226 73.1858 79.2814 37.3363 77.287 
47.1699 83.37 22.8254 88.0436 42.4264 25.4951 43.2897 67.3573 12.0416 56.648 24.0832 88.7552 29.1204 29.0 36.0644 101.082 13.0 90.6147 11.7047 86.7158 67.8052 77.0584 61.0737 86.71 51.0098 33.8378 74.3516 97.5756 91.4291 86.0917 74.4465 56.1427 16.1245 77.0634 77.0277 86.0104 0.0 82.4309 65.307 90.6973 40.1198 67.297 55.0091 84.1159 109.588 27.2947 73.2462 74.4648 110.366 21.3776 46.8188 11.4018 9.48683 76.4067 94.921 77.3879 60.1664 14.3178 86.885 47.0744 
39.3433 30.4795 79.7891 48.0104 62.9521 59.5701 52.493 82.6187 92.2303 81.0062 58.6531 53.535 60.6205 65.619 56.4009 21.0238 95.192 9.48683 71.2311 59.6825 23.4094 53.4509 58.4339 22.0227 53.9351 59.8862 30.3645 40.8167 33.0151 25.4951 18.4391 65.0308 95.8133 66.5599 7.28011 48.063 82.4309 0.0 41.1096 14.3178 44.4072 15.6525 60.0083 28.6007 30.1496 56.875 81.0385 36.2491 30.2655 96.0972 77.6466 71.6773 91.5873 14.1421 89.0 56.1239 38.1182 69.6232 85.1406 46.6628 
47.6098 68.9527 75.326 81.6433 29.0689 47.4295 22.4722 99.4892 77.2787 93.381 46.0977 85.839 36.3456 37.3363 43.2099 62.1289 78.1025 44.4072 53.7587 91.6417 41.6197 16.4012 78.1665 61.0355 17.6918 32.0624 13.4164 80.2522 72.2057 26.0768 23.0217 80.7329 81.3941 91.4459 40.2616 78.9186 65.307 41.1096 0.0 39.5601 29.5935 28.7924 75.9465 22.8035 71.0 52.2166 100.714 67.3693 71.007 85.4751 85.8002 57.1402 74.7329 46.2385 116.559 91.7704 6.7082 50.9902 110.056 18.2483 
51.2331 43.566 91.4166 61.4003 65.8635 66.5065 56.0357 96.8762 101.41 95.0211 66.9284 67.1193 68.8601 69.2204 64.6406 28.3019 103.467 7.81025 79.49 73.3553 36.3456 48.0416 72.6915 34.4093 55.4617 61.1756 26.4764 51.6624 44.5982 16.2788 18.0278 79.1581 105.395 80.7262 21.0238 62.0499 90.6973 14.3178 39.5601 0.0 51.8556 23.7065 74.108 20.2237 34.7851 68.2933 95.211 50.3289 34.4819 107.355 91.2688 79.9527 99.8627 28.4429 102.956 70.1108 38.9102 78.0797 99.1275 50.2195 
31.6619 64.2461 46.0435 72.5046 37.0732 18.0278 29.864 72.4976 51.103 65.192 17.1172 76.7003 18.2749 26.3181 14.0554 62.6503 52.9644 52.4023 28.9048 82.4442 32.4222 45.4471 54.8855 60.0933 38.737 17.5407 35.6931 77.2103 71.2635 46.2385 34.9857 54.7131 55.1531 70.0114 39.019 69.7211 40.1198 44.4072 29.5935 51.8556 0.0 29.0689 50.8058 44.9222 72.4293 22.8035 75.2268 58.2306 72.7611 57.8201 57.2451 29.6709 49.3667 40.7281 93.5731 70.3359 23.0956 27.4945 86.2873 30.245 
29.0 41.071 68.0233 55.244 47.6968 43.0973 37.2377 78.7464 78.0008 75.1905 43.5192 59.4397 45.4865 50.3637 41.267 35.5106 80.0581 23.3452 56.0971 65.1836 16.1555 43.566 55.1543 33.1539 39.1152 44.7523 21.9317 52.3706 44.3241 24.5153 11.7047 60.1664 81.9854 65.6825 12.0 53.2108 67.297 15.6525 28.7924 23.7065 29.0689 0.0 55.0818 25.632 45.1221 44.8858 78.3901 40.97 45.3542 83.9457 70.1142 56.5434 76.4534 17.4642 90.7952 66.007 24.3311 54.7061 84.9214 31.4075 
28.3415 41.5933 37.0 38.079 73.5041 39.3954 66.2949 23.7697 57.4891 21.095 42.5441 33.8163 54.2033 61.7171 50.4863 62.2977 61.3922 69.029 51.9711 31.777 39.0512 92.3446 6.32456 48.7032 75.1679 53.9715 75.7166 52.7323 48.5564 79.555 66.7675 5.09902 59.4811 22.1245 53.0848 40.5786 55.0091 60.0083 75.9465 74.108 50.8058 55.0818 0.0 80.6807 69.3542 33.2415 24.8395 30.4138 70.2638 55.5428 20.2485 46.3897 58.8558 46.0109 42.9418 22.4491 69.4463 53.6004 35.5106 71.7551 
53.7587 58.7547 89.6772 76.1136 51.6236 62.1691 43.6005 104.357 95.865 100.47 61.8466 81.5853 55.0747 57.9828 58.8516 47.5395 97.0925 27.2029 72.4146 87.7131 41.7852 28.0179 80.7775 50.6063 40.3609 50.2786 10.0 69.3397 61.6117 4.0 13.9284 85.7647 99.9854 91.0171 31.8904 78.3223 84.1159 28.6007 22.8035 20.2237 44.9222 25.632 80.6807 0.0 54.8179 65.3758 104.0 64.2597 54.5711 102.616 94.8947 74.4672 93.6026 39.8246 116.13 91.3417 25.0 69.9314 110.256 38.2753 
67.7853 27.8568 98.6112 42.0476 92.7987 85.2574 82.3395 87.3699 114.901 89.5377 88.1128 48.0104 88.6276 96.6707 84.408 9.84886 118.217 27.6586 101.28 54.0093 47.877 82.0366 65.192 21.4009 84.0119 87.8933 59.3043 24.5153 22.2036 50.9608 48.0104 73.5391 118.086 68.3699 33.5261 48.5077 109.588 30.1496 71.0 34.7851 72.4293 45.1221 69.3542 54.8179 0.0 81.002 83.0241 39.0 1.0 116.943 89.4427 98.2639 114.929 36.5228 83.4865 56.0892 68.2642 101.536 82.0061 76.5093 
20.0 56.2842 24.3311 61.1238 41.7253 6.40312 35.5106 52.4976 35.3553 43.9318 9.43398 65.3196 21.9317 28.8444 19.7648 72.496 38.2884 66.1914 20.0998 63.7045 40.78 67.6515 38.3275 59.6242 44.4185 23.0217 57.0088 70.4916 64.3433 65.9242 53.3976 36.2353 38.9487 54.0521 49.9926 59.0907 27.2947 56.875 52.2166 68.2933 22.8035 44.8858 33.2415 65.3758 81.002 0.0 56.3028 47.4342 81.7805 39.4462 35.2278 16.1555 34.8281 49.112 76.0592 54.3766 45.7056 21.0238 68.4251 35.9544 
53.1086 56.0803 51.4782 41.4849 97.6166 62.6817 90.465 7.61577 72.2496 18.1108 65.7343 36.0555 78.0064 85.1469 74.6563 78.1025 76.2365 89.1067 73.0068 31.305 62.2415 117.112 23.2594 65.0 99.3379 78.1416 99.5693 60.7289 60.8276 102.528 90.0777 20.5183 73.0274 27.0 74.498 35.0143 73.2462 81.0385 100.714 95.211 75.2268 78.3901 24.8395 104.0 83.0241 56.3028 0.0 46.0435 84.0119 67.0671 27.074 66.8506 74.5453 82.3926 22.0227 27.074 94.2134 75.1532 14.0 96.5222 
34.2218 11.1803 62.6259 14.3178 82.0858 51.5968 71.6267 49.2544 80.6226 50.5964 54.5493 18.4391 64.498 72.5411 60.2785 32.5576 84.119 43.6807 67.3257 24.2588 25.9708 83.3059 26.2488 19.105 73.7654 63.7637 62.8173 23.3238 18.4391 61.3742 52.3318 34.5398 83.5284 31.0799 34.6456 12.2859 74.4648 36.2491 67.3693 50.3289 58.2306 40.97 30.4138 64.2597 39.0 47.4342 46.0435 0.0 39.9249 81.4002 50.6063 63.5689 80.9506 37.6088 53.2263 20.3468 61.4611 67.8249 49.3636 65.7965 
68.5639 28.7924 99.3898 43.0465 93.0102 86.036 82.551 88.3482 115.679 90.4765 88.8913 49.0102 88.9594 97.0025 84.7399 10.2956 118.996 27.4591 102.059 55.0091 48.2088 81.8841 66.1287 22.2036 84.1724 88.2251 59.2115 25.4951 23.1948 50.6952 48.0 74.4648 118.864 69.3482 33.8378 49.4773 110.366 30.2655 71.007 34.4819 72.7611 45.3542 70.2638 54.5711 1.0 81.7805 84.0119 39.9249 0.0 117.722 90.3383 99.0424 115.707 36.8546 84.4808 57.0701 68.3593 97.9622 83.006 76.7208 
58.4123 91.5478 18.868 94.5027 63.7887 40.8534 64.0078 60.0 10.2956 49.0102 40.8044 88.8606 49.163 50.1597 53.7647 108.437 12.7279 105.414 32.0 86.8213 79.9466 98.0051 61.8466 95.5099 72.0625 53.4603 93.4861 104.623 99.4887 103.74 91.7606 54.7083 7.81025 77.1688 89.1593 92.4695 21.3776 96.0972 85.4751 107.355 57.8201 83.9457 55.5428 102.616 116.943 39.4462 67.0671 81.4002 117.722 0.0 40.3113 28.4429 13.8924 86.7366 89.0225 77.4934 79.9062 35.0143 81.0555 67.2681 
41.1947 61.7738 24.5153 54.9696 76.5768 41.4005 70.7248 20.6155 45.1774 9.84886 44.0454 50.707 56.8507 62.9365 54.93 82.0792 49.163 86.977 48.2597 48.5489 55.0364 101.723 25.4951 68.542 79.6116 58.2495 88.0738 72.9776 68.8018 94.4299 81.3941 16.9706 46.0 39.0151 70.4557 60.8239 46.8188 77.6466 85.8002 91.2688 57.2451 70.1142 20.2485 94.8947 89.4427 35.2278 27.074 50.6063 90.3383 40.3113 0.0 41.8808 47.5184 64.1327 49.0918 39.3397 79.1329 50.8035 41.0488 71.1196 
35.8469 72.4148 21.095 77.229 38.0789 14.1421 36.2215 61.7171 21.4709 51.6236 13.0384 79.8207 21.0238 23.7697 25.6155 89.758 23.6008 79.8611 6.40312 77.7814 56.4815 70.2567 52.1536 76.8862 44.7214 25.0799 65.2785 86.6223 80.474 75.6428 63.9766 48.2701 25.4951 68.1289 65.6941 75.1959 11.4018 71.6773 57.1402 79.9527 29.6709 56.5434 46.3897 74.4672 98.2639 16.1555 66.8506 63.5689 99.0424 28.4429 41.8808 0.0 20.0 65.0829 87.9318 68.4535 51.4782 9.21954 80.0062 39.0128 
54.8179 90.2109 23.0868 94.3752 51.0882 34.0588 52.6118 68.0661 3.60555 57.0701 33.0151 92.6585 38.6005 38.1182 45.3113 108.849 3.60555 99.7711 21.1896 90.6191 75.5729 86.209 65.1153 93.551 60.1332 43.3244 83.8383 104.235 98.27 95.3386 83.6933 59.2115 7.07107 80.9667 84.7855 92.342 9.48683 91.5873 74.7329 99.8627 49.3667 76.4534 58.8558 93.6026 114.929 34.8281 74.5453 80.9506 115.707 13.8924 47.5184 20.0 0.0 84.1743 96.5194 81.2912 69.6419 23.7697 88.459 56.5155 
37.5789 32.1039 68.6728 49.4627 63.4668 52.0765 53.0077 68.5003 84.7368 67.0671 54.9318 54.9344 56.9264 64.9695 52.7068 26.7438 87.6508 23.0217 68.0991 61.0623 12.8062 60.9016 44.3155 24.1868 55.1453 56.1921 38.6005 43.4035 35.3569 37.4433 26.9072 51.0 87.8039 67.9139 8.06226 49.4171 76.4067 14.1421 46.2385 28.4429 40.7281 17.4642 46.0109 39.8246 36.5228 49.112 82.3926 37.6088 36.8546 86.7366 64.1327 65.0829 84.1743 0.0 90.3544 57.478 41.4849 68.3552 86.4947 47.1775 
69.5095 60.0833 73.437 42.45 116.341 82.2922 109.132 29.0689 94.2603 40.0125 85.4283 36.4005 97.1288 104.657 93.3233 81.0247 98.2497 96.0052 93.9202 30.0832 74.9419 132.437 38.833 69.5701 123.735 96.8086 112.384 59.1354 62.1691 114.312 102.38 39.9249 95.0474 37.1127 87.3912 41.6773 94.921 89.0 116.559 102.956 93.5731 90.7952 42.9418 116.13 83.4865 76.0592 22.0227 53.2263 84.4808 89.0225 49.0918 87.9318 96.5194 90.3544 0.0 34.4093 110.826 95.8593 8.06226 115.766 
45.2818 29.0172 59.2112 15.8114 93.1186 60.1762 85.9094 31.3209 79.8705 35.5307 63.3333 12.2066 74.1056 81.9587 70.1007 51.0392 83.7907 63.3324 73.8005 12.0416 50.1538 107.648 16.3246 38.0526 98.9468 73.586 87.5957 34.8855 33.9559 89.5236 77.592 22.8775 81.7566 12.3246 54.5147 8.06226 77.3879 56.1239 91.7704 70.1108 70.3359 66.007 22.4491 91.3417 56.0892 54.3766 27.074 20.3468 57.0701 77.4934 39.3397 68.4535 81.2912 57.478 34.4093 0.0 86.0377 75.2085 29.5466 90.9779 
41.1095 65.1512 69.136 75.735 27.2029 41.1228 18.6011 92.989 72.0347 86.7136 40.0 80.165 31.0483 33.121 37.0156 59.0339 73.0821 42.72 48.5077 85.9089 35.8869 23.0217 71.8962 57.2341 16.5529 26.4764 15.0 76.4508 68.4043 27.5862 21.1896 74.2327 76.1577 85.7131 36.2215 73.1858 60.1664 38.1182 6.7082 38.9102 23.0956 24.3311 69.4463 25.0 68.2642 45.7056 94.2134 61.4611 68.3593 79.9062 79.1329 51.4782 69.6419 41.4849 110.826 86.0377 0.0 45.8803 103.407 13.4164 
39.121 76.8184 30.2324 81.3145 29.4109 16.2788 29.0689 70.3278 26.3059 60.4649 13.6015 85.5103 14.8661 15.2971 23.4391 87.8513 27.2029 78.0238 3.16228 84.5364 59.7537 63.0 59.0339 80.1584 37.054 19.6977 60.1671 91.0258 84.8775 71.913 61.8211 55.9732 30.4138 74.884 64.22 79.2814 14.3178 69.6232 50.9902 78.0797 27.4945 54.7061 53.6004 69.9314 101.536 21.0238 75.1532 67.8249 97.9622 35.0143 50.8035 9.21954 23.7697 68.3552 95.8593 75.2085 45.8803 0.0 88.0227 32.7567 
62.6814 57.0701 65.3758 40.1123 109.012 74.7061 101.802 21.2132 86.209 32.0624 77.8267 34.0588 89.6939 97.1288 85.9938 78.6384 90.1998 92.3492 86.0349 28.0 69.0652 126.558 31.8904 66.4906 114.064 89.4791 106.508 58.1378 60.1332 108.438 96.4358 32.2025 87.023 31.2389 83.5315 37.3363 86.885 85.1406 110.056 99.1275 86.2873 84.9214 35.5106 110.256 82.0061 68.4251 14.0 49.3636 83.006 81.0555 41.0488 80.0062 88.459 86.4947 8.06226 29.5466 103.407 88.0227 0.0 106.095 
43.4183 70.7302 57.8705 80.0704 16.4924 30.3645 5.83095 95.2978 59.0339 79.6019 28.6356 84.2662 18.1108 19.7231 26.1896 66.918 59.9083 52.7836 35.5106 90.0101 39.9881 31.7805 74.205 64.4981 10.2956 14.0357 28.3019 83.7147 75.6682 40.6079 32.2025 76.5415 63.1506 90.6533 43.2901 77.287 47.0744 46.6628 18.2483 50.2195 30.245 31.4075 71.7551 38.2753 76.5093 35.9544 96.5222 65.7965 76.7208 67.2681 71.1196 39.0128 56.5155 47.1775 115.766 90.9779 13.4164 32.7567 106.095 0.0 
DEMAND_SCENARIO_SECTION
0 0 0 0 0 0 0 0 0 0 0 0 0 0 0 0 0 0 0 0 0 0 0 0 0 0 0 0 0 0 0 0 0 0 0 0 0 0 0 0 0 0 0 0 0 0 0 0 0 0 0 0 0 0 0 0 0 0 0 0 0 0 0 0 0 0 0 0 0 0 0 0 0 0 0 0 0 0 0 0 0 0 0 0 0 0 0 0 0 0 0 0 0 0 0 0 0 0 0 0 0 0 0 0 0 0 0 0 0 0 0 0 0 0 0 0 0 0 0 0 0 0 0 0 0 0 0 0 0 0 0 0 0 0 0 0 0 0 0 0 0 0 0 0 0 0 0 0 0 0 0 0 0 0 0 0 0 0 0 0 0 0 0 0 0 0 0 0 0 0 0 0 0 0 0 0 0 0 0 0 0 0 0 0 0 0 0 0 0 0 0 0 0 0 0 0 0 0 0 0 
3 4 2 3 3 3 3 0 4 3 3 2 3 4 3 4 3 2 4 3 6 3 4 3 4 3 2 2 3 3 1 3 2 3 3 3 4 4 4 2 3 3 4 3 2 3 2 3 2 3 3 3 3 3 4 2 3 4 2 4 5 4 3 4 3 3 2 4 5 3 3 3 2 3 3 3 2 1 4 4 4 3 3 3 3 4 3 5 2 5 1 4 2 3 3 4 5 2 4 2 3 2 3 3 4 3 2 3 2 3 2 1 3 4 3 4 3 3 4 5 4 3 2 2 2 2 2 4 5 2 3 4 4 2 3 4 2 4 3 4 4 6 2 4 4 2 2 3 3 3 3 4 2 3 1 2 4 1 1 3 2 2 3 4 4 4 3 2 1 2 4 3 3 3 3 2 4 2 2 3 3 2 2 2 2 4 3 4 3 4 2 3 4 3 3 4 2 3 3 1 
15 10 11 6 11 12 4 8 10 11 14 11 8 9 12 9 14 13 12 5 13 7 13 7 6 10 16 13 11 13 13 9 14 14 12 2 6 9 7 8 19 8 16 6 9 13 8 6 11 12 9 8 10 8 10 9 6 8 15 10 10 3 9 11 8 9 14 3 13 7 8 12 15 10 10 5 7 13 10 15 9 9 11 15 18 12 11 3 12 13 11 11 12 13 13 9 10 13 9 4 13 10 13 12 12 11 10 10 13 12 5 14 11 15 13 9 4 11 12 9 9 17 20 10 9 13 10 10 6 9 6 8 10 14 16 14 13 8 10 9 11 16 7 12 9 15 9 12 6 9 15 14 9 10 13 12 12 9 8 15 12 10 7 12 8 12 7 8 13 13 6 7 7 9 15 11 12 4 7 6 10 5 8 9 5 11 9 6 9 15 11 7 16 5 10 17 2 6 13 8 
5 11 6 7 4 10 7 6 7 6 7 5 11 7 6 6 8 9 4 9 9 5 7 8 6 8 6 7 9 6 5 10 7 13 5 6 6 7 7 8 8 7 8 7 7 12 10 5 6 7 8 8 6 9 6 6 9 10 8 6 9 5 8 7 9 2 6 10 2 7 6 6 8 7 9 6 7 8 3 5 6 6 8 9 5 5 8 10 9 8 6 6 1 4 3 9 7 6 4 8 6 9 6 5 6 7 7 10 9 9 4 7 4 10 3 8 4 7 5 3 4 7 9 6 7 6 5 8 11 8 8 6 6 8 9 9 7 9 6 10 8 9 10 6 5 8 7 8 5 8 6 6 8 5 9 7 11 11 5 6 6 7 8 5 5 8 8 8 8 7 6 9 4 8 9 3 7 6 9 8 6 9 3 3 5 6 5 8 6 9 7 7 7 9 8 10 9 3 10 7 
3 1 1 2 2 2 3 2 2 1 2 2 1 2 1 1 1 2 3 2 2 2 1 2 1 2 1 2 3 2 2 1 3 2 3 3 2 1 1 2 2 2 3 2 2 3 1 2 1 1 1 2 1 2 2 2 2 2 3 2 2 2 3 2 1 2 2 2 3 2 1 3 1 1 1 3 2 1 2 2 2 2 2 2 2 2 2 3 2 2 1 1 1 1 3 2 1 2 2 1 2 2 3 3 3 1 2 2 2 2 3 2 3 1 3 1 1 2 2 2 2 1 2 2 2 2 2 2 1 1 1 3 3 2 1 2 2 2 2 2 3 3 2 1 3 3 2 2 2 2 2 2 2 2 2 1 2 1 1 2 2 4 2 0 2 3 1 2 2 1 2 2 2 2 2 1 2 1 1 2 2 2 2 3 2 3 2 2 2 2 3 2 2 2 3 2 3 2 2 1 
2 2 2 2 2 3 2 3 2 2 2 2 1 2 1 2 3 1 1 3 2 1 2 2 2 1 2 2 2 2 2 3 2 2 3 1 2 2 2 1 3 3 1 2 1 1 2 2 2 1 2 1 1 1 2 2 3 3 2 2 2 3 3 3 2 2 2 1 2 3 2 1 1 2 2 2 1 3 3 1 3 1 3 2 3 1 2 2 2 1 1 2 3 3 1 2 2 2 1 3 3 2 3 2 2 2 1 2 1 1 3 2 2 2 3 3 1 3 2 2 3 1 1 4 3 1 1 3 0 1 2 2 1 3 1 2 2 2 1 2 2 3 2 1 3 3 2 2 2 2 2 3 2 2 3 2 2 3 2 1 3 2 0 2 1 2 1 2 3 2 2 2 1 3 3 2 3 2 2 3 1 2 2 1 2 1 3 1 1 3 1 1 2 2 3 2 2 1 2 2 
8 13 6 7 11 9 7 11 12 2 13 10 13 12 9 12 9 14 10 10 13 13 6 7 11 10 11 14 12 4 9 9 11 12 10 13 9 8 5 6 10 13 13 5 12 11 7 8 6 11 8 7 10 8 7 9 13 5 9 8 18 14 10 10 8 9 13 4 11 10 8 11 7 9 8 12 11 5 12 9 13 11 8 8 2 9 11 8 9 9 8 13 4 12 11 9 7 11 18 10 16 19 9 13 14 11 13 7 8 7 7 7 10 8 11 7 13 10 6 16 12 12 13 10 12 8 11 6 14 4 11 6 6 9 9 6 8 6 11 9 13 9 8 10 10 6 11 9 11 13 8 7 14 13 8 12 13 5 7 10 9 12 9 15 14 6 12 14 10 9 16 6 10 17 17 10 11 15 8 7 10 8 13 11 13 9 8 12 7 15 11 11 18 11 6 11 5 7 9 8 
3 2 2 2 3 2 1 4 5 5 2 4 4 1 2 4 3 3 3 5 4 3 6 3 2 5 3 4 4 4 5 3 3 3 2 5 1 2 2 5 3 2 4 5 4 3 2 4 2 2 2 3 3 3 2 5 3 3 4 2 5 2 3 3 4 2 3 3 3 3 3 2 3 3 3 4 3 4 4 1 3 4 2 4 2 5 4 4 3 5 3 5 4 3 2 2 2 1 4 2 4 4 4 2 3 2 4 3 3 4 2 3 3 4 3 2 2 1 3 4 3 3 2 5 3 2 3 4 3 2 2 3 4 5 3 5 3 2 2 5 4 2 4 4 3 4 2 2 3 2 3 3 3 3 3 3 2 4 2 3 3 4 4 3 3 3 2 3 3 4 4 3 3 3 3 1 2 4 3 3 3 2 3 2 1 2 4 3 3 4 3 4 1 4 4 4 2 2 4 3 
6 5 5 6 5 2 10 5 4 5 7 7 5 6 5 2 6 6 7 6 1 11 6 7 5 5 7 7 5 5 5 6 7 4 6 6 3 6 7 7 5 11 4 4 5 11 7 4 9 5 5 6 7 2 7 7 10 8 6 8 11 3 5 5 5 7 5 3 5 8 7 6 5 8 3 6 9 5 9 6 5 5 4 9 7 4 6 9 8 11 7 7 3 10 9 12 5 4 7 5 7 5 4 13 7 6 5 6 4 7 4 6 9 6 4 8 7 9 8 4 3 5 2 5 5 8 6 8 7 8 6 1 8 7 5 4 6 4 3 9 5 8 7 5 6 7 3 5 4 6 3 6 6 5 8 3 3 7 6 7 5 5 8 11 5 4 5 5 6 8 8 4 7 6 6 5 5 6 10 9 3 4 7 9 8 3 1 8 4 7 6 2 4 5 8 8 6 8 3 4 
1 0 3 2 2 2 1 3 2 1 3 3 2 2 1 2 2 2 1 2 2 2 1 3 2 2 2 3 2 2 2 2 2 2 1 1 2 1 1 2 3 1 3 2 2 4 2 1 2 2 2 2 2 2 2 1 3 1 2 2 2 3 2 1 1 2 2 1 1 2 2 2 1 2 1 2 3 3 1 2 2 2 2 1 1 2 3 3 2 3 2 2 2 2 2 2 1 2 2 2 2 3 3 2 3 2 3 2 2 3 2 2 3 2 3 3 2 1 2 1 3 2 3 1 2 1 2 3 3 1 3 2 2 2 1 3 2 2 1 2 3 1 3 1 2 1 1 2 2 2 2 2 2 2 3 2 2 2 3 3 0 2 3 2 2 2 2 3 3 1 2 2 3 2 2 3 2 2 2 1 1 3 1 2 2 2 2 1 2 3 2 2 2 2 3 2 2 3 3 2 
9 5 5 7 6 8 10 6 5 5 7 10 7 4 4 11 7 4 12 7 4 5 10 6 9 8 7 8 9 8 7 6 10 9 13 10 7 5 8 7 3 1 7 4 10 6 7 5 2 9 4 6 7 7 12 13 4 9 7 5 6 6 7 4 6 8 7 10 4 14 7 4 7 5 9 7 1 9 6 7 6 9 5 7 7 6 8 6 6 4 10 9 9 5 8 6 8 7 6 11 8 10 7 7 8 7 9 10 7 9 5 4 9 7 10 7 8 9 9 5 5 11 10 5 8 5 4 9 4 4 5 8 10 10 7 10 9 6 7 7 11 4 6 3 4 9 10 7 5 6 7 5 11 10 8 5 6 5 8 8 8 3 7 4 5 1 11 9 7 6 7 7 8 6 6 6 5 5 6 6 6 5 6 8 9 6 7 7 8 13 7 6 10 6 5 6 6 9 6 5 
2 3 4 3 2 3 2 4 2 4 2 5 3 4 3 5 2 3 4 4 2 3 4 3 3 3 3 4 4 3 4 3 2 3 4 2 4 3 2 2 3 2 3 0 3 3 4 2 3 3 2 3 2 2 2 2 2 1 2 3 2 3 3 2 4 3 2 2 2 3 5 2 4 2 3 2 4 3 2 4 2 4 5 4 4 4 3 3 3 2 5 3 5 3 2 3 4 3 6 4 2 2 2 3 2 2 3 4 2 3 4 4 3 3 4 4 1 4 2 3 2 2 3 2 2 2 4 3 2 2 5 3 4 4 3 2 5 1 4 4 3 2 6 2 2 4 4 4 3 4 3 2 4 4 3 3 3 3 3 3 2 2 4 1 2 3 3 1 3 3 5 2 2 2 5 3 2 4 2 3 4 4 3 4 3 4 3 3 3 3 2 3 4 2 2 2 2 3 3 2 
3 3 3 5 5 4 6 4 5 4 6 7 3 4 4 3 4 2 7 4 4 4 3 4 4 2 3 5 5 5 3 5 5 5 4 5 6 4 6 4 3 1 4 4 4 8 4 5 4 2 1 6 3 1 4 6 4 4 4 5 1 3 1 4 5 4 2 5 5 3 4 4 1 5 3 4 3 4 4 6 3 5 2 3 3 5 3 2 3 4 5 6 6 5 5 4 5 5 7 5 3 4 5 4 4 5 4 5 4 6 5 4 5 5 4 4 4 5 5 3 5 5 5 5 4 2 4 4 4 3 2 5 3 5 5 6 6 5 4 4 3 1 4 5 4 4 5 3 2 3 4 5 6 4 6 5 2 0 3 5 6 5 5 6 3 3 6 3 4 4 4 3 5 3 1 6 5 3 6 5 4 4 3 3 5 4 3 5 3 3 5 4 6 5 4 7 2 6 6 4 
3 3 3 3 4 7 4 5 4 4 6 5 4 3 3 3 4 2 4 3 5 6 6 4 4 4 3 5 3 6 4 4 4 5 5 4 4 4 4 4 3 3 4 2 4 6 2 4 1 6 5 0 5 5 4 4 5 5 3 5 4 4 3 4 5 4 6 6 2 6 6 7 2 1 4 7 5 6 5 3 4 4 6 6 4 3 3 3 4 4 5 3 3 3 4 4 6 5 4 3 4 5 5 1 5 2 3 3 3 5 1 5 6 3 4 5 6 6 4 5 5 4 5 3 4 6 4 5 7 6 5 3 3 3 6 3 5 5 5 3 4 4 4 5 3 5 3 5 5 4 6 3 5 5 3 5 4 5 3 4 4 4 7 5 6 4 5 4 5 6 5 3 3 4 3 3 4 4 4 2 4 5 7 5 6 6 6 3 4 4 4 4 4 5 3 5 5 5 5 4 
7 8 9 11 4 8 11 9 9 7 9 9 10 7 5 6 12 3 5 8 8 6 7 7 6 9 2 8 6 8 6 7 7 8 3 6 10 12 7 5 7 6 1 7 5 6 7 7 12 8 9 9 8 4 9 7 9 9 6 5 4 7 5 5 5 5 1 8 2 6 7 9 6 7 12 7 7 12 6 5 8 9 3 5 6 2 7 13 4 10 9 7 8 11 7 7 3 7 6 7 7 5 10 0 7 10 7 4 7 8 8 5 7 4 7 7 7 9 11 9 7 5 4 11 10 9 7 9 6 8 8 9 6 5 9 8 9 6 9 7 9 8 7 4 4 2 10 13 2 5 10 3 7 6 8 5 9 6 8 0 4 5 4 6 8 8 8 5 10 4 7 5 13 6 5 7 8 9 5 4 10 5 3 11 3 12 11 9 8 7 7 7 5 9 5 6 9 4 10 11 
3 4 3 3 3 2 3 5 3 3 3 4 2 2 3 2 1 2 5 5 3 3 3 4 4 2 3 4 3 2 3 3 4 2 3 4 2 1 1 4 3 1 4 1 5 2 2 2 1 1 3 3 4 3 3 3 3 3 4 2 4 2 3 2 2 2 3 2 4 3 2 4 2 3 4 2 5 2 2 2 4 3 2 3 3 2 3 4 2 2 2 3 3 4 2 3 2 3 3 4 3 3 3 4 3 3 3 3 2 5 5 3 2 2 6 4 4 4 2 4 2 3 3 2 4 2 4 4 4 3 1 2 2 4 3 1 4 1 4 2 3 2 3 2 4 1 3 3 4 4 4 1 4 4 3 3 4 3 4 4 3 5 4 3 4 4 2 3 2 3 3 3 4 6 3 3 3 4 1 3 1 2 2 1 3 2 2 3 2 2 1 2 2 2 2 3 3 1 5 2 
2 5 1 4 6 3 8 1 5 5 5 5 3 4 5 3 5 3 4 3 4 2 3 1 4 5 3 6 3 3 5 3 3 5 6 4 2 5 3 5 4 4 5 3 4 3 5 3 5 5 3 3 4 4 4 3 4 4 4 6 6 6 4 3 5 3 3 3 3 5 3 3 4 2 6 3 3 4 4 6 3 4 3 3 2 2 4 3 6 4 2 5 5 3 2 6 7 7 4 3 6 7 4 6 5 5 4 4 5 3 4 6 5 5 6 3 2 4 5 6 4 3 4 3 3 5 3 3 5 3 5 3 6 3 3 7 5 3 5 3 5 5 4 3 3 4 4 3 1 3 2 5 4 5 4 3 4 4 5 3 4 3 4 6 1 2 5 4 6 2 5 3 4 4 5 4 4 5 7 5 7 4 3 3 7 4 4 3 2 3 4 3 4 4 5 6 3 5 5 4 
8 11 6 6 7 9 9 11 8 6 11 8 9 12 6 8 9 5 8 7 10 11 10 11 6 8 7 10 4 5 9 11 8 9 8 10 3 5 4 7 10 15 8 9 7 6 9 6 6 11 10 8 6 9 9 4 8 6 9 10 8 6 7 8 6 15 3 10 9 12 5 3 9 6 7 4 8 7 12 7 7 7 12 7 7 10 7 11 11 8 8 7 12 6 9 12 11 6 11 12 6 7 9 8 6 6 7 12 9 7 6 7 12 4 6 6 10 10 5 7 8 7 8 9 10 12 5 12 11 7 9 11 12 5 10 8 10 10 10 5 13 6 6 6 1 5 10 14 7 7 8 9 8 6 8 6 10 4 7 5 7 8 10 7 4 6 2 10 6 13 6 8 9 12 9 9 6 6 7 3 10 9 6 5 8 3 5 10 6 9 9 8 6 8 7 5 6 9 10 7 
3 4 5 7 3 1 6 4 4 5 3 4 3 4 5 6 5 5 5 5 7 6 5 4 2 2 6 4 6 2 2 3 4 6 6 3 6 3 4 6 3 5 3 4 4 4 1 7 2 4 3 5 4 3 5 4 2 3 5 6 6 6 4 4 5 2 3 7 6 1 5 4 6 5 4 3 3 2 5 3 3 4 3 5 4 4 4 5 3 4 5 3 5 4 3 5 3 4 7 4 5 3 5 5 3 3 5 5 3 1 5 4 3 0 6 5 5 3 3 5 4 2 3 4 6 3 2 4 4 3 2 3 3 2 4 2 3 5 5 3 1 5 5 5 4 2 5 2 5 2 3 4 4 4 5 4 5 4 5 4 4 6 3 5 3 6 5 2 5 5 2 3 2 4 5 5 6 4 3 4 5 4 0 3 4 3 6 2 4 1 5 7 4 2 4 5 5 5 5 3 
2 2 3 1 1 1 2 3 3 2 2 2 1 3 3 3 2 2 2 2 2 1 2 2 2 2 2 1 3 3 3 2 1 3 2 2 3 2 2 2 2 2 1 3 2 2 2 1 2 3 1 3 1 3 2 2 2 1 3 1 2 1 3 2 2 3 3 1 2 1 3 3 2 2 3 1 3 3 2 3 2 3 3 1 3 2 1 2 2 2 1 2 1 3 2 2 2 1 3 2 1 2 1 3 1 2 2 3 1 2 2 2 2 2 3 1 2 1 2 3 2 2 2 2 3 2 3 3 3 3 1 2 3 2 2 2 2 2 2 3 2 1 2 2 2 2 2 1 2 2 2 2 1 3 0 2 3 3 1 2 3 1 1 2 1 2 1 2 2 2 2 3 2 2 2 2 2 1 2 2 1 3 3 2 2 0 2 2 3 0 2 1 1 3 2 2 2 3 1 3 
6 7 7 7 6 8 9 10 6 5 5 7 6 9 6 9 8 5 6 6 10 10 6 4 3 8 5 7 8 5 5 12 9 2 3 7 3 8 6 5 6 5 9 7 7 10 8 6 5 8 7 3 5 5 4 4 8 6 5 8 4 7 5 5 5 4 10 5 5 7 7 7 9 6 6 5 7 4 5 5 6 11 5 5 4 6 5 6 3 6 8 7 5 9 6 3 6 2 6 9 6 7 9 9 3 6 6 6 6 8 5 3 5 3 7 7 9 0 5 7 8 7 7 8 7 5 6 5 6 7 6 3 2 7 8 7 3 7 6 5 8 9 5 7 4 2 6 6 6 3 7 7 5 4 6 7 6 5 6 4 6 7 5 8 4 6 4 3 7 6 4 5 4 3 6 8 6 8 8 5 6 6 7 10 5 8 3 4 5 7 7 5 8 10 5 7 6 6 8 4 
14 7 14 12 5 9 10 13 0 6 9 10 11 5 6 10 9 11 13 9 5 11 4 11 7 1 10 7 9 8 9 11 9 9 8 11 9 7 10 8 9 7 8 9 10 14 12 10 7 10 8 10 6 7 4 15 5 6 11 3 10 4 12 3 9 6 14 15 8 8 9 6 13 8 6 8 12 9 9 5 10 9 11 12 7 3 10 6 7 8 8 10 11 8 10 10 12 10 11 11 13 10 6 8 8 11 6 12 12 4 5 6 8 13 7 14 0 11 10 11 11 7 3 6 3 13 9 8 10 6 13 9 10 7 10 7 7 17 6 1 9 8 8 8 9 3 10 11 4 11 10 12 7 5 7 11 12 4 13 10 11 8 2 13 12 9 6 8 9 11 7 7 10 14 9 8 4 6 14 13 10 12 7 8 8 7 9 8 7 10 12 9 9 14 2 10 8 13 9 10 
7 5 4 6 4 6 3 8 4 9 8 7 4 4 5 3 6 6 6 4 6 3 3 5 2 2 5 2 5 5 5 7 7 4 5 5 4 4 6 5 5 5 4 5 1 6 3 5 7 5 4 5 5 6 6 4 6 2 1 5 4 6 5 3 4 7 6 5 8 8 7 5 3 5 7 2 6 6 7 6 6 3 3 6 4 7 5 3 8 4 5 3 5 2 5 6 6 5 5 7 4 3 7 4 5 6 3 7 5 4 4 6 5 8 4 6 5 7 4 6 5 5 6 5 4 7 5 7 4 7 5 6 7 6 5 6 6 5 4 6 4 7 3 6 5 2 4 7 6 2 1 6 5 4 2 2 6 3 4 2 4 5 5 8 5 3 5 6 6 8 5 5 5 5 5 3 6 3 6 6 5 6 5 5 7 6 7 8 4 8 2 5 4 3 2 4 4 7 4 6 
