NAME  : Jabali_60_4_0.82_1_1
TYPE : SVRP
MODEL : FINITE_SUPPORT
NUMBER_OF_SCENARIOS : 200
DIMENSION : 60
EDGE_WEIGHT_TYPE : MATRIX
CAPACITY : 102
N_VEHICLES : 4
NODE_COORD_SECTION
1 3674 4903
2 6498 2790
3 5079 1032
4 2490 3505
5 2894 6320
6 6414 1140
7 1995 7847
8 4027 3188
9 6287 4176
10 9246 6027
11 7032 5860
12 2501 5584
13 3048 4848
14 6116 3709
15 3302 7231
16 1852 5313
17 7674 5137
18 2761 7690
19 1188 5629
20 1945 2307
21 4871 2375
22 6914 2328
23 2849 2391
24 306 4838
25 2075 5824
26 2481 6558
27 7846 5914
28 1286 4512
29 4834 6333
30 1664 4750
31 5256 3772
32 3948 905
33 1758 5820
34 27 2967
35 1679 5260
36 6009 4082
37 4469 3213
38 1733 7365
39 5768 4226
40 31 4093
41 6124 5815
42 5911 3991
43 5394 755
44 6802 4914
45 1972 5516
46 3261 2427
47 4983 6481
48 6825 3797
49 2836 7042
50 5912 1904
51 3903 5462
52 8028 5804
53 3772 7994
54 5123 1891
55 5967 4327
56 2661 8748
57 4710 3398
58 7138 7026
59 5717 18
60 3515 6249
DEMAND_SECTION
1 0.0
2 8.0
3 7.0
4 2.0
5 6.0
6 1.0
7 3.0
8 1.0
9 6.0
10 7.0
11 3.0
12 6.0
13 6.0
14 4.0
15 1.0
16 10.0
17 3.0
18 5.0
19 5.0
20 9.0
21 1.0
22 6.0
23 9.0
24 3.0
25 2.0
26 9.0
27 5.0
28 4.0
29 7.0
30 7.0
31 7.0
32 10.0
33 10.0
34 5.0
35 2.0
36 10.0
37 3.0
38 9.0
39 10.0
40 5.0
41 4.0
42 3.0
43 7.0
44 8.0
45 2.0
46 6.0
47 4.0
48 4.0
49 10.0
50 2.0
51 10.0
52 7.0
53 4.0
54 9.0
55 4.0
56 10.0
57 10.0
58 4.0
59 10.0
60 2.0
DEVIATION_SECTION
1 0.0
2 2.66667
3 2.33333
4 0.666667
5 2.0
6 0.333333
7 1.0
8 0.333333
9 2.0
10 2.33333
11 1.0
12 2.0
13 2.0
14 1.33333
15 0.333333
16 3.33333
17 1.0
18 1.66667
19 1.66667
20 3.0
21 0.333333
22 2.0
23 3.0
24 1.0
25 0.666667
26 3.0
27 1.66667
28 1.33333
29 2.33333
30 2.33333
31 2.33333
32 3.33333
33 3.33333
34 1.66667
35 0.666667
36 3.33333
37 1.0
38 3.0
39 3.33333
40 1.66667
41 1.33333
42 1.0
43 2.33333
44 2.66667
45 0.666667
46 2.0
47 1.33333
48 1.33333
49 3.33333
50 0.666667
51 3.33333
52 2.33333
53 1.33333
54 3.0
55 1.33333
56 3.33333
57 3.33333
58 1.33333
59 3.33333
60 0.666667
DISTANCE_MATRIX
0.0 50.4893 55.9017 23.8293 21.6333 61.291 44.9444 23.6008 36.0624 78.5221 48.7091 18.0278 8.60233 35.2012 31.4006 25.5585 56.633 38.8973 33.2125 43.3528 37.6431 57.1857 36.3456 45.8567 24.0 26.8328 59.6686 34.5093 24.0416 28.4938 26.4764 54.7083 27.074 56.7802 24.6098 32.6231 24.8395 41.6293 30.4239 53.3267 37.344 32.0831 60.3075 46.9602 23.4046 34.2053 25.9615 43.4377 30.4795 49.209 8.0 61.3323 41.1461 44.8219 32.6231 53.0754 24.6982 56.062 71.0634 18.0278 
50.4893 0.0 30.0666 55.9924 68.5966 24.8395 92.5402 34.1803 17.6251 58.8727 40.3113 68.2982 58.3502 17.6251 76.4319 76.0472 35.5106 85.0228 83.7012 59.5539 20.6143 11.1803 47.4157 87.3887 74.3575 74.5533 45.2769 74.9276 54.6149 78.9825 28.019 40.5912 77.6132 86.207 75.0985 19.2357 29.4286 89.1069 22.2083 87.338 38.3918 19.4775 31.7805 27.2947 73.8933 42.4853 53.4302 14.3178 77.2429 14.8661 51.3128 45.5412 79.6337 20.3999 21.2152 98.4328 28.2683 55.9081 40.3113 63.4165 
55.9017 30.0666 0.0 49.3847 77.3369 17.8045 100.444 33.0151 45.7224 87.0976 70.3518 71.9361 60.8288 39.5162 87.0 78.9133 65.123 94.7945 86.5673 46.2709 18.4391 29.4109 36.0555 80.604 77.7255 82.0707 75.06 68.149 77.246 70.6188 36.2491 15.8114 80.4793 74.4312 77.9646 43.1741 31.1127 96.6262 43.9659 79.2275 66.4831 42.2019 5.09902 57.3278 76.7594 32.3883 76.0612 44.0114 86.3713 16.2788 61.6198 75.1665 95.4254 11.6619 45.607 108.894 32.0156 85.8996 15.6525 73.5527 
23.8293 55.9924 49.3847 0.0 37.3363 62.0 57.7653 22.8885 53.7955 101.77 74.8096 27.2947 18.1108 51.4004 50.0 33.1405 76.7696 55.0364 35.4849 20.0 36.1448 60.6234 16.4018 33.7624 31.9528 39.8246 84.7114 21.3012 47.7374 23.7711 40.609 41.0555 34.7065 36.2353 32.1918 50.2769 28.7065 52.7754 48.1393 34.2053 63.6003 49.5982 54.4773 64.595 30.9866 17.53 49.6346 60.547 46.6154 51.2709 31.4041 85.6785 61.3922 42.0135 50.3719 69.3181 31.9258 85.235 64.7746 38.3275 
21.6333 68.5966 77.3369 37.3363 0.0 82.8325 23.3238 44.5533 56.0075 85.5741 56.1869 11.0 20.2485 55.1463 13.0384 19.9249 66.6497 18.0278 24.4131 56.5155 59.203 75.2931 53.5562 39.4462 13.4164 6.0 67.1315 31.4006 27.313 26.0192 47.1699 75.1858 16.6433 59.9083 20.3961 52.5682 46.4004 20.6155 50.369 48.3322 44.6913 52.0282 81.8352 57.9479 16.7631 53.8848 28.178 63.3828 9.43398 70.7505 18.4391 69.0502 25.0 66.4003 52.5682 32.45 46.3249 58.6003 92.6175 8.544 
61.291 24.8395 17.8045 62.0 82.8325 0.0 106.15 41.7732 41.1873 74.1687 62.6259 78.339 67.2317 41.1873 90.9586 85.3162 54.9181 99.3281 92.9703 62.0967 26.1725 17.72 50.8035 93.3963 84.0502 88.1229 64.9384 80.9352 78.177 88.2516 37.5022 33.6006 86.8823 90.0278 84.3675 42.7979 37.6431 102.89 45.7705 93.1343 61.954 43.0397 15.0 50.1597 83.1624 46.3897 76.9923 35.4683 91.2589 12.083 65.5016 64.6297 98.4443 20.025 44.7774 112.96 36.7696 78.4347 18.0 77.7063 
44.9444 92.5402 100.444 57.7653 23.3238 106.15 0.0 67.6274 78.9535 100.663 72.4431 30.4795 42.45 78.0922 19.0263 34.0147 83.0918 10.4403 32.5576 74.8745 82.4197 99.2367 74.1136 46.0 27.7849 18.4391 83.0241 45.5412 45.0111 42.4853 70.2638 98.2541 28.2312 70.1783 35.7771 75.5142 69.6348 7.0 73.315 56.0 61.1333 74.9741 105.0 74.39 31.7648 74.9559 45.0111 86.3287 15.5242 94.0681 41.2311 85.0 23.8537 89.627 75.5142 15.1327 69.6419 70.8378 115.802 29.4109 
23.6008 34.1803 33.0151 22.8885 44.5533 41.7732 67.6274 0.0 32.2025 80.4487 55.0731 39.1198 28.0126 29.0 55.0 46.0971 55.4707 62.2896 53.7511 30.6105 15.8114 38.8114 19.2354 54.2849 44.9093 49.2545 63.5295 41.8237 42.5793 49.0324 18.4391 31.305 47.6631 54.2033 45.1484 28.6007 5.83095 63.8099 26.9258 54.2341 45.8912 27.8029 37.7359 43.4166 43.9432 14.8661 44.5533 38.3406 53.7587 30.1496 30.4138 64.4981 64.4981 22.8473 29.1548 76.5768 9.21954 67.6831 48.5489 41.6173 
36.0624 17.6251 45.7224 53.7955 56.0075 41.1873 78.9535 32.2025 0.0 48.2597 25.02 54.7119 43.5036 6.32456 62.0256 61.4881 23.3238 70.959 69.1421 62.8013 31.257 24.3216 51.3128 81.7862 60.7714 61.7817 31.9531 72.7307 37.6159 64.4234 13.8924 54.231 63.0514 85.1548 60.5394 3.60555 26.9258 76.6038 5.83095 85.6347 21.4709 4.47214 49.3832 12.1655 59.3342 46.6476 36.4312 9.05539 63.6562 32.3648 37.7261 32.6956 62.6348 35.0571 4.12311 80.4668 23.3238 40.1995 57.6135 49.8298 
78.5221 58.8727 87.0976 101.77 85.5741 74.1687 100.663 80.4487 48.2597 0.0 30.0167 91.8732 86.8181 52.3574 82.0061 101.72 25.0 90.2441 108.368 111.018 77.9685 57.8705 99.5691 122.28 97.1285 91.0033 18.868 110.932 58.5813 104.917 62.1289 99.2975 100.726 134.448 101.033 51.8652 75.1665 102.489 53.6004 131.167 42.5441 52.6972 87.1321 37.5366 98.9353 94.8736 57.3966 44.7772 87.2812 70.8308 74.879 17.2047 78.6384 79.0569 51.4004 96.3328 71.5612 31.0 92.1358 77.1112 
48.7091 40.3113 70.3518 74.8096 56.1869 62.6259 72.4431 55.0731 25.02 30.0167 0.0 62.4859 57.0051 31.0161 53.4603 72.3327 12.083 62.2013 78.9809 85.5438 56.2228 44.9444 74.3065 92.8926 67.7413 61.6161 11.1803 81.5452 29.1941 75.5297 37.855 79.2275 71.3389 104.635 71.6457 28.1603 50.2933 73.5459 28.6356 100.363 12.53 29.1548 72.0069 13.0384 69.5481 69.8231 28.0093 27.2029 58.2495 54.9181 45.4917 13.0 52.2398 60.0083 26.4764 70.3491 46.8402 15.8114 79.8123 47.724 
18.0278 68.2982 71.9361 27.2947 11.0 78.339 30.4795 39.1198 54.7119 91.8732 62.4859 0.0 12.53 53.2279 24.0208 10.0 74.3002 27.8568 16.6433 46.0555 53.9357 74.9947 43.6508 30.4795 6.08276 12.53 73.4306 20.6155 33.3017 15.0333 44.4072 69.7465 9.48683 49.3356 9.84886 50.6499 41.1906 25.6125 48.4507 38.5876 50.9903 50.1098 76.4924 64.6273 7.07107 44.779 34.6554 61.4644 19.6469 66.2619 19.3132 75.3492 36.0 61.1466 51.2727 42.0476 41.5723 65.7647 87.295 16.1245 
8.60233 58.3502 60.8288 18.1108 20.2485 67.2317 42.45 28.0126 43.5036 86.8181 57.0051 12.53 0.0 42.6008 32.311 18.9208 64.929 38.2753 26.5748 38.0526 42.8285 63.351 33.9628 39.219 17.72 24.0416 67.9645 27.8716 31.305 21.8561 33.4565 58.6393 20.4868 49.0961 17.9721 40.0643 30.0833 38.0132 37.8651 46.689 45.64 39.5242 65.3852 55.2561 16.7669 37.3383 33.1059 50.8788 29.6816 55.1546 14.7648 69.6282 43.4166 50.0394 40.0643 52.6972 30.465 63.6224 76.1877 20.2237 
35.2012 17.6251 39.5162 51.4004 55.1463 41.1873 78.0922 29.0 6.32456 52.3574 31.0161 53.2279 42.6008 0.0 61.984 60.6268 27.8568 70.5748 68.2808 59.4643 25.7099 24.3216 47.634 82.7968 59.1908 60.9204 37.108 70.3356 43.8551 63.5622 10.8167 48.5077 62.1901 82.7597 59.6781 5.0 23.3452 75.7426 7.61577 83.2396 27.7308 4.47214 49.3832 18.0 58.4729 42.8019 42.6704 9.57116 62.795 32.3648 36.8649 37.6431 68.8739 29.0 7.81025 83.9849 19.799 46.3897 57.6135 48.9686 
31.4006 76.4319 87.0 50.0 13.0384 90.9586 19.0263 55.0 62.0256 82.0061 53.4603 24.0208 32.311 61.984 0.0 32.3883 64.0666 9.21954 35.4683 69.4262 68.593 83.1284 66.1101 50.6952 25.4951 13.9284 64.1327 44.1814 26.0768 39.0 54.2022 85.9826 28.1603 72.3671 33.1361 59.4059 55.9017 20.6155 57.2067 60.0833 42.1082 58.8659 91.2195 55.3648 29.2746 64.7098 26.0 68.4269 6.40312 78.8337 25.4951 66.0984 12.0416 75.6637 59.4059 22.0227 55.1725 52.8015 101.863 13.4536 
25.5585 76.0472 78.9133 33.1405 19.9249 85.3162 34.0147 46.0971 61.4881 101.72 72.3327 10.0 18.9208 60.6268 32.3883 0.0 82.1243 34.2345 8.06226 40.864 60.9129 80.905 43.8749 20.5183 7.0 19.0 83.2774 12.0416 43.1393 8.60233 51.541 74.1426 5.83095 40.025 2.23607 58.0488 48.1678 27.7849 55.8496 28.6531 60.8371 57.5087 83.4696 72.4515 3.16228 50.617 44.5533 68.8633 27.0185 73.2391 28.3019 85.196 44.4072 68.1239 58.0488 47.5395 48.5495 75.6637 94.2722 26.0768 
56.633 35.5106 65.123 76.7696 66.6497 54.9181 83.0918 55.4707 23.3238 25.0 12.083 74.3002 64.929 27.8568 64.0666 82.1243 0.0 73.0 89.616 86.0233 53.4926 37.3363 74.6257 102.422 80.3596 72.0789 10.0499 96.3744 39.6569 85.0597 37.2156 76.1014 83.5588 108.129 81.1756 26.9258 50.2494 84.01 28.6007 109.278 22.0227 27.7849 66.0076 12.8062 79.9444 69.9714 38.4721 21.2132 68.7131 49.0102 57.3143 10.0499 63.7887 55.91 26.4008 81.8841 46.6476 25.6125 72.6911 58.1868 
38.8973 85.0228 94.7945 55.0364 18.0278 99.3281 10.4403 62.2896 70.959 90.2441 62.2013 27.8568 38.2753 70.5748 9.21954 34.2345 73.0 0.0 35.2278 73.8347 76.4853 91.7193 71.3351 50.01 27.2947 15.5242 72.6911 46.2709 35.2278 41.9762 62.793 92.953 29.0172 73.171 35.5106 67.9968 63.7024 14.1421 65.7976 59.8415 51.0098 67.4567 99.1564 64.2982 31.4006 71.652 35.0571 77.3603 8.60233 87.2462 33.8378 74.6726 14.1421 83.6301 67.9968 14.4222 63.2535 60.407 109.877 21.6333 
33.2125 83.7012 86.5673 35.4849 24.4131 92.9703 32.5576 53.7511 69.1421 108.368 78.9809 16.6433 26.5748 68.2808 35.4683 8.06226 89.616 35.2278 0.0 44.2041 68.567 88.5591 47.3426 15.2315 11.3137 21.5407 89.9255 14.2127 49.8197 14.3178 59.195 72.8377 7.81025 38.0132 10.0 65.7028 55.8219 25.7099 63.5036 24.7386 67.4853 65.1628 91.1237 79.9431 9.84886 50.0447 51.0882 76.5173 29.4109 80.8931 35.7771 91.8442 47.1275 75.7779 65.7028 47.1699 56.2035 82.134 101.926 31.8277 
43.3528 59.5539 46.2709 20.0 56.5155 62.0967 74.8745 30.6105 62.8013 111.018 85.5438 46.0555 38.0526 59.4643 69.4262 40.864 86.0233 73.8347 44.2041 0.0 38.9487 64.1849 12.2066 39.1152 47.4514 58.5745 93.981 30.0 67.082 32.6178 49.0408 33.2415 46.6492 28.1603 39.2221 59.203 36.1248 68.5496 57.4282 34.7851 74.4648 58.4123 51.1566 73.8646 43.3352 17.2047 69.0519 68.8799 65.5368 53.3104 51.2927 94.9482 81.0494 42.72 59.6406 88.0679 39.6989 96.2081 60.0333 58.2151 
37.6431 20.6143 18.4391 36.1448 59.203 26.1725 82.4197 15.8114 31.257 77.9685 56.2228 53.9357 42.8285 25.7099 68.593 60.9129 53.4926 76.4853 68.567 38.9487 0.0 25.2389 26.8328 67.5412 59.7252 64.0703 62.8172 55.08 59.7401 63.8483 19.2354 23.0217 62.479 65.7875 59.9642 28.0713 12.8062 78.6258 28.0179 67.4759 50.4275 27.074 22.6716 43.4166 58.7591 21.9317 58.5554 35.1822 68.1175 15.1327 43.1856 63.3248 77.0065 7.2111 30.0 90.5207 13.6015 71.0 33.4215 55.1543 
57.1857 11.1803 29.4109 60.6234 75.2931 17.72 99.2367 38.8114 24.3216 57.8705 44.9444 74.9947 63.351 24.3216 83.1284 80.905 37.3363 91.7193 88.5591 64.1849 25.2389 0.0 52.0467 92.0198 79.7019 81.2498 47.3814 79.5586 61.2702 83.8404 34.7155 43.0465 82.4711 90.8381 79.9563 25.9322 34.0597 95.8034 28.9048 91.969 45.0 26.174 29.2746 32.6497 78.7512 47.1163 60.0855 17.8885 83.9394 13.4164 58.0093 47.1699 86.2891 23.4307 27.9117 105.129 32.8994 60.7454 35.3553 70.113 
36.3456 47.4157 36.0555 16.4018 53.5562 50.8035 74.1136 19.2354 51.3128 99.5691 74.3065 43.6508 33.9628 47.634 66.1101 43.8749 74.6257 71.3351 47.3426 12.2066 26.8328 52.0467 0.0 45.2217 48.3011 56.179 82.7647 33.1589 59.0339 35.6287 37.4433 25.4951 51.0549 39.2938 48.5401 47.7074 24.4131 69.1237 46.1411 43.1856 64.56 46.8722 41.1096 62.6498 47.335 5.0 61.0328 57.1086 62.8799 41.4367 44.2832 83.7257 76.8156 31.0483 48.3735 85.6446 28.0179 86.4002 50.8035 53.432 
45.8567 87.3887 80.604 33.7624 39.4462 93.3963 46.0 54.2849 81.7862 122.28 92.8926 30.4795 39.219 82.7968 50.6952 20.5183 102.422 50.01 15.2315 39.1152 67.5412 92.0198 45.2217 0.0 26.0768 36.7696 103.837 15.2971 63.6396 20.6155 72.0053 70.5762 22.8254 24.5153 21.2603 78.347 60.1029 39.0 76.1478 10.0 81.397 80.9946 85.703 92.7496 23.4307 48.2701 65.0692 91.9434 44.5982 82.6673 48.6001 107.122 62.2977 73.4099 78.347 61.0328 63.3222 96.1769 95.8019 46.4004 
24.0 74.3575 77.7255 31.9528 13.4164 84.0502 27.7849 44.9093 60.7714 97.1285 67.7413 6.08276 17.72 59.1908 25.4951 7.0 80.3596 27.2947 11.3137 47.4514 59.7252 79.7019 48.3011 26.0768 0.0 12.0 78.686 19.0263 38.6005 14.8661 50.2494 72.9548 3.60555 46.8722 8.24621 56.6127 46.9018 22.0227 54.4135 34.9285 56.2457 56.0727 82.2819 70.6868 4.12311 49.4293 39.8246 67.4273 20.025 71.9731 25.2982 80.6046 37.4833 66.9361 56.6127 40.8044 47.2835 70.8378 93.0844 20.5183 
26.8328 74.5533 82.0707 39.8246 6.0 88.1229 18.4391 49.2545 61.7817 91.0033 61.6161 12.53 24.0416 60.9204 13.9284 19.0 72.0789 15.5242 21.5407 58.5745 64.0703 81.2498 56.179 36.7696 12.0 0.0 72.5607 31.0161 32.8938 26.4764 52.811 79.8812 14.3178 58.6941 20.0998 58.3424 51.3128 14.8661 56.1432 46.1736 50.1205 57.8024 86.6271 63.3771 16.0312 57.3072 33.6155 69.1569 8.06226 76.0409 24.3311 74.4794 25.7099 71.2811 58.3424 29.5466 51.4782 63.5138 97.4166 14.3178 
59.6686 45.2769 75.06 84.7114 67.1315 64.9384 83.0241 63.5295 31.9531 18.868 11.1803 73.4306 67.9645 37.108 64.1327 83.2774 10.0499 72.6911 89.9255 93.981 62.8172 47.3814 82.7647 103.837 78.686 72.5607 0.0 92.4899 40.1387 86.4744 45.6946 85.5298 82.2836 115.594 82.5904 35.4683 58.6003 84.4038 36.6742 111.307 23.7065 36.4005 76.0263 20.1246 80.4927 78.2624 38.954 31.0644 69.1231 59.0 56.4364 2.0 62.0 65.6553 34.4384 80.025 55.0364 18.0278 82.7345 58.6687 
34.5093 74.9276 68.149 21.3012 31.4006 80.9352 45.5412 41.8237 72.7307 110.932 81.5452 20.6155 27.8716 70.3356 44.1814 12.0416 96.3744 46.2709 14.2127 30.0 55.08 79.5586 33.1589 15.2971 19.0263 31.0161 92.4899 0.0 52.3554 6.40312 59.5442 58.654 17.4642 28.7924 11.0454 69.2121 47.6417 39.0 67.0745 19.8494 70.0496 68.5334 73.2477 86.7016 15.0 35.861 53.8531 79.4822 39.0 70.2061 37.2527 95.7744 56.2228 60.9487 69.307 59.439 50.861 84.913 83.3978 36.4005 
24.0416 54.6149 77.246 47.7374 27.313 78.177 45.0111 42.5793 37.6159 58.5813 29.1941 33.3017 31.305 43.8551 26.0768 43.1393 39.6569 35.2278 49.8197 67.082 59.7401 61.2702 59.0339 63.6396 38.6005 32.8938 40.1387 52.3554 0.0 46.3399 40.9997 73.2071 42.2019 80.3783 42.45 39.5068 41.0116 45.3982 42.9307 71.1727 17.6984 40.4479 80.4365 30.9551 40.3609 56.0357 2.0 44.0172 30.1496 66.3469 16.5529 42.0574 28.6531 65.6652 36.9784 45.8803 39.264 32.5576 90.3513 18.7883 
28.4938 78.9825 70.6188 23.7711 26.0192 88.2516 42.4853 49.0324 64.4234 104.917 75.5297 15.0333 21.8561 63.5622 39.0 8.60233 85.0597 41.9762 14.3178 32.6178 63.8483 83.8404 35.6287 20.6155 14.8661 26.4764 86.4744 6.40312 46.3399 0.0 54.4763 61.1238 14.4222 34.9285 6.7082 60.9841 51.1032 36.3593 58.7849 26.1725 64.0341 60.4441 75.7176 75.3868 10.7703 38.3308 47.8376 71.7987 34.2345 76.1745 31.2373 89.7589 51.0098 71.0592 60.9841 55.6597 51.4849 78.8975 85.8676 30.3971 
26.4764 28.019 36.2491 40.609 47.1699 37.5022 70.2638 18.4391 13.8924 62.1289 37.855 44.4072 33.4565 10.8167 54.2022 51.541 37.2156 62.793 59.195 49.0408 19.2354 34.7155 37.4433 72.0053 50.2494 52.811 45.6946 59.5442 40.9997 54.4763 0.0 42.0476 53.0848 71.9683 50.5923 10.2956 13.0384 67.6757 9.21954 72.4482 31.2336 9.43398 39.4462 25.632 49.3871 32.7567 39.815 19.9651 55.0091 25.4203 29.0689 46.5188 61.6878 24.6982 11.4018 76.203 9.43398 52.0865 49.4065 41.1868 
54.7083 40.5912 15.8114 41.0555 75.1858 33.6006 98.2541 31.305 54.231 99.2975 79.2275 69.7465 58.6393 48.5077 85.9826 74.1426 76.1014 92.953 72.8377 33.2415 23.0217 43.0465 25.4951 70.5762 72.9548 79.8812 85.5298 58.654 73.2071 61.1238 42.0476 0.0 75.7086 61.0082 73.1939 51.0882 32.28 93.7775 51.0 67.6831 73.2765 50.0899 19.6977 66.3702 71.9887 23.6008 75.1717 54.906 84.3989 29.6816 61.7171 86.0146 95.7706 20.2485 53.0094 107.291 34.7131 94.0053 27.074 72.7186 
27.074 77.6132 80.4793 34.7065 16.6433 86.8823 28.2312 47.6631 63.0514 100.726 71.3389 9.48683 20.4868 62.1901 28.1603 5.83095 83.5588 29.0172 7.81025 46.6492 62.479 82.4711 51.0549 22.8254 3.60555 14.3178 82.2836 17.4642 42.2019 14.4222 53.0848 75.7086 0.0 44.4072 7.81025 59.6121 49.7338 21.9545 57.4129 31.9531 59.8433 59.0721 85.0357 73.886 4.47214 52.1831 43.4166 70.4266 22.3607 74.8051 28.7924 84.2022 40.025 69.6899 59.6121 41.9762 50.1155 74.411 95.8382 24.0416 
56.7802 86.207 74.4312 36.2353 59.9083 90.0278 70.1783 54.2033 85.1548 134.448 104.635 49.3356 49.0961 82.7597 72.3671 40.025 108.129 73.171 38.0132 28.1603 65.7875 90.8381 39.2938 24.5153 46.8722 58.6941 115.594 28.7924 80.3783 34.9285 71.9683 61.0082 44.4072 0.0 39.5601 81.6362 60.0333 63.1981 79.4986 14.8661 93.4347 80.9575 79.3095 95.9543 43.1741 43.9659 82.1952 91.9063 66.7533 80.6536 63.8254 117.258 84.3445 70.342 81.7312 85.0529 63.2851 112.777 88.0057 65.192 
24.6098 75.0985 77.9646 32.1918 20.3961 84.3675 35.7771 45.1484 60.5394 101.033 71.6457 9.84886 17.9721 59.6781 33.1361 2.23607 81.1756 35.5106 10.0 39.2221 59.9642 79.9563 48.5401 21.2603 8.24621 20.0998 82.5904 11.0454 42.45 6.7082 50.5923 73.1939 7.81025 39.5601 0.0 57.1001 47.2191 29.6816 54.9009 28.8444 60.1501 56.56 82.521 71.5028 4.12311 49.6683 43.9318 67.9146 28.0179 72.2904 27.3532 85.8749 45.1774 67.1752 57.1001 49.0408 47.6008 75.0067 93.3235 25.9422 
32.6231 19.2357 43.1741 50.2769 52.5682 42.7979 75.5142 28.6007 3.60555 51.8652 28.1603 50.6499 40.0643 5.0 59.4059 58.0488 26.9258 67.9968 65.7028 59.203 28.0713 25.9322 47.7074 78.347 56.6127 58.3424 35.4683 69.2121 39.5068 60.9841 10.2956 51.0882 59.6121 81.6362 57.1001 0.0 23.3238 73.1646 3.0 82.1161 23.4094 1.0 45.7014 15.5242 55.8949 43.0465 38.3221 11.1803 60.217 31.3855 34.2868 36.2491 64.5257 32.249 2.82843 82.3577 19.7231 43.0465 55.3925 46.3906 
24.8395 29.4286 31.1127 28.7065 46.4004 37.6431 69.6348 5.83095 26.9258 75.1665 50.2933 41.1906 30.0833 23.3452 55.9017 48.1678 50.2494 63.7024 55.8219 36.1248 12.8062 34.0597 24.4131 60.1029 46.9018 51.3128 58.6003 47.6417 41.0116 51.1032 13.0384 32.28 49.7338 60.0333 47.2191 23.3238 0.0 65.8635 21.9317 60.0521 42.19 22.4722 35.4683 38.4838 46.014 19.7231 42.9762 32.7577 55.3173 25.7099 30.6105 59.4811 64.6375 20.0 24.1661 77.7817 3.60555 63.8345 46.2277 42.45 
41.6293 89.1069 96.6262 52.7754 20.6155 102.89 7.0 63.8099 76.6038 102.489 73.5459 25.6125 38.0132 75.7426 20.6155 27.7849 84.01 14.1421 25.7099 68.5496 78.6258 95.8034 69.1237 39.0 22.0227 14.8661 84.4038 39.0 45.3982 36.3593 67.6757 93.7775 21.9545 63.1981 29.6816 73.1646 65.8635 0.0 70.9654 49.0 62.0516 72.6245 101.183 75.3082 25.807 70.2519 45.7056 83.9791 15.2971 90.8083 39.0512 86.3481 28.2843 85.8367 73.1646 22.0907 66.1891 73.4098 111.985 28.0713 
30.4239 22.2083 43.9659 48.1393 50.369 45.7705 73.315 26.9258 5.83095 53.6004 28.6356 48.4507 37.8651 7.61577 57.2067 55.8496 28.6007 65.7976 63.5036 57.4282 28.0179 28.9048 46.1411 76.1478 54.4135 56.1432 36.6742 67.0745 42.9307 58.7849 9.21954 51.0 57.4129 79.4986 54.9009 3.0 21.9317 70.9654 0.0 79.9785 22.5788 3.16228 46.6299 16.5529 53.6957 41.5933 41.746 14.1421 58.0178 32.314 32.0876 37.5899 67.9495 32.7567 2.23607 79.2076 18.3848 43.0116 56.321 44.1914 
53.3267 87.338 79.2275 34.2053 48.3322 93.1343 56.0 54.2341 85.6347 131.167 100.363 38.5876 46.689 83.2396 60.0833 28.6531 109.278 59.8415 24.7386 34.7851 67.4759 91.969 43.1856 10.0 34.9285 46.1736 111.307 19.8494 71.1727 26.1725 72.4482 67.6831 31.9531 14.8661 28.8444 82.1161 60.0521 49.0 79.9785 0.0 88.867 81.4374 84.2912 99.6056 31.7648 47.0106 72.6704 92.3862 54.1202 82.6075 56.0701 114.592 71.8401 73.1095 82.2111 71.0282 63.765 103.73 93.9042 54.7083 
37.344 38.3918 66.4831 63.6003 44.6913 61.954 61.1333 45.8912 21.4709 42.5441 12.53 50.9903 45.64 27.7308 42.1082 60.8371 22.0227 51.0098 67.4853 74.4648 50.4275 45.0 64.56 81.397 56.2457 50.1205 23.7065 70.0496 17.6984 64.0341 31.2336 73.2765 59.8433 93.4347 60.1501 23.4094 42.19 62.0516 22.5788 88.867 0.0 24.3516 69.0592 13.8924 58.0525 60.6383 16.5137 27.5862 46.7547 53.1315 33.9961 25.4951 42.45 55.3351 20.8806 60.4152 39.0512 21.8403 78.3802 36.2284 
32.0831 19.4775 42.2019 49.5982 52.0282 43.0397 74.9741 27.8029 4.47214 52.6972 29.1548 50.1098 39.5242 4.47214 58.8659 57.5087 27.7849 67.4567 65.1628 58.4123 27.074 26.174 46.8722 80.9946 56.0727 57.8024 36.4005 68.5334 40.4479 60.4441 9.43398 50.0899 59.0721 80.9575 56.56 1.0 22.4722 72.6245 3.16228 81.4374 24.3516 0.0 44.7352 16.4924 55.3549 42.19 39.2632 11.4236 59.6769 30.4193 33.7468 37.1618 65.4668 31.257 3.60555 80.8668 18.868 44.0454 54.4263 45.8505 
60.3075 31.7805 5.09902 54.4773 81.8352 15.0 105.0 37.7359 49.3832 87.1321 72.0069 76.4924 65.3852 49.3832 91.2195 83.4696 66.0076 99.1564 91.1237 51.1566 22.6716 29.2746 41.1096 85.703 82.2819 86.6271 76.0263 73.2477 80.4365 75.7176 39.4462 19.6977 85.0357 79.3095 82.521 45.7014 35.4683 101.183 46.6299 84.2912 69.0592 44.7352 0.0 59.0339 81.3158 37.4833 79.2518 45.1774 90.7855 17.1172 65.7647 76.0 99.3579 15.5563 48.1805 113.172 36.0694 87.6641 10.8167 77.7946 
46.9602 27.2947 57.3278 64.595 57.9479 50.1597 74.39 43.4166 12.1655 37.5366 13.0384 64.6273 55.2561 18.0 55.3648 72.4515 12.8062 64.2982 79.9431 73.8646 43.4166 32.6497 62.6498 92.7496 70.6868 63.3771 20.1246 86.7016 30.9551 75.3868 25.632 66.3702 73.886 95.9543 71.5028 15.5242 38.4838 75.3082 16.5529 99.6056 13.8924 16.4924 59.0339 0.0 70.2715 58.1378 29.7704 14.7648 60.0113 41.9762 47.6415 21.095 55.9732 47.0 14.3178 73.806 34.9285 28.6356 67.0522 49.485 
23.4046 73.8933 76.7594 30.9866 16.7631 83.1624 31.7648 43.9432 59.3342 98.9353 69.5481 7.07107 16.7669 58.4729 29.2746 3.16228 79.9444 31.4006 9.84886 43.3352 58.7591 78.7512 47.335 23.4307 4.12311 16.0312 80.4927 15.0 40.3609 10.7703 49.3871 71.9887 4.47214 43.1741 4.12311 55.8949 46.014 25.807 53.6957 31.7648 58.0525 55.3549 81.3158 70.2715 0.0 48.4632 41.7253 66.7094 24.0 71.0852 25.9422 82.4114 41.3038 65.97 55.8949 44.9222 46.3957 72.8354 92.1183 23.0217 
34.2053 42.4853 32.3883 17.53 53.8848 46.3897 74.9559 14.8661 46.6476 94.8736 69.8231 44.779 37.3383 42.8019 64.7098 50.617 69.9714 71.652 50.0447 17.2047 21.9317 47.1163 5.0 48.2701 49.4293 57.3072 78.2624 35.861 56.0357 38.3308 32.7567 23.6008 52.1831 43.9659 49.6683 43.0465 19.7231 70.2519 41.5933 47.0106 60.6383 42.19 37.4833 58.1378 48.4632 0.0 58.0345 52.3007 63.0979 36.6879 41.9762 79.177 75.0344 26.4764 43.8292 85.9901 23.3238 82.4621 47.5395 51.6508 
25.9615 53.4302 76.0612 49.6346 28.178 76.9923 45.0111 44.5533 36.4312 57.3966 28.0093 34.6554 33.1059 42.6704 26.0 44.5533 38.4721 35.0571 51.0882 69.0519 58.5554 60.0855 61.0328 65.0692 39.8246 33.6155 38.954 53.8531 2.0 47.8376 39.815 75.1717 43.4166 82.1952 43.9318 38.3221 42.9762 45.7056 41.746 72.6704 16.5137 39.2632 79.2518 29.7704 41.7253 58.0345 0.0 42.8324 30.4138 65.1622 18.3848 40.8727 27.7308 64.4805 35.7937 45.2217 45.7032 31.1127 89.1666 19.7231 
43.4377 14.3178 44.0114 60.547 63.3828 35.4683 86.3287 38.3406 9.05539 44.7772 27.2029 61.4644 50.8788 9.57116 68.4269 68.8633 21.2132 77.3603 76.5173 68.8799 35.1822 17.8885 57.1086 91.9434 67.4273 69.1569 31.0644 79.4822 44.0172 71.7987 19.9651 54.906 70.4266 91.9063 67.9146 11.1803 32.7577 83.9791 14.1421 92.3862 27.5862 11.4236 45.1774 14.7648 66.7094 52.3007 42.8324 0.0 71.0315 28.0713 45.1014 31.257 69.036 34.7131 13.0 86.868 29.1822 43.0116 52.6308 57.2051 
30.4795 77.2429 86.3713 46.6154 9.43398 91.2589 15.5242 53.7587 63.6562 87.2812 58.2495 19.6469 29.6816 62.795 6.40312 27.0185 68.7131 8.60233 29.4109 65.5368 68.1175 83.9394 62.8799 44.5982 20.025 8.06226 69.1231 39.0 30.1496 34.2345 55.0091 84.3989 22.3607 66.7533 28.0179 60.217 55.3173 15.2971 58.0178 54.1202 46.7547 59.6769 90.7855 60.0113 24.0 63.0979 30.4138 71.0315 0.0 79.1769 25.9422 71.0634 17.72 75.2861 60.217 23.0217 55.0 58.5918 101.533 13.9284 
49.209 14.8661 16.2788 51.2709 70.7505 12.083 94.0681 30.1496 32.3648 70.8308 54.9181 66.2619 55.1546 32.3648 78.8337 73.2391 49.0102 87.2462 80.8931 53.3104 15.1327 13.4164 41.4367 82.6673 71.9731 76.0409 59.0 70.2061 66.3469 76.1745 25.4203 29.6816 74.8051 80.6536 72.2904 31.3855 25.7099 90.8083 32.314 82.6075 53.1315 30.4193 17.1172 41.9762 71.0852 36.6879 65.1622 28.0713 79.1769 0.0 53.4197 59.0339 86.3624 10.8167 33.8646 100.878 24.6982 70.6116 25.4951 65.6244 
8.0 51.3128 61.6198 31.4041 18.4391 65.5016 41.2311 30.4138 37.7261 74.879 45.4917 19.3132 14.7648 36.8649 25.4951 28.3019 57.3143 33.8378 35.7771 51.2927 43.1856 58.0093 44.2832 48.6001 25.2982 24.3311 56.4364 37.2527 16.5529 31.2373 29.0689 61.7171 28.7924 63.8254 27.3532 34.2868 30.6105 39.0512 32.0876 56.0701 33.9961 33.7468 65.7647 47.6415 25.9422 41.9762 18.3848 45.1014 25.9422 53.4197 0.0 62.0136 34.1321 50.2096 34.2868 47.5079 29.6985 48.8617 76.3806 12.2066 
61.3323 45.5412 75.1665 85.6785 69.0502 64.6297 85.0 64.4981 32.6956 17.2047 13.0 75.3492 69.6282 37.6431 66.0984 85.196 10.0499 74.6726 91.8442 94.9482 63.3248 47.1699 83.7257 107.122 80.6046 74.4794 2.0 95.7744 42.0574 89.7589 46.5188 86.0146 84.2022 117.258 85.8749 36.2491 59.4811 86.3481 37.5899 114.592 25.4951 37.1618 76.0 21.095 82.4114 79.177 40.8727 31.257 71.0634 59.0339 62.0136 0.0 64.0 65.9381 35.3553 82.0244 55.9017 19.7231 82.4924 60.5873 
41.1461 79.6337 95.4254 61.3922 25.0 98.4443 23.8537 64.4981 62.6348 78.6384 52.2398 36.0 43.4166 68.8739 12.0416 44.4072 63.7887 14.1421 47.1275 81.0494 77.0065 86.2891 76.8156 62.2977 37.4833 25.7099 62.0 56.2228 28.6531 51.0098 61.6878 95.7706 40.025 84.3445 45.1774 64.5257 64.6375 28.2843 67.9495 71.8401 42.45 65.4668 99.3579 55.9732 41.3038 75.0344 27.7308 69.036 17.72 86.3624 34.1321 64.0 0.0 83.8689 61.9972 18.1108 63.4114 48.0521 109.803 23.4094 
44.8219 20.3999 11.6619 42.0135 66.4003 20.025 89.627 22.8473 35.0571 79.0569 60.0083 61.1466 50.0394 29.0 75.6637 68.1239 55.91 83.6301 75.7779 42.72 7.2111 23.4307 31.0483 73.4099 66.9361 71.2811 65.6553 60.9487 65.6652 71.0592 24.6982 20.2485 69.6899 70.342 67.1752 32.249 20.0 85.8367 32.7567 73.1095 55.3351 31.257 15.5563 47.0 65.97 26.4764 64.4805 34.7131 75.2861 10.8167 50.2096 65.9381 83.8689 0.0 34.5254 97.6217 20.5183 75.2396 26.2488 62.2415 
32.6231 21.2152 45.607 50.3719 52.5682 44.7774 75.5142 29.1548 4.12311 51.4004 26.4764 51.2727 40.0643 7.81025 59.4059 58.0488 26.4008 67.9968 65.7028 59.6406 30.0 27.9117 48.3735 78.347 56.6127 58.3424 34.4384 69.307 36.9784 60.9841 11.4018 53.0094 59.6121 81.7312 57.1001 2.82843 24.1661 73.1646 2.23607 82.2111 20.8806 3.60555 48.1805 14.3178 55.8949 43.8292 35.7937 13.0 60.217 33.8646 34.2868 35.3553 61.9972 34.5254 0.0 79.8292 20.6155 41.0 57.8716 46.3906 
53.0754 98.4328 108.894 69.3181 32.45 112.96 15.1327 76.5768 80.4668 96.3328 70.3491 42.0476 52.6972 83.9849 22.0227 47.5395 81.8841 14.4222 47.1699 88.0679 90.5207 105.129 85.6446 61.0328 40.8044 29.5466 80.025 59.439 45.8803 55.6597 76.203 107.291 41.9762 85.0529 49.0408 82.3577 77.7817 22.0907 79.2076 71.0282 60.4152 80.8668 113.172 73.806 44.9222 85.9901 45.2217 86.868 23.0217 100.878 47.5079 82.0244 18.1108 97.6217 79.8292 0.0 77.1557 65.4905 123.843 35.3836 
24.6982 28.2683 32.0156 31.9258 46.3249 36.7696 69.6419 9.21954 23.3238 71.5612 46.8402 41.5723 30.465 19.799 55.1725 48.5495 46.6476 63.2535 56.2035 39.6989 13.6015 32.8994 28.0179 63.3222 47.2835 51.4782 55.0364 50.861 39.264 51.4849 9.43398 34.7131 50.1155 63.2851 47.6008 19.7231 3.60555 66.1891 18.3848 63.765 39.0512 18.868 36.0694 34.9285 46.3957 23.3238 45.7032 29.1822 55.0 24.6982 29.6985 55.9017 63.4114 20.5183 20.6155 77.1557 0.0 60.629 46.6905 41.7732 
56.062 55.9081 85.8996 85.235 58.6003 78.4347 70.8378 67.6831 40.1995 31.0 15.8114 65.7647 63.6224 46.3897 52.8015 75.6637 25.6125 60.407 82.134 96.2081 71.0 60.7454 86.4002 96.1769 70.8378 63.5138 18.0278 84.913 32.5576 78.8975 52.0865 94.0053 74.411 112.777 75.0067 43.0465 63.8345 73.4098 43.0116 103.73 21.8403 44.0454 87.6641 28.6356 72.8354 82.4621 31.1127 43.0116 58.5918 70.6116 48.8617 19.7231 48.0521 75.2396 41.0 65.4905 60.629 0.0 95.6033 50.448 
71.0634 40.3113 15.6525 64.7746 92.6175 18.0 115.802 48.5489 57.6135 92.1358 79.8123 87.295 76.1877 57.6135 101.863 94.2722 72.6911 109.877 101.926 60.0333 33.4215 35.3553 50.8035 95.8019 93.0844 97.4166 82.7345 83.3978 90.3513 85.8676 49.4065 27.074 95.8382 88.0057 93.3235 55.3925 46.2277 111.985 56.321 93.9042 78.3802 54.4263 10.8167 67.0522 92.1183 47.5395 89.1666 52.6308 101.533 25.4951 76.3806 82.4924 109.803 26.2488 57.8716 123.843 46.6905 95.6033 0.0 88.459 
18.0278 63.4165 73.5527 38.3275 8.544 77.7063 29.4109 41.6173 49.8298 77.1112 47.724 16.1245 20.2237 48.9686 13.4536 26.0768 58.1868 21.6333 31.8277 58.2151 55.1543 70.113 53.432 46.4004 20.5183 14.3178 58.6687 36.4005 18.7883 30.3971 41.1868 72.7186 24.0416 65.192 25.9422 46.3906 42.45 28.0713 44.1914 54.7083 36.2284 45.8505 77.7946 49.485 23.0217 51.6508 19.7231 57.2051 13.9284 65.6244 12.2066 60.5873 23.4094 62.2415 46.3906 35.3836 41.7732 50.448 88.459 0.0 
DEMAND_SCENARIO_SECTION
0 0 0 0 0 0 0 0 0 0 0 0 0 0 0 0 0 0 0 0 0 0 0 0 0 0 0 0 0 0 0 0 0 0 0 0 0 0 0 0 0 0 0 0 0 0 0 0 0 0 0 0 0 0 0 0 0 0 0 0 0 0 0 0 0 0 0 0 0 0 0 0 0 0 0 0 0 0 0 0 0 0 0 0 0 0 0 0 0 0 0 0 0 0 0 0 0 0 0 0 0 0 0 0 0 0 0 0 0 0 0 0 0 0 0 0 0 0 0 0 0 0 0 0 0 0 0 0 0 0 0 0 0 0 0 0 0 0 0 0 0 0 0 0 0 0 0 0 0 0 0 0 0 0 0 0 0 0 0 0 0 0 0 0 0 0 0 0 0 0 0 0 0 0 0 0 0 0 0 0 0 0 0 0 0 0 0 0 0 0 0 0 0 0 0 0 0 0 0 0 
4 6 8 10 4 10 2 10 6 12 10 4 10 13 12 7 11 4 6 6 5 12 15 10 14 13 9 7 4 9 4 12 3 6 6 8 10 4 5 12 10 8 2 6 10 6 7 11 10 12 4 7 6 11 9 5 10 6 9 7 8 11 10 8 6 11 6 12 10 11 8 8 12 6 5 10 9 6 8 3 7 10 5 10 4 11 7 5 8 8 6 5 7 6 9 12 13 11 11 8 10 10 9 11 10 11 7 10 12 9 2 10 2 8 7 5 6 8 8 7 4 6 7 9 12 12 7 10 11 6 6 12 6 10 5 9 12 10 10 11 7 9 9 14 11 5 10 13 11 6 8 8 10 8 8 10 8 1 11 10 9 11 7 10 6 9 9 9 7 11 15 15 1 7 7 9 7 5 6 7 6 4 13 6 12 13 10 10 8 5 5 8 6 9 15 6 6 8 7 8 
6 7 6 4 8 8 11 6 8 9 5 5 8 7 4 5 8 5 9 8 7 7 5 8 8 4 7 7 10 2 8 4 5 10 4 5 7 6 10 5 8 4 9 8 9 6 5 11 9 3 6 8 3 7 6 8 6 3 7 9 9 5 8 3 8 6 11 6 4 10 8 7 3 1 11 8 5 7 10 6 9 4 5 8 6 8 5 4 8 11 6 8 6 6 4 6 8 9 2 8 4 6 9 6 10 11 8 7 5 5 5 7 6 6 3 5 3 11 6 11 5 9 8 5 7 5 5 8 5 8 6 8 6 4 10 8 9 7 9 10 5 3 11 13 3 12 9 4 8 9 8 7 4 4 6 10 8 8 6 10 3 6 7 11 9 6 9 4 11 7 3 11 10 3 3 6 10 13 11 6 8 7 8 6 6 11 4 11 5 4 4 9 4 5 6 2 5 7 6 11 
2 3 2 3 2 2 2 1 1 2 2 2 2 2 2 2 2 2 3 1 2 3 1 1 2 2 3 2 2 1 3 2 2 3 1 1 3 3 2 1 2 2 3 1 2 2 2 2 3 3 1 2 3 2 2 2 2 3 2 1 1 1 2 1 2 2 2 2 1 2 1 3 2 2 2 2 1 0 1 2 1 1 2 1 2 2 1 3 2 2 2 2 2 2 3 2 2 2 2 2 2 2 2 2 2 2 2 2 3 3 2 1 2 1 2 2 2 1 1 1 1 3 2 1 0 2 2 2 3 1 1 1 2 1 2 2 1 2 2 2 1 0 2 1 2 2 2 3 2 2 2 2 2 2 1 2 3 2 2 3 1 2 2 3 2 1 2 2 3 2 1 2 3 1 3 3 2 2 3 2 2 3 2 2 2 3 1 3 1 1 1 3 1 2 2 3 2 1 3 2 
8 8 8 8 10 7 7 10 5 5 5 7 10 11 8 9 7 5 7 6 6 8 6 10 7 7 7 7 7 8 8 5 3 5 7 8 8 5 8 8 4 2 8 8 6 4 8 7 10 9 6 9 5 5 5 4 3 5 8 7 4 5 7 7 7 4 7 6 4 8 6 9 2 8 4 4 8 6 9 7 5 3 8 8 7 4 7 6 7 9 6 10 5 6 3 9 4 6 8 6 8 6 5 2 6 9 6 9 5 10 7 7 5 1 8 2 5 4 6 5 10 0 3 6 4 11 8 6 6 4 3 8 5 4 9 4 7 6 7 4 6 6 5 8 11 5 4 7 4 3 4 8 3 8 6 5 6 6 2 8 6 11 7 4 0 5 6 7 7 8 8 7 6 4 6 7 4 6 7 11 7 6 6 6 5 3 5 4 4 7 6 3 7 5 6 4 3 3 7 7 
1 2 1 1 2 1 1 1 1 1 1 1 1 1 1 1 1 1 0 1 1 1 2 1 1 1 0 1 1 1 1 1 1 1 1 1 1 1 1 1 1 1 1 1 1 1 1 1 1 2 1 1 0 1 1 1 1 1 1 0 1 1 1 1 1 1 1 1 2 1 1 1 1 1 1 0 1 1 1 1 1 1 1 1 1 1 1 1 1 1 1 1 2 1 1 1 1 2 1 1 1 1 1 1 0 1 1 1 1 0 1 1 0 1 1 1 2 1 1 1 2 1 1 1 1 1 1 0 1 1 0 1 1 1 2 0 1 1 1 1 1 1 1 1 1 1 1 1 1 1 0 1 1 1 1 1 1 1 1 1 1 1 1 1 0 2 1 1 1 1 1 1 1 1 1 1 1 2 1 1 1 1 1 1 0 1 1 1 1 1 1 1 1 1 1 1 1 1 1 1 
3 2 3 4 4 3 3 4 2 2 4 2 1 2 3 2 4 2 3 4 3 4 2 2 4 3 2 3 2 2 2 2 3 0 4 4 3 3 4 3 2 3 3 3 4 2 2 3 2 3 3 3 2 4 3 4 3 3 2 3 3 3 2 3 3 5 3 4 4 2 4 4 2 4 4 5 3 3 3 4 2 4 4 4 4 3 2 3 3 3 3 4 2 2 3 4 2 5 3 4 5 2 1 3 4 3 3 3 3 5 3 3 3 3 4 3 3 4 3 4 4 2 4 1 1 4 3 1 2 3 3 2 3 3 3 2 4 3 4 4 4 2 5 4 2 2 4 2 2 2 3 4 5 4 2 3 3 2 4 3 2 1 5 2 2 4 3 3 3 3 3 3 4 3 3 4 4 1 2 2 0 5 4 3 4 4 1 3 3 4 1 3 3 3 3 4 2 4 5 3 
1 1 1 1 2 1 2 1 1 1 1 1 1 0 1 1 0 1 1 0 1 2 1 1 1 1 0 0 1 1 1 1 0 1 1 2 1 1 1 1 0 1 1 1 1 1 2 1 1 1 1 1 1 1 2 1 1 1 1 1 2 1 1 1 1 1 1 1 1 1 1 1 1 1 1 1 1 1 1 1 1 1 1 1 1 2 1 1 1 1 1 1 1 0 1 1 1 1 0 1 2 1 1 1 1 1 1 1 1 1 1 1 1 1 1 2 1 1 1 1 1 2 1 1 1 1 2 1 1 1 1 1 1 1 1 1 1 1 1 1 1 1 1 1 1 1 1 2 1 1 0 1 1 2 1 1 2 1 2 1 1 1 2 1 1 1 1 1 1 1 1 1 1 1 1 1 1 1 1 1 1 1 2 1 1 1 1 1 1 1 1 1 1 1 1 1 2 1 1 1 
8 5 7 5 7 8 5 6 6 11 8 4 6 3 5 9 8 6 5 6 9 8 5 8 8 6 9 5 7 7 7 7 8 5 6 9 5 5 3 10 7 5 6 7 7 5 7 7 2 7 3 5 6 8 5 8 9 5 2 7 9 8 7 4 7 7 8 6 4 3 5 5 8 9 3 2 9 5 4 8 6 6 7 8 7 6 4 8 4 5 6 8 8 6 2 8 9 7 7 6 2 11 5 4 9 8 9 4 5 3 6 3 7 10 5 8 5 7 5 10 5 6 5 6 7 4 6 5 6 5 3 7 5 7 8 6 8 10 8 7 5 7 5 4 7 6 7 7 6 4 6 7 7 5 8 7 2 6 6 6 5 5 6 7 7 5 7 9 3 6 7 4 4 6 5 9 8 6 8 7 7 6 4 7 7 6 4 1 7 6 7 4 5 7 6 7 9 7 5 4 
9 8 6 6 7 8 8 6 7 9 6 5 5 6 7 4 1 11 6 10 7 5 4 9 7 5 8 10 7 7 8 7 7 9 6 9 6 8 11 9 8 8 7 3 7 8 7 6 5 6 8 8 7 5 9 11 6 7 4 4 9 8 7 4 9 7 8 6 9 3 7 5 7 6 10 6 9 5 5 9 9 6 6 5 11 6 5 6 3 10 9 10 8 7 6 8 11 5 4 8 6 9 5 5 13 6 7 8 7 5 7 6 7 5 7 9 9 7 8 9 5 10 10 5 8 12 7 4 7 4 8 5 7 6 8 3 9 12 3 5 7 3 1 5 10 7 6 5 7 5 10 7 4 6 0 8 0 8 10 12 7 4 7 6 8 9 9 5 3 12 10 6 3 5 2 8 6 7 6 5 6 3 8 10 10 9 5 8 5 6 7 5 5 8 8 2 5 9 4 5 
5 3 4 3 3 4 4 4 3 3 2 3 3 3 3 3 4 3 4 2 2 2 3 4 1 2 3 4 0 4 3 2 3 2 4 4 4 2 2 2 5 3 4 3 3 5 4 4 2 3 3 6 5 2 4 0 3 3 2 1 3 3 4 3 2 3 2 2 4 3 3 4 3 0 2 2 4 1 2 3 4 1 3 4 2 3 5 3 3 4 3 3 5 4 6 5 3 3 2 1 2 2 2 4 2 4 2 2 3 4 5 2 1 2 2 3 3 4 3 4 1 3 4 5 2 3 3 3 3 3 1 3 4 3 3 3 2 3 2 2 3 4 3 3 2 5 4 4 4 4 3 4 4 5 4 5 3 3 3 4 4 4 3 2 3 2 3 5 3 2 4 4 4 4 5 3 3 3 2 3 2 2 1 4 2 1 2 3 2 2 1 3 4 2 2 2 3 4 2 5 
6 5 7 4 7 6 5 6 5 4 6 9 8 7 8 7 5 5 9 8 6 3 3 2 9 6 8 7 5 4 4 3 7 8 5 4 6 3 5 7 4 6 4 4 2 6 3 7 6 7 5 8 8 6 6 6 4 6 6 6 3 6 8 7 8 7 4 5 10 10 4 9 7 7 3 6 8 9 10 6 6 3 5 5 8 4 6 2 8 8 7 3 6 6 6 4 6 4 8 8 8 4 10 7 7 6 5 3 8 8 7 11 4 5 6 4 6 9 6 8 5 3 5 3 7 5 3 12 9 6 6 7 8 3 7 5 5 5 5 7 10 6 7 6 5 7 8 5 10 4 7 3 4 9 4 8 7 2 6 8 3 5 10 4 7 2 6 6 5 4 7 7 6 9 6 4 6 6 6 8 3 8 7 8 7 3 7 8 8 4 10 4 6 5 6 3 7 8 7 5 
6 5 7 9 7 8 7 5 3 7 6 8 5 6 5 3 7 2 6 9 7 4 8 8 5 6 2 4 5 7 9 9 7 2 7 7 7 8 11 6 4 6 7 8 7 8 7 10 5 6 5 6 5 3 9 6 6 6 1 8 7 8 6 2 7 4 3 7 6 4 4 6 4 3 9 5 6 6 6 7 6 6 7 6 5 6 6 4 5 5 6 4 4 8 6 5 6 4 4 6 6 7 5 4 5 7 3 5 4 8 4 8 6 7 11 7 6 7 4 5 7 8 6 2 7 9 8 8 6 2 5 7 6 6 6 5 7 7 5 3 10 10 5 7 5 6 3 4 7 5 3 6 4 5 6 7 4 6 5 5 5 5 4 9 6 3 6 9 5 5 3 6 4 9 7 6 5 6 6 8 10 7 10 4 7 7 10 8 8 7 7 6 10 5 6 4 8 6 8 3 
4 4 5 6 3 3 6 5 4 3 5 4 6 5 4 5 3 3 1 3 2 5 4 6 4 3 4 5 6 4 5 4 5 7 4 5 5 5 4 5 8 4 7 1 3 4 2 3 4 5 4 3 1 5 5 5 2 1 5 4 3 5 5 4 4 4 3 6 5 5 4 4 4 5 3 4 7 2 7 3 2 3 3 5 4 6 3 3 3 3 4 5 6 4 6 5 7 5 5 5 4 5 5 3 5 3 6 6 3 4 2 3 3 5 5 2 6 4 3 7 3 3 7 5 4 4 5 5 3 4 4 4 4 3 4 6 3 4 5 6 5 6 3 5 5 6 6 4 4 5 4 3 6 6 2 2 7 6 5 3 3 4 4 1 1 4 7 5 3 4 6 4 4 4 4 4 6 2 4 2 5 3 3 5 3 5 2 4 4 2 2 5 5 3 3 6 4 4 4 3 
0 2 1 1 1 1 1 1 2 1 1 1 1 1 1 1 1 1 2 1 1 1 1 0 1 2 1 1 1 1 1 2 1 1 1 1 1 1 0 1 1 1 1 1 1 1 1 1 1 1 1 1 1 1 1 1 1 1 2 2 1 1 1 1 1 2 1 1 1 1 1 1 1 1 1 1 0 2 1 1 1 1 1 1 0 1 1 1 1 1 1 1 1 1 1 1 1 1 1 1 1 1 1 1 1 1 1 1 1 2 0 1 1 1 1 1 1 1 1 1 1 1 1 1 0 1 1 2 1 2 1 1 1 1 1 1 1 1 0 1 1 1 1 1 1 1 1 1 1 1 1 1 1 1 0 1 1 2 1 1 1 1 1 1 1 1 1 1 1 1 0 1 1 1 1 1 1 1 1 1 1 1 1 1 1 1 1 1 1 1 2 1 1 1 1 1 1 2 1 1 
6 11 11 7 6 14 8 9 11 12 7 20 12 13 13 13 12 8 5 8 6 4 7 8 10 11 12 9 13 9 4 9 13 12 8 9 13 12 11 6 17 12 5 1 6 9 11 5 16 7 11 7 12 10 8 8 7 6 5 8 14 13 7 7 8 10 3 12 9 5 4 11 8 12 12 15 9 8 9 5 12 7 10 13 1 12 5 11 11 3 10 11 2 7 12 12 12 10 5 19 6 16 17 12 1 11 9 15 14 15 10 14 5 12 6 4 13 13 11 13 7 16 13 6 14 10 8 17 7 10 8 12 13 12 6 13 11 8 8 11 14 10 4 10 6 11 10 8 7 6 8 8 10 12 11 5 10 11 12 8 10 11 10 12 6 10 8 7 10 10 10 11 13 7 8 8 9 5 14 12 12 16 12 10 7 12 11 15 12 8 7 14 14 8 13 12 7 4 6 12 
3 5 2 3 3 5 3 4 3 3 5 3 3 3 3 3 1 2 1 3 1 2 2 2 4 4 3 3 4 3 1 4 3 4 1 3 5 3 3 3 3 4 2 2 4 2 4 1 2 2 1 3 3 4 3 3 2 3 2 4 0 4 4 2 5 3 2 5 3 3 2 4 2 1 5 1 2 5 4 4 2 1 4 4 3 3 3 2 3 3 5 4 2 3 1 3 4 4 3 2 2 4 2 4 3 3 4 2 4 2 1 2 3 3 3 3 4 2 3 4 4 2 2 5 3 2 4 3 3 3 3 3 2 3 4 1 4 3 1 2 3 4 4 3 2 3 2 2 2 3 3 3 4 4 4 3 2 3 3 2 3 3 1 3 4 4 3 3 3 3 3 2 2 3 2 4 3 2 6 2 2 1 3 4 2 4 6 3 2 3 5 3 3 1 2 3 4 3 4 4 
7 5 4 4 5 7 4 6 2 3 7 6 2 1 5 5 3 5 7 10 6 7 7 5 5 6 6 7 7 5 6 8 6 6 4 6 6 6 7 7 7 4 5 6 6 6 4 8 3 7 1 4 5 5 4 2 9 6 6 5 6 5 6 3 4 8 2 8 5 4 8 5 6 3 5 5 2 1 5 5 4 6 6 6 6 4 6 8 5 4 6 4 2 6 3 5 7 6 7 5 4 3 5 6 6 3 5 7 3 8 8 7 3 7 5 2 7 5 7 2 5 6 4 5 4 4 5 5 6 6 6 5 2 5 3 6 4 2 4 6 7 3 7 4 8 5 8 4 5 6 5 5 3 6 6 6 5 5 8 5 8 5 2 2 5 4 6 5 4 7 3 4 3 3 6 5 5 2 3 6 5 6 4 4 5 7 9 4 7 6 4 5 5 6 4 6 6 5 6 6 
3 5 2 3 5 3 2 4 4 3 6 6 6 7 8 7 6 7 4 6 4 3 7 5 3 6 4 6 4 8 5 5 8 2 6 5 7 4 4 7 2 7 5 6 5 7 6 2 7 3 7 7 5 5 2 4 8 5 7 4 3 4 4 1 7 6 4 7 5 7 6 6 5 5 8 6 2 6 4 7 3 4 3 8 4 5 7 6 5 7 5 4 5 6 4 5 2 6 4 7 4 4 5 5 7 6 4 3 5 5 5 4 4 6 8 5 2 5 8 3 5 7 7 5 5 4 6 5 6 2 7 4 5 6 6 5 3 4 3 6 5 7 6 5 5 9 5 5 5 7 5 3 7 3 4 2 3 4 5 4 5 5 3 4 7 6 4 2 6 4 6 8 4 6 6 4 5 5 3 6 7 5 3 8 8 8 7 4 4 1 5 3 5 6 6 6 3 3 1 3 
9 8 3 6 8 12 4 7 11 10 3 11 7 11 8 14 9 9 10 3 10 6 14 6 13 2 5 6 10 6 12 11 9 7 8 9 13 4 5 3 11 10 10 4 10 13 6 9 9 9 10 8 12 9 15 4 7 5 11 2 6 9 14 12 10 11 11 13 14 11 4 8 12 5 12 4 14 15 5 7 14 12 8 7 14 10 9 4 13 12 9 6 11 8 11 8 8 12 7 10 9 8 6 4 9 7 13 12 6 9 12 4 12 11 14 10 9 11 10 8 11 12 9 8 8 10 11 10 9 12 8 7 10 10 11 14 5 13 8 8 7 5 6 11 13 11 7 7 6 7 7 7 11 7 8 6 8 7 9 5 11 9 7 8 8 11 9 8 10 9 1 15 8 7 6 11 10 9 4 12 13 3 10 9 9 12 10 7 12 10 11 12 7 6 10 10 6 15 8 14 
1 1 1 1 1 2 1 1 1 1 1 1 1 1 1 1 1 1 1 1 0 1 1 1 0 1 1 1 1 1 1 1 1 1 1 0 1 1 2 1 1 1 1 1 1 0 1 1 1 1 1 1 0 1 1 1 1 0 1 1 1 1 1 1 1 1 1 1 1 1 1 1 1 1 0 1 0 1 1 1 1 1 1 1 2 1 0 1 1 1 1 1 1 1 1 1 1 1 1 2 1 1 0 1 1 1 1 1 1 1 1 1 2 1 2 1 1 1 1 1 1 1 1 0 1 1 1 0 1 1 1 1 1 1 2 1 1 2 1 1 1 1 1 1 1 1 1 1 1 1 1 1 0 1 1 1 1 2 1 0 1 1 2 1 1 1 1 1 1 1 1 1 2 1 1 1 1 1 1 1 1 2 1 1 1 1 1 1 1 1 1 1 1 1 2 1 0 1 1 1 
8 9 4 9 8 6 6 2 9 7 6 6 9 7 5 7 0 10 5 9 7 4 6 5 5 4 8 6 7 4 5 9 5 2 6 4 6 8 8 3 7 5 9 7 6 8 5 9 4 8 7 0 7 6 3 5 6 4 7 7 4 8 6 7 4 7 4 7 9 8 9 6 3 8 6 6 5 9 8 6 6 10 8 9 11 8 7 8 6 6 3 6 5 8 8 4 10 10 6 5 8 4 8 9 7 8 7 6 5 4 4 7 4 8 7 7 9 6 4 6 7 4 7 2 5 8 6 7 8 4 6 7 2 5 6 11 6 10 6 4 5 4 6 8 8 7 5 5 4 6 4 7 8 7 3 7 5 6 7 7 8 4 7 10 6 7 7 9 5 4 3 7 11 7 4 3 6 4 8 7 6 3 3 3 4 6 2 5 8 7 8 4 5 4 7 6 5 9 5 3 
7 8 12 7 5 4 6 8 11 8 6 11 12 15 10 10 8 8 14 6 15 9 9 13 2 14 9 8 8 8 7 15 5 8 12 15 4 10 6 7 15 11 13 4 5 5 7 8 10 13 9 10 2 14 12 5 10 12 8 7 11 8 11 5 10 7 10 9 13 9 15 13 9 12 4 6 8 12 11 8 12 10 11 15 10 10 11 6 7 6 10 11 8 7 15 11 11 6 7 7 9 4 11 18 5 6 9 5 18 5 8 14 6 9 11 11 10 9 13 8 9 9 8 15 12 8 12 8 6 10 6 14 5 7 7 12 9 6 12 8 13 12 13 7 10 10 11 12 9 7 10 11 7 7 7 5 9 3 11 1 6 12 11 8 13 10 8 7 9 12 8 7 7 9 9 5 13 12 9 7 12 7 12 9 12 10 10 12 10 10 14 8 11 15 3 10 10 9 11 11 
0 3 3 4 3 5 3 3 2 4 3 3 3 3 3 5 2 3 5 4 2 3 4 4 4 2 5 5 2 3 3 4 2 4 2 2 2 3 4 3 1 1 3 2 3 3 3 5 3 1 2 3 3 3 2 3 1 3 3 5 2 3 3 2 3 4 3 3 5 5 2 3 4 2 3 2 3 2 2 2 5 2 3 5 2 5 4 3 4 3 4 4 3 2 3 2 4 4 0 3 4 3 3 4 2 3 1 2 3 3 4 4 2 1 3 3 2 4 2 4 4 2 3 3 4 3 4 4 4 3 3 3 2 1 3 3 2 4 3 2 2 3 3 2 3 3 2 4 4 4 3 1 2 2 2 2 2 2 2 4 2 3 3 4 4 4 2 5 4 4 2 3 3 2 3 3 4 5 4 4 3 4 3 4 0 3 4 2 2 3 4 5 3 3 3 2 3 3 4 4 
