NAME  : Jabali_60_4_0.82_1_9
TYPE : SVRP
MODEL : FINITE_SUPPORT
NUMBER_OF_SCENARIOS : 200
DIMENSION : 60
EDGE_WEIGHT_TYPE : MATRIX
CAPACITY : 90
N_VEHICLES : 4
NODE_COORD_SECTION
1 3607 3558
2 5945 1528
3 6161 6684
4 3056 3416
5 6119 2469
6 4268 3650
7 1344 4112
8 6483 1945
9 2717 3403
10 2328 7618
11 4557 253
12 4793 5826
13 7156 3120
14 2947 4279
15 2265 5914
16 4134 6081
17 1064 5312
18 2036 7867
19 1523 6646
20 3571 3750
21 2191 990
22 2134 3835
23 7031 4446
24 4675 7007
25 6605 18
26 1166 5039
27 5231 320
28 4838 687
29 2154 4107
30 4393 2909
31 1842 6086
32 4742 5078
33 7239 2417
34 3416 3677
35 7960 6216
36 6886 5292
37 4778 6872
38 711 1007
39 5820 6063
40 710 2703
41 6581 4260
42 1090 1073
43 2794 5239
44 388 6486
45 5294 5494
46 711 4483
47 887 6099
48 5381 4141
49 5519 7274
50 2426 2506
51 4590 3542
52 3086 2665
53 6590 4401
54 4363 6580
55 2317 4404
56 3799 2342
57 6840 5575
58 3377 2264
59 7373 6810
60 27 3256
DEMAND_SECTION
1 0.0
2 9.0
3 3.0
4 2.0
5 9.0
6 4.0
7 7.0
8 6.0
9 6.0
10 6.0
11 10.0
12 10.0
13 2.0
14 3.0
15 2.0
16 6.0
17 6.0
18 1.0
19 4.0
20 5.0
21 2.0
22 2.0
23 10.0
24 10.0
25 7.0
26 8.0
27 3.0
28 2.0
29 1.0
30 10.0
31 2.0
32 9.0
33 9.0
34 5.0
35 7.0
36 6.0
37 5.0
38 1.0
39 4.0
40 10.0
41 2.0
42 7.0
43 4.0
44 6.0
45 8.0
46 9.0
47 6.0
48 2.0
49 2.0
50 4.0
51 5.0
52 4.0
53 1.0
54 6.0
55 3.0
56 4.0
57 6.0
58 3.0
59 3.0
60 1.0
DEVIATION_SECTION
1 0.0
2 3.0
3 1.0
4 0.666667
5 3.0
6 1.33333
7 2.33333
8 2.0
9 2.0
10 2.0
11 3.33333
12 3.33333
13 0.666667
14 1.0
15 0.666667
16 2.0
17 2.0
18 0.333333
19 1.33333
20 1.66667
21 0.666667
22 0.666667
23 3.33333
24 3.33333
25 2.33333
26 2.66667
27 1.0
28 0.666667
29 0.333333
30 3.33333
31 0.666667
32 3.0
33 3.0
34 1.66667
35 2.33333
36 2.0
37 1.66667
38 0.333333
39 1.33333
40 3.33333
41 0.666667
42 2.33333
43 1.33333
44 2.0
45 2.66667
46 3.0
47 2.0
48 0.666667
49 0.666667
50 1.33333
51 1.66667
52 1.33333
53 0.333333
54 2.0
55 1.0
56 1.33333
57 2.0
58 1.0
59 1.0
60 0.333333
DISTANCE_MATRIX
0.0 48.7755 53.6994 7.81025 39.84 10.0 28.6384 47.6707 11.4018 56.1456 50.1199 33.9681 48.0104 10.2956 33.3246 33.0151 39.8504 59.6666 46.1284 2.23607 42.2019 18.1108 47.0106 46.3926 69.6539 40.1177 52.3091 46.0829 19.0263 17.4929 37.6847 24.3519 51.5418 3.0 68.2776 49.39 45.5754 53.535 44.3448 40.4969 41.2311 49.7393 24.6015 54.1681 33.5761 37.5537 45.7636 24.5967 55.7931 22.3607 14.0 16.1245 41.6293 40.1123 18.6815 19.6977 50.5859 20.2237 66.5736 46.8188 
48.7755 0.0 68.593 47.6826 12.1655 38.827 68.2074 8.60233 50.1688 100.119 24.5967 59.1628 26.4197 58.4542 80.9278 69.8305 87.4537 104.466 93.7317 47.7775 48.8467 60.4117 41.7732 74.2331 24.0832 87.721 19.2354 18.3576 62.9634 40.8065 85.2879 51.1231 20.5183 48.8688 68.884 52.1536 72.8934 68.0074 60.208 69.4529 38.1182 63.5689 72.2047 101.771 53.2666 77.1227 93.3669 35.8419 76.4003 45.8394 34.9803 39.4876 39.1152 70.511 67.2696 29.9931 55.0818 33.2913 73.3348 80.0342 
53.6994 68.593 0.0 61.1673 56.4358 48.7032 75.6288 62.5859 64.9593 54.0093 90.0222 21.9317 50.0899 54.4686 51.7666 28.178 67.1644 58.0775 61.8466 54.1202 94.1541 65.3501 31.9061 20.0 89.56 67.4317 87.2067 84.0 63.7977 56.1143 56.648 29.6816 59.0931 55.5371 25.02 20.6155 19.0263 106.573 9.48683 90.9612 32.311 102.691 64.1675 76.243 20.1246 78.1933 69.6433 35.2278 11.6619 75.2353 47.5395 68.0294 31.3847 23.7697 60.7833 66.4831 17.6918 69.8928 16.7631 94.3311 
7.81025 47.6826 61.1673 0.0 45.3958 16.1555 23.1494 53.2265 4.12311 57.7754 47.8017 41.436 53.6517 11.7047 34.8855 39.4588 40.6202 61.2699 47.0106 7.2111 35.3553 13.6015 54.1202 53.1507 66.3985 40.8875 50.9313 44.5533 15.6525 20.2237 38.833 31.8198 57.0976 5.83095 75.743 56.8507 52.3927 45.793 51.8127 33.121 48.3011 42.0595 26.2315 54.9378 41.044 32.0647 46.5334 31.9061 61.9823 14.8661 19.9249 10.4403 48.7647 46.6905 17.0294 17.6918 58.0517 16.1245 74.0415 40.2616 
39.84 12.1655 56.4358 45.3958 0.0 29.8915 68.1313 8.60233 49.5187 84.8529 35.171 47.1296 18.6011 49.5187 72.3372 54.0485 78.8631 89.5107 85.1411 38.842 58.1273 57.8234 30.6757 62.1999 34.9857 79.1304 31.0161 28.8617 58.8658 31.871 76.6973 39.0899 17.1172 39.9332 57.8705 40.4475 60.8602 76.8429 48.0521 77.6885 26.4764 72.3759 63.6142 93.1807 41.2311 77.0466 84.7763 23.8087 64.2884 54.075 25.7703 47.7232 27.4591 58.4778 58.3341 38.2288 43.2897 41.527 61.6604 85.6553 
10.0 38.827 48.7032 16.1555 29.8915 0.0 38.4888 37.7222 20.2485 63.7573 46.3254 31.0 38.0132 19.7202 42.4466 34.2053 48.9725 68.1043 55.2505 9.21954 45.618 28.0713 38.0789 46.1736 59.7054 49.2398 49.1641 42.1111 29.0172 10.2956 46.8067 21.0 41.4722 10.4403 60.8769 41.7253 45.0999 59.5483 39.2173 49.1935 32.249 55.4437 33.7235 63.2901 28.8617 47.4041 54.8857 16.2788 52.345 28.2843 4.0 20.0 32.7567 40.6079 28.4486 18.1108 43.2782 21.1896 60.208 56.3205 
28.6384 68.2074 75.6288 23.1494 68.1313 38.4888 0.0 75.9621 19.2559 48.0937 65.9697 53.7035 76.3873 22.1509 34.2727 50.2387 13.9284 50.4876 33.2415 29.3025 42.7495 10.8313 75.6452 64.1372 86.9233 11.1803 70.6964 64.0314 11.9334 43.3277 27.074 52.5462 79.8332 28.2063 96.897 78.0094 63.654 44.1814 67.8078 22.8473 69.8606 42.0 33.5079 33.3017 58.8018 10.4403 26.0768 53.2526 74.1315 24.6414 42.4506 28.7199 70.2655 57.4364 15.785 38.6629 79.2054 35.01 91.3561 24.2074 
47.6707 8.60233 62.5859 53.2265 8.60233 37.7222 75.9621 0.0 57.3494 92.6836 33.121 54.9181 17.8885 57.3494 80.168 61.8792 86.6938 97.3414 92.9718 46.6728 56.7568 65.6542 34.1321 69.8355 27.313 86.9611 27.2029 26.9258 66.6966 39.7017 84.5281 46.9207 12.2066 47.764 61.0 45.0111 68.4763 75.8974 54.7083 77.341 31.0644 71.4578 71.4449 101.011 48.7647 84.8774 92.607 31.6228 71.1688 53.7275 33.6011 47.3757 32.0624 66.2873 66.1648 37.8812 48.0416 41.1795 66.0303 87.9223 
11.4018 50.1688 64.9593 4.12311 49.5187 20.2485 19.2559 57.3494 0.0 57.2451 49.5782 43.3956 57.7746 12.0 34.176 41.2311 33.1605 60.5392 45.6372 11.1803 34.0147 10.2956 58.1378 55.0818 68.8847 39.5035 53.2635 46.7547 12.8062 24.0832 37.5899 35.6118 61.2205 9.84886 79.5375 60.6499 54.4059 42.9418 55.6047 29.1548 52.3259 39.3954 26.1327 52.1463 44.836 28.1712 45.1494 35.8469 64.1427 13.0384 24.0416 11.4018 52.7731 48.5077 15.0 20.2485 61.8458 17.6918 77.8336 36.1386 
56.1456 100.119 54.0093 57.7754 84.8529 63.7573 48.0937 92.6836 57.2451 0.0 105.226 41.2311 88.8369 46.1496 23.0868 32.2025 35.0571 4.47214 17.088 58.1646 89.822 50.01 76.3217 34.0147 120.044 37.0135 108.383 102.156 46.8722 72.3068 21.0238 46.0435 95.4411 58.1004 79.0253 69.1231 35.0571 92.0054 51.9711 69.2604 72.9178 90.05 53.5441 29.8329 48.8467 45.5412 28.2312 61.6117 44.2832 69.3758 65.637 68.1542 72.4983 31.7805 43.1741 74.7466 67.4685 73.849 70.1142 65.0 
50.1199 24.5967 90.0222 47.8017 35.171 46.3254 65.9697 33.121 49.5782 105.226 0.0 76.2955 51.0 59.0762 82.4048 80.5238 79.8743 108.747 94.8103 47.8853 34.1321 59.397 65.8027 91.7899 27.2947 77.1436 8.544 6.32456 62.2415 51.8001 86.6083 66.5414 44.4072 47.5079 93.0054 75.5336 90.61 53.0094 81.0062 62.0322 61.6155 49.0102 73.6817 98.8601 72.3395 74.8131 91.8632 55.0364 96.3328 41.6173 45.9739 38.2099 62.5917 86.7495 64.5368 30.5287 78.3217 31.8904 96.7339 73.5391 
33.9681 59.1628 21.9317 41.436 47.1296 31.0 53.7035 54.9181 43.3956 41.2311 76.2955 0.0 48.4149 32.5434 33.2304 9.21954 48.6281 45.6946 44.0455 34.4114 74.7717 43.4248 35.1141 15.5242 82.0102 48.8954 75.2861 70.8308 41.8724 40.3113 38.1118 10.0 55.8659 35.8058 43.3244 29.0172 14.3178 86.1871 14.3178 69.0359 31.7648 82.7586 42.2423 57.902 7.61577 59.657 51.107 23.3238 21.8403 55.504 31.257 48.5259 31.305 11.4018 38.858 49.0408 28.0713 51.4782 37.7359 72.4058 
48.0104 26.4197 50.0899 53.6517 18.6011 38.0132 76.3873 17.8885 57.7746 88.8369 51.0 48.4149 0.0 57.6491 78.8549 56.8595 86.9014 93.2952 89.6701 47.098 74.9677 66.0681 18.6815 61.5549 41.1096 87.1687 44.9444 44.7772 67.0 40.127 83.7363 42.9418 9.21954 48.1892 44.1022 30.3645 60.1415 93.6833 43.8292 86.2957 18.0278 89.2163 71.6525 100.048 41.1096 85.3026 92.8146 27.8568 60.208 64.2672 34.0147 55.4955 18.868 59.5483 66.3776 55.0692 33.5261 58.3674 50.3587 93.9113 
10.2956 58.4542 54.4686 11.7047 49.5187 19.7202 22.1509 57.3494 12.0 46.1496 59.0762 32.5434 57.6491 0.0 23.3286 29.7321 29.7378 49.6707 36.0694 12.2066 46.0109 11.4018 56.5125 43.6578 77.1301 30.0051 61.6787 55.4437 10.7703 27.7849 27.6586 31.3861 61.1405 12.0416 77.7644 58.8768 43.0813 53.8516 46.6476 36.7967 50.728 50.5964 14.6056 44.0555 37.6416 31.0662 35.651 34.12 53.2353 25.02 23.6945 22.1359 51.1329 37.0 9.0 28.6007 60.0727 27.7308 70.196 40.8532 
33.3246 80.9278 51.7666 34.8855 72.3372 42.4466 34.2727 80.168 34.176 23.0868 82.4048 33.2304 78.8549 23.3286 0.0 24.2482 15.8114 26.4008 14.3178 35.3436 66.9104 27.1662 67.7493 34.2053 101.806 16.195 84.9885 78.757 24.0832 50.7875 6.08276 35.9131 85.2872 35.2794 75.5548 62.2465 34.4093 70.4609 46.5722 48.9101 63.7527 68.1175 30.7231 26.0192 40.4908 26.9258 18.4391 51.4599 45.8039 46.3249 46.4209 45.1885 63.4511 28.3311 20.2237 51.9256 61.2168 51.0 68.5093 47.0106 
33.0151 69.8305 28.178 39.4588 54.0485 34.2053 50.2387 61.8792 41.2311 32.2025 80.5238 9.21954 56.8595 29.7321 24.2482 0.0 39.6459 36.6742 35.0571 35.0 74.8131 39.9374 44.2719 13.9284 88.929 39.9132 80.2431 75.4893 38.361 44.2719 29.1296 15.0 63.8905 36.0139 51.4198 38.1182 13.4164 83.5703 22.3607 65.533 40.7185 80.3243 38.7308 48.9198 16.7631 50.6748 42.1248 30.4138 24.2074 54.1295 35.4683 49.0918 40.3113 7.28011 35.3466 51.5359 37.0 53.0377 44.7772 68.941 
39.8504 87.4537 67.1644 40.6202 78.8631 48.9725 13.9284 86.6938 33.1605 35.0571 79.8743 48.6281 86.9014 29.7378 15.8114 39.6459 0.0 37.054 19.4165 41.8694 56.6542 24.736 85.7648 49.627 108.332 3.60555 84.601 77.936 25.838 57.3134 14.3178 56.3339 90.3928 41.7772 90.9526 77.6443 49.8079 57.0088 61.97 34.2345 79.9803 55.2268 37.2489 20.8087 55.8886 11.1803 12.7279 63.3723 61.2049 38.546 52.9468 42.6245 80.3852 43.7288 24.4511 58.1378 76.6145 48.9146 83.9071 31.305 
59.6666 104.466 58.0775 61.2699 89.5107 68.1043 50.4876 97.3414 60.5392 4.47214 108.747 45.6946 93.2952 49.6707 26.4008 36.6742 37.054 0.0 18.1108 61.6857 92.66 52.8867 80.7775 38.1182 124.391 39.3192 111.331 105.099 49.7293 76.6537 23.5372 50.4777 99.8649 61.6215 83.0963 73.4983 39.2046 94.0479 56.2939 71.0282 77.3886 92.2659 57.0652 29.1548 53.3104 47.0956 28.8617 66.0303 48.0937 72.4224 69.984 71.5891 76.9675 36.1386 46.1736 78.2677 71.8053 77.3692 74.027 66.0984 
46.1284 93.7317 61.8466 47.0106 85.1411 55.2505 33.2415 92.9718 45.6372 17.088 94.8103 44.0455 89.6701 36.0694 14.3178 35.0571 19.4165 18.1108 0.0 48.1474 75.9895 37.4608 78.5645 42.72 114.61 22.1359 97.7007 91.4385 34.302 63.5914 8.60233 46.7283 96.1024 48.0833 86.1452 73.0617 43.3244 76.1643 57.3149 53.0 74.5678 74.5453 43.5269 14.7648 51.306 29.0172 11.1803 62.2751 54.231 57.0572 59.2247 56.9606 74.2662 38.0789 30.852 64.5368 72.0319 63.0547 78.5875 48.0521 
2.23607 47.7775 54.1202 7.2111 38.842 9.21954 29.3025 46.6728 11.1803 58.1646 47.8853 34.4114 47.098 12.2066 35.3436 35.0 41.8694 61.6857 48.1474 0.0 40.5216 19.0 46.9574 48.2872 65.5379 42.1367 50.0865 43.8603 20.2237 15.6525 39.7037 24.7952 50.5439 1.41421 68.6222 49.679 47.787 52.4309 44.7772 40.3113 41.1461 48.5489 26.6205 56.1871 34.0 38.2178 47.7826 24.6982 56.2363 21.095 13.1529 14.3178 41.5933 42.0476 20.2485 17.4642 50.9313 18.1108 67.0075 47.1275 
42.2019 48.8467 94.1541 35.3553 58.1273 45.618 42.7495 56.7568 34.0147 89.822 34.1321 74.7717 74.9677 46.0109 66.9104 74.8131 56.6542 92.66 75.9895 40.5216 0.0 39.8121 81.308 88.459 61.0082 53.9235 42.0 36.1248 42.9535 40.6079 69.2275 65.146 68.9449 39.2938 105.509 86.308 87.6642 19.4165 84.6936 30.6105 75.5103 15.1327 60.0102 74.793 74.0945 49.7393 68.4471 61.0574 96.5967 21.0 47.5079 26.2488 76.1328 82.0366 46.6905 29.2062 88.2043 24.6982 105.679 42.2019 
18.1108 60.4117 65.3501 13.6015 57.8234 28.0713 10.8313 65.6542 10.2956 50.01 59.397 43.4248 66.0681 11.4018 27.1662 39.9374 24.736 52.8867 37.4608 19.0 39.8121 0.0 65.0766 53.8359 79.1276 22.0053 63.4114 56.8507 3.16228 33.7343 29.4561 42.2675 69.5253 18.0278 86.3285 67.4409 53.3526 44.3847 57.5291 25.6125 59.2921 41.5933 23.2066 43.7217 48.5231 19.7466 36.7249 42.6841 63.8302 19.6977 32.0624 21.2603 59.697 47.1351 7.0 30.5287 68.6368 27.6586 81.0774 29.5296 
47.0106 41.7732 31.9061 54.1202 30.6757 38.0789 75.6452 34.1321 58.1378 76.3217 65.8027 35.1141 18.6815 56.5125 67.7493 44.2719 85.7648 80.7775 78.5645 46.9574 81.308 65.0766 0.0 45.8039 59.5399 86.0321 61.0 59.4811 65.8634 41.6629 72.6308 33.0606 27.8927 48.3011 27.2029 11.7047 44.4072 96.5371 26.9072 87.2353 5.83095 92.2947 70.5159 92.421 27.5136 84.5605 85.626 22.4722 42.638 65.8027 34.6699 57.0313 5.38516 45.1774 65.241 52.3889 14.8661 56.6223 32.0156 93.8434 
46.3926 74.2331 20.0 53.1507 62.1999 46.1736 64.1372 69.8355 55.0818 34.0147 91.7899 15.5242 61.5549 43.6578 34.2053 13.9284 49.627 38.1182 42.72 48.2872 88.459 53.8359 45.8039 0.0 97.0618 49.8943 90.802 86.3481 52.2595 55.7315 38.5876 25.318 69.6563 49.3735 45.0111 36.6742 1.41421 97.4987 19.2354 79.4314 43.8634 94.2444 52.6293 57.3847 21.095 60.6559 51.4782 38.4838 11.6619 67.9117 46.6905 62.517 43.1856 6.7082 49.2451 64.0312 34.5398 66.0681 36.3456 80.7188 
69.6539 24.0832 89.56 66.3985 34.9857 59.7054 86.9233 27.313 68.8847 120.044 27.2947 82.0102 41.1096 77.1301 101.806 88.929 108.332 124.391 114.61 65.5379 61.0082 79.1276 59.5399 97.0618 0.0 108.599 19.0263 25.0799 81.6793 61.6849 106.166 73.9705 32.0156 65.2818 85.0 71.0211 95.7131 80.1561 81.9329 86.885 57.4891 76.0592 93.0831 122.65 76.0263 95.8386 114.245 58.6893 98.4327 64.195 55.8587 58.2035 58.4637 93.3583 83.422 48.709 74.1485 52.0 91.444 97.9847 
40.1177 87.721 67.4317 40.8875 79.1304 49.2398 11.1803 86.9611 39.5035 37.0135 77.1436 48.8954 87.1687 30.0051 16.195 39.9132 3.60555 39.3192 22.1359 42.1367 53.9235 22.0053 86.0321 49.8943 108.599 0.0 91.5785 85.309 23.1073 57.5807 16.0 56.6012 90.6601 42.0445 91.2199 77.9116 50.0752 55.0364 62.2373 32.7567 80.2476 53.0377 37.5162 24.4131 56.1559 11.3137 16.2788 63.6396 61.4722 35.8153 53.2141 39.8938 80.6525 43.9961 24.7184 58.4051 76.8818 46.1839 84.1744 31.0644 
52.3091 19.2354 87.2067 50.9313 31.0161 49.1641 70.6964 27.2029 53.2635 108.383 8.544 75.2861 44.9444 61.6787 84.9885 80.2431 84.601 111.331 97.7007 50.0865 42.0 63.4114 61.0 90.802 19.0263 91.5785 0.0 6.7082 66.0681 51.1436 89.3357 65.7875 37.5899 49.8304 88.0738 71.3442 89.56 61.131 78.557 68.6804 57.3149 57.0351 76.2654 103.587 70.6116 79.6116 97.2244 52.9528 94.3665 46.9574 45.3174 42.2019 58.3095 86.0349 67.9412 33.2415 74.2428 35.805 92.5419 80.0062 
46.0829 18.3576 84.0 44.5533 28.8617 42.1111 64.0314 26.9258 46.7547 102.156 6.32456 70.8308 44.7772 55.4437 78.757 75.4893 77.936 105.099 91.4385 43.8603 36.1248 56.8507 59.4811 86.3481 25.0799 85.309 6.7082 0.0 59.5483 46.3898 83.0963 61.131 38.4187 43.6042 86.6833 69.2359 85.1469 55.4437 75.06 62.0967 55.3173 51.2445 70.0339 96.9218 66.6108 72.9452 90.9549 49.163 90.5539 40.2492 40.5636 35.609 56.2939 81.3392 61.5224 26.9072 72.024 29.2062 90.4361 73.3757 
19.0263 62.9634 63.7977 15.6525 58.8658 29.0172 11.9334 66.6966 12.8062 46.8722 62.2415 41.8724 67.0 10.7703 24.0832 38.361 25.838 49.7293 34.302 20.2237 42.9535 3.16228 65.8634 52.2595 81.6793 23.1073 66.0681 59.5483 0.0 35.4401 26.2973 40.6199 70.5677 19.4165 84.5576 68.2277 51.7762 47.0744 55.8814 27.4591 60.0789 44.4072 21.6301 44.8238 46.8755 20.8487 37.8269 43.4709 62.2538 22.8473 33.0151 24.0416 60.4838 45.5586 4.12311 33.0151 69.4236 30.4138 79.4298 30.6357 
17.4929 40.8065 56.1143 20.2237 31.871 10.2956 43.3277 39.7017 24.0832 72.3068 51.8001 40.3113 40.127 27.7849 50.7875 44.2719 57.3134 76.6537 63.5914 15.6525 40.6079 33.7343 41.6629 55.7315 61.6849 57.5807 51.1436 46.3898 35.4401 0.0 55.1476 30.4138 43.5729 16.1555 65.8636 46.6628 54.5894 56.8507 46.7016 50.6952 35.8651 52.4976 42.0644 71.631 37.054 52.243 63.2266 21.4787 61.0082 27.313 9.05539 18.3848 36.4876 50.448 35.8469 11.4018 48.5592 16.2788 66.2 59.4138 
37.6847 85.2879 56.648 38.833 76.6973 46.8067 27.074 84.5281 37.5899 21.0238 86.6083 38.1118 83.7363 27.6586 6.08276 29.1296 14.3178 23.5372 8.60233 39.7037 69.2275 29.4561 72.6308 38.5876 106.166 16.0 89.3357 83.0963 26.2973 55.1476 0.0 40.7945 88.2271 39.6395 80.4363 67.128 38.9487 71.0282 51.4537 48.5077 68.6341 69.029 35.0832 20.0998 45.3723 25.2982 13.0 56.3413 50.2494 49.0525 50.781 48.8774 68.3325 33.1059 22.8473 56.2228 66.0982 54.9181 73.3908 45.31 
24.3519 51.1231 29.6816 31.8198 39.0899 21.0 52.5462 46.9207 35.6118 46.0435 66.5414 10.0 42.9418 31.3861 35.9131 15.0 56.3339 50.4777 46.7283 24.7952 65.146 42.2675 33.0606 25.318 73.9705 56.6012 65.7875 61.131 40.6199 30.4138 40.7945 0.0 49.4065 26.1896 47.5079 30.3645 24.1868 77.2253 20.6155 67.8786 28.4429 73.3432 41.085 60.5847 9.89949 61.4615 53.7898 15.6205 31.5753 45.8878 21.3776 38.8973 28.2843 20.2485 37.7007 39.0512 30.4631 41.5933 43.8634 71.2486 
51.5418 20.5183 59.0931 57.0976 17.1172 41.4722 79.8332 12.2066 61.2205 95.4411 44.4072 55.8659 9.21954 61.1405 85.2872 63.8905 90.3928 99.8649 96.1024 50.5439 68.9449 69.5253 27.8927 69.6563 32.0156 90.6601 37.5899 38.4187 70.5677 43.5729 88.2271 49.4065 0.0 51.6351 53.0094 39.5601 68.2495 88.6835 52.4786 89.5291 26.8328 84.2164 75.1439 104.71 48.8365 88.7485 96.306 33.8378 68.9638 65.9156 37.4722 59.5638 27.7308 67.1789 69.7374 50.0693 42.72 53.3676 59.5399 97.3572 
3.0 48.8688 55.5371 5.83095 39.9332 10.4403 28.2063 47.764 9.84886 58.1004 47.5079 35.8058 48.1892 12.0416 35.2794 36.0139 41.7772 61.6215 48.0833 1.41421 39.2938 18.0278 48.3011 49.3735 65.2818 42.0445 49.8304 43.6042 19.4165 16.1555 39.6395 26.1896 51.6351 0.0 70.0357 51.0882 48.5563 51.0392 46.1825 38.9487 42.4853 47.1699 26.5563 56.0948 35.4138 37.1216 47.6904 26.0768 57.6308 19.7231 14.3178 13.1529 42.9418 43.1045 19.6977 17.0 52.345 17.2627 68.4105 45.8803 
68.2776 68.884 25.02 75.743 57.8705 60.8769 96.897 61.0 79.5375 79.0253 93.0054 43.3244 44.1022 77.7644 75.5548 51.4198 90.9526 83.0963 86.1452 68.6222 105.509 86.3285 27.2029 45.0111 85.0 91.2199 88.0738 86.6833 84.5576 65.8636 80.4363 47.5079 53.0094 70.0357 0.0 19.2094 44.0 120.416 29.1204 108.681 31.7805 116.276 85.0227 100.226 38.0132 105.812 93.4315 44.6878 35.6931 89.1403 58.258 80.8084 30.8707 48.2597 81.6385 76.5897 17.6918 80.8231 10.8167 115.599 
49.39 52.1536 20.6155 56.8507 40.4475 41.7253 78.0094 45.0111 60.6499 69.1231 75.5336 29.0172 30.3645 58.8768 62.2465 38.1182 77.6443 73.4983 73.0617 49.679 86.308 67.4409 11.7047 36.6742 71.0211 77.9116 71.3442 69.2359 68.2277 46.6628 67.128 30.3645 39.5601 51.0882 19.2094 0.0 35.3412 101.237 17.4642 89.7937 14.0357 97.0824 69.3683 86.9182 22.0907 86.9247 80.1232 25.4951 31.8277 70.0071 39.0512 61.6198 13.0384 37.3631 65.3456 57.3888 3.16228 61.6222 21.2132 96.2077 
45.5754 72.8934 19.0263 52.3927 60.8602 45.0999 63.654 68.4763 54.4059 35.0571 90.61 14.3178 60.1415 43.0813 34.4093 13.4164 49.8079 39.2046 43.3244 47.787 87.6642 53.3526 44.4072 1.41421 95.7131 50.0752 89.56 85.1469 51.7762 54.5894 38.9487 24.1868 68.2495 48.5563 44.0 35.3412 0.0 96.933 17.8885 78.9482 42.45 93.6376 52.1461 57.9396 19.7231 60.8368 51.8845 37.1618 11.4018 67.1863 45.5412 61.6998 41.7732 6.40312 48.7619 63.0079 33.2415 65.123 35.5106 82.3563 
53.535 68.0074 106.573 45.793 76.8429 59.5483 44.1814 75.8974 42.9418 92.0054 53.0094 86.1871 93.6833 53.8516 70.4609 83.5703 57.0088 94.0479 76.1643 52.4309 19.4165 44.3847 96.5371 97.4987 80.1561 55.0364 61.131 55.4437 47.0744 56.8507 71.0282 77.2253 88.6835 51.0392 120.416 101.237 96.933 0.0 97.2182 23.5372 90.7394 4.47214 66.9732 71.3092 86.4495 47.3814 66.7533 75.743 106.934 31.4006 62.2415 39.6232 91.3618 90.824 51.1957 45.8039 102.825 40.6079 119.403 32.6497 
44.3448 60.208 9.48683 51.8127 48.0521 39.2173 67.8078 54.7083 55.6047 51.9711 81.0062 14.3178 43.8292 46.6476 46.5722 22.3607 61.97 56.2939 57.3149 44.7772 84.6936 57.5291 26.9072 19.2354 81.9329 62.2373 78.557 75.06 55.8814 46.7016 51.4537 20.6155 52.4786 46.1825 29.1204 17.4642 17.8885 97.2182 0.0 83.1402 25.807 93.3361 56.3465 71.2439 10.8167 72.9989 64.4489 26.0192 16.5529 65.8807 38.0789 58.6003 25.0 20.2237 52.9623 57.0088 15.5242 60.407 23.6008 86.5101 
40.4969 69.4529 90.9612 33.121 77.6885 49.1935 22.8473 77.341 29.1548 69.2604 62.0322 69.0359 86.2957 36.7967 48.9101 65.533 34.2345 71.0282 53.0 40.3113 30.6105 25.6125 87.2353 79.4314 86.885 32.7567 68.6804 62.0967 27.4591 50.6952 48.5077 67.8786 89.5291 38.9487 108.681 89.7937 78.9482 23.5372 83.1402 0.0 81.4125 22.8473 48.8021 47.8017 74.1342 24.0208 43.2897 65.0 89.4258 24.0832 52.8015 32.5576 81.8841 72.7306 31.3847 42.19 90.9897 37.054 106.977 11.6619 
41.2311 38.1182 32.311 48.3011 26.4764 32.249 69.8606 31.0644 52.3259 72.9178 61.6155 31.7648 18.0278 50.728 63.7527 40.7185 79.9803 77.3886 74.5678 41.1461 75.5103 59.2921 5.83095 43.8634 57.4891 80.2476 57.3149 55.3173 60.0789 35.8651 68.6341 28.4429 26.8328 42.4853 31.7805 14.0357 42.45 90.7394 25.807 81.4125 0.0 86.497 64.7313 88.4243 24.1868 78.7759 84.602 16.7631 42.19 60.0 28.8444 51.2336 1.0 42.4382 59.4564 46.5912 17.0 50.8246 35.2278 88.0589 
49.7393 63.5689 102.691 42.0595 72.3759 55.4437 42.0 71.4578 39.3954 90.05 49.0102 82.7586 89.2163 50.5964 68.1175 80.3243 55.2268 92.2659 74.5453 48.5489 15.1327 41.5933 92.2947 94.2444 76.0592 53.0377 57.0351 51.2445 44.4072 52.4976 69.029 73.3432 84.2164 47.1699 116.276 97.0824 93.6376 4.47214 93.3361 22.8473 86.497 0.0 63.8867 70.5195 82.5674 46.0977 65.5134 71.5891 103.506 27.4591 58.0517 35.4683 87.1195 87.5957 48.5077 41.4005 98.7168 36.2353 115.434 33.0151 
24.6015 72.2047 64.1675 26.2315 63.6142 33.7235 33.5079 71.4449 26.1327 53.5441 73.6817 42.2423 71.6525 14.6056 30.7231 38.7308 37.2489 57.0652 43.5269 26.6205 60.0102 23.2066 70.5159 52.6293 93.0831 37.5162 76.2654 70.0339 21.6301 42.0644 35.0832 41.085 75.1439 26.5563 85.0227 69.3683 52.1461 66.9732 56.3465 48.8021 64.7313 63.8867 0.0 50.3954 47.3405 48.2778 41.8707 48.1234 62.6236 39.0179 37.6978 36.632 65.1362 45.9285 18.6158 43.2025 68.9254 42.305 79.8949 52.2102 
54.1681 101.771 76.243 54.9378 93.1807 63.2901 33.3017 101.011 52.1463 29.8329 98.8601 57.902 100.048 44.0555 26.0192 48.9198 20.8087 29.1548 14.7648 56.1871 74.793 43.7217 92.421 57.3847 122.65 24.4131 103.587 96.9218 44.8238 71.631 20.0998 60.5847 104.71 56.0948 100.226 86.9182 57.9396 71.3092 71.2439 47.8017 88.4243 70.5195 50.3954 0.0 65.1624 25.0599 8.544 76.5188 68.942 57.5318 67.2644 61.6103 88.1227 52.4976 38.7688 71.5533 85.8884 67.9004 93.0054 40.1123 
33.5761 53.2666 20.1246 41.044 41.2311 28.8617 58.8018 48.7647 44.836 48.8467 72.3395 7.61577 41.1096 37.6416 40.4908 16.7631 55.8886 53.3104 51.306 34.0 74.0945 48.5231 27.5136 21.095 76.0263 56.1559 70.6116 66.6108 46.8755 37.054 45.3723 9.89949 48.8365 35.4138 38.0132 22.0907 19.7231 86.4495 10.8167 74.1342 24.1868 82.5674 47.3405 65.1624 0.0 67.7171 58.3675 17.72 24.0208 55.112 28.1603 47.927 23.7065 18.4391 43.9563 46.8722 21.587 50.0 33.9706 77.5041 
37.5537 77.1227 78.1933 32.0647 77.0466 47.4041 10.4403 84.8774 28.1712 45.5412 74.8131 59.657 85.3026 31.0662 26.9258 50.6748 11.1803 47.0956 29.0172 38.2178 49.7393 19.7466 84.5605 60.6559 95.8386 11.3137 79.6116 72.9452 20.8487 52.243 25.2982 61.4615 88.7485 37.1216 105.812 86.9247 60.8368 47.3814 72.9989 24.0208 78.7759 46.0977 48.2778 25.0599 67.7171 0.0 19.4165 62.1679 72.2338 33.3017 51.3659 37.6352 79.1808 54.7577 24.7003 47.5782 88.1207 43.9253 94.936 20.1246 
45.7636 93.3669 69.6433 46.5334 84.7763 54.8857 26.0768 92.607 45.1494 28.2312 91.8632 51.107 92.8146 35.651 18.4391 42.1248 12.7279 28.8617 11.1803 47.7826 68.4471 36.7249 85.626 51.4782 114.245 16.2788 97.2244 90.9549 37.8269 63.2266 13.0 53.7898 96.306 47.6904 93.4315 80.1232 51.8845 66.7533 64.4489 43.2897 84.602 65.5134 41.8707 8.544 58.3675 19.4165 0.0 67.9941 63.1348 50.5349 58.86 54.6134 85.0069 46.0977 30.3643 64.051 79.0934 60.9036 86.386 37.3363 
24.5967 35.8419 35.2278 31.9061 23.8087 16.2788 53.2526 31.6228 35.8469 61.6117 55.0364 23.3238 27.8568 34.12 51.4599 30.4138 63.3723 66.0303 62.2751 24.6982 61.0574 42.6841 22.4722 38.4838 58.6893 63.6396 52.9528 49.163 43.4709 21.4787 56.3413 15.6205 33.8378 26.0768 44.6878 25.4951 37.1618 75.743 26.0192 65.0 16.7631 71.5891 48.1234 76.5188 17.72 62.1679 67.9941 0.0 41.4367 44.5533 13.6015 36.1248 17.088 34.6699 42.8485 32.2047 27.2029 36.3593 44.7214 71.4509 
55.7931 76.4003 11.6619 61.9823 64.2884 52.345 74.1315 71.1688 64.1427 44.2832 96.3328 21.8403 60.208 53.2353 45.8039 24.2074 61.2049 48.0937 54.231 56.2363 96.5967 63.8302 42.638 11.6619 98.4327 61.4722 94.3665 90.5539 62.2538 61.0082 50.2494 31.5753 68.9638 57.6308 35.6931 31.8277 11.4018 106.934 16.5529 89.4258 42.19 103.506 62.6236 68.942 24.0208 72.2338 63.1348 41.4367 0.0 76.8068 52.0384 70.3508 41.3401 17.6918 59.2394 70.4557 29.0689 73.1642 26.0192 92.8338 
22.3607 45.8394 75.2353 14.8661 54.075 28.2843 24.6414 53.7275 13.0384 69.3758 41.6173 55.504 64.2672 25.02 46.3249 54.1295 38.546 72.4224 57.0572 21.095 21.0 19.6977 65.8027 67.9117 64.195 35.8153 46.9574 40.2492 22.8473 27.313 49.0525 45.8878 65.9156 19.7231 89.1403 70.0071 67.1863 31.4006 65.8807 24.0832 60.0 27.4591 39.0179 57.5318 55.112 33.3017 50.5349 44.5533 76.8068 0.0 31.241 8.94427 60.6053 61.3922 26.2488 18.1108 71.5052 13.0 88.0057 34.2345 
14.0 34.9803 47.5395 19.9249 25.7703 4.0 42.4506 33.6011 24.0416 65.637 45.9739 31.257 34.0147 23.6945 46.4209 35.4683 52.9468 69.984 59.2247 13.1529 47.5079 32.0624 34.6699 46.6905 55.8587 53.2141 45.3174 40.5636 33.0151 9.05539 50.781 21.3776 37.4722 14.3178 58.258 39.0512 45.5412 62.2415 38.0789 52.8015 28.8444 58.0517 37.6978 67.2644 28.1603 51.3659 58.86 13.6015 52.0384 31.241 0.0 22.6274 29.4109 41.4849 32.4229 18.9737 40.8044 22.8254 58.1808 60.1664 
16.1245 39.4876 68.0294 10.4403 47.7232 20.0 28.7199 47.3757 11.4018 68.1542 38.2099 48.5259 55.4955 22.1359 45.1885 49.0918 42.6245 71.5891 56.9606 14.3178 26.2488 21.2603 57.0313 62.517 58.2035 39.8938 42.2019 35.609 24.0416 18.3848 48.8774 38.8973 59.5638 13.1529 80.8084 61.6198 61.6998 39.6232 58.6003 32.5576 51.2336 35.4683 36.632 61.6103 47.927 37.6352 54.6134 36.1248 70.3508 8.94427 22.6274 0.0 51.8561 56.2228 26.4008 10.198 63.2535 6.40312 80.1561 42.0 
41.6293 39.1152 31.3847 48.7647 27.4591 32.7567 70.2655 32.0624 52.7731 72.4983 62.5917 31.305 18.868 51.1329 63.4511 40.3113 80.3852 76.9675 74.2662 41.5933 76.1328 59.697 5.38516 43.1856 58.4637 80.6525 58.3095 56.2939 60.4838 36.4876 68.3325 28.2843 27.7308 42.9418 30.8707 13.0384 41.7732 91.3618 25.0 81.8841 1.0 87.1195 65.1362 88.1227 23.7065 79.1808 85.0069 17.088 41.3401 60.6053 29.4109 51.8561 0.0 41.8808 59.8613 47.2136 16.0 51.4471 34.2345 88.4638 
40.1123 70.511 23.7697 46.6905 58.4778 40.6079 57.4364 66.2873 48.5077 31.7805 86.7495 11.4018 59.5483 37.0 28.3311 7.28011 43.7288 36.1386 38.0789 42.0476 82.0366 47.1351 45.1774 6.7082 93.3583 43.9961 86.0349 81.3392 45.5586 50.448 33.1059 20.2485 67.1789 43.1045 48.2597 37.3631 6.40312 90.824 20.2237 72.7306 42.4382 87.5957 45.9285 52.4976 18.4391 54.7577 46.0977 34.6699 17.6918 61.3922 41.4849 56.2228 41.8808 0.0 42.5443 58.2151 35.6931 60.0 40.5216 76.1387 
18.6815 67.2696 60.7833 17.0294 58.3341 28.4486 15.785 66.1648 15.0 43.1741 64.5368 38.858 66.3776 9.0 20.2237 35.3466 24.4511 46.1736 30.852 20.2485 46.6905 7.0 65.241 49.2451 83.422 24.7184 67.9412 61.5224 4.12311 35.8469 22.8473 37.7007 69.7374 19.6977 81.6385 65.3456 48.7619 51.1957 52.9623 31.3847 59.4564 48.5077 18.6158 38.7688 43.9563 24.7003 30.3643 42.8485 59.2394 26.2488 32.4229 26.4008 59.8613 42.5443 0.0 34.7131 64.9026 32.6497 76.5107 34.4873 
19.6977 29.9931 66.4831 17.6918 38.2288 18.1108 38.6629 37.8812 20.2485 74.7466 30.5287 49.0408 55.0692 28.6007 51.9256 51.5359 58.1378 78.2677 64.5368 17.4642 29.2062 30.5287 52.3889 64.0312 48.709 58.4051 33.2415 26.9072 33.0151 11.4018 56.2228 39.0512 50.0693 17.0 76.5897 57.3888 63.0079 45.8039 57.0088 42.19 46.5912 41.4005 43.2025 71.5533 46.8722 47.5782 64.051 32.2047 70.4557 18.1108 18.9737 10.198 47.2136 58.2151 34.7131 0.0 59.2852 5.38516 76.9261 52.0384 
50.5859 55.0818 17.6918 58.0517 43.2897 43.2782 79.2054 48.0416 61.8458 67.4685 78.3217 28.0713 33.5261 60.0727 61.2168 37.0 76.6145 71.8053 72.0319 50.9313 88.2043 68.6368 14.8661 34.5398 74.1485 76.8818 74.2428 72.024 69.4236 48.5592 66.0982 30.4631 42.72 52.345 17.6918 3.16228 33.2415 102.825 15.5242 90.9897 17.0 98.7168 68.9254 85.8884 21.587 88.1207 79.0934 27.2029 29.0689 71.5052 40.8044 63.2535 16.0 35.6931 64.9026 59.2852 0.0 63.5138 18.4391 97.4036 
20.2237 33.2913 69.8928 16.1245 41.527 21.1896 35.01 41.1795 17.6918 73.849 31.8904 51.4782 58.3674 27.7308 51.0 53.0377 48.9146 77.3692 63.0547 18.1108 24.6982 27.6586 56.6223 66.0681 52.0 46.1839 35.805 29.2062 30.4138 16.2788 54.9181 41.5933 53.3676 17.2627 80.8231 61.6222 65.123 40.6079 60.407 37.054 50.8246 36.2353 42.305 67.9004 50.0 43.9253 60.9036 36.3593 73.1642 13.0 22.8254 6.40312 51.4471 60.0 32.6497 5.38516 63.5138 0.0 81.0062 47.1699 
66.5736 73.3348 16.7631 74.0415 61.6604 60.208 91.3561 66.0303 77.8336 70.1142 96.7339 37.7359 50.3587 70.196 68.5093 44.7772 83.9071 74.027 78.5875 67.0075 105.679 81.0774 32.0156 36.3456 91.444 84.1744 92.5419 90.4361 79.4298 66.2 73.3908 43.8634 59.5399 68.4105 10.8167 21.2132 35.5106 119.403 23.6008 106.977 35.2278 115.434 79.8949 93.0054 33.9706 94.936 86.386 44.7214 26.0192 88.0057 58.1808 80.1561 34.2345 40.5216 76.5107 76.9261 18.4391 81.0062 0.0 110.058 
46.8188 80.0342 94.3311 40.2616 85.6553 56.3205 24.2074 87.9223 36.1386 65.0 73.5391 72.4058 93.9113 40.8532 47.0106 68.941 31.305 66.0984 48.0521 47.1275 42.2019 29.5296 93.8434 80.7188 97.9847 31.0644 80.0062 73.3757 30.6357 59.4138 45.31 71.2486 97.3572 45.8803 115.599 96.2077 82.3563 32.6497 86.5101 11.6619 88.0589 33.0151 52.2102 40.1123 77.5041 20.1246 37.3363 71.4509 92.8338 34.2345 60.1664 42.0 88.4638 76.1387 34.4873 52.0384 97.4036 47.1699 110.058 0.0 
DEMAND_SCENARIO_SECTION
0 0 0 0 0 0 0 0 0 0 0 0 0 0 0 0 0 0 0 0 0 0 0 0 0 0 0 0 0 0 0 0 0 0 0 0 0 0 0 0 0 0 0 0 0 0 0 0 0 0 0 0 0 0 0 0 0 0 0 0 0 0 0 0 0 0 0 0 0 0 0 0 0 0 0 0 0 0 0 0 0 0 0 0 0 0 0 0 0 0 0 0 0 0 0 0 0 0 0 0 0 0 0 0 0 0 0 0 0 0 0 0 0 0 0 0 0 0 0 0 0 0 0 0 0 0 0 0 0 0 0 0 0 0 0 0 0 0 0 0 0 0 0 0 0 0 0 0 0 0 0 0 0 0 0 0 0 0 0 0 0 0 0 0 0 0 0 0 0 0 0 0 0 0 0 0 0 0 0 0 0 0 0 0 0 0 0 0 0 0 0 0 0 0 0 0 0 0 0 0 
8 9 6 10 14 8 13 6 10 12 5 10 8 11 8 8 13 8 3 18 6 15 4 6 12 4 6 11 13 15 5 4 14 12 9 10 4 9 4 11 8 5 9 8 15 8 10 9 12 10 9 3 8 11 8 11 10 7 9 13 6 11 14 8 5 7 8 10 11 10 9 6 12 9 5 2 14 7 11 7 7 7 6 10 14 6 6 8 7 5 10 7 8 9 10 8 9 8 7 7 12 6 11 6 11 5 9 8 16 10 7 9 9 10 9 7 7 8 12 11 4 12 10 10 3 9 5 8 8 11 13 7 5 7 5 12 8 10 12 9 11 8 8 6 8 6 9 14 8 7 5 7 13 7 9 9 7 8 11 12 11 11 9 4 5 9 9 10 11 10 9 11 7 10 9 12 8 14 12 11 7 5 11 7 5 11 9 8 8 8 6 11 9 8 8 1 10 5 8 14 
5 2 2 4 1 4 4 4 2 4 4 3 3 2 4 4 3 3 2 1 3 3 3 3 3 3 3 3 2 2 2 3 3 3 2 2 3 4 1 3 3 2 2 3 2 2 2 3 5 2 5 3 3 3 4 3 5 3 3 3 2 4 3 3 2 4 3 2 2 1 4 3 3 1 1 2 4 3 3 3 2 3 3 2 5 2 4 3 2 2 3 3 3 1 2 3 2 4 3 6 4 3 5 3 2 2 3 2 5 6 4 4 0 3 2 4 2 3 3 1 3 1 3 2 3 3 2 3 2 1 3 4 2 3 2 2 3 3 3 2 3 4 2 3 4 3 3 3 3 3 4 3 4 3 1 4 3 3 3 3 5 5 3 4 2 3 4 5 3 3 4 4 3 4 4 2 3 3 1 2 4 3 3 3 3 3 3 4 3 2 2 3 4 1 4 1 4 3 1 3 
2 1 1 3 2 2 2 1 2 2 3 3 2 3 3 2 3 2 2 3 3 2 2 3 4 1 2 2 3 2 3 2 2 3 3 3 3 2 2 2 2 2 3 1 2 2 2 3 3 4 2 3 1 1 2 2 1 3 2 2 2 2 3 4 3 3 2 1 2 2 2 2 2 2 3 2 2 3 2 1 4 2 2 2 2 2 1 2 2 2 1 2 1 1 3 1 2 2 2 2 3 2 2 2 3 2 3 2 1 2 2 2 3 3 3 2 1 2 3 2 3 2 2 2 2 0 3 2 2 2 2 1 3 1 1 2 3 1 1 1 3 2 3 1 3 2 1 1 2 3 2 0 3 2 2 3 3 3 3 2 2 3 0 3 3 2 1 2 3 1 1 3 2 2 2 2 2 2 3 3 2 3 1 2 3 3 0 3 1 1 2 2 2 2 2 2 2 3 2 2 
11 6 10 5 5 10 10 9 7 11 11 10 9 9 7 10 8 9 7 9 8 4 7 13 11 8 8 12 11 6 5 11 11 11 15 13 7 5 13 11 8 7 10 15 13 12 10 9 4 8 5 10 14 10 15 12 13 9 10 10 11 13 12 10 10 10 6 11 9 13 13 7 9 5 10 10 7 13 10 3 8 10 9 3 8 5 11 9 7 8 9 12 6 10 12 7 8 2 5 6 5 9 11 10 9 12 7 12 11 9 9 10 11 6 9 6 8 11 7 12 3 8 9 6 11 9 1 6 9 1 7 15 10 8 11 10 2 3 7 4 8 3 9 11 13 12 1 2 7 10 5 4 7 11 10 14 7 5 5 16 9 10 13 10 18 7 5 6 11 6 1 6 8 9 14 2 8 10 4 9 14 11 12 12 10 12 10 8 13 5 13 6 14 7 7 11 9 7 3 10 
5 4 4 3 5 5 4 3 3 5 3 3 4 3 4 4 4 4 3 4 3 5 4 6 4 4 4 5 5 3 5 3 5 3 7 4 3 4 4 3 3 4 6 4 3 3 4 3 3 4 6 4 6 6 4 4 4 5 5 4 3 8 6 6 3 4 4 5 3 4 2 6 5 3 5 4 4 3 4 4 4 4 6 2 6 3 2 5 4 4 4 3 5 4 4 4 4 3 6 4 6 3 6 3 4 3 4 3 7 4 2 3 5 4 4 3 4 6 2 5 2 1 3 2 2 5 4 7 3 3 3 5 6 5 6 3 2 4 3 5 1 4 4 4 5 4 5 4 7 5 3 5 5 4 7 2 3 5 3 5 6 5 4 4 5 5 3 3 5 3 5 3 5 2 5 3 6 2 4 1 7 5 5 3 6 5 4 4 5 4 5 4 5 6 4 4 2 3 5 2 
4 6 2 5 6 3 11 9 7 8 7 7 5 7 9 12 7 6 6 7 7 7 2 9 4 6 7 7 5 6 6 7 9 5 12 5 8 7 10 6 9 5 9 10 5 7 6 6 9 7 8 7 10 5 5 4 8 9 5 8 8 7 3 7 8 10 7 6 9 11 6 8 7 6 3 10 7 6 6 7 6 8 6 6 9 6 2 5 9 10 8 5 4 10 6 6 8 7 3 7 7 8 6 10 2 9 5 6 8 8 10 7 4 7 11 6 5 2 8 5 8 7 11 7 8 10 9 9 5 8 7 9 6 7 6 6 4 5 7 12 5 6 7 5 11 6 4 5 6 7 10 7 8 6 5 4 3 8 10 8 11 10 4 7 9 9 2 8 10 6 6 2 6 6 4 7 7 6 8 5 3 6 12 10 10 10 2 10 6 3 8 5 8 9 7 6 6 6 8 7 
8 7 4 5 5 6 7 4 8 6 2 7 4 6 3 5 7 7 6 6 5 6 7 6 7 7 8 4 7 7 8 4 4 8 4 3 6 5 5 12 3 6 6 5 10 10 5 6 7 5 7 7 8 6 3 6 2 9 8 8 7 1 2 9 4 8 6 5 6 8 10 6 7 7 3 7 6 7 7 7 7 5 9 8 4 8 1 5 9 5 3 6 8 7 7 2 11 5 5 8 5 8 7 4 9 6 6 7 6 6 6 8 5 6 5 2 5 7 7 5 9 8 5 7 9 1 4 5 6 4 5 6 3 6 4 6 5 7 10 8 7 11 4 6 8 3 9 6 4 7 3 8 8 8 5 5 7 5 9 2 5 8 3 5 2 5 8 6 8 5 5 6 7 6 6 8 8 7 7 7 7 5 5 8 6 4 4 4 6 7 8 10 7 7 4 9 4 5 4 9 
8 8 7 4 4 4 7 4 6 9 9 7 5 7 6 4 9 7 8 9 11 6 6 9 5 3 10 2 5 8 4 3 5 2 5 7 5 6 8 7 8 5 4 3 8 6 6 7 4 7 4 4 8 8 8 9 6 4 7 9 8 4 8 7 3 6 3 5 8 7 7 5 7 5 4 6 6 9 6 3 3 10 0 3 6 5 7 8 4 0 3 6 10 8 6 6 4 7 6 4 6 8 5 7 11 4 6 2 4 5 7 5 8 9 6 2 2 7 5 10 6 4 2 4 9 9 4 4 7 7 6 4 6 5 7 6 6 4 8 4 3 6 4 7 5 6 6 10 8 5 7 8 5 8 10 6 2 6 5 10 4 6 3 6 11 3 7 6 5 7 8 8 7 2 8 8 4 5 8 7 7 5 8 6 4 1 6 2 7 7 3 7 5 3 10 5 7 2 6 4 
8 5 8 5 5 9 9 5 7 8 6 5 4 7 3 5 9 8 4 8 5 8 10 3 5 0 7 7 5 7 8 7 6 2 6 8 5 6 6 4 8 9 5 10 5 6 8 9 5 5 5 5 6 7 10 6 6 1 11 9 3 5 8 6 4 9 4 8 5 6 7 3 5 5 7 6 6 5 7 5 7 4 5 5 7 8 8 5 3 6 5 7 4 6 6 10 8 0 6 7 6 8 7 9 9 4 7 7 7 9 5 4 5 5 4 5 2 7 7 7 8 8 4 6 7 5 3 0 7 5 10 6 5 3 8 6 5 7 6 2 6 7 7 8 9 6 10 5 6 7 8 10 6 4 3 5 8 4 6 6 5 6 7 10 5 6 5 7 5 8 5 10 3 5 5 6 4 6 7 8 5 5 4 8 9 8 9 9 6 4 8 6 8 4 4 8 10 6 4 2 
8 13 11 6 9 13 8 10 9 4 10 8 7 9 9 10 15 5 9 11 5 12 9 7 8 11 7 10 12 8 7 15 8 12 6 11 13 11 6 9 7 6 6 3 0 14 9 11 6 14 11 5 12 8 6 10 18 15 5 10 12 8 8 10 8 7 6 11 9 8 10 13 15 3 11 10 6 7 11 16 10 16 14 10 4 7 14 8 11 13 10 7 9 4 10 6 12 9 9 6 14 13 17 3 8 9 6 12 7 9 9 5 7 11 12 8 16 9 13 11 12 4 6 12 10 12 8 10 5 7 9 4 10 7 7 13 10 8 11 14 7 7 10 16 14 13 11 8 15 6 15 7 10 15 10 6 5 15 8 8 10 14 8 8 6 9 14 16 9 12 15 13 9 9 10 7 8 11 8 2 10 11 7 16 8 13 12 10 13 16 11 9 9 10 11 12 7 14 12 10 
10 13 8 11 4 9 11 10 10 9 18 13 12 7 13 11 6 13 12 8 12 14 13 14 11 5 7 9 14 13 8 11 12 16 10 7 12 11 14 13 3 6 10 7 6 10 6 10 6 2 7 10 10 10 7 12 11 8 10 5 13 6 10 9 8 13 9 9 10 14 10 12 11 10 11 8 13 8 11 9 12 7 14 14 10 10 13 9 9 15 10 9 8 12 9 13 6 13 3 10 15 8 8 11 13 12 6 9 15 7 5 14 11 8 4 3 12 13 13 8 10 9 20 10 8 10 10 7 10 6 11 8 8 10 13 13 13 14 2 6 10 7 4 11 15 10 10 7 9 5 4 11 10 10 11 4 8 10 12 6 11 12 15 13 5 5 11 7 10 10 11 11 12 6 10 8 9 16 12 11 12 8 12 8 5 11 9 10 11 6 12 7 7 10 13 8 14 13 11 10 
3 2 2 2 2 2 2 2 1 1 3 2 3 1 2 2 2 2 2 1 1 3 1 2 3 2 3 3 2 3 1 2 3 2 2 2 4 2 2 3 1 3 1 2 2 3 3 2 2 2 2 2 2 3 3 1 1 2 1 2 2 1 3 2 2 2 2 1 3 4 1 2 1 3 1 3 1 2 1 3 1 2 2 2 3 3 1 1 1 2 2 3 3 3 1 2 2 3 3 2 3 2 0 3 2 2 3 1 2 2 3 2 2 1 2 2 2 2 2 3 1 2 1 2 3 1 2 1 2 1 2 2 1 1 2 2 3 1 2 1 3 2 2 3 2 1 1 2 1 1 2 2 3 2 2 3 2 2 1 3 3 2 2 3 2 2 2 2 3 2 2 3 2 3 3 3 2 2 3 1 3 2 2 2 2 2 3 3 2 2 3 2 3 1 3 2 3 2 2 1 
2 5 4 2 4 3 5 5 4 4 5 4 4 5 4 1 4 1 2 3 4 2 3 4 4 5 4 3 2 2 2 3 2 2 4 2 3 2 3 3 4 4 2 3 3 3 3 4 4 2 4 4 2 3 3 3 3 1 2 3 3 2 4 3 2 3 3 1 2 3 2 3 2 2 3 2 3 5 3 3 3 3 4 2 4 2 3 2 3 3 4 3 3 4 3 4 5 4 2 4 3 2 3 3 6 4 4 2 3 5 2 3 3 3 3 1 5 2 2 4 3 4 4 4 4 3 4 3 2 3 4 3 2 1 3 2 3 4 2 4 2 4 4 3 3 6 3 4 3 4 3 4 4 2 3 4 3 5 1 4 4 5 3 2 1 4 3 4 3 2 3 3 2 4 1 4 2 2 3 1 3 2 2 1 4 2 3 1 4 2 2 3 2 4 4 3 2 3 5 5 
3 1 1 2 2 1 3 3 1 2 2 3 2 3 3 1 2 3 2 2 3 3 2 1 2 3 2 2 2 2 1 1 2 2 2 3 2 3 3 2 2 3 1 2 2 3 3 3 2 2 1 1 2 2 2 3 2 3 2 4 3 2 3 3 3 2 2 2 3 1 1 2 2 2 2 2 3 2 1 1 0 2 2 3 2 2 2 2 1 1 2 2 4 2 2 2 2 3 2 0 1 2 0 2 0 3 1 2 1 2 2 2 1 3 1 3 0 2 2 1 3 3 2 2 2 1 3 3 1 2 3 3 1 3 0 1 2 3 3 2 1 3 2 1 1 1 2 3 1 3 2 2 2 2 1 3 2 3 2 2 3 3 2 1 2 2 1 2 3 2 2 1 2 2 2 3 2 1 2 2 2 1 1 4 2 1 2 2 2 3 2 2 2 2 2 1 2 2 2 2 
5 5 5 6 6 7 6 9 5 4 7 9 3 10 7 7 10 4 2 3 4 9 5 9 5 6 8 6 2 4 5 7 6 8 10 7 7 4 5 6 9 5 3 5 6 8 10 9 4 3 7 4 7 6 7 3 5 5 7 3 5 6 5 7 3 0 6 7 1 8 8 5 5 8 7 4 8 4 5 7 12 5 5 8 5 8 6 7 11 5 7 9 9 4 4 2 6 2 9 10 7 4 6 4 5 10 5 8 8 8 5 6 5 5 9 12 5 6 8 5 7 6 9 7 6 0 6 2 5 11 6 7 7 5 6 4 5 10 6 8 3 5 6 2 8 7 6 5 7 2 9 4 6 9 7 9 3 8 8 8 8 6 11 5 3 4 7 5 7 6 8 5 7 6 8 5 5 6 7 4 6 7 9 7 7 6 8 4 6 6 6 6 3 3 11 7 6 7 4 8 
6 9 6 7 8 5 6 4 7 4 5 6 8 9 6 4 7 7 9 4 6 9 6 6 3 3 9 5 10 4 4 6 9 8 8 6 9 4 6 5 6 7 2 7 6 5 5 9 4 4 7 7 5 5 8 8 7 5 6 6 7 5 3 6 6 7 5 8 4 5 6 1 7 7 5 6 2 4 7 5 5 2 6 6 5 6 7 9 5 7 8 5 7 6 8 9 6 5 4 8 6 4 9 7 8 7 8 8 8 4 8 6 6 4 6 4 4 5 5 7 6 2 5 5 8 4 5 7 7 3 9 4 6 7 4 4 4 9 6 7 6 6 8 8 6 8 3 6 8 8 2 5 4 4 4 6 8 6 7 3 2 4 5 2 8 6 6 9 6 5 5 4 5 4 2 7 3 7 4 3 2 4 4 4 3 8 6 11 5 7 9 9 6 7 6 9 4 6 6 5 
2 1 2 1 1 1 1 1 1 1 2 1 1 1 1 1 1 1 1 1 1 1 1 1 1 2 1 1 1 1 1 1 2 1 2 1 1 1 1 1 1 1 1 1 1 0 1 1 1 2 0 1 1 1 1 1 2 1 1 1 1 1 1 1 1 1 0 1 1 1 1 1 1 1 1 2 1 0 1 2 1 1 1 2 1 2 1 1 1 1 1 1 2 1 1 2 1 1 2 1 1 2 1 1 1 1 1 2 1 1 1 1 1 1 1 1 1 1 2 1 1 1 1 1 1 1 1 1 1 1 1 1 1 1 1 1 0 1 1 1 1 1 1 1 0 2 1 1 1 1 1 1 1 1 1 1 1 1 2 1 1 1 1 1 1 1 1 1 1 1 1 1 1 1 1 1 1 1 1 0 1 1 0 0 1 2 1 1 1 0 1 0 1 1 1 1 1 1 1 1 
3 4 6 7 2 3 3 3 4 5 4 4 6 5 3 4 5 5 3 5 2 3 3 5 4 4 4 6 3 4 4 3 3 5 4 5 3 6 4 6 6 3 2 4 5 4 4 6 4 6 6 5 5 2 4 4 3 3 3 2 3 4 4 6 4 5 4 2 8 3 4 3 4 4 6 5 2 5 6 3 3 5 5 4 6 2 6 3 4 2 2 3 7 3 4 4 2 5 1 2 3 5 3 5 3 5 3 8 5 7 4 5 2 6 4 3 3 3 4 5 5 4 4 4 3 5 1 6 3 4 6 5 4 4 2 3 4 5 4 4 4 1 4 3 5 6 5 5 2 2 5 6 6 3 3 5 3 4 4 2 5 3 2 3 5 5 4 5 1 4 2 6 6 2 5 5 2 5 3 5 5 4 1 5 6 1 6 5 5 4 4 2 4 5 4 4 4 2 4 5 
4 9 4 6 4 2 6 4 4 4 4 4 6 6 5 2 5 5 7 4 3 6 3 5 7 5 4 3 5 5 7 3 6 5 4 5 7 6 4 5 3 6 2 7 6 6 6 5 4 6 6 4 7 4 6 1 5 4 5 0 7 9 4 6 6 8 4 7 7 5 8 4 6 5 4 4 7 6 8 3 6 7 6 4 5 4 7 6 4 5 6 7 2 6 5 7 6 2 6 7 4 6 3 3 4 6 6 6 5 9 8 2 5 5 5 5 4 10 2 3 6 4 7 4 6 7 8 1 4 3 7 2 1 7 4 6 4 7 4 5 7 2 5 6 6 5 6 6 8 3 4 2 7 5 6 6 7 4 6 3 4 6 7 5 4 4 5 7 5 5 5 7 4 6 4 6 5 7 3 6 5 7 6 5 7 7 5 4 6 10 4 4 6 4 8 4 6 6 8 5 
3 2 2 2 2 3 2 2 1 2 1 2 2 2 2 2 2 1 3 2 1 2 2 3 2 3 1 2 2 3 3 2 1 2 3 2 2 1 1 3 3 1 3 2 3 3 1 2 3 3 1 1 2 1 2 2 2 3 1 2 2 0 2 4 2 2 1 1 2 2 1 3 2 1 2 2 3 1 1 2 1 3 2 2 2 2 1 2 1 2 2 2 2 3 1 2 1 2 3 3 1 1 1 2 2 2 1 1 2 2 2 2 2 2 2 3 1 2 3 2 2 2 2 1 3 2 1 2 1 2 2 1 3 2 2 2 2 2 2 1 2 3 1 2 1 3 1 2 1 2 1 3 3 1 1 1 3 2 1 1 3 2 3 2 3 2 1 2 3 2 2 3 2 2 2 2 3 2 1 2 2 3 2 2 1 2 2 3 1 2 2 3 2 1 2 4 2 2 1 1 
1 1 3 2 2 1 3 2 2 3 1 2 2 1 1 2 1 3 3 3 3 1 3 3 3 4 2 2 2 2 3 2 1 2 2 4 2 2 1 1 2 2 2 3 2 1 2 1 3 3 2 2 2 2 3 2 3 1 2 2 3 2 3 0 2 1 1 2 2 2 1 4 1 2 2 3 2 2 2 3 1 1 2 2 2 1 2 2 2 2 1 3 2 3 2 2 1 3 3 1 1 2 1 2 2 2 1 2 1 2 2 3 2 2 1 2 2 2 3 1 1 1 2 3 3 3 3 2 2 3 3 2 2 2 2 2 3 2 2 2 1 2 3 2 0 2 3 2 3 2 1 1 3 3 2 3 1 1 2 1 2 2 2 2 2 2 2 3 3 2 2 3 3 2 1 2 1 2 1 2 2 2 2 2 1 2 3 3 3 1 3 2 3 3 2 2 3 3 2 3 
9 15 14 11 9 9 6 9 9 14 10 19 17 7 0 11 14 6 11 9 7 10 9 6 11 9 17 9 10 10 13 6 15 9 15 11 13 4 11 13 3 10 13 7 7 6 14 5 16 9 13 8 12 7 17 13 7 6 15 14 5 8 16 3 10 15 9 14 7 13 12 13 9 10 10 8 11 11 14 10 11 15 11 12 8 3 10 11 10 5 13 10 15 7 11 6 6 8 9 8 10 11 9 10 9 9 14 11 9 7 15 6 15 8 14 7 13 12 12 11 11 14 5 14 9 15 9 15 13 16 5 11 10 11 9 5 17 10 14 13 8 10 8 9 9 14 16 11 9 12 9 18 12 7 14 4 7 5 14 8 11 13 11 11 10 12 8 6 13 11 13 16 4 11 10 12 14 11 12 10 7 7 11 11 5 11 19 11 5 12 10 15 16 8 15 7 15 11 8 5 
