NAME  : Jabali_60_4_0.82_1_0
TYPE : SVRP
MODEL : FINITE_SUPPORT
NUMBER_OF_SCENARIOS : 200
DIMENSION : 60
EDGE_WEIGHT_TYPE : MATRIX
CAPACITY : 97
N_VEHICLES : 4
NODE_COORD_SECTION
1 4268 4565
2 3777 1485
3 7644 3294
4 1020 3473
5 5175 7997
6 3144 3533
7 3716 2544
8 7976 4394
9 27 3977
10 4955 4335
11 4505 486
12 4239 8322
13 3594 628
14 2985 4953
15 1728 4306
16 6430 1200
17 5179 7827
18 5447 3458
19 1036 3252
20 6087 4993
21 515 3281
22 934 2988
23 2188 7535
24 7994 5429
25 3772 3063
26 5719 1910
27 7607 4021
28 4638 7589
29 2897 6421
30 5540 996
31 7702 3888
32 2015 6220
33 3289 2647
34 8489 4762
35 6337 2194
36 1141 2284
37 4458 4370
38 5608 252
39 776 3221
40 3423 6050
41 1734 6088
42 7730 4180
43 5404 1542
44 5147 6467
45 2368 6872
46 2755 3428
47 4908 1104
48 2574 2280
49 2506 3863
50 2429 6361
51 4101 527
52 3212 3894
53 4192 18
54 4755 8112
55 3322 4858
56 6966 2182
57 7354 4220
58 3963 7288
59 3172 8854
60 1872 7449
DEMAND_SECTION
1 0.0
2 2.0
3 3.0
4 6.0
5 6.0
6 3.0
7 9.0
8 9.0
9 8.0
10 2.0
11 3.0
12 8.0
13 9.0
14 6.0
15 4.0
16 5.0
17 5.0
18 6.0
19 2.0
20 8.0
21 1.0
22 10.0
23 9.0
24 8.0
25 6.0
26 3.0
27 5.0
28 2.0
29 3.0
30 6.0
31 10.0
32 10.0
33 4.0
34 1.0
35 7.0
36 8.0
37 1.0
38 7.0
39 8.0
40 5.0
41 3.0
42 3.0
43 1.0
44 2.0
45 6.0
46 7.0
47 10.0
48 8.0
49 9.0
50 1.0
51 9.0
52 4.0
53 10.0
54 2.0
55 2.0
56 4.0
57 1.0
58 3.0
59 9.0
60 10.0
DEVIATION_SECTION
1 0.0
2 0.666667
3 1.0
4 2.0
5 2.0
6 1.0
7 3.0
8 3.0
9 2.66667
10 0.666667
11 1.0
12 2.66667
13 3.0
14 2.0
15 1.33333
16 1.66667
17 1.66667
18 2.0
19 0.666667
20 2.66667
21 0.333333
22 3.33333
23 3.0
24 2.66667
25 2.0
26 1.0
27 1.66667
28 0.666667
29 1.0
30 2.0
31 3.33333
32 3.33333
33 1.33333
34 0.333333
35 2.33333
36 2.66667
37 0.333333
38 2.33333
39 2.66667
40 1.66667
41 1.0
42 1.0
43 0.333333
44 0.666667
45 2.0
46 2.33333
47 3.33333
48 2.66667
49 3.0
50 0.333333
51 3.0
52 1.33333
53 3.33333
54 0.666667
55 0.666667
56 1.33333
57 0.333333
58 1.0
59 3.0
60 3.33333
DISTANCE_MATRIX
0.0 42.9418 48.0833 46.3249 48.4665 20.2237 28.2312 50.4777 57.28 8.94427 55.6041 51.4668 54.5894 18.0278 33.9411 53.2468 47.1699 21.0312 47.5079 25.6125 52.6972 49.6488 48.6317 53.1507 21.5407 41.7359 46.5296 42.0896 31.1803 54.6194 46.9574 40.3866 28.6356 57.6281 41.1111 52.2015 3.0 63.5059 50.2494 25.0728 44.1548 47.5079 48.0586 29.4279 39.9848 24.7386 49.365 38.0132 25.0599 35.388 55.2208 16.7631 61.4394 48.7835 13.9284 46.445 43.0465 38.9146 63.5826 50.0799 
42.9418 0.0 59.5058 45.0111 91.2853 29.2062 15.0 69.6163 60.075 43.6807 16.4924 94.4052 11.6619 48.9183 46.1736 34.4093 89.9611 35.0143 44.1022 58.1378 49.366 43.4166 84.7161 79.4292 21.6333 25.7196 63.6647 85.028 67.3053 23.7065 63.1507 67.0901 17.2047 78.1603 35.5678 37.0 41.6293 29.2746 46.2709 61.4003 65.5371 65.5216 20.8357 71.5876 76.0692 29.5296 16.1555 19.0 35.7771 71.4723 13.8924 33.3017 20.2485 91.7219 46.669 43.3079 62.3618 80.2035 99.905 83.9587 
48.0833 59.5058 0.0 89.9756 71.1126 61.0152 53.465 14.5602 102.696 39.2938 56.8859 80.6536 65.146 66.0984 79.8655 32.0624 69.7782 31.9061 90.6956 30.5941 96.3352 91.9285 93.7441 28.2312 56.178 34.0147 9.43398 69.8928 79.203 41.3038 8.06226 88.4093 58.8144 22.0227 24.0416 88.7436 45.2217 48.0937 93.5232 73.0955 92.0075 11.1803 38.8973 53.1601 86.516 65.9972 47.2969 68.8472 68.9309 83.4107 60.6383 59.7141 63.6396 74.8465 61.9839 18.0 12.0416 71.9407 94.9322 96.4761 
46.3249 45.0111 89.9756 0.0 84.2912 29.0689 38.2753 94.7523 15.1327 54.2033 61.0737 80.1561 51.788 33.9559 15.0333 77.6111 83.3847 62.28 2.23607 71.8471 6.40312 5.38516 56.3028 99.2018 38.0789 68.9072 89.9297 76.1643 49.0408 67.2385 90.0825 39.6232 32.8938 102.591 74.8249 14.8661 48.0104 74.1687 4.12311 49.4975 37.108 91.2506 64.0234 71.1354 49.2443 24.2074 60.407 26.0192 21.4009 44.2832 57.3149 30.4795 62.8013 82.0244 36.0555 81.8896 86.977 67.0075 78.848 54.231 
48.4665 91.2853 71.1126 84.2912 0.0 66.7967 76.6942 62.3618 88.7694 52.0564 103.613 12.6491 102.883 51.0098 69.2604 91.2982 1.41421 61.6586 86.209 42.2019 89.6815 89.1403 40.4599 53.2353 70.0071 80.9008 63.3246 8.24621 36.1386 93.7843 64.622 47.1275 76.844 63.6396 78.5703 95.0474 49.6588 104.059 88.3629 35.0 50.5964 62.6259 87.2236 20.6155 40.2492 70.0794 97.3734 85.2299 67.2681 41.7612 103.229 62.5124 109.448 5.38516 50.2494 80.604 59.6154 18.0278 29.1204 44.0454 
20.2237 29.2062 61.0152 29.0689 66.7967 0.0 15.2315 65.8029 42.5441 26.4008 44.7772 66.7084 40.3113 19.799 21.3776 57.5215 65.5586 33.3196 29.6985 44.2832 35.3836 31.241 56.0474 71.0211 11.0 48.8175 60.9693 59.7227 38.6366 46.487 61.122 39.114 12.0416 73.7564 50.049 32.311 20.8806 54.0616 32.5269 33.541 37.561 62.2902 43.9337 49.0408 47.4005 5.0 39.9206 18.4391 9.21954 42.8037 43.0116 4.47214 49.4065 66.2702 18.0278 57.1136 58.0181 52.3933 71.4003 55.9826 
28.2312 15.0 53.465 38.2753 76.6942 15.2315 0.0 63.076 53.1601 30.1496 29.6816 79.5683 26.6271 34.4093 35.0571 41.7033 75.3923 26.0547 38.0789 46.2709 43.8634 38.4708 69.8564 71.6337 6.7082 32.9994 57.3091 70.2944 52.345 31.3307 56.9387 54.196 5.38516 71.5729 36.3705 35.3836 27.2029 38.9053 40.7185 46.4501 52.6431 59.0663 28.1155 57.28 61.2096 17.1172 24.7643 15.6205 23.3452 56.6127 28.3196 18.868 34.7131 76.9883 31.8904 43.4352 55.4898 65.2532 84.9599 71.3046 
50.4777 69.6163 14.5602 94.7523 62.3618 65.8029 63.076 0.0 107.168 41.6173 70.2567 73.1642 77.666 68.2567 84.0238 46.3897 61.131 38.6005 95.4833 27.2029 101.119 97.0316 87.8347 13.8924 59.9555 46.0977 6.08276 62.6498 73.8789 55.0091 7.0 84.3856 68.4254 8.544 37.1214 97.1658 48.0104 62.3939 98.311 67.7713 87.9839 4.12311 51.6236 47.0106 82.0569 70.785 60.407 78.4583 73.5935 79.387 73.6817 64.3817 77.1622 66.7083 64.2135 32.249 7.81025 66.0 88.459 90.5668 
57.28 60.075 102.696 15.1327 88.7694 42.5441 53.1601 107.168 0.0 65.7951 76.0066 82.6075 66.3702 41.8808 23.3452 92.7426 88.0568 75.0 16.0 82.9233 11.4018 17.2627 55.1453 110.441 52.3927 87.3623 102.616 80.5233 52.6308 82.37 102.801 41.7732 47.8017 114.691 89.6353 26.5707 59.4138 89.2749 14.1421 55.9782 38.4708 103.856 79.1549 78.7963 50.1597 38.0132 75.5381 41.1096 33.8378 47.0744 72.111 43.0116 77.4145 85.703 45.0 96.7 99.4887 70.8308 78.2304 52.345 
8.94427 43.6807 39.2938 54.2033 52.0564 26.4008 30.1496 41.6173 65.7951 0.0 56.1222 55.4279 55.0861 26.9258 42.5206 45.7596 50.717 13.544 55.2178 17.8885 60.6053 57.1402 56.5991 45.0 24.0 34.2486 37.5899 46.1478 39.9249 47.1321 38.0132 49.1311 32.0624 48.9183 33.6155 58.6941 6.40312 57.4089 58.0086 33.8173 52.7294 38.5876 40.5714 32.302 48.7294 31.305 49.1666 42.5793 32.8024 44.1325 55.3632 23.8537 62.7816 52.8065 22.8473 38.833 34.1321 43.0177 66.7787 57.2612 
55.6041 16.4924 56.8859 61.0737 103.613 44.7772 29.6816 70.2567 76.0066 56.1222 0.0 106.935 11.6619 64.0703 62.6418 26.8328 102.273 42.7705 60.0083 65.6692 65.0308 59.0339 99.1579 82.0061 35.609 25.318 64.195 97.7039 81.6884 15.8114 63.2851 83.2613 33.1059 78.5175 33.1361 51.6236 54.0059 15.2643 62.0081 75.6095 81.7083 66.1891 19.105 84.8933 90.511 45.6946 10.0499 35.2278 52.0 85.9141 5.0 48.5489 7.07107 104.363 61.4003 39.2938 64.0078 94.3826 114.119 100.606 
51.4668 94.4052 80.6536 80.1561 12.6491 66.7084 79.5683 73.1642 82.6075 55.4279 106.935 0.0 106.047 48.7647 65.2782 99.4865 13.3417 68.4819 82.2192 50.6117 85.0059 85.2877 30.4138 65.0077 72.9678 89.1865 73.4983 10.7703 31.1448 102.07 74.7262 41.0488 78.0751 75.1665 86.7586 92.228 52.9469 112.347 84.0952 33.2415 44.1814 73.0068 95.5093 27.7308 32.5576 69.2892 100.887 84.8646 65.521 36.0 106.552 62.2415 112.77 7.28011 49.0408 88.8563 69.6419 14.3178 16.4924 34.0 
54.5894 11.6619 65.146 51.788 102.883 40.3113 26.6271 77.666 66.3702 55.0861 11.6619 106.047 0.0 60.1082 55.4617 37.2022 101.553 45.5412 50.4876 68.7314 55.1453 49.163 96.1322 88.5157 33.2866 31.5753 71.5891 96.6699 78.7214 25.807 70.8308 77.2983 28.2843 86.122 41.1096 41.0488 53.2259 26.9258 52.2398 72.9263 75.7454 73.5459 26.2488 83.1493 87.4853 40.0 18.3576 26.9258 46.0435 82.8884 6.7082 44.5533 11.0454 103.364 58.0517 48.3322 70.863 91.7295 111.396 94.1669 
18.0278 48.9183 66.0984 33.9559 51.0098 19.799 34.4093 68.2567 41.8808 26.9258 64.0703 48.7647 60.1082 0.0 19.3132 75.4075 50.0 38.7343 35.6931 43.3326 39.8497 38.4708 36.6469 70.9955 28.6531 66.7036 64.405 43.1045 19.2361 65.0349 64.8845 28.4018 31.8277 75.3452 58.8141 44.0454 20.8806 72.6095 38.0789 16.0312 27.0416 65.3483 61.8197 37.8552 28.0 21.095 58.4685 36.7151 16.7631 23.4031 62.6259 15.6205 69.029 49.366 4.12311 64.1481 60.8804 34.7131 52.0 38.095 
33.9411 46.1736 79.8655 15.0333 69.2604 21.3776 35.0571 84.0238 23.3452 42.5206 62.6418 65.2782 55.4617 19.3132 0.0 78.2986 68.3593 52.1699 17.0 59.5847 20.6155 20.025 42.9418 87.1021 32.249 69.5947 79.6304 61.131 34.1353 66.1094 79.8812 25.2982 30.2655 91.4385 70.8261 27.5136 36.1248 73.6817 19.105 34.5254 23.2594 80.8022 62.8942 57.0212 35.1141 18.0 59.5399 28.6531 12.1655 29.6142 59.808 20.6155 65.9242 67.0075 21.9545 77.8907 76.4003 52.0 64.846 41.3401 
53.2468 34.4093 32.0624 77.6111 91.2982 57.5215 41.7033 46.3897 92.7426 45.7596 26.8328 99.4865 37.2022 75.4075 78.2986 0.0 89.8884 32.7248 76.9569 49.679 82.4608 76.6221 101.833 59.439 46.8301 16.0312 40.6079 88.7195 84.3817 11.4018 39.4588 93.588 46.2166 54.0833 12.7279 70.9488 50.254 16.0312 79.3156 78.2742 95.0593 42.5793 14.8661 71.8858 93.1862 60.3088 19.105 51.8835 66.3039 88.5894 31.3847 60.422 32.8938 94.1683 72.4182 14.1421 41.4849 88.2872 112.048 103.281 
47.1699 89.9611 69.7782 83.3847 1.41421 65.5586 75.3923 61.131 88.0568 50.717 102.273 13.3417 101.553 50.0 68.3593 89.8884 0.0 60.2488 85.2877 40.8044 88.8144 88.2043 40.3609 52.1536 68.7095 79.491 62.0322 7.61577 35.4401 92.3745 63.3246 46.4866 75.5844 62.514 77.1605 94.0213 48.3322 102.649 87.4643 34.0147 49.98 61.3514 85.8137 19.2094 39.8246 68.9507 96.034 83.9917 66.1891 41.1096 101.89 61.2743 108.108 6.08276 49.163 79.2023 58.3095 17.4642 29.8329 43.9318 
21.0312 35.0143 31.9061 62.28 61.6586 33.3196 26.0547 38.6005 75.0 13.544 42.7705 68.4819 45.5412 38.7343 52.1699 32.7248 60.2488 0.0 63.0 23.1948 68.6396 64.5483 68.8404 45.8803 27.4722 21.2106 33.3017 59.2017 52.1662 34.0941 33.2415 61.3724 35.6757 46.8722 20.8806 64.6825 18.0384 44.3709 65.8276 46.0586 64.0114 34.8281 27.5334 42.2462 60.9706 38.3017 35.8149 46.7852 41.2353 56.3738 43.9659 32.0185 49.4299 65.8604 34.6142 27.0185 30.8058 56.0716 79.8327 71.0657 
47.5079 44.1022 90.6956 2.23607 86.209 29.6985 38.0789 95.4833 16.0 55.2178 60.0083 82.2192 50.4876 35.6931 17.0 76.9569 85.2877 63.0 0.0 72.9452 5.83095 3.16228 58.5235 100.21 38.2753 68.253 90.6497 78.1025 51.0882 66.5843 90.8024 41.7732 32.6956 103.392 74.677 12.7279 49.0918 73.3348 2.82843 51.3517 39.2938 91.9706 63.3691 72.6849 51.4198 24.7588 59.6825 25.1794 22.4722 46.3897 56.1427 31.4006 61.5224 84.006 37.6431 81.7416 87.6985 69.0 81.0432 56.4624 
25.6125 58.1378 30.5941 71.8471 42.2019 44.2832 46.2709 27.2029 82.9233 17.8885 65.6692 50.6117 68.7314 43.3326 59.5847 49.679 40.8044 23.1948 72.9452 0.0 78.2368 74.9466 63.5867 27.5862 40.7922 40.407 25.0799 39.8121 49.6309 53.2353 26.0192 60.1376 49.0306 33.121 37.0135 76.5572 23.8537 63.2851 75.7166 43.5233 63.7359 25.318 46.7297 23.011 57.8089 49.1935 55.6766 59.9083 50.4777 55.139 66.9403 41.6773 72.3285 45.2769 39.2895 38.4187 21.095 41.7833 64.7748 66.3188 
52.6972 49.366 96.3352 6.40312 89.6815 35.3836 43.8634 101.119 11.4018 60.6053 65.0308 85.0059 55.1453 39.8497 20.6155 82.4608 88.8144 68.6396 5.83095 78.2368 0.0 6.0 59.9083 105.603 44.1022 73.7569 96.2893 81.5144 54.037 72.0882 96.442 44.1022 38.4838 108.977 80.4724 15.2315 54.4059 78.6384 3.16228 55.109 41.3038 97.6102 68.873 77.2699 53.4603 30.4795 65.1153 30.5941 27.8029 49.0102 61.0082 36.8782 66.1891 87.2067 42.1545 87.537 93.3381 72.1734 82.7647 57.5674 
49.6488 43.4166 91.9285 5.38516 89.1403 31.241 38.4708 97.0316 17.2627 57.1402 59.0339 85.2877 49.163 38.4708 20.025 76.6221 88.2043 64.5483 3.16228 74.9466 6.0 0.0 61.6847 102.078 39.2046 67.9182 92.198 81.0555 54.1479 66.2193 92.3507 44.911 33.121 104.995 75.108 10.0 51.1077 72.6911 3.16228 54.231 42.45 93.5189 63.0344 75.256 54.5711 26.2488 59.2284 24.7386 24.5967 49.4975 55.0091 33.2866 60.208 87.0 40.2616 82.1727 89.2468 72.0069 84.2021 59.6154 
48.6317 84.7161 93.7441 56.3028 40.4599 56.0474 69.8564 87.8347 55.1453 56.5991 99.1579 30.4138 96.1322 36.6469 42.9418 101.833 40.3609 68.8404 58.5235 63.5867 59.9083 61.6847 0.0 83.1685 63.5786 101.239 87.1495 33.2415 17.4642 99.5701 88.2808 18.4391 67.917 91.7182 88.9203 70.2638 50.8164 107.145 59.7746 26.3059 19.7231 86.9402 96.355 41.7852 9.43398 55.6937 93.0037 69.383 49.4347 16.6433 98.1644 51.6625 104.547 35.805 38.086 94.2542 83.1876 24.4131 23.0868 3.60555 
53.1507 79.4292 28.2312 99.2018 53.2353 71.0211 71.6337 13.8924 110.441 45.0 82.0061 65.0077 88.5157 70.9955 87.1021 59.439 52.1536 45.8803 100.21 27.5862 105.603 102.078 83.1685 0.0 65.8542 57.0789 18.9737 55.0818 69.3964 67.2681 20.2485 79.9031 74.0577 10.7703 49.163 102.956 51.225 75.3127 103.005 63.2888 83.5013 17.088 63.0079 41.4849 77.5744 76.0066 72.0 85.1672 77.801 74.9045 85.0529 68.8186 89.0225 58.0775 66.8068 45.3542 18.1108 60.208 81.0555 86.0349 
21.5407 21.6333 56.178 38.0789 70.0071 11.0 6.7082 59.9555 52.3927 24.0 35.609 72.9678 33.2866 28.6531 32.249 46.8301 68.7095 27.4722 38.2753 40.7922 44.1022 39.2046 63.5786 65.8542 0.0 38.1262 55.1219 63.5906 46.0977 36.4575 59.6517 49.9296 8.24621 67.9255 39.3576 37.8021 20.6155 44.0321 41.0488 40.0649 48.3766 56.4428 33.2423 50.6952 54.9318 14.5602 29.7893 19.3132 20.0998 50.3349 34.6554 13.6015 41.0122 70.2845 25.807 46.4222 52.1707 58.8681 78.5748 65.0268 
41.7359 25.7196 34.0147 68.9072 80.9008 48.8175 32.9994 46.0977 87.3623 34.2486 25.318 89.1865 31.5753 66.7036 69.5947 16.0312 79.491 21.2106 68.253 40.407 73.7569 67.9182 101.239 57.0789 38.1262 0.0 40.025 79.9063 83.7874 13.4536 39.2938 92.9937 37.5126 54.5711 10.6301 62.2448 38.743 24.0416 70.6117 77.6799 86.3554 41.9762 6.32456 61.4884 92.5919 51.6049 15.2971 43.1796 57.6 87.995 28.0 51.7181 32.3883 86.565 63.7143 19.105 39.3192 76.7763 100.537 102.687 
46.5296 63.6647 9.43398 89.9297 63.3246 60.9693 57.3091 6.08276 102.616 37.5899 64.195 73.4983 71.5891 64.405 79.6304 40.6079 62.0322 33.3017 90.6497 25.0799 96.2893 92.198 87.1495 18.9737 55.1219 40.025 0.0 62.8172 73.1936 49.0 1.41421 83.7003 62.6585 14.5602 31.0644 92.5878 43.909 56.5685 93.4773 67.086 87.2986 2.0 45.5412 46.5296 81.3716 65.9513 54.3323 72.6914 68.884 78.7017 67.6018 59.6657 71.1126 67.3573 60.3738 26.4764 4.0 65.346 88.2836 89.8815 
42.0896 85.028 69.8928 76.1643 8.24621 59.7227 70.2944 62.6498 80.5233 46.1478 97.7039 10.7703 96.6699 43.1045 61.131 88.7195 7.61577 59.2017 78.1025 39.8121 81.5144 81.0555 33.2415 55.0818 63.5906 79.9063 62.8172 0.0 27.8927 92.7898 64.0312 38.8973 70.3038 65.0077 75.9916 87.1436 43.566 103.067 80.2247 27.074 42.3792 62.3699 86.2291 17.0 32.249 62.5859 91.4647 77.9723 59.5399 33.5261 97.1744 55.2565 103.393 6.7082 42.5793 78.0893 58.9406 9.84886 26.0 36.7696 
31.1803 67.3053 79.203 49.0408 36.1386 38.6366 52.345 73.8789 52.6308 39.9249 81.6884 31.1448 78.7214 19.2361 34.1353 84.3817 35.4401 52.1662 51.0882 49.6309 54.037 54.1479 17.4642 69.3964 46.0977 83.7874 73.1936 27.8927 0.0 82.1187 74.3249 11.1803 50.5061 77.8195 72.246 62.0775 34.1421 89.6933 53.0094 9.0 14.7648 72.9843 78.9036 29.0689 9.05539 40.3149 75.5524 55.9483 35.8515 5.83095 80.6598 34.2517 87.046 33.2415 20.6752 77.58 69.2317 18.2483 33.0151 19.0263 
54.6194 23.7065 41.3038 67.2385 93.7843 46.487 31.3307 55.0091 82.37 47.1321 15.8114 102.07 25.807 65.0349 66.1094 11.4018 92.3745 34.0941 66.5843 53.2353 72.0882 66.2193 99.5701 67.2681 36.4575 13.4536 49.0 92.7898 82.1187 0.0 48.0104 91.325 35.8439 63.1269 18.1108 60.5392 51.6265 10.6301 68.943 76.0112 84.6866 51.0 8.06226 74.3719 90.9232 48.3422 7.81025 41.4849 54.6253 86.3263 20.1246 50.0494 22.3607 99.4485 62.0455 23.5372 49.163 89.6598 113.421 101.018 
46.9574 63.1507 8.06226 90.0825 64.622 61.122 56.9387 7.0 102.801 38.0132 63.2851 74.7262 70.8308 64.8845 79.8812 39.4588 63.3246 33.2415 90.8024 26.0192 96.442 92.3507 88.2808 20.2485 59.6517 39.2938 1.41421 64.0312 74.3249 48.0104 0.0 84.8316 62.2881 15.2971 30.1496 92.2173 44.2945 55.4437 93.6301 68.2174 88.4299 3.16228 44.7214 47.676 82.5029 66.1041 53.4603 72.3209 69.0378 79.833 66.7533 59.821 70.1783 68.6222 60.8358 25.318 5.09902 66.4774 89.4427 91.0128 
40.3866 67.0901 88.4093 39.6232 47.1275 39.114 54.196 84.3856 41.7732 49.1311 83.2613 41.0488 77.2983 28.4018 25.2982 93.588 46.4866 61.3724 41.7732 60.1376 44.1022 44.911 18.4391 79.9031 49.9296 92.9937 83.7003 38.8973 11.1803 91.325 84.8316 0.0 50.1684 88.3263 81.4523 52.811 43.3484 98.8996 43.4166 18.4728 3.60555 83.491 88.1098 39.686 9.84886 37.5767 78.9562 51.2661 31.3178 5.38516 80.9657 36.5779 87.2636 43.9318 29.8408 86.7862 79.7385 29.1204 39.5601 17.8045 
28.6356 17.2047 58.8144 32.8938 76.844 12.0416 5.38516 68.4254 47.8017 32.0624 33.1059 78.0751 28.2843 31.8277 30.2655 46.2166 75.5844 35.6757 32.6956 49.0306 38.4838 33.121 67.917 74.0577 8.24621 37.5126 62.6585 70.3038 50.5061 35.8439 62.2881 50.1684 0.0 76.9223 41.3429 30.4138 28.1603 43.4166 35.3412 44.9569 48.6155 64.4157 32.6288 58.0517 59.2701 12.6491 29.2746 11.1803 18.9737 54.6732 31.0644 16.2788 37.4433 76.9978 29.8329 49.0585 60.8392 63.76 83.2406 67.037 
57.6281 78.1603 22.0227 102.591 63.6396 73.7564 71.5729 8.544 114.691 48.9183 78.5175 75.1665 86.122 75.3452 91.4385 54.0833 62.514 46.8722 103.392 33.121 108.977 104.995 91.7182 10.7703 67.9255 54.5711 14.5602 65.0077 77.8195 63.1269 15.2971 88.3263 76.9223 0.0 45.3982 105.136 55.3173 70.1142 106.217 71.712 91.9245 12.6491 60.0167 50.4876 85.9975 78.7464 68.7314 86.9551 81.3204 83.3276 82.0366 72.1388 85.3756 68.3593 71.302 40.0125 16.1245 69.4622 91.0055 94.5074 
41.1111 35.5678 24.0416 74.8249 78.5703 50.049 36.3705 37.1214 89.6353 33.6155 33.1361 86.7586 41.1096 58.8141 70.8261 12.7279 77.1605 20.8806 74.677 37.0135 80.4724 75.108 88.9203 49.163 39.3576 10.6301 31.0644 75.9916 72.246 18.1108 30.1496 81.4523 41.3429 45.3982 0.0 71.7204 38.1183 26.9258 77.3324 66.1385 87.5868 33.0606 14.8661 59.1579 81.0505 52.8363 23.3452 51.9712 58.8314 76.4536 36.6742 52.9495 40.05 81.4404 54.6941 8.60233 31.0644 76.1515 99.9125 91.1455 
52.2015 37.0 88.7436 14.8661 95.0474 32.311 35.3836 97.1658 26.5707 58.6941 51.6236 92.228 41.0488 44.0454 27.5136 70.9488 94.0213 64.6825 12.7279 76.5572 15.2315 10.0 70.2638 102.956 37.8021 62.2448 92.5878 87.1436 62.0775 60.5392 92.2173 52.811 30.4138 105.136 71.7204 0.0 53.1413 65.9697 13.0384 60.075 50.6952 93.6531 57.361 79.6304 62.6259 27.5136 53.1413 20.0 28.1603 57.0161 47.2652 35.4401 52.0096 93.3435 45.0444 78.785 89.381 78.5175 92.358 68.4251 
3.0 41.6293 45.2217 48.0104 49.6588 20.8806 27.2029 48.0104 59.4138 6.40312 54.0059 52.9469 53.2259 20.8806 36.1248 50.254 48.3322 18.0384 49.0918 23.8537 54.4059 51.1077 50.8164 51.225 20.6155 38.743 43.909 43.566 34.1421 51.6265 44.2945 43.3484 28.1603 55.3173 38.1183 53.1413 0.0 61.9033 51.8652 28.0346 46.7648 44.9444 45.0658 30.0832 42.9466 25.632 47.7668 38.0526 26.6271 38.3498 53.6226 17.8885 59.8412 50.2494 16.7631 43.4522 40.4969 40.3946 64.1557 53.0417 
63.5059 29.2746 48.0937 74.1687 104.059 54.0616 38.9053 62.3939 89.2749 57.4089 15.2643 112.347 26.9258 72.6095 73.6817 16.0312 102.649 44.3709 73.3348 63.2851 78.6384 72.6911 107.145 75.3127 44.0321 24.0416 56.5685 103.067 89.6933 10.6301 55.4437 98.8996 43.4166 70.1142 26.9258 65.9697 61.9033 0.0 75.5381 83.5858 91.5443 58.5491 18.6011 84.6465 98.4978 55.9169 14.1421 48.1664 62.1999 93.901 20.2485 57.3856 19.2094 106.929 69.6202 30.1496 57.2713 99.9365 123.698 108.593 
50.2494 46.2709 93.5232 4.12311 88.3629 32.5269 40.7185 98.311 14.1421 58.0086 62.0081 84.0952 52.2398 38.0789 19.105 79.3156 87.4643 65.8276 2.82843 75.7166 3.16228 3.16228 59.7746 103.005 41.0488 70.6117 93.4773 80.2247 53.0094 68.943 93.6301 43.4166 35.3412 106.217 77.3324 13.0384 51.8652 75.5381 0.0 53.6004 40.7922 94.7982 65.7279 75.2331 52.9528 27.5862 61.9839 27.4591 25.2389 48.1664 58.0345 34.2053 63.2851 86.0523 40.1622 84.397 90.5261 71.0295 82.4621 57.5847 
25.0728 61.4003 73.0955 49.4975 35.0 33.541 46.4501 67.7713 55.9782 33.8173 75.6095 33.2415 72.9263 16.0312 34.5254 78.2742 34.0147 46.0586 51.3517 43.5233 55.109 54.231 26.3059 63.2888 40.0649 77.6799 67.086 27.074 9.0 76.0112 68.2174 18.4728 44.9569 71.712 66.1385 60.075 28.0346 83.5858 53.6004 0.0 22.0711 66.8767 72.796 23.112 18.0278 36.0555 69.4448 51.6236 32.5576 13.4742 74.7036 29.0689 81.0713 33.3766 15.8114 71.4724 63.1242 18.9737 38.8973 28.0179 
44.1548 65.5371 92.0075 37.108 50.5964 37.561 52.6431 87.9839 38.4708 52.7294 81.7083 44.1814 75.7454 27.0416 23.2594 95.0593 49.98 64.0114 39.2938 63.7359 41.3038 42.45 19.7231 83.5013 48.3766 86.3554 87.2986 42.3792 14.7648 84.6866 88.4299 3.60555 48.6155 91.9245 87.5868 50.6952 46.7648 91.5443 40.7922 22.0711 0.0 87.0893 81.4715 43.2843 12.1655 36.0238 77.4033 49.7131 29.7648 8.94427 79.4127 35.025 85.7107 47.2969 30.6205 89.4252 83.3367 32.573 41.7612 18.4391 
47.5079 65.5216 11.1803 91.2506 62.6259 62.2902 59.0663 4.12311 103.856 38.5876 66.1891 73.0068 73.5459 65.3483 80.8022 42.5793 61.3514 34.8281 91.9706 25.318 97.6102 93.5189 86.9402 17.088 56.4428 41.9762 2.0 62.3699 72.9843 51.0 3.16228 83.491 64.4157 12.6491 33.0606 93.6531 44.9444 58.5491 94.7982 66.8767 87.0893 0.0 47.5184 46.2709 81.1623 67.2722 56.3205 74.4485 70.1783 78.4924 69.5845 60.959 73.1095 66.7608 61.2944 28.4429 4.47214 65.123 87.9659 89.6722 
48.0586 20.8357 38.8973 64.0234 87.2236 43.9337 28.1155 51.6236 79.1549 40.5714 19.105 95.5093 26.2488 61.8197 62.8942 14.8661 85.8137 27.5334 63.3691 46.7297 68.873 63.0344 96.355 63.0079 33.2423 6.32456 45.5412 86.2291 78.9036 8.06226 44.7214 88.1098 32.6288 60.0167 14.8661 57.361 45.0658 18.6011 65.7279 72.796 81.4715 47.5184 0.0 67.8111 87.7081 45.1271 9.05539 38.2957 52.7162 83.1112 22.0907 46.8343 26.1725 92.8878 58.8304 22.4722 45.0999 83.099 106.86 97.8031 
29.4279 71.5876 53.1601 71.1354 20.6155 49.0408 57.28 47.0106 78.7963 32.302 84.8933 27.7308 83.1493 37.8552 57.0212 71.8858 19.2094 42.2462 72.6849 23.011 77.2699 75.256 41.7852 41.4849 50.6952 61.4884 46.5296 17.0 29.0689 74.3719 47.676 39.686 58.0517 50.4876 59.1579 79.6304 30.0832 84.6465 75.2331 23.112 43.2843 46.2709 67.8111 0.0 36.8917 53.0094 77.89 67.2681 51.4782 34.6554 83.4748 45.0 89.6934 22.8035 35.1809 61.2556 42.5793 19.0263 41.7732 44.7772 
39.9848 76.0692 86.516 49.2443 40.2492 47.4005 61.2096 82.0569 50.1597 48.7294 90.511 32.5576 87.4853 28.0 35.1141 93.1862 39.8246 60.9706 51.4198 57.8089 53.4603 54.5711 9.43398 77.5744 54.9318 92.5919 81.3716 32.249 9.05539 90.9232 82.5029 9.84886 59.2701 85.9975 81.0505 62.6259 42.9466 98.4978 52.9528 18.0278 12.1655 81.1623 87.7081 36.8917 0.0 47.4246 84.3569 61.1139 41.1656 7.2111 89.5175 43.0156 95.8999 36.4005 29.4391 86.3845 77.4098 22.4722 29.7321 10.198 
24.7386 29.5296 65.9972 24.2074 70.0794 5.0 17.1172 70.785 38.0132 31.305 45.6946 69.2892 40.0 21.095 18.0 60.3088 68.9507 38.3017 24.7588 49.1935 30.4795 26.2488 55.6937 76.0066 14.5602 51.6049 65.9513 62.5859 40.3149 48.3422 66.1041 37.5767 12.6491 78.7464 52.8363 27.5136 25.632 55.9169 27.5862 36.0555 36.0238 67.2722 45.1271 53.0094 47.4246 0.0 41.7759 15.6525 6.32456 44.482 43.4166 8.06226 49.7393 69.1231 20.2485 59.9009 63.0001 55.0273 73.0789 54.4453 
49.365 16.1555 47.2969 60.407 97.3734 39.9206 24.7643 60.407 75.5381 49.1666 10.0499 100.887 18.3576 58.4685 59.5399 19.105 96.034 35.8149 59.6825 55.6766 65.1153 59.2284 93.0037 72.0 29.7893 15.2971 54.3323 91.4647 75.5524 7.81025 53.4603 78.9562 29.2746 68.7314 23.3452 53.1413 47.7668 14.1421 61.9839 69.4448 77.4033 56.3205 9.05539 77.89 84.3569 41.7759 0.0 34.5254 48.0589 79.76 13.3417 43.2446 17.1172 98.1234 55.4792 30.0832 54.037 88.3347 107.955 94.4519 
38.0132 19.0 68.8472 26.0192 85.2299 18.4391 15.6205 78.4583 41.1096 42.5793 35.2278 84.8646 26.9258 36.7151 28.6531 51.8835 83.9917 46.7852 25.1794 59.9083 30.5941 24.7386 69.383 85.1672 19.3132 43.1796 72.6914 77.9723 55.9483 41.4849 72.3209 51.2661 11.1803 86.9551 51.9712 20.0 38.0526 48.1664 27.4591 51.6236 49.7131 74.4485 38.2957 67.2681 61.1139 15.6525 34.5254 0.0 20.6155 60.1153 31.7805 22.8035 37.6431 84.5199 35.8469 59.0359 70.872 70.5762 88.7122 68.1347 
25.0599 35.7771 68.9309 21.4009 67.2681 9.21954 23.3452 73.5935 33.8378 32.8024 52.0 65.521 46.0435 16.7631 12.1655 66.3039 66.1891 41.2353 22.4722 50.4777 27.8029 24.5967 49.4347 77.801 20.0998 57.6 68.884 59.5399 35.8515 54.6253 69.0378 31.3178 18.9737 81.3204 58.8314 28.1603 26.6271 62.1999 25.2389 32.5576 29.7648 70.1783 52.7162 51.4782 41.1656 6.32456 48.0589 20.6155 0.0 40.0186 49.6488 9.21954 55.9464 65.9242 17.0294 65.8961 65.8559 51.4198 68.6155 48.1864 
35.388 71.4723 83.4107 44.2832 41.7612 42.8037 56.6127 79.387 47.0744 44.1325 85.9141 36.0 82.8884 23.4031 29.6142 88.5894 41.1096 56.3738 46.3897 55.139 49.0102 49.4975 16.6433 74.9045 50.3349 87.995 78.7017 33.5261 5.83095 86.3263 79.833 5.38516 54.6732 83.3276 76.4536 57.0161 38.3498 93.901 48.1664 13.4742 8.94427 78.4924 83.1112 34.6554 7.2111 44.482 79.76 60.1153 40.0186 0.0 84.9206 38.4187 91.3031 38.6394 24.8422 81.7876 74.7398 23.7697 35.7771 17.088 
55.2208 13.8924 60.6383 57.3149 103.229 43.0116 28.3196 73.6817 72.111 55.3632 5.0 106.552 6.7082 62.6259 59.808 31.3847 101.89 43.9659 56.1427 66.9403 61.0082 55.0091 98.1644 85.0529 34.6554 28.0 67.6018 97.1744 80.6598 20.1246 66.7533 80.9657 31.0644 82.0366 36.6742 47.2652 53.6226 20.2485 58.0345 74.7036 79.4127 69.5845 22.0907 83.4748 89.5175 43.4166 13.3417 31.7805 49.6488 84.9206 0.0 47.0106 6.40312 103.865 60.208 43.3244 67.1863 93.9993 113.213 97.8343 
16.7631 33.3017 59.7141 30.4795 62.5124 4.47214 18.868 64.3817 43.0116 23.8537 48.5489 62.2415 44.5533 15.6205 20.6155 60.422 61.2743 32.0185 31.4006 41.6773 36.8782 33.2866 51.6625 68.8186 13.6015 51.7181 59.6657 55.2565 34.2517 50.0494 59.821 36.5779 16.2788 72.1388 52.9495 35.4401 17.8885 57.3856 34.2053 29.0689 35.025 60.959 46.8343 45.0 43.0156 8.06226 43.2446 22.8035 9.21954 38.4187 47.0106 0.0 53.4135 61.8041 13.6015 60.0141 56.6392 47.927 67.0075 53.1106 
61.4394 20.2485 63.6396 62.8013 109.448 49.4065 34.7131 77.1622 77.4145 62.7816 7.07107 112.77 11.0454 69.029 65.9242 32.8938 108.108 49.4299 61.5224 72.3285 66.1891 60.208 104.547 89.0225 41.0122 32.3883 71.1126 103.393 87.046 22.3607 70.1783 87.2636 37.4433 85.3756 40.05 52.0096 59.8412 19.2094 63.2851 81.0713 85.7107 73.1095 26.1725 89.6934 95.8999 49.7393 17.1172 37.6431 55.9464 91.3031 6.40312 53.4135 0.0 110.198 66.6033 45.8912 71.0 100.218 119.581 104.132 
48.7835 91.7219 74.8465 82.0244 5.38516 66.2702 76.9883 66.7083 85.703 52.8065 104.363 7.28011 103.364 49.366 67.0075 94.1683 6.08276 65.8604 84.006 45.2769 87.2067 87.0 35.805 58.0775 70.2845 86.565 67.3573 6.7082 33.2415 99.4485 68.6222 43.9318 76.9978 68.3593 81.4404 93.3435 50.2494 106.929 86.0523 33.3766 47.2969 66.7608 92.8878 22.8035 36.4005 69.1231 98.1234 84.5199 65.9242 38.6394 103.865 61.8041 110.198 0.0 49.0306 83.5381 63.5689 15.0333 23.7697 39.4081 
13.9284 46.669 61.9839 36.0555 50.2494 18.0278 31.8904 64.2135 45.0 22.8473 61.4003 49.0408 58.0517 4.12311 21.9545 72.4182 49.163 34.6142 37.6431 39.2895 42.1545 40.2616 38.086 66.8068 25.807 63.7143 60.3738 42.5793 20.6752 62.0455 60.8358 29.8408 29.8329 71.302 54.6941 45.0444 16.7631 69.6202 40.1622 15.8114 30.6205 61.2944 58.8304 35.1809 29.4391 20.2485 55.4792 35.8469 17.0294 24.8422 60.208 13.6015 66.6033 49.0306 0.0 60.028 56.8243 34.7851 53.4135 39.5341 
46.445 43.3079 18.0 81.8896 80.604 57.1136 43.4352 32.249 96.7 38.833 39.2938 88.8563 48.3322 64.1481 77.8907 14.1421 79.2023 27.0185 81.7416 38.4187 87.537 82.1727 94.2542 45.3542 46.4222 19.105 26.4764 78.0893 77.58 23.5372 25.318 86.7862 49.0585 40.0125 8.60233 78.785 43.4522 30.1496 84.397 71.4724 89.4252 28.4429 22.4722 61.2556 86.3845 59.9009 30.0832 59.0359 65.8961 81.7876 43.3244 60.0141 45.8912 83.5381 60.028 0.0 27.5136 80.0279 103.019 96.4795 
43.0465 62.3618 12.0416 86.977 59.6154 58.0181 55.4898 7.81025 99.4887 34.1321 64.0078 69.6419 70.863 60.8804 76.4003 41.4849 58.3095 30.8058 87.6985 21.095 93.3381 89.2468 83.1876 18.1108 52.1707 39.3192 4.0 58.9406 69.2317 49.163 5.09902 79.7385 60.8392 16.1245 31.0644 89.381 40.4969 57.2713 90.5261 63.1242 83.3367 4.47214 45.0999 42.5793 77.4098 63.0001 54.037 70.872 65.8559 74.7398 67.1863 56.6392 71.0 63.5689 56.8243 27.5136 0.0 61.3842 84.3445 85.9196 
38.9146 80.2035 71.9407 67.0075 18.0278 52.3933 65.2532 66.0 70.8308 43.0177 94.3826 14.3178 91.7295 34.7131 52.0 88.2872 17.4642 56.0716 69.0 41.7833 72.1734 72.0069 24.4131 60.208 58.8681 76.7763 65.346 9.84886 18.2483 89.6598 66.4774 29.1204 63.76 69.4622 76.1515 78.5175 40.3946 99.9365 71.0295 18.9737 32.573 65.123 83.099 19.0263 22.4722 55.0273 88.3347 70.5762 51.4198 23.7697 93.9993 47.927 100.218 15.0333 34.7851 80.0279 61.3842 0.0 23.7697 27.8029 
63.5826 99.905 94.9322 78.848 29.1204 71.4003 84.9599 88.459 78.2304 66.7787 114.119 16.4924 111.396 52.0 64.846 112.048 29.8329 79.8327 81.0432 64.7748 82.7647 84.2021 23.0868 81.0555 78.5748 100.537 88.2836 26.0 33.0151 113.421 89.4427 39.5601 83.2406 91.0055 99.9125 92.358 64.1557 123.698 82.4621 38.8973 41.7612 87.9659 106.86 41.7732 29.7321 73.0789 107.955 88.7122 68.6155 35.7771 113.213 67.0075 119.581 23.7697 53.4135 103.019 84.3445 23.7697 0.0 26.0 
50.0799 83.9587 96.4761 54.231 44.0454 55.9826 71.3046 90.5668 52.345 57.2612 100.606 34.0 94.1669 38.095 41.3401 103.281 43.9318 71.0657 56.4624 66.3188 57.5674 59.6154 3.60555 86.0349 65.0268 102.687 89.8815 36.7696 19.0263 101.018 91.0128 17.8045 67.037 94.5074 91.1455 68.4251 53.0417 108.593 57.5847 28.0179 18.4391 89.6722 97.8031 44.7772 10.198 54.4453 94.4519 68.1347 48.1864 17.088 97.8343 53.1106 104.132 39.4081 39.5341 96.4795 85.9196 27.8029 26.0 0.0 
DEMAND_SCENARIO_SECTION
0 0 0 0 0 0 0 0 0 0 0 0 0 0 0 0 0 0 0 0 0 0 0 0 0 0 0 0 0 0 0 0 0 0 0 0 0 0 0 0 0 0 0 0 0 0 0 0 0 0 0 0 0 0 0 0 0 0 0 0 0 0 0 0 0 0 0 0 0 0 0 0 0 0 0 0 0 0 0 0 0 0 0 0 0 0 0 0 0 0 0 0 0 0 0 0 0 0 0 0 0 0 0 0 0 0 0 0 0 0 0 0 0 0 0 0 0 0 0 0 0 0 0 0 0 0 0 0 0 0 0 0 0 0 0 0 0 0 0 0 0 0 0 0 0 0 0 0 0 0 0 0 0 0 0 0 0 0 0 0 0 0 0 0 0 0 0 0 0 0 0 0 0 0 0 0 0 0 0 0 0 0 0 0 0 0 0 0 0 0 0 0 0 0 0 0 0 0 0 0 
0 2 2 1 2 3 3 2 1 3 3 3 3 1 1 1 2 1 3 1 2 2 1 2 3 2 3 3 3 0 2 2 2 3 2 2 2 2 2 1 1 2 2 2 3 2 2 2 2 3 2 3 2 3 2 2 4 2 1 2 1 3 2 2 2 1 1 2 1 2 3 4 2 1 2 2 3 2 1 1 2 1 2 3 1 1 3 2 3 2 1 1 2 2 3 3 2 2 2 1 1 2 1 2 2 2 1 2 1 2 1 2 1 2 2 2 1 2 4 2 2 2 2 1 3 1 2 3 2 1 3 2 1 1 1 2 2 3 2 2 2 1 2 2 2 2 2 2 2 2 2 3 1 3 3 2 2 1 2 2 1 2 1 0 2 1 2 1 1 2 2 2 2 3 1 2 2 3 1 2 0 3 1 2 2 4 3 2 1 1 2 3 2 4 2 2 2 2 2 3 
5 3 3 3 4 3 3 3 1 4 4 3 5 2 2 3 4 3 3 3 3 2 3 3 3 3 3 4 3 3 2 3 3 2 4 2 3 4 1 2 3 3 2 4 2 3 4 1 4 2 3 4 4 3 4 2 4 3 5 3 5 4 3 4 3 1 5 3 2 2 4 2 4 2 4 3 4 3 4 4 3 4 3 2 3 3 4 3 2 3 3 3 3 1 2 3 2 3 4 5 3 1 3 2 3 3 3 3 5 3 2 4 3 4 4 4 2 4 2 4 4 3 4 4 2 3 3 2 2 3 3 2 3 3 4 3 4 4 4 3 3 2 5 2 3 3 0 2 3 1 2 3 3 3 4 4 3 4 3 2 3 3 4 4 3 2 4 5 2 4 1 3 3 3 3 2 3 2 3 3 3 4 3 3 4 3 3 2 2 2 5 3 3 4 3 2 3 4 2 2 
6 7 11 7 8 4 5 7 3 9 7 5 4 4 3 7 6 7 7 6 5 8 6 4 6 6 5 4 7 6 6 4 7 4 4 6 8 4 9 7 9 7 5 4 6 5 3 4 4 10 9 8 7 6 4 6 5 4 9 5 9 6 8 9 6 6 7 5 6 5 7 9 7 5 0 6 6 7 8 6 8 6 11 4 7 6 4 8 9 11 4 8 7 3 4 11 4 5 6 10 4 6 4 4 5 4 5 8 4 4 3 5 4 7 8 5 4 6 6 6 6 11 5 3 7 2 4 3 5 0 7 7 3 3 6 10 9 9 6 6 3 6 9 4 7 6 7 5 5 10 7 4 7 9 7 10 4 4 5 4 8 8 7 3 7 8 3 8 8 8 4 0 10 5 7 6 7 7 6 7 5 8 5 4 4 0 4 3 4 10 4 4 6 5 5 5 6 4 8 5 
5 6 6 7 5 9 4 6 6 6 9 5 7 8 5 6 4 9 6 5 7 7 5 9 9 7 6 8 11 3 7 5 8 3 4 7 5 6 3 5 5 8 6 5 5 7 8 8 5 5 5 8 8 9 3 9 6 9 7 7 7 6 7 4 5 9 5 7 5 5 4 7 7 4 7 7 7 5 4 7 8 6 6 8 7 6 6 4 9 7 7 7 8 5 7 6 3 6 9 3 4 6 5 7 5 8 5 8 7 8 12 7 7 4 7 7 7 5 8 4 5 7 6 4 4 7 3 6 3 7 5 5 8 0 11 6 1 5 4 10 5 7 4 7 6 2 6 9 4 8 5 7 9 9 7 6 8 8 2 4 7 6 9 9 9 3 6 5 7 5 5 5 6 3 5 5 9 5 7 6 3 2 9 5 7 8 5 6 5 5 8 8 5 9 5 4 6 6 9 9 
3 1 5 4 3 3 1 3 3 3 2 5 4 4 3 5 3 5 3 3 4 3 4 4 2 2 3 4 2 3 3 2 1 2 2 2 3 4 3 3 3 3 3 4 4 4 5 3 3 4 2 4 3 3 4 4 3 5 3 3 5 2 2 4 2 4 2 3 4 3 4 3 3 4 1 2 4 4 3 4 5 2 1 3 3 4 4 4 4 3 2 3 4 3 1 4 3 4 2 2 5 4 4 5 3 4 1 3 6 3 3 3 1 2 3 2 4 2 4 2 3 3 2 4 4 3 4 3 2 2 3 2 2 2 4 3 4 4 3 4 3 4 2 2 4 3 3 3 3 3 3 1 3 4 4 2 3 2 5 4 4 2 3 5 2 3 3 4 1 4 2 3 2 3 3 3 4 2 3 1 2 3 2 1 4 4 3 4 4 4 4 3 2 1 4 3 3 3 2 3 
9 9 9 13 12 12 11 8 6 9 10 8 10 10 10 4 6 11 11 15 12 13 8 6 14 5 14 10 11 7 7 12 17 11 8 11 12 10 12 11 6 7 9 4 9 3 6 8 14 7 4 12 5 3 3 10 7 11 15 10 13 13 11 9 10 10 11 11 6 8 10 9 10 13 7 9 12 6 8 12 9 8 8 14 10 12 9 13 10 8 13 11 10 6 7 6 12 12 11 9 12 8 12 13 8 11 3 7 9 13 11 9 14 12 11 10 12 8 9 8 7 6 8 9 10 7 12 8 11 10 8 11 10 4 11 9 8 9 6 11 10 7 10 7 12 6 6 8 11 12 9 12 11 10 12 8 6 13 8 13 7 9 10 13 11 6 10 10 8 2 7 13 8 12 5 11 12 11 8 11 10 8 6 12 2 9 8 2 8 10 6 6 6 9 9 9 10 8 6 7 
10 6 9 12 4 8 8 10 8 7 14 10 9 9 16 9 12 7 7 7 4 8 13 9 10 10 12 6 11 9 9 8 10 10 7 8 7 8 11 10 10 8 4 11 5 13 10 6 8 9 7 9 6 10 11 9 7 4 8 11 8 4 10 9 10 8 8 6 5 9 8 11 8 7 9 13 9 7 4 12 13 12 12 7 12 13 7 10 7 11 9 8 11 4 7 14 8 5 7 9 6 11 13 11 10 10 10 12 9 6 9 4 2 8 5 8 3 3 7 9 17 12 9 9 13 6 12 7 13 9 8 10 11 0 5 9 12 12 8 11 9 14 6 3 14 6 5 15 7 10 10 10 5 14 7 6 3 10 9 10 7 12 12 9 14 9 13 8 10 8 7 2 6 8 8 8 5 6 7 8 13 6 5 4 13 9 7 5 12 13 10 6 14 9 13 7 14 5 6 10 
8 13 3 9 10 7 9 8 5 7 8 9 6 8 4 5 11 7 9 10 6 12 5 10 13 4 7 9 6 10 10 6 10 6 9 9 10 6 10 6 11 7 9 7 11 4 6 8 9 6 12 3 3 7 4 4 9 11 4 8 5 7 11 5 7 12 9 9 7 8 8 8 6 8 3 11 11 14 13 6 9 4 11 6 5 7 6 12 12 5 9 5 5 11 5 10 8 13 9 7 8 8 8 5 4 12 6 10 8 10 2 7 6 10 8 12 7 8 6 12 10 7 8 8 9 10 6 14 6 5 5 7 8 10 3 10 7 11 11 9 9 7 4 7 8 9 7 8 7 14 10 9 9 7 9 8 5 3 9 6 10 8 8 9 6 6 7 7 10 9 11 5 5 7 8 13 8 9 11 6 12 5 6 9 7 2 8 7 9 12 6 5 7 9 7 4 11 11 6 7 
2 1 2 1 2 2 2 2 2 2 2 3 2 2 1 1 2 2 2 3 3 3 2 2 3 2 3 2 2 2 1 3 1 3 1 0 3 1 3 1 1 3 2 1 1 2 1 2 2 2 1 3 3 3 1 1 4 3 2 1 1 2 2 2 2 2 2 2 1 3 4 2 3 3 2 2 2 2 2 2 2 2 1 1 2 2 2 2 2 2 1 2 2 1 2 1 2 3 2 2 3 2 2 2 2 2 2 2 3 2 3 2 1 2 2 2 1 2 2 2 3 3 2 1 1 2 2 2 2 2 3 2 3 1 3 1 3 2 1 0 3 1 2 2 2 2 3 3 2 3 3 3 2 2 2 1 2 1 2 2 2 3 1 3 3 2 3 1 2 2 3 2 2 1 2 2 2 2 2 2 2 2 1 2 2 2 1 2 2 3 3 2 3 2 2 1 1 2 2 2 
4 3 4 2 3 3 3 2 3 2 2 2 3 4 1 4 3 4 3 3 5 3 3 5 3 2 3 3 2 3 4 2 3 3 5 2 4 3 3 3 2 3 4 6 2 3 3 0 4 3 2 4 2 3 2 3 4 2 2 3 4 3 3 3 3 1 3 4 4 2 1 0 4 4 2 3 3 4 5 2 3 4 3 3 4 2 2 2 3 3 3 4 2 3 1 3 3 4 2 3 4 4 3 4 5 4 2 1 2 2 3 1 2 3 3 2 4 2 4 4 2 2 3 3 4 2 4 3 4 5 5 3 5 2 2 2 3 3 1 2 3 3 2 3 4 4 2 3 4 4 1 3 4 4 5 2 2 4 1 2 3 2 3 3 5 4 5 2 2 3 2 4 4 3 4 4 1 2 3 1 4 3 5 3 4 2 3 4 4 3 1 3 4 3 4 2 3 3 3 1 
7 11 10 7 5 6 5 10 8 6 5 12 5 6 6 11 8 7 7 4 11 10 17 11 6 10 6 9 4 5 3 8 6 6 8 3 10 7 6 4 5 4 9 8 6 5 6 11 10 8 9 6 8 4 2 3 6 11 10 12 12 5 14 6 8 5 8 5 5 8 8 13 10 12 3 8 10 5 4 9 8 6 11 10 9 7 9 6 11 6 5 6 9 12 9 8 10 7 11 6 5 9 9 8 6 10 3 4 10 9 9 9 10 10 6 9 6 10 5 10 6 12 5 9 12 5 5 7 5 10 1 6 6 8 13 7 5 2 9 5 4 4 2 9 5 9 8 8 7 9 7 7 6 8 9 11 10 14 10 8 9 9 12 9 9 7 7 13 10 8 9 11 8 9 5 7 9 5 9 9 8 10 9 8 9 6 6 8 10 10 14 10 9 9 7 10 11 7 10 8 
9 9 11 9 8 7 6 7 4 9 12 8 7 18 10 9 9 3 7 11 12 11 8 5 12 5 5 4 8 6 11 10 12 9 8 10 13 15 11 8 7 11 10 9 2 10 4 4 8 5 7 15 10 4 12 5 5 7 9 14 13 8 12 8 9 9 9 10 3 9 12 6 9 10 6 6 10 12 2 4 9 16 13 1 15 10 10 5 13 6 7 15 10 6 8 10 8 7 9 6 7 19 10 7 8 6 7 9 8 11 8 11 11 7 11 9 9 9 7 6 8 11 9 10 5 9 13 7 10 4 7 11 15 7 5 10 11 5 13 17 10 4 13 12 6 14 10 6 7 5 9 10 7 9 9 12 10 10 8 6 15 4 10 9 0 10 7 8 9 6 12 7 8 10 13 14 6 8 8 9 7 14 9 5 9 12 7 6 5 11 14 6 9 3 10 12 10 9 4 11 
7 7 6 7 1 7 4 7 8 8 3 6 8 4 5 4 7 7 4 6 8 7 7 2 6 5 5 7 7 3 4 3 6 8 5 6 11 8 7 8 11 8 7 7 6 8 7 7 4 10 7 5 9 5 7 7 7 4 11 6 7 7 8 3 5 7 5 7 6 4 7 4 4 11 4 7 8 6 4 9 5 5 10 9 9 7 7 8 6 6 3 7 11 6 6 8 8 7 7 2 6 4 3 3 6 6 9 4 9 6 6 4 5 5 1 6 8 5 4 9 8 9 9 8 6 5 9 10 5 7 4 8 2 9 5 8 2 7 3 4 6 6 9 7 11 8 9 6 4 7 7 8 6 4 2 3 5 4 7 7 0 8 10 6 5 9 5 5 3 4 2 7 3 5 6 8 4 8 5 5 6 6 5 7 3 7 7 7 6 3 5 3 4 8 6 5 9 5 4 6 
5 3 5 4 3 4 5 2 5 4 5 4 3 3 4 3 0 5 5 4 4 2 4 5 2 3 3 4 2 2 3 4 3 4 2 3 3 3 6 4 5 3 4 3 6 5 4 3 4 4 7 3 3 4 1 4 3 4 3 3 6 7 4 5 3 4 4 4 3 5 5 4 5 6 2 3 3 6 4 7 4 2 2 3 4 3 4 3 2 5 3 2 4 6 3 2 5 3 4 4 7 4 5 3 4 3 5 4 3 5 1 4 3 5 4 3 4 2 4 1 3 4 6 4 5 3 1 7 4 3 5 5 3 1 6 4 6 4 3 3 6 3 6 4 5 4 2 6 5 5 6 6 5 6 7 4 4 5 3 3 3 4 5 5 4 4 5 2 4 6 4 5 5 6 6 2 2 4 4 2 4 3 3 3 3 3 4 5 6 3 5 6 2 5 0 3 6 2 1 3 
2 3 5 5 3 6 8 5 2 4 5 5 6 5 4 4 4 7 3 3 3 4 6 7 7 5 5 7 5 6 4 5 5 6 7 3 5 6 4 4 3 5 6 5 8 4 6 7 5 3 7 7 2 6 4 3 6 7 4 5 4 7 4 9 8 6 3 7 5 5 5 6 4 7 6 7 3 3 4 4 4 8 6 7 4 6 2 4 8 6 8 5 7 6 5 5 5 2 7 4 4 7 5 5 5 9 2 4 7 4 6 5 7 5 7 2 6 6 6 6 6 5 8 6 5 6 6 6 3 5 3 3 6 2 7 4 5 4 6 4 7 7 3 5 4 3 7 9 3 5 5 5 5 9 4 8 5 4 5 4 7 5 4 4 6 7 5 4 8 3 7 3 5 5 6 8 7 4 5 4 8 4 3 6 3 4 6 5 2 4 5 4 6 5 3 4 5 6 6 7 
5 2 5 6 4 7 6 6 8 2 8 5 6 6 6 6 1 4 6 10 4 2 4 8 7 4 5 2 7 6 6 4 5 6 5 6 6 5 0 7 6 4 3 5 3 6 2 5 4 4 5 4 6 2 5 7 3 9 6 4 7 7 2 6 2 3 5 8 2 5 1 6 6 7 1 6 3 2 5 6 7 5 8 4 4 4 5 6 6 5 6 7 8 4 3 6 5 8 3 4 7 4 5 6 3 6 1 3 7 6 6 7 8 3 2 6 5 9 3 2 6 4 6 6 5 6 6 5 7 1 7 5 6 2 3 6 7 5 4 6 3 6 4 7 1 4 3 5 5 6 6 5 4 6 5 5 7 5 5 5 4 5 2 5 5 9 4 4 4 8 4 2 7 5 6 8 7 5 7 8 4 8 7 3 6 6 6 7 6 2 5 5 4 7 4 5 6 8 3 2 
6 6 5 9 7 3 6 8 5 12 6 7 2 9 6 5 4 6 7 7 5 6 6 7 5 7 8 6 5 7 5 11 6 11 6 5 8 8 11 4 10 8 3 6 4 5 6 7 7 8 7 7 6 4 6 3 11 7 4 6 6 5 6 9 8 6 8 7 7 7 8 4 7 6 7 5 9 3 6 7 3 4 7 6 2 6 6 5 2 7 9 9 7 3 6 8 7 4 5 3 4 8 2 5 7 5 6 8 7 6 8 9 7 5 6 3 5 5 6 3 6 4 6 9 8 6 5 8 5 3 7 7 9 5 8 6 6 7 1 2 6 10 7 5 6 2 6 6 4 6 6 5 4 9 5 7 4 6 7 7 10 5 6 3 4 6 5 3 5 9 7 9 8 4 7 4 8 8 9 4 7 4 9 5 7 6 5 2 10 8 5 6 7 5 6 2 5 9 5 8 
2 2 2 2 1 1 2 3 2 3 2 1 2 3 2 2 1 2 2 3 2 2 3 3 2 1 3 2 3 2 2 2 3 2 2 1 3 3 2 3 2 1 2 3 2 2 2 3 3 1 2 2 2 3 2 2 2 2 1 2 2 4 3 2 2 3 2 2 2 2 1 3 1 2 1 1 3 3 3 2 3 2 2 3 3 2 2 2 1 1 2 2 2 2 2 2 3 2 3 2 1 1 3 2 1 2 3 3 2 2 2 2 2 1 2 3 1 3 3 1 3 3 2 2 1 2 2 2 2 2 2 3 2 3 2 1 1 1 2 3 2 2 2 2 3 0 2 2 3 2 2 1 3 1 2 2 3 2 3 2 4 1 2 3 2 2 3 2 1 2 2 1 2 3 2 2 3 3 2 3 2 0 2 2 2 2 1 0 2 2 4 2 2 2 2 3 2 1 1 3 
3 7 6 7 5 9 6 11 6 8 9 10 7 7 8 12 7 7 16 10 9 12 6 6 8 6 13 4 9 4 8 8 6 5 4 8 9 12 9 9 10 7 4 12 7 9 8 10 9 4 5 8 5 8 5 9 7 7 10 9 7 11 9 10 7 7 5 9 9 9 13 11 7 8 9 8 10 10 5 9 7 9 12 3 8 12 12 7 15 7 12 5 11 4 10 7 5 2 12 7 8 10 7 6 11 8 10 4 8 7 9 8 8 8 8 12 13 5 11 6 10 10 11 4 7 10 12 7 10 5 8 9 5 8 9 11 4 11 6 9 11 6 10 12 14 10 11 7 13 8 12 11 8 11 10 11 8 10 11 4 10 6 9 13 4 2 7 5 13 5 6 7 8 6 8 12 6 8 11 13 6 12 10 12 11 8 8 4 5 10 6 9 10 8 4 14 14 8 7 5 
0 1 1 0 1 1 1 1 1 2 1 1 1 1 1 1 1 1 1 1 1 1 1 2 1 1 1 1 1 1 1 1 1 2 1 1 2 1 1 1 1 1 1 2 1 1 1 1 1 1 1 0 1 1 1 1 0 1 1 1 1 1 1 1 1 1 1 1 1 1 1 2 1 1 1 1 1 1 1 1 1 1 1 1 1 1 1 1 1 1 1 1 1 1 1 1 2 1 1 1 2 1 1 1 1 1 1 1 1 1 1 1 1 1 1 1 1 1 1 1 1 1 1 1 1 0 1 1 1 1 1 1 1 0 1 1 1 1 1 1 1 0 2 1 0 1 1 1 1 1 2 1 1 1 1 1 1 1 1 1 1 1 1 1 1 1 1 1 1 1 1 1 1 1 1 1 1 1 1 1 1 0 1 1 1 1 0 2 1 1 1 1 1 1 1 1 1 1 1 1 
10 12 7 11 8 9 7 7 10 16 18 12 7 11 11 6 2 11 10 10 11 5 10 11 12 12 11 11 12 11 11 2 7 11 8 12 8 10 12 11 13 12 9 8 13 15 13 6 15 6 7 9 10 7 16 13 10 10 15 9 12 6 11 9 10 9 11 12 9 16 14 13 13 5 10 14 16 13 11 12 9 12 13 7 12 14 8 15 2 16 9 13 4 10 5 8 9 5 7 13 9 15 8 12 5 13 13 8 13 13 10 8 14 9 8 12 9 8 5 15 15 13 11 7 6 9 7 12 15 13 8 7 9 10 9 7 9 13 14 8 7 13 11 12 10 5 10 13 8 7 11 12 13 9 13 10 11 15 11 9 10 14 4 5 15 15 11 10 9 9 8 2 8 16 13 15 8 14 8 13 9 6 12 8 7 8 16 8 10 16 11 12 10 13 14 10 10 11 16 16 
13 5 3 6 11 7 4 12 13 7 8 5 7 6 5 4 6 10 6 8 2 6 9 10 11 8 12 9 11 10 6 9 9 4 7 10 19 16 6 8 5 3 8 12 9 9 8 9 9 8 9 12 8 12 7 12 11 7 5 8 10 9 9 8 8 3 10 4 6 10 8 18 8 7 10 8 12 9 6 7 11 12 12 7 9 15 11 7 9 9 10 6 2 8 8 8 7 12 8 11 3 12 10 11 9 2 10 7 9 10 6 12 6 9 14 9 9 13 3 10 10 11 6 6 9 16 8 11 13 5 9 14 12 10 8 11 10 10 7 8 9 7 11 14 7 4 5 8 7 14 9 7 12 7 9 10 10 9 10 9 12 1 9 14 10 14 8 12 8 10 5 12 10 12 10 10 6 2 14 8 4 5 5 9 13 16 10 11 16 8 4 9 6 10 5 4 8 11 9 5 
