NAME  : Jabali_60_4_0.82_1_8
TYPE : SVRP
MODEL : FINITE_SUPPORT
NUMBER_OF_SCENARIOS : 200
DIMENSION : 60
EDGE_WEIGHT_TYPE : MATRIX
CAPACITY : 88
N_VEHICLES : 4
NODE_COORD_SECTION
1 4392 3712
2 7702 2972
3 7752 1771
4 6131 5720
5 9352 2644
6 6586 7878
7 6025 813
8 3294 5545
9 3123 18
10 5629 1317
11 8901 3000
12 3342 1899
13 7262 5891
14 6760 179
15 5583 5658
16 4313 5135
17 4500 1314
18 3967 812
19 2854 3898
20 4283 355
21 5877 241
22 8184 4002
23 4439 3290
24 1977 2894
25 6894 5427
26 6617 995
27 7368 1614
28 5012 120
29 5227 7606
30 7174 6320
31 7198 5072
32 1397 5072
33 2025 2424
34 3318 3938
35 7251 3051
36 3663 2712
37 6455 4478
38 5812 6880
39 3638 4832
40 1757 1972
41 6692 5620
42 3403 3261
43 1444 2702
44 3734 937
45 7188 3885
46 6040 7744
47 5456 4156
48 2857 3235
49 9232 3143
50 3323 439
51 681 4789
52 3190 6662
53 4856 3855
54 27 4548
55 7192 437
56 5741 4121
57 5932 7449
58 206 4240
59 9350 1929
60 6444 1853
DEMAND_SECTION
1 0.0
2 3.0
3 10.0
4 6.0
5 9.0
6 6.0
7 2.0
8 4.0
9 7.0
10 1.0
11 9.0
12 3.0
13 5.0
14 5.0
15 5.0
16 1.0
17 8.0
18 2.0
19 1.0
20 4.0
21 1.0
22 5.0
23 10.0
24 5.0
25 1.0
26 2.0
27 3.0
28 10.0
29 8.0
30 9.0
31 5.0
32 9.0
33 3.0
34 1.0
35 2.0
36 3.0
37 2.0
38 9.0
39 2.0
40 10.0
41 1.0
42 8.0
43 8.0
44 10.0
45 3.0
46 9.0
47 2.0
48 6.0
49 2.0
50 4.0
51 5.0
52 1.0
53 7.0
54 8.0
55 1.0
56 8.0
57 6.0
58 1.0
59 2.0
60 8.0
DEVIATION_SECTION
1 0.0
2 1.0
3 3.33333
4 2.0
5 3.0
6 2.0
7 0.666667
8 1.33333
9 2.33333
10 0.333333
11 3.0
12 1.0
13 1.66667
14 1.66667
15 1.66667
16 0.333333
17 2.66667
18 0.666667
19 0.333333
20 1.33333
21 0.333333
22 1.66667
23 3.33333
24 1.66667
25 0.333333
26 0.666667
27 1.0
28 3.33333
29 2.66667
30 3.0
31 1.66667
32 3.0
33 1.0
34 0.333333
35 0.666667
36 1.0
37 0.666667
38 3.0
39 0.666667
40 3.33333
41 0.333333
42 2.66667
43 2.66667
44 3.33333
45 1.0
46 3.0
47 0.666667
48 2.0
49 0.666667
50 1.33333
51 1.66667
52 0.333333
53 2.33333
54 2.66667
55 0.333333
56 2.66667
57 2.0
58 0.333333
59 0.666667
60 2.66667
DISTANCE_MATRIX
0.0 49.9692 52.8036 37.8935 72.2059 65.5143 50.0941 28.2843 50.8035 49.3894 66.6111 27.8568 48.8365 58.5049 32.8434 18.3576 39.3122 38.2462 21.9317 45.2901 50.9193 50.6322 5.0 35.7351 41.4367 47.8506 49.1231 48.685 55.4448 51.923 42.0 48.1376 37.4833 16.2788 44.482 16.4924 29.0689 49.095 20.025 43.1045 41.0 15.5242 43.0116 37.2111 37.2588 60.2375 15.0 22.4722 70.5436 45.0 54.9373 42.2966 6.7082 62.2254 57.4301 18.0278 56.6357 59.4643 73.582 36.4198 
49.9692 0.0 16.6433 42.0119 22.6274 68.0074 35.6931 66.4931 74.027 57.0977 16.6433 61.6847 39.9249 38.833 44.4678 55.2134 48.8365 59.0339 66.8898 58.2632 42.3792 15.2643 44.9803 77.5242 34.9285 30.4631 19.105 52.3927 70.0643 45.31 29.4109 93.0696 77.8203 61.9508 5.65685 54.5619 26.3059 58.2151 59.6855 82.0792 37.6563 57.7787 84.5991 61.131 14.0357 67.2681 33.4908 64.967 20.5913 69.0072 99.8693 77.8388 53.7641 107.157 34.7131 30.8869 64.7765 103.774 26.4008 22.2036 
52.8036 16.6433 0.0 56.8859 25.0799 84.1546 26.9258 77.289 66.0984 49.6005 23.5372 62.6119 56.3649 24.3516 58.4956 66.0093 45.665 52.5289 69.7242 49.8197 31.0 31.1127 47.8146 78.6289 50.9215 19.105 5.09902 42.0476 84.8528 61.7414 45.6946 95.904 78.0433 64.7852 18.6815 55.2014 40.3113 73.3485 69.8652 82.6853 53.4509 60.3075 85.3415 55.1535 29.7321 82.9699 44.2867 67.2681 27.2947 61.8466 102.703 91.065 56.5985 109.636 19.2354 41.6877 80.2808 106.527 22.3607 17.0294 
37.8935 42.0119 56.8859 0.0 59.9083 29.8329 64.1386 38.8516 87.9409 76.6128 52.6308 65.6808 14.8661 72.0069 7.28011 25.0799 76.1877 75.3785 50.01 76.6216 71.6321 36.0555 41.9863 68.0661 10.6301 61.3538 57.0088 75.9084 28.0713 16.0 16.1245 64.0781 71.4493 45.0444 38.3275 54.3828 16.7631 16.4924 35.5106 77.7817 7.81025 50.01 75.0067 74.3434 28.0 26.8328 23.9348 55.3263 54.7083 82.1323 74.4648 40.3113 33.3053 83.5703 70.3847 22.0229 23.7697 82.2192 66.7533 50.5371 
72.2059 22.6274 25.0799 59.9083 0.0 81.0987 51.788 88.6739 91.0824 74.3482 7.28011 82.6737 53.0094 48.3735 63.9062 77.3941 68.7095 77.2766 89.1265 74.8131 56.0357 24.1868 67.2169 99.5691 50.636 44.1814 30.1496 67.1193 86.977 58.0086 44.5533 115.306 99.4786 84.1875 28.2843 76.3217 46.5188 74.8131 81.8663 103.325 53.7587 80.0154 106.532 79.9012 33.541 82.0549 55.6715 87.2009 6.32456 86.6833 122.106 97.3309 76.0008 129.394 42.5793 53.0094 80.2247 126.011 9.43398 40.1622 
65.5143 68.0074 84.1546 29.8329 81.0987 0.0 93.5264 58.9406 115.746 105.763 74.2428 91.9239 28.4429 101.356 33.4215 48.7545 106.02 103.275 72.4224 106.454 101.02 57.4282 70.5025 90.8252 33.2415 90.7359 85.0882 105.762 17.72 23.1948 38.6005 78.0256 95.1893 68.7095 65.5515 80.2621 45.793 16.5529 56.6127 101.843 30.8707 75.5844 97.2506 102.24 54.4243 7.07107 53.7676 79.4796 75.0267 109.988 88.1419 48.2597 63.1382 97.2522 99.2975 51.8557 10.0499 97.0464 89.4539 79.925 
50.0941 35.6931 26.9258 64.1386 51.788 93.5264 0.0 77.6878 39.3192 22.7047 49.0408 36.9803 68.09 15.2971 64.8011 68.4466 23.8702 25.632 66.7637 23.0868 8.60233 50.2892 45.1052 59.4098 61.2355 8.60233 21.8403 16.7631 91.268 73.1498 57.4421 92.823 56.0288 62.0426 32.9147 51.3498 47.7336 80.3247 68.8703 57.0537 63.0079 56.7165 64.0894 28.2576 42.2022 91.0368 48.1862 63.511 53.0848 34.9285 99.5517 91.5449 53.889 93.8801 18.3576 45.5872 87.8599 90.0855 49.0408 13.6015 
28.2843 66.4931 77.289 38.8516 88.6739 58.9406 77.6878 0.0 74.4283 76.9831 81.9423 49.521 53.6436 86.0987 31.5864 14.8813 63.5606 62.7514 26.9959 69.5385 78.5131 69.8728 32.781 45.3986 47.9245 75.4444 78.7554 74.8667 44.7214 54.5895 51.4043 27.0185 49.7911 23.7144 61.0972 38.4717 46.224 42.7551 11.1942 56.4674 45.9684 31.8299 51.7924 61.7163 56.6246 52.4976 33.0303 34.3658 85.3504 68.9177 36.8917 21.9317 31.2578 45.6508 85.0238 36.0354 49.0408 43.8634 92.8465 64.0136 
50.8035 74.027 66.0984 87.9409 91.0824 115.746 39.3192 74.4283 0.0 39.0179 88.278 25.0 97.8787 46.5188 83.0751 67.9412 28.2312 15.5242 51.4782 16.2788 36.0555 87.5728 46.0475 41.5933 90.2803 47.0744 61.0 25.0799 105.418 102.084 88.4147 70.8308 36.2215 51.614 70.2567 36.0694 75.841 99.3268 64.0312 33.0606 90.9869 42.8019 43.0 14.3178 76.6877 110.469 64.3093 42.9418 92.3472 5.83095 72.2496 88.4523 54.8604 74.0608 52.3927 71.0459 106.867 70.0643 87.8009 52.0096 
49.3894 57.0977 49.6005 76.6128 74.3482 105.763 22.7047 76.9831 39.0179 0.0 71.2993 36.2756 83.9452 34.6008 77.0695 67.7419 23.1655 24.9284 66.059 23.1655 23.53 71.0167 44.4005 58.7051 76.4599 31.1246 44.5261 21.2956 103.536 88.4209 74.1348 92.1183 55.3241 61.3379 53.5793 50.6451 62.0392 92.593 68.1656 56.349 77.4003 56.0118 63.3847 27.5529 60.98 103.305 60.083 62.8063 75.3817 34.3452 98.847 90.8402 53.1843 105.411 39.2843 57.484 100.128 102.186 71.7454 13.0 
66.6111 16.6433 23.5372 52.6308 7.28011 74.2428 49.0408 81.9423 88.278 71.2993 0.0 77.8981 46.0109 47.8017 56.648 70.6625 64.56 73.8329 83.5318 72.111 54.231 17.0294 61.6222 94.1541 43.4166 42.107 28.2843 65.0692 79.7621 51.0882 37.3363 108.158 94.3663 77.2242 22.2036 71.1196 39.3573 67.6018 75.1347 98.4886 46.5296 74.4206 101.213 76.1183 26.4197 75.0067 48.9399 81.6089 4.12311 83.6445 115.657 90.0838 70.406 122.945 42.3792 46.2277 73.1095 120.106 15.2971 36.4966 
27.8568 61.6847 62.6119 65.6808 82.6737 91.9239 36.9803 49.521 25.0 36.2756 77.8981 0.0 76.4003 48.8541 59.2563 43.6005 17.3016 16.0 26.9258 23.0217 37.6571 72.6911 23.7697 22.4722 68.884 45.4002 58.3888 31.0483 80.9197 79.6994 68.832 49.0102 19.4165 26.6271 56.7539 11.6619 55.7578 75.4718 39.0512 21.4009 68.6804 17.8045 27.4591 14.1421 60.1332 86.5332 42.2019 18.6815 81.9843 19.7231 52.7731 63.545 32.7591 56.921 53.5599 44.9217 82.9277 53.1413 84.6977 45.5825 
48.8365 39.9249 56.3649 14.8661 53.0094 28.4429 68.09 53.6436 97.8787 83.9452 46.0109 76.4003 0.0 75.4321 22.1359 39.6232 86.2406 82.3616 64.2806 84.22 75.5836 29.0689 52.6308 82.0244 7.61577 65.192 57.8014 83.2408 35.1141 5.38516 10.8167 78.924 85.0566 59.0762 38.0789 65.307 21.9545 23.2594 50.2195 91.1976 8.0 63.1981 89.0898 84.3963 26.9258 29.0689 34.2053 69.0072 47.0956 92.1852 89.3197 54.2033 43.6807 98.4327 72.6705 31.6228 27.4591 97.0824 61.131 54.4885 
58.5049 38.833 24.3516 72.0069 48.3735 101.356 15.2971 86.0987 46.5188 34.6008 47.8017 48.8541 75.4321 0.0 72.6512 76.8574 35.7664 36.1248 75.1745 31.0644 11.3137 54.0833 53.516 71.2836 68.8186 10.7703 20.1246 21.4709 99.1181 80.604 64.6607 101.234 67.9026 70.4534 38.2099 59.7606 55.5698 88.1747 77.2811 68.884 70.7248 65.1274 75.9632 38.9487 48.8365 98.8383 56.0556 66.7804 51.4198 43.566 101.608 99.9557 62.2998 105.754 6.08276 53.4567 95.7079 101.959 43.0465 21.4709 
32.8434 44.4678 58.4956 7.28011 63.9062 33.4215 64.8011 31.5864 83.0751 77.0695 56.648 59.2563 22.1359 72.6512 0.0 18.0 76.6236 70.6043 43.0116 77.0576 72.2947 40.7063 37.8316 61.2046 17.2047 62.0163 58.2562 76.3651 27.5136 23.0868 21.9317 56.8595 64.7765 38.2099 40.2462 47.5962 18.2462 17.8045 28.2843 71.1969 14.7648 43.6807 68.0661 69.5692 30.8072 29.0689 24.3707 48.6621 59.0931 77.3167 67.2309 34.0588 33.7413 76.3217 71.2145 22.4589 25.6125 74.9466 70.0928 51.1997 
18.3576 55.2134 66.0093 25.0799 77.3941 48.7545 68.4466 14.8813 67.9412 67.7419 70.6625 43.6005 39.6232 76.8574 18.0 0.0 56.4368 55.6276 25.02 62.4147 69.2719 58.593 23.3238 43.2897 33.5261 66.2032 67.4757 67.0375 37.4833 41.0488 36.805 41.0969 47.0744 20.3961 49.8175 32.0156 34.9443 32.2025 10.7703 53.6004 31.7805 26.8328 50.0899 54.5925 45.3448 43.0465 21.7505 31.0483 74.0706 62.2415 51.2268 26.3059 19.9896 60.1362 75.7826 24.7557 39.4462 58.5054 81.5668 54.7723 
39.3122 48.8365 45.665 76.1877 68.7095 106.02 23.8702 63.5606 28.2312 23.1655 64.56 17.3016 86.2406 35.7664 76.6236 56.4368 0.0 13.0384 43.0112 17.2047 24.6955 61.0082 34.3233 39.7311 78.6422 32.2901 41.4419 21.2132 94.0149 90.4462 77.4659 66.0642 36.3501 41.751 44.2832 25.1799 64.4178 87.6651 53.4738 37.375 79.3488 32.8251 44.4107 13.9284 49.2678 98.8076 52.556 35.2279 68.6804 22.4722 70.0554 77.5846 43.1071 74.2014 40.4498 59.4078 95.2058 70.4068 67.7509 28.6356 
38.2462 59.0339 52.5289 75.3785 77.2766 103.275 25.632 62.7514 15.5242 24.9284 73.8329 16.0 82.3616 36.1248 70.6043 55.6276 13.0384 0.0 42.2019 7.07107 24.8395 72.2496 33.4851 37.855 74.7632 34.0147 47.4545 16.1245 93.099 86.5672 72.8976 65.0077 33.8378 40.9418 55.0364 24.3707 60.3239 86.856 52.6647 33.6155 75.4698 32.0159 41.7852 2.82843 61.1882 97.9984 51.7468 34.3657 77.9442 10.0499 68.593 76.7754 42.298 72.2772 41.4005 55.5288 94.3966 68.4105 74.6726 37.3363 
21.9317 66.8898 69.7242 50.01 89.1265 72.4224 66.7637 26.9959 51.4782 66.059 83.5318 26.9258 64.2806 75.1745 43.0116 25.02 43.0112 42.2019 0.0 48.9892 67.589 71.1992 23.0217 18.4391 57.7067 64.5203 66.0379 56.7594 59.0401 66.0076 59.9909 26.2493 22.8473 5.83095 61.4027 19.0 48.1041 56.0446 15.8114 29.5466 56.3205 11.0454 25.0799 40.8044 57.8258 66.1634 34.4384 8.60233 86.4594 46.5188 33.0151 41.2318 28.4253 40.3113 74.0997 37.5766 62.6449 37.5366 90.5027 53.3385 
45.2901 58.2632 49.8197 76.6216 74.8131 106.454 23.0868 69.5385 16.2788 23.1655 72.111 23.0217 84.22 31.0644 77.0576 62.4147 17.2047 7.07107 48.9892 0.0 20.1246 72.1803 40.3012 44.911 76.6616 30.8058 44.7214 9.89949 99.9928 88.518 74.686 72.0 40.8044 47.7289 54.7449 31.1578 62.2656 93.643 59.4518 40.2492 77.4131 38.803 48.7032 9.48683 61.9839 104.786 60.0711 41.2058 76.1643 12.53 75.6637 83.5625 49.0851 79.3095 36.7151 57.4721 101.184 75.4321 71.5681 36.0555 
50.9193 42.3792 31.0 71.6321 56.0357 101.02 8.60233 78.5131 36.0555 23.53 54.231 37.6571 75.5836 11.3137 72.2947 69.2719 24.6955 24.8395 67.589 20.1246 0.0 57.3847 45.9304 60.0866 68.729 12.1655 26.0192 11.1803 98.7616 80.6433 64.9356 86.4197 56.7056 62.8678 40.2492 45.5354 55.2271 87.8182 69.6956 57.6281 70.5015 53.1806 64.7662 27.6586 49.6957 98.5304 55.6797 55.5834 58.1378 32.6497 90.4109 92.5371 54.7142 94.5569 16.6433 53.0808 95.3534 90.7623 51.9711 21.095 
50.6322 15.2643 31.1127 36.0555 24.1868 57.4282 50.2892 69.8728 87.5728 71.0167 17.0294 72.6911 29.0689 54.0833 40.7063 58.593 61.0082 72.2496 71.1992 72.1803 57.3847 0.0 53.6157 86.2015 26.4764 45.618 34.2053 67.0522 62.8013 34.2345 20.3961 96.0883 86.9866 65.372 17.4642 64.0312 24.7588 50.636 63.0652 91.9239 29.6142 66.4142 93.3476 74.108 13.4164 58.0 36.8917 73.0283 18.6815 82.2982 106.218 74.374 44.1588 111.076 49.8197 33.8378 56.0803 108.382 32.0624 36.6879 
5.0 44.9803 47.8146 41.9863 67.2169 70.5025 45.1052 32.781 46.0475 44.4005 61.6222 23.7697 52.6308 53.516 37.8316 23.3238 34.3233 33.4851 23.0217 40.3012 45.9304 53.6157 0.0 34.4384 45.1221 42.8617 44.1342 43.6961 60.4331 55.9732 45.1774 49.2449 35.4401 17.8885 39.4931 13.0 32.0624 54.0833 24.0832 40.6079 44.9222 14.4222 41.6293 32.45 40.4655 65.2257 18.4391 21.6333 65.5547 40.2389 56.0357 46.8049 9.05539 63.1269 52.4411 21.2132 61.6239 60.1415 68.5931 31.4309 
35.7351 77.5242 78.6289 68.0661 99.5691 90.8252 59.4098 45.3986 41.5933 58.7051 94.1541 22.4722 82.0244 71.2836 61.2046 43.2897 39.7311 37.855 18.4391 44.911 60.0866 86.2015 34.4384 0.0 75.1707 67.8297 74.5234 53.4509 77.1466 84.0536 76.7919 29.4109 5.83095 23.0217 72.0694 23.4307 64.3273 74.4648 34.2053 12.0416 74.027 20.2485 7.28011 35.5106 72.9638 84.566 50.2195 13.3417 98.1122 38.0526 31.0161 49.8197 42.3792 34.4819 75.9894 53.3667 81.0476 30.6757 100.265 61.7172 
41.4367 34.9285 50.9215 10.6301 50.636 33.2415 61.2355 47.9245 90.2803 76.4599 43.4166 68.884 7.61577 68.8186 17.2047 33.5261 78.6422 74.7632 57.7067 76.6616 68.729 26.4764 45.1221 75.1707 0.0 58.4123 51.8941 75.7555 36.3456 12.0416 6.08276 73.7902 78.0 52.365 32.311 57.8705 14.4222 24.1868 44.2719 84.0536 3.16228 56.0357 82.3265 76.7979 21.1896 32.3883 26.6833 62.0322 45.1221 84.5868 84.0952 50.9117 36.1386 93.1075 66.3702 24.0416 30.0666 91.5478 58.0775 47.634 
47.8506 30.4631 19.105 61.3538 44.1814 90.7359 8.60233 75.4444 47.0744 31.1246 42.107 45.4002 65.192 10.7703 62.0163 66.2032 32.2901 34.0147 64.5203 30.8058 12.1655 45.618 42.8617 67.8297 58.4123 0.0 14.0357 23.0 88.4832 70.2922 54.4885 90.5796 64.4487 59.7991 28.8444 49.1063 44.9444 77.5398 66.6269 65.4736 60.2163 54.4731 72.5093 36.6742 38.9487 88.1859 45.4014 61.2676 46.0435 43.0116 97.3083 89.3015 51.6455 103.872 11.1803 42.8024 85.0662 100.647 40.8044 10.8167 
49.1231 19.105 5.09902 57.0088 30.1496 85.0882 21.8403 78.7554 61.0 44.5261 28.2843 58.3888 57.8014 20.1246 58.2562 67.4757 41.4419 47.4545 66.0379 44.7214 26.0192 34.2053 44.1342 74.5234 51.8941 14.0357 0.0 37.0135 84.7231 63.1348 47.0106 92.2226 73.9378 61.1048 19.7231 51.0959 40.2616 73.4983 67.8994 78.4622 54.231 56.4004 81.236 50.0791 30.8869 83.4865 43.085 63.2542 32.1403 56.7539 99.0202 92.5314 52.9181 105.802 15.6205 40.486 80.6536 102.616 27.313 12.8062 
48.685 52.3927 42.0476 75.9084 67.1193 105.762 16.7631 74.8667 25.0799 21.2956 65.0692 31.0483 83.2408 21.4709 76.3651 67.0375 21.2132 16.1245 56.7594 9.89949 11.1803 67.0522 43.6961 53.4509 75.7555 23.0 37.0135 0.0 104.104 87.7166 73.4304 79.8123 49.7695 55.4991 49.6777 38.928 61.3348 91.8887 66.6936 49.7393 76.6959 46.5732 57.7754 18.868 58.9652 102.601 59.3786 48.976 69.029 22.2036 83.8035 88.8906 52.4799 87.9318 27.313 56.7797 99.4239 84.119 63.1506 30.3645 
55.4448 70.0643 84.8528 28.0713 86.977 17.72 91.268 44.7214 105.418 103.536 79.7621 80.9197 35.1141 99.1181 27.5136 37.4833 94.0149 93.099 59.0401 99.9928 98.7616 62.8013 60.4331 77.1466 36.3456 88.4832 84.7231 104.104 0.0 31.305 42.4264 61.0737 81.8352 55.7584 66.3702 69.4262 44.5533 12.1655 43.2383 88.5116 33.2415 63.6003 82.286 92.0639 56.0357 10.7703 50.8376 66.4099 81.3941 99.7246 71.0 31.0 57.0562 80.025 97.6814 48.9258 9.21954 80.025 94.3398 77.6666 
51.923 45.31 61.7414 16.0 58.0086 23.1948 73.1498 54.5895 102.084 88.4209 51.0882 79.6994 5.38516 80.604 23.0868 41.0488 90.4462 86.5672 66.0076 88.518 80.6433 34.2345 55.9732 84.0536 12.0416 70.2922 63.1348 87.7166 31.305 0.0 16.1245 79.0569 87.367 61.0328 43.4166 68.4129 26.4008 20.0 51.3517 93.6483 11.1803 65.7943 91.0055 88.6019 32.249 24.3311 37.6962 71.2531 52.0096 96.3908 89.493 53.0 47.1699 98.6712 77.9359 35.3412 23.0868 97.5295 66.2722 59.5483 
42.0 29.4109 45.6946 16.1245 44.5533 38.6005 57.4421 51.4043 88.4147 74.1348 37.3363 68.832 10.8167 64.6607 21.9317 36.805 77.4659 72.8976 59.9909 74.686 64.9356 20.3961 45.1774 76.7919 6.08276 54.4885 47.0106 73.4304 42.4264 16.1245 0.0 77.5299 79.2275 54.3474 27.2947 58.1378 13.1529 30.2655 47.5753 85.0529 9.21954 57.1402 84.0119 74.3303 16.1245 38.2099 27.0 63.5059 39.0512 82.8026 87.735 55.9732 36.1248 96.6591 61.8547 24.0208 36.0139 95.0284 52.0384 43.8406 
48.1376 93.0696 95.904 64.0781 115.306 78.0256 92.823 27.0185 70.8308 92.1183 108.158 49.0102 78.924 101.234 56.8595 41.0969 66.0642 65.0077 26.2493 72.0 86.4197 96.0883 49.2449 29.4109 73.7902 90.5796 92.2226 79.8123 61.0737 79.0569 77.5299 0.0 35.1141 31.8927 87.5824 43.9318 72.4396 63.6396 37.4097 40.2492 71.5891 36.4668 30.5287 63.0714 82.8401 71.007 59.2458 31.257 111.566 66.9104 10.4403 30.1496 54.5639 19.6469 100.159 62.251 68.0661 19.0263 116.682 79.4964 
37.4833 77.8203 78.0433 71.4493 99.4786 95.1893 56.0288 49.7911 36.2215 55.3241 94.3663 19.4165 85.0566 67.9026 64.7765 47.0744 36.3501 33.8378 22.8473 40.8044 56.7056 86.9866 35.4401 5.83095 78.0 64.4487 73.9378 49.7695 81.8352 87.367 79.2275 35.1141 0.0 26.6833 72.4983 23.2594 66.4831 78.7464 38.6264 6.7082 77.0619 22.0907 8.06226 31.3209 73.8363 88.9585 52.345 16.1245 98.387 33.0151 36.0555 55.3533 43.9318 38.6394 72.6083 55.4437 85.44 34.7131 99.7079 61.1315 
16.2788 61.9508 64.7852 45.0444 84.1875 68.7095 62.0426 23.7144 51.614 61.3379 77.2242 26.6271 59.0762 70.4534 38.2099 20.3961 41.751 40.9418 5.83095 47.7289 62.8678 65.372 17.8885 23.0217 52.365 59.7991 61.1048 55.4991 55.7584 61.0328 54.3474 31.8927 26.6833 0.0 56.4636 16.7631 42.3792 52.2015 12.8062 33.2415 51.0882 8.94427 30.0167 39.8121 51.9987 62.6498 28.6356 10.7703 80.6323 46.3249 38.6925 37.7383 22.6716 45.9674 69.3786 31.7805 59.0931 43.2782 85.5636 48.4014 
44.482 5.65685 18.6815 38.3275 28.2843 65.5515 32.9147 61.0972 70.2567 53.5793 22.2036 56.7539 38.0789 38.2099 40.2462 49.8175 44.2832 55.0364 61.4027 54.7449 40.2492 17.4642 39.4931 72.0694 32.311 28.8444 19.7231 49.6777 66.3702 43.4166 27.2947 87.5824 72.4983 56.4636 0.0 49.2443 22.0 54.7449 54.2896 76.896 34.7851 52.2915 79.177 57.0 11.1803 64.2884 28.0949 59.4798 26.0768 65.0692 94.3822 74.8732 48.2769 101.67 34.8281 25.4959 61.6117 98.2868 31.7648 19.3132 
16.4924 54.5619 55.2014 54.3828 76.3217 80.2621 51.3498 38.4717 36.0694 50.6451 71.1196 11.6619 65.307 59.7606 47.5962 32.0156 25.1799 24.3707 19.0 31.1578 45.5354 64.0312 13.0 23.4307 57.8705 49.1063 51.0959 38.928 69.4262 68.4129 58.1378 43.9318 23.2594 16.7631 49.2443 0.0 45.0444 63.8122 28.3019 27.8927 57.4891 8.06226 30.2324 23.3238 50.9902 74.8866 31.257 13.0 75.1332 30.4795 49.7695 52.4957 22.0227 55.5698 58.6858 34.1321 71.2811 52.1536 76.8375 38.2897 
29.0689 26.3059 40.3113 16.7631 46.5188 45.793 47.7336 46.224 75.841 62.0392 39.3573 55.7578 21.9545 55.5698 18.2462 34.9443 64.4178 60.3239 48.1041 62.2656 55.2271 24.7588 32.0624 64.3273 14.4222 44.9444 40.2616 61.3348 44.5533 26.4008 13.1529 72.4396 66.4831 42.3792 22.0 45.0444 0.0 33.2415 39.4164 72.1734 15.5563 44.4072 71.5891 62.5735 13.0 43.4626 14.1421 50.9902 42.19 70.3624 82.5695 51.6173 23.0217 91.4788 53.7122 11.0454 40.4969 84.9018 52.2015 34.1321 
49.095 58.2151 73.3485 16.4924 74.8131 16.5529 80.3247 42.7551 99.3268 92.593 67.6018 75.4718 23.2594 88.1747 17.8045 32.2025 87.6651 86.856 56.0446 93.643 87.8182 50.636 54.0833 74.4648 24.1868 77.5398 73.4983 91.8887 12.1655 20.0 30.2655 63.6396 78.7464 52.2015 54.7449 63.8122 33.2415 0.0 40.2616 85.3815 21.095 59.0339 80.86 85.8209 44.1814 11.3137 39.8942 62.9682 69.2315 93.5684 73.9797 35.1141 50.7064 83.1865 86.7295 37.9824 7.81025 82.6075 82.2192 66.7083 
20.025 59.6855 69.8652 35.5106 81.8663 56.6127 68.8703 11.1942 64.0312 68.1656 75.1347 39.0512 50.2195 77.2811 28.2843 10.7703 53.4738 52.6647 15.8114 59.4518 69.6956 63.0652 24.0832 34.2053 44.2719 66.6269 67.8994 66.6936 43.2383 51.3517 47.5753 37.4097 38.6264 12.8062 54.2896 28.3019 39.4164 40.2616 0.0 45.31 42.45 21.2603 40.6079 51.6236 49.817 50.3616 26.2227 23.3238 78.5428 58.6003 47.5397 25.2181 24.0416 56.449 76.2063 29.2278 46.8431 54.8183 86.0389 55.196 
43.1045 82.0792 82.6853 77.7817 103.325 101.843 57.0537 56.4674 33.0606 56.349 98.4886 21.4009 91.1976 68.884 71.1969 53.6004 37.375 33.6155 29.5466 40.2492 57.6281 91.9239 40.6079 12.0416 84.0536 65.4736 78.4622 49.7393 88.5116 93.6483 85.0529 40.2492 6.7082 33.2415 76.896 27.8927 72.1734 85.3815 45.31 0.0 83.2188 28.0179 10.198 30.8869 78.8543 95.6347 58.0775 22.561 102.552 30.8058 39.8121 61.8469 49.366 41.0122 73.6274 61.131 92.1141 37.0135 103.46 64.8833 
41.0 37.6563 53.4509 7.81025 53.7587 30.8707 63.0079 45.9684 90.9869 77.4003 46.5296 68.6804 8.0 70.7248 14.7648 31.7805 79.3488 75.4698 56.3205 77.4131 70.5015 29.6142 44.9222 74.027 3.16228 60.2163 54.231 76.6959 33.2415 11.1803 9.21954 71.5891 77.0619 51.0882 34.7851 57.4891 15.5563 21.095 42.45 83.2188 0.0 55.2268 81.0987 77.5045 23.7697 29.6142 26.5707 61.0082 48.2701 85.2934 81.939 48.1041 36.0555 91.0 68.4763 24.1661 27.1662 89.5377 61.131 49.4065 
15.5242 57.7787 60.3075 50.01 80.0154 75.5844 56.7165 31.8299 42.8019 56.0118 74.4206 17.8045 63.1981 65.1274 43.6807 26.8328 32.8251 32.0159 11.0454 38.803 53.1806 66.4142 14.4222 20.2485 56.0357 54.4731 56.4004 46.5732 63.6003 65.7943 57.1402 36.4668 22.0907 8.94427 52.2915 8.06226 44.4072 59.0339 21.2603 28.0179 55.2268 0.0 27.5136 30.8707 52.7819 69.8355 30.2655 7.2111 78.3531 37.4433 42.9418 45.8539 22.1359 49.4065 64.0525 33.3766 66.242 46.2277 81.3449 43.6005 
43.0116 84.5991 85.3415 75.0067 106.532 97.2506 64.0894 51.7924 43.0 63.3847 101.213 27.4591 89.0898 75.9632 68.0661 50.0899 44.4107 41.7852 25.0799 48.7032 64.7662 93.3476 41.6293 7.28011 82.3265 72.5093 81.236 57.7754 82.286 91.0055 84.0119 30.5287 8.06226 30.0167 79.177 30.2324 71.5891 80.86 40.6079 10.198 81.0987 27.5136 0.0 39.2173 80.2436 90.6637 57.4891 20.6155 105.19 40.3113 29.6142 54.3783 49.6488 31.1448 80.669 60.6383 87.275 27.1662 107.006 68.4298 
37.2111 61.131 55.1535 74.3434 79.9012 102.24 28.2576 61.7163 14.3178 27.5529 76.1183 14.1421 84.3963 38.9487 69.5692 54.5925 13.9284 2.82843 40.8044 9.48683 27.6586 74.108 32.45 35.5106 76.7979 36.6742 50.0791 18.868 92.0639 88.6019 74.3303 63.0714 31.3209 39.8121 57.0 23.3238 62.5735 85.8209 51.6236 30.8869 77.5045 30.8707 39.2173 0.0 62.8013 96.9633 50.7117 32.7567 80.2309 8.544 66.3702 75.7403 41.2629 69.857 44.2041 57.5635 93.3615 65.9697 77.2983 39.6232 
37.2588 14.0357 29.7321 28.0 33.541 54.4243 42.2022 56.6246 76.6877 60.98 26.4197 60.1332 26.9258 48.8365 30.8072 45.3448 49.2678 61.1882 57.8258 61.9839 49.6957 13.4164 40.4655 72.9638 21.1896 38.9487 30.8869 58.9652 56.0357 32.249 16.1245 82.8401 73.8363 51.9987 11.1803 50.9902 13.0 44.1814 49.817 78.8543 23.7697 52.7819 80.2436 62.8013 0.0 53.3667 23.6008 59.6549 29.4109 71.1969 90.4311 64.1783 30.7855 97.7192 45.8039 20.6155 50.8035 95.0251 39.2938 28.6007 
60.2375 67.2681 82.9699 26.8328 82.0549 7.07107 91.0368 52.4976 110.469 103.305 75.0067 86.5332 29.0689 98.8383 29.0689 43.0465 98.8076 97.9984 66.1634 104.786 98.5304 58.0 65.2257 84.566 32.3883 88.1859 83.4865 102.601 10.7703 24.3311 38.2099 71.007 88.9585 62.6498 64.2884 74.8866 43.4626 11.3137 50.3616 95.6347 29.6142 69.8355 90.6637 96.9633 53.3667 0.0 50.6064 73.4098 76.1643 104.711 81.0987 41.1947 61.8489 90.1998 97.17 48.6945 3.60555 90.0222 90.0222 77.3692 
15.0 33.4908 44.2867 23.9348 55.6715 53.7676 48.1862 33.0303 64.3093 60.083 48.9399 42.2019 34.2053 56.0556 24.3707 21.7505 52.556 51.7468 34.4384 60.0711 55.6797 36.8917 18.4391 50.2195 26.6833 45.4014 43.085 59.3786 50.8376 37.6962 27.0 59.2458 52.345 28.6356 28.0949 31.257 14.1421 39.8942 26.2227 58.0775 26.5707 30.2655 57.4891 50.7117 23.6008 50.6064 0.0 36.8782 52.348 58.5006 66.9162 46.8062 9.48683 74.2042 54.8727 3.16228 47.4295 71.5102 59.8442 34.5847 
22.4722 64.967 67.2681 55.3263 87.2009 79.4796 63.511 34.3658 42.9418 62.8063 81.6089 18.6815 69.0072 66.7804 48.6621 31.0483 35.2279 34.3657 8.60233 41.2058 55.5834 73.0283 21.6333 13.3417 62.0322 61.2676 63.2542 48.976 66.4099 71.2531 63.5059 31.257 16.1245 10.7703 59.4798 13.0 50.9902 62.9682 23.3238 22.561 61.0082 7.2111 20.6155 32.7567 59.6549 73.4098 36.8782 0.0 85.5414 38.0789 36.7696 46.4215 29.1548 42.72 70.847 40.025 69.857 39.4081 88.459 50.448 
70.5436 20.5913 27.2947 54.7083 6.32456 75.0267 53.0848 85.3504 92.3472 75.3817 4.12311 81.9843 47.0956 51.4198 59.0931 74.0706 68.6804 77.9442 86.4594 76.1643 58.1378 18.6815 65.5547 98.1122 45.1221 46.0435 32.1403 69.029 81.3941 52.0096 39.0512 111.566 98.387 80.6323 26.0768 75.1332 42.19 69.2315 78.5428 102.552 48.2701 78.3531 105.19 80.2309 29.4109 76.1643 52.348 85.5414 0.0 87.7269 119.065 92.6075 74.3385 126.353 45.8803 49.5782 74.4312 123.514 15.6525 40.6079 
45.0 69.0072 61.8466 82.1323 86.6833 109.988 34.9285 68.9177 5.83095 34.3452 83.6445 19.7231 92.1852 43.566 77.3167 62.2415 22.4722 10.0499 46.5188 12.53 32.6497 82.2982 40.2389 38.0526 84.5868 43.0116 56.7539 22.2036 99.7246 96.3908 82.8026 66.9104 33.0151 46.3249 65.0692 30.4795 70.3624 93.5684 58.6003 30.8058 85.2934 37.4433 40.3113 8.544 71.1969 104.711 58.5006 38.0789 87.7269 0.0 69.0072 82.9416 49.0518 71.4493 49.2443 65.3524 101.109 67.4759 83.8153 47.1699 
54.9373 99.8693 102.703 74.4648 122.106 88.1419 99.5517 36.8917 72.2496 98.847 115.657 52.7731 89.3197 101.608 67.2309 51.2268 70.0554 68.593 33.0151 75.6637 90.4109 106.218 56.0357 31.0161 84.0952 97.3083 99.0202 83.8035 71.0 89.493 87.735 10.4403 36.0555 38.6925 94.3822 49.7695 82.5695 73.9797 47.5397 39.8121 81.939 42.9418 29.6142 66.3702 90.4311 81.0987 66.9162 36.7696 119.065 69.0072 0.0 40.0 61.3636 9.21954 106.888 70.0161 78.2304 9.21954 123.482 86.2844 
42.2966 77.8388 91.065 40.3113 97.3309 48.2597 91.5449 21.9317 88.4523 90.8402 90.0838 63.545 54.2033 99.9557 34.0588 26.3059 77.5846 76.7754 41.2318 83.5625 92.5371 74.374 46.8049 49.8197 50.9117 89.3015 92.5314 88.8906 31.0 53.0 55.9732 30.1496 55.3533 37.7383 74.8732 52.4957 51.6173 35.1141 25.2181 61.8469 48.1041 45.8539 54.3783 75.7403 64.1783 41.1947 46.8062 46.4215 92.6075 82.9416 40.0 0.0 45.0111 49.0408 98.8809 49.8114 38.4708 49.0408 103.464 79.8281 
6.7082 53.7641 56.5985 33.3053 76.0008 63.1382 53.889 31.2578 54.8604 53.1843 70.406 32.7591 43.6807 62.2998 33.7413 19.9896 43.1071 42.298 28.4253 49.0851 54.7142 44.1588 9.05539 42.3792 36.1386 51.6455 52.9181 52.4799 57.0562 47.1699 36.1248 54.5639 43.9318 22.6716 48.2769 22.0227 23.0217 50.7064 24.0416 49.366 36.0555 22.1359 49.6488 41.2629 30.7855 61.8489 9.48683 29.1548 74.3385 49.0518 61.3636 45.0111 0.0 68.6517 61.225 12.1655 58.2471 65.9469 77.3769 40.2147 
62.2254 107.157 109.636 83.5703 129.394 97.2522 93.8801 45.6508 74.0608 105.411 122.945 56.921 98.4327 105.754 76.3217 60.1362 74.2014 72.2772 40.3113 79.3095 94.5569 111.076 63.1269 34.4819 93.1075 103.872 105.802 87.9318 80.025 98.6712 96.6591 19.6469 38.6394 45.9674 101.67 55.5698 91.4788 83.1865 56.449 41.0122 91.0 49.4065 31.1448 69.857 97.7192 90.1998 74.2042 42.72 126.353 71.4493 9.21954 49.0408 68.6517 0.0 113.452 77.3041 87.367 4.0 130.432 93.0054 
57.4301 34.7131 19.2354 70.3847 42.5793 99.2975 18.3576 85.0238 52.3927 39.2843 42.3792 53.5599 72.6705 6.08276 71.2145 75.7826 40.4498 41.4005 74.0997 36.7151 16.6433 49.8197 52.4411 75.9894 66.3702 11.1803 15.6205 27.313 97.6814 77.9359 61.8547 100.159 72.6083 69.3786 34.8281 58.6858 53.7122 86.7295 76.2063 73.6274 68.4763 64.0525 80.669 44.2041 45.8039 97.17 54.8727 70.847 45.8803 49.2443 106.888 98.8809 61.225 113.452 0.0 52.2738 94.1541 106.665 37.0135 20.3961 
18.0278 30.8869 41.6877 22.0229 53.0094 51.8557 45.5872 36.0354 71.0459 57.484 46.2277 44.9217 31.6228 53.4567 22.4589 24.7557 59.4078 55.5288 37.5766 57.4721 53.0808 33.8378 21.2132 53.3667 24.0416 42.8024 40.486 56.7797 48.9258 35.3412 24.0208 62.251 55.4437 31.7805 25.4959 34.1321 11.0454 37.9824 29.2278 61.131 24.1661 33.3766 60.6383 57.5635 20.6155 48.6945 3.16228 40.025 49.5782 65.3524 70.0161 49.8114 12.1655 77.3041 52.2738 0.0 45.5176 74.6101 57.2451 31.9858 
56.6357 64.7765 80.2808 23.7697 80.2247 10.0499 87.8599 49.0408 106.867 100.128 73.1095 82.9277 27.4591 95.7079 25.6125 39.4462 95.2058 94.3966 62.6449 101.184 95.3534 56.0803 61.6239 81.0476 30.0666 85.0662 80.6536 99.4239 9.21954 23.0868 36.0139 68.0661 85.44 59.0931 61.6117 71.2811 40.4969 7.81025 46.8431 92.1141 27.1662 66.242 87.275 93.3615 50.8035 3.60555 47.4295 69.857 74.4312 101.109 78.2304 38.4708 58.2471 87.367 94.1541 45.5176 0.0 87.0919 88.0057 74.2496 
59.4643 103.774 106.527 82.2192 126.011 97.0464 90.0855 43.8634 70.0643 102.186 120.106 53.1413 97.0824 101.959 74.9466 58.5054 70.4068 68.4105 37.5366 75.4321 90.7623 108.382 60.1415 30.6757 91.5478 100.647 102.616 84.119 80.025 97.5295 95.0284 19.0263 34.7131 43.2782 98.2868 52.1536 84.9018 82.6075 54.8183 37.0135 89.5377 46.2277 27.1662 65.9697 95.0251 90.0222 71.5102 39.4081 123.514 67.4759 9.21954 49.0408 65.9469 4.0 106.665 74.6101 87.0919 0.0 127.387 89.8109 
73.582 26.4008 22.3607 66.7533 9.43398 89.4539 49.0408 92.8465 87.8009 71.7454 15.2971 84.6977 61.131 43.0465 70.0928 81.5668 67.7509 74.6726 90.5027 71.5681 51.9711 32.0624 68.5931 100.265 58.0775 40.8044 27.313 63.1506 94.3398 66.2722 52.0384 116.682 99.7079 85.5636 31.7648 76.8375 52.2015 82.2192 86.0389 103.46 61.131 81.3449 107.006 77.2983 39.2938 90.0222 59.8442 88.459 15.6525 83.8153 123.482 103.464 77.3769 130.432 37.0135 57.2451 88.0057 127.387 0.0 39.1152 
36.4198 22.2036 17.0294 50.5371 40.1622 79.925 13.6015 64.0136 52.0096 13.0 36.4966 45.5825 54.4885 21.4709 51.1997 54.7723 28.6356 37.3363 53.3385 36.0555 21.095 36.6879 31.4309 61.7172 47.634 10.8167 12.8062 30.3645 77.6666 59.5483 43.8406 79.4964 61.1315 48.4014 19.3132 38.2897 34.1321 66.7083 55.196 64.8833 49.4065 43.6005 68.4298 39.6232 28.6007 77.3692 34.5847 50.448 40.6079 47.1699 86.2844 79.8281 40.2147 93.0054 20.3961 31.9858 74.2496 89.8109 39.1152 0.0 
DEMAND_SCENARIO_SECTION
0 0 0 0 0 0 0 0 0 0 0 0 0 0 0 0 0 0 0 0 0 0 0 0 0 0 0 0 0 0 0 0 0 0 0 0 0 0 0 0 0 0 0 0 0 0 0 0 0 0 0 0 0 0 0 0 0 0 0 0 0 0 0 0 0 0 0 0 0 0 0 0 0 0 0 0 0 0 0 0 0 0 0 0 0 0 0 0 0 0 0 0 0 0 0 0 0 0 0 0 0 0 0 0 0 0 0 0 0 0 0 0 0 0 0 0 0 0 0 0 0 0 0 0 0 0 0 0 0 0 0 0 0 0 0 0 0 0 0 0 0 0 0 0 0 0 0 0 0 0 0 0 0 0 0 0 0 0 0 0 0 0 0 0 0 0 0 0 0 0 0 0 0 0 0 0 0 0 0 0 0 0 0 0 0 0 0 0 0 0 0 0 0 0 0 0 0 0 0 0 
4 3 1 3 4 3 2 4 3 4 4 4 4 3 2 3 4 2 2 3 2 1 3 3 2 2 4 3 3 4 5 1 4 3 3 1 4 4 2 2 4 4 2 3 3 3 2 2 2 4 1 2 3 5 2 3 3 2 3 2 4 2 2 3 3 2 4 3 4 2 4 2 2 4 4 5 3 5 4 3 1 2 3 2 2 3 2 3 2 3 2 4 3 3 2 1 3 3 2 3 4 3 3 1 4 4 4 3 4 2 2 3 3 3 4 5 3 2 3 3 4 1 3 2 2 3 4 4 3 5 4 4 2 0 2 5 3 4 2 3 0 4 4 4 2 4 1 5 5 2 3 2 3 1 3 2 4 3 3 3 2 3 2 1 2 3 3 4 2 4 3 2 4 1 3 3 2 3 3 3 4 4 4 3 1 3 4 4 4 5 2 5 2 4 2 4 3 4 3 3 
15 12 6 7 7 14 14 5 8 12 11 7 4 13 14 13 13 12 12 14 12 5 11 11 13 14 7 11 12 12 17 7 9 11 10 10 8 7 10 0 4 5 10 11 15 13 12 8 10 11 3 4 11 13 11 12 9 14 11 9 14 13 9 7 9 11 9 13 8 15 1 9 17 9 8 14 7 11 6 0 13 9 11 11 8 16 16 13 12 14 9 11 14 4 10 7 11 9 14 5 11 9 8 13 17 14 9 9 11 9 17 11 13 8 11 11 10 17 8 8 12 15 15 5 7 8 11 17 9 18 18 6 10 9 5 13 8 7 14 8 8 11 10 8 2 7 9 12 11 17 13 14 8 11 8 15 8 8 8 12 14 7 8 15 5 11 12 9 12 6 9 5 15 9 12 8 14 10 13 18 7 10 9 8 7 9 11 12 14 6 10 6 5 5 11 11 9 9 11 9 
4 5 4 2 9 7 6 5 8 6 7 7 8 5 5 10 1 6 8 8 7 4 7 6 9 8 5 3 9 8 7 5 3 5 5 3 4 10 5 3 7 4 8 5 6 6 4 5 9 7 6 10 9 6 5 9 7 5 11 8 6 7 3 6 5 7 8 1 5 5 5 6 3 7 4 8 2 5 5 6 5 8 1 5 6 5 6 5 8 3 4 6 4 5 6 5 6 4 10 7 9 6 8 9 9 7 7 6 4 8 5 6 5 4 9 4 4 5 9 5 10 8 4 6 8 6 8 4 6 4 3 7 5 4 7 8 7 6 8 9 5 2 8 3 5 12 6 6 9 4 3 5 3 5 7 6 8 8 6 8 5 7 5 10 8 7 8 6 6 7 8 8 2 5 4 3 9 6 6 7 8 5 5 6 8 6 9 5 5 8 5 5 9 2 7 5 5 5 5 6 
12 7 7 7 6 11 6 15 16 14 12 10 9 7 11 14 7 9 8 7 8 2 9 9 11 3 10 8 13 8 5 11 0 13 12 9 7 16 6 8 11 8 11 7 9 9 12 9 11 13 7 5 3 12 9 18 8 14 9 13 9 9 9 11 5 8 9 12 7 5 9 11 11 8 7 7 11 8 12 4 6 7 15 13 8 0 11 8 4 13 11 12 7 9 8 5 9 9 5 10 8 6 4 10 12 11 13 14 11 10 9 13 6 8 11 14 6 4 11 9 12 11 8 11 6 11 14 11 8 4 7 4 8 7 9 7 6 17 1 12 10 10 11 11 10 11 4 9 4 8 4 8 11 15 13 9 7 5 9 4 7 7 4 6 7 15 9 13 9 8 11 11 14 12 10 13 17 9 7 9 7 9 7 8 13 13 7 14 7 10 7 9 8 8 9 12 11 11 7 16 
6 5 6 5 4 5 5 5 2 1 4 5 10 9 5 7 2 5 1 2 5 4 6 10 8 8 5 8 6 5 4 7 8 6 10 4 9 6 3 7 8 3 7 6 4 2 5 9 7 3 5 2 9 3 5 4 3 5 9 5 10 6 4 7 1 6 5 5 6 10 2 8 6 5 7 4 5 7 2 6 8 6 5 6 7 3 4 4 4 4 10 8 5 4 4 10 10 5 8 6 5 5 5 8 4 9 6 8 8 8 5 4 3 5 6 9 7 5 7 6 5 4 5 9 5 7 6 5 7 8 5 8 9 3 4 5 4 9 3 7 5 5 8 10 6 6 8 8 5 7 5 4 5 3 3 7 7 2 5 7 8 6 8 4 5 3 7 5 5 9 7 6 6 4 3 3 6 3 5 6 6 7 12 2 6 6 4 4 6 9 6 5 3 3 9 7 7 7 6 10 
2 2 3 3 2 3 2 2 2 2 3 2 1 2 2 2 2 3 2 3 2 2 2 2 3 2 2 2 2 2 4 2 2 2 1 1 2 3 1 2 1 2 2 2 2 4 2 3 3 3 2 2 2 2 3 2 1 3 3 2 3 3 2 3 3 2 3 3 2 3 2 2 2 2 1 2 2 2 2 2 2 2 2 2 3 2 3 2 2 3 4 2 2 2 2 3 3 2 2 2 2 1 2 4 1 2 1 3 2 2 2 1 3 2 1 2 2 2 2 1 1 2 2 2 2 2 1 2 2 2 1 2 2 1 2 2 2 2 2 2 1 3 1 2 3 2 2 3 1 3 2 3 2 3 1 3 2 2 1 2 2 1 2 2 2 2 1 2 2 1 1 3 3 2 2 3 2 2 2 3 1 2 2 3 2 1 2 2 2 1 3 3 3 3 2 1 2 2 3 1 
3 5 3 3 6 4 5 4 3 5 4 1 5 3 4 3 5 7 3 4 3 4 3 6 4 6 3 4 2 5 3 4 4 6 5 4 4 5 3 4 5 4 3 4 4 5 3 5 3 4 4 6 3 2 5 4 4 2 4 3 4 6 5 4 5 4 4 4 4 2 5 3 7 4 3 5 6 3 2 5 4 3 4 4 5 4 4 1 4 5 2 4 6 4 4 6 4 5 4 4 2 5 3 5 5 3 1 3 3 3 4 4 5 4 9 7 5 3 4 5 4 4 5 6 5 4 4 2 2 5 7 3 3 5 2 7 4 7 3 4 4 4 4 4 5 6 5 6 3 5 6 5 5 5 2 5 4 4 2 6 6 5 1 4 6 4 6 4 6 5 4 4 1 4 4 6 6 3 2 4 2 3 4 5 5 4 5 7 6 4 4 5 3 3 8 7 3 6 5 4 
10 9 7 5 7 7 7 5 6 8 3 5 5 3 4 11 9 4 6 7 3 4 8 5 5 8 7 8 7 2 6 7 7 2 5 5 7 6 6 5 5 7 5 5 9 4 2 4 6 8 6 10 9 7 1 8 6 7 7 6 9 11 7 7 4 8 6 7 11 6 9 6 3 7 4 10 6 8 6 4 8 7 6 7 6 8 7 10 8 5 8 7 9 7 11 12 11 3 5 4 7 3 8 10 4 6 12 8 5 8 9 5 4 13 10 6 7 5 11 8 6 3 8 9 8 10 7 4 7 7 9 9 8 5 8 5 13 5 7 5 6 5 9 7 8 7 6 8 6 9 7 6 8 4 6 5 7 5 5 8 10 3 6 10 7 4 9 8 5 4 8 6 5 6 8 7 6 8 5 7 7 5 3 7 8 7 0 10 7 10 7 5 6 4 4 9 5 11 8 2 
1 1 1 1 1 1 1 1 1 1 1 1 1 1 1 1 1 1 1 1 0 1 1 1 1 1 1 1 1 1 1 1 1 2 1 1 1 1 1 1 1 1 1 1 1 0 1 1 0 1 1 1 1 1 1 2 1 1 0 1 1 1 1 1 1 1 1 1 1 2 1 1 1 1 1 1 1 1 1 1 1 1 1 1 0 1 1 2 1 1 1 2 1 1 1 1 1 1 1 1 1 1 1 1 1 2 1 1 0 1 0 1 1 2 1 2 1 1 1 1 1 2 1 1 1 1 1 1 1 1 1 1 1 1 1 1 1 1 1 1 1 2 1 1 1 1 1 1 0 0 1 1 1 1 0 1 2 1 1 1 1 1 1 1 1 1 2 1 2 1 1 1 1 1 1 1 1 1 1 1 1 1 1 1 1 1 1 1 2 1 2 1 1 1 1 1 1 1 1 1 
7 11 11 9 9 14 4 10 12 11 9 11 9 10 4 13 10 12 8 5 11 6 12 9 8 10 6 3 10 9 8 6 7 8 10 13 9 9 8 4 12 13 10 7 9 7 10 13 11 7 12 8 4 11 12 4 10 5 12 11 6 6 13 6 13 7 7 10 8 8 16 10 9 15 6 12 16 13 14 3 3 6 4 11 11 6 10 9 7 9 8 14 5 10 13 11 7 10 9 7 10 10 5 11 9 11 11 9 7 11 5 8 6 6 8 10 5 7 8 8 11 7 4 5 10 11 3 8 6 7 7 2 10 9 10 6 7 9 8 8 6 7 12 16 5 10 6 9 11 3 7 5 3 7 9 9 15 11 5 11 8 6 9 7 10 11 12 5 6 10 5 4 10 11 9 13 10 13 12 8 10 10 13 8 10 9 10 11 12 12 11 14 9 15 7 7 11 13 5 12 
3 2 3 2 3 3 3 0 4 4 2 4 5 4 2 3 2 2 1 2 2 3 5 5 3 3 3 3 2 2 2 3 3 3 2 3 2 3 2 3 4 2 3 4 4 3 2 1 3 2 3 3 4 3 3 3 2 3 3 3 3 3 3 2 4 4 1 2 3 4 2 5 5 3 3 4 2 2 1 5 3 2 2 4 3 2 3 3 1 5 3 4 4 1 4 3 3 1 5 3 3 4 2 4 3 4 3 2 4 4 4 5 2 4 2 2 3 3 3 2 4 3 4 3 2 3 4 3 3 3 3 2 2 0 2 5 5 3 3 5 3 3 4 5 2 2 2 2 4 6 2 2 3 1 3 3 3 4 3 2 2 3 3 4 5 2 2 1 2 5 2 1 5 3 4 3 4 2 4 2 3 4 4 2 3 4 2 3 4 3 2 3 2 3 5 3 3 2 1 3 
3 7 4 5 7 5 1 4 5 1 7 5 4 3 4 2 3 4 2 5 9 4 3 6 7 6 4 4 5 6 4 5 6 8 7 6 5 6 3 5 2 5 3 4 8 4 2 5 5 3 1 7 7 3 4 6 4 7 7 5 6 5 4 4 5 6 5 7 7 6 3 6 6 5 5 6 5 4 7 4 5 4 7 8 4 5 8 4 5 5 3 7 4 4 5 5 4 3 10 4 3 4 4 7 1 3 7 4 6 5 7 4 7 6 8 5 4 5 6 7 2 5 4 5 3 5 3 6 8 5 7 7 1 5 4 4 4 4 6 5 8 7 4 3 5 6 4 4 3 5 5 9 3 2 5 7 3 5 6 6 4 4 4 1 2 0 6 6 7 1 3 8 6 6 7 4 6 4 7 5 4 3 5 2 5 5 6 3 5 5 3 9 6 5 3 3 3 6 2 6 
6 9 6 6 4 7 4 4 3 5 6 6 6 8 4 7 7 4 5 7 6 7 6 5 4 3 5 7 7 6 3 7 6 4 7 5 7 6 3 6 7 4 7 6 4 6 6 3 4 5 2 5 6 6 6 7 8 4 5 4 4 4 5 5 4 7 5 4 5 5 5 4 4 5 4 3 6 5 3 4 5 5 5 3 4 4 6 6 6 6 5 3 5 5 4 6 2 4 4 5 8 4 6 5 4 4 6 5 1 1 7 5 5 4 2 3 6 4 5 4 6 6 5 2 7 5 7 5 3 7 6 7 5 5 0 5 6 5 5 6 5 4 3 4 5 5 7 5 5 6 5 9 2 4 5 3 5 5 5 9 4 6 2 4 6 6 4 5 6 4 6 5 5 5 8 4 5 5 7 5 5 5 3 7 4 9 7 7 6 6 4 6 7 5 3 5 1 7 6 4 
5 7 6 4 6 6 4 3 6 4 4 4 5 7 2 5 1 6 2 5 7 2 5 6 5 1 6 4 7 5 5 2 6 5 5 4 4 6 8 5 6 6 4 4 4 2 5 7 7 5 8 6 3 7 2 7 6 3 7 6 5 6 4 6 6 2 5 4 6 4 6 6 8 3 6 6 4 8 3 3 7 5 4 4 4 8 4 3 4 4 5 7 4 5 6 4 4 6 7 7 5 7 2 4 5 6 5 5 5 3 5 6 4 6 4 3 6 5 4 5 5 5 3 2 8 5 4 7 5 4 3 3 5 7 8 7 5 3 3 7 9 6 6 3 5 6 5 7 5 5 6 8 4 5 5 5 4 2 3 4 5 4 6 6 5 5 5 4 5 5 4 7 7 7 7 4 4 6 4 3 4 8 6 3 5 5 5 7 4 4 3 5 6 5 6 5 5 9 7 2 
1 1 1 1 1 0 2 1 1 1 1 1 1 1 1 2 1 1 1 1 1 1 1 1 1 1 1 1 1 1 1 1 1 1 1 1 0 1 1 1 1 1 1 1 1 1 1 2 1 1 1 1 1 1 1 1 1 1 1 1 1 1 1 1 1 1 0 1 1 1 1 1 2 1 1 1 0 1 1 1 1 1 1 1 1 2 1 1 1 1 1 1 1 1 1 1 1 1 1 0 1 1 1 1 1 1 1 1 1 1 1 1 1 1 1 1 1 1 1 2 1 1 1 1 1 1 1 1 1 1 1 1 1 1 1 1 1 1 1 1 1 1 1 1 1 1 1 0 1 1 1 1 1 1 1 1 1 1 1 1 2 1 1 1 1 1 1 1 1 0 1 1 1 1 1 1 2 1 1 1 1 1 1 1 2 1 2 2 1 1 0 2 1 1 1 1 1 1 1 0 
10 8 11 5 7 9 5 9 9 13 2 2 2 1 7 9 6 7 5 6 8 4 9 11 3 10 7 9 3 6 7 6 4 10 5 5 7 8 12 14 9 6 5 7 11 5 8 9 10 12 12 3 12 12 5 8 10 7 9 13 8 8 10 9 6 7 12 9 9 7 13 12 10 13 9 8 8 9 10 8 11 9 7 6 10 7 11 7 8 6 9 9 6 7 8 7 4 9 11 10 9 9 10 2 9 6 6 3 9 7 6 8 9 11 14 8 11 9 5 6 8 11 9 11 9 8 7 10 4 11 6 6 11 10 9 1 9 5 9 10 5 8 11 7 9 8 7 7 11 9 7 14 12 12 9 5 4 7 10 9 7 8 9 8 9 4 8 9 5 9 7 8 9 8 6 11 9 5 7 9 8 7 8 11 5 3 8 7 13 4 3 8 6 5 4 14 10 7 7 8 
3 2 1 1 2 2 2 2 1 3 1 2 2 1 2 2 3 2 3 3 1 1 3 2 1 2 2 2 2 3 1 3 2 2 2 2 3 2 2 2 2 1 1 2 1 2 1 2 1 3 2 3 2 2 3 2 0 2 2 2 2 1 2 2 1 2 2 1 2 1 3 1 1 2 1 1 3 1 3 3 2 3 2 2 3 2 1 1 3 1 1 3 1 2 2 2 1 1 1 1 2 3 3 2 2 3 1 1 3 2 2 3 0 2 2 0 1 1 2 2 2 2 2 2 3 2 2 2 2 2 3 3 2 2 3 2 2 2 2 3 2 2 2 1 2 1 2 1 1 3 3 2 1 1 2 2 2 3 1 3 3 3 2 2 2 2 1 2 2 2 2 3 1 2 2 3 1 2 3 2 2 2 2 2 2 2 2 2 2 1 2 2 1 1 1 2 2 2 2 3 
2 1 1 1 1 1 1 0 1 1 1 1 1 1 1 1 1 1 1 1 1 1 1 1 1 1 1 1 1 1 1 1 1 1 1 1 1 1 1 1 1 1 1 1 1 1 1 1 1 1 1 1 1 1 1 1 1 1 2 1 1 1 1 1 1 1 2 1 1 1 1 1 1 1 0 1 1 1 1 1 1 1 1 1 1 1 1 1 1 1 2 1 1 1 0 1 1 1 1 1 2 1 1 1 1 1 1 1 1 1 1 1 1 0 1 1 1 1 1 1 1 1 1 1 1 1 1 1 1 1 1 1 1 1 1 1 1 0 1 1 1 1 1 1 1 1 2 2 1 1 1 0 1 1 2 1 1 1 1 1 1 1 1 1 1 1 1 1 1 1 0 1 1 1 1 1 1 0 1 1 1 1 1 1 1 1 1 0 1 2 1 1 1 1 1 2 1 1 0 1 
5 1 7 1 2 4 3 5 2 4 4 3 7 4 3 5 3 3 4 3 4 4 4 3 5 4 4 5 3 5 5 1 5 4 3 6 2 3 4 5 4 4 2 4 5 6 4 3 5 5 2 4 3 4 2 5 4 2 3 3 3 2 4 2 5 5 4 4 4 5 4 4 4 3 3 3 2 5 6 4 1 4 4 3 4 4 3 6 6 2 4 3 5 3 4 2 3 4 5 5 5 4 4 1 3 2 5 3 3 5 4 4 6 5 5 4 4 6 3 5 4 4 6 4 5 5 5 2 5 7 2 2 4 4 5 4 3 2 4 4 3 6 6 5 3 2 6 3 6 3 4 3 7 3 4 4 5 3 4 4 6 7 2 2 3 5 6 5 6 7 4 6 4 4 4 5 3 1 3 3 4 4 5 3 3 4 6 5 2 5 5 3 2 4 3 6 4 5 5 3 
1 1 1 0 2 1 1 1 2 1 1 1 1 1 1 1 1 1 1 1 2 1 1 1 1 1 1 1 1 1 1 1 1 1 1 1 1 1 1 1 1 1 1 1 1 1 1 1 1 1 1 1 0 1 1 1 1 1 0 1 1 2 1 1 1 0 1 1 1 1 1 1 1 1 1 1 1 1 1 1 1 1 1 1 2 1 0 1 1 1 1 1 1 1 1 1 1 1 1 0 1 1 1 1 0 1 1 1 1 1 1 0 1 1 1 2 1 1 1 1 1 1 1 1 1 1 0 1 1 1 1 1 1 1 2 1 1 1 1 1 1 1 1 1 1 1 2 2 1 1 1 1 1 1 1 1 0 1 1 1 1 1 1 1 1 1 1 0 2 1 1 2 1 1 1 1 1 0 1 1 1 1 1 1 1 1 1 1 1 1 1 1 1 1 0 1 1 1 1 1 
5 6 3 5 3 4 4 7 6 6 5 6 5 5 5 4 5 4 4 7 4 6 4 6 5 10 7 3 4 4 4 4 6 4 6 3 5 4 4 3 3 3 6 4 4 6 7 6 1 5 6 5 7 4 2 5 4 7 5 7 7 7 7 5 3 5 8 4 3 5 5 3 4 6 4 6 6 8 5 4 6 4 5 7 2 4 6 5 5 6 5 3 6 4 5 4 5 4 7 4 2 6 7 4 3 5 6 5 4 5 6 5 3 7 5 5 4 7 4 3 7 7 4 4 6 5 4 6 5 6 6 4 4 3 5 6 3 3 5 2 5 6 2 3 7 7 6 3 7 4 5 6 5 7 5 5 3 5 4 6 5 4 2 3 2 8 6 7 5 8 4 3 3 6 5 4 1 4 6 5 7 6 5 6 3 3 6 4 5 4 3 4 8 7 6 7 2 5 4 5 
13 9 9 6 5 13 13 8 12 6 10 6 16 9 9 8 11 10 5 5 7 6 13 15 15 12 15 6 9 10 12 8 13 2 13 13 11 6 21 11 20 4 9 12 6 12 11 7 6 9 5 4 11 17 11 13 10 12 10 10 10 13 11 8 6 9 10 10 8 11 12 7 13 11 15 7 14 13 12 11 7 8 13 14 11 10 7 9 7 9 3 9 12 9 11 15 5 15 4 9 11 10 9 11 11 11 2 12 8 2 14 15 9 6 8 9 12 3 15 9 6 9 10 13 13 15 9 6 10 5 7 11 9 9 8 11 10 9 12 9 8 8 7 10 16 5 18 15 12 8 9 12 7 15 12 15 14 0 11 4 7 9 15 9 7 4 9 10 11 9 9 5 11 10 11 10 13 2 8 12 9 7 13 11 13 5 10 11 10 13 9 9 9 12 8 6 13 16 7 9 
