NAME  : Parada_20_2_0.95_1.00_8
TYPE : SVRP
MODEL : FINITE_SUPPORT
NUMBER_OF_SCENARIOS : 50
DIMENSION : 20
EDGE_WEIGHT_TYPE : MATRIX
CAPACITY : 48
N_VEHICLES : 2
NODE_COORD_SECTION
1 78192 190060
2 188080 495420
3 126830 18
4 104010 584250
5 426140 295330
6 116620 395800
7 27 115080
8 117140 243570
9 227420 83730
10 436640 46139
11 226780 116290
12 154430 496500
13 192810 500790
14 415170 293420
15 301460 470090
16 364430 305520
17 434970 18681
18 183330 506880
19 44000 306520
20 11706 142470
DEMAND_SECTION
1 0.0
2 2.0
3 5.0
4 3.0
5 2.0
6 7.0
7 1.0
8 2.0
9 6.0
10 5.0
11 1.0
12 6.0
13 9.0
14 10.0
15 8.0
16 3.0
17 8.0
18 5.0
19 2.0
20 7.0
DISTANCE_MATRIX
0.0 50.0692 31.1737 54.3255 57.4891 39.2267 20.3961 9.48683 54.6732 69.43 18.0363 44.2384 49.5752 48.9136 50.04 53.1601 59.769 48.2218 21.0 16.4924 
50.0692 0.0 75.0 16.1555 55.0364 38.9487 56.6392 40.6866 93.4349 108.373 63.2654 5.83095 1.0 94.934 54.4059 69.3542 92.1985 2.23607 30.8058 54.037 
31.1737 75.0 0.0 81.928 58.8558 69.6768 19.3132 37.8667 49.93 34.4819 39.0128 69.2026 74.4043 33.2866 78.6448 78.0064 72.0204 73.0068 44.2041 21.095 
54.3255 16.1555 81.928 0.0 70.1142 28.2843 64.2647 46.5091 84.7761 117.523 60.9365 18.0278 17.088 97.6597 41.6293 57.8705 83.1505 17.72 38.08 61.249 
57.4891 55.0364 58.8558 70.1142 0.0 80.6948 43.4626 53.1507 102.321 91.0 75.2899 52.0865 54.037 90.4434 96.6075 106.499 117.023 53.0094 43.566 45.1774 
39.2267 38.9487 69.6768 28.2843 80.6948 0.0 57.5602 34.1321 58.0305 94.6414 35.3553 36.4449 39.4462 72.176 16.4012 30.4138 55.0091 39.1152 38.0789 53.6107 
20.3961 56.6392 19.3132 64.2647 43.4626 57.5602 0.0 23.5372 58.8835 53.7587 37.8945 50.9313 55.9732 47.2969 70.0286 73.4983 76.4036 54.5619 26.2488 4.0 
9.48683 40.6866 37.8667 46.5091 53.1507 34.1321 23.5372 0.0 60.6311 70.9319 23.7697 34.8558 40.1927 54.8715 47.5397 53.6656 63.4378 38.8393 12.3693 19.6469 
54.6732 93.4349 49.93 84.7761 102.321 58.0305 58.8835 60.6311 0.0 52.345 42.7651 94.2401 93.8981 24.0208 55.4437 44.4072 23.0868 98.2236 72.9967 58.452 
69.43 108.373 34.4819 117.523 91.0 94.6414 53.7587 70.9319 52.345 0.0 59.7021 102.555 107.813 28.4429 100.743 93.8013 75.1066 106.427 77.5833 55.1543 
18.0363 63.2654 39.0128 60.9365 75.2899 35.3553 37.8945 23.7697 42.7651 59.7021 0.0 57.4346 62.7715 37.1284 40.8534 39.0512 43.1244 61.4181 36.0555 34.1322 
44.2384 5.83095 69.2026 18.0278 52.0865 36.4449 50.9313 34.8558 94.2401 102.555 57.4346 0.0 5.38516 89.1033 52.4023 66.7999 89.6245 4.12311 25.0 48.2701 
49.5752 1.0 74.4043 17.088 54.037 39.4462 55.9732 40.1927 93.8981 107.813 62.7715 5.38516 0.0 94.4401 55.0 69.8355 92.6617 1.41421 30.2324 53.4135 
48.9136 94.934 33.2866 97.6597 90.4434 72.176 47.2969 54.8715 24.0208 28.4429 37.1284 89.1033 94.4401 0.0 74.9517 66.0869 47.0106 93.0867 67.2371 46.9104 
50.04 54.4059 78.6448 41.6293 96.6075 16.4012 70.0286 47.5397 55.4437 100.743 40.8534 52.4023 55.0 74.9517 0.0 17.0294 46.5725 54.8179 53.4883 66.0303 
53.1601 69.3542 78.0064 57.8705 106.499 30.4138 73.4983 53.6656 44.4072 93.8013 39.0512 66.7999 69.8355 66.0869 17.0294 0.0 30.8707 69.4754 64.4136 69.6419 
59.769 92.1985 72.0204 83.1505 117.023 55.0091 76.4036 63.4378 23.0868 75.1066 43.1244 89.6245 92.6617 47.0106 46.5725 30.8707 0.0 92.3 74.7472 75.9722 
48.2218 2.23607 73.0068 17.72 53.0094 39.1152 54.5619 38.8393 98.2236 106.427 61.4181 4.12311 1.41421 93.0867 54.8179 69.4754 92.3 0.0 28.8444 52.0096 
21.0 30.8058 44.2041 38.08 43.566 38.0789 26.2488 12.3693 72.9967 77.5833 36.0555 25.0 30.2324 67.2371 53.4883 64.4136 74.7472 28.8444 0.0 23.3452 
16.4924 54.037 21.095 61.249 45.1774 53.6107 4.0 19.6469 58.452 55.1543 34.1322 48.2701 53.4135 46.9104 66.0303 69.6419 75.9722 52.0096 23.3452 0.0 
DEMAND_SCENARIO_SECTION
0 0 0 0 0 0 0 0 0 0 0 0 0 0 0 0 0 0 0 0 0 0 0 0 0 0 0 0 0 0 0 0 0 0 0 0 0 0 0 0 0 0 0 0 0 0 0 0 0 0 
3 3 3 3 1 2 1 3 4 1 1 1 2 2 1 2 4 2 1 2 3 2 3 3 0 3 1 2 4 4 1 1 3 0 0 0 3 4 1 2 1 0 2 1 2 2 1 2 3 3 
7 5 6 7 4 8 7 7 10 5 6 7 5 4 0 4 2 4 6 6 3 9 3 3 5 4 5 4 1 8 0 5 4 7 6 8 7 4 5 8 4 7 7 6 7 7 0 8 8 5 
5 1 4 4 3 3 3 3 5 2 1 4 2 1 3 4 4 1 2 5 6 4 3 1 4 1 5 0 2 0 2 1 1 2 3 4 4 4 3 0 6 3 1 3 1 5 7 0 3 4 
3 0 1 0 1 3 3 2 4 5 4 1 2 2 1 3 2 0 5 1 3 1 3 2 0 2 0 0 4 4 5 5 2 1 0 3 1 1 1 2 4 3 1 3 1 2 0 4 0 1 
6 10 8 6 9 7 7 10 6 6 9 9 13 11 8 6 16 3 6 9 8 4 10 3 8 10 6 6 4 9 9 7 7 6 5 8 0 11 8 4 6 12 6 5 6 4 9 3 7 10 
1 1 0 2 1 1 0 2 0 2 1 1 1 0 2 3 1 1 2 2 3 1 0 1 1 3 1 2 1 0 0 1 0 2 1 1 0 1 0 1 2 1 1 0 2 0 1 0 0 0 
3 1 4 2 2 1 1 0 1 2 3 2 1 1 2 1 4 2 2 4 4 3 2 4 3 2 0 3 0 0 0 4 3 3 4 0 3 2 3 1 3 2 0 1 4 0 2 3 0 3 
7 6 5 6 2 8 7 11 6 5 6 6 6 8 8 4 10 6 5 1 6 9 7 5 7 6 5 10 5 6 11 7 8 7 2 2 2 5 9 6 7 4 6 3 8 8 9 2 3 6 
6 7 4 6 7 4 3 5 10 5 5 6 5 6 7 7 9 3 7 3 0 5 8 6 6 2 3 3 7 7 5 7 8 3 5 2 8 8 3 3 2 7 7 1 6 1 10 8 9 6 
3 0 0 3 0 2 0 2 0 0 0 1 1 2 0 1 0 1 0 0 1 0 1 1 0 3 2 1 0 1 1 0 0 0 0 3 0 2 0 0 0 1 0 2 1 0 0 0 2 1 
6 3 0 6 8 4 9 6 6 3 8 10 7 6 10 4 6 12 3 7 4 4 3 10 8 7 5 7 10 8 3 3 6 6 9 7 7 9 5 5 1 8 3 11 7 4 7 5 10 6 
7 14 10 9 12 8 17 7 7 8 10 8 13 8 9 6 12 10 11 10 10 15 6 13 8 11 5 8 5 11 14 9 10 8 9 7 11 8 6 8 12 11 13 6 9 10 9 9 10 11 
11 10 10 7 12 12 19 10 7 8 11 8 9 16 9 12 7 7 12 10 14 6 11 11 8 18 11 6 15 10 8 13 11 13 10 10 10 5 18 7 8 14 13 14 12 7 3 11 11 12 
8 6 6 8 5 7 13 8 11 4 8 7 6 7 15 9 3 10 9 7 9 11 8 6 8 4 10 7 5 11 9 7 3 7 2 12 7 0 5 7 5 8 8 12 6 9 8 7 3 10 
6 8 1 5 6 4 3 0 5 4 0 2 5 2 0 3 2 6 0 4 6 3 3 3 4 0 3 3 3 5 1 4 3 3 1 2 3 4 3 3 2 3 4 1 0 2 3 6 4 5 
7 7 11 9 3 8 8 6 14 7 5 10 3 7 6 10 13 9 9 12 7 3 7 10 9 7 7 9 7 4 9 8 10 7 10 7 10 8 7 11 6 13 10 9 8 8 3 8 9 11 
7 9 5 1 4 6 7 3 7 5 8 3 3 4 8 5 6 6 5 2 5 9 7 6 3 3 4 3 3 7 3 6 8 6 3 4 4 4 6 3 10 6 4 5 5 5 7 0 6 0 
1 3 0 3 2 0 1 3 3 1 2 2 2 2 1 2 1 3 2 0 2 3 2 1 3 0 3 3 2 2 3 2 3 2 0 2 3 1 2 1 5 2 2 3 1 3 3 3 0 1 
8 6 11 7 4 6 11 9 5 5 3 11 9 3 6 6 9 10 5 4 7 5 6 5 6 7 7 9 6 9 4 7 11 4 13 1 3 5 8 4 4 11 7 9 9 9 8 7 11 6 
DEPOT_SECTION
 1
 -1
EOF
