NAME  : Parada_20_2_0.95_1.00_1
TYPE : SVRP
MODEL : FINITE_SUPPORT
NUMBER_OF_SCENARIOS : 50
DIMENSION : 20
EDGE_WEIGHT_TYPE : MATRIX
CAPACITY : 51
N_VEHICLES : 2
NODE_COORD_SECTION
1 27 307030
2 306610 438350
3 177760 4414
4 109830 626130
5 277470 257510
6 170040 43280
7 35374 9709
8 353270 197800
9 177640 482190
10 218170 136360
11 205220 17876
12 35545 375210
13 313910 438630
14 364970 600660
15 167080 606050
16 222300 359930
17 323760 18
18 203870 191710
19 192690 478880
20 123480 581260
DEMAND_SECTION
1 0.0
2 2.0
3 4.0
4 1.0
5 4.0
6 2.0
7 10.0
8 9.0
9 1.0
10 6.0
11 7.0
12 3.0
13 8.0
14 8.0
15 5.0
16 7.0
17 7.0
18 1.0
19 8.0
20 4.0
DISTANCE_MATRIX
0.0 35.7351 60.6406 45.6724 34.4819 54.312 60.3244 51.7397 35.6437 71.8401 43.2478 13.9284 36.0555 64.6654 39.7136 20.6275 63.0454 65.0 46.5296 54.6347 
35.7351 0.0 46.349 57.2549 32.5576 67.4166 76.896 28.0 71.0585 46.3249 55.2268 21.8403 1.0 89.2452 64.2635 34.8281 71.638 41.3038 12.6491 50.1597 
60.6406 46.349 0.0 98.9149 32.923 40.6079 57.28 22.6716 85.9381 28.0713 33.1059 53.0026 45.4022 108.612 92.956 73.4313 36.3456 22.0907 55.2268 95.9782 
45.6724 57.2549 98.9149 0.0 73.0572 80.2932 70.9143 80.5267 25.9422 100.656 78.5949 41.1611 57.9808 34.9285 9.48683 23.2594 93.1557 94.4167 64.1506 48.7647 
34.4819 32.5576 32.923 73.0572 0.0 35.8469 48.2597 24.7386 65.1702 42.7186 24.0416 28.1603 31.8904 86.7062 67.0983 49.0408 39.2956 35.6104 44.4072 77.2528 
54.312 67.4166 40.6079 80.2932 35.8469 0.0 17.4929 57.5587 62.3647 68.593 12.2066 55.3173 66.888 83.58 73.9816 72.4214 12.6491 62.2013 79.7559 105.437 
60.3244 76.896 57.28 70.9143 48.2597 17.4929 0.0 72.0069 52.345 84.9294 25.0799 61.6009 76.5506 72.1734 64.195 78.5068 28.3196 78.2624 89.5377 112.514 
51.7397 28.0 22.6716 80.5267 24.7386 57.5587 72.0069 0.0 84.6787 20.2485 47.0106 39.9625 27.0 106.537 83.8152 59.2368 56.648 13.9284 34.176 78.1025 
35.6437 71.0585 85.9381 25.9422 65.1702 62.3647 52.345 84.6787 0.0 104.337 62.5743 49.4847 71.6105 22.8254 16.6433 44.0454 75.0132 97.3022 80.7787 74.3303 
71.8401 46.3249 28.0713 100.656 42.7186 68.593 84.9294 20.2485 104.337 0.0 60.1664 60.208 45.3542 126.195 104.064 79.2023 64.0703 7.2111 49.0102 95.2575 
43.2478 55.2268 33.1059 78.5949 24.0416 12.2066 25.0799 47.0106 62.5743 60.1664 0.0 43.6005 54.7083 83.3116 72.5149 61.3572 19.9249 53.3667 67.6018 94.0319 
13.9284 21.8403 53.0026 41.1611 28.1603 55.3173 61.6009 39.9625 49.4847 60.208 43.6005 0.0 22.1359 68.8561 43.9042 21.0238 62.7694 53.7122 33.0606 50.6063 
36.0555 1.0 45.4022 57.9808 31.8904 66.888 76.5506 27.0 71.6105 45.3542 54.7083 22.1359 0.0 89.7332 64.7515 35.609 71.0119 40.3113 13.0 51.1566 
64.6654 89.2452 108.612 34.9285 86.7062 83.58 72.1734 106.537 22.8254 126.195 83.3116 68.8561 89.7332 0.0 27.313 57.8705 96.2284 119.16 98.4811 81.1542 
39.7136 64.2635 92.956 9.48683 67.0983 73.9816 64.195 83.8152 16.6433 104.064 72.5149 43.9042 64.7515 27.313 0.0 30.8058 86.63 99.2303 73.4994 58.2409 
20.6275 34.8281 73.4313 23.2594 49.0408 72.4214 78.5068 59.2368 44.0454 79.2023 61.3572 21.0238 35.609 57.8705 30.8058 0.0 81.1542 73.1642 41.0488 34.7131 
63.0454 71.638 36.3456 93.1557 39.2956 12.6491 28.3196 56.648 75.0132 64.0703 19.9249 62.7694 71.0119 96.2284 86.63 81.1542 0.0 58.4209 83.6443 113.371 
65.0 41.3038 22.0907 94.4167 35.6104 62.2013 78.2624 13.9284 97.3022 7.2111 53.3667 53.7122 40.3113 119.16 99.2303 73.1642 58.4209 0.0 45.5412 91.0055 
46.5296 12.6491 55.2268 64.1506 44.4072 79.7559 89.5377 34.176 80.7787 49.0102 67.6018 33.0606 13.0 98.4811 73.4994 41.0488 83.6443 45.5412 0.0 46.6905 
54.6347 50.1597 95.9782 48.7647 77.2528 105.437 112.514 78.1025 74.3303 95.2575 94.0319 50.6063 51.1566 81.1542 58.2409 34.7131 113.371 91.0055 46.6905 0.0 
DEMAND_SCENARIO_SECTION
0 0 0 0 0 0 0 0 0 0 0 0 0 0 0 0 0 0 0 0 0 0 0 0 0 0 0 0 0 0 0 0 0 0 0 0 0 0 0 0 0 0 0 0 0 0 0 0 0 0 
4 2 2 2 1 3 3 2 2 1 4 3 4 2 0 0 2 4 0 2 3 3 0 3 3 3 0 2 2 1 3 3 2 2 4 3 2 4 3 0 2 2 0 3 1 2 3 2 0 0 
3 5 8 5 1 0 6 3 7 1 5 4 9 8 4 4 3 6 5 3 4 5 6 8 3 3 0 3 4 6 3 4 5 0 6 6 0 4 6 0 3 9 4 5 1 5 1 3 5 0 
1 1 0 1 0 1 1 1 0 1 2 2 0 4 1 2 0 1 1 1 1 2 3 1 0 0 0 0 1 2 0 0 2 1 1 1 2 2 0 1 3 0 0 2 1 2 2 1 0 2 
4 5 0 7 3 7 4 3 2 3 8 7 2 6 5 8 2 4 5 0 6 3 4 0 6 5 8 5 4 4 4 5 2 4 7 3 3 1 7 3 2 3 3 4 3 8 6 2 7 4 
2 3 3 0 2 4 0 1 4 3 0 0 0 2 1 0 2 1 1 3 0 1 4 3 2 3 3 3 2 1 4 2 6 2 0 0 2 2 2 1 4 4 1 1 2 2 0 1 2 1 
12 13 13 10 11 8 12 10 7 10 15 11 9 8 12 11 9 12 6 13 13 7 3 8 15 7 6 8 13 10 9 12 9 15 10 12 6 13 7 8 13 11 4 12 8 12 11 6 10 7 
8 8 12 11 6 8 9 3 16 6 10 2 5 8 8 11 7 15 9 10 9 13 12 12 10 8 7 18 10 6 6 11 8 11 5 12 9 11 12 10 8 8 2 11 5 13 9 9 9 10 
2 1 2 2 0 1 1 2 0 0 0 3 2 0 1 1 1 2 0 0 0 0 1 1 0 1 1 0 2 0 2 1 2 1 1 0 0 0 2 3 1 1 2 2 1 1 0 2 0 3 
11 5 4 4 6 5 5 9 7 7 4 5 6 6 5 8 5 10 5 5 4 4 3 7 10 3 3 7 7 2 5 3 7 6 6 4 6 9 8 4 5 3 3 3 7 9 9 6 0 4 
6 13 1 9 5 12 2 3 8 13 10 5 5 9 3 7 7 5 9 8 13 9 7 2 6 6 6 3 8 6 7 8 7 10 8 3 8 8 9 3 8 5 3 5 7 7 6 6 7 10 
3 8 1 2 3 5 3 3 4 1 4 5 6 3 7 3 2 3 0 2 1 5 2 3 5 4 2 0 4 4 6 3 4 0 5 0 2 1 2 5 4 2 0 1 0 2 3 1 0 3 
7 8 6 16 8 13 7 10 7 9 9 11 12 6 6 9 7 11 5 6 8 10 6 10 9 14 7 3 7 8 7 4 5 5 6 6 5 8 8 12 9 3 4 10 7 7 12 9 10 10 
10 10 14 5 4 12 5 8 5 8 7 6 8 10 3 9 6 11 8 7 7 8 9 7 7 9 10 9 3 9 5 6 10 3 4 14 10 2 4 10 4 9 8 9 11 11 10 6 9 4 
4 5 5 5 9 6 5 8 7 3 6 8 5 7 2 1 2 4 1 6 4 0 6 2 6 3 5 2 5 4 9 6 5 3 2 5 4 4 8 2 0 4 7 4 6 9 6 5 5 6 
5 4 5 8 2 13 7 9 5 5 8 4 4 7 6 10 7 7 5 4 8 7 4 8 10 9 8 9 7 11 5 12 7 8 4 7 3 9 5 9 9 8 13 6 3 7 5 4 5 6 
6 4 10 9 5 6 9 6 4 7 7 7 7 8 2 9 7 11 3 7 3 3 6 5 9 8 7 5 11 7 4 2 6 6 10 8 6 4 5 8 8 13 9 5 8 8 5 7 6 6 
1 0 1 0 0 0 1 0 1 1 2 2 0 0 1 1 0 0 1 2 2 0 0 0 0 3 1 1 0 1 1 2 4 1 0 1 0 2 1 0 1 2 1 0 3 1 0 0 0 0 
11 10 3 4 11 7 11 8 11 7 9 11 11 7 5 8 2 7 12 9 12 11 9 14 9 8 9 13 4 8 8 8 11 9 9 9 7 8 12 6 8 13 5 8 1 5 4 8 13 11 
3 3 4 4 2 4 2 0 2 0 4 4 5 3 3 2 3 6 5 3 0 7 0 4 5 6 1 4 3 5 2 5 6 3 5 5 3 3 5 5 3 4 5 7 1 2 9 1 5 5 
DEPOT_SECTION
 1
 -1
EOF
