NAME  : Parada_20_2_0.95_1.00_2
TYPE : SVRP
MODEL : FINITE_SUPPORT
NUMBER_OF_SCENARIOS : 50
DIMENSION : 20
EDGE_WEIGHT_TYPE : MATRIX
CAPACITY : 53
N_VEHICLES : 2
NODE_COORD_SECTION
1 55885 258000
2 185010 226030
3 67853 170850
4 71137 407770
5 218860 252470
6 108210 322160
7 12540 125600
8 272150 132560
9 105930 113730
10 209420 57665
11 167920 32782
12 50115 235900
13 242280 240600
14 146960 302570
15 131500 375740
16 176480 110020
17 236500 18
18 27 397500
19 60746 183820
20 68276 344550
DEMAND_SECTION
1 0.0
2 10.0
3 10.0
4 4.0
5 2.0
6 7.0
7 3.0
8 4.0
9 3.0
10 2.0
11 4.0
12 6.0
13 7.0
14 8.0
15 5.0
16 9.0
17 4.0
18 8.0
19 3.0
20 3.0
DISTANCE_MATRIX
0.0 35.171 58.7167 41.4275 18.6205 19.2261 18.3576 60.5024 48.1041 66.8431 21.868 25.0 35.5106 9.43398 49.3964 22.3607 30.0483 38.9781 56.7816 59.5523 
35.171 0.0 59.4138 40.6079 52.7695 32.6497 18.0 63.8607 24.0208 100.623 45.3764 12.7279 15.0333 33.6155 15.0 57.4891 45.6946 42.3363 57.4282 83.3813 
58.7167 59.4138 0.0 19.0 59.84 43.1777 60.0167 19.0263 83.3847 79.404 80.155 50.04 44.7214 50.3763 70.6045 67.5513 88.3353 29.7386 2.0 48.0937 
41.4275 40.6079 19.0 0.0 47.4845 26.1725 41.4849 26.1725 64.4981 79.7621 62.8657 31.0644 26.2488 33.0871 52.5547 56.1114 71.0461 12.8102 17.0 53.0486 
18.6205 52.7695 59.84 47.4845 0.0 24.095 36.8378 51.8778 66.7024 54.225 33.8102 41.3275 50.1699 20.1172 67.405 14.6619 42.0996 44.6742 58.5612 46.9318 
19.2261 32.6497 43.1777 26.1725 24.095 0.0 23.022 52.48 52.3703 67.9779 40.6643 20.0 26.6833 10.8857 47.634 38.1309 48.8447 23.4391 41.2426 50.8891 
18.3576 18.0 60.0167 41.4849 36.8378 23.022 0.0 61.8797 30.6105 85.0628 29.9258 12.7279 24.2074 20.2485 31.3209 40.1622 31.8769 40.3553 58.0517 73.7982 
60.5024 63.8607 19.0263 26.1725 51.8778 52.48 61.8797 0.0 87.1626 60.407 77.9467 52.8303 50.774 52.162 77.0911 57.0594 87.9775 31.5244 19.0263 29.2746 
48.1041 24.0208 83.3847 64.4981 66.7024 52.3703 30.6105 87.1626 0.0 114.865 47.1275 34.4819 39.0 50.8035 18.6011 68.3365 43.4166 65.6383 81.3941 103.146 
66.8431 100.623 79.404 79.7621 54.225 67.9779 85.0628 60.407 114.865 0.0 75.7024 87.9554 94.1541 78.8343 115.6 48.4149 82.6476 79.7329 79.2275 32.8938 
21.868 45.3764 80.155 62.8657 33.8102 40.6643 29.9258 77.9467 47.1275 75.7024 0.0 41.4838 53.0899 31.3019 56.0089 36.2426 8.24621 60.4163 78.2198 74.742 
25.0 12.7279 50.04 31.0644 41.3275 20.0 12.7279 52.8303 34.4819 87.9554 41.4838 0.0 11.6619 21.5407 27.6586 47.1699 44.0132 31.3059 48.0416 70.6599 
35.5106 15.0333 44.7214 26.2488 50.1699 26.6833 24.2074 50.774 39.0 94.1541 53.0899 11.6619 0.0 30.0666 26.4008 57.0351 55.0106 29.4131 42.7551 75.5478 
9.43398 33.6155 50.3763 33.0871 20.1172 10.8857 20.2485 52.162 50.8035 78.8343 31.3019 21.5407 30.0666 0.0 48.5489 27.2947 39.4823 30.6377 48.4412 61.6618 
49.3964 15.0 70.6045 52.5547 67.405 47.634 31.3209 77.0911 18.6011 115.6 56.0089 27.6586 26.4008 48.5489 0.0 71.4703 54.7449 55.6063 68.6804 98.3059 
22.3607 57.4891 67.5513 56.1114 14.6619 38.1309 40.1622 57.0594 68.3365 48.4149 36.2426 47.1699 57.0351 27.2947 71.4703 0.0 43.1878 53.3011 66.2725 49.0102 
30.0483 45.6946 88.3353 71.0461 42.0996 48.8447 31.8769 87.9775 43.4166 82.6476 8.24621 44.0132 55.0106 39.4823 54.7449 43.1878 0.0 68.5967 86.4002 83.0314 
38.9781 42.3363 29.7386 12.8102 44.6742 23.4391 40.3553 31.5244 65.6383 79.7329 60.4163 31.3059 29.4131 30.6377 55.6063 53.3011 68.5967 0.0 27.8035 56.1347 
56.7816 57.4282 2.0 17.0 58.5612 41.2426 58.0517 19.0263 81.3941 79.2275 78.2198 48.0416 42.7551 48.4412 68.6804 66.2725 86.4002 27.8035 0.0 48.2597 
59.5523 83.3813 48.0937 53.0486 46.9318 50.8891 73.7982 29.2746 103.146 32.8938 74.742 70.6599 75.5478 61.6618 98.3059 49.0102 83.0314 56.1347 48.2597 0.0 
DEMAND_SCENARIO_SECTION
0 0 0 0 0 0 0 0 0 0 0 0 0 0 0 0 0 0 0 0 0 0 0 0 0 0 0 0 0 0 0 0 0 0 0 0 0 0 0 0 0 0 0 0 0 0 0 0 0 0 
11 9 9 9 7 13 10 8 7 11 11 12 13 9 6 10 11 9 17 2 8 10 13 12 12 10 8 10 9 11 13 14 10 4 8 12 7 13 6 13 9 6 15 10 9 11 5 10 9 14 
6 4 11 2 5 13 13 7 9 11 8 9 11 8 7 10 18 9 13 12 14 9 9 7 9 9 7 7 11 12 11 12 9 10 12 11 7 8 3 8 15 17 6 9 11 4 14 13 9 7 
4 4 5 3 7 3 0 7 2 4 7 4 5 4 6 5 5 4 3 6 8 6 8 0 6 2 0 5 1 4 4 6 4 3 3 8 2 3 6 2 6 6 8 3 6 7 6 9 4 4 
0 2 2 3 3 2 0 3 1 1 2 0 1 2 0 3 3 3 1 3 3 2 4 2 1 3 4 3 0 0 3 1 1 1 2 2 0 4 3 3 6 1 2 2 1 1 3 2 2 2 
6 8 7 8 7 8 6 6 7 2 5 2 9 8 8 9 12 5 10 6 7 5 4 9 3 9 8 8 4 6 8 9 7 8 2 2 7 8 10 8 6 8 6 8 9 11 1 7 10 10 
2 4 4 5 4 2 2 2 3 4 5 6 0 4 5 1 2 2 4 2 4 0 1 3 4 3 5 2 4 2 3 3 0 7 5 2 2 1 5 4 1 3 3 3 3 1 3 5 4 5 
3 6 5 6 5 4 3 4 5 2 4 1 6 5 6 7 3 2 8 5 1 3 4 2 2 0 5 4 2 2 5 4 2 3 5 4 4 4 5 3 3 4 3 7 2 2 1 5 4 3 
4 2 3 3 1 0 4 1 3 4 4 2 1 6 1 6 2 3 5 4 3 1 2 3 5 4 6 5 2 0 3 3 4 6 4 3 5 3 0 6 5 4 2 4 5 3 3 2 1 3 
2 3 1 3 2 0 2 2 0 0 2 0 3 1 3 1 1 2 1 1 2 3 1 3 2 1 1 0 1 6 2 0 0 2 1 1 4 1 1 2 2 0 3 2 2 0 2 3 3 2 
1 6 0 3 7 5 3 4 4 5 4 3 2 5 4 3 1 3 4 3 4 4 4 5 4 5 8 5 0 4 1 5 5 8 4 5 1 2 7 3 0 3 7 2 0 4 4 3 0 4 
7 7 7 5 3 7 5 3 3 7 3 6 7 8 6 9 8 9 8 3 9 5 7 7 8 6 2 9 3 2 5 10 3 0 4 4 5 4 2 7 4 6 8 8 11 10 6 5 5 8 
10 5 5 4 7 7 10 7 8 7 9 6 3 3 4 5 5 5 2 10 7 13 5 14 6 10 8 5 9 5 5 11 5 8 9 3 6 8 4 5 7 5 11 9 13 3 9 8 4 11 
3 7 13 4 9 11 10 14 9 8 10 6 17 6 15 9 12 10 13 4 11 3 7 7 9 10 13 15 5 7 4 13 10 9 8 11 7 10 10 6 9 10 13 12 6 6 13 2 7 5 
3 6 3 8 3 7 3 5 4 2 3 4 5 5 3 4 7 8 6 6 7 3 7 8 4 4 5 8 5 6 4 11 7 3 3 1 6 5 4 4 7 5 5 1 6 7 2 9 7 6 
8 10 13 10 5 7 9 11 13 11 12 9 7 8 8 8 11 15 10 15 2 8 9 7 10 9 9 7 8 10 12 9 9 6 8 11 9 11 9 11 9 15 14 10 5 8 7 8 5 5 
2 5 4 6 8 8 3 5 5 3 9 3 5 3 4 1 0 4 4 2 4 7 5 4 5 5 4 3 4 1 0 4 3 2 5 4 3 7 0 2 2 4 4 3 7 2 5 3 5 3 
5 8 11 4 7 10 11 7 9 8 8 6 7 3 11 4 16 4 5 3 10 9 11 12 6 7 6 11 9 5 6 15 9 7 9 14 4 10 8 5 10 10 9 5 9 4 11 5 5 10 
2 3 5 1 0 3 2 3 3 2 3 5 3 2 6 2 2 3 4 2 5 4 6 4 1 3 1 0 2 4 3 5 3 4 2 1 4 6 5 7 4 2 3 0 1 7 3 3 0 1 
2 2 5 3 5 3 2 4 2 3 5 4 1 0 4 3 4 3 1 1 2 6 3 2 0 6 5 2 5 2 2 5 4 4 2 1 6 4 5 2 3 1 3 3 3 4 2 3 4 2 
DEPOT_SECTION
 1
 -1
EOF
