NAME  : Parada_20_2_0.95_1.00_0
TYPE : SVRP
MODEL : FINITE_SUPPORT
NUMBER_OF_SCENARIOS : 50
DIMENSION : 20
EDGE_WEIGHT_TYPE : MATRIX
CAPACITY : 64
N_VEHICLES : 2
NODE_COORD_SECTION
1 47505 264500
2 401960 316510
3 231370 18
4 280930 467180
5 276790 329300
6 133330 320960
7 82485 120640
8 407560 176040
9 119830 182380
10 235490 167830
11 169380 189470
12 27 273700
13 333830 414610
14 405730 472730
15 167170 439610
16 199030 365700
17 349960 21703
18 60245 495190
19 100690 371720
20 82430 455210
DEMAND_SECTION
1 0.0
2 3.0
3 8.0
4 8.0
5 6.0
6 6.0
7 7.0
8 5.0
9 9.0
10 1.0
11 9.0
12 10.0
13 10.0
14 7.0
15 5.0
16 5.0
17 10.0
18 5.0
19 3.0
20 5.0
DISTANCE_MATRIX
0.0 36.1252 65.9939 26.9072 61.985 30.8058 53.4775 34.6092 19.6469 56.6525 25.0 40.5216 23.0217 42.4853 33.6409 42.7617 61.3813 34.1156 43.8634 46.0109 
36.1252 0.0 52.4772 31.9532 25.9152 64.8396 61.431 26.0768 49.759 74.9568 53.3217 57.3847 19.7466 16.5529 69.7347 75.5611 55.9792 66.9149 74.3431 80.507 
65.9939 52.4772 0.0 63.9304 51.0098 76.0592 107.18 31.3847 54.9113 116.441 58.0775 48.2701 57.0371 65.4602 97.743 106.986 14.4222 98.3397 108.077 89.202 
26.9072 31.9532 63.9304 0.0 47.6073 57.6281 44.5533 34.6253 41.4199 55.5698 48.5374 59.4138 7.07107 16.1768 47.1791 61.571 62.8458 52.9248 51.7876 72.9178 
61.985 25.9152 51.0098 47.6073 0.0 90.5868 76.3217 43.67 73.6867 90.5207 77.2494 77.2177 45.6064 31.5753 85.3889 99.7807 60.0167 91.1346 89.9973 106.254 
30.8058 64.8396 76.0592 57.6281 90.5868 0.0 76.1056 51.6707 23.7697 73.9797 18.0 32.2025 53.0377 73.2907 46.6905 41.1461 64.9384 31.1448 56.7539 15.8114 
53.4775 61.431 107.18 44.5533 76.3217 76.1056 0.0 77.4209 72.7064 16.2788 77.2787 93.561 50.3289 45.6508 32.311 44.7772 105.683 45.5412 27.6586 86.6833 
34.6092 26.0768 31.3847 34.6253 43.67 51.6707 77.4209 0.0 30.2536 86.1098 33.8163 33.6006 27.7308 41.3038 66.3583 75.6012 28.3019 66.9551 76.692 66.0817 
19.6469 49.759 54.9113 41.4199 73.6867 23.7697 72.7064 30.2536 0.0 75.591 7.81025 20.8806 36.0166 57.5638 51.6357 52.183 44.8742 39.157 61.8583 39.0 
56.6525 74.9568 116.441 55.5698 90.5207 73.9797 16.2788 86.1098 75.591 0.0 78.924 96.1769 60.2163 59.1354 27.2947 36.4966 114.209 42.9535 18.1108 82.0061 
25.0 53.3217 58.0775 48.5374 77.2494 18.0 77.2787 33.8163 7.81025 78.924 0.0 17.8045 43.1341 64.6813 54.6803 51.6279 47.2969 38.6019 64.903 32.28 
40.5216 57.3847 48.2701 59.4138 77.2177 32.2025 93.561 33.6006 20.8806 96.1769 17.8045 0.0 52.6118 69.6576 72.0127 69.3542 35.1283 56.3334 82.2354 42.2966 
23.0217 19.7466 57.0371 7.07107 45.6064 53.0377 50.3289 27.7308 36.0166 60.2163 43.1341 52.6118 0.0 22.7204 51.4273 60.7975 55.9525 52.1513 56.0357 68.6222 
42.4853 16.5529 65.4602 16.1768 31.5753 73.2907 45.6508 41.3038 57.5638 59.1354 64.6813 69.6576 22.7204 0.0 53.9583 66.7843 68.1621 59.7041 58.4814 88.3411 
33.6409 69.7347 97.743 47.1791 85.3889 46.6905 32.311 66.3583 51.6357 27.2947 54.6803 72.0127 51.4273 53.9583 0.0 13.4536 93.2524 15.8114 10.8167 55.2268 
42.7617 75.5611 106.986 61.571 99.7807 41.1461 44.7772 75.6012 52.183 36.4966 51.6279 69.3542 60.7975 66.7843 13.4536 0.0 96.8202 16.1555 18.4391 46.2709 
61.3813 55.9792 14.4222 62.8458 60.0167 64.9384 105.683 28.3019 44.8742 114.209 47.2969 35.1283 55.9525 68.1621 93.2524 96.8202 0.0 93.7271 103.464 77.026 
34.1156 66.9149 98.3397 52.9248 91.1346 31.1448 45.5412 66.9551 39.157 42.9535 38.6019 56.3334 52.1513 59.7041 15.8114 16.1555 93.7271 0.0 26.4008 41.2311 
43.8634 74.3431 108.077 51.7876 89.9973 56.7539 27.6586 76.692 61.8583 18.1108 64.903 82.2354 56.0357 58.4814 10.8167 18.4391 103.464 26.4008 0.0 64.0078 
46.0109 80.507 89.202 72.9178 106.254 15.8114 86.6833 66.0817 39.0 82.0061 32.28 42.2966 68.6222 88.3411 55.2268 46.2709 77.026 41.2311 64.0078 0.0 
DEMAND_SCENARIO_SECTION
0 0 0 0 0 0 0 0 0 0 0 0 0 0 0 0 0 0 0 0 0 0 0 0 0 0 0 0 0 0 0 0 0 0 0 0 0 0 0 0 0 0 0 0 0 0 0 0 0 0 
4 6 5 2 6 6 1 3 5 2 3 7 6 3 4 4 2 5 4 0 5 6 3 2 1 3 1 3 2 4 2 2 3 1 1 6 7 1 5 5 4 0 5 2 5 1 2 2 2 2 
10 7 8 8 11 11 9 10 2 13 7 5 9 13 13 7 4 8 6 8 17 12 6 13 10 11 6 4 14 5 3 6 10 8 14 10 6 8 3 6 5 0 9 8 10 8 5 10 7 10 
9 4 11 7 10 7 9 9 6 14 7 11 10 3 6 8 7 9 7 6 5 14 4 10 7 6 8 7 12 11 8 7 11 8 3 7 11 5 5 10 8 7 5 7 12 10 4 6 5 8 
8 11 8 2 8 7 9 7 7 4 9 9 6 8 6 8 4 4 3 7 5 6 8 12 9 6 5 10 8 7 7 12 6 4 6 6 1 9 3 1 7 4 9 8 5 5 6 8 4 5 
8 7 7 4 8 5 9 7 2 8 6 7 4 11 6 5 5 6 7 6 8 6 5 5 2 1 4 6 4 3 7 5 5 10 4 5 6 5 10 0 11 4 8 8 3 3 6 10 8 6 
7 6 5 8 6 7 11 8 6 4 10 10 8 8 8 8 13 12 8 5 5 3 5 8 5 13 12 8 7 7 4 5 6 6 7 10 14 0 13 8 13 8 6 5 8 11 12 4 8 8 
3 5 8 8 5 6 4 5 6 9 7 7 1 4 5 8 2 4 3 7 5 3 6 5 7 3 5 6 7 6 6 5 2 11 3 5 7 4 4 7 5 9 6 9 4 5 4 1 3 4 
7 13 2 11 6 7 8 13 6 9 8 5 5 11 17 10 10 12 9 10 8 14 8 6 8 8 10 7 9 9 7 6 6 13 10 6 7 7 7 8 9 6 8 18 4 9 6 10 6 13 
0 1 0 1 0 2 1 3 1 0 1 0 1 1 1 3 2 1 1 1 3 1 1 1 0 1 2 2 1 2 2 0 0 2 1 1 1 1 2 3 1 0 1 1 1 0 0 1 0 1 
12 12 8 8 8 8 9 4 7 13 12 13 3 4 5 13 4 11 9 14 14 13 6 16 13 7 8 6 12 7 7 9 9 13 11 10 0 11 10 11 6 10 13 12 0 9 12 12 14 9 
13 12 10 15 7 3 8 8 5 10 7 8 11 4 13 10 12 12 7 14 11 10 10 6 13 8 5 9 7 8 7 8 8 11 11 8 5 15 8 8 17 17 10 9 7 13 12 4 10 9 
13 8 20 7 12 8 11 4 9 15 9 12 12 6 13 11 9 12 9 8 14 10 11 14 10 12 9 12 15 2 3 13 12 9 13 9 10 13 15 10 10 8 14 8 9 14 12 8 8 7 
3 5 7 7 13 6 4 8 8 8 8 7 4 10 7 3 6 6 6 6 9 7 7 5 8 8 5 1 9 5 5 6 3 7 4 4 7 5 10 9 5 9 2 4 5 4 5 6 8 4 
5 6 1 5 8 7 3 5 3 8 1 4 3 6 3 3 6 4 8 4 5 6 4 5 7 0 8 3 5 2 5 7 7 2 1 5 7 8 4 6 2 4 5 4 7 9 8 3 6 5 
6 2 2 4 3 4 3 6 3 5 5 7 4 7 6 1 3 7 6 3 2 6 5 6 8 2 4 5 0 2 8 1 4 6 4 2 7 3 2 5 4 5 11 7 4 6 3 6 2 9 
8 12 13 8 16 7 16 15 10 8 10 7 10 8 10 13 6 13 9 8 11 11 13 10 15 11 6 8 5 13 6 11 15 8 12 12 11 12 4 10 10 8 11 8 4 9 3 10 12 8 
2 7 6 1 5 4 3 3 3 2 3 3 4 7 5 3 7 4 8 6 7 2 6 9 1 6 5 4 4 9 3 4 3 2 7 5 7 10 5 6 5 7 4 1 5 3 6 7 7 6 
5 1 2 4 2 4 2 5 6 7 4 3 6 3 5 7 5 3 3 3 3 3 0 2 3 1 3 2 4 3 0 4 2 3 0 3 3 1 2 0 3 4 5 2 3 6 2 1 2 4 
4 6 3 6 0 5 1 5 3 4 1 8 4 3 5 2 1 7 1 7 5 3 2 3 6 2 7 6 6 5 5 2 5 8 5 0 6 8 8 7 10 6 6 6 4 7 6 6 5 8 
DEPOT_SECTION
 1
 -1
EOF
