NAME  : Parada_20_3_0.95_1.00_4
TYPE : SVRP
MODEL : FINITE_SUPPORT
NUMBER_OF_SCENARIOS : 50
DIMENSION : 20
EDGE_WEIGHT_TYPE : MATRIX
CAPACITY : 45
N_VEHICLES : 3
NODE_COORD_SECTION
1 2198 205650
2 344160 178040
3 168380 9178
4 46380 321890
5 192500 327410
6 129820 174210
7 21846 9175
8 252500 184300
9 174710 43590
10 317800 18
11 144710 139060
12 27 226870
13 336310 155120
14 320190 321790
15 216970 318760
16 33176 186530
17 280780 112830
18 127070 342220
19 35972 286990
20 240300 141870
DEMAND_SECTION
1 0.0
2 9.0
3 10.0
4 4.0
5 10.0
6 10.0
7 7.0
8 3.0
9 3.0
10 9.0
11 9.0
12 7.0
13 5.0
14 4.0
15 7.0
16 7.0
17 7.0
18 6.0
19 3.0
20 10.0
DISTANCE_MATRIX
0.0 52.8015 43.7621 17.4642 45.9433 32.7977 46.0109 34.2094 43.8321 59.2444 30.2711 38.6491 53.4254 35.0 37.7534 5.0 42.2019 47.5027 13.1529 35.4401 
52.8015 0.0 19.0263 36.0694 102.561 71.9616 45.2217 52.1699 56.7186 111.672 76.4315 63.2456 69.1158 74.2488 41.9762 49.93 91.0762 95.0542 41.7253 84.9043 
43.7621 19.0263 0.0 26.3268 88.9002 69.5287 53.4135 34.6816 61.7171 102.054 74.4843 45.1885 71.7844 57.891 23.4094 41.9927 75.1349 93.107 31.6517 71.2517 
17.4642 36.0694 26.3268 0.0 62.5845 47.5937 42.5441 26.0238 45.3431 75.8024 46.9124 35.5106 51.8652 40.5753 29.5678 16.1245 54.8375 64.1439 5.83095 48.6657 
45.9433 102.561 88.9002 62.5845 0.0 31.1421 69.1276 79.5718 56.9887 30.0666 26.6721 68.0074 46.8188 64.3624 83.1158 50.5526 46.669 9.0 57.5766 42.0119 
32.7977 71.9616 69.5287 47.5937 31.1421 0.0 42.0997 65.1046 32.7567 52.7731 4.47214 59.3799 27.6586 55.7308 68.6486 37.4071 51.1957 34.0643 44.431 44.3847 
46.0109 45.2217 53.4135 42.5441 69.1276 42.0997 0.0 68.561 13.9284 94.8626 46.5696 77.4919 27.8568 79.859 65.2741 41.0122 87.4643 61.6207 46.1736 80.5047 
34.2094 52.1699 34.6816 26.0238 79.5718 65.1046 68.561 0.0 70.8027 80.9632 62.5779 21.2788 76.1841 33.2094 13.544 35.3897 50.4533 79.8095 23.4391 46.5701 
43.8321 56.7186 61.7171 45.3431 56.9887 32.7567 13.9284 70.8027 0.0 85.1127 37.108 77.971 13.9284 78.5189 74.3467 38.9146 82.0975 49.4065 47.4342 75.1066 
59.2444 111.672 102.054 75.8024 30.0666 52.7731 94.8626 80.9632 85.1127 0.0 48.3011 67.7422 76.1577 65.7539 84.5072 63.8538 35.1283 39.0512 70.4557 35.2278 
30.2711 76.4315 74.4843 46.9124 26.6721 4.47214 46.5696 62.5779 37.108 48.3011 0.0 56.8533 31.257 53.2042 66.1219 34.8805 47.8017 28.1824 41.9044 41.1096 
38.6491 63.2456 45.1885 35.5106 68.0074 59.3799 77.4919 21.2788 77.971 67.7422 56.8533 0.0 83.2653 21.6491 21.9545 41.6434 34.5398 71.2495 31.3209 32.5576 
53.4254 69.1158 71.7844 51.8652 46.8188 27.6586 27.8568 76.1841 13.9284 76.1577 31.257 83.2653 0.0 79.6162 79.7281 43.7287 78.8543 38.4838 52.7561 72.0347 
35.0 74.2488 57.891 40.5753 64.3624 55.7308 79.859 33.2094 78.5189 65.7539 53.2042 21.6491 79.6162 0.0 36.7534 39.6757 35.2488 67.6003 35.1725 31.3607 
37.7534 41.9762 23.4094 29.5678 83.1158 68.6486 65.2741 13.544 74.3467 84.5072 66.1219 21.9545 79.7281 36.7534 0.0 38.9337 53.6004 83.3535 26.9831 49.8197 
5.0 49.93 41.9927 16.1245 50.5526 37.4071 41.0122 35.3897 38.9146 63.8538 34.8805 41.6434 43.7287 39.6757 38.9337 0.0 47.0744 52.112 13.3417 40.2616 
42.2019 91.0762 75.1349 54.8375 46.669 51.1957 87.4643 50.4533 82.0975 35.1283 47.8017 34.5398 78.8543 35.2488 53.6004 47.0744 0.0 53.4135 49.2235 7.0 
47.5027 95.0542 93.107 64.1439 9.0 34.0643 61.6207 79.8095 49.4065 39.0512 28.1824 71.2495 38.4838 67.6003 83.3535 52.112 53.4135 0.0 59.1359 48.1041 
13.1529 41.7253 31.6517 5.83095 57.5766 44.431 46.1736 23.4391 47.4342 70.4557 41.9044 31.3209 52.7561 35.1725 26.9831 13.3417 49.2235 59.1359 0.0 43.0517 
35.4401 84.9043 71.2517 48.6657 42.0119 44.3847 80.5047 46.5701 75.1066 35.2278 41.1096 32.5576 72.0347 31.3607 49.8197 40.2616 7.0 48.1041 43.0517 0.0 
DEMAND_SCENARIO_SECTION
0 0 0 0 0 0 0 0 0 0 0 0 0 0 0 0 0 0 0 0 0 0 0 0 0 0 0 0 0 0 0 0 0 0 0 0 0 0 0 0 0 0 0 0 0 0 0 0 0 0 
7 4 4 5 10 13 13 11 5 5 9 10 15 8 9 14 9 10 9 14 10 12 9 8 6 10 1 8 9 8 8 12 13 3 9 16 10 13 8 5 11 13 8 8 8 9 14 8 9 12 
10 13 7 10 9 9 16 3 12 14 13 12 14 10 13 13 4 11 9 13 11 11 12 9 11 11 6 8 8 16 11 13 11 9 10 10 10 16 9 7 8 12 11 9 8 10 10 8 14 11 
2 5 6 5 4 4 2 5 4 1 3 3 6 3 8 5 5 3 2 10 5 3 5 6 3 3 4 8 4 5 4 4 6 3 4 6 4 7 3 6 4 2 4 8 6 5 3 7 4 4 
12 7 12 16 11 8 14 11 7 8 7 7 6 4 9 7 8 12 13 12 11 5 15 16 10 12 9 9 9 13 14 9 6 6 9 10 13 9 8 4 14 8 10 12 9 7 15 12 6 6 
14 10 8 11 8 8 12 11 13 9 10 10 6 12 12 9 10 11 11 8 7 13 12 12 16 18 17 9 12 5 12 11 12 6 11 7 14 13 5 6 14 12 9 12 10 11 8 7 16 11 
9 7 6 6 7 5 5 6 5 8 7 6 4 9 13 9 5 7 11 4 7 10 7 8 4 11 3 4 7 7 8 7 5 3 9 4 11 9 2 8 6 7 3 12 7 6 7 7 5 9 
6 1 0 3 3 4 5 5 4 1 1 2 2 0 2 3 1 3 3 4 3 4 3 5 4 4 0 4 8 3 5 2 5 4 1 3 6 3 4 4 1 2 2 3 1 2 2 5 3 3 
2 3 4 5 3 4 5 2 3 1 2 6 2 3 2 2 5 3 1 3 5 5 6 2 1 0 2 1 5 0 5 4 4 5 3 1 3 5 1 4 6 2 2 5 4 2 5 0 4 3 
0 9 10 6 12 10 13 6 7 10 11 9 12 12 16 8 16 7 11 12 9 10 8 12 9 9 6 4 13 15 6 11 6 7 9 13 13 3 8 6 7 9 10 11 8 6 6 15 9 13 
7 5 11 14 11 10 7 8 7 7 10 8 9 11 13 11 6 12 8 12 4 6 10 12 7 9 7 12 11 9 11 9 7 5 5 5 11 3 9 7 12 8 11 12 10 12 11 10 14 7 
11 8 8 9 7 10 5 4 11 9 8 1 7 7 12 5 9 8 4 8 2 4 9 9 9 8 6 6 7 6 2 6 8 7 7 6 5 10 8 9 5 9 7 7 4 3 9 6 5 6 
2 3 5 5 4 5 5 4 4 4 8 4 6 5 2 8 0 4 5 4 5 2 4 4 7 5 0 5 0 4 4 5 5 7 5 6 3 6 6 3 3 5 0 2 6 6 5 3 9 6 
4 2 4 7 3 5 2 9 3 6 3 8 1 4 5 3 2 6 5 7 4 5 8 5 2 2 5 3 1 4 4 5 1 8 3 5 0 3 4 2 5 4 5 5 6 6 2 5 0 4 
6 4 13 11 9 11 7 5 4 4 7 7 7 9 9 8 6 11 7 4 7 3 12 12 7 8 9 9 5 6 7 5 7 6 5 5 5 8 12 7 9 11 9 4 1 8 6 6 8 9 
3 9 1 13 6 7 6 6 4 5 9 8 6 7 6 4 4 11 8 8 8 11 7 6 6 9 7 9 10 8 9 7 9 9 6 8 10 6 5 7 4 5 9 11 8 11 10 8 9 5 
4 4 8 5 5 8 6 8 3 7 11 9 12 8 4 5 7 8 5 11 10 6 7 8 3 5 5 8 8 6 5 4 11 12 5 10 10 8 13 10 5 2 2 6 7 5 4 7 11 5 
7 4 7 4 9 5 5 3 9 10 7 7 9 2 7 7 5 7 4 3 6 6 6 4 8 8 7 7 4 6 4 1 0 5 7 4 0 6 4 7 7 1 5 6 11 0 2 4 5 3 
3 3 2 1 3 2 4 5 3 3 1 3 2 5 4 2 2 3 2 4 6 1 4 2 0 2 3 3 4 2 1 1 5 0 3 1 3 5 3 4 0 1 4 3 3 4 2 4 3 1 
16 5 7 9 10 10 15 9 9 9 12 10 4 13 10 8 8 11 11 10 9 5 12 12 7 14 5 17 11 8 13 10 7 12 13 14 4 5 16 8 9 13 13 7 9 10 9 9 13 10 
DEPOT_SECTION
 1
 -1
EOF
