NAME  : Parada_20_3_0.95_1.00_9
TYPE : SVRP
MODEL : FINITE_SUPPORT
NUMBER_OF_SCENARIOS : 50
DIMENSION : 20
EDGE_WEIGHT_TYPE : MATRIX
CAPACITY : 43
N_VEHICLES : 3
NODE_COORD_SECTION
1 109890 150650
2 554290 215190
3 317190 18
4 130690 388570
5 223350 238880
6 206010 250470
7 27 18288
8 467510 101720
9 305050 49506
10 364870 87371
11 183500 108970
12 105250 180640
13 267590 214500
14 451480 295670
15 287260 422740
16 424130 100390
17 119240 146600
18 190870 295050
19 104980 255820
20 388920 196750
DEMAND_SECTION
1 0.0
2 4.0
3 3.0
4 3.0
5 9.0
6 8.0
7 10.0
8 3.0
9 4.0
10 8.0
11 10.0
12 5.0
13 9.0
14 8.0
15 6.0
16 10.0
17 8.0
18 8.0
19 6.0
20 3.0
DISTANCE_MATRIX
0.0 49.6488 58.4216 21.7634 19.2354 16.2788 57.8871 63.8928 60.1082 47.8336 40.025 41.1096 27.2947 61.3568 42.0652 56.9293 1.41421 30.4138 14.3512 51.246 
49.6488 0.0 49.7293 33.0606 67.2681 64.3273 40.3291 35.0 93.6803 80.5233 86.2844 90.0278 76.6551 75.591 68.1578 35.5106 48.3839 68.2642 60.9472 33.2415 
58.4216 49.7293 0.0 50.5852 63.5625 61.182 82.9936 18.3848 107.992 96.0983 83.7257 80.4114 67.1193 100.632 30.1496 23.0217 59.6855 78.9263 47.8853 17.0294 
21.7634 33.0606 50.5852 0.0 38.0908 35.1779 36.1247 46.669 63.8201 50.4462 53.2353 60.8858 47.7605 50.2494 53.408 51.0882 20.3669 35.9026 35.7872 35.805 
19.2354 67.2681 63.5625 38.0908 0.0 3.0 54.8849 69.6127 45.793 35.1141 20.8806 22.8035 10.6301 48.8817 44.4185 75.3618 20.0998 19.105 16.2788 56.9659 
16.2788 64.3273 61.182 35.1779 3.0 0.0 53.1318 66.9083 47.4342 36.2491 23.7697 25.7099 13.0384 49.7669 42.9418 72.6575 17.1172 19.6469 14.4222 54.2615 
57.8871 40.3291 82.9936 36.1247 54.8849 53.1318 0.0 72.1693 61.0 49.366 66.9078 75.9396 65.3465 39.0512 89.4738 74.0948 56.4906 49.3002 62.8357 66.082 
63.8928 35.0 18.3848 46.669 69.6127 66.9083 72.1693 0.0 109.551 96.9544 90.4506 89.4712 75.516 96.8969 45.8803 6.0 50.7607 79.8083 55.935 12.6491 
60.1082 93.6803 107.992 63.8201 45.793 47.4342 61.0 109.551 0.0 13.4164 33.2415 45.0444 48.7032 24.6982 90.2109 114.88 60.1431 29.7781 61.8547 97.1297 
47.8336 80.5233 96.0983 50.4462 35.1141 36.2491 49.366 96.9544 13.4164 0.0 28.1603 40.2616 40.1995 18.6011 79.1581 101.506 47.884 17.498 50.5371 84.8496 
40.025 86.2844 83.7257 53.2353 20.8806 23.7697 66.9078 90.4506 33.2415 28.1603 0.0 12.1655 17.6918 46.0977 61.5224 96.1997 40.7922 22.2036 35.8469 77.8037 
41.1096 90.0278 80.4114 60.8858 22.8035 25.7099 75.9396 89.4712 45.0444 40.2616 12.1655 0.0 14.0357 57.9396 55.2178 95.352 42.19 32.0156 33.541 76.9415 
27.2947 76.6551 67.1193 47.7605 10.6301 13.0384 65.3465 75.516 48.7032 40.1995 17.6918 14.0357 0.0 55.4437 43.8406 81.3941 28.4429 26.6833 19.6469 62.9682 
61.3568 75.591 100.632 50.2494 48.8817 49.7669 39.0512 96.8969 24.6982 18.6011 46.0977 57.9396 55.4437 0.0 93.1442 101.139 61.2863 30.9002 63.9689 85.9532 
42.0652 68.1578 30.1496 53.408 44.4185 42.9418 89.4738 45.8803 90.2109 79.1581 61.5224 55.2178 43.8406 93.1442 0.0 51.5461 43.3291 62.2415 28.6356 36.8917 
56.9293 35.5106 23.0217 51.0882 75.3618 72.6575 74.0948 6.0 114.88 101.506 96.1997 95.352 81.3941 101.139 51.5461 0.0 56.0909 85.1555 61.816 18.4391 
1.41421 48.3839 59.6855 20.3669 20.0998 17.1172 56.4906 50.7607 60.1431 47.884 40.7922 42.19 28.4429 61.2863 43.3291 56.0909 0.0 30.4138 15.6151 38.4824 
30.4138 68.2642 78.9263 35.9026 19.105 19.6469 49.3002 79.8083 29.7781 17.498 22.2036 32.0156 26.6833 30.9002 62.2415 85.1555 30.4138 0.0 33.6155 67.5513 
14.3512 60.9472 47.8853 35.7872 16.2788 14.4222 62.8357 55.935 61.8547 50.5371 35.8469 33.541 19.6469 63.9689 28.6356 61.816 15.6151 33.6155 0.0 43.4166 
51.246 33.2415 17.0294 35.805 56.9659 54.2615 66.082 12.6491 97.1297 84.8496 77.8037 76.9415 62.9682 85.9532 36.8917 18.4391 38.4824 67.5513 43.4166 0.0 
DEMAND_SCENARIO_SECTION
0 0 0 0 0 0 0 0 0 0 0 0 0 0 0 0 0 0 0 0 0 0 0 0 0 0 0 0 0 0 0 0 0 0 0 0 0 0 0 0 0 0 0 0 0 0 0 0 0 0 
1 6 3 7 3 6 0 2 2 2 6 2 4 6 2 7 3 3 0 3 7 2 1 2 2 4 4 5 5 3 3 2 1 3 5 2 5 3 1 3 4 5 5 3 4 0 2 5 4 5 
2 5 0 4 4 4 0 2 1 1 2 6 5 1 6 4 2 0 1 4 2 5 1 2 5 1 0 0 5 2 0 1 4 6 5 1 2 6 3 3 3 4 5 1 3 4 3 1 6 5 
2 3 2 5 3 3 3 7 1 4 3 4 3 2 6 7 0 1 3 2 5 5 2 0 2 2 2 3 3 0 5 5 4 5 2 0 6 4 0 2 5 0 0 3 3 4 4 3 3 2 
10 16 10 7 7 10 11 5 6 3 6 10 9 6 9 15 6 5 9 7 7 3 4 10 6 3 9 13 10 11 10 11 6 7 11 9 10 6 5 10 5 8 11 9 9 10 9 7 12 7 
7 9 9 9 10 7 11 11 10 4 8 5 5 4 7 9 3 8 7 10 8 0 12 10 8 3 7 9 8 11 0 8 5 5 7 10 9 3 7 4 4 8 6 14 7 2 8 5 8 8 
9 5 13 11 12 8 11 14 9 10 9 9 10 6 15 7 9 11 11 9 12 9 10 10 5 11 14 6 5 5 7 10 5 13 11 9 11 9 12 16 8 7 9 15 7 6 11 16 7 9 
1 3 4 3 4 3 1 1 6 2 0 0 2 5 4 3 2 3 1 2 6 5 0 5 1 1 5 5 4 3 3 2 3 2 5 2 5 0 2 2 3 4 7 5 4 6 5 3 2 6 
6 3 5 4 1 3 4 0 3 2 1 7 5 1 4 5 4 4 1 5 2 4 4 2 1 7 1 6 4 4 5 3 0 2 9 4 5 3 4 7 7 6 4 5 3 6 6 7 4 3 
3 6 13 10 6 11 5 10 0 11 11 13 9 9 8 5 7 5 5 6 6 14 10 13 2 7 4 9 7 11 10 9 4 10 5 8 8 8 6 11 8 8 5 4 10 12 9 8 5 6 
6 4 13 15 12 8 10 7 14 14 12 7 13 12 6 8 14 8 7 9 5 5 10 11 11 16 11 9 10 10 8 11 12 12 8 11 12 12 9 13 11 8 3 9 11 1 9 9 8 7 
3 5 7 4 3 2 4 1 4 3 3 6 4 3 5 6 8 7 5 4 1 6 3 2 4 3 5 8 3 6 6 7 5 6 4 6 5 4 1 9 4 5 5 5 5 5 3 3 9 6 
9 10 4 14 10 12 11 6 10 12 9 11 8 12 12 13 13 9 10 13 6 8 3 15 7 10 9 6 3 11 6 15 5 10 7 8 10 14 5 10 5 13 8 10 11 8 7 10 6 10 
7 7 8 10 10 3 10 11 6 5 7 6 13 9 6 6 3 6 8 10 6 9 13 7 9 7 9 10 10 10 7 7 9 8 11 11 9 8 6 10 6 10 7 9 1 6 11 5 8 9 
6 7 8 6 8 8 8 6 9 3 7 6 6 3 6 7 7 7 10 2 8 8 4 7 6 9 7 4 4 5 6 5 1 6 3 2 2 5 4 8 2 9 6 7 6 7 8 6 8 8 
16 16 9 20 14 12 12 15 12 8 5 10 14 9 8 6 7 8 3 9 13 17 10 7 13 10 12 5 15 13 15 14 7 10 9 13 10 7 11 8 10 11 10 17 8 9 7 11 11 11 
7 6 4 7 8 8 10 7 7 10 3 6 9 9 6 5 6 2 6 8 12 6 7 10 11 12 8 6 7 7 10 6 9 10 5 5 8 6 9 7 8 3 13 7 9 11 10 9 3 6 
12 11 11 8 7 7 14 4 9 3 9 9 4 10 5 5 8 4 7 11 6 8 6 11 11 7 4 7 8 2 4 8 9 7 8 9 4 12 6 7 6 12 6 11 9 9 7 13 5 9 
10 3 7 11 2 5 3 4 10 6 8 5 5 7 6 5 8 7 9 2 6 4 7 6 5 7 9 7 7 7 11 1 6 9 5 6 4 7 8 7 4 8 0 9 3 10 6 7 8 5 
4 3 5 2 3 1 4 5 2 2 2 4 5 5 2 2 2 1 5 4 3 4 1 3 2 5 6 3 2 1 3 2 1 2 3 3 4 3 7 4 4 5 2 2 7 6 4 3 4 4 
DEPOT_SECTION
 1
 -1
EOF
