NAME  : Parada_20_3_0.95_1.00_3
TYPE : SVRP
MODEL : FINITE_SUPPORT
NUMBER_OF_SCENARIOS : 50
DIMENSION : 20
EDGE_WEIGHT_TYPE : MATRIX
CAPACITY : 38
N_VEHICLES : 3
NODE_COORD_SECTION
1 27 222210
2 138540 414110
3 133400 18
4 61207 468810
5 246710 418780
6 113710 432330
7 66347 321940
8 344930 155200
9 102580 130320
10 233720 101610
11 215690 232870
12 34136 450400
13 330960 290760
14 275970 312070
15 157220 653940
16 153440 298780
17 257950 230510
18 102330 334280
19 10644 485960
20 94094 518970
DEMAND_SECTION
1 0.0
2 10.0
3 10.0
4 10.0
5 8.0
6 4.0
7 4.0
8 5.0
9 6.0
10 8.0
11 4.0
12 1.0
13 6.0
14 1.0
15 3.0
16 4.0
17 6.0
18 5.0
19 6.0
20 10.0
DISTANCE_MATRIX
0.0 56.9794 60.9925 47.2327 74.2937 32.2552 54.1363 30.3645 50.1289 42.19 17.088 49.4439 26.5707 32.5576 60.4111 46.5296 22.0227 51.0 34.3027 63.7809 
56.9794 0.0 58.0775 11.0454 32.0156 35.0571 11.0454 82.0366 70.2353 99.1182 45.607 13.8924 83.101 34.4093 40.3609 29.6142 37.8021 22.0227 75.2026 97.5295 
60.9925 58.0775 0.0 59.5399 90.0222 68.4981 47.1699 90.724 30.2655 86.1452 44.5982 65.6201 79.0026 34.4819 91.214 29.1548 44.2041 36.0555 60.4059 123.843 
47.2327 11.0454 59.5399 0.0 32.573 24.0208 16.9706 71.3863 66.7308 89.3259 38.9325 6.08276 73.3485 30.3645 33.121 30.4138 31.1248 25.0799 68.5422 86.7167 
74.2937 32.0156 90.0222 32.573 0.0 45.3431 43.0465 91.8388 99.2975 116.024 71.2094 27.313 99.5772 62.9365 26.0768 61.2046 63.4018 54.0 100.819 93.1933 
32.2552 35.0571 68.4981 24.0208 45.3431 0.0 38.2753 48.561 72.7064 73.9855 38.077 23.5372 57.5388 34.8451 29.1204 42.45 34.2053 41.6173 64.0103 63.8772 
54.1363 11.0454 47.1699 16.9706 43.0465 38.2753 0.0 82.0244 61.2944 95.1079 40.7185 22.2036 80.5233 27.0185 49.6488 19.3132 33.2415 11.1803 70.0078 102.134 
30.3645 82.0366 90.724 71.3863 91.8388 48.561 82.0244 0.0 68.6808 31.7805 47.4342 72.0977 18.4391 62.8172 69.9257 76.6877 51.9711 80.5047 44.9487 41.1096 
50.1289 70.2353 30.2655 66.7308 99.2975 72.7064 61.2944 68.6808 0.0 57.8705 34.9658 72.1249 53.8238 36.4005 94.3462 42.638 39.126 51.225 35.7321 108.131 
42.19 99.1182 86.1452 89.3259 116.024 73.9855 95.1079 31.7805 57.8705 0.0 54.4068 91.526 17.0294 69.857 97.6148 83.3607 62.0612 89.7385 39.0606 70.2567 
17.088 45.607 44.5982 38.9325 71.2094 38.077 40.7185 47.4342 34.9658 54.4068 0.0 43.9076 41.2149 16.0 66.2328 30.0167 7.81025 35.5106 29.6008 79.2465 
49.4439 13.8924 65.6201 6.08276 27.313 23.5372 22.2036 72.0977 72.1249 91.526 43.9076 0.0 75.2928 35.9026 27.4591 36.4966 36.0999 31.0161 73.5173 84.1724 
26.5707 83.101 79.0026 73.3485 99.5772 57.5388 80.5233 18.4391 53.8238 17.0294 41.2149 75.2928 0.0 57.0789 80.6237 71.0282 47.676 76.536 30.5967 59.4811 
32.5576 34.4093 34.4819 30.3645 62.9365 34.8451 27.0185 62.8172 36.4005 69.857 16.0 35.9026 57.0789 0.0 58.4209 14.0357 11.1803 19.9249 43.6962 92.2677 
60.4111 40.3609 91.214 33.121 26.0768 29.1204 49.6488 69.9257 94.3462 97.6148 66.2328 27.4591 80.6237 58.4209 0.0 62.6259 57.7914 58.1378 92.1662 67.1193 
46.5296 29.6142 29.1548 30.4138 61.2046 42.45 19.3132 76.6877 42.638 83.3607 30.0167 36.4966 71.0282 14.0357 62.6259 0.0 24.7386 8.60233 56.6952 105.086 
22.0227 37.8021 44.2041 31.1248 63.4018 34.2053 33.2415 51.9711 39.126 62.0612 7.81025 36.0999 47.676 11.1803 57.7914 24.7386 0.0 29.0172 37.4006 81.0898 
51.0 22.0227 36.0555 25.0799 54.0 41.6173 11.1803 80.5047 51.225 89.7385 35.5106 31.0161 76.536 19.9249 58.1378 8.60233 29.0172 0.0 63.5847 104.761 
34.3027 75.2026 60.4059 68.5422 100.819 64.0103 70.0078 44.9487 35.7321 39.0606 29.6008 73.5173 30.5967 43.6962 92.1662 56.6952 37.4006 63.5847 0.0 84.3991 
63.7809 97.5295 123.843 86.7167 93.1933 63.8772 102.134 41.1096 108.131 70.2567 79.2465 84.1724 59.4811 92.2677 67.1193 105.086 81.0898 104.761 84.3991 0.0 
DEMAND_SCENARIO_SECTION
0 0 0 0 0 0 0 0 0 0 0 0 0 0 0 0 0 0 0 0 0 0 0 0 0 0 0 0 0 0 0 0 0 0 0 0 0 0 0 0 0 0 0 0 0 0 0 0 0 0 
5 8 10 9 14 5 9 9 10 10 7 16 15 12 7 9 10 9 9 11 12 5 7 12 12 13 8 10 12 6 1 8 7 12 8 5 4 10 7 9 7 10 8 13 6 10 8 5 11 16 
14 9 10 10 8 12 10 8 13 9 14 13 6 20 11 12 9 11 11 15 8 10 9 7 14 13 10 9 9 10 8 12 10 7 16 4 11 4 11 16 11 10 8 13 8 9 9 6 4 7 
7 9 13 9 3 10 11 3 13 11 3 12 12 8 11 11 10 13 17 11 7 11 11 9 11 6 7 11 13 15 11 12 4 9 8 3 11 4 6 5 4 13 13 13 7 16 6 7 8 19 
8 7 9 1 7 5 9 9 11 9 7 7 6 4 7 5 8 10 6 7 15 9 6 9 8 6 8 5 13 8 7 11 7 9 11 8 8 11 7 10 6 5 15 16 6 9 6 11 14 5 
4 5 1 5 0 2 3 7 5 8 3 6 6 3 1 4 6 6 5 2 3 4 4 4 4 4 4 4 0 2 4 2 3 0 2 5 6 4 4 3 7 6 6 6 5 4 3 7 4 0 
4 0 2 3 6 4 7 5 6 3 3 3 7 4 5 6 6 6 3 5 1 4 3 5 4 3 3 4 5 4 6 8 8 6 1 6 8 5 6 4 9 3 5 4 5 1 5 4 5 3 
5 4 4 6 3 6 5 6 9 6 6 6 6 6 5 2 7 9 4 2 4 5 4 3 8 3 4 7 7 8 5 5 5 10 6 3 7 6 7 5 3 9 5 5 7 6 8 0 6 6 
6 3 9 10 5 6 9 2 8 4 2 4 8 8 9 4 2 4 7 6 9 6 12 4 8 8 2 6 5 9 6 11 11 6 7 6 7 4 6 9 5 8 2 2 13 10 4 8 9 4 
11 11 13 10 11 10 7 11 7 7 11 1 8 8 12 9 9 6 4 8 9 3 4 7 7 7 8 7 9 4 11 6 5 4 6 4 9 9 8 10 8 7 6 6 7 5 6 10 6 8 
6 4 7 4 3 2 4 4 1 3 4 3 3 6 4 4 6 6 6 4 2 2 1 6 5 3 3 4 3 5 5 0 2 5 3 1 7 4 5 4 3 6 0 4 4 6 8 2 6 2 
1 1 1 0 1 0 2 0 1 1 2 0 3 1 3 1 1 1 1 0 3 0 0 2 1 1 0 1 2 2 1 1 0 0 3 2 0 1 1 2 0 0 1 1 2 1 1 2 0 2 
4 8 9 5 9 11 6 9 5 8 6 3 9 6 4 7 3 4 4 4 6 4 7 8 4 6 4 6 4 4 6 6 2 4 0 6 4 6 3 6 8 7 10 7 4 5 8 7 6 8 
0 1 1 2 1 1 2 3 0 1 1 2 2 1 3 2 0 0 0 2 0 0 1 1 0 0 1 2 1 1 2 2 3 3 0 1 2 1 0 0 1 0 0 1 0 0 2 0 0 0 
2 3 2 2 2 1 6 3 2 4 3 5 2 2 3 4 2 3 1 5 3 2 1 6 7 0 4 3 5 4 1 4 4 5 2 1 5 4 5 3 4 3 3 4 3 4 4 2 5 2 
4 7 3 3 6 6 3 3 2 5 4 4 0 5 5 5 3 1 3 0 5 0 4 4 3 4 4 5 5 3 6 5 2 5 7 3 5 3 0 4 1 2 6 4 4 5 5 8 3 4 
7 9 8 5 8 6 7 9 4 3 6 8 3 11 5 7 3 7 3 7 1 12 6 6 7 5 11 7 5 7 6 1 5 7 6 6 6 3 4 5 7 7 4 3 6 9 10 6 9 4 
4 2 5 5 4 6 4 1 4 4 5 6 7 4 5 4 4 5 3 0 3 8 9 2 7 2 4 8 4 6 6 4 1 5 5 7 1 5 4 4 7 2 6 3 6 4 4 5 2 2 
3 6 3 9 8 5 2 8 6 8 2 9 4 3 1 10 6 8 7 8 10 5 6 7 9 7 8 5 6 2 7 8 2 1 6 7 7 3 6 4 11 5 3 4 6 9 5 5 6 4 
11 9 14 11 8 12 8 12 8 11 11 5 8 16 9 10 7 13 9 12 7 12 12 13 8 11 7 8 7 10 15 12 12 7 12 12 15 11 10 6 9 11 12 2 11 9 15 4 6 6 
DEPOT_SECTION
 1
 -1
EOF
