NAME  : Parada_20_3_0.95_1.00_5
TYPE : SVRP
MODEL : FINITE_SUPPORT
NUMBER_OF_SCENARIOS : 50
DIMENSION : 20
EDGE_WEIGHT_TYPE : MATRIX
CAPACITY : 42
N_VEHICLES : 3
NODE_COORD_SECTION
1 27 176240
2 209700 289420
3 145910 18
4 98607 450700
5 333560 268730
6 143620 142710
7 164420 180180
8 381480 89064
9 85686 179670
10 318220 55991
11 263440 45444
12 97455 105490
13 342140 148030
14 185710 195120
15 131640 349710
16 285460 103380
17 152460 95164
18 87403 364300
19 63103 313850
20 82572 231600
DEMAND_SECTION
1 0.0
2 8.0
3 9.0
4 8.0
5 3.0
6 5.0
7 10.0
8 2.0
9 10.0
10 10.0
11 5.0
12 3.0
13 4.0
14 7.0
15 2.0
16 9.0
17 8.0
18 8.0
19 10.0
20 1.0
DISTANCE_MATRIX
0.0 16.4012 41.1606 70.1854 56.9504 36.8492 39.3192 68.1753 39.8121 49.0166 36.96 49.3675 24.7956 38.0526 44.1022 42.2246 41.3436 49.0102 17.6619 29.5466 
16.4012 0.0 57.5587 63.1411 41.1844 29.8043 26.4764 48.7714 55.9464 55.9732 52.6358 42.3225 40.4715 26.2488 58.4637 50.448 34.2987 62.6498 13.0 45.6508 
41.1606 57.5587 0.0 90.05 97.9041 69.7336 71.7197 99.0652 19.105 61.4003 17.2627 80.2574 22.8473 69.3543 35.0 54.5711 71.7221 41.2311 58.3259 19.4165 
70.1854 63.1411 90.05 0.0 60.4152 37.4833 85.2949 42.107 76.6551 34.0147 98.8359 34.9857 90.9251 86.9252 64.56 38.3275 31.1127 62.3939 64.5235 71.007 
56.9504 41.1844 97.9041 60.4152 0.0 36.587 41.4367 19.7231 95.2629 75.1864 93.5058 29.4279 81.3415 44.2832 91.3864 73.3571 38.0789 93.7147 51.5782 85.2393 
36.8492 29.8043 69.7336 37.4833 36.587 0.0 48.6447 32.701 60.8753 40.1995 73.6767 13.8932 61.5123 50.2751 56.2228 37.3631 6.40312 57.9828 31.1873 52.1951 
39.3192 26.4764 71.7197 85.2949 41.4367 48.6447 0.0 55.9464 78.3363 82.28 59.5483 60.8638 49.0918 3.16228 83.3847 76.9025 54.3505 88.0909 39.3766 68.2029 
68.1753 48.7714 99.0652 42.107 19.7231 32.701 55.9464 0.0 90.2069 62.6099 105.003 19.2094 92.8384 58.3095 84.1487 62.1289 27.5862 85.1469 62.5134 81.5267 
39.8121 55.9464 19.105 76.6551 95.2629 60.8753 78.3363 90.2069 0.0 45.1774 34.4819 71.3473 34.3657 76.5707 16.1245 39.0 62.7694 22.2036 55.93 10.2956 
49.0166 55.9732 61.4003 34.0147 75.1864 40.1995 82.28 62.6099 45.1774 0.0 71.5183 45.8803 69.3125 82.2192 31.257 7.2111 37.108 28.4605 55.3964 42.0595 
36.96 52.6358 17.2627 98.8359 93.5058 73.6767 59.5483 105.003 34.4819 71.5183 0.0 86.1949 12.6491 56.8507 49.0408 64.4567 78.1711 55.4437 54.4893 30.4138 
49.3675 42.3225 80.2574 34.9857 29.4279 13.8932 60.8638 19.2094 71.3473 45.8803 86.1949 0.0 74.0306 63.1598 65.3423 44.2832 8.94427 66.4746 43.7056 62.7189 
24.7956 40.4715 22.8473 90.9251 81.3415 61.5123 49.0918 92.8384 34.3657 69.3125 12.6491 74.0306 0.0 46.6476 46.5727 62.2254 66.0067 52.9335 42.325 27.4571 
38.0526 26.2488 69.3543 86.9252 44.2832 50.2751 3.16228 58.3095 76.5707 82.2192 56.8507 63.1598 46.6476 0.0 82.1523 76.6551 55.9809 87.0057 38.9848 66.6618 
44.1022 58.4637 35.0 64.56 91.3864 56.2228 83.3847 84.1487 16.1245 31.257 49.0408 65.3423 46.5727 82.1523 0.0 26.2488 56.5685 6.40312 57.6624 19.2354 
42.2246 50.448 54.5711 38.3275 73.3571 37.3631 76.9025 62.1289 39.0 7.2111 64.4567 44.2832 62.2254 76.6551 26.2488 0.0 35.3412 24.6982 49.6807 35.171 
41.3436 34.2987 71.7221 31.1127 38.0789 6.40312 54.3505 27.5862 62.7694 37.108 78.1711 8.94427 66.0067 55.9809 56.5685 35.3412 0.0 57.6281 35.6817 54.1835 
49.0102 62.6498 41.2311 62.3939 93.7147 57.9828 88.0909 85.1469 22.2036 28.4605 55.4437 66.4746 52.9335 87.0057 6.40312 24.6982 57.6281 0.0 61.7315 25.5539 
17.6619 13.0 58.3259 64.5235 51.5782 31.1873 39.3766 62.5134 55.93 55.3964 54.4893 43.7056 42.325 38.9848 57.6624 49.6807 35.6817 61.7315 0.0 45.6611 
29.5466 45.6508 19.4165 71.007 85.2393 52.1951 68.2029 81.5267 10.2956 42.0595 30.4138 62.7189 27.4571 66.6618 19.2354 35.171 54.1835 25.5539 45.6611 0.0 
DEMAND_SCENARIO_SECTION
0 0 0 0 0 0 0 0 0 0 0 0 0 0 0 0 0 0 0 0 0 0 0 0 0 0 0 0 0 0 0 0 0 0 0 0 0 0 0 0 0 0 0 0 0 0 0 0 0 0 
7 9 5 6 9 10 8 9 8 11 8 11 9 9 10 8 7 11 12 8 3 7 13 6 8 9 12 10 5 14 10 6 8 6 7 8 8 9 11 4 6 9 7 10 5 5 7 9 8 7 
8 10 10 6 10 4 0 8 8 10 5 9 6 10 8 8 17 6 6 3 8 14 8 10 2 10 12 11 9 13 11 10 9 11 7 10 10 9 5 8 9 12 11 9 10 6 7 7 8 6 
8 7 12 9 8 3 10 8 9 4 7 8 10 2 4 5 4 11 11 11 10 9 10 8 9 9 6 13 5 5 6 7 6 10 9 8 7 10 11 6 8 9 12 7 11 8 11 6 7 13 
2 0 2 1 3 2 5 4 5 5 5 0 0 0 2 5 2 4 8 3 3 3 2 5 4 4 4 2 4 5 3 7 1 4 2 3 0 2 5 1 3 2 4 2 2 2 3 6 0 5 
3 2 7 7 8 7 3 0 6 5 6 8 5 8 8 6 6 6 6 5 7 5 5 5 10 7 4 3 3 6 6 5 1 3 4 1 6 7 8 8 5 10 5 3 9 3 9 6 7 9 
12 8 10 11 7 11 13 12 8 10 11 10 14 12 11 8 18 7 12 12 12 17 9 8 6 13 13 11 9 16 7 9 7 13 15 13 7 13 17 11 11 9 4 7 9 6 10 8 12 8 
2 4 3 6 3 2 0 0 4 2 4 4 3 3 0 2 1 1 0 2 2 3 0 3 0 5 2 4 3 3 0 3 2 1 3 0 0 0 2 4 0 0 2 4 3 1 2 2 1 0 
9 7 11 10 11 12 5 8 8 13 14 7 9 5 7 6 13 9 9 12 9 14 12 6 9 10 11 14 6 10 6 8 11 6 10 9 16 11 14 9 5 13 12 7 11 8 8 11 11 5 
15 13 10 9 15 13 14 9 5 12 13 10 8 11 11 15 11 15 1 14 4 13 8 12 13 9 11 11 8 11 2 8 16 12 11 9 9 7 10 14 7 10 11 8 3 10 12 5 9 13 
5 4 2 7 4 10 6 3 8 2 5 4 5 6 9 5 2 5 3 4 6 4 8 7 4 8 7 6 5 6 9 8 8 3 9 9 3 7 7 6 1 4 7 7 6 5 5 0 6 2 
2 4 1 7 6 3 5 4 0 4 5 3 2 4 3 1 6 2 0 2 3 1 3 3 7 1 2 5 4 4 2 2 2 3 2 4 0 4 6 2 4 0 2 3 2 4 1 5 3 4 
3 4 4 4 6 7 4 3 4 5 6 6 5 7 3 2 8 2 4 4 8 5 3 3 5 2 5 1 1 4 3 6 6 2 5 3 4 3 5 3 2 0 8 4 3 0 5 5 3 2 
11 6 6 6 9 9 9 7 9 8 8 7 8 7 7 6 8 5 13 9 5 8 3 6 5 6 8 11 11 8 2 8 5 9 8 8 6 11 15 6 6 7 12 11 9 11 4 5 14 8 
5 0 1 1 3 1 2 1 2 2 2 2 4 3 2 3 3 4 2 1 3 4 1 1 3 0 3 2 4 2 2 3 1 3 2 1 1 3 5 2 5 2 3 2 3 1 1 0 2 2 
8 11 9 10 10 6 16 4 4 9 11 9 9 8 12 13 11 2 8 8 12 9 16 6 7 9 4 8 10 7 14 6 13 15 9 8 11 7 7 6 10 11 9 11 5 8 10 10 8 6 
5 4 10 13 8 10 11 8 10 6 11 10 4 9 13 6 9 7 5 12 8 10 10 6 3 11 10 11 5 7 5 2 7 13 5 9 7 11 10 4 9 6 6 16 10 9 7 6 11 8 
10 12 10 6 8 10 6 10 7 8 16 7 13 7 5 6 8 8 9 2 7 6 9 11 8 4 10 12 0 11 9 4 12 4 10 6 7 10 8 10 6 5 5 7 11 3 7 11 11 12 
7 8 11 9 10 9 7 10 9 13 12 6 15 10 10 9 7 9 15 10 11 5 7 12 7 6 12 12 8 11 11 13 8 14 8 9 11 10 12 15 6 14 10 5 13 14 6 12 4 9 
1 1 2 1 0 2 0 1 1 1 0 0 3 2 0 0 0 1 2 2 0 2 1 2 1 1 0 2 1 3 1 0 2 0 1 3 1 1 2 0 1 3 1 0 0 3 2 1 2 1 
DEPOT_SECTION
 1
 -1
EOF
