NAME  : Parada_20_3_0.95_1.00_6
TYPE : SVRP
MODEL : FINITE_SUPPORT
NUMBER_OF_SCENARIOS : 50
DIMENSION : 20
EDGE_WEIGHT_TYPE : MATRIX
CAPACITY : 28
N_VEHICLES : 3
NODE_COORD_SECTION
1 45945 257310
2 293550 241740
3 104880 18255
4 66610 415400
5 286790 215550
6 117120 228690
7 22394 29535
8 372040 63332
9 306320 94012
10 286470 18
11 119670 120410
12 27 159910
13 350370 132570
14 342610 308610
15 92387 290850
16 139290 106830
17 213130 145520
18 16144 308730
19 187790 168490
20 109960 276610
DEMAND_SECTION
1 0.0
2 7.0
3 5.0
4 1.0
5 1.0
6 1.0
7 3.0
8 7.0
9 2.0
10 6.0
11 3.0
12 6.0
13 3.0
14 8.0
15 2.0
16 2.0
17 5.0
18 4.0
19 5.0
20 10.0
DISTANCE_MATRIX
0.0 24.948 48.4535 18.5605 50.9902 26.3178 66.6164 49.6732 49.2879 39.9249 19.3132 59.2171 40.5666 54.0723 5.38516 56.6855 60.3628 33.8497 58.6325 33.919 
24.948 0.0 46.3402 40.4853 62.6175 22.6301 89.4158 33.2415 29.742 39.6989 21.4005 61.7183 22.8102 72.2066 20.9258 61.1969 65.1752 30.0833 65.1752 22.1281 
48.4535 46.3402 0.0 57.9548 57.7235 67.4707 92.0869 63.0 54.037 85.0428 66.241 106.559 54.3323 82.4609 53.8245 105.309 99.7572 16.6433 98.0141 34.4384 
18.5605 40.4853 57.9548 0.0 43.4166 41.8551 55.1248 65.2105 63.811 40.0125 28.9813 53.8516 56.1039 35.6705 19.799 46.6154 41.8808 44.0924 40.1082 44.2138 
50.9902 62.6175 57.7235 43.4166 0.0 77.0 40.2492 95.7047 90.2499 83.2947 65.7343 94.0519 85.2489 42.19 54.7814 83.678 72.1892 54.7083 68.4762 62.1027 
26.3178 22.6301 67.4707 41.8551 77.0 0.0 90.7857 47.3553 46.9701 41.2062 22.7703 63.0882 38.2488 73.5765 22.2956 62.5668 66.545 51.5798 66.545 50.6183 
66.6164 89.4158 92.0869 55.1248 40.2492 90.7857 0.0 114.141 113.756 78.9386 70.5384 78.1601 105.034 22.8035 68.7295 64.7611 48.5077 83.6002 44.5533 86.4145 
49.6732 33.2415 63.0 65.2105 95.7047 47.3553 114.141 0.0 9.21954 49.366 43.0116 71.8053 10.8167 93.8488 45.651 77.1038 85.7088 49.8197 86.3134 35.3412 
49.2879 29.742 54.037 63.811 90.2499 46.9701 113.756 9.21954 0.0 53.1601 43.1856 76.2168 8.0 95.5323 44.2515 80.0625 87.023 41.4849 87.2067 28.6007 
39.9249 39.6989 85.0428 40.0125 83.2947 41.2062 78.9386 49.366 53.1601 0.0 20.6155 23.2594 45.5412 59.9471 34.5398 28.0713 39.8121 68.7859 41.6773 53.5224 
19.3132 21.4005 66.241 28.9813 65.7343 22.7703 70.5384 43.0116 43.1856 20.6155 0.0 41.0122 35.2278 51.084 13.9284 39.8121 44.0454 50.3501 44.0454 37.855 
59.2171 61.7183 106.559 53.8516 94.0519 63.0882 78.1601 71.8053 76.2168 23.2594 41.0122 0.0 68.7095 57.5587 54.037 13.8924 30.8869 90.6679 34.4384 76.4467 
40.5666 22.8102 54.3323 56.1039 85.2489 38.2488 105.034 10.8167 8.0 45.5412 35.2278 68.7095 0.0 87.8253 36.5444 72.1803 79.0253 40.1123 79.2275 24.6982 
54.0723 72.2066 82.4609 35.6705 42.19 73.5765 22.8035 93.8488 95.5323 59.9471 51.084 57.5587 87.8253 0.0 55.3108 45.0111 30.8058 72.7899 26.9258 75.4902 
5.38516 20.9258 53.8245 19.799 54.7814 22.2956 68.7295 45.651 44.2515 34.5398 13.9284 54.037 36.5444 55.3108 0.0 51.5113 55.082 39.2208 55.082 39.2901 
56.6855 61.1969 105.309 46.6154 83.678 62.5668 64.7611 77.1038 80.0625 28.0713 39.8121 13.8924 72.1803 45.0111 51.5113 0.0 17.0 90.7054 20.6155 90.7747 
60.3628 65.1752 99.7572 41.8808 72.1892 66.545 48.5077 85.7088 87.023 39.8121 44.0454 30.8869 79.0253 30.8058 55.082 17.0 0.0 85.9468 4.0 86.0161 
33.8497 30.0833 16.6433 44.0924 54.7083 51.5798 83.6002 49.8197 41.4849 68.7859 50.3501 90.6679 40.1123 72.7899 39.2208 90.7054 85.9468 0.0 84.2165 18.0278 
58.6325 65.1752 98.0141 40.1082 68.4762 66.545 44.5533 86.3134 87.2067 41.6773 44.0454 34.4384 79.2275 26.9258 55.082 20.6155 4.0 84.2165 0.0 84.2858 
33.919 22.1281 34.4384 44.2138 62.1027 50.6183 86.4145 35.3412 28.6007 53.5224 37.855 76.4467 24.6982 75.4902 39.2901 90.7747 86.0161 18.0278 84.2858 0.0 
DEMAND_SCENARIO_SECTION
0 0 0 0 0 0 0 0 0 0 0 0 0 0 0 0 0 0 0 0 0 0 0 0 0 0 0 0 0 0 0 0 0 0 0 0 0 0 0 0 0 0 0 0 0 0 0 0 0 0 
4 3 4 4 9 6 5 4 8 8 6 7 3 11 8 5 7 8 3 3 9 1 10 7 7 8 8 7 3 10 7 7 5 9 3 5 6 6 8 6 7 8 9 11 8 7 9 6 12 8 
2 1 6 5 3 5 7 4 6 5 2 7 10 4 8 1 5 1 4 6 6 3 5 6 5 6 3 6 8 5 6 4 9 6 0 8 5 3 5 5 2 9 5 7 4 9 3 5 5 6 
2 1 0 1 2 1 3 0 1 2 3 2 1 1 0 3 0 0 2 2 0 1 1 0 0 2 2 1 0 2 0 2 0 2 2 1 3 2 0 0 2 1 0 2 2 1 0 2 1 1 
1 2 0 0 1 2 0 1 1 1 2 1 3 0 1 2 1 2 0 0 1 1 2 0 0 0 3 1 1 0 1 1 1 2 1 2 0 0 1 2 2 0 0 1 0 0 0 1 2 0 
0 1 0 0 2 1 1 1 3 0 0 0 0 0 0 1 1 1 1 0 0 2 1 2 1 1 1 1 0 3 1 2 0 2 0 0 0 1 0 0 1 1 2 2 0 2 1 0 2 0 
6 3 3 4 0 3 2 4 1 0 2 4 6 5 3 3 6 0 2 3 3 1 2 3 2 3 3 5 2 3 2 2 4 3 4 3 2 4 2 7 1 4 4 5 1 1 8 4 3 2 
0 9 10 11 5 8 8 4 12 6 6 1 3 3 11 11 12 6 8 8 8 8 8 10 6 9 6 4 4 7 4 7 7 2 6 13 9 3 5 5 5 5 8 7 8 6 7 2 7 6 
2 3 1 2 2 3 2 3 3 1 1 1 3 1 0 0 1 1 1 1 0 1 0 3 1 1 1 2 3 2 5 2 3 3 4 3 3 1 4 0 4 2 3 0 2 1 1 4 3 2 
4 4 4 7 6 5 9 7 11 9 7 3 5 8 7 4 4 5 8 5 4 9 7 12 2 8 0 9 5 7 4 6 10 3 3 6 7 4 8 12 11 6 8 12 0 7 4 0 3 5 
3 3 0 4 2 4 3 2 4 4 4 1 2 6 0 1 3 3 4 2 1 3 3 6 3 3 1 2 2 3 5 5 5 1 6 4 4 3 4 3 3 3 4 4 2 1 5 1 2 0 
8 7 7 9 5 5 7 7 7 4 4 6 6 11 8 9 4 5 6 5 9 9 7 7 5 9 2 7 6 7 4 5 5 5 5 3 4 6 7 4 4 7 4 7 7 8 4 3 6 6 
1 1 4 3 3 3 1 1 6 1 1 3 3 0 4 1 3 3 3 0 0 1 4 3 1 3 1 0 2 0 2 0 0 3 0 4 0 3 2 6 3 3 2 0 2 4 0 3 3 3 
9 9 11 13 13 2 9 2 6 9 3 7 8 9 6 3 9 4 9 6 5 6 11 8 7 6 7 8 9 5 7 9 9 6 11 8 5 9 4 7 14 9 8 10 8 8 7 11 7 3 
1 0 1 2 2 1 4 3 4 3 3 5 0 2 2 1 2 4 2 2 2 2 3 4 1 2 3 2 2 0 3 0 0 4 1 3 4 1 2 3 1 2 1 2 2 2 3 2 2 4 
5 2 0 2 2 3 4 3 1 3 2 3 3 3 3 2 4 0 0 0 0 0 2 1 2 2 1 3 0 2 2 3 1 1 2 4 2 0 3 4 1 1 2 4 1 1 0 3 4 2 
2 6 9 8 4 3 4 6 8 5 5 6 2 6 3 3 8 10 2 6 9 4 2 3 4 2 3 3 5 6 6 1 7 7 4 3 1 5 1 5 6 4 3 3 1 9 6 9 5 7 
4 6 1 2 2 4 5 3 3 2 4 2 6 4 7 3 4 6 1 5 6 0 9 2 3 4 7 6 5 2 3 6 7 3 3 4 6 5 2 6 5 5 2 2 7 5 5 7 4 2 
2 6 4 4 2 3 5 8 5 7 6 6 1 0 8 10 6 4 5 5 10 6 3 2 4 9 1 5 4 1 2 2 2 5 4 7 0 8 5 4 5 3 5 5 4 6 9 6 3 8 
10 5 10 12 7 4 16 9 9 9 9 13 7 8 8 9 9 7 5 12 6 11 9 9 11 16 9 7 8 7 8 11 6 16 12 10 12 11 10 8 7 7 6 5 16 9 13 11 15 12 
DEPOT_SECTION
 1
 -1
EOF
