NAME  : Parada_20_3_0.95_1.00_2
TYPE : SVRP
MODEL : FINITE_SUPPORT
NUMBER_OF_SCENARIOS : 50
DIMENSION : 20
EDGE_WEIGHT_TYPE : MATRIX
CAPACITY : 38
N_VEHICLES : 3
NODE_COORD_SECTION
1 27 109200
2 354690 123670
3 180120 18
4 96983 505250
5 165620 208780
6 139910 241250
7 108080 77951
8 378520 6157
9 143270 73554
10 260500 8718
11 180160 81434
12 66002 165980
13 293890 291610
14 319360 152550
15 163610 291680
16 284040 84359
17 302030 71648
18 121900 351900
19 118630 201600
20 109050 351140
DEMAND_SECTION
1 0.0
2 1.0
3 1.0
4 6.0
5 5.0
6 8.0
7 2.0
8 6.0
9 8.0
10 8.0
11 8.0
12 5.0
13 8.0
14 7.0
15 8.0
16 1.0
17 5.0
18 3.0
19 10.0
20 9.0
DISTANCE_MATRIX
0.0 44.7344 45.6259 69.5971 45.811 26.9258 53.7587 52.3259 15.1327 46.2709 53.8641 30.7304 51.5007 32.9848 61.7622 31.0621 31.2498 57.7759 39.5748 45.2058 
44.7344 0.0 21.9317 78.0577 43.382 69.0334 38.6005 95.8019 33.3017 25.7099 59.1354 37.2156 84.7135 14.4222 52.3927 16.0312 14.3178 79.139 35.4683 80.0 
45.6259 21.9317 0.0 94.7629 24.1868 71.2454 59.0339 97.3969 39.2938 46.0652 41.1096 25.0599 94.7536 28.8617 72.2357 17.0294 19.0263 92.9546 18.2483 66.9403 
69.5971 78.0577 94.7629 0.0 104.599 62.2938 43.3244 76.922 63.9024 53.7587 114.483 90.8144 39.8121 66.1891 30.8869 78.0897 75.8024 27.6586 96.5288 112.43 
45.811 43.382 24.1868 104.599 0.0 71.4304 75.0733 86.6531 43.3244 62.9365 17.0 15.1327 94.9437 43.8406 86.6083 30.4795 33.3017 105.012 8.48528 45.1885 
26.9258 69.0334 71.2454 62.2938 71.4304 0.0 65.2763 26.9258 35.9152 62.6418 62.5149 56.3499 29.5466 55.6382 66.4831 56.6392 56.5685 37.6431 65.1943 50.2494 
53.7587 38.6005 59.0339 43.3244 75.0733 65.2763 0.0 90.2441 39.0 13.0 87.3212 63.1269 62.4909 31.4006 14.0357 45.0 42.2019 53.9073 66.6033 98.5035 
52.3259 95.8019 97.3969 76.922 86.6531 26.9258 90.2441 0.0 62.7187 89.0791 78.848 77.6634 37.3363 82.4417 89.202 82.833 82.9759 49.3356 86.5078 57.0789 
15.1327 33.3017 39.2938 63.9024 43.3244 35.9152 39.0 62.7187 0.0 31.1448 51.8847 28.6356 58.5562 19.7231 47.1941 22.8473 21.9545 61.8027 35.9026 60.0314 
46.2709 25.7099 46.0652 53.7587 62.9365 62.6418 13.0 89.0791 31.1448 0.0 76.0263 51.8652 67.2536 19.105 26.6833 32.5576 29.7321 59.203 54.4518 89.56 
53.8641 59.1354 41.1096 114.483 17.0 62.5149 87.3212 78.848 51.8847 76.0263 0.0 24.2074 91.3267 57.1402 97.591 44.7214 47.4131 97.6996 23.7697 30.6105 
30.7304 37.2156 25.0599 90.8144 15.1327 56.3499 63.1269 77.6634 28.6356 51.8652 24.2074 0.0 79.8631 33.121 73.6614 21.587 24.0416 89.9317 9.84886 43.1856 
51.5007 84.7135 94.7536 39.8121 94.9437 29.5466 62.4909 37.3363 58.5562 67.2536 91.3267 79.8631 0.0 70.653 57.2451 79.6637 78.9522 12.1655 88.0504 79.6492 
32.9848 14.4222 28.8617 66.1891 43.8406 55.6382 31.4006 82.4417 19.7231 19.105 57.1402 33.121 70.653 0.0 43.8292 13.6015 10.8167 65.6303 35.3553 72.9932 
61.7622 52.3927 72.2357 30.8869 86.6083 66.4831 14.0357 89.202 47.1941 26.6833 97.591 73.6614 57.2451 43.8292 0.0 57.3062 54.5894 46.9574 78.2368 105.597 
31.0621 16.0312 17.0294 78.0897 30.4795 56.6392 45.0 82.833 22.8473 32.5576 44.7214 21.587 79.6637 13.6015 57.3062 0.0 2.82843 76.0705 22.0227 64.0078 
31.2498 14.3178 19.0263 75.8024 33.3017 56.5685 42.2019 82.9759 21.9545 29.7321 47.4131 24.0416 78.9522 10.8167 54.5894 2.82843 0.0 73.9294 24.8395 66.0681 
57.7759 79.139 92.9546 27.6586 105.012 37.6431 53.9073 49.3356 61.8027 59.203 97.6996 89.9317 12.1655 65.6303 46.9574 76.0705 73.9294 0.0 98.119 87.6584 
39.5748 35.4683 18.2483 96.5288 8.48528 65.1943 66.6033 86.5078 35.9026 54.4518 23.7697 9.84886 88.0504 35.3553 78.2368 22.0227 24.8395 98.119 0.0 48.7647 
45.2058 80.0 66.9403 112.43 45.1885 50.2494 98.5035 57.0789 60.0314 89.56 30.6105 43.1856 79.6492 72.9932 105.597 64.0078 66.0681 87.6584 48.7647 0.0 
DEMAND_SCENARIO_SECTION
0 0 0 0 0 0 0 0 0 0 0 0 0 0 0 0 0 0 0 0 0 0 0 0 0 0 0 0 0 0 0 0 0 0 0 0 0 0 0 0 0 0 0 0 0 0 0 0 0 0 
1 4 2 3 2 2 2 0 2 2 0 2 0 0 0 2 2 0 0 0 0 0 2 2 0 2 0 3 1 1 1 0 2 3 1 2 0 1 0 1 0 2 2 2 2 2 1 0 0 2 
2 2 1 1 0 1 1 1 1 1 2 2 0 0 1 0 1 2 0 0 1 0 0 2 1 0 2 1 1 2 1 0 3 2 2 1 0 1 0 1 1 3 1 1 1 1 1 1 1 2 
5 7 7 1 5 7 6 8 6 5 6 2 6 6 4 2 5 9 8 11 3 8 4 3 9 3 4 5 3 8 10 6 6 7 4 8 7 3 4 4 5 3 7 5 7 1 8 5 7 6 
5 4 0 7 6 1 3 3 10 5 5 3 5 7 5 5 3 2 6 7 4 2 4 3 3 6 4 6 7 4 4 4 6 5 5 10 10 10 2 4 2 5 6 8 3 3 9 5 8 3 
7 8 10 8 12 10 10 8 9 6 7 6 9 7 10 8 8 7 11 9 7 11 12 11 11 4 13 8 4 12 9 5 5 6 5 12 13 8 7 3 7 7 12 4 7 7 6 9 8 6 
5 3 0 3 0 2 1 3 1 1 1 3 3 2 3 5 2 2 4 6 5 4 2 4 3 0 3 0 2 1 2 3 2 3 2 2 2 1 3 1 4 1 2 1 2 2 2 1 0 3 
1 3 6 3 8 4 6 7 8 11 7 5 1 4 9 8 10 7 4 4 5 4 6 6 10 6 7 13 6 5 3 7 5 4 8 10 7 7 6 2 6 3 4 6 3 4 7 8 8 6 
7 6 4 4 5 9 5 9 8 1 12 9 10 9 8 6 9 5 11 7 10 3 7 9 6 10 3 10 6 7 9 9 12 6 10 9 4 6 8 4 5 9 13 4 2 10 5 9 13 7 
8 9 12 3 10 8 11 10 4 12 8 7 10 10 6 12 11 8 7 5 6 6 7 9 7 5 8 10 7 12 7 12 10 10 5 9 7 11 10 9 12 7 8 7 11 3 10 9 9 9 
9 10 6 4 6 10 8 7 7 6 13 7 10 8 8 10 13 8 10 5 13 5 10 8 10 5 3 11 6 7 5 5 12 11 8 7 11 9 3 9 3 10 7 6 8 8 4 11 9 7 
8 7 7 4 4 3 3 8 5 7 4 7 1 7 3 6 6 0 3 1 6 3 4 6 1 3 4 3 4 2 4 3 7 5 5 4 7 5 2 4 4 5 9 5 4 4 9 2 4 6 
4 9 10 12 9 13 13 13 3 6 10 11 9 14 10 4 11 12 9 9 8 5 9 8 10 8 9 5 10 13 11 8 13 3 9 12 8 5 2 10 10 5 14 8 5 9 10 8 7 6 
8 8 5 6 8 9 8 5 8 2 6 9 10 9 6 4 1 4 7 5 5 5 7 7 10 10 8 3 6 11 9 13 6 12 4 6 10 6 1 7 6 6 10 4 4 7 10 13 6 9 
5 9 7 8 6 9 10 7 10 4 8 5 11 9 11 11 10 9 8 4 5 7 3 16 8 14 7 6 6 6 11 5 6 6 10 5 8 11 13 6 5 7 6 6 10 8 4 7 11 9 
0 2 0 0 2 1 1 1 2 0 1 2 2 3 2 1 2 0 2 0 1 0 2 1 3 1 3 1 2 1 1 0 0 0 0 1 3 1 0 0 2 1 0 2 1 1 0 0 1 1 
5 0 2 1 9 7 3 9 7 6 6 8 4 4 4 7 2 4 0 5 5 5 5 8 5 6 5 7 4 3 0 5 4 8 4 7 2 5 5 5 9 8 7 3 4 8 7 4 3 6 
4 0 3 4 6 3 3 4 2 5 2 5 2 1 1 0 3 4 4 2 4 2 2 4 3 3 5 1 3 0 0 4 4 2 2 6 0 1 3 3 3 3 3 5 3 4 4 5 3 3 
8 9 10 15 9 16 11 13 8 11 7 14 9 6 11 7 11 15 9 7 4 16 13 9 16 17 12 6 16 10 10 10 12 5 11 8 13 15 15 10 13 5 12 11 10 12 11 4 15 11 
7 9 10 7 9 8 12 11 7 10 10 15 4 8 10 8 11 7 12 12 10 7 9 9 8 8 11 7 8 12 2 6 8 6 15 10 10 10 7 7 10 11 8 11 4 11 12 15 9 8 
DEPOT_SECTION
 1
 -1
EOF
