NAME  : Parada_20_3_0.95_1.00_7
TYPE : SVRP
MODEL : FINITE_SUPPORT
NUMBER_OF_SCENARIOS : 50
DIMENSION : 20
EDGE_WEIGHT_TYPE : MATRIX
CAPACITY : 31
N_VEHICLES : 3
NODE_COORD_SECTION
1 70657 133270
2 346040 226170
3 161200 19321
4 175790 281290
5 263880 187730
6 106500 188080
7 121930 56869
8 385320 73081
9 247610 46510
10 233170 149800
11 362280 161920
12 27 203000
13 521840 177210
14 422900 246120
15 296450 322830
16 143460 70734
17 413160 18
18 281940 281950
19 80143 204150
20 149820 204420
DEMAND_SECTION
1 0.0
2 6.0
3 4.0
4 5.0
5 4.0
6 6.0
7 5.0
8 6.0
9 10.0
10 6.0
11 8.0
12 3.0
13 2.0
14 1.0
15 7.0
16 4.0
17 6.0
18 5.0
19 2.0
20 1.0
DISTANCE_MATRIX
0.0 39.0 36.7463 38.098 18.6023 10.7703 58.095 37.4005 23.0238 42.2371 47.2017 20.2495 40.5216 56.7274 45.1141 62.1333 38.9102 39.0689 45.1988 53.6251 
39.0 0.0 74.7906 50.3948 20.6155 41.6491 51.4782 18.088 28.2488 44.9222 9.21954 50.2845 67.4799 17.8045 15.8114 55.4617 77.7647 10.0 69.3729 38.9102 
36.7463 74.7906 0.0 30.8869 54.215 37.973 92.4398 73.829 59.77 41.3401 82.9927 35.4951 63.7024 89.2432 67.6496 95.087 21.0238 66.7182 13.1529 90.3713 
38.098 50.3948 30.8869 0.0 49.9762 37.2114 92.3735 64.0398 57.3023 10.6301 59.0762 17.8885 76.9675 64.2806 41.7732 96.4118 50.0 42.0119 22.0227 84.9943 
18.6023 20.6155 54.215 49.9762 0.0 21.2514 51.3811 23.2036 16.4222 41.4898 29.1548 35.7829 52.0384 38.4187 26.9258 55.4194 57.3671 20.6155 68.5324 44.1581 
10.7703 41.6491 37.973 37.2114 21.2514 0.0 63.6419 40.9438 28.5707 31.7122 49.8513 19.363 51.2445 59.4038 38.3238 67.6802 42.1296 36.4768 49.2711 57.8761 
58.095 51.4782 92.4398 92.3735 51.3811 63.6419 0.0 35.4384 39.0712 91.8087 50.448 77.2758 42.9535 58.4209 67.088 4.24264 85.3894 60.5152 100.892 12.6491 
37.4005 18.088 73.829 64.0398 23.2036 40.9438 35.4384 0.0 19.6433 58.3703 19.2483 55.4751 55.7149 29.1603 33.6497 39.4708 76.0267 27.0768 82.596 22.9545 
23.0238 28.2488 59.77 57.3023 16.4222 28.5707 39.0712 19.6433 0.0 55.5895 33.9061 42.2046 43.2311 44.19 40.0132 43.1095 60.8218 33.0 75.8584 34.6013 
42.2371 44.9222 41.3401 10.6301 41.4898 31.7122 91.8087 58.3703 55.5895 0.0 53.1507 24.0208 82.1412 57.0351 34.0 95.8411 59.808 35.6931 32.5576 79.3248 
47.2017 9.21954 82.9927 59.0762 29.1548 49.8513 50.448 19.2483 33.9061 53.1507 0.0 58.9736 72.6267 10.2956 21.095 54.1202 85.9669 17.4642 78.062 37.855 
20.2495 50.2845 35.4951 17.8885 35.7829 19.363 77.2758 55.4751 42.2046 24.0208 58.9736 0.0 59.0931 64.5845 42.996 81.3141 39.7154 42.0595 29.9249 72.8059 
40.5216 67.4799 63.7024 76.9675 52.0384 51.2445 42.9535 55.7149 43.2311 82.1412 72.6267 59.0931 0.0 82.7741 78.5175 44.5982 50.9902 71.7008 74.411 46.0977 
56.7274 17.8045 89.2432 64.2806 38.4187 59.4038 58.4209 29.1603 44.19 57.0351 10.2956 64.5845 82.7741 0.0 23.0868 61.8142 95.5194 22.561 83.6729 46.0977 
45.1141 15.8114 67.6496 41.7732 26.9258 38.3238 67.088 33.6497 40.0132 34.0 21.095 42.996 78.5175 23.0868 0.0 71.1196 80.3347 7.07107 62.0322 54.5894 
62.1333 55.4617 95.087 96.4118 55.4194 67.6802 4.24264 39.4708 43.1095 95.8411 54.1202 81.3141 44.5982 61.8142 71.1196 0.0 88.3361 64.5476 103.839 16.5529 
38.9102 77.7647 21.0238 50.0 57.3671 42.1296 85.3894 76.0267 60.8218 59.808 85.9669 39.7154 50.9902 95.5194 80.3347 88.3361 0.0 78.4876 34.1321 84.9736 
39.0689 10.0 66.7182 42.0119 20.6155 36.4768 60.5152 27.0768 33.0 35.6931 17.4642 42.0595 71.7008 22.561 7.07107 64.5476 78.4876 0.0 61.1479 48.0208 
45.1988 69.3729 13.1529 22.0227 68.5324 49.2711 100.892 82.596 75.8584 32.5576 78.062 29.9249 74.411 83.6729 62.0322 103.839 34.1321 61.1479 0.0 103.55 
53.6251 38.9102 90.3713 84.9943 44.1581 57.8761 12.6491 22.9545 34.6013 79.3248 37.855 72.8059 46.0977 46.0977 54.5894 16.5529 84.9736 48.0208 103.55 0.0 
DEMAND_SCENARIO_SECTION
0 0 0 0 0 0 0 0 0 0 0 0 0 0 0 0 0 0 0 0 0 0 0 0 0 0 0 0 0 0 0 0 0 0 0 0 0 0 0 0 0 0 0 0 0 0 0 0 0 0 
10 8 8 8 8 4 8 5 5 9 5 7 6 5 5 4 7 5 9 3 10 5 7 5 4 3 5 2 7 5 4 6 4 8 8 8 7 3 7 9 7 7 9 9 7 6 5 3 4 4 
5 2 1 4 4 1 2 7 5 2 3 3 6 3 7 3 4 7 8 6 2 5 3 5 6 4 3 5 2 3 1 2 2 5 6 8 4 8 3 4 4 5 5 7 3 5 3 5 6 3 
5 6 6 4 6 3 6 4 7 8 7 2 9 5 5 2 6 5 3 8 3 5 5 3 6 3 3 4 6 4 8 3 9 7 5 5 4 1 6 5 2 10 1 8 4 7 10 7 6 5 
1 3 2 4 4 4 5 3 3 3 4 2 1 5 3 2 5 4 1 4 0 2 2 4 5 3 2 2 4 3 4 2 3 3 8 5 4 2 6 4 2 2 5 3 3 7 5 5 1 5 
3 4 9 5 3 4 5 7 8 8 5 5 7 4 6 6 9 4 8 8 10 5 3 5 5 5 3 8 10 5 3 8 7 6 2 2 5 5 6 3 7 4 8 5 7 5 8 9 6 9 
3 5 6 6 5 3 7 7 7 6 8 4 3 8 5 2 5 3 9 2 7 3 8 6 5 8 5 6 1 8 3 3 4 5 5 6 5 8 10 6 1 6 3 8 4 1 7 2 6 5 
5 3 5 7 8 8 5 2 5 12 3 7 11 8 3 9 4 5 4 8 5 4 4 8 2 10 7 6 6 5 6 3 9 6 10 4 6 7 4 6 8 10 6 3 7 11 3 4 6 4 
9 10 7 9 11 9 10 11 13 8 9 15 12 6 7 14 6 9 11 3 9 15 17 12 13 5 10 12 11 7 14 13 15 13 10 9 11 7 7 10 11 14 2 11 9 12 6 13 8 10 
4 11 6 8 3 6 5 9 5 7 4 8 8 6 5 6 7 8 3 7 3 6 3 8 9 6 5 1 3 4 6 8 8 1 3 4 8 1 8 11 5 8 9 7 5 6 6 5 5 10 
6 12 10 8 9 10 7 9 8 8 10 2 11 9 8 6 9 9 9 6 8 3 12 7 7 10 8 6 5 11 5 9 8 6 11 7 16 6 6 11 12 9 6 9 10 10 10 6 6 8 
3 4 6 3 2 3 3 2 2 5 1 5 2 4 5 2 3 4 2 3 3 0 4 2 2 3 2 4 4 2 2 2 2 3 1 3 3 3 4 0 3 5 1 3 5 1 2 1 3 3 
3 4 2 0 5 3 4 2 0 2 2 2 3 2 3 2 3 2 0 4 4 1 2 4 3 3 2 3 2 3 4 2 0 2 2 5 2 1 3 0 2 3 1 0 0 3 1 1 4 2 
2 3 1 3 0 1 2 2 0 3 0 0 0 1 0 0 0 1 1 0 3 1 2 1 1 2 1 2 2 3 1 0 3 2 1 0 3 2 1 1 2 0 0 1 1 1 1 0 2 1 
5 7 6 7 11 10 1 9 7 3 8 9 5 9 12 9 8 6 5 4 4 8 6 10 4 4 8 11 4 10 5 11 9 4 5 7 7 8 10 4 5 5 5 8 8 6 9 10 11 8 
2 3 5 5 4 3 2 4 4 2 1 6 12 3 2 2 2 4 3 5 4 5 2 3 9 5 6 2 1 6 0 2 0 4 3 0 3 6 2 4 2 5 4 0 5 4 8 3 3 5 
8 0 6 2 4 4 6 6 3 5 12 3 8 9 3 8 4 4 5 6 9 6 7 7 4 4 4 7 5 4 5 6 5 4 3 12 7 1 7 4 5 7 10 0 7 1 1 7 8 1 
3 7 7 2 7 5 1 2 8 6 6 7 2 7 5 5 5 4 6 6 6 9 6 0 5 7 5 5 3 5 4 4 2 5 6 3 7 6 6 3 2 4 6 8 5 7 2 7 5 2 
0 0 0 3 1 1 3 1 4 1 2 0 1 1 1 1 0 2 1 0 5 2 2 3 0 3 1 3 2 2 0 2 2 5 0 0 2 0 0 2 3 2 1 2 1 3 4 2 2 4 
3 1 1 3 2 0 3 0 1 2 0 0 3 0 1 1 1 1 0 0 2 2 1 1 1 2 1 1 1 2 2 0 0 1 1 1 1 1 0 0 0 2 1 3 3 3 3 1 0 0 
DEPOT_SECTION
 1
 -1
EOF
