NAME  : Parada_20_4_0.95_1.00_6
TYPE : SVRP
MODEL : FINITE_SUPPORT
NUMBER_OF_SCENARIOS : 50
DIMENSION : 20
EDGE_WEIGHT_TYPE : MATRIX
CAPACITY : 28
N_VEHICLES : 4
NODE_COORD_SECTION
1 51777 136340
2 350080 158590
3 141430 18
4 206180 274190
5 78476 169520
6 136710 180720
7 7292 54470
8 267030 116920
9 204630 98617
10 271110 43041
11 58065 148400
12 26951 193900
13 267160 145670
14 252410 251530
15 148310 303990
16 222790 125070
17 303050 32352
18 27 269960
19 43126 171440
20 202770 171690
DEMAND_SECTION
1 0.0
2 10.0
3 10.0
4 7.0
5 1.0
6 5.0
7 10.0
8 5.0
9 8.0
10 2.0
11 8.0
12 6.0
13 4.0
14 9.0
15 2.0
16 5.0
17 1.0
18 1.0
19 10.0
20 4.0
DISTANCE_MATRIX
0.0 56.5607 46.0 33.3856 51.6738 47.8281 58.8591 14.0915 24.8489 48.7634 60.8335 59.4521 17.6591 39.452 39.8155 31.6228 35.6666 42.19 57.82 18.3929 
56.5607 0.0 96.5277 86.6036 45.607 93.8999 57.0088 57.0943 46.741 26.3059 114.051 39.3954 54.2635 92.6699 82.3772 86.2364 88.7977 28.1603 111.038 60.5848 
46.0 96.5277 0.0 29.0689 64.3817 54.037 65.215 40.6079 50.6952 70.7743 39.0512 73.0 43.1741 32.2025 19.7231 18.868 46.0754 88.0909 38.3275 36.0555 
33.3856 86.6036 29.0689 0.0 69.6791 25.9422 74.7581 35.8105 46.5986 69.5079 28.2843 77.458 39.2669 7.61577 37.9473 10.8167 17.4642 69.8928 25.4951 35.4369 
51.6738 45.607 64.3817 69.6791 0.0 95.1983 12.7279 38.6525 36.2052 24.2588 94.414 8.94427 35.7522 76.5105 45.8039 62.2656 83.0368 57.4063 92.1303 34.6261 
47.8281 93.8999 54.037 25.9422 95.1983 0.0 102.384 57.616 68.3733 85.5076 32.1403 102.977 61.1836 21.9317 63.7037 36.7151 16.4924 70.9366 29.2746 61.9174 
58.8591 57.0088 65.215 74.7581 12.7279 102.384 0.0 46.0435 43.6396 36.9492 98.7927 17.72 43.1865 81.5894 45.607 66.7308 90.2221 70.0967 96.7988 41.1947 
14.0915 57.0943 40.6079 35.8105 38.6525 57.616 46.0435 0.0 10.8167 35.0371 60.5982 46.4307 3.60555 42.6419 31.6228 29.4109 45.4545 48.0937 58.2622 7.81025 
24.8489 46.741 50.6952 46.5986 36.2052 68.3733 43.6396 10.8167 0.0 31.8079 71.3863 43.9835 7.61577 59.9973 39.2046 40.2244 56.2119 40.025 69.0502 15.0333 
48.7634 26.3059 70.7743 69.5079 24.2588 85.5076 36.9492 35.0371 31.8079 0.0 94.2956 22.3607 31.6678 77.1315 56.0892 62.7805 73.3461 33.2415 91.9595 34.8855 
60.8335 114.051 39.0512 28.2843 94.414 32.1403 98.7927 60.5982 71.3863 94.2956 0.0 102.203 64.0546 21.4009 56.5685 32.2025 38.2753 96.2653 3.16228 60.208 
59.4521 39.3954 73.0 77.458 8.94427 102.977 17.72 46.4307 43.9835 22.3607 102.203 0.0 43.8435 84.2893 54.6443 70.0784 90.8151 55.0 99.9096 42.4044 
17.6591 54.2635 43.1741 39.2669 35.7522 61.1836 43.1865 3.60555 7.61577 31.6678 64.0546 43.8435 0.0 46.0983 32.7567 32.8024 49.0221 46.3897 61.7185 8.24621 
39.452 92.6699 32.2025 7.61577 76.5105 21.9317 81.5894 42.6419 59.9973 77.1315 21.4009 84.2893 46.0983 0.0 43.9318 16.2788 19.0 75.2396 18.4391 42.2682 
39.8155 82.3772 19.7231 37.9473 45.8039 63.7037 45.607 31.6228 39.2046 56.0892 56.5685 54.6443 32.7567 43.9318 0.0 27.6586 52.9484 79.0759 55.2268 24.5153 
31.6228 86.2364 18.868 10.8167 62.2656 36.7151 66.7308 29.4109 40.2244 62.7805 32.2025 70.0784 32.8024 16.2788 27.6586 0.0 27.2716 73.3546 30.0832 28.4253 
35.6666 88.7977 46.0754 17.4642 83.0368 16.4924 90.2221 45.4545 56.2119 73.3461 38.2753 90.8151 49.0221 19.0 52.9484 27.2716 0.0 59.4762 35.1141 49.7559 
42.19 28.1603 88.0909 69.8928 57.4063 70.9366 70.0967 48.0937 40.025 33.2415 96.2653 55.0 46.3897 75.2396 79.0759 73.3546 59.4762 0.0 93.1785 54.5894 
57.82 111.038 38.3275 25.4951 92.1303 29.2746 96.7988 58.2622 69.0502 91.9595 3.16228 99.9096 61.7185 18.4391 55.2268 30.0832 35.1141 93.1785 0.0 57.8885 
18.3929 60.5848 36.0555 35.4369 34.6261 61.9174 41.1947 7.81025 15.0333 34.8855 60.208 42.4044 8.24621 42.2682 24.5153 28.4253 49.7559 54.5894 57.8885 0.0 
DEMAND_SCENARIO_SECTION
0 0 0 0 0 0 0 0 0 0 0 0 0 0 0 0 0 0 0 0 0 0 0 0 0 0 0 0 0 0 0 0 0 0 0 0 0 0 0 0 0 0 0 0 0 0 0 0 0 0 
12 12 10 10 13 10 9 15 4 15 8 13 6 8 11 11 12 10 13 9 15 7 9 11 13 6 12 12 9 11 9 5 8 7 8 7 7 4 13 13 7 1 12 4 12 6 12 7 8 13 
17 8 13 9 8 10 12 9 17 7 7 14 8 11 10 7 4 8 11 9 4 13 9 12 5 10 14 12 11 10 9 13 11 4 10 12 8 15 7 12 6 17 13 8 15 14 8 9 10 10 
7 9 6 8 1 6 9 3 6 9 7 5 12 6 4 6 10 11 9 10 7 11 8 4 7 8 2 10 13 10 6 6 11 7 7 10 6 5 8 12 9 7 6 8 9 11 8 7 3 8 
3 1 1 0 1 3 1 1 3 1 1 3 1 2 1 0 1 0 1 2 3 0 0 2 0 1 1 0 1 1 1 0 1 2 1 2 0 0 1 1 3 1 0 0 1 2 0 1 2 1 
2 8 6 1 6 3 1 0 1 3 4 4 5 7 5 5 5 2 3 7 3 5 3 7 5 3 3 8 6 6 5 5 3 4 3 6 4 2 6 7 3 2 5 2 3 6 1 7 4 3 
9 14 12 7 12 11 11 13 9 6 13 8 9 12 18 13 12 9 2 14 13 14 13 15 9 9 11 10 8 2 5 8 8 8 11 9 14 8 12 7 5 11 9 9 11 11 12 6 9 12 
8 5 6 8 6 7 9 4 8 6 5 3 7 7 4 7 4 3 5 5 2 3 6 5 0 6 6 3 4 5 4 5 5 7 5 5 6 6 3 4 6 5 3 8 6 4 6 2 6 7 
11 4 11 9 8 5 8 9 12 7 7 8 9 10 4 10 5 7 5 5 11 8 7 10 9 3 7 10 9 12 3 10 7 5 9 5 8 0 3 6 10 8 4 11 6 10 10 7 13 8 
1 3 3 4 3 5 3 4 3 2 1 1 3 2 1 1 3 4 1 0 2 3 3 0 2 3 0 4 1 1 4 6 2 3 3 3 0 2 0 2 1 1 2 3 3 5 0 2 2 1 
9 8 11 8 8 9 12 10 6 7 9 3 12 4 11 8 4 3 8 11 13 13 10 7 5 10 8 12 9 6 12 6 5 8 6 1 9 12 4 5 11 12 6 9 8 8 9 5 8 4 
4 6 3 3 9 8 12 2 3 5 6 5 10 9 8 3 7 9 4 4 7 5 8 6 9 4 4 5 5 13 9 5 5 6 4 9 6 3 8 0 8 7 0 8 9 10 10 7 2 7 
6 7 5 3 4 4 4 2 3 2 7 2 4 5 5 6 3 4 7 7 3 4 6 4 3 3 2 4 4 7 3 3 5 3 6 1 5 6 5 3 4 4 4 5 2 6 3 5 9 5 
11 6 7 10 8 12 9 8 11 12 8 9 8 8 10 7 14 14 4 9 12 13 10 5 2 10 12 10 13 9 9 8 13 11 7 11 10 8 12 4 9 9 10 8 8 7 8 8 8 10 
3 2 3 2 2 1 0 3 3 4 2 2 5 0 3 1 3 3 0 1 3 1 2 2 3 0 2 1 0 1 4 1 0 3 1 2 0 2 1 2 1 2 1 0 4 3 0 5 1 2 
9 5 8 9 2 3 0 8 6 4 8 4 5 2 6 5 1 4 11 5 3 4 4 4 4 5 7 6 3 5 6 3 4 4 5 1 1 11 9 4 4 4 9 2 4 6 6 5 0 4 
1 0 1 0 1 1 1 0 0 2 1 1 1 1 1 1 0 2 0 1 0 1 1 1 1 1 1 0 1 1 1 2 1 0 0 1 1 2 0 0 2 1 0 1 2 1 3 0 2 0 
0 1 0 1 1 3 0 1 1 0 3 0 2 1 1 0 2 2 1 2 1 0 1 0 2 1 2 1 2 0 2 1 0 2 2 1 1 2 1 0 3 0 0 0 1 0 1 1 1 1 
10 10 7 14 13 12 10 10 8 11 3 11 2 11 12 15 11 9 11 11 8 8 9 19 10 9 11 7 12 10 8 8 10 11 11 13 6 5 13 8 10 7 8 14 16 11 12 13 7 10 
2 5 0 7 2 4 3 4 4 5 8 5 4 3 2 6 1 4 3 1 2 3 4 2 5 5 4 6 3 3 4 4 3 5 4 6 4 0 5 1 3 5 2 2 3 1 4 6 3 1 
DEPOT_SECTION
 1
 -1
EOF
