NAME  : Parada_20_4_0.95_1.00_0
TYPE : SVRP
MODEL : FINITE_SUPPORT
NUMBER_OF_SCENARIOS : 50
DIMENSION : 20
EDGE_WEIGHT_TYPE : MATRIX
CAPACITY : 30
N_VEHICLES : 4
NODE_COORD_SECTION
1 27 150880
2 456940 182730
3 186030 18
4 261290 320380
5 325400 251940
6 243300 206950
7 109690 7008
8 426910 92067
9 216830 59777
10 366660 100470
11 272320 59832
12 37407 222330
13 388290 269960
14 427790 293120
15 309810 367190
16 258270 129340
17 430430 64020
18 209020 342830
19 54632 321970
20 111280 281200
DEMAND_SECTION
1 0.0
2 4.0
3 6.0
4 9.0
5 4.0
6 8.0
7 6.0
8 3.0
9 9.0
10 1.0
11 5.0
12 6.0
13 10.0
14 4.0
15 3.0
16 6.0
17 7.0
18 6.0
19 8.0
20 9.0
DISTANCE_MATRIX
0.0 48.0583 45.7295 44.7772 45.2769 76.7821 37.401 66.6408 55.6276 60.6053 49.1094 43.4952 34.6699 74.5853 46.8722 64.6513 66.5733 37.1214 27.0535 34.5553 
48.0583 0.0 43.9318 83.1364 63.2851 103.744 33.8378 105.272 51.0882 97.5295 48.0104 73.6832 68.5055 103.798 72.3464 92.8477 104.216 75.9507 57.3389 65.2398 
45.7295 43.9318 0.0 69.0507 26.4008 114.106 11.1803 89.1403 10.0 77.0584 84.2106 88.5609 48.2597 121.048 39.8497 101.975 85.0235 64.2884 72.549 71.8787 
44.7772 83.1364 69.0507 0.0 49.6488 60.7454 66.0076 22.1359 76.6551 17.4929 86.7949 49.6488 21.1896 75.1332 38.4187 49.4773 22.0227 7.81025 49.0 40.0 
45.2769 63.2851 26.4008 49.6488 0.0 104.326 31.1127 66.9403 30.1496 53.6004 93.1343 80.5067 28.8444 112.944 14.0357 92.4485 61.6604 47.2017 68.5764 65.307 
76.7821 103.744 114.106 60.7454 104.326 0.0 107.195 64.0 123.022 72.9932 71.1969 30.0832 76.2168 18.7883 95.8369 12.7279 71.1126 58.5918 46.4866 42.5441 
37.401 33.8378 11.1803 66.0076 31.1127 107.195 0.0 87.2067 20.6155 76.2955 73.0373 80.2323 46.3897 112.72 42.72 94.6159 84.0119 60.2993 64.2204 64.9686 
66.6408 105.272 89.1403 22.1359 66.9403 64.0 87.2067 0.0 95.8853 14.4222 104.464 63.1426 41.0 81.3941 53.7587 55.7315 8.06226 29.5466 66.3806 57.3806 
55.6276 51.0882 10.0 76.6551 30.1496 123.022 20.6155 95.8853 0.0 83.1505 93.4102 96.7698 55.5428 130.947 44.1814 110.892 91.1976 72.45 82.4471 81.5061 
60.6053 97.5295 77.0584 17.4929 53.6004 72.9932 76.2955 14.4222 83.1505 0.0 103.71 66.4348 30.0832 89.0898 40.025 63.0714 8.06226 25.0 66.3649 57.3649 
49.1094 48.0104 84.2106 86.7949 93.1343 71.1969 73.0373 104.464 93.4102 103.71 0.0 46.0652 82.28 62.1289 95.9531 64.846 107.447 78.9873 38.2099 47.3814 
43.4952 73.6832 88.5609 49.6488 80.5067 30.0832 80.2323 63.1426 96.7698 66.4348 46.0652 0.0 57.3032 32.6497 76.6114 20.025 68.0617 44.0454 16.5529 15.2643 
34.6699 68.5055 48.2597 21.1896 28.8444 76.2168 46.3897 41.0 55.5428 30.0832 82.28 57.3032 0.0 87.4907 19.7231 64.1347 37.6563 18.4391 49.0918 43.1856 
74.5853 103.798 121.048 75.1332 112.944 18.7883 112.72 81.3941 130.947 89.0898 62.1289 32.6497 87.4907 0.0 107.019 26.0192 88.0909 71.613 48.1664 47.8017 
46.8722 72.3464 39.8497 38.4187 14.0357 95.8369 42.72 53.7587 44.1814 40.025 95.9531 76.6114 19.7231 107.019 0.0 83.7547 48.0521 37.6431 66.3702 61.6117 
64.6513 92.8477 101.975 49.4773 92.4485 12.7279 94.6159 55.7315 110.892 63.0714 64.846 20.025 64.1347 26.0192 83.7547 0.0 62.2013 46.6154 35.5106 30.4631 
66.5733 104.216 85.0235 22.0227 61.6604 71.1126 84.0119 8.06226 91.1976 8.06226 107.447 68.0617 37.6563 88.0909 48.0521 62.2013 0.0 29.8329 69.3633 60.3633 
37.1214 75.9507 64.2884 7.81025 47.2017 58.5918 60.2993 29.5466 72.45 25.0 78.9873 44.0454 18.4391 71.613 37.6431 46.6154 29.8329 0.0 42.28 33.28 
27.0535 57.3389 72.549 49.0 68.5764 46.4866 64.2204 66.3806 82.4471 66.3649 38.2099 16.5529 49.0918 48.1664 66.3702 35.5106 69.3633 42.28 0.0 9.21954 
34.5553 65.2398 71.8787 40.0 65.307 42.5441 64.9686 57.3806 81.5061 57.3649 47.3814 15.2643 43.1856 47.8017 61.6117 30.4631 60.3633 33.28 9.21954 0.0 
DEMAND_SCENARIO_SECTION
0 0 0 0 0 0 0 0 0 0 0 0 0 0 0 0 0 0 0 0 0 0 0 0 0 0 0 0 0 0 0 0 0 0 0 0 0 0 0 0 0 0 0 0 0 0 0 0 0 0 
3 5 6 1 7 2 3 3 2 5 3 4 7 2 6 3 4 4 1 3 8 1 2 8 8 7 5 7 5 5 5 1 3 4 3 1 6 2 6 4 3 3 5 5 4 1 3 4 3 5 
4 8 4 7 9 4 4 5 6 5 6 8 5 12 6 4 8 11 8 8 10 7 3 9 7 8 6 1 8 4 8 8 6 9 2 5 7 6 4 10 7 8 5 5 6 7 3 3 7 5 
9 9 8 7 10 13 8 10 9 6 8 7 13 9 13 9 11 14 10 9 15 12 9 8 1 16 8 9 9 10 4 11 6 11 5 13 3 6 9 9 10 10 9 11 6 7 8 10 9 3 
6 6 0 8 4 3 2 2 3 4 3 7 1 2 6 6 4 6 3 6 8 4 4 4 2 5 1 6 3 2 5 0 5 1 4 6 6 7 3 6 5 0 3 6 3 4 1 3 7 6 
7 11 9 11 2 9 5 6 7 2 9 12 10 8 10 14 4 10 10 2 9 6 11 4 10 11 9 11 10 9 8 10 8 5 16 10 10 4 6 3 5 11 7 14 9 7 7 2 11 13 
7 6 5 5 3 6 8 6 6 8 8 6 9 11 3 8 5 7 6 8 5 8 4 2 10 8 6 2 3 7 9 6 6 6 4 7 8 4 7 7 4 7 7 6 5 2 1 9 7 5 
4 5 2 3 3 4 1 5 1 5 2 3 4 4 3 3 1 4 2 4 5 3 5 3 2 2 3 3 3 4 1 1 3 4 2 4 3 3 2 1 1 3 1 4 5 3 1 1 2 3 
15 10 9 6 12 10 9 7 12 7 12 9 3 7 7 8 9 7 4 16 14 10 10 14 11 8 3 4 9 5 6 4 4 11 4 11 10 9 7 11 6 8 13 12 7 11 9 12 9 9 
2 3 1 1 0 2 2 0 1 0 0 1 2 2 1 1 0 0 1 1 1 1 0 1 0 0 1 2 1 0 1 1 2 3 2 0 1 2 3 2 3 2 2 0 2 1 2 1 2 1 
3 6 4 4 3 6 2 6 10 3 9 4 4 6 10 5 6 6 11 8 6 8 9 5 2 6 4 4 3 2 4 5 5 4 7 8 5 4 3 2 6 5 9 8 0 4 3 2 6 9 
8 5 3 7 8 6 5 4 7 8 6 3 6 3 4 0 4 1 4 6 7 6 7 7 3 0 4 8 5 5 4 5 5 4 8 10 4 3 3 10 2 3 7 3 5 6 6 8 2 10 
16 10 9 10 11 11 7 12 3 11 8 12 11 12 8 9 12 17 13 9 14 7 11 11 15 11 6 10 10 9 11 5 10 9 8 6 16 13 14 10 14 13 8 7 12 7 11 4 9 9 
6 6 7 2 7 8 6 6 2 4 2 5 2 2 6 3 5 6 2 2 5 6 1 4 4 2 2 5 8 4 4 2 2 6 3 5 3 3 4 4 4 3 5 5 9 6 3 6 7 5 
2 1 3 2 3 3 0 6 5 1 2 3 3 3 6 0 4 2 6 3 4 5 3 3 8 2 3 4 4 2 0 2 3 5 2 2 4 4 5 4 4 3 2 2 2 5 6 5 4 0 
9 10 6 7 3 7 5 4 5 5 5 6 10 2 7 7 8 9 7 4 9 6 8 7 8 6 4 2 5 3 3 8 3 8 9 4 6 3 8 7 5 10 9 5 5 5 4 6 0 5 
13 9 9 7 5 8 2 8 7 7 6 9 6 7 8 7 8 10 0 10 10 6 0 5 9 7 10 11 6 6 9 5 7 10 8 8 5 1 10 2 4 9 7 3 6 9 8 9 6 6 
3 4 3 8 8 9 10 5 8 6 7 3 9 1 3 5 0 4 6 8 6 4 9 4 5 4 9 5 5 9 5 3 4 7 5 10 10 2 5 7 4 5 4 10 2 8 9 7 4 3 
10 9 6 11 7 12 6 9 10 8 9 6 3 4 8 11 3 11 10 8 13 10 6 5 4 9 6 8 9 10 11 7 17 6 10 7 9 9 5 11 10 8 8 7 4 9 6 9 0 14 
10 12 8 9 9 11 14 12 12 9 8 9 10 4 11 15 10 13 3 11 6 10 15 19 13 4 14 11 12 13 11 11 12 8 12 11 8 9 9 10 9 11 8 10 5 12 9 11 7 9 
DEPOT_SECTION
 1
 -1
EOF
