NAME  : Parada_20_4_0.95_1.00_1
TYPE : SVRP
MODEL : FINITE_SUPPORT
NUMBER_OF_SCENARIOS : 50
DIMENSION : 20
EDGE_WEIGHT_TYPE : MATRIX
CAPACITY : 25
N_VEHICLES : 4
NODE_COORD_SECTION
1 145950 215430
2 340220 272490
3 233660 5703
4 234060 361970
5 300080 259480
6 253230 286770
7 149650 136140
8 437900 109760
9 161110 201890
10 345770 91957
11 253660 156670
12 27 259820
13 355920 259500
14 256210 344530
15 247160 359660
16 289220 233100
17 473390 18
18 74015 439310
19 186840 301370
20 222210 323650
DEMAND_SECTION
1 0.0
2 3.0
3 9.0
4 4.0
5 1.0
6 4.0
7 8.0
8 5.0
9 1.0
10 7.0
11 8.0
12 5.0
13 9.0
14 10.0
15 2.0
16 9.0
17 2.0
18 2.0
19 7.0
20 1.0
DISTANCE_MATRIX
0.0 48.1507 56.9386 18.4728 35.0 32.7567 15.5242 28.2312 3.16228 33.2415 51.4198 65.2234 25.1794 16.505 67.0711 75.0122 46.1591 62.4246 45.0999 46.6759 
48.1507 0.0 48.0521 63.1552 51.0882 43.8634 47.0751 39.598 47.5492 55.4437 70.0357 92.4835 48.4723 64.5987 91.8872 101.709 38.0789 96.126 56.0803 10.0 
56.9386 48.0521 0.0 67.0075 32.2025 27.8029 72.1404 77.1298 54.6773 88.6288 41.0122 67.1193 40.0 65.0397 115.603 123.434 84.006 82.7103 26.3059 38.3275 
18.4728 63.1552 67.0075 0.0 41.7732 40.9483 17.4648 30.8059 20.346 27.2947 56.1427 67.5876 31.4006 3.60555 49.5782 58.0517 51.8254 54.8179 52.1728 58.0777 
35.0 51.0882 32.2025 41.7732 0.0 7.61577 50.1597 61.9875 34.1321 68.1175 19.2094 42.0476 10.4403 39.2938 88.1192 95.0209 76.1577 51.4782 10.4403 45.2769 
32.7567 43.8634 27.8029 40.9483 7.61577 0.0 48.2701 58.1378 31.257 65.9242 26.1725 49.6588 12.2066 38.9102 89.0449 96.4002 70.8378 58.1378 13.6015 37.7359 
15.5242 47.0751 72.1404 17.4648 50.1597 48.2701 0.0 18.6011 17.4642 18.0 73.4773 83.6027 40.0125 20.8862 47.3897 56.9625 39.4462 69.8878 60.407 54.0594 
28.2312 39.598 77.1298 30.8059 61.9875 58.1378 18.6011 0.0 28.1603 16.5529 79.404 93.1843 52.8867 34.2273 54.7083 64.846 21.0238 83.229 71.5198 47.2017 
3.16228 47.5492 54.6773 20.346 34.1321 31.257 17.4642 28.1603 0.0 34.7131 51.2445 66.2193 24.7386 18.3783 64.8073 76.8854 45.5576 63.0357 44.0 44.4116 
33.2415 55.4437 88.6288 27.2947 68.1175 65.9242 18.0 16.5529 34.7131 0.0 83.3847 92.477 58.0086 30.5941 38.3275 48.5077 34.0588 77.2597 78.3135 62.5255 
51.4198 70.0357 41.0122 56.1427 19.2094 26.1725 73.4773 79.404 51.2445 83.3847 0.0 26.1725 26.5707 53.0377 97.4987 102.724 94.861 44.7772 15.8114 63.6003 
65.2234 92.4835 67.1193 67.5876 42.0476 49.6588 83.6027 93.1843 66.2193 92.477 26.1725 0.0 44.8219 64.2154 96.0469 98.8585 111.38 28.178 41.7732 87.2353 
25.1794 48.4723 40.0 31.4006 10.4403 12.2066 40.0125 52.8867 24.7386 58.0086 26.5707 44.8219 0.0 28.8617 77.8974 84.8901 69.0803 48.0938 20.8806 43.9659 
16.505 64.5987 65.0397 3.60555 39.2938 38.9102 20.8862 34.2273 18.3783 30.5941 53.0377 64.2154 28.8617 0.0 50.6063 58.6941 55.2468 51.4459 49.7293 56.1099 
67.0711 91.8872 115.603 49.5782 88.1192 89.0449 47.3897 54.7083 64.8073 38.3275 97.4987 96.0469 77.8974 50.6063 0.0 10.198 71.4493 71.7008 98.3911 98.8714 
75.0122 101.709 123.434 58.0517 95.0209 96.4002 56.9625 64.846 76.8854 48.5077 102.724 98.8585 84.8901 58.6941 10.198 0.0 81.6149 73.0 105.285 108.693 
46.1591 38.0789 84.006 51.8254 76.1577 70.8378 39.4462 21.0238 45.5576 34.0588 94.861 111.38 69.0803 55.2468 71.4493 81.6149 0.0 104.248 84.4334 47.8539 
62.4246 96.126 82.7103 54.8179 51.4782 58.1378 69.8878 83.229 63.0357 77.2597 44.7772 28.178 48.0938 51.4459 71.7008 73.0 104.248 0.0 56.6127 91.7893 
45.0999 56.0803 26.3059 52.1728 10.4403 13.6015 60.407 71.5198 44.0 78.3135 15.8114 41.7732 20.8806 49.7293 98.3911 105.285 84.4334 56.6127 0.0 48.8365 
46.6759 10.0 38.3275 58.0777 45.2769 37.7359 54.0594 47.2017 44.4116 62.5255 63.6003 87.2353 43.9659 56.1099 98.8714 108.693 47.8539 91.7893 48.8365 0.0 
DEMAND_SCENARIO_SECTION
0 0 0 0 0 0 0 0 0 0 0 0 0 0 0 0 0 0 0 0 0 0 0 0 0 0 0 0 0 0 0 0 0 0 0 0 0 0 0 0 0 0 0 0 0 0 0 0 0 0 
8 2 3 5 2 0 4 4 5 2 2 4 2 0 4 0 5 0 3 1 4 4 3 3 1 0 5 3 5 2 6 3 0 4 2 5 8 0 3 4 6 7 4 3 6 7 4 1 6 4 
8 9 12 6 9 11 9 7 13 7 5 7 5 13 8 13 14 12 12 8 16 13 7 10 7 10 6 4 9 10 7 9 8 6 9 7 8 10 16 9 11 10 9 9 7 4 8 10 12 9 
4 7 4 3 7 6 7 3 6 5 5 6 3 5 2 1 8 6 6 5 2 7 7 3 3 2 0 4 5 4 4 9 4 7 5 4 1 4 7 2 4 6 3 4 3 5 6 2 3 6 
0 2 1 3 1 0 1 0 1 2 1 0 1 1 1 1 1 3 1 4 1 0 2 0 1 1 0 2 2 1 1 2 1 0 1 0 1 2 1 2 0 2 0 1 2 0 1 1 3 2 
4 1 5 5 3 6 5 2 4 6 7 9 6 0 2 2 6 5 6 4 5 2 5 6 5 1 6 3 6 4 6 5 5 6 5 2 5 3 3 4 3 5 4 5 4 10 4 6 2 7 
11 4 10 9 11 12 13 11 10 7 10 9 10 9 4 10 9 10 11 6 7 9 8 7 2 12 5 7 10 13 6 14 6 6 7 4 12 8 1 7 14 5 13 8 6 6 4 9 14 11 
1 8 3 7 5 8 7 5 10 5 5 7 0 5 3 7 3 6 8 1 5 8 5 7 6 6 8 4 3 9 2 3 6 5 4 8 9 3 8 5 4 7 6 2 5 4 7 3 4 2 
0 3 0 1 2 2 2 3 3 1 1 1 1 0 2 2 1 0 1 1 2 1 1 2 1 0 0 1 0 0 1 0 1 1 2 1 3 1 0 0 1 0 1 3 2 1 2 0 0 1 
2 7 4 6 12 9 6 10 7 7 5 3 7 3 9 0 5 7 11 7 8 2 13 8 6 6 14 6 10 8 9 6 8 6 6 3 6 5 8 4 1 10 7 6 10 6 7 6 7 3 
7 8 4 9 3 11 8 10 9 5 10 9 7 5 4 7 6 10 10 9 13 11 5 9 6 7 9 10 10 6 9 7 9 6 6 5 8 12 11 7 7 6 9 8 5 2 11 12 2 9 
7 5 11 1 8 4 4 4 5 8 9 1 7 5 8 2 6 6 5 2 4 7 4 5 7 4 3 6 6 5 4 7 8 7 0 7 3 7 9 7 0 4 3 5 6 9 5 11 5 2 
9 5 11 8 12 9 5 8 4 9 10 10 7 12 5 8 10 8 16 11 5 13 10 12 7 10 12 8 7 8 6 3 9 5 4 9 8 6 9 11 11 12 9 13 7 15 9 7 6 10 
5 13 8 10 16 12 5 8 12 6 11 9 15 8 10 11 12 13 5 11 16 9 9 12 10 9 7 6 13 9 12 8 10 9 15 11 9 9 9 11 13 11 8 13 7 9 11 9 9 11 
2 1 3 3 1 3 4 2 1 2 3 3 2 3 2 4 0 3 3 3 3 3 1 4 3 1 2 4 1 0 0 4 5 2 3 3 0 1 2 2 0 0 2 2 0 2 2 1 2 4 
9 9 0 14 6 12 10 11 5 11 9 9 5 10 9 7 6 12 8 9 8 11 1 8 9 14 10 18 9 10 8 9 10 6 11 10 6 11 8 17 10 6 9 10 6 12 7 9 4 8 
2 2 1 1 1 1 2 3 2 3 0 0 1 2 1 5 0 3 1 4 1 1 0 3 2 1 0 2 3 0 2 0 0 3 5 1 3 2 1 2 2 3 2 2 2 1 2 3 1 0 
2 4 1 1 0 2 2 4 0 0 1 5 0 3 2 3 1 3 3 2 0 2 2 5 2 5 1 2 1 4 0 3 2 3 3 1 3 1 0 0 1 2 0 0 4 2 3 3 2 3 
11 2 8 8 11 3 5 10 5 8 9 6 5 4 4 11 6 5 9 7 3 1 4 10 6 4 10 6 2 5 6 10 10 10 6 6 5 1 8 10 6 4 7 8 5 10 7 7 6 10 
2 0 0 3 1 1 1 1 0 1 0 1 1 0 3 0 1 1 1 1 3 1 1 0 1 0 2 2 1 1 2 0 1 1 1 1 1 1 1 1 0 1 2 5 1 0 0 1 2 2 
DEPOT_SECTION
 1
 -1
EOF
