NAME  : Parada_20_4_0.95_1.00_3
TYPE : SVRP
MODEL : FINITE_SUPPORT
NUMBER_OF_SCENARIOS : 50
DIMENSION : 20
EDGE_WEIGHT_TYPE : MATRIX
CAPACITY : 24
N_VEHICLES : 4
NODE_COORD_SECTION
1 27 102350
2 213520 115310
3 153450 18
4 148880 258290
5 399340 135300
6 189080 165690
7 111090 33056
8 326010 46052
9 206880 112030
10 468950 32707
11 288240 50462
12 80776 123100
13 302050 123800
14 500270 202780
15 452040 146400
16 115780 113930
17 472100 97104
18 62700 245090
19 170740 137320
20 108320 177780
DEMAND_SECTION
1 0.0
2 2.0
3 5.0
4 3.0
5 5.0
6 6.0
7 3.0
8 1.0
9 6.0
10 9.0
11 6.0
12 3.0
13 7.0
14 3.0
15 10.0
16 6.0
17 1.0
18 6.0
19 5.0
20 7.0
DISTANCE_MATRIX
0.0 34.1565 19.1741 43.6011 37.9045 33.3028 21.3503 50.2693 34.7928 42.651 57.7375 43.9582 35.171 51.0876 43.2666 50.3595 37.2156 19.6977 32.1449 67.2618 
34.1565 0.0 29.4561 39.5601 53.1758 38.0132 13.4164 16.6433 1.0 54.5713 64.2806 20.5913 47.239 65.5026 49.2443 27.7308 42.9418 40.4786 6.7082 82.5331 
19.1741 29.4561 0.0 24.6982 52.9599 14.1421 16.2788 45.1856 29.9026 61.3855 39.0 25.093 18.0278 70.2757 62.2538 22.8637 56.281 18.1108 27.9231 75.499 
43.6011 39.5601 24.6982 0.0 77.4472 13.0384 40.3128 46.0 39.2173 85.5115 28.1603 19.4165 25.632 94.763 85.1119 12.1655 78.7142 41.5933 32.8938 95.656 
37.9045 53.1758 52.9599 77.4472 0.0 65.4317 59.4708 67.0971 54.1476 21.2132 80.9186 70.7421 57.4336 18.6011 32.7567 75.5749 30.4631 35.2219 58.1542 29.5466 
33.3028 38.0132 14.1421 13.0384 65.4317 0.0 27.2976 48.7647 38.0 75.4189 26.4764 21.9317 13.6015 82.7475 76.3825 17.0294 70.4097 29.1204 32.0624 82.7074 
21.3503 13.4164 16.2788 40.3128 59.4708 27.2976 0.0 29.1762 13.8924 56.9468 53.4406 22.8603 34.2345 76.7866 52.4686 29.2617 46.0709 27.6586 11.9137 82.2115 
50.2693 16.6433 45.1856 46.0 67.0971 48.7647 29.1762 0.0 15.8114 67.1193 73.437 27.2947 60.0156 79.2275 58.9406 34.0588 53.1507 56.5914 18.6011 96.4545 
34.7928 1.0 29.9026 39.2173 54.1476 38.0 13.8924 15.8114 0.0 55.5428 64.195 20.1246 47.6855 66.4745 50.1199 27.313 43.8292 41.1149 6.32456 83.5049 
42.651 54.5713 61.3855 85.5115 21.2132 75.4189 56.9468 67.1193 55.5428 0.0 97.4231 72.1376 73.3404 15.6205 14.8661 78.539 16.5529 50.3658 59.5498 40.8044 
57.7375 64.2806 39.0 28.1603 80.9186 26.4764 53.4406 73.437 64.195 97.4231 0.0 46.1736 24.0832 98.2344 100.723 39.4588 94.8262 47.3814 58.0775 94.1696 
43.9582 20.5913 25.093 19.4165 70.7421 21.9317 22.8603 27.2947 20.1246 72.1376 46.1736 0.0 34.4093 83.069 67.6594 7.28011 61.2617 42.4056 13.8924 104.819 
35.171 47.239 18.0278 25.632 57.4336 13.6015 34.2345 60.0156 47.6855 73.3404 24.0832 34.4093 0.0 74.7494 77.4998 30.4138 71.694 23.3452 42.2629 72.952 
51.0876 65.5026 70.2757 94.763 18.6011 82.7475 76.7866 79.2275 66.4745 15.6205 98.2344 83.069 74.7494 0.0 30.4138 92.8907 31.9061 52.5377 70.4811 25.9422 
43.2666 49.2443 62.2538 85.1119 32.7567 76.3825 52.4686 58.9406 50.1199 14.8661 100.723 67.6594 77.4998 30.4138 0.0 74.0607 6.40312 56.3459 54.9181 55.6058 
50.3595 27.7308 22.8637 12.1655 75.5749 17.0294 29.2617 34.0588 27.313 78.539 39.4588 7.28011 30.4138 92.8907 74.0607 0.0 67.6631 40.1763 21.0238 94.9362 
37.2156 42.9418 56.281 78.7142 30.4631 70.4097 46.0709 53.1507 43.8292 16.5529 94.8262 61.2617 71.694 31.9061 6.40312 67.6631 0.0 51.2763 48.5489 55.8659 
19.6977 40.4786 18.1108 41.5933 35.2219 29.1204 27.6586 56.5914 41.1149 50.3658 47.3814 42.4056 23.3452 52.5377 56.3459 40.1763 51.2763 0.0 39.3336 55.07 
32.1449 6.7082 27.9231 32.8938 58.1542 32.0624 11.9137 18.6011 6.32456 59.5498 58.0775 13.8924 42.2629 70.4811 54.9181 21.0238 48.5489 39.3336 0.0 93.0061 
67.2618 82.5331 75.499 95.656 29.5466 82.7074 82.2115 96.4545 83.5049 40.8044 94.1696 104.819 72.952 25.9422 55.6058 94.9362 55.8659 55.07 93.0061 0.0 
DEMAND_SCENARIO_SECTION
0 0 0 0 0 0 0 0 0 0 0 0 0 0 0 0 0 0 0 0 0 0 0 0 0 0 0 0 0 0 0 0 0 0 0 0 0 0 0 0 0 0 0 0 0 0 0 0 0 0 
1 2 3 4 3 1 3 1 4 5 2 3 1 4 1 2 3 0 1 1 2 0 3 3 2 4 1 5 4 1 2 1 0 2 1 2 0 0 1 3 3 1 4 3 0 4 4 3 2 2 
3 4 7 6 5 6 6 4 4 1 8 3 8 6 7 4 5 9 7 8 5 4 6 6 13 4 0 7 8 11 7 4 6 4 9 8 5 9 3 0 4 4 6 6 5 5 2 7 8 6 
5 2 6 4 4 5 3 5 1 2 2 1 4 4 5 6 2 4 3 2 3 5 2 6 4 5 4 3 3 6 6 5 4 4 5 2 5 3 3 5 2 3 0 3 2 2 3 4 0 5 
3 8 6 4 9 5 6 4 4 3 9 8 4 5 2 7 6 3 6 5 0 7 3 3 4 4 5 7 2 7 8 3 3 7 3 0 5 7 5 5 5 4 5 4 4 4 8 6 3 3 
5 1 7 9 8 6 5 7 9 6 8 7 3 3 9 8 9 6 4 7 9 5 1 3 5 7 7 7 6 4 11 4 6 2 4 2 4 7 7 5 8 6 6 2 5 7 7 14 5 5 
5 1 1 3 5 4 1 3 3 4 1 2 5 3 2 5 4 4 3 4 2 2 3 2 3 1 4 2 3 1 2 5 2 1 3 2 4 1 3 2 4 5 1 5 2 5 4 2 5 5 
2 0 0 2 0 2 0 1 0 1 0 0 2 2 0 3 1 3 1 0 2 2 1 0 2 1 3 2 1 0 1 1 0 1 1 2 2 1 1 2 0 2 1 2 1 1 0 0 3 1 
6 6 5 8 6 8 8 5 5 5 3 3 4 4 7 4 7 7 7 6 3 6 4 5 5 6 6 8 5 8 7 7 8 8 8 8 8 7 7 9 6 9 4 11 8 4 6 3 8 8 
4 8 8 16 11 6 8 8 7 7 7 4 7 10 6 7 7 9 6 7 9 12 12 8 9 7 5 8 9 7 6 11 9 11 13 7 14 11 10 5 13 7 6 7 9 7 17 4 4 10 
3 7 4 3 8 4 4 2 11 2 10 5 6 4 9 7 5 4 4 7 8 7 6 7 6 4 7 5 6 3 9 1 6 4 8 7 6 6 9 8 6 7 9 5 7 3 4 8 9 5 
3 4 5 2 5 0 4 2 5 2 0 2 2 4 2 3 3 1 4 2 0 2 3 3 5 1 5 4 3 2 7 1 1 7 5 0 4 5 5 1 3 4 6 2 3 3 1 4 3 3 
9 10 10 9 8 0 6 7 9 11 10 8 4 9 6 10 10 7 7 5 13 8 7 3 9 9 7 2 9 9 4 11 8 3 6 7 8 7 3 7 8 12 7 7 4 10 2 5 9 13 
4 5 2 2 5 4 3 3 3 2 3 6 4 3 4 3 3 5 3 3 4 6 0 3 2 2 0 2 4 1 5 2 3 5 4 4 3 5 2 4 6 3 2 4 4 0 5 7 4 5 
5 12 10 9 12 8 10 9 9 12 9 13 9 7 12 11 12 11 11 11 10 12 12 11 14 10 14 11 11 8 12 8 11 5 14 11 11 6 6 7 1 17 9 11 16 9 6 8 3 9 
2 6 5 8 3 6 8 5 8 7 4 5 5 5 7 8 6 6 6 3 5 1 8 3 7 9 8 10 1 4 9 5 6 7 6 8 8 8 5 6 10 5 7 11 3 7 2 6 6 8 
0 1 1 0 1 0 0 2 1 0 1 0 1 2 3 3 1 0 1 0 0 0 2 1 4 1 2 1 0 1 2 1 1 0 1 0 2 1 1 1 2 1 0 0 3 1 2 0 1 1 
8 6 3 2 1 6 6 7 6 9 8 11 3 5 2 9 8 10 10 11 7 6 7 3 5 3 10 2 2 3 5 4 5 8 6 7 8 5 0 4 8 9 8 8 9 5 0 7 5 3 
4 4 6 5 6 9 7 5 8 5 2 7 10 5 4 1 9 2 0 8 2 4 5 5 8 8 5 3 7 3 7 3 5 6 6 2 6 4 6 3 5 9 6 2 5 4 3 5 6 7 
4 0 6 7 6 7 3 4 15 7 7 5 4 10 5 5 7 12 8 10 5 8 6 7 8 9 3 9 2 8 10 6 3 8 6 7 4 5 4 10 4 7 6 13 5 9 5 9 9 4 
DEPOT_SECTION
 1
 -1
EOF
