NAME  : Parada_20_4_0.95_1.00_8
TYPE : SVRP
MODEL : FINITE_SUPPORT
NUMBER_OF_SCENARIOS : 50
DIMENSION : 20
EDGE_WEIGHT_TYPE : MATRIX
CAPACITY : 28
N_VEHICLES : 4
NODE_COORD_SECTION
1 120340 103830
2 275390 230230
3 254240 18
4 105550 441280
5 283770 216530
6 129240 177740
7 53231 2056
8 395620 1723
9 145980 19697
10 273500 70350
11 198220 30097
12 27 224860
13 367850 138880
14 243610 119370
15 178300 330710
16 212300 68489
17 283890 3544
18 118780 298830
19 71549 201030
20 188320 145180
DEMAND_SECTION
1 0.0
2 9.0
3 6.0
4 6.0
5 5.0
6 7.0
7 4.0
8 10.0
9 2.0
10 5.0
11 5.0
12 4.0
13 2.0
14 1.0
15 10.0
16 2.0
17 10.0
18 4.0
19 8.0
20 9.0
DISTANCE_MATRIX
0.0 64.7774 27.7853 57.6281 48.8262 48.683 46.5646 37.8697 18.0278 58.3043 51.8941 54.9378 19.3754 17.0 43.1045 13.0 32.7978 76.941 43.3514 9.43398 
64.7774 0.0 43.8846 86.8332 112.216 35.5106 22.6716 76.5701 80.7554 51.6236 26.6833 70.0643 64.0009 47.8827 51.0392 68.9585 54.0303 12.2066 51.4782 55.3499 
27.7853 43.8846 0.0 61.0328 71.5185 35.5903 25.6719 43.7965 40.0576 47.1302 34.3657 49.8197 30.8833 10.8907 36.0555 28.2607 3.60555 56.0482 33.8655 18.3579 
57.6281 86.8332 61.0328 0.0 64.195 51.3517 69.0652 90.942 50.4777 40.3113 93.0591 106.747 86.1337 70.0594 96.2998 45.2769 58.2409 95.5667 35.3553 61.8548 
48.8262 112.216 71.5185 64.195 0.0 84.4312 89.9895 66.8415 31.8277 89.1964 100.556 84.214 56.8595 65.7493 86.6833 43.2782 70.9202 123.811 75.2396 58.2495 
48.683 35.5106 35.5903 51.3517 84.4312 0.0 20.6936 77.6839 54.5982 21.2603 45.7411 79.1204 64.7707 45.8618 61.5451 42.573 32.4724 44.9444 16.0312 53.329 
46.5646 22.6716 25.6719 69.0652 89.9895 20.6936 0.0 59.2564 58.5286 41.3415 25.4951 58.5235 46.3432 29.67 40.7063 46.7317 31.8034 34.6554 35.9938 37.1372 
37.8697 76.5701 43.7965 90.942 66.8415 77.6839 59.2564 0.0 44.9473 90.3075 55.8262 32.318 21.7648 34.6627 35.3019 45.6686 47.3961 88.3449 77.0428 37.3971 
18.0278 80.7554 40.0576 50.4777 31.8277 54.5982 58.5286 44.9473 0.0 62.3939 69.857 63.0635 29.0172 34.9285 60.075 12.083 39.4592 92.3497 47.5184 27.313 
58.3043 51.6236 47.1302 40.3113 89.1964 21.2603 41.3415 90.3075 62.3939 0.0 66.3702 96.3452 77.3943 57.4017 82.193 51.0392 44.0123 58.0345 15.0 64.8689 
51.8941 26.6833 34.3657 93.0591 100.556 45.7411 25.4951 55.8262 69.857 66.3702 0.0 44.1022 45.2889 34.9285 25.318 62.3883 36.0555 36.0139 60.3948 42.5441 
54.9378 70.0643 49.8197 106.747 84.214 79.1204 58.5235 32.318 63.0635 96.3452 44.1022 0.0 36.2353 41.7253 19.0263 62.7368 53.4135 80.0999 83.0805 45.0972 
19.3754 64.0009 30.8833 86.1337 56.8595 64.7707 46.3432 21.7648 29.0172 77.3943 45.2889 36.2353 0.0 21.7495 31.0644 27.1743 34.4829 75.9279 64.1296 24.4839 
17.0 47.8827 10.8907 70.0594 65.7493 45.8618 29.67 34.6627 34.9285 57.4017 34.9285 41.7253 21.7495 0.0 30.0832 27.1662 14.4903 60.0463 44.137 7.61577 
43.1045 51.0392 36.0555 96.2998 86.6833 61.5451 40.7063 35.3019 60.075 82.193 25.318 19.0263 31.0644 30.0832 0.0 55.5788 39.4081 61.2046 69.911 35.9026 
13.0 68.9585 28.2607 45.2769 43.2782 42.573 46.7317 45.6686 12.083 51.0392 62.3883 62.7368 27.1743 27.1662 55.5788 0.0 27.6623 80.5113 36.0555 20.0 
32.7978 54.0303 3.60555 58.2409 70.9202 32.4724 31.8034 47.3961 39.4592 44.0123 36.0555 53.4135 34.4829 14.4903 39.4081 27.6623 0.0 65.6245 30.7476 21.9575 
76.941 12.2066 56.0482 95.5667 123.811 44.9444 34.6554 88.3449 92.3497 58.0345 36.0139 80.0999 75.9279 60.0463 61.2046 80.5113 65.6245 0.0 60.4401 67.5135 
43.3514 51.4782 33.8655 35.3553 75.2396 16.0312 35.9938 77.0428 47.5184 15.0 60.3948 83.0805 64.1296 44.137 69.911 36.0555 30.7476 60.4401 0.0 51.6042 
9.43398 55.3499 18.3579 61.8548 58.2495 53.329 37.1372 37.3971 27.313 64.8689 42.5441 45.0972 24.4839 7.61577 35.9026 20.0 21.9575 67.5135 51.6042 0.0 
DEMAND_SCENARIO_SECTION
0 0 0 0 0 0 0 0 0 0 0 0 0 0 0 0 0 0 0 0 0 0 0 0 0 0 0 0 0 0 0 0 0 0 0 0 0 0 0 0 0 0 0 0 0 0 0 0 0 0 
13 8 9 11 8 10 8 8 6 16 10 10 11 9 6 4 8 9 8 6 6 2 13 13 8 7 10 10 6 10 14 10 9 3 9 6 9 8 13 14 13 8 13 9 10 7 3 10 7 7 
10 10 9 7 7 5 9 5 6 7 8 12 4 6 1 8 3 2 6 9 2 5 5 2 4 5 7 5 7 7 6 2 1 3 8 6 8 5 3 5 7 8 4 8 7 9 3 6 4 9 
6 8 3 2 8 9 3 3 1 0 4 7 7 7 3 7 4 6 0 6 5 9 4 7 6 9 8 6 8 6 6 8 7 6 6 7 9 3 1 4 2 5 8 1 5 7 9 6 6 8 
4 5 6 3 5 3 6 4 2 3 7 2 8 9 0 7 4 7 3 4 2 7 5 4 3 5 3 4 5 3 2 8 4 8 5 5 2 6 4 3 2 5 7 4 5 5 4 8 2 7 
10 9 6 5 11 6 8 4 8 7 8 6 6 3 9 3 5 6 9 5 6 10 5 8 4 7 8 8 9 7 8 2 2 4 10 9 2 1 7 7 0 4 6 11 8 7 8 7 3 4 
5 2 4 7 6 6 6 5 2 0 6 3 4 4 2 6 4 3 3 6 3 6 4 2 5 3 1 3 4 5 5 3 5 4 4 4 1 5 4 5 4 5 4 1 2 4 2 5 1 0 
4 15 11 11 10 13 15 10 12 9 8 11 10 12 11 8 11 8 14 12 12 1 5 3 10 12 14 11 14 11 12 13 15 10 12 13 10 7 18 11 12 13 10 11 8 8 8 11 7 9 
0 2 4 0 3 2 2 4 2 0 2 3 5 4 2 1 1 4 1 1 1 4 2 2 0 5 2 2 2 3 4 3 0 2 3 3 2 2 2 2 2 3 3 2 1 4 1 2 0 0 
4 7 7 8 1 4 9 3 8 6 4 3 5 3 8 7 3 6 4 6 7 7 4 8 8 4 6 3 1 4 1 9 0 4 2 6 6 5 5 5 4 7 3 3 1 7 3 4 8 6 
7 3 3 3 5 7 4 6 8 6 5 8 6 4 6 5 3 7 5 4 6 3 5 3 9 4 5 9 2 4 3 1 1 5 8 4 4 0 7 9 6 5 5 4 4 4 2 5 6 6 
5 6 3 5 5 6 4 6 2 6 4 6 4 3 6 6 3 7 4 5 3 1 0 3 1 3 4 3 5 4 2 3 6 3 8 1 5 6 2 3 3 3 5 3 0 4 4 1 5 4 
4 1 1 3 2 3 0 3 3 3 5 0 0 1 0 2 1 3 0 2 0 3 1 2 3 0 3 3 3 4 0 2 0 2 0 3 3 3 3 3 2 4 1 3 2 0 2 3 1 0 
0 0 0 3 1 0 1 2 1 1 2 1 1 2 1 2 0 1 2 2 0 1 2 0 2 1 0 0 2 0 2 1 1 1 1 0 1 0 0 0 0 2 0 0 2 1 0 1 2 1 
5 14 10 12 12 13 3 8 13 11 7 11 7 13 9 12 11 8 10 15 11 11 11 9 10 12 11 11 14 9 9 13 6 7 9 11 10 4 14 13 3 7 8 10 8 14 7 5 11 5 
3 1 2 0 1 3 2 2 0 2 0 2 2 2 2 3 3 2 1 2 1 5 2 1 1 3 1 3 1 2 4 1 0 0 2 0 2 1 3 3 1 1 0 4 3 2 2 1 3 2 
10 3 8 10 8 9 14 6 10 8 11 10 15 6 16 10 15 11 10 11 12 16 11 7 15 14 9 9 8 8 6 12 6 7 14 7 12 12 16 13 15 11 10 5 12 13 16 7 12 9 
1 5 5 5 2 0 5 4 2 5 4 9 6 3 2 5 3 5 4 3 3 3 3 3 2 5 3 8 0 6 5 0 4 6 3 5 7 0 2 4 0 3 4 7 5 5 4 2 7 5 
7 9 13 7 9 5 7 0 7 6 7 11 8 11 3 7 8 11 6 7 11 12 10 9 8 7 3 14 10 6 5 13 7 6 2 9 5 8 13 7 8 6 8 8 7 8 12 10 5 12 
13 9 4 12 8 8 7 11 7 8 10 5 9 9 5 8 7 1 14 14 9 8 2 10 10 13 14 9 6 14 7 5 2 8 4 5 7 8 11 10 12 16 9 7 7 13 7 2 11 7 
DEPOT_SECTION
 1
 -1
EOF
