NAME  : Parada_20_4_0.95_1.00_2
TYPE : SVRP
MODEL : FINITE_SUPPORT
NUMBER_OF_SCENARIOS : 50
DIMENSION : 20
EDGE_WEIGHT_TYPE : MATRIX
CAPACITY : 25
N_VEHICLES : 4
NODE_COORD_SECTION
1 46401 156110
2 358450 200330
3 264790 66615
4 127220 352930
5 300790 193350
6 124940 225980
7 50838 18
8 397610 29421
9 172980 53362
10 256330 103540
11 242540 30458
12 27 170070
13 345640 184950
14 308510 154150
15 247270 273080
16 202760 75784
17 266800 144100
18 208600 213180
19 204810 188650
20 96351 276930
DEMAND_SECTION
1 0.0
2 3.0
3 2.0
4 9.0
5 8.0
6 10.0
7 1.0
8 8.0
9 3.0
10 3.0
11 2.0
12 4.0
13 8.0
14 6.0
15 1.0
16 3.0
17 6.0
18 9.0
19 6.0
20 4.0
DISTANCE_MATRIX
0.0 43.5272 39.157 20.7762 22.8618 52.366 46.1749 36.7384 60.158 45.406 67.3658 59.928 20.3961 47.0106 44.2832 58.5639 33.541 34.8361 33.6155 15.544 
43.5272 0.0 39.0512 21.2603 59.2867 80.9111 84.5957 63.9945 84.6647 24.0832 91.2963 89.7324 35.6098 46.5296 36.6879 15.5563 38.4852 23.7697 31.5802 52.3339 
39.157 39.0512 0.0 25.0 42.1441 59.1231 79.8436 75.5272 60.208 62.9682 65.521 93.5967 55.6597 8.24621 73.0275 52.9245 67.6831 60.0 64.4981 48.7253 
20.7762 21.2603 25.0 0.0 37.1213 59.2318 62.489 57.2088 63.4111 42.125 70.0426 76.2421 30.6757 33.2415 49.2544 36.7967 42.7551 36.7614 40.0125 31.3707 
22.8618 59.2867 42.1441 37.1213 0.0 30.3719 38.4187 42.3358 37.6431 66.6663 44.8219 53.0754 40.2601 46.5447 65.0918 74.6884 52.9245 56.0964 54.2803 21.3178 
52.366 80.9111 59.1231 59.2318 30.3719 0.0 38.0789 61.5513 16.2788 96.1703 23.0868 52.2015 69.3381 61.6818 94.334 96.3128 81.2982 85.6004 83.5271 50.822 
46.1749 84.5957 79.8436 62.489 38.4187 38.0789 0.0 23.3452 53.3385 80.3861 59.0339 15.0 52.0057 84.2243 70.7892 90.8828 56.0806 69.2224 62.0968 45.1183 
36.7384 63.9945 75.5272 57.2088 42.3358 61.5513 23.3452 0.0 69.9558 59.2115 76.4894 26.3059 31.257 83.1686 48.7032 69.858 34.2053 48.0937 40.6079 41.5026 
60.158 84.6647 60.208 63.4111 37.6431 16.2788 53.3385 69.9558 0.0 103.962 7.2111 66.7083 77.3886 61.131 102.343 100.178 89.5545 93.3925 91.526 58.614 
45.406 24.0832 62.9682 42.125 66.6663 96.1703 80.3861 59.2115 103.962 0.0 111.17 85.4751 29.4109 70.5762 17.0294 15.8114 26.3059 11.1803 19.105 59.3485 
67.3658 91.2963 65.521 70.0426 44.8219 23.0868 59.0339 76.4894 7.2111 111.17 0.0 71.8471 84.5991 65.7647 109.554 106.809 96.7471 100.6 98.737 65.8218 
59.928 89.7324 93.5967 76.2421 53.0754 52.2015 15.0 26.3059 66.7083 85.4751 71.8471 0.0 57.1423 99.0839 74.7262 96.0184 60.4152 74.3303 66.9104 58.8714 
20.3961 35.6098 55.6597 30.6757 40.2601 69.3381 52.0057 31.257 77.3886 29.4109 84.5991 57.1423 0.0 63.8905 25.0 39.6104 13.1529 18.3848 14.2127 32.9422 
47.0106 46.5296 8.24621 33.2415 46.5447 61.6818 84.2243 83.1686 61.131 70.5762 65.7647 99.0839 63.8905 0.0 81.1014 59.7746 75.9276 68.0294 72.6911 56.0408 
44.2832 36.6879 73.0275 49.2544 65.0918 94.334 70.7892 48.7032 102.343 17.0294 109.554 74.7262 25.0 81.1014 0.0 32.5576 14.7648 13.1529 10.8167 57.774 
58.5639 15.5563 52.9245 36.7967 74.6884 96.3128 90.8828 69.858 100.178 15.8114 106.809 96.0184 39.6104 59.7746 32.5576 0.0 38.9102 22.8254 31.7648 67.3706 
33.541 38.4852 67.6831 42.7551 52.9245 81.2982 56.0806 34.2053 89.5545 26.3059 96.7471 60.4152 13.1529 75.9276 14.7648 38.9102 0.0 16.1555 7.28011 45.6264 
34.8361 23.7697 60.0 36.7614 56.0964 85.6004 69.2224 48.0937 93.3925 11.1803 100.6 74.3303 18.3848 68.0294 13.1529 22.8254 16.1555 0.0 8.94427 48.7786 
33.6155 31.5802 64.4981 40.0125 54.2803 83.5271 62.0968 40.6079 91.526 19.105 98.737 66.9104 14.2127 72.6911 10.8167 31.7648 7.28011 8.94427 0.0 46.9625 
15.544 52.3339 48.7253 31.3707 21.3178 50.822 45.1183 41.5026 58.614 59.3485 65.8218 58.8714 32.9422 56.0408 57.774 67.3706 45.6264 48.7786 46.9625 0.0 
DEMAND_SCENARIO_SECTION
0 0 0 0 0 0 0 0 0 0 0 0 0 0 0 0 0 0 0 0 0 0 0 0 0 0 0 0 0 0 0 0 0 0 0 0 0 0 0 0 0 0 0 0 0 0 0 0 0 0 
1 0 3 0 3 2 6 3 4 0 2 2 4 1 2 1 2 4 4 2 4 6 3 3 1 2 3 3 3 1 1 3 5 5 1 3 3 2 2 5 1 1 1 1 6 8 6 3 3 2 
1 1 3 2 0 3 3 4 1 4 3 2 1 3 2 2 2 2 2 2 3 3 2 3 2 2 3 1 0 1 0 4 0 1 4 1 2 2 3 1 0 0 3 2 4 1 1 3 4 1 
7 9 9 6 8 12 8 9 9 12 12 9 10 7 10 4 13 11 7 8 11 12 15 6 11 4 5 7 14 8 8 8 4 7 4 10 5 15 9 7 9 9 11 12 9 11 9 11 11 13 
10 8 9 7 6 8 10 6 7 14 8 11 6 10 10 2 5 12 5 6 9 11 9 10 5 10 6 9 7 7 8 7 6 15 9 11 6 7 7 8 6 11 9 10 11 3 10 9 8 5 
11 8 6 9 11 9 9 13 11 7 4 12 15 8 12 17 9 9 6 5 6 2 8 12 14 6 10 9 11 13 0 12 7 14 3 14 10 6 6 9 9 7 12 13 10 11 11 11 13 10 
0 0 3 2 0 0 1 0 2 0 2 1 0 2 2 0 2 0 2 2 0 2 0 1 0 2 3 1 2 3 2 2 1 2 0 2 1 2 0 0 0 1 1 0 1 1 0 0 0 1 
5 4 8 6 9 6 11 8 12 12 2 10 7 14 9 10 8 11 10 6 11 6 10 9 7 12 5 7 11 8 9 11 9 11 12 6 3 12 11 10 7 10 4 8 2 5 14 7 8 8 
0 5 1 4 0 5 4 1 6 3 5 4 5 0 2 3 2 5 3 3 2 0 3 0 2 5 6 4 3 6 5 5 6 3 2 5 5 3 2 3 4 1 6 2 3 3 3 3 3 3 
5 0 1 3 4 3 3 4 3 3 4 2 5 5 4 4 3 2 3 3 4 2 2 0 2 4 6 4 3 4 1 4 5 5 5 2 1 3 6 5 4 4 4 3 3 0 2 3 8 1 
4 0 2 0 1 3 2 4 3 3 1 2 4 0 1 2 0 2 1 4 1 2 1 2 1 4 0 2 0 2 3 0 2 0 4 2 1 2 0 2 2 2 2 2 2 2 4 2 1 1 
4 8 4 4 7 6 3 2 6 4 0 2 2 2 2 3 1 2 4 4 6 6 3 4 3 2 1 2 4 2 4 0 2 0 1 8 4 1 2 0 8 0 2 0 5 5 5 5 3 5 
8 10 7 8 8 7 4 8 11 2 9 12 10 13 9 5 10 6 5 8 5 11 9 11 11 10 7 7 6 11 15 5 11 8 10 4 8 1 8 6 8 9 4 10 16 4 10 5 5 6 
3 7 6 6 7 5 8 0 0 9 9 4 6 7 5 4 5 2 10 10 3 7 8 7 2 5 8 7 5 7 8 4 9 8 7 4 9 4 7 4 3 12 6 8 3 5 11 6 5 6 
1 1 1 2 3 1 1 1 1 2 2 2 2 0 1 1 1 2 0 1 0 1 0 2 0 0 1 1 1 2 1 0 1 1 2 0 1 1 2 1 2 3 0 2 0 1 0 2 1 1 
2 3 4 4 3 0 2 1 0 3 1 2 7 3 4 5 4 3 5 5 2 6 3 3 1 2 2 1 2 6 4 6 3 1 3 1 2 1 3 3 4 0 7 2 3 5 1 4 1 2 
3 4 1 9 6 3 0 6 5 8 9 6 6 2 3 6 5 5 4 8 7 6 6 5 5 6 8 9 5 6 6 4 9 5 10 4 4 4 3 5 9 9 4 3 6 7 4 7 9 5 
5 12 9 5 8 8 5 11 9 8 6 7 9 9 9 11 9 10 7 7 8 6 15 11 3 7 12 7 10 6 11 6 8 12 13 13 12 6 8 8 13 13 7 10 8 8 12 9 5 7 
6 10 6 6 3 4 5 3 3 4 7 8 5 5 8 7 8 6 7 7 4 6 4 3 8 7 5 5 7 2 6 6 7 3 3 2 5 4 6 6 12 9 11 7 2 5 8 10 4 3 
6 6 6 4 1 3 1 3 3 2 3 7 1 1 1 1 1 2 4 2 7 1 6 2 5 1 7 5 0 5 3 3 3 4 2 2 6 7 4 3 7 4 0 4 3 3 3 6 3 3 
DEPOT_SECTION
 1
 -1
EOF
