NAME  : Parada_20_4_0.95_1.00_5
TYPE : SVRP
MODEL : FINITE_SUPPORT
NUMBER_OF_SCENARIOS : 50
DIMENSION : 20
EDGE_WEIGHT_TYPE : MATRIX
CAPACITY : 23
N_VEHICLES : 4
NODE_COORD_SECTION
1 27 294280
2 170520 275080
3 143430 18
4 18451 413070
5 319890 248100
6 65456 278020
7 28075 189730
8 191740 295940
9 122900 65443
10 304970 79573
11 256850 92851
12 82017 285660
13 409630 217480
14 263210 345840
15 172550 508260
16 117390 283940
17 407090 18892
18 75486 402130
19 68625 376470
20 132300 349150
DEMAND_SECTION
1 0.0
2 10.0
3 7.0
4 2.0
5 5.0
6 8.0
7 7.0
8 2.0
9 5.0
10 6.0
11 5.0
12 8.0
13 5.0
14 2.0
15 3.0
16 2.0
17 6.0
18 4.0
19 1.0
20 1.0
DISTANCE_MATRIX
0.0 48.4149 37.054 12.0416 44.4963 30.4618 20.2649 24.3311 50.5668 37.0135 59.0957 53.0754 55.4617 22.8035 37.1214 12.0416 63.21 23.4356 28.2385 32.28 
48.4149 0.0 32.0156 50.8128 56.4358 53.6004 40.2616 68.4105 51.6236 60.8769 81.3941 9.21954 88.2043 25.6125 85.4512 57.3149 52.1536 70.2166 75.0195 78.6448 
37.054 32.0156 0.0 46.3249 67.424 57.2713 43.909 46.5296 21.0238 30.4138 90.0867 41.0122 90.9061 24.8395 71.8551 39.2938 73.8173 52.2023 56.921 57.7062 
12.0416 50.8128 46.3249 0.0 42.6704 28.636 18.4391 33.7047 61.7738 49.0408 61.3505 54.0414 45.0994 26.4764 38.6368 22.1359 61.3842 32.1378 36.9407 40.9822 
44.4963 56.4358 67.424 42.6704 0.0 32.015 24.3216 69.3793 86.3713 79.1018 25.02 54.037 34.5398 42.72 57.2481 56.5377 24.1868 67.8123 72.6153 76.6568 
30.4618 53.6004 57.2713 28.636 32.015 0.0 14.1421 55.3449 74.6324 65.0673 33.4258 53.9507 35.0571 33.9559 43.3412 43.7852 54.4338 53.7779 58.5809 62.6223 
20.2649 40.2616 43.909 18.4391 24.3216 14.1421 0.0 44.5749 62.3699 54.5619 46.8514 41.5933 49.163 19.9249 53.5095 32.3063 44.4742 43.581 48.3839 52.4254 
24.3311 68.4105 46.5296 33.7047 69.3793 55.3449 44.5749 0.0 50.0899 27.4591 78.9948 74.6257 68.8322 43.909 29.8329 12.3693 87.52 11.4018 13.6015 11.1803 
50.5668 51.6236 21.0238 61.7738 86.3713 74.6324 62.3699 50.0899 0.0 24.3516 107.349 60.8276 106.026 44.8219 79.1012 47.8539 94.578 59.1354 63.0079 60.531 
37.0135 60.8769 30.4138 49.0408 79.1018 65.0673 54.5619 27.4591 24.3516 0.0 94.5596 69.2315 91.0231 43.2897 57.2713 29.4109 92.9219 37.9473 41.0 37.0 
59.0957 81.3941 90.0867 61.3505 25.02 33.4258 46.8514 78.9948 107.349 94.5596 0.0 79.0063 15.6525 65.6386 55.9017 67.0626 42.0595 77.0554 68.4994 75.8313 
53.0754 9.21954 41.0122 54.0414 54.037 53.9507 41.5933 74.6257 60.8276 69.2315 79.0063 0.0 87.2983 30.8058 89.9297 63.0079 46.0977 75.6906 80.4936 84.4038 
55.4617 88.2043 90.9061 45.0994 34.5398 35.0571 49.163 68.8322 106.026 91.0231 15.6525 87.2983 0.0 68.7314 44.3847 63.2797 55.6058 66.8927 57.7576 65.0895 
22.8035 25.6125 24.8395 26.4764 42.72 33.9559 19.9249 43.909 44.8219 43.2897 65.6386 30.8058 68.7314 0.0 59.8526 32.2025 50.3187 44.9232 49.7261 53.6004 
37.1214 85.4512 71.8551 38.6368 57.2481 43.3412 53.5095 29.8329 79.1012 57.2713 55.9017 89.9297 44.3847 59.8526 0.0 32.7603 81.3992 20.0 16.2788 22.4722 
12.0416 57.3149 39.2938 22.1359 56.5377 43.7852 32.3063 12.3693 47.8539 29.4109 67.0626 63.0079 63.2797 32.2025 32.7603 0.0 75.2515 13.1111 17.914 21.4009 
63.21 52.1536 73.8173 61.3842 24.1868 54.4338 44.4742 87.52 94.578 92.9219 42.0595 46.0977 55.6058 50.3187 81.3992 75.2515 0.0 86.5261 91.3291 95.3705 
23.4356 70.2166 52.2023 32.1378 67.8123 53.7779 43.581 11.4018 59.1354 37.9473 77.0554 75.6906 66.8927 44.9232 20.0 13.1111 86.5261 0.0 5.0 12.0416 
28.2385 75.0195 56.921 36.9407 72.6153 58.5809 48.3839 13.6015 63.0079 41.0 68.4994 80.4936 57.7576 49.7261 16.2788 17.914 91.3291 5.0 0.0 9.48683 
32.28 78.6448 57.7062 40.9822 76.6568 62.6223 52.4254 11.1803 60.531 37.0 75.8313 84.4038 65.0895 53.6004 22.4722 21.4009 95.3705 12.0416 9.48683 0.0 
DEMAND_SCENARIO_SECTION
0 0 0 0 0 0 0 0 0 0 0 0 0 0 0 0 0 0 0 0 0 0 0 0 0 0 0 0 0 0 0 0 0 0 0 0 0 0 0 0 0 0 0 0 0 0 0 0 0 0 
16 7 6 12 6 7 7 9 8 15 14 13 10 11 9 13 14 11 8 15 10 10 8 13 9 9 7 7 10 11 3 14 5 9 5 12 11 6 8 9 12 11 9 1 11 14 15 5 7 12 
11 9 5 4 6 7 7 5 8 8 5 7 9 8 7 8 8 13 4 2 5 0 11 8 9 9 9 1 9 9 9 1 4 5 3 7 8 10 14 7 8 4 8 2 7 8 10 4 9 10 
2 1 0 2 2 1 2 5 0 1 1 1 2 4 1 2 2 1 3 0 2 0 2 0 4 4 2 0 3 0 0 3 0 3 2 2 2 3 4 0 2 0 6 2 2 4 0 0 0 3 
4 5 2 1 4 7 6 5 7 7 5 9 6 6 5 6 2 1 6 3 7 6 1 7 7 3 8 5 6 9 4 4 6 4 5 6 7 7 2 2 4 3 6 6 4 4 2 5 2 3 
0 7 10 6 7 5 8 11 10 6 10 5 10 5 6 10 15 10 7 12 5 15 15 9 7 11 8 3 6 6 6 5 9 8 10 4 6 10 1 8 12 7 7 4 10 10 7 10 11 9 
13 3 7 10 9 8 10 7 4 6 7 3 4 10 12 4 4 10 8 8 9 6 7 10 4 6 10 5 7 8 5 6 6 2 7 8 10 13 7 9 7 9 3 9 5 7 7 7 7 7 
4 2 1 4 2 4 2 0 1 3 2 2 2 5 2 0 2 3 2 2 0 2 2 3 4 0 2 1 2 2 4 1 3 4 3 2 5 2 5 2 0 0 3 3 1 4 2 2 2 2 
9 6 3 5 5 4 4 3 7 1 5 6 2 9 7 5 5 6 5 6 6 7 5 5 5 2 4 5 5 3 8 5 7 9 4 7 7 3 9 5 2 9 6 3 8 5 0 6 5 6 
6 7 5 6 8 5 11 7 6 7 7 7 6 8 14 7 5 5 10 4 4 5 5 5 5 4 5 9 5 3 6 7 8 8 1 7 11 3 6 2 6 5 6 5 7 7 5 6 8 4 
1 10 5 6 4 4 5 9 5 4 8 7 5 4 8 9 6 6 3 5 4 7 5 3 4 5 2 3 4 4 9 9 6 6 7 3 7 5 6 6 2 2 5 8 4 6 4 4 8 5 
10 4 9 14 11 10 15 8 8 8 8 7 8 5 6 8 6 5 13 10 7 6 7 5 4 11 8 6 8 4 12 8 9 15 5 12 11 9 4 8 8 7 6 9 4 11 2 8 9 10 
4 4 6 6 9 7 7 7 2 3 6 8 4 2 9 3 5 6 7 4 3 0 5 7 4 7 6 7 6 5 2 4 6 4 10 7 2 6 3 4 5 5 4 6 3 5 6 7 5 8 
3 0 3 2 3 2 1 2 2 2 1 3 1 2 1 0 3 2 3 1 0 4 2 4 3 4 0 0 4 3 4 2 4 3 2 4 3 2 4 2 3 2 0 2 5 7 2 1 1 0 
1 2 4 2 4 4 2 5 2 3 6 4 6 2 3 4 3 4 5 0 3 3 1 4 3 3 1 3 6 4 1 2 1 3 1 4 3 1 1 2 5 3 3 3 3 5 1 4 4 3 
1 0 1 2 1 4 1 1 2 1 0 4 3 2 3 2 4 3 4 1 3 3 4 3 1 1 0 2 3 1 4 3 2 0 1 2 1 3 0 0 3 1 2 3 2 1 2 2 1 2 
6 6 9 6 4 4 10 6 6 6 6 8 8 1 7 10 7 7 7 6 6 6 5 3 7 3 0 8 9 4 7 8 6 6 2 5 7 5 7 5 11 9 8 6 11 7 2 5 3 5 
10 6 2 3 1 5 3 5 5 4 3 7 1 4 9 4 5 5 2 1 5 0 5 3 7 5 5 4 6 6 4 4 5 2 4 7 5 2 5 4 7 5 6 3 4 3 6 0 6 3 
3 0 2 1 0 3 1 0 1 1 1 0 0 3 2 0 1 3 2 1 1 2 2 2 2 1 1 2 1 1 0 0 2 2 1 0 0 2 2 1 0 0 2 2 0 0 4 0 2 1 
0 0 1 0 1 0 0 1 0 1 0 0 0 0 0 1 0 1 1 0 1 2 1 2 1 0 1 2 2 1 1 1 1 0 0 2 0 1 1 3 0 2 2 1 2 3 2 2 1 2 
DEPOT_SECTION
 1
 -1
EOF
