NAME  : Parada_20_4_0.95_1.00_4
TYPE : SVRP
MODEL : FINITE_SUPPORT
NUMBER_OF_SCENARIOS : 50
DIMENSION : 20
EDGE_WEIGHT_TYPE : MATRIX
CAPACITY : 28
N_VEHICLES : 4
NODE_COORD_SECTION
1 59633 80610
2 319240 118470
3 104220 54636
4 90975 454480
5 250450 216170
6 174200 278360
7 21589 1717
8 317800 37807
9 208090 234730
10 286100 43834
11 149080 18
12 27 199620
13 395120 217690
14 242390 275630
15 176360 431250
16 179650 97673
17 232890 168370
18 164900 232770
19 31243 355140
20 92069 124190
DEMAND_SECTION
1 0.0
2 1.0
3 8.0
4 8.0
5 2.0
6 3.0
7 5.0
8 4.0
9 8.0
10 6.0
11 9.0
12 1.0
13 6.0
14 9.0
15 9.0
16 9.0
17 5.0
18 3.0
19 4.0
20 10.0
DISTANCE_MATRIX
0.0 28.1869 8.06226 56.6228 45.0488 27.4591 24.4353 18.1108 34.0147 22.4722 46.0435 37.7359 41.3398 30.8058 57.9757 51.614 47.1393 48.6542 43.1276 6.32456 
28.1869 0.0 33.3199 84.7955 55.6017 55.5702 50.7326 15.0333 62.1917 9.21954 30.8869 51.0882 13.1613 55.0932 29.5296 62.3699 53.1623 49.3964 46.7283 33.0623 
8.06226 33.3199 0.0 62.4833 53.0903 33.2415 32.4971 18.0278 38.833 20.0 45.3982 35.3023 44.2022 34.4384 60.8381 48.7484 55.1809 54.1202 39.3821 9.21954 
56.6228 84.7955 62.4833 0.0 64.0 29.2426 37.5899 73.5033 26.0 78.7164 95.7549 58.6941 97.9485 32.8938 114.584 68.0074 71.0634 78.5175 80.3617 53.2843 
45.0488 55.6017 53.0903 64.0 0.0 57.3524 35.8469 42.5 59.5129 46.384 46.1411 79.9312 68.3829 62.0988 81.6149 94.0691 7.61577 16.6433 87.6776 49.4065 
27.4591 55.5702 33.2415 29.2426 57.3524 0.0 27.5378 44.4688 8.06226 49.6488 71.0736 36.1386 66.542 10.6301 83.1779 48.8467 62.7661 61.7348 54.231 24.0416 
24.4353 50.7326 32.4971 37.5899 35.8469 27.5378 0.0 39.4404 24.5139 44.6535 58.3246 54.7394 63.8855 36.4078 79.8321 68.8066 40.8534 45.8912 65.5276 26.7206 
18.1108 15.0333 18.0278 73.5033 42.5 44.4688 39.4404 0.0 51.5461 6.7082 28.0 53.2312 28.162 48.8365 43.6578 66.6773 40.0606 36.6633 54.5766 24.0 
34.0147 62.1917 38.833 26.0 59.5129 8.06226 24.5139 51.5461 0.0 56.4624 78.7052 34.0147 71.1017 7.07107 87.7376 45.3542 64.9266 69.7962 54.5711 29.6816 
22.4722 9.21954 20.0 78.7164 46.384 49.6488 44.6535 6.7082 56.4624 0.0 25.7099 54.358 22.0979 53.1601 37.0 66.7308 43.9446 40.3113 50.6758 27.6586 
46.0435 30.8869 45.3982 95.7549 46.1411 71.0736 58.3246 28.0 78.7052 25.7099 0.0 80.0574 40.8647 76.531 43.0116 92.3472 40.3113 32.28 74.4318 52.0 
37.7359 51.0882 35.3023 58.6941 79.9312 36.1386 54.7394 53.2312 34.0147 54.358 80.0574 0.0 44.1026 27.074 68.9493 14.1421 82.8794 84.6542 23.6008 31.6228 
41.3398 13.1613 44.2022 97.9485 68.3829 66.542 63.8855 28.162 71.1017 22.0979 40.8647 44.1026 0.0 65.9756 29.0 54.4518 65.9328 61.821 34.0 44.1311 
30.8058 55.0932 34.4384 32.8938 62.0988 10.6301 36.4078 48.8365 7.07107 53.1601 76.531 27.074 65.9756 0.0 81.4928 38.8973 66.3186 70.5195 47.5395 25.632 
57.9757 29.5296 60.8381 114.584 81.6149 83.1779 79.8321 43.6578 87.7376 37.0 43.0116 68.9493 29.0 81.4928 0.0 76.1183 78.0577 72.111 51.1566 60.7671 
51.614 62.3699 48.7484 68.0074 94.0691 48.8467 68.8066 66.6773 45.3542 66.7308 92.3472 14.1421 54.4518 38.8973 76.1183 0.0 97.0 98.6913 25.632 45.607 
47.1393 53.1623 55.1809 71.0634 7.61577 62.7661 40.8534 40.0606 64.9266 43.9446 40.3113 82.8794 65.9328 66.3186 78.0577 97.0 0.0 9.21954 89.7681 51.6236 
48.6542 49.3964 54.1202 78.5175 16.6433 61.7348 45.8912 36.6633 69.7962 40.3113 32.28 84.6542 61.821 70.5195 72.111 98.6913 9.21954 0.0 89.3468 53.1395 
43.1276 46.7283 39.3821 80.3617 87.6776 54.231 65.5276 54.5766 54.5711 50.6758 74.4318 23.6008 34.0 47.5395 51.1566 25.632 89.7681 89.3468 0.0 38.8973 
6.32456 33.0623 9.21954 53.2843 49.4065 24.0416 26.7206 24.0 29.6816 27.6586 52.0 31.6228 44.1311 25.632 60.7671 45.607 51.6236 53.1395 38.8973 0.0 
DEMAND_SCENARIO_SECTION
0 0 0 0 0 0 0 0 0 0 0 0 0 0 0 0 0 0 0 0 0 0 0 0 0 0 0 0 0 0 0 0 0 0 0 0 0 0 0 0 0 0 0 0 0 0 0 0 0 0 
1 1 2 0 0 2 2 0 1 1 1 2 1 1 1 2 0 1 0 1 1 1 3 1 0 1 1 2 2 1 1 0 0 0 0 2 1 2 1 0 0 1 1 0 0 3 1 3 0 4 
5 13 5 8 6 5 5 11 12 8 11 7 10 7 11 8 8 9 6 6 6 3 6 6 10 6 6 9 8 5 5 12 4 3 8 11 12 7 10 9 8 13 5 8 5 9 6 10 3 4 
3 11 10 2 10 4 6 7 4 13 6 7 7 10 10 7 6 8 10 6 6 8 8 9 15 8 6 9 5 3 9 8 6 0 10 7 6 5 8 10 6 7 9 9 13 13 7 2 9 11 
2 1 1 4 1 0 2 3 1 3 2 3 2 2 2 3 1 1 1 0 0 2 2 1 0 3 4 1 1 1 2 3 2 3 3 2 2 2 1 3 2 3 2 0 3 5 1 2 2 4 
0 2 1 5 0 4 3 4 4 0 3 2 4 1 2 0 3 3 4 2 6 4 6 3 5 5 5 6 4 4 4 7 4 8 4 3 5 2 3 3 4 5 3 2 5 4 1 1 6 3 
4 3 8 5 0 6 7 1 8 4 1 6 4 4 4 4 6 7 2 2 4 5 5 2 3 8 5 6 5 9 7 6 7 6 2 4 6 7 1 6 6 6 5 4 3 4 5 5 5 6 
4 3 2 3 5 3 7 6 1 5 5 7 1 3 7 6 1 6 3 5 1 4 5 3 4 1 5 4 5 2 5 3 5 7 4 2 1 1 6 4 4 0 7 3 4 4 3 3 4 0 
5 7 8 7 8 6 6 7 4 4 7 9 8 7 10 10 6 12 6 1 10 6 8 7 10 9 6 13 2 9 5 8 7 7 11 10 5 8 9 8 8 11 9 6 9 9 7 5 7 10 
4 3 7 7 7 8 7 4 7 6 5 3 5 5 5 1 6 5 7 7 7 4 7 3 3 8 6 7 4 9 6 4 2 8 8 6 9 4 2 9 7 8 10 4 7 6 5 5 7 7 
7 4 9 8 5 9 9 13 9 9 6 12 5 16 12 14 10 12 11 9 11 10 11 9 8 14 6 9 9 11 10 7 9 7 10 4 8 6 10 10 12 9 8 9 10 7 8 7 6 12 
0 1 2 2 0 0 1 0 0 1 0 1 1 0 1 2 1 2 1 1 2 1 0 0 0 0 1 0 2 2 1 1 1 1 2 1 4 2 0 1 1 0 1 1 2 2 2 1 3 1 
10 7 6 7 5 8 1 8 10 6 5 8 1 6 4 6 2 11 7 6 4 5 1 8 6 6 7 2 6 4 6 3 4 6 1 5 10 2 6 7 6 3 3 6 3 6 6 7 6 5 
8 9 4 12 10 8 14 8 14 5 7 9 9 9 10 6 12 7 10 7 5 2 13 12 7 7 7 6 7 15 9 12 10 3 9 10 12 11 11 11 11 9 4 5 11 5 10 8 12 11 
11 5 2 10 4 12 10 10 8 9 10 11 9 8 9 11 9 10 12 4 12 9 16 12 11 9 11 10 11 10 4 12 3 9 11 8 10 14 13 10 8 10 9 8 12 11 10 9 8 9 
8 8 10 4 7 8 10 10 8 7 12 13 4 11 5 6 5 5 4 11 5 9 11 14 14 7 9 7 8 11 8 16 12 6 8 7 5 2 6 13 6 7 7 6 11 4 7 10 11 3 
8 3 8 4 7 3 4 7 4 6 3 6 6 4 2 6 8 5 0 4 8 6 10 1 4 7 5 7 3 2 8 3 8 3 5 4 2 4 7 7 5 3 5 6 2 1 6 6 5 4 
1 0 1 6 3 5 4 2 0 3 4 3 7 3 3 5 0 4 5 3 3 5 4 2 2 5 6 2 3 4 2 1 5 3 3 2 4 0 3 3 1 3 1 4 3 4 1 3 3 3 
6 3 0 3 5 4 2 10 6 5 6 5 5 3 1 6 6 0 5 8 4 7 6 2 0 2 2 4 3 0 1 4 4 5 6 6 0 2 4 0 7 4 3 4 5 0 5 4 7 0 
10 13 13 14 6 9 10 9 12 17 10 13 4 9 11 8 6 13 8 5 14 7 14 4 7 9 10 8 12 6 17 14 8 7 9 7 8 19 15 9 11 7 7 1 12 5 7 12 7 12 
DEPOT_SECTION
 1
 -1
EOF
