NAME  : Parada_20_4_0.95_1.00_9
TYPE : SVRP
MODEL : FINITE_SUPPORT
NUMBER_OF_SCENARIOS : 50
DIMENSION : 20
EDGE_WEIGHT_TYPE : MATRIX
CAPACITY : 22
N_VEHICLES : 4
NODE_COORD_SECTION
1 27 149390
2 284630 230650
3 127130 18
4 71081 398650
5 228490 225370
6 80193 326690
7 16920 51894
8 232180 110320
9 113070 117930
10 220920 36697
11 158040 150520
12 103870 243250
13 164320 238420
14 272380 331150
15 130960 347830
16 196340 136190
17 227390 104710
18 27197 353130
19 124320 161770
20 131110 225060
DEMAND_SECTION
1 0.0
2 8.0
3 9.0
4 1.0
5 2.0
6 3.0
7 6.0
8 3.0
9 5.0
10 1.0
11 9.0
12 3.0
13 1.0
14 8.0
15 8.0
16 5.0
17 5.0
18 1.0
19 7.0
20 2.0
DISTANCE_MATRIX
0.0 62.1402 25.3246 31.3776 45.1885 24.7178 46.966 20.5183 39.6989 19.2127 67.1789 31.9531 37.1214 50.0 56.0357 17.8885 40.2313 21.476 29.1868 49.9233 
62.1402 0.0 48.9493 76.9984 71.3442 82.8172 84.0536 42.0595 23.4094 55.4977 14.8661 91.2886 97.9825 112.744 23.3238 47.5395 26.0768 83.582 33.0151 28.4429 
25.3246 48.9493 0.0 29.4245 59.3623 50.0111 63.6515 17.72 30.6757 15.8114 57.7062 51.6023 58.2962 73.0581 50.448 22.7258 24.8756 46.3246 18.6815 34.5675 
31.3776 76.9984 29.4245 0.0 76.2256 44.5533 73.3305 43.2897 58.9271 23.5372 86.1648 21.0238 27.2947 41.4849 78.2065 45.0444 52.9246 37.2022 46.8773 51.2402 
45.1885 71.3442 59.3623 76.2256 0.0 38.0526 16.4012 43.4166 51.2445 58.0086 66.3702 71.4493 74.027 81.7435 51.2445 36.7967 63.9531 48.0104 51.1077 74.7061 
24.7178 82.8172 50.0111 44.5533 38.0526 0.0 30.0832 45.0327 59.6232 43.8992 83.0635 34.4819 36.2215 46.1356 69.0918 37.2627 64.9179 10.0499 53.8733 74.6099 
46.966 84.0536 63.6515 73.3305 16.4012 30.0832 0.0 49.98 62.2013 60.5977 80.8084 64.5275 65.8995 71.0282 65.7343 42.72 72.5328 39.9727 59.203 82.8613 
20.5183 42.0595 17.72 43.2897 43.4166 45.0327 49.98 0.0 19.2094 20.0 46.6905 51.8055 57.2337 70.3742 36.2353 7.28011 23.0868 41.7908 10.0499 33.0419 
39.6989 23.4094 30.6757 58.9271 51.2445 59.6232 62.2013 19.2094 0.0 35.4291 27.8029 71.2051 76.3904 89.531 20.0998 24.1661 16.1245 61.0 12.083 26.2488 
19.2127 55.4977 15.8114 23.5372 58.0086 43.8992 60.5977 20.0 35.4291 0.0 63.0219 36.0939 42.7878 57.5498 54.7083 23.0868 31.8222 40.2127 23.3793 41.5142 
67.1789 14.8661 57.7062 86.1648 66.3702 83.0635 80.8084 46.6905 27.8029 63.0219 0.0 98.8128 103.919 117.059 15.1327 50.448 37.108 88.2842 39.6611 42.0 
31.9531 91.2886 51.6023 21.0238 71.4493 34.4819 64.5275 51.8055 71.2051 36.0939 98.8128 0.0 6.7082 21.4709 87.5619 49.7695 67.6131 24.6982 59.1702 70.4683 
37.1214 97.9825 58.2962 27.2947 74.027 36.2215 65.8995 57.2337 76.3904 42.7878 103.919 6.7082 0.0 14.7648 92.9901 55.0091 74.3071 26.1725 65.8641 77.1038 
50.0 112.744 73.0581 41.4849 81.7435 46.1356 71.0282 70.3742 89.531 57.5498 117.059 21.4709 14.7648 0.0 106.019 67.6757 89.069 34.6936 79.0047 93.0525 
56.0357 23.3238 50.448 78.2065 51.2445 69.0918 65.7343 36.2353 20.0998 54.7083 15.1327 87.5619 92.9901 106.019 0.0 38.4187 34.5254 76.6173 31.7805 42.72 
17.8885 47.5395 22.7258 45.0444 36.7967 37.2627 42.72 7.28011 24.1661 23.0868 50.448 49.7695 55.0091 67.6757 38.4187 0.0 30.2655 38.1989 17.0294 40.2616 
40.2313 26.0768 24.8756 52.9246 63.9531 64.9179 72.5328 23.0868 16.1245 31.8222 37.108 67.6131 74.3071 89.069 34.5254 30.2655 0.0 61.676 13.3417 10.8167 
21.476 83.582 46.3246 37.2022 48.0104 10.0499 39.9727 41.7908 61.0 40.2127 88.2842 24.6982 26.1725 34.6936 76.6173 38.1989 61.676 0.0 50.6315 70.9233 
29.1868 33.0151 18.6815 46.8773 51.1077 53.8733 59.203 10.0499 12.083 23.3793 39.6611 59.1702 65.8641 79.0047 31.7805 17.0294 13.3417 50.6315 0.0 23.7697 
49.9233 28.4429 34.5675 51.2402 74.7061 74.6099 82.8613 33.0419 26.2488 41.5142 42.0 70.4683 77.1038 93.0525 42.72 40.2616 10.8167 70.9233 23.7697 0.0 
DEMAND_SCENARIO_SECTION
0 0 0 0 0 0 0 0 0 0 0 0 0 0 0 0 0 0 0 0 0 0 0 0 0 0 0 0 0 0 0 0 0 0 0 0 0 0 0 0 0 0 0 0 0 0 0 0 0 0 
6 6 13 6 5 5 6 13 4 6 6 4 8 10 6 9 8 8 8 10 13 6 6 5 9 7 10 12 8 10 11 8 3 11 7 8 6 3 5 8 10 8 4 6 12 8 10 9 3 9 
12 7 8 11 9 5 4 8 7 9 6 6 9 8 6 13 4 5 10 6 9 10 9 9 7 5 5 4 7 8 7 13 6 10 12 7 7 5 8 9 11 11 12 0 10 10 7 9 7 13 
0 0 2 2 0 2 1 1 2 3 2 1 1 1 2 2 2 1 2 2 0 0 2 1 1 0 0 1 1 2 2 1 1 0 0 1 1 2 0 1 2 1 0 0 0 2 2 0 2 1 
2 2 1 3 2 1 2 1 4 4 6 1 4 3 4 3 1 3 3 4 0 5 2 1 3 1 0 3 0 3 2 4 3 1 2 1 2 2 3 3 1 3 3 5 4 3 3 2 1 2 
4 3 3 2 5 2 4 4 4 3 5 2 2 4 2 3 2 4 4 8 7 2 2 5 2 2 7 3 2 0 4 3 3 3 2 3 4 5 4 8 5 5 6 4 2 3 5 3 3 6 
6 7 8 5 5 8 9 12 5 9 5 0 4 3 9 5 4 5 7 6 8 7 9 5 4 8 8 8 3 6 9 6 8 1 5 9 6 8 3 8 5 4 3 7 9 8 10 7 8 6 
4 4 4 1 5 4 2 4 3 6 7 2 0 4 3 1 5 4 4 3 4 4 3 4 2 5 2 2 5 3 5 3 2 3 4 3 4 6 2 2 5 5 3 1 5 2 4 3 4 6 
6 5 5 6 4 4 6 6 6 6 2 8 5 5 5 4 4 4 6 2 6 7 6 6 2 5 0 1 5 6 5 3 5 5 4 3 7 7 4 7 4 6 0 0 4 1 7 6 8 4 
0 0 1 1 0 1 1 2 0 0 2 3 1 2 2 0 1 1 2 1 3 2 0 1 1 1 1 0 1 1 3 0 2 1 4 0 4 0 0 1 2 1 0 0 2 1 1 0 2 2 
8 10 8 7 5 7 15 9 9 9 6 13 12 16 10 6 2 9 16 7 7 5 5 8 9 10 12 8 10 12 8 5 11 6 9 11 14 14 13 5 6 6 14 14 13 6 10 9 9 8 
4 3 4 6 4 2 0 4 3 3 4 0 5 2 2 4 4 6 0 2 2 3 3 4 5 6 6 5 3 3 3 0 1 3 4 4 4 0 3 3 5 1 2 3 4 3 4 2 3 2 
1 0 2 1 2 1 0 0 0 1 0 0 1 2 0 1 2 0 2 1 1 1 0 3 1 1 0 0 4 0 1 2 0 1 0 1 1 0 0 1 0 1 2 2 0 0 0 1 3 4 
9 10 7 7 7 5 8 1 13 5 7 3 5 10 11 9 12 10 6 12 5 6 6 8 14 5 3 10 8 8 11 8 6 14 13 7 9 10 5 8 8 10 12 6 5 7 4 15 11 10 
7 4 5 8 7 8 12 7 10 7 8 11 13 6 11 7 8 9 8 12 11 6 6 11 7 8 5 7 8 8 6 11 1 7 6 11 6 6 12 9 9 8 8 8 5 13 11 4 8 8 
1 8 7 3 3 6 2 3 2 6 3 1 7 0 2 5 3 6 6 6 6 5 4 9 5 4 6 4 6 1 9 6 8 5 3 13 6 2 2 3 5 5 8 9 11 9 3 9 7 7 
8 7 6 1 6 6 7 5 4 9 8 6 5 5 4 2 7 5 5 2 6 7 6 6 5 5 8 6 4 5 3 5 2 7 4 3 2 9 5 2 0 4 11 3 3 9 4 3 0 6 
0 1 2 1 3 1 3 2 1 1 1 0 0 1 1 1 0 0 0 1 1 0 2 2 1 1 1 0 1 2 2 1 0 1 0 1 0 1 0 1 1 0 4 1 0 3 2 2 2 0 
9 6 6 4 4 12 9 9 8 5 9 1 6 6 11 7 7 9 6 5 5 5 5 3 9 7 5 6 8 9 8 5 7 6 7 6 7 5 10 7 8 8 8 9 10 6 4 13 7 7 
2 1 1 3 1 2 2 3 1 2 1 2 3 1 3 3 4 1 1 5 3 3 1 2 3 0 0 1 2 3 2 2 0 1 1 1 1 1 2 1 3 2 2 1 2 2 1 1 1 3 
DEPOT_SECTION
 1
 -1
EOF
