NAME  : Parada_20_5_0.95_1.00_2
TYPE : SVRP
MODEL : FINITE_SUPPORT
NUMBER_OF_SCENARIOS : 50
DIMENSION : 20
EDGE_WEIGHT_TYPE : MATRIX
CAPACITY : 21
N_VEHICLES : 5
NODE_COORD_SECTION
1 27 154970
2 317830 197530
3 178500 18
4 172960 562920
5 250780 216970
6 205790 371110
7 194550 184070
8 450760 135700
9 211610 117710
10 293560 208860
11 224780 181080
12 74203 340700
13 397850 390750
14 347450 298580
15 181000 318360
16 278450 252950
17 191320 503230
18 169960 517590
19 77560 479830
20 229290 272970
DEMAND_SECTION
1 0.0
2 4.0
3 3.0
4 1.0
5 1.0
6 2.0
7 9.0
8 10.0
9 9.0
10 9.0
11 6.0
12 2.0
13 9.0
14 5.0
15 4.0
16 4.0
17 7.0
18 5.0
19 2.0
20 10.0
DISTANCE_MATRIX
0.0 42.0595 20.0998 49.3964 37.8021 64.6343 36.0694 37.191 32.3202 43.1485 36.7402 58.4164 65.8213 35.6488 51.6264 47.9418 49.4975 46.8722 36.1386 50.5378 
42.0595 0.0 55.246 60.8358 7.61577 89.1067 13.4164 67.5124 29.0689 83.3325 76.9242 97.9472 86.3308 16.1245 91.6788 88.1257 52.6972 52.8394 48.3839 90.7218 
20.0998 55.246 0.0 69.0404 52.2314 76.2292 51.7488 35.0883 38.8468 36.0555 28.2843 44.8219 82.7177 47.6077 40.2492 42.0476 69.5845 66.9104 56.0892 41.9762 
49.3964 60.8358 69.0404 0.0 53.2259 35.1141 47.4236 40.05 67.6064 69.857 70.4557 95.1893 27.0185 67.624 85.5102 68.151 11.4018 9.0 14.2127 77.8867 
37.8021 7.61577 52.2314 53.2259 0.0 81.7435 5.83095 61.4176 29.6142 79.9417 73.5334 94.921 78.7464 19.6469 88.4195 82.9935 45.2217 45.2769 40.8044 87.331 
64.6343 89.1067 76.2292 35.1141 81.7435 0.0 76.4199 41.8992 88.6128 58.5235 63.1585 83.9524 14.3178 91.1108 73.9797 53.1507 46.4866 43.6807 42.0119 64.1327 
36.0694 13.4164 51.7488 47.4236 5.83095 76.4199 0.0 57.1905 32.0156 78.0601 72.3646 94.0213 73.0821 24.1661 87.2507 79.3651 39.4081 39.4462 35.171 86.1622 
37.191 67.5124 35.0883 40.05 61.4176 41.8992 57.1905 0.0 62.4051 31.305 30.5941 55.5428 48.0208 65.7337 46.1736 31.241 56.5308 53.1572 42.4833 39.8246 
32.3202 29.0689 38.8468 67.6064 29.6142 88.6128 32.0156 62.4051 0.0 70.8496 62.6544 74.1342 89.0933 14.8661 71.6148 77.2945 63.3283 61.9242 53.43 75.4237 
43.1485 83.3325 36.0555 69.857 79.9417 58.5235 78.0601 31.305 70.8496 0.0 8.24621 26.0192 69.8713 75.8299 16.0 7.2111 76.1147 72.55 63.25 8.60233 
36.7402 76.9242 28.2843 70.4557 73.5334 63.1585 72.3646 30.5941 62.6544 8.24621 0.0 25.0 73.5252 69.4216 16.1245 15.2315 75.448 72.0744 61.4005 13.9284 
58.4164 97.9472 44.8219 95.1893 94.921 83.9524 94.0213 55.5428 74.1342 26.0192 25.0 0.0 95.7549 87.9918 10.0499 30.8058 100.448 97.0744 86.4005 19.9249 
65.8213 86.3308 82.7177 27.0185 78.7464 14.3178 73.0821 48.0208 89.0933 69.8713 73.5252 95.7549 0.0 90.824 85.7088 65.192 38.0526 36.0139 37.9473 76.2365 
35.6488 16.1245 47.6077 67.624 19.6469 91.1108 24.1661 65.7337 14.8661 75.8299 69.4216 87.9918 90.824 0.0 84.1082 80.6231 61.5549 60.8276 53.8238 83.2192 
51.6264 91.6788 40.2492 85.5102 88.4195 73.9797 87.2507 46.1736 71.6148 16.0 16.1245 10.0499 85.7088 84.1082 0.0 20.8806 91.3014 87.9548 77.2539 10.2956 
47.9418 88.1257 42.0476 68.151 82.9935 53.1507 79.3651 31.241 77.2945 7.2111 15.2315 30.8058 65.192 80.6231 20.8806 0.0 74.7706 71.2107 61.9109 11.0454 
49.4975 52.6972 69.5845 11.4018 45.2217 46.4866 39.4081 56.5308 63.3283 76.1147 75.448 100.448 38.0526 61.5549 91.3014 74.7706 0.0 3.60555 14.1421 84.3789 
46.8722 52.8394 66.9104 9.0 45.2769 43.6807 39.4462 53.1572 61.9242 72.55 72.0744 97.0744 36.0139 60.8276 87.9548 71.2107 3.60555 0.0 11.0 80.8141 
36.1386 48.3839 56.0892 14.2127 40.8044 42.0119 35.171 42.4833 53.43 63.25 61.4005 86.4005 37.9473 53.8238 77.2539 61.9109 14.1421 11.0 0.0 71.5141 
50.5378 90.7218 41.9762 77.8867 87.331 64.1327 86.1622 39.8246 75.4237 8.60233 13.9284 19.9249 76.2365 83.2192 10.2956 11.0454 84.3789 80.8141 71.5141 0.0 
DEMAND_SCENARIO_SECTION
0 0 0 0 0 0 0 0 0 0 0 0 0 0 0 0 0 0 0 0 0 0 0 0 0 0 0 0 0 0 0 0 0 0 0 0 0 0 0 0 0 0 0 0 0 0 0 0 0 0 
5 2 2 4 2 6 2 1 4 5 5 6 4 2 5 5 5 4 7 5 3 0 3 6 4 5 6 2 4 3 5 5 3 6 2 2 5 5 6 5 4 6 3 2 5 1 3 0 6 7 
0 2 5 4 2 5 5 5 5 4 0 3 1 1 1 3 2 2 0 0 3 3 2 3 3 3 0 4 3 3 3 3 2 7 4 3 0 3 1 3 0 4 4 0 7 4 4 3 3 4 
0 1 0 1 3 0 1 2 2 2 1 2 0 0 0 1 2 0 1 0 0 2 1 1 0 1 1 1 1 3 1 0 1 1 3 0 2 0 1 1 0 0 1 0 1 0 0 0 2 1 
2 1 1 1 2 0 1 3 0 2 2 1 1 1 2 0 1 1 2 2 0 1 1 0 1 3 1 1 0 1 1 0 3 2 0 1 2 1 1 0 0 2 0 3 2 0 1 0 0 3 
0 2 1 3 1 0 0 3 1 3 1 2 1 2 2 2 2 3 2 2 2 2 3 5 1 1 5 1 0 2 0 2 2 0 5 1 3 0 1 2 1 0 2 2 1 0 3 1 2 3 
12 4 10 10 12 6 17 8 11 9 11 10 6 7 9 9 12 6 5 11 10 5 11 11 9 12 11 15 12 14 8 13 10 5 10 12 12 13 9 7 4 13 9 10 12 13 9 7 6 7 
10 11 17 8 8 16 10 13 3 7 5 12 10 12 8 9 14 13 16 12 13 11 13 10 2 14 10 11 12 10 8 11 8 12 11 13 7 7 9 10 8 14 4 14 11 9 13 8 10 13 
10 12 11 5 8 16 5 6 5 4 9 12 8 5 12 11 15 9 6 11 6 9 11 13 4 6 4 9 6 9 7 7 5 10 5 13 8 5 9 9 11 7 9 4 5 12 10 9 13 6 
8 7 8 11 15 8 9 3 7 5 16 9 11 5 12 5 7 5 9 7 8 13 4 7 12 14 8 3 13 8 10 7 0 12 8 13 6 6 6 3 10 12 4 6 10 7 9 13 7 14 
9 0 2 4 9 3 5 9 3 7 9 11 3 5 6 5 4 5 5 10 5 6 1 0 3 13 6 6 6 10 5 7 6 5 8 8 8 5 0 7 4 5 10 4 5 12 4 4 13 4 
2 3 2 2 1 3 4 0 5 2 3 0 2 0 2 2 1 2 3 1 2 1 0 2 4 3 1 3 2 0 1 0 1 1 3 0 5 0 5 1 5 2 1 2 2 3 2 0 3 2 
14 8 8 10 10 10 9 10 11 9 7 9 9 10 8 11 10 7 7 7 10 17 14 9 10 8 5 8 10 12 9 7 11 6 9 13 5 9 8 3 10 8 8 2 7 10 12 13 16 5 
5 6 8 2 6 1 10 6 4 10 6 7 6 5 5 4 7 4 11 6 9 6 6 3 6 6 2 4 8 7 10 5 3 1 3 7 1 3 2 4 8 10 3 6 6 3 7 4 0 7 
3 4 5 3 5 0 4 6 5 1 3 4 4 4 2 5 2 3 3 4 4 1 2 2 1 3 6 7 1 2 2 3 6 6 3 3 1 4 2 2 2 4 1 1 2 2 5 7 0 4 
3 8 4 4 1 2 3 6 4 4 3 4 3 3 5 3 0 2 5 5 4 9 6 3 4 4 1 5 3 8 4 5 5 6 5 3 1 1 3 6 6 5 3 9 8 2 3 4 8 6 
5 11 8 4 6 10 4 9 7 10 7 10 10 5 6 8 7 7 6 5 6 4 8 7 7 8 3 11 7 5 6 5 7 4 7 3 6 13 7 9 5 8 5 6 5 1 5 4 8 9 
4 5 6 6 6 4 4 4 4 11 4 3 6 4 1 7 4 5 6 3 5 4 5 6 4 1 6 4 9 6 4 6 2 6 6 7 1 3 7 5 3 4 5 2 4 6 5 6 4 0 
5 3 2 2 3 0 2 3 2 2 2 6 0 4 1 0 4 2 2 2 4 4 1 1 2 3 7 2 3 2 2 2 2 0 0 4 2 3 1 0 4 3 1 0 4 3 0 1 3 3 
11 12 8 1 4 11 7 12 7 15 10 9 11 13 13 9 8 14 14 10 15 10 10 11 6 8 11 6 10 14 16 6 16 16 15 14 6 9 8 12 5 10 9 10 9 17 13 11 10 11 
DEPOT_SECTION
 1
 -1
EOF
