NAME  : Parada_20_5_0.95_1.00_5
TYPE : SVRP
MODEL : FINITE_SUPPORT
NUMBER_OF_SCENARIOS : 50
DIMENSION : 20
EDGE_WEIGHT_TYPE : MATRIX
CAPACITY : 23
N_VEHICLES : 5
NODE_COORD_SECTION
1 118030 285000
2 268080 362600
3 40310 188550
4 85230 102960
5 209000 559380
6 135550 523840
7 125550 18
8 268470 135360
9 190130 128730
10 165310 241740
11 146780 263970
12 121900 365190
13 335260 266350
14 170580 392060
15 149690 624950
16 232090 71025
17 172700 5234
18 62474 225940
19 27 325120
20 77649 579700
DEMAND_SECTION
1 0.0
2 3.0
3 9.0
4 7.0
5 10.0
6 2.0
7 5.0
8 6.0
9 6.0
10 8.0
11 2.0
12 5.0
13 6.0
14 10.0
15 9.0
16 5.0
17 8.0
18 6.0
19 4.0
20 2.0
DISTANCE_MATRIX
0.0 16.2788 50.4289 42.5312 53.4135 54.6557 43.3743 69.0502 69.8518 9.48683 6.0 11.4018 21.9317 17.4929 39.8121 44.1022 37.3481 54.5814 54.9393 44.2041 
16.2788 0.0 56.2161 58.0477 37.4433 38.9806 58.8908 66.6033 71.3193 25.2389 21.095 18.2483 28.2843 26.1725 36.8782 36.3826 52.8646 58.5557 63.5059 28.0179 
50.4289 56.2161 0.0 66.7308 75.1332 68.4105 55.5788 26.1725 22.8035 48.3424 47.3614 61.7868 28.6531 68.0222 89.6939 40.8534 51.4198 8.06226 14.1421 76.0263 
42.5312 58.0477 66.7308 0.0 95.4408 96.7955 16.1245 91.3473 89.493 45.6784 44.5032 41.0834 61.8433 33.9243 57.5674 92.1533 16.4012 74.0491 61.9112 83.2167 
53.4135 37.4433 75.1332 95.4408 0.0 9.43398 97.1458 72.1803 80.5047 61.5549 57.3149 54.5619 56.3751 61.8466 59.0762 36.0555 91.166 73.171 87.116 15.1327 
54.6557 38.9806 68.4105 96.7955 9.43398 0.0 98.1426 63.5059 72.111 62.6166 58.3815 56.6962 57.3719 64.2829 64.9384 28.1603 92.1628 65.7647 80.9938 22.3607 
43.3743 58.8908 55.5788 16.1245 97.1458 98.1426 0.0 81.1542 78.2624 46.5215 45.3464 46.1548 52.832 44.0547 69.5845 83.8295 6.40312 63.3877 48.4665 86.4417 
69.0502 66.6033 26.1725 91.3473 72.1803 63.5059 81.1542 0.0 9.84886 68.8468 66.0477 79.9815 47.2172 85.9182 103.287 36.6879 76.531 18.1108 38.2753 78.4983 
69.8518 71.3193 22.8035 89.493 80.5047 72.111 78.2624 9.84886 0.0 69.6484 66.8493 81.2476 48.0188 87.2038 107.956 44.5533 74.2159 15.6525 32.249 85.6731 
9.48683 25.2389 48.3424 45.6784 61.5549 62.6166 46.5215 68.8468 69.6484 0.0 4.24264 18.4391 21.6755 22.3883 47.1435 48.385 40.4952 54.378 47.4496 53.2541 
6.0 21.095 47.3614 44.5032 57.3149 58.3815 45.3464 66.0477 66.8493 4.24264 0.0 16.5529 18.8764 21.2132 45.31 44.6738 39.3201 51.5789 49.1574 49.0918 
11.4018 18.2483 61.7868 41.0834 54.5619 56.6962 46.1548 79.9815 81.2476 18.4391 16.5529 0.0 33.3017 8.0 28.7924 52.3927 40.4969 65.9771 65.6123 42.8019 
21.9317 28.2843 28.6531 61.8433 56.3751 57.3719 52.832 47.2172 48.0188 21.6755 18.8764 33.3017 0.0 39.2308 61.0574 42.6443 48.7215 32.7484 35.2278 52.3927 
17.4929 26.1725 68.0222 33.9243 61.8466 64.2829 44.0547 85.9182 87.2038 22.3883 21.2132 8.0 39.2308 0.0 27.074 60.208 38.5679 71.9333 69.7121 49.3964 
39.8121 36.8782 89.6939 57.5674 59.0762 64.9384 69.5845 103.287 107.956 47.1435 45.31 28.7924 61.0574 27.074 0.0 72.8663 65.123 93.7996 94.4045 44.0114 
44.1022 36.3826 40.8534 92.1533 36.0555 28.1603 83.8295 36.6879 44.5533 48.385 44.6738 52.3927 42.6443 60.208 72.8663 0.0 77.8497 37.6563 54.1202 41.8308 
37.3481 52.8646 51.4198 16.4012 91.166 92.1628 6.40312 76.531 74.2159 40.4952 39.3201 40.4969 48.7215 38.5679 65.123 77.8497 0.0 59.0339 45.6508 80.4154 
54.5814 58.5557 8.06226 74.0491 73.171 65.7647 63.3877 18.1108 15.6525 54.378 51.5789 65.9771 32.7484 71.9333 93.7996 37.6563 59.0339 0.0 21.095 75.6637 
54.9393 63.5059 14.1421 61.9112 87.116 80.9938 48.4665 38.2753 32.249 47.4496 49.1574 65.6123 35.2278 69.7121 94.4045 54.1202 45.6508 21.095 0.0 86.3713 
44.2041 28.0179 76.0263 83.2167 15.1327 22.3607 86.4417 78.4983 85.6731 53.2541 49.0918 42.8019 52.3927 49.3964 44.0114 41.8308 80.4154 75.6637 86.3713 0.0 
DEMAND_SCENARIO_SECTION
0 0 0 0 0 0 0 0 0 0 0 0 0 0 0 0 0 0 0 0 0 0 0 0 0 0 0 0 0 0 0 0 0 0 0 0 0 0 0 0 0 0 0 0 0 0 0 0 0 0 
2 7 2 3 5 4 1 0 0 3 2 3 5 5 2 2 3 4 4 4 4 4 3 3 2 0 5 5 3 4 1 4 4 2 4 5 4 3 4 2 2 5 0 4 7 1 3 5 1 3 
7 8 6 8 5 5 2 6 13 6 10 13 13 8 7 11 6 3 15 3 11 12 9 8 10 8 4 12 5 9 12 5 7 5 5 8 4 4 10 11 7 8 6 8 9 7 8 8 6 12 
10 9 9 2 6 8 1 4 8 4 6 7 12 5 11 11 7 7 8 6 9 9 4 8 9 9 6 7 4 5 4 8 4 7 7 5 3 5 4 4 2 7 6 3 12 6 11 6 8 10 
5 16 8 13 13 12 15 11 8 9 10 12 16 6 14 11 15 15 10 12 10 8 9 8 12 12 12 10 6 10 11 10 12 10 9 13 11 8 15 7 8 15 13 13 12 13 11 7 10 7 
5 2 2 1 3 0 2 2 1 4 3 1 3 4 4 0 3 1 0 6 2 1 2 3 0 1 1 0 3 2 1 5 1 2 2 4 5 3 1 2 2 0 4 2 0 2 3 0 2 2 
6 6 7 4 6 7 8 6 8 4 6 8 4 6 8 5 7 8 8 8 4 4 8 8 5 4 3 6 5 8 1 3 4 6 6 3 3 6 10 4 9 5 3 1 6 5 2 5 1 5 
7 4 5 6 6 6 7 2 4 6 7 11 6 2 7 8 9 4 5 10 7 6 4 3 7 3 7 8 7 7 9 8 4 7 3 5 6 4 3 5 4 6 8 7 5 8 10 6 7 6 
4 6 10 8 7 10 6 5 3 6 8 7 3 4 3 6 4 9 8 6 4 4 5 10 8 5 10 6 8 9 8 4 6 5 2 4 8 5 0 5 9 6 6 9 5 5 3 1 5 3 
2 9 5 9 8 5 6 5 5 8 4 7 3 9 6 5 9 7 5 3 8 5 10 10 6 11 10 6 13 10 5 11 8 12 16 8 6 11 12 6 4 5 11 9 7 7 10 8 11 7 
1 3 0 1 1 0 1 2 1 5 0 1 2 2 1 1 7 4 2 1 1 2 3 2 0 0 2 0 0 2 2 1 2 2 0 2 2 3 4 5 0 1 0 0 4 4 0 3 1 1 
8 6 5 4 5 5 4 7 1 4 6 6 11 5 6 3 6 4 3 2 4 8 8 2 7 4 7 3 6 4 5 6 5 6 4 4 4 3 7 3 8 6 5 5 4 6 4 5 4 7 
9 5 7 1 4 7 6 6 5 5 7 5 10 7 5 7 6 1 9 7 2 6 6 6 5 11 7 1 4 9 11 4 5 5 8 3 1 10 5 8 10 9 5 5 7 6 6 3 7 5 
11 6 12 9 11 12 10 6 10 9 14 5 12 12 9 4 7 6 1 11 11 14 10 9 7 6 6 10 11 14 5 10 7 8 9 10 11 14 5 8 10 15 13 12 5 16 13 13 11 6 
3 9 10 11 11 3 3 6 9 12 9 11 7 13 9 8 7 13 12 9 11 9 11 3 9 5 13 11 7 3 11 2 8 9 8 9 11 13 9 7 11 5 14 6 4 11 5 9 7 10 
4 5 5 6 7 4 8 5 6 5 7 5 5 4 2 4 7 7 3 5 5 5 3 6 5 8 5 5 9 7 2 8 6 7 4 4 5 7 4 7 9 3 4 5 2 6 8 7 4 3 
3 11 9 10 6 7 9 4 9 13 9 10 10 9 6 5 3 5 5 9 7 7 9 5 8 7 8 8 8 9 5 8 12 5 13 8 11 6 6 9 9 10 9 5 9 5 8 7 6 7 
8 6 5 3 10 8 7 8 6 4 9 12 11 11 8 7 5 5 5 7 5 3 1 5 7 6 2 6 6 8 5 11 8 3 4 6 5 8 7 6 8 5 2 6 6 6 5 7 4 12 
4 3 5 5 5 5 5 4 0 8 6 6 4 4 5 5 3 2 3 2 3 6 4 4 4 4 3 4 5 4 1 6 3 6 6 3 2 5 4 2 2 1 3 3 3 5 4 0 1 2 
2 2 4 0 3 1 2 1 3 2 3 2 2 4 1 2 4 2 3 2 2 2 2 5 0 3 1 3 1 4 2 4 3 0 2 3 3 3 2 2 3 1 1 1 5 1 1 2 4 0 
DEPOT_SECTION
 1
 -1
EOF
