NAME  : Parada_20_5_0.95_1.00_3
TYPE : SVRP
MODEL : FINITE_SUPPORT
NUMBER_OF_SCENARIOS : 50
DIMENSION : 20
EDGE_WEIGHT_TYPE : MATRIX
CAPACITY : 22
N_VEHICLES : 5
NODE_COORD_SECTION
1 73164 296890
2 339790 220590
3 110810 176860
4 80738 405100
5 338300 365390
6 167360 301190
7 27 18
8 188080 155090
9 117420 61609
10 227260 261370
11 165820 1657
12 11442 186680
13 257920 300650
14 373770 415110
15 186310 380540
16 281510 45478
17 366110 9821
18 106520 199870
19 83008 355570
20 115730 394040
DEMAND_SECTION
1 0.0
2 4.0
3 9.0
4 6.0
5 2.0
6 9.0
7 1.0
8 7.0
9 6.0
10 1.0
11 7.0
12 4.0
13 8.0
14 5.0
15 7.0
16 8.0
17 6.0
18 7.0
19 4.0
20 5.0
DISTANCE_MATRIX
0.0 52.348 20.5913 10.7703 42.0119 46.2277 73.2948 25.4131 43.2897 25.5043 53.5679 28.8617 20.422 39.6232 10.7781 44.338 42.7023 18.6011 36.0411 62.8335 
52.348 0.0 61.5014 45.3678 40.9089 13.4742 31.8277 54.9112 90.3696 74.3563 38.0789 73.0162 69.274 47.8632 59.6274 44.2832 24.0294 58.3399 84.8931 111.154 
20.5913 61.5014 0.0 28.6356 60.6716 57.2451 81.6096 11.7703 29.1548 28.5764 39.6232 10.4403 33.3872 59.4811 30.1808 29.0689 42.4685 3.16228 40.0662 54.5619 
10.7703 45.3678 28.6356 0.0 32.1403 39.0638 66.3146 29.8444 53.7587 30.9269 52.7756 38.1182 25.8447 31.0161 16.1245 48.8301 36.8469 25.9615 41.4637 68.2562 
42.0119 40.9089 60.6716 32.1403 0.0 28.6356 55.2268 60.2636 85.2115 57.28 71.5052 70.2567 51.5461 8.544 41.4849 72.7186 54.4236 57.9029 65.1207 93.099 
46.2277 13.4742 57.2451 39.0638 28.6356 0.0 29.1548 51.8035 86.0058 68.0523 51.3475 67.6758 62.97 36.1248 53.3233 56.9332 36.2746 54.0833 78.1161 105.381 
73.2948 31.8277 81.6096 66.3146 55.2268 29.1548 0.0 71.8393 109.128 95.3031 58.4209 89.9442 90.2208 63.5059 80.5742 69.1231 53.1411 79.8947 105.84 132.101 
25.4131 54.9112 11.7703 29.8444 60.2636 51.8035 71.8393 0.0 39.2884 40.2064 30.1548 19.8494 45.7124 60.6923 36.0684 20.9249 32.6982 10.0554 51.6962 66.307 
43.2897 90.3696 29.1548 53.7587 85.2115 86.0058 109.128 39.2884 0.0 31.6228 62.7694 19.2094 37.3631 82.0244 45.2769 49.6488 69.9866 32.249 36.8782 34.0147 
25.5043 74.3563 28.5764 30.9269 57.28 68.0523 95.3031 40.2064 31.6228 0.0 68.1996 26.9662 6.0 52.6118 15.8114 57.3246 72.765 30.2874 14.1421 37.6431 
53.5679 38.0789 39.6232 52.7756 71.5052 51.3475 58.4209 30.1548 62.7694 68.1996 0.0 45.31 73.8671 75.576 64.2231 13.4536 31.0832 38.2099 79.6894 93.3006 
28.8617 73.0162 10.4403 38.1182 70.2567 67.6758 89.9442 19.8494 19.2094 26.9662 45.31 0.0 31.777 68.4471 37.177 32.9848 50.8032 13.6015 38.2753 48.0833 
20.422 69.274 33.3872 25.8447 51.5461 62.97 90.2208 45.7124 37.3631 6.0 73.8671 31.777 0.0 46.6905 10.2956 64.6372 60.0058 35.0982 16.1245 42.4382 
39.6232 47.8632 59.4811 31.0161 8.544 36.1248 63.5059 60.6923 82.0244 52.6118 75.576 68.4471 46.6905 0.0 37.1214 76.3522 58.5616 56.921 58.9034 87.5464 
10.7781 59.6274 30.1808 16.1245 41.4849 53.3233 80.5742 36.0684 45.2769 15.8114 64.2231 37.177 10.2956 37.1214 0.0 54.9932 50.3618 28.6181 25.4951 52.6972 
44.338 44.2832 29.0689 48.8301 72.7186 56.9332 69.1231 20.9249 49.6488 57.3246 13.4536 32.9848 64.6372 76.3522 54.9932 0.0 34.6586 28.4429 68.8144 81.0432 
42.7023 24.0294 42.4685 36.8469 54.4236 36.2746 53.1411 32.6982 69.9866 72.765 31.0832 50.8032 60.0058 58.5616 50.3618 34.6586 0.0 40.7536 75.6248 99.7266 
18.6011 58.3399 3.16228 25.9615 57.9029 54.0833 79.8947 10.0554 32.249 30.2874 38.2099 13.6015 35.0982 56.921 28.6181 28.4429 40.7536 0.0 41.7772 56.8243 
36.0411 84.8931 40.0662 41.4637 65.1207 78.1161 105.84 51.6962 36.8782 14.1421 79.6894 38.2753 16.1245 58.9034 25.4951 68.8144 75.6248 41.7772 0.0 28.7924 
62.8335 111.154 54.5619 68.2562 93.099 105.381 132.101 66.307 34.0147 37.6431 93.3006 48.0833 42.4382 87.5464 52.6972 81.0432 99.7266 56.8243 28.7924 0.0 
DEMAND_SCENARIO_SECTION
0 0 0 0 0 0 0 0 0 0 0 0 0 0 0 0 0 0 0 0 0 0 0 0 0 0 0 0 0 0 0 0 0 0 0 0 0 0 0 0 0 0 0 0 0 0 0 0 0 0 
4 2 0 0 4 3 2 5 3 6 1 4 9 4 7 6 5 7 5 1 2 3 6 0 5 4 2 4 3 4 4 3 7 5 3 6 5 6 3 3 5 3 5 3 6 4 1 5 4 6 
2 8 12 5 6 8 14 12 9 5 10 12 0 7 12 8 7 8 10 8 10 9 14 7 15 8 11 5 11 11 18 8 13 12 12 6 6 10 8 7 9 4 5 11 8 9 11 15 8 13 
5 4 5 9 10 3 7 4 5 6 2 0 5 10 9 9 7 7 9 5 7 5 7 6 9 8 9 7 8 12 9 3 4 5 4 5 7 7 8 4 8 0 6 5 9 8 5 5 7 7 
3 0 4 1 1 2 0 3 1 1 1 1 2 3 2 2 1 0 6 4 3 3 2 2 5 2 2 0 2 1 2 3 3 2 1 1 2 3 0 1 0 2 0 4 2 3 0 1 1 2 
6 14 12 9 7 8 13 10 10 1 12 11 9 6 9 8 5 5 6 11 10 10 8 6 11 10 12 10 6 7 9 10 11 12 3 6 13 15 11 2 5 12 5 4 10 5 8 10 14 9 
2 0 0 1 0 0 0 1 2 2 0 2 0 2 1 0 0 2 1 0 1 0 1 1 1 0 0 0 2 1 1 1 0 1 1 2 1 2 0 1 0 1 0 1 0 1 1 2 1 2 
7 9 6 9 6 7 4 8 9 8 6 5 5 5 6 8 8 5 7 4 6 5 9 2 5 3 9 3 7 9 8 9 12 8 5 12 4 4 7 6 7 5 6 7 5 8 7 9 6 5 
7 3 12 8 4 5 5 8 6 6 7 4 5 3 5 4 4 6 4 6 6 1 4 10 9 8 10 3 5 3 10 6 1 10 7 8 3 5 11 12 7 4 3 5 6 9 7 9 7 4 
3 1 1 0 0 0 2 3 0 0 2 1 3 0 2 0 1 2 1 1 0 1 0 1 1 3 2 1 0 0 1 0 2 1 3 1 0 0 1 1 2 3 3 2 0 1 0 1 3 1 
5 8 6 13 8 6 7 8 9 7 2 4 6 8 1 7 10 7 7 4 9 9 6 6 7 6 10 8 6 6 10 3 8 8 10 9 3 10 5 1 7 6 7 5 2 9 7 8 3 7 
5 6 4 2 3 6 4 0 5 1 0 8 7 4 4 9 1 6 4 3 6 5 2 3 2 7 5 6 5 2 3 5 0 3 4 4 3 5 3 4 4 5 3 3 2 6 5 7 3 3 
7 6 8 5 10 9 9 5 11 0 13 7 9 7 9 9 10 11 6 7 12 6 9 10 3 9 10 9 6 9 6 12 2 7 9 6 6 12 9 5 10 15 5 7 6 8 7 7 6 6 
6 7 2 5 8 6 4 4 6 5 9 7 5 2 2 5 8 7 5 2 4 5 5 2 0 6 6 3 6 0 6 7 5 4 4 7 5 4 5 4 9 7 6 3 4 8 6 10 0 7 
3 9 6 10 2 11 9 10 5 6 4 3 10 3 8 9 7 3 5 3 6 10 2 6 5 11 7 5 6 8 2 10 8 13 6 4 5 8 12 6 5 12 5 6 7 9 8 3 6 8 
8 6 8 8 7 11 15 8 5 15 11 11 11 4 12 10 10 8 10 6 12 2 3 7 6 5 6 7 4 8 4 9 11 7 10 11 9 6 9 8 9 5 6 8 9 8 10 7 11 9 
8 6 11 7 5 5 4 9 9 6 5 8 6 8 6 5 3 7 0 8 3 8 8 8 9 0 6 8 4 0 0 2 8 9 7 2 8 4 9 4 8 5 3 12 6 7 10 4 6 7 
8 7 13 4 6 6 6 5 5 1 8 8 6 10 6 13 8 10 8 9 10 6 9 7 2 6 6 5 4 5 7 13 8 6 2 4 8 9 4 4 6 4 8 6 6 10 6 6 2 8 
2 4 4 0 0 5 3 2 5 2 6 8 6 7 5 6 7 2 4 3 7 6 3 4 6 3 5 1 2 3 2 5 5 5 1 5 3 4 6 2 6 4 3 9 3 1 0 3 5 7 
6 7 5 6 4 4 4 9 7 6 7 8 4 4 7 6 8 5 8 4 2 2 7 3 4 3 3 5 0 5 7 2 7 5 5 5 8 8 3 2 3 7 3 5 5 7 7 1 6 4 
DEPOT_SECTION
 1
 -1
EOF
