NAME  : Parada_20_5_0.95_1.00_8
TYPE : SVRP
MODEL : FINITE_SUPPORT
NUMBER_OF_SCENARIOS : 50
DIMENSION : 20
EDGE_WEIGHT_TYPE : MATRIX
CAPACITY : 22
N_VEHICLES : 5
NODE_COORD_SECTION
1 50193 237380
2 339630 158760
3 215080 18
4 222830 394550
5 338100 273460
6 231760 256310
7 229270 140670
8 388640 196510
9 231930 315180
10 337490 143830
11 242990 145530
12 27 266610
13 386460 218350
14 319930 352250
15 245460 352090
16 265090 234590
17 382580 97900
18 77281 445400
19 59604 396970
20 170040 358370
DEMAND_SECTION
1 0.0
2 2.0
3 5.0
4 3.0
5 10.0
6 2.0
7 10.0
8 2.0
9 3.0
10 7.0
11 9.0
12 7.0
13 4.0
14 6.0
15 4.0
16 6.0
17 9.0
18 7.0
19 5.0
20 5.0
DISTANCE_MATRIX
0.0 47.4591 60.4734 31.9545 52.0 64.1727 31.7075 29.4279 41.371 45.4837 32.4939 62.7115 32.2942 25.632 53.2995 64.0701 58.8863 38.8457 43.4166 28.7264 
47.4591 0.0 33.0151 57.0701 84.22 86.8346 16.7631 35.3412 67.6052 2.0 17.4642 107.741 32.7567 47.0744 74.3717 90.4022 97.5688 32.0156 83.7814 61.7487 
60.4734 33.0151 0.0 59.2368 110.433 87.5557 31.7648 35.8469 70.2282 33.0151 30.0167 122.629 31.3847 50.5371 77.4919 92.4446 102.03 64.3817 101.92 68.1619 
31.9545 57.0701 59.2368 0.0 73.0068 30.0167 40.4475 24.3311 11.1803 55.109 40.1995 61.2744 28.6356 10.0499 18.4391 34.1321 43.0465 64.5025 54.5078 16.0312 
52.0 84.22 110.433 73.0068 0.0 79.701 79.3946 80.9568 71.7008 82.8854 80.5794 44.6542 84.1546 72.9869 71.0634 77.7864 62.426 57.9828 25.2389 57.0 
64.1727 86.8346 87.5557 30.0167 79.701 0.0 70.3491 54.0833 19.2354 84.8591 70.1783 49.6488 58.2151 40.05 13.0 5.65685 24.0416 94.2185 55.2159 37.4146 
31.7075 16.7631 31.7648 40.4475 79.3946 70.3491 0.0 18.868 51.1566 14.8661 2.0 91.9643 16.9706 30.4138 58.0345 74.0608 81.2737 36.8782 73.1886 45.4536 
29.4279 35.3412 35.8469 24.3311 80.9568 54.0833 18.868 0.0 35.5106 33.541 17.8885 86.7883 4.47214 14.8661 42.7551 58.4209 66.5998 53.0261 69.4042 32.3216 
41.371 67.6052 70.2282 11.1803 71.7008 19.2354 51.1566 35.5106 0.0 65.6297 51.0392 53.3385 39.8121 21.0238 7.28011 23.0217 32.8024 77.0151 50.1597 18.4129 
45.4837 2.0 33.0151 55.109 82.8854 84.8591 14.8661 33.541 65.6297 0.0 15.6525 105.765 31.0644 45.1221 72.3962 88.4268 95.5934 31.5753 82.44 59.7732 
32.4939 17.4642 30.0167 40.1995 80.5794 70.1783 2.0 17.8885 51.0392 15.6525 0.0 92.7758 15.6205 30.1496 58.0 74.0068 81.3362 38.833 73.975 45.5161 
62.7115 107.741 122.629 61.2744 44.6542 49.6488 91.9643 86.7883 53.3385 105.765 92.7758 0.0 91.2442 69.7275 48.3322 45.1774 26.0192 86.209 23.3452 55.1022 
32.2942 32.7567 31.3847 28.6356 84.1546 58.2151 16.9706 4.47214 39.8121 31.0644 15.6205 91.2442 0.0 19.3132 47.0744 62.6498 71.0204 52.18 73.0102 36.7774 
25.632 47.0744 50.5371 10.0499 72.9869 40.05 30.4138 14.8661 21.0238 45.1221 30.1496 69.7275 19.3132 0.0 28.1603 44.0454 51.7595 56.1919 56.7979 18.6011 
53.2995 74.3717 77.4919 18.4391 71.0634 13.0 58.0345 42.7551 7.28011 72.3962 58.0 48.3322 47.0744 28.1603 0.0 16.0312 26.1725 83.3453 48.0937 24.7431 
64.0701 90.4022 92.4446 34.1321 77.7864 5.65685 74.0608 58.4209 23.0217 88.4268 74.0068 45.1774 62.6498 44.0454 16.0312 0.0 19.2354 94.116 52.5885 40.7736 
58.8863 97.5688 102.03 43.0465 62.426 24.0416 81.2737 66.5998 32.8024 95.5934 81.3362 26.0192 71.0204 51.7595 26.1725 19.2354 0.0 88.1964 37.2022 47.94 
38.8457 32.0156 64.3817 64.5025 57.9828 94.2185 36.8782 53.0261 77.0151 31.5753 38.833 86.209 52.18 56.1919 83.3453 94.116 88.1964 0.0 63.7887 58.7722 
43.4166 83.7814 101.92 54.5078 25.2389 55.2159 73.1886 69.4042 50.1597 82.44 73.975 23.3452 73.0102 56.7979 48.0937 52.5885 37.2022 63.7887 0.0 38.6813 
28.7264 61.7487 68.1619 16.0312 57.0 37.4146 45.4536 32.3216 18.4129 59.7732 45.5161 55.1022 36.7774 18.6011 24.7431 40.7736 47.94 58.7722 38.6813 0.0 
DEMAND_SCENARIO_SECTION
0 0 0 0 0 0 0 0 0 0 0 0 0 0 0 0 0 0 0 0 0 0 0 0 0 0 0 0 0 0 0 0 0 0 0 0 0 0 0 0 0 0 0 0 0 0 0 0 0 0 
4 0 3 2 5 2 1 2 1 0 2 2 5 2 1 2 0 2 4 3 2 5 1 3 4 1 2 3 3 1 2 2 2 1 2 2 1 1 2 2 3 2 1 1 3 1 2 2 0 2 
6 5 3 5 5 9 4 1 5 2 6 4 4 2 4 6 5 7 8 6 5 1 1 6 5 7 6 5 4 5 5 10 3 6 4 4 3 7 8 5 2 6 6 4 4 5 3 8 7 7 
1 4 2 4 3 6 4 5 3 2 3 4 5 3 4 4 2 4 6 0 4 5 3 3 4 2 1 3 4 5 2 3 4 2 2 5 0 4 6 1 3 2 1 5 5 4 7 2 0 5 
6 14 13 9 12 14 9 16 15 19 11 6 11 14 14 13 7 10 8 14 12 9 12 14 8 5 9 5 12 9 8 12 9 9 10 11 11 12 15 13 10 10 12 8 10 12 10 10 9 7 
0 1 1 0 5 2 2 3 4 3 4 0 2 1 3 0 2 0 3 3 1 4 0 4 0 0 1 3 0 2 0 1 5 2 2 3 1 3 2 3 2 2 0 1 2 1 1 1 3 5 
16 8 15 12 10 9 11 9 11 9 6 11 9 6 8 7 10 12 5 9 4 15 3 10 10 11 13 10 8 10 10 9 9 8 11 16 13 9 12 10 9 9 11 10 11 15 9 8 10 3 
1 4 2 5 2 3 3 1 2 1 1 0 4 1 2 2 0 2 1 3 2 4 3 3 3 1 4 2 2 2 1 3 4 2 4 0 3 2 2 3 2 1 1 3 0 0 2 3 4 3 
1 3 0 2 4 3 1 1 1 2 1 1 4 4 2 3 5 5 0 5 3 0 6 1 3 2 4 6 3 1 5 3 2 5 3 1 0 3 3 5 0 3 5 2 2 3 6 5 6 2 
6 7 9 11 6 3 11 5 8 8 10 6 3 5 7 7 6 9 6 8 8 12 2 9 8 6 8 5 6 9 10 7 8 6 3 8 4 14 8 4 8 7 10 8 7 9 10 11 10 8 
4 8 6 10 17 11 10 9 10 9 13 16 15 10 11 2 6 11 3 11 12 5 3 4 11 6 7 6 13 9 7 11 7 9 5 10 14 11 13 11 6 12 13 10 10 6 8 4 9 8 
7 8 7 9 3 6 10 9 4 8 7 3 10 5 6 5 3 7 7 2 5 8 8 3 7 6 5 7 8 3 1 10 6 8 8 2 7 8 4 5 9 11 6 10 8 10 7 0 6 8 
9 5 4 2 4 2 3 0 6 3 1 4 5 3 7 4 3 4 6 6 3 6 4 3 1 1 3 3 2 4 3 5 2 3 1 4 2 5 4 5 2 5 5 1 3 3 9 0 5 8 
5 8 8 8 5 6 2 7 6 8 4 6 7 4 10 6 3 8 10 7 6 9 5 5 6 6 8 6 6 6 4 4 10 6 3 4 5 8 6 8 3 10 5 3 9 6 11 9 5 4 
5 5 2 5 4 2 1 8 4 2 1 3 5 4 5 4 4 3 3 7 2 4 4 5 6 5 6 2 3 4 3 5 6 6 0 6 3 0 4 8 6 3 4 3 5 3 6 8 5 7 
6 5 10 5 6 0 4 6 10 6 9 6 7 4 2 9 6 3 6 8 10 4 2 7 4 3 5 7 6 6 8 6 5 6 0 5 4 5 4 5 7 8 7 8 6 4 7 6 10 6 
10 12 12 11 20 9 10 12 11 7 8 7 11 7 10 14 7 11 11 7 10 9 11 11 11 3 9 9 6 7 6 12 6 17 16 10 10 8 11 5 4 4 8 11 11 10 11 4 7 7 
14 8 7 10 5 7 11 6 6 6 9 7 10 8 10 10 7 5 11 3 10 10 9 5 6 5 9 4 8 9 5 6 2 9 6 11 3 4 4 5 6 11 5 13 5 7 6 8 6 8 
6 5 2 3 7 7 7 7 5 3 5 3 5 4 6 6 4 7 5 2 0 0 7 5 7 5 4 6 9 3 6 6 5 2 9 8 5 9 4 5 3 4 4 9 4 5 7 5 2 8 
3 3 6 7 4 3 3 7 6 8 3 0 8 3 7 8 6 9 2 3 7 7 1 6 2 7 6 2 5 4 6 7 3 6 5 6 4 0 5 9 4 4 1 4 6 4 3 9 7 0 
DEPOT_SECTION
 1
 -1
EOF
