NAME  : Parada_20_5_0.95_1.00_1
TYPE : SVRP
MODEL : FINITE_SUPPORT
NUMBER_OF_SCENARIOS : 50
DIMENSION : 20
EDGE_WEIGHT_TYPE : MATRIX
CAPACITY : 22
N_VEHICLES : 5
NODE_COORD_SECTION
1 35180 187900
2 189840 199670
3 144450 18
4 60104 463410
5 187890 321380
6 75395 345860
7 22142 132660
8 257290 135670
9 12309 249560
10 185490 47405
11 92334 91281
12 27 257950
13 59436 193150
14 203680 441410
15 97503 423610
16 81184 394010
17 187150 3431
18 31769 245120
19 7870 395840
20 39344 382340
DEMAND_SECTION
1 0.0
2 4.0
3 6.0
4 5.0
5 10.0
6 5.0
7 8.0
8 4.0
9 1.0
10 8.0
11 4.0
12 10.0
13 9.0
14 6.0
15 10.0
16 1.0
17 9.0
18 3.0
19 1.0
20 5.0
DISTANCE_MATRIX
0.0 21.1327 28.0179 41.2498 40.1374 47.147 9.60555 30.5345 56.2198 36.7151 37.054 54.9507 3.0 49.2678 43.1778 48.3114 25.4951 8.48528 56.3707 24.7588 
21.1327 0.0 38.833 68.7756 62.6456 27.4592 12.0 35.821 40.6099 48.0521 52.9877 38.6395 34.8516 81.8282 23.4899 74.7013 33.8378 30.8529 82.7607 57.1048 
28.0179 38.833 0.0 46.7703 63.9876 56.5155 27.2029 57.9405 60.3738 9.21954 22.8035 59.5063 29.8329 53.6004 44.5533 56.2485 6.7082 36.4005 64.1603 33.3766 
41.2498 68.7756 46.7703 0.0 24.2211 84.0781 49.089 43.4166 94.5207 49.8216 33.2866 95.2584 39.371 13.8924 80.1088 9.48683 50.2292 37.9384 17.4642 16.6013 
40.1374 62.6456 63.9876 24.2211 0.0 77.7777 49.6319 27.5862 91.0988 71.0499 57.7369 89.1284 37.209 34.0147 73.9789 19.0263 63.6744 34.8117 20.1246 40.7643 
47.147 27.4592 56.5155 84.0781 77.7777 0.0 37.5811 49.2215 14.0357 64.9384 75.8532 12.0416 50.147 97.1307 12.53 90.0038 50.01 46.1553 98.0631 70.3532 
9.60555 12.0 27.2029 49.089 49.6319 37.5811 0.0 39.6792 47.8782 36.4005 41.2311 46.609 12.6056 57.107 33.6119 57.9111 22.8254 17.022 65.9705 32.8117 
30.5345 35.821 57.9405 43.4166 27.5862 49.2215 39.6792 0.0 63.0899 66.3014 62.3618 61.0937 28.1291 56.921 46.2303 45.03 55.8938 24.7083 47.3371 41.0488 
56.2198 40.6099 60.3738 94.5207 91.0988 14.0357 47.8782 63.0899 0.0 67.7791 81.5414 2.0 59.2198 102.539 22.3607 103.154 53.6656 59.306 111.214 78.5555 
36.7151 48.0521 9.21954 49.8216 71.0499 64.9384 36.4005 66.3014 67.7791 0.0 20.6155 67.0671 38.2753 55.0091 53.2353 59.2997 15.0333 44.9444 67.1863 37.6962 
37.054 52.9877 22.8035 33.2866 57.7369 75.8532 41.2311 62.3618 81.5414 20.6155 0.0 80.455 37.0135 35.5106 63.6165 42.5441 29.0 43.1856 50.0899 24.2074 
54.9507 38.6395 59.5063 95.2584 89.1284 12.0416 46.609 61.0937 2.0 67.0671 80.455 0.0 61.3273 101.269 20.5913 101.184 52.8015 57.3357 109.243 77.2863 
3.0 34.8516 29.8329 39.371 37.209 50.147 12.6056 28.1291 59.2198 38.2753 37.0135 61.3273 0.0 47.389 46.1778 45.3158 27.8029 6.7082 53.3751 22.8035 
49.2678 81.8282 53.6004 13.8924 34.0147 97.1307 57.107 56.921 102.539 55.0091 35.5106 101.269 47.389 0.0 93.1614 15.1327 57.7235 50.991 18.868 24.6192 
43.1778 23.4899 44.5533 80.1088 73.9789 12.53 33.6119 46.2303 22.3607 53.2353 63.6165 20.5913 46.1778 93.1614 0.0 86.0345 38.2099 42.1861 94.0939 66.3839 
48.3114 74.7013 56.2485 9.48683 19.0263 90.0038 57.9111 45.03 103.154 59.2997 42.5441 101.184 45.3158 15.1327 86.0345 0.0 59.7073 43.8641 8.06226 26.0794 
25.4951 33.8378 6.7082 50.2292 63.6744 50.01 22.8254 55.8938 53.6656 15.0333 29.0 52.8015 27.8029 57.7235 38.2099 59.7073 0.0 33.9706 67.6191 36.0139 
8.48528 30.8529 36.4005 37.9384 34.8117 46.1553 17.022 24.7083 59.306 44.9444 43.1856 57.3357 6.7082 50.991 42.1861 43.8641 33.9706 0.0 51.9235 26.4008 
56.3707 82.7607 64.1603 17.4642 20.1246 98.0631 65.9705 47.3371 111.214 67.1863 50.0899 109.243 53.3751 18.868 94.0939 8.06226 67.6191 51.9235 0.0 33.9912 
24.7588 57.1048 33.3766 16.6013 40.7643 70.3532 32.8117 41.0488 78.5555 37.6962 24.2074 77.2863 22.8035 24.6192 66.3839 26.0794 36.0139 26.4008 33.9912 0.0 
DEMAND_SCENARIO_SECTION
0 0 0 0 0 0 0 0 0 0 0 0 0 0 0 0 0 0 0 0 0 0 0 0 0 0 0 0 0 0 0 0 0 0 0 0 0 0 0 0 0 0 0 0 0 0 0 0 0 0 
5 8 3 5 1 5 8 0 3 4 4 4 5 2 4 5 3 6 0 4 2 4 1 1 3 7 5 3 5 3 2 4 7 5 7 2 0 1 2 5 4 5 4 1 5 0 4 4 3 1 
6 2 4 3 8 6 4 6 3 7 8 2 6 3 8 3 4 7 9 4 5 3 8 7 8 3 5 4 6 9 4 5 11 5 10 4 3 6 8 10 2 7 6 3 5 2 3 6 4 0 
7 4 7 2 4 5 8 4 7 6 1 6 6 7 6 1 9 6 6 5 9 8 7 8 5 0 6 4 2 6 4 4 5 5 2 6 7 4 5 6 7 6 4 7 3 7 10 6 1 5 
6 9 9 5 7 12 8 12 11 15 17 13 16 8 3 8 10 9 8 8 7 10 14 14 10 11 8 10 9 7 8 9 14 17 11 13 1 11 7 7 10 9 10 12 11 12 7 8 11 9 
3 6 7 6 2 4 8 6 5 7 10 4 2 4 9 0 5 4 6 8 4 3 4 8 2 5 6 8 5 2 3 4 7 8 6 5 3 7 5 2 10 3 1 1 7 7 9 4 2 6 
2 10 12 6 9 8 5 12 6 16 7 11 8 14 8 7 8 7 8 9 10 5 9 7 10 11 10 5 7 6 4 10 3 8 8 8 6 10 11 9 8 9 11 7 7 12 8 9 8 9 
7 1 1 4 3 1 7 7 9 2 5 1 4 7 6 2 2 4 6 4 2 6 3 2 7 5 5 3 2 8 2 1 3 5 3 3 4 3 3 4 6 4 4 6 5 5 4 5 0 3 
1 0 0 1 0 0 1 0 0 1 0 2 0 2 1 2 2 1 0 1 2 0 1 1 0 2 0 2 1 0 1 0 1 0 2 0 1 2 1 1 3 2 2 3 0 1 2 2 0 2 
10 6 9 7 5 12 13 11 4 9 8 8 6 12 8 8 11 7 6 9 8 9 10 7 11 8 10 10 8 7 8 1 8 9 10 13 12 4 10 8 10 8 6 8 7 6 10 7 8 12 
6 2 4 4 4 5 6 3 5 6 5 2 4 5 6 3 6 6 2 6 6 3 4 2 6 4 5 2 6 1 4 4 4 4 5 5 0 6 2 4 1 5 4 5 8 3 1 5 3 6 
13 12 13 7 9 16 6 6 9 6 8 9 13 7 9 12 12 9 8 8 11 8 15 9 5 9 12 10 12 6 6 12 11 10 6 9 9 10 17 8 14 9 10 7 8 15 12 8 5 12 
4 8 2 8 14 5 11 6 7 7 7 14 2 6 13 8 7 10 7 13 2 10 10 6 8 7 9 11 13 5 5 10 9 13 12 8 10 9 8 7 6 3 13 6 11 9 13 11 9 7 
5 9 2 14 5 6 9 7 6 6 5 8 9 4 8 5 6 7 7 6 8 5 14 10 5 6 3 7 5 9 5 5 4 13 0 7 6 8 5 5 6 7 5 9 6 4 7 5 7 6 
10 10 7 9 7 13 12 8 11 13 13 6 9 11 12 6 13 13 9 5 9 8 13 7 13 11 9 10 9 9 12 0 8 16 6 7 15 12 11 13 12 12 9 12 8 9 9 9 2 10 
0 0 1 1 1 0 1 3 2 1 0 1 0 2 1 0 1 1 1 0 2 0 0 2 0 1 2 0 3 1 0 1 1 1 0 2 0 0 0 0 1 2 0 0 1 0 1 1 2 1 
10 9 14 8 10 13 7 13 9 10 9 8 11 12 3 10 9 14 5 9 8 9 10 10 8 7 7 6 13 13 2 2 9 11 11 13 12 6 9 7 8 11 9 6 5 4 11 3 14 5 
2 4 2 2 1 2 1 4 5 5 2 5 3 3 3 3 1 2 5 4 3 6 3 3 1 1 0 2 0 3 3 6 3 3 0 3 4 3 6 5 4 4 2 3 4 2 0 3 4 4 
0 1 0 1 2 2 2 0 2 1 2 0 1 0 2 0 0 1 0 0 0 1 2 0 3 2 1 2 1 1 2 1 1 1 1 0 0 2 0 3 2 0 0 2 1 1 2 0 2 0 
9 8 4 9 3 6 4 9 5 5 5 6 8 0 4 6 4 4 5 5 6 4 7 7 3 4 7 1 5 2 5 3 8 7 6 9 6 2 7 6 7 7 4 0 4 3 3 3 6 8 
DEPOT_SECTION
 1
 -1
EOF
