NAME  : Parada_20_5_0.95_1.00_9
TYPE : SVRP
MODEL : FINITE_SUPPORT
NUMBER_OF_SCENARIOS : 50
DIMENSION : 20
EDGE_WEIGHT_TYPE : MATRIX
CAPACITY : 26
N_VEHICLES : 5
NODE_COORD_SECTION
1 18117 156360
2 271800 173520
3 183880 18
4 79150 344540
5 235570 160150
6 192650 174790
7 58944 46140
8 300400 111160
9 144510 95222
10 255330 71430
11 174760 105380
12 27 200020
13 337830 148030
14 312350 273890
15 180770 298510
16 224970 80638
17 305660 30991
18 65579 316870
19 127750 190990
20 96409 225870
DEMAND_SECTION
1 0.0
2 1.0
3 2.0
4 8.0
5 1.0
6 9.0
7 2.0
8 9.0
9 10.0
10 8.0
11 10.0
12 9.0
13 3.0
14 5.0
15 7.0
16 10.0
17 8.0
18 9.0
19 7.0
20 9.0
DISTANCE_MATRIX
0.0 38.9487 55.0659 12.083 63.6886 38.1838 62.555 29.4515 56.0611 27.2029 33.0606 35.5813 43.8405 57.7667 39.6232 56.72 37.2156 40.926 22.3607 50.4549 
38.9487 0.0 64.4127 43.3393 50.6457 10.6301 75.9605 47.0685 36.7696 18.2483 34.9285 23.1948 42.107 61.0737 71.8128 19.0263 74.0987 64.979 38.1182 24.397 
55.0659 64.4127 0.0 66.9499 107.072 54.626 18.3576 42.0476 96.1509 47.4342 29.6816 75.6969 91.0418 109.052 89.5143 81.3449 81.0987 27.2947 33.0151 90.5448 
12.083 43.3393 66.9499 0.0 52.6909 44.1608 68.2998 41.3354 50.7224 34.7851 44.1022 42.4247 33.1068 45.6836 30.4631 60.7173 31.8904 46.6708 34.2053 49.6321 
63.6886 50.6457 107.072 52.6909 0.0 61.1736 114.871 83.3589 14.1421 61.3048 78.4092 31.4006 19.9249 18.3848 57.8705 49.0918 69.0652 98.6806 75.3227 26.2488 
38.1838 10.6301 54.626 44.1608 61.1736 0.0 67.2681 40.8359 47.311 12.083 25.7099 31.257 50.1597 69.7209 74.6171 26.9258 74.8131 56.9084 31.4006 34.9249 
62.555 75.9605 18.3576 68.2998 114.871 67.2681 0.0 46.6383 103.857 57.8705 41.5933 83.3776 96.9457 112.995 85.235 94.1488 74.7262 21.6333 39.4304 97.7791 
29.4515 47.0685 42.0476 41.3354 83.3589 40.8359 46.6383 0.0 72.4637 29.1551 23.3732 51.9839 65.4338 83.4825 50.04 66.0554 45.2217 31.868 11.0454 66.2721 
56.0611 36.7696 96.1509 50.7224 14.1421 47.311 103.857 72.4637 0.0 50.3081 67.4534 20.4875 18.7883 29.1548 60.0083 35.3553 69.1231 96.3638 64.4275 12.53 
27.2029 18.2483 47.4342 34.7851 61.3048 12.083 57.8705 29.1551 50.3081 0.0 17.8045 30.0167 47.5052 67.4256 65.192 37.054 64.3506 46.7621 20.0 44.702 
33.0606 34.9285 29.6816 44.1022 78.4092 25.7099 41.5933 23.3732 67.4534 17.8045 0.0 47.0106 65.0246 83.0061 72.5603 52.6308 68.4381 32.0416 12.53 61.8473 
35.5813 23.1948 75.6969 42.4247 31.4006 31.257 83.3776 51.9839 20.4875 30.0167 47.0106 0.0 19.0 38.4708 53.0555 40.6865 61.0174 75.884 43.9477 14.8813 
43.8405 42.107 91.0418 33.1068 19.9249 50.1597 96.9457 65.4338 18.7883 47.5052 65.0246 19.0 0.0 19.9249 41.2311 48.3011 50.8035 79.0965 58.036 21.9545 
57.7667 61.0737 109.052 45.6836 18.3848 69.7209 112.995 83.4825 29.1548 67.4256 83.0061 38.4708 19.9249 0.0 44.1022 64.0312 56.8859 91.3659 76.0367 38.3275 
39.6232 71.8128 89.5143 30.4631 57.8705 74.6171 85.235 50.04 60.0083 65.192 72.5603 53.0555 41.2311 44.1022 0.0 86.0722 13.8924 64.195 61.0737 60.2629 
56.72 19.0263 81.3449 60.7173 49.0918 26.9258 94.1488 66.0554 35.3553 37.054 52.6308 40.6865 48.3011 64.0312 86.0722 0.0 94.0341 83.5169 57.0351 26.4008 
37.2156 74.0987 81.0987 31.8904 69.0652 74.8131 74.7262 45.2217 69.1231 64.3506 68.4381 61.0174 50.8035 56.8859 13.8924 94.0341 0.0 54.5894 56.0446 68.2248 
40.926 64.979 27.2947 46.6708 98.6806 56.9084 21.6333 31.868 96.3638 46.7621 32.0416 75.884 79.0965 91.3659 64.195 83.5169 54.5894 0.0 28.0706 86.4192 
22.3607 38.1182 33.0151 34.2053 75.3227 31.4006 39.4304 11.0454 64.4275 20.0 12.53 43.9477 58.036 76.0367 61.0737 57.0351 56.0446 28.0706 0.0 58.4166 
50.4549 24.397 90.5448 49.6321 26.2488 34.9249 97.7791 66.2721 12.53 44.702 61.8473 14.8813 21.9545 38.3275 60.2629 26.4008 68.2248 86.4192 58.4166 0.0 
DEMAND_SCENARIO_SECTION
0 0 0 0 0 0 0 0 0 0 0 0 0 0 0 0 0 0 0 0 0 0 0 0 0 0 0 0 0 0 0 0 0 0 0 0 0 0 0 0 0 0 0 0 0 0 0 0 0 0 
1 0 0 0 0 0 2 1 2 2 0 1 0 0 2 0 0 1 1 0 2 2 1 2 1 2 1 1 1 1 1 0 1 3 1 1 1 1 3 1 0 3 1 1 1 2 2 2 1 0 
1 1 0 2 5 2 6 5 2 1 4 4 4 1 4 3 2 1 1 2 3 3 2 4 5 2 4 2 0 3 3 2 0 1 3 0 2 3 3 2 2 4 0 3 0 4 0 1 2 2 
9 8 4 7 6 8 5 2 10 4 5 8 4 8 6 13 4 12 11 10 4 9 8 10 9 7 5 7 11 4 3 6 6 5 8 5 8 9 11 7 3 13 4 5 8 9 8 9 6 4 
2 1 1 1 0 1 1 1 2 0 0 0 1 2 0 1 2 0 1 1 1 0 1 1 0 0 2 1 2 0 1 0 1 2 0 0 2 0 3 1 3 0 1 2 2 1 2 3 0 2 
5 5 5 11 13 11 7 10 3 9 5 3 14 9 7 6 9 4 9 8 9 9 9 11 9 7 8 5 8 13 5 10 4 10 9 9 14 9 10 8 8 10 6 5 12 10 12 8 7 7 
1 4 3 6 3 1 0 1 2 4 2 5 0 1 2 1 1 3 2 2 1 2 2 1 3 3 3 1 1 1 1 1 0 1 0 1 3 3 0 3 1 2 1 0 2 2 2 4 3 1 
12 4 11 5 7 8 12 7 10 9 5 10 4 9 12 8 10 10 8 13 6 10 5 6 7 10 8 13 14 11 14 5 11 10 11 8 7 8 10 9 8 9 12 8 1 9 9 5 10 12 
9 10 10 14 12 4 6 16 8 13 11 10 5 10 5 9 10 14 16 13 8 15 11 12 13 12 10 11 8 12 10 14 10 11 13 12 5 10 6 3 6 10 5 11 9 10 15 12 6 9 
10 7 9 7 4 13 7 9 8 11 7 10 2 11 11 9 4 9 7 5 8 13 12 10 9 8 5 7 1 7 11 3 7 9 9 15 4 7 9 13 12 2 7 11 5 8 2 10 8 5 
12 8 12 7 11 11 10 8 6 15 11 13 11 8 8 11 15 12 4 12 12 11 10 10 8 13 8 12 13 13 10 9 5 7 8 18 4 10 8 8 5 14 14 10 14 14 13 9 14 15 
6 7 9 11 5 10 8 4 7 7 10 9 8 15 7 10 13 9 11 7 9 7 10 13 15 10 5 8 6 7 8 10 9 13 12 8 10 14 6 10 14 13 13 11 4 7 8 7 9 8 
2 3 2 4 2 1 5 3 2 1 5 0 4 3 7 4 3 4 1 1 4 4 2 5 7 0 4 6 2 4 5 3 1 0 4 5 3 1 1 4 0 4 4 6 2 2 1 3 5 4 
7 10 5 5 6 4 7 7 6 2 5 2 7 5 9 5 10 2 4 0 4 4 2 4 4 8 7 5 4 1 0 3 6 8 5 3 2 7 2 3 8 5 5 7 4 4 4 4 4 1 
7 6 11 4 8 6 2 8 7 3 11 6 5 8 8 7 8 11 7 6 8 5 9 9 1 9 6 7 13 9 10 6 6 12 6 8 10 9 3 7 8 6 9 8 11 10 4 5 8 7 
9 16 12 9 11 10 11 9 9 10 8 12 8 14 13 8 11 5 9 3 15 1 15 6 8 13 7 7 16 13 12 14 6 7 12 8 13 8 8 12 18 7 12 11 11 11 19 12 11 12 
11 9 10 10 4 11 5 10 11 11 4 4 4 7 5 7 11 11 5 11 9 10 6 7 6 9 10 11 5 6 13 10 8 9 8 8 6 6 7 7 5 4 9 8 6 9 9 7 10 7 
10 7 8 8 13 8 12 11 6 11 6 5 8 7 10 7 14 10 9 6 10 10 12 7 3 11 14 9 12 8 3 4 10 9 4 9 14 10 10 7 10 11 10 10 8 9 18 11 8 12 
9 9 11 2 8 10 4 10 9 12 7 9 9 6 3 8 9 5 4 6 10 6 9 7 7 8 9 7 6 11 7 5 12 3 13 3 8 10 5 5 8 6 5 7 9 5 9 7 4 6 
13 15 14 10 12 8 11 15 11 7 7 8 8 11 11 9 13 9 11 11 9 13 8 13 11 10 7 2 9 8 15 7 9 12 9 13 13 6 9 13 10 12 16 6 12 5 12 8 6 10 
DEPOT_SECTION
 1
 -1
EOF
