NAME  : Parada_20_5_0.95_1.00_4
TYPE : SVRP
MODEL : FINITE_SUPPORT
NUMBER_OF_SCENARIOS : 50
DIMENSION : 20
EDGE_WEIGHT_TYPE : MATRIX
CAPACITY : 19
N_VEHICLES : 5
NODE_COORD_SECTION
1 27 193870
2 318720 219180
3 172980 18
4 127800 469500
5 262610 312500
6 177790 412310
7 41162 42984
8 396840 96284
9 176850 196430
10 326830 89523
11 231610 123430
12 79175 237670
13 375810 331000
14 374430 371890
15 163510 264240
16 266410 158750
17 357210 117580
18 138850 329570
19 47414 414880
20 106970 92982
DEMAND_SECTION
1 0.0
2 3.0
3 2.0
4 1.0
5 9.0
6 5.0
7 3.0
8 10.0
9 8.0
10 7.0
11 1.0
12 3.0
13 7.0
14 1.0
15 5.0
16 2.0
17 10.0
18 4.0
19 3.0
20 8.0
DISTANCE_MATRIX
0.0 58.9001 38.4708 32.2025 27.1957 43.9318 45.2769 58.983 36.5266 49.9319 29.7664 24.4181 52.3259 47.7277 34.3176 53.7353 64.3638 50.5877 41.0 44.7214 
58.9001 0.0 56.545 62.2953 29.1573 73.1775 79.1896 30.8869 24.3519 26.6833 77.8799 34.4819 71.5891 95.8413 25.1503 8.94427 13.1529 13.9284 84.5218 70.2814 
38.4708 56.545 0.0 70.4911 57.1402 81.9479 25.4951 45.793 37.5766 39.0512 49.6491 32.249 90.7855 61.4003 40.5216 51.3128 61.4003 66.7608 76.8164 14.1421 
32.2025 62.2953 70.4911 0.0 33.1361 12.2066 72.3671 93.7735 65.1397 79.9 36.0555 52.9742 21.3776 48.3011 62.8737 70.5119 75.1137 56.1427 27.0185 75.4313 
27.1957 29.1573 57.1402 33.1361 0.0 44.1475 70.8646 59.1138 33.1222 50.5581 50.0924 26.2488 44.1022 68.0537 26.447 37.3795 41.9756 24.0416 55.7853 67.2681 
43.9318 73.1775 81.9479 12.2066 44.1475 0.0 81.7493 105.506 76.8726 91.6329 43.7379 64.7071 15.2315 51.4198 74.6066 81.49 85.9959 66.0681 26.4008 85.5138 
45.2769 79.1896 25.4951 72.3671 70.8646 81.7493 0.0 71.1969 59.5483 64.0703 38.5914 50.774 93.7443 45.607 60.4649 74.2765 84.8528 86.1152 64.3506 13.0384 
58.983 30.8869 45.793 93.7735 59.1138 105.506 71.1969 0.0 26.2491 9.05539 88.0574 35.9026 102.53 99.9236 33.0868 21.9545 25.0799 44.7214 99.4109 59.6406 
36.5266 24.3519 37.5766 65.1397 33.1222 76.8726 59.5483 26.2491 0.0 17.4801 70.106 12.1655 78.6937 81.9722 7.07107 19.4411 30.0695 30.2433 76.9544 51.1077 
49.9319 26.6833 39.0512 79.9 50.5581 91.6329 64.0703 9.05539 17.4801 0.0 79.5392 26.9258 93.974 91.4054 24.3178 18.1108 25.0 40.5216 90.3597 53.1507 
29.7664 77.8799 49.6491 36.0555 50.0924 43.7379 38.5914 88.0574 70.106 79.5392 0.0 59.1091 57.0351 21.1896 63.353 82.7707 93.3992 73.6409 26.8701 45.9508 
24.4181 34.4819 32.249 52.9742 26.2488 64.7071 50.774 35.9026 12.1655 26.9258 59.1091 0.0 67.0394 70.9753 9.89949 29.3172 39.9457 35.3412 64.846 44.2719 
52.3259 71.5891 90.7855 21.3776 44.1022 15.2315 93.7443 102.53 78.6937 93.974 57.0351 67.0394 0.0 66.4831 69.8629 79.8398 84.309 62.3618 41.6293 96.342 
47.7277 95.8413 61.4003 48.3011 68.0537 51.4198 45.607 99.9236 81.9722 91.4054 21.1896 70.9753 66.4831 0.0 80.8748 97.6617 111.361 91.6022 26.0192 55.9464 
34.3176 25.1503 40.5216 62.8737 26.447 74.6066 60.4649 33.0868 7.07107 24.3178 63.353 9.89949 69.8629 80.8748 0.0 26.2788 36.9072 26.2488 83.5729 53.3104 
53.7353 8.94427 51.3128 70.5119 37.3795 81.49 74.2765 21.9545 19.4411 18.1108 82.7707 29.3172 79.8398 97.6617 26.2788 0.0 10.8167 22.8473 92.7384 65.215 
64.3638 13.1529 61.4003 75.1137 41.9756 85.9959 84.8528 25.0799 30.0695 25.0 93.3992 39.9457 84.309 111.361 36.9072 10.8167 0.0 23.4307 97.3402 75.4321 
50.5877 13.9284 66.7608 56.1427 24.0416 66.0681 86.1152 44.7214 30.2433 40.5216 73.6409 35.3412 62.3618 91.6022 26.2488 22.8473 23.4307 0.0 79.8123 79.4796 
41.0 84.5218 76.8164 27.0185 55.7853 26.4008 64.3506 99.4109 76.9544 90.3597 26.8701 64.846 41.6293 26.0192 83.5729 92.7384 97.3402 79.8123 0.0 71.9022 
44.7214 70.2814 14.1421 75.4313 67.2681 85.5138 13.0384 59.6406 51.1077 53.1507 45.9508 44.2719 96.342 55.9464 53.3104 65.215 75.4321 79.4796 71.9022 0.0 
DEMAND_SCENARIO_SECTION
0 0 0 0 0 0 0 0 0 0 0 0 0 0 0 0 0 0 0 0 0 0 0 0 0 0 0 0 0 0 0 0 0 0 0 0 0 0 0 0 0 0 0 0 0 0 0 0 0 0 
2 2 3 4 4 3 5 6 0 4 5 5 4 3 3 1 0 0 4 4 5 2 2 2 2 1 1 5 4 4 3 3 5 2 1 4 5 3 3 3 2 3 3 2 6 4 2 6 4 4 
2 3 3 3 3 0 0 2 1 2 2 4 0 3 1 2 5 4 3 3 5 1 4 2 3 3 3 3 1 4 2 3 2 2 2 1 3 2 3 1 0 1 1 3 0 3 2 4 2 2 
1 1 2 2 3 0 0 2 1 1 3 1 2 0 1 2 0 1 1 1 1 1 1 2 1 0 3 2 0 0 1 1 1 0 1 1 0 2 0 0 0 3 1 3 0 0 0 1 0 1 
12 9 9 6 6 11 10 15 13 7 13 5 8 10 13 8 8 10 11 9 7 7 11 8 8 4 11 9 14 12 5 11 13 6 9 10 11 7 10 14 14 8 9 4 7 6 12 8 6 7 
2 5 5 4 4 4 5 8 5 8 5 2 6 6 5 7 4 6 5 4 3 0 5 7 5 5 1 7 7 6 5 7 3 8 5 7 4 7 6 4 3 5 3 7 8 7 1 3 6 6 
2 6 1 4 3 0 0 0 0 1 3 5 4 3 3 2 0 6 4 2 0 4 2 4 2 2 3 2 1 1 3 4 5 5 2 0 3 2 2 4 4 3 4 3 1 4 2 2 1 8 
12 4 11 12 12 8 11 11 15 10 9 14 12 5 14 7 2 15 12 7 9 12 12 14 8 8 3 14 14 13 8 7 10 9 13 11 9 9 9 7 8 7 8 9 12 13 13 6 7 6 
13 15 5 7 6 12 8 11 5 9 6 8 1 11 11 6 7 6 9 9 8 10 8 5 12 5 10 9 5 5 6 11 5 4 9 7 9 11 5 12 6 9 4 8 7 5 10 9 6 12 
7 5 8 7 5 3 3 7 12 5 5 3 8 5 6 10 11 8 8 8 7 7 3 4 1 5 8 6 10 4 7 6 4 6 3 3 0 7 5 8 7 10 6 7 4 4 5 5 6 11 
2 1 0 1 1 2 2 1 2 1 3 0 2 0 1 2 1 1 2 1 1 1 1 1 0 0 1 1 1 2 1 0 2 2 1 0 1 1 1 3 1 3 0 1 3 0 1 2 0 0 
1 2 6 1 6 5 4 0 3 3 5 4 4 1 2 2 1 6 2 1 3 2 2 3 4 4 0 4 2 3 0 5 2 1 4 7 4 3 6 2 6 5 1 3 6 5 4 0 2 3 
6 5 5 5 6 7 10 10 10 9 5 6 7 6 7 6 6 6 11 9 4 6 6 5 10 9 5 2 9 10 7 9 6 10 8 8 5 10 0 8 9 7 5 9 9 10 7 10 2 8 
1 2 0 0 0 1 0 2 2 1 0 0 3 1 1 2 2 0 2 1 1 0 1 0 1 1 1 0 1 0 1 2 2 3 0 2 0 1 2 1 2 1 1 2 1 0 0 3 0 1 
7 9 6 5 4 1 6 8 4 3 1 3 6 6 3 7 4 6 4 4 4 9 8 2 6 7 7 1 7 3 3 1 2 4 3 2 6 8 8 4 3 2 6 2 5 6 8 5 7 1 
3 4 0 3 0 1 2 2 0 2 1 2 0 0 4 1 3 3 2 3 1 0 2 3 3 4 4 2 1 2 2 0 3 2 2 0 2 3 1 0 1 3 4 3 3 1 2 3 3 1 
10 7 7 14 9 7 13 6 6 6 12 10 8 15 10 10 15 10 11 13 13 12 8 13 8 11 13 2 10 7 13 9 6 10 5 7 9 5 9 7 5 13 12 13 5 14 8 12 9 9 
3 0 4 4 4 5 5 6 4 5 3 0 5 2 7 9 4 6 4 4 4 2 10 0 4 4 4 3 6 3 5 3 4 3 6 7 3 5 6 4 5 4 6 4 5 3 4 5 5 5 
3 5 4 1 3 1 4 0 1 0 1 4 4 2 4 3 4 2 3 3 1 2 2 4 1 3 3 1 1 0 4 0 0 2 1 1 5 4 4 6 2 3 5 4 4 3 0 3 4 4 
6 4 5 8 5 14 4 6 7 4 9 11 8 10 9 9 6 9 9 9 6 7 3 12 6 6 7 8 13 5 8 3 5 7 12 6 10 6 6 8 5 5 6 13 7 4 9 4 10 7 
DEPOT_SECTION
 1
 -1
EOF
