NAME  : Parada_20_5_0.95_1.00_0
TYPE : SVRP
MODEL : FINITE_SUPPORT
NUMBER_OF_SCENARIOS : 50
DIMENSION : 20
EDGE_WEIGHT_TYPE : MATRIX
CAPACITY : 25
N_VEHICLES : 5
NODE_COORD_SECTION
1 69925 224700
2 410260 231170
3 241080 18
4 311100 313830
5 204950 231970
6 213650 296980
7 181700 217640
8 472620 160220
9 246130 96306
10 358040 68829
11 306520 126620
12 27 253760
13 468430 203100
14 409440 292780
15 235310 297860
16 333120 132610
17 366590 166420
18 128900 351930
19 141520 352040
20 106150 244500
DEMAND_SECTION
1 0.0
2 4.0
3 9.0
4 10.0
5 9.0
6 8.0
7 6.0
8 7.0
9 4.0
10 6.0
11 3.0
12 9.0
13 10.0
14 7.0
15 7.0
16 7.0
17 1.0
18 1.0
19 10.0
20 1.0
DISTANCE_MATRIX
0.0 30.395 36.2488 51.4718 20.4642 30.4138 23.7888 46.0652 54.7793 54.261 53.4883 24.8983 57.8014 35.7351 33.7431 58.3605 62.5164 32.5576 38.2753 5.83095 
30.395 0.0 66.4339 23.7697 37.573 34.1548 31.6255 30.0666 46.0709 53.1507 81.4173 38.8295 90.2294 25.9422 30.0 31.4006 34.7131 47.1496 44.1152 36.166 
36.2488 66.4339 0.0 85.7396 37.108 58.9322 39.6232 82.1952 67.2681 62.0967 25.9615 38.6889 22.8473 70.3768 49.366 75.0256 94.774 32.7567 62.4267 30.4795 
51.4718 23.7697 85.7396 0.0 48.9761 52.6308 48.1041 34.6554 48.2597 59.2284 93.3488 59.8199 103.148 38.9102 42.72 31.257 11.0454 63.2535 61.9839 57.2429 
20.4642 37.573 37.108 48.9761 0.0 50.5395 3.60555 58.0517 34.6659 34.6554 44.6878 38.1892 54.0833 50.01 13.3417 38.223 58.0086 16.4924 58.7136 17.8661 
30.4138 34.1548 58.9322 52.6308 50.5395 0.0 51.7433 28.2312 78.4249 81.0062 81.2158 20.2485 81.7747 16.4924 56.4358 65.5553 63.1506 62.9682 10.0 35.0571 
23.7888 31.6255 39.6232 48.1041 3.60555 51.7433 0.0 59.5399 31.0716 31.1448 45.2548 48.6746 55.5698 52.0384 10.0499 36.5816 56.8507 15.6525 62.0381 21.1906 
46.0652 30.0666 82.1952 34.6554 58.0517 28.2312 59.5399 0.0 74.7262 83.0241 99.4032 44.5982 103.748 12.2066 60.0333 58.8727 42.72 74.5252 34.3657 51.8845 
54.7793 46.0709 67.2681 48.2597 34.6659 78.4249 31.0716 74.7262 0.0 12.2066 62.9365 76.5755 77.4661 71.9802 22.3883 17.0294 51.5461 35.0143 87.9032 52.1812 
54.261 53.1507 62.0967 59.2284 34.6554 81.0062 31.1448 83.0241 12.2066 0.0 53.7587 79.021 69.1809 78.7473 24.5967 28.1603 63.3246 29.4109 90.3557 51.6628 
53.4883 81.4173 25.9615 93.3488 44.6878 81.2158 45.2548 99.4032 62.9365 53.7587 0.0 61.4003 16.4924 89.1964 52.2015 73.5732 101.98 30.8058 86.209 47.7598 
24.8983 38.8295 38.6889 59.8199 38.1892 20.2485 48.6746 44.5982 76.5755 79.021 61.4003 0.0 61.5314 32.5269 54.4593 70.209 70.842 46.7577 25.02 24.1675 
57.8014 90.2294 22.8473 103.148 54.0833 81.7747 55.5698 103.748 77.4661 69.1809 16.4924 61.5314 0.0 93.1117 63.9766 87.5857 112.091 43.3244 84.9002 52.0096 
35.7351 25.9422 70.3768 38.9102 50.01 16.4924 52.0384 12.2066 71.9802 78.7473 89.1964 32.5269 93.1117 0.0 54.3721 57.1402 48.7032 66.1891 24.0832 41.4367 
33.7431 30.0 49.366 42.72 13.3417 56.4358 10.0499 60.0333 22.3883 24.5967 52.2015 54.4593 63.9766 54.3721 0.0 31.635 50.4462 21.4009 65.794 31.1449 
58.3605 31.4006 75.0256 31.257 38.223 65.5553 36.5816 58.8727 17.0294 28.1603 73.5732 70.209 87.5857 57.1402 31.635 0.0 35.3412 44.659 75.5158 55.8252 
62.5164 34.7131 94.774 11.0454 58.0086 63.1506 56.8507 42.72 51.5461 63.3246 101.98 70.842 112.091 48.7032 50.4462 35.3412 0.0 71.4253 72.2772 68.2875 
32.5576 47.1496 32.7567 63.2535 16.4924 62.9682 15.6525 74.5252 35.0143 29.4109 30.8058 46.7577 43.3244 66.1891 21.4009 44.659 71.4253 0.0 70.6669 28.4605 
38.2753 44.1152 62.4267 61.9839 58.7136 10.0 62.0381 34.3657 87.9032 90.3557 86.209 25.02 84.9002 24.0832 65.794 75.5158 72.2772 70.6669 0.0 42.4028 
5.83095 36.166 30.4795 57.2429 17.8661 35.0571 21.1906 51.8845 52.1812 51.6628 47.7598 24.1675 52.0096 41.4367 31.1449 55.8252 68.2875 28.4605 42.4028 0.0 
DEMAND_SCENARIO_SECTION
0 0 0 0 0 0 0 0 0 0 0 0 0 0 0 0 0 0 0 0 0 0 0 0 0 0 0 0 0 0 0 0 0 0 0 0 0 0 0 0 0 0 0 0 0 0 0 0 0 0 
3 3 7 4 2 5 1 6 2 8 3 3 3 4 0 0 2 6 4 3 6 5 0 4 5 5 1 3 3 4 6 2 7 6 4 3 4 4 8 1 5 2 4 2 3 2 3 2 4 6 
7 10 8 13 9 4 13 14 9 10 12 5 6 8 11 10 9 9 14 13 10 16 10 8 9 10 12 7 11 6 12 11 12 8 6 8 12 11 8 10 10 6 10 13 13 5 6 11 6 10 
11 10 15 15 10 6 12 12 7 8 10 12 11 12 13 10 9 9 11 11 10 11 10 12 9 10 13 18 16 8 12 12 12 0 9 7 12 7 6 14 12 11 8 8 9 9 10 8 8 6 
12 10 8 9 9 8 9 7 10 6 14 5 6 11 11 7 8 7 6 6 12 9 6 3 10 10 8 12 14 8 11 14 4 7 9 10 14 12 11 8 9 8 11 6 12 11 5 8 12 5 
7 5 7 5 8 8 7 10 11 8 7 4 5 11 11 14 8 12 9 9 5 5 12 8 7 9 5 8 8 7 11 9 6 5 12 7 10 9 10 5 7 9 13 14 13 7 5 11 16 9 
6 1 11 10 9 8 4 7 6 6 6 10 9 5 2 8 5 8 8 11 8 7 5 4 10 4 9 2 4 12 6 8 7 6 9 5 3 7 3 4 1 9 3 6 7 1 5 6 6 4 
12 4 9 5 3 6 10 10 6 7 1 5 11 6 5 5 5 6 3 9 13 12 5 3 6 2 9 6 11 8 10 7 9 4 5 4 7 9 7 7 11 5 1 11 12 7 8 6 2 5 
3 9 7 3 3 7 5 6 0 6 7 0 7 2 4 5 5 9 9 3 4 6 3 3 3 2 2 4 1 5 3 1 1 6 2 7 3 6 5 4 4 1 5 3 2 6 0 1 1 5 
8 6 6 5 5 11 6 7 7 3 7 4 5 5 3 6 5 3 3 7 6 5 7 9 6 5 0 6 12 6 7 8 5 6 8 9 1 9 7 7 3 6 6 5 1 7 10 6 9 6 
3 3 3 2 5 1 4 3 4 3 3 1 1 5 2 3 3 3 6 2 6 2 2 1 3 3 2 3 5 1 4 3 2 5 5 0 2 3 5 5 2 3 4 7 1 1 3 4 4 4 
12 11 8 10 14 10 13 11 6 6 4 11 8 3 8 9 7 9 10 8 4 13 10 6 2 11 11 8 7 8 8 8 8 13 9 9 8 3 7 9 7 10 9 8 13 12 13 12 10 10 
6 17 10 12 6 12 14 12 15 5 10 12 14 8 11 9 7 11 9 13 5 10 8 10 10 10 5 15 10 4 12 8 13 11 7 14 12 11 4 13 9 12 10 0 16 5 10 10 10 11 
8 11 5 5 5 6 5 3 2 8 6 6 9 7 4 10 4 11 10 0 10 8 8 10 10 6 9 10 11 13 7 12 7 5 6 10 8 8 7 6 8 5 6 8 11 4 6 5 4 8 
6 12 8 6 7 1 8 2 5 7 8 8 6 9 11 11 5 7 3 8 10 9 7 9 9 10 6 4 8 6 7 8 5 8 8 8 9 9 10 10 4 9 7 7 5 3 3 4 5 4 
5 3 3 5 1 9 4 6 5 7 5 6 4 5 6 9 7 6 6 4 8 6 6 4 9 8 10 4 6 5 7 4 6 6 6 8 7 6 3 9 11 5 2 5 7 8 5 13 8 6 
0 1 0 0 1 3 1 1 2 2 1 1 1 2 3 0 0 1 0 0 1 0 3 0 3 2 0 1 0 3 0 3 3 1 3 1 2 0 0 2 0 0 2 2 1 3 2 3 0 2 
3 2 1 1 1 1 2 1 2 1 1 0 2 2 0 1 2 3 1 2 1 2 0 2 2 2 3 2 0 1 1 0 1 0 0 2 0 3 0 1 1 1 3 0 1 1 1 0 1 1 
11 6 8 5 12 11 11 8 12 12 14 9 10 14 5 13 2 8 11 8 14 9 4 6 10 16 7 9 12 10 7 11 12 10 9 8 15 4 10 12 12 17 12 8 13 13 5 12 8 10 
2 1 3 3 1 3 1 1 1 1 3 0 0 0 2 2 2 2 1 1 3 1 3 2 1 2 0 1 2 3 0 2 1 0 0 2 2 3 2 1 1 1 0 0 3 0 0 1 0 1 
DEPOT_SECTION
 1
 -1
EOF
