NAME  : Parada_20_6_0.95_1.00_9
TYPE : SVRP
MODEL : FINITE_SUPPORT
NUMBER_OF_SCENARIOS : 50
DIMENSION : 20
EDGE_WEIGHT_TYPE : MATRIX
CAPACITY : 19
N_VEHICLES : 6
NODE_COORD_SECTION
1 10035 160400
2 359930 416240
3 93023 111980
4 204500 405560
5 84115 341310
6 208080 392330
7 37930 18
8 402690 100260
9 223520 32166
10 227590 378830
11 125450 203440
12 68384 138030
13 359440 143500
14 494860 486330
15 319080 480560
16 275270 79149
17 350690 70434
18 69660 361300
19 27 392370
20 258030 175920
DEMAND_SECTION
1 0.0
2 5.0
3 8.0
4 6.0
5 4.0
6 5.0
7 8.0
8 9.0
9 1.0
10 1.0
11 10.0
12 8.0
13 5.0
14 5.0
15 9.0
16 6.0
17 4.0
18 1.0
19 8.0
20 8.0
DISTANCE_MATRIX
0.0 34.21 29.2286 47.0106 41.4077 47.0106 49.6488 35.0071 57.2014 47.3814 43.4166 22.9114 34.0 65.0022 43.2329 27.8029 27.0185 46.4074 54.2119 33.0606 
34.21 0.0 63.3648 51.4004 64.3252 52.6308 55.3624 65.5776 85.0417 48.5489 75.9108 57.0476 60.9593 34.9285 9.48683 30.6759 56.3895 68.4122 72.1133 53.8738 
29.2286 63.3648 0.0 45.607 21.0238 44.4072 74.5808 33.0 57.4735 48.8365 14.8661 7.2111 42.45 78.7499 71.1704 56.7652 33.5261 25.0799 35.0143 51.4639 
47.0106 51.4004 45.607 0.0 30.8869 2.0 95.1893 74.5762 99.5662 5.0 46.8722 45.6508 78.8543 45.8912 59.4643 67.3634 70.342 31.9531 29.0172 80.0562 
41.4077 64.3252 21.0238 30.8869 0.0 29.1548 89.4707 54.0093 78.4102 35.3412 16.2788 25.4951 62.8013 72.2496 73.545 69.2028 53.7587 5.0 14.1421 69.2898 
47.0106 52.6308 44.4072 2.0 29.1548 0.0 95.5249 73.7773 98.7672 7.0 45.2217 44.7214 78.4474 47.8539 60.8276 68.0809 69.857 30.0832 27.0185 80.0062 
49.6488 55.3624 74.5808 95.1893 89.4707 95.5249 0.0 49.7393 50.01 94.567 87.821 68.2636 36.2353 90.1388 55.9017 30.5941 42.0119 94.414 102.883 22.8035 
35.0071 65.5776 33.0 74.5762 54.0093 73.7773 49.7393 0.0 25.0 76.8997 44.4656 29.6142 13.6015 96.1552 74.3858 49.2544 10.0499 58.0345 68.0074 27.313 
57.2014 85.0417 57.4735 99.5662 78.4102 98.7672 50.01 25.0 0.0 101.549 67.1193 54.5711 24.0832 116.084 91.856 63.0635 30.2324 82.1523 92.1954 34.5398 
47.3814 48.5489 48.8365 5.0 35.3412 7.0 94.567 76.8997 101.549 0.0 51.1077 48.2597 80.3364 41.0 56.2228 65.9697 71.8881 36.6879 34.0147 80.399 
43.4166 75.9108 14.8661 46.8722 16.2788 45.2217 87.821 44.4656 67.1193 51.1077 0.0 22.0227 55.5428 85.703 85.1306 71.0231 46.9574 17.4929 26.9258 65.2157 
22.9114 57.0476 7.2111 45.6508 25.4951 44.7214 68.2636 29.6142 54.5711 48.2597 22.0227 0.0 37.3363 76.6205 64.8532 50.448 28.2843 30.0832 39.6232 47.7809 
34.0 60.9593 42.45 78.8543 62.8013 78.4474 36.2353 13.6015 24.0832 80.3364 55.5428 37.3363 0.0 92.0452 69.7675 40.1622 9.05539 67.2681 76.9415 14.3178 
65.0022 34.9285 78.7499 45.8912 72.2496 47.8539 90.1388 96.1552 116.084 41.0 85.703 76.6205 92.0452 0.0 35.3553 65.5562 87.0119 75.0267 74.4312 85.703 
43.2329 9.48683 71.1704 59.4643 73.545 60.8276 55.9017 74.3858 91.856 56.2228 85.1306 64.8532 69.7675 35.3553 0.0 32.3684 65.1977 77.6321 81.3019 57.3842 
27.8029 30.6759 56.7652 67.3634 69.2028 68.0809 30.5941 49.2544 63.0635 65.9697 71.0231 50.448 40.1622 65.5562 32.3684 0.0 39.2046 74.2025 82.9738 28.8444 
27.0185 56.3895 33.5261 70.342 53.7587 69.857 42.0119 10.0499 30.2324 71.8881 46.9574 28.2843 9.05539 87.0119 65.1977 39.2046 0.0 58.2495 67.897 19.2094 
46.4074 68.4122 25.0799 31.9531 5.0 30.0832 94.414 58.0345 82.1523 36.6879 17.4929 30.0832 67.2681 75.0267 77.6321 74.2025 58.2495 0.0 10.0499 74.1209 
54.2119 72.1133 35.0143 29.0172 14.1421 27.0185 102.883 68.0074 92.1954 34.0147 26.9258 39.6232 76.9415 74.4312 81.3019 82.9738 67.897 10.0499 0.0 83.1685 
33.0606 53.8738 51.4639 80.0562 69.2898 80.0062 22.8035 27.313 34.5398 80.399 65.2157 47.7809 14.3178 85.703 57.3842 28.8444 19.2094 74.1209 83.1685 0.0 
DEMAND_SCENARIO_SECTION
0 0 0 0 0 0 0 0 0 0 0 0 0 0 0 0 0 0 0 0 0 0 0 0 0 0 0 0 0 0 0 0 0 0 0 0 0 0 0 0 0 0 0 0 0 0 0 0 0 0 
7 7 10 1 9 10 2 5 7 5 4 1 5 7 6 4 8 5 10 6 6 8 9 1 6 4 4 6 8 1 3 7 8 4 6 6 3 5 5 5 6 3 0 4 6 6 4 7 5 4 
10 12 10 11 1 7 9 10 5 6 8 13 16 9 10 7 9 7 4 6 7 8 11 8 4 9 10 10 9 5 9 7 10 5 12 6 8 12 8 3 6 9 1 6 9 10 8 6 3 6 
7 8 4 4 7 8 8 6 6 6 9 8 4 7 5 5 5 5 5 4 8 2 10 6 3 6 7 3 4 7 4 7 5 7 6 7 7 6 7 5 6 10 5 9 3 6 9 4 7 11 
2 4 5 5 4 2 2 5 6 6 1 1 6 4 5 1 4 4 3 3 4 7 4 3 4 5 1 4 4 3 6 6 3 6 6 5 6 4 5 3 4 5 4 7 5 6 5 5 1 1 
7 4 5 4 3 4 4 6 7 4 7 0 3 6 6 3 4 10 1 4 5 4 5 5 7 7 4 4 3 6 3 6 8 6 0 9 6 4 0 0 0 3 5 4 4 3 4 3 5 10 
5 8 5 10 9 10 5 7 10 11 11 11 10 10 15 11 7 5 7 12 4 7 6 13 6 10 10 5 10 8 8 9 12 11 10 10 12 5 7 7 12 8 4 6 9 12 6 6 9 7 
6 13 5 10 12 7 6 10 8 10 6 12 9 6 7 9 5 4 13 8 13 8 6 9 10 9 12 9 6 6 7 8 9 7 8 10 8 9 5 14 8 10 12 14 9 8 10 6 10 4 
0 1 1 1 2 1 2 0 2 1 0 2 2 2 1 3 1 1 0 2 0 2 3 2 3 1 1 1 3 1 0 1 1 2 0 1 1 0 2 1 1 2 2 1 0 0 0 0 1 2 
0 1 2 1 1 1 2 1 4 0 2 1 1 2 0 3 1 0 1 0 2 1 2 1 0 0 0 1 1 0 1 1 0 1 1 1 1 3 1 0 1 0 1 1 3 1 1 2 1 1 
9 13 7 13 4 9 8 11 8 10 2 14 4 7 5 8 7 11 9 12 9 11 9 10 9 7 9 17 10 4 14 12 10 6 14 13 12 11 12 8 13 8 7 12 15 17 12 5 16 13 
5 9 4 8 7 8 5 9 6 6 10 3 8 8 6 6 7 6 8 9 3 9 5 6 10 14 5 11 11 8 7 10 7 9 12 5 2 10 6 8 4 11 10 4 14 4 11 9 6 14 
4 3 7 6 1 6 5 4 7 1 3 5 10 4 3 5 7 3 3 5 8 1 4 5 7 8 3 6 3 6 6 3 8 6 3 6 7 8 3 1 5 4 1 9 8 6 7 5 10 4 
8 3 9 4 8 8 5 7 0 6 3 6 2 5 7 4 4 7 5 5 5 7 7 2 9 4 3 3 3 8 3 9 6 3 6 1 4 3 7 7 4 1 2 8 6 4 6 9 5 2 
7 11 0 9 5 6 10 11 6 12 10 8 6 11 10 5 11 11 9 10 8 10 15 12 5 5 6 12 10 11 11 5 14 12 8 12 8 7 14 12 13 4 12 8 2 9 7 15 5 4 
11 8 9 5 2 7 9 1 6 8 4 5 8 6 5 8 0 7 10 8 4 6 6 8 1 4 5 8 8 7 13 4 6 0 5 6 9 3 4 9 9 5 0 4 4 11 6 10 6 4 
5 4 4 4 4 3 5 4 7 2 5 3 4 4 8 3 3 2 6 9 4 4 7 4 4 3 6 1 2 7 4 7 1 3 5 4 3 7 0 2 6 5 3 1 4 4 5 9 1 7 
0 0 2 1 2 0 3 2 2 1 1 0 1 0 1 3 0 0 1 2 1 1 1 1 1 3 2 0 2 1 1 0 0 0 0 1 0 1 0 0 1 0 2 0 0 1 1 1 2 0 
8 3 6 3 10 9 9 8 10 8 5 9 7 9 4 3 5 11 9 9 7 8 4 6 6 10 4 6 12 9 5 6 7 8 7 10 6 9 7 8 8 9 9 5 6 13 9 7 4 8 
7 13 6 8 10 10 2 5 10 5 7 12 11 9 6 5 7 11 4 8 9 6 11 8 9 12 7 9 8 3 7 11 6 9 6 9 6 8 2 6 4 3 0 8 10 11 6 3 10 7 
DEPOT_SECTION
 1
 -1
EOF
