NAME  : Parada_20_6_0.95_1.00_5
TYPE : SVRP
MODEL : FINITE_SUPPORT
NUMBER_OF_SCENARIOS : 50
DIMENSION : 20
EDGE_WEIGHT_TYPE : MATRIX
CAPACITY : 20
N_VEHICLES : 6
NODE_COORD_SECTION
1 235650 194640
2 419110 289240
3 236420 14447
4 128600 364150
5 58963 247040
6 515780 356170
7 426590 18
8 535150 54279
9 128640 364090
10 437090 47816
11 307590 38280
12 27 251550
13 455340 215250
14 659480 383510
15 559270 379790
16 266720 183070
17 579670 164780
18 326070 302660
19 79907 362560
20 354970 281250
DEMAND_SECTION
1 0.0
2 5.0
3 1.0
4 1.0
5 6.0
6 5.0
7 2.0
8 10.0
9 6.0
10 10.0
11 10.0
12 2.0
13 7.0
14 8.0
15 4.0
16 9.0
17 10.0
18 8.0
19 7.0
20 4.0
DISTANCE_MATRIX
0.0 28.2843 51.025 47.7262 78.6306 49.6739 54.8179 49.4439 47.7262 34.6819 57.4282 73.1132 29.1548 60.4896 50.448 5.0 45.2769 16.2788 40.4018 36.6879 
28.2843 0.0 32.9848 32.573 59.203 74.4648 81.1707 73.9596 32.573 54.2965 34.6699 56.7186 57.0088 80.5188 77.4505 32.0156 73.5527 44.0114 37.2156 9.89949 
51.025 32.9848 0.0 63.0317 89.3588 81.0494 105.843 100.333 63.0317 85.5282 11.4018 88.0057 79.8724 80.0999 88.3828 55.902 90.7855 62.7917 27.0 25.02 
47.7262 32.573 63.0317 0.0 26.6833 96.6695 81.3019 69.1265 0.0 51.0392 60.6712 25.02 66.9614 108.175 95.3415 54.131 85.8685 62.3868 69.3542 38.1182 
78.6306 59.203 89.3588 26.6833 0.0 116.419 89.0505 75.3127 26.6833 61.8687 86.0523 7.07107 83.2074 128.607 114.796 73.8832 101.751 82.0971 95.6347 64.6297 
49.6739 74.4648 81.0494 96.6695 116.419 0.0 57.0088 63.561 96.6695 60.5392 91.5478 110.902 38.0132 17.0 12.083 49.0918 28.0179 34.4093 54.5711 79.9086 
54.8179 81.1707 105.843 81.3019 89.0505 57.0088 0.0 13.9284 81.3019 30.4138 112.218 82.0 28.0179 74.0068 46.3897 50.0792 29.0689 45.8039 87.2918 91.0634 
49.4439 73.9596 100.333 69.1265 75.3127 63.561 13.9284 0.0 69.1265 19.7231 108.297 68.2495 28.1603 80.2309 54.4243 44.6965 37.1618 44.2719 86.0269 83.8524 
47.7262 32.573 63.0317 0.0 26.6833 96.6695 81.3019 69.1265 0.0 51.0392 60.6712 25.02 66.9614 108.175 95.3415 54.131 85.8685 62.3868 69.3542 38.1182 
34.6819 54.2965 85.5282 51.0392 61.8687 60.5392 30.4138 19.7231 51.0392 0.0 88.6341 55.0364 22.8035 75.6439 54.5619 29.9345 40.0 32.2208 75.0779 64.1893 
57.4282 34.6699 11.4018 60.6712 86.0523 91.5478 112.218 108.297 60.6712 88.6341 0.0 85.5862 86.2927 91.2688 98.3712 62.2013 99.5389 71.3541 38.1182 25.0599 
73.1132 56.7186 88.0057 25.02 7.07107 110.902 82.0 68.2495 25.02 55.0364 85.5862 0.0 77.1627 122.928 108.953 68.3658 94.9239 76.5798 92.3472 63.0317 
29.1548 57.0088 79.8724 66.9614 83.2074 38.0132 28.0179 28.1603 66.9614 22.8035 86.2927 77.1627 0.0 53.7587 31.8277 25.0 18.9737 17.8045 59.4346 65.7875 
60.4896 80.5188 80.0999 108.175 128.607 17.0 74.0068 80.2309 108.175 75.6439 91.2688 122.928 53.7587 0.0 28.4429 60.2106 45.0111 46.4004 53.1507 84.1546 
50.448 77.4505 88.3828 95.3415 114.796 12.083 46.3897 54.4243 95.3415 54.5619 98.3712 108.953 31.8277 28.4429 0.0 48.7032 17.4642 34.2053 62.7694 84.006 
5.0 32.0156 55.902 54.131 73.8832 49.0918 50.0792 44.6965 54.131 29.9345 62.2013 68.3658 25.0 60.2106 48.7032 0.0 42.0119 14.7648 45.2788 40.8534 
45.2769 73.5527 90.7855 85.8685 101.751 28.0179 29.0689 37.1618 85.8685 40.0 99.5389 94.9239 18.9737 45.0111 17.4642 42.0119 0.0 30.0832 69.1558 81.5843 
16.2788 44.0114 62.7917 62.3868 82.0971 34.4093 45.8039 44.2719 62.3868 32.2208 71.3541 76.5798 17.8045 46.4004 34.2053 14.7648 30.0832 0.0 41.9244 51.6236 
40.4018 37.2156 27.0 69.3542 95.6347 54.5711 87.2918 86.0269 69.3542 75.0779 38.1182 92.3472 59.4346 53.1507 62.7694 45.2788 69.1558 41.9244 0.0 36.0694 
36.6879 9.89949 25.02 38.1182 64.6297 79.9086 91.0634 83.8524 38.1182 64.1893 25.0599 63.0317 65.7875 84.1546 84.006 40.8534 81.5843 51.6236 36.0694 0.0 
DEMAND_SCENARIO_SECTION
0 0 0 0 0 0 0 0 0 0 0 0 0 0 0 0 0 0 0 0 0 0 0 0 0 0 0 0 0 0 0 0 0 0 0 0 0 0 0 0 0 0 0 0 0 0 0 0 0 0 
3 2 6 6 6 5 6 4 4 6 8 10 2 7 5 4 4 8 7 9 9 3 8 6 5 7 8 8 6 4 4 4 6 1 1 4 9 6 4 4 2 5 6 5 4 5 0 4 3 4 
1 3 1 1 0 1 2 1 0 0 1 1 1 0 0 1 0 0 0 1 0 2 1 0 1 0 1 3 1 0 2 1 0 1 0 1 0 0 1 1 0 2 1 2 1 1 0 0 0 0 
2 2 0 3 2 1 1 0 1 0 1 1 1 2 0 0 1 0 0 0 0 2 0 0 1 2 1 2 0 1 0 1 1 2 1 1 0 0 1 0 0 2 1 4 0 2 2 1 0 0 
9 7 5 9 5 4 5 2 9 6 6 7 7 7 4 5 5 7 5 9 7 4 1 5 6 9 5 9 2 4 8 8 7 6 4 8 6 5 9 10 6 0 6 3 9 5 4 2 5 7 
2 5 4 5 6 12 4 8 7 8 2 5 5 6 4 7 1 6 8 9 9 9 5 9 6 6 7 7 0 3 1 3 4 8 3 4 4 7 5 10 9 8 5 5 5 6 5 3 7 5 
2 0 4 4 4 1 2 1 3 3 4 4 0 2 4 3 0 3 3 2 0 3 2 2 2 5 0 0 4 0 0 1 0 0 2 3 2 4 2 1 1 1 2 1 4 0 3 2 2 3 
9 12 7 12 8 11 11 10 8 9 8 1 10 11 10 15 8 8 11 9 9 12 9 9 14 13 17 6 11 9 11 8 7 14 10 13 7 14 8 9 6 11 12 11 12 15 8 13 8 16 
3 4 7 6 7 1 3 5 1 4 6 6 5 5 7 4 2 5 7 6 6 4 5 2 5 10 5 3 8 6 3 9 6 2 7 2 9 4 4 6 6 2 3 3 6 6 7 9 8 5 
10 7 16 12 10 11 11 12 15 11 10 11 11 14 10 11 9 14 12 2 9 16 5 9 12 8 10 11 14 10 8 12 10 10 8 11 11 11 7 14 10 13 13 7 7 8 14 5 8 7 
7 9 7 14 13 14 15 10 10 8 16 14 10 9 9 10 7 7 10 5 8 5 9 10 8 10 14 11 9 8 8 10 4 6 7 12 15 10 7 13 8 13 12 4 9 7 5 6 12 8 
1 1 0 1 2 1 3 3 3 1 0 2 4 0 2 2 0 1 2 3 3 1 1 0 1 1 4 2 1 1 2 2 2 0 3 2 3 0 2 4 0 4 0 4 2 2 0 1 0 2 
11 4 11 9 8 7 7 9 5 6 3 7 13 2 6 4 8 6 3 4 5 8 10 7 8 6 6 9 9 10 3 8 6 6 5 5 4 3 9 8 7 7 12 11 6 2 7 9 6 9 
8 7 7 7 5 11 5 9 8 10 7 9 8 13 8 11 9 5 7 9 8 5 2 8 2 12 8 12 9 9 10 9 6 8 14 7 10 7 6 3 5 7 11 10 0 6 15 10 6 8 
2 7 5 6 4 4 8 2 1 3 4 6 5 6 1 4 5 3 7 3 6 3 4 5 2 4 4 4 1 3 4 3 3 6 1 5 6 5 4 7 3 6 3 6 3 9 0 0 4 1 
11 9 11 6 8 8 7 10 9 5 6 6 5 4 9 13 16 9 9 13 8 7 9 6 7 9 4 6 6 11 10 7 7 7 10 9 15 9 9 7 12 10 11 11 4 11 10 10 13 5 
10 4 12 7 7 15 13 8 10 10 14 6 10 10 12 6 2 15 10 2 14 14 15 10 10 10 6 11 12 10 7 12 8 11 10 9 13 6 9 9 7 10 10 9 17 7 8 12 15 6 
7 8 8 7 4 12 10 8 7 4 11 7 6 10 9 6 13 1 9 7 16 6 8 8 13 10 11 5 7 8 8 5 10 10 9 9 8 5 8 12 8 4 6 3 7 10 8 10 3 9 
5 7 7 11 11 8 11 3 9 6 4 6 5 8 8 10 7 5 7 7 8 8 7 8 6 9 4 9 7 6 8 7 6 11 5 12 5 9 7 7 9 4 7 4 8 5 8 10 12 12 
3 8 5 6 0 5 4 5 2 5 3 6 3 3 2 3 5 5 3 4 2 3 2 3 8 3 5 1 8 6 6 6 2 5 5 1 4 2 3 4 8 7 2 6 0 0 3 1 3 6 
DEPOT_SECTION
 1
 -1
EOF
