NAME  : Parada_20_6_0.95_1.00_2
TYPE : SVRP
MODEL : FINITE_SUPPORT
NUMBER_OF_SCENARIOS : 50
DIMENSION : 20
EDGE_WEIGHT_TYPE : MATRIX
CAPACITY : 17
N_VEHICLES : 6
NODE_COORD_SECTION
1 52730 84727
2 288080 234540
3 136630 62846
4 75153 450070
5 180740 128410
6 95681 293350
7 27 38929
8 220470 76728
9 147510 67156
10 231130 18
11 94718 67023
12 112570 99129
13 309310 174070
14 275990 404510
15 123700 331660
16 190540 138750
17 183880 63705
18 41944 265390
19 808 259330
20 65255 347490
DEMAND_SECTION
1 0.0
2 5.0
3 4.0
4 3.0
5 4.0
6 4.0
7 8.0
8 2.0
9 4.0
10 5.0
11 10.0
12 1.0
13 9.0
14 4.0
15 6.0
16 6.0
17 8.0
18 1.0
19 9.0
20 6.0
DISTANCE_MATRIX
0.0 69.527 30.4631 50.2023 37.2022 55.9904 41.0122 35.9026 45.3542 16.2788 6.32456 25.632 23.0309 59.9602 39.8121 25.5762 36.2353 40.3113 34.1988 47.4414 
69.527 0.0 44.3847 63.5059 34.4384 91.1976 100.545 46.0977 42.0119 82.9903 63.7024 48.7545 71.3619 78.0577 107.403 73.9256 38.2753 30.8058 50.6063 87.1321 
30.4631 44.3847 0.0 57.0268 10.198 51.1957 69.9028 8.06226 16.0312 46.4866 26.6833 5.0 27.0681 72.6856 70.2638 47.1699 6.40312 24.3516 31.3847 45.0999 
50.2023 63.5059 57.0268 0.0 53.2259 104.849 49.6488 64.9377 70.7107 54.2377 47.217 56.5009 73.0315 15.8114 64.56 29.0172 57.3062 39.2938 33.6978 97.4419 
37.2022 34.4384 10.198 53.2259 0.0 60.6712 74.0691 14.8661 17.8045 52.3546 32.249 14.3178 36.9382 68.942 76.6616 49.3785 5.38516 16.4012 29.6142 55.0091 
55.9904 91.1976 51.1957 104.849 60.6712 0.0 89.2191 46.1736 49.2544 65.192 57.7204 49.3356 36.7967 114.671 77.8845 80.4832 55.4437 75.4321 76.681 9.43398 
41.0122 100.545 69.9028 49.6488 74.0691 89.2191 0.0 76.3217 85.5862 25.318 43.2897 65.4905 56.3842 49.6488 18.6815 26.6271 74.8827 70.0265 49.9428 79.7862 
35.9026 46.0977 8.06226 64.9377 14.8661 46.1736 76.3217 0.0 9.48683 52.1728 33.0606 11.0454 28.3196 80.5965 75.2728 54.5894 9.48683 30.8869 39.4462 41.1947 
45.3542 42.0119 16.0312 70.7107 17.8045 49.2544 85.5862 9.48683 0.0 61.6117 42.2966 20.0998 37.2022 86.37 84.7585 63.1981 13.4164 33.9411 46.2385 45.8803 
16.2788 82.9903 46.4866 54.2377 52.3546 65.192 25.318 52.1728 61.6117 0.0 20.1246 41.7612 31.5088 58.6199 24.4131 27.0189 52.0 53.0641 46.9241 55.7584 
6.32456 63.7024 26.6833 47.217 32.249 57.7204 43.2897 33.0606 42.2966 20.1246 0.0 22.2036 24.7609 56.9748 44.4185 23.2594 31.9531 34.1321 27.9923 49.1714 
25.632 48.7545 5.0 56.5009 14.3178 49.3356 65.4905 11.0454 20.0998 41.7612 22.2036 0.0 22.6274 71.316 65.3911 43.566 11.3137 26.3059 29.8329 42.5793 
23.0309 71.3619 27.0681 73.0315 36.9382 36.7967 56.3842 28.3196 37.2022 31.5088 24.7609 22.6274 0.0 81.7116 50.3587 47.5237 33.3974 47.3472 44.8632 27.8029 
59.9602 78.0577 72.6856 15.8114 68.942 114.671 49.6488 80.5965 86.37 58.6199 56.9748 71.316 81.7116 0.0 67.0671 36.7696 72.9701 55.0818 49.3566 106.122 
39.8121 107.403 70.2638 64.56 76.6616 77.8845 18.6815 75.2728 84.7585 24.4131 44.4185 65.3911 50.3587 67.0671 0.0 37.5044 76.0263 77.4771 60.5758 68.884 
25.5762 73.9256 47.1699 29.0172 49.3785 80.4832 26.6271 54.5894 63.1981 27.0189 23.2594 43.566 47.5237 36.7696 37.5044 0.0 51.0098 43.4075 23.3238 71.9342 
36.2353 38.2753 6.40312 57.3062 5.38516 55.4437 74.8827 9.48683 13.4164 52.0 31.9531 11.3137 33.3974 72.9701 76.0263 51.0098 0.0 21.6333 32.8938 50.01 
40.3113 30.8058 24.3516 39.2938 16.4012 75.4321 70.0265 30.8869 33.9411 53.0641 34.1321 26.3059 47.3472 55.0818 77.4771 43.4075 21.6333 0.0 20.2485 68.884 
34.1988 50.6063 31.3847 33.6978 29.6142 76.681 49.9428 39.4462 46.2385 46.9241 27.9923 29.8329 44.8632 49.3566 60.5758 23.3238 32.8938 20.2485 0.0 68.8082 
47.4414 87.1321 45.0999 97.4419 55.0091 9.43398 79.7862 41.1947 45.8803 55.7584 49.1714 42.5793 27.8029 106.122 68.884 71.9342 50.01 68.884 68.8082 0.0 
DEMAND_SCENARIO_SECTION
0 0 0 0 0 0 0 0 0 0 0 0 0 0 0 0 0 0 0 0 0 0 0 0 0 0 0 0 0 0 0 0 0 0 0 0 0 0 0 0 0 0 0 0 0 0 0 0 0 0 
7 2 8 3 6 7 5 1 5 4 5 5 3 3 7 7 7 6 6 7 6 3 7 4 7 9 0 5 3 2 7 6 8 9 3 5 4 9 8 4 8 3 5 6 4 6 5 5 5 6 
3 5 6 2 7 5 2 5 5 5 1 4 6 5 3 1 5 3 5 5 5 6 7 6 6 3 4 6 1 5 4 3 3 5 4 3 6 5 5 5 4 3 2 6 3 2 8 2 4 2 
5 5 3 4 1 4 3 3 0 4 4 4 2 4 2 5 3 1 4 4 2 5 3 2 2 2 4 1 4 3 3 2 3 3 1 4 1 3 4 3 3 5 0 7 1 4 1 3 4 2 
0 1 2 2 1 5 4 4 8 3 6 2 4 6 5 5 3 2 3 5 6 7 4 1 7 3 7 3 4 1 2 7 1 3 5 2 7 1 8 7 0 7 6 4 5 4 2 4 3 8 
3 5 8 5 4 0 4 8 3 7 4 4 6 3 2 5 9 0 1 6 5 4 5 4 7 2 4 6 6 6 7 5 3 6 3 6 4 6 5 3 6 4 6 1 6 8 4 4 3 0 
7 10 13 7 13 12 10 10 9 12 10 9 8 10 9 6 7 7 3 9 6 6 7 13 5 10 10 11 12 6 6 10 8 5 7 6 9 12 10 10 7 11 8 9 6 12 5 5 11 8 
2 1 0 3 4 3 2 2 3 3 1 2 1 2 2 1 2 2 2 2 3 2 1 0 3 2 3 3 2 2 3 3 2 4 2 4 1 3 3 1 3 1 3 5 3 4 3 2 1 3 
6 0 5 4 2 6 4 0 11 4 7 1 3 1 6 0 6 2 5 5 3 3 3 7 1 5 6 7 1 3 5 4 4 10 5 4 5 10 1 5 2 6 4 4 3 2 3 1 3 5 
5 3 3 7 6 2 5 6 5 1 3 4 3 4 8 7 3 4 8 3 6 7 5 4 6 6 0 4 7 8 4 7 7 9 9 6 5 10 4 2 1 6 7 6 4 6 9 9 5 2 
11 11 13 10 8 9 6 14 7 14 11 10 13 19 12 8 8 8 1 12 3 6 12 10 9 12 11 9 13 5 11 11 7 12 9 4 9 14 13 10 6 9 13 13 9 11 8 4 8 7 
0 3 2 2 2 0 1 2 2 3 1 2 1 1 0 2 3 0 1 0 2 2 0 1 0 2 1 1 0 1 3 2 0 0 0 1 1 1 0 3 0 1 2 2 1 2 1 0 1 0 
7 11 4 13 12 6 7 11 8 11 9 15 8 11 11 10 14 6 8 6 10 8 3 19 13 15 14 1 11 4 13 9 6 6 7 7 7 7 8 11 4 14 8 9 14 10 6 5 11 6 
1 4 0 0 1 2 4 5 0 1 0 1 6 4 6 3 3 3 3 4 4 6 2 2 4 3 6 5 1 6 6 6 4 4 5 4 6 5 3 5 4 5 3 6 8 6 2 4 2 3 
5 5 1 8 3 7 5 12 12 10 6 4 9 6 4 9 7 9 6 3 6 5 6 4 6 4 3 10 3 9 9 5 9 5 7 8 6 8 7 4 0 4 4 6 4 8 7 1 7 3 
3 7 6 8 4 3 7 9 9 6 4 7 4 5 3 8 5 11 10 3 5 6 8 4 6 10 6 5 7 9 4 7 6 8 1 7 9 5 1 9 9 1 3 5 5 8 9 8 5 8 
8 11 8 7 7 6 13 6 10 5 11 11 9 7 2 9 10 7 12 12 10 9 9 9 6 2 10 5 2 6 6 8 7 5 9 6 6 10 7 10 6 6 11 6 8 6 8 9 8 7 
1 0 1 2 1 1 2 1 2 1 1 2 0 1 1 0 2 1 3 1 0 2 1 0 2 0 3 0 2 1 2 2 0 0 0 2 0 0 0 2 1 2 1 0 0 1 1 3 2 2 
14 10 4 7 17 2 4 4 3 10 7 11 2 9 3 10 10 17 8 7 13 7 11 9 6 8 6 9 5 11 5 12 11 5 7 14 8 7 14 6 6 12 5 7 6 9 16 14 9 6 
5 5 7 11 5 6 5 2 11 7 3 5 5 6 8 7 2 6 5 7 4 9 6 11 9 2 7 3 6 3 7 6 14 10 4 2 9 8 6 5 5 2 9 8 2 7 5 5 6 8 
DEPOT_SECTION
 1
 -1
EOF
