NAME  : Parada_20_6_0.95_1.00_6
TYPE : SVRP
MODEL : FINITE_SUPPORT
NUMBER_OF_SCENARIOS : 50
DIMENSION : 20
EDGE_WEIGHT_TYPE : MATRIX
CAPACITY : 19
N_VEHICLES : 6
NODE_COORD_SECTION
1 85114 122450
2 351660 141850
3 230400 46286
4 114780 347430
5 255880 164910
6 143050 185640
7 15301 35331
8 328440 77225
9 199540 76863
10 311730 39583
11 189020 124230
12 27 194820
13 367270 164170
14 262500 205930
15 205680 318170
16 107620 112700
17 313240 18
18 71097 280790
19 21257 253620
20 119410 216550
DEMAND_SECTION
1 0.0
2 5.0
3 7.0
4 7.0
5 8.0
6 2.0
7 4.0
8 7.0
9 4.0
10 1.0
11 1.0
12 4.0
13 6.0
14 8.0
15 7.0
16 3.0
17 9.0
18 10.0
19 8.0
20 9.0
DISTANCE_MATRIX
0.0 42.3417 40.8044 31.1292 29.4109 72.4343 37.6962 44.4492 51.1077 35.3569 34.7851 36.9106 61.3889 23.8537 46.0242 3.16228 31.9531 45.0444 48.3162 53.7587 
42.3417 0.0 14.1421 73.353 17.0294 114.658 49.4773 87.3367 93.011 47.8017 25.0799 60.4949 85.0529 21.2132 79.7405 45.2321 73.0242 38.833 90.5401 87.421 
40.8044 14.1421 0.0 71.5259 11.4018 112.432 38.0526 83.8896 90.271 56.0803 13.0 51.9019 75.326 17.0294 71.1474 43.4166 69.6717 25.0599 88.713 92.3898 
31.1292 73.353 71.5259 0.0 60.1264 46.5188 62.0081 28.7269 31.0161 34.3059 64.6937 44.3847 65.8742 54.5044 50.239 28.1266 23.3452 73.5459 17.8045 26.3059 
29.4109 17.0294 11.4018 60.1264 0.0 101.119 32.8938 72.8183 79.0452 47.1699 10.8167 43.5424 68.0294 5.65685 62.7879 32.0156 58.6003 25.807 77.3134 81.3109 
72.4343 114.658 112.432 46.5188 101.119 0.0 91.7962 38.0132 23.7065 79.6994 103.711 70.3873 73.1095 95.462 58.2495 69.4262 44.7141 109.276 31.5753 46.3897 
37.6962 49.4773 38.0526 62.0081 32.8938 91.7962 0.0 53.8639 68.1553 67.7916 25.0799 21.4709 38.0789 30.8869 38.2884 37.6431 48.7032 18.868 76.6744 88.1419 
44.4492 87.3367 83.8896 28.7269 72.8183 38.0132 53.8639 0.0 14.3178 62.7174 74.6711 32.455 41.1096 67.231 23.5372 41.359 15.6734 71.3435 31.305 49.4065 
51.1077 93.011 90.271 31.0161 79.0452 23.7065 68.1553 14.3178 0.0 65.3187 81.3331 46.7464 52.469 73.4021 36.0139 48.0208 22.3354 85.6349 25.0 44.2041 
35.3569 47.8017 56.0803 34.3059 47.1699 79.6994 67.7916 62.7174 65.3187 0.0 56.8859 73.517 93.1703 43.7379 77.8056 37.5967 56.2831 70.6045 48.4665 42.4264 
34.7851 25.0799 13.0 64.6937 10.8167 103.711 25.0799 74.6711 81.3331 56.8859 0.0 39.5014 62.3939 13.1529 58.747 36.7696 60.4533 15.0 81.8596 88.295 
36.9106 60.4949 51.9019 44.3847 43.5424 70.3873 21.4709 32.455 46.7464 73.517 39.5014 0.0 28.7924 39.5497 19.9249 35.9443 27.6586 38.9487 57.0 70.6116 
61.3889 85.0529 75.326 65.8742 68.0294 73.1095 38.0789 41.1096 52.469 93.1703 62.3939 28.7924 0.0 64.2806 17.8885 58.3115 55.4033 56.3028 72.2357 89.6722 
23.8537 21.2132 17.0294 54.5044 5.65685 95.462 30.8869 67.231 73.4021 43.7379 13.1529 39.5497 64.2806 0.0 58.7953 26.4008 53.0094 27.313 71.6915 76.243 
46.0242 79.7405 71.1474 50.239 62.7879 58.2495 38.2884 23.5372 36.0139 77.8056 58.747 19.9249 17.8885 58.7953 0.0 42.9467 37.5342 57.0088 54.4243 71.8031 
3.16228 45.2321 43.4166 28.1266 32.0156 69.4262 37.6431 41.359 48.0208 37.5967 36.7696 35.9443 58.3115 26.4008 42.9467 0.0 28.7924 46.2709 45.3137 52.3827 
31.9531 73.0242 69.6717 23.3452 58.6003 44.7141 48.7032 15.6734 22.3354 56.2831 60.4533 27.6586 55.4033 53.0094 37.5342 28.7924 0.0 65.5936 30.5941 46.9574 
45.0444 38.833 25.0599 73.5459 25.807 109.276 18.868 71.3435 85.6349 70.6045 15.0 38.9487 56.3028 27.313 57.0088 46.2709 65.5936 0.0 89.8443 98.6454 
48.3162 90.5401 88.713 17.8045 77.3134 31.5753 76.6744 31.305 25.0 48.4665 81.8596 57.0 72.2357 71.6915 54.4243 45.3137 30.5941 89.8443 0.0 19.2094 
53.7587 87.421 92.3898 26.3059 81.3109 46.3897 88.1419 49.4065 44.2041 42.4264 88.295 70.6116 89.6722 76.243 71.8031 52.3827 46.9574 98.6454 19.2094 0.0 
DEMAND_SCENARIO_SECTION
0 0 0 0 0 0 0 0 0 0 0 0 0 0 0 0 0 0 0 0 0 0 0 0 0 0 0 0 0 0 0 0 0 0 0 0 0 0 0 0 0 0 0 0 0 0 0 0 0 0 
7 5 6 6 4 5 9 7 2 5 9 4 5 7 1 6 6 5 4 10 3 5 6 3 4 7 6 5 9 5 5 4 7 6 6 7 4 2 4 4 3 5 5 9 5 4 5 6 8 2 
6 3 8 8 5 6 7 7 11 6 11 3 5 7 3 11 6 10 6 9 9 7 11 10 3 7 7 10 6 3 5 7 7 7 6 4 4 8 4 7 5 8 8 8 8 2 9 4 8 8 
8 0 8 10 3 9 5 7 6 10 5 7 8 8 6 8 8 8 6 4 5 5 7 5 8 9 8 8 5 5 4 5 7 6 4 12 10 10 9 7 7 6 3 5 9 13 7 6 7 5 
9 6 9 5 10 11 8 6 12 8 7 10 6 6 7 14 8 10 7 9 7 6 6 7 10 11 9 6 6 7 6 10 10 13 8 5 8 11 10 10 7 0 12 11 12 7 6 8 4 10 
0 3 3 4 1 4 3 2 4 2 2 2 4 1 2 1 0 1 4 4 0 1 4 2 2 0 1 4 0 3 0 4 3 2 1 0 1 1 0 3 5 1 2 1 1 1 0 2 0 2 
3 1 5 3 5 1 4 4 8 6 2 2 4 3 3 4 2 5 4 5 5 0 5 2 5 5 4 1 4 4 1 5 4 2 4 5 2 5 4 4 4 1 3 4 3 10 2 2 6 6 
11 11 3 2 9 6 11 6 10 8 3 6 9 10 8 12 6 9 10 6 7 6 9 10 6 4 7 11 6 2 8 5 9 4 9 0 8 11 6 13 5 9 9 3 6 6 5 5 4 11 
6 5 6 7 4 2 6 3 4 4 2 5 7 6 2 2 5 5 7 1 4 3 3 7 0 8 2 3 3 5 4 1 1 2 5 5 4 6 1 4 7 7 3 6 3 1 5 5 3 5 
0 1 1 1 0 2 0 1 2 2 0 1 3 2 0 1 2 1 1 0 1 2 0 1 2 1 1 1 0 1 1 1 1 1 0 0 1 2 2 1 0 1 3 1 2 1 3 1 0 2 
2 0 2 0 1 0 0 0 1 2 1 0 3 0 0 0 2 0 1 2 3 0 2 3 0 2 0 3 2 0 2 0 2 1 2 1 1 1 2 4 1 0 0 0 2 1 2 1 2 2 
3 6 1 4 2 7 1 4 3 5 1 4 0 6 2 5 2 6 6 6 3 2 6 2 1 5 2 5 7 3 3 5 7 4 8 2 4 2 6 9 4 5 7 0 3 5 3 4 6 4 
5 7 10 2 3 7 9 4 8 6 4 11 7 10 5 6 1 8 6 12 8 6 11 8 3 7 4 5 7 4 5 10 3 7 7 7 7 8 8 3 7 4 10 8 3 8 7 5 9 3 
2 6 8 13 9 4 12 6 6 9 10 12 7 13 5 12 5 7 9 3 11 7 8 10 8 10 4 8 2 10 8 9 11 6 9 9 6 6 8 11 2 12 4 10 10 10 6 6 7 7 
11 5 7 7 8 13 5 5 7 10 5 3 10 10 11 9 7 8 7 5 9 6 4 10 7 6 8 6 7 6 7 11 9 3 8 5 9 11 12 11 2 6 5 6 6 6 8 8 6 6 
1 0 1 6 3 4 0 2 8 5 5 3 3 5 6 5 1 5 5 4 4 6 5 1 3 2 4 2 3 3 0 2 2 5 2 3 2 4 4 6 1 1 1 0 4 4 4 2 4 7 
10 10 13 11 6 12 5 6 12 3 4 10 9 11 9 10 13 5 10 10 7 10 11 13 7 8 14 11 8 10 10 9 6 7 11 15 5 12 11 2 8 9 6 10 7 10 7 13 8 14 
9 11 2 14 6 11 10 11 8 10 12 8 9 11 14 13 8 10 8 10 8 9 8 7 7 8 7 14 11 16 7 11 10 13 9 10 8 9 8 18 14 12 8 11 11 8 14 13 6 9 
11 6 7 11 9 9 8 8 6 9 5 5 8 11 9 7 8 11 7 3 6 8 7 10 10 8 4 3 7 6 8 8 4 14 7 9 7 4 6 7 11 8 10 6 10 11 10 5 12 8 
10 12 9 12 7 11 11 11 11 7 10 11 12 9 10 6 9 10 6 4 2 6 13 7 5 4 10 12 11 11 9 8 8 6 12 12 12 4 8 7 8 8 3 12 9 9 9 9 9 9 
DEPOT_SECTION
 1
 -1
EOF
