NAME  : Parada_20_6_0.95_1.00_0
TYPE : SVRP
MODEL : FINITE_SUPPORT
NUMBER_OF_SCENARIOS : 50
DIMENSION : 20
EDGE_WEIGHT_TYPE : MATRIX
CAPACITY : 14
N_VEHICLES : 6
NODE_COORD_SECTION
1 27 122150
2 397530 122970
3 197580 18
4 115580 348150
5 262640 201140
6 191520 215410
7 25235 27906
8 408200 108800
9 176940 42246
10 369120 1408
11 132930 195190
12 24907 188270
13 456510 151100
14 411190 222710
15 173620 305830
16 296280 88260
17 298240 35448
18 130950 219790
19 66901 233260
20 214790 110270
DEMAND_SECTION
1 0.0
2 5.0
3 3.0
4 1.0
5 3.0
6 9.0
7 5.0
8 1.0
9 9.0
10 2.0
11 1.0
12 1.0
13 10.0
14 10.0
15 2.0
16 7.0
17 5.0
18 6.0
19 2.0
20 2.0
DISTANCE_MATRIX
0.0 31.6299 39.1982 71.1891 38.1006 46.4118 59.2377 31.4641 29.6956 40.2678 46.4004 55.4168 47.0744 40.1724 49.5882 55.648 48.0428 43.909 57.3847 36.0801 
31.6299 0.0 29.3084 95.0393 42.9104 48.0872 81.7147 2.23607 54.1057 68.4062 61.0459 68.6227 35.4683 13.1529 56.3927 83.7865 47.7074 61.2046 66.3099 40.5071 
39.1982 29.3084 0.0 88.3101 76.687 84.7194 87.9281 27.7132 51.6153 56.3688 32.1403 84.5609 63.7609 30.4138 88.1746 72.008 21.6333 33.1361 37.5899 11.6619 
71.1891 95.0393 88.3101 0.0 65.1475 73.6817 30.0 96.3584 42.72 34.0147 80.0562 41.0 90.8717 105.067 55.0818 23.2594 96.5091 74.108 95.0842 85.1469 
38.1006 42.9104 76.687 65.1475 0.0 13.9284 39.1661 45.1438 34.9285 58.3095 84.4443 25.7128 26.9258 54.9479 13.6015 67.3647 85.5317 82.0095 95.1076 73.5689 
46.4118 48.0872 84.7194 73.6817 13.9284 0.0 46.1411 50.3206 48.7647 71.8471 92.7555 33.1059 21.4709 60.0167 18.7883 80.025 97.0322 90.3207 103.249 81.6014 
59.2377 81.7147 87.9281 30.0 39.1661 46.1411 0.0 83.9481 36.6742 46.0109 86.539 13.4536 65.2993 93.7522 27.4591 45.1774 96.7728 81.4371 100.901 84.81 
31.4641 2.23607 27.7132 96.3584 45.1438 50.3206 83.9481 0.0 57.2173 68.2404 59.797 70.856 37.6431 11.4018 58.6261 83.6207 45.793 60.075 64.622 38.8973 
29.6956 54.1057 51.6153 42.72 34.9285 48.7647 36.6742 57.2173 0.0 24.0832 51.1077 33.0419 57.3149 65.9257 38.22 36.2491 60.4599 46.6154 64.8845 48.4972 
40.2678 68.4062 56.3688 34.0147 58.3095 71.8471 46.0109 68.2404 24.0832 0.0 46.0435 48.0208 81.3941 76.8375 57.6976 15.8114 63.6003 40.1123 61.0737 52.9245 
46.4004 61.0459 32.1403 80.0562 84.4443 92.7555 86.539 59.797 51.1077 46.0435 0.0 83.814 91.2853 62.0322 87.6568 59.4138 25.0 6.08276 15.0333 22.2036 
55.4168 68.6227 84.5609 41.0 25.7128 33.1059 13.4536 70.856 33.0419 48.0208 83.814 0.0 51.8556 80.6601 14.3178 51.4198 93.4055 79.0482 97.8402 81.4428 
47.0744 35.4683 63.7609 90.8717 26.9258 21.4709 65.2993 37.6431 57.3149 81.3941 91.2853 51.8556 0.0 45.1774 38.1838 92.4505 82.6236 89.8888 100.177 78.5076 
40.1724 13.1529 30.4138 105.067 54.9479 60.0167 93.7522 11.4018 65.9257 76.8375 62.0322 80.6601 45.1774 0.0 68.4302 92.2208 43.9659 63.5059 64.3273 40.0125 
49.5882 56.3927 88.1746 55.0818 13.6015 18.7883 27.4591 58.6261 38.22 57.6976 87.6568 14.3178 38.1838 68.4302 0.0 63.2851 97.0192 83.3424 101.399 85.0565 
55.648 83.7865 72.008 23.2594 67.3647 80.025 45.1774 83.6207 36.2491 15.8114 59.4138 51.4198 92.4505 92.2208 63.2851 0.0 78.7718 53.3385 74.2428 68.4471 
48.0428 47.7074 21.6333 96.5091 85.5317 97.0322 96.7728 45.793 60.4599 63.6003 25.0 93.4055 82.6236 43.9659 97.0192 78.7718 0.0 29.6985 21.0 12.1655 
43.909 61.2046 33.1361 74.108 82.0095 90.3207 81.4371 60.075 46.6154 40.1123 6.08276 79.0482 89.8888 63.5059 83.3424 53.3385 29.6985 0.0 21.0 24.6982 
57.3847 66.3099 37.5899 95.0842 95.1076 103.249 100.901 64.622 64.8845 61.0737 15.0333 97.8402 100.177 64.3273 101.399 74.2428 21.0 21.0 0.0 25.9422 
36.0801 40.5071 11.6619 85.1469 73.5689 81.6014 84.81 38.8973 48.4972 52.9245 22.2036 81.4428 78.5076 40.0125 85.0565 68.4471 12.1655 24.6982 25.9422 0.0 
DEMAND_SCENARIO_SECTION
0 0 0 0 0 0 0 0 0 0 0 0 0 0 0 0 0 0 0 0 0 0 0 0 0 0 0 0 0 0 0 0 0 0 0 0 0 0 0 0 0 0 0 0 0 0 0 0 0 0 
6 5 7 7 2 5 1 8 7 8 9 4 8 0 5 3 6 5 6 7 4 9 4 2 4 3 3 7 5 3 5 1 3 1 6 4 0 6 6 4 5 9 6 0 7 5 7 4 3 8 
2 1 6 1 4 5 3 3 5 1 5 1 1 3 6 2 8 3 3 2 4 2 3 3 4 2 2 4 3 1 2 4 5 0 4 2 2 3 6 5 3 2 1 0 4 0 4 2 3 1 
1 0 0 1 0 1 3 1 1 1 0 1 0 1 2 0 1 1 2 1 1 1 1 1 1 1 1 1 2 0 2 2 1 0 0 1 1 1 0 2 0 0 2 2 2 1 1 0 0 1 
4 4 2 4 4 1 4 4 2 3 3 2 4 5 5 5 1 4 2 2 6 2 0 5 1 4 3 3 5 4 3 7 5 4 4 4 4 2 3 1 6 3 3 6 1 4 5 1 3 2 
8 8 9 5 10 9 15 8 9 10 7 16 7 8 10 11 11 13 8 6 8 10 8 11 11 12 11 5 7 14 9 14 8 8 8 9 13 8 11 14 9 14 9 8 7 9 5 8 12 9 
5 6 3 7 6 4 8 2 4 3 6 7 8 5 5 5 6 6 6 6 4 8 7 4 7 8 8 4 5 5 8 3 7 3 1 4 4 5 3 6 5 6 4 4 5 8 7 3 8 2 
0 2 2 3 3 1 1 0 2 1 0 2 2 1 1 2 2 1 2 2 1 2 0 0 1 1 1 2 3 1 0 0 1 0 1 0 2 2 0 1 0 0 2 2 0 1 1 1 3 4 
6 6 11 10 9 11 6 6 13 11 7 5 12 6 14 6 9 10 8 13 8 8 13 10 10 10 10 12 12 9 11 10 13 10 9 5 5 10 8 6 9 8 5 6 9 6 8 8 7 5 
2 2 1 2 2 2 2 2 0 4 4 2 4 1 2 0 3 2 2 2 1 3 1 1 3 1 1 0 3 3 3 2 2 3 0 2 2 3 1 1 4 3 4 0 4 1 1 2 1 3 
0 0 1 1 0 2 1 1 0 1 0 2 0 1 0 1 1 2 0 0 2 1 1 1 0 0 1 2 1 2 2 1 1 2 1 1 1 2 0 3 1 0 0 0 1 1 2 2 0 0 
0 1 3 2 2 3 0 0 0 1 2 1 0 1 1 0 5 1 2 1 2 0 0 2 2 1 1 2 2 1 3 0 2 1 0 3 1 0 2 2 3 2 1 0 0 1 1 0 3 2 
11 14 14 10 11 7 10 14 12 9 9 10 7 8 12 16 11 15 8 12 11 11 10 11 8 12 15 7 9 17 6 7 12 11 13 5 2 14 7 11 7 8 12 10 8 10 11 16 6 9 
7 13 6 16 11 11 11 7 9 9 13 15 9 10 10 11 8 11 9 8 17 7 8 9 10 13 12 14 13 12 12 8 8 12 9 9 5 6 15 14 9 11 12 13 13 13 14 14 9 11 
1 1 0 2 3 3 2 0 2 5 1 2 0 0 2 5 0 4 1 0 2 1 3 3 2 2 0 4 2 3 1 0 2 4 1 1 4 2 0 2 2 3 1 1 0 3 2 2 6 1 
11 9 8 8 10 9 3 7 7 11 6 8 6 8 7 7 9 8 4 12 8 6 10 10 0 2 10 6 4 12 8 2 3 6 8 12 8 6 8 5 7 7 8 8 8 2 3 1 6 7 
4 7 4 3 6 7 6 3 8 1 6 6 4 8 3 8 7 3 4 3 7 6 4 5 3 4 4 7 4 6 9 3 7 4 3 1 7 4 3 2 7 9 2 3 8 7 3 5 5 4 
9 4 6 4 7 9 4 5 4 12 8 5 3 7 8 4 6 6 5 7 3 5 3 13 7 4 2 6 6 7 8 8 5 9 5 7 7 5 6 5 3 8 6 8 3 1 7 10 8 8 
5 0 2 2 1 2 0 3 2 0 2 4 2 2 4 1 3 2 4 3 0 2 3 1 3 2 1 2 1 2 2 4 2 2 4 0 2 1 3 1 0 0 1 4 0 3 3 1 3 0 
1 2 3 2 1 2 0 2 2 2 4 2 2 3 2 3 4 4 1 4 3 2 4 3 1 1 0 2 2 3 2 4 5 2 4 3 2 1 3 3 2 1 3 0 5 2 3 0 3 0 
DEPOT_SECTION
 1
 -1
EOF
