NAME  : Parada_20_6_0.95_1.00_7
TYPE : SVRP
MODEL : FINITE_SUPPORT
NUMBER_OF_SCENARIOS : 50
DIMENSION : 20
EDGE_WEIGHT_TYPE : MATRIX
CAPACITY : 20
N_VEHICLES : 6
NODE_COORD_SECTION
1 67401 107140
2 268280 58558
3 251090 18
4 181740 318310
5 330620 267320
6 195680 138290
7 138250 26159
8 378750 91400
9 194610 42553
10 222060 253390
11 197480 15535
12 27 209110
13 236500 69986
14 273110 314930
15 279620 257930
16 345660 80968
17 339970 10817
18 127420 329670
19 76406 290820
20 139170 263290
DEMAND_SECTION
1 0.0
2 5.0
3 8.0
4 3.0
5 3.0
6 10.0
7 5.0
8 8.0
9 6.0
10 8.0
11 1.0
12 8.0
13 6.0
14 10.0
15 4.0
16 7.0
17 10.0
18 7.0
19 1.0
20 5.0
DISTANCE_MATRIX
0.0 18.0278 22.0227 33.1059 46.9706 49.2443 52.0647 36.6742 51.11 36.2353 33.0086 41.5851 46.6006 21.4164 47.1743 41.0122 46.0977 31.6234 35.5106 24.6982 
18.0278 0.0 8.60233 47.676 56.9401 67.082 47.7347 19.0263 55.1323 48.2729 15.027 53.9146 59.7574 34.703 29.1927 24.5153 62.4236 32.9234 48.9647 38.6394 
22.0227 8.60233 0.0 54.1202 64.1542 69.51 50.1922 16.1245 57.5898 55.4617 17.4845 46.1947 62.2149 45.3608 29.7321 19.105 74.3994 25.2035 59.6226 45.2217 
33.1059 47.676 54.1202 0.0 22.561 40.1622 50.5634 66.3853 46.4204 9.21954 49.0918 66.8431 41.4083 47.1105 72.3395 72.1803 49.0 64.5071 54.5619 9.05539 
46.9706 56.9401 64.1542 22.561 0.0 62.6418 34.9285 67.5426 29.1548 13.3417 50.6185 84.3469 23.7697 64.1782 68.6586 74.7061 71.1758 78.508 74.0328 23.7703 
49.2443 67.082 69.51 40.1622 62.6418 0.0 96.4654 84.9657 86.4537 49.3356 82.1091 56.7539 81.4416 47.3814 96.2748 87.6491 17.0294 64.195 38.6005 43.0465 
52.0647 47.7347 50.1922 50.5634 34.9285 96.4654 0.0 46.1407 7.61577 42.7031 36.707 91.3064 12.0416 73.4768 40.2244 53.8968 98.2796 70.3152 87.556 55.7943 
36.6742 19.0263 16.1245 66.3853 67.5426 84.9657 46.1407 0.0 53.5383 65.9728 17.4845 51.0 57.0512 50.2873 15.2315 7.81025 79.3259 30.0252 61.0896 57.3319 
51.11 55.1323 57.5898 46.4204 29.1548 86.4537 7.61577 53.5383 0.0 38.4187 44.1046 92.346 5.38516 72.1773 47.7074 61.2944 93.5311 77.7129 85.4606 46.8951 
36.2353 48.2729 55.4617 9.21954 13.3417 49.3356 42.7031 65.9728 38.4187 0.0 48.5077 72.9452 33.3017 52.8193 70.0286 72.9286 58.0345 67.8211 62.0322 12.2066 
33.0086 15.027 17.4845 49.0918 50.6185 82.1091 36.707 17.4845 44.1046 48.5077 0.0 58.5988 45.7138 49.6395 25.0799 24.4403 77.1461 37.6076 63.9012 40.05 
41.5851 53.9146 46.1947 66.8431 84.3469 56.7539 91.3064 51.0 92.346 72.9452 58.5988 0.0 88.7297 21.5407 66.1891 48.6004 42.107 21.0238 18.2483 60.7454 
46.6006 59.7574 62.2149 41.4083 23.7697 81.4416 12.0416 57.0512 5.38516 33.3017 45.7138 88.7297 0.0 68.561 51.2223 64.8073 89.0218 82.338 82.3909 41.883 
21.4164 34.703 45.3608 47.1105 64.1782 47.3814 73.4768 50.2873 72.1773 52.8193 49.6395 21.5407 68.561 0.0 63.8051 50.6952 38.0132 17.0294 19.7231 40.613 
47.1743 29.1927 29.7321 72.3395 68.6586 96.2748 40.2244 15.2315 47.7074 70.0286 25.0799 66.1891 51.2223 63.8051 0.0 20.025 91.5258 45.1988 78.0669 63.5059 
41.0122 24.5153 19.105 72.1803 74.7061 87.6491 53.8968 7.81025 61.2944 72.9286 24.4403 48.6004 64.8073 50.6952 20.025 0.0 79.9799 28.2843 59.4287 63.1506 
46.0977 62.4236 74.3994 49.0 71.1758 17.0294 98.2796 79.3259 93.5311 58.0345 77.1461 42.107 89.0218 38.0132 91.5258 79.9799 0.0 53.4509 24.0 48.8365 
31.6234 32.9234 25.2035 64.5071 78.508 64.195 70.3152 30.0252 77.7129 67.8211 37.6076 21.0238 82.338 17.0294 45.1988 28.2843 53.4509 0.0 31.3847 56.3028 
35.5106 48.9647 59.6226 54.5619 74.0328 38.6005 87.556 61.0896 85.4606 62.0322 63.9012 18.2483 82.3909 19.7231 78.0669 59.4287 24.0 31.3847 0.0 50.2892 
24.6982 38.6394 45.2217 9.05539 23.7703 43.0465 55.7943 57.3319 46.8951 12.2066 40.05 60.7454 41.883 40.613 63.5059 63.1506 48.8365 56.3028 50.2892 0.0 
DEMAND_SCENARIO_SECTION
0 0 0 0 0 0 0 0 0 0 0 0 0 0 0 0 0 0 0 0 0 0 0 0 0 0 0 0 0 0 0 0 0 0 0 0 0 0 0 0 0 0 0 0 0 0 0 0 0 0 
3 5 4 7 5 2 6 7 5 7 1 6 4 5 10 6 3 4 5 6 3 2 3 9 8 3 4 6 7 3 3 7 2 5 6 2 8 8 7 5 9 6 7 4 9 5 5 8 4 7 
9 9 10 10 10 7 5 5 1 11 9 11 12 14 5 2 12 13 6 3 12 7 7 8 11 11 3 7 3 10 4 7 9 12 11 9 8 4 10 10 10 11 8 11 10 6 9 5 8 6 
3 6 3 4 1 3 2 5 2 3 3 3 6 4 3 3 5 0 1 3 0 2 5 2 5 5 3 3 5 2 4 4 4 4 4 3 4 1 5 4 2 3 5 4 3 1 1 3 1 3 
4 4 1 3 3 6 5 2 2 1 2 3 5 6 1 4 3 5 5 3 0 4 4 3 4 6 3 3 4 4 2 4 1 3 4 2 5 3 2 5 2 5 1 0 5 7 5 3 5 2 
9 6 14 12 8 11 13 8 5 13 14 10 13 9 12 15 16 10 17 7 12 11 9 11 5 9 9 13 11 7 10 7 15 9 16 10 12 11 9 19 10 9 8 15 9 13 4 10 11 11 
7 7 8 3 7 4 7 6 4 4 4 6 2 9 5 3 3 1 5 5 5 6 4 8 8 6 6 5 4 6 6 6 4 4 5 8 5 3 3 7 3 4 8 3 4 4 0 7 3 4 
6 3 16 6 8 4 11 13 5 8 10 7 9 10 6 6 8 3 13 4 5 8 4 9 7 5 11 6 11 8 9 3 9 10 13 5 11 8 8 7 10 3 4 8 7 9 4 4 6 11 
6 6 8 7 8 6 9 6 5 6 7 7 6 2 11 2 1 3 2 6 2 2 6 6 5 9 12 5 3 6 4 10 6 2 8 8 8 9 5 6 7 2 7 6 8 9 4 5 4 3 
7 11 4 14 8 10 9 8 5 8 1 8 11 6 6 9 11 7 4 10 2 10 2 8 7 9 9 8 10 7 8 8 8 4 6 4 1 7 5 7 7 8 4 9 7 6 3 11 10 8 
3 3 0 0 2 2 0 2 0 0 0 0 0 1 0 0 2 2 1 2 2 1 1 1 0 1 1 0 1 2 1 0 0 1 3 0 2 1 0 0 2 0 1 0 3 0 1 2 3 3 
5 9 13 9 11 12 11 12 9 9 6 5 13 13 9 7 8 4 12 9 14 9 10 3 3 4 6 11 14 9 8 12 6 9 10 7 12 11 9 7 12 7 11 6 4 14 8 7 5 8 
6 5 7 8 5 10 1 6 10 5 5 9 5 7 8 6 5 7 8 8 9 8 6 4 5 10 5 4 8 8 11 6 8 4 5 7 6 2 8 7 8 10 4 6 6 10 7 10 5 1 
10 10 7 15 10 14 9 5 9 8 14 9 10 13 7 3 14 15 13 12 14 8 13 7 12 13 11 12 5 9 10 9 8 15 12 5 10 11 12 9 12 13 12 17 12 11 6 12 12 15 
5 4 5 6 4 6 6 4 5 5 6 5 5 1 3 2 5 4 2 8 5 5 6 4 3 4 6 5 4 5 0 2 6 1 7 2 8 5 8 5 2 3 5 3 3 6 4 3 7 7 
9 11 8 5 9 3 4 4 7 4 13 3 10 5 4 10 10 9 7 5 10 3 7 9 5 4 4 10 4 8 6 7 9 10 9 10 1 8 7 8 8 10 4 0 6 4 8 5 5 9 
7 11 10 8 12 12 17 10 15 13 11 18 3 4 3 10 13 12 8 14 12 5 7 8 10 15 11 10 9 9 13 8 11 12 8 10 9 7 13 7 9 12 12 13 8 10 12 11 12 14 
5 8 2 8 8 10 6 3 8 3 7 9 9 8 9 6 6 9 7 4 6 7 9 9 8 7 8 10 11 9 6 3 5 2 9 10 9 10 10 5 11 6 11 6 3 9 5 6 8 8 
4 1 0 1 2 0 2 2 2 1 0 0 1 2 0 0 0 1 1 1 3 2 2 1 2 0 1 2 1 0 3 0 0 1 1 3 0 2 2 0 1 2 1 0 0 0 1 2 1 0 
3 7 5 5 8 3 9 6 3 2 8 3 4 4 5 3 2 2 1 5 2 2 4 5 5 2 4 9 6 5 6 3 4 1 7 1 6 7 6 6 6 8 6 5 5 1 1 3 6 3 
DEPOT_SECTION
 1
 -1
EOF
