NAME  : Parada_20_6_0.95_1.00_4
TYPE : SVRP
MODEL : FINITE_SUPPORT
NUMBER_OF_SCENARIOS : 50
DIMENSION : 20
EDGE_WEIGHT_TYPE : MATRIX
CAPACITY : 20
N_VEHICLES : 6
NODE_COORD_SECTION
1 155890 255460
2 476040 354200
3 209690 18
4 53154 585550
5 205740 270140
6 210380 437110
7 121650 231780
8 480590 192290
9 226340 419580
10 221940 224230
11 229180 83483
12 27 511500
13 283100 437640
14 483270 317150
15 252540 531030
16 346280 174690
17 482680 274590
18 196710 469330
19 67591 356530
20 204920 304410
DEMAND_SECTION
1 0.0
2 5.0
3 10.0
4 5.0
5 1.0
6 8.0
7 1.0
8 10.0
9 4.0
10 3.0
11 10.0
12 7.0
13 8.0
14 6.0
15 7.0
16 4.0
17 8.0
18 10.0
19 3.0
20 7.0
DISTANCE_MATRIX
0.0 57.0096 67.3837 61.2944 7.28011 52.4976 17.1406 39.1321 38.5876 7.28011 63.5257 55.5428 27.313 36.4468 33.2866 38.0789 32.6519 27.6586 39.7671 15.4403 
57.0096 0.0 123.844 70.3491 63.055 81.0062 73.6011 18.4391 73.0548 51.0392 116.862 58.4209 69.3542 62.6498 56.3205 94.0319 61.6117 62.6498 96.0949 42.45 
67.3837 123.844 0.0 94.2019 61.173 86.1452 50.9117 105.967 64.1195 74.5774 13.6015 96.8461 58.1808 79.6994 76.5572 34.7131 75.9732 66.2118 31.6228 82.2748 
61.2944 70.3491 94.2019 0.0 55.9464 113.667 60.7454 59.1354 31.0161 64.3832 82.2253 12.0 41.0 95.5302 28.0179 88.0738 93.8217 35.4683 67.0671 59.2622 
7.28011 63.055 61.173 55.9464 0.0 58.7963 10.93 45.1775 31.6228 14.0 56.9905 51.2445 20.1246 42.7557 28.2312 37.8994 38.9608 21.2603 33.2318 21.4857 
52.4976 81.0062 86.1452 113.667 58.7963 0.0 65.902 70.6116 90.2718 50.4149 90.3549 107.421 78.4092 21.4709 85.6542 52.0384 25.807 79.9889 71.4718 59.0716 
17.1406 73.6011 50.9117 60.7454 10.93 65.902 0.0 55.7235 32.8024 24.3344 47.0538 57.7062 20.8087 49.9669 34.3657 29.0689 46.172 25.2982 23.2951 32.0317 
39.1321 18.4391 105.967 59.1354 45.1775 70.6116 55.7235 0.0 56.2939 33.541 99.3084 47.927 51.8025 50.2494 40.1995 76.5376 48.0 45.2217 78.5411 24.2074 
38.5876 73.0548 64.1195 31.0161 31.6228 90.2718 32.8024 56.2939 0.0 43.8634 54.7208 32.8938 12.0416 74.2293 17.0 58.3264 70.4344 12.1655 36.0555 51.1589 
7.28011 51.0392 74.5774 64.3832 14.0 50.4149 24.3344 33.541 43.8634 0.0 70.7195 57.7517 33.2415 34.3641 36.4639 43.0465 30.5692 32.249 46.9609 11.0 
63.5257 116.862 13.6015 82.2253 56.9905 90.3549 47.0538 99.3084 54.7208 70.7195 0.0 86.0098 48.8262 80.8206 66.9052 38.4708 77.0257 56.8595 25.5539 78.4169 
55.5428 58.4209 96.8461 12.0 51.2445 107.421 57.7062 47.927 32.8938 57.7517 86.0098 0.0 40.1123 85.9694 23.3452 86.2844 87.4093 33.0151 67.6018 49.7014 
27.313 69.3542 58.1808 41.0 20.1246 78.4092 20.8087 51.8025 12.0416 33.2415 48.8262 40.1123 0.0 62.3996 18.3848 47.0744 58.6047 8.06226 27.6586 40.5235 
36.4468 62.6498 79.6994 95.5302 42.7557 21.4709 49.9669 50.2494 74.2293 34.3641 80.8206 85.9694 62.3996 0.0 70.5061 45.31 5.38516 63.9382 60.6497 37.6197 
33.2866 56.3205 76.5572 28.0179 28.2312 85.6542 34.3657 40.1995 17.0 36.4639 66.9052 23.3452 18.3848 70.5061 0.0 63.0714 65.8085 10.4403 45.8903 43.742 
38.0789 94.0319 34.7131 88.0738 37.8994 52.0384 29.0689 76.5376 58.3264 43.0465 38.4708 86.2844 47.0744 45.31 63.0714 0.0 41.7443 53.3385 24.8395 52.9256 
32.6519 61.6117 75.9732 93.8217 38.9608 25.807 46.172 48.0 70.4344 30.5692 77.0257 87.4093 58.6047 5.38516 65.8085 41.7443 0.0 60.1432 56.8548 34.0692 
27.6586 62.6498 66.2118 35.4683 21.2603 79.9889 25.2982 45.2217 12.1655 32.249 56.8595 33.0151 8.06226 63.9382 10.4403 53.3385 60.1432 0.0 35.4526 39.5951 
39.7671 96.0949 31.6228 67.0671 33.2318 71.4718 23.2951 78.5411 36.0555 46.9609 25.5539 67.6018 27.6586 60.6497 45.8903 24.8395 56.8548 35.4526 0.0 54.6582 
15.4403 42.45 82.2748 59.2622 21.4857 59.0716 32.0317 24.2074 51.1589 11.0 78.4169 49.7014 40.5235 37.6197 43.742 52.9256 34.0692 39.5951 54.6582 0.0 
DEMAND_SCENARIO_SECTION
0 0 0 0 0 0 0 0 0 0 0 0 0 0 0 0 0 0 0 0 0 0 0 0 0 0 0 0 0 0 0 0 0 0 0 0 0 0 0 0 0 0 0 0 0 0 0 0 0 0 
6 2 5 5 7 5 2 6 3 2 5 1 4 3 4 2 6 5 1 0 2 4 4 6 7 5 6 4 6 3 7 8 5 7 4 4 6 5 3 5 7 6 4 5 6 6 3 4 4 6 
14 5 7 8 16 13 12 4 14 8 12 12 8 9 11 9 5 10 6 11 9 9 11 12 9 6 8 9 11 13 13 4 8 11 12 8 12 8 11 10 5 11 10 10 12 8 8 13 6 9 
2 11 3 3 8 4 7 5 4 1 5 8 4 7 0 4 6 5 7 5 5 7 5 8 6 7 7 5 6 4 4 6 4 6 7 4 8 4 7 0 3 8 6 4 5 5 6 5 6 3 
2 0 1 0 0 1 0 1 1 1 0 0 0 1 0 1 1 0 0 1 1 3 1 0 0 1 1 0 1 1 2 1 2 2 2 1 3 2 1 1 1 2 1 1 1 1 1 4 0 1 
6 7 8 11 11 7 7 11 9 6 13 3 8 11 11 13 7 8 8 13 8 8 4 12 6 7 6 6 7 7 8 9 12 10 12 6 9 3 5 5 11 9 13 8 10 10 8 3 11 7 
1 3 0 2 0 2 0 2 0 0 1 2 1 1 2 2 1 3 1 0 1 0 0 2 2 1 0 1 1 1 1 2 0 2 2 3 0 2 2 0 0 1 1 1 1 2 1 0 0 1 
14 9 12 15 9 11 13 9 12 14 12 10 10 13 11 8 12 13 10 10 7 11 8 11 11 11 9 10 10 10 5 11 10 9 12 8 11 14 5 12 17 8 7 11 10 9 14 10 11 9 
5 7 2 2 5 3 5 4 5 2 4 5 4 4 0 3 6 6 6 6 3 1 5 3 6 5 5 1 4 3 3 3 5 5 3 4 0 4 4 5 5 3 7 3 2 5 3 5 6 4 
2 3 5 4 0 3 2 1 3 5 4 4 1 5 0 2 5 4 2 6 3 5 0 4 5 2 0 2 0 1 7 2 6 5 4 1 2 2 1 0 7 4 4 2 3 2 2 3 1 0 
8 6 8 12 11 12 10 8 13 7 8 9 7 9 5 11 15 12 9 11 7 12 10 8 6 6 10 14 9 8 9 9 13 9 8 9 10 15 9 9 11 7 13 10 6 9 5 9 11 14 
10 8 9 10 12 10 6 11 2 10 9 10 1 5 11 11 6 7 11 10 3 9 4 5 0 8 4 6 6 11 5 7 5 6 7 4 9 5 7 4 12 2 8 4 4 6 7 11 5 6 
6 7 9 3 7 9 9 13 3 10 5 8 4 7 10 9 9 9 13 9 9 6 4 8 9 13 10 9 11 7 6 6 7 5 7 7 11 3 8 7 7 2 6 5 0 10 9 8 11 8 
9 3 7 12 6 6 5 1 5 6 6 5 5 9 6 5 4 3 11 5 4 5 8 6 8 12 8 6 6 7 4 4 9 7 3 8 4 7 5 7 6 4 5 10 5 7 6 1 3 5 
3 3 8 7 9 6 5 8 5 7 7 5 8 4 3 10 10 3 4 12 1 4 7 7 8 10 10 4 7 6 5 5 15 15 8 6 7 7 9 9 4 7 8 6 12 6 8 7 3 5 
5 4 5 6 4 7 7 3 3 2 4 9 7 2 3 7 5 5 3 5 1 3 4 4 6 6 5 1 2 5 3 8 4 4 5 4 4 8 6 6 7 3 4 7 4 4 5 2 5 5 
10 10 5 4 7 8 12 12 3 11 10 5 8 8 13 10 13 13 8 9 9 5 6 8 10 4 8 6 6 9 8 9 13 4 11 9 8 8 2 9 12 11 10 6 10 2 12 5 10 6 
13 7 8 10 6 8 17 10 11 15 10 11 13 3 6 11 5 11 10 13 11 4 15 11 12 11 7 9 8 5 8 10 5 8 9 7 9 10 4 13 10 9 6 10 11 10 9 7 18 8 
1 4 1 0 4 1 3 5 2 3 1 3 4 5 0 5 4 6 1 4 0 3 5 4 5 3 4 4 3 3 5 4 2 2 0 1 3 2 4 4 5 5 2 2 1 2 2 6 4 1 
12 6 6 10 6 4 8 8 8 7 2 11 11 7 7 2 7 8 5 4 7 8 11 4 4 6 9 3 7 8 3 9 2 8 9 7 11 6 7 6 6 4 10 7 3 2 6 3 7 8 
DEPOT_SECTION
 1
 -1
EOF
