NAME  : Parada_20_6_0.95_1.00_3
TYPE : SVRP
MODEL : FINITE_SUPPORT
NUMBER_OF_SCENARIOS : 50
DIMENSION : 20
EDGE_WEIGHT_TYPE : MATRIX
CAPACITY : 19
N_VEHICLES : 6
NODE_COORD_SECTION
1 164230 118510
2 341240 259600
3 285100 16168
4 280020 270680
5 405860 194670
6 276790 201150
7 128780 18
8 391940 18967
9 257400 28197
10 539140 89625
11 322380 30546
12 27 215850
13 442380 296330
14 423340 269300
15 492520 119080
16 369360 64207
17 552940 54955
18 384720 325420
19 26817 281540
20 175730 275580
DEMAND_SECTION
1 0.0
2 5.0
3 10.0
4 9.0
5 5.0
6 1.0
7 10.0
8 9.0
9 1.0
10 6.0
11 1.0
12 3.0
13 8.0
14 4.0
15 9.0
16 10.0
17 7.0
18 3.0
19 10.0
20 1.0
DISTANCE_MATRIX
0.0 55.2338 40.3639 56.4619 83.3123 60.5923 26.9072 20.8862 37.7359 52.3771 41.9916 47.1862 49.5665 25.0 49.0547 27.2385 48.7464 56.8885 51.9711 33.2789 
55.2338 0.0 20.025 8.94427 29.0172 20.1246 81.1234 35.8469 43.4166 61.8466 36.4966 40.4475 90.1998 71.261 48.7032 72.3395 57.5847 93.0692 33.0151 47.3161 
40.3639 20.025 0.0 17.4642 33.8378 20.2485 66.3209 19.8494 23.5372 43.566 16.7631 43.3244 70.1783 60.1548 30.0167 52.6361 38.9487 73.1642 39.9625 40.0848 
56.4619 8.94427 17.4642 0.0 21.2132 11.1803 82.4189 36.4005 39.0512 55.3624 32.0624 48.0416 86.0233 76.2436 42.7551 69.7731 51.4198 88.2043 41.3038 51.8856 
83.3123 29.0172 33.8378 21.2132 0.0 13.6015 99.8205 53.6004 48.4734 56.2228 41.8808 69.1809 91.9239 93.9822 46.8402 90.8308 53.7587 92.228 62.0322 72.2597 
60.5923 20.1246 20.2485 11.1803 13.6015 0.0 86.7452 40.0 36.198 48.3735 29.5466 58.0775 81.8841 80.3832 37.054 79.1647 45.0444 83.0963 51.9711 59.2058 
26.9072 81.1234 66.3209 82.4189 99.8205 86.7452 0.0 46.8431 54.2442 68.7371 58.4999 64.0078 51.0784 22.6155 66.3386 34.0588 65.1064 59.2368 71.4493 39.4588 
20.8862 35.8469 19.8494 36.4005 53.6004 40.0 46.8431 0.0 22.3607 48.5576 20.2237 37.4833 60.4904 40.6771 37.2643 39.6232 44.927 65.307 38.9487 26.4059 
37.7359 43.4166 23.5372 39.0512 48.4734 36.198 54.2442 22.3607 0.0 39.0424 7.0 59.0339 47.0 59.4224 25.4624 43.0124 34.3848 49.6527 58.7963 48.7558 
52.3771 61.8466 43.566 55.3624 56.2228 48.3735 68.7371 48.5576 39.0424 0.0 32.45 83.9171 37.5899 74.0636 13.6015 42.1296 5.0 36.4005 82.1079 73.9332 
41.9916 36.4966 16.7631 32.0624 41.8808 29.5466 58.4999 20.2237 7.0 32.45 0.0 54.9181 54.0 60.6371 18.8699 49.7411 27.7923 56.6056 53.7587 46.2683 
47.1862 40.4475 43.3244 48.0416 69.1809 58.0775 64.0078 37.4833 59.0339 83.9171 54.9181 0.0 96.5949 46.4072 70.337 74.2669 79.2595 101.948 9.89949 25.4951 
49.5665 90.1998 70.1783 86.0233 91.9239 81.8841 51.0784 60.4904 47.0 37.5899 54.0 96.5949 0.0 67.6049 45.1221 22.6034 38.6264 8.24621 99.3602 82.6876 
25.0 71.261 60.1548 76.2436 93.9822 80.3832 22.6155 40.6771 59.4224 74.0636 60.6371 46.4072 67.6049 0.0 70.7411 46.7772 70.4329 75.2393 54.6308 23.9545 
49.0547 48.7032 30.0167 42.7551 46.8402 37.054 66.3386 37.2643 25.4624 13.6015 18.8699 70.337 45.1221 70.7411 0.0 44.5999 8.94427 46.0435 68.5278 62.7647 
27.2385 72.3395 52.6361 69.7731 90.8308 79.1647 34.0588 39.6232 43.0124 42.1296 49.7411 74.2669 22.6034 46.7772 44.5999 0.0 40.98 29.9254 77.6389 60.3596 
48.7464 57.5847 38.9487 51.4198 53.7587 45.0444 65.1064 44.927 34.3848 5.0 27.7923 79.2595 38.6264 70.4329 8.94427 40.98 0.0 38.4708 77.4503 70.3025 
56.8885 93.0692 73.1642 88.2043 92.228 83.0963 59.2368 65.307 49.6527 36.4005 56.6056 101.948 8.24621 75.2393 46.0435 29.9254 38.4708 0.0 104.202 89.6905 
51.9711 33.0151 39.9625 41.3038 62.0322 51.9711 71.4493 38.9487 58.7963 82.1079 53.7587 9.89949 99.3602 54.6308 68.5278 77.6389 77.4503 104.202 0.0 32.0624 
33.2789 47.3161 40.0848 51.8856 72.2597 59.2058 39.4588 26.4059 48.7558 73.9332 46.2683 25.4951 82.6876 23.9545 62.7647 60.3596 70.3025 89.6905 32.0624 0.0 
DEMAND_SCENARIO_SECTION
0 0 0 0 0 0 0 0 0 0 0 0 0 0 0 0 0 0 0 0 0 0 0 0 0 0 0 0 0 0 0 0 0 0 0 0 0 0 0 0 0 0 0 0 0 0 0 0 0 0 
5 6 6 4 2 10 7 6 6 5 4 8 2 2 2 1 5 6 6 7 2 9 7 3 5 8 1 0 5 6 6 4 8 6 8 1 4 0 3 7 5 5 7 5 4 4 2 7 6 8 
16 6 12 11 15 14 8 16 12 7 11 13 9 11 13 14 11 7 7 6 10 6 9 11 6 7 6 9 6 11 9 12 7 12 7 6 8 7 8 8 9 11 15 11 6 12 11 13 15 9 
13 7 14 13 14 8 8 5 10 15 11 8 13 11 14 7 5 11 0 12 11 11 9 8 6 17 9 9 8 9 9 10 7 3 7 4 6 7 7 7 12 7 16 6 9 5 11 12 9 8 
7 5 1 3 5 8 8 6 7 7 6 5 4 8 6 9 5 1 3 4 5 8 4 4 5 6 6 3 6 5 7 4 8 0 2 7 8 6 1 7 4 5 3 3 6 5 2 5 4 10 
2 3 3 3 1 1 1 2 2 0 1 1 2 0 0 1 0 2 1 2 0 3 1 0 1 2 3 0 0 3 3 1 0 0 2 2 3 0 1 2 1 0 2 1 1 1 2 1 1 2 
7 9 11 7 13 4 10 12 12 7 12 14 8 7 7 6 14 9 12 4 17 5 5 10 12 14 7 10 13 10 7 14 10 10 16 12 9 5 8 9 3 9 5 12 13 12 7 12 8 13 
5 16 11 8 4 15 9 12 12 11 4 9 14 6 5 9 6 6 7 6 8 6 6 8 14 5 4 11 12 11 13 10 2 17 6 4 13 4 13 11 8 7 6 9 13 11 10 11 0 11 
2 1 1 0 1 1 3 2 1 0 2 1 0 0 0 2 3 1 0 1 0 2 0 3 2 3 2 2 2 1 0 2 2 1 2 2 0 2 0 2 1 2 2 0 1 2 1 1 2 2 
8 6 6 4 6 5 7 6 11 7 3 6 6 10 7 1 12 7 7 2 4 8 6 5 7 10 4 4 3 4 7 8 9 11 9 13 4 6 1 3 10 2 5 4 5 5 6 8 5 8 
1 2 1 1 2 0 0 3 0 0 1 1 2 1 1 1 2 1 2 2 2 0 2 2 3 2 1 0 0 1 1 0 1 0 0 1 2 1 0 0 0 2 1 1 1 1 0 2 1 3 
1 5 3 3 3 2 4 3 1 2 1 2 3 2 2 4 6 2 4 1 6 3 4 2 2 2 2 2 3 2 5 4 4 1 4 1 5 3 4 0 3 3 3 7 2 5 5 3 2 5 
3 8 9 11 7 6 13 11 13 7 8 10 10 10 10 9 8 10 6 9 8 7 12 9 11 10 7 10 13 7 8 10 10 7 5 6 11 11 11 11 7 13 10 11 11 4 3 6 9 5 
6 6 2 7 6 4 2 5 5 4 8 0 5 3 4 1 4 4 4 7 3 3 5 8 7 7 4 4 5 3 6 7 6 5 7 5 2 5 2 3 4 10 5 3 4 3 6 3 7 5 
9 11 4 5 10 4 10 7 11 4 6 9 5 13 6 5 13 7 18 11 14 13 13 12 6 7 9 7 7 11 12 10 7 10 10 8 13 12 8 11 7 8 7 11 10 8 13 5 10 8 
10 6 11 10 10 8 9 12 12 9 5 13 8 8 10 13 7 15 12 1 11 6 13 15 7 15 10 5 10 4 14 15 8 7 11 5 14 13 10 10 12 13 14 10 7 12 8 6 7 10 
7 7 13 4 10 7 7 6 10 3 6 6 6 12 5 10 6 10 5 9 6 4 5 7 9 8 9 5 5 3 7 3 3 8 8 5 6 6 5 8 8 7 6 8 7 6 4 6 7 13 
2 2 2 3 3 0 2 6 3 3 4 0 2 5 3 4 4 4 5 4 1 2 2 1 4 0 5 7 3 2 7 7 3 3 1 0 5 4 1 4 0 5 2 4 6 5 5 0 4 1 
17 8 13 10 9 6 9 1 12 9 9 11 17 7 13 6 10 8 9 11 13 12 8 11 11 9 12 13 11 10 9 4 9 12 9 10 9 13 13 12 8 2 7 9 14 11 6 9 4 16 
1 1 0 3 2 2 1 2 1 2 1 0 2 1 0 0 1 2 0 0 1 1 1 2 0 3 1 2 0 0 0 1 3 1 0 2 2 1 2 3 1 1 1 3 0 0 1 0 2 1 
DEPOT_SECTION
 1
 -1
EOF
