NAME  : Parada_20_6_0.95_1.00_8
TYPE : SVRP
MODEL : FINITE_SUPPORT
NUMBER_OF_SCENARIOS : 50
DIMENSION : 20
EDGE_WEIGHT_TYPE : MATRIX
CAPACITY : 17
N_VEHICLES : 6
NODE_COORD_SECTION
1 33537 114870
2 345840 171480
3 123200 22486
4 138620 380930
5 240640 231390
6 146560 246400
7 287690 96034
8 312620 102600
9 163440 71553
10 344560 18
11 234250 51616
12 27 203270
13 443270 189730
14 320010 135630
15 225180 287550
16 199390 203730
17 379250 7636
18 78136 331090
19 101430 262470
20 101380 166130
DEMAND_SECTION
1 0.0
2 5.0
3 8.0
4 9.0
5 9.0
6 7.0
7 6.0
8 9.0
9 8.0
10 4.0
11 10.0
12 3.0
13 5.0
14 3.0
15 2.0
16 1.0
17 2.0
18 4.0
19 5.0
20 2.0
DISTANCE_MATRIX
0.0 45.471 17.0298 44.4072 27.7615 51.4198 48.3325 45.1885 43.9379 61.3285 31.7653 24.7581 52.5547 42.7783 37.6431 28.6356 42.2019 59.6955 19.6469 14.2195 
45.471 0.0 31.1263 54.2312 65.3912 70.7519 91.6449 88.507 18.2483 102.196 16.6158 71.1025 43.4166 86.9333 62.246 67.3494 71.3182 22.2036 53.102 41.2514 
17.0298 31.1263 0.0 44.4072 36.9702 55.8971 64.8467 61.7027 33.7414 77.1211 17.1905 41.2723 45.7701 59.2925 44.1374 45.0258 46.5296 45.3509 25.4951 12.8102 
44.4072 54.2312 44.4072 0.0 66.3099 18.9737 46.2385 43.8634 74.2191 49.0408 42.5692 43.6818 24.0832 44.7772 18.7883 25.4558 86.4928 57.6888 63.9531 55.01 
27.7615 65.3912 36.9702 66.3099 0.0 67.4759 47.1699 45.2217 59.0339 63.3246 51.7057 22.8254 80.2536 41.1096 53.7587 43.7379 26.0 79.6158 15.1327 34.1599 
51.4198 70.7519 55.8971 18.9737 67.4759 0.0 33.9706 32.5576 87.7556 32.0156 59.013 47.0956 42.7551 35.0 14.0357 24.0 91.022 76.1577 69.3566 64.1354 
48.3325 91.6449 64.8467 46.2385 47.1699 33.9706 0.0 3.16228 91.7548 16.1555 77.709 36.8782 68.6586 6.40312 27.5136 25.02 73.1699 92.659 56.2655 62.0364 
45.1885 88.507 61.7027 43.8634 45.2217 32.5576 3.16228 0.0 88.6108 18.3576 74.5712 33.9706 65.9697 4.12311 25.0799 22.0 71.2217 89.588 53.6175 58.8924 
43.9379 18.2483 33.7414 74.2191 59.0339 87.7556 91.7548 88.6108 0.0 104.029 31.7148 68.1804 61.6604 86.2006 76.0079 71.1675 53.7122 34.4384 44.0 39.7184 
61.3285 102.196 77.1211 49.0408 63.3246 32.0156 16.1555 18.3576 104.029 0.0 88.2597 51.7397 73.0 22.3607 32.5576 34.8855 89.3246 101.533 71.8974 75.0324 
31.7653 16.6158 17.1905 42.5692 51.7057 59.013 77.709 74.5712 31.7148 88.2597 0.0 57.1667 36.4966 72.9975 57.9851 53.4135 58.1479 30.5941 39.1767 27.5457 
24.7581 71.1025 41.2723 43.6818 22.8254 47.0956 36.8782 33.9706 68.1804 51.7397 57.1667 0.0 56.668 30.6105 33.0606 23.1948 44.0114 73.4103 22.3607 38.462 
52.5547 43.4166 45.7701 24.0832 80.2536 42.7551 68.6586 65.9697 61.6604 73.0 36.4966 56.668 0.0 66.0984 41.4367 44.9444 92.1389 38.4187 70.9232 58.2314 
42.7783 86.9333 59.2925 44.7772 41.1096 35.0 6.40312 4.12311 86.2006 22.3607 72.9975 30.6105 66.0984 0.0 26.0768 21.3776 67.1096 88.4401 49.8661 56.4822 
37.6431 62.246 44.1374 18.7883 53.7587 14.0357 27.5136 25.0799 76.0079 32.5576 57.9851 33.0606 41.4367 26.0768 0.0 10.0499 77.0065 69.2892 55.3275 50.6946 
28.6356 67.3494 45.0258 25.4558 43.7379 24.0 25.02 22.0 71.1675 34.8855 53.4135 23.1948 44.9444 21.3776 10.0499 0.0 67.0298 67.6891 45.5412 42.2156 
42.2019 71.3182 46.5296 86.4928 26.0 91.022 73.1699 71.2217 53.7122 89.3246 58.1479 44.0114 92.1389 67.1096 77.0065 67.0298 0.0 85.3844 22.561 43.9102 
59.6955 22.2036 45.3509 57.6888 79.6158 76.1577 92.659 89.588 34.4384 101.533 30.5941 73.4103 38.4187 88.4401 69.2892 67.6891 85.3844 0.0 67.3266 55.476 
19.6469 53.102 25.4951 63.9531 15.1327 69.3566 56.2655 53.6175 44.0 71.8974 39.1767 22.3607 70.9232 49.8661 55.3275 45.5412 22.561 67.3266 0.0 22.6918 
14.2195 41.2514 12.8102 55.01 34.1599 64.1354 62.0364 58.8924 39.7184 75.0324 27.5457 38.462 58.2314 56.4822 50.6946 42.2156 43.9102 55.476 22.6918 0.0 
DEMAND_SCENARIO_SECTION
0 0 0 0 0 0 0 0 0 0 0 0 0 0 0 0 0 0 0 0 0 0 0 0 0 0 0 0 0 0 0 0 0 0 0 0 0 0 0 0 0 0 0 0 0 0 0 0 0 0 
3 9 10 6 8 3 7 6 0 5 0 5 6 5 8 7 6 5 5 7 8 5 9 2 5 0 0 6 7 8 7 9 3 4 6 3 5 7 4 3 3 4 4 7 3 8 6 2 5 9 
5 5 5 7 8 12 10 8 11 9 3 12 10 7 3 8 12 8 5 7 6 8 2 8 9 6 6 14 6 9 12 6 11 11 9 6 9 6 13 8 9 14 12 8 8 5 9 9 4 10 
10 6 10 11 3 13 11 7 5 10 13 6 7 7 11 9 11 4 8 9 11 11 4 10 3 7 11 10 6 8 14 7 12 11 5 9 9 14 5 8 8 16 13 16 18 7 4 12 13 10 
7 5 9 10 10 12 8 15 6 5 6 8 7 4 11 7 8 15 9 11 8 12 5 9 4 7 11 11 11 1 12 10 8 11 12 7 6 9 6 8 11 10 13 8 10 2 8 9 6 7 
8 12 9 6 12 10 4 9 10 9 9 11 6 8 9 6 3 4 6 8 6 10 10 4 7 7 5 9 7 6 8 7 7 9 9 7 5 8 7 8 8 6 9 10 8 10 6 4 9 6 
4 9 6 5 5 10 4 4 8 7 6 4 5 9 10 0 6 8 5 7 6 4 5 9 4 2 1 5 3 4 12 6 5 5 7 11 1 6 1 5 6 7 6 8 4 4 3 9 7 3 
10 10 6 11 6 9 7 5 9 9 10 5 10 13 10 13 11 7 9 13 12 12 0 5 12 9 12 8 8 7 11 6 11 10 7 3 5 12 2 9 10 8 6 9 10 8 11 12 11 11 
0 14 9 11 10 11 8 11 9 6 10 5 9 8 10 11 6 7 6 12 8 6 11 8 3 7 6 7 9 9 11 1 6 6 7 10 0 10 2 9 8 5 8 9 11 7 8 8 7 7 
3 3 7 4 5 6 6 3 5 2 5 1 1 5 2 4 0 4 6 4 4 2 6 3 4 5 7 3 6 3 5 5 5 3 4 5 5 4 5 5 4 4 6 6 5 5 6 3 3 4 
10 12 12 9 8 15 3 8 10 12 6 4 7 17 13 12 10 4 10 4 13 8 11 8 8 11 11 12 8 12 8 7 14 8 12 7 10 13 14 11 5 8 9 6 8 8 11 11 13 12 
4 0 5 3 5 0 3 1 3 3 2 2 6 0 5 2 5 3 3 3 4 5 3 2 0 4 3 5 2 0 0 1 4 4 2 4 1 1 7 4 5 5 0 4 3 0 3 5 1 2 
9 3 7 6 7 2 7 6 6 1 7 6 2 3 4 4 7 6 6 6 2 6 6 9 4 4 9 7 4 4 3 2 5 0 0 9 4 12 3 4 5 2 7 3 7 4 5 2 10 4 
2 0 1 5 6 0 6 0 3 4 6 8 4 4 4 2 1 1 3 2 3 3 5 3 0 2 5 0 2 2 5 6 4 5 2 0 3 4 5 3 4 4 3 0 6 3 4 2 1 2 
5 0 0 0 2 2 1 3 3 0 3 2 1 2 1 2 4 4 3 2 3 0 1 1 3 0 1 3 3 0 2 1 3 1 3 1 2 2 3 2 2 3 4 1 0 0 3 0 3 1 
4 1 1 2 1 2 1 2 0 1 2 0 0 2 1 1 0 1 1 3 2 2 0 3 2 1 1 0 0 1 2 2 1 1 0 3 1 2 1 1 2 1 1 2 0 0 0 1 0 2 
0 2 2 3 4 2 3 4 0 2 0 2 0 4 1 2 1 4 3 3 2 1 3 4 0 2 2 3 0 3 4 1 0 3 0 1 1 1 3 2 2 0 4 4 3 1 6 1 3 0 
5 7 3 4 3 5 4 3 7 6 4 6 5 5 2 6 1 3 4 5 7 5 6 3 3 5 4 3 4 3 7 2 6 1 5 4 4 1 3 5 1 7 5 5 2 3 6 5 5 4 
2 8 7 5 7 4 8 7 5 6 5 9 5 7 7 6 6 6 8 4 3 3 6 6 3 3 4 2 8 2 7 4 7 2 1 2 4 1 7 0 7 6 6 8 7 8 7 7 7 4 
4 0 2 1 2 1 0 2 2 0 2 1 2 4 2 2 3 3 2 2 4 3 1 1 3 0 1 2 4 3 0 0 5 4 2 1 4 3 1 0 0 3 2 2 2 2 2 2 1 1 
DEPOT_SECTION
 1
 -1
EOF
