NAME  : Parada_20_7_0.95_1.00_0
TYPE : SVRP
MODEL : FINITE_SUPPORT
NUMBER_OF_SCENARIOS : 50
DIMENSION : 20
EDGE_WEIGHT_TYPE : MATRIX
CAPACITY : 14
N_VEHICLES : 7
NODE_COORD_SECTION
1 1812 93775
2 511090 179960
3 124070 21628
4 141650 318060
5 270430 272580
6 317510 150810
7 34475 54775
8 433770 73657
9 47850 63178
10 292410 18
11 183540 85074
12 27 137210
13 369940 158640
14 371660 239030
15 250270 394830
16 306410 134150
17 371000 115100
18 24660 361940
19 55046 315460
20 189190 269950
DEMAND_SECTION
1 0.0
2 5.0
3 7.0
4 1.0
5 7.0
6 9.0
7 5.0
8 5.0
9 4.0
10 7.0
11 9.0
12 4.0
13 1.0
14 3.0
15 6.0
16 8.0
17 8.0
18 2.0
19 4.0
20 4.0
DISTANCE_MATRIX
0.0 62.9682 19.105 34.9285 70.275 48.2597 10.0499 51.112 8.24621 32.6956 43.4815 9.05539 51.6624 41.2311 83.1548 39.0512 56.6127 62.0332 55.1843 64.9957 
62.9682 0.0 68.9638 87.3212 72.1734 80.2247 57.2713 33.1361 57.2451 77.4007 107.637 57.5299 88.0909 23.4307 79.3095 24.6982 86.8332 124.235 62.3205 59.0085 
19.105 68.9638 0.0 19.0 84.5845 29.5296 14.5602 64.3273 16.1555 51.1667 42.72 26.6271 32.5576 51.0392 97.4644 44.3847 37.7359 63.561 69.4938 79.3052 
34.9285 87.3212 19.0 0.0 98.1571 26.4764 33.2415 83.0241 34.5254 64.7852 40.1995 43.6578 24.1868 70.0286 112.011 62.9682 32.0156 58.4209 87.588 97.3994 
70.275 72.1734 84.5845 98.1571 0.0 111.128 70.3213 39.0512 68.4489 35.9026 76.9415 64.6036 115.905 54.9181 13.8924 65.5525 119.613 87.2067 27.095 13.6015 
48.2597 80.2247 29.5296 26.4764 111.128 0.0 41.0366 86.3134 43.1856 80.6323 66.0076 54.5619 8.24621 69.2892 122.639 58.9406 8.48528 84.8528 94.6688 104.48 
10.0499 57.2713 14.5602 33.2415 70.3213 41.0366 0.0 49.8197 2.23607 41.7612 49.654 13.6015 45.607 37.4833 83.2012 32.6497 49.5177 68.2058 54.9336 64.745 
51.112 33.1361 64.3273 83.0241 39.0512 86.3134 49.8197 0.0 48.5695 50.8296 91.3964 45.4407 92.7038 19.2094 47.0744 31.241 94.414 104.398 30.6982 26.0768 
8.24621 57.2451 16.1555 34.5254 68.4489 43.1856 2.23607 48.5695 0.0 39.5607 48.5779 11.4018 47.634 36.8782 81.3288 32.7567 51.6624 67.1297 53.3582 63.1696 
32.6956 77.4007 51.1667 64.7852 35.9026 80.6323 41.7612 50.8296 39.5607 0.0 41.1947 29.4666 83.6254 53.2134 49.3356 57.5674 88.8904 53.8516 32.1314 39.3192 
43.4815 107.637 42.72 40.1995 76.9415 66.0076 49.654 91.3964 48.5779 41.1947 0.0 49.7726 64.3817 84.21 90.0278 83.6326 72.1734 21.095 71.8061 80.0062 
9.05539 57.5299 26.6271 43.6578 64.6036 54.5619 13.6015 45.4407 11.4018 29.4666 49.7726 0.0 58.7963 35.5621 77.4835 34.099 63.0317 66.3705 49.513 59.3243 
51.6624 88.0909 32.5576 24.1868 115.905 8.24621 45.607 92.7038 47.634 83.6254 64.3817 58.7963 0.0 76.243 128.785 66.2873 8.24621 82.0975 100.032 109.843 
41.2311 23.4307 51.0392 70.0286 54.9181 69.2892 37.4833 19.2094 36.8782 53.2134 84.21 35.5621 76.243 0.0 64.846 12.0416 77.0779 100.808 42.0139 43.3244 
83.1548 79.3095 97.4644 112.011 13.8924 122.639 83.2012 47.0744 81.3288 49.3356 90.0278 77.4835 128.785 64.846 0.0 76.1577 131.07 99.0051 39.9706 21.5407 
39.0512 24.6982 44.3847 62.9682 65.5525 58.9406 32.6497 31.241 32.7567 57.5674 83.6326 34.099 66.2873 12.0416 76.1577 0.0 66.4078 102.184 51.5412 54.626 
56.6127 86.8332 37.7359 32.0156 119.613 8.48528 49.5177 94.414 51.6624 88.8904 72.1734 63.0317 8.24621 77.0779 131.07 66.4078 0.0 90.1998 103.1 112.911 
62.0332 124.235 63.561 58.4209 87.2067 84.8528 68.2058 104.398 67.1297 53.8516 21.095 66.3705 82.0975 100.808 99.0051 102.184 90.1998 0.0 85.6999 92.9624 
55.1843 62.3205 69.4938 87.588 27.095 94.6688 54.9336 30.6982 53.3582 32.1314 71.8061 49.513 100.032 42.0139 39.9706 51.5412 103.1 85.6999 0.0 21.8114 
64.9957 59.0085 79.3052 97.3994 13.6015 104.48 64.745 26.0768 63.1696 39.3192 80.0062 59.3243 109.843 43.3244 21.5407 54.626 112.911 92.9624 21.8114 0.0 
DEMAND_SCENARIO_SECTION
0 0 0 0 0 0 0 0 0 0 0 0 0 0 0 0 0 0 0 0 0 0 0 0 0 0 0 0 0 0 0 0 0 0 0 0 0 0 0 0 0 0 0 0 0 0 0 0 0 0 
3 6 4 7 6 11 1 3 5 3 4 1 4 7 5 6 3 8 8 5 6 5 2 3 4 5 5 6 7 7 4 6 1 4 5 4 7 6 5 6 5 5 7 9 6 2 5 9 4 5 
9 7 11 6 10 4 4 7 6 4 3 10 9 7 5 11 9 6 7 6 7 7 7 11 10 6 8 7 10 6 5 12 9 1 7 5 6 6 7 8 7 4 4 10 7 4 2 8 6 4 
0 1 1 0 2 1 0 1 1 2 3 0 0 0 1 0 1 1 2 0 2 1 1 1 0 2 0 1 0 2 1 2 1 1 1 1 0 1 2 1 0 0 2 0 1 2 1 2 1 1 
6 7 3 7 7 7 6 3 4 9 7 4 11 5 6 7 7 9 9 11 3 3 9 10 10 5 10 5 10 9 7 9 5 9 10 6 10 5 2 8 9 4 9 3 9 6 6 10 5 9 
17 10 11 5 11 10 11 12 14 7 10 9 5 3 12 5 10 7 10 13 7 12 11 11 17 4 5 4 14 9 7 6 12 6 6 15 8 14 8 8 12 7 11 15 11 12 4 7 5 6 
6 9 3 5 3 3 3 7 7 3 5 6 3 2 5 4 5 7 4 5 1 5 6 5 4 5 4 2 10 6 7 3 5 10 2 5 2 10 8 4 9 6 3 8 3 6 4 5 4 2 
6 2 7 1 7 5 2 8 5 7 6 6 9 8 2 3 4 6 2 4 4 7 11 7 1 6 6 4 5 6 1 6 2 4 2 5 6 5 7 4 8 9 4 7 3 9 4 6 5 1 
2 3 5 3 5 5 2 8 4 5 2 2 4 5 0 3 4 1 6 8 2 2 1 5 5 4 4 7 1 6 4 2 4 5 7 8 2 6 5 6 6 6 3 6 4 4 3 4 8 1 
11 7 5 6 7 8 3 9 8 9 13 8 8 2 7 7 9 0 4 11 11 5 5 9 7 4 8 5 4 5 5 10 11 9 4 7 4 10 4 8 10 8 6 6 10 8 6 11 9 3 
15 7 16 12 10 9 8 9 3 6 7 12 5 9 1 10 16 3 7 11 7 13 8 11 7 6 8 9 7 14 5 7 13 8 3 10 5 4 11 3 8 8 12 11 11 16 12 6 9 12 
6 2 4 2 0 2 3 4 5 0 2 1 6 5 5 0 2 5 3 4 4 3 3 4 4 4 2 5 4 5 4 5 6 1 0 4 4 6 6 2 1 6 1 1 0 4 6 2 3 3 
0 2 2 0 1 2 1 2 2 0 2 3 2 0 0 0 1 1 1 0 1 0 2 2 0 1 2 1 3 1 1 0 1 2 2 1 2 1 3 3 1 1 2 1 1 1 1 1 2 2 
2 3 6 4 1 1 2 3 3 4 4 0 4 6 6 3 5 3 3 5 0 2 2 2 2 3 3 2 1 2 2 5 3 4 4 5 3 1 4 6 6 2 1 2 2 3 3 7 0 6 
8 3 3 5 3 5 4 5 6 4 4 3 8 5 5 3 0 6 11 9 5 7 4 2 6 7 3 5 6 4 7 5 8 9 5 7 5 7 3 8 5 7 4 8 8 7 7 3 7 8 
9 10 9 14 11 6 6 9 11 8 14 7 7 7 8 5 7 10 10 10 8 4 12 10 7 5 3 6 6 4 8 8 11 12 7 10 8 5 11 9 8 10 7 8 10 11 5 5 10 6 
6 8 7 3 8 10 4 10 10 6 4 7 9 8 5 8 4 10 8 13 7 6 10 4 8 4 12 12 4 7 7 6 11 3 3 4 5 11 6 6 6 11 8 2 6 10 4 5 7 7 
0 3 0 2 2 1 2 3 2 0 3 3 3 3 2 3 4 2 3 3 0 2 4 2 3 2 0 2 2 0 1 3 2 4 5 0 2 2 2 3 1 2 2 2 0 4 0 3 1 2 
4 3 3 2 4 2 6 6 4 3 3 2 2 1 3 1 3 3 2 5 4 2 6 4 8 2 4 2 2 4 3 4 7 4 5 4 3 1 4 6 5 4 1 3 6 0 2 1 5 5 
4 6 2 5 3 4 2 3 3 4 3 5 5 7 3 2 3 5 6 3 3 5 0 3 5 6 0 5 4 4 3 5 1 3 3 1 5 1 5 4 5 4 4 4 7 3 7 4 8 4 
DEPOT_SECTION
 1
 -1
EOF
