NAME  : Parada_20_7_0.95_1.00_6
TYPE : SVRP
MODEL : FINITE_SUPPORT
NUMBER_OF_SCENARIOS : 50
DIMENSION : 20
EDGE_WEIGHT_TYPE : MATRIX
CAPACITY : 16
N_VEHICLES : 7
NODE_COORD_SECTION
1 203010 113400
2 351520 58857
3 162990 18
4 499740 163420
5 372740 143820
6 51099 150010
7 322850 30119
8 517760 140620
9 443930 34277
10 467170 19925
11 16759 50057
12 27 117460
13 215580 114920
14 216890 273200
15 651390 178620
16 279330 90028
17 665660 106960
18 174880 300670
19 36467 256990
20 229760 185720
DEMAND_SECTION
1 0.0
2 8.0
3 3.0
4 2.0
5 8.0
6 6.0
7 1.0
8 5.0
9 9.0
10 8.0
11 7.0
12 4.0
13 8.0
14 9.0
15 7.0
16 7.0
17 4.0
18 7.0
19 3.0
20 2.0
DISTANCE_MATRIX
0.0 44.0488 26.8701 50.0 35.444 45.793 49.3487 51.1957 45.0444 41.0122 60.5086 52.0365 2.0 28.0093 45.2769 67.6018 53.7587 35.5788 50.5829 61.4003 
44.0488 0.0 58.0086 33.2415 11.1803 78.2304 6.08276 31.0161 17.088 17.1172 35.4401 31.9061 44.681 42.9762 51.6236 83.0523 55.0 46.2385 49.1156 82.2102 
26.8701 58.0086 0.0 74.686 48.3735 20.6155 64.0 75.2396 66.5629 62.8285 58.8628 48.9633 28.3196 17.8885 72.1388 42.3792 80.6226 21.9317 31.5162 34.9857 
50.0 33.2415 74.686 0.0 33.0151 94.9368 33.1361 3.60555 16.2788 16.5529 68.6804 64.4748 49.4773 71.3745 25.4951 111.534 24.6982 72.9529 78.8213 106.613 
35.444 11.1803 48.3735 33.0151 0.0 68.884 17.088 31.8904 19.4165 16.9706 39.0 32.7567 36.0762 39.9122 46.0435 78.6654 50.9902 40.0844 45.5107 75.9066 
45.793 78.2304 20.6155 94.9368 68.884 0.0 84.1487 95.6347 87.1646 83.3368 73.5444 64.6684 46.8722 36.1248 90.789 35.5106 99.3142 36.6879 42.5441 25.0799 
49.3487 6.08276 64.0 33.1361 17.088 84.1487 0.0 30.4138 17.0 18.4391 36.6742 34.7131 49.9808 48.6621 53.8516 87.6649 56.3205 51.5461 53.7122 87.5924 
51.1957 31.0161 75.2396 3.60555 31.8904 95.6347 30.4138 0.0 13.9284 15.0 66.4078 62.6099 50.8035 70.4526 29.0689 110.612 28.2312 72.031 77.3092 107.211 
45.0444 17.088 66.5629 16.2788 19.4165 87.1646 17.0 13.9284 0.0 4.12311 52.4976 48.7647 45.1774 58.7031 37.6962 97.9448 39.4588 59.3638 64.1833 95.186 
41.0122 17.1172 62.8285 16.5529 16.9706 83.3368 18.4391 15.0 4.12311 0.0 52.3927 47.927 41.1096 55.7698 35.4401 95.6359 38.0526 57.0549 62.3147 92.5287 
60.5086 35.4401 58.8628 68.6804 39.0 73.5444 36.6742 66.4078 52.4976 52.3927 0.0 9.89949 62.0764 40.985 85.0235 62.3939 89.56 50.1524 31.7805 66.0681 
52.0365 31.9061 48.9633 64.4748 32.7567 64.6684 34.7131 62.6099 48.7647 47.927 9.89949 0.0 53.6042 31.0855 78.8901 56.7539 83.7437 41.2763 24.0 59.1354 
2.0 44.681 28.3196 49.4773 36.0762 46.8722 49.9808 50.8035 45.1774 41.1096 62.0764 53.6042 0.0 29.9672 43.9168 69.3542 52.4023 37.5367 52.5408 63.0079 
28.0093 42.9762 17.8885 71.3745 39.9122 36.1248 48.6621 70.4526 58.7031 55.7698 40.985 31.0855 29.9672 0.0 71.154 43.8634 78.8893 8.06226 24.7695 40.4969 
45.2769 51.6236 72.1388 25.4951 46.0435 90.789 53.8516 29.0689 37.6962 35.4401 85.0235 78.8901 43.9168 71.154 0.0 112.071 8.94427 78.7235 93.7276 106.527 
67.6018 83.0523 42.3792 111.534 78.6654 35.5106 87.6649 110.612 97.9448 95.6359 62.3939 56.7539 69.3542 43.8634 112.071 0.0 120.0 38.8987 34.0147 10.7703 
53.7587 55.0 80.6226 24.6982 50.9902 99.3142 56.3205 28.2312 39.4588 38.0526 89.56 83.7437 52.4023 78.8893 8.94427 120.0 0.0 86.4588 101.463 114.769 
35.5788 46.2385 21.9317 72.9529 40.0844 36.6879 51.5461 72.031 59.3638 57.0549 50.1524 41.2763 37.5367 8.06226 78.7235 38.8987 86.4588 0.0 19.799 36.14 
50.5829 49.1156 31.5162 78.8213 45.5107 42.5441 53.7122 77.3092 64.1833 62.3147 31.7805 24.0 52.5408 24.7695 93.7276 34.0147 101.463 19.799 0.0 35.2278 
61.4003 82.2102 34.9857 106.613 75.9066 25.0799 87.5924 107.211 95.186 92.5287 66.0681 59.1354 63.0079 40.4969 106.527 10.7703 114.769 36.14 35.2278 0.0 
DEMAND_SCENARIO_SECTION
0 0 0 0 0 0 0 0 0 0 0 0 0 0 0 0 0 0 0 0 0 0 0 0 0 0 0 0 0 0 0 0 0 0 0 0 0 0 0 0 0 0 0 0 0 0 0 0 0 0 
12 2 14 7 8 7 5 13 10 9 3 9 6 10 6 6 6 5 4 10 8 7 9 5 5 11 7 11 7 7 8 7 10 7 11 12 9 5 9 6 4 7 7 13 0 8 16 8 9 6 
3 0 4 2 6 4 8 0 3 2 4 2 3 1 3 2 1 5 6 5 4 4 4 2 2 2 2 3 4 1 0 3 3 2 6 4 6 2 2 6 5 3 0 5 5 2 2 4 5 3 
4 4 2 2 4 1 3 1 1 1 3 3 3 4 3 2 1 3 2 1 1 1 2 3 3 1 1 1 2 2 4 0 3 0 1 1 1 5 4 3 3 3 1 1 4 4 1 2 5 2 
8 9 8 7 11 10 9 9 12 8 8 8 7 7 4 14 9 6 11 7 13 8 5 3 8 12 8 6 10 7 9 9 8 12 10 4 5 4 9 7 8 5 6 7 8 9 13 6 10 6 
6 8 7 4 9 2 8 9 4 8 9 3 10 5 9 4 8 2 6 6 8 5 4 5 4 6 4 9 4 10 8 8 3 4 4 7 7 11 8 11 9 8 1 4 8 5 8 8 9 11 
1 1 2 2 1 3 0 0 1 3 1 2 1 0 3 1 3 0 0 1 1 0 3 1 2 1 4 0 2 0 2 1 1 0 1 2 1 0 2 1 1 0 1 1 2 1 2 3 1 0 
7 6 7 5 7 3 6 4 3 0 6 1 5 5 4 6 9 6 2 4 4 3 3 7 2 5 6 8 7 6 5 3 7 8 5 6 6 5 6 4 3 7 3 4 9 0 3 4 4 5 
5 10 9 15 10 9 13 8 12 8 8 10 9 11 13 11 4 12 10 7 7 10 4 10 12 7 12 11 10 9 9 10 9 7 10 15 9 12 7 8 8 13 9 13 13 7 9 10 12 8 
8 13 12 10 11 9 6 5 11 5 7 11 8 7 6 11 8 9 8 9 8 11 5 7 10 3 7 4 10 7 13 7 2 11 8 8 13 12 10 7 7 7 12 8 5 6 5 13 7 9 
7 2 8 7 12 11 10 4 3 10 11 7 3 4 4 1 11 3 9 7 3 8 4 9 9 9 8 5 2 6 6 10 10 10 10 8 7 7 3 6 8 9 8 8 8 6 5 9 6 7 
8 4 5 4 5 4 4 6 6 4 6 4 4 7 9 7 1 6 4 1 2 5 4 6 2 3 1 2 1 4 6 3 4 7 0 6 2 0 6 3 4 4 1 9 8 4 6 4 3 6 
8 9 9 6 1 8 7 11 7 9 8 3 7 5 4 4 2 9 12 9 11 13 7 12 9 6 7 7 6 13 6 6 4 7 8 6 12 7 10 12 11 6 8 9 9 9 5 7 11 11 
9 8 12 14 6 12 8 11 9 11 7 3 10 8 10 8 9 6 12 4 4 9 7 6 6 8 7 8 15 11 6 6 3 10 16 6 10 8 12 11 5 4 6 12 4 9 8 4 7 11 
5 6 7 13 3 3 8 4 11 4 6 6 5 10 8 8 3 6 7 5 11 6 6 9 7 9 7 9 7 10 9 5 7 7 5 6 6 3 9 10 5 7 8 6 9 7 6 9 8 7 
6 5 4 8 6 6 7 10 5 7 8 5 6 8 8 5 5 7 6 7 9 6 3 8 9 6 6 1 10 7 11 11 5 8 9 5 11 7 7 6 9 8 9 10 12 8 11 15 8 6 
2 6 3 3 5 2 6 3 0 4 0 5 4 5 6 4 7 1 3 6 4 4 5 3 4 6 6 2 3 6 3 3 4 2 0 5 6 8 3 7 6 3 9 4 4 6 3 5 8 0 
11 9 7 11 1 3 6 4 7 3 4 2 9 6 9 5 6 8 8 7 7 5 4 3 6 5 8 4 8 8 7 5 7 8 7 7 6 8 12 8 6 7 6 6 6 5 7 7 4 8 
2 3 4 1 1 3 1 5 2 4 2 3 4 3 3 2 2 5 0 4 3 3 1 1 5 3 4 2 2 2 5 4 4 4 3 3 4 1 3 1 4 3 0 4 2 4 8 0 3 4 
5 1 5 3 4 2 1 4 3 4 2 2 1 2 2 1 1 1 1 2 1 2 1 3 3 4 1 2 2 3 1 2 1 0 2 4 2 3 3 1 2 3 4 2 2 2 3 3 5 0 
DEPOT_SECTION
 1
 -1
EOF
