NAME  : Parada_20_7_0.95_1.00_9
TYPE : SVRP
MODEL : FINITE_SUPPORT
NUMBER_OF_SCENARIOS : 50
DIMENSION : 20
EDGE_WEIGHT_TYPE : MATRIX
CAPACITY : 15
N_VEHICLES : 7
NODE_COORD_SECTION
1 27 116570
2 360070 174810
3 127010 90249
4 156150 219190
5 167580 200430
6 111530 266610
7 73279 69759
8 275210 132820
9 120600 18
10 218410 130690
11 129120 1723
12 146610 89269
13 398320 166570
14 361000 345730
15 175030 408350
16 248940 60725
17 167150 77134
18 71639 315930
19 90970 203750
20 125900 195280
DEMAND_SECTION
1 0.0
2 9.0
3 1.0
4 3.0
5 3.0
6 10.0
7 4.0
8 6.0
9 6.0
10 9.0
11 1.0
12 3.0
13 6.0
14 2.0
15 7.0
16 1.0
17 7.0
18 9.0
19 7.0
20 6.0
DISTANCE_MATRIX
0.0 57.3537 38.9102 34.5254 37.4833 57.3294 44.1022 24.7386 54.1288 23.7697 14.0433 54.7727 41.1461 43.1341 28.9426 24.1868 57.3769 39.9625 46.0977 42.19 
57.3537 0.0 73.5683 62.5917 63.3355 19.0263 80.8235 49.6328 23.1948 61.6643 70.3928 100.257 89.2441 55.2268 40.3113 33.0688 103.399 37.2588 64.0321 63.1596 
38.9102 73.5683 0.0 11.0454 11.1803 66.3702 7.28011 25.4951 84.2256 16.2788 42.7551 73.0821 26.2488 81.9304 64.9448 44.4185 74.9466 38.0132 17.8045 14.7648 
34.5254 62.5917 11.0454 0.0 3.0 55.3263 18.2483 15.6205 74.5577 11.0 41.1096 76.0592 34.8855 76.3631 58.6003 34.8281 78.2624 27.0 12.3693 8.24621 
37.4833 63.3355 11.1803 3.0 0.0 55.7315 18.0 17.6918 76.4853 14.0 44.1022 78.7909 36.3593 79.1482 61.327 36.7967 80.9568 27.1662 9.48683 5.38516 
57.3294 19.0263 66.3702 55.3263 55.7315 0.0 73.5527 43.1856 42.0476 55.2268 69.9097 112.707 86.5794 72.4983 56.0263 33.4228 115.848 28.6356 55.0273 54.8179 
44.1022 80.8235 7.28011 18.2483 18.0 73.5527 0.0 32.6956 91.3032 22.8035 46.4866 73.3485 23.0217 86.7401 70.8112 51.4782 74.9533 45.0999 22.8473 20.6155 
24.7386 49.6328 25.4951 15.6205 17.6918 43.1856 32.6956 0.0 58.9487 12.0416 34.4384 73.6139 43.4166 63.3482 44.9222 19.2094 76.2168 18.0278 23.7697 20.5913 
54.1288 23.1948 84.2256 74.5577 76.4853 42.0476 91.3032 58.9487 0.0 69.0319 67.9798 91.5346 95.258 40.0 32.3883 39.6989 94.6709 57.7786 80.8299 78.5179 
23.7697 61.6643 16.2788 11.0 14.0 55.2268 22.8035 12.0416 69.0319 0.0 30.1496 66.242 31.4006 66.5178 48.8774 29.1548 68.6003 29.1548 23.1948 19.105 
14.0433 70.3928 42.7551 41.1096 44.1022 69.9097 46.4866 34.4384 67.9798 30.1496 0.0 43.4093 37.5366 54.9786 42.9852 37.1755 46.0135 50.9562 53.3385 49.2544 
54.7727 100.257 73.0821 76.0592 78.7909 112.707 73.3485 73.6139 91.5346 66.242 43.4093 0.0 53.0094 57.0789 60.0617 79.3384 3.16228 90.9955 88.2383 84.1724 
41.1461 89.2441 26.2488 34.8855 36.3593 86.5794 23.0217 43.4166 95.258 31.4006 37.5366 53.0094 0.0 80.3116 70.2762 58.3095 54.1479 60.1664 44.0454 40.8044 
43.1341 55.2268 81.9304 76.3631 79.1482 72.4983 86.7401 63.3482 40.0 66.5178 54.9786 57.0789 80.3116 0.0 19.0 50.04 60.0333 72.0278 86.8332 83.2434 
28.9426 40.3113 64.9448 58.6003 61.327 56.0263 70.8112 44.9222 32.3883 48.8774 42.9852 60.0617 70.2762 19.0 0.0 31.0644 63.2028 53.0377 68.6222 65.192 
24.1868 33.0688 44.4185 34.8281 36.7967 33.4228 51.4782 19.2094 39.6989 29.1548 37.1755 79.3384 58.3095 50.04 31.0644 0.0 80.509 22.0 41.6173 39.0512 
57.3769 103.399 74.9466 78.2624 80.9568 115.848 74.9533 76.2168 94.6709 68.6003 46.0135 3.16228 54.1479 60.0333 63.2028 80.509 0.0 93.5997 90.377 86.3308 
39.9625 37.2588 38.0132 27.0 27.1662 28.6356 45.0999 18.0278 57.7786 29.1548 50.9562 90.9955 60.1664 72.0278 53.0377 22.0 93.5997 0.0 26.8328 26.2488 
46.0977 64.0321 17.8045 12.3693 9.48683 55.0273 22.8473 23.7697 80.8299 23.1948 53.3385 88.2383 44.0454 86.8332 68.6222 41.6173 90.377 26.8328 0.0 4.12311 
42.19 63.1596 14.7648 8.24621 5.38516 54.8179 20.6155 20.5913 78.5179 19.105 49.2544 84.1724 40.8044 83.2434 65.192 39.0512 86.3308 26.2488 4.12311 0.0 
DEMAND_SCENARIO_SECTION
0 0 0 0 0 0 0 0 0 0 0 0 0 0 0 0 0 0 0 0 0 0 0 0 0 0 0 0 0 0 0 0 0 0 0 0 0 0 0 0 0 0 0 0 0 0 0 0 0 0 
5 11 9 6 6 12 11 7 10 7 13 13 7 15 8 7 12 13 6 8 7 9 10 6 4 7 13 11 10 7 3 11 3 9 9 11 10 8 9 12 5 8 11 11 10 6 4 10 12 11 
1 2 3 2 3 2 0 2 0 2 0 1 0 0 2 0 2 0 1 0 2 2 0 0 1 0 1 3 0 0 1 4 1 2 2 0 0 1 1 2 2 2 0 0 2 0 0 0 1 1 
1 2 5 2 3 4 3 2 3 1 2 3 4 2 5 2 4 4 5 3 2 3 5 2 1 3 2 0 3 3 4 1 3 4 2 3 4 2 4 1 5 4 6 5 4 3 3 4 2 3 
2 4 5 2 4 3 2 3 0 1 3 3 3 2 5 3 2 3 0 4 1 2 5 2 1 7 6 6 5 2 3 4 3 7 1 0 5 4 3 5 0 6 1 7 2 7 3 3 4 3 
8 15 13 6 12 8 13 7 10 3 1 11 11 10 10 4 7 13 10 12 10 8 8 4 11 9 7 11 13 12 15 11 13 7 13 14 14 9 10 3 8 6 16 5 13 16 12 9 10 6 
3 4 4 4 2 5 4 3 4 4 0 0 2 3 2 3 4 5 1 0 6 0 4 4 3 3 4 5 5 5 6 4 6 2 0 3 5 4 0 7 3 2 5 3 5 7 7 3 3 2 
5 9 6 11 3 7 5 1 9 3 7 11 0 3 6 8 8 11 7 6 7 2 7 6 9 3 6 7 8 4 6 7 6 5 10 3 3 7 8 9 8 3 9 7 6 4 7 6 7 6 
5 4 4 9 10 8 6 6 4 5 11 6 8 5 8 5 8 1 7 3 6 3 6 5 4 6 10 4 5 8 6 7 6 8 7 6 9 10 9 10 7 6 11 8 2 5 10 6 8 10 
12 11 6 9 9 5 9 9 11 8 13 9 7 6 11 8 6 8 5 11 10 13 4 11 10 9 9 4 11 6 8 11 15 5 5 11 9 8 13 8 1 10 15 5 13 10 12 7 9 9 
0 1 2 2 1 0 0 1 2 2 1 3 1 2 2 1 2 2 1 0 2 0 0 0 2 1 0 1 2 1 3 0 2 3 2 0 2 1 2 1 0 1 2 2 2 1 0 2 1 2 
6 0 1 1 3 2 6 3 4 6 7 2 2 5 4 1 3 2 5 3 4 4 2 1 8 4 3 2 3 4 4 4 2 5 5 5 1 3 3 2 5 3 0 2 3 2 4 2 0 4 
3 7 8 7 3 3 5 7 5 8 6 5 3 4 8 3 5 4 7 8 10 5 3 9 6 3 8 4 8 7 7 5 4 6 4 7 4 4 7 11 3 9 5 9 7 6 4 4 6 9 
3 3 3 2 3 2 2 2 2 1 5 5 4 1 2 4 4 1 3 1 3 4 1 0 2 3 1 0 2 3 0 3 1 2 0 1 4 0 1 3 4 2 3 2 3 2 0 1 3 1 
4 9 15 4 9 9 0 4 6 6 7 9 5 8 6 10 4 6 9 5 5 9 4 9 8 6 1 12 5 10 10 11 6 9 1 10 7 11 9 10 8 7 6 10 15 10 8 0 13 6 
0 1 2 0 1 2 0 1 0 2 1 0 3 0 2 0 1 0 1 1 2 1 1 2 3 2 1 1 0 0 0 1 0 1 0 1 2 3 0 2 0 0 1 1 1 0 0 0 0 0 
9 8 8 8 7 6 7 4 6 7 6 7 10 11 8 10 9 5 2 9 7 8 5 3 1 5 4 7 7 6 6 8 6 3 10 12 12 10 7 4 5 11 7 2 9 6 9 11 6 7 
8 11 9 9 7 9 12 7 13 11 8 10 10 8 6 9 11 9 11 11 9 12 12 13 10 9 11 9 4 7 12 11 5 13 9 12 5 6 7 6 5 5 5 11 11 5 11 10 6 9 
7 6 12 3 10 5 0 5 6 8 14 11 9 8 10 5 10 5 4 10 9 7 8 13 5 8 9 9 6 10 6 9 4 12 5 10 10 5 10 2 8 7 6 5 3 11 8 6 1 0 
7 2 3 0 3 8 6 3 7 3 6 9 7 4 7 10 5 6 4 3 4 6 8 6 4 3 5 9 8 3 6 12 5 3 8 9 10 8 6 4 1 5 2 9 8 8 4 6 9 5 
DEPOT_SECTION
 1
 -1
EOF
