NAME  : Parada_20_7_0.95_1.00_4
TYPE : SVRP
MODEL : FINITE_SUPPORT
NUMBER_OF_SCENARIOS : 50
DIMENSION : 20
EDGE_WEIGHT_TYPE : MATRIX
CAPACITY : 19
N_VEHICLES : 7
NODE_COORD_SECTION
1 57617 179310
2 307570 205110
3 206000 104980
4 183820 345720
5 282750 310860
6 142620 310780
7 113360 18
8 402310 144870
9 122690 3624
10 325390 1167
11 180170 10781
12 27 231450
13 351500 152650
14 347410 295020
15 169840 391300
16 263920 290420
17 217560 244010
18 145710 388930
19 180960 275010
20 198170 118910
DEMAND_SECTION
1 0.0
2 7.0
3 9.0
4 9.0
5 2.0
6 1.0
7 9.0
8 10.0
9 9.0
10 9.0
11 10.0
12 2.0
13 9.0
14 1.0
15 8.0
16 7.0
17 7.0
18 7.0
19 4.0
20 7.0
DISTANCE_MATRIX
0.0 16.644 35.609 28.0187 25.095 73.8197 43.3554 43.0465 43.5878 43.489 35.556 21.9319 49.4065 45.665 48.1664 38.9609 26.0 44.1022 32.0156 36.1248 
16.644 0.0 25.1503 21.0238 32.178 90.4575 59.9932 48.7647 60.2256 56.9197 52.1937 35.3553 38.933 41.0 47.927 32.31 26.6271 43.8634 32.249 25.0623 
35.609 25.1503 0.0 45.3982 56.9245 108.474 78.8292 73.8419 79.0615 60.9638 71.0297 46.0977 13.8924 65.3758 32.8024 56.0803 22.0907 29.6816 23.3452 2.23607 
28.0187 21.0238 45.3982 0.0 18.5602 76.5572 46.4866 29.5296 47.1275 69.3305 40.637 47.2166 58.4637 20.025 68.0074 11.4018 45.8803 63.8905 51.8652 44.7214 
25.095 32.178 56.9245 18.5602 0.0 66.1691 35.9531 26.0 36.573 58.7703 30.0768 42.9177 70.7083 24.6155 73.2604 22.3848 51.0425 69.192 57.0848 56.8469 
73.8197 90.4575 108.474 76.5572 66.1691 0.0 30.5287 56.2228 30.2324 65.8027 39.0512 66.4284 121.4 69.8713 108.563 75.6902 91.6079 105.338 95.9635 109.59 
43.3554 59.9932 78.8292 46.4866 35.9531 30.5287 0.0 31.9531 1.41421 47.5184 9.84886 41.7732 92.6821 43.2897 83.5225 47.1699 64.4251 80.0062 69.4622 79.2023 
43.0465 48.7647 73.8419 29.5296 26.0 56.2228 31.9531 0.0 33.2415 68.7968 32.8024 56.7056 87.6246 14.3178 91.1976 22.6716 69.029 87.1436 75.06 73.7539 
43.5878 60.2256 79.0615 47.1275 36.573 30.2324 1.41421 33.2415 0.0 46.3897 9.43398 41.0 92.9144 44.4072 82.8613 48.0937 63.9531 79.3788 68.942 79.4347 
43.489 56.9197 60.9638 69.3305 58.7703 65.8027 47.5184 68.7968 46.3897 0.0 39.5601 26.7488 69.9478 73.2401 45.2769 73.155 38.8869 43.1856 38.9077 62.9077 
35.556 52.1937 71.0297 40.637 30.0768 39.0512 9.84886 32.8024 9.43398 39.5601 0.0 32.249 84.8826 41.4367 73.7631 43.2897 54.5772 70.214 59.6154 71.4029 
21.9319 35.3553 46.0977 47.2166 42.9177 66.4284 41.7732 56.7056 41.0 26.7488 32.249 0.0 57.9828 59.5333 42.1545 57.3025 26.2488 38.9102 29.8329 47.5395 
49.4065 38.933 13.8924 58.4637 70.7083 121.4 92.6821 87.6246 92.9144 69.9478 84.8826 57.9828 0.0 78.2624 33.9559 68.7314 32.2025 32.249 31.0483 13.9284 
45.665 41.0 65.3758 20.025 24.6155 69.8713 43.2897 14.3178 44.4072 73.2401 41.4367 59.5333 78.2624 0.0 87.0976 9.84886 64.7611 82.9759 70.8308 64.6297 
48.1664 47.927 32.8024 68.0074 73.2604 108.563 83.5225 91.1976 82.8613 45.2769 73.7631 42.1545 33.9559 87.0976 0.0 79.404 22.3607 4.12311 16.2788 35.0 
38.9609 32.31 56.0803 11.4018 22.3848 75.6902 47.1699 22.6716 48.0937 73.155 43.2897 57.3025 68.7314 9.84886 79.404 0.0 57.2451 75.2861 63.2456 55.2268 
26.0 26.6271 22.0907 45.8803 51.0425 91.6079 64.4251 69.029 63.9531 38.8869 54.5772 26.2488 32.2025 64.7611 22.3607 57.2451 0.0 18.2483 6.08276 24.0208 
44.1022 43.8634 29.6816 63.8905 69.192 105.338 80.0062 87.1436 79.3788 43.1856 70.214 38.9102 32.249 82.9759 4.12311 75.2861 18.2483 0.0 12.1655 31.9061 
32.0156 32.249 23.3452 51.8652 57.0848 95.9635 69.4622 75.06 68.942 38.9077 59.6154 29.8329 31.0483 70.8308 16.2788 63.2456 6.08276 12.1655 0.0 25.4951 
36.1248 25.0623 2.23607 44.7214 56.8469 109.59 79.2023 73.7539 79.4347 62.9077 71.4029 47.5395 13.9284 64.6297 35.0 55.2268 24.0208 31.9061 25.4951 0.0 
DEMAND_SCENARIO_SECTION
0 0 0 0 0 0 0 0 0 0 0 0 0 0 0 0 0 0 0 0 0 0 0 0 0 0 0 0 0 0 0 0 0 0 0 0 0 0 0 0 0 0 0 0 0 0 0 0 0 0 
9 9 6 9 9 9 9 4 5 7 7 6 8 5 6 10 9 12 4 6 9 4 9 7 6 6 7 3 5 9 9 11 10 3 4 12 1 2 7 7 8 7 7 6 5 2 11 7 4 5 
17 9 5 10 13 10 13 10 10 7 12 10 7 8 9 6 14 7 6 10 13 9 2 12 4 11 10 11 10 10 5 5 16 9 5 7 8 12 13 15 15 13 8 7 12 6 8 8 11 12 
5 9 10 9 10 6 10 16 12 10 16 4 11 9 14 15 3 9 13 14 5 6 14 14 11 6 8 3 10 12 13 7 12 11 9 4 7 3 11 13 4 5 12 3 3 14 6 11 7 13 
3 1 3 1 4 1 0 4 1 2 0 2 2 1 3 2 1 2 1 1 0 2 4 3 2 3 0 0 2 1 1 3 2 2 2 1 0 3 0 2 1 4 1 1 4 2 0 2 3 3 
1 2 0 1 1 2 1 2 1 0 0 0 0 0 1 0 1 0 0 0 3 1 1 2 2 1 2 3 2 2 2 1 0 2 3 0 2 1 0 0 0 1 1 2 3 1 2 2 1 1 
10 8 7 5 11 12 7 9 7 11 11 10 10 11 10 3 10 11 6 7 6 10 7 11 6 10 7 7 12 11 16 11 10 4 9 7 14 10 8 8 13 10 7 13 1 9 9 3 7 12 
15 10 6 8 11 9 9 13 7 11 8 11 10 9 11 5 9 9 8 7 14 9 11 17 10 12 5 9 12 2 13 10 11 6 6 9 5 6 6 6 10 13 12 12 8 8 8 10 6 12 
9 8 12 12 7 8 7 7 9 14 9 4 5 11 11 9 18 12 10 4 3 10 11 10 11 9 9 9 13 13 13 14 8 11 13 10 12 11 10 9 7 8 5 7 9 17 6 12 7 9 
10 10 8 8 7 7 5 9 8 8 10 6 7 9 10 9 12 8 17 9 9 9 5 6 8 13 11 12 4 7 5 10 8 7 7 8 7 14 14 12 10 10 5 7 14 9 6 5 12 9 
11 8 9 11 12 12 13 9 9 12 14 10 10 7 5 18 8 8 10 6 4 12 11 11 10 18 8 0 16 13 8 10 10 11 12 8 16 12 11 9 4 10 7 11 11 9 18 14 10 12 
2 1 3 2 1 3 3 2 5 2 2 1 0 3 5 3 0 2 3 1 4 4 1 4 3 3 5 2 0 1 1 2 1 2 1 2 4 5 4 2 0 1 3 2 2 2 2 2 1 1 
13 11 9 8 9 7 14 9 2 11 9 6 12 7 8 8 10 14 8 10 7 4 12 6 7 16 8 7 15 7 8 11 2 9 12 5 10 12 8 3 0 9 11 10 12 11 13 7 6 12 
2 3 1 1 1 0 2 2 1 1 1 2 0 1 0 0 3 2 0 2 2 0 0 1 1 0 0 1 2 2 0 1 0 0 2 1 0 0 1 1 1 1 2 1 1 1 1 0 0 2 
5 6 2 7 4 7 6 14 15 2 6 7 11 7 9 12 9 9 11 7 6 10 14 13 10 6 10 8 9 12 14 13 7 8 14 8 17 10 11 5 8 5 13 8 11 9 6 9 8 6 
6 7 8 7 5 10 9 7 5 7 13 6 8 4 4 6 8 5 5 4 4 5 7 10 11 5 10 5 7 8 11 7 6 0 4 7 9 3 7 8 2 8 5 7 5 8 9 10 7 5 
6 9 10 7 6 10 5 7 4 15 3 3 7 3 9 7 8 8 6 8 7 9 8 9 5 9 12 4 8 5 7 8 2 5 8 10 9 7 13 11 9 7 6 5 1 8 7 6 7 7 
4 3 12 10 7 11 6 0 11 6 7 8 8 10 5 9 2 7 9 8 9 6 11 5 10 6 6 7 4 9 7 9 15 9 6 9 3 11 10 7 7 7 1 8 6 6 14 6 0 5 
6 7 3 5 2 3 6 1 4 4 1 5 5 2 2 2 5 2 5 4 6 4 4 6 7 5 1 3 3 6 1 3 5 3 1 6 4 2 5 5 3 1 5 1 0 6 6 2 1 4 
5 11 8 4 11 6 9 6 4 5 8 6 8 1 0 5 4 14 6 12 7 8 6 4 7 10 4 5 5 10 11 5 9 8 6 6 8 9 4 11 8 8 11 7 2 6 5 4 10 10 
DEPOT_SECTION
 1
 -1
EOF
