NAME  : Parada_20_7_0.95_1.00_2
TYPE : SVRP
MODEL : FINITE_SUPPORT
NUMBER_OF_SCENARIOS : 50
DIMENSION : 20
EDGE_WEIGHT_TYPE : MATRIX
CAPACITY : 16
N_VEHICLES : 7
NODE_COORD_SECTION
1 77865 266750
2 309960 321140
3 232990 18
4 144150 365180
5 288400 385000
6 152220 374740
7 112150 212950
8 376860 196070
9 152480 285720
10 234710 223470
11 178140 190970
12 27 404140
13 193430 283340
14 216120 529310
15 181890 558900
16 233820 220920
17 302160 202
18 119380 319940
19 191210 531720
20 63635 441450
DEMAND_SECTION
1 0.0
2 6.0
3 1.0
4 5.0
5 3.0
6 5.0
7 7.0
8 10.0
9 4.0
10 6.0
11 5.0
12 6.0
13 10.0
14 10.0
15 5.0
16 7.0
17 6.0
18 1.0
19 3.0
20 10.0
DISTANCE_MATRIX
0.0 36.2571 42.0119 41.0377 39.8121 65.537 21.8487 41.1386 33.9832 25.6378 25.0799 34.2671 11.3246 53.7122 45.0807 19.9249 49.6488 12.0416 56.0803 27.2099 
36.2571 0.0 42.0476 18.868 45.2769 99.5678 18.9737 60.5428 18.6011 27.2029 57.7235 64.4438 29.8329 80.2494 79.1256 55.2905 45.1221 39.6232 83.1505 57.888 
42.0119 42.0476 0.0 59.2284 78.4361 83.3607 43.6867 29.9666 55.6597 58.5967 64.405 45.3982 52.4236 95.0158 71.264 55.9471 8.24621 53.9073 97.1288 44.1022 
41.0377 18.868 59.2284 0.0 29.8329 102.397 23.4094 74.0308 7.07107 17.8885 54.9181 74.3364 29.8329 70.7107 78.8733 55.1725 63.2456 37.0135 73.8241 67.2862 
39.8121 45.2769 78.4361 29.8329 0.0 91.9901 35.805 80.9276 26.8328 19.8494 43.1095 72.4269 31.6228 44.3847 68.4328 46.8831 83.5469 30.0 47.5395 65.3697 
65.537 99.5678 83.3607 102.397 91.9901 0.0 86.0626 55.0364 95.364 85.1174 49.2443 38.0789 75.5384 63.0 23.7065 48.1762 90.9612 65.3946 62.0725 42.0476 
21.8487 18.9737 43.6867 23.4094 35.805 86.0626 0.0 57.8605 17.2627 16.1245 38.833 60.8391 11.0454 63.1506 60.6237 36.3328 48.7975 21.0238 65.9242 54.2833 
41.1386 60.5428 29.9666 74.0308 80.9276 55.0364 57.8605 0.0 69.852 66.7632 57.3551 25.6202 52.45 88.0611 48.8366 48.8475 36.6879 52.1699 88.9715 28.3238 
33.9832 18.6011 55.6597 7.07107 26.8328 95.364 17.2627 69.852 0.0 11.4018 48.0208 67.2819 22.8035 65.192 71.8408 48.1041 60.4152 30.0 68.2642 60.2317 
25.6378 27.2029 58.5967 17.8885 19.8494 85.1174 16.1245 66.7632 11.4018 0.0 37.2022 58.9365 15.2971 54.037 61.5941 38.4187 63.7075 19.8494 57.0789 51.8863 
25.0799 57.7235 64.405 54.9181 43.1095 49.2443 38.833 57.3551 48.0208 37.2022 0.0 46.3286 27.8927 31.241 25.5539 10.0 72.4983 18.3848 33.0151 41.3817 
34.2671 64.4438 45.3982 74.3364 72.4269 38.0789 60.8391 25.6202 67.2819 58.9365 46.3286 0.0 44.6233 71.5156 28.6356 45.0642 53.1507 42.5816 69.3249 9.05539 
11.3246 29.8329 52.4236 29.8329 31.6228 75.5384 11.0454 52.45 22.8035 15.2971 27.8927 44.6233 0.0 52.6308 50.0596 25.807 59.8179 10.0 55.3173 37.5731 
53.7122 80.2494 95.0158 70.7107 44.3847 63.0 63.1506 88.0611 65.192 54.037 31.241 71.5156 52.6308 0.0 43.4166 41.0366 102.956 43.0116 3.16228 66.5687 
45.0807 79.1256 71.264 78.8733 68.4328 23.7065 60.6237 48.8366 71.8408 61.5941 25.5539 28.6356 50.0596 43.4166 0.0 24.653 79.438 41.8713 43.3244 27.3051 
19.9249 55.2905 55.9471 55.1725 46.8831 48.1762 36.3328 48.8475 48.1041 38.4187 10.0 45.0642 25.807 41.0366 24.653 0.0 64.0873 18.6011 42.638 40.1173 
49.6488 45.1221 8.24621 63.2456 83.5469 90.9612 48.7975 36.6879 60.4152 63.7075 72.4983 53.1507 59.8179 102.956 79.438 64.0873 0.0 61.4003 105.119 52.2398 
12.0416 39.6232 53.9073 37.0135 30.0 65.3946 21.0238 52.1699 30.0 19.8494 18.3848 42.5816 10.0 43.0116 41.8713 18.6011 61.4003 0.0 45.607 35.5243 
56.0803 83.1505 97.1288 73.8241 47.5395 62.0725 65.9242 88.9715 68.2642 57.0789 33.0151 69.3249 55.3173 3.16228 43.3244 42.638 105.119 45.607 0.0 67.4791 
27.2099 57.888 44.1022 67.2862 65.3697 42.0476 54.2833 28.3238 60.2317 51.8863 41.3817 9.05539 37.5731 66.5687 27.3051 40.1173 52.2398 35.5243 67.4791 0.0 
DEMAND_SCENARIO_SECTION
0 0 0 0 0 0 0 0 0 0 0 0 0 0 0 0 0 0 0 0 0 0 0 0 0 0 0 0 0 0 0 0 0 0 0 0 0 0 0 0 0 0 0 0 0 0 0 0 0 0 
2 5 3 9 5 8 5 2 5 7 10 3 6 5 5 10 4 5 5 4 2 11 3 10 8 9 5 8 5 2 6 4 7 5 8 1 3 7 8 2 7 10 4 12 8 3 7 6 7 4 
0 0 0 2 1 2 0 1 1 0 1 2 2 1 1 0 1 1 0 0 0 1 0 0 2 1 2 1 0 0 3 3 0 0 2 1 0 2 3 3 4 0 0 0 0 1 0 2 1 2 
4 9 4 6 6 8 6 4 2 3 7 7 4 8 4 1 6 2 5 3 6 7 2 4 5 9 5 7 6 7 6 2 9 4 0 2 5 5 3 3 7 3 3 3 6 1 3 4 6 9 
4 0 6 3 0 3 4 3 4 4 6 6 2 1 7 4 4 3 4 3 5 3 3 0 2 1 3 2 7 3 6 4 5 2 3 0 1 4 6 3 1 4 6 1 2 1 5 3 1 2 
6 8 7 5 3 7 4 6 2 1 3 9 12 7 3 7 3 6 6 4 7 6 4 4 3 4 2 4 7 4 1 6 4 7 4 1 6 5 7 6 8 4 10 4 4 8 9 7 2 4 
3 7 8 10 11 8 9 7 6 2 7 5 9 7 7 8 8 2 5 4 5 10 7 8 3 8 6 9 8 11 7 8 12 4 6 9 13 0 5 10 3 8 9 6 4 11 10 8 0 7 
4 10 12 10 14 10 11 7 9 9 14 10 10 11 15 15 9 7 11 9 12 10 9 7 9 10 10 12 7 9 10 11 12 10 9 11 10 12 8 10 7 11 6 12 13 10 11 12 6 4 
6 5 2 4 0 3 6 0 6 0 7 3 3 6 4 6 5 5 2 6 4 2 2 6 3 6 2 4 3 5 5 3 4 3 5 5 5 1 8 4 4 5 5 5 5 4 3 5 2 2 
5 9 4 4 5 10 5 6 9 7 9 1 5 4 7 7 7 8 8 6 3 7 6 9 9 4 4 3 6 1 4 4 7 4 7 7 10 3 7 2 7 11 4 10 3 9 3 10 1 7 
5 7 8 3 4 4 7 12 8 5 5 5 6 6 5 6 4 6 10 1 5 10 5 6 5 5 6 3 6 5 5 5 4 0 7 5 7 5 6 7 7 3 4 7 4 6 4 5 7 5 
4 11 0 9 6 11 4 6 2 6 7 9 3 8 4 4 9 6 8 3 8 6 6 7 6 3 7 3 7 6 9 5 6 5 1 7 4 8 4 5 8 12 5 8 4 6 4 4 5 4 
11 8 9 7 14 7 15 5 9 9 9 6 5 11 14 14 11 6 11 10 11 10 7 3 13 11 6 10 12 9 11 9 9 8 11 15 10 10 8 9 12 4 11 9 14 9 11 8 8 12 
13 7 13 6 12 10 11 7 13 11 11 7 10 15 13 4 6 9 14 11 18 6 12 12 12 9 13 10 8 12 8 14 6 7 11 12 12 5 4 11 15 8 7 11 13 7 13 8 12 12 
5 7 6 4 7 6 6 4 8 7 4 4 7 3 8 4 3 2 4 6 6 5 7 5 7 4 5 6 6 8 6 4 4 2 4 3 6 4 3 5 4 0 8 7 2 8 6 5 5 4 
6 9 2 9 13 6 9 5 7 7 6 5 5 3 4 8 3 6 2 11 3 9 10 4 7 8 5 4 7 7 7 11 4 8 5 5 9 8 8 7 10 13 7 8 8 11 10 6 11 6 
4 9 5 7 8 5 4 4 7 2 4 3 4 4 10 3 6 4 6 7 8 7 9 2 6 5 11 3 5 12 8 5 7 5 6 3 7 2 4 6 7 3 11 8 3 8 7 9 4 8 
1 1 0 1 2 0 0 0 0 1 1 1 1 2 1 0 0 1 1 1 1 2 0 0 0 0 1 1 1 4 1 1 2 0 1 1 1 0 0 0 1 2 2 0 0 2 0 0 2 0 
1 4 1 1 4 4 8 6 7 0 3 0 0 3 0 3 6 0 1 5 0 4 6 7 5 3 0 5 1 5 2 4 6 7 1 1 1 2 3 4 4 4 2 5 3 4 5 4 6 5 
10 8 7 12 9 16 9 6 15 12 6 4 6 9 5 12 15 11 8 7 13 7 10 15 10 11 10 14 9 13 10 8 13 7 8 13 9 8 10 11 8 5 12 9 9 15 7 14 10 14 
DEPOT_SECTION
 1
 -1
EOF
