NAME  : Parada_20_7_0.95_1.00_7
TYPE : SVRP
MODEL : FINITE_SUPPORT
NUMBER_OF_SCENARIOS : 50
DIMENSION : 20
EDGE_WEIGHT_TYPE : MATRIX
CAPACITY : 19
N_VEHICLES : 7
NODE_COORD_SECTION
1 6611 223830
2 303850 167010
3 116600 29207
4 37371 293230
5 190610 215710
6 63005 218010
7 27 89420
8 353450 52017
9 108090 27292
10 264850 18
11 155860 42756
12 112090 131740
13 122370 130310
14 203680 282140
15 142750 389360
16 145380 131210
17 218270 120800
18 136730 236910
19 27460 227910
20 82882 243570
DEMAND_SECTION
1 0.0
2 8.0
3 7.0
4 9.0
5 8.0
6 4.0
7 2.0
8 10.0
9 6.0
10 10.0
11 4.0
12 1.0
13 7.0
14 4.0
15 8.0
16 2.0
17 10.0
18 9.0
19 8.0
20 10.0
DISTANCE_MATRIX
0.0 46.6154 59.6764 7.2111 27.813 41.5933 18.4391 31.0737 46.6869 57.7295 56.7012 49.5219 48.1077 20.6936 69.3601 49.335 23.0217 20.3686 58.6909 34.0588 
46.6154 0.0 61.2699 49.6488 69.9714 37.4833 41.7253 25.02 89.1465 13.9284 52.0384 67.9355 68.7527 59.8164 89.0056 47.0106 68.8376 62.8282 49.0408 65.5003 
59.6764 61.2699 0.0 59.559 70.738 81.7988 71.3684 39.6989 72.3269 61.6117 98.7898 10.2956 11.6619 73.0414 27.7849 18.1108 52.8654 64.3606 26.4008 26.2517 
7.2111 49.6488 59.559 0.0 20.6155 40.4969 16.5529 38.5994 39.5601 60.9534 55.3273 56.7292 55.315 14.3178 76.5675 56.2324 23.3311 13.3417 65.5882 41.2486 
27.813 69.9714 70.738 20.6155 0.0 54.0093 31.5753 59.2012 21.0238 81.4759 64.0312 60.5835 59.1692 13.0384 79.3724 75.9417 18.0278 10.4403 86.757 44.8114 
41.5933 37.4833 81.7988 40.4969 54.0093 0.0 24.0416 42.4853 75.0 51.1957 17.0 89.3384 87.9242 41.0 109.177 72.9178 63.3671 52.1939 79.0569 74.2024 
18.4391 41.7253 71.3684 16.5529 31.5753 24.0416 0.0 34.0654 52.469 54.8179 38.8216 68.1638 66.2617 19.3573 87.5141 64.4883 39.344 28.2843 71.0667 52.345 
31.0737 25.02 39.6989 38.5994 59.2012 42.4853 34.0654 0.0 68.3494 32.311 59.4811 45.8912 50.4812 49.9189 67.3759 30.4631 45.618 51.7569 37.4833 40.8595 
46.6869 89.1465 72.3269 39.5601 21.0238 75.0 52.469 68.3494 0.0 100.636 84.3445 62.1723 60.7581 34.0 78.0256 80.6114 23.4307 26.4008 91.4267 47.7598 
57.7295 13.9284 61.6117 60.9534 81.4759 51.1957 54.8179 32.311 100.636 0.0 65.0692 69.5845 70.4557 72.1388 88.5438 44.9444 77.9072 74.1109 43.8292 70.1783 
56.7012 52.0384 98.7898 55.3273 64.0312 17.0 38.8216 59.4811 84.3445 65.0692 0.0 105.192 103.778 51.2445 125.03 89.8999 76.1462 64.504 95.8593 89.9534 
49.5219 67.9355 10.2956 56.7292 60.5835 89.3384 68.1638 45.8912 62.1723 69.5845 105.192 0.0 1.41421 70.2117 24.2074 27.8927 42.7109 54.206 36.6742 16.0972 
48.1077 68.7527 11.6619 55.315 59.1692 87.9242 66.2617 50.4812 60.7581 70.4557 103.778 1.41421 0.0 68.7975 24.4131 29.1204 41.2967 52.7918 38.0132 14.6829 
20.6936 59.8164 73.0414 14.3178 13.0384 41.0 19.3573 49.9189 34.0 72.1388 51.2445 70.2117 68.7975 0.0 90.0499 69.7148 26.3193 14.8661 79.0706 54.7311 
69.3601 89.0056 27.7849 76.5675 79.3724 109.177 87.5141 67.3759 78.0256 88.5438 125.03 24.2074 24.4131 90.0499 0.0 43.6807 61.3922 72.995 48.0937 35.8469 
49.335 47.0106 18.1108 56.2324 75.9417 72.9178 64.4883 30.4631 80.6114 44.9444 89.8999 27.8927 29.1204 69.7148 43.6807 0.0 58.3926 69.5643 10.8167 36.2978 
23.0217 68.8376 52.8654 23.3311 18.0278 63.3671 39.344 45.618 23.4307 77.9072 76.1462 42.7109 41.2967 26.3193 61.3922 58.3926 0.0 11.67 69.2079 27.0185 
20.3686 62.8282 64.3606 13.3417 10.4403 52.1939 28.2843 51.7569 26.4008 74.1109 64.504 54.206 52.7918 14.8661 72.995 69.5643 11.67 0.0 80.3796 38.434 
58.6909 49.0408 26.4008 65.5882 86.757 79.0569 71.0667 37.4833 91.4267 43.8292 95.8593 36.6742 38.0132 79.0706 48.0937 10.8167 69.2079 80.3796 0.0 47.1131 
34.0588 65.5003 26.2517 41.2486 44.8114 74.2024 52.345 40.8595 47.7598 70.1783 89.9534 16.0972 14.6829 54.7311 35.8469 36.2978 27.0185 38.434 47.1131 0.0 
DEMAND_SCENARIO_SECTION
0 0 0 0 0 0 0 0 0 0 0 0 0 0 0 0 0 0 0 0 0 0 0 0 0 0 0 0 0 0 0 0 0 0 0 0 0 0 0 0 0 0 0 0 0 0 0 0 0 0 
13 7 2 9 10 8 12 6 10 9 6 4 11 3 6 8 8 9 9 10 14 10 9 10 2 10 9 11 11 9 7 9 11 10 3 12 13 10 10 7 5 10 6 7 12 6 5 8 8 8 
6 3 7 10 6 7 13 7 10 4 7 8 6 12 8 6 12 6 11 8 3 2 6 5 10 8 5 1 4 15 5 8 2 6 11 7 8 12 12 8 8 8 5 4 9 11 7 9 9 4 
6 13 7 6 10 11 11 4 14 12 8 11 12 8 4 13 8 8 8 12 12 8 6 10 7 8 13 9 8 7 11 10 8 13 12 9 13 10 10 11 12 10 7 9 7 6 7 11 13 8 
11 8 11 5 6 6 6 13 10 5 4 5 8 8 10 6 9 13 9 9 6 4 12 2 8 5 9 9 11 2 8 8 6 4 5 14 10 14 4 5 11 7 13 8 3 10 12 9 12 13 
3 6 0 2 4 3 5 5 4 3 5 3 5 5 5 2 3 3 4 4 6 3 2 0 3 5 6 3 5 5 4 3 6 2 5 6 5 4 3 4 4 3 4 0 2 4 3 3 5 1 
6 1 3 2 1 3 1 1 5 0 4 1 2 2 1 1 2 2 1 0 3 2 0 1 3 2 0 2 2 0 3 0 3 2 3 5 2 0 3 2 4 3 1 1 2 0 1 2 3 1 
9 10 15 11 7 12 11 9 12 11 7 12 9 7 11 11 14 13 8 4 8 14 8 15 11 6 12 15 7 5 5 14 11 16 9 15 9 8 9 13 7 7 13 9 11 6 16 13 3 6 
3 6 5 8 6 7 8 5 9 4 8 7 6 7 3 6 6 8 5 9 7 8 7 4 10 9 5 5 2 3 6 9 6 5 7 4 8 3 8 7 10 4 6 2 3 6 7 7 4 10 
12 12 9 12 14 14 8 9 7 9 9 10 10 8 12 14 9 13 7 15 13 13 9 14 9 5 14 11 19 10 11 16 13 8 13 9 14 9 11 12 13 13 8 10 11 8 2 7 12 7 
4 1 2 5 5 6 4 2 6 0 4 3 3 3 6 6 7 4 4 3 1 4 5 9 7 5 5 4 6 4 7 7 9 2 4 5 4 5 2 1 3 5 3 6 4 3 4 7 6 4 
2 1 0 0 1 1 1 1 3 1 0 2 0 0 2 0 1 3 2 2 0 2 1 2 1 1 1 1 0 2 1 1 2 2 0 1 3 2 0 0 1 1 2 0 1 0 2 0 1 0 
9 9 7 7 6 4 3 10 8 5 4 8 11 5 6 9 11 6 7 13 11 11 7 8 8 9 12 8 10 3 5 7 2 1 10 10 11 1 0 2 6 6 7 8 9 3 8 6 9 6 
7 4 1 2 4 1 0 3 4 1 1 3 5 4 3 4 4 3 6 5 4 4 5 1 6 7 4 4 4 8 1 2 5 5 4 3 6 7 4 2 5 6 5 6 1 2 0 5 2 7 
6 8 9 7 10 10 8 7 9 9 6 7 3 16 7 9 13 12 11 9 5 3 6 4 7 1 6 4 8 10 7 10 4 7 10 10 8 9 7 11 9 9 12 6 4 5 13 5 8 12 
3 0 0 3 0 1 3 4 2 2 2 7 4 2 0 2 2 3 4 1 5 2 0 3 2 2 0 2 4 0 3 1 2 3 2 0 0 3 1 4 2 2 5 3 0 2 2 1 1 0 
10 10 11 12 11 11 14 11 11 16 6 5 12 15 7 11 16 9 11 10 12 15 10 13 13 6 12 13 9 9 10 6 10 12 5 11 15 8 10 12 12 7 10 10 11 14 11 12 5 14 
9 8 7 6 5 12 8 8 10 9 14 6 7 8 8 8 6 16 12 8 14 10 10 8 9 9 2 9 7 11 12 6 8 10 7 5 14 10 7 8 4 11 9 8 6 7 12 11 8 12 
12 10 11 10 10 12 7 11 11 4 8 3 12 6 6 6 11 7 13 12 5 11 12 10 6 8 13 5 8 10 8 5 10 11 10 8 5 6 11 2 7 15 0 5 0 6 8 6 9 7 
14 13 11 10 9 13 15 7 11 11 12 13 10 13 6 6 6 15 6 11 12 11 11 12 14 14 10 12 16 5 9 13 13 6 12 6 7 11 8 18 9 10 11 13 11 12 10 13 12 7 
DEPOT_SECTION
 1
 -1
EOF
