NAME  : Parada_20_7_0.95_1.00_8
TYPE : SVRP
MODEL : FINITE_SUPPORT
NUMBER_OF_SCENARIOS : 50
DIMENSION : 20
EDGE_WEIGHT_TYPE : MATRIX
CAPACITY : 14
N_VEHICLES : 7
NODE_COORD_SECTION
1 27 189900
2 373410 170430
3 187640 107350
4 76169 320320
5 299340 199640
6 116680 245590
7 31372 63565
8 279100 147020
9 180530 153010
10 339290 42056
11 211810 98587
12 183680 198160
13 404520 158830
14 221450 209830
15 189420 382760
16 299550 103550
17 381880 18
18 159450 255720
19 68663 278600
20 109120 286240
DEMAND_SECTION
1 0.0
2 8.0
3 7.0
4 6.0
5 3.0
6 2.0
7 3.0
8 1.0
9 9.0
10 7.0
11 4.0
12 6.0
13 7.0
14 7.0
15 6.0
16 6.0
17 2.0
18 6.0
19 2.0
20 7.0
DISTANCE_MATRIX
0.0 64.4566 47.5079 12.6491 45.1555 40.4475 14.4222 40.4969 28.2312 56.1575 37.0044 40.4599 55.5128 38.5876 33.3777 60.8433 48.3735 50.9902 48.5259 53.4663 
64.4566 0.0 109.375 74.4736 22.0907 55.0818 64.9131 102.997 89.5322 83.2947 70.3491 103.528 28.178 100.703 46.1722 18.4391 82.8773 114.867 61.8142 42.7567 
47.5079 109.375 0.0 35.2278 90.0278 73.5012 50.448 21.4709 19.8494 68.3593 57.5847 10.198 99.1669 8.94427 71.8401 105.451 67.4463 15.6525 76.7065 91.9852 
12.6491 74.4736 35.2278 0.0 55.1725 44.4072 21.5407 31.6228 15.6525 53.4783 35.3701 29.0689 64.8999 26.4008 41.2426 70.8378 52.345 40.4969 51.0 51.9839 
45.1555 22.0907 90.0278 55.1725 0.0 33.3766 50.6952 85.4358 70.1783 61.6604 48.2597 84.2268 15.2971 81.3941 39.0128 16.1245 77.0584 95.4003 40.8044 26.1555 
40.4475 55.0818 73.5012 44.4072 33.3766 0.0 54.0535 75.71 54.7814 28.2843 18.0278 70.5762 31.6228 65.8742 58.6236 41.9762 87.5054 82.8734 9.21954 43.6006 
14.4222 64.9131 50.448 21.5407 50.6952 54.0535 0.0 37.2022 34.0147 70.3687 51.2156 41.4367 64.0312 41.7732 21.5407 66.7423 34.0 49.3964 62.4273 44.5398 
40.4969 102.997 21.4709 31.6228 85.4358 75.71 37.2022 0.0 23.3452 78.9177 64.0078 12.0416 95.7706 17.8045 58.3095 101.124 46.6905 12.6491 81.6149 80.1863 
28.2312 89.5322 19.8494 15.6525 70.1783 54.7814 34.0147 23.3452 0.0 55.5788 41.3038 15.8114 79.3189 11.4018 54.6235 85.6033 58.8303 28.1603 59.8431 67.0424 
56.1575 83.2947 68.3593 53.4783 61.6604 28.2843 70.3687 78.9177 55.5788 0.0 19.105 70.0643 58.3095 64.0078 81.4592 69.1809 104.078 82.0 22.2036 70.146 
37.0044 70.3491 57.5847 35.3701 48.2597 18.0278 51.2156 64.0078 41.3038 19.105 0.0 56.8859 49.2443 51.4198 65.0454 59.1354 84.9251 69.2315 19.2354 53.7321 
40.4599 103.528 10.198 29.0689 84.2268 70.5762 41.4367 12.0416 15.8114 70.0643 56.8859 0.0 93.8238 6.32456 62.9682 99.905 57.28 12.3693 75.6489 83.3682 
55.5128 28.178 99.1669 64.8999 15.2971 31.6228 64.0312 95.7706 79.3189 58.3095 49.2443 93.8238 0.0 90.5933 54.1479 11.0454 92.0 105.394 36.1248 40.1496 
38.5876 100.703 8.94427 26.4008 81.3941 65.8742 41.7732 17.8045 11.4018 64.0078 51.4198 6.32456 90.5933 0.0 63.0635 96.8762 61.0983 18.0278 70.3929 83.1713 
33.3777 46.1722 71.8401 41.2426 39.0128 58.6236 21.5407 58.3095 54.6235 81.4592 65.0454 62.9682 54.1479 63.0635 0.0 53.4603 38.2099 70.7107 67.7454 35.0 
60.8433 18.4391 105.451 70.8378 16.1245 41.9762 66.7423 101.124 85.6033 69.1809 59.1354 99.905 11.0454 96.8762 53.4603 0.0 91.6624 111.088 47.0425 42.2025 
48.3735 82.8773 67.4463 52.345 77.0584 87.5054 34.0 46.6905 58.8303 104.078 84.9251 57.28 92.0 61.0983 38.2099 91.6624 0.0 58.1378 96.4897 72.0725 
50.9902 114.867 15.6525 40.4969 95.4003 82.8734 49.3964 12.6491 28.1603 82.0 69.2315 12.3693 105.394 18.0278 70.7107 111.088 58.1378 0.0 87.9768 92.0561 
48.5259 61.8142 76.7065 51.0 40.8044 9.21954 62.4273 81.6149 59.8431 22.2036 19.2354 75.6489 36.1248 70.3929 67.7454 47.0425 96.4897 87.9768 0.0 52.638 
53.4663 42.7567 91.9852 51.9839 26.1555 43.6006 44.5398 80.1863 67.0424 70.146 53.7321 83.3682 40.1496 83.1713 35.0 42.2025 72.0725 92.0561 52.638 0.0 
DEMAND_SCENARIO_SECTION
0 0 0 0 0 0 0 0 0 0 0 0 0 0 0 0 0 0 0 0 0 0 0 0 0 0 0 0 0 0 0 0 0 0 0 0 0 0 0 0 0 0 0 0 0 0 0 0 0 0 
9 7 5 10 8 7 7 7 8 9 7 10 8 7 4 5 11 10 6 5 14 9 4 10 8 5 15 10 2 10 8 7 10 6 6 7 14 12 7 8 6 11 8 10 11 2 13 2 9 7 
9 6 7 6 5 10 11 4 8 10 7 7 8 9 8 8 9 5 9 2 8 9 7 4 10 0 5 9 12 5 8 8 6 6 4 9 8 10 8 7 7 6 5 9 6 3 8 6 8 6 
10 3 11 6 9 9 4 8 7 3 8 6 7 8 8 6 5 6 8 6 3 7 7 7 5 5 7 5 7 7 6 9 9 7 6 0 6 5 4 6 9 5 6 12 6 8 2 5 5 2 
3 4 6 2 3 1 2 2 2 2 5 4 2 0 2 4 3 3 3 2 1 7 2 0 3 3 3 4 1 5 4 3 2 4 5 4 3 2 3 5 1 0 5 4 3 1 0 4 4 2 
2 0 3 2 2 1 0 2 3 2 1 2 0 0 2 3 4 2 2 4 3 4 1 3 2 0 2 2 2 2 2 4 0 1 5 3 1 3 5 2 5 1 3 0 3 0 0 3 3 4 
4 3 3 4 3 5 4 4 5 2 3 3 4 0 4 2 1 5 2 4 2 2 2 2 3 3 5 4 1 2 3 1 5 1 2 3 4 5 3 5 3 3 1 1 2 3 1 1 3 1 
0 1 0 0 1 1 3 2 0 1 3 0 0 1 1 2 1 2 2 1 1 2 0 1 0 2 2 1 2 1 4 1 2 0 0 1 1 1 2 2 1 0 2 1 2 1 0 1 0 1 
7 9 6 4 11 13 8 10 7 14 14 9 8 13 6 11 4 9 3 4 14 10 9 13 13 7 9 7 9 7 9 10 9 7 6 5 11 7 10 9 8 11 10 9 11 6 10 10 7 17 
8 7 6 7 9 6 7 9 5 7 1 5 6 5 10 11 9 6 6 12 6 13 5 6 4 3 5 7 11 11 5 9 3 5 10 8 6 2 9 6 9 8 5 10 14 7 5 5 6 11 
6 3 4 3 3 0 4 3 7 6 4 9 5 6 1 6 4 2 7 3 4 2 3 7 2 9 0 8 5 8 4 5 2 4 6 0 4 4 4 1 2 3 5 0 3 2 5 0 4 4 
3 7 5 9 4 1 3 7 7 3 8 10 9 5 8 6 5 6 3 3 6 7 6 6 10 5 6 5 3 7 6 5 8 8 6 7 6 6 3 6 6 10 5 7 7 6 4 7 4 6 
4 5 9 9 7 6 7 9 7 14 8 5 4 4 5 7 9 10 5 5 7 10 11 11 7 4 3 8 7 6 12 3 7 10 6 7 8 3 9 6 3 8 7 6 10 6 3 8 10 6 
6 11 12 7 9 7 9 10 7 9 4 9 4 7 4 8 9 6 5 1 6 5 6 6 8 5 7 7 10 9 9 9 7 8 5 6 4 6 5 8 9 3 11 5 13 10 8 5 4 0 
8 7 11 11 10 7 8 6 7 9 7 4 5 6 3 1 6 9 5 6 5 5 7 6 4 10 5 6 11 6 6 5 5 6 5 8 8 5 6 6 8 3 3 7 4 6 7 9 7 8 
8 6 8 10 8 5 4 5 8 4 4 9 7 5 5 2 6 1 8 4 4 7 8 15 0 7 3 7 6 9 2 5 6 8 6 6 5 9 6 5 7 9 2 6 6 5 0 7 9 9 
4 1 4 5 2 3 3 0 1 2 0 2 2 3 0 4 3 3 2 2 0 1 0 1 2 2 3 2 2 0 3 4 1 4 3 1 3 2 2 3 2 5 3 3 4 1 1 1 3 0 
4 8 8 10 3 7 8 0 10 4 7 6 7 5 8 4 1 6 4 5 6 7 6 7 2 6 6 3 11 6 1 9 10 6 4 9 1 6 3 4 4 5 8 4 1 5 7 4 7 2 
1 2 1 5 1 2 0 2 1 2 3 4 3 1 0 3 1 2 5 1 1 2 0 3 1 2 4 4 3 2 1 2 3 0 3 3 0 3 4 1 4 2 1 1 0 0 5 4 6 3 
8 8 7 5 5 10 8 11 4 5 6 5 2 7 11 6 6 7 8 6 7 8 7 6 8 5 6 2 5 9 3 5 6 8 4 9 5 4 2 1 6 8 10 8 7 6 10 8 3 13 
DEPOT_SECTION
 1
 -1
EOF
