NAME  : Parada_30_2_0.95_1.00_5
TYPE : SVRP
MODEL : FINITE_SUPPORT
NUMBER_OF_SCENARIOS : 50
DIMENSION : 30
EDGE_WEIGHT_TYPE : MATRIX
CAPACITY : 90
N_VEHICLES : 2
NODE_COORD_SECTION
1 174350 414700
2 415420 63875
3 215220 275120
4 195940 648810
5 288010 605590
6 260690 74347
7 230770 246550
8 461150 574680
9 189450 304440
10 311340 66308
11 264640 241390
12 27 211450
13 342330 556890
14 412800 240270
15 228340 661350
16 313640 391570
17 307740 12426
18 216680 541310
19 78605 86277
20 93292 458540
21 193860 455270
22 118470 385850
23 445690 594780
24 313900 437220
25 237590 492210
26 267900 367290
27 310670 298970
28 263880 39102
29 238920 18
30 324920 368890
DEMAND_SECTION
1 0.0
2 2.0
3 6.0
4 2.0
5 5.0
6 9.0
7 1.0
8 8.0
9 7.0
10 9.0
11 8.0
12 5.0
13 9.0
14 4.0
15 9.0
16 6.0
17 3.0
18 7.0
19 9.0
20 7.0
21 3.0
22 6.0
23 4.0
24 4.0
25 2.0
26 9.0
27 7.0
28 2.0
29 9.0
30 10.0
DISTANCE_MATRIX
0.0 57.0545 41.9762 39.5962 31.4075 64.5368 31.7805 47.8869 34.6333 59.397 36.3593 56.2666 27.9871 43.1741 43.4635 18.831 51.9806 17.2818 61.5136 40.6982 7.81025 28.3037 51.8915 15.8284 41.5933 10.198 26.3059 56.2708 61.8853 16.4012 
57.0545 0.0 49.4065 88.9268 75.9279 110.251 75.0765 79.6994 36.7151 106.765 81.2891 25.2982 66.2739 81.0015 94.61 41.3038 13.6015 70.3035 33.1361 94.2872 57.0929 81.8928 81.9329 42.4179 63.0635 59.5481 65.5779 17.088 17.0 67.3013 
41.9762 49.4065 0.0 53.0 40.2244 104.245 73.3757 36.3456 13.6015 98.3726 77.2528 32.3883 31.1448 85.1469 57.4543 24.0208 51.225 38.478 75.452 71.2946 39.0 66.1732 37.0135 31.0644 16.0 52.1728 68.2495 56.4004 60.959 57.2451 
39.5962 88.9268 53.0 0.0 13.0 62.2896 47.8853 24.6982 55.9582 55.3263 47.1699 80.6826 23.0868 60.8358 4.47214 48.3516 86.4731 26.1725 98.4324 26.0192 36.0061 26.4197 28.1603 50.3209 40.3113 43.4524 51.4176 91.8342 97.4487 41.0167 
31.4075 75.9279 40.2244 13.0 0.0 69.3758 48.4079 18.2483 42.9593 62.6418 49.2556 67.6838 10.198 61.7452 17.4642 35.3528 72.0261 16.1245 90.2436 33.6155 27.8174 28.0179 22.3607 38.6775 28.6007 35.609 48.3322 76.3323 81.9468 34.0147 
64.5368 110.251 104.245 62.2896 69.3758 0.0 35.2278 86.3134 98.6002 7.0 29.2062 120.521 74.9706 32.7567 60.0333 82.801 99.825 67.1724 98.0816 36.3456 64.937 43.382 90.0944 79.8349 96.6748 55.8659 44.4185 98.9943 102.269 48.1664 
31.7805 75.0765 73.3757 47.8853 48.4079 35.2278 0.0 66.5021 66.4105 31.7805 6.32456 85.4638 49.0102 13.3417 48.2597 50.6082 64.6039 39.1152 65.4905 28.8444 34.7131 21.4709 70.625 47.6057 70.2567 21.9545 9.48683 65.53 68.8045 16.2788 
47.8869 79.6994 36.3456 24.6982 18.2483 86.3134 66.5021 0.0 44.4072 79.4292 67.4759 68.0 20.6155 79.8394 28.178 39.8246 76.4788 31.0644 98.8818 50.01 44.2968 46.1736 4.12311 43.1677 20.6155 52.3546 66.1287 80.7695 86.384 51.8652 
34.6333 36.7151 13.6015 55.9582 42.9593 98.6002 66.4105 44.4072 0.0 93.086 70.8776 24.7386 33.3053 77.2217 60.4236 15.8114 37.6431 47.5079 61.8547 73.4445 33.9706 60.9902 46.0977 22.3607 26.4008 44.7201 60.324 42.8019 47.4236 50.7881 
59.397 106.765 98.3726 55.3263 62.6418 7.0 31.7805 79.4292 93.086 0.0 25.4951 114.856 68.4105 32.0 53.0377 77.3369 95.9535 61.3001 96.3172 29.4279 59.29 37.2156 83.1865 74.4175 90.1147 51.225 41.2311 96.7692 100.044 43.1856 
36.3593 81.2891 77.2528 47.1699 49.2556 29.2062 6.32456 67.4759 70.8776 25.4951 0.0 91.3154 51.2445 14.2127 46.9574 55.0752 70.6629 41.9762 71.7008 25.4558 38.2753 21.3776 71.5681 52.0727 72.9932 27.0185 15.8114 71.7988 75.0734 20.1246 
56.2666 25.2982 32.3883 80.6826 67.6838 120.521 85.4638 68.0 24.7386 114.856 91.3154 0.0 58.0298 94.0991 85.148 38.0789 35.0 69.5155 58.0517 95.336 56.3028 82.9415 69.1158 42.8019 48.2597 67.985 77.3041 40.05 41.7732 72.4214 
27.9871 66.2739 31.1448 23.0868 10.198 74.9706 49.0102 20.6155 33.3053 68.4105 51.2445 58.0298 0.0 62.1289 27.5136 25.6988 62.3721 10.7703 84.7375 40.2462 24.397 37.3398 24.4131 29.0235 22.1359 32.4548 47.0744 66.6783 72.2928 33.2415 
43.1741 81.0015 85.1469 60.8358 61.7452 32.7567 13.3417 79.8394 77.2217 32.0 14.2127 94.0991 62.1289 0.0 60.9016 61.8756 71.075 52.0 65.4599 39.6232 47.1699 34.5398 83.9623 58.8731 83.0611 32.9848 17.088 66.8738 70.1484 29.0 
43.4635 94.61 57.4543 4.47214 17.4642 60.0333 48.2597 28.178 60.4236 53.0377 46.9574 85.148 27.5136 60.9016 0.0 52.817 91.4113 30.0167 102.3 24.1868 39.8734 27.0185 31.3847 53.3839 44.5982 47.3196 52.0114 95.7014 101.316 41.6105 
18.831 41.3038 24.0208 48.3516 35.3528 82.801 50.6082 39.8246 15.8114 77.3369 55.0752 38.0789 25.6988 61.8756 52.817 0.0 36.6742 31.847 59.062 57.7253 18.4391 45.3308 42.72 7.07107 28.3019 28.9177 44.8822 41.0028 46.6172 34.9857 
51.9806 13.6015 51.225 86.4731 72.0261 99.825 64.6039 76.4788 37.6431 95.9535 70.6629 35.0 62.3721 71.075 91.4113 36.6742 0.0 65.2296 24.5967 84.3606 52.0191 71.9662 79.2591 37.344 62.482 49.6215 55.6513 5.38516 10.0 57.3747 
17.2818 70.3035 38.478 26.1725 16.1245 67.1724 39.1152 31.0644 47.5079 61.3001 41.9762 69.5155 10.7703 52.0 30.0167 31.847 65.2296 0.0 76.118 39.8898 13.6917 29.1006 34.9857 29.0774 31.1448 21.7495 36.4966 69.5198 75.1342 23.0 
61.5136 33.1361 75.452 98.4324 90.2436 98.0816 65.4905 98.8818 61.8547 96.3172 71.7008 58.0517 84.7375 65.4599 102.3 59.062 24.5967 76.118 0.0 89.469 74.3685 77.2173 101.63 59.6934 85.6306 55.7937 56.2228 19.2354 16.2788 62.7732 
40.6982 94.2872 71.2946 26.0192 33.6155 36.3456 28.8444 50.01 73.4445 29.4279 25.4558 95.336 40.2462 39.6232 24.1868 57.7253 84.3606 39.8898 89.469 0.0 39.5771 14.3178 53.7587 54.8978 61.7738 35.2354 35.4683 88.055 93.8603 27.0 
7.81025 57.0929 39.0 36.0061 27.8174 64.937 34.7131 44.2968 33.9706 59.29 38.2753 56.3028 24.397 47.1699 39.8734 18.4391 52.0191 13.6917 74.3685 39.5771 0.0 27.1827 48.3013 15.8668 36.0139 15.5242 31.0644 56.3092 61.9237 18.4391 
28.3037 81.8928 66.1732 26.4197 28.0179 43.382 21.4709 46.1736 60.9902 37.2156 21.3776 82.9415 37.3398 34.5398 27.0185 45.3308 71.9662 29.1006 77.2173 14.3178 27.1827 0.0 50.2494 42.5034 59.3909 22.8409 25.0065 75.6606 81.4659 14.6056 
51.8915 81.9329 37.0135 28.1603 22.3607 90.0944 70.625 4.12311 46.0977 83.1865 71.5681 69.1158 24.4131 83.9623 31.3847 42.72 79.2591 34.9857 101.63 53.7587 48.3013 50.2494 0.0 46.2132 21.0238 56.3592 70.2282 83.571 89.1852 55.9732 
15.8284 42.4179 31.0644 50.3209 38.6775 79.8349 47.6057 43.1677 22.3607 74.4175 52.0727 42.8019 29.0235 58.8731 53.3839 7.07107 37.344 29.0774 59.6934 54.8978 15.8668 42.5034 46.2132 0.0 34.0147 25.9152 41.8797 41.6342 47.2487 31.9832 
41.5933 63.0635 16.0 40.3113 28.6007 96.6748 70.2567 20.6155 26.4008 90.1147 72.9932 48.2597 22.1359 83.0611 44.5982 28.3019 62.482 31.1448 85.6306 61.7738 36.0139 59.3909 21.0238 34.0147 0.0 51.2445 67.0671 67.2681 72.4707 54.0838 
10.198 59.5481 52.1728 43.4524 35.609 55.8659 21.9545 52.3546 44.7201 51.225 27.0185 67.985 32.4548 32.9848 47.3196 28.9177 49.6215 21.7495 55.7937 35.2354 15.5242 22.8409 56.3592 25.9152 51.2445 0.0 16.1245 53.3159 59.1212 8.544 
26.3059 65.5779 68.2495 51.4176 48.3322 44.4185 9.48683 66.1287 60.324 41.2311 15.8114 77.3041 47.0744 17.088 52.0114 44.8822 55.6513 36.4966 56.2228 35.4683 31.0644 25.0065 70.2282 41.8797 67.0671 16.1245 0.0 56.164 59.4385 14.3178 
56.2708 17.088 56.4004 91.8342 76.3323 98.9943 65.53 80.7695 42.8019 96.7692 71.7988 40.05 66.6783 66.8738 95.7014 41.0028 5.38516 69.5198 19.2354 88.055 56.3092 75.6606 83.571 41.6342 67.2681 53.3159 56.164 0.0 6.08276 61.0691 
61.8853 17.0 60.959 97.4487 81.9468 102.269 68.8045 86.384 47.4236 100.044 75.0734 41.7732 72.2928 70.1484 101.316 46.6172 10.0 75.1342 16.2788 93.8603 61.9237 81.4659 89.1852 47.2487 72.4707 59.1212 59.4385 6.08276 0.0 66.8744 
16.4012 67.3013 57.2451 41.0167 34.0147 48.1664 16.2788 51.8652 50.7881 43.1856 20.1246 72.4214 33.2415 29.0 41.6105 34.9857 57.3747 23.0 62.7732 27.0 18.4391 14.6056 55.9732 31.9832 54.0838 8.544 14.3178 61.0691 66.8744 0.0 
DEMAND_SCENARIO_SECTION
0 0 0 0 0 0 0 0 0 0 0 0 0 0 0 0 0 0 0 0 0 0 0 0 0 0 0 0 0 0 0 0 0 0 0 0 0 0 0 0 0 0 0 0 0 0 0 0 0 0 
3 2 2 2 4 3 4 1 1 4 2 5 0 0 2 1 3 1 3 2 3 5 4 4 1 2 1 2 1 1 4 0 2 3 2 3 1 2 2 2 1 0 4 3 0 3 3 2 2 2 
6 4 4 7 10 10 8 5 9 11 8 3 7 2 4 5 6 7 6 9 5 7 5 7 8 6 5 11 6 4 7 7 5 6 8 6 11 4 9 3 6 6 6 2 3 1 7 3 10 7 
3 1 3 4 2 1 3 5 2 4 3 2 2 4 3 3 3 2 3 2 3 0 1 2 1 2 3 4 0 1 2 4 3 6 0 0 1 4 3 4 1 2 2 2 3 4 2 2 4 2 
7 5 6 6 6 5 4 4 5 4 2 4 6 7 4 3 6 5 6 7 6 5 6 3 7 6 1 6 2 3 3 6 7 4 7 7 6 5 7 2 8 4 4 5 8 2 7 6 6 4 
5 13 8 9 9 6 9 12 9 12 15 7 13 10 10 6 10 7 6 7 13 9 9 11 14 13 8 13 9 10 10 9 7 11 6 12 9 8 6 11 3 18 9 5 7 11 5 9 10 6 
0 2 0 2 2 3 0 1 0 1 1 0 2 0 4 2 3 0 1 3 2 2 1 2 2 2 2 0 2 0 2 0 2 0 0 0 2 0 4 0 0 1 2 0 1 2 0 0 0 1 
11 7 7 9 10 6 6 7 6 9 9 7 9 9 14 5 9 7 10 7 5 5 14 12 10 8 5 8 6 11 7 11 11 5 9 3 9 7 4 9 5 9 6 8 8 8 7 9 6 9 
8 3 4 8 6 9 7 4 7 9 8 4 9 11 0 11 6 6 9 11 7 4 4 7 4 5 6 6 11 6 6 9 12 8 9 12 4 4 8 7 7 8 5 9 8 10 5 7 6 9 
8 11 7 10 11 10 4 7 10 7 14 11 11 11 13 8 11 9 9 7 11 9 12 7 11 8 14 11 12 10 12 9 8 8 6 8 6 7 7 2 8 8 12 7 11 10 8 16 7 12 
8 11 7 7 7 4 3 7 8 7 11 7 7 6 6 2 11 11 6 10 8 10 4 4 6 10 5 8 2 4 5 8 9 8 9 5 7 11 11 7 7 12 11 12 11 8 10 14 6 7 
5 9 4 7 6 8 5 4 4 9 5 4 5 5 7 7 5 4 1 4 1 6 3 4 2 7 6 6 10 5 4 6 3 2 4 5 1 6 6 6 5 2 4 8 0 5 5 7 6 5 
4 8 4 10 11 6 6 14 6 8 14 9 9 12 7 8 7 9 13 16 13 12 11 7 13 10 12 12 8 9 8 5 15 11 8 16 11 7 11 10 6 7 12 11 8 13 11 13 9 9 
4 3 6 1 7 5 4 3 5 8 4 2 4 4 9 3 5 5 4 5 3 9 3 6 5 5 3 4 3 7 4 4 0 2 6 5 8 5 0 5 3 6 6 0 5 0 3 5 2 3 
12 12 9 8 9 7 8 7 9 7 6 7 0 12 8 7 11 11 13 7 0 5 7 7 12 13 5 11 8 7 2 8 6 11 11 10 15 9 9 7 16 6 6 17 8 8 10 13 7 7 
9 4 7 5 7 7 5 9 4 9 7 4 4 6 3 5 6 9 3 4 6 3 3 9 3 8 2 8 6 9 8 8 9 3 9 6 10 3 12 6 6 6 3 5 12 8 3 7 4 7 
2 4 4 2 9 7 3 3 2 4 1 3 1 6 4 7 2 6 5 1 3 2 4 2 3 5 1 3 5 5 5 7 4 4 0 1 4 4 3 6 0 3 2 3 3 4 3 6 5 3 
6 9 8 8 10 10 7 7 7 5 6 10 8 10 5 4 6 4 7 10 6 7 7 6 7 8 8 8 9 5 11 9 11 3 6 8 3 9 6 7 11 0 9 8 8 7 9 8 5 8 
15 10 7 10 5 11 4 6 7 14 7 7 14 4 9 13 14 7 6 13 11 11 7 11 10 5 7 13 6 11 10 14 9 11 12 3 7 5 10 9 10 8 13 6 6 10 10 7 7 7 
11 9 3 9 13 4 8 5 7 6 8 8 7 5 8 7 10 8 7 8 5 6 5 4 7 7 4 8 1 6 11 10 2 6 3 6 8 8 11 10 10 9 7 5 7 12 6 8 8 5 
3 2 5 7 5 4 3 4 3 3 0 2 3 3 2 0 3 3 3 5 4 6 3 4 2 0 3 2 5 2 2 2 2 3 3 2 2 3 2 2 1 4 4 3 4 3 6 5 6 5 
4 2 5 6 2 6 6 3 1 12 5 7 4 7 7 9 4 2 1 9 7 5 9 2 3 7 8 5 2 5 8 8 7 6 3 10 9 3 4 4 8 7 7 8 8 7 6 9 2 5 
4 6 0 6 0 3 6 6 1 6 4 4 4 5 4 6 6 5 1 6 5 3 6 2 2 4 6 3 4 5 5 5 5 3 4 4 4 5 9 5 4 4 5 4 4 3 2 4 5 2 
0 4 3 2 2 4 4 6 3 3 4 1 1 5 6 4 3 6 7 2 3 3 2 2 5 5 0 2 5 5 2 5 4 6 5 4 3 3 0 1 1 5 3 2 4 3 5 4 5 6 
3 3 3 4 5 1 2 1 0 0 0 2 5 1 3 1 0 2 3 2 1 3 3 0 2 3 3 4 1 3 2 0 2 3 2 3 4 2 4 3 2 2 0 3 3 1 2 2 3 1 
7 11 4 9 10 12 10 10 9 8 13 4 7 8 7 12 9 6 11 10 10 10 11 5 8 5 6 12 8 8 3 4 6 9 14 11 5 8 12 8 8 11 6 4 9 6 6 14 8 7 
8 9 7 6 5 8 11 6 2 8 4 7 9 6 4 12 11 6 9 5 4 9 3 7 0 4 11 8 11 11 5 2 7 6 8 8 7 7 7 12 12 8 6 11 4 2 12 9 5 2 
3 2 2 0 3 1 2 2 2 0 4 2 2 2 3 1 1 2 5 2 2 4 2 1 2 4 3 3 3 1 3 1 0 4 0 0 2 3 0 1 3 2 2 4 2 1 1 0 2 2 
12 11 12 11 7 13 13 9 13 8 5 9 10 8 12 10 12 15 14 11 6 9 13 11 11 8 7 11 8 7 9 14 9 10 10 7 1 8 11 11 9 4 0 10 11 13 10 8 7 7 
2 14 11 18 13 9 12 3 14 11 14 9 9 13 9 6 6 9 9 11 9 4 16 12 10 12 11 5 10 1 6 8 10 4 8 7 7 14 12 13 12 7 14 12 14 12 13 11 11 12 
DEPOT_SECTION
 1
 -1
EOF
