NAME  : Parada_30_2_0.95_1.00_6
TYPE : SVRP
MODEL : FINITE_SUPPORT
NUMBER_OF_SCENARIOS : 50
DIMENSION : 30
EDGE_WEIGHT_TYPE : MATRIX
CAPACITY : 69
N_VEHICLES : 2
NODE_COORD_SECTION
1 2998 181010
2 352800 253730
3 219080 18
4 106480 396290
5 272460 207990
6 160100 229330
7 28120 123260
8 296400 191640
9 291510 54198
10 363540 8027
11 203060 245920
12 27 278870
13 473450 255040
14 289980 320730
15 275970 344910
16 235760 169940
17 380280 135920
18 180860 275340
19 55040 218200
20 266540 330700
21 134910 146150
22 13055 180520
23 409750 416440
24 418710 328090
25 195920 390180
26 248690 20591
27 538410 371550
28 77991 352790
29 126350 103380
30 416540 193350
DEMAND_SECTION
1 0.0
2 5.0
3 10.0
4 2.0
5 1.0
6 5.0
7 5.0
8 2.0
9 5.0
10 4.0
11 7.0
12 10.0
13 1.0
14 6.0
15 6.0
16 3.0
17 2.0
18 1.0
19 4.0
20 3.0
21 1.0
22 2.0
23 1.0
24 3.0
25 4.0
26 9.0
27 10.0
28 2.0
29 8.0
30 10.0
DISTANCE_MATRIX
0.0 44.1224 42.7501 35.8149 30.4138 67.3527 9.21954 49.189 51.241 57.4294 62.6866 44.5134 53.6656 31.7806 36.663 26.2488 53.0385 66.8294 10.0 32.9771 33.6155 1.41421 57.28 49.2037 35.4564 35.4401 66.7083 54.9181 26.9258 71.6057 
44.1224 0.0 80.3171 69.8522 61.4921 95.9467 39.0498 87.5424 87.6957 94.9962 97.5006 29.5296 81.8286 16.6433 10.2956 54.1329 13.4164 101.72 47.4851 16.9706 49.2443 42.7683 54.5894 73.7577 74.1045 47.4236 88.8651 71.7844 45.2877 115.511 
42.7501 80.3171 0.0 43.1023 22.9032 47.0956 45.3287 25.1794 17.4929 19.0263 40.0 73.8918 33.2415 74.373 70.3796 29.3363 85.9079 43.1045 34.8946 75.5695 70.6642 43.9475 100.029 37.1214 24.2517 48.895 52.2015 68.8974 66.1732 38.4708 
35.8149 69.8522 43.1023 0.0 42.9042 31.9061 41.0458 17.72 47.72 43.7969 28.2843 76.0777 60.2425 50.1488 62.3928 44.1814 78.7683 32.5269 33.9559 51.3453 29.2746 37.0122 58.4637 61.6354 18.868 61.2944 78.3237 37.4833 26.0768 40.4969 
30.4138 61.4921 22.9032 42.9042 0.0 68.2642 29.4279 46.3897 26.8328 35.609 61.6604 52.8394 23.2594 62.248 51.5547 7.61577 67.082 65.1322 20.6155 63.4445 61.9138 31.7648 87.068 20.0 25.02 26.2488 37.6431 77.4511 55.2269 61.2699 
67.3527 95.9467 47.0956 31.9061 68.2642 0.0 72.5836 22.0 58.8218 50.9902 7.61577 107.615 79.4292 79.3758 92.8099 72.1803 109.108 7.2111 65.0 80.5723 51.4296 68.55 75.3127 84.214 43.566 91.0367 98.656 43.0 51.8652 24.6982 
9.21954 39.0498 45.3287 41.0458 29.4279 72.5836 0.0 54.4199 53.4603 59.8592 67.9176 35.4069 52.2015 37.7056 29.1124 23.4094 44.6407 72.0604 10.4403 38.9021 41.4849 10.0499 63.4461 46.0652 38.0351 27.7308 62.9682 63.5059 34.9285 76.6483 
49.189 87.5424 25.1794 17.72 46.3897 22.0 54.4199 0.0 38.4708 32.5576 15.2971 89.431 57.9741 67.839 80.0829 50.6952 96.4585 18.9737 46.576 69.0355 46.0109 50.3863 74.4312 62.2896 22.1359 69.8928 77.1298 48.3011 43.566 22.8473 
51.241 87.6957 17.4929 47.72 26.8328 58.8218 53.4603 38.4708 0.0 10.7703 51.2445 79.6492 22.2036 82.8639 77.7583 34.4384 93.2865 53.3667 43.1856 84.0604 77.7961 52.4384 107.161 30.4631 32.7648 52.0096 41.0 83.6004 73.3051 43.1045 
57.4294 94.9962 19.0263 43.7969 35.609 50.9902 59.8592 32.5576 10.7703 0.0 43.382 88.2043 32.7567 89.0523 85.0588 43.0116 100.587 44.9444 49.4841 90.2488 73.5971 58.6267 103.006 41.2311 39.1152 61.5549 51.1566 79.6304 69.3819 33.0151 
62.6866 97.5006 40.0 28.2843 61.6604 7.61577 67.9176 15.2971 51.2445 43.382 0.0 102.927 72.0069 77.5246 90.0412 65.9697 106.417 4.24264 60.0752 78.7211 51.5461 63.884 77.3175 77.0584 37.3631 85.0706 91.2414 46.5296 50.9902 18.9737 
44.5134 29.5296 73.8918 76.0777 52.8394 107.615 35.4069 89.431 79.6492 88.2043 102.927 0.0 68.884 40.3113 21.587 45.2769 24.4131 107.072 43.4166 38.0526 71.2531 45.1641 82.9699 58.8558 68.9903 29.6142 70.0643 94.4299 65.6201 110.256 
53.6656 81.8286 33.2415 60.2425 23.2594 79.4292 52.2015 57.9741 22.2036 32.7567 72.0069 68.884 0.0 85.4943 72.1734 28.8617 87.023 74.5453 43.8634 86.6908 85.1452 55.0091 110.255 10.8167 41.3919 39.2938 19.2354 97.6449 80.6542 65.2763 
31.7806 16.6433 74.373 50.1488 62.248 79.3758 37.7056 67.839 82.8639 89.0523 77.5246 40.3113 85.4943 0.0 19.0 57.9825 30.0167 81.6959 41.805 3.60555 32.8938 30.4644 43.4626 80.9786 67.0793 51.0347 98.4298 55.7853 28.7168 90.6425 
36.663 10.2956 70.3796 62.3928 51.5547 92.8099 29.1124 80.0829 77.7583 85.0588 90.0412 21.587 72.1734 19.0 0.0 44.1955 16.5529 94.2604 37.5477 17.2627 51.3711 35.3089 61.4003 63.9531 64.167 37.1618 78.7464 74.382 46.8879 108.052 
26.2488 54.1329 29.3363 44.1814 7.61577 72.1803 23.4094 50.6952 34.4384 43.0116 65.9697 45.2769 28.8617 57.9825 44.1955 0.0 59.6825 69.6419 16.2788 59.179 58.4759 27.6586 83.4865 23.0217 28.6356 19.7231 40.4599 77.2648 51.789 67.7034 
53.0385 13.4164 85.9079 78.7683 67.082 109.108 44.6407 96.4585 93.2865 100.587 106.417 24.4131 87.023 30.0167 16.5529 59.6825 0.0 110.636 53.0759 30.0 62.6498 51.6844 66.0303 78.1025 79.6953 49.6488 91.5915 85.0941 58.6926 124.428 
66.8294 101.72 43.1045 32.5269 65.1322 7.2111 72.0604 18.9737 53.3667 44.9444 4.24264 107.072 74.5453 81.6959 94.2604 69.6419 110.636 0.0 64.2164 82.8924 55.3624 68.0268 80.6226 80.0 41.1096 88.8651 93.771 49.163 55.0091 17.4929 
10.0 47.4851 34.8946 33.9559 20.6155 65.0 10.4403 46.576 43.1856 49.4841 60.0752 43.4166 43.8634 41.805 37.5477 16.2788 53.0759 64.2164 0.0 43.0015 42.5441 11.4018 67.2086 39.2046 27.6009 28.0713 56.7274 62.6652 35.8469 68.8669 
32.9771 16.9706 75.5695 51.3453 63.4445 80.5723 38.9021 69.0355 84.0604 90.2488 78.7211 38.0526 86.6908 3.60555 17.2627 59.179 30.0 82.8924 43.0015 0.0 34.1322 31.6609 46.5188 82.1751 68.2758 48.549 99.6263 57.1431 29.9133 91.839 
33.6155 49.2443 70.6642 29.2746 61.9138 51.4296 41.4849 46.0109 77.7961 73.5971 51.5461 71.2531 85.1452 32.8938 51.3711 58.4759 62.6498 55.3624 42.5441 34.1322 0.0 32.311 29.4109 81.1474 46.4196 68.9493 98.7704 23.1948 6.7082 67.7422 
1.41421 42.7683 43.9475 37.0122 31.7648 68.55 10.0499 50.3863 52.4384 58.6267 63.884 45.1641 55.0091 30.4644 35.3089 27.6586 51.6844 68.0268 11.4018 31.6609 32.311 0.0 55.8659 50.6063 36.6538 36.6879 68.1175 53.7587 25.632 72.8031 
57.28 54.5894 100.029 58.4637 87.068 75.3127 63.4461 74.4312 107.161 103.006 77.3175 82.9699 110.255 43.4626 61.4003 83.4865 66.0303 80.6226 67.2086 46.5188 29.4109 55.8659 0.0 106.301 75.784 90.9865 123.907 34.0147 34.4384 95.0053 
49.2037 73.7577 37.1214 61.6354 20.0 84.214 46.0652 62.2896 30.4631 41.2311 77.0584 58.8558 10.8167 80.9786 63.9531 23.0217 78.1025 80.0 39.2046 82.1751 81.1474 50.6063 106.301 0.0 43.0116 29.2746 17.6918 97.4279 74.4604 72.5672 
35.4564 74.1045 24.2517 18.868 25.02 43.566 38.0351 22.1359 32.7648 39.1152 37.3631 68.9903 41.3919 67.0793 64.167 28.6356 79.6953 41.1096 27.6009 68.2758 46.4196 36.6538 75.784 43.0116 0.0 47.7598 59.5063 56.2601 41.9286 41.358 
35.4401 47.4236 48.895 61.2944 26.2488 91.0367 27.7308 69.8928 52.0096 61.5549 85.0706 29.6142 39.2938 51.0347 37.1618 19.7231 49.6488 88.8651 28.0713 48.549 68.9493 36.6879 90.9865 29.2746 47.7598 0.0 41.9762 90.2441 62.2977 87.2621 
66.7083 88.8651 52.2015 78.3237 37.6431 98.656 62.9682 77.1298 41.0 51.1566 91.2414 70.0643 19.2354 98.4298 78.7464 40.4599 91.5915 93.771 56.7274 99.6263 98.7704 68.1175 123.907 17.6918 59.5063 41.9762 0.0 115.019 92.0835 84.0536 
54.9181 71.7844 68.8974 37.4833 77.4511 43.0 63.5059 48.3011 83.6004 79.6304 46.5296 94.4299 97.6449 55.7853 74.382 77.2648 85.0941 49.163 62.6652 57.1431 23.1948 53.7587 34.0147 97.4279 56.2601 90.2441 115.019 0.0 29.0 65.307 
26.9258 45.2877 66.1732 26.0768 55.2269 51.8652 34.9285 43.566 73.3051 69.3819 50.9902 65.6201 80.6542 28.7168 46.8879 51.789 58.6926 55.0091 35.8469 29.9133 6.7082 25.632 34.4384 74.4604 41.9286 62.2977 92.0835 29.0 0.0 65.9697 
71.6057 115.511 38.4708 40.4969 61.2699 24.6982 76.6483 22.8473 43.1045 33.0151 18.9737 110.256 65.2763 90.6425 108.052 67.7034 124.428 17.4929 68.8669 91.839 67.7422 72.8031 95.0053 72.5672 41.358 87.2621 84.0536 65.307 65.9697 0.0 
DEMAND_SCENARIO_SECTION
0 0 0 0 0 0 0 0 0 0 0 0 0 0 0 0 0 0 0 0 0 0 0 0 0 0 0 0 0 0 0 0 0 0 0 0 0 0 0 0 0 0 0 0 0 0 0 0 0 0 
5 7 6 6 5 5 3 1 7 7 5 6 9 2 8 4 6 6 7 9 2 5 5 5 4 4 7 2 8 5 4 5 5 5 5 6 5 3 6 6 3 2 1 6 5 5 6 5 6 3 
10 7 6 7 12 9 10 11 12 12 12 12 12 8 9 13 10 7 12 8 8 6 6 18 5 9 10 10 14 8 9 12 9 8 18 12 11 11 7 8 12 7 11 10 14 3 12 8 11 6 
2 1 4 2 0 2 4 3 2 2 2 3 0 0 0 4 0 4 1 2 3 2 1 2 6 5 2 3 2 2 3 2 2 0 0 2 0 4 1 3 4 4 1 1 3 0 1 3 2 3 
2 2 2 1 0 3 4 2 1 4 1 0 0 1 0 3 1 0 2 1 0 2 2 1 2 3 0 3 0 1 0 2 2 1 0 0 0 2 1 1 1 1 2 2 0 0 2 2 0 1 
3 7 3 5 4 7 5 4 4 6 2 7 3 5 4 2 0 4 2 7 8 5 1 8 2 7 5 2 6 6 9 6 3 6 6 6 7 5 4 4 4 9 5 3 2 4 2 6 7 2 
4 7 5 5 3 7 2 6 9 6 3 5 3 5 8 6 6 7 7 3 6 6 8 5 2 4 9 4 7 5 5 4 2 6 6 2 7 5 6 7 4 8 7 3 4 7 5 9 4 8 
2 1 2 3 3 2 2 1 0 3 2 2 2 4 2 2 3 2 1 3 1 4 1 0 2 1 3 1 3 0 4 4 2 3 2 0 3 0 5 2 3 5 2 3 0 1 1 1 3 1 
7 6 5 6 7 5 8 7 5 2 5 5 4 4 8 6 4 7 8 8 3 4 3 6 3 8 6 0 11 7 1 1 6 5 4 4 5 7 5 6 7 1 2 4 0 3 4 4 10 0 
4 5 5 4 6 5 1 4 3 3 5 5 0 2 0 0 6 3 3 3 2 4 3 2 2 2 2 0 3 5 4 6 4 3 2 4 6 3 6 4 3 4 3 4 5 2 3 2 3 2 
4 4 3 5 7 8 9 7 7 6 5 6 10 15 7 6 7 3 6 10 5 10 12 9 7 7 8 7 8 4 6 10 7 4 5 8 11 9 8 3 8 7 6 6 7 6 5 2 4 8 
6 14 13 4 14 10 14 10 7 12 10 13 13 14 10 8 11 14 13 16 7 12 12 13 11 10 7 12 7 13 10 10 9 8 6 7 14 2 13 12 14 13 12 6 13 9 12 11 6 10 
0 0 1 2 0 1 2 2 1 1 1 1 0 0 1 1 1 1 0 0 1 2 1 2 0 0 2 3 2 1 3 1 1 0 0 3 1 1 1 1 1 2 2 0 0 1 2 1 0 1 
8 5 7 4 2 7 8 2 9 7 8 7 9 6 4 3 7 4 8 7 15 10 8 6 4 8 5 12 4 8 8 6 3 2 8 5 4 6 7 8 3 6 6 6 6 7 7 4 8 6 
11 1 9 4 10 6 9 4 7 10 8 7 6 10 6 8 4 6 5 5 6 2 8 1 6 8 4 9 7 4 11 6 7 10 3 5 6 10 4 1 7 4 6 9 7 10 7 5 7 6 
3 5 4 3 4 3 2 1 4 3 4 3 2 1 3 3 0 3 4 5 2 5 2 6 5 1 3 2 2 4 6 2 1 4 2 1 1 2 5 0 1 5 2 1 4 3 2 2 2 3 
3 3 0 0 1 3 4 1 0 0 3 0 4 4 1 2 3 2 2 2 2 3 2 2 1 4 1 3 2 2 3 1 0 5 1 1 2 0 3 2 2 0 0 0 1 0 4 1 1 4 
0 3 0 0 3 1 1 1 0 1 1 2 1 2 2 2 2 1 2 2 2 0 0 1 2 2 1 1 0 1 1 1 0 1 1 1 1 0 0 2 1 0 1 2 4 3 3 2 0 1 
4 5 5 5 6 1 1 2 4 0 2 8 9 2 8 2 2 8 9 5 2 6 6 5 2 1 7 5 4 0 1 3 2 8 3 4 3 5 3 3 4 1 5 6 6 2 1 5 4 2 
4 1 0 1 0 5 2 3 1 3 5 1 5 5 6 7 6 1 3 4 5 5 2 1 5 1 3 4 4 5 3 0 5 4 2 4 3 4 3 6 1 2 5 3 3 4 4 5 5 3 
1 2 0 0 1 1 1 1 0 0 1 1 2 0 1 2 1 0 1 0 5 1 1 1 1 0 0 2 0 1 1 1 1 2 2 0 1 2 0 1 2 3 1 0 1 0 1 0 2 2 
2 4 2 3 2 1 4 2 1 2 3 2 3 3 2 4 3 3 1 0 2 0 0 1 1 4 3 2 3 2 1 4 3 4 4 1 1 2 0 3 3 2 2 0 3 4 3 3 1 1 
2 1 0 1 0 1 1 1 0 1 2 1 0 0 1 1 1 2 2 1 2 0 1 1 2 0 1 0 1 0 1 2 1 0 1 0 2 2 1 0 2 1 1 2 1 1 4 0 1 1 
3 4 0 5 1 4 3 3 4 1 1 4 2 3 5 3 4 1 6 4 0 3 5 1 5 3 0 6 2 6 3 0 6 4 4 5 2 2 4 1 4 1 4 5 2 2 1 1 2 2 
5 5 5 4 3 2 5 2 5 2 6 4 3 3 4 3 5 6 4 4 5 5 4 5 2 4 5 6 2 2 3 0 9 2 6 3 0 3 6 5 7 1 4 4 7 2 2 6 4 8 
8 15 8 9 6 12 3 10 11 9 9 10 12 11 13 9 10 6 7 7 8 8 11 7 11 12 5 10 8 6 7 12 13 6 9 6 11 4 8 8 5 9 9 15 10 9 12 10 12 11 
9 9 12 17 17 11 5 11 12 11 10 11 10 4 7 11 9 7 3 13 9 9 11 9 7 8 4 11 14 10 8 13 11 8 8 10 14 11 11 12 9 14 11 12 6 7 11 7 10 5 
3 2 2 2 1 0 2 3 0 3 4 1 1 1 3 3 4 2 4 4 1 3 5 3 1 1 1 2 2 5 4 3 2 4 2 3 2 3 2 3 2 0 4 0 4 2 1 2 3 0 
3 10 9 5 5 10 2 9 0 11 7 3 8 5 8 8 8 8 9 9 8 7 7 8 2 9 5 9 13 9 9 6 10 6 17 11 10 8 8 4 7 11 9 4 13 12 2 12 6 3 
11 13 13 8 12 11 6 8 9 8 12 11 19 14 7 11 9 11 11 8 8 5 7 16 9 14 7 11 13 12 15 12 10 9 11 5 9 10 9 11 9 10 7 8 15 4 11 13 13 7 
DEPOT_SECTION
 1
 -1
EOF
