NAME  : Parada_30_2_0.95_1.00_9
TYPE : SVRP
MODEL : FINITE_SUPPORT
NUMBER_OF_SCENARIOS : 50
DIMENSION : 30
EDGE_WEIGHT_TYPE : MATRIX
CAPACITY : 77
N_VEHICLES : 2
NODE_COORD_SECTION
1 190630 59016
2 512860 113790
3 257970 252640
4 126860 504990
5 200220 155330
6 279470 104570
7 469360 171160
8 312870 186850
9 363260 6555
10 581540 69818
11 292900 7594
12 143880 245640
13 560650 221950
14 503270 197610
15 302250 352670
16 393420 18
17 462010 5999
18 99143 350210
19 65580 252400
20 291030 324500
21 134070 463250
22 27 60314
23 491000 122450
24 542340 312730
25 523980 241440
26 548980 11960
27 261110 259100
28 496450 286680
29 437660 81789
30 621700 48702
DEMAND_SECTION
1 0.0
2 3.0
3 2.0
4 5.0
5 6.0
6 3.0
7 9.0
8 1.0
9 9.0
10 1.0
11 6.0
12 5.0
13 5.0
14 1.0
15 7.0
16 7.0
17 8.0
18 1.0
19 9.0
20 9.0
21 3.0
22 2.0
23 2.0
24 2.0
25 10.0
26 8.0
27 9.0
28 3.0
29 2.0
30 9.0
DISTANCE_MATRIX
0.0 38.0806 43.0116 45.7609 37.545 74.4379 44.5301 28.6356 62.3441 55.6719 15.0 38.1182 56.3707 49.5024 52.3546 67.1795 29.1279 26.7488 33.315 48.8774 44.7648 53.3842 35.0009 39.5552 51.973 47.5099 42.72 36.9077 28.2312 46.9803 
38.0806 0.0 74.2428 83.8344 43.8634 39.8497 9.05539 59.4138 32.249 38.8973 26.1725 74.5129 18.4391 13.6015 79.2275 37.2156 21.0 64.8223 57.026 75.2396 81.1659 54.0833 3.16228 35.7771 13.8924 59.1995 74.3303 29.7321 10.6301 51.6875 
43.0116 74.2428 0.0 42.4264 65.5134 96.7631 76.7297 15.0333 80.1538 56.9392 57.4891 16.2788 89.9297 80.2938 13.0 82.8919 53.3385 33.8378 59.6466 12.0416 46.8402 90.7359 71.1758 47.4131 86.977 35.2278 1.0 48.7032 67.0298 41.7253 
45.7609 83.8344 42.4264 0.0 50.636 120.303 90.2838 41.9762 104.002 90.2373 62.0587 26.1725 102.124 95.2562 55.109 107.453 68.9761 19.105 33.1361 54.4518 7.61577 71.2531 80.7546 73.4302 97.7268 72.3671 41.4367 71.0574 73.9784 75.5844 
37.545 43.8634 65.5134 50.636 0.0 83.5703 52.5547 52.6839 73.3485 72.9133 21.1525 55.9732 61.0574 57.3847 76.4024 78.2624 40.7997 37.5007 17.72 73.2885 44.3847 25.2389 41.7852 66.2793 55.7584 79.8027 65.0 61.9835 33.8378 77.9397 
74.4379 39.8497 96.7631 120.303 83.5703 0.0 31.0161 84.0595 17.088 41.4849 64.4127 102.416 26.0768 26.2488 96.4624 16.0312 51.4662 101.473 95.9679 92.7091 119.633 92.4392 41.7852 49.872 31.0 67.6831 97.1815 48.8262 49.7695 58.6941 
44.5301 9.05539 76.7297 90.2838 52.5547 31.0161 0.0 62.1985 23.5372 34.1321 33.8378 78.3901 13.3417 5.0 80.0562 28.4429 23.7697 71.1169 65.1405 76.0592 89.2877 63.0317 10.7703 33.7343 11.1803 56.8735 76.8966 29.0172 18.7883 48.3839 
28.6356 59.4138 15.0333 41.9762 52.6839 84.0595 62.1985 0.0 67.4741 48.3037 42.72 19.2094 75.473 66.4951 23.8537 70.8528 38.6394 27.2947 47.9451 20.6155 44.0454 77.907 56.3205 35.4683 72.3671 30.4138 15.0 35.3553 52.0096 34.0147 
62.3441 32.249 80.1538 104.002 73.3485 17.088 23.5372 67.4741 0.0 24.5153 52.8867 86.0523 26.9072 20.6155 79.3788 5.0 38.9693 85.1715 84.9408 75.6244 103.332 86.2844 33.0151 33.2628 29.6816 50.8035 80.5723 32.5576 40.1123 41.7732 
55.6719 38.8973 56.9392 90.2373 72.9133 41.4849 34.1321 48.3037 24.5153 0.0 51.9393 67.2639 44.5982 34.9285 55.1543 26.0 37.8667 71.3883 81.001 51.4782 89.5528 87.9261 37.5366 20.2357 44.7214 26.3059 57.5957 19.7827 41.0179 17.2627 
15.0 26.1725 57.4891 62.0587 21.1525 64.4127 33.8378 42.72 52.8867 51.9393 0.0 53.0848 44.5533 38.833 65.9292 57.7256 19.8257 43.6832 32.5484 62.2748 56.6883 40.8167 23.4307 45.3053 39.6989 58.8287 57.2713 41.0095 15.5563 56.9657 
38.1182 74.5129 16.2788 26.1725 55.9732 102.416 78.3901 19.2094 86.0523 67.2639 53.0848 0.0 91.5478 82.8324 29.1204 89.4328 54.626 20.0 43.9277 28.2843 30.6757 80.6655 71.3622 54.4518 87.9707 48.1041 15.2971 53.6004 65.5134 52.8394 
56.3707 18.4391 89.9297 102.124 61.0574 26.0768 13.3417 75.473 26.9072 44.5982 44.5533 91.5478 0.0 10.0499 93.1933 30.8058 37.0 83.1123 75.1665 89.202 99.3199 66.9104 21.4009 46.1736 5.38516 68.884 90.1712 42.0476 29.0 60.208 
49.5024 13.6015 80.2938 95.2562 57.3847 26.2488 5.0 66.4951 20.6155 34.9285 38.833 82.8324 10.0499 0.0 83.2947 25.2982 28.2064 76.0892 70.1027 79.3095 94.26 67.0075 15.6525 36.1248 10.0 58.8558 80.5601 32.1403 23.7065 50.2195 
52.3546 79.2275 13.0 55.109 76.4024 96.4624 80.0562 23.8537 79.3788 55.1543 65.9292 29.1204 93.1933 83.2947 0.0 81.1542 58.3095 46.6476 71.2145 4.0 59.7746 101.625 76.3217 48.0521 91.0055 30.2324 13.9284 51.1566 73.3485 38.4708 
67.1795 37.2156 82.8919 107.453 78.2624 16.0312 28.4429 70.8528 5.0 26.0 57.7256 89.4328 30.8058 25.2982 81.1542 0.0 43.8047 88.622 89.8175 77.4726 106.782 91.2688 38.0132 36.6416 34.0 51.923 83.5484 36.1248 45.0999 43.0116 
29.1279 21.0 53.3385 68.9761 40.7997 51.4662 23.7697 38.6394 38.9693 37.8667 19.8257 54.626 37.0 28.2064 58.3095 43.8047 0.0 50.1456 52.1957 54.3323 68.3056 59.0931 18.0278 33.1727 33.7343 41.6967 53.4603 26.9369 16.1245 39.8337 
26.7488 64.8223 33.8378 19.105 37.5007 101.473 71.1169 27.2947 85.1715 71.3883 43.6832 20.0 83.1123 76.0892 46.6476 88.622 50.1456 0.0 27.015 44.7214 18.0278 65.9674 61.7425 55.0364 78.7147 57.0088 33.0151 52.4853 54.9663 58.8558 
33.315 57.026 59.6466 33.1361 17.72 95.9679 65.1405 47.9451 84.9408 81.001 32.5484 43.9277 75.1665 70.1027 71.2145 89.8175 52.1957 27.015 0.0 68.3544 26.6833 39.0512 54.5022 64.8844 70.0928 72.1724 59.0498 62.2368 46.4531 72.0983 
48.8774 75.2396 12.0416 54.4518 73.2885 92.7091 76.0592 20.6155 75.6244 51.4782 62.2748 28.2843 89.202 79.3095 4.0 77.4726 54.3323 44.7214 68.3544 0.0 58.6941 98.5116 72.3395 44.1475 87.0057 27.0185 13.0384 47.1699 69.4262 34.9857 
44.7648 81.1659 46.8402 7.61577 44.3847 119.633 89.2877 44.0454 103.332 89.5528 56.6883 30.6757 99.3199 94.26 59.7746 106.782 68.3056 18.0278 26.6833 58.6941 0.0 64.0703 78.6421 73.1606 94.2905 74.3303 45.8803 70.6254 70.593 76.6877 
53.3842 54.0833 90.7359 71.2531 25.2389 92.4392 63.0317 77.907 86.2844 87.9261 40.8167 80.6655 66.9104 67.0075 101.625 91.2688 59.0931 65.9674 39.0512 98.5116 64.0703 0.0 53.3385 84.5821 61.6604 99.6651 90.2109 80.2863 47.0744 96.2425 
35.0009 3.16228 71.1758 80.7546 41.7852 41.7852 10.7703 56.3205 33.0151 37.5366 23.4307 71.3622 21.4009 15.6525 76.3217 38.0132 18.0278 61.7425 54.5022 72.3395 78.6421 53.3385 0.0 33.6155 17.0 56.8515 71.2531 27.3836 8.06226 49.994 
39.5552 35.7771 47.4131 73.4302 66.2793 49.872 33.7343 35.4683 33.2628 20.2357 45.3053 54.4518 46.1736 36.1248 48.0521 36.6416 33.1727 55.0364 64.8844 44.1475 73.1606 84.5821 33.6155 0.0 44.911 40.6307 47.8853 7.2111 36.3238 32.1422 
51.973 13.8924 86.977 97.7268 55.7584 31.0 11.1803 72.3671 29.6816 44.7214 39.6989 87.9707 5.38516 10.0 91.0055 34.0 33.7343 78.7147 70.0928 87.0057 94.2905 61.6604 17.0 44.911 0.0 67.9759 87.1321 40.1123 24.2074 59.4811 
47.5099 59.1995 35.2278 72.3671 79.8027 67.6831 56.8735 30.4138 50.8035 26.3059 58.8287 48.1041 68.884 58.8558 30.2324 51.923 41.6967 57.0088 72.1724 27.0185 74.3303 99.6651 56.8515 40.6307 67.9759 0.0 36.0555 29.468 57.5572 9.05539 
42.72 74.3303 1.0 41.4367 65.0 97.1815 76.8966 15.0 80.5723 57.5957 57.2713 15.2971 90.1712 80.5601 13.9284 83.5484 53.4603 33.0151 59.0498 13.0384 45.8803 90.2109 71.2531 47.8853 87.1321 36.0555 0.0 49.0408 67.0075 42.45 
36.9077 29.7321 48.7032 71.0574 61.9835 48.8262 29.0172 35.3553 32.5576 19.7827 41.0095 53.6004 42.0476 32.1403 51.1566 36.1248 26.9369 52.4853 62.2368 47.1699 70.6254 80.2863 27.3836 7.2111 40.1123 29.468 49.0408 0.0 30.088 27.5286 
28.2312 10.6301 67.0298 73.9784 33.8378 49.7695 18.7883 52.0096 40.1123 41.0179 15.5563 65.5134 29.0 23.7065 73.3485 45.0999 16.1245 54.9663 46.4531 69.4262 70.593 47.0744 8.06226 36.3238 24.2074 57.5572 67.0075 30.088 0.0 53.1162 
46.9803 51.6875 41.7253 75.5844 77.9397 58.6941 48.3839 34.0147 41.7732 17.2627 56.9657 52.8394 60.208 50.2195 38.4708 43.0116 39.8337 58.8558 72.0983 34.9857 76.6877 96.2425 49.994 32.1422 59.4811 9.05539 42.45 27.5286 53.1162 0.0 
DEMAND_SCENARIO_SECTION
0 0 0 0 0 0 0 0 0 0 0 0 0 0 0 0 0 0 0 0 0 0 0 0 0 0 0 0 0 0 0 0 0 0 0 0 0 0 0 0 0 0 0 0 0 0 0 0 0 0 
0 3 4 3 4 3 4 3 2 2 4 1 2 3 4 3 4 4 3 4 4 5 4 1 6 3 3 2 4 0 5 1 5 3 2 5 3 2 3 1 5 3 1 3 3 2 3 4 2 4 
3 2 2 3 4 3 3 2 2 1 5 3 3 4 3 2 2 0 3 4 2 3 1 3 2 4 0 3 2 2 3 0 3 2 4 3 0 1 4 4 3 1 2 0 4 0 4 0 1 2 
6 5 4 6 6 1 5 5 7 3 4 7 4 5 8 5 0 6 7 3 5 7 8 6 2 8 6 8 4 1 9 10 6 6 1 5 7 6 5 7 7 5 5 3 5 8 3 5 3 6 
5 4 7 2 6 9 7 2 7 4 6 8 2 5 3 7 7 3 7 6 7 8 8 9 9 7 5 7 7 8 10 6 5 7 3 5 5 2 7 8 6 5 3 3 8 2 4 6 2 6 
5 3 4 5 2 4 3 5 3 2 4 3 4 0 3 4 2 2 6 0 4 4 2 3 0 2 3 2 3 5 4 7 4 6 2 1 4 4 4 3 3 2 3 9 6 4 5 2 4 2 
7 2 10 8 12 8 8 10 6 8 8 11 9 13 6 9 9 10 14 8 8 9 7 11 10 7 6 9 11 3 8 8 8 9 9 4 9 9 4 12 12 4 7 11 9 4 7 9 15 5 
0 0 0 2 1 2 3 1 0 3 0 1 1 1 3 1 2 0 3 0 1 0 2 2 0 0 1 0 0 3 1 0 2 0 1 1 1 1 2 1 1 2 0 0 2 1 3 0 1 0 
14 3 10 9 5 9 10 12 12 7 11 8 10 10 10 10 11 9 8 5 15 6 6 5 11 8 8 5 6 5 9 6 7 13 8 6 10 10 16 7 7 9 11 7 6 6 13 11 7 5 
1 1 2 1 2 0 1 0 0 2 0 2 0 0 2 1 1 0 2 1 1 2 0 2 0 1 3 1 1 0 1 2 0 0 0 2 1 1 2 2 0 1 1 2 0 2 2 1 0 1 
5 3 8 5 5 3 5 6 5 6 6 8 11 4 6 7 3 11 9 5 5 8 8 10 4 2 6 7 5 4 8 3 5 3 3 6 6 8 8 9 4 7 6 7 5 7 7 2 8 2 
9 0 1 1 3 5 5 7 6 8 6 5 7 7 5 7 7 2 6 4 6 7 7 5 6 8 4 7 4 3 2 6 3 5 0 7 5 6 2 5 5 5 5 8 7 6 6 5 3 6 
6 1 2 5 7 8 3 7 6 6 3 5 3 5 2 2 5 1 4 5 4 5 4 7 2 6 5 1 5 0 3 3 8 6 7 5 4 4 3 4 2 9 7 2 6 4 2 4 5 8 
3 2 2 1 0 1 3 2 1 1 1 2 0 0 2 1 1 1 1 2 0 1 2 1 1 2 1 1 0 0 0 0 1 0 1 0 1 2 0 2 2 1 2 3 2 1 0 0 2 1 
5 12 6 6 5 8 12 6 9 7 5 6 7 10 5 7 12 7 7 10 10 5 8 9 8 6 8 8 6 5 4 8 10 10 8 1 6 8 7 8 6 8 7 6 3 8 8 7 9 6 
7 9 8 5 2 10 14 4 10 6 5 7 10 7 8 11 4 11 7 6 5 12 6 4 7 4 10 7 5 6 12 4 8 9 6 7 7 10 5 5 8 8 8 8 6 7 3 9 4 1 
10 9 7 12 6 8 5 3 9 7 9 10 10 9 3 12 11 3 14 11 7 11 6 8 6 2 5 7 12 9 8 5 9 7 4 6 8 7 8 8 13 10 12 8 9 2 10 5 12 10 
2 1 1 1 2 2 0 1 1 1 1 0 0 2 2 1 3 3 1 0 1 2 2 0 1 1 1 1 0 2 2 1 0 2 1 0 2 2 1 1 0 0 0 0 0 1 0 2 1 2 
9 8 3 12 12 13 7 6 12 12 5 6 12 9 4 12 4 10 9 9 9 13 12 7 2 10 7 9 13 12 11 7 7 7 14 8 10 9 7 8 8 6 9 12 7 2 11 7 10 12 
3 8 6 3 7 8 11 4 11 7 3 7 10 8 13 8 11 10 10 8 12 8 13 8 11 11 8 7 8 11 11 7 9 6 5 11 11 8 6 9 7 10 12 5 7 14 13 8 3 9 
5 7 3 0 3 4 3 3 2 3 2 6 1 5 3 1 2 2 5 4 1 6 1 3 1 3 5 2 1 4 4 0 2 4 8 2 3 2 2 4 2 4 4 4 2 2 3 3 6 2 
4 3 2 3 0 1 3 3 4 1 0 4 4 2 2 1 0 5 4 2 4 4 2 2 1 4 0 0 1 3 2 3 1 3 1 4 2 4 4 1 2 1 1 3 3 3 1 6 1 1 
0 3 3 0 2 3 2 1 2 4 2 1 3 2 0 4 3 1 3 3 2 4 1 3 3 1 3 3 1 1 2 1 2 3 2 0 3 3 3 3 1 4 1 0 2 2 3 2 5 4 
4 2 3 1 3 3 4 0 3 5 2 5 1 3 2 3 2 2 4 3 4 1 3 2 1 2 0 4 0 0 3 2 2 2 1 0 3 1 3 2 1 2 1 2 4 4 0 3 3 1 
15 9 9 13 9 12 7 15 13 0 8 12 9 9 9 11 16 6 10 10 5 14 9 9 12 11 3 11 9 10 9 6 7 11 7 9 11 13 6 12 3 13 11 13 9 12 4 10 11 9 
8 12 9 4 14 6 5 5 6 6 11 9 6 4 8 4 9 3 12 13 13 6 11 5 8 3 5 9 6 6 7 9 5 9 5 6 9 7 6 11 14 5 8 4 8 4 9 13 1 5 
7 7 11 11 4 7 10 8 10 6 7 7 10 10 8 8 9 12 4 8 8 5 8 5 10 7 8 6 5 14 7 7 8 9 9 10 10 15 9 12 5 10 13 10 10 11 10 11 8 7 
2 1 2 4 3 0 6 1 2 2 3 0 4 4 2 4 2 6 1 3 4 3 1 4 4 3 1 4 1 4 1 5 0 4 4 2 0 5 2 3 6 2 4 1 0 4 5 4 3 3 
4 3 3 2 3 2 4 3 1 0 4 1 3 3 4 2 1 0 1 2 4 3 4 2 3 2 2 2 3 4 3 2 1 1 3 3 0 2 0 1 2 1 2 2 2 0 0 2 1 0 
11 6 11 11 10 9 12 10 13 7 6 7 10 6 7 9 11 9 13 8 5 10 8 8 9 8 9 12 11 1 6 13 10 9 7 6 9 10 12 10 7 6 6 8 10 10 8 6 12 8 
DEPOT_SECTION
 1
 -1
EOF
