NAME  : Parada_30_2_0.95_1.00_4
TYPE : SVRP
MODEL : FINITE_SUPPORT
NUMBER_OF_SCENARIOS : 50
DIMENSION : 30
EDGE_WEIGHT_TYPE : MATRIX
CAPACITY : 81
N_VEHICLES : 2
NODE_COORD_SECTION
1 311500 127160
2 543910 242380
3 282080 49391
4 109160 422370
5 534510 184250
6 5566 195020
7 205050 42377
8 465620 82527
9 19017 177320
10 412030 18
11 337280 71591
12 246570 204670
13 565160 195790
14 403030 206170
15 501100 326860
16 366820 170360
17 367090 56965
18 202080 314480
19 27 287880
20 227370 292620
21 258910 191380
22 174750 201860
23 324420 242250
24 333490 323900
25 288970 437410
26 217030 91834
27 517870 317840
28 202630 214370
29 404180 107690
30 567760 175950
DEMAND_SECTION
1 0.0
2 10.0
3 1.0
4 1.0
5 10.0
6 3.0
7 6.0
8 5.0
9 9.0
10 3.0
11 8.0
12 1.0
13 8.0
14 2.0
15 2.0
16 8.0
17 5.0
18 4.0
19 5.0
20 2.0
21 6.0
22 9.0
23 7.0
24 4.0
25 10.0
26 9.0
27 4.0
28 1.0
29 1.0
30 10.0
DISTANCE_MATRIX
0.0 34.4396 22.4722 49.0306 40.4581 49.8938 41.2311 14.2195 47.316 47.0106 28.0217 31.0 36.0662 14.1421 42.7287 17.088 32.0156 49.2037 49.366 53.6228 40.05 59.6445 25.4951 35.8427 50.0552 46.4866 42.1648 46.2709 28.6577 35.0384 
34.4396 0.0 54.3978 59.4643 13.4164 72.9178 64.0965 24.2115 70.7248 77.1878 25.0 38.3404 9.89949 39.4235 12.53 43.3237 34.4819 39.0512 67.4166 39.9249 45.2775 36.2353 53.2384 67.7681 84.0112 57.9379 10.4403 51.6624 32.7064 7.07107 
22.4722 54.3978 0.0 47.634 60.1563 34.0 44.5533 34.1777 31.0 42.9921 44.605 47.0106 55.7643 33.4215 62.6812 30.8707 45.2809 64.4703 39.2173 69.6004 54.7083 75.7801 31.0644 13.4742 27.6866 56.1427 62.0033 59.6657 47.5045 54.9966 
49.0306 59.4643 47.634 0.0 69.4262 29.0689 87.7268 51.0098 29.4279 88.5154 34.5398 79.6327 64.3273 62.5155 59.0957 65.9697 25.0799 34.1321 16.0312 39.8246 88.8144 51.3128 72.2357 52.5266 65.8027 95.3362 61.4574 95.1893 62.1289 62.8172 
40.4581 13.4164 60.1563 69.4262 0.0 79.9375 51.4198 27.205 77.6487 65.2887 36.0139 26.4008 5.09902 27.5986 24.7588 31.4989 45.1774 52.233 75.4127 53.3104 32.8024 49.4065 41.4135 73.1662 76.463 45.793 21.9317 38.9487 20.8816 7.07107 
49.8938 72.9178 34.0 29.0689 79.9375 0.0 78.3135 57.4543 3.0 72.4224 51.614 79.3721 74.8784 63.8402 80.3418 63.3493 44.2945 60.1664 13.3417 66.2193 87.6641 76.5506 65.0308 35.171 44.1022 90.0888 79.4945 93.0591 65.882 73.8507 
41.2311 64.0965 44.5533 87.7268 51.4198 78.3135 0.0 51.2663 75.326 17.4929 69.1195 26.0192 53.367 33.2866 76.2325 25.6125 73.2462 90.3018 83.4426 94.7205 25.2982 100.309 15.8114 44.0454 44.3847 16.2788 73.5922 25.2389 39.2332 56.1891 
14.2195 24.2115 34.1777 51.0098 27.205 57.4543 51.2663 0.0 54.9181 61.1907 22.4722 30.0832 25.838 26.5933 32.784 30.4935 29.4109 43.3384 54.7083 47.6105 39.2173 54.2655 39.6334 47.5481 63.7912 49.1461 31.9367 45.8803 12.083 24.8102 
47.316 70.7248 31.0 29.4279 77.6487 3.0 75.326 54.9181 0.0 69.5701 49.93 76.4383 72.5896 61.2624 78.254 60.4152 42.9535 59.439 14.3178 65.5134 84.7231 75.5844 62.0322 32.28 41.6173 87.0919 77.4067 90.0944 63.3042 71.5619 
47.0106 77.1878 42.9921 88.5154 65.2887 72.4224 17.4929 61.1907 69.5701 0.0 74.9466 41.7732 67.3024 43.9318 89.3238 35.6931 77.6209 95.9635 80.1777 100.528 42.5441 106.616 24.3311 37.3363 32.0624 33.4215 86.6835 42.72 52.3245 70.1244 
28.0217 25.0 44.605 34.5398 36.0139 51.614 69.1195 22.4722 49.93 74.9466 0.0 52.3259 31.0 48.8734 31.2938 44.4926 9.48683 21.2603 43.9318 25.6023 61.327 31.6241 53.4355 57.9754 72.1878 71.4261 30.4465 68.0294 34.4819 29.0689 
31.0 38.3404 47.0106 79.6327 26.4008 79.3721 26.0192 30.0832 76.4383 41.7732 52.3259 0.0 28.4549 17.1172 50.4764 16.1555 59.4735 72.8711 80.2247 77.1432 9.21954 74.5527 20.8087 60.0688 58.7282 19.8494 47.8361 15.8114 18.0504 31.277 
36.0662 9.89949 55.7643 64.3273 5.09902 74.8784 53.367 25.838 72.5896 67.3024 31.0 28.4549 0.0 29.5381 22.2036 33.4383 40.1123 48.0977 70.3537 49.2336 35.392 46.0977 43.353 69.3947 78.4024 48.0525 19.7231 41.7732 22.821 2.82843 
14.1421 39.4235 33.4215 62.5155 27.5986 63.8402 33.2866 26.5933 61.2624 43.9318 48.8734 17.1172 29.5381 0.0 51.5595 8.24621 55.9833 69.4495 63.5059 73.7215 26.3059 75.6358 19.6469 46.863 51.7653 34.4819 48.9192 32.7567 14.5602 32.3601 
42.7287 12.53 62.6812 59.0957 24.7588 80.3418 76.2325 32.784 78.254 89.3238 31.2938 50.4764 22.2036 51.5595 0.0 55.4597 36.2654 32.0624 71.1021 31.257 57.3847 25.0599 65.3744 76.0516 90.264 70.074 3.16228 63.6553 44.8425 19.4165 
17.088 43.3237 30.8707 65.9697 31.4989 63.3493 25.6125 30.4935 60.4152 35.6931 44.4926 16.1555 33.4383 8.24621 55.4597 0.0 48.6739 65.675 65.0 70.0937 24.3311 79.536 11.4018 43.993 44.9641 29.4109 52.8194 30.0167 18.4604 36.2603 
32.0156 34.4819 45.2809 25.0799 45.1774 44.2945 73.2462 29.4109 42.9535 77.6209 9.48683 59.4735 40.1123 55.9833 36.2654 48.6739 0.0 19.6469 35.3836 25.318 68.6222 33.3766 57.4891 58.6512 72.8636 77.8981 38.6271 75.2728 41.4367 38.3275 
49.2037 39.0512 64.4703 34.1321 52.233 60.1664 90.3018 43.3384 59.439 95.9635 21.2603 72.8711 48.0977 69.4495 32.0624 65.675 19.6469 0.0 48.8467 6.08276 81.8474 17.2047 74.6179 77.8407 92.0531 92.0022 35.0143 88.5512 55.1661 45.3856 
49.366 67.4166 39.2173 16.0312 75.4127 13.3417 83.4426 54.7083 14.3178 80.1777 43.9318 80.2247 70.3537 63.5059 71.1021 65.0 35.3836 48.8467 0.0 54.7814 89.0898 65.7419 68.9799 43.0465 54.4885 93.4345 73.4436 95.0053 64.1917 69.3181 
53.6228 39.9249 69.6004 39.8246 53.3104 66.2193 94.7205 47.6105 65.5134 100.528 25.6023 77.1432 49.2336 73.7215 31.257 70.0937 25.318 6.08276 54.7814 0.0 84.5354 12.0416 79.0366 82.9708 97.1832 96.0574 34.3657 90.9206 59.4382 46.5188 
40.05 45.2775 54.7083 88.8144 32.8024 87.6641 25.2982 39.2173 84.7231 42.5441 61.327 9.21954 35.392 26.3059 57.3847 24.3311 68.6222 81.8474 89.0898 84.5354 0.0 81.4898 25.807 59.0776 63.8905 13.6015 54.6717 6.7082 27.2029 38.2141 
59.6445 36.2353 75.7801 51.3128 49.4065 76.5506 100.309 54.2655 75.5844 106.616 31.6241 74.5527 46.0977 75.6358 25.0599 79.536 33.3766 17.2047 65.7419 12.0416 81.4898 0.0 85.0583 89.1504 103.363 94.1502 28.178 87.8749 65.8718 43.2782 
25.4951 53.2384 31.0644 72.2357 41.4135 65.0308 15.8114 39.6334 62.0322 24.3311 53.4355 20.8087 43.353 19.6469 65.3744 11.4018 57.4891 74.6179 68.9799 79.0366 25.807 85.0583 0.0 33.3089 38.2099 25.0799 62.7341 29.5466 28.3751 46.175 
35.8427 67.7681 13.4742 52.5266 73.1662 35.171 44.0454 47.5481 32.28 37.3363 57.9754 60.0688 69.3947 46.863 76.0516 43.993 58.6512 77.8407 43.0465 82.9708 59.0776 89.1504 33.3089 0.0 15.2971 57.4954 75.3737 62.7985 60.8849 68.3669 
50.0552 84.0112 27.6866 65.8027 76.463 44.1022 44.3847 63.7912 41.6173 32.0624 72.1878 58.7282 78.4024 51.7653 90.264 44.9641 72.8636 92.0531 54.4885 97.1832 63.8905 103.363 38.2099 15.2971 0.0 59.9416 89.5861 66.8506 63.4245 81.2244 
46.4866 57.9379 56.1427 95.3362 45.793 90.0888 16.2788 49.1461 87.0919 33.4215 71.4261 19.8494 48.0525 34.4819 70.074 29.4109 77.8981 92.0022 93.4345 96.0574 13.6015 94.1502 25.0799 57.4954 59.9416 0.0 67.424 10.198 37.113 50.8746 
42.1648 10.4403 62.0033 61.4574 21.9317 79.4945 73.5922 31.9367 77.4067 86.6835 30.4465 47.8361 19.7231 48.9192 3.16228 52.8194 38.6271 35.0143 73.4436 34.3657 54.6717 28.178 62.7341 75.3737 89.5861 67.424 0.0 60.8769 42.2022 17.0 
46.2709 51.6624 59.6657 95.1893 38.9487 93.0591 25.2389 45.8803 90.0944 42.72 68.0294 15.8114 41.7732 32.7567 63.6553 30.0167 75.2728 88.5512 95.0053 90.9206 6.7082 87.8749 29.5466 62.7985 66.8506 10.198 60.8769 0.0 33.8508 44.5982 
28.6577 32.7064 47.5045 62.1289 20.8816 65.882 39.2332 12.083 63.3042 52.3245 34.4819 18.0504 22.821 14.5602 44.8425 18.4604 41.4367 55.1661 64.1917 59.4382 27.2029 65.8718 28.3751 60.8849 63.4245 37.113 42.2022 33.8508 0.0 25.6431 
35.0384 7.07107 54.9966 62.8172 7.07107 73.8507 56.1891 24.8102 71.5619 70.1244 29.0689 31.277 2.82843 32.3601 19.4165 36.2603 38.3275 45.3856 69.3181 46.5188 38.2141 43.2782 46.175 68.3669 81.2244 50.8746 17.0 44.5982 25.6431 0.0 
DEMAND_SCENARIO_SECTION
0 0 0 0 0 0 0 0 0 0 0 0 0 0 0 0 0 0 0 0 0 0 0 0 0 0 0 0 0 0 0 0 0 0 0 0 0 0 0 0 0 0 0 0 0 0 0 0 0 0 
11 14 12 6 8 12 9 16 9 13 11 6 13 4 7 12 14 12 17 10 8 7 10 15 10 7 7 14 14 13 14 13 12 9 13 9 14 13 10 16 14 8 6 9 6 11 13 8 9 8 
1 0 3 2 2 0 1 1 2 2 0 1 1 1 0 1 0 0 1 1 0 2 2 1 2 0 1 0 1 0 1 0 0 3 1 1 1 0 0 0 2 3 0 2 1 1 1 1 1 2 
2 0 2 0 0 1 1 1 1 2 2 2 1 1 1 2 1 1 2 4 2 1 2 1 0 0 0 2 0 0 1 3 0 2 1 0 0 1 1 0 0 1 1 1 1 2 1 1 1 2 
5 13 15 10 15 12 12 14 14 12 8 17 9 10 5 10 13 9 9 7 9 12 8 9 5 8 10 13 12 7 11 5 15 12 8 13 12 9 12 10 9 8 14 16 8 19 8 8 12 10 
3 3 3 4 0 4 2 3 4 5 2 2 4 3 2 2 3 3 0 3 2 5 3 2 4 3 3 5 5 0 4 3 3 5 5 4 4 8 3 5 3 5 3 0 2 5 3 3 3 0 
7 6 2 7 5 4 4 7 5 6 6 6 5 7 6 8 9 7 5 7 5 3 6 11 5 5 4 2 8 9 3 4 8 5 4 3 7 12 5 9 5 4 6 10 7 4 4 7 8 5 
7 2 3 7 4 2 9 6 6 3 5 2 9 7 7 6 1 4 5 6 2 6 7 6 0 8 2 4 2 7 7 6 5 3 5 7 1 8 5 7 9 4 8 10 5 3 5 7 5 5 
9 9 8 6 6 6 8 9 10 10 8 10 17 6 10 12 12 10 15 11 8 1 11 9 9 10 2 8 7 11 7 9 9 8 6 7 6 13 13 11 12 7 9 15 11 12 11 11 6 14 
5 3 1 3 4 1 4 6 8 5 2 2 1 3 2 3 3 3 3 6 5 4 2 5 1 1 0 1 4 4 4 3 5 3 0 3 3 4 6 5 1 4 3 2 5 2 3 3 3 4 
4 7 8 8 9 6 6 11 9 7 11 4 4 13 8 6 9 17 8 8 3 11 7 10 12 5 15 10 8 3 7 14 6 8 12 10 8 5 9 9 5 9 8 10 8 5 12 12 6 12 
0 0 2 3 0 1 1 1 2 2 1 1 1 2 1 0 2 0 1 1 1 1 1 1 2 1 3 1 1 1 3 0 0 1 1 2 1 1 1 2 0 0 1 2 1 0 1 2 0 0 
4 6 4 10 4 6 12 10 10 6 11 10 5 7 12 9 11 7 10 5 10 6 7 5 7 9 9 6 5 8 10 9 2 9 12 8 10 10 9 8 6 11 13 8 11 9 10 8 1 14 
2 2 3 2 4 4 1 2 2 0 1 4 3 3 5 2 1 1 2 1 2 3 4 0 2 0 2 3 1 3 0 2 0 1 1 4 3 2 1 2 3 5 3 1 4 0 2 4 3 4 
4 2 5 2 1 1 3 3 0 5 2 3 1 2 4 3 5 3 3 4 2 1 3 2 3 5 0 3 3 3 1 1 0 6 0 2 3 3 0 2 4 1 1 0 3 0 1 1 5 2 
11 4 11 14 5 8 6 9 8 5 6 9 5 6 12 12 9 7 10 8 10 11 9 6 6 8 9 6 14 7 1 4 6 9 5 11 12 5 9 11 11 9 12 7 10 11 10 4 11 11 
6 6 1 9 8 5 3 1 4 6 4 6 2 3 3 7 2 6 1 5 6 3 0 5 6 0 3 3 4 1 5 5 3 3 6 3 4 7 11 9 5 5 3 5 4 5 3 7 0 5 
3 7 2 8 3 5 4 2 6 6 4 4 4 2 5 4 2 6 7 1 4 3 2 3 3 4 4 3 4 7 5 1 3 3 2 3 8 4 5 5 3 3 7 3 4 4 4 3 2 4 
6 1 5 6 4 4 10 5 6 0 5 4 7 1 2 4 6 4 4 9 3 5 11 6 8 5 2 5 7 9 3 4 4 7 7 9 6 5 3 3 5 4 6 5 3 5 4 6 2 4 
1 4 0 4 2 0 3 2 2 2 1 4 2 4 0 2 3 3 1 1 3 3 3 5 6 0 3 3 4 2 1 3 2 3 1 3 2 5 2 3 1 4 3 1 2 3 4 2 1 1 
8 7 8 7 5 6 9 7 5 5 6 10 10 7 4 7 2 3 5 7 6 9 6 6 7 5 7 2 6 7 7 12 3 8 6 3 8 9 8 8 3 9 3 5 8 0 6 5 6 6 
10 11 10 9 8 14 9 10 11 14 8 8 2 12 11 9 13 9 12 7 9 10 5 13 9 10 8 7 12 7 12 10 9 11 10 13 8 15 12 9 10 5 8 11 7 11 9 14 8 6 
8 8 6 7 10 10 6 8 2 4 6 8 8 4 9 6 7 8 3 7 5 4 5 8 11 9 8 5 3 5 9 10 5 2 6 1 6 7 5 2 4 4 9 6 6 10 11 8 11 9 
2 2 6 2 4 3 4 1 1 4 2 5 4 2 2 4 2 3 4 6 3 4 5 3 3 1 5 3 4 6 6 4 4 4 8 4 3 5 5 7 4 5 2 3 4 2 2 5 0 5 
9 13 11 9 8 12 8 3 19 11 10 8 17 8 1 14 14 13 13 6 11 9 10 7 11 12 9 9 11 13 9 13 10 7 11 6 8 8 10 8 11 6 9 13 15 4 10 12 9 8 
17 11 5 10 5 9 11 4 10 6 12 6 6 10 9 5 12 6 9 0 11 4 8 9 10 11 8 7 12 13 13 10 9 9 10 6 10 8 10 8 8 13 15 6 10 7 5 13 9 13 
4 2 5 4 8 4 2 4 2 6 2 4 7 6 6 1 4 3 6 2 4 5 4 7 5 8 8 6 1 4 4 3 4 3 4 5 7 6 6 6 4 6 7 2 5 5 5 6 7 3 
1 2 0 0 1 0 1 0 0 2 1 0 1 0 1 0 1 1 2 0 1 0 1 1 1 1 0 0 1 2 3 2 0 0 2 1 0 1 1 2 0 1 2 0 2 0 0 1 2 0 
3 1 2 0 1 3 1 1 2 2 2 1 0 0 0 0 2 1 0 0 0 1 1 1 3 2 1 0 1 0 0 0 3 0 0 1 3 2 1 0 1 1 3 0 2 1 1 1 0 2 
8 6 9 16 8 11 8 10 5 14 7 11 8 6 8 10 11 17 15 11 3 13 8 12 15 7 9 9 16 9 15 9 11 9 10 10 7 8 7 9 10 8 7 7 14 8 12 11 11 10 
DEPOT_SECTION
 1
 -1
EOF
