NAME  : Parada_30_2_0.95_1.00_0
TYPE : SVRP
MODEL : FINITE_SUPPORT
NUMBER_OF_SCENARIOS : 50
DIMENSION : 30
EDGE_WEIGHT_TYPE : MATRIX
CAPACITY : 92
N_VEHICLES : 2
NODE_COORD_SECTION
1 55763 307960
2 508780 253860
3 322480 149000
4 17298 477430
5 304500 403580
6 274950 204230
7 39795 132550
8 354050 191580
9 82289 21219
10 398160 146160
11 214620 189900
12 45923 396200
13 387920 293930
14 216440 405730
15 323420 224540
16 62008 393330
17 100930 76126
18 59371 413530
19 151020 402770
20 291900 358570
21 27 201300
22 184080 382900
23 292690 527610
24 99364 418700
25 52109 442550
26 129050 18
27 325160 435550
28 207130 227590
29 53371 227150
30 395900 236230
DEMAND_SECTION
1 0.0
2 9.0
3 5.0
4 8.0
5 10.0
6 9.0
7 7.0
8 2.0
9 7.0
10 1.0
11 10.0
12 1.0
13 3.0
14 4.0
15 4.0
16 6.0
17 10.0
18 10.0
19 5.0
20 10.0
21 6.0
22 3.0
23 9.0
24 6.0
25 2.0
26 9.0
27 2.0
28 9.0
29 8.0
30 1.0
DISTANCE_MATRIX
0.0 41.2343 25.6431 16.2808 46.2583 33.2415 47.0308 34.1198 65.8635 29.726 48.7647 57.087 28.9094 53.7212 36.0737 58.4671 57.7062 55.8794 45.2457 17.0899 38.0789 50.8199 62.0696 54.881 33.2415 61.6117 46.2583 49.3974 58.3683 37.4192 
41.2343 0.0 24.7588 52.2557 70.6667 35.805 74.5472 26.4008 92.0518 15.6205 67.5719 93.7746 16.0 47.0 32.2025 95.1548 84.6106 92.567 45.3542 24.3178 65.3401 47.2652 88.0478 91.5686 65.9356 86.539 73.2428 69.7615 88.0274 27.7308 
25.6431 24.7588 0.0 38.6426 68.6202 11.7047 55.0 8.48528 71.0211 9.21954 73.0536 74.7061 18.0278 67.1863 11.4018 76.0862 64.2806 73.4985 62.3085 30.2655 46.0435 66.0984 84.2635 72.5001 49.0408 64.7611 68.4522 75.019 68.7639 43.3573 
16.2808 52.2557 38.6426 0.0 30.6105 45.0314 43.1213 47.1193 62.0356 42.7256 39.0512 49.6207 39.9307 64.0828 48.8846 51.0009 53.7967 48.4131 54.6832 28.1112 34.8281 60.7545 46.4569 47.4147 25.8185 58.7963 30.6456 38.6394 52.408 47.9785 
46.2583 70.6667 68.6202 30.6105 0.0 74.976 54.3415 77.0968 70.3847 71.9276 22.6716 29.2062 58.6035 61.1882 78.8621 31.4006 62.6259 31.1448 49.8197 46.3757 51.0882 56.2939 17.088 34.7131 36.1248 70.8802 4.24264 18.4391 47.0106 52.3642 
33.2415 35.805 11.7047 45.0314 74.976 0.0 52.1728 11.1803 66.0076 20.2485 82.0061 77.4934 29.4279 78.848 7.0 78.8736 60.208 76.2858 73.6817 41.0 43.9659 77.6758 90.0045 75.2874 50.4777 59.1354 74.976 82.5734 66.5632 64.6389 
47.0308 74.5472 55.0 43.1213 54.3415 52.1728 0.0 61.2944 19.2094 62.2896 74.5686 36.6879 60.8326 97.7461 59.0339 36.4005 10.8167 33.8378 88.3465 61.7097 9.21954 94.4179 59.1354 29.1548 21.6216 17.0 50.8035 71.4606 16.2788 81.6419 
34.1198 26.4008 8.48528 47.1193 77.0968 11.1803 61.2944 0.0 76.2365 12.0416 80.6655 82.8671 24.5153 71.8471 5.83095 84.2473 70.0 81.6595 68.0 37.3631 52.6118 71.2531 92.7402 80.6611 56.8595 69.5845 76.9289 82.1934 75.3019 49.0102 
65.8635 92.0518 71.0211 62.0356 70.3847 66.0076 19.2094 76.2365 0.0 79.0759 91.3017 47.1699 78.3372 116.66 73.0068 46.0435 8.48528 44.1814 107.261 80.624 27.7849 113.332 71.8471 39.2046 52.9034 7.61577 66.4831 88.1022 24.3311 100.556 
29.726 15.6205 9.21954 42.7256 71.9276 20.2485 62.2896 12.0416 79.0759 0.0 70.2353 79.2795 13.4164 59.8415 17.4642 80.6035 72.0069 78.0157 56.0089 26.4008 53.1507 59.2115 88.3464 77.0173 54.2034 73.0821 72.5351 71.8687 75.8658 37.054 
48.7647 67.5719 73.0536 39.0512 22.6716 82.0061 74.5686 80.6655 91.3017 70.2353 0.0 51.8556 56.8243 43.1045 84.4551 54.037 83.2265 53.8145 32.5576 43.909 69.1277 38.1182 34.2053 57.28 54.7814 91.2096 26.9072 5.09902 68.8186 41.1545 
57.087 93.7746 74.7061 49.6207 29.2062 77.4934 36.6879 82.8671 47.1699 79.2795 51.8556 0.0 81.4496 88.2553 83.0554 2.23607 41.0488 3.0 76.896 69.6302 40.1214 83.5703 25.0 8.0 28.7222 50.0899 25.0 47.4236 23.0 76.7606 
28.9094 16.0 18.0278 39.9307 58.6035 29.4279 60.8326 24.5153 78.3372 13.4164 56.8243 81.4496 0.0 49.7198 29.0689 82.8298 70.896 80.242 44.2918 13.0 51.6255 48.4814 75.6703 75.0349 52.221 72.8363 60.9178 58.5235 74.3127 35.2486 
53.7212 47.0 67.1863 64.0828 61.1882 78.848 97.7461 71.8471 116.66 59.8415 43.1045 88.2553 49.7198 0.0 77.2787 90.4765 108.422 89.3197 11.4018 41.0987 89.1448 5.0 76.2365 91.3847 85.3217 113.172 64.7611 48.0416 100.604 25.0599 
36.0737 32.2025 11.4018 48.8846 78.8621 7.0 59.0339 5.83095 73.0068 17.4642 84.4551 83.0554 29.0689 77.2787 0.0 84.4356 67.1863 81.8478 73.0616 41.5933 50.6952 76.531 94.6287 80.8494 56.4358 66.1211 78.8174 85.4496 73.3235 54.037 
58.4671 95.1548 76.0862 51.0009 31.4006 78.8736 36.4005 84.2473 46.0435 80.6035 54.037 2.23607 82.8298 90.4765 84.4356 0.0 40.1995 2.82843 79.1202 71.0103 40.2156 85.7963 26.5707 7.28011 30.1024 49.2544 27.2029 49.5782 22.0907 78.9577 
57.7062 84.6106 64.2806 53.7967 62.6259 60.208 10.8167 70.0 8.48528 72.0069 83.2265 41.0488 70.896 108.422 67.1863 40.1995 0.0 38.0526 99.022 72.3852 19.6977 105.093 65.192 33.0606 44.828 9.05539 58.8218 80.1124 18.1108 92.3173 
55.8794 92.567 73.4985 48.4131 31.1448 76.2858 33.8378 81.6595 44.1814 78.0157 53.8145 3.0 80.242 89.3197 81.8478 2.82843 38.0526 0.0 78.0 68.4225 37.4819 84.6936 27.8927 5.0 27.5146 47.0956 26.9072 49.4975 20.0 77.6587 
45.2457 45.3542 62.3085 54.6832 49.8197 73.6817 88.3465 68.0 107.261 56.0089 32.5576 76.896 44.2918 11.4018 73.0616 79.1202 99.022 78.0 0.0 33.5261 79.7452 6.7082 65.0692 80.0977 74.1079 103.773 53.3667 37.3363 89.3904 19.0263 
17.0899 24.3178 30.2655 28.1112 46.3757 41.0 61.7097 37.3631 80.624 26.4008 43.909 69.6302 13.0 41.0987 41.5933 71.0103 72.3852 68.4225 33.5261 0.0 53.0192 38.4838 63.4424 67.4242 45.828 76.9743 48.6899 45.8039 72.4175 24.7967 
38.0789 65.3401 46.0435 34.8281 51.0882 43.9659 9.21954 52.6118 27.7849 53.1507 69.1277 40.1214 51.6255 89.1448 50.6952 40.2156 19.6977 37.4819 79.7452 53.0192 0.0 85.8166 58.6687 33.2324 15.0 24.0416 48.0 66.7083 22.7231 73.0406 
50.8199 47.2652 66.0984 60.7545 56.2939 77.6758 94.4179 71.2531 113.332 59.2115 38.1182 83.5703 48.4814 5.0 76.531 85.7963 105.093 84.6936 6.7082 38.4838 85.8166 0.0 71.2531 86.8015 80.8156 109.844 59.9083 43.0465 96.0981 23.0868 
62.0696 88.0478 84.2635 46.4569 17.088 90.0045 59.1354 92.7402 71.8471 88.3464 34.2053 25.0 75.6703 76.2365 94.6287 26.5707 65.192 27.8927 65.0692 63.4424 58.6687 71.2531 0.0 32.7567 43.9659 74.108 15.8114 29.1204 47.5184 69.0521 
54.881 91.5686 72.5001 47.4147 34.7131 75.2874 29.1548 80.6611 39.2046 77.0173 57.28 8.0 75.0349 91.3847 80.8494 7.28011 33.0606 5.0 80.0977 67.4242 33.2324 86.8015 32.7567 0.0 26.5162 42.107 30.4795 53.1507 15.0 79.719 
33.2415 65.9356 49.0408 25.8185 36.1248 50.4777 21.6216 56.8595 52.9034 54.2034 54.7814 28.7222 52.221 85.3217 56.4358 30.1024 44.828 27.5146 74.1079 45.828 15.0 80.8156 43.9659 26.5162 0.0 37.3198 33.0 52.2015 31.5095 65.6953 
61.6117 86.539 64.7611 58.7963 70.8802 59.1354 17.0 69.5845 7.61577 73.0821 91.2096 50.0899 72.8363 113.172 66.1211 49.2544 9.05539 47.0956 103.773 76.9743 24.0416 109.844 74.108 42.107 37.3198 0.0 67.1863 88.1016 27.1662 97.0664 
46.2583 73.2428 68.4522 30.6456 4.24264 74.976 50.8035 76.9289 66.4831 72.5351 26.9072 25.0 60.9178 64.7611 78.8174 27.2029 58.8218 26.9072 53.3667 48.6899 48.0 59.9083 15.8114 30.4795 33.0 67.1863 0.0 22.6716 42.9418 55.139 
49.3974 69.7615 75.019 38.6394 18.4391 82.5734 71.4606 82.1934 88.1022 71.8687 5.09902 47.4236 58.5235 48.0416 85.4496 49.5782 80.1124 49.4975 37.3363 45.8039 66.7083 43.0465 29.1204 53.1507 52.2015 88.1016 22.6716 0.0 65.192 44.9236 
58.3683 88.0274 68.7639 52.408 47.0106 66.5632 16.2788 75.3019 24.3311 75.8658 68.8186 23.0 74.3127 100.604 73.3235 22.0907 18.1108 20.0 89.3904 72.4175 22.7231 96.0981 47.5184 15.0 31.5095 27.1662 42.9418 65.192 0.0 88.8583 
37.4192 27.7308 43.3573 47.9785 52.3642 64.6389 81.6419 49.0102 100.556 37.054 41.1545 76.7606 35.2486 25.0599 54.037 78.9577 92.3173 77.6587 19.0263 24.7967 73.0406 23.0868 69.0521 79.719 65.6953 97.0664 55.139 44.9236 88.8583 0.0 
DEMAND_SCENARIO_SECTION
0 0 0 0 0 0 0 0 0 0 0 0 0 0 0 0 0 0 0 0 0 0 0 0 0 0 0 0 0 0 0 0 0 0 0 0 0 0 0 0 0 0 0 0 0 0 0 0 0 0 
5 6 8 9 9 11 5 11 0 8 6 6 6 9 11 7 14 7 12 11 5 0 15 4 12 8 15 10 9 10 11 12 8 11 12 5 13 9 4 10 12 14 10 4 3 10 8 7 10 7 
2 3 5 5 3 5 4 9 5 3 6 5 7 8 4 8 3 7 1 6 8 6 4 4 8 8 6 6 7 4 6 8 3 6 3 5 6 2 7 2 3 5 5 5 10 9 9 3 11 8 
11 8 11 10 3 8 5 10 8 9 5 9 4 9 9 7 7 8 9 11 6 4 7 8 8 11 12 13 11 8 7 5 7 6 10 9 10 12 10 13 6 13 7 6 8 7 5 9 9 9 
10 11 13 11 7 11 16 8 4 16 16 12 6 13 9 13 12 10 0 10 15 12 13 13 11 8 8 8 9 8 8 9 14 10 3 14 7 10 13 13 7 15 19 12 12 6 5 11 7 11 
10 7 5 14 9 10 14 9 3 12 10 14 8 9 11 9 6 12 7 6 6 8 9 11 11 3 11 9 17 2 11 6 8 8 8 7 8 7 8 11 6 7 9 12 7 11 2 9 17 9 
5 3 7 7 5 10 7 6 4 4 8 11 6 1 6 7 4 2 9 7 3 9 8 8 5 5 2 5 9 10 10 3 6 6 14 4 10 2 6 9 3 8 11 10 5 8 6 6 6 7 
1 3 2 3 2 4 1 4 0 4 3 5 4 3 1 4 2 2 2 2 1 2 3 1 3 2 1 1 3 2 2 3 1 5 4 2 2 2 3 0 2 3 1 0 3 2 1 3 1 3 
5 9 4 6 10 4 7 5 8 5 5 9 6 5 9 5 9 0 8 9 4 6 7 7 7 9 7 13 3 6 6 8 9 5 8 13 4 11 8 10 11 9 11 6 4 3 5 7 6 6 
0 2 2 3 0 0 0 0 2 3 3 1 2 2 1 0 2 2 2 0 1 2 2 1 2 0 0 0 0 0 0 1 1 2 1 0 1 0 1 0 1 3 1 1 1 0 0 1 1 2 
8 13 9 11 3 8 5 15 10 10 8 7 7 7 8 6 10 6 10 8 11 10 16 8 7 13 8 6 10 11 11 13 15 11 12 9 5 11 12 9 2 7 9 11 6 6 11 10 14 9 
0 1 0 0 1 1 2 2 1 2 1 1 2 0 0 0 2 1 1 0 3 0 1 0 1 1 2 2 1 2 1 1 0 1 0 1 2 2 1 0 0 2 0 0 1 0 0 1 1 1 
6 5 5 2 5 3 4 3 3 2 4 2 4 3 1 1 1 7 3 3 1 2 2 2 5 3 0 3 3 4 6 1 0 5 5 4 4 1 4 0 0 2 1 3 5 5 2 3 3 1 
0 7 6 3 0 2 5 6 1 2 5 7 1 3 5 4 4 2 4 2 2 9 0 5 6 1 8 4 4 5 2 5 4 6 3 5 5 3 6 7 5 3 2 3 3 6 3 3 5 0 
5 4 3 2 4 3 2 4 5 3 7 3 4 6 1 4 5 2 4 2 5 6 4 4 7 2 3 3 1 2 3 5 4 6 5 6 0 0 3 9 5 6 3 4 4 8 0 6 6 4 
7 8 7 3 3 9 6 1 5 6 3 8 2 6 5 6 4 10 6 10 5 3 8 8 3 6 5 6 4 10 1 3 5 8 8 9 6 3 12 9 2 0 12 7 7 7 3 5 1 6 
15 9 11 11 9 8 7 10 8 6 8 9 10 9 10 11 16 3 15 11 6 12 10 11 11 10 10 10 13 10 10 10 14 12 8 6 17 14 9 9 16 13 9 4 5 8 0 9 11 11 
3 9 10 13 10 9 12 11 8 8 10 11 13 5 6 12 6 14 5 9 10 11 8 10 10 7 9 14 9 15 10 13 15 14 16 8 9 12 13 9 6 14 19 13 10 9 8 12 12 10 
5 7 5 6 4 3 3 1 5 0 5 8 3 5 3 6 3 6 8 3 8 1 5 6 6 2 7 4 6 6 6 4 8 6 1 6 8 2 1 4 1 4 5 2 5 1 5 1 2 5 
9 8 13 11 14 13 7 8 12 13 9 4 14 5 14 12 9 13 10 10 13 10 7 13 10 12 7 10 10 9 10 11 9 8 18 7 6 10 13 5 5 12 13 7 12 12 15 4 6 8 
6 4 5 8 8 7 7 8 8 8 5 4 10 5 5 9 4 11 2 12 6 3 8 4 7 6 8 9 4 10 9 14 7 8 7 7 4 6 2 10 5 6 8 0 8 6 3 6 8 3 
5 0 2 3 1 5 2 3 2 4 4 4 4 1 0 3 1 5 4 3 2 2 4 1 4 3 5 5 4 4 0 3 4 2 4 2 5 3 4 3 6 2 2 3 3 5 3 2 5 3 
8 11 13 9 5 5 6 13 5 9 9 7 7 12 5 11 14 10 4 10 15 9 6 10 13 6 9 5 14 12 16 8 10 7 9 11 7 15 6 10 5 12 8 10 8 5 13 10 8 9 
7 5 10 7 3 6 7 5 7 7 6 5 7 8 5 3 2 4 5 1 1 1 3 6 8 6 5 7 5 8 8 7 6 3 9 5 5 8 9 4 7 7 7 7 7 11 6 9 3 8 
1 0 1 2 3 4 2 1 5 2 3 1 0 1 4 3 2 1 2 1 1 4 2 0 0 0 4 2 3 3 2 2 3 1 2 2 1 4 1 1 3 3 1 2 3 2 5 2 2 2 
11 7 6 8 9 8 10 8 12 9 9 4 1 9 7 8 8 6 11 4 11 12 11 10 4 9 8 10 8 15 8 9 7 11 9 8 8 8 12 7 12 7 11 13 8 4 8 8 11 11 
1 1 0 2 3 3 3 1 1 1 3 3 2 4 4 1 1 1 3 3 2 1 2 0 2 4 2 4 2 0 1 1 4 1 0 2 3 4 2 3 2 2 1 0 4 2 2 3 2 2 
10 9 11 12 8 11 8 10 8 16 5 9 13 11 14 14 7 5 10 15 10 7 4 10 7 7 10 8 9 8 9 7 9 8 12 11 10 11 12 9 6 12 12 10 11 9 10 10 9 14 
6 9 14 4 6 4 0 9 11 11 11 7 6 4 0 5 11 2 8 7 9 9 8 7 10 6 7 10 10 8 2 7 10 4 12 7 9 10 8 7 10 4 4 5 5 7 4 10 5 6 
1 1 1 1 1 0 3 3 2 0 1 2 1 2 1 1 2 2 1 1 2 1 0 1 1 1 3 1 2 0 2 2 1 0 1 0 1 1 2 2 1 2 3 1 2 2 0 2 2 0 
DEPOT_SECTION
 1
 -1
EOF
