NAME  : Parada_30_2_0.95_1.00_3
TYPE : SVRP
MODEL : FINITE_SUPPORT
NUMBER_OF_SCENARIOS : 50
DIMENSION : 30
EDGE_WEIGHT_TYPE : MATRIX
CAPACITY : 93
N_VEHICLES : 2
NODE_COORD_SECTION
1 168280 319130
2 322740 400670
3 253090 29841
4 147050 31659
5 274980 162610
6 110860 574380
7 169000 18
8 387510 520090
9 257820 457550
10 182680 17131
11 233160 3206
12 196080 121130
13 340480 46022
14 331770 622190
15 242910 589190
16 318260 168130
17 450890 305700
18 272300 263340
19 27 550180
20 161370 667520
21 246480 549860
22 251560 554220
23 183910 318550
24 321970 574640
25 186440 603400
26 273520 2464
27 322570 252050
28 134860 452060
29 233990 102820
30 289690 69186
DEMAND_SECTION
1 0.0
2 7.0
3 7.0
4 10.0
5 5.0
6 7.0
7 1.0
8 2.0
9 1.0
10 8.0
11 9.0
12 6.0
13 7.0
14 10.0
15 5.0
16 10.0
17 6.0
18 1.0
19 10.0
20 7.0
21 8.0
22 3.0
23 10.0
24 5.0
25 8.0
26 9.0
27 1.0
28 1.0
29 3.0
30 10.0
DISTANCE_MATRIX
0.0 14.3178 57.4891 45.732 35.3836 42.7205 39.1971 61.3107 56.8608 44.1805 32.3933 46.6154 39.5601 35.3571 25.7099 23.3452 50.01 32.28 46.6476 53.6393 26.095 44.7809 3.16228 53.5831 49.7393 28.4542 39.2173 50.4642 47.3814 55.2268 
14.3178 0.0 64.8845 58.4549 42.9535 48.3735 51.9201 56.3489 43.7107 56.9034 45.1163 55.1543 51.2445 34.4885 16.9706 31.6228 45.607 33.3017 32.45 52.811 32.0156 38.9487 17.4642 47.4992 38.8973 41.1771 40.4599 37.3141 54.2033 61.0328 
57.4891 64.8845 0.0 46.0977 22.2036 94.9516 43.9318 117.316 107.699 48.5077 39.2173 11.6619 26.6833 92.7839 81.3019 34.2053 46.8402 35.5106 85.0 111.066 84.2234 101.257 55.9017 110.059 69.2604 41.5933 31.0 101.237 10.7703 8.06226 
45.732 58.4549 46.0977 0.0 36.2491 58.2495 6.7082 97.7468 97.5937 4.47214 13.4536 36.1248 20.2237 63.9829 84.1835 34.6554 72.4224 51.225 88.4532 79.3435 52.314 77.778 42.988 86.9184 84.0238 18.3576 53.8516 95.5906 42.5793 50.1597 
35.3836 42.9535 22.2036 36.2491 0.0 73.8801 31.3209 95.1325 86.1097 36.6879 24.5153 12.3693 17.6918 70.7254 59.1692 12.0416 37.4833 18.3848 66.0 89.0076 63.1455 79.0571 33.9706 87.8592 54.4243 24.0208 18.3848 79.712 12.0416 20.2485 
42.7205 48.3735 94.9516 58.2495 73.8801 0.0 55.8176 46.8402 49.93 53.8238 64.841 83.4866 72.4312 17.8045 40.5096 62.7694 92.1954 74.7682 74.1051 23.0868 17.1172 28.6531 42.2189 35.4401 86.885 60.9019 81.5005 57.3149 85.7442 94.1128 
39.1971 51.9201 43.9318 6.7082 31.3209 55.8176 0.0 100.612 99.2637 5.38516 7.2111 33.1361 17.2627 61.5389 64.8761 28.4253 66.5733 45.2217 81.9183 76.8995 49.87 75.3341 36.4531 84.4744 77.4919 11.6619 48.3011 89.0557 39.0128 47.0425 
61.3107 56.3489 117.316 97.7468 95.1325 46.8402 100.612 0.0 14.3178 93.3097 93.8085 107.317 101.244 34.0147 39.2584 83.1105 94.0319 86.8398 54.3415 26.6271 47.7047 20.025 63.9641 11.4018 76.896 89.8694 93.6379 26.1725 107.027 114.57 
56.8608 43.7107 107.699 97.5937 86.1097 49.93 99.2637 14.3178 0.0 93.1566 92.4599 98.4241 94.4396 33.6155 38.3566 75.1257 80.8022 74.2017 40.025 34.6699 47.5516 21.4009 62.8141 18.7883 62.7694 88.5207 80.9997 12.0 96.9404 103.25 
44.1805 56.9034 48.5077 4.47214 36.6879 53.8238 5.38516 93.3097 93.1566 0.0 12.53 38.0132 22.0227 59.5458 79.7464 33.6006 71.8679 50.4777 86.9017 74.9064 47.8769 73.341 41.4365 82.4813 82.4753 16.2788 53.6656 99.3699 44.1022 52.0 
32.3933 45.1163 39.2173 13.4536 24.5153 64.841 7.2111 93.8085 92.4599 12.53 0.0 27.8927 13.0384 66.9363 58.0723 21.2603 59.3633 38.0132 75.1145 85.2185 55.5153 77.5785 29.6493 86.3806 70.6045 6.0 41.1461 82.2519 33.1361 41.4367 
46.6154 55.1543 11.6619 36.1248 12.3693 83.4866 33.1361 107.317 98.4241 38.0132 27.8927 0.0 16.0 81.8145 71.1196 23.7065 45.2769 29.2746 78.0577 100.097 72.7584 92.4566 44.8219 99.5894 65.0 29.9666 26.9258 92.0272 7.2111 14.0357 
39.5601 51.2445 26.6833 20.2237 17.6918 72.4312 17.2627 101.244 94.4396 22.0227 13.0384 16.0 0.0 74.5265 65.2534 21.587 55.1543 35.2278 79.0759 92.8087 63.1055 85.165 37.0 93.9672 70.6612 17.0294 36.0694 88.5543 22.3607 30.0167 
35.3571 34.4885 92.7839 63.9829 70.7254 17.8045 61.5389 34.0147 33.6155 59.5458 66.9363 81.8145 74.5265 0.0 23.0868 58.6983 82.6475 67.2361 56.6633 20.0 13.9408 14.0 37.1223 23.3452 71.3442 62.9971 74.3263 39.8246 82.74 90.622 
25.7099 16.9706 81.3019 84.1835 59.1692 40.5096 64.8761 39.2584 38.3566 79.7464 58.0723 71.1196 65.2534 23.0868 0.0 47.4131 60.9262 50.2494 33.5958 38.3275 31.8808 23.1042 28.4429 31.5308 49.0 54.1331 57.3847 31.9599 70.7248 77.801 
23.3452 31.6228 34.2053 34.6554 12.0416 62.7694 28.4253 83.1105 75.1257 33.6006 21.2603 23.7065 21.587 58.6983 47.4131 0.0 38.4708 17.0 57.5587 76.9806 51.9377 67.1331 22.0227 75.9352 49.93 18.0155 21.3776 68.7291 24.0416 32.0156 
50.01 45.607 46.8402 72.4224 37.4833 92.1954 66.5733 94.0319 80.8022 71.8679 59.3633 45.2769 55.1543 82.6475 60.9262 38.4708 0.0 21.4709 46.8722 98.3717 75.1066 83.9345 51.1566 91.799 25.0 56.4777 19.105 71.5052 38.9102 39.0512 
32.28 33.3017 35.5106 51.225 18.3848 74.7682 45.2217 86.8398 74.2017 50.4777 38.0132 29.2746 35.2278 67.2361 50.2494 17.0 21.4709 0.0 49.4975 85.2659 63.8135 71.8471 32.5576 80.5709 36.0555 35.01 7.2111 67.2309 25.0799 29.7321 
46.6476 32.45 85.0 88.4532 66.0 74.1051 81.9183 54.3415 40.025 86.9017 75.1145 78.0577 79.0759 56.6633 33.5958 57.5587 46.8722 49.4975 0.0 68.7314 60.4685 52.6118 49.7393 56.0089 24.2074 71.1753 54.5711 28.4605 74.5453 78.8543 
53.6393 52.811 111.066 79.3435 89.0076 23.0868 76.8995 26.6271 34.6699 74.9064 85.2185 100.097 92.8087 20.0 38.3275 76.9806 98.3717 85.2659 68.7314 0.0 31.4006 16.1245 55.4045 16.2788 87.1436 81.2794 92.4759 45.1885 101.022 108.904 
26.095 32.0156 84.2234 52.314 63.1455 17.1172 49.87 47.7047 47.5516 47.8769 55.5153 72.7584 63.1055 13.9408 31.8808 51.9377 75.1066 63.8135 60.4685 31.4006 0.0 27.7359 31.2642 36.8841 70.8802 51.5761 70.5458 53.7649 74.9498 83.3614 
44.7809 38.9487 101.257 77.778 79.0571 28.6531 75.3341 20.025 21.4009 73.341 77.5785 92.4566 85.165 14.0 23.1042 67.1331 83.9345 71.8471 52.6118 16.1245 27.7359 0.0 47.7645 9.84886 71.3449 73.6393 79.0569 30.2324 90.8191 98.1962 
3.16228 17.4642 55.9017 42.988 33.9706 42.2189 36.4531 63.9641 62.8141 41.4365 29.6493 44.8219 37.0 37.1223 28.4429 22.0227 51.1566 32.5576 49.7393 55.4045 31.2642 47.7645 0.0 56.5666 52.1536 25.7101 39.2938 53.5779 46.0109 54.037 
53.5831 47.4992 110.059 86.9184 87.8592 35.4401 84.4744 11.4018 18.7883 82.4813 86.3806 99.5894 93.9672 23.3452 31.5308 75.9352 91.799 80.5709 56.0089 16.2788 36.8841 9.84886 56.5666 0.0 76.6877 82.4415 87.7731 30.0832 99.6213 106.998 
49.7393 38.8973 69.2604 84.0238 54.4243 86.885 77.4919 76.896 62.7694 82.4753 70.6045 65.0 70.6612 71.3442 49.0 49.93 25.0 36.0555 24.2074 87.1436 70.8802 71.3449 52.1536 76.6877 0.0 66.749 38.4708 51.8845 59.8415 62.0322 
28.4542 41.1771 41.5933 18.3576 24.0208 60.9019 11.6619 89.8694 88.5207 16.2788 6.0 29.9666 17.0294 62.9971 54.1331 18.0155 56.4777 35.01 71.1753 81.2794 51.5761 73.6393 25.7101 82.4415 66.749 0.0 38.9082 78.3127 34.2053 42.72 
39.2173 40.4599 31.0 53.8516 18.3848 81.5005 48.3011 93.6379 80.9997 53.6656 41.1461 26.9258 36.0694 74.3263 57.3847 21.3776 19.105 7.2111 54.5711 92.4759 70.5458 79.0569 39.2938 87.7731 38.4708 38.9082 0.0 73.7835 21.3776 24.3311 
50.4642 37.3141 101.237 95.5906 79.712 57.3149 89.0557 26.1725 12.0 99.3699 82.2519 92.0272 88.5543 39.8246 31.9599 68.7291 71.5052 67.2309 28.4605 45.1885 53.7649 30.2324 53.5779 30.0832 51.8845 78.3127 73.7835 0.0 90.471 96.6023 
47.3814 54.2033 10.7703 42.5793 12.0416 85.7442 39.0128 107.027 96.9404 44.1022 33.1361 7.2111 22.3607 82.74 70.7248 24.0416 38.9102 25.0799 74.5453 101.022 74.9498 90.8191 46.0109 99.6213 59.8415 34.2053 21.3776 90.471 0.0 8.544 
55.2268 61.0328 8.06226 50.1597 20.2485 94.1128 47.0425 114.57 103.25 52.0 41.4367 14.0357 30.0167 90.622 77.801 32.0156 39.0512 29.7321 78.8543 108.904 83.3614 98.1962 54.037 106.998 62.0322 42.72 24.3311 96.6023 8.544 0.0 
DEMAND_SCENARIO_SECTION
0 0 0 0 0 0 0 0 0 0 0 0 0 0 0 0 0 0 0 0 0 0 0 0 0 0 0 0 0 0 0 0 0 0 0 0 0 0 0 0 0 0 0 0 0 0 0 0 0 0 
8 9 6 4 9 2 10 3 6 6 10 4 11 7 3 5 7 3 7 8 10 10 6 9 9 4 10 5 9 8 8 3 8 8 11 7 5 12 5 10 8 2 7 4 6 6 9 10 9 7 
5 8 6 1 6 6 6 8 8 6 7 15 10 6 7 5 7 8 6 10 5 8 10 8 6 9 11 11 8 7 6 13 8 0 8 6 11 6 4 5 10 8 9 8 11 7 8 7 15 10 
13 2 7 8 10 10 12 9 8 14 7 9 12 6 7 13 9 13 7 9 6 9 8 2 11 11 12 10 8 11 6 12 5 10 10 10 10 10 10 9 14 10 8 7 12 7 14 13 11 8 
6 5 9 5 3 0 4 6 2 5 7 2 0 3 6 7 8 4 7 3 6 5 7 7 5 5 5 6 5 6 5 3 5 6 7 4 6 5 4 5 4 4 10 5 7 4 3 5 3 2 
3 9 8 8 5 8 2 7 8 9 5 10 5 7 5 6 7 9 3 5 5 4 0 3 7 1 4 8 8 7 4 7 4 7 2 6 8 11 5 9 8 3 13 5 6 12 7 4 6 10 
0 2 2 1 2 1 2 1 2 2 1 1 0 1 3 3 2 1 1 2 0 1 1 0 3 1 2 0 1 0 2 0 1 2 1 1 1 3 2 2 0 2 2 1 3 1 0 2 1 0 
2 0 4 2 1 2 1 2 2 3 0 4 5 3 2 1 3 2 6 6 0 0 0 2 1 5 2 2 0 3 5 2 3 0 1 1 3 2 1 1 3 0 1 3 2 3 1 2 2 3 
0 1 1 1 2 2 1 0 1 2 1 0 1 1 1 0 1 1 2 1 0 0 0 0 2 1 1 1 0 2 0 3 2 1 2 2 3 0 0 1 1 0 1 2 1 3 1 1 1 0 
7 8 8 7 11 7 6 11 6 9 7 3 7 7 12 8 12 12 13 4 10 14 13 6 7 9 8 7 9 6 7 7 7 4 7 11 11 8 6 13 6 3 9 10 10 9 5 9 13 8 
11 7 11 6 6 10 11 3 7 9 9 5 6 10 10 13 12 8 11 8 12 11 5 5 11 1 10 8 5 6 15 10 9 9 10 11 4 8 15 9 13 5 11 7 11 9 12 7 5 9 
6 8 8 7 7 8 4 6 1 6 9 5 9 6 8 2 5 4 5 4 7 7 5 2 4 6 9 4 10 4 9 9 4 4 6 6 9 4 5 7 10 2 11 8 7 6 5 6 8 7 
8 7 6 13 7 9 8 9 4 7 7 9 4 4 7 4 11 5 5 7 3 8 7 6 6 4 7 7 6 3 10 7 8 7 7 9 6 7 1 2 9 9 2 5 6 10 9 10 7 11 
9 9 8 15 11 11 9 10 10 6 16 4 10 11 11 10 7 6 9 6 11 9 7 11 13 10 8 15 11 10 8 9 7 11 6 9 14 7 6 8 6 2 11 8 7 13 12 14 8 8 
2 8 4 5 8 8 5 5 3 5 5 5 2 9 1 8 7 5 1 3 3 7 10 7 6 7 8 3 4 4 2 4 7 4 5 3 2 8 3 6 4 2 6 2 3 8 7 7 0 7 
14 13 7 6 9 11 9 1 5 13 14 11 13 12 8 10 10 10 3 9 15 7 8 10 11 11 7 6 12 11 8 6 14 10 15 18 9 15 11 13 11 17 14 14 12 8 14 12 10 6 
8 8 5 7 3 1 9 8 8 5 9 5 5 0 7 8 4 7 1 9 2 5 6 9 5 5 11 6 8 5 3 4 7 0 8 5 8 6 4 5 4 4 7 9 8 1 5 5 5 7 
0 0 0 1 0 1 1 2 2 0 0 1 1 1 1 0 0 2 1 0 1 0 0 1 1 1 1 0 2 2 0 2 2 0 1 1 0 1 1 3 2 0 1 0 1 2 0 0 0 2 
9 8 7 15 12 12 11 12 11 7 9 10 13 9 9 8 9 12 12 9 9 14 11 12 6 10 10 11 8 14 13 10 7 13 6 9 7 8 9 13 14 11 7 13 7 10 13 14 14 11 
8 9 5 10 8 4 5 8 10 6 11 8 7 7 10 6 7 4 6 10 7 6 7 11 6 6 6 3 11 2 4 9 6 6 4 10 6 9 6 5 7 8 3 4 13 3 8 6 4 7 
4 5 8 3 5 8 4 11 8 3 9 6 11 6 8 0 6 13 12 11 10 10 9 7 4 8 9 14 4 5 9 12 3 7 10 8 9 0 15 7 11 10 9 10 6 7 11 8 8 11 
4 4 2 3 3 4 3 2 3 5 0 2 4 4 4 3 5 1 4 3 2 2 3 4 4 4 3 2 4 4 3 2 5 5 3 2 1 1 3 1 6 2 6 3 4 4 0 0 6 1 
10 12 8 9 10 10 11 14 15 3 3 12 3 11 10 5 19 7 8 8 7 6 17 14 12 6 8 17 8 10 6 18 15 15 8 13 13 11 8 13 11 9 9 8 10 17 15 12 8 11 
2 7 3 6 5 3 8 8 3 10 5 7 4 6 6 5 2 1 5 6 5 5 4 7 4 4 6 5 6 8 4 5 5 5 4 5 2 6 8 3 7 9 1 4 6 4 5 5 8 8 
10 8 6 4 13 9 9 7 11 6 7 6 12 2 10 7 10 7 10 6 10 5 10 6 7 7 9 7 8 4 5 2 13 6 13 11 8 8 8 11 12 8 10 5 6 1 16 6 11 4 
8 10 10 8 9 6 8 9 2 10 8 13 11 5 12 11 9 7 13 10 11 0 15 5 7 6 6 4 11 12 11 10 13 8 9 11 5 4 12 11 11 9 9 7 5 8 10 5 9 7 
3 1 0 0 1 0 1 1 1 1 1 0 2 0 0 0 1 1 2 0 1 0 2 0 1 1 0 2 0 2 0 0 1 2 0 0 0 1 2 1 1 0 1 0 2 2 1 1 2 1 
3 0 2 1 1 1 0 2 0 1 2 1 0 1 3 2 0 1 0 0 1 0 2 2 0 1 3 1 1 2 2 1 1 2 0 0 1 1 2 3 1 1 0 2 0 1 1 1 0 0 
4 2 1 3 2 3 4 2 3 4 6 2 2 3 6 6 4 4 7 5 3 6 3 6 4 4 6 4 0 3 3 5 6 5 3 7 4 1 7 6 6 3 6 1 2 2 4 2 5 7 
14 13 9 13 5 11 7 16 9 6 7 16 10 5 10 11 6 12 6 9 11 9 13 13 11 10 13 5 10 15 10 13 11 9 10 14 9 10 12 14 10 11 12 10 13 7 18 7 10 10 
DEPOT_SECTION
 1
 -1
EOF
