NAME  : Parada_30_2_0.95_1.00_1
TYPE : SVRP
MODEL : FINITE_SUPPORT
NUMBER_OF_SCENARIOS : 50
DIMENSION : 30
EDGE_WEIGHT_TYPE : MATRIX
CAPACITY : 88
N_VEHICLES : 2
NODE_COORD_SECTION
1 99771 166120
2 346880 270200
3 100790 89405
4 77112 468120
5 266000 244030
6 68850 434670
7 489860 18
8 539920 86323
9 154190 215170
10 325360 172320
11 245570 199260
12 169780 237030
13 553810 148620
14 608890 272420
15 199790 378840
16 305250 86877
17 373190 138180
18 27 309580
19 401590 471400
20 116760 145730
21 95487 261140
22 20331 267140
23 420410 526510
24 255560 310020
25 258790 368550
26 302540 43775
27 347750 277490
28 323390 149590
29 161600 328490
30 599570 152070
DEMAND_SECTION
1 0.0
2 2.0
3 9.0
4 9.0
5 5.0
6 5.0
7 2.0
8 5.0
9 5.0
10 7.0
11 10.0
12 6.0
13 4.0
14 6.0
15 1.0
16 4.0
17 9.0
18 4.0
19 10.0
20 6.0
21 3.0
22 10.0
23 6.0
24 6.0
25 4.0
26 9.0
27 5.0
28 10.0
29 6.0
30 1.0
DISTANCE_MATRIX
0.0 20.6542 34.176 57.8652 40.2659 60.4173 66.949 50.9019 41.4849 35.0764 50.0651 19.6977 58.1799 60.4162 23.0 39.3963 35.776 52.0096 47.5079 25.7099 52.8394 53.1507 52.8015 40.7938 57.9974 44.7372 21.2172 43.0559 28.9674 58.0409 
20.6542 0.0 41.2311 37.8021 30.6069 40.8167 70.8617 60.6319 40.1123 22.3607 37.2156 18.9737 68.6627 80.4978 26.9258 24.4131 16.0312 54.1202 61.6852 32.0156 60.959 53.9351 63.2601 37.0624 49.2443 27.8568 1.0 23.1948 28.8617 70.6385 
34.176 41.2311 0.0 79.0253 32.4721 81.8413 42.72 38.2099 24.3516 42.4222 45.0 24.4131 46.0977 61.5549 56.2939 53.4558 53.5215 22.8254 68.0792 9.21954 19.799 26.4008 76.6551 33.0 47.8017 60.5576 42.0119 60.5847 62.9492 49.0033 
57.8652 37.8021 79.0253 0.0 62.3618 5.38516 103.884 87.837 74.8939 51.6624 62.1289 56.0803 94.9464 92.8409 37.6563 44.1022 29.8329 90.5865 73.0068 69.814 98.7168 89.6467 70.0357 70.4599 75.06 40.1123 37.0135 27.0 30.0666 90.4656 
40.2659 30.6069 32.4721 62.3618 0.0 66.7083 74.1069 66.2135 13.4536 10.7703 13.1529 20.5967 74.2504 88.7785 61.8755 21.2603 32.573 30.4138 86.8927 27.5589 48.744 28.0179 92.6764 9.47214 20.5183 28.2843 31.5802 37.1214 59.4686 76.2262 
60.4173 40.8167 81.8413 5.38516 66.7083 0.0 104.199 87.4724 79.0759 56.0892 67.0298 59.4811 94.7504 91.7841 37.0 49.0102 34.3657 94.1805 71.1126 72.6705 101.4 93.5832 67.3647 74.6419 80.0062 45.2769 39.9625 32.0624 28.8617 89.4088 
66.949 70.8617 42.72 103.884 74.1069 104.199 0.0 16.2788 67.0671 84.057 86.6348 60.0083 15.8114 30.0666 66.6577 88.1885 85.9835 61.8547 50.5964 46.6905 38.9487 66.5733 62.2977 74.6348 90.4434 93.298 71.4248 93.2634 75.1802 23.4094 
50.9019 60.6319 38.2099 87.837 66.2135 87.4724 16.2788 0.0 61.2944 73.4072 78.7414 49.8928 8.06226 23.6008 50.6106 77.9587 75.7537 60.3075 37.2156 38.9487 42.3792 64.3817 48.7166 66.7414 83.6481 83.0682 61.1949 83.0335 59.1331 11.7047 
41.4849 40.1123 24.3516 74.8939 13.4536 79.0759 67.0671 61.2944 0.0 23.8537 23.4094 22.2036 69.3397 84.2272 64.1055 34.7131 45.2809 16.9706 85.6281 22.6716 37.4833 14.7648 92.8897 14.434 23.5372 41.7253 41.1096 50.2506 68.1175 71.675 
35.0764 22.3607 42.4222 51.6624 10.7703 56.0892 84.057 73.4072 23.8537 0.0 15.0 27.2285 81.4381 94.92 49.2443 11.6619 21.8403 40.671 82.0232 37.509 58.6941 38.5876 87.6769 19.4222 26.9258 18.868 23.2594 26.4197 50.9215 85.0607 
50.0651 37.2156 45.0 62.1289 13.1529 67.0298 86.6348 78.7414 23.4094 15.0 0.0 33.1245 86.7782 101.306 64.1405 18.0278 33.1361 39.4462 97.0118 40.0868 60.6383 35.805 102.666 22.0 13.0384 23.0868 38.0789 35.2278 65.3911 88.7541 
19.6977 18.9737 24.4131 56.0803 20.5967 59.4811 60.0083 49.8928 22.2036 27.2285 33.1245 0.0 57.9237 72.4518 42.0635 31.7799 29.4496 35.171 66.3359 15.6525 44.0454 35.2278 72.111 21.1245 38.3281 36.8894 19.9249 36.5128 46.0109 59.8995 
58.1799 68.6627 46.0977 94.9464 74.2504 94.7504 15.8114 8.06226 69.3397 81.4381 86.7782 57.9237 0.0 16.5529 56.8407 85.9895 83.7846 67.9412 34.7851 47.0106 48.7545 72.1249 46.4866 74.7782 91.7061 90.1716 69.2258 91.0644 65.4403 7.61577 
60.4162 80.4978 61.5549 92.8409 88.7785 91.7841 30.0666 23.6008 84.2272 94.92 101.306 72.4518 16.5529 0.0 55.2433 99.4714 95.6196 83.8689 25.4558 61.6565 65.307 87.8635 36.4005 89.3064 106.265 104.581 81.0608 94.8473 62.9388 12.8062 
23.0 26.9258 56.2939 37.6563 61.8755 37.0 66.6577 50.6106 64.1055 49.2443 64.1405 42.0635 56.8407 55.2433 0.0 50.2494 37.2022 75.0067 36.8782 48.3735 74.3483 76.1052 37.2156 62.4034 76.0316 51.8556 26.0768 42.0595 8.60233 52.8681 
39.3963 24.4131 53.4558 44.1022 21.2603 49.0102 88.1885 77.9587 34.7131 11.6619 18.0278 31.7799 85.9895 99.4714 50.2494 0.0 15.5242 51.6624 86.343 46.7765 69.7277 49.2037 86.8522 30.4558 31.0 7.2111 25.0 17.2627 49.93 89.6122 
35.776 16.0312 53.5215 29.8329 32.573 34.3657 85.9835 75.7537 45.2809 21.8403 33.1361 29.4496 83.7846 95.6196 37.2022 15.5242 0.0 62.0957 72.8214 44.4462 73.2825 60.0337 74.3303 40.8469 46.1736 14.8661 16.0 7.28011 35.4683 85.7604 
52.0096 54.1202 22.8254 90.5865 30.4138 94.1805 61.8547 60.3075 16.9706 40.671 39.4462 35.171 67.9412 83.8689 75.0067 51.6624 62.0957 0.0 90.3909 27.4591 25.7099 5.09902 98.9798 31.2488 35.6931 58.6941 55.0818 67.0655 80.399 71.4003 
47.5079 61.6852 68.0792 73.0068 86.8927 71.1126 50.5964 37.2156 85.6281 82.0232 97.0118 66.3359 34.7851 25.4558 36.8782 86.343 72.8214 90.3909 0.0 63.573 77.6466 93.1808 11.7047 87.4206 104.624 87.2406 60.8532 78.2063 43.1045 27.2029 
25.7099 32.0156 9.21954 69.814 27.5589 72.6705 46.6905 38.9487 22.6716 37.509 40.0868 15.6525 47.0106 61.6565 48.3735 46.7765 44.4462 27.4591 63.573 0.0 29.0 29.7321 71.8811 28.0868 44.7214 51.8861 32.8024 51.5094 54.6582 49.1042 
52.8394 60.959 19.799 98.7168 48.744 101.4 38.9487 42.3792 37.4833 58.6941 60.6383 44.0454 48.7545 65.307 74.3483 69.7277 73.2825 25.7099 77.6466 29.0 0.0 30.8058 88.2043 49.2719 60.0083 76.8295 61.7171 80.3457 81.1699 54.0833 
53.1507 53.9351 26.4008 89.6467 28.0179 93.5832 66.5733 64.3817 14.7648 38.5876 35.805 35.2278 72.1249 87.8635 76.1052 49.2037 60.0337 5.09902 93.1808 29.7321 30.8058 0.0 101.592 29.1868 31.0483 56.0803 54.9181 65.0 81.0555 75.3334 
52.8015 63.2601 76.6551 70.0357 92.6764 67.3647 62.2977 48.7166 92.8897 87.6769 102.666 72.111 46.4866 36.4005 37.2156 86.8522 74.3303 98.9798 11.7047 71.8811 88.2043 101.592 0.0 93.2043 110.408 88.8156 62.4281 79.2591 41.4367 38.8973 
40.7938 37.0624 33.0 70.4599 9.47214 74.6419 74.6348 66.7414 14.434 19.4222 22.0 21.1245 74.7782 89.3064 62.4034 30.4558 40.8469 31.2488 87.4206 28.0868 49.2719 29.1868 93.2043 0.0 27.2036 37.5576 38.0606 45.8167 65.6712 76.7541 
57.9974 49.2443 47.8017 75.06 20.5183 80.0062 90.4434 83.6481 23.5372 26.9258 13.0384 38.3281 91.7061 106.265 76.0316 31.0 46.1736 35.6931 104.624 44.7214 60.0083 31.0483 110.408 27.2036 0.0 35.5106 50.1597 48.0937 77.8332 93.7129 
44.7372 27.8568 60.5576 40.1123 28.2843 45.2769 93.298 83.0682 41.7253 18.868 23.0868 36.8894 90.1716 104.581 51.8556 7.2111 14.8661 58.6941 87.2406 51.8861 76.8295 56.0803 88.8156 37.5576 35.5106 0.0 28.2312 13.3417 50.3289 94.7215 
21.2172 1.0 42.0119 37.0135 31.5802 39.9625 71.4248 61.1949 41.1096 23.2594 38.0789 19.9249 69.2258 81.0608 26.0768 25.0 16.0 55.0818 60.8532 32.8024 61.7171 54.9181 62.4281 38.0606 50.1597 28.2312 0.0 23.0868 27.8927 71.2016 
43.0559 23.1948 60.5847 27.0 37.1214 32.0624 93.2634 83.0335 50.2506 26.4197 35.2278 36.5128 91.0644 94.8473 42.0595 17.2627 7.28011 67.0655 78.2063 51.5094 80.3457 65.0 79.2591 45.8167 48.0937 13.3417 23.0868 0.0 39.0512 93.0402 
28.9674 28.8617 62.9492 30.0666 59.4686 28.8617 75.1802 59.1331 68.1175 50.9215 65.3911 46.0109 65.4403 62.9388 8.60233 49.93 35.4683 80.399 43.1045 54.6582 81.1699 81.0555 41.4367 65.6712 77.8332 50.3289 27.8927 39.0512 0.0 60.5635 
58.0409 70.6385 49.0033 90.4656 76.2262 89.4088 23.4094 11.7047 71.675 85.0607 88.7541 59.8995 7.61577 12.8062 52.8681 89.6122 85.7604 71.4003 27.2029 49.1042 54.0833 75.3334 38.8973 76.7541 93.7129 94.7215 71.2016 93.0402 60.5635 0.0 
DEMAND_SCENARIO_SECTION
0 0 0 0 0 0 0 0 0 0 0 0 0 0 0 0 0 0 0 0 0 0 0 0 0 0 0 0 0 0 0 0 0 0 0 0 0 0 0 0 0 0 0 0 0 0 0 0 0 0 
1 2 2 5 0 0 3 0 1 3 0 5 3 4 5 2 4 3 1 3 4 4 1 2 2 1 4 0 3 2 3 2 2 5 2 3 2 0 3 1 4 3 4 1 3 1 5 1 2 2 
3 11 10 5 15 8 9 5 6 8 8 7 15 11 10 7 15 5 11 14 7 12 14 12 15 12 13 5 1 7 9 14 12 2 7 8 16 6 9 9 8 8 6 5 6 9 7 6 6 10 
5 10 8 7 10 9 10 5 11 8 9 8 7 14 11 8 7 11 5 13 10 9 11 6 13 5 13 7 5 7 8 7 9 14 7 1 12 11 7 13 14 9 10 7 2 6 7 5 12 7 
1 4 6 4 1 6 5 6 5 2 1 6 8 7 7 2 0 5 9 3 4 3 6 6 9 2 6 8 3 2 4 3 6 6 5 10 4 4 2 7 2 5 7 1 5 5 6 6 10 4 
8 5 5 5 6 4 0 2 6 4 2 7 1 4 3 3 11 5 8 6 7 6 3 6 4 8 7 5 7 7 9 7 3 1 9 5 6 1 10 3 6 5 7 6 2 4 3 9 3 2 
1 0 0 2 2 1 2 6 2 3 4 0 4 2 3 1 1 0 2 3 2 2 0 2 3 1 3 1 2 1 2 4 4 4 0 5 1 0 3 1 2 2 2 3 1 1 1 4 1 0 
3 4 4 6 3 7 5 6 8 5 6 6 4 8 4 5 4 5 4 7 6 4 5 0 7 8 4 7 4 1 7 5 6 6 7 6 6 5 5 5 3 2 6 4 9 7 5 8 5 5 
6 0 6 8 4 3 9 3 7 8 7 13 9 8 4 4 5 5 4 5 4 10 7 4 4 8 3 7 8 1 9 8 8 9 4 4 4 8 6 2 7 8 2 5 4 10 6 3 7 1 
5 10 6 3 10 6 10 7 9 5 4 8 5 7 5 4 7 10 11 6 6 6 7 9 9 6 5 4 7 7 9 4 8 6 9 5 12 11 2 2 9 9 7 7 8 7 2 11 7 7 
8 8 7 8 8 7 6 10 10 11 6 14 18 9 15 14 16 10 11 8 7 10 6 9 9 11 11 7 14 17 18 9 10 9 12 13 12 14 8 7 8 14 13 10 8 10 11 13 5 12 
3 7 4 7 5 10 3 10 7 11 2 7 10 8 6 2 5 2 5 8 10 9 6 3 8 10 5 11 6 9 9 3 8 10 4 12 8 4 11 5 1 7 7 5 6 4 5 1 7 8 
6 3 5 8 4 1 6 4 3 4 6 4 1 5 1 7 1 2 9 2 6 6 2 2 1 0 7 1 0 6 5 7 4 5 4 3 3 4 5 4 0 3 5 4 6 4 4 3 5 2 
4 6 8 12 8 6 7 7 8 7 11 3 8 7 10 7 5 4 10 4 4 9 3 8 3 4 6 4 1 8 5 5 8 6 7 1 6 7 3 4 7 1 3 8 5 7 1 6 8 8 
0 1 1 2 1 0 0 0 2 0 1 2 3 3 2 1 2 0 0 1 0 0 1 1 2 0 0 0 1 1 0 1 0 3 0 0 1 0 2 1 0 1 1 0 1 1 1 1 1 1 
5 4 4 0 3 2 4 5 3 6 8 5 1 2 5 3 7 4 0 4 7 0 7 3 4 0 6 3 5 3 8 3 5 0 0 4 7 10 1 4 8 4 3 3 5 2 6 4 7 2 
15 6 3 6 8 6 10 8 8 10 8 10 9 12 5 6 10 11 9 9 9 9 10 22 7 5 5 7 14 14 10 14 8 16 4 6 4 11 8 12 5 14 6 7 8 11 18 11 13 4 
5 2 4 2 5 9 4 3 5 4 6 4 2 4 6 4 7 5 3 4 1 6 5 6 4 7 4 5 4 4 6 2 0 4 5 2 6 6 6 4 4 0 4 8 6 5 4 0 3 3 
12 15 12 15 6 10 6 16 9 7 12 6 10 8 1 9 6 17 9 3 9 10 4 14 11 15 11 7 5 12 13 14 13 11 11 14 12 9 7 13 15 5 9 6 12 8 6 7 14 8 
2 2 4 8 8 5 9 8 7 7 2 5 6 9 3 4 3 5 7 8 1 5 5 10 5 5 8 5 7 7 10 6 7 10 4 1 4 8 4 6 7 8 10 5 5 3 7 7 5 4 
5 6 4 2 4 3 4 4 8 5 1 5 0 2 2 6 0 4 2 1 2 1 5 3 3 6 4 2 3 4 4 4 4 2 6 6 1 3 5 5 5 6 0 1 4 5 2 4 5 4 
7 10 9 11 17 7 9 10 10 10 9 11 13 11 15 7 12 9 11 10 7 8 12 9 8 4 12 6 7 9 15 14 8 9 7 8 11 11 10 7 11 9 11 14 13 10 6 13 12 14 
4 4 7 2 10 6 8 3 5 7 0 10 6 8 6 4 9 8 3 7 5 8 3 8 13 5 6 9 6 3 8 4 7 10 10 3 7 7 2 1 10 6 8 2 3 7 6 2 6 5 
4 7 7 2 6 7 5 1 8 10 5 9 9 4 7 7 2 6 6 8 5 3 5 10 10 2 6 6 6 4 7 6 7 5 6 5 4 7 7 12 4 0 8 6 8 3 8 7 3 9 
1 7 4 7 5 3 2 4 5 8 0 2 5 6 3 2 2 4 6 5 5 7 8 3 5 6 2 5 4 2 0 6 6 9 6 8 4 3 7 4 2 5 4 6 6 8 4 7 1 1 
1 8 10 6 4 10 8 12 11 6 13 13 11 9 5 8 12 9 9 8 7 7 12 11 11 7 1 14 11 5 8 11 8 8 11 3 9 6 8 8 16 14 4 8 6 7 11 11 13 12 
5 2 5 6 2 5 10 4 5 4 4 5 5 7 5 1 5 5 4 2 2 4 8 6 4 2 6 5 6 7 5 0 2 5 3 10 8 5 4 4 5 2 8 2 6 7 9 6 5 6 
9 9 7 11 9 13 6 13 6 10 11 11 15 12 13 20 4 8 11 11 10 13 7 6 12 14 12 12 9 19 14 9 13 5 10 10 14 12 9 15 10 14 11 13 11 12 7 11 6 7 
5 9 3 4 6 5 8 4 0 7 6 7 6 10 8 1 9 4 6 5 6 3 6 6 9 4 6 6 6 8 10 6 5 8 5 2 3 8 0 5 4 3 7 10 4 4 7 5 3 9 
0 2 0 0 1 0 1 1 1 1 1 0 0 2 0 1 0 1 0 2 2 0 3 1 1 1 0 1 0 0 2 0 1 2 1 4 3 0 3 0 0 0 1 1 1 1 1 2 0 1 
DEPOT_SECTION
 1
 -1
EOF
