NAME  : Parada_30_3_0.95_1.00_9
TYPE : SVRP
MODEL : FINITE_SUPPORT
NUMBER_OF_SCENARIOS : 50
DIMENSION : 30
EDGE_WEIGHT_TYPE : MATRIX
CAPACITY : 54
N_VEHICLES : 3
NODE_COORD_SECTION
1 114880 276190
2 368210 247870
3 163330 33320
4 171410 510540
5 294450 273660
6 227220 244630
7 134680 117360
8 475070 192680
9 305380 100140
10 343750 201990
11 133830 172080
12 27 250100
13 310560 420510
14 369440 334980
15 293910 451360
16 270290 215240
17 503190 18
18 171010 394740
19 239700 309910
20 377950 353160
21 90714 226640
22 157740 41918
23 297840 374590
24 336020 449770
25 199590 435010
26 207250 73994
27 477070 362100
28 235180 450070
29 338270 246410
30 416360 333810
DEMAND_SECTION
1 0.0
2 8.0
3 4.0
4 2.0
5 4.0
6 8.0
7 2.0
8 9.0
9 8.0
10 8.0
11 2.0
12 2.0
13 9.0
14 6.0
15 6.0
16 6.0
17 4.0
18 5.0
19 3.0
20 7.0
21 4.0
22 4.0
23 5.0
24 3.0
25 10.0
26 6.0
27 4.0
28 6.0
29 4.0
30 6.0
DISTANCE_MATRIX
0.0 52.9528 51.1521 64.4236 43.5302 21.587 27.72 28.4253 51.1568 44.8377 65.3557 48.3305 48.8277 40.5216 45.8444 26.5707 68.4187 60.7454 44.0749 34.7851 73.495 52.3059 47.8853 52.7887 19.3727 27.9181 20.9859 56.4081 54.1202 33.121 
52.9528 0.0 66.6483 104.355 60.0 73.171 79.9918 31.0483 38.0132 54.7083 98.1835 96.5701 91.5312 91.0055 92.0706 77.0065 62.514 23.0217 61.5231 28.3196 106.052 66.242 16.4012 85.1887 48.0208 71.5122 47.3814 101.296 5.0 34.7131 
51.1521 66.6483 0.0 40.05 97.6218 38.6264 55.0273 37.0135 37.0 95.9413 88.0568 75.7694 31.6228 43.8634 36.2353 36.7151 107.924 58.5491 98.1665 66.2156 96.8401 1.41421 52.2015 87.9717 70.4763 57.5031 36.0351 41.2311 64.4748 68.9249 
64.4236 104.355 40.05 0.0 106.921 46.0435 58.3095 73.39 77.026 109.028 88.6454 72.8354 15.6205 32.9848 20.6155 40.4969 132.794 98.5089 107.465 96.6483 95.8853 41.0122 91.2195 94.541 83.7478 66.242 58.8579 12.0 102.883 97.2789 
43.5302 60.0 97.6218 106.921 0.0 61.0871 50.953 56.3205 80.2309 8.06226 46.3897 52.7731 91.4993 76.9613 86.7173 66.4413 31.305 79.1581 7.2111 31.9061 51.923 98.7756 66.3099 26.6833 24.1591 46.7334 55.8274 97.1782 64.0703 25.5539 
21.587 73.171 38.6264 46.0435 61.0871 0.0 16.4924 45.0357 64.1378 63.1943 49.8197 37.1618 30.5287 18.9737 26.1725 5.65685 88.0639 77.2844 61.6318 56.3205 58.4637 39.9249 65.6489 50.6004 40.5025 20.8806 28.2489 36.7696 73.7157 54.3289 
27.72 79.9918 55.0273 58.3095 50.953 16.4924 0.0 55.4701 78.6098 56.7144 33.3766 21.095 43.6807 26.0768 37.6962 20.0 82.0657 87.9463 44.174 58.0 41.9762 56.3028 75.307 36.2491 36.2215 10.7703 43.0116 47.4131 81.8401 54.231 
28.4253 31.0483 37.0135 73.39 56.3205 45.0357 55.4701 0.0 24.3516 55.0364 84.2125 75.8874 60.5151 61.4003 61.2951 47.8539 73.3757 32.6497 56.8702 31.0161 92.3517 36.8782 20.6155 70.8455 34.7851 51.6252 17.1172 70.3582 30.1496 34.7131 
51.1568 38.0132 37.0 77.026 80.2309 64.1378 78.6098 24.3516 0.0 78.2304 109.022 99.2202 67.7422 75.2396 71.0634 63.9307 94.0479 22.4722 80.78 52.0865 117.161 36.0139 21.6333 95.1115 59.1354 76.4343 35.9081 77.6466 34.0588 57.0088 
44.8377 54.7083 95.9413 109.028 8.06226 63.1943 56.7144 55.0364 78.2304 0.0 54.4518 60.531 93.6064 79.5673 88.8245 68.5484 25.0 75.0267 14.3178 27.5136 59.9083 97.0952 62.6418 34.7131 25.5539 52.4949 56.3784 99.2854 59.0593 21.587 
65.3557 98.1835 88.0568 88.6454 46.3897 49.8197 33.3766 84.2125 109.022 54.4518 0.0 16.1555 75.326 55.7315 68.593 53.2353 74.4312 112.281 41.2311 71.141 8.94427 89.2861 98.8273 20.0 50.2195 33.2312 78.8506 76.9025 101.02 65.4197 
48.3305 96.5701 75.7694 72.8354 52.7731 37.1618 21.095 75.8874 99.2202 60.531 16.1555 0.0 60.0083 40.1123 53.0848 39.5601 83.2406 107.455 46.2709 71.3092 23.0868 77.0779 94.1392 30.0167 49.1582 25.2389 68.6236 61.0 98.5428 66.2873 
48.8277 91.5312 31.6228 15.6205 91.4993 30.5287 43.6807 60.5151 67.7422 93.6064 75.326 60.0083 0.0 20.0998 7.28011 25.0599 116.667 88.0227 92.044 82.04 83.0542 32.8938 79.404 79.712 68.1519 50.9902 44.6037 10.0 90.4268 81.9475 
40.5216 91.0055 43.8634 32.9848 76.9613 18.9737 26.0768 61.4003 75.2396 79.5673 55.7315 40.1123 20.0998 0.0 13.0 14.1421 104.437 92.8448 70.1823 75.2861 63.1981 45.2769 81.8841 62.1772 56.9351 35.3836 44.2832 21.5407 91.0879 73.2999 
45.8444 92.0706 36.2353 20.6155 86.7173 26.1725 37.6962 61.2951 71.0634 88.8245 68.593 53.0848 7.28011 13.0 0.0 20.5183 113.694 90.4489 87.262 80.468 76.1643 37.5899 81.0062 73.9256 65.1486 45.793 44.7214 10.6301 91.4444 78.9643 
26.5707 77.0065 36.7151 40.4969 66.4413 5.65685 20.0 47.8539 63.9307 68.5484 53.2353 39.5601 25.0599 14.1421 20.5183 0.0 93.4181 79.7017 66.986 61.3514 61.6604 38.0789 68.4471 55.1723 45.6988 26.0 30.8058 31.1127 77.2334 59.5252 
68.4187 62.514 107.924 132.794 31.305 88.0639 82.0657 73.3757 94.0479 25.0 74.4312 83.2406 116.667 104.437 113.694 93.4181 0.0 85.2877 38.4708 42.45 78.0 107.924 75.0267 54.5894 49.5782 77.8461 78.3901 124.155 67.4759 39.0 
60.7454 23.0217 58.5491 98.5089 79.1581 77.2844 87.9463 32.6497 22.4722 75.0267 112.281 107.455 88.0227 92.8448 90.4489 79.7017 85.2877 0.0 80.0865 47.5395 120.42 57.7062 13.4536 99.713 62.482 82.3039 49.0408 98.0204 18.0278 53.7122 
44.0749 61.5231 98.1665 107.465 7.2111 61.6318 44.174 56.8702 80.78 14.3178 41.2311 46.2709 92.044 70.1823 87.262 66.986 38.4708 80.0865 0.0 33.2283 47.5395 99.3203 67.1221 22.3607 24.7038 39.9545 56.3721 97.7229 65.4172 26.8251 
34.7851 28.3196 66.2156 96.6483 31.9061 56.3205 58.0 31.0161 52.0865 27.5136 71.141 71.3092 82.04 75.2861 80.468 61.3514 42.45 47.5395 33.2283 0.0 78.9266 66.2156 35.171 55.5791 22.3607 48.1664 38.8973 91.0318 32.2025 6.40312 
73.495 106.052 96.8401 95.8853 51.923 58.4637 41.9762 92.3517 117.161 59.9083 8.94427 23.0868 83.0542 63.1981 76.1643 61.6604 78.0 120.42 47.5395 78.9266 0.0 98.0816 106.967 25.2982 58.258 42.1618 86.9899 84.0119 109.018 73.2053 
52.3059 66.242 1.41421 41.0122 98.7756 39.9249 56.3028 36.8782 36.0139 97.0952 89.2861 77.0779 32.8938 45.2769 37.5899 38.0789 107.924 57.7062 99.3203 66.2156 98.0816 0.0 51.6236 89.1255 71.6301 58.6569 37.1889 42.45 63.9766 68.9249 
47.8853 16.4012 52.2015 91.2195 66.3099 65.6489 75.307 20.6155 21.6333 62.6418 98.8273 94.1392 79.404 81.8841 81.0062 68.4471 75.0267 13.4536 67.1221 35.171 106.967 51.6236 0.0 86.2594 49.0408 68.988 37.6563 89.3588 12.8062 41.1096 
52.7887 85.1887 87.9717 94.541 26.6833 50.6004 36.2491 70.8455 95.1115 34.7131 20.0 30.0167 79.712 62.1772 73.9256 55.1723 54.5894 99.713 22.3607 55.5791 25.2982 89.1255 86.2594 0.0 37.4249 32.5136 66.2836 83.6301 88.1548 49.176 
19.3727 48.0208 70.4763 83.7478 24.1591 40.5025 36.2215 34.7851 59.1354 25.5539 50.2195 49.1582 68.1519 56.9351 65.1486 45.6988 49.5782 62.482 24.7038 22.3607 58.258 71.6301 49.0408 37.4249 0.0 26.0 32.0311 75.6703 50.8035 18.0278 
27.9181 71.5122 57.5031 66.242 46.7334 20.8806 10.7703 51.6252 76.4343 52.4949 33.2312 25.2389 50.9902 35.3836 45.793 26.0 77.8461 82.3039 39.9545 48.1664 42.1618 58.6569 68.988 32.5136 26.0 0.0 46.2633 56.0357 73.4098 44.0114 
20.9859 47.3814 36.0351 58.8579 55.8274 28.2489 43.0116 17.1172 35.9081 56.3784 78.8506 68.6236 44.6037 44.2832 44.7214 30.8058 78.3901 49.0408 56.3721 38.8973 86.9899 37.1889 37.6563 66.2836 32.0311 46.2633 0.0 54.1202 47.0106 40.0 
56.4081 101.296 41.2311 12.0 97.1782 36.7696 47.4131 70.3582 77.6466 99.2854 76.9025 61.0 10.0 21.5407 10.6301 31.1127 124.155 98.0204 97.7229 91.0318 84.0119 42.45 89.3588 83.6301 75.6703 56.0357 54.1202 0.0 100.285 89.528 
54.1202 5.0 64.4748 102.883 64.0703 73.7157 81.8401 30.1496 34.0588 59.0593 101.02 98.5428 90.4268 91.0879 91.4444 77.2334 67.4759 18.0278 65.4172 32.2025 109.018 63.9766 12.8062 88.1548 50.8035 73.4098 47.0106 100.285 0.0 38.6005 
33.121 34.7131 68.9249 97.2789 25.5539 54.3289 54.231 34.7131 57.0088 21.587 65.4197 66.2873 81.9475 73.2999 78.9643 59.5252 39.0 53.7122 26.8251 6.40312 73.2053 68.9249 41.1096 49.176 18.0278 44.0114 40.0 89.528 38.6005 0.0 
DEMAND_SCENARIO_SECTION
0 0 0 0 0 0 0 0 0 0 0 0 0 0 0 0 0 0 0 0 0 0 0 0 0 0 0 0 0 0 0 0 0 0 0 0 0 0 0 0 0 0 0 0 0 0 0 0 0 0 
7 8 10 6 8 7 6 9 6 14 9 11 10 10 11 6 6 4 14 10 4 10 12 9 5 7 10 6 10 11 9 7 9 6 7 10 6 5 12 11 10 8 12 8 3 13 10 7 5 11 
3 7 1 3 4 4 7 6 6 7 2 3 3 6 5 5 4 5 2 6 3 1 3 2 5 1 3 6 2 7 5 8 3 4 6 6 3 4 7 2 3 4 5 2 5 3 3 1 4 5 
2 5 1 1 2 3 1 3 4 3 1 1 3 3 2 2 5 0 3 3 1 1 2 2 0 2 2 3 0 1 3 2 1 2 2 0 2 2 1 3 2 4 0 3 0 1 5 1 0 2 
6 4 6 4 6 4 8 3 4 7 4 7 2 5 5 7 5 4 5 4 4 5 5 0 4 6 8 4 4 5 5 2 4 6 5 5 2 0 7 4 10 4 6 5 5 5 8 3 7 4 
9 7 4 11 6 10 7 13 7 7 7 8 7 6 0 5 6 6 6 7 15 9 12 7 5 9 6 4 4 6 7 9 8 7 7 9 5 11 7 7 9 5 8 7 3 5 7 11 10 6 
3 1 1 3 0 2 2 0 1 0 2 2 4 3 1 0 2 4 0 1 2 2 3 5 3 2 0 3 3 1 2 1 3 3 0 2 1 2 0 3 1 4 1 2 2 3 0 3 0 3 
8 1 11 11 7 2 9 7 9 6 5 8 8 8 11 8 6 7 15 6 3 11 11 12 11 8 10 5 6 13 9 13 7 8 12 10 9 4 9 3 11 10 6 10 8 2 10 8 8 5 
4 10 8 8 12 9 11 10 10 7 11 11 6 10 5 7 5 8 10 8 9 9 4 9 5 10 5 11 12 8 10 10 2 8 5 8 8 4 8 13 10 9 11 9 8 3 5 6 9 10 
3 13 6 7 7 9 4 10 8 15 12 9 13 13 0 8 11 7 9 14 8 14 8 6 10 14 5 12 14 7 2 6 4 3 9 10 11 12 11 5 6 10 5 10 5 7 9 13 9 10 
2 2 0 1 3 1 2 2 2 2 3 0 0 0 1 5 3 1 2 5 3 1 2 4 0 2 1 3 3 1 5 2 4 1 3 0 1 0 0 1 0 2 3 2 4 1 3 3 2 2 
1 3 5 1 3 3 0 3 4 3 1 1 2 4 4 4 0 1 2 3 3 2 1 0 2 6 6 2 1 3 0 1 0 3 1 2 0 5 2 0 7 4 1 2 6 1 1 1 1 6 
9 7 7 6 9 13 8 13 1 4 8 7 18 6 12 10 7 9 8 4 8 14 5 9 10 5 9 10 11 5 2 8 6 3 10 11 3 11 7 10 10 8 8 9 7 7 9 9 11 4 
6 8 7 6 2 5 7 5 8 7 2 10 8 6 9 3 6 4 10 3 7 5 9 4 4 5 4 4 8 7 6 8 2 0 8 6 4 8 7 5 4 4 7 4 7 4 3 7 5 7 
9 7 6 10 8 5 5 4 4 5 3 5 6 7 8 7 5 5 4 9 6 4 7 8 5 4 6 8 7 4 6 9 7 4 4 1 7 5 7 4 6 4 7 8 5 5 8 7 2 7 
8 7 10 6 0 7 7 5 7 5 8 5 6 5 10 4 5 3 7 3 8 6 5 9 7 7 6 6 6 8 8 6 8 8 3 4 7 7 12 7 7 8 7 4 8 7 8 5 7 7 
2 6 7 2 5 1 6 6 3 2 6 7 3 3 5 1 5 4 8 8 2 2 1 2 5 6 1 3 5 5 1 1 4 5 5 1 3 7 5 4 5 2 7 1 6 2 4 2 0 3 
8 3 8 5 4 7 3 7 6 3 5 5 6 0 4 4 5 5 3 3 6 5 5 5 2 5 7 8 8 0 8 6 8 6 7 5 6 3 8 4 7 3 5 7 8 8 9 1 6 8 
0 1 2 2 7 0 3 2 5 2 4 7 7 5 5 4 3 4 6 4 1 4 0 2 2 1 2 6 2 6 4 3 0 4 2 1 5 1 3 0 6 4 3 2 5 3 3 1 3 3 
6 11 6 6 5 12 6 6 3 7 5 5 7 7 8 5 9 5 6 5 9 4 6 3 7 10 7 8 7 4 5 10 6 6 9 9 7 9 8 6 6 12 7 4 10 9 7 7 8 9 
2 3 4 0 5 3 3 1 6 3 5 5 3 5 7 4 4 5 7 3 6 4 0 3 6 5 0 1 3 4 4 5 2 4 0 6 3 7 2 1 2 4 1 7 2 0 6 4 3 5 
3 1 4 6 9 5 4 4 0 5 6 6 3 5 4 7 5 6 6 2 1 7 4 4 7 3 5 2 3 4 3 3 6 3 7 4 7 3 2 4 4 7 5 4 0 4 3 8 6 9 
7 3 9 9 5 6 6 4 4 4 8 3 3 8 8 8 3 5 5 6 1 4 5 3 7 3 8 9 3 2 5 7 2 1 9 0 4 3 5 7 7 3 4 4 6 4 10 9 7 5 
2 3 3 5 3 2 0 3 2 0 4 6 2 2 4 5 2 3 3 4 0 4 4 4 1 3 3 4 5 2 2 3 2 1 4 1 2 3 3 0 0 3 1 0 5 3 1 2 3 2 
14 12 11 6 11 6 4 13 6 8 11 18 6 7 14 8 12 8 11 11 16 8 12 13 16 10 8 14 8 12 11 13 12 12 12 8 6 12 7 11 7 12 9 9 15 11 14 17 8 5 
8 7 6 2 7 5 8 8 8 4 2 7 6 10 4 4 9 7 3 1 8 7 10 6 9 7 6 8 1 9 2 4 5 3 4 4 5 8 7 6 1 3 7 8 5 7 6 6 9 0 
1 5 6 7 6 0 5 3 2 4 1 4 4 2 7 3 5 4 2 5 5 3 3 2 4 4 2 8 4 5 3 5 5 4 1 6 5 5 4 5 4 5 1 5 4 5 6 4 1 4 
5 2 6 2 5 10 5 5 6 5 4 6 3 9 7 7 4 1 4 5 3 7 11 2 5 11 10 4 4 5 7 8 4 7 10 2 4 10 4 4 3 9 7 3 7 3 11 6 4 6 
8 4 3 1 3 6 4 7 8 5 4 5 6 3 4 4 3 4 3 6 2 4 7 5 3 4 5 3 5 7 4 0 3 1 5 4 3 2 3 5 2 1 2 8 4 0 7 4 6 2 
3 8 5 6 5 9 3 9 6 5 6 6 6 6 6 7 3 3 5 1 8 3 9 8 0 9 3 4 3 6 7 7 6 3 5 5 9 6 4 7 4 2 10 6 4 1 10 5 4 3 
DEPOT_SECTION
 1
 -1
EOF
