NAME  : Parada_30_3_0.95_1.00_7
TYPE : SVRP
MODEL : FINITE_SUPPORT
NUMBER_OF_SCENARIOS : 50
DIMENSION : 30
EDGE_WEIGHT_TYPE : MATRIX
CAPACITY : 54
N_VEHICLES : 3
NODE_COORD_SECTION
1 16137 164910
2 266340 138320
3 256930 166210
4 57467 508960
5 177810 159420
6 144090 195730
7 100850 141940
8 301280 92282
9 253150 101970
10 256830 5033
11 174420 72730
12 38686 460790
13 248330 499630
14 276140 202680
15 152580 318880
16 195880 357870
17 315700 219440
18 97704 206050
19 27 333540
20 67232 431500
21 78161 135260
22 168760 344320
23 233720 239000
24 209360 384370
25 143700 484430
26 231750 18
27 293310 469680
28 184580 466350
29 93435 293780
30 292910 266950
DEMAND_SECTION
1 0.0
2 7.0
3 5.0
4 4.0
5 6.0
6 5.0
7 6.0
8 2.0
9 8.0
10 3.0
11 5.0
12 8.0
13 7.0
14 2.0
15 9.0
16 3.0
17 4.0
18 9.0
19 7.0
20 9.0
21 6.0
22 8.0
23 2.0
24 7.0
25 1.0
26 4.0
27 7.0
28 5.0
29 4.0
30 2.0
DISTANCE_MATRIX
0.0 57.0088 30.2655 45.7196 42.7551 36.2353 35.1141 56.6392 60.8769 32.9222 58.6378 45.7393 60.4241 25.0 21.2603 50.68 28.2361 57.2713 29.6824 39.3537 8.544 46.3607 31.305 53.3348 58.7536 33.6296 49.4081 52.8701 29.9422 21.095 
57.0088 0.0 81.8747 58.3099 27.1662 93.2363 25.9422 9.89949 6.0 83.6921 26.9072 50.183 51.4782 78.404 36.3593 48.0937 71.802 13.0384 56.0803 51.0392 65.215 46.0109 87.9204 51.2445 44.3847 87.2876 77.026 88.2043 33.9559 40.8044 
30.2655 81.8747 0.0 40.7185 72.111 27.074 63.5059 78.9631 84.3505 37.2022 75.8222 43.2848 59.0593 6.40312 45.8257 79.8311 10.6301 84.4458 57.9396 37.6431 23.0868 75.5118 18.1108 82.4621 53.0903 37.2156 29.0689 28.178 50.7606 51.0392 
45.7196 58.3099 40.7185 0.0 64.1405 66.1353 54.3783 51.0098 58.0 72.4124 39.8497 8.24621 18.6011 42.9436 38.086 81.7175 30.6757 67.3465 74.4776 10.6301 50.9839 77.4963 57.2248 85.2577 15.8114 73.1199 20.6155 32.311 28.6531 53.6532 
42.7551 27.1662 72.111 64.1405 0.0 77.1284 9.84886 34.2345 33.1361 60.5913 48.1041 59.6904 65.2238 67.4759 29.1204 21.8403 65.123 18.868 30.8058 54.1202 51.1957 19.105 73.438 25.2982 56.0512 64.1868 78.4053 87.5557 35.5106 21.8403 
36.2353 93.2363 27.074 66.1353 77.1284 0.0 70.4939 92.6337 97.0824 20.2237 93.6655 68.2343 84.2317 23.1948 57.3149 76.6551 35.3553 92.8798 52.345 62.4477 28.2843 72.9932 9.0 78.3135 78.0398 17.72 56.1427 54.1202 64.97 55.7024 
35.1141 25.9422 63.5059 54.3783 9.84886 70.4939 0.0 30.4138 31.3847 57.7597 41.7732 49.9435 56.7012 59.2284 19.4165 29.1548 56.0 22.4722 30.3645 44.2945 43.6578 25.4951 66.3099 32.7567 47.5287 61.3552 68.6856 77.8781 25.807 15.6205 
56.6392 9.89949 78.9631 51.0098 34.2345 92.6337 30.4138 0.0 7.07107 89.5593 17.0294 43.1045 42.3792 76.6048 35.3836 55.9017 69.0447 22.8035 60.6383 44.911 64.3506 53.3385 86.5563 59.2284 36.2215 90.2667 70.632 82.0488 30.0167 43.4626 
60.8769 6.0 84.3505 58.0 33.1361 97.0824 31.3847 7.07107 0.0 89.1338 23.3238 50.04 49.3356 81.5701 39.8246 54.0833 74.2778 18.3848 61.6847 51.6236 68.884 52.0096 91.4002 57.2189 43.2897 94.4059 77.4147 88.8144 35.8469 45.793 
32.9222 83.6921 37.2022 72.4124 60.5913 20.2237 57.7597 89.5593 89.1338 0.0 91.2296 76.9308 93.3652 31.0644 54.1825 57.4891 41.7547 78.6901 33.2415 70.5453 25.9797 54.1202 23.3238 58.8558 86.7363 3.60555 63.8703 65.192 62.5341 48.2779 
58.6378 26.9072 75.8222 39.8497 48.1041 93.6655 41.7732 17.0294 23.3238 91.2296 0.0 33.1059 27.1662 77.3913 38.6005 69.8928 65.206 39.6232 70.1511 40.4402 65.6517 66.7608 87.2655 73.3894 24.0416 91.937 60.407 72.111 29.0689 51.1566 
45.7393 50.183 43.2848 8.24621 59.6904 68.2343 49.9435 43.1045 50.04 76.9308 33.1059 0.0 17.2627 45.0426 33.7236 77.2427 32.7647 62.8743 70.1153 7.33509 51.0036 73.134 59.3238 80.8953 9.89949 77.6382 27.6586 39.2938 24.1906 49.2908 
60.4241 51.4782 59.0593 18.6011 65.2238 84.2317 56.7012 42.3792 49.3356 93.3652 27.1662 17.2627 0.0 61.0401 48.3761 85.855 48.7545 62.7694 82.2908 23.7806 67.438 82.1189 75.3212 89.4576 10.7703 94.0726 37.8021 49.0918 38.2556 62.394 
25.0 78.404 6.40312 42.9436 67.4759 23.1948 59.2284 76.6048 81.5701 31.0644 77.3913 45.0426 61.0401 0.0 42.1574 74.1485 12.1655 80.6536 51.8652 39.256 17.2627 69.8713 14.3178 76.6877 54.8481 31.305 33.7343 34.1321 52.3252 46.0435 
21.2603 36.3593 45.8257 38.086 29.1204 57.3149 19.4165 35.3836 39.8246 54.1825 38.6005 33.7236 48.3761 42.1574 0.0 44.6878 37.2156 38.833 36.6143 27.8714 29.0689 40.3609 51.614 48.1664 39.2036 54.8899 49.2865 58.4637 11.1803 15.6525 
50.68 48.0937 79.8311 81.7175 21.8403 76.6551 29.1548 55.9017 54.0833 57.4891 69.8928 77.2427 85.855 74.1485 44.6878 0.0 78.0645 37.2156 24.3311 71.5029 56.8859 4.47214 76.0066 3.60555 76.6825 60.8769 92.2822 100.237 53.8145 30.8869 
28.2361 71.802 10.6301 30.6757 65.123 35.3553 56.0 69.0447 74.2778 41.7547 65.206 32.7647 48.7545 12.1655 37.2156 78.0645 0.0 75.9539 57.3087 27.0185 22.8516 73.5961 26.4764 81.1931 42.5703 42.3982 22.8473 26.2488 40.6879 47.9416 
57.2713 13.0384 84.4458 67.3465 18.868 92.8798 22.4722 22.8035 18.3848 78.6901 39.6232 62.8743 62.7694 80.6536 38.833 37.2156 75.9539 0.0 49.6488 58.6941 65.7951 35.9026 88.5664 40.05 54.626 82.2856 84.4808 95.1315 40.1123 38.0132 
29.6824 56.0803 57.9396 74.4776 30.8058 52.345 30.3645 60.6383 61.6847 33.2415 70.1511 70.1153 82.2908 51.8652 36.6143 24.3311 57.3087 49.6488 0.0 64.263 34.9285 20.8806 52.0883 26.0192 73.1183 36.6879 78.6379 82.0158 47.248 21.2132 
39.3537 51.0392 37.6431 10.6301 54.1202 62.4477 44.2945 44.911 51.6236 70.5453 40.4402 7.33509 23.7806 39.256 27.8714 71.5029 27.0185 58.6941 64.263 0.0 44.618 67.2817 53.5372 75.0431 17.1406 71.2527 26.0 37.2156 18.9737 43.4386 
8.544 65.215 23.0868 50.9839 51.1957 28.2843 43.6578 64.3506 68.884 25.9797 65.6517 51.0036 67.438 17.2627 29.0689 56.8859 22.8516 65.7951 34.9285 44.618 0.0 52.6118 22.8254 59.439 60.8091 26.6871 44.9671 47.4856 36.8024 29.4279 
46.3607 46.0109 75.5118 77.4963 19.105 72.9932 25.4951 53.3385 52.0096 54.1202 66.7608 73.134 82.1189 69.8713 40.3609 4.47214 73.5961 35.9026 20.8806 67.2817 52.6118 0.0 72.0625 7.81025 72.9464 57.5674 87.818 95.7651 49.679 26.4197 
31.305 87.9204 18.1108 57.2248 73.438 9.0 66.3099 86.5563 91.4002 23.3238 87.2655 59.3238 75.3212 14.3178 51.614 76.0066 26.4764 88.5664 52.0883 53.5372 22.8254 72.0625 0.0 78.0256 69.1293 22.0227 47.1699 45.5412 58.57 51.6 
53.3348 51.2445 82.4621 85.2577 25.2982 78.3135 32.7567 59.2284 57.2189 58.8558 73.3894 80.8953 89.4576 76.6877 48.1664 3.60555 81.1931 40.05 26.0192 75.0431 59.439 7.81025 78.0256 0.0 80.2851 62.1691 95.5249 103.374 57.3847 34.1321 
58.7536 44.3847 53.0903 15.8114 56.0512 78.0398 47.5287 36.2215 43.2897 86.7363 24.0416 9.89949 10.7703 54.8481 39.2036 76.6825 42.5703 54.626 73.1183 17.1406 60.8091 72.9464 69.1293 80.2851 0.0 87.4438 36.4005 48.1041 29.083 53.2215 
33.6296 87.2876 37.2156 73.1199 64.1868 17.72 61.3552 90.2667 94.4059 3.60555 91.937 77.6382 94.0726 31.305 54.8899 60.8769 42.3982 82.2856 36.6879 71.2527 26.6871 57.5674 22.0227 62.1691 87.4438 0.0 64.5136 65.3682 63.2415 51.8734 
49.4081 77.026 29.0689 20.6155 78.4053 56.1427 68.6856 70.632 77.4147 63.8703 60.407 27.6586 37.8021 33.7343 49.2865 92.2822 22.8473 84.4808 78.6379 26.0 44.9671 87.818 47.1699 95.5249 36.4005 64.5136 0.0 11.7047 44.4072 61.4003 
52.8701 88.2043 28.178 32.311 87.5557 54.1202 77.8781 82.0488 88.8144 65.192 72.111 39.2938 49.0918 34.1321 58.4637 100.237 26.2488 95.1315 82.0158 37.2156 47.4856 95.7651 45.5412 103.374 48.1041 65.3682 11.7047 0.0 55.0364 69.4622 
29.9422 33.9559 50.7606 28.6531 35.5106 64.97 25.807 30.0167 35.8469 62.5341 29.0689 24.1906 38.2556 52.3252 11.1803 53.8145 40.6879 40.1123 47.248 18.9737 36.8024 49.679 58.57 57.3847 29.083 63.2415 44.4072 55.0364 0.0 26.5707 
21.095 40.8044 51.0392 53.6532 21.8403 55.7024 15.6205 43.4626 45.793 48.2779 51.1566 49.2908 62.394 46.0435 15.6525 30.8869 47.9416 38.0132 21.2132 43.4386 29.4279 26.4197 51.6 34.1321 53.2215 51.8734 61.4003 69.4622 26.5707 0.0 
DEMAND_SCENARIO_SECTION
0 0 0 0 0 0 0 0 0 0 0 0 0 0 0 0 0 0 0 0 0 0 0 0 0 0 0 0 0 0 0 0 0 0 0 0 0 0 0 0 0 0 0 0 0 0 0 0 0 0 
8 5 8 5 6 11 3 7 5 8 11 9 5 6 9 7 3 8 7 9 8 5 13 7 6 3 7 5 7 6 2 7 10 6 6 3 8 6 4 5 2 7 11 8 6 5 5 8 7 6 
3 8 3 5 5 3 3 4 6 9 3 4 4 6 1 5 6 4 8 4 3 6 6 5 5 8 7 4 6 4 6 7 3 4 5 7 6 6 7 8 6 6 0 6 4 4 6 2 7 3 
4 5 5 4 4 3 2 7 3 9 1 5 2 5 7 5 6 7 2 3 6 8 3 4 2 5 5 3 3 6 3 2 5 6 5 4 6 5 2 7 5 3 6 3 3 4 1 5 6 4 
5 9 3 6 5 5 9 6 6 8 5 8 8 6 9 4 4 9 2 5 8 5 4 2 6 6 5 2 3 4 9 5 3 6 7 6 6 9 9 4 7 5 7 7 9 5 7 6 7 4 
4 5 4 3 5 6 8 3 7 8 5 1 4 9 5 2 7 4 4 5 2 6 3 6 3 0 6 7 1 6 4 3 6 7 7 8 4 4 3 7 7 4 3 8 4 6 4 6 4 4 
7 7 5 10 3 6 7 5 8 7 3 10 10 3 7 7 5 6 9 9 12 8 7 7 4 12 7 7 7 12 2 6 5 8 4 7 7 6 6 5 3 2 6 8 5 6 6 2 9 3 
2 3 3 2 3 2 4 1 1 1 0 3 4 1 1 5 3 3 1 3 3 1 1 2 2 2 1 1 2 3 0 2 1 1 2 0 2 3 1 3 0 5 3 0 3 4 1 1 2 2 
11 10 8 5 5 10 3 10 7 11 13 7 13 16 9 4 12 10 9 9 13 12 9 7 5 10 6 8 5 5 11 3 9 9 9 9 6 7 9 12 9 6 13 8 6 12 8 9 5 7 
2 2 2 2 4 1 3 7 2 4 3 2 3 4 0 2 5 5 3 5 3 7 4 4 2 3 2 2 2 2 3 3 4 4 3 0 4 1 4 5 2 3 6 2 4 3 2 3 0 3 
3 2 4 6 5 5 1 7 6 5 3 2 7 5 5 2 5 2 5 8 8 3 5 5 5 7 4 3 5 8 9 5 3 8 6 3 7 6 10 3 6 8 2 7 5 11 6 5 6 3 
11 9 1 5 4 11 13 7 10 12 8 11 11 7 7 9 10 5 6 10 7 8 12 6 7 12 4 5 11 9 7 9 9 7 9 5 10 5 6 6 7 5 8 11 8 4 4 12 9 9 
6 7 6 0 4 6 9 11 6 5 9 7 5 8 6 6 13 9 8 8 5 10 10 12 9 2 4 8 2 3 5 7 5 8 8 7 9 10 8 11 6 6 11 10 12 7 6 6 4 5 
2 3 3 0 0 2 0 1 3 2 1 3 0 2 1 2 1 3 2 2 0 1 0 4 1 4 2 0 3 2 0 1 4 0 4 1 1 0 5 0 0 1 0 3 5 1 0 2 2 4 
7 8 9 12 4 6 9 10 9 8 7 5 10 14 8 6 11 13 7 14 10 5 13 6 10 5 12 10 7 8 13 2 10 11 3 14 8 10 12 7 6 12 7 4 2 10 6 12 8 10 
6 2 3 4 6 3 5 2 4 3 7 5 4 3 3 3 1 3 1 2 4 2 7 0 5 4 4 3 4 3 2 1 0 1 4 0 4 4 4 3 3 4 3 4 3 1 1 3 3 0 
6 3 7 6 3 7 3 6 6 1 7 4 3 3 4 1 5 5 2 6 4 6 2 2 5 0 2 5 0 2 5 5 0 3 2 3 0 2 6 5 6 0 3 5 3 4 4 6 3 6 
8 12 13 9 13 8 6 16 12 7 8 3 9 10 11 7 3 0 11 7 12 8 11 6 7 8 11 5 9 4 6 7 11 13 16 7 6 9 9 15 12 7 11 8 11 6 10 9 12 6 
3 5 7 5 5 9 9 10 8 6 6 6 8 8 4 3 5 5 1 9 1 5 0 11 6 10 7 9 12 12 5 8 7 7 6 7 4 5 4 10 6 9 7 6 8 8 9 8 6 9 
10 12 7 7 10 8 13 13 6 10 8 11 10 10 9 13 12 4 5 10 11 11 11 9 10 7 10 5 11 10 11 15 11 9 13 13 5 7 15 7 8 8 12 4 9 14 6 16 9 8 
4 9 9 5 11 6 3 6 8 5 6 7 6 7 5 3 4 6 8 3 4 6 0 5 8 4 4 5 4 3 4 9 7 2 3 6 6 4 1 7 8 2 9 3 8 5 6 2 10 2 
10 9 7 4 8 8 7 6 8 6 5 9 6 10 8 11 14 6 8 8 10 7 12 13 11 9 2 11 9 9 7 6 11 10 8 5 7 6 6 7 9 0 12 6 6 6 5 8 7 6 
1 2 3 4 3 2 2 3 3 2 4 2 2 1 3 2 4 2 5 1 4 1 0 2 3 4 4 2 4 2 1 3 3 1 1 2 2 2 2 5 0 2 4 4 0 5 1 1 1 2 
3 8 1 2 7 6 5 8 8 7 4 8 14 6 6 10 7 10 10 5 4 9 8 3 8 5 0 6 6 12 10 7 5 3 6 5 12 8 7 7 8 7 6 2 7 6 5 4 9 6 
2 1 2 1 1 2 1 2 3 0 1 1 1 1 0 1 2 2 0 0 2 3 1 0 1 1 3 0 2 1 1 0 2 2 1 1 1 2 2 2 0 1 2 1 0 3 2 3 2 0 
6 4 2 1 5 1 4 0 7 4 5 6 1 3 7 2 2 4 6 5 1 5 5 6 4 2 1 5 2 7 7 3 3 3 0 1 3 4 3 1 0 6 5 4 8 4 4 2 0 3 
4 6 5 5 5 7 10 7 6 5 5 7 12 12 6 7 7 6 6 11 8 9 4 9 12 9 7 4 5 6 13 5 11 6 8 7 7 8 7 8 5 4 8 4 8 10 7 5 8 12 
3 5 3 7 7 5 8 8 5 3 4 5 2 5 7 7 3 8 6 4 6 5 6 7 6 7 6 5 6 3 3 4 4 4 5 2 3 7 3 4 6 6 7 5 4 6 7 4 6 5 
2 4 1 7 3 2 5 5 8 5 0 3 4 6 4 3 2 8 5 6 3 3 4 4 7 1 5 5 2 4 3 6 5 4 2 4 7 5 2 2 0 6 2 3 5 7 3 3 5 2 
0 0 3 2 3 0 3 0 0 0 4 3 3 2 2 0 2 0 3 1 2 1 2 1 2 2 1 2 4 0 3 0 1 2 2 2 0 1 0 0 1 1 3 1 2 3 1 2 2 3 
DEPOT_SECTION
 1
 -1
EOF
