NAME  : Parada_30_3_0.95_1.00_8
TYPE : SVRP
MODEL : FINITE_SUPPORT
NUMBER_OF_SCENARIOS : 50
DIMENSION : 30
EDGE_WEIGHT_TYPE : MATRIX
CAPACITY : 70
N_VEHICLES : 3
NODE_COORD_SECTION
1 26002 238810
2 417790 36013
3 223950 102390
4 101010 519860
5 293430 304640
6 175280 407970
7 128670 156590
8 361260 237720
9 123810 370960
10 341250 591460
11 270550 18
12 27 570400
13 360870 244930
14 352100 301030
15 253950 156130
16 108890 214100
17 324060 310900
18 149020 381510
19 15144 274360
20 163870 664470
21 245970 393420
22 229920 313920
23 209470 710450
24 224590 579660
25 197020 718340
26 258470 142570
27 426700 453330
28 146970 590950
29 106280 479130
30 429540 367680
DEMAND_SECTION
1 0.0
2 3.0
3 9.0
4 8.0
5 5.0
6 2.0
7 4.0
8 10.0
9 8.0
10 1.0
11 9.0
12 5.0
13 8.0
14 9.0
15 2.0
16 9.0
17 9.0
18 7.0
19 10.0
20 3.0
21 10.0
22 6.0
23 4.0
24 10.0
25 6.0
26 10.0
27 10.0
28 5.0
29 9.0
30 9.0
DISTANCE_MATRIX
0.0 46.1736 42.6985 35.0 36.7696 33.3199 38.0132 44.6542 55.7146 74.6224 43.0116 44.187 44.1022 50.8948 57.9297 11.6619 35.6354 47.2324 15.6205 48.9204 36.4997 44.5144 61.2976 38.4554 60.3882 56.0992 53.5366 50.0 24.0416 47.3459 
46.1736 0.0 26.1725 80.2309 80.6226 78.8035 70.2813 85.8021 72.2011 100.225 15.0333 72.1249 85.0 44.5533 35.1141 44.9444 43.382 58.2495 32.249 86.4696 42.9418 89.4427 94.0773 79.0063 93.6161 33.2415 55.3173 95.0368 71.4964 59.0931 
42.6985 26.1725 0.0 69.7448 79.468 77.4868 76.8263 87.027 47.5395 76.5376 38.0132 51.0392 86.4098 18.3848 15.2315 47.4384 21.0 33.1059 27.2127 68.7314 57.1086 87.2128 74.0 63.6003 74.027 13.4164 73.2462 82.8629 59.1746 73.5966 
35.0 80.2309 69.7448 0.0 27.5136 13.9284 50.9902 38.3275 55.5549 57.2713 78.0064 36.4005 38.6005 66.4831 81.8714 42.4969 51.8556 57.408 48.0521 24.0416 64.4533 26.0192 35.4683 15.0 33.6155 80.7621 78.1381 15.0 13.8924 68.0265 
36.7696 80.6226 79.468 27.5136 0.0 13.6015 27.7308 11.0454 81.4348 84.6463 73.3894 61.4127 11.1803 85.4569 94.6992 35.7771 70.8751 79.8329 52.345 51.5461 50.04 10.0 62.9682 41.9762 61.0983 92.8688 59.6657 35.3836 34.6296 48.0833 
33.3199 78.8035 77.4868 13.9284 13.6015 0.0 38.2884 24.5153 68.2094 71.0634 73.9797 48.2597 24.7386 75.4038 90.7289 36.1248 60.715 66.6819 48.9204 37.9473 55.109 14.3178 49.3964 28.4429 47.5395 89.6196 67.624 23.8537 21.4787 56.8243 
38.0132 70.2813 76.8263 50.9902 27.7308 38.2884 0.0 24.0208 94.4953 106.878 57.6583 82.9678 23.0217 88.9861 92.0575 29.4006 73.4561 85.1722 50.1211 74.1489 28.6531 37.0 85.7635 64.1588 83.9844 90.2271 33.0606 62.0081 56.6946 21.095 
44.6542 85.8021 87.027 38.3275 11.0454 24.5153 24.0208 0.0 92.4706 95.5667 77.3174 72.4485 1.0 93.4944 102.258 41.1096 78.9125 90.8687 59.8164 62.3618 50.6952 15.5563 73.6817 52.9528 71.7844 100.428 57.0789 44.6542 45.6654 45.0999 
55.7146 72.2011 47.5395 55.5549 81.4348 68.2094 94.4953 92.4706 0.0 29.4279 80.3164 24.3084 92.6098 31.4006 50.1597 66.7488 29.2062 14.5602 53.1075 36.8782 88.4317 81.499 34.9857 40.7964 36.0555 50.3587 105.469 60.3919 49.8884 103.046 
74.6224 100.225 76.5376 57.2713 84.6463 71.0634 106.878 95.5667 29.4279 0.0 108.126 31.3478 95.8019 60.8276 79.511 85.8733 56.8595 43.9318 75.7368 33.3766 109.13 82.7345 23.0217 42.72 25.02 79.7621 126.166 56.0803 55.0376 120.206 
43.0116 15.0333 38.0132 78.0064 73.3894 73.9797 57.6583 77.3174 80.3164 108.126 0.0 77.067 76.5005 55.7584 49.2443 38.0789 51.1127 67.1789 32.8938 88.3233 29.8329 82.8613 97.1442 79.6241 96.4624 47.2969 40.5216 93.0054 66.4831 45.2769 
44.187 72.1249 51.0392 36.4005 61.4127 48.2597 82.9678 72.4485 24.3084 31.3478 77.067 0.0 72.5878 49.2465 68.0673 55.438 30.0666 33.3302 44.6542 20.8087 78.6925 61.9839 23.0868 22.3607 23.3452 67.7488 95.7294 43.0116 29.2361 91.5184 
44.1022 85.0 86.4098 38.6005 11.1803 24.7386 23.0217 1.0 92.6098 95.8019 76.5005 72.5878 0.0 92.974 101.641 40.3609 78.3922 91.0079 59.203 62.6418 49.7293 16.2788 74.0 53.1507 72.111 99.8106 56.0803 45.2217 45.8047 44.1022 
50.8948 44.5533 18.3848 66.4831 85.4569 75.4038 88.9861 93.4944 31.4006 60.8276 55.7584 49.2465 92.974 0.0 19.0263 61.9617 15.2643 17.0294 40.4615 59.7462 71.5473 89.4775 62.3699 57.1402 62.829 19.0263 88.2327 78.0064 55.9762 88.0353 
57.9297 35.1141 15.2315 81.8714 94.6992 90.7289 92.0575 102.258 50.1597 79.511 49.2443 68.0673 101.641 19.0263 0.0 62.6695 30.4138 36.0 42.4439 77.7946 71.4692 104.803 81.2158 74.2496 81.6498 2.0 87.0 94.5145 71.3013 87.9572 
11.6619 44.9444 47.4384 42.4969 35.7771 36.1248 29.4006 41.1096 66.7488 85.8733 38.0789 55.438 40.3609 61.9617 62.6695 0.0 46.7022 58.2992 20.8806 58.5185 26.1228 44.9444 69.8175 48.0535 68.3738 60.8391 43.1597 56.9424 33.6155 38.6152 
35.6354 43.382 21.0 51.8556 70.8751 60.715 73.4561 78.9125 29.2062 56.8595 51.1127 30.0666 78.3922 15.2643 30.4138 46.7022 0.0 16.6433 33.0233 48.0521 65.2985 74.7887 53.0 43.8634 53.0377 29.5466 81.9839 64.1405 41.2873 81.7865 
47.2324 58.2495 33.1059 57.408 79.8329 66.6819 85.1722 90.8687 14.5602 43.9318 67.1789 33.3302 91.0079 17.0294 36.0 58.2992 16.6433 0.0 44.6203 45.923 79.9445 80.7556 46.1736 46.9854 46.8188 36.0555 96.9814 68.031 47.2543 96.4325 
15.6205 32.249 27.2127 48.0521 52.345 48.9204 50.1211 59.8164 53.1075 75.7368 32.8938 44.6542 59.203 40.4615 42.4439 20.8806 33.0233 44.6203 0.0 55.5428 36.8795 60.1149 64.2573 47.2652 63.5689 40.6134 53.9164 62.8013 35.1757 53.3675 
48.9204 86.4696 68.7314 24.0416 51.5461 37.9473 74.1489 62.3618 36.8782 33.3766 88.3233 20.8087 62.6418 59.7462 77.7946 58.5185 48.0521 45.923 55.5428 0.0 84.5949 49.366 11.6619 10.6301 10.0 77.201 99.2001 24.3516 24.9076 89.5369 
36.4997 42.9418 57.1086 64.4533 50.04 55.109 28.6531 50.6952 88.4317 109.13 29.8329 78.6925 49.7293 71.5473 71.4692 26.1228 65.2985 79.9445 36.8795 84.5949 0.0 60.0333 95.8177 74.1299 94.4502 69.4807 17.8885 77.9615 59.6884 16.4924 
44.5144 89.4427 87.2128 26.0192 10.0 14.3178 37.0 15.5563 81.499 82.7345 82.8613 61.9839 16.2788 89.4775 104.803 44.9444 74.7887 80.7556 60.1149 49.366 60.0333 0.0 60.208 41.0122 58.2495 100.614 69.4262 29.5296 35.5524 57.7235 
61.2976 94.0773 74.0 35.4683 62.9682 49.3964 85.7635 73.6817 34.9857 23.0217 97.1442 23.0868 74.0 62.3699 81.2158 69.8175 53.0 46.1736 64.2573 11.6619 95.8177 60.208 0.0 22.2036 2.0 80.8981 110.499 33.0606 36.2066 100.836 
38.4554 79.0063 63.6003 15.0 41.9762 28.4429 64.1588 52.9528 40.7964 42.72 79.6241 22.3607 53.1507 57.1402 74.2496 48.0535 43.8634 46.9854 47.2652 10.6301 74.1299 41.0122 22.2036 0.0 20.6155 73.4098 88.7351 21.2132 14.4426 79.0719 
60.3882 93.6161 74.027 33.6155 61.0983 47.5395 83.9844 71.7844 36.0555 25.02 96.4624 23.3452 72.111 62.829 81.6498 68.3738 53.0377 46.8188 63.5689 10.0 94.4502 58.2495 2.0 20.6155 0.0 81.3314 109.055 31.0644 34.763 99.3923 
56.0992 33.2415 13.4164 80.7621 92.8688 89.6196 90.2271 100.428 50.3587 79.7621 47.2969 67.7488 99.8106 19.0263 2.0 60.8391 29.5466 36.0555 40.6134 77.201 69.4807 100.614 80.8981 73.4098 81.3314 0.0 85.0 93.5361 70.1919 85.9687 
53.5366 55.3173 73.2462 78.1381 59.6657 67.624 33.0606 57.0789 105.469 126.166 40.5216 95.7294 56.0803 88.2327 87.0 43.1597 81.9839 96.9814 53.9164 99.2001 17.8885 69.4262 110.499 88.7351 109.055 85.0 0.0 91.236 74.3081 12.0 
50.0 95.0368 82.8629 15.0 35.3836 23.8537 62.0081 44.6542 60.3919 56.0803 93.0054 43.0116 45.2217 78.0064 94.5145 56.9424 64.1405 68.031 62.8013 24.3516 77.9615 29.5296 33.0606 21.2132 31.0644 93.5361 91.236 0.0 27.8927 80.6226 
24.0416 71.4964 59.1746 13.8924 34.6296 21.4787 56.6946 45.6654 49.8884 55.0376 66.4831 29.2361 45.8047 55.9762 71.3013 33.6155 41.2873 47.2543 35.1757 24.9076 59.6884 35.5524 36.2066 14.4426 34.763 70.1919 74.3081 27.8927 0.0 64.6449 
47.3459 59.0931 73.5966 68.0265 48.0833 56.8243 21.095 45.0999 103.046 120.206 45.2769 91.5184 44.1022 88.0353 87.9572 38.6152 81.7865 96.4325 53.3675 89.5369 16.4924 57.7235 100.836 79.0719 99.3923 85.9687 12.0 80.6226 64.6449 0.0 
DEMAND_SCENARIO_SECTION
0 0 0 0 0 0 0 0 0 0 0 0 0 0 0 0 0 0 0 0 0 0 0 0 0 0 0 0 0 0 0 0 0 0 0 0 0 0 0 0 0 0 0 0 0 0 0 0 0 0 
5 1 5 5 4 2 5 4 2 7 3 4 1 3 0 4 2 3 4 0 2 4 5 6 3 3 2 4 2 4 5 3 3 4 3 5 1 4 4 5 1 3 3 1 1 5 0 3 2 1 
9 9 10 13 16 11 9 11 5 5 8 8 6 5 10 9 16 10 9 10 7 8 12 11 9 17 10 7 10 11 6 4 6 11 8 9 6 12 9 6 6 9 11 14 12 6 12 7 9 7 
7 5 5 9 6 6 6 7 2 13 3 9 11 4 6 7 12 0 4 7 7 4 5 9 5 5 9 8 3 1 7 2 10 9 5 6 6 8 14 8 6 12 9 11 14 10 11 3 6 15 
7 4 6 2 5 6 6 8 4 5 7 4 5 5 4 5 1 5 10 5 1 4 9 6 4 7 3 2 8 3 2 6 6 4 3 4 2 5 5 4 3 5 5 3 8 4 8 8 1 7 
4 2 3 0 3 3 2 2 2 0 3 3 2 2 4 0 0 3 3 4 2 2 3 3 0 0 1 2 2 4 2 1 0 3 0 2 4 1 1 1 2 2 0 4 3 2 3 4 1 1 
5 5 1 4 3 5 2 3 4 3 6 3 2 1 4 5 4 2 1 6 5 2 4 8 2 8 4 4 6 1 3 3 4 3 0 4 3 7 4 7 3 1 4 6 4 2 6 3 5 7 
8 10 10 9 10 9 14 6 8 8 18 6 15 9 14 6 10 6 4 8 13 11 14 14 11 7 11 10 13 11 8 15 15 9 7 10 5 14 13 16 8 9 12 17 12 6 9 8 11 6 
10 7 10 10 7 7 11 13 9 12 4 10 10 7 10 10 9 8 13 10 8 2 4 8 10 5 10 9 8 8 10 7 7 10 10 8 13 9 10 14 7 8 6 8 7 5 7 3 11 5 
2 1 0 3 0 2 0 1 0 1 2 1 1 0 1 2 0 2 2 1 1 2 1 1 1 0 1 2 2 0 0 1 2 0 2 1 0 0 1 0 0 1 1 2 0 0 2 1 1 2 
5 13 11 11 6 6 8 12 7 11 13 7 5 7 0 3 13 8 9 8 2 11 9 9 9 10 9 9 10 12 12 3 13 16 3 9 12 11 4 12 11 4 8 6 9 6 8 15 8 10 
7 5 7 4 4 6 1 2 6 7 6 2 6 2 7 10 7 7 6 2 4 4 9 4 8 5 6 4 3 4 6 4 7 2 7 9 4 3 4 4 5 5 9 5 8 11 2 6 5 6 
6 9 9 6 5 11 8 10 5 5 7 11 11 6 10 6 8 7 10 8 12 8 10 5 10 7 11 5 9 6 7 9 5 9 8 8 12 7 9 9 5 8 6 13 13 7 4 4 10 8 
7 10 12 9 12 9 12 8 11 8 5 16 8 14 9 6 11 8 10 6 10 4 7 11 8 5 3 8 9 12 11 11 9 13 9 10 10 7 8 14 7 1 13 6 7 7 8 7 6 7 
2 3 3 0 1 4 4 3 1 3 3 2 1 3 3 2 2 0 1 3 2 4 1 2 1 2 2 3 0 4 3 1 0 2 3 0 3 1 0 1 2 2 0 1 2 2 0 1 0 4 
4 6 1 9 9 12 12 7 7 11 6 10 9 14 7 12 9 10 5 10 10 13 9 17 8 6 9 6 10 13 12 12 6 15 6 8 6 8 12 4 5 4 7 9 6 9 7 7 12 8 
8 7 10 14 6 6 12 12 11 11 3 6 14 15 6 13 8 3 7 10 6 15 2 5 2 13 10 12 9 13 6 3 10 7 11 11 9 9 8 7 8 13 13 15 9 9 8 12 5 7 
4 8 5 10 9 7 4 7 4 7 5 10 9 7 12 8 8 6 9 8 6 7 7 14 5 3 6 6 8 8 5 10 9 3 4 5 3 8 6 8 6 6 6 9 9 6 7 9 7 9 
10 7 8 8 10 11 7 12 15 2 7 8 12 14 8 8 14 3 13 10 7 6 9 11 3 13 9 9 5 7 11 6 10 6 11 7 9 16 11 8 15 11 9 15 8 9 12 6 7 5 
4 4 1 4 2 4 2 1 7 0 2 4 6 2 0 4 1 1 1 2 3 0 3 3 2 5 7 0 6 4 0 7 2 0 2 4 5 4 1 4 4 2 6 0 2 2 3 6 3 5 
7 13 8 11 7 10 6 7 10 8 12 8 11 7 13 12 10 7 12 3 8 12 9 14 10 5 6 13 10 8 10 12 8 13 9 17 9 8 10 10 11 10 15 15 6 8 3 11 10 7 
1 7 4 9 2 6 6 4 2 5 4 7 10 7 3 9 7 2 1 6 5 5 4 4 7 1 6 5 5 8 9 5 6 13 11 5 5 5 8 6 9 4 4 9 9 2 6 5 8 8 
5 3 3 6 3 6 3 5 1 1 3 3 5 5 4 7 2 3 3 9 4 5 2 1 4 5 3 5 2 5 7 4 5 1 3 3 6 1 5 4 6 7 7 5 4 3 5 3 4 3 
9 12 12 12 12 11 7 12 9 12 14 12 15 10 9 13 12 12 11 16 11 10 12 7 8 3 6 12 11 9 12 13 5 13 15 10 8 6 11 9 6 13 13 14 12 13 4 9 7 10 
6 4 13 13 4 3 7 4 6 6 6 5 6 5 11 4 5 3 5 7 6 10 9 4 6 3 13 7 7 1 8 7 7 3 5 4 3 8 4 3 6 4 4 7 7 8 7 9 8 4 
4 13 11 13 13 9 3 18 13 8 10 11 15 9 3 12 14 10 15 10 16 8 10 12 8 7 11 11 13 12 12 11 7 12 10 7 8 18 10 6 12 7 16 10 8 10 12 11 9 6 
3 4 10 16 11 11 10 10 17 9 15 12 8 14 11 9 12 5 10 9 9 10 11 6 8 13 13 8 12 5 10 10 5 12 12 8 8 13 12 7 11 6 9 10 18 9 7 10 14 10 
8 4 6 8 5 3 8 3 3 8 5 0 0 6 5 5 4 3 5 8 4 7 4 4 6 4 9 2 7 6 6 2 10 4 7 4 7 5 9 7 4 0 6 5 4 5 2 3 4 7 
7 14 11 6 6 11 10 9 7 8 6 9 8 13 6 7 10 8 9 5 9 5 11 8 14 9 12 9 12 6 9 15 9 11 7 15 8 12 11 10 9 9 12 10 7 8 8 7 13 16 
12 6 13 10 1 7 5 10 5 8 6 15 8 10 5 9 8 1 3 10 14 12 8 8 10 5 8 6 3 8 13 10 5 13 6 6 5 8 7 9 5 11 9 6 4 8 6 1 6 13 
DEPOT_SECTION
 1
 -1
EOF
