NAME  : Parada_30_3_0.95_1.00_5
TYPE : SVRP
MODEL : FINITE_SUPPORT
NUMBER_OF_SCENARIOS : 50
DIMENSION : 30
EDGE_WEIGHT_TYPE : MATRIX
CAPACITY : 62
N_VEHICLES : 3
NODE_COORD_SECTION
1 27 203040
2 303950 484820
3 340580 191390
4 100980 337150
5 218320 177010
6 196320 84150
7 121880 154750
8 368790 338320
9 202540 18
10 220890 63380
11 205020 52165
12 32333 257970
13 213580 235740
14 461070 123930
15 373910 239050
16 393560 126830
17 467510 86889
18 216380 448810
19 155420 102490
20 225190 518620
21 108790 401610
22 105970 98208
23 155460 206640
24 309100 557380
25 122000 404520
26 308200 41885
27 370890 229150
28 8731 300190
29 52000 231420
30 359040 78018
DEMAND_SECTION
1 0.0
2 9.0
3 7.0
4 10.0
5 1.0
6 3.0
7 3.0
8 10.0
9 10.0
10 10.0
11 2.0
12 7.0
13 5.0
14 3.0
15 8.0
16 8.0
17 1.0
18 7.0
19 9.0
20 9.0
21 4.0
22 4.0
23 3.0
24 5.0
25 5.0
26 7.0
27 10.0
28 3.0
29 10.0
30 5.0
DISTANCE_MATRIX
0.0 54.5166 65.0692 48.2597 19.0525 42.4624 49.5435 70.9832 30.2763 45.7694 55.5786 9.21954 22.4491 53.9586 40.8644 44.5083 57.3638 64.9584 47.0106 43.0267 33.4643 33.4077 53.6902 48.8467 26.8478 34.5557 63.5016 10.4403 18.4391 34.6442 
54.5166 0.0 84.5931 79.6304 63.8413 92.7937 45.3542 27.2029 80.2948 95.3593 58.4637 46.1495 58.6003 98.7474 84.8883 89.2971 102.153 14.3178 94.3401 12.083 27.8605 59.9083 39.5601 18.9737 49.4773 80.865 77.2787 61.0483 39.1152 79.433 
65.0692 84.5931 0.0 20.6155 73.4393 57.1402 40.0125 69.0507 53.1601 55.0 27.1662 70.5683 86.8493 80.2309 89.4707 79.6994 78.5175 81.0987 48.0416 81.7435 70.634 97.7945 47.1699 94.321 42.2646 65.0 8.94427 62.1308 79.6773 74.3236 
48.2597 79.6304 20.6155 0.0 53.8934 37.0135 41.6848 71.7631 32.573 35.3553 31.8277 55.0091 70.5028 59.6825 69.3542 59.1354 58.1378 79.7036 28.8617 74.0068 55.1559 81.4615 49.3005 85.3756 31.0644 44.7214 24.1868 46.632 62.5766 54.1202 
19.0525 63.8413 73.4393 53.8934 0.0 38.0132 67.4332 78.6794 27.8927 42.107 73.4683 17.7279 17.72 35.0 23.3452 25.4558 38.5876 74.2832 45.1221 52.3259 42.789 30.8927 71.58 56.6039 44.7375 17.1172 73.7956 25.0972 25.807 15.6205 
42.4624 92.7937 57.1402 37.0135 38.0132 0.0 69.189 94.1116 12.53 4.47214 66.4368 51.6463 55.3263 24.1661 41.6173 27.5862 21.587 98.7254 10.8167 83.5367 65.0 65.96 74.6519 90.7579 47.4236 21.2132 61.131 48.3322 60.8482 28.2312 
49.5435 45.3542 40.0125 41.6848 67.4332 69.189 0.0 30.0832 58.191 70.0786 13.1529 58.9695 70.6141 84.2351 85.5398 78.8681 85.106 41.1096 66.3528 44.7772 36.4038 78.8557 7.61577 57.8014 23.3452 62.8427 32.1403 46.0689 53.2415 70.9373 
70.9832 27.2029 69.0507 71.7631 78.6794 94.1116 30.0832 0.0 82.3286 95.462 41.9762 60.9876 75.5544 106.784 100.491 101.255 108.221 15.2643 92.1954 34.7851 38.5176 80.0062 22.4722 45.6508 46.6905 85.2693 60.531 67.5087 55.2268 93.3243 
30.2763 80.2948 53.1601 32.573 27.8927 12.53 58.191 82.3286 0.0 15.5242 59.397 39.4602 45.607 28.0179 37.8021 26.5707 27.6586 86.8081 17.2627 71.022 52.4887 58.7853 63.6318 78.4474 35.805 13.4536 55.4437 35.8469 48.6621 22.6716 
45.7694 95.3593 55.0 35.3553 42.107 4.47214 70.0786 95.462 15.5242 0.0 65.5123 54.9533 59.5399 27.7849 46.0435 31.8904 24.6982 100.378 7.28011 86.102 67.5352 70.2845 75.5415 93.9628 48.8365 25.4951 59.5399 51.264 64.1552 32.6956 
55.5786 58.4637 27.1662 31.8277 73.4683 66.4368 13.1529 41.9762 59.397 65.5123 0.0 60.5415 76.6492 87.3848 91.3888 85.1381 86.5684 54.0093 59.6158 57.2713 47.5695 89.9767 20.025 70.214 29.1949 69.5805 19.0263 52.104 64.3625 76.7864 
9.21954 46.1495 70.5683 55.0091 17.7279 51.6463 58.9695 60.9876 39.4602 54.9533 60.5415 0.0 18.6815 52.634 39.3954 43.1838 56.0392 56.5913 56.0803 34.6554 25.0972 28.0 57.1126 39.8121 31.8107 33.2312 68.7938 10.0 9.21954 33.3196 
22.4491 58.6003 86.8493 70.5028 17.72 55.3263 70.6141 75.5544 45.607 59.5399 76.6492 18.6815 0.0 48.1568 31.6064 37.8487 52.4175 70.5195 62.8172 46.5188 39.664 13.198 71.6794 46.7547 47.9184 34.1321 85.1172 28.2312 20.3961 29.4392 
53.9586 98.7474 80.2309 59.6825 35.0 24.1661 84.2351 106.784 28.0179 27.7849 87.3848 52.634 48.1568 0.0 24.0832 10.4403 5.09902 110.132 34.8855 87.232 74.5741 56.0892 89.3197 91.526 61.0983 21.9545 83.2166 56.8823 60.803 19.4165 
40.8644 84.8883 89.4707 69.3542 23.3452 41.6173 85.5398 100.491 37.8021 46.0435 91.3888 39.3954 31.6064 24.0832 0.0 14.8661 29.1548 95.4598 51.8556 73.07 64.601 33.6155 93.3919 75.7223 62.2983 24.6982 90.1388 46.9091 45.8896 15.2643 
44.5083 89.2971 79.6994 59.1354 25.4558 27.5862 78.8681 101.255 26.5707 31.8904 85.1381 43.1838 37.8487 10.4403 14.8661 0.0 15.1327 99.739 38.2099 77.7817 68.2449 45.7056 83.8142 81.6088 55.6267 16.0312 81.5843 50.5531 51.0882 10.0 
57.3638 102.153 78.5175 58.1378 38.5876 21.587 85.106 108.221 27.6586 24.6982 86.5684 56.0392 52.4175 5.09902 29.1548 15.1327 0.0 111.569 31.9531 90.6372 76.0107 60.8276 90.377 95.1893 62.1691 24.0832 82.0061 58.3189 64.3506 23.2594 
64.9584 14.3178 81.0987 79.7036 74.2832 98.7254 41.1096 15.2643 86.8081 100.378 54.0093 56.5913 70.5195 110.132 95.4598 99.739 111.569 0.0 97.9439 25.0799 35.6122 72.9932 34.0 33.2415 51.9711 88.6168 73.0 68.8 50.3289 89.8748 
47.0106 94.3401 48.0416 28.8617 45.1221 10.8167 66.3528 92.1954 17.2627 7.28011 59.6158 56.0803 62.8172 34.8855 51.8556 38.2099 31.9531 97.9439 0.0 85.3815 66.4831 76.0068 71.8158 94.2587 46.0435 29.5466 52.9528 51.1957 65.192 37.7359 
43.0267 12.083 81.7435 74.0068 52.3259 83.5367 44.7772 34.7851 71.022 86.102 57.2713 34.6554 46.5188 87.232 73.07 77.7817 90.6372 25.0799 85.3815 0.0 19.2354 48.0521 40.6079 13.0384 43.0116 67.8292 75.2728 51.7754 27.2029 67.9176 
33.4643 27.8605 70.634 55.1559 42.789 65.0 36.4038 38.5176 52.4887 67.5352 47.5695 25.0972 39.664 74.5741 64.601 68.2449 76.0107 35.6122 66.4831 19.2354 0.0 44.911 34.547 30.2655 24.1861 53.0589 64.4462 33.2422 19.3693 58.3807 
33.4077 59.9083 97.7945 81.4615 30.8927 65.96 78.8557 80.0062 58.7853 70.2845 89.9767 28.0 13.198 56.0892 33.6155 45.7056 60.8276 72.9932 76.0068 48.0521 44.911 0.0 76.9424 45.1774 59.0431 44.8023 96.0262 38.0 25.7099 39.0 
53.6902 39.5601 47.1699 49.3005 71.58 74.6519 7.61577 22.4722 63.6318 75.5415 20.025 57.1126 71.6794 89.3197 93.3919 83.8142 90.377 34.0 71.8158 40.6079 34.547 76.9424 0.0 53.6004 28.2312 67.8284 39.0 50.2156 51.3847 75.8834 
48.8467 18.9737 94.321 85.3756 56.6039 90.7579 57.8014 45.6508 78.4474 93.9628 70.214 39.8121 46.7547 91.526 75.7223 81.6088 95.1893 33.2415 94.2587 13.0384 30.2655 45.1774 53.6004 0.0 54.4068 72.5257 88.0227 43.1936 30.8869 72.111 
26.8478 49.4773 42.2646 31.0644 44.7375 47.4236 23.3452 46.6905 35.805 48.8365 29.1949 31.8107 47.9184 61.0983 62.2983 55.6267 62.1691 51.9711 46.0435 43.0116 24.1861 59.0431 28.2312 54.4068 0.0 39.6408 40.2915 23.3732 37.4138 47.6959 
34.5557 80.865 65.0 44.7214 17.1172 21.2132 62.8427 85.2693 13.4536 25.4951 69.5805 33.2312 34.1321 21.9545 24.6982 16.0312 24.0832 88.6168 29.5466 67.8292 53.0589 44.8023 67.8284 72.5257 39.6408 0.0 66.2193 35.3671 41.6476 9.43398 
63.5016 77.2787 8.94427 24.1868 73.7956 61.131 32.1403 60.531 55.4437 59.5399 19.0263 68.7938 85.1172 83.2166 90.1388 81.5843 82.0061 73.0 52.9528 75.2728 64.4462 96.0262 39.0 88.0227 40.2915 66.2193 0.0 60.3563 77.7042 75.2861 
10.4403 61.0483 62.1308 46.632 25.0972 48.3322 46.0689 67.5087 35.8469 51.264 52.104 10.0 28.2312 56.8823 46.9091 50.5531 58.3189 68.8 51.1957 51.7754 33.2422 38.0 50.2156 43.1936 23.3732 35.3671 60.3563 0.0 16.1555 40.6889 
18.4391 39.1152 79.6773 62.5766 25.807 60.8482 53.2415 55.2268 48.6621 64.1552 64.3625 9.21954 20.3961 60.803 45.8896 51.0882 64.3506 50.3289 65.192 27.2029 19.3693 25.7099 51.3847 30.8869 37.4138 41.6476 77.7042 16.1555 0.0 41.4005 
34.6442 79.433 74.3236 54.1202 15.6205 28.2312 70.9373 93.3243 22.6716 32.6956 76.7864 33.3196 29.4392 19.4165 15.2643 10.0 23.2594 89.8748 37.7359 67.9176 58.3807 39.0 75.8834 72.111 47.6959 9.43398 75.2861 40.6889 41.4005 0.0 
DEMAND_SCENARIO_SECTION
0 0 0 0 0 0 0 0 0 0 0 0 0 0 0 0 0 0 0 0 0 0 0 0 0 0 0 0 0 0 0 0 0 0 0 0 0 0 0 0 0 0 0 0 0 0 0 0 0 0 
6 12 12 8 7 11 4 10 8 11 13 9 15 8 9 9 7 13 8 7 6 5 6 7 6 13 7 10 10 7 10 7 10 10 9 14 13 10 11 5 8 12 10 8 13 13 7 9 12 15 
6 12 11 6 9 5 7 5 6 8 5 6 7 7 4 9 12 7 9 6 8 8 7 9 13 3 4 5 9 7 8 6 11 10 7 11 12 11 4 10 6 7 7 12 0 4 7 5 7 9 
4 10 12 9 12 8 13 15 11 7 7 14 5 10 13 6 12 13 11 10 13 9 10 5 6 11 7 4 8 14 13 8 8 13 10 14 10 4 11 3 11 12 15 6 5 9 10 7 12 7 
2 1 1 2 1 1 1 2 1 2 3 0 0 3 1 1 2 1 2 2 0 1 0 1 0 0 2 1 0 1 1 2 0 1 1 0 1 1 0 1 3 2 1 2 2 2 2 0 1 2 
0 0 4 3 3 2 1 5 1 3 1 0 5 6 4 1 6 6 3 3 5 2 2 4 3 4 0 5 2 4 1 4 2 4 4 4 2 0 4 3 4 5 3 4 3 3 5 2 4 6 
4 2 4 1 2 5 2 1 8 3 3 0 3 3 0 0 6 0 2 4 2 7 4 5 6 4 3 1 6 2 4 4 3 3 1 4 5 7 3 2 6 4 3 1 2 1 1 3 4 4 
13 13 10 8 8 8 15 6 6 14 3 8 11 14 10 8 12 15 8 10 11 14 13 11 8 10 11 11 12 14 7 11 9 13 14 6 9 10 8 8 11 10 12 9 10 6 13 15 18 14 
11 11 12 6 8 11 9 8 5 17 9 8 6 10 13 8 10 11 10 9 13 14 9 12 2 13 12 3 11 12 13 13 14 10 7 10 13 5 11 8 10 11 11 11 9 12 6 6 12 9 
8 10 8 10 8 10 16 13 10 5 6 12 15 8 11 13 13 6 10 11 6 14 9 10 6 10 12 10 6 5 9 5 7 15 11 11 11 13 6 8 12 11 11 7 13 8 12 10 11 12 
4 1 0 1 0 1 0 3 1 2 2 1 2 2 0 2 3 2 1 2 3 0 1 3 4 1 0 3 1 0 2 0 3 1 2 1 1 3 3 1 1 4 2 0 4 1 3 2 3 4 
9 5 5 7 6 9 9 8 9 8 6 4 0 3 9 6 8 7 6 6 6 6 4 4 7 6 8 4 4 7 12 8 5 4 5 5 8 11 3 8 6 5 7 10 5 8 7 4 6 9 
1 3 4 3 3 2 5 6 4 3 8 5 2 3 5 9 7 4 9 0 2 10 6 7 2 7 3 2 7 2 3 2 5 5 1 0 3 2 5 6 4 8 5 4 5 2 5 5 5 8 
6 4 0 3 2 1 2 2 1 1 2 6 4 4 6 0 1 2 0 1 6 3 3 4 2 3 2 1 5 3 7 3 4 2 5 5 6 0 5 3 4 1 1 3 1 1 5 3 2 5 
9 9 12 7 3 5 9 10 3 9 3 18 12 7 6 6 6 6 11 11 10 11 7 6 4 6 9 12 8 9 7 8 10 9 9 10 5 13 6 6 6 6 11 14 7 13 8 9 4 13 
9 14 17 8 7 10 5 9 8 8 2 9 8 7 7 10 7 7 5 6 10 6 10 7 5 10 8 11 6 5 6 9 2 7 5 5 10 3 13 7 6 7 9 13 8 9 7 3 8 7 
0 2 1 1 0 2 2 0 2 1 0 1 1 0 2 1 0 2 2 0 2 3 1 2 4 1 1 4 3 2 1 1 0 1 2 1 0 2 2 2 2 2 1 2 0 2 3 1 2 0 
6 10 6 9 8 12 4 9 5 9 6 3 13 7 5 8 4 9 9 5 6 6 11 5 12 9 8 7 4 10 3 7 5 7 5 5 11 10 6 4 8 9 9 6 8 11 11 6 4 11 
12 4 5 8 8 8 8 11 10 12 4 6 10 5 14 10 10 12 8 7 6 9 8 9 6 9 11 12 14 10 8 11 7 11 10 7 8 15 12 14 9 6 6 10 4 8 4 8 8 3 
5 5 7 7 9 8 8 11 2 14 10 8 10 8 2 13 7 6 14 10 11 8 11 12 5 8 7 8 2 8 10 10 7 5 4 10 7 13 4 4 7 6 16 7 6 6 10 13 11 10 
5 3 5 1 6 5 4 2 4 7 4 1 7 7 6 5 1 3 6 3 5 4 4 4 8 3 6 5 6 7 4 1 4 3 1 5 3 5 3 9 7 3 9 2 2 6 6 2 1 2 
5 5 2 4 3 4 5 8 5 7 0 6 5 9 8 3 1 7 5 2 3 4 5 4 3 3 5 5 4 4 5 4 1 1 6 7 2 5 6 5 4 6 4 2 3 6 4 1 2 3 
6 6 3 2 3 3 2 1 2 5 4 6 3 3 2 0 3 2 6 3 4 7 2 2 3 4 1 1 1 4 6 2 2 4 4 3 3 3 6 4 3 4 1 3 3 2 1 3 4 1 
9 5 4 6 4 4 7 4 6 7 4 3 7 3 7 6 6 7 3 6 5 3 3 4 9 4 6 7 5 6 3 9 5 7 6 6 3 3 5 2 0 4 7 8 6 5 4 4 6 7 
5 6 6 4 6 5 2 8 6 7 5 3 3 4 2 7 3 8 7 3 4 4 5 4 5 7 5 6 5 5 9 4 1 6 11 6 7 7 3 3 7 5 1 7 5 3 1 5 3 5 
7 9 12 9 6 7 10 7 8 10 1 10 7 12 7 10 8 8 8 3 10 8 12 6 9 8 10 10 9 17 5 6 6 5 8 8 7 3 7 5 7 7 7 8 8 6 8 12 4 7 
11 12 10 9 9 14 3 13 9 14 8 10 9 10 15 12 4 7 7 9 15 11 10 12 9 6 12 10 11 5 6 7 11 15 11 10 13 11 12 8 10 9 17 9 6 6 9 11 13 12 
4 2 6 0 1 5 4 0 2 5 2 3 3 4 6 5 3 2 3 4 2 2 6 4 3 6 4 4 4 5 3 2 5 5 4 4 2 2 5 1 5 5 2 3 2 0 3 0 4 1 
11 11 10 8 9 12 10 7 9 13 5 12 15 8 10 13 12 11 14 10 10 13 11 7 12 14 9 11 17 9 7 11 12 18 19 11 9 8 9 9 15 11 5 6 8 11 7 11 9 11 
2 8 6 8 4 0 1 1 7 3 7 4 6 9 5 7 9 9 7 4 10 6 2 5 6 4 6 5 6 5 1 3 5 8 5 8 9 5 6 6 0 5 9 7 5 10 2 1 8 4 
DEPOT_SECTION
 1
 -1
EOF
