NAME  : Parada_30_3_0.95_1.00_3
TYPE : SVRP
MODEL : FINITE_SUPPORT
NUMBER_OF_SCENARIOS : 50
DIMENSION : 30
EDGE_WEIGHT_TYPE : MATRIX
CAPACITY : 57
N_VEHICLES : 3
NODE_COORD_SECTION
1 84110 245700
2 507940 86948
3 440700 123960
4 85749 291300
5 621220 211320
6 165460 131120
7 7152 28176
8 367930 196570
9 438410 144100
10 379600 18
11 584930 194510
12 333410 231370
13 686630 164740
14 445880 167860
15 369700 308130
16 194950 102920
17 250880 20773
18 319140 266930
19 63804 156630
20 256010 198230
21 638650 185540
22 27 107710
23 584450 222890
24 392860 331120
25 172230 221720
26 176040 106750
27 424040 238680
28 252000 289090
29 138760 128210
30 249750 173700
DEMAND_SECTION
1 0.0
2 9.0
3 8.0
4 2.0
5 2.0
6 9.0
7 6.0
8 3.0
9 9.0
10 6.0
11 5.0
12 3.0
13 4.0
14 10.0
15 1.0
16 5.0
17 1.0
18 10.0
19 3.0
20 1.0
21 5.0
22 8.0
23 9.0
24 9.0
25 7.0
26 5.0
27 3.0
28 2.0
29 10.0
30 10.0
DISTANCE_MATRIX
0.0 45.2732 36.2571 7.2111 65.6697 58.6003 62.8689 39.8497 32.6497 34.9718 66.3194 40.4475 65.4938 33.2866 46.0109 62.482 34.2987 37.0135 52.8437 51.28 60.5279 26.1725 66.1409 61.6887 57.0614 44.9144 25.9615 40.5115 47.7497 66.736 
45.2732 0.0 9.05539 49.719 78.0024 79.6304 104.064 37.4833 47.1699 48.3696 77.1622 32.0156 20.2485 50.0899 27.7849 81.3941 59.7593 26.4764 92.7036 76.4846 16.6433 64.405 78.0064 88.3949 89.5623 78.8556 19.3132 27.7308 83.7551 99.8369 
36.2571 9.05539 0.0 43.1858 68.9657 80.2857 97.371 28.8617 47.8017 39.325 68.2642 23.7697 26.9072 50.453 21.2132 82.5651 51.7397 18.0278 84.6863 68.7018 25.0799 60.1139 69.029 79.3503 81.5314 70.8378 10.8167 31.8904 75.7343 91.8059 
7.2111 49.719 43.1858 0.0 65.4111 56.5862 55.7198 44.7217 34.2053 50.6064 76.4541 46.0435 69.9396 34.176 52.2398 60.8276 26.4837 43.1045 45.6946 42.5443 64.9737 20.025 73.6479 56.0823 49.9123 37.7654 32.8938 44.1818 40.6006 59.5869 
65.6697 78.0024 68.9657 65.4111 0.0 111.776 69.7209 42.72 97.0385 32.4548 14.0 49.0408 91.7606 93.1506 57.7754 116.396 38.9487 52.8867 56.2939 30.0832 92.918 69.2965 10.0499 18.0 41.1096 41.7852 60.1244 95.0554 45.8803 46.3897 
58.6003 79.6304 80.2857 56.5862 111.776 0.0 77.0065 97.3985 32.5576 93.5435 122.875 96.4798 96.0052 29.8329 99.0202 5.09902 72.8011 91.3995 76.4853 86.8332 88.0909 43.4166 120.069 101.356 88.8651 78.3901 77.2528 54.037 78.4347 96.0469 
62.8689 104.064 97.371 55.7198 69.7209 77.0065 0.0 89.5947 77.4726 71.8401 83.6002 93.3308 124.278 75.3923 101.553 82.0244 47.0106 92.5743 14.1421 41.0122 119.319 43.8292 79.7621 51.9711 28.8617 30.4138 86.687 95.1315 25.1794 28.0179 
39.8497 37.4833 28.8617 44.7217 42.72 97.3985 89.5947 0.0 68.0181 18.0278 40.0125 6.32456 49.2443 69.734 15.2643 101.065 42.855 11.0454 75.6713 51.9215 51.0882 64.6746 41.3038 53.4578 67.1331 59.649 23.0217 58.0505 65.0338 76.6519 
32.6497 47.1699 47.8017 34.2053 97.0385 32.5576 77.4726 68.0181 0.0 66.7379 98.0855 65.5683 64.3817 3.16228 68.0074 34.7851 54.9235 60.484 71.0634 70.984 56.8859 33.8378 97.5097 84.522 78.0577 66.0076 46.2508 23.4094 68.2642 87.367 
34.9718 48.3696 39.325 50.6064 32.4548 93.5435 71.8401 18.0278 66.7379 0.0 33.1455 23.3452 63.7546 67.5211 32.5269 97.3655 26.0192 25.2389 57.8705 33.9013 63.9594 56.5871 32.926 40.095 49.1129 41.7852 29.8284 64.3575 47.1699 58.6317 
66.3194 77.1622 68.2642 76.4541 14.0 122.875 83.6002 40.0125 98.0855 33.1455 0.0 46.0977 88.8144 98.7343 53.7587 127.439 50.0218 51.0 70.0357 43.4166 91.0879 80.3549 4.12311 32.0 55.0818 55.0818 60.208 95.2105 59.439 60.2993 
40.4475 32.0156 23.7697 46.0435 49.0408 96.4798 93.3308 6.32456 65.5683 23.3452 46.0977 0.0 42.9535 67.3455 9.21954 99.4536 46.4367 5.83095 80.0243 57.1783 45.0111 66.0681 47.5184 59.7652 72.3899 64.903 19.8494 54.2033 70.2878 81.9087 
65.4938 20.2485 26.9072 69.9396 91.7606 96.0052 124.278 49.2443 64.3817 63.7546 88.8144 42.9535 0.0 67.4759 35.1283 97.0824 78.6448 38.8973 111.594 95.5967 8.544 84.6057 90.4268 103.78 108.426 97.7446 37.6431 42.0119 102.645 118.701 
33.2866 50.0899 50.453 34.176 93.1506 29.8329 75.3923 69.734 3.16228 67.5211 98.7343 67.3455 67.4759 0.0 69.7846 32.311 54.2233 62.2613 69.4262 70.2838 60.0167 32.0156 98.5558 83.8218 77.0 65.0308 48.028 26.5707 67.0671 86.1452 
46.0109 27.7849 21.2132 52.2398 57.7754 99.0202 101.553 15.2643 68.0074 32.5269 53.7587 9.21954 35.1283 69.7846 0.0 101.896 54.6588 9.21954 88.2464 66.3585 38.3275 72.111 55.5428 68.6236 81.5701 73.7005 21.8403 53.0754 78.7277 91.0889 
62.482 81.3941 82.5651 60.8276 116.396 5.09902 82.0244 101.065 34.7851 97.3655 127.439 99.4536 97.0824 32.311 101.896 0.0 77.4209 94.3716 81.5843 91.7061 89.0056 48.3011 124.632 106.174 93.9202 83.3847 80.1392 55.0818 83.4865 101.139 
34.2987 59.7593 51.7397 26.4837 38.9487 72.8011 47.0106 42.855 54.9235 26.0192 50.0218 46.4367 78.6448 54.2233 54.6588 77.4209 0.0 45.7063 33.6155 18.1108 76.3672 30.4795 47.2155 30.0832 30.0167 19.105 41.0366 67.4766 24.0832 40.3113 
37.0135 26.4764 18.0278 43.1045 52.8867 91.3995 92.5743 11.0454 60.484 25.2389 51.0 5.83095 38.8973 62.2613 9.21954 94.3716 45.7063 0.0 79.2938 59.1322 40.1995 63.0317 52.1536 64.2548 74.3438 64.7479 14.4222 48.4149 69.7751 83.8626 
52.8437 92.7036 84.6863 45.6946 56.2939 76.4853 14.1421 75.6713 71.0634 57.8705 70.0357 80.0243 111.594 69.4262 88.2464 81.5843 33.6155 79.2938 0.0 27.0185 109.312 37.4833 66.2873 38.8973 16.6433 16.2788 74.0023 86.402 11.0454 20.1246 
51.28 76.4846 68.7018 42.5443 30.0832 86.8332 41.0122 51.9215 70.984 33.9013 43.4166 57.1783 95.5967 70.2838 66.3585 91.7061 18.1108 59.1322 27.0185 0.0 93.1215 43.4166 39.8497 14.8661 15.2643 11.7047 57.9651 83.5372 16.1245 24.7588 
60.5279 16.6433 25.0799 64.9737 92.918 88.0909 119.319 51.0882 56.8859 63.9594 91.0879 45.0111 8.544 60.0167 38.3275 89.0056 76.3672 40.1995 109.312 93.1215 0.0 79.9902 92.3472 103.985 106.17 95.4635 35.7771 34.0588 100.363 116.445 
26.1725 64.405 60.1139 20.025 69.2965 43.4166 43.8292 64.6746 33.8378 56.5871 80.3549 66.0681 84.6057 32.0156 72.111 48.3011 30.4795 63.0317 37.4833 43.4166 79.9902 0.0 77.5486 57.9828 46.6905 35.4401 51.9987 51.8556 36.3456 55.0818 
66.1409 78.0064 69.029 73.6479 10.0499 120.069 79.7621 41.3038 97.5097 32.926 4.12311 47.5184 90.4268 98.5558 55.5428 124.632 47.2155 52.1536 66.2873 39.8497 92.3472 77.5486 0.0 28.0179 51.1566 51.5461 60.531 95.3678 55.7853 56.2228 
61.6887 88.3949 79.3503 56.0823 18.0 101.356 51.9711 53.4578 84.522 40.095 32.0 59.7652 103.78 83.8218 68.6236 106.174 30.0832 64.2548 38.8973 14.8661 103.985 57.9828 28.0179 0.0 23.1948 25.807 69.8537 97.0751 29.0689 28.6356 
57.0614 89.5623 81.5314 49.9123 41.1096 88.8651 28.8617 67.1331 78.0577 49.1129 55.0818 72.3899 108.426 77.0 81.5701 93.9202 30.0167 74.3438 16.6433 15.2643 106.17 46.6905 51.1566 23.1948 0.0 12.1655 70.7947 90.9052 10.4403 10.2956 
44.9144 78.8556 70.8378 37.7654 41.7852 78.3901 30.4138 59.649 66.0076 41.7852 55.0818 64.903 97.7446 65.0308 73.7005 83.3847 19.105 64.7479 16.2788 11.7047 95.4635 35.4401 51.5461 25.807 12.1655 0.0 60.1415 78.7583 5.38516 22.1359 
25.9615 19.3132 10.8167 32.8938 60.1244 77.2528 86.687 23.0217 46.2508 29.8284 60.208 19.8494 37.6431 48.028 21.8403 80.1392 41.0366 14.4222 74.0023 57.9651 35.7771 51.9987 60.531 69.8537 70.7947 60.1415 0.0 35.2036 65.0538 81.0692 
40.5115 27.7308 31.8904 44.1818 95.0554 54.037 95.1315 58.0505 23.4094 64.3575 95.2105 54.2033 42.0119 26.5707 53.0754 55.0818 67.4766 48.4149 86.402 83.5372 34.0588 51.8556 95.3678 97.0751 90.9052 78.7583 35.2036 0.0 81.5935 100.58 
47.7497 83.7551 75.7343 40.6006 45.8803 78.4347 25.1794 65.0338 68.2642 47.1699 59.439 70.2878 102.645 67.0671 78.7277 83.4865 24.0832 69.7751 11.0454 16.1245 100.363 36.3456 55.7853 29.0689 10.4403 5.38516 65.0538 81.5935 0.0 19.105 
66.736 99.8369 91.8059 59.5869 46.3897 96.0469 28.0179 76.6519 87.367 58.6317 60.2993 81.9087 118.701 86.1452 91.0889 101.139 40.3113 83.8626 20.1246 24.7588 116.445 55.0818 56.2228 28.6356 10.2956 22.1359 81.0692 100.58 19.105 0.0 
DEMAND_SCENARIO_SECTION
0 0 0 0 0 0 0 0 0 0 0 0 0 0 0 0 0 0 0 0 0 0 0 0 0 0 0 0 0 0 0 0 0 0 0 0 0 0 0 0 0 0 0 0 0 0 0 0 0 0 
4 6 6 12 10 11 5 11 7 9 9 10 5 9 10 11 13 8 7 11 7 6 11 4 11 11 10 5 5 9 8 12 6 5 9 7 16 11 11 9 8 12 8 6 11 11 14 14 12 13 
6 12 6 10 10 12 10 7 7 6 8 3 6 7 4 8 7 4 13 9 13 11 6 5 8 13 12 9 9 8 6 13 6 7 10 11 5 4 4 6 7 5 13 8 14 7 13 4 7 8 
1 1 0 4 4 2 0 0 4 1 1 1 2 1 1 4 1 1 4 0 0 3 2 1 0 1 5 3 1 1 2 2 2 1 2 3 2 2 2 3 0 2 1 4 2 3 0 1 2 0 
2 3 1 2 2 0 2 2 3 1 3 4 4 2 2 0 2 2 2 4 4 3 1 3 4 0 1 1 0 0 2 2 0 4 2 1 1 0 1 2 4 2 0 4 4 2 3 4 2 0 
10 8 9 12 10 7 6 6 12 5 9 5 9 12 8 10 9 12 5 7 10 16 10 4 9 14 12 7 9 6 12 10 8 9 6 7 11 12 7 14 8 6 10 8 9 12 10 6 5 4 
6 4 0 4 5 6 12 7 7 4 7 5 7 7 7 4 9 7 11 8 10 9 9 9 13 5 4 9 3 7 4 9 6 2 8 7 8 10 8 1 6 5 4 3 5 0 7 2 7 6 
1 1 5 4 4 2 3 5 4 3 4 3 2 0 4 2 0 5 5 1 3 2 1 4 5 2 5 2 3 7 3 1 3 0 1 2 2 5 2 1 4 0 4 3 2 1 4 3 3 2 
10 8 12 10 13 4 11 8 11 13 7 12 11 11 10 16 8 8 7 8 11 7 10 7 5 4 9 5 5 11 14 3 3 6 8 9 13 12 5 6 10 14 10 8 12 11 11 7 5 8 
6 7 5 7 7 3 1 0 6 6 10 5 7 4 7 5 9 1 4 3 4 0 6 9 4 5 9 2 0 6 5 7 8 5 8 4 6 9 7 8 9 6 5 8 11 9 7 8 12 6 
5 5 3 7 6 3 3 11 8 2 9 5 6 5 7 3 5 8 8 9 3 6 9 3 4 5 7 7 6 6 6 9 1 6 3 5 7 4 7 5 0 0 5 6 5 4 8 6 1 6 
3 3 1 0 4 2 2 2 3 3 2 5 1 2 4 4 1 3 5 0 3 5 4 2 3 3 0 0 2 4 3 5 4 2 1 0 4 2 4 4 2 3 0 1 2 3 2 2 1 5 
5 5 1 4 0 1 4 6 1 5 6 4 7 2 0 4 2 5 5 2 6 8 6 4 4 7 7 1 5 5 7 1 4 5 6 3 2 7 5 5 2 1 4 4 0 6 2 5 3 5 
9 13 7 8 5 10 11 8 7 4 10 5 12 10 9 15 5 7 5 10 8 12 9 9 8 10 10 14 8 11 5 13 7 9 11 9 8 14 9 9 11 10 6 6 10 14 15 11 8 10 
0 1 0 0 1 2 1 0 1 0 2 1 0 1 1 1 1 1 0 1 2 2 1 0 2 1 0 2 1 2 0 2 0 0 0 1 1 1 1 0 0 1 0 1 0 0 1 2 0 2 
4 0 7 6 2 3 8 4 6 4 9 4 4 2 5 5 7 10 5 3 1 4 6 3 9 4 3 4 5 5 8 8 3 4 3 7 5 1 5 6 6 6 4 8 11 8 3 5 1 6 
1 2 0 1 1 2 1 0 1 2 0 1 1 1 1 1 1 1 2 1 0 0 1 2 1 0 0 2 1 0 2 1 2 3 1 0 0 1 0 2 0 1 1 1 1 0 2 1 0 0 
12 7 10 7 7 6 9 10 7 14 7 11 16 12 12 10 7 10 7 11 4 4 10 14 7 9 4 4 13 6 8 15 6 10 3 7 10 7 13 12 11 14 15 9 10 11 14 9 14 8 
3 4 0 5 5 3 4 1 1 3 4 2 2 4 1 2 2 1 4 0 2 1 3 5 1 6 3 4 0 2 1 5 2 3 1 4 5 3 1 3 3 5 5 3 4 3 4 4 4 3 
0 1 1 2 1 1 0 1 1 2 1 0 1 3 1 2 1 1 0 2 2 0 0 1 1 1 0 0 2 2 2 0 0 1 4 1 0 1 1 1 0 1 1 0 2 3 0 1 2 0 
2 2 7 1 3 10 3 2 7 5 4 3 0 6 2 3 4 6 7 7 9 5 7 8 5 2 6 11 7 4 5 6 9 5 9 3 5 6 4 4 4 1 5 3 5 7 6 9 6 5 
9 7 13 6 7 8 10 1 7 3 4 10 10 6 10 9 6 13 8 14 6 10 8 10 10 5 9 8 11 9 10 14 6 12 7 4 6 6 7 7 10 7 7 5 8 5 7 9 5 9 
8 8 13 6 17 8 9 7 8 6 12 6 9 9 6 9 10 9 12 16 12 9 10 2 9 10 11 10 6 7 11 7 5 14 9 16 1 9 10 11 5 8 8 9 4 7 6 10 6 11 
8 9 12 0 9 11 10 11 12 9 15 8 13 11 10 16 7 9 7 8 5 10 6 9 8 9 12 13 9 6 8 12 11 12 8 9 6 10 12 10 9 6 15 9 8 11 9 11 11 5 
4 9 9 7 8 3 7 6 5 5 8 8 10 10 7 7 10 9 7 5 6 9 4 3 8 7 5 9 11 8 8 7 10 12 9 7 10 11 9 6 4 5 5 5 10 11 12 9 4 2 
6 7 6 4 2 1 3 4 5 4 7 9 2 3 4 6 8 3 4 3 5 3 4 4 7 3 4 5 1 4 6 6 0 7 4 6 5 6 5 9 4 7 8 7 9 7 3 4 1 6 
2 4 2 4 3 3 3 1 4 3 6 4 0 4 4 3 3 4 2 6 1 4 2 0 0 2 3 0 5 4 2 0 3 5 3 0 7 2 2 4 2 3 3 3 2 2 1 4 0 3 
0 1 2 6 3 4 0 3 1 1 3 2 2 2 1 2 0 0 2 0 0 2 4 2 4 2 2 4 0 2 3 4 1 1 0 0 1 3 1 3 3 2 1 4 0 2 2 0 3 3 
11 12 11 13 8 12 7 6 12 8 8 15 6 11 15 16 9 10 15 5 12 14 9 16 1 8 12 12 10 6 10 10 11 10 12 10 5 9 13 9 11 11 15 7 5 14 14 18 12 11 
7 6 15 14 6 8 13 12 13 5 8 10 9 13 10 10 9 14 14 5 13 6 11 8 10 12 10 4 11 10 5 6 7 10 7 14 10 11 11 11 11 1 13 12 13 8 8 11 2 10 
DEPOT_SECTION
 1
 -1
EOF
