NAME  : Parada_30_3_0.95_1.00_4
TYPE : SVRP
MODEL : FINITE_SUPPORT
NUMBER_OF_SCENARIOS : 50
DIMENSION : 30
EDGE_WEIGHT_TYPE : MATRIX
CAPACITY : 50
N_VEHICLES : 3
NODE_COORD_SECTION
1 237620 45669
2 630560 165060
3 336780 71182
4 98823 453840
5 428230 310160
6 27195 298060
7 269400 145280
8 353980 283920
9 375240 152670
10 299660 33351
11 222000 20347
12 232690 175030
13 487760 144660
14 402380 209230
15 344440 378960
16 473690 18
17 557850 160150
18 283070 276620
19 27 362610
20 334260 363020
21 309760 301960
22 141130 100500
23 257000 211660
24 373870 175490
25 510560 249900
26 325480 122610
27 374270 88026
28 154280 300860
29 222470 12920
30 405000 164000
DEMAND_SECTION
1 0.0
2 4.0
3 2.0
4 6.0
5 1.0
6 6.0
7 4.0
8 2.0
9 9.0
10 3.0
11 8.0
12 10.0
13 5.0
14 7.0
15 5.0
16 2.0
17 6.0
18 9.0
19 6.0
20 5.0
21 10.0
22 6.0
23 1.0
24 2.0
25 1.0
26 1.0
27 6.0
28 3.0
29 5.0
30 8.0
DISTANCE_MATRIX
0.0 72.1403 14.6868 45.6014 38.9102 48.4348 31.0483 37.1404 37.7359 6.7082 35.1283 29.0172 46.8615 35.2032 38.9615 43.4166 62.2435 32.7146 51.6627 42.4264 44.2038 13.6015 22.0907 34.9857 61.4494 37.855 20.6725 48.3542 56.0474 20.5247 
72.1403 0.0 58.1548 111.221 83.0083 111.157 60.8276 57.5847 72.4431 67.2086 94.7054 52.1728 82.0975 37.3631 69.8928 91.9837 10.2956 56.6105 115.305 73.3757 58.4637 74.9089 56.921 70.7107 18.0278 44.1022 54.7514 36.6105 36.4005 69.3249 
14.6868 58.1548 0.0 59.4727 33.3766 53.0832 39.1653 27.3059 52.27 9.84886 36.2491 32.9063 61.5231 32.249 29.477 57.8652 48.3146 22.8801 57.2312 33.2921 34.3693 27.7404 29.7517 49.4966 48.3011 39.2046 6.08276 34.3663 55.3263 12.3693 
45.6014 111.221 59.4727 0.0 57.5674 24.1868 56.6236 71.4138 53.1413 50.5775 38.9102 61.8642 54.5894 75.2518 67.5352 39.0 100.974 67.15 16.4924 69.0507 77.7952 37.3026 55.2384 52.0 96.1433 72.4213 66.4621 93.14 90.849 55.112 
38.9102 83.0083 33.3766 57.5674 0.0 43.1856 69.6473 25.807 76.5376 32.2025 20.0 66.0876 85.1469 65.0077 15.0 79.9537 74.9218 27.6586 51.0098 13.9284 28.4253 49.6602 60.2036 73.8241 77.8781 72.5603 34.0147 59.4509 88.0057 21.095 
48.4348 111.157 53.0832 24.1868 43.1856 0.0 71.3092 63.1585 71.2532 44.3316 23.3452 73.1642 75.1066 81.6234 56.5155 61.1882 101.317 59.5003 9.43398 56.7186 68.6222 44.9222 65.5515 69.5085 100.665 83.2586 58.1378 87.2479 102.001 48.0208 
31.0483 60.8276 39.1653 56.6236 69.6473 71.3092 0.0 60.9994 12.1655 37.6431 65.192 9.05539 22.8035 24.0 68.4039 31.3209 51.2445 61.807 69.5997 72.219 67.2596 26.4764 10.0 10.0 43.4166 17.4642 40.8831 49.3244 34.7131 50.7899 
37.1404 57.5847 27.3059 71.4138 25.807 63.1585 60.9994 0.0 72.148 31.277 40.8167 53.5285 82.8802 46.8188 12.3693 80.3187 50.2195 10.8167 68.9638 16.1245 7.61577 50.194 51.5858 69.4651 55.0367 56.3649 36.1403 36.0167 68.4471 17.1406 
37.7359 72.4431 52.27 53.1413 76.5376 71.2532 12.1655 72.148 0.0 44.4185 69.2939 21.2132 10.7703 36.0555 76.5447 21.095 63.0714 72.9556 67.4685 80.0096 78.4082 28.8617 20.5913 2.82843 54.7449 28.4429 52.0317 61.3624 43.4166 58.1079 
6.7082 67.2086 9.84886 50.5775 32.2025 44.3316 37.6431 31.277 44.4185 0.0 29.6142 35.0571 53.4135 38.9239 32.8024 49.0918 57.4085 26.8512 48.4796 36.1248 38.3404 18.868 28.4429 41.6773 56.6144 43.3282 15.8114 43.4364 61.6751 14.4222 
35.1283 94.7054 36.2491 38.9102 20.0 23.3452 65.192 40.8167 69.2939 29.6142 0.0 64.1249 75.9682 67.72 33.2415 66.9817 84.3619 38.0953 31.0161 33.3766 45.6946 40.4591 57.0088 66.9351 84.5281 72.8377 39.9625 70.095 90.4874 27.6586 
29.0172 52.1728 32.9063 61.8642 66.0876 73.1642 9.05539 53.5285 21.2132 35.0571 64.1249 0.0 31.7805 15.0333 62.1397 39.8121 42.4264 44.8489 72.121 65.9548 59.7887 28.6531 7.61577 19.0263 35.1141 10.6301 34.4819 40.5398 29.4109 45.2522 
46.8615 82.0975 61.5231 54.5894 85.1469 75.1066 22.8035 82.8802 10.7703 53.4135 75.9682 31.7805 0.0 46.3897 85.7978 17.0 73.0068 79.5509 70.1142 89.2627 89.1404 36.2353 31.305 13.4164 64.195 38.0132 62.7639 72.0984 50.9215 67.361 
35.2032 37.3631 32.249 75.2518 65.0077 81.6234 24.0 46.8188 36.0555 38.9239 67.72 15.0333 46.3897 0.0 57.4891 54.7449 27.4591 38.6394 81.3604 61.6117 52.446 38.9487 19.6977 34.0 21.095 10.6301 31.0644 28.0227 23.0868 44.0114 
38.9615 69.8928 29.477 67.5352 15.0 56.5155 68.4039 12.3693 76.5447 32.8024 33.2415 62.1397 85.7978 57.4891 0.0 81.8594 62.5859 18.9737 63.5059 4.12311 13.4536 51.614 58.9903 73.7712 67.1863 66.6017 28.3548 48.19 79.7621 18.4391 
43.4166 91.9837 57.8652 39.0 79.9537 61.1882 31.3209 80.3187 21.095 49.0918 66.9817 39.8121 17.0 54.7449 81.8594 0.0 82.201 75.8929 55.1453 85.0963 87.3821 30.2324 36.0139 21.9317 74.7262 48.7032 63.8508 77.2067 64.4981 63.5138 
62.2435 10.2956 48.3146 100.974 74.9218 101.317 51.2445 50.2195 63.0714 57.4085 84.3619 42.4264 73.0068 27.4591 62.5859 82.201 0.0 47.4709 105.465 66.2873 52.1536 64.6618 46.8402 61.2046 10.8167 35.0571 44.9111 27.4709 30.8058 60.1854 
32.7146 56.6105 22.8801 67.15 27.6586 59.5003 61.807 10.8167 72.9556 26.8512 38.0953 44.8489 79.5509 38.6394 18.9737 75.8929 47.4709 0.0 64.8609 23.0868 18.3576 45.7681 52.3934 70.2727 50.2195 47.7258 21.7579 32.0 61.2046 12.7148 
51.6627 115.305 57.2312 16.4924 51.0098 9.43398 69.5997 68.9638 67.4685 48.4796 31.0161 72.121 70.1142 81.3604 63.5059 55.1453 105.465 64.8609 0.0 64.1249 74.9533 43.496 64.5317 65.9697 102.205 82.5055 62.29 91.5166 101.365 52.9245 
42.4264 73.3757 33.2921 69.0507 13.9284 56.7186 72.219 16.1245 80.0096 36.1248 33.3766 65.9548 89.2627 61.6117 4.12311 85.0963 66.2873 23.0868 64.1249 0.0 15.8114 54.8179 62.8053 77.2361 71.1126 70.7247 32.1699 52.0977 83.863 21.9317 
44.2038 58.4637 34.3693 77.7952 28.4253 68.6222 67.2596 7.61577 78.4082 38.3404 45.6946 59.7887 89.1404 52.446 13.4536 87.3821 52.1536 18.3576 74.9533 15.8114 0.0 57.2573 57.846 75.7253 58.2151 62.2948 42.4005 39.541 73.6338 24.204 
13.6015 74.9089 27.7404 37.3026 49.6602 44.9222 26.4764 50.194 28.8617 18.868 40.4591 28.6531 36.2353 38.9487 51.614 30.2324 64.6618 45.7681 43.496 54.8179 57.2573 0.0 21.095 26.4764 59.8313 39.1152 33.7261 61.4077 57.9828 33.2866 
22.0907 56.921 29.7517 55.2384 60.2036 65.5515 10.0 51.5858 20.5913 28.4429 57.0088 7.61577 31.305 19.6977 58.9903 36.0139 46.8402 52.3934 64.5317 62.8053 57.846 21.095 0.0 17.8885 40.7063 18.0278 31.4695 41.5106 36.8917 42.0977 
34.9857 70.7107 49.4966 52.0 73.8241 69.5085 10.0 69.4651 2.82843 41.6773 66.9351 19.0263 13.4164 34.0 73.7712 21.9317 61.2046 70.2727 65.9697 77.2361 75.7253 26.4764 17.8885 0.0 53.1507 26.9258 49.3488 58.8867 42.72 55.3344 
61.4494 18.0278 48.3011 96.1433 77.8781 100.665 43.4166 55.0367 54.7449 56.6144 84.5281 35.1141 64.195 21.095 67.1863 74.7262 10.8167 50.2195 102.205 71.1126 58.2151 59.8313 40.7063 53.1507 0.0 26.3059 45.1265 31.02 20.0 58.4657 
37.855 44.1022 39.2046 72.4213 72.5603 83.2586 17.4642 56.3649 28.4429 43.3282 72.8377 10.6301 38.0132 10.6301 66.6017 48.7032 35.0571 47.7258 82.5055 70.7247 62.2948 39.1152 18.0278 26.9258 26.3059 0.0 39.2938 38.6497 18.868 51.4782 
20.6725 54.7514 6.08276 66.4621 34.0147 58.1378 40.8831 36.1403 52.0317 15.8114 39.9625 34.4819 62.7639 31.0644 28.3548 63.8508 44.9111 21.7579 62.29 32.1699 42.4005 33.7261 31.4695 49.3488 45.1265 39.2938 0.0 30.9629 54.0 13.3417 
48.3542 36.6105 34.3663 93.14 59.4509 87.2479 49.3244 36.0167 61.3624 43.4364 70.095 40.5398 72.0984 28.0227 48.19 77.2067 27.4709 32.0 91.5166 52.0977 39.541 61.4077 41.5106 58.8867 31.02 38.6497 30.9629 0.0 45.9249 44.7145 
56.0474 36.4005 55.3263 90.849 88.0057 102.001 34.7131 68.4471 43.4166 61.6751 90.4874 29.4109 50.9215 23.0868 79.7621 64.4981 30.8058 61.2046 101.365 83.863 73.6338 57.9828 36.8917 42.72 20.0 18.868 54.0 45.9249 0.0 67.0671 
20.5247 69.3249 12.3693 55.112 21.095 48.0208 50.7899 17.1406 58.1079 14.4222 27.6586 45.2522 67.361 44.0114 18.4391 63.5138 60.1854 12.7148 52.9245 21.9317 24.204 33.2866 42.0977 55.3344 58.4657 51.4782 13.3417 44.7145 67.0671 0.0 
DEMAND_SCENARIO_SECTION
0 0 0 0 0 0 0 0 0 0 0 0 0 0 0 0 0 0 0 0 0 0 0 0 0 0 0 0 0 0 0 0 0 0 0 0 0 0 0 0 0 0 0 0 0 0 0 0 0 0 
7 4 2 4 3 5 6 5 3 2 5 4 4 9 3 1 0 4 5 4 4 3 4 2 6 7 5 6 3 3 4 5 3 4 2 3 8 2 6 7 6 5 1 3 4 4 3 6 5 4 
1 0 2 0 3 5 3 1 0 0 2 0 2 0 2 1 2 5 1 0 2 1 2 2 4 1 3 3 2 1 1 4 1 4 4 1 2 2 3 1 1 2 2 0 1 0 0 1 2 1 
3 9 7 11 0 10 9 7 3 6 8 6 5 7 6 7 4 8 6 2 6 10 6 6 11 6 1 3 9 10 4 9 9 8 9 4 6 6 10 0 4 6 10 5 8 8 9 4 7 8 
2 0 3 1 0 3 1 1 3 1 3 2 0 1 0 1 1 2 0 1 1 2 1 0 2 0 1 1 0 1 2 1 0 2 2 1 1 2 1 3 3 0 0 0 1 2 0 3 0 1 
8 1 5 4 7 12 2 7 7 7 8 5 9 2 7 7 8 5 9 9 7 4 7 6 4 11 6 8 5 7 8 7 4 5 7 6 4 4 7 5 8 5 9 3 2 4 6 3 4 0 
3 1 0 2 4 4 5 3 7 3 4 2 7 4 4 5 4 2 3 2 2 4 2 5 6 3 7 3 2 5 0 5 1 8 5 4 2 2 0 6 7 6 4 4 4 2 3 3 4 2 
2 2 2 1 0 2 3 1 3 2 2 1 3 3 1 0 4 1 3 1 2 4 0 2 0 3 2 3 2 2 5 2 0 3 2 3 1 1 2 2 1 3 1 0 3 1 1 7 0 2 
9 12 7 8 12 15 12 8 11 10 10 12 10 9 7 10 2 11 8 5 8 6 16 16 4 5 8 7 11 10 10 4 10 7 7 8 9 10 10 10 6 4 8 6 4 9 9 13 4 10 
5 3 4 1 1 3 3 4 4 2 5 3 5 2 2 0 5 3 2 3 1 5 3 2 3 6 3 4 4 3 3 0 2 5 5 1 6 2 2 4 4 1 4 5 2 5 6 3 3 4 
8 7 11 9 9 4 7 16 9 11 4 8 6 8 7 8 5 7 5 10 5 8 7 9 13 4 9 12 8 5 11 12 8 7 7 11 11 4 11 7 4 5 9 7 13 8 9 6 8 11 
10 9 10 8 10 13 10 14 6 8 12 13 11 10 11 11 6 13 12 14 9 5 13 8 15 15 12 11 15 10 12 15 11 11 14 8 5 12 7 12 7 14 10 8 6 10 5 12 10 9 
5 4 4 9 7 5 5 6 5 7 2 2 6 7 5 4 7 5 7 4 0 7 3 4 4 8 5 6 7 9 7 5 5 6 1 11 10 4 4 5 2 3 5 8 5 5 8 7 7 7 
6 5 7 10 5 5 7 5 8 12 8 9 8 11 1 6 11 7 8 7 3 5 7 5 7 7 8 7 11 9 8 9 7 10 8 4 7 7 6 11 5 7 6 4 9 5 8 8 9 10 
6 1 0 4 4 9 4 4 5 3 4 4 1 5 2 6 4 2 0 1 6 4 2 7 3 6 9 8 4 2 6 5 8 7 8 7 2 8 4 3 5 6 3 3 1 7 5 7 4 4 
4 2 1 1 2 1 3 4 1 3 0 2 1 1 2 3 3 6 0 2 1 1 4 1 3 2 4 5 4 4 4 1 0 1 1 3 0 0 0 0 1 2 2 2 2 1 0 2 2 3 
9 4 5 3 4 7 2 8 1 6 5 11 3 5 5 6 6 4 2 5 7 8 8 7 7 6 9 12 8 2 9 6 4 8 6 7 4 8 6 6 12 8 9 12 3 3 9 4 5 5 
10 8 11 9 11 7 7 7 11 10 9 9 11 9 8 11 10 10 10 0 9 15 6 10 6 11 6 6 5 13 12 6 10 8 9 9 13 10 9 13 8 12 8 7 16 4 12 9 6 6 
7 10 2 7 7 4 6 4 4 3 9 7 8 7 1 6 11 7 3 8 4 5 7 10 6 6 6 8 3 4 6 8 7 13 6 12 6 7 3 5 5 4 8 5 0 9 5 5 2 12 
3 9 1 2 11 5 1 7 6 7 1 9 8 5 4 5 9 4 3 5 8 4 6 3 6 8 8 3 5 6 9 6 4 5 3 4 3 2 9 3 8 2 7 5 5 8 6 3 2 6 
7 13 13 7 6 0 11 6 8 11 11 11 9 6 9 8 10 18 10 8 9 6 10 7 9 8 10 13 11 13 10 6 12 9 9 11 8 11 13 11 14 6 14 9 11 10 9 14 9 11 
7 10 1 3 7 5 4 3 9 4 5 6 8 4 4 6 8 11 6 7 6 8 6 8 4 9 4 7 9 9 6 4 6 4 7 9 9 6 4 6 9 5 10 4 3 4 2 4 3 8 
2 0 1 2 1 2 1 0 2 1 1 1 1 0 2 0 1 1 3 0 2 2 2 1 1 1 1 1 1 1 2 2 4 3 3 1 0 1 0 0 0 1 0 2 1 0 0 1 1 2 
1 3 1 2 3 3 1 1 2 2 1 4 1 1 3 3 2 0 2 4 3 2 1 3 2 0 3 2 3 2 2 2 3 4 1 2 4 3 2 1 1 0 3 3 4 3 4 1 2 3 
3 2 3 0 0 2 0 0 2 2 1 1 1 0 1 1 0 0 2 0 0 0 1 0 1 0 0 1 0 1 0 2 1 1 0 2 1 2 0 1 1 2 1 0 0 0 1 1 3 0 
2 2 1 0 1 2 1 1 2 2 1 2 0 1 1 0 0 1 2 0 0 2 1 2 2 2 2 0 1 1 1 1 2 1 2 0 1 0 2 2 2 3 0 0 1 0 0 0 1 2 
4 7 1 5 8 6 6 3 5 3 5 7 5 2 4 4 9 5 5 7 10 3 11 8 4 6 4 5 5 8 3 5 8 8 6 11 4 5 10 7 6 6 8 9 8 8 5 5 7 5 
2 6 3 4 2 2 4 3 1 5 3 3 2 0 3 5 3 0 5 5 5 6 0 3 3 4 3 2 3 4 3 2 0 4 0 3 4 4 5 4 7 4 6 4 2 2 5 2 2 5 
7 6 5 5 1 6 4 4 1 2 8 7 2 7 4 1 5 1 6 2 5 3 4 0 6 4 4 1 5 4 7 7 8 4 2 2 2 6 4 6 6 5 6 5 5 4 5 4 6 6 
5 11 8 6 9 6 7 7 7 8 11 6 4 7 10 8 8 5 4 5 7 9 9 10 12 8 7 8 9 6 13 9 12 9 5 7 6 5 3 7 4 7 12 10 6 7 3 5 6 8 
DEPOT_SECTION
 1
 -1
EOF
