NAME  : Parada_30_3_0.95_1.00_0
TYPE : SVRP
MODEL : FINITE_SUPPORT
NUMBER_OF_SCENARIOS : 50
DIMENSION : 30
EDGE_WEIGHT_TYPE : MATRIX
CAPACITY : 49
N_VEHICLES : 3
NODE_COORD_SECTION
1 27 309280
2 331030 303560
3 99138 104550
4 151540 458160
5 273330 224470
6 193840 434690
7 41065 110020
8 264280 205440
9 137640 8571
10 310950 39422
11 137510 339270
12 30218 360320
13 424480 250580
14 247760 490470
15 110500 402730
16 256730 18
17 174710 113840
18 20687 386330
19 103190 139270
20 6311 483760
21 189920 356890
22 181080 186020
23 129220 379470
24 326810 562970
25 83615 502580
26 164100 317480
27 250430 394300
28 264220 205480
29 118770 299370
30 347900 266790
DEMAND_SECTION
1 0.0
2 2.0
3 5.0
4 1.0
5 4.0
6 9.0
7 1.0
8 7.0
9 9.0
10 3.0
11 4.0
12 3.0
13 2.0
14 9.0
15 1.0
16 5.0
17 6.0
18 5.0
19 4.0
20 9.0
21 2.0
22 4.0
23 3.0
24 9.0
25 4.0
26 5.0
27 2.0
28 10.0
29 5.0
30 9.0
DISTANCE_MATRIX
0.0 33.6054 41.7612 44.3847 47.9135 44.1022 42.2688 45.0071 56.9387 46.3496 35.1283 22.1098 53.496 54.2033 30.1496 61.0034 57.3308 29.4109 54.9648 42.0476 30.5287 49.7882 27.2947 63.2535 23.8114 35.171 14.3178 45.0071 36.4005 46.8722 
33.6054 0.0 47.5079 27.7308 16.6433 21.587 52.9245 14.2127 63.0317 67.7825 57.4567 41.961 21.198 31.0644 58.3143 60.6383 31.8904 33.3766 38.2753 75.4096 16.4012 22.1359 50.7703 31.241 52.0677 26.9072 26.0768 14.2127 66.7703 79.5252 
41.7612 47.5079 0.0 29.0172 64.1405 36.1248 8.94427 61.5873 97.0464 31.4006 76.5091 62.5173 66.1257 39.6232 70.6133 99.7771 78.4092 67.6545 83.8868 64.0235 31.305 67.2087 68.884 61.0 27.4591 21.8403 30.0167 61.5873 75.0267 80.2309 
44.3847 27.7308 29.0172 0.0 42.8019 8.06226 37.3363 41.0488 89.1067 57.5847 77.2969 60.6712 48.6962 11.6619 73.7631 88.1441 59.0762 58.4209 65.8635 81.8464 15.0333 49.7695 70.0507 32.0156 44.4451 10.6301 30.4138 41.0488 80.6536 90.824 
47.9135 16.6433 64.1405 42.8019 0.0 35.5106 69.3542 3.0 55.3173 83.7122 60.4875 46.0122 23.0416 43.0813 62.5975 50.0 16.5529 34.8019 24.0416 94.2481 33.0151 13.8924 54.6796 33.541 67.9714 43.4166 40.7432 3.0 71.0535 87.295 
44.1022 21.587 36.1248 8.06226 35.5106 0.0 44.0114 34.0 84.2912 63.1083 75.0 58.2409 42.7805 10.4403 72.4434 82.2253 51.9711 54.0 59.0339 83.904 13.6015 43.6807 67.7608 25.1794 48.7525 15.2971 31.1448 34.0 79.6244 90.9725 
42.2688 52.9245 8.94427 37.3363 69.3542 44.0114 0.0 66.6408 97.9767 22.6716 74.6324 63.216 70.1833 48.2701 68.1542 101.179 82.7701 69.0563 88.2522 56.921 37.3631 71.2663 67.4939 69.1158 23.1948 29.0689 31.8277 66.6408 71.7008 75.2534 
45.0071 14.2127 61.5873 41.0488 3.0 34.0 66.6408 0.0 54.7449 80.875 58.7042 43.026 20.0554 42.0595 59.6113 50.0899 18.0278 33.6417 25.0799 91.2618 30.6105 12.6491 51.6934 34.2053 65.1342 41.1096 37.8368 0.0 68.0673 84.3088 
56.9387 63.0317 97.0464 89.1067 55.3173 84.2912 97.9767 54.7449 0.0 96.6331 30.4631 36.2353 42.0 94.0851 38.0132 12.6491 43.382 30.8058 36.3593 74.8465 74.5252 42.2966 33.6006 88.8426 78.5805 84.1665 67.1193 54.7449 42.72 57.5587 
46.3496 67.7825 31.4006 57.5847 83.7122 63.1083 22.6716 80.875 96.6331 0.0 68.8186 72.3747 83.9495 69.0797 61.2944 105.062 96.5504 75.2673 102.018 39.0128 53.8114 85.0326 63.1561 88.1785 29.7398 47.827 44.8196 80.875 62.1691 61.0 
35.1283 57.4567 76.5091 77.2969 60.4875 75.0 74.6324 58.7042 30.4631 68.8186 0.0 16.7631 60.6488 85.44 7.81025 40.7922 54.2033 27.6586 50.6952 44.3847 62.3757 46.6851 8.06226 87.983 52.0 69.278 49.0 58.7042 13.0 29.2746 
22.1098 41.961 62.5173 60.6712 46.0122 58.2409 63.216 43.026 36.2353 72.3747 16.7631 0.0 44.9706 68.6804 17.088 42.4382 44.4926 16.1245 42.107 52.4758 45.7056 36.9501 9.544 72.4887 54.322 53.0094 33.3766 43.026 25.544 41.7855 
53.496 21.198 66.1257 48.6962 23.0416 42.7805 70.1833 20.0554 42.0 83.9495 60.6488 44.9706 0.0 52.1947 61.5559 61.448 34.6008 35.0416 40.0689 93.2065 36.0 23.083 53.638 49.4708 76.4435 46.609 40.7981 20.0554 70.0119 86.2534 
54.2033 31.0644 39.6232 11.6619 43.0813 10.4403 48.2701 42.0595 94.0851 69.0797 85.44 68.6804 52.1947 0.0 82.7863 91.4112 59.6154 64.0703 67.0671 93.5861 23.7065 52.7731 78.201 23.0868 56.0935 22.2036 40.8044 42.0595 89.9611 101.02 
30.1496 58.3143 70.6133 73.7631 62.5975 72.4434 68.1542 59.6113 38.0132 61.2944 7.81025 17.088 61.5559 82.7863 0.0 47.8017 57.5264 29.9666 54.8179 37.0 59.1764 49.986 7.61577 88.842 45.2217 65.1153 44.4072 59.6113 8.60233 24.6982 
61.0034 60.6383 99.7771 88.1441 50.0 82.2253 101.179 50.0899 12.6491 105.062 40.7922 42.4382 61.448 91.4112 47.8017 0.0 35.6931 32.2025 27.8927 84.7703 74.2174 38.6394 42.1545 83.2166 84.3255 84.1932 69.7626 50.0899 53.6004 69.1158 
57.3308 31.8904 78.4092 59.0762 16.5529 51.9711 82.7701 18.0278 43.382 96.5504 54.2033 44.4926 34.6008 59.6154 57.5264 35.6931 0.0 28.542 8.0 97.0413 48.0833 14.3178 49.9314 48.0104 80.2783 58.6941 53.399 18.0278 65.8556 82.2163 
29.4109 33.3766 67.6545 58.4209 34.8019 54.0 69.0563 33.6417 30.8058 75.2673 27.6586 16.1245 35.0416 64.0703 29.9666 32.2025 28.542 0.0 26.176 65.4027 43.7379 20.9995 22.3607 62.5124 52.7539 53.4414 37.64 33.6417 38.4708 54.7125 
54.9648 38.2753 83.8868 65.8635 24.0416 59.0339 88.2522 25.0799 36.3593 102.018 50.6952 42.107 40.0689 67.0671 54.8179 27.8927 8.0 26.176 0.0 90.2567 54.037 17.8045 47.2969 56.0089 77.9124 64.6607 58.867 25.0799 62.9365 79.404 
42.0476 75.4096 64.0235 81.8464 94.2481 83.904 56.921 91.2618 74.8465 39.0128 44.3847 52.4758 93.2065 93.5861 37.0 84.7703 97.0413 65.4027 90.2567 0.0 70.3693 89.4987 42.9535 104.62 37.6955 71.337 52.7902 91.2618 32.7567 24.1868 
30.5287 16.4012 31.305 15.0333 33.0151 13.6015 37.3631 30.6105 74.5252 53.8114 62.3757 45.7056 36.0 23.7065 59.1764 74.2174 48.0833 43.7379 54.037 70.3693 0.0 37.083 55.1295 35.8469 38.2959 10.6301 17.6918 30.6105 66.3099 77.3886 
49.7882 22.1359 67.2087 49.7695 13.8924 43.6807 71.2663 12.6491 42.2966 85.0326 46.6851 36.9501 23.083 52.7731 49.986 38.6394 14.3178 20.9995 17.8045 89.4987 37.083 0.0 42.3889 46.8402 72.7358 47.692 41.8812 12.6491 58.442 74.6836 
27.2947 50.7703 68.884 70.0507 54.6796 67.7608 67.4939 51.6934 33.6006 63.1561 8.06226 9.544 53.638 78.201 7.61577 42.1545 49.9314 22.3607 47.2969 42.9535 55.1295 42.3889 0.0 81.298 45.1774 62.131 41.0122 51.6934 16.1245 32.311 
63.2535 31.241 61.0 32.0156 33.541 25.1794 69.1158 34.2053 88.8426 88.1785 87.983 72.4887 49.4708 23.0868 88.842 83.2166 48.0104 62.5124 56.0089 104.62 35.8469 46.8402 81.298 0.0 73.4157 40.4475 52.8394 34.2053 97.298 109.233 
23.8114 52.0677 27.4591 44.4451 67.9714 48.7525 23.1948 65.1342 78.5805 29.7398 52.0 54.322 76.4435 56.0935 45.2217 84.3255 80.2783 52.7539 77.9124 37.6955 38.2959 72.7358 45.1774 73.4157 0.0 33.9358 29.0787 65.1342 48.5077 52.7731 
35.171 26.9072 21.8403 10.6301 43.4166 15.2971 29.0689 41.1096 84.1665 47.827 69.278 53.0094 46.609 22.2036 65.1153 84.1932 58.6941 53.4414 64.6607 71.337 10.6301 47.692 62.131 40.4475 33.9358 0.0 20.8806 41.1096 71.5681 80.9568 
14.3178 26.0768 30.0167 30.4138 40.7432 31.1448 31.8277 37.8368 67.1193 44.8196 49.0 33.3766 40.7981 40.8044 44.4072 69.7626 53.399 37.64 58.867 52.7902 17.6918 41.8812 41.0122 52.8394 29.0787 20.8806 0.0 37.8368 50.6952 60.4152 
45.0071 14.2127 61.5873 41.0488 3.0 34.0 66.6408 0.0 54.7449 80.875 58.7042 43.026 20.0554 42.0595 59.6113 50.0899 18.0278 33.6417 25.0799 91.2618 30.6105 12.6491 51.6934 34.2053 65.1342 41.1096 37.8368 0.0 68.0673 84.3088 
36.4005 66.7703 75.0267 80.6536 71.0535 79.6244 71.7008 68.0673 42.72 62.1691 13.0 25.544 70.0119 89.9611 8.60233 53.6004 65.8556 38.4708 62.9365 32.7567 66.3099 58.442 16.1245 97.298 48.5077 71.5681 50.6952 68.0673 0.0 16.4924 
46.8722 79.5252 80.2309 90.824 87.295 90.9725 75.2534 84.3088 57.5587 61.0 29.2746 41.7855 86.2534 101.02 24.6982 69.1158 82.2163 54.7125 79.404 24.1868 77.3886 74.6836 32.311 109.233 52.7731 80.9568 60.4152 84.3088 16.4924 0.0 
DEMAND_SCENARIO_SECTION
0 0 0 0 0 0 0 0 0 0 0 0 0 0 0 0 0 0 0 0 0 0 0 0 0 0 0 0 0 0 0 0 0 0 0 0 0 0 0 0 0 0 0 0 0 0 0 0 0 0 
2 2 3 1 0 0 1 3 0 5 3 2 1 3 2 1 1 3 3 0 3 4 0 0 1 4 1 3 2 4 1 0 2 2 1 2 0 3 1 3 4 3 2 1 3 3 2 3 0 0 
7 5 5 4 5 10 8 6 5 3 7 6 8 4 5 6 6 5 7 4 5 3 9 7 9 6 6 3 6 2 6 3 6 6 7 8 4 6 9 7 2 6 5 10 3 1 4 5 4 6 
0 1 1 2 1 1 2 3 1 0 1 0 3 1 2 2 1 0 2 2 1 4 0 0 0 1 0 0 3 0 0 1 0 2 1 1 1 1 1 1 3 0 1 1 1 1 0 0 3 1 
3 4 6 0 9 1 6 7 4 3 6 0 6 6 3 0 2 8 4 4 3 9 6 1 3 2 3 3 4 5 3 3 3 3 5 5 1 6 2 5 3 3 4 7 3 7 3 1 5 4 
10 3 17 7 10 12 10 11 3 10 6 10 10 5 8 10 11 11 11 13 11 15 10 13 9 11 12 12 15 12 9 12 17 2 13 3 11 15 9 15 9 13 8 10 7 5 6 7 9 4 
1 0 2 0 2 0 1 2 1 0 2 0 2 0 1 1 1 0 0 2 1 1 0 0 1 2 2 3 1 1 1 2 1 1 3 1 0 1 2 1 1 2 1 0 2 3 1 0 2 0 
9 11 9 8 7 7 6 5 6 5 4 7 10 10 1 3 9 5 8 7 9 11 7 5 0 4 7 8 6 3 5 6 3 5 9 11 5 5 0 4 9 9 10 4 9 7 12 3 7 5 
1 7 10 12 8 10 10 6 6 12 13 10 11 2 9 9 11 7 11 11 11 8 11 13 7 8 10 10 7 12 12 17 10 5 7 8 11 11 9 13 12 12 9 4 6 4 11 13 9 10 
2 2 3 3 4 4 3 6 0 4 3 5 4 4 3 3 5 5 2 1 2 2 4 2 4 5 3 5 4 3 5 3 2 2 2 2 3 4 5 3 1 2 2 3 2 3 2 1 3 4 
7 3 2 7 5 2 0 3 6 4 5 5 5 2 4 6 3 4 5 2 3 3 4 3 4 3 3 3 5 4 4 3 2 4 3 3 7 4 1 9 6 3 6 1 7 0 1 4 4 2 
4 3 4 0 3 4 6 1 3 3 3 5 2 3 5 6 3 3 4 3 4 2 0 5 4 4 2 1 2 5 4 1 5 4 4 4 3 4 2 3 2 3 0 5 2 1 3 6 5 1 
1 2 3 2 3 2 2 0 4 4 1 2 0 3 0 2 1 3 6 4 0 3 0 1 3 0 0 2 0 1 0 1 1 2 2 2 1 5 4 2 5 3 0 0 0 2 3 3 2 2 
6 10 10 12 4 10 4 14 5 15 5 6 14 12 12 14 13 13 10 10 9 13 6 8 5 9 15 13 10 11 10 9 7 9 8 7 10 10 13 8 11 15 7 9 7 8 5 5 7 6 
2 3 3 0 2 2 0 1 2 1 0 0 1 1 1 2 1 1 1 1 1 0 2 0 1 0 0 1 2 0 1 1 1 2 1 0 1 1 1 2 1 0 0 1 1 1 0 0 0 1 
4 3 7 7 0 6 3 5 5 3 5 5 7 5 7 1 3 1 7 6 2 4 0 8 1 0 5 8 6 8 7 7 6 5 5 4 4 6 3 4 7 3 5 7 5 4 6 6 7 3 
4 6 4 5 4 3 6 4 5 4 6 3 6 4 8 10 6 5 4 4 1 3 8 1 7 4 5 4 12 5 8 0 10 8 2 7 5 5 5 1 15 6 4 9 4 6 10 6 6 5 
2 3 7 4 3 4 5 4 10 6 7 6 3 3 3 4 2 7 7 7 5 9 2 2 9 4 7 7 2 6 6 3 6 4 10 7 7 5 2 5 6 7 6 4 6 5 3 5 1 4 
4 4 7 2 6 4 3 4 5 3 5 5 4 3 6 2 8 6 2 4 4 3 6 3 8 3 1 6 0 3 7 3 7 5 7 2 4 5 0 5 5 5 7 0 2 3 2 6 6 7 
6 14 10 7 7 7 6 8 13 8 17 14 0 13 6 15 12 10 9 6 11 4 13 8 6 7 8 6 12 12 9 9 5 2 10 6 12 12 5 12 5 5 9 12 3 9 15 8 5 14 
5 5 2 0 0 2 1 4 4 3 1 0 2 2 1 2 2 3 2 0 1 2 1 1 2 0 3 1 2 1 0 5 2 2 4 2 3 0 2 1 3 3 3 2 2 1 2 1 2 2 
4 6 6 5 5 6 2 4 2 6 5 3 6 0 3 0 4 0 3 2 2 1 5 6 6 2 4 3 3 6 4 6 4 7 6 5 6 6 6 4 7 3 4 3 3 5 3 5 7 4 
2 5 5 2 2 2 3 2 0 5 0 4 2 0 3 4 3 7 3 2 3 4 2 2 6 0 0 5 2 4 1 2 3 8 6 3 1 3 4 3 3 4 3 3 6 2 1 0 3 3 
12 10 11 6 10 8 8 10 11 8 9 10 11 13 11 11 7 9 9 14 8 7 14 7 6 13 7 4 12 10 8 8 13 5 9 10 5 8 7 12 8 6 5 5 8 10 6 8 7 10 
1 6 4 0 6 6 1 4 6 2 1 4 4 4 5 1 6 5 0 4 7 7 5 7 5 5 2 5 1 3 6 5 5 5 5 1 5 4 3 6 8 6 5 0 5 6 6 3 2 6 
6 7 8 6 4 3 7 4 5 11 2 7 8 2 3 6 8 5 5 4 9 5 5 3 5 6 2 5 3 5 1 4 7 6 4 6 9 3 4 7 6 5 7 6 7 5 4 10 3 6 
3 1 1 2 2 2 4 3 0 2 4 3 2 1 1 2 4 5 1 1 0 4 4 4 2 3 0 1 4 2 0 2 1 2 3 1 3 0 4 2 0 2 4 3 3 3 3 1 2 2 
11 13 10 11 8 11 6 9 13 10 3 5 10 14 7 13 13 10 8 12 9 14 12 13 13 9 3 13 9 13 17 13 15 8 12 5 11 11 13 10 13 16 6 11 10 9 4 14 7 6 
4 5 6 6 6 6 3 8 9 4 4 6 9 2 4 3 6 7 6 5 6 4 6 6 6 5 7 4 6 6 3 8 3 8 5 5 6 5 8 5 3 3 6 2 0 5 6 6 5 0 
11 5 9 11 11 5 10 12 5 10 14 5 7 10 5 11 14 8 15 8 3 4 9 13 9 6 10 8 8 11 7 6 4 5 10 12 10 10 11 17 14 7 10 8 12 8 10 9 7 12 
DEPOT_SECTION
 1
 -1
EOF
