NAME  : Parada_30_3_0.95_1.00_6
TYPE : SVRP
MODEL : FINITE_SUPPORT
NUMBER_OF_SCENARIOS : 50
DIMENSION : 30
EDGE_WEIGHT_TYPE : MATRIX
CAPACITY : 58
N_VEHICLES : 3
NODE_COORD_SECTION
1 306420 201960
2 581110 462020
3 113990 232030
4 126090 284610
5 557700 267900
6 27 425710
7 54442 137510
8 425940 182370
9 502210 222460
10 354330 61846
11 331020 203100
12 550180 308220
13 601350 345580
14 566120 478950
15 183980 396710
16 212550 381290
17 475980 18
18 310140 241620
19 556370 481600
20 580170 385060
21 257790 282040
22 296170 95089
23 440770 361730
24 575950 494060
25 517190 542690
26 415590 6389
27 349220 224040
28 47031 172960
29 493200 449060
30 599700 321470
DEMAND_SECTION
1 0.0
2 2.0
3 1.0
4 10.0
5 6.0
6 9.0
7 7.0
8 3.0
9 8.0
10 6.0
11 2.0
12 2.0
13 7.0
14 5.0
15 5.0
16 6.0
17 9.0
18 10.0
19 4.0
20 5.0
21 1.0
22 10.0
23 10.0
24 4.0
25 7.0
26 7.0
27 3.0
28 4.0
29 9.0
30 5.0
DISTANCE_MATRIX
0.0 64.1272 46.0909 38.9011 32.0 56.6256 66.0681 14.2127 21.095 28.3196 3.60555 34.3657 39.463 56.0461 31.534 33.4012 43.382 8.544 55.8942 43.5738 51.3897 16.5529 34.4819 53.2462 72.1895 37.3631 6.7082 66.4831 56.875 37.4556 
64.1272 0.0 107.58 100.39 38.6264 118.924 78.1601 57.9126 45.7956 66.8246 67.5597 33.2415 27.2029 9.05539 93.832 95.6993 65.0692 72.6348 10.0 20.8087 39.5601 60.1391 55.3624 11.4018 8.06226 56.0 69.1057 82.0244 9.21954 26.8328 
46.0909 107.58 0.0 7.2111 73.6556 39.8121 97.2322 51.0672 62.5834 26.5913 42.7281 77.2291 82.9468 99.4987 20.5913 26.0 39.3954 39.8877 99.3468 87.0263 65.2791 37.1177 69.8892 96.6988 102.917 41.8045 39.5892 96.4205 89.0212 80.9082 
38.9011 100.39 7.2111 0.0 66.4658 37.6962 90.0148 43.8775 55.3937 29.2108 35.5383 70.0393 75.757 92.3089 14.5602 20.3961 41.3343 32.6979 92.157 79.8366 67.4404 29.928 62.6994 89.509 95.7269 46.2573 32.3994 89.203 81.8314 73.7184 
32.0 38.6264 73.6556 66.4658 0.0 83.1925 46.0977 22.8473 11.1803 57.0774 35.0571 5.38516 11.6619 29.9666 59.0986 60.7454 68.3839 40.1123 29.5296 19.105 55.0404 44.1406 17.1172 27.313 46.6154 59.0514 35.5106 48.7032 38.3275 12.1655 
56.6256 118.924 39.8121 37.6962 83.1925 0.0 94.1913 60.3738 72.4707 62.3285 53.2628 87.2353 93.1504 110.835 27.6586 23.4307 78.7482 50.4224 110.683 98.3625 100.499 62.4282 75.4321 108.035 126.986 79.3751 50.1239 91.5478 111.671 91.1649 
66.0681 78.1601 97.2322 90.0148 46.0977 94.1913 0.0 51.8556 50.0 94.1754 67.2012 49.98 53.6004 69.2604 80.6536 78.848 107.823 70.7248 68.1836 63.3246 101.134 81.3491 32.6497 67.4759 85.0059 100.36 64.8999 5.0 81.2158 56.6127 
14.2127 57.9126 51.0672 43.8775 22.8473 60.3738 51.8556 0.0 12.2066 42.4264 15.6525 26.9258 33.0151 49.8315 36.4966 37.9473 56.6039 19.9249 49.6796 37.3591 59.0339 30.0 20.6155 47.0316 65.9748 49.8042 14.3178 52.3259 54.2672 31.241 
21.095 45.7956 62.5834 55.3937 11.1803 72.4707 50.0 12.2066 0.0 46.7765 24.0 14.7648 20.8087 37.7145 48.0265 49.7695 59.7017 29.0172 37.5366 25.2421 53.5006 33.8397 17.4929 34.9146 53.8578 50.3693 24.3311 51.6236 44.2986 19.105 
28.3196 66.8246 26.5913 29.2108 57.0774 62.3285 94.1754 42.4264 46.7765 0.0 28.2184 58.819 71.4895 65.4424 36.4966 42.4264 18.0 27.5958 66.6279 61.3228 40.3113 13.4164 62.0081 64.0297 72.4224 17.4929 31.8384 94.7523 58.5269 69.4509 
3.60555 67.5597 42.7281 35.5383 35.0571 53.2628 67.2012 15.6525 24.0 28.2184 0.0 37.6563 42.8337 59.4786 28.1712 30.0384 44.0114 5.09902 59.3266 47.0062 53.3976 17.4642 36.2491 56.6787 75.6219 38.6394 4.0 67.3573 58.77 40.8881 
34.3657 33.2415 77.2291 70.0393 5.38516 87.2353 49.98 26.9258 14.7648 58.819 37.6563 0.0 6.40312 24.5967 62.6722 64.4748 68.2496 42.7551 24.1868 14.0 53.4312 45.8822 22.3607 21.9317 41.2311 58.9172 38.6005 52.8867 33.1361 7.0 
39.463 27.2029 82.9468 75.757 11.6619 93.1504 53.6004 33.0151 20.8087 71.4895 42.8337 6.40312 0.0 18.3848 68.3587 70.214 72.0906 47.9277 17.8885 9.84886 50.216 50.8679 28.1603 15.8114 35.1141 62.6057 44.0114 56.8859 28.0179 4.47214 
56.0461 9.05539 99.4987 92.3089 29.9666 110.835 69.2604 49.8315 37.7145 65.4424 59.4786 24.5967 18.3848 0.0 85.7509 87.6182 65.1153 64.5537 1.41421 13.6015 42.72 58.7568 46.4866 2.82843 16.7631 55.7315 61.0246 73.0616 13.6015 18.6011 
31.534 93.832 20.5913 14.5602 59.0986 27.6586 80.6536 36.4966 48.0265 36.4966 28.1712 62.6722 68.3587 85.7509 0.0 6.0 54.3323 25.3308 85.599 73.2785 73.3553 35.0167 55.0364 82.951 101.894 53.1601 25.0322 79.3095 86.5798 66.325 
33.4012 95.6993 26.0 20.3961 60.7454 23.4307 78.848 37.9473 49.7695 42.4264 30.0384 64.4748 70.214 87.6182 6.0 0.0 60.2993 27.198 87.4662 75.1458 78.7232 40.3412 55.1453 84.8182 103.761 58.9406 26.8995 77.1622 88.447 68.1841 
43.382 65.0692 39.3954 41.3343 68.3839 78.7482 107.823 56.6039 59.7017 18.0 44.0114 68.2496 72.0906 65.1153 54.3323 60.2993 0.0 43.553 66.2873 61.9239 30.0832 26.8328 75.5453 63.7025 69.1158 9.48683 47.7598 108.608 56.0089 70.052 
8.544 72.6348 39.8877 32.6979 40.1123 50.4224 70.7248 19.9249 29.0172 27.5958 5.09902 42.7551 47.9277 64.5537 25.3308 27.198 43.553 0.0 64.4018 52.0813 55.6597 18.0278 40.4969 61.7538 81.7354 39.0512 5.83095 70.6045 63.5925 45.9632 
55.8942 10.0 99.3468 92.157 29.5296 110.683 68.1836 49.6796 37.5366 66.6279 59.3266 24.1868 17.8885 1.41421 85.599 87.4662 66.2873 64.4018 0.0 13.8924 44.1022 59.9423 45.8803 3.16228 17.4642 56.8859 60.8727 72.0278 15.0 18.4391 
43.5738 20.8087 87.0263 79.8366 19.105 98.3625 63.3246 37.3591 25.2421 61.3228 47.0062 14.0 9.84886 13.6015 73.2785 75.1458 61.9239 52.0813 13.8924 0.0 40.3673 54.9474 36.2215 10.8167 28.8444 52.4389 48.5522 66.4906 19.2354 7.0 
51.3897 39.5601 65.2791 67.4404 55.0404 100.499 101.134 59.0339 53.5006 40.3113 53.3976 53.4312 50.216 42.72 73.3553 78.7232 30.0832 55.6597 44.1022 40.3673 0.0 38.4838 70.214 42.2019 41.5933 23.6008 57.3289 103.619 30.4631 46.9658 
16.5529 60.1391 37.1177 29.928 44.1406 62.4282 81.3491 30.0 33.8397 13.4164 17.4642 45.8822 50.8679 58.7568 35.0167 40.3412 26.8328 18.0278 59.9423 54.9474 38.4838 0.0 49.0713 57.3441 65.7368 21.2132 21.3776 82.134 51.8413 48.8293 
34.4819 55.3624 69.8892 62.6994 17.1172 75.4321 32.6497 20.6155 17.4929 62.0081 36.2491 22.3607 28.1603 46.4866 55.0364 55.1453 75.5453 40.4969 45.8803 36.2215 70.214 49.0713 0.0 43.9659 63.2456 67.7979 34.7851 34.1321 55.4437 29.2746 
53.2462 11.4018 96.6988 89.509 27.313 108.035 67.4759 47.0316 34.9146 64.0297 56.6787 21.9317 15.8114 2.82843 82.951 84.8182 63.7025 61.7538 3.16228 10.8167 42.2019 57.3441 43.9659 0.0 19.3132 54.3249 58.2247 71.1758 14.3178 15.8114 
72.1895 8.06226 102.917 95.7269 46.6154 126.986 85.0059 65.9748 53.8578 72.4224 75.6219 41.2311 35.1141 16.7631 101.894 103.761 69.1158 81.7354 17.4642 28.8444 41.5933 65.7368 63.2456 19.3132 0.0 60.407 77.168 89.0225 13.9284 34.8855 
37.3631 56.0 41.8045 46.2573 59.0514 79.3751 100.36 49.8042 50.3693 17.4929 38.6394 58.9172 62.6057 55.7315 53.1601 58.9406 9.48683 39.0512 56.8859 52.4389 23.6008 21.2132 67.7979 54.3249 60.407 0.0 42.5793 101.922 47.0425 60.5671 
6.7082 69.1057 39.5892 32.3994 35.5106 50.1239 64.8999 14.3178 24.3311 31.8384 4.0 38.6005 44.0114 61.0246 25.0322 26.8995 47.7598 5.83095 60.8727 48.5522 57.3289 21.3776 34.7851 58.2247 77.168 42.5793 0.0 64.8151 61.8535 41.9863 
66.4831 82.0244 96.4205 89.203 48.7032 91.5478 5.0 52.3259 51.6236 94.7523 67.3573 52.8867 56.8859 73.0616 79.3095 77.1622 108.608 70.6045 72.0278 66.4906 103.619 82.134 34.1321 71.1758 89.0225 101.922 64.8151 0.0 84.7172 59.6657 
56.875 9.21954 89.0212 81.8314 38.3275 111.671 81.2158 54.2672 44.2986 58.5269 58.77 33.1361 28.0179 13.6015 86.5798 88.447 56.0089 63.5925 15.0 19.2354 30.4631 51.8413 55.4437 14.3178 13.9284 47.0425 61.8535 84.7172 0.0 26.1725 
37.4556 26.8328 80.9082 73.7184 12.1655 91.1649 56.6127 31.241 19.105 69.4509 40.8881 7.0 4.47214 18.6011 66.325 68.1841 70.052 45.9632 18.4391 7.0 46.9658 48.8293 29.2746 15.8114 34.8855 60.5671 41.9863 59.6657 26.1725 0.0 
DEMAND_SCENARIO_SECTION
0 0 0 0 0 0 0 0 0 0 0 0 0 0 0 0 0 0 0 0 0 0 0 0 0 0 0 0 0 0 0 0 0 0 0 0 0 0 0 0 0 0 0 0 0 0 0 0 0 0 
3 3 4 4 3 5 1 5 1 1 3 1 3 4 3 1 2 3 2 2 4 0 6 1 1 2 4 5 3 1 0 3 0 4 1 0 3 1 3 0 1 0 3 2 2 1 0 2 3 2 
2 1 2 1 2 0 2 1 2 3 2 0 1 2 0 1 3 0 1 1 1 1 1 0 0 1 2 2 0 0 3 0 2 1 2 0 1 0 0 0 2 0 2 0 0 1 2 3 1 1 
8 12 12 8 7 10 15 15 11 11 14 15 12 12 13 10 10 13 12 14 12 11 7 8 11 7 12 12 14 14 8 8 8 10 11 7 4 12 7 13 9 7 7 8 11 10 11 11 12 12 
10 5 5 6 11 9 5 5 6 7 7 4 4 5 7 6 7 5 2 6 3 7 5 10 3 7 1 9 8 2 4 6 4 9 4 5 7 9 9 6 4 6 5 3 6 2 7 8 9 6 
5 12 11 9 7 11 9 6 12 8 7 9 10 7 10 8 14 10 8 8 5 9 11 11 8 12 14 8 10 9 14 5 6 11 11 8 11 11 13 14 12 6 7 2 9 8 6 13 10 11 
8 8 9 9 7 6 9 5 12 5 3 3 3 3 3 8 2 9 8 8 6 6 12 6 7 11 11 10 5 3 10 5 10 5 8 7 8 12 11 7 5 9 6 6 4 6 13 7 5 9 
3 5 6 3 0 3 4 1 3 4 4 2 4 5 6 4 3 0 2 3 3 4 2 2 0 3 3 3 8 3 3 3 5 3 3 3 3 1 1 4 1 4 2 1 2 5 2 4 6 4 
14 4 10 5 6 9 13 6 11 10 9 10 9 13 10 10 6 8 7 13 8 12 10 3 8 13 11 4 6 10 6 1 4 8 11 7 8 7 6 6 10 5 11 6 7 4 6 9 10 10 
5 3 5 3 4 10 6 6 6 8 5 9 5 8 7 12 0 8 5 5 5 7 4 8 7 7 7 9 3 8 9 6 3 0 10 5 5 11 3 5 6 8 1 10 3 8 10 8 5 7 
0 2 1 2 0 3 1 1 1 3 1 2 2 5 0 2 0 1 1 4 0 1 4 2 0 0 1 2 0 0 1 3 0 1 1 0 3 0 3 4 1 2 3 2 1 0 4 3 2 2 
2 1 2 3 3 2 3 1 2 1 3 3 4 4 1 2 0 3 1 2 0 1 3 2 0 2 4 3 2 1 0 3 0 3 3 1 4 0 2 5 4 3 1 3 0 4 0 1 1 0 
8 10 7 5 12 4 5 7 10 5 7 7 6 3 4 10 11 6 9 3 5 8 8 6 8 11 7 9 3 1 2 1 11 11 7 5 3 7 8 2 9 5 9 10 5 11 8 7 10 0 
7 5 7 6 3 7 9 7 7 7 7 7 6 3 3 8 7 3 3 3 6 7 9 5 9 5 5 9 4 9 5 4 6 8 3 7 3 4 6 8 9 6 5 4 1 6 5 1 3 9 
4 5 0 3 6 6 4 4 6 3 7 4 4 5 5 4 4 7 6 8 5 2 3 6 6 6 2 6 4 6 6 7 1 7 7 5 8 6 9 4 2 3 6 4 5 7 1 4 0 9 
6 3 3 3 1 7 5 3 6 7 8 5 7 4 5 8 9 1 2 11 5 8 9 3 7 6 7 5 4 3 5 1 7 7 6 7 5 3 5 0 6 6 5 1 5 4 7 6 5 4 
3 6 6 8 6 7 10 7 7 5 10 9 14 7 8 6 12 11 13 6 9 7 12 4 3 9 5 10 4 7 15 9 9 10 13 11 14 0 8 7 7 14 9 3 3 5 10 13 12 12 
10 12 10 6 10 7 10 7 15 7 13 14 14 13 15 6 8 14 6 7 10 12 8 8 10 4 12 8 12 15 8 11 13 6 9 10 11 3 9 13 8 9 12 6 14 6 14 8 14 12 
5 0 4 8 5 1 6 4 5 5 8 5 2 1 2 7 4 2 6 4 6 3 4 5 4 4 5 6 5 0 7 3 9 5 7 2 3 5 2 8 4 1 1 5 5 8 8 2 0 4 
1 2 3 6 8 4 4 3 2 3 2 5 6 6 0 4 5 4 8 4 8 5 2 7 8 5 6 7 3 6 5 4 5 4 4 2 4 1 5 5 5 6 6 5 7 7 5 3 4 8 
2 4 1 0 1 1 0 0 0 2 1 2 1 1 1 0 1 2 1 1 1 1 2 1 2 1 2 2 1 0 1 0 1 3 1 3 2 2 2 0 2 0 0 1 0 1 2 2 2 0 
7 5 12 10 11 8 8 8 7 11 17 7 6 9 9 10 11 8 10 6 12 7 12 15 9 7 3 9 11 7 14 5 10 12 12 13 12 14 10 12 8 19 9 8 10 8 2 5 7 10 
12 10 12 12 14 10 15 11 5 11 14 14 5 9 5 6 9 13 10 7 9 8 11 14 4 14 8 11 11 13 6 11 5 12 8 12 8 8 14 16 11 13 14 5 10 14 8 10 11 8 
1 3 3 0 6 7 4 1 8 9 6 1 2 4 4 3 6 5 8 3 5 0 5 4 3 5 3 4 3 3 5 2 3 5 4 4 3 8 1 4 6 3 3 4 5 4 3 5 6 5 
5 9 7 9 7 8 7 9 7 10 5 5 7 6 8 6 2 9 8 5 2 3 9 1 14 6 8 12 4 9 4 3 8 9 12 11 6 10 6 8 12 2 4 5 1 5 11 7 4 11 
1 9 5 7 6 6 9 7 4 4 8 3 8 8 12 6 3 3 9 0 3 9 8 6 15 7 2 9 9 7 12 10 9 11 12 7 3 6 8 6 7 12 3 9 11 10 8 10 4 6 
2 2 2 3 2 3 5 3 3 4 2 2 4 3 6 4 4 0 1 2 5 4 3 2 2 1 4 2 2 5 3 1 0 5 3 1 3 0 6 1 3 3 3 1 2 4 0 2 4 3 
1 6 4 6 4 7 4 5 5 3 0 2 5 3 5 1 2 6 2 5 6 7 7 4 2 6 6 4 6 2 5 0 4 2 5 3 5 5 3 2 2 3 4 6 3 5 7 3 4 6 
6 15 8 6 7 9 7 6 8 16 2 11 10 8 15 14 2 7 7 9 8 8 12 10 7 7 2 7 10 12 4 7 6 12 11 11 13 10 9 14 11 7 6 9 6 6 8 6 9 6 
6 6 9 10 10 6 6 5 6 5 1 2 5 9 5 5 4 4 6 7 6 4 5 7 4 5 5 0 6 6 6 5 3 6 5 5 4 4 3 5 4 4 6 2 5 6 3 5 4 6 
DEPOT_SECTION
 1
 -1
EOF
