NAME  : Parada_30_3_0.95_1.00_2
TYPE : SVRP
MODEL : FINITE_SUPPORT
NUMBER_OF_SCENARIOS : 50
DIMENSION : 30
EDGE_WEIGHT_TYPE : MATRIX
CAPACITY : 55
N_VEHICLES : 3
NODE_COORD_SECTION
1 84533 260020
2 367590 368350
3 392890 59718
4 91770 525510
5 237170 262380
6 23606 582480
7 216870 220450
8 275490 253750
9 175690 474340
10 422730 18
11 172800 241520
12 144550 167140
13 414440 70612
14 385300 579210
15 243400 542060
16 292450 164820
17 286850 188420
18 90654 408190
19 266470 338940
20 27 578570
21 192860 319860
22 261300 625250
23 320670 644620
24 339390 397180
25 198550 556070
26 232880 485720
27 487480 559250
28 149740 334280
29 39123 386580
30 329350 261370
DEMAND_SECTION
1 0.0
2 3.0
3 4.0
4 8.0
5 3.0
6 3.0
7 8.0
8 5.0
9 9.0
10 8.0
11 1.0
12 6.0
13 4.0
14 3.0
15 8.0
16 8.0
17 6.0
18 2.0
19 10.0
20 7.0
21 1.0
22 10.0
23 7.0
24 6.0
25 2.0
26 8.0
27 9.0
28 1.0
29 5.0
30 3.0
DISTANCE_MATRIX
0.0 23.3452 72.7284 45.782 28.443 70.4344 24.3337 24.3788 55.1237 62.8826 11.1803 50.9902 74.2537 43.4166 38.2915 67.8947 41.0488 38.3076 33.1059 56.0803 23.7403 48.1041 43.4166 34.3048 43.8649 48.4202 61.8617 13.4467 60.836 32.0 
23.3452 0.0 86.108 51.8652 43.1741 62.6259 45.1774 32.249 38.0789 83.0817 15.8114 74.3303 88.2008 32.8938 28.6356 74.5753 64.2806 43.4631 56.0224 56.0357 27.2947 30.4138 22.3607 49.9082 32.0156 32.9848 78.0025 19.4165 66.7608 55.1453 
72.7284 86.108 0.0 43.4166 72.0347 80.0062 65.5134 71.4179 122.504 20.8087 70.8765 48.0833 3.0 75.7694 106.565 20.0998 54.231 85.3395 42.4264 57.1402 83.2442 89.8999 94.1528 38.4838 112.139 116.14 90.934 81.7205 40.1995 56.1427 
45.782 51.8652 43.4166 0.0 74.4182 39.2938 67.6641 72.6718 89.8888 54.3323 40.1995 66.8631 46.3249 33.2866 77.7817 25.5539 67.0086 78.7022 51.19 16.5529 64.1349 48.0104 53.7587 39.0167 82.5651 84.7703 101.79 53.8414 15.1327 63.2205 
28.443 43.1741 72.0347 74.4182 0.0 95.911 6.7082 11.6619 62.9069 60.4152 36.7752 39.2046 72.8011 70.3496 41.3451 72.3429 27.2029 23.198 30.0832 87.3499 18.2652 71.173 65.146 35.1286 47.7427 55.3247 37.1053 23.7697 83.6811 19.105 
70.4344 62.6259 80.0062 39.2938 95.911 0.0 91.6828 94.1646 94.1913 93.3809 60.4649 104.227 83.006 29.7321 91.0934 60.075 100.916 99.4886 84.7711 23.1948 84.9058 38.0132 49.0102 72.5995 93.6216 91.9239 128.994 74.6257 40.3113 94.5117 
24.3337 45.1774 65.5134 67.6641 6.7082 91.6828 0.0 13.0 67.553 53.7122 35.2313 33.2866 66.2193 66.2403 45.9912 66.2722 21.4709 23.6301 23.4094 80.5958 22.8473 72.2171 66.5358 29.0689 52.3889 59.9708 37.4833 26.0 76.9271 12.8062 
24.3788 32.249 71.4179 72.6718 11.6619 94.1646 13.0 0.0 56.3028 61.6355 25.3071 44.7772 72.4022 57.1239 35.3836 71.2952 33.5261 21.9443 30.8349 85.6035 12.0416 59.7049 53.8516 34.0808 41.7732 48.8262 48.4479 13.0 81.9348 24.3516 
55.1237 38.0789 122.504 89.8888 62.9069 94.1913 67.553 56.3028 0.0 118.002 52.1536 100.722 124.03 66.1211 22.1359 113.884 89.014 57.8705 87.1352 92.5743 44.7772 56.4358 45.2769 86.6045 16.2788 7.61577 87.1436 46.0109 104.676 80.1311 
62.8826 83.0817 20.8087 54.3323 60.4152 93.3809 53.7122 61.6355 118.002 0.0 67.2709 29.0689 19.2354 82.8734 96.8893 37.2156 37.6563 71.1893 30.8058 70.214 73.4618 95.5667 97.0391 33.2866 103.29 111.298 73.0068 76.3249 56.0803 42.1545 
11.1803 15.8114 70.8765 40.1995 36.7752 60.4649 35.2313 25.3071 52.1536 67.2709 0.0 60.208 72.4018 32.5576 37.6563 62.5518 51.0882 39.2358 41.2495 48.2701 24.6685 37.0 33.0151 34.0974 42.72 46.0652 72.7593 14.375 55.3263 42.2966 
50.9902 74.3303 48.0833 66.8631 39.2046 104.227 33.2866 44.7772 100.722 29.0689 60.208 0.0 47.2969 85.703 79.1741 58.8218 12.0416 46.4215 20.3961 83.3855 55.9464 95.2575 93.086 31.9531 85.5717 93.1504 44.0114 57.0553 73.5935 20.5913 
74.2537 88.2008 3.0 46.3249 72.8011 83.006 66.2193 72.4022 124.03 19.2354 72.4018 47.2969 0.0 78.5493 108.091 23.0868 54.037 85.6911 42.9535 60.1332 84.2285 92.6263 96.9779 39.8246 113.664 118.219 90.5539 83.2458 43.1856 56.4358 
43.4166 32.8938 75.7694 33.2866 70.3496 29.7321 66.2403 57.1239 66.1211 82.8734 32.5576 85.703 78.5493 0.0 61.4003 58.8303 79.108 71.0527 65.307 28.178 56.2228 14.8661 22.8473 54.3611 64.1327 63.0714 103.768 46.0977 44.5982 71.7559 
38.2915 28.6356 106.565 77.7817 41.3451 91.0934 45.9912 35.3836 22.1359 96.8893 37.6563 79.1741 108.091 61.4003 0.0 101.726 67.4522 35.7351 66.0887 84.0952 23.4307 56.4358 46.0435 69.7723 6.40312 14.5602 66.0303 27.2947 92.9139 58.5877 
67.8947 74.5753 20.0998 25.5539 72.3429 60.075 66.2722 71.2952 113.884 37.2156 62.5518 58.8218 23.0868 58.8303 101.726 0.0 61.327 88.1332 46.1736 37.4833 86.2564 73.4983 78.6448 37.2156 105.244 108.191 97.7394 75.9629 20.0998 60.1664 
41.0488 64.2806 54.231 67.0086 27.2029 100.916 21.4709 33.5261 89.014 37.6563 51.0882 12.0416 54.037 79.108 67.4522 61.327 0.0 34.6333 16.2788 80.3712 44.2832 87.2983 84.0952 28.3196 73.8498 81.4317 36.8782 46.0977 73.6064 9.21954 
38.3076 43.4631 85.3395 78.7022 23.198 99.4886 23.6301 21.9443 57.8705 71.1893 39.2358 46.4215 85.6911 71.0527 35.7351 88.1332 34.6333 0.0 43.0167 87.4457 16.4924 72.9083 65.8015 51.0789 41.7852 50.2892 34.5398 25.0416 93.7632 29.2788 
33.1059 56.0224 42.4264 51.19 30.0832 84.7711 23.4094 30.8349 87.1352 30.8058 41.2495 20.3961 42.9535 65.307 66.0887 46.1736 16.2788 43.0167 0.0 64.1218 42.6612 75.06 73.437 12.2066 72.4891 79.6504 51.6236 46.5495 57.6176 14.1421 
56.0803 56.0357 57.1402 16.5529 87.3499 23.1948 80.5958 85.6035 92.5743 70.214 48.2701 83.3855 60.1332 28.178 84.0952 37.4833 80.3712 87.4457 64.1218 0.0 72.8784 42.4382 50.9902 51.9484 88.0057 88.5664 114.722 62.5848 18.7883 76.1522 
23.7403 27.2947 83.2442 64.1349 18.2652 84.9058 22.8473 12.0416 44.7772 73.4618 24.6685 55.9464 84.2285 56.2228 23.4307 86.2564 44.2832 16.4924 42.6612 72.8784 0.0 57.2014 49.6488 45.9071 29.8329 37.2156 50.9215 10.2956 79.1959 35.3553 
48.1041 30.4138 89.8999 48.0104 71.173 38.0132 72.2171 59.7049 56.4358 95.5667 37.0 95.2575 92.6263 14.8661 56.4358 73.4983 87.2983 72.9083 75.06 42.4382 57.2014 0.0 11.1803 65.123 57.7754 54.8179 107.448 48.0208 59.4138 78.8543 
43.4166 22.3607 94.1528 53.7587 65.146 49.0102 66.5358 53.8516 45.2769 97.0391 33.0151 93.086 96.9779 22.8473 46.0435 78.6448 84.0952 65.8015 73.437 50.9902 49.6488 11.1803 0.0 64.7611 46.9574 43.6807 100.341 41.4367 66.6108 75.2396 
34.3048 49.9082 38.4838 39.0167 35.1286 72.5995 29.0689 34.0808 86.6045 33.2866 34.0974 31.9531 39.8246 54.3611 69.7723 37.2156 28.3196 51.0789 12.2066 51.9484 45.9071 65.123 64.7611 0.0 75.3457 79.901 62.1772 44.9275 47.6904 24.1868 
43.8649 32.0156 112.139 82.5651 47.7427 93.6216 52.3889 41.7732 16.2788 103.29 42.72 85.5717 113.664 64.1327 6.40312 105.244 73.8498 41.7852 72.4891 88.0057 29.8329 57.7754 46.9574 75.3457 0.0 9.0 71.0282 33.2866 97.6729 64.9853 
48.4202 32.9848 116.14 84.7703 55.3247 91.9239 59.9708 48.8262 7.61577 111.298 46.0652 93.1504 118.219 63.0714 14.5602 108.191 81.4317 50.2892 79.6504 88.5664 37.2156 54.8179 43.6807 79.901 9.0 0.0 80.025 38.8973 99.7246 72.5603 
61.8617 78.0025 90.934 101.79 37.1053 128.994 37.4833 48.4479 87.1436 73.0068 72.7593 44.0114 90.5539 103.768 66.0303 97.7394 36.8782 34.5398 51.6236 114.722 50.9215 107.448 100.341 62.1772 71.0282 80.025 0.0 59.5811 110.442 38.0132 
13.4467 19.4165 81.7205 53.8414 23.7697 74.6257 26.0 13.0 46.0109 76.3249 14.375 57.0553 83.2458 46.0977 27.2947 75.9629 46.0977 25.0416 46.5495 62.5848 10.2956 48.0208 41.4367 44.9275 33.2866 38.8973 59.5811 0.0 68.9023 36.8782 
60.836 66.7608 40.1995 15.1327 83.6811 40.3113 76.9271 81.9348 104.676 56.0803 55.3263 73.5935 43.1856 44.5982 92.9139 20.0998 73.6064 93.7632 57.6176 18.7883 79.1959 59.4138 66.6108 47.6904 97.6729 99.7246 110.442 68.9023 0.0 71.1841 
32.0 55.1453 56.1427 63.2205 19.105 94.5117 12.8062 24.3516 80.1311 42.1545 42.2966 20.5913 56.4358 71.7559 58.5877 60.1664 9.21954 29.2788 14.1421 76.1522 35.3553 78.8543 75.2396 24.1868 64.9853 72.5603 38.0132 36.8782 71.1841 0.0 
DEMAND_SCENARIO_SECTION
0 0 0 0 0 0 0 0 0 0 0 0 0 0 0 0 0 0 0 0 0 0 0 0 0 0 0 0 0 0 0 0 0 0 0 0 0 0 0 0 0 0 0 0 0 0 0 0 0 0 
5 1 4 2 4 3 1 3 2 4 0 4 4 4 4 3 4 1 5 1 3 0 4 1 7 6 4 2 2 0 3 4 1 3 3 2 3 3 4 2 4 2 4 1 4 3 4 1 6 2 
4 6 4 5 0 2 6 3 4 6 4 2 3 3 4 6 5 8 3 4 7 4 4 5 7 5 4 2 1 2 3 6 4 4 6 3 3 3 6 3 3 3 1 4 4 1 4 5 5 2 
7 8 9 7 11 7 3 6 5 6 3 13 8 9 6 6 12 9 10 11 8 7 0 8 13 5 11 4 10 7 6 5 3 7 8 9 9 6 9 6 9 8 6 11 4 6 4 11 12 9 
1 3 1 1 3 3 2 6 3 1 5 4 4 3 4 3 2 4 5 6 4 3 2 2 3 2 7 3 2 7 3 2 4 1 1 5 1 7 3 5 3 5 2 3 0 2 0 3 6 4 
2 5 3 1 4 6 4 4 4 1 1 1 4 5 4 1 3 2 4 4 1 3 0 5 2 2 4 2 5 4 4 2 5 4 3 3 2 1 3 4 4 2 3 3 3 3 1 4 5 2 
7 6 9 13 5 10 10 7 9 8 14 9 10 7 2 3 9 6 10 8 9 11 10 5 10 6 7 7 10 8 8 8 7 11 11 11 10 5 10 3 12 8 6 8 7 4 7 9 4 6 
6 4 3 2 8 4 4 2 6 2 6 4 4 6 2 6 3 6 3 1 0 3 5 7 4 7 7 4 9 8 8 6 5 4 5 1 8 6 4 10 5 7 0 1 4 6 3 4 4 5 
9 15 9 10 11 11 13 14 7 6 7 7 7 6 9 3 15 11 9 7 12 12 7 13 11 9 10 5 7 11 9 0 12 10 12 8 7 14 3 7 9 9 7 7 5 10 7 6 9 11 
12 5 12 15 9 7 11 7 9 6 8 7 13 6 13 11 8 12 12 3 12 7 9 10 9 10 7 6 3 10 7 4 12 9 15 7 12 5 11 6 6 6 10 9 10 7 3 7 8 8 
2 1 2 1 1 1 3 2 0 1 0 0 0 0 3 1 2 2 2 0 4 1 2 1 0 1 1 1 2 2 0 1 1 1 1 1 1 2 2 1 3 1 1 1 2 0 1 0 1 1 
2 2 9 6 0 4 4 5 7 4 9 5 6 7 4 2 6 6 3 5 11 7 6 6 7 6 7 6 3 4 8 4 8 6 6 3 6 3 8 7 4 5 4 5 8 7 9 8 7 6 
2 1 3 6 5 1 5 6 1 2 1 7 2 6 4 7 2 3 3 0 5 7 4 5 6 5 6 4 3 4 0 0 6 3 7 3 4 7 4 5 8 3 6 3 5 2 8 1 5 4 
3 3 1 0 4 2 4 3 2 5 0 4 2 2 4 3 2 2 1 2 4 2 1 2 3 2 6 0 4 3 3 3 4 5 1 5 5 4 5 1 0 1 0 7 4 4 4 4 2 0 
6 10 5 7 4 9 10 8 10 8 6 10 11 7 4 11 11 10 6 2 10 8 9 10 9 6 13 8 6 12 12 11 7 7 9 6 6 10 8 8 2 14 11 7 3 7 12 8 7 7 
7 12 12 9 9 3 9 10 9 5 12 3 11 8 5 10 9 7 7 11 14 4 5 6 7 13 6 14 7 15 3 8 4 8 7 8 7 7 8 9 10 8 8 10 8 13 4 7 4 10 
9 4 5 8 4 0 4 3 6 6 5 2 7 4 4 4 8 4 6 7 7 8 6 10 10 7 3 6 3 9 6 8 8 6 7 9 4 5 7 8 7 9 4 5 5 5 9 2 5 13 
2 0 2 3 3 4 1 2 6 1 5 0 3 2 0 1 3 3 1 3 1 3 3 6 3 5 3 5 2 1 1 1 3 2 0 2 1 5 1 1 2 1 0 3 3 4 1 0 1 3 
9 13 7 10 13 11 10 14 10 5 4 13 12 14 9 13 10 6 14 9 12 4 10 13 12 9 15 13 14 8 4 12 9 9 11 16 6 14 10 4 14 8 5 13 12 14 12 10 10 6 
7 6 8 4 13 4 7 3 8 10 4 9 7 6 4 5 6 3 5 9 12 9 10 11 8 7 10 9 7 9 2 12 2 8 5 5 7 5 11 9 9 4 0 7 9 6 1 7 5 4 
0 1 0 0 0 1 1 2 2 2 1 2 0 1 2 1 1 2 0 1 1 1 0 2 1 0 0 0 3 0 2 1 3 0 2 2 2 0 0 1 0 1 0 1 0 2 1 2 1 1 
10 14 6 9 10 10 7 11 9 7 7 9 14 6 9 13 12 13 14 11 11 17 13 9 15 11 13 11 7 10 12 9 8 11 10 12 10 11 13 10 7 11 11 10 2 12 11 12 12 10 
9 7 8 5 5 4 5 6 8 9 11 7 6 5 9 5 8 6 7 3 9 4 10 6 8 8 8 10 11 6 8 13 8 8 5 7 5 8 4 7 3 5 3 7 10 3 4 3 8 3 
7 2 6 8 7 6 5 5 7 9 10 7 6 6 6 5 9 4 3 7 8 3 2 6 7 7 6 8 5 2 5 3 6 7 7 8 5 7 1 8 4 3 8 9 6 6 4 9 6 2 
4 1 1 0 1 2 0 2 5 3 3 1 1 2 2 1 1 3 1 0 4 0 2 2 1 3 1 4 2 1 0 5 3 1 3 0 2 0 2 2 1 0 5 4 3 3 0 3 5 0 
11 9 14 4 4 8 6 6 12 8 6 8 13 9 7 11 11 15 11 6 3 12 8 8 8 9 6 11 7 2 7 11 8 8 10 5 9 6 11 8 10 0 10 10 6 13 12 6 5 12 
14 7 11 14 10 10 9 7 10 9 7 7 8 8 7 14 8 12 7 7 7 15 12 8 3 10 13 15 5 8 8 4 7 8 13 9 11 12 10 10 10 5 9 8 6 13 10 13 9 8 
2 1 2 2 0 1 1 1 0 0 3 1 0 1 2 1 0 3 1 1 2 0 0 1 2 1 2 1 0 0 3 1 2 1 1 1 0 0 1 1 1 2 0 1 1 3 1 0 0 2 
4 4 5 1 9 8 4 4 8 4 4 4 6 7 4 2 6 1 2 3 7 8 6 5 4 7 7 5 3 3 2 8 5 0 9 5 0 4 9 4 4 6 2 2 5 3 7 6 4 2 
2 2 7 3 2 3 0 3 0 1 3 1 3 4 4 4 4 4 1 0 4 2 4 4 5 3 5 4 4 3 3 0 3 1 0 3 5 4 2 4 1 3 2 3 2 4 5 1 1 4 
DEPOT_SECTION
 1
 -1
EOF
