NAME  : Parada_30_4_0.95_1.00_4
TYPE : SVRP
MODEL : FINITE_SUPPORT
NUMBER_OF_SCENARIOS : 50
DIMENSION : 30
EDGE_WEIGHT_TYPE : MATRIX
CAPACITY : 42
N_VEHICLES : 4
NODE_COORD_SECTION
1 5906 267820
2 287800 249060
3 264170 140970
4 27 328460
5 187650 520470
6 40109 390600
7 91925 217730
8 387070 104260
9 142440 18
10 241200 30397
11 205770 49442
12 65240 247050
13 194280 259440
14 295770 248210
15 169530 572460
16 373890 167930
17 417620 36441
18 153940 526790
19 246720 171030
20 14091 300860
21 182580 136370
22 166010 264370
23 285450 384370
24 317210 498220
25 187860 358420
26 62782 111790
27 146820 327550
28 92992 419490
29 49314 116690
30 116100 245210
DEMAND_SECTION
1 0.0
2 8.0
3 3.0
4 1.0
5 3.0
6 9.0
7 3.0
8 8.0
9 10.0
10 2.0
11 9.0
12 9.0
13 2.0
14 1.0
15 8.0
16 6.0
17 7.0
18 3.0
19 7.0
20 8.0
21 4.0
22 2.0
23 5.0
24 9.0
25 2.0
26 3.0
27 9.0
28 4.0
29 10.0
30 5.0
DISTANCE_MATRIX
0.0 35.2744 49.006 13.5357 40.6079 50.7551 19.9249 63.1054 32.4144 44.8262 32.1403 20.0998 26.6271 44.8219 44.1762 58.5918 52.1116 44.1814 45.2276 12.0 24.5153 29.0689 47.2969 40.5216 36.6742 29.1204 11.6158 55.6366 29.7321 25.0799 
35.2744 0.0 68.851 48.7981 70.3278 15.8114 37.1047 80.5345 33.1361 84.9386 24.3311 30.4427 44.4014 57.743 75.452 63.1348 57.7062 72.45 63.8522 46.894 16.4924 48.3167 46.3249 62.3618 38.0789 64.3465 31.6586 23.3452 64.9949 31.0599 
49.006 68.851 0.0 46.4858 74.4852 77.4145 34.7131 14.8661 78.9722 28.2843 78.3745 42.4264 25.318 15.0 71.6229 29.0689 101.766 79.473 5.38516 48.017 69.7819 21.3776 35.2278 85.4157 34.4819 36.2225 56.6646 74.2159 38.0091 38.0132 
13.5357 48.7981 46.4858 0.0 34.3657 64.2788 25.7099 60.9635 45.4479 32.249 45.2243 29.5296 28.1603 44.3191 35.1283 59.9083 62.029 38.833 43.7727 6.0 38.0169 28.8617 52.0096 42.2815 42.2966 16.1245 25.1395 68.3113 16.4924 32.573 
40.6079 70.3278 74.4852 34.3657 0.0 86.093 59.0085 87.9182 56.8536 53.0377 56.634 60.6712 62.514 78.0 8.06226 94.1638 44.1814 5.0 73.61 40.3113 54.6443 63.1506 86.093 18.0278 76.0 38.2753 49.2217 92.6121 36.6197 65.192 
50.7551 15.8114 77.4145 64.2788 86.093 0.0 46.0702 88.0227 47.5395 93.9041 37.3363 39.4082 53.3667 65.0077 91.2634 66.4831 70.0 88.1192 72.2496 62.3747 31.7805 57.2713 49.4773 77.5074 44.0454 81.5237 47.1393 11.1803 80.4756 40.025 
19.9249 37.1047 34.7131 25.7099 59.0085 46.0702 0.0 48.1041 46.9231 48.8953 46.3254 8.06226 9.48683 27.2029 60.6712 39.1152 71.0216 63.0317 30.3645 19.9249 37.7328 13.3417 27.4591 60.4401 17.0294 36.7815 24.6155 45.4863 37.5903 7.2111 
63.1054 80.5345 14.8661 60.9635 87.9182 88.0227 48.1041 0.0 93.0716 38.6394 92.4739 55.3624 38.6264 23.0217 85.0 28.8444 115.865 92.906 17.8885 62.4948 83.8813 34.9285 41.2311 99.0636 44.0 49.6488 70.764 83.3847 51.4296 50.2195 
32.4144 33.1361 78.9722 45.4479 56.8536 47.5395 46.9231 93.0716 0.0 76.7578 11.4018 44.0276 55.3764 73.7312 62.9597 85.9481 26.8328 58.3113 75.1938 44.3479 17.0294 58.51 69.392 47.1669 59.8629 61.0403 30.3076 56.4358 61.6462 50.0773 
44.8262 84.9386 28.2843 32.249 53.0377 93.9041 48.8953 38.6394 76.7578 0.0 76.5342 56.9191 40.6423 40.3113 48.6004 56.6127 89.0919 58.0 31.3209 33.7817 69.4995 38.4613 58.8757 66.2873 55.9089 17.088 56.3823 92.6932 17.8885 53.9231 
32.1403 24.3311 78.3745 45.2243 56.634 37.3363 46.3254 92.4739 11.4018 76.5342 0.0 47.6536 54.7788 73.1335 62.7401 81.2531 33.3766 58.0918 74.5962 44.1022 11.3137 57.9124 65.2238 42.6026 55.6946 60.8167 29.7099 47.0 61.4266 48.2708 
20.0998 30.4427 42.4264 29.5296 60.6712 39.4082 8.06226 55.3624 44.0276 56.9191 47.6536 0.0 17.1172 33.541 63.4344 43.1856 70.6549 64.2806 37.855 24.4131 36.4052 21.095 29.0689 59.6825 18.3576 42.1365 21.72 38.8348 42.9453 6.40312 
26.6271 44.4014 25.318 28.1603 62.514 53.3667 9.48683 38.6264 55.3764 40.6423 54.7788 17.1172 0.0 18.3848 63.0 32.311 78.6514 66.9104 20.8806 22.2036 46.1861 4.0 24.3311 66.3099 16.1245 33.4605 33.0689 51.8941 35.3645 13.3417 
44.8219 57.743 15.0 44.3191 78.0 65.0077 27.2029 23.0217 73.7312 40.3113 73.1335 33.541 18.3848 0.0 77.1038 17.0294 96.9241 82.7852 9.89949 38.606 64.5409 15.8114 20.2485 83.765 21.0238 43.0 51.4236 60.6712 45.0 27.8568 
44.1762 75.452 71.6229 35.1283 8.06226 91.2634 60.6712 85.0 62.9597 48.6004 62.7401 63.4344 63.0 77.1038 0.0 93.771 52.2398 11.4018 72.0503 41.1096 60.3075 63.1269 87.0919 26.0768 77.4145 35.4683 53.2734 97.1421 33.6155 67.2681 
58.5918 63.1348 29.0689 59.9083 94.1638 66.4831 39.1152 28.8444 85.9481 56.6127 81.2531 43.1856 32.311 17.0294 93.771 0.0 110.137 98.717 25.2982 54.1202 70.0048 31.0483 17.088 98.6154 25.6125 60.0083 63.6406 59.5399 62.0081 36.7967 
52.1116 57.7062 101.766 62.029 44.1814 70.0 71.0216 115.865 26.8328 89.0919 33.3766 70.6549 78.6514 96.9241 52.2398 110.137 0.0 41.7732 97.2905 61.2563 43.0116 81.1801 96.0194 26.1725 86.4902 72.5728 54.6433 80.1561 71.3504 76.7046 
44.1814 72.45 79.473 38.833 5.0 88.1192 63.0317 92.906 58.3113 58.0 58.0918 64.2806 66.9104 82.7852 11.4018 98.717 41.7732 0.0 78.4464 44.7214 56.4358 67.6831 90.2842 15.8114 80.0562 43.2666 52.2701 95.0789 41.6173 69.029 
45.2276 63.8522 5.38516 43.7727 73.61 72.2496 30.3645 17.8885 75.1938 31.3209 74.5962 37.855 20.8806 9.89949 72.0503 25.2982 97.2905 78.4464 0.0 38.606 66.0035 17.088 30.0 82.8008 29.1204 37.088 52.8862 68.884 39.0725 33.1361 
12.0 46.894 48.017 6.0 40.3113 62.3747 19.9249 62.4948 44.3479 33.7817 44.1022 24.4131 22.2036 38.606 41.1096 54.1202 61.2563 44.7214 38.606 0.0 36.3456 23.0868 46.0109 47.0431 36.3456 18.0892 23.2354 63.2476 18.898 26.9258 
24.5153 16.4924 69.7819 38.0169 54.6443 31.7805 37.7328 83.8813 17.0294 69.4995 11.3137 36.4052 46.1861 64.5409 60.3075 70.0048 43.0116 56.4358 66.0035 36.3456 0.0 49.3197 53.9754 45.8803 44.4462 53.6004 21.1172 39.8121 54.2152 37.0224 
29.0689 48.3167 21.3776 28.8617 63.1506 57.2713 13.3417 34.9285 58.51 38.4613 57.9124 21.095 4.0 15.8114 63.1269 31.0483 81.1801 67.6831 17.088 23.0868 49.3197 0.0 25.2982 68.0132 18.4391 31.3209 36.2025 55.5428 33.2415 17.2627 
47.2969 46.3249 35.2278 52.0096 86.093 49.4773 27.4591 41.2311 69.392 58.8757 65.2238 29.0689 24.3311 20.2485 87.0919 17.088 96.0194 90.2842 30.0 46.0109 53.9754 25.2982 0.0 87.8009 10.7703 56.6127 50.6154 43.0465 58.5235 22.8473 
40.5216 62.3618 85.4157 42.2815 18.0278 77.5074 60.4401 99.0636 47.1669 66.2873 42.6026 59.6825 66.3099 83.765 26.0768 98.6154 26.1725 15.8114 82.8008 47.0431 45.8803 68.0132 87.8009 0.0 77.1298 49.8197 46.19 85.6154 48.6004 65.307 
36.6742 38.0789 34.4819 42.2966 76.0 44.0454 17.0294 44.0 59.8629 55.9089 55.6946 18.3576 16.1245 21.0238 77.4145 25.6125 86.4902 80.0562 29.1204 36.3456 44.4462 18.4391 10.7703 77.1298 0.0 49.2692 39.8469 39.8121 51.1731 12.083 
29.1204 64.3465 36.2225 16.1245 38.2753 81.5237 36.7815 49.6488 61.0403 17.088 60.8167 42.1365 33.4605 43.0 35.4683 60.0083 72.5728 43.2666 37.088 18.0892 53.6004 31.3209 56.6127 49.8197 49.2692 0.0 40.6879 80.9503 2.0 43.9687 
11.6158 31.6586 56.6646 25.1395 49.2217 47.1393 24.6155 70.764 30.3076 56.3823 29.7099 21.72 33.0689 51.4236 53.2734 63.6406 54.6433 52.2701 52.8862 23.2354 21.1172 36.2025 50.6154 46.19 39.8469 40.6879 0.0 52.0208 41.3363 27.7697 
55.6366 23.3452 74.2159 68.3113 92.6121 11.1803 45.4863 83.3847 56.4358 92.6932 47.0 38.8348 51.8941 60.6712 97.1421 59.5399 80.1561 95.0789 68.884 63.2476 39.8121 55.5428 43.0465 85.6154 39.8121 80.9503 52.0208 0.0 81.7591 38.9487 
29.7321 64.9949 38.0091 16.4924 36.6197 80.4756 37.5903 51.4296 61.6462 17.8885 61.4266 42.9453 35.3645 45.0 33.6155 62.0081 71.3504 41.6173 39.0725 18.898 54.2152 33.2415 58.5235 48.6004 51.1731 2.0 41.3363 81.7591 0.0 44.7775 
25.0799 31.0599 38.0132 32.573 65.192 40.025 7.2111 50.2195 50.0773 53.9231 48.2708 6.40312 13.3417 27.8568 67.2681 36.7967 76.7046 69.029 33.1361 26.9258 37.0224 17.2627 22.8473 65.307 12.083 43.9687 27.7697 38.9487 44.7775 0.0 
DEMAND_SCENARIO_SECTION
0 0 0 0 0 0 0 0 0 0 0 0 0 0 0 0 0 0 0 0 0 0 0 0 0 0 0 0 0 0 0 0 0 0 0 0 0 0 0 0 0 0 0 0 0 0 0 0 0 0 
11 10 9 8 13 9 13 8 6 10 4 5 4 12 8 2 5 3 12 8 6 8 3 7 7 9 7 15 8 7 11 10 7 7 7 10 8 5 8 13 11 11 8 6 7 5 10 7 10 12 
2 2 4 3 4 4 4 6 4 6 5 6 3 3 3 2 2 2 1 4 3 1 2 2 3 5 4 4 4 3 3 0 4 4 4 6 3 5 4 2 4 2 2 6 0 3 1 1 4 0 
1 2 4 0 0 0 2 2 3 0 1 2 3 3 3 1 1 0 2 1 1 2 3 1 2 1 1 2 0 1 2 0 1 0 1 0 0 1 1 0 2 2 1 0 3 2 1 2 1 1 
2 4 3 2 3 0 3 2 5 5 3 6 3 2 4 4 3 2 2 1 4 3 4 4 2 3 4 4 5 4 3 1 3 2 5 3 5 2 1 3 2 4 3 5 2 2 0 2 2 4 
7 5 6 6 8 10 4 13 11 8 11 6 9 6 9 12 9 8 8 8 7 9 10 6 13 6 11 3 14 6 6 8 2 10 9 10 10 10 7 4 11 12 14 9 9 13 8 7 8 9 
2 2 1 2 2 0 5 2 4 3 2 4 3 1 2 5 2 3 4 1 6 7 3 2 2 2 2 2 1 2 1 4 4 3 2 3 4 3 0 4 1 3 3 2 3 3 5 3 1 4 
11 3 9 8 11 5 8 11 14 7 10 14 4 7 5 10 0 14 11 11 14 7 17 10 12 4 8 11 7 11 12 11 8 8 7 9 3 5 10 7 10 4 9 4 7 12 8 8 11 14 
5 9 9 10 15 9 10 10 14 2 6 13 14 15 10 11 10 12 10 8 12 10 12 8 8 12 7 15 12 7 11 9 13 9 11 6 6 9 9 8 3 9 6 8 7 13 16 10 2 10 
0 1 0 0 0 3 2 2 4 3 4 2 0 2 3 0 2 0 3 2 2 3 2 3 2 0 3 0 2 1 1 4 2 2 3 4 4 3 2 3 2 2 2 2 3 0 1 3 2 1 
16 8 10 8 13 9 11 6 8 12 15 11 11 10 7 13 8 12 8 7 9 3 7 4 10 10 11 4 13 8 7 11 7 10 7 6 5 8 10 7 13 13 12 6 9 12 7 7 9 11 
12 11 12 5 11 6 7 12 8 12 8 8 4 13 11 7 5 8 7 9 12 8 9 14 12 8 7 13 8 5 10 8 11 10 6 8 6 1 11 7 8 1 9 12 6 7 5 9 9 10 
3 0 1 1 2 4 2 1 2 2 4 2 0 4 2 6 3 3 2 1 5 3 1 3 4 4 1 3 3 2 0 1 3 5 1 1 0 5 2 2 1 0 5 4 4 2 0 0 1 3 
0 1 0 0 0 2 2 1 0 2 0 1 1 0 2 2 0 1 0 1 1 0 0 2 0 0 1 1 0 1 3 2 2 1 2 2 1 0 1 0 1 1 1 2 2 1 0 2 0 1 
8 11 4 10 9 7 11 8 10 10 11 11 7 10 6 7 4 4 10 10 9 6 11 8 5 4 12 13 14 5 12 8 13 13 6 14 6 8 6 12 11 6 8 6 10 6 8 10 7 5 
8 6 6 6 4 7 7 2 4 5 6 5 7 6 5 7 5 4 7 7 0 5 8 10 8 9 6 5 6 5 6 2 6 7 7 5 7 6 6 8 9 7 11 8 3 6 4 7 4 11 
8 13 11 5 8 8 5 2 5 9 5 5 9 10 6 8 6 11 8 7 5 9 8 4 10 8 2 9 7 7 7 6 6 6 9 4 9 7 10 6 7 7 9 8 7 12 3 7 6 6 
5 7 4 6 5 4 7 3 3 5 2 6 3 4 1 4 1 3 1 3 3 4 3 3 2 5 0 0 5 4 3 4 0 3 4 3 3 4 4 3 3 4 0 2 2 7 1 2 4 1 
7 6 4 7 14 5 6 4 7 2 5 0 6 2 5 7 8 6 12 2 3 6 8 7 6 12 7 4 5 8 8 10 6 6 8 7 11 11 9 11 9 7 7 10 8 3 5 9 4 10 
6 7 8 10 3 11 5 9 6 7 8 6 7 11 7 9 9 3 10 7 9 8 8 7 10 7 11 4 9 9 6 6 7 7 6 11 6 4 9 9 11 6 8 12 11 6 8 8 10 10 
10 6 8 4 6 4 4 3 8 6 5 6 2 5 2 5 1 5 4 4 2 0 3 7 0 6 2 4 2 4 0 5 5 3 3 4 4 2 4 4 7 4 3 5 0 4 4 4 3 3 
1 2 1 2 2 2 3 1 3 4 3 3 4 2 2 3 1 3 1 2 2 0 1 3 3 3 0 4 1 3 2 2 2 3 1 1 2 0 4 0 1 0 1 1 1 4 3 3 4 0 
7 1 6 7 6 5 3 2 9 8 2 1 4 7 4 3 4 6 2 9 3 6 7 7 8 4 4 5 7 4 6 6 6 6 3 6 8 7 5 7 6 3 3 7 3 7 4 3 5 10 
9 9 3 6 12 11 11 9 8 5 6 6 14 8 5 10 12 4 5 10 4 7 11 10 7 7 9 11 14 12 7 5 9 8 9 17 5 6 10 7 6 5 9 7 10 12 10 9 8 10 
1 3 0 2 2 0 3 2 2 2 5 1 3 5 0 1 3 4 5 1 0 0 2 3 3 3 0 2 2 2 4 2 2 4 0 3 5 0 2 4 3 2 3 0 0 1 3 2 3 2 
5 2 4 4 1 2 3 2 0 4 6 4 1 4 5 4 0 4 5 2 5 3 4 3 0 0 1 3 2 4 1 4 1 0 2 4 4 2 0 1 7 6 2 2 3 4 4 3 4 3 
9 7 11 9 7 9 8 8 8 8 7 7 11 11 5 7 10 8 9 9 11 6 10 7 10 9 8 7 11 10 9 10 7 8 11 4 7 10 9 8 11 8 11 11 14 10 12 6 11 14 
3 12 5 3 4 6 5 7 3 2 4 4 7 5 2 2 5 3 0 4 2 4 1 8 5 5 4 7 3 8 4 6 8 3 6 7 3 4 7 6 3 5 4 6 3 7 3 3 6 1 
9 5 6 10 10 10 11 11 9 8 10 9 2 13 12 5 3 7 8 8 11 12 11 10 7 14 8 15 7 13 8 11 7 3 10 11 15 9 6 12 9 14 11 7 9 16 8 5 8 9 
7 5 4 5 7 8 6 4 7 2 4 7 5 7 5 9 6 0 10 7 4 7 4 4 3 6 6 6 5 1 7 2 5 8 5 4 6 7 1 6 3 8 8 3 4 0 6 3 4 3 
DEPOT_SECTION
 1
 -1
EOF
