NAME  : Parada_30_4_0.95_1.00_3
TYPE : SVRP
MODEL : FINITE_SUPPORT
NUMBER_OF_SCENARIOS : 50
DIMENSION : 30
EDGE_WEIGHT_TYPE : MATRIX
CAPACITY : 43
N_VEHICLES : 4
NODE_COORD_SECTION
1 8947 104300
2 159840 298010
3 24820 89600
4 213170 395080
5 118110 302600
6 62653 247320
7 27 65777
8 516830 35673
9 200260 18
10 413680 103970
11 143830 263850
12 276820 218360
13 361890 413640
14 465870 183030
15 126810 456400
16 317140 40269
17 552880 40680
18 7121 133690
19 84551 363930
20 514270 62779
21 80354 192270
22 367220 308950
23 180230 145820
24 315800 458800
25 294960 414330
26 221500 87593
27 116100 169640
28 302670 378440
29 73156 94546
30 323610 302200
DEMAND_SECTION
1 0.0
2 10.0
3 9.0
4 4.0
5 9.0
6 1.0
7 1.0
8 4.0
9 8.0
10 3.0
11 1.0
12 1.0
13 2.0
14 9.0
15 7.0
16 10.0
17 6.0
18 10.0
19 6.0
20 6.0
21 2.0
22 3.0
23 8.0
24 3.0
25 5.0
26 10.0
27 5.0
28 3.0
29 8.0
30 10.0
DISTANCE_MATRIX
0.0 40.0 3.0 45.2597 36.7151 39.2938 7.07107 61.4484 49.7695 48.1484 34.0588 39.1261 52.6509 39.0725 41.6174 36.5988 54.2036 4.0 50.2195 61.0562 43.2897 47.7959 37.2156 59.0362 44.5166 36.7696 19.799 48.4822 10.0499 44.6451 
40.0 0.0 37.6431 17.0294 6.0 15.2315 37.1214 101.366 45.2217 88.0659 6.32456 40.3788 80.7691 68.593 64.0312 51.0392 75.5381 43.2666 10.2956 78.9837 21.9545 83.9251 28.4429 28.7924 72.6348 38.0526 42.0476 73.8489 31.8277 31.6228 
3.0 37.6431 0.0 43.474 34.1321 36.4005 8.06226 64.086 47.0106 50.786 31.8277 38.8473 51.2147 41.7852 40.1622 39.0424 56.6473 7.0 47.8017 63.4999 40.3113 50.4335 34.2345 57.2505 43.0804 34.0147 17.8045 44.2944 7.07107 44.0394 
45.2597 17.0294 43.474 0.0 21.9545 31.9061 40.8039 105.853 61.327 92.5539 15.8114 27.0 90.2267 61.1056 75.6109 41.4849 64.1249 47.8694 21.5407 66.1211 38.833 92.2208 44.0114 14.0357 82.0924 52.6308 52.178 83.3064 39.1169 15.8114 
36.7151 6.0 34.1321 21.9545 0.0 10.0 34.7851 98.1611 39.5601 84.8611 7.2111 44.219 75.5208 68.071 58.2409 51.6236 76.4853 40.2492 14.2127 80.3617 17.0294 79.2599 22.561 34.4819 67.3865 32.0624 36.7151 68.6006 27.8029 35.6136 
39.2938 15.2315 36.4005 31.9061 10.0 0.0 39.1152 98.1861 30.0832 84.3048 16.9706 52.816 72.4707 74.1687 52.8015 59.203 84.2021 43.1741 19.2354 88.6002 7.07107 75.8972 14.0357 44.0114 64.4452 24.3311 33.9411 65.6592 29.4109 45.6084 
7.07107 37.1214 8.06226 40.8039 34.7851 39.1152 0.0 65.0538 53.7122 51.7706 30.8869 32.6962 59.2326 35.9026 48.1992 34.0149 49.7346 7.61577 47.4131 56.5872 44.0454 51.418 39.5601 53.8277 51.0983 40.8167 25.807 52.1044 12.53 38.2152 
61.4484 101.366 64.086 105.853 98.1611 98.1861 65.0538 0.0 95.1262 13.8924 95.3257 86.7434 39.6232 55.109 63.0079 70.7743 72.111 58.1265 111.618 80.025 100.18 28.0179 91.0173 120.09 42.0119 85.0341 65.9565 38.2099 70.8801 98.4423 
49.7695 45.2217 47.0106 61.327 39.5601 30.0832 53.7122 95.1262 0.0 82.0446 45.618 76.6128 60.3738 88.7843 35.5106 79.6098 103.394 53.4883 48.2597 109.564 24.1868 67.72 17.4929 74.0 54.4243 13.0 32.3883 57.28 41.1825 74.6269 
48.1484 88.0659 50.786 92.5539 84.8611 84.3048 51.7706 13.8924 82.0446 0.0 82.0257 76.5593 30.4138 47.0106 51.3517 60.5904 65.4905 44.8266 98.3181 73.6817 86.3308 17.088 77.2528 106.791 30.5941 71.3944 52.2015 26.1725 57.5801 89.7284 
34.0588 6.32456 31.8277 15.8114 7.2111 16.9706 30.8869 95.3257 45.618 82.0257 0.0 37.699 76.4131 62.3939 60.8276 45.1774 69.8713 37.2022 16.5529 73.4997 24.0416 78.9388 28.2312 29.2746 68.2788 36.8782 37.9473 69.4929 26.4008 29.0167 
39.1261 40.3788 38.8473 27.0 44.219 52.816 32.6962 86.7434 76.6128 76.5593 37.699 0.0 94.1954 37.2022 78.3901 17.0294 37.2156 40.3116 47.676 39.2046 59.5538 83.8763 59.7629 31.305 81.4633 64.8776 54.7814 84.5626 39.3954 13.0 
52.6509 80.7691 51.2147 90.2267 75.5208 72.4707 59.2326 39.6232 60.3738 30.4138 76.4131 94.1954 0.0 67.1379 25.2982 78.4567 86.4388 54.7931 89.6051 94.5964 72.1249 13.6015 61.5549 104.003 8.544 52.8015 38.8353 11.0454 51.7078 95.0212 
39.0725 68.593 41.7852 61.1056 68.071 74.1687 35.9026 55.109 88.7843 47.0106 62.3939 37.2022 67.1379 0.0 75.2226 20.2485 19.3132 36.4038 78.2624 27.5136 79.6304 55.6597 75.4321 68.2642 62.469 75.7856 58.7366 57.5051 48.0833 49.93 
41.6174 64.0312 40.1622 75.6109 58.2409 52.8015 48.1992 63.0079 35.5106 51.3517 60.8276 78.3901 25.2982 75.2226 0.0 77.8189 94.0759 44.277 71.5122 102.374 50.774 35.0 39.9625 89.3874 21.0 30.0 24.0832 25.1794 39.4588 83.8879 
36.5988 51.0392 39.0424 41.4849 51.6236 59.203 34.0149 70.7743 79.6098 60.5904 45.1774 17.0294 78.4567 20.2485 77.8189 0.0 25.0 33.5433 60.075 30.0167 65.4599 67.2818 63.6123 48.0208 73.7878 67.3054 56.2958 68.8239 40.719 29.6816 
54.2036 75.5381 56.6473 64.1249 76.4853 84.2021 49.7346 72.111 103.394 65.4905 69.8713 37.2156 86.4388 19.3132 94.0759 25.0 0.0 51.5772 84.0952 8.24621 90.4434 74.9466 88.487 67.4463 81.7699 90.4527 73.91 76.806 62.2412 49.8197 
4.0 43.2666 7.0 47.8694 40.2492 43.1741 7.61577 58.1265 53.4883 44.8266 37.2022 40.3116 54.7931 36.4038 44.277 33.5433 51.5772 0.0 53.535 58.4333 47.2652 44.474 41.1947 60.9824 47.1761 40.4969 22.8035 45.1604 14.0357 45.8305 
50.2195 10.2956 47.8017 21.5407 14.2127 19.2354 47.4131 111.618 48.2597 98.3181 16.5529 47.676 89.6051 78.2624 71.5122 60.075 84.0952 53.535 0.0 86.8332 24.0832 93.463 33.2415 29.0689 81.4708 43.566 50.774 82.6849 41.7732 37.3363 
61.0562 78.9837 63.4999 66.1211 80.3617 88.6002 56.5872 80.025 109.564 73.6817 73.4997 39.2046 94.5964 27.5136 102.374 30.0167 8.24621 58.4333 86.8332 0.0 95.0789 83.1685 93.5664 67.7422 89.9275 97.2595 80.7532 84.9636 69.0938 51.0098 
43.2897 21.9545 40.3113 38.833 17.0294 7.07107 44.0454 100.18 24.1868 86.3308 24.0416 59.5538 72.1249 79.6304 50.774 65.4599 90.4434 47.2652 24.0832 95.0789 0.0 76.0009 10.8167 50.5668 64.4438 21.0238 34.6699 65.7629 33.2415 52.6419 
47.7959 83.9251 50.4335 92.2208 79.2599 75.8972 51.418 28.0179 67.72 17.088 78.9388 83.8763 13.6015 55.6597 35.0 67.2818 74.9466 44.474 93.463 83.1685 76.0009 0.0 65.744 106.458 14.0 58.1808 42.1531 10.4403 53.125 89.3953 
37.2156 28.4429 34.2345 44.0114 22.561 14.0357 39.5601 91.0173 17.4929 77.2528 28.2312 59.7629 61.5549 75.4321 39.9625 63.6123 88.487 41.1947 33.2415 93.5664 10.8167 65.744 0.0 57.0088 54.037 10.4403 25.0799 55.506 27.4591 57.2478 
59.0362 28.7924 57.2505 14.0357 34.4819 44.0114 53.8277 120.09 74.0 106.791 29.2746 31.305 104.003 68.2642 89.3874 48.0208 67.4463 60.9824 29.0689 67.7422 50.5668 106.458 57.0088 0.0 95.8689 66.0984 65.9545 97.0829 52.8934 18.3576 
44.5166 72.6348 43.0804 82.0924 67.3865 64.4452 51.0983 42.0119 54.4243 30.5941 68.2788 81.4633 8.544 62.469 21.0 73.7878 81.7699 47.1761 81.4708 89.9275 64.4438 14.0 54.037 95.8689 0.0 45.793 30.701 5.0 43.5735 86.8869 
36.7696 38.0526 34.0147 52.6308 32.0624 24.3311 40.8167 85.0341 13.0 71.3944 36.8782 64.8776 52.8015 75.7856 30.0 67.3054 90.4527 40.4969 43.566 97.2595 21.0238 58.1808 10.4403 66.0984 45.793 0.0 20.0 47.8539 28.3019 65.7856 
19.799 42.0476 17.8045 52.178 36.7151 33.9411 25.807 65.9565 32.3883 52.2015 37.9473 54.7814 38.8353 58.7366 24.0832 56.2958 73.91 22.8035 50.774 80.7532 34.6699 42.1531 25.0799 65.9545 30.701 20.0 0.0 31.9151 15.5242 60.306 
48.4822 73.8489 44.2944 83.3064 68.6006 65.6592 52.1044 38.2099 57.28 26.1725 69.4929 84.5626 11.0454 57.5051 25.1794 68.8239 76.806 45.1604 82.6849 84.9636 65.7629 10.4403 55.506 97.0829 5.0 47.8539 31.9151 0.0 44.7875 90.0816 
10.0499 31.8277 7.07107 39.1169 27.8029 29.4109 12.53 70.8801 41.1825 57.5801 26.4008 39.3954 51.7078 48.0833 39.4588 40.719 62.2412 14.0357 41.7732 69.0938 33.2415 53.125 27.4591 52.8934 43.5735 28.3019 15.5242 44.7875 0.0 44.848 
44.6451 31.6228 44.0394 15.8114 35.6136 45.6084 38.2152 98.4423 74.6269 89.7284 29.0167 13.0 95.0212 49.93 83.8879 29.6816 49.8197 45.8305 37.3363 51.0098 52.6419 89.3953 57.2478 18.3576 86.8869 65.7856 60.306 90.0816 44.848 0.0 
DEMAND_SCENARIO_SECTION
0 0 0 0 0 0 0 0 0 0 0 0 0 0 0 0 0 0 0 0 0 0 0 0 0 0 0 0 0 0 0 0 0 0 0 0 0 0 0 0 0 0 0 0 0 0 0 0 0 0 
16 7 9 4 11 6 6 8 11 12 12 10 9 6 11 11 10 8 8 10 13 16 5 9 9 8 11 12 11 12 10 9 10 10 7 13 11 11 10 9 7 14 10 14 11 13 10 9 6 11 
8 9 12 10 10 8 12 13 10 16 3 9 7 11 9 9 6 9 4 8 4 9 9 13 7 12 9 10 10 6 7 12 3 6 6 8 8 9 15 9 13 10 13 13 9 7 8 11 9 12 
0 1 5 4 1 2 4 7 7 4 6 2 5 3 3 4 3 4 3 3 3 4 6 5 3 3 5 4 5 4 3 2 6 5 5 7 6 3 1 5 4 9 6 7 2 3 7 4 1 3 
10 13 6 4 6 13 8 9 7 9 7 10 12 16 4 3 5 5 6 15 13 11 6 5 10 13 7 8 12 10 13 10 18 11 8 7 7 10 4 12 7 0 7 11 8 11 7 11 10 10 
1 1 2 0 2 0 0 1 2 2 0 1 0 1 0 1 0 1 2 2 0 0 2 0 1 2 2 1 0 1 1 0 0 3 1 0 3 2 2 2 1 2 1 1 2 1 1 2 1 1 
2 0 0 1 0 1 1 1 0 0 0 0 1 3 3 1 0 0 1 1 2 0 1 0 1 1 1 1 2 2 0 1 2 0 1 0 1 0 1 2 1 2 1 0 0 1 2 0 2 0 
5 6 3 7 2 2 6 2 3 4 5 5 3 3 1 5 3 4 3 3 2 7 5 3 2 6 6 5 2 2 5 4 4 6 4 5 2 6 1 3 7 4 6 3 4 2 8 1 4 2 
9 10 5 4 10 6 5 6 7 7 11 12 9 3 5 8 11 7 10 6 10 9 4 3 11 9 10 10 7 7 5 5 8 5 12 8 1 9 11 6 6 8 9 13 7 10 8 8 10 6 
2 3 3 3 1 4 4 4 7 3 2 3 4 5 4 4 4 2 5 4 4 4 0 5 3 3 5 2 4 2 3 2 1 3 7 6 2 6 5 2 3 2 0 4 3 3 2 7 1 2 
1 0 2 2 1 2 2 2 0 0 0 1 4 3 1 2 1 0 1 0 3 1 1 1 2 1 1 2 0 1 0 1 2 0 0 2 1 1 1 2 0 2 0 1 3 1 1 0 0 0 
0 1 0 0 2 2 1 2 0 1 1 1 1 2 1 0 1 2 0 2 0 2 1 2 1 2 2 2 2 3 1 0 0 0 1 0 0 2 0 0 1 2 0 1 2 1 3 1 1 0 
4 2 2 1 4 3 1 4 0 1 2 0 2 3 3 3 3 2 2 4 1 0 3 2 3 2 2 2 3 2 1 0 1 2 3 0 1 2 1 3 4 1 3 2 0 3 3 1 2 1 
9 9 9 9 9 6 9 7 5 8 11 8 9 9 5 8 9 6 11 11 7 12 5 8 8 2 10 6 9 8 4 12 12 7 5 10 0 10 10 11 12 4 5 8 6 10 8 8 14 12 
3 8 4 4 7 10 7 6 5 5 5 6 6 7 10 14 9 8 11 8 4 9 5 5 10 5 11 8 3 9 5 3 10 9 4 9 6 8 9 7 7 7 8 5 4 3 5 10 7 9 
14 17 4 14 12 12 15 11 5 8 8 6 14 7 10 7 12 9 9 6 13 12 11 9 13 12 14 13 11 11 12 10 7 15 10 11 15 7 14 10 7 8 7 13 13 13 12 7 12 5 
4 10 1 8 7 6 7 4 9 4 4 2 7 3 6 9 5 3 6 5 7 3 8 5 7 10 7 8 4 6 6 9 5 8 6 7 10 7 11 12 7 8 5 8 9 10 7 7 8 5 
8 10 15 10 8 12 7 8 13 8 10 11 9 14 10 7 10 12 6 11 13 12 6 6 7 12 11 12 7 6 11 5 12 9 7 8 13 11 14 10 8 10 10 13 4 10 8 7 13 7 
5 8 2 5 8 8 6 6 2 9 3 6 10 3 6 8 4 9 6 12 8 6 5 4 8 8 9 6 8 5 6 5 5 8 8 6 5 5 5 5 4 6 7 7 5 6 7 8 7 2 
0 9 11 7 5 6 7 6 7 9 12 10 9 10 9 6 6 4 7 9 4 8 5 10 6 11 12 8 3 7 3 3 8 6 7 8 5 7 5 7 3 3 7 3 9 5 0 6 8 5 
2 3 2 3 3 1 2 1 4 2 3 3 2 3 3 2 3 2 2 3 0 3 0 4 1 1 4 1 1 1 2 3 3 2 2 2 0 4 4 2 3 3 4 0 3 1 1 2 3 3 
1 4 1 2 5 3 2 4 2 2 1 2 1 1 1 2 4 4 0 3 5 2 0 2 3 3 2 2 2 4 4 1 1 3 4 0 1 2 3 4 2 1 3 3 2 1 2 2 6 1 
5 7 6 6 14 6 7 6 13 10 12 14 7 14 10 10 12 12 7 7 8 3 6 5 5 8 7 9 11 9 8 11 7 4 7 8 10 15 8 6 7 10 9 9 4 7 6 4 11 10 
1 7 1 3 4 3 3 1 4 1 4 2 7 1 3 4 3 2 3 2 3 2 3 3 5 5 4 1 2 2 3 3 4 3 2 3 5 2 1 2 0 3 0 2 4 2 6 2 2 4 
4 7 6 7 7 8 7 7 3 4 2 3 6 5 4 5 6 6 6 7 5 6 6 5 10 4 5 5 5 7 3 8 6 4 7 4 3 8 8 6 6 5 9 5 3 3 7 6 4 7 
10 8 16 13 13 5 10 10 14 15 19 6 6 4 13 10 14 12 11 13 7 14 11 12 12 0 9 9 10 13 9 10 11 7 7 11 17 6 11 11 14 15 3 13 12 10 13 12 8 9 
5 3 1 3 3 2 4 8 4 1 6 0 0 6 2 6 6 5 7 3 3 6 4 2 9 3 4 5 5 5 5 4 5 6 5 6 2 5 6 4 0 9 4 9 4 6 5 6 3 6 
5 3 2 4 4 4 2 2 5 5 6 5 1 4 2 4 2 4 4 3 2 1 5 1 6 1 3 4 4 0 4 7 4 2 7 3 4 4 3 7 4 0 6 6 2 1 3 1 5 2 
8 7 7 6 7 9 7 3 7 11 10 9 7 10 7 10 6 9 8 6 6 9 6 8 3 5 9 9 10 4 8 9 6 8 5 2 11 9 6 12 9 7 7 9 10 10 5 12 9 7 
7 10 11 13 8 9 18 14 13 6 4 11 9 11 11 8 15 14 11 14 13 8 12 9 10 6 11 4 7 13 12 13 12 5 14 10 8 6 11 10 12 9 5 6 10 12 9 15 8 9 
DEPOT_SECTION
 1
 -1
EOF
