NAME  : Parada_30_4_0.95_1.00_9
TYPE : SVRP
MODEL : FINITE_SUPPORT
NUMBER_OF_SCENARIOS : 50
DIMENSION : 30
EDGE_WEIGHT_TYPE : MATRIX
CAPACITY : 37
N_VEHICLES : 4
NODE_COORD_SECTION
1 56995 382000
2 519140 254650
3 103080 18
4 106780 683430
5 137480 142930
6 60148 537010
7 72531 275910
8 228370 172730
9 143540 356610
10 121880 31810
11 299130 122460
12 97114 141580
13 416060 428590
14 490700 367560
15 142630 379620
16 469170 288070
17 319600 68064
18 12569 122720
19 27 516860
20 39554 575060
21 219450 273480
22 100940 37000
23 258900 484660
24 152380 648470
25 357910 463810
26 133760 487090
27 250550 307940
28 23614 198420
29 30426 47617
30 271180 447100
DEMAND_SECTION
1 0.0
2 7.0
3 5.0
4 2.0
5 7.0
6 4.0
7 9.0
8 2.0
9 9.0
10 7.0
11 2.0
12 1.0
13 2.0
14 5.0
15 2.0
16 4.0
17 6.0
18 5.0
19 6.0
20 3.0
21 2.0
22 7.0
23 3.0
24 8.0
25 2.0
26 10.0
27 9.0
28 9.0
29 3.0
30 1.0
DISTANCE_MATRIX
0.0 51.0882 49.0693 52.8188 33.3027 32.9189 57.4509 31.4434 56.7117 57.3236 44.3847 37.5366 57.4571 43.6578 52.9413 45.4863 46.1736 48.1682 40.9553 34.0315 35.4331 54.5296 15.8114 55.7319 50.1228 56.4686 40.2222 62.9783 35.8058 18.0278 
51.0882 0.0 84.1724 79.3591 63.7887 67.8598 51.9711 50.9902 45.1774 90.4489 93.1172 64.195 108.139 18.1108 40.2492 8.06226 93.1941 74.0 57.3149 69.5119 38.0132 87.4643 36.8782 74.0451 100.805 74.027 36.3456 84.7172 78.7776 44.7772 
49.0693 84.1724 0.0 79.9812 20.3961 58.0 40.0505 33.2415 55.4437 8.60233 30.0167 21.0238 56.0089 85.0941 57.0084 82.2192 23.0868 16.6433 89.676 62.6099 46.8402 6.40312 60.6383 84.22 54.9181 101.184 51.1346 25.02 23.4391 66.2694 
52.8188 79.3591 79.9812 0.0 79.8968 22.4722 104.649 78.6412 101.632 88.4138 60.4152 84.1332 53.0848 63.252 97.8475 71.4124 66.5733 88.9261 28.0179 19.9249 80.3537 86.3713 51.9935 8.24621 44.2832 27.0185 85.1428 102.375 66.7171 40.0037 
33.3027 63.7887 20.3961 79.8968 0.0 57.4491 28.4681 13.0 43.8619 27.0185 38.9487 5.09902 62.9365 65.517 45.426 62.0322 34.8281 14.8661 73.8783 61.7049 26.5707 24.0208 42.9535 83.4053 59.2781 89.3919 31.0697 29.6985 22.088 50.2195 
32.9189 67.8598 58.0 22.4722 57.4491 0.0 81.6055 55.5981 89.2469 66.5282 42.2019 61.6855 44.0114 56.0803 87.1256 60.959 47.1699 66.4784 35.1283 6.0 66.3633 64.3506 31.5541 26.2488 34.9285 43.8292 71.1524 79.9269 44.598 24.2074 
57.4509 51.9711 40.0505 104.649 28.4681 81.6055 0.0 26.2599 15.5563 43.382 64.8466 23.4129 90.0805 59.9416 17.0 53.1413 59.621 25.0799 81.0858 85.8614 17.0294 40.7063 47.0324 107.562 86.3903 98.0221 15.8114 33.0151 49.2003 57.9931 
31.4434 50.9902 33.2415 78.6412 13.0 55.5981 26.2599 0.0 33.9013 40.0125 47.1395 14.8661 70.8162 52.6118 31.7799 49.0408 44.2497 26.0 71.6869 59.8539 15.0 37.0135 40.2693 81.5543 67.126 87.2507 20.5183 39.9625 29.9359 47.8429 
56.7117 45.1774 55.4437 101.632 43.8619 89.2469 15.5563 33.9013 0.0 58.3095 80.2403 38.8067 104.459 57.3149 5.0 48.6004 75.0148 39.9625 85.0882 82.845 22.0907 55.7584 51.5461 97.087 100.768 102.318 16.4924 45.1221 63.5784 62.6418 
57.3236 90.4489 8.60233 88.4138 27.0185 66.5282 43.382 40.0125 58.3095 0.0 35.9026 26.3059 61.5224 92.4467 60.3738 89.0056 28.4429 18.3576 97.9303 71.1805 52.6118 3.0 68.6804 92.7631 61.4003 109.755 56.0458 20.8806 32.0185 74.5237 
44.3847 93.1172 30.0167 60.4152 38.9487 42.2019 64.8466 47.1395 80.2403 35.9026 0.0 42.9535 26.0 87.9318 78.4379 88.6397 7.61577 44.7214 77.1145 48.0521 62.1172 35.3553 60.1664 66.7083 25.632 85.44 67.4805 55.0364 27.2036 60.208 
37.5366 64.195 21.0238 84.1332 5.09902 61.6855 23.4129 14.8661 38.8067 26.3059 42.9535 0.0 67.4463 67.2681 40.3709 63.0714 38.2753 11.1803 77.8974 65.9413 26.3059 23.3452 46.4799 87.6417 63.7771 93.4508 30.3713 25.6125 26.587 54.0535 
57.4571 108.139 56.0089 53.0848 62.9365 44.0114 90.0805 70.8162 104.459 61.5224 26.0 67.4463 0.0 98.8852 102.337 102.822 33.1361 70.4557 77.1038 49.6488 90.4865 61.2046 73.2225 61.0082 9.21954 80.0999 95.2756 81.0247 50.8803 67.5352 
43.6578 18.1108 85.0941 63.252 65.517 56.0803 59.9416 52.6118 57.3149 92.4467 87.9318 67.2681 98.8852 0.0 52.345 10.4403 89.0505 78.1025 39.8121 57.7356 43.4626 89.4679 27.8568 57.7754 90.1547 56.1427 44.4185 90.956 76.4493 31.8904 
52.9413 40.2492 57.0084 97.8475 45.426 87.1256 17.0 31.7799 5.0 60.3738 78.4379 40.3709 102.337 52.345 0.0 43.6005 75.7011 42.0476 80.7775 79.0602 19.105 57.7062 47.5395 93.007 104.237 98.0816 13.0 48.5077 61.457 58.6941 
45.4863 8.06226 82.2192 71.4124 62.0322 60.959 53.1413 49.0408 48.6004 89.0056 88.6397 63.0714 102.822 10.4403 43.6005 0.0 89.0244 73.437 49.2544 62.6099 37.6563 86.0058 30.4795 66.0984 94.6446 66.0076 37.3363 85.1469 75.342 37.4433 
46.1736 93.1941 23.0868 66.5733 34.8281 47.1699 59.621 44.2497 75.0148 28.4429 7.61577 38.2753 33.1361 89.0505 75.7011 89.0244 0.0 38.6005 81.8847 52.811 59.2274 28.0713 61.6604 72.4707 33.2415 90.8735 64.5368 48.0104 24.4165 63.0317 
48.1682 74.0 16.6433 88.9261 14.8661 66.4784 25.0799 26.0 39.9625 18.3576 44.7214 11.1803 70.4557 78.1025 42.0476 73.437 38.6005 0.0 88.7299 70.7343 36.0139 15.8114 57.4601 92.4346 68.0074 104.246 38.3275 14.8661 31.4764 65.0 
40.9553 57.3149 89.676 28.0179 73.8783 35.1283 81.0858 71.6869 85.0882 97.9303 77.1145 77.8974 77.1038 39.8121 80.7775 49.2544 81.8847 88.7299 0.0 29.1548 64.4981 95.1363 34.1321 20.5183 67.897 17.4642 68.8767 103.479 76.437 24.0832 
34.0315 69.5119 62.6099 19.9249 61.7049 6.0 85.8614 59.8539 82.845 71.1805 48.0521 65.9413 49.6488 57.7356 79.0602 62.6099 52.811 70.7343 29.1548 0.0 61.5665 68.9298 33.2062 22.0227 40.4969 38.5876 66.3556 84.1828 49.2578 25.8731 
35.4331 38.0132 46.8402 80.3537 26.5707 66.3633 17.0294 15.0 22.0907 52.6118 62.1172 26.3059 90.4865 43.4626 19.105 37.6563 59.2274 36.0139 64.4981 61.5665 0.0 49.6488 30.4138 75.9718 83.4751 81.435 6.32456 47.5395 44.9136 41.4061 
54.5296 87.4643 6.40312 86.3713 24.0208 64.3506 40.7063 37.0135 55.7584 3.0 35.3553 23.3452 61.2046 89.4679 57.7062 86.0058 28.0713 15.8114 95.1363 68.9298 49.6488 0.0 65.8027 90.554 60.6383 107.504 53.2611 20.2237 29.7588 71.7297 
15.8114 36.8782 60.6383 51.9935 42.9535 31.5541 47.0324 40.2693 51.5461 68.6804 60.1664 46.4799 73.2225 27.8568 47.5395 30.4795 61.6604 57.4601 34.1321 33.2062 30.4138 65.8027 0.0 45.5569 65.2397 50.9902 35.1141 72.0814 50.0444 11.1803 
55.7319 74.0451 84.22 8.24621 83.4053 26.2488 107.562 81.5543 97.087 92.7631 66.7083 87.6417 61.0082 57.7754 93.007 66.0984 72.4707 92.4346 20.5183 22.0227 75.9718 90.554 45.5569 0.0 52.0865 19.2354 80.6702 105.883 70.9543 34.6897 
50.1228 100.805 54.9181 44.2832 59.2781 34.9285 86.3903 67.126 100.768 61.4003 25.632 63.7771 9.21954 90.1547 104.237 94.6446 33.2415 68.0074 67.897 40.4969 83.4751 60.6383 65.2397 52.0865 0.0 71.2531 88.2642 79.7621 47.19 58.6686 
56.4686 74.027 101.184 27.0185 89.3919 43.8292 98.0221 87.2507 102.318 109.755 85.44 93.4508 80.0999 56.1427 98.0816 66.0076 90.8735 104.246 17.4642 38.5876 81.435 107.504 50.9902 19.2354 71.2531 0.0 86.0058 119.012 87.8322 40.3113 
40.2222 36.3456 51.1346 85.1428 31.0697 71.1524 15.8114 20.5183 16.4924 56.0458 67.4805 30.3713 95.2756 44.4185 13.0 37.3363 64.5368 38.3275 68.8767 66.3556 6.32456 53.2611 35.1141 80.6702 88.2642 86.0058 0.0 48.3735 50.2769 46.1736 
62.9783 84.7172 25.02 102.375 29.6985 79.9269 33.0151 39.9625 45.1221 20.8806 55.0364 25.6125 81.0247 90.956 48.5077 85.1469 48.0104 14.8661 103.479 84.1828 47.5395 20.2237 72.0814 105.883 79.7621 119.012 48.3735 0.0 44.9249 79.655 
35.8058 78.7776 23.4391 66.7171 22.088 44.598 49.2003 29.9359 63.5784 32.0185 27.2036 26.587 50.8803 76.4493 61.457 75.342 24.4165 31.4764 76.437 49.2578 44.9136 29.7588 50.0444 70.9543 47.19 87.8322 50.2769 44.9249 0.0 53.7647 
18.0278 44.7772 66.2694 40.0037 50.2195 24.2074 57.9931 47.8429 62.6418 74.5237 60.208 54.0535 67.5352 31.8904 58.6941 37.4433 63.0317 65.0 24.0832 25.8731 41.4061 71.7297 11.1803 34.6897 58.6686 40.3113 46.1736 79.655 53.7647 0.0 
DEMAND_SCENARIO_SECTION
0 0 0 0 0 0 0 0 0 0 0 0 0 0 0 0 0 0 0 0 0 0 0 0 0 0 0 0 0 0 0 0 0 0 0 0 0 0 0 0 0 0 0 0 0 0 0 0 0 0 
8 10 9 7 3 10 8 4 9 5 6 8 3 6 4 5 7 10 6 6 4 10 7 7 9 11 8 8 6 5 8 5 13 8 7 4 6 5 4 10 9 14 12 7 6 11 7 8 7 3 
7 8 7 4 4 5 4 5 5 11 3 4 2 9 7 6 6 8 7 8 3 6 7 6 2 5 4 4 3 3 5 5 5 3 3 2 1 5 6 7 0 0 5 5 8 4 4 6 8 8 
0 4 0 1 2 2 3 3 5 0 2 2 2 2 1 1 5 3 4 3 3 4 0 1 2 2 2 2 5 2 0 5 0 3 1 3 3 4 1 4 1 2 4 2 1 1 0 0 1 5 
11 7 10 11 5 7 7 2 6 5 7 9 7 3 9 2 5 8 5 4 6 5 8 4 9 3 7 3 11 7 1 6 4 4 11 1 8 10 11 8 8 7 6 9 12 13 8 4 8 9 
3 4 8 3 4 4 7 4 5 5 3 5 4 2 4 5 6 4 1 5 2 10 9 2 9 4 1 5 7 5 4 2 7 1 6 3 2 6 5 3 6 7 2 4 5 0 5 7 0 2 
9 10 1 8 7 5 10 11 13 12 9 7 8 10 12 10 9 11 4 10 7 8 11 11 12 12 8 7 16 4 9 9 9 10 3 13 12 9 10 3 10 9 16 9 11 14 9 14 10 6 
0 3 0 0 3 1 2 1 1 2 0 1 1 0 1 2 1 2 2 3 3 2 2 1 2 5 1 2 3 1 2 0 1 2 2 1 1 2 2 2 1 0 3 0 0 1 2 1 1 2 
8 12 5 9 9 11 5 8 8 11 12 10 11 9 8 4 8 8 8 15 14 8 13 9 10 10 9 10 11 9 7 7 10 9 9 11 11 6 8 10 10 12 5 7 12 15 7 6 7 15 
8 11 6 9 4 6 10 9 5 3 4 9 7 8 7 9 4 7 2 1 6 10 10 7 3 10 7 4 8 10 7 7 12 5 5 5 5 8 9 2 5 5 7 8 12 11 5 7 9 3 
2 3 0 3 1 0 2 3 2 4 2 2 2 2 2 0 2 4 3 1 2 2 1 1 2 1 4 3 2 2 0 2 1 1 3 2 0 4 2 2 2 0 1 2 0 5 1 2 3 1 
0 0 1 0 0 1 1 0 2 1 2 0 0 2 0 1 0 3 2 1 2 2 1 2 0 1 2 1 0 1 1 1 2 0 1 0 1 0 2 0 0 1 2 1 0 3 1 0 2 4 
2 3 3 0 0 0 3 1 2 2 2 3 2 0 4 0 1 3 1 3 5 2 2 0 0 2 7 2 1 2 1 0 2 0 1 2 3 3 3 0 1 2 5 2 0 2 3 2 2 3 
6 3 5 7 5 9 9 5 3 3 10 5 4 6 3 8 2 7 3 6 8 1 11 10 4 5 5 9 5 6 6 5 9 6 9 4 11 5 2 8 7 3 6 7 3 4 6 7 4 8 
2 0 2 2 1 1 1 3 0 2 2 1 2 2 3 1 1 1 3 1 1 1 3 2 3 3 4 4 1 1 1 4 3 3 1 2 2 2 3 2 3 0 3 1 1 2 4 5 3 2 
2 6 2 3 6 3 5 5 1 5 1 3 1 3 4 4 3 1 4 8 4 4 3 4 3 1 2 5 3 1 4 2 6 1 2 4 3 6 2 3 4 3 5 7 1 2 3 7 5 0 
7 4 5 6 10 6 8 5 6 8 8 6 6 7 4 5 4 7 7 4 8 7 3 9 3 8 7 5 7 6 6 11 5 8 3 4 5 2 4 9 7 6 9 6 3 4 7 7 9 5 
3 8 6 7 10 5 6 2 7 5 0 4 4 1 7 6 5 8 4 7 8 6 6 10 5 5 2 3 4 6 8 8 1 2 5 6 5 9 0 7 6 6 3 2 8 4 4 7 6 8 
3 4 6 6 6 7 3 6 4 6 5 5 5 3 7 6 5 3 9 3 7 4 8 9 2 7 6 9 4 4 6 4 4 8 6 9 2 9 4 8 2 5 3 6 4 10 4 8 6 3 
2 3 3 5 3 2 3 2 3 2 5 3 3 1 4 1 1 3 5 4 1 1 3 3 6 3 2 6 2 2 2 3 6 4 6 5 8 1 1 4 2 3 3 3 4 1 2 1 1 3 
0 2 1 4 3 0 3 5 0 2 3 3 4 1 4 0 2 1 3 5 3 5 3 3 1 2 1 3 3 1 4 2 4 1 2 3 2 0 2 4 3 0 1 4 1 1 6 1 0 4 
11 2 9 6 5 2 4 3 5 11 9 5 6 14 9 8 10 2 3 3 8 10 3 2 6 9 9 8 7 5 12 8 10 9 7 8 7 8 9 8 6 5 8 4 3 5 5 6 11 9 
1 3 5 0 3 1 3 2 0 0 3 2 3 4 2 6 2 1 2 3 2 5 4 2 3 6 4 2 1 2 3 5 2 5 1 6 3 4 4 3 5 1 3 1 6 0 3 4 5 0 
6 8 5 8 10 8 7 7 3 8 10 7 4 11 11 7 8 5 11 15 6 11 9 11 6 12 11 8 4 10 6 5 7 6 3 8 6 8 8 4 7 11 14 6 13 10 10 15 8 10 
3 1 2 1 3 1 3 4 3 0 3 2 3 5 1 2 2 0 2 2 3 2 4 0 1 2 1 4 4 1 2 3 1 3 0 3 3 2 5 4 2 4 1 2 1 4 1 2 2 2 
7 10 8 10 6 6 12 14 15 15 10 14 14 11 5 6 5 6 8 13 3 10 6 5 11 13 9 10 13 10 7 8 15 12 7 12 9 10 12 6 6 7 15 12 12 14 5 8 12 15 
7 5 4 17 7 7 13 8 11 11 12 6 9 7 9 7 10 17 9 10 6 11 5 12 9 11 12 9 1 8 14 8 11 10 8 7 8 8 9 13 5 9 6 12 4 7 9 12 9 11 
11 7 6 10 9 4 7 12 8 8 12 9 8 8 9 6 8 8 11 7 10 14 9 11 7 7 8 10 9 6 14 9 12 5 10 15 7 9 10 9 10 7 5 9 10 9 17 9 7 12 
5 2 2 5 2 3 1 0 5 2 3 2 4 5 0 4 1 3 2 2 3 2 1 2 4 0 1 6 2 3 5 6 8 2 6 3 7 3 2 3 4 5 3 3 4 2 2 0 4 4 
0 2 1 3 2 0 0 0 0 1 1 1 2 0 1 0 0 3 1 2 2 0 0 2 2 0 0 1 2 0 0 1 2 0 0 1 1 1 3 2 3 0 1 1 0 1 1 2 3 2 
DEPOT_SECTION
 1
 -1
EOF
