NAME  : Parada_30_4_0.95_1.00_1
TYPE : SVRP
MODEL : FINITE_SUPPORT
NUMBER_OF_SCENARIOS : 50
DIMENSION : 30
EDGE_WEIGHT_TYPE : MATRIX
CAPACITY : 38
N_VEHICLES : 4
NODE_COORD_SECTION
1 13047 376250
2 236270 84236
3 172090 77149
4 86473 394260
5 338220 68982
6 110580 221850
7 96530 158730
8 262800 403170
9 73578 273190
10 382270 106770
11 256630 18
12 217700 274690
13 365650 245250
14 403280 444750
15 259770 701340
16 307100 241580
17 456260 566370
18 68264 383530
19 165370 144850
20 55869 294090
21 290270 621050
22 27 540760
23 334280 660040
24 295280 406690
25 225290 586550
26 348090 349590
27 361260 595030
28 80061 573790
29 102530 31556
30 187530 142160
DEMAND_SECTION
1 0.0
2 3.0
3 10.0
4 1.0
5 2.0
6 7.0
7 7.0
8 7.0
9 3.0
10 4.0
11 6.0
12 3.0
13 2.0
14 6.0
15 7.0
16 9.0
17 4.0
18 4.0
19 3.0
20 10.0
21 10.0
22 5.0
23 5.0
24 9.0
25 2.0
26 5.0
27 7.0
28 1.0
29 3.0
30 1.0
DISTANCE_MATRIX
0.0 53.9142 47.6998 16.0 52.8393 49.005 37.2157 25.2643 30.1496 37.4868 43.334 58.5918 58.6941 33.0151 52.2037 58.4123 54.4059 17.2627 37.0135 29.1762 43.6605 46.843 43.2753 48.7647 27.7436 29.5296 40.3113 39.0341 58.6809 39.4081 
53.9142 0.0 7.28011 47.5231 22.8254 25.2982 19.3132 64.5451 36.6742 46.5725 31.1448 89.8244 79.0253 80.0823 105.367 83.0542 104.715 45.6381 17.2047 31.9531 96.8237 93.1326 96.4385 52.9528 81.3204 67.7885 92.2009 76.6226 81.0555 15.6525 
47.6998 7.28011 0.0 40.2433 25.4558 19.7231 12.083 57.2652 29.4279 43.2897 30.6757 87.1436 77.5242 74.7676 99.3567 81.0987 99.363 38.3583 12.3693 24.6982 90.8135 85.8528 90.4283 46.5725 75.1011 63.7005 86.5332 69.3428 74.1687 12.0 
16.0 47.5231 40.2433 0.0 58.1808 32.6743 28.3619 18.544 14.3178 45.0227 51.5507 73.1652 71.7527 49.0102 65.0227 71.9111 69.857 3.16228 36.4141 16.2062 58.2436 47.1316 57.8584 33.6155 42.3024 44.2719 55.3624 32.28 48.3735 39.3777 
52.8393 22.8254 25.4558 58.1808 0.0 44.8219 31.7805 73.5287 48.7647 33.9706 13.6015 72.7324 59.6825 70.0357 102.404 64.5368 95.483 56.2958 21.8403 41.9762 93.8608 98.3904 93.4756 69.7782 79.1331 56.0803 86.1366 87.2984 94.8314 18.9737 
49.005 25.2982 19.7231 32.6743 44.8219 0.0 16.1555 49.4081 19.2094 54.3415 47.4342 97.7394 90.8307 79.2465 95.8868 93.4145 102.047 30.7893 26.0768 19.9249 90.8368 76.4199 90.4516 28.0713 74.8956 71.007 87.9485 59.6657 57.2189 27.8029 
37.2157 19.3132 12.083 28.3619 31.7805 16.1555 0.0 45.3838 18.0 38.4708 31.8904 82.2192 74.7311 66.0984 88.9136 77.5285 89.9611 26.4769 10.6301 12.6491 80.3703 73.9714 79.9852 38.0132 64.6318 56.4364 76.5376 57.4613 63.7887 13.0384 
25.2643 64.5451 57.2652 18.544 73.5287 49.4081 45.3838 0.0 30.2485 57.4955 64.0235 83.8241 83.6694 56.8722 66.4787 83.6003 75.4905 21.7047 53.436 33.2281 62.2253 48.5876 61.8402 44.3657 45.4401 54.7772 60.636 33.7697 53.4166 56.3997 
30.1496 36.6742 29.4279 14.3178 48.7647 19.2094 18.0 30.2485 0.0 44.9444 45.793 85.6116 82.3494 63.0317 76.7271 83.4325 84.1724 13.0 26.9258 7.2111 72.5333 57.4891 72.1481 23.3452 55.6885 57.3643 69.6529 41.0488 46.0977 29.8329 
37.4868 46.5725 43.2897 45.0227 33.9706 54.3415 38.4708 57.4955 44.9444 0.0 20.5183 44.0 37.9689 36.0694 68.4415 39.0755 61.5224 45.2365 31.0644 38.4708 59.8983 72.6528 59.5131 68.2473 48.9495 22.2036 52.1741 71.2653 90.9107 31.4006 
43.334 31.1448 30.6757 51.5507 13.6015 47.4342 31.8904 64.0235 45.793 20.5183 0.0 59.9083 48.0104 56.5862 88.9551 52.345 82.0244 52.7421 21.4009 38.5876 80.4119 88.8851 80.0267 68.6003 69.4631 42.5206 72.6877 77.7932 91.3088 19.7231 
58.5918 89.8244 87.1436 73.1652 72.7324 97.7394 82.2192 83.8241 85.6116 44.0 59.9083 0.0 17.2047 32.2025 62.8172 10.8167 43.0 73.3789 75.0267 80.0704 57.3847 84.0156 57.0 106.775 54.6443 29.0689 45.5412 82.7345 115.202 75.1665 
58.6941 79.0253 77.5242 71.7527 59.6825 90.8307 74.7311 83.6694 82.3494 37.9689 48.0104 17.2047 0.0 41.0 75.1665 6.40312 57.8705 71.9664 66.0984 75.8475 68.1864 90.7357 67.8013 105.651 62.6259 31.3847 57.2189 87.1889 117.086 65.6201 
33.0151 80.0823 74.7676 49.0102 70.0357 79.2465 66.0984 56.8722 63.0317 36.0694 56.5862 32.2025 41.0 0.0 35.2278 37.3363 25.4951 50.04 62.8791 59.5399 27.4079 53.3266 27.0227 81.2158 22.4722 14.7648 17.4642 51.225 84.7231 64.7229 
52.2037 105.367 99.3567 65.0227 102.404 95.8868 88.9136 66.4787 76.7271 68.4415 88.9551 62.8172 75.1665 35.2278 0.0 70.5762 23.4307 68.1834 88.2587 79.7068 10.6301 30.8058 18.9284 86.5852 25.3301 49.2443 18.0 44.1022 77.4145 90.309 
58.4123 83.0542 81.0987 71.9111 64.5368 93.4145 77.5285 83.6003 83.4325 39.0755 52.345 10.8167 6.40312 37.3363 70.5762 0.0 52.345 72.1249 69.3542 76.997 64.0793 88.5305 63.6941 105.522 59.5063 29.7321 52.7731 85.4283 117.017 69.1158 
54.4059 104.715 99.363 69.857 95.483 102.047 89.9611 75.4905 84.1724 61.5224 82.0244 43.0 57.8705 25.4951 23.4307 52.345 0.0 71.5681 87.512 82.218 24.1661 51.4782 25.6155 99.0454 31.0644 39.6989 15.0 60.8769 95.6033 89.3558 
17.2627 45.6381 38.3583 3.16228 56.2958 30.7893 26.4769 21.7047 13.0 45.2365 52.7421 73.3789 71.9664 50.04 68.1834 72.1249 71.5681 0.0 34.5291 14.3211 60.1666 50.2923 59.7814 34.0 44.2254 44.5066 57.2451 35.4401 50.5371 37.4927 
37.0135 17.2047 12.3693 36.4141 21.8403 26.0768 10.6301 53.436 26.9258 31.0644 21.4009 75.0267 66.0984 62.8791 88.2587 69.3542 87.512 34.5291 0.0 20.2237 79.7155 82.0236 79.3303 48.3735 64.3817 51.3338 75.0 65.5136 73.0068 3.0 
29.1762 31.9531 24.6982 16.2062 41.9762 19.9249 12.6491 33.2281 7.2111 38.4708 38.5876 80.0704 75.8475 59.5399 79.7068 76.997 82.218 14.3211 20.2237 0.0 74.3686 61.3245 73.9835 30.4138 58.4274 52.2398 68.5227 45.3056 52.8867 23.1948 
43.6605 96.8237 90.8135 58.2436 93.8608 90.8368 80.3703 62.2253 72.5333 59.8983 80.4119 57.3847 68.1864 27.4079 10.6301 64.0793 24.1661 60.1666 79.7155 74.3686 0.0 27.4591 10.3852 78.0897 16.7869 40.8957 12.2066 37.3363 71.8053 81.7658 
46.843 93.1326 85.8528 47.1316 98.3904 76.4199 73.9714 48.5876 57.4891 72.6528 88.8851 84.0156 90.7357 53.3266 30.8058 88.5305 51.4782 50.2923 82.0236 61.3245 27.4591 0.0 37.0156 60.8276 33.3666 59.3823 39.0867 17.2047 47.0106 84.9872 
43.2753 96.4385 90.4283 57.8584 93.4756 90.4516 79.9852 61.8402 72.1481 59.5131 80.0267 57.0 67.8013 27.0227 18.9284 63.6941 25.6155 59.7814 79.3303 73.9835 10.3852 37.0156 0.0 84.404 16.4018 40.5106 12.0711 45.2616 80.0 81.3806 
48.7647 52.9528 46.5725 33.6155 69.7782 28.0713 38.0132 44.3657 23.3452 68.2473 68.6003 106.775 105.651 81.2158 86.5852 105.522 99.0454 34.0 48.3735 30.4138 78.0897 60.8276 84.404 0.0 68.1836 77.8332 84.0536 43.8634 29.8329 51.0 
27.7436 81.3204 75.1011 42.3024 79.1331 74.8956 64.6318 45.4401 55.6885 48.9495 69.4631 54.6443 62.6259 22.4722 25.3301 59.5063 31.0644 44.2254 64.3817 58.4274 16.7869 33.3666 16.4018 68.1836 0.0 32.3883 16.1245 31.3694 65.7344 66.6033 
29.5296 67.7885 63.7005 44.2719 56.0803 71.007 56.4364 54.7772 57.3643 22.2036 42.5206 29.0689 31.3847 14.7648 49.2443 29.7321 39.6989 44.5066 51.3338 52.2398 40.8957 59.3823 40.5106 77.8332 32.3883 0.0 31.9531 55.8332 87.9214 52.2281 
40.3113 92.2009 86.5332 55.3624 86.1366 87.9485 76.5376 60.636 69.6529 52.1741 72.6877 45.5412 57.2189 17.4642 18.0 52.7731 15.0 57.2451 75.0 68.5227 12.2066 39.0867 12.0711 84.0536 16.1245 31.9531 0.0 47.3327 82.0711 76.866 
39.0341 76.6226 69.3428 32.28 87.2984 59.6657 57.4613 33.7697 41.0488 71.2653 77.7932 82.7345 87.1889 51.225 44.1022 85.4283 60.8769 35.4401 65.5136 45.3056 37.3363 17.2047 45.2616 43.8634 31.3694 55.8332 47.3327 0.0 34.7851 70.1694 
58.6809 81.0555 74.1687 48.3735 94.8314 57.2189 63.7887 53.4166 46.0977 90.9107 91.3088 115.202 117.086 84.7231 77.4145 117.017 95.6033 50.5371 73.0068 52.8867 71.8053 47.0106 80.0 29.8329 65.7344 87.9214 82.0711 34.7851 0.0 75.9276 
39.4081 15.6525 12.0 39.3777 18.9737 27.8029 13.0384 56.3997 29.8329 31.4006 19.7231 75.1665 65.6201 64.7229 90.309 69.1158 89.3558 37.4927 3.0 23.1948 81.7658 84.9872 81.3806 51.0 66.6033 52.2281 76.866 70.1694 75.9276 0.0 
DEMAND_SCENARIO_SECTION
0 0 0 0 0 0 0 0 0 0 0 0 0 0 0 0 0 0 0 0 0 0 0 0 0 0 0 0 0 0 0 0 0 0 0 0 0 0 0 0 0 0 0 0 0 0 0 0 0 0 
2 1 2 3 3 3 1 2 5 3 0 1 2 5 4 3 4 5 1 4 4 3 0 0 0 1 3 5 3 4 2 3 3 2 3 3 3 3 3 5 3 4 0 4 1 0 3 5 5 1 
4 8 8 7 9 6 9 6 10 10 14 10 12 7 12 8 11 11 12 7 6 12 10 11 7 13 10 16 10 8 4 11 8 9 12 14 12 7 14 14 7 8 15 10 7 11 9 11 8 12 
2 4 2 3 1 1 1 1 1 0 1 1 1 1 0 3 2 1 2 3 1 2 2 2 0 1 2 0 1 2 2 2 2 3 0 1 2 1 1 0 2 1 0 2 1 1 0 2 0 1 
2 3 4 3 2 1 1 1 4 0 0 4 2 2 2 4 3 3 2 1 3 1 1 4 3 2 3 0 4 2 3 2 1 1 0 3 4 4 1 2 3 2 4 4 2 1 0 3 1 4 
11 6 7 0 9 6 6 8 8 11 11 6 5 8 6 6 3 5 6 9 5 5 10 4 4 4 10 4 6 5 5 6 2 8 5 10 8 2 5 7 1 8 6 13 8 9 9 6 3 7 
5 6 8 7 8 9 5 4 7 12 7 7 9 6 6 8 1 4 11 7 10 4 8 8 4 6 6 12 8 4 8 7 8 5 11 3 5 8 5 6 4 7 7 4 6 4 9 9 7 8 
8 4 11 8 9 2 10 4 13 2 6 10 9 13 7 10 1 4 8 7 6 9 9 6 9 7 5 11 7 3 5 7 10 12 6 8 5 3 4 3 10 3 5 2 4 8 9 8 6 4 
5 4 1 5 2 5 0 2 3 3 3 1 4 2 0 2 0 3 5 5 1 3 2 2 4 3 3 4 4 2 4 2 0 3 1 4 4 3 1 5 2 0 1 4 2 3 2 1 3 1 
5 2 7 5 1 6 5 7 3 5 4 5 4 5 3 3 4 5 5 8 4 3 5 3 5 7 5 4 5 6 4 7 3 5 6 4 2 4 7 5 4 4 6 5 6 4 0 0 2 6 
8 3 3 7 5 7 10 6 8 6 4 5 6 2 6 8 7 8 10 4 8 7 7 6 6 4 7 7 6 5 7 10 3 8 4 0 9 3 5 2 8 9 11 9 5 9 6 1 5 7 
6 2 0 3 0 0 4 1 3 1 5 3 5 1 1 4 5 4 3 2 0 1 1 2 3 4 4 2 3 4 2 4 4 3 3 3 2 2 1 3 6 3 3 3 1 5 1 6 3 1 
2 2 3 4 0 2 2 3 2 6 1 4 2 0 2 3 1 3 3 4 2 3 3 2 2 2 3 2 2 3 3 4 3 4 2 1 1 2 2 1 1 2 2 0 1 3 4 5 1 2 
7 7 7 5 6 3 5 8 7 4 7 6 6 8 6 4 7 2 5 7 1 5 7 7 6 5 4 6 9 1 6 8 9 2 9 5 8 7 5 6 7 7 5 0 6 2 5 8 7 8 
10 6 7 2 5 8 10 7 11 9 4 4 6 6 2 7 9 9 10 9 8 4 9 6 9 4 8 7 5 3 13 3 4 6 6 9 6 7 6 7 11 9 5 4 7 5 4 13 10 7 
8 6 5 8 9 10 8 15 11 11 11 10 10 15 4 12 6 6 7 8 2 10 7 14 11 11 11 10 10 10 6 12 5 14 12 11 8 8 4 11 9 12 9 5 9 9 6 14 10 10 
8 5 3 4 2 2 5 4 3 5 4 3 6 5 5 2 7 3 2 3 4 1 1 6 4 4 2 2 5 5 6 4 3 2 3 2 1 2 6 3 1 7 4 3 0 5 8 5 3 3 
4 1 5 6 6 4 3 3 4 2 3 3 5 3 5 1 4 6 5 2 3 4 4 2 3 5 4 4 4 3 3 2 4 0 6 3 7 9 3 5 3 3 6 7 0 2 4 5 8 7 
5 4 3 2 6 4 3 0 6 6 4 5 2 1 0 3 4 3 5 1 4 4 2 3 0 7 3 4 5 4 2 2 3 1 4 1 6 5 4 1 4 2 4 2 2 5 2 5 3 2 
17 8 10 12 9 13 10 10 7 13 18 8 11 14 1 9 13 18 16 10 12 10 9 7 9 7 8 10 8 13 10 10 10 9 7 12 10 13 9 7 7 8 9 8 14 8 11 13 9 15 
14 13 10 14 8 12 11 15 7 12 4 11 13 14 9 12 12 12 8 15 9 8 9 12 9 13 10 7 12 6 11 11 19 10 13 15 7 14 9 13 11 9 6 14 16 13 8 7 9 9 
5 7 5 9 6 3 3 7 3 4 5 2 7 6 7 3 8 8 5 5 8 3 5 1 5 7 7 5 7 6 3 7 3 0 7 4 8 7 6 7 4 4 4 4 5 1 1 6 3 4 
5 6 5 4 5 9 6 7 2 3 6 7 8 3 8 3 6 4 5 6 3 5 8 5 6 10 1 5 6 7 10 3 6 7 0 5 9 7 5 6 4 7 5 3 6 4 7 2 4 10 
10 9 12 7 2 6 11 12 9 13 6 11 8 7 8 5 6 12 8 11 10 10 8 6 8 11 3 9 11 6 7 12 9 10 13 5 13 13 6 6 15 14 7 13 11 10 9 14 13 7 
7 2 0 5 1 2 3 2 1 3 0 3 3 2 1 1 3 1 1 3 2 1 3 2 1 2 2 0 3 2 3 3 0 2 2 3 3 3 1 3 1 3 2 3 2 5 0 2 2 2 
9 7 5 6 1 6 5 11 8 7 1 6 3 3 2 4 6 5 4 2 7 4 2 5 6 4 6 4 9 1 4 5 4 9 10 4 6 6 3 3 6 4 6 6 5 5 8 6 2 3 
10 7 8 9 7 13 12 8 4 5 3 4 3 3 2 6 8 5 2 2 6 9 4 12 7 9 8 0 12 7 6 11 10 7 4 7 9 11 10 4 5 9 13 9 9 6 5 2 4 6 
0 1 1 0 3 1 2 2 2 3 0 0 2 2 1 2 1 2 0 0 0 2 1 0 0 1 1 1 1 1 3 1 1 0 0 1 1 1 3 1 2 2 2 0 2 1 1 1 0 1 
5 0 3 2 4 2 1 3 1 4 3 4 4 2 3 4 4 0 6 2 0 0 6 2 1 2 4 2 0 4 2 4 4 2 5 3 2 4 2 4 5 1 3 3 6 3 4 3 4 0 
2 3 1 0 2 2 0 1 1 0 0 1 0 2 1 3 0 1 0 2 1 2 2 1 1 1 1 1 1 1 2 0 0 0 1 3 0 2 0 3 0 0 2 1 0 3 1 1 0 1 
DEPOT_SECTION
 1
 -1
EOF
