NAME  : Parada_30_4_0.95_1.00_7
TYPE : SVRP
MODEL : FINITE_SUPPORT
NUMBER_OF_SCENARIOS : 50
DIMENSION : 30
EDGE_WEIGHT_TYPE : MATRIX
CAPACITY : 45
N_VEHICLES : 4
NODE_COORD_SECTION
1 162260 184740
2 436070 94927
3 443760 202080
4 486390 478650
5 410630 18
6 223550 194380
7 371450 14443
8 716820 129630
9 244120 99525
10 141730 189930
11 278250 190870
12 46444 248500
13 451720 100350
14 353610 294660
15 467670 308050
16 552120 302610
17 634920 161080
18 534220 332700
19 114120 278840
20 449910 267210
21 90364 268100
22 46047 184790
23 134260 385240
24 284900 345520
25 20129 402350
26 34045 375940
27 552440 338020
28 641660 193940
29 27 56546
30 638870 145970
DEMAND_SECTION
1 0.0
2 10.0
3 6.0
4 8.0
5 9.0
6 10.0
7 5.0
8 4.0
9 5.0
10 9.0
11 7.0
12 3.0
13 2.0
14 1.0
15 1.0
16 3.0
17 4.0
18 8.0
19 3.0
20 8.0
21 10.0
22 9.0
23 10.0
24 5.0
25 9.0
26 5.0
27 1.0
28 7.0
29 9.0
30 2.0
DISTANCE_MATRIX
0.0 51.2127 50.3587 57.2326 61.1022 43.5227 63.1725 77.5647 42.5296 23.647 13.6015 24.7588 50.8924 27.0 57.0113 48.2424 62.882 44.5784 32.6956 49.4017 14.0357 32.8024 28.207 20.2627 42.72 47.1275 42.2088 67.771 46.5645 56.8228 
51.2127 0.0 15.1327 67.624 16.1555 84.4435 12.0416 63.2851 83.4503 70.8518 45.9785 39.4817 2.23607 70.6582 27.6586 39.0 49.0408 34.5398 79.9004 24.0208 54.7096 35.7183 70.1144 61.1843 73.007 73.7554 31.7805 56.0089 92.6474 94.306 
50.3587 15.1327 0.0 55.2268 30.2655 82.2235 24.7386 48.1664 81.2304 70.6023 43.7585 41.2251 13.0384 60.4581 12.6491 27.0185 34.2345 22.6716 79.6509 9.48683 54.7814 45.3823 70.2195 58.9643 79.9227 82.3325 20.5183 41.1096 92.6984 82.7724 
57.2326 67.624 55.2268 0.0 83.7735 55.0988 79.1581 33.0151 53.3385 71.2811 49.9305 71.1126 66.2118 33.4215 48.1041 28.6356 28.178 33.1059 71.8013 46.0435 70.9217 79.0063 85.4074 46.2666 99.9233 104.36 35.8469 26.6833 98.0051 38.0132 
61.1022 16.1555 30.2655 83.7735 0.0 98.8401 6.32456 78.0 97.847 75.8218 61.1767 37.8806 17.72 79.042 42.0 55.1543 64.4981 50.6952 85.5425 39.6232 56.2938 34.0588 67.0075 75.8735 70.8308 71.1688 47.927 71.3442 91.022 108.539 
43.5227 84.4435 82.2235 55.0988 98.8401 0.0 96.4033 85.0159 10.6301 24.0208 38.737 66.5713 84.1232 26.0554 82.9089 60.0517 73.3827 63.5598 17.0 77.9693 53.0667 75.0248 43.3176 29.26 58.0775 63.1269 65.2879 76.1076 47.927 36.0139 
63.1725 12.0416 24.7386 79.1581 6.32456 96.4033 0.0 72.0278 95.4102 78.7466 57.9383 40.8055 13.0384 75.8037 36.0555 50.5371 58.8558 46.0652 88.4674 34.2053 59.2186 37.0421 69.9349 73.1441 74.3303 75.0267 43.4166 65.6201 93.9519 106.231 
77.5647 63.2851 48.1664 33.0151 78.0 85.0159 72.0278 0.0 83.8153 97.0608 68.364 80.9506 61.2046 60.3738 36.0 34.2053 16.1245 36.3593 97.8419 39.6232 88.3812 86.9253 104.648 72.0429 116.806 120.148 38.9487 9.89949 123.375 71.0 
42.5296 83.4503 81.2304 53.3385 97.847 10.6301 95.4102 83.8153 0.0 32.5576 37.7439 65.5782 83.1301 25.0623 81.9158 59.0585 72.3671 62.5667 23.0217 76.9762 47.6968 74.0316 52.3927 28.2669 66.7533 71.8471 64.2948 75.0 53.3667 29.1204 
23.647 70.8518 70.6023 71.2811 75.8218 24.0208 78.7466 97.0608 32.5576 0.0 37.1262 37.9473 70.5315 38.0789 78.2727 68.3595 84.7455 65.9088 11.4018 70.6572 19.6977 43.8292 19.9249 31.0179 34.2345 39.3192 63.5392 87.7922 26.9072 60.0333 
13.6015 45.9785 43.7585 49.9305 61.1767 38.737 57.9383 68.364 37.7439 37.1262 0.0 30.3645 45.6583 17.8885 50.0 39.5997 54.2393 37.5671 41.329 42.3905 26.5707 38.8973 41.6773 15.53 55.9464 60.1664 35.1976 58.5703 60.0437 49.7393 
24.7588 39.4817 41.2251 71.1126 37.8806 66.5713 40.8055 80.9506 65.5782 37.9473 30.3645 0.0 40.7997 48.1041 51.6236 47.7598 64.846 44.7772 47.8539 44.5982 18.4391 8.544 30.8058 43.3113 38.833 41.1096 42.0476 71.5891 54.5894 79.6241 
50.8924 2.23607 13.0384 66.2118 17.72 84.1232 13.0384 61.2046 83.1301 70.5315 45.6583 40.7997 0.0 69.555 25.4951 37.5766 47.0956 33.1059 79.5802 22.0907 54.3894 37.9259 69.7941 60.8641 75.2145 75.963 30.4138 54.037 92.3271 93.2028 
27.0 70.6582 60.4581 33.4215 79.042 26.0554 75.8037 60.3738 25.0623 38.0789 17.8885 48.1041 69.555 0.0 57.5748 34.7175 48.0585 38.2257 38.4109 52.6352 41.0122 56.648 53.6144 13.4403 68.6898 73.4086 39.9538 51.1053 64.6375 31.9061 
57.0113 27.6586 12.6491 48.1041 42.0 82.9089 36.0555 36.0 81.9158 78.2727 50.0 51.6236 25.4951 57.5748 0.0 22.8473 23.4094 19.6469 91.0049 7.61577 63.6318 55.8233 79.6116 65.2059 90.1388 92.6984 19.105 29.8329 101.079 79.6053 
48.2424 39.0 27.0185 28.6356 55.1543 60.0517 50.5371 34.2053 59.0585 68.3595 39.5997 47.7598 37.5766 34.7175 22.8473 0.0 18.3848 4.47214 72.1856 18.4391 54.5004 54.5711 70.7673 46.3866 82.9251 86.2673 7.28011 24.4131 91.277 56.8243 
62.882 49.0408 34.2345 28.178 64.4981 73.3827 58.8558 16.1245 72.3671 84.7455 54.2393 64.846 47.0956 48.0585 23.4094 18.3848 0.0 20.2485 85.5266 25.02 72.2898 70.9366 88.5566 59.7276 100.714 104.057 22.8254 7.07107 109.066 64.5368 
44.5784 34.5398 22.6716 33.1059 50.6952 63.5598 46.0652 36.3593 62.5667 65.9088 37.5671 44.7772 33.1059 38.2257 19.6469 4.47214 20.2485 0.0 78.572 14.4222 52.0497 51.2445 68.3165 52.773 80.4744 83.8153 3.0 26.8328 88.8262 60.5392 
32.6956 79.9004 79.6509 71.8013 85.5425 17.0 88.4674 97.8419 23.0217 11.4018 41.329 47.8539 79.5802 38.4109 91.0049 72.1856 85.5266 78.572 0.0 83.3953 30.2324 54.3783 30.8707 31.799 44.3847 49.4773 76.2024 88.5734 31.0161 51.788 
49.4017 24.0208 9.48683 46.0435 39.6232 77.9693 34.2053 39.6232 76.9762 70.6572 42.3905 44.5982 22.0907 52.6352 7.61577 18.4391 25.02 14.4222 83.3953 0.0 56.0803 49.0922 72.111 57.5963 82.8794 85.5628 13.0 32.0 93.4719 74.9466 
14.0357 54.7096 54.7814 70.9217 56.2938 53.0667 59.2186 88.3812 47.6968 19.6977 26.5707 18.4391 54.3894 41.0122 63.6318 54.5004 72.2898 52.0497 30.2324 56.0803 0.0 24.1868 16.2788 34.0644 29.5296 33.6155 49.6801 78.7489 37.9473 69.8661 
32.8024 35.7183 45.3823 79.0063 34.0588 75.0248 37.0421 86.9253 74.0316 43.8292 38.8973 8.544 37.9259 56.648 55.8233 54.5711 70.9366 51.2445 54.3783 49.0922 24.1868 0.0 33.0151 51.7647 37.6962 38.9487 48.3839 77.8332 57.0 88.1419 
28.207 70.1144 70.2195 85.4074 67.0075 43.3176 69.9349 104.648 52.3927 19.9249 41.6773 30.8058 69.7941 53.6144 79.6116 70.7673 88.5566 68.3165 30.8707 72.111 16.2788 33.0151 0.0 46.1741 15.1327 20.025 65.947 95.1452 24.0208 79.1012 
20.2627 61.1843 58.9643 46.2666 75.8735 29.26 73.1441 72.0429 28.2669 31.0179 15.53 43.3113 60.8641 13.4403 65.2059 46.3866 59.7276 52.773 31.799 57.5963 34.0644 51.7647 46.1741 0.0 61.2495 65.9682 50.4034 62.7744 57.8179 42.5601 
42.72 73.007 79.9227 99.9233 70.8308 58.0775 74.3303 116.806 66.7533 34.2345 55.9464 38.833 75.2145 68.6898 90.1388 82.9251 100.714 80.4744 44.3847 82.8794 29.5296 37.6962 15.1327 61.2495 0.0 5.09902 78.1025 107.174 26.0768 94.0213 
47.1275 73.7554 82.3325 104.36 71.1688 63.1269 75.0267 120.148 71.8471 39.3192 60.1664 41.1096 75.963 73.4086 92.6984 86.2673 104.057 83.8153 49.4773 85.5628 33.6155 38.9487 20.025 65.9682 5.09902 0.0 81.4002 110.516 29.8329 99.0454 
42.2088 31.7805 20.5183 35.8469 47.927 65.2879 43.4166 38.9487 64.2948 63.5392 35.1976 42.0476 30.4138 39.9538 19.105 7.28011 22.8254 3.0 76.2024 13.0 49.6801 48.3839 65.947 50.4034 78.1025 81.4002 0.0 29.5466 86.4567 62.2681 
67.771 56.0089 41.1096 26.6833 71.3442 76.1076 65.6201 9.89949 75.0 87.7922 58.5703 71.5891 54.037 51.1053 29.8329 24.4131 7.07107 26.8328 88.5734 32.0 78.7489 77.8332 95.1452 62.7744 107.174 110.516 29.5466 0.0 113.581 64.3817 
46.5645 92.6474 92.6984 98.0051 91.022 47.927 93.9519 123.375 53.3667 26.9072 60.0437 54.5894 92.3271 64.6375 101.079 91.277 109.066 88.8262 31.0161 93.4719 37.9473 57.0 24.0208 57.8179 26.0768 29.8329 86.4567 113.581 0.0 82.4621 
56.8228 94.306 82.7724 38.0132 108.539 36.0139 106.231 71.0 29.1204 60.0333 49.7393 79.6241 93.2028 31.9061 79.6053 56.8243 64.5368 60.5392 51.788 74.9466 69.8661 88.1419 79.1012 42.5601 94.0213 99.0454 62.2681 64.3817 82.4621 0.0 
DEMAND_SCENARIO_SECTION
0 0 0 0 0 0 0 0 0 0 0 0 0 0 0 0 0 0 0 0 0 0 0 0 0 0 0 0 0 0 0 0 0 0 0 0 0 0 0 0 0 0 0 0 0 0 0 0 0 0 
9 11 9 8 8 12 8 11 3 15 7 9 6 11 4 14 13 12 7 9 9 12 4 11 7 17 9 14 11 8 17 9 6 12 12 15 6 8 11 9 12 15 10 11 9 13 10 19 13 12 
7 6 10 7 7 3 10 6 6 7 7 2 3 5 5 9 8 7 4 6 6 5 2 7 8 9 4 10 4 13 8 5 2 5 3 2 8 7 1 7 8 5 9 6 7 7 8 6 7 7 
14 6 9 9 12 15 12 5 6 7 9 5 6 13 11 9 12 5 11 15 8 6 8 12 6 4 7 6 2 5 8 5 11 8 11 9 7 5 6 8 3 6 8 6 15 11 12 9 8 8 
8 8 10 9 13 4 11 10 10 11 11 8 11 11 9 7 7 11 8 8 10 10 8 14 6 7 10 11 11 12 10 12 7 10 9 6 4 10 10 6 13 8 9 12 7 16 7 11 4 12 
12 7 4 13 7 11 10 15 12 17 9 3 7 7 5 10 10 10 8 7 16 9 6 10 7 12 16 11 10 15 14 4 11 13 13 6 9 12 12 8 10 14 2 18 10 6 8 16 10 15 
2 8 6 3 6 5 6 3 2 6 5 5 5 1 3 5 2 3 5 4 4 5 4 3 4 6 7 5 2 3 2 6 6 7 6 3 6 0 4 5 2 3 3 8 3 6 4 6 7 7 
4 1 2 2 4 0 3 3 4 9 6 2 2 3 4 5 6 5 1 2 2 3 1 1 2 7 2 6 6 2 5 6 4 7 3 4 5 5 2 6 4 6 2 7 7 5 6 5 4 8 
10 7 3 3 4 6 8 4 3 7 4 6 3 7 5 8 8 5 2 7 3 9 6 4 5 7 5 7 6 9 5 5 3 5 7 6 4 2 8 4 0 3 5 5 0 2 8 3 4 5 
13 12 10 8 14 3 9 11 10 10 7 9 9 6 10 8 12 8 12 11 9 8 8 9 8 10 13 11 13 8 14 10 13 7 8 11 7 7 10 7 6 8 6 11 9 7 11 12 6 2 
7 8 1 7 10 6 9 8 6 8 3 8 5 8 13 10 4 4 5 12 6 10 10 5 4 7 5 6 4 6 9 8 7 11 10 2 13 4 10 3 10 13 7 10 5 8 9 6 6 4 
4 6 3 3 5 2 2 2 3 4 4 3 3 3 3 4 5 0 3 5 5 1 3 3 1 4 3 3 4 4 3 3 1 3 2 8 1 5 3 5 3 2 3 0 5 7 1 6 3 3 
1 2 2 4 4 2 0 0 3 0 2 2 0 2 1 0 2 4 1 3 1 2 1 1 4 0 1 2 0 2 1 1 3 2 4 5 3 0 3 5 1 3 2 3 6 2 0 2 2 2 
3 0 2 0 2 2 3 3 0 3 1 0 2 1 0 1 0 2 0 0 2 1 2 0 1 0 1 3 0 0 2 1 1 0 0 0 1 2 0 2 1 2 1 2 2 2 1 0 1 0 
1 2 1 2 0 2 1 1 2 2 2 1 1 0 1 0 0 1 2 0 2 1 1 3 1 1 1 1 0 2 0 0 0 1 0 0 2 0 1 2 3 1 1 0 1 0 2 1 2 2 
2 3 0 3 6 0 6 2 4 2 2 4 2 2 2 5 3 2 3 2 4 4 4 4 6 2 3 5 3 3 3 3 5 2 4 1 4 1 3 4 4 4 2 5 4 4 4 4 3 2 
4 1 1 3 3 3 4 4 5 0 7 4 7 6 3 3 4 7 3 3 3 1 1 2 3 5 5 4 2 5 3 1 3 5 4 7 5 3 3 2 3 2 0 7 7 7 6 3 5 1 
7 4 12 7 12 9 4 8 8 10 11 8 9 6 17 7 4 2 7 6 10 12 9 6 8 5 6 10 8 7 8 7 8 6 7 6 13 9 4 11 11 7 4 11 10 4 2 6 6 7 
2 5 2 2 6 5 2 6 0 3 1 1 1 2 0 3 3 5 5 4 3 2 4 6 0 1 3 4 2 1 2 2 2 2 7 5 0 2 3 5 0 4 3 3 3 1 5 3 3 3 
11 7 4 10 7 10 7 13 4 7 4 12 8 6 8 8 6 7 7 10 11 9 3 7 11 12 10 5 8 9 9 8 12 7 6 5 7 11 12 12 9 6 2 6 16 9 6 0 6 7 
7 11 9 20 5 9 12 10 7 12 11 11 12 19 11 4 8 15 8 10 6 7 8 7 8 10 13 15 11 6 12 6 16 10 10 15 14 6 1 13 15 11 14 6 12 10 6 12 9 11 
7 6 10 8 7 3 12 9 12 10 11 7 14 7 9 9 10 12 7 10 6 10 11 9 13 6 9 11 9 11 14 15 10 9 10 9 8 7 8 13 13 12 7 6 16 10 7 10 10 15 
8 15 10 13 11 12 10 6 14 9 11 12 13 13 3 9 13 10 11 16 7 13 10 12 14 8 10 15 14 10 4 12 10 11 9 10 17 12 10 6 13 13 11 7 11 6 9 9 17 10 
7 6 9 6 0 3 0 6 4 2 1 6 9 3 3 3 3 5 7 4 6 5 4 5 4 4 3 7 6 6 3 6 7 3 5 7 6 7 1 9 7 3 2 5 3 8 2 3 2 0 
10 4 11 7 14 8 8 12 15 7 8 9 15 8 10 6 5 2 6 7 10 13 6 8 9 12 8 9 11 9 2 6 8 7 6 14 16 10 4 5 9 8 8 10 15 8 12 6 8 10 
3 2 4 0 5 9 3 6 4 6 3 8 5 6 4 9 7 7 5 4 6 6 4 6 5 4 6 8 4 5 4 6 3 6 8 5 5 0 3 7 8 7 3 8 6 5 5 3 6 0 
1 2 0 0 0 2 1 1 3 1 1 0 1 1 1 1 0 1 2 0 1 1 0 0 2 0 2 0 2 1 0 0 3 1 0 2 2 2 2 1 1 0 1 1 2 2 0 0 2 0 
5 9 3 9 8 5 7 8 6 6 8 8 6 7 5 10 8 8 6 13 3 5 6 5 9 8 8 8 3 6 6 9 6 7 3 12 6 8 5 5 7 6 4 8 9 6 6 7 6 8 
10 7 14 5 8 6 7 8 10 11 13 10 9 9 3 5 7 10 13 15 14 7 11 11 8 8 7 6 15 7 7 12 12 5 5 13 11 11 4 7 13 9 10 5 9 8 9 9 11 9 
4 2 0 4 1 4 2 5 1 3 4 1 1 1 0 1 2 3 3 2 0 0 1 2 1 3 2 2 3 3 2 2 1 2 3 3 0 1 4 2 1 3 3 2 2 2 3 0 1 1 
DEPOT_SECTION
 1
 -1
EOF
