NAME  : Parada_30_4_0.95_1.00_2
TYPE : SVRP
MODEL : FINITE_SUPPORT
NUMBER_OF_SCENARIOS : 50
DIMENSION : 30
EDGE_WEIGHT_TYPE : MATRIX
CAPACITY : 37
N_VEHICLES : 4
NODE_COORD_SECTION
1 79810 237700
2 260640 495430
3 145640 18
4 57077 171670
5 352930 111920
6 25304 577570
7 179000 269520
8 188860 63401
9 107740 231870
10 126230 427600
11 169800 145440
12 154620 92230
13 317000 226260
14 272880 243690
15 178350 326650
16 295330 9553
17 247570 382840
18 85877 437120
19 33614 401450
20 50563 518820
21 100910 108110
22 27 384430
23 205820 514060
24 207120 274180
25 99230 418250
26 157910 18254
27 243430 523690
28 82553 573510
29 204000 487970
30 281370 157080
DEMAND_SECTION
1 0.0
2 2.0
3 4.0
4 7.0
5 5.0
6 4.0
7 9.0
8 10.0
9 6.0
10 4.0
11 3.0
12 2.0
13 2.0
14 8.0
15 7.0
16 5.0
17 5.0
18 7.0
19 5.0
20 3.0
21 1.0
22 4.0
23 2.0
24 6.0
25 9.0
26 7.0
27 1.0
28 2.0
29 6.0
30 6.0
DISTANCE_MATRIX
0.0 44.3125 36.4005 59.4811 40.5589 58.3318 28.3548 36.3593 4.47214 31.0644 47.1275 35.4683 38.0526 13.8924 34.7577 46.0868 52.6308 34.5254 56.8622 33.2082 47.927 40.8534 27.2255 30.0 55.3732 60.8358 25.9634 52.3591 35.294 16.6433 
44.3125 0.0 65.7343 95.9188 73.8263 19.0263 71.1196 73.171 41.5772 19.4165 87.0 75.0067 81.6082 55.4707 77.8868 79.3542 96.937 21.5407 99.7647 33.541 84.5076 29.2746 17.088 71.0211 98.5023 97.4891 22.3607 14.8661 12.1655 56.2228 
36.4005 65.7343 0.0 31.0644 72.4795 63.1269 55.0171 13.4536 35.218 62.0422 27.4591 19.4165 34.8855 43.6578 50.2384 78.7136 51.0392 66.9278 66.4831 32.28 75.9754 76.4505 53.2636 56.9289 60.8358 86.51 46.9414 59.0085 53.6004 21.5407 
59.4811 95.9188 31.0644 0.0 88.4025 94.1913 57.4047 23.4094 59.6154 89.1595 15.2643 24.4131 32.6497 60.3075 51.0 94.9918 40.05 93.1283 60.407 62.3939 78.721 100.225 81.2527 62.8536 53.2353 86.3308 74.9533 90.0056 83.7547 42.9535 
40.5589 73.8263 72.4795 88.4025 0.0 90.9023 29.9672 67.4801 44.7668 54.6141 72.1039 64.202 54.6475 28.9874 36.8917 14.4721 58.6003 52.5755 48.2597 74.3495 21.8403 49.6496 63.0238 24.4721 51.4198 32.7567 58.6088 84.927 71.5789 51.0447 
58.3318 19.0263 63.1269 94.1913 90.9023 0.0 82.478 73.3485 57.0088 36.4005 88.0738 76.6551 86.4941 66.8872 89.7034 96.4301 102.864 39.6232 111.808 34.5398 97.6318 48.0937 29.1548 82.8043 107.769 110.605 31.1448 6.40312 20.2485 60.146 
28.3548 71.1196 55.0171 57.4047 29.9672 82.478 0.0 44.9661 32.6518 54.7083 42.2121 38.8331 24.7557 15.6525 8.06226 35.4951 30.5941 56.5155 28.6531 58.1769 25.0799 59.1354 54.2033 5.83095 27.8927 36.3456 53.0005 76.0803 62.331 33.6292 
36.3593 73.171 13.4536 23.4094 67.4801 73.3485 44.9661 0.0 36.2491 65.7992 14.8661 6.32456 22.1359 39.2046 38.5887 74.0694 37.7359 69.768 54.1202 40.0125 66.3166 76.922 58.0517 50.4151 48.1041 74.8603 51.788 68.593 61.0737 19.7231 
4.47214 41.5772 35.218 59.6154 44.7668 57.0088 32.6518 36.2491 0.0 29.6142 48.0521 36.1386 40.4475 18.3576 39.0546 50.2947 55.6597 33.5261 61.1591 31.8851 52.3927 40.7063 24.4901 34.4093 59.6701 65.307 28.7304 51.036 39.867 16.7631 
31.0644 19.4165 62.0422 89.1595 54.6141 36.4005 54.7083 65.7992 29.6142 0.0 77.666 65.7343 69.0 39.2938 62.0967 60.142 82.7531 5.0 83.006 32.1175 66.1337 14.7648 11.1803 53.7122 82.5651 79.1152 16.2788 30.5941 18.0278 46.3303 
47.1275 87.0 27.4591 15.2643 72.1039 88.0738 42.2121 14.8661 48.0521 77.666 0.0 12.0416 17.4642 46.0435 35.8347 80.7025 27.6586 81.4923 47.0106 54.3816 63.561 87.9204 71.2531 47.661 40.1123 71.5681 65.123 83.1865 75.0267 31.4006 
35.4683 75.0067 19.4165 24.4131 64.202 76.6551 38.8331 6.32456 36.1386 65.7343 12.0416 0.0 15.8114 36.0694 32.4557 70.7912 31.6228 69.6419 47.8017 52.4805 60.1835 76.3217 59.2115 44.282 41.7852 68.7273 53.0848 71.6237 63.0714 19.4165 
38.0526 81.6082 34.8855 32.6497 54.6475 86.4941 24.7557 22.1359 40.4475 69.0 17.4642 15.8114 0.0 32.726 18.3576 60.1753 17.0294 72.111 32.0156 61.1793 46.0977 77.1038 64.9251 30.2046 26.0 54.3415 59.2479 80.7775 70.342 26.4008 
13.8924 55.4707 43.6578 60.3075 28.9874 66.8872 15.6525 39.2046 18.3576 39.2938 46.0435 36.0694 32.726 0.0 22.8035 35.083 44.0114 41.4367 44.2945 44.939 34.176 45.0999 38.5876 16.2788 43.3244 47.0106 37.4097 60.4896 46.7403 22.1359 
34.7577 77.8868 50.2384 51.0 36.8917 89.7034 8.06226 38.5887 39.0546 62.0967 35.8347 32.4557 18.3576 22.8035 0.0 42.45 22.561 64.1327 22.6716 64.5797 27.8568 67.0671 60.8648 12.53 20.6155 37.1214 59.6242 83.7306 68.9547 37.0202 
46.0868 79.3542 78.7136 94.9918 14.4721 96.4301 35.4951 74.0694 50.2947 60.142 80.7025 70.7912 60.1753 35.083 42.45 0.0 64.1295 58.1033 54.1022 86.1758 28.7883 55.1774 68.5517 30.0 57.0744 40.6105 70.435 90.4548 77.1067 57.176 
52.6308 96.937 51.0392 40.05 58.6003 102.864 30.5941 37.7359 55.6597 82.7531 27.6586 31.6228 17.0294 44.0114 22.561 64.1295 0.0 85.2911 20.6155 77.549 44.5533 89.0225 79.8499 34.7851 13.3417 48.8774 74.9689 97.0824 86.1055 43.0465 
34.5254 21.5407 66.9278 93.1283 52.5755 39.6232 56.5155 69.768 33.5261 5.0 81.4923 69.6419 72.111 41.4367 64.1327 58.1033 85.2911 0.0 84.4334 37.1146 66.8738 9.84886 16.1245 55.0273 84.4038 78.7138 21.2603 34.1321 22.3607 50.2892 
56.8622 99.7647 66.4831 60.407 48.2597 111.808 28.6531 54.1202 61.1591 83.006 47.0106 47.8017 32.0156 44.2945 22.6716 54.1022 20.6155 84.4334 0.0 86.6842 29.1548 85.9142 82.8553 29.4109 7.28011 29.7321 81.6473 105.835 90.9778 53.5285 
33.2082 33.541 32.28 62.3939 74.3495 34.5398 58.1769 40.0125 31.8851 32.1175 54.3816 52.4805 61.1793 44.939 64.5797 86.1758 77.549 37.1146 86.6842 0.0 78.9976 46.7163 21.3778 60.0887 82.4396 91.692 15.9157 29.1204 21.3776 34.8312 
47.927 84.5076 75.9754 78.721 21.8403 97.6318 25.0799 66.3166 52.3927 66.1337 63.561 60.1835 46.0977 34.176 27.8568 28.7883 44.5533 66.8738 29.1548 78.9976 0.0 63.9531 68.7917 20.025 34.1321 13.0384 68.1543 91.2342 77.4665 54.5875 
40.8534 29.2746 76.4505 100.225 49.6496 48.0937 59.1354 76.922 40.7063 14.7648 87.9204 76.3217 77.1038 45.0999 67.0671 55.1774 89.0225 9.84886 85.9142 46.7163 63.9531 0.0 25.9422 56.7186 86.7006 75.7879 30.8058 43.0116 32.0156 57.2713 
27.2255 17.088 53.2636 81.2527 63.0238 29.1548 54.2033 58.0517 24.4901 11.1803 71.2531 59.2115 64.9251 38.5876 60.8648 68.5517 79.8499 16.1245 82.8553 21.3778 68.7917 25.9422 0.0 54.4059 81.4803 81.7732 6.32456 22.8254 8.94427 40.0125 
30.0 71.0211 56.9289 62.8536 24.4721 82.8043 5.83095 50.4151 34.4093 53.7122 47.661 44.282 30.2046 16.2788 12.53 30.0 34.7851 55.0273 29.4109 60.0887 20.025 56.7186 54.4059 0.0 30.0666 32.0156 53.3268 76.4066 62.6573 35.541 
55.3732 98.5023 60.8358 53.2353 51.4198 107.769 27.8927 48.1041 59.6701 82.5651 40.1123 41.7852 26.0 43.3244 20.6155 57.0744 13.3417 84.4038 7.28011 82.4396 34.1321 86.7006 81.4803 30.0666 0.0 36.4005 80.2397 101.797 89.5702 48.8465 
60.8358 97.4891 86.51 86.3308 32.7567 110.605 36.3456 74.8603 65.307 79.1152 71.5681 68.7273 54.3415 47.0106 37.1214 40.6105 48.8774 78.7138 29.7321 91.692 13.0384 75.7879 81.7732 32.0156 36.4005 0.0 81.1366 104.203 90.448 67.1763 
25.9634 22.3607 46.9414 74.9533 58.6088 31.1448 53.0005 51.788 28.7304 16.2788 65.123 53.0848 59.2479 37.4097 59.6242 70.435 74.9689 21.2603 81.6473 15.9157 68.1543 30.8058 6.32456 53.3268 80.2397 81.1366 0.0 24.7588 11.6619 34.0147 
52.3591 14.8661 59.0085 90.0056 84.927 6.40312 76.0803 68.593 51.036 30.5941 83.1865 71.6237 80.7775 60.4896 83.7306 90.4548 97.0824 34.1321 105.835 29.1204 91.2342 43.0116 22.8254 76.4066 101.797 104.203 24.7588 0.0 13.8924 54.4303 
35.294 12.1655 53.6004 83.7547 71.5789 20.2485 62.331 61.0737 39.867 18.0278 75.0267 63.0714 70.342 46.7403 68.9547 77.1067 86.1055 22.3607 90.9778 21.3776 77.4665 32.0156 8.94427 62.6573 89.5702 90.448 11.6619 13.8924 0.0 44.5533 
16.6433 56.2228 21.5407 42.9535 51.0447 60.146 33.6292 19.7231 16.7631 46.3303 31.4006 19.4165 26.4008 22.1359 37.0202 57.176 43.0465 50.2892 53.5285 34.8312 54.5875 57.2713 40.0125 35.541 48.8465 67.1763 34.0147 54.4303 44.5533 0.0 
DEMAND_SCENARIO_SECTION
0 0 0 0 0 0 0 0 0 0 0 0 0 0 0 0 0 0 0 0 0 0 0 0 0 0 0 0 0 0 0 0 0 0 0 0 0 0 0 0 0 0 0 0 0 0 0 0 0 0 
3 3 1 2 2 2 0 3 1 0 2 4 3 2 2 3 1 2 0 1 1 1 2 1 1 2 2 1 3 2 0 2 3 3 0 2 1 5 5 3 1 3 1 1 1 2 2 5 4 0 
3 7 8 4 2 5 2 3 6 2 8 3 5 4 5 4 6 8 5 5 4 2 6 5 8 2 4 5 4 6 7 2 0 0 1 1 3 7 3 4 6 1 7 5 9 4 3 3 7 5 
9 6 8 2 7 8 11 9 0 4 6 10 5 7 11 10 7 10 6 7 8 8 5 5 6 6 11 10 5 8 9 8 4 8 8 10 10 5 3 7 5 12 6 9 9 3 7 3 8 1 
3 6 6 3 6 4 5 5 5 4 5 6 8 4 5 3 5 1 5 8 3 10 8 8 7 10 5 8 4 2 4 6 5 2 5 6 3 7 6 8 7 8 5 8 7 7 6 6 4 4 
6 0 2 1 5 6 6 4 3 0 3 1 6 3 7 3 2 7 5 6 5 3 3 4 3 5 4 6 3 4 4 2 7 6 5 2 2 4 4 6 6 8 2 0 9 4 4 4 3 2 
6 9 10 8 9 7 7 6 8 7 6 8 9 9 7 7 1 6 5 12 7 9 11 9 12 8 10 8 9 11 12 5 11 6 11 11 10 10 4 3 10 7 8 10 9 8 6 5 11 6 
8 8 10 13 10 10 12 16 10 18 8 9 9 8 10 5 8 10 7 9 11 12 9 8 9 6 13 10 5 6 11 10 11 8 14 9 12 15 10 9 9 7 16 6 11 11 14 10 12 6 
5 9 6 3 2 6 8 6 8 1 4 7 5 11 9 2 3 9 1 9 8 9 8 7 7 6 6 6 4 5 4 5 6 5 3 6 5 3 8 9 8 6 3 6 5 9 7 7 8 7 
5 6 3 6 5 6 4 4 6 3 2 2 4 5 4 6 3 5 3 5 3 4 1 6 5 5 6 4 4 1 4 7 6 5 6 6 0 4 6 2 4 1 1 5 4 3 3 2 2 1 
1 1 3 3 6 4 2 2 4 2 3 1 3 2 2 3 1 3 4 1 5 3 3 4 3 3 1 0 2 3 6 4 3 0 7 5 1 0 2 5 5 2 3 3 1 1 3 2 2 4 
3 1 2 7 3 4 3 0 2 2 3 1 2 2 2 2 1 1 1 1 0 1 0 0 1 1 0 4 2 3 4 3 3 1 1 4 0 5 3 5 3 2 1 1 4 4 4 0 2 0 
6 2 2 4 2 2 0 3 2 2 3 4 1 5 1 3 0 5 2 3 5 2 1 3 2 3 3 3 3 3 3 4 2 4 1 2 3 1 2 2 1 3 3 1 1 0 3 2 2 4 
6 6 7 8 14 13 8 6 9 11 6 8 8 15 10 7 6 8 6 4 9 7 12 13 10 9 5 10 8 10 7 7 10 5 8 11 6 7 10 4 6 4 2 12 10 10 9 7 9 11 
5 6 7 10 4 7 7 9 5 6 7 10 5 6 3 8 5 11 3 5 4 10 7 3 3 5 6 9 2 10 8 6 10 11 7 7 5 10 8 5 12 5 8 8 7 9 6 4 11 11 
3 7 7 5 7 7 4 9 7 6 4 5 7 3 6 7 1 2 5 7 6 3 0 9 6 7 4 9 8 6 4 7 6 8 5 8 6 4 5 5 6 2 7 5 6 4 2 6 4 4 
3 8 6 7 9 4 6 2 4 5 4 4 5 6 6 3 5 3 3 5 3 5 3 7 10 4 7 7 6 4 10 4 5 6 6 4 7 4 5 7 5 7 5 7 4 3 4 1 5 3 
9 13 12 6 4 0 8 8 10 8 10 8 12 9 14 5 3 10 10 3 6 6 6 11 5 9 7 6 6 7 8 4 11 7 3 8 6 8 5 3 6 5 6 9 11 7 8 11 2 12 
10 8 7 3 3 6 7 5 9 6 2 8 4 6 8 7 7 8 4 5 4 7 8 6 6 5 5 3 8 8 10 4 6 5 5 5 7 8 6 6 6 6 7 8 3 4 5 5 9 8 
3 5 3 4 0 0 3 6 2 2 6 3 4 5 4 0 0 2 4 3 2 2 3 2 4 3 2 2 4 3 4 1 8 3 2 5 4 4 1 4 4 0 7 5 3 4 3 0 5 2 
0 1 1 0 0 1 0 2 4 0 2 2 2 1 2 1 2 1 1 1 2 2 2 0 1 2 0 1 1 0 0 0 3 0 1 2 0 0 0 0 0 2 0 2 1 0 3 0 2 0 
5 4 5 5 3 2 2 4 3 4 5 5 6 1 2 6 4 5 6 6 4 5 3 2 6 2 0 7 0 0 6 5 6 3 3 3 5 5 5 5 4 3 2 4 6 4 2 6 3 6 
4 1 0 1 1 2 2 0 0 0 3 2 1 3 2 2 1 4 4 2 2 1 0 3 3 4 3 2 2 2 3 2 0 0 2 3 4 2 2 4 3 4 1 3 3 2 3 3 1 2 
5 5 6 4 7 4 6 1 11 5 9 6 8 5 4 5 7 8 5 11 8 5 6 10 8 7 8 1 3 10 7 7 5 6 5 8 7 5 5 2 8 3 4 10 2 10 6 7 5 3 
13 6 9 11 10 13 9 10 6 8 9 8 9 13 14 12 16 9 10 11 9 6 7 7 8 5 9 9 12 9 6 7 14 5 12 13 7 11 10 9 10 8 6 12 9 14 7 6 11 5 
8 5 4 13 9 6 4 8 7 9 6 9 7 8 5 8 6 8 2 9 8 10 7 9 9 5 5 8 8 7 5 4 10 7 8 11 8 12 9 8 8 5 11 11 10 10 5 6 10 8 
1 1 2 3 1 2 1 2 0 1 3 0 0 1 3 2 1 2 1 0 2 1 3 2 0 0 0 1 1 0 0 3 1 1 0 1 1 0 0 1 0 0 0 2 1 3 0 3 1 0 
0 1 3 4 2 0 1 1 2 3 3 2 2 3 1 1 2 1 2 0 3 3 3 3 2 1 2 0 3 2 4 2 0 2 1 4 4 0 0 2 1 1 2 1 2 1 0 3 1 1 
8 5 3 5 10 2 6 7 9 3 4 8 6 4 6 9 3 5 4 5 2 8 5 4 3 7 5 6 6 2 10 2 8 8 4 7 0 5 7 5 4 5 7 5 4 6 8 7 8 6 
8 7 6 4 4 4 6 8 7 7 11 4 7 0 3 4 1 5 4 3 10 5 4 7 7 6 6 4 7 8 4 5 7 6 11 8 10 5 6 9 8 12 7 10 4 6 8 9 6 10 
DEPOT_SECTION
 1
 -1
EOF
