NAME  : Parada_30_4_0.95_1.00_6
TYPE : SVRP
MODEL : FINITE_SUPPORT
NUMBER_OF_SCENARIOS : 50
DIMENSION : 30
EDGE_WEIGHT_TYPE : MATRIX
CAPACITY : 40
N_VEHICLES : 4
NODE_COORD_SECTION
1 368610 113290
2 385810 113290
3 424180 18
4 190600 235360
5 245330 71841
6 497130 184120
7 24003 68885
8 733600 173620
9 591180 38856
10 506010 40589
11 196210 40218
12 27 106290
13 651760 121130
14 670380 179250
15 475660 156750
16 179110 170790
17 579270 54537
18 142930 182190
19 163420 225890
20 623250 199330
21 508930 174210
22 156620 71868
23 653630 210160
24 744250 229510
25 429200 260180
26 263880 88432
27 532210 178240
28 246250 106640
29 249750 43355
30 576480 106580
DEMAND_SECTION
1 0.0
2 2.0
3 2.0
4 2.0
5 6.0
6 2.0
7 3.0
8 10.0
9 3.0
10 9.0
11 10.0
12 5.0
13 2.0
14 10.0
15 1.0
16 8.0
17 3.0
18 5.0
19 2.0
20 5.0
21 9.0
22 9.0
23 3.0
24 9.0
25 3.0
26 2.0
27 7.0
28 6.0
29 7.0
30 7.0
DISTANCE_MATRIX
0.0 2.23607 20.2485 57.257 58.0086 37.2022 69.4022 48.7545 25.1473 39.4588 54.4885 72.0069 38.4753 44.7466 26.0768 55.6058 38.3345 50.3289 34.4819 39.3331 37.6431 48.8365 43.5999 50.9167 46.0307 50.0605 39.715 51.1887 44.4897 43.0842 
2.23607 0.0 21.4709 57.2351 57.0088 35.3089 69.7968 50.6486 27.0414 41.3038 53.7401 72.4707 40.6495 46.9209 28.0179 56.6127 36.4403 51.225 34.4384 41.2273 35.7771 48.2701 45.4941 52.1142 44.0775 50.0386 37.8209 51.1668 44.4678 41.1901 
20.2485 21.4709 0.0 38.6019 78.2368 44.9279 51.4782 48.792 35.3436 22.561 74.5185 53.3385 29.8329 34.7131 12.7279 35.4683 50.3587 30.4138 53.2635 37.9714 45.5677 68.6222 40.9127 53.876 46.4068 40.0025 47.9483 41.1307 34.4317 53.6004 
57.257 57.2351 38.6019 0.0 112.903 45.6946 20.5913 83.7414 70.2931 46.0977 110.431 25.632 62.0967 64.2573 46.6227 27.7849 61.4003 23.4307 91.6547 72.8697 47.927 105.521 75.3878 88.8255 38.6394 17.2627 50.6952 14.3178 18.6011 60.0083 
58.0086 57.0088 78.2368 112.903 0.0 68.7095 126.127 76.0066 66.3204 95.2535 7.61577 128.822 85.9823 92.8591 81.6578 113.6 52.8867 108.231 30.2655 77.6466 67.0671 14.1421 81.3941 72.2496 80.4114 94.4562 66.0984 96.4396 90.2566 59.2284 
37.2022 35.3089 44.9279 45.6946 68.7095 0.0 66.2118 85.9113 62.3041 65.821 69.3758 71.3092 72.1471 78.1326 56.5902 66.1211 17.0294 60.075 62.9389 76.315 2.23607 67.2273 80.7568 87.1745 11.7047 29.1548 5.09902 31.7648 27.8927 14.3178 
69.4022 69.7968 51.4782 20.5913 126.127 66.2118 0.0 93.4345 80.5589 52.0096 123.562 6.08276 70.0286 70.1783 57.2713 24.7386 81.9878 25.0 103.791 82.3893 68.4471 118.057 84.0952 98.8585 58.5235 37.3363 71.1758 34.5398 39.1152 80.5295 
48.7545 50.6486 48.792 83.7414 76.0066 85.9113 93.4345 0.0 24.5547 42.2019 69.029 93.2148 24.0416 26.9258 37.1214 70.6116 82.7182 68.593 46.2709 11.0454 86.3795 62.0081 10.2956 6.40312 95.6959 89.3068 88.4233 89.8586 83.736 89.9757 
25.1473 27.0414 35.3436 70.2931 66.3204 62.3041 80.5589 24.5547 0.0 32.5576 75.5085 80.8739 19.9249 26.6833 23.6828 59.0831 63.1249 56.1421 51.4788 15.1333 62.7723 68.5023 19.464 29.0623 71.1128 73.3109 64.8161 74.4391 67.7401 67.7835 
39.4588 41.3038 22.561 46.0977 95.2535 65.821 52.0096 42.2019 32.5576 0.0 90.7947 51.2445 18.2483 18.4391 13.6015 28.4429 72.8354 27.0185 67.0904 31.3209 67.4969 84.0526 32.3883 48.0833 66.888 55.4713 70.4668 52.8598 53.8414 76.1577 
54.4885 53.7401 74.5185 110.431 7.61577 69.3758 123.562 69.029 75.5085 90.7947 0.0 126.067 80.4847 86.7595 77.361 109.986 54.4518 104.805 24.0416 71.1969 67.9117 7.07107 74.8131 65.0692 81.0893 95.0331 67.2681 104.363 97.6641 61.2046 
72.0069 72.4707 53.3385 25.632 128.822 71.3092 6.08276 93.2148 80.8739 51.2445 126.067 0.0 69.4622 69.0072 57.8705 23.0 86.7698 24.7386 106.254 82.201 73.5391 120.739 83.6002 98.8433 64.0312 42.72 76.3217 39.8497 43.8292 85.6154 
38.4753 40.6495 29.8329 62.0967 85.9823 72.1471 70.0286 24.0416 19.9249 18.2483 80.4847 69.4622 0.0 7.0 17.2047 46.6905 75.0886 45.0444 56.455 13.4164 72.787 73.4785 14.1421 30.0832 76.2386 69.8141 75.1676 70.9423 64.2433 79.6934 
44.7466 46.9209 34.7131 64.2573 92.8591 78.1326 70.1783 26.9258 26.6833 18.4391 86.7595 69.0072 7.0 0.0 22.0227 46.0109 81.3558 45.2769 62.7298 17.6918 78.7724 79.7533 16.6433 33.2866 80.982 74.37 81.153 70.8645 68.7992 85.9069 
26.0768 28.0179 12.7279 46.6227 81.6578 56.5902 57.2713 37.1214 23.6828 13.6015 77.361 57.8705 17.2047 22.0227 0.0 36.7151 60.8769 33.2415 55.5926 26.3059 57.2301 71.2131 29.1204 42.121 59.0957 52.6328 59.6107 53.761 47.062 64.846 
55.6058 56.6127 35.4683 27.7849 113.6 66.1211 24.7386 70.6116 59.0831 28.4429 109.986 23.0 46.6905 46.0109 36.7151 0.0 78.8543 6.08276 88.521 59.6657 68.1836 104.062 60.8276 76.4003 62.3939 42.45 71.1758 39.5601 39.1152 79.6304 
38.3345 36.4403 50.3587 61.4003 52.8867 17.0294 81.9878 82.7182 63.1249 72.8354 54.4518 86.7698 75.0886 81.3558 60.8769 78.8543 0.0 72.7805 49.6488 77.9351 15.0 53.0 82.2658 82.3596 28.3019 45.607 13.4164 48.0104 42.9418 7.28011 
50.3289 51.225 30.4138 23.4307 108.231 60.075 25.0 68.593 56.1421 27.0185 104.805 24.7386 45.0444 45.2769 33.2415 6.08276 72.7805 0.0 83.6301 57.5587 62.1289 99.0051 59.1354 74.1485 56.5685 37.0 65.123 34.176 33.2415 73.5527 
34.4819 34.4384 53.2635 91.6547 30.2655 62.9389 103.791 46.2709 51.4788 67.0904 24.0416 106.254 56.455 62.7298 55.5926 88.521 49.6488 83.6301 0.0 47.3814 61.4583 17.088 51.1566 43.1741 74.6324 86.102 60.988 87.0376 78.8874 56.921 
39.3331 41.2273 37.9714 72.8697 77.6466 76.315 82.3893 11.0454 15.1333 31.3209 71.1969 82.201 13.4164 17.6918 26.3059 59.6657 77.9351 57.5587 47.3814 0.0 76.7832 64.1327 4.47214 16.7631 84.2988 77.9098 78.827 79.038 72.339 82.3711 
37.6431 35.7771 45.5677 47.927 67.0671 2.23607 68.4471 86.3795 62.7723 67.4969 67.9117 73.5391 72.787 78.7724 57.2301 68.1836 15.0 62.1289 61.4583 76.7832 0.0 65.7467 81.225 87.6426 13.4164 31.3847 3.0 34.0 30.0832 12.083 
48.8365 48.2701 68.6222 105.521 14.1421 67.2273 118.057 62.0081 68.5023 84.0526 7.07107 120.739 73.4785 79.7533 71.2131 104.062 53.0 99.0051 17.088 64.1327 65.7467 0.0 67.7422 58.1378 78.9208 98.5174 65.2763 99.4531 92.7541 60.0333 
43.5999 45.4941 40.9127 75.3878 81.3941 80.7568 84.0952 10.2956 19.464 32.3883 74.8131 83.6002 14.1421 16.6433 29.1204 60.8276 82.2658 59.1354 51.1566 4.47214 81.225 67.7422 0.0 16.6433 87.2402 80.8511 83.2688 81.4937 75.2803 86.638 
50.9167 52.1142 53.876 88.8255 72.2496 87.1745 98.8585 6.40312 29.0623 48.0833 65.0692 98.8433 30.0832 33.2866 42.121 76.4003 82.3596 74.1485 43.1741 16.7631 87.6426 58.1378 16.6433 0.0 100.204 93.8144 89.6865 94.9426 88.2436 89.6171 
46.0307 44.0775 46.4068 38.6394 80.4114 11.7047 58.5235 95.6959 71.1128 66.888 81.0893 64.0312 76.2386 80.982 59.0957 62.3939 28.3019 56.5685 74.6324 84.2988 13.4164 78.9208 87.2402 100.204 0.0 21.3776 15.0 24.3311 23.3452 24.0416 
50.0605 50.0386 40.0025 17.2627 94.4562 29.1548 37.3363 89.3068 73.3109 55.4713 95.0331 42.72 69.8141 74.37 52.6328 42.45 45.607 37.0 86.102 77.9098 31.3847 98.5174 80.8511 93.8144 21.3776 0.0 34.0 3.0 8.24621 43.4166 
39.715 37.8209 47.9483 50.6952 66.0984 5.09902 71.1758 88.4233 64.8161 70.4668 67.2681 76.3217 75.1676 81.153 59.6107 71.1758 13.4164 65.123 60.988 78.827 3.0 65.2763 83.2688 89.6865 15.0 34.0 0.0 36.6742 32.9848 9.43398 
51.1887 51.1668 41.1307 14.3178 96.4396 31.7648 34.5398 89.8586 74.4391 52.8598 104.363 39.8497 70.9423 70.8645 53.761 39.5601 48.0104 34.176 87.0376 79.038 34.0 99.4531 81.4937 94.9426 24.3311 3.0 36.6742 0.0 8.06226 46.0652 
44.4897 44.4678 34.4317 18.6011 90.2566 27.8927 39.1152 83.736 67.7401 53.8414 97.6641 43.8292 64.2433 68.7992 47.062 39.1152 42.9418 33.2415 78.8874 72.339 30.0832 92.7541 75.2803 88.2436 23.3452 8.24621 32.9848 8.06226 0.0 42.0595 
43.0842 41.1901 53.6004 60.0083 59.2284 14.3178 80.5295 89.9757 67.7835 76.1577 61.2046 85.6154 79.6934 85.9069 64.846 79.6304 7.28011 73.5527 56.921 82.3711 12.083 60.0333 86.638 89.6171 24.0416 43.4166 9.43398 46.0652 42.0595 0.0 
DEMAND_SCENARIO_SECTION
0 0 0 0 0 0 0 0 0 0 0 0 0 0 0 0 0 0 0 0 0 0 0 0 0 0 0 0 0 0 0 0 0 0 0 0 0 0 0 0 0 0 0 0 0 0 0 0 0 0 
0 0 3 3 5 5 1 1 5 2 1 2 2 1 3 2 2 1 0 3 5 2 3 3 3 2 2 0 4 2 4 4 1 5 3 3 1 1 2 3 1 3 3 3 3 1 1 1 2 2 
3 2 2 2 4 1 2 3 1 2 0 3 2 1 1 0 5 4 1 4 2 1 2 7 2 3 5 2 0 4 0 2 3 4 4 2 1 0 3 3 5 0 1 4 2 3 2 1 3 0 
4 3 2 1 2 0 2 1 3 3 4 2 0 3 3 1 2 4 6 2 2 3 0 1 1 1 0 1 2 2 1 2 1 3 3 3 1 0 1 3 3 4 3 1 3 0 3 3 2 2 
7 6 5 5 3 2 11 7 8 3 4 7 7 8 2 6 8 7 5 8 3 8 2 5 7 4 8 10 2 3 6 6 3 6 5 8 6 6 8 5 7 9 9 5 1 0 3 7 6 7 
1 3 4 0 4 2 2 0 1 2 2 3 3 1 3 0 3 2 1 1 6 2 3 2 0 1 2 5 4 1 2 1 2 2 2 0 2 1 3 1 2 2 3 3 2 0 5 3 3 1 
2 5 6 3 2 5 1 3 5 5 5 2 3 5 3 4 4 4 3 3 5 2 4 5 5 4 4 3 2 6 4 5 5 3 1 4 0 0 2 0 2 4 4 6 5 3 2 5 1 2 
9 8 13 12 5 6 13 11 10 8 8 7 13 9 10 8 7 13 12 11 13 13 8 9 9 13 14 13 16 9 10 11 8 8 7 6 16 4 9 7 15 9 12 12 7 8 10 8 6 11 
4 1 4 7 4 2 2 3 5 1 2 4 3 4 5 6 3 4 2 1 1 5 2 5 2 4 4 5 4 6 2 3 1 5 1 4 4 1 2 3 3 4 4 2 1 3 3 1 2 4 
6 10 3 9 13 8 9 13 14 10 8 5 5 10 12 10 10 9 9 9 7 11 9 13 10 9 7 6 4 7 7 10 7 5 13 9 7 12 12 13 10 8 6 7 4 10 13 7 5 2 
15 10 13 10 5 13 11 4 9 6 16 5 6 6 12 10 14 6 3 11 7 6 6 16 8 5 13 14 6 10 17 10 10 11 17 11 9 13 7 15 14 11 9 18 9 10 15 10 5 8 
7 4 4 7 6 7 3 7 7 4 9 6 1 6 9 7 5 6 8 5 6 10 6 7 0 4 5 1 7 3 8 10 3 7 8 8 5 2 5 7 8 4 5 6 3 4 6 7 3 8 
4 2 2 2 3 1 3 5 3 2 1 1 0 2 5 1 3 4 2 2 3 0 1 3 3 3 0 4 0 2 1 3 1 2 2 2 1 3 2 3 3 1 2 0 0 2 3 0 1 3 
11 8 12 4 11 2 9 11 16 5 7 13 4 8 10 11 8 12 10 6 9 12 13 13 14 11 10 10 14 9 5 7 16 9 11 5 9 5 7 8 11 12 11 8 6 14 12 7 9 13 
1 2 1 2 2 1 0 0 2 2 1 2 1 2 1 1 0 0 1 0 0 1 3 0 0 1 0 1 2 0 0 2 0 2 0 0 0 2 1 2 0 1 0 1 2 2 3 1 1 2 
6 9 4 8 8 10 9 9 12 7 12 4 3 7 9 5 9 4 12 9 7 12 7 6 6 12 9 10 7 12 5 6 6 11 6 3 6 7 7 6 4 13 8 6 6 9 8 11 12 10 
6 4 2 6 3 0 3 0 6 3 3 3 1 4 4 3 3 3 1 1 0 3 5 0 1 1 3 5 4 3 4 4 7 1 4 5 2 5 2 6 5 5 1 2 6 2 3 2 3 5 
3 7 6 0 9 7 4 5 6 1 5 6 9 6 6 5 2 3 2 3 4 5 3 4 5 4 4 5 7 6 3 6 5 6 6 4 7 9 5 4 4 6 5 2 3 4 4 3 2 8 
0 4 0 1 2 2 4 0 4 2 2 1 1 1 2 0 1 1 1 4 3 1 0 3 3 0 1 3 2 2 2 3 2 3 5 1 2 2 4 1 3 3 4 1 2 2 2 3 1 3 
4 5 5 8 5 2 6 9 5 5 8 7 1 2 5 6 7 5 5 7 5 5 7 3 7 7 1 7 6 5 1 4 4 6 3 5 7 6 2 4 6 7 5 2 3 2 4 5 4 3 
5 10 10 12 9 11 14 8 6 12 9 5 8 9 14 11 10 12 9 11 9 8 3 11 9 13 10 10 7 11 14 8 13 5 9 11 12 8 8 12 8 8 6 13 11 10 9 5 5 11 
10 10 11 10 13 11 5 7 11 9 13 6 6 4 5 10 7 3 14 7 6 8 12 9 12 10 13 8 10 8 8 10 5 11 8 12 12 12 6 12 12 11 7 5 9 8 2 5 5 11 
3 3 2 4 2 2 5 0 3 1 0 5 3 2 0 5 2 5 5 5 4 1 0 2 2 3 2 2 3 5 5 5 3 1 4 3 1 4 0 3 3 3 3 4 7 2 2 3 2 2 
12 12 7 8 6 12 9 7 7 13 12 6 11 12 9 13 10 7 4 10 12 7 7 11 7 12 13 13 6 8 7 6 9 12 4 7 7 10 6 9 9 8 9 10 7 10 9 5 11 10 
3 2 2 3 2 3 1 4 5 4 3 4 0 4 4 2 2 4 2 4 3 2 3 5 5 5 7 2 1 3 5 1 3 5 5 2 3 5 0 4 4 5 0 4 3 2 0 6 3 4 
1 1 2 4 1 3 2 3 1 1 2 4 2 1 1 2 3 3 0 0 1 3 6 3 3 1 3 1 1 3 0 5 2 0 3 3 1 3 2 1 2 4 1 3 4 1 0 3 2 2 
12 9 5 8 3 7 12 9 8 7 9 4 6 7 5 10 9 11 7 14 7 5 12 6 9 4 8 4 8 9 5 12 10 3 7 10 6 7 8 7 9 3 3 4 11 5 8 1 8 9 
5 5 9 8 5 6 6 8 9 7 3 11 6 8 5 10 8 8 10 6 7 10 5 4 3 7 5 4 8 8 4 6 8 6 5 5 6 6 7 11 5 5 4 9 1 4 9 8 3 6 
8 5 6 9 9 8 6 5 3 8 10 8 3 5 10 9 5 3 5 8 6 7 7 9 7 5 5 6 8 6 11 11 6 8 4 9 3 10 5 7 5 7 7 9 6 10 7 6 5 10 
8 3 5 6 3 5 2 8 9 1 9 7 4 9 4 8 7 4 10 4 5 9 10 11 6 9 8 6 8 6 8 3 5 8 10 3 9 10 10 6 4 5 8 8 10 9 6 12 12 7 
DEPOT_SECTION
 1
 -1
EOF
