NAME  : Parada_30_4_0.95_1.00_8
TYPE : SVRP
MODEL : FINITE_SUPPORT
NUMBER_OF_SCENARIOS : 50
DIMENSION : 30
EDGE_WEIGHT_TYPE : MATRIX
CAPACITY : 36
N_VEHICLES : 4
NODE_COORD_SECTION
1 202320 390900
2 352290 500030
3 162500 179830
4 178100 240700
5 285460 301900
6 270830 336060
7 189660 244030
8 498840 266440
9 225940 102100
10 410820 147750
11 268220 195290
12 27 297490
13 374800 298120
14 358400 461660
15 211440 638280
16 279320 386150
17 332320 11424
18 208430 395740
19 81691 445720
20 138900 607490
21 328830 47199
22 28841 249690
23 345980 569540
24 458380 480440
25 254890 415360
26 297440 285560
27 332260 344340
28 211860 275610
29 192420 18
30 357240 289740
DEMAND_SECTION
1 0.0
2 9.0
3 1.0
4 5.0
5 3.0
6 7.0
7 7.0
8 8.0
9 7.0
10 8.0
11 5.0
12 2.0
13 2.0
14 3.0
15 1.0
16 8.0
17 5.0
18 1.0
19 4.0
20 1.0
21 1.0
22 8.0
23 7.0
24 2.0
25 6.0
26 8.0
27 5.0
28 8.0
29 1.0
30 6.0
DISTANCE_MATRIX
0.0 32.9888 29.0 21.4009 35.1158 26.6833 47.4386 44.4312 56.7449 53.8164 57.651 37.9119 14.1421 12.3693 47.0425 31.0662 50.3289 41.3717 34.6699 49.8197 54.4518 34.21 25.2982 50.5373 27.5146 18.4391 33.2415 42.7259 48.8467 50.6071 
32.9888 0.0 49.366 45.0111 58.0744 57.1338 65.756 79.4489 28.178 83.5243 59.9142 32.45 45.2936 28.3032 22.4722 48.756 68.8711 45.2898 17.4929 31.1448 70.924 38.5237 12.902 83.4636 57.1866 50.035 62.9969 61.4503 73.171 50.1141 
29.0 49.366 0.0 8.06226 61.7341 54.2474 74.057 54.5819 64.846 70.7692 84.2694 25.0599 23.0868 40.2244 70.615 57.6845 21.4009 70.3033 41.0 75.7694 25.4951 19.2094 60.2218 50.0899 54.133 44.7526 62.2197 69.3443 24.0208 79.5387 
21.4009 45.0111 8.06226 0.0 53.7952 45.0322 66.1181 49.302 64.306 65.4893 76.3305 26.1837 15.2971 33.121 64.9384 49.7456 29.0 62.7718 41.3038 69.5701 33.4215 21.9545 41.3604 46.0435 46.1941 36.8137 51.7405 61.4054 28.6356 72.0073 
35.1158 58.0744 61.7341 53.7952 0.0 13.6015 12.3693 33.0 83.8662 26.9258 25.4951 72.1916 43.2892 36.9374 55.3173 10.2956 82.0366 20.3961 68.5721 50.6063 87.204 68.4898 50.1024 48.9915 13.3417 18.3576 9.05539 7.61577 72.9722 31.0161 
26.6833 57.1338 54.2474 45.0322 13.6015 0.0 24.4131 24.7493 82.9256 28.5025 38.9487 63.4286 41.8977 29.2834 61.434 16.0312 68.6294 31.257 60.6601 57.5969 74.3752 59.7268 45.5034 37.0135 14.8661 8.24621 8.06702 20.5183 59.5483 42.9535 
47.4386 65.756 74.057 66.1181 12.3693 24.4131 0.0 37.9473 91.5478 26.0768 20.025 84.5145 55.6121 49.2603 61.8466 21.095 92.9667 23.3452 80.8949 55.2268 98.7124 80.8127 57.784 55.1543 25.0 30.4631 17.6918 5.0 83.9004 30.0832 
44.4312 79.4489 54.5819 49.302 33.0 24.7493 37.9473 0.0 101.114 17.2047 57.0701 75.2732 42.2321 51.1727 84.2312 40.6456 67.7422 53.1507 79.0857 82.3383 73.6817 71.2491 67.3651 17.4929 39.5628 29.582 24.0208 36.6742 55.6597 64.0078 
56.7449 28.178 64.846 64.306 83.8662 82.9256 91.5478 101.114 0.0 109.316 85.0 40.6079 68.6003 54.095 37.4833 74.5479 79.2275 70.8308 24.1661 48.6621 79.0 47.5184 38.6938 106.63 82.9785 74.4979 88.7887 87.2421 88.295 74.1687 
53.8164 83.5243 70.7692 65.4893 26.9258 28.5025 26.0768 17.2047 109.316 0.0 46.0977 90.758 58.4194 55.6739 82.0445 36.2353 84.1738 46.6154 87.2264 77.5242 90.0944 87.0562 71.8939 33.9706 37.4833 35.71 20.5183 26.9258 72.3767 55.5428 
57.651 59.9142 84.2694 76.3305 25.4951 38.9487 20.025 57.0701 85.0 46.0977 0.0 91.3128 65.8244 46.0601 50.6952 26.9072 105.283 15.2971 77.4071 41.6773 109.739 89.1244 53.1507 73.8419 31.241 41.8688 34.176 20.3961 97.634 12.8062 
37.9119 32.45 25.0599 26.1837 72.1916 63.4286 84.5145 75.2732 40.6079 90.758 91.3128 0.0 38.6574 45.469 54.9181 67.9727 39.0128 76.0192 18.2483 63.276 39.6232 7.0 44.8912 72.1508 64.4211 55.2101 70.1368 79.6325 47.8017 85.1662 
14.1421 45.2936 23.0868 15.2971 43.2892 41.8977 55.6121 42.2321 68.6003 58.4194 65.8244 38.6574 0.0 26.0192 61.131 39.2396 42.4382 52.9841 45.7053 63.3877 47.5079 34.9556 39.2938 39.184 35.688 26.3077 49.8699 50.8994 37.4433 62.2196 
12.3693 28.3032 40.2244 33.121 36.9374 29.2834 49.2603 51.1727 54.095 55.6739 46.0601 45.469 26.0192 0.0 35.3553 32.8878 61.6117 30.7666 36.3238 37.4833 65.2993 43.09 16.2788 59.2368 29.3363 21.9317 35.1465 44.5476 61.0983 40.0 
47.0425 22.4722 70.615 64.9384 55.3173 61.434 61.8466 84.2312 37.4833 82.0445 50.6952 54.9181 61.131 35.3553 0.0 46.0058 90.5399 38.833 38.8973 11.1803 93.1392 60.9953 23.7697 93.9628 46.5381 54.7814 62.1279 58.0517 93.5607 38.6005 
31.0662 48.756 57.6845 49.7456 10.2956 16.0312 21.095 40.6456 74.5479 36.2353 26.9072 67.9727 39.2396 32.8878 46.0058 0.0 78.6977 15.8114 64.5225 42.1545 83.1544 64.2709 40.784 53.0 4.47214 15.6525 16.1245 16.1245 71.5102 27.8568 
50.3289 68.8711 21.4009 29.0 82.0366 68.6294 92.9667 67.7422 79.2275 84.1738 105.283 39.0128 42.4382 61.6117 90.5399 78.6977 0.0 91.6765 57.1402 96.6946 6.0 32.0156 80.1258 58.2151 75.1461 64.9741 76.6017 89.1467 15.6525 100.912 
41.3717 45.2898 70.3033 62.7718 20.3961 31.257 23.3452 53.1507 70.8308 46.6154 15.2971 76.0192 52.9841 30.7666 38.833 15.8114 91.6765 0.0 62.7826 31.8904 95.6521 73.8308 38.0132 68.1836 19.2354 31.3847 29.1548 20.2485 89.5834 12.083 
34.6699 17.4929 41.0 41.3038 68.5721 60.6601 80.8949 79.0857 24.1661 87.2264 77.4071 18.2483 45.7053 36.3238 38.8973 64.5225 57.1402 62.7826 0.0 48.4149 57.8705 25.1794 30.3949 83.6297 60.9709 52.4786 66.7811 76.1822 64.7765 67.607 
49.8197 31.1448 75.7694 69.5701 50.6063 57.5969 55.2268 82.3383 48.6621 77.5242 41.6773 63.276 63.3877 37.4833 11.1803 42.1545 96.6946 31.8904 48.4149 0.0 99.9256 69.3308 30.2324 93.3809 42.8107 53.7587 58.1808 52.0096 98.0816 29.0689 
54.4518 70.924 25.4951 33.4215 87.204 74.3752 98.7124 73.6817 79.0 90.0944 109.739 39.6232 47.5079 65.2993 93.1392 83.1544 6.0 95.6521 57.8705 99.9256 0.0 32.7567 82.746 64.195 79.6028 70.2224 82.3474 94.8924 21.1896 104.887 
34.21 38.5237 19.2094 21.9545 68.4898 59.7268 80.8127 71.2491 47.5184 87.0562 89.1244 7.0 34.9556 43.09 60.9953 64.2709 32.0156 73.8308 25.1794 69.3308 32.7567 0.0 50.946 67.9559 60.7193 51.5083 66.435 75.9306 41.1096 83.0662 
25.2982 12.902 60.2218 41.3604 50.1024 45.5034 57.784 67.3651 38.6938 71.8939 53.1507 44.8912 39.2938 16.2788 23.7697 40.784 80.1258 38.0132 30.3949 30.2324 82.746 50.946 0.0 74.686 45.5562 38.2099 51.3664 53.4783 69.9822 44.643 
50.5373 83.4636 50.0899 46.0435 48.9915 37.0135 55.1543 17.4929 106.63 33.9706 73.8419 72.1508 39.184 59.2368 93.9628 53.0 58.2151 68.1836 83.6297 93.3809 64.195 67.9559 74.686 0.0 51.1566 39.6232 42.6836 53.4886 44.0454 79.6304 
27.5146 57.1866 54.133 46.1941 13.3417 14.8661 25.0 39.5628 82.9785 37.4833 31.241 64.4211 35.688 29.3363 46.5381 4.47214 75.1461 19.2354 60.9709 42.8107 79.6028 60.7193 45.5562 51.1566 0.0 12.3693 16.9706 20.0 67.9728 31.305 
18.4391 50.035 44.7526 36.8137 18.3576 8.24621 30.4631 29.582 74.4979 35.71 41.8688 55.2101 26.3077 21.9317 54.7814 15.6525 64.9741 31.3847 52.4786 53.7587 70.2224 51.5083 38.2099 39.6232 12.3693 0.0 15.2745 25.9422 55.9097 43.4626 
33.2415 62.9969 62.2197 51.7405 9.05539 8.06702 17.6918 24.0208 88.7887 20.5183 34.176 70.1368 49.8699 35.1465 62.1279 16.1245 76.6017 29.1548 66.7811 58.1808 82.3474 66.435 51.3664 42.6836 16.9706 15.2745 0.0 14.4222 67.5354 40.05 
42.7259 61.4503 69.3443 61.4054 7.61577 20.5183 5.0 36.6742 87.2421 26.9258 20.3961 79.6325 50.8994 44.5476 58.0517 16.1245 89.1467 20.2485 76.1822 52.0096 94.8924 75.9306 53.4783 53.4886 20.0 25.9422 14.4222 0.0 80.0822 28.6356 
48.8467 73.171 24.0208 28.6356 72.9722 59.5483 83.9004 55.6597 88.295 72.3767 97.634 47.8017 37.4433 61.0983 93.5607 71.5102 15.6525 89.5834 64.7765 98.0816 21.1896 41.1096 69.9822 44.0454 67.9728 55.9097 67.5354 80.0822 0.0 98.8188 
50.6071 50.1141 79.5387 72.0073 31.0161 42.9535 30.0832 64.0078 74.1687 55.5428 12.8062 85.1662 62.2196 40.0 38.6005 27.8568 100.912 12.083 67.607 29.0689 104.887 83.0662 44.643 79.6304 31.305 43.4626 40.05 28.6356 98.8188 0.0 
DEMAND_SCENARIO_SECTION
0 0 0 0 0 0 0 0 0 0 0 0 0 0 0 0 0 0 0 0 0 0 0 0 0 0 0 0 0 0 0 0 0 0 0 0 0 0 0 0 0 0 0 0 0 0 0 0 0 0 
9 14 12 5 6 12 9 6 9 9 4 6 13 8 8 11 12 5 10 13 10 11 9 9 4 6 10 6 13 9 2 7 12 8 10 9 9 12 15 12 8 13 6 8 7 9 9 11 3 12 
1 2 3 0 2 1 2 1 1 1 2 1 1 2 1 2 1 2 2 1 1 0 1 1 2 0 1 0 2 1 2 1 1 1 1 1 0 2 1 2 0 2 1 3 1 2 0 3 0 0 
3 3 4 4 6 9 3 5 8 7 6 6 2 8 1 2 5 7 4 5 4 5 4 6 5 5 6 3 3 10 0 5 8 4 5 7 3 4 6 7 9 3 6 3 5 5 4 7 5 7 
3 2 6 4 2 0 4 3 4 0 5 5 3 0 5 3 1 3 4 3 5 2 0 1 5 2 5 2 5 1 3 0 3 5 1 8 5 1 2 5 3 4 1 4 3 1 5 4 3 4 
5 5 5 9 5 6 5 9 6 8 4 7 7 11 11 4 6 8 4 7 3 4 11 7 5 4 7 7 6 9 3 9 8 6 5 11 4 3 11 7 8 8 6 12 8 6 8 8 6 0 
2 4 9 11 10 7 7 10 5 5 6 7 6 6 6 5 7 5 7 6 10 9 1 10 10 11 8 3 5 5 5 10 6 8 5 3 9 3 7 13 6 5 11 7 9 9 6 9 11 9 
7 10 7 11 12 12 11 8 7 8 12 10 7 4 8 15 8 12 5 10 8 6 7 10 3 10 9 7 8 5 7 7 11 8 7 10 10 2 3 8 12 8 6 11 6 8 11 11 8 11 
11 11 7 2 3 8 7 6 4 4 6 9 9 9 4 6 12 8 5 4 4 7 8 4 6 5 5 9 9 9 8 3 5 1 9 4 7 7 8 8 4 9 7 4 8 7 5 1 8 7 
6 6 10 8 5 3 9 2 8 9 10 0 4 7 12 10 11 6 6 7 2 8 11 10 10 7 8 7 10 2 12 9 10 14 7 12 14 7 6 9 7 8 9 8 9 9 11 11 7 8 
8 2 8 9 2 4 7 3 4 4 4 9 5 5 7 7 5 3 0 5 4 9 6 3 3 1 8 5 5 3 7 6 7 1 4 3 6 6 6 1 3 5 4 3 6 2 3 5 4 4 
2 2 1 2 1 0 4 4 4 3 2 4 3 1 1 2 2 0 5 3 0 2 1 1 2 1 2 3 0 3 2 2 1 3 1 5 3 2 1 4 2 2 2 1 1 2 2 3 2 4 
0 0 3 4 3 2 0 5 1 1 3 2 0 0 1 3 0 2 4 2 1 2 1 1 1 3 2 2 3 5 2 3 0 1 0 3 2 0 2 4 2 2 3 2 5 2 1 2 0 3 
3 2 1 3 3 1 4 4 4 5 2 2 4 5 0 2 4 1 3 3 4 4 4 3 3 2 0 2 4 1 1 1 4 4 8 2 3 1 2 1 6 3 2 1 3 3 4 3 3 2 
1 1 1 2 0 2 1 0 3 2 3 0 0 0 2 0 0 2 2 1 1 0 1 1 2 0 0 1 1 0 1 1 0 1 1 1 2 1 2 1 1 0 2 0 0 1 1 1 1 1 
4 10 4 9 9 9 11 9 7 8 3 11 6 5 13 9 11 9 11 8 13 9 7 6 7 8 8 10 5 8 11 8 11 12 12 12 5 10 9 11 12 10 9 9 9 1 7 11 2 9 
9 6 0 2 9 5 5 2 2 3 5 8 7 7 6 2 4 4 4 1 1 7 2 5 6 8 3 4 7 5 0 6 3 4 11 7 5 5 10 2 6 6 2 6 7 9 5 10 2 3 
0 1 2 3 1 1 2 0 2 2 0 0 2 0 0 1 3 1 1 0 0 1 0 0 4 1 1 1 0 1 1 2 1 1 0 0 1 1 0 0 2 0 1 2 2 3 0 1 2 0 
3 4 4 2 1 8 0 3 5 7 7 4 4 3 6 5 4 5 6 7 4 5 1 2 4 3 6 2 5 5 2 6 2 3 4 4 4 4 2 4 3 4 4 6 5 6 5 4 7 5 
1 0 3 1 0 3 0 1 0 0 1 0 3 0 3 1 1 1 1 1 0 1 0 0 0 0 0 1 0 3 1 1 0 0 1 1 0 2 4 1 2 1 2 0 0 0 1 1 0 1 
1 1 0 1 2 1 0 2 2 3 0 2 0 0 1 0 1 1 2 0 1 3 0 1 1 2 1 0 0 2 3 0 1 1 1 1 0 0 0 3 1 2 0 2 0 1 0 1 0 0 
10 5 7 13 9 6 7 9 9 4 9 9 7 13 13 6 9 6 6 8 6 10 8 12 7 8 9 8 10 10 7 4 6 8 8 6 4 5 7 7 11 4 9 8 6 11 8 8 7 7 
6 6 8 7 8 1 8 6 6 4 5 8 7 7 8 7 4 8 8 4 9 5 7 10 4 10 5 10 5 9 7 9 5 6 6 10 10 8 8 6 7 8 11 6 7 7 8 5 8 7 
5 2 3 1 3 1 1 0 1 2 0 0 3 3 1 2 4 1 5 3 0 2 0 3 0 0 2 1 0 3 1 3 2 1 3 3 1 1 2 1 3 3 0 1 1 3 3 2 3 2 
8 11 3 6 7 6 5 4 7 8 6 7 11 12 6 3 4 3 3 4 9 6 5 10 7 7 8 8 5 6 10 6 5 8 12 3 4 4 4 6 5 6 9 4 7 9 7 4 5 7 
10 8 10 4 11 9 12 10 11 6 6 9 4 2 8 3 2 13 7 0 7 7 10 12 11 9 9 8 10 5 12 7 5 7 8 5 8 20 6 11 6 6 4 11 8 12 11 6 11 5 
5 9 10 6 8 8 3 5 5 6 5 5 6 8 4 4 4 6 6 2 7 3 5 6 6 9 5 6 6 0 8 4 7 5 5 3 7 3 6 5 4 3 1 3 4 6 7 4 7 6 
6 10 10 8 11 9 6 13 1 9 12 10 9 0 8 9 5 8 7 12 12 6 8 7 9 12 11 9 14 6 6 4 4 4 13 6 13 1 11 9 5 6 10 8 8 5 9 3 5 3 
2 0 1 2 2 3 1 0 0 1 0 1 2 1 1 3 1 2 0 1 1 2 0 1 1 1 2 1 2 1 2 2 2 1 1 4 1 2 0 2 1 1 0 1 0 3 0 3 2 0 
7 5 6 7 6 8 8 4 10 5 10 7 8 5 7 2 9 5 7 5 8 8 8 8 4 3 8 7 4 5 6 4 3 9 4 6 6 5 7 5 6 5 6 6 0 3 7 7 5 6 
DEPOT_SECTION
 1
 -1
EOF
