NAME  : Parada_30_4_0.95_1.00_0
TYPE : SVRP
MODEL : FINITE_SUPPORT
NUMBER_OF_SCENARIOS : 50
DIMENSION : 30
EDGE_WEIGHT_TYPE : MATRIX
CAPACITY : 40
N_VEHICLES : 4
NODE_COORD_SECTION
1 70225 146530
2 416110 184410
3 180270 3566
4 35159 378800
5 622730 121030
6 598910 126580
7 100060 18
8 110940 104510
9 11622 44901
10 218130 38613
11 54186 89804
12 117600 298670
13 199570 219910
14 469990 232200
15 136360 390370
16 159000 154620
17 403600 5769
18 38211 116060
19 27 304670
20 164800 311760
21 357220 204810
22 344030 198140
23 173010 341350
24 284270 402680
25 136350 189550
26 496190 36164
27 281220 277760
28 227450 302580
29 109120 150120
30 542710 92356
DEMAND_SECTION
1 0.0
2 5.0
3 5.0
4 4.0
5 8.0
6 10.0
7 5.0
8 3.0
9 1.0
10 5.0
11 8.0
12 5.0
13 2.0
14 4.0
15 7.0
16 4.0
17 3.0
18 10.0
19 2.0
20 8.0
21 9.0
22 6.0
23 8.0
24 3.0
25 6.0
26 2.0
27 3.0
28 10.0
29 1.0
30 6.0
DISTANCE_MATRIX
0.0 27.0185 41.0488 36.6879 54.0833 51.0392 59.6028 17.8045 32.45 70.3614 24.5153 35.3861 17.6945 38.1182 23.0868 55.0323 76.6094 24.6982 37.6811 55.2268 34.176 35.7351 31.0644 60.8769 58.3324 36.7151 46.5091 47.2469 56.7038 46.5188 
27.0185 0.0 68.0074 51.9897 35.8469 33.541 37.8021 42.2019 56.6127 59.5392 51.1566 58.6003 42.0595 11.7047 33.2422 43.8313 94.9116 50.636 42.3657 72.9823 12.083 12.2066 52.0559 77.7421 48.3456 19.6469 72.5672 71.8679 46.5084 25.807 
41.0488 68.0074 0.0 44.5982 92.0136 88.8529 95.5092 28.4605 21.2603 88.6172 17.2627 30.0167 31.305 79.1581 52.0 83.6795 60.1332 19.3132 58.3095 46.5725 73.6817 75.5381 36.8782 62.6498 76.6428 75.6902 16.2788 27.0185 86.3566 85.8662 
36.6879 51.9897 44.5982 0.0 85.8546 83.1201 61.131 24.1868 23.3452 44.6542 32.6956 61.9249 52.9449 63.58 22.3979 38.0852 43.4166 28.6356 20.2237 21.6333 49.3005 51.5325 65.5569 24.3311 33.8378 68.2627 59.0762 66.6408 31.5554 76.6393 
54.0833 35.8469 92.0136 85.8546 0.0 3.16228 61.2046 71.8471 86.5332 91.9837 77.8016 71.2531 60.7455 27.8927 67.1071 76.4003 128.701 78.4149 75.5376 106.794 43.9659 42.45 62.1289 108.663 80.9628 17.6918 90.4268 85.1469 79.1256 10.4403 
51.0392 33.541 88.8529 83.1201 3.16228 0.0 60.531 68.8186 83.4865 90.4268 74.7108 68.1836 57.5848 26.3059 64.3727 74.7329 125.897 75.3302 73.677 104.005 42.2019 40.7922 59.0762 105.929 79.3257 14.8661 87.2983 82.0975 77.8197 9.0 
59.6028 37.8021 95.5092 61.131 61.2046 60.531 0.0 67.0522 78.095 37.6431 78.4347 94.0265 76.6466 36.0555 43.9318 27.2947 99.947 76.243 41.0122 80.6463 26.1725 25.6125 87.981 70.7743 32.6497 52.2015 104.514 106.667 31.4717 51.6236 
17.8045 42.2019 28.4605 24.1868 71.8471 68.8186 67.0522 0.0 14.7648 63.7004 11.6619 39.6918 32.5579 53.8516 23.7065 57.0151 59.6825 9.21954 31.5113 39.0 46.0109 48.0 43.3238 48.0104 52.1626 54.3783 39.0512 44.6176 59.6922 64.0078 
32.45 56.6127 21.2603 23.3452 86.5332 83.4865 78.095 14.7648 0.0 67.624 13.3417 42.0119 36.4262 68.3081 34.2345 60.0043 47.5395 9.84886 38.6264 29.0689 59.4549 61.448 45.657 42.72 55.8281 69.1158 36.2353 44.9222 66.935 78.7718 
70.3614 59.5392 88.6172 44.6542 91.9837 90.4268 37.6431 63.7004 67.624 0.0 74.4592 104.918 87.2261 64.1327 53.2865 16.0 71.0282 70.7747 39.0161 56.5155 48.3735 49.6488 100.662 41.0122 14.8661 78.2304 101.919 108.143 20.8806 81.5843 
24.5153 51.1566 17.2627 32.6956 77.8016 74.7108 78.4347 11.6619 13.3417 74.4592 0.0 29.2801 23.6813 62.514 35.3553 68.3105 60.7454 4.12311 42.8067 42.2966 56.4358 58.3095 32.9121 54.7449 62.4302 60.6634 27.5862 34.0 70.9876 70.6263 
35.3861 58.6003 30.0167 61.9249 71.2531 68.1836 94.0265 39.6918 42.0119 104.918 29.2801 0.0 17.6918 67.4903 58.1897 90.2721 88.0738 33.4018 72.2374 71.0634 68.2642 69.4622 9.21954 83.9839 92.8887 58.3095 20.5913 14.0357 92.0849 68.1175 
17.6945 42.0595 31.305 52.9449 60.7455 57.5848 76.6466 32.5579 36.4262 87.2261 23.6813 17.6918 0.0 51.788 40.4981 72.5806 83.162 27.803 54.5458 65.493 51.0 52.3259 14.5602 77.2359 75.1971 45.482 31.0644 29.9666 74.3934 55.6775 
38.1182 11.7047 79.1581 63.58 27.8927 26.3059 36.0555 53.8516 68.3081 64.1327 62.514 67.4903 51.788 0.0 42.5867 48.5077 106.502 62.1691 47.8849 84.5726 16.1555 14.5602 60.1153 83.2613 53.0736 16.1555 82.7345 81.0432 51.2363 17.4642 
23.0868 33.2422 52.0 22.3979 67.1071 64.3727 43.9318 23.7065 34.2345 53.2865 35.3553 58.1897 40.4981 42.5867 0.0 46.1099 65.795 32.6956 20.6062 43.9443 26.9258 29.1548 53.934 44.7912 41.2574 49.5152 62.426 67.7302 48.787 57.8918 
55.0323 43.8313 83.6795 38.0852 76.4003 74.7329 27.2947 57.0151 60.0043 16.0 68.3105 90.2721 72.5806 48.5077 46.1099 0.0 73.2462 64.9685 25.6336 55.0818 32.6799 33.9559 86.0164 43.6578 5.38516 62.5264 95.8938 101.628 7.2111 65.9697 
76.6094 94.9116 60.1332 43.4166 128.701 125.897 99.947 59.6825 47.5395 71.0282 60.7454 88.0738 83.162 106.502 65.795 73.2462 0.0 57.3847 61.7738 21.9317 92.6976 94.9295 92.3928 30.1496 67.9117 111.036 76.0066 87.1436 68.6222 119.561 
24.6982 50.636 19.3132 28.6356 78.4149 75.3302 76.243 9.21954 9.84886 70.7747 4.12311 33.4018 27.803 62.1691 32.6956 64.9685 57.3847 0.0 39.4648 38.4708 55.0818 57.0351 37.0338 50.636 58.7456 61.2699 31.1448 38.0132 67.6456 71.1758 
37.6811 42.3657 58.3095 20.2237 75.5376 73.677 41.0122 31.5113 38.6264 39.0161 42.8067 72.2374 54.5458 47.8849 20.6062 25.6336 61.7738 39.4648 0.0 40.8534 31.8749 33.8326 67.9817 36.1248 26.9871 66.8866 70.3901 76.1244 28.3107 65.1105 
55.2268 72.9823 46.5725 21.6333 106.794 104.005 80.6463 39.0 29.0689 56.5155 42.2966 71.0634 65.493 84.5726 43.9443 55.0818 21.9317 38.4708 40.8534 0.0 70.8469 73.0789 74.7238 18.4391 50.01 89.1403 62.8172 72.8354 49.4975 97.632 
34.176 12.083 73.6817 49.3005 43.9659 42.2019 26.1725 46.0109 59.4549 48.3735 56.4358 68.2642 51.0 16.1555 26.9258 32.6799 92.6976 55.0818 31.8749 70.8469 0.0 2.23607 62.0828 67.2513 37.1942 30.0 80.4502 80.9506 35.3569 33.5261 
35.7351 12.2066 75.5381 51.5325 42.45 40.7922 25.6125 48.0 61.448 49.6488 58.3095 69.4622 52.3259 14.5602 29.1548 33.9559 94.9295 57.0351 33.8326 73.0789 2.23607 0.0 63.151 69.209 38.5351 29.0689 81.956 82.2922 36.6979 32.0156 
31.0644 52.0559 36.8782 65.5569 62.1289 59.0762 87.981 43.3238 45.657 100.662 32.9121 9.21954 14.5602 60.1153 53.934 86.0164 92.3928 37.0338 67.9817 74.7238 62.0828 63.151 0.0 87.6159 88.633 49.6488 29.5466 23.0217 87.8292 59.3043 
60.8769 77.7421 62.6498 24.3311 108.663 105.929 70.7743 48.0104 42.72 41.0122 54.7449 83.9839 77.2359 83.2613 44.7912 43.6578 30.1496 50.636 36.1248 18.4391 67.2513 69.209 87.6159 0.0 38.2753 91.0716 78.5493 87.6413 39.8246 100.487 
58.3324 48.3456 76.6428 33.8378 80.9628 79.3257 32.6497 52.1626 55.8281 14.8661 62.4302 92.8887 75.1971 53.0736 41.2574 5.38516 67.9117 58.7456 26.9871 50.01 37.1942 38.5351 88.633 38.2753 0.0 67.0408 89.89 96.7756 6.08276 70.5378 
36.7151 19.6469 75.6902 68.2627 17.6918 14.8661 52.2015 54.3783 69.1158 78.2304 60.6634 58.3095 45.482 16.1555 49.5152 62.5264 111.036 61.2699 66.8866 89.1403 30.0 29.0689 49.6488 91.0716 67.0408 0.0 76.1052 72.3395 65.2035 10.198 
46.5091 72.5672 16.2788 59.0762 90.4268 87.2983 104.514 39.0512 36.2353 101.919 27.5862 20.5913 31.0644 82.7345 62.426 95.8938 76.0066 31.1448 70.3901 62.8172 80.4502 81.956 29.5466 78.5493 89.89 76.1052 0.0 11.7047 98.5709 86.209 
47.2469 71.8679 27.0185 66.6408 85.1469 82.0975 106.667 44.6176 44.9222 108.143 34.0 14.0357 29.9666 81.0432 67.7302 101.628 87.1436 38.0132 76.1244 72.8354 80.9506 82.2922 23.0217 87.6413 96.7756 72.3395 11.7047 0.0 104.305 82.1523 
56.7038 46.5084 86.3566 31.5554 79.1256 77.8197 31.4717 59.6922 66.935 20.8806 70.9876 92.0849 74.3934 51.2363 48.787 7.2111 68.6222 67.6456 28.3107 49.4975 35.3569 36.6979 87.8292 39.8246 6.08276 65.2035 98.5709 104.305 0.0 68.7005 
46.5188 25.807 85.8662 76.6393 10.4403 9.0 51.6236 64.0078 78.7718 81.5843 70.6263 68.1175 55.6775 17.4642 57.8918 65.9697 119.561 71.1758 65.1105 97.632 33.5261 32.0156 59.3043 100.487 70.5378 10.198 86.209 82.1523 68.7005 0.0 
DEMAND_SCENARIO_SECTION
0 0 0 0 0 0 0 0 0 0 0 0 0 0 0 0 0 0 0 0 0 0 0 0 0 0 0 0 0 0 0 0 0 0 0 0 0 0 0 0 0 0 0 0 0 0 0 0 0 0 
4 2 4 2 2 8 2 6 8 5 5 8 4 7 8 3 4 4 4 8 8 4 10 6 3 7 6 4 3 2 7 5 5 9 4 6 6 1 8 9 3 9 5 4 3 7 0 0 9 5 
4 5 3 5 0 4 7 7 0 4 6 7 5 5 7 3 4 7 7 6 5 2 7 4 2 5 5 2 5 9 3 4 4 5 5 4 3 4 4 5 8 5 4 6 1 0 3 5 2 6 
3 7 7 5 2 2 0 6 5 3 4 2 2 4 8 2 3 6 5 8 3 2 8 2 3 4 7 0 6 6 3 6 6 9 2 3 4 5 7 6 3 8 5 4 5 1 0 3 2 3 
2 8 13 13 12 4 8 7 9 13 11 10 8 5 4 8 7 12 7 10 9 5 13 6 6 8 7 12 8 9 7 14 8 4 12 12 8 6 8 9 7 5 8 10 7 10 9 4 8 10 
14 9 7 14 13 9 10 14 13 3 11 6 10 9 4 13 9 7 11 13 6 12 14 14 7 10 12 11 14 11 6 11 6 5 8 15 15 12 16 7 10 17 10 4 8 12 9 12 10 16 
7 5 3 5 6 5 3 2 9 6 7 7 3 5 4 7 7 3 5 3 7 5 4 7 6 6 6 4 4 7 8 5 4 4 1 3 0 7 6 8 2 4 5 5 3 2 1 3 5 5 
3 4 4 2 1 3 0 3 4 0 4 4 2 3 2 4 3 3 4 2 2 0 2 4 0 2 3 0 4 6 2 4 5 2 2 1 2 6 2 5 2 6 1 2 3 5 2 0 5 3 
1 2 1 2 2 1 0 1 3 2 0 2 1 3 0 3 1 2 2 0 1 1 1 0 1 0 2 1 2 1 1 1 1 2 1 3 0 0 2 2 1 2 3 1 0 1 1 1 1 1 
0 6 6 6 3 6 3 5 7 5 1 2 6 2 4 3 1 4 4 3 3 4 2 4 2 7 4 6 3 8 6 8 6 0 5 10 4 5 6 2 2 6 8 5 4 5 8 3 8 5 
9 7 4 10 7 8 8 10 9 7 5 13 11 7 3 7 7 10 9 8 6 5 10 11 8 10 9 7 3 7 13 3 12 4 11 9 9 11 10 7 8 8 6 8 5 6 9 3 7 9 
4 3 4 4 3 5 5 2 4 7 7 7 6 5 3 2 4 4 5 4 4 4 3 4 4 3 10 2 2 4 5 6 8 6 4 8 7 7 5 6 8 5 6 6 8 5 3 8 8 6 
3 2 1 4 2 2 3 1 1 2 1 3 3 4 2 2 4 4 4 2 1 3 2 3 2 1 2 3 2 1 3 3 2 4 3 0 0 0 1 1 2 2 3 3 2 1 0 1 2 0 
3 6 4 1 4 1 3 4 7 2 5 5 6 2 2 4 1 5 3 4 8 3 4 7 7 5 7 4 6 9 5 3 5 4 1 3 0 1 3 3 2 2 8 4 2 7 2 2 4 6 
8 11 2 5 4 9 8 5 10 9 9 10 4 2 9 3 10 8 9 9 11 4 9 5 8 6 5 4 12 7 5 4 8 7 6 7 9 6 3 2 11 7 7 9 10 8 8 3 4 10 
5 3 3 5 4 7 0 3 6 3 4 4 3 6 3 5 3 1 10 5 3 6 4 5 4 5 2 2 6 3 4 3 4 2 6 6 5 4 5 4 2 6 6 4 3 4 4 4 4 3 
0 4 0 4 4 1 4 1 4 2 0 2 0 5 1 1 4 0 2 2 3 7 3 2 1 2 5 3 3 5 3 4 3 1 3 4 4 1 5 4 6 2 4 1 2 3 5 3 2 5 
19 10 6 6 15 8 6 16 11 14 9 16 8 8 5 11 8 0 7 10 10 10 9 5 9 7 10 10 8 14 13 9 13 14 13 11 7 13 10 14 10 6 17 15 7 9 9 12 14 6 
2 2 2 2 1 2 3 2 5 0 3 3 3 1 3 0 3 4 0 0 0 1 2 1 3 0 1 0 3 2 0 3 3 4 5 3 2 4 1 0 0 2 3 4 2 0 3 2 4 3 
4 6 10 8 13 8 11 11 11 8 11 11 6 10 7 6 8 2 10 6 12 6 14 5 11 6 8 7 6 1 7 9 8 8 4 0 8 11 12 8 9 8 9 12 5 8 11 4 3 8 
10 8 13 9 11 9 12 2 12 6 6 8 7 11 7 12 5 4 7 6 6 7 11 5 5 4 5 10 14 7 13 12 9 13 11 6 8 5 6 4 10 9 10 10 6 12 8 6 11 8 
6 2 9 9 4 6 3 6 7 6 8 6 6 12 0 9 6 7 2 10 10 11 6 8 6 7 3 6 7 4 7 5 5 0 1 7 7 3 8 4 5 5 8 7 5 6 7 8 4 5 
6 5 11 4 7 9 10 10 10 3 5 8 7 3 8 8 9 6 5 6 4 10 7 12 6 11 7 6 7 3 8 7 13 8 13 0 9 8 10 7 5 4 6 4 5 10 11 12 8 6 
4 4 5 0 2 4 8 2 5 4 5 3 2 4 6 2 3 2 1 3 5 3 1 1 4 4 5 5 2 3 2 2 3 4 4 0 1 5 6 1 1 3 3 5 4 5 6 2 3 0 
5 7 5 4 10 3 7 7 8 8 1 6 9 7 9 6 5 8 6 1 12 8 7 7 11 9 7 10 8 3 10 7 7 8 6 5 9 6 8 6 5 10 7 6 9 6 7 7 2 3 
0 2 3 2 1 5 2 2 3 2 1 2 2 2 0 1 0 4 1 3 3 3 3 1 2 1 1 1 1 1 5 1 2 3 3 1 2 1 1 5 4 0 2 4 6 0 3 1 5 4 
3 3 2 2 3 2 2 2 2 2 4 5 4 4 2 4 4 5 4 2 5 0 4 1 0 3 3 1 5 5 3 1 7 3 3 5 6 4 3 3 2 6 0 3 4 5 3 2 2 2 
9 6 10 13 13 9 12 17 8 8 3 9 12 8 11 10 15 9 8 9 6 13 9 13 12 10 2 10 8 11 7 11 12 7 8 9 10 11 11 10 12 10 14 13 2 12 8 11 13 19 
2 1 1 2 1 2 1 2 0 0 1 1 2 1 0 1 0 2 1 1 2 1 1 3 1 0 0 1 1 1 1 0 2 1 1 1 0 1 0 0 0 2 1 2 0 1 1 2 0 2 
6 4 2 3 4 8 5 8 7 8 11 10 6 6 4 6 1 5 7 8 5 0 7 4 5 5 12 2 8 5 5 6 9 5 3 4 4 2 7 2 6 9 4 5 3 6 10 9 7 3 
DEPOT_SECTION
 1
 -1
EOF
