NAME  : Parada_30_5_0.95_1.00_8
TYPE : SVRP
MODEL : FINITE_SUPPORT
NUMBER_OF_SCENARIOS : 50
DIMENSION : 30
EDGE_WEIGHT_TYPE : MATRIX
CAPACITY : 37
N_VEHICLES : 5
NODE_COORD_SECTION
1 246400 223560
2 259710 220640
3 226220 444880
4 72069 616310
5 307040 294700
6 228230 484090
7 177060 169960
8 435520 324130
9 166160 215610
10 74699 369960
11 259650 220610
12 32840 508880
13 288380 223030
14 365410 350840
15 184770 540980
16 330110 18
17 381110 67260
18 75851 168030
19 17640 393220
20 27 591450
21 45508 358560
22 153420 245690
23 186040 272480
24 344860 479740
25 122490 640310
26 121940 101620
27 232940 514030
28 75186 431780
29 287170 102680
30 330810 120630
DEMAND_SECTION
1 0.0
2 2.0
3 2.0
4 9.0
5 7.0
6 1.0
7 6.0
8 10.0
9 4.0
10 3.0
11 7.0
12 7.0
13 7.0
14 3.0
15 4.0
16 9.0
17 5.0
18 1.0
19 10.0
20 10.0
21 6.0
22 8.0
23 5.0
24 10.0
25 3.0
26 9.0
27 9.0
28 10.0
29 6.0
30 6.0
DISTANCE_MATRIX
0.0 2.0 33.3835 56.8595 19.2354 37.9924 13.0554 48.7685 20.3961 50.2963 2.0 58.1261 5.83095 20.3961 45.8633 53.7671 46.0435 58.5749 46.7614 55.0364 39.4628 15.0 14.3178 48.5333 58.7963 51.1337 41.1183 46.1881 29.9301 34.9938 
2.0 0.0 32.1449 58.5235 19.6469 36.7538 13.4868 49.6239 22.3607 50.7277 0.0 56.8875 4.24264 18.4391 44.6246 51.9162 48.0416 59.4518 47.1929 53.2259 40.4199 17.0 16.1555 49.3887 60.3075 52.0106 39.8797 46.6196 30.807 35.8707 
33.3835 32.1449 0.0 89.6279 51.4987 5.09902 45.3007 33.401 51.8311 75.9002 32.1449 29.0 33.1408 24.0416 16.2788 63.6318 64.1015 55.16 72.3654 37.2156 72.5018 45.7758 46.8361 18.1374 92.0268 51.3517 10.0 69.6431 35.9026 43.1741 
56.8595 58.5235 89.6279 0.0 45.8803 90.4155 55.4296 87.2353 38.8973 54.1295 58.5235 114.371 59.5399 76.0592 102.108 92.0869 34.0147 74.3303 49.2544 111.508 41.1947 45.2548 42.8019 88.7196 7.61577 65.6201 97.3627 61.5224 56.7979 52.2015 
19.2354 19.6469 51.4987 45.8803 0.0 56.1077 14.198 67.7927 22.6716 35.5625 19.6469 76.2359 18.6833 34.8962 63.9785 48.8365 47.8539 72.6811 28.3934 70.406 23.4101 22.4722 16.4012 66.2453 45.6654 63.6082 59.2335 39.3498 47.1247 45.4291 
37.9924 36.7538 5.09902 90.4155 56.1077 0.0 49.9096 28.3019 57.6594 80.5133 36.7538 25.0 37.7497 28.6356 12.53 67.5352 67.082 54.9181 76.9785 37.108 77.1108 50.3847 51.445 13.0384 96.6357 52.0096 5.83095 74.2562 38.2753 45.5412 
13.0554 13.4868 45.3007 55.4296 14.198 49.9096 0.0 61.7059 23.6469 45.2409 13.4868 70.0379 12.4853 28.6982 57.7805 53.7695 50.3249 71.4518 41.706 64.208 35.2673 20.6433 16.3693 60.7795 56.4309 64.0106 53.0355 41.1327 42.807 44.8962 
48.7685 49.6239 33.401 87.2353 67.7927 28.3019 61.7059 0.0 54.9752 98.9468 49.6239 44.0 53.7068 56.9791 36.1386 96.6817 57.6281 30.4138 92.4121 64.622 87.4287 56.3115 61.1617 15.2643 92.477 31.305 31.3847 94.8386 30.4631 35.5106 
20.3961 22.3607 51.8311 38.8973 22.6716 57.6594 23.6469 54.9752 0.0 47.1431 22.3607 76.5737 25.02 40.7922 64.3109 69.2892 26.6833 50.2874 39.974 75.0267 34.9285 6.40312 7.28011 55.9636 42.4382 41.2145 59.5659 50.9305 24.731 23.0355 
50.2963 50.7277 75.9002 54.1295 35.5625 80.5133 45.2409 98.9468 47.1431 0.0 50.7277 95.6073 49.7262 51.8788 85.5797 41.7852 68.7677 97.4016 7.2111 79.3221 13.8924 49.3792 43.143 98.0204 50.1597 88.3287 82.7186 8.544 71.8452 70.1496 
2.0 0.0 32.1449 58.5235 19.6469 36.7538 13.4868 49.6239 22.3607 50.7277 0.0 56.8875 4.24264 18.4391 44.6246 51.9162 48.0416 59.4518 47.1929 53.2259 40.4199 17.0 16.1555 49.3887 60.3075 52.0106 39.8797 46.6196 30.807 35.8707 
58.1261 56.8875 29.0 114.371 76.2359 25.0 70.0379 44.0 76.5737 95.6073 56.8875 0.0 57.8014 45.2217 12.7279 75.8024 92.082 74.1687 92.0724 28.8444 97.2445 70.5184 71.5787 32.0156 116.769 73.3485 19.2094 89.3502 63.2753 70.694 
5.83095 4.24264 33.1408 59.5399 18.6833 37.7497 12.4853 53.7068 25.02 49.7262 4.24264 57.8014 0.0 16.5529 45.6205 48.0425 51.2445 63.6714 46.1913 51.9711 39.7056 20.2237 18.2483 53.4716 60.803 56.2302 40.8756 45.618 35.0265 40.0902 
20.3961 18.4391 24.0416 76.0592 34.8962 28.6356 28.6982 56.9791 40.7922 51.8788 18.4391 45.2217 16.5529 0.0 34.3657 40.6079 66.0303 71.1729 48.344 35.5106 53.3437 35.2278 34.4819 41.7155 77.1291 64.846 31.0161 45.6217 44.5982 50.6952 
45.8633 44.6246 16.2788 102.108 63.9785 12.53 57.7805 36.1386 64.3109 85.5797 44.6246 12.7279 45.6205 34.3657 0.0 68.9638 79.612 65.123 82.0448 29.1548 84.9816 58.2556 59.3159 22.0227 104.507 63.1981 6.7082 79.3226 50.8053 58.0712 
53.7671 51.9162 63.6318 92.0869 48.8365 67.5352 53.7695 96.6817 69.2892 41.7852 51.9162 75.8024 48.0425 40.6079 68.9638 0.0 95.8175 110.124 43.9318 51.2445 51.6236 66.4128 62.0322 80.5736 89.6772 103.13 68.1542 33.2415 82.0689 87.2343 
46.0435 48.0416 64.1015 34.0147 47.8539 67.082 50.3249 57.6281 26.6833 68.7677 48.0416 92.082 51.2445 66.0303 79.612 95.8175 0.0 40.4475 61.8466 98.27 55.1725 31.0644 33.9559 61.6263 41.0488 32.0156 72.913 73.2393 29.4109 22.6716 
58.5749 59.4518 55.16 74.3303 72.6811 54.9181 71.4518 30.4138 50.2874 97.4016 59.4518 74.1687 63.6714 71.1729 65.123 110.124 40.4475 0.0 90.2325 92.0261 85.1366 51.6237 56.4739 43.1045 81.0987 9.21954 59.4138 104.585 29.2062 27.313 
46.7614 47.1929 72.3654 49.2544 28.3934 76.9785 41.706 92.4121 39.974 7.2111 47.1929 92.0724 46.1913 48.344 82.0448 43.9318 61.8466 90.2325 0.0 76.8375 8.06226 42.2101 35.9739 94.4856 46.0435 81.1596 79.1837 12.3693 64.6761 62.9805 
55.0364 53.2259 37.2156 111.508 70.406 37.108 64.208 64.622 75.0267 79.3221 53.2259 28.8444 51.9711 35.5106 29.1548 51.2445 98.27 92.0261 76.8375 0.0 81.8589 68.9845 69.3542 49.6488 112.639 88.5664 33.2415 72.5603 72.111 79.2328 
39.4628 40.4199 72.5018 41.1947 23.4101 77.1108 35.2673 87.4287 34.9285 13.8924 40.4199 97.2445 39.7056 53.3437 84.9816 51.6236 55.1725 85.1366 8.06226 81.8589 0.0 37.2267 30.9906 87.1936 38.1182 76.0637 80.2366 20.3961 59.6928 57.8847 
15.0 17.0 45.7758 45.2548 22.4722 50.3847 20.6433 56.3115 6.40312 49.3792 17.0 70.5184 20.2237 35.2278 58.2556 66.4128 31.0644 51.6237 42.2101 68.9845 37.2267 0.0 6.32456 57.2999 48.6004 42.5508 53.5106 53.1665 26.0674 24.3718 
14.3178 16.1555 46.8361 42.8019 16.4012 51.445 16.3693 61.1617 7.28011 43.143 16.1555 71.5787 18.2483 34.4819 59.3159 62.0322 33.9559 56.4739 35.9739 69.3542 30.9906 6.32456 0.0 60.0912 45.2769 47.401 54.5709 46.9304 30.9176 29.222 
48.5333 49.3887 18.1374 88.7196 66.2453 13.0384 60.7795 15.2643 55.9636 98.0204 49.3887 32.0156 53.4716 41.7155 22.0227 80.5736 61.6263 43.1045 94.4856 49.6488 87.1936 57.2999 60.0912 0.0 93.5402 41.4367 16.4924 93.9122 32.4566 38.9723 
58.7963 60.3075 92.0268 7.61577 45.6654 96.6357 56.4309 92.477 42.4382 50.1597 60.3075 116.769 60.803 77.1291 104.507 89.6772 41.0488 81.0987 46.0435 112.639 38.1182 48.6004 45.2769 93.5402 0.0 72.2496 99.7616 58.0086 62.0322 57.9741 
51.1337 52.0106 51.3517 65.6201 63.6082 52.0096 64.0106 31.305 41.2145 88.3287 52.0106 73.3485 56.2302 64.846 63.1981 103.13 32.0156 9.21954 81.1596 88.5664 76.0637 42.5508 47.401 41.4367 72.2496 0.0 57.0351 97.1434 21.2603 18.3576 
41.1183 39.8797 10.0 97.3627 59.2335 5.83095 53.0355 31.3847 59.5659 82.7186 39.8797 19.2094 40.8756 31.0161 6.7082 68.1542 72.913 59.4138 79.1837 33.2415 80.2366 53.5106 54.5709 16.4924 99.7616 57.0351 0.0 76.4615 44.1063 51.3721 
46.1881 46.6196 69.6431 61.5224 39.3498 74.2562 41.1327 94.8386 50.9305 8.544 46.6196 89.3502 45.618 45.6217 79.3226 33.2415 73.2393 104.585 12.3693 72.5603 20.3961 53.1665 46.9304 93.9122 58.0086 97.1434 76.4615 0.0 75.9397 73.937 
29.9301 30.807 35.9026 56.7979 47.1247 38.2753 42.807 30.4631 24.731 71.8452 30.807 63.2753 35.0265 44.5982 50.8053 82.0689 29.4109 29.2062 64.6761 72.111 59.6928 26.0674 30.9176 32.4566 62.0322 21.2603 44.1063 75.9397 0.0 7.28011 
34.9938 35.8707 43.1741 52.2015 45.4291 45.5412 44.8962 35.5106 23.0355 70.1496 35.8707 70.694 40.0902 50.6952 58.0712 87.2343 22.6716 27.313 62.9805 79.2328 57.8847 24.3718 29.222 38.9723 57.9741 18.3576 51.3721 73.937 7.28011 0.0 
DEMAND_SCENARIO_SECTION
0 0 0 0 0 0 0 0 0 0 0 0 0 0 0 0 0 0 0 0 0 0 0 0 0 0 0 0 0 0 0 0 0 0 0 0 0 0 0 0 0 0 0 0 0 0 0 0 0 0 
2 2 4 0 3 4 1 3 2 2 0 0 3 2 4 0 1 0 3 0 4 5 0 1 2 0 2 0 1 0 2 2 0 3 2 0 4 2 1 0 3 2 0 2 3 3 3 1 4 6 
3 4 3 2 1 2 0 1 2 2 3 1 2 1 3 1 3 1 1 2 2 0 0 3 1 0 3 1 0 0 2 2 1 3 0 3 4 0 1 0 5 1 2 2 2 3 3 4 3 3 
6 8 11 8 10 9 11 8 10 3 6 13 12 11 10 5 6 10 5 12 11 11 9 8 10 8 15 12 14 8 10 10 9 11 5 8 10 15 9 6 12 16 8 8 9 11 7 7 0 11 
3 10 7 7 6 10 4 11 4 5 10 10 2 7 8 10 8 2 5 4 11 11 7 8 6 11 8 9 8 4 8 10 1 5 5 8 8 8 0 6 6 11 7 4 5 5 8 2 12 7 
2 1 2 1 0 2 3 1 0 1 0 0 0 0 1 0 0 1 0 1 1 1 2 3 0 0 1 0 1 0 0 2 1 0 0 2 2 3 0 1 0 0 2 1 1 1 1 1 1 4 
8 1 8 3 6 6 3 12 5 6 5 7 3 9 10 6 8 6 5 9 10 4 12 4 7 8 6 8 4 2 12 3 6 4 2 5 12 6 9 12 6 6 7 2 4 6 0 9 10 4 
13 8 12 5 14 12 13 9 12 11 11 14 9 9 9 11 10 12 11 11 11 10 9 8 8 13 13 10 7 9 10 7 11 9 12 10 5 14 14 11 9 11 4 17 8 11 7 8 14 5 
6 4 4 3 3 1 6 1 5 6 8 3 3 4 2 7 5 0 2 5 5 5 2 5 2 3 5 3 6 1 9 3 4 1 4 4 3 3 3 1 0 6 3 1 3 7 3 4 3 7 
7 3 5 2 2 2 4 1 3 0 2 2 0 3 1 4 5 1 3 4 5 2 4 1 2 4 2 6 2 3 4 2 4 4 2 2 7 1 3 1 2 4 3 3 3 3 2 3 3 1 
11 3 4 0 6 5 6 8 8 6 8 7 0 7 10 8 13 7 8 7 9 8 8 8 8 10 10 8 9 7 6 10 12 7 7 7 3 15 8 5 2 11 6 6 4 7 8 6 7 6 
5 7 9 5 7 9 0 4 4 8 10 7 8 7 5 7 9 11 6 7 7 6 7 11 11 5 5 9 6 4 8 11 6 3 12 7 5 12 6 4 8 8 10 10 6 5 11 1 11 6 
6 5 6 9 4 9 7 12 9 9 0 5 6 7 5 0 9 2 8 8 5 7 9 4 6 5 8 5 11 7 5 8 4 9 7 8 3 6 9 11 8 7 8 6 7 2 10 7 10 8 
0 5 4 4 3 4 1 4 4 3 3 4 6 2 2 7 2 3 5 5 2 3 3 5 3 3 3 4 1 1 3 3 0 4 4 0 3 6 2 2 0 5 2 5 5 0 3 5 3 0 
6 3 4 7 5 5 3 1 2 5 2 6 6 5 7 1 8 4 7 5 3 4 4 4 4 3 5 7 6 5 5 5 6 3 5 5 7 5 4 3 0 0 1 10 6 8 2 3 2 4 
17 10 7 4 11 1 6 11 9 12 13 14 7 9 7 9 6 10 8 13 12 11 14 9 8 8 8 8 7 7 6 9 7 6 11 4 7 7 11 11 6 11 10 11 6 13 4 8 4 6 
7 7 4 9 2 4 7 6 3 4 7 6 7 6 7 3 4 7 5 4 5 5 3 5 5 4 3 5 10 1 9 5 5 5 4 4 6 11 8 6 2 5 5 4 7 4 5 4 9 6 
1 0 1 3 1 2 2 1 1 0 1 1 0 1 2 2 0 0 0 1 1 1 1 1 0 0 1 1 2 1 1 0 1 2 0 0 2 0 2 1 0 1 1 0 2 2 1 1 1 1 
10 5 7 11 4 14 11 8 10 8 10 13 0 4 6 15 5 13 10 11 10 13 6 12 8 8 15 9 10 8 8 6 6 11 8 13 13 8 10 13 14 9 11 10 7 11 12 13 7 10 
5 8 8 13 14 5 7 7 7 6 11 6 14 11 12 9 4 10 9 10 9 13 8 11 11 9 6 12 10 9 6 9 10 6 14 9 4 12 8 14 10 4 16 6 11 10 13 12 10 10 
9 5 4 7 9 4 6 1 7 3 3 9 10 6 6 8 5 7 4 6 6 9 4 5 1 8 6 7 8 4 10 4 5 8 5 7 3 10 4 7 8 5 9 9 6 7 9 5 8 9 
6 6 8 10 5 6 11 6 9 5 6 5 8 8 10 10 13 5 8 13 8 9 6 8 8 8 9 8 7 7 10 11 10 10 12 10 9 5 9 10 7 5 10 6 7 8 5 4 10 8 
6 3 6 9 5 3 6 9 7 3 3 0 7 2 5 3 2 6 6 4 7 2 7 4 8 5 7 6 3 3 2 6 1 3 9 6 6 2 4 2 6 3 7 6 8 4 5 3 5 5 
13 13 13 7 11 17 8 5 8 12 11 13 9 7 10 6 7 14 8 5 13 12 11 7 13 9 16 6 3 8 12 11 7 9 10 10 8 7 9 7 7 8 6 4 7 7 12 8 12 13 
2 3 0 2 3 3 7 2 2 1 5 0 4 2 3 2 3 6 4 7 2 3 2 3 3 2 3 0 4 1 2 4 2 5 3 1 2 1 2 3 5 1 5 6 0 4 5 3 5 3 
7 2 12 7 11 9 11 8 9 12 4 8 8 13 6 12 10 6 12 4 5 13 8 9 10 12 11 4 9 12 9 12 6 9 15 10 15 8 11 8 6 5 12 6 8 6 9 8 5 9 
11 7 5 6 10 7 8 10 9 8 7 5 11 12 9 8 10 10 6 13 13 4 8 4 12 12 16 6 13 5 11 10 11 12 11 3 4 12 11 11 5 11 8 10 15 8 6 8 12 8 
7 10 8 11 15 12 15 11 8 9 6 8 13 10 16 7 11 4 13 14 6 11 11 5 16 8 11 9 9 11 10 11 9 10 10 5 9 8 3 9 10 17 15 9 13 17 5 8 11 12 
4 8 5 5 12 7 4 4 5 3 2 4 5 9 6 5 10 7 11 6 6 7 5 6 5 5 1 2 2 2 4 6 4 4 2 7 6 6 2 6 6 4 10 7 6 6 5 8 7 7 
6 1 8 6 2 5 7 7 12 4 6 2 9 6 7 8 9 3 5 3 3 3 8 7 3 8 9 1 8 5 10 7 8 6 7 6 8 2 5 2 9 4 4 11 8 0 6 10 5 7 
DEPOT_SECTION
 1
 -1
EOF
