NAME  : Parada_30_5_0.95_1.00_2
TYPE : SVRP
MODEL : FINITE_SUPPORT
NUMBER_OF_SCENARIOS : 50
DIMENSION : 30
EDGE_WEIGHT_TYPE : MATRIX
CAPACITY : 36
N_VEHICLES : 5
NODE_COORD_SECTION
1 224860 465920
2 486300 292090
3 391820 220820
4 292060 491450
5 304330 461840
6 453440 215680
7 27 18
8 528790 185050
9 259100 394050
10 479530 144360
11 462240 156060
12 183140 405510
13 267140 123070
14 396010 327430
15 295890 644070
16 356330 479670
17 260920 330850
18 207820 411880
19 193270 140010
20 93468 462100
21 129590 287390
22 213370 323430
23 445830 399110
24 275010 433330
25 387440 263540
26 225020 89788
27 373370 519420
28 205470 129690
29 132360 265080
30 535830 373890
DEMAND_SECTION
1 0.0
2 10.0
3 5.0
4 6.0
5 8.0
6 6.0
7 10.0
8 6.0
9 2.0
10 10.0
11 5.0
12 8.0
13 10.0
14 3.0
15 7.0
16 1.0
17 3.0
18 2.0
19 9.0
20 9.0
21 2.0
22 8.0
23 6.0
24 6.0
25 6.0
26 7.0
27 2.0
28 3.0
29 6.0
30 8.0
DISTANCE_MATRIX
0.0 30.8058 34.4384 12.0 12.4859 43.0465 65.0692 50.8035 56.8035 43.0116 45.3431 43.2274 50.5112 31.1448 47.1924 16.3026 39.598 51.0344 59.055 51.4782 28.2843 34.7851 26.0238 50.8347 39.8497 52.1392 16.3026 57.9838 26.9258 52.8386 
30.8058 0.0 16.4012 25.7099 26.6271 19.2354 75.7694 23.5372 86.1174 12.2066 15.0 25.0599 74.3303 25.5539 48.6621 37.6563 68.9119 80.3484 82.9934 76.2272 56.3688 39.0 12.1655 80.1394 23.8537 76.0775 40.241 81.9221 55.4617 67.2681 
34.4384 16.4012 0.0 24.2074 35.3553 9.21954 62.0967 18.0278 91.2203 20.8806 19.0263 41.3401 70.3278 12.0 63.6003 33.6006 74.0147 84.3381 79.0759 84.9213 61.9839 26.0768 26.2488 85.2515 7.61577 72.1602 38.8973 78.0048 61.0983 80.0999 
12.0 25.7099 24.2074 0.0 18.868 33.3017 57.0088 41.7253 67.6955 37.3363 38.4708 41.439 48.7032 19.2354 53.5334 12.0416 50.3875 60.3828 57.2573 63.3877 40.1995 23.7065 24.2354 62.6856 28.6356 50.3414 15.0 56.186 38.6394 64.1923 
12.4859 26.6271 35.3553 18.868 0.0 42.72 75.0835 49.2443 67.0255 38.4388 41.6173 35.3077 61.3327 35.6931 34.7131 26.9944 49.8199 61.2564 69.8765 50.2872 37.0788 42.5441 20.8114 61.0474 42.0476 62.9606 27.1241 68.8052 36.3698 45.8912 
43.0465 19.2354 9.21954 33.3017 42.72 0.0 67.7422 8.94427 99.7131 17.6918 13.8924 43.6578 79.404 19.9249 67.897 42.8019 82.5076 93.5058 88.2043 92.9958 70.0712 33.2415 31.0161 93.7443 10.0499 81.2907 48.0833 87.1352 69.3542 86.0523 
65.0692 75.7694 62.0967 57.0088 75.0835 67.7422 0.0 75.2396 95.0368 82.9699 80.8084 96.6348 51.0098 50.5964 109.79 48.8365 82.28 85.9884 58.4209 105.17 85.4782 36.7696 79.4312 93.245 57.7062 57.0088 55.0 59.2115 82.3488 115.662 
50.8035 23.5372 18.0278 41.7253 49.2443 8.94427 75.2396 0.0 107.216 16.7631 11.7047 45.5412 88.3233 28.7924 71.0634 51.614 90.01 101.446 97.0979 99.2227 77.3233 41.7732 35.6931 101.247 18.2483 90.1821 56.6392 96.0267 76.6143 90.6697 
56.8035 86.1174 91.2203 67.6955 67.0255 99.7131 95.0368 107.216 0.0 98.5141 100.934 80.455 45.5412 85.0884 66.2193 61.2689 17.4929 9.05539 41.6773 24.3311 33.0151 82.4995 80.8867 6.7082 95.4525 39.2173 53.5618 39.8246 31.8904 50.04 
43.0116 12.2066 20.8806 37.3363 38.4388 17.6918 82.9699 16.7631 98.5141 0.0 5.09902 29.0689 86.0349 32.5576 55.0364 49.0408 81.0599 92.4963 94.5832 88.0379 68.5675 46.6905 22.4722 92.5361 26.4197 88.2102 52.0978 93.512 67.8584 75.71 
45.3431 15.0 19.0263 38.4708 41.6173 13.8924 80.8084 11.7047 100.934 5.09902 0.0 34.1321 86.9253 31.0161 60.0083 49.7695 83.7281 95.0195 95.4791 91.2175 71.747 45.0999 26.4008 94.9556 23.4094 88.5632 53.4138 94.4078 70.2779 80.4114 
43.2274 25.0599 41.3401 41.439 35.3077 43.6578 96.6348 45.5412 80.455 29.0689 34.1321 0.0 98.4387 48.7955 26.3059 53.2681 65.7702 77.2128 97.8892 64.3817 47.5397 60.6053 17.2047 73.7835 48.8774 92.4464 54.6835 95.6654 49.701 48.4665 
50.5112 74.3303 70.3278 48.7032 61.3327 79.404 51.0098 88.3233 45.5412 86.0349 86.9253 98.4387 0.0 60.2163 89.972 37.1618 37.2344 36.7696 9.21954 61.2317 53.1481 50.9313 71.6885 45.1774 71.6101 6.32456 35.0234 8.94427 49.6616 81.1595 
31.1448 25.5539 12.0 19.2354 35.6931 19.9249 50.5964 28.7924 85.0884 32.5576 31.0161 48.7955 60.2163 0.0 68.6396 25.0 67.7852 77.7754 69.2026 82.6075 59.4138 14.1421 32.0156 80.0833 11.4018 62.4178 31.7648 68.2495 57.8705 81.5843 
47.1924 48.6621 63.6003 53.5334 34.7131 67.897 109.79 71.0634 66.2193 55.0364 60.0083 26.3059 89.972 68.6396 0.0 61.7009 55.0364 65.4905 89.111 45.1774 37.054 77.1222 37.3631 59.6657 71.1688 83.6682 61.8306 86.8872 40.1995 23.6008 
16.3026 37.6563 33.6006 12.0416 26.9944 42.8019 48.8365 51.614 61.2689 49.0408 49.7695 53.2681 37.1618 25.0 61.7009 0.0 44.1475 53.8028 45.7316 62.2013 39.8447 22.0227 36.0644 56.5155 36.1248 38.8158 8.0 44.6603 37.3363 68.1445 
39.598 68.9119 74.0147 50.3875 49.8199 82.5076 82.28 90.01 17.4929 81.0599 83.7281 65.7702 37.2344 67.7852 55.0364 44.1475 0.0 11.6619 36.6197 24.2074 18.4391 65.9295 63.6811 12.3693 78.1445 31.2421 36.4005 34.4093 16.1555 44.3847 
51.0344 80.3484 84.3381 60.3828 61.2564 93.5058 85.9884 101.446 9.05539 92.4963 95.0195 77.2128 36.7696 77.7754 65.4905 53.8028 11.6619 0.0 33.6006 28.178 29.7321 74.0405 75.1176 9.21954 88.1398 30.4631 46.2488 31.6228 27.7308 52.1728 
59.055 82.9934 79.0759 57.2573 69.8765 88.2043 58.4209 97.0979 41.6773 94.5832 95.4791 97.8892 9.21954 69.2026 89.111 45.7316 36.6197 33.6006 0.0 60.208 51.9001 60.1415 80.2323 42.638 80.604 8.06226 43.5729 2.23607 48.6447 80.61 
51.4782 76.2272 84.9213 63.3877 50.2872 92.9958 105.17 99.2227 24.3311 88.0379 91.2175 64.3817 61.2317 82.6075 45.1774 62.2013 24.2074 28.178 60.208 0.0 23.1948 84.0952 70.4105 19.3132 91.0055 55.2268 54.231 58.0517 25.0 26.0768 
28.2843 56.3688 61.9839 40.1995 37.0788 70.0712 85.4782 77.3233 33.0151 68.5675 71.747 47.5397 53.1481 59.4138 37.054 39.8447 18.4391 29.7321 51.9001 23.1948 0.0 61.4342 50.9401 26.4008 67.9117 47.1558 32.0156 49.6763 3.60555 31.1448 
34.7851 39.0 26.0768 23.7065 42.5441 33.2415 36.7696 41.7732 82.4995 46.6905 45.0999 60.6053 50.9313 14.1421 77.1222 22.0227 65.9295 74.0405 60.1415 84.0952 61.4342 0.0 43.4166 78.2925 23.5372 54.2033 30.0167 59.5483 59.1354 87.5924 
26.0238 12.1655 26.2488 24.2354 20.8114 31.0161 79.4312 35.6931 80.8867 22.4722 26.4008 17.2047 71.6885 32.0156 37.3631 36.0644 63.6811 75.1176 80.2323 70.4105 50.9401 43.4166 0.0 74.9086 33.8378 73.3165 37.4799 79.1611 50.231 55.1453 
50.8347 80.1394 85.2515 62.6856 61.0474 93.7443 93.245 101.247 6.7082 92.5361 94.9556 73.7835 45.1774 80.0833 59.6657 56.5155 12.3693 9.21954 42.638 19.3132 26.4008 78.2925 74.9086 0.0 90.4426 38.9487 48.7647 40.6079 25.4558 44.2832 
39.8497 23.8537 7.61577 28.6356 42.0476 10.0499 57.7062 18.2483 95.4525 26.4197 23.4094 48.8774 71.6101 11.4018 71.1688 36.1248 78.1445 88.1398 80.604 91.0055 67.9117 23.5372 33.8378 90.4426 0.0 73.8144 42.4382 79.6492 66.7608 87.2812 
52.1392 76.0775 72.1602 50.3414 62.9606 81.2907 57.0088 90.1821 39.2173 88.2102 88.5632 92.4464 6.32456 62.4178 83.6682 38.8158 31.2421 30.4631 8.06226 55.2268 47.1558 54.2033 73.3165 38.9487 73.8144 0.0 36.657 6.32456 43.6693 75.1672 
16.3026 40.241 38.8973 15.0 27.1241 48.0833 55.0 56.6392 53.5618 52.0978 53.4138 54.6835 35.0234 31.7648 61.8306 8.0 36.4005 46.2488 43.5729 54.231 32.0156 30.0167 37.4799 48.7647 42.4382 36.657 0.0 42.5016 29.4279 61.8466 
57.9838 81.9221 78.0048 56.186 68.8052 87.1352 59.2115 96.0267 39.8246 93.512 94.4078 95.6654 8.94427 68.2495 86.8872 44.6603 34.4093 31.6228 2.23607 58.0517 49.6763 59.5483 79.1611 40.6079 79.6492 6.32456 42.5016 0.0 46.421 78.3862 
26.9258 55.4617 61.0983 38.6394 36.3698 69.3542 82.3488 76.6143 31.8904 67.8584 70.2779 49.701 49.6616 57.8705 40.1995 37.3363 16.1555 27.7308 48.6447 25.0 3.60555 59.1354 50.231 25.4558 66.7608 43.6693 29.4279 46.421 0.0 34.7131 
52.8386 67.2681 80.0999 64.1923 45.8912 86.0523 115.662 90.6697 50.04 75.71 80.4114 48.4665 81.1595 81.5843 23.6008 68.1445 44.3847 52.1728 80.61 26.0768 31.1448 87.5924 55.1453 44.2832 87.2812 75.1672 61.8466 78.3862 34.7131 0.0 
DEMAND_SCENARIO_SECTION
0 0 0 0 0 0 0 0 0 0 0 0 0 0 0 0 0 0 0 0 0 0 0 0 0 0 0 0 0 0 0 0 0 0 0 0 0 0 0 0 0 0 0 0 0 0 0 0 0 0 
11 11 8 12 7 8 6 13 13 3 10 12 7 8 10 7 10 12 13 9 13 11 9 11 8 6 7 9 12 9 13 8 11 6 14 8 8 12 7 8 11 9 13 10 10 8 13 13 7 7 
0 6 3 5 4 4 5 2 5 9 4 5 4 4 1 6 2 0 5 5 8 0 6 6 6 5 6 3 7 8 6 2 4 1 8 2 4 6 1 4 4 3 11 7 4 4 2 5 4 7 
6 8 4 5 6 6 5 9 4 7 8 3 10 9 3 10 10 11 5 5 5 6 9 9 2 0 3 2 2 7 1 7 6 5 7 5 8 2 4 6 8 3 7 8 6 7 5 9 3 10 
5 10 9 13 12 10 7 7 8 10 6 8 9 8 10 4 12 7 14 7 11 6 9 4 5 15 9 3 7 10 9 10 10 2 3 11 6 7 7 11 11 13 8 6 10 1 11 6 7 11 
5 4 6 4 6 3 12 0 4 3 2 4 2 8 5 6 4 11 10 6 8 4 3 6 8 4 9 3 7 6 8 4 6 6 9 4 3 6 6 4 6 10 8 10 6 6 3 4 10 3 
7 14 11 5 17 11 8 10 4 11 8 15 13 11 14 15 10 11 2 10 10 6 15 6 7 17 6 13 7 10 5 16 3 14 12 4 9 12 10 13 18 8 6 9 10 10 11 7 11 8 
9 9 11 6 8 7 9 2 1 12 5 4 12 7 6 9 6 6 8 9 4 7 5 4 14 10 5 9 9 9 2 7 6 5 7 5 6 7 3 2 6 4 5 4 6 2 9 9 5 7 
3 3 2 2 1 3 3 2 2 2 2 1 1 1 3 3 2 1 2 0 4 2 3 1 3 2 3 5 2 2 3 1 1 4 2 3 4 3 0 3 0 3 1 1 4 2 1 1 2 1 
11 10 11 8 5 13 11 11 8 11 6 5 10 10 9 10 8 13 13 7 5 12 8 13 14 10 13 9 6 8 9 6 12 8 15 13 15 7 11 9 5 8 10 12 5 5 12 17 13 11 
6 2 5 5 3 7 7 0 3 4 3 3 4 9 4 6 6 8 7 5 7 2 7 4 7 5 2 8 7 4 2 7 4 4 9 7 6 4 9 8 8 2 4 11 4 6 7 7 5 2 
11 10 6 8 5 7 8 10 5 6 4 11 6 11 5 3 8 5 13 10 11 7 10 7 6 9 4 8 8 9 8 12 6 9 7 9 12 14 11 10 11 7 11 6 6 11 11 3 10 5 
13 17 11 10 13 10 12 13 18 15 9 4 8 16 19 10 8 13 8 18 6 12 12 6 8 5 10 13 14 6 11 10 13 13 11 13 3 14 10 8 15 12 11 12 6 7 8 7 6 10 
3 6 2 2 2 3 1 3 4 3 3 5 4 2 5 4 1 3 4 6 1 2 3 5 1 1 2 3 5 4 5 2 2 2 2 2 5 2 3 4 0 5 0 0 2 4 1 3 6 1 
6 9 6 13 4 11 9 8 6 10 6 9 7 14 8 3 3 10 6 7 4 5 10 7 5 3 5 7 7 10 8 10 4 4 4 6 11 8 6 11 8 6 6 8 9 8 5 7 3 6 
0 1 0 2 1 1 1 2 3 2 2 0 1 1 2 0 2 0 3 1 3 2 1 1 1 1 0 2 0 2 0 0 1 1 1 0 2 1 1 1 1 1 1 4 1 2 0 2 2 1 
3 5 3 6 2 6 3 5 2 5 3 3 4 4 3 5 5 4 3 1 1 7 5 2 4 2 1 4 3 4 1 4 5 2 1 2 5 6 5 4 4 5 2 4 2 4 3 2 4 5 
2 1 4 3 1 0 1 3 3 1 1 0 2 3 2 2 0 4 0 0 2 3 2 4 0 0 4 2 1 0 3 1 2 2 1 0 3 1 2 2 4 4 5 2 2 1 1 1 2 3 
9 10 9 6 7 14 5 9 3 9 8 10 13 10 10 10 5 8 7 5 4 7 9 12 5 11 7 8 14 13 11 7 16 5 9 11 14 5 8 14 10 11 6 7 10 11 8 7 12 8 
7 10 13 9 12 10 7 7 3 4 10 5 8 7 3 10 3 4 7 8 9 2 7 9 16 10 13 6 8 9 12 10 11 11 8 13 4 8 9 8 3 10 10 3 5 4 4 7 9 9 
1 2 0 1 1 3 0 3 2 1 0 1 2 4 4 1 1 2 3 1 0 3 5 3 1 3 3 1 1 3 1 3 2 0 3 2 0 2 0 2 0 0 1 1 3 3 2 3 0 2 
9 13 8 7 5 9 12 12 7 8 5 10 11 10 4 10 9 1 13 8 10 2 7 14 9 10 3 7 6 11 10 8 5 10 9 5 8 3 7 1 10 9 10 7 7 4 11 13 8 3 
3 4 2 3 8 6 8 5 3 2 7 3 5 2 9 4 5 5 7 8 5 10 3 5 6 6 4 6 4 4 5 8 8 7 7 8 9 14 5 3 11 13 8 5 11 8 5 6 5 6 
4 3 5 5 8 5 3 7 8 4 2 6 6 9 6 7 6 6 7 4 8 7 6 7 5 4 1 8 8 6 3 7 9 6 3 3 4 2 3 7 7 6 7 1 10 7 4 8 5 2 
8 4 7 1 6 6 10 4 10 7 4 7 6 4 7 8 10 8 7 4 4 7 3 4 6 4 12 8 5 5 3 8 3 2 8 8 8 7 5 13 5 7 10 0 4 8 4 10 8 1 
7 10 2 7 9 5 10 7 6 7 10 7 6 6 6 10 8 11 4 6 6 6 7 6 4 0 7 11 4 9 8 9 12 4 7 4 9 5 3 1 6 6 6 9 7 6 4 9 7 13 
1 1 0 2 1 3 2 0 4 3 2 3 3 3 0 1 2 4 1 2 2 2 1 1 3 1 0 5 1 1 1 3 1 1 2 5 0 2 3 1 2 1 3 3 2 4 1 3 1 2 
5 2 3 1 1 2 1 2 5 2 4 6 4 4 6 2 3 2 8 2 1 5 0 5 3 4 5 3 2 5 4 5 4 4 7 1 4 5 3 4 4 3 2 1 1 2 2 4 4 3 
8 9 8 6 2 8 5 6 6 2 1 6 4 9 7 5 8 4 11 7 7 5 8 6 2 9 5 12 3 7 1 5 9 7 11 9 2 8 8 5 7 4 4 4 6 1 8 7 3 4 
8 12 12 7 7 10 9 10 0 6 11 10 7 9 9 8 11 7 8 11 11 10 8 10 10 7 6 9 8 7 8 9 15 12 7 6 5 8 12 3 5 11 9 8 7 13 11 10 12 10 
DEPOT_SECTION
 1
 -1
EOF
