NAME  : Parada_30_5_0.95_1.00_0
TYPE : SVRP
MODEL : FINITE_SUPPORT
NUMBER_OF_SCENARIOS : 50
DIMENSION : 30
EDGE_WEIGHT_TYPE : MATRIX
CAPACITY : 35
N_VEHICLES : 5
NODE_COORD_SECTION
1 24053 254690
2 442110 275100
3 135750 84259
4 263740 634340
5 98840 147030
6 31127 562230
7 3617 18
8 13519 3111
9 151970 124950
10 308950 597330
11 202810 74337
12 160690 334900
13 249250 316970
14 388580 636600
15 232030 683030
16 316640 371920
17 359260 171960
18 10289 104030
19 27811 467440
20 46509 348870
21 67165 440960
22 27 50919
23 315750 386430
24 380960 649240
25 89913 466790
26 295230 598270
27 481900 550400
28 68119 320640
29 27959 82468
30 297360 256430
DEMAND_SECTION
1 0.0
2 8.0
3 6.0
4 7.0
5 2.0
6 1.0
7 8.0
8 8.0
9 3.0
10 7.0
11 2.0
12 7.0
13 1.0
14 9.0
15 4.0
16 3.0
17 9.0
18 5.0
19 10.0
20 6.0
21 6.0
22 7.0
23 3.0
24 6.0
25 8.0
26 8.0
27 3.0
28 10.0
29 8.0
30 4.0
DISTANCE_MATRIX
0.0 55.4448 21.2132 56.103 27.8084 47.2652 48.1637 46.7631 25.9826 53.8238 21.7631 44.6019 42.7283 63.0635 56.8681 33.4643 43.6133 35.2021 35.0571 42.9418 39.3192 41.3598 34.095 64.0078 29.1548 52.2015 59.5226 13.0384 35.9984 35.8347 
55.4448 0.0 74.4389 80.0062 58.8516 44.7214 74.5453 73.6817 56.1262 83.3847 70.0049 99.9931 94.3038 95.5249 74.1687 84.9344 19.105 69.9214 41.1947 97.9623 34.0 67.082 85.7395 95.3362 37.3631 81.3941 105.6 46.0435 66.2193 19.8494 
21.2132 74.4389 0.0 70.1783 19.9249 68.0294 35.8469 34.5398 18.6535 66.2193 14.434 29.7321 32.0979 73.6502 72.45 38.5418 60.9497 23.0868 56.0089 24.0416 60.531 30.5941 39.1725 74.7764 50.3587 65.0 62.5108 34.2345 25.318 54.6114 
56.103 80.0062 70.1783 0.0 81.982 37.108 102.337 100.937 80.1561 7.61577 75.9366 69.7209 58.5491 17.4929 8.48528 51.6415 80.05 89.3757 39.1152 78.8595 46.0109 95.5333 49.7545 16.5529 44.911 7.07107 42.1545 52.5628 90.172 68.4471 
27.8084 58.8516 19.9249 81.982 0.0 65.4599 24.4131 23.0217 12.0416 78.9423 16.0454 49.6488 52.0169 86.9418 81.0802 52.9443 40.8469 13.3417 53.1413 42.72 55.109 16.2788 53.575 88.068 45.8803 77.5134 79.6914 31.8982 11.6619 40.6931 
47.2652 44.7214 68.0294 37.108 65.4599 0.0 89.1702 87.8465 55.3944 42.1545 68.7887 82.2192 72.6154 54.0833 30.1496 59.0593 49.93 78.7464 12.3693 86.3134 12.8062 80.658 60.8276 53.4509 19.6977 40.3113 70.7672 34.5254 76.896 38.6005 
48.1637 74.5453 35.8469 102.337 24.4131 89.1702 0.0 1.41421 36.2353 99.2976 36.4006 61.131 65.2044 107.293 103.512 73.1147 55.4437 13.0384 76.9675 50.0899 78.3238 8.544 73.7454 108.419 69.4821 97.8687 95.6172 56.1424 12.8062 59.1354 
46.7631 73.6817 34.5398 100.937 23.0217 87.8465 1.41421 0.0 34.8281 97.897 35.0 60.075 64.0524 105.889 102.111 71.7326 54.5894 11.6619 75.6439 49.163 77.0029 7.28011 72.3633 107.015 68.1612 96.468 94.4652 54.7767 11.4018 58.0775 
25.9826 56.1262 18.6535 80.1561 12.0416 55.3944 36.2353 34.8281 0.0 77.1165 14.2195 48.2195 50.4927 85.116 81.3306 51.1185 42.637 24.1868 43.0254 42.5212 46.0435 28.2843 51.7492 86.2422 36.2215 75.6876 77.8656 21.5359 23.4307 36.3593 
53.8238 83.3847 66.2193 7.61577 78.9423 42.1545 99.2976 97.897 77.1165 0.0 72.897 63.3482 52.1728 12.1655 15.8114 45.3542 81.9467 86.3361 42.19 73.4335 49.6488 92.4937 43.4671 12.0 47.0425 2.0 34.5398 56.4488 87.1324 70.4212 
21.7631 70.0049 14.434 75.9366 16.0454 68.7887 36.4006 35.0 14.2195 72.897 0.0 44.0 46.2732 80.8965 77.111 46.899 56.5157 23.4391 56.4782 38.3017 50.0 29.5967 47.5296 82.0226 50.0444 71.468 73.6461 34.2746 24.2354 50.1774 
44.6019 99.9931 29.7321 69.7209 49.6488 82.2192 61.131 60.075 48.2195 63.3482 44.0 0.0 11.1803 65.0 75.1066 26.0768 88.1615 50.0899 72.7765 13.0384 81.1964 58.1378 24.0832 66.8506 71.1966 62.9682 39.6989 55.9576 53.3385 80.383 
42.7283 94.3038 32.0979 58.5491 52.0169 72.6154 65.2044 64.0524 50.4927 52.1728 46.2732 11.1803 0.0 54.1295 64.0315 15.0 83.6694 53.4664 63.4944 22.2036 71.4103 61.4268 13.0 55.9464 62.7989 51.788 30.6105 48.2604 56.428 75.3455 
63.0635 95.5249 73.6502 17.4929 86.9418 54.0833 107.293 105.889 85.116 12.1655 80.8965 65.0 54.1295 0.0 25.807 48.0321 93.8912 94.3264 54.3323 76.0592 61.8142 100.493 46.1451 2.0 59.0 14.1421 30.0167 65.7072 95.1319 82.3657 
56.8681 74.1687 72.45 8.48528 81.0802 30.1496 103.512 102.111 81.3306 15.8114 77.111 75.1066 64.0315 25.807 0.0 49.0408 75.8947 90.5501 34.2053 83.3607 40.3113 96.9251 51.0392 24.6982 40.8534 14.7648 50.0899 49.2445 91.3464 64.195 
33.4643 84.9344 38.5418 51.6415 52.9443 59.0593 73.1147 71.7326 51.1185 45.3542 46.899 26.0768 15.0 48.0321 49.0408 0.0 74.3303 60.0768 50.6872 35.4683 58.6031 66.4896 2.0 49.774 53.2019 44.9153 28.4747 38.9674 61.1341 65.8745 
43.6133 19.105 60.9497 80.05 40.8469 49.93 55.4437 54.5894 42.637 81.9467 56.5157 88.1615 83.6694 93.8912 75.8947 74.3303 0.0 51.264 41.7852 84.8173 37.2156 48.0521 75.0267 93.9328 35.171 79.9499 101.315 36.6742 47.4342 11.7047 
35.2021 69.9214 23.0868 89.3757 13.3417 78.7464 13.0384 11.6619 24.1868 86.3361 23.4391 50.0899 53.4664 94.3264 90.5501 60.0768 51.264 0.0 66.4078 40.2616 68.4471 8.06226 60.7074 95.4525 59.203 84.9071 83.8792 45.0295 4.24264 52.469 
35.0571 41.1947 56.0089 39.1152 53.1413 12.3693 76.9675 75.6439 43.0254 42.19 56.4782 72.7765 63.4944 54.3323 34.2053 50.6872 41.7852 66.4078 0.0 75.2371 8.06226 68.4553 52.3145 54.1479 7.81025 40.1995 65.7343 22.2036 64.622 30.0832 
42.9418 97.9623 24.0416 78.8595 42.72 86.3134 50.0899 49.163 42.5212 73.4335 38.3017 13.0384 22.2036 76.0592 83.3607 35.4683 84.8173 40.2616 75.2371 0.0 80.9568 48.2701 33.6155 77.8267 70.8378 72.7064 52.3259 55.1543 43.9659 78.4791 
39.3192 34.0 60.531 46.0109 55.109 12.8062 78.3238 77.0029 46.0435 49.6488 50.0 81.1964 71.4103 61.8142 40.3113 58.6031 37.2156 68.4471 8.06226 80.9568 0.0 69.8116 60.2304 61.5224 10.198 47.676 73.8109 26.3059 66.2193 25.807 
41.3598 67.082 30.5941 95.5333 16.2788 80.658 8.544 7.28011 28.2843 92.4937 29.5967 58.1378 61.4268 100.493 96.9251 66.4896 48.0521 8.06226 68.4553 48.2701 69.8116 0.0 67.1202 101.619 60.9699 91.0648 93.2367 47.7432 5.38516 51.0098 
34.095 85.7395 39.1725 49.7545 53.575 60.8276 73.7454 72.3633 51.7492 43.4671 47.5296 24.0832 13.0 46.1451 51.0392 2.0 75.0267 60.7074 52.3145 33.6155 60.2304 67.1202 0.0 47.8869 54.8292 43.0282 26.5877 39.7724 61.7647 66.6795 
64.0078 95.3362 74.7764 16.5529 88.068 53.4509 108.419 107.015 86.2422 12.0 82.0226 66.8506 55.9464 2.0 24.6982 49.774 93.9328 95.4525 54.1479 77.8267 61.5224 101.619 47.8869 0.0 59.0339 14.0 32.0156 66.631 96.258 82.4073 
29.1548 37.3631 50.3587 44.911 45.8803 19.6977 69.4821 68.1612 36.2215 47.0425 50.0444 71.1966 62.7989 59.0 40.8534 53.2019 35.171 59.203 7.81025 70.8378 10.198 60.9699 54.8292 59.0339 0.0 45.0444 68.5475 16.1245 57.2451 23.5372 
52.2015 81.3941 65.0 7.07107 77.5134 40.3113 97.8687 96.468 75.6876 2.0 71.468 62.9682 51.788 14.1421 14.7648 44.9153 79.9499 84.9071 40.1995 72.7064 47.676 91.0648 43.0282 14.0 45.0444 0.0 35.3412 54.8435 85.7034 68.4245 
59.5226 105.6 62.5108 42.1545 79.6914 70.7672 95.6172 94.4652 77.8656 34.5398 73.6461 39.6989 30.6105 30.0167 50.0899 28.4747 101.315 83.8792 65.7343 52.3259 73.8109 93.2367 26.5877 32.0156 68.5475 35.3412 0.0 65.9228 87.8812 92.8299 
13.0384 46.0435 34.2345 52.5628 31.8982 34.5254 56.1424 54.7767 21.5359 56.4488 34.2746 55.9576 48.2604 65.7072 49.2445 38.9674 36.6742 45.0295 22.2036 55.1543 26.3059 47.7432 39.7724 66.631 16.1245 54.8435 65.9228 0.0 43.5245 27.313 
35.9984 66.2193 25.318 90.172 11.6619 76.896 12.8062 11.4018 23.4307 87.1324 24.2354 53.3385 56.428 95.1319 91.3464 61.1341 47.4342 4.24264 64.622 43.9659 66.2193 5.38516 61.7647 96.258 57.2451 85.7034 87.8812 43.5245 0.0 49.163 
35.8347 19.8494 54.6114 68.4471 40.6931 38.6005 59.1354 58.0775 36.3593 70.4212 50.1774 80.383 75.3455 82.3657 64.195 65.8745 11.7047 52.469 30.0832 78.4791 25.807 51.0098 66.6795 82.4073 23.5372 68.4245 92.8299 27.313 49.163 0.0 
DEMAND_SCENARIO_SECTION
0 0 0 0 0 0 0 0 0 0 0 0 0 0 0 0 0 0 0 0 0 0 0 0 0 0 0 0 0 0 0 0 0 0 0 0 0 0 0 0 0 0 0 0 0 0 0 0 0 0 
4 12 8 4 11 5 10 11 11 8 6 10 4 8 6 4 6 4 8 12 10 5 9 11 5 9 5 3 6 6 8 8 4 4 4 10 9 7 10 6 7 6 11 10 11 10 7 5 4 7 
9 3 5 7 6 3 5 6 9 5 4 4 8 9 4 4 3 5 8 4 7 1 6 7 4 11 6 4 7 7 4 5 8 9 0 6 10 6 9 7 7 4 4 7 8 4 10 6 4 5 
9 6 3 6 9 3 5 5 3 5 12 1 6 2 7 11 5 10 6 13 6 3 3 8 8 3 7 5 10 8 6 8 6 8 5 6 8 4 11 10 4 8 3 6 7 5 8 3 7 7 
0 2 5 5 1 3 1 4 0 1 4 1 5 1 1 2 4 2 2 0 1 3 0 3 2 4 0 2 1 3 2 2 2 3 2 2 1 1 0 0 3 5 2 4 3 1 2 3 2 3 
1 0 2 1 2 2 1 0 2 3 1 1 0 1 0 2 3 0 0 1 1 3 0 2 0 2 1 0 1 1 2 1 0 1 2 1 1 2 0 0 0 1 0 1 0 1 2 3 1 2 
15 8 10 13 5 12 13 15 10 5 10 6 6 6 5 11 6 10 0 7 11 13 11 8 5 8 5 9 10 8 7 7 6 7 7 3 7 7 9 12 13 5 5 7 10 3 2 14 9 4 
8 6 9 10 5 11 7 5 8 9 12 8 2 11 10 5 8 11 8 7 8 9 7 8 10 6 12 14 11 10 9 5 2 10 6 7 5 11 6 13 12 10 8 9 10 10 5 8 10 10 
4 4 1 3 3 4 2 1 4 1 5 3 1 2 0 1 3 4 3 1 5 2 3 5 2 1 2 2 6 3 7 4 2 0 1 4 2 3 2 4 3 0 4 3 4 4 4 3 3 1 
6 5 8 8 8 6 10 5 7 3 6 10 8 5 6 5 8 3 11 10 10 4 9 6 8 3 8 4 8 8 7 9 1 9 5 12 13 7 6 7 5 10 4 7 8 7 6 5 13 5 
3 2 2 3 1 1 2 1 3 0 1 0 1 0 3 3 0 4 2 1 3 1 2 2 0 1 3 3 4 3 3 1 1 5 2 2 2 3 2 4 3 4 3 1 3 1 2 4 3 0 
9 9 4 4 7 6 7 10 3 4 4 11 8 8 4 8 4 14 12 11 11 10 8 8 10 11 6 8 7 6 8 3 6 13 10 5 8 5 9 8 8 13 5 6 9 2 5 11 6 6 
1 1 2 1 0 1 3 1 0 0 1 1 0 2 1 0 1 2 1 2 0 2 1 1 1 1 3 0 1 0 3 1 1 1 1 1 1 0 1 1 2 1 2 2 1 0 3 3 1 3 
10 4 14 8 11 9 6 3 13 6 8 12 6 8 12 10 11 9 16 8 14 11 8 10 8 14 13 8 12 6 10 9 4 11 8 7 10 16 8 11 6 10 11 12 7 3 8 6 8 13 
4 3 3 4 5 1 6 3 2 4 5 3 3 5 2 4 0 2 7 1 4 2 6 3 6 3 2 3 1 3 6 1 4 3 6 7 4 1 5 4 4 5 2 2 5 1 1 3 4 2 
3 2 4 6 0 4 2 1 4 3 2 5 0 3 3 3 1 4 3 3 4 4 2 1 2 1 5 3 4 4 2 0 0 1 1 3 2 4 5 3 4 1 4 4 1 2 1 3 4 4 
11 8 8 7 9 9 9 7 12 6 7 8 7 12 9 5 9 10 11 7 10 9 9 6 11 7 12 11 8 9 8 7 9 10 8 13 6 5 12 7 6 6 7 10 9 3 11 9 7 8 
9 3 6 3 7 5 3 3 7 5 5 3 7 7 7 7 5 6 4 7 5 4 0 4 5 6 2 5 1 5 6 8 5 1 3 12 5 7 5 1 7 3 3 6 7 5 5 6 7 2 
9 8 11 12 7 6 11 10 7 10 8 15 10 6 9 11 9 5 8 19 11 15 6 12 4 8 8 11 5 13 6 13 4 12 7 14 12 12 11 14 12 6 10 9 11 8 10 14 9 5 
5 9 6 8 6 5 8 9 6 7 4 3 9 7 6 4 4 13 1 5 6 4 6 6 6 4 4 7 5 10 7 5 8 5 4 3 4 8 4 5 7 9 9 9 5 7 5 9 7 4 
8 7 10 9 5 4 5 2 7 7 8 7 4 5 5 4 5 5 5 4 6 7 8 8 1 5 7 9 11 10 4 7 5 8 6 7 8 7 4 9 7 10 10 8 7 3 5 6 2 3 
5 5 4 9 7 5 9 0 3 9 7 5 6 6 7 7 7 10 3 7 6 10 6 8 6 3 6 5 8 4 11 6 1 5 7 7 11 4 6 5 6 4 12 8 12 8 9 8 11 10 
0 5 4 0 5 2 3 3 2 5 2 4 1 4 3 2 7 4 1 1 4 3 3 4 6 6 3 3 4 3 1 2 3 3 2 1 4 2 4 4 2 3 1 4 3 1 3 2 0 5 
10 5 2 7 4 7 8 8 7 6 11 8 6 6 9 5 9 1 8 6 7 8 4 7 9 9 8 2 7 5 5 7 10 10 7 5 2 8 5 6 8 6 6 6 7 4 5 4 7 3 
15 11 1 7 7 12 8 7 2 10 10 11 7 9 0 4 5 7 8 6 11 9 10 5 7 8 8 11 11 3 5 9 5 4 5 9 8 7 7 6 12 8 9 4 7 7 8 5 8 11 
11 8 5 6 14 11 5 8 6 8 8 9 10 7 7 7 7 4 8 8 2 12 13 11 8 3 9 9 12 9 8 11 10 5 8 9 4 5 9 9 5 6 3 10 7 8 12 6 5 10 
2 3 5 1 4 5 2 2 2 3 4 2 2 0 6 4 1 2 3 5 1 2 3 7 1 5 3 4 5 3 8 4 6 3 3 4 1 4 5 2 4 2 4 4 3 2 1 3 1 2 
7 11 11 10 11 5 6 9 10 14 11 4 5 10 12 7 3 10 7 11 7 9 14 8 9 9 13 9 11 7 6 11 9 14 10 9 14 11 6 10 17 6 11 13 6 9 17 11 14 10 
15 8 10 4 7 9 4 4 8 8 9 9 7 9 6 8 11 10 9 6 12 6 3 8 14 7 9 8 8 8 10 6 11 7 2 8 8 7 4 7 7 11 10 8 4 8 8 11 5 7 
3 3 3 2 6 2 7 4 7 9 3 3 7 6 0 8 2 4 3 5 3 1 4 2 4 5 6 2 5 5 4 5 5 2 4 5 0 3 3 5 5 4 0 4 2 6 0 5 1 8 
DEPOT_SECTION
 1
 -1
EOF
