NAME  : Parada_30_5_0.95_1.00_6
TYPE : SVRP
MODEL : FINITE_SUPPORT
NUMBER_OF_SCENARIOS : 50
DIMENSION : 30
EDGE_WEIGHT_TYPE : MATRIX
CAPACITY : 38
N_VEHICLES : 5
NODE_COORD_SECTION
1 198350 218270
2 738280 290400
3 206980 18
4 149240 400670
5 246070 202580
6 244650 273200
7 34318 149070
8 519060 172120
9 153890 123000
10 610660 230670
11 269930 263360
12 27526 293820
13 656690 261370
14 603270 255030
15 560680 281650
16 205150 149220
17 488380 78106
18 11561 368080
19 27 370340
20 158570 370470
21 441200 95133
22 233810 246680
23 430900 380040
24 118460 352480
25 261530 277570
26 365420 75533
27 757480 370260
28 641300 297360
29 571080 222080
30 327710 217210
DEMAND_SECTION
1 0.0
2 2.0
3 3.0
4 3.0
5 6.0
6 6.0
7 9.0
8 7.0
9 7.0
10 3.0
11 8.0
12 8.0
13 7.0
14 4.0
15 7.0
16 9.0
17 6.0
18 10.0
19 9.0
20 6.0
21 7.0
22 9.0
23 7.0
24 3.0
25 8.0
26 7.0
27 1.0
28 8.0
29 5.0
30 9.0
DISTANCE_MATRIX
0.0 66.405 60.5392 45.618 12.1496 8.24621 45.9071 36.4005 52.345 50.9028 32.5576 41.9949 55.9762 48.7495 43.4955 18.742 47.5332 50.3251 42.72 42.3792 47.3828 35.5106 23.5497 38.7764 33.4215 30.4138 76.2741 60.6072 46.969 19.6977 
66.405 0.0 71.0282 86.3805 76.0349 63.8943 108.413 37.4833 76.9415 24.1868 67.2309 81.8751 16.1245 24.0 26.6833 82.6274 35.1283 84.9684 102.005 87.7268 41.4367 62.3621 48.3967 102.662 65.5515 55.9017 9.89949 13.1529 20.8087 71.6101 
60.5392 71.0282 0.0 33.5261 63.221 66.6108 91.9239 77.1291 14.8661 78.4347 29.4109 93.0663 71.3092 75.6108 70.7956 68.3081 36.3456 101.397 64.7765 39.0512 31.0483 25.0599 59.2576 80.2247 27.8568 84.8798 78.1601 74.5252 61.9839 45.8803 
45.618 86.3805 33.5261 0.0 43.6005 53.7122 63.3246 75.326 18.6815 84.2185 19.4165 73.6015 80.2309 81.2242 75.1066 45.2769 53.6806 81.6884 32.0 6.08276 46.9855 24.1661 55.3263 50.5964 20.8806 75.2728 95.598 84.7231 70.214 25.9422 
12.1496 76.0349 63.221 43.6005 0.0 30.2659 35.1141 48.55 53.2541 63.0467 34.0194 30.0027 65.606 60.8934 55.35 8.06226 56.0347 38.2099 35.5106 39.4462 55.8843 38.3906 33.1795 29.0689 35.386 36.0139 85.9039 70.2371 56.5988 18.4391 
8.24621 63.8943 66.6108 53.7122 30.2659 0.0 57.5799 30.0167 59.4643 44.8752 39.6989 37.4751 48.1488 42.7219 37.4679 35.919 50.6736 45.8054 50.2365 50.5964 50.5232 41.8688 26.6871 56.0831 40.3113 22.2036 72.8153 52.7323 47.2641 27.8568 
45.9071 108.413 91.9239 63.3246 35.1141 57.5799 0.0 73.5391 79.0759 89.1409 63.1269 39.0 92.6675 87.1607 81.9867 27.2029 89.7493 40.6079 35.4683 57.3847 89.5989 69.0072 66.9371 13.0384 65.0692 59.4657 117.334 97.251 91.7828 47.0 
36.4005 37.4833 77.1291 75.326 48.55 30.0167 73.5391 0.0 74.3303 15.8114 57.0701 44.4191 21.3776 14.3178 11.0 51.94 47.2807 47.5123 79.0569 74.0068 50.4915 55.6597 20.025 72.104 56.5155 18.4391 45.8803 25.2982 21.341 52.2862 
52.345 76.9415 14.8661 18.6815 53.2541 59.4643 79.0759 74.3303 0.0 79.9062 19.799 83.0997 74.1081 76.9415 71.3863 57.2451 41.9762 91.4299 50.2494 24.3311 35.5106 18.7883 55.4617 66.9104 19.2094 78.8645 85.1469 78.0064 64.195 34.9857 
50.9028 24.1868 78.4347 84.2185 63.0467 44.8752 89.1409 15.8114 79.9062 0.0 65.0308 58.945 9.43398 3.0 9.21954 69.6392 43.4166 62.0382 92.4225 83.8798 47.5395 62.1289 31.3847 87.6441 64.0 33.6155 31.257 11.0454 16.5529 63.6003 
32.5576 67.2309 29.4109 19.4165 34.0194 39.6989 63.1269 57.0701 19.799 65.0308 0.0 63.8647 60.8276 62.0322 56.0 38.8973 38.6813 72.195 40.7063 20.5913 31.9862 6.7082 37.3631 52.0865 2.23607 59.5399 76.4887 65.307 50.8035 16.4924 
41.9949 81.8751 93.0663 73.6015 30.0027 37.4751 39.0 44.4191 83.0997 58.945 63.8647 0.0 65.752 58.2178 55.3767 30.0832 85.5676 8.94427 60.208 69.3397 85.4172 68.236 58.9868 43.1856 65.2314 26.3097 89.9972 69.3938 65.6099 48.317 
55.9762 16.1245 71.3092 80.2309 65.606 48.1488 92.6675 21.3776 74.1081 9.43398 60.8276 65.752 0.0 8.24621 10.7703 72.1985 35.4683 68.8452 92.2874 80.5233 40.2616 57.1402 32.6513 92.2329 59.5399 39.8121 24.6982 5.0 10.0499 62.0604 
48.7495 24.0 75.6108 81.2242 60.8934 42.7219 87.1607 14.3178 76.9415 3.0 62.0322 58.2178 8.24621 0.0 6.32456 67.4859 40.8167 61.311 89.6181 80.9619 44.7772 59.1354 28.6356 85.6639 61.0 32.573 31.7805 11.1803 13.8924 60.7289 
43.4955 26.6833 70.7956 75.1066 55.35 37.4679 81.9867 11.0 71.3863 9.21954 56.0 55.3767 10.7703 6.32456 0.0 61.9425 37.0135 58.4699 83.3046 74.6726 40.3113 53.3385 22.3607 81.9769 55.0364 29.2746 35.4683 15.2643 10.8167 54.4059 
18.742 82.6274 68.3081 45.2769 8.06226 35.919 27.2029 51.94 57.2451 69.6392 38.8973 30.0832 72.1985 67.4859 61.9425 0.0 62.5475 37.2156 31.0161 40.3609 62.3971 43.9318 39.772 21.2132 40.5216 40.7922 92.4964 76.8296 63.1913 22.4722 
47.5332 35.1283 36.3456 53.6806 56.0347 50.6736 89.7493 47.2807 41.9762 43.4166 38.6813 85.5676 35.4683 40.8167 37.0135 62.5475 0.0 90.5628 77.9469 56.9075 6.7082 32.1509 34.5256 82.0638 36.4816 61.2386 43.1741 38.3275 26.9258 47.6929 
50.3251 84.9684 101.397 81.6884 38.2099 45.8054 40.6079 47.5123 91.4299 62.0382 72.195 8.94427 68.8452 61.311 58.4699 37.2156 90.5628 0.0 66.0984 77.201 93.7475 76.5662 58.1859 47.1699 73.5616 29.4029 93.0904 72.487 68.7032 56.5914 
42.72 102.005 64.7765 32.0 35.5106 50.2365 35.4683 79.0569 50.2494 92.4225 40.7063 60.208 92.2874 89.6181 83.3046 31.0161 77.9469 66.0984 0.0 26.0192 77.7965 47.4131 61.1341 22.6274 42.9418 71.3442 111.826 97.08 82.6355 30.4795 
42.3792 87.7268 39.0512 6.08276 39.4462 50.5964 57.3847 74.0068 24.3311 83.8798 20.5913 69.3397 80.5233 80.9619 74.6726 40.3609 56.9075 77.201 26.0192 0.0 50.2124 26.4008 54.0 44.5982 22.4722 72.5328 97.0464 85.1645 70.6045 22.8035 
47.3828 41.4367 31.0483 46.9855 55.8843 50.5232 89.5989 50.4915 35.5106 47.5395 31.9862 85.4172 40.2616 44.7772 40.3113 62.3971 6.7082 93.7475 77.7965 50.2124 0.0 25.4558 34.2511 81.9134 29.7865 61.1345 49.7293 43.566 31.0161 47.5426 
35.5106 62.3621 25.0599 24.1661 38.3906 41.8688 69.0072 55.6597 18.7883 62.1289 6.7082 68.236 57.1402 59.1354 53.3385 43.9318 32.1509 76.5662 47.4131 26.4008 25.4558 0.0 36.6742 58.3095 4.47214 60.5686 71.5795 61.4003 47.0956 22.0227 
23.5497 48.3967 59.2576 55.3263 33.1795 26.6871 66.9371 20.025 55.4617 31.3847 37.3631 58.9868 32.6513 28.6356 22.3607 39.772 34.5256 58.1859 61.1341 54.0 34.2511 36.6742 0.0 59.8064 37.0 28.8617 57.3178 37.2823 31.7665 32.5576 
38.7764 102.662 80.2247 50.5964 29.0689 56.0831 13.0384 72.104 66.9104 87.6441 52.0865 43.1856 92.2329 85.6639 81.9769 21.2132 82.0638 47.1699 22.6274 44.5982 81.9134 58.3095 59.8064 0.0 54.1479 59.6154 112.531 96.8639 83.2257 36.6742 
33.4215 65.5515 27.8568 20.8806 35.386 40.3113 65.0692 56.5155 19.2094 64.0 2.23607 65.2314 59.5399 61.0 55.0364 40.5216 36.4816 73.5616 42.9418 22.4722 29.7865 4.47214 37.0 54.1479 0.0 59.7081 74.7727 63.9531 49.4975 18.2483 
30.4138 55.9017 84.8798 75.2728 36.0139 22.2036 59.4657 18.4391 78.8645 33.6155 59.5399 26.3097 39.8121 32.573 29.2746 40.7922 61.2386 29.4029 71.3442 72.5328 61.1345 60.5686 28.8617 59.6154 59.7081 0.0 64.2884 43.6807 39.4504 49.7293 
76.2741 9.89949 78.1601 95.598 85.9039 72.8153 117.334 45.8803 85.1469 31.257 76.4887 89.9972 24.6982 31.7805 35.4683 92.4964 43.1741 93.0904 111.826 97.0464 49.7293 71.5795 57.3178 112.531 74.7727 64.2884 0.0 20.6155 30.6105 81.4002 
60.6072 13.1529 74.5252 84.7231 70.2371 52.7323 97.251 25.2982 78.0064 11.0454 65.307 69.3938 5.0 11.1803 15.2643 76.8296 38.3275 72.487 97.08 85.1645 43.566 61.4003 37.2823 96.8639 63.9531 43.6807 20.6155 0.0 14.5602 66.853 
46.969 20.8087 61.9839 70.214 56.5988 47.2641 91.7828 21.341 64.195 16.5529 50.8035 65.6099 10.0499 13.8924 10.8167 63.1913 26.9258 68.7032 82.6355 70.6045 31.0161 47.0956 31.7665 83.2257 49.4975 39.4504 30.6105 14.5602 0.0 52.4085 
19.6977 71.6101 45.8803 25.9422 18.4391 27.8568 47.0 52.2862 34.9857 63.6003 16.4924 48.317 62.0604 60.7289 54.4059 22.4722 47.6929 56.5914 30.4795 22.8035 47.5426 22.0227 32.5576 36.6742 18.2483 49.7293 81.4002 66.853 52.4085 0.0 
DEMAND_SCENARIO_SECTION
0 0 0 0 0 0 0 0 0 0 0 0 0 0 0 0 0 0 0 0 0 0 0 0 0 0 0 0 0 0 0 0 0 0 0 0 0 0 0 0 0 0 0 0 0 0 0 0 0 0 
3 2 3 0 3 4 1 1 4 4 2 0 5 0 0 2 0 4 2 0 2 1 0 6 2 3 3 0 2 3 1 1 3 2 4 5 0 2 2 0 1 5 3 3 1 1 1 4 3 1 
2 4 5 1 2 5 3 4 4 3 2 3 5 2 5 0 0 2 4 2 1 4 3 3 1 2 0 4 3 2 8 4 0 7 4 5 1 5 5 5 4 2 3 1 5 4 5 3 1 4 
4 3 0 1 4 3 3 1 1 4 1 4 2 1 0 2 2 5 3 4 1 2 0 0 2 4 2 4 4 5 4 2 3 5 7 1 2 2 2 0 3 2 0 4 5 4 2 2 2 3 
6 7 10 8 7 7 7 7 7 10 7 6 9 6 3 7 6 9 2 8 7 9 2 8 7 10 0 6 2 5 8 10 6 7 2 6 6 11 5 7 6 8 10 5 10 5 5 7 8 5 
1 8 8 4 4 6 2 11 9 7 7 8 8 4 6 5 6 8 4 8 7 6 4 7 10 7 7 3 5 9 6 2 9 4 4 11 8 7 6 7 10 9 2 8 7 7 7 8 7 7 
11 5 7 8 10 6 6 3 10 10 4 7 9 9 6 8 9 10 9 7 10 9 12 6 10 8 6 7 8 4 11 9 10 12 7 12 13 12 8 13 9 4 11 12 14 8 16 7 12 7 
9 8 7 5 8 9 1 12 1 8 8 9 2 7 6 5 3 8 6 3 4 5 10 12 8 8 3 10 8 6 7 6 7 7 7 10 5 12 0 9 5 5 4 6 7 0 10 4 5 7 
5 8 7 9 6 12 12 7 7 10 8 8 7 7 3 8 13 6 3 11 6 3 11 4 13 8 3 10 4 7 7 10 10 11 4 3 7 6 5 6 8 10 2 11 3 11 7 9 6 9 
3 5 4 1 5 1 4 2 4 0 1 4 3 1 3 3 3 3 3 4 3 2 4 0 3 3 3 4 5 2 5 3 3 1 4 1 2 3 1 0 3 6 0 2 1 2 4 5 2 5 
6 10 8 6 8 0 3 9 9 11 8 8 8 7 8 5 7 10 13 8 8 10 9 11 11 10 9 13 5 8 6 8 9 6 6 8 9 4 8 7 7 8 12 9 10 7 8 7 6 9 
5 10 6 6 10 4 15 8 7 6 7 6 12 4 4 9 5 8 7 6 7 11 4 8 7 8 5 8 10 6 5 8 10 10 8 12 7 6 15 9 2 11 7 6 6 3 7 13 9 9 
8 3 3 4 11 7 3 1 7 10 5 12 6 4 6 7 6 5 9 5 0 9 5 5 9 4 4 4 9 11 4 11 9 3 11 6 8 8 8 9 8 10 4 1 4 4 6 9 7 9 
0 2 4 5 7 4 3 1 7 3 6 5 7 7 5 3 8 3 4 7 1 3 4 3 9 4 2 5 3 4 4 0 4 3 9 4 5 6 2 2 5 2 6 1 6 5 2 3 0 5 
4 7 8 6 11 6 10 10 5 9 5 6 1 6 6 6 5 5 8 6 0 9 9 11 6 5 8 7 10 4 10 4 10 11 8 11 7 11 3 4 4 6 10 9 0 6 7 4 8 7 
9 16 6 9 11 9 8 5 6 8 13 10 10 7 8 9 15 13 10 8 6 11 10 7 14 9 8 12 5 12 5 10 8 11 3 6 7 4 11 12 11 13 7 13 6 8 10 6 12 11 
0 6 6 6 8 4 6 4 8 8 6 7 2 5 4 8 5 3 9 5 5 7 6 3 5 7 7 3 11 8 9 4 6 8 6 6 6 6 6 2 1 3 8 6 4 5 5 9 7 8 
10 9 10 11 10 5 14 11 3 12 16 10 11 12 8 14 10 12 17 6 11 13 8 10 11 10 11 8 12 17 10 10 16 10 10 17 12 11 11 9 8 6 12 14 13 9 6 14 11 10 
15 13 11 10 9 7 2 16 5 4 3 7 4 7 0 13 12 11 8 7 10 9 13 9 9 5 12 9 11 5 4 4 8 6 12 5 8 8 7 11 5 0 5 8 5 9 10 7 4 17 
0 9 7 4 10 10 6 3 7 3 9 8 8 8 3 0 0 9 8 4 7 3 7 4 6 6 1 6 4 3 5 2 7 6 10 5 6 8 5 5 8 4 5 4 6 3 4 6 2 5 
9 7 3 9 8 9 7 7 10 10 6 5 4 6 10 10 12 8 6 6 7 14 6 7 10 7 8 3 5 4 7 7 9 8 1 8 4 4 11 5 6 7 11 7 8 4 6 10 4 5 
5 9 14 8 7 11 10 7 11 11 12 11 10 9 5 7 9 2 12 9 12 7 11 9 9 9 4 9 13 11 8 8 11 9 7 10 13 5 7 18 7 8 4 7 7 7 14 6 10 9 
4 7 7 10 9 11 4 3 4 9 9 7 6 6 6 9 5 9 6 7 10 11 10 10 11 8 5 4 6 8 9 7 2 7 3 8 3 9 7 8 6 7 6 7 9 7 3 4 5 7 
7 2 2 3 4 2 4 3 2 4 2 4 3 2 4 5 4 5 4 3 6 3 1 5 3 3 3 3 0 3 4 3 3 2 5 6 1 3 0 5 3 4 3 0 0 2 3 3 3 2 
10 11 9 7 7 10 11 11 13 14 8 6 6 6 11 3 5 6 4 12 7 8 8 9 7 7 8 7 6 5 6 10 8 7 3 13 9 10 11 2 12 12 6 4 12 14 8 7 7 7 
7 10 7 7 8 4 7 1 12 9 10 7 5 3 9 4 6 6 6 9 5 6 9 13 2 9 7 6 9 10 6 8 8 11 6 7 8 6 3 5 13 2 8 8 7 6 5 7 6 7 
1 1 1 1 1 0 1 0 1 1 2 2 0 0 0 0 1 1 1 0 0 0 1 2 1 1 2 2 0 1 1 1 2 0 1 1 3 0 0 0 0 2 1 0 2 2 0 2 1 2 
6 12 6 8 6 8 8 4 7 10 8 7 6 3 11 9 14 6 11 10 5 7 13 13 6 7 12 5 15 8 4 11 9 8 2 7 9 8 6 9 7 13 9 10 8 9 14 12 8 0 
1 6 7 4 6 6 3 4 3 4 8 6 9 0 6 2 4 5 6 3 6 5 7 2 3 4 8 2 7 8 6 2 4 6 4 5 1 5 1 8 2 6 6 3 5 4 5 6 3 2 
9 9 9 4 9 11 7 9 12 8 6 13 6 13 2 10 9 5 9 5 9 12 13 9 11 8 10 10 10 10 9 11 6 10 7 3 14 6 15 10 9 6 10 4 7 14 9 11 6 5 
DEPOT_SECTION
 1
 -1
EOF
