NAME  : Parada_30_5_0.95_1.00_5
TYPE : SVRP
MODEL : FINITE_SUPPORT
NUMBER_OF_SCENARIOS : 50
DIMENSION : 30
EDGE_WEIGHT_TYPE : MATRIX
CAPACITY : 36
N_VEHICLES : 5
NODE_COORD_SECTION
1 96395 261540
2 384220 259710
3 210250 19695
4 116420 631850
5 237860 300120
6 95627 400870
7 135560 134130
8 376190 44496
9 257010 18
10 311130 149930
11 220430 165780
12 27 427630
13 289770 394890
14 418770 355210
15 226090 705040
16 190640 194210
17 253620 42392
18 51154 56581
19 115550 331990
20 225640 212620
21 150390 326740
22 126730 154420
23 281480 563680
24 251760 302220
25 156980 673420
26 199740 50315
27 307020 260400
28 130970 514110
29 230040 197550
30 358120 686850
DEMAND_SECTION
1 0.0
2 1.0
3 9.0
4 3.0
5 8.0
6 9.0
7 3.0
8 8.0
9 3.0
10 1.0
11 6.0
12 7.0
13 8.0
14 8.0
15 1.0
16 5.0
17 9.0
18 1.0
19 10.0
20 4.0
21 9.0
22 8.0
23 5.0
24 3.0
25 9.0
26 8.0
27 6.0
28 7.0
29 6.0
30 7.0
DISTANCE_MATRIX
0.0 58.1378 37.9473 54.3496 12.0934 19.4165 33.9411 47.5126 51.5301 37.7566 21.9545 62.6321 28.1617 68.8186 70.6373 13.1529 42.9535 45.5412 15.8375 32.785 45.1221 25.0599 51.2447 42.4853 54.6596 31.4006 25.9436 43.4166 34.8685 72.239 
58.1378 0.0 32.0624 72.111 69.7668 70.2369 24.4131 105.186 108.931 95.43 79.2086 29.4109 41.6293 12.1655 66.4906 52.3546 26.0192 51.4782 46.8615 85.1371 99.0063 35.7771 52.0384 19.9249 84.0119 49.4975 74.9278 86.548 87.0833 82.7345 
37.9473 32.0624 0.0 75.3923 49.9834 52.0096 16.9706 81.6802 88.7377 67.3198 59.8625 53.7122 39.0 44.1814 78.0064 26.9258 6.7082 21.0238 34.0588 58.043 82.9699 14.0 58.7 31.0644 83.2334 17.72 47.2782 78.0064 59.4337 91.341 
54.3496 72.111 75.3923 0.0 56.8966 34.968 60.1664 76.1052 71.3442 75.6902 53.1601 52.3927 36.4005 75.71 19.3132 65.8631 76.243 92.1821 46.5223 75.2399 50.9902 62.6355 20.0998 53.0384 14.2127 79.8606 70.7203 30.0832 77.473 18.0278 
12.0934 69.7668 49.9834 56.8966 0.0 22.4722 45.746 38.2099 43.566 26.9258 15.2971 73.2837 38.8133 80.1983 73.9254 27.66 55.044 49.0102 26.4892 21.0 40.05 37.1499 69.2276 53.4079 56.5862 35.1283 13.8924 42.4853 23.0217 74.7861 
19.4165 70.2369 52.0096 34.968 22.4722 0.0 49.8263 49.0408 48.8774 44.0454 22.2036 64.445 28.8852 78.2895 51.7521 31.7805 55.4551 63.6003 22.3358 41.7612 35.0 38.0132 47.0543 50.7971 35.278 49.6488 36.3593 26.0 43.9659 52.8575 
33.9411 24.4131 16.9706 60.1664 45.746 49.8263 0.0 81.1653 85.1469 71.4092 55.4437 38.3275 24.1868 35.7771 61.2944 28.2312 16.1555 37.4433 24.1661 61.7174 76.0514 12.1655 42.2051 14.8661 69.3542 29.8329 51.5081 67.2681 63.6636 74.8461 
47.5126 105.186 81.6802 76.1052 38.2099 49.0408 81.1653 0.0 12.083 16.2788 27.313 109.983 74.2008 115.618 94.0479 63.3485 87.9479 80.5316 61.8767 26.9258 29.5296 72.5692 89.3501 88.7953 68.6586 68.6708 36.6742 48.5077 27.4591 92.0706 
51.5301 108.931 88.7377 71.3442 43.566 48.8774 85.1469 12.083 0.0 27.074 29.7321 108.727 73.1676 119.017 90.0944 70.406 94.4807 89.44 65.1725 37.054 21.2132 76.5866 85.7815 92.0912 62.1289 76.5506 45.3542 42.0119 38.0 86.0523 
37.7566 95.43 67.3198 75.6902 26.9258 44.0454 71.4092 16.2788 27.074 0.0 22.561 98.427 63.9566 105.861 92.6539 48.9624 73.5619 64.5093 52.1524 10.7703 37.8021 59.3876 88.9718 79.0711 71.1126 54.1248 21.4009 52.1536 11.1803 92.9731 
21.9545 79.2086 59.8625 53.1601 15.2971 22.2036 55.4437 27.313 29.7321 22.561 0.0 83.9937 47.8018 89.3218 70.0945 42.954 64.9232 64.1249 35.4776 23.4307 25.02 47.0291 66.603 62.3963 49.3964 50.3587 23.7697 31.8277 25.6125 70.5762 
62.6321 29.4109 53.7122 52.3927 73.2837 64.445 38.3275 109.983 108.727 98.427 83.9937 0.0 36.7696 26.4764 41.1096 63.0079 49.7393 74.7329 48.5077 93.9754 93.1718 49.6488 33.8378 23.5372 66.1891 68.1542 87.1339 76.2383 96.0588 58.3095 
28.1617 41.6293 39.0 36.4005 38.8133 28.8852 24.1868 74.2008 73.1676 63.9566 47.8018 36.7696 0.0 49.4065 42.482 31.7805 40.025 56.4004 13.1529 59.505 57.6547 26.6271 23.0894 21.9545 45.1774 44.5533 52.6636 44.9444 61.5884 53.0905 
68.8186 12.1655 44.1814 75.71 80.1983 78.2895 35.7771 115.618 119.017 105.861 89.3218 26.4764 49.4065 0.0 67.0298 63.9766 38.0132 63.1981 56.6392 97.027 107.059 47.5395 55.7853 27.6586 88.8811 61.6604 86.8177 94.1075 98.9732 84.006 
70.6373 66.4906 78.0064 19.3132 73.9254 51.7521 61.2944 94.0479 90.0944 92.6539 70.0945 41.1096 42.482 67.0298 0.0 74.5287 77.1751 97.0415 56.2493 92.2244 70.0928 67.3162 20.6155 50.1597 32.45 86.0556 87.7756 49.3356 94.4499 17.2627 
13.1529 52.3546 26.9258 65.8631 27.66 31.7805 28.2312 63.3485 70.406 48.9624 42.954 63.0079 31.7805 63.9766 74.5287 0.0 32.8024 32.3883 19.7289 39.7133 57.6657 16.6433 54.825 40.4475 67.055 18.2483 28.9485 56.5155 41.1039 82.6793 
42.9535 26.0192 6.7082 76.243 55.044 55.4551 16.1555 87.9479 94.4807 73.5619 64.9232 49.7393 40.025 38.0132 77.1751 32.8024 0.0 25.7099 37.2156 64.3127 87.5957 18.0278 58.2943 28.2843 85.0416 24.3516 53.5479 81.3022 65.7034 90.9353 
45.5412 51.4782 21.0238 92.1821 49.0102 63.6003 37.4433 80.5316 89.44 64.5093 64.1249 74.7329 56.4004 63.1981 97.0415 32.3883 25.7099 0.0 47.8539 53.7401 89.0505 29.8329 77.6489 51.9711 97.8195 14.1421 46.9535 88.8426 53.6656 108.912 
15.8375 46.8615 34.0588 46.5223 26.4892 22.3358 24.1661 61.8767 65.1725 52.1524 35.4776 48.5077 13.1529 56.6392 56.2493 19.7289 37.2156 47.8539 0.0 47.1808 55.462 20.0998 36.1502 29.4109 49.98 34.6699 40.3394 44.1134 49.2643 63.3385 
32.785 85.1371 58.043 75.2399 21.0 41.7612 61.7174 26.9258 37.054 10.7703 23.4307 93.9754 59.505 97.027 92.2244 39.7133 64.3127 53.7401 47.1808 0.0 44.2832 50.1384 87.5266 74.0995 72.6705 44.848 11.4018 55.1725 2.23607 93.0376 
45.1221 99.0063 82.9699 50.9902 40.05 35.0 76.0514 29.5296 21.2132 37.8021 25.02 93.1718 57.6547 107.059 70.0928 57.6657 87.5957 89.0505 55.462 44.2832 0.0 69.5701 66.7133 79.5665 41.0122 75.1665 48.0521 21.095 46.0652 65.0 
25.0599 35.7771 14.0 62.6355 37.1499 38.0132 12.1655 72.5692 76.5866 59.3876 47.0291 49.6488 26.6271 47.5395 67.3162 16.6433 18.0278 29.8329 20.0998 50.1384 69.5701 0.0 47.9236 26.1725 69.6431 19.2354 39.3736 64.0078 51.5291 79.4517 
51.2447 52.0384 58.7 20.0998 69.2276 47.0543 42.2051 89.3501 85.7815 88.9718 66.603 33.8378 23.0894 55.7853 20.6155 54.825 58.2943 77.6489 36.1502 87.5266 66.7133 47.9236 0.0 33.2415 33.1061 66.6631 83.0778 45.6228 89.7521 32.6956 
42.4853 19.9249 31.0644 53.0384 53.4079 50.7971 14.8661 88.7953 92.0912 79.0711 62.3963 23.5372 21.9545 27.6586 50.1597 40.4475 28.2843 51.9711 29.4109 74.0995 79.5665 26.1725 33.2415 0.0 64.3817 44.643 67.8341 66.7956 76.183 65.2534 
54.6596 84.0119 83.2334 14.2127 56.5862 35.278 69.3542 68.6586 62.1289 71.1126 49.3964 66.1891 45.1774 88.8811 32.45 67.055 85.0416 97.8195 49.98 72.6705 41.0122 69.6431 33.1061 64.3817 0.0 84.6515 70.0357 20.2237 74.8866 24.0208 
31.4006 49.4975 17.72 79.8606 35.1283 49.6488 29.8329 68.6708 76.5506 54.1248 50.3587 68.1542 44.5533 61.6604 86.0556 18.2483 24.3516 14.1421 34.6699 44.848 75.1665 19.2354 66.6631 44.643 84.6515 0.0 34.0832 74.7329 45.2457 96.6768 
25.9436 74.9278 47.2782 70.7203 13.8924 36.3593 51.5081 36.6742 45.3542 21.4009 23.7697 87.1339 52.6636 86.8177 87.7756 28.9485 53.5479 46.9535 40.3394 11.4018 48.0521 39.3736 83.0778 67.8341 70.0357 34.0832 0.0 54.6443 12.53 88.6097 
43.4166 86.548 78.0064 30.0832 42.4853 26.0 67.2681 48.5077 42.0119 52.1536 31.8277 76.2383 44.9444 94.1075 49.3356 56.5155 81.3022 88.8426 44.1134 55.1725 21.095 64.0078 45.6228 66.7956 20.2237 74.7329 54.6443 0.0 57.3149 44.0454 
34.8685 87.0833 59.4337 77.473 23.0217 43.9659 63.6636 27.4591 38.0 11.1803 25.6125 96.0588 61.5884 98.9732 94.4499 41.1039 65.7034 53.6656 49.2643 2.23607 46.0652 51.5291 89.7521 76.183 74.8866 45.2457 12.53 57.3149 0.0 95.2733 
72.239 82.7345 91.341 18.0278 74.7861 52.8575 74.8461 92.0706 86.0523 92.9731 70.5762 58.3095 53.0905 84.006 17.2627 82.6793 90.9353 108.912 63.3385 93.0376 65.0 79.4517 32.6956 65.2534 24.0208 96.6768 88.6097 44.0454 95.2733 0.0 
DEMAND_SCENARIO_SECTION
0 0 0 0 0 0 0 0 0 0 0 0 0 0 0 0 0 0 0 0 0 0 0 0 0 0 0 0 0 0 0 0 0 0 0 0 0 0 0 0 0 0 0 0 0 0 0 0 0 0 
1 0 2 1 0 1 1 2 1 1 2 1 2 0 2 0 1 0 0 1 1 1 1 1 0 2 1 1 0 2 2 1 1 0 3 0 0 3 1 1 0 1 1 1 0 1 3 2 0 1 
12 9 8 6 9 11 4 14 5 9 12 7 8 10 11 14 11 11 8 4 9 9 9 8 6 8 12 6 13 12 6 10 13 8 10 11 4 14 11 7 9 10 11 12 15 6 6 8 13 10 
5 2 5 2 4 5 1 3 5 3 2 4 1 3 3 4 1 6 1 3 2 2 0 1 5 5 2 1 4 0 4 1 4 5 1 1 0 2 2 3 5 1 1 0 4 0 2 3 4 4 
7 8 11 6 9 10 6 6 7 10 12 11 9 9 12 15 4 9 10 9 13 3 9 8 8 3 5 9 8 2 7 5 5 11 6 11 11 10 10 3 7 9 11 7 7 11 5 9 9 9 
5 10 7 5 11 6 9 13 14 6 7 14 16 8 16 10 13 12 5 14 7 6 9 12 9 6 13 2 4 3 10 13 7 8 10 10 7 10 9 9 12 8 5 10 8 6 2 11 11 9 
5 0 4 0 6 3 2 0 1 4 3 0 7 2 1 5 2 1 3 3 3 4 3 1 3 3 4 5 4 4 4 2 4 2 4 6 1 4 2 3 2 3 6 5 1 3 2 1 4 1 
6 8 9 12 7 12 5 6 11 10 6 6 11 9 9 8 12 6 12 5 9 9 12 8 7 2 7 6 11 11 11 8 8 8 9 2 12 8 9 7 10 5 8 6 7 9 8 7 7 6 
2 2 6 4 2 0 4 6 6 3 4 3 3 4 0 1 0 3 5 2 4 3 3 2 3 2 1 0 5 3 2 3 5 4 0 4 4 4 5 3 0 3 1 1 3 5 4 2 0 4 
2 1 0 2 0 0 1 0 1 0 0 0 2 1 1 0 2 0 4 1 2 1 2 1 0 0 2 1 2 1 0 1 1 0 1 1 2 1 1 2 0 1 0 3 0 1 0 2 1 1 
9 5 4 5 7 4 5 5 7 9 4 7 5 7 2 9 5 5 9 6 4 9 7 9 4 11 6 3 5 9 9 5 4 2 8 3 6 4 1 4 9 9 7 9 4 8 5 6 13 4 
9 3 9 1 7 7 8 11 4 4 5 8 7 7 6 9 6 1 11 6 8 4 6 9 3 4 5 13 6 6 9 8 8 10 4 9 6 6 7 13 8 6 8 5 10 7 8 7 5 5 
4 2 8 6 11 10 10 13 15 14 8 5 12 4 8 9 8 7 2 5 4 8 7 6 9 11 5 8 7 7 8 7 9 4 4 7 5 10 8 15 15 11 2 6 12 8 3 6 9 8 
13 13 5 8 12 10 3 6 10 6 7 9 8 10 9 6 5 5 3 7 7 6 9 11 8 8 4 4 8 9 6 2 10 4 6 5 6 10 6 3 6 10 2 6 10 8 10 8 7 8 
2 1 2 1 1 1 1 0 1 0 0 2 0 4 0 0 1 1 1 2 2 0 0 1 1 2 0 3 0 2 0 2 3 0 2 2 1 4 2 0 0 3 1 1 2 1 2 2 0 2 
9 2 5 6 3 1 5 5 4 5 3 3 6 4 4 5 6 7 5 7 6 6 6 4 1 2 5 5 8 5 0 2 6 2 0 6 5 7 7 4 10 5 4 4 4 6 8 5 5 7 
6 7 8 11 6 12 7 3 10 8 14 11 5 6 15 13 14 9 12 7 13 10 11 7 5 7 7 9 9 9 6 16 11 8 10 11 8 5 7 8 8 9 8 5 12 9 12 14 5 11 
2 1 1 1 1 0 1 4 0 2 1 0 0 1 2 2 1 2 3 1 1 1 2 1 1 0 1 1 2 1 1 3 0 0 1 1 0 1 3 0 2 2 2 1 1 0 3 2 2 3 
9 16 13 9 8 8 14 6 12 15 13 12 10 15 7 12 13 11 12 12 18 9 8 6 15 5 8 11 1 16 6 13 9 7 9 11 9 15 14 6 16 14 16 5 7 11 9 9 6 12 
5 9 3 0 3 3 7 2 4 6 3 3 3 4 2 3 5 3 5 2 6 6 3 1 5 4 5 2 3 3 7 2 7 6 0 3 5 7 5 3 4 5 2 1 2 2 7 6 2 2 
9 8 10 11 12 10 12 13 15 8 6 6 14 10 10 11 10 13 13 10 11 9 11 11 9 4 11 8 10 10 9 12 9 6 6 12 8 4 13 7 10 9 7 10 7 18 14 7 9 7 
9 12 8 11 7 9 3 9 13 9 4 12 10 9 4 6 4 12 8 7 5 10 6 6 6 7 8 8 6 6 8 9 13 8 6 11 12 3 9 8 7 9 9 14 11 3 8 8 13 5 
7 0 6 5 0 7 5 9 4 2 3 0 11 3 4 8 3 4 2 6 8 3 10 4 5 4 5 5 1 5 6 4 7 4 4 7 5 4 2 8 6 1 2 7 8 4 5 5 6 2 
0 2 3 5 5 2 2 1 4 2 2 2 2 3 2 4 3 2 0 2 5 2 0 0 4 4 3 6 2 7 3 3 3 0 2 4 5 5 4 3 5 3 0 1 4 2 0 5 4 1 
6 9 8 9 5 11 7 9 11 10 11 12 4 9 10 16 5 7 8 10 8 12 7 8 11 6 9 9 5 12 11 9 7 6 15 15 5 6 4 12 10 6 12 11 9 12 5 6 11 11 
5 6 15 14 6 8 14 9 11 8 5 3 4 13 9 8 10 10 11 10 2 5 0 5 14 14 10 11 7 12 6 9 9 10 8 9 13 7 4 6 5 10 15 9 10 9 6 8 6 7 
6 8 6 6 10 2 5 6 5 10 5 3 5 6 7 0 8 6 9 4 9 1 5 6 6 4 5 8 9 7 6 6 6 6 2 4 5 7 7 6 10 4 6 5 8 5 3 6 6 5 
7 7 7 1 7 10 8 8 9 10 1 12 11 5 6 7 7 7 7 5 5 2 9 10 2 0 10 8 6 2 6 6 7 5 0 6 5 12 6 6 10 6 6 7 8 11 9 8 7 4 
8 9 8 7 4 4 5 5 7 5 3 7 4 2 3 6 4 6 7 7 5 10 7 5 3 4 8 5 6 9 7 11 4 6 4 4 7 5 9 5 4 11 5 5 8 7 6 8 2 10 
5 6 9 10 4 6 7 11 7 13 7 7 7 6 8 11 11 7 9 8 10 11 8 7 5 6 13 5 9 15 9 10 4 5 3 9 11 9 4 7 4 3 8 11 8 8 4 5 1 8 
DEPOT_SECTION
 1
 -1
EOF
