NAME  : Parada_30_5_0.95_1.00_9
TYPE : SVRP
MODEL : FINITE_SUPPORT
NUMBER_OF_SCENARIOS : 50
DIMENSION : 30
EDGE_WEIGHT_TYPE : MATRIX
CAPACITY : 36
N_VEHICLES : 5
NODE_COORD_SECTION
1 244940 250000
2 336270 305590
3 288790 457290
4 42697 383580
5 404560 399380
6 230520 285130
7 201870 81396
8 393120 180660
9 283090 18
10 357360 188220
11 20067 270250
12 203070 471050
13 481790 204500
14 567050 426460
15 333440 470090
16 559250 322580
17 266460 113950
18 199320 250470
19 27 293940
20 213200 512420
21 148890 241670
22 310190 192030
23 246870 531580
24 319270 488550
25 418490 553360
26 237990 46056
27 429520 227610
28 358640 399710
29 148140 68487
30 548280 392200
DEMAND_SECTION
1 0.0
2 3.0
3 7.0
4 9.0
5 5.0
6 9.0
7 2.0
8 9.0
9 9.0
10 4.0
11 8.0
12 7.0
13 6.0
14 9.0
15 1.0
16 3.0
17 2.0
18 9.0
19 10.0
20 1.0
21 3.0
22 9.0
23 6.0
24 10.0
25 2.0
26 8.0
27 4.0
28 2.0
29 5.0
30 9.0
DISTANCE_MATRIX
0.0 25.6385 39.4318 55.57 23.3499 29.0689 36.7525 14.8661 56.0803 28.6007 54.6717 47.2363 33.1361 47.7074 18.2483 57.3149 33.7588 30.0227 55.1725 40.2021 43.1727 25.4558 39.3005 35.2627 50.9724 38.9585 34.176 19.4411 49.98 45.3431 
25.6385 0.0 47.5957 41.1947 35.5736 12.1655 34.2053 40.2592 89.3133 48.0521 33.2866 56.7007 57.1402 37.784 16.8763 50.7531 27.2947 47.2938 34.8855 64.8267 18.6011 43.4166 64.4967 43.4267 54.3387 35.4683 56.2228 29.9141 75.3157 40.1966 
39.4318 47.5957 0.0 85.7761 20.6301 58.3177 70.6637 39.1142 51.1566 67.9748 75.3802 9.21954 55.166 32.5576 37.2947 34.7131 67.3749 69.3629 77.4999 14.1421 58.8774 64.8782 21.095 5.09902 18.4391 72.5747 61.8878 20.0499 57.0088 26.0768 
55.57 41.1947 85.7761 0.0 73.2728 29.6142 36.8917 68.4045 110.8 59.691 19.105 94.8811 75.8024 74.9667 55.0567 88.1192 24.0416 60.2015 15.6205 95.3792 31.9531 54.9181 95.0491 81.6071 92.5191 30.4138 69.985 69.3465 99.583 78.2304 
23.3499 35.5736 20.6301 73.2728 0.0 46.2956 54.5818 25.9714 53.8516 51.8929 63.3581 29.7351 44.8857 34.4819 22.3026 41.8808 51.5881 53.281 65.4778 29.5586 46.9473 48.7964 29.2286 16.4611 32.1708 56.7878 56.7198 6.32456 54.0093 30.4138 
29.0689 12.1655 58.3177 29.6142 46.2956 0.0 26.5707 43.2666 85.1469 45.0444 25.6125 67.4227 57.28 48.506 27.5983 61.4751 16.2788 44.0555 26.1725 69.2664 17.0294 40.0125 68.9364 54.1487 65.0607 25.807 54.4621 42.3693 77.8267 50.9186 
36.7525 34.2053 70.6637 36.8917 54.5818 26.5707 0.0 37.5563 75.9716 22.8254 45.5412 74.5851 39.0512 77.0555 51.0454 87.6852 14.3178 23.5563 44.1475 67.551 43.1741 18.0278 66.6494 66.4946 81.9926 8.0 33.121 50.6555 62.9365 75.6456 
14.8661 40.2592 39.1142 68.4045 25.9714 43.2666 37.5563 0.0 42.45 23.7697 68.8186 37.221 20.6155 58.4481 32.9848 67.1522 46.5933 30.0 69.029 30.1868 57.7933 23.3452 29.0172 41.2244 56.9341 45.5183 24.7588 29.8456 35.1141 56.094 
56.0803 89.3133 51.1566 110.8 53.8516 85.1469 75.9716 42.45 0.0 56.648 110.752 44.0454 40.2616 83.6002 72.9305 85.0529 88.989 68.4152 111.198 37.054 99.2657 59.5063 30.0666 52.7731 65.4905 83.9335 49.2443 60.1664 19.4165 77.2334 
28.6007 48.0521 67.9748 59.691 51.8929 45.0444 22.8254 23.7697 56.648 0.0 67.4463 60.8161 17.2047 76.2758 43.9091 85.8584 36.7696 17.0 66.4078 53.782 62.0081 5.09902 51.9711 63.8058 79.5155 30.7849 10.2956 47.9841 41.6173 73.8908 
54.6717 33.2866 75.3802 19.105 63.3581 25.6125 45.5412 68.8186 110.752 67.4463 0.0 84.4852 81.9368 61.0328 44.6608 74.0 31.257 66.8218 3.60555 92.6112 17.2627 62.3618 92.2812 71.2112 81.4923 41.0122 77.4919 57.6987 103.078 65.4905 
47.2363 56.7007 9.21954 94.8811 29.7351 67.4227 74.5851 37.221 44.0454 60.8161 84.4852 0.0 53.2635 40.8044 46.3997 41.0122 76.4799 67.0288 86.6049 8.06226 67.9824 60.5596 14.5602 13.6015 21.8403 82.5471 59.9945 29.1548 52.3927 33.9559 
33.1361 57.1402 55.166 75.8024 44.8857 57.28 39.0512 20.6155 40.2616 17.2047 81.9368 53.2635 0.0 78.8922 51.0 86.0665 52.2539 31.6008 81.5405 45.8039 73.5459 21.2132 42.0595 60.1387 73.2042 47.0454 9.05539 50.2898 24.4131 75.0083 
47.7074 37.784 32.5576 74.9667 34.4819 48.506 77.0555 58.4481 83.6002 76.2758 61.0328 40.8044 78.8922 0.0 36.4005 13.1529 64.4031 77.1195 64.0 46.6905 44.0114 72.8011 53.6004 31.0161 25.4558 72.9897 81.4125 29.5466 87.4643 7.2111 
18.2483 16.8763 37.2947 55.0567 22.3026 27.5983 51.0454 32.9848 72.9305 43.9091 44.6608 46.3997 51.0 36.4005 0.0 48.3735 43.4953 44.0601 46.7805 51.5557 28.25 39.9642 51.2257 33.1256 47.1699 52.0819 50.8934 17.72 68.0074 36.6742 
57.3149 50.7531 34.7131 88.1192 41.8808 61.4751 87.6852 67.1522 85.0529 85.8584 74.0 41.0122 86.0665 13.1529 48.3735 0.0 77.3721 87.7491 77.026 48.2597 57.0789 82.7587 55.2268 35.1141 20.6155 85.9587 90.6853 38.2884 91.6788 12.0416 
33.7588 27.2947 67.3749 24.0416 51.5881 16.2788 14.3178 46.5933 88.989 36.7696 31.257 76.4799 52.2539 64.4031 43.4953 77.3721 0.0 36.6531 29.8329 73.5679 30.8707 31.7805 72.6664 63.2059 78.8856 10.4403 47.0106 47.6618 76.0345 66.8156 
30.0227 47.2938 69.3629 60.2015 53.281 44.0555 23.5563 30.0 68.4152 17.0 66.8218 67.0288 31.6008 77.1195 44.0601 87.7491 36.6531 0.0 65.9396 59.9946 61.0094 12.1231 59.0931 65.1938 80.9036 31.5183 26.6815 49.1096 55.3814 75.7095 
55.1725 34.8855 77.4999 15.6205 65.4778 26.1725 44.1475 69.029 111.198 66.4078 3.60555 86.6049 81.5405 64.0 46.7805 77.026 29.8329 65.9396 0.0 95.3726 20.025 61.3514 95.0425 73.3308 83.9524 39.2046 76.5506 59.8183 102.99 68.2642 
40.2021 64.8267 14.1421 95.3792 29.5586 69.2664 67.551 30.1868 37.054 53.782 92.6112 8.06226 45.8039 46.6905 51.5557 48.2597 73.5679 59.9946 95.3726 0.0 76.2004 53.5254 7.0 16.5529 29.7321 75.5129 52.8394 32.4106 44.3847 40.1995 
43.1727 18.6011 58.8774 31.9531 46.9473 17.0294 43.1741 57.7933 99.2657 62.0081 17.2627 67.9824 73.5459 44.0114 28.25 57.0789 30.8707 61.0094 20.025 76.2004 0.0 57.0 75.8704 54.7083 64.2884 41.2311 71.2531 41.2878 92.8493 48.2597 
25.4558 43.4166 64.8782 54.9181 48.7964 40.0125 18.0278 23.3452 59.5063 5.09902 62.3618 60.5596 21.2132 72.8011 39.9642 82.7587 31.7805 12.1231 61.3514 53.5254 57.0 0.0 52.2398 60.7092 76.4189 26.0217 15.2315 44.8876 45.4533 70.7672 
39.3005 64.4967 21.095 95.0491 29.2286 68.9364 66.6494 29.0172 30.0666 51.9711 92.2812 14.5602 42.0595 53.6004 51.2257 55.2268 72.6664 59.0931 95.0425 7.0 75.8704 52.2398 0.0 23.0868 36.4005 74.6114 49.7695 35.5202 38.0132 47.1699 
35.2627 43.4267 5.09902 81.6071 16.4611 54.1487 66.4946 41.2244 52.7731 63.8058 71.2112 13.6015 60.1387 31.0161 33.1256 35.1141 63.2059 65.1938 73.3308 16.5529 54.7083 60.7092 23.0868 0.0 21.4009 68.4056 65.3793 15.8808 56.8917 25.1794 
50.9724 54.3387 18.4391 92.5191 32.1708 65.0607 81.9926 56.9341 65.4905 79.5155 81.4923 21.8403 73.2042 25.4558 47.1699 20.6155 78.8856 80.9036 83.9524 29.7321 64.2884 76.4189 36.4005 21.4009 0.0 84.0853 81.089 31.3209 74.0945 18.4391 
38.9585 35.4683 72.5747 30.4138 56.7878 25.807 8.0 45.5183 83.9335 30.7849 41.0122 82.5471 47.0454 72.9897 52.0819 85.9587 10.4403 31.5183 39.2046 75.5129 41.2311 26.0217 74.6114 68.4056 84.0853 0.0 41.0789 52.8615 70.8823 77.8516 
34.176 56.2228 61.8878 69.985 56.7198 54.4621 33.121 24.7588 49.2443 10.2956 77.4919 59.9945 9.05539 81.4125 50.8934 90.6853 47.0106 26.6815 76.5506 52.8394 71.2531 15.2315 49.7695 65.3793 81.089 41.0789 0.0 52.811 32.6497 78.7177 
19.4411 29.9141 20.0499 69.3465 6.32456 42.3693 50.6555 29.8456 60.1664 47.9841 57.6987 29.1548 50.2898 29.5466 17.72 38.2884 47.6618 49.1096 59.8183 32.4106 41.2878 44.8876 35.5202 15.8808 31.3209 52.8615 52.811 0.0 60.075 26.4008 
49.98 75.3157 57.0088 99.583 54.0093 77.8267 62.9365 35.1141 19.4165 41.6173 103.078 52.3927 24.4131 87.4643 68.0074 91.6788 76.0345 55.3814 102.99 44.3847 92.8493 45.4533 38.0132 56.8917 74.0945 70.8823 32.6497 60.075 0.0 82.0635 
45.3431 40.1966 26.0768 78.2304 30.4138 50.9186 75.6456 56.094 77.2334 73.8908 65.4905 33.9559 75.0083 7.2111 36.6742 12.0416 66.8156 75.7095 68.2642 40.1995 48.2597 70.7672 47.1699 25.1794 18.4391 77.8516 78.7177 26.4008 82.0635 0.0 
DEMAND_SCENARIO_SECTION
0 0 0 0 0 0 0 0 0 0 0 0 0 0 0 0 0 0 0 0 0 0 0 0 0 0 0 0 0 0 0 0 0 0 0 0 0 0 0 0 0 0 0 0 0 0 0 0 0 0 
3 4 4 3 2 3 4 4 2 5 1 1 3 3 5 5 5 3 3 5 3 3 4 1 2 4 2 6 1 3 5 1 2 4 2 1 4 6 2 4 4 3 2 3 7 4 4 5 3 4 
5 7 5 7 7 9 9 12 1 3 6 4 6 5 4 10 6 11 9 9 11 6 6 6 3 9 2 9 9 9 5 8 5 5 7 10 7 8 5 8 11 4 7 8 10 6 8 6 6 8 
9 7 7 1 3 7 5 12 7 9 8 12 13 8 3 9 7 3 4 11 10 13 17 8 6 12 9 6 16 12 9 12 11 9 11 7 9 14 14 9 13 10 15 7 8 6 10 12 10 10 
5 6 7 4 8 6 6 8 8 7 3 4 3 5 2 5 8 10 3 5 3 9 3 8 8 5 2 12 7 6 9 5 9 6 4 5 7 6 5 5 6 3 2 0 5 6 6 4 6 7 
13 7 12 5 12 6 7 6 7 8 11 14 8 12 8 4 5 9 9 8 11 5 4 7 12 3 4 5 16 5 8 6 14 6 10 13 9 13 11 13 11 13 16 11 9 7 4 8 9 8 
3 6 2 1 3 2 1 2 0 2 4 1 2 2 0 1 1 2 5 2 2 1 2 2 1 1 1 1 1 2 3 4 3 1 0 3 2 0 1 5 2 2 1 4 3 3 3 2 3 2 
7 6 6 7 12 3 6 13 8 6 5 13 1 8 7 11 7 8 11 12 7 11 8 10 7 10 11 11 6 7 8 8 10 7 5 13 11 9 5 10 9 12 7 5 10 9 9 9 9 9 
8 12 7 4 7 11 5 11 11 8 10 9 5 7 12 8 9 7 8 4 11 8 9 4 9 9 11 12 13 8 10 5 8 12 7 12 9 9 13 9 13 12 9 8 9 13 6 9 6 12 
3 7 3 4 4 3 7 6 1 6 2 2 4 2 4 5 3 2 7 7 2 3 4 4 1 3 3 4 4 2 7 9 8 2 9 3 5 2 7 3 2 7 5 7 2 9 5 1 1 5 
2 5 9 8 6 8 7 8 8 6 6 9 12 7 8 4 4 11 5 9 3 10 8 8 11 5 6 5 9 11 6 6 12 14 13 12 10 15 6 14 9 6 4 4 8 5 6 13 7 5 
8 14 5 8 10 2 9 6 7 7 10 11 7 10 4 9 8 7 4 6 6 12 6 9 5 10 10 3 8 8 12 6 8 9 11 8 6 10 6 10 4 5 7 4 4 4 6 7 9 5 
12 4 2 6 6 3 7 5 5 6 6 4 4 6 10 2 6 7 5 6 8 6 12 8 8 8 9 9 6 5 6 2 6 6 3 4 5 4 3 5 6 9 7 7 10 5 5 5 6 5 
10 15 15 14 9 8 7 11 11 8 3 8 4 9 15 11 7 8 9 11 6 6 14 12 9 13 6 11 8 8 8 6 7 9 11 9 9 8 10 13 9 6 16 11 8 11 8 8 9 6 
1 0 2 0 0 1 1 1 1 1 1 1 1 2 2 2 1 0 1 0 1 0 0 0 2 0 0 2 0 1 1 2 1 1 2 1 0 0 0 0 2 0 1 2 1 1 1 1 2 1 
1 2 4 4 3 4 7 4 3 3 2 4 4 2 5 1 1 2 3 2 4 3 2 2 7 3 0 3 1 3 1 4 2 5 4 6 6 0 0 3 2 6 3 5 5 2 1 3 4 2 
4 2 3 2 2 3 0 1 1 1 2 3 0 2 1 0 1 2 1 0 3 4 3 3 1 0 2 1 4 1 2 3 2 2 4 3 2 4 2 4 4 0 2 2 4 3 1 2 0 1 
10 8 16 12 11 9 5 12 4 14 12 5 7 9 12 10 14 7 13 13 9 7 10 8 5 8 11 16 2 9 10 12 6 11 9 6 12 8 11 10 6 11 11 8 5 2 4 11 11 12 
9 16 9 7 7 13 15 9 7 14 11 11 12 13 13 6 8 6 8 10 13 6 9 11 5 13 8 10 10 14 11 13 13 16 9 13 8 10 9 7 10 9 8 14 7 13 10 7 8 8 
1 0 1 3 1 2 0 1 0 1 2 0 2 0 0 1 2 2 0 1 1 1 2 2 1 2 2 1 0 3 1 0 2 2 4 0 2 0 1 0 1 2 1 2 1 0 1 0 2 2 
7 5 4 3 3 0 1 5 5 5 5 3 4 2 4 6 4 0 4 5 3 0 3 6 4 1 4 3 4 0 3 5 3 5 5 3 2 5 3 5 4 1 4 5 2 4 5 2 4 5 
7 9 12 11 13 3 4 10 12 5 11 11 6 5 8 13 8 5 13 8 6 11 7 9 15 11 6 11 11 10 11 16 10 18 12 7 13 11 7 11 12 11 10 6 8 8 14 9 12 9 
5 8 3 4 5 6 2 8 6 6 7 2 5 1 7 4 7 4 6 6 7 7 5 4 4 5 3 11 7 6 9 6 6 11 4 5 6 6 4 7 4 7 4 11 5 5 4 6 8 12 
10 7 8 10 16 7 8 7 8 8 7 15 11 13 11 9 12 15 7 6 9 10 12 14 12 11 9 8 5 15 13 7 13 13 7 8 9 11 11 8 8 11 8 10 11 13 6 11 11 9 
3 3 2 3 1 3 0 0 3 2 2 4 2 3 3 1 2 3 1 1 0 0 3 2 3 4 3 4 2 3 1 3 3 0 1 0 3 2 1 3 0 4 0 2 2 3 1 3 1 2 
11 6 8 12 10 5 12 6 11 2 6 7 9 4 5 7 5 9 3 4 7 9 13 8 12 1 8 8 8 4 8 10 6 6 10 7 6 11 12 8 6 4 10 13 11 11 7 9 10 5 
6 5 7 4 2 4 3 1 0 2 7 6 4 4 5 0 6 5 4 4 3 5 5 5 4 3 3 2 6 4 3 5 5 4 3 6 4 3 2 5 5 3 2 2 4 6 5 1 2 6 
3 0 4 1 3 1 4 3 4 1 2 1 2 1 4 2 2 2 2 4 0 3 1 1 5 3 1 1 1 1 2 2 2 2 1 2 4 2 1 0 3 1 3 0 3 0 1 0 3 2 
6 6 8 5 4 4 7 6 4 5 2 6 2 5 4 5 6 2 8 1 3 5 6 0 5 4 7 2 8 1 9 8 5 3 2 10 6 6 3 3 3 5 6 5 7 3 5 6 4 5 
14 10 7 12 7 9 8 4 6 10 10 8 2 8 7 9 11 7 11 9 17 7 15 10 9 3 6 10 6 9 16 7 7 6 9 8 7 9 8 8 6 19 7 8 9 8 9 9 11 12 
DEPOT_SECTION
 1
 -1
EOF
