NAME  : Parada_30_5_0.95_1.00_1
TYPE : SVRP
MODEL : FINITE_SUPPORT
NUMBER_OF_SCENARIOS : 50
DIMENSION : 30
EDGE_WEIGHT_TYPE : MATRIX
CAPACITY : 41
N_VEHICLES : 5
NODE_COORD_SECTION
1 211490 338500
2 290570 114510
3 208280 7437
4 135810 463330
5 253020 373880
6 81444 113850
7 150010 38960
8 326130 46947
9 218060 88896
10 254300 316460
11 230720 452800
12 221550 533830
13 320190 524040
14 407100 555140
15 252180 678850
16 340750 259970
17 214020 193320
18 27 339630
19 106860 197150
20 41074 565930
21 143030 68581
22 174550 194650
23 302110 337340
24 327350 704030
25 213860 383800
26 241690 18
27 349110 573590
28 128150 433750
29 299530 576000
30 378100 217340
DEMAND_SECTION
1 0.0
2 9.0
3 10.0
4 7.0
5 10.0
6 8.0
7 4.0
8 7.0
9 7.0
10 8.0
11 4.0
12 7.0
13 10.0
14 6.0
15 10.0
16 7.0
17 6.0
18 4.0
19 10.0
20 8.0
21 4.0
22 7.0
23 4.0
24 6.0
25 7.0
26 7.0
27 8.0
28 1.0
29 7.0
30 6.0
DISTANCE_MATRIX
0.0 50.4267 53.566 30.219 12.1555 45.5412 41.9762 43.0465 47.3611 6.7082 48.7303 64.1851 64.416 57.4632 37.1214 25.2982 28.6833 58.4228 35.4793 41.4894 59.198 30.5941 9.21954 38.833 8.32456 54.1168 64.4641 31.8161 72.8839 31.7805 
50.4267 0.0 77.1038 76.2131 38.9487 23.7697 39.0512 52.0384 10.8167 57.1022 98.7998 110.174 114.486 105.702 82.8553 62.2656 29.2947 99.9437 15.0 45.2769 83.9737 25.632 51.1484 80.2604 46.1022 75.5381 110.569 77.8102 122.953 64.4748 
53.566 77.1038 0.0 46.2455 63.4671 56.3028 39.9249 26.4008 82.0975 51.5235 56.7539 62.0725 68.1836 77.1298 80.4297 30.8345 54.0 33.2415 67.0075 95.5279 10.2956 52.1536 44.4061 87.5432 59.6361 4.12311 74.6726 43.8591 76.0263 24.112 
30.219 76.2131 46.2455 0.0 42.0173 65.1659 55.5428 50.0 77.2229 27.271 18.868 35.4683 34.6699 36.4966 46.341 21.095 50.9184 36.8782 63.9517 77.6435 41.7253 52.0214 25.6208 53.265 38.1863 49.5204 37.6962 4.0 43.0465 26.9258 
12.1555 38.9487 63.4671 42.0173 0.0 40.1995 42.8002 50.6528 35.3553 18.831 60.0983 75.5531 75.7841 66.7082 44.2719 36.4251 23.587 70.2126 24.1661 32.0614 69.0991 25.4951 19.4324 43.1045 7.83095 64.0117 71.575 43.6144 79.0906 42.5188 
45.5412 23.7697 56.3028 65.1659 40.1995 0.0 16.4924 30.0832 32.6497 49.7293 83.6773 98.4733 99.363 100.305 82.6075 48.2701 21.0263 83.1875 22.8035 58.1808 64.405 15.0333 41.4367 83.006 45.0116 54.1202 102.765 66.7308 107.831 48.1664 
41.9762 39.0512 39.9249 55.5428 42.8002 16.4924 0.0 13.6015 46.3249 44.1022 73.6817 86.7698 88.955 92.0305 78.2304 36.2491 23.2132 67.5366 33.1059 64.3988 48.3735 18.6011 35.0571 80.8084 43.7852 37.6431 93.0054 56.6127 97.4987 34.4093 
43.0465 52.0384 26.4008 50.0 50.6528 30.0832 13.6015 0.0 58.4209 43.1231 66.7533 78.0438 81.2527 86.209 76.4068 29.0689 32.0832 55.3173 44.1475 73.3262 35.2278 28.8617 34.4384 80.7852 46.8219 24.0416 86.1452 50.1597 89.7385 25.0 
47.3611 10.8167 82.0975 77.2229 35.3553 32.6497 46.3249 58.4209 0.0 54.0366 95.7342 111.189 109.21 101.671 78.1429 65.2512 32.2655 103.018 15.2971 36.0139 88.3278 30.0 54.1192 73.5707 43.0366 81.0 106.538 78.82 114.053 67.6018 
6.7082 57.1022 51.5235 27.271 18.831 49.7293 44.1022 43.1231 54.0366 0.0 45.7823 61.2371 61.4681 58.3541 34.1321 22.5079 33.3847 55.4748 42.1548 45.2015 55.6558 35.1141 9.05539 37.6962 15.0 52.0743 61.5161 28.8681 69.936 29.183 
48.7303 98.7998 56.7539 18.868 60.0983 83.6773 73.6817 66.7533 95.7342 45.7823 0.0 18.3848 15.8114 20.3961 30.0832 37.855 69.4297 35.3836 83.8524 71.3722 49.7695 70.5327 44.1321 41.0 56.6976 60.4152 19.4165 17.088 24.1868 42.107 
64.1851 110.174 62.0725 35.4683 75.5531 98.4733 86.7698 78.0438 111.189 61.2371 18.3848 0.0 10.0 24.6982 46.0109 50.6063 84.8794 32.28 97.9127 89.4138 53.0377 85.9127 59.5869 57.0351 72.1524 66.1211 17.6918 32.5269 14.8661 53.044 
64.416 114.486 68.1836 34.6699 75.7841 99.363 88.955 81.2527 109.21 61.4681 15.8114 10.0 0.0 14.7648 38.3275 52.811 85.1155 40.7185 99.5381 84.1003 59.8415 86.2185 59.8178 49.163 72.3834 72.111 7.81025 32.6497 8.544 56.2939 
57.4632 105.702 77.1298 36.4966 66.7082 100.305 92.0305 86.209 101.671 58.3541 20.3961 24.6982 14.7648 0.0 27.7308 57.1402 84.409 53.2541 90.7543 76.2758 69.8928 86.0115 58.8727 37.6431 63.5996 80.8084 8.06226 36.0555 16.0312 62.0081 
37.1214 82.8553 80.4297 46.341 44.2719 82.6075 78.2304 76.4068 78.1429 34.1321 30.0832 46.0109 38.3275 27.7308 0.0 49.6588 65.6396 63.6318 68.352 49.0408 73.8797 67.6018 43.1856 11.0454 42.025 80.9805 34.7851 35.3909 43.0116 56.3568 
25.2982 62.2656 30.8345 21.095 36.4251 48.2701 36.2491 29.0689 65.2512 22.5079 37.855 50.6063 52.811 57.1402 49.6588 0.0 36.9857 38.0459 50.019 66.29 36.4665 37.2022 17.1172 56.5685 32.5941 31.3853 57.2713 21.095 61.3514 7.07107 
28.6833 29.2947 54.0 50.9184 23.587 21.0263 23.2132 32.0832 32.2655 33.3847 69.4297 84.8794 85.1155 84.409 65.6396 36.9857 0.0 74.7521 17.0333 45.1856 60.0889 6.0 25.8537 66.0312 20.0 53.1566 87.5458 52.5155 93.5834 39.3363 
58.4228 99.9437 33.2415 36.8782 70.2126 83.1875 67.5366 55.3173 103.018 55.4748 35.3836 32.28 40.7185 53.2541 63.6318 38.0459 74.7521 0.0 87.7854 99.2569 23.0868 75.1377 52.2438 74.1506 66.3817 37.3363 48.3011 32.9848 47.1275 48.307 
35.4793 15.0 67.0075 63.9517 24.1661 22.8035 33.1059 44.1475 15.2971 42.1548 83.8524 97.9127 99.5381 90.7543 68.352 50.019 17.0333 87.7854 0.0 35.8469 73.1222 15.2971 38.887 66.2873 31.1548 66.0681 95.6211 65.5488 108.006 52.3696 
41.4894 45.2769 95.5279 77.6435 32.0614 58.1808 64.3988 73.3262 36.0139 45.2015 71.3722 89.4138 84.1003 76.2758 49.0408 66.29 45.1856 99.2569 35.8469 0.0 101.16 46.2277 51.4932 41.8688 39.8918 94.3996 82.4924 75.4861 90.4268 74.5796 
59.198 83.9737 10.2956 41.7253 69.0991 64.405 48.3735 35.2278 88.3278 55.6558 49.7695 53.0377 59.8415 69.8928 73.8797 36.4665 60.0889 23.0868 73.1222 101.16 0.0 58.5969 50.0381 82.8429 65.2681 14.3178 66.7083 39.0512 67.3647 29.744 
30.5941 25.632 52.1536 52.0214 25.4951 15.0333 18.6011 28.8617 30.0 35.1141 70.5327 85.9127 86.2185 86.0115 67.6018 37.2022 6.0 75.1377 15.2971 46.2277 58.5969 0.0 27.2947 68.0294 26.0 51.0 89.1735 53.6004 94.6864 38.9102 
9.21954 51.1484 44.4061 25.6208 19.4324 41.4367 35.0571 34.4384 54.1192 9.05539 44.1321 59.5869 59.8178 58.8727 43.1856 17.1172 25.8537 52.2438 38.887 51.4932 50.0381 27.2947 0.0 46.4866 15.6015 44.9569 62.013 27.2179 68.2857 23.0868 
38.833 80.2604 87.5432 53.265 43.1045 83.006 80.8084 80.7852 73.5707 37.6962 41.0 57.0351 49.163 37.6431 11.0454 56.5685 66.0312 74.1506 66.2873 41.8688 82.8429 68.0294 46.4866 0.0 42.05 88.094 45.1221 45.8876 53.3667 63.4032 
8.32456 46.1022 59.6361 38.1863 7.83095 45.0116 43.7852 46.8219 43.0366 15.0 56.6976 72.1524 72.3834 63.5996 42.025 32.5941 20.0 66.3817 31.1548 39.8918 65.2681 26.0 15.6015 42.05 0.0 60.1808 68.4664 39.7834 80.8513 38.6879 
54.1168 75.5381 4.12311 49.5204 64.0117 54.1202 37.6431 24.0416 81.0 52.0743 60.4152 66.1211 72.111 80.8084 80.9805 31.3853 53.1566 37.3363 66.0681 94.3996 14.3178 51.0 44.9569 88.094 60.1808 0.0 78.5175 47.134 80.0062 24.6628 
64.4641 110.569 74.6726 37.6962 71.575 102.765 93.0054 86.1452 106.538 61.5161 19.4165 17.6918 7.81025 8.06226 34.7851 57.2713 87.5458 48.3011 95.6211 82.4924 66.7083 89.1735 62.013 45.1221 68.4664 78.5175 0.0 36.4005 8.24621 61.4003 
31.8161 77.8102 43.8591 4.0 43.6144 66.7308 56.6127 50.1597 78.82 28.8681 17.088 32.5269 32.6497 36.0555 35.3909 21.095 52.5155 32.9848 65.5488 75.4861 39.0512 53.6004 27.2179 45.8876 39.7834 47.134 36.4005 0.0 41.1461 26.1725 
72.8839 122.953 76.0263 43.0465 79.0906 107.831 97.4987 89.7385 114.053 69.936 24.1868 14.8661 8.544 16.0312 43.0116 61.3514 93.5834 47.1275 108.006 90.4268 67.3647 94.6864 68.2857 53.3667 80.8513 80.0062 8.24621 41.1461 0.0 64.7611 
31.7805 64.4748 24.112 26.9258 42.5188 48.1664 34.4093 25.0 67.6018 29.183 42.107 53.044 56.2939 62.0081 56.3568 7.07107 39.3363 48.307 52.3696 74.5796 29.744 38.9102 23.0868 63.4032 38.6879 24.6628 61.4003 26.1725 64.7611 0.0 
DEMAND_SCENARIO_SECTION
0 0 0 0 0 0 0 0 0 0 0 0 0 0 0 0 0 0 0 0 0 0 0 0 0 0 0 0 0 0 0 0 0 0 0 0 0 0 0 0 0 0 0 0 0 0 0 0 0 0 
9 9 5 9 10 12 9 11 10 6 18 5 13 11 10 14 7 9 10 8 5 9 8 9 7 11 4 8 10 13 10 10 15 12 11 11 8 8 9 9 12 7 3 5 13 10 12 8 9 11 
13 15 10 8 8 14 9 10 11 8 12 11 8 11 10 11 6 4 8 10 20 12 11 4 13 13 12 3 13 8 8 9 7 7 10 9 15 9 8 6 17 4 12 11 12 8 9 7 11 10 
3 13 6 7 4 3 12 8 7 9 8 7 7 8 4 8 5 6 4 10 2 4 7 13 4 4 7 3 2 8 8 4 5 5 8 3 5 4 5 4 5 9 7 4 6 4 2 5 4 8 
14 12 9 10 7 11 11 11 10 18 10 14 18 8 9 7 6 9 2 14 8 6 15 6 10 11 15 4 8 12 10 6 12 5 11 12 14 9 9 11 13 9 6 5 14 14 4 12 10 13 
7 10 8 11 8 6 3 12 8 5 5 5 2 9 5 7 4 10 8 5 4 11 3 13 9 12 4 10 8 12 10 11 3 8 5 8 11 5 4 11 12 5 9 7 6 11 8 11 8 8 
5 4 2 6 5 5 2 3 6 1 3 6 6 3 5 5 0 8 5 3 5 2 4 3 4 3 1 8 5 0 6 3 5 5 3 3 3 7 5 1 3 6 5 1 4 5 2 4 1 3 
8 4 8 7 5 8 8 6 6 6 9 6 7 8 7 14 4 10 1 9 12 8 6 7 8 8 3 6 3 5 7 11 8 10 6 5 11 8 5 8 2 5 5 4 11 8 7 4 5 8 
11 8 3 7 4 5 8 9 10 9 6 6 10 10 8 5 5 4 7 9 10 6 6 1 7 6 9 9 10 7 4 8 8 8 9 1 7 3 10 7 8 7 7 11 3 8 7 10 5 8 
13 5 12 8 8 9 7 10 6 6 5 14 9 5 8 10 3 6 3 9 8 10 12 7 8 7 9 5 13 4 10 11 5 7 8 5 5 6 9 8 13 9 5 13 5 3 5 5 10 6 
5 3 5 6 6 6 3 3 5 5 2 5 4 5 6 3 6 5 6 4 4 6 5 4 8 6 5 3 6 6 5 4 0 3 0 3 6 6 1 0 6 1 4 4 2 4 4 5 5 6 
6 11 8 3 11 11 8 4 7 0 9 6 4 11 9 10 9 7 7 7 7 6 5 3 10 10 7 4 9 8 5 13 8 5 7 9 6 2 9 10 6 6 6 5 7 8 9 10 6 7 
15 3 15 12 10 7 9 10 11 9 6 17 12 8 13 13 9 9 9 12 5 9 8 15 12 11 12 10 12 11 15 7 11 12 8 13 8 14 10 9 12 12 15 17 7 18 3 8 7 8 
12 3 10 4 6 6 3 7 7 7 8 10 6 4 5 8 8 9 6 5 6 2 4 5 2 3 5 4 1 4 3 7 5 8 4 3 5 6 6 3 10 4 5 5 3 5 6 3 6 9 
6 14 14 10 10 11 12 8 9 16 13 12 9 9 10 9 6 13 6 9 11 8 7 10 6 1 9 14 15 7 9 10 11 11 5 15 17 11 6 8 8 14 13 14 11 14 12 14 14 14 
9 4 13 8 6 10 7 12 6 9 5 8 9 6 11 6 5 0 3 4 7 10 7 8 9 6 5 5 2 9 4 2 4 4 7 12 9 9 4 11 7 7 5 11 4 8 8 5 9 6 
0 7 7 8 3 5 9 7 6 7 9 8 3 9 4 6 7 10 12 7 7 4 3 6 3 4 7 8 6 4 4 4 5 6 5 5 10 7 6 7 4 7 8 5 7 4 5 3 4 5 
7 6 8 7 2 7 8 4 5 1 2 0 3 5 5 3 1 0 2 0 7 5 5 5 4 5 5 4 4 2 3 5 6 4 5 5 4 2 5 6 5 4 4 7 5 6 4 5 4 8 
7 9 10 6 10 9 6 6 9 8 8 16 8 11 13 10 6 10 13 12 11 10 14 12 10 7 8 13 10 8 12 15 9 12 8 10 7 6 10 8 5 15 9 9 12 12 10 15 7 11 
6 10 4 3 7 9 14 11 11 9 9 6 6 6 11 11 7 8 7 7 10 9 11 10 8 7 7 11 10 7 8 4 4 6 13 6 9 6 11 6 8 10 8 8 12 5 14 6 14 10 
2 8 3 2 2 4 5 0 4 7 4 4 2 1 4 2 4 4 3 5 4 3 5 4 7 3 2 6 5 3 6 1 5 0 4 5 2 5 4 5 4 7 4 4 4 5 6 6 5 6 
2 7 6 11 6 8 4 10 6 9 8 13 6 11 10 4 4 12 13 7 5 8 5 3 10 8 4 10 8 3 10 12 7 12 4 6 9 5 3 7 10 3 10 7 5 4 6 5 7 9 
4 2 4 2 4 2 5 8 2 4 2 5 2 3 5 1 7 4 3 2 3 6 3 3 6 0 8 7 3 6 4 5 6 2 2 3 3 6 4 5 3 4 2 3 4 3 7 7 4 3 
6 8 8 9 7 9 7 8 9 0 4 4 8 2 5 9 8 5 8 9 6 9 10 12 10 9 2 6 7 6 6 2 5 5 5 7 8 5 9 8 11 9 11 6 9 7 10 3 5 10 
10 7 9 8 8 6 5 8 5 7 7 2 5 4 6 6 5 11 10 7 6 8 9 9 4 8 4 9 8 6 0 6 7 9 9 9 10 4 4 7 8 6 9 9 12 12 5 9 5 8 
7 0 6 11 6 4 3 0 6 5 8 8 6 7 11 4 3 9 9 8 7 7 5 8 6 2 10 3 6 5 10 7 8 3 4 5 2 8 7 9 9 4 9 8 8 11 6 6 10 5 
8 5 4 10 6 12 7 9 2 8 11 11 7 7 1 9 9 9 8 4 11 11 7 5 6 5 7 8 6 0 6 5 4 9 12 8 11 11 3 9 6 5 7 6 5 8 4 14 5 11 
3 1 3 1 0 1 2 0 2 2 1 2 1 2 2 1 1 0 0 3 2 2 0 1 0 1 2 0 0 1 1 1 1 0 1 1 1 2 1 1 0 0 2 0 1 0 1 0 1 2 
4 3 8 10 5 9 8 8 10 12 10 6 10 14 6 10 8 5 7 11 11 12 6 8 6 0 10 8 5 6 6 7 8 5 7 5 0 7 10 2 9 6 7 11 12 7 7 8 9 4 
5 9 7 5 10 7 12 9 12 6 2 6 7 7 7 6 5 7 8 6 5 6 5 8 9 4 7 11 4 8 6 7 11 8 9 7 4 4 4 5 4 9 7 5 4 7 4 4 4 8 
DEPOT_SECTION
 1
 -1
EOF
