NAME  : Parada_30_6_0.95_1.00_9
TYPE : SVRP
MODEL : FINITE_SUPPORT
NUMBER_OF_SCENARIOS : 50
DIMENSION : 30
EDGE_WEIGHT_TYPE : MATRIX
CAPACITY : 27
N_VEHICLES : 6
NODE_COORD_SECTION
1 316380 71306
2 630800 179720
3 295320 10953
4 239440 398660
5 444430 417910
6 120480 315940
7 1540 72993
8 421570 147
9 45226 18
10 339200 56618
11 144890 129210
12 27 80261
13 455570 287120
14 313760 166890
15 386240 417940
16 351580 98566
17 121950 55098
18 113300 246800
19 366770 411000
20 306600 49965
21 364260 269880
22 129410 203870
23 447390 299040
24 156310 221820
25 300460 268440
26 403080 367000
27 454420 444400
28 17723 90895
29 302520 253440
30 674250 110200
DEMAND_SECTION
1 0.0
2 1.0
3 9.0
4 9.0
5 7.0
6 5.0
7 8.0
8 2.0
9 10.0
10 3.0
11 9.0
12 6.0
13 9.0
14 8.0
15 7.0
16 1.0
17 4.0
18 9.0
19 2.0
20 7.0
21 1.0
22 2.0
23 4.0
24 4.0
25 4.0
26 2.0
27 9.0
28 5.0
29 3.0
30 4.0
DISTANCE_MATRIX
0.0 62.1401 40.3644 54.9613 45.4481 42.0476 50.4828 59.203 52.7852 3.60555 35.6525 51.043 40.1123 20.0 44.7772 6.40312 37.9229 27.859 41.6773 49.5308 27.074 43.6578 40.3113 38.3275 24.0416 51.8941 49.0033 53.6651 23.5372 70.0309 
62.1401 0.0 47.0106 25.02 93.9451 57.1402 104.538 59.6657 92.5764 62.4074 71.6281 105.099 73.5953 51.1638 88.3906 60.6483 77.7141 70.576 86.489 48.3839 65.0701 71.5891 75.0878 65.3911 55.2875 92.7662 97.4998 93.596 57.0079 11.1803 
40.3644 47.0106 0.0 28.8444 58.0775 76.2752 77.7224 19.2354 89.6764 40.6317 75.7991 78.2826 31.6228 58.1864 49.8197 46.7653 78.1134 59.1692 48.3735 9.43398 29.1548 83.3686 33.5261 77.0906 21.1896 51.8652 61.2046 80.9047 23.0868 56.0803 
54.9613 25.02 28.8444 0.0 84.1724 75.6715 96.414 36.2491 105.295 55.2286 85.5058 96.9742 59.9333 64.036 77.1622 61.3623 90.4322 82.876 75.2861 26.4008 54.5711 87.1955 61.7414 80.8356 44.911 80.1124 87.5557 99.5963 46.8722 36.1248 
45.4481 93.9451 58.0775 84.1724 0.0 81.939 44.7214 68.4471 59.8415 48.862 64.4144 45.7056 28.8617 61.9926 10.8167 48.5386 54.3323 42.3792 10.4403 66.0303 29.6142 75.7985 26.9258 73.0821 39.2938 16.6433 3.60555 48.8365 37.3631 101.836 
42.0476 57.1402 76.2752 75.6715 81.939 0.0 51.4009 95.4717 45.8803 40.0125 24.1868 50.8035 82.1523 22.0907 84.4926 37.4833 34.2426 39.8246 81.3339 84.2119 69.1158 17.0294 82.2982 13.0 65.192 92.2281 85.0 49.93 65.0692 50.1597 
50.4828 104.538 77.7224 96.414 44.7214 51.4009 0.0 94.8103 15.1327 53.8967 27.5862 1.0 62.426 43.7616 52.811 50.2536 17.2047 28.8508 50.3289 87.1536 53.0377 38.4187 61.2944 38.9487 57.2014 60.4401 46.2709 4.12311 55.6058 91.4295 
59.203 59.6657 19.2354 36.2491 68.4471 95.4717 94.8103 0.0 106.855 59.4868 94.6542 95.4254 39.6232 77.391 58.5491 65.6049 96.9686 76.4505 58.0517 12.0416 42.9418 102.393 41.5933 96.2953 37.6431 58.0 71.0211 98.0833 39.2046 70.0357 
52.7852 92.5764 89.6764 105.295 59.8415 45.8803 15.1327 106.855 0.0 52.7532 22.3607 14.1421 76.1577 41.4367 67.72 46.6196 16.7631 40.8048 65.146 99.1076 65.8031 30.0167 75.1798 32.8938 69.216 75.4321 61.4003 11.0454 67.6708 89.0898 
3.60555 62.4074 40.6317 55.2286 48.862 40.0125 53.8967 59.4868 52.7532 0.0 35.609 54.4569 42.4264 18.2483 48.0208 7.61577 37.8909 27.8271 44.9444 49.7981 29.4279 42.9535 42.7551 37.3363 25.318 55.0091 52.4172 57.079 25.0799 70.2982 
35.6525 71.6281 75.7991 85.5058 64.4144 24.1868 27.5862 94.6542 22.3607 35.609 0.0 26.9072 71.8053 21.4709 69.0652 29.4868 10.8167 23.0868 66.0303 84.9655 59.4811 11.7047 71.3863 11.4018 59.5601 77.0584 66.9162 25.807 58.8973 67.4759 
51.043 105.099 78.2826 96.9742 45.7056 50.8035 1.0 95.4254 14.1421 54.4569 26.9072 0.0 63.2456 43.1693 53.7587 50.8138 16.6433 29.411 51.264 87.7138 53.7587 37.6431 62.1289 38.2884 57.8014 61.4003 47.2652 3.16228 56.2228 90.8372 
40.1123 73.5953 31.6228 59.9333 28.8617 82.1523 62.426 39.6232 76.1577 42.4264 71.8053 63.2456 0.0 60.075 19.0263 45.0111 71.0034 49.0408 18.4391 38.3275 13.0384 81.8841 2.0 77.3428 19.7231 20.2485 31.4006 66.2873 18.7883 81.4861 
20.0 51.1638 58.1864 64.036 61.9926 22.0907 43.7616 77.391 41.4367 18.2483 21.4709 43.1693 60.075 0.0 63.4555 15.5242 26.6033 21.4009 60.3355 66.4233 47.0425 25.807 60.208 19.7231 43.566 70.7308 65.1659 42.4853 43.2897 48.0416 
44.7772 88.3906 49.8197 77.1622 10.8167 84.4926 52.811 58.5491 67.72 48.0208 69.0652 53.7587 19.0263 63.4555 0.0 47.9467 60.075 46.2709 3.16228 57.1402 23.3238 80.3057 17.0294 76.9415 33.121 8.0 12.6491 56.921 31.3847 96.8586 
6.40312 60.6483 46.7653 61.3623 48.5386 37.4833 50.2536 65.6049 46.6196 7.61577 29.4868 50.8138 45.0111 15.5242 47.9467 0.0 31.7572 21.6934 44.8267 55.9318 32.0624 37.6431 45.0111 32.5576 30.0832 55.222 52.0938 53.4359 29.4109 57.9171 
37.9229 77.7141 78.1134 90.4322 54.3323 34.2426 17.2047 96.9686 16.7631 37.8909 10.8167 16.6433 71.0034 26.6033 60.075 31.7572 0.0 21.9627 57.1402 87.2799 59.024 22.3607 64.6758 21.9317 60.5094 68.0661 56.7186 16.1555 59.0963 74.2712 
27.859 70.576 59.1692 82.876 42.3792 39.8246 28.8508 76.4505 40.8048 27.8271 23.0868 29.411 49.0408 21.4009 46.2709 21.6934 21.9627 0.0 43.1856 68.6005 37.1618 34.0588 48.5077 30.8058 38.8281 54.231 45.31 32.0331 37.4149 67.8448 
41.6773 86.489 48.3735 75.2861 10.4403 81.3339 50.3289 58.0517 65.146 44.9444 66.0303 51.264 18.4391 60.3355 3.16228 44.8267 57.1402 43.1856 0.0 56.0089 21.0238 77.2334 16.4924 73.8241 30.8707 11.0454 13.0384 54.4243 29.0689 94.3798 
49.5308 48.3839 9.43398 26.4008 66.0303 84.2119 87.1536 12.0416 99.1076 49.7981 84.9655 87.7138 38.3275 66.4233 57.1402 55.9318 87.2799 68.6005 56.0089 0.0 37.855 91.6055 40.3113 85.3276 30.4631 58.2495 69.0 90.3359 32.311 58.4637 
27.074 65.0701 29.1548 54.5711 29.6142 69.1158 53.0377 42.9418 65.8031 29.4279 59.4811 53.7587 13.0384 47.0425 23.3238 32.0624 59.024 37.1618 21.0238 37.855 0.0 69.3437 13.3417 64.4986 9.84886 28.2843 32.9848 56.6392 8.06226 73.6106 
43.6578 71.5891 83.3686 87.1955 75.7985 17.0294 38.4187 102.393 30.0167 42.9535 11.7047 37.6431 81.8841 25.807 80.3057 37.6431 22.3607 34.0588 77.2334 91.6055 69.3437 0.0 81.6149 6.40312 67.6757 88.278 78.5927 36.0694 67.0522 65.8027 
40.3113 75.0878 33.5261 61.7414 26.9258 82.2982 61.2944 41.5933 75.1798 42.7551 71.3863 62.1289 2.0 60.208 17.0294 45.0111 64.6758 48.5077 16.4924 40.3113 13.3417 81.6149 0.0 77.1622 20.8087 18.3848 29.4279 65.192 19.7231 82.9786 
38.3275 65.3911 77.0906 80.8356 73.0821 13.0 38.9487 96.2953 32.8938 37.3363 11.4018 38.2884 77.3428 19.7231 76.9415 32.5576 21.9317 30.8058 73.8241 85.3276 64.4986 6.40312 77.1622 0.0 62.3618 84.8528 75.8973 37.2022 61.8466 59.9083 
24.0416 55.2875 21.1896 44.911 39.2938 65.192 57.2014 37.6431 69.216 25.318 59.5601 57.8014 19.7231 43.566 33.121 30.0832 60.5094 38.8281 30.8707 30.4631 9.84886 67.6757 20.8087 62.3618 0.0 37.6431 42.72 60.4443 2.0 64.1804 
51.8941 92.7662 51.8652 80.1124 16.6433 92.2281 60.4401 58.0 75.4321 55.0091 77.0584 61.4003 20.2485 70.7308 8.0 55.222 68.0661 54.231 11.0454 58.2495 28.2843 88.278 18.3848 84.8528 37.6431 0.0 16.9706 64.56 36.1248 101.772 
49.0033 97.4998 61.2046 87.5557 3.60555 85.0 46.2709 71.0211 61.4003 52.4172 66.9162 47.2652 31.4006 65.1659 12.6491 52.0938 56.7186 45.31 13.0384 69.0 32.9848 78.5927 29.4279 75.8973 42.72 16.9706 0.0 50.3587 40.8044 105.391 
53.6651 93.596 80.9047 99.5963 48.8365 49.93 4.12311 98.0833 11.0454 57.079 25.807 3.16228 66.2873 42.4853 56.921 53.4359 16.1555 32.0331 54.4243 90.3359 56.6392 36.0694 65.192 37.2022 60.4443 64.56 50.3587 0.0 58.8982 90.1532 
23.5372 57.0079 23.0868 46.8722 37.3631 65.0692 55.6058 39.2046 67.6708 25.0799 58.8973 56.2228 18.7883 43.2897 31.3847 29.4109 59.0963 37.4149 29.0689 32.311 8.06226 67.0522 19.7231 61.8466 2.0 36.1248 40.8044 58.8982 0.0 65.649 
70.0309 11.1803 56.0803 36.1248 101.836 50.1597 91.4295 70.0357 89.0898 70.2982 67.4759 90.8372 81.4861 48.0416 96.8586 57.9171 74.2712 67.8448 94.3798 58.4637 73.6106 65.8027 82.9786 59.9083 64.1804 101.772 105.391 90.1532 65.649 0.0 
DEMAND_SCENARIO_SECTION
0 0 0 0 0 0 0 0 0 0 0 0 0 0 0 0 0 0 0 0 0 0 0 0 0 0 0 0 0 0 0 0 0 0 0 0 0 0 0 0 0 0 0 0 0 0 0 0 0 0 
1 2 0 0 1 1 1 1 2 0 0 0 2 0 2 2 0 0 3 2 2 2 1 1 0 0 0 2 1 2 2 2 2 0 1 3 0 0 1 2 1 1 1 1 0 1 1 2 1 1 
7 18 10 3 8 5 10 11 7 10 2 11 9 6 13 9 6 5 7 12 5 15 7 11 12 7 8 6 9 5 14 12 11 11 13 8 15 8 10 10 9 9 10 9 7 9 11 9 11 3 
8 10 8 11 7 12 9 8 2 9 7 4 8 6 12 12 16 9 12 6 6 11 7 2 10 10 8 7 11 9 9 12 9 5 14 10 9 5 7 5 10 10 10 4 8 8 11 11 9 12 
3 8 5 2 3 9 8 9 4 7 8 8 9 5 15 7 6 12 9 4 3 5 6 6 8 5 8 6 8 9 7 8 5 5 4 11 13 4 6 2 7 10 5 11 5 8 9 7 13 7 
7 9 4 4 3 3 7 4 4 5 3 4 6 4 6 6 6 5 5 9 3 4 6 0 9 2 7 3 9 6 7 6 7 7 5 2 6 5 6 4 6 5 9 1 7 1 7 4 2 4 
9 6 4 7 10 8 8 11 10 9 10 10 7 11 6 6 12 7 4 8 4 11 5 10 8 13 7 14 13 6 10 10 6 10 10 7 8 12 6 8 8 8 11 3 6 4 10 9 11 9 
2 0 1 0 2 3 3 1 0 2 5 6 1 1 2 3 1 3 5 1 2 0 1 3 2 3 0 2 3 1 0 2 2 4 0 3 2 4 1 3 3 2 1 4 1 2 2 2 2 1 
11 7 8 10 4 9 9 6 14 10 6 10 1 3 10 18 12 12 3 13 7 7 9 7 12 10 11 10 9 10 9 9 13 10 16 12 11 10 7 10 8 10 11 8 7 10 9 13 13 6 
3 7 5 0 1 2 1 4 5 2 0 3 3 1 4 4 5 3 3 5 4 0 3 7 5 1 4 3 1 5 5 4 7 4 2 2 3 2 4 1 4 1 4 4 4 2 2 3 1 3 
7 12 11 12 13 7 10 8 10 7 8 3 7 6 11 8 9 14 6 12 12 11 5 4 9 11 1 12 7 8 12 2 5 11 6 4 9 14 5 10 3 9 6 6 12 8 8 11 6 12 
7 5 9 5 6 4 2 5 7 6 5 6 3 2 9 6 9 5 4 5 7 3 11 6 7 5 4 7 7 5 9 2 3 7 5 7 5 6 1 4 3 6 6 6 3 8 8 5 3 4 
12 6 6 1 9 4 8 10 8 5 3 9 12 10 14 9 13 6 13 11 10 8 10 6 11 3 6 13 5 12 11 11 9 11 10 10 12 8 9 10 5 11 4 8 11 6 9 9 7 7 
3 8 10 8 7 6 9 7 7 10 4 9 10 11 8 5 4 1 10 10 9 4 7 9 10 10 7 7 6 8 10 4 6 8 10 7 6 7 4 12 7 10 6 7 11 5 8 11 7 7 
10 9 7 7 10 8 5 8 5 7 3 2 9 10 7 7 4 9 7 7 7 5 11 11 11 9 4 9 8 1 9 6 5 4 12 6 9 5 8 5 7 4 4 2 9 4 7 10 9 10 
0 0 0 1 1 1 2 3 1 0 0 1 2 1 2 2 1 2 1 1 0 3 1 1 1 0 3 1 0 2 2 1 0 2 0 2 2 2 2 1 0 0 0 2 1 1 2 1 1 1 
7 6 6 4 4 3 5 5 3 2 3 4 6 4 6 6 5 5 4 2 2 0 4 3 4 3 4 6 2 5 9 5 3 4 1 3 5 3 4 7 4 2 1 5 10 5 4 1 7 5 
15 6 12 5 15 10 12 8 9 8 9 9 12 8 10 5 8 6 10 15 9 15 7 11 10 12 8 6 8 11 11 6 11 11 9 13 13 7 10 8 12 11 6 9 9 5 11 12 9 10 
3 1 1 3 4 3 1 0 0 4 2 2 2 2 3 3 1 2 1 1 5 1 0 4 2 1 3 4 1 2 1 2 1 2 2 3 2 1 3 4 2 3 4 1 1 2 5 0 0 2 
8 7 9 5 6 4 6 8 8 2 9 11 5 8 6 10 7 10 8 8 7 8 1 8 8 8 7 10 4 5 7 5 10 7 4 8 5 4 3 9 4 6 7 6 2 8 4 10 2 1 
1 0 0 0 0 0 0 0 2 1 2 3 1 3 0 1 2 0 2 1 0 1 1 0 1 2 1 0 2 1 2 1 0 3 2 0 1 0 0 2 1 3 0 1 1 1 3 1 0 1 
2 1 1 5 1 2 2 2 2 4 5 2 3 3 0 2 4 2 3 0 0 3 2 2 2 2 3 2 1 4 2 1 1 3 1 2 3 2 1 5 1 1 1 2 0 4 1 3 4 1 
5 3 3 4 4 1 2 4 7 4 6 1 6 5 3 4 3 5 1 5 5 1 5 7 6 3 1 3 3 5 2 7 6 4 3 4 4 5 2 0 3 2 3 5 5 0 2 5 2 3 
2 4 2 7 5 1 2 2 5 6 1 8 5 5 3 5 5 1 3 7 3 3 4 0 4 3 3 6 1 4 7 2 0 6 5 2 0 5 5 3 4 1 4 4 2 5 6 7 7 0 
1 4 3 8 5 5 2 3 3 2 2 4 1 4 4 5 4 1 3 6 3 6 7 0 2 6 3 5 3 4 5 3 2 6 8 0 7 2 3 5 7 5 9 4 3 6 6 6 5 4 
3 2 2 1 2 4 1 2 3 0 1 2 1 3 2 3 2 1 3 3 3 3 3 1 0 4 0 4 0 3 1 1 1 1 1 5 4 2 0 3 2 0 4 3 1 1 0 3 1 2 
8 12 10 12 6 8 5 6 3 9 7 8 6 9 12 11 11 12 11 9 11 4 5 12 8 4 7 6 9 9 11 11 8 12 8 8 8 8 8 7 11 14 4 7 14 3 7 13 7 10 
5 4 7 6 3 8 5 1 4 3 4 6 4 8 5 5 2 6 6 2 7 6 5 5 5 4 6 8 4 3 4 6 3 4 2 3 9 8 5 7 7 7 1 5 9 9 8 1 7 0 
5 2 5 2 4 3 2 1 2 5 2 0 1 2 2 6 3 3 3 1 3 3 2 3 3 5 4 2 4 0 3 4 4 2 4 2 5 6 3 3 2 5 5 3 2 5 5 1 0 3 
3 3 3 2 3 1 1 2 5 3 3 3 6 1 6 5 5 5 5 1 0 7 3 5 3 5 5 5 8 6 4 2 4 2 7 4 5 3 5 4 0 3 2 6 5 3 4 6 6 3 
DEPOT_SECTION
 1
 -1
EOF
