NAME  : Parada_30_6_0.95_1.00_5
TYPE : SVRP
MODEL : FINITE_SUPPORT
NUMBER_OF_SCENARIOS : 50
DIMENSION : 30
EDGE_WEIGHT_TYPE : MATRIX
CAPACITY : 30
N_VEHICLES : 6
NODE_COORD_SECTION
1 184860 126110
2 491240 294040
3 487370 122660
4 275800 443560
5 336710 144620
6 304230 339740
7 106900 42389
8 507730 134490
9 339190 293250
10 260920 75484
11 452670 85461
12 141390 356280
13 483580 350520
14 319850 391680
15 150930 519690
16 368550 218110
17 409110 306120
18 299970 409880
19 432940 100320
20 388000 250430
21 196010 283360
22 354650 401800
23 424730 365670
24 416620 464880
25 315140 494870
26 193250 18
27 551310 312940
28 27 428490
29 289710 219510
30 525550 181260
DEMAND_SECTION
1 0.0
2 8.0
3 10.0
4 1.0
5 3.0
6 2.0
7 5.0
8 10.0
9 6.0
10 3.0
11 10.0
12 9.0
13 4.0
14 7.0
15 10.0
16 8.0
17 6.0
18 1.0
19 9.0
20 6.0
21 9.0
22 6.0
23 4.0
24 4.0
25 3.0
26 6.0
27 9.0
28 8.0
29 7.0
30 2.0
DISTANCE_MATRIX
0.0 32.1746 60.7465 48.1664 20.3961 61.273 34.7095 65.5794 51.225 11.3137 73.333 34.9285 47.5395 36.0694 46.616 71.5983 50.0217 53.899 76.8623 39.3954 19.2094 44.2832 39.2173 45.7687 58.7687 28.709 56.4128 45.5291 27.76 52.9843 
32.1746 0.0 47.927 72.3243 52.1922 29.4664 65.1198 44.7214 33.6155 43.4349 51.6236 30.3822 47.2652 22.2036 77.0263 39.0634 23.4165 30.572 55.2268 29.1548 18.0951 51.01 41.4227 23.6008 35.4418 60.8464 53.0848 64.1331 23.9348 41.1096 
60.7465 47.927 0.0 46.5296 50.5668 38.6394 93.2657 4.12311 73.0274 59.9083 8.0 78.1857 24.1868 67.9534 105.172 25.4951 28.2843 40.1995 10.4403 21.9317 65.9292 37.1214 29.2746 58.0 47.8017 73.8241 18.3576 104.666 34.0588 7.81025 
48.1664 72.3243 46.5296 0.0 28.0 61.7122 52.5484 48.2701 91.8583 40.1995 54.4518 82.0006 22.3607 78.924 73.2462 64.4127 54.6717 68.6222 56.1427 37.2022 65.1661 9.84886 20.2485 80.1783 79.3095 43.4166 30.0666 85.3561 35.2278 41.7612 
20.3961 52.1922 50.5668 28.0 0.0 49.1438 31.0415 49.98 69.8667 12.6491 57.9396 55.0273 32.5576 54.8081 52.6017 57.0351 42.5793 55.6125 60.9262 30.5941 38.4838 25.632 24.0416 63.3886 66.7525 23.2594 42.4264 59.0339 20.025 43.0813 
61.273 29.4664 38.6394 61.7122 49.1438 0.0 94.2182 34.9285 35.3553 55.8462 40.8534 43.0357 44.9354 30.1602 106.125 23.4307 10.4403 11.1803 44.3847 25.3142 47.1934 52.4998 41.9403 21.1896 21.5407 70.9991 47.9049 93.2315 29.0235 33.0151 
34.7095 65.1198 93.2657 52.5484 31.0415 94.2182 0.0 92.0415 77.369 34.5041 100.102 51.8599 62.8319 62.995 24.6982 104.543 82.9669 86.8442 103.325 71.9146 50.5886 53.7608 54.5534 78.6858 91.7139 11.4018 72.8187 32.9848 60.2792 85.5035 
65.5794 44.7214 4.12311 48.2701 49.98 34.9285 92.0415 0.0 69.0652 58.6926 8.06226 74.8465 25.9615 64.465 103.948 21.4709 24.5153 36.1248 11.4018 20.2485 62.6504 38.6394 30.0 54.0093 43.6807 73.1642 21.4009 103.442 32.45 7.07107 
51.225 33.6155 73.0274 91.8583 69.8667 35.3553 77.369 69.0652 0.0 62.4913 73.6817 26.0 79.1202 15.6525 85.287 51.6624 45.0444 33.541 76.9415 59.6953 32.7567 83.7322 74.0945 15.1327 30.8869 79.7895 83.2532 70.0071 56.6569 68.1175 
11.3137 43.4349 59.9083 40.1995 12.6491 55.8462 34.5041 58.6926 62.4913 0.0 66.7532 45.6508 44.4072 47.3814 46.4106 63.868 49.2818 65.1592 69.9757 38.5657 30.4795 38.2753 35.805 57.029 70.029 18.0343 54.037 46.5296 26.9302 52.1536 
73.333 51.6236 8.0 54.4518 57.9396 40.8534 100.102 8.06226 73.6817 66.7532 0.0 81.4933 32.1403 70.5304 112.009 23.1948 30.4631 40.1995 3.60555 28.3019 69.3926 45.0999 37.2156 58.5491 46.2709 81.1542 25.632 111.503 40.4969 14.8661 
34.9285 30.3822 78.1857 82.0006 55.0273 43.0357 51.8599 74.8465 26.0 45.6508 81.4933 0.0 76.1052 13.8924 59.7779 63.6699 53.2443 45.9674 85.0912 59.4723 17.1172 76.531 69.0072 31.7648 49.0918 61.2397 82.8734 44.0114 51.0392 71.4703 
47.5395 47.2652 24.1868 22.3607 32.5576 44.9354 62.8319 25.9615 79.1202 44.4072 32.1403 76.1052 0.0 69.4622 84.3921 43.6005 36.8917 51.3128 34.0 19.6977 59.3043 13.0 8.60233 65.9339 61.4003 54.8179 10.0 90.7359 25.0799 19.6977 
36.0694 22.2036 67.9534 78.924 54.8081 30.1602 62.995 64.465 15.6525 47.3814 70.5304 13.8924 69.4622 0.0 70.9129 50.774 40.4556 32.8024 73.9951 51.0 17.2047 72.1461 63.5282 17.8885 35.2278 64.4191 75.0 56.5685 45.2799 61.8142 
46.616 77.0263 105.172 73.2462 52.6017 106.125 24.6982 103.948 85.287 46.4106 112.009 59.7779 84.3921 70.9129 0.0 116.45 94.8734 98.7506 115.231 83.8211 59.9923 75.2861 76.1136 87.7338 102.226 30.0 94.3788 23.0217 72.1856 97.41 
71.5983 39.0634 25.4951 64.4127 57.0351 23.4307 104.543 21.4709 51.6624 63.868 23.1948 63.6699 43.6005 50.774 116.45 0.0 15.8114 18.3848 26.0192 28.1603 57.5187 54.5894 44.2832 36.6879 23.0868 79.0208 41.8688 103.557 37.0135 24.7588 
50.0217 23.4165 28.2843 54.6717 42.5793 10.4403 82.9669 24.5153 45.0444 49.2818 30.4631 53.2443 36.8917 40.4556 94.8734 15.8114 0.0 14.4222 34.0147 17.6918 41.1435 45.2769 34.6554 30.2655 24.7588 64.4346 38.8973 87.1816 22.8035 23.0868 
53.899 30.572 40.1995 68.6222 55.6125 11.1803 86.8442 36.1248 33.541 65.1592 40.1995 45.9674 51.3128 32.8024 98.7506 18.3848 14.4222 0.0 43.4166 32.0156 39.3312 59.4138 48.8365 18.4391 10.8167 77.4678 52.9245 84.6906 35.9442 36.4005 
76.8623 55.2268 10.4403 56.1427 60.9262 44.3847 103.325 11.4018 76.9415 69.9757 3.60555 85.0912 34.0 73.9951 115.231 26.0192 34.0147 43.4166 0.0 31.6228 72.9904 47.0 39.6232 61.8142 49.0918 84.1724 26.6833 114.725 43.8292 17.8885 
39.3954 29.1548 21.9317 37.2022 30.5941 25.3142 71.9146 20.2485 59.6953 38.5657 28.3019 59.4723 19.6977 51.0 83.8211 28.1603 17.6918 32.0156 31.6228 0.0 43.3393 27.6586 17.0294 46.3127 42.45 53.4684 24.0 83.3154 12.2066 14.1421 
19.2094 18.0951 65.9292 65.1661 38.4838 47.1934 50.5886 62.6504 32.7567 30.4795 69.3926 17.1172 59.3043 17.2047 59.9923 57.5187 41.1435 39.3312 72.9904 43.3393 0.0 59.4138 52.0096 30.0666 44.201 47.254 66.4906 46.095 34.2345 56.8699 
44.2832 51.01 37.1214 9.84886 25.632 52.4998 53.7608 38.6394 83.7322 38.2753 45.0999 76.531 13.0 72.1461 75.2861 54.5894 45.2769 59.4138 47.0 27.6586 59.4138 0.0 10.6301 72.1772 70.0071 45.3431 21.8403 84.5864 27.313 32.0156 
39.2173 41.4227 29.2746 20.2485 24.0416 41.9403 54.5534 30.0 74.0945 35.805 37.2156 69.0072 8.60233 63.5282 76.1136 44.2832 34.6554 48.8365 39.6232 17.0294 52.0096 10.6301 0.0 62.3927 59.397 46.6154 18.3848 82.1523 18.2483 23.0217 
45.7687 23.6008 58.0 80.1783 63.3886 21.1896 78.6858 54.0093 15.1327 57.029 58.5491 31.7648 65.9339 17.8885 87.7338 36.6879 30.2655 18.4391 61.8142 46.3127 30.0666 72.1772 62.3927 0.0 17.6918 74.4405 68.884 73.7564 44.9857 53.3385 
58.7687 35.4418 47.8017 79.3095 66.7525 21.5407 91.7139 43.6807 30.8869 70.029 46.2709 49.0918 61.4003 35.2278 102.226 23.0868 24.7588 10.8167 49.0918 42.45 44.201 70.0071 59.397 17.6918 0.0 87.4405 62.1772 89.493 46.6323 45.1885 
28.709 60.8464 73.8241 43.4166 23.2594 70.9991 11.4018 73.1642 79.7895 18.0343 81.1542 61.2397 54.8179 64.4191 30.0 79.0208 64.4346 77.4678 84.1724 53.4684 47.254 45.3431 46.6154 74.4405 87.4405 0.0 64.8151 43.2897 42.0831 66.3099 
56.4128 53.0848 18.3576 30.0666 42.4264 47.9049 72.8187 21.4009 83.2532 54.037 25.632 82.8734 10.0 75.0 94.3788 41.8688 38.8973 52.9245 26.6833 24.0 66.4906 21.8403 18.3848 68.884 62.1772 64.8151 0.0 100.125 32.573 17.2047 
45.5291 64.1331 104.666 85.3561 59.0339 93.2315 32.9848 103.442 70.0071 46.5296 111.503 44.0114 90.7359 56.5685 23.0217 103.557 87.1816 84.6906 114.725 83.3154 46.095 84.5864 82.1523 73.7564 89.493 43.2897 100.125 0.0 71.68 96.9043 
27.76 23.9348 34.0588 35.2278 20.025 29.0235 60.2792 32.45 56.6569 26.9302 40.4969 51.0392 25.0799 45.2799 72.1856 37.0135 22.8035 35.9442 43.8292 12.2066 34.2345 27.313 18.2483 44.9857 46.6323 42.0831 32.573 71.68 0.0 26.2488 
52.9843 41.1096 7.81025 41.7612 43.0813 33.0151 85.5035 7.07107 68.1175 52.1536 14.8661 71.4703 19.6977 61.8142 97.41 24.7588 23.0868 36.4005 17.8885 14.1421 56.8699 32.0156 23.0217 53.3385 45.1885 66.3099 17.2047 96.9043 26.2488 0.0 
DEMAND_SCENARIO_SECTION
0 0 0 0 0 0 0 0 0 0 0 0 0 0 0 0 0 0 0 0 0 0 0 0 0 0 0 0 0 0 0 0 0 0 0 0 0 0 0 0 0 0 0 0 0 0 0 0 0 0 
14 10 11 5 7 3 11 12 13 9 13 5 10 5 8 6 12 10 11 2 8 8 12 10 6 7 8 6 11 4 9 12 10 11 6 15 13 8 6 9 6 4 6 3 8 6 10 6 10 9 
10 7 14 11 9 8 3 11 8 15 8 9 11 11 10 15 6 5 8 8 7 12 13 11 9 8 8 14 6 5 10 3 11 14 12 11 11 16 7 12 8 8 9 12 13 12 9 16 11 16 
2 3 1 1 2 0 2 2 2 1 2 1 2 1 2 0 0 1 1 1 0 0 2 2 0 0 1 0 1 2 0 1 1 0 1 3 1 1 0 1 0 2 0 0 1 0 2 1 0 1 
3 2 1 1 2 5 2 1 4 6 1 6 6 3 3 7 6 0 4 5 2 4 5 1 0 2 4 2 5 2 5 1 2 4 4 3 5 2 2 0 1 3 3 6 4 2 2 5 4 4 
1 1 2 1 2 3 0 1 2 2 2 2 2 1 3 0 1 3 3 0 0 3 2 4 1 2 3 3 0 2 4 3 3 2 2 3 1 4 5 1 1 0 3 1 3 3 3 0 2 2 
5 4 5 6 2 5 4 7 2 2 9 8 6 4 4 6 4 4 8 10 2 2 1 6 5 2 4 5 5 4 5 6 4 7 4 4 4 7 2 8 2 2 8 5 2 7 5 6 6 2 
10 11 15 12 3 11 11 5 7 9 13 15 9 11 14 15 6 13 13 0 10 10 13 9 10 14 13 15 12 4 7 7 9 7 15 10 7 11 8 12 7 8 11 10 12 9 7 11 11 7 
7 7 5 5 6 7 6 3 7 8 8 4 0 7 5 8 7 6 11 10 5 5 3 8 5 4 0 0 6 7 8 5 10 4 5 7 4 8 2 4 7 8 8 6 9 3 5 5 8 13 
3 0 4 4 4 2 4 3 0 6 3 5 1 0 2 2 7 2 2 2 4 1 2 5 3 4 5 1 4 6 3 2 3 3 4 2 2 6 4 3 1 2 2 4 2 2 4 3 3 1 
10 10 13 13 5 7 12 11 10 12 5 11 16 11 10 10 7 8 8 10 10 7 8 7 12 13 10 14 8 5 10 8 14 13 11 9 15 13 12 8 6 11 11 13 11 16 4 2 9 16 
16 13 11 8 12 13 10 7 14 6 6 11 12 13 10 12 7 13 12 9 10 7 6 13 9 13 6 8 13 12 8 10 11 9 15 11 4 7 7 12 9 11 10 11 15 8 12 9 7 14 
6 5 4 0 5 3 3 5 2 4 3 3 4 4 2 2 6 7 5 1 7 1 1 0 1 2 2 4 2 4 3 4 3 0 5 6 2 5 4 4 9 3 2 4 6 2 4 3 3 3 
8 10 4 9 5 3 10 12 8 9 10 6 4 5 7 9 5 10 6 10 6 11 11 7 5 10 6 6 8 7 4 3 7 11 5 10 8 12 5 10 7 3 8 12 9 7 6 7 5 6 
8 7 10 7 13 9 10 8 8 16 10 12 8 9 10 14 14 10 13 11 14 13 9 9 8 11 11 16 9 12 16 7 14 13 12 10 11 9 13 13 13 7 8 11 10 5 11 8 11 7 
7 7 8 3 8 8 5 8 13 9 9 8 11 8 9 10 8 5 7 10 6 8 10 10 9 5 11 10 7 6 10 2 15 12 8 7 12 6 7 6 8 7 8 2 8 9 9 9 12 11 
8 5 8 8 5 8 6 8 9 8 4 8 4 4 3 6 11 7 9 1 6 2 2 7 5 1 7 9 5 8 8 5 4 9 9 5 8 5 10 3 7 4 7 4 5 5 1 8 7 4 
1 1 1 0 3 2 2 0 0 1 0 1 1 1 3 2 0 3 1 0 0 2 1 0 1 2 3 2 1 1 1 1 2 0 0 0 0 2 1 1 2 1 0 1 1 1 1 1 1 1 
11 15 9 11 10 13 9 10 11 2 10 11 13 17 6 11 7 14 5 13 10 5 12 8 3 10 3 8 5 7 12 6 8 12 14 10 6 11 10 10 6 8 9 2 9 11 12 6 7 6 
7 11 7 8 5 5 3 4 8 7 5 9 14 3 1 8 8 6 7 8 3 6 4 6 10 9 8 4 8 7 3 9 5 4 0 10 4 9 8 10 2 4 8 7 4 3 8 1 9 8 
9 8 9 7 9 11 9 7 17 10 11 10 13 11 10 7 8 8 12 6 6 10 11 11 12 2 4 8 8 11 9 12 5 4 12 8 11 13 5 18 9 16 13 8 8 12 6 11 8 9 
4 10 6 9 3 4 9 7 6 4 9 6 6 6 8 4 8 5 7 10 7 8 4 5 2 9 3 2 6 4 10 1 5 6 3 3 9 7 10 4 1 6 2 3 3 9 5 5 4 4 
5 5 5 2 6 6 6 8 4 3 7 2 5 3 4 4 6 6 5 6 0 0 6 5 6 2 4 0 8 4 2 4 5 6 0 2 3 6 5 8 4 4 7 2 6 3 4 4 7 3 
8 4 1 5 4 3 4 1 3 1 1 2 4 8 3 4 7 5 3 7 5 2 4 5 5 4 0 5 2 3 5 5 7 5 4 3 3 5 2 2 2 5 5 3 6 5 5 4 5 3 
4 3 2 4 3 4 2 4 4 5 8 5 1 2 5 3 8 1 3 1 2 4 3 3 3 2 4 9 5 3 3 3 5 3 6 0 2 7 4 2 3 2 4 4 4 2 2 5 6 4 
5 5 9 8 4 3 2 8 6 7 5 4 1 9 8 6 3 1 2 4 5 8 3 4 5 0 4 5 10 5 6 4 9 3 7 6 8 4 2 7 4 8 4 12 4 8 6 2 6 8 
5 10 4 1 15 6 10 5 11 7 14 10 7 9 16 6 6 12 6 13 8 12 9 13 6 3 10 8 9 4 9 12 9 10 7 11 12 10 9 7 10 8 11 8 12 7 8 3 12 10 
9 11 4 6 7 11 10 9 9 7 9 5 7 10 10 10 10 5 10 1 11 11 11 11 8 4 8 10 6 11 5 6 8 10 5 10 4 9 14 8 5 9 9 9 12 7 12 10 5 11 
13 7 5 5 7 6 5 8 5 3 2 6 4 10 4 10 8 11 7 9 7 9 10 3 11 4 6 7 7 9 13 10 7 10 5 5 8 6 0 5 5 10 5 7 10 1 8 6 8 9 
3 4 1 1 0 3 2 3 1 3 2 2 4 2 2 2 0 1 3 2 0 4 2 1 4 1 4 2 2 2 0 4 4 1 0 2 2 2 5 4 4 0 5 6 3 2 2 1 3 3 
DEPOT_SECTION
 1
 -1
EOF
