NAME  : Parada_30_6_0.95_1.00_0
TYPE : SVRP
MODEL : FINITE_SUPPORT
NUMBER_OF_SCENARIOS : 50
DIMENSION : 30
EDGE_WEIGHT_TYPE : MATRIX
CAPACITY : 30
N_VEHICLES : 6
NODE_COORD_SECTION
1 176050 136350
2 546280 338860
3 145030 77167
4 88060 588170
5 321290 184280
6 464110 385960
7 27 142100
8 507610 313940
9 357300 18
10 456070 296260
11 223930 31098
12 6866 269460
13 179520 270600
14 353920 292080
15 120890 589650
16 14098 274160
17 333160 40158
18 29598 584150
19 121040 348930
20 197940 417090
21 128960 342680
22 188750 344640
23 199760 170970
24 154570 595640
25 425280 461600
26 307850 151540
27 480000 335530
28 3309 285640
29 349190 263850
30 406020 32542
DEMAND_SECTION
1 0.0
2 1.0
3 6.0
4 10.0
5 6.0
6 1.0
7 2.0
8 3.0
9 5.0
10 9.0
11 6.0
12 8.0
13 10.0
14 4.0
15 10.0
16 2.0
17 5.0
18 10.0
19 8.0
20 5.0
21 3.0
22 8.0
23 8.0
24 10.0
25 10.0
26 5.0
27 4.0
28 10.0
29 5.0
30 1.0
DISTANCE_MATRIX
0.0 46.4924 14.3178 62.0103 13.0384 69.7472 33.8378 60.257 33.8819 51.7461 25.5687 49.4773 43.4166 30.0393 64.2847 51.8861 50.8845 71.4988 56.8243 41.5933 40.3113 43.295 10.6301 69.7923 65.953 18.2483 55.8164 49.6505 39.815 38.4613 
46.4924 0.0 55.3624 69.0797 35.4683 18.0278 72.8354 11.1803 64.405 16.1245 71.7509 94.3453 89.5063 30.8058 74.0945 86.0233 89.0133 89.8888 102.918 29.0172 42.2966 41.7852 55.9422 80.1124 29.9666 29.0689 12.0416 84.006 20.6155 70.2922 
14.3178 55.3624 0.0 51.3627 26.9722 63.8122 19.6469 54.5894 42.9557 45.793 22.5082 39.3573 36.7967 24.6982 50.3622 37.5899 46.3912 57.5763 49.5782 55.6047 54.5894 35.0672 15.2315 55.8698 58.7282 31.305 50.1199 35.3553 34.7851 42.3264 
62.0103 69.0797 51.3627 0.0 65.3325 65.4905 39.5156 61.131 90.592 53.1413 70.1445 64.927 71.7238 47.3814 5.09902 32.5576 86.7803 20.8806 79.8547 85.1469 90.112 27.313 66.0955 11.4018 51.0098 61.5741 57.8705 32.0156 53.8238 89.9628 
13.0384 35.4683 26.9722 65.3325 0.0 49.6488 46.587 39.6611 31.0161 33.6877 27.8731 61.9839 55.1431 18.3609 69.7318 64.5289 53.8956 85.4956 68.554 28.6356 29.0689 42.0801 21.1896 76.677 52.1559 6.40312 35.8476 62.2933 19.4324 35.8469 
69.7472 18.0278 63.8122 65.4905 49.6488 0.0 78.7445 10.0 80.1311 18.0278 83.2784 103.078 99.8542 39.8246 70.5762 88.459 103.538 86.1452 113.004 47.0 60.2993 40.1123 69.7715 75.505 16.6433 43.566 14.1421 86.6833 31.1448 85.44 
33.8378 72.8354 19.6469 39.5156 46.587 78.7445 0.0 70.2182 53.2711 61.0531 32.8236 28.0179 32.5576 42.19 38.5151 19.105 47.2782 44.643 42.0476 75.2195 73.8241 42.7228 31.4006 44.0227 71.2319 50.7438 65.8028 16.9706 52.345 52.6419 
60.257 11.1803 54.5894 61.131 39.6611 10.0 70.2182 0.0 70.2353 9.21954 73.7882 93.9415 90.364 30.2324 66.2193 81.3941 93.5533 82.0061 103.514 39.4588 52.0 34.3657 59.7801 71.7844 18.7883 33.6155 4.47214 79.511 21.2132 75.4718 
33.8819 64.405 42.9557 90.592 31.0161 80.1311 53.2711 70.2353 0.0 64.6263 20.8087 53.4865 41.0 49.6346 89.5916 72.2496 29.6142 96.6006 52.0865 45.2769 34.4819 73.3538 36.714 95.0992 83.0945 36.6742 66.6408 70.1783 50.371 7.28011 
51.7461 16.1245 45.793 53.1413 33.6877 18.0278 61.0531 9.21954 64.6263 0.0 65.2773 85.0882 81.8531 21.9317 58.1893 72.2496 87.5827 74.0 95.0 39.9249 50.8035 25.9615 54.8435 64.0781 19.0263 28.1603 5.0 70.3491 14.3178 69.5408 
25.5687 71.7509 22.5082 70.1445 27.8731 83.2784 32.8236 73.7882 20.8087 65.2773 0.0 38.0132 29.1204 43.5705 69.1441 51.8093 35.1659 76.1531 42.3792 51.3517 45.5412 56.6763 16.2665 74.6516 79.4842 34.0596 69.3476 49.7317 53.3461 20.2956 
49.4773 94.3453 39.3573 64.927 61.9839 103.078 28.0179 93.9415 53.4865 85.0882 38.0132 0.0 13.4536 63.9766 63.8905 36.0555 31.8904 66.1211 15.1327 89.1409 83.3847 70.7391 41.1947 68.6586 97.0479 67.6831 89.4707 35.2278 73.9256 47.4709 
43.4166 89.5063 36.7967 71.7238 55.1431 99.8542 32.5576 90.364 41.0 81.8531 29.1204 13.4536 0.0 60.1463 70.7234 45.7056 18.6011 75.2396 13.4164 80.2309 73.0068 71.8246 34.1153 76.1643 95.5249 61.1154 85.9234 44.4072 69.9219 34.7851 
30.0393 30.8058 24.6982 47.3814 18.3609 39.8246 42.19 30.2324 49.6346 21.9317 43.5705 63.9766 60.1463 0.0 51.785 56.7416 68.6587 66.9892 73.2966 38.0132 43.0116 23.7697 33.1366 58.7282 38.0132 14.4222 25.807 54.5939 10.198 54.214 
64.2847 74.0945 50.3622 5.09902 69.7318 70.5762 38.5151 66.2193 89.5916 58.1893 69.1441 63.8905 70.7234 51.785 0.0 30.2324 85.7798 15.8114 78.848 89.6437 94.5113 32.311 65.0951 7.2111 56.0 65.9734 62.9365 30.0167 58.5235 88.9624 
51.8861 86.0233 37.5899 32.5576 64.5289 88.459 19.105 81.3941 72.2496 72.2496 51.8093 36.0555 45.7056 56.7416 30.2324 0.0 62.9365 30.0666 51.1566 92.459 92.1792 48.8492 50.448 33.6155 77.4743 67.3821 77.2334 2.23607 66.385 71.6198 
50.8845 89.0133 46.3912 86.7803 53.8956 103.538 47.2782 93.5533 29.6142 87.5827 35.1659 31.8904 18.6011 68.6587 85.7798 62.9365 0.0 91.5915 24.6982 73.9256 64.0312 81.3348 41.5823 91.2874 104.569 60.0821 89.7426 61.4003 73.3274 22.3607 
71.4988 89.8888 57.5763 20.8806 85.4956 86.1452 44.643 82.0061 96.6006 74.0 76.1531 66.1211 75.2396 66.9892 15.8114 30.0666 91.5915 0.0 81.2219 104.848 110.275 48.1041 72.3092 11.0454 71.1758 81.1775 78.7464 31.0 73.9256 95.9714 
56.8243 102.918 49.5782 79.8547 68.554 113.004 42.0476 103.514 52.0865 95.0 42.3792 15.1327 13.4164 73.2966 78.848 51.1566 24.6982 81.2219 0.0 93.1761 85.2877 84.4415 47.5262 83.7437 108.191 74.5263 99.0737 50.3587 83.0722 45.2769 
41.5933 29.0172 55.6047 85.1469 28.6356 47.0 75.2195 39.4588 45.2769 39.9249 51.3517 89.1409 80.2309 38.0132 89.6437 92.459 73.9256 104.848 93.1761 0.0 14.3178 59.4643 48.0104 96.5401 57.7235 25.0799 38.3275 90.2495 31.8904 52.3546 
40.3113 42.2966 54.5894 90.112 29.0689 60.2993 73.8241 52.0 34.4819 50.8035 45.5412 83.3847 73.0068 43.0116 94.5113 92.1792 64.0312 110.275 85.2877 14.3178 0.0 66.3702 44.1881 101.456 69.4622 28.6007 50.1597 89.9444 39.9249 41.7612 
43.295 41.7852 35.0672 27.313 42.0801 40.1123 42.7228 34.3657 73.3538 25.9615 56.6763 70.7391 71.8246 23.7697 32.311 48.8492 81.3348 48.1041 84.4415 59.4643 66.3702 0.0 46.3923 38.4708 28.6356 38.0132 30.8058 47.1709 27.5862 77.9332 
10.6301 55.9422 15.2315 66.0955 21.1896 69.7715 31.4006 59.7801 36.714 54.8435 16.2665 41.1947 34.1153 33.1366 65.0951 50.448 41.5823 72.3092 47.5262 48.0104 44.1881 46.3923 0.0 70.6027 69.0504 27.313 55.9589 48.2701 39.5437 34.5505 
69.7923 80.1124 55.8698 11.4018 76.677 75.505 44.0227 71.7844 95.0992 64.0781 74.6516 68.6586 76.1643 58.7282 7.2111 33.6155 91.2874 11.0454 83.7437 96.5401 101.456 38.4708 70.6027 0.0 60.2993 72.9185 68.7095 33.8378 65.215 94.4699 
65.953 29.9666 58.7282 51.0098 52.1559 16.6433 71.2319 18.7883 83.0945 19.0263 79.4842 97.0479 95.5249 38.0132 56.0 77.4743 104.569 71.1758 108.191 57.7235 69.4622 28.6356 69.0504 60.2993 0.0 46.8722 19.4165 75.796 32.7567 88.009 
18.2483 29.0689 31.305 61.5741 6.40312 43.566 50.7438 33.6155 36.6742 28.1603 34.0596 67.6831 61.1154 14.4222 65.9734 67.3821 60.0821 81.1775 74.5263 25.0799 28.6007 38.0132 27.313 72.9185 46.8722 0.0 29.9666 65.1725 14.1421 41.8808 
55.8164 12.0416 50.1199 57.8705 35.8476 14.1421 65.8028 4.47214 66.6408 5.0 69.3476 89.4707 85.9234 25.807 62.9365 77.2334 89.7426 78.7464 99.0737 38.3275 50.1597 30.8058 55.9589 68.7095 19.4165 29.9666 0.0 75.326 17.0294 71.694 
49.6505 84.006 35.3553 32.0156 62.2933 86.6833 16.9706 79.511 70.1783 70.3491 49.7317 35.2278 44.4072 54.5939 30.0167 2.23607 61.4003 31.0 50.3587 90.2495 89.9444 47.1709 48.2701 33.8378 75.796 65.1725 75.326 0.0 64.3106 69.5483 
39.815 20.6155 34.7851 53.8238 19.4324 31.1448 52.345 21.2132 50.371 14.3178 53.3461 73.9256 69.9219 10.198 58.5235 66.385 73.3274 73.9256 83.0722 31.8904 39.9249 27.5862 39.5437 65.215 32.7567 14.1421 17.0294 64.3106 0.0 55.2855 
38.4613 70.2922 42.3264 89.9628 35.8469 85.44 52.6419 75.4718 7.28011 69.5408 20.2956 47.4709 34.7851 54.214 88.9624 71.6198 22.3607 95.9714 45.2769 52.3546 41.7612 77.9332 34.5505 94.4699 88.009 41.8808 71.694 69.5483 55.2855 0.0 
DEMAND_SCENARIO_SECTION
0 0 0 0 0 0 0 0 0 0 0 0 0 0 0 0 0 0 0 0 0 0 0 0 0 0 0 0 0 0 0 0 0 0 0 0 0 0 0 0 0 0 0 0 0 0 0 0 0 0 
2 2 0 2 1 0 2 2 0 1 1 0 1 1 3 1 1 1 0 1 1 1 1 1 0 1 0 1 2 1 2 0 3 1 0 0 1 0 0 0 3 0 1 0 0 2 1 0 1 2 
3 7 10 7 7 4 8 6 8 5 10 1 5 5 3 1 4 7 8 8 8 8 7 9 4 3 6 8 6 10 4 8 5 11 7 9 6 8 5 5 6 2 4 5 9 7 7 7 9 7 
6 7 11 12 12 7 14 11 8 8 12 15 8 10 9 8 13 8 9 7 14 10 14 7 15 15 9 15 11 14 12 10 4 8 11 11 11 10 6 3 0 12 8 10 10 11 10 10 9 9 
3 6 6 7 4 8 11 10 3 5 6 6 0 5 5 7 6 5 4 5 4 8 0 5 7 4 10 1 6 4 5 2 9 6 2 5 6 8 5 8 7 6 10 3 3 9 6 5 4 7 
0 0 1 0 0 1 1 0 1 1 2 1 0 1 0 0 2 3 1 2 2 1 0 2 1 2 0 1 1 0 2 1 1 1 0 0 0 1 2 3 0 0 0 2 1 1 1 0 2 0 
2 3 3 0 0 2 1 4 0 2 2 2 3 3 2 3 2 0 0 2 5 1 3 4 4 1 0 1 2 3 4 1 0 3 0 1 1 0 2 4 0 2 1 3 3 1 4 1 3 3 
2 4 4 2 2 3 0 1 3 2 5 0 0 6 1 5 2 0 0 3 3 4 3 5 6 4 3 2 2 4 3 3 3 4 3 2 4 2 2 4 3 3 5 2 1 5 2 0 5 3 
5 7 4 7 6 4 6 3 6 3 3 6 3 4 3 6 1 5 7 6 6 3 6 5 5 4 5 1 6 6 3 6 6 5 8 7 7 3 1 4 4 6 5 1 3 8 5 5 1 6 
10 9 4 3 2 6 14 13 10 10 7 3 8 8 6 8 12 8 11 10 6 11 11 5 12 6 14 14 7 12 9 8 8 9 8 13 9 12 4 7 10 11 8 5 14 6 9 9 7 10 
8 8 5 8 8 6 5 5 6 2 7 5 5 10 1 10 2 2 9 8 10 5 6 8 4 9 3 2 8 3 3 5 4 9 6 3 6 2 7 5 8 7 7 0 3 8 6 7 9 4 
6 9 8 9 11 11 7 4 3 11 10 12 4 6 9 10 8 8 8 10 12 6 5 10 0 9 14 10 11 13 6 2 8 6 9 9 5 9 9 8 3 14 12 8 15 5 12 11 5 7 
10 9 11 13 11 5 9 12 9 8 15 5 11 3 12 12 6 15 13 14 14 10 13 9 8 9 14 13 11 9 11 7 5 12 5 16 11 11 10 8 10 11 12 9 6 14 13 10 8 11 
1 5 4 5 1 2 3 2 3 6 3 5 3 3 4 5 0 4 5 4 0 0 6 3 6 3 6 2 2 8 1 5 2 3 2 3 6 5 4 5 2 3 8 3 5 3 4 5 5 4 
11 7 14 9 10 13 13 6 10 12 9 10 7 5 10 11 11 12 10 4 4 10 9 9 13 12 12 11 10 8 7 5 12 16 12 12 11 19 14 6 14 13 6 10 7 14 14 10 10 14 
0 0 3 3 1 3 0 1 2 3 0 4 3 3 4 2 0 2 2 1 2 5 3 6 4 2 2 1 1 2 1 1 6 3 2 3 4 1 3 1 3 1 2 1 2 0 4 4 4 4 
3 6 8 2 3 2 2 6 8 6 6 8 6 5 5 10 3 2 6 5 5 3 4 8 3 8 9 4 4 3 6 5 6 5 7 2 7 6 7 5 8 7 7 7 5 6 5 4 3 5 
6 7 8 7 13 6 9 9 17 13 12 10 10 8 14 10 7 14 11 9 12 7 14 6 6 8 15 12 8 7 9 11 7 10 7 13 15 12 12 8 7 10 6 9 11 10 15 10 6 12 
8 5 11 10 4 1 5 6 8 6 6 8 6 6 15 6 7 8 7 8 8 7 8 10 13 10 9 10 6 8 8 13 4 7 11 4 8 3 7 6 7 8 11 10 8 10 10 6 5 4 
9 1 2 4 1 4 9 4 8 2 7 4 11 5 5 7 5 4 5 6 6 5 2 4 5 3 3 4 2 6 8 6 5 4 4 5 5 4 4 6 4 3 7 3 3 7 2 4 2 5 
2 3 4 3 2 3 2 2 3 0 4 2 0 5 4 5 4 1 2 3 1 1 1 3 6 4 7 1 5 0 5 3 4 4 5 3 4 8 3 5 6 5 3 5 6 5 6 2 5 3 
9 12 9 11 6 4 8 9 10 8 7 8 6 5 8 8 7 14 11 6 6 11 8 5 10 10 5 10 6 9 6 6 8 13 8 6 11 8 8 10 13 10 6 9 9 9 12 7 9 12 
8 8 8 4 11 9 10 12 9 10 5 10 6 8 8 10 8 7 5 8 10 7 8 6 10 9 7 4 6 1 9 11 9 10 3 11 7 9 8 11 9 9 10 6 9 8 10 4 8 9 
15 12 10 6 9 14 16 3 8 7 9 12 15 11 11 12 14 5 10 10 14 3 10 11 12 11 8 9 15 8 8 15 13 6 13 9 16 7 8 9 9 12 14 8 10 10 6 9 6 5 
13 16 10 6 7 11 10 11 7 9 4 7 16 13 8 9 7 9 7 15 13 9 12 5 13 11 9 15 10 12 4 7 6 6 10 15 14 11 10 13 9 12 15 12 13 13 11 13 8 10 
3 8 4 4 4 7 4 4 4 8 6 9 4 5 3 7 3 6 5 5 5 4 9 9 8 0 6 6 5 6 7 5 7 9 9 7 3 6 5 8 5 6 3 4 2 10 7 0 4 1 
7 1 4 1 5 2 3 3 3 1 5 7 5 6 4 2 6 4 8 3 7 2 2 3 6 5 0 3 6 3 2 4 3 4 2 6 5 6 3 3 4 1 1 4 4 2 2 2 2 2 
13 11 5 11 6 6 13 14 17 13 11 6 12 8 12 7 13 13 12 14 8 7 8 14 12 9 12 18 13 7 11 14 7 5 12 2 9 10 11 10 15 8 7 9 6 11 14 10 11 15 
4 2 7 4 4 5 4 5 3 5 1 5 4 4 7 4 9 6 9 10 9 4 0 4 5 7 2 7 6 9 10 4 3 6 11 5 2 5 3 4 7 7 3 5 3 5 5 6 3 7 
0 1 0 2 0 1 2 1 2 0 1 2 1 2 0 0 0 0 0 1 1 1 2 0 2 1 1 1 2 3 0 2 0 1 1 2 0 2 0 1 3 1 2 0 1 1 1 2 1 0 
DEPOT_SECTION
 1
 -1
EOF
