NAME  : Parada_30_6_0.95_1.00_1
TYPE : SVRP
MODEL : FINITE_SUPPORT
NUMBER_OF_SCENARIOS : 50
DIMENSION : 30
EDGE_WEIGHT_TYPE : MATRIX
CAPACITY : 24
N_VEHICLES : 6
NODE_COORD_SECTION
1 112200 379220
2 29842 241170
3 373920 309640
4 279520 493080
5 150160 209080
6 83121 22711
7 27 230370
8 426790 370100
9 234170 391450
10 239310 298550
11 339720 127340
12 26247 360340
13 382850 405380
14 485590 397300
15 298250 487570
16 348380 316760
17 126660 346470
18 19048 406460
19 278560 414010
20 28595 356070
21 124070 431220
22 342290 156160
23 317790 454510
24 318740 463110
25 145620 421400
26 107750 18
27 379300 460880
28 171830 323010
29 113030 124060
30 360650 142910
DEMAND_SECTION
1 0.0
2 5.0
3 1.0
4 3.0
5 9.0
6 9.0
7 1.0
8 8.0
9 2.0
10 2.0
11 2.0
12 1.0
13 9.0
14 6.0
15 4.0
16 5.0
17 9.0
18 3.0
19 6.0
20 5.0
21 7.0
22 10.0
23 4.0
24 3.0
25 1.0
26 10.0
27 9.0
28 2.0
29 1.0
30 1.0
DISTANCE_MATRIX
0.0 26.0 62.9511 48.6246 46.6285 55.2275 23.1948 55.5606 31.8946 21.1931 47.8853 41.3009 45.4692 60.0261 43.5368 24.6982 7.2111 21.19 33.1005 31.4814 41.5651 47.2017 37.9689 19.2354 6.7082 51.8878 26.4325 30.1419 57.4543 47.7074 
26.0 0.0 71.592 56.2354 29.5466 34.6699 4.24264 68.2354 41.1366 33.541 71.8688 50.0 59.817 73.7286 51.3977 48.7647 20.3961 16.4012 49.5359 20.0998 32.7567 70.8393 48.0589 45.0999 29.6142 30.8058 51.2325 39.5291 37.8021 71.2861 
62.9511 71.592 0.0 15.1327 51.225 105.326 74.1316 12.2066 35.1283 75.185 53.8145 95.2928 23.4307 19.4165 20.025 49.7695 73.1892 59.2351 32.311 50.7131 38.7393 47.5079 25.0799 64.2884 56.7086 101.281 73.3757 84.1338 58.6686 50.3289 
48.6246 56.2354 15.1327 0.0 41.9415 89.9695 58.775 14.4222 20.0416 60.8585 46.9574 80.9663 17.2627 23.7065 5.09902 37.4433 57.8327 43.8785 20.5183 36.8444 23.6525 41.2311 10.7703 50.6952 42.3821 85.9241 60.0083 69.8073 50.9608 43.8634 
46.6285 29.5466 51.225 41.9415 0.0 56.4358 33.541 56.0387 37.1214 60.526 80.0999 77.563 56.7713 65.49 42.2135 60.6383 39.4174 26.0768 52.0384 15.6525 24.0832 76.0066 42.5793 65.0012 47.0398 52.345 72.8952 66.6859 11.4018 78.0064 
55.2275 34.6699 105.326 89.9695 56.4358 0.0 34.0588 101.969 75.5304 50.9608 101.836 59.0085 94.2108 107.482 85.1317 79.26 51.1552 51.0392 83.8735 53.3104 66.4908 101.259 81.8126 69.0797 59.9725 4.12311 71.3258 55.109 59.1354 102.012 
23.1948 4.24264 74.1316 58.775 33.541 34.0588 0.0 67.134 41.591 29.5466 70.0071 45.8039 60.2714 74.1831 53.9373 46.8188 18.3848 17.4642 49.9342 23.0217 35.2964 68.6719 48.5133 42.0 27.5136 30.4138 47.676 35.4581 42.0119 69.4254 
55.5606 68.2354 12.2066 14.4222 56.0387 101.969 67.134 0.0 30.8707 67.7945 41.7253 87.9023 12.083 9.48683 17.0294 40.025 63.3847 55.8785 23.0868 48.8444 35.6525 35.3836 19.6977 55.4437 49.3181 97.9241 64.1327 76.7433 64.846 38.2099 
31.8946 41.1366 35.1283 20.0416 37.1214 75.5304 41.591 30.8707 0.0 44.1284 43.0116 64.2362 24.7588 38.0132 15.1327 24.7144 37.1434 25.594 15.8114 31.2893 13.9284 39.2046 11.1803 34.6518 25.652 71.78 44.0856 53.0773 48.3735 41.0488 
21.1931 33.541 75.185 60.8585 60.526 50.9608 29.5466 67.7945 44.1284 0.0 53.7401 20.6752 57.5601 72.0882 55.7707 32.7567 28.3016 39.3238 45.2068 47.6754 58.0331 54.8179 50.2028 19.2094 22.9447 49.0306 20.3961 9.51618 69.9929 54.5619 
47.8853 71.8688 53.8145 46.9574 80.0999 101.836 70.0071 41.7253 43.0116 53.7401 0.0 60.5936 30.8058 38.2753 44.0114 23.2594 51.6236 58.8558 28.6356 66.0681 56.3205 6.40312 39.5601 34.7131 42.5441 99.17 38.4708 63.146 91.2688 3.60555 
41.3009 50.0 95.2928 80.9663 77.563 59.0085 45.8039 87.9023 64.2362 20.6752 60.5936 0.0 77.6679 89.6149 75.8785 47.867 48.4094 56.6427 65.3146 64.9943 78.1409 64.0461 70.3106 33.2039 43.0525 58.2151 23.8243 13.0 87.0299 62.711 
45.4692 59.817 23.4307 17.2627 56.7713 94.2108 60.2714 12.083 24.7588 57.5601 30.8058 77.6679 0.0 14.5602 16.1245 28.2843 55.8238 44.2744 12.3693 46.2902 33.2415 24.6982 14.7648 44.0454 39.2267 90.4604 52.469 66.509 67.0137 27.4591 
60.0261 73.7286 19.4165 23.7065 65.49 107.482 74.1831 9.48683 38.0132 72.0882 38.2753 89.6149 14.5602 0.0 25.6125 42.0 69.7354 58.186 26.9258 57.164 43.9721 31.9061 27.0185 58.0345 53.7836 103.894 66.0681 81.037 74.3303 34.6699 
43.5368 51.3977 20.025 5.09902 42.2135 85.1317 53.9373 17.0294 15.1327 55.7707 44.0114 75.8785 16.1245 25.6125 0.0 32.8024 49.1448 39.0408 16.4012 32.0067 18.8148 38.6005 5.83095 45.6946 37.2943 81.0864 55.0364 64.7196 50.8893 41.1096 
24.6982 48.7647 49.7695 37.4433 60.6383 79.26 46.8188 40.025 24.7144 32.7567 23.2594 47.867 28.2843 42.0 32.8024 0.0 28.4605 37.0 17.4642 45.5412 38.619 22.6716 27.0185 16.1245 19.3132 75.9203 24.1868 41.95 72.0358 23.0217 
7.2111 20.3961 73.1892 57.8327 39.4174 51.1552 18.3848 63.3847 37.1434 28.3016 51.6236 48.4094 55.8238 69.7354 49.1448 28.4605 0.0 13.9789 35.8024 24.2703 34.354 50.2876 44.0656 25.9615 9.21954 47.8017 33.541 37.2504 50.2494 51.041 
21.19 16.4012 59.2351 43.8785 26.0768 51.0392 17.4642 55.8785 25.594 39.3238 58.8558 56.6427 44.2744 58.186 39.0408 37.0 13.9789 0.0 34.0009 10.6301 20.3999 56.0446 32.5163 39.5628 21.6014 47.2017 47.4567 45.4837 37.1214 57.4891 
33.1005 49.5359 32.311 20.5183 52.0384 83.8735 49.9342 23.0868 15.8114 45.2068 28.6356 65.3146 12.3693 26.9258 16.4012 17.4642 35.8024 34.0009 0.0 39.7532 28.0 24.0208 11.1803 32.3883 26.858 80.1231 41.2311 54.1556 63.0079 26.1725 
31.4814 20.0998 50.7131 36.8444 15.6525 53.3104 23.0217 48.8444 31.2893 47.6754 66.0681 64.9943 46.2902 57.164 32.0067 45.5412 24.2703 10.6301 39.7532 0.0 13.4536 62.5215 31.5556 49.8542 31.8927 49.2443 57.7481 53.8353 26.9258 64.2806 
41.5651 32.7567 38.7393 23.6525 24.0832 66.4908 35.2964 35.6525 13.9284 58.0331 56.3205 78.1409 33.2415 43.9721 18.8148 38.619 34.354 20.3999 28.0 13.4536 0.0 52.0096 18.6815 48.7468 39.5567 62.4455 58.1526 66.9819 35.0143 54.0833 
47.2017 70.8393 47.5079 41.2311 76.0066 101.259 68.6719 35.3836 39.2046 54.8179 6.40312 64.0461 24.6982 31.9061 38.6005 22.6716 50.2876 56.0446 24.0208 62.5215 52.0096 0.0 34.5254 36.3593 41.3401 97.9191 41.4367 64.1308 87.023 2.82843 
37.9689 48.0589 25.0799 10.7703 42.5793 81.8126 48.5133 19.6977 11.1803 50.2028 39.5601 70.3106 14.7648 27.0185 5.83095 27.0185 44.0656 32.5163 11.1803 31.5556 18.6815 34.5254 0.0 39.9249 31.7264 78.2242 49.2443 59.1516 53.1507 36.8782 
19.2354 45.0999 64.2884 50.6952 65.0012 69.0797 42.0 55.4437 34.6518 19.2094 34.7131 33.2039 44.0454 58.0345 45.6946 16.1245 25.9615 39.5628 32.3883 49.8542 48.7468 36.3593 39.9249 0.0 18.3576 66.7308 9.43398 28.681 75.8467 35.805 
6.7082 29.6142 56.7086 42.3821 47.0398 59.9725 27.5136 49.3181 25.652 22.9447 42.5441 43.0525 39.2267 53.7836 37.2943 19.3132 9.21954 21.6014 26.858 31.8927 39.5567 41.3401 31.7264 18.3576 0.0 56.6328 27.0185 31.8936 57.8853 42.0595 
51.8878 30.8058 101.281 85.9241 52.345 4.12311 30.4138 97.9241 71.78 49.0306 99.17 58.2151 90.4604 103.894 81.0864 75.9203 47.8017 47.2017 80.1231 49.2443 62.4455 97.9191 78.2242 66.7308 56.6328 0.0 69.4262 53.4603 55.2268 98.6724 
26.4325 51.2325 73.3757 60.0083 72.8952 71.3258 47.676 64.1327 44.0856 20.3961 38.4708 23.8243 52.469 66.0681 55.0364 24.1868 33.541 47.4567 41.2311 57.7481 58.1526 41.4367 49.2443 9.43398 27.0185 69.4262 0.0 29.8411 83.7406 40.3113 
30.1419 39.5291 84.1338 69.8073 66.6859 55.109 35.4581 76.7433 53.0773 9.51618 63.146 13.0 66.509 81.037 64.7196 41.95 37.2504 45.4837 54.1556 53.8353 66.9819 64.1308 59.1516 28.681 31.8936 53.4603 29.8411 0.0 76.1528 63.9193 
57.4543 37.8021 58.6686 50.9608 11.4018 59.1354 42.0119 64.846 48.3735 69.9929 91.2688 87.0299 67.0137 74.3303 50.8893 72.0358 50.2494 37.1214 63.0079 26.9258 35.0143 87.023 53.1507 75.8467 57.8853 55.2268 83.7406 76.1528 0.0 89.0898 
47.7074 71.2861 50.3289 43.8634 78.0064 102.012 69.4254 38.2099 41.0488 54.5619 3.60555 62.711 27.4591 34.6699 41.1096 23.0217 51.041 57.4891 26.1725 64.2806 54.0833 2.82843 36.8782 35.805 42.0595 98.6724 40.3113 63.9193 89.0898 0.0 
DEMAND_SCENARIO_SECTION
0 0 0 0 0 0 0 0 0 0 0 0 0 0 0 0 0 0 0 0 0 0 0 0 0 0 0 0 0 0 0 0 0 0 0 0 0 0 0 0 0 0 0 0 0 0 0 0 0 0 
0 7 5 6 8 3 2 3 0 2 3 5 10 2 7 3 5 3 0 6 2 8 2 2 5 2 3 4 5 5 8 9 7 6 5 7 4 4 8 2 7 3 5 4 3 5 5 2 2 2 
0 1 1 2 0 2 4 1 1 1 0 1 0 0 1 3 1 3 3 0 0 0 2 3 2 0 1 1 1 1 0 2 0 1 2 2 1 0 1 1 0 2 1 2 3 0 0 0 1 0 
6 4 1 6 5 6 4 2 5 2 2 8 4 0 3 2 5 3 0 3 1 3 3 2 2 3 2 3 1 3 3 3 2 4 3 3 2 2 4 4 1 3 2 3 1 5 2 4 2 5 
11 6 10 13 16 13 9 8 14 11 7 9 6 8 9 14 12 5 14 9 10 9 12 9 9 13 7 10 11 9 7 12 14 9 9 5 7 7 11 11 11 9 11 7 9 9 10 7 6 9 
9 11 8 15 11 9 6 13 12 13 6 8 9 11 9 5 12 8 10 14 7 4 9 9 8 10 13 9 8 12 7 15 9 11 10 6 7 14 10 3 4 15 10 12 12 13 10 9 7 13 
1 2 2 0 0 1 1 2 0 0 1 1 3 2 2 0 0 2 2 1 0 1 0 0 0 1 0 1 0 1 0 1 0 2 2 1 0 1 2 1 0 2 0 1 2 1 1 1 0 2 
8 4 8 7 11 8 9 2 2 8 7 8 5 6 8 14 6 9 7 3 6 4 4 11 12 13 6 7 4 7 8 11 3 8 5 10 6 10 11 8 8 11 11 12 7 9 12 11 10 13 
1 1 5 1 3 1 2 1 1 3 3 0 0 0 1 1 3 0 2 0 4 1 2 0 2 1 0 1 2 4 2 2 4 2 3 1 2 3 3 0 4 4 4 2 2 2 2 2 3 4 
4 2 1 2 4 2 4 0 0 4 2 0 3 2 3 4 0 1 3 2 2 2 3 2 5 2 0 2 0 0 2 2 1 2 2 2 3 3 1 1 0 4 0 0 4 0 3 0 1 2 
3 4 3 1 2 2 2 2 4 4 2 0 2 0 4 5 2 2 1 0 2 0 5 1 5 1 2 2 2 0 6 3 0 3 4 1 3 2 2 3 2 3 3 0 2 2 3 2 0 3 
1 1 1 3 2 0 2 0 1 2 1 3 1 1 2 2 1 0 0 2 0 2 1 1 1 0 1 0 2 1 0 1 1 0 1 1 3 2 0 1 1 0 1 0 0 1 0 0 0 2 
7 8 10 9 8 5 7 5 12 10 10 6 11 7 3 8 13 8 8 9 13 12 12 12 14 9 2 9 8 12 11 13 12 5 9 5 15 8 6 11 8 9 9 8 3 9 8 6 11 14 
6 4 7 7 6 6 6 11 5 6 4 8 6 4 3 3 7 6 6 5 5 5 9 6 8 7 5 6 7 9 9 7 6 0 8 8 10 7 5 8 5 3 4 8 9 9 9 6 2 1 
7 3 2 7 4 1 0 8 3 3 7 6 3 3 2 7 3 3 4 5 3 4 3 0 4 3 0 4 7 1 6 4 4 7 6 3 6 2 5 7 2 5 3 3 4 4 5 4 4 5 
3 4 6 5 4 7 2 8 0 2 5 5 2 7 3 6 0 4 1 7 6 5 3 7 5 7 6 10 5 6 3 5 5 2 5 4 6 6 4 3 3 5 2 8 6 5 9 10 4 8 
12 14 10 5 9 9 11 4 11 8 3 9 9 5 5 9 7 8 8 13 14 12 11 7 8 1 9 6 8 7 7 16 5 9 14 10 8 11 14 7 11 14 7 8 4 9 7 9 6 7 
4 4 6 2 7 7 4 3 0 3 3 4 2 1 4 3 4 3 4 5 3 2 2 4 2 4 1 2 0 3 2 4 1 4 2 0 3 4 2 2 4 2 3 3 4 5 5 1 3 9 
5 8 4 6 8 5 11 6 5 4 6 8 5 4 5 8 3 7 6 6 4 5 4 4 6 4 5 7 5 7 5 6 7 7 11 3 6 10 6 5 5 7 3 7 8 8 3 8 6 9 
4 4 2 5 8 6 5 5 4 7 4 8 7 2 5 7 6 3 3 4 2 3 4 2 11 6 7 7 3 7 3 6 7 6 5 7 5 9 5 7 5 9 4 4 5 2 2 4 5 3 
1 8 5 7 5 1 7 8 13 4 10 5 6 2 8 6 5 8 9 7 7 9 3 7 7 7 4 5 8 9 5 3 8 8 9 2 11 10 7 4 10 9 7 10 9 7 5 3 2 6 
10 9 15 7 9 1 8 8 6 14 7 10 8 5 7 12 11 12 4 12 8 6 8 13 7 9 12 11 6 12 5 9 10 9 8 12 1 7 4 10 13 9 7 13 13 11 5 11 8 8 
2 2 5 6 4 3 4 3 8 5 4 6 2 4 6 3 3 4 4 3 3 4 5 0 1 4 4 3 3 5 6 5 5 4 7 8 3 3 5 6 6 2 7 6 3 2 4 7 0 6 
7 3 3 5 4 4 5 0 1 2 2 5 2 3 2 3 4 4 3 6 4 2 3 0 4 7 3 2 4 4 2 4 5 4 2 5 4 6 2 1 2 1 3 5 3 5 2 3 4 4 
0 0 1 1 1 1 0 1 1 0 0 1 1 2 1 0 1 0 0 0 1 0 3 1 0 1 0 1 3 0 2 1 1 1 1 1 1 1 0 0 3 1 0 3 2 1 0 1 2 1 
16 11 12 7 14 13 4 15 9 11 12 9 9 10 11 10 10 13 8 14 9 10 8 5 3 8 15 11 9 6 10 9 10 5 9 6 14 7 12 8 8 6 7 9 11 14 7 13 6 7 
9 12 12 10 7 7 11 12 9 8 10 7 3 13 7 11 12 16 5 7 13 11 9 9 14 5 12 7 12 6 9 13 11 12 5 5 11 6 13 9 6 10 11 9 16 7 9 10 10 10 
4 1 2 0 4 1 2 3 1 2 3 4 2 1 3 0 1 5 2 2 0 2 4 3 6 3 3 5 0 3 0 1 2 4 2 0 4 4 4 2 2 3 4 0 3 4 2 1 1 3 
2 0 1 0 2 2 1 3 1 0 0 0 0 1 1 1 0 1 1 1 1 2 0 2 1 1 2 0 3 2 2 2 3 3 2 0 0 0 0 4 1 0 3 0 0 1 2 2 2 0 
1 0 1 0 1 1 1 2 2 2 1 1 1 2 2 0 2 0 2 0 1 2 2 1 0 1 3 0 0 1 1 0 2 1 2 3 1 0 2 0 3 0 1 2 1 4 0 3 1 1 
DEPOT_SECTION
 1
 -1
EOF
