NAME  : Parada_30_6_0.95_1.00_3
TYPE : SVRP
MODEL : FINITE_SUPPORT
NUMBER_OF_SCENARIOS : 50
DIMENSION : 30
EDGE_WEIGHT_TYPE : MATRIX
CAPACITY : 27
N_VEHICLES : 6
NODE_COORD_SECTION
1 188480 226490
2 423550 430030
3 151890 436770
4 103430 255600
5 137280 506110
6 425500 139740
7 120580 87052
8 140680 86034
9 27 33949
10 358120 2939
11 429630 378460
12 74731 493000
13 502960 390010
14 618870 242710
15 411570 458080
16 417920 89125
17 543530 112010
18 310400 617010
19 102160 478880
20 373670 76305
21 55845 151520
22 9811 91324
23 180880 486940
24 523040 162260
25 253950 657780
26 274820 530170
27 161080 115620
28 564240 218330
29 292240 18
30 371880 591080
DEMAND_SECTION
1 0.0
2 10.0
3 10.0
4 5.0
5 9.0
6 5.0
7 6.0
8 1.0
9 3.0
10 7.0
11 9.0
12 4.0
13 7.0
14 4.0
15 3.0
16 2.0
17 9.0
18 5.0
19 4.0
20 6.0
21 10.0
22 2.0
23 2.0
24 7.0
25 1.0
26 5.0
27 9.0
28 5.0
29 6.0
30 3.0
DISTANCE_MATRIX
0.0 38.6005 47.8017 13.0384 55.5428 31.6678 23.7082 20.6006 52.5713 46.6905 38.8973 60.208 35.1283 64.6992 28.6356 22.8825 44.5544 60.3075 54.7083 46.5528 35.3149 43.6766 43.0813 39.8735 68.0147 53.9073 39.9497 56.6493 42.0 56.6039 
38.6005 0.0 71.3092 46.8615 74.5453 54.231 61.6878 58.5802 88.0899 78.5797 12.53 22.0227 26.3059 79.555 12.083 45.7596 59.8415 63.7887 76.2955 74.2428 73.2462 81.6079 64.7611 52.9528 75.3127 64.1249 77.9293 71.0634 76.658 55.6597 
47.8017 71.3092 0.0 35.1141 10.2956 82.0748 49.2546 51.9089 38.3275 80.2204 62.7694 91.7606 48.3011 112.572 59.439 70.6293 97.0669 33.7343 7.2111 85.7593 37.2871 43.3244 6.7082 87.6203 32.3883 22.561 55.1286 106.363 71.7433 38.4838 
13.0384 46.8615 35.1141 0.0 43.4166 44.7965 19.0263 16.0 43.9367 52.4626 43.8292 68.884 35.4401 75.2935 35.3553 35.9111 57.5831 51.9711 42.1545 54.2033 26.9401 39.94 30.8869 52.9022 58.1378 44.0454 35.3553 69.0844 45.0172 49.98 
55.5428 74.5453 10.2956 43.4166 0.0 92.2515 59.4313 62.0857 48.0521 90.3971 64.7611 93.8616 49.7293 122.748 63.1269 78.2053 107.244 26.8328 5.09902 95.936 47.4668 53.4883 12.53 95.1963 23.0 16.4012 65.3084 116.539 81.92 33.4215 
31.6678 54.231 82.0748 44.7965 92.2515 0.0 36.3749 38.2257 59.8393 25.0799 60.2993 71.4703 61.6847 33.9706 49.366 9.21954 15.8114 90.3615 89.052 20.025 45.0542 50.3525 75.6829 15.1327 102.529 88.3966 37.6431 26.6271 26.1725 85.9971 
23.7082 61.6878 49.2546 19.0263 59.4313 36.3749 0.0 3.16228 30.0826 35.609 60.8358 83.5017 54.1295 64.5963 51.1321 39.4072 51.367 69.0107 56.2319 40.0594 12.2341 20.5958 48.375 51.5004 79.1794 65.9974 16.4924 59.3385 27.7849 67.912 
20.6006 58.5802 51.9089 16.0 62.0857 38.2257 3.16228 0.0 32.7369 37.4933 57.6975 80.3755 50.9902 66.4472 48.0208 41.2581 53.2179 66.3973 58.8862 41.9103 14.8884 23.2501 51.0294 53.3513 71.7752 57.8066 19.6469 62.5137 29.9666 65.2534 
52.5713 88.0899 38.3275 43.9367 48.0521 59.8393 30.0826 32.7369 0.0 53.3104 83.623 110.035 71.4477 86.5852 76.2127 62.8717 74.4868 71.0282 43.4166 60.7289 23.0883 9.48683 41.0122 74.9649 70.7107 60.0 24.6982 82.178 44.3847 73.8241 
46.6905 78.5797 80.2204 52.4626 90.3971 25.0799 35.609 37.4933 53.3104 0.0 83.0963 96.4624 81.7435 35.0 72.111 32.9848 30.8058 103.72 87.1977 9.48683 43.1856 43.8634 79.3408 35.3553 109.098 95.1294 28.6356 32.9848 8.94427 101.587 
38.8973 12.53 62.7694 43.8292 64.7611 60.2993 60.8358 57.6975 83.623 83.0963 0.0 29.1204 15.1327 88.8569 11.0 51.1566 68.7553 51.788 67.0522 80.1561 72.1679 79.6263 56.0803 62.0048 63.5059 53.0377 77.105 80.3195 79.9062 43.4166 
60.208 22.0227 91.7606 68.884 93.8616 71.4703 83.5017 80.3755 110.035 96.4624 29.1204 0.0 44.1475 91.0494 33.8378 63.6946 73.3348 79.0063 96.1665 90.956 94.93 103.292 85.0941 66.3702 91.0 81.6149 99.9806 83.0 95.7777 70.0643 
35.1283 26.3059 48.3011 35.4401 49.7293 61.6847 54.1295 50.9902 71.4477 81.7435 15.1327 44.1475 0.0 93.1504 17.4929 52.5547 72.5603 37.6431 52.2015 80.5371 56.3926 69.3926 41.5933 66.5733 49.0306 38.0 70.6116 84.7231 77.0584 29.9666 
64.6992 79.555 112.572 75.2935 122.748 33.9706 64.5963 66.4472 86.5852 35.0 88.8569 91.0494 93.1504 0.0 78.6974 41.8688 20.5913 123.393 119.549 26.1725 73.2757 77.1298 106.18 26.9258 131.655 117.628 62.1691 8.544 43.1856 119.017 
28.6356 12.083 59.439 35.3553 63.1269 49.366 51.1321 48.0208 76.2127 72.111 11.0 33.8378 17.4929 78.6974 0.0 40.1995 58.1269 54.7814 64.6297 69.1809 62.7059 71.0676 52.9528 52.014 65.8027 53.7587 67.3736 70.2197 69.0523 47.4131 
22.8825 45.7596 70.6293 35.9111 78.2053 9.21954 39.4072 41.2581 62.8717 32.9848 51.1566 63.6946 52.5547 41.8688 40.1995 0.0 22.0227 81.5761 77.4961 29.0172 48.0866 53.3848 65.7914 18.3848 89.8384 75.8114 40.7833 33.9411 32.249 77.2117 
44.5544 59.8415 97.0669 57.5831 107.244 15.8114 51.367 53.2179 74.4868 30.8058 68.7553 73.3348 72.5603 20.5913 58.1269 22.0227 0.0 103.248 104.044 21.9317 60.0464 65.0 90.6751 7.0 111.51 97.4833 51.3517 12.2066 35.8469 98.7168 
60.3075 63.7887 33.7343 51.9711 26.8328 90.3615 69.0107 66.3973 71.0282 103.72 51.788 79.0063 37.6431 123.393 54.7814 81.5761 103.248 0.0 31.7805 105.217 64.7611 74.3303 30.0167 98.3514 12.0416 11.1803 82.7103 115.343 96.2703 9.21954 
54.7083 76.2955 7.2111 42.1545 5.09902 89.052 56.2319 58.8862 43.4166 87.1977 67.0522 96.1665 52.2015 119.549 64.6297 77.4961 104.044 31.7805 0.0 92.7366 44.2643 49.2443 12.0416 94.4871 28.0179 21.095 62.1059 113.34 78.679 38.0132 
46.5528 74.2428 85.7593 54.2033 95.936 20.025 40.0594 41.9103 60.7289 9.48683 80.1561 90.956 80.5371 26.1725 69.1809 29.0172 21.9317 105.217 92.7366 0.0 48.5489 51.2445 84.8798 27.2029 111.936 97.8035 36.1386 23.5372 17.0294 102.433 
35.3149 73.2462 37.2871 26.9401 47.4668 45.0542 12.2341 14.8884 23.0883 43.1856 72.1679 94.93 56.3926 73.2757 62.7059 48.0866 60.0464 64.7611 44.2643 48.5489 0.0 13.6015 36.6742 60.1798 67.624 54.7083 18.0278 68.0179 34.6554 65.2763 
43.6766 81.6079 43.3244 39.94 53.4883 50.3525 20.5958 23.2501 9.48683 43.8634 79.6263 103.292 69.3926 77.1298 71.0676 53.3848 65.0 74.3303 49.2443 51.2445 13.6015 0.0 44.7214 65.4781 75.4321 63.6396 15.2315 72.6911 34.9285 76.0263 
43.0813 64.7611 6.7082 30.8869 12.53 75.6829 48.375 51.0294 41.0122 79.3408 56.0803 85.0941 41.5933 106.18 52.9528 65.7914 90.6751 30.0167 12.0416 84.8798 36.6742 44.7214 0.0 82.7824 31.0161 19.0263 54.626 99.9708 70.8637 33.5261 
39.8735 52.9528 87.6203 52.9022 95.1963 15.1327 51.5004 53.3513 74.9649 35.3553 62.0048 66.3702 66.5733 26.9258 52.014 18.3848 7.0 98.3514 94.4871 27.2029 60.1798 65.4781 82.7824 0.0 106.827 92.8024 52.6308 18.3848 39.1152 93.4345 
68.0147 75.3127 32.3883 58.1378 23.0 102.529 79.1794 71.7752 70.7107 109.098 63.5059 91.0 49.0306 131.655 65.8027 89.8384 111.51 12.0416 28.0179 111.936 67.624 75.4321 31.0161 106.827 0.0 14.1421 85.6154 123.605 101.668 21.2132 
53.9073 64.1249 22.561 44.0454 16.4012 88.3966 65.9974 57.8066 60.0 95.1294 53.0377 81.6149 38.0 117.628 53.7587 75.8114 97.4833 11.1803 21.095 97.8035 54.7083 63.6396 19.0263 92.8024 14.1421 0.0 72.7324 109.578 87.6797 17.0294 
39.9497 77.9293 55.1286 35.3553 65.3084 37.6431 16.4924 19.6469 24.6982 28.6356 77.105 99.9806 70.6116 62.1691 67.3736 40.7833 51.3517 82.7103 62.1059 36.1386 18.0278 15.2315 54.626 52.6308 85.6154 72.7324 0.0 58.1378 19.6977 82.8734 
56.6493 71.0634 106.363 69.0844 116.539 26.6271 59.3385 62.5137 82.178 32.9848 80.3195 83.0 84.7231 8.544 70.2197 33.9411 12.2066 115.343 113.34 23.5372 68.0179 72.6911 99.9708 18.3848 123.605 109.578 58.1378 0.0 40.1995 110.887 
42.0 76.658 71.7433 45.0172 81.92 26.1725 27.7849 29.9666 44.3847 8.94427 79.9062 95.7777 77.0584 43.1856 69.0523 32.249 35.8469 96.2703 78.679 17.0294 34.6554 34.9285 70.8637 39.1152 101.668 87.6797 19.6977 40.1995 0.0 94.9019 
56.6039 55.6597 38.4838 49.98 33.4215 85.9971 67.912 65.2534 73.8241 101.587 43.4166 70.0643 29.9666 119.017 47.4131 77.2117 98.7168 9.21954 38.0132 102.433 65.2763 76.0263 33.5261 93.4345 21.2132 17.0294 82.8734 110.887 94.9019 0.0 
DEMAND_SCENARIO_SECTION
0 0 0 0 0 0 0 0 0 0 0 0 0 0 0 0 0 0 0 0 0 0 0 0 0 0 0 0 0 0 0 0 0 0 0 0 0 0 0 0 0 0 0 0 0 0 0 0 0 0 
14 10 8 3 12 7 16 15 5 10 12 17 16 12 4 12 6 10 8 15 10 4 15 5 13 10 4 18 8 9 7 12 12 20 9 5 3 9 8 17 11 12 10 8 11 10 13 8 7 10 
7 11 8 6 12 8 13 13 5 6 13 10 14 8 6 12 9 6 10 12 10 8 5 11 16 13 10 11 6 11 8 15 13 16 6 12 7 8 8 3 10 11 12 14 7 11 4 10 14 13 
3 10 7 3 6 10 7 5 2 6 3 7 7 4 7 7 2 9 7 8 7 8 5 7 7 4 3 10 6 7 6 8 0 6 2 5 3 6 5 5 6 0 4 5 6 5 4 8 4 8 
7 9 13 4 9 7 14 9 11 11 9 14 12 8 6 8 11 6 15 5 12 9 8 5 10 10 8 10 4 12 9 9 12 15 13 14 7 11 8 10 4 6 9 10 8 6 8 11 13 7 
2 6 6 4 4 6 8 5 9 10 4 2 8 6 5 6 9 6 2 1 7 6 4 6 4 10 4 4 2 5 6 8 4 5 0 4 7 5 3 4 12 10 6 5 3 3 5 8 4 5 
4 7 6 6 9 5 7 4 4 8 6 12 6 10 5 5 3 11 5 7 8 7 6 6 9 6 5 10 7 8 2 8 8 3 7 4 7 7 7 5 10 7 5 9 7 4 5 5 2 6 
3 2 1 2 1 0 1 1 1 3 1 2 1 0 2 1 2 2 2 2 0 2 2 1 2 1 0 1 1 3 0 3 0 2 2 2 0 1 1 3 0 0 1 0 2 1 1 0 0 1 
4 1 3 3 3 1 2 3 2 1 2 3 3 4 1 0 3 2 2 2 2 3 4 1 2 4 3 3 1 5 4 3 2 3 0 2 3 0 3 5 4 3 4 4 5 5 2 4 4 3 
9 6 4 8 6 9 6 7 8 8 9 10 8 12 4 7 1 8 8 6 7 8 4 4 6 5 5 7 2 10 4 7 11 7 8 2 7 7 6 5 4 9 4 9 4 13 5 9 9 9 
7 9 5 10 7 15 12 16 10 13 8 10 6 14 11 9 7 11 6 9 7 7 12 6 9 9 11 9 8 15 7 12 9 7 13 10 10 8 14 7 5 11 4 10 8 7 8 16 5 9 
4 5 5 4 4 7 4 4 3 3 5 3 4 1 7 5 4 5 5 5 5 3 3 2 5 2 4 2 3 6 4 5 5 3 3 4 3 4 3 7 3 2 5 3 2 9 6 3 4 5 
8 8 5 10 4 10 3 7 7 4 6 8 7 6 7 5 3 8 11 6 10 5 7 7 6 7 3 6 2 10 2 6 4 0 7 2 7 2 12 7 13 5 7 12 6 9 5 6 11 1 
5 6 3 5 3 4 4 6 5 6 2 2 5 1 2 5 6 7 6 5 2 6 6 6 5 4 3 6 6 6 9 5 5 5 0 6 6 6 3 1 3 5 5 3 2 5 4 3 7 3 
5 8 3 4 3 2 5 2 3 1 4 0 3 8 1 5 0 4 3 6 1 5 1 3 5 3 4 3 4 2 1 2 2 3 2 2 3 5 2 1 6 5 3 2 4 5 3 0 5 4 
3 2 2 0 4 4 6 1 1 4 2 1 0 1 1 3 3 2 2 1 1 2 6 3 3 3 1 3 0 3 0 3 3 1 1 2 2 2 1 2 1 3 0 1 1 2 4 2 2 3 
9 10 10 7 12 8 5 12 10 12 11 4 6 6 9 16 6 6 5 9 9 11 6 11 10 13 13 8 10 6 5 12 11 11 11 11 13 5 11 10 7 11 8 6 7 10 6 8 12 9 
4 2 8 4 3 4 3 6 6 5 7 5 6 2 4 6 5 5 5 3 2 5 7 6 6 2 4 1 12 0 7 7 5 3 5 6 5 6 8 4 7 6 4 6 0 5 5 3 3 3 
1 0 5 6 4 5 2 3 6 3 0 4 4 4 6 1 5 5 2 5 1 5 4 2 4 4 4 5 6 2 3 5 7 5 3 3 2 6 5 4 5 1 6 1 3 5 0 5 6 3 
7 4 5 12 6 5 7 3 4 7 6 5 4 3 1 5 5 7 6 1 4 2 5 8 8 4 6 8 4 3 8 7 6 5 4 5 12 5 7 7 10 4 10 9 4 10 4 3 9 7 
12 10 14 11 11 6 12 7 14 8 10 9 6 15 12 8 12 14 10 9 5 9 8 11 7 13 6 5 15 11 6 12 6 10 5 13 10 8 7 12 8 10 13 13 14 11 9 15 10 9 
3 1 3 0 2 2 0 1 2 3 1 3 1 4 1 1 5 3 0 2 4 2 1 1 1 4 0 2 2 1 0 2 0 4 3 4 1 0 1 0 2 4 1 3 3 4 3 0 3 3 
5 1 4 4 3 0 5 2 2 1 3 1 4 0 0 3 2 2 2 1 1 1 1 4 2 5 3 1 0 4 5 0 4 2 1 2 0 2 1 2 4 4 4 2 2 3 1 1 4 2 
8 7 12 9 7 7 6 8 9 8 10 7 8 12 12 6 9 4 7 4 5 5 6 10 10 3 5 1 7 3 5 7 11 5 11 9 6 9 4 8 5 5 3 2 10 3 7 9 6 5 
0 2 2 1 2 0 2 1 3 0 0 1 0 3 0 2 0 2 1 0 0 0 2 2 0 0 0 0 2 1 2 2 0 1 1 2 3 1 1 2 0 1 1 1 0 1 0 1 0 3 
5 2 4 3 4 1 6 8 2 7 9 7 9 5 6 6 8 2 8 3 4 7 11 8 6 3 3 4 5 8 6 3 5 6 8 3 6 6 5 1 1 6 4 8 6 7 4 5 1 6 
9 11 13 10 9 18 8 12 14 4 14 12 4 7 7 13 12 10 10 9 6 11 8 7 10 9 10 9 9 9 14 11 3 12 7 14 8 5 8 7 8 6 7 8 12 10 12 9 4 7 
5 4 5 3 3 8 6 2 7 5 4 6 7 8 6 7 5 6 10 7 5 8 6 4 4 6 7 2 3 4 3 6 10 7 6 2 4 4 3 5 5 6 6 5 8 5 5 9 6 8 
5 5 8 4 7 7 8 2 3 9 8 4 8 5 9 4 6 4 2 7 4 11 8 6 4 9 10 4 4 5 6 3 3 8 6 3 4 4 7 6 8 7 6 11 4 3 8 6 4 6 
2 1 4 3 3 2 3 3 2 3 1 4 6 2 4 6 1 2 3 7 2 3 3 6 2 1 3 3 3 4 5 1 3 4 3 3 2 1 0 0 4 1 3 4 4 3 5 4 2 5 
DEPOT_SECTION
 1
 -1
EOF
