NAME  : Parada_30_6_0.95_1.00_2
TYPE : SVRP
MODEL : FINITE_SUPPORT
NUMBER_OF_SCENARIOS : 50
DIMENSION : 30
EDGE_WEIGHT_TYPE : MATRIX
CAPACITY : 27
N_VEHICLES : 6
NODE_COORD_SECTION
1 27 105510
2 199480 181590
3 118270 209380
4 252920 517930
5 334090 401410
6 230230 97257
7 118480 10577
8 228720 14867
9 192130 94533
10 116700 358730
11 162810 346940
12 30610 385850
13 252210 89647
14 362910 344180
15 177200 548440
16 175740 18
17 314830 446900
18 166940 238490
19 76596 35947
20 287090 445240
21 62473 442260
22 6821 196610
23 199370 227590
24 97921 412560
25 19419 476350
26 224490 356310
27 323770 463880
28 33414 446690
29 94780 351590
30 130480 16004
DEMAND_SECTION
1 0.0
2 9.0
3 5.0
4 6.0
5 1.0
6 8.0
7 1.0
8 2.0
9 8.0
10 5.0
11 8.0
12 3.0
13 8.0
14 7.0
15 7.0
16 8.0
17 2.0
18 7.0
19 4.0
20 5.0
21 2.0
22 2.0
23 10.0
24 7.0
25 2.0
26 6.0
27 4.0
28 4.0
29 7.0
30 10.0
DISTANCE_MATRIX
0.0 43.2092 17.2627 40.6079 47.7704 32.5576 35.1512 46.5415 35.9105 40.8855 57.4398 53.8353 29.4279 36.2491 37.7359 13.8924 39.0 51.0147 36.2733 39.7889 48.2701 28.7436 44.0163 45.7625 64.0091 50.4477 42.1545 54.9876 43.6258 34.9179 
43.2092 0.0 40.7323 69.5519 85.9787 47.1699 21.8403 20.8806 11.0454 73.5931 95.7374 85.4619 45.2217 29.6816 58.8512 37.374 76.4488 8.06226 31.5753 77.9932 29.0 54.7218 7.61577 74.145 96.4063 88.7452 79.5714 79.7804 76.701 23.7697 
17.2627 40.7323 0.0 30.0832 43.4166 49.8197 41.2312 49.5996 40.2421 48.5232 53.8519 59.1087 46.6905 24.0832 22.6716 30.6757 33.0606 43.5664 49.568 35.5106 39.4462 43.8084 38.6489 53.4002 67.791 48.0852 36.0139 62.6753 48.765 42.8134 
40.6079 69.5519 30.0832 0.0 19.799 69.9054 70.4811 78.6905 69.492 44.0114 35.5106 50.2195 67.3967 47.676 13.8924 53.7696 10.7703 72.3861 75.7861 15.2315 64.1327 56.1736 67.4686 53.0094 51.8941 31.5753 11.4018 63.0079 43.0497 74.4307 
47.7704 85.9787 43.4166 19.799 0.0 72.636 81.1838 93.1956 80.1127 33.541 16.7631 35.1283 70.3176 64.846 33.4215 60.2893 10.7703 86.9775 82.3059 8.0 81.2712 53.6656 82.06 41.7852 33.9559 18.7883 8.60233 50.6952 31.3847 80.9505 
32.5576 47.1699 49.8197 69.9054 72.636 0.0 26.8701 36.8917 37.6431 39.2173 63.1354 49.6488 3.16228 65.6201 69.0961 20.025 65.6046 54.4059 21.0238 64.2822 73.9497 18.0278 54.7083 37.2156 60.8276 52.8397 68.1166 39.4588 42.3792 25.4951 
35.1512 21.8403 41.2312 70.4811 81.1838 26.8701 0.0 12.0416 11.1803 57.6049 80.9353 69.4737 25.6125 47.2669 63.8967 21.3858 72.4755 28.178 10.0 73.2595 50.3587 38.2753 29.4109 57.9802 80.4182 70.6396 75.6268 63.1585 60.7129 2.0 
46.5415 20.8806 49.5996 78.6905 93.1956 36.8917 12.0416 0.0 11.4018 69.6168 92.9471 81.1776 36.2353 50.0906 72.2649 33.3977 79.7812 24.0208 16.2788 85.2714 49.366 50.0 27.1662 69.857 92.4301 82.6515 82.9038 74.6726 72.7247 12.3693 
35.9105 11.0454 40.2421 69.492 80.1127 37.6431 11.1803 11.4018 0.0 65.8961 88.4387 77.7649 36.0694 39.0484 62.9073 29.677 70.5827 17.0 20.6155 72.1271 40.0125 47.0248 18.4391 66.448 88.7094 81.4465 73.7054 72.0834 69.004 13.0 
40.8855 73.5931 48.5232 44.0114 33.541 39.2173 57.6049 69.6168 65.8961 0.0 24.4131 13.0 37.3631 71.618 52.1728 41.3914 34.6218 81.3986 56.2024 30.9485 84.9545 21.1896 80.9306 9.0 23.1948 14.7648 36.0474 19.105 3.16228 56.9435 
57.4398 95.7374 53.8519 35.5106 16.7631 63.1354 80.9353 92.9471 88.4387 24.4131 0.0 20.6155 61.0882 76.4691 48.2701 64.7217 25.0 103.543 79.5327 20.6155 92.6605 45.1774 93.1714 30.4795 17.2627 13.0384 24.1868 37.5899 21.4009 80.702 
53.8353 85.4619 59.1087 50.2195 35.1283 49.6488 69.4737 81.1776 77.7649 13.0 20.6155 0.0 48.2597 82.8849 60.9016 53.2602 39.6232 93.2674 68.0074 35.3553 97.9043 32.0624 92.7994 12.6491 11.1803 18.6815 40.1995 17.2047 10.8167 68.8122 
29.4279 45.2217 46.6905 67.3967 70.3176 3.16228 25.6125 36.2353 36.0694 37.3631 61.0882 48.2597 0.0 62.8391 65.9371 17.1172 63.0958 52.6308 20.8806 61.7734 71.3656 16.2788 52.6972 36.0139 59.4138 50.7925 65.6078 39.0512 40.5216 24.4131 
36.2491 29.6816 24.0832 47.676 64.846 65.6201 47.2669 50.0906 39.0484 71.618 76.4691 82.8849 62.8391 0.0 35.0143 53.6206 54.0833 31.1448 56.8927 57.3847 16.4924 64.8937 26.1725 76.4951 91.5673 69.477 56.6127 85.7206 72.5413 49.1457 
37.7359 58.8512 22.6716 13.8924 33.4215 69.0961 63.8967 72.2649 62.9073 52.1728 48.2701 60.9016 65.9371 35.0143 0.0 51.6236 23.3452 61.6854 72.2335 27.6586 51.2445 58.6941 56.7678 61.0 63.8122 42.2311 24.8395 71.1969 51.927 65.4789 
13.8924 37.374 30.6757 53.7696 60.2893 20.025 21.3858 33.3977 29.677 41.3914 64.7217 53.2602 17.1172 53.6206 51.6236 0.0 51.5811 45.1795 22.5079 52.3651 62.2084 22.8035 44.7115 41.9433 64.2047 54.4261 54.7323 47.7333 44.4993 21.1525 
39.0 76.4488 33.0606 10.7703 10.7703 65.6046 72.4755 79.7812 70.5827 34.6218 25.0 39.6232 63.0958 54.0833 23.3452 51.5811 0.0 76.5503 73.5976 4.47214 70.5195 48.3392 71.6327 43.3026 41.1461 21.095 3.16228 53.0848 33.0606 72.2422 
51.0147 8.06226 43.5664 72.3861 86.9775 54.4059 28.178 24.0208 17.0 81.3986 103.543 93.2674 52.6308 31.1448 61.6854 45.1795 76.5503 0.0 37.3363 79.0768 25.9615 62.5273 5.0 81.9505 104.212 96.5507 79.4434 87.5859 84.5065 29.9666 
36.2733 31.5753 49.568 75.7861 82.3059 21.0238 10.0 16.2788 20.6155 56.2024 79.5327 68.0074 20.8806 56.8927 72.2335 22.5079 73.5976 37.3363 0.0 74.3816 60.2993 36.1248 39.0512 56.2228 79.0063 69.2371 76.7489 59.9083 59.3103 8.0 
39.7889 77.9932 35.5106 15.2315 8.0 64.2822 73.2595 85.2714 72.1271 30.9485 20.6155 35.3553 61.7734 57.3847 27.6586 52.3651 4.47214 79.0768 74.3816 0.0 73.736 47.0168 74.1593 39.6232 36.6742 17.0 5.09902 49.2544 29.2746 73.0262 
48.2701 29.0 39.4462 64.1327 81.2712 73.9497 50.3587 49.366 40.0125 84.9545 92.6605 97.9043 71.3656 16.4924 51.2445 62.2084 70.5195 25.9615 60.2993 73.736 0.0 76.2114 22.2036 90.1448 107.224 87.5184 73.0821 99.3698 87.6948 52.345 
28.7436 54.7218 43.8084 56.1736 53.6656 18.0278 38.2753 50.0 47.0248 21.1896 45.1774 32.0624 16.2788 64.8937 58.6941 22.8035 48.3392 62.5273 36.1248 47.0168 76.2114 0.0 62.0593 20.0998 43.1856 34.8924 50.8512 25.0599 24.3516 37.6431 
44.0163 7.61577 38.6489 67.4686 82.06 54.7083 29.4109 27.1662 18.4391 80.9306 93.1714 92.7994 52.6972 26.1725 56.7678 44.7115 71.6327 5.0 39.0512 74.1593 22.2036 62.0593 0.0 81.4825 105.885 86.1792 74.5258 87.1179 84.0386 31.3209 
45.7625 74.145 53.4002 53.0094 41.7852 37.2156 57.9802 69.857 66.448 9.0 30.4795 12.6491 36.0139 76.4951 61.0 41.9433 43.3026 81.9505 56.2228 39.6232 90.1448 20.0998 81.4825 0.0 23.7697 23.0868 44.7214 10.198 10.4403 57.4891 
64.0091 96.4063 67.791 51.8941 33.9559 60.8276 80.4182 92.4301 88.7094 23.1948 17.2627 11.1803 59.4138 91.5673 63.8122 64.2047 41.1461 104.212 79.0063 36.6742 107.224 43.1856 105.885 23.7697 0.0 22.6274 40.8534 26.4008 20.3961 79.7567 
50.4477 88.7452 48.0852 31.5753 18.7883 52.8397 70.6396 82.6515 81.4465 14.7648 13.0384 18.6815 50.7925 69.477 42.2311 54.4261 21.095 96.5507 69.2371 17.0 87.5184 34.8924 86.1792 23.0868 22.6274 0.0 22.0227 32.3883 12.6491 70.4063 
42.1545 79.5714 36.0139 11.4018 8.60233 68.1166 75.6268 82.9038 73.7054 36.0474 24.1868 40.1995 65.6078 56.6127 24.8395 54.7323 3.16228 79.4434 76.7489 5.09902 73.0821 50.8512 74.5258 44.7214 40.8534 22.0227 0.0 54.3323 34.3657 75.3935 
54.9876 79.7804 62.6753 63.0079 50.6952 39.4588 63.1585 74.6726 72.0834 19.105 37.5899 17.2047 39.0512 85.7206 71.1969 47.7333 53.0848 87.5859 59.9083 49.2544 99.3698 25.0599 87.1179 10.198 26.4008 32.3883 54.3323 0.0 20.025 62.3939 
43.6258 76.701 48.765 43.0497 31.3847 42.3792 60.7129 72.7247 69.004 3.16228 21.4009 10.8167 40.5216 72.5413 51.927 44.4993 33.0606 84.5065 59.3103 29.2746 87.6948 24.3516 84.0386 10.4403 20.3961 12.6491 34.3657 20.025 0.0 60.4796 
34.9179 23.7697 42.8134 74.4307 80.9505 25.4951 2.0 12.3693 13.0 56.9435 80.702 68.8122 24.4131 49.1457 65.4789 21.1525 72.2422 29.9666 8.0 73.0262 52.345 37.6431 31.3209 57.4891 79.7567 70.4063 75.3935 62.3939 60.4796 0.0 
DEMAND_SCENARIO_SECTION
0 0 0 0 0 0 0 0 0 0 0 0 0 0 0 0 0 0 0 0 0 0 0 0 0 0 0 0 0 0 0 0 0 0 0 0 0 0 0 0 0 0 0 0 0 0 0 0 0 0 
5 5 12 7 8 7 8 11 9 9 4 9 9 8 15 8 10 3 8 11 9 12 7 10 5 9 15 6 9 10 10 9 8 13 7 15 6 10 6 2 9 8 7 5 8 13 9 14 4 11 
2 2 6 6 3 5 6 3 6 4 9 7 1 6 5 5 3 5 7 4 2 9 3 6 4 7 5 3 3 5 8 4 5 3 7 11 5 4 4 2 3 3 1 2 5 0 2 4 7 1 
5 5 6 10 0 5 11 2 5 5 7 7 11 3 5 7 7 5 7 6 2 5 8 7 9 10 3 9 10 1 1 7 2 8 4 4 5 4 7 5 2 6 8 4 7 3 6 10 2 6 
0 2 1 0 2 1 0 1 0 1 1 1 0 1 2 3 1 2 0 2 2 0 0 1 0 0 0 2 1 3 2 0 2 1 2 0 1 2 2 2 0 0 1 2 1 1 0 0 1 1 
11 11 8 7 12 11 3 7 17 7 8 6 7 5 8 2 5 8 13 5 9 10 8 12 6 6 4 6 11 4 9 7 11 5 12 12 9 7 10 4 15 4 1 7 13 9 7 3 8 9 
0 2 3 1 0 0 2 0 2 0 2 0 3 3 1 0 1 0 2 1 1 2 2 1 2 1 1 2 3 1 1 0 0 1 3 1 3 2 1 1 2 1 1 0 1 1 1 2 0 0 
4 3 3 2 3 1 2 3 2 0 3 4 2 2 1 2 3 1 2 1 4 2 1 0 4 3 0 3 0 3 2 2 5 2 0 2 3 3 3 0 3 0 4 1 3 0 1 1 2 3 
9 11 8 7 12 9 6 7 9 9 8 8 6 8 7 8 11 11 11 12 6 7 2 6 9 10 12 11 10 10 9 12 6 2 2 5 9 10 8 9 9 13 2 8 7 5 4 11 14 11 
3 3 4 6 6 7 4 0 2 8 8 6 8 1 7 3 3 5 8 3 3 3 5 1 7 4 4 4 9 3 1 6 6 7 3 3 5 6 5 5 3 6 4 7 6 7 6 4 6 2 
2 6 7 12 13 6 7 10 7 9 7 4 10 12 10 15 9 6 6 8 13 6 8 10 4 12 9 9 5 11 6 9 7 10 10 8 10 10 3 5 7 6 8 8 10 5 8 11 5 7 
3 2 1 3 5 4 3 1 3 2 4 2 1 5 4 1 0 2 3 3 2 4 1 4 0 4 2 4 4 0 4 5 1 4 1 1 3 3 3 2 2 4 4 2 2 4 2 0 6 4 
5 8 8 9 12 6 12 9 10 7 3 6 5 5 10 1 6 10 5 7 8 9 9 7 12 11 13 5 2 9 9 8 6 8 12 14 2 6 3 8 8 9 2 8 6 6 10 4 7 14 
7 6 9 4 5 2 15 8 9 8 11 11 5 9 7 5 8 9 6 8 7 8 4 7 6 7 4 8 8 10 2 8 8 11 8 11 4 7 6 6 6 9 6 8 7 8 7 8 4 9 
4 3 7 11 4 6 6 9 7 13 12 5 10 6 6 9 6 9 6 1 9 5 10 8 7 9 8 9 1 9 8 10 8 13 9 7 4 6 8 6 7 4 8 12 3 11 7 7 3 7 
10 8 14 3 11 6 5 7 10 3 14 8 4 7 8 10 4 6 4 5 10 11 5 11 8 9 5 10 11 10 7 5 9 13 6 3 8 6 8 12 6 8 3 7 11 8 7 12 7 6 
4 2 1 1 5 3 2 1 4 2 4 1 2 1 3 2 0 1 1 2 5 2 3 2 0 2 3 3 2 3 0 2 2 2 2 1 1 2 3 4 1 2 3 2 4 3 1 0 0 3 
11 4 12 11 14 4 6 9 9 10 7 6 8 8 4 6 5 7 12 7 9 7 4 2 3 7 9 3 9 4 7 7 6 11 6 9 4 8 11 9 8 8 5 13 13 7 2 2 8 11 
5 6 1 4 2 3 4 5 3 7 9 2 2 5 3 0 6 1 3 3 7 4 5 6 6 6 4 4 4 4 3 4 6 2 2 6 4 2 8 5 7 3 5 4 5 5 3 3 6 4 
5 7 4 4 6 7 2 6 5 2 5 6 6 8 2 3 8 4 5 3 5 5 4 7 6 5 7 2 9 2 8 5 5 5 8 1 2 6 5 3 5 5 5 7 3 7 7 3 3 0 
5 2 3 1 0 4 2 1 1 1 1 1 3 2 2 3 0 1 3 2 1 2 1 0 3 5 4 4 2 4 4 0 1 2 1 2 0 0 1 3 3 1 4 2 3 3 5 5 3 3 
3 2 0 3 2 4 2 0 2 2 4 4 4 0 3 0 3 2 0 1 3 0 1 4 3 0 2 0 2 3 0 1 2 5 5 1 0 0 1 5 2 2 3 1 1 1 1 0 0 2 
7 6 5 13 13 11 12 13 3 16 16 5 11 8 17 12 6 4 3 15 13 9 15 12 10 9 21 11 10 10 11 11 11 10 8 7 6 14 8 8 11 13 9 15 4 10 12 10 11 12 
9 2 5 5 10 6 10 13 5 6 7 4 10 6 10 7 7 10 5 9 8 5 5 6 6 5 6 7 10 12 8 10 9 2 6 5 6 8 7 3 9 11 6 5 8 5 7 1 8 3 
2 0 0 1 4 1 2 3 4 0 0 1 1 4 3 3 2 2 1 4 2 1 0 1 4 2 2 1 3 5 1 2 3 4 2 4 4 0 3 3 4 1 4 3 3 1 4 1 2 4 
8 5 7 8 4 5 2 8 7 7 2 5 4 4 9 7 3 5 5 6 9 4 4 2 4 6 11 5 5 7 5 7 6 10 6 6 7 7 6 11 0 9 3 4 4 4 9 5 6 9 
3 3 3 1 4 2 3 3 5 1 6 5 4 7 5 4 3 3 7 5 8 2 3 4 6 6 6 4 7 2 4 6 6 2 1 5 3 4 8 5 3 3 5 3 3 8 1 4 6 3 
3 4 3 6 3 6 6 4 2 5 5 7 6 6 4 3 5 7 4 7 0 2 2 5 1 6 6 5 3 1 3 4 6 7 4 4 3 4 4 6 7 2 2 0 3 8 2 6 4 0 
7 6 10 10 5 13 4 8 7 14 3 6 11 3 6 6 9 7 4 9 0 11 6 1 11 8 13 8 1 10 11 6 8 1 9 7 10 7 1 7 2 6 6 3 11 8 8 2 9 4 
7 17 17 13 15 7 6 10 10 13 17 10 11 11 12 14 8 1 15 5 9 8 8 8 8 13 15 6 2 3 13 11 9 14 10 16 9 12 2 12 10 5 13 6 12 13 3 13 10 13 
DEPOT_SECTION
 1
 -1
EOF
