NAME  : Parada_30_6_0.95_1.00_7
TYPE : SVRP
MODEL : FINITE_SUPPORT
NUMBER_OF_SCENARIOS : 50
DIMENSION : 30
EDGE_WEIGHT_TYPE : MATRIX
CAPACITY : 25
N_VEHICLES : 6
NODE_COORD_SECTION
1 96964 197800
2 433710 366420
3 400850 256790
4 27772 492120
5 323090 131090
6 180940 443570
7 83746 180970
8 169510 264840
9 8142 404900
10 423310 114270
11 322060 346200
12 108520 250340
13 364350 441690
14 394020 337590
15 165450 270890
16 316750 92358
17 150120 127430
18 334030 484110
19 27 441020
20 48256 255580
21 243510 152100
22 230060 138950
23 386800 328390
24 360970 396840
25 268070 412840
26 333940 18
27 521980 505040
28 217710 455350
29 137580 205170
30 468290 261900
DEMAND_SECTION
1 0.0
2 3.0
3 9.0
4 3.0
5 3.0
6 8.0
7 10.0
8 3.0
9 7.0
10 7.0
11 7.0
12 1.0
13 2.0
14 5.0
15 10.0
16 5.0
17 7.0
18 2.0
19 7.0
20 7.0
21 2.0
22 8.0
23 2.0
24 7.0
25 2.0
26 1.0
27 9.0
28 1.0
29 2.0
30 4.0
DISTANCE_MATRIX
0.0 54.037 59.5399 62.2907 38.2756 54.6715 5.83095 12.083 63.0924 42.0119 38.4838 14.2822 42.9418 34.9759 12.53 38.612 9.21954 45.2217 53.1977 14.1544 22.4391 24.27 52.9245 44.9222 38.0132 54.1192 49.7138 54.7326 30.6938 60.2488 
54.037 0.0 27.074 36.4966 76.5572 53.0 51.4782 43.1045 46.3249 96.0052 23.6008 55.0818 94.6511 53.3385 43.1856 74.7061 63.0 95.3045 26.9258 59.2285 72.2496 75.326 18.6815 15.5563 16.0312 77.2135 77.201 58.0086 31.7648 40.2616 
59.5399 27.074 0.0 63.1269 72.4431 31.6228 59.6406 47.5079 72.5603 98.0844 21.4009 58.1808 102.474 44.0 47.0106 69.1158 67.4873 104.623 53.2353 68.6993 73.0844 75.7329 9.48683 18.3576 31.305 65.307 94.7195 37.7359 49.3964 14.4222 
62.2907 36.4966 63.1269 0.0 88.0538 83.9345 57.7075 53.7587 10.2956 96.566 51.6624 64.0634 87.1321 74.6257 54.4885 88.3778 68.1014 85.3756 10.0499 48.3735 80.2571 82.088 54.0093 47.2652 36.4005 100.256 56.8859 87.5957 30.4138 75.1066 
38.2756 76.5572 72.4431 88.0538 0.0 54.2793 40.5513 34.8855 94.176 29.7321 55.2268 24.8395 44.7772 29.1204 34.4384 5.0 26.3368 49.98 80.7094 45.238 13.1529 12.0416 69.0072 63.507 61.395 22.4722 66.3765 49.7653 58.2064 67.0561 
54.6715 53.0 31.6228 83.9345 54.2793 0.0 56.8617 44.5982 91.5915 82.8851 32.28 51.1347 94.0492 25.5813 43.6578 49.2936 72.0278 98.3188 74.0405 66.4302 59.4452 60.7885 35.4683 38.0132 47.5395 38.3275 104.398 6.32456 60.0 18.9737 
5.83095 51.4782 59.6406 57.7075 40.5513 56.8617 0.0 12.8062 58.5092 45.3982 38.2753 16.5579 43.6578 37.2517 13.6015 40.8878 13.8924 45.1774 52.856 9.57116 26.8473 28.6783 52.3546 43.8634 35.5106 56.395 47.5394 57.0083 26.4838 61.6198 
12.083 43.1045 47.5079 53.7587 34.8855 44.5982 12.8062 0.0 58.2698 53.1927 26.4008 12.0 55.0091 25.1655 1.0 35.0599 20.2318 57.1402 46.2277 22.3037 29.1548 32.249 40.8534 32.9848 27.2947 50.5671 60.2719 44.911 23.9221 48.8365 
63.0924 46.3249 72.5603 10.2956 94.176 91.5915 58.5092 58.2698 0.0 95.9089 59.5399 75.0365 84.2021 80.0562 58.9891 99.3663 68.9031 81.7863 19.4165 49.5782 81.0588 82.8897 63.2851 56.0 44.2832 105.508 51.0098 94.8314 34.4819 84.006 
42.0119 96.0052 98.0844 96.566 29.7321 82.8851 45.3982 53.1927 95.9089 0.0 78.4474 41.2162 21.3776 57.3062 53.2557 34.6554 33.0151 27.4591 92.4446 49.2465 25.0 22.4722 92.9624 85.8429 80.0 50.8035 56.4004 79.26 69.4655 94.8939 
38.4838 23.6008 21.4009 51.6624 55.2268 32.28 38.2753 26.4008 59.5399 78.4474 0.0 37.6431 81.3941 29.9666 26.0 52.7731 46.5175 83.3547 41.7612 47.3009 53.6004 56.4358 14.5602 8.544 15.2971 53.7122 75.3442 36.2491 30.3645 26.5707 
14.2822 55.0818 58.1808 64.0634 24.8395 51.1347 16.5579 12.0 75.0365 41.2162 37.6431 0.0 57.1909 31.4391 12.0416 25.6205 22.2038 59.502 56.7199 26.0985 17.2627 20.3961 52.2015 44.7214 39.2046 41.1277 63.5794 51.1958 34.2159 57.6281 
42.9418 94.6511 102.474 87.1321 44.7772 94.0492 43.6578 55.0091 84.2021 21.3776 81.3941 57.1909 0.0 68.478 55.4707 49.6588 36.4005 6.08276 85.0951 45.1221 34.4093 33.6155 95.7549 87.4643 78.848 67.2309 38.4187 91.973 64.3817 104.061 
34.9759 53.3385 44.0 74.6257 29.1204 25.5813 37.2517 25.1655 80.0562 57.3062 29.9666 31.4391 68.478 0.0 24.1803 25.318 46.4566 72.7476 65.8027 46.7922 33.874 35.2785 41.9762 38.4838 41.0366 27.296 84.2732 23.707 45.6946 37.9473 
12.53 43.1856 47.0106 54.4885 34.4384 43.6578 13.6015 1.0 58.9891 53.2557 26.0 12.0416 55.4707 24.1803 0.0 34.5967 20.5179 57.6888 46.8615 23.1268 29.0689 32.1403 40.4969 32.7567 27.4591 49.5819 61.095 43.9318 24.6414 48.1041 
38.612 74.7061 69.1158 88.3778 5.0 49.2936 40.8878 35.0599 99.3663 34.6554 52.7731 25.6205 49.6588 25.318 34.5967 0.0 30.2433 54.7814 81.0282 50.4283 17.0294 16.4924 66.1891 61.1882 60.73 17.72 70.2831 44.7796 58.5303 63.1942 
9.21954 63.0 67.4873 68.1014 26.3368 72.0278 13.8924 20.2318 68.9031 33.0151 46.5175 22.2038 36.4005 46.4566 20.5179 30.2433 0.0 39.598 62.3622 19.9651 13.2195 15.0505 61.013 53.2116 47.0106 47.6903 47.8254 70.1535 39.8582 82.0396 
45.2217 95.3045 104.623 85.3756 49.98 98.3188 45.1774 57.1402 81.7863 27.4591 83.3547 59.502 6.08276 72.7476 57.6888 54.7814 39.598 0.0 84.0238 45.8803 38.9487 38.4838 97.5295 89.0 79.9569 72.45 34.1321 96.4445 64.3273 105.469 
53.1977 26.9258 53.2353 10.0499 80.7094 74.0405 52.856 46.2277 19.4165 92.4446 41.7612 56.7199 85.0951 65.8027 46.8615 81.0282 62.3622 84.0238 0.0 43.3244 75.5492 77.3802 44.0454 37.2156 26.5707 91.6651 58.5235 77.8332 23.7065 65.0692 
14.1544 59.2285 68.6993 48.3735 45.238 66.4302 9.57116 22.3037 49.5782 49.2465 47.3009 26.0985 45.1221 46.7922 23.1268 50.4283 19.9651 45.8803 43.3244 0.0 32.1207 33.9517 61.1793 52.5121 43.4266 65.9355 40.1722 66.5489 20.2237 71.046 
22.4391 72.2496 73.0844 80.2571 13.1529 59.4452 26.8473 29.1548 81.0588 25.0 53.6004 17.2627 34.4093 33.874 29.0689 17.0294 13.2195 38.9487 75.5492 32.1207 0.0 3.16228 68.0661 61.2046 56.4358 34.5254 53.2593 57.5708 53.0453 71.4101 
24.27 75.326 75.7329 82.088 12.0416 60.7885 28.6783 32.249 82.8897 22.4722 56.4358 20.3961 33.6155 35.2785 32.1403 16.4924 15.0505 38.4838 77.3802 33.9517 3.16228 0.0 70.859 64.1249 59.5399 34.2053 54.6621 58.9142 54.8762 72.8146 
52.9245 18.6815 9.48683 54.0093 69.0072 35.4683 52.3546 40.8534 63.2851 92.9624 14.5602 52.2015 95.7549 41.9762 40.4969 66.1891 61.013 97.5295 44.0454 61.1793 68.0661 70.859 0.0 9.21954 21.9545 64.846 85.7471 41.0122 40.2244 21.587 
44.9222 15.5563 18.3576 47.2652 63.507 38.0132 43.8634 32.9848 56.0 85.8429 8.544 44.7214 87.4643 38.4838 32.7567 61.1882 53.2116 89.0 37.2156 52.5121 61.2046 64.1249 9.21954 0.0 13.0 62.1772 76.5294 42.72 31.0644 28.0179 
38.0132 16.0312 31.305 36.4005 61.395 47.5395 35.5106 27.2947 44.2832 80.0 15.2971 39.2046 78.848 41.0366 27.4591 60.73 47.0106 79.9569 26.5707 43.4266 56.4358 59.5399 21.9545 13.0 0.0 65.3712 64.3506 51.264 18.4391 40.4475 
54.1192 77.2135 65.307 100.256 22.4722 38.3275 56.395 50.5671 105.508 50.8035 53.7122 41.1277 67.2309 27.296 49.5819 17.72 47.6903 72.45 91.6651 65.9355 34.5254 34.2053 64.846 62.1772 65.3712 0.0 87.7301 32.7567 71.1603 56.0089 
49.7138 77.201 94.7195 56.8859 66.3765 104.398 47.5394 60.2719 51.0098 56.4004 75.3442 63.5794 38.4187 84.2732 61.095 70.2831 47.8254 34.1321 58.5235 40.1722 53.2593 54.6621 85.7471 76.5294 64.3506 87.7301 0.0 104.517 46.0109 101.907 
54.7326 58.0086 37.7359 87.5957 49.7653 6.32456 57.0083 44.911 94.8314 79.26 36.2491 51.1958 91.973 23.707 43.9318 44.7796 70.1535 96.4445 77.8332 66.5489 57.5708 58.9142 41.0122 42.72 51.264 32.7567 104.517 0.0 62.2896 25.2982 
30.6938 31.7648 49.3964 30.4138 58.2064 60.0 26.4838 23.9221 34.4819 69.4655 30.3645 34.2159 64.3817 45.6946 24.6414 58.5303 39.8582 64.3273 23.7065 20.2237 53.0453 54.8762 40.2244 31.0644 18.4391 71.1603 46.0109 62.2896 0.0 56.921 
60.2488 40.2616 14.4222 75.1066 67.0561 18.9737 61.6198 48.8365 84.006 94.8939 26.5707 57.6281 104.061 37.9473 48.1041 63.1942 82.0396 105.469 65.0692 71.046 71.4101 72.8146 21.587 28.0179 40.4475 56.0089 101.907 25.2982 56.921 0.0 
DEMAND_SCENARIO_SECTION
0 0 0 0 0 0 0 0 0 0 0 0 0 0 0 0 0 0 0 0 0 0 0 0 0 0 0 0 0 0 0 0 0 0 0 0 0 0 0 0 0 0 0 0 0 0 0 0 0 0 
3 6 2 5 3 3 1 4 7 3 5 2 3 3 0 3 2 1 2 2 4 4 1 1 6 4 3 3 4 0 1 4 5 4 2 1 4 2 4 3 3 5 4 4 2 2 1 4 0 5 
8 4 9 10 10 11 3 13 10 12 8 10 7 6 8 11 11 11 0 14 8 10 7 5 14 10 9 8 8 9 10 14 8 4 9 8 9 5 9 11 8 11 4 9 8 15 8 10 8 9 
2 4 0 4 3 5 4 2 6 4 3 3 5 1 4 5 4 3 2 5 2 2 1 4 3 3 6 4 4 4 4 3 2 4 3 4 0 1 3 6 3 4 3 3 2 3 4 0 3 2 
3 2 3 3 1 3 3 2 4 6 7 3 5 4 3 1 2 3 3 1 5 3 4 4 5 1 2 2 2 4 4 4 4 2 3 2 5 2 4 1 3 5 5 4 4 2 2 1 0 3 
10 12 1 10 9 11 9 8 7 7 8 6 7 11 7 14 4 3 8 6 4 5 12 13 7 7 6 5 7 11 10 7 10 10 13 12 6 9 11 8 8 6 3 9 5 10 9 5 4 12 
14 8 12 13 8 11 14 5 10 11 14 8 15 9 4 8 7 13 16 9 5 12 14 12 10 13 11 16 9 10 13 7 10 4 13 10 11 14 12 14 7 7 8 10 13 10 12 11 8 12 
3 5 4 1 3 5 2 1 2 2 4 5 2 3 2 2 1 2 4 4 3 4 5 3 4 8 5 2 5 6 4 2 4 1 0 5 6 1 3 1 4 3 1 4 2 4 4 3 3 3 
6 6 5 8 9 8 5 7 3 5 13 6 7 8 9 4 7 5 9 4 11 7 6 7 7 5 9 4 5 7 5 6 7 6 9 9 9 8 4 3 8 3 4 8 10 5 10 6 13 7 
3 8 9 13 8 11 7 9 9 6 4 8 10 1 7 4 8 4 6 6 5 3 8 2 10 13 5 7 10 5 6 5 7 8 9 11 5 7 8 9 10 5 3 6 6 4 7 8 6 9 
8 3 6 8 5 10 5 8 10 5 7 9 7 8 9 10 15 3 10 8 7 7 8 8 7 7 3 11 9 8 10 5 5 7 8 6 6 8 7 9 4 5 9 4 7 7 6 9 8 10 
1 1 0 1 4 3 2 0 3 0 3 3 2 0 1 2 1 0 1 0 0 2 1 2 2 0 1 1 1 1 3 0 0 0 1 0 3 1 0 3 0 1 2 1 2 4 2 0 0 0 
3 1 2 1 5 0 2 0 3 2 2 3 3 4 1 3 0 1 0 7 6 1 3 3 1 3 1 1 4 4 2 2 1 3 1 3 2 3 4 0 4 3 1 2 1 1 3 4 2 0 
4 1 2 9 6 4 3 1 2 1 6 3 3 6 7 5 6 3 6 4 4 2 3 3 7 8 9 5 5 4 8 0 3 5 0 1 6 8 4 8 8 3 6 1 6 8 6 5 5 3 
13 7 14 10 8 15 6 12 13 12 10 15 14 7 8 9 9 12 12 11 9 14 13 10 9 11 6 5 9 9 12 8 13 9 4 15 6 13 14 16 9 5 11 10 5 9 10 7 13 14 
2 7 5 4 6 6 6 1 3 5 5 5 4 2 3 3 2 4 4 5 7 2 4 9 8 4 3 3 4 7 3 5 5 7 7 5 4 3 6 5 5 2 5 1 6 4 11 5 4 5 
6 8 9 8 11 5 9 10 12 8 7 10 8 8 9 10 8 6 7 10 4 7 9 7 6 8 5 2 7 6 7 0 12 3 0 2 7 8 4 6 9 4 10 3 5 6 8 7 14 7 
4 1 1 3 4 1 2 0 3 4 0 2 0 2 1 0 2 2 2 0 2 2 2 3 1 2 4 3 3 4 0 3 1 2 1 5 3 0 3 2 2 4 1 0 1 3 3 1 3 3 
7 7 5 12 10 5 10 6 9 2 12 6 4 4 6 7 9 6 10 9 3 6 5 12 7 4 10 8 5 11 5 5 10 9 4 8 5 8 10 9 4 8 1 9 6 4 8 13 5 8 
7 7 9 6 5 5 9 3 10 4 6 3 7 6 9 9 8 14 8 7 7 10 7 4 7 8 2 5 3 6 9 1 10 0 5 10 10 9 8 7 8 4 6 3 5 4 10 8 8 7 
4 0 2 1 4 0 3 3 3 2 0 4 4 3 1 2 3 1 2 3 1 0 1 3 3 0 2 3 5 5 2 2 0 3 3 0 1 0 4 4 1 4 1 1 2 2 0 2 2 0 
8 11 11 8 6 9 11 6 9 11 9 8 6 13 4 12 5 7 5 12 10 9 10 9 10 9 6 11 8 9 7 6 14 12 8 3 10 2 4 7 6 6 9 7 5 9 9 7 9 8 
1 2 0 2 3 5 2 1 1 3 3 3 3 2 3 4 5 2 2 1 1 0 1 0 2 2 1 1 3 2 2 2 1 4 2 1 3 2 4 3 3 1 3 4 3 5 2 1 3 3 
6 8 5 9 8 8 7 7 5 1 4 10 8 7 6 4 6 6 6 8 10 6 7 8 7 7 8 4 10 7 14 4 4 6 4 8 6 10 8 5 10 9 8 4 7 7 7 2 2 13 
2 2 4 1 3 3 4 4 2 3 3 2 1 3 1 4 2 1 4 1 2 2 5 3 4 2 3 2 2 3 4 1 0 3 3 4 1 3 0 2 1 5 3 0 5 1 2 2 1 0 
2 0 0 1 1 2 2 1 1 1 1 2 1 1 2 1 1 0 1 1 2 0 1 2 0 1 0 1 2 1 1 1 0 2 1 0 1 2 1 0 2 1 2 1 1 1 1 0 0 1 
10 13 8 8 7 9 7 13 10 12 12 12 8 6 8 5 1 13 8 9 5 7 11 7 10 5 4 9 4 8 10 9 7 9 7 7 8 10 7 10 12 15 15 6 8 9 13 10 10 3 
0 0 0 2 1 2 1 0 1 0 3 1 0 2 1 2 1 1 1 0 0 2 3 0 1 1 1 2 0 2 2 4 1 2 2 2 2 1 1 2 0 0 2 0 0 1 1 1 0 2 
0 3 0 2 0 3 3 3 2 1 0 4 1 2 3 3 0 3 3 1 1 4 4 5 2 1 4 2 2 3 1 2 4 2 3 1 3 2 0 1 1 4 5 0 3 2 2 3 1 4 
5 3 5 6 6 6 8 2 2 6 0 3 3 6 5 6 6 4 7 5 2 3 1 4 4 3 4 3 4 6 3 7 0 7 3 0 4 3 5 4 1 1 1 2 6 3 6 6 4 4 
DEPOT_SECTION
 1
 -1
EOF
