NAME  : Parada_30_6_0.95_1.00_6
TYPE : SVRP
MODEL : FINITE_SUPPORT
NUMBER_OF_SCENARIOS : 50
DIMENSION : 30
EDGE_WEIGHT_TYPE : MATRIX
CAPACITY : 29
N_VEHICLES : 6
NODE_COORD_SECTION
1 334330 449760
2 177390 297930
3 265840 98068
4 199010 210420
5 317730 195030
6 191150 391680
7 121530 454800
8 316600 121900
9 86278 117590
10 362580 340560
11 257060 347590
12 27 254940
13 231630 385100
14 355880 451440
15 104330 570080
16 211320 203110
17 165020 188050
18 53587 262330
19 76082 547550
20 158390 195410
21 130890 162470
22 24896 210590
23 268870 113350
24 247740 436710
25 211290 663230
26 256980 18
27 353470 499370
28 63799 434140
29 284410 397260
30 361700 408650
DEMAND_SECTION
1 0.0
2 9.0
3 4.0
4 1.0
5 1.0
6 10.0
7 10.0
8 9.0
9 10.0
10 4.0
11 2.0
12 9.0
13 3.0
14 4.0
15 7.0
16 2.0
17 4.0
18 9.0
19 9.0
20 8.0
21 7.0
22 6.0
23 6.0
24 4.0
25 1.0
26 6.0
27 4.0
28 10.0
29 6.0
30 4.0
DISTANCE_MATRIX
0.0 42.1902 40.003 34.3019 30.1496 32.2937 24.7818 35.3553 47.8017 64.6554 20.5913 49.9198 36.145 3.0 34.6253 53.3826 41.0366 43.0672 37.5797 39.6232 44.4187 49.9342 39.9702 22.3607 66.94 54.2683 7.0 33.0151 16.7631 7.0 
42.1902 0.0 50.9215 55.1995 32.573 12.0416 32.0096 41.7852 33.4215 44.7772 60.0267 17.0294 14.3178 44.8144 40.6079 12.6491 81.4198 17.4929 37.1214 80.0709 64.7765 23.0868 49.3964 63.1612 61.3514 61.7738 51.7589 64.2214 56.9258 46.7753 
40.003 50.9215 0.0 14.7648 18.3848 46.3249 54.0286 9.21954 28.4605 89.7321 55.1453 47.0 51.614 42.923 71.5492 63.5689 68.4482 39.0512 73.4119 67.2751 17.4642 41.3038 2.23607 48.2652 104.047 14.3178 42.559 71.1969 42.0476 37.6563 
34.3019 55.1995 14.7648 0.0 24.7386 48.2415 54.2754 19.4165 40.4969 90.8817 43.4166 55.5428 53.0132 35.0101 67.1302 67.6118 54.4518 47.2969 73.6587 53.3385 10.8167 51.264 16.6433 34.0147 99.445 26.0192 41.3019 60.407 29.4334 27.7849 
30.1496 32.573 18.3848 24.7386 0.0 28.4253 39.0 9.43398 18.868 72.1803 49.7293 30.8058 33.9706 33.1361 56.6075 45.2217 68.5231 22.561 55.3512 67.1259 33.0 26.8328 17.0 48.2172 87.0194 30.4795 30.2655 63.1269 41.4924 32.3209 
32.2937 12.0416 46.3249 48.2415 28.4253 0.0 19.9747 37.8021 36.0555 43.8406 47.9918 26.2488 5.83095 39.9923 32.0624 21.3776 69.3848 23.0 29.6142 68.0359 57.9802 30.0666 45.2217 53.2647 58.0419 58.8982 39.7239 52.1864 47.0294 36.8788 
24.7818 32.0096 54.0286 54.2754 39.0 19.9747 0.0 47.0248 52.2398 47.5658 30.4631 45.7025 21.3889 22.494 17.6514 51.0506 51.8845 41.5933 20.4902 50.5371 67.4036 48.8365 53.4865 39.1982 50.1014 67.8713 22.2257 33.0151 35.919 29.7814 
35.3553 41.7852 9.21954 19.4165 9.43398 37.8021 47.0248 0.0 21.095 81.4678 53.2353 38.0526 43.2782 38.3275 64.4562 54.4243 69.0592 30.0 64.4092 67.743 25.4951 32.7567 7.61577 48.1275 96.0774 21.2132 37.0 68.1175 41.4849 35.0662 
47.8017 33.4215 28.4605 40.4969 18.868 36.0555 52.2398 21.095 0.0 77.9359 68.0074 21.9317 41.7852 50.6952 67.4685 44.5982 86.9716 16.2788 65.521 85.5745 45.8803 14.5602 26.2488 67.1707 93.4719 33.2415 46.415 80.2309 60.9498 50.7695 
64.6554 44.7772 89.7321 90.8817 72.1803 43.8406 47.5658 81.4678 77.9359 0.0 66.6439 60.5392 38.2099 62.3676 29.9765 36.4005 84.7546 62.2656 29.0689 83.6551 100.62 67.5426 88.766 78.5622 19.105 102.65 62.0993 58.6941 75.7925 69.655 
20.5913 60.0267 55.1453 43.4166 49.7293 47.9918 30.4631 53.2353 68.0074 66.6439 0.0 70.5023 49.406 18.0278 37.054 68.5837 21.6333 63.6498 41.0122 20.2485 52.658 70.5168 56.0357 12.8062 67.0522 68.7314 24.7588 17.4929 14.3178 18.2483 
49.9198 17.0294 47.0 55.5428 30.8058 26.2488 45.7025 38.0526 21.9317 60.5392 70.5023 0.0 30.4138 52.544 57.3149 24.6982 90.7357 8.24621 54.037 89.3272 63.3877 7.81025 45.0111 70.9634 77.8845 54.5711 65.1656 77.8203 64.9391 54.4885 
36.145 14.3178 51.614 53.0132 33.9706 5.83095 21.3889 43.2782 41.7852 38.2099 49.406 30.4138 0.0 41.4065 27.0185 20.1246 70.7991 28.1603 24.1868 69.4501 62.7518 35.0143 50.6063 58.1106 52.3145 64.4438 41.1382 53.6006 54.8314 40.73 
3.0 44.8144 42.923 35.0101 33.1361 39.9923 22.494 38.3275 50.6952 62.3676 18.0278 52.544 41.4065 0.0 32.3375 60.5842 38.8973 45.6914 35.292 37.4833 45.1269 52.5584 42.8902 21.1896 64.6522 57.1883 7.61577 30.0167 16.1245 7.61577 
34.6253 40.6079 71.5492 67.1302 56.6075 32.0624 17.6514 64.4562 67.4685 29.9765 37.054 57.3149 27.0185 32.3375 0.0 41.3453 55.9017 55.0364 5.0 54.7449 77.247 62.0 71.0072 48.0521 32.45 85.392 32.0692 30.8707 45.5412 39.6249 
53.3826 12.6491 63.5689 67.6118 45.2217 21.3776 51.0506 54.4243 44.5982 36.4005 68.5837 24.6982 20.1246 60.5842 41.3453 0.0 89.9768 28.3196 47.5126 88.6279 77.2787 32.2025 62.0322 77.2884 54.5894 74.2428 60.3159 68.4132 68.1182 57.9677 
41.0366 81.4198 68.4482 54.4518 68.5231 69.3848 51.8845 69.0592 86.9716 84.7546 21.6333 90.7357 70.7991 38.8973 55.9017 89.9768 0.0 83.8689 60.4152 1.41421 60.0333 90.6035 69.911 21.5407 82.3893 80.399 46.0977 27.1662 27.7308 36.6197 
43.0672 17.4929 39.0512 47.2969 22.561 23.0 41.5933 30.0 16.2788 62.2656 63.6498 8.24621 28.1603 45.6914 55.0364 28.3196 83.8689 0.0 52.345 82.4621 55.2268 7.28011 37.1214 64.1559 78.5493 47.4342 60.0862 72.8105 57.935 47.7547 
37.5797 37.1214 73.4119 73.6587 55.3512 29.6142 20.4902 64.4092 65.521 29.0689 41.0122 54.037 24.1868 35.292 5.0 47.5126 60.4152 52.345 0.0 59.2284 80.2015 59.1354 73.3349 51.4866 31.7082 85.6199 35.0236 35.7771 48.6504 42.5793 
39.6232 80.0709 67.2751 53.3385 67.1259 68.0359 50.5371 67.743 85.5745 83.6551 20.2485 89.3272 69.4501 37.4833 54.7449 88.6279 1.41421 82.4621 59.2284 0.0 59.0762 89.202 68.7379 20.2485 81.4985 79.3095 44.6878 26.3059 26.4008 35.2278 
44.4187 64.7765 17.4642 10.8167 33.0 57.9802 67.4036 25.4951 45.8803 100.62 52.658 63.3877 62.7518 45.1269 77.247 77.2787 60.0333 55.2268 80.2015 59.0762 0.0 58.2495 19.6977 41.2311 109.562 22.3607 51.4187 69.7454 38.6519 37.8021 
49.9342 23.0868 41.3038 51.264 26.8328 30.0666 48.8365 32.7567 14.5602 67.5426 70.5168 7.81025 35.0143 52.5584 62.0 32.2025 90.6035 7.28011 59.1354 89.202 58.2495 0.0 39.2046 70.8147 84.4334 47.676 47.7083 80.0725 64.5938 54.4135 
39.9702 49.3964 2.23607 16.6433 17.0 45.2217 53.4865 7.61577 26.2488 88.766 56.0357 45.0111 50.6063 42.8902 71.0072 62.0322 69.911 37.1214 73.3349 68.7379 19.6977 39.2046 0.0 49.5077 103.192 14.4222 42.4853 71.8471 43.1856 38.3275 
22.3607 63.1612 48.2652 34.0147 48.2172 53.2647 39.1982 48.1275 67.1707 78.5622 12.8062 70.9634 58.1106 21.1896 48.0521 77.2884 21.5407 64.1559 51.4866 20.2485 41.2311 70.8147 49.5077 0.0 79.1202 60.0 28.7924 29.8329 6.83095 16.4012 
66.94 61.3514 104.047 99.445 87.0194 58.0419 50.1014 96.0774 93.4719 19.105 67.0522 77.8845 52.3145 64.6522 32.45 54.5894 82.3893 78.5493 31.7082 81.4985 109.562 84.4334 103.192 79.1202 0.0 117.288 64.3839 55.2268 77.3886 71.9396 
54.2683 61.7738 14.3178 26.0192 30.4795 58.8982 67.8713 21.2132 33.2415 102.65 68.7314 54.5711 64.4438 57.1883 85.392 74.2428 80.399 47.4342 85.6199 79.3095 22.3607 47.676 14.4222 60.0 117.288 0.0 56.8243 85.1469 55.1453 51.6624 
7.0 51.7589 42.559 41.3019 30.2655 39.7239 22.2257 37.0 46.415 62.0993 24.7588 65.1656 41.1382 7.61577 32.0692 60.3159 46.0977 60.0862 35.0236 44.6878 51.4187 47.7083 42.4853 28.7924 64.3839 56.8243 0.0 33.9559 23.5372 14.0 
33.0151 64.2214 71.1969 60.407 63.1269 52.1864 33.0151 68.1175 80.2309 58.6941 17.4929 77.8203 53.6006 30.0167 30.8707 68.4132 27.1662 72.8105 35.7771 26.3059 69.7454 80.0725 71.8471 29.8329 55.2268 85.1469 33.9559 0.0 31.7648 33.541 
16.7631 56.9258 42.0476 29.4334 41.4924 47.0294 35.919 41.4849 60.9498 75.7925 14.3178 64.9391 54.8314 16.1245 45.5412 68.1182 27.7308 57.935 48.6504 26.4008 38.6519 64.5938 43.1856 6.83095 77.3886 55.1453 23.5372 31.7648 0.0 10.2956 
7.0 46.7753 37.6563 27.7849 32.3209 36.8788 29.7814 35.0662 50.7695 69.655 18.2483 54.4885 40.73 7.61577 39.6249 57.9677 36.6197 47.7547 42.5793 35.2278 37.8021 54.4135 38.3275 16.4012 71.9396 51.6624 14.0 33.541 10.2956 0.0 
DEMAND_SCENARIO_SECTION
0 0 0 0 0 0 0 0 0 0 0 0 0 0 0 0 0 0 0 0 0 0 0 0 0 0 0 0 0 0 0 0 0 0 0 0 0 0 0 0 0 0 0 0 0 0 0 0 0 0 
8 7 6 10 7 8 11 10 11 7 6 12 11 8 7 1 10 8 13 10 8 8 5 16 8 6 10 12 1 8 13 10 9 10 7 13 6 12 10 5 7 8 10 6 11 8 12 13 9 14 
0 1 5 2 6 6 3 5 2 0 2 3 1 6 4 6 5 6 4 3 4 3 3 4 2 7 6 1 3 5 5 5 6 6 7 0 4 3 3 7 4 5 4 6 4 3 2 4 3 2 
1 1 2 0 2 1 2 3 0 0 0 2 2 0 1 1 0 1 1 2 1 0 1 2 1 2 0 2 2 0 0 1 1 1 2 2 2 1 3 2 1 1 2 0 1 2 0 2 1 0 
2 1 0 2 2 0 0 0 2 3 1 1 2 0 2 1 0 1 0 0 1 0 2 0 2 1 2 2 1 3 2 1 2 0 2 0 1 2 2 2 0 0 1 3 0 1 2 0 0 2 
14 5 4 18 9 10 9 9 16 9 13 16 8 8 6 8 6 14 6 11 8 8 15 13 13 10 6 7 16 6 12 13 11 9 9 14 8 9 8 8 11 9 9 11 14 11 6 10 9 10 
14 15 6 7 14 9 16 6 9 8 9 19 7 12 12 7 10 13 15 8 14 11 16 9 13 9 11 9 15 15 12 8 12 14 12 8 12 8 5 14 14 13 12 7 7 13 8 9 9 13 
16 13 12 8 7 7 4 9 8 5 13 9 4 10 14 5 11 4 11 5 7 16 6 9 3 9 13 12 9 7 14 9 6 10 11 16 9 1 12 7 11 12 8 12 11 9 10 10 11 15 
13 7 13 11 3 8 7 7 6 7 13 12 8 12 11 5 6 10 12 11 11 10 15 10 9 10 10 5 11 11 13 9 13 9 15 11 8 16 5 8 14 7 14 6 10 17 10 9 9 13 
7 4 2 2 6 2 3 3 3 1 2 0 5 6 3 2 4 4 4 6 4 2 3 5 3 1 7 4 1 4 6 5 2 3 6 3 3 2 3 2 5 3 5 5 5 4 5 4 4 2 
2 4 2 2 3 5 1 0 1 1 1 0 2 0 1 3 2 2 1 1 1 3 3 0 0 1 1 2 3 2 2 3 2 1 4 1 0 0 5 2 2 2 4 6 1 2 3 2 3 3 
4 12 6 6 4 8 8 12 11 6 8 7 9 11 13 5 10 6 6 8 10 13 10 12 12 13 12 11 1 13 11 7 7 8 12 9 7 9 7 8 5 2 8 6 12 8 9 8 8 6 
2 2 6 6 4 7 6 1 3 1 2 2 3 3 5 0 1 5 3 2 1 3 2 4 2 3 4 5 5 2 4 5 2 2 4 5 2 1 3 1 4 2 6 1 3 1 0 5 2 1 
3 1 4 7 4 0 8 4 3 3 5 5 7 6 6 0 8 2 5 7 4 3 8 3 3 6 7 3 6 5 3 5 4 3 5 6 6 1 5 1 4 1 2 2 2 6 4 4 5 7 
10 9 12 5 11 7 6 8 5 8 8 6 4 5 6 3 8 4 7 5 9 11 7 4 6 11 4 5 10 2 6 1 3 2 7 5 7 4 9 6 10 5 8 9 8 8 8 5 3 3 
0 2 4 0 5 1 5 1 1 2 4 1 5 1 2 2 1 1 1 2 3 1 2 2 2 3 1 0 1 3 2 2 3 1 4 2 3 4 2 6 0 1 1 2 2 3 2 2 2 3 
6 3 5 5 8 4 7 7 3 8 6 2 6 3 5 5 7 4 5 2 3 4 3 4 5 5 0 4 3 1 1 4 2 5 5 3 1 3 5 6 3 6 4 4 5 2 3 4 5 1 
6 9 11 7 6 14 10 8 14 4 9 6 8 12 12 8 10 5 9 10 8 13 11 8 11 12 10 7 10 13 9 9 9 6 10 8 1 6 12 12 9 8 8 8 7 14 6 14 10 8 
12 9 7 9 12 10 10 4 9 7 7 13 6 8 10 10 2 11 12 10 7 9 9 9 6 12 9 9 5 11 4 6 9 11 7 8 14 6 8 9 8 4 13 11 10 10 12 4 11 5 
2 6 9 11 7 13 9 9 12 12 10 7 2 8 10 7 10 7 7 8 10 8 1 6 6 8 5 9 3 8 11 8 10 4 7 7 8 4 9 8 7 7 10 8 7 7 6 11 5 4 
10 7 9 5 12 6 2 7 7 9 5 6 6 7 7 3 9 9 7 1 5 6 9 12 8 8 7 7 11 8 8 8 6 8 5 6 9 6 7 11 10 7 7 8 4 6 12 10 5 11 
11 7 8 4 5 11 8 7 6 5 5 5 8 5 8 9 7 6 4 3 5 6 6 7 5 1 8 8 8 8 8 6 9 10 5 9 7 7 2 8 11 6 6 2 10 6 7 6 2 5 
7 3 6 4 7 4 9 8 6 7 7 9 4 6 6 2 7 7 11 10 5 5 6 6 4 6 10 6 6 3 8 8 6 3 3 6 4 8 7 7 6 5 12 6 8 6 5 7 7 6 
1 3 2 2 3 5 4 2 1 3 10 4 3 3 5 7 3 7 1 4 4 4 7 6 3 3 5 4 5 1 4 5 1 6 2 3 5 3 7 4 3 4 0 8 3 0 2 6 7 3 
1 2 1 3 1 1 1 0 0 1 0 1 2 0 2 3 2 0 0 0 2 1 1 2 0 2 0 1 0 1 1 0 1 0 0 1 1 1 1 2 0 0 1 1 0 2 1 3 0 2 
5 5 7 2 1 4 9 9 7 3 11 5 5 9 4 8 5 9 4 11 7 6 8 4 3 5 6 6 6 5 6 1 7 9 9 6 3 7 9 6 5 7 8 4 5 6 6 9 9 7 
2 4 0 3 5 3 3 5 4 2 1 2 6 0 5 4 5 4 4 5 2 3 6 2 2 5 5 2 5 2 4 4 5 4 3 5 8 4 3 5 4 8 6 5 8 3 7 8 6 5 
12 9 9 8 8 7 9 10 14 14 8 11 13 6 4 6 11 11 11 8 10 16 8 17 8 12 9 14 6 12 8 11 10 13 9 7 10 10 5 10 12 11 6 10 13 11 14 3 11 10 
4 4 1 6 8 7 5 2 11 4 9 6 6 11 7 8 6 6 5 7 6 5 6 8 1 8 9 4 4 0 6 6 9 9 5 7 9 6 0 6 8 5 8 1 6 8 10 3 5 10 
3 5 4 5 3 4 8 4 3 4 3 6 7 4 6 2 5 2 2 4 3 7 3 4 5 0 5 6 3 2 2 5 4 3 0 7 3 4 3 3 7 3 6 3 2 8 5 4 5 3 
DEPOT_SECTION
 1
 -1
EOF
