NAME  : Parada_30_6_0.95_1.00_8
TYPE : SVRP
MODEL : FINITE_SUPPORT
NUMBER_OF_SCENARIOS : 50
DIMENSION : 30
EDGE_WEIGHT_TYPE : MATRIX
CAPACITY : 27
N_VEHICLES : 6
NODE_COORD_SECTION
1 42670 136680
2 284400 94434
3 58996 69331
4 58959 356840
5 492450 112690
6 27 287340
7 180620 18
8 396030 246130
9 172940 93210
10 525070 36979
11 608090 255080
12 19239 89538
13 528460 176430
14 258790 211860
15 118020 263910
16 214940 92258
17 544500 143760
18 422080 300130
19 377330 227080
20 165300 131460
21 508750 53727
22 70953 137840
23 127560 379690
24 628180 299210
25 538350 272080
26 249770 13397
27 289170 285850
28 212710 225360
29 126590 44243
30 260360 72922
DEMAND_SECTION
1 0.0
2 7.0
3 4.0
4 6.0
5 5.0
6 6.0
7 9.0
8 8.0
9 3.0
10 10.0
11 3.0
12 4.0
13 1.0
14 7.0
15 3.0
16 8.0
17 1.0
18 6.0
19 5.0
20 7.0
21 7.0
22 10.0
23 8.0
24 1.0
25 3.0
26 7.0
27 4.0
28 3.0
29 7.0
30 4.0
DISTANCE_MATRIX
0.0 42.7932 46.2385 60.0823 54.0519 37.5469 26.8782 34.0588 32.9738 63.2299 58.4076 50.448 45.0159 42.2988 31.1448 41.8022 48.8113 38.3318 37.3712 37.3873 62.9461 5.38516 63.547 61.6271 61.5084 25.2109 30.5287 38.3275 53.0094 21.0238 
42.7932 0.0 21.095 23.4307 93.1327 51.0392 24.0832 51.9841 75.7481 102.311 78.7019 27.8931 85.5723 33.2415 55.6846 84.5765 81.3889 59.4419 69.4479 80.1616 104.252 48.1759 33.8378 83.7512 93.0314 64.8616 41.4878 36.1389 37.4524 26.6038 
46.2385 21.095 0.0 20.8806 93.3329 72.111 45.0 47.8539 79.2042 103.108 73.0821 7.81025 83.5513 53.8516 75.3127 88.0326 77.4169 55.4617 67.4269 82.4286 102.231 51.6236 22.1359 79.1202 89.0593 67.2632 37.1214 27.6586 20.5913 27.2029 
60.0823 23.4307 20.8806 0.0 106.076 67.9117 43.8292 64.7611 84.2615 115.254 91.2414 27.7308 98.5157 46.3897 76.0263 92.2004 94.3323 72.2772 82.3913 88.8078 117.195 65.4649 13.0384 96.5401 105.975 82.7901 54.1295 47.0 41.2311 39.5472 
54.0519 93.1327 93.3329 106.076 0.0 71.7008 76.2227 48.5636 38.6005 9.89949 41.1096 93.4057 13.8924 85.4966 54.3415 40.3113 18.9737 41.6293 26.274 34.176 8.94427 53.0587 114.785 34.7131 18.3576 35.1283 57.8524 70.3823 88.152 69.0922 
37.5469 51.0392 72.111 67.9117 71.7008 0.0 27.2947 69.6567 34.0147 78.0577 93.4326 78.5175 68.7363 22.3607 18.1108 37.3631 72.8358 73.4479 64.2066 39.0512 79.2275 33.6846 80.8084 96.6521 84.8915 41.0821 67.6407 72.9343 84.8999 53.8516 
26.8782 24.0832 45.0 43.8292 76.2227 27.2947 0.0 49.725 41.0563 82.7964 75.4932 51.2445 69.8984 15.6525 32.2025 48.9183 75.0703 55.3569 62.2536 45.6026 83.8268 30.0467 56.0803 78.7127 86.7127 45.6026 43.2782 47.4342 57.8705 28.0179 
34.0588 51.9841 47.8539 64.7611 48.5636 69.6567 49.725 0.0 53.9534 57.9313 27.0 46.6154 34.8112 65.1455 60.9117 62.0628 29.7593 7.61577 24.0416 53.6177 55.8202 36.1248 69.857 31.7805 41.4005 39.8428 10.7703 21.9317 39.8246 27.0185 
32.9738 75.7481 79.2042 84.2615 38.6005 34.0147 41.0563 53.9534 0.0 44.1814 66.2607 83.3252 37.8021 48.7545 16.0312 9.21954 42.45 52.9305 35.2278 5.09902 45.5412 27.5927 96.5019 62.9715 53.3385 14.1421 56.0803 67.0671 83.8639 53.4775 
63.2299 102.311 103.108 115.254 9.89949 78.0577 82.7964 57.9313 44.1814 0.0 48.1664 103.181 23.6008 92.0703 60.208 43.9659 28.178 51.0 36.0491 39.3192 3.16228 62.2367 123.059 41.0 23.0868 43.1741 67.6275 79.8312 97.5198 78.8673 
58.4076 78.7019 73.0821 91.2414 41.1096 93.4326 75.4932 27.0 66.2607 48.1664 0.0 70.3847 30.6757 90.9138 79.792 71.9024 24.6982 20.2237 44.0931 63.6498 45.2769 60.4583 95.2103 8.06226 25.7099 56.2049 37.2156 45.5412 60.5392 54.0093 
50.448 27.8931 7.81025 27.7308 93.4057 78.5175 51.2445 46.6154 83.3252 103.181 70.3847 0.0 82.8987 61.0328 80.5047 92.1536 76.3662 54.0833 67.4997 85.5519 101.578 55.7853 26.0192 76.922 88.0057 70.3847 36.2353 25.0599 13.6015 30.0832 
45.0159 85.5723 83.5513 98.5157 13.8924 68.7363 69.8984 34.8112 37.8021 23.6008 30.6757 82.8987 0.0 83.2742 51.8845 42.5206 6.08276 27.8815 16.4924 34.6554 21.9317 44.5728 105.003 26.0768 16.4924 29.4109 45.3639 56.7111 74.3996 59.3106 
42.2988 33.2415 53.8516 46.3897 85.4966 22.3607 15.6525 65.1455 48.7545 92.0703 90.9138 61.0328 83.2742 0.0 35.609 54.9181 87.0695 70.7775 75.6294 53.7122 93.1007 39.3205 59.4138 94.1333 99.7666 54.8765 58.6003 61.6198 70.6429 42.4264 
31.1448 55.6846 75.3127 76.0263 54.3415 18.1108 32.2025 60.9117 16.0312 60.208 79.792 80.5047 51.8845 35.609 0.0 19.6977 55.9867 64.1152 47.3575 21.0 61.5224 26.4764 88.2383 76.5027 68.0294 24.2331 60.0833 69.2315 84.0952 52.0384 
41.8022 84.5765 88.0326 92.2004 40.3113 37.3631 48.9183 62.0628 9.21954 43.9659 71.9024 92.1536 42.5206 54.9181 19.6977 0.0 47.8017 60.7289 42.0476 8.544 45.8803 36.4212 104.063 68.4105 56.8507 23.0 65.0077 76.1643 93.0591 62.306 
48.8113 81.3889 77.4169 94.3323 18.9737 72.8358 75.0703 29.7593 42.45 28.178 24.6982 76.3662 6.08276 87.0695 55.9867 47.8017 0.0 22.8254 20.2878 39.6989 26.0768 48.3682 100.82 20.6155 15.1327 33.2312 40.3121 51.6592 69.3478 55.1273 
38.3318 59.4419 55.4617 72.2772 41.6293 73.4479 55.3569 7.61577 52.9305 51.0 20.2237 54.0833 27.8815 70.7775 64.1152 60.7289 22.8254 0.0 20.0 52.2015 48.8774 39.989 77.4726 24.3311 34.0588 39.9827 18.3848 29.2062 46.6905 34.0588 
37.3712 69.4479 67.4269 82.3913 26.274 64.2066 62.2536 24.0416 35.2278 36.0491 44.0931 67.4997 16.4924 75.6294 47.3575 42.0476 20.2878 20.0 0.0 33.541 35.172 36.9281 88.8787 40.8039 32.9848 23.4307 31.9061 44.4185 62.7694 43.1862 
37.3873 80.1616 82.4286 88.8078 34.176 39.0512 45.6026 53.6177 5.09902 39.3192 63.6498 85.5519 34.6554 53.7122 21.0 8.544 39.6989 52.2015 33.541 0.0 40.7922 32.0063 100.915 60.3075 49.6488 15.2971 57.0351 68.469 85.703 55.487 
62.9461 104.252 102.231 117.195 8.94427 79.2275 83.8268 55.8202 45.5412 3.16228 45.2769 101.578 21.9317 93.1007 61.5224 45.8803 26.0768 48.8774 35.172 40.7922 0.0 61.953 123.683 38.0132 20.025 43.566 66.373 77.7201 95.4087 77.9902 
5.38516 48.1759 51.6236 65.4649 53.0587 33.6846 30.0467 36.1248 27.5927 62.2367 60.4583 55.7853 44.5728 39.3205 26.4764 36.4212 48.3682 39.989 36.9281 32.0063 61.953 0.0 68.9297 63.6778 61.0652 24.2178 34.0147 42.7551 58.0086 26.1725 
63.547 33.8378 22.1359 13.0384 114.785 80.8084 56.0803 69.857 96.5019 123.059 95.2103 26.0192 105.003 59.4138 88.2383 104.063 100.82 77.4726 88.8787 100.915 123.683 68.9297 0.0 101.242 110.957 85.6154 59.0931 49.7293 39.1152 47.0106 
61.6271 83.7512 79.1202 96.5401 34.7131 96.6521 78.7127 31.7805 62.9715 41.0 8.06226 76.922 26.0768 94.1333 76.5027 68.4105 20.6155 24.3311 40.8039 60.3075 38.0132 63.6778 101.242 0.0 18.1108 53.7473 42.45 51.8941 67.6757 58.3095 
61.5084 93.0314 89.0593 105.975 18.3576 84.8915 86.7127 41.4005 53.3385 23.0868 25.7099 88.0057 16.4924 99.7666 68.0294 56.8507 15.1327 34.0588 32.9848 49.6488 20.025 61.0652 110.957 18.1108 0.0 45.8803 51.9545 63.2535 80.6226 66.7697 
25.2109 64.8616 67.2632 82.7901 35.1283 41.0821 45.6026 39.8428 14.1421 43.1741 56.2049 70.3847 29.4109 54.8765 24.2331 23.0 33.2312 39.9827 23.4307 15.2971 43.566 24.2178 85.6154 53.7473 45.8803 0.0 42.0119 53.2353 70.406 40.3216 
30.5287 41.4878 37.1214 54.1295 57.8524 67.6407 43.2782 10.7703 56.0803 67.6275 37.2156 36.2353 45.3639 58.6003 60.0833 65.0077 40.3121 18.3848 31.9061 57.0351 66.373 34.0147 59.0931 42.45 51.9545 42.0119 0.0 12.53 30.8869 17.72 
38.3275 36.1389 27.6586 47.0 70.3823 72.9343 47.4342 21.9317 67.0671 79.8312 45.5412 25.0599 56.7111 61.6198 69.2315 76.1643 51.6592 29.2062 44.4185 68.469 77.7201 42.7551 49.7293 51.8941 63.2535 53.2353 12.53 0.0 18.3576 19.4165 
53.0094 37.4524 20.5913 41.2311 88.152 84.8999 57.8705 39.8246 83.8639 97.5198 60.5392 13.6015 74.3996 70.6429 84.0952 93.0591 69.3478 46.6905 62.7694 85.703 95.4087 58.0086 39.1152 67.6757 80.6226 70.406 30.8869 18.3576 0.0 32.0624 
21.0238 26.6038 27.2029 39.5472 69.0922 53.8516 28.0179 27.0185 53.4775 78.8673 54.0093 30.0832 59.3106 42.4264 52.0384 62.306 55.1273 34.0588 43.1862 55.487 77.9902 26.1725 47.0106 58.3095 66.7697 40.3216 17.72 19.4165 32.0624 0.0 
DEMAND_SCENARIO_SECTION
0 0 0 0 0 0 0 0 0 0 0 0 0 0 0 0 0 0 0 0 0 0 0 0 0 0 0 0 0 0 0 0 0 0 0 0 0 0 0 0 0 0 0 0 0 0 0 0 0 0 
5 12 8 3 6 3 3 4 6 8 7 8 9 8 6 10 4 6 3 7 6 15 6 8 11 7 8 8 4 7 5 9 8 4 5 4 4 11 7 9 9 3 6 4 6 6 6 10 9 6 
4 3 5 4 2 3 3 4 3 6 5 5 3 3 7 4 6 4 4 6 4 2 2 6 5 4 3 8 4 5 4 2 3 8 5 7 6 3 5 4 2 0 2 3 7 2 6 6 2 4 
6 0 6 7 8 5 9 3 7 4 8 4 8 7 10 7 4 3 7 3 6 8 5 6 4 9 0 5 7 7 5 6 3 6 1 1 9 9 9 5 7 10 6 7 2 5 7 5 10 6 
7 7 6 5 4 4 4 6 3 5 6 5 1 8 5 6 3 9 6 7 2 6 9 6 5 3 5 3 3 9 5 6 6 5 8 5 5 8 4 7 5 3 3 3 4 4 4 8 8 3 
10 8 4 4 8 7 5 5 8 6 9 8 8 6 3 9 9 6 9 3 8 5 8 7 4 3 3 6 11 10 7 5 5 2 7 10 6 5 8 4 3 10 2 7 4 6 6 6 1 9 
6 6 7 8 12 14 6 13 9 13 15 10 12 10 10 5 8 5 7 16 6 10 7 10 6 10 12 11 3 7 8 11 9 13 6 8 10 8 9 10 11 6 9 8 8 7 9 7 11 14 
8 9 14 9 9 10 8 11 9 7 10 6 13 6 7 8 6 12 6 10 8 7 8 5 11 4 11 11 8 5 4 4 9 12 8 7 8 6 8 5 7 7 5 5 5 13 4 5 8 6 
1 6 2 1 1 5 2 3 0 4 3 4 0 4 3 2 0 0 2 3 5 4 3 3 3 6 0 1 3 5 1 2 5 6 6 2 1 1 2 2 4 0 3 0 3 2 2 1 4 1 
5 13 10 15 4 13 12 10 6 6 4 7 11 17 6 7 11 9 10 9 11 11 10 2 3 7 14 7 7 4 6 7 12 12 9 12 10 9 8 12 8 9 10 9 13 10 7 8 5 11 
4 6 2 1 5 4 4 3 2 2 2 7 3 2 3 4 7 1 6 1 1 5 2 0 5 4 3 3 3 4 5 6 1 5 4 0 3 0 5 0 3 3 5 6 2 4 5 2 2 9 
4 3 2 6 5 4 5 6 7 2 3 2 2 4 4 8 3 5 7 2 2 5 4 6 7 3 3 3 2 6 3 0 3 4 6 0 4 10 2 7 9 2 2 1 6 3 3 5 2 2 
3 1 1 1 1 3 2 1 1 3 1 1 1 2 1 0 1 0 0 2 1 1 3 2 1 1 2 0 0 1 0 1 1 2 1 1 1 0 1 2 1 2 0 1 0 0 1 2 2 2 
10 6 9 5 9 6 7 4 3 4 3 11 6 9 10 9 8 1 7 5 2 7 8 13 4 7 8 8 9 5 9 7 9 9 10 7 7 11 8 8 9 7 8 9 8 6 5 5 6 8 
4 5 0 6 3 1 5 4 3 0 4 2 3 4 1 3 2 4 0 2 1 3 2 4 6 5 4 4 2 0 0 0 3 4 2 2 4 0 3 2 3 5 4 1 3 5 3 3 2 4 
11 6 10 11 1 3 11 12 11 8 9 12 5 8 14 9 0 8 10 9 2 7 11 5 7 12 12 11 9 11 9 11 9 0 7 4 9 12 8 6 5 9 10 5 10 13 12 9 8 7 
2 0 2 1 3 1 1 0 0 1 0 2 1 1 1 0 0 0 1 0 2 1 2 1 1 2 1 1 1 1 2 1 1 4 2 3 2 0 0 1 2 2 0 1 1 2 2 1 2 1 
8 8 5 8 10 5 5 7 2 6 8 4 8 9 4 10 7 5 4 9 2 4 7 9 9 10 5 7 9 6 6 4 5 6 1 6 7 6 9 5 4 10 8 7 5 7 2 7 3 7 
4 8 5 7 9 8 2 4 2 3 7 3 4 6 9 8 8 1 2 6 6 8 6 3 6 7 8 10 7 6 7 7 7 3 4 4 5 4 3 4 1 6 3 3 5 4 4 4 4 3 
5 9 7 8 4 5 7 5 5 6 3 7 7 9 6 6 4 5 2 4 10 6 7 7 6 6 4 8 8 10 3 4 5 8 6 5 12 5 7 9 7 3 9 9 7 6 6 6 8 10 
7 6 12 4 3 8 8 7 7 14 4 6 4 13 10 7 6 2 4 3 3 11 6 6 7 12 4 9 10 10 4 9 5 6 9 8 9 6 3 12 9 9 4 8 4 7 5 5 11 7 
4 7 12 10 7 12 11 9 14 7 14 13 9 11 19 9 11 8 12 10 10 13 9 10 8 12 10 4 11 7 7 7 7 9 10 11 11 11 7 14 8 10 14 11 9 3 6 12 13 7 
6 7 5 10 11 9 12 9 15 11 2 9 8 7 8 12 6 5 9 7 8 15 3 9 14 8 9 9 10 10 9 4 11 5 6 11 9 15 3 10 4 10 5 11 12 11 4 4 11 9 
0 2 1 1 0 2 2 2 2 1 1 1 2 1 0 1 2 1 3 1 0 1 1 0 1 0 1 2 0 1 1 1 1 0 1 0 2 0 1 3 1 1 3 2 0 0 0 2 1 0 
3 2 4 1 5 2 8 4 1 1 5 0 4 4 6 2 3 3 4 2 1 3 0 2 4 4 3 3 3 2 3 3 2 2 0 3 4 3 5 3 3 3 6 3 2 3 5 6 5 4 
9 7 6 8 7 3 7 6 9 6 4 10 5 10 10 4 7 10 12 7 9 9 7 10 7 4 4 9 8 10 5 5 10 8 9 4 6 10 7 9 6 4 8 12 7 6 5 12 12 12 
3 1 5 5 5 4 5 3 5 4 3 4 3 5 5 4 3 3 2 2 4 4 5 5 5 2 7 3 6 3 4 4 5 6 3 5 5 3 4 5 2 2 6 5 5 5 6 7 6 4 
5 5 3 1 3 2 3 5 5 4 4 4 5 8 5 2 5 2 5 4 4 5 4 5 5 3 1 3 2 6 6 5 3 1 2 1 1 5 2 4 4 2 3 4 0 4 2 4 5 5 
8 7 5 10 10 10 7 3 5 8 5 11 11 8 5 9 4 5 7 8 7 4 6 12 11 8 8 7 2 6 8 5 7 9 7 3 6 9 3 13 5 5 3 10 8 7 10 5 5 7 
1 3 4 6 7 1 9 4 3 4 5 6 5 8 1 5 4 6 6 7 0 1 7 2 4 7 3 7 7 5 2 4 4 5 5 5 5 3 6 9 4 2 4 2 2 8 1 8 7 4 
DEPOT_SECTION
 1
 -1
EOF
