NAME  : Parada_30_7_0.95_1.00_4
TYPE : SVRP
MODEL : FINITE_SUPPORT
NUMBER_OF_SCENARIOS : 50
DIMENSION : 30
EDGE_WEIGHT_TYPE : MATRIX
CAPACITY : 25
N_VEHICLES : 7
NODE_COORD_SECTION
1 186870 238830
2 514490 398500
3 250040 36175
4 46458 504930
5 695850 219090
6 215740 248150
7 472110 126600
8 660630 37573
9 445300 206680
10 410690 371120
11 374290 292220
12 27614 329060
13 469040 226530
14 258570 234240
15 381530 554710
16 94819 115270
17 273290 18
18 324050 432160
19 559850 357500
20 342480 327140
21 210900 166810
22 27 140820
23 423570 261100
24 482490 153760
25 406560 440640
26 540910 31696
27 66980 455070
28 28342 409140
29 97142 127360
30 599700 341130
DEMAND_SECTION
1 0.0
2 8.0
3 6.0
4 3.0
5 2.0
6 6.0
7 4.0
8 2.0
9 10.0
10 9.0
11 5.0
12 5.0
13 2.0
14 10.0
15 10.0
16 9.0
17 4.0
18 3.0
19 3.0
20 9.0
21 9.0
22 1.0
23 2.0
24 8.0
25 3.0
26 3.0
27 7.0
28 8.0
29 6.0
30 10.0
DISTANCE_MATRIX
0.0 34.176 24.7498 75.3393 59.6222 5.65685 52.6118 65.9393 43.0813 51.264 38.8973 55.2215 40.1123 9.0 54.4059 55.3281 35.7049 44.8219 47.7648 34.4384 44.1814 61.747 35.4683 50.01 58.1378 59.0339 68.1198 66.0409 47.5938 44.7264 
34.176 0.0 51.4542 102.765 57.3149 29.1204 56.5685 84.5281 54.4091 38.6264 32.0156 80.8642 44.8219 32.1403 23.3238 84.6136 62.4093 23.3452 16.0312 25.4951 68.6264 91.0325 49.2553 55.9732 40.4475 71.0282 95.1646 96.4349 76.3939 21.0 
24.7498 51.4542 0.0 64.5043 84.3521 25.5803 40.5216 43.8292 66.0748 50.9313 39.2046 47.8017 31.3847 20.0958 65.8027 29.4844 11.1803 51.8941 58.4756 38.4708 61.0799 35.0 59.0143 37.108 59.5483 40.6079 58.936 52.0546 58.1501 65.1117 
75.3393 102.765 64.5043 0.0 90.05 76.3744 103.788 91.351 68.0294 115.132 102.626 21.9317 95.7139 73.0405 122.718 36.0555 56.5055 111.314 93.6976 99.4987 48.0416 34.3657 65.6201 100.225 122.894 98.4937 7.61577 12.6491 37.1214 90.6592 
59.6222 57.3149 84.3521 90.05 0.0 62.9464 107.355 125.542 22.561 95.1262 86.2484 71.0211 94.3716 68.0294 77.2334 84.8785 78.4238 80.6226 41.5933 79.555 42.0119 95.1853 27.7308 105.546 97.7394 117.347 83.2166 87.2983 53.0 36.4966 
5.65685 29.1204 25.5803 76.3744 62.9464 0.0 49.4773 65.7951 45.607 46.1736 33.9559 56.2566 36.6742 6.40312 48.8262 56.3633 36.74 39.2046 35.3804 29.1548 48.6621 62.7821 38.0789 47.1275 52.8015 57.4543 69.1549 67.076 52.5642 40.0217 
52.6118 56.5685 40.5216 103.788 107.355 49.4773 0.0 36.1248 95.0789 26.3059 25.0 88.3233 13.0 43.7379 55.7136 68.8208 51.6624 39.8121 68.3652 31.1448 96.0833 71.5612 87.5557 3.60555 34.0 18.0278 98.2723 91.236 97.2522 73.2981 
65.9393 84.5281 43.8292 91.351 125.542 65.7951 36.1248 0.0 108.261 62.0081 57.2713 82.8734 41.9762 59.4643 89.627 62.1691 52.3259 73.3485 93.6572 61.6847 101.237 57.0789 101.201 34.0 70.0643 18.4391 88.0057 79.1012 98.3717 104.085 
43.0813 54.4091 66.0748 68.0294 22.561 45.607 95.0789 108.261 0.0 88.0227 77.1038 48.5077 82.2272 51.5461 77.2528 62.374 57.7125 75.9539 39.0 71.007 20.3961 72.6808 7.61577 92.72 92.5419 102.054 61.0082 64.7765 31.4006 34.8855 
51.264 38.6264 50.9313 115.132 95.1262 46.1736 26.3059 62.0081 88.0227 0.0 12.53 95.1893 22.4722 42.9535 30.5287 80.4125 61.887 16.4012 53.6004 17.2627 94.5939 85.7963 81.1542 28.0179 8.94427 44.2832 107.913 102.983 98.7249 58.6941 
38.8973 32.0156 39.2046 102.626 86.2484 33.9559 25.0 57.2713 77.1038 12.53 0.0 82.6801 15.2971 30.4631 32.3883 68.6969 50.1714 16.1245 45.1885 6.7082 82.5651 74.2024 70.0071 25.0599 20.5183 41.2311 95.4068 91.267 86.4348 50.1597 
55.2215 80.8642 47.8017 21.9317 71.0211 56.2566 88.3233 82.8734 48.5077 95.1893 82.6801 0.0 79.0575 53.0104 101.076 21.0 36.6879 91.1961 71.8889 79.404 30.0832 29.1548 45.0 84.8999 102.903 86.2223 14.3178 16.2788 20.8087 68.8505 
40.1123 44.8219 31.3847 95.7139 94.3716 36.6742 13.0 41.9762 82.2272 22.4722 15.2971 79.0575 0.0 31.1448 47.676 60.6941 42.386 31.4006 55.8744 20.1246 84.006 65.1153 74.7329 11.4018 31.3847 26.4197 90.363 83.2642 85.8429 60.8073 
9.0 32.1403 20.0958 73.0405 68.0294 6.40312 43.7379 59.4643 51.5461 42.9535 30.4631 53.0104 31.1448 0.0 49.6488 53.0293 31.0509 38.2099 38.7648 26.6271 53.1507 55.0821 43.9659 41.2311 50.2494 51.1077 65.9087 63.742 57.1728 45.1048 
54.4059 23.3238 65.8027 122.718 77.2334 48.8262 55.7136 89.627 77.2528 30.5287 32.3883 101.076 47.676 49.6488 0.0 102.706 76.9294 16.2788 38.2753 29.0172 90.5619 100.961 72.1734 56.6127 26.9072 73.0821 115.376 113.419 98.3294 42.72 
55.3281 84.6136 29.4844 36.0555 84.8785 56.3633 68.8208 62.1691 62.374 80.4125 68.6969 21.0 60.6941 53.0293 102.706 0.0 21.4857 91.2074 82.3018 79.4875 46.0536 15.5242 57.7598 65.2763 89.0326 65.2763 29.9666 24.0832 38.6509 79.2634 
35.7049 62.4093 11.1803 56.5055 78.4238 36.74 51.6624 52.3259 57.7125 61.887 50.1714 36.6879 42.386 31.0509 76.9294 21.4857 0.0 62.9361 70.5934 49.4907 49.1389 27.8568 51.1654 48.2701 70.5071 51.2445 48.5913 44.0558 47.3814 67.555 
44.8219 23.3452 51.8941 111.314 80.6226 39.2046 39.8121 73.3485 75.9539 16.4012 16.1245 91.1961 31.4006 38.2099 16.2788 91.2074 62.9361 0.0 39.1152 13.6015 85.6445 86.9673 69.6348 40.4969 17.1172 56.921 104.094 101.92 90.824 44.1814 
47.7648 16.0312 58.4756 93.6976 41.5933 35.3804 68.3652 93.6572 39.0 53.6004 45.1885 71.8889 55.8744 38.7648 38.2753 82.3018 70.5934 39.1152 0.0 38.4838 53.3497 91.4699 34.1321 67.2624 56.2228 81.3681 86.1022 86.8083 62.2421 5.09902 
34.4384 25.4951 38.4708 99.4987 79.555 29.1548 31.1448 61.6847 71.007 17.2627 6.7082 79.404 20.1246 26.6271 29.0172 79.4875 49.4907 13.6015 38.4838 0.0 77.3692 73.522 64.0312 30.8058 23.7065 46.5296 92.2792 90.2003 81.7095 43.4626 
44.1814 68.6264 61.0799 48.0416 42.0119 48.6621 96.0833 101.237 20.3961 94.5939 82.5651 30.0832 84.006 53.1507 90.5619 46.0536 49.1389 85.6445 53.3497 77.3692 0.0 56.3604 20.2485 93.1933 100.578 99.4636 41.3038 46.1736 11.0454 50.2096 
61.747 91.0325 35.0 34.3657 95.1853 62.7821 71.5612 57.0789 72.6808 85.7963 74.2024 29.1548 65.1153 55.0821 100.961 15.5242 27.8568 86.9673 91.4699 73.522 56.3604 0.0 68.0666 67.9559 94.4934 64.5136 31.0644 22.0227 48.9183 88.4315 
35.4683 49.2553 59.0143 65.6201 27.7308 38.0789 87.5557 101.201 7.61577 81.1542 70.0071 45.0 74.7329 43.9659 72.1734 57.7598 51.1654 69.6348 34.1321 64.0312 20.2485 68.0666 0.0 85.1645 85.9884 94.4382 58.3095 61.0737 30.4631 30.6105 
50.01 55.9732 37.108 100.225 105.546 47.1275 3.60555 34.0 92.72 28.0179 25.0599 84.8999 11.4018 41.2311 56.6127 65.2763 48.2701 40.4969 67.2624 30.8058 93.1933 67.9559 85.1645 0.0 36.1248 16.4924 94.7279 87.6641 94.1329 72.1953 
58.1378 40.4475 59.5483 122.894 97.7394 52.8015 34.0 70.0643 92.5419 8.94427 20.5183 102.903 31.3847 50.2494 26.9072 89.0326 70.5071 17.1172 56.2228 23.7065 100.578 94.4934 85.9884 36.1248 0.0 52.0096 115.675 111.603 105.309 61.2944 
59.0339 71.0282 40.6079 98.4937 117.347 57.4543 18.0278 18.4391 102.054 44.2832 41.2311 86.2223 26.4197 51.1077 73.0821 65.2763 51.2445 56.921 81.3681 46.5296 99.4636 64.5136 94.4382 16.4924 52.0096 0.0 93.9415 85.8662 98.6154 86.301 
68.1198 95.1646 58.936 7.61577 83.2166 69.1549 98.2723 88.0057 61.0082 107.913 95.4068 14.3178 90.363 65.9087 115.376 29.9666 48.5913 104.094 86.1022 92.2792 41.3038 31.0644 58.3095 94.7279 115.675 93.9415 0.0 9.48683 30.5941 83.0638 
66.0409 96.4349 52.0546 12.6491 87.2983 67.076 91.236 79.1012 64.7765 102.983 91.267 16.2788 83.2642 63.742 113.419 24.0832 44.0558 101.92 86.8083 90.2003 46.1736 22.0227 61.0737 87.6641 111.603 85.8662 9.48683 0.0 36.2491 83.7698 
47.5938 76.3939 58.1501 37.1214 53.0 52.5642 97.2522 98.3717 31.4006 98.7249 86.4348 20.8087 85.8429 57.1728 98.3294 38.6509 47.3814 90.824 62.2421 81.7095 11.0454 48.9183 30.4631 94.1329 105.309 98.6154 30.5941 36.2491 0.0 59.203 
44.7264 21.0 65.1117 90.6592 36.4966 40.0217 73.2981 104.085 34.8855 58.6941 50.1597 68.8505 60.8073 45.1048 42.72 79.2634 67.555 44.1814 5.09902 43.4626 50.2096 88.4315 30.6105 72.1953 61.2944 86.301 83.0638 83.7698 59.203 0.0 
DEMAND_SCENARIO_SECTION
0 0 0 0 0 0 0 0 0 0 0 0 0 0 0 0 0 0 0 0 0 0 0 0 0 0 0 0 0 0 0 0 0 0 0 0 0 0 0 0 0 0 0 0 0 0 0 0 0 0 
4 7 5 13 8 11 5 7 5 6 8 7 13 10 4 4 9 5 12 7 11 9 12 6 13 14 12 6 5 10 10 7 4 5 4 10 8 7 9 8 12 8 6 7 8 9 8 10 7 8 
7 7 1 7 9 6 10 6 6 7 5 4 7 10 11 5 5 5 8 6 12 4 8 6 11 6 6 9 9 7 5 4 6 6 8 9 8 7 6 7 5 3 7 7 6 7 9 8 1 1 
3 5 2 3 5 3 5 3 3 0 3 5 6 0 4 3 1 1 3 3 3 2 2 4 2 0 6 5 1 5 5 0 4 3 4 5 2 3 4 2 0 5 3 4 7 2 2 7 2 2 
3 3 2 1 4 3 2 2 2 2 2 2 2 2 3 1 4 3 1 0 1 1 1 4 0 3 4 1 2 3 3 2 1 0 3 1 3 1 1 2 1 2 1 3 2 0 4 2 2 3 
7 7 9 8 1 12 7 8 4 10 3 6 1 7 6 7 7 10 7 5 5 4 5 4 9 8 5 4 0 4 4 6 8 4 6 5 9 5 4 4 5 6 7 4 5 9 1 2 11 8 
0 6 2 0 5 4 5 3 5 1 4 2 3 4 8 5 4 5 1 6 6 6 4 1 4 1 6 3 3 3 5 6 2 0 4 1 1 5 5 2 3 2 3 7 6 4 3 3 2 4 
5 2 0 1 3 1 2 1 4 3 3 3 3 1 1 3 0 1 1 0 2 3 2 2 2 0 1 2 2 2 1 1 2 0 3 1 4 3 3 3 4 2 2 2 0 0 1 3 1 2 
11 13 10 11 8 10 12 9 14 16 10 16 8 11 6 9 9 9 10 9 10 12 17 8 10 10 8 13 9 6 5 5 12 10 10 12 12 12 14 13 14 4 5 11 17 14 12 8 11 11 
8 9 8 10 13 5 8 13 7 8 6 8 9 14 8 3 7 8 16 8 8 5 12 12 8 4 12 10 13 11 5 11 9 10 3 14 13 7 6 9 13 14 13 12 8 10 10 9 9 12 
5 9 0 8 5 6 7 4 5 4 7 3 4 2 2 3 7 1 5 2 5 5 2 5 3 5 4 5 9 3 3 6 2 5 2 2 8 7 7 8 3 3 7 5 2 2 5 3 2 3 
4 7 4 6 2 5 3 4 8 3 5 9 4 1 6 3 8 1 6 4 4 5 5 5 4 4 6 0 9 3 3 6 4 5 1 2 8 3 6 6 1 7 2 7 5 6 4 10 8 2 
4 4 3 2 0 3 1 2 2 1 2 1 4 2 4 2 3 2 2 2 1 2 3 1 2 2 0 2 4 2 2 3 0 3 3 0 5 1 4 4 2 4 1 2 3 3 2 0 2 0 
7 10 12 11 11 8 10 9 7 14 9 12 7 11 9 15 8 12 13 8 11 17 7 7 11 13 13 4 9 7 12 10 5 11 3 15 10 10 12 8 4 4 6 14 11 7 9 10 7 5 
13 13 12 9 15 8 15 7 9 11 12 7 10 9 9 14 11 15 9 12 9 9 6 12 4 14 7 8 10 9 8 13 10 9 17 16 11 11 17 17 13 11 15 12 11 8 14 13 17 8 
16 12 7 10 9 5 9 16 6 8 12 8 4 7 8 8 11 18 9 5 10 7 10 8 10 8 13 8 12 7 2 12 11 13 9 8 3 10 13 10 15 12 9 10 5 10 11 12 4 14 
4 8 5 5 4 3 4 1 7 4 0 2 3 4 5 0 3 1 4 1 0 2 1 3 5 1 1 5 2 3 7 1 1 6 3 3 4 4 3 6 4 2 4 4 7 6 1 2 4 5 
4 3 3 2 3 6 1 0 3 4 1 3 5 4 2 0 1 4 5 2 5 3 0 2 4 0 1 5 2 1 1 2 1 2 3 1 0 3 4 2 4 2 3 6 1 3 1 3 3 1 
4 5 4 2 2 3 2 3 1 4 4 0 2 2 4 0 4 3 3 4 3 3 1 3 3 4 3 3 4 2 4 6 4 4 4 3 4 2 2 1 2 3 5 2 4 1 6 5 1 0 
7 9 8 10 10 11 8 12 10 5 6 11 12 6 7 7 6 15 7 15 8 7 10 10 6 9 7 11 6 7 11 8 10 13 9 11 8 8 10 12 4 9 12 10 12 9 8 9 13 6 
5 11 4 4 7 6 9 2 7 9 4 8 6 8 4 12 11 5 13 10 8 10 10 13 8 15 12 9 12 12 4 14 9 13 4 9 2 10 9 11 10 7 11 13 7 7 12 8 10 9 
2 0 2 0 0 1 2 0 1 1 0 2 1 1 2 0 0 0 2 2 0 4 2 1 1 0 1 1 1 0 0 0 1 1 1 2 2 2 1 2 1 2 0 2 0 1 3 0 1 0 
0 3 2 2 1 3 5 3 3 2 0 3 1 1 1 2 1 5 2 2 3 2 0 0 1 1 2 1 0 3 2 1 0 4 0 3 4 1 3 2 4 2 0 1 0 1 3 3 3 0 
14 12 6 4 18 9 12 7 4 8 4 16 12 4 9 14 6 10 8 7 11 13 7 5 11 5 7 9 12 4 12 6 11 8 8 4 4 10 8 6 8 10 10 10 12 10 8 10 10 8 
6 4 2 3 3 4 8 3 2 4 3 3 4 3 4 4 0 4 1 4 5 3 3 4 1 3 1 3 3 2 3 3 4 3 2 5 2 4 2 7 1 0 1 1 5 6 2 2 3 3 
6 4 4 0 2 1 3 4 3 3 1 6 3 4 3 2 4 3 2 3 5 4 2 0 4 0 2 3 1 3 3 3 6 4 3 0 6 3 1 4 4 3 4 4 5 3 4 4 3 5 
14 6 5 5 7 7 7 5 6 5 6 5 7 5 9 8 5 8 6 4 4 8 7 4 1 10 10 11 8 8 5 5 5 8 6 7 9 10 4 8 9 6 6 7 9 5 11 4 9 12 
12 5 7 7 9 9 9 6 7 7 9 5 13 3 6 14 8 13 4 5 9 4 6 9 9 6 10 5 13 10 13 8 4 6 5 11 6 8 1 6 9 7 6 3 3 8 7 10 10 11 
4 0 8 6 7 8 11 8 7 4 7 7 6 5 6 7 10 3 9 4 7 4 6 3 2 6 5 6 8 4 3 4 7 6 5 10 7 14 9 9 5 8 6 4 4 6 8 7 7 5 
8 10 14 8 16 10 8 12 12 9 12 10 10 5 8 16 7 12 10 4 11 15 11 9 5 8 13 9 12 8 11 11 12 12 14 4 10 10 15 12 10 7 5 8 7 10 7 10 11 7 
DEPOT_SECTION
 1
 -1
EOF
