NAME  : Parada_30_7_0.95_1.00_6
TYPE : SVRP
MODEL : FINITE_SUPPORT
NUMBER_OF_SCENARIOS : 50
DIMENSION : 30
EDGE_WEIGHT_TYPE : MATRIX
CAPACITY : 26
N_VEHICLES : 7
NODE_COORD_SECTION
1 145270 224240
2 337890 206100
3 196420 50227
4 29942 722550
5 292780 395050
6 105490 440840
7 155320 307770
8 241930 304370
9 168230 36469
10 354590 139070
11 32666 715840
12 145580 337080
13 467250 387880
14 310320 633000
15 220560 704930
16 241800 222640
17 178990 206280
18 67699 124380
19 27 716090
20 154250 349640
21 221230 54699
22 254010 271150
23 265030 450210
24 277820 283270
25 234580 569790
26 304170 594980
27 315610 408100
28 156550 413770
29 163110 11154
30 267730 18
DEMAND_SECTION
1 0.0
2 9.0
3 6.0
4 2.0
5 1.0
6 4.0
7 6.0
8 6.0
9 5.0
10 7.0
11 10.0
12 2.0
13 9.0
14 8.0
15 3.0
16 4.0
17 7.0
18 4.0
19 7.0
20 8.0
21 5.0
22 5.0
23 9.0
24 8.0
25 7.0
26 10.0
27 8.0
28 2.0
29 4.0
30 7.0
DISTANCE_MATRIX
0.0 30.8803 56.6039 71.0711 39.1204 27.2947 35.3836 56.8991 53.6449 30.2248 70.5333 65.308 40.9942 49.4222 63.2484 19.2354 5.38516 50.7283 66.815 23.6008 46.9617 16.5655 33.5272 20.6822 46.045 47.7149 42.6002 19.9249 51.2654 61.3584 
30.8803 0.0 52.4309 97.1163 48.0994 45.8912 37.855 61.2282 23.3452 18.7883 96.2903 69.637 52.1728 63.8469 77.6562 16.0454 29.4301 24.0416 91.8665 27.0454 27.0185 15.0 45.2506 11.3137 59.7998 63.1396 50.0966 37.6563 20.6155 30.8058 
56.6039 52.4309 0.0 96.3255 31.4006 82.3468 22.8035 26.2488 60.4152 69.3582 95.3484 33.9706 97.5202 61.8142 71.5763 39.6232 52.3546 69.8928 90.8653 33.121 42.107 56.3386 38.0132 52.6725 51.8001 66.0681 27.8927 76.0592 49.0306 50.0 
71.0711 97.1163 96.3255 0.0 64.8669 60.7289 77.0779 73.3348 117.456 93.7152 1.0 70.0071 78.9177 34.9285 25.0799 82.279 77.486 114.219 5.38516 75.4718 111.682 80.0559 59.6154 95.5578 44.643 34.2053 83.7722 65.3911 110.693 119.133 
39.1204 48.0994 31.4006 64.8669 0.0 59.6409 14.2127 21.4247 66.4831 63.249 63.9154 29.8336 79.2601 30.4138 41.0224 32.0624 33.9177 71.4493 59.4968 21.095 54.7083 54.9835 8.06226 46.5408 20.4316 35.0571 4.47214 57.1481 57.0088 63.1348 
27.2947 45.8912 82.3468 60.7289 59.6409 0.0 60.1171 77.5362 66.9875 34.1375 60.4401 79.5351 20.8806 48.8667 56.6759 46.5296 30.3645 62.0666 57.4891 49.3964 72.4431 33.0 51.619 37.0135 55.2884 40.3309 64.0707 8.24621 66.4906 76.6877 
35.3836 37.855 22.8035 77.0779 14.2127 60.1171 0.0 23.3732 53.7587 53.1209 76.1577 31.7821 76.0592 42.1545 53.8516 22.1359 30.6105 60.0083 71.6938 12.2066 40.7063 40.0788 17.4642 36.4127 33.2866 44.911 13.9284 54.0833 43.6807 49.1935 
56.8991 61.2282 26.2488 73.3348 21.4247 77.5362 23.3732 0.0 76.3217 76.4815 72.3395 8.544 97.0388 41.5933 48.2597 45.4559 51.6965 83.1634 68.1836 35.0554 61.4003 72.7622 29.3038 59.7733 30.4138 48.0833 17.1176 74.9269 65.7647 69.9214 
53.6449 23.3452 60.4152 117.456 66.4831 66.9875 53.7587 76.3217 0.0 34.9285 116.63 84.7324 68.1836 84.1862 97.9955 35.7771 49.7695 12.2066 112.206 45.8803 19.7231 38.2884 65.0 34.6554 80.0625 83.479 67.4685 58.7731 11.4018 15.8114 
30.2248 18.7883 69.3582 93.7152 63.249 34.1375 53.1209 76.4815 34.9285 0.0 93.1774 84.8903 34.1321 78.8948 86.704 31.195 34.7391 28.3019 89.4592 42.195 44.911 18.8102 60.4003 18.5806 78.7491 70.3591 65.2463 28.9802 37.1214 47.0106 
70.5333 96.2903 95.3484 1.0 63.9154 60.4401 76.1577 72.3395 116.63 93.1774 0.0 69.0072 78.7718 34.0147 24.0832 81.453 76.66 113.681 4.47214 74.6257 110.856 79.5181 58.6941 94.7317 43.6807 33.4215 82.7951 65.0 109.867 118.307 
65.308 69.637 33.9706 70.0071 29.8336 79.5351 31.7821 8.544 84.7324 84.8903 69.0072 0.0 99.9307 40.8534 45.0999 53.8648 60.1053 91.5723 65.0692 43.4642 69.9214 81.1711 34.8511 68.1821 29.9666 48.3011 25.5265 78.3669 74.1485 78.4474 
40.9942 52.1728 97.5202 78.9177 79.2601 20.8806 76.0592 97.0388 68.1836 34.1321 78.7718 99.9307 0.0 69.3469 77.1561 61.7102 45.4533 59.2284 76.3217 64.4534 78.9177 43.8936 72.0145 47.225 74.9828 60.8112 82.7399 22.8035 71.2531 81.0987 
49.4222 63.8469 61.8142 34.9285 30.4138 48.8667 42.1545 41.5933 84.1862 78.8948 34.0147 40.8534 69.3469 0.0 13.8924 48.9183 44.2195 87.3269 29.5466 41.2311 77.8974 65.2355 24.6982 62.2883 11.1803 8.60233 34.142 51.6299 77.2334 85.5628 
63.2484 77.6562 71.5763 25.0799 41.0224 56.6759 53.8516 48.2597 97.9955 86.704 24.0832 45.0999 77.1561 13.8924 0.0 62.6259 58.0458 101.136 20.0 54.4518 91.2195 73.0447 36.6197 76.0976 20.5913 19.105 59.023 59.4391 90.9065 99.0353 
19.2354 16.0454 39.6232 82.279 32.0624 46.5296 22.1359 45.4559 35.7771 31.195 81.453 53.8648 61.7102 48.9183 62.6259 0.0 17.1172 39.4588 77.0293 11.0 30.0167 18.1529 29.4109 14.4868 44.2945 48.3024 34.0588 39.0755 28.3196 37.0135 
5.38516 29.4301 52.3546 77.486 33.9177 30.3645 30.6105 51.6965 49.7695 34.7391 76.66 60.1053 45.4533 44.2195 58.0458 17.1172 0.0 55.2426 72.2362 19.2354 46.2385 21.0798 28.3245 27.8716 40.8423 43.5093 37.3976 23.7065 43.2243 52.5169 
50.7283 24.0416 69.8928 114.219 71.4493 62.0666 60.0083 83.1634 12.2066 28.3019 113.681 91.5723 59.2284 87.3269 101.136 39.4588 55.2426 0.0 109.963 50.3587 31.241 37.2156 68.7306 34.4384 83.2798 90.8626 73.1095 54.8903 22.2036 28.0179 
66.815 91.8665 90.8653 5.38516 59.4968 57.4891 71.6938 68.1836 112.206 89.4592 4.47214 65.0692 76.3217 29.5466 20.0 77.0293 72.2362 109.963 0.0 70.1783 106.432 75.7999 54.231 90.308 39.2938 29.0689 78.4682 61.6847 105.443 113.884 
23.6008 27.0454 33.121 75.4718 21.095 49.3964 12.2066 35.0554 45.8803 42.195 74.6257 43.4642 64.4534 41.2311 54.4518 11.0 19.2354 50.3587 70.1783 0.0 36.7696 29.1529 19.2354 25.4868 35.0 41.5933 23.0868 42.9418 37.2156 44.6878 
46.9617 27.0185 42.107 111.682 54.7083 72.4431 40.7063 61.4003 19.7231 44.911 110.856 69.9214 78.9177 77.8974 91.2195 30.0167 46.2385 31.241 106.432 36.7696 0.0 39.8121 55.4437 35.6931 71.5891 77.7049 54.5619 64.2806 9.21954 8.544 
16.5655 15.0 56.3386 80.0559 54.9835 33.0 40.0788 72.7622 38.2884 18.8102 79.5181 81.1711 43.8936 65.2355 73.0447 18.1529 21.0798 37.2156 75.7999 29.1529 39.8121 0.0 49.3903 4.12311 65.0898 56.6998 58.4633 25.0799 34.9285 44.9444 
33.5272 45.2506 38.0132 59.6154 8.06226 51.619 17.4642 29.3038 65.0 60.4003 58.6941 34.8511 72.0145 24.6982 36.6197 29.4109 28.3245 68.7306 54.231 19.2354 55.4437 49.3903 0.0 43.6921 16.2788 28.0713 12.53 50.4508 56.4358 63.6003 
20.6822 11.3137 52.6725 95.5578 46.5408 37.0135 36.4127 59.7733 34.6554 18.5806 94.7317 68.1821 47.225 62.2883 76.0976 14.4868 27.8716 34.4384 90.308 25.4868 35.6931 4.12311 43.6921 0.0 58.2413 61.5811 48.5381 29.0172 30.8707 40.8534 
46.045 59.7998 51.8001 44.643 20.4316 55.2884 33.2866 30.4138 80.0625 78.7491 43.6807 29.9666 74.9828 11.1803 20.5913 44.2945 40.8423 83.2798 39.2938 35.0 71.5891 65.0898 16.2788 58.2413 0.0 18.3576 39.3193 54.3533 72.111 79.6492 
47.7149 63.1396 66.0681 34.2053 35.0571 40.3309 44.911 48.0833 83.479 70.3591 33.4215 48.3011 60.8112 8.60233 19.105 48.3024 43.5093 90.8626 29.0689 41.5933 77.7049 56.6998 28.0713 61.5811 18.3576 0.0 39.2046 43.0942 76.7162 85.1567 
42.6002 50.0966 27.8927 83.7722 4.47214 64.0707 13.9284 17.1176 67.4685 65.2463 82.7951 25.5265 82.7399 34.142 59.023 34.0588 37.3976 73.1095 78.4682 23.0868 54.5619 58.4633 12.53 48.5381 39.3193 39.2046 0.0 60.628 57.5674 63.0714 
19.9249 37.6563 76.0592 65.3911 57.1481 8.24621 54.0833 74.9269 58.7731 28.9802 65.0 78.3669 22.8035 51.6299 59.4391 39.0755 23.7065 54.8903 61.6847 42.9418 64.2806 25.0799 50.4508 29.0172 54.3533 43.0942 60.628 0.0 58.2495 68.4471 
51.2654 20.6155 49.0306 110.693 57.0088 66.4906 43.6807 65.7647 11.4018 37.1214 109.867 74.1485 71.2531 77.2334 90.9065 28.3196 43.2243 22.2036 105.443 37.2156 9.21954 34.9285 56.4358 30.8707 72.111 76.7162 57.5674 58.2495 0.0 10.198 
61.3584 30.8058 50.0 119.133 63.1348 76.6877 49.1935 69.9214 15.8114 47.0106 118.307 78.4474 81.0987 85.5628 99.0353 37.0135 52.5169 28.0179 113.884 44.6878 8.544 44.9444 63.6003 40.8534 79.6492 85.1567 63.0714 68.4471 10.198 0.0 
DEMAND_SCENARIO_SECTION
0 0 0 0 0 0 0 0 0 0 0 0 0 0 0 0 0 0 0 0 0 0 0 0 0 0 0 0 0 0 0 0 0 0 0 0 0 0 0 0 0 0 0 0 0 0 0 0 0 0 
9 10 6 3 6 12 4 9 14 9 10 13 9 9 11 9 11 10 9 11 16 9 12 12 7 1 4 3 9 15 12 12 20 6 12 8 11 14 16 9 15 4 4 9 11 7 6 7 7 12 
6 9 6 8 8 5 4 6 6 4 4 3 8 9 3 10 6 4 7 6 7 5 7 6 6 8 5 12 4 6 8 4 3 6 10 6 6 2 8 4 4 8 8 6 9 7 6 7 6 4 
3 2 3 1 3 3 4 3 2 2 1 2 2 4 1 2 1 0 0 4 1 2 3 1 2 2 0 4 2 0 1 2 1 1 1 2 2 3 3 2 4 0 4 2 1 0 3 0 3 2 
2 0 0 2 3 3 1 0 1 1 1 0 1 1 1 1 0 4 2 0 0 0 2 1 1 2 2 1 3 2 1 2 0 1 2 2 0 3 0 0 1 1 1 1 2 3 1 3 1 0 
6 4 2 3 4 3 5 5 5 2 7 5 3 6 7 5 6 2 5 4 4 2 4 4 4 2 5 1 1 6 3 1 3 5 3 4 4 5 5 7 5 2 3 8 2 6 5 5 5 7 
8 9 7 6 6 2 6 5 3 1 7 7 6 4 3 7 7 7 5 5 2 0 3 5 4 5 5 5 7 4 4 15 6 6 3 7 10 8 6 6 5 7 6 4 1 9 9 6 5 4 
5 7 7 3 3 3 7 8 9 2 4 7 3 3 9 8 6 5 3 8 7 8 9 7 4 0 9 5 5 3 10 8 5 3 5 8 4 7 5 5 6 2 9 6 5 4 9 8 5 5 
1 9 3 6 5 5 0 8 3 3 4 0 4 2 6 4 7 3 5 6 9 4 1 1 4 7 5 5 4 4 8 6 4 7 7 5 4 5 3 6 7 4 5 6 2 2 9 3 4 4 
5 9 7 5 5 5 7 8 2 11 10 10 10 5 7 7 2 5 3 4 4 7 10 7 5 9 8 10 6 5 5 9 6 0 7 7 4 5 7 4 7 8 6 6 8 6 6 3 6 9 
11 13 16 7 9 7 9 8 9 7 9 14 9 6 7 15 8 10 17 11 10 10 11 11 0 9 10 11 7 13 13 8 12 11 6 9 13 12 7 9 10 16 4 7 13 8 8 10 14 14 
1 0 0 1 3 2 2 3 6 3 3 2 3 3 1 0 4 3 0 2 3 2 3 4 4 1 5 2 2 1 1 2 5 3 1 4 3 1 2 3 0 3 1 0 2 1 2 2 3 1 
10 13 10 6 15 5 3 11 12 15 1 6 5 9 6 7 11 9 8 13 12 9 7 0 4 10 9 7 16 14 11 8 13 9 12 15 10 12 6 16 9 12 7 12 7 9 5 9 7 6 
9 9 9 3 10 10 7 11 8 9 7 9 9 9 7 7 5 3 9 10 11 10 9 12 5 10 8 7 9 9 4 10 5 7 14 8 6 8 12 8 7 10 12 6 11 11 10 8 9 8 
1 1 3 4 7 3 1 4 3 3 2 5 2 2 7 4 1 5 5 3 4 5 2 1 5 3 3 6 0 0 4 3 3 5 4 0 5 5 2 0 2 5 1 3 3 3 2 4 3 4 
1 2 5 6 6 6 7 4 0 6 3 2 3 2 0 6 7 4 5 8 4 4 3 6 7 9 4 4 4 7 2 1 7 6 7 0 4 2 4 1 1 8 1 2 6 5 0 5 7 2 
10 10 4 4 7 9 4 2 4 9 5 11 6 8 6 5 5 6 9 7 7 8 9 5 9 8 3 9 3 6 10 7 8 5 9 8 8 12 10 5 7 8 7 6 4 5 6 4 5 7 
1 0 1 7 4 4 3 5 5 3 7 5 5 9 3 1 4 6 2 6 1 5 4 0 4 5 4 3 3 4 5 1 7 2 3 7 5 6 5 4 3 0 2 5 5 4 5 4 2 5 
11 9 10 10 8 0 6 8 6 4 7 11 9 13 6 9 5 5 7 4 7 8 7 12 7 13 5 5 6 10 6 4 4 6 12 5 5 3 8 3 7 5 11 8 3 10 5 0 12 4 
3 8 9 8 9 5 4 7 3 7 11 6 8 7 5 9 6 7 11 11 7 5 15 6 10 0 7 6 9 12 13 12 6 7 6 5 9 10 7 6 12 5 10 9 7 4 11 3 6 9 
5 6 4 2 5 8 6 4 2 5 6 8 10 5 8 7 5 3 5 4 8 2 6 7 8 2 3 4 12 1 5 8 7 9 3 7 9 4 2 6 6 3 6 4 2 2 3 8 3 6 
6 3 6 5 4 9 4 2 3 4 5 4 4 8 5 5 6 6 6 5 5 4 6 5 5 2 6 7 5 4 3 4 9 7 6 5 6 6 6 7 4 6 7 7 5 4 8 5 3 7 
11 11 8 10 9 8 12 14 6 17 15 8 13 9 13 7 7 10 10 8 11 8 11 11 11 5 6 11 11 7 11 10 8 6 13 8 5 5 10 4 6 10 6 7 12 9 8 7 10 8 
14 14 8 6 7 7 5 9 5 9 7 6 2 8 4 9 9 6 7 10 13 5 11 7 6 7 9 8 12 13 12 7 9 8 8 10 9 8 9 8 9 7 8 8 9 10 9 6 12 9 
9 5 7 8 5 7 13 7 8 8 7 12 1 10 9 11 4 1 7 5 8 5 6 10 5 7 7 9 6 6 11 6 8 8 4 8 9 8 7 7 7 9 7 8 9 6 10 5 9 2 
12 8 13 8 11 11 7 10 14 9 10 12 13 14 15 8 12 10 9 6 16 12 10 10 12 10 8 8 11 13 7 13 7 14 9 7 14 6 6 7 8 15 6 4 15 9 13 10 4 7 
8 9 9 4 8 10 8 8 3 11 7 10 4 7 13 6 6 9 4 5 4 1 8 11 8 6 3 10 11 8 8 5 12 6 8 13 4 5 9 9 8 5 4 9 5 10 8 4 3 2 
2 2 0 1 3 3 2 2 1 1 0 4 1 5 1 0 0 4 2 0 2 3 1 3 3 0 4 3 4 4 0 2 3 1 3 0 1 2 2 1 3 0 0 6 1 3 0 0 6 2 
7 2 5 4 1 0 4 5 4 4 3 2 5 4 1 5 2 5 2 4 5 2 3 3 2 7 4 2 6 3 7 2 0 8 5 5 4 1 0 4 6 2 2 3 6 6 2 5 2 0 
6 7 6 10 9 6 10 6 11 8 3 7 7 7 0 8 9 10 6 2 7 10 7 3 9 7 8 8 9 11 2 8 7 5 5 8 6 8 3 4 8 14 5 4 9 6 5 6 6 10 
DEPOT_SECTION
 1
 -1
EOF
