NAME  : Parada_30_7_0.95_1.00_7
TYPE : SVRP
MODEL : FINITE_SUPPORT
NUMBER_OF_SCENARIOS : 50
DIMENSION : 30
EDGE_WEIGHT_TYPE : MATRIX
CAPACITY : 23
N_VEHICLES : 7
NODE_COORD_SECTION
1 195230 249660
2 413450 312480
3 307140 88283
4 180550 626060
5 434980 92561
6 27 502250
7 261260 529960
8 422420 302050
9 242650 129010
10 386480 256330
11 198890 267290
12 46389 330790
13 350530 79471
14 451460 457440
15 312950 571040
16 167630 338380
17 344140 498380
18 124050 183810
19 101330 399180
20 245930 303360
21 323650 344130
22 231400 444160
23 384090 435850
24 413740 452850
25 327340 535380
26 271950 18
27 243690 389240
28 129260 380920
29 202360 149490
30 437240 382920
DEMAND_SECTION
1 0.0
2 6.0
3 1.0
4 8.0
5 7.0
6 2.0
7 9.0
8 5.0
9 4.0
10 2.0
11 10.0
12 6.0
13 7.0
14 5.0
15 3.0
16 5.0
17 7.0
18 2.0
19 3.0
20 7.0
21 6.0
22 9.0
23 10.0
24 5.0
25 10.0
26 2.0
27 3.0
28 4.0
29 7.0
30 4.0
DISTANCE_MATRIX
0.0 30.8869 32.1449 58.1929 43.1856 69.4626 46.556 32.7604 20.6155 23.7888 38.223 35.3553 32.7279 34.3111 54.9611 36.5978 52.0373 20.5382 43.5697 9.06226 17.2818 64.4247 26.3105 41.4398 52.6839 69.1552 51.5609 42.5727 54.1202 43.4229 
30.8869 0.0 62.6836 35.2666 73.7461 41.6293 40.862 2.23607 51.4611 46.2709 47.0106 32.249 63.2666 18.4391 50.1999 44.1475 50.0899 51.0769 46.0435 23.8254 14.5602 63.9766 18.3848 40.8044 49.3964 64.4748 57.7235 47.0425 23.2594 49.6488 
32.1449 62.6836 0.0 90.6284 16.1245 101.433 71.7848 64.6386 17.6412 35.6212 23.3452 46.5901 6.08276 65.9237 72.6286 32.249 62.6443 20.6056 44.5533 41.0325 49.252 68.9125 57.9232 55.1687 66.9633 70.8802 32.7567 40.7922 85.7871 48.783 
58.1929 35.2666 90.6284 0.0 98.951 27.4591 21.1896 33.3775 73.1692 54.8615 80.9688 67.4951 90.2782 30.4157 29.0689 78.9179 36.6879 78.5564 81.3079 51.1306 43.0891 48.3735 34.7132 35.805 32.7567 98.9474 92.7828 82.2433 38.6005 46.3249 
43.1856 73.7461 16.1245 98.951 0.0 112.312 79.008 75.7012 26.0 43.1741 37.2156 61.8466 10.6301 77.1605 79.8311 46.1736 69.8713 31.8661 58.0086 52.095 60.3146 74.027 69.16 62.3919 74.3303 82.8734 42.9535 54.0 97.0476 55.4437 
69.4626 41.6293 101.433 27.4591 112.312 0.0 48.5077 39.3954 91.3659 80.1113 88.6397 71.1969 102.016 39.6057 56.4358 85.3815 64.0312 89.8261 85.3288 62.4003 52.2015 75.8024 46.7829 61.7414 60.208 97.4166 98.9798 87.0976 28.2843 72.4983 
46.556 40.862 71.7848 21.1896 79.008 48.5077 0.0 40.71 54.3255 36.0179 73.3898 67.2606 71.4345 24.3333 10.2956 72.2463 15.5242 65.2346 78.7909 39.4937 34.0058 28.0179 23.2219 16.6433 12.0 101.878 85.2038 78.1857 53.4509 26.1725 
32.7604 2.23607 64.6386 33.3775 75.7012 39.3954 40.71 0.0 53.3338 47.5184 49.2443 34.1321 65.2217 17.6918 50.0479 46.3249 50.1597 53.0319 48.0104 25.6982 16.1555 64.0781 18.6815 41.2311 49.2527 65.9242 59.9083 49.0918 21.5407 50.3587 
20.6155 51.4611 17.6412 73.1692 26.0 91.3659 54.3255 53.3338 0.0 18.0 34.9777 50.8035 17.1172 53.1084 54.8617 41.1825 45.0111 17.088 53.2259 29.6356 37.8552 51.4198 44.6455 37.4018 49.3452 80.4984 48.9016 50.1199 74.7008 31.1448 
23.7888 46.2709 35.6212 54.8615 43.1741 80.1113 36.0179 47.5184 18.0 0.0 47.7629 58.7173 35.0571 40.1643 36.8617 53.7914 27.0185 29.3991 66.9412 27.6833 32.0156 34.176 31.7013 19.4018 31.3452 92.5268 61.6868 62.6376 68.6586 13.3417 
38.223 47.0106 23.3452 80.9688 37.2156 88.6397 73.3898 49.2443 34.9777 47.7629 0.0 25.4951 29.1548 58.2485 83.7633 9.0 73.9279 18.3661 21.2132 36.5128 40.3482 81.9352 51.6491 66.3033 78.2468 47.7598 13.9284 17.4642 66.4003 61.0852 
35.3553 32.249 46.5901 67.4951 61.8466 71.1969 67.2606 34.1321 50.8035 58.7173 25.4951 0.0 52.6613 48.7032 76.2758 17.8045 73.4333 34.1321 14.1421 32.8904 33.2866 86.8671 44.2945 62.8358 74.08 34.8281 30.0 16.1555 45.31 67.251 
32.7279 63.2666 6.08276 90.2782 10.6301 102.016 71.4345 65.2217 17.1172 35.0571 29.1548 52.6613 0.0 66.5601 71.9082 38.1182 62.0725 21.2426 50.3587 41.6155 49.8351 67.7422 58.5596 54.8185 66.3917 76.4003 37.5766 46.5296 86.4242 48.0104 
34.3111 18.4391 65.9237 30.4157 77.1605 39.6057 24.3333 17.6918 53.1084 40.1643 58.2485 48.7032 66.5601 0.0 33.6712 57.0351 34.0336 54.6746 61.6117 27.2488 18.1108 47.938 8.60233 27.074 32.876 82.2982 70.0624 61.8142 33.2415 37.4833 
54.9611 50.1999 72.6286 29.0689 79.8311 56.4358 10.2956 50.0479 54.8617 36.8617 83.7633 76.2758 71.9082 33.6712 0.0 80.654 10.8167 66.0785 87.3186 47.8988 43.0116 19.4165 32.5576 19.0 5.83095 111.018 93.6115 86.6083 63.5689 25.0799 
36.5978 44.1475 32.249 78.9179 46.1736 85.3815 72.2463 46.3249 41.1825 53.7914 9.0 17.8045 38.1182 57.0351 80.654 0.0 78.3443 24.4131 12.3693 35.3693 39.2046 90.7318 50.4876 67.7468 78.3768 39.3954 13.6015 8.94427 61.4003 67.1137 
52.0373 50.0899 62.6443 36.6879 69.8713 64.0312 15.5242 50.1597 45.0111 27.0185 73.9279 73.4333 62.0725 34.0336 10.8167 78.3443 0.0 56.243 85.3162 44.975 40.4599 13.9284 31.7648 11.6619 5.0 108.242 87.2657 84.3192 67.2107 14.5602 
20.5382 51.0769 20.6056 78.5564 31.8661 89.8261 65.2346 53.0319 17.088 29.3991 18.3661 34.1321 21.2426 54.6746 66.0785 24.4131 56.243 0.0 36.2353 29.4258 37.6453 63.5715 46.6741 48.6185 60.562 63.5295 32.2901 33.2866 74.1804 42.7215 
43.5697 46.0435 44.5533 81.3079 58.0086 85.3288 78.7909 48.0104 53.2259 66.9412 21.2132 14.1421 50.3587 61.6117 87.3186 12.3693 85.3162 36.2353 0.0 42.3401 44.9444 97.7036 56.3028 74.7187 85.0414 27.2947 18.868 4.12311 59.1354 76.7017 
9.06226 23.8254 41.0325 51.1306 52.095 62.4003 39.4937 25.6982 29.6356 27.6833 36.5128 32.8904 41.6155 27.2488 47.8988 35.3693 44.975 29.4258 42.3401 0.0 10.2195 57.3625 19.2483 34.3775 45.6216 67.4831 48.3268 41.3442 47.0652 36.3606 
17.2818 14.5602 49.252 43.0891 60.3146 52.2015 34.0058 16.1555 37.8552 32.0156 40.3482 33.2866 49.8351 18.1108 43.0116 39.2046 40.4599 37.6453 44.9444 10.2195 0.0 53.8968 11.4018 29.8655 41.0366 68.0074 52.1622 44.643 37.6962 38.5876 
64.4247 63.9766 68.9125 48.3735 74.027 75.8024 28.0179 64.0781 51.4198 34.176 81.9352 86.8671 67.7422 47.938 19.4165 90.7318 13.9284 63.5715 97.7036 57.3625 53.8968 0.0 45.618 24.2074 16.0312 121.849 95.8591 96.7067 80.8552 21.0238 
26.3105 18.3848 57.9232 34.7132 69.16 46.7829 23.2219 18.6815 44.6455 31.7013 51.6491 44.2945 58.5596 8.60233 32.5576 50.4876 31.7648 46.6741 56.3028 19.2483 11.4018 45.618 0.0 22.561 31.4006 78.7718 63.4631 56.0446 38.1182 32.0156 
41.4398 40.8044 55.1687 35.805 62.3919 61.7414 16.6433 41.2311 37.4018 19.4018 66.3033 62.8358 54.8185 27.074 19.0 67.7468 11.6619 48.6185 74.7187 34.3775 29.8655 24.2074 22.561 0.0 14.3178 97.6446 79.6412 73.7217 60.0333 10.7703 
52.6839 49.3964 66.9633 32.7567 74.3303 60.208 12.0 49.2527 49.3452 31.3452 78.2468 74.08 66.3917 32.876 5.83095 78.3768 5.0 60.562 85.0414 45.6216 41.0366 16.0312 31.4006 14.3178 0.0 108.889 91.5847 84.3517 65.0054 19.3132 
69.1552 64.4748 70.8802 98.9474 82.8734 97.4166 101.878 65.9242 80.4984 92.5268 47.7598 34.8281 76.4003 82.2982 111.018 39.3954 108.242 63.5295 27.2947 67.4831 68.0074 121.849 78.7718 97.6446 108.889 0.0 40.1123 30.4631 69.1809 102.287 
51.5609 57.7235 32.7567 92.7828 42.9535 98.9798 85.2038 59.9083 48.9016 61.6868 13.9284 30.0 37.5766 70.0624 93.6115 13.6015 87.2657 32.2901 18.868 48.3268 52.1622 95.8591 63.4631 79.6412 91.5847 40.1123 0.0 15.0 74.7061 75.0091 
42.5727 47.0425 40.7922 82.2433 54.0 87.0976 78.1857 49.0918 50.1199 62.6376 17.4642 16.1555 46.5296 61.8142 86.6083 8.94427 84.3192 33.2866 4.12311 41.3442 44.643 96.7067 56.0446 73.7217 84.3517 30.4631 15.0 0.0 61.4654 75.7048 
54.1202 23.2594 85.7871 38.6005 97.0476 28.2843 53.4509 21.5407 74.7008 68.6586 66.4003 45.31 86.4242 33.2415 63.5689 61.4003 67.2107 74.1804 59.1354 47.0652 37.6962 80.8552 38.1182 60.0333 65.0054 69.1809 74.7061 61.4654 0.0 70.0286 
43.4229 49.6488 48.783 46.3249 55.4437 72.4983 26.1725 50.3587 31.1448 13.3417 61.0852 67.251 48.0104 37.4833 25.0799 67.1137 14.5602 42.7215 76.7017 36.3606 38.5876 21.0238 32.0156 10.7703 19.3132 102.287 75.0091 75.7048 70.0286 0.0 
DEMAND_SCENARIO_SECTION
0 0 0 0 0 0 0 0 0 0 0 0 0 0 0 0 0 0 0 0 0 0 0 0 0 0 0 0 0 0 0 0 0 0 0 0 0 0 0 0 0 0 0 0 0 0 0 0 0 0 
9 8 10 7 5 8 5 6 4 5 11 8 12 3 10 5 1 6 7 7 4 3 8 8 3 6 1 6 3 9 5 9 5 1 3 7 1 4 8 4 5 8 4 5 6 6 3 6 4 6 
0 1 3 1 1 1 0 1 2 2 1 0 3 0 0 0 0 3 1 1 1 1 1 0 1 1 1 1 1 0 0 0 1 0 1 1 0 0 0 3 1 1 0 3 0 1 2 2 2 1 
4 6 3 9 12 8 13 7 10 7 9 9 4 11 7 9 17 7 2 4 11 11 10 7 13 9 7 13 7 6 7 7 10 6 9 5 7 5 8 4 5 17 8 10 10 6 9 8 8 8 
12 8 12 6 1 4 7 6 13 2 7 5 8 8 10 13 5 5 6 7 9 3 2 7 6 7 12 7 9 12 6 5 5 10 5 9 10 7 5 8 8 7 11 1 5 4 11 8 8 5 
0 4 3 2 2 1 3 2 3 3 2 3 2 3 4 0 1 2 1 2 4 1 1 1 4 1 3 1 2 1 4 3 2 0 2 1 1 2 2 3 0 5 1 1 1 4 2 0 3 1 
8 9 8 9 8 7 13 15 8 8 7 10 6 8 7 14 14 14 8 4 8 9 7 3 7 10 13 8 8 9 10 13 8 14 9 8 9 5 6 9 4 9 4 13 8 15 4 12 8 9 
3 4 7 3 4 6 4 3 2 1 6 3 7 3 6 7 3 6 0 4 5 4 3 5 8 8 1 3 8 5 3 3 6 4 3 5 5 4 5 2 10 7 7 2 6 8 7 0 4 3 
1 6 3 5 4 2 5 2 3 6 9 6 1 5 6 0 7 1 5 3 3 7 2 1 2 4 4 6 4 4 4 6 5 5 6 7 1 1 4 5 2 7 4 6 5 1 2 5 3 4 
1 1 2 5 0 2 0 1 1 2 0 0 2 0 1 2 2 3 2 0 2 1 2 3 2 3 2 2 3 2 1 0 3 0 4 2 1 2 0 1 1 7 4 4 3 3 2 2 4 2 
11 11 11 14 10 8 13 9 11 11 9 8 4 15 6 11 9 12 11 5 11 18 9 11 10 17 15 17 11 10 12 17 10 12 9 5 4 11 7 10 6 14 17 10 4 11 6 13 8 9 
4 11 7 5 3 5 5 6 5 9 5 5 6 3 5 4 5 3 7 7 0 9 4 9 1 7 8 8 5 8 6 4 5 6 7 7 6 9 6 8 9 4 0 1 7 8 8 4 7 2 
4 9 8 10 8 10 4 9 8 8 10 11 6 8 6 4 7 9 5 8 8 5 7 9 10 5 6 6 6 3 10 4 9 8 2 6 11 14 8 6 16 12 7 6 7 6 5 9 11 11 
4 4 7 6 3 5 5 7 2 3 8 3 4 4 0 4 7 3 9 1 7 5 5 11 4 4 6 5 4 7 6 10 0 5 2 2 7 10 3 3 5 4 1 4 4 10 3 5 8 1 
1 3 3 2 1 4 1 7 5 1 2 3 1 2 3 3 2 4 5 2 2 4 1 4 2 3 0 2 4 4 3 2 4 0 3 3 5 2 0 1 3 3 5 5 6 5 3 4 2 4 
8 6 1 0 7 4 5 1 6 5 3 2 7 9 11 6 6 4 5 2 3 5 6 2 6 10 8 3 6 6 5 2 7 6 3 8 5 4 4 7 5 6 7 3 4 3 7 4 5 6 
4 3 5 4 7 7 6 2 7 9 8 5 9 4 9 6 3 11 4 8 8 4 3 7 0 5 5 9 6 6 5 0 5 7 2 8 13 8 5 7 9 11 9 12 5 7 10 4 9 8 
1 2 3 2 1 2 3 4 1 4 4 3 1 4 2 2 1 4 1 3 0 0 2 2 2 0 2 1 1 0 4 2 2 3 1 2 1 5 1 1 2 0 2 4 1 2 3 0 1 4 
2 4 4 0 3 4 3 6 1 4 6 0 5 2 4 4 1 0 2 4 6 3 3 2 2 7 7 2 4 1 6 0 2 0 5 5 2 3 2 7 4 4 0 3 0 3 3 3 3 7 
6 14 10 7 7 7 5 5 7 8 3 9 6 7 6 8 10 5 4 3 6 7 10 6 3 8 4 13 6 8 9 5 5 9 4 10 2 4 6 5 6 11 4 3 7 6 8 10 4 10 
4 5 9 7 6 4 6 6 11 12 5 4 5 6 7 9 7 2 2 2 9 3 4 7 8 8 4 6 5 5 3 4 10 4 3 4 2 3 4 8 7 5 8 6 0 4 8 6 4 8 
11 10 8 11 7 2 15 10 13 16 6 10 5 10 10 7 10 10 5 12 11 8 14 13 10 7 10 9 8 13 6 6 6 14 10 10 10 6 8 6 5 15 11 9 11 11 5 8 8 6 
8 11 12 12 16 4 13 4 16 7 9 13 12 14 4 13 7 9 12 9 10 5 10 11 13 14 14 10 10 8 13 10 7 12 9 11 8 14 13 6 13 5 6 12 6 11 9 13 11 13 
7 7 4 2 6 5 7 8 5 2 3 3 4 2 6 1 2 0 1 4 5 8 6 12 3 8 9 5 8 7 6 6 5 8 5 4 5 3 6 6 5 1 10 6 10 4 4 4 6 2 
8 12 15 13 11 13 13 12 13 14 14 0 5 9 8 10 11 4 8 14 5 8 8 9 11 3 8 10 12 13 10 6 11 17 4 8 4 7 12 12 10 4 8 6 3 13 5 14 18 8 
2 1 2 2 0 1 5 1 4 1 1 2 3 2 0 3 2 0 1 2 4 1 0 2 2 2 4 3 0 5 1 3 3 4 2 2 4 2 3 0 3 4 1 1 1 3 2 0 0 4 
4 1 5 6 3 5 4 3 0 3 1 3 4 3 3 3 2 5 7 4 4 0 0 2 3 1 2 1 4 2 3 4 5 3 5 3 4 5 4 5 1 3 2 0 1 3 4 1 3 3 
4 2 6 5 3 2 3 6 2 5 2 8 6 6 2 4 4 5 6 6 5 4 6 1 1 4 7 7 7 8 7 7 5 5 2 4 4 2 2 2 5 3 2 4 5 4 1 8 7 4 
7 10 4 4 2 5 5 6 5 7 11 8 4 7 0 6 8 5 6 10 4 9 5 9 4 9 3 8 11 7 2 5 7 3 2 6 6 3 9 11 3 11 5 9 6 5 6 7 7 6 
6 4 4 3 5 3 3 2 5 2 6 3 5 4 5 2 5 4 3 2 4 3 4 8 6 8 6 2 4 2 3 0 3 3 2 4 1 4 2 3 7 3 3 5 5 3 2 2 3 4 
DEPOT_SECTION
 1
 -1
EOF
