NAME  : Parada_30_7_0.95_1.00_9
TYPE : SVRP
MODEL : FINITE_SUPPORT
NUMBER_OF_SCENARIOS : 50
DIMENSION : 30
EDGE_WEIGHT_TYPE : MATRIX
CAPACITY : 24
N_VEHICLES : 7
NODE_COORD_SECTION
1 5582 241200
2 401310 316940
3 147420 344330
4 292380 244330
5 354960 301410
6 170460 493980
7 296730 118960
8 432460 233950
9 140420 15971
10 292160 356190
11 379830 130750
12 243310 352200
13 203710 485170
14 345200 478710
15 254830 476560
16 336340 216100
17 189360 227810
18 148550 509700
19 151670 513760
20 24899 447870
21 77453 298670
22 27 85930
23 264750 570260
24 313840 386320
25 278800 366590
26 298430 70231
27 416010 146840
28 133020 189360
29 13802 18
30 514550 233090
DEMAND_SECTION
1 0.0
2 7.0
3 10.0
4 6.0
5 6.0
6 10.0
7 1.0
8 9.0
9 9.0
10 1.0
11 5.0
12 3.0
13 3.0
14 3.0
15 6.0
16 10.0
17 10.0
18 3.0
19 7.0
20 5.0
21 2.0
22 3.0
23 8.0
24 6.0
25 4.0
26 10.0
27 4.0
28 7.0
29 5.0
30 1.0
DISTANCE_MATRIX
0.0 34.6791 43.1747 52.8114 42.2413 59.9083 68.023 53.4509 30.0865 32.249 50.4581 39.1152 52.1536 53.1695 45.2874 53.3469 28.4253 59.6758 57.3329 53.2541 29.1268 31.9528 62.1535 30.3645 34.5254 71.15 59.8085 27.8568 45.3542 51.3933 
34.6791 0.0 64.673 18.8062 8.23607 35.5106 34.0179 56.0446 55.9838 45.861 19.4165 51.3933 28.178 82.3163 21.5407 19.3417 23.0217 78.4577 31.4006 41.0122 57.0298 51.1077 88.7289 40.0979 45.7043 37.1448 41.7351 31.1448 58.6941 43.0116 
43.1747 64.673 0.0 73.7274 66.1889 89.4164 69.1158 41.8688 38.6394 21.5407 51.6236 24.2074 81.6594 18.6815 74.7932 66.1223 59.0663 16.6433 86.8387 83.0949 14.4222 53.0848 22.8473 25.4951 24.1661 76.2797 64.3817 56.5618 68.1836 50.5964 
52.8114 18.8062 73.7274 0.0 10.8167 38.1182 16.1555 55.4876 74.4862 53.653 24.2531 57.3387 33.1361 91.0135 29.1204 8.60233 39.6232 83.1564 33.1361 51.8652 66.0843 69.1623 96.1209 47.9884 52.4834 18.3848 26.0192 48.2701 75.9276 38.0789 
42.2413 8.23607 66.1889 10.8167 0.0 34.176 25.807 60.1757 63.5459 50.8703 21.341 56.4026 27.6586 83.4749 22.0227 11.1803 29.0 79.9735 29.5466 43.7379 58.5457 58.5921 88.8926 45.1072 50.7136 29.0689 33.5261 37.7044 65.3629 45.5258 
59.9083 35.5106 89.4164 38.1182 34.176 0.0 53.0848 90.6352 75.4321 80.7907 60.9279 86.6155 7.81025 105.789 14.8661 44.1475 33.8378 104.5 5.0 22.8254 80.503 63.1269 112.202 75.3201 80.9266 51.9711 64.0312 40.6079 61.9839 75.1897 
68.023 34.0179 69.1158 16.1555 25.807 53.0848 0.0 48.2701 89.8634 50.448 21.4164 53.4883 48.8365 87.0594 45.2217 16.4012 54.8879 80.05 48.0937 68.0074 62.5866 84.4903 90.934 44.911 49.0408 7.28011 12.083 63.4861 91.1447 29.0 
53.4509 56.0446 41.8688 55.4876 60.1757 90.6352 48.2701 0.0 76.2865 22.4722 39.8246 17.6918 83.8153 59.3633 77.4919 48.0214 73.0274 43.0116 86.1176 96.0365 45.793 85.3912 55.9732 23.0868 19.7231 55.0 37.7359 77.2334 98.7623 19.4165 
30.0865 55.9838 38.6394 74.4862 63.5459 75.4321 89.8634 76.2865 0.0 53.8754 72.2984 59.8102 68.4471 34.7851 62.6498 75.1872 41.7732 52.0384 74.3303 60.9016 30.6576 18.0278 49.0408 53.9944 56.575 92.9904 89.6004 35.1141 32.311 78.237 
32.249 45.861 21.5407 53.653 50.8703 80.7907 50.448 22.4722 53.8754 0.0 34.8855 7.07107 73.0056 40.1622 65.9346 46.1868 56.1762 29.6142 76.7202 80.4435 23.3238 63.4129 41.0122 5.83095 2.82843 57.7235 44.0114 58.3095 77.5554 29.1204 
50.4581 19.4165 51.6236 24.2531 21.341 60.9279 21.4164 39.8246 72.2984 34.8855 0.0 39.4081 45.0665 69.0652 39.2046 16.7869 41.6293 63.9062 56.0803 60.208 44.2703 69.258 73.9797 29.0689 34.1321 28.58 20.2512 49.2043 76.6103 24.1868 
39.1152 51.3933 24.2074 57.3387 56.4026 86.6155 53.4883 17.6918 59.8102 7.07107 39.4081 0.0 79.477 42.0595 72.6914 49.8725 63.0326 28.0179 82.2526 87.2999 29.1548 69.857 40.4475 11.6619 5.83095 60.7454 45.7056 65.3758 84.2084 29.0172 
52.1536 28.178 81.6594 33.1361 27.6586 7.81025 48.8365 83.8153 68.4471 73.0056 45.0665 79.477 0.0 98.0324 7.07107 38.2099 26.6833 96.7433 6.0 21.2603 72.746 57.0088 104.445 68.1816 73.788 48.7032 59.1354 34.0588 57.28 69.1444 
53.1695 82.3163 18.6815 91.0135 83.4749 105.789 87.0594 59.3633 34.7851 40.1622 69.0652 42.0595 98.0324 0.0 91.1663 83.413 69.3364 21.0238 103.212 91.357 26.9258 52.3927 14.3178 44.1475 42.72 94.223 82.8734 64.6628 67.0671 69.2604 
45.2874 21.5407 74.7932 29.1204 22.0227 14.8661 45.2217 77.4919 62.6498 65.9346 39.2046 72.6914 7.07107 91.1663 0.0 33.0151 21.0238 89.8771 12.083 22.8473 65.8798 52.345 97.5789 61.1381 66.9078 46.0652 54.7449 29.1548 54.231 63.3877 
53.3469 19.3417 66.1223 8.60233 11.1803 44.1475 16.4012 48.0214 75.1872 46.1868 16.7869 49.8725 38.2099 83.413 33.0151 0.0 40.2117 75.6902 39.2938 54.9181 58.6181 69.8141 88.6547 40.5222 45.0172 21.5407 22.4722 48.81 77.4796 31.0483 
28.4253 23.0217 59.0663 39.6232 29.0 33.8378 54.8879 73.0274 41.7732 56.1762 41.6293 63.0326 26.6833 69.3364 21.0238 40.2117 0.0 74.7695 32.5576 25.0599 50.1529 31.7805 78.7794 51.788 57.3433 58.0 61.8767 8.94427 36.4005 63.8936 
59.6758 78.4577 16.6433 83.1564 79.9735 104.5 80.05 43.0116 52.0384 29.6142 63.9062 28.0179 96.7433 21.0238 89.8771 75.6902 74.7695 0.0 102.658 99.5959 31.0644 68.0721 13.0 35.171 31.257 87.3212 73.3348 73.0629 83.1866 57.0351 
57.3329 31.4006 86.8387 33.1361 29.5466 5.0 48.0937 86.1176 74.3303 76.7202 56.0803 82.2526 6.0 103.212 12.083 39.2938 32.5576 102.658 0.0 25.6125 77.9253 63.0079 109.624 70.9572 76.5636 47.0744 59.0339 40.05 63.0635 70.342 
53.2541 41.0122 83.0949 51.8652 43.7379 22.8254 68.0074 96.0365 60.9016 80.4435 60.208 87.2999 21.2603 91.357 22.8473 54.9181 25.0599 99.5959 25.6125 0.0 69.047 45.5412 102.533 75.9605 81.6088 68.8767 77.1298 26.9072 41.0 84.0238 
29.1268 57.0298 14.4222 66.0843 58.5457 80.503 62.5866 45.793 30.6576 23.3238 44.2703 29.1548 72.746 26.9258 65.8798 58.6181 50.1529 31.0644 77.9253 69.047 0.0 41.3038 35.805 24.0416 26.0768 69.7502 59.4126 42.5139 56.0803 48.8262 
31.9528 51.1077 53.0848 69.1623 58.5921 63.1269 84.4903 85.3912 18.0278 63.4129 69.258 69.857 57.0088 52.3927 52.345 69.8141 31.7805 68.0721 63.0079 45.5412 41.3038 0.0 66.4831 62.3071 66.0227 87.6173 87.2793 23.1948 15.1327 83.0293 
62.1535 88.7289 22.8473 96.1209 88.8926 112.202 90.934 55.9732 49.0408 41.0122 73.9797 40.4475 104.445 14.3178 97.5789 88.6547 78.7794 13.0 109.624 102.533 35.805 66.4831 0.0 46.1736 43.0116 98.1529 85.0235 75.9996 81.2712 69.3542 
30.3645 40.0979 25.4951 47.9884 45.1072 75.3201 44.911 23.0868 53.9944 5.83095 29.0689 11.6619 68.1816 44.1475 61.1381 40.5222 51.788 35.171 70.9572 75.9605 24.0416 62.3071 46.1736 0.0 5.83095 52.1728 39.0512 55.0091 75.6902 25.4951 
34.5254 45.7043 24.1661 52.4834 50.7136 80.9266 49.0408 19.7231 56.575 2.82843 34.1321 5.83095 73.788 42.72 66.9078 45.0172 57.3433 31.257 76.5636 81.6088 26.0768 66.0227 43.0116 5.83095 0.0 56.3205 42.107 60.1332 79.8631 26.6833 
71.15 37.1448 76.2797 18.3848 29.0689 51.9711 7.28011 55.0 92.9904 57.7235 28.58 60.7454 48.7032 94.223 46.0652 21.5407 58.0 87.3212 47.0744 68.8767 69.7502 87.6173 98.1529 52.1728 56.3205 0.0 17.6918 66.6033 94.2603 35.609 
59.8085 41.7351 64.3817 26.0192 33.5261 64.0312 12.083 37.7359 89.6004 44.0114 20.2512 45.7056 59.1354 82.8734 54.7449 22.4722 61.8767 73.3348 59.0339 77.1298 59.4126 87.2793 85.0235 39.0512 42.107 17.6918 0.0 69.4501 96.8561 18.3576 
27.8568 31.1448 56.5618 48.2701 37.7044 40.6079 63.4861 77.2334 35.1141 58.3095 49.2043 65.3758 34.0588 64.6628 29.1548 48.81 8.94427 73.0629 40.05 26.9072 42.5139 23.1948 75.9996 55.0091 60.1332 66.6033 69.4501 0.0 27.6586 69.5701 
45.3542 58.6941 68.1836 75.9276 65.3629 61.9839 91.1447 98.7623 32.311 77.5554 76.6103 84.2084 57.28 67.0671 54.231 77.4796 36.4005 83.1866 63.0635 41.0 56.0803 15.1327 81.2712 75.6902 79.8631 94.2603 96.8561 27.6586 0.0 94.5246 
51.3933 43.0116 50.5964 38.0789 45.5258 75.1897 29.0 19.4165 78.237 29.1204 24.1868 29.0172 69.1444 69.2604 63.3877 31.0483 63.8936 57.0351 70.342 84.0238 48.8262 83.0293 69.3542 25.4951 26.6833 35.609 18.3576 69.5701 94.5246 0.0 
DEMAND_SCENARIO_SECTION
0 0 0 0 0 0 0 0 0 0 0 0 0 0 0 0 0 0 0 0 0 0 0 0 0 0 0 0 0 0 0 0 0 0 0 0 0 0 0 0 0 0 0 0 0 0 0 0 0 0 
7 8 6 8 11 7 6 7 8 12 5 6 7 10 8 8 4 4 4 3 12 7 4 12 9 11 10 3 8 7 11 2 4 5 9 7 7 12 6 5 11 10 9 7 9 9 13 3 8 9 
4 7 12 18 11 10 8 9 6 12 12 10 15 3 8 7 6 6 10 8 7 7 8 11 8 4 12 11 15 14 9 12 11 2 8 10 9 5 12 7 10 14 7 6 10 10 5 7 6 8 
2 7 1 9 8 4 6 10 8 6 3 7 5 6 8 11 13 4 5 8 3 3 8 8 4 11 5 5 7 7 5 8 8 4 6 3 7 6 3 8 4 8 3 5 6 6 7 5 3 8 
7 7 12 4 8 5 5 6 4 8 4 8 8 5 5 7 6 4 7 7 3 10 8 8 4 5 8 6 8 7 6 4 7 7 7 7 1 8 4 9 5 5 9 6 3 5 5 6 8 8 
14 12 10 9 7 15 9 9 11 3 13 14 6 11 10 11 9 9 6 13 10 15 8 14 15 4 9 11 18 5 9 8 7 5 5 11 9 6 18 11 11 13 10 6 12 9 11 10 14 8 
1 1 1 0 1 2 1 1 1 2 2 1 0 0 2 1 1 2 1 3 2 0 0 0 1 0 2 0 1 1 1 2 2 1 0 2 1 0 2 1 1 0 1 0 0 0 2 2 1 3 
8 4 7 10 10 13 11 13 11 6 11 11 8 2 11 7 15 6 13 9 10 6 10 10 7 7 9 7 8 9 5 11 9 9 14 9 11 13 7 7 10 10 4 5 5 5 9 11 10 4 
5 6 9 10 10 13 5 8 12 13 6 9 9 16 10 7 13 7 11 11 6 8 16 8 7 9 11 6 6 6 8 6 15 7 7 13 2 7 6 15 13 5 13 4 4 8 12 14 5 10 
2 0 2 2 2 2 1 3 0 0 1 1 0 1 2 0 1 1 2 1 0 1 1 2 2 1 2 2 0 1 1 3 0 0 2 1 1 1 0 2 0 1 1 0 1 3 0 2 1 2 
7 6 6 3 6 7 6 4 8 4 9 5 9 4 5 3 8 3 3 6 6 3 4 3 1 3 9 5 6 2 4 3 3 4 5 5 5 8 8 7 3 5 7 3 10 5 4 7 3 6 
0 5 4 2 2 2 3 0 1 1 2 1 7 2 3 0 3 1 2 5 5 6 3 4 4 4 0 4 4 5 1 2 3 4 2 0 3 3 4 3 1 0 1 3 3 3 1 4 0 3 
3 5 5 4 3 5 2 2 3 5 3 4 5 4 1 1 7 3 4 1 3 1 5 1 2 1 4 3 4 3 4 4 2 4 2 2 6 3 1 4 2 2 4 2 3 3 1 6 4 4 
5 2 5 1 0 1 3 4 2 3 1 3 2 5 3 4 0 2 3 2 3 2 1 0 2 6 3 2 0 1 2 5 4 4 3 3 2 4 2 0 4 5 1 4 4 2 3 1 3 5 
6 4 5 8 4 7 4 6 3 4 4 4 8 6 4 7 4 6 5 7 10 3 4 2 5 5 5 6 5 7 11 7 5 8 7 6 5 7 7 5 4 4 7 10 8 7 7 6 3 8 
8 10 14 6 8 9 6 13 11 12 11 10 12 12 12 7 10 10 10 9 9 9 9 12 14 13 10 10 12 6 8 11 11 7 8 7 6 12 12 11 11 13 7 14 8 11 15 11 8 9 
11 7 15 7 6 11 6 9 3 12 12 12 12 8 14 8 9 11 9 8 14 12 13 6 9 12 12 14 17 10 13 12 11 9 7 1 13 8 9 11 16 14 8 6 14 7 12 13 11 10 
3 3 3 4 3 3 3 4 5 0 3 2 3 5 3 3 2 2 2 2 6 0 3 3 0 3 2 5 3 2 5 6 2 4 3 3 3 4 1 6 2 1 3 2 5 3 5 3 4 1 
5 7 6 8 4 10 8 8 5 8 8 2 4 9 4 11 5 6 10 6 9 11 8 6 10 7 6 4 6 4 6 7 9 5 5 9 11 9 9 5 4 6 7 7 14 8 9 8 8 10 
4 4 3 4 7 3 4 4 6 0 5 9 6 4 4 3 4 4 5 7 8 6 4 5 4 3 4 8 8 5 7 5 4 6 6 6 6 7 7 5 4 4 1 4 2 4 6 3 6 5 
1 3 4 3 1 0 1 3 1 3 1 1 1 1 3 1 0 2 0 0 3 1 1 4 4 5 1 0 0 0 1 2 3 3 3 0 0 2 3 0 2 0 4 3 5 1 3 1 1 2 
4 5 3 1 5 3 3 4 5 4 2 2 4 6 5 0 4 5 4 2 3 6 1 3 4 6 4 2 0 3 2 6 4 1 0 3 3 1 2 4 4 0 4 4 0 3 4 4 3 5 
11 7 10 9 8 14 9 14 11 5 6 5 10 0 5 4 1 6 10 9 8 10 11 12 10 5 6 13 7 15 11 7 6 5 6 4 10 7 4 2 14 7 10 4 10 6 10 8 4 3 
6 8 7 8 5 8 6 0 3 4 9 3 5 6 7 9 8 7 7 7 6 5 6 3 5 0 5 5 6 5 7 9 8 8 8 8 8 0 4 10 7 7 8 8 5 3 4 6 8 2 
6 2 7 7 6 7 3 8 2 8 1 7 5 5 1 7 4 2 4 3 1 3 7 3 5 5 7 2 1 4 3 6 4 5 0 5 4 3 3 5 4 2 4 3 4 3 0 4 1 2 
8 10 15 12 9 13 8 1 12 12 12 9 13 7 13 13 9 8 13 14 12 9 18 6 14 14 12 10 11 8 10 9 11 5 9 13 12 12 4 8 9 15 10 11 7 5 5 9 9 13 
3 4 5 7 4 0 6 3 5 7 3 1 0 5 6 3 3 6 6 4 4 2 5 6 2 3 5 6 6 3 2 4 0 3 1 3 4 3 3 3 6 4 5 6 2 7 0 3 3 3 
9 6 5 10 8 9 6 12 13 1 4 6 5 8 6 5 7 6 10 6 8 9 8 4 6 5 7 12 5 6 1 10 5 2 9 7 11 3 7 5 12 8 10 7 10 3 5 6 0 7 
0 2 6 3 6 4 5 8 5 1 4 5 5 3 5 9 6 6 6 6 4 4 3 2 0 4 4 10 8 7 6 5 6 5 3 2 3 2 6 6 6 2 5 5 7 8 5 8 8 5 
1 0 1 2 0 0 3 2 0 0 0 0 2 2 0 0 1 0 1 1 2 1 1 2 2 2 1 1 2 1 0 1 0 2 0 2 1 0 1 3 0 0 0 2 2 3 1 0 1 1 
DEPOT_SECTION
 1
 -1
EOF
