NAME  : Parada_30_7_0.95_1.00_5
TYPE : SVRP
MODEL : FINITE_SUPPORT
NUMBER_OF_SCENARIOS : 50
DIMENSION : 30
EDGE_WEIGHT_TYPE : MATRIX
CAPACITY : 20
N_VEHICLES : 7
NODE_COORD_SECTION
1 284940 196380
2 599050 369050
3 473890 27082
4 201270 596180
5 336090 163570
6 364670 453850
7 15009 207600
8 535320 29197
9 63235 522870
10 454870 416740
11 173650 364740
12 338880 371920
13 604710 209010
14 462880 462210
15 82820 585900
16 546230 263450
17 543670 18
18 21259 503070
19 27 460550
20 15722 356670
21 375270 587690
22 423550 416130
23 136520 443150
24 386690 615090
25 422040 446830
26 212840 150690
27 603580 437250
28 339530 323000
29 149630 388580
30 453170 357180
DEMAND_SECTION
1 0.0
2 2.0
3 1.0
4 6.0
5 4.0
6 5.0
7 3.0
8 6.0
9 7.0
10 2.0
11 10.0
12 8.0
13 1.0
14 2.0
15 3.0
16 2.0
17 8.0
18 6.0
19 1.0
20 9.0
21 3.0
22 2.0
23 8.0
24 1.0
25 4.0
26 8.0
27 2.0
28 10.0
29 1.0
30 10.0
DISTANCE_MATRIX
0.0 61.4577 31.0644 58.1495 9.43398 32.382 49.0918 37.5766 66.4003 42.3475 33.4215 28.3686 35.5206 44.3447 67.8823 50.9838 39.2173 56.8595 56.356 46.1736 57.9457 45.7906 43.8634 65.7393 37.8998 19.0 43.4166 21.097 38.4187 39.6658 
61.4577 0.0 76.4003 64.0312 70.43 33.2866 99.447 84.4038 89.3588 22.8473 61.0983 36.2353 96.4137 26.6833 84.0 26.5707 88.0568 84.5281 88.9073 86.9253 39.4588 18.3848 70.4726 44.4072 24.2074 73.0923 42.5793 44.4185 62.667 22.8254 
31.0644 76.4003 0.0 89.2113 28.4253 61.8104 69.9199 8.06226 96.2081 67.5254 64.405 45.1222 32.5576 72.1518 98.4937 56.4358 11.7047 86.3896 85.0818 73.8753 87.9241 68.4603 74.411 89.9834 61.2009 45.4291 41.2311 47.9442 69.4046 54.9026 
58.1495 64.0312 89.2113 0.0 62.65 41.2305 57.0088 95.5303 26.9258 44.3847 25.0882 58.6981 89.0939 38.833 20.0998 77.8332 96.8294 26.1725 32.5576 39.3954 25.318 47.8539 20.3961 20.3961 48.1041 50.8035 83.6679 60.2676 20.3961 57.3847 
9.43398 70.43 28.4253 62.65 0.0 41.1681 44.2832 33.4215 68.5048 51.3199 37.5766 37.341 26.5482 53.1309 70.9662 58.895 34.1321 58.685 57.3772 46.1707 69.5325 54.763 46.925 70.735 46.8722 17.7246 50.0 30.0694 42.5939 48.6382 
32.382 33.2866 61.8104 41.2305 41.1681 0.0 66.5535 68.8678 61.8142 11.4018 29.2746 17.8045 67.3403 12.1655 59.3244 37.6563 70.8661 55.0364 58.1378 54.4059 26.4008 15.5563 40.0 28.8444 9.48683 43.6712 42.4382 20.6155 32.0 17.1172 
49.0918 99.447 69.9199 57.0088 44.2832 66.5535 0.0 72.6416 43.1856 76.6838 40.3113 70.6045 44.6878 74.2024 51.0098 97.5295 71.0245 35.0571 29.0172 17.72 74.2184 81.1506 37.1214 70.5518 76.0397 30.1496 92.4392 63.4614 41.4005 80.2309 
37.5766 84.4038 8.06226 95.5303 33.4215 68.8678 72.6416 0.0 101.584 75.5545 70.4911 53.1513 31.0644 80.8305 104.045 63.9531 4.24264 91.764 90.4563 77.7216 94.9815 76.4894 80.0 97.0409 69.23 50.8036 48.2597 55.9734 75.4718 62.9318 
66.4003 89.3588 96.2081 26.9258 68.5048 61.8142 43.1856 101.584 0.0 68.0074 34.9285 76.222 82.6786 63.0317 9.43398 99.4636 102.461 10.0 14.3178 27.5136 51.923 72.0069 23.2594 47.1275 70.3913 52.4976 102.137 72.5107 30.6757 78.9177 
42.3475 22.8473 67.5254 44.3847 51.3199 11.4018 76.6838 75.5545 68.0074 0.0 38.2753 23.3452 77.7108 5.83095 63.6396 34.0 79.1622 62.4524 66.2873 64.0781 23.4307 4.47214 47.8539 27.4591 6.32456 53.6367 43.2782 29.0689 40.025 14.8661 
33.4215 61.0983 64.405 25.0882 37.5766 29.2746 40.3113 70.4911 34.9285 38.2753 0.0 41.7365 64.0339 34.8906 34.8281 66.0681 71.5891 26.6833 29.0 25.9422 39.1957 42.72 11.7047 35.5292 38.6394 26.0768 67.3775 37.6742 5.0 46.0435 
28.3686 36.2353 45.1222 58.6981 37.341 17.8045 70.6045 53.1513 76.222 23.3452 41.7365 0.0 66.4996 27.5136 74.3737 26.9258 56.759 68.0515 69.7209 63.0317 43.909 25.0 53.4351 46.6154 17.1172 41.2449 26.0 8.48528 45.6178 13.4164 
35.5206 96.4137 32.5576 89.0939 26.5482 67.3403 44.6878 31.0644 82.6786 77.7108 64.0339 66.4996 0.0 79.303 88.6595 81.3941 28.4429 73.0784 68.6368 55.2279 95.4276 81.1539 68.2557 96.63 73.2631 44.0943 69.3397 56.053 68.9636 74.6218 
44.3447 26.6833 72.1518 38.833 53.1309 12.1655 74.2024 80.8305 63.0317 5.83095 34.8906 27.5136 79.303 0.0 58.3095 39.8246 82.8288 57.8705 62.4364 60.8311 17.6918 9.05539 44.1053 21.6333 11.4018 54.3763 48.8365 32.1403 36.2997 20.5183 
67.8823 84.0 98.4937 20.0998 70.9662 59.3244 51.0098 104.045 9.43398 63.6396 34.8281 74.3737 88.6595 58.3095 0.0 96.3094 104.922 16.0312 22.0907 34.2345 45.3982 67.3647 24.0832 40.4475 66.7083 56.0803 100.266 72.475 30.0 75.7107 
50.9838 26.5707 56.4358 77.8332 58.895 37.6563 97.5295 63.9531 99.4636 34.0 66.0681 26.9258 81.3941 39.8246 96.3094 0.0 68.0 92.4392 95.0474 89.4539 57.1402 31.6228 77.3175 61.4003 29.7321 68.1053 17.1172 34.5398 69.3542 20.6155 
39.2173 88.0568 11.7047 96.8294 34.1321 70.8661 71.0245 4.24264 102.461 79.1622 71.5891 56.759 28.4429 82.8288 104.922 68.0 0.0 92.6408 90.9364 77.6844 96.9798 80.0971 80.8807 99.0391 72.8377 51.6803 52.4309 59.5811 76.5376 66.5395 
56.8595 84.5281 86.3896 26.1725 58.685 55.0364 35.0571 91.764 10.0 62.4524 26.6833 68.0515 73.0784 57.8705 16.0312 92.4392 92.6408 0.0 6.7082 18.2483 49.1935 66.6439 15.1327 44.7772 64.0078 42.5206 93.6925 63.9062 23.0868 72.111 
56.356 88.9073 85.0818 32.5576 57.3772 58.1378 29.0172 90.4563 14.3178 66.2873 29.0 69.7209 68.6368 62.4364 22.0907 95.0474 90.9364 6.7082 0.0 13.4164 54.7083 70.6255 18.4391 50.4777 67.3647 40.4599 95.1262 65.0 26.3059 75.0267 
46.1736 86.9253 73.8753 39.3954 46.1707 54.4059 17.72 77.7216 27.5136 64.0781 25.9422 63.0317 55.2279 60.8311 34.2345 89.4539 77.6844 18.2483 13.4164 0.0 57.4942 68.542 20.0 53.8145 63.8905 28.6531 87.3839 57.1402 25.6125 70.5307 
57.9457 39.4588 87.9241 25.318 69.5325 26.4008 74.2184 94.9815 51.923 23.4307 39.1957 43.909 95.4276 17.6918 45.3982 57.1402 96.9798 49.1935 54.7083 57.4942 0.0 25.5539 37.6431 5.0 29.0 60.2704 66.4831 46.8188 34.5081 38.2099 
45.7906 18.3848 68.4603 47.8539 54.763 15.5563 81.1506 76.4894 72.0069 4.47214 42.72 25.0 81.1539 9.05539 67.3647 31.6228 80.0971 66.6439 70.6255 68.542 25.5539 0.0 52.1908 29.9666 8.24621 57.0799 42.4382 31.5753 44.3847 14.3178 
43.8634 70.4726 74.411 20.3961 46.925 40.0 37.1214 80.0 23.2594 47.8539 11.7047 53.4351 68.2557 44.1053 24.0832 77.3175 80.8807 15.1327 18.4391 20.0 37.6431 52.1908 0.0 33.9411 49.0918 32.6956 78.9547 49.2514 8.0 57.0351 
65.7393 44.4072 89.9834 20.3961 70.735 28.8444 70.5518 97.0409 47.1275 27.4591 35.5292 46.6154 96.63 21.6333 40.4475 61.4003 99.0391 44.7772 50.4777 53.8145 5.0 29.9666 33.9411 0.0 32.6497 59.5624 70.0357 48.8845 30.8416 42.0119 
37.8998 24.2074 61.2009 48.1041 46.8722 9.48683 76.0397 69.23 70.3913 6.32456 38.6394 17.1172 73.2631 11.4018 66.7083 29.7321 72.8377 64.0078 67.3647 63.8905 29.0 8.24621 49.0918 32.6497 0.0 49.2105 37.4833 23.3452 41.1096 9.43398 
19.0 73.0923 45.4291 50.8035 17.7246 43.6712 30.1496 50.8036 52.4976 53.6367 26.0768 41.2449 44.0943 54.3763 56.0803 68.1053 51.6803 42.5206 40.4599 28.6531 60.2704 57.0799 32.6956 59.5624 49.2105 0.0 62.2896 33.9733 30.4138 52.1536 
43.4166 42.5793 41.2311 83.6679 50.0 42.4382 92.4392 48.2597 102.137 43.2782 67.3775 26.0 69.3397 48.8365 100.266 17.1172 52.4309 93.6925 95.1262 87.3839 66.4831 42.4382 78.9547 70.0357 37.4833 62.2896 0.0 30.2899 71.5324 28.4253 
21.097 44.4185 47.9442 60.2676 30.0694 20.6155 63.4614 55.9734 72.5107 29.0689 37.6742 8.48528 56.053 32.1403 72.475 34.5398 59.5811 63.9062 65.0 57.1402 46.8188 31.5753 49.2514 48.8845 23.3452 33.9733 30.2899 0.0 42.5047 21.6333 
38.4187 62.667 69.4046 20.3961 42.5939 32.0 41.4005 75.4718 30.6757 40.025 5.0 45.6178 68.9636 36.2997 30.0 69.3542 76.5376 23.0868 26.3059 25.6125 34.5081 44.3847 8.0 30.8416 41.1096 30.4138 71.5324 42.5047 0.0 49.0408 
39.6658 22.8254 54.9026 57.3847 48.6382 17.1172 80.2309 62.9318 78.9177 14.8661 46.0435 13.4164 74.6218 20.5183 75.7107 20.6155 66.5395 72.111 75.0267 70.5307 38.2099 14.3178 57.0351 42.0119 9.43398 52.1536 28.4253 21.6333 49.0408 0.0 
DEMAND_SCENARIO_SECTION
0 0 0 0 0 0 0 0 0 0 0 0 0 0 0 0 0 0 0 0 0 0 0 0 0 0 0 0 0 0 0 0 0 0 0 0 0 0 0 0 0 0 0 0 0 0 0 0 0 0 
0 1 2 3 1 2 1 5 2 3 3 1 4 1 3 2 2 3 0 3 2 4 4 2 2 5 0 3 3 1 1 5 2 2 3 1 1 2 4 1 0 4 2 2 5 3 0 1 4 1 
3 2 1 3 2 1 0 1 2 1 0 2 0 1 2 1 1 1 2 2 0 1 0 1 1 1 1 2 1 0 0 1 1 2 3 1 2 1 2 2 1 1 1 1 1 0 1 1 2 1 
5 7 9 8 6 8 5 3 6 12 7 8 9 4 4 3 9 4 8 5 5 8 8 6 4 6 9 2 9 7 6 5 6 7 9 1 4 4 5 4 4 9 12 7 7 6 6 9 7 6 
5 4 8 6 3 7 6 2 3 6 0 4 5 3 7 6 3 2 6 4 5 7 2 3 1 4 5 1 4 4 3 5 6 3 0 4 3 3 4 4 3 3 6 3 7 3 4 7 6 3 
3 7 4 6 9 1 2 3 9 2 5 6 3 8 6 6 6 6 5 7 6 6 4 4 4 4 7 3 9 8 7 2 4 7 3 3 5 5 4 3 8 0 8 3 2 3 5 2 2 8 
3 2 3 1 2 4 3 5 3 3 4 1 0 1 0 0 0 4 3 3 2 5 0 5 3 5 2 3 5 4 2 3 1 4 0 3 4 2 5 0 2 5 0 4 0 3 4 3 3 7 
7 7 3 6 5 4 3 2 6 4 6 9 9 5 6 3 8 7 4 7 6 6 8 8 5 11 6 5 15 7 1 6 9 6 7 10 8 4 7 10 8 2 3 5 4 6 5 4 5 5 
11 8 8 11 9 4 0 5 9 7 5 4 6 10 10 9 7 7 7 9 10 9 6 7 9 8 11 7 9 6 7 9 3 7 11 11 8 6 8 9 11 4 8 11 4 12 7 10 6 6 
1 3 1 1 3 4 1 1 6 2 3 1 2 3 1 3 5 2 2 1 3 3 4 2 2 4 2 2 0 1 2 2 3 1 3 2 2 2 3 3 0 2 2 1 3 3 0 2 0 2 
11 7 9 8 7 10 8 8 14 8 4 8 11 9 11 12 12 11 10 9 11 14 7 13 10 13 6 11 8 5 9 11 10 10 11 13 10 10 7 10 8 11 15 5 6 7 15 10 5 4 
10 11 14 8 11 5 6 9 9 10 6 9 7 6 12 11 10 8 3 12 11 5 8 4 6 5 8 7 3 9 7 10 6 6 10 6 9 7 10 9 8 3 6 14 17 7 4 9 15 6 
3 2 0 2 0 1 1 0 0 2 1 1 0 2 2 0 0 1 1 0 2 1 1 0 1 2 4 1 0 2 2 0 1 1 1 0 3 2 1 0 2 0 3 0 2 1 1 0 0 3 
0 2 5 2 2 2 2 0 3 0 0 1 4 1 2 1 3 2 1 2 2 1 3 1 2 1 2 2 1 0 3 2 0 2 1 3 4 1 3 1 1 3 0 3 3 1 2 0 0 4 
4 3 2 2 4 5 2 6 1 3 1 1 4 1 5 0 5 2 2 4 3 3 5 0 2 5 4 1 1 4 2 1 5 5 3 4 3 2 1 2 3 4 3 6 3 3 5 2 1 3 
1 3 2 1 2 3 0 3 0 3 1 2 2 0 6 0 3 0 4 2 4 0 5 3 1 0 3 0 3 2 3 1 2 2 3 2 4 0 3 1 3 1 1 4 0 3 0 4 4 3 
7 3 6 11 8 9 5 5 10 13 6 13 10 8 10 12 5 10 9 6 10 9 7 7 6 10 10 6 6 3 7 10 13 6 15 7 5 9 8 9 12 4 7 6 7 12 9 11 10 6 
4 3 1 7 8 8 6 5 5 6 2 6 4 4 9 12 3 5 7 8 5 6 5 7 7 4 6 5 7 12 4 2 8 4 9 6 9 6 10 8 0 3 4 12 6 11 7 11 12 4 
1 1 2 1 2 1 1 1 2 0 1 1 3 0 1 0 1 3 1 1 2 0 1 1 0 0 1 1 2 2 2 2 2 0 0 1 3 3 2 0 0 3 1 1 0 2 0 2 2 0 
12 11 9 9 7 11 9 13 11 3 6 9 6 4 7 13 4 3 4 6 5 14 7 10 8 10 6 11 9 7 10 6 16 11 8 5 9 4 6 9 12 7 9 9 7 7 10 16 9 8 
2 2 5 1 4 3 5 0 1 0 3 5 4 4 5 6 5 4 2 4 2 3 2 3 3 1 1 1 4 6 0 3 1 0 6 5 1 0 3 4 7 2 7 0 1 3 4 6 3 3 
1 5 3 2 4 0 6 3 2 1 2 1 1 1 3 2 3 0 1 2 2 3 2 0 1 1 3 3 0 1 3 3 3 1 2 3 4 0 4 3 4 4 1 1 2 1 4 1 1 0 
6 9 5 9 6 10 8 9 9 5 8 12 9 11 12 10 10 12 7 10 8 10 14 6 9 10 13 7 8 10 10 5 8 10 9 10 7 8 7 9 14 5 7 11 2 1 9 6 4 8 
1 3 2 0 1 0 1 1 1 2 2 2 2 1 2 2 1 1 0 1 1 2 1 2 0 1 1 2 3 1 0 1 1 4 0 1 3 2 1 2 1 2 3 1 0 2 1 4 2 0 
0 3 3 6 3 0 2 0 4 9 4 2 7 1 6 5 2 4 3 4 2 5 2 5 4 4 0 8 2 1 0 4 6 4 4 4 3 5 5 5 3 1 5 6 3 5 6 3 4 6 
6 5 6 5 12 10 8 5 9 4 7 10 5 6 7 5 5 7 9 12 8 10 13 6 8 8 8 10 8 4 1 11 8 5 10 5 7 9 5 7 12 8 3 10 9 9 10 3 9 10 
2 3 1 2 4 2 2 1 0 1 1 1 1 1 2 0 3 1 1 0 4 1 1 3 0 0 1 1 2 1 3 2 3 5 2 2 3 3 4 0 1 3 1 4 2 4 2 0 2 3 
11 4 9 12 10 4 17 13 10 11 11 13 6 13 16 5 18 8 7 13 11 9 9 7 13 11 10 12 11 13 12 13 8 9 13 9 11 8 7 12 10 6 9 7 13 6 10 6 2 9 
1 0 2 1 0 1 0 1 1 0 2 0 1 0 3 2 0 0 1 2 1 2 0 0 0 0 0 0 1 2 1 1 2 2 1 2 2 2 0 1 0 1 0 1 0 1 0 2 0 0 
8 11 12 8 10 10 12 6 9 11 12 16 6 10 3 4 14 6 12 8 9 13 10 4 11 11 12 6 8 15 10 16 11 10 13 12 9 8 6 10 8 11 11 14 12 11 6 14 11 11 
DEPOT_SECTION
 1
 -1
EOF
