NAME  : Parada_30_7_0.95_1.00_1
TYPE : SVRP
MODEL : FINITE_SUPPORT
NUMBER_OF_SCENARIOS : 50
DIMENSION : 30
EDGE_WEIGHT_TYPE : MATRIX
CAPACITY : 23
N_VEHICLES : 7
NODE_COORD_SECTION
1 267070 295060
2 503630 308020
3 343830 18
4 202640 422600
5 385330 27879
6 27 394290
7 97966 204720
8 154850 419450
9 266490 21117
10 219730 208370
11 190640 91853
12 147990 300290
13 595860 398600
14 265340 352060
15 146720 478970
16 258450 152620
17 417110 301570
18 88319 497030
19 82356 413230
20 88625 365140
21 287610 298020
22 213430 211570
23 488970 628570
24 306420 362970
25 413000 330360
26 264320 97734
27 563780 442410
28 521420 445520
29 164310 95189
30 451530 257400
DEMAND_SECTION
1 0.0
2 1.0
3 1.0
4 9.0
5 7.0
6 10.0
7 9.0
8 8.0
9 6.0
10 6.0
11 10.0
12 5.0
13 8.0
14 6.0
15 7.0
16 2.0
17 1.0
18 3.0
19 3.0
20 2.0
21 1.0
22 3.0
23 4.0
24 10.0
25 6.0
26 3.0
27 10.0
28 3.0
29 5.0
30 6.0
DISTANCE_MATRIX
0.0 25.5287 54.7808 48.3029 59.2844 61.7327 31.9452 39.6232 47.9499 48.1488 34.3657 18.1108 44.9467 36.2408 40.8044 41.7732 22.8035 49.6488 47.5079 55.0 3.16228 49.14 63.026 11.6619 20.6155 47.1699 38.4027 40.2776 38.6519 16.8763 
25.5287 0.0 73.0108 73.3697 79.5647 38.5876 53.4625 55.706 61.9843 69.6661 34.8855 40.9109 23.544 57.7582 60.4288 47.8017 29.997 68.9942 62.0963 67.9124 28.183 70.6574 41.6271 29.9666 26.4465 50.6063 17.0 20.1246 37.6962 10.3031 
54.7808 73.0108 0.0 42.5793 7.0 112.502 36.8707 69.5845 12.0416 26.5707 84.5991 42.0476 83.7699 37.855 64.0703 85.9525 45.6946 68.1836 76.1643 84.0536 52.82 26.9258 89.4427 50.0036 48.8224 92.8546 76.3376 71.0492 89.0674 62.8866 
48.3029 73.3697 42.5793 0.0 42.0 90.7127 30.4131 31.3847 45.1885 17.1172 57.6888 35.5935 92.5408 15.8114 24.1661 52.4023 62.5232 26.0768 36.0555 43.1741 45.1861 17.2627 108.921 45.5811 61.9814 59.5483 85.9968 86.1726 61.6117 64.4705 
59.2844 79.5647 7.0 42.0 0.0 117.006 40.4093 70.8308 19.0263 25.0799 88.2609 45.5896 90.3237 39.9249 64.7765 88.3632 52.2493 68.0294 76.9415 84.5931 57.3236 25.1794 96.3379 54.5072 55.3763 95.5382 83.1932 77.7743 92.7188 69.4405 
61.7327 38.5876 112.502 90.7127 117.006 0.0 88.0892 68.3593 99.8243 104.293 36.0555 71.3278 37.855 92.3848 74.9667 49.2544 67.9953 82.3893 72.0 74.4312 64.387 105.284 61.0 66.1973 64.4447 46.3249 45.8912 52.1728 34.0588 48.3013 
31.9452 53.4625 36.8707 30.4131 40.4093 88.0892 0.0 47.1947 33.0185 28.2036 59.8516 17.1803 72.8805 16.2956 43.3631 61.0818 44.1101 49.8634 54.6621 62.8859 29.8537 29.1948 90.5078 27.1679 43.5683 67.9839 65.8845 67.7595 64.3095 44.7856 
39.6232 55.706 69.5845 31.3847 70.8308 68.3593 47.1947 0.0 68.0661 47.5395 32.3883 32.28 79.0641 32.0156 7.81025 22.4722 60.7454 14.0357 8.06226 16.1555 36.8782 47.927 97.1471 44.2945 59.4054 29.2062 72.5201 79.7898 35.171 56.3885 
47.9499 61.9843 12.0416 45.1885 19.0263 99.8243 33.0185 68.0661 0.0 31.8904 78.5493 37.4833 71.7823 36.2215 63.6396 81.5843 34.4819 69.1231 75.326 83.4865 45.9891 32.5576 77.4661 43.1727 37.7359 88.295 64.6517 59.3633 83.006 51.8601 
48.1488 69.6661 26.5707 17.1172 25.0799 104.293 28.2036 47.5395 31.8904 0.0 70.4371 33.3839 88.5163 20.8087 40.8044 67.1193 55.1604 43.1856 52.8867 60.208 46.0573 1.0 99.8974 42.8037 59.2041 74.3303 81.5203 83.3952 74.527 60.9893 
34.3657 34.8855 84.5991 57.6888 88.2609 36.0555 59.8516 32.3883 78.5493 70.4371 0.0 42.72 47.6795 51.4204 39.2938 14.7648 56.0089 46.3897 36.0555 39.2938 33.9559 71.0773 76.1779 45.3542 53.0848 15.8114 51.7393 55.0091 4.47214 39.0512 
18.1108 40.9109 42.0476 35.5935 45.5896 71.3278 17.1803 32.28 37.4833 33.3839 42.72 0.0 60.3289 21.476 30.4866 44.1475 31.8892 38.9493 40.1622 48.3839 15.2971 34.3752 77.3254 14.9471 31.3475 50.9608 53.7849 54.5771 47.1699 32.2586 
44.9467 23.544 83.7699 92.5408 90.3237 37.855 72.8805 79.0641 71.7823 88.5163 47.6795 60.3289 0.0 77.1762 83.7869 62.3223 39.2603 92.3523 85.4545 90.8726 47.601 90.0754 29.8329 49.3534 38.4963 62.9693 8.06226 14.3178 48.8057 29.6595 
36.2408 57.7582 37.855 15.8114 39.9249 92.3848 16.2956 32.0156 36.2215 20.8087 51.4204 21.476 77.1762 0.0 27.4591 48.461 48.4057 33.6155 39.1152 47.2652 34.1494 21.6333 94.8035 31.4636 47.864 55.636 70.1802 72.0551 55.5103 49.0813 
40.8044 60.4288 64.0703 24.1661 64.7765 74.9667 43.3631 7.81025 63.6396 40.8044 39.2938 30.4866 83.7869 27.4591 0.0 30.2324 60.3075 8.94427 12.1655 20.0 37.8021 41.1096 103.423 43.4166 59.4138 37.0135 78.7994 80.6744 42.3792 57.2731 
41.7732 47.8017 85.9525 52.4023 88.3632 49.2544 61.0818 22.4722 81.5843 67.1193 14.7648 44.1475 62.3223 48.461 30.2324 0.0 64.5368 35.4683 23.5372 25.1794 40.3113 67.6757 89.4283 51.0392 62.163 7.2111 64.8013 67.6757 15.2971 50.0899 
22.8035 29.997 45.6946 62.5232 52.2493 67.9953 44.1101 60.7454 34.4819 55.1604 56.0089 31.8892 39.2603 48.4057 60.3075 64.5368 0.0 68.771 68.7968 76.6616 24.6982 56.0907 46.198 16.9706 3.60555 69.7317 32.1298 26.8414 60.0083 19.6977 
49.6488 68.9942 68.1836 26.0768 68.0294 82.3893 49.8634 14.0357 69.1231 43.1856 46.3897 38.9493 92.3523 33.6155 8.94427 35.4683 68.771 0.0 12.8062 17.8885 46.6154 43.2897 112.195 51.8861 67.9238 41.5933 87.5717 89.4467 49.0306 66.0454 
47.5079 62.0963 76.1643 36.0555 76.9415 72.0 54.6621 8.06226 75.326 52.8867 36.0555 40.1622 85.4545 39.1152 12.1655 23.5372 68.7968 12.8062 0.0 8.24621 44.8219 53.1601 103.538 52.3546 67.424 29.1548 78.9105 81.4297 38.0526 64.3089 
55.0 67.9124 84.0536 43.1741 84.5931 74.4312 62.8859 16.1555 83.4865 60.208 39.2938 48.3839 90.8726 47.2652 20.0 25.1794 76.6616 17.8885 8.24621 0.0 52.4309 60.4152 109.354 60.3738 75.1665 29.1548 84.7265 87.2458 40.4475 69.3243 
3.16228 28.183 52.82 45.1861 57.3236 64.387 29.8537 36.8782 45.9891 46.0573 33.9559 15.2971 47.601 34.1494 37.8021 40.3113 24.6982 46.6154 44.8219 52.4309 0.0 47.0485 65.6803 11.4018 22.8254 46.0109 41.057 42.932 38.3275 19.5306 
49.14 70.6574 26.9258 17.2627 25.1794 105.284 29.1948 47.927 32.5576 1.0 71.0773 34.3752 90.0754 21.6333 41.1096 67.6757 56.0907 43.2897 53.1601 60.4152 47.0485 0.0 100.828 43.7662 60.1666 74.8866 82.4828 84.3578 75.1672 61.9805 
63.026 41.6271 89.4427 108.921 96.3379 61.0 90.5078 97.1471 77.4661 99.8974 76.1779 77.3254 29.8329 94.8035 103.423 89.4283 46.198 112.195 103.538 109.354 65.6803 100.828 0.0 62.0768 45.434 91.4677 25.0 23.7697 77.3041 47.7388 
11.6619 29.9666 50.0036 45.5811 54.5072 66.1973 27.1679 44.2945 43.1727 42.8037 45.3542 14.9471 49.3534 31.4636 43.4166 51.0392 16.9706 51.8861 52.3546 60.3738 11.4018 43.7662 62.0768 0.0 16.6433 57.0351 42.8094 42.7201 49.7293 20.8806 
20.6155 26.4465 48.8224 61.9814 55.3763 64.4447 43.5683 59.4054 37.7359 59.2041 53.0848 31.3475 38.4963 47.864 59.4138 62.163 3.60555 67.9238 67.424 75.1665 22.8254 60.1666 45.434 16.6433 0.0 67.1893 31.3657 26.0773 57.0088 16.1555 
47.1699 50.6063 92.8546 59.5483 95.5382 46.3249 67.9839 29.2062 88.295 74.3303 15.8114 50.9608 62.9693 55.636 37.0135 7.2111 69.7317 41.5933 29.1548 29.1548 46.0109 74.8866 91.4677 57.0351 67.1893 0.0 67.5134 70.7107 14.2127 54.0833 
38.4027 17.0 76.3376 85.9968 83.1932 45.8912 65.8845 72.5201 64.6517 81.5203 51.7393 53.7849 8.06226 70.1802 78.7994 64.8013 32.1298 87.5717 78.9105 84.7265 41.057 82.4828 25.0 42.8094 31.3657 67.5134 0.0 6.32456 54.3259 23.1155 
40.2776 20.1246 71.0492 86.1726 77.7743 52.1728 67.7595 79.7898 59.3633 83.3952 55.0091 54.5771 14.3178 72.0551 80.6744 67.6757 26.8414 89.4467 81.4297 87.2458 42.932 84.3578 23.7697 42.7201 26.0773 70.7107 6.32456 0.0 57.7754 24.9904 
38.6519 37.6962 89.0674 61.6117 92.7188 34.0588 64.3095 35.171 83.006 74.527 4.47214 47.1699 48.8057 55.5103 42.3792 15.2971 60.0083 49.0306 38.0526 40.4475 38.3275 75.1672 77.3041 49.7293 57.0088 14.2127 54.3259 57.7754 0.0 42.5793 
16.8763 10.3031 62.8866 64.4705 69.4405 48.3013 44.7856 56.3885 51.8601 60.9893 39.0512 32.2586 29.6595 49.0813 57.2731 50.0899 19.6977 66.0454 64.3089 69.3243 19.5306 61.9805 47.7388 20.8806 16.1555 54.0833 23.1155 24.9904 42.5793 0.0 
DEMAND_SCENARIO_SECTION
0 0 0 0 0 0 0 0 0 0 0 0 0 0 0 0 0 0 0 0 0 0 0 0 0 0 0 0 0 0 0 0 0 0 0 0 0 0 0 0 0 0 0 0 0 0 0 0 0 0 
2 0 0 2 2 4 1 2 1 1 1 1 0 0 3 0 3 1 1 2 1 3 1 2 0 0 0 1 2 2 0 0 2 2 1 0 2 0 2 3 0 0 0 2 1 0 0 0 1 0 
1 2 2 2 1 0 1 0 1 1 0 3 1 0 2 0 1 1 1 0 1 0 1 3 0 0 1 1 2 0 1 1 1 1 1 0 1 0 1 2 1 1 1 2 2 0 0 0 1 3 
9 12 9 7 8 7 13 6 9 12 8 13 9 5 10 13 8 12 7 7 8 13 10 9 4 6 10 8 15 7 4 6 3 10 9 8 8 10 9 7 9 13 13 11 7 13 7 7 10 8 
10 8 7 7 6 8 10 5 6 8 6 7 11 7 5 9 5 2 4 7 10 6 9 8 10 5 10 12 7 9 3 6 9 8 10 10 5 2 5 6 6 11 7 12 8 10 1 4 7 5 
12 6 9 11 10 11 2 6 11 12 8 13 5 15 9 5 9 13 13 11 8 6 14 8 6 12 12 16 15 9 18 12 5 9 9 11 13 12 10 13 3 16 8 15 14 8 12 12 13 9 
14 13 8 12 6 7 11 10 12 6 10 8 8 11 9 10 9 9 3 6 9 11 7 11 8 13 14 5 8 7 10 9 10 5 9 8 10 9 7 10 11 17 2 17 6 12 10 7 11 8 
13 11 6 3 5 6 8 3 8 7 9 9 6 6 7 5 13 10 5 9 6 7 11 9 10 10 8 8 8 11 6 7 13 6 3 5 3 8 8 9 10 4 6 0 7 7 6 11 13 6 
2 2 8 5 8 8 8 2 9 11 2 6 8 8 3 7 6 9 6 4 4 12 6 10 5 5 2 7 6 7 6 3 3 1 4 7 10 5 6 5 6 3 6 4 4 2 6 7 4 6 
5 6 9 1 6 8 5 8 5 6 6 5 2 8 6 14 6 6 4 2 9 6 9 4 10 4 6 8 6 2 9 6 8 4 6 6 2 6 4 4 6 14 7 5 7 8 9 2 6 4 
14 11 9 9 5 18 7 9 12 10 13 13 12 9 8 7 8 14 10 13 9 15 7 16 13 10 13 4 5 10 7 5 13 8 11 17 8 14 6 5 13 12 14 14 13 11 9 10 9 7 
6 6 5 6 5 4 0 4 4 3 5 8 3 2 0 5 7 4 8 8 5 6 6 7 4 6 6 6 9 5 6 5 7 5 8 5 3 5 8 5 3 6 7 0 5 4 4 4 2 3 
9 7 10 13 5 13 13 8 7 6 6 5 4 10 8 13 8 9 7 5 0 4 11 5 8 7 13 12 5 5 6 12 9 6 6 9 3 10 12 5 12 13 12 7 8 6 9 12 7 12 
3 6 3 5 3 4 9 4 9 10 3 8 7 7 9 9 7 4 8 5 7 8 5 2 9 8 10 9 7 12 8 6 7 3 2 3 4 8 10 5 6 8 6 5 8 11 1 4 9 7 
6 6 4 6 6 10 9 8 7 10 9 10 8 2 5 4 6 9 5 7 4 8 7 7 9 8 9 5 5 9 10 6 8 5 8 4 7 2 8 5 6 11 7 3 6 8 8 5 9 12 
3 0 2 2 2 1 4 2 2 2 5 1 0 3 0 0 3 3 3 1 2 0 1 5 0 2 5 2 0 1 1 4 1 3 4 1 3 0 3 4 2 2 1 2 3 1 0 2 2 3 
1 2 0 1 3 0 1 2 0 0 1 1 1 2 3 2 1 1 0 0 1 1 0 0 1 1 2 2 1 0 1 2 2 0 1 0 1 1 2 2 1 0 2 0 0 1 1 2 0 2 
4 6 0 7 3 2 4 3 2 5 6 1 3 4 3 0 6 4 7 4 0 7 7 4 3 3 1 2 4 0 1 4 4 2 3 4 6 4 5 3 3 0 1 2 1 1 2 2 5 2 
5 2 4 2 2 4 4 1 0 2 2 2 3 1 4 3 1 5 2 5 8 3 6 4 2 1 2 1 2 2 1 3 5 5 3 5 2 2 4 4 4 5 2 1 4 5 4 4 3 6 
2 0 2 3 3 3 4 2 1 0 4 1 3 2 3 1 2 0 0 0 3 0 3 2 5 2 1 2 4 0 1 2 0 2 1 3 4 2 3 3 0 2 2 4 0 2 3 5 3 4 
2 2 0 1 0 0 4 1 0 1 2 2 0 0 1 1 1 1 1 0 1 3 1 1 2 2 2 2 3 0 1 1 2 2 1 0 3 1 1 1 2 1 0 0 2 0 0 0 1 0 
7 4 4 3 0 4 1 4 1 2 2 3 0 1 3 4 1 0 6 3 2 4 4 0 4 3 5 3 4 1 4 4 3 0 4 2 4 3 1 1 3 5 3 2 2 1 8 3 4 2 
5 5 5 6 6 6 4 4 4 2 5 3 4 5 2 2 0 3 2 3 4 4 3 4 1 5 3 7 6 2 2 1 3 5 3 4 5 4 4 2 2 3 4 6 2 6 5 4 5 5 
10 7 9 11 13 10 5 11 10 14 9 7 12 12 11 7 11 13 6 13 7 6 9 11 14 11 15 8 8 9 9 12 9 10 9 13 6 4 7 15 8 8 9 12 8 15 16 12 5 11 
4 6 3 2 6 2 7 10 3 7 5 9 11 9 11 7 4 8 8 7 6 7 5 0 6 7 8 7 9 4 5 2 9 10 4 8 5 8 7 3 3 8 4 9 7 6 7 3 6 7 
2 0 4 3 4 0 5 0 0 3 3 5 1 4 4 4 5 4 2 4 1 3 4 3 2 1 0 1 3 6 2 1 4 5 3 2 3 5 0 3 4 2 4 6 4 4 5 3 3 4 
7 4 9 12 8 13 13 9 14 11 11 10 4 14 8 12 12 13 6 7 10 12 14 4 8 3 12 7 6 8 8 10 8 11 10 12 10 13 8 9 15 10 10 11 12 6 8 7 12 8 
3 5 4 4 4 3 4 2 4 7 5 2 0 2 3 1 2 2 7 3 0 1 3 1 2 3 2 2 7 2 3 3 3 4 4 0 3 1 3 3 3 1 5 3 3 2 1 0 6 4 
2 4 5 9 2 6 3 6 4 4 5 3 6 2 6 4 3 2 3 5 9 4 6 6 7 6 5 3 7 8 4 3 6 8 9 5 6 5 5 5 4 1 6 5 6 7 4 5 4 2 
7 6 6 11 6 5 6 7 7 7 4 6 11 6 3 3 6 6 9 9 10 7 6 5 8 6 4 6 5 7 3 7 9 2 4 8 7 4 8 4 3 9 4 7 9 5 7 0 10 9 
DEPOT_SECTION
 1
 -1
EOF
