NAME  : Parada_30_7_0.95_1.00_2
TYPE : SVRP
MODEL : FINITE_SUPPORT
NUMBER_OF_SCENARIOS : 50
DIMENSION : 30
EDGE_WEIGHT_TYPE : MATRIX
CAPACITY : 26
N_VEHICLES : 7
NODE_COORD_SECTION
1 267420 296850
2 514630 168530
3 351010 18
4 153980 347450
5 319630 315460
6 108720 300200
7 163170 28040
8 546350 85512
9 132740 99231
10 296480 203560
11 234740 219950
12 27 269180
13 451570 173370
14 381400 322500
15 235250 477250
16 436130 71684
17 274970 26834
18 222630 279270
19 124170 174230
20 274940 359860
21 231700 31231
22 219280 23486
23 497950 192510
24 479320 403210
25 184320 272100
26 187250 228740
27 316280 344000
28 343370 233080
29 217890 196960
30 638890 99534
DEMAND_SECTION
1 0.0
2 5.0
3 6.0
4 2.0
5 9.0
6 9.0
7 8.0
8 3.0
9 3.0
10 9.0
11 6.0
12 7.0
13 6.0
14 7.0
15 10.0
16 5.0
17 5.0
18 6.0
19 1.0
20 2.0
21 6.0
22 4.0
23 10.0
24 4.0
25 7.0
26 9.0
27 5.0
28 4.0
29 10.0
30 5.0
DISTANCE_MATRIX
0.0 31.0 48.4665 61.3385 17.8045 35.0545 39.0 47.5184 48.5656 13.6015 47.922 50.2096 44.1814 19.105 61.5565 31.2578 64.7984 18.0 40.1758 10.8167 68.9039 70.4054 35.3553 52.3259 39.3132 40.0232 8.06226 33.2415 22.4722 55.3722 
31.0 0.0 78.1025 57.0128 44.834 62.3259 39.3999 17.4642 32.531 40.5216 46.3232 77.1775 75.1066 28.2594 66.2495 17.72 48.5192 36.0657 27.5283 40.4475 50.6952 51.4782 6.40312 77.4627 50.073 51.4286 31.4764 63.6396 44.3544 31.9061 
48.4665 78.1025 0.0 76.5376 46.6905 50.5371 82.3221 95.3362 82.201 37.6563 67.6921 53.7587 22.0227 59.2115 64.8151 79.1581 92.834 45.0 73.437 43.2666 99.3588 101.256 83.2406 20.6155 65.6049 60.803 52.8394 29.9666 37.1214 103.315 
61.3385 57.0128 76.5376 0.0 78.1126 94.0422 98.3743 66.8506 26.9258 55.4859 13.6015 108.619 89.0103 51.2549 16.2788 74.7532 22.4722 44.8723 29.6142 69.3464 29.1204 31.0483 61.6058 61.6847 98.9542 99.0314 69.0583 85.809 48.9706 86.0233 
17.8045 44.834 46.6905 78.1126 0.0 17.5067 43.9262 58.4209 66.3139 25.1794 64.6961 32.7062 34.4819 36.8904 75.3093 37.1214 82.2734 33.8378 58.0744 8.24621 86.8026 88.1537 46.8722 57.2451 27.2111 22.4754 13.4164 21.587 35.1283 60.4152 
35.0545 62.3259 50.5371 94.0422 17.5067 0.0 38.0789 71.8401 83.6164 40.4969 81.2091 16.1245 31.8277 54.1929 90.0599 49.0306 99.7003 50.0899 75.3769 24.6982 104.105 105.456 61.2352 65.7343 18.3848 13.6015 30.8869 20.5913 50.0 70.0 
39.0 39.3999 82.3221 98.3743 43.9262 38.0789 0.0 43.1856 71.9168 52.3259 84.9578 51.0098 67.1193 53.3844 100.083 21.9545 87.905 56.1102 66.9141 39.6977 90.095 90.8742 36.8917 90.1321 20.0998 24.5153 31.3596 54.208 61.4654 34.2053 
47.5184 17.4642 95.3362 66.8506 58.4209 71.8401 43.1856 0.0 40.5216 57.8705 56.9386 87.5957 91.0494 45.7185 76.8505 23.2594 54.1479 53.5248 38.0789 56.0089 54.0833 54.231 12.1655 94.9219 58.5918 60.9262 46.0109 79.0253 61.8136 20.025 
48.5656 32.531 82.201 26.9258 66.3139 83.6164 71.9168 40.5216 0.0 49.9718 20.5913 98.7741 88.2264 29.4295 39.6989 50.2714 16.5529 39.3511 10.0 59.2034 20.5183 21.9317 37.0135 73.171 83.3878 84.0033 54.5481 80.2857 45.3542 60.208 
13.6015 40.5216 37.6563 55.4859 25.1794 40.4969 52.3259 57.8705 49.9718 0.0 42.0694 53.8516 39.0 22.0907 50.1398 44.8023 62.6362 10.6301 42.0596 17.0294 68.6918 70.4649 45.8803 38.9487 50.3645 45.6288 21.0238 31.241 10.0 68.9167 
47.922 46.3232 67.6921 13.6015 64.6961 81.2091 84.9578 56.9386 20.5913 42.0694 0.0 95.202 79.7835 37.8384 20.0 64.0636 25.4951 31.4558 18.868 56.5873 32.3883 34.3657 50.9162 55.2268 85.5377 86.1787 55.6418 73.2681 36.0167 75.443 
50.2096 77.1775 53.7587 108.619 32.7062 16.1245 51.0098 87.5957 98.7741 53.8516 95.202 0.0 32.0156 69.3109 102.138 64.56 114.9 64.0703 90.5346 39.6232 119.263 120.614 77.1092 72.0069 31.0161 27.2947 46.0864 26.3059 62.6099 84.3801 
44.1814 75.1066 22.0227 89.0103 34.4819 31.8277 67.1193 91.0494 88.2264 39.0 79.7835 32.0156 0.0 60.4401 79.6492 71.1969 100.846 49.1935 80.9954 35.0571 106.944 108.72 79.0063 41.5933 49.2037 44.2041 45.1774 13.0 43.8292 94.8314 
19.105 28.2594 59.2115 51.2549 36.8904 54.1929 53.3844 45.7185 29.4295 22.0907 37.8384 69.3109 60.4401 0.0 55.5429 41.5768 45.8126 14.8661 21.19 29.8329 49.9182 51.2693 34.1548 56.3649 53.9643 54.5799 25.1246 50.9902 23.4094 58.0377 
61.5565 66.2495 64.8151 16.2788 75.3093 90.0599 100.083 76.8505 39.6989 50.1398 20.0 102.138 79.6492 55.5429 0.0 83.9899 38.6005 44.0336 38.833 67.1669 45.3542 47.2969 70.8425 47.8539 100.663 95.4332 69.6133 77.026 40.1927 95.3693 
31.2578 17.72 79.1581 74.7532 37.1214 49.0306 21.9545 23.2594 50.2714 44.8023 64.0636 64.56 71.1969 41.5768 83.9899 0.0 66.2391 49.383 45.2687 36.6879 68.352 69.0797 15.0 83.5837 35.3553 37.6962 26.5707 58.5491 53.2557 24.1661 
64.7984 48.5192 92.834 22.4722 82.2734 99.7003 87.905 54.1479 16.5529 62.6362 25.4951 114.9 100.846 45.8126 38.6005 66.2391 0.0 52.0155 25.807 75.5866 7.0 9.0 52.6118 80.6226 99.771 100.386 70.9312 93.8627 57.2451 74.1687 
18.0 36.0657 45.0 44.8723 33.8378 50.0899 56.1102 53.5248 39.3511 10.6301 31.4558 64.0703 49.1935 14.8661 44.0336 49.383 52.0155 0.0 30.2659 25.632 58.0711 59.8442 41.961 41.5933 56.6742 55.0764 26.0192 41.8688 8.544 66.0826 
40.1758 27.5283 73.437 29.6142 58.0744 75.3769 66.9141 38.0789 10.0 42.0596 18.868 90.5346 80.9954 21.19 38.833 45.2687 25.807 30.2659 0.0 50.964 30.4138 31.8904 32.1213 65.9242 75.1483 75.7639 46.3086 72.0462 36.3478 56.648 
10.8167 40.4475 43.2666 69.3464 8.24621 24.6982 39.6977 56.0089 59.2034 17.0294 56.5873 39.6232 35.0571 29.8329 67.1669 36.6879 75.5866 25.632 50.964 0.0 79.6921 81.0432 44.0114 51.3128 34.4222 29.6865 10.198 23.1948 27.0185 60.7454 
68.9039 50.6952 99.3588 29.1204 86.8026 104.105 90.095 54.0833 20.5183 68.6918 32.3883 119.263 106.944 49.9182 45.3542 68.352 7.0 58.0711 30.4138 79.6921 0.0 2.0 54.1202 87.5728 103.877 104.492 75.0368 99.9183 63.561 74.027 
70.4054 51.4782 101.256 31.0483 88.1537 105.456 90.8742 54.231 21.9317 70.4649 34.3657 120.614 108.72 51.2693 47.2969 69.0797 9.0 59.8442 31.8904 81.0432 2.0 0.0 54.7083 89.56 105.228 105.843 76.3879 101.691 65.3911 74.108 
35.3553 6.40312 83.2406 61.6058 46.8722 61.2352 36.8917 12.1655 37.0135 45.8803 50.9162 77.1092 79.0063 34.1548 70.8425 15.0 52.6118 41.961 32.1213 44.0114 54.1202 54.7083 0.0 83.3547 49.4065 51.1077 34.1321 67.1193 50.2498 25.5539 
52.3259 77.4627 20.6155 61.6847 57.2451 65.7343 90.1321 94.9219 73.171 38.9487 55.2268 72.0069 41.5933 56.3649 47.8539 83.5837 80.6226 41.5933 65.9242 51.3128 87.5728 89.56 83.3547 0.0 78.5235 73.7878 58.8982 46.2709 33.121 107.299 
39.3132 50.073 65.6049 98.9542 27.2111 18.3848 20.0998 58.5918 83.3878 50.3645 85.5377 31.0161 49.2037 53.9643 100.663 35.3553 99.771 56.6742 75.1483 34.4222 103.877 105.228 49.4065 78.5235 0.0 5.0 31.6619 36.7967 60.025 53.4603 
40.0232 51.4286 60.803 99.0314 22.4754 13.6015 24.5153 60.9262 84.0033 45.6288 86.1787 27.2947 44.2041 54.5799 95.4332 37.6962 100.386 55.0764 75.7639 29.6865 104.492 105.843 51.1077 73.7878 5.0 0.0 32.2774 31.8277 55.2893 57.1402 
8.06226 31.4764 52.8394 69.0583 13.4164 30.8869 31.3596 46.0109 54.5481 21.0238 55.6418 46.0864 45.1774 25.1246 69.6133 26.5707 70.9312 26.0192 46.3086 10.198 75.0368 76.3879 34.1321 58.8982 31.6619 32.2774 0.0 33.0151 30.3645 50.6952 
33.2415 63.6396 29.9666 85.809 21.587 20.5913 54.208 79.0253 80.2857 31.241 73.2681 26.3059 13.0 50.9902 77.026 58.5491 93.8627 41.8688 72.0462 23.1948 99.9183 101.691 67.1193 46.2709 36.7967 31.8277 33.0151 0.0 38.4187 82.0 
22.4722 44.3544 37.1214 48.9706 35.1283 50.0 61.4654 61.8136 45.3542 10.0 36.0167 62.6099 43.8292 23.4094 40.1927 53.2557 57.2451 8.544 36.3478 27.0185 63.561 65.3911 50.2498 33.121 60.025 55.2893 30.3645 38.4187 0.0 74.2906 
55.3722 31.9061 103.315 86.0233 60.4152 70.0 34.2053 20.025 60.208 68.9167 75.443 84.3801 94.8314 58.0377 95.3693 24.1661 74.1687 66.0826 56.648 60.7454 74.027 74.108 25.5539 107.299 53.4603 57.1402 50.6952 82.0 74.2906 0.0 
DEMAND_SCENARIO_SECTION
0 0 0 0 0 0 0 0 0 0 0 0 0 0 0 0 0 0 0 0 0 0 0 0 0 0 0 0 0 0 0 0 0 0 0 0 0 0 0 0 0 0 0 0 0 0 0 0 0 0 
7 10 4 6 1 8 3 2 5 9 6 10 6 0 5 3 6 7 4 8 1 2 5 5 4 4 8 6 0 5 5 5 2 6 4 7 8 4 3 6 5 4 6 8 7 7 6 5 4 2 
6 3 4 5 3 7 3 6 2 6 3 8 9 2 3 8 4 7 10 9 10 8 2 5 7 6 7 12 7 7 8 5 8 6 4 1 5 6 3 3 8 5 6 7 5 6 6 5 5 4 
4 2 2 1 0 1 6 7 2 4 1 0 4 4 3 0 2 4 2 3 2 4 1 5 0 1 0 0 4 3 5 4 2 2 3 0 3 2 1 2 3 2 0 2 1 4 2 2 2 3 
9 9 5 10 5 7 9 13 7 12 6 12 14 6 8 11 7 10 10 8 6 14 7 13 7 6 18 3 8 8 10 6 8 12 8 7 17 9 9 16 8 13 10 8 14 9 7 15 7 11 
11 12 9 7 11 12 12 9 11 9 6 9 7 3 8 9 10 12 6 11 8 13 14 11 11 11 5 8 8 8 11 6 10 7 9 8 8 9 15 12 11 8 2 14 3 13 9 5 4 7 
7 11 11 11 13 6 7 9 12 6 3 7 6 7 11 10 1 9 6 9 7 1 9 11 11 10 10 8 8 15 12 4 6 4 5 11 10 6 13 10 6 10 8 11 6 7 9 8 9 7 
4 3 3 4 3 5 3 2 0 5 3 1 3 2 5 5 4 5 3 4 2 3 5 1 0 1 3 2 2 2 2 2 2 4 3 0 4 3 3 0 4 4 1 2 1 1 4 1 0 3 
3 7 5 5 3 2 2 3 2 5 2 2 0 4 3 4 6 4 1 1 4 3 4 3 2 4 5 3 3 4 5 1 3 3 1 1 3 3 4 1 1 1 6 0 3 1 5 4 1 3 
8 7 2 10 10 11 11 9 10 6 4 10 4 7 12 8 13 9 7 14 11 13 9 13 9 5 9 9 6 6 12 13 10 15 10 7 10 11 12 12 4 8 9 11 18 8 7 8 10 3 
11 10 6 2 4 6 5 8 5 6 5 10 5 6 10 8 6 7 8 8 3 5 6 7 8 10 10 5 12 10 6 10 13 6 12 7 6 3 5 9 4 7 8 11 7 10 7 9 9 6 
6 12 6 7 3 6 6 7 6 8 8 6 8 6 7 7 8 9 8 4 7 10 5 9 4 7 3 4 6 4 10 8 6 8 5 5 7 6 6 5 7 9 12 5 7 7 9 4 8 7 
5 9 4 11 5 7 7 9 8 8 6 5 8 5 4 10 5 7 9 11 6 7 3 5 5 5 2 6 5 7 5 7 0 5 8 9 5 7 2 9 5 8 6 4 4 4 7 5 7 1 
7 4 8 5 0 6 2 8 10 4 3 12 7 3 7 5 7 12 7 6 8 8 8 3 10 6 6 5 3 9 8 9 9 9 4 8 11 6 5 7 9 8 7 6 11 9 5 7 7 9 
12 13 9 10 13 13 9 6 9 10 14 9 7 9 18 10 8 10 12 10 15 12 8 11 13 9 11 15 12 12 10 7 8 10 14 10 10 11 7 15 10 9 15 14 10 8 15 8 13 7 
7 0 4 6 9 7 3 5 5 6 7 5 6 5 2 6 4 5 6 7 6 2 2 4 3 6 5 4 9 6 4 3 6 7 6 5 5 1 6 7 7 3 3 4 6 2 1 3 7 3 
7 5 1 7 2 10 3 3 3 7 3 2 8 4 5 9 4 3 3 6 0 8 4 7 5 3 6 0 6 3 6 6 5 9 5 7 3 6 9 7 8 3 4 2 5 2 4 3 5 2 
6 5 4 8 6 5 2 0 2 13 7 4 2 6 5 5 6 9 6 9 5 5 3 7 12 9 3 11 5 3 8 4 5 6 4 10 6 9 5 4 7 10 7 7 9 7 4 6 3 9 
0 0 2 2 1 4 2 1 3 2 2 0 2 1 0 0 0 2 0 0 1 2 1 0 1 0 0 1 1 0 1 1 1 2 3 0 2 1 0 2 1 1 2 4 0 0 2 2 2 2 
2 1 1 2 2 3 1 3 3 0 3 3 2 2 2 2 2 0 1 3 1 3 2 1 2 1 0 1 2 1 0 4 2 2 4 3 2 2 3 0 0 6 3 1 4 4 4 0 3 4 
7 5 7 7 7 8 7 9 7 11 3 9 4 7 7 4 3 9 9 5 11 5 4 9 9 6 5 7 10 3 3 12 6 3 3 7 10 5 3 2 9 3 8 6 10 7 7 6 5 3 
6 3 1 6 6 7 5 6 2 5 4 8 6 5 0 3 4 3 6 5 8 6 5 6 6 5 9 4 6 4 3 1 7 6 3 3 4 3 1 1 2 3 2 4 3 5 4 2 3 7 
8 7 10 11 9 9 9 11 12 6 10 9 8 8 12 17 7 13 10 9 2 14 9 7 5 6 7 11 10 10 12 10 13 12 8 10 14 12 6 7 3 12 11 11 12 12 7 11 9 12 
5 4 5 2 4 5 5 6 1 5 4 4 5 6 3 5 3 3 0 6 0 8 1 2 5 2 4 2 7 1 6 4 5 4 4 5 3 3 5 3 6 3 1 2 6 8 1 3 4 4 
8 4 4 9 8 7 8 8 13 7 9 10 10 5 6 5 4 9 5 6 5 10 8 10 4 4 7 7 9 9 3 3 6 4 9 14 8 10 5 9 8 10 9 7 10 3 6 8 5 6 
9 6 9 6 11 8 15 7 6 8 7 9 12 9 15 8 9 11 6 6 15 10 6 8 8 8 10 14 10 9 10 7 9 7 7 2 9 9 7 12 8 11 9 8 12 2 11 5 8 6 
6 8 4 6 1 9 9 3 0 9 5 5 4 3 8 6 4 6 5 10 3 8 4 7 2 8 9 3 8 8 7 4 2 4 2 9 3 2 7 5 5 7 6 1 6 4 7 2 5 5 
4 3 4 4 5 4 5 2 6 4 5 10 5 3 3 1 2 6 5 0 0 4 6 3 0 8 7 3 4 2 3 6 2 0 5 4 6 5 7 3 1 4 6 6 6 6 5 2 3 3 
10 10 10 11 11 13 11 8 7 8 12 9 12 14 9 12 9 14 7 5 13 10 7 12 17 8 6 16 11 14 11 9 13 10 10 8 10 12 15 8 5 7 6 3 16 4 13 4 12 4 
6 6 6 4 6 7 5 4 4 10 4 2 4 2 7 9 7 7 7 5 1 7 2 6 7 6 4 4 5 8 4 7 3 5 9 3 10 9 5 4 7 7 8 2 7 3 2 6 3 8 
DEPOT_SECTION
 1
 -1
EOF
