NAME  : Parada_30_7_0.95_1.00_8
TYPE : SVRP
MODEL : FINITE_SUPPORT
NUMBER_OF_SCENARIOS : 50
DIMENSION : 30
EDGE_WEIGHT_TYPE : MATRIX
CAPACITY : 26
N_VEHICLES : 7
NODE_COORD_SECTION
1 315540 194380
2 389620 343860
3 103030 86968
4 78704 466290
5 404910 191040
6 334840 342940
7 94966 133580
8 141210 144430
9 13817 18
10 509650 112200
11 345320 263770
12 375100 131790
13 124270 398900
14 611820 296360
15 110140 248060
16 386270 55589
17 506940 73158
18 17277 355130
19 9774 213180
20 76550 394160
21 472970 122080
22 116230 154290
23 567220 319460
24 605810 411470
25 373840 363170
26 124400 94939
27 196300 213510
28 43290 175560
29 27 79283
30 559700 215910
DEMAND_SECTION
1 0.0
2 10.0
3 5.0
4 10.0
5 9.0
6 1.0
7 8.0
8 10.0
9 10.0
10 6.0
11 5.0
12 9.0
13 5.0
14 6.0
15 6.0
16 8.0
17 1.0
18 5.0
19 1.0
20 7.0
21 1.0
22 10.0
23 6.0
24 9.0
25 1.0
26 8.0
27 9.0
28 5.0
29 2.0
30 4.0
DISTANCE_MATRIX
0.0 49.4975 35.1803 55.7785 10.7703 54.5306 29.0 38.3178 58.2927 63.9743 49.6488 44.4163 46.8934 35.9497 36.8782 53.8607 28.8753 52.852 39.9411 46.4082 64.7693 33.8489 39.9441 43.1999 50.04 40.3442 18.4391 41.8688 49.5936 24.2917 
49.4975 0.0 54.6907 95.9925 59.0762 9.48683 62.9828 62.0282 56.6127 28.0713 15.0 42.5206 87.093 70.5538 72.405 38.833 46.8701 86.6736 45.8246 88.5664 33.1361 61.7563 67.3435 82.5945 5.09902 46.2277 51.4782 38.0132 48.4665 63.3482 
35.1803 54.6907 0.0 45.382 40.9125 63.6923 6.32456 8.94427 28.4253 79.7506 44.5477 79.3019 36.9026 68.7477 19.3132 79.6599 65.7812 29.2539 20.8661 41.0488 82.5418 7.2111 73.1643 73.8302 51.6356 9.05539 18.3914 22.0907 22.8473 57.0606 
55.7785 95.9925 45.382 0.0 55.4727 103.377 40.5752 38.6394 64.0703 114.59 89.6401 97.9084 10.8995 76.4945 38.8516 107.353 82.3675 17.0 65.9585 13.0384 115.385 38.1836 83.8302 75.0267 94.4335 53.7122 44.5694 66.2624 63.2851 67.1565 
10.7703 59.0762 40.9125 55.4727 0.0 63.1506 35.1529 44.4708 68.397 68.9109 60.208 41.1096 48.9509 27.8927 42.7099 50.9313 25.4951 58.6717 50.0454 42.5472 66.6473 40.0018 33.0151 33.6006 60.0333 50.4486 26.0768 52.2015 59.6979 16.2788 
54.5306 9.48683 63.6923 103.377 63.1506 0.0 70.6049 71.0298 66.0984 19.0263 24.1868 39.8246 94.4773 70.6116 80.0271 33.9706 45.5412 94.2958 54.8262 95.3834 24.7386 70.7579 66.4078 83.3607 14.1421 55.2293 58.8218 47.4236 57.9396 65.1372 
29.0 62.9828 6.32456 40.5752 35.1529 70.6049 0.0 10.198 34.4093 82.9872 49.9054 74.8308 31.6757 62.5674 15.0 83.7011 55.9151 26.8328 26.2237 35.2278 83.8162 6.0 66.9839 68.6307 61.356 15.0333 12.2111 28.0 29.1548 50.8803 
38.3178 62.0282 8.94427 38.6394 44.4708 71.0298 10.198 0.0 27.8568 87.0881 51.8652 84.1486 30.0 72.069 14.0357 86.9974 70.6279 22.1359 28.2036 37.4833 89.8793 4.47214 76.3018 77.9485 58.9732 15.8114 21.5289 27.8568 25.02 60.3645 
58.2927 56.6127 28.4253 64.0703 68.397 66.0984 34.4093 27.8568 0.0 84.1724 42.5441 88.6237 58.8705 94.2095 41.5529 86.848 75.103 47.0956 30.3516 65.076 88.1192 31.305 98.2039 101.429 52.2015 23.0217 46.6192 20.0 9.05539 82.5514 
63.9743 28.0713 79.7506 114.59 68.9109 19.0263 82.9872 87.0881 84.1724 0.0 43.0465 34.0 105.69 68.1175 92.4094 24.3311 45.607 106.678 70.8845 105.591 7.07107 87.836 62.0322 81.0987 33.0151 71.2876 70.8378 64.846 75.6902 65.7343 
49.6488 15.0 44.5477 89.6401 60.208 24.1868 49.9054 51.8652 42.5441 43.0465 0.0 53.8739 80.7241 76.6616 63.8577 51.8941 53.0926 73.5109 35.6816 83.2406 48.0937 51.6134 75.2937 88.1022 10.0499 36.0555 46.0977 25.4951 34.9857 68.0294 
44.4163 42.5206 79.3019 97.9084 41.1096 39.8246 74.8308 84.1486 88.6237 34.0 53.8739 0.0 89.0233 34.2345 79.5943 10.7703 15.6205 95.556 70.4359 83.5838 29.4279 79.6797 28.0713 47.1699 46.669 70.839 62.62 68.3563 79.6736 33.541 
46.8934 87.093 36.9026 10.8995 48.9509 94.4773 31.6757 30.0 58.8705 105.69 80.7241 89.0233 0.0 69.9727 18.0294 98.4678 73.4824 13.2066 57.6952 9.48528 106.485 30.2746 77.3084 69.1836 85.534 45.911 35.6699 58.8705 57.0089 60.6347 
35.9497 70.5538 68.7477 76.4945 27.8927 70.6116 62.5674 72.069 94.2095 68.1175 76.6616 34.2345 69.9727 0.0 70.3081 44.7214 25.2982 81.1792 75.8579 63.561 63.6396 67.6 8.48528 13.0 73.0802 76.261 53.3104 77.8166 85.5103 11.7047 
36.8782 72.405 19.3132 38.8516 42.7099 80.0271 15.0 14.0357 41.5529 92.4094 63.8577 79.5943 18.0294 70.3081 0.0 88.4646 63.4792 22.7235 40.176 23.5372 93.3896 12.3693 74.5464 72.9959 70.7782 28.1603 21.6333 41.0 39.0512 58.6037 
53.8607 38.833 79.6599 107.353 50.9313 33.9706 83.7011 86.9974 86.848 24.3311 51.8941 10.7703 98.4678 44.7214 88.4646 0.0 25.6125 104.426 70.7938 93.8801 19.0263 85.1027 38.0526 57.5587 43.566 71.1969 71.4903 66.8514 77.876 44.2832 
28.8753 46.8701 65.7812 82.3675 25.4951 45.5412 55.9151 70.6279 75.103 45.607 53.0926 15.6205 73.4824 25.2982 63.4792 25.6125 0.0 79.441 56.9151 67.997 42.5441 60.764 22.8035 37.855 49.3965 57.3183 46.2419 56.0877 66.1529 20.2237 
52.852 86.6736 29.2539 17.0 58.6717 94.2958 26.8328 22.1359 47.0956 106.678 73.5109 95.556 13.2066 81.1792 22.7235 104.426 79.441 0.0 49.8292 20.6918 107.658 22.0556 90.5082 80.4158 80.5988 37.5766 35.2994 49.98 46.3897 74.5655 
39.9411 45.8246 20.8661 65.9585 50.0454 54.8262 26.2237 28.2036 30.3516 70.8845 35.6816 70.4359 57.6952 75.8579 40.176 70.7938 56.9151 49.8292 0.0 61.4437 73.6757 27.9317 79.8523 83.0779 42.7696 12.4031 26.8806 14.544 21.6525 64.1998 
46.4082 88.5664 41.0488 13.0384 42.5472 95.3834 35.2278 37.4833 65.076 105.591 83.2406 83.5838 9.48528 63.561 23.5372 93.8801 67.997 20.6918 61.4437 0.0 106.386 35.0571 70.9047 62.0081 87.4643 50.0899 37.3363 63.1269 62.3939 54.231 
64.7693 33.1361 82.5418 115.385 66.6473 24.7386 83.8162 89.8793 88.1192 7.07107 48.0937 29.4279 106.485 63.6396 93.3896 19.0263 42.5441 107.658 73.6757 106.386 0.0 88.6651 57.0789 76.531 38.2099 74.0788 71.7816 68.4471 79.4292 62.2977 
33.8489 61.7563 7.2111 38.1836 40.0018 70.7579 6.0 4.47214 31.305 87.836 51.6134 79.6797 30.2746 67.6 12.3693 85.1027 60.764 22.0556 27.9317 35.0571 88.6651 0.0 71.8328 73.4795 58.7013 15.8114 17.06 28.6356 27.4591 55.8956 
39.9441 67.3435 73.1643 83.8302 33.0151 66.4078 66.9839 76.3018 98.2039 62.0322 75.2937 28.0713 77.3084 8.48528 74.5464 38.0526 22.8035 90.5082 79.8523 70.9047 57.0789 71.8328 0.0 19.9249 71.2723 80.2554 57.3107 78.2137 88.2789 17.1172 
43.1999 82.5945 73.8302 75.0267 33.6006 83.3607 68.6307 77.9485 101.429 81.0987 88.1022 47.1699 69.1836 13.0 72.9959 57.5587 37.855 80.4158 83.0779 62.0081 76.531 73.4795 19.9249 0.0 85.0941 83.481 59.6406 85.0668 92.7304 20.2485 
50.04 5.09902 51.6356 94.4335 60.0333 14.1421 61.356 58.9732 52.2015 33.0151 10.0499 46.669 85.534 73.0802 70.7782 43.566 49.3965 80.5988 42.7696 87.4643 38.2099 58.7013 71.2723 85.0941 0.0 43.1393 50.1597 34.1321 44.2832 65.521 
40.3442 46.2277 9.05539 53.7122 50.4486 55.2293 15.0333 15.8114 23.0217 71.2876 36.0555 70.839 45.911 76.261 28.1603 71.1969 57.3183 37.5766 12.4031 50.0899 74.0788 15.8114 80.2554 83.481 43.1393 0.0 27.2837 13.0384 15.6205 64.603 
18.4391 51.4782 18.3914 44.5694 26.0768 58.8218 12.2111 21.5289 46.6192 70.8378 46.0977 62.62 35.6699 53.3104 21.6333 71.4903 46.2419 35.2994 26.8806 37.3363 71.7816 17.06 57.3107 59.6406 50.1597 27.2837 0.0 29.4246 36.5331 41.6293 
41.8688 38.0132 22.0907 66.2624 52.2015 47.4236 28.0 27.8568 20.0 64.846 25.4951 68.3563 58.8705 77.8166 41.0 66.8514 56.0877 49.98 14.544 63.1269 68.4471 28.6356 78.2137 85.0668 34.1321 13.0384 29.4246 0.0 11.0454 66.1586 
49.5936 48.4665 22.8473 63.2851 59.6979 57.9396 29.1548 25.02 9.05539 75.6902 34.9857 79.6736 57.0089 85.5103 39.0512 77.876 66.1529 46.3897 21.6525 62.3939 79.4292 27.4591 88.2789 92.7304 44.2832 15.6205 36.5331 11.0454 0.0 73.8523 
24.2917 63.3482 57.0606 67.1565 16.2788 65.1372 50.8803 60.3645 82.5514 65.7343 68.0294 33.541 60.6347 11.7047 58.6037 44.2832 20.2237 74.5655 64.1998 54.231 62.2977 55.8956 17.1172 20.2485 65.521 64.603 41.6293 66.1586 73.8523 0.0 
DEMAND_SCENARIO_SECTION
0 0 0 0 0 0 0 0 0 0 0 0 0 0 0 0 0 0 0 0 0 0 0 0 0 0 0 0 0 0 0 0 0 0 0 0 0 0 0 0 0 0 0 0 0 0 0 0 0 0 
11 12 11 17 11 13 11 15 10 10 10 11 7 11 10 11 10 10 9 4 12 13 16 13 10 15 15 7 9 4 15 8 10 10 13 8 14 10 14 12 12 11 12 13 9 9 0 12 15 10 
6 4 8 6 5 6 7 2 5 3 9 5 7 9 7 5 4 7 5 7 7 1 7 0 5 11 4 9 4 4 8 6 2 7 6 6 2 2 3 3 2 7 7 2 0 3 1 5 2 4 
11 7 4 7 5 10 10 8 13 16 11 7 11 11 12 6 9 15 9 5 10 16 17 4 14 5 11 9 9 12 10 7 10 11 12 6 9 11 8 12 14 14 5 12 9 5 11 11 12 13 
9 8 10 8 7 17 12 12 3 8 8 7 10 7 13 5 7 8 14 8 11 10 10 16 10 7 15 5 9 6 12 8 5 3 12 10 4 11 13 13 12 11 7 9 7 15 8 6 5 9 
0 1 0 0 1 0 2 2 0 1 2 1 1 2 2 2 1 1 2 0 0 2 1 1 1 1 1 0 1 1 3 1 0 1 1 2 2 3 2 2 1 2 1 1 1 1 2 2 0 2 
6 8 7 11 5 8 11 6 7 8 7 7 11 3 6 6 6 6 8 9 13 7 8 12 3 10 11 12 13 11 13 10 8 10 3 5 10 7 7 8 8 4 9 10 9 6 6 4 10 10 
9 13 8 11 9 14 7 3 5 11 9 11 11 10 9 12 12 15 12 9 14 7 10 7 3 5 12 7 7 11 9 12 15 14 10 12 13 5 5 3 7 9 16 10 6 16 13 7 12 10 
11 5 3 14 9 16 11 8 9 5 12 10 5 9 6 13 10 18 11 11 12 8 11 13 9 10 13 10 10 11 11 9 8 12 10 4 7 11 12 11 8 13 3 10 14 13 11 11 14 11 
8 6 5 5 7 6 4 7 10 7 6 3 7 9 5 7 5 3 10 3 6 5 5 4 8 3 6 7 10 2 5 6 8 9 4 6 4 8 4 5 5 10 8 8 5 4 6 9 5 5 
8 10 5 3 1 3 3 5 4 4 6 7 6 4 9 5 3 6 6 7 6 3 1 2 4 3 5 4 5 1 4 7 5 7 6 5 3 5 4 3 8 6 7 4 1 6 2 3 4 6 
5 11 11 9 5 10 8 3 13 14 11 12 10 12 15 5 13 7 7 10 7 8 7 9 8 13 9 15 10 8 13 12 12 13 7 9 12 9 11 10 10 13 10 5 12 14 6 10 10 6 
4 5 4 7 4 4 4 5 6 3 5 6 4 8 3 7 3 6 3 3 6 5 5 2 4 2 6 9 5 4 7 4 4 0 4 3 4 4 10 5 3 6 6 6 6 7 1 7 2 5 
5 7 4 7 5 4 3 4 4 3 6 4 5 4 3 6 7 9 5 5 7 5 2 4 5 5 7 6 3 9 7 6 8 6 3 3 9 4 3 5 3 5 0 5 9 7 5 6 6 9 
1 0 2 6 3 10 6 3 6 3 9 4 6 2 9 2 3 2 6 4 6 9 4 7 4 6 7 2 6 10 2 3 4 5 8 7 5 10 6 9 11 6 8 6 6 6 6 6 8 8 
11 10 10 3 5 10 6 8 10 6 4 7 9 10 4 9 16 6 8 9 7 8 12 8 6 8 7 11 11 13 7 8 4 12 10 11 10 3 8 8 8 8 5 8 9 8 6 11 2 10 
1 2 1 1 0 1 2 2 0 0 0 1 0 2 0 1 0 1 1 0 2 1 0 1 0 3 0 2 0 0 0 2 0 1 0 0 2 1 1 0 0 0 1 1 0 1 1 1 0 0 
6 7 7 6 4 6 11 7 5 4 4 3 7 3 7 4 5 1 5 0 2 3 1 5 2 3 0 2 5 7 2 5 4 3 2 8 0 3 6 5 1 5 8 4 5 5 6 1 6 9 
2 0 1 0 1 1 0 2 2 0 0 1 1 3 0 0 1 2 0 1 1 0 1 0 0 0 1 0 2 1 0 1 0 3 1 0 0 2 2 2 2 1 1 1 1 2 0 0 1 0 
13 9 10 8 3 4 6 4 7 7 4 6 6 0 9 5 6 6 2 4 12 7 5 7 10 10 2 6 9 8 12 9 1 6 7 9 7 10 10 8 9 7 5 10 5 5 5 10 5 3 
1 1 1 1 1 1 1 0 2 1 1 2 1 2 2 0 2 0 2 1 1 1 1 2 0 1 0 0 1 1 1 0 1 0 2 1 1 2 3 0 2 1 2 0 1 0 2 1 4 1 
9 10 12 10 12 10 10 9 9 11 8 14 8 9 9 12 18 13 11 11 10 12 8 17 9 14 10 14 12 8 8 9 13 11 11 12 15 13 8 9 11 8 11 8 9 10 4 8 10 12 
6 9 4 4 9 8 5 5 5 5 3 7 5 7 5 3 5 8 6 5 6 6 4 6 4 5 4 11 4 6 3 0 5 7 3 7 7 7 9 10 8 7 7 5 6 3 10 7 7 4 
9 10 8 9 9 7 12 5 9 8 8 7 12 14 9 13 12 2 12 8 11 8 13 8 10 7 12 13 2 14 9 15 6 12 4 7 5 12 7 6 9 10 9 16 8 10 5 4 12 6 
1 0 0 1 1 1 1 0 0 0 0 0 2 0 0 3 2 0 1 0 2 1 0 1 0 0 2 0 1 0 0 3 2 0 1 0 0 1 1 1 1 2 1 3 0 0 1 0 1 1 
11 5 6 10 5 10 4 12 9 11 5 3 12 10 5 8 6 8 6 8 17 7 10 14 4 6 10 4 10 5 3 8 10 3 3 8 11 8 7 10 10 12 9 11 4 9 10 10 7 8 
7 10 15 10 7 7 6 5 9 11 11 8 7 12 10 4 5 7 10 7 9 10 5 8 7 6 9 15 9 7 13 15 12 13 11 7 13 10 6 6 11 6 5 8 6 12 9 5 9 12 
4 10 6 4 11 3 7 3 8 3 5 8 5 6 1 8 4 3 5 7 6 5 8 7 6 2 8 2 7 10 5 4 3 7 4 8 2 6 4 6 5 0 7 7 8 5 7 4 4 4 
2 2 1 1 2 4 2 3 2 1 2 1 3 0 4 4 2 6 3 2 3 2 1 0 3 1 0 1 3 0 3 3 0 3 3 1 1 4 1 2 4 2 3 3 2 1 3 2 5 1 
2 6 2 1 6 4 1 4 6 4 5 8 4 5 6 2 7 5 4 5 1 1 2 3 5 3 4 6 3 3 2 1 6 0 5 5 4 3 1 2 5 5 5 3 3 3 8 2 2 3 
DEPOT_SECTION
 1
 -1
EOF
