NAME  : Parada_30_7_0.95_1.00_3
TYPE : SVRP
MODEL : FINITE_SUPPORT
NUMBER_OF_SCENARIOS : 50
DIMENSION : 30
EDGE_WEIGHT_TYPE : MATRIX
CAPACITY : 18
N_VEHICLES : 7
NODE_COORD_SECTION
1 157730 289390
2 440990 473770
3 212140 503610
4 233780 713520
5 484820 503060
6 247490 618330
7 72251 181900
8 321620 358420
9 190670 18
10 405800 424110
11 214800 545560
12 74904 304850
13 199890 288800
14 137790 336450
15 242020 648670
16 333160 642390
17 145290 199890
18 27 678200
19 814 642810
20 101530 331130
21 279760 336750
22 84018 268420
23 215520 386820
24 303580 702140
25 187580 585360
26 89900 264040
27 275020 451880
28 200140 608550
29 190890 573640
30 507950 486600
DEMAND_SECTION
1 0.0
2 1.0
3 1.0
4 7.0
5 6.0
6 8.0
7 1.0
8 2.0
9 1.0
10 4.0
11 5.0
12 1.0
13 4.0
14 4.0
15 10.0
16 7.0
17 4.0
18 5.0
19 7.0
20 1.0
21 7.0
22 8.0
23 1.0
24 1.0
25 10.0
26 1.0
27 1.0
28 6.0
29 3.0
30 3.0
DISTANCE_MATRIX
0.0 49.2349 35.805 68.3695 41.2311 57.6639 31.3847 29.6142 59.7606 60.7778 42.638 11.0454 6.32456 10.6301 54.5619 62.3699 22.8035 55.3503 55.1009 10.6301 23.0868 17.0294 47.5184 55.0091 41.7732 17.0 34.4243 46.2277 43.1393 41.8808 
49.2349 0.0 66.6288 26.1725 10.0499 20.025 79.7118 73.4668 108.922 12.0416 69.2648 57.6891 43.5839 65.1603 77.0584 78.2624 72.0489 47.2969 43.0116 59.8177 67.8629 63.9783 91.1437 63.0635 64.0312 63.5911 61.8466 65.0692 66.0303 13.1529 
35.805 66.6288 0.0 87.5161 56.5825 74.9895 52.9844 15.0 65.9242 78.6703 7.2111 43.8634 35.0167 46.4004 19.2094 28.6356 49.3943 85.7137 85.4643 35.0 19.9249 47.2017 71.4928 28.2843 10.0499 47.8017 69.3109 15.0 10.0499 53.99 
68.3695 26.1725 87.5161 0.0 33.6155 18.1108 81.0596 93.2749 112.812 20.2485 90.1521 65.8013 63.8095 64.7252 98.4733 101.193 79.5889 29.1204 23.7697 78.994 89.1043 66.5511 87.6812 86.9253 85.0225 65.5556 54.037 86.6768 87.021 37.7359 
41.2311 10.0499 56.5825 33.6155 0.0 22.6916 71.8909 64.4525 100.968 22.0907 59.2185 49.8682 35.3836 43.9772 67.1193 68.6586 64.0312 50.4056 46.4912 51.7397 59.3448 56.1574 85.9827 53.7587 54.0093 55.7702 59.2115 55.1453 56.0089 4.24264 
57.6639 20.025 74.9895 18.1108 22.6916 0.0 77.0321 82.5692 108.784 23.7065 77.6255 61.7739 53.1038 60.6978 85.9466 88.6752 80.2412 27.8568 24.1868 68.2884 76.1037 62.5236 86.6826 74.6651 72.4959 61.5282 56.4067 74.1592 74.4944 26.9205 
31.3847 79.7118 52.9844 81.0596 71.8909 77.0321 0.0 38.933 31.7648 88.4002 59.9275 22.2036 37.6962 29.7321 71.2208 81.4516 11.1803 61.131 64.5136 22.3607 33.0623 16.2788 18.6815 79.1109 62.4038 16.9706 33.0606 67.5013 62.8801 72.9452 
29.6142 73.4668 15.0 93.2749 64.4525 82.5692 38.933 0.0 51.1957 84.7731 21.3776 35.0024 31.0 39.2173 32.311 42.72 35.3428 81.5953 81.3459 25.6431 7.2111 37.8089 57.3847 43.1856 25.02 38.441 60.6121 30.0 25.02 61.86 
59.7606 108.922 65.9242 112.812 100.968 108.784 31.7648 51.1957 0.0 120.11 71.3442 52.6308 65.8443 60.6053 80.0062 91.0055 37.0298 92.358 96.0052 49.5576 49.0408 47.4342 33.1361 94.2019 75.9539 48.2597 63.3246 80.7527 75.6637 101.623 
60.7778 12.0416 78.6703 20.2485 22.0907 23.7065 88.4002 84.7731 120.11 0.0 81.3062 68.9954 54.8903 72.0658 89.0225 89.9444 83.3552 47.0106 42.0119 71.4023 79.1692 73.8917 98.0506 74.5252 76.0592 72.8962 67.3088 77.026 78.0577 25.02 
42.638 69.2648 7.2111 90.1521 59.2185 77.6255 59.9275 21.3776 71.3442 81.3062 0.0 50.9902 41.6197 53.2635 12.0416 21.5407 56.3373 92.3167 92.0673 42.2019 26.9258 54.4059 78.4359 23.4094 6.40312 55.0 76.3675 9.84886 5.0 56.5685 
11.0454 57.6891 43.8634 65.8013 49.8682 61.7739 22.2036 35.0024 52.6308 68.9954 50.9902 0.0 17.0294 8.06226 63.0317 71.6101 16.5529 47.4171 50.1077 9.84886 28.4009 6.32456 36.8782 65.3911 51.0392 6.08276 25.6125 55.7584 52.2015 50.9904 
6.32456 43.5839 35.0167 63.8095 35.3836 53.1038 37.6962 31.0 65.8443 54.8903 41.6197 17.0294 0.0 14.3178 53.4149 60.9017 28.8444 50.7903 50.5409 16.4012 25.318 23.1948 53.7587 53.3011 40.3553 23.0868 38.9657 44.6989 41.7967 35.805 
10.6301 65.1603 46.4004 64.7252 43.9772 60.6978 29.7321 39.2173 60.6053 72.0658 53.2635 8.06226 14.3178 0.0 65.192 72.9178 24.5967 46.341 49.0316 16.0 32.632 13.4536 42.72 65.3305 52.345 12.8062 24.7759 56.7274 53.7401 45.0994 
54.5619 77.0584 19.2094 98.4733 67.1193 85.9466 71.2208 32.311 80.0062 89.0225 12.0416 63.0317 53.4149 65.192 0.0 11.0 67.6307 104.112 104.949 54.2033 38.4708 66.4003 89.6939 20.6155 13.9284 67.0075 88.3918 12.0 12.083 64.0078 
62.3699 78.2624 28.6356 101.193 68.6586 88.6752 81.4516 42.72 91.0055 89.9444 21.5407 71.6101 60.9017 72.9178 11.0 0.0 77.8615 108.363 108.108 63.2851 48.4665 75.4718 99.96 16.1245 20.6155 76.0066 96.6119 16.2788 19.4165 65.1153 
22.8035 72.0489 49.3943 79.5889 64.0312 80.2412 11.1803 35.3428 37.0298 83.3552 56.3373 16.5529 28.8444 24.5967 67.6307 77.8615 0.0 61.2046 63.8952 12.53 29.4721 13.0384 29.8329 67.9537 58.8136 14.0357 36.1386 56.5003 59.29 64.6375 
55.3503 47.2969 85.7137 29.1204 50.4056 27.8568 61.131 81.5953 92.358 47.0106 92.3167 47.4171 50.7903 46.341 104.112 108.363 61.2046 0.0 5.38516 57.246 76.2274 48.1664 63.8122 95.6671 91.0524 47.1699 29.5296 93.4169 92.4938 54.6345 
55.1009 43.0116 85.4643 23.7697 46.4912 24.1868 64.5136 81.3459 96.0052 42.0119 92.0673 50.1077 50.5409 49.0316 104.949 108.108 63.8952 5.38516 0.0 59.9367 75.8357 50.8035 68.2422 98.4647 91.4985 49.8197 33.8378 93.1619 93.4971 50.7201 
10.6301 59.8177 35.0 78.994 51.7397 68.2884 22.3607 25.6431 49.5576 71.4023 42.2019 9.84886 16.4012 16.0 54.2033 63.2851 12.53 57.246 59.9367 0.0 19.0416 12.2066 40.0125 58.5235 42.9418 12.8062 35.2278 47.8539 43.909 52.2015 
23.0868 67.8629 19.9249 89.1043 59.3448 76.1037 33.0623 7.2111 49.0408 79.1692 26.9258 28.4009 25.318 32.632 38.4708 48.4665 29.4721 76.2274 75.8357 19.0416 0.0 31.2074 51.5707 47.0425 29.4279 31.8395 54.0106 34.5254 29.8329 59.3448 
17.0294 63.9783 47.2017 66.5511 56.1574 62.5236 16.2788 37.8089 47.4342 73.8917 54.4059 6.32456 23.1948 13.4536 66.4003 75.4718 13.0384 48.1664 50.8035 12.2066 31.2074 0.0 30.5941 70.2282 55.0727 1.0 24.1661 59.9416 56.0803 57.2796 
47.5184 91.1437 71.4928 87.6812 85.9827 86.6826 18.6815 57.3847 33.1361 98.0506 78.4359 36.8782 53.7587 42.72 89.6939 99.96 29.8329 63.8122 68.2422 40.0125 51.5707 30.5941 0.0 97.6736 80.9122 30.8058 34.4093 86.0097 81.3885 87.534 
55.0091 63.0635 28.2843 86.9253 53.7587 74.6651 79.1109 43.1856 94.2019 74.5252 23.4094 65.3911 53.3011 65.3305 20.6155 16.1245 67.9537 95.6671 98.4647 58.5235 47.0425 70.2282 97.6736 0.0 18.2483 70.5762 89.4114 13.6015 18.6815 50.0 
41.7732 64.0312 10.0499 85.0225 54.0093 72.4959 62.4038 25.02 75.9539 76.0592 6.40312 51.0392 40.3553 52.345 13.9284 20.6155 58.8136 91.0524 91.4985 42.9418 29.4279 55.0727 80.9122 18.2483 0.0 55.5698 75.9964 5.09902 2.0 51.1566 
17.0 63.5911 47.8017 65.5556 55.7702 61.5282 16.9706 38.441 48.2597 72.8962 55.0 6.08276 23.0868 12.8062 67.0075 76.0066 14.0357 47.1699 49.8197 12.8062 31.8395 1.0 30.8058 70.5762 55.5698 0.0 23.2594 60.4152 56.6039 56.8925 
34.4243 61.8466 69.3109 54.037 59.2115 56.4067 33.0606 60.6121 63.3246 67.3088 76.3675 25.6125 38.9657 24.7759 88.3918 96.6119 36.1386 29.5296 33.8378 35.2278 54.0106 24.1661 34.4093 89.4114 75.9964 23.2594 0.0 80.5563 77.2734 62.0322 
46.2277 65.0692 15.0 86.6768 55.1453 74.1592 67.5013 30.0 80.7527 77.026 9.84886 55.7584 44.6989 56.7274 12.0 16.2788 56.5003 93.4169 93.1619 47.8539 34.5254 59.9416 86.0097 13.6015 5.09902 60.4152 80.5563 0.0 5.09902 52.0096 
43.1393 66.0303 10.0499 87.021 56.0089 74.4944 62.8801 25.02 75.6637 78.0577 5.0 52.2015 41.7967 53.7401 12.083 19.4165 59.29 92.4938 93.4971 43.909 29.8329 56.0803 81.3885 18.6815 2.0 56.6039 77.2734 5.09902 0.0 53.1507 
41.8808 13.1529 53.99 37.7359 4.24264 26.9205 72.9452 61.86 101.623 25.02 56.5685 50.9904 35.805 45.0994 64.0078 65.1153 64.6375 54.6345 50.7201 52.2015 59.3448 57.2796 87.534 50.0 51.1566 56.8925 62.0322 52.0096 53.1507 0.0 
DEMAND_SCENARIO_SECTION
0 0 0 0 0 0 0 0 0 0 0 0 0 0 0 0 0 0 0 0 0 0 0 0 0 0 0 0 0 0 0 0 0 0 0 0 0 0 0 0 0 0 0 0 0 0 0 0 0 0 
3 1 1 1 2 2 1 2 2 2 0 1 1 0 3 1 3 0 1 1 1 1 0 1 1 2 1 2 2 1 1 3 1 1 2 2 1 0 0 2 2 1 0 2 0 1 2 0 0 1 
0 0 2 0 1 0 0 0 3 3 1 0 2 1 1 0 2 1 3 2 0 2 1 0 0 0 2 4 0 1 1 0 0 1 0 2 1 1 1 2 2 2 0 2 0 0 1 2 1 2 
4 2 7 7 7 8 9 5 4 11 8 8 6 12 9 5 6 9 2 3 7 7 8 4 11 5 3 8 4 8 8 9 7 6 4 6 7 8 6 4 4 8 1 5 3 7 6 9 6 6 
7 12 4 5 4 4 5 4 8 7 8 5 6 7 6 8 7 0 6 6 8 4 6 5 7 2 8 5 11 3 1 5 11 6 4 7 7 2 8 10 8 8 0 6 6 7 8 6 3 7 
4 4 8 6 9 11 9 7 7 12 7 7 12 6 9 6 5 8 12 12 13 8 7 4 5 9 5 10 11 7 6 7 6 4 6 9 7 12 7 15 4 11 6 9 7 6 7 12 2 5 
3 2 0 2 1 2 0 0 0 1 0 2 0 1 0 1 0 1 2 0 1 1 0 0 2 3 2 0 0 0 0 2 2 1 2 0 2 1 2 2 1 1 0 0 1 1 2 0 3 0 
0 2 3 2 2 3 1 0 2 3 4 1 2 2 4 4 2 0 1 1 5 3 2 2 2 3 4 1 3 2 2 3 1 4 2 0 3 1 1 1 1 5 3 0 4 2 4 2 0 0 
1 0 2 0 1 1 0 2 0 1 1 2 2 1 1 1 2 2 4 2 0 0 1 2 1 3 3 2 2 0 0 1 0 0 0 1 2 0 3 0 2 0 1 1 1 0 0 0 1 2 
3 7 5 7 2 7 5 4 1 6 4 5 2 4 5 4 4 9 2 3 5 6 5 3 7 7 7 1 2 6 6 1 3 5 4 6 4 0 4 6 6 0 4 3 1 4 3 4 5 4 
5 8 5 3 5 6 2 5 5 2 5 7 3 10 4 6 7 5 7 2 5 2 7 6 1 3 6 3 4 6 7 6 5 7 5 2 4 1 2 7 5 5 0 4 1 5 4 10 4 5 
1 2 1 0 0 0 2 1 0 1 0 1 0 0 1 1 1 2 1 0 0 0 1 1 0 1 1 1 2 2 1 1 1 2 2 0 0 1 0 1 0 2 2 0 0 1 1 1 2 3 
7 1 6 4 6 2 5 4 3 0 3 3 2 6 6 7 7 0 4 4 1 2 6 4 1 8 6 2 2 7 7 2 5 3 2 1 4 7 6 0 5 6 6 4 6 5 2 8 6 1 
1 5 3 3 6 3 6 2 6 7 2 6 3 2 5 5 6 3 4 6 3 7 3 5 1 0 3 4 9 5 0 5 4 1 4 6 5 6 4 7 0 2 7 3 6 3 2 3 4 2 
9 18 12 9 7 7 12 10 10 17 11 9 11 9 11 13 7 13 11 16 11 11 9 17 6 7 16 9 10 7 10 11 7 9 9 8 5 12 13 10 9 8 13 10 5 10 9 7 12 11 
7 8 7 7 7 5 8 8 4 10 7 9 11 8 6 4 9 12 8 6 4 5 7 4 10 8 12 5 7 3 5 8 4 8 3 9 10 5 4 9 5 6 2 8 4 4 7 14 11 4 
1 2 4 2 1 5 4 1 1 4 3 3 3 6 3 7 6 3 8 6 5 5 5 2 4 9 2 0 5 4 5 5 6 3 2 5 2 2 10 6 5 1 7 6 6 4 5 5 3 6 
5 0 6 7 7 4 6 8 6 6 0 5 3 9 7 6 6 6 6 6 4 7 3 4 7 10 4 6 4 6 10 4 8 3 6 5 6 6 4 4 5 5 5 3 6 3 5 4 6 4 
4 5 7 10 8 10 9 5 13 7 10 8 6 7 10 6 13 5 1 9 7 12 5 4 8 3 7 8 10 10 5 10 1 8 7 7 6 10 9 7 9 9 5 7 7 8 11 9 5 8 
1 0 2 1 3 2 0 3 2 0 0 1 1 1 2 1 1 0 0 0 0 1 0 1 1 0 0 0 1 1 0 1 1 2 1 0 1 1 1 1 2 1 0 2 1 3 3 0 0 1 
4 9 6 10 8 4 9 7 6 10 8 5 10 9 6 10 9 10 7 9 11 6 5 6 4 3 8 6 10 10 6 9 7 1 5 0 7 9 3 3 7 4 4 9 11 7 9 9 8 7 
7 10 10 6 11 7 7 7 9 10 6 5 2 7 7 5 6 11 6 3 5 7 6 5 3 5 3 14 6 7 9 10 7 8 4 12 4 5 6 8 7 9 9 9 4 3 5 12 10 12 
1 2 2 0 2 2 0 0 2 2 1 0 1 2 2 0 1 2 1 3 0 1 1 2 0 1 1 1 1 3 1 0 2 2 0 2 1 1 2 2 0 3 0 1 2 1 1 0 0 1 
1 1 1 1 1 0 2 1 0 1 1 2 1 1 3 2 1 2 1 2 1 1 1 0 0 3 1 0 2 1 0 2 1 0 2 0 1 2 1 2 1 1 0 0 2 0 1 1 1 1 
11 5 16 12 11 11 10 12 12 12 7 8 14 14 10 14 13 9 16 7 8 7 11 14 13 9 6 9 13 8 8 13 9 16 11 5 13 5 10 7 14 9 13 9 6 12 11 13 10 12 
2 0 3 0 1 0 2 0 1 0 2 2 1 0 0 1 2 2 2 3 1 0 1 1 1 1 0 0 1 1 1 0 1 1 2 1 1 0 1 0 2 3 1 0 2 2 2 0 0 1 
2 0 3 0 1 2 2 1 1 3 1 0 2 2 2 0 1 1 0 1 1 1 1 2 2 2 3 1 0 1 0 1 1 2 1 1 1 0 0 1 0 0 0 2 1 0 2 0 1 0 
6 3 5 8 8 6 3 7 7 2 11 3 9 5 4 4 6 8 6 7 4 0 5 6 3 6 8 11 8 4 4 7 5 2 8 4 7 6 1 9 5 9 5 6 8 4 6 8 6 9 
2 1 1 3 3 5 3 2 5 6 5 3 0 0 3 4 3 4 1 5 4 2 4 4 3 3 5 3 4 2 5 5 2 2 6 1 1 5 3 3 4 2 5 3 5 3 3 4 6 7 
3 5 1 4 2 4 4 1 6 4 5 6 5 4 4 3 4 2 3 4 3 1 0 3 5 3 4 2 4 3 4 2 2 4 5 2 3 4 4 1 3 3 0 2 6 0 5 3 1 3 
DEPOT_SECTION
 1
 -1
EOF
