NAME  : Parada_40_2_0.95_1.00_6
TYPE : SVRP
MODEL : FINITE_SUPPORT
NUMBER_OF_SCENARIOS : 50
DIMENSION : 40
EDGE_WEIGHT_TYPE : MATRIX
CAPACITY : 119
N_VEHICLES : 2
NODE_COORD_SECTION
1 396060 138020
2 671760 301800
3 598570 98686
4 550520 242170
5 515140 496070
6 267630 148450
7 480200 156140
8 740030 70779
9 131470 170630
10 746660 18
11 437350 263510
12 360750 548410
13 59440 231890
14 600360 130920
15 26529 260900
16 773140 171990
17 507440 308560
18 157880 410440
19 478180 521120
20 432360 345270
21 192810 100500
22 737200 174000
23 835560 212620
24 577990 274470
25 330470 266820
26 331960 107790
27 434000 562140
28 412420 164540
29 47351 183360
30 626580 70327
31 190180 306270
32 328890 122690
33 96535 61152
34 249290 336870
35 814650 180360
36 711830 205710
37 731800 336980
38 403770 367100
39 161970 228040
40 27 163090
DEMAND_SECTION
1 0.0
2 8.0
3 2.0
4 8.0
5 4.0
6 7.0
7 6.0
8 9.0
9 3.0
10 7.0
11 10.0
12 7.0
13 10.0
14 2.0
15 5.0
16 3.0
17 5.0
18 2.0
19 7.0
20 10.0
21 4.0
22 4.0
23 6.0
24 7.0
25 3.0
26 2.0
27 7.0
28 10.0
29 10.0
30 4.0
31 8.0
32 5.0
33 10.0
34 4.0
35 8.0
36 1.0
37 2.0
38 8.0
39 1.0
40 8.0
DISTANCE_MATRIX
0.0 49.8075 27.5146 24.3311 55.9893 20.6155 34.0588 44.7111 49.7235 51.6577 22.4818 57.8353 63.721 25.838 64.6116 49.6505 35.5084 43.3766 63.5175 33.2283 33.6155 45.2307 54.6474 37.7863 32.0156 11.4018 58.5471 5.0 59.6482 29.4295 38.3825 13.0384 46.6154 29.5118 56.0409 41.2872 52.345 31.8232 36.5623 53.4135 
49.8075 0.0 48.8262 64.7326 98.9272 51.0098 21.8403 44.3847 84.2846 37.054 80.1076 107.193 95.1893 53.6004 94.3663 65.8027 76.543 91.4581 104.805 85.4196 57.0701 62.6259 58.4209 13.0 36.6879 53.9189 106.264 45.0601 90.3549 42.8019 84.7654 55.8095 65.192 76.6271 69.6348 63.9766 80.9506 81.1955 69.1542 79.1202 
27.5146 48.8262 0.0 19.4165 52.3546 48.1132 46.7024 17.2627 71.4432 26.1725 34.2671 64.3905 89.2526 5.0 92.784 24.6982 30.6757 65.0058 57.4282 39.5792 59.071 20.2485 27.6586 38.4838 51.4782 37.7888 60.407 32.9326 81.368 6.32456 60.1023 38.8977 71.7271 51.1528 30.8707 18.0278 33.2415 44.1106 63.277 80.216 
24.3311 64.7326 19.4165 0.0 34.2426 43.1856 57.4125 36.0139 62.2513 45.5412 15.423 45.5464 80.269 15.0333 84.1676 33.8378 11.8584 55.4737 40.3113 20.7351 55.7386 30.0167 42.3792 53.6677 56.2939 31.4112 41.579 28.1603 72.25 23.2594 49.7163 31.9835 68.5101 40.6432 40.0 24.4131 29.7321 25.2664 57.0813 78.2337 
55.9893 98.9272 52.3546 34.2426 0.0 68.0074 89.6143 66.7308 65.7647 77.2528 33.8378 21.4009 82.4621 47.4131 87.8635 55.0364 22.6716 60.04 8.06226 23.4094 78.1108 53.3385 67.3647 87.8624 85.4225 56.4624 12.083 60.9035 74.7329 57.1402 53.2353 55.7136 88.955 47.0425 59.0762 47.5184 37.6563 27.4591 67.1863 87.023 
20.6155 51.0098 48.1132 43.1856 68.0074 0.0 30.8058 58.138 33.8623 61.7102 36.2215 65.3768 45.8803 46.4367 46.5296 70.2492 49.366 47.6416 75.8947 44.5982 13.0 65.8294 72.5224 39.2395 20.0 12.0416 68.0955 20.0 40.1082 42.1456 34.5808 12.3693 26.0 32.8106 76.6396 61.8858 72.3671 41.1461 18.7319 33.9706 
34.0588 21.8403 46.7024 57.4125 89.6143 30.8058 0.0 50.01 63.3202 47.0106 56.1068 90.9065 73.5527 50.279 72.5672 69.029 68.8558 74.2478 97.1424 66.6247 35.3553 65.0 65.5134 14.2127 14.8661 36.3593 91.9348 29.3116 69.029 40.4162 64.0387 38.0789 43.4626 59.4168 74.2428 64.2809 79.7008 65.1153 48.1664 57.28 
44.7111 44.3847 17.2627 36.0139 66.7308 58.138 50.01 0.0 88.6397 10.8167 50.3849 80.5047 106.449 21.0 104.36 21.5407 46.5296 82.9912 70.6824 55.697 70.2922 18.868 15.5242 38.0132 59.864 54.6989 75.9276 44.171 98.5645 17.4929 77.2988 56.0942 82.8168 68.3493 25.318 21.9317 38.9487 60.2284 76.3103 92.1012 
49.7235 84.2846 71.4432 62.2513 65.7647 33.8623 63.3202 88.6397 0.0 94.1801 47.0106 52.469 18.0278 69.7587 22.4722 93.4578 56.8243 27.0 73.5527 46.7321 30.0832 89.0791 98.5761 72.8376 50.2195 43.3 60.0083 52.4542 10.0 73.3582 13.0 41.7401 32.5269 21.6333 99.8602 83.5037 85.9826 41.0416 15.1327 23.4094 
51.6577 37.054 26.1725 45.5412 77.2528 61.7102 47.0106 10.8167 94.1801 0.0 60.2109 90.3344 107.041 30.5941 107.932 31.0644 56.5155 91.3079 81.3941 65.523 73.8451 29.0689 21.587 33.5261 58.3014 57.4382 86.1278 47.7432 101.259 24.1868 85.6155 59.4382 86.3674 76.666 33.6155 32.6497 49.4975 70.0544 79.8825 95.6734 
22.4818 80.1076 34.2671 15.423 33.8378 36.2215 56.1068 50.3849 47.0106 60.2109 0.0 39.0 65.0 29.6194 68.7968 46.0659 13.1529 40.4138 41.1825 12.53 48.0104 42.565 55.565 59.834 52.0279 24.1868 37.8021 27.396 57.0088 38.9833 34.6565 24.0208 60.2993 25.4951 51.997 36.6754 39.3573 14.0357 41.6583 62.8107 
57.8353 107.193 64.3905 45.5464 21.4009 65.3768 90.9065 80.5047 52.469 90.3344 39.0 0.0 67.0671 59.7428 73.0068 72.8354 34.0588 49.9249 26.4008 26.5707 72.7587 70.3491 84.214 95.1715 84.5736 55.233 10.0 62.7495 60.0083 68.5984 41.7612 53.9082 80.7775 44.9249 77.666 64.2806 57.5847 26.0768 58.3095 75.505 
63.721 95.1893 89.2526 80.269 82.4621 45.8803 73.5527 106.449 18.0278 107.041 65.0 67.0671 0.0 87.5681 6.32456 111.267 74.8103 44.9857 90.0278 64.7178 38.2099 106.889 116.385 84.4038 59.1354 52.658 75.5381 64.4825 8.06226 91.1676 30.8869 51.5991 33.9559 39.6611 117.67 102.542 104.01 59.0273 28.178 19.3132 
25.838 53.6004 5.0 15.0333 47.4131 46.4367 50.279 21.0 69.7587 30.5941 29.6194 59.7428 87.5681 0.0 91.0994 23.8537 25.9615 69.6701 52.4309 34.9315 59.4339 19.4165 29.1548 42.9418 54.0833 36.1122 55.6597 27.91 79.6834 10.8167 58.4178 37.2022 72.4322 49.4683 30.2324 15.8114 29.4279 39.4629 61.5535 78.5394 
64.6116 94.3663 92.784 84.1676 87.8635 46.5296 72.5672 104.36 22.4722 107.932 68.7968 73.0068 6.32456 91.0994 0.0 114.798 79.1581 49.3954 95.5249 69.1276 37.3631 110.42 119.917 84.119 57.8705 53.5486 81.3019 65.3731 13.1529 94.6989 35.4683 52.4897 31.0644 43.8292 121.201 106.073 108.046 63.4371 29.8329 16.0312 
49.6505 65.8027 24.6982 33.8378 55.0364 70.2492 69.029 21.5407 93.4578 31.0644 46.0659 72.8354 111.267 23.8537 114.798 0.0 40.1622 86.1166 56.8859 51.0784 83.2464 4.47214 13.0 58.4209 75.71 59.9247 66.0681 57.6135 103.382 29.8329 80.3592 61.0328 96.2448 71.2861 6.40312 9.43398 20.1246 55.9017 85.4049 102.344 
35.5084 76.543 30.6757 11.8584 22.6716 49.366 68.8558 46.5296 56.8243 56.5155 13.1529 34.0588 74.8103 25.9615 79.1581 40.1622 0.0 49.8246 29.2062 11.4018 61.0082 37.108 50.636 65.4781 65.0545 37.3363 29.7321 39.5689 66.7504 34.9105 44.0673 37.1214 73.1095 35.3412 45.6946 31.0483 29.7321 16.9706 53.3667 74.4648 
43.3766 91.4581 65.0058 55.4737 60.04 47.6416 74.2478 82.9912 27.0 91.3079 40.4138 49.9249 44.9857 69.6701 49.3954 86.1166 49.8246 0.0 68.0086 39.7321 42.8337 82.6158 95.6157 79.4368 66.8384 37.9193 55.8912 47.054 36.9258 67.7097 14.2426 36.3594 50.8534 15.0 92.0477 76.7262 79.0652 34.0416 28.3848 47.0 
63.5175 104.805 57.4282 40.3113 8.06226 75.8947 97.1424 70.6824 73.5527 81.3941 41.1825 26.4008 90.0278 52.4309 95.5249 56.8859 29.2062 68.0086 0.0 31.3209 86.1233 55.7853 69.6348 93.7403 93.0376 64.2573 16.4012 68.4317 82.3772 62.6259 61.131 63.5689 97.0155 55.0818 60.208 50.2892 38.0132 35.5106 75.2396 95.0053 
33.2283 85.4196 39.5792 20.7351 23.4094 44.5982 66.6247 55.697 46.7321 65.523 12.53 26.5707 64.7178 34.9315 69.1276 51.0784 11.4018 39.7321 31.3209 0.0 54.9181 47.7598 60.8769 70.5805 62.2656 33.1059 25.4951 38.1425 56.658 44.2954 33.9748 32.311 66.1975 25.7099 56.7979 41.7852 41.0122 5.83095 45.0999 65.7647 
33.6155 57.0701 59.071 55.7386 78.1108 13.0 35.3553 70.2922 30.0832 73.8451 48.0104 72.7587 38.2099 59.4339 37.3631 83.2464 61.0082 42.8337 86.1233 54.9181 0.0 78.8266 84.6937 46.8188 21.0 24.3311 77.4434 32.7567 34.1321 54.317 32.5269 24.0832 13.0 33.4775 89.6368 74.883 85.1469 50.7844 15.8114 22.8254 
45.2307 62.6259 20.2485 30.0167 53.3385 65.8294 65.0 18.868 89.0791 29.0689 42.565 70.3491 106.889 19.4165 110.42 4.47214 37.108 82.6158 55.7853 47.7598 78.8266 0.0 14.0357 54.7449 71.3863 55.5049 64.0078 53.1753 99.0039 25.4951 76.8584 56.6127 91.8249 67.7853 10.8167 6.08276 20.6155 52.3927 80.9693 97.9321 
54.6474 58.4209 27.6586 42.3792 67.3647 72.5224 65.5134 15.5242 98.5761 21.587 55.565 84.214 116.385 29.1548 119.917 13.0 50.636 95.6157 69.6348 60.8769 84.6937 14.0357 0.0 53.2353 74.9154 64.9216 78.0256 58.5554 108.501 30.6105 86.9542 66.0305 97.3499 78.0047 12.8062 20.0 33.1059 65.4085 90.4099 106.486 
37.7863 13.0 38.4838 53.6677 87.8624 39.2395 14.2127 38.0132 72.8376 33.5261 59.834 95.1715 84.4038 42.9418 84.119 58.4209 65.4781 79.4368 93.7403 70.5805 46.8188 54.7449 53.2353 0.0 28.0179 41.8977 95.8993 33.0389 79.0759 32.2025 73.4765 43.7883 56.4358 64.6058 63.0714 55.0818 71.5122 69.1743 57.7071 69.4622 
32.0156 36.6879 51.4782 56.2939 85.4225 20.0 14.8661 59.864 50.2195 58.3014 52.0279 84.5736 59.1354 54.0833 57.8705 75.71 65.0545 66.8384 93.0376 62.2656 21.0 71.3863 74.9154 28.0179 0.0 29.4109 86.8389 28.2843 55.0818 45.8912 51.0522 30.6105 28.6356 52.0074 81.4923 69.4622 83.0241 59.6406 35.171 42.45 
11.4018 53.9189 37.7888 31.4112 56.4624 12.0416 36.3593 54.6989 43.3 57.4382 24.1868 55.233 52.658 36.1122 53.5486 59.9247 37.3363 37.9193 64.2573 33.1059 24.3311 55.5049 64.9216 41.8977 29.4109 0.0 57.4282 13.6015 46.8755 39.7037 31.959 2.0 37.108 23.0883 66.3151 51.4782 60.8769 30.2324 25.4993 42.4382 
58.5471 106.264 60.407 41.579 12.083 68.0955 91.9348 75.9276 60.0083 86.1278 37.8021 10.0 75.5381 55.6597 81.3019 66.0681 29.7321 55.8912 16.4012 25.4951 77.4434 64.0078 78.0256 95.8993 86.8389 57.4282 0.0 63.4613 68.1836 64.631 48.3735 56.3028 86.636 44.2249 70.4557 58.0345 49.4773 27.2029 64.276 82.4924 
5.0 45.0601 32.9326 28.1603 60.9035 20.0 29.3116 44.171 52.4542 47.7432 27.396 62.7495 64.4825 27.91 65.3731 57.6135 39.5689 47.054 68.4317 38.1425 32.7567 53.1753 58.5554 33.0389 28.2843 13.6015 63.4613 0.0 58.7001 28.1787 42.6886 15.5242 45.6508 33.8179 63.7089 50.5699 55.0364 36.7374 37.3238 53.7587 
59.6482 90.3549 81.368 72.25 74.7329 40.1082 69.029 98.5645 10.0 101.259 57.0088 60.0083 8.06226 79.6834 13.1529 103.382 66.7504 36.9258 82.3772 56.658 34.1321 99.0039 108.501 79.0759 55.0818 46.8755 68.1836 58.7001 0.0 83.2829 22.8254 45.8166 32.6497 31.6228 109.785 94.657 95.9635 50.9675 21.8403 19.799 
29.4295 42.8019 6.32456 23.2594 57.1402 42.1456 40.4162 17.4929 73.3582 24.1868 38.9833 68.5984 91.1676 10.8167 94.6989 29.8329 34.9105 67.7097 62.6259 44.2954 54.317 25.4951 30.6105 32.2025 45.8912 39.7037 64.631 28.1787 83.2829 0.0 62.0172 40.8126 66.9732 53.0678 35.7351 24.0208 39.5601 48.8268 65.192 76.1088 
38.3825 84.7654 60.1023 49.7163 53.2353 34.5808 64.0387 77.2988 13.0 85.6155 34.6565 41.7612 30.8869 58.4178 35.4683 80.3592 44.0673 14.2426 61.131 33.9748 32.5269 76.8584 86.9542 73.4765 51.0522 31.959 48.3735 42.6886 22.8254 62.0172 0.0 30.3992 39.3573 9.21954 86.2904 70.9688 73.3078 28.2843 17.2047 34.1321 
13.0384 55.8095 38.8977 31.9835 55.7136 12.3693 38.0789 56.0942 41.7401 59.4382 24.0208 53.9082 51.5991 37.2022 52.4897 61.0328 37.1214 36.3594 63.5689 32.311 24.0832 56.6127 66.0305 43.7883 30.6105 2.0 56.3028 15.5242 45.8166 40.8126 30.3992 0.0 36.6742 21.5284 67.424 52.4786 61.4655 29.1548 24.4403 41.3793 
46.6154 65.192 71.7271 68.5101 88.955 26.0 43.4626 82.8168 32.5269 86.3674 60.2993 80.7775 33.9559 72.4322 31.0644 96.2448 73.1095 50.8534 97.0155 66.1975 13.0 91.8249 97.3499 56.4358 28.6356 37.108 86.636 45.6508 32.6497 66.9732 39.3573 36.6742 0.0 42.45 102.635 87.8814 97.9847 61.5224 22.4722 15.0333 
29.5118 76.6271 51.1528 40.6432 47.0425 32.8106 59.4168 68.3493 21.6333 76.666 25.4951 44.9249 39.6611 49.4683 43.8292 71.2861 35.3412 15.0 55.0818 25.7099 33.4775 67.7853 78.0047 64.6058 52.0074 23.0883 44.2249 33.8179 31.6228 53.0678 9.21954 21.5284 42.45 0.0 77.2172 61.8956 64.3506 20.2237 20.2237 40.1995 
56.0409 69.6348 30.8707 40.0 59.0762 76.6396 74.2428 25.318 99.8602 33.6155 51.997 77.666 117.67 30.2324 121.201 6.40312 45.6946 92.0477 60.208 56.7979 89.6368 10.8167 12.8062 63.0714 81.4923 66.3151 70.4557 63.7089 109.785 35.7351 86.2904 67.424 102.635 77.2172 0.0 15.6205 22.3607 61.7738 91.7857 108.742 
41.2872 63.9766 18.0278 24.4131 47.5184 61.8858 64.2809 21.9317 83.5037 32.6497 36.6754 64.2806 102.542 15.8114 106.073 9.43398 31.0483 76.7262 50.2892 41.7852 74.883 6.08276 20.0 55.0818 69.4622 51.4782 58.0345 50.5699 94.657 24.0208 70.9688 52.4786 87.8814 61.8956 15.6205 0.0 17.2047 46.5188 77.0324 93.8525 
52.345 80.9506 33.2415 29.7321 37.6563 72.3671 79.7008 38.9487 85.9826 49.4975 39.3573 57.5847 104.01 29.4279 108.046 20.1246 29.7321 79.0652 38.0132 41.0122 85.1469 20.6155 33.1059 71.5122 83.0241 60.8769 49.4773 55.0364 95.9635 39.5601 73.3078 61.4655 97.9847 64.3506 22.3607 17.2047 0.0 46.6905 81.0166 102.169 
31.8232 81.1955 44.1106 25.2664 27.4591 41.1461 65.1153 60.2284 41.0416 70.0544 14.0357 26.0768 59.0273 39.4629 63.4371 55.9017 16.9706 34.0416 35.5106 5.83095 50.7844 52.3927 65.4085 69.1743 59.6406 30.2324 27.2029 36.7374 50.9675 48.8268 28.2843 29.1548 61.5224 20.2237 61.7738 46.5188 46.6905 0.0 40.0 60.407 
36.5623 69.1542 63.277 57.0813 67.1863 18.7319 48.1664 76.3103 15.1327 79.8825 41.6583 58.3095 28.178 61.5535 29.8329 85.4049 53.3667 28.3848 75.2396 45.0999 15.8114 80.9693 90.4099 57.7071 35.171 25.4993 64.276 37.3238 21.8403 65.192 17.2047 24.4403 22.4722 20.2237 91.7857 77.0324 81.0166 40.0 0.0 21.1896 
53.4135 79.1202 80.216 78.2337 87.023 33.9706 57.28 92.1012 23.4094 95.6734 62.8107 75.505 19.3132 78.5394 16.0312 102.344 74.4648 47.0 95.0053 65.7647 22.8254 97.9321 106.486 69.4622 42.45 42.4382 82.4924 53.7587 19.799 76.1088 34.1321 41.3793 15.0333 40.1995 108.742 93.8525 102.169 60.407 21.1896 0.0 
DEMAND_SCENARIO_SECTION
0 0 0 0 0 0 0 0 0 0 0 0 0 0 0 0 0 0 0 0 0 0 0 0 0 0 0 0 0 0 0 0 0 0 0 0 0 0 0 0 0 0 0 0 0 0 0 0 0 0 
12 9 10 8 12 7 3 10 7 4 8 12 8 8 6 7 7 6 7 5 8 10 5 7 4 9 8 2 7 9 4 8 8 9 8 6 8 7 7 11 5 7 4 11 7 6 7 11 12 6 
4 4 2 2 3 2 2 3 2 1 1 4 3 1 2 0 2 3 0 2 0 3 2 0 1 3 5 2 3 4 0 1 1 3 3 5 1 1 3 2 3 1 3 2 2 5 3 2 3 2 
11 10 7 5 7 7 11 10 7 8 7 9 10 9 9 7 5 7 7 4 9 2 9 10 10 8 7 12 11 5 5 9 9 9 4 12 11 4 11 8 8 8 7 5 7 5 12 11 10 10 
5 3 7 4 2 4 2 2 4 2 6 4 6 7 6 2 6 3 5 2 8 7 2 3 6 5 7 2 6 9 3 4 3 4 2 4 3 5 2 4 5 5 7 2 5 4 5 4 4 3 
7 4 8 5 5 4 9 9 6 0 3 9 7 8 6 3 8 5 7 6 7 6 8 4 8 8 7 8 7 5 6 8 2 7 5 7 9 5 5 8 8 4 12 8 6 7 5 6 7 8 
7 4 8 7 7 5 7 3 4 6 6 0 5 4 4 5 5 13 5 8 7 6 6 6 7 7 5 4 5 11 8 7 4 8 5 9 6 7 5 9 3 5 6 6 8 6 8 9 4 7 
9 10 13 12 10 6 10 5 5 12 10 13 10 10 11 6 8 11 13 5 4 6 17 4 8 4 13 18 11 15 9 10 10 14 11 10 8 9 12 7 11 7 9 9 12 13 7 9 4 10 
2 2 2 4 6 8 4 3 3 3 6 2 1 2 6 4 3 0 1 2 6 2 2 0 3 4 5 5 6 3 4 0 5 0 2 3 3 3 5 4 3 3 4 4 6 4 0 6 1 6 
7 5 7 5 9 4 6 8 6 7 1 9 11 11 6 4 10 8 6 4 9 6 6 11 7 9 8 3 9 7 6 3 6 8 5 11 8 7 9 2 6 6 5 4 6 7 11 4 7 10 
10 7 13 8 10 8 5 5 13 11 13 13 9 10 17 9 8 11 12 3 14 8 15 13 14 15 9 10 12 9 15 13 13 10 13 8 11 3 12 13 9 2 10 7 9 6 14 11 14 16 
10 7 6 9 9 2 3 6 7 5 11 6 3 2 2 11 15 4 9 9 6 5 11 8 10 7 2 8 9 8 5 6 11 9 6 12 5 8 9 6 8 9 7 8 7 8 9 12 5 8 
10 10 10 8 11 8 8 12 13 15 7 12 15 8 12 14 13 9 6 14 10 11 13 11 12 10 12 11 10 14 10 14 7 12 10 7 11 13 13 11 5 16 14 10 9 7 10 8 11 5 
2 0 2 1 3 2 2 1 2 2 2 1 2 1 2 1 3 0 3 3 2 3 3 4 0 2 2 4 3 2 2 3 4 4 2 3 5 0 5 2 2 2 1 3 2 2 4 4 3 4 
9 9 6 5 6 2 3 10 7 4 1 6 2 4 4 4 6 1 5 0 0 6 3 5 4 3 6 6 4 2 8 3 5 3 6 4 6 9 6 4 1 4 2 6 4 2 5 5 5 5 
3 0 2 5 1 4 2 4 4 2 5 2 5 0 3 2 5 4 5 1 0 0 0 3 0 5 3 3 2 3 0 0 0 0 2 4 0 2 1 0 5 3 3 2 3 5 2 3 5 1 
5 4 1 3 5 7 4 5 5 7 3 7 9 4 5 6 3 6 6 4 7 5 5 4 7 5 8 5 3 6 2 5 6 2 3 5 3 5 7 2 5 4 5 0 7 5 7 5 4 4 
2 1 3 0 1 2 6 5 2 3 2 2 2 2 2 0 3 3 4 2 2 1 5 2 2 1 6 2 2 0 3 1 1 2 4 2 3 2 2 5 1 2 1 3 1 4 0 1 3 2 
9 7 7 14 4 2 2 6 7 7 7 5 6 4 4 6 3 9 7 3 4 7 9 8 8 9 3 7 6 7 10 5 7 3 12 5 6 8 4 6 4 7 6 8 10 8 0 7 9 6 
11 12 14 10 6 13 13 15 10 8 7 10 8 9 8 14 8 4 10 11 4 7 9 8 4 11 14 11 12 16 7 14 10 13 10 12 12 6 7 6 18 13 6 14 8 10 8 11 7 11 
4 4 5 8 6 7 4 4 3 2 7 6 5 5 2 1 1 3 4 4 6 7 4 4 6 1 6 3 7 5 8 4 5 6 5 3 7 7 8 6 4 8 2 4 3 5 6 7 6 5 
7 7 1 8 4 5 3 4 5 3 4 5 3 3 8 2 1 6 1 3 2 3 4 5 4 4 6 5 6 7 5 0 6 4 3 3 6 4 1 8 5 4 9 4 2 1 4 2 5 3 
5 7 7 7 11 1 6 7 4 4 5 8 8 5 4 6 7 6 4 4 7 5 8 5 4 4 10 5 3 6 5 3 9 2 7 6 9 6 3 6 7 10 9 7 6 2 8 7 3 9 
6 7 9 11 8 6 4 8 5 9 7 5 10 7 9 6 8 7 3 4 9 11 8 10 4 10 11 4 9 5 7 2 7 6 7 6 7 9 5 7 1 8 4 7 5 8 7 7 6 6 
2 5 5 1 2 5 0 2 2 4 4 1 4 1 4 3 0 3 3 4 5 1 5 1 3 0 4 0 1 4 3 1 3 2 1 2 3 2 4 5 0 2 3 5 4 5 4 0 5 6 
3 3 1 2 4 1 3 2 1 1 3 4 3 1 6 2 3 2 0 5 0 3 3 0 1 3 1 0 3 2 1 3 0 2 2 4 2 4 0 4 2 2 0 2 1 2 2 2 1 4 
10 9 4 8 9 9 8 9 3 6 11 9 3 5 8 5 11 11 7 8 9 6 8 8 7 6 12 8 12 7 5 10 9 7 6 4 10 5 7 6 10 3 5 9 8 7 8 7 5 8 
4 12 6 9 13 5 8 11 12 9 9 11 8 12 11 10 8 10 11 16 10 7 11 12 9 9 12 7 13 13 13 3 11 11 4 9 11 11 7 11 18 6 8 8 14 8 15 10 8 9 
7 14 5 7 18 11 12 8 14 8 9 14 9 8 7 14 12 10 9 8 6 9 12 9 12 8 11 9 14 9 9 10 6 9 6 10 10 9 9 11 11 14 11 12 9 15 13 12 13 11 
2 4 3 0 1 4 5 3 7 2 5 6 3 7 7 4 4 3 1 1 6 1 4 3 2 2 5 2 6 2 4 0 5 5 3 2 4 6 7 3 0 4 4 4 3 3 6 3 5 8 
10 7 7 9 10 5 11 5 8 7 2 10 6 13 5 6 6 10 6 11 4 8 10 13 5 11 10 7 3 12 9 6 10 10 12 7 6 10 4 11 10 8 8 7 4 10 2 8 8 11 
4 3 6 4 1 2 5 4 8 2 8 5 1 2 8 3 5 6 0 3 6 8 3 7 6 5 7 8 4 8 4 3 3 0 5 8 7 5 6 5 6 5 4 7 7 2 6 7 5 3 
14 7 9 15 9 13 7 13 14 9 8 12 11 12 12 6 12 7 9 12 16 15 15 10 18 10 11 5 7 11 13 11 12 8 7 13 12 5 8 7 12 6 13 12 11 19 13 9 15 16 
7 6 5 4 6 3 6 1 3 4 2 6 4 2 7 3 0 3 5 5 5 5 6 4 3 3 5 4 7 9 3 5 0 1 2 5 4 3 4 6 0 4 5 4 4 9 5 4 4 3 
6 7 12 9 6 6 3 5 8 13 11 5 5 9 5 9 5 9 11 8 9 10 12 14 6 9 3 3 11 11 4 15 13 4 12 8 11 3 8 5 6 8 8 4 5 6 11 6 10 9 
1 2 0 1 0 2 1 1 2 3 2 0 1 2 1 2 0 1 2 2 1 1 0 2 0 1 3 0 1 1 2 2 0 2 0 2 0 1 1 2 1 0 1 1 1 0 1 0 1 1 
0 2 2 5 1 2 2 0 4 2 0 5 0 3 1 4 1 1 2 2 1 3 1 3 2 0 0 3 1 2 3 1 0 2 0 4 1 4 2 2 1 3 2 2 1 3 2 3 1 3 
7 7 8 10 7 3 5 3 6 6 11 6 5 8 5 10 6 10 7 7 9 6 11 7 6 7 9 9 6 11 9 10 8 11 6 13 8 4 3 11 9 9 10 7 12 12 14 6 0 8 
2 0 1 3 2 2 1 1 2 2 2 1 2 0 2 0 2 1 0 1 1 1 0 0 2 1 1 1 0 2 3 0 1 0 1 0 0 2 1 0 1 3 2 0 0 0 3 0 3 2 
6 10 9 7 6 10 12 7 6 13 5 10 11 5 13 8 8 9 11 8 7 5 3 13 8 9 4 9 7 8 7 4 7 6 9 11 6 5 11 7 11 4 4 8 4 13 9 8 13 6 
DEPOT_SECTION
 1
 -1
EOF
