NAME  : Parada_40_2_0.95_1.00_7
TYPE : SVRP
MODEL : FINITE_SUPPORT
NUMBER_OF_SCENARIOS : 50
DIMENSION : 40
EDGE_WEIGHT_TYPE : MATRIX
CAPACITY : 110
N_VEHICLES : 2
NODE_COORD_SECTION
1 349400 249830
2 102130 194490
3 399510 40900
4 50123 441680
5 306820 117180
6 354270 62645
7 484410 72072
8 529980 195860
9 52156 123470
10 125920 300310
11 176050 51092
12 45017 436680
13 512310 94018
14 304440 511390
15 94083 386030
16 470560 386130
17 451080 15963
18 33636 456080
19 328840 65298
20 326320 398730
21 27 101550
22 43280 344390
23 523240 473450
24 430180 83601
25 491210 155790
26 178790 18
27 469540 245230
28 84829 499110
29 280130 42296
30 349910 495700
31 101550 325600
32 475040 521650
33 40621 264370
34 263810 146540
35 588390 175900
36 496050 396520
37 53918 274960
38 170460 502600
39 158400 86097
40 363070 403790
DEMAND_SECTION
1 0.0
2 8.0
3 2.0
4 6.0
5 5.0
6 4.0
7 9.0
8 5.0
9 7.0
10 9.0
11 2.0
12 10.0
13 4.0
14 1.0
15 3.0
16 1.0
17 7.0
18 7.0
19 7.0
20 1.0
21 3.0
22 7.0
23 5.0
24 6.0
25 7.0
26 6.0
27 8.0
28 8.0
29 5.0
30 6.0
31 7.0
32 10.0
33 10.0
34 3.0
35 4.0
36 6.0
37 1.0
38 2.0
39 4.0
40 4.0
DISTANCE_MATRIX
0.0 35.5281 43.5897 35.7217 49.7554 50.7588 33.558 21.2172 49.3356 53.0964 36.1248 36.6832 30.088 32.8024 51.1595 41.5933 45.2588 37.2814 56.3805 54.7857 79.5435 41.9403 48.3735 44.8219 23.4272 44.1022 12.0879 46.3052 62.8426 43.3393 47.4932 51.8941 33.3737 58.1006 57.9973 37.3631 29.773 70.2662 29.4279 31.7805 
35.5281 0.0 48.5681 33.8378 38.1182 50.01 54.4022 54.3014 15.0 18.0278 18.4391 34.4093 51.5533 53.4252 26.3059 73.437 73.7846 32.6497 87.141 90.3121 66.4906 21.4709 83.3352 54.054 47.6382 21.6333 47.6143 38.4187 94.2693 58.3095 16.0 79.3095 13.0384 43.1856 82.2744 72.7973 14.8661 34.9857 20.2237 61.0328 
43.5897 48.5681 0.0 78.2233 14.7648 7.2111 11.7047 30.4138 54.6443 66.5066 33.6006 79.1847 16.1555 67.7544 73.9562 67.9559 35.171 79.2348 48.7032 63.0317 36.0555 66.9982 68.352 6.32456 21.6333 38.8973 33.9706 88.2446 55.7136 78.6947 64.3191 81.6884 55.4605 20.0998 33.9706 55.7136 55.0179 82.662 28.4605 62.2758 
35.7217 33.8378 78.2233 0.0 65.132 79.6746 66.8784 54.4556 47.0106 34.0588 48.9198 1.0 63.4084 25.2982 25.0 52.6703 78.5793 3.60555 89.6173 85.407 95.4593 18.0 66.3987 78.1423 56.7476 54.4885 45.3263 11.7047 96.0265 26.1725 28.1603 52.3927 20.8087 71.4505 91.3177 65.2582 19.799 47.2969 47.4146 39.5382 
49.7554 38.1182 14.7648 65.132 0.0 13.0384 24.1868 40.6079 42.0476 55.7315 21.1896 65.8912 28.0179 70.3344 64.0078 77.4393 49.7443 64.8643 63.3445 76.1643 31.9061 57.4283 78.8543 21.0238 31.4006 25.0 42.6512 72.1517 70.3847 80.6688 54.0833 89.3095 45.8907 8.60233 48.4149 66.2873 45.4481 71.1688 18.0 69.3425 
50.7588 50.01 7.2111 79.6746 13.0384 0.0 18.7883 37.5899 55.0091 67.9117 34.0147 80.636 23.2594 74.9235 75.3402 75.1665 40.3113 80.686 53.3667 69.2604 28.8444 68.4494 75.4004 12.1655 28.8444 38.0132 41.1606 83.1728 60.1664 85.8638 65.7647 88.8651 56.9118 15.2315 36.3593 62.7733 56.4692 83.8153 29.8329 69.4449 
33.558 54.4022 11.7047 66.8784 24.1868 18.7883 0.0 18.868 60.7647 71.2492 39.7362 67.8399 4.47214 57.6975 77.1185 56.6127 27.8942 67.8899 41.3319 52.0384 47.5318 70.1604 56.648 12.5498 10.6301 45.5326 23.6008 76.8997 48.508 68.6623 68.1096 70.7672 58.6228 31.0644 40.7719 44.0114 58.1802 88.8742 34.5808 51.7397 
21.2172 54.3014 30.4138 54.4556 40.6079 37.5899 18.868 0.0 65.8564 71.6889 48.7647 55.417 14.4222 42.9535 69.9754 37.8021 24.0416 56.0153 35.5106 37.9473 66.3725 60.7562 38.3275 31.3904 9.21954 56.5155 9.21954 65.0391 42.2019 54.1295 68.271 52.345 52.1896 48.5077 37.054 25.7099 48.5889 89.1467 41.4849 34.1321 
49.3356 15.0 54.6443 47.0106 42.0476 55.0091 60.7647 65.8564 0.0 19.2354 21.095 47.4236 63.0357 68.2353 32.2025 88.3629 85.1293 45.1774 98.4857 103.695 65.0077 31.4006 97.2934 60.1303 59.0762 18.2483 61.3931 49.2037 105.614 72.4224 21.9317 94.2603 26.9258 44.3847 88.3506 86.6833 29.4279 30.1496 26.9072 76.0263 
53.0964 18.0278 66.5066 34.0588 55.7315 67.9117 71.2492 71.6889 19.2354 0.0 35.0571 34.1321 69.0785 58.3095 13.4536 82.8613 91.1721 31.257 104.528 104.267 82.3893 16.1245 94.0213 71.9925 65.0256 35.5106 62.783 32.6956 111.657 60.208 6.08276 85.5862 19.7231 60.0333 102.179 85.0882 23.3238 17.6918 38.0789 69.6419 
36.1248 18.4391 33.6006 48.9198 21.1896 34.0147 39.7362 48.7647 21.095 35.0571 0.0 49.679 42.8045 63.7371 44.7214 77.6466 67.4816 48.6004 81.3766 86.6833 48.0521 39.5601 84.0536 39.1019 40.8534 8.0 45.1774 55.5698 88.4208 71.6134 34.2345 86.6833 29.1548 25.0 67.3222 72.3395 29.2062 50.0 7.28011 66.9403 
36.6832 34.4093 79.1847 1.0 65.8912 80.636 67.8399 55.417 47.4236 34.1321 49.679 0.0 64.3698 25.632 24.7386 53.1174 79.5407 3.16228 90.5788 86.3684 96.2185 18.0278 66.8458 79.1038 57.709 55.1725 46.2877 10.7703 96.988 26.0768 28.2843 52.6308 21.4009 72.2097 92.2791 66.2196 20.5183 47.0744 48.1738 39.9854 
30.088 51.5533 16.1555 63.4084 28.0179 23.2594 4.47214 14.4222 63.0357 69.0785 42.8045 64.3698 0.0 54.231 74.6695 52.2015 24.8182 64.9681 38.2559 48.1664 52.004 67.7114 52.2015 17.022 6.7082 48.6008 19.7231 73.9919 45.432 65.192 65.6606 66.4831 56.1737 35.2278 36.5032 39.5601 55.7312 86.5098 37.4631 47.634 
32.8024 53.4252 67.7544 25.2982 70.3344 74.9235 57.6975 42.9535 68.2353 58.3095 63.7371 25.632 54.231 0.0 50.2892 28.3196 65.0308 28.7924 72.6911 60.3738 102.237 42.7551 42.5206 68.9866 47.5395 70.8992 34.7851 33.8378 77.666 11.1803 52.2398 27.2947 41.2161 78.4113 79.7621 39.3954 38.8334 72.5328 58.1655 15.8114 
51.1595 26.3059 73.9562 25.0 64.0078 75.3402 77.1185 69.9754 32.2025 13.4536 44.7214 24.7386 74.6695 50.2892 0.0 77.5149 94.017 21.587 105.139 101.912 92.7631 9.21954 89.6683 79.4422 70.6166 46.8188 60.8461 20.3961 111.601 50.1597 10.7703 77.3692 20.2485 69.4622 108.048 81.8352 23.2594 22.3607 46.0109 64.3829 
41.5933 73.437 67.9559 52.6703 77.4393 75.1665 56.6127 37.8021 88.3629 82.8613 77.6466 53.1174 52.2015 28.3196 77.5149 0.0 51.4296 56.2437 54.1295 35.5106 104.01 68.9493 14.7648 69.0655 46.3249 85.5862 34.9285 62.0081 57.2189 35.5106 76.844 16.1555 63.7887 85.0614 68.0 17.72 60.4152 98.7755 71.0211 13.4164 
45.2588 73.7846 35.171 78.5793 49.7443 40.3113 27.8942 24.0416 85.1293 91.1721 67.4816 79.5407 24.8182 65.0308 94.017 51.4296 0.0 80.1389 13.8924 31.0161 64.9384 84.7978 44.5982 28.8617 26.4008 73.2779 33.2415 89.1627 21.095 76.1052 87.7541 67.5426 78.2673 55.109 16.6433 34.1321 72.6305 108.63 62.3262 53.1507 
37.2814 32.6497 79.2348 3.60555 64.8643 80.686 67.8899 56.0153 45.1774 31.257 48.6004 3.16228 64.9681 28.7924 21.587 56.2437 80.1389 0.0 91.177 86.9667 95.1916 15.1327 69.9721 79.1538 58.3073 53.7587 46.8859 9.05539 97.5862 29.0172 25.4951 55.7853 19.799 71.1829 92.8774 66.8179 19.4165 43.9318 47.147 43.1116 
56.3805 87.141 48.7032 89.6173 63.3445 53.3667 41.3319 35.5106 98.4857 104.528 81.3766 90.5788 38.2559 72.6911 105.139 54.1295 13.8924 91.177 0.0 24.7588 76.1052 95.9195 43.8634 42.3792 39.598 87.1729 44.2945 100.201 7.2111 83.3847 101.111 70.0928 87.3529 68.4105 22.1359 36.4966 83.7522 121.986 72.9131 59.0085 
54.7857 90.3121 63.0317 85.407 76.1643 69.2604 52.0384 37.9473 103.695 104.267 86.6833 86.3684 48.1664 60.3738 101.912 35.5106 31.0161 86.9667 24.7588 0.0 95.5667 92.7631 22.0227 57.1402 46.0977 94.3716 43.4166 92.683 24.5967 69.6419 98.6642 50.0 84.5447 83.0 45.4863 21.095 80.944 121.437 79.404 44.7772 
79.5435 66.4906 36.0555 95.4593 31.9061 28.8444 47.5318 66.3725 65.0077 82.3893 48.0521 96.2185 52.004 102.237 92.7631 104.01 64.9384 95.1916 76.1052 95.5667 0.0 87.3613 104.139 40.2492 57.6888 47.0425 69.9454 102.479 82.0 112.572 82.201 117.65 76.2168 24.1661 55.0818 91.512 75.7754 95.0842 48.1041 98.2296 
41.9403 21.4709 66.9982 18.0 57.4283 68.4494 70.1604 60.7562 31.4006 16.1245 39.5601 18.0278 67.7114 42.7551 9.21954 68.9493 84.7978 15.1327 95.9195 92.7631 87.3613 0.0 80.6776 72.4841 62.9662 43.0465 51.6269 17.8045 102.382 44.1022 10.4403 70.0357 12.0416 63.561 101.09 72.8011 14.5602 30.0832 39.6232 55.6708 
48.3735 83.3352 68.352 66.3987 78.8543 75.4004 56.648 38.3275 97.2934 94.0213 84.0536 66.8458 52.2015 42.5206 89.6683 14.7648 44.5982 69.9721 43.8634 22.0227 104.139 80.6776 0.0 69.1571 47.5395 92.0489 39.0128 75.789 45.607 50.2494 88.1419 28.0179 74.4648 86.8332 61.0737 12.6491 70.9366 110.476 77.0065 26.8701 
44.8219 54.054 6.32456 78.1423 21.0238 12.1655 12.5498 31.3904 60.1303 71.9925 39.1019 79.1038 17.022 68.9866 79.4422 69.0655 28.8617 79.1538 42.3792 57.1402 40.2492 72.4841 69.1571 0.0 22.8149 44.6878 35.4332 88.1636 49.3964 79.9269 69.8051 83.0033 60.9465 26.3059 28.3196 56.53 60.5039 88.1479 33.9465 63.7138 
23.4272 47.6382 21.6333 56.7476 31.4006 28.8444 10.6301 9.21954 59.0762 65.0256 40.8534 57.709 6.7082 47.5395 70.6166 46.3249 26.4008 58.3073 39.598 46.0977 57.6888 62.9662 47.5395 22.8149 0.0 48.384 13.0384 67.3311 46.6905 58.5235 61.6077 60.208 52.1209 39.2938 38.0868 34.9285 51.6783 82.4834 33.6155 41.1096 
44.1022 21.6333 38.8973 54.4885 25.0 38.0132 45.5326 56.5155 18.2483 35.5106 8.0 55.1725 48.6008 70.8992 46.8188 85.5862 73.2779 53.7587 87.1729 94.3716 47.0425 43.0465 92.0489 44.6878 48.384 0.0 53.1507 60.0 94.2171 77.5844 36.0555 94.3716 33.9706 26.2488 72.8629 80.3057 34.7131 48.3735 15.1327 74.7329 
12.0879 47.6143 33.9706 45.3263 42.6512 41.1606 23.6008 9.21954 61.3931 62.783 45.1774 46.2877 19.7231 34.7851 60.8461 34.9285 33.2415 46.8859 44.2945 43.4166 69.9454 51.6269 39.0128 35.4332 13.0384 53.1507 0.0 55.9097 50.774 45.8803 57.1798 47.8017 43.0603 50.83 46.1736 27.1662 39.4596 79.9528 38.0526 28.2843 
46.3052 38.4187 88.2446 11.7047 72.1517 83.1728 76.8997 65.0391 49.2037 32.6956 55.5698 10.7703 73.9919 33.8378 20.3961 62.0081 89.1627 9.05539 100.201 92.683 102.479 17.8045 75.789 88.1636 67.3311 60.0 55.9097 0.0 106.61 31.0483 27.7849 59.6154 26.4197 78.4702 101.901 71.5983 26.9258 42.0 54.4343 48.9285 
62.8426 94.2693 55.7136 96.0265 70.3847 60.1664 48.508 42.2019 105.614 111.657 88.4208 96.988 45.432 77.666 111.601 57.2189 21.095 97.5862 7.2111 24.5967 82.0 102.382 45.607 49.3964 46.6905 94.2171 50.774 106.61 0.0 88.1192 108.239 72.8354 93.8149 75.2861 27.1662 40.0 90.2142 129.114 80.0413 63.3877 
43.3393 58.3095 78.6947 26.1725 80.6688 85.8638 68.6623 54.1295 72.4224 60.208 71.6134 26.0768 65.192 11.1803 50.1597 35.5106 76.1052 29.0172 83.3847 69.6419 112.572 44.1022 50.2494 79.9269 58.5235 77.5844 45.8803 31.0483 88.1192 0.0 54.3323 29.1548 45.5412 88.7456 90.934 49.0408 43.4626 72.4431 68.4967 25.0 
47.4932 16.0 64.3191 28.1603 54.0833 65.7647 68.1096 68.271 21.9317 6.08276 34.2345 28.2843 65.6606 52.2398 10.7703 76.844 87.7541 25.4951 101.111 98.6642 82.201 10.4403 88.1419 69.8051 61.6077 36.0555 57.1798 27.7849 108.239 54.3323 0.0 79.511 14.2127 59.1354 99.0393 79.404 17.8045 22.8035 36.1248 63.6003 
51.8941 79.3095 81.6884 52.3927 89.3095 88.8651 70.7672 52.345 94.2603 85.5862 86.6833 52.6308 66.4831 27.2947 77.3692 16.1555 67.5426 55.7853 70.0928 50.0 117.65 70.0357 28.0179 83.0033 60.208 94.3716 47.8017 59.6154 72.8354 29.1548 79.511 0.0 68.0 97.6548 84.0773 33.8378 65.0308 99.6895 80.6536 20.1246 
33.3737 13.0384 55.4605 20.8087 45.8907 56.9118 58.6228 52.1896 26.9258 19.7231 29.1548 21.4009 56.1737 41.2161 20.2485 63.7887 78.2673 19.799 87.3529 84.5447 76.2168 12.0416 74.4648 60.9465 52.1209 33.9706 43.0603 26.4197 93.8149 45.5412 14.2127 68.0 0.0 52.2092 89.5525 65.3682 3.60555 37.0135 28.1733 50.8035 
58.1006 43.1856 20.0998 71.4505 8.60233 15.2315 31.0644 48.5077 44.3847 60.0333 25.0 72.2097 35.2278 78.4113 69.4622 85.0614 55.109 71.1829 68.4105 83.0 24.1661 63.561 86.8332 26.3059 39.2938 26.2488 50.83 78.4702 75.2861 88.7456 59.1354 97.6548 52.2092 0.0 51.4782 74.2159 51.7666 74.3303 24.0416 77.6878 
57.9973 82.2744 33.9706 91.3177 48.4149 36.3593 40.7719 37.054 88.3506 102.179 67.3222 92.2791 36.5032 79.7621 108.048 68.0 16.6433 92.8774 22.1359 45.4863 55.0818 101.09 61.0737 28.3196 38.0868 72.8629 46.1736 101.901 27.1662 90.934 99.0393 84.0773 89.5525 51.4782 0.0 50.774 89.1099 116.368 62.1668 68.9638 
37.3631 72.7973 55.7136 65.2582 66.2873 62.7733 44.0114 25.7099 86.6833 85.0882 72.3395 66.2196 39.5601 39.3954 81.8352 17.72 34.1321 66.8179 36.4966 21.095 91.512 72.8011 12.6491 56.53 34.9285 80.3057 27.1662 71.5983 40.0 49.0408 79.404 33.8378 65.3682 74.2159 50.774 0.0 61.7738 102.083 65.192 24.0416 
29.773 14.8661 55.0179 19.799 45.4481 56.4692 58.1802 48.5889 29.4279 23.3238 29.2062 20.5183 55.7312 38.8334 23.2594 60.4152 72.6305 19.4165 83.7522 80.944 75.7754 14.5602 70.9366 60.5039 51.6783 34.7131 39.4596 26.9258 90.2142 43.4626 17.8045 65.0308 3.60555 51.7666 89.1099 61.7738 0.0 40.6079 27.7307 47.5184 
70.2662 34.9857 82.662 47.2969 71.1688 83.8153 88.8742 89.1467 30.1496 17.6918 50.0 47.0744 86.5098 72.5328 22.3607 98.7755 108.63 43.9318 121.986 121.437 95.0842 30.0832 110.476 88.1479 82.4834 48.3735 79.9528 42.0 129.114 72.4431 22.8035 99.6895 37.0135 74.3303 116.368 102.083 40.6079 0.0 54.231 85.497 
29.4279 20.2237 28.4605 47.4146 18.0 29.8329 34.5808 41.4849 26.9072 38.0789 7.28011 48.1738 37.4631 58.1655 46.0109 71.0211 62.3262 47.147 72.9131 79.404 48.1041 39.6232 77.0065 33.9465 33.6155 15.1327 38.0526 54.4343 80.0413 68.4967 36.1248 80.6536 28.1733 24.0416 62.1668 65.192 27.7307 54.231 0.0 60.7289 
31.7805 61.0328 62.2758 39.5382 69.3425 69.4449 51.7397 34.1321 76.0263 69.6419 66.9403 39.9854 47.634 15.8114 64.3829 13.4164 53.1507 43.1116 59.0085 44.7772 98.2296 55.6708 26.8701 63.7138 41.1096 74.7329 28.2843 48.9285 63.3877 25.0 63.6003 20.1246 50.8035 77.6878 68.9638 24.0416 47.5184 85.497 60.7289 0.0 
DEMAND_SCENARIO_SECTION
0 0 0 0 0 0 0 0 0 0 0 0 0 0 0 0 0 0 0 0 0 0 0 0 0 0 0 0 0 0 0 0 0 0 0 0 0 0 0 0 0 0 0 0 0 0 0 0 0 0 
5 12 3 7 11 8 10 11 8 10 6 8 6 6 13 2 11 8 5 6 9 5 13 11 10 11 13 12 12 12 10 14 7 9 12 7 12 10 5 10 7 8 6 5 5 13 8 10 7 12 
0 0 5 2 5 1 1 4 4 4 2 2 1 3 1 2 2 1 2 3 4 3 2 6 0 3 3 2 1 3 5 0 2 0 3 2 4 5 5 2 1 1 0 0 3 3 1 3 3 2 
8 9 3 2 8 8 2 3 7 3 4 5 3 5 7 4 5 7 4 7 3 10 5 6 7 4 4 8 7 6 10 3 9 4 9 8 5 6 5 7 3 3 3 6 9 9 5 7 5 4 
8 6 4 2 3 7 7 5 9 3 7 7 3 8 5 1 5 5 5 5 7 7 3 5 1 2 7 3 7 6 1 4 1 7 8 3 4 10 10 4 5 5 5 9 8 2 10 2 4 8 
3 5 4 2 3 2 2 1 3 5 3 5 0 1 7 2 4 4 3 7 6 0 4 4 4 4 3 3 6 3 2 5 4 5 6 5 5 7 6 2 5 6 3 3 7 2 8 6 1 5 
9 4 5 15 13 5 4 10 13 2 9 4 12 8 7 10 7 10 2 5 16 0 9 9 15 13 10 7 10 10 11 8 11 5 5 9 7 11 13 10 8 7 14 8 6 10 6 8 7 14 
0 4 5 5 8 3 3 2 6 3 9 4 7 4 5 5 7 2 3 5 7 4 5 5 5 5 4 9 7 6 3 6 10 4 5 11 4 3 3 4 4 3 6 11 6 9 1 7 6 4 
5 8 1 8 9 8 7 0 5 9 6 9 6 7 6 10 8 7 13 10 5 5 10 13 8 0 6 5 2 5 4 4 5 6 10 10 7 8 11 3 11 11 15 10 5 7 8 6 7 8 
8 13 8 7 7 10 7 7 9 13 9 9 8 10 10 7 11 8 7 11 8 12 6 8 11 10 8 10 14 13 11 9 10 9 5 7 13 10 0 12 13 6 12 7 5 6 10 9 12 6 
1 4 3 0 1 3 0 0 1 2 0 1 2 3 2 3 1 0 0 2 1 2 3 2 1 3 2 2 0 3 3 2 0 2 2 2 2 2 2 3 1 0 0 2 2 3 3 2 2 5 
10 12 6 12 8 10 11 12 10 0 11 6 10 14 12 12 10 12 10 6 9 7 9 8 5 9 11 16 10 18 10 6 4 9 11 4 6 8 6 8 11 17 9 12 12 8 13 8 14 11 
4 3 3 8 5 3 5 1 6 3 5 7 1 3 6 5 2 3 3 3 4 4 6 5 6 6 4 4 4 7 6 3 9 1 4 5 5 6 5 6 9 3 2 3 1 4 2 7 2 4 
1 3 0 0 0 0 1 1 1 0 0 1 0 1 2 1 0 2 1 0 2 0 0 2 0 1 2 0 2 1 1 1 3 0 3 1 3 0 0 1 0 0 1 2 1 2 1 1 0 1 
4 0 0 2 0 5 4 2 4 2 5 1 4 3 5 3 2 2 4 2 4 1 0 3 1 1 6 3 2 3 2 4 5 2 2 5 3 4 2 2 6 6 1 3 3 0 2 5 3 3 
2 1 2 1 0 2 0 1 2 1 2 0 0 0 1 2 1 1 0 1 1 3 0 0 2 0 2 1 1 0 1 2 2 0 0 2 0 1 0 0 1 2 1 1 0 1 0 1 0 2 
8 6 8 7 7 6 13 10 6 4 8 7 4 7 5 4 5 7 8 6 5 7 10 6 10 8 10 1 12 4 6 9 5 7 7 9 8 2 7 0 8 5 9 8 6 4 8 8 8 10 
5 9 12 8 3 12 7 11 12 3 8 6 6 2 6 8 9 6 6 6 7 5 10 11 10 10 8 7 4 5 7 10 12 4 5 10 9 9 8 4 6 7 5 8 10 9 10 8 7 9 
8 7 6 10 8 9 9 3 9 8 7 8 5 9 6 5 5 6 7 7 7 9 8 5 6 6 6 4 9 8 3 6 6 11 5 3 8 5 10 5 4 7 3 4 7 8 6 3 11 8 
2 1 1 2 2 1 0 4 2 1 1 0 0 0 0 1 3 0 2 3 0 0 4 1 2 1 1 0 1 1 0 2 0 1 1 2 1 2 1 0 1 2 1 2 2 0 2 3 0 1 
4 7 4 1 2 3 3 5 3 1 5 4 2 0 7 2 5 2 4 0 3 6 4 5 1 4 2 2 3 1 6 2 0 3 2 1 3 0 4 4 2 4 3 6 4 5 4 2 3 3 
8 5 9 10 5 7 9 11 9 6 8 2 9 10 9 4 10 8 8 4 7 7 6 8 3 7 5 6 3 12 7 3 7 7 4 8 11 8 10 9 7 2 7 9 5 8 4 8 4 4 
4 8 3 4 3 3 7 1 6 4 3 4 2 7 3 6 3 5 6 1 6 8 4 5 5 6 6 7 9 3 3 8 6 3 3 7 5 3 7 5 5 4 2 7 5 5 3 6 2 6 
6 6 12 1 5 6 8 3 9 5 9 5 3 7 9 5 4 5 6 5 7 3 8 3 3 8 3 6 5 9 7 11 7 4 1 10 7 6 10 7 3 8 10 7 5 7 6 6 6 10 
7 8 5 9 10 10 10 10 7 8 4 8 4 4 5 6 6 3 5 6 5 7 6 8 8 11 13 14 10 8 11 5 9 10 6 5 9 7 9 9 9 11 6 9 13 2 6 9 8 6 
5 8 6 5 3 5 4 4 5 7 8 8 3 2 6 9 3 10 6 3 5 4 5 6 6 5 2 4 5 5 6 8 6 8 8 4 6 5 2 7 6 12 2 3 7 7 3 2 8 5 
8 4 6 12 9 4 8 3 9 9 15 12 8 12 11 9 10 12 4 11 3 5 6 6 8 5 9 5 9 11 10 10 8 2 7 8 5 13 12 12 14 8 6 9 9 5 10 6 5 12 
9 12 8 9 7 10 9 9 8 10 13 12 8 8 7 11 5 6 6 9 7 3 9 5 9 6 7 11 8 11 5 8 9 7 5 9 8 6 9 9 6 7 8 5 10 5 13 8 12 7 
7 8 4 8 7 6 3 7 7 6 8 3 6 6 5 0 7 9 7 0 10 3 4 9 7 7 5 10 5 6 6 7 9 4 4 6 8 2 7 6 4 0 8 2 6 7 1 7 7 11 
6 5 5 7 4 8 4 5 6 8 3 5 6 5 9 5 4 7 4 8 2 3 2 9 7 7 9 7 6 5 7 5 7 11 11 7 4 6 3 7 12 7 7 6 10 3 1 8 6 9 
6 7 5 2 12 10 4 10 7 0 7 6 5 5 8 9 7 8 3 7 9 5 5 9 10 7 7 7 1 11 7 7 7 5 6 9 7 12 9 11 6 8 3 8 3 8 7 8 11 9 
15 7 11 12 18 9 9 8 13 9 13 10 15 10 10 10 16 7 12 3 13 10 16 10 9 12 8 8 9 5 7 7 10 9 8 6 6 8 12 10 10 12 11 9 5 11 10 7 10 11 
9 14 11 4 7 3 11 7 18 9 4 10 9 9 11 16 7 11 9 12 7 13 13 13 11 11 6 10 9 10 7 9 10 9 6 11 6 12 4 11 11 8 15 13 12 17 15 11 6 11 
0 5 3 2 4 0 2 0 4 1 5 3 3 2 0 0 3 4 0 3 3 3 3 4 4 2 0 2 6 2 4 3 1 1 3 1 5 4 5 1 5 6 5 4 5 5 0 3 4 4 
4 2 6 5 3 4 0 3 9 4 2 5 5 6 6 7 7 3 3 9 3 2 4 3 6 3 4 6 7 6 3 0 6 6 4 5 4 5 5 2 5 4 4 2 3 2 1 5 4 5 
6 9 3 6 6 7 5 8 10 5 7 6 9 10 7 1 9 4 6 10 4 6 10 7 4 7 7 4 4 5 9 1 6 2 6 11 4 9 5 5 6 8 5 3 7 5 3 11 7 8 
2 2 3 1 2 0 0 2 2 2 1 1 0 2 1 2 1 1 0 1 1 1 2 2 0 1 2 2 2 0 0 1 0 1 1 1 0 1 0 1 1 1 0 1 1 2 0 0 0 2 
4 2 6 2 4 3 3 3 0 2 1 4 2 5 1 0 2 3 4 3 2 3 3 1 3 3 2 4 3 5 1 2 1 2 2 4 3 0 3 2 5 2 3 3 4 2 2 2 3 2 
4 2 4 3 5 4 5 6 2 4 3 6 3 6 4 7 5 3 2 4 2 2 4 5 3 8 4 6 3 2 3 6 6 4 3 2 4 4 6 8 5 5 0 6 3 10 7 1 4 3 
3 3 3 3 1 8 5 2 6 6 3 5 5 5 3 5 4 5 2 1 2 6 2 1 4 6 7 2 4 3 7 5 3 5 5 4 1 1 8 3 5 1 2 5 0 4 6 3 1 4 
DEPOT_SECTION
 1
 -1
EOF
