NAME  : Parada_40_2_0.95_1.00_0
TYPE : SVRP
MODEL : FINITE_SUPPORT
NUMBER_OF_SCENARIOS : 50
DIMENSION : 40
EDGE_WEIGHT_TYPE : MATRIX
CAPACITY : 115
N_VEHICLES : 2
NODE_COORD_SECTION
1 433430 292900
2 808180 359610
3 513650 389380
4 456530 548320
5 728780 355710
6 335190 473500
7 447880 49425
8 683180 241290
9 559620 18
10 362890 73851
11 177330 232490
12 122650 371320
13 576700 404520
14 564480 19686
15 712150 426760
16 751620 238360
17 298860 316880
18 96711 321920
19 328010 588000
20 689310 405930
21 556330 212160
22 303230 461340
23 559800 426290
24 617910 467370
25 155050 384400
26 104250 297100
27 345010 476330
28 262180 494230
29 363140 276630
30 524580 293960
31 417730 608600
32 515510 298420
33 27 157850
34 177840 303310
35 493020 82628
36 201900 274690
37 757470 311860
38 290930 519000
39 8322 226080
40 305540 102350
DEMAND_SECTION
1 0.0
2 6.0
3 2.0
4 10.0
5 8.0
6 5.0
7 5.0
8 3.0
9 5.0
10 7.0
11 10.0
12 9.0
13 6.0
14 6.0
15 7.0
16 7.0
17 1.0
18 4.0
19 9.0
20 3.0
21 8.0
22 4.0
23 9.0
24 3.0
25 7.0
26 5.0
27 2.0
28 7.0
29 1.0
30 3.0
31 6.0
32 10.0
33 9.0
34 4.0
35 3.0
36 4.0
37 10.0
38 3.0
39 5.0
40 3.0
DISTANCE_MATRIX
0.0 50.775 23.1948 33.1252 46.6891 46.4531 37.8021 36.0601 53.8145 31.0161 54.7755 34.6699 28.4429 54.037 41.3044 57.2364 54.9779 41.8688 47.5599 36.8403 27.2029 45.7588 31.0644 24.6117 33.2415 43.1393 46.6285 34.429 12.1655 13.0 41.9154 12.53 67.897 48.1041 38.2884 42.72 55.6708 38.0278 61.0737 35.3553 
50.775 0.0 34.0588 44.7772 27.5136 70.2353 75.0 40.5216 85.9884 74.9667 95.9135 83.4237 24.7588 87.6926 18.1108 26.9072 89.3588 91.0858 60.8769 22.0 53.0848 66.7083 25.2389 35.1283 82.9765 92.7859 71.5891 63.1456 58.774 37.7815 49.4773 38.4461 117.302 98.8779 70.2567 93.4934 15.2643 68.2422 110.99 82.0 
23.1948 34.0588 0.0 17.1979 35.8489 40.8584 59.0339 46.2485 74.267 53.8516 66.0606 55.3939 9.43398 74.8536 28.2843 46.1736 59.5981 63.5523 35.4113 26.0 45.2176 38.0908 9.43398 29.0294 56.6506 65.8801 42.1623 33.2927 28.4605 13.6015 25.2982 15.0 89.7927 75.3426 58.0738 70.0727 41.4367 38.3901 84.2317 58.5491 
33.1252 44.7772 17.1979 0.0 51.0507 25.807 70.5219 69.0332 86.6531 63.0635 54.3783 47.2969 23.0217 86.7909 43.0 61.0 45.4533 56.1951 18.2483 41.2018 60.3795 21.9317 20.3961 44.4067 51.2445 59.2284 27.2029 21.9317 25.7099 30.679 9.21954 32.0634 80.2309 72.0069 71.2911 67.0739 54.9181 25.807 77.1364 66.1287 
46.6891 27.5136 35.8489 51.0507 0.0 74.8867 49.8197 13.1529 59.1354 52.3927 100.089 81.1967 28.5304 61.0328 10.6301 13.6015 93.6263 88.8588 69.2627 9.84886 27.6586 72.119 32.3211 23.1905 77.0419 86.8374 76.1905 67.3209 56.547 35.5536 58.8795 36.2182 111.661 81.396 44.1022 76.3835 18.4391 72.4184 104.117 60.4025 
46.4531 70.2353 40.8584 25.807 74.8867 0.0 75.073 82.0444 91.3936 64.6607 32.0156 44.1616 46.9157 90.8513 66.7134 85.2723 19.799 39.6232 18.2483 65.0378 71.4718 6.08276 45.1885 70.5623 39.853 43.9318 1.41421 13.0 37.8593 57.1433 25.2389 57.1433 59.8415 61.6917 78.1948 57.5966 79.1811 8.48528 59.0 64.3817 
37.8021 75.0 59.0339 70.5219 49.8197 75.073 0.0 37.6431 16.4012 12.0416 71.2631 53.1507 61.221 16.2788 57.0351 60.407 83.437 55.0818 84.9542 53.0 22.2036 78.5381 64.9592 40.1123 46.3897 53.0094 75.2483 63.0488 47.4236 45.804 79.3121 44.5718 73.9797 42.72 7.81025 39.2938 68.2495 66.6476 64.2884 18.6815 
36.0601 40.5216 46.2485 69.0332 13.1529 82.0444 37.6431 0.0 46.0435 41.8808 89.2469 68.0657 38.93 48.0 22.8473 22.8473 90.2998 73.8742 83.4678 20.2485 16.1245 81.9956 42.7207 24.4402 64.468 73.94 82.1155 69.916 48.2516 40.6399 69.2791 39.4077 98.4784 72.1249 31.4006 67.2086 31.0644 73.5148 90.2109 50.2195 
53.8145 85.9884 74.267 86.6531 59.1354 91.3936 16.4012 46.0435 0.0 27.313 85.7108 68.3081 74.9451 2.82843 67.897 67.3647 99.6833 69.2315 101.041 64.3273 33.5261 94.8587 79.1721 52.5114 61.131 66.6108 91.5689 79.3695 63.7809 61.0356 95.4433 59.8035 85.2877 53.2353 16.5529 51.0 77.0 82.9682 75.326 31.4006 
31.0161 74.9667 53.8516 63.0635 52.3927 64.6607 12.0416 41.8808 27.313 0.0 59.2224 41.2311 57.3149 26.4197 57.8388 64.4981 72.6705 43.0465 77.1805 53.3667 25.807 68.1258 60.6712 40.025 34.3657 41.0488 64.8151 52.6366 38.6005 41.4367 71.6938 40.3113 62.6418 32.249 18.4391 28.2312 70.6253 56.2228 53.1413 8.48528 
54.7755 95.9135 66.0606 54.3783 100.089 32.0156 71.2631 89.2469 85.7108 59.2224 0.0 24.1105 72.1179 84.2471 92.7324 110.636 18.0278 17.0 50.2195 90.24 76.5513 38.0789 70.7086 79.3152 25.0988 20.8087 30.8058 32.8024 48.1212 67.4052 56.4624 67.4052 28.0713 39.6989 77.0278 38.2753 106.654 28.6531 29.1204 54.4059 
34.6699 83.4237 55.3939 47.2969 81.1967 44.1616 53.1507 68.0657 68.3081 41.2311 24.1105 0.0 61.4512 67.0671 73.8403 91.7439 38.6097 8.91119 49.6031 71.3478 56.0892 49.8206 60.0419 57.6039 7.81025 12.0416 43.4458 26.0768 27.1258 46.1033 52.1536 46.1033 35.1516 28.6356 58.3095 25.2389 87.7616 25.6435 29.8525 37.5766 
28.4429 24.7588 9.43398 23.0217 28.5304 46.9157 61.221 38.93 74.9451 57.3149 72.1179 61.4512 0.0 76.0451 20.025 38.0132 65.6553 69.6095 41.0488 18.6815 41.7585 44.1475 4.24264 23.4307 59.7161 69.5255 48.2195 39.35 34.5178 16.0 30.4138 17.0294 95.85 76.243 58.4031 70.8802 32.28 44.4474 87.7299 63.0 
54.037 87.6926 74.8536 86.7909 61.0328 90.8513 16.2788 48.0 2.82843 26.4197 84.2471 67.0671 76.0451 0.0 69.5845 69.5845 99.0283 67.6831 101.219 65.9242 34.9285 94.3164 80.2721 53.8516 59.7746 64.9384 91.022 78.8272 63.6553 61.6223 95.5811 60.3901 83.1505 51.0882 17.72 49.0408 79.0253 82.4197 73.171 29.8329 
41.3044 18.1108 28.2843 43.0 10.6301 66.7134 57.0351 22.8473 67.897 57.8388 92.7324 73.8403 20.025 69.5845 0.0 18.0 86.2699 81.5024 61.0737 4.47214 35.0143 63.9457 23.3452 17.8138 71.6572 83.2025 68.0172 59.9645 49.1906 28.1971 50.3587 28.8617 107.719 83.3568 52.1536 78.042 14.8661 65.0619 98.7321 65.201 
57.2364 26.9072 46.1736 61.0 13.6015 85.2723 60.407 22.8473 67.3647 64.4981 110.636 91.7439 38.0132 69.5845 18.0 0.0 104.174 99.406 79.0569 20.3961 38.9102 81.9391 41.1947 33.7377 87.5891 97.3846 86.5761 77.8681 67.0943 46.1008 68.2642 46.7654 122.208 93.8736 53.8516 88.8611 12.2066 82.9656 111.61 72.7186 
54.9779 89.3588 59.5981 45.4533 93.6263 19.799 83.437 90.2998 99.6833 72.6705 18.0278 38.6097 65.6553 99.0283 86.2699 104.174 0.0 32.6497 36.2353 83.7775 79.9966 25.0 64.1405 78.9829 39.598 37.0135 18.3848 27.5136 46.3841 65.6681 44.8219 65.6681 45.1774 56.0803 86.7163 53.7401 97.9207 21.5407 47.1275 68.9275 
41.8688 91.0858 63.5523 56.1951 88.8588 39.6232 55.0818 73.8742 69.2315 43.0465 17.0 8.91119 69.6095 67.6831 81.5024 99.406 32.6497 0.0 57.1402 79.0099 61.0328 45.3982 68.2002 64.1053 9.48683 4.47214 38.833 34.6208 35.2841 53.7654 60.4425 53.7401 26.2488 23.4307 61.0328 21.4009 95.4237 33.0151 21.1896 37.855 
47.5599 60.8769 35.4113 18.2483 69.2627 18.2483 84.9542 83.4678 101.041 77.1805 50.2195 49.6031 41.0488 101.219 61.0737 79.0569 36.2353 57.1402 0.0 59.4138 74.8142 12.1655 38.0132 62.6201 55.5428 61.2944 19.4165 24.6982 39.2353 48.8923 11.4018 50.2768 78.0897 77.3692 85.4405 73.0821 72.3395 24.1868 77.0584 77.1068 
36.8403 22.0 26.0 41.2018 9.84886 65.0378 53.0 20.2485 64.3273 53.3667 90.24 71.3478 18.6815 65.9242 4.47214 20.3961 83.7775 79.0099 59.4138 0.0 31.1448 62.2702 22.4722 13.3417 67.193 76.9885 66.3417 57.4721 46.6982 25.7047 49.0306 26.3693 101.812 78.8926 48.3735 73.5779 19.105 62.5695 94.268 60.7289 
27.2029 53.0848 45.2176 60.3795 27.6586 71.4718 22.2036 16.1245 33.5261 25.807 76.5513 56.0892 41.7585 34.9285 35.0143 38.9102 79.9966 61.0328 74.8142 31.1448 0.0 73.2383 45.9855 19.0175 51.5461 60.5392 71.6472 59.4477 39.2938 31.9862 69.1697 30.7541 84.534 56.7274 17.2627 52.0096 46.0977 63.0465 75.8024 34.2053 
45.7588 66.7083 38.0908 21.9317 72.119 6.08276 78.5381 81.9956 94.8587 68.1258 38.0789 49.8206 44.1475 94.3164 63.9457 81.9391 25.0 45.3982 12.1655 62.2702 73.2383 0.0 42.0595 65.2995 44.6572 49.6488 7.28011 15.5563 41.3244 55.0692 19.8494 55.0692 65.9242 66.4958 81.6599 62.4007 76.4003 13.0 65.0077 68.2495 
31.0644 25.2389 9.43398 20.3961 32.3211 45.1885 64.9592 42.7207 79.1721 60.6712 70.7086 60.0419 4.24264 80.2721 23.3452 41.1947 64.1405 68.2002 38.0132 22.4722 45.9855 42.0595 0.0 27.6595 61.2986 70.5281 46.5188 37.8878 33.1085 19.2354 27.074 20.3961 94.4407 78.3789 62.6301 73.0308 34.5254 43.0116 88.8796 66.0681 
24.6117 35.1283 29.0294 44.4067 23.1905 70.5623 40.1123 24.4402 52.5114 40.025 79.3152 57.6039 23.4307 53.8516 17.8138 33.7377 78.9829 64.1053 62.6201 13.3417 19.0175 65.2995 27.6595 0.0 54.9645 64.76 70.6335 58.434 36.7696 28.7341 52.4695 27.9257 89.5834 66.2873 36.1386 61.0328 32.4466 62.0328 82.0394 47.4342 
33.2415 82.9765 56.6506 51.2445 77.0419 39.853 46.3897 64.468 61.131 34.3657 25.0988 7.81025 59.7161 59.7746 71.6572 87.5891 39.598 9.48683 55.5428 67.193 51.5461 44.6572 61.2986 54.9645 0.0 9.89949 39.6621 31.257 28.2312 45.607 57.0351 45.4533 34.7131 21.8403 52.0096 17.8885 86.0236 31.6574 28.0179 30.0832 
43.1393 92.7859 65.8801 59.2284 86.8374 43.9318 53.0094 73.94 66.6108 41.0488 20.8087 12.0416 69.5255 64.9384 83.2025 97.3846 37.0135 4.47214 61.2944 76.9885 60.5392 49.6488 70.5281 64.76 9.89949 0.0 43.1741 38.1182 37.5899 55.4437 64.195 55.3173 24.8395 19.105 59.3043 17.4929 95.8191 37.1214 18.3576 35.2278 
46.6285 71.5891 42.1623 27.2029 76.1905 1.41421 75.2483 82.1155 91.5689 64.8151 30.8058 43.4458 48.2195 91.022 68.0172 86.5761 18.3848 38.833 19.4165 66.3417 71.6472 7.28011 46.5188 70.6335 39.6621 43.1741 0.0 13.6015 38.0347 57.3187 26.6271 57.3187 58.6941 61.2168 78.3702 57.4057 80.4849 8.60233 58.0086 64.3506 
34.429 63.1456 33.2927 21.9317 67.3209 13.0 63.0488 69.916 79.3695 52.6366 32.8024 26.0768 39.35 78.8272 59.9645 77.8681 27.5136 34.6208 24.6982 57.4721 59.4477 15.5563 37.8878 58.434 31.257 38.1182 13.6015 0.0 25.8352 45.1192 26.0768 45.1192 58.3095 52.9528 66.1707 48.5077 71.6153 6.08276 55.4162 52.8015 
12.1655 58.774 28.4605 25.7099 56.547 37.8593 47.4236 48.2516 63.7809 38.6005 48.1212 27.1258 34.5178 63.6553 49.1906 67.0943 46.3841 35.2841 39.2353 46.6982 39.2938 41.3244 33.1085 36.7696 28.2312 37.5899 38.0347 25.8352 0.0 21.4536 33.7631 21.4536 61.5246 47.2652 49.0918 42.107 63.112 29.434 55.9464 40.7185 
13.0 37.7815 13.6015 30.679 35.5536 57.1433 45.804 40.6399 61.0356 41.4367 67.4052 46.1033 16.0 61.6223 28.1971 46.1008 65.6681 53.7654 48.8923 25.7047 31.9862 55.0692 19.2354 28.7341 45.607 55.4437 57.3187 45.1192 21.4536 0.0 38.7793 1.41421 79.9818 61.0983 44.8425 55.7136 42.1185 48.718 73.6003 47.0 
41.9154 49.4773 25.2982 9.21954 58.8795 25.2389 79.3121 69.2791 95.4433 71.6938 56.4624 52.1536 30.4138 95.5811 50.3587 68.2642 44.8219 60.4425 11.4018 49.0306 69.1697 19.8494 27.074 52.4695 57.0351 64.195 26.6271 26.0768 33.7631 38.7793 0.0 40.1637 83.5225 78.4092 80.0813 73.6817 61.131 28.1603 81.2158 74.3847 
12.53 38.4461 15.0 32.0634 36.2182 57.1433 44.5718 39.4077 59.8035 40.3113 67.4052 46.1033 17.0294 60.3901 28.8617 46.7654 65.6681 53.7401 50.2768 26.3693 30.7541 55.0692 20.3961 27.9257 45.4533 55.3173 57.3187 45.1192 21.4536 1.41421 40.1637 0.0 79.9312 60.5392 43.6103 55.1543 42.7831 48.718 73.4098 46.0109 
67.897 117.302 89.7927 80.2309 111.661 59.8415 73.9797 98.4784 85.2877 62.6418 28.0713 35.1516 95.85 83.1505 107.719 122.208 45.1774 26.2488 78.0897 101.812 84.534 65.9242 94.4407 89.5834 34.7131 24.8395 58.6941 58.3095 61.5246 79.9818 83.5225 79.9312 0.0 32.0624 81.0432 34.7131 121.64 55.3624 10.0 55.3173 
48.1041 98.8779 75.3426 72.0069 81.396 61.6917 42.72 72.1249 53.2353 32.249 39.6989 28.6356 76.243 51.0882 83.3568 93.8736 56.0803 23.4307 77.3692 78.8926 56.7274 66.4958 78.3789 66.2873 21.8403 19.105 61.2168 52.9528 47.2652 61.0983 78.4092 60.5392 32.0624 0.0 50.1597 5.38516 97.9976 53.4961 22.0907 24.1661 
38.2884 70.2567 58.0738 71.2911 44.1022 78.1948 7.81025 31.4006 16.5529 18.4391 77.0278 58.3095 58.4031 17.72 52.1536 53.8516 86.7163 61.0328 85.4405 48.3735 17.2627 81.6599 62.6301 36.1386 52.0096 59.3043 78.3702 66.1707 49.0918 44.8425 80.0813 43.6103 81.0432 50.1597 0.0 46.4866 62.3939 69.7695 71.4703 26.0 
42.72 93.4934 70.0727 67.0739 76.3835 57.5966 39.2938 67.2086 51.0 28.2312 38.2753 25.2389 70.8802 49.0408 78.042 88.8611 53.7401 21.4009 73.0821 73.5779 52.0096 62.4007 73.0308 61.0328 17.8885 17.4929 57.4057 48.5077 42.107 55.7136 73.6817 55.1543 34.7131 5.38516 46.4866 0.0 92.6829 49.4009 25.0 20.6155 
55.6708 15.2643 41.4367 54.9181 18.4391 79.1811 68.2495 31.0644 77.0 70.6253 106.654 87.7616 32.28 79.0253 14.8661 12.2066 97.9207 95.4237 72.3395 19.105 46.0977 76.4003 34.5254 32.4466 86.0236 95.8191 80.4849 71.6153 63.112 42.1185 61.131 42.7831 121.64 97.9976 62.3939 92.6829 0.0 76.7128 113.099 78.6329 
38.0278 68.2422 38.3901 25.807 72.4184 8.48528 66.6476 73.5148 82.9682 56.2228 28.6531 25.6435 44.4474 82.4197 65.0619 82.9656 21.5407 33.0151 24.1868 62.5695 63.0465 13.0 43.0116 62.0328 31.6574 37.1214 8.60233 6.08276 29.434 48.718 28.1603 48.718 55.3624 53.4961 69.7695 49.4009 76.7128 0.0 53.3385 55.9017 
61.0737 110.99 84.2317 77.1364 104.117 59.0 64.2884 90.2109 75.326 53.1413 29.1204 29.8525 87.7299 73.171 98.7321 111.61 47.1275 21.1896 77.0584 94.268 75.8024 65.0077 88.8796 82.0394 28.0179 18.3576 58.0086 55.4162 55.9464 73.6003 81.2158 73.4098 10.0 22.0907 71.4703 25.0 113.099 53.3385 0.0 45.607 
35.3553 82.0 58.5491 66.1287 60.4025 64.3817 18.6815 50.2195 31.4006 8.48528 54.4059 37.5766 63.0 29.8329 65.201 72.7186 68.9275 37.855 77.1068 60.7289 34.2053 68.2495 66.0681 47.4342 30.0832 35.2278 64.3506 52.8015 40.7185 47.0 74.3847 46.0109 55.3173 24.1661 26.0 20.6155 78.6329 55.9017 45.607 0.0 
DEMAND_SCENARIO_SECTION
0 0 0 0 0 0 0 0 0 0 0 0 0 0 0 0 0 0 0 0 0 0 0 0 0 0 0 0 0 0 0 0 0 0 0 0 0 0 0 0 0 0 0 0 0 0 0 0 0 0 
6 5 2 8 7 0 10 6 5 1 8 8 10 8 6 6 6 5 6 1 7 6 12 9 2 7 11 8 7 7 10 5 7 10 3 8 5 9 3 7 9 5 10 0 8 1 8 4 4 4 
2 0 3 1 3 4 0 2 4 2 1 1 3 3 4 2 1 2 1 3 4 1 3 1 1 2 2 4 4 3 2 3 5 1 2 4 0 3 1 2 2 5 2 3 3 4 1 3 0 0 
12 4 16 9 10 9 6 7 14 17 18 12 12 12 1 17 10 9 14 10 10 7 13 8 8 9 8 11 9 10 9 16 18 9 12 10 7 11 13 8 8 11 11 9 10 11 10 5 11 12 
11 10 6 6 7 8 6 9 9 13 9 7 8 7 6 5 9 10 9 5 10 8 10 12 10 9 11 6 3 9 10 8 11 10 7 10 10 7 6 8 11 8 7 9 9 6 10 7 8 7 
4 6 7 5 4 5 6 2 10 8 3 5 6 1 5 5 5 5 4 2 5 6 4 3 2 7 6 3 1 5 4 3 2 4 6 8 3 4 5 3 3 6 5 9 8 5 12 5 2 4 
9 8 3 4 2 7 7 4 10 7 4 7 5 3 3 7 7 2 5 3 3 5 3 4 6 6 7 5 5 7 1 3 5 7 2 6 1 5 7 3 3 9 5 5 5 1 6 9 0 5 
4 5 1 6 5 4 2 3 2 1 5 2 0 3 1 0 1 5 4 2 2 0 6 4 4 5 1 2 3 7 6 3 4 5 4 4 4 3 3 3 0 5 1 2 5 2 0 4 2 0 
7 6 5 6 3 0 7 0 5 2 5 9 5 5 8 2 8 8 5 6 3 3 6 8 3 6 7 5 11 7 0 5 5 5 3 2 6 4 5 4 4 5 5 6 4 8 8 6 5 5 
7 6 8 5 7 7 6 10 10 7 3 11 3 7 5 5 3 7 9 8 8 8 5 10 9 9 4 7 6 7 5 3 3 9 7 6 3 9 9 7 8 10 1 9 10 10 7 10 9 6 
7 9 11 10 7 8 11 11 9 10 18 8 7 8 10 10 8 7 10 9 14 15 11 11 10 10 9 7 7 9 3 6 10 11 7 14 8 8 7 4 5 7 11 11 12 6 10 14 11 9 
9 9 11 10 10 5 8 8 10 12 9 5 9 6 7 8 8 8 12 11 7 5 14 6 14 11 7 11 5 5 7 8 5 8 6 7 8 7 12 8 6 3 6 15 11 9 11 8 13 9 
1 7 6 8 5 5 10 5 8 4 2 7 5 2 8 9 9 8 8 7 10 7 6 4 6 8 5 5 8 5 7 9 7 5 9 3 6 12 7 4 9 6 4 3 9 7 4 9 2 5 
2 7 6 7 6 7 8 6 8 9 7 4 6 6 3 0 3 6 5 7 2 7 3 9 3 6 0 9 6 8 4 5 3 9 10 8 8 5 6 0 5 9 4 6 2 4 8 3 4 12 
6 10 2 6 3 2 6 10 9 10 4 8 8 7 3 9 9 12 8 8 7 1 4 7 8 7 7 5 6 7 10 4 10 6 8 5 4 14 7 8 5 7 9 3 8 5 6 5 11 8 
6 7 8 8 11 2 6 12 5 9 12 6 8 10 8 7 6 12 5 6 8 8 8 4 8 3 14 7 8 6 9 6 6 11 7 11 7 11 7 11 6 10 5 7 2 9 8 8 3 8 
1 0 2 1 0 1 1 2 1 1 1 0 0 1 1 1 1 2 2 1 0 3 0 1 2 1 0 0 1 0 1 1 1 0 2 1 1 1 1 1 1 2 2 1 3 3 0 1 0 0 
7 3 8 6 5 3 6 3 4 4 5 6 2 5 3 5 5 7 3 4 3 2 5 3 1 0 3 6 3 4 3 1 6 7 5 6 4 4 2 4 6 1 2 2 2 1 2 3 4 2 
10 11 10 10 9 12 6 10 12 6 10 7 15 12 3 12 9 11 9 8 6 4 14 12 13 5 12 11 12 11 12 5 2 11 11 15 13 10 11 10 10 4 8 2 9 7 9 8 7 6 
8 5 3 4 2 4 2 5 2 3 2 1 1 5 7 4 4 7 2 4 6 5 3 2 3 4 2 2 3 6 2 4 0 2 4 3 2 4 2 1 2 3 4 4 2 4 5 4 2 1 
11 5 13 8 5 11 4 10 9 8 10 7 11 13 5 14 6 10 8 6 13 2 5 14 4 7 13 3 11 10 13 9 6 3 6 9 6 7 8 10 8 6 6 8 8 1 10 5 8 8 
3 4 7 4 7 4 4 2 6 7 4 6 9 2 1 2 7 5 4 7 2 3 1 1 3 4 3 3 7 2 3 3 1 5 5 7 4 2 3 2 10 4 6 3 6 1 1 10 6 3 
7 11 11 10 12 10 5 10 7 4 6 12 9 8 8 11 13 9 15 6 5 9 6 8 11 7 7 15 9 13 10 5 9 5 5 12 8 9 15 12 6 10 10 10 16 11 11 10 13 9 
3 3 3 4 5 4 5 1 5 4 4 1 4 2 5 5 2 5 4 5 5 4 2 6 5 3 2 2 0 3 3 4 4 0 2 5 2 2 5 1 3 2 3 4 3 3 3 3 2 5 
6 8 8 7 3 7 11 5 6 2 8 10 7 4 12 8 9 7 7 4 7 9 7 4 10 6 8 6 2 3 4 7 12 8 4 10 5 10 9 3 6 5 8 6 7 9 7 7 5 12 
5 6 6 8 2 3 6 8 7 6 3 6 4 4 3 7 2 4 3 10 5 4 3 2 5 0 4 7 5 5 5 5 4 4 7 5 3 5 5 8 6 4 1 4 4 3 3 0 7 4 
2 2 0 0 0 2 0 3 0 1 0 1 2 4 2 1 3 4 2 2 3 2 1 2 0 3 3 2 2 1 2 1 2 4 5 4 2 2 3 2 3 5 0 2 3 1 0 1 1 5 
12 5 7 4 10 4 7 8 6 7 9 10 4 9 7 4 13 4 2 2 13 6 6 9 9 7 8 1 7 7 5 11 4 11 7 8 7 6 5 2 8 7 7 7 9 7 9 8 6 9 
1 2 0 1 1 0 1 1 3 2 2 3 2 3 0 0 0 1 1 1 0 1 1 0 1 2 1 0 3 0 1 1 1 3 1 0 0 1 2 0 0 1 2 1 0 1 1 2 2 0 
6 0 6 1 5 3 2 4 1 2 3 1 5 4 3 2 2 3 2 1 2 3 6 5 5 1 7 0 2 2 3 3 5 2 4 6 4 3 5 4 4 0 2 0 1 4 5 0 2 3 
10 4 0 9 7 5 1 6 8 3 4 7 10 6 7 8 2 3 6 3 9 5 3 1 2 2 7 10 5 10 9 5 4 6 5 6 7 3 7 6 4 6 5 7 6 13 9 6 8 5 
13 8 10 11 10 16 15 9 14 14 9 13 8 12 9 6 17 4 6 7 6 9 11 5 10 13 6 11 9 10 12 13 9 14 14 6 6 12 11 9 15 0 9 11 8 13 10 12 10 9 
8 10 10 8 12 12 11 7 10 12 8 12 10 13 8 16 11 8 10 11 10 12 7 8 14 6 10 9 5 9 9 8 9 7 6 7 12 8 11 12 10 6 7 11 8 6 8 4 6 9 
6 3 0 5 4 7 4 5 4 6 5 8 6 5 7 3 4 2 8 5 1 3 6 1 6 4 4 6 1 7 1 4 4 4 5 2 6 8 4 1 4 5 4 4 3 3 1 4 5 4 
5 2 6 6 3 2 4 5 1 3 0 2 2 1 5 3 2 4 1 4 4 2 0 5 1 6 2 2 3 3 4 4 4 4 5 0 3 5 0 4 4 3 6 1 1 3 5 2 0 4 
4 5 4 2 4 1 5 0 8 3 6 2 3 2 2 2 4 5 1 2 7 5 7 3 5 7 4 2 7 5 7 3 5 3 3 3 3 5 3 6 1 2 4 2 3 4 3 1 6 2 
11 15 12 10 7 9 1 11 5 11 11 8 7 12 4 9 14 9 13 16 6 6 12 12 12 12 12 10 8 6 7 9 14 12 16 14 4 10 9 14 10 16 15 14 15 14 7 6 9 10 
5 1 4 2 3 6 3 3 2 3 3 2 3 1 0 1 3 4 4 3 6 1 2 5 3 3 5 5 6 4 3 3 2 5 3 2 6 2 3 4 3 5 3 2 1 1 3 1 2 3 
2 3 4 4 2 4 12 6 4 7 0 7 7 6 2 3 1 5 4 5 0 8 6 4 6 6 5 8 5 7 4 4 3 6 5 3 5 10 5 5 6 5 8 5 8 6 0 3 4 9 
2 4 2 1 7 4 4 1 0 4 1 1 4 0 4 5 2 4 2 3 2 5 1 1 1 4 3 9 4 3 5 5 3 4 5 4 2 4 6 3 3 2 1 0 3 4 3 3 3 6 
DEPOT_SECTION
 1
 -1
EOF
