NAME  : Parada_40_2_0.95_1.00_8
TYPE : SVRP
MODEL : FINITE_SUPPORT
NUMBER_OF_SCENARIOS : 50
DIMENSION : 40
EDGE_WEIGHT_TYPE : MATRIX
CAPACITY : 110
N_VEHICLES : 2
NODE_COORD_SECTION
1 234570 301660
2 155960 517120
3 331690 225500
4 64515 630570
5 360970 474710
6 179160 66233
7 477960 209100
8 242390 59904
9 311770 577530
10 187850 149500
11 72279 180550
12 43697 251280
13 512580 364140
14 549220 154720
15 231120 339430
16 114770 462670
17 502140 140000
18 295330 337060
19 107310 328790
20 31992 604870
21 398340 309360
22 123140 169720
23 76492 748860
24 489570 384930
25 424150 693460
26 191990 274010
27 532360 225450
28 371490 514280
29 193270 18
30 555780 650590
31 166090 402590
32 318920 690900
33 27935 584330
34 108790 623340
35 473960 634470
36 72102 570270
37 149410 303840
38 73818 281440
39 63543 266850
40 27 579620
DEMAND_SECTION
1 0.0
2 8.0
3 2.0
4 3.0
5 6.0
6 1.0
7 3.0
8 1.0
9 2.0
10 1.0
11 3.0
12 3.0
13 8.0
14 10.0
15 1.0
16 8.0
17 10.0
18 2.0
19 6.0
20 3.0
21 2.0
22 10.0
23 5.0
24 4.0
25 1.0
26 1.0
27 9.0
28 5.0
29 10.0
30 8.0
31 6.0
32 6.0
33 10.0
34 1.0
35 9.0
36 10.0
37 10.0
38 6.0
39 6.0
40 9.0
DISTANCE_MATRIX
0.0 29.9301 22.2036 50.0958 25.2421 50.3349 39.8246 53.911 40.0479 45.0036 45.0444 27.0187 37.3363 50.9902 30.9751 31.3422 44.5982 9.48683 41.2803 56.0958 22.561 41.3359 75.6643 36.0139 58.3243 7.2111 47.4131 29.0055 59.5539 64.5772 29.1204 56.9776 63.0097 47.0433 52.7142 57.2011 33.8433 20.7209 23.1662 66.6285 
29.9301 0.0 50.9903 15.1421 28.0179 58.5425 64.126 57.4543 33.121 44.4072 34.9857 34.5811 54.1202 77.5562 58.4166 10.198 71.4285 31.0413 61.6998 21.1421 45.0472 68.7774 39.8246 54.4243 52.3256 22.8119 71.2854 35.0143 66.6408 63.9531 17.6918 46.3253 24.3402 19.2094 52.3927 26.1837 54.2628 38.6183 37.612 28.1421 
22.2036 50.9903 0.0 65.2585 39.0 52.4976 22.0227 59.0339 54.0093 54.037 61.3964 37.855 33.2415 29.6816 17.088 52.4023 23.3238 21.3776 30.5287 71.2585 15.8114 23.0868 90.827 29.8329 70.406 29.0689 29.2746 39.6232 61.0983 73.0068 48.6956 71.007 78.1724 68.1034 62.2977 72.3638 30.3645 32.573 33.9559 81.7912 
50.0958 15.1421 65.2585 0.0 33.6956 71.8401 76.6455 69.857 31.0161 56.3649 43.2782 47.8881 62.4621 90.3961 76.4632 18.7883 84.2684 43.8811 75.0067 6.0 57.7303 86.824 26.2488 64.0215 46.8188 37.7896 83.9574 40.2173 79.712 60.6383 29.1548 35.8469 9.21954 10.0 50.3587 11.3137 67.5697 51.9252 50.9189 13.0 
25.2421 28.0179 39.0 33.6956 0.0 75.552 45.6508 78.8832 15.0333 66.5017 61.0328 55.8754 28.8444 60.4152 51.1207 38.1182 54.7814 18.4391 66.4974 39.6956 27.5136 61.4003 60.383 30.4795 33.1059 28.4886 51.8652 7.0 84.7709 40.3113 43.0116 32.0156 38.4839 42.3792 28.2843 32.6754 59.0604 45.938 48.3832 42.1027 
50.3349 58.5425 52.4976 71.8401 75.552 0.0 73.5459 9.43398 90.3578 18.4391 36.8782 27.2947 84.3066 75.0 35.4401 53.3667 70.1142 59.0339 24.0 77.6209 66.6682 43.4166 89.0505 81.4887 108.634 53.1513 79.9062 79.3154 9.21954 114.887 42.9535 104.163 81.0432 69.7209 103.024 82.9276 22.1359 32.2025 29.4109 84.4038 
39.8246 64.126 22.0227 76.6455 45.6508 73.5459 0.0 80.6226 58.8727 76.0592 82.9216 59.6825 24.0832 15.2971 38.3275 71.1598 11.1803 34.0588 50.2892 84.9216 19.105 35.805 102.214 20.025 70.4557 47.0106 7.61577 42.72 81.7435 68.3593 68.542 75.0 84.2356 82.5558 60.0333 78.427 51.6236 54.1295 55.7315 87.8544 
53.911 57.4543 59.0339 69.857 78.8832 9.43398 80.6226 0.0 90.7208 13.6015 31.0 28.3196 88.7694 83.1505 42.2966 51.0784 78.0064 62.7722 32.3883 75.3923 71.1928 52.1728 84.7172 86.386 109.21 53.1806 87.2812 82.8915 11.0454 119.01 40.7185 103.178 78.924 66.4831 106.973 80.9836 29.0689 34.2053 31.4006 81.9329 
40.0479 33.121 54.0093 31.0161 15.0333 90.3578 58.8727 90.7208 0.0 77.0273 68.0955 67.7131 38.6005 74.0 66.1137 42.9535 68.6804 33.381 81.3032 31.4006 41.7732 76.4199 51.6236 41.3401 19.8494 43.2944 64.405 16.1555 99.7937 30.8707 50.6322 17.0 30.0832 41.0122 19.6469 24.0416 73.8662 60.7438 70.7439 33.2415 
45.0036 44.4072 54.037 56.3649 66.5017 18.4391 76.0592 13.6015 77.0273 0.0 18.4391 18.0278 80.7775 81.0247 38.833 37.5766 75.3127 53.8649 33.2866 61.8466 63.9531 52.7731 71.3442 78.8543 96.2812 40.7991 83.2186 72.9965 24.1868 106.628 27.2947 89.5594 65.3911 52.8867 94.5919 67.5033 27.313 24.3516 21.8403 68.352 
45.0444 34.9857 61.3964 43.2782 61.0328 36.8782 82.9216 31.0 68.0955 18.4391 0.0 24.1868 82.0549 90.6066 49.6408 25.6125 84.3567 54.0093 48.1664 48.0104 67.3647 66.0681 54.1295 81.0062 87.3062 39.0512 90.4195 67.72 42.0119 98.9065 18.0278 78.8799 51.614 37.5899 87.3232 54.5619 41.0122 28.8251 27.7308 53.8516 
27.0187 34.5811 37.855 47.8881 55.8754 27.2947 59.6825 28.3196 67.7131 18.0278 24.1868 0.0 62.8172 66.9011 25.8617 29.598 60.6513 35.8799 26.4008 53.7001 46.2709 42.4578 66.7024 61.0 86.2023 30.1729 67.082 62.3702 36.0555 96.0022 19.4031 80.202 57.0983 46.4156 83.9656 58.9663 18.7883 6.32456 4.0 60.5326 
37.3363 54.1202 33.2415 62.4621 28.8444 84.3066 24.0832 88.7694 38.6005 80.7775 82.0549 62.8172 0.0 39.0128 49.464 63.3482 35.2278 28.0713 63.4114 68.2944 18.0278 54.6443 87.7905 4.12311 47.0744 43.0116 27.4591 23.3452 93.3449 44.2832 65.0692 53.2259 65.8914 71.1183 36.2215 60.0829 62.5003 56.5197 58.9406 69.5102 
50.9902 77.5562 29.6816 90.3961 60.4152 75.0 15.2971 83.1505 74.0 81.0247 90.6066 66.9011 39.0128 0.0 42.2019 81.8641 6.40312 47.0106 51.0 95.2587 33.121 32.5576 115.965 35.0571 85.7088 58.1378 12.6491 57.8705 82.2192 83.0963 78.3339 90.2497 98.9303 95.986 75.1665 93.1218 54.4518 61.8114 63.0458 102.549 
30.9751 58.4166 17.088 76.4632 51.1207 35.4401 38.3275 42.2966 66.1137 38.833 49.6408 25.8617 49.464 42.2019 0.0 55.4558 36.4966 32.7569 14.1421 82.4632 31.5113 18.3576 96.7039 46.3318 83.502 37.2158 45.0444 52.7715 44.0114 87.2529 45.2609 83.0435 89.3771 75.5298 76.1367 83.5685 13.3417 25.2814 23.7755 92.9959 
31.3422 10.198 52.4023 18.7883 38.1182 53.3667 71.1598 51.0784 42.9535 37.5766 25.6125 29.598 63.3482 81.8641 55.4558 0.0 75.4617 39.5809 56.7166 24.3516 53.5869 70.1891 38.0789 63.3246 62.0259 24.224 78.7529 45.0999 61.0328 73.8241 10.4403 54.2479 27.8568 17.1172 62.3939 29.9301 48.2548 33.6351 32.6288 31.0483 
44.5982 71.4285 23.3238 84.2684 54.7814 70.1142 11.1803 78.0064 68.6804 75.3127 84.3567 60.6513 35.2278 6.40312 36.4966 75.4617 0.0 40.8044 46.1736 90.2684 27.313 28.7924 109.837 31.1448 81.2219 51.7397 12.0416 52.6308 77.6466 79.511 71.9489 85.1469 93.2488 89.8583 71.0 87.4403 49.0918 55.5615 56.7959 96.8676 
9.48683 31.0413 21.3776 43.8811 18.4391 59.0339 34.0588 62.7722 33.381 53.8649 54.0093 35.8799 28.0713 47.0106 32.7569 39.5809 40.8044 0.0 46.7075 49.8811 15.2643 43.1045 69.4497 27.074 51.264 15.0333 41.4005 21.095 68.2495 56.6127 37.3363 50.3107 56.795 49.471 44.9444 50.9864 42.4769 29.5822 32.0274 60.4138 
41.2803 61.6998 30.5287 75.0067 66.4974 24.0 50.2892 32.3883 81.3032 33.2866 48.1664 26.4008 63.4114 51.0 14.1421 56.7166 46.1736 46.7075 0.0 80.8187 45.4619 19.9249 93.8211 60.2163 99.5796 44.0967 56.2939 66.7221 31.5753 101.204 45.6497 98.2329 84.217 73.5343 90.0873 90.6298 7.61577 26.5423 25.0 87.6513 
56.0958 21.1421 71.2585 6.0 39.6956 77.6209 84.9216 75.3923 31.4006 61.8466 48.0104 53.7001 68.2944 95.2587 82.4632 24.3516 90.2684 49.8811 80.8187 0.0 66.6373 92.824 22.0227 70.0215 45.1221 43.7896 91.2114 43.3848 85.3815 59.5399 34.7851 33.2415 3.60555 11.6619 50.0 8.24621 73.3817 57.7372 56.7309 7.0 
22.561 45.0472 15.8114 57.7303 27.5136 66.6682 19.105 71.1928 41.7732 63.9531 67.3647 46.2709 18.0278 33.121 31.5113 53.5869 27.313 15.2643 45.4619 66.6373 0.0 38.4838 83.2988 15.2315 56.2228 29.4109 26.2488 26.0768 75.3922 57.5847 51.6624 58.5491 65.9513 63.477 47.2969 60.1427 44.5476 40.1123 42.2966 69.5701 
41.3359 68.7774 23.0868 86.824 61.4003 43.4166 35.805 52.1728 76.4199 52.7731 66.0681 42.4578 54.6443 32.5576 18.3576 70.1891 28.7924 43.1045 19.9249 92.824 38.4838 0.0 107.065 50.8035 93.3916 47.5766 40.2492 62.5859 50.0 96.0052 61.857 93.3568 99.7379 85.8906 85.3815 93.9294 25.5539 41.8775 40.3717 103.357 
75.6643 39.8246 90.827 26.2488 60.383 89.0505 102.214 84.7172 51.6236 71.3442 54.1295 66.7024 87.7905 115.965 96.7039 38.0789 109.837 69.4497 93.8211 22.0227 83.2988 107.065 0.0 91.2346 61.131 61.0992 112.424 64.4499 95.5249 76.2365 47.3814 48.0416 21.9545 21.1896 68.4471 27.7308 85.3592 70.7396 69.7332 18.3848 
36.0139 54.4243 29.8329 64.0215 30.4795 81.4887 20.025 86.386 41.3401 78.8543 81.0062 61.0 4.12311 35.0571 46.3318 63.3246 31.1448 27.074 60.2163 70.0215 15.2315 50.8035 91.2346 0.0 50.8035 42.107 23.7697 25.6125 90.2126 48.3735 64.3817 56.4624 68.0979 72.5183 40.1123 62.2893 59.368 54.7449 57.0701 71.7167 
58.3243 52.3256 70.406 46.8188 33.1059 108.634 70.4557 109.21 19.8494 96.2812 87.3062 86.2023 47.0744 85.7088 83.502 62.0259 81.2219 51.264 99.5796 45.1221 56.2228 93.3916 61.131 50.8035 0.0 61.5709 74.5252 30.8058 118.283 15.1327 69.8493 13.1529 42.5793 56.3205 11.6619 36.8782 92.1426 79.0203 89.2332 44.1022 
7.2111 22.8119 29.0689 37.7896 28.4886 53.1513 47.0106 53.1806 43.2944 40.7991 39.0512 30.1729 43.0116 58.1378 37.2158 24.224 51.7397 15.0333 44.0967 43.7896 29.4109 47.5766 61.0992 42.107 61.5709 0.0 54.5894 32.252 62.3703 67.8237 22.3607 67.642 46.9876 39.9251 55.9607 48.8311 36.6597 23.5374 25.9826 50.7896 
47.4131 71.2854 29.2746 83.9574 51.8652 79.9062 7.61577 87.2812 64.405 83.2186 90.4195 67.082 27.4591 12.6491 45.0444 78.7529 12.0416 41.4005 56.2939 91.2114 26.2488 40.2492 112.424 23.7697 74.5252 54.5894 0.0 48.3011 87.8635 71.0 76.1577 80.0562 90.5254 89.7151 63.6396 84.7169 58.2151 61.6117 63.1506 94.1442 
29.0055 35.0143 39.6232 40.2173 7.0 79.3154 42.72 82.8915 16.1555 72.9965 67.72 62.3702 23.3452 57.8705 52.7715 45.0999 52.6308 21.095 66.7221 43.3848 26.0768 62.5859 64.4499 25.6125 30.8058 32.252 48.3011 0.0 88.5343 35.609 49.7293 32.5576 42.5509 49.0408 23.8537 36.7423 62.8238 49.7014 52.1467 46.1697 
59.5539 66.6408 61.0983 79.712 84.7709 9.21954 81.7435 11.0454 99.7937 24.1868 42.0119 36.0555 93.3449 82.2192 44.0114 61.0328 77.6466 68.2495 31.5753 85.3815 75.3922 50.0 95.5249 90.2126 118.283 62.3703 87.8635 88.5343 0.0 124.106 50.5964 112.283 88.8651 76.9025 112.243 90.8134 30.8707 41.2311 38.4187 92.0489 
64.5772 63.9531 73.0068 60.6383 40.3113 114.887 68.3593 119.01 30.8707 106.628 98.9065 96.0022 44.2832 83.0963 87.2529 73.8241 79.511 56.6127 101.204 59.5399 57.5847 96.0052 76.2365 48.3735 15.1327 67.8237 71.0 35.609 124.106 0.0 81.4432 28.2843 57.2189 70.406 12.0416 51.3517 98.3955 85.2731 87.7184 59.0085 
29.1204 17.6918 48.6956 29.1548 43.0116 42.9535 68.542 40.7185 50.6322 27.2947 18.0278 19.4031 65.0692 78.3339 45.2609 10.4403 71.9489 37.3363 45.6497 34.7851 51.6624 61.857 47.3814 64.3817 69.8493 22.3607 76.1577 49.7293 50.5964 81.4432 0.0 63.8489 38.2753 27.0185 69.8598 40.2728 38.0599 23.4403 22.434 41.4849 
56.9776 46.3253 71.007 35.8469 32.0156 104.163 75.0 103.178 17.0 89.5594 78.8799 80.202 53.2259 90.2497 83.0435 54.2479 85.1469 50.3107 98.2329 33.2415 58.5491 93.3568 48.0416 56.4624 13.1529 67.642 80.0562 32.5576 112.283 28.2843 63.8489 0.0 30.3645 44.7772 22.4722 25.0799 90.7959 84.2392 83.2328 31.4006 
63.0097 24.3402 78.1724 9.21954 38.4839 81.0432 84.2356 78.924 30.0832 65.3911 51.614 57.0983 65.8914 98.9303 89.3771 27.8568 93.2488 56.795 84.217 3.60555 65.9513 99.7379 21.9545 68.0979 42.5793 46.9876 90.5254 42.5509 88.8651 57.2189 38.2753 30.3645 0.0 15.0 48.0937 6.08276 76.7799 61.1355 60.1291 4.47214 
47.0433 19.2094 68.1034 10.0 42.3792 69.7209 82.5558 66.4831 41.0122 52.8867 37.5899 46.4156 71.1183 95.986 75.5298 17.1172 89.8583 49.471 73.5343 11.6619 63.477 85.8906 21.1896 72.5183 56.3205 39.9251 89.7151 49.0408 76.9025 70.406 27.0185 44.7772 15.0 0.0 60.2993 19.6977 65.0724 50.4528 49.4465 16.4012 
52.7142 52.3927 62.2977 50.3587 28.2843 103.024 60.0333 106.973 19.6469 94.5919 87.3232 83.9656 36.2215 75.1665 76.1367 62.3939 71.0 44.9444 90.0873 50.0 47.2969 85.3815 68.4471 40.1123 11.6619 55.9607 63.6396 23.8537 112.243 12.0416 69.8598 22.4722 48.0937 60.2993 0.0 42.0476 86.5325 73.4101 75.8553 50.4876 
57.2011 26.1837 72.3638 11.3137 32.6754 82.9276 78.427 80.9836 24.0416 67.5033 54.5619 58.9663 60.0829 93.1218 83.5685 29.9301 87.4403 50.9864 90.6298 8.24621 60.1427 93.9294 27.7308 62.2893 36.8782 48.8311 84.7169 36.7423 90.8134 51.3517 40.2728 25.0799 6.08276 19.6977 42.0476 0.0 83.1928 63.0035 61.9972 9.43398 
33.8433 54.2628 30.3645 67.5697 59.0604 22.1359 51.6236 29.0689 73.8662 27.313 41.0122 18.7883 62.5003 54.4518 13.3417 48.2548 49.0918 42.4769 7.61577 73.3817 44.5476 25.5539 85.3592 59.368 92.1426 36.6597 58.2151 62.8238 30.8707 98.3955 38.0599 90.7959 76.7799 65.0724 86.5325 83.1928 0.0 19.1053 17.4642 80.2142 
20.7209 38.6183 32.573 51.9252 45.938 32.2025 54.1295 34.2053 60.7438 24.3516 28.8251 6.32456 56.5197 61.8114 25.2814 33.6351 55.5615 29.5822 26.5423 57.7372 40.1123 41.8775 70.7396 54.7449 79.0203 23.5374 61.6117 49.7014 41.2311 85.2731 23.4403 84.2392 61.1355 50.4528 73.4101 63.0035 19.1053 0.0 2.82843 64.5698 
23.1662 37.612 33.9559 50.9189 48.3832 29.4109 55.7315 31.4006 70.7439 21.8403 27.7308 4.0 58.9406 63.0458 23.7755 32.6288 56.7959 32.0274 25.0 56.7309 42.2966 40.3717 69.7332 57.0701 89.2332 25.9826 63.1506 52.1467 38.4187 87.7184 22.434 83.2328 60.1291 49.4465 75.8553 61.9972 17.4642 2.82843 0.0 63.5635 
66.6285 28.1421 81.7912 13.0 42.1027 84.4038 87.8544 81.9329 33.2415 68.352 53.8516 60.5326 69.5102 102.549 92.9959 31.0483 96.8676 60.4138 87.6513 7.0 69.5701 103.357 18.3848 71.7167 44.1022 50.7896 94.1442 46.1697 92.0489 59.0085 41.4849 31.4006 4.47214 16.4012 50.4876 9.43398 80.2142 64.5698 63.5635 0.0 
DEMAND_SCENARIO_SECTION
0 0 0 0 0 0 0 0 0 0 0 0 0 0 0 0 0 0 0 0 0 0 0 0 0 0 0 0 0 0 0 0 0 0 0 0 0 0 0 0 0 0 0 0 0 0 0 0 0 0 
10 8 7 7 10 11 5 8 8 7 9 2 7 7 9 8 7 9 11 8 13 10 7 7 9 9 2 3 12 7 9 10 8 0 7 12 9 10 2 10 6 2 8 4 3 9 12 9 9 9 
1 2 3 3 4 0 1 1 1 2 2 2 1 2 5 4 3 1 1 2 2 1 2 1 3 4 2 3 2 1 3 1 3 2 2 3 1 4 1 3 1 3 2 0 2 1 2 6 3 3 
0 1 5 4 5 4 4 1 4 4 2 3 5 3 3 2 2 3 3 1 5 2 3 4 3 4 1 4 3 1 0 2 6 0 3 1 5 5 5 1 5 3 4 6 5 4 3 5 2 3 
7 7 11 5 3 8 9 6 9 2 8 7 5 1 4 4 8 9 5 2 8 5 8 12 4 9 8 8 3 7 5 9 5 6 9 9 3 7 5 7 2 9 4 7 5 0 5 6 5 5 
0 1 1 2 1 0 0 0 1 2 0 1 0 0 1 0 2 0 0 3 0 2 0 0 3 2 3 0 0 1 2 0 0 1 1 1 1 2 1 0 1 1 0 0 0 0 2 0 2 1 
6 1 3 5 1 8 5 4 3 2 2 1 3 5 5 2 3 6 5 2 6 4 5 4 1 5 3 3 3 3 4 3 3 2 3 1 5 0 4 3 6 3 0 3 3 3 3 5 2 5 
1 1 1 0 2 1 1 0 2 2 1 2 1 3 3 1 0 0 0 0 0 2 2 0 2 2 0 1 3 2 2 1 2 1 0 1 2 0 1 0 2 1 3 4 0 0 0 2 2 1 
3 0 0 3 4 0 3 1 2 1 4 2 2 5 1 1 0 0 3 3 2 2 4 3 2 0 4 3 1 2 2 4 2 3 4 3 3 3 2 0 0 2 1 3 2 0 2 2 2 0 
1 2 0 0 0 1 0 1 1 0 1 3 1 1 0 0 0 1 2 2 1 2 2 1 2 0 1 2 1 3 1 2 1 0 1 1 1 0 1 3 2 2 1 0 0 2 0 0 2 1 
4 3 3 6 3 7 6 3 2 0 3 2 3 2 0 4 1 5 3 4 1 2 6 5 4 1 2 4 5 3 4 1 0 3 4 5 3 1 1 3 6 3 3 4 4 1 3 3 5 3 
1 5 5 4 5 4 2 3 1 4 3 3 5 8 0 5 4 4 3 0 4 1 3 2 3 3 0 4 3 3 5 6 1 1 3 2 3 0 1 2 1 4 4 4 3 2 0 4 5 6 
7 10 7 3 7 6 10 6 6 13 8 9 9 8 11 12 3 11 10 11 6 14 9 9 5 3 11 4 4 10 8 7 9 9 10 2 9 7 8 3 12 10 10 9 8 7 8 9 11 4 
10 8 11 11 10 13 11 17 10 12 14 12 13 6 9 9 6 14 10 19 15 14 8 9 13 7 7 8 10 9 3 9 13 9 12 6 7 15 13 13 11 12 13 11 7 9 9 8 11 5 
2 2 0 2 2 0 0 1 1 3 2 1 1 2 2 1 0 3 2 3 1 1 0 4 2 2 2 0 2 0 0 1 0 1 1 1 0 0 2 1 1 1 0 0 3 0 1 0 0 0 
3 7 4 8 9 14 5 6 4 11 7 10 4 11 7 1 11 7 8 12 9 9 8 10 10 1 9 13 7 10 8 12 10 4 7 5 4 8 10 5 8 7 2 3 7 9 12 2 6 8 
3 9 8 5 12 8 13 15 12 10 8 7 3 6 14 15 11 11 12 8 11 8 9 13 6 7 5 4 4 10 12 12 9 11 14 6 14 15 3 8 18 9 10 8 7 11 22 14 15 4 
1 3 3 5 4 5 4 3 0 4 3 1 0 4 1 0 2 1 0 1 2 1 2 5 1 3 2 1 1 2 1 4 1 2 0 2 4 3 3 3 2 2 3 2 5 2 0 0 3 3 
4 10 5 5 4 7 5 3 3 6 9 2 4 6 6 9 5 3 9 2 5 7 1 11 2 7 6 8 5 7 10 2 6 7 4 6 4 5 7 12 8 9 5 9 5 8 6 8 4 8 
1 2 4 1 3 3 5 5 0 1 5 6 4 1 4 6 3 1 3 4 4 4 0 2 0 5 3 3 3 4 2 3 0 0 3 0 4 3 2 2 2 4 0 6 2 2 4 6 1 0 
1 2 0 2 3 4 1 2 1 3 0 1 3 1 2 4 0 3 0 0 2 3 3 0 1 1 1 0 3 1 0 3 2 2 4 1 3 4 5 2 1 2 1 3 2 2 0 3 2 3 
10 10 6 9 12 16 8 5 10 9 8 13 10 9 15 8 9 12 15 11 14 10 10 15 11 10 15 6 11 13 19 11 11 13 10 8 12 8 7 8 11 10 12 11 11 12 9 10 19 12 
3 6 8 8 5 9 3 7 5 6 6 7 2 2 1 1 5 8 4 6 1 3 4 8 4 4 5 4 7 9 6 10 2 8 3 3 9 3 7 5 5 4 6 3 8 5 1 4 12 5 
2 3 4 4 2 6 2 4 4 7 4 4 3 5 1 6 7 4 4 0 2 6 3 3 4 1 5 6 5 3 2 3 2 5 6 1 3 2 4 3 6 6 5 5 5 3 1 3 3 4 
2 2 1 2 1 1 1 1 1 1 0 2 1 3 1 1 1 1 0 0 2 1 2 2 0 1 1 1 1 0 0 1 2 3 2 1 2 1 0 2 3 2 1 2 1 0 1 0 2 1 
1 2 2 2 1 0 3 2 1 1 2 1 1 0 1 2 3 2 1 0 1 2 1 1 1 2 1 0 0 1 0 0 1 1 2 2 1 0 1 4 1 1 1 1 1 1 1 0 1 2 
12 11 13 7 12 12 7 13 6 7 19 8 9 7 9 12 10 13 9 10 11 1 12 6 10 8 13 12 10 9 14 6 5 17 7 6 8 9 11 9 7 8 9 8 13 13 9 4 11 9 
6 3 7 6 3 3 2 0 4 1 6 8 6 8 4 4 7 0 4 5 6 4 2 1 2 7 4 8 6 2 3 4 2 2 6 9 7 6 0 9 8 5 6 4 4 2 6 8 3 7 
10 14 7 9 15 10 9 10 10 7 12 12 11 10 11 10 9 10 15 7 12 11 6 8 10 9 13 12 8 9 8 12 9 9 10 13 14 11 9 9 8 11 16 16 11 16 12 10 7 12 
7 11 10 9 5 7 8 8 7 6 4 10 12 10 6 7 9 7 9 3 9 8 11 9 14 3 8 5 7 3 11 9 9 8 3 8 9 8 13 13 7 7 6 6 9 8 14 9 6 7 
6 8 7 6 5 1 0 6 5 3 6 8 7 3 10 3 8 13 8 7 4 8 7 2 8 8 0 3 5 8 5 8 6 7 6 7 1 7 7 9 5 3 1 5 7 6 10 6 8 3 
9 2 5 4 5 7 6 6 2 3 7 3 4 3 4 3 11 7 4 4 10 8 11 4 7 2 0 6 4 8 6 6 8 6 7 6 6 7 3 6 5 4 10 3 4 8 8 9 8 3 
10 9 12 2 10 3 11 8 7 10 12 12 10 2 10 11 11 9 9 15 10 10 14 4 10 6 9 8 11 14 7 15 7 9 11 6 10 8 8 9 8 10 12 11 12 2 14 12 9 9 
1 2 1 1 2 1 2 1 1 1 1 0 3 1 3 2 0 2 3 1 0 0 2 0 2 1 0 0 1 1 2 1 2 1 2 2 0 0 0 0 1 1 0 0 1 1 1 2 0 2 
7 5 5 8 10 9 9 9 13 8 10 8 7 5 9 11 15 7 9 8 10 5 6 13 6 9 11 6 10 0 6 10 10 13 9 11 6 7 7 4 9 8 12 13 11 6 6 12 13 0 
9 14 11 9 10 11 12 6 15 12 16 10 13 13 8 11 13 15 5 10 11 11 14 11 16 16 10 16 8 11 11 11 15 12 11 11 2 8 11 14 12 12 12 11 14 11 15 8 13 17 
9 7 8 11 14 5 8 12 11 13 7 13 13 4 15 13 10 6 15 9 8 8 13 8 11 5 11 10 10 10 12 11 7 10 7 9 10 15 12 6 15 11 11 9 14 15 14 11 9 16 
7 8 7 8 6 4 6 6 8 5 7 5 0 10 7 8 9 6 4 10 8 3 7 7 8 7 3 4 4 7 8 12 4 5 5 6 7 4 4 4 8 3 2 7 3 7 7 3 6 7 
3 2 5 3 4 7 2 6 7 1 5 0 7 9 6 7 9 5 7 5 7 3 5 6 5 5 3 8 4 7 6 5 3 5 4 5 7 6 4 7 7 4 3 7 7 11 4 5 5 8 
10 12 12 6 10 7 10 7 11 9 8 4 13 6 8 13 12 5 6 8 6 8 9 7 4 10 13 14 8 13 9 3 8 15 14 10 13 10 8 8 9 8 4 8 5 13 7 6 9 9 
DEPOT_SECTION
 1
 -1
EOF
