NAME  : Parada_40_2_0.95_1.00_1
TYPE : SVRP
MODEL : FINITE_SUPPORT
NUMBER_OF_SCENARIOS : 50
DIMENSION : 40
EDGE_WEIGHT_TYPE : MATRIX
CAPACITY : 126
N_VEHICLES : 2
NODE_COORD_SECTION
1 499380 289060
2 436840 151150
3 259020 300000
4 541270 394900
5 840010 310430
6 767190 272650
7 218720 125630
8 477820 144380
9 422770 63736
10 471050 223340
11 188540 219860
12 27 300980
13 774870 336180
14 249800 328020
15 547500 318050
16 771730 267990
17 781440 181030
18 708080 412420
19 212320 542990
20 739520 175330
21 493600 178850
22 218750 125690
23 275880 516310
24 281970 446110
25 166220 312020
26 315140 107640
27 544540 212450
28 474680 354220
29 379360 18
30 691730 329530
31 740410 448950
32 739590 414590
33 376230 99037
34 296470 192900
35 891030 432530
36 125480 214160
37 174250 299040
38 788680 415650
39 267390 148830
40 67812 270700
DEMAND_SECTION
1 0.0
2 7.0
3 2.0
4 8.0
5 9.0
6 2.0
7 9.0
8 9.0
9 10.0
10 8.0
11 1.0
12 2.0
13 10.0
14 5.0
15 5.0
16 4.0
17 3.0
18 8.0
19 9.0
20 4.0
21 7.0
22 7.0
23 8.0
24 2.0
25 2.0
26 10.0
27 3.0
28 4.0
29 6.0
30 5.0
31 4.0
32 6.0
33 9.0
34 3.0
35 8.0
36 8.0
37 9.0
38 7.0
39 8.0
40 9.0
DISTANCE_MATRIX
0.0 17.2327 67.8904 13.4164 33.5519 53.3522 41.5468 35.609 31.4419 10.0 54.7884 71.5891 42.7217 68.8863 8.06226 46.6154 52.5653 38.2884 77.2181 48.2932 37.2156 41.5468 67.8358 64.4239 64.2896 42.4302 39.2173 19.9249 41.0028 30.0 44.2041 41.7732 26.2354 40.0527 46.4531 55.4979 65.3833 47.8017 34.0796 63.3795 
17.2327 0.0 51.0615 30.5291 49.0138 60.2669 24.7178 27.8568 29.2746 8.99323 37.9594 61.7253 54.3799 52.0574 22.1098 62.6552 55.0727 50.27 68.1442 50.0899 30.8058 24.7178 60.0 54.5894 47.4606 29.7321 35.0143 35.8476 31.0 41.6729 56.3126 53.6975 19.4165 30.0499 61.9149 45.8228 48.5543 64.7292 17.2506 53.3766 
67.8904 51.0615 0.0 75.6405 99.9081 107.399 29.2062 58.0086 42.5659 59.4428 20.1246 66.0303 99.3063 4.24264 72.7675 78.2248 99.3663 100.928 29.0689 93.6061 63.0079 29.2062 28.1603 18.0278 14.0357 31.7665 70.6045 65.6184 59.9183 92.3306 106.97 104.355 45.6577 41.1096 99.6007 32.7567 16.1245 88.0817 34.6462 42.0119 
13.4164 30.5291 75.6405 0.0 24.7437 54.1202 54.8432 48.0833 35.0 22.8035 64.94 84.6463 43.4166 79.7235 11.1803 37.4833 56.0803 35.3553 81.6333 53.0377 49.0408 54.8432 72.111 68.895 74.1696 46.9014 49.7775 14.3178 54.2993 30.5941 40.2244 38.9487 30.7065 53.3491 37.6449 68.7944 75.2647 36.6288 45.1075 76.6759 
33.5519 49.0138 99.9081 24.7437 0.0 49.366 73.3279 64.4232 59.5696 40.5216 86.5694 101.393 40.2616 100.667 26.9258 42.72 55.9732 28.2843 105.957 55.0364 65.0776 73.3279 96.5489 93.1626 96.0706 71.169 62.3165 37.6491 72.7839 30.8869 30.0666 31.0644 54.9741 71.8338 15.6525 87.279 97.1643 35.2278 65.8607 94.122 
53.3522 60.2669 107.399 54.1202 49.366 0.0 79.5047 52.2015 84.7673 52.1839 88.0136 81.0062 10.7703 106.976 46.5188 89.4539 12.6491 21.095 128.364 17.0294 48.0833 79.5047 121.161 114.809 98.4051 89.6295 41.0 68.3081 69.4809 23.7697 20.6155 18.4391 79.5608 68.2306 64.3273 82.8553 98.1432 84.0238 76.4533 87.0919 
41.5468 24.7178 29.2062 54.8432 73.3279 79.5047 0.0 31.0161 31.0644 33.0991 14.0 52.3927 71.4117 30.0167 46.4239 66.0681 71.4718 74.5841 53.5108 65.7116 35.8469 0.0 48.1068 39.2723 24.3311 19.0263 42.9783 43.9772 32.0238 65.987 80.6268 78.0116 23.3452 12.0416 79.3066 21.2603 25.0799 72.261 7.61577 33.9411 
35.609 27.8568 58.0086 48.0833 64.4232 52.2015 31.0161 0.0 55.3263 25.6125 38.2884 37.2156 45.7056 57.4891 37.6431 81.5225 43.0465 51.5719 84.0952 37.2156 5.0 31.0161 78.6991 69.8646 48.1041 49.0306 12.7279 54.7148 21.198 41.3084 57.2216 53.1508 45.3982 20.2479 77.3502 30.8869 47.5079 83.4086 32.2888 35.3553 
31.4419 29.2746 42.5659 35.0 59.5696 84.7673 31.0644 55.3263 0.0 37.8754 41.1841 83.1865 74.1178 46.6489 38.6005 37.5766 83.7967 68.7677 46.9574 78.9673 59.0762 31.0644 37.2156 35.171 50.4138 17.4642 64.0703 23.4094 56.7056 61.2983 74.2765 72.3464 10.0 36.5079 57.038 51.8556 51.5088 46.3249 25.0799 64.6607 
10.0 8.99323 59.4428 22.8035 40.5216 52.1839 33.0991 25.6125 37.8754 0.0 46.3407 61.8466 45.7086 60.4387 13.6015 56.3649 46.9915 41.5987 77.0889 42.1545 27.2947 33.0991 68.965 63.5341 55.8419 38.6306 29.8329 29.5466 31.5913 33.0015 47.6413 45.0262 28.1623 30.6411 53.4253 46.0864 56.9356 57.8014 25.6319 53.9679 
54.7884 37.9594 20.1246 64.94 86.5694 88.0136 14.0 38.2884 41.1841 46.3407 0.0 48.5077 80.2208 19.2094 59.6655 77.6209 80.2808 87.8257 48.2701 74.5185 43.2782 14.0 45.0111 35.1283 10.7703 26.5817 50.9902 56.3662 40.8329 75.5275 93.8683 91.2532 34.9571 23.7697 91.6956 14.1421 11.1803 84.5606 21.2132 26.0 
71.5891 61.7253 66.0303 84.6463 101.393 81.0062 52.3927 37.2156 83.1865 61.8466 48.5077 0.0 77.7817 63.1981 74.6324 116.986 69.0652 85.8662 95.0842 64.0 38.0789 52.3927 93.1933 83.0963 52.0865 70.5195 42.2019 90.2246 52.7253 75.6716 91.2195 87.0976 74.503 48.6004 114.32 34.3657 50.1597 119.106 58.1808 24.1868 
42.7217 54.3799 99.3063 43.4166 40.2616 10.7703 71.4117 45.7056 74.1178 45.7086 80.2208 77.7817 0.0 99.1834 35.7771 79.1581 16.1245 12.53 119.913 17.0294 42.19 71.4117 110.531 108.921 90.6123 84.0173 36.0139 57.5674 61.388 13.0 15.0 11.3137 68.9303 60.4378 55.6597 75.5844 90.3504 74.2428 68.3603 81.0494 
68.8863 52.0574 4.24264 79.7235 100.667 106.976 30.0167 57.4891 46.6489 60.4387 19.2094 63.1981 99.1834 0.0 73.7634 82.3077 99.2435 101.924 32.0156 93.4833 62.482 30.0167 31.9531 21.9317 11.1803 35.8495 70.1783 69.7013 59.7955 93.3265 107.966 105.351 49.7406 41.6173 103.684 30.6757 13.0384 92.1647 35.6421 39.0512 
8.06226 22.1098 72.7675 11.1803 26.9258 46.5188 46.4239 37.6431 38.6005 13.6015 59.6655 74.6324 35.7771 73.7634 0.0 48.2701 46.6905 30.4138 84.3835 43.1045 38.3187 46.4239 75.0012 71.5893 69.1667 49.5956 38.9609 23.0217 45.8799 22.8254 36.2353 33.9411 33.4008 44.9298 39.8271 60.375 70.2604 47.7558 38.9567 67.3913 
46.6154 62.6552 78.2248 37.4833 42.72 89.4539 66.0681 81.5225 37.5766 56.3649 77.6209 116.986 79.1581 82.3077 48.2701 0.0 93.0484 68.884 76.1643 90.3549 83.6301 66.0681 66.0681 68.3593 86.8506 55.0364 85.7963 26.8328 86.5622 67.0 72.0347 72.1803 42.8019 70.1201 34.0588 87.3212 87.9456 12.083 58.7963 99.905 
52.5653 55.0727 99.3663 56.0803 55.9732 12.6491 71.4718 43.0465 83.7967 46.9915 80.2808 69.0652 16.1245 99.2435 46.6905 93.0484 0.0 28.6531 122.982 5.83095 38.4708 71.4718 114.826 109.427 90.6035 84.3149 30.8707 69.5845 61.448 26.1725 30.4795 27.2029 74.2451 60.4979 71.5122 73.9256 90.2109 89.1067 71.0706 76.896 
38.2884 50.27 100.928 35.3553 28.2843 21.095 74.5841 51.5719 68.7677 41.5987 87.8257 85.8662 12.53 101.924 30.4138 68.884 28.6531 0.0 114.622 29.0689 48.5819 74.5841 105.24 102.419 97.3269 79.9073 43.6807 49.6488 74.0401 11.0454 6.32456 3.60555 63.6392 73.09 43.4166 81.1548 98.4206 63.0 67.1169 86.8954 
77.2181 68.1442 29.0689 81.6333 105.957 128.364 53.5108 84.0952 46.9574 77.0889 48.2701 95.0842 119.913 32.0156 84.3835 76.1643 122.982 114.622 0.0 117.708 89.0 53.5108 10.198 14.4222 43.0116 38.6152 96.2281 70.2638 85.2736 107.206 120.208 118.191 52.2015 65.5458 102.786 61.6604 45.0 87.5728 55.6326 71.007 
48.2932 50.0899 93.6061 53.0377 55.0364 17.0294 65.7116 37.2156 78.9673 42.1545 74.5185 64.0 17.0294 93.4833 43.1045 90.3549 5.83095 29.0689 117.708 0.0 32.6497 65.7116 109.607 104.153 84.8116 79.0759 25.0799 66.1211 55.6878 24.3516 32.0156 28.3196 69.2832 54.7377 70.6824 68.0955 84.4038 87.0976 65.7967 71.1688 
37.2156 30.8058 63.0079 49.0408 65.0776 48.0833 35.8469 5.0 59.0762 27.2947 43.2782 38.0789 42.19 62.482 38.3187 83.6301 38.4708 48.5819 89.0 32.6497 0.0 35.8469 83.5961 74.7616 53.0377 53.699 7.81025 56.7979 25.8661 38.3183 54.2316 50.1597 49.0918 24.9159 77.4331 35.5106 52.4023 84.8883 36.9568 39.0512 
41.5468 24.7178 29.2062 54.8432 73.3279 79.5047 0.0 31.0161 31.0644 33.0991 14.0 52.3927 71.4117 30.0167 46.4239 66.0681 71.4718 74.5841 53.5108 65.7116 35.8469 0.0 48.1068 39.2723 24.3311 19.0263 42.9783 43.9772 32.0238 65.987 80.6268 78.0116 23.3452 12.0416 79.3066 21.2603 25.0799 72.261 7.61577 33.9411 
67.8358 60.0 28.1603 72.111 96.5489 121.161 48.1068 78.6991 37.2156 68.965 45.0111 93.1933 110.531 31.9531 75.0012 66.0681 114.826 105.24 10.198 109.607 83.5961 48.1068 0.0 10.198 41.9762 30.5441 90.8242 60.3738 79.8697 97.8236 110.826 108.808 43.1856 59.1458 92.6553 59.0085 44.1475 77.4145 47.5615 69.5845 
64.4239 54.5894 18.0278 68.895 93.1626 114.809 39.2723 69.8646 35.171 63.5341 35.1283 83.0963 108.921 21.9317 71.5893 68.3593 109.427 102.419 14.4222 104.153 74.7616 39.2723 10.198 0.0 31.7805 25.0605 81.9897 58.5235 71.0352 96.2138 107.414 108.238 38.9516 51.3073 92.035 49.0102 33.9559 79.0253 42.0778 59.4138 
64.2896 47.4606 14.0357 74.1696 96.0706 98.4051 24.3311 48.1041 50.4138 55.8419 10.7703 52.0865 90.6123 11.1803 69.1667 86.8506 90.6035 97.3269 43.0116 84.8116 53.0377 24.3311 41.9762 31.7805 0.0 41.5366 60.8276 65.5958 51.2244 85.919 103.37 100.754 44.1868 34.5398 100.674 19.6977 2.23607 93.7902 31.0161 28.0 
42.4302 29.7321 31.7665 46.9014 71.169 89.6295 19.0263 49.0306 17.4642 38.6306 26.5817 70.5195 84.0173 35.8495 49.5956 55.0364 84.3149 79.9073 38.6152 79.0759 53.699 19.0263 30.5441 25.0605 41.5366 0.0 60.5092 38.0132 49.833 71.3102 83.8005 83.3349 16.2788 28.8617 72.8934 37.4447 43.7172 63.6003 17.088 50.2207 
39.2173 35.0143 70.6045 49.7775 62.3165 41.0 42.9783 12.7279 64.0703 29.8329 50.9902 42.2019 36.0139 70.1783 38.9609 85.7963 30.8707 43.6807 96.2281 25.0799 7.81025 42.9783 90.8242 81.9897 60.8276 60.5092 0.0 59.1354 32.9545 33.6163 49.0306 44.911 54.0833 32.0044 77.5878 43.2666 60.208 86.1363 47.2131 46.1736 
19.9249 35.8476 65.6184 14.3178 37.6491 68.3081 43.9772 54.7148 23.4094 29.5466 56.3662 90.2246 57.5674 69.7013 23.0217 26.8328 69.5845 49.6488 70.2638 66.1211 56.7979 43.9772 60.3738 58.5235 65.5958 38.0132 59.1354 0.0 64.2116 44.643 54.3783 53.2353 22.0907 47.7695 35.4526 65.1327 66.6909 29.8329 36.5337 77.6656 
41.0028 31.0 59.9183 54.2993 72.7839 69.4809 32.0238 21.198 56.7056 31.5913 40.8329 52.7253 61.388 59.7955 45.8799 86.5622 61.448 74.0401 85.2736 55.6878 25.8661 32.0238 79.8697 71.0352 51.2244 49.833 32.9545 64.2116 0.0 56.6946 80.0828 77.4676 46.9026 21.0499 85.685 36.4951 50.9625 92.4955 33.0907 44.3766 
30.0 41.6729 92.3306 30.5941 30.8869 23.7697 65.987 41.3084 61.2983 33.0015 75.5275 75.6716 13.0 93.3265 22.8254 67.0 26.1725 11.0454 107.206 24.3516 38.3183 65.987 97.8236 96.2138 85.919 71.3102 33.6163 44.643 56.6946 0.0 17.2627 13.6015 56.2232 55.7445 46.5296 70.8912 85.6571 62.9682 58.5198 76.6319 
44.2041 56.3126 106.97 40.2244 30.0666 20.6155 80.6268 57.2216 74.2765 47.6413 93.8683 91.2195 15.0 107.966 36.2353 72.0347 30.4795 6.32456 120.208 32.0156 54.2316 80.6268 110.826 107.414 103.37 83.8005 49.0306 54.3783 80.0828 17.2627 0.0 4.12311 69.2254 79.1326 44.2832 86.8045 104.463 65.2763 73.1596 92.5451 
41.7732 53.6975 104.355 38.9487 31.0644 18.4391 78.0116 53.1508 72.3464 45.0262 91.2532 87.0976 11.3137 105.351 33.9411 72.1803 27.2029 3.60555 118.191 28.3196 50.1597 78.0116 108.808 108.238 100.754 83.3349 44.911 53.2353 77.4676 13.6015 4.12311 0.0 67.208 67.5869 45.8912 82.7337 97.4995 66.0303 70.5444 88.4743 
26.2354 19.4165 45.6577 30.7065 54.9741 79.5608 23.3452 45.3982 10.0 28.1623 34.9571 74.503 68.9303 49.7406 33.4008 42.8019 74.2451 63.6392 52.2015 69.2832 49.0918 23.3452 43.1856 38.9516 44.1868 16.2788 54.0833 22.0907 46.9026 56.2232 69.2254 67.208 0.0 27.6371 57.3289 44.5982 45.2818 49.6588 16.4012 57.28 
40.0527 30.0499 41.1096 53.3491 71.8338 68.2306 12.0416 20.2479 36.5079 30.6411 23.7697 48.6004 60.4378 41.6173 44.9298 70.1201 60.4979 73.09 65.5458 54.7377 24.9159 12.0416 59.1458 51.3073 34.5398 28.8617 32.0044 47.7695 21.0499 55.7445 79.1326 67.5869 27.6371 0.0 84.7349 24.5153 34.7851 76.0533 12.0416 35.3412 
46.4531 61.9149 99.6007 37.6449 15.6525 64.3273 79.3066 77.3502 57.038 53.4253 91.6956 114.32 55.6597 103.684 39.8271 34.0588 71.5122 43.4166 102.786 70.6824 77.4331 79.3066 92.6553 92.035 100.674 72.8934 77.5878 35.4526 85.685 46.5296 44.2832 45.8912 57.3289 84.7349 0.0 100.18 102.02 23.7065 71.8631 107.112 
55.4979 45.8228 32.7567 68.7944 87.279 82.8553 21.2603 30.8869 51.8556 46.0864 14.1421 34.3657 75.5844 30.6757 60.375 87.3212 73.9256 81.1548 61.6604 68.0955 35.5106 21.2603 59.0085 49.0102 19.6977 37.4447 43.2666 65.1327 36.4951 70.8912 86.8045 82.7337 44.5982 24.5153 100.18 0.0 18.3576 93.4166 28.6007 12.8062 
65.3833 48.5543 16.1245 75.2647 97.1643 98.1432 25.0799 47.5079 51.5088 56.9356 11.1803 50.1597 90.3504 13.0384 70.2604 87.9456 90.2109 98.4206 45.0 84.4038 52.4023 25.0799 44.1475 33.9559 2.23607 43.7172 60.208 66.6909 50.9625 85.6571 104.463 97.4995 45.2818 34.7851 102.02 18.3576 0.0 94.8853 32.0156 26.0192 
47.8017 64.7292 88.0817 36.6288 35.2278 84.0238 72.261 83.4086 46.3249 57.8014 84.5606 119.106 74.2428 92.1647 47.7558 12.083 89.1067 63.0 87.5728 87.0976 84.8883 72.261 77.4145 79.0253 93.7902 63.6003 86.1363 29.8329 92.4955 62.9682 65.2763 66.0303 49.6588 76.0533 23.7065 93.4166 94.8853 0.0 64.8175 105.949 
34.0796 17.2506 34.6462 45.1075 65.8607 76.4533 7.61577 32.2888 25.0799 25.6319 21.2132 58.1808 68.3603 35.6421 38.9567 58.7963 71.0706 67.1169 55.6326 65.7967 36.9568 7.61577 47.5615 42.0778 31.0161 17.088 47.2131 36.5337 33.0907 58.5198 73.1596 70.5444 16.4012 12.0416 71.8631 28.6007 32.0156 64.8175 0.0 41.1096 
63.3795 53.3766 42.0119 76.6759 94.122 87.0919 33.9411 35.3553 64.6607 53.9679 26.0 24.1868 81.0494 39.0512 67.3913 99.905 76.896 86.8954 71.007 71.1688 39.0512 33.9411 69.5845 59.4138 28.0 50.2207 46.1736 77.6656 44.3766 76.6319 92.5451 88.4743 57.28 35.3412 107.112 12.8062 26.0192 105.949 41.1096 0.0 
DEMAND_SCENARIO_SECTION
0 0 0 0 0 0 0 0 0 0 0 0 0 0 0 0 0 0 0 0 0 0 0 0 0 0 0 0 0 0 0 0 0 0 0 0 0 0 0 0 0 0 0 0 0 0 0 0 0 0 
6 11 11 3 9 11 4 7 7 5 11 6 3 8 6 10 9 4 9 8 1 4 8 7 9 7 9 10 5 2 9 8 7 6 7 8 2 9 8 12 5 8 9 3 12 6 6 5 10 3 
2 1 2 3 2 1 4 0 2 0 2 2 1 1 3 4 2 5 4 4 0 3 1 3 0 1 4 0 1 3 0 3 2 0 2 2 3 0 2 1 3 0 2 4 1 4 2 4 3 2 
11 13 13 5 7 8 8 6 7 8 7 15 9 4 9 10 5 5 5 8 7 4 10 6 8 5 5 7 12 8 7 12 5 7 12 8 9 10 8 8 8 11 5 12 9 11 7 12 10 7 
9 10 10 11 6 5 6 9 9 8 4 10 11 6 11 7 9 3 14 11 9 6 4 9 8 12 9 6 9 5 9 15 12 7 10 6 12 14 6 11 6 10 14 12 8 12 10 11 8 9 
0 2 0 2 2 1 2 1 1 3 3 4 2 3 2 2 3 4 1 3 3 1 1 1 4 2 3 2 2 2 2 2 2 0 1 2 2 2 3 2 4 2 0 0 2 3 1 2 0 2 
13 10 10 4 11 11 11 12 7 11 3 10 6 8 3 9 13 7 8 7 4 14 6 8 10 11 12 13 8 8 7 10 2 10 12 2 4 8 12 13 6 4 6 11 8 9 4 11 8 10 
2 6 13 10 6 8 4 12 6 7 7 15 4 8 5 5 8 13 8 8 9 13 8 10 7 7 10 8 9 12 6 3 10 8 12 16 7 13 3 9 17 6 10 9 8 8 7 8 11 13 
8 13 9 13 11 12 6 6 10 6 9 5 11 15 11 9 7 12 9 13 7 8 13 10 13 11 9 9 13 14 8 9 10 11 10 13 10 9 12 9 10 13 6 6 7 3 5 10 11 8 
10 11 10 7 6 7 12 6 7 8 7 8 12 6 5 12 7 4 8 9 9 5 7 9 5 9 2 5 9 8 7 7 7 5 4 9 5 10 7 14 7 6 8 8 11 10 9 9 7 4 
1 1 2 0 0 3 1 2 0 1 1 1 1 0 0 1 2 1 0 0 0 2 0 1 1 2 0 0 0 1 0 1 1 0 0 1 1 1 0 0 1 2 0 1 0 1 2 0 2 2 
1 1 2 3 3 0 2 2 1 1 4 0 1 0 3 2 1 5 5 4 3 2 1 4 2 1 3 3 2 4 2 3 2 4 4 2 2 3 4 2 4 2 1 1 1 0 0 2 2 1 
11 7 9 11 17 10 9 6 11 12 10 8 8 8 10 14 11 4 6 14 1 7 11 11 13 8 8 11 8 7 11 13 11 9 7 10 9 11 10 11 3 13 11 11 10 7 13 10 10 6 
6 7 4 6 4 4 2 7 2 5 6 5 3 4 3 8 2 3 4 7 5 5 5 4 8 7 7 5 2 5 6 7 7 3 5 9 7 4 6 5 5 2 6 6 4 5 3 5 1 1 
6 4 8 5 5 8 1 3 6 6 5 2 2 6 7 2 2 0 2 6 8 3 6 1 6 7 7 6 7 8 8 3 3 5 6 5 6 3 6 6 6 6 7 4 5 3 5 8 8 9 
3 5 8 5 4 5 4 3 7 2 5 3 3 4 4 5 4 5 7 3 6 1 2 1 8 2 3 5 4 4 3 2 5 5 4 5 5 0 8 2 1 5 3 0 3 1 6 2 4 3 
3 0 3 3 4 2 3 2 0 2 4 2 2 4 4 2 3 3 3 3 1 0 3 5 3 0 4 0 4 1 3 1 4 4 3 3 2 6 1 4 0 3 3 5 3 0 5 2 1 3 
4 7 13 6 8 5 6 5 11 6 5 11 9 8 7 3 6 5 8 5 4 9 12 6 10 10 7 6 4 6 9 7 5 14 8 12 8 12 7 7 10 12 11 12 12 11 15 4 8 8 
8 7 10 4 8 9 11 9 6 9 10 9 7 14 7 11 7 7 5 14 6 5 5 15 10 8 9 7 12 9 8 10 10 13 9 5 8 7 7 7 7 10 9 6 9 8 15 9 9 11 
4 5 3 1 5 4 7 6 4 6 3 4 7 5 4 6 3 6 9 7 4 5 4 7 2 5 7 0 2 5 6 3 4 2 3 7 5 4 4 1 5 4 5 5 4 5 2 0 6 5 
6 3 8 7 6 7 6 9 10 5 1 9 8 13 10 4 3 8 6 10 9 4 6 9 9 6 12 7 7 10 5 2 11 9 8 7 8 4 7 6 9 6 9 4 9 11 11 12 11 8 
4 9 10 10 9 7 9 7 6 10 7 5 6 7 7 3 6 6 8 8 10 10 3 6 6 3 9 8 8 9 7 5 5 7 6 10 10 3 8 9 6 2 4 9 9 7 8 2 4 8 
6 7 8 7 6 5 10 8 5 5 10 9 7 9 3 5 8 5 7 8 13 9 9 12 10 11 7 6 8 5 6 9 12 7 10 7 6 10 3 10 9 10 9 5 8 5 11 6 6 6 
3 4 1 4 1 1 3 0 3 1 5 3 0 1 2 4 4 2 4 0 2 0 2 2 2 0 4 3 3 3 3 3 0 0 2 1 2 3 3 3 2 4 3 3 5 3 3 3 4 1 
2 4 1 0 0 3 1 0 1 4 4 2 3 5 1 2 0 3 2 2 2 2 1 0 0 0 2 1 2 0 1 2 0 3 3 2 2 2 4 2 3 2 1 1 2 1 2 4 2 2 
16 5 12 14 6 7 9 11 13 17 9 14 11 8 12 12 13 12 8 12 9 7 15 8 11 11 13 10 5 8 12 7 6 10 9 14 12 14 12 7 9 11 12 6 9 7 13 13 5 14 
2 3 8 0 4 5 5 4 7 2 3 0 1 3 2 5 3 6 3 7 4 2 2 7 4 4 4 0 6 3 1 1 4 3 5 1 5 2 4 3 3 2 4 5 3 1 5 4 1 0 
5 1 5 3 6 6 4 3 3 2 0 2 3 2 3 6 7 4 3 2 6 5 2 2 5 4 6 5 6 4 4 3 6 3 4 6 6 1 5 5 7 3 6 5 3 8 2 4 5 3 
6 5 8 7 5 6 4 5 11 5 11 7 7 8 6 5 2 2 6 6 0 3 5 4 10 5 6 8 9 6 10 9 9 12 3 8 7 5 3 6 4 3 7 8 6 5 10 7 2 8 
6 3 5 4 4 1 6 10 11 5 3 7 6 1 6 8 6 5 7 3 2 6 1 7 4 5 6 10 3 1 5 3 4 6 5 3 6 8 8 5 6 1 7 4 0 9 3 7 3 5 
4 8 0 7 1 1 4 4 4 5 5 4 2 0 0 4 0 4 3 3 7 4 6 3 1 3 4 4 0 1 5 4 7 6 4 6 6 3 6 5 4 5 2 2 4 5 3 7 1 3 
8 12 2 11 0 9 2 6 9 2 8 4 7 6 5 3 1 7 2 6 7 6 4 8 5 7 6 6 5 2 10 5 6 9 4 6 5 6 5 7 4 5 5 8 1 7 8 4 4 7 
11 8 9 4 9 7 10 7 10 5 8 10 10 10 6 4 6 10 8 10 9 9 4 13 6 9 11 8 5 10 11 9 10 10 8 10 7 9 12 13 9 6 8 6 10 10 11 13 6 6 
1 2 4 6 6 6 0 3 4 2 5 2 1 1 4 3 2 3 3 3 5 7 1 4 3 4 5 4 5 3 1 0 2 4 0 1 3 4 3 0 1 3 5 3 4 0 3 5 3 3 
3 9 7 7 11 10 8 9 14 8 7 7 7 11 7 13 6 9 9 12 8 10 8 16 6 9 7 4 8 8 6 11 9 3 4 15 9 8 11 10 3 7 8 6 14 7 15 9 12 5 
10 10 14 10 11 5 3 13 8 10 12 9 12 8 7 6 6 7 5 6 9 7 15 11 10 9 6 5 11 9 9 8 6 2 9 6 3 6 9 9 13 7 0 10 9 2 10 10 8 6 
8 14 13 5 8 10 10 3 12 12 8 13 6 4 6 10 6 6 12 5 9 9 17 8 9 8 13 7 10 8 5 8 7 10 15 13 8 10 11 5 5 10 9 10 8 6 8 2 10 13 
2 7 4 6 12 8 6 11 3 7 6 7 9 9 7 6 5 7 13 7 7 4 12 7 6 4 9 0 13 8 8 4 6 6 6 8 5 4 5 11 4 9 6 7 7 7 7 9 5 6 
5 11 8 3 7 6 10 10 9 14 6 6 9 8 13 5 13 6 0 4 9 11 6 8 10 10 3 7 12 7 5 14 10 5 12 9 8 4 7 9 11 6 1 9 4 4 9 7 6 8 
7 8 12 9 9 12 13 11 5 9 7 8 14 7 11 7 17 10 5 9 9 10 12 6 11 10 5 10 7 13 5 9 13 3 5 10 4 10 7 6 3 15 10 15 13 12 14 11 7 6 
DEPOT_SECTION
 1
 -1
EOF
