NAME  : Parada_40_2_0.95_1.00_2
TYPE : SVRP
MODEL : FINITE_SUPPORT
NUMBER_OF_SCENARIOS : 50
DIMENSION : 40
EDGE_WEIGHT_TYPE : MATRIX
CAPACITY : 96
N_VEHICLES : 2
NODE_COORD_SECTION
1 120900 259710
2 610880 510820
3 177790 133580
4 465310 547310
5 311490 100810
6 126800 313050
7 408520 10239
8 503530 18
9 299230 57869
10 250120 194340
11 333870 260140
12 424260 87646
13 511780 371240
14 523340 511110
15 193730 538260
16 246530 541290
17 213910 269880
18 173580 463600
19 55423 403630
20 140930 419960
21 27 242920
22 114780 283000
23 245130 599840
24 306400 555000
25 401940 26533
26 391300 503950
27 466740 162190
28 104320 329470
29 365500 412000
30 567100 12762
31 182390 147520
32 291720 317130
33 164650 248650
34 240320 279710
35 569930 554160
36 457650 150820
37 494390 508820
38 207420 503330
39 243780 584300
40 193070 376880
DEMAND_SECTION
1 0.0
2 7.0
3 2.0
4 6.0
5 10.0
6 9.0
7 2.0
8 5.0
9 4.0
10 10.0
11 3.0
12 5.0
13 4.0
14 4.0
15 3.0
16 2.0
17 6.0
18 3.0
19 8.0
20 5.0
21 7.0
22 10.0
23 8.0
24 1.0
25 6.0
26 4.0
27 4.0
28 2.0
29 1.0
30 7.0
31 3.0
32 2.0
33 9.0
34 1.0
35 4.0
36 3.0
37 7.0
38 1.0
39 1.0
40 5.0
DISTANCE_MATRIX
0.0 63.4543 15.2971 56.8471 46.8726 6.40312 38.833 51.0882 44.1489 18.868 45.2816 40.5892 53.0721 58.9315 35.0 41.1096 15.7585 23.0 51.8123 18.3848 70.2369 37.539 42.0595 39.2938 39.4462 40.967 42.0137 60.0662 39.3556 57.3664 13.9284 46.3122 37.2462 35.8347 58.6935 43.7073 62.5094 30.0666 45.0444 23.4713 
63.4543 0.0 77.6621 37.3631 89.4707 60.9039 101.764 113.542 91.3017 67.4166 70.0071 102.764 51.9711 23.1948 39.9249 41.0 61.5285 45.8039 69.6348 55.0 95.5249 56.927 50.9902 29.5466 103.101 25.2389 104.188 82.0366 37.3363 119.541 78.2123 82.0975 72.0139 80.604 9.05539 93.673 19.4165 43.8292 35.3553 49.9469 
15.2971 77.6621 0.0 57.8014 49.319 20.025 25.4951 38.4187 46.228 16.1245 40.7595 29.6029 53.7011 60.1082 50.0899 56.0 16.9547 38.1182 57.3062 32.249 63.9531 38.7351 56.0179 54.5711 25.4951 53.2723 31.0275 55.3624 40.5518 45.793 2.82843 39.8121 42.2019 27.7849 70.0464 32.721 63.7056 45.0111 60.208 28.8784 
56.8471 37.3631 57.8014 0.0 97.687 60.6971 82.9277 95.9635 97.6335 43.4166 35.7351 87.2393 15.0 14.7648 51.8025 56.8243 43.0813 52.4342 82.3754 57.3962 58.4209 39.0832 65.694 44.1022 82.4197 28.3019 88.6638 45.0999 23.0217 103.586 58.5918 48.0833 80.5477 51.9732 28.4605 90.3574 18.0278 53.121 54.6443 40.8535 
46.8726 89.4707 49.319 97.687 0.0 46.6887 49.1935 52.1728 6.08276 62.2415 88.7721 38.2753 96.5824 86.7696 49.6488 50.2195 59.2688 45.4253 26.4197 42.4621 112.892 76.8918 41.7732 59.9333 51.8845 69.665 31.6228 103.38 78.7084 51.0392 46.51 88.7065 17.4642 76.9606 86.977 29.6816 87.5878 45.6946 56.6127 58.3891 
6.40312 60.9039 20.025 60.6971 46.6887 0.0 41.1461 52.6972 43.9649 25.2454 51.659 41.9315 59.4495 55.5212 30.2655 36.0139 22.1359 18.4391 51.6283 12.3693 76.6143 39.6139 36.1458 35.8469 42.1545 38.4167 43.3561 66.4436 41.4305 58.7087 18.0278 52.6896 37.0623 42.2121 56.1431 38.2254 56.3394 25.0799 40.4475 20.9209 
38.833 101.764 25.4951 82.9277 49.1935 41.1461 0.0 13.0384 43.4166 39.8246 59.5897 12.0416 78.5585 85.6223 70.9609 75.4322 42.4493 59.3547 67.6018 60.8843 76.9415 64.2298 72.5603 76.9675 2.82843 78.767 18.4391 72.0069 66.0464 21.1896 25.4951 55.0 51.3517 43.1045 95.541 19.9249 89.2002 65.7853 80.8652 61.7809 
51.0882 113.542 38.4187 95.9635 52.1728 52.6972 13.0384 0.0 46.0977 52.8394 71.8006 15.1327 91.5964 98.5383 81.5665 85.9202 55.3654 70.9237 74.027 71.4011 87.1436 77.1458 81.4927 88.5384 13.9284 91.0546 25.9615 83.3847 78.9624 9.0 38.2099 66.3702 58.2151 54.9181 108.457 26.4764 102.116 76.3021 91.382 73.5588 
44.1489 91.3017 46.228 97.6335 6.08276 43.9649 43.4166 46.0977 0.0 59.2419 85.5396 32.311 93.8586 87.8903 51.8652 53.1507 56.545 46.546 31.3847 43.5828 109.801 78.0124 45.3431 61.9112 46.1411 70.7857 26.2488 100.324 80.1421 45.0111 43.419 85.6155 19.8494 73.8696 88.2532 24.2074 88.7084 47.5079 59.5483 64.8145 
18.868 67.4166 16.1245 43.4166 62.2415 25.2454 39.8246 52.8394 59.2419 0.0 26.4222 45.4253 38.928 48.2597 49.7293 56.332 12.53 38.6855 67.2726 37.1648 51.4004 28.6469 60.698 51.0882 39.1152 43.1841 46.8499 41.2068 30.0832 60.8358 18.0 27.5862 52.7065 17.8885 59.5063 48.5434 52.1536 45.7357 59.0339 23.5372 
45.2816 70.0071 40.7595 35.7351 88.7721 51.659 59.5897 71.8006 85.5396 26.4222 0.0 67.839 21.9545 47.1699 71.7435 78.4281 37.7214 61.3017 93.4406 64.7447 30.0 46.6114 82.6749 64.6812 58.0037 50.7075 69.3178 17.8045 37.2395 80.5638 43.194 12.3693 79.1654 17.4929 61.0328 71.0113 51.2445 68.2649 79.7659 46.0553 
40.5892 102.764 29.6029 87.2393 38.2753 41.9315 12.0416 15.1327 32.311 45.4253 67.839 0.0 83.2799 89.3245 67.2976 70.9702 46.1516 60.118 59.0 60.5954 87.3212 67.932 66.4831 77.7327 14.8661 80.2767 11.1803 81.3019 69.7486 18.6011 28.6535 64.4981 43.1045 52.2398 98.0031 11.4018 92.9024 62.0558 76.8551 62.7809 
53.0721 51.9711 53.7011 15.0 96.5824 59.4495 78.5585 91.5964 93.8586 38.928 21.9545 83.2799 0.0 28.8617 61.1315 66.1565 40.3113 54.5917 86.7714 58.2757 43.566 38.8329 75.023 53.7587 77.9792 38.4187 84.7045 30.1496 28.0179 99.3651 54.7509 34.0147 80.5853 38.8648 42.9535 86.398 32.5576 61.0739 64.3817 40.6032 
58.9315 23.1948 60.1082 14.7648 86.7696 55.5212 85.6223 98.5383 87.8903 48.2597 47.1699 89.3245 28.8617 0.0 40.7922 45.2217 44.0153 41.5168 71.4493 50.3816 72.3671 39.4138 54.5711 31.9531 85.5628 17.1172 90.7491 58.8558 20.0 105.8 60.6778 59.4138 69.6303 59.1364 14.1421 92.4426 4.12311 42.2036 42.0476 41.1841 
35.0 39.9249 50.0899 51.8025 49.6488 30.2655 70.9609 81.5665 51.8652 49.7293 71.7435 67.2976 61.1315 40.7922 0.0 6.7082 37.7577 12.0 31.0 19.3132 97.0574 43.1321 13.9284 10.4403 72.031 23.7697 56.3458 85.2761 34.837 85.3319 48.2597 74.686 32.249 67.3573 38.4708 55.9148 41.1947 5.38516 10.198 26.2488 
41.1096 41.0 56.0 56.8243 50.2195 36.0139 75.4322 85.9202 53.1507 56.332 78.4281 70.9702 66.1565 45.2217 6.7082 0.0 44.3596 18.2483 28.6356 24.3311 103.742 49.8167 10.0499 13.3417 76.9182 28.6356 60.0184 91.9606 39.862 89.0045 54.037 81.3941 33.3017 74.0 41.0 59.5874 45.1221 11.0454 6.40312 32.8938 
15.7585 61.5285 16.9547 43.0813 59.2688 22.1359 42.4493 55.3654 56.545 12.53 37.7214 46.1516 40.3113 44.0153 37.7577 44.3596 0.0 26.7131 65.4398 34.0554 63.0317 22.6015 57.5886 40.1123 42.3939 38.9369 47.5761 52.506 24.4181 62.6273 17.5049 39.6989 49.6424 30.4138 53.9128 49.2697 47.572 33.7632 47.2652 12.0416 
23.0 45.8039 38.1182 52.4342 45.4253 18.4391 59.3547 70.9237 46.546 38.6855 61.3017 60.118 54.5917 41.5168 12.0 18.2483 26.7131 0.0 33.2415 9.21954 86.6155 33.7588 21.4009 18.0278 60.4248 24.4122 49.1663 75.2287 35.5755 76.8953 36.3456 64.1721 28.286 56.3621 42.0476 48.7353 42.3349 7.28011 22.0907 15.3105 
51.8123 69.6348 57.3062 82.3754 26.4197 51.6283 67.6018 74.027 31.3847 67.2726 93.4406 59.0 86.7714 71.4493 31.0 28.6356 65.4398 33.2415 0.0 31.5187 118.755 65.9386 18.6815 41.1096 69.9509 54.3323 49.2544 108.225 67.7552 74.8131 54.5894 96.3073 16.2788 83.1893 69.2604 48.0937 72.111 29.4279 34.4819 47.4457 
18.3848 55.0 32.249 57.3962 42.4621 12.3693 60.8843 71.4011 43.5828 37.1648 64.7447 60.5954 58.2757 50.3816 19.3132 24.3311 34.0554 9.21954 31.5187 0.0 90.0586 36.313 23.7806 27.0185 62.3703 33.277 46.2031 79.5293 38.1297 75.1892 30.0666 64.609 25.3228 54.1316 51.0 45.7721 51.1997 13.9284 29.4109 18.7498 
70.2369 95.5249 63.9531 58.4209 112.892 76.6143 76.9415 87.1436 109.801 51.4004 30.0 87.3212 43.566 72.3671 97.0574 103.742 63.0317 86.6155 118.755 90.0586 0.0 71.9253 107.989 93.6059 74.6726 79.3095 89.2991 13.6015 66.1891 96.1301 66.6483 24.1868 103.887 36.2491 86.4928 90.9926 76.1183 93.5788 105.08 71.3692 
37.539 56.927 38.7351 39.0832 76.8918 39.6139 64.2298 77.1458 78.0124 28.6469 46.6114 67.932 38.8329 39.4138 43.1321 49.8167 22.6015 33.7588 65.9386 36.313 71.9253 0.0 55.0109 41.9848 64.1744 32.5372 69.3566 60.144 19.8167 84.7092 39.2853 49.8534 59.7524 44.1283 49.3113 77.768 42.9706 40.241 51.1545 19.7703 
42.0595 50.9902 56.0179 65.694 41.7732 36.1458 72.5603 81.4927 45.3431 60.698 82.6749 66.4831 75.023 54.5711 13.9284 10.0499 57.5886 21.4009 18.6815 23.7806 107.989 55.0109 0.0 23.0868 74.3303 37.6431 55.5587 96.0118 48.7285 84.1546 53.6983 85.5698 25.807 77.6648 51.0098 55.0818 54.7449 14.8661 15.8114 36.7082 
39.2938 29.5466 54.5711 44.1022 59.9333 35.8469 76.9675 88.5384 61.9112 51.0882 64.6812 77.7327 53.7587 31.9531 10.4403 13.3417 40.1123 18.0278 41.1096 27.0185 93.6059 41.9848 23.0868 0.0 78.0 15.8114 65.1872 80.1977 27.4692 94.5099 53.1601 73.8382 42.4853 67.897 28.1603 64.7562 31.7805 14.4222 10.6301 28.0713 
39.4462 103.101 25.4951 82.4197 51.8845 42.1545 2.82843 13.9284 46.1411 39.1152 58.0037 14.8661 77.9792 85.5628 72.031 76.9182 42.3939 60.4248 69.9509 62.3703 74.6726 64.1744 74.3303 78.0 0.0 78.7116 20.8806 70.0643 65.991 22.561 25.807 53.0377 53.6983 41.3038 95.4856 22.4722 89.1403 66.7337 82.2281 62.6099 
40.967 25.2389 53.2723 28.3019 69.665 38.4167 78.767 91.0546 70.7857 43.1841 50.7075 80.2767 38.4187 17.1172 23.7697 28.6356 38.9369 24.4122 54.3323 33.277 79.3095 32.5372 37.6431 15.8114 78.7116 0.0 81.7012 65.7951 14.0357 97.0539 53.8225 61.8313 52.396 58.0345 19.2094 76.5707 18.1108 25.02 26.4008 27.4597 
42.0137 104.188 31.0275 88.6638 31.6228 43.3561 18.4391 25.9615 26.2488 46.8499 69.3178 11.1803 84.7045 90.7491 56.3458 60.0184 47.5761 49.1663 49.2544 46.2031 89.2991 69.3566 55.5587 65.1872 20.8806 81.7012 0.0 82.9239 71.1732 29.6816 30.0781 66.2054 33.0606 53.894 99.4276 2.23607 94.327 51.104 65.9034 64.2055 
60.0662 82.0366 55.3624 45.0999 103.38 66.4436 72.0069 83.3847 100.324 41.2068 17.8045 81.3019 30.1496 58.8558 85.2761 91.9606 52.506 75.2287 108.225 79.5293 13.6015 60.144 96.0118 80.1977 70.0643 65.7951 82.9239 0.0 52.8394 92.3472 57.8705 17.0294 93.91 29.0689 72.9932 84.6174 62.6498 82.385 90.8157 60.8399 
39.3556 37.3363 40.5518 23.0217 78.7084 41.4305 66.0464 78.9624 80.1421 30.0832 37.2395 69.7486 28.0179 20.0 34.837 39.862 24.4181 35.5755 67.7552 38.1297 66.1891 19.8167 48.7285 27.4692 65.991 14.0357 71.1732 52.8394 0.0 86.2244 41.102 47.8589 61.5691 44.1022 29.5296 72.8667 23.3452 36.1555 38.0872 21.587 
57.3664 119.541 45.793 103.586 51.0392 58.7087 21.1896 9.0 45.0111 60.8358 80.5638 18.6011 99.3651 105.8 85.3319 89.0045 62.6273 76.8953 74.8131 75.1892 96.1301 84.7092 84.1546 94.5099 22.561 97.0539 29.6816 92.3472 86.2244 0.0 45.2217 75.326 59.6657 63.7887 114.78 29.5296 109.378 80.0902 94.8895 79.5581 
13.9284 78.2123 2.82843 58.5918 46.51 18.0278 25.4951 38.2099 43.419 18.0 43.194 28.6535 54.7509 60.6778 48.2597 54.037 17.5049 36.3456 54.5894 30.0666 66.6483 39.2853 53.6983 53.1601 25.807 53.8225 30.0781 57.8705 41.102 45.2217 0.0 42.4853 39.4081 30.5287 70.5966 31.7716 64.2558 43.1045 58.4209 29.4286 
46.3122 82.0975 39.8121 48.0833 88.7065 52.6896 55.0 66.3702 85.6155 27.5862 12.3693 64.4981 34.0147 59.4138 74.686 81.3941 39.6989 64.1721 96.3073 64.609 24.1868 49.8534 85.5698 73.8382 53.0377 61.8313 66.2054 17.0294 47.8589 75.326 42.4853 0.0 79.8035 12.3693 73.171 67.8989 63.5059 71.1969 83.006 48.8774 
37.2462 72.0139 42.2019 80.5477 17.4642 37.0623 51.3517 58.2151 19.8494 52.7065 79.1654 43.1045 80.5853 69.6303 32.249 33.3017 49.6424 28.286 16.2788 25.3228 103.887 59.7524 25.807 42.4853 53.6983 52.396 33.0606 93.91 61.5691 59.6657 39.4081 79.8035 0.0 68.6232 69.5701 32.0 70.3187 28.2312 39.6989 41.2498 
35.8347 80.604 27.7849 51.9732 76.9606 42.2121 43.1045 54.9181 73.8696 17.8885 17.4929 52.2398 38.8648 59.1364 67.3573 74.0 30.4138 56.3621 83.1893 54.1316 36.2491 44.1283 77.6648 67.897 41.3038 58.0345 53.894 29.0689 44.1022 63.7887 30.5287 12.3693 68.6232 0.0 72.0347 55.5875 63.2456 63.4123 76.4003 41.1096 
58.6935 9.05539 70.0464 28.4605 86.977 56.1431 95.541 108.457 88.2532 59.5063 61.0328 98.0031 42.9535 14.1421 38.4708 41.0 53.9128 42.0476 69.2604 51.0 86.4928 49.3113 51.0098 28.1603 95.4856 19.2094 99.4276 72.9932 29.5296 114.78 70.5966 73.171 69.5701 72.0347 0.0 94.2971 10.4403 41.4849 36.2215 45.1861 
43.7073 93.673 32.721 90.3574 29.6816 38.2254 19.9249 26.4764 24.2074 48.5434 71.0113 11.4018 86.398 92.4426 55.9148 59.5874 49.2697 48.7353 48.0937 45.7721 90.9926 77.768 55.0818 64.7562 22.4722 76.5707 2.23607 84.6174 72.8667 29.5296 31.7716 67.8989 32.0 55.5875 94.2971 0.0 94.4934 50.673 65.4724 59.0749 
62.5094 19.4165 63.7056 18.0278 87.5878 56.3394 89.2002 102.116 88.7084 52.1536 51.2445 92.9024 32.5576 4.12311 41.1947 45.1221 47.572 42.3349 72.111 51.1997 76.1183 42.9706 54.7449 31.7805 89.1403 18.1108 94.327 62.6498 23.3452 109.378 64.2558 63.5059 70.3187 63.2456 10.4403 94.4934 0.0 43.0116 41.4367 44.7409 
30.0666 43.8292 45.0111 53.121 45.6946 25.0799 65.7853 76.3021 47.5079 45.7357 68.2649 62.0558 61.0739 42.2036 5.38516 11.0454 33.7632 7.28011 29.4279 13.9284 93.5788 40.241 14.8661 14.4222 66.7337 25.02 51.104 82.385 36.1555 80.0902 43.1045 71.1969 28.2312 63.4123 41.4849 50.673 43.0116 0.0 15.5242 22.3607 
45.0444 35.3553 60.208 54.6443 56.6127 40.4475 80.8652 91.382 59.5483 59.0339 79.7659 76.8551 64.3817 42.0476 10.198 6.40312 47.2652 22.0907 34.4819 29.4109 105.08 51.1545 15.8114 10.6301 82.2281 26.4008 65.9034 90.8157 38.0872 94.8895 58.4209 83.006 39.6989 76.4003 36.2215 65.4724 41.4367 15.5242 0.0 35.5106 
23.4713 49.9469 28.8784 40.8535 58.3891 20.9209 61.7809 73.5588 64.8145 23.5372 46.0553 62.7809 40.6032 41.1841 26.2488 32.8938 12.0416 15.3105 47.4457 18.7498 71.3692 19.7703 36.7082 28.0713 62.6099 27.4597 64.2055 60.8399 21.587 79.5581 29.4286 48.8774 41.2498 41.1096 45.1861 59.0749 44.7409 22.3607 35.5106 0.0 
DEMAND_SCENARIO_SECTION
0 0 0 0 0 0 0 0 0 0 0 0 0 0 0 0 0 0 0 0 0 0 0 0 0 0 0 0 0 0 0 0 0 0 0 0 0 0 0 0 0 0 0 0 0 0 0 0 0 0 
9 4 6 11 8 3 3 6 5 8 6 5 1 8 7 5 7 5 2 5 8 7 12 10 5 6 8 5 7 6 5 4 7 6 5 9 10 8 11 3 5 6 7 11 9 9 6 6 8 10 
3 5 2 3 4 3 2 1 1 2 3 2 2 1 3 3 0 3 4 1 2 4 5 3 2 0 2 1 1 0 3 2 0 3 3 2 3 2 3 1 0 2 1 1 0 0 3 0 1 3 
1 3 5 5 3 10 11 6 5 6 8 4 8 4 7 4 3 8 6 5 4 5 7 6 6 9 7 8 5 8 6 4 3 3 9 5 3 5 8 7 7 8 3 2 8 7 7 3 6 6 
15 13 12 9 17 9 8 11 8 13 7 6 7 10 16 7 8 11 16 11 9 10 11 9 9 7 17 7 13 3 12 6 16 10 15 11 11 10 8 13 8 8 10 10 6 8 10 9 6 14 
12 18 12 9 14 11 4 7 11 13 8 9 6 7 10 4 9 15 14 15 9 5 13 7 8 7 7 3 8 10 11 14 15 4 9 14 14 4 10 10 13 10 11 12 5 8 12 11 13 9 
4 5 5 3 5 3 1 0 0 1 2 5 4 1 3 2 4 3 3 2 3 1 3 0 4 3 2 1 0 3 3 2 2 1 0 2 2 0 2 2 3 2 2 4 3 3 1 3 3 1 
5 4 9 5 8 3 3 4 2 5 9 1 6 5 4 7 8 7 8 8 3 4 6 6 6 4 4 5 9 5 0 3 9 3 0 5 3 3 9 4 2 7 4 6 6 6 8 4 3 6 
3 1 2 3 3 6 3 1 4 3 3 3 5 4 4 5 3 6 6 7 4 2 1 4 6 5 5 5 8 4 1 3 1 7 2 6 5 4 7 5 5 1 8 6 4 8 5 2 8 1 
12 13 9 9 13 11 16 7 8 14 9 10 6 6 13 12 9 7 4 7 3 13 8 9 11 12 10 8 7 6 7 5 11 13 10 3 8 8 6 11 9 11 12 15 10 8 13 8 10 12 
2 0 2 5 1 4 5 3 2 2 4 4 1 3 1 3 0 0 3 1 3 5 4 1 1 4 6 3 1 4 6 3 6 3 1 4 5 4 2 4 5 2 2 3 1 4 1 1 3 5 
5 9 2 4 4 5 7 1 4 6 6 5 6 5 6 4 3 8 1 3 5 6 7 3 6 5 6 7 4 1 5 8 1 4 8 4 2 8 6 3 4 8 4 5 2 5 2 5 3 5 
2 5 2 1 2 6 4 3 2 2 4 6 5 1 6 3 4 2 2 4 3 5 5 2 4 4 5 6 4 0 7 8 6 3 6 3 2 3 5 3 3 4 6 3 6 5 0 6 3 4 
4 4 4 4 3 4 4 3 3 5 6 4 0 4 5 5 2 3 7 3 4 8 6 5 5 3 5 6 4 1 6 0 1 3 1 2 2 5 4 2 7 5 1 0 3 7 6 5 2 3 
1 2 6 3 2 3 3 4 3 4 2 4 4 3 3 4 3 3 1 5 2 4 4 4 0 3 2 7 4 3 4 3 6 3 7 3 2 1 2 4 5 0 4 4 2 4 6 4 2 3 
2 3 3 4 6 0 2 4 3 0 2 0 2 1 3 3 0 3 2 2 0 3 2 3 3 3 0 0 0 2 3 5 3 4 4 2 0 1 4 6 3 1 0 5 1 2 0 1 2 2 
8 6 8 9 6 5 5 5 3 8 6 2 4 6 4 6 0 5 5 9 4 9 3 7 2 4 1 6 6 9 9 5 5 6 7 5 8 5 2 3 4 7 6 3 9 6 4 8 8 7 
3 4 3 4 4 5 2 4 5 6 5 4 3 2 1 3 3 1 6 5 1 5 6 6 0 3 4 1 4 3 0 2 3 4 0 1 3 3 5 3 0 3 6 2 3 0 6 4 0 4 
7 7 6 4 13 8 8 10 11 5 8 9 5 3 10 5 9 14 9 8 9 9 9 12 8 11 6 5 7 6 7 4 4 9 7 10 9 7 2 13 9 5 8 9 5 9 10 10 10 13 
3 2 7 6 7 7 1 7 6 4 5 6 8 6 4 6 0 4 8 5 0 6 5 8 1 4 8 7 8 3 7 4 9 4 9 6 5 4 8 3 3 4 6 4 7 6 5 8 9 7 
7 6 11 5 9 7 8 7 7 4 8 6 7 5 10 9 11 11 8 6 9 8 9 7 5 6 6 12 4 6 7 9 6 7 5 9 9 6 10 12 10 2 9 11 6 12 3 6 7 8 
13 12 7 12 14 11 9 14 7 6 8 16 6 15 5 11 13 5 10 9 6 8 7 13 14 10 13 13 12 14 9 2 12 7 13 11 10 14 11 17 8 12 9 15 14 10 13 13 6 7 
10 3 9 18 10 7 8 4 4 11 10 7 6 10 5 10 8 7 11 6 7 3 13 8 8 7 13 8 13 7 11 13 6 5 9 9 4 12 6 5 12 7 11 13 12 11 5 9 2 9 
1 0 2 0 1 0 0 0 2 1 1 0 3 2 2 1 3 2 0 1 1 1 0 2 0 0 0 1 2 1 3 1 0 0 2 0 0 2 1 0 1 1 0 1 2 0 2 0 0 2 
5 6 7 3 9 7 9 8 8 8 8 5 8 8 4 8 5 5 4 4 5 7 5 10 3 4 2 1 4 5 4 4 5 5 2 5 9 7 4 7 8 6 11 4 4 7 6 6 11 3 
1 2 6 3 2 4 7 2 4 5 3 2 2 4 3 6 2 3 4 7 4 5 2 3 5 2 2 3 3 5 6 7 6 10 3 4 3 0 4 6 4 4 7 4 5 4 3 6 7 7 
3 7 6 5 4 5 9 7 6 3 5 5 5 3 6 1 6 8 3 5 2 5 7 5 2 1 3 6 4 5 5 5 3 3 4 3 8 3 4 8 3 4 3 6 4 5 1 4 3 3 
1 2 2 0 0 4 2 2 4 2 3 2 1 3 2 2 0 2 4 2 3 2 2 4 2 1 1 2 2 2 2 1 0 2 0 3 2 0 1 1 0 1 3 3 2 1 0 3 4 0 
0 1 2 1 1 1 0 0 2 0 0 3 1 0 2 1 2 1 0 0 0 1 1 1 1 0 2 0 1 2 2 0 3 1 0 0 2 0 1 0 0 0 0 3 1 2 0 1 0 0 
0 10 8 8 16 6 5 5 4 5 7 12 11 3 9 6 8 7 9 8 5 5 10 8 10 3 8 9 10 2 9 4 8 10 4 6 8 9 11 11 3 7 8 6 7 6 13 7 5 6 
5 5 1 3 2 5 0 4 4 5 3 1 0 4 2 6 3 1 5 3 1 3 0 2 2 4 4 2 4 5 4 5 1 5 4 2 4 1 3 4 3 5 4 3 6 1 2 4 0 3 
1 4 0 0 1 0 2 0 1 1 3 2 2 1 3 3 3 4 2 1 2 2 2 3 0 2 3 2 0 2 2 4 1 2 2 3 2 2 1 2 5 5 0 4 0 0 2 5 5 2 
6 7 10 9 10 11 11 9 5 9 6 7 6 5 8 7 6 9 10 10 14 8 15 8 8 12 8 8 10 8 7 10 6 2 7 12 9 8 5 12 11 6 7 7 7 8 11 9 3 7 
1 1 0 3 0 0 1 0 2 1 2 1 1 1 0 0 0 0 0 1 2 2 0 2 1 3 0 1 2 0 0 2 1 1 1 0 1 1 1 0 0 1 0 1 0 0 0 2 3 0 
7 3 2 7 3 3 4 6 6 5 5 5 6 1 4 5 6 4 4 2 1 3 6 2 7 4 4 0 7 5 5 2 6 5 4 1 8 5 4 5 6 2 6 3 0 7 4 2 5 6 
4 4 2 4 2 3 3 3 2 3 2 1 4 4 4 6 4 4 1 6 3 4 5 6 1 2 4 2 2 0 3 4 4 6 3 5 4 2 5 0 1 3 3 4 3 2 3 3 3 5 
4 10 7 6 7 8 2 2 5 9 9 9 6 5 14 6 6 11 8 8 7 5 11 10 5 9 4 6 6 7 9 5 8 5 6 6 3 11 3 6 10 3 1 5 8 4 7 8 5 6 
0 0 0 1 3 0 1 1 1 1 1 1 0 1 0 1 3 0 1 2 2 1 3 2 1 1 2 0 1 2 0 1 3 1 1 2 2 3 3 2 2 0 1 2 0 2 0 1 2 2 
2 0 1 0 1 0 0 1 2 1 0 3 1 0 2 1 2 1 0 0 1 2 0 0 0 1 2 3 1 1 2 2 1 0 0 0 2 0 1 0 1 2 2 1 1 0 1 1 1 1 
6 0 5 6 3 5 1 6 8 3 6 4 5 7 6 6 5 6 5 3 7 4 7 3 0 5 5 6 5 7 3 3 5 4 4 4 7 6 5 7 5 2 5 4 9 2 7 6 0 5 
DEPOT_SECTION
 1
 -1
EOF
