NAME  : Parada_40_2_0.95_1.00_3
TYPE : SVRP
MODEL : FINITE_SUPPORT
NUMBER_OF_SCENARIOS : 50
DIMENSION : 40
EDGE_WEIGHT_TYPE : MATRIX
CAPACITY : 130
N_VEHICLES : 2
NODE_COORD_SECTION
1 129670 232280
2 24834 186080
3 565440 18
4 232330 310900
5 490520 202790
6 623360 205820
7 313720 175880
8 550770 111900
9 247540 280720
10 639560 189790
11 611500 170860
12 58749 295820
13 623430 205800
14 655680 220740
15 556860 264810
16 317130 232120
17 354540 99577
18 378160 310130
19 83142 360670
20 321340 314010
21 296180 205330
22 227370 284700
23 393510 284140
24 94507 400980
25 257080 323770
26 533050 158320
27 428220 219040
28 525870 237200
29 380490 272870
30 585650 65526
31 341450 119010
32 182060 213470
33 307590 51239
34 308080 235610
35 533930 339250
36 457880 162800
37 607150 209650
38 518990 378760
39 119810 289460
40 27 190060
DEMAND_SECTION
1 0.0
2 7.0
3 2.0
4 4.0
5 1.0
6 6.0
7 6.0
8 1.0
9 9.0
10 2.0
11 5.0
12 8.0
13 8.0
14 4.0
15 1.0
16 10.0
17 8.0
18 8.0
19 8.0
20 6.0
21 6.0
22 4.0
23 7.0
24 10.0
25 10.0
26 9.0
27 5.0
28 9.0
29 6.0
30 9.0
31 2.0
32 7.0
33 9.0
34 9.0
35 10.0
36 7.0
37 6.0
38 5.0
39 3.0
40 10.0
DISTANCE_MATRIX
0.0 34.4109 63.4651 30.2697 65.6456 55.2268 45.7008 37.4077 31.0483 53.2541 60.2163 15.4403 55.2268 51.8558 46.6154 30.9096 54.9235 47.4761 13.0623 23.7697 31.0161 26.0791 48.931 22.1172 30.8707 40.478 56.9468 54.7083 45.4559 53.2496 52.2895 8.24621 60.5933 39.1164 35.352 49.366 57.0088 40.8299 26.9317 36.3847 
34.4109 0.0 83.9011 58.1378 93.1461 70.6029 73.9355 70.2628 55.4437 69.5385 76.5358 22.145 70.6029 69.9166 59.788 59.1443 83.0661 76.5306 27.0185 38.2209 38.3318 53.9073 74.1027 16.5529 57.28 59.7502 85.1816 60.9043 72.282 86.0972 80.4301 42.6194 88.6172 67.3511 68.207 50.0284 74.2203 73.685 19.767 3.16228 
63.4651 83.9011 0.0 57.4282 40.4475 32.6497 52.4976 48.0574 66.9535 29.7321 30.8869 78.791 32.6497 24.7588 38.2753 46.4525 58.8558 34.7851 76.2714 45.6841 52.1508 56.9923 40.1622 85.4679 62.2263 25.632 47.0956 44.5982 38.0789 10.2956 60.6383 56.9834 67.7422 49.6588 31.9561 51.6236 27.4591 32.2413 65.0159 86.5142 
30.2697 58.1378 57.4282 0.0 39.6232 73.0308 17.2627 40.6142 10.2956 70.2221 76.1577 39.4403 73.0308 66.9403 68.0074 11.1803 25.4951 26.0768 31.9061 49.2584 59.2294 4.24264 21.9317 43.566 5.0 56.7803 30.0 77.0 21.6333 47.2017 22.4722 40.0588 30.4795 12.1655 38.3275 74.8131 72.2772 41.1461 50.9317 59.8164 
65.6456 93.1461 40.4475 39.6232 0.0 70.3847 24.1661 50.6611 49.4773 67.2309 70.214 74.1756 70.3847 62.3939 72.6028 34.1321 24.0832 18.3848 67.5841 65.1562 75.7858 42.19 19.105 79.1493 44.1475 58.4028 11.4018 80.8623 21.587 32.8938 27.5862 59.1639 31.3847 27.4591 41.7253 83.9912 66.4078 37.5391 80.0272 95.12 
55.2268 70.6029 32.6497 73.0308 70.3847 0.0 75.1665 54.4166 79.8331 3.16228 6.32456 56.1867 0.0 8.06226 11.7047 62.3939 83.7257 58.8558 68.2702 33.2415 34.0 70.7284 63.5059 69.6717 76.8107 16.2788 74.4935 13.0 60.2993 37.5766 84.2912 49.7066 92.6553 70.0 35.0571 23.0868 6.32456 35.5106 51.4004 73.2161 
45.7008 73.9355 52.4976 17.2627 24.1661 75.1665 0.0 44.8378 26.0768 72.111 77.0065 54.9649 75.1665 68.0074 72.8815 17.6918 10.0 17.72 48.3322 58.1808 68.6003 20.8806 12.3693 59.9333 21.0 59.5399 13.3417 81.8088 15.0333 42.45 9.21954 49.5912 18.0278 7.07107 40.6079 81.9329 73.0068 40.0125 70.8073 75.659 
37.4077 70.2628 48.0574 40.6142 50.6611 54.4166 44.8378 0.0 48.1618 51.6079 57.5725 52.7336 54.4166 48.3631 50.3192 30.0263 54.4626 32.9317 50.214 36.4951 47.1248 38.5136 35.4131 59.4105 44.5261 38.1662 48.6431 59.3735 31.8087 37.8419 54.0116 30.926 62.8652 38.6586 19.9443 59.1041 53.72 25.4222 51.3775 72.8759 
31.0483 55.4437 66.9535 10.2956 49.4773 79.8331 26.0768 48.1618 0.0 77.3725 83.7343 38.6715 79.8331 74.5249 73.6817 20.5183 32.5576 36.3593 28.4253 53.0377 61.6604 10.0 32.2025 39.598 5.38516 64.1509 39.3192 82.5015 31.9061 56.7274 28.8617 32.0 35.3412 22.1359 46.0977 79.0253 79.8818 49.93 50.1597 56.6392 
53.2541 69.5385 29.7321 70.2221 67.2309 3.16228 72.111 51.6079 77.3725 0.0 7.07107 55.1222 3.16228 5.0 12.0416 59.5399 80.6226 55.7315 66.3117 31.8904 33.6155 68.1215 60.407 68.6073 74.134 13.6015 71.3376 15.2643 57.2189 34.4384 81.2219 47.5071 89.56 67.0075 32.1403 24.5153 5.09902 32.3883 50.4777 72.1516 
60.2163 76.5358 30.8869 76.1577 70.214 6.32456 77.0065 57.5725 83.7343 7.07107 0.0 62.1195 6.32456 9.21954 18.0278 65.307 85.1621 60.1433 73.2773 38.9487 40.2492 74.0862 65.0308 75.6046 80.0986 20.1246 74.9667 18.2483 62.0 37.3631 86.0058 54.3454 94.1371 72.2496 37.855 29.0 4.0 37.0 57.4282 79.1489 
15.4403 22.145 78.791 39.4403 74.1756 56.1867 54.9649 52.7336 38.6715 55.1222 62.1195 0.0 56.1867 55.5003 45.4626 40.1737 64.1876 57.56 14.5602 23.8047 25.4951 35.1991 55.1321 16.1245 39.2847 45.3339 66.211 52.0537 53.3115 68.5755 61.5537 22.9703 69.8541 48.3806 50.6779 44.6823 59.8041 56.1558 11.6619 24.7386 
55.2268 70.6029 32.6497 73.0308 70.3847 0.0 75.1665 54.4166 79.8331 3.16228 6.32456 56.1867 0.0 8.06226 11.7047 62.3939 83.7257 58.8558 68.2702 33.2415 34.0 70.7284 63.5059 69.6717 76.8107 16.2788 74.4935 13.0 60.2993 37.5766 84.2912 49.7066 92.6553 70.0 35.0571 23.0868 6.32456 35.5106 51.4004 73.2161 
51.8558 69.9166 24.7588 66.9403 62.3939 8.06226 68.0074 48.3631 74.5249 5.0 9.21954 55.5003 8.06226 0.0 15.2971 56.0892 76.3217 51.3577 64.9138 31.9061 35.171 64.8767 56.1427 68.9854 70.8892 11.4018 66.5543 20.0 53.0377 29.5466 77.0584 45.7988 85.2877 63.1269 28.6356 28.4605 5.38516 28.0713 51.0 72.5297 
46.6154 59.788 38.2753 68.0074 72.6028 11.7047 72.8815 50.3192 73.6817 12.0416 18.0278 45.4626 11.7047 15.2971 0.0 58.1378 82.0307 57.9396 59.5404 23.3238 22.4722 65.123 61.9839 58.9477 71.1758 14.4222 73.9256 9.05539 58.5314 40.964 82.0986 42.2019 90.7647 66.9778 32.3038 13.4164 17.1172 35.3553 40.3609 60.6789 
30.9096 59.1443 46.4525 11.1803 34.1321 62.3939 17.6918 30.0263 20.5183 59.5399 65.307 40.1737 62.3939 56.0892 58.1378 0.0 27.6586 17.4642 33.5823 41.2311 51.4296 10.6301 15.0333 45.1475 15.8114 46.1736 26.9258 67.1863 13.1529 36.2353 26.0768 32.2668 34.9857 10.6301 27.4591 65.9697 61.3922 29.9666 53.4829 61.1181 
54.9235 83.0661 58.8558 25.4951 24.0832 83.7257 10.0 54.4626 32.5576 80.6226 85.1621 64.1876 83.7257 76.3217 82.0307 27.6586 0.0 25.02 57.3062 68.0955 78.5493 29.5296 20.2237 68.9638 28.1603 68.4471 13.0384 90.956 23.5372 49.2544 4.12311 59.5787 9.0 17.0294 49.7293 91.5667 81.1628 48.2597 75.679 84.8817 
47.4761 76.5306 34.7851 26.0768 18.3848 58.8558 17.72 32.9317 36.3593 55.7315 60.1433 57.56 58.8558 51.3577 57.9396 17.4642 25.02 0.0 50.9685 47.4268 58.0565 27.313 5.38516 62.5338 31.0644 43.9659 16.1245 66.7308 4.47214 24.7386 26.1725 40.9944 34.0147 15.6205 25.9422 69.173 56.1634 23.3452 62.0504 78.5044 
13.0623 27.0185 76.2714 31.9061 67.5841 68.2702 48.3322 50.214 28.4253 66.3117 73.2773 14.5602 68.2702 64.9138 59.5404 33.5823 57.3062 50.9685 0.0 36.5228 40.025 27.7849 48.5407 11.6619 30.4795 53.536 59.6195 67.5265 46.72 66.0559 54.3783 20.5913 62.2013 41.7891 48.1582 59.2262 70.0703 53.6362 24.0832 28.2843 
23.7697 38.2209 45.6841 49.2584 65.1562 33.2415 58.1808 36.4951 53.0377 31.8904 38.9487 23.8047 33.2415 31.9061 23.3238 41.2311 68.0955 47.4268 36.5228 0.0 10.6301 45.7897 49.8197 37.2897 51.5739 21.5407 63.1269 31.0161 46.2277 47.8802 67.082 21.095 76.0263 51.4296 34.4394 26.0 36.4005 37.72 19.3357 40.834 
31.0161 38.3318 52.1508 59.2294 75.7858 34.0 68.6003 47.1248 61.6604 33.6155 40.2492 25.4951 34.0 35.171 22.4722 51.4296 78.5493 58.0565 40.025 10.6301 0.0 55.4812 60.4401 38.0789 60.6394 27.0 73.7564 27.6586 56.8507 54.347 77.4145 30.3645 86.3539 61.7738 45.0691 19.3132 38.6264 44.1868 18.6011 40.3716 
26.0791 53.9073 56.9923 4.24264 42.19 70.7284 20.8806 38.5136 10.0 68.1215 74.0862 35.1991 70.7284 64.8767 65.123 10.6301 29.5296 27.313 27.7849 45.7897 55.4812 0.0 23.7697 39.4462 6.08276 55.0462 33.1361 74.0608 22.8473 46.7547 26.6271 25.3219 34.7131 15.0333 36.4005 71.4493 70.2337 39.9625 46.6905 55.6058 
48.931 74.1027 40.1622 21.9317 19.105 63.5059 12.3693 35.4131 32.2025 60.407 65.0308 55.1321 63.5059 56.1427 61.9839 15.0333 20.2237 5.38516 48.5407 49.8197 60.4401 23.7697 0.0 60.1059 26.8328 48.2701 13.4536 70.8802 3.60555 30.0832 21.0238 42.4493 29.1548 10.6301 29.7321 72.5172 61.0328 28.0713 63.6634 76.0765 
22.1172 16.5529 85.4679 43.566 79.1493 69.6717 59.9333 59.4105 39.598 68.6073 75.6046 16.1245 69.6717 68.9854 58.9477 45.1475 68.9638 62.5338 11.6619 37.2897 38.0789 39.4462 60.1059 0.0 42.0119 58.819 71.1848 65.4599 58.2852 75.2524 66.0379 29.6472 73.8173 53.3543 57.3548 57.2451 73.2891 62.8327 19.6977 17.2047 
30.8707 57.28 62.2263 5.0 44.1475 76.8107 21.0 44.5261 5.38516 74.134 80.0986 39.2847 76.8107 70.8892 71.1758 15.8114 28.1603 31.0644 30.4795 51.5739 60.6394 6.08276 26.8328 42.0119 0.0 61.1285 34.1321 80.0999 26.6271 52.0096 24.6982 30.4801 31.9061 16.7631 42.3792 77.3194 76.2461 45.6508 50.7761 58.7282 
40.478 59.7502 25.632 56.7803 58.4028 16.2788 59.5399 38.1662 64.1509 13.6015 20.1246 45.3339 16.2788 11.4018 14.4222 46.1736 68.4471 43.9659 53.536 21.5407 27.0 55.0462 48.2701 58.819 61.1285 0.0 59.808 22.8473 44.911 27.8292 68.7314 34.4209 77.2787 54.0833 19.0263 26.9072 16.6433 21.0238 40.865 62.3633 
56.9468 85.1816 47.0956 30.0 11.4018 74.4935 13.3417 48.6431 39.3192 71.3376 74.9667 66.211 74.4935 66.5543 73.9256 26.9258 13.0384 16.1245 59.6195 63.1269 73.7564 33.1361 13.4536 71.1848 34.1321 59.808 0.0 82.6378 16.9706 38.0526 16.2788 55.9028 21.1896 18.1108 42.0595 85.1993 71.0211 38.9517 77.117 87.1554 
54.7083 60.9043 44.5982 77.0 80.8623 13.0 81.8088 59.3735 82.5015 15.2643 18.2483 52.0537 13.0 20.0 9.05539 67.1863 90.956 66.7308 67.5265 31.0161 27.6586 74.0608 70.8802 65.4599 80.0999 22.8473 82.6378 0.0 67.4463 48.1401 91.0259 50.8035 99.692 76.0322 41.2311 11.4018 19.3132 43.8634 46.2277 63.3177 
45.4559 72.282 38.0789 21.6333 21.587 60.2993 15.0333 31.8087 31.9061 57.2189 62.0 53.3115 60.2993 53.0377 58.5314 13.1529 23.5372 4.47214 46.72 46.2277 56.8507 22.8473 3.60555 58.2852 26.6271 44.911 16.9706 67.4463 0.0 27.8568 24.0208 38.9742 32.3883 11.6619 26.2488 68.9127 58.0 25.0 60.1778 74.2559 
53.2496 86.0972 10.2956 47.2017 32.8938 37.5766 42.45 37.8419 56.7274 34.4384 37.3631 68.5755 37.5766 29.5466 40.964 36.2353 49.2544 24.7386 66.0559 47.8802 54.347 46.7547 30.0832 75.2524 52.0096 27.8292 38.0526 48.1401 27.8568 0.0 50.8035 46.7679 58.2151 39.3954 26.2599 54.1377 33.5261 22.0258 67.212 88.7103 
52.2895 80.4301 60.6383 22.4722 27.5862 84.2912 9.21954 54.0116 28.8617 81.2219 86.0058 61.5537 84.2912 77.0584 82.0986 26.0768 4.12311 26.1725 54.3783 67.082 77.4145 26.6271 21.0238 66.0379 24.6982 68.7314 16.2788 91.0259 24.0208 50.8035 0.0 58.2957 8.94427 15.6525 49.8197 91.0824 82.0061 49.0102 73.0451 82.201 
8.24621 42.6194 56.9834 40.0588 59.1639 49.7066 49.5912 30.926 32.0 47.5071 54.3454 22.9703 49.7066 45.7988 42.2019 32.2668 59.5787 40.9944 20.5913 21.095 30.3645 25.3219 42.4493 29.6472 30.4801 34.4209 55.9028 50.8035 38.9742 46.7679 58.2957 0.0 67.2261 42.6839 28.8703 47.0425 50.9869 34.3482 30.9439 43.9147 
60.5933 88.6172 67.7422 30.4795 31.3847 92.6553 18.0278 62.8652 35.3412 89.56 94.1371 69.8541 92.6553 85.2877 90.7647 34.9857 9.0 34.0147 62.2013 76.0263 86.3539 34.7131 29.1548 73.8173 31.9061 77.2787 21.1896 99.692 32.3883 58.2151 8.94427 67.2261 0.0 24.5967 58.4637 99.96 90.1413 57.2189 81.3455 90.2718 
39.1164 67.3511 49.6588 12.1655 27.4591 70.0 7.07107 38.6586 22.1359 67.0075 72.2496 48.3806 70.0 63.1269 66.9778 10.6301 17.0294 15.6205 41.7891 51.4296 61.7738 15.0333 10.6301 53.3543 16.7631 54.0833 18.1108 76.0322 11.6619 39.3954 15.6525 42.6839 24.5967 0.0 35.0571 75.5844 68.2642 35.5106 63.9 69.0747 
35.352 68.207 31.9561 38.3275 41.7253 35.0571 40.6079 19.9443 46.0977 32.1403 37.855 50.6779 35.0571 28.6356 32.3038 27.4591 49.7293 25.9422 48.1582 34.4394 45.0691 36.4005 29.7321 57.3548 42.3792 19.0263 42.0595 41.2311 26.2488 26.2599 49.8197 28.8703 58.4637 35.0571 0.0 43.5109 33.9559 8.0 49.3218 70.8202 
49.366 50.0284 51.6236 74.8131 83.9912 23.0868 81.9329 59.1041 79.0253 24.5153 29.0 44.6823 23.0868 28.4605 13.4164 65.9697 91.5667 69.173 59.2262 26.0 19.3132 71.4493 72.5172 57.2451 77.3194 26.9072 85.1993 11.4018 68.9127 54.1377 91.0824 47.0425 99.96 75.5844 43.5109 0.0 29.2746 47.0106 37.5899 52.4418 
57.0088 74.2203 27.4591 72.2772 66.4078 6.32456 73.0068 53.72 79.8818 5.09902 4.0 59.8041 6.32456 5.38516 17.1172 61.3922 81.1628 56.1634 70.0703 36.4005 38.6264 70.2337 61.0328 73.2891 76.2461 16.6433 71.0211 19.3132 58.0 33.5261 82.0061 50.9869 90.1413 68.2642 33.9559 29.2746 0.0 33.0 55.2268 76.8335 
40.8299 73.685 32.2413 41.1461 37.5391 35.5106 40.0125 25.4222 49.93 32.3883 37.0 56.1558 35.5106 28.0713 35.3553 29.9666 48.2597 23.3452 53.6362 37.72 44.1868 39.9625 28.0713 62.8327 45.6508 21.0238 38.9517 43.8634 25.0 22.0258 49.0102 34.3482 57.2189 35.5106 8.0 47.0106 33.0 0.0 54.7997 76.2981 
26.9317 19.767 65.0159 50.9317 80.0272 51.4004 70.8073 51.3775 50.1597 50.4777 57.4282 11.6619 51.4004 51.0 40.3609 53.4829 75.679 62.0504 24.0832 19.3357 18.6011 46.6905 63.6634 19.6977 50.7761 40.865 77.117 46.2277 60.1778 67.212 73.0451 30.9439 81.3455 63.9 49.3218 37.5899 55.2268 54.7997 0.0 22.3801 
36.3847 3.16228 86.5142 59.8164 95.12 73.2161 75.659 72.8759 56.6392 72.1516 79.1489 24.7386 73.2161 72.5297 60.6789 61.1181 84.8817 78.5044 28.2843 40.834 40.3716 55.6058 76.0765 17.2047 58.7282 62.3633 87.1554 63.3177 74.2559 88.7103 82.201 43.9147 90.2718 69.0747 70.8202 52.4418 76.8335 76.2981 22.3801 0.0 
DEMAND_SCENARIO_SECTION
0 0 0 0 0 0 0 0 0 0 0 0 0 0 0 0 0 0 0 0 0 0 0 0 0 0 0 0 0 0 0 0 0 0 0 0 0 0 0 0 0 0 0 0 0 0 0 0 0 0 
5 8 8 5 10 2 8 3 7 5 5 7 6 4 9 6 7 5 13 7 6 10 3 12 3 12 4 7 4 8 7 7 8 3 8 8 5 10 8 11 8 8 9 3 8 11 3 10 10 12 
1 3 4 2 4 3 0 2 0 2 4 3 3 0 2 0 2 3 3 2 0 2 2 3 1 1 2 2 1 4 1 2 2 4 0 2 2 3 4 2 4 3 1 2 3 3 5 4 3 2 
2 3 7 4 5 2 2 4 8 4 5 4 0 7 6 4 4 5 2 3 4 3 2 5 0 1 2 1 3 6 0 0 0 11 7 2 3 4 5 4 6 4 6 1 4 3 4 4 4 6 
2 1 2 2 0 1 1 1 2 0 2 4 2 1 1 1 1 2 2 2 1 0 3 1 1 0 1 1 0 0 3 2 3 1 2 1 3 0 0 1 0 0 0 0 2 1 2 1 0 2 
6 9 8 7 3 8 3 3 12 9 9 7 5 7 8 5 2 6 4 9 5 1 8 4 7 4 7 5 6 7 9 9 6 6 7 6 7 3 6 9 0 5 1 12 5 6 3 6 10 1 
2 9 8 2 3 5 4 9 6 3 8 6 6 6 7 6 8 7 8 4 5 7 3 10 5 5 3 6 4 4 6 5 1 5 2 7 7 10 12 7 8 8 7 3 7 3 8 5 4 5 
0 2 1 0 1 0 0 0 1 0 0 0 0 2 0 0 0 3 1 0 2 1 1 1 3 2 0 1 0 1 1 0 2 2 1 2 2 0 2 2 3 0 0 2 2 0 1 0 1 0 
12 10 7 7 9 6 4 7 8 7 5 8 12 8 4 12 11 7 11 8 9 8 16 10 17 4 8 15 5 9 9 8 9 11 10 9 11 8 9 9 10 17 12 13 11 5 12 14 13 5 
1 3 2 2 0 1 3 4 2 3 2 4 3 1 2 2 1 2 2 3 3 1 3 2 1 1 4 3 1 2 1 0 3 1 2 0 2 2 2 1 2 2 3 2 4 3 2 4 2 3 
5 3 7 3 8 7 8 5 0 5 8 3 6 4 5 10 4 4 5 4 0 8 7 5 7 5 9 3 3 3 6 1 4 7 5 5 7 6 3 6 4 2 6 4 6 4 1 2 6 4 
11 8 6 6 4 6 4 7 8 6 4 3 9 10 8 7 8 10 4 8 11 12 11 7 12 9 4 10 11 5 11 11 8 9 13 8 7 10 10 9 10 6 7 13 0 7 4 9 9 13 
10 7 10 6 8 7 7 12 11 9 10 7 9 2 12 7 10 7 12 4 5 9 7 12 9 8 3 8 3 7 11 6 9 4 8 7 6 5 8 12 5 7 10 8 5 7 8 8 11 15 
1 6 3 9 6 5 7 3 2 3 0 3 4 5 2 6 4 5 7 3 5 3 8 4 1 6 4 5 3 5 2 5 5 5 2 7 5 0 3 6 6 5 5 2 4 2 2 1 7 0 
0 1 1 0 2 0 2 0 2 1 2 2 1 1 0 1 0 0 1 1 1 2 1 2 2 3 2 3 1 0 0 1 1 1 1 2 0 2 2 0 1 0 3 0 1 1 0 1 2 0 
7 13 7 12 11 8 10 10 5 15 8 7 10 10 11 12 7 12 11 15 11 10 8 18 11 11 8 10 8 11 8 11 11 12 9 10 2 11 12 15 8 6 10 6 16 11 14 13 12 9 
7 4 7 3 5 11 10 9 11 9 11 9 3 9 5 4 10 7 0 12 12 15 7 9 10 8 6 6 9 6 11 13 7 5 13 14 10 9 9 13 4 5 6 8 9 8 8 12 8 4 
11 12 7 8 8 14 8 10 10 13 5 6 11 5 12 4 9 8 8 8 5 10 7 7 7 9 5 11 6 11 8 12 8 7 10 12 7 6 10 0 6 12 10 6 11 10 7 7 11 7 
10 6 8 0 10 4 5 10 9 12 4 14 15 12 7 2 9 8 7 6 8 5 9 7 9 7 9 9 6 11 12 10 9 8 6 15 3 2 9 8 3 10 12 7 10 7 7 7 10 11 
6 3 8 3 9 10 5 5 5 5 7 9 11 5 3 3 8 7 9 6 7 4 3 9 4 11 7 6 5 5 1 4 4 4 5 7 3 10 9 6 4 4 10 5 9 5 3 6 4 4 
5 7 7 7 3 4 3 8 4 4 6 5 5 7 3 5 8 9 4 10 5 5 6 8 5 4 9 2 7 10 2 5 8 4 4 9 8 5 2 9 4 7 2 12 8 7 10 4 2 1 
7 6 3 3 3 2 6 1 2 4 4 6 2 6 8 8 0 2 3 2 5 3 2 4 3 6 2 5 6 3 3 8 6 3 4 4 3 4 2 4 5 4 4 3 5 6 5 7 1 5 
5 6 12 10 0 8 7 6 12 5 5 12 4 6 6 5 9 7 5 5 7 8 7 7 9 0 5 7 2 7 7 1 9 8 8 12 6 9 2 7 10 4 4 6 10 9 0 8 6 5 
9 3 10 7 13 12 2 14 11 12 9 13 13 8 7 11 13 8 9 12 5 14 13 10 6 13 9 8 11 10 10 4 8 3 9 11 14 10 15 7 8 10 15 8 10 9 11 16 10 9 
9 9 6 13 12 9 12 10 6 15 10 2 9 8 4 5 8 9 15 12 17 5 11 14 5 7 12 3 11 9 11 8 12 13 6 11 12 16 11 9 8 6 11 6 15 5 13 6 11 8 
14 10 11 9 12 13 9 13 5 11 12 12 6 8 14 6 7 7 6 10 7 5 9 12 7 8 6 12 8 7 9 3 8 8 9 3 7 10 13 10 10 9 13 18 13 7 9 16 14 11 
6 5 4 3 8 6 11 4 9 2 2 7 6 0 8 7 1 3 5 4 4 7 6 9 6 9 3 9 7 6 5 7 3 6 5 4 6 2 5 5 8 7 6 6 10 7 5 7 5 6 
12 8 5 7 13 3 8 9 8 5 10 9 11 6 8 12 11 10 9 11 7 14 5 8 8 9 10 10 10 9 6 11 7 13 12 13 7 9 10 12 6 13 15 9 9 8 5 10 15 17 
8 4 5 2 8 3 3 2 7 10 6 7 6 7 4 6 5 8 4 8 3 6 5 1 6 9 4 5 5 7 8 8 0 9 2 5 5 3 2 5 5 10 5 12 4 2 5 8 4 5 
10 5 4 5 11 5 6 15 5 4 10 8 18 10 10 12 9 6 5 6 8 6 6 7 10 7 7 6 8 10 9 11 12 15 7 8 16 9 8 13 4 3 9 11 4 10 6 12 12 9 
2 2 3 5 0 3 3 1 2 4 2 2 1 3 3 2 2 3 2 2 0 1 4 2 0 2 1 4 1 2 1 2 2 3 3 6 1 1 5 4 4 2 0 2 0 2 1 1 3 2 
6 3 2 2 6 8 5 10 4 4 4 9 7 10 7 4 8 2 9 9 6 8 6 4 8 7 6 10 7 14 4 4 6 2 6 3 9 10 7 8 4 13 9 8 8 8 10 14 1 1 
9 12 11 11 8 11 5 8 10 15 9 11 7 5 7 10 6 3 11 3 10 9 12 5 9 4 10 11 8 1 11 11 10 6 7 6 8 11 9 9 10 15 11 12 13 8 6 8 11 6 
12 8 6 11 9 2 14 10 6 9 7 11 9 6 13 4 10 6 5 10 15 4 11 12 6 11 12 5 7 12 10 4 10 10 10 10 8 9 7 8 9 13 13 11 7 8 7 9 11 6 
10 6 10 18 9 8 2 5 13 7 4 7 10 10 10 17 11 10 7 9 11 10 4 12 8 8 10 13 14 11 5 12 8 6 9 10 15 10 9 15 13 9 11 13 5 8 15 10 8 12 
2 4 11 1 8 13 8 11 5 5 2 7 2 5 3 9 5 0 8 9 5 11 7 9 2 6 10 9 6 8 5 6 8 10 15 4 11 9 6 7 11 8 7 7 8 10 3 9 5 7 
13 0 3 8 6 4 5 4 13 7 5 8 7 4 9 3 5 4 2 10 11 6 9 10 7 7 5 5 7 6 8 5 7 3 8 6 2 3 8 7 7 5 7 4 3 7 3 5 0 6 
4 6 5 6 6 8 5 6 4 3 5 6 4 6 4 6 6 12 4 6 5 5 5 5 6 6 6 4 6 2 4 4 4 0 3 4 2 5 7 4 9 7 8 7 8 7 7 3 7 4 
5 2 3 3 3 2 0 4 5 5 3 3 2 4 4 0 6 1 5 3 2 0 3 1 8 4 4 1 3 0 1 5 1 2 1 3 7 5 3 0 0 2 3 0 4 1 5 3 5 2 
13 9 13 10 16 10 9 8 15 7 8 13 6 8 11 6 11 9 8 7 12 7 6 11 10 10 10 10 13 11 9 11 2 15 9 11 10 6 16 11 11 12 14 15 4 7 10 6 11 7 
DEPOT_SECTION
 1
 -1
EOF
