NAME  : Parada_40_3_0.95_1.00_8
TYPE : SVRP
MODEL : FINITE_SUPPORT
NUMBER_OF_SCENARIOS : 50
DIMENSION : 40
EDGE_WEIGHT_TYPE : MATRIX
CAPACITY : 77
N_VEHICLES : 3
NODE_COORD_SECTION
1 295710 189820
2 402340 352870
3 214940 437390
4 376900 238770
5 698910 125460
6 621560 108030
7 273090 84915
8 590710 35061
9 140460 35030
10 512080 27694
11 142160 459640
12 635050 79862
13 454570 149150
14 694490 166870
15 391980 199740
16 664580 79648
17 418840 18
18 214810 493190
19 303820 575220
20 133170 479040
21 101240 335790
22 433940 115870
23 316460 567150
24 350410 403070
25 167520 261780
26 351410 144490
27 553960 139480
28 332290 412890
29 474260 38303
30 430070 360950
31 197860 135140
32 287810 227200
33 197220 111760
34 649000 157080
35 275000 427240
36 375360 469500
37 99 496180
38 359870 504280
39 680560 160900
40 27 496180
DEMAND_SECTION
1 0.0
2 3.0
3 6.0
4 3.0
5 9.0
6 1.0
7 3.0
8 1.0
9 8.0
10 10.0
11 8.0
12 4.0
13 6.0
14 8.0
15 9.0
16 10.0
17 4.0
18 4.0
19 1.0
20 2.0
21 8.0
22 10.0
23 9.0
24 9.0
25 1.0
26 5.0
27 4.0
28 4.0
29 6.0
30 5.0
31 4.0
32 10.0
33 6.0
34 1.0
35 9.0
36 10.0
37 1.0
38 6.0
39 2.0
40 10.0
DISTANCE_MATRIX
0.0 42.463 38.2048 19.8497 40.1921 53.2541 47.1699 41.5933 47.5309 36.1386 65.5964 54.8179 18.2483 46.2277 23.0217 54.4885 41.1096 29.9686 64.5733 62.4493 28.6469 16.6433 62.3905 26.8506 26.3551 32.7567 29.0 56.4223 33.2415 41.473 56.6392 5.38516 55.4437 45.9674 36.2426 46.4624 55.9904 63.2623 43.4716 55.9904 
42.463 0.0 32.249 22.6274 68.7368 69.9992 29.6142 57.1126 76.6766 47.1663 39.5473 73.2672 37.8078 71.422 21.7833 75.0256 41.0366 42.0476 32.0525 36.7561 58.7508 44.3032 29.9486 29.1548 56.459 22.0227 55.7279 22.2182 41.7968 4.47214 31.7805 41.3197 32.249 68.2707 25.0 16.9199 50.4876 24.8489 69.1637 50.4876 
38.2048 32.249 0.0 36.0555 80.1118 86.8756 61.0328 74.1987 58.2151 66.5733 29.0689 89.1551 49.3942 83.0313 42.3792 89.6411 66.4831 15.2315 39.6989 26.1725 41.0624 52.2226 37.5366 18.6011 38.0132 50.1083 65.6183 36.7209 62.2656 28.0713 63.9548 43.3247 64.4981 81.5453 8.544 22.2036 21.095 37.7359 80.2441 21.095 
19.8497 22.6274 36.0555 0.0 49.6488 54.6443 28.7924 41.6173 62.0005 32.5576 61.8016 57.4543 18.6815 53.4509 6.32456 58.5918 30.4631 40.05 54.6311 59.0103 47.2884 24.0208 53.9495 23.1948 44.9966 15.1327 36.6742 36.5866 27.5862 24.6643 37.0135 18.7064 36.0555 51.0784 27.5136 39.1742 56.8685 43.4267 50.9608 56.8685 
40.1921 68.7368 80.1118 49.6488 0.0 23.3452 61.9839 21.9317 47.0956 28.6531 99.2382 22.0 31.1448 8.24621 47.0425 19.2354 42.0595 70.331 100.741 96.0911 59.4541 25.9615 100.059 66.7371 49.7377 51.4782 13.0384 82.6961 32.311 70.7738 75.0 45.3275 72.4224 12.1655 71.8864 79.3547 95.877 89.5361 6.0 95.877 
53.2541 69.9992 86.8756 54.6443 23.3452 0.0 55.1453 13.0384 70.0071 22.8473 107.929 4.12311 37.4833 16.1555 49.7393 8.06226 33.1361 83.0401 97.8601 104.782 76.7791 36.6197 97.1784 70.502 68.6804 49.6488 25.632 79.8156 28.2312 72.0361 68.0294 57.8014 65.0077 11.1803 78.6502 86.546 107.956 86.6556 17.4642 107.956 
47.1699 29.6142 61.0328 28.7924 61.9839 55.1453 0.0 44.1022 86.5576 34.3657 66.8635 59.0762 35.609 61.9839 24.1868 62.0 22.0227 68.0661 47.4236 64.7441 75.1903 42.8019 46.8615 51.6624 72.8985 14.4222 50.1597 29.574 29.8329 33.2415 13.1529 46.6083 10.4403 57.4282 53.0094 46.3648 80.0625 36.4005 60.4152 80.0625 
41.5933 57.1126 74.1987 41.6173 21.9317 13.0384 44.1022 0.0 64.1327 10.198 95.1446 16.1555 24.8395 18.7883 36.7151 18.2483 22.3607 71.5542 85.5228 91.9975 66.7235 25.0799 88.4346 57.8251 59.5399 37.108 17.1172 67.4783 15.5242 59.1495 57.2189 45.793 54.3323 13.6015 65.9734 73.6594 95.279 74.3184 18.0278 95.279 
47.5309 76.6766 58.2151 62.0005 47.0956 70.0071 86.5576 64.1327 0.0 64.9561 87.2812 69.0652 52.5142 55.2268 63.2634 66.2722 75.8943 44.0114 93.791 84.3801 35.9258 46.362 91.5569 48.141 20.3961 72.2875 47.0744 85.8709 65.6609 72.2221 97.1873 46.6489 95.6323 59.0085 56.5155 75.0073 70.214 88.0892 53.0848 70.214 
36.1386 47.1663 66.5733 32.5576 28.6531 22.8473 34.3657 10.198 64.9561 0.0 86.3404 26.2488 18.0278 27.6586 27.2029 28.4429 13.4164 65.8887 75.3248 83.5492 63.1479 21.0 74.6432 50.2209 57.0351 26.9258 19.2094 57.2803 5.38516 49.2032 47.5184 39.5601 44.7214 23.0868 58.2495 63.713 87.6641 64.1204 26.2488 87.6641 
65.5964 39.5473 29.0689 61.8016 99.2382 107.929 66.8635 95.1446 87.2812 86.3404 0.0 110.271 70.4635 103.893 60.9575 110.762 80.1465 43.7379 24.0208 3.16228 70.0 73.3511 23.0217 44.911 67.0671 61.3213 86.7468 37.5899 80.971 37.4833 63.6003 64.4531 65.4599 102.622 32.5576 22.6274 26.9072 31.3209 101.485 26.9072 
54.8179 73.2672 89.1551 57.4543 22.0 4.12311 59.0762 16.1555 69.0652 26.2488 110.271 0.0 39.8246 14.1421 52.7731 4.24264 37.054 84.5168 101.477 107.124 77.4471 38.2884 104.589 72.7815 69.0884 53.1601 26.4197 83.4327 31.6228 75.3041 72.0069 59.5483 69.0 10.198 80.9298 89.8139 110.235 90.2727 16.0 110.235 
18.2483 37.8078 49.3942 18.6815 31.1448 37.4833 35.609 24.8395 52.5142 18.0278 70.4635 39.8246 0.0 34.7851 16.0312 40.4969 23.7697 47.8682 69.8115 67.3164 46.054 7.2111 69.1298 33.0206 40.7922 22.3607 18.1108 51.767 15.0333 39.8447 47.5079 21.5407 45.4863 32.6497 41.1688 51.3294 70.4745 58.6071 32.28 70.4745 
46.2277 71.422 83.0313 53.4509 8.24621 16.1555 61.9839 18.7883 55.2268 27.6586 103.893 14.1421 34.7851 0.0 50.01 11.0454 40.8044 75.9197 103.426 101.013 66.4891 30.8869 102.744 72.8207 57.9219 53.0094 17.4929 85.3813 32.249 73.4589 75.1332 51.4004 72.3671 5.65685 74.806 84.7586 101.961 92.2213 2.82843 101.961 
23.0217 21.7833 42.3792 6.32456 47.0425 49.7393 24.1868 36.7151 63.2634 27.2029 60.9575 52.7731 16.0312 50.01 0.0 54.231 24.1661 46.0 53.787 58.1662 51.0476 22.561 53.1053 29.0172 48.7558 9.84886 34.0147 35.7425 22.0227 23.8202 33.9706 22.4868 32.5576 47.1275 33.8378 38.3301 63.1819 42.5826 47.676 63.1819 
54.4885 75.0256 89.6411 58.5918 19.2354 8.06226 62.0 18.2483 66.2722 28.4429 110.762 4.24264 40.4969 11.0454 54.231 0.0 40.0125 84.1387 107.029 107.615 76.1193 38.2099 106.348 73.2675 67.7234 55.3173 25.6125 85.7178 33.7343 77.0625 75.0267 59.397 72.0625 8.60233 81.4157 91.5723 109.824 92.5579 13.3417 109.824 
41.1096 41.0366 66.4831 30.4631 42.0595 33.1361 22.0227 22.3607 75.8943 13.4164 80.1465 37.054 23.7697 40.8044 24.1661 40.0125 0.0 68.7314 65.755 77.4305 69.531 29.5466 65.0733 51.788 64.5368 19.105 31.8904 47.7105 10.6301 43.0844 35.0143 43.0465 32.0624 35.9026 57.9396 57.5943 87.3305 54.5506 39.5601 87.3305 
29.9686 42.0476 15.2315 40.05 70.331 83.0401 68.0661 71.5542 44.0114 65.8887 43.7379 84.5168 47.8682 75.9197 46.0 84.1387 68.7314 0.0 54.4059 41.0 28.6977 46.5296 52.2015 17.0294 24.5153 55.1453 58.6468 48.7699 62.6002 37.5766 73.4014 26.4774 73.4629 75.6124 17.8045 36.1248 27.7308 50.9902 73.1157 27.7308 
64.5733 32.0525 39.6989 54.6311 100.741 97.8601 47.4236 85.5228 93.791 75.3248 24.0208 101.477 69.8115 103.426 53.787 107.029 65.755 54.4059 0.0 23.3452 75.8651 76.3069 2.23607 47.4342 73.3591 48.5246 87.7316 21.0238 70.037 30.0139 41.5933 63.4299 43.909 100.274 37.5899 18.7883 47.927 11.6619 101.167 47.927 
62.4493 36.7561 26.1725 59.0103 96.0911 104.782 64.7441 91.9975 84.3801 83.5492 3.16228 107.124 67.3164 101.013 58.1662 107.615 77.4305 41.0 23.3452 0.0 67.0086 70.204 22.0907 41.7732 64.1249 58.53 83.5997 35.3412 78.1797 34.6554 61.8466 61.306 63.6003 99.4746 29.4279 19.8494 25.807 29.6142 98.338 25.807 
28.6469 58.7508 41.0624 47.2884 59.4541 76.7791 75.1903 66.7235 35.9258 63.1479 70.0 77.4471 46.054 66.4891 51.0476 76.1193 69.531 28.6977 75.8651 67.0086 0.0 42.2415 73.6311 30.2152 15.7082 60.8941 51.1545 67.9451 61.0096 54.2963 84.1666 28.7231 83.0689 67.5918 38.6142 57.0814 56.4236 70.1634 63.3783 56.4236 
16.6433 44.3032 52.2226 24.0208 25.9615 36.6197 42.8019 25.0799 46.362 21.0 73.3511 38.2884 7.2111 30.8869 22.561 38.2099 29.5466 46.5296 76.3069 70.204 42.2415 0.0 75.6253 35.849 36.0555 29.5296 13.4164 58.2624 19.6469 46.3401 54.7083 21.2603 52.6972 29.8329 43.9973 53.8747 73.3029 65.1025 28.178 73.3029 
62.3905 29.9486 37.5366 53.9495 100.059 97.1784 46.8615 88.4346 91.5569 74.6432 23.0217 104.589 69.1298 102.744 53.1053 106.348 65.0733 52.2015 2.23607 22.0907 73.6311 75.6253 0.0 45.2217 71.125 47.8429 87.05 19.7231 69.3554 27.91 41.6293 61.2472 43.8292 99.5927 35.3553 16.5529 46.2385 10.6301 100.486 46.2385 
26.8506 29.1548 18.6011 23.1948 66.7371 70.502 51.6624 57.8251 48.141 50.2209 44.911 72.7815 33.0206 72.8207 29.0172 73.2675 51.788 17.0294 47.4342 41.7732 30.2152 35.849 45.2217 0.0 27.7091 38.3275 55.0729 38.349 46.0999 24.7003 58.8257 26.9511 58.0425 72.0935 12.3693 28.8617 38.9487 40.9422 70.0167 38.9487 
26.3551 56.459 38.0132 44.9966 49.7377 68.6804 72.8985 59.5399 20.3961 57.0351 67.0671 69.0884 40.7922 57.9219 48.7558 67.7234 64.5368 24.5153 73.3591 64.1249 15.7082 36.0555 71.125 27.7091 0.0 58.6023 43.1741 65.6533 55.4437 52.0045 81.8748 26.4313 80.7771 59.1838 36.1386 54.5754 51.8652 67.6573 55.2643 51.8652 
32.7567 22.0227 50.1083 15.1327 51.4782 49.6488 14.4222 37.108 72.2875 26.9258 61.3213 53.1601 22.3607 53.0094 9.84886 55.3173 19.105 55.1453 48.5246 58.53 60.8941 29.5296 47.8429 38.3275 58.6023 0.0 38.833 30.4801 21.587 24.1868 25.2389 32.3342 23.4307 49.2544 41.6078 38.6938 70.565 37.3201 51.0098 70.565 
29.0 55.7279 65.6183 36.6742 13.0384 25.632 50.1597 17.1172 47.0744 19.2094 86.7468 26.4197 18.1108 17.4929 34.0147 25.6125 31.8904 58.6468 87.7316 83.5997 51.1545 13.4164 87.05 55.0729 43.1741 38.833 0.0 69.6871 21.4009 57.7648 62.9682 34.0588 60.5392 17.0294 57.393 67.272 84.6877 76.5272 14.7648 84.6877 
56.4223 22.2182 36.7209 36.5866 82.6961 79.8156 29.574 67.4783 85.8709 57.2803 37.5899 83.4327 51.767 85.3813 35.7425 85.7178 47.7105 48.7699 21.0238 35.3412 67.9451 58.2624 19.7231 38.349 65.6533 30.4801 69.6871 0.0 51.9925 20.1796 28.0 55.2789 29.1548 82.2299 30.9704 17.1172 53.0 9.48683 83.1229 53.0 
33.2415 41.7968 62.2656 27.5862 32.311 28.2312 29.8329 15.5242 65.6609 5.38516 80.971 31.6228 15.0333 32.249 22.0227 33.7343 10.6301 62.6002 70.037 78.1797 61.0096 19.6469 69.3554 46.0999 55.4437 21.587 21.4009 51.9925 0.0 43.8337 42.9535 36.1386 40.2616 28.0 53.8516 58.3436 83.3547 58.8326 30.5941 83.3547 
41.473 4.47214 28.0713 24.6643 70.7738 72.0361 33.2415 59.1495 72.2221 49.2032 37.4833 75.3041 39.8447 73.4589 23.8202 77.0625 43.0844 37.5766 30.0139 34.6554 54.2963 46.3401 27.91 24.7003 52.0045 24.1868 57.7648 20.1796 43.8337 0.0 36.1386 40.3297 36.4966 70.3076 20.6155 14.8661 46.8722 22.8102 71.2006 46.8722 
56.6392 31.7805 63.9548 37.0135 75.0 68.0294 13.1529 57.2189 97.1873 47.5184 63.6003 72.0069 47.5079 75.1332 33.9706 75.0267 35.0143 73.4014 41.5933 61.8466 84.1666 54.7083 41.6293 58.8257 81.8748 25.2389 62.9682 28.0 42.9535 36.1386 0.0 55.5846 3.16228 70.5762 56.7539 45.0444 81.0 32.28 73.5459 81.0 
5.38516 41.3197 43.3247 18.7064 45.3275 57.8014 46.6083 45.793 46.6489 39.5601 64.4531 59.5483 21.5407 51.4004 22.4868 59.397 43.0465 26.4774 63.4299 61.306 28.7231 21.2603 61.2472 26.9511 26.4313 32.3342 34.0588 55.2789 36.1386 40.3297 55.5846 0.0 54.4868 50.9313 35.0993 45.3191 64.405 62.119 48.6004 64.405 
55.4437 32.249 64.4981 36.0555 72.4224 65.0077 10.4403 54.3323 95.6323 44.7214 65.4599 69.0 45.4863 72.3671 32.5576 72.0625 32.0624 73.4629 43.909 63.6003 83.0689 52.6972 43.8292 58.0425 80.7771 23.4307 60.5392 29.1548 40.2616 36.4966 3.16228 54.4868 0.0 67.7422 57.0701 46.2709 82.0549 34.176 70.8308 82.0549 
45.9674 68.2707 81.5453 51.0784 12.1655 11.1803 57.4282 13.6015 59.0085 23.0868 102.622 10.198 32.6497 5.65685 47.1275 8.60233 35.9026 75.6124 100.274 99.4746 67.5918 29.8329 99.5927 72.0935 59.1838 49.2544 17.0294 82.2299 28.0 70.3076 70.5762 50.9313 67.7422 0.0 73.3199 83.4877 101.233 89.07 6.32456 101.233 
36.2426 25.0 8.544 27.5136 71.8864 78.6502 53.0094 65.9734 56.5155 58.2495 32.5576 80.9298 41.1688 74.806 33.8378 81.4157 57.9396 17.8045 37.5899 29.4279 38.6142 43.9973 35.3553 12.3693 36.1386 41.6078 57.393 30.9704 53.8516 20.6155 56.7539 35.0993 57.0701 73.3199 0.0 18.868 29.5296 33.2415 72.1313 29.5296 
46.4624 16.9199 22.2036 39.1742 79.3547 86.546 46.3648 73.6594 75.0073 63.713 22.6274 89.8139 51.3294 84.7586 38.3301 91.5723 57.5943 36.1248 18.7883 19.8494 57.0814 53.8747 16.5529 28.8617 54.5754 38.6938 67.272 17.1172 58.3436 14.8661 45.0444 45.3191 46.2709 83.4877 18.868 0.0 36.0555 15.6525 82.0356 36.0555 
55.9904 50.4876 21.095 56.8685 95.877 107.956 80.0625 95.279 70.214 87.6641 26.9072 110.235 70.4745 101.961 63.1819 109.824 87.3305 27.7308 47.927 25.807 56.4236 73.3029 46.2385 38.9487 51.8652 70.565 84.6877 53.0 83.3547 46.8722 81.0 64.405 82.0549 101.233 29.5296 36.0555 0.0 50.8035 99.1566 0.0 
63.2623 24.8489 37.7359 43.4267 89.5361 86.6556 36.4005 74.3184 88.0892 64.1204 31.3209 90.2727 58.6071 92.2213 42.5826 92.5579 54.5506 50.9902 11.6619 29.6142 70.1634 65.1025 10.6301 40.9422 67.6573 37.3201 76.5272 9.48683 58.8326 22.8102 32.28 62.119 34.176 89.07 33.2415 15.6525 50.8035 0.0 89.963 50.8035 
43.4716 69.1637 80.2441 50.9608 6.0 17.4642 60.4152 18.0278 53.0848 26.2488 101.485 16.0 32.28 2.82843 47.676 13.3417 39.5601 73.1157 101.167 98.338 63.3783 28.178 100.486 70.0167 55.2643 51.0098 14.7648 83.1229 30.5941 71.2006 73.5459 48.6004 70.8308 6.32456 72.1313 82.0356 99.1566 89.963 0.0 99.1566 
55.9904 50.4876 21.095 56.8685 95.877 107.956 80.0625 95.279 70.214 87.6641 26.9072 110.235 70.4745 101.961 63.1819 109.824 87.3305 27.7308 47.927 25.807 56.4236 73.3029 46.2385 38.9487 51.8652 70.565 84.6877 53.0 83.3547 46.8722 81.0 64.405 82.0549 101.233 29.5296 36.0555 0.0 50.8035 99.1566 0.0 
DEMAND_SCENARIO_SECTION
0 0 0 0 0 0 0 0 0 0 0 0 0 0 0 0 0 0 0 0 0 0 0 0 0 0 0 0 0 0 0 0 0 0 0 0 0 0 0 0 0 0 0 0 0 0 0 0 0 0 
3 2 4 2 3 3 3 3 6 2 2 8 3 4 2 1 3 2 0 7 2 3 4 4 4 3 2 1 3 0 3 0 4 5 4 4 3 5 3 4 4 5 7 3 2 5 2 3 3 4 
6 7 2 8 6 2 8 5 8 6 6 9 6 5 8 4 8 6 8 10 9 7 5 6 3 5 5 8 4 7 7 5 2 11 6 4 7 3 3 3 7 8 4 8 7 1 5 7 8 7 
3 1 4 4 3 2 2 7 2 3 5 2 5 4 7 7 2 2 3 2 5 5 7 3 3 4 3 6 4 3 1 2 4 3 3 2 3 2 4 5 2 4 6 3 1 4 1 5 4 4 
5 9 5 8 2 11 9 9 10 7 1 9 10 7 11 7 11 7 12 5 12 15 13 10 8 6 10 5 10 6 12 11 12 2 13 11 7 8 8 7 9 11 10 8 9 16 5 7 5 12 
0 1 2 2 1 2 1 0 1 2 2 2 0 1 1 1 0 0 1 0 1 2 2 2 0 0 1 1 1 1 2 0 2 1 1 1 0 1 0 1 1 1 0 2 1 3 0 2 0 0 
3 0 2 2 2 2 5 4 0 3 1 4 4 2 6 4 2 0 5 7 3 2 2 0 6 4 3 3 2 3 0 3 1 1 4 5 5 3 6 4 1 0 0 1 5 4 1 2 6 3 
0 0 2 2 0 3 3 2 0 0 0 1 1 0 2 1 1 2 1 0 0 0 1 1 0 4 2 0 2 0 0 4 1 1 2 2 1 2 1 0 2 0 0 0 1 1 0 2 1 0 
9 8 6 8 7 6 8 6 11 9 11 10 8 1 10 13 8 6 7 6 8 3 6 4 8 4 9 11 9 9 12 11 11 5 5 8 6 6 10 8 8 3 9 9 15 6 11 10 10 6 
12 3 10 14 17 6 9 8 9 9 13 11 14 11 6 13 7 10 10 9 9 6 21 7 11 6 4 8 6 12 12 5 4 11 8 6 13 7 6 10 14 8 9 13 11 15 8 7 10 12 
9 8 8 6 9 4 9 11 6 10 4 8 4 7 10 4 9 7 9 11 1 9 9 2 9 6 9 10 10 11 9 4 8 10 9 3 5 10 8 10 4 8 8 4 6 11 7 7 11 11 
6 0 1 5 8 2 3 4 3 0 4 2 2 3 3 4 7 4 4 3 3 3 9 1 5 1 4 3 1 4 1 4 2 2 2 5 6 3 2 5 1 3 7 5 4 3 6 5 3 4 
6 6 5 5 7 1 6 6 3 0 2 9 4 5 7 6 3 6 5 10 8 5 3 10 5 7 5 7 8 5 5 3 8 4 9 2 12 6 0 6 8 4 5 2 7 8 5 7 3 7 
4 5 8 4 11 7 9 8 10 11 6 11 10 7 6 10 9 9 10 11 11 13 7 6 6 6 7 10 9 7 8 12 6 6 15 7 9 6 7 11 10 6 10 9 10 7 4 7 9 3 
5 5 12 10 6 10 4 4 11 9 7 8 8 17 11 10 9 5 13 9 10 1 7 9 12 8 5 5 6 9 7 10 10 7 8 12 11 6 16 4 10 6 9 4 14 9 10 10 3 8 
7 10 11 12 9 10 6 14 12 15 15 13 10 11 13 12 10 11 8 13 9 9 8 13 10 9 7 11 8 13 15 9 11 7 7 4 13 7 10 13 6 13 13 7 9 8 10 10 11 13 
2 5 1 1 4 6 5 4 2 1 5 4 3 6 6 2 3 4 2 4 3 4 1 7 6 4 3 2 6 5 3 9 4 7 3 3 2 5 7 5 3 5 2 5 2 4 7 5 1 5 
6 4 5 8 3 3 6 2 3 2 3 7 3 2 1 6 4 5 5 5 2 6 4 4 7 5 1 0 2 4 1 3 2 7 2 4 0 4 3 5 5 4 7 4 2 4 1 5 2 1 
0 2 1 1 2 4 0 2 1 3 4 0 2 1 1 1 1 0 1 0 1 1 0 0 1 1 1 2 1 3 2 2 1 0 2 0 2 2 2 2 2 2 3 1 1 0 2 0 3 1 
3 0 1 3 3 5 3 0 4 2 1 1 3 0 1 2 4 4 2 3 3 3 0 2 1 0 3 2 1 4 0 1 3 2 3 2 1 0 0 4 1 2 3 1 0 1 3 3 1 0 
5 5 8 6 13 4 5 7 8 13 13 8 11 11 8 8 9 10 6 10 3 11 9 9 11 8 11 9 12 8 5 8 9 7 11 0 14 10 8 10 9 7 7 8 9 14 6 10 13 14 
7 7 7 10 9 9 18 13 11 12 8 16 11 9 8 6 8 15 12 8 12 6 11 15 9 11 17 6 13 11 16 12 8 6 13 7 10 11 9 9 15 11 10 8 5 8 4 13 8 4 
5 13 10 4 7 10 12 11 3 7 6 15 7 7 10 8 6 9 9 8 8 11 8 7 11 13 12 12 5 5 9 7 5 9 8 9 6 13 9 8 6 5 11 7 10 10 9 8 11 10 
6 17 8 7 10 7 9 11 12 13 13 11 5 2 14 10 4 10 6 12 7 6 11 9 8 5 4 9 12 8 9 3 7 10 8 5 10 8 6 10 13 11 10 6 9 8 6 9 12 10 
1 1 1 0 1 0 0 0 1 2 1 1 3 1 1 0 1 2 2 1 0 0 1 0 1 0 0 0 1 0 1 0 0 1 0 2 2 1 2 1 2 0 1 1 0 0 0 0 0 1 
1 2 0 7 7 4 8 2 1 1 5 6 6 2 5 6 3 5 4 2 8 4 1 5 5 3 9 7 8 6 7 4 6 10 7 6 3 7 8 3 6 4 7 5 9 7 4 2 3 6 
3 5 4 2 3 0 4 5 5 5 8 3 4 4 0 6 5 3 5 4 5 6 6 3 3 7 2 5 3 7 4 5 1 7 7 9 4 4 1 5 2 1 3 2 5 4 4 3 6 0 
4 4 3 1 3 1 5 5 2 3 3 2 4 4 6 1 7 2 5 4 5 6 3 3 7 5 5 3 2 4 2 3 4 4 6 3 2 5 5 4 7 1 4 4 6 5 5 4 5 4 
1 3 5 5 9 7 4 7 8 0 8 5 9 9 10 7 6 4 6 8 2 7 5 4 4 9 6 8 8 7 3 3 5 6 5 9 4 6 10 3 5 2 9 9 9 6 9 9 5 7 
3 6 5 2 6 0 8 7 4 3 7 5 4 2 1 4 6 4 8 8 6 6 6 4 4 4 1 6 5 4 2 4 5 4 1 4 4 5 3 7 5 7 7 3 5 7 3 6 3 3 
6 6 3 2 4 3 3 3 7 5 9 4 5 2 0 5 3 6 5 4 7 5 2 5 2 5 2 0 3 7 3 8 3 2 3 6 3 4 1 3 4 7 0 4 1 2 2 5 6 0 
9 10 6 8 7 10 11 11 11 10 11 13 12 8 5 14 7 11 10 10 15 13 8 9 12 11 10 11 11 10 9 9 13 11 4 10 5 6 7 9 8 10 9 13 14 14 13 12 13 10 
3 8 9 3 4 8 5 8 8 8 8 2 9 5 5 9 9 6 7 8 9 6 5 11 7 7 8 10 6 10 10 7 7 9 6 6 6 5 6 6 8 3 11 3 4 9 4 5 8 4 
2 1 1 0 3 1 0 0 0 1 1 2 1 2 2 0 2 2 1 0 1 1 2 0 0 0 0 0 0 0 0 2 1 1 0 2 2 3 1 1 1 1 3 2 0 2 0 1 0 2 
11 8 7 10 10 13 9 9 12 8 12 11 11 8 10 9 15 11 12 7 6 12 13 10 12 9 11 11 10 6 12 6 8 7 12 6 14 14 7 4 7 6 11 13 4 12 9 14 10 4 
10 10 11 14 9 17 8 19 14 11 15 12 10 13 8 5 13 11 10 7 13 14 11 6 14 7 8 12 9 11 13 7 10 3 9 11 13 14 8 12 8 5 14 4 10 12 11 9 11 8 
3 0 0 1 1 1 1 3 1 0 1 1 3 1 1 0 3 0 1 2 1 0 2 1 2 0 1 1 0 3 1 1 1 1 0 1 3 0 2 1 2 1 1 1 2 2 3 0 2 0 
7 6 2 11 5 2 9 3 4 7 8 3 8 5 7 6 8 7 8 8 6 8 4 8 5 2 8 5 7 5 4 5 8 8 9 7 7 2 7 3 9 5 7 6 4 8 5 5 3 4 
1 3 1 4 4 2 1 5 3 5 3 1 0 4 1 1 1 3 0 6 3 2 3 3 1 2 4 1 1 3 4 2 2 1 1 4 2 4 2 4 0 3 2 2 2 0 0 2 4 4 
16 11 14 10 10 10 12 10 8 12 14 6 10 10 13 6 14 9 6 9 6 8 10 10 11 12 10 15 10 5 11 7 12 9 6 8 5 14 16 9 12 8 12 8 9 12 11 15 7 10 
DEPOT_SECTION
 1
 -1
EOF
