NAME  : Parada_40_3_0.95_1.00_6
TYPE : SVRP
MODEL : FINITE_SUPPORT
NUMBER_OF_SCENARIOS : 50
DIMENSION : 40
EDGE_WEIGHT_TYPE : MATRIX
CAPACITY : 78
N_VEHICLES : 3
NODE_COORD_SECTION
1 277270 476080
2 679990 428610
3 512930 449590
4 267760 838840
5 671650 434250
6 483560 51363
7 593280 276860
8 589350 18
9 355120 160060
10 189030 447040
11 130830 191250
12 289040 235170
13 711840 441080
14 284620 440710
15 710080 653910
16 650930 539480
17 507050 9146
18 241360 779080
19 128750 631860
20 146050 454790
21 636640 511140
22 148020 617840
23 596830 181970
24 200000 674940
25 526450 595210
26 316620 547430
27 287210 408030
28 268180 466240
29 180540 93517
30 265260 768180
31 407370 535560
32 188790 328450
33 153350 284460
34 597540 538900
35 427720 507770
36 224550 644670
37 538400 576870
38 244190 358950
39 27 305860
40 128800 624590
DEMAND_SECTION
1 0.0
2 9.0
3 8.0
4 7.0
5 4.0
6 10.0
7 3.0
8 9.0
9 2.0
10 9.0
11 1.0
12 5.0
13 8.0
14 3.0
15 8.0
16 1.0
17 8.0
18 4.0
19 8.0
20 5.0
21 8.0
22 6.0
23 6.0
24 10.0
25 10.0
26 3.0
27 1.0
28 5.0
29 5.0
30 4.0
31 9.0
32 10.0
33 4.0
34 7.0
35 3.0
36 3.0
37 8.0
38 3.0
39 5.0
40 1.0
DISTANCE_MATRIX
0.0 50.2076 33.2076 54.5619 49.2314 54.3882 52.6612 69.7316 34.1768 15.2111 50.2982 23.5372 54.2844 41.1059 70.6834 51.0317 60.6189 49.0306 43.008 20.8062 56.0148 39.1078 65.1254 33.8277 35.4283 14.7648 15.0 44.4005 50.04 45.9674 17.083 37.4109 33.7835 47.5513 16.5552 48.1327 34.5553 33.2982 62.6717 42.0257 
50.2076 0.0 27.0 80.0812 1.41421 58.2151 21.587 65.6201 55.0091 62.365 89.8726 55.3173 4.47214 88.2598 29.1548 19.3132 64.0312 58.6686 75.2506 67.9602 21.2132 71.3504 34.0588 66.0703 21.9317 48.6833 62.1539 90.8976 81.3019 74.3303 33.7047 82.5728 73.9581 23.0217 36.1421 86.002 26.4008 73.5728 104.93 74.2683 
33.2076 27.0 0.0 64.2368 26.0238 65.4401 32.0185 77.5325 54.0918 45.365 81.7017 49.2719 31.0768 70.8638 47.638 28.4307 72.0527 46.0122 58.2873 50.9602 33.3196 54.3871 44.6679 49.107 14.2195 31.6833 45.1539 73.8976 77.1249 57.8867 16.7047 67.5648 65.4432 26.0238 19.1421 69.0387 16.1803 64.9579 92.8256 57.305 
54.5619 80.0812 64.2368 0.0 78.848 108.261 86.2553 123.426 88.0057 53.1049 85.9884 76.0685 83.4326 55.0364 88.1419 70.1142 114.492 26.9258 31.9531 52.7324 74.0068 28.2312 103.483 25.0217 58.4637 40.3113 56.6488 54.3323 97.3149 8.94427 51.1077 65.9242 74.333 64.0703 55.2178 28.8617 54.1295 79.4056 83.2947 31.0161 
49.2314 1.41421 26.0238 78.848 0.0 59.1354 22.3607 66.7533 55.4617 61.3888 89.9646 55.4437 5.09902 87.2836 28.6356 18.0278 65.0077 57.3062 74.2121 66.9839 20.0998 70.3118 35.0143 65.0317 20.6155 47.7071 61.1777 89.9214 81.6333 73.1642 32.7285 82.6648 74.0501 21.6333 35.1659 84.9635 25.0799 73.6648 105.022 73.2298 
54.3882 58.2151 65.4401 108.261 59.1354 0.0 37.0 15.6525 21.9317 66.0557 59.2115 34.8855 60.6712 78.1089 86.4928 76.0263 6.7082 98.4124 96.4621 65.3545 79.0253 92.5618 24.1868 87.2817 68.6652 70.9958 65.8446 82.2192 39.5601 99.4937 60.8276 62.8172 50.8035 77.4151 55.0727 98.9774 71.5681 54.4866 79.0569 95.4798 
52.6612 21.587 32.0185 86.2553 22.3607 37.0 0.0 46.1736 39.8855 64.8186 76.0634 41.1248 24.6982 90.7134 50.5964 39.0512 43.1045 68.0307 80.4281 70.4137 42.0476 76.5279 13.3417 71.2478 33.541 52.7436 64.6075 94.008 66.2944 79.9052 38.7232 69.1699 60.4707 40.7922 36.5225 91.1795 37.2156 60.1699 91.4523 79.4458 
69.7316 65.6201 77.5325 123.426 66.7533 15.6525 46.1736 0.0 37.5766 81.3991 73.0274 50.5371 67.1863 93.6376 92.0217 84.5281 11.0454 111.825 111.805 80.9002 86.8332 107.905 32.8938 102.625 79.4837 84.7878 81.188 97.7394 52.1536 114.837 74.2352 78.1601 65.9697 86.8332 68.6144 114.321 82.9786 70.0322 93.086 110.823 
34.1768 55.0091 54.0918 88.0057 55.4617 21.9317 39.8855 37.5766 0.0 45.6298 41.4367 13.0384 58.7392 56.3614 84.0952 69.3758 27.4591 82.3749 66.7044 43.6066 73.3757 72.2801 28.0944 67.0 58.2399 48.8841 45.4187 60.4738 26.9072 79.2023 45.7056 41.4367 30.0 69.0507 39.6232 78.5515 60.0083 32.7386 60.208 75.198 
15.2111 62.365 45.365 53.1049 61.3888 66.0557 64.8186 81.3991 45.6298 0.0 39.5601 33.6308 66.4418 27.2029 82.8408 63.1843 72.2863 54.037 24.8576 6.32456 68.1701 37.3633 65.0184 32.0832 47.5224 19.6469 14.2111 30.8058 45.1224 44.2959 29.1428 22.2036 24.0832 59.5561 28.7126 36.7047 46.2624 26.4391 47.5079 40.2813 
50.2982 89.8726 81.7017 85.9884 89.9646 59.2115 76.0634 73.0274 41.4367 39.5601 0.0 35.0 94.0845 33.541 118.643 100.389 62.0081 92.9139 55.0364 36.3456 105.021 59.0339 69.5029 64.0 85.6815 59.203 53.4866 36.3593 21.8403 77.5242 67.3363 20.0998 16.6433 97.9817 66.8084 60.407 84.8085 33.0 20.0998 56.0357 
23.5372 55.3173 49.2719 76.0685 55.4437 34.8855 41.1248 50.5371 13.0384 33.6308 35.0 0.0 59.4643 44.6612 83.5489 67.4017 40.4969 72.5672 52.8184 31.9064 71.6502 60.3269 37.6301 55.0467 53.4509 37.9473 33.4197 48.7735 27.8927 67.2594 38.1182 30.0167 20.2485 65.2957 32.249 63.9697 54.3415 21.0384 51.6236 63.2448 
54.2844 4.47214 31.0768 83.4326 5.09902 60.6712 24.6982 67.1863 58.7392 66.4418 94.0845 59.4643 0.0 92.3366 25.9615 19.4165 66.2722 61.2699 79.1877 72.037 20.2485 75.2875 36.4966 70.0074 25.0 52.7601 66.2307 94.9744 85.1469 77.9295 37.7815 86.7847 78.17 24.0416 40.2189 89.9391 29.4109 77.7847 109.142 78.2054 
41.1059 88.2598 70.8638 55.0364 87.2836 78.1089 90.7134 93.6376 56.3614 27.2029 33.541 44.6612 92.3366 0.0 108.167 88.2326 83.006 68.0689 28.178 20.8806 93.2309 31.7805 82.2654 41.0 72.4224 41.1411 40.1059 4.12311 50.9117 47.3814 54.3783 16.4012 28.8444 84.0238 54.2115 27.4591 70.4344 39.6228 28.4429 29.0689 
70.6834 29.1548 47.638 88.1419 28.6356 86.4928 50.5964 92.0217 84.0952 82.8408 118.643 83.5489 25.9615 108.167 0.0 20.1246 91.9239 62.0322 89.9268 88.436 15.2315 86.0265 62.3699 80.7464 35.8469 67.6018 82.6297 110.982 110.145 85.0 53.8238 105.041 102.365 25.2982 56.7801 100.678 38.4838 101.899 130.301 88.9445 
51.0317 19.3132 28.4307 70.1142 18.0278 76.0263 39.0512 84.5281 69.3758 63.1843 100.389 67.4017 19.4165 88.2326 20.1246 0.0 82.1523 45.3542 70.121 68.7677 5.0 66.2208 52.2398 60.9406 15.8114 47.5079 62.9732 91.0197 94.257 66.1211 34.0588 85.3841 83.8739 6.08276 37.5366 80.8724 18.3848 83.3886 110.645 69.1387 
60.6189 64.0312 72.0527 114.492 65.0077 6.7082 43.1045 11.0454 27.4591 72.2863 62.0081 40.4969 66.2722 83.006 91.9239 82.1523 0.0 105.119 102.693 70.3461 85.0059 98.7924 30.0 93.5123 75.2596 75.3261 72.0752 87.0919 41.3038 105.724 67.5352 67.3573 55.0818 83.7257 61.7738 105.208 78.1686 59.4782 82.0549 101.71 
49.0306 58.6686 46.0122 26.9258 57.3062 98.4124 68.0307 111.825 82.3749 54.037 92.9139 72.5672 61.2699 68.0689 62.0322 45.3542 105.119 0.0 40.2492 56.5685 48.6621 36.349 80.68 31.0689 36.8917 35.1283 55.0416 68.884 98.326 26.6271 37.5899 73.5459 78.1025 39.2938 43.382 48.1041 32.45 80.0278 96.1211 39.2669 
43.008 75.2506 58.2873 31.9531 74.2121 96.4621 80.4281 111.805 66.7044 24.8576 55.0364 52.8184 79.1877 28.178 89.9268 70.121 102.693 40.2492 0.0 20.9632 74.7807 4.0 94.3059 13.1803 55.5875 29.5379 35.2857 29.4109 65.5457 23.0868 42.9608 35.0 42.5638 64.6313 45.7202 18.1108 51.9725 47.78 55.9732 1.0 
20.8062 67.9602 50.9602 52.7324 66.9839 65.3545 70.4137 80.9002 43.6066 6.32456 36.3456 31.9064 72.037 20.8806 88.436 68.7677 70.3461 56.5685 20.9632 0.0 73.7564 24.9275 70.6135 32.4138 53.0754 23.7065 19.8062 24.5153 44.9444 43.9489 34.7131 17.4642 22.3607 65.0538 34.3078 32.6497 51.6624 26.868 42.2019 21.9524 
56.0148 21.2132 33.3196 74.0068 20.0998 79.0253 42.0476 86.8332 73.3757 68.1701 105.021 71.6502 20.2485 93.2309 15.2315 5.0 85.0059 48.6621 74.7807 73.7564 0.0 70.8804 55.0091 65.6003 20.8087 52.4786 67.959 96.0153 98.5055 70.3491 39.0512 90.3699 88.7628 10.198 42.45 85.532 23.2594 88.2775 115.631 73.7984 
39.1078 71.3504 54.3871 28.2312 70.3118 92.5618 76.5279 107.905 72.2801 37.3633 59.0339 60.3269 75.2875 31.7805 86.0265 66.2208 98.7924 36.349 4.0 24.9275 70.8804 0.0 90.4057 9.28011 51.6873 25.6377 40.9072 32.7567 82.2801 19.3132 39.0606 39.0 46.5281 60.731 41.8199 18.1108 48.0723 63.664 59.7746 3.0 
65.1254 34.0588 44.6679 103.483 35.0143 24.1868 13.3417 32.8938 28.0944 65.0184 69.5029 37.6301 36.4966 82.2654 62.3699 52.2398 30.0 80.68 94.3059 70.6135 55.0091 90.4057 0.0 85.1256 46.6154 65.2079 64.8073 86.3778 54.0467 96.0888 54.6075 67.6426 57.1597 54.1295 48.9867 97.94 50.1139 58.6426 87.9994 93.3236 
33.8277 66.0703 49.107 25.0217 65.0317 87.2817 71.2478 102.625 67.0 32.0832 64.0 55.0467 70.0074 41.0 80.7464 60.9406 93.5123 31.0689 13.1803 32.4138 65.6003 9.28011 85.1256 0.0 46.4072 20.3576 35.6271 41.8246 77.0 16.2127 33.7805 48.0435 54.7731 55.4509 36.5398 23.9317 42.7922 58.3839 69.0522 12.198 
35.4283 21.9317 14.2195 58.4637 20.6155 68.6652 33.541 79.4837 58.2399 47.5224 85.6815 53.4509 25.0 72.4224 35.8469 15.8114 75.2596 36.8917 55.5875 53.0754 20.8087 51.6873 46.6154 46.4072 0.0 31.7648 47.3113 75.2086 81.3204 53.2353 18.3848 69.7222 69.1668 12.2066 22.4722 66.3389 4.47214 68.6815 94.983 54.6052 
14.7648 48.6833 31.6833 40.3113 47.7071 70.9958 52.7436 84.7878 48.8841 19.6469 59.203 37.9473 52.7601 41.1411 67.6018 47.5079 75.3261 35.1283 29.5379 23.7065 52.4786 25.6377 65.2079 20.3576 31.7648 0.0 20.0384 43.8862 63.1981 32.0156 15.1327 41.1461 43.566 43.0116 16.6377 40.2893 29.4109 45.0135 65.7343 28.5556 
15.0 62.1539 45.1539 56.6488 61.1777 65.8446 64.6075 81.188 45.4187 14.2111 53.4866 33.4197 66.2307 40.1059 82.6297 62.9732 72.0752 55.0416 35.2857 19.8062 67.959 40.9072 64.8073 35.6271 47.3113 20.0384 0.0 43.4005 57.3587 47.8397 28.9317 36.4109 37.5941 59.345 28.5015 47.1327 46.0512 9.0 61.6717 43.8251 
44.4005 90.8976 73.8976 54.3323 89.9214 82.2192 94.008 97.7394 60.4738 30.8058 36.3593 48.7735 94.9744 4.12311 110.982 91.0197 87.0919 68.884 29.4109 24.5153 96.0153 32.7567 86.3778 41.8246 75.2086 43.8862 43.4005 0.0 54.4885 47.0744 57.3062 20.2485 32.7567 86.7696 57.2452 26.0192 73.1795 43.7351 29.0172 30.2324 
50.04 81.3019 77.1249 97.3149 81.6333 39.5601 66.2944 52.1536 26.9072 45.1224 21.8403 27.8927 85.1469 50.9117 110.145 94.257 41.3038 98.326 65.5457 44.9444 98.5055 82.2801 54.0467 77.0 81.3204 63.1981 57.3587 54.4885 0.0 88.5314 65.8166 34.7131 23.3238 93.1487 60.0167 75.1665 82.2253 34.6833 41.7732 66.5349 
45.9674 74.3303 57.8867 8.94427 73.1642 99.4937 79.9052 114.837 79.2023 44.2959 77.5242 67.2594 77.9295 47.3814 85.0 66.1211 105.724 26.6271 23.0868 43.9489 70.3491 19.3132 96.0888 16.2127 53.2353 32.0156 47.8397 47.0744 88.5314 0.0 43.8634 57.4282 65.5495 60.208 47.5079 22.8254 49.0918 70.5966 75.8024 22.1359 
17.083 33.7047 16.7047 51.1077 32.7285 60.8276 38.7232 74.2352 45.7056 29.1428 67.3363 38.1182 37.7815 54.3783 53.8238 34.0588 67.5352 37.5899 42.9608 34.7131 39.0512 39.0606 54.6075 33.7805 18.3848 15.1327 28.9317 57.3062 65.8166 43.8634 0.0 51.3426 50.8216 30.4795 6.08276 53.7122 17.4929 50.3363 76.6035 41.9785 
37.4109 82.5728 67.5648 65.9242 82.6648 62.8172 69.1699 78.1601 41.4367 22.2036 20.0998 30.0167 86.7847 16.4012 105.041 85.3841 67.3573 73.5459 35.0 17.4642 90.3699 39.0 67.6426 48.0435 69.7222 41.1461 36.4109 20.2485 34.7131 57.4282 51.3426 0.0 12.53 81.7559 50.9124 41.1461 68.4621 25.0 25.4558 36.0 
33.7835 73.9581 65.4432 74.333 74.0501 50.8035 60.4707 65.9697 30.0 24.0832 16.6433 20.2485 78.17 28.8444 102.365 83.8739 55.0818 78.1025 42.5638 22.3607 88.7628 46.5281 57.1597 54.7731 69.1668 43.566 37.5941 32.7567 23.3238 65.5495 50.8216 12.53 0.0 81.467 50.2937 51.8652 68.2938 16.4853 31.3847 43.553 
47.5513 23.0217 26.0238 64.0703 21.6333 77.4151 40.7922 86.8332 69.0507 59.5561 97.9817 65.2957 24.0416 84.0238 25.2982 6.08276 83.7257 39.2938 64.6313 65.0538 10.198 60.731 54.1295 55.4509 12.2066 43.0116 59.345 86.7696 93.1487 60.208 30.4795 81.7559 81.467 0.0 34.6699 75.3826 13.6015 80.9817 107.017 63.649 
16.5552 36.1421 19.1421 55.2178 35.1659 55.0727 36.5225 68.6144 39.6232 28.7126 66.8084 32.249 40.2189 54.2115 56.7801 37.5366 61.7738 43.382 45.7202 34.3078 42.45 41.8199 48.9867 36.5398 22.4722 16.6377 28.5015 57.2452 60.0167 47.5079 6.08276 50.9124 50.2937 34.6699 0.0 56.4715 22.4722 49.8084 76.1733 44.7379 
48.1327 86.002 69.0387 28.8617 84.9635 98.9774 91.1795 114.321 78.5515 36.7047 60.407 63.9697 89.9391 27.4591 100.678 80.8724 105.208 48.1041 18.1108 32.6497 85.532 18.1108 97.94 23.9317 66.3389 40.2893 47.1327 26.0192 75.1665 22.8254 53.7122 41.1461 51.8652 75.3826 56.4715 0.0 62.7239 58.9313 55.0 18.0278 
34.5553 26.4008 16.1803 54.1295 25.0799 71.5681 37.2156 82.9786 60.0083 46.2624 84.8085 54.3415 29.4109 70.4344 38.4838 18.3848 78.1686 32.45 51.9725 51.6624 23.2594 48.0723 50.1139 42.7922 4.47214 29.4109 46.0512 73.1795 82.2253 49.0918 17.4929 68.4621 68.2938 13.6015 22.4722 62.7239 0.0 67.8085 93.723 50.9902 
33.2982 73.5728 64.9579 79.4056 73.6648 54.4866 60.1699 70.0322 32.7386 26.4391 33.0 21.0384 77.7847 39.6228 101.899 83.3886 59.4782 80.0278 47.78 26.868 88.2775 63.664 58.6426 58.3839 68.6815 45.0135 9.0 43.7351 34.6833 70.5966 50.3363 25.0 16.4853 80.9817 49.8084 58.9313 67.8085 0.0 47.3573 48.7692 
62.6717 104.93 92.8256 83.2947 105.022 79.0569 91.4523 93.086 60.208 47.5079 20.0998 51.6236 109.142 28.4429 130.301 110.645 82.0549 96.1211 55.9732 42.2019 115.631 59.7746 87.9994 69.0522 94.983 65.7343 61.6717 29.0172 41.7732 75.8024 76.6035 25.4558 31.3847 107.017 76.1733 55.0 93.723 47.3573 0.0 56.921 
42.0257 74.2683 57.305 31.0161 73.2298 95.4798 79.4458 110.823 75.198 40.2813 56.0357 63.2448 78.2054 29.0689 88.9445 69.1387 101.71 39.2669 1.0 21.9524 73.7984 3.0 93.3236 12.198 54.6052 28.5556 43.8251 30.2324 66.5349 22.1359 41.9785 36.0 43.553 63.649 44.7379 18.0278 50.9902 48.7692 56.921 0.0 
DEMAND_SCENARIO_SECTION
0 0 0 0 0 0 0 0 0 0 0 0 0 0 0 0 0 0 0 0 0 0 0 0 0 0 0 0 0 0 0 0 0 0 0 0 0 0 0 0 0 0 0 0 0 0 0 0 0 0 
10 6 8 7 11 11 8 4 8 6 8 11 9 11 13 12 9 11 14 4 8 9 5 12 12 10 7 7 7 10 7 5 10 11 10 12 8 6 8 9 5 13 10 11 19 9 7 4 10 12 
6 6 9 6 11 8 6 6 7 0 10 11 5 10 9 7 9 9 8 7 4 11 11 7 10 1 9 12 11 7 8 14 7 4 6 10 9 7 13 9 10 7 8 7 7 10 6 10 13 11 
7 5 6 6 4 10 11 11 7 10 6 4 5 4 5 11 5 12 4 3 9 4 12 5 8 5 7 11 9 4 12 7 5 4 6 6 1 7 11 6 8 8 6 5 8 9 15 3 3 7 
4 7 7 2 7 7 5 0 6 3 4 5 4 2 2 4 1 3 0 4 6 6 5 6 6 5 5 2 2 5 3 2 7 1 10 5 1 3 3 1 3 6 3 5 3 1 3 1 7 3 
7 10 6 11 15 9 5 11 8 7 17 10 12 8 14 7 17 7 10 8 8 8 15 6 5 8 11 11 7 14 7 10 10 8 7 15 8 13 11 17 14 6 13 10 4 9 6 19 7 8 
2 4 6 3 5 5 0 1 3 4 0 3 4 3 0 4 5 1 3 5 0 6 0 1 5 2 1 5 3 2 2 0 1 2 1 2 3 3 5 2 2 1 3 3 0 0 4 6 3 2 
8 5 11 3 10 10 15 7 8 15 10 8 5 12 6 14 7 11 11 9 10 7 12 11 10 14 5 8 12 12 12 12 13 3 12 4 11 5 11 12 10 6 11 6 6 8 6 9 8 8 
4 5 0 0 4 2 2 0 3 1 4 2 1 6 2 3 1 2 2 2 4 1 4 0 4 2 2 3 4 1 2 4 3 2 2 4 5 3 2 0 1 2 3 2 2 1 0 2 1 2 
11 9 11 11 9 7 11 8 12 8 11 6 5 11 11 10 7 9 11 11 6 14 4 13 15 8 4 14 9 7 8 11 10 16 12 7 12 11 9 9 3 6 9 4 9 7 8 12 9 13 
1 2 0 1 0 1 0 0 0 0 1 3 1 1 1 0 1 2 2 1 2 0 1 0 0 0 1 2 2 0 1 3 2 0 1 1 0 2 1 2 1 2 1 2 0 0 2 1 2 0 
3 5 10 7 4 10 5 2 8 4 2 3 6 1 6 8 5 0 6 6 9 3 4 3 5 0 6 9 8 5 8 5 4 3 2 7 8 3 6 4 6 4 6 9 9 2 5 7 5 3 
6 6 8 3 7 4 10 10 8 11 4 9 12 14 11 9 5 8 14 9 5 6 9 7 12 6 12 11 10 8 10 11 9 11 9 7 9 7 10 7 6 12 7 10 9 14 5 12 14 9 
3 5 5 3 2 2 2 1 2 2 0 4 3 4 2 3 0 3 3 4 4 3 3 1 3 3 2 0 2 2 1 4 5 1 5 2 8 4 0 3 3 1 3 6 3 2 1 3 4 3 
7 10 17 7 8 9 5 13 9 7 4 8 12 3 7 8 8 12 2 10 8 8 9 10 8 13 8 7 5 8 7 7 6 11 4 7 8 6 7 11 7 5 3 7 10 7 6 11 8 8 
1 2 1 2 0 1 0 1 3 0 1 1 0 1 0 0 3 0 1 2 1 0 0 1 2 0 1 2 1 0 2 1 1 0 2 1 0 2 1 2 1 0 1 2 2 2 1 1 0 1 
9 6 12 5 13 10 4 11 10 6 7 7 3 5 20 9 9 5 10 10 7 11 6 7 5 7 11 8 6 8 12 9 7 9 9 1 12 7 6 11 8 4 11 7 13 8 6 8 7 6 
0 6 5 5 5 4 5 3 6 7 1 5 7 4 6 5 5 4 4 6 2 4 2 5 2 4 8 5 0 4 3 5 5 8 4 1 6 0 4 5 1 3 2 6 5 5 4 3 6 5 
9 5 9 6 2 9 9 9 8 5 9 8 10 11 8 4 8 9 10 7 8 6 5 11 4 9 8 8 6 11 14 7 9 12 6 13 9 14 7 9 3 13 6 15 4 10 6 6 6 10 
5 5 3 5 1 7 3 5 7 3 7 3 5 3 8 5 5 6 6 6 7 4 5 7 3 6 8 7 6 0 4 9 0 3 6 5 3 5 8 9 2 6 7 3 5 8 6 9 2 6 
10 2 9 5 8 4 12 5 11 6 5 8 7 5 8 10 5 5 7 13 9 5 12 5 10 7 10 9 8 4 1 12 8 7 7 9 9 13 8 8 3 5 6 13 13 8 12 4 11 6 
3 8 1 5 10 4 4 8 5 6 4 8 4 7 2 4 6 8 7 6 3 5 5 4 5 6 8 7 7 6 3 8 6 2 2 5 6 0 7 5 9 8 7 7 8 7 6 9 4 5 
11 8 8 5 5 10 8 5 3 0 7 6 8 8 6 6 4 7 9 3 2 9 5 7 5 10 6 11 1 5 7 6 4 5 5 2 6 5 4 5 8 4 6 5 4 6 8 5 3 9 
12 10 13 9 9 10 12 10 11 11 9 8 13 8 13 9 6 11 7 16 4 12 7 13 11 7 7 5 10 11 11 6 9 9 10 7 13 6 9 9 6 12 10 9 10 11 10 8 9 13 
8 14 5 8 10 10 4 13 13 13 12 10 10 13 10 12 13 1 8 11 7 9 10 13 12 2 8 8 14 17 8 6 13 9 8 5 10 15 13 14 12 9 8 10 7 5 8 9 10 12 
3 3 6 2 3 5 3 8 2 2 4 4 4 2 2 0 2 2 5 5 2 3 1 0 4 2 2 5 2 5 2 2 4 2 0 6 4 6 4 5 5 5 4 0 7 0 2 3 2 4 
0 1 2 0 1 1 0 1 1 1 1 1 1 2 2 1 0 2 2 2 2 2 1 2 1 1 3 1 1 1 2 0 3 1 0 1 0 0 1 0 0 1 1 2 0 1 0 0 1 0 
6 4 7 4 3 6 5 8 3 5 8 5 8 6 5 9 7 6 2 6 8 1 8 5 1 7 0 6 6 3 4 7 3 12 6 4 3 7 6 9 8 8 6 5 6 2 4 6 5 2 
3 4 5 3 4 2 2 1 6 11 5 5 6 6 3 2 4 7 7 6 9 3 7 4 6 4 6 2 5 3 1 4 4 5 3 2 2 6 6 5 4 7 4 7 5 7 6 4 7 8 
5 3 5 0 4 3 4 2 7 4 4 3 4 6 5 5 0 5 3 3 3 3 6 6 8 5 8 3 4 2 2 4 3 6 3 9 4 0 3 4 4 3 8 5 0 5 4 1 5 3 
10 11 5 10 12 11 7 9 14 5 9 6 7 7 9 12 11 12 7 15 5 7 5 10 8 6 7 11 11 13 8 9 7 10 8 14 7 14 12 13 4 7 6 11 13 9 11 7 9 6 
10 10 7 15 16 12 12 10 4 9 13 6 7 4 9 5 11 15 10 13 12 10 8 6 8 8 11 9 5 9 10 9 7 7 12 10 15 10 11 8 9 15 10 7 9 14 8 11 7 13 
5 6 3 4 6 4 4 1 4 0 4 5 5 6 3 2 5 7 2 3 2 5 4 6 4 5 1 8 2 4 2 7 6 6 5 2 6 4 3 3 5 6 3 4 3 6 8 8 7 8 
7 12 6 2 6 8 7 6 11 6 8 5 6 7 9 11 9 1 7 2 8 7 11 9 6 5 8 5 5 5 8 9 13 6 0 9 3 11 6 1 4 3 3 4 9 7 13 6 7 7 
5 3 5 1 3 1 4 4 4 3 5 5 5 1 4 5 4 7 1 7 4 6 3 1 6 2 2 2 2 0 3 2 3 2 4 2 2 3 5 3 3 0 4 4 4 4 4 5 3 2 
3 2 3 4 2 2 0 4 3 3 5 0 4 4 3 5 6 6 2 0 3 2 6 1 0 4 4 2 0 0 3 1 7 1 2 3 7 6 2 3 4 3 2 3 2 4 4 3 2 3 
5 5 11 7 4 11 10 8 12 6 11 3 7 9 2 8 8 8 5 9 5 8 5 13 9 9 6 8 9 9 8 3 6 3 7 11 7 9 11 6 11 4 8 6 8 5 9 13 9 10 
7 2 4 5 4 2 0 0 6 2 3 4 6 0 1 4 2 3 0 3 3 0 3 4 2 3 1 6 2 5 1 3 5 0 2 1 1 4 3 3 2 2 6 4 10 7 4 1 2 4 
3 5 5 4 5 5 5 5 3 2 6 6 5 5 8 6 6 7 4 6 2 6 4 3 5 4 2 5 6 1 5 4 4 2 4 6 2 5 5 6 6 4 9 4 3 3 4 6 9 5 
1 1 2 0 2 1 2 0 0 0 0 0 1 0 1 2 1 1 0 1 1 1 0 1 0 2 0 1 1 1 0 1 0 1 0 2 0 3 1 0 1 2 1 1 3 0 1 0 0 1 
DEPOT_SECTION
 1
 -1
EOF
