NAME  : Parada_40_3_0.95_1.00_3
TYPE : SVRP
MODEL : FINITE_SUPPORT
NUMBER_OF_SCENARIOS : 50
DIMENSION : 40
EDGE_WEIGHT_TYPE : MATRIX
CAPACITY : 79
N_VEHICLES : 3
NODE_COORD_SECTION
1 352940 233070
2 630030 150680
3 661700 18
4 540240 543440
5 276690 454440
6 162810 113720
7 208200 261090
8 368640 239680
9 509050 222850
10 190000 96979
11 367540 205940
12 237540 472970
13 584610 236960
14 455250 376620
15 347320 308040
16 287080 164910
17 574980 469440
18 465940 495820
19 335280 295450
20 527480 130560
21 535840 492330
22 147140 100790
23 738380 194970
24 230430 140190
25 220620 531790
26 139140 20429
27 545860 502380
28 176740 497410
29 496420 87199
30 617000 294480
31 324700 620360
32 390960 302370
33 181130 93955
34 271940 339270
35 541380 247590
36 556990 425490
37 218180 362880
38 250460 302160
39 116890 110020
40 27 94016
DEMAND_SECTION
1 0.0
2 4.0
3 9.0
4 4.0
5 7.0
6 1.0
7 10.0
8 1.0
9 2.0
10 6.0
11 2.0
12 4.0
13 7.0
14 8.0
15 10.0
16 6.0
17 10.0
18 9.0
19 5.0
20 6.0
21 9.0
22 9.0
23 4.0
24 2.0
25 5.0
26 6.0
27 7.0
28 9.0
29 9.0
30 2.0
31 6.0
32 4.0
33 2.0
34 4.0
35 10.0
36 2.0
37 7.0
38 6.0
39 6.0
40 6.0
DISTANCE_MATRIX
0.0 34.6554 54.6443 54.7449 46.143 44.6879 25.0799 26.7438 22.0227 40.671 17.0899 51.6822 25.0599 33.0238 17.9111 33.3199 57.3831 46.2139 18.0278 28.4605 51.8835 44.2976 48.7032 33.6943 58.3292 54.0337 49.9608 56.3067 24.0 32.8149 69.1095 19.6469 40.4615 14.0623 18.6011 52.9413 37.6652 30.5995 50.5475 66.8925 
34.6554 0.0 59.808 32.6497 60.0 77.6612 57.0139 59.1692 25.1794 73.6443 40.3113 64.1249 12.3693 63.4296 51.0392 66.2932 49.93 48.3839 49.7393 16.2788 44.2945 78.0104 46.5296 68.2221 73.1095 87.0058 43.382 74.0608 25.0 21.1896 75.2861 47.927 73.4348 47.4005 16.4012 37.4833 58.0747 53.4509 82.823 99.682 
54.6443 59.808 0.0 92.3093 99.9609 82.4924 77.4296 51.2445 70.1783 78.7718 70.9077 105.5 62.434 57.1221 52.3332 67.0037 104.928 98.5935 48.7276 43.8634 98.7835 78.2304 15.0333 71.3863 112.147 94.4299 97.6372 109.016 37.4433 75.1665 121.587 49.5942 79.9062 57.4296 57.2014 95.0158 91.007 83.7284 84.0952 96.3328 
54.7449 32.6497 92.3093 0.0 53.535 93.0884 67.0959 81.4828 34.1619 89.8951 52.0256 55.0091 32.1403 87.4255 72.6501 84.0431 27.074 34.0147 72.6911 48.4665 25.2982 95.7603 79.177 85.972 63.1585 99.01 26.0 67.1193 56.0446 22.561 57.4282 73.1095 89.2318 68.8013 39.0512 12.3693 58.7432 64.9157 98.4734 114.54 
46.143 60.0 99.9609 53.535 0.0 47.0106 25.4951 60.9576 35.1283 45.0999 29.0861 5.65685 48.0937 75.6916 60.3875 41.8561 32.45 20.5183 60.5387 65.0 29.6985 50.0899 93.1504 43.4166 13.6015 48.7647 28.3196 14.3178 65.5769 42.8509 25.0599 63.0686 44.0454 56.5387 48.0521 42.0119 11.4018 18.3576 52.0865 65.7343 
44.6879 77.6612 82.4924 93.0884 47.0106 0.0 26.8328 31.257 59.3872 4.47214 42.7562 51.0882 66.8815 50.0132 32.3883 23.0217 77.0808 64.4774 36.2215 71.3831 73.068 5.0 83.2166 13.0 52.3927 12.0 71.3757 45.8803 64.846 71.1574 69.8713 42.107 4.24264 44.6264 61.26 87.4043 36.2215 32.573 5.38516 22.0227 
25.0799 57.0139 77.4296 67.0959 25.4951 26.8328 0.0 36.1725 33.3947 23.4094 16.7637 30.8869 44.7916 51.0689 31.9317 17.0711 54.2497 41.6462 36.0 52.4694 50.2368 28.1603 73.2462 19.0 36.1248 33.9411 48.5445 32.0156 49.0408 45.1649 50.5371 38.53 22.8473 32.0 41.4898 61.4119 14.4222 7.28538 32.2025 48.5489 
26.7438 59.1692 51.2445 81.4828 60.9576 31.257 36.1725 0.0 48.6815 27.6586 43.4246 66.0974 51.264 20.6023 9.05539 20.8087 83.8082 72.554 9.43398 48.1041 78.3086 27.0185 52.9877 21.0238 70.2747 43.1856 76.3859 65.2238 39.6989 59.5546 85.7879 13.0384 28.8617 24.6815 44.3847 79.681 49.5819 43.2897 33.0151 46.8402 
22.0227 25.1794 70.1783 34.1619 35.1283 59.3872 33.3947 48.6815 0.0 57.693 17.6918 39.6232 13.0 55.0465 39.8489 50.3419 41.9615 29.6114 40.0 30.8707 35.8167 62.0591 60.4401 52.2708 48.5077 65.7007 34.6704 49.0 33.3017 12.2309 53.2456 41.4367 55.5307 36.0 13.8924 32.3573 33.3802 29.0861 64.7723 80.8388 
40.671 73.6443 78.7718 89.8951 45.0999 4.47214 23.4094 27.6586 57.693 0.0 39.563 49.4975 62.8646 46.0147 28.1603 18.6011 74.7827 62.1792 32.0624 66.9327 70.7698 5.0 79.1012 8.544 51.5461 16.1245 69.0776 45.31 60.407 67.9641 68.6586 38.0132 1.41421 40.176 57.2431 84.2111 34.0 29.6142 9.21954 26.1725 
17.0899 40.3113 70.9077 52.0256 29.0861 42.7562 16.7637 43.4246 17.6918 39.563 0.0 34.6253 28.178 49.8961 34.592 33.7109 48.3488 36.8118 34.7431 40.0 42.8492 45.4282 64.0974 35.6399 41.2723 49.0698 40.9265 39.2173 38.0789 29.8396 54.1448 37.2731 38.8997 30.7431 24.7386 52.9375 20.6155 14.0 48.1413 64.2078 
51.6822 64.1249 105.5 55.0091 5.65685 51.0882 30.8869 66.0974 39.6232 49.4975 34.6253 0.0 52.469 81.1158 65.8118 46.996 31.8277 21.095 65.9629 69.9214 30.2324 54.4518 97.6501 48.3839 9.0 51.788 29.1548 12.2066 70.553 44.1168 19.6977 68.4929 48.3735 61.9629 52.8867 43.0465 16.5529 23.8537 56.0089 68.884 
25.0599 12.3693 62.434 32.1403 48.0937 66.8815 44.7916 51.264 13.0 62.8646 28.178 52.469 0.0 56.3847 42.5444 55.5135 42.5466 39.8623 42.0595 19.8494 36.4018 67.2307 50.9902 57.4424 61.4003 76.226 35.2555 62.0 25.0599 12.8062 65.401 41.5933 62.6551 38.6956 7.07107 32.6497 45.7141 41.1096 72.0433 88.9023 
33.0238 63.4296 57.1221 87.4255 75.6916 50.0132 51.0689 20.6023 55.0465 46.0147 49.8961 81.1158 56.3847 0.0 19.2111 34.4722 90.2796 79.0254 15.6056 51.6989 84.78 46.2345 57.2769 38.3059 86.5725 62.01 82.8573 80.1201 43.1448 65.5678 101.916 16.4721 47.0571 31.1529 49.3631 85.6943 64.7327 57.4541 52.4475 67.0273 
17.9111 51.0392 52.3332 72.6501 60.3875 32.3883 31.9317 9.05539 39.8489 28.1603 34.592 65.8118 42.5444 19.2111 0.0 15.2643 74.9755 63.7213 4.12311 41.2311 69.4759 29.1204 51.0098 20.0 66.0339 44.2832 67.5532 60.983 33.6155 50.7219 86.6116 10.198 29.0689 15.8489 35.7771 70.8484 45.3411 42.15 35.4401 50.9902 
33.3199 66.2932 67.0037 84.0431 41.8561 23.0217 17.0711 20.8087 50.3419 18.6011 33.7109 46.996 55.5135 34.4722 15.2643 0.0 71.1968 58.5934 19.2354 61.7794 67.184 21.9317 64.3817 10.6301 51.1732 33.6155 65.4917 46.1223 56.7198 62.1121 66.6865 25.0799 18.868 23.0294 49.892 78.3591 30.4805 24.1883 27.6586 44.5982 
57.3831 49.93 104.928 27.074 32.45 77.0808 54.2497 83.8082 41.9615 74.7827 48.3488 31.8277 42.5466 90.2796 74.9755 71.1968 0.0 12.6491 75.1266 62.2575 6.7082 79.7812 93.5147 73.1101 38.6005 80.2309 8.544 43.8634 67.5041 29.7321 30.4138 76.4855 73.8236 71.1266 48.2328 15.0333 40.8534 47.0652 82.3107 96.8528 
46.2139 48.3839 98.5935 34.0147 20.5183 64.4774 41.6462 72.554 29.6114 62.1792 36.8118 21.095 39.8623 79.0254 63.7213 58.5934 12.6491 0.0 63.8724 60.477 9.21954 67.1777 89.6991 60.5066 29.1548 67.624 8.06226 33.2866 62.4963 27.2029 26.9258 65.834 61.2201 59.8724 43.4868 21.9545 28.2312 34.4617 69.7073 84.2494 
18.0278 49.7393 48.7276 72.6911 60.5387 36.2215 36.0 9.43398 40.0 32.0624 34.7431 65.9629 42.0595 15.6056 4.12311 19.2354 75.1266 63.8724 0.0 38.8973 69.627 32.7567 47.0425 24.0208 71.4195 48.1664 67.7043 65.0512 30.8058 50.7802 86.7627 6.08276 33.0151 16.0 35.1141 70.9066 49.5798 42.3011 39.0512 54.231 
28.4605 16.2788 43.8634 48.4665 65.0 71.3831 52.4694 48.1041 30.8707 66.9327 40.0 69.9214 19.8494 51.6989 41.2311 61.7794 62.2575 60.477 38.8973 0.0 56.1127 68.992 31.4006 58.3887 78.5875 82.4932 54.9664 78.1216 9.48683 32.5269 84.1112 35.609 67.5417 38.7567 17.088 51.614 60.208 54.0 75.242 91.586 
51.8835 44.2945 98.7835 25.2982 29.6985 73.068 50.2368 78.3086 35.8167 70.7698 42.8492 30.2324 36.4018 84.78 69.4759 67.184 6.7082 9.21954 69.627 56.1127 0.0 75.7683 87.3699 69.1129 38.0132 76.2193 2.0 42.4382 61.3593 23.6008 33.0151 70.9859 69.8107 65.627 42.088 13.0 36.8798 43.0523 78.2979 92.84 
44.2976 78.0104 78.2304 95.7603 50.0899 5.0 28.1603 27.0185 62.0591 5.0 45.4282 54.4518 67.2307 46.2345 29.1204 21.9317 79.7812 67.1777 32.7567 68.992 75.7683 0.0 79.5114 11.3137 56.3205 16.2788 74.0761 49.98 62.2415 73.8293 73.5459 38.4708 6.08276 42.2353 61.6092 89.0554 39.0 34.5254 6.32456 22.8035 
48.7032 46.5296 15.0333 79.177 93.1504 83.2166 73.2462 52.9877 60.4401 79.1012 64.0974 97.6501 50.9902 57.2769 51.0098 64.3817 93.5147 89.6991 47.0425 31.4006 87.3699 79.5114 0.0 71.007 105.337 95.1893 86.2236 103.314 27.2029 63.7809 113.159 41.1096 80.0562 53.676 46.7547 83.006 84.6728 79.1231 85.7244 99.6895 
33.6943 68.2221 71.3863 85.972 43.4166 13.0 19.0 21.0238 52.2708 8.544 35.6399 48.3839 57.4424 38.3059 20.0 10.6301 73.1101 60.5066 24.0208 58.3887 69.1129 11.3137 71.007 0.0 51.8845 24.5153 67.4207 46.3249 51.8652 64.041 68.0074 30.0666 9.21954 31.632 51.8209 80.288 32.0156 26.0768 17.2047 34.0588 
58.3292 73.1095 112.147 63.1585 13.6015 52.3927 36.1248 70.2747 48.5077 51.5461 41.2723 9.0 61.4003 86.5725 66.0339 51.1732 38.6005 29.1548 71.4195 78.5875 38.0132 56.3205 105.337 51.8845 0.0 51.0 37.1618 7.07107 79.0702 53.0883 18.0278 73.9495 50.2892 67.4195 61.6117 50.9902 21.9317 29.7321 56.8859 68.0294 
54.0337 87.0058 94.4299 99.01 48.7647 12.0 33.9411 43.1856 65.7007 16.1245 49.0698 51.788 76.226 62.01 44.2832 33.6155 80.2309 67.624 48.1664 82.4932 76.2193 16.2788 95.1893 24.5153 51.0 0.0 74.5271 44.0114 76.2488 77.4709 69.0072 54.0833 15.2971 56.0 70.6045 87.3944 39.3954 38.0132 11.1803 17.1172 
49.9608 43.382 97.6372 26.0 28.3196 71.3757 48.5445 76.3859 34.6704 69.0776 40.9265 29.1548 35.2555 82.8573 67.5532 65.4917 8.544 8.06226 67.7043 54.9664 2.0 74.0761 86.2236 67.4207 37.1618 74.5271 0.0 41.3401 60.213 22.4722 33.1361 69.0632 68.1185 63.7043 40.9417 13.8924 35.1876 41.3601 76.6056 91.1477 
56.3067 74.0608 109.016 67.1193 14.3178 45.8803 32.0156 65.2238 49.0 45.31 39.2173 12.2066 62.0 80.1201 60.983 46.1223 43.8634 33.2866 65.0512 78.1216 42.4382 49.98 103.314 46.3249 7.07107 44.0114 41.3401 0.0 77.201 57.1457 25.0799 70.1189 44.0114 63.5889 61.4254 55.2268 18.7883 26.4197 50.2195 61.0082 
24.0 25.0 37.4433 56.0446 65.5769 64.846 49.0408 39.6989 33.3017 60.407 38.0789 70.553 25.0599 43.1448 33.6155 56.7198 67.5041 62.4963 30.8058 9.48683 61.3593 62.2415 27.2029 51.8652 79.0702 76.2488 60.213 77.201 0.0 37.7359 85.9826 26.8701 61.0328 32.2488 19.8494 57.7062 58.6941 51.7944 68.542 84.534 
32.8149 21.1896 75.1665 22.561 42.8509 71.1574 45.1649 59.5546 12.2309 67.9641 29.8396 44.1168 12.8062 65.5678 50.7219 62.1121 29.7321 27.2029 50.7802 32.5269 23.6008 73.8293 63.7809 64.041 53.0883 77.4709 22.4722 57.1457 37.7359 0.0 54.1202 51.0098 67.3008 46.8731 18.3848 20.2485 44.7547 40.8228 76.5424 92.6089 
69.1095 75.2861 121.587 57.4282 25.0599 69.8713 50.5371 85.7879 53.2456 68.6586 54.1448 19.6977 65.401 101.916 86.6116 66.6865 30.4138 26.9258 86.7627 84.1112 33.0151 73.5459 113.159 68.0074 18.0278 69.0072 33.1361 25.0799 85.9826 54.1202 0.0 89.2927 67.4685 82.7627 67.121 45.1774 36.2491 43.4166 74.5453 86.0523 
19.6469 47.927 49.5942 73.1095 63.0686 42.107 38.53 13.0384 41.4367 38.0132 37.2731 68.4929 41.5933 16.4721 10.198 25.0799 76.4855 65.834 6.08276 35.609 70.9859 38.4708 41.1096 30.0666 73.9495 54.0833 69.0632 70.1189 26.8701 51.0098 89.2927 0.0 39.0 18.53 34.5254 71.5407 52.1097 44.8311 44.7214 59.4643 
40.4615 73.4348 79.9062 89.2318 44.0454 4.24264 22.8473 28.8617 55.5307 1.41421 38.8997 48.3735 62.6551 47.0571 29.0689 18.868 73.8236 61.2201 33.0151 67.5417 69.8107 6.08276 80.0562 9.21954 50.2892 15.2971 68.1185 44.0114 61.0328 67.3008 67.4685 39.0 0.0 40.7851 57.0336 83.5478 33.0151 28.8617 9.43398 26.2488 
14.0623 47.4005 57.4296 68.8013 56.5387 44.6264 32.0 24.6815 36.0 40.176 30.7431 61.9629 38.6956 31.1529 15.8489 23.0294 71.1266 59.8724 16.0 38.7567 65.627 42.2353 53.676 31.632 67.4195 56.0 63.7043 63.5889 32.2488 46.8731 82.7627 18.53 40.7851 0.0 31.9422 66.9995 45.5798 38.3011 48.4853 64.8303 
18.6011 16.4012 57.2014 39.0512 48.0521 61.26 41.4898 44.3847 13.8924 57.2431 24.7386 52.8867 7.07107 49.3631 35.7771 49.892 48.2328 43.4868 35.1141 17.088 42.088 61.6092 46.7547 51.8209 61.6117 70.6045 40.9417 61.4254 19.8494 18.3848 67.121 34.5254 57.0336 31.9422 0.0 38.6264 44.0114 38.4708 66.4218 83.2808 
52.9413 37.4833 95.0158 12.3693 42.0119 87.4043 61.4119 79.681 32.3573 84.2111 52.9375 43.0465 32.6497 85.6943 70.8484 78.3591 15.0333 21.9545 70.9066 51.614 13.0 89.0554 83.006 80.288 50.9902 87.3944 13.8924 55.2268 57.7062 20.2485 45.1774 71.5407 83.5478 66.9995 38.6264 0.0 48.0549 54.2274 92.7894 104.015 
37.6652 58.0747 91.007 58.7432 11.4018 36.2215 14.4222 49.5819 33.3802 34.0 20.6155 16.5529 45.7141 64.7327 45.3411 30.4805 40.8534 28.2312 49.5798 60.208 36.8798 39.0 84.6728 32.0156 21.9317 39.3954 35.1876 18.7883 58.6941 44.7547 36.2491 52.1097 33.0151 45.5798 44.0114 48.0549 0.0 7.81025 41.4367 55.9732 
30.5995 53.4509 83.7284 64.9157 18.3576 32.573 7.28538 43.2897 29.0861 29.6142 14.0 23.8537 41.1096 57.4541 42.15 24.1883 47.0652 34.4617 42.3011 54.0 43.0523 34.5254 79.1231 26.0768 29.7321 38.0132 41.3601 26.4197 51.7944 40.8228 43.4166 44.8311 28.8617 38.3011 38.4708 54.2274 7.81025 0.0 37.9473 53.6656 
50.5475 82.823 84.0952 98.4734 52.0865 5.38516 32.2025 33.0151 64.7723 9.21954 48.1413 56.0089 72.0433 52.4475 35.4401 27.6586 82.3107 69.7073 39.0512 75.242 78.2979 6.32456 85.7244 17.2047 56.8859 11.1803 76.6056 50.2195 68.542 76.5424 74.5453 44.7214 9.43398 48.4853 66.4218 92.7894 41.4367 37.9473 0.0 16.9706 
66.8925 99.682 96.3328 114.54 65.7343 22.0227 48.5489 46.8402 80.8388 26.1725 64.2078 68.884 88.9023 67.0273 50.9902 44.5982 96.8528 84.2494 54.231 91.586 92.84 22.8035 99.6895 34.0588 68.0294 17.1172 91.1477 61.0082 84.534 92.6089 86.0523 59.4643 26.2488 64.8303 83.2808 104.015 55.9732 53.6656 16.9706 0.0 
DEMAND_SCENARIO_SECTION
0 0 0 0 0 0 0 0 0 0 0 0 0 0 0 0 0 0 0 0 0 0 0 0 0 0 0 0 0 0 0 0 0 0 0 0 0 0 0 0 0 0 0 0 0 0 0 0 0 0 
5 4 6 5 4 5 4 2 5 3 3 5 4 5 1 3 7 3 3 4 1 6 2 6 5 2 3 8 7 6 5 3 2 7 7 4 0 4 4 3 4 1 7 5 5 7 5 2 2 3 
9 11 13 13 10 8 9 8 5 9 8 9 10 4 7 14 6 10 8 5 3 8 2 8 10 3 10 3 4 14 10 7 11 9 7 6 11 12 6 12 9 9 9 5 11 10 16 10 11 5 
2 0 4 2 3 2 5 3 5 8 5 6 3 2 5 2 4 3 0 0 4 2 2 5 0 6 1 7 1 4 3 6 2 3 1 8 1 2 5 4 3 4 3 6 3 4 5 5 7 6 
7 12 1 3 6 9 9 5 9 12 9 6 9 10 10 5 5 9 5 3 5 10 8 7 7 10 5 6 9 4 9 6 11 4 10 6 8 7 11 6 7 9 5 7 5 11 10 10 8 4 
0 4 2 0 2 1 1 1 0 3 1 1 2 1 0 1 1 0 1 0 0 1 1 1 1 0 0 2 0 2 1 0 0 1 0 0 2 1 0 0 0 1 2 2 0 0 4 2 0 0 
19 13 12 4 9 8 2 10 14 6 17 6 10 11 11 5 7 16 9 15 10 7 13 11 15 12 7 12 12 6 8 12 12 11 9 7 11 6 10 9 14 11 9 6 11 18 8 7 11 5 
1 0 0 0 2 0 1 0 3 0 0 2 0 2 0 4 0 0 2 1 3 2 2 0 0 0 0 1 1 1 1 2 1 1 1 0 1 0 1 2 2 0 1 1 2 1 0 1 1 2 
3 3 1 1 2 2 2 1 3 3 2 1 2 1 1 0 0 2 3 0 4 1 5 2 4 3 1 1 2 2 1 0 4 4 2 2 1 1 0 4 0 2 3 0 1 2 2 3 0 1 
10 2 7 5 4 4 5 9 8 6 0 13 3 7 6 9 6 9 6 6 7 11 5 6 6 7 9 8 6 0 8 8 3 4 7 6 0 4 8 6 3 3 7 6 5 4 6 8 9 9 
3 3 3 3 2 1 3 1 2 0 1 1 4 2 2 2 2 2 2 1 1 2 1 1 2 2 3 2 1 2 0 2 3 5 2 4 4 5 4 0 3 1 2 3 2 1 1 3 4 0 
1 2 5 4 8 2 5 5 1 4 3 3 2 4 8 3 6 4 5 3 5 3 8 5 5 0 2 7 6 3 2 0 3 4 8 2 3 4 6 1 4 3 1 5 2 5 1 4 4 6 
6 7 4 2 6 7 7 12 12 4 3 3 6 5 5 5 6 8 10 7 5 5 7 12 5 5 5 7 8 5 7 11 4 9 10 6 11 2 7 6 9 7 7 5 9 10 7 12 5 8 
5 5 12 4 3 10 9 11 7 10 9 8 3 8 9 11 10 10 11 8 8 10 11 10 10 5 8 4 9 6 8 11 6 5 8 9 12 9 6 3 7 3 5 11 7 7 7 8 12 13 
8 13 5 7 13 11 4 9 7 14 4 10 6 16 4 8 8 11 10 7 10 14 8 7 12 5 9 15 6 7 17 17 12 10 14 7 9 11 10 14 11 14 9 8 6 8 14 5 13 12 
5 6 3 2 6 6 5 7 5 4 9 7 5 4 8 5 7 10 5 8 6 3 7 3 7 12 7 3 6 8 9 7 4 5 10 10 10 5 10 3 7 11 6 3 8 7 7 8 6 4 
14 9 10 13 7 7 9 14 10 7 14 11 11 7 13 3 5 13 12 18 9 9 10 11 3 16 8 8 10 9 7 13 4 14 13 14 12 11 7 6 7 12 15 12 11 13 10 10 11 10 
9 7 1 8 9 14 16 5 11 4 2 7 7 8 8 10 6 14 12 11 11 9 8 8 10 13 9 10 9 7 10 14 8 4 11 6 6 12 10 6 10 7 16 11 7 8 6 13 10 4 
6 5 1 6 5 5 6 8 5 4 6 2 4 6 8 7 2 6 5 0 5 1 5 4 2 7 5 3 4 5 2 11 5 6 3 6 7 10 5 5 3 9 8 6 3 6 8 3 8 0 
6 7 8 4 5 9 10 8 8 5 9 6 7 7 8 2 7 6 3 4 4 7 10 4 7 5 9 4 0 6 10 9 3 6 8 5 9 5 4 6 6 7 3 7 8 7 10 6 13 7 
8 12 7 9 13 16 4 3 8 11 7 13 3 10 7 12 8 7 11 3 10 8 13 6 14 13 10 4 8 9 11 10 9 6 9 12 8 9 15 9 14 5 14 6 9 9 7 8 7 13 
7 7 4 9 7 5 6 6 11 13 13 11 9 10 4 10 11 7 8 10 8 8 10 13 8 10 13 9 6 7 10 11 7 10 11 7 12 6 8 11 8 12 4 8 9 5 10 3 9 10 
5 3 3 4 2 2 2 6 2 6 5 7 3 5 3 2 4 9 5 6 5 4 6 2 8 7 4 4 5 1 5 2 1 3 5 5 4 7 5 1 1 7 4 0 1 2 4 6 4 5 
2 5 3 1 2 1 2 2 2 2 1 3 2 4 1 2 2 1 1 2 2 4 3 1 3 0 2 2 2 2 2 1 4 1 3 1 1 1 3 1 0 2 2 2 4 1 0 3 2 2 
5 3 7 6 9 5 6 5 7 5 4 1 7 6 7 6 3 2 5 4 1 2 3 6 5 4 5 6 6 4 3 6 7 4 4 3 4 5 2 5 5 3 6 3 1 3 3 1 4 5 
8 7 8 3 7 4 5 4 7 10 6 6 9 3 8 2 6 4 3 6 8 9 3 6 4 7 6 5 6 8 4 6 6 6 7 8 7 5 8 2 9 5 8 4 6 4 3 8 6 9 
5 6 8 7 9 7 12 10 7 10 8 8 10 7 6 8 10 8 5 10 8 7 6 5 8 6 5 10 6 11 2 6 11 6 8 6 9 10 9 9 5 6 7 6 4 7 8 1 7 12 
3 10 3 11 8 9 11 10 7 10 15 11 15 8 7 8 5 10 11 9 11 5 12 8 10 8 8 6 9 5 9 6 5 14 6 9 7 10 6 9 12 12 10 9 6 7 2 6 12 12 
14 3 11 13 6 9 11 6 10 12 8 6 9 7 11 9 12 8 7 3 8 12 9 7 8 12 7 6 2 9 7 12 5 10 11 8 8 10 8 4 7 8 7 5 6 9 8 12 6 8 
4 4 4 2 2 1 1 4 1 1 2 0 3 5 2 1 4 2 6 4 2 4 0 0 4 3 0 6 0 5 3 1 1 3 1 0 1 1 5 3 1 3 2 3 0 3 2 2 0 4 
15 9 5 7 10 4 8 7 9 5 7 8 5 5 0 8 2 4 1 9 0 4 8 5 8 1 4 6 8 4 9 10 6 5 6 8 2 5 4 7 8 6 6 2 9 5 6 7 3 5 
6 1 1 4 7 6 6 4 6 3 3 4 4 3 4 7 5 0 2 6 1 9 6 1 3 4 7 8 9 6 2 2 5 6 3 3 2 5 7 3 5 4 4 4 3 5 3 6 7 3 
5 1 2 2 2 0 1 1 2 3 4 0 1 1 1 0 1 4 1 0 0 2 3 2 1 2 2 2 1 1 2 0 2 1 2 4 3 2 1 2 2 2 2 1 1 3 3 3 3 6 
4 3 3 2 4 6 4 3 4 8 3 2 5 5 5 3 6 5 4 5 4 3 3 2 5 6 3 6 7 4 3 5 5 2 7 6 4 4 4 0 4 1 7 7 6 3 2 3 6 7 
14 5 8 1 7 3 8 15 6 10 6 7 12 11 4 9 16 14 14 10 13 14 11 12 7 7 10 17 7 8 9 9 12 11 8 6 8 15 12 9 7 11 7 10 5 15 15 12 14 5 
3 1 4 2 1 3 4 3 1 2 3 6 0 4 1 3 3 2 1 0 2 3 2 0 1 0 2 1 0 1 3 2 3 4 1 2 1 1 2 1 2 2 0 2 0 2 3 3 2 2 
12 8 2 9 11 8 7 8 10 4 9 10 6 4 8 4 5 10 5 8 7 9 3 0 5 6 8 7 11 7 6 10 9 7 4 12 10 6 5 8 9 11 8 12 5 9 7 10 7 7 
10 6 12 4 9 9 5 5 7 5 6 6 8 8 4 8 4 7 6 3 7 4 12 6 4 4 8 3 6 11 6 5 5 4 7 6 4 10 6 2 0 6 0 8 6 10 5 6 5 5 
7 6 10 5 3 7 7 4 7 8 5 7 7 5 10 5 3 7 6 4 7 8 2 4 7 4 5 5 6 0 10 9 9 10 4 7 7 9 7 5 9 7 7 5 6 6 9 6 11 9 
4 2 7 5 3 8 7 7 7 7 9 0 6 4 4 5 10 9 7 4 2 1 3 8 5 6 5 6 6 3 5 5 5 10 7 8 6 8 7 6 10 9 6 4 8 6 2 8 7 8 
DEPOT_SECTION
 1
 -1
EOF
