NAME  : Parada_40_3_0.95_1.00_1
TYPE : SVRP
MODEL : FINITE_SUPPORT
NUMBER_OF_SCENARIOS : 50
DIMENSION : 40
EDGE_WEIGHT_TYPE : MATRIX
CAPACITY : 80
N_VEHICLES : 3
NODE_COORD_SECTION
1 207320 338100
2 218820 138180
3 414950 304990
4 260100 496800
5 471350 498390
6 27 617780
7 91254 231870
8 330190 572620
9 448280 254720
10 313260 220860
11 170400 179100
12 304420 271290
13 395970 249350
14 643420 357530
15 317400 650980
16 532870 231090
17 501920 428590
18 106490 306710
19 216230 416080
20 212400 155360
21 133190 113630
22 604070 171980
23 625400 225090
24 461720 32727
25 466100 313340
26 609590 135740
27 413110 347980
28 323660 575810
29 146150 339790
30 587430 284060
31 358770 588420
32 360530 52494
33 302210 18
34 257200 603610
35 246780 418880
36 561680 270870
37 217150 360050
38 506900 339820
39 297770 310990
40 197160 386580
DEMAND_SECTION
1 0.0
2 10.0
3 10.0
4 8.0
5 2.0
6 10.0
7 1.0
8 9.0
9 6.0
10 6.0
11 5.0
12 5.0
13 9.0
14 2.0
15 10.0
16 7.0
17 4.0
18 9.0
19 2.0
20 9.0
21 9.0
22 5.0
23 2.0
24 3.0
25 4.0
26 3.0
27 4.0
28 9.0
29 8.0
30 1.0
31 1.0
32 4.0
33 10.0
34 10.0
35 3.0
36 6.0
37 4.0
38 2.0
39 9.0
40 7.0
DISTANCE_MATRIX
0.0 46.4866 35.8077 25.08 36.6742 76.5684 28.4253 61.7072 33.885 17.4721 40.1622 34.1706 27.8993 53.9494 46.4159 37.923 32.1403 27.2947 11.4018 49.98 35.0571 52.2738 49.2494 71.8401 44.9371 55.4623 39.2835 61.0584 13.0384 36.0949 50.5311 65.7951 56.6392 62.2405 14.2127 35.617 3.60555 48.9183 39.8275 7.28011 
46.4866 0.0 74.5581 46.6905 63.3476 69.4622 22.2036 39.0512 72.6354 58.3095 6.32456 67.7422 66.6497 85.2048 49.0408 80.7478 68.3142 20.2485 41.3401 3.60555 50.1597 90.2483 84.6729 32.311 78.4504 94.8154 78.0256 38.833 33.9559 76.1566 40.2492 20.0 23.0868 31.9061 44.1332 79.0696 44.3847 84.5878 72.3671 40.7185 
35.8077 74.5581 0.0 69.8824 58.3017 104.851 52.8605 94.4985 9.89949 19.6473 68.5242 17.4642 8.06226 55.3624 76.8671 24.0832 49.0918 58.4776 46.8919 77.6531 38.2099 43.0116 44.4072 93.2309 7.07107 43.4166 5.65685 93.8496 42.2075 32.573 81.0388 91.8197 77.6209 95.5304 49.9366 28.8617 39.1458 11.4018 20.2237 42.1512 
25.08 46.6905 69.8824 0.0 18.4447 53.2059 38.3275 47.5592 60.1467 42.071 41.2311 58.7695 52.4981 40.2196 23.0533 55.5474 26.0773 27.4591 14.0416 50.2096 56.0075 54.1486 47.2694 77.666 65.4979 59.1372 75.4928 46.6587 26.0192 44.3216 27.1686 66.4882 64.4127 54.776 16.5137 50.0948 21.4756 69.4791 64.4263 18.4447 
36.6742 63.3476 58.3017 18.4447 0.0 48.4665 56.6226 48.1283 48.566 49.7423 58.1109 68.2481 55.4376 22.4722 23.3452 40.8167 10.7703 44.8869 29.0689 66.857 71.5681 38.0526 31.0161 94.7552 53.7401 43.0465 63.9121 47.2278 43.1856 30.4138 27.9181 83.1331 82.047 60.9619 25.0799 34.4819 34.2345 56.8507 73.8259 34.0 
76.5684 69.4622 104.851 53.2059 48.4665 0.0 78.3813 31.0161 95.1157 93.5594 68.4471 110.258 103.987 66.7533 31.1127 89.0 59.2368 63.52 65.53 71.1758 104.101 85.3756 78.339 99.0808 100.467 90.2441 110.462 31.0 73.8133 78.7909 42.0119 81.3941 92.5419 42.9535 68.0022 82.7647 72.964 104.151 115.915 69.8508 
28.4253 22.2036 52.8605 38.3275 56.6226 78.3813 0.0 51.4004 50.9378 37.108 16.7631 45.5412 44.9521 71.6938 50.636 61.2358 55.9017 14.8661 28.178 25.02 29.4109 75.5866 71.5715 43.4166 56.7528 78.7751 56.2228 50.8035 15.5563 59.4077 39.2046 39.0512 28.2843 49.2037 31.7805 58.9297 27.5862 62.8902 50.2195 25.0 
61.7072 39.0512 94.4985 47.5592 48.1283 31.0161 51.4004 0.0 91.6937 77.9383 39.0 91.0967 86.5901 70.4046 24.7992 87.0944 57.6243 37.5376 51.7072 40.4475 79.9516 85.6956 78.8164 68.0661 97.0449 90.6843 97.9743 1.0 52.6382 75.8686 31.5529 50.4876 61.9839 13.6015 54.1794 79.6441 58.2943 101.026 96.4957 54.4273 
33.885 72.6354 9.89949 60.1467 48.566 95.1157 50.9378 91.6937 0.0 17.7246 66.6015 23.0 8.06226 46.8722 67.1314 17.72 39.4462 56.5549 48.1051 75.7304 39.1152 36.8782 37.0135 91.4796 8.0 38.2753 15.5563 90.7933 40.2848 24.1868 71.3032 89.8969 75.8429 104.347 45.2884 21.0 42.924 14.1421 27.2947 45.9304 
17.4721 58.3095 19.6473 42.071 49.7423 93.5594 37.108 77.9383 17.7246 0.0 52.1536 18.5453 11.7389 53.0 63.4068 34.9938 42.45 41.3038 28.5563 61.5224 28.6356 53.7719 52.9596 78.7147 23.5396 55.6013 23.1231 77.2894 25.0799 39.4784 66.7985 76.1577 63.0635 77.8845 31.6011 37.108 20.8102 29.677 24.1231 23.8167 
40.1622 6.32456 68.5242 41.2311 58.1109 68.4471 16.7631 39.0 66.6015 52.1536 0.0 62.1691 60.6158 78.2548 45.7056 74.4509 62.2537 14.2127 35.2278 9.84886 45.6508 84.1879 78.6124 36.7151 72.4165 88.7549 72.0 38.6264 27.6586 70.0961 36.0555 26.0768 25.318 33.9706 38.0727 73.0092 38.0789 78.5539 66.9403 34.4384 
34.1706 67.7422 17.4642 58.7695 68.2481 110.258 45.5412 91.0967 23.0 18.5453 62.1691 0.0 15.0333 69.5845 80.1053 40.3113 60.9947 54.231 45.2548 70.4557 23.2594 59.5399 60.0083 81.4923 24.3516 60.4152 16.2788 90.4479 38.4708 47.0956 83.3075 83.0241 66.2873 91.7878 48.2996 44.0 37.4833 28.6531 5.65685 40.3609 
27.8993 66.6497 8.06226 52.4981 55.4376 103.987 44.9521 86.5901 8.06226 11.7389 60.6158 15.0333 0.0 54.5894 73.834 25.7099 46.3227 50.5692 38.9835 69.7447 32.0156 44.911 45.0444 85.4927 12.0416 46.1736 12.3693 85.9412 34.2991 32.0624 77.2257 83.9113 69.857 87.622 42.0282 29.0172 31.2374 18.0278 19.6469 34.2428 
53.9494 85.2048 55.3624 40.2196 22.4722 66.7533 71.6938 70.4046 46.8722 53.0 78.2548 69.5845 54.5894 0.0 45.607 32.2025 16.2788 64.0707 43.566 88.7142 79.9062 19.7231 13.4536 113.422 49.0408 24.1661 60.407 69.5041 56.7979 22.8035 51.376 104.99 99.2985 83.404 40.2244 26.5707 45.5144 49.6488 74.1485 46.9574 
46.4159 49.0408 76.8671 23.0533 23.3452 31.1127 50.636 24.7992 67.1314 63.4068 45.7056 80.1053 73.834 45.607 0.0 61.1808 33.0 36.1248 35.3775 51.9011 77.0194 61.0328 54.0833 81.2862 72.4826 66.0303 82.4775 23.8987 46.2449 51.3063 11.7047 66.864 71.0211 37.4524 37.8496 55.0818 42.8114 76.4638 85.7622 39.6982 
37.923 80.7478 24.0832 55.5474 40.8167 89.0 61.2358 87.0944 17.72 34.9938 74.4509 40.3113 25.7099 32.2025 61.1808 0.0 30.2324 61.2025 43.5058 84.1461 56.4246 19.2354 20.3961 104.479 17.2627 20.6155 28.6356 86.1939 46.7926 10.6301 66.7038 99.5796 89.0567 99.7476 40.6891 6.40312 41.2612 17.4929 44.0114 43.0191 
32.1403 68.3142 49.0918 26.0773 10.7703 59.2368 55.9017 57.6243 39.4462 42.45 62.2537 60.9947 46.3227 16.2788 33.0 30.2324 0.0 48.0696 27.7308 74.5719 67.0075 28.0713 21.2132 97.4208 44.0454 33.0606 54.6443 56.7238 41.4367 19.7231 37.2337 90.848 83.2974 70.2775 24.1868 23.8537 30.5941 46.6905 65.948 31.6228 
27.2947 20.2485 58.4776 27.4591 44.8869 63.52 14.8661 37.5376 56.5549 41.3038 14.2127 54.231 50.5692 64.0707 36.1248 61.2025 48.0696 0.0 21.095 23.8537 42.45 70.0037 64.4283 50.2195 62.37 74.5708 61.9535 36.8888 16.2788 55.912 25.02 40.2244 37.1618 37.5766 23.8886 58.8251 24.7386 73.4462 59.5063 20.8806 
11.4018 41.3401 46.8919 14.0416 29.0689 65.53 28.178 51.7072 48.1051 28.5563 35.2278 45.2548 38.9835 43.566 35.3775 43.5058 27.7308 21.095 0.0 44.9444 43.4166 49.2319 43.6564 70.0928 53.4563 53.7989 50.3677 51.0584 14.1421 35.1402 39.4927 61.2944 55.8032 52.8054 4.0 38.0532 7.81025 57.4375 50.9117 5.38516 
49.98 3.60555 77.6531 50.2096 66.857 71.1758 25.02 40.4475 75.7304 61.5224 9.84886 70.4557 69.7447 88.7142 51.9011 84.1461 74.5719 23.8537 44.9444 0.0 52.2015 93.8539 88.2784 29.4109 81.5454 98.4209 81.0987 40.3113 37.3631 79.7622 43.4166 16.4012 21.587 32.2025 47.7388 82.6752 47.927 87.6828 74.9667 44.2832 
35.0571 50.1597 38.2099 56.0075 71.5681 104.101 29.4109 79.9516 39.1152 28.6356 45.6508 23.2594 32.0156 79.9062 77.0194 56.4246 67.0075 42.45 43.4166 52.2015 0.0 75.2026 73.4337 58.8558 43.9318 77.032 38.833 79.3027 30.8707 59.8847 63.5385 62.514 44.1022 78.6003 47.2969 59.1154 37.3363 49.4975 25.7099 38.0789 
52.2738 90.2483 43.0116 54.1486 38.0526 85.3756 75.5866 85.6956 36.8782 53.7719 84.1879 59.5399 44.911 19.7231 61.0328 19.2354 28.0713 70.0037 49.2319 93.8539 75.2026 0.0 7.07107 119.317 36.0 5.0 47.0956 84.7952 61.1433 16.2788 65.305 110.228 103.407 98.3488 46.4152 17.0 55.6119 34.5254 63.1269 52.3271 
49.2494 84.6729 44.4072 47.2694 31.0161 78.339 71.5715 78.8164 37.0135 52.9596 78.6124 60.0083 45.0444 13.4536 54.0833 20.3961 21.2132 64.4283 43.6564 88.2784 73.4337 7.07107 0.0 113.742 37.6563 12.0416 49.0306 77.916 56.5937 13.6015 58.4259 104.652 99.4282 91.4697 40.8397 16.0312 45.3086 37.3363 64.0703 46.7517 
71.8401 32.311 93.2309 77.666 94.7552 99.0808 43.4166 68.0661 91.4796 78.7147 36.7151 81.4923 85.4927 113.422 81.2862 104.479 97.4208 50.2195 70.0928 29.4109 58.8558 119.317 113.742 0.0 97.2946 122.018 95.5196 68.1175 58.8982 102.651 72.4983 18.4391 15.6525 57.2189 73.2399 102.173 70.8378 103.432 84.5281 67.897 
44.9371 78.4504 7.07107 65.4979 53.7401 100.467 56.7528 97.0449 8.0 23.5396 72.4165 24.3516 12.0416 49.0408 72.4826 17.2627 44.0454 62.37 53.4563 81.5454 43.9318 36.0 37.6563 97.2946 0.0 36.3456 11.4018 96.1444 46.0998 26.4008 76.6543 95.712 81.658 109.698 50.6396 22.4722 48.2752 6.32456 27.2947 51.2816 
55.4623 94.8154 43.4166 59.1372 43.0465 90.2441 78.7751 90.6843 38.2753 55.6013 88.7549 60.4152 46.1736 24.1661 66.0303 20.6155 33.0606 74.5708 53.7989 98.4209 77.032 5.0 12.0416 122.018 36.3456 0.0 47.0425 89.7838 64.3319 20.0 70.2937 114.795 106.596 103.337 50.9822 19.8494 58.8004 34.0147 63.6396 56.8942 
39.2835 78.0256 5.65685 75.4928 63.9121 110.462 56.2228 97.9743 15.5563 23.1231 72.0 16.2788 12.3693 60.407 82.4775 28.6356 54.6443 61.9535 50.3677 81.0987 38.833 47.0956 49.0306 95.5196 11.4018 47.0425 0.0 97.3255 45.6833 37.6962 88.6099 95.0368 80.0062 99.0062 53.4125 33.8378 42.6216 13.3417 17.4642 45.6271 
61.0584 38.833 93.8496 46.6587 47.2278 31.0 50.8035 1.0 90.7933 77.2894 38.6264 90.4479 85.9412 69.5041 23.8987 86.1939 56.7238 36.8888 51.0584 40.3113 79.3027 84.7952 77.916 68.1175 96.1444 89.7838 97.3255 0.0 51.9894 74.9682 30.6525 50.636 61.8142 14.2127 53.5305 78.7437 57.6454 100.126 95.8468 53.7784 
13.0384 33.9559 42.2075 26.0192 43.1856 73.8133 15.5563 52.6382 40.2848 25.0799 27.6586 38.4708 34.2991 56.7979 46.2449 46.7926 41.4367 16.2788 14.1421 37.3631 30.8707 61.1433 56.5937 58.8982 46.0998 64.3319 45.6833 51.9894 0.0 44.9644 33.2471 52.9245 43.8406 53.4883 18.1108 44.4865 12.0416 52.2372 43.909 9.84886 
36.0949 76.1566 32.573 44.3216 30.4138 78.7909 59.4077 75.8686 24.1868 39.4784 70.0961 47.0956 32.0624 22.8035 51.3063 10.6301 19.7231 55.912 35.1402 79.7622 59.8847 16.2788 13.6015 102.651 26.4008 20.0 37.6962 74.9682 44.9644 0.0 55.4781 96.1361 87.2285 88.5219 32.3234 4.24264 39.433 27.8029 51.4782 38.2354 
50.5311 40.2492 81.0388 27.1686 27.9181 42.0119 39.2046 31.5529 71.3032 66.7985 36.0555 83.3075 77.2257 51.376 11.7047 66.7038 37.2337 25.02 39.4927 43.4166 63.5385 65.305 58.4259 72.4983 76.6543 70.2937 88.6099 30.6525 33.2471 55.4781 0.0 58.8218 61.131 44.2062 41.9649 61.2512 46.9267 80.6356 88.9445 43.8135 
65.7951 20.0 91.8197 66.4882 83.1331 81.3941 39.0512 50.4876 89.8969 76.1577 26.0768 83.0241 83.9113 104.99 66.864 99.5796 90.848 40.2244 61.2944 16.4012 62.514 110.228 104.652 18.4391 95.712 114.795 95.0368 50.636 52.9245 96.1361 58.8218 0.0 21.095 39.0128 64.1127 99.0492 63.9531 101.849 87.023 60.4152 
56.6392 23.0868 77.6209 64.4127 82.047 92.5419 28.2843 61.9839 75.8429 63.0635 25.318 66.2873 69.857 99.2985 71.0211 89.0567 83.2974 37.1618 55.8032 21.587 44.1022 103.407 99.4282 15.6525 81.658 106.596 80.0062 61.8142 43.8406 87.2285 61.131 21.095 0.0 53.4883 59.1164 86.7506 55.8659 87.7953 69.5845 53.1507 
62.2405 31.9061 95.5304 54.776 60.9619 42.9535 49.2037 13.6015 104.347 77.8845 33.9706 91.7878 87.622 83.404 37.4524 99.7476 70.2775 37.5766 52.8054 32.2025 78.6003 98.3488 91.4697 57.2189 109.698 103.337 99.0062 14.2127 53.4883 88.5219 44.2062 39.0128 53.4883 0.0 55.2775 94.295 58.9976 113.679 97.0824 55.0267 
14.2127 44.1332 49.9366 16.5137 25.0799 68.0022 31.7805 54.1794 45.2884 31.6011 38.0727 48.2996 42.0282 40.2244 37.8496 40.6891 24.1868 23.8886 4.0 47.7388 47.2969 46.4152 40.8397 73.2399 50.6396 50.9822 53.4125 53.5305 18.1108 32.3234 41.9649 64.1127 59.1164 55.2775 0.0 35.2365 10.8167 54.6208 53.9564 9.21954 
35.617 79.0696 28.8617 50.0948 34.4819 82.7647 58.9297 79.6441 21.0 37.108 73.0092 44.0 29.0172 26.5707 55.0818 6.40312 23.8537 58.8251 38.0532 82.6752 59.1154 17.0 16.0312 102.173 22.4722 19.8494 33.8378 78.7437 44.4865 4.24264 61.2512 99.0492 86.7506 94.295 35.2365 0.0 38.9551 23.6008 48.1664 41.1484 
3.60555 44.3847 39.1458 21.4756 34.2345 72.964 27.5862 58.2943 42.924 20.8102 38.0789 37.4833 31.2374 45.5144 42.8114 41.2612 30.5941 24.7386 7.81025 47.927 37.3363 55.6119 45.3086 70.8378 48.2752 58.8004 42.6216 57.6454 12.0416 39.433 46.9267 63.9531 55.8659 58.9976 10.8167 38.9551 0.0 52.2564 43.1393 4.0 
48.9183 84.5878 11.4018 69.4791 56.8507 104.151 62.8902 101.026 14.1421 29.677 78.5539 28.6531 18.0278 49.6488 76.4638 17.4929 46.6905 73.4462 57.4375 87.6828 49.4975 34.5254 37.3363 103.432 6.32456 34.0147 13.3417 100.126 52.2372 27.8029 80.6356 101.849 87.7953 113.679 54.6208 23.6008 52.2564 0.0 30.6757 55.2628 
39.8275 72.3671 20.2237 64.4263 73.8259 115.915 50.2195 96.4957 27.2947 24.1231 66.9403 5.65685 19.6469 74.1485 85.7622 44.0114 65.948 59.5063 50.9117 74.9667 25.7099 63.1269 64.0703 84.5281 27.2947 63.6396 17.4642 95.8468 43.909 51.4782 88.9445 87.023 69.5845 97.0824 53.9564 48.1664 43.1393 30.6757 0.0 46.0109 
7.28011 40.7185 42.1512 18.4447 34.0 69.8508 25.0 54.4273 45.9304 23.8167 34.4384 40.3609 34.2428 46.9574 39.6982 43.0191 31.6228 20.8806 5.38516 44.2832 38.0789 52.3271 46.7517 67.897 51.2816 56.8942 45.6271 53.7784 9.84886 38.2354 43.8135 60.4152 53.1507 55.0267 9.21954 41.1484 4.0 55.2628 46.0109 0.0 
DEMAND_SCENARIO_SECTION
0 0 0 0 0 0 0 0 0 0 0 0 0 0 0 0 0 0 0 0 0 0 0 0 0 0 0 0 0 0 0 0 0 0 0 0 0 0 0 0 0 0 0 0 0 0 0 0 0 0 
8 9 11 9 7 7 7 9 17 6 13 13 12 16 11 8 12 12 9 12 11 11 8 16 11 17 12 9 7 13 9 12 10 9 12 12 15 12 9 10 11 16 11 11 7 10 8 14 7 8 
8 8 8 6 13 7 10 15 9 5 15 10 13 16 13 11 8 7 9 13 9 6 9 6 12 8 10 9 8 6 15 10 11 10 14 9 12 10 12 6 2 11 10 14 14 8 7 11 11 9 
2 5 0 8 7 7 12 9 7 2 9 6 4 8 11 5 8 6 9 5 3 6 6 7 10 10 1 8 12 9 6 5 8 10 8 4 7 9 6 9 7 13 8 8 6 7 6 7 7 12 
4 3 3 4 2 0 3 1 0 2 2 4 2 0 3 0 4 1 2 1 3 2 3 1 1 2 1 2 1 2 0 2 0 4 4 4 1 2 4 1 0 1 2 1 0 4 1 4 0 4 
6 12 12 6 11 11 12 10 11 7 7 8 7 9 12 8 12 8 8 8 10 13 7 14 9 7 6 7 14 11 4 13 10 6 9 8 10 12 14 14 9 12 11 9 5 9 7 8 11 19 
1 2 1 1 0 1 2 1 2 0 0 1 0 0 0 1 1 1 2 2 1 2 1 1 2 0 1 2 1 1 3 2 2 1 3 1 1 2 2 0 2 2 1 1 1 0 1 2 3 2 
7 15 8 7 10 10 9 4 6 10 10 10 11 10 5 14 4 9 10 11 9 10 13 2 6 7 8 7 6 3 10 14 9 4 13 3 14 8 10 12 12 13 9 6 1 3 11 9 7 15 
4 0 6 5 5 5 6 5 4 6 9 3 5 7 2 10 4 5 6 6 6 5 6 6 7 4 1 9 4 9 6 7 6 8 6 5 5 1 4 8 5 10 4 9 2 5 8 1 12 6 
4 7 6 8 5 5 8 6 6 7 10 6 7 4 7 8 5 4 8 1 3 5 4 12 11 3 8 10 4 9 8 9 4 2 7 4 8 6 7 6 8 6 6 3 6 6 8 1 10 9 
6 6 6 2 0 8 7 5 6 6 3 5 6 3 5 5 7 9 2 4 2 6 2 8 5 4 6 5 3 4 5 5 10 4 4 7 3 4 1 6 2 2 6 2 0 6 4 3 6 3 
2 3 3 3 2 3 5 8 0 4 9 0 9 3 8 4 6 4 3 8 2 9 7 3 7 4 6 5 5 7 6 7 2 5 4 4 6 3 9 4 4 8 7 6 9 5 6 4 2 3 
8 6 8 8 3 8 8 10 7 8 6 14 5 12 7 11 8 9 11 7 7 8 12 11 9 13 7 16 9 9 9 11 8 10 4 10 10 10 2 12 8 11 10 14 12 12 9 12 6 10 
3 3 1 2 5 0 2 1 0 1 3 2 1 1 0 1 2 4 1 4 2 1 0 2 1 4 2 4 0 3 2 1 2 5 3 2 2 3 4 2 4 3 1 4 2 2 0 3 3 5 
10 11 7 9 6 10 8 7 15 8 6 8 15 5 8 9 9 6 13 7 16 13 9 7 10 7 11 10 13 8 9 12 13 10 7 8 7 3 8 13 10 8 12 10 6 13 4 6 7 8 
10 6 10 8 8 10 6 4 7 10 8 9 10 9 3 7 3 11 5 9 8 10 5 11 12 7 14 6 4 6 4 5 10 7 9 12 3 5 9 7 8 9 7 6 2 5 4 5 7 3 
5 3 6 1 2 3 0 4 3 3 1 3 5 5 1 5 6 4 4 2 5 6 5 4 1 6 2 6 4 2 6 1 0 4 2 4 7 8 3 3 3 4 5 3 6 3 2 4 4 3 
10 5 7 11 8 11 7 10 7 5 7 7 10 4 10 9 9 0 8 3 9 9 11 13 9 7 11 9 9 7 15 6 7 8 12 12 4 13 3 8 11 9 10 5 11 8 13 11 7 16 
1 2 3 0 4 0 3 0 1 4 3 2 0 1 1 3 2 5 2 2 1 0 0 0 3 0 0 4 1 1 3 2 3 2 1 4 2 2 5 4 3 0 4 2 1 0 2 2 1 1 
7 5 10 15 12 10 10 9 6 10 5 12 10 12 9 7 7 4 10 6 11 13 5 7 15 5 7 11 8 14 5 13 6 7 11 14 12 14 12 5 10 8 13 10 9 4 9 9 10 17 
11 7 4 7 7 10 9 6 9 11 10 7 7 8 9 1 11 5 6 11 9 9 9 10 9 9 7 12 6 11 7 8 11 6 14 5 13 7 10 9 10 12 11 8 11 5 12 10 5 6 
5 5 7 7 4 10 8 4 6 5 4 6 5 8 5 7 6 3 4 3 4 3 8 5 2 4 6 5 6 5 6 1 4 4 3 3 7 5 11 4 5 8 8 7 4 8 1 7 3 6 
2 2 3 1 3 2 3 2 3 5 1 3 1 3 2 4 1 1 0 4 3 2 2 0 3 1 5 1 0 2 3 0 3 1 2 3 4 2 1 3 1 3 4 0 2 3 2 2 0 1 
0 2 4 5 3 3 3 4 6 4 4 0 3 4 4 1 2 2 3 4 6 1 3 3 2 2 2 1 3 1 4 4 1 3 1 2 5 5 1 6 4 4 4 2 1 3 1 2 2 4 
4 4 3 4 3 0 4 5 5 5 2 0 3 6 3 1 1 2 5 0 5 1 2 5 6 5 6 2 3 5 5 7 6 4 4 3 7 6 6 2 4 4 4 4 1 3 5 4 7 0 
1 4 0 1 3 5 3 3 6 4 6 0 3 4 4 5 3 6 2 5 4 5 6 2 6 4 5 2 1 1 7 2 7 4 6 7 2 4 1 4 0 2 2 3 3 3 2 5 5 5 
3 3 1 5 3 6 5 4 4 4 10 4 5 3 7 5 4 4 6 4 7 1 2 6 2 4 3 5 5 7 5 5 6 3 4 4 3 3 3 6 5 3 1 3 1 2 3 1 4 3 
9 7 16 13 1 5 9 8 7 10 4 11 10 7 9 8 10 7 6 11 14 2 12 10 5 11 9 13 10 10 9 13 12 12 9 9 12 11 9 9 11 14 10 8 9 10 14 13 3 9 
5 8 8 5 12 14 8 8 2 7 11 12 8 11 10 9 5 8 8 4 12 6 7 6 8 10 3 6 8 11 4 11 7 16 8 5 7 11 7 5 9 10 10 8 7 7 8 11 7 9 
0 0 0 0 3 3 1 3 2 2 2 1 0 0 1 0 0 0 0 2 1 0 0 1 0 1 2 0 0 4 1 1 2 0 1 2 1 3 0 0 1 1 0 0 1 1 2 0 1 1 
2 1 0 2 0 2 2 2 0 3 0 1 2 0 3 1 0 0 1 1 1 1 0 2 2 3 1 1 0 2 1 1 1 0 1 0 2 1 2 2 0 1 1 0 1 2 1 1 1 1 
5 1 8 1 5 6 6 6 5 2 5 9 6 3 8 3 6 0 4 5 2 3 7 5 4 6 5 2 1 3 5 4 5 2 7 9 9 6 4 7 4 6 4 5 7 6 4 3 7 4 
12 14 7 15 3 3 10 20 15 7 12 9 5 10 9 13 5 10 4 6 11 8 13 6 7 14 12 9 9 12 13 7 7 13 11 17 12 10 12 9 8 8 18 11 11 13 9 4 11 10 
2 6 10 14 5 6 14 12 14 10 8 8 10 13 10 11 12 12 11 4 12 7 10 2 12 8 10 7 6 10 13 9 10 12 15 8 10 12 12 9 10 12 10 8 4 4 7 9 12 7 
5 5 2 3 2 1 3 2 2 3 2 2 4 3 2 6 4 4 2 3 4 3 6 3 4 2 5 1 1 3 1 0 5 4 4 1 1 4 4 3 2 4 5 5 2 3 5 5 2 1 
4 7 9 10 7 8 7 5 5 9 4 4 12 6 7 2 6 3 1 9 2 9 1 7 4 9 7 10 11 7 3 5 6 5 5 7 4 10 8 6 4 4 6 4 7 2 4 6 5 9 
3 2 5 6 4 5 6 4 2 7 4 7 0 4 4 3 3 4 6 0 3 3 7 3 5 4 5 2 4 4 3 5 3 2 3 5 10 0 5 6 5 6 5 5 4 3 2 1 3 2 
0 0 0 3 1 2 0 1 4 2 1 5 3 1 1 0 4 0 4 1 0 3 5 0 3 3 1 0 1 2 2 0 4 0 4 2 3 2 3 2 1 3 0 1 0 1 2 1 0 0 
8 12 10 9 11 6 12 18 10 10 6 7 9 11 11 11 6 7 5 15 14 8 10 4 11 8 3 6 11 6 7 10 9 13 11 10 10 4 12 7 18 12 8 10 9 14 9 7 13 7 
9 6 8 6 3 9 6 7 6 6 9 7 10 10 6 5 5 7 6 8 8 9 11 6 5 10 9 9 6 7 6 10 2 4 7 2 2 3 7 7 10 2 7 1 1 7 8 10 11 1 
DEPOT_SECTION
 1
 -1
EOF
