NAME  : Parada_40_3_0.95_1.00_5
TYPE : SVRP
MODEL : FINITE_SUPPORT
NUMBER_OF_SCENARIOS : 50
DIMENSION : 40
EDGE_WEIGHT_TYPE : MATRIX
CAPACITY : 84
N_VEHICLES : 3
NODE_COORD_SECTION
1 213290 322570
2 532360 434660
3 165290 104200
4 448160 379270
5 726220 217140
6 341000 171250
7 485520 304310
8 333280 316610
9 204100 199740
10 531500 332220
11 261170 18
12 172940 268600
13 393920 303780
14 247220 71393
15 396570 622670
16 400770 158470
17 300670 295570
18 27 366160
19 199380 366230
20 491630 441870
21 454500 367200
22 228850 30136
23 456290 402470
24 301230 401770
25 217670 336690
26 459290 354920
27 638600 303160
28 406670 407010
29 437060 310750
30 497900 312690
31 519240 363150
32 359300 170050
33 253560 336450
34 249630 388200
35 535440 558620
36 344590 520810
37 509190 564480
38 484830 606740
39 163230 182950
40 297340 363220
DEMAND_SECTION
1 0.0
2 9.0
3 8.0
4 9.0
5 3.0
6 3.0
7 10.0
8 3.0
9 8.0
10 7.0
11 9.0
12 2.0
13 4.0
14 3.0
15 10.0
16 4.0
17 6.0
18 9.0
19 9.0
20 4.0
21 9.0
22 3.0
23 7.0
24 1.0
25 6.0
26 8.0
27 10.0
28 8.0
29 10.0
30 2.0
31 1.0
32 4.0
33 4.0
34 8.0
35 7.0
36 9.0
37 9.0
38 9.0
39 2.0
40 5.0
DISTANCE_MATRIX
0.0 35.7771 35.8118 37.3363 66.5345 28.2419 33.2415 12.083 27.0294 31.6228 40.1959 11.6619 30.0167 35.513 52.053 35.6203 19.2195 60.4911 36.3456 42.0595 35.2278 33.6875 28.0 18.6815 2.0 36.0555 53.5019 23.0868 41.1096 31.0483 32.5576 29.1549 32.0669 32.5648 45.1238 37.8241 49.2504 58.6003 26.2489 24.3523 
35.7771 0.0 71.3516 12.083 78.0916 52.0865 25.0 23.7065 55.2268 34.5254 76.4597 46.0435 45.31 71.1969 30.6757 54.1479 36.0139 96.0309 58.5918 36.3456 12.3693 70.5312 16.4924 27.074 36.7151 14.5602 75.505 16.6433 21.0238 24.0832 38.833 49.2544 42.7387 38.486 15.0 26.2493 18.2483 53.1601 54.4965 33.2197 
35.8118 71.3516 0.0 63.0707 77.4196 41.699 52.8867 47.708 14.1421 45.2769 21.9545 25.5959 34.1321 11.7047 86.7642 47.2741 53.8764 31.7648 27.2947 56.0803 60.8431 19.105 52.7867 53.3632 34.6702 60.7052 58.9759 49.9495 63.2599 51.2451 43.0116 42.6254 63.0247 67.7198 80.9196 72.5353 85.0461 67.082 11.7047 59.0091 
37.3363 12.083 63.0707 0.0 87.4196 57.5587 14.8661 26.0 51.614 25.4951 76.9025 45.5412 38.0132 71.1688 42.72 60.8769 42.72 94.5828 52.0096 25.0 2.23607 70.4082 10.2956 34.5398 37.6563 3.16228 83.1685 14.3178 8.94427 14.7648 29.9666 54.3328 50.8194 49.1935 26.4764 38.1622 29.0689 41.2311 51.4096 41.6187 
66.5345 78.0916 77.4196 87.4196 0.0 41.6293 91.4385 66.4831 89.3113 93.4345 63.0079 71.2137 94.6512 70.3491 59.3043 34.4384 47.3814 89.56 98.7278 102.552 86.1216 60.208 82.6196 53.4135 68.4953 87.994 20.6155 77.4661 94.8927 89.2749 95.3281 44.7214 36.6197 39.8246 71.9059 59.0605 73.9797 120.216 88.5309 45.8039 
28.2419 52.0865 41.699 57.5587 41.6293 0.0 61.3931 32.2095 49.8525 59.5448 30.8058 31.0877 55.4035 34.7231 53.2666 7.28011 16.4924 57.7362 59.269 70.2141 55.7315 25.0599 49.8743 25.4951 29.0689 57.0738 28.4253 44.4966 63.1651 59.1805 59.9428 3.60555 21.4009 26.1725 55.0626 39.1152 58.8727 86.3073 49.072 22.8254 
33.2415 25.0 52.8867 14.8661 91.4385 61.3931 0.0 25.2389 40.3113 10.8167 70.0643 38.0132 24.0416 62.8589 54.9181 61.3865 44.4072 84.1546 38.1838 12.083 13.3417 64.0 9.84886 38.1838 32.7567 11.7047 84.1792 14.2127 10.8167 2.23607 15.2643 62.3062 55.1543 53.6303 40.0 49.8397 43.1045 30.0167 41.2352 45.9674 
12.083 23.7065 47.708 26.0 66.4831 32.2095 25.2389 0.0 34.1661 27.4591 52.2202 22.6716 31.257 47.5079 48.6377 36.2491 19.2094 72.3874 41.4367 36.0694 24.0208 45.7118 17.72 14.3178 13.0384 25.1794 59.0339 12.3693 31.0483 23.0217 29.9666 28.9538 30.8058 29.9666 33.6409 34.4088 37.7674 53.8145 33.3856 21.9545 
27.0294 55.2268 14.1421 51.614 89.3113 49.8525 40.3113 34.1661 0.0 31.7805 35.4683 19.8995 20.025 25.7099 78.9007 56.3804 46.0192 43.9659 14.8661 42.2966 49.4065 31.7393 41.4005 45.2278 25.0333 49.0918 75.1125 38.8973 50.9902 38.9102 29.1548 50.7655 58.8665 59.3645 67.1678 64.6717 71.2944 52.9528 6.7082 51.152 
31.6228 34.5254 45.2769 25.4951 93.4345 59.5448 10.8167 27.4591 31.7805 0.0 64.2806 32.9848 13.6015 56.0089 63.5497 62.5255 46.0977 75.6902 27.6586 11.1803 23.7697 58.6941 18.1108 41.6773 30.5287 22.3607 84.8048 20.2237 21.2132 10.7703 4.47214 60.4578 58.2495 57.3214 49.366 58.4516 52.7731 27.0185 34.0147 49.3964 
40.1959 76.4597 21.9545 76.9025 63.0079 30.8058 70.0643 52.2202 35.4683 64.2806 0.0 32.0624 54.8626 10.6301 83.6025 35.7771 46.2758 27.5136 49.2443 75.4255 74.7329 6.7082 67.082 55.0385 39.3094 75.3127 43.1856 62.5859 79.511 68.1175 62.8564 31.7859 52.2015 56.8803 84.3272 69.4124 88.4538 88.0886 30.9441 53.0278 
11.6619 46.0435 25.5959 45.5412 71.2137 31.0877 38.0132 22.6716 19.8995 32.9848 32.0624 0.0 26.4008 25.632 63.091 37.6155 30.6155 50.2752 29.316 44.1475 43.3244 26.0192 35.4401 30.1024 10.0 43.6807 56.3477 31.3847 47.5184 36.0555 32.311 32.0007 43.4628 43.9608 56.263 48.862 60.3896 58.6003 19.119 35.7483 
30.0167 45.31 34.1321 38.0132 94.6512 55.4035 24.0416 31.257 20.025 13.6015 54.8626 26.4008 0.0 45.5412 73.0145 61.9313 47.3363 63.1506 14.1421 22.8035 36.0555 50.5992 29.0689 45.1221 28.3019 35.0 80.7615 29.1204 34.7131 23.4307 9.84886 56.3165 60.1664 60.4401 59.4811 65.0978 63.2456 33.2415 24.0416 52.2015 
35.513 71.1969 11.7047 71.1688 70.3491 34.7231 62.8589 47.5079 25.7099 56.0089 10.6301 25.632 45.5412 0.0 87.466 40.2982 49.9621 25.4951 38.9102 67.0075 68.9493 10.198 61.0328 53.0531 34.4819 69.2604 51.4198 57.0088 72.7935 61.0388 54.0833 35.6495 56.0488 60.7438 80.6095 73.276 84.7361 78.6448 22.0 56.8914 
52.053 30.6757 86.7642 42.72 59.3043 53.2666 54.9181 48.6377 78.9007 63.5497 83.6025 63.091 73.0145 87.466 0.0 51.6293 38.2843 110.479 85.5695 66.7083 43.0116 77.8512 45.5599 34.3216 54.0362 45.2217 65.5134 43.9333 51.6236 53.6868 67.6394 52.0119 34.0416 28.6815 17.2047 14.2426 17.0294 83.8153 78.1202 30.6155 
35.6203 54.1479 47.2741 60.8769 34.4384 7.28011 61.3865 36.2491 56.3804 62.5255 35.7771 37.6155 61.9313 40.2982 51.6293 0.0 18.2483 63.1585 65.7968 71.854 59.203 30.6757 53.8516 27.074 35.5967 60.7289 22.8254 48.4665 67.0671 59.1574 64.4139 10.2956 18.0278 23.3238 55.109 37.6962 58.6941 89.3372 55.5999 22.3607 
19.2195 36.0139 53.8764 42.72 47.3814 16.4924 44.4072 19.2094 46.0192 46.0977 46.2758 30.6155 47.3363 49.9621 38.2843 18.2483 0.0 72.9752 55.0999 55.2268 41.1096 40.3472 36.2353 9.05539 21.1803 42.72 40.4969 30.8869 49.2443 42.2019 48.0104 14.3178 13.3417 15.1327 38.9668 24.0416 42.7783 72.8354 45.2388 8.06226 
60.4911 96.0309 31.7648 94.5828 89.56 57.7362 84.1546 72.3874 43.9659 75.6902 27.5136 50.2752 63.1506 25.4951 110.479 63.1585 72.9752 0.0 52.0384 85.9069 92.3552 32.6497 84.2989 78.0147 59.3495 92.2174 69.1809 81.6599 94.7048 82.6378 72.7805 58.6627 79.0619 83.757 105.571 96.2891 109.698 94.0479 43.382 79.9045 
36.3456 58.5918 27.2947 52.0096 98.7278 59.269 38.1838 41.4367 14.8661 27.6586 49.2443 29.316 14.1421 38.9102 85.5695 65.7968 55.0999 52.0384 0.0 35.7771 50.0 45.8794 42.72 54.0 34.3657 49.0408 84.529 42.0476 48.8365 37.5366 23.6008 60.182 67.9472 68.4451 72.2357 73.655 76.1577 42.0119 21.4009 60.208 
42.0595 36.3456 56.0803 25.0 102.552 70.2141 12.083 36.0694 42.2966 11.1803 75.4255 44.1475 22.8035 67.0075 66.7083 71.854 55.2268 85.9069 35.7771 0.0 24.0832 69.8713 21.9317 49.679 41.1461 22.0227 94.6468 26.0768 17.4642 13.8924 13.1529 71.1271 66.6033 65.2174 51.2445 61.6132 54.037 18.0278 45.0111 57.4891 
35.2278 12.3693 60.8431 2.23607 86.1216 55.7315 13.3417 24.0208 49.4065 23.7697 74.7329 43.3244 36.0555 68.9493 43.0116 59.203 41.1096 92.3552 50.0 24.0832 0.0 68.2496 8.06226 33.1059 35.5106 2.23607 81.5966 12.1655 9.21954 13.0 28.2312 52.4816 49.5214 47.8955 27.1662 38.1368 30.0 40.8044 49.182 40.3207 
33.6875 70.5312 19.105 70.4082 60.208 25.0599 64.0 45.7118 31.7393 58.6941 6.7082 26.0192 50.5992 10.198 77.8512 30.6757 40.3472 32.6497 45.8794 69.8713 68.2496 0.0 60.6712 49.11 32.801 68.884 41.2311 56.0906 73.2462 62.0081 57.4891 26.0347 46.4339 51.129 78.3986 63.6611 82.5252 83.3522 27.1743 47.2766 
28.0 16.4924 52.7867 10.2956 82.6196 49.8743 9.84886 17.72 41.4005 18.1108 67.082 35.4401 29.0689 61.0328 45.5599 53.8516 36.2353 84.2989 42.72 21.9317 8.06226 60.6712 0.0 29.2062 28.0713 8.24621 76.5572 5.38516 13.3417 8.24621 22.3607 46.6186 46.0977 44.482 31.257 40.4618 34.7131 39.8246 41.1257 36.8782 
18.6815 27.074 53.3632 34.5398 53.4135 25.4951 38.1838 14.3178 45.2278 41.6773 55.0385 30.1024 45.1221 53.0531 34.3216 27.074 9.05539 78.0147 54.0 49.679 33.1059 49.11 29.2062 0.0 20.6155 34.8855 48.7647 24.0832 41.6773 36.0694 44.2832 23.0868 16.9706 15.6525 34.8366 20.0926 38.6482 67.624 44.4474 7.81025 
2.0 36.7151 34.6702 37.6563 68.4953 29.0689 32.7567 13.0384 25.0333 30.5287 39.3094 10.0 28.3019 34.4819 54.0362 35.5967 21.1803 59.3495 34.3657 41.1461 35.5106 32.801 28.0713 20.6155 0.0 36.2215 54.3289 23.3452 41.0122 30.5941 31.241 29.9819 34.0277 34.5256 46.4204 39.8073 50.547 57.4282 24.2528 26.3131 
36.0555 14.5602 60.7052 3.16228 87.994 57.0738 11.7047 25.1794 49.0918 22.3607 75.3127 43.6807 35.0 69.2604 45.2217 60.7289 42.72 92.2174 49.0408 22.0227 2.23607 68.884 8.24621 34.8855 36.2215 0.0 83.2166 13.0 7.07107 11.6619 26.8328 53.8181 51.3938 49.7679 29.2746 40.3708 32.0156 38.6005 49.0442 42.1931 
53.5019 75.505 58.9759 83.1685 20.6155 28.4253 84.1792 59.0339 75.1125 84.8048 43.1856 56.3477 80.7615 51.4198 65.5134 22.8254 40.4969 69.1809 84.529 94.6468 81.5966 41.2311 76.5572 48.7647 54.3289 83.2166 0.0 71.1758 89.6939 81.9502 85.2029 32.0156 35.0143 40.0125 74.0 55.0818 77.0584 111.567 74.332 42.5793 
23.0868 16.6433 49.9495 14.3178 77.4661 44.4966 14.2127 12.3693 38.8973 20.2237 62.5859 31.3847 29.1204 57.0088 43.9333 48.4665 30.8869 81.6599 42.0476 26.0768 12.1655 56.0906 5.38516 24.0832 23.3452 13.0 71.1758 0.0 18.6815 12.2066 24.0208 41.2409 41.0366 39.4646 30.3645 38.8352 34.176 44.1022 38.2884 31.8277 
41.1096 21.0238 63.2599 8.94427 94.8927 63.1651 10.8167 31.0483 50.9902 21.2132 79.511 47.5184 34.7131 72.7935 51.6236 67.0671 49.2443 94.7048 48.8365 17.4642 9.21954 73.2462 13.3417 41.6773 41.0122 7.07107 89.6939 18.6815 0.0 12.083 25.4951 59.9094 58.2925 56.6666 35.171 47.0922 37.4833 32.5576 51.5988 49.0918 
31.0483 24.0832 51.2451 14.7648 89.2749 59.1805 2.23607 23.0217 38.9102 10.7703 68.1175 36.0555 23.4307 61.0388 53.6868 59.1574 42.2019 82.6378 37.5366 13.8924 13.0 62.0081 8.24621 36.0694 30.5941 11.6619 81.9502 12.2066 12.083 0.0 15.2315 60.0935 53.0377 51.5412 39.0512 48.5887 42.2966 31.9061 39.584 43.8634 
32.5576 38.833 43.0116 29.9666 95.3281 59.9428 15.2643 29.9666 29.1548 4.47214 62.8564 32.311 9.84886 54.0833 67.6394 64.4139 48.0104 72.7805 23.6008 13.1529 28.2312 57.4891 22.3607 44.2832 31.241 26.8328 85.2029 24.0208 25.4951 15.2315 0.0 60.8559 60.5392 59.9333 53.6004 62.5412 57.0701 26.4197 32.1403 51.8845 
29.1549 49.2544 42.6254 54.3328 44.7214 3.60555 62.3062 28.9538 50.7655 60.4578 31.7859 32.0007 56.3165 35.6495 52.0119 10.2956 14.3178 58.6627 60.182 71.1271 52.4816 26.0347 46.6186 23.0868 29.9819 53.8181 32.0156 41.2409 59.9094 60.0935 60.8559 0.0 21.4709 25.807 53.1899 37.8021 57.0014 87.2204 49.9851 21.4009 
32.0669 42.7387 63.0247 50.8194 36.6197 21.4009 55.1543 30.8058 58.8665 58.2495 52.2015 43.4628 60.1664 56.0488 34.0416 18.0278 13.3417 79.0619 67.9472 66.6033 49.5214 46.4339 46.0977 16.9706 34.0277 51.3938 35.0143 41.0366 58.2925 53.0377 60.5392 21.4709 0.0 5.38516 39.0128 20.3961 42.19 84.5044 58.0861 9.21954 
32.5648 38.486 67.7198 49.1935 39.8246 26.1725 53.6303 29.9666 59.3645 57.3214 56.8803 43.9608 60.4401 60.7438 28.6815 23.3238 15.1327 83.757 68.4451 65.2174 47.8955 51.129 44.482 15.6525 34.5256 49.7679 40.0125 39.4646 56.6666 51.5412 59.9333 25.807 5.38516 0.0 34.0147 15.1327 37.054 83.1873 58.584 8.24621 
45.1238 15.0 80.9196 26.4764 71.9059 55.0626 40.0 33.6409 67.1678 49.366 84.3272 56.263 59.4811 80.6095 17.2047 55.109 38.9668 105.571 72.2357 51.2445 27.1662 78.3986 31.257 34.8366 46.4204 29.2746 74.0 30.3645 35.171 39.0512 53.6004 53.1899 39.0128 34.0147 0.0 19.2354 4.24264 67.6831 66.3873 32.7567 
37.8241 26.2493 72.5353 38.1622 59.0605 39.1152 49.8397 34.4088 64.6717 58.4516 69.4124 48.862 65.0978 73.276 14.2426 37.6962 24.0416 96.2891 73.655 61.6132 38.1368 63.6611 40.4618 20.0926 39.8073 40.3708 55.0818 38.8352 47.0922 48.5887 62.5412 37.8021 20.3961 15.1327 19.2354 0.0 22.0 78.846 63.8913 16.4012 
49.2504 18.2483 85.0461 29.0689 73.9797 58.8727 43.1045 37.7674 71.2944 52.7731 88.4538 60.3896 63.2456 84.7361 17.0294 58.6941 42.7783 109.698 76.1577 54.037 30.0 82.5252 34.7131 38.6482 50.547 32.0156 77.0584 34.176 37.4833 42.2966 57.0701 57.0014 42.19 37.054 4.24264 22.0 0.0 70.0357 70.5139 36.4005 
58.6003 53.1601 67.082 41.2311 120.216 86.3073 30.0167 53.8145 52.9528 27.0185 88.0886 58.6003 33.2415 78.6448 83.8153 89.3372 72.8354 94.0479 42.0119 18.0278 40.8044 83.3522 39.8246 67.624 57.4282 38.6005 111.567 44.1022 32.5576 31.9061 26.4197 87.2204 84.5044 83.1873 67.6831 78.846 70.0357 0.0 57.28 75.4321 
26.2489 54.4965 11.7047 51.4096 88.5309 49.072 41.2352 33.3856 6.7082 34.0147 30.9441 19.119 24.0416 22.0 78.1202 55.5999 45.2388 43.382 21.4009 45.0111 49.182 27.1743 41.1257 44.4474 24.2528 49.0442 74.332 38.2884 51.5988 39.584 32.1403 49.9851 58.0861 58.584 66.3873 63.8913 70.5139 57.28 0.0 50.3715 
24.3523 33.2197 59.0091 41.6187 45.8039 22.8254 45.9674 21.9545 51.152 49.3964 53.0278 35.7483 52.2015 56.8914 30.6155 22.3607 8.06226 79.9045 60.208 57.4891 40.3207 47.2766 36.8782 7.81025 26.3131 42.1931 42.5793 31.8277 49.0918 43.8634 51.8845 21.4009 9.21954 8.24621 32.7567 16.4012 36.4005 75.4321 50.3715 0.0 
DEMAND_SCENARIO_SECTION
0 0 0 0 0 0 0 0 0 0 0 0 0 0 0 0 0 0 0 0 0 0 0 0 0 0 0 0 0 0 0 0 0 0 0 0 0 0 0 0 0 0 0 0 0 0 0 0 0 0 
9 10 13 6 11 13 8 8 11 10 14 9 11 2 10 8 9 9 11 9 9 9 16 14 9 9 7 10 6 11 8 8 14 2 10 10 7 6 9 9 12 10 5 7 8 5 12 10 8 10 
13 4 8 8 10 15 9 10 11 7 7 8 6 1 10 12 7 7 4 10 8 14 6 12 9 12 4 10 2 12 6 11 5 10 9 11 7 5 12 6 10 6 6 6 10 9 3 4 9 12 
10 11 4 7 5 9 7 13 9 5 11 6 10 8 8 15 10 6 10 6 9 7 10 11 16 9 10 5 11 10 10 9 9 10 7 9 17 11 3 9 12 4 5 9 9 10 3 7 14 7 
2 3 2 6 4 2 1 3 5 1 4 4 1 3 5 1 0 4 2 5 4 5 3 1 4 2 8 3 5 0 4 0 3 6 1 5 6 5 0 3 5 2 2 0 6 7 3 1 4 2 
2 3 1 3 3 4 0 3 3 3 1 3 2 2 3 2 4 1 2 3 2 5 5 5 1 7 0 3 1 4 1 3 3 4 4 2 1 3 4 1 0 3 4 2 6 3 2 3 3 1 
8 9 12 5 5 8 12 11 10 11 10 14 12 9 5 6 7 12 11 9 12 11 7 8 15 13 15 10 14 11 12 9 7 10 11 10 11 7 9 5 11 7 9 7 8 8 5 11 11 16 
5 1 0 4 4 5 4 4 5 1 3 0 1 1 2 3 6 6 1 1 3 1 3 0 5 3 3 4 6 3 1 0 3 3 1 4 2 4 1 4 5 6 7 2 7 1 3 7 2 3 
9 9 6 6 3 16 10 15 7 9 4 9 5 8 7 9 7 11 4 8 9 8 9 9 7 9 7 7 5 12 12 7 9 5 7 9 5 9 12 5 12 12 7 7 6 7 8 6 8 10 
10 3 11 8 8 8 8 6 10 5 7 4 10 8 10 6 8 8 3 7 10 1 10 5 8 2 4 4 10 11 5 9 8 10 3 4 5 10 9 5 7 8 5 7 6 14 8 9 6 6 
16 9 7 9 9 7 10 7 12 10 11 2 10 8 13 7 7 11 9 4 11 12 11 8 13 12 7 7 13 6 6 11 7 9 7 10 10 7 8 8 8 8 7 8 8 10 8 6 8 11 
1 0 4 1 4 2 2 1 1 3 1 3 0 1 2 0 1 0 1 2 5 4 2 3 2 5 3 3 1 1 3 3 3 2 3 0 1 4 1 2 1 2 2 4 2 4 1 4 0 4 
5 5 6 6 6 7 3 7 3 0 7 2 5 5 2 7 3 4 0 4 5 6 5 3 6 4 7 4 5 8 5 3 2 2 9 9 4 1 3 2 2 5 5 1 4 2 7 4 2 0 
2 2 4 4 7 3 1 4 3 2 6 4 6 1 3 2 2 4 3 2 0 1 3 0 6 0 0 4 4 0 2 4 5 4 7 2 4 6 4 3 5 5 6 3 1 2 6 4 5 4 
9 7 12 10 7 8 5 7 10 6 11 13 13 15 12 12 6 11 12 11 9 11 7 9 5 11 10 7 14 12 8 7 10 4 8 12 5 13 4 7 9 14 13 11 13 12 12 9 10 9 
9 7 7 4 4 0 2 6 2 8 6 1 6 3 6 4 3 3 5 4 6 1 6 2 4 2 4 6 3 6 9 7 5 2 2 4 3 4 5 4 5 1 3 5 6 4 6 2 2 4 
5 12 7 8 6 6 9 6 8 4 5 6 8 2 6 6 7 4 4 7 6 3 8 6 8 3 8 2 7 5 9 10 4 10 5 3 10 5 6 8 6 5 5 5 7 5 8 4 6 6 
13 10 6 11 10 12 5 8 9 8 12 11 7 3 4 8 5 7 5 14 6 12 6 5 12 16 8 14 7 9 6 9 8 9 4 2 11 8 9 7 16 6 8 6 15 14 8 5 11 8 
4 4 10 6 7 9 16 4 13 10 8 10 8 9 8 15 8 8 5 13 5 8 15 3 7 6 8 9 8 8 9 12 9 5 11 5 11 8 9 10 9 6 7 6 10 8 6 13 5 12 
2 2 5 2 6 4 3 5 3 4 4 4 3 7 3 5 5 0 4 5 4 7 5 0 6 1 0 5 4 4 4 8 4 5 5 1 3 7 1 4 7 1 4 7 5 2 4 3 4 4 
15 12 8 10 8 10 11 12 5 0 11 6 10 9 6 12 7 8 10 7 10 7 16 6 6 5 2 12 3 8 12 7 12 11 9 4 10 8 14 15 6 10 9 13 13 6 11 14 8 10 
4 3 2 4 4 3 3 6 6 3 5 3 4 0 2 0 4 2 5 4 5 2 4 4 1 3 3 0 2 4 5 6 6 4 3 3 4 4 3 3 2 3 5 4 3 4 1 5 2 5 
3 8 6 8 8 10 9 6 10 6 10 6 7 5 11 6 8 3 9 5 3 6 7 8 7 10 10 3 4 7 8 5 10 10 6 9 11 7 12 8 9 8 10 10 9 3 7 7 6 6 
0 1 2 1 1 4 1 2 1 0 1 0 1 1 1 1 0 0 2 1 0 3 0 3 0 2 2 2 0 2 0 1 0 0 1 2 1 1 1 1 1 1 0 3 0 1 1 0 0 1 
6 5 6 8 13 7 6 9 6 3 5 10 6 11 4 5 7 5 9 10 6 4 2 7 4 6 8 4 3 4 4 1 2 4 6 7 3 8 8 4 6 5 7 5 7 8 7 8 9 8 
9 11 12 6 14 7 7 9 8 10 5 14 4 9 7 10 9 9 11 6 4 2 6 7 7 3 10 7 11 9 8 6 14 9 6 12 5 12 11 7 9 6 8 9 11 12 9 12 8 5 
3 10 8 9 8 13 9 12 9 13 13 7 9 14 18 6 9 11 11 7 9 10 15 13 14 14 8 9 8 5 10 8 7 9 11 14 4 3 7 6 15 11 12 13 15 7 5 11 14 9 
7 7 12 2 6 7 10 9 4 7 8 5 7 8 7 5 9 12 10 9 6 16 7 5 10 6 8 8 6 11 8 5 1 6 5 5 7 7 7 10 5 10 5 12 10 10 6 7 15 9 
4 10 13 8 6 8 10 5 10 15 11 10 4 9 11 8 6 5 9 6 15 9 7 15 12 9 13 16 11 9 12 11 13 7 9 11 8 9 12 9 16 8 13 11 11 11 14 10 3 8 
3 3 1 1 1 1 2 0 2 1 2 0 2 1 2 1 1 5 1 2 4 2 2 1 1 3 0 5 1 0 5 1 3 2 2 1 4 2 1 3 1 2 1 2 1 4 1 2 1 0 
0 0 2 2 3 1 1 0 1 1 3 3 1 2 1 0 2 2 2 1 1 2 0 1 0 0 0 1 0 1 1 1 1 1 0 1 1 2 2 0 1 0 3 0 1 2 2 2 1 2 
3 3 5 4 3 5 2 4 2 4 3 4 2 2 5 7 6 0 3 0 5 6 8 5 5 4 5 1 5 3 4 3 1 4 4 0 6 3 6 7 5 3 7 4 3 6 5 4 4 3 
4 4 5 2 3 2 2 5 4 6 4 5 4 0 3 1 3 2 3 4 5 3 2 4 5 1 3 4 6 5 3 4 2 0 4 1 7 5 7 2 2 2 3 3 2 1 3 7 3 5 
14 9 7 5 12 8 8 7 14 8 10 13 11 12 11 11 11 9 7 0 13 11 2 7 8 14 7 6 7 7 6 12 9 5 6 9 6 10 11 7 7 8 12 6 10 5 5 8 12 4 
11 6 8 10 3 4 6 8 10 5 7 7 5 9 11 9 7 4 6 5 6 6 7 3 4 9 15 10 7 9 11 6 7 11 11 10 5 7 11 11 8 6 10 7 4 7 1 5 8 4 
10 8 11 9 13 6 6 12 12 6 10 13 8 4 11 10 15 7 5 11 5 6 9 8 10 7 8 12 8 11 10 4 4 2 6 5 8 13 7 9 14 3 10 13 11 8 5 12 13 15 
7 12 11 8 12 9 14 12 9 11 9 6 12 9 6 15 10 11 10 10 3 5 11 10 4 7 6 10 4 9 9 11 2 7 11 9 4 11 7 13 8 10 12 11 5 5 14 6 9 11 
12 8 10 9 14 5 10 11 4 9 8 10 6 6 0 13 11 7 12 7 3 3 7 8 7 15 8 11 13 14 5 8 11 13 9 5 8 9 9 6 12 8 7 10 3 12 9 9 9 7 
0 4 0 4 2 3 2 3 0 1 2 2 1 0 2 1 2 1 2 4 2 3 4 2 3 2 3 3 3 2 2 1 3 2 1 4 3 0 2 1 4 2 5 4 3 2 3 1 3 2 
4 7 4 4 3 6 6 2 2 5 7 1 6 5 6 0 5 6 7 8 10 5 7 2 6 2 6 5 4 4 1 4 2 3 5 5 6 5 2 3 1 6 4 5 8 10 9 6 5 7 
DEPOT_SECTION
 1
 -1
EOF
