NAME  : Parada_40_3_0.95_1.00_0
TYPE : SVRP
MODEL : FINITE_SUPPORT
NUMBER_OF_SCENARIOS : 50
DIMENSION : 40
EDGE_WEIGHT_TYPE : MATRIX
CAPACITY : 69
N_VEHICLES : 3
NODE_COORD_SECTION
1 91116 518380
2 456240 177090
3 90512 398270
4 379710 477210
5 207080 618870
6 161960 397860
7 359330 430070
8 331040 175920
9 468480 129820
10 285200 700290
11 463070 371230
12 154980 603900
13 489920 156050
14 437230 460100
15 122540 584660
16 485910 265280
17 166630 84225
18 229160 551060
19 73787 398900
20 149390 99453
21 117530 538490
22 238600 529910
23 137510 192760
24 298090 717210
25 274210 710790
26 289480 605780
27 353640 530420
28 27 745980
29 141950 18
30 266880 249010
31 95144 448040
32 221040 428130
33 125170 272550
34 245920 269840
35 321240 622480
36 212610 308950
37 199070 625600
38 185280 664340
39 113470 190500
40 88229 225520
DEMAND_SECTION
1 0.0
2 8.0
3 1.0
4 5.0
5 5.0
6 4.0
7 1.0
8 8.0
9 3.0
10 5.0
11 7.0
12 1.0
13 10.0
14 9.0
15 10.0
16 3.0
17 1.0
18 4.0
19 6.0
20 10.0
21 9.0
22 3.0
23 6.0
24 4.0
25 4.0
26 7.0
27 3.0
28 5.0
29 2.0
30 1.0
31 9.0
32 4.0
33 9.0
34 3.0
35 5.0
36 7.0
37 8.0
38 6.0
39 1.0
40 2.0
DISTANCE_MATRIX
0.0 58.982 16.4924 40.8755 20.2485 26.6015 50.774 46.0085 64.9948 37.1998 56.6138 13.9284 63.9819 47.4236 9.05539 70.214 63.0362 26.4008 18.0278 63.1944 38.8709 23.7065 50.298 37.0 35.4112 28.0179 38.0132 60.5002 62.8053 31.0161 10.198 19.6842 28.6446 44.2584 33.0151 27.8141 19.767 24.2347 39.2197 46.7511 
58.982 0.0 43.8634 56.5155 76.3806 72.5878 79.851 13.0384 7.28011 92.74 64.0 70.8378 5.0 67.2681 65.192 75.5381 84.006 64.231 41.7732 87.0057 97.7716 68.4279 82.123 91.5781 91.257 78.4018 70.1931 117.516 87.9659 49.0918 49.679 65.6706 33.6155 25.0 82.7684 64.289 76.4199 81.2977 30.0666 75.0225 
16.4924 43.8634 0.0 33.6649 32.5269 35.2073 48.2701 31.1448 50.2494 49.0408 54.9273 27.0185 48.8365 41.0571 21.4009 69.0672 62.5264 25.0 2.23607 65.0831 52.1662 25.4951 58.9038 48.0104 47.5079 35.3412 35.5106 73.6614 70.6196 34.314 6.32456 28.29 17.0294 28.1625 39.9249 36.3152 32.5576 37.53 28.0713 52.779 
40.8755 56.5155 33.6649 0.0 42.0476 65.3137 23.4094 48.0416 63.7887 51.6624 15.8114 40.7922 60.4401 11.0 37.9473 29.7321 93.2713 19.0 39.0192 96.4907 66.3702 24.0 83.5943 49.0408 51.1957 34.7131 16.4012 77.7946 101.427 65.5013 34.8173 58.3965 45.7274 31.5753 36.0555 66.4541 43.1045 50.1597 55.6597 83.5239 
20.2485 76.3806 32.5269 42.0476 0.0 28.4605 41.6173 63.6553 82.7587 17.0 56.0892 6.32456 81.3449 43.9659 11.6619 67.6757 61.2944 23.0868 34.6554 61.0574 24.5153 18.1108 48.0208 16.7631 15.2643 12.0416 31.3847 41.2311 73.3485 50.3886 27.0185 26.0768 46.8751 60.5968 16.1245 41.7732 1.41421 8.24621 57.5711 45.31 
26.6015 72.5878 35.2073 65.3137 28.4605 0.0 67.0255 61.3343 75.1828 42.0119 81.0521 23.7065 76.1767 66.7667 26.0778 90.4501 36.9059 44.8329 36.1956 37.0642 26.6271 40.5 24.1678 43.1856 40.0125 39.8121 55.2746 57.7754 48.7656 27.4591 30.8045 11.0454 44.8904 62.2862 44.3847 14.0357 27.2029 25.02 41.9656 20.6208 
50.774 79.851 48.2701 23.4094 41.6173 67.0255 0.0 70.7107 87.1265 42.9535 24.6982 43.8634 83.8153 13.6015 44.0454 30.0666 100.624 24.5967 50.01 100.782 64.846 27.2029 87.8315 39.8121 43.4166 30.0167 13.0 66.0303 113.212 79.1202 48.1041 70.0906 64.7765 54.9037 27.8568 78.2205 43.0116 49.3964 75.5495 84.339 
46.0085 13.0384 31.1448 48.0416 63.6553 61.3343 70.7107 0.0 19.105 80.1561 58.0517 58.0 18.0278 59.0339 52.345 70.8802 73.437 53.4914 29.0 76.2365 86.518 55.1145 71.0833 79.0253 78.6448 65.85 59.9083 104.69 78.5875 38.2099 36.7967 54.417 20.8806 17.4642 70.2166 53.0355 63.6396 68.4317 19.6469 63.9828 
64.9948 7.28011 50.2494 63.7887 82.7587 75.1828 87.1265 19.105 0.0 99.2472 71.0282 77.0779 4.47214 74.5252 71.4213 82.2982 86.209 71.3887 48.1041 89.3588 101.205 74.1798 84.897 98.0916 97.7446 84.9153 77.3573 123.762 89.202 51.9711 55.8659 69.1043 38.5876 32.28 89.2819 67.72 82.7345 87.4966 33.2415 77.7965 
37.1998 92.74 49.0408 51.6624 17.0 42.0119 42.9535 80.1561 99.2472 0.0 63.1269 23.2594 97.696 50.04 28.6531 72.3395 72.1249 33.6155 51.225 71.1688 25.6125 29.0689 58.5235 3.16228 2.0 17.088 37.1214 26.4008 84.4808 66.4906 43.8292 42.2019 63.7892 78.7902 16.0312 56.0 17.4642 17.0 74.4852 57.7062 
56.6138 64.0 54.9273 15.8114 56.0892 81.0521 24.6982 58.0517 71.0282 63.1269 0.0 55.6597 67.1193 13.1529 53.3104 14.2127 109.452 33.2415 53.0331 112.009 80.604 38.0789 98.6951 60.208 63.0317 47.0425 26.0192 88.2836 117.608 81.3587 50.5557 74.1348 59.6825 40.6079 47.0956 82.1925 57.2713 64.3273 68.9651 99.7047 
13.9284 70.8378 27.0185 40.7922 6.32456 23.7065 43.8634 58.0 77.0779 23.2594 55.6597 0.0 75.8222 44.2832 5.65685 68.0294 57.1402 22.4722 29.0689 57.2014 26.0192 17.8885 44.2041 23.0868 21.4709 16.1555 32.45 46.6905 69.0018 44.3431 21.2132 20.0 40.895 55.1692 20.8806 36.4005 5.83095 10.7703 51.591 40.857 
63.9819 5.0 48.8365 60.4401 81.3449 76.1767 83.8153 18.0278 4.47214 97.696 67.1193 75.8222 0.0 71.0634 70.1783 78.1601 88.0227 68.8264 46.7547 91.0879 102.199 73.0233 86.3542 96.5341 96.213 83.3578 74.7885 122.495 91.5478 53.3385 54.6717 70.0982 38.4838 29.1548 87.7244 68.7166 81.3941 86.2863 34.3657 79.2537 
47.4236 67.2681 41.0571 11.0 43.9659 66.7667 13.6015 59.0339 74.5252 50.04 13.1529 44.2832 71.0634 0.0 42.72 23.7697 100.567 21.9545 42.649 100.524 68.4105 26.4008 87.6271 47.0956 50.0 34.2345 13.0384 75.1332 108.723 72.8936 42.2019 65.6311 56.1364 42.4264 34.0147 73.761 45.2217 52.2015 66.2193 84.0802 
9.05539 65.192 21.4009 37.9473 11.6619 26.0778 44.0454 52.345 71.4213 28.6531 53.3104 5.65685 70.1783 42.72 0.0 66.242 59.6764 20.8087 23.4307 59.8346 30.7717 16.9706 46.9382 28.2312 26.9258 19.105 31.8277 52.345 71.536 40.0 15.5563 28.2864 35.2687 49.5602 24.0832 38.3906 11.4018 16.1245 45.9647 43.3913 
70.214 75.5381 69.0672 29.7321 67.6757 90.4501 30.0666 70.8802 82.2982 72.3395 14.2127 68.0294 78.1601 23.7697 66.242 0.0 122.657 45.618 67.1731 124.207 92.0489 50.1597 111.311 69.2604 72.5603 57.4891 36.4005 96.0833 130.813 95.4952 64.2028 87.7819 73.7914 53.4509 56.5685 95.8396 68.9493 75.8947 83.0661 112.909 
63.0362 84.006 62.5264 93.2713 61.2944 36.9059 100.624 73.437 86.209 72.1249 109.452 57.1402 88.0227 100.567 59.6764 122.657 0.0 78.4315 63.5147 3.60555 49.2544 74.0986 13.6015 74.0 70.214 73.0616 88.8732 80.0562 12.3693 35.2278 58.5442 45.5891 57.0198 83.0247 77.4145 27.8931 59.9416 56.0803 54.0833 16.9706 
26.4008 64.231 25.0 19.0 23.0868 44.8329 24.5967 53.4914 71.3887 33.6155 33.2415 22.4722 68.8264 21.9545 20.8087 45.618 78.4315 0.0 27.0185 78.5898 47.5184 5.0 65.6933 31.305 32.8938 16.5529 11.6619 60.0083 88.65 54.7083 23.7697 45.5289 42.0119 45.5245 19.2094 53.6588 24.1868 31.257 53.0377 62.1464 
18.0278 41.7732 2.23607 39.0192 34.6554 36.1956 50.01 29.0 48.1041 51.225 53.0331 29.0689 46.7547 42.649 23.4307 67.1731 63.5147 27.0185 0.0 66.0714 54.1847 27.6586 60.8678 50.2195 49.679 37.5766 37.3363 75.743 71.6079 35.3023 8.06226 29.2783 15.0 26.2684 42.1545 37.3035 34.6554 39.5485 26.0192 53.7673 
63.1944 87.0057 65.0831 96.4907 61.0574 37.0642 100.782 76.2365 89.3588 71.1688 112.009 57.2014 91.0879 100.524 59.8346 124.207 3.60555 78.5898 66.0714 0.0 47.676 74.2568 13.0384 73.1642 69.2892 72.9452 89.0315 78.0 14.0 38.0526 61.1009 46.8697 59.8523 85.5814 77.1751 30.4498 59.6825 55.4617 57.0088 18.0278 
38.8709 97.7716 52.1662 66.3702 24.5153 26.6271 64.846 86.518 101.205 25.6125 80.604 26.0192 102.199 68.4105 30.7717 92.0489 49.2544 47.5184 54.1847 47.676 0.0 42.5793 36.0139 28.3196 24.0832 34.9285 55.6597 32.0156 61.5224 54.0948 46.2711 33.4215 70.0742 80.327 37.2156 40.5376 23.3452 16.2788 67.9881 37.6563 
23.7065 68.4279 25.4951 24.0 18.1108 40.5 27.2029 55.1145 74.1798 29.0689 38.0789 17.8885 73.0233 26.4008 16.9706 50.1597 74.0986 5.0 27.6586 74.2568 42.5793 0.0 61.3604 26.9258 28.2312 12.2066 14.8661 55.4617 86.3656 53.3667 23.0217 43.2446 42.4264 49.7214 15.6205 51.3745 19.2354 26.3059 53.4603 57.8135 
50.298 82.123 58.9038 83.5943 48.0208 24.1678 87.8315 71.0833 84.897 58.5235 98.6951 44.2041 86.3542 87.6271 46.9382 111.311 13.6015 65.6933 60.8678 13.0384 36.0139 61.3604 0.0 60.407 56.6127 59.9083 76.1351 67.3647 25.9615 33.0312 54.501 33.9733 54.6487 80.3778 64.1405 25.2462 46.6476 42.5441 52.0571 8.06226 
37.0 91.5781 48.0104 49.0408 16.7631 43.1856 39.8121 79.0253 98.0916 3.16228 60.208 23.0868 96.5341 47.0956 28.2312 69.2604 74.0 31.305 50.2195 73.1642 28.3196 26.9258 60.407 0.0 4.24264 14.7648 34.2345 28.7924 86.3308 66.9104 43.0465 42.5793 63.1151 76.6162 13.1529 57.0789 17.4642 18.2483 73.8111 59.2284 
35.4112 91.257 47.5079 51.1957 15.2643 40.0125 43.4166 78.6448 97.7446 2.0 63.0317 21.4709 96.213 50.0 26.9258 72.5603 70.214 32.8938 49.679 69.2892 24.0832 28.2312 56.6127 4.24264 0.0 16.4924 37.0135 27.2947 82.5651 64.5368 42.2019 40.2616 62.1185 77.9343 16.0312 54.0 15.6525 15.0 72.8145 55.7315 
28.0179 78.4018 35.3412 34.7131 12.0416 39.8121 30.0167 65.85 84.9153 17.088 47.0425 16.1555 83.3578 34.2345 19.105 57.4891 73.0616 16.5529 37.5766 72.9452 34.9285 12.2066 59.9083 14.7648 16.4924 0.0 21.2132 43.4626 85.0 59.0339 31.3209 47.3865 51.5461 61.8588 5.0 52.4976 13.4536 19.4165 62.3618 56.8555 
38.0132 70.1931 35.5106 16.4012 31.3847 55.2746 13.0 59.9083 77.3573 37.1214 26.0192 32.45 74.7885 13.0384 31.8277 36.4005 88.8732 11.6619 37.3363 89.0315 55.6597 14.8661 76.1351 34.2345 37.0135 21.2132 0.0 62.5859 100.312 66.1287 35.1141 57.1905 52.2398 51.4866 21.095 65.3204 32.6956 39.5601 63.1269 72.5881 
60.5002 117.516 73.6614 77.7946 41.2311 57.7754 66.0303 104.69 123.762 26.4008 88.2836 46.6905 122.495 75.1332 52.345 96.0833 80.0562 60.0083 75.743 78.0 32.0156 55.4617 67.3647 28.7924 27.2947 43.4626 62.5859 0.0 92.0 84.9706 67.897 62.1289 87.52 101.779 41.7612 71.6673 41.1096 36.8782 97.5465 69.6348 
62.8053 87.9659 70.6196 101.427 73.3485 48.7656 113.212 78.5875 89.202 84.4808 117.608 69.0018 91.5478 108.723 71.536 130.813 12.3693 88.65 71.6079 14.0 61.5224 86.3656 25.9615 86.3308 82.5651 85.0 100.312 92.0 0.0 41.2311 66.7002 53.7451 62.8317 88.5609 89.4427 36.0491 72.0139 68.352 58.9406 28.3019 
31.0161 49.0918 34.314 65.5013 50.3886 27.4591 79.1202 38.2099 51.9711 66.4906 81.3587 44.3431 53.3385 72.8936 40.0 95.4952 35.2278 54.7083 35.3023 38.0526 54.0948 53.3667 33.0312 66.9104 64.5368 59.0339 66.1287 84.9706 41.2311 0.0 31.0161 24.3311 21.8105 47.5397 64.0312 16.6433 49.5053 50.0 19.0263 25.9307 
10.198 49.679 6.32456 34.8173 27.0185 30.8045 48.1041 36.7967 55.8659 43.8292 50.5557 21.2132 54.6717 42.2019 15.5563 64.2028 58.5442 23.7697 8.06226 61.1009 46.2711 23.0217 54.501 43.0465 42.2019 31.3209 35.1141 67.897 66.7002 31.0161 0.0 23.8873 20.2485 34.325 36.1386 32.0156 26.9072 31.6349 31.0483 48.7968 
19.6842 65.6706 28.29 58.3965 26.0768 11.0454 70.0906 54.417 69.1043 42.2019 74.1348 20.0 70.0982 65.6311 28.2864 87.7819 45.5891 45.5289 29.2783 46.8697 33.4215 43.2446 33.9733 42.5793 40.2616 47.3865 57.1905 62.1289 53.7451 24.3311 23.8873 0.0 37.9732 55.369 52.3537 18.0278 25.1794 26.0 35.8871 35.8417 
28.6446 33.6155 17.0294 45.7274 46.8751 44.8904 64.7765 20.8806 38.5876 63.7892 59.6825 40.895 38.4838 56.1364 35.2687 73.7914 57.0198 42.0119 15.0 59.8523 70.0742 42.4264 54.6487 63.1151 62.1185 51.5461 52.2398 87.52 62.8317 21.8105 20.2485 37.9732 0.0 26.5407 56.3205 36.5917 46.6704 51.2545 11.0454 47.5482 
44.2584 25.0 28.1625 31.5753 60.5968 62.2862 54.9037 17.4642 32.28 78.7902 40.6079 55.1692 29.1548 42.4264 49.5602 53.4509 83.0247 45.5245 26.2684 85.5814 80.327 49.7214 80.3778 76.6162 77.9343 61.8588 51.4866 101.779 88.5609 47.5397 34.325 55.369 26.5407 0.0 64.7303 62.3208 60.6698 65.6037 31.8277 73.2773 
33.0151 82.7684 39.9249 36.0555 16.1245 44.3847 27.8568 70.2166 89.2819 16.0312 47.0956 20.8806 87.7244 34.0147 24.0832 56.5685 77.4145 19.2094 42.1545 77.1751 37.2156 15.6205 64.1405 13.1529 16.0312 5.0 21.095 41.7612 89.4427 64.0312 36.1386 52.3537 56.3205 64.7303 0.0 57.28 17.4929 22.6274 67.1863 61.3382 
27.8141 64.289 36.3152 66.4541 41.7732 14.0357 78.2205 53.0355 67.72 56.0 82.1925 36.4005 68.7166 73.761 38.3906 95.8396 27.8931 53.6588 37.3035 30.4498 40.5376 51.3745 25.2462 57.0789 54.0 52.4976 65.3204 71.6673 36.0491 16.6433 32.0156 18.0278 36.5917 62.3208 57.28 0.0 40.6079 39.0 34.4819 18.1457 
19.767 76.4199 32.5576 43.1045 1.41421 27.2029 43.0116 63.6396 82.7345 17.4642 57.2713 5.83095 81.3941 45.2217 11.4018 68.9493 59.9416 24.1868 34.6554 59.6825 23.3452 19.2354 46.6476 17.4642 15.6525 13.4536 32.6956 41.1096 72.0139 49.5053 26.9072 25.1794 46.6704 60.6698 17.4929 40.6079 0.0 7.07107 57.3664 44.0114 
24.2347 81.2977 37.53 50.1597 8.24621 25.02 49.3964 68.4317 87.4966 17.0 64.3273 10.7703 86.2863 52.2015 16.1245 75.8947 56.0803 31.257 39.5485 55.4617 16.2788 26.3059 42.5441 18.2483 15.0 19.4165 39.5601 36.8782 68.352 50.0 31.6349 26.0 51.2545 65.6037 22.6274 39.0 7.07107 0.0 61.9505 41.0 
39.2197 30.0666 28.0713 55.6597 57.5711 41.9656 75.5495 19.6469 33.2415 74.4852 68.9651 51.591 34.3657 66.2193 45.9647 83.0661 54.0833 53.0377 26.0192 57.0088 67.9881 53.4603 52.0571 73.8111 72.8145 62.3618 63.1269 97.5465 58.9406 19.0263 31.0483 35.8871 11.0454 31.8277 67.1863 34.4819 57.3664 61.9505 0.0 44.9566 
46.7511 75.0225 52.779 83.5239 45.31 20.6208 84.339 63.9828 77.7965 57.7062 99.7047 40.857 79.2537 84.0802 43.3913 112.909 16.9706 62.1464 53.7673 18.0278 37.6563 57.8135 8.06226 59.2284 55.7315 56.8555 72.5881 69.6348 28.3019 25.9307 48.7968 35.8417 47.5482 73.2773 61.3382 18.1457 44.0114 41.0 44.9566 0.0 
DEMAND_SCENARIO_SECTION
0 0 0 0 0 0 0 0 0 0 0 0 0 0 0 0 0 0 0 0 0 0 0 0 0 0 0 0 0 0 0 0 0 0 0 0 0 0 0 0 0 0 0 0 0 0 0 0 0 0 
6 8 7 8 6 6 8 9 6 7 2 10 4 13 8 9 10 9 12 10 8 2 6 11 8 5 5 7 9 11 3 9 6 7 6 7 7 8 10 9 9 7 8 2 5 5 0 10 5 12 
0 2 0 1 2 2 2 1 0 0 2 2 1 2 0 1 0 2 0 0 0 0 0 0 0 1 0 0 2 2 1 0 2 0 0 0 0 3 2 2 2 0 0 3 0 3 2 2 4 1 
5 8 8 5 1 5 3 7 10 4 5 6 1 5 5 9 8 6 6 4 1 5 5 5 1 5 3 2 5 5 4 9 0 7 6 8 2 7 4 5 1 3 4 4 6 5 7 2 4 4 
2 6 6 3 5 6 3 5 6 5 10 6 1 5 6 4 2 6 2 8 2 1 5 3 5 6 4 7 7 2 8 7 8 7 8 2 1 6 4 6 7 4 3 4 5 4 5 3 2 6 
1 4 7 4 4 7 3 6 5 5 5 4 4 0 5 3 6 7 4 2 4 3 4 1 3 8 4 4 5 4 6 3 5 4 3 9 3 3 4 3 3 1 6 7 5 5 4 7 4 1 
0 0 0 0 1 1 2 3 0 2 1 1 0 2 0 1 1 0 0 2 1 1 1 2 1 0 2 1 1 0 0 3 2 0 1 2 0 1 2 0 0 2 1 1 1 1 2 2 1 0 
10 7 4 9 12 6 8 10 8 8 10 7 8 8 9 9 8 10 4 6 6 8 8 10 9 7 6 8 4 5 5 7 7 11 6 10 8 11 12 9 8 9 15 9 8 9 8 7 9 8 
0 3 4 2 4 2 2 6 0 4 3 2 5 5 2 5 2 0 3 5 4 2 4 2 0 4 0 4 5 4 5 3 6 4 5 1 3 2 2 4 2 2 1 6 0 1 2 1 6 4 
6 1 9 9 6 5 6 3 3 0 2 7 4 4 4 3 5 4 7 4 3 6 4 7 8 7 4 6 6 1 1 8 4 4 3 8 3 9 4 7 8 5 6 1 7 3 5 7 8 2 
3 4 5 6 6 6 9 10 6 4 8 8 7 6 7 9 8 7 8 11 7 5 10 9 5 6 4 6 1 9 4 6 6 5 9 4 8 7 8 8 9 12 6 9 8 4 1 9 4 7 
2 1 0 2 2 2 0 1 1 0 1 1 2 1 0 1 0 1 1 0 1 0 0 0 3 1 1 1 3 0 1 3 2 3 1 2 0 2 2 0 3 0 0 3 1 0 1 0 0 1 
10 10 10 9 10 11 12 16 10 15 7 12 10 12 11 14 13 7 11 11 13 15 9 2 11 5 12 7 0 10 11 8 11 8 11 11 12 12 7 12 15 6 6 8 7 7 10 11 8 8 
17 14 5 6 10 10 9 10 7 9 8 8 9 9 7 3 12 8 2 8 8 10 5 8 10 3 7 8 10 7 4 9 13 8 8 12 8 12 14 1 10 12 9 8 8 2 14 4 12 4 
12 6 9 10 13 9 16 12 7 10 10 15 10 8 9 8 12 10 7 11 13 10 16 11 5 8 10 10 8 7 8 11 8 10 12 12 12 10 10 6 2 11 9 18 12 17 10 9 3 10 
4 3 1 1 3 3 1 4 4 3 1 2 2 1 3 2 0 4 1 3 1 3 4 4 5 0 2 5 2 2 0 3 3 3 3 1 4 5 3 4 3 3 6 4 3 3 0 1 4 2 
0 0 1 0 1 1 1 0 1 1 0 1 0 1 1 1 1 1 2 1 2 1 0 0 1 1 1 1 0 0 1 0 2 2 2 1 1 1 2 1 2 1 1 1 1 1 1 1 1 1 
3 0 4 5 3 8 5 3 4 6 1 7 2 7 4 5 5 3 2 4 7 3 5 3 4 2 5 6 4 3 2 1 4 5 6 5 1 7 4 7 5 5 4 4 4 6 7 5 3 3 
4 10 5 5 10 7 5 3 6 5 6 3 4 4 10 8 1 6 5 7 6 7 6 7 9 8 5 0 6 3 7 9 5 3 7 9 4 10 9 9 2 9 4 3 8 7 5 6 5 7 
7 7 4 7 16 12 8 7 5 14 6 12 15 13 12 7 13 10 10 10 6 9 12 11 14 11 13 5 6 7 5 10 13 7 12 12 8 13 10 14 5 13 12 12 11 12 14 11 12 7 
4 8 9 7 8 11 10 10 11 11 11 8 10 12 10 9 4 15 9 7 6 14 7 3 10 6 7 10 6 8 9 8 8 8 9 5 10 8 14 15 7 7 13 11 7 10 12 11 10 8 
5 7 4 2 5 3 4 3 5 2 5 4 2 1 3 3 3 2 3 2 1 3 5 0 3 2 6 4 3 0 5 5 3 3 3 1 2 3 4 1 3 4 5 1 2 4 4 2 5 2 
9 8 9 2 1 3 5 8 10 7 5 8 8 6 6 7 4 3 4 4 9 2 5 5 1 4 6 3 3 7 9 5 8 4 8 6 8 5 5 7 7 10 5 7 2 7 7 7 6 11 
4 4 9 4 4 4 4 6 7 4 4 2 2 7 4 2 4 5 6 9 3 4 8 2 2 6 0 6 7 4 6 5 6 6 2 3 4 2 6 4 4 4 6 4 2 2 6 1 5 8 
4 5 2 4 2 3 7 5 0 1 2 4 2 0 4 5 2 4 3 1 2 1 2 3 3 4 5 5 5 5 7 8 2 5 5 6 6 6 2 2 4 4 4 5 3 8 4 5 3 4 
8 4 5 10 10 10 14 6 9 6 6 6 9 12 12 6 2 8 7 5 3 7 9 7 8 10 4 8 11 9 9 6 10 7 10 6 7 4 10 4 8 11 5 9 0 4 8 7 7 9 
3 4 1 0 2 1 1 5 4 0 5 2 0 3 5 1 1 4 1 3 3 0 3 3 2 0 4 5 6 3 5 2 0 2 2 4 4 5 6 3 2 1 2 4 5 1 5 5 3 1 
9 5 8 6 3 2 6 7 3 7 6 5 6 3 6 3 5 10 5 3 7 6 5 6 4 6 6 7 5 5 3 3 2 5 8 3 4 3 7 1 6 4 8 5 5 10 8 4 4 5 
4 6 0 3 3 4 2 0 3 5 2 0 2 4 2 2 4 1 2 4 4 2 1 1 1 2 2 1 0 3 1 3 0 3 2 1 1 0 3 5 3 2 2 1 4 2 4 3 0 3 
1 2 1 1 0 1 3 1 1 1 1 1 1 2 0 1 1 1 1 3 0 2 1 0 1 0 0 1 3 2 0 2 1 1 2 2 0 1 1 2 0 0 0 1 1 2 0 2 0 0 
8 9 11 10 8 9 8 8 10 11 8 10 8 9 6 8 8 11 11 11 12 13 13 10 10 10 12 12 12 11 8 6 11 6 11 17 9 12 8 7 11 6 7 12 5 11 6 12 2 12 
4 6 6 0 6 7 4 6 2 5 3 6 6 3 0 1 2 2 8 3 0 7 2 6 1 3 5 5 5 6 3 3 6 6 2 3 6 4 1 1 3 5 0 5 6 5 1 2 5 3 
13 9 12 12 0 14 9 12 12 9 8 10 11 13 8 5 8 5 11 13 13 9 5 6 3 7 13 6 15 13 10 11 10 12 8 10 13 5 1 8 8 6 9 9 2 12 2 12 9 10 
6 4 3 3 2 2 4 3 6 2 6 3 3 1 3 4 1 2 2 0 3 3 4 3 5 4 3 3 2 3 5 2 2 3 6 1 0 0 1 1 2 2 5 3 0 3 2 4 3 3 
4 2 3 0 3 8 6 4 3 3 8 4 4 3 8 6 6 7 6 2 4 4 9 3 3 5 4 7 5 6 7 3 7 5 3 3 2 6 5 7 5 8 7 4 3 2 5 4 1 3 
7 9 6 3 2 9 7 9 4 7 6 9 3 10 6 6 1 11 8 8 6 9 2 11 7 8 11 7 11 4 4 8 7 4 8 13 5 11 6 7 4 6 11 4 5 7 9 8 5 9 
8 11 8 11 9 9 7 7 9 5 13 7 11 7 10 9 5 10 9 6 7 7 9 11 4 10 12 4 11 8 5 8 6 10 5 13 6 12 4 3 11 10 10 7 7 6 7 8 12 3 
4 8 6 5 11 9 7 8 8 9 9 0 9 5 7 4 5 10 9 9 5 0 6 9 2 7 5 5 10 6 8 9 8 6 8 5 6 10 13 4 7 6 6 5 8 8 4 6 8 5 
1 1 0 1 1 1 1 0 2 3 1 0 1 2 0 0 2 2 1 0 0 0 3 3 2 2 1 0 1 1 2 2 2 0 2 2 2 0 2 3 2 3 0 1 2 2 1 1 1 0 
2 4 3 0 2 0 3 1 2 0 1 5 4 3 2 1 3 2 1 3 4 1 2 0 0 3 2 2 3 3 2 2 1 2 2 3 0 3 1 0 2 4 2 0 2 1 1 3 1 0 
DEPOT_SECTION
 1
 -1
EOF
