NAME  : Parada_40_3_0.95_1.00_2
TYPE : SVRP
MODEL : FINITE_SUPPORT
NUMBER_OF_SCENARIOS : 50
DIMENSION : 40
EDGE_WEIGHT_TYPE : MATRIX
CAPACITY : 79
N_VEHICLES : 3
NODE_COORD_SECTION
1 264950 337120
2 508370 458630
3 164090 170970
4 292670 532310
5 246230 228360
6 288210 262820
7 289960 302910
8 491230 26448
9 700460 292030
10 604760 94892
11 328630 336940
12 27 505710
13 631010 325030
14 404320 445900
15 73878 545950
16 393020 378640
17 501730 393020
18 360470 453160
19 206990 376050
20 498770 415450
21 593350 468910
22 213760 225950
23 709430 470760
24 610570 452980
25 451850 527920
26 288110 213280
27 287430 344560
28 155920 360280
29 471900 349630
30 523690 340420
31 518020 492430
32 567970 421780
33 364290 18
34 441110 106570
35 694420 402970
36 461590 33930
37 399450 363600
38 389010 469020
39 334080 387980
40 122700 287820
DEMAND_SECTION
1 0.0
2 2.0
3 10.0
4 1.0
5 10.0
6 6.0
7 1.0
8 10.0
9 9.0
10 6.0
11 4.0
12 9.0
13 8.0
14 5.0
15 10.0
16 1.0
17 7.0
18 4.0
19 9.0
20 8.0
21 9.0
22 7.0
23 8.0
24 3.0
25 4.0
26 10.0
27 6.0
28 4.0
29 3.0
30 2.0
31 4.0
32 4.0
33 1.0
34 7.0
35 2.0
36 4.0
37 10.0
38 9.0
39 8.0
40 1.0
DISTANCE_MATRIX
0.0 40.0694 35.3412 54.626 21.9545 13.4536 7.07107 54.6653 45.3982 43.1246 32.8696 67.1789 34.3657 30.9917 63.4882 44.4185 30.4008 31.8845 16.8994 33.8329 42.2753 27.0185 47.3276 40.4005 48.6037 20.6155 4.0 41.9085 58.9266 53.4699 45.0366 35.3847 44.8404 36.8551 46.5296 46.2889 13.3417 33.8114 27.2976 40.3113 
40.0694 0.0 59.6657 91.5335 49.9311 40.1219 34.8281 73.3039 39.8246 61.7632 32.573 75.4321 34.9285 15.0333 66.1287 82.4621 10.2956 21.0 56.47 6.7082 15.6205 48.5077 55.7853 17.4929 16.5529 44.9561 41.7253 44.1022 21.3776 30.4138 5.0 13.3417 84.411 66.528 29.7321 74.2354 36.1252 17.1172 27.313 54.0 
35.3412 59.6657 0.0 41.1461 13.6015 23.5372 32.0156 70.8342 79.9356 72.6783 27.2947 36.2491 69.0089 44.9222 37.2156 38.4708 53.242 39.5601 41.4664 55.5788 68.0294 11.1803 82.6646 67.0075 59.1845 19.0263 31.7648 22.4999 71.5711 52.233 64.2884 61.0082 63.1585 58.2601 78.4092 67.6757 46.8763 44.0114 33.1485 14.5602 
54.626 91.5335 41.1461 0.0 45.2769 52.0096 56.9386 63.2456 96.3379 58.0 62.6003 70.0643 85.7239 81.9052 75.3127 12.0416 82.4924 75.7261 51.4198 85.7555 94.6313 48.6004 90.05 92.7566 95.8259 53.0377 50.9902 63.5314 108.206 93.2646 96.5318 87.7407 47.8539 55.4437 100.285 59.1354 67.7791 80.1872 78.7871 55.5428 
21.9545 49.9311 13.6015 45.2769 0.0 10.0499 18.4391 61.0808 66.3462 61.1484 17.4091 46.4004 55.4195 35.4423 44.3847 38.9487 41.005 30.5349 29.9365 43.8672 55.3263 6.32456 69.2624 54.0833 50.6348 7.81025 18.6011 23.7075 63.0143 49.5328 54.6453 48.2597 55.3173 48.5067 65.123 57.9405 33.2869 34.996 36.6979 20.1246 
13.4536 40.1219 23.5372 52.0096 10.0499 0.0 8.544 57.7528 56.8004 56.0151 19.4176 53.7401 45.9877 30.4935 50.0362 43.9318 31.6228 32.5434 25.3181 34.5448 45.5412 13.8924 60.2163 44.1814 52.6432 7.2111 11.1803 28.4565 58.4284 51.8337 45.1202 38.4708 53.0377 45.1787 55.0818 54.6125 23.8551 33.3132 27.3755 26.8701 
7.07107 34.8281 32.0156 56.9386 18.4391 8.544 0.0 59.9065 49.26 48.3659 27.4027 61.758 38.3333 25.3225 58.0213 47.634 25.5539 26.7912 22.8458 28.8444 38.3275 22.3607 52.5688 36.6742 42.9345 15.0 7.61577 36.4416 53.2574 48.3766 39.8246 31.3209 50.7869 42.8015 47.0 52.2353 16.2007 28.1421 22.2044 34.8965 
54.6653 73.3039 70.8342 63.2456 61.0808 57.7528 59.9065 0.0 50.2096 31.5407 86.7917 106.736 44.1022 76.1532 105.462 51.6236 64.5028 80.2591 39.0289 67.2503 64.4748 67.3977 34.4819 61.327 88.5353 64.2519 47.832 84.8744 94.6136 99.5536 76.8596 61.1007 17.0294 13.9284 60.803 4.12311 47.5407 79.7454 80.6179 81.1553 
45.3982 39.8246 79.9356 96.3379 66.3462 56.8004 49.26 50.2096 0.0 41.3847 56.8622 107.141 11.0454 48.0833 99.9893 84.7231 35.3836 53.1507 45.1939 36.4005 24.6982 70.0996 19.6469 22.3607 56.356 62.1567 49.366 80.8076 57.9741 69.6348 40.8534 27.2029 63.8201 46.1495 13.0384 52.4023 33.2415 51.6236 50.7823 81.6173 
43.1246 61.7632 72.6783 58.0 61.1484 56.0151 48.3659 31.5407 41.3847 0.0 75.2511 109.606 33.3452 64.6125 105.87 66.0089 52.9621 68.7185 31.6333 55.7096 52.9535 67.3114 32.2036 49.8121 76.9946 62.8954 46.5142 84.29 83.073 88.013 65.319 49.5601 42.6497 24.7648 50.3113 32.4722 36.0 68.2047 69.0772 82.7448 
32.8696 32.573 27.2947 62.6003 17.4091 19.4176 27.4027 86.7917 56.8622 75.2511 0.0 51.0543 47.4452 18.3576 46.3253 56.3391 26.0192 14.1421 43.7944 28.2843 41.0488 16.1245 79.4539 40.3113 34.6554 12.4341 30.4465 24.7206 46.7547 34.2516 37.3363 34.1321 70.729 63.2614 52.4697 72.6952 45.0369 18.4391 6.08276 25.0799 
67.1789 75.4321 36.2491 70.0643 46.4004 53.7401 61.758 106.736 107.141 109.606 51.0543 0.0 97.7244 61.3514 11.7047 71.5681 73.6724 55.3624 76.2967 74.3303 88.6002 40.4599 113.809 88.8758 66.1211 46.7894 64.4438 33.121 77.026 52.0865 78.6448 82.6153 99.4032 94.1618 101.85 103.596 95.3161 58.5235 56.7481 26.8701 
34.3657 34.9285 69.0089 85.7239 55.4195 45.9877 38.3333 44.1022 11.0454 33.3452 47.4452 97.7244 0.0 40.2244 91.9769 74.2159 28.178 44.6878 34.5202 30.0832 22.0907 60.2938 20.8806 19.0263 51.2445 52.3509 38.3275 71.3907 55.1453 63.0635 37.2156 21.587 55.9949 38.1101 16.9706 45.607 22.4722 43.8292 41.3653 72.2004 
30.9917 15.0333 44.9222 81.9052 35.4423 30.4935 25.3225 76.1532 48.0833 64.6125 18.3576 61.3514 40.2244 0.0 52.7731 72.8974 12.8062 6.08276 47.2798 13.0 27.313 33.8378 60.4152 27.7849 17.8885 30.4673 32.5813 29.3193 29.0689 23.7697 19.4165 21.6333 75.2208 67.2354 40.8167 77.0847 38.34 3.60555 14.1421 39.0128 
63.4882 66.1287 37.2156 75.3127 44.3847 50.0362 58.0213 105.462 99.9893 105.87 46.3253 11.7047 91.9769 52.7731 0.0 75.0267 65.3682 47.0106 74.0607 65.7419 80.0562 38.0789 111.644 80.5295 55.5788 43.0527 61.0651 26.9072 66.0303 41.0122 68.9638 74.3034 99.3277 92.8883 93.5361 102.322 89.5686 49.6588 52.0191 24.3516 
44.4185 82.4621 38.4708 12.0416 38.9487 43.9318 47.634 51.6236 84.7231 66.0089 56.3391 71.5681 74.2159 72.8974 75.0267 0.0 73.0068 69.4649 40.1622 76.4003 84.8908 43.4626 78.0256 82.49 89.5647 46.3249 41.0488 59.8346 100.832 87.6135 87.4586 78.0002 36.8917 43.4166 89.3344 47.5395 57.2451 73.926 69.7794 52.9528 
30.4008 10.2956 53.242 82.4924 41.005 31.6228 25.5539 64.5028 35.3836 52.9621 26.0192 73.6724 28.178 12.8062 65.3682 73.0068 0.0 18.3576 46.8013 3.60555 15.2971 42.107 48.8467 15.2315 24.0832 38.3609 32.0576 48.6196 31.3209 34.8855 15.0 8.94427 74.7424 57.727 28.178 65.4344 27.3242 16.2788 20.0998 49.8197 
31.8845 21.0 39.5601 75.7261 30.5349 32.5434 26.7912 80.2591 53.1507 68.7185 14.1421 55.3624 44.6878 6.08276 47.0106 69.4649 18.3576 0.0 48.7485 18.9737 33.2415 28.6356 64.5216 33.541 20.5183 25.5599 34.05 23.262 32.6497 22.0 25.1794 27.2947 76.6896 68.7042 46.5296 81.1907 42.446 4.47214 11.7047 33.0 
16.8994 56.47 41.4664 51.4198 29.9365 25.3181 22.8458 39.0289 45.1939 31.6333 43.7944 76.2967 34.5202 47.2798 74.0607 40.1622 46.8013 48.7485 0.0 50.2335 56.4701 36.0994 42.72 53.6444 64.8918 32.0443 15.3023 52.8334 75.3272 70.3339 61.4372 51.7783 34.4402 26.4548 60.4886 35.8886 28.555 50.0994 44.1617 49.9918 
33.8329 6.7082 55.5788 85.7555 43.8672 34.5448 28.8444 67.2503 36.4005 55.7096 28.2843 74.3303 30.0832 13.0 65.7419 76.4003 3.60555 18.9737 50.2335 0.0 14.3178 44.4072 50.9215 15.0 21.3776 40.7068 35.4683 42.2357 27.8927 33.2866 11.4018 9.21954 78.1745 60.4744 28.0179 68.1818 30.0717 16.1245 22.561 51.3517 
42.2753 15.6205 68.0294 94.6313 55.3263 45.5412 38.3275 64.4748 24.6982 52.9535 41.0488 88.6002 22.0907 27.313 80.0562 84.8908 15.2971 33.2415 56.4701 14.3178 0.0 57.0 42.19 3.16228 31.9061 49.0102 43.9322 56.5003 33.541 46.0109 16.1555 7.07107 75.6031 57.7183 14.1421 65.4257 28.7372 30.4138 35.0143 65.1153 
27.0185 48.5077 11.1803 48.6004 6.32456 13.8924 22.3607 67.3977 70.0996 67.3114 16.1245 40.4599 60.2938 33.8378 38.0789 43.4626 42.107 28.6356 36.0994 44.4072 57.0 0.0 74.0751 56.0803 48.4424 8.06226 24.0416 17.5105 60.829 47.2437 53.1601 50.01 61.6117 54.8236 67.7422 64.2574 37.7366 33.1059 22.0227 13.8924 
47.3276 55.7853 82.6646 90.05 69.2624 60.2163 52.5688 34.4819 19.6469 32.2036 79.4539 113.809 20.8806 60.4152 111.644 78.0256 48.8467 64.5216 42.72 50.9215 42.19 74.0751 0.0 39.3192 72.1249 67.0983 50.9727 88.4929 75.6637 83.672 57.8705 42.45 50.3289 35.2278 32.5576 37.5766 38.8973 64.0078 61.0327 86.9477 
40.4005 17.4929 67.0075 92.7566 54.0833 44.1814 36.6742 61.327 22.3607 49.8121 40.3113 88.8758 19.0263 27.7849 80.5295 82.49 15.2315 33.541 53.6444 15.0 3.16228 56.0803 39.3192 0.0 34.0 48.0416 42.0574 63.6752 36.3456 47.634 18.6815 6.32456 72.4617 54.5769 13.0384 62.2843 25.9114 31.0644 34.2345 64.7611 
48.6037 16.5529 59.1845 95.8259 50.6348 52.6432 42.9345 88.5353 56.356 76.9946 34.6554 66.1211 51.2445 17.8885 55.5788 89.5647 24.0832 20.5183 64.8918 21.3776 31.9061 48.4424 72.1249 34.0 0.0 45.6597 50.1933 38.8973 12.53 15.6525 16.2788 29.7321 92.8328 81.7594 45.8039 89.4668 51.3566 16.4012 31.6228 49.3356 
20.6155 44.9561 19.0263 53.0377 7.81025 7.2111 15.0 64.2519 62.1567 62.8954 12.4341 46.7894 52.3509 30.4673 43.0527 46.3249 38.3609 25.5599 32.0443 40.7068 49.0102 8.06226 67.0983 48.0416 45.6597 0.0 18.3576 21.473 58.0393 44.8502 49.6702 42.0 59.3043 51.6778 59.6825 61.1116 30.7302 30.021 18.2673 19.9279 
4.0 41.7253 31.7648 50.9902 18.6011 11.1803 7.61577 47.832 49.366 46.5142 30.4465 64.4438 38.3275 32.5813 61.0651 41.0488 32.0576 34.05 15.3023 35.4683 43.9322 24.0416 50.9727 42.0574 50.1933 18.3576 0.0 39.4854 60.5161 55.6354 46.6905 37.0416 43.2342 35.2579 50.4876 44.6917 17.2627 35.4009 29.4632 37.6431 
41.9085 44.1022 22.4999 63.5314 23.7075 28.4565 36.4416 84.8744 80.8076 84.29 24.7206 33.121 71.3907 29.3193 26.9072 59.8346 48.6196 23.262 52.8334 42.2357 56.5003 17.5105 88.4929 63.6752 38.8973 21.473 39.4854 0.0 51.264 29.8329 48.0 57.3588 78.9973 72.3004 76.2565 81.7342 68.9824 27.0185 30.4144 10.4403 
58.9266 21.3776 71.5711 108.206 63.0143 58.4284 53.2574 94.6136 57.9741 83.073 46.7547 77.026 55.1453 29.0689 66.0303 100.832 31.3209 32.6497 75.3272 27.8927 33.541 60.829 75.6637 36.3456 12.53 58.0393 60.5161 51.264 0.0 25.02 18.0 34.0147 103.268 87.8378 45.8803 95.5452 57.435 28.3196 43.1856 61.6847 
53.4699 30.4138 52.233 93.2646 49.5328 51.8337 48.3766 99.5536 69.6348 88.013 34.2516 52.0865 63.0635 23.7697 41.0122 87.6135 34.8855 22.0 70.3339 33.2866 46.0109 47.2437 83.672 47.634 15.6525 44.8502 55.6354 29.8329 25.02 0.0 31.4006 42.4382 98.2749 90.2896 60.1415 100.485 61.7405 20.3961 33.2415 39.6611 
45.0366 5.0 64.2884 96.5318 54.6453 45.1202 39.8246 76.8596 40.8534 65.319 37.3363 78.6448 37.2156 19.4165 68.9638 87.4586 15.0 25.1794 61.4372 11.4018 16.1555 53.1601 57.8705 18.6815 16.2788 49.6702 46.6905 48.0 18.0 31.4006 0.0 16.0312 89.3782 70.0838 29.6816 77.7912 39.681 21.0238 32.2025 58.088 
35.3847 13.3417 61.0082 87.7407 48.2597 38.4708 31.3209 61.1007 27.2029 49.5601 34.1321 82.6153 21.587 21.6333 74.3034 78.0002 8.94427 27.2947 51.7783 9.21954 7.07107 50.01 42.45 6.32456 29.7321 42.0 37.0416 57.3588 34.0147 42.4382 16.0312 0.0 79.7194 54.3249 19.2354 62.0323 24.0454 25.0 28.0713 58.4637 
44.8404 84.411 63.1585 47.8539 55.3173 53.0377 50.7869 17.0294 63.8201 42.6497 70.729 99.4032 55.9949 75.2208 99.3277 36.8917 74.7424 76.6896 34.4402 78.1745 75.6031 61.6117 50.3289 72.4617 92.8328 59.3043 43.2342 78.9973 103.268 98.2749 89.3782 79.7194 0.0 18.4391 72.9609 13.1529 56.496 78.0405 72.1027 75.0 
36.8551 66.528 58.2601 55.4437 48.5067 45.1787 42.8015 13.9284 46.1495 24.7648 63.2614 94.1618 38.1101 67.2354 92.8883 43.4166 57.727 68.7042 26.4548 60.4744 57.7183 54.8236 35.2278 54.5769 81.7594 51.6778 35.2579 72.3004 87.8378 90.2896 70.0838 54.3249 18.4391 0.0 55.0761 12.0416 40.7648 70.0551 64.1173 68.5812 
46.5296 29.7321 78.4092 100.285 65.123 55.0818 47.0 60.803 13.0384 50.3113 52.4697 101.85 16.9706 40.8167 93.5361 89.3344 28.178 46.5296 60.4886 28.0179 14.1421 67.7422 32.5576 13.0384 45.8039 59.6825 50.4876 76.2565 45.8803 60.1415 29.6816 19.2354 72.9609 55.0761 0.0 62.482 33.249 44.1022 46.3898 77.201 
46.2889 74.2354 67.6757 59.1354 57.9405 54.6125 52.2353 4.12311 52.4023 32.4722 72.6952 103.596 45.607 77.0847 102.322 47.5395 65.4344 81.1907 35.8886 68.1818 65.4257 64.2574 37.5766 62.2843 89.4668 61.1116 44.6917 81.7342 95.5452 100.485 77.7912 62.0323 13.1529 12.0416 62.482 0.0 48.4722 80.6769 73.5511 78.015 
13.3417 36.1252 46.8763 67.7791 33.2869 23.8551 16.2007 47.5407 33.2415 36.0 45.0369 95.3161 22.4722 38.34 89.5686 57.2451 27.3242 42.446 28.555 30.0717 28.7372 37.7366 38.8973 25.9114 51.3566 30.7302 17.2627 68.9824 57.435 61.7405 39.681 24.0454 56.496 40.7648 33.249 48.4722 0.0 41.9323 38.9571 69.7921 
33.8114 17.1172 44.0114 80.1872 34.996 33.3132 28.1421 79.7454 51.6236 68.2047 18.4391 58.5235 43.8292 3.60555 49.6588 73.926 16.2788 4.47214 50.0994 16.1245 30.4138 33.1059 64.0078 31.0644 16.4012 30.021 35.4009 27.0185 28.3196 20.3961 21.0238 25.0 78.0405 70.0551 44.1022 80.6769 41.9323 0.0 15.2643 37.0877 
27.2976 27.313 33.1485 78.7871 36.6979 27.3755 22.2044 80.6179 50.7823 69.0772 6.08276 56.7481 41.3653 14.1421 52.0191 69.7794 20.0998 11.7047 44.1617 22.561 35.0143 22.0227 61.0327 34.2345 31.6228 18.2673 29.4632 30.4144 43.1856 33.2415 32.2025 28.0713 72.1027 64.1173 46.3898 73.5511 38.9571 15.2643 0.0 31.0161 
40.3113 54.0 14.5602 55.5428 20.1246 26.8701 34.8965 81.1553 81.6173 82.7448 25.0799 26.8701 72.2004 39.0128 24.3516 52.9528 49.8197 33.0 49.9918 51.3517 65.1153 13.8924 86.9477 64.7611 49.3356 19.9279 37.6431 10.4403 61.6847 39.6611 58.088 58.4637 75.0 68.5812 77.201 78.015 69.7921 37.0877 31.0161 0.0 
DEMAND_SCENARIO_SECTION
0 0 0 0 0 0 0 0 0 0 0 0 0 0 0 0 0 0 0 0 0 0 0 0 0 0 0 0 0 0 0 0 0 0 0 0 0 0 0 0 0 0 0 0 0 0 0 0 0 0 
2 4 2 1 3 2 2 5 2 2 4 0 1 2 3 0 4 1 1 0 3 0 0 4 0 5 2 1 1 2 2 4 5 4 1 0 1 4 4 1 2 1 0 3 4 3 3 5 4 3 
6 7 15 6 8 15 9 10 16 15 13 11 16 6 9 13 11 10 1 12 10 9 15 10 14 5 11 8 8 11 13 9 10 14 15 10 16 10 5 9 12 17 8 9 10 10 12 17 9 15 
1 2 0 4 0 2 2 0 1 0 0 0 1 1 1 3 1 1 1 0 3 0 1 1 2 0 2 2 0 0 2 2 2 0 2 1 1 1 2 2 2 2 2 3 1 1 0 0 0 3 
6 13 14 10 12 6 9 9 11 12 10 6 4 8 15 12 10 11 9 6 10 12 14 9 10 9 10 11 7 8 9 14 7 10 14 9 11 10 13 10 10 14 11 6 8 8 9 11 11 8 
6 8 6 8 6 8 4 7 6 9 9 2 8 7 5 2 5 8 7 5 9 6 8 10 11 6 7 4 9 0 8 1 8 8 7 7 7 9 2 6 7 6 11 4 6 4 7 3 9 5 
1 1 1 2 0 1 2 1 1 2 1 1 0 1 1 1 3 2 1 0 2 1 0 0 3 0 2 2 1 1 2 1 0 1 3 1 0 1 1 2 1 1 1 2 1 1 1 2 1 0 
12 12 8 14 10 11 8 5 9 7 13 7 7 7 11 9 12 8 13 16 7 12 17 14 9 11 6 8 4 10 13 10 9 9 6 9 9 10 8 7 15 13 10 4 10 16 10 13 12 6 
15 13 7 8 5 5 7 12 9 10 7 17 9 10 10 6 7 5 9 5 7 8 10 15 7 8 7 9 8 8 12 12 5 7 11 9 8 11 3 8 7 10 10 7 5 11 8 7 11 16 
0 4 5 6 6 7 6 9 6 4 10 8 4 6 5 8 4 5 8 5 1 3 5 8 8 7 5 0 9 8 2 7 8 11 3 4 7 7 2 1 9 8 3 7 7 11 6 8 9 5 
5 3 4 4 5 4 0 6 5 3 3 6 7 5 6 9 6 6 2 5 5 6 3 3 0 5 6 3 2 8 0 6 8 2 5 4 1 3 6 4 5 1 3 7 2 6 1 2 1 4 
12 12 7 9 10 4 14 8 7 10 11 7 11 11 11 6 11 15 13 9 13 7 9 4 8 8 12 10 12 8 8 5 12 9 7 9 6 7 9 7 7 7 6 6 9 8 5 15 9 10 
11 9 10 9 11 9 13 9 2 6 14 11 10 8 12 9 5 6 12 8 9 3 8 4 2 8 8 13 16 6 4 12 2 5 10 6 10 6 11 6 7 7 11 11 12 8 10 8 5 3 
7 3 4 5 2 4 11 9 5 7 8 6 8 4 4 3 7 5 1 7 4 11 6 0 8 6 0 3 9 6 0 7 1 1 2 4 2 6 7 4 11 3 4 4 4 9 5 5 4 7 
9 8 6 6 5 11 10 13 10 9 11 8 10 11 3 7 8 10 9 15 9 14 11 17 10 14 8 11 17 11 8 13 10 7 9 10 9 6 6 10 13 8 15 10 5 9 12 8 12 11 
1 1 1 0 0 1 3 1 1 2 2 2 1 2 0 2 2 2 1 1 1 0 2 0 2 2 2 1 1 1 0 1 1 1 1 1 0 1 1 0 1 1 0 3 1 0 1 1 2 1 
10 6 7 8 9 5 12 5 3 10 4 3 9 9 7 8 7 8 8 13 10 7 8 7 2 8 10 11 5 7 8 9 6 12 9 8 9 1 7 2 5 9 6 6 8 0 8 7 6 7 
2 4 7 4 2 3 10 5 6 1 3 0 4 2 4 2 6 4 8 4 4 2 3 5 0 4 4 3 2 5 2 1 5 4 8 3 2 1 4 5 3 0 2 6 7 5 5 6 1 5 
9 8 4 6 8 9 8 10 10 6 11 10 8 9 10 11 5 8 11 11 10 5 11 11 9 12 8 13 6 2 17 10 11 8 14 7 11 7 7 11 9 7 11 12 7 8 10 12 8 15 
10 4 8 10 9 14 5 11 9 12 13 8 9 9 4 6 8 10 7 7 3 11 6 9 3 9 8 7 0 6 6 11 3 9 7 1 9 3 11 11 6 7 8 7 9 10 6 12 10 10 
12 7 7 5 12 14 9 9 6 8 11 11 14 12 5 8 10 8 10 3 5 7 7 7 3 8 9 9 12 8 12 10 7 7 14 4 9 8 13 5 14 10 15 6 6 7 10 13 9 10 
7 9 12 7 8 4 6 9 7 6 8 5 4 8 8 9 10 8 7 6 10 4 10 3 7 9 7 6 10 3 5 8 7 8 3 8 3 3 3 8 2 10 8 8 11 3 6 6 7 6 
10 4 6 7 8 8 6 5 6 8 9 7 8 13 11 12 7 4 5 7 4 10 8 7 6 7 10 9 7 12 9 10 6 7 11 9 5 0 7 9 5 5 6 2 7 11 5 10 9 13 
4 3 6 3 4 3 6 0 2 3 4 1 5 1 1 6 1 0 5 5 8 4 7 1 3 2 5 3 4 1 5 3 5 4 2 0 0 2 4 0 2 2 2 2 0 1 5 5 1 2 
5 3 2 1 6 7 6 4 2 5 2 2 4 4 5 8 5 3 6 2 5 4 4 5 5 2 2 4 7 0 4 4 4 7 7 2 3 5 3 7 6 5 3 1 3 4 3 4 3 5 
7 11 16 14 8 4 8 10 9 8 6 3 12 10 8 7 13 10 12 8 8 6 13 10 9 9 12 3 10 8 10 12 5 8 6 11 9 8 11 10 9 2 10 8 10 15 18 12 12 13 
4 7 6 7 9 5 4 7 6 8 11 1 9 11 7 5 3 7 8 10 5 5 4 8 8 7 4 3 7 9 6 11 8 7 12 4 6 5 8 5 11 8 6 9 5 5 11 5 8 7 
7 4 2 8 2 2 3 7 2 5 1 4 3 2 2 5 5 5 2 4 5 3 3 6 4 4 7 0 7 2 3 4 3 4 5 7 3 6 5 3 2 7 6 4 9 5 4 4 10 6 
2 5 5 4 1 2 3 3 7 5 2 1 4 2 4 3 2 4 6 3 1 2 2 2 3 4 5 2 6 3 3 4 0 4 2 3 2 2 5 2 2 6 5 4 5 0 0 4 5 6 
2 2 1 0 3 1 3 3 2 3 1 2 3 1 4 0 3 1 2 3 0 2 2 2 2 2 3 3 1 1 2 1 1 0 2 3 3 0 2 2 0 0 1 4 0 2 3 2 4 2 
6 4 3 2 4 3 3 6 4 2 2 3 7 4 3 7 6 5 3 1 9 3 2 2 4 0 3 4 5 4 6 3 4 2 4 0 3 0 4 3 4 3 8 4 5 7 3 6 6 0 
7 3 8 3 7 0 5 8 5 5 2 6 7 2 2 1 4 4 2 4 6 5 3 3 6 5 6 6 6 6 4 6 1 7 2 3 4 6 3 2 2 2 3 5 0 2 6 4 4 6 
2 0 2 1 2 0 0 1 0 0 0 0 1 0 1 1 1 2 1 2 1 1 0 1 1 0 2 0 1 1 2 0 0 2 0 0 2 1 1 1 1 0 0 0 1 1 2 0 1 3 
6 11 9 5 1 7 6 9 5 9 10 7 7 3 2 6 5 4 10 0 13 8 3 11 8 6 1 9 8 5 8 9 10 8 9 11 10 6 6 3 9 13 8 7 8 8 5 6 8 7 
0 0 2 2 3 0 3 1 2 2 1 2 2 3 1 3 3 2 4 2 2 2 3 3 2 3 3 1 1 2 2 2 1 3 2 1 4 2 1 2 2 1 1 6 3 2 4 1 3 0 
1 3 8 5 1 0 5 4 4 5 3 3 6 3 5 4 6 2 8 7 9 4 5 5 3 3 3 4 4 7 6 3 5 4 6 0 4 5 7 7 9 4 1 7 2 7 6 7 9 3 
10 8 12 12 12 7 11 6 15 8 9 8 9 10 7 10 11 6 9 6 12 9 10 13 7 9 10 8 9 11 7 5 10 6 17 8 8 8 10 14 4 2 5 9 4 7 10 8 16 10 
13 8 12 8 8 9 8 7 2 13 5 9 10 8 14 8 10 9 11 11 6 6 15 11 6 11 4 7 10 8 18 8 9 13 8 10 11 9 11 9 8 9 5 10 14 6 6 10 9 9 
10 9 5 7 9 9 9 6 6 7 6 9 6 11 8 6 12 7 12 7 7 6 7 9 7 2 8 9 9 12 13 8 9 5 9 5 5 11 10 10 6 3 5 8 10 12 6 2 11 6 
2 1 1 2 0 3 0 0 2 0 2 2 1 2 0 0 0 2 1 1 1 2 1 0 1 0 1 0 3 2 1 0 0 1 1 2 0 0 0 1 3 1 1 0 2 0 2 1 3 3 
DEPOT_SECTION
 1
 -1
EOF
