NAME  : Parada_40_3_0.95_1.00_9
TYPE : SVRP
MODEL : FINITE_SUPPORT
NUMBER_OF_SCENARIOS : 50
DIMENSION : 40
EDGE_WEIGHT_TYPE : MATRIX
CAPACITY : 78
N_VEHICLES : 3
NODE_COORD_SECTION
1 410840 18
2 254120 89335
3 601860 71754
4 507070 172320
5 681120 125440
6 98445 233780
7 208710 86656
8 469530 94767
9 451040 94333
10 514620 125910
11 105710 144090
12 279460 412440
13 241470 131640
14 400890 214270
15 59246 294230
16 652000 138690
17 386800 363710
18 196220 291930
19 79112 210030
20 333120 399240
21 222400 128540
22 28931 249340
23 604000 404250
24 681940 155500
25 640440 276820
26 656460 83901
27 467180 393910
28 202030 210680
29 61184 159980
30 457030 6191
31 74211 317590
32 624230 146670
33 27 102280
34 426610 139960
35 383720 397180
36 233670 277050
37 74161 176790
38 404400 428500
39 208590 96527
40 330160 264150
DEMAND_SECTION
1 0.0
2 5.0
3 6.0
4 6.0
5 7.0
6 7.0
7 2.0
8 2.0
9 1.0
10 10.0
11 6.0
12 8.0
13 5.0
14 1.0
15 9.0
16 4.0
17 7.0
18 10.0
19 8.0
20 1.0
21 8.0
22 2.0
23 5.0
24 9.0
25 1.0
26 1.0
27 6.0
28 9.0
29 2.0
30 5.0
31 6.0
32 10.0
33 7.0
34 8.0
35 8.0
36 8.0
37 7.0
38 3.0
39 10.0
40 5.0
DISTANCE_MATRIX
0.0 46.9037 40.667 48.0521 34.05 60.4557 38.9487 33.2415 30.4138 40.7922 51.6871 55.272 36.5978 19.131 60.5045 34.1898 51.6624 49.8591 50.8462 49.1285 39.4246 59.6473 54.7601 31.0067 40.6769 30.7599 43.909 35.7411 53.0034 8.24621 67.6127 48.0327 72.1224 37.3473 43.8406 41.6923 65.3411 36.8782 40.3113 52.2724 
46.9037 0.0 46.1736 36.8782 49.0408 31.0498 8.60233 78.2162 76.1604 34.0147 42.4853 72.0398 11.4018 45.607 18.0278 61.0328 77.5242 30.1496 49.6588 71.0211 8.24621 23.4094 84.9591 49.3964 70.8378 56.0803 77.1038 21.0238 25.4558 42.4493 27.0 56.0803 38.833 84.0369 70.1783 33.3766 29.0 67.0298 7.2111 99.0008 
40.667 46.1736 0.0 15.6205 10.0499 65.1507 39.0128 69.857 66.7083 13.0 77.5626 94.0232 43.566 59.1004 64.195 31.257 91.6459 53.7569 84.6369 89.0978 44.1814 68.1175 55.6597 14.0 43.566 25.0799 84.3739 49.98 65.5134 43.2782 73.1095 10.0499 80.05 70.3491 83.8099 59.9073 68.884 76.9047 40.0 75.9539 
48.0521 36.8782 15.6205 0.0 24.5967 61.3634 31.7805 80.2247 77.1622 7.28011 72.9512 96.011 38.0789 57.8311 54.4518 45.2217 96.2495 51.9257 80.0255 91.6138 37.5766 60.1664 70.3847 27.8568 57.5674 38.8973 90.9159 47.0106 59.9333 48.4665 63.5059 22.8254 74.3236 82.0549 88.2058 58.0761 63.5059 82.7568 32.311 89.7385 
34.05 49.0408 10.0499 24.5967 0.0 64.018 41.0 60.4401 57.28 19.8494 75.6058 87.8872 44.1022 52.5022 66.7083 21.2132 85.0478 51.8001 83.718 82.4997 45.3982 69.2604 45.8803 4.12311 33.541 15.0333 77.7569 48.5077 65.123 37.0135 75.3127 14.2127 79.404 60.531 77.2118 57.9505 68.2642 70.3065 42.2019 65.9242 
60.4557 31.0498 65.1507 61.3634 64.018 0.0 30.6253 71.3444 70.0431 56.0449 12.0416 41.0 23.5589 42.821 30.8058 68.3154 48.0416 21.7023 18.868 41.0122 25.0846 23.7065 91.3762 62.4702 77.293 64.8855 50.7327 15.3424 13.0384 58.7731 33.121 75.6426 22.1359 79.3967 41.4483 18.9848 13.4536 40.8238 30.7109 97.8599 
38.9487 8.60233 39.0128 31.7805 41.0 30.6253 0.0 71.2002 68.5984 27.6586 42.2132 69.5065 7.2111 39.3192 25.7099 52.4309 73.7564 25.3249 49.2875 67.72 5.83095 29.1548 76.4199 41.1096 62.2896 47.5079 72.0625 17.8885 28.178 34.5093 34.3657 49.0408 42.5441 76.0969 66.0984 30.4631 31.7648 62.2046 1.41421 91.0608 
33.2415 78.2162 69.857 80.2247 60.4401 71.3444 71.2002 0.0 3.16228 73.1095 59.6784 50.0899 66.8548 33.2866 88.1837 42.2486 39.3192 64.4183 57.7062 42.0476 70.0147 83.1692 36.2491 56.3205 36.2507 46.6154 26.4764 61.455 73.9131 37.0 92.4896 73.736 80.1137 9.21954 35.0571 52.5809 75.5769 28.4429 72.6489 28.8617 
30.4138 76.1604 66.7083 77.1622 57.28 70.0431 68.5984 3.16228 0.0 70.0643 58.9473 51.0 64.7989 31.4006 86.031 39.1152 40.7922 62.2656 57.2713 43.0116 67.9589 81.868 34.2579 53.1601 34.2579 43.4626 28.1603 59.3023 72.6118 34.5398 91.1883 70.5762 79.3826 9.43398 36.0139 51.2797 74.9285 29.0689 69.9529 28.7924 
40.7922 34.0147 13.0 7.28011 19.8494 56.0449 27.6586 73.1095 70.0643 0.0 67.6327 88.9999 33.2415 50.848 52.0 39.3954 89.2663 45.8644 76.7444 84.6307 33.2415 56.7186 64.846 22.4722 51.6236 33.1059 83.6457 41.3401 55.3624 41.2311 61.0082 22.3607 69.8928 75.1665 81.2226 52.0148 58.8727 75.7736 28.4429 83.5225 
51.6871 42.4853 77.5626 72.9512 75.6058 12.0416 42.2132 59.6784 58.9473 67.6327 0.0 31.0161 35.1468 34.0525 39.0128 79.9032 40.2616 32.8062 7.28011 32.7567 36.6725 30.1496 89.7491 74.6351 80.3104 76.4733 45.2769 26.9302 20.025 50.0046 38.833 87.2304 20.6155 68.376 34.9285 26.4077 18.1108 35.805 42.2987 87.4923 
55.272 72.0398 94.0232 96.011 87.8872 41.0 69.5065 50.0899 51.0 88.9999 31.0161 0.0 62.4951 40.6079 70.0286 78.7538 13.6015 45.2769 24.0208 8.06226 65.0552 61.0328 84.8207 85.5998 81.1691 81.5667 25.2982 51.7439 51.0392 53.5895 69.3542 102.092 48.5077 59.2115 15.0333 39.0966 49.0102 22.0907 70.0933 78.6384 
36.5978 11.4018 43.566 38.0789 44.1022 23.5589 7.2111 66.8548 64.7989 33.2415 35.1468 62.4951 0.0 34.2053 24.1868 52.7731 67.082 19.0 42.2211 60.8769 3.16228 25.1794 75.9862 43.566 61.903 48.4665 66.0076 10.7703 22.1359 50.6054 31.9531 53.6004 36.6879 73.6189 59.5399 23.4094 25.632 56.0089 7.61577 88.6949 
19.131 45.607 59.1004 57.8311 52.5022 42.821 39.3192 33.2866 31.4006 50.848 34.0525 40.6079 34.2053 0.0 55.2371 45.3573 39.1152 31.4717 33.2662 35.3836 37.3631 54.6459 58.8129 49.4589 47.7725 49.2121 33.9559 28.5084 45.3898 17.4485 63.9662 65.9514 54.4878 40.3609 31.0644 24.0576 47.7064 25.0799 40.4475 57.8014 
60.5045 18.0278 64.195 54.4518 66.7083 30.8058 25.7099 88.1837 86.031 52.0 39.0128 70.0286 24.1868 55.2371 0.0 76.9415 78.5175 37.4433 46.0977 71.2531 21.9317 9.84886 100.171 66.7608 86.0881 72.4983 81.2137 27.8029 19.0 71.9419 9.05539 74.108 26.9258 94.9553 72.1803 36.4029 21.2132 71.0231 24.5153 113.836 
34.1898 61.0328 31.257 45.2217 21.2132 68.3154 52.4309 42.2486 39.1152 39.3954 79.9032 78.7538 52.7731 45.3573 76.9415 0.0 72.4847 56.0975 86.9775 71.7102 55.0727 76.9031 25.5539 17.4642 12.3693 6.32456 62.2896 53.1306 70.3929 37.1612 84.5813 32.5576 84.0353 41.3513 65.4371 62.2479 73.1151 57.8615 53.8238 44.7214 
51.6624 77.5242 91.6459 96.2495 85.0478 48.0416 73.7564 39.3192 40.7922 89.2663 40.2616 13.6015 67.082 39.1152 78.5175 72.4847 0.0 48.5077 34.176 7.61577 69.8713 70.214 75.015 82.0044 74.8999 75.2975 13.0 56.5685 59.6825 49.994 79.0759 99.0305 59.6154 48.0937 8.06226 44.1814 58.2495 14.8661 74.5252 67.0298 
49.8591 30.1496 53.7569 51.9257 51.8001 21.7023 25.3249 64.4183 62.2656 45.8644 32.8062 45.2769 19.0 31.4717 37.4433 56.0975 48.5077 0.0 32.0416 42.72 22.0227 33.3017 79.1583 50.8294 65.0752 52.6676 47.0106 9.84886 24.2711 48.1765 42.4264 63.4247 37.4222 70.744 40.7922 8.544 26.5877 37.0135 26.1725 88.5315 
50.8462 49.6588 84.6369 80.0255 83.718 18.868 49.2875 57.7062 57.2713 76.7444 7.28011 24.0208 42.2211 33.2662 46.0977 86.9775 34.176 32.0416 0.0 26.5707 43.7467 37.0135 88.6615 81.7094 79.3795 83.5476 40.6079 34.0045 27.1662 49.1636 45.3982 94.3047 25.4951 66.6408 29.6816 25.6431 25.0 31.8277 49.373 86.0058 
49.1285 71.0211 89.0978 91.6138 82.4997 41.0122 67.72 42.0476 43.0116 84.6307 32.7567 8.06226 60.8769 35.3836 71.2531 71.7102 7.61577 42.72 26.5707 0.0 63.561 62.8013 76.9166 79.4563 74.1255 74.5231 17.4642 50.2195 52.345 47.4459 71.5891 96.4823 52.0 51.1566 7.0 37.6563 50.8035 14.3178 68.4105 70.5762 
39.4246 8.24621 44.1814 37.5766 45.3982 25.0846 5.83095 70.0147 67.9589 33.2415 36.6725 65.0552 3.16228 37.3631 21.9317 55.0727 69.8713 22.0227 43.7467 63.561 0.0 24.0 78.4393 45.1221 64.3173 50.5668 69.029 13.3417 22.3607 53.7654 30.0832 54.231 36.7696 76.5577 62.3939 25.9615 25.9422 59.0 5.65685 91.5216 
59.6473 23.4094 68.1175 60.1664 69.2604 23.7065 29.1548 83.1692 81.868 56.7186 30.1496 61.0328 25.1794 54.6459 9.84886 76.9031 70.214 33.3017 37.0135 62.8013 24.0 0.0 99.9639 68.7314 85.8807 73.0821 73.7776 24.6982 10.7703 70.598 9.43398 78.1601 17.2047 91.2215 64.2884 30.8097 12.0416 63.8687 28.2843 110.953 
54.7601 84.9591 55.6597 70.3847 45.8803 91.3762 76.4199 36.2491 34.2579 64.846 89.7491 84.8207 75.9862 58.8129 100.171 25.5539 75.015 79.1583 88.6615 76.9166 78.4393 99.9639 0.0 42.5441 14.1421 31.7648 62.4177 76.1914 93.4537 60.55 107.673 54.4518 107.096 29.4109 69.9471 84.4169 96.176 62.7442 77.8332 22.561 
31.0067 49.3964 14.0 27.8568 4.12311 62.4702 41.1096 56.3205 53.1601 22.4722 74.6351 85.5998 43.566 49.4589 66.7608 17.4642 82.0044 50.8294 81.7094 79.4563 45.1221 68.7314 42.5441 0.0 29.8329 11.1803 73.4438 47.0956 64.0 33.9781 75.1864 18.0278 78.1025 56.4358 74.1684 56.9798 67.0298 67.2632 42.3792 62.1691 
40.6769 70.8378 43.566 57.5674 33.541 77.293 62.2896 36.2507 34.2579 51.6236 80.3104 81.1691 61.903 47.7725 86.0881 12.3693 74.8999 65.0752 79.3795 74.1255 64.3173 85.8807 14.1421 29.8329 0.0 18.6815 64.5619 62.1082 79.3705 46.4668 93.5897 44.1022 93.0129 30.5144 67.8524 70.3338 82.0928 60.2768 63.7024 32.3883 
30.7599 56.0803 25.0799 38.8973 15.0333 64.8855 47.5079 46.6154 43.4626 33.1059 76.4733 81.5667 48.4665 49.2121 72.4983 6.32456 75.2975 52.6676 83.5476 74.5231 50.5668 73.0821 31.7648 11.1803 18.6815 0.0 65.1949 49.6488 66.9104 33.7313 80.4114 27.2029 80.6054 45.9103 68.25 58.8181 69.6335 60.6744 48.8774 50.9902 
43.909 77.1038 84.3739 90.9159 77.7569 50.7327 72.0625 26.4764 28.1603 83.6457 45.2769 25.2982 66.0076 33.9559 81.2137 62.2896 13.0 47.0106 40.6079 17.4642 69.029 73.7776 62.4177 73.4438 64.5619 65.1949 0.0 56.2228 63.0264 42.8259 83.0118 91.3589 65.7343 35.1283 11.4018 44.911 62.2415 10.198 73.0274 54.037 
35.7411 21.0238 49.98 47.0106 48.5077 15.3424 17.8885 61.455 59.3023 41.3401 26.9302 51.7439 10.7703 28.5084 27.8029 53.1306 56.5685 9.84886 34.0045 50.2195 13.3417 24.6982 76.1914 47.0956 62.1082 49.6488 56.2228 0.0 17.2627 45.2133 33.4215 59.7746 31.0161 68.2267 49.163 12.6491 20.025 46.0977 18.3848 85.5683 
53.0034 25.4558 65.5134 59.9333 65.123 13.0384 28.178 73.9131 72.6118 55.3624 20.025 51.0392 22.1359 45.3898 19.0 70.3929 59.6825 24.2711 27.1662 52.345 22.3607 10.7703 93.4537 64.0 79.3705 66.9104 63.0264 17.2627 0.0 61.3419 20.1246 75.505 14.5602 81.9654 53.6004 21.5536 3.60555 53.1174 27.7849 101.697 
8.24621 42.4493 43.2782 48.4665 37.0135 58.7731 34.5093 37.0 34.5398 41.2311 50.0046 53.5895 50.6054 17.4485 71.9419 37.1612 49.994 48.1765 49.1636 47.4459 53.7654 70.598 60.55 33.9781 46.4668 33.7313 42.8259 45.2133 61.3419 0.0 79.9183 50.9902 70.4398 42.5441 42.1581 40.0097 63.6585 35.2528 35.8638 58.0371 
67.6127 27.0 73.1095 63.5059 75.3127 33.121 34.3657 92.4896 91.1883 61.0082 38.833 69.3542 31.9531 63.9662 9.05539 84.5813 79.0759 42.4264 45.3982 71.5891 30.0832 9.43398 107.673 75.1864 93.5897 80.4114 83.0118 33.4215 20.1246 79.9183 0.0 83.0542 22.561 100.542 73.3757 40.13 20.8806 73.1029 33.2415 120.273 
48.0327 56.0803 10.0499 22.8254 14.2127 75.6426 49.0408 73.736 70.5762 22.3607 87.2304 102.092 53.6004 65.9514 74.108 32.5576 99.0305 63.4247 94.3047 96.4823 54.231 78.1601 54.4518 18.0278 44.1022 27.2029 91.3589 59.7746 75.505 50.9902 83.0542 0.0 90.0278 73.1011 91.1945 69.5751 78.8543 84.2892 50.01 76.0263 
72.1224 38.833 80.05 74.3236 79.404 22.1359 42.5441 80.1137 79.3826 69.8928 20.6155 48.5077 36.6879 54.4878 26.9258 84.0353 59.6154 37.4222 25.4951 52.0 36.7696 17.2047 107.096 78.1025 93.0129 80.6054 65.7343 31.0161 14.5602 70.4398 22.561 90.0278 0.0 88.8113 55.0727 34.7047 11.1803 56.4004 42.0476 109.527 
37.3473 84.0369 70.3491 82.0549 60.531 79.3967 76.0969 9.21954 9.43398 75.1665 68.376 59.2115 73.6189 40.3609 94.9553 41.3513 48.0937 70.744 66.6408 51.1566 76.5577 91.2215 29.4109 56.4358 30.5144 45.9103 35.1283 68.2267 81.9654 42.5441 100.542 73.1011 88.8113 0.0 44.1814 60.6333 84.2821 37.6563 77.4514 19.6469 
43.8406 70.1783 83.8099 88.2058 77.2118 41.4483 66.0984 35.0571 36.0139 81.2226 34.9285 15.0333 59.5399 31.0644 72.1803 65.4371 8.06226 40.7922 29.6816 7.0 62.3939 64.2884 69.9471 74.1684 67.8524 68.25 11.4018 49.163 53.6004 42.1581 73.3757 91.1945 55.0727 44.1814 0.0 37.0 52.4976 7.61577 66.9104 63.6396 
41.6923 33.3766 59.9073 58.0761 57.9505 18.9848 30.4631 52.5809 51.2797 52.0148 26.4077 39.0966 23.4094 24.0576 36.4029 62.2479 44.1814 8.544 25.6431 37.6563 25.9615 30.8097 84.4169 56.9798 70.3338 58.8181 44.911 12.6491 21.5536 40.0097 40.13 69.5751 34.7047 60.6333 37.0 0.0 23.8702 34.7131 31.0161 79.0965 
65.3411 29.0 68.884 63.5059 68.2642 13.4536 31.7648 75.5769 74.9285 58.8727 18.1108 49.0102 25.632 47.7064 21.2132 73.1151 58.2495 26.5877 25.0 50.8035 25.9422 12.0416 96.176 67.0298 82.0928 69.6335 62.2415 20.025 3.60555 63.6585 20.8806 78.8543 11.1803 84.2821 52.4976 23.8702 0.0 52.3422 31.3847 102.745 
36.8782 67.0298 76.9047 82.7568 70.3065 40.8238 62.2046 28.4429 29.0689 75.7736 35.805 22.0907 56.0089 25.0799 71.0231 57.8615 14.8661 37.0135 31.8277 14.3178 59.0 63.8687 62.7442 67.2632 60.2768 60.6744 10.198 46.0977 53.1174 35.2528 73.1029 84.2892 56.4004 37.6563 7.61577 34.7131 52.3422 0.0 63.1426 57.2713 
40.3113 7.2111 40.0 32.311 42.2019 30.7109 1.41421 72.6489 69.9529 28.4429 42.2987 70.0933 7.61577 40.4475 24.5153 53.8238 74.5252 26.1725 49.373 68.4105 5.65685 28.2843 77.8332 42.3792 63.7024 48.8774 73.0274 18.3848 27.7849 35.8638 33.2415 50.01 42.0476 77.4514 66.9104 31.0161 31.3847 63.1426 0.0 92.4153 
52.2724 99.0008 75.9539 89.7385 65.9242 97.8599 91.0608 28.8617 28.7924 83.5225 87.4923 78.6384 88.6949 57.8014 113.836 44.7214 67.0298 88.5315 86.0058 70.5762 91.5216 110.953 22.561 62.1691 32.3883 50.9902 54.037 85.5683 101.697 58.0371 120.273 76.0263 109.527 19.6469 63.6396 79.0965 102.745 57.2713 92.4153 0.0 
DEMAND_SCENARIO_SECTION
0 0 0 0 0 0 0 0 0 0 0 0 0 0 0 0 0 0 0 0 0 0 0 0 0 0 0 0 0 0 0 0 0 0 0 0 0 0 0 0 0 0 0 0 0 0 0 0 0 0 
6 4 6 3 4 7 5 5 4 5 4 5 5 4 4 6 4 10 3 6 4 8 1 6 3 5 6 3 2 6 6 3 7 3 8 5 1 6 2 4 0 6 8 8 5 4 5 7 6 7 
10 5 0 6 5 2 4 7 8 10 5 6 6 2 8 3 9 8 1 6 5 8 4 9 7 2 0 7 7 1 4 7 6 6 5 4 6 2 9 5 9 8 7 5 9 3 5 8 9 3 
7 4 6 4 6 6 7 9 4 4 5 6 5 10 6 6 10 7 5 12 4 10 8 4 7 4 8 4 6 7 4 7 10 9 7 6 7 4 4 5 6 4 9 9 5 4 7 7 3 3 
5 8 7 5 7 5 5 6 7 8 3 4 5 5 8 4 5 7 5 9 8 12 8 10 7 6 10 5 10 6 8 9 7 12 10 9 8 8 6 4 4 9 7 12 8 7 9 5 4 1 
15 9 3 8 5 10 6 8 8 6 12 5 8 7 8 8 6 8 3 2 11 10 3 9 7 8 9 13 8 11 6 12 7 5 9 7 5 5 8 11 8 11 8 0 10 9 8 8 6 7 
1 1 0 1 1 2 2 3 4 0 2 3 2 1 0 2 1 2 4 4 2 2 0 1 1 0 0 4 3 2 4 1 4 3 0 2 3 3 3 1 3 2 0 2 1 2 2 4 2 4 
2 3 1 1 1 1 0 0 1 2 1 0 0 2 0 3 1 1 2 1 1 1 2 1 2 3 3 7 2 2 3 1 1 1 3 2 3 2 2 1 1 2 3 2 3 1 3 5 1 1 
2 0 2 1 1 0 2 0 2 2 2 1 1 2 0 0 2 2 1 0 0 2 2 1 1 2 2 0 2 0 1 1 0 2 1 0 2 2 0 0 0 1 0 1 2 3 1 1 3 2 
10 7 6 9 10 8 18 9 6 8 9 4 8 7 9 12 10 12 13 7 8 8 5 12 13 7 17 10 11 10 6 11 9 9 9 10 14 14 14 12 11 10 8 3 10 8 14 10 8 10 
2 0 7 2 1 8 9 7 7 6 5 5 2 3 9 12 10 3 10 6 8 4 9 6 5 3 6 10 6 5 4 4 6 7 4 4 5 3 6 8 3 6 10 8 5 8 5 6 7 6 
7 12 4 6 10 13 12 9 8 6 9 13 6 7 4 10 10 12 6 8 8 9 7 1 8 9 12 6 7 9 8 7 4 11 4 8 7 8 7 9 12 5 11 3 10 9 6 9 11 9 
6 8 5 7 5 4 4 8 7 3 3 8 4 6 5 2 3 5 6 5 5 2 10 3 4 3 9 6 6 9 1 6 5 5 4 5 2 7 4 4 4 3 6 8 5 2 7 1 5 5 
0 0 0 1 0 0 2 2 0 0 2 0 0 1 2 1 1 3 2 0 0 2 1 0 0 1 1 2 1 1 0 0 2 1 1 4 2 2 0 0 0 1 1 0 0 2 1 1 1 0 
12 9 8 11 12 8 7 7 10 10 14 8 6 7 10 10 11 9 11 4 5 14 10 11 7 10 8 7 8 11 7 10 6 11 8 8 6 5 0 12 15 6 9 9 11 12 12 6 10 3 
7 4 4 4 2 1 5 7 1 8 9 2 3 2 5 2 0 2 1 3 8 2 7 0 2 0 4 4 6 7 7 2 8 4 6 4 5 7 4 5 3 9 6 6 0 1 5 0 5 2 
6 7 4 11 7 3 5 0 7 5 5 5 8 4 5 7 7 7 3 5 5 1 4 8 13 7 7 11 12 6 8 10 9 2 6 6 11 8 7 8 8 9 8 8 7 9 10 7 6 7 
8 11 5 12 17 4 11 4 8 8 8 9 12 6 17 9 10 13 12 13 12 13 10 5 10 9 10 16 10 11 18 12 13 9 7 10 9 10 11 6 15 11 12 16 7 10 8 10 8 9 
6 11 10 10 9 9 3 8 9 5 7 6 3 7 5 4 7 5 10 10 11 4 11 3 7 10 13 7 11 12 4 11 7 16 7 9 9 11 11 10 6 9 9 7 7 11 6 7 10 5 
2 1 0 0 0 0 1 1 0 1 1 1 0 0 0 0 3 1 2 2 0 0 1 2 2 3 0 3 2 1 0 0 1 3 0 2 0 0 2 2 2 1 1 1 0 0 0 1 0 1 
8 10 7 4 2 7 8 7 6 12 6 7 7 11 7 4 7 7 6 14 9 5 5 9 6 3 11 7 5 5 6 7 3 8 9 12 6 13 3 6 11 7 10 8 8 8 5 3 12 11 
6 2 1 2 2 2 3 5 1 0 3 3 1 1 3 1 2 1 2 2 3 3 3 2 2 2 2 2 1 3 0 1 4 2 0 1 2 3 1 2 4 3 1 0 1 2 1 3 6 1 
6 5 8 7 6 13 4 6 4 5 4 5 6 9 8 1 8 4 4 5 3 7 8 8 6 4 5 7 3 0 5 6 3 4 2 3 6 5 5 5 6 3 7 4 5 6 6 5 5 3 
10 8 12 10 10 8 13 11 14 13 8 10 8 12 13 10 6 7 2 10 9 6 10 6 7 7 8 6 4 12 9 10 10 6 13 11 13 12 8 12 12 9 7 10 8 7 8 16 9 13 
1 0 0 2 1 2 2 0 3 2 0 1 3 0 1 1 2 0 3 1 0 2 1 1 2 0 0 2 1 3 4 1 0 4 2 1 3 1 1 2 2 1 1 1 1 2 1 2 1 2 
0 2 1 1 1 0 1 1 2 2 1 1 0 2 2 3 0 2 1 1 1 1 1 0 2 0 1 1 1 1 3 1 1 0 0 2 1 1 2 1 1 2 0 0 0 1 3 1 1 1 
9 0 3 6 5 5 6 3 5 7 6 11 3 8 3 4 5 7 10 5 11 6 6 7 2 12 2 10 4 5 4 6 6 10 8 10 5 7 9 4 7 14 6 5 8 9 5 8 8 6 
10 7 8 12 7 14 6 7 5 7 14 7 4 16 9 12 9 10 5 7 6 3 15 14 10 8 13 9 6 8 8 13 12 9 6 6 9 7 13 7 11 7 12 9 9 3 11 8 10 4 
4 3 4 1 4 3 5 4 3 3 2 0 1 2 1 1 4 1 1 0 4 2 2 0 2 2 4 5 2 1 4 1 0 5 2 0 1 3 3 3 0 2 1 4 3 2 5 2 5 3 
3 6 4 1 4 8 9 2 9 4 4 10 6 5 6 7 2 4 6 6 6 6 5 5 1 2 4 5 3 5 5 5 6 10 5 4 5 13 4 5 5 3 2 3 5 4 8 4 4 6 
7 4 4 7 5 7 7 8 5 2 4 7 6 2 8 7 6 6 4 2 10 4 7 9 2 13 6 10 5 5 5 3 6 5 9 5 7 2 3 8 7 7 5 6 8 5 6 5 4 11 
10 6 8 10 12 16 10 9 13 2 5 10 7 9 10 9 9 8 12 12 8 14 7 10 15 12 12 7 11 14 7 13 10 6 9 10 8 7 7 13 13 7 10 6 14 11 14 7 1 8 
2 11 2 8 5 6 9 8 7 1 7 6 9 10 7 6 7 6 4 9 8 8 8 6 8 5 3 14 9 6 6 6 5 10 8 11 7 10 8 5 2 6 3 6 6 7 3 4 3 5 
11 8 12 10 5 8 14 8 11 11 9 7 7 12 6 15 16 9 4 5 10 12 9 7 2 10 13 9 11 14 6 10 5 3 8 6 8 9 6 11 10 9 3 8 2 11 11 11 6 6 
7 3 7 7 11 5 6 14 6 5 7 8 13 10 10 7 7 8 11 7 9 5 9 15 7 8 8 10 9 5 12 3 5 11 6 9 8 8 7 11 5 10 7 9 8 5 10 10 7 9 
8 12 4 14 6 12 6 10 9 4 11 13 9 12 8 3 8 13 12 9 8 10 6 6 11 2 7 5 13 8 9 9 12 5 10 10 9 3 6 4 10 10 10 8 7 9 6 5 2 10 
7 9 8 6 9 4 7 7 5 7 6 3 9 4 3 10 8 6 7 5 8 8 9 8 7 3 5 7 3 7 7 4 6 9 7 9 5 8 8 5 8 8 4 9 9 5 11 10 4 6 
5 3 0 5 1 4 3 2 5 0 3 3 1 3 4 5 6 3 2 1 2 5 1 3 4 3 3 4 5 3 4 4 1 5 5 5 5 3 1 2 3 4 2 5 1 5 2 3 6 3 
4 10 7 11 12 7 9 8 5 13 10 10 7 5 10 12 0 8 11 11 15 10 2 11 14 9 8 15 7 9 9 13 18 4 8 12 14 10 9 11 9 11 10 15 7 10 14 14 11 8 
4 6 6 5 7 7 4 8 5 8 2 7 3 4 3 9 6 3 4 4 0 4 5 7 6 0 4 3 3 3 5 0 5 4 5 5 5 4 7 2 8 4 2 4 4 2 3 5 4 1 
DEPOT_SECTION
 1
 -1
EOF
