NAME  : Parada_40_3_0.95_1.00_4
TYPE : SVRP
MODEL : FINITE_SUPPORT
NUMBER_OF_SCENARIOS : 50
DIMENSION : 40
EDGE_WEIGHT_TYPE : MATRIX
CAPACITY : 66
N_VEHICLES : 3
NODE_COORD_SECTION
1 158760 297540
2 310560 479540
3 269470 558680
4 326190 556420
5 387040 170410
6 368320 211350
7 42185 520880
8 182950 209760
9 560970 18
10 605800 271950
11 131730 414510
12 203940 469740
13 519810 575850
14 525790 113690
15 206880 589810
16 383110 103820
17 98797 277270
18 493400 578660
19 27 233040
20 13038 475710
21 50218 193850
22 344860 142570
23 486370 222480
24 546210 382880
25 368630 170340
26 480580 351300
27 112410 451030
28 256720 418330
29 515370 439740
30 378330 242000
31 508010 467550
32 560700 32719
33 375980 102570
34 229220 352610
35 322540 524720
36 460330 259810
37 284430 656360
38 81582 540430
39 307660 138200
40 84042 428130
DEMAND_SECTION
1 0.0
2 7.0
3 8.0
4 7.0
5 5.0
6 7.0
7 10.0
8 2.0
9 5.0
10 7.0
11 1.0
12 8.0
13 6.0
14 1.0
15 10.0
16 10.0
17 3.0
18 4.0
19 2.0
20 5.0
21 9.0
22 1.0
23 1.0
24 2.0
25 5.0
26 2.0
27 9.0
28 3.0
29 4.0
30 2.0
31 8.0
32 4.0
33 3.0
34 1.0
35 8.0
36 10.0
37 3.0
38 2.0
39 4.0
40 1.0
DISTANCE_MATRIX
0.0 31.3548 39.1122 43.4248 41.5234 51.8637 41.3038 14.4222 70.0928 56.0803 20.2237 20.3132 65.336 54.7083 37.9473 36.2215 20.0864 67.7326 37.3093 33.0868 35.202 39.4531 44.1475 59.9583 33.2415 49.8704 30.1579 23.7798 61.0385 24.1661 58.0517 66.5282 35.2278 15.0505 35.1246 46.618 49.8419 36.9792 41.2311 25.9152 
31.3548 0.0 15.1327 9.84886 39.8121 50.6063 33.9411 44.2441 74.4648 79.7939 22.2036 11.0454 31.5094 64.6297 20.2485 55.0818 49.261 33.906 66.4839 36.4764 63.5247 42.0595 66.6408 36.6428 48.5077 26.601 33.541 12.0416 36.4423 40.025 84.9761 70.9366 54.1202 20.1246 6.7082 34.8281 27.2947 37.1214 49.4975 29.3048 
39.1122 15.1327 0.0 13.0384 53.1601 63.3246 27.5136 52.0015 87.9318 94.3486 26.8328 19.105 26.0192 79.3095 9.84886 70.0928 48.6001 29.1548 66.3974 39.7321 73.2187 56.0892 81.2155 40.6193 63.6396 38.3938 36.1386 26.0 33.2154 55.109 96.1993 84.4808 69.1231 34.7851 9.05539 46.7332 12.1655 35.0571 64.195 32.5606 
43.4248 9.84886 13.0384 0.0 40.7922 50.663 38.5876 53.3102 75.4321 87.9204 31.0161 20.2237 21.9371 68.0 21.9317 62.182 58.4326 24.3337 75.6555 45.0143 71.7877 44.1814 74.4555 34.274 54.7667 25.7296 42.0476 21.4009 26.8701 46.9952 93.2392 72.0347 61.241 28.4253 6.32456 34.0691 23.5372 43.9659 53.0377 37.8427 
41.5234 39.8121 53.1601 40.7922 0.0 11.3137 72.8569 49.2443 34.7851 65.8635 58.2585 47.249 51.1957 29.1204 60.0083 36.2353 59.2653 50.0 69.6015 72.6206 63.6158 5.65685 51.8845 26.4197 26.8328 20.2237 69.6917 41.3044 32.8938 26.1725 78.7464 31.3209 35.7771 33.6971 44.2719 10.2956 64.3273 74.4612 16.4012 65.4491 
51.8637 50.6063 63.3246 50.663 11.3137 0.0 83.8745 59.1354 25.1794 69.6419 69.276 58.2666 58.0775 25.6125 70.6612 41.0 69.6041 56.3205 78.0995 83.6382 72.1138 12.6491 56.3205 31.4006 32.249 28.4429 80.7093 52.322 39.1152 34.3657 84.5281 22.0227 40.7922 44.0375 54.626 17.2627 74.1902 85.4788 18.6815 76.4667 
41.3038 33.9411 27.5136 38.5876 72.8569 83.8745 0.0 49.4975 107.316 94.3663 21.095 26.4197 52.9528 94.2504 17.72 77.5242 37.0 56.2939 54.1295 29.105 61.1359 74.7839 84.1561 68.0563 73.9797 60.5346 20.1246 36.7126 60.6524 64.7611 90.6236 103.529 76.531 45.1776 32.45 68.6804 28.1603 11.4018 79.4306 21.3776 
14.4222 44.2441 52.0015 53.3102 49.2443 59.1354 49.4975 0.0 73.6003 44.911 30.1709 33.2025 75.2214 55.8659 50.2955 32.249 14.8661 77.618 27.2029 40.4138 21.2172 46.4866 35.0571 69.8437 33.2415 59.7558 31.0644 33.6652 70.9239 26.0768 44.2041 70.214 31.3847 24.9359 48.0139 54.3437 62.7284 42.0476 44.9444 28.1603 
70.0928 74.4648 87.9318 75.4321 34.7851 25.1794 107.316 73.6003 0.0 68.0 91.4703 81.7083 83.0 19.6469 94.7048 45.8803 86.3713 81.0555 88.2875 102.264 82.2922 32.6497 57.7062 56.0357 40.8167 53.6004 99.335 70.5021 64.0 47.634 86.4696 3.60555 46.2385 63.0086 79.0569 42.4264 98.9594 106.136 29.0 95.0924 
56.0803 79.7939 94.3486 87.9204 65.8635 69.6419 94.3663 44.911 68.0 0.0 74.2837 76.3923 109.765 49.2544 93.984 29.6816 58.1378 108.534 44.5533 85.3127 36.4966 60.4152 14.2127 89.6437 39.1152 80.0562 75.326 68.4119 93.4106 43.1393 20.1246 66.0681 30.2324 59.6825 86.5013 74.8866 105.921 86.2844 51.0784 72.9932 
20.2237 22.2036 26.8328 31.0161 58.2585 69.276 21.095 30.1709 91.4703 74.2837 0.0 11.1803 51.1957 73.9219 21.9317 56.4358 23.3401 53.7587 41.1374 14.4721 48.009 60.1854 63.3877 56.8512 53.1601 46.8095 11.4018 20.9684 56.2956 43.9659 78.0942 87.8682 55.4437 33.6877 25.1794 54.329 35.3836 17.8045 60.0593 7.30056 
20.3132 11.0454 19.105 20.2237 47.249 58.2666 26.4197 33.2025 81.7083 76.3923 11.1803 0.0 41.1096 68.0074 18.4391 54.1705 34.3921 43.5115 52.1894 25.5242 54.4197 49.176 64.3246 45.8062 49.163 35.7644 22.561 10.4403 46.0478 40.05 77.4003 78.1585 53.1756 19.105 14.8661 43.3196 30.0167 27.2029 53.1413 18.3526 
65.336 31.5094 26.0192 21.9371 51.1957 58.0775 52.9528 75.2214 83.0 109.765 51.1957 41.1096 0.0 80.2808 35.3553 80.0042 79.2788 3.60555 91.4101 64.7449 93.6989 56.0446 94.64 27.074 71.3177 31.0483 61.5224 43.2914 19.0 65.81 115.15 80.025 79.2159 50.4091 26.2488 41.4367 27.2947 61.0737 66.4078 57.5733 
54.7083 64.6297 79.3095 68.0 29.1204 25.6125 94.2504 55.8659 19.6469 49.2544 73.9219 68.0074 80.2808 0.0 84.6085 26.4008 69.527 79.1202 69.1712 87.3701 63.1348 24.3311 38.2099 55.1543 22.6274 49.2443 84.4412 57.5674 61.9839 30.8058 67.1193 17.1172 26.8328 49.3964 70.2567 39.2173 91.1373 91.2626 15.1327 80.1986 
37.9473 20.2485 9.84886 21.9317 60.0083 70.6612 17.72 50.2955 94.7048 93.984 21.9317 18.4391 35.3553 84.6085 0.0 72.4431 42.4688 38.6394 60.2661 33.6008 67.1377 62.2977 82.0061 50.4623 67.0 46.0452 29.0689 28.0179 43.0584 58.0345 94.4967 91.1811 71.4493 37.054 16.4012 54.3847 13.6015 26.0768 69.597 26.4293 
36.2215 55.0818 70.0928 62.182 36.2353 41.0 77.5242 32.249 45.8803 29.6816 56.4358 54.1705 80.0042 26.4008 72.4431 0.0 46.9574 79.7078 43.0124 69.0339 36.8917 30.8707 15.6525 60.208 9.43398 50.9313 61.6966 44.5533 64.4438 15.2315 43.566 43.0116 1.0 35.5106 61.6847 45.2217 82.2253 72.4094 22.3607 61.8623 
20.0864 49.261 48.6001 58.4326 59.2653 69.6041 37.0 14.8661 86.3713 58.1378 23.3401 34.3921 79.2788 69.527 42.4688 46.9574 0.0 85.8795 18.4266 28.868 25.2982 57.1007 49.4975 78.1052 47.0106 68.0173 17.2627 41.9267 79.1854 38.8973 54.7859 82.8794 46.0652 33.1974 47.8852 64.7649 56.0701 28.1603 57.3847 16.1245 
67.7326 33.906 29.1548 24.3337 50.0 56.3205 56.2939 77.618 81.0555 108.534 53.7587 43.5115 3.60555 79.1202 38.6394 79.7078 85.8795 0.0 103.102 67.4282 96.0955 55.0273 94.3436 25.02 71.0211 30.0832 64.2806 45.688 17.2627 65.5136 117.308 78.1601 78.9195 52.8057 28.6644 40.025 30.8869 64.195 65.5515 60.2566 
37.3093 66.4839 66.3974 75.6555 69.6015 78.0995 54.1295 27.2029 88.2875 44.5533 41.1374 52.1894 91.4101 69.1712 60.2661 43.0124 18.4266 103.102 0.0 46.6653 8.06226 65.7551 39.3573 95.3282 47.7775 85.2403 34.0147 59.1496 96.4083 43.7511 36.6879 85.1906 42.4459 50.4203 65.6825 75.388 73.8674 44.2719 61.4031 33.8654 
33.0868 36.4764 39.7321 45.0143 72.6206 83.6382 29.105 40.4138 102.264 85.3127 14.4721 25.5242 64.7449 87.3701 33.6008 69.0339 28.868 67.4282 46.6653 0.0 53.5369 74.5476 75.0692 70.8459 66.3028 61.1717 17.0711 35.3305 69.9985 57.1699 83.6221 98.6896 68.0517 47.1359 39.0172 68.6912 47.2022 23.8924 73.5074 12.8284 
35.202 63.5247 73.2187 71.7877 63.6158 72.1138 61.1359 21.2172 82.2922 36.4966 48.009 54.4197 93.6989 63.1348 67.1377 36.8917 25.2982 96.0955 8.06226 53.5369 0.0 59.7694 31.9061 82.4851 41.7918 72.6548 41.1096 52.1426 88.4115 37.7654 29.5466 79.2023 36.3593 43.4134 69.2311 69.4023 83.9348 51.6624 55.4174 40.737 
39.4531 42.0595 56.0892 44.1814 5.65685 12.6491 74.7839 46.4866 32.6497 60.4152 60.1854 49.176 56.0446 24.3311 62.2977 30.8707 57.1007 55.0273 65.7551 74.5476 59.7694 0.0 46.5188 31.9061 21.5407 25.0 71.6187 39.1204 38.0789 22.0227 73.7631 29.0689 30.4631 31.6269 47.0744 15.8114 67.6018 76.3882 10.8167 67.3761 
44.1475 66.6408 81.2155 74.4555 51.8845 56.3205 84.1561 35.0571 57.7062 14.2127 63.3877 64.3246 94.64 38.2099 82.0061 15.6525 49.4975 94.3436 39.3573 75.0692 31.9061 46.5188 0.0 75.4321 25.0599 65.8559 66.1211 55.2788 79.2086 29.0 29.0 55.3263 16.1245 46.5188 73.3485 60.7454 93.2162 77.1038 37.6431 63.0079 
59.9583 36.6428 40.6193 34.274 26.4197 31.4006 68.0563 69.8437 56.0357 89.6437 56.8512 45.8062 27.074 55.1543 50.4623 60.208 78.1052 25.02 95.3282 70.8459 82.4851 31.9061 75.4321 0.0 50.9313 10.4403 67.9169 39.9447 8.24621 46.8722 99.9768 53.1507 59.5483 45.0315 38.6047 16.1245 47.7074 72.984 42.72 63.6743 
33.2415 48.5077 63.6396 54.7667 26.8328 32.249 73.9797 33.2415 40.8167 39.1152 53.1601 49.163 71.3177 22.6274 67.0 9.43398 47.0106 71.0211 47.7775 66.3028 41.7918 21.5407 25.0599 50.9313 0.0 41.8688 60.6314 39.0128 55.4437 9.21954 52.3927 37.5899 8.94427 30.0666 54.9181 35.805 75.8024 70.1952 14.0357 59.1312 
49.8704 26.601 38.3938 25.7296 20.2237 28.4429 60.5346 59.7558 53.6004 80.0562 46.8095 35.7644 31.0483 49.2443 46.0452 50.9313 68.0173 30.0832 85.2403 61.1717 72.6548 25.0 65.8559 10.4403 41.8688 0.0 58.2427 29.903 13.6015 37.0135 90.1465 50.3587 50.2096 34.9897 29.7893 11.1803 46.3012 62.9422 35.4683 54.0001 
30.1579 33.541 36.1386 42.0476 69.6917 80.7093 20.1246 31.0644 99.335 75.326 11.4018 22.561 61.5224 84.4412 29.0689 61.6966 17.2627 64.2806 34.0147 17.0711 41.1096 71.6187 66.1211 67.9169 60.6314 58.2427 0.0 32.4016 66.8946 54.241 70.5762 95.7607 60.7466 44.207 36.0 65.7623 42.5441 11.0 70.5785 5.83095 
23.7798 12.0416 26.0 21.4009 41.3044 52.322 36.7126 33.6652 70.5021 68.4119 20.9684 10.4403 43.2914 57.5674 28.0179 44.5533 41.9267 45.688 59.1496 35.3305 52.1426 39.1204 55.2788 39.9447 39.0128 29.903 32.4016 0.0 40.0082 30.0167 73.5941 66.9001 43.566 9.05539 18.6011 37.375 37.9473 37.1711 42.72 28.159 
61.0385 36.4423 33.2154 26.8701 32.8938 39.1152 60.6524 70.9239 64.0 93.4106 56.2956 46.0478 19.0 61.9839 43.0584 64.4438 79.1854 17.2627 96.4083 69.9985 88.4115 38.0789 79.2086 8.24621 55.4437 13.6015 66.8946 40.0082 0.0 50.3903 103.491 61.0328 63.7024 46.1116 31.2007 22.8035 40.0 67.475 48.7545 62.8269 
24.1661 40.025 55.109 46.9952 26.1725 34.3657 64.7611 26.0768 47.634 43.1393 43.9659 40.05 65.81 30.8058 58.0345 15.2315 38.8973 65.5136 43.7511 57.1699 37.7654 22.0227 29.0 46.8722 9.21954 37.0135 54.241 30.0167 50.3903 0.0 53.3104 44.2041 14.3178 21.0 46.5725 33.2415 67.2681 61.0623 18.868 49.9983 
58.0517 84.9761 96.1993 93.2392 78.7464 84.5281 90.6236 44.2041 86.4696 20.1246 78.0942 77.4003 115.15 67.1193 94.4967 43.566 54.7859 117.308 36.6879 83.6221 29.5466 73.7631 29.0 99.9768 52.3927 90.1465 70.5762 73.5941 103.491 53.3104 0.0 84.214 43.7379 64.8648 92.2117 86.539 106.93 80.9568 65.9242 70.2247 
66.5282 70.9366 84.4808 72.0347 31.3209 22.0227 103.529 70.214 3.60555 66.0681 87.8682 78.1585 80.025 17.1172 91.1811 43.0116 82.8794 78.1601 85.1906 98.6896 79.2023 29.0689 55.3263 53.1507 37.5899 50.3587 95.7607 66.9001 61.0328 44.2041 84.214 0.0 43.3244 59.4065 75.5844 39.2046 95.5667 102.562 25.4951 91.518 
35.2278 54.1202 69.1231 61.241 35.7771 40.7922 76.531 31.3847 46.2385 30.2324 55.4437 53.1756 79.2159 26.8328 71.4493 1.0 46.0652 78.9195 42.4459 68.0517 36.3593 30.4631 16.1245 59.5483 8.94427 50.2096 60.7466 43.566 63.7024 14.3178 43.7379 43.3244 0.0 34.5254 60.7289 44.6542 81.2527 71.4593 22.2036 60.8801 
15.0505 20.1246 34.7851 28.4253 33.6971 44.0375 45.1776 24.9359 63.0086 59.6825 33.6877 19.105 50.4091 49.3964 37.054 35.5106 33.1974 52.8057 50.4203 47.1359 43.4134 31.6269 46.5188 45.0315 30.0666 34.9897 44.207 9.05539 46.1116 21.0 64.8648 59.4065 34.5254 0.0 26.8328 42.4617 46.8402 51.0084 34.8855 39.9643 
35.1246 6.7082 9.05539 6.32456 44.2719 54.626 32.45 48.0139 79.0569 86.5013 25.1794 14.8661 26.2488 70.2567 16.4012 61.6847 47.8852 28.6644 65.6825 39.0172 69.2311 47.0744 73.3485 38.6047 54.9181 29.7893 36.0 18.6011 31.2007 46.5725 92.2117 75.5844 60.7289 26.8328 0.0 38.1287 21.0238 37.6431 55.1453 31.8457 
46.618 34.8281 46.7332 34.0691 10.2956 17.2627 68.6804 54.3437 42.4264 74.8866 54.329 43.3196 41.4367 39.2173 54.3847 45.2217 64.7649 40.025 75.388 68.6912 69.4023 15.8114 60.7454 16.1245 35.805 11.1803 65.7623 37.375 22.8035 33.2415 86.539 39.2046 44.6542 42.4617 38.1287 0.0 57.4694 70.5215 26.6271 61.5196 
49.8419 27.2947 12.1655 23.5372 64.3273 74.1902 28.1603 62.7284 98.9594 105.921 35.3836 30.0167 27.2947 91.1373 13.6015 82.2253 56.0701 30.8869 73.8674 47.2022 83.9348 67.6018 93.2162 47.7074 75.8024 46.3012 42.5441 37.9473 40.0 67.2681 106.93 95.5667 81.2527 46.8402 21.0238 57.4694 0.0 38.3275 76.0592 40.0306 
36.9792 37.1214 35.0571 43.9659 74.4612 85.4788 11.4018 42.0476 106.136 86.2844 17.8045 27.2029 61.0737 91.2626 26.0768 72.4094 28.1603 64.195 44.2719 23.8924 51.6624 76.3882 77.1038 72.984 70.1952 62.9422 11.0 37.1711 67.475 61.0623 80.9568 102.562 71.4593 51.0084 37.6431 70.5215 38.3275 0.0 77.3799 14.8661 
41.2311 49.4975 64.195 53.0377 16.4012 18.6815 79.4306 44.9444 29.0 51.0784 60.0593 53.1413 66.4078 15.1327 69.597 22.3607 57.3847 65.5515 61.4031 73.5074 55.4174 10.8167 37.6431 42.72 14.0357 35.4683 70.5785 42.72 48.7545 18.868 65.9242 25.4951 22.2036 34.8855 55.1453 26.6271 76.0592 77.3799 0.0 66.3359 
25.9152 29.3048 32.5606 37.8427 65.4491 76.4667 21.3776 28.1603 95.0924 72.9932 7.30056 18.3526 57.5733 80.1986 26.4293 61.8623 16.1245 60.2566 33.8654 12.8284 40.737 67.3761 63.0079 63.6743 59.1312 54.0001 5.83095 28.159 62.8269 49.9983 70.2247 91.518 60.8801 39.9643 31.8457 61.5196 40.0306 14.8661 66.3359 0.0 
DEMAND_SCENARIO_SECTION
0 0 0 0 0 0 0 0 0 0 0 0 0 0 0 0 0 0 0 0 0 0 0 0 0 0 0 0 0 0 0 0 0 0 0 0 0 0 0 0 0 0 0 0 0 0 0 0 0 0 
6 3 4 6 5 9 7 5 8 6 6 2 4 9 10 6 8 8 3 7 5 9 7 7 11 8 13 4 8 6 6 5 9 9 7 6 13 7 10 9 11 5 10 12 11 8 14 3 4 5 
11 7 9 9 10 8 8 5 11 4 3 9 10 9 7 7 7 15 11 6 10 9 12 9 11 6 12 9 8 7 9 4 9 10 7 7 5 13 4 7 7 5 10 11 6 8 11 6 9 8 
12 9 5 6 6 12 4 10 4 10 13 7 6 4 8 4 5 8 8 8 4 8 7 5 7 9 11 7 5 4 2 9 6 4 7 3 8 4 9 9 9 3 11 8 6 5 11 7 8 3 
3 5 8 2 4 9 4 6 6 1 9 4 7 7 4 7 6 1 8 5 1 4 7 7 4 1 7 4 9 8 1 6 7 3 3 7 5 4 8 9 4 8 7 0 10 4 4 2 6 5 
8 8 13 10 5 11 7 9 10 9 9 4 9 5 8 5 6 7 8 6 3 3 9 13 6 10 2 7 9 4 4 8 1 6 11 9 2 9 9 5 6 7 7 6 8 5 5 7 6 10 
6 13 12 14 5 9 12 12 15 12 7 13 9 3 10 9 8 4 9 10 7 8 10 7 10 7 11 8 9 12 13 9 11 8 13 13 10 11 9 11 7 17 9 10 8 7 11 10 13 10 
5 1 3 2 0 1 2 3 0 4 3 2 3 0 4 2 3 1 3 1 0 4 3 3 3 0 0 2 2 3 4 4 2 4 3 1 2 1 2 1 2 1 4 1 3 2 0 0 2 1 
3 4 9 7 5 8 8 8 7 5 8 5 5 3 8 8 9 1 1 8 3 5 3 7 6 2 6 7 2 6 8 4 2 6 5 5 5 5 3 2 10 8 3 6 6 5 8 6 9 1 
8 9 12 8 6 6 7 6 6 8 4 8 7 5 6 8 9 9 7 6 6 9 3 5 11 6 5 5 7 8 2 4 9 2 5 8 6 5 3 12 10 3 11 10 7 5 2 7 11 9 
0 1 2 2 1 1 0 2 1 1 2 0 0 1 1 1 0 0 0 1 1 0 3 3 0 1 2 0 2 0 1 1 1 2 1 0 3 0 2 3 0 0 2 0 1 0 0 2 0 3 
3 2 6 7 4 8 5 7 8 6 6 10 5 5 9 6 6 10 5 9 9 11 13 6 3 11 10 5 8 10 13 12 7 9 11 6 10 10 12 13 7 6 5 4 9 9 10 7 7 2 
7 9 5 8 11 7 3 7 3 7 4 6 2 6 5 7 0 6 4 3 9 6 7 3 4 6 6 7 4 6 8 10 5 5 5 8 10 9 5 7 5 6 7 8 10 7 9 8 6 3 
1 0 1 2 2 2 1 1 3 1 0 2 1 0 1 0 1 1 1 1 0 1 2 3 0 0 0 0 0 0 2 2 2 0 1 2 2 2 1 2 2 0 1 0 2 1 2 1 1 1 
10 9 9 6 12 11 8 14 13 11 8 10 8 14 9 9 7 8 10 7 11 12 9 11 6 11 7 10 12 10 8 9 16 6 17 10 11 15 8 11 13 17 11 4 9 7 14 6 12 10 
15 8 10 9 7 13 5 12 14 10 15 10 13 10 5 9 15 6 16 13 9 11 12 10 10 13 12 13 8 13 12 14 12 4 13 14 10 3 9 11 15 7 11 8 7 7 14 8 12 11 
4 2 4 2 6 4 6 1 5 2 3 4 2 4 2 1 1 5 5 3 3 3 3 5 2 5 3 5 2 3 0 1 2 2 5 1 2 2 3 5 3 4 1 0 4 0 6 3 5 6 
6 5 4 6 4 4 3 7 0 7 5 4 5 2 3 7 3 4 9 7 4 3 3 3 4 5 3 4 3 4 1 5 5 8 3 5 6 6 5 5 5 4 2 3 7 5 2 3 2 2 
4 3 1 4 3 2 1 2 3 0 2 2 1 0 2 0 3 2 3 3 1 2 3 1 4 2 4 3 1 1 2 4 3 1 3 1 4 3 1 1 3 1 5 3 0 3 0 4 4 1 
7 3 6 8 4 6 8 3 7 8 4 6 5 5 5 3 1 4 3 12 2 2 5 7 2 6 4 6 6 2 4 8 7 12 5 4 6 0 3 6 8 7 2 4 7 6 5 9 8 7 
9 9 5 9 6 10 13 9 6 12 9 4 6 10 13 7 9 11 12 6 9 12 8 12 5 7 13 10 11 15 8 6 12 7 13 13 5 6 10 11 6 9 9 7 6 9 5 6 4 3 
0 1 0 3 1 0 1 1 1 1 3 1 1 2 2 1 1 0 1 0 1 1 0 0 2 1 1 0 1 2 2 0 1 1 1 0 0 3 2 1 1 2 1 0 1 0 2 0 0 0 
3 0 0 1 0 3 1 0 1 0 2 0 0 1 2 1 1 0 0 0 1 0 2 3 1 0 3 1 1 0 1 1 1 1 1 3 1 2 3 0 1 2 2 1 1 2 1 1 1 1 
2 3 2 0 0 1 3 3 2 3 1 0 0 3 3 2 1 1 2 4 0 4 2 4 1 1 2 3 2 2 3 3 3 0 4 2 3 5 1 1 2 3 5 2 1 1 1 2 1 2 
6 4 2 3 6 4 4 6 5 4 10 4 6 4 9 5 8 7 7 3 4 4 5 3 5 2 6 5 9 3 4 5 12 2 7 2 4 4 7 7 8 6 3 5 5 5 3 6 4 2 
1 2 1 3 2 7 0 3 2 1 3 4 3 3 1 2 0 3 3 1 2 1 1 0 0 0 2 0 6 2 2 2 3 0 2 2 2 3 1 0 3 2 2 2 2 1 2 2 2 3 
11 11 8 10 3 3 6 9 11 9 12 9 11 10 7 11 14 7 11 6 12 11 4 6 9 12 11 10 7 8 8 8 10 5 9 12 10 11 6 14 10 11 13 10 12 17 9 9 8 6 
1 4 1 6 3 4 2 3 3 1 3 3 2 3 1 6 0 1 2 5 0 0 1 2 9 4 0 1 4 5 3 5 3 2 4 5 4 6 3 2 3 2 3 5 4 4 4 4 1 2 
2 3 6 3 2 6 7 4 2 9 2 2 3 9 3 4 6 2 2 2 5 4 4 5 3 3 6 3 3 4 2 3 6 5 4 2 4 6 4 1 5 2 7 2 2 4 5 3 4 1 
4 4 0 2 1 1 3 0 3 1 2 5 3 3 2 2 0 3 0 3 2 4 4 2 2 0 4 3 1 4 0 1 4 0 2 3 5 1 1 3 2 3 3 0 6 3 3 1 3 0 
8 7 4 14 10 13 8 11 10 8 10 9 4 8 13 6 12 7 5 7 6 12 7 7 5 11 9 14 7 10 11 4 9 6 9 15 15 9 8 8 11 4 1 12 5 6 7 13 8 6 
6 4 1 5 0 2 5 4 0 4 5 6 4 4 5 2 1 3 6 3 2 6 2 0 7 5 5 7 2 5 6 4 2 9 6 4 4 6 3 3 6 5 2 0 3 1 8 7 6 4 
6 0 2 3 2 5 0 2 4 5 4 5 4 2 2 1 0 3 3 2 3 1 2 3 7 6 4 4 1 5 5 0 4 3 0 4 0 3 2 4 4 4 1 6 4 1 0 4 1 3 
2 0 1 1 0 1 0 1 0 3 4 0 1 1 1 2 1 0 3 1 1 2 2 1 0 0 2 0 3 0 0 2 1 2 0 0 0 1 1 2 1 1 1 1 1 1 0 3 1 1 
9 9 6 10 8 9 6 7 9 8 8 5 10 14 12 7 1 7 6 7 7 9 6 6 8 11 8 3 10 7 6 10 7 2 11 10 8 7 9 8 9 7 8 10 9 8 13 9 2 8 
6 11 11 9 12 13 16 7 9 13 13 9 14 12 9 14 14 16 9 12 7 17 8 10 12 5 5 11 10 10 8 13 10 11 10 10 8 9 11 16 10 16 3 12 8 12 3 15 10 8 
4 3 3 4 7 3 4 1 1 1 3 3 0 1 0 2 5 2 3 1 1 2 0 2 2 4 4 6 3 4 2 1 2 1 3 2 5 4 0 2 2 5 4 0 6 6 4 4 6 1 
0 0 4 3 1 4 0 3 3 3 2 1 1 2 1 4 5 0 1 2 0 0 0 1 2 3 0 3 3 4 1 2 0 3 3 2 0 2 2 1 5 1 2 3 3 2 1 4 2 1 
4 4 1 4 4 5 6 3 5 2 6 8 3 4 5 4 5 8 4 6 1 2 2 5 3 2 6 3 3 2 4 6 1 3 3 5 2 4 3 5 0 6 5 2 8 5 6 2 5 6 
2 1 1 1 1 0 1 2 1 2 0 3 1 0 2 1 2 2 1 1 1 1 0 1 2 2 1 1 3 0 1 3 3 1 3 1 0 0 2 2 1 2 1 1 2 0 1 2 3 2 
DEPOT_SECTION
 1
 -1
EOF
