NAME  : Parada_40_3_0.95_1.00_7
TYPE : SVRP
MODEL : FINITE_SUPPORT
NUMBER_OF_SCENARIOS : 50
DIMENSION : 40
EDGE_WEIGHT_TYPE : MATRIX
CAPACITY : 80
N_VEHICLES : 3
NODE_COORD_SECTION
1 136050 393120
2 377640 493060
3 19337 291860
4 456990 463180
5 441880 337620
6 188600 354400
7 479780 404950
8 332080 34896
9 557960 372950
10 195840 225020
11 47028 541370
12 62112 666200
13 75260 565860
14 269850 676720
15 27 513200
16 574890 405650
17 338660 18
18 180080 689380
19 41750 212360
20 263850 51651
21 74073 170630
22 361860 505570
23 583860 447980
24 626120 510750
25 217350 727780
26 440010 330600
27 634490 443360
28 292630 475710
29 567570 433310
30 610990 358580
31 418670 506390
32 542240 539130
33 275910 353190
34 531190 483360
35 312010 725260
36 634810 488270
37 462850 624630
38 18021 312890
39 227000 448890
40 157510 481950
DEMAND_SECTION
1 0.0
2 1.0
3 7.0
4 10.0
5 1.0
6 5.0
7 3.0
8 10.0
9 5.0
10 9.0
11 9.0
12 10.0
13 7.0
14 5.0
15 9.0
16 6.0
17 1.0
18 9.0
19 5.0
20 4.0
21 8.0
22 8.0
23 3.0
24 10.0
25 10.0
26 9.0
27 3.0
28 10.0
29 1.0
30 5.0
31 2.0
32 10.0
33 5.0
34 4.0
35 1.0
36 1.0
37 5.0
38 10.0
39 3.0
40 6.0
DISTANCE_MATRIX
0.0 47.1725 32.5243 46.4267 61.1398 8.24621 41.2315 61.8547 53.858 22.8254 46.2756 38.0789 41.3379 39.2173 29.1689 57.4429 60.9016 34.0147 39.0731 53.4135 40.1767 45.2625 58.3328 65.7146 41.1947 62.1199 49.9707 64.9254 56.8405 58.6481 40.844 59.9194 19.7037 65.1615 48.7032 68.9948 57.7756 35.1454 21.0959 13.6619 
47.1725 0.0 75.2124 12.3693 17.72 61.788 53.3415 109.804 57.3149 72.6046 70.0643 51.3517 65.123 24.3516 56.6269 25.9422 107.652 35.3553 86.1571 102.587 87.2607 3.16228 30.6757 39.8121 34.176 18.6815 41.0122 18.6011 27.8568 55.3173 64.5368 72.111 50.1077 71.0211 26.2488 40.8044 80.5073 78.1296 37.8087 37.5106 
32.5243 75.2124 0.0 78.8626 96.9877 30.8403 62.0322 49.4975 74.6726 24.7588 28.6356 39.4222 27.0185 59.2902 21.6069 84.2604 51.0392 49.6488 13.0384 40.3113 18.9737 72.6694 83.1555 77.8837 57.1905 97.7315 70.9511 91.1178 82.3801 79.4721 59.3633 79.404 40.6303 85.4225 68.0908 81.1639 73.6614 3.16228 53.5317 46.0978 
46.4267 12.3693 78.8626 0.0 15.6525 53.2169 42.3275 100.897 45.0999 64.0336 73.5527 56.921 68.469 32.8024 57.7239 14.2127 98.4496 41.6293 85.4114 94.0162 86.515 14.3178 18.3848 27.4591 42.4382 16.5529 29.2746 28.1603 15.6525 42.9535 53.938 60.0083 41.5366 58.6941 37.0135 28.4605 69.0542 81.7798 37.0 36.7648 
61.1398 17.72 96.9877 15.6525 0.0 67.9868 53.2546 115.667 53.1507 78.8034 87.023 68.884 82.0061 42.0595 72.2357 18.6815 113.217 52.9528 103.536 108.786 104.64 20.8806 25.0 35.171 51.8652 1.0 40.2492 20.8806 22.1359 49.2544 66.0247 68.2495 56.3065 65.192 43.0465 34.3657 79.3788 99.9049 51.7131 51.4779 
8.24621 61.788 30.8403 53.2169 67.9868 0.0 33.2111 56.7274 45.8375 17.6918 54.6497 46.2475 49.7119 46.3317 31.8254 55.2595 55.2178 42.0119 37.3363 48.7955 37.9473 59.9315 54.1546 48.8828 49.0408 68.7306 41.9503 80.1567 53.3792 50.6277 32.8236 51.8989 11.6832 57.1411 55.8022 52.163 49.7393 33.5153 23.9742 20.4391 
41.2315 53.3415 62.0322 42.3275 53.2546 33.2111 0.0 70.3847 12.6491 41.1947 84.7465 74.267 79.8088 63.3306 63.1432 34.9857 66.6408 65.0257 65.9242 65.521 64.1249 54.0833 28.8444 19.799 70.5376 53.6849 13.1111 70.3678 31.3847 18.0278 12.8062 21.4709 23.3238 24.7588 71.3863 22.8035 27.1662 64.5136 32.2025 43.6173 
61.8547 109.804 49.4975 100.897 115.667 56.7274 70.3847 0.0 80.3617 39.2046 77.0065 88.3686 76.2365 100.557 65.2534 103.124 5.38516 92.3131 38.0 9.21954 31.0161 107.947 98.1749 89.3658 99.9284 116.411 82.4333 128.172 101.244 86.977 59.4811 75.4255 59.5483 83.6002 110.007 92.646 62.0 48.1664 71.9899 75.4983 
53.858 57.3149 74.6726 45.0999 53.1507 45.8375 12.6491 80.3617 0.0 53.6004 95.675 85.1818 90.7372 72.1922 78.5683 34.5254 76.2168 76.1132 78.4474 76.2955 76.4199 58.6941 28.2843 18.1108 79.6563 53.3667 17.4642 72.1734 31.257 6.7082 20.8806 15.1327 35.7771 14.3178 78.5899 18.9737 27.4591 77.1622 43.1864 54.5458 
22.8254 72.6046 24.7588 64.0336 78.8034 17.6918 41.1947 39.2046 53.6004 0.0 51.6332 55.1453 49.1102 61.8466 32.7567 66.0762 38.0789 55.4042 25.0 31.1127 23.0 68.0825 64.5347 58.224 62.8686 79.5473 51.2915 90.9733 63.7593 59.2115 35.8469 55.9464 22.4722 62.6259 71.3092 61.5042 49.0408 26.2488 34.7908 36.4819 
46.2756 70.0643 28.6356 73.5527 87.023 54.6497 84.7465 77.0065 95.675 51.6332 0.0 21.0238 5.09902 48.2701 22.8489 84.7748 79.1012 35.9026 39.0128 68.0074 46.0 67.1193 85.6648 96.1572 40.8534 88.0227 90.2493 82.9759 84.1725 99.1247 84.5983 106.097 65.9791 109.218 53.8516 99.4374 100.468 29.1548 52.5632 45.1102 
38.0789 51.3517 39.4222 56.921 68.884 46.2475 74.267 88.3686 85.1818 55.1453 21.0238 0.0 17.2047 28.0713 23.1948 69.3542 89.2693 16.0312 52.053 79.161 58.3725 48.2597 70.3769 75.5109 19.9249 69.8713 79.7562 62.6498 68.884 88.6316 78.9229 95.6179 57.7825 98.7248 32.8938 78.1231 95.8545 41.2845 42.0836 34.6497 
41.3379 65.123 27.0185 68.469 82.0061 49.7119 79.8088 76.2365 90.7372 49.1102 5.09902 17.2047 0.0 43.6807 17.9111 79.6782 78.0064 31.3209 38.4708 67.1193 45.2769 62.2013 80.5682 91.1346 36.6742 83.006 85.2077 78.339 79.0759 94.0831 79.6606 101.16 61.0413 104.28 49.6588 94.4148 95.5298 28.0713 47.5215 40.0875 
39.2173 24.3516 59.2902 32.8024 42.0595 46.3317 63.3306 100.557 72.1922 61.8466 48.2701 28.0713 43.6807 0.0 39.8246 46.7547 99.7814 12.3693 69.6087 92.0462 74.0 21.1896 49.5782 56.3028 9.84886 43.0116 66.7444 34.7131 47.3814 71.2769 71.5681 84.4334 49.0918 86.0913 9.48683 58.6003 89.1286 62.2074 35.0571 29.8927 
29.1689 56.6269 21.6069 57.7239 72.2357 31.8254 63.1432 65.2534 78.5683 32.7567 22.8489 23.1948 17.9111 39.8246 0.0 68.74 66.0984 29.0689 31.9254 56.0446 36.3328 54.0839 69.63 79.0696 36.4005 73.2271 73.1427 72.45 68.1377 82.018 61.7741 81.4258 41.6154 86.9659 48.0833 82.3498 77.6433 24.5242 35.4565 28.0225 
57.4429 25.9422 84.2604 14.2127 18.6815 55.2595 34.9857 103.124 34.5254 66.0762 84.7748 69.3542 79.6782 46.7547 68.74 0.0 100.666 54.7083 90.8092 96.058 88.4959 28.3019 6.32456 16.4924 56.2228 18.9737 22.2036 38.0132 3.60555 31.0 47.7558 49.6488 43.634 47.0 51.225 16.0 60.7454 87.1777 45.514 47.7809 
60.9016 107.652 51.0392 98.4496 113.217 55.2178 66.6408 5.38516 76.2168 38.0789 79.1012 89.2693 78.0064 99.7814 66.0984 100.666 0.0 92.4301 40.3113 11.4018 33.2415 105.796 94.6108 85.8018 100.045 113.953 78.8692 126.021 97.143 82.8734 55.3624 70.7107 57.28 78.9177 109.231 89.0674 57.0351 50.01 69.8385 74.5603 
34.0147 35.3553 49.6488 41.6293 52.9528 42.0119 65.0257 92.3131 76.1132 55.4042 35.9026 16.0312 31.3209 12.3693 29.0689 54.7083 92.4301 0.0 59.9673 83.2586 64.3747 32.249 56.4004 61.799 7.61577 53.9351 70.6654 47.0744 54.6443 76.7389 71.1688 86.4546 46.876 90.0123 19.2094 64.3817 88.8876 52.566 33.5261 26.5153 
39.0731 86.1571 13.0384 85.4114 103.536 37.3363 65.9242 38.0 78.4474 25.0 39.0128 52.053 38.4708 69.6087 31.9254 90.8092 40.3113 59.9673 0.0 29.0689 7.07107 84.2471 87.9557 82.6839 67.5089 104.28 75.7514 101.139 87.1803 83.863 60.7454 80.7775 45.4843 87.5957 78.4093 85.9641 72.7186 10.7703 60.0805 52.6465 
53.4135 102.587 40.3113 94.0162 108.786 48.7955 65.521 9.21954 76.2955 31.1127 68.0074 79.161 67.1193 92.0462 56.0446 96.058 11.4018 83.2586 29.0689 0.0 22.0227 98.6006 92.9145 84.1054 90.8735 109.53 77.1729 118.263 94.1776 82.7647 55.5788 73.0068 52.4309 81.0062 101.496 87.3856 60.6712 39.0512 64.7735 67.0 
40.1767 87.2607 18.9737 86.515 104.64 37.9473 64.1249 31.0161 76.4199 23.0 46.0 58.3725 45.2769 74.0 36.3328 88.4959 33.2415 64.3747 7.07107 22.0227 0.0 85.3508 87.391 81.2201 71.9164 105.384 74.2876 105.014 86.6156 82.1523 57.7235 77.4919 44.9196 84.6463 82.8021 84.5003 68.4251 17.2627 61.1842 53.7502 
45.2625 3.16228 72.6694 14.3178 20.8806 59.9315 54.0833 107.947 58.6941 68.0825 67.1193 48.2597 62.2013 21.1896 54.0839 28.3019 105.796 32.249 84.2471 98.6006 85.3508 0.0 32.6956 41.4849 31.0161 21.8403 42.0476 19.799 29.9666 57.0088 64.9384 73.3348 49.8557 72.5672 23.3452 42.72 81.2219 75.5867 36.105 35.6006 
58.3328 30.6757 83.1555 18.3848 25.0 54.1546 28.8444 98.1749 28.2843 64.5347 85.6648 70.3769 80.5682 49.5782 69.63 6.32456 94.6108 56.4004 87.9557 92.9145 87.391 32.6956 0.0 10.198 58.6941 25.2982 16.2788 44.0114 3.0 25.0799 41.6173 43.4166 42.5291 41.0488 54.9181 10.198 54.4243 85.7767 44.4091 48.6709 
65.7146 39.8121 77.8837 27.4591 35.171 48.8828 19.799 89.3658 18.1108 58.224 96.1572 75.5109 91.1346 56.3028 79.0696 16.4924 85.8018 61.799 82.6839 84.1054 81.2201 41.4849 10.198 0.0 64.8151 35.4401 9.21954 54.0833 13.1529 15.5242 32.5576 33.2415 38.2543 31.257 62.6099 4.0 44.3847 80.5049 44.6934 56.0527 
41.1947 34.176 57.1905 42.4382 51.8652 49.0408 70.5376 99.9284 79.6563 62.8686 40.8534 19.9249 36.6742 9.84886 36.4005 56.2228 100.045 7.61577 67.5089 90.8735 71.9164 31.0161 58.6941 64.8151 0.0 52.811 74.2085 43.1045 56.6392 79.7687 77.1298 91.8708 53.3385 93.5554 13.0 67.3573 94.8314 60.1077 39.6232 33.0644 
62.1199 18.6815 97.7315 16.5529 1.0 68.7306 53.6849 116.411 53.3667 79.5473 88.0227 69.8713 83.006 43.0116 73.2271 18.9737 113.953 53.9351 104.28 109.53 105.384 21.8403 25.2982 35.4401 52.811 0.0 40.7063 21.1896 22.4722 49.366 66.455 68.4471 57.0503 65.2763 43.909 34.5254 79.712 100.649 52.6931 52.458 
49.9707 41.0122 70.9511 29.2746 40.2492 41.9503 13.1111 82.4333 17.4642 51.2915 90.2493 79.7562 85.2077 66.7444 73.1427 22.2036 78.8692 70.6654 75.7514 77.1729 74.2876 42.0476 16.2788 9.21954 74.2085 40.7063 0.0 57.2713 18.6011 18.3848 25.8812 31.4006 31.3217 31.7805 61.5019 13.1529 39.8121 73.5723 37.7608 49.1201 
64.9254 18.6011 91.1178 28.1603 20.8806 80.1567 70.3678 128.172 72.1734 90.9733 82.9759 62.6498 78.339 34.7131 72.45 38.0132 126.021 47.0744 101.139 118.263 105.014 19.799 44.0114 54.0833 43.1045 21.1896 57.2713 0.0 41.0122 69.0072 81.9583 87.2812 68.4764 85.0059 31.0644 54.0093 97.0824 94.0351 55.8973 55.2635 
56.8405 27.8568 82.3801 15.6525 22.1359 53.3792 31.3847 101.244 31.257 63.7593 84.1725 68.884 79.0759 47.3814 68.1377 3.60555 97.143 54.6443 87.1803 94.1776 86.6156 29.9666 3.0 13.1529 56.6392 22.4722 18.6011 41.0122 0.0 28.0713 44.1549 46.3897 41.7536 44.0454 52.4309 13.1529 57.2451 85.0012 43.6336 47.1786 
58.6481 55.3173 79.4721 42.9535 49.2544 50.6277 18.0278 86.977 6.7082 59.2115 99.1247 88.6316 94.0831 71.2769 82.018 31.0 82.8734 76.7389 83.863 82.7647 82.1523 57.0088 25.0799 15.5242 79.7687 49.366 18.3848 69.0072 28.0713 0.0 27.5136 19.6977 40.1622 16.0 77.8781 15.0 33.4215 82.0171 46.6362 57.9955 
40.844 64.5368 59.3633 53.938 66.0247 32.8236 12.8062 59.4811 20.8806 35.8469 84.5983 78.9229 79.6606 71.5681 61.7741 47.7558 55.3624 71.1688 60.7454 55.5788 57.7235 64.9384 41.6173 32.5576 77.1298 66.455 25.8812 81.9583 44.1549 27.5136 0.0 20.1246 25.0599 26.9258 80.2429 35.3836 17.72 61.4003 37.6431 48.8188 
59.9194 72.111 79.404 60.0083 68.2495 51.8989 21.4709 75.4255 15.1327 55.9464 106.097 95.6179 101.16 84.4334 81.4258 49.6488 70.7107 86.4546 80.7775 73.0068 77.4919 73.3348 43.4166 33.2415 91.8708 68.4471 31.4006 87.2812 46.3897 19.6977 20.1246 0.0 43.1393 8.24621 92.1863 33.9559 15.2643 81.4923 53.535 64.9682 
19.7037 50.1077 40.6303 41.5366 56.3065 11.6832 23.3238 59.5483 35.7771 22.4722 65.9791 57.7825 61.0413 49.0918 41.6154 43.634 57.28 46.876 45.4843 52.4309 44.9196 49.8557 42.5291 38.2543 53.3385 57.0503 31.3217 68.4764 41.7536 40.1622 25.0599 43.1393 0.0 47.8017 58.3095 41.5345 42.5441 43.0727 14.0357 24.3607 
65.1615 71.0211 85.4225 58.6941 65.192 57.1411 24.7588 83.6002 14.3178 62.6259 109.218 98.7248 104.28 86.0913 86.9659 47.0 78.9177 90.0123 87.5957 81.0062 84.6463 72.5672 41.0488 31.257 93.5554 65.2763 31.7805 85.0059 44.0454 16.0 26.9258 8.24621 47.8017 0.0 92.7686 31.0 23.2594 87.6641 56.7274 68.0887 
48.7032 26.2488 68.0908 37.0135 43.0465 55.8022 71.3863 110.007 78.5899 71.3092 53.8516 32.8938 49.6588 9.48683 48.0833 51.225 109.231 19.2094 78.4093 101.496 82.8021 23.3452 54.9181 62.6099 13.0 43.909 61.5019 31.0644 52.4309 77.8781 80.2429 92.1863 58.3095 92.7686 0.0 64.4981 97.6217 71.0081 44.2832 39.3631 
68.9948 40.8044 81.1639 28.4605 34.3657 52.163 22.8035 92.646 18.9737 61.5042 99.4374 78.1231 94.4148 58.6003 82.3498 16.0 89.0674 64.3817 85.9641 87.3856 84.5003 42.72 10.198 4.0 67.3573 34.5254 13.1529 54.0093 13.1529 15.0 35.3836 33.9559 41.5345 31.0 64.4981 0.0 46.0652 83.785 47.9735 59.3329 
57.7756 80.5073 73.6614 69.0542 79.3788 49.7393 27.1662 62.0 27.4591 49.0408 100.468 95.8545 95.5298 89.1286 77.6433 60.7454 57.0351 88.8876 72.7186 60.6712 68.4251 81.2219 54.4243 44.3847 94.8314 79.712 39.8121 97.0824 57.2451 33.4215 17.72 15.2643 42.5441 23.2594 97.6217 46.0652 0.0 75.2861 55.3624 66.5136 
35.1454 78.1296 3.16228 81.7798 99.9049 33.5153 64.5136 48.1664 77.1622 26.2488 29.1548 41.2845 28.0713 62.2074 24.5242 87.1777 50.01 52.566 10.7703 39.0512 17.2627 75.5867 85.7767 80.5049 60.1077 100.649 73.5723 94.0351 85.0012 82.0171 61.4003 81.4923 43.0727 87.6641 71.0081 83.785 75.2861 0.0 56.449 49.015 
21.0959 37.8087 53.5317 37.0 51.7131 23.9742 32.2025 71.9899 43.1864 34.7908 52.5632 42.0836 47.5215 35.0571 35.4565 45.514 69.8385 33.5261 60.0805 64.7735 61.1842 36.105 44.4091 44.6934 39.6232 52.6931 37.7608 55.8973 43.6336 46.6362 37.6431 53.535 14.0357 56.7274 44.2832 47.9735 55.3624 56.449 0.0 11.434 
13.6619 37.5106 46.0978 36.7648 51.4779 20.4391 43.6173 75.4983 54.5458 36.4819 45.1102 34.6497 40.0875 29.8927 28.0225 47.7809 74.5603 26.5153 52.6465 67.0 53.7502 35.6006 48.6709 56.0527 33.0644 52.458 49.1201 55.2635 47.1786 57.9955 48.8188 64.9682 24.3607 68.0887 39.3631 59.3329 66.5136 49.015 11.434 0.0 
DEMAND_SCENARIO_SECTION
0 0 0 0 0 0 0 0 0 0 0 0 0 0 0 0 0 0 0 0 0 0 0 0 0 0 0 0 0 0 0 0 0 0 0 0 0 0 0 0 0 0 0 0 0 0 0 0 0 0 
1 0 1 1 0 0 0 0 1 3 1 2 3 0 0 1 2 0 2 0 0 0 0 0 3 1 0 1 0 2 2 0 1 1 1 0 2 1 2 0 2 1 1 0 1 1 2 3 1 1 
8 8 11 6 4 10 7 9 6 12 8 2 10 10 11 6 5 7 9 8 10 9 5 8 6 5 13 9 8 3 4 7 8 7 8 7 11 7 11 9 9 4 9 8 9 4 10 6 10 10 
3 5 8 5 11 12 10 5 7 8 7 8 6 8 13 15 14 6 12 8 9 9 14 11 11 15 10 7 9 10 8 18 11 12 12 10 5 8 12 10 9 16 16 11 9 5 11 7 12 12 
0 2 0 0 0 2 0 3 1 2 0 1 2 1 1 1 1 3 1 1 1 2 0 0 1 0 0 1 1 1 2 0 2 0 1 1 1 0 2 1 1 1 2 0 0 0 1 2 1 0 
7 5 7 5 4 5 7 1 5 5 8 6 6 1 9 9 6 1 4 5 1 6 6 5 7 6 4 4 0 5 7 8 5 0 3 4 2 7 5 6 4 5 2 4 2 5 6 6 6 5 
4 3 4 1 8 4 1 3 2 4 4 3 6 2 5 4 3 3 1 3 3 2 6 3 3 4 2 3 2 1 1 4 7 3 3 6 2 4 4 1 3 4 1 2 6 1 3 5 0 4 
11 11 7 4 10 13 7 6 11 12 13 8 15 11 11 12 8 11 17 18 6 5 11 7 11 9 8 8 18 3 13 7 18 10 12 9 6 15 8 11 14 11 7 12 7 9 5 11 9 10 
10 6 4 3 6 4 3 4 4 2 5 6 6 6 4 7 3 5 10 9 7 2 5 8 4 2 4 3 3 4 4 6 3 3 7 6 3 8 8 5 6 3 7 5 3 6 7 7 7 6 
10 6 9 12 14 8 13 13 9 8 7 11 9 10 7 13 6 11 6 15 9 12 12 13 7 14 13 5 15 10 4 9 8 12 7 8 13 7 6 11 4 12 14 9 10 7 13 12 9 16 
3 10 11 10 4 6 7 11 6 7 14 4 7 11 7 9 13 4 8 11 9 12 11 11 10 8 13 9 7 11 10 9 8 6 8 9 6 9 7 10 12 8 8 8 8 6 11 9 14 5 
11 7 8 2 8 7 9 6 5 1 9 8 10 11 5 11 9 3 16 10 10 10 15 9 6 11 14 4 6 7 2 10 5 8 12 13 8 6 11 9 16 5 8 9 13 10 5 4 8 15 
7 5 7 5 7 11 6 3 5 3 12 4 8 5 6 9 9 9 5 8 9 9 7 15 2 0 10 4 5 1 7 12 7 5 6 6 9 8 6 10 7 2 5 13 9 8 15 8 8 7 
10 6 4 5 3 5 2 1 1 5 7 4 5 4 2 6 3 5 7 7 9 4 2 6 6 7 6 5 4 4 1 5 4 6 6 0 9 4 6 4 7 6 4 9 3 6 3 5 3 3 
4 4 11 9 7 8 8 9 11 9 9 11 12 8 10 7 8 6 10 13 9 7 15 11 10 9 6 12 9 10 8 9 6 8 10 11 6 13 6 10 9 4 9 8 9 7 8 13 9 8 
4 7 5 9 7 3 5 3 9 11 5 8 8 5 11 11 3 5 3 7 8 7 8 3 8 10 11 7 3 0 4 6 7 4 2 4 3 3 4 9 9 8 8 5 4 8 13 3 7 6 
1 2 0 1 0 0 1 1 0 1 1 1 0 1 2 1 2 1 1 0 0 0 0 1 1 0 3 0 0 2 2 0 2 0 1 0 2 2 2 0 1 0 2 2 0 0 1 1 1 2 
6 5 11 13 8 5 8 10 14 10 6 7 8 14 10 13 3 9 11 14 2 8 9 10 8 7 7 9 8 13 6 8 14 11 3 7 11 16 11 7 7 4 12 13 10 7 11 13 7 9 
5 1 7 2 11 5 5 5 5 7 4 6 1 1 6 7 7 6 6 6 7 3 6 4 6 7 2 8 9 5 8 5 3 6 6 7 7 4 4 7 2 4 2 5 3 5 4 8 9 4 
3 3 5 0 4 5 3 2 6 2 6 1 5 2 6 0 6 6 2 4 4 5 5 4 3 5 6 5 4 5 2 7 4 4 7 3 4 5 5 5 8 2 2 5 2 2 4 3 3 7 
6 4 6 11 10 13 8 7 6 7 11 8 10 9 7 12 6 6 9 7 14 8 8 9 4 6 11 13 11 6 12 13 13 8 9 4 11 8 9 7 4 9 8 10 11 8 12 7 13 10 
9 6 10 6 7 11 6 10 6 8 8 9 7 8 7 11 12 3 6 9 1 8 10 9 11 6 8 8 7 9 12 5 2 10 11 7 4 8 9 10 7 8 10 7 6 7 6 4 9 4 
5 0 0 6 4 4 4 0 5 4 0 4 3 3 6 3 4 2 4 5 1 3 3 5 1 3 5 0 2 2 0 3 1 1 3 2 3 8 6 3 5 2 6 4 7 2 4 1 4 2 
14 14 7 14 4 7 10 9 12 8 11 12 6 9 12 15 9 8 2 9 5 9 15 3 10 15 7 12 5 9 5 13 6 8 8 20 10 10 8 9 11 11 5 8 7 9 16 6 11 12 
7 14 9 8 18 10 16 10 11 10 13 12 11 12 11 6 14 10 11 12 10 6 16 9 10 10 9 12 5 6 15 8 9 13 6 8 10 8 5 5 13 9 12 15 9 9 8 7 15 13 
12 8 7 3 11 8 7 6 8 10 9 10 10 2 9 9 11 6 8 14 7 13 7 12 3 14 11 3 5 10 13 12 5 6 10 4 12 8 12 9 10 6 9 9 3 9 9 6 9 6 
5 0 4 2 7 6 4 1 5 3 2 2 3 2 6 3 3 0 1 6 5 1 1 3 4 4 4 0 0 1 0 2 3 3 2 4 2 5 3 5 4 3 6 2 1 4 6 3 4 4 
6 11 10 6 15 9 17 11 11 10 11 14 9 13 7 11 9 6 10 11 10 9 8 10 5 12 14 8 14 7 15 11 11 11 12 9 9 13 13 11 5 11 11 8 10 15 11 6 13 13 
0 0 1 1 0 1 2 1 1 3 1 2 1 0 2 0 1 0 0 2 2 2 1 2 1 1 1 1 1 1 1 0 2 3 2 2 1 1 2 0 1 0 0 1 0 1 0 0 1 0 
4 3 3 3 3 2 6 3 6 3 7 4 4 8 4 4 3 6 7 7 4 6 4 5 6 7 4 6 7 6 9 1 3 8 7 5 6 8 3 2 11 4 3 4 6 5 3 3 7 5 
2 1 1 3 4 3 2 4 0 1 5 5 4 3 2 2 3 5 3 2 1 2 3 2 1 2 0 0 3 2 1 1 4 4 2 1 2 0 5 1 3 2 1 1 3 2 3 0 4 0 
13 11 11 5 10 14 9 10 9 18 7 15 13 11 17 11 12 16 7 13 12 10 16 9 15 10 11 5 10 12 13 11 17 13 10 7 10 11 8 8 16 8 11 5 17 11 13 12 13 9 
8 5 1 7 7 8 3 7 5 1 4 7 6 4 9 4 5 8 6 4 8 3 10 8 0 6 4 4 5 4 2 3 1 3 3 6 2 5 4 6 0 3 9 3 1 7 0 6 5 1 
7 7 4 8 4 4 6 2 3 3 3 2 2 4 7 7 3 4 5 5 2 2 2 6 2 1 6 5 3 2 4 0 5 5 3 3 8 5 4 0 3 7 3 4 3 2 4 4 1 2 
1 0 0 1 0 2 1 2 1 0 2 0 1 1 1 0 1 2 1 1 3 0 1 1 1 1 2 2 0 1 1 1 1 1 0 0 1 3 3 1 2 1 1 2 0 2 0 2 0 0 
1 2 0 1 1 1 1 0 2 0 1 0 1 0 2 3 2 1 1 1 3 4 0 0 1 1 1 1 0 1 1 3 0 0 1 1 2 3 2 0 1 2 2 0 2 1 1 0 2 0 
6 4 6 5 4 5 2 3 2 4 5 4 6 5 3 6 7 3 4 6 4 6 4 7 8 3 4 5 5 6 8 6 6 10 8 5 8 6 6 7 6 5 4 3 3 2 1 4 2 4 
5 8 9 11 10 13 12 9 9 6 5 3 5 13 12 16 5 14 15 8 10 10 15 12 13 7 16 7 15 9 8 9 8 8 12 11 17 4 11 6 8 9 12 6 16 11 12 7 9 10 
1 4 1 3 3 3 0 5 0 1 2 2 4 1 4 3 6 4 4 0 2 5 6 4 6 7 4 3 3 3 2 2 5 1 1 2 3 3 3 6 3 6 5 1 3 2 1 5 0 5 
6 4 3 7 7 4 2 10 9 7 9 6 8 6 7 6 3 4 4 7 5 6 7 2 0 4 8 7 3 6 7 7 4 5 5 6 7 8 3 10 4 8 4 8 8 6 8 4 5 7 
DEPOT_SECTION
 1
 -1
EOF
