NAME  : Parada_40_4_0.95_1.00_3
TYPE : SVRP
MODEL : FINITE_SUPPORT
NUMBER_OF_SCENARIOS : 50
DIMENSION : 40
EDGE_WEIGHT_TYPE : MATRIX
CAPACITY : 53
N_VEHICLES : 4
NODE_COORD_SECTION
1 164300 290350
2 423290 569900
3 169820 191480
4 177180 329730
5 193680 226970
6 472940 321980
7 139250 18
8 423980 147260
9 428180 287500
10 498510 265450
11 211160 70442
12 90163 44893
13 518010 361200
14 502580 339740
15 256320 554750
16 477790 553860
17 98028 33250
18 347260 568920
19 118030 407640
20 456120 373720
21 177870 282160
22 266210 293700
23 498470 280910
24 520650 612120
25 397130 373520
26 383530 442330
27 357250 566410
28 371150 404040
29 45949 21890
30 475230 226760
31 309750 632570
32 160490 85015
33 439710 228900
34 279270 639700
35 360730 173630
36 367780 71968
37 271420 452020
38 419660 597950
39 27 40654
40 129630 383740
DEMAND_SECTION
1 0.0
2 2.0
3 6.0
4 3.0
5 4.0
6 6.0
7 5.0
8 1.0
9 5.0
10 1.0
11 9.0
12 9.0
13 6.0
14 2.0
15 9.0
16 1.0
17 2.0
18 10.0
19 3.0
20 6.0
21 2.0
22 4.0
23 1.0
24 5.0
25 10.0
26 3.0
27 10.0
28 8.0
29 2.0
30 5.0
31 10.0
32 1.0
33 5.0
34 9.0
35 10.0
36 7.0
37 7.0
38 6.0
39 9.0
40 1.0
DISTANCE_MATRIX
0.0 41.271 12.3693 5.09902 10.4403 44.2041 35.0668 39.1324 53.8238 43.0773 26.5707 40.862 36.8782 46.6905 70.3295 58.8303 40.452 69.9426 19.2354 30.4138 2.23607 55.4672 44.8562 51.3584 59.3765 54.7088 69.7231 58.4123 45.238 40.0902 45.9674 40.218 35.0101 50.9117 36.4005 44.2832 21.095 41.1863 51.8852 70.6137 
41.271 0.0 51.9711 37.4401 51.5956 49.4773 62.514 63.7809 57.5587 54.4243 64.1249 67.4685 38.6005 47.5184 101.863 21.095 69.2315 106.982 30.2655 38.0132 43.2503 81.9183 54.7083 13.8924 68.6586 92.0796 107.342 49.4975 76.2955 78.7586 19.9249 57.2713 51.9711 23.1948 77.5946 84.9294 23.5761 5.09902 79.8123 89.0424 
12.3693 51.9711 0.0 17.1172 6.32456 55.0374 23.7699 46.369 64.639 53.8924 14.3178 29.5651 48.2597 57.6772 64.5348 68.0294 29.1551 63.8122 25.2389 41.6228 12.083 55.1128 55.6714 63.0714 70.1916 48.7647 63.5138 69.8928 33.9411 34.2955 53.535 41.2162 45.8252 58.2495 27.2029 32.9848 33.3766 52.2398 40.5884 69.9778 
5.09902 37.4401 17.1172 0.0 15.5242 42.19 38.9262 38.1062 51.9711 41.7852 31.0483 44.7214 33.9706 44.2041 74.6863 55.0 44.3113 79.7834 16.5602 27.8029 6.7082 54.441 43.4626 46.2868 58.1893 64.8814 74.5967 55.2268 49.0974 50.3515 42.3113 40.3423 33.9559 47.2769 41.4367 49.366 16.2788 37.3553 55.7446 69.5875 
10.4403 51.5956 6.32456 15.5242 0.0 50.4004 29.5926 42.3401 60.0021 49.2555 19.2094 35.3878 43.6236 53.0402 60.5059 68.9638 34.9778 60.119 27.5862 36.9859 9.05539 51.0839 51.0344 61.6604 70.2119 44.8852 59.8995 65.2569 39.6989 30.2667 55.4437 45.2106 41.1883 60.3075 26.0 34.0588 31.0161 51.5419 46.4004 65.9489 
44.2041 49.4773 55.0374 42.19 50.4004 0.0 78.6318 30.0 9.84886 7.61577 69.2312 84.427 11.0454 5.09902 65.7875 69.8928 84.017 74.7329 58.4692 14.8661 43.3293 41.4849 6.40312 47.5079 19.2354 62.2171 75.505 19.0263 88.743 49.6488 67.2681 82.4136 14.3178 71.5681 64.8683 77.0779 33.541 44.9222 95.4503 45.2217 
35.0668 62.514 23.7699 38.9262 29.5926 78.6318 0.0 65.0287 88.2335 77.4869 12.3852 7.2111 71.7855 81.2717 79.0669 73.6817 7.81025 75.5991 32.249 65.2016 35.3852 70.4451 79.2659 75.505 92.9005 62.271 74.9553 93.3908 14.3178 49.6278 57.0701 18.868 69.4197 60.8769 35.7496 33.4215 54.8438 64.3273 19.8494 85.3101 
39.1324 63.7809 46.369 38.1062 42.3401 30.0 65.0287 0.0 35.2889 23.1948 53.0562 70.8239 32.8938 35.0143 40.1803 84.679 70.388 46.1088 54.639 28.6531 38.2395 20.2357 25.3185 67.8012 35.1757 32.3883 46.6486 49.0102 73.035 20.6155 78.9535 78.3155 16.2788 83.4132 38.8094 51.4668 40.8044 60.8112 81.1951 35.5114 
53.8238 57.5587 64.639 51.9711 60.0021 9.84886 88.2335 35.2889 0.0 12.53 78.8329 94.0287 20.2237 10.0499 67.2681 77.3692 93.6187 77.3175 68.2724 24.6982 52.931 44.0454 10.2956 53.8516 12.2066 66.1211 78.2304 17.0 98.3447 55.6621 76.0263 92.1868 21.6333 80.1561 72.521 84.7466 43.1741 52.7731 105.052 44.3847 
43.0773 54.4243 53.8924 41.7852 49.2555 7.61577 77.4869 23.1948 12.53 0.0 67.016 83.2821 16.1245 12.6491 58.1893 75.2396 82.8721 67.2681 58.218 17.1172 42.1844 33.9559 2.23607 53.8238 16.4924 55.0364 68.0661 26.0768 87.5981 43.4166 71.2507 82.1264 9.21954 75.71 60.0239 72.2495 36.0139 50.1597 94.3054 37.8021 
26.5707 64.1249 14.3178 31.0483 19.2094 69.2312 12.3852 53.0562 78.8329 67.016 0.0 18.1108 62.4544 71.871 66.7533 78.1601 17.4642 63.5689 34.9285 55.8167 26.4008 58.0599 69.2159 76.0592 80.9279 50.01 62.9682 84.0878 21.095 37.2426 62.5766 31.1868 57.8177 67.0595 23.7697 23.6008 47.2969 65.0077 28.178 72.9249 
40.862 67.4685 29.5651 44.7214 35.3878 84.427 7.2111 70.8239 94.0287 83.2821 18.1108 0.0 77.5806 87.0668 84.3801 77.1038 2.23607 80.2808 37.3631 70.9967 41.1803 76.0991 85.0611 80.7775 98.6957 67.4759 79.555 99.186 9.0 55.2818 60.208 17.2047 75.2149 63.6396 40.6079 36.2353 59.3121 69.6419 13.0384 90.9641 
36.8782 38.6005 48.2597 33.9706 43.6236 11.0454 71.7855 32.8938 20.2237 16.1245 62.4544 77.5806 0.0 10.7703 71.4479 59.2368 77.1706 78.8944 50.0285 6.7082 36.4005 46.9018 16.1555 37.8021 30.2655 65.0 79.4342 21.6333 81.9567 50.0899 56.2228 73.9391 17.0 60.531 62.9682 74.4648 23.0868 34.176 88.6039 53.0377 
46.6905 47.5184 57.6772 44.2041 53.0402 5.09902 81.2717 35.0143 10.0499 12.6491 71.871 87.0668 10.7703 0.0 70.8378 67.4463 86.6568 79.8311 60.3641 16.4012 45.9674 46.5725 11.1803 44.2832 21.5407 67.3035 80.604 14.1421 91.4429 54.4518 66.0076 84.2747 19.105 70.1142 69.2604 81.3449 33.8378 42.7551 98.0901 49.93 
70.3295 101.863 64.5348 74.6863 60.5059 65.7875 79.0669 40.1803 67.2681 58.1893 66.7533 84.3801 71.4479 70.8378 0.0 122.728 83.2166 12.53 88.0897 68.3954 74.8197 24.5967 59.7746 106.936 59.0762 17.0 13.8924 83.678 84.006 32.6956 116.97 97.8685 55.0752 121.936 44.0114 52.7731 78.492 99.2922 91.0494 25.318 
58.8303 21.095 68.0294 55.0 68.9638 69.8928 73.6817 84.679 77.3692 75.2396 78.1601 77.1038 59.2368 67.4463 122.728 0.0 79.1581 127.839 43.3244 59.0593 60.8102 102.784 75.3923 25.02 88.8876 112.937 128.2 67.1193 86.093 98.921 17.0294 63.2851 73.0616 14.8661 94.8262 100.658 44.434 25.0799 88.0511 110.133 
40.452 69.2315 29.1551 44.3113 34.9778 84.017 7.81025 70.388 93.6187 82.8721 17.4642 2.23607 77.1706 86.6568 83.2166 79.1581 0.0 78.8543 39.0512 70.5867 40.7703 75.2197 84.651 82.4621 98.2857 66.2722 78.1025 98.776 7.07107 54.4024 62.2896 19.4165 74.8049 65.7647 39.3192 34.4384 60.813 71.3092 12.0416 90.0847 
69.9426 106.982 63.8122 79.7834 60.119 74.7329 75.5991 46.1088 77.3175 67.2681 63.5689 80.2808 78.8944 79.8311 12.53 127.839 78.8543 0.0 87.7028 74.3236 68.1081 33.3766 69.0507 112.508 70.0643 15.5563 1.41421 93.2148 78.6384 33.9411 116.085 94.4007 63.5544 120.398 39.8497 46.0435 83.5913 104.488 85.3756 37.3631 
19.2354 30.2655 25.2389 16.5602 27.5862 58.4692 32.249 54.639 68.2724 58.218 34.9285 37.3631 50.0285 60.3641 88.0897 43.3244 39.0512 87.7028 0.0 43.9711 21.4709 70.3346 59.8703 43.4166 74.6435 72.469 87.4833 66.9572 46.0977 57.8505 28.3019 29.7321 50.4629 33.0151 52.4309 57.3847 33.8471 32.28 49.98 86.1203 
30.4138 38.0132 41.6228 27.8029 36.9859 14.8661 65.2016 28.6531 24.6982 17.1172 55.8167 70.9967 6.7082 16.4012 68.3954 59.0593 70.5867 74.3236 43.9711 0.0 29.8329 44.6982 18.0 39.6232 33.0606 60.0833 74.8465 28.3019 75.3727 44.4072 54.2746 67.8817 14.2127 58.7343 56.5685 67.9117 19.0263 34.1321 82.02 51.225 
2.23607 43.2503 12.083 6.7082 9.05539 43.3293 35.3852 38.2395 52.931 42.1844 26.4008 41.1803 36.4005 45.9674 74.8197 60.8102 40.7703 68.1081 21.4709 29.8329 0.0 54.5744 43.9634 52.6118 58.4836 52.8743 67.8885 58.0086 45.5563 38.2557 48.0833 42.1868 34.1172 53.0377 34.7851 43.1045 22.0 42.4969 52.2036 69.7209 
55.4672 81.9183 55.1128 54.441 51.0839 41.4849 70.4451 20.2357 44.0454 33.9559 58.0599 76.0991 46.9018 46.5725 24.5967 102.784 75.2197 33.3766 70.3346 44.6982 54.5744 0.0 35.6931 84.112 37.855 22.8035 34.2345 59.8415 77.2327 21.0238 96.7249 95.8999 30.5291 101.518 39.1152 51.4004 58.5529 79.3476 84.499 15.2971 
44.8562 54.7083 55.6714 43.4626 51.0344 6.40312 79.2659 25.3185 10.2956 2.23607 69.2159 85.0611 16.1555 11.1803 59.7746 75.3923 84.651 69.0507 59.8703 18.0 43.9634 35.6931 0.0 53.535 15.1327 57.0088 69.8713 24.1868 89.3771 45.607 71.8471 83.8022 11.4018 76.2955 62.2441 74.4697 37.0135 50.3289 96.0843 38.833 
51.3584 13.8924 63.0714 46.2868 61.6604 47.5079 75.505 67.8012 53.8516 53.8238 76.0592 80.7775 37.8021 44.2832 106.936 25.02 82.4621 112.508 43.4166 39.6232 52.6118 84.112 53.535 0.0 65.7951 97.6099 112.872 42.2966 89.4986 85.9494 31.6228 71.1126 53.7401 33.541 87.0976 95.6407 31.0483 11.1803 93.3006 90.6091 
59.3765 68.6586 70.1916 58.1893 70.2119 19.2354 92.9005 35.1757 12.2066 16.4924 80.9279 98.6957 30.2655 21.5407 59.0762 88.8876 98.2857 70.0643 74.6435 33.0606 58.4836 37.855 15.1327 65.7951 0.0 60.6383 71.1126 28.4253 101.906 54.4356 86.4696 98.5171 24.5967 90.7965 72.8714 85.5288 52.0865 64.0312 109.067 34.7131 
54.7088 92.0796 48.7647 64.8814 44.8852 62.2171 62.271 32.3883 66.1211 55.0364 50.01 67.4759 65.0 67.3035 17.0 112.937 66.2722 15.5563 72.469 60.0833 52.8743 22.8035 57.0088 97.6099 60.6383 0.0 15.6205 81.0987 67.0075 18.3848 100.851 81.0726 48.6621 105.817 27.0185 36.1386 68.6893 89.5862 74.0608 32.6497 
69.7231 107.342 63.5138 74.5967 59.8995 75.505 74.9553 46.6486 78.2304 68.0661 62.9682 79.555 79.4342 80.604 13.8924 128.2 78.1025 1.41421 87.4833 74.8465 67.8885 34.2345 69.8713 112.872 71.1126 15.6205 0.0 94.0479 77.7817 33.9706 115.299 93.7569 62.9274 120.178 39.2173 45.0999 83.9521 104.849 84.4808 38.6005 
58.4123 49.4975 69.8928 55.2268 65.2569 19.0263 93.3908 49.0102 17.0 26.0768 84.0878 99.186 21.6333 14.1421 83.678 67.1193 98.776 93.2148 66.9572 28.3019 58.0086 59.8415 24.1868 42.2966 28.4253 81.0987 94.0479 0.0 103.562 68.593 69.2315 95.057 33.2415 72.6911 83.2406 95.1893 42.2019 44.4072 110.209 61.327 
45.238 76.2955 33.9411 49.0974 39.6989 88.743 14.3178 73.035 98.3447 87.5981 21.095 9.0 81.9567 91.4429 84.006 86.093 7.07107 78.6384 46.0977 75.3727 45.5563 77.2327 89.3771 89.4986 101.906 67.0075 77.7817 103.562 0.0 56.4154 69.1809 25.0799 78.7954 72.5603 40.05 32.9848 65.015 78.339 7.28011 92.0977 
40.0902 78.7586 34.2955 50.3515 30.2667 49.6488 49.6278 20.6155 55.6621 43.4166 37.2426 55.2818 50.0899 54.4518 32.6956 98.921 54.4024 33.9411 57.8505 44.4072 38.2557 21.0238 45.607 85.9494 54.4356 18.3848 33.9706 68.593 56.4154 0.0 86.2323 68.4294 35.3553 91.1979 18.4391 31.1127 55.2328 76.6926 63.6817 36.0555 
45.9674 19.9249 53.535 42.3113 55.4437 67.2681 57.0701 78.9535 76.0263 71.2507 62.5766 60.208 56.2228 66.0076 116.97 17.0294 62.2896 116.085 28.3019 54.2746 48.0833 96.7249 71.8471 31.6228 86.4696 100.851 115.299 69.2315 69.1809 86.2323 0.0 46.2709 67.7583 5.0 80.7094 85.4283 38.7085 25.0 71.0282 104.799 
40.218 57.2713 41.2162 40.3423 45.2106 82.4136 18.868 78.3155 92.1868 82.1264 31.1868 17.2047 73.9391 84.2747 97.8685 63.2851 19.4165 94.4007 29.7321 67.8817 42.1868 95.8999 83.8022 71.1126 98.5171 81.0726 93.7569 95.057 25.0799 68.4294 46.2709 0.0 74.1932 49.0102 54.5512 52.2015 55.2338 60.4152 25.1794 109.797 
35.0101 51.9711 45.8252 33.9559 41.1883 14.3178 69.4197 16.2788 21.6333 9.21954 57.8177 75.2149 17.0 19.105 55.0752 73.0616 74.8049 63.5544 50.4629 14.2127 34.1172 30.5291 11.4018 53.7401 24.5967 48.6621 62.9274 33.2415 78.7954 35.3553 67.7583 74.1932 0.0 72.218 50.9096 63.1352 31.0483 48.2597 85.74 37.0135 
50.9117 23.1948 58.2495 47.2769 60.3075 71.5681 60.8769 83.4132 80.1561 75.71 67.0595 63.6396 60.531 70.1142 121.936 14.8661 65.7647 120.398 33.0151 58.7343 53.0377 101.518 76.2955 33.541 90.7965 105.817 120.178 72.6911 72.5603 91.1979 5.0 49.0102 72.218 0.0 85.4459 89.9134 43.1682 28.2843 74.027 109.258 
36.4005 77.5946 27.2029 41.4367 26.0 64.8683 35.7496 38.8094 72.521 60.0239 23.7697 40.6079 62.9682 69.2604 44.0114 94.8262 39.3192 39.8497 52.4309 56.5685 34.7851 39.1152 62.2441 87.0976 72.8714 27.0185 39.2173 83.2406 40.05 18.4391 80.7094 54.5512 50.9096 85.4459 0.0 12.8062 56.0892 77.083 47.1699 53.6656 
44.2832 84.9294 32.9848 49.366 34.0588 77.0779 33.4215 51.4668 84.7466 72.2495 23.6008 36.2353 74.4648 81.3449 52.7731 100.658 34.4384 46.0435 57.3847 67.9117 43.1045 51.4004 74.4697 95.6407 85.5288 36.1386 45.0999 95.1893 32.9848 31.1127 85.4283 52.2015 63.1352 89.9134 12.8062 0.0 65.0692 85.0041 39.4588 65.5134 
21.095 23.5761 33.3766 16.2788 31.0161 33.541 54.8438 40.8044 43.1741 36.0139 47.2969 59.3121 23.0868 33.8378 78.492 44.434 60.813 83.5913 33.8471 19.0263 22.0 58.5529 37.0135 31.0483 52.0865 68.6893 83.9521 42.2019 65.015 55.2328 38.7085 55.2338 31.0483 43.1682 56.0892 65.0692 0.0 21.4709 72.227 67.9289 
41.1863 5.09902 52.2398 37.3553 51.5419 44.9222 64.3273 60.8112 52.7731 50.1597 65.0077 69.6419 34.176 42.7551 99.2922 25.0799 71.3092 104.488 32.28 34.1321 42.4969 79.3476 50.3289 11.1803 64.0312 89.5862 104.849 44.4072 78.339 76.6926 25.0 60.4152 48.2597 28.2843 77.083 85.0041 21.4709 0.0 82.2192 85.3243 
51.8852 79.8123 40.5884 55.7446 46.4004 95.4503 19.8494 81.1951 105.052 94.3054 28.178 13.0384 88.6039 98.0901 91.0494 88.0511 12.0416 85.3756 49.98 82.02 52.2036 84.499 96.0843 93.3006 109.067 74.0608 84.4808 110.209 7.28011 63.6817 71.0282 25.1794 85.74 74.027 47.1699 39.4588 72.227 82.2192 0.0 99.364 
70.6137 89.0424 69.9778 69.5875 65.9489 45.2217 85.3101 35.5114 44.3847 37.8021 72.9249 90.9641 53.0377 49.93 25.318 110.133 90.0847 37.3631 86.1203 51.225 69.7209 15.2971 38.833 90.6091 34.7131 32.6497 38.6005 61.327 92.0977 36.0555 104.799 109.797 37.0135 109.258 53.6656 65.5134 67.9289 85.3243 99.364 0.0 
DEMAND_SCENARIO_SECTION
0 0 0 0 0 0 0 0 0 0 0 0 0 0 0 0 0 0 0 0 0 0 0 0 0 0 0 0 0 0 0 0 0 0 0 0 0 0 0 0 0 0 0 0 0 0 0 0 0 0 
2 2 2 4 2 3 2 1 1 0 3 3 3 0 2 1 1 1 2 1 1 1 0 2 2 4 3 0 5 2 4 2 2 3 0 1 2 3 4 2 1 1 1 1 3 2 1 3 4 0 
9 5 4 5 6 5 6 8 5 4 4 5 8 11 4 3 6 7 0 8 5 8 6 2 7 7 7 1 8 11 5 4 6 8 9 7 8 5 2 8 7 6 5 6 6 1 4 7 2 5 
4 3 3 5 4 4 3 2 4 3 2 7 5 4 2 4 1 4 3 6 5 1 4 3 0 2 5 2 0 3 3 1 5 3 3 6 0 3 4 3 5 2 0 3 1 5 3 6 0 5 
2 3 7 4 4 5 5 3 7 3 4 6 5 5 4 4 6 7 7 4 3 2 5 1 5 1 2 6 4 3 5 2 4 5 3 1 7 3 2 6 4 7 3 4 3 4 2 7 4 6 
6 3 9 9 8 5 5 8 7 6 6 8 9 3 11 8 9 5 5 9 7 7 6 7 0 2 4 5 12 6 5 5 7 9 5 2 5 6 2 6 7 3 4 5 4 7 5 0 6 2 
4 6 0 2 4 7 7 6 5 5 5 3 5 4 6 3 5 5 7 3 6 1 4 4 8 5 4 8 9 1 5 8 2 3 1 5 5 0 3 8 5 3 7 3 1 3 7 5 3 0 
2 0 1 0 0 0 1 2 3 1 2 0 0 1 1 0 3 2 3 2 2 0 1 0 2 1 1 0 1 0 0 2 0 1 2 1 0 1 3 0 2 0 1 0 2 0 2 1 2 3 
5 2 8 2 4 2 6 3 10 4 4 6 2 8 5 3 5 5 8 0 7 6 2 8 7 4 8 6 0 1 5 5 6 5 4 7 5 7 8 7 7 8 2 5 3 5 6 6 7 9 
2 2 0 1 1 2 2 1 0 2 2 0 1 1 0 1 1 0 1 1 2 1 0 1 2 1 2 1 2 2 2 1 1 1 1 0 0 0 2 1 0 1 1 0 1 1 0 0 2 0 
9 9 9 10 0 8 8 9 8 4 8 12 7 12 10 8 4 7 6 6 9 8 5 6 6 11 6 12 7 4 10 8 13 11 7 9 13 7 9 11 10 9 10 11 14 9 15 5 7 6 
9 9 6 13 15 11 5 13 5 14 6 9 9 11 10 3 8 8 15 9 3 11 8 11 7 10 14 12 7 13 5 14 6 7 8 7 13 8 16 7 8 5 10 7 12 13 5 9 15 9 
3 6 6 4 5 6 6 7 7 4 2 5 4 8 4 8 4 9 10 5 8 2 6 7 8 3 6 7 6 1 9 3 4 8 9 8 3 4 4 8 6 5 6 4 5 2 6 7 5 8 
1 1 3 3 2 1 1 2 4 2 1 5 4 2 1 1 2 3 1 2 0 0 2 1 2 4 2 0 2 3 4 2 5 3 3 1 4 5 2 1 1 2 2 1 1 1 3 1 0 2 
7 8 8 10 9 14 7 10 9 7 9 13 7 9 10 8 7 7 6 9 11 9 5 9 11 10 9 10 9 16 12 7 9 12 10 11 10 14 10 10 10 11 6 3 10 8 8 5 7 8 
2 3 0 1 1 2 2 3 2 2 0 2 0 0 1 2 2 1 2 1 0 1 1 1 0 0 1 1 2 0 0 0 2 1 1 2 2 2 0 3 1 1 2 1 0 2 0 0 0 0 
0 0 0 1 6 0 5 3 0 3 3 3 0 4 3 1 4 4 3 2 4 4 3 2 4 0 1 3 3 3 4 0 0 1 0 3 2 2 2 2 3 1 3 3 3 3 0 4 2 3 
13 9 9 7 10 12 10 11 12 10 10 5 4 9 8 10 13 10 7 10 15 8 13 7 12 8 8 11 7 9 8 6 12 7 7 8 9 9 11 11 0 9 9 12 15 8 4 9 13 14 
3 7 4 3 2 4 5 4 0 2 0 2 3 1 1 2 2 3 4 0 1 4 7 5 4 2 3 2 5 1 3 2 3 4 3 3 4 6 1 3 4 3 5 4 3 3 2 6 4 2 
6 2 7 7 7 4 9 6 4 6 3 8 7 3 1 5 8 7 7 7 5 7 4 9 6 6 11 5 4 7 6 4 10 9 8 4 7 5 7 7 8 7 6 5 9 6 7 4 8 5 
4 2 1 5 2 1 2 4 2 3 3 3 1 2 1 2 5 2 4 2 0 3 0 3 2 2 1 3 2 0 4 1 3 2 2 2 0 2 4 0 5 1 0 1 3 3 1 1 2 4 
5 2 2 5 6 7 2 4 7 6 3 5 3 3 3 3 5 6 6 4 4 5 6 4 4 3 3 7 3 4 3 3 5 5 3 5 5 3 1 1 1 6 0 7 6 2 4 2 5 6 
1 1 0 2 2 1 0 1 0 0 0 2 0 1 0 1 1 2 0 1 1 0 0 2 2 1 1 0 3 1 0 0 1 1 2 0 0 1 0 0 1 1 0 1 0 2 1 2 1 1 
2 10 7 4 3 7 4 1 5 8 8 1 5 7 8 2 6 3 6 4 4 2 7 4 4 4 3 6 6 5 3 0 5 6 6 1 7 5 3 5 6 3 6 6 4 3 7 4 2 8 
10 9 3 9 9 7 8 17 15 2 8 14 12 12 11 16 12 10 15 9 15 10 12 13 11 10 13 13 10 7 12 5 4 13 10 11 12 11 4 15 11 8 7 11 8 8 10 11 9 11 
4 3 4 2 4 3 3 3 4 3 3 2 4 2 1 2 1 3 2 4 5 3 1 3 3 4 0 1 2 1 6 0 3 1 5 6 3 1 0 2 3 3 1 3 3 0 0 0 5 4 
7 14 9 13 11 11 12 16 11 11 13 14 9 9 9 7 11 10 4 14 10 12 10 12 10 12 12 7 14 9 9 7 17 14 8 9 9 9 9 11 9 9 8 8 8 12 5 11 10 13 
8 8 6 6 12 6 6 8 7 8 6 4 8 6 4 6 7 5 6 7 9 9 8 4 10 8 9 3 6 10 9 3 6 4 9 10 6 9 7 9 11 6 7 1 8 12 9 8 11 12 
1 4 1 1 4 2 1 1 2 0 0 3 4 1 3 3 3 4 3 1 0 2 2 3 0 1 2 3 3 3 1 0 1 1 4 2 1 3 2 1 0 2 1 2 0 3 3 3 2 0 
8 2 4 4 4 9 4 6 8 3 5 1 3 5 6 3 5 1 5 1 4 5 8 8 6 4 4 7 3 5 1 3 3 2 8 5 5 4 0 9 3 4 3 10 3 0 4 5 6 5 
5 10 5 15 7 7 15 10 8 14 7 9 11 12 9 10 10 11 14 10 13 10 9 13 13 14 17 3 15 5 11 7 13 12 16 11 9 8 8 7 13 9 7 11 7 10 11 12 9 6 
2 1 3 0 1 0 1 2 2 0 3 2 1 1 2 1 0 1 0 0 0 1 1 0 1 1 1 2 1 0 2 0 0 1 1 3 0 0 0 1 2 2 1 1 1 3 1 2 1 1 
5 4 5 3 9 4 3 3 0 1 5 6 7 7 4 1 6 11 4 2 4 5 5 4 3 5 9 6 8 5 4 7 8 1 6 7 5 2 4 4 6 5 3 6 6 5 2 3 7 2 
9 11 9 14 3 14 12 9 10 10 10 9 9 8 6 11 10 7 11 14 6 14 12 5 12 9 10 7 11 11 8 11 11 11 10 6 8 9 10 5 13 9 10 9 4 5 6 8 11 10 
15 12 11 5 17 6 10 6 6 6 15 9 10 4 13 8 7 13 14 8 17 13 11 11 13 10 13 11 8 9 3 12 4 11 8 3 10 12 8 9 13 12 9 7 13 8 14 12 8 8 
6 6 7 4 8 14 5 4 10 1 12 11 8 8 8 11 8 6 4 9 7 6 8 5 5 5 9 8 5 7 12 7 7 7 4 11 0 8 8 12 6 9 7 3 10 7 7 5 7 6 
7 9 8 9 5 6 9 11 7 5 7 6 7 7 9 3 5 7 5 2 7 8 6 11 6 9 7 4 8 9 5 6 7 5 8 5 7 10 7 10 5 11 9 9 3 4 7 6 7 4 
4 7 4 3 3 4 10 7 6 6 3 7 5 8 4 5 11 8 4 6 4 8 8 6 6 7 6 4 5 11 5 6 5 7 5 3 4 9 2 6 3 2 9 11 7 8 5 7 6 7 
6 8 10 4 9 13 9 2 7 9 8 13 9 9 7 8 10 9 8 12 11 13 12 7 8 9 10 10 10 9 8 6 10 11 12 4 9 6 19 10 6 4 10 7 9 6 7 9 12 8 
1 2 1 2 0 1 3 1 1 1 3 2 1 2 1 1 0 2 1 1 2 1 0 2 2 2 2 2 2 3 1 0 1 0 2 3 0 1 1 1 0 0 1 2 0 1 1 0 3 1 
DEPOT_SECTION
 1
 -1
EOF
