NAME  : Parada_40_4_0.95_1.00_7
TYPE : SVRP
MODEL : FINITE_SUPPORT
NUMBER_OF_SCENARIOS : 50
DIMENSION : 40
EDGE_WEIGHT_TYPE : MATRIX
CAPACITY : 56
N_VEHICLES : 4
NODE_COORD_SECTION
1 392690 279400
2 676720 500330
3 607230 134890
4 456240 477270
5 469180 184490
6 494110 243240
7 117180 280390
8 122280 314500
9 316110 60337
10 403850 247510
11 522320 408940
12 28902 263020
13 642070 166150
14 652510 56813
15 471350 457790
16 523030 18
17 575570 41043
18 311110 520410
19 27 286690
20 122730 372290
21 339610 99920
22 324230 135350
23 582490 700890
24 566270 196800
25 591550 572570
26 173130 159010
27 699090 413160
28 15362 375450
29 412490 47634
30 597520 348600
31 674950 559070
32 218880 407190
33 520310 81646
34 279830 234390
35 366180 334430
36 574380 548680
37 218820 407230
38 386630 587560
39 106300 421710
40 487740 86993
DEMAND_SECTION
1 0.0
2 6.0
3 2.0
4 9.0
5 4.0
6 6.0
7 3.0
8 10.0
9 1.0
10 8.0
11 4.0
12 10.0
13 5.0
14 3.0
15 6.0
16 7.0
17 5.0
18 2.0
19 10.0
20 4.0
21 4.0
22 8.0
23 6.0
24 5.0
25 10.0
26 3.0
27 8.0
28 9.0
29 6.0
30 1.0
31 9.0
32 4.0
33 1.0
34 3.0
35 1.0
36 1.0
37 6.0
38 10.0
39 9.0
40 7.0
DISTANCE_MATRIX
0.0 59.2597 37.2281 31.6222 16.0 14.766 40.5884 41.73 34.0285 4.47214 35.8916 52.3848 56.2228 46.8402 34.5427 41.3038 39.3192 33.6155 55.7211 44.7855 39.3659 42.0218 64.0571 55.3528 52.9753 39.3104 53.7678 61.0228 30.5287 36.5508 64.7965 28.6356 30.1496 22.7057 8.06226 55.5339 28.6356 41.2251 45.607 30.1496 
59.2597 0.0 42.0441 31.7648 54.3529 45.4162 81.5663 81.1427 80.6723 57.3598 27.9434 93.9067 96.3098 55.3173 30.4631 67.3248 57.5962 49.5177 97.9208 80.1561 86.0097 88.5475 41.0 100.84 13.9284 86.2061 13.6015 98.4784 73.1989 29.1324 8.60233 63.201 55.8878 73.1374 55.3453 20.0998 63.201 41.0488 77.0065 61.7177 
37.2281 42.0441 0.0 44.0454 24.8395 22.8254 77.7725 78.9141 48.7038 35.0 32.1403 86.0694 55.3173 14.3178 41.0488 25.632 15.6525 63.2851 87.0007 81.9695 54.0411 55.109 76.165 61.131 50.371 65.9428 29.2877 98.2069 35.5106 24.5967 50.6262 65.5026 16.1245 48.8365 44.3451 57.2878 65.5026 63.3877 82.5687 22.0907 
31.6222 31.7648 44.0454 0.0 40.5022 32.7089 50.5964 50.1729 64.7386 36.0927 12.0416 62.9369 85.3227 63.5692 3.0 64.4893 59.2069 20.6155 66.951 49.2057 70.0759 72.7318 38.2099 86.8122 23.0868 55.2363 29.5489 67.5129 59.319 23.7697 33.9559 32.2312 51.2663 53.9644 24.3755 26.4764 32.2312 19.6469 46.3479 53.6994 
16.0 54.3529 24.8395 40.5022 0.0 8.94427 52.5478 55.4131 27.4196 12.1655 30.4092 61.4018 44.8219 31.7805 43.4227 25.4951 23.5372 48.9274 62.2896 60.135 32.7569 35.3553 74.3534 46.5188 51.8205 41.1841 45.6241 74.4731 18.868 30.5941 58.6849 44.4072 14.3178 24.0416 24.0208 58.6729 44.4072 54.3291 61.1882 14.3178 
14.766 45.4162 22.8254 32.7089 8.94427 0.0 55.3104 56.452 35.9387 12.8662 21.5889 65.8114 53.6004 33.3766 35.6293 31.7805 27.1662 43.2897 66.7427 59.5074 41.2761 43.9318 67.5961 55.4617 43.0002 45.6867 39.0089 75.7448 27.7849 22.0907 50.4937 43.0405 18.6815 28.6176 21.883 49.8526 43.0405 46.6154 60.1066 21.095 
40.5884 81.5663 77.7725 50.5964 52.5478 55.3104 0.0 4.47214 42.0476 46.977 70.6517 12.3693 74.6726 84.0879 53.5169 73.7631 75.2396 38.0132 17.0 13.0384 42.4264 51.9711 74.4312 68.1542 71.8401 20.8806 81.8106 21.9317 56.7186 71.482 83.1685 19.105 66.2118 30.0832 34.2452 73.1642 19.105 51.0098 19.105 63.9062 
41.73 81.1427 78.9141 50.1729 55.4131 56.452 4.47214 0.0 46.0 44.9323 70.0307 14.0357 78.9177 86.9532 53.0934 77.1298 78.1857 36.1248 19.4165 8.60233 46.6905 56.2939 72.111 72.5328 71.1688 25.2982 79.3238 19.4165 60.407 71.9317 82.6378 18.0278 69.0912 33.541 35.3836 72.0347 18.0278 49.0918 14.8661 67.0522 
34.0285 80.6723 48.7038 64.7386 27.4196 35.9387 42.0476 46.0 0.0 29.9254 57.5789 47.1275 34.176 49.7411 69.8296 34.3424 39.7461 67.0709 46.0977 53.2353 8.0 15.0 97.1735 30.6105 78.9902 23.4094 72.5555 62.9682 15.7585 57.9482 86.4251 54.7084 33.1574 25.741 41.129 85.8427 54.7084 74.89 57.162 27.9579 
4.47214 57.3598 35.0 36.0927 12.1655 12.8662 46.977 44.9323 29.9254 0.0 33.9918 55.831 51.8556 43.6578 46.2426 37.1214 35.6931 38.0789 56.7623 47.9878 35.2628 37.9187 68.5276 51.225 55.4031 35.2418 51.868 64.225 26.0768 34.651 62.8967 32.249 26.4764 18.6372 12.3693 62.2556 32.249 45.6955 49.0306 26.0192 
35.8916 27.9434 32.1403 12.0416 30.4092 21.5889 70.6517 70.0307 57.5789 33.9918 0.0 82.72 74.4116 45.8912 9.05539 49.8274 42.7606 32.597 86.2341 61.1762 62.9162 65.5722 46.6154 77.4819 24.1661 73.8978 25.1087 89.2008 49.0316 12.8062 32.2754 54.4412 36.2381 49.7694 42.3674 30.2324 54.4412 31.257 58.3184 40.3644 
52.3848 93.9067 86.0694 62.9369 61.4018 65.8114 12.3693 14.0357 47.1275 55.831 82.72 0.0 77.026 92.6499 65.8573 81.0335 83.3547 50.04 5.83095 20.6155 45.3982 54.037 86.1452 69.1809 84.2021 23.7697 94.0568 17.2627 62.8849 83.7282 95.5092 31.4006 74.6257 37.7359 46.0416 85.5102 31.4006 63.0317 27.313 71.6339 
56.2228 96.3098 55.3173 85.3227 44.8219 53.6004 74.6726 78.9177 34.176 51.8556 74.4116 77.026 0.0 48.0104 88.2432 30.1496 40.3113 89.3423 74.3303 86.6833 32.249 23.0 119.174 10.6301 95.8229 54.1479 83.5533 94.0053 26.1725 73.3553 103.193 77.9135 40.4969 48.9461 63.4004 102.675 77.9135 97.1212 90.956 34.9285 
46.8402 55.3173 14.3178 63.5692 31.7805 33.3766 84.0879 86.9532 49.7411 43.6578 45.8912 92.6499 48.0104 0.0 54.702 18.4391 10.0 76.0 93.1848 91.5467 55.0 53.6656 90.4738 55.7315 64.6798 72.0647 42.5625 106.013 34.6699 38.9102 63.8905 75.4321 18.0278 54.9181 54.3415 71.5967 75.4321 77.1217 92.4446 21.9317 
34.5427 30.4631 41.0488 3.0 43.4227 35.6293 53.5169 53.0934 69.8296 46.2426 9.05539 65.8573 88.2432 54.702 0.0 67.4098 62.1274 23.547 69.8715 52.1262 75.167 77.8229 40.3113 89.7326 23.0217 58.1567 27.8208 70.4334 62.2395 21.0238 33.3766 35.1516 54.1868 62.0201 27.296 27.2029 35.1516 22.561 49.2684 56.6199 
41.3038 67.3248 25.632 64.4893 25.4951 31.7805 73.7631 77.1298 34.3424 37.1214 49.8274 81.0335 30.1496 18.4391 67.4098 0.0 10.198 74.4222 80.4106 83.0241 38.9487 36.0555 95.8347 37.3363 70.9861 57.75 54.5683 95.5092 18.6011 46.7547 75.9068 69.0072 13.6015 43.6807 49.366 77.903 69.0072 78.3901 85.2877 11.1803 
39.3192 57.5962 15.6525 59.2069 23.5372 27.1662 75.2396 78.1857 39.7461 35.6931 42.7606 83.3547 40.3113 10.0 62.1274 10.198 0.0 70.4557 83.8616 83.4203 45.0 43.8634 88.6848 47.0956 63.2502 62.7415 44.8397 97.17 24.6982 38.2884 66.1782 67.897 9.21954 45.6508 47.1699 70.1671 67.897 73.1326 84.7231 12.0416 
33.6155 49.5177 63.2851 20.6155 48.9274 43.2897 38.0132 36.1248 67.0709 38.0789 32.597 50.04 89.3423 76.0 23.547 74.4222 70.4557 0.0 55.0091 32.573 62.8089 72.6314 36.6742 88.4049 37.4433 48.7545 49.1562 50.6952 63.9531 44.3847 49.0918 19.2354 61.8142 43.2811 25.9422 36.7696 19.2354 13.0 28.178 63.245 
55.7211 97.9208 87.0007 66.951 62.2896 66.7427 17.0 19.4165 46.0977 56.7623 86.2341 5.83095 74.3303 93.1848 69.8715 80.4106 83.8616 55.0091 0.0 26.4008 43.4166 51.4782 91.351 66.0 88.295 22.8254 97.3931 21.5407 61.8267 87.0645 99.5239 36.0555 75.1571 38.2884 49.3779 89.9444 36.0555 68.0074 33.1059 72.1397 
44.7855 80.1561 81.9695 49.2057 60.135 59.5074 13.0384 8.60233 53.2353 47.9878 61.1762 20.6155 86.6833 91.5467 52.1262 83.0241 83.4203 32.573 26.4008 0.0 54.5711 64.2884 67.0671 80.6536 69.3181 33.6155 78.3566 18.3576 67.0298 72.8511 80.9506 17.6918 74.3242 40.0125 38.0789 69.2892 17.6918 45.1221 6.7082 72.5672 
39.3659 86.0097 54.0411 70.0759 32.7569 41.2761 42.4264 46.6905 8.0 35.2628 62.9162 45.3982 32.249 55.0 75.167 38.9487 45.0 62.8089 43.4166 54.5711 0.0 9.84886 98.2038 26.4008 84.3275 22.0 77.8929 62.0725 20.5183 63.2855 91.7625 47.2183 38.4947 26.9944 50.4373 91.18 47.2183 74.2427 59.1354 33.2866 
42.0218 88.5475 55.109 72.7318 35.3553 43.9318 51.9711 56.2939 15.0 37.9187 65.5722 54.037 23.0 53.6656 77.8229 36.0555 43.8634 72.6314 51.4782 64.2884 9.84886 0.0 105.167 16.5529 86.9835 31.257 80.0904 71.007 19.6469 65.9242 94.4684 57.0409 39.0512 36.8169 49.1223 93.8359 57.0409 82.8833 68.9493 33.2415 
64.0571 41.0 76.165 38.2099 74.3534 67.5961 74.4312 72.111 97.1735 68.5276 46.6154 86.1452 119.174 90.4738 40.3113 95.8347 88.6848 36.6742 91.351 67.0671 98.2038 105.167 0.0 118.332 28.4429 84.7585 50.2195 83.863 93.1702 51.7647 34.3657 55.9017 82.2453 78.676 56.8104 21.095 55.9017 24.0416 61.2944 86.3716 
55.3528 100.84 61.131 86.8122 46.5188 55.4617 68.1542 72.5328 30.6105 51.225 77.4819 69.1809 10.6301 55.7315 89.7326 37.3363 47.0956 88.4049 66.0 80.6536 26.4008 16.5529 118.332 0.0 98.2548 47.2969 88.3785 86.3713 27.8568 76.5506 105.172 73.5845 45.3982 53.3606 62.4631 105.746 73.5845 96.2241 85.44 39.4588 
52.9753 13.9284 50.371 23.0868 51.8205 43.0002 71.8401 71.1688 78.9902 55.4031 24.1661 84.2021 95.8229 64.6798 23.0217 70.9861 63.2502 37.4433 88.295 69.3181 84.3275 86.9835 28.4429 98.2548 0.0 76.5893 21.8403 87.6584 70.4429 25.9708 11.6619 53.1413 57.4649 71.1807 45.7285 7.61577 53.1413 27.6586 65.5134 61.7678 
39.3104 86.2061 65.9428 55.2363 41.1841 45.6867 20.8806 25.2982 23.4094 35.2418 73.8978 23.7697 54.1479 72.0647 58.1567 57.75 62.7415 48.7545 22.8254 33.6155 22.0 31.257 84.7585 47.2969 76.5893 0.0 84.2502 40.1123 39.1661 67.0332 87.8091 30.8058 54.0369 17.1735 37.0416 79.0 30.8058 60.7454 38.9487 51.0196 
53.7678 13.6015 29.2877 29.5489 45.6241 39.0089 81.8106 79.3238 72.5555 51.868 25.1087 94.0568 83.5533 42.5625 27.8208 54.5683 44.8397 49.1562 97.3931 78.3566 77.8929 80.0904 50.2195 88.3785 21.8403 84.2502 0.0 96.6638 61.246 26.2977 21.9317 61.382 43.1314 67.6455 53.5264 29.4109 61.382 43.6807 75.4988 48.9612 
61.0228 98.4784 98.2069 67.5129 74.4731 75.7448 21.9317 19.4165 62.9682 64.225 89.2008 17.2627 94.0053 106.013 70.4334 95.5092 97.17 50.6952 21.5407 18.3576 62.0725 71.007 83.863 86.3713 87.6584 40.1123 96.6638 0.0 78.2685 90.0311 99.2975 35.609 88.1419 51.8652 54.6717 87.4643 35.609 62.9365 22.8035 85.7963 
30.5287 73.1989 35.5106 59.319 18.868 27.7849 56.7186 60.407 15.7585 26.0768 49.0316 62.8849 26.1725 34.6699 62.2395 18.6011 24.6982 63.9531 61.8267 67.0298 20.5183 19.6469 93.1702 27.8568 70.4429 39.1661 61.246 78.2685 0.0 48.7032 77.5308 54.9181 19.4165 27.0185 38.0132 77.2954 54.9181 71.6845 70.1142 13.6015 
36.5508 29.1324 24.5967 23.7697 30.5941 22.0907 71.482 71.9317 57.9482 34.651 12.8062 83.7282 73.3553 38.9102 21.0238 46.7547 38.2884 44.3847 87.0645 72.8511 63.2855 65.9242 51.7647 76.5506 25.9708 67.0332 26.2977 90.0311 48.7032 0.0 33.4643 55.2716 33.6006 50.4285 43.1978 32.8876 55.2716 41.1947 70.1115 38.5876 
64.7965 8.60233 50.6262 33.9559 58.6849 50.4937 83.1685 82.6378 86.4251 62.8967 32.2754 95.5092 103.193 63.8905 33.3766 75.9068 66.1782 49.0918 99.5239 80.9506 91.7625 94.4684 34.3657 105.172 11.6619 87.8091 21.9317 99.2975 77.5308 33.4643 0.0 64.622 64.9584 78.6743 56.9483 14.7648 64.622 38.8973 77.1751 69.2614 
28.6356 63.201 65.5026 32.2312 44.4072 43.0405 19.105 18.0278 54.7084 32.249 54.4412 31.4006 77.9135 75.4321 35.1516 69.0072 67.897 19.2354 36.0555 17.6918 47.2183 57.0409 55.9017 73.5845 53.1413 30.8058 61.382 35.609 54.9181 55.2716 64.622 0.0 58.6941 29.1548 21.1896 54.1295 0.0 32.1403 17.088 58.0775 
30.1496 55.8878 16.1245 51.2663 14.3178 18.6815 66.2118 69.0912 33.1574 26.4764 36.2381 74.6257 40.4969 18.0278 54.1868 13.6015 9.21954 61.8142 75.1571 74.3242 38.4947 39.0512 82.2453 45.3982 57.4649 54.0369 43.1314 88.1419 19.4165 33.6006 64.9584 58.6941 0.0 36.8917 38.0526 64.3817 58.6941 65.192 75.505 6.0 
22.7057 73.1374 48.8365 53.9644 24.0416 28.6176 30.0832 33.541 25.741 18.6372 49.7694 37.7359 48.9461 54.9181 62.0201 43.6807 45.6508 43.2811 38.2884 40.0125 26.9944 36.8169 78.676 53.3606 71.1807 17.1735 67.6455 51.8652 27.0185 50.4285 78.6743 29.1548 36.8917 0.0 29.8062 78.0332 29.1548 54.7149 43.2897 34.0147 
8.06226 55.3453 44.3451 24.3755 24.0208 21.883 34.2452 35.3836 41.129 12.3693 42.3674 46.0416 63.4004 54.3415 27.296 49.366 47.1699 25.9422 49.3779 38.0789 50.4373 49.1223 56.8104 62.4631 45.7285 37.0416 53.5264 54.6717 38.0132 43.1978 56.9483 21.1896 38.0526 29.8062 0.0 48.2872 21.1896 33.9783 38.2753 38.2099 
55.5339 20.0998 57.2878 26.4764 58.6729 49.8526 73.1642 72.0347 85.8427 62.2556 30.2324 85.5102 102.675 71.5967 27.2029 77.903 70.1671 36.7696 89.9444 69.2892 91.18 93.8359 21.095 105.746 7.61577 79.0 29.4109 87.4643 77.2954 32.8876 14.7648 54.1295 64.3817 78.0332 48.2872 0.0 54.1295 25.2389 64.8845 68.6222 
28.6356 63.201 65.5026 32.2312 44.4072 43.0405 19.105 18.0278 54.7084 32.249 54.4412 31.4006 77.9135 75.4321 35.1516 69.0072 67.897 19.2354 36.0555 17.6918 47.2183 57.0409 55.9017 73.5845 53.1413 30.8058 61.382 35.609 54.9181 55.2716 64.622 0.0 58.6941 29.1548 21.1896 54.1295 0.0 32.1403 17.088 58.0775 
41.2251 41.0488 63.3877 19.6469 54.3291 46.6154 51.0098 49.0918 74.89 45.6955 31.257 63.0317 97.1212 77.1217 22.561 78.3901 73.1326 13.0 68.0074 45.1221 74.2427 82.8833 24.0416 96.2241 27.6586 60.7454 43.6807 62.9365 71.6845 41.1947 38.8973 32.1403 65.192 54.7149 33.9783 25.2389 32.1403 0.0 40.1622 67.5426 
45.607 77.0065 82.5687 46.3479 61.1882 60.1066 19.105 14.8661 57.162 49.0306 58.3184 27.313 90.956 92.4446 49.2684 85.2877 84.7231 28.178 33.1059 6.7082 59.1354 68.9493 61.2944 85.44 65.5134 38.9487 75.4988 22.8035 70.1142 70.1115 77.1751 17.088 75.505 43.2897 38.2753 64.8845 17.088 40.1622 0.0 74.5897 
30.1496 61.7177 22.0907 53.6994 14.3178 21.095 63.9062 67.0522 27.9579 26.0192 40.3644 71.6339 34.9285 21.9317 56.6199 11.1803 12.0416 63.245 72.1397 72.5672 33.2866 33.2415 86.3716 39.4588 61.7678 51.0196 48.9612 85.7963 13.6015 38.5876 69.2614 58.0775 6.0 34.0147 38.2099 68.6222 58.0775 67.5426 74.5897 0.0 
DEMAND_SCENARIO_SECTION
0 0 0 0 0 0 0 0 0 0 0 0 0 0 0 0 0 0 0 0 0 0 0 0 0 0 0 0 0 0 0 0 0 0 0 0 0 0 0 0 0 0 0 0 0 0 0 0 0 0 
7 7 5 7 8 10 1 2 5 3 10 4 4 4 8 10 4 7 8 7 7 3 9 5 4 9 2 6 4 4 4 7 0 3 14 11 4 6 7 5 3 8 4 9 6 7 1 10 8 4 
5 2 2 3 1 2 1 0 2 0 0 2 1 1 1 3 2 4 5 2 1 4 4 0 5 3 3 2 0 2 4 2 1 1 3 4 1 0 1 2 0 2 5 2 2 4 3 3 1 2 
11 9 13 8 6 11 7 5 11 5 15 11 11 5 11 11 7 9 11 18 8 11 5 13 13 10 8 8 12 8 12 6 9 10 10 10 5 11 9 11 10 12 7 7 11 6 8 5 9 18 
3 6 5 3 2 1 3 4 4 3 2 4 5 2 3 3 5 1 1 3 5 4 4 4 5 8 5 7 6 6 2 7 2 0 2 5 5 1 4 5 2 5 5 4 2 3 6 2 2 4 
11 3 7 5 6 6 8 7 7 10 8 7 0 8 8 8 8 6 8 3 6 5 6 11 3 7 3 3 8 6 1 5 5 8 5 7 9 4 8 5 3 6 7 5 8 7 8 4 4 6 
3 5 1 3 2 4 4 3 4 2 2 3 6 5 2 4 3 2 5 6 6 2 4 0 3 5 2 2 1 5 4 0 2 7 4 4 0 4 4 3 3 4 2 5 1 1 1 4 1 3 
13 9 15 16 6 13 13 4 11 11 13 16 12 4 5 11 13 8 9 9 7 9 11 16 14 15 5 8 8 8 13 9 8 5 15 8 9 8 10 12 8 7 14 10 13 9 6 14 15 9 
0 0 0 1 2 0 0 1 2 1 3 0 3 2 1 0 0 0 1 2 3 0 1 1 2 1 2 0 1 2 1 1 1 2 0 2 2 0 0 2 1 1 0 2 0 1 0 0 2 1 
9 9 12 8 9 5 11 7 5 4 10 6 7 10 7 8 10 7 5 8 8 6 4 7 13 8 5 6 8 3 13 8 4 6 4 9 8 7 8 4 11 4 8 9 10 7 9 7 11 11 
5 3 11 4 1 3 2 6 5 4 5 1 4 5 1 4 5 3 3 5 2 5 1 3 5 3 3 6 1 6 2 3 5 4 4 6 6 5 6 2 4 3 6 3 5 9 3 3 4 4 
13 8 12 11 9 9 5 9 10 10 13 6 15 5 15 13 7 14 10 2 15 6 13 13 15 12 5 9 9 10 21 10 11 4 10 9 11 9 8 5 12 13 10 6 7 12 11 13 10 12 
4 4 7 4 3 3 7 3 4 4 4 4 3 1 8 1 4 7 9 9 4 3 7 3 6 1 0 0 5 8 0 5 4 4 7 5 9 1 7 4 4 7 5 6 0 3 8 4 5 0 
1 6 1 2 1 3 4 2 4 4 2 2 3 5 2 2 3 6 5 3 2 3 3 1 2 3 5 5 2 3 2 1 3 3 3 2 0 2 1 3 3 2 2 1 6 2 2 3 3 2 
5 2 8 10 6 6 8 2 10 10 6 9 3 5 6 9 3 7 5 6 6 8 7 4 3 7 6 0 6 8 5 6 6 5 8 7 2 8 11 7 5 6 8 4 6 6 6 11 6 8 
10 7 9 7 8 11 9 8 9 6 5 9 9 5 8 6 6 8 8 2 6 11 6 8 7 9 5 7 9 5 6 7 5 8 7 5 8 7 0 9 10 4 6 10 9 4 4 4 6 2 
6 1 6 6 3 6 6 4 12 3 2 5 3 6 5 5 0 6 6 2 8 4 8 2 8 4 7 5 5 4 4 5 4 5 6 3 8 9 9 2 0 0 2 5 5 4 8 5 3 9 
1 3 1 3 1 1 2 3 3 1 1 2 2 0 2 3 2 1 1 3 1 3 2 3 4 2 1 0 2 2 0 1 4 2 1 2 1 3 2 4 3 4 4 0 1 2 3 0 2 0 
12 16 7 8 7 8 15 8 15 11 8 9 5 10 12 7 10 11 7 7 8 10 16 8 12 19 16 5 8 7 11 8 8 4 11 11 11 9 17 12 18 9 7 14 9 7 10 8 6 12 
5 8 4 3 1 3 5 5 3 4 3 0 4 0 7 4 1 3 3 6 4 4 4 0 3 4 4 3 4 4 2 3 1 3 3 3 6 3 5 5 4 4 3 4 6 5 2 5 8 1 
4 2 5 4 5 5 2 2 3 4 2 5 4 7 4 1 5 5 5 4 2 4 8 7 6 8 3 2 4 4 4 5 3 5 4 5 4 6 1 4 4 6 3 6 5 6 4 4 4 1 
9 7 5 10 10 7 5 15 10 3 8 5 8 3 12 11 14 9 12 9 7 7 11 3 12 8 6 5 6 8 8 1 7 3 11 8 10 10 8 7 7 9 5 14 5 5 14 12 6 5 
5 0 5 6 8 5 2 8 6 5 9 5 6 3 7 13 7 3 7 11 8 5 11 9 5 0 8 0 3 3 0 10 9 11 8 4 8 6 7 6 7 8 3 3 10 7 6 4 3 5 
3 5 4 5 8 8 3 6 7 7 3 9 4 5 3 7 2 9 2 6 6 3 6 6 5 5 6 4 5 4 6 3 10 6 3 4 6 7 4 7 3 4 4 3 1 6 0 5 5 9 
10 12 12 5 10 10 14 10 10 14 10 7 7 6 11 5 10 10 9 8 10 10 9 12 12 11 2 8 11 12 8 6 8 8 17 11 14 11 9 14 7 8 8 6 16 13 9 9 3 11 
3 1 3 6 5 3 3 3 2 1 1 2 2 0 0 5 4 2 3 4 2 0 4 3 4 5 1 2 2 5 4 4 0 6 0 1 3 2 7 1 6 0 1 4 4 6 6 0 2 7 
10 4 10 12 12 7 4 1 9 11 5 16 9 12 16 2 9 9 9 6 6 5 5 9 6 7 9 12 8 11 9 8 4 10 8 8 2 8 8 7 11 7 10 8 6 9 9 4 12 8 
13 11 7 10 5 7 9 15 12 9 2 8 11 9 5 6 14 6 8 12 4 7 4 5 8 5 15 11 10 9 9 10 8 12 8 12 11 8 8 11 9 7 7 10 8 12 8 12 10 8 
8 2 6 4 5 8 6 7 3 5 8 5 12 7 4 3 4 4 7 3 3 7 4 8 4 6 4 8 8 5 7 1 2 8 4 4 9 5 6 9 6 0 8 8 5 4 1 6 9 2 
1 1 1 1 1 1 1 3 2 1 1 2 2 1 0 1 1 2 1 2 1 2 0 3 3 0 1 0 1 0 1 1 1 2 1 1 0 0 1 1 1 2 2 2 1 0 0 0 1 0 
8 9 11 11 5 9 3 16 6 6 9 3 7 9 7 7 6 9 11 7 9 13 12 7 7 12 12 10 9 9 11 13 10 7 14 5 5 10 9 11 7 8 2 8 6 7 13 8 10 3 
3 5 2 6 6 7 4 6 3 3 0 4 4 3 7 2 3 5 2 2 5 7 9 1 3 5 3 2 3 3 7 5 2 3 4 4 2 7 3 5 6 5 6 2 4 5 5 3 7 6 
1 1 2 1 2 0 0 0 2 1 3 1 2 1 0 1 1 1 2 3 0 1 1 1 2 2 1 3 2 3 2 0 1 0 2 1 0 1 1 0 3 1 1 2 1 1 3 1 1 0 
3 4 4 2 2 5 2 0 6 3 2 4 7 2 7 3 3 0 4 7 1 3 4 2 2 1 3 0 1 3 4 4 3 5 0 3 3 2 4 4 4 4 2 3 1 3 1 4 6 1 
0 1 0 0 0 0 0 0 0 3 2 0 1 3 0 1 2 1 2 2 2 1 2 1 1 1 3 0 1 1 1 3 2 0 2 2 1 0 0 1 1 3 2 1 0 0 0 1 0 1 
2 1 0 1 2 0 1 2 0 1 1 1 1 1 0 1 2 0 3 2 2 1 0 2 1 1 0 2 1 1 1 2 0 1 1 0 2 1 2 1 2 0 1 0 2 0 1 0 0 0 
4 8 2 8 6 9 6 4 5 6 0 0 3 5 7 9 10 5 6 11 4 8 7 4 9 8 5 7 6 11 5 4 4 3 8 3 7 7 12 7 8 7 6 4 6 8 5 7 5 4 
8 12 13 16 5 10 7 7 12 7 15 9 12 15 12 4 12 11 8 4 16 5 13 8 8 7 11 13 9 9 10 9 9 14 9 14 11 3 11 10 10 6 10 6 15 9 7 13 6 6 
10 10 6 3 8 8 7 14 10 10 9 5 7 12 16 11 9 5 9 14 10 11 8 5 10 10 11 9 14 11 12 5 4 2 11 8 14 6 6 11 7 1 7 12 11 13 9 15 7 3 
11 12 6 7 10 5 9 10 6 9 11 6 7 10 6 9 10 5 4 7 10 7 10 6 4 9 6 0 8 6 9 10 8 9 7 7 8 7 5 3 8 7 8 7 4 11 4 5 6 6 
DEPOT_SECTION
 1
 -1
EOF
