NAME  : Parada_40_4_0.95_1.00_0
TYPE : SVRP
MODEL : FINITE_SUPPORT
NUMBER_OF_SCENARIOS : 50
DIMENSION : 40
EDGE_WEIGHT_TYPE : MATRIX
CAPACITY : 52
N_VEHICLES : 4
NODE_COORD_SECTION
1 225590 261350
2 491910 269900
3 272650 233120
4 253750 540660
5 568720 231490
6 237600 338220
7 292680 18
8 581810 140690
9 367340 318170
10 515730 175820
11 197840 592260
12 27 354700
13 584390 166650
14 386490 407000
15 397170 615800
16 45714 371190
17 465750 107270
18 328230 403140
19 339280 379760
20 246440 465990
21 45239 472670
22 340960 34364
23 323140 379250
24 446860 324350
25 184720 615280
26 434360 98659
27 527370 319750
28 344790 252220
29 251970 239200
30 562720 473040
31 413300 349910
32 359070 249400
33 316940 159850
34 57017 565160
35 324560 587070
36 49766 419300
37 473320 285130
38 289100 604330
39 353030 303440
40 35445 434960
DEMAND_SECTION
1 0.0
2 10.0
3 10.0
4 10.0
5 1.0
6 3.0
7 7.0
8 3.0
9 2.0
10 4.0
11 3.0
12 2.0
13 5.0
14 3.0
15 2.0
16 10.0
17 2.0
18 4.0
19 3.0
20 8.0
21 10.0
22 1.0
23 2.0
24 4.0
25 10.0
26 9.0
27 4.0
28 2.0
29 3.0
30 9.0
31 3.0
32 8.0
33 10.0
34 2.0
35 8.0
36 1.0
37 5.0
38 8.0
39 7.0
40 1.0
DISTANCE_MATRIX
0.0 23.0868 21.9317 50.5559 41.4367 17.2627 54.6717 47.2652 31.8904 56.1575 57.042 50.4876 44.1814 25.3229 48.3142 46.6186 53.3975 26.2538 30.3669 53.6004 56.3206 48.8262 27.313 24.2074 53.5522 55.3497 26.9258 16.3355 9.21954 52.6118 34.4885 16.2788 35.2442 65.774 45.8216 47.1228 27.2029 48.7345 18.0278 49.9108 
23.0868 0.0 38.0789 34.7131 19.0263 21.4709 46.5188 27.7308 17.0294 73.2905 71.1126 52.0378 24.5967 48.4097 69.1158 50.3289 70.5305 43.3868 47.4999 32.6497 61.5224 39.3573 21.095 22.2036 68.618 68.8378 14.5602 31.1448 32.28 75.505 56.6931 29.8329 48.9284 72.6223 64.1327 53.1507 4.12311 66.2403 25.0599 55.9732 
21.9317 38.0789 0.0 53.1906 56.8859 18.0278 76.4853 65.4599 36.8782 57.3215 36.2412 47.7611 62.2977 33.2593 32.3883 41.4184 62.6979 41.7774 40.5722 60.1818 43.79 70.4344 27.6595 46.0109 32.615 66.6687 47.0106 37.7733 21.9976 44.1022 40.0505 37.7733 59.4108 45.607 26.1725 35.7533 41.7732 28.1648 39.8246 37.1117 
50.5559 34.7131 53.1906 0.0 37.0 36.5619 77.1038 49.3964 18.8396 101.834 71.0634 37.108 47.4342 73.2164 81.8725 40.1995 102.528 79.5137 78.3085 16.6433 50.9902 69.8713 25.544 56.8859 70.3491 104.481 48.0937 63.5531 58.0415 96.7965 82.4301 62.6735 81.9787 64.9384 73.3819 47.0106 33.1361 73.0068 59.1354 49.0918 
41.4367 19.0263 56.8859 37.0 0.0 39.5601 41.0122 12.53 26.9072 89.7107 88.955 66.6695 10.4403 66.5634 88.1419 65.126 83.1452 60.0833 64.1964 26.0768 76.6403 34.0147 35.5106 30.4138 86.6487 82.0975 19.8494 45.6508 50.636 94.0479 73.3896 43.909 62.1881 88.8369 83.0241 69.1158 15.1327 85.0126 37.4433 71.8679 
17.2627 21.4709 18.0278 36.5619 39.5601 0.0 65.0 49.1935 19.3132 65.634 49.6588 34.4819 46.0652 37.0162 50.3587 31.305 66.3281 43.3135 42.1083 42.72 41.6173 58.258 11.3137 35.7771 47.1699 68.2804 33.2415 33.0762 22.4722 60.8619 46.23 33.0 51.9849 51.6624 44.0454 32.6497 24.6982 45.6965 32.7567 35.4683 
54.6717 46.5188 76.4853 77.1038 41.0122 65.0 0.0 30.4138 62.6259 82.0549 111.673 98.1277 31.0644 71.3092 100.663 95.9635 72.0278 62.0322 65.4599 67.0075 106.607 7.28011 67.5352 30.4795 108.194 69.1809 32.249 45.1885 60.9093 97.8954 73.7382 43.382 54.7449 116.325 100.395 97.6166 45.8803 103.376 37.7359 100.424 
47.2652 27.7308 65.4599 49.3964 12.53 49.1935 30.4138 0.0 38.9487 91.1532 98.8433 78.1336 3.16228 71.0636 95.4332 76.59 83.3847 63.5059 67.6018 37.2156 88.0909 24.0416 46.8615 29.7321 96.3471 81.8596 21.095 47.2969 56.0803 99.0456 76.7919 45.3542 62.6259 99.8649 91.214 80.2122 24.6982 93.6056 38.3275 83.006 
31.8904 17.0294 36.8782 18.8396 26.9072 19.3132 62.6259 38.9487 0.0 83.8153 64.5368 40.2592 36.2353 55.2178 69.2428 38.7156 82.4767 55.333 60.2895 23.4094 50.23 55.3624 10.0499 39.0512 62.8013 84.4289 31.4006 44.7214 39.6989 80.1601 64.4112 43.8634 63.1727 62.6171 62.2013 42.9535 16.7631 63.0 40.5216 45.6205 
56.1575 73.2905 57.3215 101.834 89.7107 65.634 82.0549 91.1532 83.8153 0.0 70.0286 89.2546 88.6885 28.8444 43.566 82.9119 11.1803 30.6105 26.9072 105.464 85.1469 80.0999 76.9165 61.4236 66.0076 15.2643 71.1031 44.7638 44.7342 26.8328 19.4165 47.8351 28.6356 84.1487 51.0098 77.2411 77.2035 56.0357 53.2666 78.5875 
57.042 71.1126 36.2412 71.0634 88.955 49.6588 111.673 98.8433 64.5368 70.0286 0.0 37.0 95.7127 49.4076 27.4591 31.7805 75.9539 57.9256 56.5367 85.2115 24.6982 105.864 54.5711 81.2398 4.12311 79.4292 82.4931 73.0129 57.2372 47.0744 55.5428 73.0129 74.0669 15.6525 19.0263 24.3311 74.3236 14.0 75.094 22.8035 
50.4876 52.0378 47.7611 37.108 66.6695 34.4819 98.1277 78.1336 40.2592 89.2546 37.0 0.0 75.2086 65.1923 55.8659 6.40312 92.9608 73.7104 72.5052 53.1413 14.0357 91.1033 31.277 70.0071 37.5766 98.6018 65.883 66.7615 53.5461 73.4098 71.9835 66.7533 91.3438 28.0713 46.0109 13.6015 53.8908 43.6005 67.1863 14.3178 
44.1814 24.5967 62.2977 47.4342 10.4403 46.0652 31.0644 3.16228 36.2353 88.6885 95.7127 75.2086 0.0 68.1262 92.2939 73.665 81.0247 60.6712 64.7765 36.0139 85.1469 24.3311 43.9318 27.313 93.2147 79.6053 18.2483 44.643 53.0377 96.0833 73.9797 42.72 60.1669 96.8349 88.0568 77.201 21.6333 90.4434 35.7351 80.0 
25.3229 48.4097 33.2593 73.2164 66.5634 37.0162 71.3092 71.0636 55.2178 28.8444 49.4076 65.1923 68.1262 0.0 29.8329 58.8497 29.6142 9.43398 7.2111 78.032 61.1227 67.0522 48.2986 43.566 45.3148 32.1403 50.01 26.2488 16.1555 28.0 9.43398 28.1603 25.1215 61.5025 31.9061 53.1789 52.5252 36.7151 34.7131 54.5253 
48.3142 69.1158 32.3883 81.8725 88.1419 50.3587 100.663 95.4332 69.2428 43.566 27.4591 55.8659 92.2939 29.8329 0.0 49.5177 50.9215 39.2046 36.7967 92.5457 47.7074 95.6181 60.0234 70.9898 23.7697 54.7814 75.2092 55.504 40.1622 19.6469 32.45 57.3765 52.083 42.72 10.0 42.45 73.0616 13.9284 63.5152 42.638 
46.6186 50.3289 41.4184 40.1995 65.126 31.305 95.9635 76.59 38.7156 82.9119 31.7805 6.40312 73.665 58.8497 49.5177 0.0 86.6181 67.3678 66.1626 55.5428 11.6619 89.0505 29.7334 67.082 31.9531 92.2591 63.8201 62.8749 49.6591 67.0075 65.6408 62.8749 85.0012 25.0 39.6989 7.61577 52.3259 37.4433 63.5689 9.05539 
53.3975 70.5305 62.6979 102.528 83.1452 66.3281 72.0278 83.3847 82.4767 11.1803 75.9539 92.9608 81.0247 29.6142 50.9215 86.6181 0.0 28.0944 25.0799 102.704 88.8912 70.5762 77.6105 53.7122 71.8471 4.24264 63.5386 39.8855 45.4283 36.4005 21.0238 40.2707 21.095 89.1403 57.0701 80.9473 73.1739 62.1691 45.7022 82.2938 
26.2538 43.3868 41.7774 79.5137 60.0833 43.3135 62.0322 63.5059 55.333 30.6105 57.9256 73.7104 60.6712 9.43398 39.2046 67.3678 28.0944 0.0 4.12311 75.5599 69.6408 57.9741 54.5959 35.0571 53.8328 30.0466 42.4264 17.2627 22.4137 36.3456 13.3417 19.2354 22.7132 70.0206 40.6878 61.697 47.2756 45.377 26.0768 63.0434 
30.3669 47.4999 40.5722 78.3085 64.1964 42.1083 65.4599 67.6018 60.2895 26.9072 56.5367 72.5052 64.7765 7.2111 36.7967 66.1626 25.0799 4.12311 0.0 83.0825 68.4356 61.6117 53.3907 39.0128 52.4439 27.0323 46.5296 21.095 21.2085 32.5576 9.21954 23.0868 19.6988 68.8154 39.1152 60.4918 51.3887 43.909 30.0167 61.8382 
53.6004 32.6497 60.1818 16.6433 26.0768 42.72 67.0075 37.2156 23.4094 105.464 85.2115 53.1413 36.0139 78.032 92.5457 55.5428 102.704 75.5599 83.0825 0.0 66.7608 60.075 32.7567 52.7731 84.0238 101.462 42.5441 63.7809 62.1289 103.569 87.2041 62.482 81.5523 80.5233 85.0 61.8142 29.4109 85.3756 57.4282 64.1327 
56.3206 61.5224 43.79 50.9902 76.6403 41.6173 106.607 88.0909 50.23 85.1469 24.6982 14.0357 85.1469 61.1227 47.7074 11.6619 88.8912 69.6408 68.4356 66.7608 0.0 99.8098 41.2311 77.1751 26.2488 91.9889 74.6525 72.5769 59.3611 66.6483 67.9139 72.5769 85.8669 14.0357 37.7359 9.48683 63.7024 34.2053 73.2711 7.07107 
48.8262 39.3573 70.4344 69.8713 34.0147 58.258 7.28011 24.0416 55.3624 80.0999 105.864 91.1033 24.3311 67.0522 95.6181 89.0505 70.5762 57.9741 61.6117 60.075 99.8098 0.0 60.4152 24.6982 102.238 68.0661 25.2389 40.8044 55.4996 94.1488 70.037 38.8973 52.0384 109.701 94.5377 90.9065 38.6264 97.4506 32.6956 93.723 
27.313 21.095 27.6595 25.544 35.5106 11.3137 67.5352 46.8615 10.0499 76.9165 54.5711 31.277 43.9318 48.2986 60.0234 29.7334 77.6105 54.5959 53.3907 32.7567 41.2311 60.4152 0.0 40.7922 52.7731 79.5628 35.3412 42.2019 33.6006 71.2653 57.5124 41.7732 61.0028 53.3385 52.345 33.6155 22.6716 53.0094 40.0125 36.3593 
24.2074 22.2036 46.0109 56.8859 30.4138 35.7771 30.4795 29.7321 39.0512 61.4236 81.2398 70.0071 27.313 43.566 70.9898 67.082 53.7122 35.0571 39.0128 52.7731 77.1751 24.6982 40.7922 0.0 77.6136 52.3546 10.6301 18.0278 30.8707 71.3442 48.0104 16.0312 32.8938 86.6315 69.986 67.9803 24.0416 72.8989 9.0 70.7683 
53.5522 68.618 32.615 70.3491 86.6487 47.1699 108.194 96.3471 62.8013 66.0076 4.12311 37.5766 93.2147 45.3148 23.7697 31.9531 71.8471 53.8328 52.4439 84.0238 26.2488 102.238 52.7731 77.6136 0.0 75.3127 79.351 69.3866 53.6109 43.4166 51.4198 69.3866 69.9536 18.9737 15.0 24.3516 71.8679 10.0499 71.4677 23.2594 
55.3497 68.8378 66.6687 104.481 82.0975 68.2804 69.1809 81.8596 84.4289 15.2643 79.4292 98.6018 79.6053 32.1403 54.7814 92.2591 4.24264 30.0466 27.0323 101.462 91.9889 68.0661 79.5628 52.3546 75.3127 0.0 62.434 38.8378 47.3805 40.6079 24.0832 39.223 20.5183 92.3472 60.6383 84.0451 72.1262 65.7343 44.6542 85.3915 
26.9258 14.5602 47.0106 48.0937 19.8494 33.2415 32.249 21.095 31.4006 71.1031 82.4931 65.883 18.2483 50.01 75.2092 63.8201 63.5386 42.4264 46.5296 42.5441 74.6525 25.2389 35.3412 10.6301 79.351 62.434 0.0 26.5707 35.3553 78.0064 55.7315 24.6982 42.5815 84.8646 71.8761 65.8559 15.0 74.7329 17.8885 68.6804 
16.3355 31.1448 37.7733 63.5531 45.6508 33.0762 45.1885 47.2969 44.7214 44.7638 73.0129 66.7615 44.643 26.2488 55.504 62.8749 39.8855 17.2627 21.095 63.7809 72.5769 40.8044 42.2019 18.0278 69.3866 38.8378 26.5707 0.0 21.1384 53.6004 30.0 2.0 18.9284 82.0303 60.6246 63.3791 34.6554 64.5689 9.05539 66.1671 
9.21954 32.28 21.9976 58.0415 50.636 22.4722 60.9093 56.0803 39.6989 44.7342 57.2372 53.5461 53.0377 16.1555 40.1622 49.6591 45.4283 22.4137 21.2085 62.1289 59.3611 55.4996 33.6006 30.8707 53.6109 47.3805 35.3553 21.1384 0.0 43.4166 25.3301 21.1384 40.0471 68.8145 39.5016 50.1633 36.4005 44.1055 23.3968 52.9513 
52.6118 75.505 44.1022 96.7965 94.0479 60.8619 97.8954 99.0456 80.1601 26.8328 47.0744 73.4098 96.0833 28.0 19.6469 67.0075 36.4005 36.3456 32.5576 103.569 66.6483 94.1488 71.2653 71.3442 43.4166 40.6079 78.0064 53.6004 43.4166 0.0 24.3516 55.5788 43.8634 62.3618 29.1548 60.4649 79.6241 33.5261 62.3939 61.0574 
34.4885 56.6931 40.0505 82.4301 73.3896 46.23 73.7382 76.7919 64.4112 19.4165 55.5428 71.9835 73.9797 9.43398 32.45 65.6408 21.0238 13.3417 9.21954 87.2041 67.9139 70.037 57.5124 48.0104 51.4198 24.0832 55.7315 30.0 25.3301 24.3516 0.0 32.0 19.8933 68.2642 37.0 59.97 60.582 42.0595 39.0128 61.3165 
16.2788 29.8329 37.7733 62.6735 43.909 33.0 43.382 45.3542 43.8634 47.8351 73.0129 66.7533 42.72 28.1603 57.3765 62.8749 40.2707 19.2354 23.0868 62.482 72.5769 38.8973 41.7732 16.0312 69.3866 39.223 24.6982 2.0 21.1384 55.5788 32.0 0.0 19.3136 82.0303 60.6246 63.3791 33.2415 64.5689 7.07107 66.1671 
35.2442 48.9284 59.4108 81.9787 62.1881 51.9849 54.7449 62.6259 63.1727 28.6356 74.0669 91.3438 60.1669 25.1215 52.083 85.0012 21.095 22.7132 19.6988 81.5523 85.8669 52.0384 61.0028 32.8938 69.9536 20.5183 42.5815 18.9284 40.0471 43.8634 19.8933 19.3136 0.0 86.2466 55.9465 77.923 52.2168 60.9297 24.745 79.2695 
65.774 72.6223 45.607 64.9384 88.8369 51.6624 116.325 99.8649 62.6171 84.1487 15.6525 28.0713 96.8349 61.5025 42.72 25.0 89.1403 70.0206 68.8154 80.5233 14.0357 109.701 53.3385 86.6315 18.9737 92.3472 84.8646 82.0303 68.8145 62.3618 68.2642 82.0303 86.2466 0.0 33.541 19.7231 75.213 28.8617 82.7246 17.0 
45.8216 64.1327 26.1725 73.3819 83.0241 44.0454 100.395 91.214 62.2013 51.0098 19.0263 46.0109 88.0568 31.9061 10.0 39.6989 57.0701 40.6878 39.1152 85.0 37.7359 94.5377 52.345 69.986 15.0 60.6383 71.8761 60.6246 39.5016 29.1548 37.0 60.6246 55.9465 33.541 0.0 32.5269 67.897 5.09902 62.8829 32.6497 
47.1228 53.1507 35.7533 47.0106 69.1158 32.6497 97.6166 80.2122 42.9535 77.2411 24.3311 13.6015 77.201 53.1789 42.45 7.61577 80.9473 61.697 60.4918 61.8142 9.48683 90.9065 33.6155 67.9803 24.3516 84.0451 65.8559 63.3791 50.1633 60.4649 59.97 63.3791 77.923 19.7231 32.5269 0.0 55.6058 30.0 64.0734 2.82843 
27.2029 4.12311 41.7732 33.1361 15.1327 24.6982 45.8803 24.6982 16.7631 77.2035 74.3236 53.8908 21.6333 52.5252 73.0616 52.3259 73.1739 47.2756 51.3887 29.4109 63.7024 38.6264 22.6716 24.0416 71.8679 72.1262 15.0 34.6554 36.4005 79.6241 60.582 33.2415 52.2168 75.213 67.897 55.6058 0.0 69.9138 28.0179 58.4123 
48.7345 66.2403 28.1648 73.0068 85.0126 45.6965 103.376 93.6056 63.0 56.0357 14.0 43.6005 90.4434 36.7151 13.9284 37.4433 62.1691 45.377 43.909 85.3756 34.2053 97.4506 53.0094 72.8989 10.0499 65.7343 74.7329 64.5689 44.1055 33.5261 42.0595 64.5689 60.9297 28.8617 5.09902 30.0 69.9138 0.0 66.8273 29.7321 
18.0278 25.0599 39.8246 59.1354 37.4433 32.7567 37.7359 38.3275 40.5216 53.2666 75.094 67.1863 35.7351 34.7131 63.5152 63.5689 45.7022 26.0768 30.0167 57.4282 73.2711 32.6956 40.0125 9.0 71.4677 44.6542 17.8885 9.05539 23.3968 62.3939 39.0128 7.07107 24.745 82.7246 62.8829 64.0734 28.0179 66.8273 0.0 66.8614 
49.9108 55.9732 37.1117 49.0918 71.8679 35.4683 100.424 83.006 45.6205 78.5875 22.8035 14.3178 80.0 54.5253 42.638 9.05539 82.2938 63.0434 61.8382 64.1327 7.07107 93.723 36.3593 70.7683 23.2594 85.3915 68.6804 66.1671 52.9513 61.0574 61.3165 66.1671 79.2695 17.0 32.6497 2.82843 58.4123 29.7321 66.8614 0.0 
DEMAND_SCENARIO_SECTION
0 0 0 0 0 0 0 0 0 0 0 0 0 0 0 0 0 0 0 0 0 0 0 0 0 0 0 0 0 0 0 0 0 0 0 0 0 0 0 0 0 0 0 0 0 0 0 0 0 0 
8 8 10 10 12 11 18 11 11 13 12 10 10 7 10 10 3 12 12 6 9 13 13 10 14 7 8 7 13 6 12 7 7 13 11 7 13 12 6 8 7 11 12 6 8 15 13 14 9 11 
11 10 12 8 11 10 6 13 9 10 4 9 4 10 14 13 9 9 13 6 8 11 11 13 8 15 12 15 11 6 7 10 12 11 12 9 7 6 7 3 7 17 12 8 6 8 7 6 11 13 
11 10 9 13 11 9 13 12 9 2 8 9 10 3 7 12 3 11 10 11 6 15 11 8 14 9 5 4 6 5 11 6 11 11 12 12 12 10 9 10 9 8 11 6 9 11 13 13 12 10 
2 0 0 1 1 3 1 1 1 2 2 0 0 2 0 0 1 0 2 3 0 2 1 1 0 2 2 2 0 2 1 1 1 0 1 0 2 0 1 1 2 1 1 2 2 1 2 0 0 3 
1 3 4 2 1 1 3 5 4 1 5 5 2 3 2 2 3 3 2 3 2 3 3 2 3 4 0 3 5 4 2 4 7 4 3 1 2 2 3 3 1 5 5 1 2 0 4 4 1 2 
7 12 9 6 12 4 8 9 10 4 6 12 6 6 6 11 8 3 10 7 2 5 3 9 10 7 4 6 4 4 10 8 7 10 7 4 4 9 15 7 3 7 9 11 10 6 7 8 8 6 
5 5 2 3 3 4 1 3 3 3 5 5 0 3 4 0 1 3 4 1 1 2 6 3 2 2 2 4 0 1 1 4 3 2 6 2 4 4 0 1 3 4 3 3 3 0 2 5 0 5 
5 3 3 3 3 0 3 1 3 1 3 0 2 0 4 2 2 2 2 1 3 1 5 2 0 2 1 3 1 0 1 3 1 2 0 0 0 0 3 1 2 1 1 1 2 3 2 3 0 1 
4 5 2 3 6 5 5 4 4 1 4 5 2 1 0 5 4 5 2 5 6 7 4 4 3 4 2 4 3 7 3 0 3 2 7 3 1 0 3 6 8 2 5 4 6 5 2 2 4 4 
3 0 5 3 6 6 3 5 3 0 2 3 3 3 2 4 1 5 1 3 3 1 3 1 3 3 3 1 5 2 0 3 2 3 2 4 3 3 4 0 5 3 3 2 3 2 7 4 1 4 
1 1 3 2 1 3 1 3 1 3 0 2 4 0 0 1 3 3 3 2 0 0 3 2 0 3 2 0 0 0 2 1 4 1 1 5 1 1 0 4 2 4 0 3 3 0 0 3 3 6 
3 4 0 5 3 4 4 9 6 7 4 4 5 4 3 8 3 1 0 3 2 9 6 4 4 5 8 5 4 8 1 6 9 5 4 2 5 5 3 2 8 10 2 4 8 6 8 4 6 6 
0 3 2 5 6 4 4 7 2 6 0 4 3 2 4 1 4 3 2 4 3 3 3 1 3 0 2 4 1 0 0 6 4 4 0 4 3 1 1 2 2 3 4 3 2 3 2 1 6 3 
1 1 4 4 4 0 3 2 2 0 2 0 0 0 7 4 0 1 1 2 2 0 0 0 3 3 3 1 5 0 3 2 1 1 2 4 2 1 4 2 4 2 2 3 3 3 1 0 3 3 
7 3 8 13 16 12 14 10 9 12 10 8 10 7 10 11 12 14 12 9 11 12 10 13 8 8 13 9 8 12 14 10 12 9 14 6 9 9 15 11 10 10 10 8 9 7 6 8 7 14 
4 2 2 5 2 2 3 3 3 3 0 2 3 2 0 5 1 1 6 3 1 2 3 3 3 3 0 2 3 2 1 3 0 3 2 0 0 3 4 1 3 1 4 3 2 0 3 3 3 1 
5 2 4 2 5 1 6 3 6 3 4 4 4 4 1 3 4 6 5 5 1 5 4 5 4 7 4 2 8 7 4 5 3 6 6 6 3 4 4 0 3 5 4 7 6 5 6 2 5 1 
2 4 4 3 4 4 3 4 5 4 6 1 4 1 1 4 4 6 4 3 4 1 6 3 2 6 4 2 5 3 4 3 1 2 6 3 1 1 1 0 3 1 3 3 6 2 0 3 3 2 
6 10 9 10 5 7 6 8 8 7 6 6 15 8 8 3 8 10 8 6 9 4 9 8 8 9 5 11 10 5 6 7 7 8 4 7 8 13 5 6 5 9 6 4 8 10 3 9 6 12 
12 12 12 10 6 12 4 12 2 5 10 12 8 11 12 6 9 11 6 11 9 10 10 14 8 10 14 12 10 8 12 9 11 17 9 9 13 7 12 7 10 9 10 9 12 15 9 9 6 10 
0 1 1 2 1 1 1 1 1 1 2 1 0 1 1 0 0 1 3 1 2 1 2 2 2 0 2 0 1 2 1 0 0 0 1 1 1 2 2 1 0 0 2 2 0 0 1 3 1 1 
1 4 3 2 2 2 2 2 2 1 2 3 5 2 2 1 3 2 1 2 4 1 3 3 4 3 2 3 0 4 2 4 0 0 2 1 2 2 0 2 1 1 5 0 0 1 4 2 2 2 
1 4 7 6 2 5 7 3 6 9 5 6 5 5 2 4 7 4 7 4 7 8 8 2 3 2 2 5 6 2 2 3 2 3 6 5 5 3 3 9 2 1 1 6 6 4 4 4 1 3 
7 7 13 11 11 9 11 6 7 14 9 15 7 11 12 10 11 10 11 11 8 13 12 13 4 15 12 8 11 5 16 6 8 10 11 5 12 9 14 13 9 2 12 11 8 8 13 9 11 10 
9 5 2 10 10 9 13 6 11 14 9 12 5 5 8 8 15 9 11 14 6 12 11 10 13 7 9 12 9 14 16 7 11 6 6 14 10 9 8 6 9 5 13 10 10 6 12 6 6 11 
2 3 6 6 3 7 3 5 1 6 3 2 5 5 8 2 2 0 0 9 0 1 2 2 8 2 4 7 5 6 6 4 7 2 1 4 5 4 2 4 2 6 1 3 3 3 5 6 0 2 
2 2 3 3 0 0 2 2 3 1 1 4 0 4 4 2 3 1 3 5 1 2 3 3 4 3 3 2 1 2 3 3 1 2 3 2 3 1 1 0 1 2 1 0 1 2 1 5 2 2 
6 5 2 4 3 2 4 2 3 6 2 4 2 1 1 1 4 2 5 0 2 3 2 3 4 2 6 0 6 1 5 3 4 3 4 2 1 4 3 5 5 4 2 3 4 5 5 3 0 2 
7 6 12 11 9 9 4 6 11 9 10 12 9 7 8 11 12 9 8 2 5 9 11 12 13 10 16 15 7 2 5 12 9 4 10 10 7 11 12 4 8 5 8 9 7 2 15 12 6 2 
2 2 1 3 3 4 1 2 3 3 3 4 3 2 4 2 3 4 5 3 3 6 4 3 0 6 8 1 4 2 2 5 2 3 3 4 2 3 4 2 4 3 5 1 2 3 2 6 4 4 
10 5 10 10 7 6 2 10 8 8 13 9 9 11 13 16 6 9 5 8 10 7 8 8 9 11 1 6 8 0 11 12 6 9 8 4 5 10 12 9 11 13 6 6 15 7 8 5 5 6 
11 13 8 5 13 14 8 7 8 7 7 8 12 12 14 5 7 11 9 7 9 9 10 13 9 15 8 8 12 15 9 13 5 14 8 8 10 9 12 10 9 9 17 6 5 12 10 12 12 11 
2 1 4 3 2 1 5 4 1 3 1 2 4 2 2 4 2 2 2 1 3 2 2 3 2 1 3 2 2 2 4 3 3 2 4 0 0 0 1 2 2 1 3 4 3 3 2 1 2 2 
12 12 4 9 8 9 5 9 15 9 6 6 8 9 10 9 11 9 10 11 9 6 6 10 4 9 10 8 5 5 8 9 7 8 9 10 10 5 4 9 13 9 9 5 9 6 6 11 10 7 
2 1 2 0 1 3 2 0 1 0 0 2 0 0 1 2 0 0 0 0 2 1 2 1 0 1 1 1 0 1 2 1 1 2 1 0 1 0 2 0 0 1 0 0 1 1 1 0 0 1 
1 6 4 1 4 5 4 5 4 4 4 4 7 5 6 6 4 5 3 3 4 7 4 5 7 7 5 6 4 4 1 5 3 10 3 8 5 7 7 3 4 7 2 3 6 0 3 2 6 6 
8 6 10 6 8 5 1 7 5 9 4 8 5 9 13 1 8 7 3 7 8 11 10 12 10 4 10 10 4 8 9 8 3 6 8 11 2 7 6 12 2 9 5 11 7 9 9 7 5 3 
4 7 4 5 7 7 7 8 7 10 10 10 9 8 8 8 5 10 3 6 5 4 5 5 8 7 4 4 10 11 10 6 8 7 4 7 7 9 8 3 5 5 5 7 7 6 8 9 8 7 
1 1 3 1 1 2 2 1 2 1 1 1 2 1 1 0 1 0 2 1 2 0 2 1 1 3 1 0 2 0 0 1 2 1 1 2 2 0 1 1 2 2 2 0 2 2 0 0 1 2 
DEPOT_SECTION
 1
 -1
EOF
