NAME  : Parada_40_4_0.95_1.00_1
TYPE : SVRP
MODEL : FINITE_SUPPORT
NUMBER_OF_SCENARIOS : 50
DIMENSION : 40
EDGE_WEIGHT_TYPE : MATRIX
CAPACITY : 63
N_VEHICLES : 4
NODE_COORD_SECTION
1 268320 301550
2 662260 98001
3 617570 16746
4 191460 523780
5 679800 397640
6 27 405870
7 494630 71615
8 629090 41932
9 648720 358200
10 474480 18
11 594460 300620
12 350090 168070
13 393040 238600
14 516570 159320
15 675370 142610
16 743860 476740
17 298760 294970
18 380680 260180
19 668780 515710
20 291800 322390
21 637480 85880
22 495440 96625
23 244150 387240
24 722100 527660
25 482280 146850
26 133190 206610
27 326640 383250
28 217250 374620
29 379780 144600
30 671220 73825
31 596380 63421
32 670540 448360
33 357980 61956
34 171000 333720
35 530270 608830
36 95637 256180
37 492860 545850
38 698430 484470
39 120120 420770
40 239930 619100
DEMAND_SECTION
1 0.0
2 4.0
3 9.0
4 8.0
5 5.0
6 8.0
7 3.0
8 9.0
9 3.0
10 3.0
11 9.0
12 8.0
13 9.0
14 9.0
15 4.0
16 10.0
17 5.0
18 10.0
19 6.0
20 4.0
21 10.0
22 2.0
23 5.0
24 4.0
25 6.0
26 7.0
27 6.0
28 4.0
29 9.0
30 8.0
31 8.0
32 3.0
33 2.0
34 7.0
35 8.0
36 3.0
37 9.0
38 8.0
39 1.0
40 4.0
DISTANCE_MATRIX
0.0 55.6708 54.3735 32.5576 55.5235 48.3322 46.0 48.88 51.631 49.3046 42.202 21.4247 32.8167 38.1182 62.3189 56.186 5.0 32.0 65.678 8.544 61.8948 44.4072 16.1555 62.8637 35.9626 40.3113 9.21954 17.1172 26.5196 55.703 48.5024 55.0544 43.1856 25.5539 56.172 40.6079 41.0478 65.0821 29.4109 53.9455 
55.6708 0.0 12.8062 86.8398 71.0634 100.125 36.6742 8.544 64.0703 21.9317 55.0818 35.3836 45.2769 39.0128 7.61577 87.2983 54.4257 47.676 85.0941 50.4777 8.06226 30.4138 61.7738 87.0517 21.1896 78.8546 63.5395 65.5134 31.1448 3.60555 12.1655 77.0584 35.6931 65.192 89.8029 84.1546 78.6146 80.399 80.7094 103.854 
54.3735 12.8062 0.0 85.5771 61.2046 102.649 26.0192 11.1803 54.231 33.8378 46.3249 36.7696 53.2353 30.3645 17.72 79.404 56.851 55.0364 75.1066 53.1413 9.0 20.2237 65.146 77.7817 28.1603 84.5931 60.9285 68.354 31.7805 9.21954 6.32456 67.897 46.2385 70.214 84.22 89.0505 73.2462 70.0 83.1729 97.6428 
32.5576 86.8398 85.5771 0.0 64.9384 22.3607 72.5195 79.7287 64.1249 80.2621 58.2151 52.5937 61.8068 63.9992 93.4879 55.9178 32.45 60.9902 69.8249 37.2156 91.833 72.7846 30.8058 64.5491 67.1316 42.72 25.0 26.4764 65.8364 86.6186 79.7059 60.4434 72.3678 37.0 37.5997 35.8469 33.0326 71.8418 16.1555 23.5372 
55.5235 71.0634 61.2046 64.9384 0.0 87.2983 35.2278 63.2851 7.0 83.2406 17.088 59.5392 87.4872 32.249 78.0 23.4307 60.0027 87.4388 14.0357 64.0495 70.1783 41.0488 70.214 17.088 68.0074 94.0319 51.1321 69.6419 55.2322 68.0074 59.0085 8.48528 87.1324 80.0 38.8973 92.3128 34.0147 10.2956 74.7615 60.208 
48.3322 100.125 102.649 22.3607 87.2983 0.0 92.1954 93.3597 86.3713 90.6605 80.0062 65.9044 66.6434 83.7437 106.607 74.3418 46.1411 63.6068 91.9782 49.6488 106.374 91.9073 38.9487 85.9021 79.8123 36.6742 43.4166 34.8281 70.9993 100.183 96.2551 82.752 81.5188 39.6611 55.9464 27.2947 54.923 94.1504 19.4165 38.1838 
46.0 36.6742 26.0192 72.5195 35.2278 92.1954 0.0 29.7321 28.2843 52.4786 21.4709 35.2166 60.5392 8.544 43.1856 54.626 50.0899 60.8276 49.0918 49.6488 35.0143 6.32456 61.2944 51.9711 39.6232 84.5281 48.8365 63.0317 30.8707 33.3766 24.5153 42.2019 60.1082 69.2315 62.3699 86.2844 52.345 44.0114 74.6129 78.6003 
48.88 8.544 11.1803 79.7287 63.2851 93.3597 29.7321 0.0 56.3205 24.0416 47.0 28.0179 42.107 31.0644 16.1555 78.9177 47.6349 44.0 77.3175 43.8292 13.0384 23.4094 55.5428 79.0 17.0294 73.9797 55.0801 59.0339 23.4307 7.07107 6.40312 69.0 35.3412 59.9083 81.2615 78.848 70.0732 72.8354 73.9567 95.3951 
51.631 64.0703 54.231 64.1249 7.0 86.3713 28.2843 56.3205 0.0 76.5376 10.8167 53.0879 79.7924 25.318 71.0 28.4253 56.1102 79.744 21.0238 60.157 63.1981 34.0588 66.3702 23.7697 61.4654 90.4268 47.927 66.1891 48.7808 61.0082 52.0096 14.3178 80.681 76.1086 41.5933 89.1572 34.9285 16.7631 72.9178 61.9839 
49.3046 21.9317 33.8378 80.2621 83.2406 90.6605 52.4786 24.0416 76.5376 0.0 66.2193 33.541 28.6531 51.6236 23.0868 95.505 47.8853 31.9061 97.0155 43.0465 29.7321 46.3249 51.7646 97.4936 16.0 63.0635 58.4975 56.0803 32.0156 25.0599 30.4138 87.6641 15.1327 53.6026 96.9202 70.6965 85.7319 93.3006 71.6061 102.582 
42.202 55.0818 46.3249 58.2151 17.088 80.0062 21.4709 47.0 10.8167 66.2193 0.0 42.4525 68.9826 16.1245 62.2896 33.2415 46.6812 68.9342 30.8058 49.0642 55.109 26.2488 56.9468 32.0 50.9215 81.0207 39.2938 57.0088 38.1455 52.2398 43.2897 22.0 70.0457 66.6796 41.7732 80.3243 32.7567 27.313 64.7765 59.9416 
21.4247 35.3836 36.7696 52.5937 59.5392 65.9044 35.2166 28.0179 53.0879 33.541 42.4525 0.0 26.8701 30.0611 42.45 77.8462 20.1796 26.4012 73.0982 16.4924 41.0488 31.5753 28.6356 73.3693 18.0278 50.1597 30.6176 31.6825 5.09902 35.0 30.4631 63.565 32.28 35.0143 72.0533 53.2353 62.708 69.754 46.5014 74.702 
32.8167 45.2769 53.2353 61.8068 87.4872 66.6434 60.5392 42.107 79.7924 28.6531 68.9826 26.8701 0.0 55.705 49.4773 89.3319 30.2331 3.60555 98.4099 25.1345 53.1507 55.9017 32.7484 95.5956 25.0799 34.4384 41.8811 37.0655 30.0 47.0425 47.5184 87.7864 15.6205 29.3442 82.9746 42.0563 74.1746 97.0458 52.5899 85.0353 
38.1182 39.0128 30.3645 63.9992 32.249 83.7437 8.544 31.0644 25.318 51.6236 16.1245 30.0611 55.705 0.0 46.1736 49.0408 42.4264 55.7707 46.2709 42.45 39.0512 10.8167 53.7587 48.0416 37.2156 77.3692 40.4475 55.2268 25.7541 36.1248 27.1662 38.0526 57.2014 62.0967 55.0 78.6384 44.5982 41.9762 66.2722 70.4344 
62.3189 7.61577 17.72 93.4879 78.0 106.607 43.1856 16.1555 71.0 23.0868 62.2896 42.45 49.4773 46.1736 0.0 94.7259 61.0737 52.2015 92.0054 57.0088 9.43398 37.054 67.9559 94.1913 26.9258 83.5782 71.1388 71.8471 38.4187 10.0499 19.0263 84.214 38.0 70.7272 97.4036 89.6774 86.2153 87.1436 87.2009 111.454 
56.186 87.2983 79.404 55.9178 23.4307 74.3418 54.626 78.9177 28.4253 95.505 33.2415 77.8462 89.3319 49.0408 94.7259 0.0 61.0339 88.5153 19.0263 65.126 88.0568 59.4643 71.4493 12.0416 79.8891 90.116 51.7851 68.0289 67.0707 84.7231 75.9276 15.0 99.609 80.0571 19.2354 85.7043 21.2603 23.7697 66.3328 41.1096 
5.0 54.4257 56.851 32.45 60.0027 46.1411 50.0899 47.6349 56.1102 47.8853 46.6812 20.1796 30.2331 42.4264 61.0737 61.0339 0.0 29.4165 70.1572 5.09902 60.6496 48.0937 11.4018 67.2976 34.7175 35.4683 12.1655 13.0384 25.2745 54.4579 50.5303 59.5337 40.7922 20.5913 57.1131 36.2215 45.8957 69.5613 26.8328 54.8867 
32.0 47.676 55.0364 60.9902 87.4388 63.6068 60.8276 44.0 79.744 31.9061 68.9342 26.4012 3.60555 55.7707 52.2015 88.5153 29.4165 0.0 97.5933 24.3178 55.4437 56.4624 31.9317 94.779 27.0185 31.4058 41.0644 36.2488 30.0167 49.2544 49.163 86.9697 19.2094 26.3076 82.158 39.0197 73.3579 96.9974 51.7732 84.2187 
65.678 85.0941 75.1066 69.8249 14.0357 91.9782 49.0918 77.3175 21.0238 97.0155 30.8058 73.0982 98.4099 46.2709 92.0054 19.0263 70.1572 97.5933 0.0 74.204 84.0952 55.0091 80.0988 7.28011 81.6088 103.772 60.8634 79.374 68.7912 82.0244 73.0274 10.6301 100.691 89.9611 38.0526 100.412 37.3363 6.40312 81.4923 60.0333 
8.544 50.4777 53.1413 37.2156 64.0495 49.6488 49.6488 43.8292 60.157 43.0465 49.0642 16.4924 25.1345 42.45 57.0088 65.126 5.09902 24.3178 74.204 0.0 56.8243 47.0425 12.1655 71.3897 30.4138 34.9285 17.0294 15.2315 21.5874 50.6063 46.8188 63.5804 35.6931 19.6469 62.1723 37.0135 49.3285 73.6081 30.2324 59.9459 
61.8948 8.06226 9.0 91.833 70.1783 106.374 35.0143 13.0384 63.1981 29.7321 55.109 41.0488 53.1507 39.0512 9.43398 88.0568 60.6496 55.4437 84.0952 56.8243 0.0 29.1548 68.4471 86.7006 28.6356 86.2481 67.1844 72.0069 36.4005 6.32456 12.53 76.7919 43.7379 72.4224 92.1303 91.3947 81.0062 79.0 86.9715 105.218 
44.4072 30.4138 20.2237 72.7846 41.0488 91.9073 6.32456 23.4094 34.0588 46.3249 26.2488 31.5753 55.9017 10.8167 37.054 59.4643 48.0937 56.4624 55.0091 47.0425 29.1548 0.0 59.0 57.5587 33.9706 81.6293 48.93 61.131 26.9258 27.1662 18.2483 47.676 54.4885 66.4053 65.8027 84.006 55.3173 50.0899 73.5459 80.8393 
16.1555 61.7738 65.146 30.8058 70.214 38.9487 61.2944 55.5428 66.3702 51.7646 56.9468 28.6356 32.7484 53.7587 67.9559 71.4493 11.4018 31.9317 80.0988 12.1655 68.4471 59.0 0.0 77.2841 41.0488 24.1661 19.8494 4.47214 33.7343 62.1691 58.8218 69.4769 43.3093 9.89949 59.2687 25.02 50.2153 79.6492 19.8494 53.9758 
62.8637 87.0517 77.7817 64.5491 17.088 85.9021 51.9711 79.0 23.7697 97.4936 32.0 73.3693 95.5956 48.0416 94.1913 12.0416 67.2976 94.779 7.28011 71.3897 86.7006 57.5587 77.2841 0.0 81.8806 100.021 58.0488 76.5593 69.0623 84.1487 75.1665 10.0 100.962 87.1465 31.257 95.6517 31.7648 13.0384 76.5506 53.1507 
35.9626 21.1896 28.1603 67.1316 68.0074 79.8123 39.6232 17.0294 61.4654 16.0 50.9215 18.0278 25.0799 37.2156 26.9258 79.8891 34.7175 27.0185 81.6088 30.4138 28.6356 33.9706 41.0488 81.8806 0.0 57.7318 45.1555 45.0 16.0312 22.3607 22.561 72.0763 20.5183 44.0114 81.3042 62.9682 70.116 78.1857 60.4401 89.24 
40.3113 78.8546 84.5931 42.72 94.0319 36.6742 84.5281 73.9797 90.4268 63.0635 81.0207 50.1597 34.4384 77.3692 83.5782 90.116 35.4683 31.4058 103.772 34.9285 86.2481 81.6293 24.1661 100.021 57.7318 0.0 43.0116 24.4131 55.0818 79.9333 78.4092 93.1498 49.0918 15.2971 77.8416 9.48683 68.882 103.325 26.5707 66.0984 
9.21954 63.5395 60.9285 25.0 51.1321 43.4166 48.8365 55.0801 47.927 58.4975 39.2938 30.6176 41.8811 40.4475 71.1388 51.7851 12.1655 41.0644 60.8634 17.0294 67.1844 48.93 19.8494 58.0488 45.1555 43.0116 0.0 18.6011 41.1879 61.9701 55.0574 50.2415 52.345 29.7321 47.9651 41.2311 38.9117 60.4166 26.0 45.7387 
17.1172 65.5134 68.354 26.4764 69.6419 34.8281 63.0317 59.0339 66.1891 56.0803 57.0088 31.6825 37.0655 55.2268 71.8471 68.0289 13.0384 36.2488 79.374 15.2315 72.0069 61.131 4.47214 76.5593 45.0 24.4131 18.6011 0.0 36.7775 65.7647 62.0332 68.7521 47.6264 12.083 55.8484 23.5372 46.7949 78.9271 15.5563 49.734 
26.5196 31.1448 31.7805 65.8364 55.2322 70.9993 30.8707 23.4307 48.7808 32.0156 38.1455 5.09902 30.0 25.7541 38.4187 67.0707 25.2745 30.0167 68.7912 21.5874 36.4005 26.9258 33.7343 69.0623 16.0312 55.0818 41.1879 36.7775 0.0 30.4795 25.4951 59.258 33.1059 40.0 68.4859 58.3095 57.2976 65.4469 51.5963 81.5029 
55.703 3.60555 9.21954 86.6186 68.0074 100.183 33.3766 7.07107 61.0082 25.0599 52.2398 35.0 47.0425 36.1248 10.0499 84.7231 54.4579 49.2544 82.0244 50.6063 6.32456 27.1662 62.1691 84.1487 22.3607 79.9333 61.9701 65.7647 30.4795 0.0 9.0 74.1687 38.3275 66.0984 87.7268 85.0706 76.5466 77.2334 80.7797 102.285 
48.5024 12.1655 6.32456 79.7059 59.0085 96.2551 24.5153 6.40312 52.0096 30.4138 43.2897 30.4631 47.5184 27.1662 19.0263 75.9276 50.5303 49.163 73.0274 46.8188 12.53 18.2483 58.8218 75.1665 22.561 78.4092 55.0574 62.0332 25.4951 9.0 0.0 65.192 41.5933 63.9531 79.6053 82.7647 68.4763 68.2642 76.8521 92.6897 
55.0544 77.0584 67.897 60.4434 8.48528 82.752 42.2019 69.0 14.3178 87.6641 22.0 63.565 87.7864 38.0526 84.214 15.0 59.5337 86.9697 10.6301 63.5804 76.7919 47.676 69.4769 10.0 72.0763 93.1498 50.2415 68.7521 59.258 74.1687 65.192 0.0 91.1582 79.3393 31.5753 90.4162 28.4429 11.4018 71.5542 53.3385 
43.1856 35.6931 46.2385 72.3678 87.1324 81.5188 60.1082 35.3412 80.681 15.1327 70.0457 32.28 15.6205 57.2014 38.0 99.609 40.7922 19.2094 100.691 35.6931 43.7379 54.4885 43.3093 100.962 20.5183 49.0918 52.345 47.6264 33.1059 38.3275 41.5933 91.1582 0.0 44.2195 93.8161 56.9317 84.4708 97.3471 63.1508 95.5437 
25.5539 65.192 70.214 37.0 80.0 39.6611 69.2315 59.9083 76.1086 53.6026 66.6796 35.0143 29.3442 62.0967 70.7272 80.0571 20.5913 26.3076 89.9611 19.6469 72.4224 66.4053 9.89949 87.1465 44.0114 15.2971 29.7321 12.083 40.0 66.0984 63.9531 79.3393 44.2195 0.0 67.8766 18.9737 58.8231 89.4986 22.8035 60.5038 
56.172 89.8029 84.22 37.5997 38.8973 55.9464 62.3699 81.2615 41.5933 96.9202 41.7732 72.0533 82.9746 55.0 97.4036 19.2354 57.1131 82.158 38.0526 62.1723 92.1303 65.8027 59.2687 31.257 81.3042 77.8416 47.9651 55.8484 68.4859 87.7268 79.6053 31.5753 93.8161 67.8766 0.0 73.014 11.4018 42.107 53.6155 22.0 
40.6079 84.1546 89.0505 35.8469 92.3128 27.2947 86.2844 78.848 89.1572 70.6965 80.3243 53.2353 42.0563 78.6384 89.6774 85.7043 36.2215 39.0197 100.412 37.0135 91.3947 84.006 25.02 95.6517 62.9682 9.48683 41.2311 23.5372 58.3095 85.0706 82.7647 90.4162 56.9317 18.9737 73.014 0.0 64.4557 101.62 20.0 58.6941 
41.0478 78.6146 73.2462 33.0326 34.0147 54.923 52.345 70.0732 34.9285 85.7319 32.7567 62.708 74.1746 44.5982 86.2153 21.2603 45.8957 73.3579 37.3363 49.3285 81.0062 55.3173 50.2153 31.7648 70.116 68.882 38.9117 46.7949 57.2976 76.5466 68.4763 28.4429 84.4708 58.8231 11.4018 64.4557 0.0 39.8121 45.0842 27.313 
65.0821 80.399 70.0 71.8418 10.2956 94.1504 44.0114 72.8354 16.7631 93.3006 27.313 69.754 97.0458 41.9762 87.1436 23.7697 69.5613 96.9974 6.40312 73.6081 79.0 50.0899 79.6492 13.0384 78.1857 103.325 60.4166 78.9271 65.4469 77.2334 68.2642 11.4018 97.3471 89.4986 42.107 101.62 39.8121 0.0 82.7647 64.0703 
29.4109 80.7094 83.1729 16.1555 74.7615 19.4165 74.6129 73.9567 72.9178 71.6061 64.7765 46.5014 52.5899 66.2722 87.2009 66.3328 26.8328 51.7732 81.4923 30.2324 86.9715 73.5459 19.8494 76.5506 60.4401 26.5707 26.0 15.5563 51.5963 80.7797 76.8521 71.5542 63.1508 22.8035 53.6155 20.0 45.0842 82.7647 0.0 39.5601 
53.9455 103.854 97.6428 23.5372 60.208 38.1838 78.6003 95.3951 61.9839 102.582 59.9416 74.702 85.0353 70.4344 111.454 41.1096 54.8867 84.2187 60.0333 59.9459 105.218 80.8393 53.9758 53.1507 89.24 66.0984 45.7387 49.734 81.5029 102.285 92.6897 53.3385 95.5437 60.5038 22.0 58.6941 27.313 64.0703 39.5601 0.0 
DEMAND_SCENARIO_SECTION
0 0 0 0 0 0 0 0 0 0 0 0 0 0 0 0 0 0 0 0 0 0 0 0 0 0 0 0 0 0 0 0 0 0 0 0 0 0 0 0 0 0 0 0 0 0 0 0 0 0 
1 9 6 5 5 4 1 6 4 4 2 4 2 3 7 2 2 5 4 2 6 9 5 8 5 3 6 5 7 2 2 8 3 1 5 4 5 2 6 3 5 6 6 3 4 6 2 3 3 4 
14 11 8 8 10 12 9 8 10 8 10 10 12 12 9 10 10 20 7 5 10 11 9 7 6 8 10 10 10 11 13 10 10 4 8 9 10 12 6 8 5 2 15 8 8 3 9 11 3 11 
9 8 9 11 2 8 3 6 8 6 8 9 10 9 11 6 6 7 10 9 10 4 12 7 4 12 6 4 10 6 9 11 9 4 6 4 9 7 7 9 6 6 3 7 9 14 8 5 7 9 
4 3 3 3 8 6 7 6 6 6 5 6 3 4 4 6 3 4 2 4 1 5 6 6 9 6 4 9 4 3 4 4 3 5 7 4 5 4 6 10 4 4 5 7 4 3 7 9 4 7 
5 12 9 8 4 10 6 10 9 9 8 8 9 12 7 9 4 7 6 3 11 8 9 11 12 13 8 8 5 12 9 6 6 0 4 13 11 7 8 10 9 5 8 9 7 5 12 7 4 7 
4 1 5 3 1 5 3 2 0 2 4 3 3 3 5 3 0 2 4 2 2 3 3 2 6 7 0 0 0 4 4 4 1 3 2 3 5 3 1 4 6 2 3 1 3 2 2 1 3 8 
6 7 7 15 9 9 8 12 11 6 10 11 9 8 9 9 5 9 9 12 7 8 11 5 10 8 17 6 10 12 9 7 9 13 9 9 5 14 5 9 9 8 8 2 4 14 12 3 10 8 
2 5 2 3 2 2 3 3 6 1 2 3 6 4 4 1 2 3 6 1 1 1 1 5 2 2 2 4 4 4 2 5 4 6 3 5 2 0 2 3 3 4 2 4 1 1 1 3 3 0 
3 2 5 6 6 6 0 2 4 3 2 1 0 3 2 4 4 5 5 5 5 6 5 3 4 2 4 1 1 2 2 5 5 7 7 2 2 5 5 2 5 4 5 2 2 4 4 1 0 4 
5 8 6 4 12 5 8 3 8 7 10 8 10 8 12 6 5 14 12 10 10 9 12 10 8 6 7 8 9 9 8 6 11 9 13 2 7 5 11 7 9 7 3 11 8 9 10 4 9 13 
7 10 4 16 7 11 6 7 13 7 9 6 7 8 8 10 9 5 8 5 7 3 5 6 9 10 7 3 6 11 8 9 6 5 8 6 8 7 7 7 10 11 12 8 10 9 6 9 11 8 
10 11 6 10 10 5 4 10 7 9 9 13 15 10 10 12 12 11 15 9 12 10 4 8 6 10 7 7 8 4 13 6 7 12 10 9 10 8 14 10 13 6 2 13 12 9 14 5 5 8 
9 5 9 13 6 5 12 7 6 7 8 10 5 5 9 11 12 12 9 10 12 12 10 7 4 16 10 10 13 10 10 12 10 14 6 7 8 4 5 10 8 8 7 13 5 9 13 10 11 10 
6 2 3 7 2 4 6 0 5 4 4 4 4 8 5 3 2 4 7 2 4 2 6 0 6 0 2 3 1 2 1 3 4 3 3 1 1 3 8 2 0 3 3 7 4 5 5 2 4 0 
12 10 14 10 9 13 8 4 8 6 13 14 12 12 16 11 12 6 14 7 15 8 6 12 8 9 11 16 5 9 7 10 10 6 11 4 10 10 6 7 7 9 16 13 6 15 10 6 14 18 
2 5 4 6 7 6 4 6 4 2 5 9 7 6 4 0 9 0 6 2 5 7 5 4 3 6 6 6 5 1 8 6 4 7 4 7 4 7 4 5 7 5 1 5 5 1 3 5 7 2 
10 9 10 7 13 4 9 9 11 9 4 17 19 4 13 12 14 11 9 4 14 8 7 11 5 11 9 8 6 13 4 8 13 8 10 8 9 4 11 12 8 14 13 12 5 9 6 15 12 13 
7 10 2 2 7 3 9 6 7 5 0 6 6 5 10 7 7 7 10 9 6 5 3 6 1 8 5 6 3 5 5 4 9 8 6 1 4 5 7 7 6 2 6 2 12 10 8 3 5 9 
5 4 3 4 5 7 2 3 6 2 5 6 2 5 0 2 3 2 5 2 3 5 5 3 6 6 5 2 4 5 0 1 1 5 3 3 6 4 5 0 6 3 4 4 7 6 4 3 2 0 
12 11 3 9 8 5 10 13 11 13 14 10 10 10 15 12 7 14 9 4 7 5 5 11 11 13 5 6 6 13 11 7 15 7 10 9 8 15 9 11 12 6 7 8 13 16 7 13 13 7 
2 2 2 2 0 3 1 1 3 4 0 2 2 4 1 3 0 0 2 1 4 0 5 2 2 1 2 3 3 2 3 6 2 1 2 0 3 0 3 4 1 2 1 3 5 3 3 2 1 1 
3 6 4 2 5 3 3 5 3 7 6 7 4 6 6 5 5 6 7 5 10 5 3 0 6 7 4 5 8 1 5 6 3 9 5 3 5 6 5 5 7 7 1 1 2 8 4 5 6 2 
1 3 3 3 5 8 5 1 4 5 3 2 7 1 1 5 5 6 2 6 3 5 4 3 2 4 5 7 8 4 5 4 3 6 4 6 6 4 3 4 5 4 3 7 6 6 5 4 5 4 
9 6 7 4 8 8 4 4 5 4 5 10 3 3 2 5 4 4 7 5 7 6 6 5 6 9 0 6 6 9 6 2 7 7 7 5 9 5 7 8 7 7 7 7 3 9 9 9 8 2 
0 10 7 7 5 4 7 6 6 7 9 9 1 2 6 5 8 3 0 2 7 12 10 4 4 5 5 0 8 4 7 8 9 12 5 5 10 6 0 8 10 5 7 5 7 5 3 8 4 9 
4 5 8 6 9 4 7 7 5 4 6 5 5 9 4 8 11 3 4 3 7 7 12 7 7 2 5 7 5 9 9 5 5 6 7 7 3 5 4 5 6 4 7 3 9 7 5 5 5 7 
6 3 7 2 1 3 4 2 4 5 4 6 2 2 3 5 6 2 2 4 6 2 3 3 3 9 4 4 5 7 4 5 0 6 0 2 2 7 4 6 3 1 5 4 6 6 6 4 6 5 
9 8 16 10 9 9 15 8 7 10 4 12 15 9 8 6 11 11 7 1 11 7 11 11 9 11 6 10 9 6 10 11 9 8 5 6 7 8 5 11 11 6 7 15 9 9 6 12 9 14 
9 7 14 9 4 6 11 6 4 8 9 10 9 11 4 11 4 5 9 8 10 11 7 2 8 8 11 6 15 12 8 8 11 11 4 10 6 11 6 6 5 8 8 7 9 10 10 11 9 6 
6 7 10 9 3 10 10 1 10 11 7 11 8 6 1 7 7 10 9 13 10 2 9 6 9 8 8 8 4 4 4 7 7 11 6 5 5 8 8 7 11 8 7 7 11 9 7 6 14 10 
3 4 2 1 7 6 3 4 1 5 4 4 1 4 0 1 1 0 3 4 1 4 5 6 1 5 3 3 5 1 4 4 1 3 4 3 1 0 8 6 3 0 1 4 0 5 2 1 5 1 
1 2 2 4 3 1 2 2 3 4 2 2 1 3 1 3 2 2 0 2 2 3 2 1 1 4 3 2 1 0 3 4 3 0 1 2 0 3 3 6 0 3 2 0 3 0 5 3 1 2 
7 6 7 4 7 6 12 5 9 10 2 5 8 8 13 2 9 7 6 6 6 7 10 6 8 8 5 6 9 12 9 7 1 6 1 2 6 6 12 11 12 8 10 8 8 7 6 5 7 5 
7 3 13 9 3 11 9 7 8 7 8 6 7 6 7 4 9 8 6 8 12 3 4 6 11 12 10 7 8 7 7 12 8 11 6 7 7 3 4 8 2 7 5 9 5 3 11 14 13 5 
4 1 1 6 5 2 3 5 2 2 4 3 2 3 2 2 6 4 3 2 1 4 3 4 3 5 3 5 3 3 3 1 0 4 1 1 0 4 1 4 2 2 3 4 1 4 5 4 2 2 
11 9 14 10 10 8 11 9 6 3 4 12 6 9 7 9 8 3 4 8 9 11 14 10 12 6 17 14 7 6 8 8 6 6 12 7 13 5 10 10 14 10 12 11 7 10 12 8 5 14 
7 14 8 12 7 6 9 14 8 10 9 9 7 4 9 10 5 9 7 9 10 4 11 7 4 4 6 6 10 9 11 9 10 5 9 14 10 2 5 3 5 11 11 11 16 6 6 6 7 8 
2 1 1 0 1 2 0 2 2 1 0 2 0 1 0 3 1 2 0 0 2 1 2 2 0 2 0 1 0 1 0 0 1 1 0 0 2 2 2 1 1 1 2 0 2 2 0 2 0 3 
3 3 4 6 1 7 5 7 1 3 4 4 2 3 0 6 4 4 6 3 3 6 2 2 4 1 6 9 9 0 3 5 3 2 5 2 1 4 5 2 5 4 6 6 4 0 4 5 3 6 
DEPOT_SECTION
 1
 -1
EOF
