NAME  : Parada_40_4_0.95_1.00_8
TYPE : SVRP
MODEL : FINITE_SUPPORT
NUMBER_OF_SCENARIOS : 50
DIMENSION : 40
EDGE_WEIGHT_TYPE : MATRIX
CAPACITY : 71
N_VEHICLES : 4
NODE_COORD_SECTION
1 71512 202330
2 299340 256830
3 172780 106560
4 95997 240640
5 356210 367150
6 245900 314420
7 296500 301800
8 604560 121560
9 212880 131740
10 243270 98251
11 98731 231720
12 186070 287930
13 529000 356720
14 397780 331570
15 107040 428190
16 233920 259580
17 443820 286680
18 185110 347260
19 294360 426120
20 413570 304840
21 46452 63880
22 9138 92557
23 342740 317170
24 319610 425260
25 179310 159670
26 138070 17689
27 601090 428770
28 28260 81827
29 7787 2229
30 219840 161110
31 474900 320170
32 519170 282930
33 91692 18
34 5636 368650
35 427640 378250
36 148100 60130
37 275100 349860
38 518420 455690
39 27 316720
40 76629 232890
DEMAND_SECTION
1 0.0
2 10.0
3 10.0
4 7.0
5 8.0
6 10.0
7 9.0
8 6.0
9 2.0
10 7.0
11 9.0
12 6.0
13 9.0
14 10.0
15 9.0
16 7.0
17 9.0
18 7.0
19 3.0
20 10.0
21 5.0
22 9.0
23 9.0
24 5.0
25 7.0
26 1.0
27 10.0
28 1.0
29 3.0
30 10.0
31 5.0
32 8.0
33 3.0
34 9.0
35 2.0
36 3.0
37 10.0
38 9.0
39 3.0
40 10.0
DISTANCE_MATRIX
0.0 36.3456 43.8292 5.83095 31.9497 31.8555 43.1777 84.0403 32.0707 23.5292 6.32456 27.0 49.6964 48.272 46.0705 46.0109 41.2258 54.0833 27.578 43.8853 42.0476 20.5453 45.2719 30.8119 37.7359 26.5707 64.1497 39.4462 45.4533 13.2111 47.2611 53.482 25.807 44.9444 54.5085 25.1794 24.2405 60.7197 39.5601 6.08276 
36.3456 0.0 30.0 31.0644 44.9965 7.81025 7.81025 50.2892 27.313 29.0 30.1496 10.2956 42.1608 18.6815 48.0521 11.6619 53.8519 19.6977 37.7021 50.3076 77.4919 46.0435 12.53 35.8799 25.318 62.5859 87.3337 74.3839 79.1818 48.0119 59.6774 65.85 60.4669 78.7718 25.2982 61.5224 45.8803 41.6125 74.2428 30.5941 
43.8292 30.0 0.0 41.7732 64.7014 35.5106 35.5106 79.4292 12.083 21.9317 40.3609 26.5707 73.1641 48.2597 23.7697 26.0 75.5321 28.4253 57.0934 75.804 74.3498 42.4632 41.4367 60.0035 6.40312 63.0784 106.312 70.1789 71.1126 57.0392 82.236 88.9416 57.9482 88.3685 54.5894 64.9368 64.3645 71.458 82.7074 38.4187 
5.83095 31.0644 41.7732 0.0 35.784 26.4548 37.777 87.8746 30.4795 22.1359 1.41421 22.2036 53.5307 42.8713 44.6772 41.1947 45.0601 49.366 31.4123 47.7196 47.8539 26.2526 39.8712 34.6462 35.4683 32.311 67.9839 45.2769 51.225 17.0454 51.0953 57.3163 31.6228 48.9927 49.1078 30.5941 28.0747 64.5539 43.802 4.12311 
31.9497 44.9965 64.7014 35.784 0.0 37.9783 45.8567 56.7979 55.5693 50.6691 42.7348 39.9765 20.1246 41.3038 73.9953 55.9046 11.1803 63.1537 11.4018 12.0416 59.6657 45.6969 43.6807 9.43398 58.3542 44.6542 43.0116 58.8218 66.888 30.7386 17.8885 24.5967 47.8539 43.6807 44.0114 39.8246 9.89949 31.0644 41.6293 37.7386 
31.8555 7.81025 35.5106 26.4548 37.9783 0.0 12.0 47.8539 30.4138 29.5296 25.5819 10.4403 37.6725 17.0294 52.4165 19.4165 46.8338 27.2947 30.3652 43.2895 73.5828 51.1245 13.4164 28.8617 30.0666 58.3386 80.3156 70.6877 76.122 42.4966 52.6593 58.8318 56.7984 72.2496 23.6008 56.745 38.6005 36.4085 68.0074 26.4164 
43.1777 7.81025 35.5106 37.777 45.8567 12.0 0.0 43.9318 34.4819 36.7696 36.9042 18.0278 39.0322 13.0384 54.5306 11.7047 54.7083 17.6918 41.9953 51.1271 84.7585 53.8258 6.0 36.74 31.6228 69.6419 88.193 81.7136 86.964 54.3735 60.4969 66.6694 67.7966 84.214 19.105 68.3047 50.2347 38.4838 80.0062 37.6431 
84.0403 50.2892 79.4292 87.8746 56.7979 47.8539 43.9318 0.0 77.4919 77.3692 71.251 58.1808 36.6742 31.6228 98.2644 54.231 57.9741 56.0803 56.4976 51.6624 114.942 97.7926 38.0789 53.9516 75.4321 99.2478 86.0 113.365 120.761 82.8292 59.6825 62.0725 101.037 100.09 25.0 95.2076 66.455 26.2488 98.4124 72.0854 
32.0707 27.313 12.083 30.4795 55.5693 30.4138 34.4819 77.4919 0.0 9.84886 29.0689 20.0998 67.5445 45.8803 25.2474 28.3196 66.7307 33.6155 47.9613 67.0026 63.0317 30.5941 39.8121 51.2021 7.0 51.1957 97.1803 59.0 60.6712 45.2046 73.4346 80.1402 46.2709 76.6075 52.5547 52.9535 55.2324 66.9963 70.9464 26.8701 
23.5292 29.0 21.9317 22.1359 50.6691 29.5296 36.7696 77.3692 9.84886 0.0 20.7468 19.4165 66.7307 46.3249 25.808 33.541 61.8305 40.1622 43.061 62.1023 54.037 21.095 41.2311 46.3019 16.4924 41.5933 87.6762 50.1597 52.6308 36.7377 68.5344 75.2399 37.0135 68.066 53.0 43.2363 47.7671 64.9336 62.4049 18.3661 
6.32456 30.1496 40.3609 1.41421 42.7348 25.5819 36.9042 71.251 29.0689 20.7468 0.0 21.095 58.7965 41.9984 43.288 40.1123 53.8962 48.2597 35.1268 54.1681 48.3322 26.4031 38.9983 38.3676 34.0588 32.8938 69.1041 45.6508 51.4004 18.1655 60.6002 67.3057 31.9061 50.1129 48.2349 31.4006 29.1949 58.2482 44.9222 3.0 
27.0 10.2956 26.5707 22.2036 39.9765 10.4403 18.0278 58.1808 20.0998 19.4165 21.095 0.0 47.454 26.9258 42.6113 19.0263 51.1379 27.1662 32.3684 53.071 67.4463 35.8177 21.9317 35.6093 20.6155 52.7731 81.6085 64.3275 68.956 39.2415 57.8418 64.5474 50.4106 71.0371 33.6155 52.0865 39.9625 46.9058 65.9982 21.0238 
49.6964 42.1608 73.1641 53.5307 20.1246 37.6725 39.0322 36.6742 67.5445 66.7307 58.7965 47.454 0.0 27.594 90.057 50.713 23.0217 56.2061 24.2187 17.2627 79.1215 63.4486 33.734 20.1803 67.6362 63.8111 55.3624 78.0234 85.8128 48.4853 26.9258 31.7805 66.4071 63.5689 27.2029 59.2844 29.7814 11.3137 61.7414 59.6309 
48.272 18.6815 48.2597 42.8713 41.3038 17.0294 13.0384 31.6228 45.8803 46.3249 41.9984 26.9258 27.594 0.0 66.7134 24.5153 48.5231 29.0689 34.2345 44.7435 89.5281 67.5409 7.07107 33.0 43.9318 73.7169 82.0592 87.1042 92.5385 56.6952 54.4891 59.3434 73.2149 83.2947 6.7082 70.9366 48.0416 26.6271 79.9156 42.8329 
46.0705 48.0521 23.7697 44.6772 73.9953 52.4165 54.5306 98.2644 25.2474 25.808 43.288 42.6113 90.057 66.7134 0.0 46.6194 85.1567 50.6575 66.3873 85.4286 54.4059 27.5862 60.2209 69.6281 23.022 46.3249 101.996 50.0 49.2544 59.2789 91.8607 98.5662 39.8246 75.0733 73.2681 49.8197 70.3083 89.5087 68.7677 40.9074 
46.0109 11.6619 26.0 41.1947 55.9046 19.4165 11.7047 54.231 28.3196 33.541 40.1123 19.0263 50.713 24.5153 46.6194 0.0 64.7601 8.24621 49.26 61.2158 85.839 52.658 17.4642 46.788 23.6008 71.4493 98.2419 82.2721 85.703 58.2398 70.5856 76.7581 68.5969 89.627 30.0666 71.0282 57.3847 50.1597 84.8787 40.0 
41.2258 53.8519 75.5321 45.0601 11.1803 46.8338 54.7083 57.9741 66.7307 61.8305 53.8962 51.1379 23.0217 48.5231 85.1567 64.7601 0.0 72.0091 22.4722 6.32456 65.0 54.6628 51.8941 19.8494 69.5156 51.0784 33.541 64.846 73.4098 40.0147 6.7082 13.4164 55.3624 43.0465 49.8526 45.618 17.1172 31.7805 42.638 47.0147 
54.0833 19.6977 28.4253 49.366 63.1537 27.2947 17.6918 56.0803 33.6155 40.1622 48.2597 27.1662 56.2061 29.0689 50.6575 8.24621 72.0091 0.0 57.3933 68.4315 93.2197 60.0167 22.4722 54.0371 27.8029 79.2275 105.491 89.627 92.72 66.407 77.8347 83.9739 75.9632 97.8621 33.5261 79.0 65.5515 55.5698 93.11 48.0416 
27.578 37.7021 57.0934 31.4123 11.4018 30.3652 41.9953 56.4976 47.9613 43.061 35.1268 32.3684 24.2187 34.2345 66.3873 49.26 22.4722 57.3933 0.0 21.8403 58.4795 41.3303 35.1659 4.12311 50.7462 42.7855 54.037 56.9024 64.236 26.3669 29.1548 35.8469 44.5628 49.0918 38.3275 38.9673 14.1421 35.242 45.7056 35.9613 
43.8853 50.3076 75.804 47.7196 12.0416 43.2895 51.1271 51.6624 67.0026 62.1023 54.1681 53.071 17.2627 44.7435 85.4286 61.2158 6.32456 68.4315 21.8403 0.0 69.8928 57.5988 48.2067 18.3848 69.4053 55.4707 38.2753 69.4622 77.8267 42.6742 9.84886 15.6205 59.2368 49.2443 44.3847 50.2494 20.6155 25.4951 48.6004 55.0026 
42.0476 77.4919 74.3498 47.8539 59.6657 73.5828 84.7585 114.942 63.0317 54.037 48.3322 67.4463 79.1215 89.5281 54.4059 85.839 65.0 93.2197 58.4795 69.8928 0.0 33.2415 86.9993 61.6198 70.0286 15.8114 71.0634 4.47214 11.4018 44.833 68.8767 73.1642 17.2627 34.2345 95.019 19.8494 49.8197 90.1448 29.0 47.1699 
20.5453 46.0435 42.4632 26.2526 45.6969 51.1245 53.8258 97.7926 30.5941 21.095 26.4031 35.8177 63.4486 67.5409 27.5862 52.658 54.6628 60.0167 41.3303 57.5988 33.2415 0.0 64.5409 44.5642 37.4833 20.6155 74.1822 29.6142 33.541 26.9633 60.4401 66.4115 16.0312 47.6342 73.7775 22.8254 37.5479 74.4719 41.4005 24.7607 
45.2719 12.53 41.4367 39.8712 43.6807 13.4164 6.0 38.0789 39.8121 41.2311 38.9983 21.9317 33.734 7.07107 60.2209 17.4642 51.8941 22.4722 35.1659 48.2067 86.9993 64.5409 0.0 34.7131 37.3631 71.755 85.4305 84.1041 89.5384 55.4773 57.5766 63.7491 70.2148 84.0 13.1529 69.7257 49.2705 33.121 80.1561 39.8328 
30.8119 35.8799 60.0035 34.6462 9.43398 28.8617 36.74 53.9516 51.2021 46.3019 38.3676 35.6093 20.1803 33.0 69.6281 46.788 19.8494 54.0371 4.12311 18.3848 61.6198 44.5642 34.7131 0.0 53.6048 45.9674 52.4309 60.1082 67.4759 29.6008 26.4008 33.0151 47.8017 50.4876 36.4966 42.0119 15.1327 31.2036 47.5395 39.2021 
37.7359 25.318 6.40312 35.4683 58.3542 30.0666 31.6228 75.4321 7.0 16.4924 34.0588 20.6155 67.6362 43.9318 23.022 23.6008 69.5156 27.8029 50.7462 69.4053 70.0286 37.4833 37.3631 53.6048 0.0 58.0517 99.9652 66.0 67.6092 50.9444 76.2195 82.5429 53.2353 82.3327 50.448 59.727 58.0173 66.3178 76.6716 32.2025 
26.5707 62.5859 63.0784 32.311 44.6542 58.3386 69.6419 99.2478 51.1957 41.5933 32.8938 52.7731 63.8111 73.7169 46.3249 71.4493 51.0784 79.2275 42.7855 55.4707 15.8114 20.6155 71.755 45.9674 58.0517 0.0 62.8013 14.2127 22.3607 29.0217 55.6597 60.6383 7.2111 30.2324 79.2078 6.0 34.9857 74.8344 23.8537 32.0156 
64.1497 87.3337 106.312 67.9839 43.0116 80.3156 88.193 86.0 97.1803 87.6762 69.1041 81.6085 55.3624 82.0592 101.996 98.2419 33.541 105.491 54.037 38.2753 71.0634 74.1822 85.4305 52.4309 99.9652 62.8013 0.0 73.0068 82.0 62.9386 28.4605 24.1868 69.4262 37.6563 82.5651 56.8859 42.5206 61.5224 42.107 69.9386 
39.4462 74.3839 70.1789 45.2769 58.8218 70.6877 81.7136 113.365 59.0 50.1597 45.6508 64.3275 78.0234 87.1042 50.0 82.2721 64.846 89.627 56.9024 69.4622 4.47214 29.6142 84.1041 60.1082 66.0 14.2127 73.0068 0.0 9.05539 42.8782 69.0797 73.6817 13.9284 36.8782 93.0642 19.2354 49.0918 89.0467 31.257 44.2832 
45.4533 79.1818 71.1126 51.225 66.888 76.122 86.964 120.761 60.6712 52.6308 51.4004 68.956 85.8128 92.5385 49.2544 85.703 73.4098 92.72 64.236 77.8267 11.4018 33.541 89.5384 67.4759 67.6092 22.3607 82.0 9.05539 0.0 49.9318 77.8332 82.5651 19.799 45.5412 98.5033 27.8568 57.3062 96.836 40.1123 49.7582 
13.2111 48.0119 57.0392 17.0454 30.7386 42.4966 54.3735 82.8292 45.2046 36.7377 18.1655 39.2415 48.4853 56.6952 59.2789 58.2398 40.0147 66.407 26.3669 42.6742 44.833 26.9633 55.4773 29.6008 50.9444 29.0217 62.9386 42.8782 49.9318 0.0 46.05 52.2709 30.2074 43.9473 62.186 26.2485 23.0294 59.5086 38.7567 19.0 
47.2611 59.6774 82.236 51.0953 17.8885 52.6593 60.4969 59.6825 73.4346 68.5344 60.6002 57.8418 26.9258 54.4891 91.8607 70.5856 6.7082 77.8347 29.1548 9.84886 68.8767 60.4401 57.5766 26.4008 76.2195 55.6597 28.4605 69.0797 77.8332 46.05 0.0 6.7082 60.4152 44.0454 54.1202 49.98 23.0217 34.0147 44.5982 53.05 
53.482 65.85 88.9416 57.3163 24.5967 58.8318 66.6694 62.0725 80.1402 75.2399 67.3057 64.5474 31.7805 59.3434 98.5662 76.7581 13.4164 83.9739 35.8469 15.6205 73.1642 66.4115 63.7491 33.0151 82.5429 60.6383 24.1868 73.6817 82.5651 52.2709 6.7082 0.0 65.7647 46.0109 58.8727 54.8179 29.2746 37.3363 47.4342 59.2709 
25.807 60.4669 57.9482 31.6228 47.8539 56.7984 67.7966 101.037 46.2709 37.0135 31.9061 50.4106 66.4071 73.2149 39.8246 68.5969 55.3624 75.9632 44.5628 59.2368 17.2627 16.0312 70.2148 47.8017 53.2353 7.2111 69.4262 13.9284 19.799 30.2074 60.4152 65.7647 0.0 37.4433 79.4514 12.6491 38.6264 77.4304 31.0644 30.4138 
44.9444 78.7718 88.3685 48.9927 43.6807 72.2496 84.214 100.09 76.6075 68.066 50.1129 71.0371 63.5689 83.2947 75.0733 89.627 43.0465 97.8621 49.0918 49.2443 34.2345 47.6342 84.0 50.4876 82.3327 30.2324 37.6563 36.8782 45.5412 43.9473 44.0454 46.0109 37.4433 0.0 86.977 25.4951 35.3553 73.9256 6.40312 50.9215 
54.5085 25.2982 54.5894 49.1078 44.0114 23.6008 19.105 25.0 52.5547 53.0 48.2349 33.6155 27.2029 6.7082 73.2681 30.0666 49.8526 33.5261 38.3275 44.3847 95.019 73.7775 13.1529 36.4966 50.448 79.2078 82.5651 93.0642 98.5033 62.186 54.1202 58.8727 79.4514 86.977 0.0 76.4253 51.6236 24.0832 83.9524 49.0694 
25.1794 61.5224 64.9368 30.5941 39.8246 56.745 68.3047 95.2076 52.9535 43.2363 31.4006 52.0865 59.2844 70.9366 49.8197 71.0282 45.618 79.0 38.9673 50.2494 19.8494 22.8254 69.7257 42.0119 59.727 6.0 56.8859 19.2354 27.8568 26.2485 49.98 54.8179 12.6491 25.4951 76.4253 0.0 30.0 70.3077 19.105 31.0644 
24.2405 45.8803 64.3645 28.0747 9.89949 38.6005 50.2347 66.455 55.2324 47.7671 29.1949 39.9625 29.7814 48.0416 70.3083 57.3847 17.1172 65.5515 14.1421 20.6155 49.8197 37.5479 49.2705 15.1327 58.0173 34.9857 42.5206 49.0918 57.3062 23.0294 23.0217 29.2746 38.6264 35.3553 51.6236 30.0 0.0 40.8044 32.573 30.0294 
60.7197 41.6125 71.458 64.5539 31.0644 36.4085 38.4838 26.2488 66.9963 64.9336 58.2482 46.9058 11.3137 26.6271 89.5087 50.1597 31.7805 55.5698 35.242 25.4951 90.1448 74.4719 33.121 31.2036 66.3178 74.8344 61.5224 89.0467 96.836 59.5086 34.0147 37.3363 77.4304 73.9256 24.0832 70.3077 40.8044 0.0 72.4707 59.0827 
39.5601 74.2428 82.7074 43.802 41.6293 68.0074 80.0062 98.4124 70.9464 62.4049 44.9222 65.9982 61.7414 79.9156 68.7677 84.8787 42.638 93.11 45.7056 48.6004 29.0 41.4005 80.1561 47.5395 76.6716 23.8537 42.107 31.257 40.1123 38.7567 44.5982 47.4342 31.0644 6.40312 83.9524 19.105 32.573 72.4707 0.0 45.607 
6.08276 30.5941 38.4187 4.12311 37.7386 26.4164 37.6431 72.0854 26.8701 18.3661 3.0 21.0238 59.6309 42.8329 40.9074 40.0 47.0147 48.0416 35.9613 55.0026 47.1699 24.7607 39.8328 39.2021 32.2025 32.0156 69.9386 44.2832 49.7582 19.0 53.05 59.2709 30.4138 50.9215 49.0694 31.0644 30.0294 59.0827 45.607 0.0 
DEMAND_SCENARIO_SECTION
0 0 0 0 0 0 0 0 0 0 0 0 0 0 0 0 0 0 0 0 0 0 0 0 0 0 0 0 0 0 0 0 0 0 0 0 0 0 0 0 0 0 0 0 0 0 0 0 0 0 
7 8 5 10 12 7 12 3 11 14 11 16 12 15 7 12 14 16 13 7 9 9 16 9 6 4 5 9 6 14 19 6 4 13 13 10 11 13 12 7 10 6 7 10 9 14 9 10 11 10 
12 11 12 13 9 12 9 17 13 6 6 13 15 11 14 6 7 7 12 8 12 6 12 10 11 13 7 13 13 6 6 9 17 11 11 3 6 13 15 11 6 15 10 17 4 9 11 12 9 8 
3 7 9 5 7 2 10 12 0 4 12 9 15 9 6 14 7 9 5 7 6 6 2 5 12 8 5 11 9 9 8 7 4 7 11 9 8 9 3 5 5 11 6 7 2 5 5 11 9 7 
12 6 6 12 11 5 7 12 9 7 11 11 6 15 8 8 5 8 14 10 7 6 13 8 11 10 3 9 7 8 7 10 6 11 13 9 8 8 4 7 8 5 7 6 10 3 7 7 9 6 
10 4 12 7 5 9 9 6 10 13 12 16 9 13 12 7 11 8 13 10 9 12 12 12 14 11 4 5 5 12 9 7 10 10 6 12 0 8 10 13 13 11 15 13 9 9 12 7 9 10 
7 10 6 15 7 9 15 11 7 9 7 10 9 11 3 6 4 6 10 16 10 10 7 6 14 12 7 8 5 10 14 3 6 10 10 10 6 7 10 7 7 1 12 9 5 7 7 10 7 9 
7 5 4 5 12 8 2 8 5 10 7 4 4 5 8 6 5 12 8 2 3 4 9 6 10 7 5 5 10 2 3 4 4 8 5 12 4 5 6 1 10 3 8 5 2 5 9 6 6 6 
2 2 2 3 3 2 0 3 3 4 0 2 4 1 2 4 4 2 2 2 2 1 4 2 1 1 4 0 0 3 5 3 0 2 3 3 2 4 0 0 2 4 1 3 3 2 2 0 3 3 
6 6 6 11 9 6 10 4 7 5 5 4 8 9 3 9 5 11 9 8 10 8 5 7 5 6 7 8 3 4 7 8 8 6 7 5 5 2 11 8 6 8 8 6 5 8 8 11 6 1 
6 16 6 4 12 14 7 9 8 8 13 15 3 8 9 12 10 9 11 7 11 8 12 12 8 14 7 13 11 11 8 8 10 5 7 8 11 7 12 10 1 9 11 13 9 3 8 10 8 12 
7 2 6 5 3 3 5 5 5 5 0 7 3 5 6 10 6 6 5 1 7 4 9 8 2 4 6 5 3 6 4 0 4 8 5 8 3 7 2 5 7 4 7 8 9 7 3 6 7 8 
9 11 13 11 12 15 12 10 11 8 10 9 14 10 5 10 7 10 8 12 8 9 8 6 10 2 6 9 7 15 9 9 15 3 9 5 5 11 16 6 8 9 7 5 8 13 7 4 9 4 
9 14 14 12 2 13 7 12 14 9 8 12 11 7 12 6 10 8 14 17 7 12 7 7 7 11 12 5 14 14 11 7 7 13 10 6 11 16 13 15 10 3 12 11 12 9 14 6 12 9 
10 7 9 8 10 9 11 2 8 9 8 9 10 13 12 8 12 9 8 4 11 9 12 12 9 6 11 10 11 8 10 15 5 16 10 9 5 11 10 7 10 11 6 13 8 6 9 8 6 10 
8 10 8 8 9 2 4 11 9 7 9 8 5 8 6 6 8 6 5 11 11 8 6 11 6 8 7 4 6 5 8 9 5 1 5 5 7 9 7 8 1 6 7 6 4 11 6 7 12 7 
7 10 8 6 11 8 5 11 14 12 16 5 7 15 9 11 10 13 9 12 9 9 11 6 6 12 3 10 11 9 15 7 13 9 7 10 5 6 11 7 10 8 10 1 7 9 17 12 12 12 
9 8 13 10 9 8 7 6 3 4 4 11 4 7 11 14 5 9 9 9 10 9 7 8 12 9 7 7 4 9 9 11 0 11 3 6 12 5 9 7 7 15 8 4 11 11 7 5 7 6 
6 3 4 3 2 4 4 1 6 3 3 2 0 3 4 1 3 3 3 4 3 3 3 5 6 2 2 1 6 3 4 4 4 5 5 4 3 5 2 2 4 0 3 3 0 3 4 3 2 6 
7 12 14 10 2 9 12 6 10 15 11 13 11 9 7 12 11 15 14 13 16 11 7 6 13 6 12 17 7 6 7 12 13 12 9 8 11 4 7 9 3 13 10 2 5 10 6 13 13 11 
6 4 3 3 8 8 10 5 5 2 4 3 7 5 9 4 4 8 8 7 6 1 3 7 7 2 11 7 8 6 6 9 5 5 8 8 4 3 7 6 5 6 9 3 5 7 3 0 7 8 
13 8 13 4 10 8 8 5 12 11 10 9 11 11 16 7 6 7 11 13 7 11 12 9 10 9 10 10 11 12 11 13 10 9 10 10 11 11 11 13 3 11 12 12 8 8 10 10 13 6 
12 2 11 13 11 6 10 13 6 8 10 10 10 4 12 7 14 13 12 5 8 11 10 7 8 12 7 7 11 9 7 5 5 9 8 9 5 11 8 8 8 11 10 12 4 13 12 6 11 12 
2 7 5 5 2 5 1 0 3 2 4 5 2 4 5 4 6 8 6 7 5 6 3 7 6 2 6 7 1 7 7 9 4 4 5 9 9 9 6 5 3 4 5 3 7 3 3 6 7 4 
4 9 9 9 1 8 1 8 3 11 3 8 7 4 9 2 9 6 10 10 8 11 7 8 6 9 9 8 7 6 9 2 7 5 6 6 9 7 8 11 5 8 5 2 8 5 10 7 7 2 
2 1 1 1 1 2 0 0 1 1 2 3 0 1 2 1 0 2 1 1 1 1 0 1 2 1 1 0 0 0 2 1 0 1 0 2 0 1 1 0 2 2 0 2 1 0 0 4 1 1 
9 10 11 12 7 3 5 10 13 13 16 11 8 9 10 11 13 11 10 11 13 13 6 13 8 10 18 13 16 15 13 11 8 17 9 3 13 11 10 6 11 9 4 7 14 10 4 11 11 11 
2 1 2 0 2 1 0 1 2 2 1 3 1 1 1 1 2 1 0 0 1 2 4 1 2 1 1 1 0 0 1 1 2 0 2 0 1 2 0 0 1 0 1 0 0 1 0 1 2 1 
2 2 3 6 1 5 2 1 1 3 6 4 4 4 2 2 4 4 2 2 3 3 1 7 2 0 3 1 4 0 4 2 3 4 0 3 2 4 5 1 1 3 3 4 2 1 5 2 3 5 
12 10 9 11 5 9 13 6 10 9 17 12 14 13 6 9 6 10 9 5 8 18 7 13 17 12 17 13 5 11 13 8 12 11 8 12 14 12 11 12 14 9 14 10 7 14 15 14 12 3 
8 5 6 7 3 4 6 4 5 9 6 3 8 8 3 2 5 1 4 6 3 4 5 3 7 8 6 0 5 6 5 7 2 4 4 6 7 6 3 5 7 3 4 8 5 3 7 2 3 9 
7 6 5 6 8 7 3 8 9 6 9 10 9 8 14 8 13 9 12 7 12 5 8 10 9 14 8 9 10 12 12 6 4 7 11 7 10 6 10 6 7 7 10 10 8 6 5 10 8 12 
2 3 4 1 3 1 0 0 0 4 7 4 4 6 4 2 5 2 3 1 2 5 4 5 4 6 5 5 3 1 3 4 1 2 4 4 4 0 3 0 4 4 3 4 0 3 4 5 7 4 
12 13 7 13 9 7 10 2 11 10 12 10 10 11 17 9 10 6 10 11 7 10 9 11 9 11 11 6 2 9 6 5 3 7 5 6 10 11 11 10 8 3 9 4 10 9 10 7 9 5 
4 1 1 1 2 2 3 1 1 1 3 1 2 0 1 4 2 4 4 2 2 3 4 4 0 1 1 3 2 2 3 1 1 3 1 2 0 2 1 3 3 3 2 2 1 3 1 2 2 2 
0 1 1 3 4 4 2 4 1 2 2 2 6 7 0 2 2 7 0 1 4 4 5 0 4 4 5 6 4 3 6 3 3 2 0 1 2 6 4 5 2 5 1 4 2 3 2 3 4 3 
9 10 7 6 12 9 13 5 11 7 10 11 8 7 9 15 15 10 11 6 10 11 13 11 9 16 2 8 13 17 8 11 10 8 10 12 9 10 3 2 7 8 8 10 9 10 11 9 10 7 
10 9 8 10 6 6 5 9 6 11 13 9 7 14 8 10 3 11 9 10 9 4 11 8 13 8 9 8 10 5 9 6 10 11 10 12 8 13 6 9 12 5 6 13 7 7 9 8 5 9 
3 5 4 3 1 2 5 4 5 3 5 4 7 1 6 5 3 3 3 3 1 3 4 4 3 2 5 4 3 2 2 7 4 5 3 2 2 3 5 3 2 3 6 4 4 1 4 2 6 3 
13 5 11 7 10 7 5 8 13 12 11 8 5 10 11 8 10 10 13 13 12 10 11 5 6 11 13 5 13 8 16 6 8 8 14 8 10 18 15 8 11 10 12 14 11 10 8 13 11 14 
DEPOT_SECTION
 1
 -1
EOF
