NAME  : Parada_40_4_0.95_1.00_4
TYPE : SVRP
MODEL : FINITE_SUPPORT
NUMBER_OF_SCENARIOS : 50
DIMENSION : 40
EDGE_WEIGHT_TYPE : MATRIX
CAPACITY : 49
N_VEHICLES : 4
NODE_COORD_SECTION
1 204870 317800
2 213650 676280
3 81271 597690
4 102220 234760
5 373290 545820
6 118480 684220
7 159220 455740
8 331470 366260
9 147520 650450
10 555960 349110
11 27 210850
12 6606 497980
13 132830 366170
14 484380 589510
15 21330 441910
16 400260 98392
17 264670 325920
18 175460 674130
19 259820 700940
20 9796 263090
21 58892 509330
22 75294 123000
23 427200 374470
24 357820 757770
25 401600 231710
26 317450 40614
27 322290 56164
28 90539 640170
29 20336 18
30 158480 355910
31 508610 711620
32 609190 376500
33 388830 365800
34 136900 336740
35 369160 621270
36 482000 675270
37 224000 568260
38 487580 369730
39 41029 334030
40 300290 52577
DEMAND_SECTION
1 0.0
2 6.0
3 5.0
4 1.0
5 8.0
6 1.0
7 1.0
8 7.0
9 6.0
10 10.0
11 4.0
12 4.0
13 10.0
14 8.0
15 1.0
16 2.0
17 6.0
18 6.0
19 6.0
20 2.0
21 2.0
22 5.0
23 4.0
24 5.0
25 6.0
26 1.0
27 2.0
28 10.0
29 8.0
30 4.0
31 6.0
32 5.0
33 7.0
34 5.0
35 1.0
36 9.0
37 1.0
38 5.0
39 2.0
40 5.0
DISTANCE_MATRIX
0.0 49.8623 68.8281 20.0998 38.4222 48.2601 18.5453 17.2506 56.4817 46.6476 34.6699 34.2053 12.083 48.9476 30.0167 48.1052 7.81025 42.6534 51.7488 28.4253 31.305 34.5505 26.4764 67.8176 47.666 50.8725 48.6518 62.9711 60.8769 12.0 64.071 52.2015 26.0768 7.2111 48.1453 60.4657 34.4472 36.4005 23.3238 50.0405 
49.8623 0.0 24.1661 65.1722 32.9917 10.8167 31.9531 53.3968 10.4403 64.5805 71.0634 34.7851 48.2701 40.0 41.7732 94.9383 57.4456 8.06226 8.06226 64.1249 28.6356 80.0383 63.254 24.0832 89.3145 100.032 97.8117 17.4642 86.1278 43.1741 44.5982 75.0626 54.0375 48.8565 24.1868 37.9473 16.8353 67.1221 54.037 99.2004 
68.8281 24.1661 0.0 83.3547 56.9642 20.6155 51.8556 72.4991 13.8924 88.5438 84.7703 44.3847 65.8635 62.8013 52.8867 116.696 78.9284 27.6586 31.3209 78.4347 41.2311 98.0051 85.8706 40.4475 111.094 118.998 116.777 6.7082 93.0054 61.0574 64.195 99.0351 76.6542 67.6757 47.8017 58.0345 39.2046 89.7387 68.352 118.166 
20.0998 65.1722 83.3547 0.0 55.305 63.0635 33.8552 34.7335 71.5891 63.3258 19.2354 42.45 17.4929 65.8303 35.0 40.7922 26.9258 57.9396 67.0588 16.1245 42.8019 14.8661 41.7648 85.956 48.9326 36.7151 34.8855 77.8267 47.8539 22.3607 80.9537 64.2917 43.1104 16.4924 70.1331 77.3484 49.7571 49.2576 19.6977 34.1321 
38.4222 32.9917 56.9642 55.305 0.0 37.4833 29.7476 22.1655 43.4266 34.5254 71.3541 44.3959 46.7361 16.9706 47.3563 66.356 31.2801 29.2746 25.7145 64.2918 37.5863 69.4908 32.0156 29.7321 58.0 73.6554 71.5586 50.3207 92.7739 41.6977 30.4138 44.643 22.6274 47.1141 10.099 25.2982 19.105 35.2278 55.2384 74.1481 
48.2601 10.8167 20.6155 63.0635 37.4833 0.0 31.241 52.2365 9.05539 72.0069 66.0984 27.074 45.618 49.366 35.0143 96.433 58.6658 8.24621 18.3848 59.439 22.2036 77.8203 65.2302 34.8281 90.8318 98.4301 96.2094 14.7648 78.2624 40.7063 55.1543 82.0 58.0279 47.1699 33.1361 48.4665 19.6977 71.1639 49.2443 97.5982 
18.5453 31.9531 51.8556 33.8552 29.7476 31.241 0.0 25.0799 39.1152 52.3927 41.7732 22.2036 17.1615 46.1054 21.9545 65.9481 30.6253 25.0599 34.2487 34.7131 17.1172 48.7213 37.6631 52.2738 65.4746 68.7154 66.4947 45.8039 62.9682 12.0416 58.0779 60.2993 33.0606 17.5395 36.4508 52.4746 16.1245 46.0435 25.632 67.8834 
17.2506 53.3968 72.4991 34.7335 22.1655 52.2365 25.0799 0.0 59.1151 29.5296 51.0882 47.0106 29.2481 32.249 45.4078 45.1516 10.1085 44.9145 47.5459 45.2548 42.19 49.0514 13.0 51.561 38.833 52.4509 50.3542 66.119 77.9949 28.1266 47.3814 35.9026 8.94427 24.4617 31.8886 44.0 34.7184 21.0 40.5644 52.9437 
56.4817 10.4403 13.8924 71.5891 43.4266 9.05539 39.1152 59.1151 0.0 75.0154 75.1332 36.0139 54.231 50.0899 44.0454 103.312 65.5445 14.2127 18.1108 68.4471 31.257 86.406 72.0394 30.8707 98.1 106.652 104.431 7.2111 86.977 49.2443 53.3667 85.4974 62.8229 55.4707 34.5254 46.8722 25.4951 75.9075 58.2495 105.82 
46.6476 64.5805 88.5438 63.3258 34.5254 72.0069 52.3927 29.5296 75.0154 0.0 79.6921 74.5252 58.6687 28.4253 73.7191 52.0384 39.5291 63.7887 57.2451 74.0505 68.7314 71.2385 23.6008 55.6058 36.4966 62.8013 61.0 81.9085 107.005 57.5473 38.5876 10.8167 20.5913 53.8516 40.8534 39.6989 53.1507 14.8661 69.9714 63.3482 
34.6699 71.0634 84.7703 19.2354 71.3541 66.0984 41.7732 51.0882 75.1332 79.6921 0.0 40.4969 25.2982 82.7954 31.9531 57.0088 42.4382 63.1269 73.434 7.07107 43.9318 22.561 57.8904 93.702 67.2157 49.8197 48.5077 80.2808 28.6356 29.8329 99.6843 83.5269 59.4767 28.178 78.0573 94.0811 57.3149 68.4929 17.0294 46.8722 
34.2053 34.7851 44.3847 42.45 44.3959 27.074 22.2036 47.0106 36.0139 74.5252 40.4969 0.0 26.0768 60.7454 8.544 80.1028 38.1182 26.9258 38.9487 34.4384 7.07107 56.0803 59.1354 56.9887 81.8279 78.8799 77.0025 40.3113 51.4198 22.8473 72.6705 82.4924 55.2268 29.9666 51.0435 67.0673 27.5862 68.0074 24.6982 76.3584 
12.083 48.2701 65.8635 17.4929 46.7361 45.618 17.1615 29.2481 54.231 58.6687 25.2982 26.0768 0.0 61.7039 19.9249 54.2624 19.4165 40.8044 50.365 18.3848 25.4951 32.2025 38.3275 69.2623 57.4282 53.564 51.6865 60.3738 49.5177 5.09902 75.0664 64.2573 38.0816 5.09902 53.4393 69.4631 33.0634 48.3839 11.4018 51.0425 
48.9476 40.0 62.8013 65.8303 16.9706 49.366 46.1054 32.249 50.0899 28.4253 82.7954 60.7454 61.7039 0.0 63.7141 72.8011 41.8055 41.7794 32.0156 79.2596 53.8516 80.7686 37.855 27.2029 60.8276 80.895 78.8208 56.4358 107.742 56.6655 15.1327 39.2046 28.2843 56.1587 16.2788 12.6491 34.078 36.2353 70.2062 80.6911 
30.0167 41.7732 52.8867 35.0 47.3563 35.0143 21.9545 45.4078 44.0454 73.7191 31.9531 8.544 19.9249 63.7141 0.0 74.1409 35.3553 33.7343 45.1691 25.9422 13.1529 48.1041 56.1427 63.1942 77.111 71.5871 69.7097 48.6621 44.5982 18.0278 75.4225 80.9069 53.8386 24.5153 53.7955 69.8193 31.9061 65.6201 16.4012 69.0657 
48.1052 94.9383 116.696 40.7922 66.356 96.433 65.9481 45.1516 103.312 52.0384 57.0088 80.1028 54.2624 72.8011 74.1409 0.0 49.6488 89.1109 91.7364 56.3205 78.2304 35.5106 35.1141 95.7079 17.8885 12.8062 12.0416 110.315 84.0119 57.3175 86.885 47.2969 44.9444 50.1425 76.0592 85.44 78.9149 38.1182 60.2734 14.8661 
7.81025 57.4456 78.9284 26.9258 31.2801 58.6658 30.6253 10.1085 65.5445 39.5291 42.4382 38.1182 19.4165 41.8055 35.3553 49.6488 0.0 51.3438 56.6605 36.2353 34.2053 41.2341 21.0238 60.6755 44.7772 56.8891 54.6684 72.5483 68.6222 18.0278 56.9289 45.607 18.942 14.8661 41.0032 53.3236 41.1478 30.2655 30.8058 56.0571 
42.6534 8.06226 27.6586 57.9396 29.2746 8.24621 25.0599 44.9145 14.2127 63.7887 63.1269 26.9258 40.8044 41.7794 33.7343 89.1109 51.3438 0.0 12.7279 56.2228 20.6155 72.8011 57.9081 30.6105 83.5098 92.8235 90.6028 21.2132 78.1601 35.7351 48.7647 73.7564 49.8062 41.6476 25.5007 42.0595 11.6619 62.9422 46.0977 91.9915 
51.7488 8.06226 31.3209 67.0588 25.7145 18.3848 34.2487 47.5459 18.1108 57.2451 73.434 38.9487 50.365 32.0156 45.1691 91.7364 56.6605 12.7279 0.0 66.4428 32.2813 82.0056 57.4031 18.0278 83.4636 100.36 98.1397 24.7386 89.7583 45.1271 36.7696 67.7791 47.634 50.743 16.4924 30.0832 18.6535 59.6668 56.4446 99.5285 
28.4253 64.1249 78.4347 16.1245 64.2918 59.439 34.7131 45.2548 68.4471 74.0505 7.07107 34.4384 18.3848 79.2596 25.9422 56.3205 36.2353 56.2228 66.4428 0.0 37.3631 24.1868 52.2488 86.6311 64.7811 50.5964 49.0408 73.7631 33.0151 22.8035 92.6221 78.5747 53.8145 21.6333 70.9951 87.0188 50.2494 62.4979 10.198 47.7598 
31.305 28.6356 41.2311 42.8019 37.5863 22.2036 17.1172 42.19 31.257 68.7314 43.9318 7.07107 25.4951 53.8516 13.1529 78.2304 34.2053 20.6155 32.2813 37.3631 0.0 57.1402 54.7653 50.3064 78.4395 78.9973 77.1199 36.4005 57.5674 21.2603 65.7423 77.1038 50.0 28.4253 44.1152 60.139 20.5183 63.1269 27.2029 76.4759 
34.5505 80.0383 98.0051 14.8661 69.4908 77.8203 48.7213 49.0514 86.406 71.2385 22.561 56.0803 32.2025 80.7686 48.1041 35.5106 41.2341 72.8011 82.0056 24.1868 57.1402 0.0 49.3178 100.903 48.3011 27.2947 26.0768 92.5743 48.5077 37.1618 95.1396 70.2217 57.4282 31.3209 79.2139 91.5343 64.7039 56.3847 31.8277 24.3311 
26.4764 63.254 85.8706 41.7648 32.0156 65.2302 37.6631 13.0 72.0394 23.6008 57.8904 59.1354 38.3275 37.855 56.1427 35.1141 21.0238 57.9081 57.4031 52.2488 54.7653 49.3178 0.0 60.9016 26.2488 43.1856 41.1096 79.239 85.203 38.3275 52.345 26.4197 9.84886 33.2415 41.6173 50.448 47.7121 10.2956 49.0408 43.0116 
67.8176 24.0832 40.4475 85.956 29.7321 34.8281 52.2738 51.561 30.8707 55.6058 93.702 56.9887 69.2623 27.2029 63.1942 95.7079 60.6755 30.6105 18.0278 86.6311 50.3064 100.903 60.9016 0.0 86.0233 103.02 100.923 35.171 107.783 64.2239 24.0208 66.4003 51.1077 69.6403 19.9249 18.4391 36.6786 61.8466 74.4697 103.513 
47.666 89.3145 111.094 48.9326 58.0 90.8318 65.4746 38.833 98.1 36.4966 67.2157 81.8279 57.4282 60.8276 77.111 17.8885 44.7772 83.5098 83.4636 64.7811 78.4395 48.3011 26.2488 86.0233 0.0 30.5287 29.4109 105.3 95.5092 59.4194 73.736 30.1496 35.3836 52.6118 67.3573 73.3485 73.3137 24.5967 66.0 32.2025 
50.8725 100.032 118.998 36.7151 73.6554 98.4301 68.7154 52.4509 106.652 62.8013 49.8197 78.8799 53.564 80.895 71.5871 12.8062 56.8891 92.8235 100.36 50.5964 78.9973 27.2947 43.1856 103.02 30.5287 0.0 2.23607 113.141 75.06 58.3138 95.5249 59.1354 52.658 52.1707 83.3614 93.4495 84.6173 48.2597 56.356 3.0 
48.6518 97.8117 116.777 34.8855 71.5586 96.2094 66.4947 50.3542 104.431 61.0 48.5077 77.0025 51.6865 78.8208 69.7097 12.0416 54.6684 90.6028 98.1397 49.0408 77.1199 26.0768 41.1096 100.923 29.4109 2.23607 0.0 110.921 74.1687 56.4364 93.4345 57.5847 50.5613 50.6774 81.2647 91.3528 82.3966 46.3897 54.5619 2.82843 
62.9711 17.4642 6.7082 77.8267 50.3207 14.7648 45.8039 66.119 7.2111 81.9085 80.2808 40.3113 60.3738 56.4358 48.6621 110.315 72.5483 21.2132 24.7386 73.7631 36.4005 92.5743 79.239 35.171 105.3 113.141 110.921 0.0 90.2718 55.4707 58.5491 92.3916 70.0226 61.9112 41.2311 52.2398 32.6497 83.1071 63.6003 112.309 
60.8769 86.1278 93.0054 47.8539 92.7739 78.2624 62.9682 77.9949 86.977 107.005 28.6356 51.4198 49.5177 107.742 44.5982 84.0119 68.6222 78.1601 89.7583 33.0151 57.5674 48.5077 85.203 107.783 95.5092 75.06 74.1687 90.2718 0.0 52.6308 119.148 111.529 86.6833 53.7587 97.5206 113.544 76.0592 95.4522 38.2884 72.0625 
12.0 43.1741 61.0574 22.3607 41.6977 40.7063 12.0416 28.1266 49.2443 57.5473 29.8329 22.8473 5.09902 56.6655 18.0278 57.3175 18.0278 35.7351 45.1271 22.8035 21.2603 37.1618 38.3275 64.2239 59.4194 58.3138 56.4364 55.4707 52.6308 0.0 70.028 63.6003 36.9601 7.2111 48.4009 64.4247 28.0179 48.0521 14.4222 55.7923 
64.071 44.5982 64.195 80.9537 30.4138 55.1543 58.0779 47.3814 53.3667 38.5876 99.6843 72.6705 75.0664 15.1327 75.4225 86.885 56.9289 48.7647 36.7696 92.6221 65.7423 95.1396 52.345 24.0208 73.736 95.5249 93.4345 58.5491 119.148 70.028 0.0 48.6004 43.0465 75.4444 25.4558 6.7082 45.9403 49.3356 83.5686 95.3048 
52.2015 75.0626 99.0351 64.2917 44.643 82.0 60.2993 35.9026 85.4974 10.8167 83.5269 82.4924 64.2573 39.2046 80.9069 47.2969 45.607 73.7564 67.7791 78.5747 77.1038 70.2217 26.4197 66.4003 30.1496 59.1354 57.5847 92.3916 111.529 63.6003 48.6004 0.0 27.2947 59.2368 51.4782 50.2096 62.8013 16.1245 75.2396 60.1664 
26.0768 54.0375 76.6542 43.1104 22.6274 58.0279 33.0606 8.94427 62.8229 20.5913 59.4767 55.2268 38.0816 28.2843 53.8386 44.9444 18.942 49.8062 47.634 53.8145 50.0 57.4282 9.84886 51.1077 35.3836 52.658 50.5613 70.0226 86.6833 36.9601 43.0465 27.2947 0.0 33.2866 32.0156 40.7922 38.5162 13.6015 49.3964 52.4316 
7.2111 48.8565 67.6757 16.4924 47.1141 47.1699 17.5395 24.4617 55.4707 53.8516 28.178 29.9666 5.09902 56.1587 24.5153 50.1425 14.8661 41.6476 50.743 21.6333 28.4253 31.3209 33.2415 69.6403 52.6118 52.1707 50.6774 61.9112 53.7587 7.2111 75.4444 59.2368 33.2866 0.0 53.8173 69.8411 33.4414 43.3244 16.1245 49.6492 
48.1453 24.1868 47.8017 70.1331 10.099 33.1361 36.4508 31.8886 34.5254 40.8534 78.0573 51.0435 53.4393 16.2788 53.7955 76.0592 41.0032 25.5007 16.4924 70.9951 44.1152 79.2139 41.6173 19.9249 67.3573 83.3614 81.2647 41.2311 97.5206 48.4009 25.4558 51.4782 32.0156 53.8173 0.0 19.2094 24.3132 43.9318 61.3294 83.8542 
60.4657 37.9473 58.0345 77.3484 25.2982 48.4665 52.4746 44.0 46.8722 39.6989 94.0811 67.0673 69.4631 12.6491 69.8193 85.44 53.3236 42.0595 30.0832 87.0188 60.139 91.5343 50.448 18.4391 73.3485 93.4495 91.3528 52.2398 113.544 64.4247 6.7082 50.2096 40.7922 69.8411 19.2094 0.0 40.337 48.7545 77.9654 93.2231 
34.4472 16.8353 39.2046 49.7571 19.105 19.6977 16.1245 34.7184 25.4951 53.1507 57.3149 27.5862 33.0634 34.078 31.9061 78.9149 41.1478 11.6619 18.6535 50.2494 20.5183 64.7039 47.7121 36.6786 73.3137 84.6173 82.3966 32.6497 76.0592 28.0179 45.9403 62.8013 38.5162 33.4414 24.3132 40.337 0.0 51.6522 40.6079 83.7853 
36.4005 67.1221 89.7387 49.2576 35.2278 71.1639 46.0435 21.0 75.9075 14.8661 68.4929 68.0074 48.3839 36.2353 65.6201 38.1182 30.2655 62.9422 59.6668 62.4979 63.1269 56.3847 10.2956 61.8466 24.5967 48.2597 46.3897 83.1071 95.4522 48.0521 49.3356 16.1245 13.6015 43.3244 43.9318 48.7545 51.6522 0.0 59.2368 48.6621 
23.3238 54.037 68.352 19.6977 55.2384 49.2443 25.632 40.5644 58.2495 69.9714 17.0294 24.6982 11.4018 70.2062 16.4012 60.2734 30.8058 46.0977 56.4446 10.198 27.2029 31.8277 49.0408 74.4697 66.0 56.356 54.5619 63.6003 38.2884 14.4222 83.5686 75.2396 49.3964 16.1245 61.3294 77.9654 40.6079 59.2368 0.0 53.7122 
50.0405 99.2004 118.166 34.1321 74.1481 97.5982 67.8834 52.9437 105.82 63.3482 46.8722 76.3584 51.0425 80.6911 69.0657 14.8661 56.0571 91.9915 99.5285 47.7598 76.4759 24.3311 43.0116 103.513 32.2025 3.0 2.82843 112.309 72.0625 55.7923 95.3048 60.1664 52.4316 49.6492 83.8542 93.2231 83.7853 48.6621 53.7122 0.0 
DEMAND_SCENARIO_SECTION
0 0 0 0 0 0 0 0 0 0 0 0 0 0 0 0 0 0 0 0 0 0 0 0 0 0 0 0 0 0 0 0 0 0 0 0 0 0 0 0 0 0 0 0 0 0 0 0 0 0 
9 5 8 8 0 5 10 6 7 8 3 3 5 7 7 2 12 4 2 7 3 7 6 6 6 4 7 8 10 9 9 7 7 12 8 6 6 7 4 6 6 7 7 0 2 9 7 8 7 7 
5 7 8 6 0 5 3 4 3 11 7 10 8 5 2 6 4 3 6 3 4 5 5 3 7 3 8 7 4 4 9 2 5 4 2 2 5 5 3 4 5 4 1 3 3 6 5 7 9 0 
0 1 1 1 1 2 2 1 2 1 1 2 1 0 1 3 2 2 4 0 2 1 1 2 2 1 0 3 2 1 1 2 0 1 2 0 0 2 2 2 2 2 1 1 2 1 0 1 1 1 
5 10 4 6 10 7 12 5 9 9 9 9 6 3 11 12 13 11 11 9 5 9 16 8 7 10 12 10 11 5 14 4 8 5 5 10 12 14 4 3 8 8 6 10 8 7 10 8 10 7 
2 1 0 2 2 0 0 1 2 0 1 1 1 2 1 2 0 3 0 1 2 1 1 2 1 1 2 1 2 1 2 1 0 0 2 2 0 2 0 2 2 2 1 1 2 0 2 0 2 1 
1 1 0 1 2 1 0 0 3 2 0 0 0 0 2 1 2 1 0 2 1 1 1 1 2 2 1 0 1 1 0 1 2 1 0 1 1 1 1 1 2 1 1 1 1 2 1 1 0 1 
5 8 5 5 8 12 9 7 4 9 9 9 7 7 11 3 4 9 5 13 13 12 1 0 7 6 5 6 8 7 9 10 9 10 8 4 6 3 4 4 4 9 8 7 10 7 10 8 6 12 
4 4 3 9 9 5 8 5 4 3 4 6 5 10 6 6 6 4 4 9 8 8 8 6 4 5 3 2 3 3 4 8 9 4 2 6 4 5 6 7 5 6 8 9 4 6 9 4 9 10 
12 12 10 10 18 8 8 10 8 11 11 9 5 9 14 11 12 11 7 5 6 12 9 8 7 13 7 16 9 12 16 10 10 13 12 5 10 9 16 4 17 11 4 5 13 7 13 11 10 13 
2 4 5 5 5 3 8 6 1 6 2 4 9 0 3 4 4 1 3 2 8 4 4 6 7 2 10 3 5 5 5 5 3 3 5 6 6 0 3 7 3 1 4 4 4 4 3 3 5 5 
7 4 4 3 2 3 2 2 3 4 4 4 4 8 2 3 6 5 3 6 6 5 0 6 1 3 2 6 4 5 3 3 7 5 2 9 6 2 5 1 5 7 4 4 4 7 4 3 3 5 
10 9 12 14 11 10 13 10 5 11 14 6 11 3 9 12 5 10 1 4 8 9 13 9 4 12 6 4 12 9 8 12 11 8 13 9 6 7 11 10 17 6 10 7 7 13 13 9 12 17 
6 13 14 7 7 11 8 6 8 8 8 5 8 4 12 9 8 10 12 8 6 7 10 7 6 10 6 7 7 11 8 5 12 7 4 9 5 9 4 7 6 6 16 11 8 6 5 14 13 4 
0 2 1 1 2 2 2 0 2 0 1 1 1 3 0 2 1 2 0 2 0 0 1 2 0 1 3 0 3 0 1 0 1 3 1 0 1 0 0 1 1 2 1 0 0 0 2 1 0 2 
4 1 3 5 4 3 4 2 2 1 1 3 2 0 0 3 2 2 1 1 0 2 1 2 3 2 3 2 2 0 4 2 5 1 3 0 2 3 2 3 3 3 5 3 3 3 0 4 2 4 
5 8 6 9 8 4 4 7 6 6 2 9 7 9 10 5 7 6 5 3 5 1 5 7 7 7 7 7 5 7 6 6 4 2 2 7 7 9 10 2 7 6 6 7 4 6 7 9 7 6 
6 8 6 5 5 6 10 3 7 9 7 2 3 6 8 8 1 6 6 9 4 10 3 5 5 3 7 6 6 6 4 4 7 7 5 8 5 7 6 9 3 10 4 4 6 10 5 9 8 6 
4 4 8 2 10 4 9 5 4 3 3 10 7 7 7 5 5 7 5 12 9 4 6 7 9 6 3 4 2 6 6 6 5 10 3 8 7 4 7 5 9 8 9 4 1 7 5 6 4 3 
3 0 4 3 0 3 1 3 2 1 4 3 1 3 4 0 0 1 2 3 3 3 3 1 1 3 2 2 4 3 2 2 1 5 2 3 1 3 3 3 2 3 3 3 2 5 0 2 0 0 
2 1 0 2 1 1 4 5 0 1 0 1 1 4 2 4 0 3 3 2 1 3 2 2 2 1 0 4 2 1 2 1 2 3 5 0 2 0 1 3 2 3 1 4 4 1 2 2 3 3 
3 7 2 4 3 6 4 5 6 5 8 2 3 7 3 3 6 7 11 8 5 3 9 6 5 4 5 9 5 4 6 7 3 6 2 0 3 5 0 10 5 5 2 6 6 6 4 8 3 8 
2 0 5 3 6 7 6 4 3 5 6 6 3 2 3 5 3 7 3 3 3 5 2 5 6 8 6 5 5 1 6 0 4 4 5 3 2 5 3 5 7 3 3 2 6 3 5 2 4 3 
5 8 5 6 7 6 2 4 1 6 3 8 3 5 7 2 5 8 4 6 6 10 4 8 7 10 5 6 3 4 5 5 8 4 5 5 5 4 4 4 5 4 3 6 2 7 5 8 5 8 
6 3 6 8 7 5 9 9 6 4 4 8 6 5 9 5 7 5 1 3 6 10 8 4 8 4 6 5 4 4 4 9 12 5 8 9 6 8 5 5 5 8 8 9 1 6 7 4 1 10 
2 1 0 1 2 1 0 0 1 1 0 0 1 0 1 0 1 3 0 1 2 1 2 0 1 1 0 2 1 1 0 1 0 0 2 2 0 1 2 0 1 1 2 0 1 3 1 0 1 1 
3 3 4 0 2 2 2 2 0 1 0 4 1 0 2 0 1 4 2 0 0 2 2 5 2 2 0 0 5 4 2 2 1 2 0 2 1 1 3 0 1 2 0 2 4 4 1 3 5 0 
13 3 10 10 10 10 6 6 18 15 9 10 13 17 13 6 6 10 11 9 8 11 10 6 4 10 6 8 4 9 11 12 18 12 9 8 10 6 8 8 13 10 8 5 12 11 11 11 5 12 
0 4 10 6 9 7 8 14 4 3 5 7 9 6 7 14 6 6 4 7 10 11 11 6 9 2 6 10 10 8 7 10 8 7 11 7 10 9 9 9 5 8 3 4 10 15 5 2 7 3 
3 4 5 2 5 1 5 1 4 2 6 1 4 5 3 3 4 2 8 5 3 9 6 4 6 3 5 5 4 4 3 6 2 0 4 3 4 3 1 5 5 4 5 4 6 4 3 5 5 3 
8 4 7 5 3 5 6 9 8 1 3 9 4 8 6 4 8 5 6 11 6 4 5 6 6 2 3 6 8 12 7 7 10 5 9 5 2 5 3 5 8 10 4 6 6 7 10 3 4 6 
5 5 6 5 3 5 3 4 7 3 9 6 4 5 9 6 4 4 3 5 7 8 9 6 6 9 6 6 7 2 7 2 2 4 6 3 2 6 0 8 3 5 6 5 6 5 9 3 9 7 
3 9 2 6 9 6 8 10 13 4 1 8 7 1 7 7 8 8 8 4 6 3 3 8 10 7 8 4 3 2 8 7 9 9 8 10 9 9 7 7 5 4 2 3 8 5 2 5 10 9 
2 2 1 7 7 3 8 4 8 9 6 7 2 2 2 6 8 5 4 4 5 5 6 7 3 5 6 7 5 5 6 3 6 2 3 6 5 6 5 2 5 4 4 6 8 3 7 8 7 6 
2 1 0 2 3 1 0 0 0 0 2 0 2 0 2 2 0 1 0 0 0 1 1 1 2 1 1 1 0 1 1 0 1 1 0 2 2 2 0 2 0 2 1 1 2 0 2 2 1 2 
9 7 12 9 6 8 7 10 12 6 9 9 14 8 12 13 9 9 9 10 7 9 11 12 8 8 13 9 7 8 10 10 9 12 8 10 8 4 11 9 7 4 10 7 12 6 11 12 9 6 
1 1 1 2 1 2 2 0 0 1 1 2 0 2 1 0 0 0 2 0 0 1 0 2 2 0 3 0 2 0 0 2 1 1 1 0 1 1 2 1 0 2 0 2 1 2 2 0 1 0 
3 5 3 6 8 10 4 3 3 5 5 6 3 5 3 7 0 3 2 3 3 5 5 6 5 4 4 5 3 7 7 6 7 6 8 5 8 8 6 5 4 6 5 5 8 4 8 6 9 6 
4 0 4 3 2 2 2 1 1 3 1 2 2 1 2 5 1 2 2 2 1 3 0 0 2 4 4 4 2 2 1 0 4 2 4 2 2 0 3 3 2 3 1 2 0 3 3 2 0 1 
6 3 6 7 5 7 0 4 1 8 5 7 2 5 4 6 6 5 2 3 3 1 3 7 1 2 6 6 4 7 6 5 8 5 7 4 8 2 7 3 4 1 2 8 1 8 6 8 8 3 
DEPOT_SECTION
 1
 -1
EOF
