NAME  : Parada_40_4_0.95_1.00_9
TYPE : SVRP
MODEL : FINITE_SUPPORT
NUMBER_OF_SCENARIOS : 50
DIMENSION : 40
EDGE_WEIGHT_TYPE : MATRIX
CAPACITY : 47
N_VEHICLES : 4
NODE_COORD_SECTION
1 336570 95833
2 286460 211750
3 154560 60310
4 297260 301630
5 631700 250640
6 281870 208710
7 41653 18
8 462000 166750
9 90270 126150
10 604070 153990
11 395900 101750
12 34080 211910
13 327030 233830
14 83042 228090
15 223060 285800
16 395520 185800
17 558860 129670
18 148680 307650
19 160510 268040
20 103310 329470
21 430900 225330
22 184060 219810
23 538780 286950
24 506920 350610
25 314350 381420
26 311520 154800
27 627910 177370
28 207200 277390
29 598720 256
30 422350 103130
31 435510 303760
32 381130 325560
33 221560 171130
34 27 305600
35 301430 271970
36 21881 118500
37 643720 280790
38 575810 247630
39 426330 301100
40 381740 254630
DEMAND_SECTION
1 0.0
2 4.0
3 9.0
4 5.0
5 2.0
6 5.0
7 5.0
8 2.0
9 3.0
10 6.0
11 4.0
12 1.0
13 3.0
14 6.0
15 1.0
16 8.0
17 2.0
18 2.0
19 6.0
20 6.0
21 5.0
22 10.0
23 2.0
24 5.0
25 3.0
26 9.0
27 2.0
28 3.0
29 9.0
30 9.0
31 1.0
32 2.0
33 4.0
34 4.0
35 3.0
36 5.0
37 4.0
38 9.0
39 7.0
40 4.0
DISTANCE_MATRIX
0.0 47.607 51.8819 16.5602 36.1143 45.6508 68.3579 57.5353 51.4975 33.4215 9.05539 53.4345 36.7151 46.1559 24.5006 25.9422 26.9072 35.9559 30.1603 50.636 24.3311 27.261 35.9026 42.0476 50.6063 36.2353 37.8021 30.1496 55.2178 12.0 58.5301 42.72 34.8035 66.2195 47.8252 61.8813 78.0914 29.4109 57.4566 33.5261 
47.607 0.0 79.0498 32.5576 41.3038 52.1536 115.438 68.3593 24.6982 62.6498 43.052 94.4742 48.1664 90.4521 71.5807 72.4523 54.9181 20.2237 21.9317 40.4969 69.3223 61.0939 74.3303 82.8983 97.1339 83.1437 66.3702 33.541 81.0247 41.2426 74.108 88.5682 13.4164 99.1135 7.07107 106.254 88.459 45.0444 73.171 79.1595 
51.8819 79.0498 0.0 59.6692 82.8109 38.0789 51.4198 36.1248 66.6796 71.6668 56.454 16.7631 34.9253 22.0 27.5539 43.9477 68.1061 60.6926 57.2385 54.2033 50.0905 27.5325 66.3646 67.5345 53.8083 42.7495 75.1442 49.1665 91.1289 60.4257 25.1794 56.9246 70.8988 20.2485 82.6331 32.6497 47.7598 75.3768 24.0832 52.3828 
16.5602 32.5576 59.6692 0.0 40.6032 39.6147 84.3911 55.0535 35.1283 42.72 15.2971 74.7814 32.311 62.1891 40.5339 41.486 34.9285 19.4165 13.6015 38.6264 39.2938 43.2943 49.0408 56.1427 66.1839 52.0969 47.1699 18.5806 64.4748 15.2315 57.5534 58.0228 20.5913 79.7328 33.6155 77.9145 76.0773 34.73 56.48 48.7362 
36.1143 41.3038 82.8109 40.6032 0.0 73.7419 95.8541 89.3392 59.9333 25.2389 27.6286 84.3635 66.6051 76.9585 55.4296 50.3289 19.8494 45.4863 40.6079 69.814 43.382 58.1901 40.3609 49.5782 71.5612 62.3939 27.7308 52.3051 40.1123 26.2374 94.1433 61.0328 31.0161 97.1485 36.0 92.5743 113.705 8.06226 93.0699 52.4786 
45.6508 52.1536 38.0789 39.6147 73.7419 0.0 88.7921 16.2788 32.28 78.8501 53.7187 54.5619 8.94427 58.6864 47.0956 63.7887 72.1035 32.7567 34.5398 17.2047 66.9376 40.6079 80.7784 85.6702 84.0536 68.0074 83.2673 21.4709 100.731 56.6476 23.4094 80.3057 48.7032 56.8507 57.7062 70.7107 37.0 74.2485 22.8473 72.9932 
68.3579 115.438 51.4198 84.3911 95.8541 88.7921 0.0 87.2983 110.941 75.9276 74.8866 34.7131 85.3293 30.4631 49.5177 45.618 77.1622 99.0 95.5734 103.757 52.5547 57.3847 61.5224 55.0091 28.0179 33.541 77.1038 88.4816 85.0235 77.9359 75.5381 38.1182 102.389 39.3192 115.656 21.2132 95.0842 87.8465 74.6726 44.3847 
57.5353 68.3593 36.1248 55.0535 89.3392 16.2788 87.2983 0.0 47.3814 90.9539 65.8749 52.6118 22.8254 58.0775 53.4883 70.9448 84.2203 49.0306 50.5964 30.8058 75.6156 50.3767 91.5715 94.1495 87.9659 72.5672 95.3238 37.3363 112.707 68.8038 12.53 86.1278 64.846 51.0784 73.9797 67.4463 21.0238 86.4047 13.0 80.0562 
51.4975 24.6982 66.6796 35.1283 59.9333 32.28 110.941 47.3814 0.0 76.0592 50.0 86.5917 31.9061 83.8803 62.7232 75.0 68.0928 16.0312 22.0227 17.0294 74.2361 54.784 84.006 91.2688 99.0924 84.0542 80.2882 22.4722 96.7729 49.0918 55.6597 92.1792 29.1548 86.1621 31.6228 99.682 66.0681 61.0328 55.0273 83.2328 
33.4215 62.6498 71.6668 42.72 25.2389 78.8501 75.9276 90.9539 76.0592 0.0 27.7308 70.2575 69.9384 62.9682 44.2832 33.1361 8.06226 60.0744 54.1565 81.3451 25.0799 47.0459 15.8114 24.8395 49.3964 44.0454 4.47214 61.2986 21.9545 27.5136 91.9487 38.6264 50.0899 83.0425 58.6941 77.1038 111.51 18.3848 90.8752 31.5753 
9.05539 43.052 56.454 15.2971 27.6286 53.7187 74.8866 65.8749 50.0 27.7308 0.0 60.2388 44.807 52.9602 31.305 30.4138 20.2485 34.0147 28.0179 53.8183 26.4197 34.0654 34.0147 41.5933 54.8179 41.8688 32.2025 33.7718 49.6488 3.16228 66.9565 45.793 30.2485 73.0239 43.2702 68.6856 86.5178 20.9716 65.8831 36.3593 
53.4345 94.4742 16.7631 74.7814 84.3635 54.5619 34.7131 52.6118 86.5917 70.2575 60.2388 0.0 51.1138 7.81025 31.5264 37.3633 68.4368 75.8049 72.5551 70.4017 45.3576 38.6047 60.2485 58.2495 40.8167 29.8329 73.0134 64.2788 86.2483 63.3733 41.0488 43.8406 86.0111 13.0 97.7454 16.4012 61.9839 76.9294 40.1123 42.7865 
36.7151 48.1664 34.9253 32.311 66.6051 8.94427 85.3293 22.8254 31.9061 69.9384 44.807 51.1138 0.0 58.2493 39.0128 55.3263 63.1918 28.0179 28.4429 20.5913 57.9048 32.1403 71.8679 76.7639 76.3217 60.208 74.3556 15.1327 91.8192 47.7359 26.0 72.0625 42.7551 54.4078 53.0094 67.3819 43.8292 65.3368 25.02 64.4981 
46.1559 90.4521 22.0 62.1891 76.9585 58.6864 30.4631 58.0775 83.8803 62.9682 52.9602 7.81025 58.2493 0.0 24.2477 30.0832 61.0737 72.0201 68.533 77.5373 38.0789 31.326 52.9245 50.774 33.121 22.2036 65.7343 61.3245 78.924 56.0946 47.0956 36.0694 80.1865 20.2485 92.9058 16.5529 68.884 69.4989 46.0435 35.3553 
24.5006 71.5807 27.5539 40.5339 55.4296 47.0956 49.5177 53.4883 62.7232 44.2832 31.305 31.5264 39.0128 24.2477 0.0 17.4642 40.7248 50.6116 47.114 58.0517 22.6716 8.06226 38.8973 40.8167 37.4833 21.3776 47.8853 40.329 63.6003 34.4394 46.3249 33.2415 58.5313 44.3114 71.2506 40.0495 70.1783 47.9955 44.9444 26.5707 
25.9422 72.4523 43.9477 41.486 50.3289 63.7887 45.618 70.9448 75.0 33.1361 30.4138 37.3633 55.3263 30.0832 17.4642 0.0 32.3883 61.0824 55.0861 73.1153 8.06226 23.1948 23.3238 23.6008 24.6982 12.083 35.6931 53.7587 49.1935 33.2415 63.6318 17.2627 59.6488 50.1483 72.6705 44.0114 87.4643 42.3792 62.2656 9.21954 
26.9072 54.9181 68.1061 34.9285 19.8494 72.1035 77.1622 84.2203 68.0928 8.06226 20.2485 68.4368 63.1918 61.0737 40.7248 32.3883 0.0 52.1079 46.1901 73.5391 24.7386 43.4852 20.8087 30.0 51.9711 44.1475 12.3693 53.5049 29.5466 19.6977 85.3413 41.3401 42.19 81.2219 51.2445 76.1052 104.903 12.0416 84.2679 33.1059 
35.9559 20.2237 60.6926 19.4165 45.4863 32.7567 99.0 49.0306 16.0312 60.0744 34.0147 75.8049 28.0179 72.0201 50.6116 61.0824 52.1079 0.0 6.0 24.7588 58.6945 42.6725 68.0294 75.4255 85.2248 70.1866 64.4588 13.3417 81.1555 33.0606 54.0093 77.4185 16.6433 80.7563 25.0799 87.8218 69.6419 45.6946 53.0377 68.1319 
30.1603 21.9317 57.2385 13.6015 40.6079 34.5398 95.5734 50.5964 22.0227 54.1565 28.0179 72.5551 28.4429 68.533 47.114 55.0861 46.1901 6.0 0.0 29.2062 52.8867 39.1749 62.0322 69.4622 79.7839 66.689 58.541 13.3417 75.8167 27.074 54.231 71.6229 14.3178 77.3022 25.318 84.3348 71.5122 40.3632 53.1584 62.3363 
50.636 40.4969 54.2033 38.6264 69.814 17.2047 103.757 30.8058 17.0294 81.3451 53.8183 70.4017 20.5913 77.5373 58.0517 73.1153 73.5391 24.7588 29.2062 0.0 74.108 50.4876 86.4928 92.5419 95.5249 79.4292 85.7963 20.6155 103.078 53.8516 40.2492 90.2722 41.2311 73.5935 47.0106 86.6698 49.0408 69.5466 39.8246 82.0244 
24.3311 69.3223 50.0905 39.2938 43.382 66.9376 52.5547 75.6156 74.2361 25.0799 26.4197 45.3576 57.9048 38.0789 22.6716 8.06226 24.7386 58.6945 52.8867 74.108 0.0 26.4695 16.2788 18.9737 29.0 19.4165 27.6586 54.0093 41.6773 28.8444 68.8186 19.4165 56.5188 58.1426 68.5005 52.0384 92.6553 35.3412 67.424 10.0 
27.261 61.0939 27.5325 43.2943 58.1901 40.6079 57.3847 50.3767 54.784 47.0459 34.0654 38.6047 32.1403 31.326 8.06226 23.1948 43.4852 42.6725 39.1749 50.4876 26.4695 0.0 42.3152 45.3202 45.1221 29.1204 50.6534 32.3898 66.5226 37.1998 43.6191 40.0 61.2917 47.5962 74.011 47.1278 67.4294 50.7559 42.2173 32.3883 
35.9026 74.3303 66.3646 49.0408 40.3609 80.7784 61.5224 91.5715 84.006 15.8114 34.0147 60.2485 71.8679 52.9245 38.8973 23.3238 20.8087 68.0294 62.0322 86.4928 16.2788 42.3152 0.0 9.21954 34.2053 31.7805 15.8114 65.9242 26.0 35.2278 84.8116 23.5372 61.1316 73.0335 71.3092 65.307 108.617 32.8024 83.4086 18.2483 
42.0476 82.8983 67.5345 56.1427 49.5782 85.6702 55.0091 94.1495 91.2688 24.8395 41.5933 58.2495 76.7639 50.774 40.8167 23.6008 30.0 75.4255 69.4622 92.5419 18.9737 45.3202 9.21954 0.0 27.074 28.6531 24.1868 72.1734 30.1496 43.1741 87.1321 17.1172 69.6748 71.0211 80.1124 61.3514 110.982 42.0119 85.7555 15.6205 
50.6063 97.1339 53.8083 66.1839 71.5612 84.0536 28.0179 87.9659 99.0924 49.3964 54.8179 40.8167 76.3217 33.121 37.4833 24.6982 51.9711 85.2248 79.7839 95.5249 29.0 45.1221 34.2053 27.074 0.0 16.1245 50.0 77.4824 57.0088 57.4891 78.3667 10.7703 84.3303 51.8556 97.3521 38.0132 101.343 63.5138 77.1364 19.2094 
36.2353 83.1437 42.7495 52.0969 62.3939 68.0074 33.541 72.5672 84.0542 44.0454 41.8688 29.8329 60.208 22.2036 21.3776 12.083 44.1475 70.1866 66.689 79.4292 19.4165 29.1204 31.7805 28.6531 16.1245 0.0 46.0435 61.5083 57.5674 44.8219 63.5689 14.4222 70.3402 42.4382 83.3619 33.541 86.9586 54.4243 62.2977 13.6015 
37.8021 66.3702 75.1442 47.1699 27.7308 83.2673 77.1038 95.3238 80.2882 4.47214 32.2025 73.0134 74.3556 65.7343 47.8853 35.6931 12.3693 64.4588 58.541 85.7963 27.6586 50.6534 15.8114 24.1868 50.0 46.0435 0.0 65.7499 17.4929 31.9531 93.152 39.2938 54.0093 85.7985 62.1691 79.404 115.88 21.587 91.7502 33.0606 
30.1496 33.541 49.1665 18.5806 52.3051 21.4709 88.4816 37.3363 22.4722 61.2986 33.7718 64.2788 15.1327 61.3245 40.329 53.7587 53.5049 13.3417 13.3417 20.6155 54.0093 32.3898 65.9242 72.1734 77.4824 61.5083 65.7499 0.0 83.0499 33.8102 41.0488 71.0211 27.6586 69.2302 38.0132 77.3692 58.3095 53.2855 40.0125 62.3939 
55.2178 81.0247 91.1289 64.4748 40.1123 100.731 85.0235 112.707 96.7729 21.9545 49.6488 86.2483 91.8192 78.924 63.6003 49.1935 29.5466 81.1555 75.8167 103.078 41.6773 66.5226 26.0 30.1496 57.0088 57.5674 17.4929 83.0499 0.0 49.2443 109.021 47.2652 69.4622 99.0333 76.0592 90.956 132.824 36.2215 107.619 43.9659 
12.0 41.2426 60.4257 15.2315 26.2374 56.6476 77.9359 68.8038 49.0918 27.5136 3.16228 63.3733 47.7359 56.0946 34.4394 33.2415 19.6977 33.0606 27.074 53.8516 28.8444 37.1998 35.2278 43.1741 57.4891 44.8219 31.9531 33.8102 49.2443 0.0 69.8855 48.2597 28.4391 76.1583 48.8044 71.82 89.4468 19.5804 68.812 38.833 
58.5301 74.108 25.1794 57.5534 94.1433 23.4094 75.5381 12.53 55.6597 91.9487 66.9565 41.0488 26.0 47.0956 46.3249 63.6318 85.3413 54.0093 54.231 40.2492 68.8186 43.6191 84.8116 87.1321 78.3667 63.5689 93.152 41.0488 109.021 69.8855 0.0 77.6209 68.4733 38.6264 79.0063 55.3173 23.8537 87.4863 1.41421 72.4707 
42.72 88.5682 56.9246 58.0228 61.0328 80.3057 38.1182 86.1278 92.1792 38.6264 45.793 43.8406 72.0625 36.0694 33.2415 17.2627 41.3401 77.4185 71.6229 90.2722 19.4165 40.0 23.5372 17.1172 10.7703 14.4222 39.2938 71.0211 47.2652 48.2597 77.6209 0.0 75.7647 56.0803 87.6041 44.7772 101.134 53.0094 76.3217 9.43398 
34.8035 13.4164 70.8988 20.5913 31.0161 48.7032 102.389 64.846 29.1548 50.0899 30.2485 86.0111 42.7551 80.1865 58.5313 59.6488 42.19 16.6433 14.3178 41.2311 56.5188 61.2917 61.1316 69.6748 84.3303 70.3402 54.0093 27.6586 69.4622 28.4391 68.4733 75.7647 0.0 90.9625 13.0384 95.912 85.703 33.2415 67.3998 66.356 
66.2195 99.1135 20.2485 79.7328 97.1485 56.8507 39.3192 51.0784 86.1621 83.0425 73.0239 13.0 54.4078 20.2485 44.3114 50.1483 81.2219 80.7563 77.3022 73.5935 58.1426 47.5962 73.0335 71.0211 51.8556 42.4382 85.7985 69.2302 99.0333 76.1583 38.6264 56.0803 90.9625 0.0 102.697 18.1108 56.0089 89.7144 38.0789 55.5698 
47.8252 7.07107 82.6331 33.6155 36.0 57.7062 115.656 73.9797 31.6228 58.6941 43.2702 97.7454 53.0094 92.9058 71.2506 72.6705 51.2445 25.0799 25.318 47.0106 68.5005 74.011 71.3092 80.1124 97.3521 83.3619 62.1691 38.0132 76.0592 48.8044 79.0063 87.6041 13.0384 102.697 0.0 108.631 94.3663 40.6079 78.0 78.3628 
61.8813 106.254 32.6497 77.9145 92.5743 70.7107 21.2132 67.4463 99.682 77.1038 68.6856 16.4012 67.3819 16.5529 40.0495 44.0114 76.1052 87.8218 84.3348 86.6698 52.0384 47.1278 65.307 61.3514 38.0132 33.541 79.404 77.3692 90.956 71.82 55.3173 44.7772 95.912 18.1108 108.631 0.0 74.0068 85.0 54.5711 47.0744 
78.0914 88.459 47.7598 76.0773 113.705 37.0 95.0842 21.0238 66.0681 111.51 86.5178 61.9839 43.8292 68.884 70.1783 87.4643 104.903 69.6419 71.5122 49.0408 92.6553 67.4294 108.617 110.982 101.343 86.9586 115.88 58.3095 132.824 89.4468 23.8537 101.134 85.703 56.0089 94.3663 74.0068 0.0 107.048 25.2389 96.2549 
29.4109 45.0444 75.3768 34.73 8.06226 74.2485 87.8465 86.4047 61.0328 18.3848 20.9716 76.9294 65.3368 69.4989 47.9955 42.3792 12.0416 45.6946 40.3632 69.5466 35.3412 50.7559 32.8024 42.0119 63.5138 54.4243 21.587 53.2855 36.2215 19.5804 87.4863 53.0094 33.2415 89.7144 40.6079 85.0 107.048 0.0 86.4129 44.4185 
57.4566 73.171 24.0832 56.48 93.0699 22.8473 74.6726 13.0 55.0273 90.8752 65.8831 40.1123 25.02 46.0435 44.9444 62.2656 84.2679 53.0377 53.1584 39.8246 67.424 42.2173 83.4086 85.7555 77.1364 62.2977 91.7502 40.0125 107.619 68.812 1.41421 76.3217 67.3998 38.0789 78.0 54.5711 25.2389 86.4129 0.0 71.1196 
33.5261 79.1595 52.3828 48.7362 52.4786 72.9932 44.3847 80.0562 83.2328 31.5753 36.3593 42.7865 64.4981 35.3553 26.5707 9.21954 33.1059 68.1319 62.3363 82.0244 10.0 32.3883 18.2483 15.6205 19.2094 13.6015 33.0606 62.3939 43.9659 38.833 72.4707 9.43398 66.356 55.5698 78.3628 47.0744 96.2549 44.4185 71.1196 0.0 
DEMAND_SCENARIO_SECTION
0 0 0 0 0 0 0 0 0 0 0 0 0 0 0 0 0 0 0 0 0 0 0 0 0 0 0 0 0 0 0 0 0 0 0 0 0 0 0 0 0 0 0 0 0 0 0 0 0 0 
3 6 4 7 5 2 5 0 4 5 4 7 7 3 3 3 5 6 4 4 4 2 8 6 1 3 3 6 2 3 2 0 2 3 4 4 1 4 3 7 2 0 5 5 6 2 8 6 2 2 
14 8 14 12 9 10 7 9 12 14 10 12 10 8 9 10 13 9 11 14 6 15 7 11 12 12 6 9 9 14 12 9 5 10 10 7 11 9 7 9 9 6 9 8 7 4 8 7 11 11 
4 4 4 1 3 4 3 5 7 0 5 5 5 0 7 1 6 8 1 6 5 4 6 5 4 4 0 2 4 6 8 4 9 12 4 4 1 5 2 4 3 7 2 7 4 8 2 0 6 7 
4 0 3 3 3 4 2 3 2 0 2 1 3 0 2 3 3 0 3 2 1 1 0 2 1 4 3 1 1 4 4 2 3 4 1 1 1 2 2 1 0 2 1 1 3 3 1 3 4 3 
6 12 6 7 5 6 1 5 3 4 9 5 6 6 4 9 5 1 1 9 5 5 4 5 5 4 1 4 9 7 0 2 5 2 5 5 5 7 4 3 5 1 5 4 6 6 4 4 5 7 
5 2 4 8 5 5 7 4 7 6 6 4 4 5 2 3 6 7 1 9 3 5 1 1 3 3 2 9 6 6 5 2 2 3 6 8 4 2 4 1 5 6 8 3 2 5 6 6 5 5 
3 2 2 3 2 4 2 0 3 1 5 2 0 4 0 1 0 2 1 2 2 3 3 1 4 1 2 2 1 2 4 1 0 2 3 2 1 3 0 5 2 1 1 1 0 3 6 3 1 3 
4 0 1 5 5 4 3 4 0 1 3 2 4 6 0 3 2 2 1 2 1 2 4 2 4 4 2 1 6 3 7 2 4 4 4 0 4 4 2 2 0 4 1 5 1 2 5 0 2 4 
7 6 2 4 8 9 1 6 5 6 8 5 6 6 10 10 5 4 5 7 7 6 7 10 6 10 5 6 3 5 7 12 9 4 6 3 7 8 8 8 6 9 7 4 10 7 0 3 6 4 
4 5 5 4 6 2 2 5 0 4 3 3 3 4 3 3 7 4 5 3 4 4 5 5 4 3 7 8 7 4 7 6 7 2 6 3 3 4 1 5 0 7 3 3 3 3 1 4 3 6 
1 0 2 1 2 1 3 0 2 0 3 2 4 2 0 3 1 1 0 2 1 1 1 0 2 0 1 1 2 2 0 1 1 1 3 2 2 1 0 2 1 2 2 1 0 0 0 1 2 0 
3 1 4 2 3 0 3 5 2 2 7 2 4 3 1 4 3 1 5 2 0 6 6 0 6 1 3 3 3 2 1 2 1 2 1 1 2 9 0 5 4 2 4 4 1 2 0 4 1 5 
5 7 8 1 5 7 7 8 10 7 9 3 6 2 5 9 9 8 6 7 6 2 6 5 7 6 3 4 4 6 7 7 14 5 5 8 5 9 8 9 7 6 7 7 6 6 4 8 8 6 
0 0 1 1 4 2 3 1 0 0 2 1 1 1 1 1 0 1 0 1 1 1 1 2 2 1 0 0 3 1 2 0 0 1 2 1 2 2 1 0 1 2 1 2 1 0 3 0 0 1 
7 8 12 9 9 6 12 11 11 4 4 3 12 6 2 6 6 10 6 9 6 9 9 10 6 7 12 6 10 11 1 4 7 10 6 6 6 12 9 8 6 8 7 10 6 6 7 3 12 11 
1 2 4 4 3 0 3 3 1 2 2 0 4 1 2 4 2 2 5 0 4 2 2 2 2 2 1 2 4 4 3 2 2 1 1 4 3 2 3 4 2 1 2 3 2 2 2 4 1 2 
4 1 4 3 6 3 2 3 0 3 3 2 1 2 2 2 4 2 2 0 1 5 1 2 1 3 1 0 2 2 1 0 2 3 2 1 1 3 4 1 3 1 0 2 1 1 3 4 0 1 
2 9 8 8 10 2 11 6 7 8 7 6 7 1 12 8 8 7 7 4 8 3 8 5 3 6 6 6 8 5 3 5 4 6 8 7 4 4 7 8 6 6 4 8 7 4 10 5 4 9 
5 6 5 8 3 10 9 6 8 8 9 2 7 7 3 2 9 7 6 10 8 6 4 2 6 6 9 3 6 3 9 6 4 10 8 2 8 4 10 10 14 8 7 3 1 3 5 8 5 6 
3 10 5 7 2 6 4 3 5 6 8 5 9 3 6 6 4 7 6 5 3 5 7 4 10 2 3 6 4 8 7 2 5 5 3 7 2 5 9 3 4 6 2 11 6 7 6 7 9 6 
12 15 14 9 11 10 17 6 12 14 9 7 11 11 13 5 10 6 14 11 7 7 11 15 11 14 9 10 13 8 14 8 7 11 10 15 9 9 12 11 8 16 11 13 12 8 5 6 12 11 
0 2 1 1 0 4 0 4 2 1 4 3 1 2 4 0 1 3 1 0 3 0 3 3 1 2 1 1 1 4 1 2 3 2 4 3 2 1 3 3 4 3 6 4 3 2 4 1 0 2 
0 7 3 5 4 5 4 5 9 6 6 4 4 5 9 3 7 8 3 7 7 3 8 4 7 2 5 4 5 6 4 4 1 4 8 3 5 2 8 4 3 6 4 6 2 3 5 5 4 4 
2 6 4 7 2 4 1 4 3 5 2 2 5 7 4 2 2 4 3 4 4 0 2 5 6 5 3 4 2 1 1 3 3 1 5 2 4 2 4 4 4 3 1 1 4 5 4 2 4 2 
11 9 7 12 6 11 12 8 10 6 2 11 14 10 6 7 9 6 10 5 6 11 13 14 6 4 4 16 9 6 9 14 8 13 5 9 7 8 7 16 12 13 13 8 10 12 4 7 12 9 
2 1 2 3 2 2 4 1 2 3 4 1 0 1 2 1 1 2 1 1 2 2 0 3 3 1 4 2 2 5 1 1 0 4 2 2 2 1 2 1 0 2 1 0 1 4 2 2 3 2 
2 4 2 1 5 2 1 3 2 2 0 2 5 4 2 2 3 3 4 6 1 6 5 2 3 4 3 0 2 4 0 4 4 2 2 4 4 5 4 5 3 2 5 4 3 3 2 5 2 7 
7 10 6 9 7 12 10 10 11 9 11 5 14 12 11 10 13 2 9 9 7 11 13 4 13 2 9 14 10 10 13 8 8 5 6 4 9 10 12 10 12 15 8 11 12 4 10 10 10 10 
14 5 8 11 11 6 9 8 15 14 11 14 9 2 10 4 6 10 7 13 6 11 9 11 5 11 10 11 8 9 8 6 10 4 10 11 7 10 11 12 5 7 5 12 13 12 9 12 12 12 
1 3 2 0 1 2 0 1 1 3 0 0 2 3 1 2 0 2 0 1 3 1 1 1 1 3 0 0 1 0 1 1 1 1 1 2 0 1 2 2 2 0 1 1 0 0 2 3 0 2 
1 2 3 3 2 5 3 1 4 2 1 3 1 1 0 2 0 2 3 1 5 3 2 2 3 0 3 3 0 5 0 2 0 2 5 1 4 1 2 0 1 3 2 3 2 3 3 2 1 3 
1 4 4 5 6 5 4 0 6 2 4 3 7 4 2 2 4 10 6 4 4 5 5 6 2 1 4 2 5 9 4 3 3 6 5 5 2 4 8 3 2 7 5 4 5 7 4 5 1 4 
1 4 3 2 7 3 0 2 1 5 2 5 1 4 3 3 8 4 3 5 7 6 1 4 2 6 3 3 2 2 4 5 4 3 8 0 2 3 5 5 2 7 4 3 5 4 9 1 3 6 
1 2 3 4 5 3 10 4 5 3 6 1 4 2 5 1 1 4 3 3 3 0 3 3 4 3 0 2 1 4 2 1 4 4 3 0 3 5 1 2 4 3 2 3 3 2 5 2 1 0 
3 5 7 3 3 4 3 7 8 5 7 4 7 7 1 3 3 5 3 5 0 6 7 7 2 2 10 4 5 5 7 3 6 4 9 6 6 7 2 5 4 4 4 5 3 3 3 3 7 7 
3 6 3 3 5 5 6 4 5 7 5 6 1 1 2 10 5 5 5 6 1 0 4 5 7 5 1 2 2 4 1 3 6 4 4 4 3 3 5 3 6 4 5 5 4 7 2 4 5 2 
11 8 8 9 7 7 9 8 14 11 9 3 5 5 3 6 3 8 8 7 9 12 8 9 11 16 10 7 6 9 11 3 7 11 9 8 12 6 9 5 9 12 9 12 9 7 6 10 5 10 
8 7 5 7 8 9 7 6 7 4 9 6 13 7 9 9 7 12 9 4 5 7 2 6 9 9 8 6 7 8 3 8 6 6 7 4 3 6 7 6 7 6 2 12 6 4 11 8 9 10 
3 3 3 5 6 6 4 5 6 2 5 0 1 0 6 5 4 6 4 7 3 6 5 6 1 3 3 2 1 2 6 6 4 5 4 4 2 5 6 6 4 2 1 5 4 4 5 6 5 5 
DEPOT_SECTION
 1
 -1
EOF
