NAME  : Parada_40_4_0.95_1.00_2
TYPE : SVRP
MODEL : FINITE_SUPPORT
NUMBER_OF_SCENARIOS : 50
DIMENSION : 40
EDGE_WEIGHT_TYPE : MATRIX
CAPACITY : 56
N_VEHICLES : 4
NODE_COORD_SECTION
1 122830 373380
2 224140 259160
3 320630 194650
4 181060 432870
5 559240 103420
6 155180 169510
7 90998 42938
8 269760 27917
9 207320 117570
10 249580 8980
11 302540 209290
12 116180 182880
13 129760 37911
14 433370 415220
15 310230 259570
16 633460 27561
17 451220 274240
18 286920 706220
19 296040 427750
20 59774 2766
21 365500 579380
22 77676 175910
23 381760 659370
24 271980 297560
25 170060 355350
26 171960 348370
27 136180 189070
28 309960 422400
29 492560 93367
30 134590 23325
31 371350 747430
32 302260 494710
33 219020 15021
34 117880 213220
35 403460 606330
36 253370 25366
37 644420 114790
38 385030 759570
39 418560 273860
40 27 18
DEMAND_SECTION
1 0.0
2 8.0
3 8.0
4 6.0
5 10.0
6 2.0
7 9.0
8 5.0
9 4.0
10 2.0
11 4.0
12 3.0
13 2.0
14 5.0
15 7.0
16 1.0
17 9.0
18 5.0
19 10.0
20 10.0
21 1.0
22 3.0
23 8.0
24 5.0
25 3.0
26 5.0
27 8.0
28 6.0
29 5.0
30 7.0
31 4.0
32 7.0
33 3.0
34 3.0
35 9.0
36 5.0
37 3.0
38 7.0
39 5.0
40 8.0
DISTANCE_MATRIX
0.0 22.3162 42.2385 15.2315 44.8291 29.7377 52.5127 54.3326 35.7712 47.6089 30.0 35.3553 56.5877 49.7293 38.0132 58.9367 48.5361 53.8238 34.4819 66.7246 34.0588 37.4842 43.382 26.8995 8.24264 8.36575 36.8923 34.176 37.9733 55.9824 57.2014 26.3059 49.0102 32.8433 40.4599 48.2614 57.6425 59.8164 55.2208 71.4513 
22.3162 0.0 22.3607 22.4999 66.8972 15.1327 37.6962 34.6824 15.8902 27.7279 36.8917 20.6155 39.9625 47.5184 43.382 81.0048 38.3275 72.4721 34.0226 49.0408 51.0876 29.4279 62.9956 7.61577 14.321 13.959 23.3452 32.2095 58.6922 38.833 73.0943 38.0727 29.1291 21.0 57.2737 28.3804 72.5844 75.9774 45.607 55.2268 
42.2385 22.3607 0.0 27.5958 85.6842 35.9026 55.1453 43.8634 26.0 22.8254 59.1692 40.3268 55.109 31.9061 65.7419 99.7918 17.0 74.6726 23.3238 61.6847 52.2398 51.2445 69.2874 18.3848 35.9257 35.5636 43.4266 21.095 78.8284 53.3667 68.7095 34.3657 18.3576 42.2019 56.8859 25.5539 94.7114 71.8679 24.0832 69.6419 
15.2315 22.4999 27.5958 0.0 58.0 32.249 55.5698 54.7429 35.9549 47.4278 44.5378 38.0789 58.6356 34.7131 52.2456 72.1388 33.9411 52.811 19.4165 68.2373 30.4631 42.9535 45.2769 27.0831 11.0454 12.0416 40.2492 18.9737 51.2861 57.7266 51.225 15.6205 43.0845 36.7696 36.2353 48.4451 70.9554 54.2033 40.4599 73.831 
44.8291 66.8972 85.6842 58.0 0.0 61.0053 70.4557 84.7709 73.0683 84.906 36.2215 62.2154 77.3175 88.9302 38.8973 14.1421 91.9348 57.5587 74.8394 87.6926 53.8516 51.0768 45.0999 71.4805 52.8236 52.9467 60.6022 75.2861 10.0 78.1633 72.0278 61.3809 93.5911 57.1252 57.8705 85.5579 17.0 73.0068 98.3107 87.3212 
29.7377 15.1327 35.9026 32.249 61.0053 0.0 23.3238 26.4764 12.3818 24.2074 27.2029 5.83095 26.8701 62.6498 31.8904 71.8067 52.6118 80.2034 48.8432 37.0135 59.4643 15.6525 70.5085 22.561 22.6716 21.9317 8.24621 47.3322 51.053 26.2488 82.0731 47.7074 25.6208 6.32456 65.7951 24.6982 64.846 84.8646 59.8415 41.8688 
52.5127 37.6962 55.1453 55.5698 70.4557 23.3238 0.0 20.5183 29.2746 35.6931 34.2345 17.4929 7.07107 84.6463 33.2415 80.025 72.111 102.978 71.4365 17.2627 82.2406 19.9249 93.2835 45.31 45.8039 45.0 15.6205 69.6234 60.531 8.544 104.995 71.0211 39.3192 19.799 88.5814 34.2053 70.5762 107.734 79.0253 19.2094 
54.3326 34.6824 43.8634 54.7429 84.7709 26.4764 20.5183 0.0 22.8035 21.1896 49.2443 23.0 15.6525 75.591 50.6952 95.5249 59.7746 104.709 65.3197 18.2483 83.3306 34.2053 95.0343 41.9545 46.5296 46.0652 24.1868 63.1699 74.8186 13.4164 105.337 70.3157 25.632 28.0179 89.5166 18.6815 87.3613 108.22 65.9697 27.0185 
35.7712 15.8902 26.0 35.9549 73.0683 12.3818 29.2746 22.8035 0.0 12.53 39.5628 14.8661 30.0832 61.4032 44.1988 83.8697 43.0 85.9271 48.4397 38.2753 64.5425 27.5754 76.4506 23.1623 27.776 27.4139 18.0278 46.6249 63.116 28.6356 86.5493 51.5277 13.4536 18.1623 70.7286 13.6015 76.9864 89.4323 50.04 45.1885 
47.6089 27.7279 22.8254 47.4278 84.906 24.2074 35.6931 21.1896 12.53 0.0 51.4004 25.6125 34.0 54.7083 55.8659 95.7074 38.6005 97.7648 44.7045 39.2938 72.0924 38.9487 88.2883 33.6316 39.6137 39.2517 28.6007 42.5546 74.9537 32.0156 89.0105 54.1979 4.47214 29.6985 76.7293 2.82843 88.8241 92.1549 44.911 47.676 
30.0 36.8917 59.1692 44.5378 36.2215 27.2029 34.2345 49.2443 39.5628 51.4004 0.0 27.313 41.1096 79.2077 8.06226 46.3897 74.5577 76.7033 63.9386 51.4782 60.1664 15.1327 65.67 42.1764 33.8179 32.8321 25.2982 63.2456 26.3059 42.0119 83.3185 56.1427 52.8018 22.3607 66.3405 51.8652 38.2753 85.5629 81.8242 51.5461 
35.3553 20.6155 40.3268 38.0789 62.2154 5.83095 17.4929 23.0 14.8661 25.6125 27.313 0.0 21.2603 68.0661 30.6105 73.0068 57.2189 85.821 54.6154 31.6228 65.0692 13.4536 76.1261 28.1603 28.4253 27.6586 3.16228 52.8023 52.2631 20.8087 87.7838 53.535 27.7849 5.09902 71.4213 25.4558 65.5515 90.5539 64.3817 36.1248 
56.5877 39.9625 55.109 58.6356 77.3175 26.8701 7.07107 15.6525 30.0832 34.0 41.1096 21.2603 0.0 85.9717 40.3113 87.0517 71.8471 107.053 73.0082 10.7703 86.3134 26.4764 97.3585 47.5079 49.5177 48.7955 20.2485 71.1935 67.369 2.23607 108.931 74.2085 38.0526 24.6982 92.6553 32.0624 77.6466 111.732 78.5175 15.2643 
49.7293 47.5184 31.9061 34.7131 88.9302 62.6498 84.6463 75.591 61.4032 54.7083 79.2077 68.0661 85.9717 0.0 86.8332 103.049 19.7231 59.4811 15.2971 93.1618 41.3401 76.0263 59.5399 40.2127 45.3982 46.3897 70.859 16.0312 83.6481 84.5418 47.0425 27.8029 50.2494 68.365 42.5441 57.4543 103.354 50.01 19.2354 100.923 
38.0132 43.382 65.7419 52.2456 38.8973 31.8904 33.2415 50.6952 44.1988 55.8659 8.06226 30.6105 40.3113 86.8332 0.0 47.0425 81.3616 84.5817 71.5681 50.01 68.0461 17.2047 70.5647 48.9803 41.4367 40.4475 28.0179 70.859 29.5466 41.5933 91.1968 64.195 57.4378 26.1725 74.2189 55.9732 37.3363 93.4413 88.6281 48.6621 
58.9367 81.0048 99.7918 72.1388 14.1421 71.8067 80.025 95.5249 83.8697 95.7074 46.3897 73.0068 87.0517 103.049 47.0425 0.0 106.075 67.0298 88.958 97.0052 66.4831 61.5224 55.4437 85.5881 66.9312 67.0543 71.3863 89.4083 22.3607 88.1419 82.8734 75.4995 97.1131 67.9117 69.9214 96.3593 12.2066 83.4865 112.45 95.5249 
48.5361 38.3275 17.0 33.9411 91.9348 52.6118 72.111 59.7746 43.0 38.6005 74.5577 57.2189 71.8471 19.7231 81.3616 106.075 0.0 74.3303 20.6155 77.8845 53.3667 67.6831 71.5681 32.6956 42.45 43.3656 60.2993 18.9737 85.2029 70.0357 64.4981 36.0555 34.2053 58.8558 56.4358 41.1096 104.872 67.6018 7.28011 86.122 
53.8238 72.4721 74.6726 52.811 57.5587 80.2034 102.978 104.709 85.9271 97.7648 76.7033 85.821 107.053 59.4811 84.5817 67.0298 74.3303 0.0 54.037 117.19 22.561 84.1167 13.0 77.0554 58.1808 58.6686 87.358 56.0089 59.7746 106.448 18.0278 40.3113 90.1619 83.309 18.0 98.4173 74.4312 17.4642 77.2787 121.917 
34.4819 34.0226 23.3238 19.4165 74.8394 48.8432 71.4365 65.3197 48.4397 44.7045 63.9386 54.6154 73.0082 15.2971 71.5681 88.958 20.6155 54.037 0.0 81.589 32.7567 61.2046 50.9608 26.6952 30.1496 31.1448 56.9976 2.23607 69.1158 71.6971 45.8803 15.6525 40.3612 53.9418 36.0555 47.5178 88.8369 49.0408 25.0599 88.2192 
66.7246 49.0408 61.6847 68.2373 87.6926 37.0135 17.2627 18.2483 38.2753 39.2938 51.4782 31.6228 10.7703 93.1618 50.01 97.0052 77.8845 117.19 81.589 0.0 96.4261 37.108 107.495 56.4005 59.4643 58.7963 30.8869 79.8632 77.7817 10.8167 118.802 83.8102 43.6807 35.3553 102.728 36.8782 87.2067 121.655 84.1724 9.21954 
34.0588 51.0876 52.2398 30.4631 53.8516 59.4643 82.2406 83.3306 64.5425 72.0924 60.1664 65.0692 86.3134 41.3401 68.0461 66.4831 53.3667 22.561 32.7567 96.4261 0.0 67.1278 18.3848 55.6708 37.0135 37.6431 66.6202 34.5254 52.1947 85.703 23.3238 18.0 67.7491 62.5713 6.40312 74.9058 70.406 25.807 57.2451 101.179 
37.4842 29.4279 51.2445 42.9535 51.0768 15.6525 19.9249 34.2053 27.5754 38.9487 15.1327 13.4536 26.4764 76.0263 17.2047 61.5224 67.6831 84.1167 61.2046 37.108 67.1278 0.0 73.0834 36.0555 32.0156 31.0483 10.8167 60.075 41.1245 27.1662 89.969 57.2451 40.8044 9.43398 73.4323 38.8973 53.1601 92.7848 74.9533 38.4708 
43.382 62.9956 69.2874 45.2769 45.0999 70.5085 93.2835 95.0343 76.4506 88.2883 65.67 76.1261 97.3585 59.5399 70.5647 55.4437 71.5681 13.0 50.9608 107.495 18.3848 73.0834 0.0 67.5789 48.7032 49.0408 77.6631 52.6308 46.8402 96.7532 27.4591 35.6931 89.6895 73.6141 17.6918 88.9408 62.0725 28.0713 75.6108 112.222 
26.8995 7.61577 18.3848 27.0831 71.4805 22.561 45.31 41.9545 23.1623 33.6316 42.1764 28.1603 47.5079 40.2127 48.9803 85.5881 32.6956 77.0554 26.6952 56.4005 55.6708 36.0555 67.5789 0.0 18.9042 18.5422 30.8058 24.8822 64.6246 46.3249 77.6775 42.656 29.2883 28.1603 61.8569 36.4449 77.6906 80.5606 39.9249 62.7694 
8.24264 14.321 35.9257 11.0454 52.8236 22.6716 45.8039 46.5296 27.776 39.6137 33.8179 28.4253 49.5177 45.3982 41.4367 66.9312 42.45 58.1808 30.1496 59.4643 37.0135 32.0156 48.7032 18.9042 0.0 1.0 30.2324 29.4279 45.9678 48.7955 59.4138 25.4951 41.0149 26.4197 43.2782 40.2662 65.637 62.2254 49.1347 64.5368 
8.36575 13.959 35.5636 12.0416 52.9467 21.9317 45.0 46.0652 27.4139 39.2517 32.8321 27.6586 48.7955 46.3897 40.4475 67.0543 43.3656 58.6686 31.1448 58.7963 37.6431 31.0483 49.0408 18.5422 1.0 0.0 29.4109 30.4138 46.0909 48.1041 60.1415 26.4008 40.6529 25.5539 43.9318 39.9041 65.7601 62.9365 50.0503 63.7809 
36.8923 23.3452 43.4266 40.2492 60.6022 8.24621 15.6205 24.1868 18.0278 28.6007 25.2982 3.16228 20.2485 70.859 28.0179 71.3863 60.2993 87.358 56.9976 30.8869 66.6202 10.8167 77.6631 30.8058 30.2324 29.4109 0.0 55.5544 50.6499 20.1246 89.3756 55.5698 30.8869 4.47214 72.9609 28.3196 63.5689 92.1139 67.4759 34.6554 
34.176 32.2095 21.095 18.9737 75.2861 47.3322 69.6234 63.1699 46.6249 42.5546 63.2456 52.8023 71.1935 16.0312 70.859 89.4083 18.9737 56.0089 2.23607 79.8632 34.5254 60.075 52.6308 24.8822 29.4279 30.4138 55.5544 0.0 69.3397 69.8823 48.0833 17.088 38.2113 52.658 38.0132 45.368 89.0449 51.2445 23.8537 86.4044 
37.9733 58.6922 78.8284 51.2861 10.0 51.053 60.531 74.8186 63.116 74.9537 26.3059 52.2631 67.369 83.6481 29.5466 22.3607 85.2029 59.7746 69.1158 77.7817 52.1947 41.1245 46.8402 64.6246 45.9678 46.0909 50.6499 69.3397 0.0 68.211 72.4431 56.4624 76.3594 47.1729 57.0 75.6056 19.7231 73.8241 91.7398 77.6209 
55.9824 38.833 53.3667 57.7266 78.1633 26.2488 8.544 13.4164 28.6356 32.0156 42.0119 20.8087 2.23607 84.5418 41.5933 88.1419 70.0357 106.448 71.6971 10.8167 85.703 27.1662 96.7532 46.3249 48.7955 48.1041 20.1246 69.8823 68.211 0.0 108.19 73.2995 36.1248 24.5967 92.0217 30.0167 78.9177 111.018 76.6551 16.5529 
57.2014 73.0943 68.7095 51.225 72.0278 82.0731 104.995 105.337 86.5493 89.0105 83.3185 87.7838 108.931 47.0425 91.1968 82.8734 64.4981 18.0278 45.8803 118.802 23.3238 89.969 27.4591 77.6775 59.4138 60.1415 89.3756 48.0833 72.4431 108.19 0.0 36.0555 84.6672 85.3281 17.0 91.8239 89.0225 3.16228 66.0076 123.907 
26.3059 38.0727 34.3657 15.6205 61.3809 47.7074 71.0211 70.3157 51.5277 54.1979 56.1427 53.535 74.2085 27.8029 64.195 75.4995 36.0555 40.3113 15.6525 83.8102 18.0 57.2451 35.6931 42.656 25.4951 26.4008 55.5698 17.088 56.4624 73.2995 36.0555 0.0 49.8546 51.8845 22.561 57.0113 76.0592 39.1152 40.7063 89.4036 
49.0102 29.1291 18.3576 43.0845 93.5911 25.6208 39.3192 25.632 13.4536 4.47214 52.8018 27.7849 38.0526 50.2494 57.4378 97.1131 34.2053 90.1619 40.3612 43.6807 67.7491 40.8044 89.6895 29.2883 41.0149 40.6529 30.8869 38.2113 76.3594 36.1248 84.6672 49.8546 0.0 31.4006 72.386 7.2111 90.2516 87.8116 40.6079 51.9711 
32.8433 21.0 42.2019 36.7696 57.1252 6.32456 19.799 28.0179 18.1623 29.6985 22.3607 5.09902 24.6982 68.365 26.1725 67.9117 58.8558 83.309 53.9418 35.3553 62.5713 9.43398 73.6141 28.1603 26.4197 25.5539 4.47214 52.658 47.1729 24.5967 85.3281 51.8845 31.4006 0.0 68.912 29.8329 60.5392 88.065 66.0984 38.9487 
40.4599 57.2737 56.8859 36.2353 57.8705 65.7951 88.5814 89.5166 70.7286 76.7293 66.3405 71.4213 92.6553 42.5441 74.2189 69.9214 56.4358 18.0 36.0555 102.728 6.40312 73.4323 17.6918 61.8569 43.2782 43.9318 72.9609 38.0132 57.0 92.0217 17.0 22.561 72.386 68.912 0.0 79.5427 74.6726 19.4165 59.6657 107.52 
48.2614 28.3804 25.5539 48.4451 85.5579 24.6982 34.2053 18.6815 13.6015 2.82843 51.8652 25.4558 32.0624 57.4543 55.9732 96.3593 41.1096 98.4173 47.5178 36.8782 74.9058 38.8973 88.9408 36.4449 40.2662 39.9041 28.3196 45.368 75.6056 30.0167 91.8239 57.0113 7.2111 29.8329 79.5427 0.0 89.4707 94.9683 47.2969 45.3982 
57.6425 72.5844 94.7114 70.9554 17.0 64.846 70.5762 87.3613 76.9864 88.8241 38.2753 65.5515 77.6466 103.354 37.3363 12.2066 104.872 74.4312 88.8369 87.2067 70.406 53.1601 62.0725 77.6906 65.637 65.7601 63.5689 89.0449 19.7231 78.9177 89.0225 76.0592 90.2516 60.5392 74.6726 89.4707 0.0 90.0056 111.409 85.0529 
59.8164 75.9774 71.8679 54.2033 73.0068 84.8646 107.734 108.22 89.4323 92.1549 85.5629 90.5539 111.732 50.01 93.4413 83.4865 67.6018 17.4642 49.0408 121.655 25.807 92.7848 28.0713 80.5606 62.2254 62.9365 92.1139 51.2445 73.8241 111.018 3.16228 39.1152 87.8116 88.065 19.4165 94.9683 90.0056 0.0 69.029 126.669 
55.2208 45.607 24.0832 40.4599 98.3107 59.8415 79.0253 65.9697 50.04 44.911 81.8242 64.3817 78.5175 19.2354 88.6281 112.45 7.28011 77.2787 25.0599 84.1724 57.2451 74.9533 75.6108 39.9249 49.1347 50.0503 67.4759 23.8537 91.7398 76.6551 66.0076 40.7063 40.6079 66.0984 59.6657 47.2969 111.409 69.029 0.0 92.5743 
71.4513 55.2268 69.6419 73.831 87.3212 41.8688 19.2094 27.0185 45.1885 47.676 51.5461 36.1248 15.2643 100.923 48.6621 95.5249 86.122 121.917 88.2192 9.21954 101.179 38.4708 112.222 62.7694 64.5368 63.7809 34.6554 86.4044 77.6209 16.5529 123.907 89.4036 51.9711 38.9487 107.52 45.3982 85.0529 126.669 92.5743 0.0 
DEMAND_SCENARIO_SECTION
0 0 0 0 0 0 0 0 0 0 0 0 0 0 0 0 0 0 0 0 0 0 0 0 0 0 0 0 0 0 0 0 0 0 0 0 0 0 0 0 0 0 0 0 0 0 0 0 0 0 
9 7 5 8 8 11 8 8 11 10 8 3 4 11 6 8 7 8 5 7 5 9 15 10 8 8 12 8 8 7 4 13 11 7 13 9 6 4 9 6 1 6 9 6 9 11 9 10 9 6 
10 5 7 6 11 11 9 10 12 4 8 10 16 7 6 10 11 3 8 9 6 10 5 9 8 7 7 12 5 9 7 10 5 10 5 9 10 9 7 7 8 10 7 7 10 11 3 6 10 5 
9 6 3 8 5 5 10 6 2 11 8 5 8 3 5 6 9 10 7 12 2 6 10 10 2 4 5 5 8 7 2 2 7 6 4 4 10 7 4 5 4 6 6 12 4 5 4 9 8 3 
6 10 11 10 11 10 12 14 6 14 4 9 15 10 8 6 9 10 12 12 11 17 8 11 18 6 9 11 9 6 8 8 10 7 9 7 6 8 7 5 11 11 12 7 12 5 11 7 6 7 
3 3 2 2 2 2 5 1 2 1 0 1 4 1 3 3 1 4 1 2 0 2 2 2 4 2 4 1 1 2 2 1 2 2 2 2 4 2 3 2 3 1 0 1 5 1 3 2 2 3 
4 7 15 4 12 10 8 12 8 12 7 12 8 11 12 10 11 4 11 11 10 4 11 11 5 12 7 13 14 6 7 4 8 9 0 6 8 4 15 9 10 8 8 7 9 12 8 8 9 6 
3 3 5 8 5 7 6 3 8 2 8 0 8 8 8 5 6 5 8 3 5 5 7 8 0 8 7 6 3 2 5 8 6 3 1 7 9 7 3 7 3 5 2 3 3 6 6 9 7 6 
7 0 6 5 4 3 5 5 3 5 4 4 3 2 7 2 6 3 0 5 4 4 4 2 8 1 4 7 6 3 5 4 3 0 3 3 6 5 2 0 5 3 2 8 6 2 5 2 3 5 
2 1 1 0 1 1 0 3 5 2 4 5 3 3 2 0 4 4 1 2 3 4 4 3 2 3 2 3 3 3 3 2 0 3 3 3 2 3 0 2 2 3 4 1 1 3 2 3 0 2 
5 3 2 4 7 2 4 4 5 7 4 4 6 1 6 3 3 6 4 4 8 6 5 5 6 2 4 7 3 3 1 8 5 6 5 3 6 4 9 6 0 7 2 5 1 5 6 2 4 4 
0 3 1 3 2 5 5 2 0 0 1 5 3 1 6 6 4 0 5 2 2 0 5 2 5 3 3 0 2 3 2 5 5 4 8 3 2 5 2 2 3 3 3 4 4 6 3 3 3 2 
1 3 2 0 4 3 0 2 3 3 2 3 1 7 0 1 3 2 1 1 1 1 3 3 2 3 2 3 3 2 3 3 3 3 3 5 2 2 4 1 2 5 2 1 3 1 0 0 4 3 
5 5 5 1 2 2 4 4 3 3 0 7 5 6 8 6 4 4 3 5 5 3 6 5 5 3 6 2 6 6 1 7 6 8 1 6 5 5 7 5 6 2 5 4 6 1 3 5 0 7 
7 6 4 5 9 7 9 9 8 10 6 5 1 7 6 7 10 7 3 9 5 6 9 4 7 15 9 8 6 7 5 7 9 5 3 6 12 6 5 4 9 7 4 1 4 6 3 7 5 6 
2 2 0 0 2 1 1 0 1 1 3 1 1 0 1 2 0 1 3 1 0 2 0 2 2 1 2 1 1 0 1 2 2 1 1 0 1 3 2 1 0 0 1 1 1 0 2 1 2 2 
8 9 6 9 5 11 6 17 10 9 12 11 7 15 7 11 10 9 13 9 11 4 8 7 8 8 6 8 8 9 14 9 7 6 11 14 6 9 5 16 11 10 3 8 8 5 9 11 12 7 
4 6 4 0 6 7 3 3 7 5 4 2 6 8 7 5 6 4 2 7 6 9 6 7 5 4 5 3 3 8 5 10 1 5 5 5 6 4 6 0 4 1 6 4 4 1 7 5 6 8 
13 14 13 11 6 10 11 12 9 9 8 6 4 6 9 14 14 13 11 7 15 11 13 13 9 11 8 12 11 5 8 10 8 7 13 16 10 12 11 12 9 9 5 11 9 11 8 9 6 12 
7 10 8 12 8 14 12 8 11 12 10 9 5 10 8 9 8 13 14 11 9 4 8 11 7 15 13 6 11 9 13 8 10 13 16 6 12 9 5 11 10 15 10 13 13 8 9 11 9 9 
2 0 2 1 0 0 1 2 1 2 1 0 1 2 0 1 0 1 0 3 1 1 1 0 0 2 0 1 1 0 2 1 3 1 3 1 0 2 2 1 0 1 1 0 1 1 0 0 0 2 
0 6 4 0 5 0 4 2 2 2 4 2 3 3 0 2 3 4 4 4 7 3 5 5 1 3 2 3 1 3 3 2 4 2 5 2 5 4 4 4 3 2 2 3 2 0 4 2 1 4 
8 7 9 7 9 4 4 1 8 9 4 8 11 6 6 5 6 10 8 7 11 10 11 5 7 8 6 10 7 9 12 8 12 11 7 5 11 7 9 11 8 6 9 5 13 4 4 12 6 10 
2 2 3 9 3 6 7 0 3 3 7 4 6 3 5 5 9 3 2 5 4 7 7 7 7 7 9 7 4 6 4 3 6 5 6 5 6 2 4 3 6 4 5 6 5 6 2 2 4 3 
5 2 5 3 3 2 1 5 4 6 2 1 2 1 2 0 0 4 2 5 1 2 3 3 1 5 4 0 5 6 3 5 2 5 0 5 0 3 5 4 4 2 2 3 4 2 1 4 4 5 
5 6 6 3 4 6 9 3 0 0 4 3 5 6 6 3 3 4 9 5 6 4 4 3 3 8 7 9 5 3 7 3 4 5 5 5 4 4 3 2 5 9 5 5 4 3 6 4 2 3 
5 11 5 6 9 6 9 9 9 10 17 8 11 3 10 9 10 4 8 10 8 5 10 4 11 11 7 11 9 7 14 2 9 9 6 12 10 11 5 4 9 10 9 10 12 4 11 8 10 8 
10 10 8 8 3 6 9 8 5 7 9 7 7 5 4 7 6 10 2 6 6 3 7 6 8 10 2 5 7 7 2 4 6 3 5 9 7 7 11 6 0 8 2 8 4 4 5 7 3 7 
6 5 4 6 5 4 7 4 6 6 1 6 7 6 6 7 6 3 1 8 6 1 2 5 2 5 2 6 7 5 7 5 6 7 5 4 5 5 1 2 6 5 4 8 7 4 8 5 5 3 
5 8 3 8 4 2 10 12 4 2 13 5 8 10 9 10 7 6 9 8 10 8 9 5 6 9 6 8 4 8 6 5 12 5 6 6 13 7 7 10 5 5 0 3 6 9 7 3 5 9 
3 7 6 4 4 6 3 4 5 4 3 3 3 3 5 0 2 1 1 3 2 6 5 0 5 5 1 2 1 4 1 4 7 3 3 3 5 6 4 4 3 7 6 6 3 2 5 5 3 5 
7 8 4 7 5 10 6 9 8 8 4 11 5 10 6 10 12 10 8 7 8 11 4 8 4 5 9 10 3 4 10 9 5 5 10 8 6 12 3 8 9 6 5 3 7 3 3 9 9 6 
2 0 5 3 4 5 3 3 2 5 5 5 3 5 3 2 3 4 5 6 5 5 2 3 1 5 5 4 0 3 3 0 4 8 4 0 4 6 5 4 4 1 2 1 0 1 4 3 4 5 
1 2 5 4 2 3 2 6 4 6 2 3 6 4 5 0 3 4 3 6 2 2 3 2 0 3 4 6 0 0 4 3 4 4 4 3 2 4 4 4 5 4 1 9 5 5 1 6 3 4 
12 11 14 3 13 15 7 5 5 9 6 5 9 11 11 11 12 9 6 11 12 10 7 6 7 8 15 11 7 10 4 10 11 8 12 12 7 8 9 11 9 10 14 7 13 9 8 12 4 9 
6 3 8 4 5 5 2 5 7 3 6 3 4 7 3 8 2 4 7 4 6 4 6 7 6 4 3 3 8 5 5 2 7 7 5 7 5 1 5 4 4 0 6 11 6 4 7 7 3 2 
3 6 1 5 5 3 6 3 2 4 2 4 2 4 4 1 3 4 0 2 2 2 2 2 5 3 3 4 3 3 5 3 3 3 0 2 4 3 5 1 2 5 3 2 2 2 6 3 5 3 
12 10 5 10 6 10 10 5 6 6 8 11 13 14 5 7 2 8 9 0 7 7 10 4 9 8 7 7 6 11 6 10 12 8 8 7 5 8 3 10 6 6 9 6 5 7 7 5 5 11 
2 5 4 4 8 6 6 3 5 6 7 8 8 5 6 4 4 2 6 4 7 5 7 9 1 7 4 7 7 8 9 2 3 3 2 4 7 5 6 8 5 5 0 5 4 3 2 2 7 10 
7 4 8 5 13 9 11 5 12 10 7 7 5 5 5 10 11 4 5 4 7 9 9 7 10 8 10 8 6 8 1 3 4 6 12 8 8 2 9 10 0 9 9 10 6 6 12 14 7 7 
DEPOT_SECTION
 1
 -1
EOF
