NAME  : Parada_40_4_0.95_1.00_5
TYPE : SVRP
MODEL : FINITE_SUPPORT
NUMBER_OF_SCENARIOS : 50
DIMENSION : 40
EDGE_WEIGHT_TYPE : MATRIX
CAPACITY : 53
N_VEHICLES : 4
NODE_COORD_SECTION
1 135810 218530
2 314140 555350
3 392340 451870
4 282810 712720
5 247970 18
6 148710 263790
7 158460 246710
8 317180 347250
9 52234 383220
10 311550 80075
11 366890 63650
12 186090 612030
13 458340 480990
14 278570 163500
15 322910 389300
16 324030 162810
17 224540 412620
18 147590 393670
19 156020 297660
20 27 447790
21 372060 679630
22 432880 571260
23 388400 485270
24 218410 268330
25 524960 233740
26 262650 259690
27 415370 488130
28 304880 576620
29 162420 150170
30 466210 191300
31 57774 513190
32 185690 290800
33 219110 19958
34 212110 315680
35 388540 703510
36 199740 488690
37 229350 443080
38 209510 618800
39 241870 531410
40 198390 189070
DEMAND_SECTION
1 0.0
2 8.0
3 4.0
4 4.0
5 6.0
6 7.0
7 1.0
8 8.0
9 9.0
10 10.0
11 3.0
12 9.0
13 8.0
14 1.0
15 2.0
16 6.0
17 8.0
18 1.0
19 3.0
20 1.0
21 2.0
22 7.0
23 1.0
24 4.0
25 7.0
26 7.0
27 4.0
28 5.0
29 4.0
30 4.0
31 8.0
32 5.0
33 8.0
34 2.0
35 9.0
36 7.0
37 8.0
38 2.0
39 1.0
40 10.0
DISTANCE_MATRIX
0.0 44.4227 32.5576 64.8906 65.5463 5.83095 7.81025 26.2945 33.2779 50.1456 41.7612 46.432 38.5876 17.4642 32.112 21.2603 47.2541 50.2173 46.8951 43.7842 58.8101 52.3259 32.6956 39.1237 45.756 36.3242 37.6563 47.2292 12.0416 36.9857 42.5419 18.9892 61.258 30.1709 59.4657 55.518 51.2104 44.369 47.7474 8.06226 
44.4227 0.0 33.1059 21.4709 67.2873 41.797 38.8652 21.095 68.4095 63.1506 86.118 54.2033 21.9317 60.9914 17.72 65.9836 25.1091 34.9285 41.0488 74.8993 23.7697 31.7805 25.9422 44.1475 89.5584 38.2753 34.6699 2.82843 47.8955 80.788 65.9214 63.341 66.0076 38.2753 20.5913 19.2354 21.1161 54.5619 10.8167 51.8147 
32.5576 33.1059 0.0 49.163 88.6397 27.1662 27.0 37.5914 39.3573 78.1025 63.6632 21.4009 14.0357 49.7293 43.3553 52.5096 59.5593 62.5226 61.7171 44.3847 37.108 22.6716 7.28011 60.407 75.3882 52.811 5.09902 34.176 41.0488 68.6844 34.1321 37.0545 85.7963 46.8722 40.1995 51.0912 67.0002 21.4709 43.2243 38.7245 
64.8906 21.4709 49.163 0.0 78.0897 60.4246 59.3331 41.0538 85.7821 78.3901 106.586 68.1542 35.3553 81.4593 36.6132 86.4515 38.9102 45.3542 55.1543 92.2659 18.3848 37.2156 42.0476 60.8928 110.026 57.1891 48.8365 18.7883 68.3635 101.256 83.006 83.8089 78.1025 58.142 12.0416 28.7924 35.3553 69.4262 23.0217 72.2827 
65.5463 67.2873 88.6397 78.0897 0.0 68.9823 66.0343 51.8652 94.921 18.6815 91.3618 107.912 84.9443 59.0762 51.1957 65.0 42.19 33.0606 27.2029 105.551 90.0 97.8621 84.164 28.8444 71.5891 36.3593 92.8493 69.1158 54.366 64.846 105.205 80.0562 5.09902 44.2041 85.0941 50.0899 46.1736 106.33 58.0 66.5309 
5.83095 41.797 27.1662 60.4246 68.9823 0.0 3.0 22.561 38.3743 53.7464 46.8626 42.3792 32.7567 23.2594 28.3961 27.0185 43.5548 46.518 43.1959 48.8806 53.1238 46.5188 26.9258 40.1921 51.587 32.6249 32.249 44.0957 14.8661 42.8167 44.0518 24.0856 65.6629 25.7526 53.7794 51.802 47.0685 40.337 44.0315 13.4536 
7.81025 38.8652 27.0 59.3331 66.0343 3.0 0.0 19.6469 40.8167 54.1231 49.305 43.4626 31.305 24.6982 25.4642 29.0 40.4544 43.5701 40.2479 51.323 51.0883 45.31 25.9615 37.2441 53.2085 29.677 32.0156 41.6717 14.1421 44.4382 45.3299 26.528 62.7149 22.8046 51.7439 48.8702 44.4107 41.5933 41.0997 15.8114 
26.2945 21.095 37.5914 41.0538 51.8652 22.561 19.6469 0.0 59.545 44.0114 68.0598 57.8418 33.6239 41.773 6.08276 46.7652 22.0696 25.0328 24.6982 70.0513 44.3847 47.0425 32.9118 25.02 65.5025 18.1108 41.6315 23.8537 28.6771 56.7321 61.8029 45.2563 49.4773 17.2047 41.6773 30.572 26.0259 56.798 22.8015 34.3125 
33.2779 68.4095 39.3573 85.7821 94.921 38.3743 40.8167 59.545 0.0 78.5684 28.2312 35.8469 52.5547 37.2022 65.3625 33.5958 80.5046 83.4678 76.9424 10.6301 75.9605 61.5873 44.9444 68.5028 48.0104 64.8927 42.72 69.456 43.566 44.911 15.0333 14.8661 90.5539 59.55 78.233 88.7685 84.4609 32.249 78.4841 28.4253 
50.1456 63.1506 78.1025 78.3901 18.6815 53.7464 54.1231 44.0114 78.5684 0.0 72.6972 96.0652 77.1038 41.7732 45.5412 47.2017 39.6389 34.4093 23.2594 89.1403 86.885 91.0055 74.8131 19.105 52.9528 26.0192 82.7647 65.5134 38.9652 46.1736 89.627 63.7809 13.6015 31.3209 83.1211 49.6588 43.5952 94.0304 56.1269 50.6063 
41.7612 86.118 63.6632 106.586 91.3618 46.8626 49.305 68.0598 28.2312 72.6972 0.0 63.9531 76.2096 37.6696 73.8773 33.5738 89.0194 88.3429 78.2952 33.1361 99.6059 86.3343 68.5943 70.8715 25.0599 67.2614 67.897 88.9245 48.976 26.9072 42.72 27.2029 86.2959 61.9187 100.621 97.2833 92.9757 60.3738 89.5128 33.9838 
46.432 54.2033 21.4009 68.1542 107.912 42.3792 43.4626 57.8418 35.8469 96.0652 63.9531 0.0 33.2415 61.131 63.6058 61.0737 79.8097 82.773 81.5414 35.3836 53.1507 34.0588 28.3019 79.177 80.8084 71.5891 19.6977 55.0091 57.2451 75.5613 23.3452 41.5933 104.657 64.7467 57.7062 72.1526 83.7661 3.60555 64.2857 49.163 
38.5876 21.9317 14.0357 35.3553 84.9443 32.7567 31.305 33.6239 52.5547 77.1038 76.2096 33.2415 0.0 55.9464 33.8378 59.6406 53.2031 56.1663 57.7883 58.2495 23.4094 14.3178 7.61577 58.3128 84.3434 51.0882 13.6015 22.2036 43.8287 75.5731 48.1664 49.6008 82.8743 47.2652 26.1725 40.6079 57.1594 34.2053 32.5576 45.8599 
17.4642 60.9914 49.7293 81.4593 59.0762 23.2594 24.6982 41.773 37.2022 41.7732 37.6696 61.131 55.9464 0.0 47.1627 7.0 50.7235 51.6987 41.651 47.634 75.7865 69.7782 50.1597 34.2053 28.5748 30.6172 54.8179 63.7979 16.5529 19.8045 49.6588 22.8254 54.4059 25.2745 76.4421 60.8888 54.6799 58.3095 63.2259 12.0 
32.112 17.72 43.3553 36.6132 51.1957 28.3961 25.4642 6.08276 65.3625 45.5412 73.8773 63.6058 33.8378 47.1627 0.0 52.5827 19.4168 22.3801 24.1868 75.8887 41.4849 46.6905 36.4786 26.4764 70.201 20.6155 45.2982 20.2485 40.8788 61.4306 67.5668 51.0738 49.366 21.9317 38.0789 26.1314 23.3732 62.5619 18.3609 40.13 
21.2603 65.9836 52.5096 86.4515 65.0 27.0185 29.0 46.7652 33.5958 47.2017 33.5738 61.0737 59.6406 7.0 52.5827 0.0 57.5903 58.5655 48.5178 43.7855 80.0663 73.1004 53.3831 41.0 25.3305 37.484 57.5878 68.7901 23.0868 16.5602 47.1275 20.3961 60.208 32.1413 80.7219 67.7556 61.5467 58.0086 68.2181 13.8924 
47.2541 25.1091 59.5593 38.9102 42.19 43.5548 40.4544 22.0696 80.5046 39.6389 89.0194 79.8097 53.2031 50.7235 19.4168 57.5903 0.0 10.8167 16.5008 91.0109 48.1664 65.7373 55.8394 22.1284 73.7562 20.3306 64.6591 27.0 44.4396 64.8821 83.7708 66.2159 41.0122 27.1897 43.7379 10.6301 4.0 78.7659 16.4924 55.272 
50.2173 34.9285 62.5226 45.3542 33.0606 46.518 43.5701 25.0328 83.4678 34.4093 88.3429 82.773 56.1663 51.6987 22.3801 58.5655 10.8167 0.0 12.2066 93.9741 57.0351 66.5579 58.8027 20.1246 74.2159 21.095 67.6223 36.4966 45.4148 65.5134 86.734 69.1791 32.7567 29.0689 52.0384 17.0294 14.3178 81.7291 25.0799 58.2353 
46.8951 41.0488 61.7171 55.1543 27.2029 43.1959 40.2479 24.6982 76.9424 23.2594 78.2952 81.5414 57.7883 41.651 24.1868 48.5178 16.5008 12.2066 0.0 87.4487 64.5562 70.859 57.0765 8.24621 62.9682 12.083 65.7962 43.1906 35.3671 54.4518 86.2064 61.065 25.1794 21.0238 60.2382 26.4008 20.4571 80.2122 32.9888 47.532 
43.7842 74.8993 44.3847 92.2659 105.551 48.8806 51.323 70.0513 10.6301 89.1403 33.1361 35.3836 58.2495 47.634 75.8887 43.7855 91.0109 93.9741 87.4487 0.0 81.4923 65.3911 50.8035 79.1329 55.7315 76.4149 46.8188 75.9459 54.0833 53.7587 12.0416 25.4951 101.178 70.1801 84.3445 99.2947 96.0491 31.8904 84.974 39.0512 
58.8101 23.7697 37.108 18.3848 90.0 53.1238 51.0883 44.3847 75.9605 86.885 99.6059 53.1507 23.4094 75.7865 41.4849 80.0663 48.1664 57.0351 64.5562 81.4923 0.0 19.9249 31.0161 67.9117 104.353 61.9839 35.2278 21.3776 62.6906 95.5831 71.0211 72.9972 89.1403 61.2832 6.40312 40.1123 44.1814 55.0091 32.0 66.5648 
52.3259 31.7805 22.6716 37.2156 97.8621 46.5188 45.31 47.0425 61.5873 91.0055 86.3343 34.0588 14.3178 69.7782 46.6905 73.1004 65.7373 66.5579 70.859 65.3911 19.9249 0.0 19.7231 72.0625 98.0056 65.0 18.868 30.8869 58.0751 89.2353 54.0833 59.7256 96.026 61.5224 25.4951 50.9902 52.7295 36.3456 42.4853 59.3153 
32.6956 25.9422 7.28011 42.0476 84.164 26.9258 25.9615 32.9118 44.9444 74.8131 68.5943 28.3019 7.61577 50.1597 36.4786 53.3831 55.8394 58.8027 57.0765 50.8035 31.0161 19.7231 0.0 56.5155 78.3055 49.0306 9.21954 26.9258 39.3192 69.5352 41.0122 41.9856 81.6088 44.0454 33.541 43.8868 59.7958 28.6356 36.0198 39.598 
39.1237 44.1475 60.407 60.8928 28.8444 40.1921 37.2441 25.02 68.5028 19.105 70.8715 79.177 58.3128 34.2053 26.4764 41.0 22.1284 20.1246 8.24621 79.1329 67.9117 72.0625 56.5155 0.0 54.7449 7.61577 64.846 46.5725 27.9434 46.2709 78.7826 53.6412 25.4951 15.5563 64.2325 32.2937 26.0848 77.5395 38.6164 40.1083 
45.756 89.5584 75.3882 110.026 71.5891 51.587 53.2085 65.5025 48.0104 52.9528 25.0599 80.8084 84.3434 28.5748 70.201 25.3305 73.7562 74.2159 62.9682 55.7315 104.353 98.0056 78.3055 54.7449 0.0 53.4509 79.7391 92.3649 44.1919 8.94427 63.0 39.2938 66.4906 48.3072 105.009 83.9215 77.7126 77.4661 88.2023 39.0015 
36.3242 38.2753 52.811 57.1891 36.3593 32.6249 29.677 18.1108 64.8927 26.0192 67.2614 71.5891 51.0882 30.6172 20.6155 37.484 20.3306 21.095 12.083 76.4149 61.9839 65.0 49.0306 7.61577 53.4509 0.0 57.28 40.8534 24.3333 44.643 75.1725 50.0311 33.1059 8.94427 58.6941 30.4959 24.2869 69.9714 38.9368 36.4982 
37.6563 34.6699 5.09902 48.8365 92.8493 32.249 32.0156 41.6315 42.72 82.7647 67.897 19.6977 13.6015 54.8179 45.2982 57.5878 64.6591 67.6223 65.7962 46.8188 35.2278 18.868 9.21954 64.846 79.7391 57.28 0.0 35.3553 46.0109 73.7626 35.9026 41.4053 90.1388 51.6236 39.0128 52.7064 68.6155 20.6155 44.8219 43.8027 
47.2292 2.82843 34.176 18.7883 69.1158 44.0957 41.6717 23.8537 69.456 65.5134 88.9245 55.0091 22.2036 63.7979 20.2485 68.7901 27.0 36.4966 43.1906 75.9459 21.3776 30.8869 26.9258 46.5725 92.3649 40.8534 35.3553 0.0 50.702 83.5945 66.968 66.1475 68.0074 41.0488 17.8885 20.2485 23.0 55.5428 11.7047 54.6212 
12.0416 47.8955 41.0488 68.3635 54.366 14.8661 14.1421 28.6771 43.566 38.9652 48.976 57.2451 43.8287 16.5529 40.8788 23.0868 44.4396 45.4148 35.3671 54.0833 62.6906 58.0751 39.3192 27.9434 44.1919 24.3333 46.0109 50.702 0.0 35.4215 52.841 29.0689 50.0776 18.9906 63.3462 54.6049 48.396 55.1998 50.1301 15.8114 
36.9857 80.788 68.6844 101.256 64.846 42.8167 44.4382 56.7321 44.911 46.1736 26.9072 75.5613 75.5731 19.8045 61.4306 16.5602 64.8821 65.5134 54.4518 53.7587 95.5831 89.2353 69.5352 46.2709 8.94427 44.643 73.7626 83.5945 35.4215 0.0 59.5399 34.0588 59.7746 39.433 96.2387 75.0474 68.8384 72.3429 79.4319 30.2312 
42.5419 65.9214 34.1321 83.006 105.205 44.0518 45.3299 61.8029 15.0333 89.627 42.72 23.3452 48.1664 49.6588 67.5668 47.1275 83.7708 86.734 86.2064 12.0416 71.0211 54.0833 41.0122 78.7826 63.0 75.1725 35.9026 66.968 52.841 59.5399 0.0 26.9258 100.917 69.8298 74.3303 90.9727 87.7271 19.8494 75.9961 39.1152 
18.9892 63.341 37.0545 83.8089 80.0562 24.0856 26.528 45.2563 14.8661 63.7809 27.2029 41.5933 49.6008 22.8254 51.0738 20.3961 66.2159 69.1791 61.065 25.4951 72.9972 59.7256 41.9856 53.6412 39.2938 50.0311 41.4053 66.1475 29.0689 34.0588 26.9258 0.0 75.6902 44.6884 75.2632 74.4798 70.1722 38.3275 66.7092 13.6015 
61.258 66.0076 85.7963 78.1025 5.09902 65.6629 62.7149 49.4773 90.5539 13.6015 86.2959 104.657 82.8743 54.4059 49.366 60.208 41.0122 32.7567 25.1794 101.178 89.1403 96.026 81.6088 25.4951 66.4906 33.1059 90.1388 68.0074 50.0776 59.7746 100.917 75.6902 0.0 40.4969 84.4808 49.6488 45.0111 103.01 57.2189 62.2254 
30.1709 38.2753 46.8722 58.142 44.2041 25.7526 22.8046 17.2047 59.55 31.3209 61.9187 64.7467 47.2652 25.2745 21.9317 32.1413 27.1897 29.0689 21.0238 70.1801 61.2832 61.5224 44.0454 15.5563 48.3072 8.94427 51.6236 41.0488 18.9906 39.433 69.8298 44.6884 40.4969 0.0 58.8303 37.3551 31.1461 63.1 39.8897 31.1555 
59.4657 20.5913 40.1995 12.0416 85.0941 53.7794 51.7439 41.6773 78.233 83.1211 100.621 57.7062 26.1725 76.4421 38.0789 80.7219 43.7379 52.0384 60.2382 84.3445 6.40312 25.4951 33.541 64.2325 105.009 58.6941 39.0128 17.8885 63.3462 96.2387 74.3303 75.2632 84.4808 58.8303 0.0 35.0143 39.8121 59.3043 27.2947 67.2204 
55.518 19.2354 51.0912 28.7924 50.0899 51.802 48.8702 30.572 88.7685 49.6588 97.2833 72.1526 40.6079 60.8888 26.1314 67.7556 10.6301 17.0294 26.4008 99.2947 40.1123 50.9902 43.8868 32.2937 83.9215 30.4959 52.7064 20.2485 54.6049 75.0474 90.9727 74.4798 49.6488 37.3551 35.0143 0.0 8.06226 72.5185 8.544 63.5359 
51.2104 21.1161 67.0002 35.3553 46.1736 47.0685 44.4107 26.0259 84.4609 43.5952 92.9757 83.7661 57.1594 54.6799 23.3732 61.5467 4.0 14.3178 20.4571 96.0491 44.1814 52.7295 59.7958 26.0848 77.7126 24.2869 68.6155 23.0 48.396 68.8384 87.7271 70.1722 45.0111 31.1461 39.8121 8.06226 0.0 82.7222 12.6491 59.2284 
44.369 54.5619 21.4709 69.4262 106.33 40.337 41.5933 56.798 32.249 94.0304 60.3738 3.60555 34.2053 58.3095 62.5619 58.0086 78.7659 81.7291 80.2122 31.8904 55.0091 36.3456 28.6356 77.5395 77.4661 69.9714 20.6155 55.5428 55.1998 72.3429 19.8494 38.3275 103.01 63.1 59.3043 72.5185 82.7222 0.0 64.6515 46.3897 
47.7474 10.8167 43.2243 23.0217 58.0 44.0315 41.0997 22.8015 78.4841 56.1269 89.5128 64.2857 32.5576 63.2259 18.3609 68.2181 16.4924 25.0799 32.9888 84.974 32.0 42.4853 36.0198 38.6164 88.2023 38.9368 44.8219 11.7047 50.1301 79.4319 75.9961 66.7092 57.2189 39.8897 27.2947 8.544 12.6491 64.6515 0.0 55.7654 
8.06226 51.8147 38.7245 72.2827 66.5309 13.4536 15.8114 34.3125 28.4253 50.6063 33.9838 49.163 45.8599 12.0 40.13 13.8924 55.272 58.2353 47.532 39.0512 66.5648 59.3153 39.598 40.1083 39.0015 36.4982 43.8027 54.6212 15.8114 30.2312 39.1152 13.6015 62.2254 31.1555 67.2204 63.5359 59.2284 46.3897 55.7654 0.0 
DEMAND_SCENARIO_SECTION
0 0 0 0 0 0 0 0 0 0 0 0 0 0 0 0 0 0 0 0 0 0 0 0 0 0 0 0 0 0 0 0 0 0 0 0 0 0 0 0 0 0 0 0 0 0 0 0 0 0 
6 8 9 12 8 10 6 12 5 7 6 7 5 7 9 9 5 6 3 3 8 9 9 7 9 6 7 8 4 5 6 7 12 9 5 12 4 2 5 6 4 8 5 13 8 11 9 5 6 10 
5 3 6 8 6 3 4 3 6 3 3 4 2 4 4 1 3 2 1 5 0 5 6 6 3 2 0 6 2 7 9 2 3 3 8 4 2 2 7 4 1 3 5 6 7 4 6 5 3 2 
2 5 7 4 3 3 1 5 3 6 5 3 5 6 5 5 8 9 8 3 1 5 4 5 7 4 4 4 0 6 2 4 2 6 3 8 5 3 5 9 4 4 2 5 4 4 3 4 6 3 
2 9 5 7 8 5 6 8 8 7 2 9 10 3 6 7 4 7 5 9 8 4 4 5 5 4 3 5 11 9 5 4 6 4 1 1 3 10 7 7 2 11 4 6 3 4 7 7 8 7 
7 8 8 8 9 6 6 14 5 9 8 8 8 8 9 9 7 6 7 6 7 9 1 4 11 8 9 8 11 13 3 6 10 6 5 7 10 13 9 5 8 7 7 10 7 5 10 12 12 6 
2 1 1 1 0 1 1 0 2 1 1 0 0 1 3 2 0 1 1 2 1 2 2 0 0 2 1 3 0 2 2 1 0 2 1 2 3 0 0 0 1 0 1 3 2 2 0 0 0 2 
7 11 5 11 10 11 12 7 7 7 11 11 10 14 5 12 10 8 12 6 10 5 9 8 8 6 12 11 2 10 8 9 7 6 9 12 3 9 10 6 2 10 10 9 8 11 10 4 10 12 
12 9 12 12 13 4 7 10 8 4 4 5 8 11 9 6 6 12 14 6 12 9 13 6 14 10 14 12 11 9 9 13 10 9 11 8 7 14 11 14 9 5 8 8 9 9 8 8 13 8 
6 14 7 7 9 10 10 7 16 12 9 12 14 11 6 10 10 15 10 11 12 9 10 10 7 10 3 13 9 11 9 10 5 7 6 8 11 5 10 10 9 11 13 14 4 12 8 8 7 4 
6 1 1 2 2 1 4 2 3 0 3 0 4 4 1 1 4 1 0 4 4 4 4 2 3 4 4 4 3 4 4 1 1 4 2 6 0 4 4 6 5 0 2 1 1 1 3 4 3 2 
8 8 14 9 10 5 7 10 14 12 8 7 5 9 14 12 8 11 5 7 9 13 6 8 13 11 11 9 6 3 12 14 11 9 6 3 11 9 1 11 6 8 10 7 11 10 8 10 7 11 
6 8 10 7 14 10 11 7 14 8 9 6 4 4 12 7 11 5 9 8 4 5 10 5 18 6 11 7 10 9 6 6 7 7 7 8 11 4 11 10 8 6 13 7 8 8 6 5 10 4 
0 1 2 0 2 2 1 0 1 4 1 1 3 2 1 1 2 1 1 2 2 2 1 3 1 2 3 0 3 1 1 1 0 1 2 0 1 3 0 2 2 2 0 2 1 2 3 1 3 4 
1 1 2 2 0 4 0 3 0 2 2 3 1 3 1 4 1 1 2 1 4 3 4 3 0 3 1 3 3 4 0 1 2 2 2 1 0 2 3 0 0 4 3 1 2 2 2 3 0 1 
6 5 9 5 4 5 8 4 5 5 4 8 9 5 1 3 10 12 8 6 6 4 2 5 6 4 4 9 11 5 5 1 3 4 5 6 9 6 7 5 10 4 6 6 8 5 6 7 10 6 
11 9 7 11 8 5 12 12 9 9 9 7 8 11 8 4 6 12 9 8 7 8 7 7 9 12 11 10 3 10 7 8 7 7 5 11 12 11 5 6 6 8 12 8 3 2 10 13 10 9 
0 0 2 0 1 2 1 0 0 1 1 0 1 0 0 2 1 1 2 1 2 1 0 3 0 1 2 2 0 1 1 2 1 0 2 0 2 1 2 3 1 2 0 2 1 1 2 1 3 2 
4 4 3 4 4 5 5 5 1 5 4 5 4 2 4 3 3 3 3 1 5 2 2 3 5 3 5 2 1 2 0 3 3 5 1 2 3 2 4 5 4 5 0 1 5 4 2 3 1 0 
2 1 3 1 2 2 0 0 2 1 1 0 0 0 1 1 1 3 1 0 2 1 2 0 2 0 0 3 1 0 0 2 0 2 1 2 1 0 1 3 0 0 1 1 1 0 0 2 2 2 
5 2 3 2 2 3 5 4 4 2 0 1 3 1 2 1 0 2 3 1 3 5 1 3 2 3 4 2 0 3 4 3 1 1 2 0 1 3 2 0 0 4 2 1 3 2 3 5 5 0 
8 3 3 10 10 6 7 10 6 11 7 6 6 3 3 5 9 4 6 14 9 8 10 7 5 11 12 9 8 9 8 4 7 7 10 6 6 5 7 6 8 8 5 6 2 7 4 7 7 6 
2 0 1 1 2 0 2 2 0 2 4 0 3 0 2 1 1 2 2 2 0 1 2 0 1 0 1 0 1 0 2 0 0 3 0 2 0 1 0 0 0 0 1 0 0 2 0 1 1 1 
2 3 3 3 3 7 0 3 5 2 4 5 6 5 4 3 7 6 7 2 5 5 6 4 5 1 5 2 2 6 2 6 6 8 2 4 0 9 6 6 8 1 6 5 2 6 5 2 3 4 
10 7 8 11 6 9 3 4 10 8 8 8 5 5 9 10 13 9 7 9 7 7 2 7 10 4 4 10 10 7 6 7 9 6 8 8 7 15 7 6 9 8 7 8 3 8 11 10 7 6 
8 8 5 9 8 7 9 10 0 7 4 0 4 4 3 6 9 9 9 5 5 7 4 7 9 11 6 6 4 9 8 8 8 6 7 7 6 8 5 8 9 7 3 7 7 5 6 13 10 8 
3 3 0 0 4 6 3 0 5 7 7 4 2 4 2 6 4 3 4 5 1 10 5 0 3 3 6 6 4 4 0 5 6 6 6 1 8 5 1 3 5 6 4 4 5 5 3 5 4 3 
1 3 3 5 5 0 4 9 4 5 4 4 9 9 6 5 7 0 9 6 5 4 10 7 2 3 5 5 7 6 5 6 6 3 6 3 3 4 6 7 4 8 3 1 3 9 1 4 5 5 
4 5 3 8 4 5 4 5 5 4 3 2 6 1 3 5 3 6 8 2 6 3 2 7 2 0 0 6 6 0 1 6 5 4 6 6 2 6 6 5 4 5 1 5 4 2 3 5 1 7 
2 6 6 5 3 6 0 3 6 4 4 0 3 3 8 5 4 7 7 7 6 2 4 5 4 6 6 9 2 5 3 4 5 3 5 7 5 7 5 4 3 7 2 4 5 4 4 5 4 1 
8 13 7 4 6 6 7 11 9 8 12 5 4 5 11 5 3 8 9 11 7 8 12 5 5 6 5 8 10 10 10 7 6 7 5 8 5 10 8 10 9 8 6 8 9 5 4 12 6 12 
2 6 5 2 8 10 10 3 2 6 4 5 7 8 6 4 3 6 7 4 5 3 6 4 7 2 8 10 7 3 9 8 8 3 4 4 2 8 4 7 9 10 3 5 5 4 9 7 10 6 
5 5 4 6 13 7 15 5 10 9 9 12 6 6 4 9 8 10 7 13 6 9 10 2 9 10 5 10 5 12 4 11 9 8 8 9 3 4 6 7 6 8 11 6 9 5 5 9 6 10 
0 1 3 1 2 1 2 4 4 2 3 0 0 3 1 3 1 0 3 2 2 3 3 3 2 1 0 2 1 3 0 1 2 3 0 5 2 2 2 0 1 5 1 2 1 1 3 2 2 1 
7 12 11 14 8 13 12 7 12 8 4 11 3 8 13 1 11 12 14 8 9 9 7 16 5 7 11 11 9 8 11 0 14 12 9 12 12 8 8 10 12 15 9 5 12 7 10 12 9 9 
3 8 8 4 6 10 8 4 7 8 13 5 9 1 7 9 11 4 5 10 7 6 4 5 6 8 8 6 8 6 10 9 7 9 10 6 6 6 5 9 8 7 11 6 8 8 9 8 11 5 
8 12 8 8 11 5 10 6 5 9 7 12 13 7 4 7 8 6 6 8 10 6 12 8 9 10 5 9 5 10 5 9 10 10 9 9 5 8 12 11 8 2 3 12 10 10 7 7 4 1 
4 2 2 4 2 2 2 3 4 2 1 2 3 2 4 1 0 6 3 2 4 2 2 2 3 3 1 2 3 4 4 2 0 1 0 0 2 3 3 1 0 1 3 2 0 0 2 1 0 2 
2 1 0 0 0 1 2 0 0 2 1 0 0 1 1 2 0 1 2 1 2 2 3 1 1 2 0 3 1 3 2 1 3 1 0 3 2 1 2 0 2 3 1 2 2 0 0 0 2 0 
11 13 13 7 11 8 13 10 10 6 17 8 6 8 9 9 16 5 9 6 13 10 9 8 4 11 19 9 10 10 13 4 11 9 13 10 6 8 10 12 14 11 8 3 12 8 16 8 13 10 
DEPOT_SECTION
 1
 -1
EOF
