NAME  : Parada_40_4_0.95_1.00_6
TYPE : SVRP
MODEL : FINITE_SUPPORT
NUMBER_OF_SCENARIOS : 50
DIMENSION : 40
EDGE_WEIGHT_TYPE : MATRIX
CAPACITY : 56
N_VEHICLES : 4
NODE_COORD_SECTION
1 486920 374130
2 729700 185170
3 501570 367390
4 175690 376290
5 820670 278910
6 266130 638780
7 177030 343280
8 446830 511120
9 831080 172480
10 525740 177630
11 264630 189260
12 141490 510780
13 564290 353750
14 617390 207480
15 597570 476030
16 663840 177640
17 474910 540860
18 270090 346840
19 691600 186890
20 423170 178090
21 137260 240620
22 312140 26122
23 473090 636330
24 509260 572610
25 509830 260620
26 5534 342950
27 299230 396990
28 55312 349340
29 588190 255500
30 394680 18
31 515080 492400
32 349290 51505
33 505380 69551
34 27 376300
35 806610 322410
36 708720 165810
37 798590 298330
38 318290 602690
39 438000 511080
40 389370 615010
DEMAND_SECTION
1 0.0
2 2.0
3 3.0
4 2.0
5 10.0
6 1.0
7 7.0
8 4.0
9 10.0
10 9.0
11 8.0
12 4.0
13 2.0
14 7.0
15 4.0
16 6.0
17 2.0
18 6.0
19 6.0
20 7.0
21 3.0
22 8.0
23 4.0
24 5.0
25 3.0
26 5.0
27 6.0
28 7.0
29 10.0
30 3.0
31 4.0
32 10.0
33 9.0
34 7.0
35 10.0
36 9.0
37 2.0
38 1.0
39 5.0
40 3.0
DISTANCE_MATRIX
0.0 42.4264 38.5297 44.5552 42.638 46.5296 46.4847 17.2627 54.5619 27.3225 52.5973 48.0104 8.48528 30.2655 31.2608 30.0832 44.4163 33.3137 46.0977 36.449 60.8112 60.4326 39.7205 22.6155 22.3607 65.7655 28.0768 64.6522 18.2483 75.0282 50.0678 54.6037 44.8144 66.7574 37.5366 41.1096 50.3289 37.855 48.957 33.1361 
42.4264 0.0 51.614 77.0795 22.8473 88.955 77.4306 59.6825 19.3132 26.1725 60.7714 88.0531 36.0 15.6205 49.6488 13.1529 72.1526 62.4403 5.0 37.8021 86.9371 51.2445 76.9415 62.0081 34.0 102.728 62.6498 98.2927 24.1868 66.7308 65.2993 46.6905 28.1603 102.427 23.6008 3.16228 27.2947 80.2309 73.1642 75.06 
38.5297 51.614 0.0 83.06 34.2053 62.9682 84.9894 47.1528 50.448 54.5619 88.6781 76.0226 30.9737 50.0 14.8661 40.3113 28.4605 71.8184 56.6127 65.3909 99.3159 89.0505 38.4708 36.6362 51.3026 96.2301 66.5815 99.4356 37.5899 97.2038 16.0 83.2586 69.8928 98.8452 30.0832 52.6308 38.1182 57.6583 26.1725 46.669 
44.5552 77.0795 83.06 0.0 86.5696 41.2311 4.24264 36.1248 93.6268 53.9408 26.1725 21.9545 53.0405 61.6912 75.791 68.275 66.3702 15.0 79.1215 41.7852 18.6815 57.3149 58.6941 46.0 43.2603 27.2029 16.5529 21.2132 58.8398 43.8634 75.2637 54.0093 61.4678 25.9422 82.078 74.7001 94.189 35.3553 72.2496 43.9659 
42.638 22.8473 34.2053 86.5696 0.0 86.0203 86.9207 58.8728 16.2788 41.0 76.7741 90.6035 34.2053 31.1448 38.3275 19.4165 60.0 71.9304 27.2947 53.4869 99.3937 72.111 67.6018 56.648 43.3823 108.359 70.6704 107.246 28.3019 85.0 49.8197 67.0075 49.366 109.351 5.38516 25.2982 7.81025 78.7856 59.3043 70.2282 
46.5296 88.955 62.9682 41.2311 86.0203 0.0 45.4533 29.2746 100.204 70.2567 62.6985 22.1359 53.6559 76.0592 51.1381 76.4853 38.9487 44.4185 92.5419 67.3868 58.8303 91.3674 27.7308 29.5296 58.0775 40.0 37.1214 48.2701 64.7765 82.801 52.4309 86.539 86.3134 44.1022 80.6356 87.5728 93.0376 9.05539 44.7214 16.4012 
46.4847 77.4306 84.9894 4.24264 86.9207 45.4533 0.0 39.0 93.8217 52.833 23.0 26.0768 54.97 62.0423 77.7205 68.6261 69.7209 15.0 78.5279 40.663 15.1327 54.0833 62.3618 49.0918 43.6115 29.4279 18.4391 21.6333 59.1909 39.9249 78.3594 51.0392 59.9884 27.5136 83.1247 75.1972 94.5401 39.4462 75.5381 47.7598 
17.2627 59.6825 47.1528 36.1248 58.8728 29.2746 39.0 0.0 71.3189 42.6839 47.8373 33.3017 24.6982 47.0106 35.2984 47.2969 31.6228 28.4605 63.2851 47.1961 54.037 69.2238 27.0185 10.4403 30.3954 52.6972 21.3776 54.0833 35.5106 68.0413 39.8077 64.137 59.3364 54.5894 53.7132 58.3095 66.5176 20.6155 37.1796 17.088 
54.5619 19.3132 50.448 93.6268 16.2788 100.204 93.8217 71.3189 0.0 44.6542 80.0084 102.26 46.6154 33.8378 54.037 25.6125 76.0592 78.8314 21.2132 56.7212 105.815 70.0357 83.2166 71.0634 50.4395 119.214 79.0884 114.84 37.4433 86.0349 66.0984 65.7343 47.0744 118.975 21.0238 22.4722 14.2127 91.8583 75.5381 84.6463 
27.3225 26.1725 54.5619 53.9408 41.0 70.2567 52.833 42.6839 44.6542 0.0 35.7761 64.7611 26.1725 10.8167 47.5516 21.587 65.189 38.0196 27.2029 12.4889 61.5827 34.5398 66.8143 49.7093 12.3693 78.3107 38.6005 74.436 17.088 44.1814 64.2722 28.7924 17.4929 78.0065 38.2099 23.3452 48.0833 61.2046 69.4611 59.6535 
52.5973 60.7714 88.6781 26.1725 76.7741 62.6985 23.0 47.8373 80.0084 35.7761 0.0 47.1275 59.0523 46.3182 81.4092 57.3627 79.4607 19.3874 60.6121 23.7995 25.807 31.1448 73.8561 58.3739 46.9972 52.2398 26.9262 42.72 51.8609 20.5183 87.6377 28.0713 38.5876 49.8197 73.9195 57.7036 83.8504 54.9632 85.0096 60.486 
48.0104 88.0531 76.0226 21.9545 90.6035 22.1359 26.0768 33.3017 102.26 64.7611 47.1275 0.0 56.4004 73.0548 64.1683 77.203 56.2939 31.0644 90.4765 58.1378 37.6431 77.8781 46.2709 39.8246 54.0833 20.2485 26.3059 26.3059 65.1229 65.7419 68.0074 73.9943 78.2304 23.3452 85.4443 85.8365 98.2488 20.0998 62.3699 31.5753 
8.48528 36.0 30.9737 53.0405 34.2053 53.6559 54.97 24.6982 46.6154 26.1725 59.0523 56.4004 0.0 26.0 23.7047 23.0868 39.5607 41.799 40.1123 35.7651 69.2965 59.7487 41.7612 26.0192 21.6768 74.2508 36.562 73.1375 12.3693 67.578 40.4253 53.9198 43.2782 75.2427 29.0689 35.1283 41.8688 45.2477 43.8328 39.2901 
30.2655 15.6205 50.0 61.6912 31.1448 76.0592 62.0423 47.0106 33.8378 10.8167 46.3182 73.0548 26.0 0.0 44.2623 12.0416 65.5294 47.052 17.4642 23.0309 72.1248 41.5933 67.6758 52.8035 18.9737 87.3431 47.4236 82.9044 13.8924 53.9351 60.983 36.2215 20.1246 87.0389 29.0689 13.0384 37.855 67.1193 67.8988 63.3877 
31.2608 49.6488 14.8661 75.791 38.3275 51.1381 77.7205 35.2984 54.037 47.5516 81.4092 64.1683 23.7047 44.2623 0.0 36.7846 22.561 64.5495 54.4247 58.1219 92.0469 81.9187 29.2746 24.7818 44.0336 84.3758 59.3125 87.5812 30.9141 89.9348 17.8045 76.1097 63.5603 86.9908 33.1361 49.7836 44.3847 45.804 23.7065 34.8147 
30.0832 13.1529 40.3113 68.275 19.4165 76.4853 68.6261 47.2969 25.6125 21.587 57.3627 77.203 23.0868 12.0416 36.7846 0.0 59.2851 53.6358 17.72 34.0755 80.73 53.6004 63.7887 49.0102 25.0877 93.8617 53.7365 89.4882 12.083 65.6201 53.0 48.2597 31.6228 93.6227 17.0294 13.0 26.5707 67.9117 60.4152 62.2447 
44.4163 72.1526 28.4605 66.3702 60.0 38.9487 69.7209 31.6228 76.0592 65.189 79.4607 56.2939 39.5607 65.5294 22.561 59.2851 0.0 60.0833 76.9253 77.7168 84.8528 100.889 11.4018 21.1896 60.1771 76.4003 52.8867 81.3941 51.7279 99.6647 14.2127 92.4201 82.4859 79.6241 55.0364 72.2841 65.2763 36.4005 6.08276 24.7386 
33.3137 62.4403 71.8184 15.0 71.9304 44.4185 15.0 28.4605 78.8314 38.0196 19.3874 31.0644 41.799 47.052 64.5495 53.6358 60.0833 0.0 64.4823 27.6586 27.8927 49.4773 54.5894 38.8973 28.6211 41.6293 7.81025 36.1248 44.2006 39.5914 68.2637 43.3457 47.676 40.8167 68.1344 60.0609 79.5498 36.4005 65.6356 41.4005 
46.0977 5.0 56.6127 79.1215 27.2947 92.5419 78.5279 63.2851 21.2132 27.2029 60.6121 90.4765 40.1123 17.4642 54.4247 17.72 76.9253 64.4823 0.0 38.1838 86.4188 48.8365 81.3941 66.1211 36.4005 104.773 64.8845 100.131 28.0 65.3911 70.2353 44.643 25.9615 104.469 28.4253 5.0 31.0483 83.7257 78.0 79.0 
36.449 37.8021 65.3909 41.7852 53.4869 67.3868 40.663 47.1961 56.7212 12.4889 23.7995 58.1378 35.7651 23.0309 58.1219 34.0755 77.7168 27.6586 38.1838 0.0 49.6062 27.6586 73.735 56.63 19.1087 68.9493 32.0 62.2661 28.5737 33.0151 79.9169 21.9317 20.0998 67.6688 50.6323 34.8281 60.5632 58.5495 78.8061 64.251 
60.8112 86.9371 99.3159 18.6815 99.3937 58.8303 15.1327 54.037 105.815 61.5827 25.807 37.6431 69.2965 72.1248 92.0469 80.73 84.8528 27.8927 86.4188 49.6062 0.0 53.3667 77.3692 64.195 56.0845 32.573 33.0606 20.2237 71.6639 35.0 93.465 51.8652 64.3506 28.6356 95.5977 83.947 107.013 53.7122 90.6697 62.6418 
60.4326 51.2445 89.0505 57.3149 72.111 91.3674 54.0833 69.2238 70.0357 34.5398 31.1448 77.8781 59.7487 41.5933 81.9187 53.6004 100.889 49.4773 48.8365 27.6586 53.3667 0.0 96.8804 79.8026 43.168 83.0241 54.4482 72.5603 51.6236 20.8087 98.6393 5.83095 23.0868 80.2247 70.5762 48.1664 78.0064 82.7587 102.79 84.9976 
39.7205 76.9415 38.4708 58.6941 67.6018 27.7308 62.3618 27.0185 83.2166 66.8143 73.8561 46.2709 41.7612 67.6758 29.2746 63.7887 11.4018 54.5894 81.3941 73.735 77.3692 96.8804 0.0 17.8045 61.8524 66.0984 46.9574 72.0069 54.1202 94.0601 25.4558 91.8209 84.3061 69.5845 62.3939 76.4853 73.5459 26.1725 17.0 15.0333 
22.6155 62.0081 36.6362 46.0 56.648 29.5296 49.0918 10.4403 71.0634 49.7093 58.3739 39.8246 26.0192 52.8035 24.7818 49.0102 21.1896 38.8973 66.1211 56.63 64.195 79.8026 17.8045 0.0 44.7475 59.9333 31.7805 62.8172 38.2253 78.5779 29.2746 74.7159 67.2011 62.3939 51.264 61.131 63.5724 22.6716 26.6833 13.6015 
22.3607 34.0 51.3026 43.2603 43.3823 58.0775 43.6115 30.3954 50.4395 12.3693 46.9972 54.0833 21.6768 18.9737 44.0336 25.0877 60.1771 28.6211 36.4005 19.1087 56.0845 43.168 61.8524 44.7475 0.0 68.7968 28.6531 64.4735 15.6525 50.9216 65.8286 37.3383 29.5466 68.6003 39.5862 31.7805 51.0017 49.0408 64.7178 54.6917 
65.7655 102.728 96.2301 27.2029 108.359 40.0 29.4279 52.6972 119.214 78.3107 52.2398 20.2485 74.2508 87.3431 84.3758 93.8617 76.4003 41.6293 104.773 68.9493 32.573 83.0241 66.0984 59.9333 68.7968 0.0 40.2244 13.0384 82.683 66.7533 88.2553 80.3057 88.6491 5.0 103.288 100.352 116.072 40.025 82.4621 51.6624 
28.0768 62.6498 66.5815 16.5529 70.6704 37.1214 18.4391 21.3776 79.0884 38.6005 26.9262 26.3059 36.562 47.4236 59.3125 53.7365 52.8867 7.81025 64.8845 32.0 33.0606 54.4482 46.9574 31.7805 28.6531 40.2244 0.0 37.2022 44.3013 47.1302 61.0966 49.6505 52.0384 40.3609 65.5995 60.3738 78.3829 28.8444 58.4637 33.6006 
64.6522 98.2927 99.4356 21.2132 107.246 48.2701 21.6333 54.0833 114.84 74.436 42.72 26.3059 73.1375 82.9044 87.5812 89.4882 81.3941 36.1248 100.131 62.2661 20.2237 72.5603 72.0069 62.8172 64.4735 13.0384 37.2022 0.0 80.053 55.0818 91.9837 70.406 80.7735 8.544 102.175 95.9133 114.958 46.0435 87.4643 57.0351 
18.2483 24.1868 37.5899 58.8398 28.3019 64.7765 59.1909 35.5106 37.4433 17.088 51.8609 65.1229 12.3693 13.8924 30.9141 12.083 51.7279 44.2006 28.0 28.5737 71.6639 51.6236 54.1202 38.2253 15.6525 82.683 44.3013 80.053 0.0 60.3866 47.6347 45.8803 32.6497 84.1875 24.1661 23.0 36.0555 56.0892 54.5506 51.0 
75.0282 66.7308 97.2038 43.8634 85.0 82.801 39.9249 68.0413 86.0349 44.1814 20.5183 65.7419 67.578 53.9351 89.9348 65.6201 99.6647 39.5914 65.3911 33.0151 35.0 20.8087 94.0601 78.5779 50.9216 66.7533 47.1302 55.0818 60.3866 0.0 107.842 22.0227 39.8246 63.2851 82.3893 63.5689 91.7824 75.1665 105.214 80.69 
50.0678 65.2993 16.0 75.2637 49.8197 52.4309 78.3594 39.8077 66.0984 64.2722 87.6377 68.0074 40.4253 60.983 17.8045 53.0 14.2127 68.2637 70.2353 79.9169 93.465 98.6393 25.4558 29.2746 65.8286 88.2553 61.0966 91.9837 47.6347 107.842 0.0 92.8303 80.2809 91.0934 45.3542 65.8635 54.0833 48.7545 10.4403 37.1214 
54.6037 46.6905 83.2586 54.0093 67.0075 86.539 51.0392 64.137 65.7343 28.7924 28.0713 73.9943 53.9198 36.2215 76.1097 48.2597 92.4201 43.3457 44.643 21.9317 51.8652 5.83095 91.8209 74.7159 37.3383 80.3057 49.6505 70.406 45.8803 22.0227 92.8303 0.0 18.6815 77.7817 65.2763 43.566 73.1095 77.8781 96.9608 79.9109 
44.8144 28.1603 69.8928 61.4678 49.366 86.3134 59.9884 59.3364 47.0744 17.4929 38.5876 78.2304 43.2782 20.1246 63.5603 31.6228 82.4859 47.676 25.9615 20.0998 64.3506 23.0868 84.3061 67.2011 29.5466 88.6491 52.0384 80.7735 32.6497 39.8246 80.2809 18.6815 0.0 87.4218 48.2701 25.0799 55.0091 77.2787 86.7579 76.3538 
66.7574 102.427 98.8452 25.9422 109.351 44.1022 27.5136 54.5894 118.975 78.0065 49.8197 23.3452 75.2427 87.0389 86.9908 93.6227 79.6241 40.8167 104.469 67.6688 28.6356 80.2247 69.5845 62.3939 68.6003 5.0 40.3609 8.544 84.1875 63.2851 91.0934 77.7817 87.4218 0.0 104.28 100.048 117.063 43.4166 85.703 54.9181 
37.5366 23.6008 30.0832 82.078 5.38516 80.6356 83.1247 53.7132 21.0238 38.2099 73.9195 85.4443 29.0689 29.0689 33.1361 17.0294 55.0364 68.1344 28.4253 50.6323 95.5977 70.5762 62.3939 51.264 39.5862 103.288 65.5995 102.175 24.1661 82.3893 45.3542 65.2763 48.2701 104.28 0.0 25.5539 12.8062 73.4009 54.5894 64.846 
41.1096 3.16228 52.6308 74.7001 25.2982 87.5728 75.1972 58.3095 22.4722 23.3452 57.7036 85.8365 35.1283 13.0384 49.7836 13.0 72.2841 60.0609 5.0 34.8281 83.947 48.1664 76.4853 61.131 31.7805 100.352 60.3738 95.9133 23.0 63.5689 65.8635 43.566 25.0799 100.048 25.5539 0.0 30.1496 78.7718 73.4098 74.0 
50.3289 27.2947 38.1182 94.189 7.81025 93.0376 94.5401 66.5176 14.2127 48.0833 83.8504 98.2488 41.8688 37.855 44.3847 26.5707 65.2763 79.5498 31.0483 60.5632 107.013 78.0064 73.5459 63.5724 51.0017 116.072 78.3829 114.958 36.0555 91.7824 54.0833 73.1095 55.0091 117.063 12.8062 30.1496 0.0 85.8059 64.0 77.1264 
37.855 80.2309 57.6583 35.3553 78.7856 9.05539 39.4462 20.6155 91.8583 61.2046 54.9632 20.0998 45.2477 67.1193 45.804 67.9117 36.4005 36.4005 83.7257 58.5495 53.7122 82.7587 26.1725 22.6716 49.0408 40.025 28.8444 46.0435 56.0892 75.1665 48.7545 77.8781 77.2787 43.4166 73.4009 78.7718 85.8059 0.0 42.45 11.7047 
48.957 73.1642 26.1725 72.2496 59.3043 44.7214 75.5381 37.1796 75.5381 69.4611 85.0096 62.3699 43.8328 67.8988 23.7065 60.4152 6.08276 65.6356 78.0 78.8061 90.6697 102.79 17.0 26.6833 64.7178 82.4621 58.4637 87.4643 54.5506 105.214 10.4403 96.9608 86.7579 85.703 54.5894 73.4098 64.0 42.45 0.0 30.8058 
33.1361 75.06 46.669 43.9659 70.2282 16.4012 47.7598 17.088 84.6463 59.6535 60.486 31.5753 39.2901 63.3877 34.8147 62.2447 24.7386 41.4005 79.0 64.251 62.6418 84.9976 15.0333 13.6015 54.6917 51.6624 33.6006 57.0351 51.0 80.69 37.1214 79.9109 76.3538 54.9181 64.846 74.0 77.1264 11.7047 30.8058 0.0 
DEMAND_SCENARIO_SECTION
0 0 0 0 0 0 0 0 0 0 0 0 0 0 0 0 0 0 0 0 0 0 0 0 0 0 0 0 0 0 0 0 0 0 0 0 0 0 0 0 0 0 0 0 0 0 0 0 0 0 
0 4 2 2 1 3 1 2 1 2 3 4 2 3 3 3 1 1 2 2 4 1 1 1 2 5 1 4 2 2 2 5 3 1 4 5 2 4 3 2 2 1 0 4 3 3 3 1 2 0 
3 4 0 2 5 3 3 2 0 1 2 2 5 3 1 2 0 3 2 3 3 2 5 3 3 3 4 4 3 5 3 3 4 3 1 2 2 4 4 1 3 5 2 3 2 4 0 6 6 4 
0 2 2 2 0 2 1 4 3 3 4 2 2 3 2 0 2 3 2 3 3 3 4 1 2 2 1 2 1 3 3 2 2 4 1 1 2 4 2 3 0 4 2 3 3 5 1 4 0 2 
9 19 15 9 12 7 10 4 13 14 15 8 10 10 12 8 13 13 12 10 9 7 12 5 13 11 12 6 15 13 12 7 9 9 9 1 7 11 16 8 8 6 3 11 7 11 11 9 14 12 
0 3 1 1 1 0 0 3 1 1 0 0 1 1 0 0 1 0 2 3 2 0 1 1 1 1 0 1 2 2 0 1 1 3 0 0 1 0 1 1 0 0 2 1 2 1 2 0 1 1 
11 11 6 8 7 8 7 10 9 6 4 5 6 5 2 11 7 15 6 11 6 6 7 6 5 7 10 9 4 11 7 8 7 4 8 9 3 11 4 12 11 12 8 5 5 10 8 11 9 7 
3 2 5 2 5 2 2 7 8 2 5 3 3 8 3 3 6 6 3 5 7 3 0 2 4 4 7 6 3 1 2 4 4 7 4 1 4 4 8 7 4 3 4 5 2 4 3 7 2 3 
11 11 16 14 10 7 12 11 9 9 7 14 16 6 9 14 14 10 7 16 8 8 15 10 11 14 15 8 12 12 12 11 10 16 10 8 9 13 10 12 5 11 10 8 8 11 11 8 11 5 
6 9 9 6 8 10 15 10 7 7 9 7 16 14 6 8 12 11 4 11 6 5 8 7 15 9 9 8 10 8 5 9 4 11 7 9 14 12 10 11 12 10 6 11 7 8 14 3 7 8 
7 4 10 5 10 12 10 7 11 11 8 1 7 2 11 8 4 13 9 9 4 12 6 11 8 12 8 4 5 10 5 12 11 9 8 5 4 4 10 10 11 5 7 8 10 12 8 4 7 7 
4 0 4 5 1 3 2 2 1 5 6 2 4 5 6 5 3 3 7 6 9 0 4 7 2 5 6 8 6 5 3 2 4 8 7 5 2 5 5 4 5 2 4 3 2 2 6 6 5 6 
5 3 3 3 0 2 1 0 0 1 3 3 2 1 4 2 1 3 2 2 1 1 4 1 0 4 1 1 3 4 0 0 4 0 3 0 3 0 2 1 2 5 3 2 2 2 3 1 2 2 
6 5 5 9 8 10 9 5 8 8 1 5 9 7 8 8 7 12 9 4 9 9 13 10 8 9 7 11 10 2 9 5 5 8 8 10 6 7 2 7 7 5 5 10 9 7 7 2 4 10 
3 2 6 5 2 3 5 1 4 0 7 4 7 6 7 3 7 4 3 4 3 9 6 5 4 5 3 6 3 2 6 4 8 3 7 5 3 1 4 6 5 4 9 4 2 5 4 1 3 8 
9 6 6 3 9 5 9 5 9 3 8 8 7 8 6 6 7 9 12 9 5 8 5 8 7 5 1 5 7 2 7 3 6 6 3 7 6 7 8 6 8 8 5 6 8 7 6 6 2 10 
1 2 2 2 3 3 2 0 4 2 3 0 1 3 0 1 2 0 4 0 2 1 0 2 2 4 0 1 2 3 5 0 0 2 2 0 2 0 1 4 4 1 1 2 1 1 2 3 1 3 
4 7 6 7 8 8 4 6 7 8 7 5 5 7 4 5 2 2 9 5 2 9 4 5 6 6 2 7 5 5 5 9 9 6 7 6 5 8 6 5 7 8 8 6 9 7 9 10 4 4 
7 7 7 6 6 6 5 0 6 9 1 5 8 7 10 7 8 11 2 2 4 8 2 6 6 5 10 6 6 4 5 8 5 2 4 5 8 6 7 2 9 10 6 5 8 7 5 8 7 5 
4 3 11 6 9 8 8 7 6 5 5 8 6 10 8 9 6 6 3 4 6 1 5 5 5 6 6 10 5 7 5 6 6 7 3 10 6 11 8 9 9 7 2 6 9 4 9 6 8 3 
5 4 5 4 7 6 1 2 3 7 2 3 5 5 3 3 3 2 6 2 1 5 5 3 3 3 3 0 5 5 3 4 2 0 5 2 6 4 3 5 0 4 4 4 2 3 5 3 2 6 
6 14 7 14 7 10 7 8 8 5 8 8 4 8 8 8 6 5 11 9 6 6 11 9 7 4 3 8 15 7 10 8 12 9 9 12 8 11 1 8 3 8 7 6 6 6 6 9 10 13 
2 2 6 7 4 6 6 1 4 3 4 2 3 2 4 6 3 7 2 1 3 6 2 5 3 4 4 5 4 3 2 4 5 5 9 2 2 6 4 2 4 1 10 2 6 5 1 4 4 7 
5 5 8 2 4 5 5 6 9 3 6 4 7 7 6 4 2 3 5 4 5 5 5 5 7 3 2 1 8 0 5 7 2 8 7 5 1 5 5 7 5 3 6 3 6 6 3 5 4 9 
4 7 4 2 6 4 1 3 3 6 2 3 3 5 6 3 3 6 4 4 5 5 4 3 1 3 3 4 3 2 4 4 2 3 2 2 3 2 4 3 1 6 1 2 6 3 4 4 3 0 
12 4 7 5 4 3 9 4 5 0 7 5 2 3 7 6 8 10 3 4 6 6 5 7 5 2 3 2 5 7 4 8 4 6 5 7 5 5 4 1 5 3 3 2 4 2 3 1 2 1 
5 3 4 8 9 7 6 3 4 1 5 10 9 7 6 7 2 6 0 5 7 5 9 4 6 7 8 4 7 10 9 5 0 11 6 3 9 5 9 6 10 8 6 9 4 10 6 9 4 10 
5 9 5 8 10 4 10 9 8 6 7 11 7 8 3 11 2 5 3 9 7 8 5 1 4 11 10 10 10 10 7 7 7 10 5 7 9 8 8 11 11 6 11 8 11 10 9 1 9 5 
17 6 13 13 7 6 16 7 13 7 10 18 10 10 9 5 8 8 9 8 11 8 17 8 8 11 6 9 9 10 14 18 16 11 10 13 6 9 12 7 15 7 14 11 5 7 8 8 18 13 
4 5 5 4 0 5 1 4 3 0 1 5 4 5 3 3 4 4 2 2 2 2 1 5 3 3 5 4 0 4 4 3 2 5 2 4 2 4 6 2 4 2 4 0 2 4 5 3 4 1 
3 7 5 7 5 3 4 6 6 3 4 3 3 9 5 8 6 7 4 5 6 1 3 2 4 3 1 7 3 4 7 4 6 5 5 5 0 2 4 3 1 5 4 5 6 4 5 5 7 6 
4 11 8 7 12 7 9 7 0 13 11 15 12 13 8 11 11 10 8 10 6 6 11 9 5 8 14 11 8 11 9 6 12 9 9 13 9 6 6 13 12 12 11 6 10 6 5 5 9 7 
10 9 6 18 4 11 7 11 8 7 12 4 9 14 14 13 4 9 9 8 10 8 4 8 10 13 10 6 9 9 10 7 10 8 6 14 4 9 10 8 4 13 3 8 9 12 8 8 11 6 
4 6 6 6 8 5 7 5 8 10 4 1 8 8 2 11 4 10 9 8 7 12 4 6 6 8 7 13 10 9 5 3 8 8 13 14 9 6 12 6 6 6 11 9 10 11 5 9 5 6 
10 12 8 16 10 12 8 10 6 9 14 11 14 15 6 14 11 13 6 4 11 6 7 9 13 8 10 5 11 7 9 13 9 10 13 14 11 14 7 9 10 14 10 8 7 10 14 10 9 8 
6 11 7 10 8 9 5 10 12 6 11 9 9 7 14 4 10 7 10 9 9 11 5 11 12 9 9 7 9 9 9 7 9 6 4 13 9 13 10 12 11 7 7 13 11 9 7 13 9 8 
2 1 2 1 2 0 1 4 1 1 0 3 3 1 3 2 0 2 1 1 2 1 1 2 5 3 2 1 4 3 0 2 1 3 1 0 3 2 2 4 2 1 1 4 5 2 0 0 2 0 
0 0 0 1 1 0 0 1 1 2 0 1 1 1 0 0 1 0 1 0 0 0 1 1 3 0 1 2 2 0 1 1 2 0 0 0 2 1 1 0 2 0 3 0 2 2 1 2 2 0 
9 7 3 4 6 5 7 8 3 9 0 6 6 7 6 8 4 5 5 2 3 7 8 7 4 4 0 5 4 5 4 6 5 5 2 2 3 4 4 7 4 2 4 4 4 7 10 4 6 7 
4 7 2 0 4 1 2 4 3 3 0 3 4 1 3 2 3 0 3 2 3 4 2 1 4 3 6 2 1 4 2 0 0 2 0 1 6 4 6 4 0 3 2 2 3 0 4 0 4 1 
DEPOT_SECTION
 1
 -1
EOF
