NAME  : Parada_40_5_0.95_1.00_4
TYPE : SVRP
MODEL : FINITE_SUPPORT
NUMBER_OF_SCENARIOS : 50
DIMENSION : 40
EDGE_WEIGHT_TYPE : MATRIX
CAPACITY : 45
N_VEHICLES : 5
NODE_COORD_SECTION
1 147320 331860
2 439030 368090
3 363220 155970
4 157020 541500
5 547790 221010
6 574430 323760
7 371760 401050
8 281980 227520
9 248260 198720
10 317330 430940
11 254350 18
12 8646 467130
13 421950 446530
14 597930 305440
15 277420 487330
16 125440 291150
17 375330 164100
18 964 522140
19 83680 461650
20 366110 463430
21 519640 479360
22 304190 167080
23 51296 545650
24 245410 422300
25 292630 580120
26 285650 163960
27 565290 446360
28 15201 307010
29 187610 134560
30 584940 259880
31 252180 268730
32 412270 388210
33 230690 186120
34 229900 421250
35 239150 429880
36 509050 243260
37 425960 293150
38 422640 464190
39 227070 270220
40 27 269550
DEMAND_SECTION
1 0.0
2 3.0
3 2.0
4 1.0
5 4.0
6 6.0
7 6.0
8 7.0
9 9.0
10 5.0
11 2.0
12 10.0
13 9.0
14 2.0
15 10.0
16 7.0
17 8.0
18 7.0
19 4.0
20 2.0
21 5.0
22 10.0
23 1.0
24 7.0
25 1.0
26 8.0
27 5.0
28 10.0
29 1.0
30 7.0
31 10.0
32 2.0
33 10.0
34 9.0
35 1.0
36 4.0
37 2.0
38 6.0
39 5.0
40 10.0
DISTANCE_MATRIX
0.0 42.5793 31.9531 20.6155 40.05 44.0114 47.4391 40.5132 43.0116 40.6319 62.29 44.6336 36.573 38.2753 47.54 49.4065 44.7772 43.4291 35.502 39.1324 59.4643 49.3964 52.4435 51.1346 35.1548 49.005 51.225 67.0075 49.6488 32.2025 34.3165 42.45 46.0109 53.0378 32.8024 33.0606 24.7386 51.8862 29.8518 62.1289 
42.5793 0.0 57.8011 37.0135 82.1523 83.5019 13.0 49.6541 56.2441 24.6982 50.0899 64.0004 13.0384 78.2304 30.0832 86.2699 86.7114 53.7013 62.4583 16.4012 92.1141 91.0337 74.8171 38.0789 22.4012 20.6155 81.0589 102.92 30.0666 71.3499 45.0654 4.12311 56.5993 39.3573 70.839 75.1665 67.2681 12.2066 50.2156 96.5101 
31.9531 57.8011 0.0 51.9386 40.3113 33.1059 53.9608 18.868 16.4012 40.05 93.2633 73.4187 45.0392 30.2324 42.2966 72.2772 56.6039 71.2115 64.2806 44.5588 34.4819 64.0078 81.2219 35.4401 58.4611 73.0483 23.2594 88.2553 77.4611 24.0832 17.2627 55.4759 20.0 37.0 56.7186 35.609 38.2753 61.4966 15.0333 85.1645 
20.6155 37.0135 51.9386 0.0 55.9732 62.7694 47.0352 59.0514 61.664 51.8792 42.4304 33.8047 37.7685 56.9386 58.7685 55.5527 54.037 23.5105 31.926 43.8184 79.9062 63.8056 44.62 65.1245 26.6155 34.1321 71.8401 72.3873 31.7805 51.614 52.8547 39.0546 64.559 67.0278 42.202 49.3964 38.3275 48.8998 48.39 65.9778 
40.05 82.1523 40.3113 55.9732 0.0 14.0357 83.9524 58.8982 56.5862 74.279 96.9697 60.1415 72.007 11.7047 78.4827 43.4166 20.025 61.6117 50.2096 74.2159 38.2099 28.0713 63.5138 73.5731 75.1809 88.2836 38.833 55.0091 87.6413 16.2788 55.4707 81.4985 60.1415 75.4718 34.4093 7.0 17.8885 90.2553 51.6236 54.3323 
44.0114 83.5019 33.1059 62.7694 14.0357 0.0 83.0963 51.8845 48.2597 71.0394 105.038 71.6101 72.0278 5.83095 74.4648 57.2713 34.0 71.4213 61.6117 73.1095 24.1868 42.0119 76.0592 68.352 78.5328 92.9435 25.632 69.0 93.5201 12.1655 49.98 82.1523 51.614 70.0071 46.9574 16.1245 27.8029 90.0056 46.8402 68.3593 
47.4391 13.0 53.9608 47.0352 83.9524 83.0963 0.0 42.0595 48.7647 15.2643 63.0714 74.4425 12.53 78.3135 18.6011 93.8154 92.1189 64.0314 72.6617 10.0 88.295 96.2602 85.2591 27.5862 32.4197 33.3766 76.6551 111.507 43.0465 71.2531 38.2753 9.05539 48.5489 28.4253 77.9055 77.1298 71.2861 7.61577 39.0512 106.713 
40.5132 49.6541 18.868 59.0514 58.8982 51.8845 42.0595 0.0 6.7082 26.8328 101.466 84.5144 37.2744 49.0918 26.4764 86.9253 74.027 79.8912 75.3829 33.6006 49.0 81.0247 92.3244 18.0 63.2778 68.659 37.0 103.755 76.3123 42.8019 7.07107 46.228 7.2111 19.105 70.5762 53.7401 54.3783 49.6488 11.0454 99.925 
43.0116 56.2441 16.4012 61.664 56.5862 48.2597 48.7647 6.7082 0.0 33.541 104.079 86.5481 43.8644 46.0977 32.9848 87.5957 72.9452 82.0293 77.4165 40.2244 43.1045 80.2621 94.358 24.1868 65.8904 75.249 31.1448 104.0 84.8904 40.3113 12.2066 52.818 3.60555 25.02 71.5681 52.0096 54.1295 56.356 14.8661 100.568 
40.6319 24.6982 40.05 51.8792 74.279 71.0394 15.2643 26.8328 33.541 0.0 72.7805 79.2865 14.1421 66.8848 7.28011 90.037 83.8873 68.9874 77.5057 8.544 73.9797 89.2571 90.1032 13.4164 37.2637 44.7772 62.1691 107.628 53.1601 60.575 23.5372 20.8087 33.2866 14.8661 73.4253 67.6891 63.1112 22.8254 25.02 102.756 
62.29 50.0899 93.2633 42.4304 96.9697 105.038 63.0714 101.466 104.079 72.7805 0.0 44.0114 58.6941 99.2089 79.2465 74.0608 89.56 36.1386 50.8035 64.3273 121.754 88.6454 50.636 85.8662 49.0813 30.0666 113.317 86.5794 20.025 93.778 95.2692 54.1479 106.974 87.5557 67.1863 91.0933 79.1393 60.1332 90.8046 79.511 
44.6336 64.0004 73.4187 33.8047 60.1415 71.6101 74.4425 84.5144 86.5481 79.2865 44.0114 0.0 65.1757 66.2873 86.1757 30.0666 48.3735 12.0416 10.0 71.2256 93.5361 45.8803 10.8167 92.5318 54.0228 56.1987 88.3912 43.4166 47.2144 63.5295 78.3176 66.4318 89.7547 94.435 26.4008 55.6058 43.8292 76.1393 73.853 36.4005 
36.573 13.0384 45.0392 37.7685 72.007 72.0278 12.53 37.2744 43.8644 14.1421 58.6941 65.1757 0.0 67.0075 21.0 83.3183 81.2528 54.8766 63.3949 6.08276 79.3826 85.3941 75.9924 27.2029 23.1529 31.3847 68.297 103.856 39.2173 60.0 32.6857 10.4403 44.2195 28.8617 67.0395 65.1232 61.28 18.2483 33.2489 97.4467 
38.2753 78.2304 30.2324 56.9386 11.7047 5.83095 78.3135 49.0918 46.0977 66.8848 99.2089 66.2873 67.0075 0.0 70.5195 53.4603 31.4006 65.7647 56.3028 68.3593 28.1603 39.4588 71.1126 64.8845 72.9403 87.1854 27.2947 66.1891 87.7268 7.07107 46.5188 77.026 49.5782 66.6408 42.1545 11.4018 22.4722 85.0941 43.0813 65.0308 
47.54 30.0832 42.2966 58.7685 78.4827 74.4648 18.6011 26.4764 32.9848 7.28011 79.2465 86.1757 21.0 70.5195 0.0 96.9452 90.7604 75.8766 82.1865 15.0333 75.1665 96.1302 96.9924 9.43398 44.1529 50.5964 63.1981 114.536 59.439 63.5689 25.0799 26.0 31.9531 9.89949 80.3335 72.45 69.9843 25.4558 27.6586 109.664 
49.4065 86.2699 72.2772 55.5527 43.4166 57.2713 93.8154 86.9253 87.5957 90.037 74.0608 30.0666 83.3183 53.4603 96.9452 0.0 25.0599 39.4588 24.7386 89.3681 81.3941 19.105 26.4008 100.54 75.8687 80.6536 80.0562 17.6918 74.9869 54.0 80.978 88.3077 91.0824 102.443 16.6433 42.19 34.3657 98.1529 76.5133 13.0 
44.7772 86.7114 56.6039 54.037 20.025 34.0 92.1189 74.027 72.9452 83.8873 89.56 48.3735 81.2528 31.4006 90.7604 25.0599 0.0 53.4509 39.3954 82.4956 58.0775 8.06226 48.8365 86.5999 77.5891 88.1419 58.6941 35.0 85.1469 34.176 69.3542 86.977 76.5506 88.6031 22.4722 21.5407 20.8087 96.566 65.0692 34.7131 
43.4291 53.7013 71.2115 23.5105 61.6117 71.4213 64.0314 79.8912 82.0293 68.9874 36.1386 12.0416 54.8766 65.7647 75.8766 39.4588 53.4509 0.0 15.0 60.9265 91.9975 52.6118 22.6716 82.2327 43.7237 45.7524 86.2831 54.4243 36.3836 62.0548 73.6944 56.1327 85.3988 84.1359 31.0483 56.0803 44.0454 65.8402 69.2298 47.5395 
35.502 62.4583 64.2806 31.926 50.2096 61.6117 72.6617 75.3829 77.4165 77.5057 50.8035 10.0 63.3949 56.3028 82.1865 24.7386 39.3954 15.0 0.0 69.4448 83.6481 37.855 17.0 86.4591 52.242 56.0803 78.7718 40.7063 50.2534 53.6656 69.1861 64.6811 80.6231 88.3623 17.0 45.607 33.8378 74.5262 64.7214 34.1321 
39.1324 16.4012 44.5588 43.8184 74.2159 73.1095 10.0 33.6006 40.2244 8.544 64.3273 71.2256 6.08276 68.3593 15.0333 89.3681 82.4956 60.9265 69.4448 0.0 78.893 87.7288 82.0423 21.9317 29.2028 36.2491 67.2653 109.906 44.643 61.2944 29.0861 12.7279 40.4599 23.4094 73.0893 67.4463 61.8114 17.2627 29.6493 103.497 
59.4643 92.1141 34.4819 79.9062 38.2099 24.1868 88.295 49.0 43.1045 73.9797 121.754 93.5361 79.3826 28.1603 75.1665 81.3941 58.0775 91.9975 83.6481 78.893 0.0 66.0303 99.0051 67.0 90.7231 105.309 12.0 93.0484 109.021 30.0167 50.4876 89.8193 45.3982 68.0294 70.2282 39.5601 50.1597 95.8308 49.2443 92.5419 
49.3964 91.0337 64.0078 63.8056 28.0713 42.0119 96.2602 81.0247 80.2621 89.2571 88.6454 45.8803 85.3941 39.4588 96.1302 19.105 8.06226 52.6118 37.855 87.7288 66.0303 0.0 44.6542 93.1499 80.6324 89.9444 66.7533 27.0185 86.0523 42.0595 76.0592 90.9523 83.863 95.1531 22.0 29.4109 26.9072 100.658 71.7008 27.2029 
52.4435 74.8171 81.2219 44.62 63.5138 76.0592 85.2591 92.3244 94.358 90.1032 50.636 10.8167 75.9924 71.1126 96.9924 26.4008 48.8365 22.6716 17.0 82.0423 99.0051 44.6542 0.0 103.348 64.8395 65.4393 94.921 36.0555 56.455 69.2892 86.1276 77.2485 97.5647 105.252 29.1548 59.9416 48.8467 86.956 81.6629 29.0172 
51.1346 38.0789 35.4401 65.1245 73.5731 68.352 27.5862 18.0 24.1868 13.4164 85.8662 92.5318 27.2029 64.8845 9.43398 100.54 86.5999 82.2327 86.4591 21.9317 67.0 93.1499 103.348 0.0 50.509 58.1808 55.0 114.913 66.4078 58.1378 18.3848 34.1321 22.8035 2.23607 83.928 67.6757 66.2542 34.7131 21.9545 113.258 
35.1548 22.4012 58.4611 26.6155 75.1809 78.5328 32.4197 63.2778 65.8904 37.2637 49.0813 54.0228 23.1529 72.9403 44.1529 75.8687 77.5891 43.7237 52.242 29.2028 90.7231 80.6324 64.8395 50.509 0.0 26.5913 80.6324 92.7033 31.0 66.4401 57.081 24.4391 68.7854 52.4122 60.4378 68.2013 59.0848 34.2843 52.6164 86.2938 
49.005 20.6155 73.0483 34.1321 88.2836 92.9435 33.3766 68.659 75.249 44.7772 30.0666 56.1987 31.3847 87.1854 50.5964 80.6536 88.1419 45.7524 56.0803 36.2491 105.309 89.9444 65.4393 58.1808 26.5913 0.0 95.3447 96.6657 10.4403 81.0313 64.0703 24.7386 75.6041 59.6154 68.2495 81.3941 71.3442 30.0666 67.2036 89.9305 
51.225 81.0589 23.2594 71.8401 38.833 25.632 76.6551 37.0 31.1448 62.1691 113.317 88.3912 68.297 27.2947 63.1981 80.0562 58.6941 86.2831 78.7718 67.2653 12.0 66.7533 94.921 55.0 80.6324 95.3447 0.0 93.4345 99.6324 26.1725 38.6394 78.7337 33.541 56.0357 67.082 38.0132 46.6905 84.203 37.6431 92.0217 
67.0075 102.92 88.2553 72.3873 55.0091 69.0 111.507 103.755 104.0 107.628 86.5794 43.4166 103.856 66.1891 114.536 17.6918 35.0 54.4243 40.7063 109.906 93.0484 27.0185 36.0555 114.913 92.7033 96.6657 93.4345 0.0 90.5303 68.0661 98.0054 105.142 107.541 116.916 34.2053 55.5788 49.98 114.988 93.5407 7.07107 
49.6488 30.0666 77.4611 31.7805 87.6413 93.5201 43.0465 76.3123 84.8904 53.1601 20.025 47.2144 39.2173 87.7268 59.439 74.9869 85.1469 36.3836 50.2534 44.643 109.021 86.0523 56.455 66.4078 31.0 10.4403 99.6324 90.5303 0.0 81.8413 76.081 34.1321 83.2575 68.0074 64.0703 80.9568 70.0928 40.3113 71.6164 83.5579 
32.2025 71.3499 24.0832 51.614 16.2788 12.1655 71.2531 42.8019 40.3113 60.575 93.778 63.5295 60.0 7.07107 63.5689 54.0 34.176 62.0548 53.6656 61.2944 30.0167 42.0595 69.2892 58.1378 66.4401 81.0313 26.1725 68.0661 81.8413 0.0 39.8246 70.0643 43.8634 59.9416 41.0 12.6491 20.6155 78.0577 36.2491 66.1891 
34.3165 45.0654 17.2627 52.8547 55.4707 49.98 38.2753 7.07107 12.2066 23.5372 95.2692 78.3176 32.6857 46.5188 25.0799 80.978 69.3542 73.6944 69.1861 29.0861 50.4876 76.0592 86.1276 18.3848 57.081 64.0703 38.6394 98.0054 76.081 39.8246 0.0 41.6393 13.9284 20.1246 64.5266 49.8197 49.2037 45.8803 4.47214 93.9676 
42.45 4.12311 55.4759 39.0546 81.4985 82.1523 9.05539 46.228 52.818 20.8087 54.1479 66.4318 10.4403 77.026 26.0 88.3077 86.977 56.1327 64.6811 12.7279 89.8193 90.9523 77.2485 34.1321 24.4391 24.7386 78.7337 105.142 34.1321 70.0643 41.6393 0.0 53.1507 35.3553 72.8769 74.5453 67.1863 10.0 42.2026 98.7328 
46.0109 56.5993 20.0 64.559 60.1415 51.614 48.5489 7.2111 3.60555 33.2866 106.974 89.7547 44.2195 49.5782 31.9531 91.0824 76.5506 85.3988 80.6231 40.4599 45.3982 83.863 97.5647 22.8035 68.7854 75.6041 33.541 107.541 83.2575 43.8634 13.9284 53.1507 0.0 23.3452 75.0 55.6058 57.6975 56.0803 17.2627 104.062 
53.0378 39.3573 37.0 67.0278 75.4718 70.0071 28.4253 19.105 25.02 14.8661 87.5557 94.435 28.8617 66.6408 9.89949 102.443 88.6031 84.1359 88.3623 23.4094 68.0294 95.1531 105.252 2.23607 52.4122 59.6154 56.0357 116.916 68.0074 59.9416 20.1246 35.3553 23.3452 0.0 85.8313 69.6348 68.2574 35.3553 23.8537 115.162 
32.8024 70.839 56.7186 42.202 34.4093 46.9574 77.9055 70.5762 71.5681 73.4253 67.1863 26.4008 67.0395 42.1545 80.3335 16.6433 22.4722 31.0483 17.0 73.0893 70.2282 22.0 29.1548 83.928 60.4378 68.2495 67.082 34.2053 64.0703 41.0 64.5266 72.8769 75.0 85.8313 0.0 30.8707 20.3961 82.7221 60.0619 29.5296 
33.0606 75.1665 35.609 49.3964 7.0 16.1245 77.1298 53.7401 52.0096 67.6891 91.0933 55.6058 65.1232 11.4018 72.45 42.19 21.5407 56.0803 45.607 67.4463 39.5601 29.4109 59.9416 67.6757 68.2013 81.3941 38.0132 55.5788 80.9568 12.6491 49.8197 74.5453 55.6058 69.6348 30.8707 0.0 12.0416 83.3715 45.8039 54.0093 
24.7386 67.2681 38.2753 38.3275 17.8885 27.8029 71.2861 54.3783 54.1295 63.1112 79.1393 43.8292 61.28 22.4722 69.9843 34.3657 20.8087 44.0454 33.8378 61.8114 50.1597 26.9072 48.8467 66.2542 59.0848 71.3442 46.6905 49.98 70.0928 20.6155 49.2037 67.1863 57.6975 68.2574 20.3961 12.0416 0.0 76.5932 44.8219 47.0744 
51.8862 12.2066 61.4966 48.8998 90.2553 90.0056 7.61577 49.6488 56.356 22.8254 60.1332 76.1393 18.2483 85.0941 25.4558 98.1529 96.566 65.8402 74.5262 17.2627 95.8308 100.658 86.956 34.7131 34.2843 30.0666 84.203 114.988 40.3113 78.0577 45.8803 10.0 56.0803 35.3553 82.7221 83.3715 76.5932 0.0 46.587 108.578 
29.8518 50.2156 15.0333 48.39 51.6236 46.8402 39.0512 11.0454 14.8661 25.02 90.8046 73.853 33.2489 43.0813 27.6586 76.5133 65.0692 69.2298 64.7214 29.6493 49.2443 71.7008 81.6629 21.9545 52.6164 67.2036 37.6431 93.5407 71.6164 36.2491 4.47214 42.2026 17.2627 23.8537 60.0619 45.8039 44.8219 46.587 0.0 89.5029 
62.1289 96.5101 85.1645 65.9778 54.3323 68.3593 106.713 99.925 100.568 102.756 79.511 36.4005 97.4467 65.0308 109.664 13.0 34.7131 47.5395 34.1321 103.497 92.5419 27.2029 29.0172 113.258 86.2938 89.9305 92.0217 7.07107 83.5579 66.1891 93.9676 98.7328 104.062 115.162 29.5296 54.0093 47.0744 108.578 89.5029 0.0 
DEMAND_SCENARIO_SECTION
0 0 0 0 0 0 0 0 0 0 0 0 0 0 0 0 0 0 0 0 0 0 0 0 0 0 0 0 0 0 0 0 0 0 0 0 0 0 0 0 0 0 0 0 0 0 0 0 0 0 
5 2 0 1 3 3 1 1 4 4 2 2 4 2 1 2 5 1 2 5 3 4 4 7 3 2 0 2 5 4 4 0 3 2 2 1 3 0 4 4 4 1 3 5 5 8 1 1 0 2 
2 5 1 1 4 0 1 2 0 2 1 1 2 4 0 0 3 4 0 2 3 3 1 5 1 3 0 0 0 2 2 2 7 5 2 3 3 3 0 2 1 3 1 0 1 1 1 0 3 3 
0 0 1 1 3 2 1 0 3 0 0 1 0 0 0 2 0 2 2 1 2 1 2 0 1 2 2 0 0 3 0 1 0 2 2 0 0 2 0 2 0 1 1 3 1 0 2 2 1 1 
4 5 6 7 0 2 9 3 3 5 4 5 4 4 1 4 4 1 7 6 2 4 0 3 4 4 4 6 4 6 6 5 5 6 5 0 2 5 4 4 4 6 4 3 1 5 6 3 1 5 
4 11 8 7 7 2 8 5 1 6 6 5 4 9 2 4 9 7 6 9 8 7 8 5 6 9 8 1 3 4 5 4 6 8 7 8 5 7 8 9 8 4 3 9 5 0 3 4 7 4 
9 4 4 5 8 7 4 3 4 8 7 0 10 6 8 3 10 8 3 5 9 6 6 8 8 1 6 6 9 5 6 8 11 3 12 5 6 0 7 6 10 7 3 6 3 8 8 11 5 7 
7 6 6 10 7 11 11 4 7 7 5 4 11 9 5 3 4 4 13 10 8 8 5 6 7 6 6 5 9 14 11 13 5 6 9 9 7 5 11 9 9 9 4 9 7 12 9 6 8 8 
14 7 3 5 7 8 5 7 12 13 4 9 6 7 9 10 9 8 10 16 5 15 9 9 7 10 10 11 12 12 10 14 10 12 12 12 12 8 10 12 5 8 9 12 10 12 10 8 9 5 
4 6 4 7 7 5 5 3 5 7 1 4 4 0 2 4 6 4 6 6 4 2 7 8 6 1 2 2 4 3 6 4 7 2 3 1 6 4 5 7 4 6 3 6 2 3 2 5 8 4 
1 0 4 1 0 2 3 4 1 0 0 2 1 4 1 0 0 4 3 1 1 0 2 1 1 2 3 0 1 0 0 1 2 2 1 1 0 1 4 2 2 0 3 1 4 1 2 2 2 3 
11 10 10 7 16 7 17 14 7 11 11 7 4 10 12 9 8 12 6 10 11 13 11 13 9 9 9 6 3 10 12 7 14 9 8 5 13 7 5 11 13 11 11 10 8 15 11 14 9 10 
9 10 11 9 13 10 12 8 13 8 11 7 13 8 7 11 9 9 7 10 8 8 5 8 12 2 9 8 6 8 5 12 12 10 10 13 9 9 11 4 10 7 9 11 13 8 9 8 7 14 
2 2 2 1 3 1 2 1 2 1 4 0 0 2 2 2 3 0 3 1 2 1 1 2 1 2 1 2 1 0 2 2 1 0 3 4 3 3 2 4 1 2 2 3 5 2 1 0 1 2 
7 6 12 16 10 11 7 3 12 8 6 10 11 9 11 4 8 9 9 7 7 8 9 13 11 11 7 5 7 11 13 11 12 6 8 6 10 10 12 12 10 13 14 11 14 9 7 12 10 9 
8 11 6 9 12 6 5 7 9 6 6 9 4 8 8 3 12 6 6 9 10 4 4 4 3 6 7 9 7 8 6 8 7 5 9 12 7 13 7 5 3 2 9 8 6 12 7 5 11 8 
5 3 4 8 11 13 7 9 6 10 9 4 7 5 8 9 12 11 9 3 5 12 6 4 7 11 7 10 11 8 7 8 5 7 6 13 7 11 10 11 5 14 12 8 11 8 14 10 10 8 
12 7 7 5 2 11 5 4 6 8 9 5 6 5 9 9 6 8 7 10 7 7 4 3 8 5 3 6 7 4 6 6 5 6 8 8 8 6 5 4 4 9 3 7 9 7 7 5 8 7 
6 3 6 1 5 5 5 5 3 4 3 3 4 2 5 4 4 4 0 4 0 2 2 1 1 3 6 6 5 7 4 5 0 3 5 6 3 7 3 4 2 3 2 6 5 2 2 4 4 7 
0 3 4 6 3 2 2 3 2 4 1 3 2 2 2 1 1 3 2 2 3 2 3 4 3 4 2 1 2 2 3 3 3 1 0 2 0 0 2 2 4 3 1 5 1 1 2 0 3 1 
5 5 6 7 5 5 2 7 5 7 3 8 2 7 3 4 3 4 5 4 3 5 6 6 3 4 6 5 3 1 5 3 0 5 4 4 7 4 6 5 5 3 4 4 1 7 9 0 9 2 
8 8 10 14 14 9 16 10 7 14 12 8 4 13 8 9 5 15 11 10 10 15 18 3 12 12 11 11 14 11 15 15 11 10 12 11 10 9 12 15 9 13 8 15 13 15 8 10 10 16 
0 2 2 0 1 1 3 1 0 0 2 2 0 3 1 1 0 0 1 1 1 2 2 0 2 1 1 0 2 2 0 1 1 1 2 0 2 1 0 0 3 1 2 0 1 2 0 1 1 1 
7 9 4 12 3 9 2 8 8 7 8 4 6 10 9 12 11 5 10 2 11 3 3 11 9 5 4 4 9 10 7 0 7 6 6 4 4 4 14 6 12 6 8 7 11 4 8 6 3 5 
0 3 1 2 1 1 0 1 2 0 1 2 3 0 2 1 1 1 2 0 3 2 0 1 1 1 1 1 0 2 0 1 0 2 2 0 1 1 2 1 0 2 1 0 0 2 2 0 3 1 
6 9 5 6 14 13 8 3 0 5 10 11 6 10 2 10 10 6 5 6 10 7 8 9 9 7 8 9 3 6 10 13 12 10 7 8 11 9 2 8 5 11 6 11 9 9 13 8 7 14 
6 8 5 3 7 4 2 3 2 7 2 4 6 3 2 1 4 6 5 7 6 2 7 8 6 2 4 4 3 6 3 7 1 3 5 7 7 5 5 8 5 8 6 5 7 2 5 5 7 3 
7 7 9 9 8 10 6 9 6 5 6 11 15 19 9 7 12 13 9 12 12 8 10 12 12 9 12 17 6 7 5 12 11 9 11 6 14 13 13 9 8 14 10 9 8 9 14 9 13 17 
1 0 1 1 1 2 1 3 1 2 1 1 2 1 2 1 1 1 1 1 1 2 0 2 2 0 1 1 1 2 0 0 0 0 0 1 3 1 0 2 0 1 2 1 2 1 3 3 1 0 
5 11 10 10 10 4 9 9 9 2 9 5 4 3 8 0 12 7 7 4 8 5 11 6 2 9 4 5 3 7 8 13 8 8 14 2 2 8 8 8 6 5 9 8 15 8 12 7 10 5 
6 7 10 13 8 8 12 13 7 8 14 14 6 10 13 12 13 9 18 5 8 10 12 3 6 17 11 5 13 14 12 8 8 13 8 12 10 13 14 11 7 15 7 13 7 17 11 10 9 7 
3 1 1 2 1 1 0 3 0 3 1 3 3 3 0 1 1 2 0 4 3 3 2 1 3 3 3 0 2 2 0 5 1 1 2 4 3 0 2 0 3 3 2 2 1 2 2 0 4 1 
11 16 9 7 10 4 15 12 16 16 13 10 10 8 5 10 5 11 8 8 11 5 17 8 22 10 4 10 6 8 11 3 10 12 7 6 6 8 8 9 12 6 14 5 19 13 13 11 9 9 
12 12 14 10 12 12 7 8 5 9 12 9 8 3 5 6 4 11 6 10 11 10 12 6 13 5 11 13 8 6 5 2 10 10 6 10 12 4 9 10 11 12 18 12 6 7 5 7 9 14 
1 1 1 1 0 1 1 1 1 0 2 3 1 0 1 1 1 2 0 0 1 0 2 1 0 2 1 0 0 2 1 0 1 2 2 2 2 2 1 1 1 2 0 1 2 1 2 1 1 4 
5 3 4 5 3 7 3 3 1 2 1 6 3 6 2 7 5 3 7 4 1 4 3 3 4 5 8 1 2 2 8 3 6 5 9 6 3 5 5 2 5 5 4 4 3 0 3 2 3 6 
4 5 0 1 2 6 4 0 3 5 3 5 1 1 3 1 1 3 0 3 0 3 1 3 2 1 0 1 2 1 0 0 1 0 2 1 1 0 1 0 5 1 1 1 2 0 5 4 1 2 
2 7 6 6 5 6 11 5 5 7 3 9 4 9 8 11 2 4 4 5 7 6 6 5 9 7 8 7 7 1 0 7 9 8 7 8 7 8 3 5 5 7 8 6 6 6 6 9 10 7 
2 1 3 0 4 9 3 5 5 6 4 4 4 7 5 7 10 7 5 6 4 4 2 6 4 3 7 7 5 5 5 6 5 3 9 5 7 7 2 4 7 6 3 2 4 5 6 5 4 6 
8 11 11 10 9 10 9 12 6 14 5 12 8 2 5 13 17 15 5 13 11 10 13 10 13 9 9 10 11 12 13 12 9 11 6 10 7 8 9 7 10 10 13 13 9 11 13 7 13 7 
DEPOT_SECTION
 1
 -1
EOF
