NAME  : Parada_40_5_0.95_1.00_6
TYPE : SVRP
MODEL : FINITE_SUPPORT
NUMBER_OF_SCENARIOS : 50
DIMENSION : 40
EDGE_WEIGHT_TYPE : MATRIX
CAPACITY : 52
N_VEHICLES : 5
NODE_COORD_SECTION
1 237710 358830
2 554180 273590
3 273460 362410
4 384990 477370
5 320520 374010
6 142670 565120
7 585940 100890
8 675050 363510
9 528570 175930
10 637210 498140
11 340750 287690
12 529210 252320
13 641330 516370
14 718960 529010
15 271090 584130
16 499030 213320
17 284240 377710
18 23209 628550
19 414230 456060
20 27 593940
21 45875 423820
22 383360 396650
23 507990 486840
24 357630 347570
25 346220 619240
26 238900 472870
27 632270 95920
28 629480 360410
29 261820 411580
30 610100 178760
31 435900 347550
32 308870 657980
33 487950 18
34 135240 709680
35 566490 150440
36 546740 351860
37 419460 484490
38 469880 485570
39 14822 418070
40 401390 600420
DEMAND_SECTION
1 0.0
2 5.0
3 8.0
4 6.0
5 6.0
6 3.0
7 10.0
8 8.0
9 8.0
10 10.0
11 6.0
12 3.0
13 5.0
14 1.0
15 9.0
16 1.0
17 6.0
18 8.0
19 4.0
20 10.0
21 8.0
22 9.0
23 1.0
24 9.0
25 7.0
26 8.0
27 10.0
28 9.0
29 5.0
30 1.0
31 8.0
32 9.0
33 5.0
34 8.0
35 8.0
36 5.0
37 5.0
38 9.0
39 4.0
40 5.0
DISTANCE_MATRIX
0.0 55.2004 15.6525 18.4076 14.3178 39.4081 59.9083 61.5051 46.6905 55.196 32.5576 59.4376 55.57 65.2327 35.0571 59.7268 6.32456 50.467 22.7132 50.296 32.9903 17.0294 34.9929 21.1896 49.0918 22.0 63.6709 55.2418 15.8114 51.8153 26.1725 45.0444 75.6902 56.0803 53.1507 41.7696 22.8534 31.2924 34.0734 48.7032 
55.2004 0.0 45.3705 39.0333 54.8715 86.4533 41.0122 18.3848 37.9473 39.5601 55.264 4.47214 28.2843 43.0465 53.9224 10.198 51.7196 84.1891 33.0654 87.0489 83.565 45.6575 26.3594 51.1983 73.0662 50.3692 38.6394 13.1529 61.9851 31.1448 39.9999 60.1415 56.7186 93.65 39.4588 25.4286 35.1284 26.1837 86.7381 51.614 
15.6525 45.3705 0.0 25.741 28.2843 55.0404 73.1597 48.4507 63.3287 39.6447 46.0109 49.6078 40.0186 49.6813 21.587 54.424 12.0416 43.7127 23.8674 46.3303 37.8025 25.741 19.4415 34.0 63.7887 10.6301 74.0271 43.4571 31.3847 62.5292 34.6808 31.4006 90.1534 71.714 68.2497 41.0586 20.9633 21.4031 40.5142 33.2415 
18.4076 39.0333 25.741 0.0 18.3661 49.7411 52.6146 44.7214 39.4628 46.5296 33.7343 43.2705 42.45 55.4707 36.4683 43.5597 14.9269 67.7044 5.38516 70.3219 48.8623 12.0 20.2485 21.8403 52.4976 35.4793 58.191 38.4838 25.1925 44.5216 19.9249 45.6244 68.4374 65.0527 45.857 25.6025 4.47214 13.4536 49.9453 45.0999 
14.3178 54.8715 28.2843 18.3661 0.0 31.6228 49.6488 61.1875 35.8469 64.8147 18.2483 59.1087 60.3075 73.6289 49.0102 50.4379 16.2788 58.6003 22.6716 58.3196 41.0 10.4403 38.4613 7.2111 35.5106 36.1248 53.8516 54.9129 8.06226 42.0608 16.4924 59.0085 64.405 46.6905 42.5441 42.1359 22.8119 31.241 39.9545 61.3922 
39.4081 86.4533 55.0404 49.7411 31.6228 0.0 70.1783 92.7693 57.0 94.5359 29.0 80.3603 91.6867 104.573 71.5629 76.572 44.6878 65.6201 54.0467 62.3699 42.107 41.6773 69.8363 32.311 26.2488 59.2448 76.0263 86.4948 24.7588 66.1891 44.2719 81.098 80.5233 17.088 63.0714 68.2701 54.1869 62.626 37.1214 87.8146 
59.9083 41.0122 73.1597 52.6146 49.6488 70.1783 0.0 58.3095 13.9284 79.9062 41.3038 37.0135 69.1809 84.0536 84.9741 31.0161 57.2357 106.502 52.1411 106.331 89.0254 42.8839 59.6154 43.4626 51.4198 78.1584 6.7082 54.0093 56.4624 10.7703 33.8378 93.5361 17.0 76.7919 7.28011 33.9969 55.3606 52.7731 90.1084 88.6105 
61.5051 18.3848 48.4507 44.7214 61.1875 92.7693 58.3095 0.0 56.3028 27.6586 73.5807 21.587 15.5563 27.5136 52.8867 27.4591 58.0243 85.8429 39.3573 89.3588 81.4008 51.9734 29.1548 62.7696 91.3829 53.0094 55.0 6.40312 68.2875 49.0306 58.3166 56.3649 73.0274 107.722 57.4891 43.7453 41.2311 31.9531 84.1124 44.6542 
46.6905 37.9473 63.3287 39.4628 35.8469 57.0 13.9284 56.3028 0.0 74.0068 28.0 34.9285 64.5069 79.6376 75.2831 29.5296 44.0839 93.0892 39.6047 92.9182 75.6125 29.6985 50.9902 29.5466 40.7185 64.6364 19.105 50.9608 42.5441 10.2956 20.5183 83.8136 29.0 65.0 6.7082 27.074 42.3797 43.4166 76.6955 80.05 
55.196 39.5601 39.6447 46.5296 64.8147 94.5359 79.9062 27.6586 74.0068 0.0 79.4796 43.9659 12.2066 10.2956 33.7343 49.7293 50.9616 67.6018 42.5441 72.1803 68.884 57.3847 26.4008 68.0294 98.6154 40.3113 78.1025 28.178 71.6411 69.4622 62.1086 33.1361 96.1041 111.274 77.1622 47.0106 42.0595 34.176 71.3885 19.4165 
32.5576 55.264 46.0109 33.7343 18.2483 29.0 41.3038 73.5807 28.0 79.4796 0.0 53.1852 73.4894 87.6641 67.1193 49.3964 34.0 75.5581 37.0 75.277 54.0594 22.1359 53.1413 12.0416 19.2354 54.3323 47.0425 67.9225 20.2485 37.3363 19.105 77.1038 52.9245 38.4838 34.1321 41.095 38.0789 45.31 49.6131 78.7036 
59.4376 4.47214 49.6078 43.2705 59.1087 80.3603 37.0135 21.587 34.9285 43.9659 53.1852 0.0 32.5576 47.1699 58.1596 6.0 55.9569 88.4263 37.3026 91.2861 89.8923 49.8947 30.5966 49.1196 70.7674 54.6064 34.3657 17.0 66.2223 27.4591 37.9212 64.3829 52.469 91.5713 35.9026 23.3499 39.3656 30.421 90.9753 56.0357 
55.57 28.2843 40.0186 42.45 60.3075 91.6867 69.1809 15.5563 64.5069 12.2066 73.4894 32.5576 0.0 15.1327 40.1123 38.4708 56.8724 74.0068 37.6431 78.0577 71.7549 51.8652 22.8035 62.6817 92.7239 43.1741 66.9104 16.1555 67.138 59.0085 55.7191 42.0595 85.0 106.998 67.0298 37.6449 38.1838 29.0689 74.4666 29.5296 
65.2327 43.0465 49.6813 55.4707 73.6289 104.573 84.0536 27.5136 79.6376 10.2956 87.6641 47.1699 15.1327 0.0 43.6807 53.1507 70.1897 77.2787 51.1077 82.0 79.177 65.7647 35.2278 76.5376 106.888 50.6063 81.4985 30.2655 80.4553 74.0068 69.9192 42.0476 99.6092 120.316 82.0975 52.7225 51.0392 42.5441 81.6838 28.0179 
35.0571 53.9224 21.587 36.4683 49.0102 71.5629 84.9741 52.8867 75.2831 33.7343 67.1193 58.1596 40.1123 43.6807 0.0 62.9758 33.2415 34.0588 35.8218 38.4708 37.5366 47.3246 27.8029 55.2268 84.1487 13.1529 85.8021 49.3964 50.5793 74.3435 56.2643 10.0 101.968 88.6348 80.064 52.4976 32.9178 32.6497 41.0366 17.8045 
59.7268 10.198 54.424 43.5597 50.4379 76.572 31.0161 27.4591 29.5296 49.7293 49.3964 6.0 38.4708 53.1507 62.9758 0.0 56.2461 93.4848 38.3794 96.1023 90.1815 43.168 35.4128 45.3313 66.7083 59.4226 28.4429 23.0 57.9161 21.587 34.1329 69.1991 46.5296 87.783 30.0832 19.601 41.5989 35.2372 91.2645 61.0574 
6.32456 51.7196 12.0416 14.9269 16.2788 44.6878 57.2357 58.0243 44.0839 50.9616 34.0 55.9569 56.8724 70.1897 33.2415 56.2461 0.0 56.2955 19.2325 56.1245 38.8188 14.7648 35.022 22.0227 51.788 20.8806 60.9984 51.7611 20.2485 49.1427 23.8537 43.1856 73.0585 61.0328 50.4781 38.2889 19.3727 27.8117 39.9018 45.1221 
50.467 84.1891 43.7127 67.7044 58.6003 65.6201 106.502 85.8429 93.0892 67.6018 75.5581 88.4263 74.0068 77.2787 34.0588 93.4848 56.2955 0.0 62.9282 5.65685 23.7697 63.8615 57.9741 65.8027 86.977 33.8378 113.088 81.5843 55.5265 98.4091 72.6685 36.0555 122.028 81.0555 99.663 80.1194 60.0242 60.2217 28.6356 49.7293 
22.7132 33.0654 23.8674 5.38516 22.6716 54.0467 52.1411 39.3573 39.6047 42.5441 37.0 37.3026 37.6431 51.1077 35.8218 38.3794 19.2325 62.9282 0.0 65.5457 53.1679 14.8661 16.1555 25.4951 56.0803 28.866 53.0106 33.1068 29.4981 41.5106 21.0238 44.9444 69.1348 69.3542 47.2311 20.4222 3.60555 8.60233 54.2509 43.0465 
50.296 87.0489 46.3303 70.3219 58.3196 62.3699 106.331 89.3588 92.9182 72.1803 75.277 91.2861 78.0577 82.0 38.4708 96.1023 56.1245 5.65685 65.5457 0.0 21.4709 63.6905 61.0 65.5218 84.6936 36.6742 110.094 84.8528 55.2454 98.2381 72.4974 41.2311 121.857 77.3175 99.492 82.7369 62.6417 63.0814 26.0 54.7083 
32.9903 83.565 37.8025 48.8623 41.0 42.107 89.0254 81.4008 75.6125 68.884 54.0594 89.8923 71.7549 79.177 37.5366 90.1815 38.8188 23.7697 53.1679 21.4709 0.0 46.3848 52.5733 48.2022 63.3246 28.6356 92.7881 76.5605 36.4506 80.9324 55.1918 44.8219 104.551 58.0775 82.1863 72.2243 53.3081 54.5537 5.0 55.3173 
17.0294 45.6575 25.741 12.0 10.4403 41.6773 42.8839 51.9734 29.6985 57.3847 22.1359 49.8947 51.8652 65.7647 47.3246 43.168 14.7648 63.8615 14.8661 63.6905 46.3848 0.0 31.0161 10.8167 41.2311 35.4683 46.6466 45.6989 18.4391 34.7909 9.21954 57.1281 58.6941 55.9732 36.1264 34.8661 16.1245 23.2594 47.4678 57.0789 
34.9929 26.3594 19.4415 20.2485 38.4613 69.8363 59.6154 29.1548 50.9902 26.4008 53.1413 30.5966 22.8035 35.2278 27.8029 35.4128 35.022 57.9741 16.1555 61.0 52.5733 31.0161 0.0 41.6293 72.2357 24.3311 59.8985 24.0208 45.2877 48.8467 36.3456 34.8281 76.559 85.1479 55.3624 25.9422 15.8114 8.06226 55.2849 29.1204 
21.1896 51.1983 34.0 21.8403 7.2111 32.311 43.4626 62.7696 29.5466 68.0294 12.0416 49.1196 62.6817 76.5376 55.2268 45.3313 22.0227 65.8027 25.4951 65.5218 48.2022 10.8167 41.6293 0.0 30.6757 42.5793 48.0833 56.4951 13.0 36.6742 12.1655 65.192 57.6888 45.607 36.2491 37.0294 26.2488 34.0 44.758 66.6637 
49.0918 73.0662 63.7887 52.4976 35.5106 26.2488 51.4198 91.3829 40.7185 98.6154 19.2354 70.7674 92.7239 106.888 84.1487 66.7083 51.788 86.977 56.0803 84.6936 63.3246 41.2311 72.2357 30.6757 0.0 71.0634 57.9741 85.7248 34.0588 50.9902 38.0132 94.1329 58.0775 26.0192 45.2217 58.8973 56.921 64.4748 58.6941 96.8814 
22.0 50.3692 10.6301 35.4793 36.1248 59.2448 78.1584 53.0094 64.6364 40.3113 54.3323 54.6064 43.1741 50.6063 13.1529 59.4226 20.8806 33.8378 28.866 36.6742 28.6356 35.4683 24.3311 42.5793 71.0634 0.0 79.0257 48.2597 37.4492 67.5278 44.4191 23.0868 95.1521 76.3306 71.0306 46.0572 25.962 26.4018 31.0805 28.8444 
63.6709 38.6394 74.0271 58.191 53.8516 76.0263 6.7082 55.0 19.105 78.1025 47.0425 34.3657 66.9104 81.4985 85.8021 28.4429 60.9984 113.088 53.0106 110.094 92.7881 46.6466 59.8985 48.0833 57.9741 79.0257 0.0 51.2445 61.0328 12.2066 37.6114 94.0909 18.1108 83.1865 13.0384 34.274 56.2302 53.2798 93.8711 88.6657 
55.2418 13.1529 43.4571 38.4838 54.9129 86.4948 54.0093 6.40312 50.9608 28.178 67.9225 17.0 16.1555 30.2655 49.3964 23.0 51.7611 81.5843 33.1068 84.8528 76.5605 45.6989 24.0208 56.4951 85.7248 48.2597 51.2445 0.0 62.0265 44.2832 52.6585 53.8516 69.3542 101.447 52.6118 38.0872 35.1141 25.9615 79.2722 43.1856 
15.8114 61.9851 31.3847 25.1925 8.06226 24.7588 56.4624 68.2875 42.5441 71.6411 20.2485 66.2223 67.138 80.4553 50.5793 57.9161 20.2485 55.5265 29.4981 55.2454 36.4506 18.4391 45.2877 13.0 34.0588 37.4492 61.0328 62.0265 0.0 49.4773 24.1868 60.4558 70.4911 40.8044 49.2443 48.5543 29.6383 38.0773 32.0044 64.5136 
51.8153 31.1448 62.5292 44.5216 42.0608 66.1891 10.7703 49.0306 10.2956 69.4622 37.3363 27.4591 59.0085 74.0068 74.3435 21.587 49.1427 98.4091 41.5106 98.2381 80.9324 34.7909 48.8467 36.6742 50.9902 67.5278 12.2066 44.2832 49.4773 0.0 25.7558 82.8553 27.7308 75.0 8.544 23.2266 44.7301 42.0595 82.0155 77.8402 
26.1725 39.9999 34.6808 19.9249 16.4924 44.2719 33.8378 58.3166 20.5183 62.1086 19.105 37.9212 55.7191 69.9192 56.2643 34.1329 23.8537 72.6685 21.0238 72.4974 55.1918 9.21954 36.3456 12.1655 38.0132 44.4191 37.6114 52.6585 24.1868 25.7558 0.0 65.3686 49.5177 56.6039 27.0185 25.831 23.3452 28.2843 56.2748 64.0703 
45.0444 60.1415 31.4006 45.6244 59.0085 81.098 93.5361 56.3649 83.8136 33.1361 77.1038 64.3829 42.0595 42.0476 10.0 69.1991 43.1856 36.0555 44.9444 41.2311 44.8219 57.1281 34.8281 65.192 94.1329 23.0868 94.0909 53.8516 60.4558 82.8553 65.3686 0.0 110.535 98.1699 88.6441 60.4649 42.0739 40.8167 48.8262 14.0357 
75.6902 56.7186 90.1534 68.4374 64.405 80.5233 17.0 73.0274 29.0 96.1041 52.9245 52.469 85.0 99.6092 101.968 46.5296 73.0585 122.028 69.1348 121.857 104.551 58.6941 76.559 57.6888 58.0775 95.1521 18.1108 69.3542 70.4911 27.7308 49.5177 110.535 0.0 84.0952 22.6716 50.9345 72.3543 69.7711 101.604 105.548 
56.0803 93.65 71.714 65.0527 46.6905 17.088 76.7919 107.722 65.0 111.274 38.4838 91.5713 106.998 120.316 88.6348 87.783 61.0328 81.0555 69.3542 77.3175 58.0775 55.9732 85.1479 45.607 26.0192 76.3306 83.1865 101.447 40.8044 75.0 56.6039 98.1699 84.0952 0.0 70.214 79.4811 69.4985 77.9376 53.0848 104.68 
53.1507 39.4588 68.2497 45.857 42.5441 63.0714 7.28011 57.4891 6.7082 77.1622 34.1321 35.9026 67.0298 82.0975 80.064 30.0832 50.4781 99.663 47.2311 99.492 82.1863 36.1264 55.3624 36.2491 45.2217 71.0306 13.0384 52.6118 49.2443 8.544 27.0185 88.6441 22.6716 70.214 0.0 30.2655 48.7739 48.1041 83.2693 84.4808 
41.7696 25.4286 41.0586 25.6025 42.1359 68.2701 33.9969 43.7453 27.074 47.0106 41.095 23.3499 37.6449 52.7225 52.4976 19.601 38.2889 80.1194 20.4222 82.7369 72.2243 34.8661 25.9422 37.0294 58.8973 46.0572 34.274 38.0872 48.5543 23.2266 25.831 60.4649 50.9345 79.4811 30.2655 0.0 23.6417 19.8494 73.3073 54.7814 
22.8534 35.1284 20.9633 4.47214 22.8119 54.1869 55.3606 41.2311 42.3797 42.0595 38.0789 39.3656 38.1838 51.0392 32.9178 41.5989 19.3727 60.0242 3.60555 62.6417 53.3081 16.1245 15.8114 26.2488 56.921 25.962 56.2302 35.1141 29.6383 44.7301 23.3452 42.0739 72.3543 69.4985 48.7739 23.6417 0.0 9.43398 54.3911 41.0122 
31.2924 26.1837 21.4031 13.4536 31.241 62.626 52.7731 31.9531 43.4166 34.176 45.31 30.421 29.0689 42.5441 32.6497 35.2372 27.8117 60.2217 8.60233 63.0814 54.5537 23.2594 8.06226 34.0 64.4748 26.4018 53.2798 25.9615 38.0773 42.0595 28.2843 40.8167 69.7711 77.9376 48.1041 19.8494 9.43398 0.0 57.2654 36.6742 
34.0734 86.7381 40.5142 49.9453 39.9545 37.1214 90.1084 84.1124 76.6955 71.3885 49.6131 90.9753 74.4666 81.6838 41.0366 91.2645 39.9018 28.6356 54.2509 26.0 5.0 47.4678 55.2849 44.758 58.6941 31.0805 93.8711 79.2722 32.0044 82.0155 56.2748 48.8262 101.604 53.0848 83.2693 73.3073 54.3911 57.2654 0.0 58.6941 
48.7032 51.614 33.2415 45.0999 61.3922 87.8146 88.6105 44.6542 80.05 19.4165 78.7036 56.0357 29.5296 28.0179 17.8045 61.0574 45.1221 49.7293 43.0465 54.7083 55.3173 57.0789 29.1204 66.6637 96.8814 28.8444 88.6657 43.1856 64.5136 77.8402 64.0703 14.0357 105.548 104.68 84.4808 54.7814 41.0122 36.6742 58.6941 0.0 
DEMAND_SCENARIO_SECTION
0 0 0 0 0 0 0 0 0 0 0 0 0 0 0 0 0 0 0 0 0 0 0 0 0 0 0 0 0 0 0 0 0 0 0 0 0 0 0 0 0 0 0 0 0 0 0 0 0 0 
5 9 6 2 2 8 3 5 1 3 5 5 7 6 8 6 6 7 5 1 7 6 8 10 4 8 7 8 5 5 5 8 6 6 3 9 5 10 5 2 0 9 7 4 6 5 5 6 2 6 
8 11 8 8 8 5 9 7 4 9 6 6 8 6 6 7 8 6 7 4 6 10 8 5 7 5 6 11 9 8 10 11 5 5 8 4 5 9 11 9 11 9 4 7 3 12 7 4 13 7 
6 1 7 6 8 4 4 4 6 4 9 6 2 3 10 3 4 10 4 2 2 4 2 6 5 4 6 9 5 10 5 7 8 10 9 6 7 7 5 3 10 6 6 8 6 8 11 7 3 9 
7 4 10 6 4 5 9 1 7 4 8 7 10 7 9 7 1 7 6 5 5 7 9 1 8 4 2 9 6 8 6 7 5 6 5 5 4 5 8 6 8 7 8 3 11 6 7 0 5 7 
3 5 0 0 3 3 2 1 3 0 5 3 0 3 0 5 4 4 4 4 3 5 5 2 0 3 2 1 0 4 5 1 4 5 3 3 2 3 3 3 3 5 5 5 2 1 4 6 3 4 
10 9 12 10 13 12 9 13 11 10 12 9 3 9 5 10 7 10 14 10 7 2 14 10 7 9 7 9 11 12 11 10 12 8 12 12 14 5 6 14 13 11 13 7 10 6 11 14 6 10 
10 9 12 5 4 9 3 10 8 8 8 13 5 6 5 3 6 11 8 6 11 12 10 7 2 7 4 12 11 8 12 3 8 7 9 10 6 3 6 5 8 6 12 12 10 6 10 10 4 8 
8 3 3 15 7 5 8 11 7 5 11 12 13 8 11 5 6 7 6 9 3 11 6 8 4 6 6 14 10 13 7 8 6 12 8 5 7 7 6 8 12 10 6 7 10 8 10 3 8 10 
9 13 9 7 7 11 8 8 9 13 13 7 11 13 8 13 14 13 11 5 10 14 10 8 12 4 9 10 11 7 10 12 10 13 12 8 9 5 14 11 8 10 8 6 3 6 12 10 9 14 
5 0 7 6 6 4 5 7 5 6 8 10 5 1 9 9 9 4 9 9 5 7 4 7 12 4 5 4 1 3 6 1 8 4 3 8 6 6 8 8 9 5 3 5 7 0 5 9 11 5 
3 2 1 3 5 5 4 5 0 3 3 5 2 5 3 5 2 3 0 3 3 5 3 1 3 2 2 1 3 1 1 3 3 0 3 2 3 2 1 4 2 4 4 1 5 1 5 4 5 3 
2 5 7 5 9 2 7 1 4 4 6 3 4 2 5 10 8 3 4 7 10 8 7 4 2 6 4 5 7 7 5 5 5 2 9 5 6 2 7 4 6 7 7 4 1 3 6 4 8 6 
2 1 1 0 0 0 2 0 0 0 1 2 2 0 1 3 2 0 2 0 2 1 2 1 1 0 0 1 0 0 0 1 0 1 3 2 0 0 3 1 2 1 1 0 0 2 0 2 1 0 
8 4 8 9 11 16 8 10 10 11 8 11 10 4 9 5 5 8 11 8 9 9 14 11 11 5 12 8 9 4 9 5 9 6 10 13 15 9 10 7 4 9 15 11 9 11 6 9 9 8 
1 2 0 2 2 2 0 2 0 1 2 0 2 2 0 0 1 1 2 1 0 2 3 2 1 1 0 0 1 1 1 2 1 0 1 2 2 1 0 1 0 2 0 0 2 2 1 1 2 1 
7 9 2 7 2 6 6 9 2 5 7 2 8 4 10 6 11 6 8 7 7 3 8 7 10 10 0 6 7 4 4 6 9 4 11 5 6 8 5 2 7 4 5 9 5 8 6 5 7 6 
8 9 6 7 7 7 10 1 8 8 9 12 12 9 11 9 6 9 9 8 10 7 9 11 7 7 11 11 8 1 5 10 9 11 10 6 5 8 6 11 14 6 8 10 10 9 8 9 7 7 
4 6 3 5 3 2 0 3 7 2 3 4 6 7 5 5 2 2 2 4 4 6 1 3 6 6 5 2 4 8 3 4 2 4 6 4 2 2 4 7 4 2 5 1 0 2 0 6 3 6 
11 8 11 10 10 17 13 8 8 17 8 13 13 13 9 9 11 10 15 13 10 13 16 4 11 10 11 9 10 4 7 17 11 13 8 11 16 10 6 8 13 5 15 12 11 8 13 11 3 7 
6 7 11 12 7 13 5 8 5 5 14 7 14 8 7 6 13 9 7 6 11 15 6 9 6 9 13 9 9 7 8 11 10 4 5 7 9 5 7 11 6 10 9 11 2 11 3 8 5 8 
8 11 4 9 8 7 4 13 11 11 4 10 11 15 4 9 7 10 14 4 4 6 0 9 9 10 10 12 10 7 10 10 10 13 7 15 8 10 10 10 12 10 12 6 10 11 11 9 4 4 
1 0 1 1 0 0 0 1 2 0 2 1 2 2 3 0 1 1 1 2 1 2 2 0 2 2 1 2 2 1 3 0 3 1 2 3 1 1 1 2 1 0 0 2 1 2 1 0 2 0 
14 3 5 9 12 9 6 12 12 7 8 16 2 7 5 8 17 14 6 5 7 7 7 11 15 9 4 6 8 12 10 10 8 4 5 8 11 11 10 12 10 10 3 7 8 5 12 6 9 9 
6 9 9 4 6 5 8 6 6 9 10 6 7 2 7 7 7 8 5 11 5 13 6 6 11 5 8 5 0 8 7 10 5 6 6 7 10 8 4 7 7 2 9 2 12 6 7 6 7 5 
10 7 9 7 14 10 9 7 8 4 10 13 8 6 9 10 4 15 13 11 8 7 7 6 17 8 8 13 10 5 7 5 6 7 5 8 7 5 10 6 6 13 6 6 5 6 8 4 7 7 
7 11 14 9 7 11 12 14 13 9 11 7 6 6 11 12 12 10 12 14 8 11 10 15 15 11 11 11 10 9 10 5 8 11 13 9 2 7 10 10 4 8 11 10 14 9 11 13 4 9 
10 13 4 9 6 7 12 9 10 4 8 3 9 14 9 7 10 6 12 9 10 10 13 13 10 9 9 9 8 2 6 10 9 4 9 11 8 7 8 9 10 6 8 13 12 12 11 5 8 15 
4 7 5 1 3 6 7 8 9 3 7 4 8 0 2 6 4 5 7 5 6 3 5 1 5 5 7 7 2 6 7 5 4 8 4 14 4 3 4 5 4 8 9 5 5 7 10 4 9 8 
2 0 2 2 1 2 1 3 1 3 0 0 2 1 1 0 1 0 0 2 2 1 2 0 0 1 0 1 2 1 0 2 2 1 1 1 1 0 0 2 2 1 0 1 3 0 2 0 0 3 
10 11 9 8 4 9 7 11 6 9 11 11 4 5 5 3 9 2 8 4 7 6 5 9 12 7 5 3 7 10 2 12 9 9 11 2 6 9 7 13 4 6 7 7 8 9 7 7 4 7 
9 7 10 8 12 8 7 10 6 8 8 13 11 6 9 12 6 9 11 12 10 7 8 9 7 6 11 1 16 10 2 6 10 9 8 9 3 11 6 8 11 9 10 5 9 7 13 7 13 10 
5 9 5 6 6 4 7 4 10 6 3 5 3 6 1 9 7 1 5 10 4 6 6 4 5 3 5 2 5 4 4 5 6 3 6 6 6 6 3 2 11 7 1 2 4 4 5 5 6 6 
8 13 5 9 12 8 12 13 10 9 7 10 11 5 11 6 8 9 3 9 10 9 14 9 7 11 10 0 15 6 10 6 4 4 4 9 7 8 12 8 10 4 12 6 7 7 3 3 2 12 
6 11 9 6 8 9 9 3 9 8 6 3 10 8 10 7 3 6 3 7 9 4 9 7 9 8 9 6 8 10 6 4 13 11 12 11 13 6 10 10 11 9 9 11 10 6 14 7 9 8 
3 2 6 5 5 7 3 2 10 5 6 2 3 3 7 6 6 6 6 5 4 6 6 6 1 7 4 5 5 8 6 4 6 4 6 7 7 5 3 3 8 5 1 6 8 8 5 8 9 4 
3 5 7 5 3 8 4 3 6 2 13 3 2 0 6 1 5 0 6 5 7 5 4 7 4 8 5 8 4 4 5 2 6 2 8 0 5 7 4 6 4 8 7 6 3 4 7 6 5 5 
9 11 10 12 11 15 12 11 7 4 9 3 7 11 4 16 9 11 6 10 7 14 14 10 12 11 15 7 9 0 11 15 10 11 12 5 10 11 9 6 13 11 8 7 9 6 4 8 5 11 
3 2 7 7 7 7 3 2 5 7 9 6 4 3 3 4 6 4 5 5 4 1 5 3 4 6 3 5 2 6 4 8 1 8 7 2 1 2 2 2 3 4 4 3 2 2 5 2 4 6 
3 5 6 5 3 6 0 1 5 5 4 6 6 7 3 6 10 5 3 4 8 4 5 7 5 3 4 3 3 4 6 4 2 6 5 6 3 8 0 3 9 7 2 6 2 5 6 4 8 2 
DEPOT_SECTION
 1
 -1
EOF
