NAME  : Parada_40_5_0.95_1.00_1
TYPE : SVRP
MODEL : FINITE_SUPPORT
NUMBER_OF_SCENARIOS : 50
DIMENSION : 40
EDGE_WEIGHT_TYPE : MATRIX
CAPACITY : 53
N_VEHICLES : 5
NODE_COORD_SECTION
1 342090 276080
2 133970 48724
3 291060 90720
4 88834 504450
5 557850 327170
6 119330 95191
7 216850 59301
8 269430 210130
9 259070 85728
10 483470 337890
11 45787 158550
12 244220 273210
13 374900 18
14 422330 407550
15 380060 327460
16 25128 392460
17 418710 227900
18 111570 345560
19 252910 198150
20 82867 490380
21 27 412650
22 420960 391130
23 279510 360020
24 646000 419670
25 500590 468160
26 59811 184610
27 443210 4739
28 23404 531790
29 554830 390590
30 566540 152690
31 285690 486600
32 606730 284730
33 220050 981
34 43165 267170
35 407950 315110
36 535770 232730
37 490690 345940
38 214720 477170
39 169000 430730
40 110850 77857
DEMAND_SECTION
1 0.0
2 8.0
3 8.0
4 8.0
5 9.0
6 5.0
7 6.0
8 9.0
9 9.0
10 10.0
11 2.0
12 10.0
13 8.0
14 6.0
15 9.0
16 3.0
17 6.0
18 10.0
19 10.0
20 9.0
21 2.0
22 10.0
23 9.0
24 6.0
25 9.0
26 1.0
27 7.0
28 9.0
29 10.0
30 5.0
31 5.0
32 1.0
33 3.0
34 5.0
35 3.0
36 10.0
37 5.0
38 3.0
39 2.0
40 2.0
DISTANCE_MATRIX
0.0 48.1664 30.8089 60.83 27.8574 45.0111 36.4802 15.5242 30.7099 47.9156 52.3927 20.4217 43.8849 45.6883 8.60233 63.5603 17.281 41.9678 16.0312 62.1884 67.8025 46.3466 32.6534 45.2757 30.0167 53.4509 46.5426 66.3616 30.8058 39.6651 53.7258 47.8244 44.5779 48.3803 11.4018 35.71 20.1246 50.3407 67.4075 42.0119 
48.1664 0.0 25.0 53.8516 61.561 5.83095 14.3178 33.9559 20.8806 78.8923 16.2788 41.7852 30.2324 68.2642 55.0091 45.0 64.2593 38.0789 32.3883 56.0446 49.0408 69.4622 50.774 75.6637 74.8131 20.2237 39.1152 67.1193 69.5941 52.4309 61.7141 90.0662 13.8924 28.6356 59.0085 80.3668 58.6941 53.2839 81.3465 6.7082 
30.8089 25.0 0.0 59.8439 36.9832 24.1868 11.0454 19.2412 4.12311 66.7881 35.4683 28.4443 19.3132 56.7614 31.5753 57.2713 47.617 40.3268 16.5008 61.6676 61.7414 57.4463 40.3268 51.614 50.1597 38.1838 26.1725 68.2971 45.0163 29.8329 61.4775 77.5762 17.72 39.3573 35.9065 66.4803 33.7343 52.2765 76.72 20.5913 
60.83 53.8516 59.8439 0.0 87.5197 48.2701 58.0086 47.927 58.3095 55.3173 39.8121 44.6542 77.0584 46.8188 69.389 15.6525 61.9679 19.6469 50.3289 2.23607 16.2788 49.0408 38.9325 104.938 87.8483 36.2353 85.2877 16.6433 90.6185 89.6826 30.0832 69.6348 64.3817 25.2982 71.2213 67.2309 79.3668 21.9545 40.025 49.6488 
27.8574 61.561 36.9832 87.5197 0.0 61.1486 47.2592 40.9746 40.9186 62.682 76.2253 47.1114 41.3038 61.8101 20.2512 90.238 34.454 68.6575 40.3229 88.8782 94.4918 62.4684 54.0318 18.7883 18.3576 78.3959 39.2173 94.1444 8.06226 18.0278 70.531 61.8466 51.6236 74.5735 21.4164 49.3965 8.54744 81.4785 85.7735 57.5467 
45.0111 5.83095 24.1868 48.2701 61.1486 0.0 14.8661 30.1496 20.2485 73.8241 12.53 37.3631 33.1059 63.1348 52.345 40.1123 59.7238 32.249 29.0 50.448 44.2832 64.4127 45.6508 75.7166 72.9776 16.1555 42.0476 61.327 68.8922 53.1507 55.9005 85.2472 17.4642 23.1948 56.1427 76.0403 57.2451 47.4704 75.5329 3.60555 
36.4802 14.3178 11.0454 58.0086 47.2592 14.8661 0.0 24.4131 7.0 71.7008 27.2029 33.4215 19.4165 61.5549 42.2967 52.6308 53.2834 39.4588 21.9545 60.0333 57.0088 62.3699 44.5982 61.4003 61.2046 30.5287 28.1603 68.6586 55.2923 38.4187 65.6717 82.5882 8.48528 34.7131 46.6038 71.4924 44.7214 52.9844 81.0469 11.4018 
15.5242 33.9559 19.2412 47.927 40.9746 30.1496 24.4131 0.0 19.105 47.6028 36.8782 9.21954 37.9119 37.5366 23.7697 49.5782 30.7717 28.6531 3.16228 49.3964 53.9073 38.261 21.4709 58.3929 45.1885 37.9473 45.2066 53.9161 44.0747 49.0799 42.5597 58.3909 32.8024 33.6006 26.9258 47.295 32.8251 37.8951 57.8022 27.4591 
30.7099 20.8806 4.12311 58.3095 40.9186 20.2485 7.0 19.105 0.0 66.6891 31.8277 28.3196 19.2354 56.6392 35.3553 54.7814 47.518 39.0128 16.4018 60.208 59.2368 57.327 40.2244 55.4707 54.231 34.7131 27.0185 67.4759 48.9517 33.2415 61.3752 77.4771 14.3178 36.7696 39.664 66.3813 37.855 51.4788 76.6177 16.6433 
47.9156 78.8923 66.7881 55.3173 62.682 73.8241 71.7008 47.6028 66.6891 0.0 74.9466 38.3404 85.4588 10.7703 47.5263 68.1836 30.6346 49.5053 50.7055 54.8179 70.5762 9.43398 28.178 77.7868 51.5495 73.7631 93.0289 45.1774 61.8907 86.1513 26.0192 14.3178 80.1744 63.1506 42.9121 16.1245 57.3458 35.0143 25.807 72.2011 
52.3927 16.2788 35.4683 39.8121 76.2253 12.53 27.2029 36.8782 31.8277 74.9466 0.0 42.0119 45.618 64.195 60.4401 29.1548 65.0308 27.8029 36.6879 42.0476 33.0151 65.8027 47.2969 87.0218 81.5966 4.0 54.5619 54.6443 79.3254 65.0538 52.2975 87.5557 29.7321 15.0 63.7887 79.695 67.6783 43.8673 71.8401 15.8114 
20.4217 41.7852 28.4443 44.6542 47.1114 37.3631 33.4215 9.21954 28.3196 38.3404 42.0119 0.0 47.115 28.3196 28.9807 49.2037 23.0217 26.9072 12.3651 45.793 53.2635 29.0 12.6491 64.5297 50.4341 42.2966 54.4097 49.6371 50.2102 56.931 33.541 49.1285 41.8688 35.4683 31.6569 38.6774 38.9585 33.6161 48.7835 35.1141 
43.8849 30.2324 19.3132 77.0584 41.3038 33.1059 19.4165 37.9119 19.2354 85.4588 45.618 47.115 0.0 75.4321 44.9444 72.0347 59.7338 58.0345 35.1715 79.0253 76.4003 76.117 58.9976 50.448 58.7077 49.2443 8.94427 86.7006 49.163 26.4764 80.1482 90.2799 16.4012 54.1295 49.3964 78.1134 47.3098 70.7121 95.3907 30.0832 
45.6883 68.2642 56.7614 46.8188 61.8101 63.1348 61.5549 37.5366 56.6392 10.7703 64.195 28.3196 75.4321 0.0 45.299 58.6941 32.5812 39.1152 40.6788 46.6154 61.3922 2.23607 17.4929 79.2208 53.4962 63.0635 90.8015 39.0512 64.087 83.924 16.7631 24.0208 70.0357 52.6118 41.1156 20.5913 57.7298 25.4951 25.4951 61.5873 
8.60233 55.0091 31.5753 69.389 20.2512 52.345 42.2967 23.7697 35.3553 47.5263 60.4401 28.9807 44.9444 45.299 0.0 72.1193 16.5529 50.5267 23.7697 70.7474 76.3615 45.9573 35.2765 37.6431 21.4709 61.6847 47.0316 75.3891 22.8254 37.5376 51.7757 46.6154 49.2443 56.9386 4.47214 34.2053 13.1529 62.7233 67.0182 49.163 
63.5603 45.0 57.2713 15.6525 90.238 40.1123 52.6308 49.5782 54.7814 68.1836 29.1548 49.2037 72.0347 58.6941 72.1193 0.0 69.3181 22.4722 51.225 17.4929 4.47214 60.834 46.6154 107.656 93.5727 25.1794 80.7775 32.249 93.3381 86.7352 42.19 82.3893 57.4282 18.0278 74.7955 78.3986 82.0885 33.2415 55.3624 42.4264 
17.281 64.2593 47.617 61.9679 34.454 59.7238 53.2834 30.7717 47.518 30.6346 65.0308 23.0217 59.7338 32.5812 16.5529 69.3181 0.0 47.0106 31.9013 63.007 72.9452 30.421 23.0217 51.1566 27.7308 65.2763 62.3699 62.9152 35.2278 51.7405 39.3019 30.5434 61.3859 57.7235 13.3417 18.4391 28.4429 50.8208 55.7354 57.2494 
41.9678 38.0789 40.3268 19.6469 68.6575 32.249 39.4588 28.6531 39.0128 49.5053 27.8029 26.9072 58.0345 39.1152 50.5267 22.4722 47.0106 0.0 30.8707 21.3776 26.4008 41.0488 24.7386 86.0758 71.9802 25.5539 66.0303 29.4109 71.7563 70.1656 24.5547 63.1269 46.5725 13.9284 53.2029 57.4282 60.5046 16.1245 44.0454 32.6956 
16.0312 32.3883 16.5008 50.3289 40.3229 29.0 21.9545 3.16228 16.4018 50.7055 36.6879 12.3651 35.1715 40.6788 23.7697 51.225 31.9013 30.8707 0.0 51.8652 55.6058 41.3637 24.5967 57.7412 44.9444 38.0789 42.4662 56.6408 43.423 46.3395 45.6594 61.4935 30.2324 34.7131 27.2947 50.3977 32.1734 40.6199 60.9019 26.0768 
62.1884 56.0446 61.6676 2.23607 88.8782 50.448 60.0333 49.3964 60.208 54.8179 42.0476 45.793 79.0253 46.6154 70.7474 17.4929 63.007 21.3776 51.8652 0.0 17.72 48.8467 39.9715 106.297 88.8874 38.4708 87.2067 14.7648 91.977 91.5063 29.9666 69.1231 66.4831 27.5136 72.2604 67.1193 80.7253 22.2036 38.6394 51.788 
67.8025 49.0408 61.7414 16.2788 94.4918 44.2832 57.0088 53.9073 59.2368 70.5762 33.0151 53.2635 76.4003 61.3922 76.3615 4.47214 72.9452 26.4008 55.6058 17.72 0.0 63.561 50.0899 111.91 97.8149 29.0172 85.1645 32.311 97.591 91.2072 44.7214 84.8528 61.6604 22.4722 79.0377 81.5978 86.3453 35.9026 56.2939 46.6905 
46.3466 69.4622 57.4463 49.0408 62.4684 64.4127 62.3699 38.261 57.327 9.43398 65.8027 29.0 76.117 2.23607 45.9573 60.834 30.421 41.0488 41.3637 48.8467 63.561 0.0 18.7883 77.5732 51.3359 64.7611 91.4599 41.2311 61.6771 84.5823 18.9737 22.0907 70.8378 54.4518 41.7739 18.3576 58.3881 27.6586 26.9258 62.7694 
32.6534 50.774 40.3268 38.9325 54.0318 45.6508 44.5982 21.4709 40.2244 28.178 47.2969 12.6491 58.9976 17.4929 35.2765 46.6154 23.0217 24.7386 24.5967 39.9715 50.0899 18.7883 0.0 71.4501 49.2545 46.5296 66.2923 44.7642 55.3841 69.1627 21.1508 40.2616 53.0754 37.0135 32.6274 33.0151 47.7073 27.7853 36.3933 44.1022 
45.2757 75.6637 51.614 104.938 18.7883 75.7166 61.4003 58.3929 55.4707 77.7868 87.0218 64.5297 50.448 79.2208 37.6431 107.656 51.1566 86.0758 57.7412 106.297 111.91 77.5732 71.4501 0.0 27.2029 89.6044 45.1774 111.563 16.0 24.0416 87.6343 75.71 64.0781 90.0688 38.6394 63.7887 25.9658 98.8969 100.94 72.111 
30.0167 74.8131 50.1597 87.8483 18.3576 72.9776 61.2046 45.1885 54.231 51.5495 81.5966 50.4341 58.7077 53.4962 21.4709 93.5727 27.7308 71.9802 44.9444 88.8874 97.8149 51.3359 49.2545 27.2029 0.0 83.006 57.3847 89.311 12.8062 36.3593 65.6977 48.6621 67.0075 78.3927 19.2094 37.054 17.2627 76.7012 76.6504 69.5081 
53.4509 20.2237 38.1838 36.2353 78.3959 16.1555 30.5287 37.9473 34.7131 73.7631 4.0 42.2966 49.2443 63.0635 61.6847 25.1794 65.2763 25.5539 38.0789 38.4708 29.0172 64.7611 46.5296 89.6044 83.006 0.0 58.1808 51.4004 81.4961 67.9412 50.1079 86.6833 33.5261 12.0416 64.846 79.228 70.2465 41.6773 69.4046 19.2354 
46.5426 39.1152 26.1725 85.2877 39.2173 42.0476 28.1603 45.2066 27.0185 93.0289 54.5619 54.4097 8.94427 90.8015 47.0316 80.7775 62.3699 66.0303 42.4662 87.2067 85.1645 91.4599 66.2923 45.1774 57.3847 58.1808 0.0 94.2603 46.5725 22.2036 87.4429 92.8865 25.2389 62.8172 51.4486 80.7108 46.1157 78.2419 102.685 39.0 
66.3616 67.1193 68.2971 16.6433 94.1444 61.327 68.6586 53.9161 67.4759 45.1774 54.6443 49.6371 86.7006 39.0512 75.3891 32.249 62.9152 29.4109 56.6408 14.7648 32.311 41.2311 44.7642 111.563 89.311 51.4004 94.2603 0.0 95.4967 98.1358 24.4131 59.0931 75.9605 39.6611 72.74 59.4054 87.8198 20.6155 25.0 62.0322 
30.8058 69.5941 45.0163 90.6185 8.06226 68.8922 55.2923 44.0747 48.9517 61.8907 79.3254 50.2102 49.163 64.087 22.8254 93.3381 35.2278 71.7563 43.423 91.977 97.591 61.6771 55.3841 16.0 12.8062 81.4961 46.5725 95.4967 0.0 24.6982 71.8833 60.1664 59.6825 77.6736 23.0868 48.0521 11.6476 82.8308 85.8062 65.4063 
39.6651 52.4309 29.8329 89.6826 18.0278 53.1507 38.4187 49.0799 33.2415 86.1513 65.0538 56.931 26.4764 83.924 37.5376 86.7352 51.7405 70.1656 46.3395 91.5063 91.2072 84.5823 69.1627 24.0416 36.3593 67.9412 22.2036 98.1358 24.6982 0.0 90.2351 79.1339 40.2492 68.8912 38.7028 66.6829 25.8338 86.85 105.643 49.5782 
53.7258 61.7141 61.4775 30.0832 70.531 55.9005 65.6717 42.5597 61.3752 26.0192 52.2975 33.541 80.1482 16.7631 51.7757 42.19 39.3019 24.5547 45.6594 29.9666 44.7214 18.9737 21.1508 87.6343 65.6977 50.1079 87.4429 24.4131 71.8833 90.2351 0.0 40.1995 74.1363 38.4241 49.1266 37.1618 64.2065 9.0 22.8254 55.9386 
47.8244 90.0662 77.5762 69.6348 61.8466 85.2472 82.5882 58.3909 77.4771 14.3178 87.5557 49.1285 90.2799 24.0208 46.6154 82.3893 30.5434 63.1269 61.4935 69.1231 84.8528 22.0907 40.2616 75.71 48.6621 86.6833 92.8865 59.0931 60.1664 79.1339 40.1995 0.0 91.0207 76.531 42.72 12.53 56.7979 49.163 37.6431 83.358 
44.5779 13.8924 17.72 64.3817 51.6236 17.4642 8.48528 32.8024 14.3178 80.1744 29.7321 41.8688 16.4012 70.0357 49.2443 57.4282 61.3859 46.5725 30.2324 66.4831 61.6604 70.8378 53.0754 64.0781 67.0075 33.5261 25.2389 75.9605 59.6825 40.2492 74.1363 91.0207 0.0 40.0125 53.6004 80.2492 50.04 60.617 88.6795 15.0333 
48.3803 28.6356 39.3573 25.2982 74.5735 23.1948 34.7131 33.6006 36.7696 63.1506 15.0 35.4683 54.1295 52.6118 56.9386 18.0278 57.7235 13.9284 34.7131 27.5136 22.4722 54.4518 37.0135 90.0688 78.3927 12.0416 62.8172 39.6611 77.6736 68.8912 38.4241 76.531 40.0125 0.0 59.6155 70.0286 66.424 29.9666 57.4282 25.0 
11.4018 59.0085 35.9065 71.2213 21.4164 56.1427 46.6038 26.9258 39.664 42.9121 63.7887 31.6569 49.3964 41.1156 4.47214 74.7955 13.3417 53.2029 27.2947 72.2604 79.0377 41.7739 32.6274 38.6394 19.2094 64.846 51.4486 72.74 23.0868 38.7028 49.1266 42.72 53.6004 59.6155 0.0 30.2324 15.1327 60.0742 64.3691 53.0377 
35.71 80.3668 66.4803 67.2309 49.3965 76.0403 71.4924 47.295 66.3813 16.1245 79.695 38.6774 78.1134 20.5913 34.2053 78.3986 18.4391 57.4282 50.3977 67.1193 81.5978 18.3576 33.0151 63.7887 37.054 79.228 80.7108 59.4054 48.0521 66.6829 37.1618 12.53 80.2492 70.0286 30.2324 0.0 44.2832 45.6954 41.8808 73.7325 
20.1246 58.6941 33.7343 79.3668 8.54744 57.2451 44.7214 32.8251 37.855 57.3458 67.6783 38.9585 47.3098 57.7298 13.1529 82.0885 28.4429 60.5046 32.1734 80.7253 86.3453 58.3881 47.7073 25.9658 17.2627 70.2465 46.1157 87.8198 11.6476 25.8338 64.2065 56.7979 50.04 66.424 15.1327 44.2832 0.0 68.8775 79.449 53.7587 
50.3407 53.2839 52.2765 21.9545 81.4785 47.4704 52.9844 37.8951 51.4788 35.0143 43.8673 33.6161 70.7121 25.4951 62.7233 33.2415 50.8208 16.1245 40.6199 22.2036 35.9026 27.6586 27.7853 98.8969 76.7012 41.6773 78.2419 20.6155 82.8308 86.85 9.0 49.163 60.617 29.9666 60.0742 45.6954 68.8775 0.0 28.2843 47.5084 
67.4075 81.3465 76.72 40.025 85.7735 75.5329 81.0469 57.8022 76.6177 25.807 71.8401 48.7835 95.3907 25.4951 67.0182 55.3624 55.7354 44.0454 60.9019 38.6394 56.2939 26.9258 36.3933 100.94 76.6504 69.4046 102.685 25.0 85.8062 105.643 22.8254 37.6431 88.6795 57.4282 64.3691 41.8808 79.449 28.2843 0.0 75.5709 
42.0119 6.7082 20.5913 49.6488 57.5467 3.60555 11.4018 27.4591 16.6433 72.2011 15.8114 35.1141 30.0832 61.5873 49.163 42.4264 57.2494 32.6956 26.0768 51.788 46.6905 62.7694 44.1022 72.111 69.5081 19.2354 39.0 62.0322 65.4063 49.5782 55.9386 83.358 15.0333 25.0 53.0377 73.7325 53.7587 47.5084 75.5709 0.0 
DEMAND_SCENARIO_SECTION
0 0 0 0 0 0 0 0 0 0 0 0 0 0 0 0 0 0 0 0 0 0 0 0 0 0 0 0 0 0 0 0 0 0 0 0 0 0 0 0 0 0 0 0 0 0 0 0 0 0 
5 4 6 11 7 16 10 8 10 8 6 6 10 11 8 10 8 8 8 8 5 8 3 10 8 10 3 5 11 7 5 5 8 8 12 8 9 9 6 12 10 9 7 9 9 10 10 13 7 6 
4 7 6 10 11 8 6 6 13 5 7 10 7 7 10 9 5 6 7 5 6 7 10 10 4 14 6 8 11 8 9 9 7 6 9 9 8 8 8 14 4 11 8 7 7 8 10 6 4 9 
10 11 12 9 5 9 4 12 14 6 10 12 8 11 12 2 3 7 6 9 4 8 12 8 8 7 11 9 9 10 7 10 6 3 11 6 10 12 10 5 5 11 5 9 11 16 7 5 9 5 
11 8 11 7 5 5 8 12 8 6 7 12 6 3 14 8 12 8 4 10 7 10 11 8 8 9 9 10 9 9 8 7 9 10 6 6 6 11 8 4 6 5 12 6 10 8 9 3 8 10 
3 8 6 3 3 4 5 6 3 2 4 3 9 4 5 4 6 3 2 3 5 5 5 7 5 6 3 3 5 5 3 4 9 5 2 4 3 6 7 5 4 5 5 5 6 5 5 2 3 3 
9 5 7 6 7 8 4 1 4 8 7 5 5 7 6 9 5 6 8 10 9 4 5 8 7 6 4 6 0 6 8 4 1 7 2 9 8 4 9 6 6 2 9 4 6 7 0 6 3 8 
9 13 13 1 5 8 12 12 1 10 10 11 5 12 9 9 11 10 7 9 4 4 10 6 11 12 10 10 2 13 7 8 9 8 7 5 14 7 9 7 12 12 8 4 11 11 5 1 12 13 
8 16 16 6 8 15 10 6 6 8 6 8 6 5 13 11 12 10 7 7 7 12 7 8 8 7 12 6 12 8 13 14 8 6 10 9 12 7 12 11 5 11 7 20 11 10 11 11 10 0 
11 11 5 12 12 12 10 8 10 8 6 7 13 11 13 2 11 15 16 12 10 11 8 11 8 13 2 12 12 12 4 12 16 10 7 9 14 5 9 10 14 11 5 13 12 7 11 15 3 14 
2 0 4 3 2 1 0 0 3 4 1 3 2 2 1 2 2 0 1 4 3 2 1 4 1 0 5 1 2 1 2 1 2 4 4 5 1 5 1 0 2 2 4 2 3 2 4 1 2 1 
7 6 12 10 11 11 11 11 10 14 8 12 7 14 7 17 11 7 13 15 5 15 9 13 15 6 12 6 13 10 10 11 8 9 14 10 8 15 12 12 2 11 7 5 12 11 11 10 8 10 
2 7 2 6 6 6 10 11 5 9 6 3 4 12 7 5 11 8 10 7 11 12 10 8 4 12 8 8 9 6 6 7 6 3 12 7 10 5 9 8 7 12 6 9 7 7 7 8 9 9 
5 2 9 7 12 4 5 8 9 6 8 8 4 9 4 7 3 3 7 2 4 4 8 3 8 6 0 4 11 10 5 2 6 6 6 7 3 5 7 10 9 3 7 8 4 4 2 4 11 6 
8 11 11 10 6 10 13 11 1 7 12 7 10 14 10 10 10 5 10 6 9 7 12 9 14 6 5 10 7 10 9 5 4 10 15 9 11 8 6 11 10 6 18 13 11 11 5 9 3 9 
0 4 4 3 4 0 3 4 3 3 2 1 3 1 2 5 4 2 5 8 2 3 2 3 5 3 3 2 3 5 1 3 1 3 5 0 2 4 3 2 3 1 0 3 2 6 6 3 1 6 
7 3 8 7 7 8 4 6 7 10 4 6 4 7 9 9 7 5 5 6 6 7 10 3 7 6 6 8 6 5 9 6 5 8 5 3 4 9 4 6 4 7 10 5 4 7 1 2 8 6 
12 13 13 2 9 5 11 9 12 13 8 11 11 10 9 16 10 8 10 9 10 7 15 5 14 10 7 6 17 13 11 5 8 8 5 12 9 9 5 15 17 10 15 8 11 9 9 13 4 2 
11 7 10 10 10 9 11 4 11 10 10 8 8 6 5 8 13 15 13 14 12 4 7 10 7 0 11 7 10 8 8 7 10 3 10 8 8 11 10 14 15 10 12 6 9 12 11 7 10 12 
9 6 12 8 9 9 8 12 9 8 13 5 7 13 4 9 4 6 7 10 11 7 5 8 9 12 9 5 11 11 11 8 7 12 9 12 11 13 10 11 11 6 13 16 8 6 8 7 10 6 
0 2 3 0 2 1 0 0 1 4 4 3 4 5 2 2 2 0 2 1 1 3 2 1 3 2 2 3 3 2 1 1 3 5 1 4 2 1 4 1 1 3 4 1 0 3 2 1 3 0 
9 12 9 10 8 13 11 10 8 5 7 13 11 8 16 7 13 12 10 7 10 11 11 12 11 10 14 7 14 12 8 7 11 12 15 12 9 9 14 13 9 8 12 8 14 6 12 13 1 14 
7 8 7 10 11 8 3 10 8 2 10 10 8 8 10 8 9 12 5 8 6 11 12 9 13 14 9 12 4 2 10 9 3 10 12 8 10 11 6 12 10 9 7 6 9 12 7 7 6 7 
7 8 9 5 5 9 5 11 8 6 3 4 3 5 5 6 6 5 5 5 5 9 11 6 5 4 5 6 11 3 7 3 6 3 4 8 2 9 6 6 8 10 3 9 7 4 0 9 11 4 
16 6 9 7 7 8 12 11 11 13 3 7 9 8 9 10 14 10 11 7 3 9 11 8 10 12 7 5 8 16 3 12 10 13 4 14 10 8 8 13 14 9 11 7 6 11 8 8 8 11 
2 1 0 1 2 0 1 1 1 1 1 1 2 2 2 0 0 0 1 2 0 1 2 0 1 2 1 0 1 1 4 2 1 0 2 2 1 1 2 3 1 0 0 2 0 0 0 0 0 4 
5 12 12 5 4 3 1 9 4 4 3 9 6 5 4 3 6 1 4 8 5 7 7 7 6 10 7 6 8 5 6 6 5 8 7 7 6 14 8 6 5 10 9 3 6 2 9 6 7 11 
11 2 9 11 8 2 12 7 10 11 6 10 12 8 10 9 11 6 16 12 12 5 18 11 12 10 7 6 5 10 8 9 7 11 7 8 5 9 11 12 9 8 12 6 10 4 11 11 12 11 
11 11 16 11 7 12 3 6 14 7 12 8 4 16 13 13 9 9 14 16 6 15 8 8 15 10 8 10 9 15 13 9 15 14 5 11 10 13 17 10 8 10 15 9 14 9 10 15 10 8 
5 6 8 4 5 3 9 8 12 3 4 6 2 0 5 4 2 3 4 6 4 7 4 5 4 2 8 5 7 6 4 9 5 3 7 5 8 7 8 2 1 2 3 9 9 7 1 5 7 8 
6 2 5 4 6 7 6 8 4 5 4 3 3 7 3 4 5 4 3 0 3 5 4 5 0 8 1 1 1 9 3 8 7 6 4 7 4 2 7 6 11 7 7 2 9 6 4 4 6 2 
0 2 1 2 0 2 0 2 0 1 1 1 0 1 0 1 0 2 1 0 2 2 3 1 1 2 0 0 2 0 0 1 1 2 1 2 0 0 0 0 1 1 2 1 0 0 2 1 1 0 
3 3 4 5 3 3 5 4 1 2 2 5 4 0 4 2 1 2 3 0 1 6 1 1 4 2 1 3 3 5 4 6 1 2 6 4 3 5 1 7 5 1 2 3 2 4 3 3 3 2 
7 6 1 1 4 3 9 4 4 4 9 5 6 7 7 5 5 5 3 4 5 10 5 2 7 6 8 5 6 4 1 7 8 8 8 5 6 10 5 6 4 8 6 7 5 6 7 3 7 6 
2 4 2 5 3 2 2 4 1 3 4 4 6 7 3 4 6 4 5 1 1 1 2 3 2 2 4 2 5 2 4 5 0 9 7 1 5 4 5 4 5 3 7 6 2 4 4 6 3 4 
8 11 16 11 5 5 10 12 11 8 10 11 9 7 7 16 3 12 7 11 12 11 10 4 16 12 9 10 4 6 9 13 8 18 13 11 10 11 6 11 10 9 10 13 12 6 10 7 6 6 
7 4 5 3 7 6 5 6 4 6 4 3 6 7 4 11 3 2 3 2 8 4 6 2 9 6 6 2 9 4 9 3 8 5 6 3 7 4 2 7 6 7 2 6 7 5 1 7 8 6 
4 2 3 0 3 2 1 0 1 4 3 3 3 0 5 0 1 2 0 2 1 6 3 2 6 3 3 0 5 2 4 2 2 4 4 0 2 0 2 4 1 4 3 6 4 2 6 4 6 2 
3 0 2 2 3 2 2 0 2 2 0 4 2 2 2 3 2 2 2 2 0 1 5 3 3 3 0 1 3 2 1 2 3 2 5 3 1 1 1 3 3 3 2 4 2 1 3 3 0 3 
2 1 4 0 3 1 3 4 0 0 3 0 3 1 3 3 1 2 2 2 3 1 2 3 2 0 2 0 2 1 2 3 2 2 3 4 0 2 3 2 2 3 5 3 4 1 2 2 2 3 
DEPOT_SECTION
 1
 -1
EOF
