NAME  : Parada_40_5_0.95_1.00_2
TYPE : SVRP
MODEL : FINITE_SUPPORT
NUMBER_OF_SCENARIOS : 50
DIMENSION : 40
EDGE_WEIGHT_TYPE : MATRIX
CAPACITY : 53
N_VEHICLES : 5
NODE_COORD_SECTION
1 163150 363540
2 375460 553670
3 480430 346170
4 427140 434660
5 471970 528220
6 423850 415090
7 27 77353
8 642850 71792
9 54982 18
10 255180 398490
11 157590 2848
12 235510 295640
13 274900 167800
14 248260 484630
15 168660 841990
16 518110 422190
17 577040 332120
18 198170 659470
19 505940 432540
20 72860 349800
21 600250 383760
22 449240 555120
23 452690 537010
24 399810 490380
25 70291 582980
26 218780 203440
27 610450 360370
28 202770 491340
29 205160 211910
30 562860 197610
31 349920 624560
32 78854 181910
33 402150 212720
34 117260 740650
35 606250 387990
36 409520 374300
37 381280 320530
38 223770 495820
39 388310 503700
40 51659 74865
DEMAND_SECTION
1 0.0
2 4.0
3 6.0
4 1.0
5 9.0
6 8.0
7 8.0
8 10.0
9 9.0
10 8.0
11 4.0
12 7.0
13 7.0
14 6.0
15 3.0
16 10.0
17 10.0
18 6.0
19 10.0
20 2.0
21 3.0
22 9.0
23 9.0
24 6.0
25 2.0
26 10.0
27 10.0
28 9.0
29 8.0
30 1.0
31 5.0
32 10.0
33 6.0
34 9.0
35 7.0
36 6.0
37 6.0
38 5.0
39 2.0
40 4.0
DISTANCE_MATRIX
0.0 32.6497 64.7023 53.3017 42.638 57.4633 44.7034 72.0504 50.8479 17.1231 45.7056 33.5176 22.4018 18.3576 57.5457 54.935 68.1298 42.4264 52.7181 22.8035 57.6324 41.8808 61.0064 40.0099 32.6 18.7883 71.3805 18.2483 19.7231 56.4869 39.5601 26.4018 43.4138 50.0568 58.5709 45.5693 37.8147 15.8114 61.9408 41.4018 
32.6497 0.0 35.0571 24.1868 10.0 25.7099 76.5683 83.1971 82.6801 19.6469 75.7834 33.9559 54.2666 15.0 60.8769 23.7697 36.3593 31.9061 21.5407 43.3858 51.0435 10.198 43.566 11.6619 43.5118 44.2924 40.3113 19.3132 47.7395 63.3298 16.4012 58.2666 44.8121 46.5188 51.6154 24.0832 30.0799 18.868 39.0 73.2666 
64.7023 35.0571 0.0 12.083 29.6142 12.8062 107.974 79.3095 107.256 54.4916 96.3328 55.8664 85.7333 48.4886 94.8947 14.7648 17.4642 63.7887 16.1555 86.135 43.2897 33.9559 25.0799 26.2488 78.348 68.1275 14.1421 53.7613 66.4837 61.3922 46.3249 89.6797 49.6729 79.0759 43.1856 24.7588 35.0 52.5903 17.0294 100.33 
53.3017 24.1868 12.083 0.0 21.095 3.16228 96.5734 74.108 96.2312 43.2826 85.4283 44.6574 74.3326 37.088 84.9294 12.1655 23.0868 54.7814 11.7047 74.7344 38.4708 25.5539 23.8537 14.3178 66.9606 57.1029 23.0217 42.3607 55.4592 55.0364 37.5766 78.2791 40.8044 69.8928 38.6394 14.3178 25.0799 41.1896 16.9706 89.305 
42.638 10.0 29.6142 21.095 0.0 23.6008 86.5558 87.8185 92.6499 29.1548 85.6164 43.3244 64.2541 24.7588 65.3758 16.0312 27.313 34.2053 14.0 52.6085 54.5619 4.47214 43.8406 14.5602 51.5371 58.5924 32.0156 28.3019 56.9487 67.9807 16.7631 68.2422 50.3587 49.4773 55.0091 26.8328 34.9285 28.4253 37.8021 83.2541 
57.4633 25.7099 12.8062 3.16228 23.6008 0.0 99.6358 71.0634 94.5907 41.7401 83.7377 43.1149 77.395 38.3012 86.5852 15.2971 25.7099 56.8595 14.8661 77.7968 35.3553 28.0179 20.8087 15.0 68.1738 55.4623 25.0599 43.5739 53.8186 52.0865 39.8246 81.3415 38.2753 71.8679 35.5106 12.2066 22.8254 42.4028 14.2127 87.6644 
44.7034 76.5683 107.974 96.5734 86.5558 99.6358 0.0 79.3095 13.0 59.2956 23.3238 53.4246 44.3017 62.8482 73.6817 98.2676 111.462 78.3457 96.0508 35.8469 85.1731 86.141 92.9888 83.2816 46.6905 39.3954 114.652 60.1648 41.2311 71.0 81.0077 18.868 63.0635 78.3135 85.8671 81.2765 71.5854 60.6008 95.9143 7.28011 
72.0504 83.1971 79.3095 74.108 87.8185 71.0634 79.3095 0.0 72.3395 66.7308 57.4282 56.8507 77.2193 78.8923 129.16 86.209 96.0469 108.908 85.3756 77.6211 36.0555 90.9547 54.7449 73.2584 104.214 53.9073 93.4345 83.7616 52.4066 19.9249 97.8467 67.5426 38.5251 119.811 36.1248 61.8142 53.1279 80.1561 62.514 72.0347 
50.8479 82.6801 107.256 96.2312 92.6499 94.5907 13.0 72.3395 0.0 65.1559 15.0 54.6458 50.4462 68.9927 86.3134 104.067 117.262 88.6454 101.85 44.9222 81.9222 92.2822 93.9423 89.1419 58.0775 41.7732 119.205 69.1617 43.2782 67.082 90.0045 24.5967 62.6099 90.0222 82.6162 82.4978 72.8011 66.6491 97.0824 10.198 
17.1231 19.6469 54.4916 43.2826 29.1548 41.7401 59.2956 66.7308 65.1559 0.0 57.9748 14.3178 37.0548 12.2066 63.8122 39.9909 53.1857 42.19 37.774 37.4566 42.0443 29.8329 45.2831 25.0658 39.4947 26.4838 56.4364 17.6918 28.1464 48.021 32.3883 41.0013 28.6007 53.7587 42.8477 29.8461 22.0915 14.2127 46.2176 55.9787 
45.7056 75.7834 96.3328 85.4283 85.6164 83.7377 23.3238 57.4282 15.0 57.9748 0.0 43.8478 45.3657 63.3246 90.1388 94.4526 107.542 87.023 92.6871 43.0465 67.4889 85.7963 81.8482 76.0437 59.2291 32.249 108.407 63.9531 33.2866 52.3927 85.1469 22.3607 49.6488 90.9569 68.1829 71.5891 61.5224 61.3922 85.147 16.4012 
33.5176 33.9559 55.8664 44.6574 43.3244 43.1149 53.4246 56.8507 54.6458 14.3178 43.8478 0.0 39.0454 24.4402 74.2425 53.6656 66.7549 54.1845 51.9002 39.4471 41.4811 44.1475 46.0977 35.2567 49.2967 15.5175 67.6197 28.8498 13.8738 39.1326 46.0435 35.3764 21.9317 64.894 42.2845 31.2209 23.0868 25.245 47.5395 47.7196 
22.4018 54.2666 85.7333 74.3326 64.2541 77.395 44.3017 77.2193 50.4462 37.0548 45.3657 39.0454 0.0 40.5466 73.6984 75.966 89.1608 64.0848 73.7491 22.4018 73.4701 63.8394 78.6095 61.0409 47.5276 23.53 92.4115 40.6142 25.3178 62.0147 61.9608 26.0 49.095 69.8218 76.0302 65.501 57.2062 38.2029 81.8726 41.0 
18.3576 15.0 48.4886 37.088 24.7588 38.3012 62.8482 78.8923 68.9927 12.2066 63.3246 24.4402 40.5466 0.0 52.7731 38.4708 51.3128 30.0167 36.2353 28.9223 54.0859 23.6008 55.6756 23.7962 30.6768 33.0151 55.0091 6.32456 33.0151 60.2093 22.0907 44.5466 40.8044 41.7253 54.8893 36.193 34.1331 4.12311 51.264 59.5466 
57.5457 60.8769 94.8947 84.9294 65.3758 86.5852 73.6817 129.16 86.3134 63.8122 90.1388 74.2425 73.6984 52.7731 0.0 81.2219 90.0888 32.0624 79.3095 51.7525 105.719 61.2046 104.109 72.2292 32.45 75.2283 96.0052 46.5296 77.0162 110.635 49.0408 68.1542 91.6179 17.72 106.523 84.626 85.7665 49.7393 99.697 76.9025 
54.935 23.7697 14.7648 12.1655 16.0312 15.2971 98.2676 86.209 104.067 39.9909 94.4526 53.6656 75.966 38.4708 81.2219 0.0 13.4536 49.6488 2.23607 67.1197 50.636 20.025 35.3412 19.2094 67.0572 66.1223 16.5529 43.0813 64.4786 67.0 32.249 79.9124 51.9711 64.9384 50.8035 25.318 35.9026 42.4853 27.7849 94.8898 
68.1298 36.3593 17.4642 23.0868 27.313 25.7099 111.462 96.0469 117.262 53.1857 107.542 66.7549 89.1608 51.3128 90.0888 13.4536 0.0 58.0345 15.5563 79.6877 60.0083 30.3645 42.4264 32.6497 78.8211 79.2116 6.7082 55.4707 77.5679 77.5242 41.4367 93.1073 63.8905 73.0068 60.0 37.3363 48.1041 55.2268 34.3657 108.085 
42.4264 31.9061 63.7887 54.7814 34.2053 56.8595 78.3457 108.908 88.6454 42.19 87.023 54.1845 64.0848 30.0167 32.0624 49.6488 58.0345 0.0 47.8539 44.1814 82.9352 29.8329 75.4718 43.566 32.2025 60.6383 64.0078 25.632 61.131 90.211 17.4642 65.2763 70.7248 15.2971 83.5072 55.9967 63.8737 29.1548 70.6612 78.4474 
52.7181 21.5407 16.1555 11.7047 14.0 14.8661 96.0508 85.3756 101.85 37.774 92.6871 51.9002 73.7491 36.2353 79.3095 2.23607 15.5563 47.8539 0.0 64.8851 50.01 18.1108 35.3553 17.2047 64.8599 64.3568 18.7883 40.8534 62.7131 66.0303 30.4138 77.6956 50.636 63.1506 50.2195 24.0832 34.5254 40.2492 28.0179 92.673 
22.8035 43.3858 86.135 74.7344 52.6085 77.7968 35.8469 77.6211 44.9222 37.4566 43.0465 39.4471 22.4018 28.9223 51.7525 67.1197 79.6877 44.1814 64.8851 0.0 73.8719 50.6117 79.0113 61.4426 25.5817 23.9317 83.6722 24.3632 25.7196 62.4165 45.206 21.095 49.4968 48.2701 76.4319 65.9028 57.6079 24.7992 82.2743 34.7851 
57.6324 51.0435 43.2897 38.4708 54.5619 35.3553 85.1731 36.0555 81.9222 42.0443 67.4889 41.4811 73.4701 54.0859 105.719 50.636 60.0083 82.9352 50.01 73.8719 0.0 58.1808 19.3132 40.3113 80.848 49.9422 57.4282 59.7348 48.2985 18.7883 67.3037 69.5926 28.4843 95.7674 1.0 27.7308 21.9317 56.2515 26.6833 78.3165 
41.8808 10.198 33.9559 25.5539 4.47214 28.0179 86.141 90.9547 92.2822 29.8329 85.7963 44.1475 63.8394 23.6008 61.2046 20.025 30.3645 29.8329 18.1108 50.6117 58.1808 0.0 48.1041 17.8885 48.6103 54.3138 35.5106 26.2488 57.9374 71.1168 12.3693 67.8394 52.9528 45.1221 58.6686 30.5287 37.9473 26.9072 42.2019 82.8394 
61.0064 43.566 25.0799 23.8537 43.8406 20.8087 92.9888 54.7449 93.9423 45.2831 81.8482 46.0977 78.6095 55.6756 104.109 35.3412 42.4264 75.4718 35.3553 79.0113 19.3132 48.1041 0.0 31.9061 84.0869 55.0817 39.0 60.9482 53.438 38.0789 59.203 74.9406 33.6237 90.0171 18.9737 20.2485 23.1948 59.7772 8.06226 87.2826 
40.0099 11.6619 26.2488 14.3178 14.5602 15.0 83.2816 73.2584 89.1419 25.0658 76.0437 35.2567 61.0409 23.7962 72.2292 19.2094 32.6497 43.566 17.2047 61.4426 40.3113 17.8885 31.9061 0.0 53.6688 47.7134 34.8281 29.0689 46.0697 53.4206 27.5862 64.9873 36.0555 58.1378 40.8167 12.8062 20.3961 27.8978 27.5136 79.9647 
32.6 43.5118 78.348 66.9606 51.5371 68.1738 46.6905 104.214 58.0775 39.4947 59.2291 49.2967 47.5276 30.6768 32.45 67.0572 78.8211 32.2025 64.8599 25.5817 80.848 48.6103 84.0869 53.6688 0.0 49.0575 83.4515 24.6832 50.8454 85.6897 39.8621 36.8885 66.6721 32.0156 81.8292 66.0656 60.8952 26.7519 81.1366 48.0104 
18.7883 44.2924 68.1275 57.1029 58.5924 55.4623 39.3954 53.9073 41.7732 26.4838 32.249 15.5175 23.53 33.0151 75.2283 66.1223 79.2116 60.6383 64.3568 23.9317 49.9422 54.3138 55.0817 47.7134 49.0575 0.0 80.0764 35.3553 2.0 38.4868 55.0818 20.8806 25.5672 68.6682 52.5023 43.3694 33.6783 32.1403 58.0072 34.1321 
71.3805 40.3113 14.1421 23.0217 32.0156 25.0599 114.652 93.4345 119.205 56.4364 108.407 67.6197 92.4115 55.0091 96.0052 16.5529 6.7082 64.0078 18.7883 83.6722 57.4282 35.5106 39.0 34.8281 83.4515 80.0764 0.0 59.6154 78.4327 75.505 47.0956 96.358 63.1585 79.1012 57.3149 37.2156 47.8853 59.0339 31.0161 111.335 
18.2483 19.3132 53.7613 42.3607 28.3019 43.5739 60.1648 83.7616 69.1617 17.6918 63.9531 28.8498 40.6142 6.32456 46.5296 43.0813 55.4707 25.632 40.8534 24.3632 59.7348 26.2488 60.9482 29.0689 24.6832 35.3553 59.6154 0.0 35.6931 65.2363 21.5407 44.6142 46.0977 36.1248 60.5383 41.4657 39.782 3.60555 56.5367 59.0743 
19.7231 47.7395 66.4837 55.4592 56.9487 53.8186 41.2311 52.4066 43.2782 28.1464 33.2866 13.8738 25.3178 33.0151 77.0162 64.4786 77.5679 61.131 62.7131 25.7196 48.2985 57.9374 53.438 46.0697 50.8454 2.0 78.4327 35.6931 0.0 36.8431 55.0091 22.8035 23.9235 69.4107 50.8586 41.7257 32.0346 32.3883 56.3635 35.8469 
56.4869 63.3298 61.3922 55.0364 67.9807 52.0865 71.0 19.9249 67.082 48.021 52.3927 39.1326 62.0147 60.2093 110.635 67.0 77.5242 90.211 66.0303 62.4165 18.7883 71.1168 38.0789 53.4206 85.6897 38.4868 75.505 65.2363 36.8431 0.0 79.0809 55.9017 19.7593 101.256 19.2354 42.19 33.29 61.6342 45.2217 64.0312 
39.5601 16.4012 46.3249 37.5766 16.7631 39.8246 81.0077 97.8467 90.0045 32.3883 85.1469 46.0435 61.9608 22.0907 49.0408 32.249 41.4367 17.4642 30.4138 45.206 67.3037 12.3693 59.203 27.5862 39.8621 55.0818 47.0956 21.5407 55.0091 79.0809 0.0 65.9608 59.3792 32.7567 67.8757 40.3113 46.3402 23.7697 53.8516 79.9171 
26.4018 58.2666 89.6797 78.2791 68.2422 81.3415 18.868 67.5426 24.5967 41.0013 22.3607 35.3764 26.0 44.5466 68.1542 79.9124 93.1073 65.2763 77.6956 21.095 69.5926 67.8394 74.9406 64.9873 36.8885 20.8806 96.358 44.6142 22.8035 55.9017 65.9608 0.0 45.3982 68.6424 70.2866 63.2284 53.5372 42.2029 77.8661 15.0 
43.4138 44.8121 49.6729 40.8044 50.3587 38.2753 63.0635 38.5251 62.6099 28.6007 49.6488 21.9317 49.095 40.8044 91.6179 51.9711 63.8905 70.7248 50.636 49.4968 28.4843 52.9528 33.6237 36.0555 66.6721 25.5672 63.1585 46.0977 23.9235 19.7593 59.3792 45.3982 0.0 82.2192 29.2877 26.6833 16.1245 42.5206 36.9225 56.921 
50.0568 46.5188 79.0759 69.8928 49.4773 71.8679 78.3135 119.811 90.0222 53.7587 90.9569 64.894 69.8218 41.7253 17.72 64.9384 73.0068 15.2971 63.1506 48.2701 95.7674 45.1221 90.0171 58.1378 32.0156 68.6682 79.1012 36.1248 69.4107 101.256 32.7567 68.6424 82.2192 0.0 96.5709 70.5345 75.8146 39.6989 85.4927 80.0 
58.5709 51.6154 43.1856 38.6394 55.0091 35.5106 85.8671 36.1248 82.6162 42.8477 68.1829 42.2845 76.0302 54.8893 106.523 50.8035 60.0 83.5072 50.2195 76.4319 1.0 58.6686 18.9737 40.8167 81.8292 52.5023 57.3149 60.5383 50.8586 19.2354 67.8757 70.2866 29.2877 96.5709 0.0 28.178 22.6716 57.0549 26.4764 79.0105 
45.5693 24.0832 24.7588 14.3178 26.8328 12.2066 81.2765 61.8142 82.4978 29.8461 71.5891 31.2209 65.501 36.193 84.626 25.318 37.3363 55.9967 24.0832 65.9028 27.7308 30.5287 20.2485 12.8062 66.0656 43.3694 37.2156 41.4657 41.7257 42.19 40.3113 63.2284 26.6833 70.5345 28.178 0.0 10.7703 40.2946 18.0278 75.5715 
37.8147 30.0799 35.0 25.0799 34.9285 22.8254 71.5854 53.1279 72.8011 22.0915 61.5224 23.0868 57.2062 34.1331 85.7665 35.9026 48.1041 63.8737 34.5254 57.6079 21.9317 37.9473 23.1948 20.3961 60.8952 33.6783 47.8853 39.782 32.0346 33.29 46.3402 53.5372 16.1245 75.8146 22.6716 10.7703 0.0 36.2987 24.5967 65.8804 
15.8114 18.868 52.5903 41.1896 28.4253 42.4028 60.6008 80.1561 66.6491 14.2127 61.3922 25.245 38.2029 4.12311 49.7393 42.4853 55.2268 29.1548 40.2492 24.7992 56.2515 26.9072 59.7772 27.8978 26.7519 32.1403 59.0339 3.60555 32.3883 61.6342 23.7697 42.2029 42.5206 39.6989 57.0549 40.2946 36.2987 0.0 55.3656 57.2029 
61.9408 39.0 17.0294 16.9706 37.8021 14.2127 95.9143 62.514 97.0824 46.2176 85.147 47.5395 81.8726 51.264 99.697 27.7849 34.3657 70.6612 28.0179 82.2743 26.6833 42.2019 8.06226 27.5136 81.1366 58.0072 31.0161 56.5367 56.3635 45.2217 53.8516 77.8661 36.9225 85.4927 26.4764 18.0278 24.5967 55.3656 0.0 90.2093 
41.4018 73.2666 100.33 89.305 83.2541 87.6644 7.28011 72.0347 10.198 55.9787 16.4012 47.7196 41.0 59.5466 76.9025 94.8898 108.085 78.4474 92.673 34.7851 78.3165 82.8394 87.2826 79.9647 48.0104 34.1321 111.335 59.0743 35.8469 64.0312 79.9171 15.0 56.921 80.0 79.0105 75.5715 65.8804 57.2029 90.2093 0.0 
DEMAND_SCENARIO_SECTION
0 0 0 0 0 0 0 0 0 0 0 0 0 0 0 0 0 0 0 0 0 0 0 0 0 0 0 0 0 0 0 0 0 0 0 0 0 0 0 0 0 0 0 0 0 0 0 0 0 0 
3 3 4 4 2 4 5 5 0 1 5 6 7 3 6 4 0 5 5 3 2 3 3 5 1 1 4 4 4 5 0 2 5 3 3 3 6 7 3 4 4 3 3 7 3 3 2 5 8 5 
2 3 5 5 4 6 8 5 8 4 6 5 6 3 1 5 6 1 6 10 5 4 7 1 6 7 7 3 5 5 6 6 2 3 7 6 5 2 5 8 7 7 3 9 5 3 5 11 1 10 
2 1 2 1 1 0 0 2 0 2 0 3 3 1 1 0 1 2 3 1 0 1 2 2 4 1 3 1 2 3 1 0 2 0 2 1 1 1 0 0 2 2 0 2 1 2 0 1 2 0 
8 5 9 5 16 5 10 8 9 10 11 9 14 12 9 6 6 9 8 8 14 10 11 7 14 6 5 15 7 9 7 7 8 12 11 13 11 11 13 5 6 12 5 14 12 7 12 8 10 9 
5 8 1 9 12 8 12 8 8 9 13 10 7 10 9 9 7 8 10 6 7 7 8 6 7 11 10 7 11 7 13 12 11 5 12 6 8 9 6 10 4 6 6 11 7 4 9 9 7 6 
9 9 5 9 8 9 4 8 12 6 8 9 7 13 6 7 8 7 6 9 11 7 8 6 9 6 9 7 12 7 7 7 12 7 12 8 5 8 8 5 6 9 9 7 10 6 8 6 11 9 
12 13 13 16 13 9 11 14 11 17 5 11 14 10 13 3 13 9 15 10 7 5 6 6 11 11 9 12 8 10 8 8 11 4 13 9 7 5 11 12 13 4 20 6 11 9 10 4 4 11 
10 8 8 7 6 9 11 8 10 9 10 9 12 11 6 7 10 9 8 13 4 13 4 12 7 12 11 8 7 9 9 10 6 13 10 7 7 9 6 6 8 7 10 10 12 12 15 9 10 8 
5 8 7 3 12 8 9 8 11 5 8 9 1 11 10 7 9 8 6 7 11 13 6 11 11 12 9 8 8 10 6 9 5 10 4 10 11 9 9 6 8 10 3 11 7 9 10 7 4 6 
4 3 2 5 4 1 1 0 7 4 2 4 5 4 3 6 4 3 6 6 3 4 5 4 4 3 7 4 6 5 4 5 2 5 5 7 3 5 3 4 5 5 3 4 6 5 6 4 8 4 
5 4 4 0 8 11 9 4 9 8 4 10 10 6 5 6 9 3 8 10 5 10 4 5 5 6 10 7 4 2 2 10 10 5 10 9 8 6 5 8 7 5 7 7 6 7 11 5 5 8 
5 7 4 5 11 10 9 7 9 8 9 6 6 7 8 7 9 8 2 4 6 8 6 7 4 8 9 10 8 3 7 6 8 8 7 8 8 8 8 6 11 8 6 5 6 11 6 7 7 9 
4 7 4 4 8 5 8 5 6 2 6 7 6 5 5 3 3 8 7 3 7 5 1 4 4 0 5 7 8 4 9 11 3 9 6 8 9 4 5 4 4 6 6 8 8 7 5 6 1 6 
3 0 4 2 2 2 3 2 2 2 4 1 4 3 6 4 0 0 4 8 1 1 4 4 1 3 3 4 1 5 3 1 2 5 5 0 4 2 4 3 1 3 2 6 2 6 3 4 5 5 
6 10 9 11 9 9 8 14 6 17 12 13 10 11 13 13 8 5 13 16 12 15 8 16 10 10 3 15 8 7 12 13 9 14 10 14 11 11 12 13 17 13 13 8 15 10 5 8 10 10 
4 9 11 17 10 9 14 5 8 13 13 8 7 12 9 8 15 12 9 8 11 4 10 11 7 8 12 17 12 9 12 11 9 12 11 10 14 9 6 15 9 8 9 10 8 14 10 9 14 15 
5 9 3 9 3 5 1 0 4 8 9 8 5 9 4 11 8 3 6 5 4 11 9 5 7 9 6 5 6 0 7 9 7 6 11 5 4 8 4 11 6 4 9 6 9 2 3 5 9 7 
8 9 11 7 7 9 12 12 4 12 10 10 11 1 5 8 6 7 7 13 11 13 12 15 11 7 5 7 14 14 14 14 12 10 11 14 11 10 0 10 13 8 12 6 12 16 11 14 12 10 
2 3 1 3 2 4 2 2 2 3 2 2 3 2 0 3 3 4 1 3 3 1 3 0 0 4 1 3 5 3 0 1 3 3 4 4 2 2 1 1 1 4 3 2 2 3 4 3 4 3 
3 6 1 5 3 2 2 3 1 2 6 5 5 7 3 5 3 3 3 1 3 1 2 5 3 3 4 2 3 3 2 1 3 2 1 4 2 1 4 3 4 4 3 2 0 3 0 3 4 4 
7 12 14 12 7 8 10 7 11 5 8 5 12 9 8 5 14 7 12 16 10 10 11 7 9 6 10 14 11 10 7 10 9 10 2 4 5 12 8 8 13 7 7 6 11 8 3 9 10 7 
8 15 7 15 16 8 11 7 11 10 13 12 10 8 7 4 6 9 12 9 6 6 16 3 8 10 8 9 7 10 10 9 9 10 10 8 11 6 9 11 13 9 8 13 13 8 4 13 7 8 
7 9 5 5 4 4 7 5 3 5 7 7 2 4 7 7 2 11 5 4 5 4 9 9 6 4 3 4 9 2 5 9 3 4 4 4 4 6 4 7 4 5 8 6 3 6 5 11 8 9 
3 3 3 1 2 0 2 1 3 1 1 1 1 0 2 4 4 2 1 3 2 4 3 5 5 1 3 3 2 2 3 2 1 2 3 2 2 3 3 3 2 0 3 2 5 2 0 1 3 2 
9 11 11 7 18 8 14 5 11 3 13 6 10 13 12 8 5 6 12 11 10 9 8 6 12 7 9 11 14 6 9 8 14 4 12 11 9 18 10 9 8 10 0 14 16 6 9 11 7 11 
11 6 10 7 0 8 7 6 11 5 7 9 9 7 7 12 10 9 12 8 12 14 10 7 10 13 10 2 10 16 4 14 11 7 10 13 7 5 16 8 9 8 11 12 4 10 8 12 14 10 
6 11 2 12 13 8 15 15 9 9 3 17 9 14 10 8 12 9 11 11 7 9 8 10 10 11 11 10 10 6 2 10 9 13 7 11 9 3 6 12 7 7 7 7 5 12 11 15 2 9 
9 6 10 5 8 13 7 8 6 12 11 11 4 8 8 10 10 10 9 5 5 12 9 13 9 8 9 4 12 8 11 8 9 6 6 7 4 5 12 7 10 2 8 10 11 11 14 7 6 4 
1 1 0 2 1 1 1 1 0 2 1 0 1 2 3 1 1 0 4 1 0 1 1 0 0 0 1 3 0 3 1 1 1 0 0 2 0 2 0 0 0 2 0 0 1 2 2 1 1 3 
5 5 3 6 5 5 1 7 4 7 5 3 9 4 4 6 4 5 4 5 4 7 4 3 3 5 4 4 5 5 2 6 6 3 2 12 9 4 8 4 4 6 5 5 1 8 5 5 6 8 
11 14 9 14 15 4 12 9 16 15 6 9 11 10 12 14 14 12 8 13 8 12 11 12 9 12 16 11 2 12 5 11 8 14 10 15 15 9 10 9 8 10 12 7 4 12 13 5 13 13 
5 4 5 12 5 4 8 6 4 5 8 4 4 7 4 9 5 3 3 1 8 6 3 2 8 7 6 4 0 6 5 7 9 4 3 9 5 9 8 8 8 5 4 12 2 7 6 7 8 8 
7 5 10 10 7 7 10 11 10 11 14 3 9 10 5 6 14 8 12 8 11 5 11 9 14 8 10 11 12 9 9 11 12 14 12 12 8 11 12 11 8 8 7 6 5 11 8 11 7 9 
7 4 5 4 6 0 3 4 9 4 5 6 11 7 8 7 6 5 5 7 4 4 1 4 8 11 5 9 7 9 14 5 8 7 11 10 8 9 7 4 7 3 7 7 9 7 11 8 8 10 
7 8 9 4 1 5 7 4 3 5 6 2 4 3 6 7 10 3 4 5 9 8 4 6 5 9 6 6 2 8 6 6 7 8 2 7 5 7 6 7 6 7 9 8 6 6 8 8 6 1 
7 7 8 8 9 6 1 6 4 8 4 9 2 5 8 3 2 5 6 7 5 4 7 5 1 7 2 6 6 4 7 3 2 9 4 7 6 5 1 3 5 7 6 8 5 5 8 7 3 2 
8 7 4 7 12 1 4 2 8 3 6 0 3 5 8 4 5 4 6 5 11 3 3 2 3 9 4 7 6 6 5 6 0 4 7 6 6 3 8 9 5 2 3 6 5 7 4 10 1 3 
2 4 2 0 3 4 3 1 4 3 1 2 2 3 2 0 3 3 4 3 3 3 5 0 2 3 0 1 1 5 3 4 3 1 2 2 4 1 4 0 2 0 1 0 4 2 2 1 4 2 
5 6 5 2 4 1 9 3 1 6 7 3 4 6 6 2 3 5 5 4 3 1 3 8 7 6 6 6 5 5 1 5 4 2 0 2 5 4 2 4 5 4 5 6 2 5 3 2 4 5 
DEPOT_SECTION
 1
 -1
EOF
