NAME  : Parada_40_5_0.95_1.00_3
TYPE : SVRP
MODEL : FINITE_SUPPORT
NUMBER_OF_SCENARIOS : 50
DIMENSION : 40
EDGE_WEIGHT_TYPE : MATRIX
CAPACITY : 49
N_VEHICLES : 5
NODE_COORD_SECTION
1 446110 304040
2 274010 544860
3 214910 296540
4 142020 480180
5 581130 45244
6 458210 165000
7 64889 397450
8 632820 273590
9 371530 458510
10 530110 172640
11 541080 18
12 336650 304420
13 607410 576180
14 709490 370140
15 179660 355600
16 409940 614120
17 437180 121630
18 312520 668590
19 445270 209670
20 557240 592980
21 331660 638900
22 271620 336840
23 625320 286260
24 663170 447880
25 530970 320800
26 777560 345620
27 351980 666740
28 27 469480
29 507950 497700
30 662460 549630
31 472530 189710
32 432530 625720
33 597870 321360
34 542990 626900
35 322110 335430
36 206170 524850
37 520750 206840
38 703350 690730
39 316980 654540
40 39851 429910
DEMAND_SECTION
1 0.0
2 9.0
3 4.0
4 3.0
5 10.0
6 2.0
7 10.0
8 1.0
9 8.0
10 6.0
11 6.0
12 4.0
13 5.0
14 6.0
15 8.0
16 7.0
17 4.0
18 2.0
19 10.0
20 6.0
21 5.0
22 9.0
23 8.0
24 7.0
25 4.0
26 10.0
27 2.0
28 8.0
29 5.0
30 8.0
31 4.0
32 8.0
33 8.0
34 4.0
35 10.0
36 2.0
37 8.0
38 6.0
39 1.0
40 7.0
DISTANCE_MATRIX
0.0 38.4641 27.4597 40.3268 52.6972 24.7588 55.3185 18.544 68.9548 15.8114 53.7587 12.1701 34.4384 34.6338 35.6277 55.0398 28.6531 57.4207 32.45 35.609 57.4207 42.5793 17.7635 21.587 32.0156 38.1603 49.7859 60.5427 59.203 40.8044 28.4253 44.6549 31.8404 42.0119 44.0 49.8397 22.3607 58.474 55.9265 59.8073 
38.4641 0.0 29.2062 18.4391 78.6097 61.1695 28.1603 56.9508 44.7772 53.0644 83.933 32.3883 43.2042 74.9229 29.4109 20.025 58.6611 21.4009 69.602 37.7055 22.3607 49.8197 56.1704 55.1813 70.3666 69.0854 13.6015 41.0488 50.04 51.7007 65.2728 23.1948 69.9569 38.2399 55.9017 12.53 59.9373 90.7599 20.2485 29.5296 
27.4597 29.2062 0.0 19.0 49.6488 33.8571 32.28 45.9622 72.1427 34.8535 55.0273 15.8114 52.0 62.0519 8.48528 45.142 29.7703 50.2096 43.527 49.5117 50.3289 22.4722 44.7214 46.5188 54.8725 63.2259 42.45 33.9706 71.1688 60.075 38.663 49.8441 56.9706 55.109 27.4591 36.0555 39.9251 85.8921 48.7955 37.855 
40.3268 18.4391 19.0 0.0 67.0671 52.3614 15.0 58.8293 62.9682 53.3578 73.2462 30.8707 55.3624 74.9191 14.3178 38.1182 48.2746 38.9102 62.0312 50.448 40.4969 34.2053 58.0488 57.3158 72.2278 73.8051 31.3847 23.7697 68.0294 63.9062 57.1672 41.0122 72.0445 54.5894 41.0488 19.2094 58.4293 96.2551 38.0789 19.6977 
52.6972 78.6097 49.6488 67.0671 0.0 28.6356 76.2955 57.0088 126.534 38.4838 9.43398 61.8889 86.954 65.3758 52.811 94.0639 24.2074 99.2562 26.0768 88.2326 99.2565 36.0555 54.8179 69.7264 43.1045 84.0405 91.5795 69.0 111.83 92.5743 26.9258 101.295 52.0384 94.6256 29.0 85.4927 35.171 89.202 97.7449 82.3772 
24.7588 61.1695 33.8571 52.3614 28.6356 0.0 64.3905 29.1548 99.5186 9.84886 29.0 34.8739 58.5235 43.4307 39.2113 77.7453 7.61577 80.1262 10.0 60.3075 80.1262 33.9411 27.074 41.0956 22.6716 55.8912 72.4913 62.6498 83.8689 63.9531 5.0 74.2797 27.8568 66.7083 31.0644 69.9056 8.544 65.521 78.6319 70.2567 
55.3185 28.1603 32.28 15.0 76.2955 64.3905 0.0 73.821 68.7314 65.3869 83.4865 45.6508 68.4251 89.9108 25.1794 47.8539 60.208 44.2832 74.0604 62.9277 47.0425 40.8044 73.0405 72.1805 85.4059 88.6698 38.0 15.2315 77.6466 76.9229 69.1964 51.1957 87.0362 66.3816 48.0833 21.2132 70.4585 111.12 44.1022 6.08276 
18.544 56.9508 45.9622 58.8293 57.0088 29.1548 73.821 0.0 83.112 20.025 55.0364 30.6725 46.2353 16.1285 54.1301 62.2777 36.0 75.9074 31.7805 49.0512 71.9696 57.0088 2.23607 23.7962 24.8924 27.088 68.2726 79.0451 72.2254 40.4118 30.0832 58.8121 24.7091 55.3431 56.7539 68.3265 21.8403 39.9625 74.4132 78.3098 
68.9548 44.7772 72.1427 62.9682 126.534 99.5186 68.7314 83.112 0.0 84.4976 128.355 71.0232 41.5933 80.776 73.8241 28.3196 102.326 24.5153 100.946 35.4401 22.4722 93.8136 82.3316 63.3246 97.7135 74.9384 31.6228 83.5464 21.9317 44.0114 97.22 27.6586 97.5302 30.4138 99.4491 47.5184 90.4625 91.2688 25.0 67.1193 
15.8114 53.0644 34.8535 53.3578 38.4838 9.84886 65.3869 20.025 84.4976 0.0 38.4187 26.7688 48.8262 35.2209 40.2077 68.0014 16.0312 72.021 16.6433 50.9313 72.021 38.5876 18.1108 31.2483 20.6155 46.3456 64.3862 63.9078 74.411 54.1202 12.7279 60.1977 22.1304 57.3149 37.3363 64.44 7.07107 59.397 70.5268 71.2531 
53.7587 83.933 55.0273 73.2462 9.43398 29.0 83.4865 55.0364 128.355 38.4187 0.0 63.7103 87.2009 61.8466 59.2284 106.582 26.9258 104.579 23.2594 89.2749 108.962 44.1022 52.8015 69.2875 38.3275 82.0902 96.9027 77.1622 112.805 92.2217 25.807 103.116 48.0521 95.6713 37.3363 91.0824 33.6155 84.0238 103.068 89.56 
12.1701 32.3883 15.8114 30.8707 61.8889 34.8739 45.6508 30.6725 71.0232 26.7688 63.7103 0.0 40.025 46.7623 24.2074 49.2498 37.6815 51.6307 43.3064 39.4074 51.6307 34.0147 29.8921 31.2372 44.0711 47.9418 43.888 49.5177 62.9131 47.3814 38.9772 45.7843 43.8877 45.7274 36.6763 43.0116 33.6417 70.6025 50.1365 50.5668 
34.4384 43.2042 52.0 55.3624 86.954 58.5235 68.4251 46.2353 41.5933 48.8262 87.2009 40.025 0.0 39.1828 58.3232 26.3065 63.0635 39.8121 64.5549 7.61577 35.8469 73.437 45.4549 22.3607 60.8368 33.3452 39.0344 79.0569 26.4008 8.544 61.4003 22.8254 60.6535 11.1803 76.5327 54.5907 53.9271 51.923 38.0132 70.722 
34.6338 74.9229 62.0519 74.9191 65.3758 43.4307 89.9108 16.1285 80.776 35.2209 61.8466 46.7623 39.1828 0.0 70.2199 63.2199 50.7438 76.7644 39.3192 45.8542 72.9119 73.0104 17.4676 22.5457 24.1661 25.8375 76.7045 95.1349 64.0827 38.9103 39.0 59.7544 13.9284 50.3629 72.45 87.2249 31.0781 27.2947 74.9371 94.3996 
35.6277 29.4109 8.48528 14.3178 52.811 39.2113 25.1794 54.1301 73.8241 40.2077 59.2284 24.2074 58.3232 70.2199 0.0 46.9599 35.0571 50.8035 48.8812 55.0091 51.6236 20.5183 52.8894 54.5894 60.2267 71.2944 43.0116 25.4951 75.505 66.6108 44.0172 49.5166 62.3248 60.208 27.0185 33.2866 45.2793 94.0601 49.6488 31.0644 
55.0398 20.025 45.142 38.1182 94.0639 77.7453 47.8539 62.2777 28.3196 68.0014 106.582 49.2498 26.3065 63.2199 46.9599 0.0 80.5528 14.3178 83.7282 18.733 11.0 66.8168 61.4972 44.2349 76.5077 57.3824 12.7279 61.0737 30.0167 33.3017 81.8485 3.60555 76.3243 19.4165 72.4484 28.6356 75.0715 77.9089 12.3693 48.3839 
28.6531 58.6611 29.7703 48.2746 24.2074 7.61577 60.208 36.0 102.326 16.0312 26.9258 37.6815 63.0635 50.7438 35.0571 80.5528 0.0 79.3075 14.7648 64.0703 79.3078 27.0185 34.0147 46.8839 30.0 62.345 71.6308 57.2451 87.6584 69.0797 10.6301 77.0873 35.4683 70.4557 23.6008 65.8188 16.1555 73.0821 77.7963 66.1211 
57.4207 21.4009 50.2096 38.9102 99.2562 80.1262 44.2832 75.9074 24.5153 72.021 104.579 51.6307 39.8121 76.7644 50.8035 14.3178 79.3075 0.0 88.5586 32.2025 4.24264 71.218 75.127 57.7794 89.0968 70.9268 7.81025 59.0339 36.2491 46.3249 84.2294 17.088 88.9135 31.4006 77.2334 23.0868 78.8939 91.4534 2.0 43.0116 
32.45 69.602 43.527 62.0312 26.0768 10.0 74.0604 31.7805 100.946 16.6433 23.2594 43.3064 64.5549 39.3192 48.8812 83.7282 14.7648 88.5586 0.0 67.2086 88.5586 41.6173 29.5466 46.5679 17.72 58.8467 80.9238 71.8679 90.5207 69.5021 5.0 76.6459 26.0 73.5527 37.4833 79.5755 10.6301 63.5059 87.0644 79.9266 
35.609 37.7055 49.5117 50.448 88.2326 60.3075 62.9277 49.0512 35.4401 50.9313 89.2749 39.4074 7.61577 45.8542 55.0091 18.733 64.0703 32.2025 67.2086 0.0 28.2312 71.9125 48.2708 27.8927 63.6527 40.0167 31.4609 74.2159 23.6008 14.8661 63.6553 15.2643 63.4694 6.40312 75.4274 47.0172 56.6392 59.4811 30.4138 65.2234 
57.4207 22.3607 50.3289 40.4969 99.2565 80.1262 47.0425 71.9696 22.4722 72.021 108.962 51.6307 35.8469 72.9119 51.6236 11.0 79.3078 4.24264 88.5586 28.2312 0.0 71.8471 71.1892 53.7766 86.1997 67.0743 9.21954 61.5224 32.311 42.19 84.2294 13.3417 86.0163 27.2029 77.6209 26.0192 77.4524 87.5957 3.16228 46.1736 
42.5793 49.8197 22.4722 34.2053 36.0555 33.9411 40.8044 57.0088 93.8136 38.5876 44.1022 34.0147 73.437 73.0104 20.5183 66.8168 27.0185 71.218 41.6173 71.9125 71.8471 0.0 55.5428 64.1327 56.5862 80.6116 63.4114 33.0606 93.6056 81.1542 37.6431 72.3151 60.4654 77.4151 7.28011 53.4135 41.8688 96.8511 70.0 46.8402 
17.7635 56.1704 44.7214 58.0488 54.8179 27.074 73.0405 2.23607 82.3316 18.1108 52.8015 29.8921 45.4549 17.4676 52.8894 61.4972 34.0147 75.127 29.5466 48.2708 71.1892 55.5428 0.0 26.0214 22.6619 29.3132 67.4922 77.8043 71.4449 42.637 27.8927 58.0317 22.4786 54.5627 55.0818 67.546 19.6469 41.3084 73.6327 77.5293 
21.587 55.1813 46.5188 57.3158 69.7264 41.0956 72.1805 23.7962 63.3246 31.2483 69.2875 31.2372 22.3607 22.5457 54.5894 44.2349 46.8839 57.7794 46.5679 27.8927 53.7766 64.1327 26.0214 0.0 48.5789 16.7082 56.9629 79.0569 48.5489 24.7588 43.4871 40.6191 48.3956 33.2415 65.192 67.4833 35.9401 39.1582 55.9522 76.1725 
32.0156 70.3666 54.8725 72.2278 43.1045 22.6716 85.4059 24.8924 97.7135 20.6155 38.3275 44.0711 60.8368 24.1661 60.2267 76.5077 30.0 89.0968 17.72 63.6527 86.1997 56.5862 22.6619 48.5789 0.0 51.8707 81.462 83.9268 86.8269 65.784 19.7231 73.0422 10.2956 69.9446 53.6004 81.7423 15.0 46.0977 87.6026 91.2721 
38.1603 69.0854 63.2259 73.8051 84.0405 55.8912 88.6698 27.088 74.9384 46.3456 82.0902 47.9418 33.3452 25.8375 71.2944 57.3824 62.345 70.9268 58.8467 40.0167 67.0743 80.6116 29.3132 16.7082 51.8707 0.0 70.8669 95.703 58.3322 33.3238 57.1275 53.9168 51.6874 44.5254 81.4493 81.3874 48.8973 42.45 69.0996 92.6618 
49.7859 13.6015 42.45 31.3847 91.5795 72.4913 38.0 68.2726 31.6228 64.3862 96.9027 43.888 39.0344 76.7045 43.0116 12.7279 71.6308 7.81025 80.9238 31.4609 9.21954 63.4114 67.4922 56.9629 81.462 70.8669 0.0 52.345 40.2616 46.0478 76.5946 16.2788 81.2787 32.0156 69.4262 17.2627 71.2591 90.6368 6.7082 37.4833 
60.5427 41.0488 33.9706 23.7697 69.0 62.6498 15.2315 79.0451 83.5464 63.9078 77.1622 49.5177 79.0569 95.1349 25.4951 61.0737 57.2451 59.0339 71.8679 74.2159 61.5224 33.0606 77.8043 79.0569 83.9268 95.703 52.345 0.0 91.0879 87.5957 67.2309 64.195 86.0249 78.2657 40.0 36.1386 68.9794 118.975 58.6941 19.2094 
59.203 50.04 71.1688 68.0294 111.83 83.8689 77.6466 72.2254 21.9317 74.411 112.805 62.9131 26.4008 64.0827 75.505 30.0167 87.6584 36.2491 90.5207 23.6008 32.311 93.6056 71.4449 48.5489 86.8269 58.3322 40.2616 91.0879 0.0 25.2982 87.1149 27.0185 86.6435 17.2047 97.9467 57.4891 79.9062 71.0282 35.4683 77.666 
40.8044 51.7007 60.075 63.9062 92.5743 63.9531 76.9229 40.4118 44.0114 54.1202 92.2217 47.3814 8.544 38.9103 66.6108 33.3017 69.0797 46.3249 69.5021 14.8661 42.19 81.1542 42.637 24.7588 65.784 33.3238 46.0478 87.5957 25.2982 0.0 66.4214 29.8329 52.8297 15.2315 83.8976 61.6041 58.8743 47.3814 44.6542 79.2186 
28.4253 65.2728 38.663 57.1672 26.9258 5.0 69.1964 30.0832 97.22 12.7279 25.807 38.9772 61.4003 39.0 44.0172 81.8485 10.6301 84.2294 5.0 63.6553 84.2294 37.6431 27.8927 43.4871 19.7231 57.1275 76.5946 67.2309 87.1149 66.4214 0.0 75.5144 26.4764 70.0357 34.0588 74.7115 8.24621 64.3273 82.7351 75.0626 
44.6549 23.1948 49.8441 41.0122 101.295 74.2797 51.1957 58.8121 27.6586 60.1977 103.116 45.7843 22.8254 59.7544 49.5166 3.60555 77.0873 17.088 76.6459 15.2643 13.3417 72.3151 58.0317 40.6191 73.0422 53.9168 16.2788 64.195 27.0185 29.8329 75.5144 0.0 72.8588 15.8114 76.954 32.2025 66.1626 74.3303 15.2315 51.8652 
31.8404 69.9569 56.9706 72.0445 52.0384 27.8568 87.0362 24.7091 97.5302 22.1304 48.0521 43.8877 60.6535 13.9284 62.3248 76.3243 35.4683 88.9135 26.0 63.4694 86.0163 60.4654 22.4786 48.3956 10.2956 51.6874 81.2787 86.0249 86.6435 52.8297 26.4764 72.8588 0.0 69.7613 58.5918 81.559 19.3132 37.855 87.4192 91.525 
42.0119 38.2399 55.109 54.5894 94.6256 66.7083 66.3816 55.3431 30.4138 57.3149 95.6713 45.7274 11.1803 50.3629 60.208 19.4165 70.4557 31.4006 73.5527 6.40312 27.2029 77.4151 54.5627 33.2415 69.9446 44.5254 32.0156 78.2657 17.2047 15.2315 70.0357 15.8114 69.7613 0.0 81.7474 47.8853 62.9682 62.1691 29.8329 67.3113 
44.0 55.9017 27.4591 41.0488 29.0 31.0644 48.0833 56.7539 99.4491 37.3363 37.3363 36.6763 76.5327 72.45 27.0185 72.4484 23.6008 77.2334 37.4833 75.4274 77.6209 7.28011 55.0818 65.192 53.6004 81.4493 69.4262 40.0 97.9467 83.8976 34.0588 76.954 58.5918 81.7474 0.0 60.2163 39.4462 95.9372 75.9276 54.1202 
49.8397 12.53 36.0555 19.2094 85.4927 69.9056 21.2132 68.3265 47.5184 64.44 91.0824 43.0116 54.5907 87.2249 33.2866 28.6356 65.8188 23.0868 79.5755 47.0172 26.0192 53.4135 67.546 67.4833 81.7423 81.3874 17.2627 36.1386 57.4891 61.6041 74.7115 32.2025 81.559 47.8853 60.2163 0.0 71.313 103.062 23.0 20.2237 
22.3607 59.9373 39.9251 58.4293 35.171 8.544 70.4585 21.8403 90.4625 7.07107 33.6155 33.6417 53.9271 31.0781 45.2793 75.0715 16.1555 78.8939 10.6301 56.6392 77.4524 41.8688 19.6469 35.9401 15.0 48.8973 71.2591 68.9794 79.9062 58.8743 8.24621 66.1626 19.3132 62.9682 39.4462 71.313 0.0 57.0088 77.3997 76.3247 
58.474 90.7599 85.8921 96.2551 89.202 65.521 111.12 39.9625 91.2688 59.397 84.0238 70.6025 51.923 27.2947 94.0601 77.9089 73.0821 91.4534 63.5059 59.4811 87.5957 96.8511 41.3084 39.1582 46.0977 42.45 90.6368 118.975 71.0282 47.3814 64.3273 74.3303 37.855 62.1691 95.9372 103.062 57.0088 0.0 89.6261 115.112 
55.9265 20.2485 48.7955 38.0789 97.7449 78.6319 44.1022 74.4132 25.0 70.5268 103.068 50.1365 38.0132 74.9371 49.6488 12.3693 77.7963 2.0 87.0644 30.4138 3.16228 70.0 73.6327 55.9522 87.6026 69.0996 6.7082 58.6941 35.4683 44.6542 82.7351 15.2315 87.4192 29.8329 75.9276 23.0 77.3997 89.6261 0.0 43.1045 
59.8073 29.5296 37.855 19.6977 82.3772 70.2567 6.08276 78.3098 67.1193 71.2531 89.56 50.5668 70.722 94.3996 31.0644 48.3839 66.1211 43.0116 79.9266 65.2234 46.1736 46.8402 77.5293 76.1725 91.2721 92.6618 37.4833 19.2094 77.666 79.2186 75.0626 51.8652 91.525 67.3113 54.1202 20.2237 76.3247 115.112 43.1045 0.0 
DEMAND_SCENARIO_SECTION
0 0 0 0 0 0 0 0 0 0 0 0 0 0 0 0 0 0 0 0 0 0 0 0 0 0 0 0 0 0 0 0 0 0 0 0 0 0 0 0 0 0 0 0 0 0 0 0 0 0 
11 8 9 10 9 10 9 15 14 6 9 10 14 5 8 8 7 9 8 7 10 9 8 5 12 8 4 7 9 11 11 12 13 9 12 11 16 8 7 12 13 9 12 11 9 6 10 8 7 10 
6 7 2 4 1 2 6 7 3 3 4 7 5 4 6 3 3 2 5 2 3 5 7 5 2 3 6 3 2 1 7 5 4 2 1 4 3 6 2 2 5 1 3 3 2 1 3 1 6 4 
0 3 4 3 4 3 3 1 4 2 4 2 3 3 4 1 2 5 3 1 4 5 3 1 2 0 5 6 4 3 5 2 4 1 2 2 1 0 5 2 4 0 0 1 3 3 2 7 3 0 
13 13 12 10 4 8 10 9 7 6 10 10 10 5 11 9 8 9 4 11 9 11 10 14 12 8 7 12 12 8 12 16 9 9 8 12 9 11 13 8 13 10 9 12 8 11 11 4 12 8 
0 2 1 0 0 2 0 4 2 2 1 3 2 2 3 0 2 6 2 1 3 5 2 0 3 1 2 3 2 3 3 4 4 1 3 1 4 2 4 2 3 2 1 2 1 3 3 3 1 4 
9 6 8 14 7 8 10 12 12 9 6 7 7 10 11 4 9 6 11 7 10 14 9 11 14 11 11 8 14 11 5 12 13 13 6 9 14 11 13 17 8 7 14 7 7 3 13 10 9 15 
1 1 1 1 1 1 0 2 1 4 0 0 2 1 1 0 1 2 1 1 0 0 0 2 0 0 0 0 2 0 1 2 2 1 0 1 1 3 1 1 2 1 2 1 1 2 1 0 1 2 
5 11 6 7 9 5 8 8 7 10 13 14 2 3 2 6 6 14 6 8 8 13 10 8 7 5 12 12 12 7 10 7 10 11 5 6 11 11 9 2 5 9 11 8 5 7 11 12 7 11 
5 7 9 7 3 7 5 5 7 9 1 6 10 6 4 3 7 9 8 3 6 10 10 4 8 2 8 13 5 5 5 6 5 4 10 8 8 5 11 2 5 4 5 3 7 5 7 4 6 9 
6 6 7 2 8 6 8 2 9 9 5 5 6 5 10 3 5 10 7 7 5 9 6 5 7 9 6 4 4 10 4 7 7 8 8 2 12 6 7 5 10 6 6 6 7 8 8 4 7 2 
3 0 3 3 6 7 2 2 6 0 2 3 5 5 4 3 2 0 5 2 6 5 4 5 4 4 2 2 4 7 6 11 2 2 4 5 1 4 6 4 5 5 5 2 4 4 3 6 4 2 
5 7 5 7 3 4 6 7 8 4 7 4 7 5 5 2 0 7 5 5 2 6 8 5 6 2 8 1 6 8 2 6 1 2 5 6 2 3 4 1 2 5 6 4 4 4 5 4 8 4 
4 0 4 8 11 6 7 5 7 6 11 5 7 6 9 6 10 2 4 2 2 1 3 6 2 3 7 5 9 5 6 6 8 6 7 3 9 4 5 6 5 9 6 4 5 9 9 8 6 5 
7 11 8 8 11 7 9 14 9 3 9 4 8 6 10 11 9 13 3 9 7 7 9 9 10 10 2 8 10 6 10 8 6 10 8 11 4 11 9 7 12 7 4 5 9 5 10 19 7 3 
10 11 6 7 6 11 9 7 5 9 5 8 6 8 4 3 9 6 7 6 4 7 7 7 13 8 4 9 5 7 16 6 8 2 6 8 5 5 6 6 9 1 7 2 4 1 5 11 8 12 
2 2 5 5 4 1 0 1 5 1 5 3 6 1 3 4 3 0 5 6 4 7 3 6 5 3 2 5 2 6 1 2 4 6 5 3 0 5 4 5 4 2 3 5 1 4 3 5 3 4 
0 2 1 1 2 4 3 5 3 3 2 0 0 1 0 4 1 2 1 2 2 2 1 3 3 1 3 2 3 1 1 3 2 1 1 4 2 2 1 4 0 1 4 0 1 1 1 2 1 2 
12 5 5 4 10 6 14 13 7 11 17 7 9 5 7 10 10 3 13 6 8 8 12 10 8 5 5 6 10 12 7 15 6 6 11 12 11 7 14 10 12 5 8 4 15 12 10 13 6 7 
8 11 2 6 4 8 4 10 8 6 3 6 6 5 7 2 6 3 9 10 8 8 8 7 6 9 3 8 6 8 8 8 3 7 8 6 5 8 4 6 9 1 8 4 9 7 7 8 5 10 
4 4 10 6 2 6 11 4 6 3 8 3 5 2 4 4 6 6 4 6 6 6 5 8 8 9 5 6 7 12 3 6 7 6 7 4 4 1 3 7 2 6 8 7 3 5 8 3 4 4 
10 10 8 13 11 7 9 13 7 4 8 11 13 12 10 13 7 7 9 9 12 10 10 11 12 6 7 9 6 5 6 7 7 12 8 5 10 16 7 11 9 11 8 11 11 8 12 12 11 10 
9 14 5 7 13 9 8 12 11 10 13 10 12 12 8 5 8 6 10 13 5 8 13 5 11 15 8 4 9 9 4 6 13 6 11 11 13 11 8 6 11 10 8 5 11 8 8 9 10 9 
9 10 4 6 8 6 5 9 9 5 9 11 5 9 9 6 5 8 10 5 12 3 10 5 10 6 11 2 4 10 8 10 6 9 7 6 9 2 6 10 6 7 11 6 9 3 11 9 10 5 
5 2 1 8 1 5 6 5 2 5 2 2 4 5 3 1 3 3 1 3 8 6 2 3 2 6 5 7 6 4 1 2 4 2 2 2 3 3 6 1 3 1 4 5 3 6 1 2 5 1 
6 7 13 14 10 15 13 11 11 12 7 16 13 10 14 12 14 7 13 10 7 6 8 11 13 12 10 12 16 5 13 2 9 12 8 10 6 11 10 16 4 12 15 3 7 13 13 15 9 15 
2 4 3 3 2 0 3 1 2 4 3 2 1 1 2 2 4 3 2 4 4 4 2 1 2 3 2 5 1 2 1 2 3 2 2 3 1 2 0 0 2 2 4 1 2 4 0 2 3 2 
8 4 3 6 4 9 16 8 8 11 12 9 8 7 8 9 12 6 11 6 6 8 4 13 9 9 7 11 4 7 13 11 5 7 12 3 8 12 8 6 8 7 5 8 5 10 9 8 11 6 
4 9 7 6 7 5 3 5 5 7 2 9 2 3 6 2 6 6 8 2 6 8 3 4 3 6 3 5 7 6 2 6 4 5 5 5 10 6 3 6 3 10 6 5 2 5 4 5 4 5 
9 4 6 10 11 6 5 7 9 8 10 8 6 14 3 12 9 10 11 2 8 11 9 6 10 4 9 12 9 4 6 8 5 12 7 6 10 4 9 10 14 6 11 6 9 5 8 5 6 14 
2 8 0 5 7 6 1 7 4 5 5 4 4 3 4 4 7 4 3 10 2 3 5 4 2 6 5 6 9 2 6 4 3 9 6 4 2 5 2 5 7 0 4 2 1 3 2 6 5 4 
12 8 8 10 3 5 8 6 5 7 5 5 9 11 11 7 12 10 5 16 9 11 5 8 10 7 8 3 10 4 7 5 11 4 11 7 9 2 7 9 7 11 3 13 8 7 10 12 9 10 
5 8 11 12 6 9 7 10 10 11 6 9 13 9 5 7 12 5 11 4 12 11 9 4 12 9 6 9 4 4 7 9 7 10 6 9 7 8 9 9 5 7 8 8 8 10 6 4 8 9 
4 5 6 7 8 9 3 7 3 5 2 5 5 4 7 1 5 3 1 5 4 3 1 5 5 1 0 6 5 5 7 5 6 4 4 7 3 3 2 5 4 3 4 3 2 3 5 0 0 6 
12 16 7 7 11 6 10 11 12 8 10 10 5 9 4 10 8 7 6 9 10 17 6 15 7 7 11 13 9 5 16 7 4 7 8 7 9 10 8 10 7 7 7 10 10 10 10 10 12 4 
0 2 0 2 2 2 1 2 0 1 3 1 1 2 1 3 5 1 2 2 2 0 0 0 0 3 4 2 3 2 3 2 4 3 4 3 4 3 1 5 3 3 1 2 2 5 3 1 2 3 
1 7 13 2 10 5 9 7 10 11 7 11 7 4 4 10 9 4 8 12 7 10 9 5 3 13 8 5 7 6 11 11 11 12 10 4 8 6 9 7 6 5 4 8 6 0 7 7 7 6 
5 3 4 6 5 8 6 11 6 7 4 7 8 8 5 9 3 6 2 4 1 10 7 2 8 5 9 11 5 8 11 4 5 8 6 6 6 7 8 5 2 0 5 4 6 4 7 6 7 5 
1 0 1 1 1 1 0 2 1 3 0 1 1 1 1 3 1 1 0 2 2 1 2 2 1 1 1 2 2 3 1 1 1 1 0 1 1 1 2 1 0 0 0 0 1 2 1 1 1 1 
6 11 7 7 7 5 7 11 9 4 3 13 4 2 6 8 6 3 3 3 10 11 9 8 12 4 4 10 10 6 7 9 7 11 8 5 8 10 7 5 4 5 8 4 7 2 1 6 6 6 
DEPOT_SECTION
 1
 -1
EOF
