NAME  : Parada_40_5_0.95_1.00_7
TYPE : SVRP
MODEL : FINITE_SUPPORT
NUMBER_OF_SCENARIOS : 50
DIMENSION : 40
EDGE_WEIGHT_TYPE : MATRIX
CAPACITY : 51
N_VEHICLES : 5
NODE_COORD_SECTION
1 136780 431670
2 450890 264770
3 426530 170700
4 122330 165990
5 388670 465620
6 362910 641960
7 93794 96495
8 308870 207990
9 176770 37247
10 338200 595810
11 355880 242260
12 300680 430620
13 474530 170410
14 184940 51525
15 454430 203920
16 317370 213100
17 569100 535800
18 210860 513570
19 27 276090
20 154810 195410
21 225300 812520
22 188220 538310
23 514190 570550
24 394500 300890
25 299050 761090
26 237320 155380
27 569180 543180
28 225660 166820
29 147060 18
30 456130 683380
31 256180 677990
32 311600 325970
33 224850 140540
34 413350 677310
35 310440 749150
36 310140 235840
37 308730 408410
38 311780 777810
39 158600 513840
40 191970 152560
DEMAND_SECTION
1 0.0
2 1.0
3 6.0
4 9.0
5 7.0
6 6.0
7 2.0
8 9.0
9 7.0
10 8.0
11 8.0
12 10.0
13 4.0
14 1.0
15 4.0
16 8.0
17 10.0
18 4.0
19 4.0
20 4.0
21 10.0
22 9.0
23 10.0
24 10.0
25 10.0
26 8.0
27 3.0
28 9.0
29 2.0
30 8.0
31 7.0
32 8.0
33 7.0
34 3.0
35 1.0
36 10.0
37 7.0
38 1.0
39 4.0
40 7.0
DISTANCE_MATRIX
0.0 43.8998 49.149 42.0476 58.9423 34.9285 40.8319 21.5979 50.448 28.6356 36.1245 54.0253 55.3842 48.7647 50.4658 52.7631 53.2665 36.7393 70.0191 40.1995 52.1536 12.3693 60.8903 34.4831 40.8534 47.5171 53.764 47.5414 54.231 46.5725 30.0167 62.081 28.2843 43.8634 39.2173 55.7393 41.994 43.4626 40.844 48.2701 
43.8998 0.0 11.4018 43.382 98.8434 75.1692 59.2284 27.8927 55.4707 67.0788 14.3178 93.1922 14.3178 55.4617 8.24621 79.1904 95.029 76.6404 90.5207 37.1214 67.6018 48.9204 103.042 9.43398 64.846 29.0 95.5265 31.1127 63.9766 84.5828 53.7244 88.6515 33.3766 83.8925 64.622 82.2361 19.2354 66.0984 33.1361 35.3836 
49.149 11.4018 0.0 36.8782 94.2605 81.6088 55.0091 30.0 48.3839 73.7835 13.6015 91.2028 6.7082 48.7647 5.83095 76.6551 100.667 72.0576 85.1587 30.5941 78.2304 55.4707 105.476 16.7631 74.4648 19.7231 101.164 21.9545 57.28 91.4166 63.1034 86.4309 30.5941 90.4434 74.059 79.7621 30.5941 75.9276 44.0 26.4197 
42.0476 43.382 36.8782 0.0 70.7651 74.9667 20.2485 28.7979 12.2066 70.1142 29.6816 60.3736 42.2966 12.083 42.45 43.8634 83.37 52.0106 48.3735 6.32456 91.4397 54.231 83.8552 39.2046 81.7863 19.105 84.2262 17.2627 20.6155 87.5775 70.1204 55.7584 15.2315 83.5464 80.4114 47.0106 56.6392 84.1741 63.2456 13.9284 
58.9423 98.8434 94.2605 70.7651 0.0 40.2244 51.6299 76.5405 68.181 45.1885 82.1002 10.2956 100.885 65.9858 98.4885 33.3766 24.0416 22.561 57.0789 74.1275 82.7647 50.25 16.4924 89.4266 68.4471 87.3116 25.0 86.0851 64.4748 50.2096 64.2884 21.095 65.4913 42.45 66.2118 32.0624 96.9376 71.1126 82.5962 83.895 
34.9285 75.1692 81.6088 74.9667 40.2244 0.0 67.3647 54.2803 81.0247 8.94427 68.7968 42.5206 87.6185 79.0063 82.3286 64.6578 26.0 30.0832 87.9626 74.4136 43.6807 26.2488 37.6563 65.9469 29.6142 82.3164 26.0192 82.3407 82.2982 13.1529 29.6142 56.2228 62.8174 8.94427 27.4591 63.5641 65.8609 32.0156 52.8015 82.9774 
40.8319 59.2284 55.0091 20.2485 51.6299 67.3647 0.0 39.8512 16.6433 64.7611 44.911 41.3901 61.0328 14.4222 60.1332 23.7065 69.6419 39.2046 31.7805 25.4951 92.9626 53.0001 67.9535 52.8203 81.6124 39.0512 70.6045 37.3631 15.0 80.5047 70.846 36.2353 25.9615 75.06 79.9256 26.8328 69.0719 84.2483 74.418 34.176 
21.5979 27.8927 30.0 28.7979 76.5405 54.2803 39.8512 0.0 40.2732 47.0134 16.4012 73.4829 36.6197 39.4403 32.6497 59.4811 85.1076 54.3376 71.5386 24.7386 62.6418 28.878 87.7564 19.105 54.231 28.8617 85.8955 29.4279 47.3185 65.013 42.2966 68.9422 14.0459 63.1952 53.0848 62.5268 32.311 56.4358 35.6098 31.0161 
50.448 55.4707 48.3839 12.2066 68.181 81.0247 16.6433 40.2732 0.0 77.2334 41.8808 57.9412 53.3667 2.23607 54.0833 39.0512 85.703 54.8083 38.0132 18.3576 101.262 62.8172 84.5046 51.4004 91.0934 29.4279 86.6487 27.2947 9.05539 94.0 79.712 52.3259 26.4008 89.202 89.56 42.0119 68.7677 93.6056 74.84 23.0868 
28.6356 67.0788 73.7835 70.1142 45.1885 8.94427 64.7611 47.0134 77.2334 0.0 61.2944 45.607 79.6304 75.326 74.2401 64.514 34.2345 30.6105 87.818 68.7314 37.5766 18.3576 45.0999 57.8608 23.2594 75.8696 34.3657 76.1583 79.4292 18.0278 21.095 58.8099 56.8859 16.9706 21.0238 66.9715 56.9199 25.9422 43.8634 76.9025 
36.1245 14.3178 13.6015 29.6816 82.1002 68.7968 44.911 16.4012 41.8808 61.2944 0.0 79.0426 20.2485 41.6773 16.7631 65.0308 87.6425 59.8973 76.243 23.6008 70.1783 42.9418 93.316 10.0 64.5192 18.9737 88.14 20.6155 50.1199 79.1581 52.614 74.5019 19.105 77.6981 63.7887 68.0661 27.8029 66.2938 37.6431 24.1868 
54.0253 93.1922 91.2028 60.3736 10.2956 42.5206 41.3901 73.4829 57.9412 45.607 79.0426 0.0 97.8276 55.7459 95.4308 24.0 32.0624 17.9443 48.6621 65.1148 82.6801 47.4105 26.5707 84.5096 68.5055 78.2989 33.0606 77.0724 54.231 54.0833 62.6498 13.8924 60.3774 46.6476 66.2873 23.1948 92.0206 71.2811 79.7592 74.8823 
55.3842 14.3178 6.7082 42.2966 100.885 87.6185 61.0328 36.6197 53.3667 79.6304 20.2485 97.8276 0.0 53.9351 6.08276 83.0241 106.902 78.6824 90.6697 36.1248 81.8841 61.4003 112.101 21.9545 79.0569 24.0416 107.4 26.2488 62.3699 97.1391 67.8284 92.9276 37.108 96.4002 78.7718 86.1452 33.0 80.3617 47.3814 30.6757 
48.7647 55.4617 48.7647 12.083 65.9858 79.0063 14.4222 39.4403 2.23607 75.326 41.6773 55.7459 53.9351 0.0 54.4059 37.0135 83.4865 52.5929 37.0135 18.3848 99.8098 61.131 82.3093 51.0392 89.493 30.1496 84.4334 28.0713 8.544 92.0054 78.1857 50.2096 25.4951 87.1436 87.9318 40.0 68.2495 92.0272 74.0071 24.0 
50.4658 8.24621 5.83095 42.45 98.4885 82.3286 60.1332 32.6497 54.0833 74.2401 16.7631 95.4308 6.08276 54.4059 0.0 81.3019 101.984 76.2856 90.6091 36.1386 75.8024 56.0803 109.608 16.4012 73.0548 25.5539 102.481 27.7849 62.9365 91.7441 61.8755 90.8902 35.1283 91.0494 72.8011 84.3801 27.0185 74.3303 41.3038 32.249 
52.7631 79.1904 76.6551 43.8634 33.3766 64.6578 23.7065 59.4811 39.0512 64.514 65.0308 24.0 83.0241 37.0135 81.3019 0.0 56.0357 34.5763 25.2982 48.7032 98.8627 61.9072 49.8197 72.4502 85.2661 62.2977 57.0351 60.7454 33.4215 75.65 77.55 13.8924 46.1736 68.5159 83.1601 3.16228 89.1051 88.0943 93.1659 57.7754 
53.2665 95.029 100.667 83.37 24.0416 26.0 69.6419 85.1076 85.703 34.2345 87.6425 32.0624 106.902 83.4865 101.984 56.0357 0.0 31.7648 80.6226 84.3801 69.0507 47.4236 13.0384 86.0011 55.3263 95.0 1.0 94.6256 84.1724 30.8707 55.3263 44.911 74.4043 23.4094 53.2353 55.2268 90.381 57.5587 77.3282 94.0319 
36.7393 76.6404 72.0576 52.0106 22.561 30.0832 39.2046 54.3376 54.8083 30.6105 59.8973 17.9443 78.6824 52.5929 76.2856 34.5763 31.7648 0.0 57.881 53.0208 66.4003 30.0792 33.4215 67.2237 52.4976 63.8982 32.6497 63.4123 54.1479 43.0116 45.6508 30.9317 43.2884 36.6742 50.3289 37.0338 74.7347 55.3173 62.4278 62.6888 
70.0191 90.5207 85.1587 48.3735 57.0789 87.9626 31.7805 71.5386 38.0132 87.818 76.243 48.6621 90.6697 37.0135 90.6091 25.2982 80.6226 57.881 0.0 54.5894 122.159 85.2033 73.0068 84.5044 108.798 67.1193 81.6149 65.0692 29.0689 100.871 100.846 36.0139 57.5847 93.8013 106.758 25.4951 100.759 111.616 106.105 61.0082 
40.1995 37.1214 30.5941 6.32456 74.1275 74.4136 25.4951 24.7386 18.3576 68.7314 23.6008 65.1148 36.1248 18.3848 36.1386 48.7032 84.3801 53.0208 54.5894 0.0 87.3613 52.0096 87.2176 33.3017 78.8159 13.6015 85.235 12.083 26.9258 86.4928 66.9296 59.9416 12.0 83.0685 77.6029 51.8652 50.9117 81.0711 58.3095 9.89949 
52.1536 67.6018 78.2304 91.4397 82.7647 43.6807 92.9626 62.6418 101.262 37.5766 70.1783 82.6801 81.8841 99.8098 75.8024 98.8627 69.0507 66.4003 122.159 87.3613 0.0 40.6079 81.2527 62.0081 14.3178 88.6848 68.884 89.9444 106.005 40.0125 22.2036 95.7152 76.6877 46.1736 16.5529 101.292 49.4773 11.7047 34.5254 92.6368 
12.3693 48.9204 55.4707 54.231 50.25 26.2488 53.0001 28.878 62.8172 18.3576 42.9418 47.4105 61.4003 61.131 56.0803 61.9072 47.4236 30.0792 85.2033 52.0096 40.6079 0.0 55.5428 39.6989 28.6356 57.7343 47.8539 58.2981 66.4831 36.2491 18.4391 60.398 40.0125 35.0 26.9258 64.3647 46.6449 31.305 32.6958 59.5875 
60.8903 103.042 105.476 83.8552 16.4924 37.6563 67.9535 87.7564 84.5046 45.0999 93.316 26.5707 112.101 82.3093 109.608 49.8197 13.0384 33.4215 73.0068 87.2176 81.2527 55.5428 0.0 93.6249 67.2681 97.317 13.6015 96.8311 80.7996 43.8292 66.0076 37.054 76.7071 36.2491 65.1153 48.3735 100.39 69.6348 86.7997 96.1076 
34.4831 9.43398 16.7631 39.2046 89.4266 65.9469 52.8203 19.105 51.4004 57.8608 10.0 84.5096 21.9545 51.0392 16.4012 72.4502 86.0011 67.2237 84.5044 33.3017 62.0081 39.6989 93.6249 0.0 57.7235 28.6356 86.2008 30.4138 59.3633 75.3649 46.3514 81.9113 26.9258 74.6745 57.307 75.4959 17.8045 59.2284 28.4429 34.1321 
40.8534 64.846 74.4648 81.7863 68.4471 29.6142 81.6124 54.231 91.0934 23.2594 64.5192 68.5055 79.0569 89.493 73.0548 85.2661 55.3263 52.4976 108.798 78.8159 14.3178 28.6356 67.2681 57.7235 0.0 82.0244 55.2268 83.0 95.0789 27.8927 12.0 81.5723 66.9647 33.0606 2.23607 87.3294 48.8774 2.82843 33.8378 85.0941 
47.5171 29.0 19.7231 19.105 87.3116 82.3164 39.0512 28.8617 29.4279 75.8696 18.9737 78.2989 24.0416 30.1496 25.5539 62.2977 95.0 63.8982 67.1193 13.6015 88.6848 57.7343 97.317 28.6356 82.0244 0.0 95.8019 2.23607 38.4708 94.0896 70.0286 73.3485 20.6155 91.2474 81.0987 65.4599 46.1411 84.0 56.6127 6.7082 
53.764 95.5265 101.164 84.2262 25.0 26.0192 70.6045 85.8955 86.6487 34.3657 88.14 33.0606 107.4 84.4334 102.481 57.0351 1.0 32.6497 81.6149 85.235 68.884 47.8539 13.6015 86.2008 55.2268 95.8019 0.0 95.4411 85.1469 30.4631 55.4437 45.8912 75.213 23.0868 53.1507 56.2228 90.6461 57.4282 77.5934 94.8736 
47.5414 31.1127 21.9545 17.2627 86.0851 82.3407 37.3631 29.4279 27.2947 76.1583 20.6155 77.0724 26.2488 28.0713 27.7849 60.7454 94.6256 63.4123 65.0692 12.083 89.9444 58.2981 96.8311 30.4138 83.0 2.23607 95.4411 0.0 36.3456 94.1138 71.0 72.0069 20.2485 91.2717 82.0244 63.9062 48.0208 85.0235 58.1893 4.47214 
54.231 63.9766 57.28 20.6155 64.4748 82.2982 15.0 47.3185 9.05539 79.4292 50.1199 54.231 62.3699 8.544 62.9365 33.4215 84.1724 54.1479 29.0689 26.9258 106.005 66.4831 80.7996 59.3633 95.0789 38.4708 85.1469 36.3456 0.0 95.4254 84.0952 47.2017 33.3017 90.05 93.4077 36.1248 76.4003 97.6934 81.8853 32.1403 
46.5725 84.5828 91.4166 87.5775 50.2096 13.1529 80.5047 65.013 94.0 18.0278 79.1581 54.0833 97.1391 92.0054 91.7441 75.65 30.8707 43.0116 100.871 86.4928 40.0125 36.2491 43.8292 75.3649 27.8927 94.0896 30.4631 94.1138 95.4254 0.0 33.0151 67.9559 74.7329 7.81025 26.2488 75.6843 71.4699 29.4279 57.8014 94.8314 
30.0167 53.7244 63.1034 70.1204 64.2884 29.6142 70.846 42.2966 79.712 21.095 52.614 62.6498 67.8284 78.1857 61.8755 77.55 55.3263 45.6508 100.846 66.9296 22.2036 18.4391 66.0076 46.3514 12.0 70.0286 55.4437 71.0 84.0952 33.0151 0.0 75.6439 55.2929 35.8469 11.1803 80.0075 39.0512 14.1421 24.8395 73.1095 
62.081 88.6515 86.4309 55.7584 21.095 56.2228 36.2353 68.9422 52.3259 58.8099 74.5019 13.8924 92.9276 50.2096 90.8902 13.8924 44.911 30.9317 36.0139 59.9416 95.7152 60.398 37.054 81.9113 81.5723 73.3485 45.8912 72.0069 47.2017 67.9559 75.6439 0.0 55.8368 60.5392 79.3599 11.7047 100.076 84.3577 92.7466 69.4622 
28.2843 33.3766 30.5941 15.2315 65.4913 62.8174 25.9615 14.0459 26.4008 56.8859 19.105 60.3774 37.108 25.4951 35.1283 46.1736 74.4043 43.2884 57.5847 12.0 76.6877 40.0125 76.7071 26.9258 66.9647 20.6155 75.213 20.2485 33.3017 74.7329 55.2929 55.8368 0.0 71.7485 65.6313 49.2544 43.2666 69.3466 48.6127 20.2485 
43.8634 83.8925 90.4434 83.5464 42.45 8.94427 75.06 63.1952 89.202 16.9706 77.6981 46.6476 96.4002 87.1436 91.0494 68.5159 23.4094 36.6742 93.8013 83.0685 46.1736 35.0 36.2491 74.6745 33.0606 91.2474 23.0868 91.2717 90.05 7.81025 35.8469 60.5392 71.7485 0.0 31.1448 68.5502 73.2287 35.0 60.0333 91.9084 
39.2173 64.622 74.059 80.4114 66.2118 27.4591 79.9256 53.0848 89.56 21.0238 63.7887 66.2873 78.7718 87.9318 72.8011 83.1601 53.2353 50.3289 106.758 77.6029 16.5529 26.9258 65.1153 57.307 2.23607 81.0987 53.1507 82.0244 93.4077 26.2488 11.1803 79.3599 65.6313 31.1448 0.0 85.28 49.0918 5.0 34.2053 84.0238 
55.7393 82.2361 79.7621 47.0106 32.0624 63.5641 26.8328 62.5268 42.0119 66.9715 68.0661 23.1948 86.1452 40.0 84.3801 3.16228 55.2268 37.0338 25.4951 51.8652 101.292 64.3647 48.3735 75.4959 87.3294 65.4599 56.2228 63.9062 36.1248 75.6843 80.0075 11.7047 49.2544 68.5502 85.28 0.0 92.0813 90.1482 95.9242 60.9262 
41.994 19.2354 30.5941 56.6392 96.9376 65.8609 69.0719 32.311 68.7677 56.9199 27.8029 92.0206 33.0 68.2495 27.0185 89.1051 90.381 74.7347 100.759 50.9117 49.4773 46.6449 100.39 17.8045 48.8774 46.1411 90.6461 48.0208 76.4003 71.4699 39.0512 100.076 43.2666 73.2287 49.0918 92.0813 0.0 49.6488 15.2315 51.8652 
43.4626 66.0984 75.9276 84.1741 71.1126 32.0156 84.2483 56.4358 93.6056 25.9422 66.2938 71.2811 80.3617 92.0272 74.3303 88.0943 57.5587 55.3173 111.616 81.0711 11.7047 31.305 69.6348 59.2284 2.82843 84.0 57.4282 85.0235 97.6934 29.4279 14.1421 84.3577 69.3466 35.0 5.0 90.1482 49.6488 0.0 34.4819 87.2067 
40.844 33.1361 44.0 63.2456 82.5962 52.8015 74.418 35.6098 74.84 43.8634 37.6431 79.7592 47.3814 74.0071 41.3038 93.1659 77.3282 62.4278 106.105 58.3095 34.5254 32.6958 86.7997 28.4429 33.8378 56.6127 77.5934 58.1893 81.8853 57.8014 24.8395 92.7466 48.6127 60.0333 34.2053 95.9242 15.2315 34.4819 0.0 61.4654 
48.2701 35.3836 26.4197 13.9284 83.895 82.9774 34.176 31.0161 23.0868 76.9025 24.1868 74.8823 30.6757 24.0 32.249 57.7754 94.0319 62.6888 61.0082 9.89949 92.6368 59.5875 96.1076 34.1321 85.0941 6.7082 94.8736 4.47214 32.1403 94.8314 73.1095 69.4622 20.2485 91.9084 84.0238 60.9262 51.8652 87.2067 61.4654 0.0 
DEMAND_SCENARIO_SECTION
0 0 0 0 0 0 0 0 0 0 0 0 0 0 0 0 0 0 0 0 0 0 0 0 0 0 0 0 0 0 0 0 0 0 0 0 0 0 0 0 0 0 0 0 0 0 0 0 0 0 
3 0 0 0 1 1 1 2 0 0 0 2 2 2 0 1 0 2 0 1 1 2 2 3 0 0 1 0 1 2 3 1 2 1 1 2 1 2 1 1 0 0 0 2 2 1 2 2 0 1 
3 5 7 5 9 10 10 9 4 6 4 8 10 7 5 4 5 5 8 8 4 8 12 5 8 6 5 9 5 4 6 7 5 6 4 7 8 5 10 3 9 4 7 9 6 7 7 6 7 9 
2 6 6 7 12 13 14 5 11 10 12 12 5 14 5 11 9 6 9 15 9 11 8 13 7 12 10 8 9 11 6 9 4 11 9 16 1 7 4 6 7 8 6 6 12 8 8 12 12 4 
3 5 8 5 9 9 6 11 12 6 10 8 7 9 5 9 8 4 7 3 3 8 3 10 8 11 3 6 4 7 10 4 7 6 9 7 4 5 8 5 6 8 6 3 1 4 6 4 8 7 
7 11 9 6 9 5 4 8 10 8 11 8 4 6 6 4 6 8 13 2 6 4 8 3 2 3 8 6 8 5 2 6 6 5 1 5 6 6 0 1 4 3 7 6 2 4 7 6 7 7 
3 0 2 0 0 1 4 4 2 3 1 1 1 0 3 1 4 3 0 2 2 2 3 2 1 3 3 3 3 2 0 1 1 0 2 3 1 1 2 3 3 3 0 4 2 1 3 2 2 5 
7 7 6 11 14 8 5 5 15 14 6 11 2 12 5 9 6 8 9 7 10 9 10 11 8 6 10 12 7 6 9 9 14 7 10 12 10 11 6 11 6 6 6 7 7 7 7 8 10 7 
8 5 5 5 4 8 2 14 10 11 14 6 8 1 9 8 3 10 6 10 10 9 5 6 8 10 9 6 5 3 7 8 9 10 5 8 4 11 3 5 11 6 10 6 5 3 7 6 8 12 
10 8 12 9 10 10 5 7 5 2 16 8 10 12 10 10 11 9 8 6 11 3 7 9 2 9 7 10 9 3 8 9 9 8 6 9 8 8 8 4 9 6 9 12 5 13 10 11 8 11 
8 8 6 6 6 5 10 6 8 9 11 4 8 11 7 6 6 10 4 0 12 11 3 8 7 6 9 8 6 4 8 6 7 6 8 11 1 11 10 10 9 4 10 11 11 11 7 3 11 8 
12 6 10 10 10 11 12 13 14 11 8 9 12 13 10 8 4 9 13 10 14 11 10 12 7 7 11 12 11 12 10 13 7 14 10 13 11 12 11 11 9 7 6 12 10 10 6 14 13 11 
6 4 6 3 10 3 3 5 3 2 5 4 1 3 3 5 5 7 6 6 5 4 4 8 2 1 5 3 1 5 4 3 8 6 5 2 3 5 3 3 3 6 7 2 4 7 1 0 5 3 
1 0 1 0 0 2 2 2 2 1 0 2 1 2 2 1 3 1 1 0 0 1 1 1 2 1 1 0 0 3 2 0 1 1 1 0 0 2 1 0 2 3 1 0 0 1 2 1 1 0 
2 4 4 3 5 4 3 3 4 4 4 3 5 1 3 5 4 3 6 2 4 2 5 4 3 2 3 3 5 6 3 6 5 6 6 2 3 2 5 5 6 5 5 6 4 2 4 5 5 5 
10 7 5 7 7 7 6 9 7 5 10 7 6 10 9 11 11 6 7 12 10 4 12 15 9 9 7 3 6 10 8 6 7 8 4 7 12 9 6 11 4 9 10 6 8 10 10 7 8 6 
7 10 14 12 10 12 16 11 2 4 7 8 11 8 7 4 14 10 16 7 17 14 15 10 10 14 5 9 8 3 13 11 14 12 6 3 8 5 11 16 10 7 5 0 5 11 5 14 11 12 
6 7 5 6 4 8 3 4 4 0 0 4 9 3 2 9 7 4 5 1 4 5 4 4 4 4 5 9 4 2 4 3 3 4 4 4 2 1 1 9 6 3 5 2 3 3 2 6 2 1 
4 3 4 3 2 4 4 6 6 3 5 6 4 2 3 4 5 4 0 6 4 3 3 4 6 4 3 4 0 5 6 3 6 1 3 6 5 4 4 6 0 4 6 6 3 5 5 7 4 3 
4 4 3 4 5 5 7 4 3 1 3 2 3 4 0 3 4 0 4 2 4 5 3 3 1 4 5 3 5 3 0 5 2 3 5 5 2 6 2 5 5 4 0 5 2 3 3 3 4 5 
9 11 13 9 8 10 8 9 6 7 10 12 17 14 15 8 8 10 8 10 12 10 12 11 9 12 11 11 13 11 12 17 4 8 8 13 6 12 15 12 12 17 12 10 6 8 5 13 9 14 
5 11 8 8 9 1 6 7 10 7 14 13 10 12 12 6 9 9 8 4 8 3 9 5 8 8 11 5 6 9 10 9 6 11 11 7 5 4 12 6 6 11 10 10 9 12 15 15 9 16 
5 11 8 14 10 3 9 7 12 10 10 7 8 6 13 11 18 3 11 7 2 12 8 12 14 7 9 18 2 2 13 8 8 3 8 10 13 10 10 7 10 10 7 8 9 6 10 8 10 8 
11 10 10 12 11 10 12 2 8 4 18 10 11 14 6 9 9 11 12 10 13 14 11 4 12 9 10 9 7 12 7 10 7 11 11 8 13 8 11 5 10 5 3 6 8 14 12 12 9 8 
12 7 8 13 2 14 9 8 12 9 14 8 10 9 6 13 8 5 1 6 9 2 6 10 11 10 6 12 16 11 15 7 7 6 8 6 8 16 8 12 11 7 5 9 9 9 11 5 7 12 
11 13 8 9 8 8 8 8 3 6 12 4 8 7 2 7 11 8 15 11 9 12 6 7 6 8 12 10 7 3 5 8 4 9 8 5 7 7 6 3 12 7 7 4 6 8 9 3 11 2 
3 0 4 3 4 4 1 1 2 2 2 3 7 6 1 4 4 5 4 5 2 0 4 0 3 7 3 2 0 2 1 3 4 2 4 4 2 6 3 4 4 0 1 2 1 4 3 7 4 2 
10 5 13 1 9 10 10 5 4 8 8 7 7 10 8 11 12 7 9 13 8 12 6 10 8 12 5 5 7 13 12 12 4 8 12 9 6 9 10 11 8 8 9 9 7 4 13 14 11 9 
4 2 0 3 1 3 3 0 0 4 2 3 0 3 3 2 3 1 3 3 0 3 1 1 3 2 2 3 4 2 1 2 2 2 1 2 0 3 5 4 4 2 2 0 0 3 3 4 4 0 
8 8 12 11 12 9 8 9 5 10 12 9 11 15 7 4 7 11 11 12 9 10 7 9 6 10 8 13 6 6 5 7 12 7 7 6 10 12 7 12 12 3 4 2 11 11 7 11 6 5 
7 10 9 10 8 8 5 5 8 8 10 1 12 10 8 9 7 6 4 9 9 11 1 11 15 4 6 8 6 6 11 8 8 13 1 12 6 2 8 6 4 12 9 7 4 8 7 13 8 7 
5 8 6 10 8 6 7 5 10 8 6 12 8 9 1 7 10 6 10 11 9 10 10 8 3 9 8 5 8 9 5 5 9 5 3 2 5 12 8 15 8 14 8 14 12 3 9 6 8 3 
7 13 8 4 7 9 5 7 6 8 9 6 5 10 7 12 8 10 8 6 8 7 7 5 11 7 6 6 8 6 10 10 11 9 9 3 4 13 6 11 8 10 8 6 8 2 9 3 10 6 
4 5 7 5 4 1 3 3 2 7 5 4 2 1 1 2 0 1 3 5 2 5 1 6 3 3 4 3 3 2 2 4 1 2 7 1 1 5 3 3 1 3 3 4 0 2 3 2 3 0 
3 3 3 1 3 1 2 1 1 2 2 0 4 1 3 1 0 0 2 1 2 1 0 2 2 1 1 0 2 1 2 0 2 0 0 2 1 2 1 2 0 1 3 0 0 1 1 1 0 1 
8 11 9 8 9 10 11 15 10 8 5 14 10 6 4 16 10 10 15 11 14 8 11 17 8 6 10 18 5 9 10 13 6 6 8 13 16 8 8 9 10 10 7 10 7 2 10 6 12 12 
7 10 6 9 13 7 4 6 1 8 8 9 7 4 4 10 7 13 4 6 6 8 8 8 6 4 5 7 4 9 7 10 8 7 11 7 3 9 5 9 7 0 2 5 10 10 6 7 12 5 
0 1 3 0 1 0 1 1 2 1 1 2 2 1 0 0 0 1 0 1 0 2 0 3 2 1 2 1 2 0 1 2 1 1 0 0 0 2 3 0 1 2 2 1 0 1 0 2 0 1 
4 3 4 3 5 4 5 7 2 4 1 7 4 5 1 3 5 8 0 5 0 3 1 4 5 6 4 3 2 8 3 5 3 5 3 4 4 3 7 5 7 2 1 7 3 6 3 6 6 6 
5 10 6 7 6 8 5 8 5 6 6 8 6 9 9 6 3 9 5 6 6 6 9 11 10 9 8 7 4 8 7 4 3 3 10 3 9 7 7 9 9 9 7 10 7 7 8 5 8 6 
DEPOT_SECTION
 1
 -1
EOF
