NAME  : Parada_40_5_0.95_1.00_9
TYPE : SVRP
MODEL : FINITE_SUPPORT
NUMBER_OF_SCENARIOS : 50
DIMENSION : 40
EDGE_WEIGHT_TYPE : MATRIX
CAPACITY : 38
N_VEHICLES : 5
NODE_COORD_SECTION
1 112740 304020
2 544320 247620
3 27 581070
4 158110 436930
5 461920 228870
6 72740 783230
7 136220 34881
8 355300 307950
9 132410 303810
10 143200 598050
11 259220 57587
12 103650 500320
13 663580 373060
14 264390 474160
15 117340 578580
16 312270 18
17 372860 275110
18 30330 702350
19 596360 371470
20 270600 391100
21 111390 419890
22 305240 278990
23 607160 357780
24 394870 361720
25 219500 263390
26 279250 362830
27 605830 373400
28 317710 50005
29 558110 320330
30 190630 569850
31 367210 50789
32 172620 764070
33 249750 168130
34 236170 435390
35 225620 694110
36 198150 240360
37 530520 314080
38 217610 706590
39 64293 424060
40 41244 468620
DEMAND_SECTION
1 0.0
2 1.0
3 3.0
4 9.0
5 2.0
6 4.0
7 1.0
8 6.0
9 8.0
10 4.0
11 5.0
12 3.0
13 6.0
14 7.0
15 1.0
16 6.0
17 7.0
18 5.0
19 8.0
20 4.0
21 2.0
22 9.0
23 3.0
24 1.0
25 9.0
26 6.0
27 8.0
28 10.0
29 6.0
30 4.0
31 2.0
32 1.0
33 1.0
34 3.0
35 5.0
36 8.0
37 2.0
38 2.0
39 8.0
40 3.0
DISTANCE_MATRIX
0.0 46.7889 52.3927 30.9203 38.7285 60.4256 58.5979 31.3209 3.0 36.7648 48.8175 32.7484 67.5132 27.0185 34.8583 58.7053 32.2025 55.0727 61.7139 30.5941 24.4181 21.9317 61.5265 40.7922 15.3023 26.1725 60.3007 54.3443 51.1377 46.5937 60.155 54.4264 30.4798 30.4138 44.8394 12.8251 48.2299 44.0197 18.6269 41.1555 
46.7889 0.0 82.8794 64.7065 18.4391 101.047 55.4437 38.9487 48.5953 82.8488 37.4833 69.5683 25.2389 58.5618 80.9424 40.1995 34.1321 91.7886 16.1245 52.827 64.273 36.8595 18.3576 45.4533 33.3005 49.0245 14.7648 33.0151 12.0416 85.5531 29.6142 100.198 29.2075 55.9017 90.6109 34.8962 9.84886 89.7913 64.711 75.7065 
52.3927 82.8794 0.0 73.3348 76.9214 27.4591 48.5077 83.678 49.4773 47.1699 55.0091 58.6941 107.935 26.4008 51.8652 62.9682 84.119 15.2971 98.7168 81.2219 55.0364 74.0405 100.896 93.1719 63.0915 77.5547 97.3088 63.0635 91.6079 63.561 69.3542 35.2278 53.7587 27.0185 32.0156 60.6143 87.4185 33.0151 47.0 75.2794 
30.9203 64.7065 73.3348 0.0 48.6158 70.8802 87.9528 29.1204 33.7385 30.6757 74.2122 15.1327 76.6551 52.2015 26.0 84.0829 33.7343 70.4557 70.0643 15.2643 20.1246 28.0713 71.1758 32.45 38.9487 16.4924 69.029 79.7219 61.0082 24.2074 81.5405 57.3847 55.8744 57.322 49.7293 38.1956 58.1172 47.5395 26.9258 11.0 
38.7285 18.4391 76.9214 48.6158 0.0 99.3517 60.0167 22.8801 40.9174 75.3371 42.8993 53.4775 36.2353 52.2967 65.0782 49.5156 18.2459 93.0812 27.8568 36.7362 48.1822 20.7687 29.5466 30.4193 27.8642 32.9338 26.5707 41.9028 18.7883 69.4624 40.8044 93.3678 27.0 50.0607 83.7808 31.7819 14.8661 82.9611 57.1992 59.6158 
60.4256 101.047 27.4591 70.8802 99.3517 0.0 75.0267 91.3941 58.0517 40.2616 78.5875 55.9732 130.279 42.4853 45.1221 87.6641 92.5508 12.1655 121.107 82.8555 59.209 82.2586 123.209 98.4047 73.965 80.6837 119.694 86.4002 113.499 53.0094 92.3472 15.1327 72.5336 46.8188 21.1896 71.4878 109.287 23.4094 50.9956 68.593 
58.5979 55.4437 48.5077 87.9528 60.0167 75.0267 0.0 78.7718 55.8519 80.2956 18.0278 76.6093 78.848 40.7185 79.0 18.6011 76.2875 63.1269 70.6116 85.0882 68.2791 69.4622 72.7805 88.5438 51.4782 80.1311 69.4262 23.4094 67.2681 90.1246 29.0689 78.0897 33.8378 34.0147 70.342 50.1199 64.0703 69.9214 62.4868 93.8822 
31.3209 38.9487 83.678 29.1204 22.8801 91.3941 78.7718 0.0 34.2053 53.0377 62.8436 37.8021 48.0416 57.8705 49.679 72.6544 5.09902 86.0796 42.2966 15.0 32.9179 10.0 43.1045 10.0499 27.6586 12.6491 41.4367 64.6607 33.7343 52.3259 63.5241 79.0409 44.9444 60.1332 70.0687 30.1496 31.6228 67.8327 41.1381 39.8121 
3.0 48.5953 49.4773 33.7385 40.9174 58.0517 55.8519 34.2053 0.0 34.4334 49.8936 30.417 70.8182 24.0208 32.5269 59.7814 34.9285 52.4786 63.5203 33.541 22.0868 24.6982 63.748 43.7379 16.3784 29.1548 62.107 55.4204 54.0383 44.2624 61.2311 52.0665 31.5559 27.4591 42.4795 13.9012 49.8256 41.6598 16.2955 47.6899 
36.7648 82.8488 47.1699 30.6757 75.3371 40.2616 80.2956 53.0377 34.4334 0.0 74.0818 16.1245 97.5717 41.6963 5.0 84.4369 56.2408 41.0488 97.7739 43.566 21.9545 47.639 99.8759 59.8164 50.6319 42.0119 96.3606 80.8721 90.1663 16.6433 86.6828 26.8328 64.6655 47.8323 19.2354 48.1547 85.9535 17.1172 18.5418 29.0172 
48.8175 37.4833 55.0091 74.2122 42.8993 78.5875 18.0278 62.8436 49.8936 74.0818 0.0 70.0654 61.3514 38.0132 72.7862 10.4403 60.3194 67.6757 52.8867 70.6045 61.7352 53.8576 55.0818 72.5756 36.4005 65.6049 51.6624 8.06226 49.2544 83.9108 14.4222 78.1601 18.4391 32.249 69.0 36.0694 46.0435 68.1803 55.944 84.4474 
32.7484 69.5683 58.6941 15.1327 53.4775 55.9732 76.6093 37.8021 30.417 16.1245 70.0654 0.0 82.2534 39.4462 12.0416 80.4205 41.3401 55.3263 75.0165 27.4591 11.4018 32.8114 76.2756 43.9318 41.1868 26.1725 73.9331 76.8558 65.8867 17.0 82.6664 42.9418 60.6491 45.2217 34.7851 40.4307 62.979 32.573 14.2127 17.4929 
67.5132 25.2389 107.935 76.6551 36.2353 130.279 78.848 48.0416 70.8182 97.5717 61.3514 82.2534 0.0 83.4299 93.8541 61.8142 43.1045 116.657 9.21954 63.0317 76.9581 49.4773 7.07107 49.6488 57.3978 60.2993 10.6301 55.5428 17.4929 98.2344 50.636 124.295 54.4059 80.9197 114.708 58.9935 21.6333 113.889 88.8083 87.5728 
27.0185 58.5618 26.4008 52.2015 52.2967 42.4853 40.7185 57.8705 24.0208 41.6963 38.0132 39.4462 83.4299 0.0 40.4006 48.0416 57.9741 33.4215 74.2121 57.2189 32.28 48.0521 76.3724 67.6018 36.7585 53.0377 72.8001 45.2769 66.9836 51.5252 51.0876 40.1995 30.0167 6.7082 31.0161 34.2813 62.7943 30.2066 25.4951 56.9386 
34.8583 80.9424 51.8652 26.0 65.0782 45.1221 79.0 49.679 32.5269 5.0 72.7862 12.0416 93.8541 40.4006 0.0 83.1413 53.0138 46.0435 86.6172 39.4081 19.9249 44.4121 87.8763 55.9732 48.7255 38.2099 85.5338 79.5765 77.4874 12.7279 85.3872 31.3847 63.3699 46.5366 24.1868 46.2483 74.5797 22.0907 17.2462 24.0208 
58.7053 40.1995 62.9682 84.0829 49.5156 87.6641 18.6011 72.6544 59.7814 84.4369 10.4403 80.4205 61.8142 48.0416 83.1413 0.0 67.6393 76.4003 54.1479 80.6352 72.0903 63.6685 56.2228 79.8127 46.2188 75.6512 53.0848 7.61577 52.2398 94.2659 11.1803 88.0227 28.2825 42.0119 79.0569 45.9433 49.6488 78.2475 66.299 94.3181 
32.2025 34.1321 84.119 33.7343 18.2459 92.5508 76.2875 5.09902 34.9285 56.2408 60.3194 41.3401 43.1045 57.9741 53.0138 67.6393 0.0 87.2353 37.2156 20.025 36.1178 10.2956 38.0526 12.53 26.0192 17.2627 36.3456 60.0265 28.6356 56.4624 58.8899 82.2409 42.4559 59.7081 73.2686 29.0689 26.5707 71.0326 50.7521 44.5533 
55.0727 91.7886 15.2971 70.4557 93.0812 12.1655 63.1269 86.0796 52.4786 41.0488 67.6757 55.3263 116.657 33.4215 46.0435 76.4003 87.2353 0.0 107.439 80.8103 54.7083 76.9415 109.599 95.0609 67.6944 77.7946 106.027 75.6108 100.21 56.0892 81.7068 22.0227 63.2456 36.7151 22.561 65.2172 96.0212 24.3311 46.4866 70.0643 
61.7139 16.1245 98.7168 70.0643 27.8568 121.107 70.6116 42.2966 63.5203 97.7739 52.8867 75.0165 9.21954 74.2121 86.6172 54.1479 37.2156 107.439 0.0 57.2189 69.7212 42.3077 2.23607 45.5412 48.2256 54.0093 1.41421 47.5184 9.21954 91.0013 43.0465 115.123 45.2217 71.7008 105.536 49.8213 13.0 104.716 79.636 81.0555 
30.5941 52.827 81.2219 15.2643 36.7362 82.8555 85.0882 15.0 33.541 43.566 70.6045 27.4591 63.0317 57.2189 39.4081 80.6352 20.025 80.8103 57.2189 0.0 26.3059 18.0278 58.0775 17.2047 34.2053 5.0 56.3205 76.2741 48.5077 39.4081 79.4631 70.3278 52.2015 61.0 61.7414 34.9857 46.0977 59.5063 34.5254 25.2982 
24.4181 64.273 55.0364 20.1246 48.1822 59.209 68.2791 32.9179 22.0868 21.9545 61.7352 11.4018 76.9581 32.28 19.9249 72.0903 36.1178 54.7083 69.7212 26.3059 0.0 27.5161 70.9803 40.3578 35.8915 23.0868 68.6378 68.5255 60.5914 28.1603 74.3362 47.4669 52.3189 37.308 38.4947 35.1354 57.6837 36.2587 8.24621 26.9072 
21.9317 36.8595 74.0405 28.0713 20.7687 82.2586 69.4622 10.0 24.6982 47.639 53.8576 32.8114 49.4773 48.0521 44.4121 63.6685 10.2956 76.9415 42.3077 18.0278 27.5161 0.0 43.566 20.025 18.0278 13.4164 41.2243 59.3074 33.1779 48.7647 62.4964 73.6391 35.7771 50.1597 64.6669 20.2237 30.2702 62.4309 40.4599 39.0512 
61.5265 18.3576 100.896 71.1758 29.5466 123.209 72.7805 43.1045 63.748 99.8759 55.0818 76.2756 7.07107 76.3724 87.8763 56.2228 38.0526 109.599 2.23607 58.0775 70.9803 43.566 0.0 45.8803 50.3276 55.0091 3.60555 49.6488 10.7703 92.2604 45.0999 117.225 47.4342 73.8783 107.638 51.9233 14.7648 106.818 81.7381 82.1523 
40.7922 45.4533 93.1719 32.45 30.4193 98.4047 88.5438 10.0499 43.7379 59.8164 72.5756 43.9318 49.6488 67.6018 55.9732 79.8127 12.53 95.0609 45.5412 17.2047 40.3578 20.025 45.8803 0.0 37.6563 17.8045 44.9444 72.1999 38.0132 56.6127 71.0632 86.267 54.7083 70.0643 77.3105 40.1995 36.8917 75.0745 48.578 42.0476 
15.3023 33.3005 63.0915 38.9487 27.8642 73.965 51.4782 27.6586 16.3784 50.6319 36.4005 41.1868 57.3978 36.7585 48.7255 46.2188 26.0192 67.6944 48.2256 34.2053 35.8915 18.0278 50.3276 37.6563 0.0 29.2062 46.8123 41.8578 40.6179 57.1716 45.5448 67.9811 18.0278 34.6542 58.3941 4.24264 36.4052 57.5744 32.4941 49.1868 
26.1725 49.0245 77.5547 16.4924 32.9338 80.6837 80.1311 12.6491 29.1548 42.0119 65.6049 26.1725 60.2993 53.0377 38.2099 75.6512 17.2627 77.7946 54.0093 5.0 23.0868 13.4164 55.0091 17.8045 29.2062 0.0 53.0377 71.2902 45.0999 39.8246 74.4792 68.5055 47.2017 56.5685 59.5895 30.0167 42.4264 57.3534 31.3209 27.2947 
60.3007 14.7648 97.3088 69.029 26.5707 119.694 69.4262 41.4367 62.107 96.3606 51.6624 73.9331 10.6301 72.8001 85.5338 53.0848 36.3456 106.027 1.41421 56.3205 68.6378 41.2243 3.60555 44.9444 46.8123 53.0377 0.0 46.3897 8.06226 89.9179 42.0119 113.71 43.8292 70.2922 104.123 48.408 11.7047 103.303 78.2227 80.025 
54.3443 33.0151 63.0635 79.7219 41.9028 86.4002 23.4094 64.6607 55.4204 80.8721 8.06226 76.8558 55.5428 45.2769 79.5765 7.61577 60.0265 75.6108 47.5184 76.2741 68.5255 59.3074 49.6488 72.1999 41.8578 71.2902 46.3897 0.0 45.0444 90.7011 6.40312 85.4751 23.9215 39.8121 76.1052 41.5823 42.2966 75.3052 62.7343 89.9571 
51.1377 12.0416 91.6079 61.0082 18.7883 113.499 67.2681 33.7343 54.0383 90.1663 49.2544 65.8867 17.4929 66.9836 77.4874 52.2398 28.6356 100.21 9.21954 48.5077 60.5914 33.1779 10.7703 38.0132 40.6179 45.0999 8.06226 45.0444 0.0 81.8716 41.5933 107.515 38.9102 64.6375 97.9284 42.2137 4.24264 97.1087 72.0284 72.0069 
46.5937 85.5531 63.561 24.2074 69.4624 53.0094 90.1246 52.3259 44.2624 16.6433 83.9108 17.0 98.2344 51.5252 12.7279 94.2659 56.4624 56.0892 91.0013 39.4081 28.1603 48.7647 92.2604 56.6127 57.1716 39.8246 89.9179 90.7011 81.8716 0.0 96.5118 38.1182 74.4945 57.6613 33.541 57.9837 78.9638 31.7805 28.2312 17.0 
60.155 29.6142 69.3542 81.5405 40.8044 92.3472 29.0689 63.5241 61.2311 86.6828 14.4222 82.6664 50.636 51.0876 85.3872 11.1803 58.8899 81.7068 43.0465 79.4631 74.3362 62.4964 45.0999 71.0632 45.5448 74.4792 42.0119 6.40312 41.5933 96.5118 0.0 91.286 29.7321 45.6719 81.9478 47.393 39.2938 81.1282 68.545 94.6992 
54.4264 100.198 35.2278 57.3847 93.3678 15.1327 78.0897 79.0409 52.0665 26.8328 78.1601 42.9418 124.295 40.1995 31.3847 88.0227 82.2409 22.0227 115.123 70.3278 47.4669 73.6391 117.225 86.267 67.9811 68.5055 113.71 85.4751 107.515 38.1182 91.286 0.0 69.7296 46.0109 10.2956 65.5039 103.303 12.2066 44.0512 54.1295 
30.4798 29.2075 53.7587 55.8744 27.0 72.5336 33.8378 44.9444 31.5559 64.6655 18.4391 60.6491 54.4059 30.0167 63.3699 28.2825 42.4559 63.2456 45.2217 52.2015 52.3189 35.7771 47.4342 54.7083 18.0278 47.2017 43.8292 23.9215 38.9102 74.4945 29.7321 69.7296 0.0 26.9072 60.1425 17.6918 34.9285 59.3229 46.5276 66.1096 
30.4138 55.9017 27.0185 57.322 50.0607 46.8188 34.0147 60.1332 27.4591 47.8323 32.249 45.2217 80.9197 6.7082 46.5366 42.0119 59.7081 36.7151 71.7008 61.0 37.308 50.1597 73.8783 70.0643 34.6542 56.5685 70.2922 39.8121 64.6375 57.6613 45.6719 46.0109 26.9072 0.0 37.2156 31.1479 60.4649 36.4983 31.0644 62.6817 
44.8394 90.6109 32.0156 49.7293 83.7808 21.1896 70.342 70.0687 42.4795 19.2354 69.0 34.7851 114.708 31.0161 24.1868 79.0569 73.2686 22.561 105.536 61.7414 38.4947 64.6669 107.638 77.3105 58.3941 59.5895 104.123 76.1052 97.9284 33.541 81.9478 10.2956 60.1425 37.2156 0.0 55.9168 93.7156 2.23607 35.079 48.0416 
12.8251 34.8962 60.6143 38.1956 31.7819 71.4878 50.1199 30.1496 13.9012 48.1547 36.0694 40.4307 58.9935 34.2813 46.2483 45.9433 29.0689 65.2172 49.8213 34.9857 35.1354 20.2237 51.9233 40.1995 4.24264 30.0167 48.408 41.5823 42.2137 57.9837 47.393 65.5039 17.6918 31.1479 55.9168 0.0 38.0009 55.0972 30.0169 48.4307 
48.2299 9.84886 87.4185 58.1172 14.8661 109.287 64.0703 31.6228 49.8256 85.9535 46.0435 62.979 21.6333 62.7943 74.5797 49.6488 26.5707 96.0212 13.0 46.0977 57.6837 30.2702 14.7648 36.8917 36.4052 42.4264 11.7047 42.2966 4.24264 78.9638 39.2938 103.303 34.9285 60.4649 93.7156 38.0009 0.0 92.896 67.8157 69.1172 
44.0197 89.7913 33.0151 47.5395 82.9611 23.4094 69.9214 67.8327 41.6598 17.1172 68.1803 32.573 113.889 30.2066 22.0907 78.2475 71.0326 24.3311 104.716 59.5063 36.2587 62.4309 106.818 75.0745 57.5744 57.3534 103.303 75.3052 97.1087 31.7805 81.1282 12.2066 59.3229 36.4983 2.23607 55.0972 92.896 0.0 32.843 46.0109 
18.6269 64.711 47.0 26.9258 57.1992 50.9956 62.4868 41.1381 16.2955 18.5418 55.944 14.2127 88.8083 25.4951 17.2462 66.299 50.7521 46.4866 79.636 34.5254 8.24621 40.4599 81.7381 48.578 32.4941 31.3209 78.2227 62.7343 72.0284 28.2312 68.545 44.0512 46.5276 31.0644 35.079 30.0169 67.8157 32.843 0.0 31.6228 
41.1555 75.7065 75.2794 11.0 59.6158 68.593 93.8822 39.8121 47.6899 29.0172 84.4474 17.4929 87.5728 56.9386 24.0208 94.3181 44.5533 70.0643 81.0555 25.2982 26.9072 39.0512 82.1523 42.0476 49.1868 27.2947 80.025 89.9571 72.0069 17.0 94.6992 54.1295 66.1096 62.6817 48.0416 48.4307 69.1172 46.0109 31.6228 0.0 
DEMAND_SCENARIO_SECTION
0 0 0 0 0 0 0 0 0 0 0 0 0 0 0 0 0 0 0 0 0 0 0 0 0 0 0 0 0 0 0 0 0 0 0 0 0 0 0 0 0 0 0 0 0 0 0 0 0 0 
1 1 1 0 2 1 2 2 2 1 2 1 1 1 1 0 0 0 2 3 1 1 1 3 2 1 1 1 1 2 3 1 2 1 1 3 0 1 0 1 0 0 1 0 0 1 1 0 0 0 
5 2 4 4 2 5 4 3 2 1 4 1 1 7 5 3 5 6 4 2 3 2 5 4 3 3 6 4 4 1 2 4 3 3 2 1 3 0 4 5 3 3 2 5 7 1 1 1 2 4 
8 10 9 7 14 7 14 10 10 13 8 9 10 6 8 8 12 10 11 7 6 11 14 11 8 7 7 9 14 9 9 15 9 8 9 14 13 8 10 9 3 4 11 5 5 4 10 8 12 7 
4 1 2 4 0 3 3 2 0 2 3 2 0 2 4 2 2 0 2 1 0 1 0 1 2 4 0 2 1 3 2 3 0 0 1 0 2 3 3 0 4 4 3 3 3 2 2 0 2 2 
4 5 2 4 7 2 2 3 3 4 0 4 0 7 3 8 5 7 8 3 4 3 8 3 3 4 4 2 2 0 6 4 7 3 3 7 2 6 1 5 5 5 7 3 3 8 5 4 1 7 
0 0 1 2 0 1 1 1 2 1 1 1 1 1 1 2 3 1 1 2 3 2 0 1 0 1 0 1 2 0 1 2 0 1 2 2 1 2 1 0 0 0 0 2 0 1 2 2 0 1 
8 6 6 5 4 8 4 9 4 7 7 9 7 3 7 7 6 7 3 7 5 9 9 2 7 5 6 4 9 8 1 7 8 9 6 6 6 6 6 10 5 9 7 11 0 4 9 8 7 9 
10 3 12 9 2 7 12 11 8 9 9 6 10 11 7 7 3 6 8 9 15 4 12 7 3 4 11 10 10 13 6 10 2 10 5 11 14 7 12 7 8 8 8 9 9 9 13 11 9 6 
4 5 1 5 3 6 6 5 5 6 7 5 7 4 4 3 4 1 5 4 2 4 3 8 5 4 4 5 4 4 1 0 2 4 2 2 3 0 4 5 0 3 7 4 4 3 5 4 6 2 
6 2 5 4 6 4 5 5 3 4 5 2 4 9 0 5 4 7 4 6 6 4 3 7 5 4 2 4 2 9 0 8 0 3 7 10 5 6 5 6 11 7 8 7 5 6 6 6 6 5 
5 5 3 7 1 4 1 3 2 3 2 2 5 4 6 3 2 5 1 3 2 4 4 1 0 7 0 2 2 4 2 1 2 3 4 2 2 3 4 4 2 3 4 4 3 1 0 2 0 5 
5 2 8 4 5 9 3 5 7 1 7 7 5 11 5 5 5 2 10 6 4 5 7 7 4 5 6 13 10 7 6 5 6 9 0 0 8 11 6 6 4 2 3 12 6 5 6 9 8 7 
5 3 8 6 4 4 7 5 7 8 7 5 7 8 15 0 8 5 7 6 12 9 0 7 15 6 6 8 8 2 7 7 6 6 4 4 7 5 8 8 2 5 7 8 5 8 9 5 5 6 
0 0 1 1 2 1 0 1 1 1 0 1 1 1 2 1 0 1 1 3 0 0 1 0 0 0 1 0 2 1 1 1 0 0 2 0 2 2 2 1 1 0 1 2 2 2 3 0 0 1 
3 8 7 9 7 6 6 4 5 12 5 5 3 5 6 6 10 5 9 6 4 4 6 6 6 5 12 5 9 7 7 6 10 10 2 8 5 9 6 3 3 5 4 5 6 8 9 5 8 10 
6 10 6 5 7 9 5 8 9 2 8 9 7 7 8 10 1 12 8 7 10 7 11 9 8 8 5 4 11 4 5 10 15 13 11 7 12 7 3 9 7 5 11 5 10 11 7 12 0 7 
8 3 5 8 4 5 6 2 2 6 2 8 5 4 4 7 6 4 5 0 6 8 7 7 9 6 6 2 4 5 0 10 3 6 5 4 4 7 6 7 5 6 2 1 3 2 9 4 5 4 
7 5 6 6 4 8 5 11 9 6 12 7 8 10 7 7 13 13 9 12 9 10 7 4 6 13 10 9 9 11 10 7 6 10 9 7 10 5 6 10 11 7 8 8 9 10 10 16 8 8 
4 0 3 4 2 6 4 0 5 5 5 4 5 7 4 2 2 1 3 3 4 5 6 4 6 4 1 5 2 3 1 1 2 4 2 6 2 3 4 5 7 4 4 7 5 6 3 1 4 6 
3 4 2 2 2 0 0 2 2 2 5 2 2 5 1 1 1 4 1 4 1 2 1 1 4 2 3 2 2 1 4 2 0 5 2 4 1 2 2 2 4 2 3 2 1 1 3 3 4 2 
11 14 11 8 9 8 7 6 9 11 9 10 9 9 13 2 10 12 11 6 9 6 3 7 6 12 10 9 10 11 6 11 7 5 10 6 7 7 5 6 4 10 7 8 7 15 7 11 6 9 
4 3 0 5 2 2 3 3 2 5 1 3 5 2 4 6 4 1 3 3 6 0 2 4 3 3 2 1 3 4 3 6 5 2 3 3 1 5 3 3 3 0 8 2 6 4 1 3 2 4 
1 2 2 0 1 2 2 2 0 0 1 1 2 1 1 1 2 1 0 2 3 0 2 0 1 1 0 0 2 1 2 1 1 2 1 1 3 1 1 0 2 0 0 0 0 0 1 0 0 0 
5 6 8 8 8 6 7 14 11 7 11 12 9 6 10 11 5 6 12 10 13 11 8 11 12 9 7 7 8 11 16 13 7 12 10 6 11 5 9 7 6 6 8 9 12 8 4 5 9 17 
8 5 6 6 4 6 6 7 5 1 8 7 2 9 6 7 5 8 8 11 7 2 5 3 0 7 10 5 4 3 2 4 5 9 5 7 5 8 10 4 4 5 5 5 0 3 5 2 7 8 
9 3 12 8 6 11 9 13 7 10 12 10 11 9 9 8 9 11 7 8 11 12 8 5 4 9 8 10 4 7 7 5 6 1 10 7 9 10 6 11 6 3 9 8 7 5 4 11 13 6 
16 3 12 8 8 8 4 13 9 6 15 11 9 12 8 13 7 8 9 10 16 12 10 11 12 12 14 11 17 14 9 10 8 16 10 8 14 11 15 7 4 8 10 13 5 3 8 10 13 15 
6 4 5 2 7 1 6 10 4 10 5 2 9 4 3 7 9 5 7 9 8 5 4 9 8 2 7 5 2 3 1 8 5 5 7 5 7 7 12 5 7 6 10 8 5 2 5 5 8 4 
2 5 4 5 4 8 3 5 5 8 3 4 4 7 0 1 1 6 0 2 3 4 3 4 0 5 2 2 3 4 8 4 4 5 1 5 5 8 4 6 3 5 5 3 2 6 8 3 4 7 
3 1 3 2 1 3 4 2 1 2 1 3 2 4 3 2 2 2 1 2 4 2 4 0 4 1 1 0 1 2 2 1 2 2 6 3 1 1 1 1 5 2 4 3 1 1 3 2 0 2 
2 2 1 2 1 2 4 2 0 1 0 1 2 1 2 1 2 2 0 1 0 1 1 3 1 3 3 3 0 1 1 0 2 1 0 2 0 3 1 2 0 1 0 0 1 2 0 2 2 0 
0 2 1 2 1 1 1 1 1 2 1 1 0 1 1 1 1 0 1 3 2 0 1 2 0 1 2 0 2 2 2 1 1 0 0 2 2 0 0 3 3 0 0 1 1 1 1 2 1 1 
3 5 0 2 0 2 3 3 6 1 3 2 3 6 2 1 4 4 3 3 3 2 5 4 2 5 6 4 5 1 3 4 2 1 2 3 2 3 2 7 3 5 5 3 5 3 6 1 4 4 
2 5 3 3 5 4 5 11 9 2 2 6 10 4 5 4 4 5 2 4 6 7 8 4 2 1 9 5 9 4 7 4 9 7 5 5 6 3 7 4 3 7 6 4 8 7 3 5 7 7 
9 10 6 10 6 9 6 2 7 4 4 14 13 4 7 12 12 8 8 4 7 11 6 7 10 7 7 7 13 9 10 2 5 6 7 10 11 7 5 10 0 9 12 9 13 7 13 10 8 6 
1 0 3 1 2 2 1 1 2 3 4 2 0 1 2 2 2 0 3 2 3 1 0 2 0 2 4 1 3 1 5 5 2 3 3 1 4 4 3 0 3 1 2 0 3 2 2 3 2 1 
2 1 2 2 3 2 1 1 1 2 0 3 4 3 1 3 0 4 1 2 2 0 1 2 3 2 0 3 2 0 3 1 1 2 2 4 2 4 2 2 0 4 1 2 0 2 2 3 3 3 
10 9 10 5 10 1 3 8 9 5 7 5 8 7 3 7 9 5 3 7 7 9 9 8 13 4 11 8 8 7 8 10 8 7 6 11 9 17 9 10 12 16 6 8 12 13 10 11 6 4 
4 0 1 0 3 2 5 6 2 4 3 1 1 4 7 0 4 3 3 8 0 3 2 6 3 5 2 3 0 2 4 3 3 4 1 2 2 1 3 1 3 4 2 4 3 2 5 5 1 3 
DEPOT_SECTION
 1
 -1
EOF
