NAME  : Parada_40_5_0.95_1.00_0
TYPE : SVRP
MODEL : FINITE_SUPPORT
NUMBER_OF_SCENARIOS : 50
DIMENSION : 40
EDGE_WEIGHT_TYPE : MATRIX
CAPACITY : 48
N_VEHICLES : 5
NODE_COORD_SECTION
1 235850 389580
2 481890 540400
3 386140 55732
4 303620 220910
5 210290 213110
6 199400 299570
7 73572 303800
8 682700 449730
9 245560 378190
10 708550 329420
11 531400 18
12 198900 388470
13 574540 52011
14 320360 263650
15 132440 140780
16 142110 77248
17 487270 509630
18 458990 617230
19 687820 347620
20 459740 216490
21 385840 148970
22 140700 220380
23 310250 478810
24 575420 420600
25 490320 359270
26 404940 84960
27 533900 582060
28 488180 193360
29 86201 1562
30 566850 362440
31 387490 740760
32 417530 460170
33 494270 44565
34 463040 601310
35 554300 62385
36 82194 193670
37 388850 110710
38 425070 700260
39 444360 583430
40 27 212740
DEMAND_SECTION
1 0.0
2 2.0
3 10.0
4 5.0
5 8.0
6 2.0
7 4.0
8 8.0
9 10.0
10 3.0
11 10.0
12 3.0
13 10.0
14 6.0
15 4.0
16 6.0
17 2.0
18 4.0
19 10.0
20 5.0
21 10.0
22 10.0
23 9.0
24 5.0
25 6.0
26 1.0
27 4.0
28 10.0
29 3.0
30 8.0
31 6.0
32 3.0
33 1.0
34 10.0
35 10.0
36 5.0
37 3.0
38 1.0
39 2.0
40 10.0
DISTANCE_MATRIX
0.0 33.8378 39.1282 54.2541 22.7082 53.0443 28.4429 54.4222 2.23607 64.6318 60.5987 7.07107 63.7809 58.4807 35.7231 44.2843 36.2987 46.2346 62.6923 47.3899 45.0 36.5547 15.0333 33.1037 50.9608 33.3017 39.6816 51.6815 53.0312 36.4121 56.5685 35.2488 54.4622 39.4462 62.6259 44.0114 38.9487 48.7955 51.2687 40.8534 
33.8378 0.0 69.9019 87.4514 55.9525 86.6155 40.7185 44.643 34.2053 57.0088 89.2072 40.8044 97.2473 90.6065 61.9358 70.1253 5.0 21.5407 57.0701 71.1848 78.5006 70.1259 19.8223 40.6989 62.6777 66.7679 27.1662 75.6549 73.3894 48.1411 30.0832 16.6158 86.0531 9.21954 94.6277 46.669 72.4121 24.0832 26.0768 54.2033 
39.1282 69.9019 0.0 32.6497 37.1214 45.9674 63.561 63.0317 40.2492 66.7533 21.4709 35.1141 26.9258 38.5876 51.4782 56.758 72.336 68.2329 62.9682 18.3848 18.3848 40.2914 50.7509 38.8747 36.2491 9.48683 59.0823 20.2485 72.2772 33.0151 95.6967 71.2861 16.4012 77.2806 25.0 80.05 8.60233 87.9232 71.0269 72.1132 
54.2541 87.4514 32.6497 0.0 36.9039 17.4642 65.3051 93.3922 54.6353 98.2344 38.9487 48.0952 29.6142 6.40312 42.19 40.8044 89.9038 97.7194 94.6414 50.4777 14.4222 24.1868 68.5298 69.2024 68.8767 26.6833 90.2537 51.225 56.0892 63.561 112.253 88.8539 29.6816 93.652 31.3209 78.6003 24.1661 104.467 102.754 65.8635 
22.7082 55.9525 37.1214 36.9039 0.0 30.8408 33.545 75.8613 21.8409 88.322 56.4358 15.7636 54.9123 36.2772 14.5602 22.0227 58.5313 67.6785 84.9374 52.4976 33.9411 14.3512 37.7243 59.1322 63.3134 28.0 61.1256 55.7853 36.2491 53.558 75.5268 57.4814 48.0521 60.5599 54.7174 46.8403 32.249 67.741 72.7126 35.6931 
53.0443 86.6155 45.9674 17.4642 30.8408 0.0 56.1119 103.943 52.5039 108.943 55.9464 46.3308 47.0744 12.0 32.2025 27.2029 89.1943 98.3242 105.559 64.3506 29.6816 16.4924 67.8719 79.7536 81.0714 37.8021 91.7713 65.8559 40.8534 74.1597 102.648 88.1444 46.5188 91.2228 48.7647 68.6804 37.4833 95.6029 103.358 54.4885 
28.4429 40.7185 63.561 65.3051 33.545 56.1119 0.0 78.0936 26.3059 88.8631 84.4808 29.0689 84.6726 64.0497 23.9113 32.0156 45.1774 58.7271 87.367 75.0067 63.8364 41.4368 33.6006 58.4936 79.3095 55.6597 63.2541 79.0569 32.9848 64.5979 46.5725 45.0555 76.896 39.8121 84.2127 16.4924 60.7454 39.6232 64.3751 14.1421 
54.4222 44.643 63.0317 93.3922 75.8613 103.943 78.0936 0.0 56.4004 12.3693 75.9605 60.2485 87.4757 98.4831 88.8435 97.4047 40.025 23.3452 13.0384 52.2015 80.2597 90.0173 44.5626 27.6586 34.4819 66.7131 18.3576 55.3624 106.26 30.0167 72.111 53.2832 76.9415 52.9528 84.7231 88.6904 70.1182 67.7422 21.095 92.0407 
2.23607 34.2053 40.2492 54.6353 21.8409 52.5039 26.3059 56.4004 0.0 66.6108 61.7171 6.7082 64.6607 57.2775 34.8558 43.417 36.7332 48.1757 64.6713 49.2926 45.4533 36.0143 16.0312 35.0828 53.1601 34.2053 41.6228 53.6449 50.8138 38.6366 55.9017 35.6833 55.4707 39.3573 63.6003 42.0 39.8246 48.1041 53.2098 38.6264 
64.6318 57.0088 66.7533 98.2344 88.322 108.943 88.8631 12.3693 66.6108 0.0 76.531 70.458 89.0898 103.446 99.0531 107.614 52.3927 35.6931 4.12311 53.0848 84.7231 100.551 55.3321 34.9857 33.3766 71.5681 30.4631 55.4437 116.917 34.7851 84.2912 65.4624 79.0 65.307 86.1452 100.87 74.5252 80.0625 33.0151 102.81 
60.5987 89.2072 21.4709 38.9487 56.4358 55.9464 84.4808 75.9605 61.7171 76.531 0.0 56.4624 13.9284 45.2769 70.0643 73.3348 91.6413 82.3005 72.4431 23.7697 26.9258 55.4437 70.0562 53.8754 43.1856 28.8617 74.083 21.095 89.3588 47.4236 116.381 90.5914 9.48683 96.5859 10.7703 100.96 24.1868 108.971 86.0277 92.0706 
7.07107 40.8044 35.1141 48.0952 15.7636 46.3308 29.0689 60.2485 6.7082 70.458 56.4624 0.0 58.6003 51.7672 28.7785 37.3397 43.2914 52.0657 68.5185 46.0109 38.9487 29.8411 22.0907 44.932 53.5129 28.3019 45.5128 50.01 50.7327 39.3579 62.3699 42.2415 49.7393 46.0652 57.6888 45.3982 33.8378 54.5619 57.0998 39.8121 
63.7809 97.2473 26.9258 29.6142 54.9123 47.0744 84.6726 87.4757 64.6607 89.0898 13.9284 58.6003 0.0 35.4401 66.9403 68.2642 99.6814 92.5559 85.0529 36.0139 21.8403 50.3587 77.9874 64.1308 56.0089 30.4795 84.3384 34.1321 84.1487 57.9741 120.359 98.6315 10.7703 103.114 3.16228 101.076 24.8395 112.586 96.283 90.3699 
58.4807 90.6065 38.5876 6.40312 36.2772 12.0 64.0497 98.4831 57.2775 103.446 45.2769 51.7672 35.4401 0.0 40.4599 37.5766 93.404 103.761 99.93 56.6127 20.6155 22.6274 73.3083 74.2933 74.7061 31.9531 96.295 57.4891 52.2015 68.6804 111.626 92.3541 36.0555 96.6593 37.3363 77.2334 30.0167 103.84 108.795 63.8201 
35.7231 61.9358 51.4782 42.19 14.5602 32.2025 23.9113 88.8435 34.8558 99.0531 70.0643 28.7785 66.9403 40.4599 0.0 10.4403 65.9653 78.8895 97.1136 67.0522 45.1221 18.0278 50.8071 73.5247 77.4516 42.19 73.7344 70.342 21.9545 67.9505 70.4474 65.2179 61.3082 62.3663 67.2768 36.7967 46.0 63.4023 84.5375 23.7065 
44.2843 70.1253 56.758 40.8044 22.0227 27.2029 32.0156 97.4047 43.417 107.614 73.3348 37.3397 68.2642 37.5766 10.4403 0.0 74.1548 87.079 105.675 73.4098 47.0 18.0 58.9966 81.0499 85.2311 47.2971 82.669 76.337 16.0312 75.4757 78.5875 73.4074 64.1249 70.5558 69.0652 42.4382 50.0947 71.5891 92.727 27.6586 
36.2987 5.0 72.336 89.9038 58.5313 89.1943 45.1774 40.025 36.7332 52.3927 91.6413 43.2914 99.6814 93.404 65.9653 74.1548 0.0 16.7631 52.6118 69.1261 80.9375 72.7047 22.2564 37.8861 59.808 69.202 23.0 73.2816 77.6209 45.3283 33.3766 19.0499 88.4872 13.0384 97.0618 51.6236 74.8462 28.0179 21.095 58.8303 
46.2346 21.5407 68.2329 97.7194 67.6785 98.3242 58.7271 23.3452 48.1757 35.6931 82.3005 52.0657 92.5559 103.761 78.8895 87.079 16.7631 0.0 36.1248 59.6657 88.4331 81.8346 34.8781 28.6007 47.7074 76.6976 8.60233 63.7809 90.701 35.3836 49.0 31.6716 81.8424 29.6142 89.9941 67.0075 79.1115 44.4072 6.32456 72.6716 
62.6923 57.0701 62.9682 94.6414 84.9374 105.559 87.367 13.0384 64.6713 4.12311 72.4431 68.5185 85.0529 99.93 97.1136 105.675 52.6118 36.1248 0.0 49.0408 81.0247 97.1668 53.8516 32.2025 29.2746 68.0074 30.0832 51.3517 114.977 31.3847 85.0529 64.9732 75.0067 65.6201 82.0975 99.5232 70.8308 80.5047 34.1321 101.257 
47.3899 71.1848 18.3848 50.4777 52.4976 64.3506 75.0067 52.2015 49.2926 53.0848 23.7697 46.0109 36.0139 56.6127 67.0522 73.4098 69.1261 59.6657 49.0408 0.0 36.0555 58.5551 52.3927 31.241 20.0998 27.2029 51.4004 4.47214 88.6002 24.4131 98.5232 72.569 26.1725 78.569 33.0606 91.1373 26.9072 91.2546 63.2456 85.4751 
45.0 78.5006 18.3848 14.4222 33.9411 29.6816 63.8364 80.2597 45.4533 84.7231 26.9258 38.9487 21.8403 20.6155 45.1221 47.0 80.9375 88.4331 81.0247 36.0555 0.0 29.0 59.2435 56.07 54.626 14.1421 80.9674 36.8782 63.0079 50.3587 101.316 79.8876 17.4642 84.3705 22.2036 80.7798 10.198 93.5094 93.4672 68.55 
36.5547 70.1259 40.2914 24.1868 14.3512 16.4924 41.4368 90.0173 36.0143 100.551 55.4437 29.8411 50.3587 22.6274 18.0278 18.0 72.7047 81.8346 97.1668 58.5551 29.0 0.0 51.8977 71.3616 75.5297 31.6891 75.2817 60.5301 34.0147 65.7677 87.973 71.6548 46.1736 74.7332 51.0882 54.6717 32.573 80.9278 86.8687 41.6773 
15.0333 19.8223 50.7509 68.5298 37.7243 67.8719 33.6006 44.5626 16.0312 55.3321 70.0562 22.0907 77.9874 73.3083 50.8071 58.9966 22.2564 34.8781 53.8516 52.3927 59.2435 51.8977 0.0 27.074 50.01 47.508 29.7231 56.8595 62.7873 34.0147 46.3249 21.2066 66.9021 26.8701 76.8514 45.8803 53.1522 38.9487 40.5262 47.634 
33.1037 40.6989 38.8747 69.2024 59.1322 79.7536 58.4936 27.6586 35.0828 34.9857 53.8754 44.932 64.1308 74.2933 73.5247 81.0499 37.8861 28.6007 32.2025 31.241 56.07 71.3616 27.074 0.0 23.1948 42.5234 20.5913 35.3965 95.4789 7.61577 70.2697 43.9285 53.4173 49.9285 61.569 72.2772 45.9285 63.389 32.6497 72.0201 
50.9608 62.6777 36.2491 68.8767 63.3134 81.0714 79.3095 34.4819 53.1601 33.3766 43.1856 53.5129 56.0089 74.7061 77.4516 85.2311 59.808 47.7074 29.2746 20.0998 54.626 75.5297 50.01 23.1948 0.0 43.2666 39.1152 22.0907 99.392 16.0 92.7592 67.0517 46.2709 71.893 53.0 94.2019 44.7214 86.5122 49.679 91.7061 
33.3017 66.7679 9.48683 26.6833 28.0 37.8021 55.6597 66.7131 34.2053 71.5681 28.8617 28.3019 30.4795 31.9531 42.19 47.2971 69.202 76.6976 68.0074 27.2029 14.1421 31.6891 47.508 42.5234 43.2666 0.0 69.2319 29.5296 62.8177 36.8782 89.8801 68.1521 21.4709 72.6349 29.4109 72.1249 5.65685 82.1066 81.7316 63.3877 
39.6816 27.1662 59.0823 90.2537 61.1256 91.7713 63.2541 18.3576 41.6228 30.4631 74.083 45.5128 84.3384 96.295 73.7344 82.669 23.0 8.60233 30.0832 51.4004 80.9674 75.2817 29.7231 20.5913 39.1152 69.2319 0.0 55.4437 91.4668 27.0185 56.2228 35.0 73.6249 36.0139 81.7766 70.4072 71.6458 51.0098 12.083 77.2012 
51.6815 75.6549 20.2485 51.225 55.7853 65.8559 79.0569 55.3624 53.6449 55.4437 21.095 50.01 34.1321 57.4891 70.342 76.337 73.2816 63.7809 51.3517 4.47214 36.8782 60.5301 56.8595 35.3965 22.0907 29.5296 55.4437 0.0 91.7061 28.4253 102.993 77.0392 25.0 83.0392 31.0644 95.2575 28.4253 95.7248 67.2012 89.2749 
53.0312 73.3894 72.2772 56.0892 36.2491 40.8534 32.9848 106.26 50.8138 116.917 89.3588 50.7327 84.1487 52.2015 21.9545 16.0312 77.6209 90.701 114.977 88.6002 63.0079 34.0147 62.7873 95.4789 99.392 62.8177 91.4668 91.7061 0.0 89.9047 77.1038 77.0294 80.1561 72.7805 85.0235 36.8782 66.0554 71.007 96.349 22.0907 
36.4121 48.1411 33.0151 63.561 53.558 74.1597 64.5979 30.0167 38.6366 34.7851 47.4236 39.3579 57.9741 68.6804 67.9505 75.4757 45.3283 35.3836 31.3847 24.4131 50.3587 65.7677 34.0147 7.61577 16.0 36.8782 27.0185 28.4253 89.9047 0.0 77.7912 51.45 47.2969 57.45 55.3624 79.3399 40.1995 70.9105 38.833 77.2627 
56.5685 30.0832 95.6967 112.253 75.5268 102.648 46.5725 72.111 55.9017 84.2912 116.381 62.3699 120.359 111.626 70.4474 78.5875 33.3766 49.0 85.0529 98.5232 101.316 87.973 46.3249 70.2697 92.7592 89.8801 56.2228 102.993 77.1038 77.7912 0.0 44.3412 111.031 20.8806 119.224 41.1947 95.5243 7.81025 51.3517 55.0364 
35.2488 16.6158 71.2861 88.8539 57.4814 88.1444 45.0555 53.2832 35.6833 65.4624 90.5914 42.2415 98.6315 92.3541 65.2179 73.4074 19.0499 31.6716 64.9732 72.569 79.8876 71.6548 21.2066 43.9285 67.0517 68.1521 35.0 77.0392 77.0294 51.45 44.3412 0.0 87.4373 24.0 96.0119 53.4072 73.7963 37.4605 37.3196 59.0 
54.4622 86.0531 16.4012 29.6816 48.0521 46.5188 76.896 76.9415 55.4707 79.0 9.48683 49.7393 10.7703 36.0555 61.3082 64.1249 88.4872 81.8424 75.0067 26.1725 17.4642 46.1736 66.9021 53.4173 46.2709 21.4709 73.6249 25.0 80.1561 47.2969 111.031 87.4373 0.0 93.7856 8.60233 93.3054 16.1555 103.257 85.5695 83.7437 
39.4462 9.21954 77.2806 93.652 60.5599 91.2228 39.8121 52.9528 39.3573 65.307 96.5859 46.0652 103.114 96.6593 62.3663 70.5558 13.0384 29.6142 65.6201 78.569 84.3705 74.7332 26.8701 49.9285 71.893 72.6349 36.0139 83.0392 72.7805 57.45 20.8806 24.0 93.7856 0.0 101.978 42.4382 78.2792 15.0 33.2415 52.2015 
62.6259 94.6277 25.0 31.3209 54.7174 48.7647 84.2127 84.7231 63.6003 86.1452 10.7703 57.6888 3.16228 37.3363 67.2768 69.0652 97.0618 89.9941 82.0975 33.0606 22.2036 51.0882 76.8514 61.569 53.0 29.4109 81.7766 31.0644 85.0235 55.3624 119.224 96.0119 8.60233 101.978 0.0 100.616 23.8537 111.45 93.7212 90.3415 
44.0114 46.669 80.05 78.6003 46.8403 68.6804 16.4924 88.6904 42.0 100.87 100.96 45.3982 101.076 77.2334 36.7967 42.4382 51.6236 67.0075 99.5232 91.1373 80.7798 54.6717 45.8803 72.2772 94.2019 72.1249 70.4072 95.2575 36.8782 79.3399 41.1947 53.4072 93.3054 42.4382 100.616 0.0 77.1623 36.1386 72.3464 15.2315 
38.9487 72.4121 8.60233 24.1661 32.249 37.4833 60.7454 70.1182 39.8246 74.5252 24.1868 33.8378 24.8395 30.0167 46.0 50.0947 74.8462 79.1115 70.8308 26.9072 10.198 32.573 53.1522 45.9285 44.7214 5.65685 71.6458 28.4253 66.0554 40.1995 95.5243 73.7963 16.1555 78.2792 23.8537 77.1623 0.0 87.7508 81.4263 67.897 
48.7955 24.0832 87.9232 104.467 67.741 95.6029 39.6232 67.7422 48.1041 80.0625 108.971 54.5619 112.586 103.84 63.4023 71.5891 28.0179 44.4072 80.5047 91.2546 93.5094 80.9278 38.9487 63.389 86.5122 82.1066 51.0098 95.7248 71.007 70.9105 7.81025 37.4605 103.257 15.0 111.45 36.1386 87.7508 0.0 47.5395 49.0918 
51.2687 26.0768 71.0269 102.754 72.7126 103.358 64.3751 21.095 53.2098 33.0151 86.0277 57.0998 96.283 108.795 84.5375 92.727 21.095 6.32456 34.1321 63.2456 93.4672 86.8687 40.5262 32.6497 49.679 81.7316 12.083 67.2012 96.349 38.833 51.3517 37.3196 85.5695 33.2415 93.7212 72.3464 81.4263 47.5395 0.0 78.3196 
40.8534 54.2033 72.1132 65.8635 35.6931 54.4885 14.1421 92.0407 38.6264 102.81 92.0706 39.8121 90.3699 63.8201 23.7065 27.6586 58.8303 72.6716 101.257 85.4751 68.55 41.6773 47.634 72.0201 91.7061 63.3877 77.2012 89.2749 22.0907 77.2627 55.0364 59.0 83.7437 52.2015 90.3415 15.2315 67.897 49.0918 78.3196 0.0 
DEMAND_SCENARIO_SECTION
0 0 0 0 0 0 0 0 0 0 0 0 0 0 0 0 0 0 0 0 0 0 0 0 0 0 0 0 0 0 0 0 0 0 0 0 0 0 0 0 0 0 0 0 0 0 0 0 0 0 
3 1 4 1 4 2 1 0 3 0 1 0 3 1 3 0 1 2 1 2 3 2 2 5 0 0 3 1 0 1 3 3 2 2 5 2 3 1 2 2 2 3 1 2 5 1 0 0 1 2 
9 15 12 12 8 16 3 6 12 16 9 11 8 12 12 12 11 7 11 11 4 10 7 8 10 13 19 14 12 12 9 6 10 10 13 12 8 4 10 9 10 6 13 13 13 12 10 7 9 7 
4 3 5 3 7 5 5 0 4 6 4 11 4 4 4 7 3 5 6 4 0 5 6 3 4 4 1 3 7 4 4 9 2 6 1 5 5 8 0 0 2 3 0 6 6 5 1 6 7 5 
8 10 9 10 16 8 4 10 11 10 7 6 10 7 12 7 8 11 6 9 5 10 7 8 6 9 8 9 9 8 6 10 10 4 7 12 1 8 12 12 9 9 13 3 5 5 6 3 6 11 
0 1 1 2 4 2 1 2 3 1 3 2 0 4 0 2 1 3 0 6 3 1 1 0 4 3 2 0 2 3 0 1 1 1 2 2 1 3 1 2 1 3 2 1 2 0 1 4 0 0 
7 1 5 6 5 1 2 8 4 3 6 5 3 6 4 6 2 8 6 0 7 4 4 4 2 5 8 4 5 9 4 9 5 4 6 1 6 3 2 4 0 1 2 4 0 5 3 0 4 1 
5 6 9 4 11 4 10 9 11 1 10 6 6 13 10 8 7 7 11 6 11 7 3 3 10 13 10 4 11 14 9 9 11 11 4 8 7 7 6 12 2 11 12 14 7 8 10 6 10 9 
11 6 8 12 11 13 15 7 10 7 16 11 17 9 9 13 7 8 13 11 10 8 8 8 12 10 11 8 6 13 10 11 14 15 8 11 16 7 7 9 12 11 14 6 10 12 10 10 8 7 
6 2 3 2 4 2 4 3 2 1 3 4 3 1 3 2 4 2 2 2 1 5 2 6 3 0 3 5 3 3 5 1 5 3 6 2 2 3 2 4 6 2 1 5 5 3 4 3 2 3 
8 13 8 4 12 5 13 5 15 9 12 13 5 10 10 10 10 13 13 9 5 12 10 7 9 15 10 13 9 14 8 14 10 17 6 12 7 12 15 11 10 6 10 3 12 9 10 12 10 2 
5 2 6 4 4 5 5 2 1 1 3 3 2 0 5 4 4 6 3 4 6 4 5 4 3 2 0 0 6 4 4 2 2 3 1 6 4 4 3 0 6 4 3 3 4 4 5 4 1 2 
8 12 14 7 16 7 6 8 6 5 13 7 7 10 8 16 13 6 13 9 7 9 17 6 7 11 9 14 8 5 4 12 9 5 16 8 11 7 10 16 10 11 9 14 9 9 7 14 17 9 
2 9 10 5 4 5 7 1 9 7 6 8 10 4 5 7 4 0 3 6 10 7 7 4 2 5 10 5 5 6 9 1 8 5 6 8 4 6 8 8 7 6 4 2 8 3 6 7 6 5 
6 3 3 6 7 5 5 2 4 8 4 4 0 4 5 2 4 5 5 6 2 2 8 0 2 2 2 2 2 5 3 3 7 7 6 4 4 8 2 4 5 5 4 5 4 4 3 4 4 6 
12 9 7 5 6 9 7 7 2 5 3 5 2 3 10 4 2 6 7 7 4 10 6 6 10 6 4 5 4 6 6 10 6 7 5 8 7 9 6 9 3 6 5 9 4 3 8 5 8 5 
0 1 2 0 2 3 2 1 3 0 6 2 0 3 4 5 3 1 2 2 2 1 0 2 4 1 4 2 4 2 2 4 3 1 4 4 1 3 0 1 3 4 3 4 4 3 4 2 2 3 
4 3 5 5 6 4 5 4 7 5 4 5 2 4 4 3 1 3 2 6 7 3 5 9 6 3 6 5 2 6 6 2 1 4 5 5 2 4 7 2 6 6 3 9 2 8 4 7 3 5 
12 12 15 14 7 9 7 8 10 6 13 12 14 13 9 8 15 9 9 8 13 5 11 8 13 10 13 8 8 7 9 12 15 8 11 6 9 9 13 11 5 14 11 10 11 13 17 10 14 8 
7 5 4 11 4 10 5 3 5 5 5 6 2 5 3 4 2 6 6 7 4 4 5 7 6 4 1 6 10 5 4 2 3 8 6 7 9 4 5 4 6 2 6 3 3 5 3 5 2 6 
8 13 11 5 8 13 8 7 10 13 10 14 11 9 13 9 7 11 6 12 14 6 3 7 9 11 13 7 11 5 4 11 10 6 11 11 8 13 9 8 7 14 11 12 8 11 12 10 12 11 
12 12 12 14 8 8 12 8 7 12 9 15 16 10 6 7 13 12 8 11 1 6 14 8 8 12 9 7 11 8 11 7 12 3 15 8 3 6 14 10 4 11 8 6 6 5 7 8 16 10 
8 10 6 11 10 9 10 11 9 10 6 12 10 7 5 11 13 12 11 11 7 15 7 11 12 10 11 3 10 5 8 7 9 11 4 9 9 5 7 12 4 10 8 9 6 14 9 6 11 6 
5 5 9 2 8 1 6 5 5 4 3 7 3 8 2 6 4 7 5 4 5 7 6 3 3 7 4 6 3 2 3 3 4 1 0 6 6 8 6 3 5 4 5 3 5 6 2 6 5 9 
0 4 2 5 7 10 7 5 6 9 8 2 9 12 5 7 0 8 3 5 4 3 7 6 7 2 3 6 6 2 7 6 4 9 9 4 5 6 6 6 7 5 6 2 6 7 10 5 4 4 
1 2 1 1 0 1 2 1 1 2 1 2 1 0 1 1 1 0 0 1 2 0 0 2 1 0 1 0 2 2 1 3 3 2 1 0 0 2 1 1 2 1 1 0 2 1 0 2 0 3 
3 1 5 4 4 2 0 3 5 3 1 8 2 5 6 4 2 2 2 6 3 4 5 6 3 5 4 5 6 7 4 5 0 3 6 1 8 4 2 0 5 1 4 0 4 8 3 4 7 5 
10 10 5 11 9 16 5 6 7 5 14 11 8 13 14 6 8 11 11 9 6 9 8 14 7 12 8 7 3 10 11 16 11 10 14 15 7 11 9 9 8 9 9 10 8 13 10 9 10 10 
3 4 2 5 4 3 3 1 4 0 0 4 2 2 5 1 0 3 1 3 7 1 0 3 5 2 0 4 2 4 5 1 3 3 5 4 1 2 0 1 5 3 4 3 5 1 1 2 4 3 
10 6 7 9 6 9 6 5 6 4 6 6 7 14 3 5 5 3 9 9 13 3 8 6 12 9 4 7 5 6 8 8 8 6 11 7 9 9 10 11 12 5 4 11 10 2 6 7 10 4 
7 6 10 5 6 5 1 5 6 8 3 10 8 5 12 9 3 8 8 4 8 7 6 9 8 5 6 7 8 6 7 8 8 4 2 9 7 4 6 7 6 6 5 12 9 9 4 4 10 3 
4 2 5 2 4 3 2 2 3 3 7 3 0 0 2 5 5 2 3 4 2 6 3 2 4 1 3 0 1 6 7 4 5 1 1 6 3 2 3 2 2 3 4 3 3 0 2 2 2 2 
0 1 0 0 2 3 1 0 0 2 1 0 2 2 1 1 1 3 1 2 2 0 1 2 0 2 1 1 2 2 1 1 1 2 0 0 1 0 2 3 2 1 0 0 1 1 0 1 0 1 
13 14 19 17 5 9 6 10 7 9 9 12 11 14 17 13 11 5 8 19 8 5 12 11 9 10 7 16 9 10 6 10 10 15 8 5 6 10 10 8 11 15 8 9 9 9 16 6 9 8 
14 10 8 12 9 10 16 8 14 9 11 12 14 8 8 8 10 2 13 5 3 10 10 10 8 10 13 8 8 10 5 13 7 4 10 9 7 9 6 14 9 16 10 11 13 11 1 14 11 8 
9 6 7 5 2 4 4 3 4 6 6 4 4 7 3 7 5 5 3 6 10 7 5 7 4 8 3 9 4 5 3 6 2 0 5 6 10 7 3 6 0 10 4 9 5 5 3 7 7 6 
2 5 3 4 4 3 2 6 5 4 2 1 1 3 5 2 3 1 2 4 5 5 5 3 5 6 3 8 2 4 4 0 4 4 1 4 4 2 1 4 2 2 1 3 4 4 2 2 4 4 
1 0 2 0 0 0 2 1 0 2 1 0 0 1 3 2 1 1 2 1 2 0 1 0 1 3 2 1 1 2 0 1 1 2 1 2 1 0 0 1 0 2 2 1 2 2 1 0 1 1 
0 3 1 3 0 0 2 4 1 1 1 4 2 2 2 4 0 2 2 2 1 3 3 2 3 0 1 4 0 0 0 3 1 3 3 0 0 1 1 1 2 2 0 1 1 3 0 2 0 4 
6 8 11 8 12 18 14 5 10 8 5 7 14 10 10 7 11 8 13 8 10 5 12 13 12 8 5 11 7 5 11 15 13 10 7 10 5 9 12 8 10 9 14 12 16 8 14 0 11 8 
DEPOT_SECTION
 1
 -1
EOF
