NAME  : Parada_40_6_0.95_1.00_0
TYPE : SVRP
MODEL : FINITE_SUPPORT
NUMBER_OF_SCENARIOS : 50
DIMENSION : 40
EDGE_WEIGHT_TYPE : MATRIX
CAPACITY : 37
N_VEHICLES : 6
NODE_COORD_SECTION
1 147270 145990
2 419160 441140
3 513540 18
4 191690 428490
5 565970 194740
6 162660 173080
7 252660 512200
8 400100 297480
9 169150 80692
10 604540 78124
11 249080 611450
12 27 279400
13 346000 52674
14 419330 310910
15 525320 372590
16 526600 41118
17 417660 297160
18 385210 456630
19 211620 638450
20 306040 106930
21 474560 181120
22 323610 9186
23 482830 484540
24 264970 321560
25 287080 720490
26 214940 86163
27 295490 714350
28 392160 441440
29 169090 80725
30 208000 109790
31 335270 522620
32 76386 236170
33 202530 316610
34 201020 113310
35 590930 377350
36 17728 270090
37 265720 530570
38 319080 390290
39 463340 190650
40 144520 182640
DEMAND_SECTION
1 0.0
2 4.0
3 9.0
4 10.0
5 4.0
6 1.0
7 10.0
8 3.0
9 8.0
10 1.0
11 7.0
12 5.0
13 5.0
14 10.0
15 6.0
16 2.0
17 3.0
18 5.0
19 7.0
20 3.0
21 1.0
22 9.0
23 6.0
24 5.0
25 2.0
26 3.0
27 5.0
28 7.0
29 4.0
30 6.0
31 9.0
32 7.0
33 2.0
34 9.0
35 3.0
36 9.0
37 1.0
38 4.0
39 8.0
40 9.0
DISTANCE_MATRIX
0.0 47.9377 54.1239 55.5751 62.3039 4.24264 65.1607 32.2241 16.6433 64.5362 53.535 36.4929 31.1448 23.683 56.8572 54.0133 58.4031 50.2119 54.4901 29.1548 41.2979 28.1603 60.1856 39.2133 70.0928 15.2643 68.6804 48.0057 16.6433 11.1803 58.3661 26.2111 32.0 18.6011 56.8595 37.4391 62.7924 26.4008 42.8885 7.40312 
47.9377 0.0 53.4603 91.1481 35.9026 48.707 21.2603 16.6451 64.4268 50.01 37.1206 84.8294 57.4605 26.8953 22.8254 49.0918 85.4431 5.83095 31.0161 61.3681 33.9559 46.91 17.8885 64.6058 43.9318 55.6924 42.7551 5.0 64.4268 58.8276 12.2066 71.9953 53.9121 58.4399 90.0199 87.7219 22.0227 36.45 32.5576 51.2254 
54.1239 53.4603 0.0 109.261 23.4307 58.1898 70.8378 42.2966 57.0088 17.4642 89.0225 84.0962 36.4005 50.2302 37.5899 5.65685 111.954 51.4198 84.214 45.31 20.025 28.6007 50.5371 91.3414 97.3242 49.8197 96.1769 50.01 57.0088 56.5862 64.5368 73.7564 82.0792 51.0392 63.0714 85.0424 73.0821 66.7085 21.0238 61.0891 
55.5751 91.1481 109.261 0.0 108.319 51.408 91.9837 78.0624 55.6057 119.542 65.0692 28.1603 80.1956 67.9853 102.696 109.15 14.8661 93.4238 73.0274 73.3894 96.3039 82.465 106.487 27.2947 83.6002 62.3394 82.4924 91.2171 55.6057 55.1233 85.1906 39.5601 37.3631 62.31 89.0898 28.4429 89.4427 56.0803 97.8945 50.1719 
62.3039 35.9026 23.4307 108.319 0.0 63.0732 49.6488 31.241 62.3806 14.1421 73.0231 88.1713 49.2544 41.4381 15.2971 17.8045 105.534 32.1403 66.6108 57.0088 16.1245 38.0132 28.1603 84.559 78.0064 55.5428 77.0 31.4006 62.3806 60.3888 45.0111 77.8896 74.4706 58.0517 80.7775 89.1176 52.345 60.3943 14.3178 65.5917 
4.24264 48.707 58.1898 51.408 63.0732 0.0 65.93 32.9935 16.2788 68.6021 52.8015 33.7717 34.0 24.4524 57.6266 58.0793 54.2361 50.9812 54.4885 31.0483 45.3639 31.9531 60.955 36.4706 70.0071 16.7631 68.593 48.775 16.2788 10.6301 59.1354 23.4899 29.1548 19.6977 57.8014 34.7179 63.5617 26.1725 46.9545 3.23607 
65.1607 21.2603 70.8378 91.9837 49.6488 65.93 0.0 37.7183 81.6499 63.2851 33.3017 86.697 78.5336 47.9685 34.3657 65.8027 84.1546 20.2485 24.0416 82.4413 52.7731 67.9412 22.0 64.7611 29.8329 80.2477 29.1204 22.2036 81.6499 76.0506 9.84886 87.3497 54.7449 83.6798 111.093 89.5896 3.60555 39.3827 50.9902 67.2 
32.2241 16.6451 42.2966 78.0624 31.241 32.9935 37.7183 0.0 45.8903 43.909 47.0956 71.3358 41.0122 11.1818 24.6982 39.0512 75.2774 18.7883 43.4166 44.758 22.3607 30.8058 28.1603 54.3027 58.2612 39.0823 56.916 16.5529 45.8903 43.114 28.8505 56.2818 44.2142 41.8298 73.4098 67.5098 38.6401 27.66 21.8403 35.5119 
16.6433 64.4268 57.0088 55.6057 62.3806 16.2788 81.6499 45.8903 0.0 69.3181 69.029 27.7849 24.5967 40.1722 64.3905 57.9828 62.0123 66.7011 70.7248 18.2483 46.4866 28.4253 72.1276 47.2652 86.267 7.2111 84.8528 64.4949 0.0 5.65685 74.8553 17.0294 44.482 6.7082 42.0476 28.6007 79.2815 42.4264 48.0868 16.8114 
64.5362 50.01 17.4642 119.542 14.1421 68.6021 63.2851 43.909 69.3181 0.0 87.1286 95.5249 51.788 53.5169 29.0172 13.0 117.456 46.2709 80.7527 60.4152 24.0832 42.0595 41.4367 96.6075 92.0054 62.1691 91.022 45.5412 69.3181 67.7426 59.0762 85.2431 86.5494 64.0781 80.3057 96.4711 66.1211 73.9271 23.3452 71.5013 
53.535 37.1206 89.0225 65.0692 73.0231 52.8015 33.3017 47.0956 69.029 87.1286 0.0 65.1207 83.1201 52.7732 59.4643 85.2115 54.4518 41.4367 9.43398 82.3687 69.0072 75.0718 50.6063 38.6394 19.3132 68.7968 18.0278 41.7612 69.029 63.4114 30.5287 75.0348 31.7805 72.111 110.386 68.0132 29.8329 27.2947 68.0661 54.2635 
36.4929 84.8294 84.0962 28.1603 88.1713 33.7717 86.697 71.3358 27.7849 95.5249 65.1207 0.0 52.3546 61.2587 95.969 84.694 37.1214 87.1051 70.9688 45.31 72.287 55.6766 100.168 29.8329 84.4217 34.5222 83.1126 84.8984 27.7849 27.7885 79.9024 11.4018 33.3435 34.4819 62.1289 3.16228 84.3232 49.4241 73.8776 38.141 
31.1448 57.4605 36.4005 80.1956 49.2544 34.0 78.5336 41.0122 24.5967 51.788 83.1201 52.3546 0.0 42.7878 55.7136 39.0512 85.8662 59.0339 82.4619 8.94427 33.7343 11.7047 65.3682 69.2604 97.4992 18.6815 96.154 56.8507 24.5967 26.9258 69.6659 41.3401 63.0714 17.8885 33.121 53.0 79.4555 55.7859 35.9026 36.0571 
23.683 26.8953 50.2302 67.9853 41.4381 24.4524 47.9685 11.1818 40.1722 53.5169 52.7732 61.2587 42.7878 0.0 35.8149 47.5195 65.0692 29.1696 50.0941 46.1413 30.7809 34.176 39.1433 43.9318 65.1315 38.7701 63.7863 26.9634 40.1722 34.5729 39.1007 47.7407 33.6006 42.2022 74.7931 64.1513 48.8904 16.4924 30.6795 26.9708 
56.8572 22.8254 37.5899 102.696 15.2971 57.6266 34.3657 24.6982 64.3905 29.0172 59.4643 95.969 55.7136 35.8149 0.0 32.2025 98.7503 18.0278 52.3927 62.0967 23.0217 44.0114 13.0 77.913 63.0317 57.5826 62.0725 17.8885 64.3905 62.3988 30.2655 80.9149 67.2193 60.3301 88.6397 92.1429 37.1214 49.7572 20.8087 60.145 
54.0133 49.0918 5.65685 109.15 17.8045 58.0793 65.8027 39.0512 57.9828 13.0 85.2115 84.694 39.0512 47.5195 32.2025 0.0 110.167 46.6905 80.025 47.8017 16.7631 29.9666 45.1885 89.5545 92.7793 50.774 91.6624 45.3982 57.9828 57.0088 59.8415 74.4043 80.0562 52.3546 67.3647 85.6403 68.1542 63.9977 17.2627 60.9785 
58.4031 85.4431 111.954 14.8661 105.534 54.2361 84.1546 75.2774 62.0123 117.456 54.4518 37.1214 85.8662 65.0692 98.7503 110.167 0.0 87.7189 63.1506 80.2593 93.9227 85.6155 96.7939 21.2603 72.0 67.1863 71.007 85.5121 62.0123 58.9406 77.6795 48.0 32.0156 68.4471 99.2472 38.4708 81.2712 51.4004 94.2489 53.0 
50.2119 5.83095 51.4198 93.4238 32.1403 50.9812 20.2485 18.7883 66.7011 46.2709 41.4367 87.1051 59.0339 29.1696 18.0278 46.6905 87.7189 0.0 34.5254 63.2851 32.6956 48.1041 12.083 66.8816 46.1736 57.6189 45.0999 2.23607 66.7011 61.1018 13.1529 74.2695 56.1879 60.3664 91.8368 89.9977 21.9317 38.7257 31.0161 53.4997 
54.4901 31.0161 84.214 73.0274 66.6108 54.4885 24.0416 43.4166 70.7248 80.7527 9.43398 70.9688 82.4619 50.0941 52.3927 80.025 63.1506 34.5254 0.0 83.0193 64.4161 73.0802 42.5441 46.0435 15.6205 69.5954 14.2127 35.2278 70.7248 65.0692 22.4722 77.0886 37.855 73.0275 111.202 73.8614 20.5183 28.3196 63.1981 56.3173 
29.1548 61.3681 45.31 73.3894 57.0088 31.0483 82.4413 44.758 18.2483 60.4152 82.3687 45.31 8.94427 46.1413 62.0967 47.8017 80.2593 63.2851 83.0193 0.0 41.1096 19.0 70.7743 65.0308 98.6227 14.3178 97.2107 61.0574 18.2483 22.0227 73.5735 34.0147 60.0182 12.0 29.0 45.618 83.3631 55.089 43.1856 32.5753 
41.2979 33.9559 20.025 96.3039 16.1245 45.3639 52.7731 22.3607 46.4866 24.0832 69.0072 72.287 33.7343 30.7809 23.0217 16.7631 93.9227 32.6956 64.4161 41.1096 0.0 22.2036 34.6554 73.2462 77.8781 39.5601 76.6877 31.0161 46.4866 44.5044 45.5412 62.0052 63.5295 41.9762 66.1287 73.2332 54.626 47.2592 2.23607 48.2631 
28.1603 46.91 28.6007 82.465 38.0132 31.9531 67.9412 30.8058 28.4253 42.0595 75.0718 55.6766 11.7047 34.176 44.0114 29.9666 85.6155 48.1041 73.0802 19.0 22.2036 0.0 53.8516 67.2858 88.1113 21.2603 86.7661 45.9674 28.4253 28.4253 59.1154 45.2769 59.5399 22.4722 44.7214 56.6229 68.905 48.6621 24.3311 34.6155 
60.1856 17.8885 50.5371 106.487 28.1603 60.955 22.0 28.1603 72.1276 41.4367 50.6063 100.168 65.3682 39.1433 13.0 45.1885 96.7939 12.083 42.5441 70.7743 34.6554 53.8516 0.0 79.9449 51.4782 65.3196 50.636 13.6015 72.1276 71.0755 20.1246 84.2433 69.2512 68.0671 98.4886 103.061 25.0799 51.7891 32.5576 63.4734 
39.2133 64.6058 91.3414 27.2947 84.559 36.4706 64.7611 54.3027 47.2652 96.6075 38.6394 29.8329 69.2604 43.9318 77.913 89.5545 21.2603 66.8816 46.0435 65.0308 73.2462 67.2858 79.9449 0.0 57.7235 51.0098 56.5155 64.6749 47.2652 43.0116 57.9862 38.0853 10.8167 53.0377 88.0585 32.5576 62.1691 30.2324 73.4983 35.2345 
70.0928 43.9318 97.3242 83.6002 78.0064 70.0071 29.8329 58.2612 86.267 92.0054 19.3132 84.4217 97.4992 65.1315 63.0317 92.7793 72.0 46.1736 15.6205 98.6227 77.8781 88.1113 51.4782 57.7235 0.0 85.1989 1.41421 47.3814 86.267 80.6102 33.0606 92.5385 51.0784 88.631 126.805 87.3143 26.4764 43.8406 76.4853 71.7672 
15.2643 55.6924 49.8197 62.3394 55.5428 16.7631 80.2477 39.0823 7.2111 62.1691 68.7968 34.5222 18.6815 38.7701 57.5826 50.774 67.1863 57.6189 69.5954 14.3178 39.5601 21.2603 65.3196 51.0098 85.1989 0.0 83.7868 55.394 7.2111 8.24621 73.4531 24.0416 45.7056 3.60555 41.6173 35.4683 77.8794 41.6173 41.2311 18.2627 
68.6804 42.7551 96.1769 82.4924 77.0 68.593 29.1204 56.916 84.8528 91.022 18.0278 83.1126 96.154 63.7863 62.0725 91.6624 71.007 45.0999 14.2127 97.2107 76.6877 86.7661 50.636 56.5155 1.41421 83.7868 0.0 46.2709 84.8528 79.196 32.0156 91.1255 49.7695 87.2189 125.393 86.0052 25.7099 42.4264 75.3127 70.3542 
48.0057 5.0 50.01 91.2171 31.4006 48.775 22.2036 16.5529 64.4949 45.5412 41.7612 84.8984 56.8507 26.9634 17.8885 45.3982 85.5121 2.23607 35.2278 61.0574 31.0161 45.9674 13.6015 64.6749 47.3814 55.394 46.2709 0.0 64.4949 58.8956 14.5602 72.0634 53.9812 58.1415 89.627 87.791 23.7065 36.519 29.4109 51.2935 
16.6433 64.4268 57.0088 55.6057 62.3806 16.2788 81.6499 45.8903 0.0 69.3181 69.029 27.7849 24.5967 40.1722 64.3905 57.9828 62.0123 66.7011 70.7248 18.2483 46.4866 28.4253 72.1276 47.2652 86.267 7.2111 84.8528 64.4949 0.0 5.65685 74.8553 17.0294 44.482 6.7082 42.0476 28.6007 79.2815 42.4264 48.0868 16.8114 
11.1803 58.8276 56.5862 55.1233 60.3888 10.6301 76.0506 43.114 5.65685 67.7426 63.4114 27.7885 26.9258 34.5729 62.3988 57.0088 58.9406 61.1018 65.0692 22.0227 44.5044 28.4253 71.0755 43.0116 80.6102 8.24621 79.196 58.8956 5.65685 0.0 69.256 17.5067 38.7386 10.0499 47.4131 28.7347 73.6823 36.7696 46.095 11.2956 
58.3661 12.2066 64.5368 85.1906 45.0111 59.1354 9.84886 28.8505 74.8553 59.0762 30.5287 79.9024 69.6659 39.1007 30.2655 59.8415 77.6795 13.1529 22.4722 73.5735 45.5412 59.1154 20.1246 57.9862 33.0606 73.4531 32.0156 14.5602 74.8553 69.256 0.0 80.5551 47.9672 76.8852 102.225 82.795 9.89949 32.5881 43.9659 61.6538 
26.2111 71.9953 73.7564 39.5601 77.8896 23.4899 87.3497 56.2818 17.0294 85.2431 75.0348 11.4018 41.3401 47.7407 80.9149 74.4043 48.0 74.2695 77.0886 34.0147 62.0052 45.2769 84.2433 38.0853 92.5385 24.0416 91.1255 72.0634 17.0294 17.5067 80.5551 0.0 44.9192 23.6008 51.4782 11.6619 85.603 48.7898 63.5958 22.7713 
32.0 53.9121 82.0792 37.3631 74.4706 29.1548 54.7449 44.2142 44.482 86.5494 31.7805 33.3435 63.0714 33.6006 67.2193 80.0562 32.0156 56.1879 37.855 60.0182 63.5295 59.5399 69.2512 10.8167 51.0784 45.7056 49.7695 53.9812 44.482 38.7386 47.9672 44.9192 0.0 48.3678 86.1151 36.236 52.345 19.4165 63.6318 29.4429 
18.6011 58.4399 51.0392 62.31 58.0517 19.6977 83.6798 41.8298 6.7082 64.0781 72.111 34.4819 17.8885 42.2022 60.3301 52.3546 68.4471 60.3664 73.0275 12.0 41.9762 22.4722 68.0671 53.0377 88.631 3.60555 87.2189 58.1415 6.7082 10.0499 76.8852 23.6008 48.3678 0.0 38.2753 35.2278 81.3115 45.0 43.7379 20.9249 
56.8595 90.0199 63.0714 89.0898 80.7775 57.8014 111.093 73.4098 42.0476 80.3057 110.386 62.1289 33.121 74.7931 88.6397 67.3647 99.2472 91.8368 111.202 29.0 66.1287 44.7214 98.4886 88.0585 126.805 41.6173 125.393 89.627 42.0476 47.4131 102.225 51.4782 86.1151 38.2753 0.0 61.0082 112.015 83.2346 68.352 58.7062 
37.4391 87.7219 85.0424 28.4429 89.1176 34.7179 89.5896 67.5098 28.6007 96.4711 68.0132 3.16228 53.0 64.1513 92.1429 85.6403 38.4708 89.9977 73.8614 45.618 73.2332 56.6229 103.061 32.5576 87.3143 35.4683 86.0052 87.791 28.6007 28.7347 82.795 11.6619 36.236 35.2278 61.0082 0.0 87.2158 52.3167 74.8238 33.9993 
62.7924 22.0227 73.0821 89.4427 52.345 63.5617 3.60555 38.6401 79.2815 66.1211 29.8329 84.3232 79.4555 48.8904 37.1214 68.1542 81.2712 21.9317 20.5183 83.3631 54.626 68.905 25.0799 62.1691 26.4764 77.8794 25.7099 23.7065 79.2815 73.6823 9.89949 85.603 52.345 81.3115 112.015 87.2158 0.0 37.0144 52.9245 64.8317 
26.4008 36.45 66.7085 56.0803 60.3943 26.1725 39.3827 27.66 42.4264 73.9271 27.2947 49.4241 55.7859 16.4924 49.7572 63.9977 51.4004 38.7257 28.3196 55.089 47.2592 48.6621 51.7891 30.2324 43.8406 41.6173 42.4264 36.519 42.4264 36.7696 32.5881 48.7898 19.4165 45.0 83.2346 52.3167 37.0144 0.0 47.1578 28.0185 
42.8885 32.5576 21.0238 97.8945 14.3178 46.9545 50.9902 21.8403 48.0868 23.3452 68.0661 73.8776 35.9026 30.6795 20.8087 17.2627 94.2489 31.0161 63.1981 43.1856 2.23607 24.3311 32.5576 73.4983 76.4853 41.2311 75.3127 29.4109 48.0868 46.095 43.9659 63.5958 63.6318 43.7379 68.352 74.8238 52.9245 47.1578 0.0 49.8537 
7.40312 51.2254 61.0891 50.1719 65.5917 3.23607 67.2 35.5119 16.8114 71.5013 54.2635 38.141 36.0571 26.9708 60.145 60.9785 53.0 53.4997 56.3173 32.5753 48.2631 34.6155 63.4734 35.2345 71.7672 18.2627 70.3542 51.2935 16.8114 11.2956 61.6538 22.7713 29.4429 20.9249 58.7062 33.9993 64.8317 28.0185 49.8537 0.0 
DEMAND_SCENARIO_SECTION
0 0 0 0 0 0 0 0 0 0 0 0 0 0 0 0 0 0 0 0 0 0 0 0 0 0 0 0 0 0 0 0 0 0 0 0 0 0 0 0 0 0 0 0 0 0 0 0 0 0 
1 1 3 1 8 3 2 3 5 4 2 5 5 3 1 7 3 6 1 6 7 4 8 7 5 5 6 5 8 5 4 4 2 3 1 5 3 8 6 3 5 5 5 3 4 2 2 4 5 4 
3 12 14 10 7 11 7 17 7 7 9 7 12 7 8 8 8 6 8 2 14 12 13 9 11 6 9 6 11 7 10 15 7 7 11 12 9 10 11 11 10 7 6 11 6 8 3 9 11 11 
14 9 5 13 3 6 12 12 19 11 12 9 5 17 11 8 15 16 13 15 9 4 6 9 13 10 12 8 11 10 2 9 10 8 12 6 10 6 13 6 18 10 5 8 12 15 16 10 10 16 
3 5 5 7 5 5 4 3 5 2 4 1 4 5 6 2 5 7 7 4 3 6 4 6 4 1 7 5 1 1 2 4 6 1 6 4 8 4 4 3 1 5 6 5 2 0 4 3 6 3 
0 1 0 0 1 1 0 0 0 0 1 0 2 1 1 1 1 1 2 0 0 0 1 0 1 0 1 0 1 0 0 2 1 2 0 1 2 1 1 2 0 1 2 1 1 0 1 0 0 1 
9 11 4 10 9 11 10 10 11 11 6 12 10 10 10 16 8 7 12 3 8 9 15 12 13 10 13 10 10 7 13 13 8 8 2 8 19 13 5 15 11 9 4 14 15 7 7 10 13 9 
6 3 1 3 2 4 2 2 3 3 3 3 3 2 2 4 6 2 3 1 1 0 5 3 0 4 3 2 5 2 2 5 0 3 4 5 2 2 0 3 0 1 4 2 3 3 5 1 5 3 
12 10 2 12 11 6 9 7 10 7 4 8 7 8 8 10 4 8 8 8 5 9 5 7 6 2 7 10 4 12 10 6 11 11 11 11 1 8 3 10 7 5 6 13 8 5 11 11 3 10 
0 2 3 2 1 2 1 1 1 2 2 0 2 1 0 2 0 2 0 2 1 0 0 1 0 0 0 3 1 2 0 1 0 0 0 1 2 2 1 1 1 1 1 0 2 1 4 0 0 1 
9 6 8 6 8 12 9 6 2 14 12 9 6 3 5 4 5 8 5 4 5 8 9 6 6 10 2 8 5 8 7 2 5 9 5 11 7 6 8 6 3 5 6 6 8 6 6 11 11 3 
8 5 9 4 6 6 8 5 5 3 10 5 2 1 6 9 4 7 3 8 4 4 4 5 6 7 5 6 4 5 2 5 5 7 1 6 6 5 6 6 4 5 5 1 5 5 5 6 5 3 
6 7 6 6 5 6 5 3 6 7 3 6 4 10 6 7 4 5 7 0 5 4 1 4 9 0 3 5 3 3 5 4 1 8 0 7 4 3 3 6 5 4 5 5 5 8 6 6 8 6 
10 12 10 8 9 12 14 17 12 10 3 10 11 8 15 8 10 8 8 6 17 12 10 12 9 11 9 9 10 13 11 13 13 10 9 13 12 8 15 10 6 7 9 8 11 6 11 7 14 20 
10 4 6 3 9 6 6 6 4 5 8 8 7 2 1 2 5 10 8 7 3 10 11 3 5 11 10 5 1 6 7 3 5 7 5 4 5 7 5 7 8 6 4 2 9 6 6 2 5 5 
3 0 3 0 1 2 4 3 3 2 4 1 2 4 2 3 0 3 0 2 4 4 0 5 3 0 4 1 4 2 2 4 3 1 2 2 3 3 0 2 0 1 0 2 4 1 4 1 0 2 
3 1 2 2 4 3 1 3 1 2 5 5 4 1 0 0 5 2 5 4 4 6 1 1 0 0 1 5 5 3 1 3 4 4 2 3 2 1 4 6 0 2 2 6 4 3 2 4 4 1 
7 6 6 3 5 4 7 6 5 6 7 4 3 7 2 4 2 4 7 5 5 4 4 3 2 4 8 5 2 1 5 3 1 7 4 5 4 3 4 6 7 7 3 6 5 4 5 1 7 4 
1 7 4 8 6 11 9 9 8 8 7 5 7 6 6 10 11 5 5 8 7 8 6 4 3 10 4 6 10 9 4 6 6 3 8 8 7 10 8 8 5 12 9 3 6 5 8 8 5 8 
1 2 4 4 6 2 3 5 3 2 1 4 3 4 3 1 6 6 5 3 4 4 2 3 1 6 5 4 6 5 5 1 2 5 1 2 3 5 1 3 2 4 1 4 4 1 1 4 0 4 
1 0 2 1 1 0 1 2 0 0 3 0 1 1 0 0 0 1 2 2 1 0 0 1 0 1 1 2 1 2 2 2 0 2 0 1 1 1 2 3 1 1 1 0 1 2 3 1 1 2 
9 7 8 5 11 7 8 10 9 6 5 11 11 8 7 9 11 9 15 9 9 7 6 9 6 11 9 8 9 5 8 11 4 13 4 12 12 8 8 7 13 6 12 15 10 10 15 15 10 11 
6 7 6 8 6 9 3 4 3 8 9 5 10 5 5 4 3 7 8 9 7 5 0 9 1 7 4 8 3 5 7 8 5 8 4 9 7 4 4 10 5 2 5 5 10 8 6 7 3 6 
5 9 3 3 7 3 5 7 4 5 5 12 3 4 4 1 2 6 6 7 6 5 8 4 3 5 3 3 10 10 3 4 7 4 3 7 9 5 5 7 3 5 4 4 6 4 3 4 10 3 
1 3 2 4 1 3 3 3 3 0 2 0 4 1 0 1 2 2 2 0 3 1 4 3 2 5 0 2 5 1 2 4 3 1 1 2 2 1 1 2 2 2 5 0 2 0 0 2 2 2 
5 4 2 5 7 4 3 4 5 6 2 5 1 3 3 4 3 2 0 1 4 5 2 3 5 1 5 5 0 0 2 3 8 3 2 2 5 2 6 0 5 4 2 2 3 1 3 1 2 1 
5 3 3 6 9 7 3 5 4 3 7 6 6 4 5 8 8 4 6 6 7 6 6 4 2 4 4 2 4 4 4 5 6 9 8 4 4 6 1 3 6 4 4 7 6 9 2 5 2 7 
9 2 13 1 6 9 8 5 3 6 6 8 8 6 9 5 4 8 3 8 8 8 11 9 10 9 1 5 5 14 10 2 13 12 7 4 10 5 10 5 7 8 10 8 7 6 5 10 10 0 
5 7 5 2 7 6 3 0 6 3 8 4 1 5 3 2 3 2 4 4 3 1 2 8 5 5 3 1 5 6 2 5 2 5 4 2 6 6 4 5 1 4 0 5 5 1 5 5 4 3 
4 6 4 7 7 3 0 4 9 8 10 11 9 6 2 4 7 1 7 5 6 4 10 6 8 3 9 6 9 7 12 5 5 7 7 6 4 5 6 8 6 7 5 7 8 4 6 4 7 5 
7 6 11 8 6 11 14 12 10 11 6 8 3 11 6 12 10 5 7 12 4 7 10 11 6 8 8 7 8 12 10 6 5 10 1 2 7 10 4 5 7 6 10 8 12 7 4 8 11 9 
4 8 8 6 11 7 6 3 6 3 8 3 4 11 8 6 8 6 4 8 6 3 10 7 5 8 5 6 13 9 3 8 7 7 10 10 6 8 8 5 7 10 7 6 6 3 6 10 9 6 
2 3 3 4 1 2 3 0 0 3 2 3 0 3 3 3 1 4 1 1 3 1 1 1 4 2 1 4 1 3 0 0 1 3 4 4 2 1 1 2 0 2 4 2 0 4 4 3 3 3 
11 6 10 7 8 15 10 5 13 14 11 13 15 12 12 6 9 12 9 12 7 10 9 12 5 11 6 12 5 16 6 6 5 2 10 7 9 3 3 13 8 6 13 6 11 6 10 5 12 8 
4 1 2 4 3 3 1 1 6 5 3 5 4 3 1 7 4 3 4 0 3 2 2 4 0 4 1 2 3 5 5 1 1 1 3 3 4 4 0 0 3 3 2 2 3 4 2 2 6 2 
8 8 14 7 9 12 7 12 18 13 10 12 5 15 7 7 11 13 11 8 11 8 15 7 9 11 6 12 12 9 7 7 10 11 7 11 8 9 10 6 7 7 10 11 5 9 11 6 12 8 
1 1 2 1 2 0 1 1 1 0 4 1 2 0 1 3 0 1 0 2 0 0 0 3 2 1 2 1 2 1 1 1 2 1 0 1 2 2 0 1 1 2 2 0 1 0 3 1 0 2 
2 3 0 5 3 5 6 3 8 6 7 5 4 3 5 3 3 4 6 1 8 1 9 4 4 7 1 1 5 5 7 3 1 4 8 2 3 1 7 5 2 3 2 0 2 5 5 5 3 1 
9 10 13 9 5 8 10 9 8 10 8 5 9 12 6 7 6 5 10 8 9 11 10 2 0 4 10 12 7 11 13 8 11 10 10 10 8 11 7 7 4 9 10 10 11 8 2 9 7 6 
14 16 10 14 9 15 12 14 6 7 7 9 11 12 12 15 9 3 11 8 10 14 8 8 4 10 6 6 10 9 10 8 9 8 12 7 9 11 10 11 11 7 10 8 7 15 13 10 5 8 
DEPOT_SECTION
 1
 -1
EOF
