NAME  : Parada_40_6_0.95_1.00_5
TYPE : SVRP
MODEL : FINITE_SUPPORT
NUMBER_OF_SCENARIOS : 50
DIMENSION : 40
EDGE_WEIGHT_TYPE : MATRIX
CAPACITY : 31
N_VEHICLES : 6
NODE_COORD_SECTION
1 187500 329680
2 222730 276260
3 316890 18
4 212620 350440
5 269830 101700
6 73443 337210
7 417310 482830
8 324040 296280
9 166240 482100
10 254460 79397
11 299900 286890
12 27 140000
13 487710 419950
14 537770 453860
15 287740 650190
16 307840 413580
17 422670 274090
18 50386 363740
19 156610 504260
20 278770 331100
21 177280 244390
22 133000 459880
23 408810 44302
24 503010 660930
25 198300 590050
26 212210 21267
27 496040 434070
28 246940 106830
29 470290 417680
30 608050 380380
31 310980 513300
32 315210 475720
33 98847 232580
34 301450 503060
35 408670 512580
36 393310 310870
37 352540 332410
38 309190 541810
39 293140 427740
40 177610 91942
DEMAND_SECTION
1 0.0
2 1.0
3 6.0
4 3.0
5 4.0
6 2.0
7 5.0
8 7.0
9 8.0
10 4.0
11 4.0
12 4.0
13 6.0
14 3.0
15 8.0
16 3.0
17 5.0
18 4.0
19 5.0
20 1.0
21 1.0
22 2.0
23 2.0
24 2.0
25 1.0
26 9.0
27 1.0
28 4.0
29 2.0
30 4.0
31 10.0
32 6.0
33 7.0
34 6.0
35 9.0
36 1.0
37 9.0
38 3.0
39 9.0
40 6.0
DISTANCE_MATRIX
0.0 8.06226 43.1856 44.14 43.9659 52.2656 41.5933 29.7704 22.8043 26.9072 29.7704 46.0109 45.5412 48.8865 43.6767 18.0278 48.3839 48.3559 20.2956 40.6956 14.0828 25.0042 53.7587 59.62 31.1482 34.7851 46.2709 40.8044 43.7379 59.0896 20.6155 21.0238 32.4667 26.8328 37.2156 40.8044 41.6994 22.0227 21.095 28.178 
8.06226 0.0 38.4187 48.1815 43.2897 55.2788 48.496 37.7137 31.7541 22.4722 37.7137 38.0 53.3385 44.7231 49.9227 26.0 56.3283 51.369 26.5416 44.7372 18.1244 26.8618 49.4065 66.0847 37.3942 27.7308 54.1479 40.1995 51.4782 56.2155 27.0713 28.1603 35.4798 33.8387 43.9541 48.7647 49.6428 28.2696 29.0172 26.4764 
43.1856 38.4187 0.0 59.0085 23.0217 57.7235 84.0536 60.4401 55.1605 16.2788 56.6127 33.1059 85.7095 66.7533 86.7913 58.3999 79.3357 51.923 56.8642 62.514 42.9418 50.2682 11.1803 102.76 69.3572 18.0278 85.3619 22.3607 84.1556 78.3067 63.7809 63.6003 42.0 69.4046 80.0 73.0068 69.9509 65.1382 61.5347 19.4165 
44.14 48.1815 59.0085 0.0 42.3792 15.2971 48.0521 16.0312 59.9229 48.0521 16.9199 78.763 39.3573 86.183 63.6378 31.0407 23.0217 17.4929 57.0208 7.61577 30.3949 62.6622 64.9384 70.0928 67.11 62.3621 38.0789 40.5216 39.3954 96.2237 42.696 37.9438 17.0294 40.1123 47.2652 20.0 14.1421 47.1498 30.6641 40.1123 
43.9659 43.2897 23.0217 42.3792 0.0 37.0135 81.3275 51.439 66.6234 25.0 47.7387 54.2033 77.1678 79.5924 84.5335 56.5252 64.8845 31.0161 63.8724 47.8539 38.0789 61.7311 24.1868 101.516 74.725 36.8917 76.9147 3.16228 76.2003 91.0848 62.8013 61.8956 26.4197 67.6415 78.2694 60.1059 55.4617 65.0536 62.2193 17.0 
52.2656 55.2788 57.7235 15.2971 37.0135 0.0 63.3482 31.0907 73.5907 50.6063 31.9396 82.6801 54.231 97.2454 78.6702 46.0603 35.609 6.0 72.0404 22.8035 43.7618 75.7906 61.131 85.3756 82.1297 65.3682 52.8015 36.2215 54.4243 109.876 57.7159 52.9637 19.799 55.1513 62.514 34.4384 28.178 62.1695 45.6279 41.1461 
41.5933 48.496 84.0536 48.0521 81.3275 63.3482 0.0 32.8938 43.0116 67.9559 34.4388 84.9294 14.4222 61.8516 25.807 26.1725 35.171 64.8943 40.0549 40.6079 51.8867 48.0944 94.074 22.1359 32.9848 76.1577 16.6433 78.324 12.53 62.1772 21.8403 20.5913 66.8342 14.7648 5.0 31.0644 37.0 23.0868 23.3452 67.2049 
29.7704 37.7137 60.4401 16.0312 51.439 31.0907 32.8938 0.0 44.171 46.3897 4.0 73.1781 26.8701 70.4311 47.6139 15.2643 20.2237 32.4094 41.2689 9.84886 20.2237 46.9103 68.5855 55.0273 51.1775 59.0085 26.2488 48.4355 26.2488 80.2912 26.9258 22.1359 26.8885 24.0832 31.5753 13.0 12.53 31.3847 14.8661 41.1096 
22.8043 31.7541 55.1605 59.9229 66.6234 73.5907 43.0116 44.171 0.0 42.105 44.171 43.4626 52.1728 26.2603 27.2029 29.4109 61.5873 69.681 3.16228 54.0167 36.0855 5.38516 66.2749 54.626 14.2127 39.7205 53.6004 63.8263 50.01 37.7527 22.561 26.5707 53.7917 30.5941 38.0132 54.0833 56.0803 20.025 31.3847 49.9108 
26.9072 22.4722 16.2788 48.0521 25.0 50.6063 67.9559 46.3897 42.105 0.0 42.4264 32.2025 69.7948 55.04 70.5152 42.4853 66.0681 45.4863 43.8087 50.0899 27.5136 37.2127 27.0185 86.4941 56.3017 14.7648 70.1624 22.4722 68.241 66.5324 47.5079 47.4342 31.9531 53.2541 63.8201 59.3043 57.0 48.862 45.618 9.89949 
29.7704 37.7137 56.6127 16.9199 47.7387 31.9396 34.4388 4.0 44.171 42.4264 0.0 69.2328 29.8329 70.4311 47.9556 15.2888 24.1868 33.2583 41.2689 12.0416 16.2788 46.9103 64.8845 56.4721 51.3582 55.0091 29.4109 44.7352 29.0 80.4718 26.9443 22.1922 27.7374 24.4721 32.6324 17.0 16.1555 31.398 14.9124 37.3363 
46.0109 38.0 33.1059 78.763 54.2033 82.6801 84.9294 73.1781 43.4626 32.2025 69.2328 0.0 91.1976 43.2666 70.2353 64.0 93.4017 77.666 45.8803 79.1202 52.9549 38.0789 41.0 98.0867 57.2451 17.6918 92.0869 52.4976 89.2749 54.7083 63.1506 65.5105 63.5295 70.859 80.05 86.1004 85.1469 62.0967 67.0075 42.0119 
45.5412 53.3385 85.7095 39.3573 77.1678 54.231 14.4222 26.8701 52.1728 69.7948 29.8329 91.1976 0.0 76.7242 39.6232 27.6586 22.0227 56.8243 49.0306 31.7648 53.5169 56.7186 94.2321 33.0151 44.7214 80.05 2.23607 74.1643 2.23607 75.1665 29.6142 26.0768 51.7264 21.587 17.6918 19.9249 26.2488 32.573 24.5153 66.5255 
48.8865 44.7231 66.7533 86.183 79.5924 97.2454 61.8516 70.4311 26.2603 55.04 70.4311 43.2666 76.7242 0.0 38.1182 55.734 87.6671 93.3357 29.2074 80.2768 62.1676 24.4165 77.4661 66.0681 30.3463 49.2443 78.5472 76.7953 74.4882 11.7047 47.9589 52.1706 77.4465 58.2102 57.2109 80.2389 82.3369 61.1829 57.4418 62.8798 
43.6767 49.9227 86.7913 63.6378 84.5335 78.6702 25.807 47.6139 27.2029 70.5152 47.9556 70.2353 39.6232 38.1182 0.0 35.1843 57.4543 79.9889 25.4951 57.0875 55.4472 32.45 97.4151 28.6356 13.0384 66.8432 41.7253 81.3969 37.4833 36.7696 26.0666 27.3131 73.8311 23.547 21.9317 51.4296 56.0803 26.5196 33.5888 71.7555 
18.0278 26.0 58.3999 31.0407 56.5252 46.0603 26.1725 15.2643 29.4109 42.4853 15.2888 64.0 27.6586 55.734 35.1843 0.0 32.249 47.379 26.4008 25.1345 26.2074 32.6497 68.3947 46.8722 36.3118 52.3927 28.2843 53.3662 25.9615 65.4254 12.1655 8.06226 44.5913 12.53 22.8035 24.6982 26.8701 16.4924 3.16228 41.5255 
48.3839 56.3283 79.3357 23.0217 64.8845 35.609 35.171 20.2237 61.5873 66.0681 24.1868 93.4017 22.0227 87.6671 57.4543 32.249 0.0 39.598 58.5235 17.088 40.4475 64.8845 86.4016 55.0364 60.349 79.1012 20.0 62.7694 23.1948 91.0279 41.0366 36.1248 38.6264 34.8281 36.7696 7.61577 9.48683 45.2548 30.2324 59.9314 
48.3559 51.369 51.923 17.4929 31.0161 6.0 64.8943 32.4094 69.681 45.4863 33.2583 77.666 56.8243 93.3357 79.9889 47.379 39.598 0.0 67.8498 25.0599 39.8521 71.8808 55.1453 87.0097 78.7024 60.208 55.5698 30.2655 56.7979 105.966 59.0346 54.2824 16.1245 56.47 63.8569 37.4433 31.4006 63.4882 46.9466 35.8469 
20.2956 26.5416 56.8642 57.0208 63.8724 72.0404 40.0549 41.2689 3.16228 43.8087 41.2689 45.8803 49.0306 29.2074 25.4951 26.4008 58.5235 67.8498 0.0 51.1146 33.5767 8.06226 67.9786 52.3259 12.8062 41.4242 50.448 60.7112 46.8722 40.6999 19.4165 23.4094 51.9606 27.4591 35.0746 51.0392 53.1507 17.0 28.3019 48.3743 
40.6956 44.7372 62.514 7.61577 47.8539 22.8035 40.6079 9.84886 54.0167 50.0899 12.0416 79.1202 31.7648 80.2768 57.0875 25.1345 17.088 25.0599 51.1146 0.0 26.8328 56.756 69.3758 62.5859 60.6363 63.7887 30.5287 45.6946 31.7805 90.3175 36.7696 31.9531 21.5407 33.541 40.05 12.7279 7.61577 41.2311 24.6982 43.1856 
14.0828 18.1244 42.9418 30.3949 38.0789 43.7618 51.8867 20.2237 36.0855 27.5136 16.2788 52.9549 53.5169 62.1676 55.4472 26.2074 40.4475 39.8521 33.5767 26.8328 0.0 38.2853 52.4309 71.198 44.4293 39.0512 53.8844 34.9857 51.963 72.3707 32.4835 31.5779 23.9628 37.3238 47.9516 33.1361 32.28 34.7359 29.3422 24.8395 
25.0042 26.8618 50.2682 62.6622 61.7311 75.7906 48.0944 46.9103 5.38516 37.2127 46.9103 38.0789 56.7186 24.4165 32.45 32.6497 64.8845 71.8808 8.06226 56.756 38.2853 0.0 61.3826 60.0083 19.4165 34.8281 58.0517 58.934 54.5894 35.9089 27.1662 30.8058 55.9916 35.2278 43.1142 57.3062 58.8394 25.02 34.9285 45.0185 
53.7587 49.4065 11.1803 64.9384 24.1868 61.131 94.074 68.5855 66.2749 27.0185 64.8845 41.0 94.2321 77.4661 97.4151 68.3947 86.4016 55.1453 67.9786 69.3758 52.4309 61.3826 0.0 113.172 80.4716 28.2843 93.979 25.0 93.2646 89.0505 74.2496 73.7564 48.0521 79.511 90.1388 81.0323 76.922 75.762 71.5295 27.7849 
59.62 66.0847 102.76 70.0928 101.516 85.3756 22.1359 55.0273 54.626 86.4941 56.4721 98.0867 33.0151 66.0681 28.6356 46.8722 55.0364 87.0097 52.3259 62.5859 71.198 60.0083 113.172 0.0 41.1096 93.7272 35.0571 98.3568 32.0156 62.514 39.0161 39.8246 89.5819 34.4093 24.1868 52.2398 58.4209 39.4692 44.4185 86.5162 
31.1482 37.3942 69.3572 67.11 74.725 82.1297 32.9848 51.1775 14.2127 56.3017 51.3582 57.2451 44.7214 30.3463 13.0384 36.3118 60.349 78.7024 12.8062 60.6363 44.4293 19.4165 80.4716 41.1096 0.0 53.9172 46.5443 71.5638 42.4853 31.4434 28.7269 29.9735 62.8132 26.2074 28.1603 54.1246 58.751 29.18 38.0196 59.2269 
34.7851 27.7308 18.0278 62.3621 36.8917 65.3682 76.1577 59.0085 39.7205 14.7648 55.0091 17.6918 80.05 49.2443 66.8432 52.3927 79.1012 60.208 41.4242 63.7887 39.0512 34.8281 28.2843 93.7272 53.9172 0.0 80.604 35.0 78.339 60.8769 54.7335 55.7136 46.6154 61.4654 71.6162 72.0069 70.3491 55.9318 55.5428 24.4131 
46.2709 54.1479 85.3619 38.0789 76.9147 52.8015 16.6433 26.2488 53.6004 70.1624 29.4109 92.0869 2.23607 78.5472 41.7253 28.2843 20.0 55.5698 50.448 30.5287 53.8844 58.0517 93.979 35.0571 46.5443 80.604 0.0 73.9112 4.24264 77.1038 31.0483 27.2947 50.691 23.0868 19.799 18.3848 24.6982 34.176 25.1794 66.2724 
40.8044 40.1995 22.3607 40.5216 3.16228 36.2215 78.324 48.4355 63.8263 22.4722 44.7352 52.4976 74.1643 76.7953 81.3969 53.3662 62.7694 30.2655 60.7112 45.6946 34.9857 58.934 25.0 98.3568 71.5638 35.0 73.9112 0.0 73.1969 88.2878 59.6423 58.7366 24.1661 64.4825 75.1104 57.859 53.3104 61.8946 56.5009 14.0357 
43.7379 51.4782 84.1556 39.3954 76.2003 54.4243 12.53 26.2488 50.01 68.241 29.0 89.2749 2.23607 74.4882 37.4833 25.9615 23.1948 56.7979 46.8722 31.7805 51.963 54.5894 93.2646 32.0156 42.4853 78.339 4.24264 73.1969 0.0 72.9452 27.4591 24.0208 51.504 19.4165 15.5563 20.3961 26.6833 30.3645 22.8035 65.558 
59.0896 56.2155 78.3067 96.2237 91.0848 109.876 62.1772 80.2912 37.7527 66.5324 80.4718 54.7083 75.1665 11.7047 36.7696 65.4254 91.0279 105.966 40.6999 90.3175 72.3707 35.9089 89.0505 62.514 31.4434 60.8769 77.1038 88.2878 72.9452 0.0 59.4059 61.862 90.077 56.8863 57.8014 89.9303 92.2753 59.8589 67.1333 74.3722 
20.6155 27.0713 63.7809 42.696 62.8013 57.7159 21.8403 26.9258 22.561 47.5079 26.9443 63.1506 29.6142 47.9589 26.0666 12.1655 41.0366 59.0346 19.4165 36.7696 32.4835 27.1662 74.2496 39.0161 28.7269 54.7335 31.0483 59.6423 27.4591 59.4059 0.0 5.0 50.8674 8.06226 17.088 33.9706 37.4433 4.47214 12.083 47.8017 
21.0238 28.1603 63.6003 37.9438 61.8956 52.9637 20.5913 22.1359 26.5707 47.4342 22.1922 65.5105 26.0768 52.1706 27.3131 8.06226 36.1248 54.2824 23.4094 31.9531 31.5779 30.8058 73.7564 39.8246 29.9735 55.7136 27.2947 58.7366 24.0208 61.862 5.0 0.0 49.9618 5.83095 16.4012 29.0 32.45 9.43398 7.28011 46.896 
32.4667 35.4798 42.0 17.0294 26.4197 19.799 66.8342 26.8885 53.7917 31.9531 27.7374 63.5295 51.7264 77.4465 73.8311 44.5913 38.6264 16.1245 51.9606 21.5407 23.9628 55.9916 48.0521 89.5819 62.8132 46.6154 50.691 24.1661 51.504 90.077 50.8674 49.9618 0.0 55.7077 66.3355 33.6999 29.1548 53.1198 47.7261 23.3452 
26.8328 33.8387 69.4046 40.1123 67.6415 55.1513 14.7648 24.0832 30.5941 53.2541 24.4721 70.859 21.587 58.2102 23.547 12.53 34.8281 56.47 27.4591 33.541 37.3238 35.2278 79.511 34.4093 26.2074 61.4654 23.0868 64.4825 19.4165 56.8863 8.06226 5.83095 55.7077 0.0 10.6301 28.3019 32.6956 11.1803 10.4403 52.6419 
37.2156 43.9541 80.0 47.2652 78.2694 62.514 5.0 31.5753 38.0132 63.8201 32.6324 80.05 17.6918 57.2109 21.9317 22.8035 36.7696 63.8569 35.0746 40.05 47.9516 43.1142 90.1388 24.1868 28.1603 71.6162 19.799 75.1104 15.5563 57.8014 17.088 16.4012 66.3355 10.6301 0.0 31.7805 37.3363 18.1108 20.2485 63.2698 
40.8044 48.7647 73.0068 20.0 60.1059 34.4384 31.0644 13.0 54.0833 59.3043 17.0 86.1004 19.9249 80.2389 51.4296 24.6982 7.61577 37.4433 51.0392 12.7279 33.1361 57.3062 81.0323 52.2398 54.1246 72.0069 18.3848 57.859 20.3961 89.9303 33.9706 29.0 33.6999 28.3019 31.7805 0.0 6.32456 38.2884 22.8035 53.603 
41.6994 49.6428 69.9509 14.1421 55.4617 28.178 37.0 12.53 56.0803 57.0 16.1555 85.1469 26.2488 82.3369 56.0803 26.8701 9.48683 31.4006 53.1507 7.61577 32.28 58.8394 76.922 58.4209 58.751 70.3491 24.6982 53.3104 26.6833 92.2753 37.4433 32.45 29.1548 32.6956 37.3363 6.32456 0.0 41.8808 25.6125 50.6063 
22.0227 28.2696 65.1382 47.1498 65.0536 62.1695 23.0868 31.3847 20.025 48.862 31.398 62.0967 32.573 61.1829 26.5196 16.4924 45.2548 63.4882 17.0 41.2311 34.7359 25.02 75.762 39.4692 29.18 55.9318 34.176 61.8946 30.3645 59.8589 4.47214 9.43398 53.1198 11.1803 18.1108 38.2884 41.8808 0.0 16.5529 49.93 
21.095 29.0172 61.5347 30.6641 62.2193 45.6279 23.3452 14.8661 31.3847 45.618 14.9124 67.0075 24.5153 57.4418 33.5888 3.16228 30.2324 46.9466 28.3019 24.6982 29.3422 34.9285 71.5295 44.4185 38.0196 55.5428 25.1794 56.5009 22.8035 67.1333 12.083 7.28011 47.7261 10.4403 20.2485 22.8035 25.6125 16.5529 0.0 44.6603 
28.178 26.4764 19.4165 40.1123 17.0 41.1461 67.2049 41.1096 49.9108 9.89949 37.3363 42.0119 66.5255 62.8798 71.7555 41.5255 59.9314 35.8469 48.3743 43.1856 24.8395 45.0185 27.7849 86.5162 59.2269 24.4131 66.2724 14.0357 65.558 74.3722 47.8017 46.896 23.3452 52.6419 63.2698 53.603 50.6063 49.93 44.6603 0.0 
DEMAND_SCENARIO_SECTION
0 0 0 0 0 0 0 0 0 0 0 0 0 0 0 0 0 0 0 0 0 0 0 0 0 0 0 0 0 0 0 0 0 0 0 0 0 0 0 0 0 0 0 0 0 0 0 0 0 0 
1 1 1 2 1 2 1 1 0 0 2 1 2 0 0 3 1 1 0 0 1 0 0 5 1 1 1 1 1 2 1 0 4 1 3 1 1 2 2 2 2 1 0 0 1 2 1 0 0 0 
7 1 3 12 4 3 5 7 7 10 7 4 10 8 6 8 3 5 7 7 2 3 2 8 9 8 5 3 1 1 6 3 3 8 4 2 10 6 7 7 8 3 7 5 8 4 9 6 6 8 
5 4 4 3 4 4 0 4 2 1 5 4 3 5 5 2 0 2 5 5 6 2 4 2 6 2 1 3 0 3 1 5 3 3 5 1 5 3 7 1 3 4 2 4 3 2 5 2 0 5 
6 4 4 5 2 1 5 4 4 7 5 6 5 4 9 3 3 3 3 5 7 4 4 8 6 6 7 4 6 7 1 2 1 4 2 5 2 4 3 3 3 3 2 4 6 4 4 6 3 5 
2 3 1 2 2 0 2 3 3 2 2 0 0 3 1 3 1 0 0 1 2 3 3 1 3 4 2 2 1 4 4 3 1 0 4 1 1 1 4 3 2 0 1 3 1 0 1 2 2 0 
4 4 7 4 5 2 8 5 6 7 6 3 5 2 2 5 0 10 7 5 4 9 7 8 5 4 8 6 9 4 0 6 4 0 8 6 8 7 9 6 6 1 2 2 5 11 4 7 4 8 
9 6 4 4 7 9 5 0 6 10 9 12 3 4 12 12 8 12 15 7 4 7 5 10 8 8 7 9 9 6 3 4 9 3 8 10 5 2 12 6 4 9 8 8 7 6 10 2 8 14 
8 10 4 12 11 4 10 9 7 8 7 11 6 8 4 3 6 15 6 9 12 5 4 4 11 8 7 7 5 12 12 12 7 5 9 9 8 10 6 3 1 7 4 3 12 3 8 7 9 8 
1 4 4 1 4 4 0 4 6 8 3 6 6 7 3 5 4 2 3 2 3 2 2 7 4 5 3 5 5 4 5 3 6 4 1 4 0 5 8 2 5 2 4 7 3 5 4 1 4 3 
2 4 6 5 1 3 2 5 0 1 4 4 5 1 2 3 1 4 2 4 5 4 5 5 1 4 2 5 3 5 4 3 4 4 5 6 3 5 5 5 1 1 2 4 1 2 6 5 4 10 
4 4 5 6 1 2 2 7 2 5 5 7 2 10 6 5 1 7 6 0 6 6 4 4 2 3 3 1 7 0 2 6 6 4 3 1 4 5 4 5 1 5 4 2 4 4 7 2 1 7 
1 7 8 9 7 7 7 3 7 6 5 0 5 11 7 6 6 9 5 3 8 9 4 3 10 6 11 4 8 6 5 4 7 6 5 9 6 4 4 9 8 8 2 10 6 6 4 4 3 8 
4 2 2 5 4 3 0 2 3 5 5 3 3 2 2 3 2 3 3 2 4 2 5 5 4 7 1 3 6 2 2 3 4 4 2 4 8 5 2 2 6 3 3 5 5 0 1 3 6 4 
11 6 12 5 13 11 13 12 7 12 9 4 4 12 7 10 7 5 4 7 2 8 17 9 4 10 9 10 15 6 12 12 4 12 9 5 4 6 13 6 5 8 9 14 9 8 7 9 7 8 
1 1 3 0 1 3 4 2 3 5 2 3 2 0 3 4 4 1 3 3 1 5 2 5 1 2 1 4 3 2 3 6 5 3 3 4 0 5 3 4 2 9 2 5 1 1 7 4 6 2 
3 6 5 4 7 2 5 6 5 9 6 2 4 0 3 5 3 7 7 6 5 3 6 9 8 6 4 5 4 6 3 4 6 7 0 7 7 4 6 7 9 5 5 3 6 3 3 0 5 3 
4 3 4 1 3 2 3 1 4 4 3 3 7 1 10 4 3 3 5 5 4 4 0 3 2 3 5 4 3 1 7 4 4 4 3 5 5 7 3 3 6 6 3 4 1 4 5 3 1 9 
6 6 10 5 5 8 4 4 7 5 6 2 6 3 6 5 3 0 5 7 3 7 5 7 7 7 6 7 4 5 7 7 4 4 3 8 2 5 4 5 5 4 4 9 6 6 5 4 3 0 
0 3 0 2 0 1 2 1 0 0 1 1 2 2 1 2 1 1 1 2 0 1 0 1 1 3 2 2 1 2 2 0 0 0 3 1 0 2 1 0 0 1 2 0 0 0 3 2 1 0 
1 2 1 1 3 1 1 1 4 1 2 2 0 0 0 2 1 1 1 1 1 2 3 2 1 2 1 0 0 0 1 1 0 0 2 2 1 0 2 1 0 2 1 0 1 1 0 1 0 0 
3 1 2 1 0 3 2 2 2 2 3 4 1 1 3 2 3 2 0 2 0 2 1 2 1 2 3 3 3 2 0 0 0 0 4 3 2 1 2 2 1 1 4 5 3 2 1 3 2 4 
1 1 3 0 1 3 7 4 2 3 2 1 4 3 2 0 2 1 5 3 3 1 2 2 0 2 1 2 0 3 0 3 3 4 2 3 4 2 1 4 4 3 1 1 2 2 2 1 0 3 
4 0 1 0 4 4 0 0 0 0 2 3 0 4 2 0 0 1 0 3 3 3 2 0 0 2 1 2 1 1 0 0 1 4 3 1 3 1 3 1 3 2 1 3 4 3 1 3 2 4 
1 1 3 1 0 2 2 2 2 3 1 2 1 0 2 2 2 1 0 1 2 1 1 1 0 1 0 1 3 1 1 0 3 0 1 2 1 2 0 1 3 2 1 2 0 1 0 1 0 1 
9 11 6 10 16 15 4 4 11 8 9 6 12 8 7 15 12 9 15 13 11 5 5 8 8 3 5 12 11 12 9 3 4 8 11 7 6 11 8 11 9 8 9 9 7 10 11 12 11 7 
2 1 2 2 1 2 1 0 1 1 0 1 2 2 1 2 0 1 0 2 0 2 3 0 1 1 1 2 2 1 3 2 0 0 1 1 2 0 1 0 0 3 0 1 0 2 2 1 1 0 
6 6 5 1 6 6 4 5 2 6 3 3 7 3 3 5 4 1 4 4 6 4 5 5 5 2 3 1 3 4 3 5 6 3 3 3 4 4 5 0 4 3 2 6 8 3 1 2 3 7 
2 3 2 1 3 2 0 0 3 2 0 3 3 3 0 4 2 3 3 2 3 3 1 3 1 3 3 4 3 3 3 3 3 2 4 0 1 3 1 2 0 2 2 2 3 1 3 4 1 0 
6 2 5 7 3 6 3 3 5 6 3 5 3 5 6 5 1 4 3 2 3 1 5 2 3 2 0 6 3 5 4 2 5 7 6 5 2 4 4 5 6 2 3 3 3 5 1 4 3 3 
8 8 15 15 8 10 8 6 6 12 14 12 8 6 8 10 8 10 8 11 13 10 14 4 9 11 6 8 7 12 10 12 9 11 15 11 15 11 9 7 4 8 10 11 13 11 14 13 7 16 
3 3 9 8 5 4 5 6 4 6 5 5 9 2 5 8 3 3 4 4 8 7 5 4 6 9 10 1 7 8 10 5 6 8 3 5 6 7 4 4 3 8 5 4 6 1 6 5 4 7 
9 6 6 9 5 6 6 12 7 8 9 11 6 6 6 8 6 4 5 9 7 9 11 6 8 6 6 10 7 9 7 8 10 9 9 9 7 2 2 5 11 6 9 4 8 10 6 11 10 7 
9 4 6 7 8 8 7 10 7 11 5 6 7 5 10 0 8 5 9 5 6 6 6 5 8 2 7 5 4 5 6 11 1 6 8 10 7 4 6 5 8 4 4 5 8 5 7 5 4 12 
12 4 8 13 13 9 8 9 11 6 14 9 9 8 7 11 8 8 10 9 11 11 11 16 10 7 15 11 10 8 6 9 4 11 10 9 13 12 8 9 11 8 8 8 10 13 14 14 11 13 
1 0 1 1 0 1 1 3 1 1 1 1 2 1 2 0 1 2 0 4 2 0 0 1 1 1 3 0 1 1 2 1 3 0 1 3 1 3 0 1 1 1 1 1 0 2 2 1 1 0 
11 9 7 6 10 7 7 8 9 9 9 6 13 10 10 9 5 5 15 7 10 11 7 5 5 7 7 8 13 9 10 9 10 11 8 8 8 6 8 8 11 9 7 4 6 7 2 10 8 8 
2 4 7 5 3 5 6 5 4 1 4 2 3 0 4 0 1 3 1 7 1 4 2 2 5 4 3 6 3 3 6 3 4 5 2 3 4 2 1 3 7 0 4 4 3 4 3 5 2 6 
1 18 12 11 5 11 7 5 5 7 6 6 16 13 12 10 11 6 12 6 13 8 9 6 8 13 8 9 7 8 14 6 8 8 11 15 7 9 4 9 9 11 13 11 12 9 16 11 13 5 
4 5 7 5 7 4 10 6 9 9 4 3 6 6 0 6 7 8 6 9 8 9 6 6 3 10 11 8 7 9 7 6 8 6 6 9 11 7 7 6 3 5 9 5 4 8 4 7 8 7 
DEPOT_SECTION
 1
 -1
EOF
