NAME  : Parada_40_6_0.95_1.00_4
TYPE : SVRP
MODEL : FINITE_SUPPORT
NUMBER_OF_SCENARIOS : 50
DIMENSION : 40
EDGE_WEIGHT_TYPE : MATRIX
CAPACITY : 43
N_VEHICLES : 6
NODE_COORD_SECTION
1 304010 183040
2 393960 13329
3 323280 173690
4 271420 507740
5 234530 240220
6 51954 294870
7 249510 160050
8 436270 318850
9 124640 15134
10 381150 87892
11 375300 18
12 390200 297010
13 561530 42686
14 406670 216740
15 700840 287010
16 385790 360150
17 454030 303060
18 267200 430710
19 299230 94986
20 201830 493960
21 337450 339860
22 269520 576940
23 414280 593700
24 336300 450870
25 165470 392040
26 624390 111120
27 632620 127080
28 292720 257980
29 547750 40369
30 285670 427130
31 366570 590630
32 139350 302530
33 27 209160
34 162360 78221
35 453820 318430
36 339540 60982
37 407770 117300
38 367310 402700
39 242280 41148
40 546020 132940
DEMAND_SECTION
1 0.0
2 3.0
3 9.0
4 6.0
5 7.0
6 10.0
7 7.0
8 1.0
9 10.0
10 8.0
11 6.0
12 6.0
13 3.0
14 9.0
15 1.0
16 9.0
17 10.0
18 8.0
19 8.0
20 10.0
21 9.0
22 4.0
23 5.0
24 10.0
25 2.0
26 7.0
27 8.0
28 7.0
29 5.0
30 9.0
31 7.0
32 4.0
33 4.0
34 3.0
35 4.0
36 2.0
37 10.0
38 8.0
39 4.0
40 5.0
DISTANCE_MATRIX
0.0 21.5536 3.16228 44.2899 27.313 52.1832 19.6469 28.4719 69.2474 24.6468 24.7431 60.0019 43.1688 19.0263 69.7133 34.5254 63.811 50.6015 22.3607 38.4264 34.0147 53.8053 58.4123 33.2422 30.1948 49.5068 52.3126 11.8838 43.3403 38.6306 56.0838 50.8286 64.2822 59.318 65.2251 20.307 20.0046 40.4475 48.6472 43.6108 
21.5536 0.0 24.7149 53.7125 30.0 65.236 21.6333 46.9572 52.2633 19.105 3.60555 56.6688 26.7021 29.742 54.0731 41.5933 62.2415 55.0818 17.4929 53.2407 43.3244 60.1825 62.6259 49.7738 45.0091 34.3111 37.1311 30.3691 26.8736 44.2945 61.5873 69.3139 76.637 42.3339 63.2573 11.7047 16.4924 47.5184 31.6631 32.0156 
3.16228 24.7149 0.0 43.8985 29.7321 49.0219 22.3607 27.6627 60.3433 22.2257 31.4288 57.5808 46.3301 16.0 72.8747 31.7805 61.3899 48.1041 25.4951 38.0351 31.0 53.414 60.2163 32.433 29.8035 52.6682 55.4739 11.0746 46.5017 40.3644 57.8177 50.0194 60.4229 49.3903 62.804 23.4684 17.5835 37.6563 39.3406 46.7722 
44.2899 53.7125 43.8985 0.0 24.6955 66.6108 32.2277 40.4969 98.7905 64.3924 56.9484 99.7475 68.5091 55.353 88.6877 69.8928 103.537 86.3706 39.989 12.3693 64.3962 10.0 25.0799 25.02 28.095 69.9582 72.2125 34.5114 68.6726 10.6301 19.6469 50.3587 69.1158 88.8611 104.966 45.7715 59.7502 73.6132 78.1903 57.8841 
27.313 30.0 29.7321 24.6955 0.0 71.3863 8.48528 42.9535 74.2842 46.0134 33.4215 84.4211 43.8772 45.1221 65.146 61.4003 89.9805 77.8332 15.2971 34.969 59.8415 31.1655 32.6497 37.2665 32.0599 45.8912 48.2701 28.0 44.0454 15.2971 31.7648 61.2944 77.8332 64.3549 91.0094 21.1896 41.1338 67.1863 53.6841 34.5398 
52.1832 65.236 49.0219 66.6108 71.3863 0.0 67.0522 28.4429 85.9069 51.8556 63.4341 66.1211 94.824 35.3836 119.163 32.8938 64.1249 41.1096 73.2385 55.3173 26.4008 73.9797 91.6624 41.7732 55.0416 99.5198 102.34 44.2719 91.9637 73.0068 86.1452 21.9317 13.3417 76.0592 66.1211 72.4901 49.5177 31.4006 68.8186 95.7939 
19.6469 21.6333 22.3607 32.2277 8.48528 67.0522 0.0 39.0 66.7621 37.5367 25.0 75.9444 38.0563 38.2099 61.7414 54.1295 81.5038 70.2415 9.48683 39.3147 53.1507 38.6977 41.1096 36.2897 31.0832 41.7852 44.3847 22.8035 38.2278 22.8473 39.9625 59.4054 74.686 56.8327 82.5327 14.0357 32.6571 60.0167 46.1619 32.2025 
28.4719 46.9572 27.6627 40.4969 42.9535 28.4429 39.0 0.0 77.6327 40.8962 50.1467 66.0991 68.5724 23.6015 95.1169 31.0943 67.2671 47.5079 45.793 31.0644 25.4951 49.1935 65.0 18.3848 27.2237 74.9104 77.7162 16.6433 68.7439 45.4031 60.0833 23.3238 35.8469 67.0524 69.0632 45.589 37.6847 34.7131 58.3228 68.6201 
69.2474 52.2633 60.3433 98.7905 74.2842 85.9069 66.7621 77.6327 0.0 38.1182 54.3991 34.176 36.6197 54.9181 54.037 53.2353 42.3792 53.7587 59.0647 95.7793 59.5063 105.261 105.376 91.0416 87.5477 47.0106 48.1041 69.6832 37.7359 89.4227 105.942 95.2882 99.0051 11.0 41.7612 52.6712 44.0761 56.3028 22.3607 56.8595 
24.6468 19.105 22.2257 64.3924 46.0134 51.8556 37.5367 40.8962 38.1182 0.0 16.0 38.9487 41.1251 17.4642 69.2066 23.7697 44.1022 36.0139 35.7351 58.5289 27.2029 73.9078 78.6458 52.9239 50.2974 49.9983 52.6145 31.5656 41.2967 60.0421 77.4953 58.5517 64.0703 27.1662 45.2217 30.5941 6.7082 29.4109 17.4642 50.4079 
24.7431 3.60555 31.4288 56.9484 33.4215 63.4341 25.0 50.1467 54.3991 16.0 0.0 53.3467 28.8379 28.0587 56.2089 39.0512 58.9194 52.0096 21.095 56.4302 41.2311 63.4185 66.0681 52.9633 48.1987 36.4468 39.2669 33.5586 29.0094 47.5079 64.8999 72.5034 74.9538 44.4697 59.9351 15.2315 14.3178 44.911 33.7989 34.5254 
60.0019 56.6688 57.5808 99.7475 84.4211 66.1211 75.9444 66.0991 34.176 38.9487 53.3467 0.0 62.6498 47.4131 86.5794 35.6931 8.24621 25.9615 73.7444 93.8244 42.5793 109.263 117.053 84.3881 85.6525 75.326 77.1622 66.9207 64.4981 97.8224 115.276 81.8841 79.3095 32.0156 8.0 68.9526 45.2548 35.0143 37.3631 81.5099 
43.1688 26.7021 46.3301 68.5091 43.8772 94.824 38.0563 68.5724 36.6197 41.1251 28.8379 62.6498 0.0 58.4213 30.6105 64.675 70.3491 75.1955 28.8477 74.708 68.2967 74.9792 72.7212 71.389 66.4765 13.1529 15.5242 51.9843 2.23607 59.0512 73.8918 90.9291 106.344 31.6228 70.5762 24.4155 46.359 70.245 26.0192 20.2485 
19.0263 29.742 16.0 55.353 45.1221 35.3836 38.2099 23.6015 54.9181 17.4642 28.0587 47.4131 58.4213 0.0 83.6008 16.5529 50.0 33.6155 41.3038 49.4299 15.0 64.8684 74.0244 41.8904 41.2579 64.0257 66.8458 22.5261 56.4013 54.1649 71.6182 41.257 47.0106 44.1475 51.614 39.2109 14.1421 22.1359 34.9285 61.569 
69.7133 54.0731 72.8747 88.6877 65.146 119.163 61.7414 95.1169 54.037 69.2066 56.2089 86.5794 30.6105 83.6008 0.0 91.3712 94.7629 99.368 52.3259 100.32 96.3782 94.7259 87.0057 97.2471 92.0882 20.2485 17.4929 78.5289 28.4253 78.8543 90.1388 117.474 130.683 54.7449 94.5304 49.93 74.4404 96.3598 53.8516 30.8058 
34.5254 41.5933 31.7805 69.8928 61.4003 32.8938 54.1295 31.0943 53.2353 23.7697 39.0512 35.6931 64.675 16.5529 91.3712 0.0 36.2491 17.2047 56.0357 61.5383 7.0 79.0802 90.5758 49.3833 55.7978 73.5707 76.1869 39.0776 64.8466 70.7164 89.1091 46.2709 46.1736 43.8292 38.0789 52.0865 25.1794 6.0 38.2884 73.5459 
63.811 62.2415 61.3899 103.537 89.9805 64.1249 81.5038 67.2671 42.3792 44.1022 58.9194 8.24621 70.3491 50.0 94.7629 36.2491 0.0 23.0217 79.3171 97.6144 42.72 113.053 121.491 85.5561 89.4425 83.1505 85.0529 70.7107 72.2496 101.632 119.085 81.4923 77.0065 40.1123 2.0 73.8977 50.0 34.2053 44.7214 88.8426 
50.6015 55.0818 48.1041 86.3706 77.8332 41.1096 70.2415 47.5079 53.7587 36.0139 52.0096 25.9615 75.1955 33.6155 99.368 17.2047 23.0217 0.0 71.0211 78.016 22.0227 95.5579 107.556 65.8559 72.2755 84.0718 86.5241 56.0638 73.2276 87.6963 105.587 59.1354 54.0 46.8722 25.02 66.3702 39.6232 12.8062 45.5412 86.1452 
22.3607 17.4929 25.4951 39.989 15.2971 73.2385 9.48683 45.793 59.0647 35.7351 21.095 73.7444 28.8477 41.3038 52.3259 56.0357 79.3171 71.0211 0.0 48.2467 56.2228 46.4591 46.6476 45.2217 40.0151 32.311 34.9285 29.1548 29.0192 30.5941 46.6154 67.3573 81.6333 49.536 80.3328 6.40312 31.4006 62.0322 38.8652 23.3452 
38.4264 53.2407 38.0351 12.3693 34.969 55.3173 39.3147 31.0644 95.7793 58.5289 56.4302 93.8244 74.708 49.4299 100.32 61.5383 97.6144 78.016 48.2467 0.0 56.087 18.6815 37.0135 13.6015 22.2315 80.1161 82.8333 28.6356 74.8796 21.9545 31.0644 38.1182 57.0088 84.8262 99.043 50.5727 53.8867 65.2586 74.7765 68.1577 
34.0147 43.3244 31.0 64.3962 59.8415 26.4008 53.1507 25.4951 59.5063 27.2029 41.2311 42.5793 68.2967 15.0 96.3782 7.0 42.72 22.0227 56.2228 56.087 0.0 73.6289 88.2825 43.8634 50.3465 77.1699 79.7861 36.7843 68.4683 68.4231 83.6578 39.3192 39.5601 49.7393 44.5982 52.9877 26.9258 9.21954 43.1856 75.2861 
53.8053 60.1825 53.414 10.0 31.1655 73.9797 38.6977 49.1935 105.261 73.9078 63.4185 109.263 74.9792 64.8684 94.7259 79.0802 113.053 95.5579 46.4591 18.6815 73.6289 0.0 19.9249 32.28 37.6105 76.3217 78.5175 44.0269 75.1427 16.0312 13.3417 56.0357 75.1066 95.3311 114.482 52.2415 69.2656 82.8005 84.6603 63.9531 
58.4123 62.6259 60.2163 25.0799 32.6497 91.6624 41.1096 65.0 105.376 78.6458 66.0681 117.053 72.7212 74.0244 87.0057 90.5758 121.491 107.556 46.6476 37.0135 88.2825 19.9249 0.0 50.0899 51.9222 71.0211 72.6911 55.3327 72.7324 20.5913 6.7082 75.1066 94.0213 96.1829 122.905 53.0 77.6843 96.1118 85.5121 57.5587 
33.2422 49.7738 32.433 25.02 37.2665 41.7732 36.2897 18.3848 91.0416 52.9239 52.9633 84.3881 71.389 41.8904 97.2471 49.3833 85.5561 65.8559 45.2217 13.6015 43.8634 32.28 50.0899 0.0 19.2066 77.026 79.7559 22.0227 71.542 32.7567 44.4072 25.9615 44.2832 80.0885 87.3521 47.4131 48.2817 53.0754 70.0388 68.4105 
30.1948 45.0091 29.8035 28.095 32.0599 55.0416 31.0832 27.2237 87.5477 50.2974 48.1987 85.6525 66.4765 41.2579 92.0882 55.7978 89.4425 72.2755 40.0151 22.2315 50.3465 37.6105 51.9222 19.2066 0.0 71.8845 74.6018 20.4164 66.648 32.1794 47.3113 43.2353 60.1601 76.5947 90.8711 42.3412 45.6552 59.5182 66.545 63.2228 
49.5068 34.3111 52.6682 69.9582 45.8912 99.5198 41.7852 74.9104 47.0106 49.9983 36.4468 75.326 13.1529 64.0257 20.2485 73.5707 83.1505 84.0718 32.311 80.1161 77.1699 76.3217 71.0211 77.026 71.8845 0.0 2.82843 58.3223 11.0454 60.2993 73.2462 97.2671 110.921 43.7379 83.2947 29.6816 50.6004 79.1202 39.1152 13.6015 
52.3126 37.1311 55.4739 72.2125 48.2701 102.34 44.3847 77.7162 48.1041 52.6145 39.2669 77.1622 15.5242 66.8458 17.4929 76.1869 85.0529 86.5241 34.9285 82.8333 79.7861 78.5175 72.6911 79.7559 74.6018 2.82843 0.0 61.1281 13.3417 62.514 75.1066 100.073 113.741 45.3982 85.1469 32.45 53.4205 81.7344 41.3038 15.1327 
11.8838 30.3691 11.0746 34.5114 28.0 44.2719 22.8035 16.6433 69.6832 31.5656 33.5586 66.9207 51.9843 22.5261 78.5289 39.0776 70.7107 56.0638 29.1548 28.6356 36.7843 44.0269 55.3327 22.0227 20.4164 58.3223 61.1281 0.0 52.1559 35.4733 52.9265 38.9487 52.4786 58.7302 72.1393 29.0 26.9234 44.6136 48.6805 52.0096 
43.3403 26.8736 46.5017 68.6726 44.0454 91.9637 38.2278 68.7439 37.7359 41.2967 29.0094 64.4981 2.23607 56.4013 28.4253 64.8466 72.2496 73.2276 29.0192 74.8796 68.4683 75.1427 72.7324 71.542 66.648 11.0454 13.3417 52.1559 0.0 59.2115 73.9797 91.1006 103.483 33.2415 72.4431 24.587 46.5306 70.4166 28.0713 19.2094 
38.6306 44.2945 40.3644 10.6301 15.2971 73.0068 22.8473 45.4031 89.4227 60.0421 47.5079 97.8224 59.0512 54.1649 78.8543 70.7164 101.632 87.6963 30.5941 21.9545 68.4231 16.0312 20.5913 32.7567 32.1794 60.2993 62.514 35.4733 59.2115 0.0 17.6918 58.6941 76.9415 79.4933 103.046 36.4005 57.8251 76.2524 68.8225 48.0521 
56.0838 61.5873 57.8177 19.6469 31.7648 86.1452 39.9625 60.0833 105.942 77.4953 64.8999 115.276 73.8918 71.6182 90.1388 89.1091 119.085 105.587 46.6154 31.0644 83.6578 13.3417 6.7082 44.4072 47.3113 73.2462 75.1066 52.9265 73.9797 17.6918 0.0 69.0072 88.0057 96.013 120.499 52.8015 75.2784 92.8294 85.3422 60.0333 
50.8286 69.3139 50.0194 50.3587 61.2944 21.9317 59.4054 23.3238 95.2882 58.5517 72.5034 81.8841 90.9291 41.257 117.474 46.2709 81.4923 59.1354 67.3573 38.1182 39.3192 56.0357 75.1066 25.9615 43.2353 97.2671 100.073 38.9487 91.1006 58.6941 69.0072 0.0 19.105 84.7079 83.4326 67.897 55.3402 47.2969 75.9784 90.6091 
64.2822 76.637 60.4229 69.1158 77.8332 13.3417 74.686 35.8469 99.0051 64.0703 74.9538 79.3095 106.344 47.0106 130.683 46.1736 77.0065 54.0 81.6333 57.0088 39.5601 75.1066 94.0213 44.2832 60.1601 110.921 113.741 52.4786 103.483 76.9415 88.0057 19.105 0.0 89.0 79.0063 81.3993 61.0967 44.7214 81.3019 104.43 
59.318 42.3339 49.3903 88.8611 64.3549 76.0592 56.8327 67.0524 11.0 27.1662 44.4697 32.0156 31.6228 44.1475 54.7449 43.8292 40.1123 46.8722 49.536 84.8262 49.7393 95.3311 96.1829 80.0885 76.5947 43.7379 45.3982 58.7302 33.2415 79.4933 96.013 84.7079 89.0 0.0 40.0125 43.2159 33.0822 47.5079 11.7047 51.6689 
65.2251 63.2573 62.804 104.966 91.0094 66.1211 82.5327 69.0632 41.7612 45.2217 59.9351 8.0 70.5762 51.614 94.5304 38.0789 2.0 25.02 80.3328 99.043 44.5982 114.482 122.905 87.3521 90.8711 83.2947 85.1469 72.1393 72.4431 103.046 120.499 83.4326 79.0063 40.0125 0.0 74.9135 51.225 36.1386 45.1221 89.2693 
20.307 11.7047 23.4684 45.7715 21.1896 72.4901 14.0357 45.589 52.6712 30.5941 15.2315 68.9526 24.4155 39.2109 49.93 52.0865 73.8977 66.3702 6.40312 50.5727 52.9877 52.2415 53.0 47.4131 42.3412 29.6816 32.45 29.0 24.587 36.4005 52.8015 67.897 81.3993 43.2159 74.9135 0.0 27.0 58.0775 32.5451 23.3238 
20.0046 16.4924 17.5835 59.7502 41.1338 49.5177 32.6571 37.6847 44.0761 6.7082 14.3178 45.2548 46.359 14.1421 74.4404 25.1794 50.0 39.6232 31.4006 53.8867 26.9258 69.2656 77.6843 48.2817 45.6552 50.6004 53.4205 26.9234 46.5306 57.8251 75.2784 55.3402 61.0967 33.0822 51.225 27.0 0.0 31.1448 22.9283 48.5077 
40.4475 47.5184 37.6563 73.6132 67.1863 31.4006 60.0167 34.7131 56.3028 29.4109 44.911 35.0143 70.245 22.1359 96.3598 6.0 34.2053 12.8062 62.0322 65.2586 9.21954 82.8005 96.1118 53.0754 59.5182 79.1202 81.7344 44.6136 70.4166 76.2524 92.8294 47.2969 44.7214 47.5079 36.1386 58.0775 31.1448 0.0 43.0116 79.4292 
48.6472 31.6631 39.3406 78.1903 53.6841 68.8186 46.1619 58.3228 22.3607 17.4642 33.7989 37.3631 26.0192 34.9285 53.8516 38.2884 44.7214 45.5412 38.8652 74.7765 43.1856 84.6603 85.5121 70.0388 66.545 39.1152 41.3038 48.6805 28.0713 68.8225 85.3422 75.9784 81.3019 11.7047 45.1221 32.5451 22.9283 43.0116 0.0 44.1481 
43.6108 32.0156 46.7722 57.8841 34.5398 95.7939 32.2025 68.6201 56.8595 50.4079 34.5254 81.5099 20.2485 61.569 30.8058 73.5459 88.8426 86.1452 23.3452 68.1577 75.2861 63.9531 57.5587 68.4105 63.2228 13.6015 15.1327 52.0096 19.2094 48.0521 60.0333 90.6091 104.43 51.6689 89.2693 23.3238 48.5077 79.4292 44.1481 0.0 
DEMAND_SCENARIO_SECTION
0 0 0 0 0 0 0 0 0 0 0 0 0 0 0 0 0 0 0 0 0 0 0 0 0 0 0 0 0 0 0 0 0 0 0 0 0 0 0 0 0 0 0 0 0 0 0 0 0 0 
4 1 4 3 2 5 4 3 4 4 2 2 2 3 3 3 6 3 4 3 3 3 5 3 1 3 2 2 4 3 5 2 2 7 5 1 2 0 4 3 4 1 3 4 0 3 3 4 4 4 
8 2 13 6 9 14 10 3 12 8 9 10 9 12 13 9 8 10 8 9 6 3 16 5 8 3 13 7 10 9 9 8 9 8 14 8 13 6 7 10 7 12 9 9 8 5 9 10 5 10 
9 2 9 4 9 6 2 5 3 7 4 6 5 11 6 8 7 4 4 6 10 5 8 5 9 7 7 4 3 3 5 3 6 5 8 8 6 5 4 4 3 11 9 7 9 8 1 5 6 4 
5 8 8 3 1 5 5 3 6 7 13 6 6 8 8 13 9 6 9 4 2 5 8 6 6 3 9 7 7 7 9 2 7 4 7 9 3 12 5 9 10 10 9 8 4 9 1 11 6 11 
6 13 11 15 10 7 9 8 11 10 5 10 16 8 11 10 16 9 6 8 14 13 9 10 12 10 11 21 2 9 10 12 7 9 14 5 14 12 12 10 13 13 11 11 11 3 12 7 10 15 
8 13 6 7 6 12 9 5 6 2 10 5 5 0 10 6 6 9 7 4 7 8 9 2 4 10 6 5 6 7 8 8 7 6 7 4 9 9 11 6 5 9 6 6 8 5 5 11 9 6 
1 0 2 0 2 2 0 1 2 1 2 0 0 0 0 0 1 1 1 2 0 0 0 1 2 3 2 0 0 1 0 3 1 3 0 0 0 1 4 0 3 1 0 0 1 2 1 1 3 0 
12 11 11 10 9 12 12 8 19 7 11 17 9 11 12 17 14 10 16 13 14 11 5 11 11 7 5 6 4 8 10 14 5 14 13 4 18 9 9 12 14 18 8 16 13 13 9 13 1 8 
10 11 8 7 9 6 11 8 8 14 12 2 9 8 12 7 3 10 7 3 11 3 9 10 13 7 10 7 6 12 2 7 5 8 7 6 10 10 6 7 11 11 6 8 9 7 9 9 9 12 
4 8 4 8 10 8 5 4 9 3 6 6 3 6 4 3 8 7 4 4 10 7 12 6 6 1 8 5 4 11 4 6 7 6 6 7 2 8 5 7 8 3 5 6 7 5 6 9 8 6 
9 10 6 6 4 8 8 5 1 4 2 9 6 8 3 9 7 5 2 12 6 3 6 6 10 3 6 8 8 6 3 5 9 11 8 9 9 3 4 4 8 6 6 4 3 10 8 7 2 6 
2 3 3 4 6 3 3 5 4 4 0 4 0 5 1 1 2 1 3 2 0 3 2 0 1 2 6 3 3 2 7 3 0 6 6 1 2 3 2 2 3 2 4 2 3 3 1 3 1 0 
9 4 11 6 6 7 10 10 11 10 7 9 2 5 12 8 9 14 3 4 12 8 8 9 7 6 7 13 6 5 12 10 2 13 7 4 16 9 16 11 14 12 11 2 10 5 13 8 10 6 
0 1 1 2 0 0 0 0 1 0 1 0 2 3 1 1 0 0 0 1 0 0 0 1 2 1 1 0 0 0 1 1 1 2 1 2 0 0 0 2 0 1 0 2 0 0 0 1 2 1 
4 11 7 12 9 7 8 6 5 4 10 2 11 7 8 11 9 10 10 5 8 8 3 10 8 9 10 15 14 6 4 6 14 13 8 13 8 14 12 7 8 6 8 14 11 11 11 12 9 8 
11 13 11 9 19 10 14 14 7 15 12 9 9 7 11 18 9 11 6 17 8 13 7 8 4 12 13 7 6 13 12 5 7 13 9 13 9 6 9 2 9 11 12 13 12 10 9 11 10 11 
11 13 4 14 9 12 11 6 14 6 9 7 5 10 8 8 7 7 6 6 10 7 7 9 6 4 7 8 13 8 7 7 1 7 7 8 7 5 9 9 10 10 7 5 11 8 5 8 4 7 
12 11 10 4 10 8 5 10 10 8 11 9 2 5 10 7 8 14 7 5 8 5 13 3 10 7 7 2 5 9 11 8 10 8 7 6 11 8 9 12 10 2 8 8 8 7 4 9 10 13 
8 4 12 9 10 15 10 11 15 15 9 9 13 16 5 4 12 15 12 10 11 8 7 8 7 8 11 12 11 8 16 10 6 5 8 11 13 3 9 11 11 9 10 12 3 9 7 16 11 9 
10 10 9 5 5 9 11 14 12 8 9 8 10 5 11 7 2 11 11 7 11 6 13 7 7 16 7 7 8 7 9 12 7 9 5 11 10 10 12 10 9 11 13 10 10 13 10 10 8 9 
2 1 4 4 4 0 4 3 3 3 7 6 6 2 2 2 3 4 5 7 4 1 1 5 4 3 5 0 4 3 5 2 3 2 3 5 4 6 4 5 1 4 2 6 4 4 5 4 3 7 
2 4 6 4 6 4 2 4 9 7 5 10 3 7 8 5 8 3 4 1 7 3 4 7 4 1 4 9 7 7 5 7 7 8 5 4 4 0 4 8 4 8 6 4 8 4 4 6 3 3 
16 14 7 11 8 7 3 11 6 5 8 10 12 8 11 14 9 7 9 8 6 9 13 11 8 9 13 9 15 10 8 14 6 11 13 10 9 10 9 4 18 11 5 11 11 12 11 9 7 12 
2 0 2 2 0 4 2 4 1 2 3 0 0 1 4 1 0 3 4 2 4 0 0 3 4 4 3 0 1 0 2 4 5 4 3 2 2 3 2 3 3 5 0 5 2 2 1 2 4 1 
4 11 4 6 10 2 13 9 5 11 8 10 8 5 9 6 9 9 8 8 2 6 7 1 2 3 10 10 11 4 7 2 9 6 4 12 8 10 5 6 4 9 8 8 3 7 9 6 7 9 
9 11 10 7 9 4 4 10 3 14 4 6 8 5 3 7 14 10 7 6 2 3 5 10 13 9 6 15 6 4 13 5 6 12 8 7 5 10 5 10 10 7 2 6 12 7 9 8 7 3 
6 6 6 7 7 7 6 5 7 6 9 8 6 9 6 6 1 4 3 7 3 11 11 5 11 9 8 7 7 6 12 8 12 5 6 12 7 11 9 8 4 7 5 5 9 9 11 7 11 6 
7 2 3 5 9 6 5 8 4 5 4 5 4 0 7 6 6 1 5 4 4 7 10 8 0 3 3 3 6 5 6 7 2 5 4 10 6 3 4 6 3 7 6 3 4 4 6 5 2 7 
10 12 6 12 13 7 13 4 11 5 11 13 10 13 12 15 2 12 10 8 7 7 18 6 11 7 7 15 11 10 6 10 13 9 11 5 8 13 9 7 7 6 4 13 8 0 8 8 7 10 
5 7 5 6 7 8 13 7 2 3 7 1 3 4 8 6 7 6 7 4 6 7 8 6 7 6 8 9 9 7 7 9 12 10 11 7 11 8 5 8 11 9 3 13 6 6 10 8 8 6 
4 5 3 4 6 6 2 0 2 5 5 4 4 3 6 8 6 4 2 2 5 5 3 2 1 0 5 4 2 4 2 3 1 7 2 4 3 5 6 3 0 4 8 6 4 3 4 2 4 3 
5 3 4 5 2 8 7 5 3 4 6 3 2 3 5 5 5 4 5 4 1 5 4 3 3 3 4 6 3 4 0 2 9 5 6 8 6 3 5 4 1 2 3 0 4 4 5 3 4 0 
2 2 5 6 5 1 5 2 3 5 4 0 5 2 2 1 5 4 1 6 4 3 3 2 5 2 4 2 0 2 2 2 6 0 0 3 3 1 2 4 4 0 5 3 5 2 3 3 3 2 
4 3 2 2 1 5 7 6 4 4 5 5 1 3 4 3 5 6 4 5 2 4 1 2 4 3 3 3 5 5 4 2 4 2 4 6 7 5 3 1 3 2 6 2 1 2 0 2 5 4 
2 2 6 4 3 2 4 3 4 2 0 2 0 1 2 4 3 0 2 3 3 4 0 1 2 2 1 1 1 2 2 0 5 1 2 3 1 3 2 1 2 3 4 4 1 4 3 2 3 5 
10 8 15 10 9 9 6 14 8 7 15 8 8 11 4 6 5 11 5 13 6 14 5 11 8 6 7 5 11 10 10 11 9 13 19 11 8 5 14 5 9 10 9 17 9 11 9 18 9 11 
8 14 9 5 6 11 2 6 9 9 7 6 12 4 10 10 5 8 6 7 4 6 12 11 7 7 6 9 6 8 12 7 11 10 7 4 6 10 14 9 5 3 8 4 15 9 4 7 7 7 
6 4 3 3 5 2 2 7 6 4 3 6 3 2 1 4 5 9 2 7 1 7 6 3 2 8 6 4 6 3 3 3 5 7 3 0 3 0 4 6 4 2 4 4 4 2 4 6 4 5 
4 8 5 3 2 7 2 3 3 3 6 5 4 6 4 7 4 8 1 5 8 1 1 2 6 9 5 4 7 4 7 5 6 4 7 5 2 9 6 5 4 5 5 6 7 4 8 4 3 0 
DEPOT_SECTION
 1
 -1
EOF
