NAME  : Parada_40_6_0.95_1.00_1
TYPE : SVRP
MODEL : FINITE_SUPPORT
NUMBER_OF_SCENARIOS : 50
DIMENSION : 40
EDGE_WEIGHT_TYPE : MATRIX
CAPACITY : 35
N_VEHICLES : 6
NODE_COORD_SECTION
1 105230 316650
2 451670 442920
3 115810 196700
4 169360 727690
5 296900 408380
6 154100 646820
7 2448 464430
8 324880 51906
9 485420 148090
10 206890 38737
11 279140 532550
12 401890 425290
13 229210 771850
14 612070 273310
15 414910 422810
16 422800 350510
17 264300 1893
18 159140 679100
19 315580 193000
20 68694 43850
21 436040 538710
22 27 540650
23 462210 173270
24 91905 372690
25 32419 106730
26 249090 164880
27 441710 586590
28 281550 410820
29 116140 18
30 224550 731440
31 294400 643110
32 254130 20141
33 167740 102000
34 187580 242150
35 375770 171310
36 522390 170090
37 262790 135860
38 300280 76490
39 44732 46397
40 241510 171670
DEMAND_SECTION
1 0.0
2 2.0
3 6.0
4 8.0
5 2.0
6 3.0
7 8.0
8 9.0
9 6.0
10 8.0
11 6.0
12 3.0
13 8.0
14 3.0
15 3.0
16 6.0
17 7.0
18 1.0
19 4.0
20 4.0
21 3.0
22 7.0
23 2.0
24 7.0
25 1.0
26 4.0
27 8.0
28 4.0
29 2.0
30 1.0
31 2.0
32 10.0
33 5.0
34 2.0
35 8.0
36 8.0
37 10.0
38 8.0
39 3.0
40 10.0
DISTANCE_MATRIX
0.0 37.1239 14.1421 48.8689 25.6385 41.3401 26.6201 55.0 52.7076 34.0147 28.0713 42.5806 55.7584 67.5405 41.3261 45.4409 45.1885 44.7772 59.6615 47.1699 42.5592 38.9344 52.4018 41.1251 42.19 64.3506 43.6578 23.478 54.4933 56.6769 44.1814 48.7647 25.2982 75.4321 51.713 50.7076 31.241 42.638 49.0408 64.3817 
37.1239 0.0 45.6766 57.2713 17.6918 48.0521 55.7155 69.4622 43.9224 57.1308 23.1948 8.06226 59.2368 37.1214 8.48528 16.2788 66.2724 45.8803 64.6613 75.0004 12.6491 65.4427 47.823 70.7279 73.0068 73.0982 18.868 17.0294 85.1098 64.2884 34.6699 68.0294 51.8652 80.2425 55.7206 38.0927 45.0111 58.0345 77.4919 72.4772 
14.1421 45.6766 0.0 62.332 29.316 54.8232 38.2091 43.1393 48.0937 20.8087 42.0 47.1153 69.2257 63.6013 45.0767 43.7131 31.9061 58.5337 51.0784 33.0606 55.5065 52.3259 47.0425 43.2703 28.6356 53.8238 56.5191 36.0231 45.5932 70.14 58.3095 35.805 11.6619 65.8635 43.9659 46.1361 22.8035 31.4006 35.0 54.0833 
48.8689 57.2713 62.332 0.0 51.1245 9.21954 31.0483 103.828 99.3292 82.7157 34.2053 65.0 10.0499 93.6056 64.56 65.8699 93.8955 13.6015 108.076 91.0066 52.0 26.3059 103.23 46.3897 83.4865 112.854 46.1736 48.964 66.6108 7.81025 27.8927 97.5604 73.8215 123.848 99.7756 93.4995 79.6658 91.4048 92.1141 112.854 
25.6385 17.6918 29.316 51.1245 0.0 42.25 44.23 59.4643 50.9417 43.0116 19.4165 21.0238 55.6068 46.1611 19.3132 17.9721 53.3385 42.5279 59.6441 59.6825 26.2488 56.5444 54.8423 59.2425 56.7528 66.1139 29.0689 2.23607 73.6244 58.7577 36.2353 55.9017 36.3456 75.885 51.2727 45.112 33.8378 47.1275 61.9839 65.8589 
41.3401 48.0521 54.8232 9.21954 42.25 0.0 28.0179 96.2601 90.4547 75.2042 25.0 55.7853 14.4222 84.4334 55.3624 56.8175 86.384 7.2111 101.713 86.2576 43.0465 27.2947 94.3553 46.4866 79.5271 105.239 37.4833 40.0895 66.4831 16.5529 20.1246 90.05 66.31 116.233 93.3411 83.9573 72.051 83.8153 87.6649 105.239 
26.6201 55.7155 38.2091 31.0483 44.23 28.0179 0.0 77.1173 79.2985 54.1102 40.0127 61.1721 40.6079 94.1313 59.9176 59.4651 64.16 34.3657 86.2523 60.3738 59.4726 12.6491 78.9926 21.2603 52.5547 90.9703 58.2582 42.0696 39.8121 37.6962 42.1285 68.4834 45.6643 102.024 78.3039 77.2985 57.8414 69.2333 61.327 90.9989 
55.0 69.4622 43.1393 103.828 59.4643 96.2601 77.1173 0.0 37.1214 23.0217 78.5899 65.0077 110.68 57.6975 63.0317 53.2353 14.3178 99.1748 18.868 29.1548 81.8841 87.9428 32.249 78.2624 37.054 13.0384 86.9425 61.6847 74.5252 111.636 95.5182 10.0499 32.0156 26.1725 20.2485 40.4969 25.632 12.53 31.4006 14.0 
52.7076 43.9224 48.0937 99.3292 50.9417 90.4547 79.2985 37.1214 0.0 41.1825 65.3086 36.7151 102.512 20.6155 35.5106 36.3642 43.1393 89.1623 23.0217 58.4123 56.0803 91.6128 5.09902 89.5299 62.2656 34.2345 62.7112 51.5048 91.7824 106.962 78.1216 41.8688 43.9659 37.108 17.088 5.83095 27.5136 31.8277 61.2209 33.1361 
34.0147 57.1308 20.8087 82.7157 43.0116 75.2042 54.1102 23.0217 41.1825 0.0 60.2084 55.0322 89.6094 58.7963 52.8203 42.3792 11.1803 78.7909 35.1283 18.868 68.3593 64.9356 38.0789 55.5428 21.095 34.9285 72.0069 45.0444 54.037 90.5237 77.1298 15.0 9.21954 47.7598 30.2655 41.4005 14.8661 13.1529 21.6333 35.4683 
28.0713 23.1948 42.0 34.2053 19.4165 25.0 40.0127 78.5899 65.3086 60.2084 0.0 30.8058 37.2156 59.4643 30.3645 32.339 71.1332 23.8537 78.8562 75.0267 21.0238 42.5357 69.2092 55.0279 70.2567 85.3261 18.3848 17.2047 70.8025 41.4367 17.088 74.6501 52.345 95.0972 70.4848 59.4789 52.9633 66.1797 77.0 85.0711 
42.5806 8.06226 47.1153 65.0 21.0238 55.7853 61.1721 65.0077 36.7151 55.0322 30.8058 0.0 67.2309 29.0689 2.23607 12.6491 63.3482 53.8516 57.5848 73.6704 19.4165 73.4865 40.7185 76.1846 74.3117 67.5779 26.2488 21.1896 90.5665 72.1249 42.72 64.6297 52.1411 73.1642 49.544 30.8869 41.7732 54.231 76.3441 66.7935 
55.7584 59.2368 69.2257 10.0499 55.6068 14.4222 40.6079 110.68 102.512 89.6094 37.2156 67.2309 0.0 96.2549 67.1193 69.5426 100.789 13.4164 115.069 100.151 51.9711 36.3456 107.712 56.4358 92.7204 119.649 45.3982 53.4135 76.6551 8.60233 26.1725 104.454 80.7151 131.31 106.698 96.6825 86.4602 98.2293 101.264 119.649 
67.5405 37.1214 63.6013 93.6056 46.1611 84.4334 94.1313 57.6975 20.6155 58.7963 59.4643 29.0689 96.2549 0.0 29.1548 31.5995 62.6259 82.8553 42.9535 77.0779 47.0106 106.446 25.632 108.636 79.6492 54.3415 54.2033 46.7241 106.966 100.901 71.6938 61.8547 59.7995 55.0091 37.6962 17.8045 44.0454 51.4004 79.9062 53.1507 
41.3261 8.48528 45.0767 64.56 19.3132 55.3624 59.9176 63.0317 35.5106 52.8203 30.3645 2.23607 67.1193 29.1548 0.0 10.4403 61.1882 53.7122 56.2519 71.4585 20.5913 72.232 39.4136 74.9301 72.4987 66.245 27.2029 19.6469 89.312 71.7844 43.0116 62.514 49.9292 71.8331 48.2111 29.6816 39.6232 52.1536 74.1322 65.4606 
45.4409 16.2788 43.7131 65.8699 17.9721 56.8175 59.4651 53.2353 36.3642 42.3792 32.339 12.6491 69.5426 31.5995 10.4403 0.0 50.8035 56.1927 48.1154 61.0213 28.8617 71.7795 40.2647 75.4913 60.9856 56.921 34.5398 18.5352 89.1937 73.3698 47.4236 52.2398 39.492 64.4562 39.5472 30.5345 29.2746 42.0119 63.695 56.3037 
45.1885 66.2724 31.9061 93.8955 53.3385 86.384 64.16 14.3178 43.1393 11.1803 71.1332 63.3482 100.789 62.6259 61.1882 50.8035 0.0 89.9611 30.8058 16.1555 78.0256 74.9854 39.0512 64.4981 23.0217 27.2947 82.0975 55.4437 60.208 101.42 88.0709 4.47214 20.2485 40.4475 28.6531 44.8219 21.587 11.3137 18.7883 28.1603 
44.7772 45.8803 58.5337 13.6015 42.5279 7.2111 34.3657 99.1748 89.1623 78.7909 23.8537 53.8516 13.4164 82.8553 53.7122 56.1927 89.9611 0.0 101.99 90.7462 39.2046 34.4819 93.0629 53.4883 84.1724 108.46 33.0 40.3609 73.3757 19.0263 14.3178 93.4719 70.0071 118.231 93.619 83.3326 74.9221 86.6955 92.1954 108.205 
59.6615 64.6613 51.0784 108.076 59.6441 101.713 86.2523 18.868 23.0217 35.1283 78.8562 57.5848 115.069 42.9535 56.2519 48.1154 30.8058 101.99 0.0 46.8402 76.8257 97.0696 18.0 89.6029 53.6004 11.4018 82.6394 61.8766 89.1403 115.884 94.9434 27.5136 42.2019 16.4012 8.60233 28.0713 28.6531 22.0227 49.3356 10.198 
47.1699 75.0004 33.0606 91.0066 59.6825 86.2576 60.3738 29.1548 58.4123 18.868 75.0267 73.6704 100.151 77.0779 71.4585 61.0213 16.1555 90.7462 46.8402 0.0 85.703 69.8928 54.6443 55.9017 9.43398 42.0476 88.6848 61.5224 47.5395 97.9898 91.351 19.4165 23.3452 55.0 44.7214 59.4138 33.6006 26.9258 2.82843 43.1045 
42.5592 12.6491 55.5065 52.0 26.2488 43.0465 59.4726 81.8841 56.0803 68.3593 21.0238 19.4165 51.9711 47.0106 20.5913 28.8617 78.0256 39.2046 76.8257 85.703 0.0 62.9908 59.9874 74.4878 82.9433 85.7351 7.2111 24.6982 89.8721 58.2151 25.9615 80.0256 62.3699 92.4069 68.3576 50.2494 57.0789 70.2567 88.0738 85.1141 
38.9344 65.4427 52.3259 26.3059 56.5444 27.2947 12.6491 87.9428 91.6128 64.9356 42.5357 73.4865 36.3456 106.446 72.232 71.7795 74.9854 34.4819 97.0696 69.8928 62.9908 0.0 91.3069 20.0998 61.4003 99.7423 58.7719 54.3839 40.3113 31.0644 45.2769 79.3089 56.4897 112.841 90.6182 89.6128 68.6587 77.4561 70.4911 100.206 
52.4018 47.823 47.0425 103.23 54.8423 94.3553 78.9926 32.249 5.09902 38.0789 69.2092 40.7185 107.712 25.632 39.4136 40.2647 39.0512 93.0629 18.0 54.6443 59.9874 91.3069 0.0 87.9358 59.0339 29.1548 66.6118 55.4053 89.9444 110.863 82.2901 37.4833 41.7732 32.573 12.083 10.198 25.318 27.8029 57.4282 28.0713 
41.1251 70.7279 43.2703 46.3897 59.2425 46.4866 21.2603 78.2624 89.5299 55.5428 55.0279 76.1846 56.4358 108.636 74.9301 75.4913 64.4981 53.4883 89.6029 55.9017 74.4878 20.0998 87.9358 0.0 46.669 90.471 73.2734 57.082 20.2237 51.0 62.5149 68.9638 47.4342 103.247 83.2928 91.8036 62.7851 68.352 55.8659 91.0 
42.19 73.0068 28.6356 83.4865 56.7528 79.5271 52.5547 37.054 62.2656 21.095 70.2567 74.3117 92.7204 79.6492 72.4987 60.9856 23.0217 84.1724 53.6004 9.43398 82.9433 61.4003 59.0339 46.669 0.0 50.0899 85.1539 58.5495 38.2753 90.2497 86.0 27.0185 21.6333 63.1981 50.2892 62.426 35.609 32.28 9.21954 51.0392 
64.3506 73.0982 53.8238 112.854 66.1139 105.239 90.9703 13.0384 34.2345 34.9285 85.3261 67.5779 119.649 54.3415 66.245 56.921 27.2947 108.46 11.4018 42.0476 85.7351 99.7423 29.1548 90.471 50.0899 0.0 91.4166 68.3465 87.4757 120.662 102.301 23.0868 43.4166 13.1529 18.1108 39.0128 33.3017 22.4722 44.1814 1.41421 
43.6578 18.868 56.5191 46.1736 29.0689 37.4833 58.2582 86.9425 62.7112 72.0069 18.3848 26.2488 45.3982 54.2033 27.2029 34.5398 82.0975 33.0 82.6394 88.6848 7.2111 58.7719 66.6118 73.2734 85.1539 91.4166 0.0 27.1662 89.0225 52.0096 19.2354 84.3801 65.3758 99.0313 74.0711 56.8815 61.668 75.0029 90.9529 90.824 
23.478 17.0294 36.0231 48.964 2.23607 40.0895 42.0696 61.6847 51.5048 45.0444 17.2047 21.1896 53.4135 46.7241 19.6469 18.5352 55.4437 40.3609 61.8766 61.5224 24.6982 54.3839 55.4053 57.082 58.5495 68.3465 27.1662 0.0 71.4639 56.5972 34.0 58.0517 38.2099 78.1176 53.5052 45.675 36.0555 49.3356 63.7925 68.0915 
54.4933 85.1098 45.5932 66.6108 73.6244 66.4831 39.8121 74.5252 91.7824 54.037 70.8025 90.5665 76.6551 106.966 89.312 89.1937 60.208 73.3757 89.1403 47.5395 89.8721 40.3113 89.9444 20.2237 38.2753 87.4757 89.0225 71.4639 0.0 71.0634 81.819 64.5368 48.2597 100.623 84.0238 90.1298 64.6297 67.1193 46.5188 88.2836 
56.6769 64.2884 70.14 7.81025 58.7577 16.5529 37.6962 111.636 106.962 90.5237 41.4367 72.1249 8.60233 100.901 71.7844 73.3698 101.42 19.0263 115.884 97.9898 58.2151 31.0644 110.863 51.0 90.2497 120.662 52.0096 56.5972 71.0634 0.0 33.0606 105.368 82.9243 131.656 107.936 101.133 87.4738 99.2128 99.0051 120.662 
44.1814 34.6699 58.3095 27.8927 36.2353 20.1246 42.1285 95.5182 78.1216 77.1298 17.088 42.72 26.1725 71.6938 43.0116 47.4236 88.0709 14.3178 94.9434 91.351 25.9615 45.2769 82.2901 62.5149 86.0 102.301 19.2354 34.0 81.819 33.0606 0.0 91.2572 69.0507 111.284 86.3751 72.2919 69.8916 83.108 93.1933 102.046 
48.7647 68.0294 35.805 97.5604 55.9017 90.05 68.4834 10.0499 41.8688 15.0 74.6501 64.6297 104.454 61.8547 62.514 52.2398 4.47214 93.4719 27.5136 19.4165 80.0256 79.3089 37.4833 68.9638 27.0185 23.0868 84.3801 58.0517 64.5368 105.368 91.2572 0.0 24.2074 36.2215 26.4008 44.1022 23.0217 10.7703 21.8403 24.0208 
25.2982 51.8652 11.6619 73.8215 36.3456 66.31 45.6643 32.0156 43.9659 9.21954 52.345 52.1411 80.7151 59.7995 49.9292 39.492 20.2485 70.0071 42.2019 23.3452 62.3699 56.4897 41.7732 47.4342 21.6333 43.4166 65.3758 38.2099 48.2597 82.9243 69.0507 24.2074 0.0 55.9464 36.1248 42.9535 16.4924 21.0238 25.7099 43.8292 
75.4321 80.2425 65.8635 123.848 75.885 116.233 102.024 26.1725 37.108 47.7598 95.0972 73.1642 131.31 55.0091 71.8331 64.4562 40.4475 118.231 16.4012 55.0 92.4069 112.841 32.573 103.247 63.1981 13.1529 99.0313 78.1176 100.623 131.656 111.284 36.2215 55.9464 0.0 25.0 42.72 44.2041 34.9285 57.0351 12.3693 
51.713 55.7206 43.9659 99.7756 51.2727 93.3411 78.3039 20.2485 17.088 30.2655 70.4848 49.544 106.698 37.6962 48.2111 39.5472 28.6531 93.619 8.60233 44.7214 68.3576 90.6182 12.083 83.2928 50.2892 18.1108 74.0711 53.5052 84.0238 107.936 86.3751 26.4008 36.1248 25.0 0.0 21.2132 21.1896 18.0278 47.4131 17.2627 
50.7076 38.0927 46.1361 93.4995 45.112 83.9573 77.2985 40.4969 5.83095 41.4005 59.4789 30.8869 96.6825 17.8045 29.6816 30.5345 44.8219 83.3326 28.0713 59.4138 50.2494 89.6128 10.198 91.8036 62.426 39.0128 56.8815 45.675 90.1298 101.133 72.2919 44.1022 42.9535 42.72 21.2132 0.0 26.9258 33.6006 62.2415 38.0 
31.241 45.0111 22.8035 79.6658 33.8378 72.051 57.8414 25.632 27.5136 14.8661 52.9633 41.7732 86.4602 44.0454 39.6232 29.2746 21.587 74.9221 28.6531 33.6006 57.0789 68.6587 25.318 62.7851 35.609 33.3017 61.668 36.0555 64.6297 87.4738 69.8916 23.0217 16.4924 44.2041 21.1896 26.9258 0.0 13.3417 36.4005 33.2415 
42.638 58.0345 31.4006 91.4048 47.1275 83.8153 69.2333 12.53 31.8277 13.1529 66.1797 54.231 98.2293 51.4004 52.1536 42.0119 11.3137 86.6955 22.0227 26.9258 70.2567 77.4561 27.8029 68.352 32.28 22.4722 75.0029 49.3356 67.1193 99.2128 83.108 10.7703 21.0238 34.9285 18.0278 33.6006 13.3417 0.0 29.6816 22.8254 
49.0408 77.4919 35.0 92.1141 61.9839 87.6649 61.327 31.4006 61.2209 21.6333 77.0 76.3441 101.264 79.9062 74.1322 63.695 18.7883 92.1954 49.3356 2.82843 88.0738 70.4911 57.4282 55.8659 9.21954 44.1814 90.9529 63.7925 46.5188 99.0051 93.1933 21.8403 25.7099 57.0351 47.4131 62.2415 36.4005 29.6816 0.0 45.2769 
64.3817 72.4772 54.0833 112.854 65.8589 105.239 90.9989 14.0 33.1361 35.4683 85.0711 66.7935 119.649 53.1507 65.4606 56.3037 28.1603 108.205 10.198 43.1045 85.1141 100.206 28.0713 91.0 51.0392 1.41421 90.824 68.0915 88.2836 120.662 102.046 24.0208 43.8292 12.3693 17.2627 38.0 33.2415 22.8254 45.2769 0.0 
DEMAND_SCENARIO_SECTION
0 0 0 0 0 0 0 0 0 0 0 0 0 0 0 0 0 0 0 0 0 0 0 0 0 0 0 0 0 0 0 0 0 0 0 0 0 0 0 0 0 0 0 0 0 0 0 0 0 0 
3 1 0 2 1 2 3 4 0 1 4 5 2 1 0 2 1 0 2 4 1 2 3 2 3 2 3 1 2 0 4 2 1 1 1 4 2 3 4 4 1 5 2 4 1 1 4 1 0 2 
8 7 8 8 6 5 6 0 3 7 5 5 5 6 2 9 5 12 9 7 4 6 5 8 6 5 5 9 7 11 3 7 5 5 7 8 3 2 9 1 4 8 7 3 6 3 5 6 7 4 
7 6 11 6 6 8 4 9 9 8 11 5 4 11 5 10 12 6 8 4 7 7 8 4 7 9 8 12 6 10 3 8 5 10 9 5 14 7 11 6 9 5 5 6 11 9 9 5 8 8 
2 2 1 3 2 2 2 4 1 3 2 0 4 0 1 2 2 1 2 0 2 2 0 3 3 4 4 3 5 2 1 2 4 0 1 3 2 3 1 2 2 1 1 1 5 0 3 4 0 3 
2 0 4 1 4 1 6 6 3 6 3 2 1 4 3 4 3 1 3 5 5 3 1 3 3 3 2 2 1 2 1 5 6 7 5 0 7 0 3 6 2 1 2 4 5 1 3 8 3 1 
8 10 10 10 7 4 8 9 11 17 5 9 8 7 8 6 7 5 7 6 8 11 6 10 8 7 8 12 7 10 14 10 6 3 6 10 9 10 12 8 5 5 8 12 5 11 9 11 9 6 
6 7 10 5 7 6 6 7 9 8 7 10 2 5 8 12 9 4 8 9 12 10 10 6 9 10 11 16 9 10 11 6 11 9 9 7 13 9 8 10 8 12 11 13 11 9 10 14 5 13 
10 7 5 7 7 3 5 5 10 4 3 5 6 5 5 8 6 0 5 9 9 2 6 5 5 8 3 3 8 8 4 7 4 3 6 2 12 5 7 7 5 8 8 5 7 6 8 7 5 3 
10 10 8 7 10 15 6 6 13 11 4 6 3 4 8 7 9 9 10 5 4 7 10 5 6 5 13 9 6 12 7 9 11 9 9 3 5 11 4 7 5 8 8 10 10 8 4 10 9 2 
6 8 8 8 8 5 8 2 7 5 5 3 9 7 7 3 5 10 6 9 7 5 9 6 3 4 3 7 3 6 6 9 6 4 6 7 6 9 5 7 6 6 7 6 8 5 10 9 8 4 
2 3 6 2 4 3 1 3 2 1 0 4 4 4 3 2 6 5 2 2 1 5 3 4 4 2 6 3 2 0 0 5 1 3 2 4 4 7 6 5 2 2 5 0 5 3 1 2 3 6 
4 9 5 11 6 15 9 11 4 3 2 5 6 7 8 5 9 9 10 7 9 5 7 6 7 13 10 9 6 4 3 5 7 7 6 11 8 5 8 6 8 10 13 12 6 9 9 7 4 8 
4 2 1 3 4 5 0 2 1 3 2 1 3 3 5 3 2 6 0 6 5 3 0 5 4 5 2 4 1 7 3 3 0 1 2 8 3 4 5 4 2 7 3 4 0 6 0 0 5 1 
0 5 3 2 0 4 1 3 3 4 4 1 6 5 5 5 4 4 2 4 2 3 2 2 0 1 0 0 2 0 3 4 1 2 5 4 4 5 3 3 2 3 3 2 4 2 4 6 4 0 
2 6 7 7 8 6 6 8 6 9 4 11 8 5 0 5 5 8 0 8 10 3 8 9 7 2 6 8 1 7 8 6 3 3 0 5 8 10 9 3 8 4 6 8 6 9 5 6 9 8 
5 6 10 7 8 10 14 5 7 9 8 8 7 6 7 8 9 10 1 8 6 8 8 11 4 7 5 7 3 7 7 5 7 9 9 11 6 7 8 6 7 6 6 7 13 7 5 9 12 3 
2 0 1 3 1 1 2 2 1 3 1 2 1 2 1 2 3 0 0 0 0 2 2 1 2 0 1 3 1 0 0 0 3 1 1 1 0 0 2 0 2 1 2 1 3 2 1 1 1 1 
4 2 7 3 3 2 3 6 3 3 5 5 9 1 5 5 6 3 6 2 4 2 3 3 3 3 2 6 5 2 2 2 3 2 0 2 0 3 7 2 1 3 0 2 5 4 6 1 5 5 
3 4 4 2 6 6 8 1 6 4 5 5 2 3 5 1 3 3 4 1 4 1 3 4 3 4 1 3 5 4 8 4 6 4 3 5 4 3 5 6 5 4 5 4 5 5 7 4 4 4 
3 5 6 0 5 1 2 5 4 4 3 3 2 3 5 3 2 8 4 5 5 4 4 5 0 3 6 5 2 5 4 2 2 2 4 1 7 1 1 5 2 2 5 2 1 3 5 0 3 6 
8 8 7 10 8 5 14 5 12 8 9 10 5 7 11 6 12 6 6 10 6 4 9 6 2 10 6 0 2 6 6 7 6 11 9 12 7 11 7 8 6 3 5 8 9 6 8 9 10 8 
1 3 0 1 2 2 2 0 1 2 0 4 0 2 2 2 2 1 1 2 4 2 2 1 4 2 0 3 2 4 1 2 4 3 0 2 2 3 4 4 2 2 2 3 4 3 3 4 0 4 
5 4 8 11 6 5 6 5 4 6 2 5 8 3 11 14 7 5 10 6 9 6 5 2 7 9 11 9 10 8 8 5 10 5 5 8 7 5 5 7 7 8 6 9 6 4 11 9 6 7 
1 1 2 0 1 2 0 1 0 3 0 2 3 1 1 0 0 3 1 1 1 2 2 1 2 1 0 1 1 1 2 1 0 1 1 1 0 0 1 1 1 0 0 4 1 2 1 0 2 2 
5 5 0 3 0 3 6 5 5 2 3 2 1 2 2 6 4 6 1 2 0 0 4 3 6 3 3 7 3 1 1 5 6 3 2 4 5 0 7 4 7 4 5 9 4 6 5 4 2 10 
6 6 10 5 1 10 8 12 12 16 7 3 7 10 5 1 10 3 13 5 5 13 10 7 13 7 11 10 12 12 6 6 10 11 5 12 6 12 3 8 5 8 2 6 11 8 7 8 9 8 
4 4 5 3 5 2 3 6 7 6 4 4 1 4 4 5 3 5 7 4 8 5 4 2 2 5 5 4 5 5 5 4 4 5 3 4 6 3 4 4 5 4 0 1 3 2 5 5 6 4 
1 3 3 2 1 0 1 3 1 1 5 5 1 2 1 3 4 3 3 4 2 0 0 3 3 0 0 2 1 3 2 3 2 2 1 1 0 2 1 2 3 3 1 0 3 3 3 2 1 3 
0 0 1 1 2 2 2 1 0 2 0 0 1 1 0 2 1 1 2 4 1 0 2 1 1 1 1 0 0 1 0 3 1 1 2 0 1 1 1 1 1 0 2 2 1 1 1 1 0 0 
2 3 0 2 1 4 2 4 1 3 3 0 2 2 1 2 2 3 4 3 2 2 3 1 5 1 0 3 3 1 0 2 3 2 3 0 2 2 2 3 0 3 4 4 0 1 5 3 4 2 
11 12 8 11 2 6 4 7 7 14 15 8 7 16 9 12 13 5 5 12 10 5 9 12 11 10 9 9 5 12 7 8 13 10 6 12 13 13 8 13 14 12 10 13 8 6 10 10 12 4 
9 7 3 2 8 8 4 7 5 2 5 9 1 5 6 2 4 6 8 1 7 2 6 5 2 4 6 4 3 6 3 5 6 7 7 9 6 4 4 4 0 7 7 4 4 7 8 9 6 5 
3 0 1 0 0 1 2 3 4 2 0 1 2 5 3 3 2 4 1 1 4 2 2 3 3 0 2 0 5 2 3 2 1 0 0 0 1 3 3 5 1 2 0 0 1 2 3 1 6 2 
8 11 9 9 10 9 9 5 8 6 2 7 9 12 12 7 4 4 9 3 6 16 10 7 10 8 10 9 17 9 1 6 13 12 9 8 6 8 8 6 6 5 8 10 5 8 7 6 8 6 
11 9 8 8 7 10 7 15 12 6 7 11 8 11 9 9 9 8 12 5 8 12 14 8 8 7 16 4 8 7 10 9 9 6 7 6 15 4 1 3 10 12 9 8 6 10 3 6 6 6 
9 12 5 13 9 9 8 15 12 8 9 8 11 11 9 5 7 11 8 14 6 6 8 8 12 8 10 11 13 9 11 12 8 11 12 5 15 12 4 17 9 10 10 9 7 10 11 13 11 6 
6 10 2 12 7 12 8 4 7 7 5 9 7 6 4 4 13 10 14 14 6 5 10 7 7 11 6 10 4 13 11 7 10 5 11 6 8 7 6 14 7 4 10 9 6 8 8 5 8 9 
4 5 0 2 4 3 7 2 3 5 2 2 4 2 5 2 5 3 3 5 3 2 3 4 2 4 3 6 2 2 6 4 5 1 3 1 1 3 3 3 4 1 5 4 2 3 3 0 2 3 
10 10 6 4 8 14 15 10 7 11 15 6 9 15 10 15 12 10 14 13 13 11 15 9 11 6 14 11 8 3 17 6 13 6 14 10 8 14 10 11 5 5 5 8 8 10 8 13 16 11 
DEPOT_SECTION
 1
 -1
EOF
