NAME  : Parada_40_6_0.95_1.00_7
TYPE : SVRP
MODEL : FINITE_SUPPORT
NUMBER_OF_SCENARIOS : 50
DIMENSION : 40
EDGE_WEIGHT_TYPE : MATRIX
CAPACITY : 37
N_VEHICLES : 6
NODE_COORD_SECTION
1 443400 343890
2 260000 128130
3 515410 365380
4 409710 618570
5 511240 516860
6 78489 305560
7 269000 25765
8 483310 59312
9 418080 549820
10 292860 22255
11 405230 18
12 8529 439410
13 547520 377060
14 664780 513740
15 281130 475440
16 168070 235330
17 473200 489730
18 27 481030
19 187080 580060
20 427960 446340
21 487330 563760
22 412130 494570
23 530700 537810
24 488890 586540
25 425950 601140
26 462520 40915
27 206850 581950
28 221530 526510
29 362500 169660
30 465220 350580
31 470700 64777
32 519610 310850
33 378240 342910
34 400280 17469
35 634150 514060
36 157570 367820
37 355570 517130
38 500990 431250
39 53878 393990
40 249300 187580
DEMAND_SECTION
1 0.0
2 4.0
3 2.0
4 3.0
5 3.0
6 8.0
7 6.0
8 4.0
9 5.0
10 8.0
11 5.0
12 9.0
13 7.0
14 6.0
15 10.0
16 3.0
17 3.0
18 6.0
19 2.0
20 6.0
21 5.0
22 10.0
23 8.0
24 4.0
25 3.0
26 1.0
27 7.0
28 1.0
29 7.0
30 6.0
31 2.0
32 8.0
33 2.0
34 3.0
35 9.0
36 6.0
37 10.0
38 9.0
39 4.0
40 10.0
DISTANCE_MATRIX
0.0 41.1096 21.5407 33.6194 44.4185 49.0529 51.8845 47.4996 43.7172 53.3385 53.8289 56.647 12.53 60.8013 31.3907 41.1096 49.5002 61.1545 41.9158 46.0977 33.2415 51.4052 25.632 24.5083 38.0805 43.8993 44.8395 35.9287 25.8812 3.60555 48.012 10.198 33.9358 51.4035 58.2771 35.8114 37.6563 12.6491 50.5245 32.0156 
41.1096 0.0 59.2115 71.1825 85.3961 30.8058 13.0384 31.0644 81.9711 15.6525 27.2947 51.0098 50.4876 79.2727 41.7253 16.1245 90.0083 52.345 52.6381 72.6672 74.3303 89.6825 66.7308 65.4767 74.9444 27.2029 51.6237 49.9608 22.561 44.0114 30.0167 41.1126 59.9144 24.3311 74.8026 31.0483 76.2368 53.7587 41.0488 9.43398 
21.5407 59.2115 0.0 33.0151 35.8469 70.5762 67.9172 52.8186 40.2616 68.6804 65.013 75.7171 9.21954 45.1221 38.1244 61.9839 42.0595 81.4595 48.2205 28.7924 22.8254 46.8188 17.4642 24.0832 37.1214 52.0149 51.1442 42.2334 38.3275 21.095 54.5814 18.1108 20.025 62.77 42.6142 57.3363 17.0294 14.4222 72.0657 51.0 
33.6194 71.1825 33.0151 0.0 17.1172 67.4759 83.6325 83.8122 10.8167 85.7359 87.396 60.4152 32.573 77.5242 31.5377 65.8189 19.4165 67.4685 30.4138 60.6712 16.4012 18.6011 16.2788 9.48683 4.47214 81.8992 33.541 28.1603 59.4483 30.6039 85.5749 39.8246 53.0377 84.9707 75.2013 52.6118 35.7771 22.8473 62.0725 61.798 
44.4185 85.3961 35.8469 17.1172 0.0 84.214 96.3093 89.1762 11.3137 97.7638 98.1859 77.4661 39.6232 75.4255 47.5184 81.4923 6.32456 84.5281 47.5184 58.5491 13.0384 13.1529 19.799 21.1896 16.1555 87.2632 50.636 45.0111 70.2484 41.4122 90.9389 48.8365 54.4243 96.174 73.9797 69.2605 30.0167 32.2025 79.1581 76.1916 
49.0529 30.8058 70.5762 67.4759 84.214 0.0 41.0 60.9262 77.2787 44.0 58.0517 22.4722 61.4654 105.659 37.0135 14.8661 86.8332 22.0227 39.2173 92.7732 77.1622 84.1724 70.4557 64.0078 70.0357 56.8595 36.7696 39.3192 45.4533 50.3588 60.1664 55.0727 79.7864 55.109 103.135 15.0 86.6082 59.4561 12.083 29.1548 
51.8845 13.0384 67.9172 83.6325 96.3093 41.0 0.0 28.3019 94.4211 3.0 19.4165 62.514 60.0919 80.9938 54.4885 27.4591 101.382 63.0079 65.6752 76.7919 85.0 102.132 77.3886 76.3898 87.3944 25.4951 64.6607 62.9978 29.6142 55.0727 26.6271 63.5866 65.123 17.0294 76.5506 43.6578 84.7231 64.405 52.2398 21.9317 
47.4996 31.0644 52.8186 83.8122 89.1762 60.9262 28.3019 0.0 91.4458 26.8328 13.0384 78.6448 49.8735 53.6004 57.0833 46.0977 95.0947 81.3204 73.3139 52.1545 76.316 98.6917 69.4884 72.9489 88.2732 4.12311 72.2994 86.1214 21.6216 50.9212 2.0 51.5594 42.45 13.1529 49.2443 56.7186 67.1193 59.7854 69.6419 32.28 
43.7172 81.9711 40.2616 10.8167 11.3137 77.2787 94.4211 91.4458 0.0 96.5245 97.4938 68.3593 41.5933 83.0 42.2218 76.503 10.198 75.4255 39.0128 66.0 19.0263 7.81025 22.8035 19.2094 7.28011 89.5328 42.0 38.0789 69.5461 40.7017 93.2086 49.6488 60.0167 95.0684 81.0987 62.5859 38.6394 32.45 71.0634 72.5867 
53.3385 15.6525 68.6804 85.7359 97.7638 44.0 3.0 26.8328 96.5245 0.0 17.0294 65.4905 62.6652 80.0062 56.7274 30.4138 102.836 66.0076 68.25 76.4199 86.3151 104.236 78.7147 77.8444 89.4977 24.3516 67.2355 65.5726 30.3645 56.6039 25.0599 64.3511 65.0077 14.8661 75.5844 46.4866 85.3756 65.7647 55.2268 24.2074 
53.8289 27.2947 65.013 87.396 98.1859 58.0517 19.4165 13.0384 97.4938 17.0294 0.0 78.0577 58.8833 66.0984 61.7743 43.4166 104.104 79.6304 76.1871 65.1928 85.3258 105.182 78.4981 78.2849 91.8571 13.0 75.1726 83.9707 28.4253 57.2505 11.0454 60.5692 55.3173 3.0 61.8142 57.1402 79.3167 66.1147 68.2642 32.249 
56.647 51.0098 75.7171 60.4152 77.4661 22.4722 62.514 78.6448 68.3593 65.4905 78.0577 0.0 69.0668 115.657 38.0876 35.1283 78.5175 7.07107 30.0832 100.959 73.736 74.027 68.4471 60.1664 61.6604 74.5252 26.9258 34.8855 59.808 65.9679 78.2624 62.8959 88.7919 75.06 117.776 22.1359 87.9193 61.8357 10.4403 46.5296 
12.53 50.4876 9.21954 32.573 39.6232 61.4654 60.0919 49.8735 41.5933 62.6652 58.8833 69.0668 0.0 49.9625 32.2754 52.7731 45.4533 74.8092 42.8005 34.6699 26.9072 48.8774 19.8494 23.0868 37.0 47.9606 45.7243 36.8134 32.311 12.7279 51.6363 9.84886 23.4094 56.8714 47.4384 48.2312 26.0192 10.0499 62.9443 42.0476 
60.8013 79.2727 45.1221 77.5242 75.4255 105.659 80.9938 53.6004 83.0 80.0062 66.0984 115.657 49.9625 0.0 81.9292 93.5609 81.6149 122.386 92.4544 17.0 64.0078 88.2043 61.2944 69.0507 81.3019 55.6597 95.3781 86.4673 62.7875 62.1718 55.5428 53.6597 26.9259 66.7083 4.47214 96.3251 45.5412 58.8485 110.948 76.4629 
31.3907 41.7253 38.1244 31.5377 47.5184 37.0135 54.4885 57.0833 42.2218 56.7274 61.7743 38.0876 32.2754 81.9292 0.0 34.5398 50.796 43.83 27.4592 66.2725 40.1995 49.8681 33.7343 27.0 35.1074 53.3221 26.4447 24.8576 35.6168 28.3751 57.441 35.2015 55.5769 59.0488 90.0819 22.0227 51.4296 24.1868 34.4397 32.5576 
41.1096 16.1245 61.9839 65.8189 81.4923 14.8661 27.4591 46.0977 76.503 30.4138 43.4166 35.1283 52.7731 93.5609 34.5398 0.0 85.0706 36.2215 41.8688 80.5295 72.5603 84.1493 65.2763 60.4152 69.3887 42.0476 40.3113 39.4084 31.8904 43.0 45.31 44.9222 67.5428 40.4475 91.0367 17.2047 78.6384 53.0094 25.0 14.8661 
49.5002 90.0083 42.0595 19.4165 6.32456 86.8332 101.382 95.0947 10.198 102.836 104.104 78.5175 45.4533 81.6149 50.796 85.0706 0.0 85.5862 49.0102 64.7765 19.2354 8.06226 25.6125 25.5539 17.0 93.1817 52.0384 47.5184 75.2875 46.4847 96.8574 54.4518 60.7454 100.81 80.2309 72.0069 36.1248 37.5366 81.0062 80.6239 
61.1545 52.345 81.4595 67.4685 84.5281 22.0227 63.0079 81.3204 75.4255 66.0076 79.6304 7.07107 74.8092 122.386 43.83 36.2215 85.5862 0.0 37.108 106.078 80.6536 81.0555 75.2421 67.0671 68.7314 77.201 33.9559 41.6293 63.5059 71.7103 80.7775 68.0147 93.9106 76.6551 119.861 26.0768 94.7109 67.5782 11.7047 49.0408 
41.9158 52.6381 48.2205 30.4138 47.5184 39.2173 65.6752 73.3139 39.0128 68.25 76.1871 30.0832 42.8005 92.4544 27.4592 41.8688 49.0102 37.108 0.0 76.7257 43.8634 45.3982 39.1152 30.4138 32.0156 69.3637 3.16228 8.24621 52.4036 38.9003 73.419 48.1731 66.1021 73.2876 89.9302 25.5539 59.0339 33.8163 32.0624 44.51 
46.0977 72.6672 28.7924 60.6712 58.5491 92.7732 76.7919 52.1545 66.0 76.4199 65.1928 100.959 34.6699 17.0 66.2725 80.5295 64.7765 106.078 76.7257 0.0 47.0106 71.2531 44.4072 52.3927 64.3817 53.0 79.6494 70.7386 50.1165 47.2017 54.1481 38.9615 13.0384 65.0308 15.5242 80.7167 28.8617 42.9535 95.3018 66.7083 
33.2415 74.3303 22.8254 16.4012 13.0384 77.1622 85.0 76.316 19.0263 86.3151 85.3258 73.736 26.9072 64.0078 40.1995 72.5603 19.2354 80.6536 43.8634 47.0106 0.0 24.5153 7.61577 13.6015 18.7883 74.4031 47.0106 39.2938 58.7097 30.3645 78.0788 36.4005 41.7612 83.3139 62.2013 62.2013 19.9249 20.6155 73.7564 65.146 
51.4052 89.6825 46.8188 18.6011 13.1529 84.1724 102.132 98.6917 7.81025 104.236 105.182 74.027 48.8774 88.2043 49.8681 84.1493 8.06226 81.0555 45.3982 71.2531 24.5153 0.0 29.5466 26.9072 14.7648 96.7787 48.2597 45.2217 77.2341 48.3897 100.454 57.2014 66.2193 102.756 86.5794 69.6419 43.0116 40.0 77.4145 80.298 
25.632 66.7308 17.4642 16.2788 19.799 70.4557 77.3886 69.4884 22.8035 78.7147 78.4981 68.4471 19.8494 61.2944 33.7343 65.2763 25.6125 75.2421 39.1152 44.4072 7.61577 29.5466 0.0 9.21954 20.025 67.5754 42.19 33.6364 51.1093 22.8035 71.2511 29.0689 37.3363 76.4862 59.0435 55.5788 20.6155 13.0 68.0294 57.5674 
24.5083 65.4767 24.0832 9.48683 21.1896 64.0078 76.3898 72.9489 19.2094 77.8444 78.2849 60.1664 23.0868 69.0507 27.0 60.4152 25.5539 67.0671 30.4138 52.3927 13.6015 26.9072 9.21954 0.0 13.9284 71.0359 33.541 25.7099 50.3372 21.4928 74.7116 30.5287 44.0114 75.8595 66.6004 49.0102 29.8329 13.4164 60.208 55.4006 
38.0805 74.9444 37.1214 4.47214 16.1555 70.0357 87.3944 88.2732 7.28011 89.4977 91.8571 61.6604 37.0 81.3019 35.1074 69.3887 17.0 68.7314 32.0156 64.3817 18.7883 14.7648 20.025 13.9284 0.0 86.3603 35.0571 30.8058 63.9094 35.065 90.036 44.2945 57.1402 89.4317 79.0681 55.3173 38.6264 27.313 64.0078 65.5599 
43.8993 27.2029 52.0149 81.8992 87.2632 56.8595 25.4951 4.12311 89.5328 24.3516 13.0 74.5252 47.9606 55.6597 53.3221 42.0476 93.1817 77.201 69.3637 53.0 74.4031 96.7787 67.5754 71.0359 86.3603 0.0 68.3492 84.2085 18.0278 47.3209 4.12311 49.6465 42.5793 12.1655 51.2445 52.6118 66.3186 57.8725 65.521 28.1603 
44.8395 51.6237 51.1442 33.541 50.636 36.7696 64.6607 72.2994 42.0 67.2355 75.1726 26.9258 45.7243 95.3781 26.4447 40.3113 52.0384 33.9559 3.16228 79.6494 47.0106 48.2597 42.19 33.541 35.0571 68.3492 0.0 10.2956 51.3891 41.824 72.4045 51.0969 69.0258 72.2731 92.854 23.6008 62.0081 36.74 29.1548 43.4955 
35.9287 49.9608 42.2334 28.1603 45.0111 39.3192 62.9978 86.1214 38.0789 65.5726 83.9707 34.8855 36.8134 86.4673 24.8576 39.4084 47.5184 41.6293 8.24621 70.7386 39.2938 45.2217 33.6364 25.7099 30.8058 84.2085 10.2956 0.0 61.7576 32.9132 87.8842 42.186 60.115 81.2452 83.9431 24.5153 53.1052 27.8292 34.5254 41.8327 
25.8812 22.561 38.3275 59.4483 70.2484 45.4533 29.6142 21.6216 69.5461 30.3645 28.4253 59.808 32.311 62.7875 35.6168 31.8904 75.2875 63.5059 52.4036 50.1165 58.7097 77.2341 51.1093 50.3372 63.9094 18.0278 51.3891 61.7576 0.0 29.3028 22.1359 33.9969 37.3637 26.1725 58.3174 37.6962 55.109 38.167 51.8845 17.2047 
3.60555 44.0114 21.095 30.6039 41.4122 50.3588 55.0727 50.9212 40.7017 56.6039 57.2505 65.9679 12.7279 62.1718 28.3751 43.0 46.4847 71.7103 38.9003 47.2017 30.3645 48.3897 22.8035 21.4928 35.065 47.3209 41.824 32.9132 29.3028 0.0 51.4336 13.0 35.3553 54.8252 59.7169 49.0413 36.4005 10.0499 62.3165 34.7851 
48.012 30.0167 54.5814 85.5749 90.9389 60.1664 26.6271 2.0 93.2086 25.0599 11.0454 78.2624 51.6363 55.5428 57.441 45.31 96.8574 80.7775 73.419 54.1481 78.0788 100.454 71.2511 74.7116 90.036 4.12311 72.4045 87.8842 22.1359 51.4336 0.0 53.3222 44.3847 11.1803 51.1957 56.4358 68.884 61.5482 69.1231 31.7805 
10.198 41.1126 18.1108 39.8246 48.8365 55.0727 63.5866 51.5594 49.6488 64.3511 60.5692 62.8959 9.84886 53.6597 35.2015 44.9222 54.4518 68.0147 48.1731 38.9615 36.4005 57.2014 29.0689 30.5287 44.2945 49.6465 51.0969 42.186 33.9969 13.0 53.3222 0.0 26.7942 58.5573 51.1355 42.638 35.1283 17.2047 57.3847 33.0606 
33.9358 59.9144 20.025 53.0377 54.4243 79.7864 65.123 42.45 60.0167 65.0077 55.3173 88.7919 23.4094 26.9259 55.5769 67.5428 60.7454 93.9106 66.1021 13.0384 41.7612 66.2193 37.3363 44.0114 57.1402 42.5793 69.0258 60.115 37.3637 35.3553 44.3847 26.7942 0.0 54.7449 24.4018 68.5493 27.6586 32.7567 83.1344 53.8516 
51.4035 24.3311 62.77 84.9707 96.174 55.109 17.0294 13.1529 95.0684 14.8661 3.0 75.06 56.8714 66.7083 59.0488 40.4475 100.81 76.6551 73.2876 65.0308 83.3139 102.756 76.4862 75.8595 89.4317 12.1655 72.2731 81.2452 26.1725 54.8252 11.1803 58.5573 54.7449 0.0 62.3699 54.1479 78.2948 63.6893 65.2763 29.2746 
58.2771 74.8026 42.6142 75.2013 73.9797 103.135 76.5506 49.2443 81.0987 75.5844 61.8142 117.776 47.4384 4.47214 90.0819 91.0367 80.2309 119.861 89.9302 15.5242 62.2013 86.5794 59.0435 66.6004 79.0681 51.2445 92.854 83.9431 58.3174 59.7169 51.1957 51.1355 24.4018 62.3699 0.0 93.8009 44.3847 56.3244 108.424 71.9929 
35.8114 31.0483 57.3363 52.6118 69.2605 15.0 43.6578 56.7186 62.5859 46.4866 57.1402 22.1359 48.2312 96.3251 22.0227 17.2047 72.0069 26.0768 25.5539 80.7167 62.2013 69.6419 55.5788 49.0102 55.3173 52.6118 23.6008 24.5153 37.6962 49.0413 56.4358 42.638 68.5493 54.1479 93.8009 0.0 72.2243 44.9235 14.8661 25.0 
37.6563 76.2368 17.0294 35.7771 30.0167 86.6082 84.7231 67.1193 38.6394 85.3756 79.3167 87.9193 26.0192 45.5412 51.4296 78.6384 36.1248 94.7109 59.0339 28.8617 19.9249 43.0116 20.6155 29.8329 38.6264 66.3186 62.0081 53.1052 55.109 36.4005 68.884 35.1283 27.6586 78.2948 44.3847 72.2243 0.0 27.313 85.5009 68.0074 
12.6491 53.7587 14.4222 22.8473 32.2025 59.4561 64.405 59.7854 32.45 65.7647 66.1147 61.8357 10.0499 58.8485 24.1868 53.0094 37.5366 67.5782 33.8163 42.9535 20.6155 40.0 13.0 13.4164 27.313 57.8725 36.74 27.8292 38.167 10.0499 61.5482 17.2047 32.7567 63.6893 56.3244 44.9235 27.313 0.0 58.1879 44.643 
50.5245 41.0488 72.0657 62.0725 79.1581 12.083 52.2398 69.6419 71.0634 55.2268 68.2642 10.4403 62.9443 110.948 34.4397 25.0 81.0062 11.7047 32.0624 95.3018 73.7564 77.4145 68.0294 60.208 64.0078 65.521 29.1548 34.5254 51.8845 62.3165 69.1231 57.3847 83.1344 65.2763 108.424 14.8661 85.5009 58.1879 0.0 37.3631 
32.0156 9.43398 51.0 61.798 76.1916 29.1548 21.9317 32.28 72.5867 24.2074 32.249 46.5296 42.0476 76.4629 32.5576 14.8661 80.6239 49.0408 44.51 66.7083 65.146 80.298 57.5674 55.4006 65.5599 28.1603 43.4955 41.8327 17.2047 34.7851 31.7805 33.0606 53.8516 29.2746 71.9929 25.0 68.0074 44.643 37.3631 0.0 
DEMAND_SCENARIO_SECTION
0 0 0 0 0 0 0 0 0 0 0 0 0 0 0 0 0 0 0 0 0 0 0 0 0 0 0 0 0 0 0 0 0 0 0 0 0 0 0 0 0 0 0 0 0 0 0 0 0 0 
5 4 6 6 5 7 2 5 0 4 3 2 4 6 5 3 2 3 3 7 1 5 4 4 7 2 1 3 6 5 8 3 5 6 2 3 5 1 4 3 5 4 4 1 1 2 2 5 6 4 
1 0 2 2 5 4 1 4 0 0 2 3 2 1 0 3 2 1 6 3 1 0 3 1 2 1 4 1 3 4 2 2 1 3 4 1 0 4 3 2 4 2 5 1 3 5 3 1 4 4 
3 1 5 4 5 7 3 2 3 4 3 4 2 2 4 3 5 2 2 2 5 1 3 4 3 2 4 4 0 1 1 4 2 3 3 3 4 1 4 3 5 4 2 4 3 7 4 2 4 4 
3 4 6 0 3 2 4 3 3 2 2 4 0 3 5 5 4 5 2 4 4 2 2 3 1 3 4 3 0 3 2 3 1 4 5 1 4 1 3 3 3 3 3 1 2 5 5 1 3 5 
8 5 9 5 7 6 5 2 6 6 9 13 4 7 12 5 12 6 11 10 11 5 12 9 11 10 8 11 7 7 11 3 9 3 9 4 8 11 9 16 5 7 7 5 5 1 8 8 10 10 
5 6 6 5 8 10 5 12 8 8 3 8 7 9 8 6 3 5 6 4 8 7 6 8 6 7 5 7 7 9 7 4 4 8 8 5 8 4 7 3 7 7 7 7 5 6 7 5 5 7 
4 5 2 7 2 6 3 3 1 4 5 4 8 0 3 0 7 2 6 8 1 0 5 2 1 3 6 0 6 2 4 2 4 6 5 4 4 5 1 5 5 1 4 3 7 3 5 3 5 5 
6 4 7 4 4 2 4 3 8 7 5 1 9 3 3 2 6 1 4 7 3 6 6 6 8 7 7 3 5 8 7 5 6 4 4 3 7 2 6 3 7 7 7 2 4 3 4 8 7 8 
5 12 9 8 9 6 6 9 12 7 9 8 6 11 11 6 6 7 10 12 7 5 6 8 10 9 10 13 11 9 6 2 12 10 10 3 13 7 5 6 10 13 7 8 6 13 8 10 8 12 
4 1 6 8 5 10 4 3 8 7 7 6 6 4 5 4 9 0 5 7 1 2 5 1 4 6 6 5 5 5 4 6 6 9 3 5 2 6 2 3 10 7 1 6 6 6 4 11 3 5 
5 11 11 7 7 6 5 14 0 11 8 6 9 11 9 7 6 8 3 8 16 11 9 6 13 8 10 7 13 11 5 10 8 9 7 8 9 12 9 10 9 13 7 6 7 9 9 17 8 8 
9 9 9 5 9 8 8 5 8 6 13 10 7 8 8 9 6 5 10 11 4 8 7 11 7 8 7 11 7 9 11 5 3 9 7 5 8 11 10 4 12 5 8 3 4 5 2 11 12 5 
13 6 8 7 4 8 8 4 7 3 7 6 8 8 3 8 5 6 7 6 6 6 8 4 8 4 7 5 5 2 9 5 1 11 8 4 3 9 7 4 9 6 2 7 6 6 5 8 8 5 
8 12 5 11 12 6 13 9 3 14 5 7 17 8 15 5 9 5 11 10 7 11 12 12 7 11 13 11 8 6 13 12 6 12 12 11 11 14 10 4 5 14 8 6 16 10 8 7 10 11 
1 4 2 3 6 4 3 4 2 2 3 0 3 6 6 1 3 0 3 0 1 1 3 2 3 4 1 0 4 5 3 3 2 2 5 5 5 3 3 3 6 1 4 5 6 3 4 4 4 0 
5 3 1 4 3 4 4 2 0 3 4 0 3 6 5 5 2 3 1 3 2 1 3 1 1 2 3 6 5 2 1 1 5 4 4 1 1 4 2 3 4 5 3 1 4 5 5 3 7 3 
5 6 3 6 7 3 6 4 3 7 2 9 6 9 5 5 6 7 2 6 6 6 0 4 10 3 8 7 4 6 3 6 9 1 7 8 2 6 8 3 8 4 7 3 6 5 6 5 1 8 
2 2 2 0 2 0 2 4 4 2 4 2 0 3 5 2 2 0 2 0 3 1 3 2 3 2 2 1 2 4 2 0 2 2 2 3 3 5 1 3 2 3 1 1 2 2 4 3 4 0 
8 5 4 7 2 7 4 5 5 4 6 5 5 10 7 4 5 3 5 9 7 5 3 8 7 8 6 5 4 3 4 10 7 7 7 5 5 6 9 8 4 8 5 6 10 7 6 7 3 2 
1 9 10 7 6 7 5 4 6 6 4 5 1 8 6 6 4 4 4 8 6 4 1 4 3 1 7 10 7 5 10 3 3 8 2 10 5 6 0 7 8 5 7 3 7 6 7 5 4 4 
13 12 8 9 9 7 10 9 9 8 14 6 10 8 12 8 12 11 10 6 8 13 11 13 14 13 6 9 16 10 7 12 13 12 10 10 11 16 15 12 9 10 17 10 10 5 14 9 8 11 
9 8 5 7 9 8 5 9 9 9 6 8 10 10 8 10 7 7 8 18 9 10 9 12 13 10 10 10 7 9 7 10 5 5 9 4 5 13 7 9 11 7 7 9 12 12 7 4 10 9 
2 4 3 6 3 0 4 3 5 3 4 5 2 4 4 4 6 3 6 1 5 4 6 4 6 5 5 7 3 3 8 3 2 2 4 8 3 4 2 3 5 3 5 6 4 3 0 3 6 0 
1 1 4 1 3 1 5 4 2 3 2 3 1 3 0 3 3 2 3 3 3 5 4 2 3 0 3 5 1 1 0 3 2 3 2 6 7 6 3 3 2 3 1 2 2 5 5 5 4 1 
2 1 0 0 1 0 1 1 2 0 0 2 1 3 2 1 1 3 2 2 1 1 1 2 3 1 3 2 2 0 1 1 0 1 2 1 0 0 0 3 1 0 3 1 1 2 2 1 1 2 
6 5 6 3 5 8 8 11 10 13 10 8 5 5 6 2 12 5 3 6 10 9 3 6 12 5 10 10 6 9 8 5 1 1 3 6 2 6 6 5 4 9 6 11 2 6 3 7 7 11 
1 1 1 0 0 1 0 2 2 2 1 2 1 2 1 0 1 0 1 3 2 0 2 0 1 1 0 2 0 0 2 3 1 2 1 3 1 1 2 1 1 0 1 1 0 2 0 0 0 3 
1 7 9 7 5 8 9 7 7 8 9 11 8 8 14 7 9 7 10 6 5 10 6 5 7 5 6 8 9 6 9 3 4 6 9 9 9 8 11 13 11 3 6 10 13 6 4 6 8 6 
8 5 10 5 10 4 3 2 6 6 7 6 4 5 9 5 5 5 7 6 8 3 4 4 4 4 8 6 5 5 5 6 7 5 5 7 8 8 5 8 8 1 9 6 0 12 5 5 7 7 
0 2 2 3 3 3 4 1 0 2 1 2 2 4 4 3 1 2 2 1 1 4 5 0 4 6 1 3 4 3 2 1 3 3 1 2 4 2 3 1 3 2 1 3 3 5 2 1 2 2 
7 8 10 6 8 5 6 9 6 8 7 10 9 9 9 8 7 8 9 9 10 7 10 9 4 6 6 12 10 7 6 10 6 10 11 6 7 10 12 4 5 8 12 6 10 6 11 11 7 7 
2 3 0 1 2 4 1 0 1 4 1 1 3 1 5 1 2 2 1 0 1 4 3 3 2 1 2 4 4 2 2 2 3 3 3 2 1 2 5 3 4 2 6 2 0 5 1 4 1 3 
2 3 5 3 4 2 5 3 3 5 0 0 3 5 2 4 4 3 3 1 3 3 6 5 5 4 2 2 3 2 5 2 5 2 1 1 4 5 3 3 3 3 2 1 2 4 1 4 2 3 
13 4 9 8 11 11 5 7 4 7 7 5 14 7 6 10 8 8 9 9 15 10 11 15 8 9 11 9 7 5 9 7 10 5 5 11 8 15 13 8 13 9 9 9 10 5 6 6 8 10 
4 4 5 8 7 7 5 6 8 11 3 8 7 5 5 8 2 9 5 3 8 7 5 2 6 5 5 7 10 5 6 1 2 5 8 6 4 5 9 4 7 6 6 4 8 7 4 8 6 3 
10 8 10 7 14 9 11 11 10 7 12 11 9 11 11 11 14 5 14 4 11 8 11 9 17 12 6 18 12 9 9 12 14 10 10 15 16 6 11 12 4 14 3 2 7 8 11 11 8 8 
9 11 8 9 7 2 5 10 13 7 12 3 6 6 9 12 8 5 8 11 11 8 11 8 9 12 4 14 7 15 16 11 11 6 6 8 12 11 4 9 8 8 13 8 9 10 12 6 9 4 
7 2 9 5 7 5 2 5 8 8 0 0 7 8 2 5 2 5 5 3 5 3 2 8 5 5 0 4 2 3 3 4 10 6 1 3 4 2 4 5 2 8 4 5 3 6 2 3 3 4 
6 4 13 7 9 10 9 10 10 7 12 4 10 10 8 8 5 12 8 14 10 10 16 7 11 11 11 9 14 11 11 3 15 8 12 6 8 6 11 13 11 8 19 15 10 10 4 8 12 11 
DEPOT_SECTION
 1
 -1
EOF
