NAME  : Parada_40_6_0.95_1.00_2
TYPE : SVRP
MODEL : FINITE_SUPPORT
NUMBER_OF_SCENARIOS : 50
DIMENSION : 40
EDGE_WEIGHT_TYPE : MATRIX
CAPACITY : 37
N_VEHICLES : 6
NODE_COORD_SECTION
1 162830 295430
2 425150 238900
3 92111 87907
4 56534 205710
5 512750 177940
6 182650 759350
7 195680 262960
8 510710 419350
9 262420 390680
10 301440 27962
11 132130 56197
12 202930 187560
13 574750 392450
14 278330 161060
15 106650 592420
16 159740 551760
17 434290 18
18 247130 506510
19 27 52130
20 397490 323060
21 229240 351090
22 90196 556610
23 277420 682490
24 496070 496890
25 235330 691160
26 256880 177890
27 134900 223640
28 128710 175540
29 160350 649030
30 364840 539480
31 264110 682570
32 129720 79453
33 388760 289110
34 435430 380890
35 275440 415430
36 268120 514220
37 257900 232720
38 501910 429220
39 57560 159960
40 127970 300050
DEMAND_SECTION
1 0.0
2 9.0
3 4.0
4 5.0
5 9.0
6 5.0
7 7.0
8 5.0
9 3.0
10 4.0
11 5.0
12 1.0
13 1.0
14 6.0
15 10.0
16 9.0
17 2.0
18 7.0
19 1.0
20 5.0
21 5.0
22 6.0
23 9.0
24 8.0
25 10.0
26 6.0
27 2.0
28 1.0
29 10.0
30 6.0
31 5.0
32 2.0
33 8.0
34 5.0
35 4.0
36 7.0
37 9.0
38 2.0
39 9.0
40 1.0
DISTANCE_MATRIX
0.0 41.2311 43.6574 44.7944 54.231 67.0221 10.198 40.4058 19.2094 35.9111 38.3552 28.699 49.2244 22.3234 53.1507 47.4236 56.1879 32.0156 44.9582 36.9457 11.4018 55.3624 54.2323 55.4649 56.6392 22.0907 37.7056 33.0454 59.0762 40.5084 55.3512 41.701 27.6815 34.4951 20.6155 35.4683 34.5254 38.9666 44.0061 7.28011 
41.2311 0.0 47.1699 39.0512 95.31 87.6641 51.4198 39.598 55.0364 69.8913 49.0408 25.2389 36.2353 33.6155 92.0054 83.6002 89.8888 65.7647 70.0071 10.6301 43.0116 92.4392 80.8361 22.2036 84.353 21.6333 30.3645 33.6155 92.1447 57.7754 80.7173 52.2015 22.3607 26.4008 48.8365 68.2495 17.088 37.4833 42.72 35.1141 
43.6574 47.1699 0.0 16.1245 65.6201 101.049 37.5366 72.6683 52.1774 37.855 6.32456 21.9545 73.0401 23.3452 78.5493 76.5768 51.6236 64.124 26.0 49.98 50.2267 83.006 87.9484 68.0294 89.6312 28.8617 19.4165 13.6015 89.8053 80.9214 89.275 6.32456 47.8352 57.745 57.7131 67.7283 30.6105 70.4383 10.0 35.2388 
44.7944 39.0512 16.1245 0.0 81.3019 109.718 48.6214 69.0411 63.1875 53.3385 22.0 17.72 70.4557 29.0 91.7061 88.2312 67.7422 75.2039 41.7612 45.0111 52.5094 95.3834 96.9281 61.1882 99.4053 27.5136 9.0 12.0416 101.02 83.2041 98.0469 22.3607 45.4666 55.3764 61.7237 79.076 22.2036 66.8111 6.32456 37.5215 
54.231 95.31 65.6201 81.3019 0.0 79.6241 44.2832 87.6925 48.1041 28.0179 59.4138 76.7052 96.8533 62.5859 32.0624 41.5933 22.0227 48.0208 45.1885 91.1636 56.8595 40.05 66.2193 107.074 64.1327 74.4788 81.0247 73.0274 54.0093 65.4599 68.4105 60.0167 76.9911 83.4865 58.0 49.6488 85.3612 86.257 75.5381 60.4428 
67.0221 87.6641 101.049 109.718 79.6241 0.0 63.7033 49.7695 48.873 86.0898 95.7465 93.6028 58.9406 87.2468 49.3964 38.0789 95.0211 38.0789 101.109 77.1751 57.1978 42.0476 14.0357 80.9568 15.5242 86.939 102.574 97.9688 28.3019 35.8139 12.1655 99.0923 68.0075 61.4003 49.037 34.7131 93.7864 51.4782 108.929 73.2522 
10.198 51.4198 37.5366 48.6214 44.2832 63.7033 0.0 45.9324 14.8661 28.9617 32.2025 37.5415 55.0 22.0638 43.9659 39.6611 49.2386 26.6271 38.0132 47.0488 14.7648 46.9574 50.5371 63.6308 52.1536 32.0 44.6136 37.2668 52.4023 37.3813 51.8941 35.5106 33.5476 40.3612 21.095 30.2324 44.1876 44.4969 44.8403 17.0 
40.4058 39.598 72.6683 69.0411 87.6925 49.7695 45.9324 0.0 40.3474 73.5844 71.649 51.4845 11.7047 52.48 69.4622 57.8705 93.4555 41.1461 82.6315 29.0 31.3007 66.7608 45.2769 31.5753 50.1597 42.565 60.2464 59.4026 61.2378 25.4951 44.5533 75.5108 24.7386 13.8924 31.4058 41.7852 49.1935 2.23607 70.3975 44.4442 
19.2094 55.0364 52.1774 63.1875 48.1041 48.873 14.8661 40.3474 0.0 43.5426 46.8751 47.0921 49.5082 40.7165 37.0135 29.1204 55.3453 12.8062 52.6142 47.2652 12.0416 37.6563 35.8469 61.3514 37.8021 39.5601 56.0987 51.4385 39.9625 22.5234 37.1214 50.2209 33.0606 36.7696 9.89949 16.2788 52.2015 38.9119 59.4762 26.0768 
35.9111 69.8913 37.855 53.3385 28.0179 86.0898 28.9617 73.5844 43.5426 0.0 31.5753 49.2443 82.4375 36.2891 45.9209 50.4106 21.2603 49.938 22.2036 68.5072 42.7782 52.7893 72.083 87.1064 71.2945 48.3667 53.0848 45.0999 64.5807 65.9347 74.0911 32.573 60.9127 67.7262 49.9423 52.5305 58.2409 72.1489 47.676 51.3259 
38.3552 49.0408 6.32456 22.0 59.4138 95.7465 32.2025 71.649 46.8751 31.5753 0.0 24.0416 73.2795 21.095 72.4017 70.7672 46.0977 58.8218 21.6333 50.5371 45.2223 77.0065 82.6462 68.9638 84.329 29.0689 23.7697 16.6433 84.1724 69.3507 83.9728 4.0 48.0746 57.9844 52.4109 62.426 33.3017 69.4191 16.1245 34.2195 
28.699 25.2389 21.9545 17.72 76.7052 93.6028 37.5415 51.4845 47.0921 49.2443 24.0416 0.0 53.0848 15.5242 81.1997 75.9011 67.624 59.7144 45.4533 28.6356 36.4005 83.991 80.813 46.2385 83.2903 9.84886 9.43398 8.544 86.9996 67.0891 81.9319 27.0185 27.91 37.8198 45.6087 62.9682 9.43398 49.2545 19.0263 21.4261 
49.2244 36.2353 73.0401 70.4557 96.8533 58.9406 55.0 11.7047 49.5082 82.4375 73.2795 53.0848 0.0 54.1104 81.1542 69.5701 102.714 52.8015 92.1087 26.5707 40.4599 78.4474 56.0089 22.3607 61.0 44.1955 61.5224 61.033 72.5608 37.108 55.0818 77.1412 28.4429 16.4924 40.5666 53.4883 49.2443 11.6619 72.0278 53.2628 
22.3234 33.6155 23.3452 29.0 62.5859 87.2468 22.0638 52.48 40.7165 36.2891 21.095 15.5242 54.1104 0.0 65.7219 69.5255 56.3028 53.3388 38.5876 32.2317 30.0384 77.6154 74.4571 50.831 76.9344 12.083 23.3238 16.9706 80.624 60.7331 75.5759 25.0799 28.9055 38.8153 39.2527 56.605 23.0217 50.25 26.9258 15.0505 
53.1507 92.0054 78.5493 91.7061 32.0624 49.3964 43.9659 69.4622 37.0135 45.9209 72.4017 81.1997 81.1542 65.7219 0.0 12.7279 51.5461 28.4605 67.0794 84.214 49.0 8.0 37.2156 97.3614 34.0147 75.1332 88.2553 80.7775 22.2036 44.7772 39.4462 74.7435 70.0643 72.6354 44.7214 27.7308 87.6641 69.6419 87.2353 60.4152 
47.4236 83.6002 76.5768 88.2312 41.5933 38.0789 39.6611 57.8705 29.1204 50.4106 70.7672 75.9011 69.5701 69.5255 12.7279 0.0 58.4209 18.0 71.5691 75.06 41.0 9.05539 25.0799 86.8332 22.561 68.6222 84.2234 76.8765 14.3178 32.6956 27.313 73.5391 61.2944 62.2896 35.0143 16.2788 81.2712 58.2409 84.4038 54.626 
56.1879 89.8888 51.6236 67.7422 22.0227 95.0211 49.2386 93.4555 55.3453 21.2603 46.0977 67.624 102.714 56.3028 51.5461 58.4209 0.0 59.0339 27.074 88.784 62.2498 59.203 81.0555 107.383 80.025 68.2642 69.6419 61.9839 72.1803 75.0649 83.0963 45.3982 81.1895 88.0031 65.0424 61.6604 76.9675 92.02 61.5224 71.6028 
32.0156 65.7647 64.124 75.2039 48.0208 38.0789 26.6271 41.1461 12.8062 49.938 58.8218 59.7144 52.8015 53.3388 28.4605 18.0 59.0339 0.0 63.3113 57.0789 23.7697 27.0185 24.3516 69.0943 25.5539 51.8941 68.7211 64.0608 27.2947 17.6918 25.9615 62.1289 43.4166 44.4957 17.0294 3.60555 64.4748 41.2311 71.4228 38.833 
44.9582 70.0071 26.0 41.7612 45.1885 101.109 38.0132 82.6315 52.6142 22.2036 21.6333 45.4533 92.1087 38.5876 67.0794 71.5691 27.074 63.3113 0.0 70.214 51.8253 73.9478 87.622 88.8144 88.7419 49.0408 45.1774 38.2753 87.0312 75.108 89.1287 19.6977 66.9038 76.8136 59.0085 66.8634 54.8179 81.196 35.4401 53.0488 
36.9457 10.6301 49.98 45.0111 91.1636 77.1751 47.0488 29.0 47.2652 68.5072 50.5371 28.6356 26.5707 32.2317 84.214 75.06 88.784 57.0789 70.214 0.0 35.5106 84.0238 70.9323 18.6011 74.4492 21.4709 36.0139 37.108 82.5651 47.7598 70.2696 54.1295 14.3178 15.8114 40.05 59.3048 23.0868 26.8701 47.5184 31.5622 
11.4018 43.0116 50.2267 52.5094 56.8595 57.1978 14.7648 31.3007 12.0416 42.7782 45.2223 36.4005 40.4599 30.0384 49.0 41.0 62.2498 23.7697 51.8253 35.5106 0.0 49.6488 44.4081 50.5668 46.8853 28.2023 45.4206 40.7604 50.9902 30.6841 45.5269 48.5681 21.2132 26.6271 9.43398 26.8328 40.7674 29.8651 51.7211 16.4012 
55.3624 92.4392 83.006 95.3834 40.05 42.0476 46.9574 66.7608 37.6563 52.7893 77.0065 83.991 78.4474 77.6154 8.0 9.05539 59.203 27.0185 73.9478 84.0238 49.6488 0.0 30.6105 95.8853 26.9258 76.922 91.4339 84.0871 14.3178 41.4367 32.8024 79.511 70.1783 71.3442 44.0 25.318 89.56 67.1863 91.2688 62.6259 
54.2323 80.8361 87.9484 96.9281 66.2193 14.0357 50.5371 45.2769 35.8469 72.083 82.6462 80.813 56.0089 74.4571 37.2156 25.0799 81.0555 24.3516 87.622 70.9323 44.4081 30.6105 0.0 76.7919 5.09902 72.6073 89.7838 85.1791 18.868 23.2412 2.23607 85.992 59.2502 55.0399 36.2473 20.8806 85.0594 46.5296 96.1397 60.4624 
55.4649 22.2036 68.0294 61.1882 107.074 80.9568 63.6308 31.5753 61.3514 87.1064 68.9638 46.2385 22.3607 50.831 97.3614 86.8332 107.383 69.0943 88.8144 18.6011 50.5668 95.8853 76.7919 0.0 81.6149 39.9625 52.3927 54.7814 92.0054 56.0089 76.1183 72.4707 30.8058 24.7386 52.6454 70.5762 39.0512 30.2655 64.56 50.0813 
56.6392 84.353 89.6312 99.4053 64.1327 15.5242 52.1536 50.1597 37.8021 71.2945 84.329 83.2903 61.0 76.9344 34.0147 22.561 80.025 25.5539 88.7419 74.4492 46.8853 26.9258 5.09902 81.6149 0.0 75.0846 92.3166 87.6563 14.2127 26.7581 6.7082 87.6641 62.7671 59.5141 38.7246 21.9545 88.5763 51.3517 96.93 62.9397 
22.0907 21.6333 28.8617 27.5136 74.4788 86.939 32.0 42.565 39.5601 48.3667 29.0689 9.84886 44.1955 12.083 75.1332 68.6222 68.2642 51.8941 49.0408 21.4709 28.2023 76.922 72.6073 39.9625 75.0846 0.0 19.2354 17.0294 79.1581 58.8834 73.7262 32.6956 18.9906 28.9004 37.403 55.0106 12.6491 40.3351 28.1603 15.0 
37.7056 30.3645 19.4165 9.0 81.0247 102.574 44.6136 60.2464 56.0987 53.0848 23.7697 9.43398 61.5224 23.3238 88.2553 84.2234 69.6419 68.7211 45.1774 36.0139 45.4206 91.4339 89.7838 52.3927 92.3166 19.2354 0.0 8.0 96.0063 76.0598 90.9026 25.5539 36.672 46.5725 54.5794 71.9872 13.3417 58.0165 12.53 30.4327 
33.0454 33.6155 13.6015 12.0416 73.0274 97.9688 37.2668 59.4026 51.4385 45.0999 16.6433 8.544 61.033 16.9706 80.7775 76.8765 61.9839 64.0608 38.2753 37.108 40.7604 84.0871 85.1791 54.7814 87.6563 17.0294 8.0 0.0 89.6652 71.4551 86.2979 19.105 35.8281 45.7379 49.9747 67.327 17.0294 57.1726 11.1803 25.7725 
59.0762 92.1447 89.8053 101.02 54.0093 28.3019 52.4023 61.2378 39.9625 64.5807 84.1724 86.9996 72.5608 80.624 22.2036 14.3178 72.1803 27.2947 87.0312 82.5651 50.9902 14.3178 18.868 92.0054 14.2127 79.1581 96.0063 89.6652 0.0 36.0 20.8087 87.1149 69.7719 68.3593 43.3341 24.1661 91.7237 62.0725 97.2387 66.0379 
40.5084 57.7754 80.9214 83.2041 65.4599 35.8139 37.3813 25.4951 22.5234 65.9347 69.3507 67.0891 37.108 60.7331 44.7772 32.6956 75.0649 17.6918 75.108 47.7598 30.6841 41.4367 23.2412 56.0089 26.7581 58.8834 76.0598 71.4551 36.0 0.0 24.1583 72.6965 36.3767 32.7567 22.5234 17.2047 62.1859 26.1725 82.4158 47.3251 
55.3512 80.7173 89.275 98.0469 68.4105 12.1655 51.8941 44.5533 37.1214 74.0911 83.9728 81.9319 55.0818 75.5759 39.4462 27.313 83.0963 25.9615 89.1287 70.2696 45.5269 32.8024 2.23607 76.1183 6.7082 73.7262 90.9026 86.2979 20.8087 24.1583 0.0 87.3186 60.0101 54.5803 37.3661 22.561 85.9765 45.8912 97.2586 61.5813 
41.701 52.2015 6.32456 22.3607 60.0167 99.0923 35.5106 75.5108 50.2209 32.573 4.0 27.0185 77.1412 25.0799 74.7435 73.5391 45.3982 62.1289 19.6977 54.1295 48.5681 79.511 85.992 72.4707 87.6641 32.6956 25.5539 19.105 87.1149 72.6965 87.3186 0.0 51.9363 61.8461 55.7567 65.7343 36.0694 73.2808 16.1245 38.0813 
27.6815 22.3607 47.8352 45.4666 76.9911 68.0075 33.5476 24.7386 33.0606 60.9127 48.0746 27.91 28.4429 28.9055 70.0643 61.2944 81.1895 43.4166 66.9038 14.3178 21.2132 70.1783 59.2502 30.8058 62.7671 18.9906 36.672 35.8281 69.7719 36.3767 60.0101 51.9363 0.0 12.0416 26.4764 45.8912 25.838 22.561 46.8231 28.0587 
34.4951 26.4008 57.745 55.3764 83.4865 61.4003 40.3612 13.8924 36.7696 67.7262 57.9844 37.8198 16.4924 38.8153 72.6354 62.2896 88.0031 44.4957 76.8136 15.8114 26.6271 71.3442 55.0399 24.7386 59.5141 28.9004 46.5725 45.7379 68.3593 32.7567 54.5803 61.8461 12.0416 0.0 27.9193 46.0977 35.3412 11.6619 56.7329 38.5335 
20.6155 48.8365 57.7131 61.7237 58.0 49.037 21.095 31.4058 9.89949 49.9423 52.4109 45.6087 40.5666 39.2527 44.7214 35.0143 65.0424 17.0294 59.0085 40.05 9.43398 44.0 36.2473 52.6454 38.7246 37.403 54.5794 49.9747 43.3341 22.5234 37.3661 55.7567 26.4764 27.9193 0.0 19.4165 49.9681 29.9703 60.9354 25.807 
35.4683 68.2495 67.7283 79.076 49.6488 34.7131 30.2324 41.7852 16.2788 52.5305 62.426 62.9682 53.4883 56.605 27.7308 16.2788 61.6604 3.60555 66.8634 59.3048 26.8328 25.318 20.8806 70.5762 21.9545 55.0106 71.9872 67.327 24.1661 17.2047 22.561 65.7343 45.8912 46.0977 19.4165 0.0 67.5756 42.0595 75.0271 42.2019 
34.5254 17.088 30.6105 22.2036 85.3612 93.7864 44.1876 49.1935 52.2015 58.2409 33.3017 9.43398 49.2443 23.0217 87.6641 81.2712 76.9675 64.4748 54.8179 23.0868 40.7674 89.56 85.0594 39.0512 88.5763 12.6491 13.3417 17.0294 91.7237 62.1859 85.9765 36.0694 25.838 35.3412 49.9681 67.5756 0.0 46.9574 25.632 27.2947 
38.9666 37.4833 70.4383 66.8111 86.257 51.4782 44.4969 2.23607 38.9119 72.1489 69.4191 49.2545 11.6619 50.25 69.6419 58.2409 92.02 41.2311 81.196 26.8701 29.8651 67.1863 46.5296 30.2655 51.3517 40.3351 58.0165 57.1726 62.0725 26.1725 45.8912 73.2808 22.561 11.6619 29.9703 42.0595 46.9574 0.0 68.1676 43.0051 
44.0061 42.72 10.0 6.32456 75.5381 108.929 44.8403 70.3975 59.4762 47.676 16.1245 19.0263 72.0278 26.9258 87.2353 84.4038 61.5224 71.4228 35.4401 47.5184 51.7211 91.2688 96.1397 64.56 96.93 28.1603 12.53 11.1803 97.2387 82.4158 97.2586 16.1245 46.8231 56.7329 60.9354 75.0271 25.632 68.1676 0.0 36.7332 
7.28011 35.1141 35.2388 37.5215 60.4428 73.2522 17.0 44.4442 26.0768 51.3259 34.2195 21.4261 53.2628 15.0505 60.4152 54.626 71.6028 38.833 53.0488 31.5622 16.4012 62.6259 60.4624 50.0813 62.9397 15.0 30.4327 25.7725 66.0379 47.3251 61.5813 38.0813 28.0587 38.5335 25.807 42.2019 27.2947 43.0051 36.7332 0.0 
DEMAND_SCENARIO_SECTION
0 0 0 0 0 0 0 0 0 0 0 0 0 0 0 0 0 0 0 0 0 0 0 0 0 0 0 0 0 0 0 0 0 0 0 0 0 0 0 0 0 0 0 0 0 0 0 0 0 0 
9 6 13 8 13 8 10 10 6 6 12 10 11 13 10 9 12 4 7 6 8 5 9 8 5 7 6 7 13 7 7 5 7 12 13 11 9 4 16 11 7 9 9 8 8 7 6 7 6 6 
3 3 3 3 2 6 3 6 3 2 6 3 6 0 1 6 0 6 8 6 2 5 3 4 5 5 6 3 5 6 3 1 6 2 4 1 0 4 4 2 4 4 5 0 4 6 6 7 4 6 
4 6 4 3 7 1 3 6 6 4 10 7 6 4 6 12 7 4 3 1 6 6 2 5 7 6 7 4 5 7 3 7 5 6 4 4 4 8 8 5 7 5 5 7 9 5 6 5 2 6 
6 10 9 11 8 8 17 10 9 11 9 9 12 9 9 8 8 7 13 9 5 7 9 10 12 10 10 8 6 11 13 5 5 8 15 7 12 11 10 13 11 12 6 11 9 10 14 14 3 5 
5 5 3 5 6 6 4 0 6 5 4 2 5 2 5 3 2 6 6 5 2 5 1 2 5 3 4 7 5 5 6 6 1 8 7 0 4 4 6 6 3 6 5 7 7 2 1 8 8 8 
4 9 8 8 9 8 14 8 8 11 5 10 7 7 4 8 7 8 6 10 7 7 6 4 13 0 8 10 5 10 7 7 11 9 8 6 3 8 6 9 4 6 12 6 5 7 5 5 7 6 
5 3 8 6 6 3 3 4 6 8 4 3 5 6 8 4 3 2 6 5 3 6 4 5 6 2 2 3 7 2 1 7 6 8 6 5 2 6 0 8 6 2 5 9 4 2 6 4 6 6 
1 4 2 2 3 5 7 2 4 2 3 5 2 1 4 2 4 1 1 2 4 4 1 5 3 3 5 3 3 1 2 5 2 6 2 2 4 2 6 6 5 5 1 2 3 7 2 2 2 4 
3 4 3 0 2 4 2 1 7 4 3 10 6 5 2 7 3 5 3 3 7 2 4 6 5 2 5 7 4 5 1 2 4 2 2 6 7 3 4 5 5 4 6 4 5 2 0 4 3 4 
5 6 6 3 1 6 6 6 4 5 9 4 6 2 3 0 3 5 5 8 7 1 4 8 4 1 3 3 3 4 4 7 3 2 4 4 8 6 3 11 7 6 4 8 7 1 4 8 4 6 
1 0 1 2 2 1 1 2 2 1 0 1 0 2 0 1 1 0 3 0 1 3 2 2 0 1 3 1 2 1 1 1 1 0 2 0 0 2 3 1 2 1 1 0 1 0 1 2 1 1 
2 0 3 0 1 1 4 1 0 0 0 3 2 0 0 0 2 0 3 1 0 0 0 2 1 1 2 0 0 0 2 0 0 2 1 0 1 1 1 0 1 1 2 0 0 2 1 1 2 1 
5 4 10 4 5 8 5 6 6 8 6 4 3 4 9 3 7 5 9 8 7 10 7 5 4 5 6 9 10 9 9 10 5 4 6 4 15 1 10 5 6 5 7 4 7 7 5 8 7 5 
11 12 10 10 11 6 8 13 6 12 6 12 8 6 10 11 13 10 8 9 4 13 10 10 10 8 10 8 11 8 11 10 10 4 3 12 8 7 11 8 17 9 4 8 9 11 8 7 8 10 
16 10 10 6 8 5 10 13 9 12 9 13 14 7 9 9 4 10 10 10 7 8 10 9 16 14 8 16 10 7 8 9 9 12 14 9 10 11 7 12 10 12 12 13 9 13 10 15 7 9 
1 1 1 1 0 3 3 2 2 2 0 2 3 0 0 3 3 0 2 3 2 2 4 2 4 1 0 3 2 0 1 1 3 2 2 3 3 1 0 4 0 3 3 1 3 3 7 3 2 1 
9 7 6 5 6 5 3 9 9 8 4 5 13 4 8 6 10 6 10 8 5 7 14 8 5 9 6 5 11 5 10 5 4 3 7 11 6 8 7 12 5 1 8 9 4 7 8 6 6 0 
1 1 1 2 1 1 0 0 2 2 3 1 0 0 2 2 1 1 3 2 2 0 2 2 1 0 1 0 2 1 2 1 1 0 0 0 2 0 0 1 2 2 0 2 0 0 0 1 1 2 
4 4 0 5 3 6 7 4 5 3 5 4 8 6 0 3 4 8 7 4 5 4 2 2 6 7 7 10 3 3 3 9 6 8 8 9 10 5 5 4 7 4 3 4 10 5 5 4 4 6 
9 6 0 5 3 6 7 5 3 4 6 6 6 4 5 6 7 2 2 5 5 6 7 3 1 6 8 5 5 5 4 5 8 6 2 4 0 6 5 4 0 5 2 8 2 7 5 8 4 7 
1 5 2 0 7 7 5 8 7 4 10 7 11 8 7 6 6 7 7 8 10 5 8 6 7 1 6 6 6 4 6 7 4 5 8 9 2 13 5 5 5 6 6 7 10 5 6 8 10 5 
8 6 7 9 14 8 16 5 6 8 5 11 11 14 8 12 3 9 11 10 14 8 12 13 12 9 9 9 3 10 7 13 5 12 13 17 7 3 8 13 9 7 11 10 4 4 9 15 8 9 
9 9 3 6 14 10 3 10 14 5 6 9 5 5 10 9 10 9 0 5 9 10 9 8 10 5 5 8 3 5 7 5 14 10 7 5 6 8 14 11 9 7 6 6 9 5 6 10 7 6 
21 6 13 11 12 14 11 12 8 10 13 12 10 14 11 5 7 19 7 9 10 9 7 9 7 6 11 21 14 12 6 8 11 4 7 10 11 8 10 16 5 10 4 8 11 9 10 9 15 12 
5 4 4 6 7 7 6 5 6 5 8 6 6 3 3 8 4 8 4 7 7 6 7 7 6 10 4 10 5 8 8 8 6 10 3 2 4 5 7 13 3 3 7 6 6 5 5 8 9 9 
2 4 2 3 2 3 2 0 2 0 1 1 1 2 1 2 2 2 2 4 0 1 2 3 3 0 3 1 2 4 0 0 3 2 4 2 1 3 4 3 2 4 0 3 5 2 1 2 2 2 
1 0 0 3 1 1 1 2 0 1 2 2 1 3 1 2 1 0 1 2 1 3 1 2 0 2 3 1 1 2 2 1 0 3 0 1 0 0 1 2 0 2 1 2 1 3 2 0 2 0 
12 10 5 13 9 13 9 13 11 10 14 11 4 17 11 13 13 9 6 8 7 12 12 11 11 10 11 15 9 11 3 7 12 13 10 9 6 10 15 12 6 10 11 13 8 6 8 9 7 11 
7 5 6 4 0 7 8 2 3 7 3 5 8 4 14 5 6 8 5 6 6 4 8 9 6 9 10 7 8 6 7 2 4 5 5 10 8 7 6 9 9 5 3 6 3 10 2 6 7 9 
3 7 4 4 6 7 5 4 7 1 5 3 4 8 5 4 4 4 0 5 1 5 8 4 9 8 6 3 4 5 8 7 6 5 7 4 9 7 4 8 1 7 8 6 3 5 6 5 4 4 
1 0 1 3 2 4 1 1 0 2 2 3 2 2 2 3 1 1 1 1 2 1 1 0 4 1 1 2 3 4 1 2 1 0 1 0 3 1 2 5 2 1 2 3 2 2 1 2 1 1 
5 1 5 9 1 7 8 10 3 8 9 6 6 5 11 8 9 10 9 6 10 14 4 8 7 6 14 9 8 8 5 10 10 9 4 4 9 8 11 4 12 13 7 9 12 8 6 4 11 10 
4 4 7 3 0 8 6 4 5 3 5 3 7 3 3 4 3 4 0 5 8 8 6 7 3 8 4 6 3 4 8 4 3 2 4 2 5 6 8 3 5 7 3 3 5 0 0 5 6 7 
5 4 8 4 5 4 5 3 4 5 0 4 7 3 5 4 1 5 7 2 8 5 4 4 4 3 3 7 5 5 3 5 5 7 4 3 5 5 3 0 5 4 6 4 9 7 3 3 5 8 
10 9 5 4 7 10 9 5 7 12 9 12 0 9 8 2 6 6 7 7 8 3 10 10 5 9 9 13 9 5 7 7 6 8 12 12 7 8 10 9 0 6 7 11 9 12 8 7 9 7 
7 7 9 11 5 5 9 11 14 5 7 8 12 11 9 7 12 9 12 18 9 10 7 9 5 14 10 5 10 8 6 14 14 2 9 13 3 3 5 3 9 6 7 5 2 15 13 8 11 8 
0 0 2 0 0 3 4 2 1 3 0 2 0 4 1 2 4 2 4 1 0 4 0 3 2 0 3 2 1 0 2 0 1 5 0 1 2 2 0 1 1 2 3 1 0 3 4 3 4 2 
15 6 10 10 9 7 6 13 6 12 15 10 10 7 10 6 8 4 12 10 9 7 7 5 6 10 10 10 14 15 7 10 5 7 10 8 8 11 10 6 10 8 8 11 11 8 8 13 9 12 
1 2 0 1 1 2 1 0 1 1 0 0 1 2 2 1 0 0 1 2 2 0 2 1 1 2 2 0 2 2 2 2 2 2 2 0 2 0 2 1 2 0 0 1 3 1 0 2 0 2 
DEPOT_SECTION
 1
 -1
EOF
