NAME  : Parada_40_6_0.95_1.00_8
TYPE : SVRP
MODEL : FINITE_SUPPORT
NUMBER_OF_SCENARIOS : 50
DIMENSION : 40
EDGE_WEIGHT_TYPE : MATRIX
CAPACITY : 37
N_VEHICLES : 6
NODE_COORD_SECTION
1 220290 407660
2 300260 207260
3 613020 126770
4 410110 489510
5 471840 252260
6 172040 322550
7 112600 18
8 138770 8246
9 196710 79732
10 345180 69077
11 420230 69715
12 236370 184310
13 318030 340990
14 530840 291330
15 518360 471790
16 367890 414550
17 429260 48766
18 231200 343540
19 404130 475780
20 52404 235490
21 286120 339950
22 269940 167780
23 371450 433940
24 518400 367710
25 299910 153040
26 573270 205750
27 419700 263730
28 89910 284450
29 337910 71400
30 671850 140830
31 318130 431280
32 634600 344310
33 427720 154510
34 424960 189270
35 320440 30545
36 721020 183080
37 291570 344600
38 377680 182040
39 134190 43859
40 27 146030
DEMAND_SECTION
1 0.0
2 2.0
3 9.0
4 1.0
5 10.0
6 10.0
7 4.0
8 10.0
9 3.0
10 4.0
11 4.0
12 8.0
13 1.0
14 9.0
15 6.0
16 6.0
17 8.0
18 2.0
19 10.0
20 7.0
21 7.0
22 8.0
23 4.0
24 5.0
25 2.0
26 2.0
27 1.0
28 7.0
29 5.0
30 1.0
31 4.0
32 10.0
33 6.0
34 6.0
35 5.0
36 5.0
37 9.0
38 3.0
39 9.0
40 1.0
DISTANCE_MATRIX
0.0 24.0208 54.6642 29.7588 55.7346 44.6116 61.4121 57.8166 43.0341 37.855 47.2969 39.4462 33.3836 35.27 43.6005 17.2066 47.4342 11.0 29.2074 58.1617 36.6128 33.6006 18.4536 68.6035 32.4694 45.7291 50.5884 61.4601 38.0789 62.7062 12.6158 73.5472 51.7471 32.5576 51.9711 67.426 36.9428 42.4264 53.7535 69.3603 
24.0208 0.0 75.9605 43.8292 44.4105 36.1386 77.6209 74.2024 59.9083 14.7648 71.0211 23.2594 24.9311 57.8705 56.287 32.573 70.8308 13.0384 43.8634 64.1484 28.1604 21.2132 32.6956 56.3271 55.0864 68.884 37.7882 66.6159 15.2643 78.0 26.0 61.0983 38.6264 56.4358 74.6059 81.8841 28.4904 19.3132 70.0 75.347 
54.6642 75.9605 0.0 34.0147 97.8229 65.5134 70.0357 67.4685 58.6941 87.1321 33.1361 93.295 62.0 19.4165 31.7805 43.4166 37.2156 63.9715 33.1361 81.4923 58.0086 86.96 43.7379 110.395 45.6508 11.1803 92.8395 84.9602 86.977 9.05539 50.2195 123.168 104.669 32.7567 48.1664 18.0278 58.0 95.2103 65.2534 86.3771 
29.7588 43.8292 34.0147 0.0 80.7588 33.541 71.4787 68.0278 54.3733 53.6144 44.5533 63.8905 28.0179 20.5913 14.8661 12.8062 46.8615 33.4215 2.23607 72.3693 24.0 58.7 11.4018 93.6277 40.8313 30.3645 74.4851 74.8793 53.3938 34.4819 18.0278 98.9625 77.1611 31.9061 55.7584 38.0789 24.0208 63.0714 64.3527 81.0595 
55.7346 44.4105 97.8229 80.7588 0.0 80.436 61.131 59.0085 51.2173 52.6308 77.1165 25.0799 69.208 78.8741 94.6005 68.2066 74.7231 48.2416 80.2074 33.541 72.4373 23.1948 69.4536 13.4164 56.9018 87.4586 7.07107 25.4951 53.6004 103.865 63.1321 25.5539 16.1245 67.1193 71.1332 111.722 72.7673 41.1461 56.0357 45.8803 
44.6116 36.1386 65.5134 33.541 80.436 0.0 101.618 98.1675 84.5131 35.609 77.0065 59.1354 14.1421 54.1202 35.0143 34.1874 78.7464 38.1368 35.3553 93.3658 16.1555 57.2721 31.0304 92.3526 70.971 63.6946 73.8138 97.1759 34.8281 63.1981 35.5096 97.0824 74.6324 63.0324 86.5863 63.1269 15.2315 49.93 94.4925 105.076 
61.4121 77.6209 70.0357 71.4787 61.131 101.618 0.0 3.60555 18.6011 92.2009 37.108 75.991 94.5771 58.1378 83.7437 69.1034 32.9848 68.6984 69.2623 28.0713 89.029 71.3934 71.4787 67.4759 30.6757 59.4138 61.0 36.0139 92.8009 78.7718 73.7607 83.4865 75.9539 41.3038 22.4722 87.6926 89.2714 89.1917 7.81025 21.6333 
57.8166 74.2024 67.4685 68.0278 59.0085 98.1675 3.60555 0.0 15.0 88.8144 34.7851 73.0757 90.9817 55.0364 80.4114 65.6525 30.6757 65.2582 65.8114 26.4764 85.5781 68.4599 68.0278 65.9242 27.2029 56.7186 58.5491 34.2345 89.4036 76.1183 70.1653 81.8841 73.5527 38.1182 20.5913 85.0 85.8205 85.9607 4.24264 21.9317 
43.0341 59.9083 58.6941 54.3733 51.2173 84.5131 18.6011 15.0 0.0 74.6257 29.0 61.3745 76.1991 43.566 67.2681 51.998 25.4951 50.9372 52.157 24.0416 79.4283 54.5512 54.3733 60.5392 14.0357 47.5395 49.163 29.6816 75.1665 66.7308 55.3827 75.8947 64.0703 26.6833 19.9249 75.2861 72.1661 72.8011 10.8167 27.8927 
37.855 14.7648 87.1321 53.6144 52.6308 35.609 92.2009 88.8144 74.6257 0.0 85.1469 28.1603 27.7849 70.0643 63.1354 44.1022 85.1645 27.2029 54.1295 78.2688 31.0316 29.7321 43.4166 63.3877 69.5747 81.0987 46.1736 70.1096 1.0 88.0962 37.1214 64.6297 43.0116 70.406 89.0942 91.1108 31.3616 14.8661 84.6286 89.4674 
47.2969 71.0211 33.1361 44.5533 77.1165 77.0065 37.108 34.7851 29.0 85.1469 0.0 80.5047 68.6586 25.5539 52.8394 44.8072 4.12311 58.0517 42.4264 53.0377 64.5373 73.5527 47.1699 88.2001 20.2485 23.0868 73.3894 58.258 85.3756 42.0476 51.2907 102.666 87.3613 14.8661 15.0333 51.0392 64.7797 88.1419 33.1059 55.0727 
39.4462 23.2594 93.295 63.8905 25.0799 59.1354 75.991 73.0757 61.3745 28.1603 80.5047 0.0 48.0645 73.9008 77.1234 51.4111 79.1581 30.4795 63.4114 51.9546 51.2937 7.0 52.4976 35.2278 61.0328 84.309 19.4165 44.8219 29.1548 96.9107 46.0109 37.9473 15.5242 67.4826 79.2275 101.631 51.6237 16.1245 69.3005 65.8027 
33.3836 24.9311 62.0 28.0179 69.208 14.1421 94.5771 90.9817 76.1991 27.7849 68.6586 48.0645 0.0 47.3008 35.4683 25.7192 70.2947 26.9088 29.1548 82.1378 4.12311 46.0441 22.5622 81.1246 65.6735 57.8705 62.5858 85.9479 27.2947 61.6604 27.4596 85.9829 63.5139 54.5654 85.0753 63.6003 4.0 40.4526 86.9185 93.8484 
35.27 57.8705 19.4165 20.5913 78.8741 54.1202 58.1378 55.0364 43.566 70.0643 25.5539 73.9008 47.3008 0.0 27.2947 26.0 28.6356 45.6185 18.7883 64.622 43.1796 67.5658 27.1662 91.4623 29.6142 11.0454 73.8907 67.5146 70.0286 25.0 33.0 104.22 85.3657 17.0294 38.8973 32.6497 43.4166 76.9359 52.0096 71.3863 
43.6005 56.287 31.7805 14.8661 94.6005 35.0143 83.7437 80.4114 67.2681 63.1354 52.8394 77.1234 35.4683 27.2947 0.0 27.2947 55.9017 46.7547 16.4924 85.3576 32.2025 72.3464 25.2389 107.469 53.4603 33.2415 88.3268 87.8677 62.6687 28.2843 31.241 112.804 90.9065 42.72 65.9242 28.4429 31.7805 75.4447 76.9415 94.0479 
17.2066 32.573 43.4166 12.8062 68.2066 34.1874 69.1034 65.6525 51.998 44.1022 44.8072 51.4111 25.7192 26.0 27.2947 0.0 46.2629 21.095 12.0416 72.4281 21.5979 46.1477 3.16228 81.0754 38.456 37.0135 61.9328 75.7265 44.0454 45.618 7.0 86.4102 64.6088 30.5185 54.0712 50.2195 21.8403 51.8652 61.9774 83.6267 
47.4342 70.8308 37.2156 46.8615 74.7231 78.7464 32.9848 30.6757 25.4951 85.1645 4.12311 79.1581 70.2947 28.6356 55.9017 46.2629 0.0 57.9741 44.6878 49.5177 66.1734 72.1734 48.6382 85.151 18.2483 27.0185 71.1688 55.0 85.44 46.0977 52.7464 100.369 85.3756 15.8114 11.0 55.0818 66.4158 87.4698 29.0689 51.1077 
11.0 13.0384 63.9715 33.4215 48.2416 38.1368 68.6984 65.2582 50.9372 27.2029 58.0517 30.4795 26.9088 45.6185 46.7547 21.095 57.9741 0.0 33.0151 55.7957 30.138 25.6125 22.0227 60.1582 42.3938 56.6203 41.6193 59.0771 27.5136 66.6483 15.5563 66.0967 44.2041 43.4166 61.9134 71.2811 30.468 31.5753 61.0466 66.9944 
29.2074 43.8634 33.1361 2.23607 80.2074 35.3553 69.2623 65.8114 52.157 54.1295 42.4264 63.4114 29.1548 18.7883 16.4924 12.0416 44.6878 33.0151 0.0 70.1529 25.0799 58.1486 11.1803 93.0763 38.6149 28.8617 73.9337 72.6629 53.9351 34.176 17.8885 98.4111 76.6097 29.6816 53.535 38.2753 25.1794 63.1585 62.1363 78.8431 
58.1617 64.1484 81.4923 72.3693 33.541 93.3658 28.0713 26.4764 24.0416 78.2688 53.0377 51.9546 82.1378 64.622 85.3576 72.4281 49.5177 55.7957 70.1529 0.0 85.367 47.6588 73.6751 39.4588 35.8469 70.3278 34.5398 8.06226 78.9484 89.0 67.8373 55.4437 49.0408 48.7647 42.72 97.17 85.6971 67.3304 24.3516 14.1421 
36.6128 28.1604 58.0086 24.0 72.4373 16.1555 89.029 85.5781 79.4283 31.0316 64.5373 51.2937 4.12311 43.1796 32.2025 21.5979 66.1734 30.138 25.0799 85.367 0.0 49.2733 18.4409 84.3538 58.3816 53.7587 65.815 89.1771 30.5649 57.8705 22.9201 89.2121 66.7431 50.4442 73.9969 60.0833 1.0 43.6818 90.1477 97.0776 
33.6006 21.2132 86.96 58.7 23.1948 57.2721 71.3934 68.4599 54.5512 29.7321 73.5527 7.0 46.0441 67.5658 72.3464 46.1477 72.1734 25.6125 58.1486 47.6588 49.2733 0.0 47.3814 35.1283 54.037 77.9333 16.4924 40.5366 30.6757 91.8572 41.1096 40.7063 18.6011 60.6383 72.2496 96.3671 49.6033 20.5183 64.6847 61.5131 
18.4536 32.6956 43.7379 11.4018 69.4536 31.0304 71.4787 68.0278 54.3733 43.4166 47.1699 52.4976 22.5622 27.1662 25.2389 3.16228 48.6382 22.0227 11.1803 73.6751 18.4409 47.3814 0.0 82.3225 40.8313 38.0526 63.1799 76.9736 43.2897 45.31 6.7082 87.6573 65.8559 32.8938 56.4465 49.3964 18.6833 52.0 64.3527 84.8738 
68.6035 56.3271 110.395 93.6277 13.4164 92.3526 67.4759 65.9242 60.5392 63.3877 88.2001 35.2278 81.1246 91.4623 107.469 81.0754 85.151 60.1582 93.0763 39.4588 84.3538 35.1283 82.3225 0.0 69.2717 100.014 20.2485 31.7805 64.3817 116.453 76.0009 16.0312 21.5407 79.5784 80.4114 124.31 84.6838 50.448 63.561 49.163 
32.4694 55.0864 45.6508 40.8313 56.9018 70.971 30.6757 27.2029 14.0357 69.5747 20.2485 61.0328 65.6735 29.6142 53.4603 38.456 18.2483 42.3938 38.6149 35.8469 58.3816 54.037 40.8313 69.2717 0.0 34.4819 53.1413 39.6989 69.9042 53.3104 44.8179 82.451 67.1863 13.0 19.6977 61.6847 58.624 70.0357 23.5372 41.7732 
45.7291 68.884 11.1803 30.3645 87.4586 63.6946 59.4138 56.7186 47.5395 81.0987 23.0868 84.309 57.8705 11.0454 33.2415 37.0135 27.0185 56.6203 28.8617 70.3278 53.7587 77.9333 38.0526 100.014 34.4819 0.0 82.4812 73.87 81.0555 19.4165 44.0114 112.81 95.6307 21.6333 38.0132 28.2843 53.9351 87.9376 54.3415 75.2728 
50.5884 37.7882 92.8395 74.4851 7.07107 73.8138 61.0 58.5491 49.163 46.1736 73.3894 19.4165 62.5858 73.8907 88.3268 61.9328 71.1688 41.6193 73.9337 34.5398 65.815 16.4924 63.1799 20.2485 53.1413 82.4812 0.0 26.8328 47.1275 99.922 57.0181 30.4795 15.0333 62.6498 68.7314 106.738 66.145 35.5106 55.2268 47.8853 
61.4601 66.6159 84.9602 74.8793 25.4951 97.1759 36.0139 34.2345 29.6816 70.1096 58.258 44.8219 85.9479 67.5146 87.8677 75.7265 55.0 59.0771 72.6629 8.06226 89.1771 40.5366 76.9736 31.7805 39.6989 73.87 26.8328 0.0 71.0628 92.1581 71.1357 47.676 41.1096 52.2402 49.1935 100.149 89.5072 60.2082 31.7805 21.095 
38.0789 15.2643 86.977 53.3938 53.6004 34.8281 92.8009 89.4036 75.1665 1.0 85.3756 29.1548 27.2947 70.0286 62.6687 44.0454 85.44 27.5136 53.9351 78.9484 30.5649 30.6757 43.2897 64.3817 69.9042 81.0555 47.1275 71.0628 0.0 87.8756 37.054 65.6201 44.0114 70.6116 89.4237 90.6441 30.8949 15.8114 85.2115 90.147 
62.7062 78.0 9.05539 34.4819 103.865 63.1981 78.7718 76.1183 66.7308 88.0962 42.0476 96.9107 61.6604 25.0 28.2843 45.618 46.0977 66.6483 34.176 89.0 57.8705 91.8572 45.31 116.453 53.3104 19.4165 99.922 92.1581 87.8756 0.0 52.0 130.251 109.687 40.3113 57.0789 9.0 57.7062 97.3088 73.7564 94.5569 
12.6158 26.0 50.2195 18.0278 63.1321 35.5096 73.7607 70.1653 55.3827 37.1214 51.2907 46.0109 27.4596 33.0 31.241 7.0 52.7464 15.5563 17.8885 67.8373 22.9201 41.1096 6.7082 76.0009 44.8179 44.0114 57.0181 71.1357 37.054 52.0 0.0 81.4955 59.6657 37.002 64.2197 56.0803 23.1625 45.31 66.1021 79.0359 
73.5472 61.0983 123.168 98.9625 25.5539 97.0824 83.4865 81.8841 75.8947 64.6297 102.666 37.9473 85.9829 104.22 112.804 86.4102 100.369 66.0967 98.4111 55.4437 89.2121 40.7063 87.6573 16.0312 82.451 112.81 30.4795 47.676 65.6201 130.251 81.4955 0.0 22.4722 92.6499 95.8175 137.067 89.5422 50.1597 79.4292 65.0692 
51.7471 38.6264 104.669 77.1611 16.1245 74.6324 75.9539 73.5527 64.0703 43.0116 87.3613 15.5242 63.5139 85.3657 90.9065 64.6088 85.3756 44.2041 76.6097 49.0408 66.7431 18.6011 65.8559 21.5407 67.1863 95.6307 15.0333 41.1096 44.0114 109.687 59.6657 22.4722 0.0 75.9102 83.4865 114.828 67.0731 29.2746 70.2567 61.8466 
32.5576 56.4358 32.7567 31.9061 67.1193 63.0324 41.3038 38.1182 26.6833 70.406 14.8661 67.4826 54.5654 17.0294 42.72 30.5185 15.8114 43.4166 29.6816 48.7647 50.4442 60.6383 32.8938 79.5784 13.0 21.6333 62.6498 52.2402 70.6116 40.3113 37.002 92.6499 75.9102 0.0 23.8537 48.7032 50.6866 74.0 35.0 54.5711 
51.9711 74.6059 48.1664 55.7584 71.1332 86.5863 22.4722 20.5913 19.9249 89.0942 15.0333 79.2275 85.0753 38.8973 65.9242 54.0712 11.0 61.9134 53.535 42.72 73.9969 72.2496 56.4465 80.4114 19.6977 38.0132 68.7314 49.1935 89.4237 57.0789 64.2197 95.8175 83.4865 23.8537 0.0 66.0681 74.2393 89.2693 19.8494 42.0119 
67.426 81.8841 18.0278 38.0789 111.722 63.1269 87.6926 85.0 75.2861 91.1108 51.0392 101.631 63.6003 32.6497 28.4429 50.2195 55.0818 71.2811 38.2753 97.17 60.0833 96.3671 49.3964 124.31 61.6847 28.2843 106.738 100.149 90.6441 9.0 56.0803 137.067 114.828 48.7032 66.0681 0.0 59.7746 101.074 82.5651 103.16 
36.9428 28.4904 58.0 24.0208 72.7673 15.2315 89.2714 85.8205 72.1661 31.3616 64.7797 51.6237 4.0 43.4166 31.7805 21.8403 66.4158 30.468 25.1794 85.6971 1.0 49.6033 18.6833 84.6838 58.624 53.9351 66.145 89.5072 30.8949 57.7062 23.1625 89.5422 67.0731 50.6866 74.2393 59.7746 0.0 44.0119 82.1455 97.4076 
42.4264 19.3132 95.2103 63.0714 41.1461 49.93 89.1917 85.9607 72.8011 14.8661 88.1419 16.1245 40.4526 76.9359 75.4447 51.8652 87.4698 31.5753 63.1585 67.3304 43.6818 20.5183 52.0 50.448 70.0357 87.9376 35.5106 60.2082 15.8114 97.3088 45.31 50.1597 29.2746 74.0 89.2693 101.074 44.0119 0.0 81.9014 81.1847 
53.7535 70.0 65.2534 64.3527 56.0357 94.4925 7.81025 4.24264 10.8167 84.6286 33.1059 69.3005 86.9185 52.0096 76.9415 61.9774 29.0689 61.0466 62.1363 24.3516 90.1477 64.6847 64.3527 63.561 23.5372 54.3415 55.2268 31.7805 85.2115 73.7564 66.1021 79.4292 70.2567 35.0 19.8494 82.5651 82.1455 81.9014 0.0 22.2036 
69.3603 75.347 86.3771 81.0595 45.8803 105.076 21.6333 21.9317 27.8927 89.4674 55.0727 65.8027 93.8484 71.3863 94.0479 83.6267 51.1077 66.9944 78.8431 14.1421 97.0776 61.5131 84.8738 49.163 41.7732 75.2728 47.8853 21.095 90.147 94.5569 79.0359 65.0692 61.8466 54.5711 42.0119 103.16 97.4076 81.1847 22.2036 0.0 
DEMAND_SCENARIO_SECTION
0 0 0 0 0 0 0 0 0 0 0 0 0 0 0 0 0 0 0 0 0 0 0 0 0 0 0 0 0 0 0 0 0 0 0 0 0 0 0 0 0 0 0 0 0 0 0 0 0 0 
2 2 1 2 2 1 3 0 3 2 0 2 3 1 3 2 5 4 4 0 3 2 0 2 3 1 1 2 4 3 2 0 1 2 1 1 4 4 5 1 0 0 2 4 2 4 3 1 1 4 
4 8 13 9 11 9 10 13 8 9 10 8 7 11 6 9 9 7 12 9 7 10 10 9 9 8 11 6 4 7 7 9 9 13 13 10 4 10 6 15 11 6 5 6 11 5 12 10 9 5 
2 1 0 2 1 2 0 1 2 1 1 1 1 2 1 2 2 2 3 0 0 1 0 1 0 1 2 1 1 2 2 1 2 2 1 1 0 2 1 0 1 0 1 2 0 2 2 1 2 0 
14 10 13 11 8 9 8 10 12 8 13 11 10 11 9 12 11 14 10 11 5 8 14 11 11 11 15 12 6 10 10 9 9 16 10 16 12 13 13 10 5 10 5 6 12 6 7 12 13 10 
7 11 9 10 10 17 13 10 4 11 10 12 8 12 8 10 10 11 8 9 7 10 9 7 9 7 11 14 12 11 12 7 8 7 7 10 8 14 5 14 10 7 7 13 12 9 4 9 9 8 
4 4 3 7 5 4 3 3 0 0 0 5 2 4 6 4 7 4 3 6 2 4 5 4 2 4 7 3 4 4 5 4 1 1 7 5 5 1 6 6 4 6 2 5 8 3 4 5 3 8 
10 10 16 5 9 11 6 11 13 6 8 8 5 13 9 9 9 17 11 16 9 8 14 11 7 8 6 14 9 6 10 12 6 8 10 4 8 9 11 7 8 11 10 10 8 13 10 4 3 6 
3 3 5 5 3 4 4 3 6 4 4 0 3 3 3 2 5 6 4 3 3 4 3 3 3 6 6 4 3 3 5 1 4 3 2 2 4 5 4 0 6 2 1 3 1 5 1 3 3 3 
8 6 4 3 3 3 2 1 2 5 6 6 5 3 4 4 2 7 4 6 3 9 3 7 7 3 8 3 6 7 4 2 7 5 4 3 4 4 7 7 1 6 7 5 4 2 4 3 5 1 
2 0 6 4 6 1 7 1 2 5 0 5 4 5 3 5 2 1 5 0 4 4 7 4 6 3 7 5 3 5 1 7 0 5 4 7 4 2 4 7 0 3 3 4 4 4 4 8 3 1 
4 5 4 11 11 8 12 8 10 7 8 7 9 8 7 5 12 13 5 6 8 12 14 9 10 7 6 9 8 7 8 17 7 10 6 10 9 8 6 8 8 11 6 6 10 6 9 5 9 4 
1 1 0 1 3 0 2 0 1 0 0 1 1 1 0 3 1 2 1 1 1 1 0 0 2 1 2 1 0 2 0 3 2 2 0 2 0 1 2 1 1 1 1 3 0 1 1 0 2 2 
8 10 3 11 11 6 11 13 12 9 9 6 13 9 13 9 17 11 9 9 5 13 10 7 10 10 10 12 11 9 10 9 9 12 3 10 11 6 10 8 8 9 8 10 5 8 5 8 6 6 
4 11 7 4 5 9 7 8 2 7 6 6 9 2 5 4 8 13 6 5 6 4 2 7 9 7 0 4 7 5 6 4 5 8 4 6 7 8 12 7 8 5 1 1 8 4 9 5 2 4 
9 6 8 7 4 4 5 8 5 4 9 2 6 5 5 6 5 5 8 11 9 3 6 4 7 8 8 12 5 7 8 7 11 12 4 8 10 3 3 6 5 8 7 7 6 8 6 8 10 8 
11 9 10 8 7 9 7 12 8 6 7 13 13 8 10 9 8 9 6 3 6 15 8 9 6 9 4 6 10 4 14 9 11 8 15 0 10 8 8 7 9 8 6 6 5 5 5 7 8 8 
3 4 2 2 1 1 2 7 3 3 3 2 5 0 0 4 4 3 5 0 2 1 2 4 4 2 3 3 1 2 3 2 3 0 4 4 1 3 1 3 4 3 3 5 3 0 0 0 2 2 
9 5 16 10 13 11 10 9 17 17 12 7 6 12 8 6 15 10 12 12 10 12 6 13 14 10 9 13 13 11 9 8 11 15 14 9 13 10 8 11 7 10 13 14 9 10 4 13 9 12 
12 7 8 9 10 4 6 7 3 9 3 6 10 7 10 7 6 8 5 5 3 11 6 6 7 7 6 3 6 9 7 9 9 6 4 3 3 9 6 4 10 7 11 4 6 7 11 7 11 9 
5 9 12 8 3 4 5 6 9 5 8 5 5 9 6 8 10 5 7 7 6 8 7 6 10 10 11 10 9 2 13 10 7 8 6 6 7 9 7 7 0 7 4 4 11 5 11 2 1 11 
6 9 3 10 7 7 8 11 5 6 13 4 10 12 9 4 10 8 11 9 5 3 9 6 9 10 5 5 14 5 8 9 5 11 10 8 7 7 9 7 10 13 9 9 5 7 4 8 8 7 
5 7 0 5 3 0 1 5 3 1 3 4 2 4 2 3 6 5 6 6 4 3 2 2 2 2 9 7 4 4 3 4 3 2 3 5 2 3 6 3 2 1 6 2 5 1 2 7 6 3 
11 7 3 3 4 4 4 6 6 5 4 3 4 3 2 10 9 4 8 8 4 6 6 6 8 5 1 12 4 6 4 6 4 8 5 10 5 4 0 5 4 4 11 6 6 7 4 2 6 3 
0 3 0 3 0 3 2 5 1 3 3 3 2 0 2 3 5 3 1 4 2 1 4 1 4 2 2 1 1 3 3 3 2 1 0 0 2 0 3 1 2 2 1 2 1 2 4 2 1 3 
2 0 2 2 4 3 2 0 3 3 1 1 0 4 2 1 0 1 2 1 2 1 1 0 1 3 2 0 1 3 2 4 1 4 2 2 2 1 2 3 0 5 1 1 3 5 1 0 3 2 
2 0 1 2 1 0 1 1 2 1 1 0 3 2 0 0 2 2 1 2 0 1 1 0 1 0 2 0 0 3 2 1 2 2 2 1 0 1 1 0 0 2 2 1 1 1 2 3 2 1 
8 10 5 10 6 9 8 11 3 7 6 10 10 3 10 5 3 5 9 6 0 10 7 6 10 4 5 7 9 6 7 3 3 7 4 9 9 7 10 0 10 3 9 10 5 12 4 11 5 12 
4 6 8 6 7 9 3 5 3 9 2 9 8 7 3 3 6 2 1 3 3 4 6 2 4 2 5 4 8 1 5 3 4 6 2 4 6 10 6 6 4 5 5 2 3 3 4 2 7 3 
0 2 0 2 1 2 1 0 2 0 1 3 2 2 1 1 1 1 0 0 1 0 2 0 1 0 1 2 2 1 2 0 2 1 1 1 1 2 1 0 0 0 1 0 2 2 1 3 1 1 
7 2 0 4 6 3 3 9 5 3 1 5 6 2 5 4 5 0 4 4 5 2 6 9 6 5 7 5 6 1 3 2 3 5 6 4 2 3 4 4 6 4 3 3 4 4 5 2 5 4 
10 9 9 12 10 13 9 11 10 5 11 10 10 12 8 9 14 11 2 12 15 1 12 15 5 14 8 7 7 13 15 12 11 8 8 8 8 8 11 17 13 10 11 2 12 9 13 8 11 12 
2 0 11 8 9 2 2 7 5 1 1 8 7 3 9 8 6 2 6 7 5 6 9 5 3 10 3 6 3 13 9 4 7 8 5 4 7 4 6 6 3 6 6 10 6 7 3 5 8 2 
8 8 6 6 9 2 6 12 10 5 3 5 5 8 5 7 10 7 5 2 5 8 5 10 5 7 7 8 6 6 5 6 2 5 7 7 4 8 7 7 6 7 7 8 4 11 4 5 9 6 
10 4 6 4 3 5 8 4 4 2 2 6 1 5 5 2 3 6 5 7 4 5 4 7 6 5 7 5 5 8 6 9 2 4 7 3 5 9 4 6 2 5 6 6 7 4 7 5 6 1 
8 2 8 0 7 7 3 9 5 12 4 3 8 2 0 4 5 0 1 11 7 0 6 5 6 4 3 8 4 8 6 4 11 7 6 7 6 5 7 5 3 5 5 7 6 7 1 9 7 9 
7 11 7 12 9 2 11 5 9 14 8 4 9 6 10 12 8 9 11 13 7 4 10 7 7 11 5 9 10 15 12 7 10 11 14 9 6 7 8 10 5 10 16 4 10 7 8 11 6 15 
4 4 2 3 2 3 1 6 1 2 3 3 5 2 4 3 2 0 2 2 5 3 0 1 2 3 5 5 2 6 1 0 6 4 4 7 2 3 0 3 4 5 3 3 2 3 4 5 4 2 
9 5 11 10 8 14 11 4 10 11 13 11 11 7 8 2 1 8 9 6 7 14 14 15 9 7 4 10 14 3 4 6 14 5 7 9 11 14 8 7 11 6 5 7 11 12 14 9 8 6 
0 1 2 2 1 0 1 0 0 1 1 0 3 0 0 0 2 1 0 2 1 2 0 0 1 2 2 1 3 2 0 1 1 1 1 1 2 3 0 0 0 1 1 0 0 0 1 3 1 2 
DEPOT_SECTION
 1
 -1
EOF
