NAME  : Parada_40_6_0.95_1.00_6
TYPE : SVRP
MODEL : FINITE_SUPPORT
NUMBER_OF_SCENARIOS : 50
DIMENSION : 40
EDGE_WEIGHT_TYPE : MATRIX
CAPACITY : 37
N_VEHICLES : 6
NODE_COORD_SECTION
1 411420 170120
2 755560 253240
3 309830 18
4 548090 428300
5 358680 231780
6 495340 225530
7 159220 303630
8 565750 205540
9 595980 206820
10 758870 102530
11 376980 80980
12 613720 373090
13 678280 208330
14 607990 290740
15 133820 386020
16 437790 165390
17 659930 184160
18 544930 272790
19 27 360640
20 748450 268210
21 163620 331120
22 341830 223790
23 646090 368930
24 195010 355700
25 552030 284070
26 493410 209340
27 354060 272360
28 265740 283540
29 379510 39984
30 806690 224470
31 652970 451870
32 749110 128510
33 181260 185470
34 433150 335350
35 486540 275520
36 286350 251570
37 248650 57995
38 216700 427490
39 244920 272880
40 317590 167990
DEMAND_SECTION
1 0.0
2 6.0
3 4.0
4 6.0
5 5.0
6 5.0
7 8.0
8 8.0
9 7.0
10 2.0
11 7.0
12 1.0
13 4.0
14 2.0
15 3.0
16 10.0
17 9.0
18 10.0
19 5.0
20 5.0
21 2.0
22 2.0
23 1.0
24 3.0
25 4.0
26 9.0
27 4.0
28 4.0
29 10.0
30 1.0
31 9.0
32 5.0
33 9.0
34 10.0
35 3.0
36 7.0
37 1.0
38 5.0
39 8.0
40 8.0
DISTANCE_MATRIX
0.0 47.2984 57.8275 33.534 14.8661 12.6491 39.1152 35.7351 23.0868 52.2272 42.642 46.1736 43.2783 25.3441 49.0918 5.0 38.9517 26.2195 75.068 46.6186 40.0125 16.4012 30.0666 47.1275 25.375 17.0294 13.1529 28.4605 47.6987 54.4209 41.373 53.9428 40.4969 33.2415 24.3311 22.1359 49.2932 45.607 26.3059 57.4314 
47.2984 0.0 56.2939 59.1354 48.1041 35.8899 78.1089 24.7386 25.4959 65.0077 90.0391 26.4008 13.0384 21.9545 87.6413 42.551 11.0454 25.318 86.7295 7.81025 80.4114 51.264 30.4138 81.2197 27.2947 64.4205 54.5894 64.846 46.2385 11.0454 38.3275 63.0714 69.2604 80.5753 67.7766 59.808 67.7265 88.5494 65.5515 40.3113 
57.8275 56.2939 0.0 89.627 42.97 55.4223 44.9756 31.5753 60.9012 103.725 77.4095 75.6176 44.2832 43.6291 48.8492 48.4662 45.3542 34.5602 32.2025 62.6418 49.0979 41.8359 68.1338 37.3974 32.9993 71.2429 48.9543 37.9365 13.0 67.2681 80.0299 103.378 25.3305 83.0835 76.4544 41.1348 8.544 60.7703 43.0194 31.9061 
33.534 59.1354 89.627 0.0 46.9037 38.6015 63.1348 67.4964 36.0454 20.1246 44.0454 43.8634 64.4185 51.1479 72.0139 38.4663 58.4414 60.2734 106.856 55.4617 62.1691 47.8017 29.5296 74.0608 61.7724 20.2485 41.7253 56.7274 81.2119 62.6498 30.0 23.0868 70.7107 28.1603 20.3961 50.9313 81.0927 62.2443 52.8015 89.9653 
14.8661 48.1041 42.97 46.9037 0.0 23.0868 30.0832 31.4516 32.2653 65.5969 49.2105 56.4487 41.6173 26.6833 39.8121 11.6619 38.4708 23.8537 60.2106 51.1957 32.311 3.16228 42.0595 35.1283 22.2036 29.4109 9.48683 17.1172 45.2942 58.2409 54.231 67.3125 26.4008 42.6316 35.5106 11.7047 34.4357 41.0488 17.4642 52.2572 
12.6491 35.8899 55.4223 38.6015 23.0868 0.0 51.0098 37.751 10.4403 48.3865 53.8829 34.0 45.2391 27.3049 61.0082 12.0416 34.9658 28.1803 82.2543 33.971 52.2398 25.7099 18.9737 57.8705 27.3358 28.2643 25.0799 39.3192 49.7138 41.7733 31.305 48.0398 49.3964 44.4191 35.4881 33.1361 56.4794 58.2409 38.0 59.4401 
39.1152 78.1089 44.9756 63.1348 30.0832 51.0098 0.0 60.5199 61.131 83.2406 34.7851 85.0059 70.7959 56.7539 10.0 39.0512 68.1542 53.3104 56.4358 81.2527 4.12311 26.9258 69.1809 12.53 51.4782 42.9418 26.0192 13.4164 55.8886 88.3233 80.0761 85.8662 19.6469 45.6027 44.954 18.4391 36.4413 15.8114 13.0384 71.3672 
35.7351 24.7386 31.5753 67.4964 31.4516 37.751 60.5199 0.0 33.6269 75.8452 80.426 46.0977 13.0384 17.72 68.0139 31.0161 13.9284 10.0499 62.2415 31.3847 63.1869 34.4222 40.8595 59.4643 10.4403 52.9123 40.0347 47.1178 21.9545 35.6931 52.6972 74.7618 46.5725 68.9493 60.1361 42.7241 39.14 72.4308 48.5543 23.3452 
23.0868 25.4959 60.9012 36.0454 32.2653 10.4403 61.131 33.6269 0.0 45.607 64.1136 24.1868 30.5489 17.2784 71.1126 22.0907 24.5719 26.4038 92.4821 23.5771 62.514 35.1283 12.0416 67.365 27.9029 38.34 35.3553 49.0408 53.9898 31.3794 24.7588 44.9444 65.8643 55.2494 44.646 43.0 68.9748 68.6804 48.0937 56.0958 
52.2272 65.0077 103.725 20.1246 65.5969 48.3865 83.2406 75.8452 45.607 0.0 62.3939 42.72 72.6911 59.4967 92.1358 57.1594 66.7533 70.0584 125.561 59.3043 82.2922 66.5431 35.2278 94.0319 71.5575 40.3113 61.0737 76.4003 97.6444 65.1153 27.6586 4.47214 90.0278 46.3897 40.1622 70.4344 99.7859 81.9638 72.6705 98.3141 
42.642 90.0391 77.4095 44.0454 49.2105 53.8829 34.7851 80.426 64.1136 62.3939 0.0 81.4371 86.019 68.0847 39.1152 47.2631 81.6923 68.7105 90.8802 87.6902 31.3847 46.6166 64.405 47.1699 67.8651 29.9666 40.4715 40.0779 83.8609 95.4924 70.8802 66.1891 52.6527 16.0312 24.7386 40.0022 68.8753 24.0832 35.4418 99.3395 
46.1736 26.4008 75.6176 43.8634 56.4487 34.0 85.0059 46.0977 24.1868 42.72 81.4371 0.0 38.0132 32.6956 95.0053 46.0109 33.3017 41.1825 107.198 18.9737 86.1452 59.3043 17.088 91.5478 42.9418 51.4782 59.0339 73.171 67.8012 23.0 15.2315 39.8121 82.0077 67.7422 57.3062 67.0671 84.6982 91.4138 72.0 65.8027 
43.2783 13.0384 44.2832 64.4185 41.6173 45.2391 70.7959 13.0384 30.5489 72.6911 86.019 38.0132 0.0 19.6977 80.0606 38.5309 6.0 17.8045 74.0 20.6155 73.4629 44.6542 37.4833 72.1384 19.4165 60.4004 49.5782 57.3937 33.5261 23.4094 47.7598 71.3863 59.439 76.5552 67.6242 53.0 52.0384 82.662 58.8303 27.8029 
25.3441 21.9545 43.6291 51.1479 26.6833 27.3049 56.7539 17.72 17.2784 59.4967 68.0847 32.6956 19.6977 0.0 66.4906 20.5967 14.4222 9.21954 75.21 24.5153 58.8218 29.8329 24.5109 61.0737 10.6301 42.4662 32.6497 43.7379 36.8782 31.6228 36.4071 58.4133 50.2494 58.6209 49.6899 38.3275 52.0055 66.6408 43.9659 41.0 
49.0918 87.6413 48.8492 72.0139 39.8121 61.0082 10.0 68.0139 71.1126 92.1358 39.1152 95.0053 80.0606 66.4906 0.0 49.0408 77.4919 62.6259 56.0803 91.0055 9.84886 36.6742 79.1581 11.7047 60.7476 52.0 36.0139 22.8035 63.4229 97.9847 89.9444 94.9368 24.2074 50.6619 53.6802 28.2843 40.3149 15.8114 23.0217 78.9015 
5.0 42.551 48.4662 38.4663 11.6619 12.0416 39.0512 31.0161 22.0907 57.1594 47.2631 46.0109 38.5309 20.5967 49.0408 0.0 34.2043 21.4709 71.6727 44.6343 40.4475 13.9284 30.8058 45.8912 20.6155 22.0227 13.3417 27.2947 42.7578 52.0116 42.72 58.8751 38.0132 37.9473 29.2746 21.095 45.8979 47.1699 26.0192 52.4905 
38.9517 11.0454 45.3542 58.4414 38.4708 34.9658 68.1542 13.9284 24.5719 66.7533 81.6923 33.3017 6.0 14.4222 77.4919 34.2043 0.0 14.8661 76.1577 17.4642 70.6824 41.5933 31.5753 70.798 16.7631 56.0738 45.8039 54.7814 35.7771 22.0907 42.1545 65.5134 58.4209 72.2286 63.2975 50.0899 56.6879 79.404 55.9017 32.7567 
26.2195 25.318 34.5602 60.2734 23.8537 28.1803 53.3104 10.0499 26.4038 70.0584 68.7105 41.1825 17.8045 9.21954 62.6259 21.4709 14.8661 0.0 66.1411 30.0666 55.9017 26.9258 33.6364 55.9422 2.0 43.3417 31.8277 39.9249 27.6586 36.1248 45.5326 67.5387 44.0454 59.3792 50.5654 35.3553 43.9973 64.8999 41.1825 33.1361 
75.068 86.7295 32.2025 106.856 60.2106 82.2543 56.4358 62.2415 92.4821 125.561 90.8802 107.198 74.0 75.21 56.0803 71.6727 76.1577 66.1411 0.0 93.6216 60.2993 59.0762 99.7146 45.0111 64.5802 88.3233 65.8635 53.4883 40.4969 97.4064 111.611 130.21 38.8973 99.5308 93.0215 57.6975 28.4253 71.0282 58.5235 53.0377 
46.6186 7.81025 62.6418 55.4617 51.1957 33.971 81.2527 31.3847 23.5771 59.3043 87.6902 18.9737 20.6155 24.5153 91.0055 44.6343 17.4642 30.0666 93.6216 0.0 83.2406 54.3415 26.0 85.3756 32.0624 58.3591 56.7151 68.2495 53.2259 7.81025 32.0 57.0351 74.0 75.2685 64.665 62.8172 73.6223 90.729 68.4105 48.1041 
40.0125 80.4114 49.0979 62.1691 32.311 52.2398 4.12311 63.1869 62.514 82.2922 31.3847 86.1452 73.4629 58.8218 9.84886 40.4475 70.6824 55.9017 60.2993 83.2406 0.0 29.1548 70.0071 15.8114 54.1202 42.1545 27.1662 16.4012 59.4689 90.4434 80.5047 85.0882 23.7697 42.3017 43.8393 20.6155 40.5636 11.7047 14.8661 74.9476 
16.4012 51.264 41.8359 47.8017 3.16228 25.7099 26.9258 34.4222 35.1283 66.5431 46.6166 59.3043 44.6542 29.8329 36.6742 13.9284 41.5933 26.9258 59.0762 54.3415 29.1548 0.0 44.643 32.249 25.2389 29.5466 8.0 14.0357 44.16 61.4003 56.648 68.2588 24.1868 42.0193 35.171 8.544 33.3016 38.0132 14.3178 55.2278 
30.0666 30.4138 68.1338 29.5296 42.0595 18.9737 69.1809 40.8595 12.0416 35.2278 64.405 17.088 37.4833 24.5109 79.1581 30.8058 31.5753 33.6364 99.7146 26.0 70.0071 44.643 0.0 76.6877 35.1354 34.4384 43.1856 58.0517 61.2224 33.121 12.8062 33.9559 68.352 51.0392 40.4969 51.788 76.2074 74.756 56.3205 63.3246 
47.1275 81.2197 37.3974 74.0608 35.1283 57.8705 12.53 59.4643 67.365 94.0319 47.1699 91.5478 72.1384 61.0737 11.7047 45.8912 70.798 55.9422 45.0111 85.3756 15.8114 32.249 76.6877 0.0 54.0473 53.8238 34.176 18.6815 50.3968 91.9239 88.3698 96.3846 13.6015 58.0286 56.3323 25.0 28.8631 26.0192 21.4709 69.1711 
25.375 27.2947 32.9993 61.7724 22.2036 27.3358 51.4782 10.4403 27.9029 71.5575 67.8651 42.9418 19.4165 10.6301 60.7476 20.6155 16.7631 2.0 64.5802 32.0624 54.1202 25.2389 35.1354 54.0473 0.0 42.4972 30.4138 38.0789 26.4008 38.1182 47.0316 69.0378 42.0476 58.5235 49.7209 33.6155 42.0858 63.2456 39.4462 33.0151 
17.0294 64.4205 71.2429 20.2485 29.4109 28.2643 42.9418 52.9123 38.34 40.3113 29.9666 51.4782 60.4004 42.4662 52.0 22.0227 56.0738 43.3417 88.3233 58.3591 42.1545 29.5466 34.4384 53.8238 42.4972 0.0 22.4722 36.7696 64.6997 65.8952 41.5933 42.9535 51.0882 17.8045 7.61577 31.241 62.7086 43.2897 32.6497 74.5337 
13.1529 54.5894 48.9543 41.7253 9.48683 25.0799 26.0192 40.0347 35.3553 61.0737 40.4715 59.0339 49.5782 32.6497 36.0139 13.3417 45.8039 31.8277 65.8635 56.7151 27.1662 8.0 43.1856 34.176 30.4138 22.4722 0.0 15.6525 51.2785 64.0924 54.5243 63.0079 29.0 34.2071 27.5136 9.43398 40.2492 34.0147 13.1529 60.8403 
28.4605 64.846 37.9365 56.7274 17.1172 39.3192 13.4164 47.1178 49.0408 76.4003 40.0779 73.171 57.3937 43.7379 22.8035 27.2947 54.7814 39.9249 53.4883 68.2495 16.4012 14.0357 58.0517 18.6815 38.0789 36.7696 15.6525 0.0 43.4248 75.1864 69.6901 78.492 14.7648 46.7627 40.2244 6.32456 29.4022 27.0185 5.09902 59.5343 
47.6987 46.2385 13.0 81.2119 45.2942 49.7138 55.8886 21.9545 53.9898 97.6444 83.8609 67.8012 33.5261 36.8782 63.4229 42.7578 35.7771 27.6586 40.4969 53.2259 59.4689 44.16 61.2224 50.3968 26.4008 64.6997 51.2785 43.4248 0.0 56.921 73.1185 97.2977 38.3299 80.5769 72.0247 44.7378 21.5407 70.4405 48.4194 19.2094 
54.4209 11.0454 67.2681 62.6498 58.2409 41.7733 88.3233 35.6931 31.3794 65.1153 95.4924 23.0 23.4094 31.6228 97.9847 52.0116 22.0907 36.1248 97.4064 7.81025 90.4434 61.4003 33.121 91.9239 38.1182 65.8952 64.0924 75.1864 56.921 0.0 37.4833 62.514 80.1561 82.8046 72.2011 69.9214 78.7671 98.1062 75.5844 49.2037 
41.373 38.3275 80.0299 30.0 54.231 31.305 80.0761 52.6972 24.7588 27.6586 70.8802 15.2315 47.7598 36.4071 89.9444 42.72 42.1545 45.5326 111.611 32.0 80.5047 56.648 12.8062 88.3698 47.0316 41.5933 54.5243 69.6901 73.1185 37.4833 0.0 25.0799 80.6226 56.0803 46.1736 63.3819 87.7844 84.0238 67.6765 74.686 
53.9428 63.0714 103.378 23.0868 67.3125 48.0398 85.8662 74.7618 44.9444 4.47214 66.1891 39.8121 71.3863 58.4133 94.9368 58.8751 65.5134 67.5387 130.21 57.0351 85.0882 68.2588 33.9559 96.3846 69.0378 42.9535 63.0079 78.492 97.2977 62.514 25.0799 0.0 91.8314 50.1597 43.4166 72.4224 101.501 85.2772 74.9466 97.2307 
40.4969 69.2604 25.3305 70.7107 26.4008 49.3964 19.6469 46.5725 65.8643 90.0278 52.6527 82.0077 59.439 50.2494 24.2074 38.0132 58.4209 44.0454 38.8973 74.0 23.7697 24.1868 68.352 13.6015 42.0476 51.0882 29.0 14.7648 38.3299 80.1561 80.6226 91.8314 0.0 61.4324 54.9181 19.8494 16.7963 35.4401 19.6977 56.0031 
33.2415 80.5753 83.0835 28.1603 42.6316 44.4191 45.6027 68.9493 55.2494 46.3897 16.0312 67.7422 76.5552 58.6209 50.6619 37.9473 72.2286 59.3792 99.5308 75.2685 42.3017 42.0193 51.0392 58.0286 58.5235 17.8045 34.2071 46.7627 80.5769 82.8046 56.0803 50.1597 61.4324 0.0 10.6301 41.8549 74.181 37.2156 42.2189 90.3096 
24.3311 67.7766 76.4544 20.3961 35.5106 35.4881 44.954 60.1361 44.646 40.1622 24.7386 57.3062 67.6242 49.6899 53.6802 29.2746 63.2975 50.5654 93.0215 64.665 43.8393 35.171 40.4969 56.3323 49.7209 7.61577 27.5136 40.2244 72.0247 72.2011 46.1736 43.4166 54.9181 10.6301 0.0 35.3553 67.6272 41.8617 35.7209 81.7574 
22.1359 59.808 41.1348 50.9313 11.7047 33.1361 18.4391 42.7241 43.0 70.4344 40.0022 67.0671 53.0 38.3275 28.2843 21.095 50.0899 35.3553 57.6975 62.8172 20.6155 8.544 51.788 25.0 33.6155 31.241 9.43398 6.32456 44.7378 69.9214 63.3819 72.4224 19.8494 41.8549 35.3553 0.0 32.6005 29.8329 5.83095 60.2165 
49.2932 67.7265 8.544 81.0927 34.4357 56.4794 36.4413 39.14 68.9748 99.7859 68.8753 84.6982 52.0384 52.0055 40.3149 45.8979 56.6879 43.9973 28.4253 73.6223 40.5636 33.3016 76.2074 28.8631 42.0858 62.7086 40.2492 29.4022 21.5407 78.7671 87.7844 101.501 16.7963 74.181 67.6272 32.6005 0.0 52.2361 34.4851 40.3113 
45.607 88.5494 60.7703 62.2443 41.0488 58.2409 15.8114 72.4308 68.6804 81.9638 24.0832 91.4138 82.662 66.6408 15.8114 47.1699 79.404 64.8999 71.0282 90.729 11.7047 38.0132 74.756 26.0192 63.2456 43.2897 34.0147 27.0185 70.4405 98.1062 84.0238 85.2772 35.4401 37.2156 41.8617 29.8329 52.2361 0.0 24.0832 86.2652 
26.3059 65.5515 43.0194 52.8015 17.4642 38.0 13.0384 48.5543 48.0937 72.6705 35.4418 72.0 58.8303 43.9659 23.0217 26.0192 55.9017 41.1825 58.5235 68.4105 14.8661 14.3178 56.3205 21.4709 39.4462 32.6497 13.1529 5.09902 48.4194 75.5844 67.6765 74.9466 19.6977 42.2189 35.7209 5.83095 34.4851 24.0832 0.0 63.898 
57.4314 40.3113 31.9061 89.9653 52.2572 59.4401 71.3672 23.3452 56.0958 98.3141 99.3395 65.8027 27.8029 41.0 78.9015 52.4905 32.7567 33.1361 53.0377 48.1041 74.9476 55.2278 63.3246 69.1711 33.0151 74.5337 60.8403 59.5343 19.2094 49.2037 74.686 97.2307 56.0031 90.3096 81.7574 60.2165 40.3113 86.2652 63.898 0.0 
DEMAND_SCENARIO_SECTION
0 0 0 0 0 0 0 0 0 0 0 0 0 0 0 0 0 0 0 0 0 0 0 0 0 0 0 0 0 0 0 0 0 0 0 0 0 0 0 0 0 0 0 0 0 0 0 0 0 0 
6 4 9 9 8 6 5 8 7 6 6 9 8 10 5 6 6 8 5 2 2 4 2 8 5 4 3 2 14 7 9 14 2 7 2 6 8 3 6 9 5 5 7 5 6 6 3 2 8 10 
2 7 4 4 4 5 8 5 5 1 1 0 4 0 5 7 4 4 2 6 3 8 3 7 4 5 4 5 3 2 0 5 4 3 3 2 7 2 2 3 5 4 3 4 5 5 5 4 4 6 
6 6 5 5 4 6 7 10 4 9 8 8 7 5 12 6 1 3 0 11 6 7 4 3 6 9 8 10 7 4 5 7 5 11 7 1 2 8 8 5 6 6 6 0 9 1 7 7 7 6 
6 7 6 6 6 2 5 4 3 7 7 5 4 4 6 5 9 5 5 6 0 7 6 2 5 10 7 4 3 5 7 7 4 5 3 5 4 6 3 4 2 4 4 5 4 5 7 7 7 6 
7 8 7 3 0 2 3 5 4 2 5 8 4 10 5 6 5 6 2 5 4 6 7 7 3 6 5 2 3 6 7 8 8 5 8 4 3 8 6 4 2 5 5 4 3 9 5 9 4 7 
10 8 17 5 7 10 9 15 12 13 5 9 8 6 6 3 11 7 8 9 8 10 9 9 10 2 11 7 8 9 6 8 12 10 15 7 8 9 1 11 7 9 9 9 10 8 5 8 9 11 
8 11 5 6 2 2 7 12 9 3 10 9 4 6 5 6 11 7 5 9 9 9 6 10 4 4 9 4 8 6 5 5 10 6 9 8 11 9 5 5 15 12 7 11 14 6 3 10 5 7 
5 6 4 6 7 9 6 4 8 8 6 0 7 6 7 3 7 10 7 9 7 13 9 12 5 6 0 8 8 5 3 9 9 4 5 5 10 10 6 4 5 6 4 5 6 7 10 5 1 6 
1 0 1 0 3 0 2 2 4 2 4 4 0 2 2 0 3 1 0 0 1 4 3 4 2 1 4 3 1 2 2 1 4 3 0 2 1 1 3 3 5 0 0 2 2 4 2 4 1 0 
6 6 7 6 8 0 9 6 8 6 8 5 8 8 9 5 5 11 8 8 5 8 6 9 9 3 4 8 9 4 6 11 7 6 7 7 12 11 9 8 7 9 10 8 7 5 4 12 6 7 
1 2 0 0 0 1 2 0 0 1 0 3 0 0 0 1 1 2 1 1 2 0 1 1 0 0 0 1 4 0 0 1 2 0 0 2 1 1 1 0 0 1 2 2 0 3 1 2 0 1 
3 2 0 7 4 3 5 7 6 3 3 1 5 4 5 5 4 2 6 5 5 6 5 6 3 3 5 3 2 1 5 1 3 1 6 4 3 1 0 3 4 1 5 6 2 2 4 6 0 3 
0 1 0 2 0 1 1 2 2 3 1 3 1 1 3 2 1 2 2 0 4 0 2 1 1 2 3 2 2 0 0 1 4 1 0 1 2 3 2 1 3 2 1 2 1 0 2 3 2 3 
6 2 2 3 4 1 3 3 0 2 3 2 7 3 2 3 0 2 5 7 5 2 1 5 4 4 1 3 1 5 2 4 3 3 0 4 5 0 1 5 1 4 1 5 1 0 2 3 2 7 
9 13 15 12 9 12 12 7 9 9 12 7 8 11 9 8 8 12 11 1 6 15 10 12 9 8 10 14 4 15 11 9 8 14 9 11 16 17 6 14 11 4 14 12 12 2 6 14 7 8 
11 8 8 11 7 12 3 9 11 9 13 12 10 6 11 7 8 8 7 5 15 6 11 6 8 11 8 2 8 0 14 9 8 9 9 4 7 12 5 11 9 13 11 5 11 9 7 12 5 8 
12 12 14 11 6 9 5 12 9 14 8 11 10 7 11 10 9 9 9 10 10 12 10 6 8 17 7 12 11 8 8 14 16 11 11 14 5 7 16 10 8 14 5 7 13 10 9 12 18 6 
5 3 7 7 8 4 3 8 5 5 5 3 5 7 3 5 4 4 5 9 6 4 7 3 5 5 8 2 3 5 3 4 7 6 3 5 10 0 8 5 3 5 6 7 5 5 3 1 6 6 
7 1 3 7 5 9 4 2 1 4 4 3 1 3 4 5 2 7 4 6 3 5 3 7 2 7 3 7 5 6 6 4 1 0 3 8 5 8 1 5 2 3 5 5 4 6 7 3 9 6 
4 3 3 0 1 0 2 1 5 2 0 3 3 5 1 4 3 1 2 0 0 1 3 2 1 2 2 3 3 0 0 2 3 3 3 2 2 2 1 2 4 2 1 2 0 2 3 1 4 5 
3 4 0 5 2 2 3 2 2 2 3 2 5 0 1 5 0 0 2 1 0 0 5 1 2 3 2 3 3 5 0 1 1 0 3 1 2 0 3 0 2 2 1 1 2 4 1 1 2 2 
2 2 1 0 3 1 1 2 1 0 1 1 1 0 0 3 1 2 2 1 2 0 0 2 0 0 1 2 2 2 2 0 2 1 1 0 3 0 2 1 0 1 0 2 2 0 0 2 0 3 
4 2 2 4 2 3 0 5 4 1 6 4 5 5 2 4 4 0 5 6 5 2 2 6 3 0 6 2 3 3 3 3 0 3 3 4 1 3 5 5 2 5 5 3 5 3 3 2 4 3 
6 2 4 4 3 5 4 3 1 5 3 4 5 4 5 4 2 4 6 0 5 0 4 5 5 2 4 5 2 2 2 2 4 4 4 9 3 5 4 1 3 4 6 2 5 3 2 3 3 5 
7 9 4 11 11 12 7 7 4 7 15 5 8 11 9 12 13 6 8 12 10 7 9 10 10 6 3 13 7 5 13 9 4 7 6 12 7 8 12 5 9 6 14 7 10 13 15 9 10 2 
7 6 5 4 5 2 5 4 7 5 6 3 5 4 1 9 7 5 3 5 3 6 7 2 4 5 6 2 5 5 6 4 3 5 3 0 6 5 6 5 2 5 0 6 0 6 11 2 6 2 
3 5 2 5 6 2 6 2 5 8 2 5 3 5 4 4 4 4 7 5 5 6 5 3 4 7 1 3 5 6 4 3 4 4 1 6 1 6 1 2 3 3 0 2 4 0 5 3 5 2 
10 6 10 8 8 9 12 5 8 4 11 17 12 7 11 10 11 10 8 7 4 11 9 10 10 15 10 16 10 9 13 16 8 10 9 12 18 10 10 12 3 8 10 9 11 12 11 5 12 10 
0 2 1 0 1 1 2 1 1 0 3 3 1 0 2 3 0 1 0 0 2 1 3 2 1 1 2 2 1 0 0 2 1 2 3 0 1 2 3 0 1 1 3 0 1 0 2 2 0 2 
10 11 12 11 7 14 8 10 11 8 11 11 10 8 14 13 6 7 13 10 12 9 13 13 10 10 11 12 6 8 10 7 10 7 4 7 9 10 11 13 5 8 7 12 7 10 13 10 9 9 
5 6 1 8 5 4 5 6 4 4 4 5 7 4 1 7 4 4 3 10 5 4 6 4 3 7 3 5 4 9 5 5 8 6 3 7 8 2 7 3 2 6 6 6 0 4 6 8 5 3 
8 2 5 15 11 9 13 7 11 12 7 6 7 10 13 9 5 11 16 9 5 7 6 7 10 10 9 14 8 13 6 11 12 11 9 5 11 2 10 10 5 13 9 13 10 7 7 10 16 8 
13 9 13 14 14 13 12 14 8 8 11 14 16 9 6 9 3 8 10 11 17 11 7 9 6 10 12 11 13 11 11 10 10 9 11 11 5 10 14 6 7 7 10 15 12 5 12 14 11 10 
6 0 2 3 2 1 2 4 4 4 4 2 2 3 2 4 2 4 3 0 3 2 6 0 1 3 0 3 5 2 3 2 0 1 3 0 1 3 4 4 4 3 4 3 4 3 3 5 2 3 
5 5 4 7 12 4 6 7 8 7 11 3 8 10 9 6 8 8 10 6 11 5 10 6 7 8 5 8 6 5 12 8 6 6 7 4 6 6 7 7 6 6 9 7 6 9 5 6 7 9 
2 2 0 0 2 3 1 1 0 1 2 2 0 0 2 0 1 3 3 2 1 0 2 2 2 1 1 0 0 0 2 0 3 0 0 1 1 1 2 0 0 2 1 0 0 2 2 1 0 0 
2 6 3 7 9 6 6 11 8 1 4 1 5 5 4 3 6 1 8 6 3 7 8 7 5 6 6 6 3 2 3 1 5 6 5 3 6 6 3 10 5 3 8 6 11 7 4 5 5 5 
10 9 9 8 11 9 4 10 6 7 5 9 12 8 10 12 9 13 9 7 11 4 7 6 9 5 7 10 12 7 5 11 9 5 12 8 8 5 7 8 10 11 6 7 9 9 9 8 6 14 
10 9 8 13 13 12 8 4 10 10 6 10 10 9 11 6 7 4 7 6 9 12 5 12 11 8 7 9 12 9 8 5 8 11 9 5 11 4 9 1 6 4 7 12 8 15 7 11 8 10 
DEPOT_SECTION
 1
 -1
EOF
