NAME  : Parada_40_6_0.95_1.00_9
TYPE : SVRP
MODEL : FINITE_SUPPORT
NUMBER_OF_SCENARIOS : 50
DIMENSION : 40
EDGE_WEIGHT_TYPE : MATRIX
CAPACITY : 38
N_VEHICLES : 6
NODE_COORD_SECTION
1 251640 255460
2 283170 234710
3 658310 18
4 157290 307910
5 405890 291650
6 535670 191520
7 46143 193310
8 621360 64502
9 221630 144810
10 737690 10040
11 134290 162260
12 202720 280020
13 761340 72170
14 612050 325260
15 828260 191940
16 332100 126550
17 863630 99009
18 537970 259090
19 90408 292160
20 49995 413740
21 238850 94469
22 111240 268390
23 194740 429780
24 551110 323860
25 5189 223740
26 555470 159940
27 489680 419080
28 383580 324500
29 27 114750
30 593370 116610
31 552230 257070
32 300290 252040
33 520380 113400
34 130880 389190
35 465960 401050
36 564830 243330
37 614390 415910
38 377810 357350
39 348580 322100
40 441720 429720
DEMAND_SECTION
1 0.0
2 10.0
3 6.0
4 8.0
5 7.0
6 2.0
7 3.0
8 6.0
9 10.0
10 1.0
11 3.0
12 6.0
13 4.0
14 2.0
15 3.0
16 10.0
17 2.0
18 8.0
19 7.0
20 8.0
21 9.0
22 7.0
23 1.0
24 7.0
25 1.0
26 4.0
27 4.0
28 4.0
29 3.0
30 7.0
31 7.0
32 3.0
33 9.0
34 9.0
35 10.0
36 5.0
37 9.0
38 8.0
39 4.0
40 2.0
DISTANCE_MATRIX
0.0 13.8924 59.7256 17.2047 24.192 51.0677 35.805 52.6172 24.1868 68.0217 33.121 34.67 63.7883 47.7345 69.3109 47.5714 77.4661 52.256 42.4264 42.5831 57.3177 25.9422 32.4673 42.7297 45.9674 45.0044 32.5576 23.5035 55.0 42.4493 53.8557 8.60233 44.3993 27.088 35.1283 53.6234 71.5498 18.9941 16.7581 31.3847 
13.8924 0.0 71.4866 17.1172 49.031 64.6551 33.4509 65.8009 32.28 79.6423 36.2215 22.4722 75.4089 59.6416 80.3313 37.2156 88.8959 65.6156 49.366 31.9532 45.3202 22.821 19.9509 56.0893 44.9862 58.5918 31.8404 37.0909 55.2308 55.633 67.2152 22.0227 57.814 23.6015 31.8404 66.9829 84.9094 32.5816 30.1176 36.3209 
59.7256 71.4866 0.0 75.2632 55.0068 39.2046 92.8901 15.1327 77.5354 10.8167 88.1167 70.875 13.3417 63.3246 28.0713 69.5701 28.7924 46.8722 87.8422 89.3917 83.4865 84.4778 77.3894 50.0899 102.708 34.9285 45.2799 46.6892 110.718 18.7883 48.8365 57.717 27.6586 86.4534 48.8219 51.1957 68.0 43.2986 48.6807 38.9493 
17.2047 17.1172 75.2632 0.0 38.5 66.6499 18.6011 68.3871 17.8045 85.223 19.105 38.7066 80.9896 49.0918 86.2786 54.037 94.6414 59.3181 32.9848 29.6985 60.9876 9.21954 20.5967 46.6871 29.2062 60.5865 47.5997 39.0856 38.9487 58.1897 59.3181 19.2354 60.0096 14.1421 48.4597 57.4567 73.4794 34.5763 32.3402 47.1657 
24.192 49.031 55.0068 38.5 0.0 39.2177 49.4026 47.8877 23.2364 65.3765 36.5039 58.5482 67.6413 26.6271 74.3034 66.3124 80.9312 32.8938 33.5433 67.8956 81.196 45.6663 56.3455 20.2512 52.9532 37.8878 47.3814 9.43398 57.2087 37.7294 32.8938 21.9524 39.1821 52.4005 50.8164 31.1449 49.0713 11.6619 8.06226 44.0 
51.0677 64.6551 39.2046 66.6499 39.2177 0.0 76.5562 24.7386 50.39 46.8402 63.6575 82.3093 52.469 27.5862 67.0298 86.977 67.4685 8.60233 57.6975 92.9894 99.905 72.8199 83.2213 18.9737 79.9304 6.40312 63.2535 37.5047 83.4865 22.3607 10.2956 48.8281 12.1655 77.4943 67.4759 13.0384 29.2746 34.421 39.6798 57.2014 
35.805 33.4509 92.8901 18.6011 49.4026 76.5562 0.0 86.5843 26.1725 103.26 15.2643 49.8197 99.5905 58.2409 104.738 66.2873 113.23 70.2207 31.1448 32.5576 70.0 10.8167 32.8938 57.5898 12.3693 75.2263 65.2059 57.2323 23.3452 76.3869 70.2207 36.7696 81.2046 21.587 65.2059 68.3593 82.8613 52.7735 50.5374 65.6 
52.6172 65.8009 15.1327 68.3871 47.8877 24.7386 86.5843 0.0 69.2241 22.1359 82.4915 78.8866 28.0179 50.6063 43.1856 80.3208 42.7551 32.8938 76.8011 97.2821 94.2347 77.5402 85.2799 38.4187 98.9408 21.4709 56.0263 39.5701 103.196 10.198 34.7851 50.5654 14.4222 79.2315 59.5684 37.3363 53.0377 36.4863 41.7451 49.6957 
24.1868 32.28 77.5354 17.8045 23.2364 50.39 26.1725 69.2241 0.0 87.9051 13.9284 54.7362 83.4179 32.6956 90.02 69.2315 97.1873 44.0545 18.2483 47.4236 77.5814 23.3238 38.3281 31.4236 30.3645 49.0601 56.7186 31.0662 36.0555 61.549 44.0545 18.7883 55.0384 31.8904 59.3043 42.19 57.3847 34.5791 33.1279 55.0818 
68.0217 79.6423 10.8167 85.223 65.3765 46.8402 103.26 22.1359 87.9051 0.0 98.4864 79.0 9.21954 72.45 24.5967 76.6877 21.0238 55.0273 97.7916 97.545 90.471 93.7465 85.5428 59.6825 113.078 43.4626 53.1507 57.0589 121.088 28.6007 56.921 68.0867 36.2491 94.6091 56.4358 59.4643 74.5453 53.6683 59.0504 47.0106 
33.121 36.2215 88.1167 19.105 36.5039 63.6575 15.2643 82.4915 13.9284 98.4864 0.0 57.1402 95.2082 43.7379 101.671 73.0 108.978 57.2189 16.4012 44.2832 79.0759 18.3848 39.0512 44.5898 16.4924 62.3276 64.9364 44.3336 22.6716 74.8165 57.0789 30.4138 68.3059 30.0832 67.1565 55.0091 68.1542 47.1542 44.9182 64.405 
34.67 22.4722 70.875 38.7066 58.5482 82.3093 49.8197 78.8866 54.7362 79.0 57.1402 0.0 73.3348 81.8397 71.4703 16.4924 82.7103 86.6123 71.598 22.6716 22.8473 40.1123 18.1108 77.086 62.1691 76.0155 26.3059 57.8597 73.1642 68.7187 88.212 43.106 73.42 28.2843 24.0416 87.9796 105.906 53.3504 51.1143 32.0156 
63.7883 75.4089 13.3417 80.9896 67.6413 52.469 99.5905 28.0179 83.4179 9.21954 95.2082 73.3348 0.0 76.5506 15.8114 69.5845 15.6525 60.208 100.477 92.2314 83.1865 89.5131 80.2292 63.1585 109.475 48.2701 47.0956 59.3236 117.809 31.9531 62.1691 64.8085 41.0 90.3756 50.0 64.5368 81.0555 55.9331 59.837 41.4367 
47.7345 59.6416 63.3246 49.0918 26.6271 27.5862 58.2409 50.6063 32.6956 72.45 43.7379 81.8397 76.5506 0.0 89.4986 91.9818 92.1141 19.105 33.3766 78.5062 104.487 55.9017 79.3042 14.0357 59.1354 29.1548 72.1302 27.9462 60.407 44.5982 17.8045 39.4902 36.2353 63.0111 75.8947 15.0 24.6982 33.2646 33.1059 67.7581 
69.3109 80.3313 28.0713 86.2786 74.3034 67.0298 104.738 43.1856 90.02 24.5967 101.671 71.4703 15.8114 89.4986 0.0 64.2806 12.0416 74.3303 107.425 91.7061 77.0065 94.4488 79.8754 75.7107 115.278 62.2896 45.6946 66.2998 124.085 45.3982 76.3217 71.4003 55.1453 95.3 47.4342 78.5175 96.0208 62.6498 66.888 41.6773 
47.5714 37.2156 69.5701 54.037 66.3124 86.977 66.2873 80.3208 69.2315 76.6877 73.0 16.4924 69.5845 91.9818 64.2806 0.0 76.1643 88.7545 86.5794 38.0789 13.9284 56.4358 34.0588 84.8339 78.6448 80.6226 25.0599 64.9236 89.627 72.5439 90.3541 56.0075 77.4661 44.7214 21.0238 90.933 112.027 59.6406 58.8778 31.7648 
77.4661 88.8959 28.7924 94.6414 80.9312 67.4685 113.23 42.7551 97.1873 21.0238 108.978 82.7103 15.6525 92.1141 12.0416 76.1643 0.0 75.4321 114.068 102.408 89.0 103.005 90.5777 78.7909 123.24 63.6003 56.6127 72.9152 131.563 47.5395 77.3692 78.5778 56.3205 103.865 58.6941 79.8123 95.5249 69.2728 73.6064 52.0 
52.256 65.6156 46.8722 59.3181 32.8938 8.60233 70.2207 32.8938 44.0545 55.0273 57.2189 86.6123 60.208 19.105 74.3303 88.7545 75.4321 0.0 50.3289 88.7137 101.403 66.4844 84.4096 13.0384 73.5527 12.0416 66.0379 38.693 76.6551 29.0172 2.0 50.0164 19.2354 73.2186 70.1783 4.47214 23.7697 35.6093 38.619 60.4152 
42.4264 49.366 87.8422 32.9848 33.5433 57.6975 31.1448 76.8011 18.2483 97.7916 16.4012 71.598 100.477 33.3766 107.425 86.5794 114.068 50.3289 0.0 60.4152 93.8786 34.4819 53.4876 38.9487 27.5136 56.6372 74.9667 41.373 27.074 69.126 49.6488 36.6879 62.6155 45.6946 77.5242 47.1275 56.1427 44.8859 41.5935 73.2462 
42.5831 31.9532 89.3917 29.6985 67.8956 92.9894 32.5576 97.2821 47.4236 97.545 44.2832 22.6716 92.2314 78.5062 91.7061 38.0789 102.408 88.7137 60.4152 0.0 38.4708 25.9422 17.0294 76.0827 44.1022 86.926 46.0652 65.4251 55.0364 87.1143 88.7137 46.5189 88.3824 15.5563 44.9444 86.8523 102.875 60.9158 58.6797 50.6383 
57.3177 45.3202 83.4865 60.9876 81.196 99.905 70.0 94.2347 77.5814 90.471 79.0759 22.8473 83.1865 104.487 77.0065 13.9284 89.0 101.403 93.8786 38.4708 0.0 61.2944 40.5216 97.3434 82.0549 93.6056 38.9102 77.4331 93.086 85.955 103.002 65.7538 90.802 49.2544 34.9285 103.581 124.675 72.1564 71.3874 45.618 
25.9422 22.821 84.4778 9.21954 45.6663 72.8199 10.8167 77.5402 23.3238 93.7465 18.3848 40.1123 89.5131 55.9017 94.4488 56.4358 103.005 66.4844 34.4819 25.9422 61.2944 0.0 22.561 53.8535 22.8473 69.7396 54.576 48.2387 33.5261 67.3427 66.4844 28.4429 69.1626 12.0416 54.576 64.6231 80.5295 43.7293 41.4933 55.3708 
32.4673 19.9509 77.3894 20.5967 56.3455 83.2213 32.8938 85.2799 38.3281 85.5428 39.0512 18.1108 80.2292 79.3042 79.8754 34.0588 90.5777 84.4096 53.4876 17.0294 40.5216 22.561 0.0 74.8833 45.2217 77.1579 34.323 55.657 56.0446 75.112 86.0092 40.9033 76.3802 11.6619 33.7413 85.7769 103.703 51.1477 48.9116 38.8076 
42.7297 56.0893 50.0899 46.6871 20.2512 18.9737 57.5898 38.4187 31.4236 59.6825 44.5898 77.086 63.1585 14.0357 75.7107 84.8339 78.7909 13.0384 38.9487 76.0827 97.3434 53.8535 74.8833 0.0 60.9639 17.8045 59.6825 20.6822 64.5136 31.305 13.3417 40.4901 24.0832 60.5876 63.7435 12.083 31.8277 26.0007 25.9764 54.5141 
45.9674 44.9862 102.708 29.2062 52.9532 79.9304 12.3693 98.9408 30.3645 113.078 16.4924 62.1691 109.475 59.1354 115.278 78.6448 123.24 73.5527 27.5136 44.1022 82.0549 22.8473 45.2217 60.9639 0.0 78.7768 76.5586 60.7829 11.0454 85.3592 73.3348 45.2217 84.7551 33.9559 76.7412 71.1758 83.0241 61.7458 59.5097 76.3402 
45.0044 58.5918 34.9285 60.5865 37.8878 6.40312 75.2263 21.4709 49.0601 43.4626 62.3276 76.0155 48.2701 29.1548 62.2896 80.6226 63.6003 12.0416 56.6372 86.926 93.6056 69.7396 77.1579 17.8045 78.7768 0.0 56.8507 31.4413 82.1572 17.0 14.0357 42.7647 7.28011 71.4309 61.0737 16.2788 34.9285 28.3576 33.6164 50.8035 
32.5576 31.8404 45.2799 47.5997 47.3814 63.2535 65.2059 56.0263 56.7186 53.1507 64.9364 26.3059 47.0956 72.1302 45.6946 25.0599 56.6127 66.0379 74.9667 46.0652 38.9102 54.576 34.323 59.6825 76.5586 56.8507 0.0 44.2719 86.239 48.0498 67.7422 39.0128 53.0377 45.7745 4.24264 68.4763 89.5545 38.8973 39.6232 6.7082 
23.5035 37.0909 46.6892 39.0856 9.43398 37.5047 57.2323 39.5701 31.0662 57.0589 44.3336 57.8597 59.3236 27.9462 66.2998 64.9236 72.9152 38.693 41.373 65.4251 77.4331 48.2387 55.657 20.6822 60.7829 31.4413 44.2719 0.0 65.0384 29.4117 40.2927 21.2639 30.8644 49.93 48.1041 40.8715 49.5023 5.38516 7.61577 39.8121 
55.0 55.2308 110.718 38.9487 57.2087 83.4865 23.3452 103.196 36.0555 121.088 22.6716 73.1642 117.809 60.407 124.085 89.627 131.563 76.6551 27.074 55.0364 93.086 33.5261 56.0446 64.5136 11.0454 82.1572 86.239 65.0384 0.0 95.5212 76.1577 53.0377 89.0106 44.911 86.9744 73.7564 83.0241 69.7555 67.5194 85.805 
42.4493 55.633 18.7883 58.1897 37.7294 22.3607 76.3869 10.198 61.549 28.6007 74.8165 68.7187 31.9531 44.5982 45.3982 72.5439 47.5395 29.0172 69.126 87.1143 85.955 67.3427 75.112 31.305 85.3592 17.0 48.0498 29.4117 95.5212 0.0 31.0161 40.3679 10.198 69.034 52.2919 33.1361 51.6236 26.328 31.5868 41.7082 
53.8557 67.2152 48.8365 59.3181 32.8938 10.2956 70.2207 34.7851 44.0545 56.921 57.0789 88.212 62.1691 17.8045 76.3217 90.3541 77.3692 2.0 49.6488 88.7137 103.002 66.4844 86.0092 13.3417 73.3348 14.0357 67.7422 40.2927 76.1577 31.0161 0.0 51.6161 21.2132 73.2186 71.8679 2.82843 21.9317 37.209 38.619 62.1772 
8.60233 22.0227 57.717 19.2354 21.9524 48.8281 36.7696 50.5654 18.7883 68.0867 30.4138 43.106 64.8085 39.4902 71.4003 56.0075 78.5778 50.0164 36.6879 46.5189 65.7538 28.4429 40.9033 40.4901 45.2217 42.7647 39.0128 21.2639 53.0377 40.3679 51.6161 0.0 42.1878 31.0238 42.0476 51.3838 69.3102 16.7545 14.5185 36.6742 
44.3993 57.814 27.6586 60.0096 39.1821 12.1655 81.2046 14.4222 55.0384 36.2491 68.3059 73.42 41.0 36.2353 55.1453 77.4661 56.3205 19.2354 62.6155 88.3824 90.802 69.1626 76.3802 24.0832 84.7551 7.28011 53.0377 30.8644 89.0106 10.198 21.2132 42.1878 0.0 70.854 57.28 23.5372 41.4367 27.7807 33.0395 46.6973 
27.088 23.6015 86.4534 14.1421 52.4005 77.4943 21.587 79.2315 31.8904 94.6091 30.0832 28.2843 90.3756 63.0111 95.3 44.7214 103.865 73.2186 45.6946 15.5563 49.2544 12.0416 11.6619 60.5876 33.9559 71.4309 45.7745 49.93 44.911 69.034 73.2186 31.0238 70.854 0.0 45.1928 71.3572 87.3799 45.4207 43.1846 56.1512 
35.1283 31.8404 48.8219 48.4597 50.8164 67.4759 65.2059 59.5684 59.3043 56.4358 67.1565 24.0416 50.0 75.8947 47.4342 21.0238 58.6941 70.1783 77.5242 44.9444 34.9285 54.576 33.7413 63.7435 76.7412 61.0737 4.24264 48.1041 86.9744 52.2919 71.8679 42.0476 57.28 45.1928 0.0 72.5603 93.6483 42.72 43.1741 10.8167 
53.6234 66.9829 51.1957 57.4567 31.1449 13.0384 68.3593 37.3363 42.19 59.4643 55.0091 87.9796 64.5368 15.0 78.5175 90.933 79.8123 4.47214 47.1275 86.8523 103.581 64.6231 85.7769 12.083 71.1758 16.2788 68.4763 40.8715 73.7564 33.1361 2.82843 51.3838 23.5372 71.3572 72.5603 0.0 21.095 37.7878 36.8701 63.0714 
71.5498 84.9094 68.0 73.4794 49.0713 29.2746 82.8613 53.0377 57.3847 74.5453 68.1542 105.906 81.0555 24.6982 96.0208 112.027 95.5249 23.7697 56.1427 102.875 124.675 80.5295 103.703 31.8277 83.0241 34.9285 89.5545 49.5023 83.0241 51.6236 21.9317 69.3102 41.4367 87.3799 93.6483 21.095 0.0 58.8817 54.7965 84.0773 
18.9941 32.5816 43.2986 34.5763 11.6619 34.421 52.7735 36.4863 34.5791 53.6683 47.1542 53.3504 55.9331 33.2646 62.6498 59.6406 69.2728 35.6093 44.8859 60.9158 72.1564 43.7293 51.1477 26.0007 61.7458 28.3576 38.8973 5.38516 69.7555 26.328 37.209 16.7545 27.7807 45.4207 42.72 37.7878 58.8817 0.0 5.38516 34.5254 
16.7581 30.1176 48.6807 32.3402 8.06226 39.6798 50.5374 41.7451 33.1279 59.0504 44.9182 51.1143 59.837 33.1059 66.888 58.8778 73.6064 38.619 41.5935 58.6797 71.3874 41.4933 48.9116 25.9764 59.5097 33.6164 39.6232 7.61577 67.5194 31.5868 38.619 14.5185 33.0395 43.1846 43.1741 36.8701 54.7965 5.38516 0.0 36.0139 
31.3847 36.3209 38.9493 47.1657 44.0 57.2014 65.6 49.6957 55.0818 47.0106 64.405 32.0156 41.4367 67.7581 41.6773 31.7648 52.0 60.4152 73.2462 50.6383 45.618 55.3708 38.8076 54.5141 76.3402 50.8035 6.7082 39.8121 85.805 41.7082 62.1772 36.6742 46.6973 56.1512 10.8167 63.0714 84.0773 34.5254 36.0139 0.0 
DEMAND_SCENARIO_SECTION
0 0 0 0 0 0 0 0 0 0 0 0 0 0 0 0 0 0 0 0 0 0 0 0 0 0 0 0 0 0 0 0 0 0 0 0 0 0 0 0 0 0 0 0 0 0 0 0 0 0 
16 10 7 6 6 10 14 10 7 6 9 4 11 18 8 11 1 6 8 10 9 13 19 6 10 10 5 12 9 11 14 12 11 8 10 14 11 8 18 11 6 11 11 14 13 13 9 8 14 11 
3 5 5 10 6 6 10 8 6 2 4 6 7 3 10 5 4 7 4 9 4 10 10 8 6 7 0 2 3 5 5 3 8 4 4 4 10 5 6 5 1 8 7 7 7 5 1 6 4 4 
12 7 12 9 10 13 9 9 4 5 6 4 4 8 9 8 7 6 8 9 8 5 10 0 3 5 3 7 12 6 9 13 6 6 9 7 6 6 6 9 9 7 2 5 7 10 15 9 13 11 
7 7 2 1 5 5 8 6 4 11 9 2 6 4 7 8 3 12 3 4 6 4 5 4 7 6 11 11 6 8 9 6 6 4 9 8 9 9 4 10 11 4 8 7 7 3 6 3 7 7 
1 2 1 1 3 0 0 3 0 0 2 3 3 4 1 1 1 1 2 1 3 3 1 0 4 3 3 5 1 0 1 1 4 1 3 3 3 2 2 3 1 3 2 3 0 3 4 2 1 0 
3 6 0 3 3 0 2 1 2 1 5 4 2 7 5 6 4 2 2 2 0 2 2 4 7 3 3 3 4 3 3 5 2 5 2 0 2 2 3 4 4 3 5 6 2 4 3 2 1 0 
5 3 7 6 8 11 2 7 7 3 6 7 6 3 5 4 9 8 7 5 8 6 4 10 3 5 9 4 7 7 7 9 5 9 7 3 7 9 6 8 4 7 5 3 9 5 1 3 10 6 
7 6 16 6 7 6 5 12 7 11 11 19 7 4 10 7 9 8 13 11 10 12 7 13 9 15 15 6 10 7 10 9 14 15 11 9 9 7 10 10 11 13 10 14 16 9 6 9 7 3 
2 0 0 1 1 0 3 1 0 1 2 0 1 0 2 0 1 1 1 3 0 1 0 0 1 0 1 0 0 3 1 3 0 1 2 0 1 2 1 1 2 0 0 0 4 1 2 0 3 4 
2 2 0 6 4 4 3 3 2 4 3 1 6 2 1 4 5 3 3 4 4 2 6 3 3 4 3 4 4 2 4 0 4 5 2 6 3 3 3 3 8 5 2 2 2 3 2 4 4 4 
2 9 3 6 7 5 7 5 5 0 9 8 8 3 2 10 4 7 4 5 5 2 9 8 4 8 5 3 7 4 7 6 7 11 2 5 6 3 7 7 6 9 7 6 9 4 2 3 7 6 
6 2 6 0 6 3 0 4 6 2 4 4 7 5 1 6 5 3 7 1 7 4 4 1 4 0 6 5 6 5 1 5 5 6 8 4 3 3 3 6 3 6 4 1 5 2 5 5 2 6 
6 1 2 2 3 2 0 3 2 1 2 3 0 3 1 2 3 2 2 3 3 3 4 1 2 1 3 3 3 2 3 2 3 1 5 1 5 2 4 1 3 1 3 2 0 1 0 3 6 3 
3 3 3 2 3 5 2 3 3 4 6 6 2 4 5 4 5 6 5 2 2 3 3 4 3 4 2 3 6 0 0 1 6 1 4 3 5 6 4 2 2 5 4 5 2 1 3 8 0 2 
10 14 15 10 13 10 8 14 14 9 11 9 13 11 13 10 10 16 10 12 7 13 14 7 13 7 14 10 18 13 10 12 11 9 12 7 9 11 12 7 13 9 12 12 8 8 14 9 3 12 
0 2 0 3 2 2 1 4 1 3 4 3 1 2 3 1 2 1 5 0 0 0 3 5 2 2 3 4 1 1 4 3 1 2 1 3 0 4 1 4 3 2 3 6 2 5 5 1 1 0 
2 9 8 5 8 9 13 6 9 8 7 5 6 3 7 7 5 9 3 10 5 6 7 7 6 4 6 10 6 10 10 8 6 9 6 12 12 9 13 8 10 10 2 12 12 8 5 3 7 10 
11 5 7 12 6 8 7 4 6 9 9 9 13 7 7 9 5 6 5 8 8 5 7 6 7 9 7 5 8 6 10 9 8 9 7 3 7 2 8 8 9 7 9 3 11 4 5 3 10 9 
5 6 11 8 7 8 10 6 8 9 10 13 11 16 5 11 3 10 9 6 13 11 12 3 7 7 13 8 6 6 7 5 9 6 10 8 2 4 7 6 11 9 10 8 4 3 9 4 5 6 
12 6 14 7 9 9 10 16 6 10 11 8 11 6 5 7 14 14 8 5 9 9 9 7 9 11 11 11 11 13 7 11 10 7 10 9 15 6 10 14 15 10 7 8 6 4 9 12 7 13 
5 8 7 9 9 8 1 4 6 7 7 9 4 13 5 6 8 10 8 11 8 9 8 6 8 8 7 3 5 11 4 9 9 12 6 7 6 5 11 8 8 7 4 12 5 5 5 6 6 8 
1 1 3 1 0 1 1 0 0 2 2 3 1 2 1 2 1 1 1 0 0 3 1 1 2 3 1 1 1 2 0 0 1 2 1 3 0 0 2 0 0 1 1 1 0 0 1 2 0 2 
7 5 6 10 9 8 5 9 7 3 9 9 7 6 5 11 6 1 9 5 12 7 10 9 4 13 8 7 9 9 12 2 8 6 10 5 8 8 5 4 5 2 5 6 7 4 5 7 9 11 
0 1 0 1 2 2 2 2 1 0 1 1 2 1 1 2 1 1 0 2 0 1 2 2 2 1 1 2 0 3 2 0 1 1 0 1 2 0 2 1 1 1 1 2 2 1 0 1 1 0 
5 2 3 1 4 1 7 6 6 5 5 1 4 4 2 5 2 2 10 5 3 1 5 4 2 5 4 4 6 5 8 4 3 3 5 1 3 3 4 4 5 8 8 1 3 2 5 4 2 3 
3 0 2 4 3 3 4 5 4 6 6 6 4 6 4 6 6 4 0 4 5 3 3 10 7 6 7 5 3 4 6 7 5 5 5 7 2 5 6 6 5 5 3 4 8 0 4 4 5 4 
3 2 5 8 3 5 3 3 0 7 0 4 3 5 5 5 2 6 1 7 5 8 6 5 4 4 4 3 4 5 3 5 3 7 4 5 2 2 2 1 4 2 4 6 3 4 6 1 6 1 
5 3 4 4 2 0 6 7 6 2 2 4 4 4 3 2 1 7 1 7 1 2 5 2 2 4 3 3 0 3 3 3 4 6 4 6 0 0 1 4 5 2 5 4 2 0 2 1 3 2 
5 9 8 9 6 6 7 11 13 5 8 10 6 10 7 2 6 7 10 6 7 9 14 8 8 6 5 9 7 5 9 7 9 4 6 3 9 8 6 10 6 8 5 7 8 8 8 5 3 6 
8 8 10 8 10 6 7 11 11 4 8 11 7 8 10 8 8 6 3 5 9 5 8 9 5 7 9 8 7 4 5 11 11 8 3 9 9 9 6 4 7 6 8 10 5 10 3 10 7 4 
4 0 5 4 2 3 5 1 4 4 4 3 2 4 4 5 6 4 0 4 3 1 1 2 5 4 6 3 3 1 7 3 4 2 2 2 2 2 3 2 4 4 6 5 4 4 3 3 2 3 
10 14 6 14 1 7 11 11 7 8 12 11 11 8 4 10 8 10 7 8 8 6 11 12 11 8 12 6 12 6 10 9 11 10 8 7 8 13 17 8 8 6 12 11 6 7 10 2 9 10 
8 12 10 5 5 7 3 6 10 11 11 10 6 11 6 11 6 12 6 11 9 7 13 9 4 11 7 4 8 6 4 9 11 4 5 16 10 9 7 6 7 8 11 11 10 10 7 6 9 10 
7 5 10 8 9 8 12 10 11 13 10 12 8 9 8 5 13 11 7 14 11 5 14 10 11 13 14 8 9 12 4 15 11 9 10 7 7 1 7 10 8 7 7 8 9 5 15 15 10 11 
8 5 4 5 3 7 4 4 3 4 4 5 5 3 5 6 5 4 9 4 3 6 3 5 4 8 4 4 7 6 9 5 8 3 6 8 5 2 6 3 6 10 7 3 4 4 7 4 7 2 
11 9 13 4 4 6 8 8 2 11 15 5 6 3 4 7 11 6 6 14 13 8 11 12 10 12 10 15 8 6 10 4 12 8 8 9 8 9 11 5 3 5 8 9 8 7 9 10 9 7 
8 10 7 7 12 8 6 11 8 14 13 7 6 10 9 7 10 5 9 8 8 11 7 10 5 6 6 9 6 14 6 4 9 9 11 10 5 11 5 14 7 9 11 9 3 5 15 13 3 5 
5 4 4 2 5 6 4 1 2 2 8 5 8 3 5 0 5 7 3 1 3 4 6 4 3 9 4 4 3 9 6 3 4 6 1 4 6 5 2 7 2 4 5 2 4 4 6 6 4 1 
2 2 1 0 3 1 2 3 2 5 3 3 2 2 2 2 4 2 4 3 3 3 4 2 1 3 1 3 3 0 4 4 3 5 1 3 2 4 0 2 0 1 1 2 3 3 2 2 0 1 
DEPOT_SECTION
 1
 -1
EOF
