NAME  : Parada_40_7_0.95_1.00_6
TYPE : SVRP
MODEL : FINITE_SUPPORT
NUMBER_OF_SCENARIOS : 50
DIMENSION : 40
EDGE_WEIGHT_TYPE : MATRIX
CAPACITY : 32
N_VEHICLES : 7
NODE_COORD_SECTION
1 213830 401190
2 391530 129930
3 414020 65011
4 521310 501890
5 544460 220670
6 181770 88870
7 261690 340200
8 405970 107350
9 183490 18
10 112250 92487
11 457240 395190
12 298550 470090
13 227410 127560
14 590460 468190
15 430270 420750
16 530030 114370
17 637170 483070
18 338990 718530
19 211240 126010
20 512000 144200
21 275980 275010
22 27 110820
23 396810 606870
24 494940 633590
25 318990 455140
26 459940 246620
27 463200 408760
28 128950 331620
29 493600 277590
30 279530 397910
31 570620 233020
32 397820 286230
33 306480 682000
34 255270 179090
35 431080 678440
36 509940 299980
37 215030 81786
38 197560 326420
39 197890 275520
40 30534 144840
DEMAND_SECTION
1 0.0
2 9.0
3 10.0
4 10.0
5 1.0
6 7.0
7 1.0
8 3.0
9 5.0
10 2.0
11 4.0
12 10.0
13 8.0
14 7.0
15 8.0
16 5.0
17 3.0
18 2.0
19 3.0
20 7.0
21 8.0
22 3.0
23 8.0
24 7.0
25 7.0
26 2.0
27 8.0
28 6.0
29 5.0
30 9.0
31 3.0
32 4.0
33 4.0
34 1.0
35 10.0
36 3.0
37 4.0
38 3.0
39 8.0
40 10.0
DISTANCE_MATRIX
0.0 41.7106 43.7224 36.3926 51.5137 38.7788 19.105 37.7383 48.061 42.0034 30.0931 17.5845 31.3183 46.3536 28.2423 67.132 52.7187 60.4466 33.5538 63.6243 35.5641 47.4236 39.6431 48.4665 32.0156 42.3099 27.8626 22.1359 45.8608 7.61577 56.4892 35.8119 62.2415 28.3414 50.8035 49.8013 31.9468 11.3137 43.0465 43.79 
41.7106 0.0 8.544 71.6859 90.807 24.7386 28.8617 5.09902 32.6497 42.2966 65.8927 56.6849 24.0832 81.4748 64.0418 102.932 88.012 81.0987 23.0 99.4239 70.8308 61.0328 61.0339 51.6236 31.5753 81.7859 63.6621 52.3259 83.3849 38.42 95.5976 75.0497 76.9025 21.4709 61.8466 85.6008 31.4006 40.8211 76.0592 54.0833 
43.7224 8.544 0.0 72.7245 92.8188 33.2415 29.1548 7.28011 41.1461 50.04 67.4928 58.6941 32.0156 82.5134 65.642 104.532 86.7187 78.1025 31.1448 101.024 76.6968 69.1809 58.8859 46.3249 28.0713 83.7977 65.2623 58.5235 84.9851 40.3609 97.9771 77.2998 72.5603 27.8927 57.4282 87.201 39.0512 46.6869 82.28 62.2896 
36.3926 71.6859 72.7245 0.0 41.1096 75.1316 43.5704 67.5849 84.4138 80.3217 18.4391 29.4194 67.6711 11.7047 22.8035 42.1545 17.0294 30.5287 69.9066 37.5766 48.6004 82.2409 22.8806 44.5872 49.7317 36.4005 17.6918 55.4389 29.1548 34.1369 46.0109 36.2353 40.2616 65.2872 37.3363 29.0172 68.2996 47.443 57.4282 81.5865 
51.5137 90.807 92.8188 41.1096 0.0 79.8363 66.7089 86.8347 87.1876 65.5514 28.4605 51.2099 72.0271 39.5601 30.8869 19.105 46.5188 69.6419 74.2144 20.2485 26.0768 64.0312 63.0737 83.1865 75.6955 9.21954 30.6757 42.1545 12.0 53.7122 5.38516 16.6433 81.0494 70.0366 78.0256 12.6491 72.7698 50.8036 30.5941 65.6201 
38.7788 24.7386 33.2415 75.1316 79.8363 0.0 38.737 27.313 10.2956 21.095 68.8321 56.3235 8.0 85.0926 66.9813 97.1111 91.4577 92.8323 6.08276 97.0138 58.2632 37.2156 72.1291 69.029 47.634 71.0432 66.6016 39.184 77.5749 45.3538 83.9931 63.4452 91.0086 16.7631 76.6923 81.5666 13.0384 30.0541 60.8381 30.1496 
19.105 28.8617 29.1548 43.5704 66.7089 38.737 0.0 24.3516 49.0179 56.8365 38.6513 31.0644 32.4006 53.3593 36.8004 75.6902 59.8965 54.1295 33.2628 72.1803 54.6659 62.3757 33.4006 32.8024 13.3417 57.5051 36.4207 40.3113 56.1435 13.0 71.6845 51.0784 52.7731 23.2681 38.833 58.3594 36.358 27.6586 62.1289 58.6231 
37.7383 5.09902 7.28011 67.5849 86.8347 27.313 24.3516 0.0 36.0555 43.0 61.9205 52.7127 25.1794 77.3738 60.0696 98.9594 83.911 76.0592 24.5153 95.4516 69.4624 62.3939 56.0833 46.6154 26.4764 77.8136 59.6899 51.264 79.4127 34.4478 91.993 71.3157 71.8053 20.6155 56.7539 81.6286 32.0 39.4524 75.0267 55.5788 
48.061 32.6497 41.1461 84.4138 87.1876 10.2956 49.0179 36.0555 0.0 23.8537 78.1143 65.6057 17.72 94.3749 76.2635 106.159 100.74 103.113 16.1555 106.061 61.6516 34.5398 82.41 79.2023 57.8014 80.0909 75.8838 46.9612 86.6226 53.2371 90.4274 72.4929 101.289 26.9258 86.9731 90.6143 20.0998 39.1017 61.901 27.7308 
42.0034 42.2966 50.04 80.3217 65.5514 21.095 56.8365 43.0 23.8537 0.0 62.0116 55.0808 18.2483 85.3213 60.1608 83.8646 93.1192 102.376 19.6469 83.3019 40.0153 20.2485 81.5721 88.9344 70.1156 57.5597 63.3507 25.3249 64.0712 49.1719 68.7912 50.2523 104.239 39.3193 92.5667 68.0706 11.0 30.6897 40.2647 14.4222 
30.0931 65.8927 67.4928 18.4391 28.4605 68.8321 38.6513 61.9205 78.1143 62.0116 0.0 22.9478 61.3716 25.0799 6.0 37.5366 32.6497 48.8262 63.6071 34.4093 30.2937 63.9308 36.5254 55.2268 47.4131 21.095 2.23607 37.1289 17.4929 27.8208 33.8378 18.6815 57.5422 58.3947 51.4782 19.8494 62.0002 41.1435 39.1313 63.2764 
17.5845 56.6849 58.6941 29.4194 51.2099 56.3235 31.0644 52.7127 65.6057 55.0808 22.9478 0.0 48.863 39.2083 21.097 59.9867 45.7455 59.4105 51.0985 56.479 29.4109 57.0 36.6092 52.0865 41.4367 43.2606 20.7173 30.198 40.4401 18.4391 56.5948 21.3579 59.4487 45.8861 50.4921 42.656 49.4915 28.6349 38.2753 56.3456 
31.3183 24.0832 32.0156 67.6711 72.0271 8.0 32.4006 25.1794 17.72 18.2483 61.3716 48.863 0.0 77.6321 59.5208 90.2883 83.9972 86.4958 2.23607 89.3187 50.5699 37.2156 65.7927 62.9685 41.7253 63.234 59.1411 31.4906 69.8799 37.8933 76.1839 55.636 84.6722 9.43398 70.3559 73.8716 7.61577 22.3607 54.7215 30.4138 
46.3536 81.4748 82.5134 11.7047 39.5601 85.0926 53.3593 77.3738 94.3749 85.3213 25.0799 39.2083 77.6321 0.0 30.6757 35.3553 7.81025 30.4138 79.8676 30.4138 53.1507 87.2406 31.4109 53.0 58.5313 37.4433 25.2982 60.4386 28.6531 43.9258 43.6807 39.598 43.0116 75.0761 44.0114 26.9258 78.2607 57.404 61.5224 86.5861 
28.2423 64.0418 65.642 22.8035 30.8869 66.9813 36.8004 60.0696 76.2635 60.1608 6.0 21.097 59.5208 30.6757 0.0 42.2019 38.0789 52.8226 61.7563 39.4462 28.4428 62.08 38.0555 55.0091 45.5826 22.4722 5.38516 35.278 21.2132 25.97 36.2353 18.0278 61.5008 56.5439 52.6308 24.2074 60.1493 39.2927 37.2805 61.4256 
67.132 102.932 104.532 42.1545 19.105 97.1111 75.6902 98.9594 106.159 83.8646 37.5366 59.9867 90.2883 35.3553 42.2019 0.0 40.0125 65.0 92.5238 5.0 45.0 83.0 64.9682 86.6748 83.6002 26.3059 39.6232 59.6657 21.4709 64.8597 18.3848 33.7343 78.2304 87.3114 78.848 18.0278 90.0446 68.0783 49.6488 84.2912 
52.7187 88.012 86.7187 17.0294 46.5188 91.4577 59.8965 83.911 100.74 93.1192 32.6497 45.7455 83.9972 7.81025 38.0789 40.0125 0.0 25.02 86.2327 35.0143 60.959 95.0384 31.8329 52.4976 58.9533 45.0 32.6956 68.2364 36.0555 50.463 50.3289 47.3814 38.6394 81.6133 42.19 34.0 84.6257 63.7691 69.3109 94.384 
60.4466 81.0987 78.1025 30.5287 69.6419 92.8323 54.1295 76.0592 103.113 102.376 48.8262 59.4105 86.4958 30.4138 52.8226 65.0 25.02 0.0 87.3581 60.0 79.083 107.726 24.8035 36.2491 50.04 66.3099 47.8323 88.7311 58.1893 53.868 73.9797 66.7308 14.3178 77.3633 23.7065 57.0088 92.2203 71.7293 87.9204 104.162 
33.5538 23.0 31.1448 69.9066 74.2144 6.08276 33.2628 24.5153 16.1555 19.6469 63.6071 51.0985 2.23607 79.8676 61.7563 92.5238 86.2327 87.3581 0.0 91.5542 52.8059 38.0526 66.6549 63.7809 42.45 65.4213 61.3766 33.7267 72.1154 40.1288 78.5358 57.8233 85.5344 10.7703 71.2181 76.1071 9.43398 24.5967 56.9576 31.1448 
63.6243 99.4239 101.024 37.5766 20.2485 97.0138 72.1803 95.4516 106.061 83.3019 34.4093 56.479 89.3187 30.4138 39.4462 5.0 35.0143 60.0 91.5542 0.0 45.2769 83.1505 60.3095 82.0161 79.6492 26.0192 36.4005 58.7058 19.6469 61.352 20.8087 33.0606 73.2462 86.3418 74.0405 15.8114 89.9473 67.1088 50.6952 84.0238 
35.5641 70.8308 76.6968 48.6004 26.0768 58.2632 54.6659 69.4624 61.6516 40.0153 30.2937 29.4109 50.5699 53.1507 28.4428 45.0 60.959 79.083 52.8059 45.2769 0.0 38.0 66.2029 80.895 67.1863 19.4165 31.6328 19.105 27.8568 42.107 28.8617 13.8924 87.8354 49.3964 79.7642 31.6228 51.1967 30.4138 8.94427 39.6232 
47.4236 61.0328 69.1809 82.2409 64.0312 37.2156 62.3757 62.3939 34.5398 20.2485 63.9308 57.0 37.2156 87.2406 62.08 83.0 95.0384 107.726 38.0526 83.1505 38.0 0.0 86.9227 94.4736 75.6548 57.1402 65.27 28.6531 64.7765 54.6717 66.3702 50.4876 109.607 43.9649 98.0816 68.7314 30.8058 36.1248 34.9285 7.07107 
39.6431 61.0339 58.8859 22.8806 63.0737 72.1291 33.4006 56.0833 82.41 81.5721 36.5254 36.6092 65.7927 31.4109 38.0555 64.9682 31.8329 24.8035 66.6549 60.3095 66.2029 86.9227 0.0 25.7065 31.1204 57.1453 34.7567 60.8792 51.0918 33.0644 68.1891 55.1507 26.8395 56.6602 19.0294 51.4975 71.4168 50.9258 75.0405 83.3587 
48.4665 51.6236 46.3249 44.5872 83.1865 69.029 32.8024 46.6154 79.2023 88.9344 55.2268 52.0865 62.9685 53.0 55.0091 86.6748 52.4976 36.2491 63.7809 82.0161 80.895 94.4736 25.7065 0.0 21.4009 76.3217 53.1507 70.5762 71.3863 40.8534 88.459 73.0 27.074 53.8359 12.6491 72.2864 66.9258 59.0339 89.4427 90.721 
32.0156 31.5753 28.0713 49.7317 75.6955 47.634 13.3417 26.4764 57.8014 70.1156 47.4131 41.4367 41.7253 58.5313 45.5826 83.6002 58.9533 50.04 42.45 79.6492 67.1863 75.6548 31.1204 21.4009 0.0 67.7463 45.1774 53.6004 64.8845 25.0799 81.0805 62.3692 45.3542 32.6518 30.3645 66.888 45.7417 41.0 75.0067 71.9022 
42.3099 81.7859 83.7977 36.4005 9.21954 71.0432 57.5051 77.8136 80.0909 57.5597 21.095 43.2606 63.234 37.4433 22.4722 26.3059 45.0 66.3099 65.4213 26.0192 19.4165 57.1402 57.1453 76.3217 67.7463 0.0 23.1948 33.5261 9.21954 44.5084 14.2127 7.61577 76.6551 61.2435 72.1734 12.53 63.9767 42.0105 25.9422 58.0775 
27.8626 63.6621 65.2623 17.6918 30.6757 66.6016 36.4207 59.6899 75.8838 63.3507 2.23607 20.7173 59.1411 25.2982 5.38516 39.6232 32.6956 47.8323 61.3766 36.4005 31.6328 65.27 34.7567 53.1507 45.1774 23.1948 0.0 38.468 19.7231 25.5903 36.0555 20.3961 56.5104 56.1642 49.6488 22.0227 59.7696 38.913 40.4704 64.6155 
22.1359 52.3259 58.5235 55.4389 42.1545 39.184 40.3113 51.264 46.9612 25.3249 37.1289 30.198 31.4906 60.4386 35.278 59.6657 68.2364 88.7311 33.7267 58.7058 19.105 28.6531 60.8792 70.5762 53.6004 33.5261 38.468 0.0 39.2669 29.7321 46.0652 25.9615 83.5631 30.8707 72.4258 43.2586 32.1175 13.0384 23.7697 26.9258 
45.8608 83.3849 84.9851 29.1548 12.0 77.5749 56.1435 79.4127 86.6226 64.0712 17.4929 40.4401 69.8799 28.6531 21.2132 21.4709 36.0555 58.1893 72.1154 19.6469 27.8568 64.7765 51.0918 71.3863 64.8845 9.21954 19.7231 39.2669 0.0 45.3131 17.1172 14.3178 69.2315 66.903 66.0303 4.0 70.5084 47.67 34.9857 65.0692 
7.61577 38.42 40.3609 34.1369 53.7122 45.3538 13.0 34.4478 53.2371 49.1719 27.8208 18.4391 37.8933 43.9258 25.97 64.8597 50.463 53.868 40.1288 61.352 42.107 54.6717 33.0644 40.8534 25.0799 44.5084 25.5903 29.7321 45.3131 0.0 58.6877 38.0789 55.3173 32.0172 43.4166 47.529 38.5218 18.6011 50.01 50.9585 
56.4892 95.5976 97.9771 46.0109 5.38516 83.9931 71.6845 91.993 90.4274 68.7912 33.8378 56.5948 76.1839 43.6807 36.2353 18.3848 50.3289 73.9797 78.5358 20.8087 28.8617 66.3702 68.1891 88.459 81.0805 14.2127 36.0555 46.0652 17.1172 58.6877 0.0 21.2603 85.7088 74.1934 83.0963 17.1172 76.9266 54.9604 32.0156 68.4471 
35.8119 75.0497 77.2998 36.2353 16.6433 63.4452 51.0784 71.3157 72.4929 50.2523 18.6815 21.3579 55.636 39.598 18.0278 33.7343 47.3814 66.7308 57.8233 33.0606 13.8924 50.4876 55.1507 73.0 62.3692 7.61577 20.3961 25.9615 14.3178 38.0789 21.2603 0.0 75.9605 53.6455 70.0357 18.2483 56.3787 34.4125 21.9317 51.0 
62.2415 76.9025 72.5603 40.2616 81.0494 91.0086 52.7731 71.8053 101.289 104.239 57.5422 59.4487 84.6722 43.0116 61.5008 78.2304 38.6394 14.3178 85.5344 73.2462 87.8354 109.607 26.8395 27.074 45.3542 76.6551 56.5104 83.5631 69.2315 55.3173 85.7088 75.9605 0.0 75.5397 15.1327 68.593 88.6296 73.5527 96.673 106.026 
28.3414 21.4709 27.8927 65.2872 70.0366 16.7631 23.2681 20.6155 26.9258 39.3193 58.3947 45.8861 9.43398 75.0761 56.5439 87.3114 81.6133 77.3633 10.7703 86.3418 49.3964 43.9649 56.6602 53.8359 32.6518 61.2435 56.1642 30.8707 66.903 32.0172 74.1934 53.6455 75.5397 0.0 61.2233 70.8947 13.1613 19.4169 54.626 37.4731 
50.8035 61.8466 57.4282 37.3363 78.0256 76.6923 38.833 56.7539 86.9731 92.5667 51.4782 50.4921 70.3559 44.0114 52.6308 78.848 42.19 23.7065 71.2181 74.0405 79.7642 98.0816 19.0294 12.6491 30.3645 72.1734 49.6488 72.4258 66.0303 43.4166 83.0963 70.0357 15.1327 61.2233 0.0 66.2722 74.3133 62.0081 88.5642 94.3533 
49.8013 85.6008 87.201 29.0172 12.6491 81.5666 58.3594 81.6286 90.6143 68.0706 19.8494 42.656 73.8716 26.9258 24.2074 18.0278 34.0 57.0088 76.1071 15.8114 31.6228 68.7314 51.4975 72.2864 66.888 12.53 22.0227 43.2586 4.0 47.529 17.1172 18.2483 68.593 70.8947 66.2722 0.0 74.5001 51.6616 38.4708 69.0652 
31.9468 31.4006 39.0512 68.2996 72.7698 13.0384 36.358 32.0 20.0998 11.0 62.0002 49.4915 7.61577 78.2607 60.1493 90.0446 84.6257 92.2203 9.43398 89.9473 51.1967 30.8058 71.4168 66.9258 45.7417 63.9767 59.7696 32.1175 70.5084 38.5218 76.9266 56.3787 88.6296 13.1613 74.3133 74.5001 0.0 22.9876 55.3484 24.3516 
11.3137 40.8211 46.6869 47.443 50.8036 30.0541 27.6586 39.4524 39.1017 30.6897 41.1435 28.6349 22.3607 57.404 39.2927 68.0783 63.7691 71.7293 24.5967 67.1088 30.4138 36.1248 50.9258 59.0339 41.0 42.0105 38.913 13.0384 47.67 18.6011 54.9604 34.4125 73.5527 19.4169 62.0081 51.6616 22.9876 0.0 36.4005 32.4763 
43.0465 76.0592 82.28 57.4282 30.5941 60.8381 62.1289 75.0267 61.901 40.2647 39.1313 38.2753 54.7215 61.5224 37.2805 49.6488 69.3109 87.9204 56.9576 50.6952 8.94427 34.9285 75.0405 89.4427 75.0067 25.9422 40.4704 23.7697 34.9857 50.01 32.0156 21.9317 96.673 54.626 88.5642 38.4708 55.3484 36.4005 0.0 38.0789 
43.79 54.0833 62.2896 81.5865 65.6201 30.1496 58.6231 55.5788 27.7308 14.4222 63.2764 56.3456 30.4138 86.5861 61.4256 84.2912 94.384 104.162 31.1448 84.0238 39.6232 7.07107 83.3587 90.721 71.9022 58.0775 64.6155 26.9258 65.0692 50.9585 68.4471 51.0 106.026 37.4731 94.3533 69.0652 24.3516 32.4763 38.0789 0.0 
DEMAND_SCENARIO_SECTION
0 0 0 0 0 0 0 0 0 0 0 0 0 0 0 0 0 0 0 0 0 0 0 0 0 0 0 0 0 0 0 0 0 0 0 0 0 0 0 0 0 0 0 0 0 0 0 0 0 0 
11 13 6 10 12 11 11 8 7 9 9 11 16 10 6 8 6 8 9 7 11 7 10 12 7 10 9 12 9 9 13 11 2 13 7 17 7 11 14 8 8 8 10 7 7 14 11 14 8 10 
13 7 12 12 10 10 3 13 5 13 7 13 3 8 10 7 16 8 11 7 9 10 14 10 8 8 13 9 10 13 9 9 7 9 14 13 8 13 10 7 8 12 6 15 12 13 16 11 6 8 
5 12 4 9 4 14 12 8 12 12 8 17 15 9 9 13 13 11 10 12 16 9 10 10 12 7 13 10 4 5 7 14 15 15 13 9 14 6 7 11 15 11 11 12 12 6 14 8 6 9 
0 0 2 2 0 0 2 2 1 1 1 0 0 0 3 2 1 0 2 2 1 1 0 1 1 0 1 0 2 2 2 3 2 2 2 0 1 0 2 3 2 1 0 1 0 1 1 2 0 0 
11 5 8 12 12 7 9 9 5 9 8 7 9 6 4 9 3 3 5 5 10 7 5 7 5 12 9 6 9 6 7 7 9 2 7 6 5 5 2 12 6 8 6 8 9 2 7 4 5 3 
2 1 1 0 3 1 1 0 1 1 2 0 2 2 0 2 0 2 0 0 1 1 0 1 0 2 0 1 0 0 3 2 0 0 2 0 2 0 1 1 2 2 1 1 1 3 1 1 2 0 
0 5 2 2 4 1 1 1 2 2 0 6 3 3 0 2 3 5 1 3 5 0 0 3 5 2 7 2 3 3 6 6 1 4 4 4 5 5 3 2 1 2 2 1 1 2 2 2 1 3 
4 4 7 6 5 5 0 0 1 6 0 4 2 8 4 5 6 8 1 3 4 6 3 2 5 2 1 5 1 6 7 6 7 5 9 4 3 3 5 5 5 6 4 6 3 6 3 7 0 2 
4 2 1 3 5 3 3 5 3 1 2 3 0 2 3 2 4 2 1 4 2 2 3 2 5 4 0 2 5 0 1 3 2 2 4 2 1 1 4 1 0 3 3 3 1 2 2 3 2 3 
5 0 3 2 5 3 4 2 4 5 3 3 8 4 6 2 6 5 8 3 2 3 2 7 3 5 1 9 5 8 1 5 2 4 5 6 6 3 8 1 3 8 4 3 5 6 6 6 3 2 
8 13 13 10 14 9 7 9 8 7 7 8 14 12 12 7 2 15 11 15 12 14 11 10 14 5 9 14 14 9 11 4 9 4 7 14 9 11 9 12 11 9 12 11 8 9 9 10 13 9 
9 4 9 6 9 11 5 11 8 10 15 8 11 3 6 7 6 6 15 6 11 9 5 11 9 6 8 7 8 8 11 6 12 7 6 7 16 9 12 8 6 10 5 3 8 8 9 10 7 10 
8 10 6 9 5 7 6 6 10 3 7 6 3 9 0 7 6 9 7 8 4 4 6 5 4 11 9 4 5 10 4 5 3 7 4 7 4 5 2 8 3 3 8 3 9 7 6 5 5 8 
10 6 5 7 3 8 11 5 7 7 8 11 14 0 6 5 9 14 6 8 9 11 3 8 9 10 6 12 3 0 8 10 10 5 8 13 11 8 8 7 5 8 10 8 8 10 8 12 9 8 
2 9 2 3 9 5 4 4 1 7 1 1 5 5 5 5 5 2 4 6 0 4 1 8 8 5 7 5 3 7 4 3 3 7 4 3 5 4 6 6 5 3 1 9 8 4 5 6 3 5 
0 2 2 0 0 3 4 4 2 4 3 3 2 4 4 2 1 4 2 4 5 3 5 2 1 5 1 0 1 1 4 4 3 2 2 4 2 1 4 0 1 0 2 4 3 4 2 2 3 0 
2 2 3 1 1 1 0 3 1 1 2 3 4 2 0 0 1 2 2 3 5 4 3 0 5 3 0 3 2 2 3 3 2 1 4 1 3 1 3 2 3 3 2 1 3 3 4 5 1 3 
3 4 4 5 5 2 3 4 3 1 2 3 1 4 1 3 2 6 2 3 3 2 2 4 2 0 3 4 3 2 3 3 5 5 5 2 2 7 4 4 5 0 3 6 4 4 5 1 2 1 
6 5 5 11 7 11 11 11 5 4 9 7 6 7 8 7 7 6 6 7 13 11 11 3 9 9 6 7 0 5 7 3 7 6 7 11 8 9 5 6 7 8 5 4 5 8 14 3 7 7 
5 9 11 5 10 10 6 6 2 9 10 11 5 9 6 7 7 6 11 3 9 11 8 5 12 7 6 8 12 2 12 5 7 7 10 6 3 12 11 6 8 11 8 2 7 9 10 15 10 10 
1 2 5 3 1 2 2 4 7 4 3 2 4 4 7 4 3 3 3 2 5 7 2 1 7 0 4 6 1 0 2 4 4 3 4 1 6 4 0 4 4 2 2 4 2 4 2 4 3 2 
10 5 9 9 10 3 5 8 14 7 6 7 9 8 11 12 8 8 6 16 5 12 7 6 10 6 6 3 9 7 10 13 13 6 6 8 8 13 11 9 2 9 3 9 3 10 6 9 6 9 
6 6 8 8 7 5 6 8 5 3 6 9 12 6 6 9 8 6 10 5 7 6 5 8 8 14 12 5 10 7 5 10 12 7 7 9 6 3 8 7 11 9 4 6 7 8 11 7 4 5 
3 7 10 9 2 4 8 8 5 12 6 7 4 5 7 6 5 4 6 4 8 6 5 5 8 8 4 6 11 9 9 10 7 9 4 9 5 16 5 11 6 7 8 3 4 10 5 6 6 8 
1 3 2 0 1 0 0 1 4 0 2 2 1 0 3 2 2 3 0 5 1 3 2 2 1 3 0 2 1 2 5 0 0 4 2 3 0 3 3 1 1 3 1 4 3 2 1 4 2 1 
7 10 10 4 12 9 14 4 6 3 7 7 6 7 8 8 10 7 9 8 12 11 10 12 11 4 12 7 5 6 8 11 8 13 6 10 10 13 7 7 9 5 9 6 10 8 9 7 3 7 
7 8 9 8 5 7 4 6 5 3 4 5 4 8 9 3 7 7 6 4 10 7 5 3 8 4 8 14 8 5 8 9 8 4 8 5 6 4 10 3 0 8 4 5 5 4 7 4 10 9 
8 0 3 5 5 2 7 3 1 1 5 2 4 4 6 1 9 6 2 4 7 7 5 7 6 2 3 5 6 2 5 9 8 6 3 4 6 1 3 6 5 7 6 2 3 6 7 1 4 5 
13 8 6 11 13 5 13 9 7 8 11 8 10 10 9 5 6 13 14 11 10 8 10 15 9 7 10 8 6 5 14 6 5 8 11 11 14 5 9 7 6 8 6 11 10 5 8 10 9 13 
3 3 3 5 3 2 2 5 3 5 4 4 5 3 1 1 2 4 2 1 3 1 5 4 4 2 3 1 0 0 5 1 4 0 4 4 2 4 4 2 4 4 4 1 4 3 3 4 3 2 
5 3 6 3 4 3 0 6 3 1 3 1 6 4 6 0 2 6 3 4 3 5 3 4 3 3 0 6 7 4 1 6 2 5 3 6 1 3 4 7 6 7 7 5 2 5 6 4 2 6 
4 4 2 5 7 7 4 2 6 6 2 4 6 5 2 2 2 6 2 2 4 2 2 7 10 3 0 3 5 4 3 3 1 4 3 2 3 4 6 2 1 3 4 3 3 3 1 3 4 4 
0 0 2 0 1 1 1 1 2 2 2 1 1 2 3 1 2 1 2 3 1 1 1 1 1 2 1 3 0 1 2 1 0 1 1 1 2 1 2 2 2 1 1 0 2 1 0 1 2 1 
9 11 2 13 7 5 15 10 15 5 6 10 14 10 14 12 8 10 14 5 10 6 14 13 11 8 7 10 11 13 11 13 13 9 6 8 6 10 11 11 13 16 9 8 11 9 16 12 9 15 
1 4 0 4 2 1 5 1 4 0 0 0 1 6 0 5 3 6 3 2 0 3 2 2 2 4 3 1 4 4 5 3 4 0 4 5 4 4 2 4 4 5 5 3 3 6 5 4 3 0 
6 3 5 3 5 5 3 4 3 6 4 6 5 4 6 6 3 5 6 9 6 4 2 3 2 2 2 4 5 3 7 4 6 1 3 0 2 6 6 1 4 6 2 4 1 0 7 2 0 4 
1 6 5 3 4 4 4 3 2 7 4 4 5 1 5 6 2 5 1 3 4 3 4 4 2 5 5 5 4 3 2 2 1 4 5 5 6 3 6 3 1 5 5 4 3 1 3 2 4 2 
5 5 8 5 9 7 5 6 4 1 7 5 6 7 8 7 3 8 5 8 7 5 5 8 6 6 9 11 7 9 8 8 11 6 13 7 13 5 8 11 13 6 8 9 6 11 3 9 8 13 
11 5 13 9 11 12 7 14 3 12 12 15 10 7 10 10 13 14 6 10 5 5 10 7 4 9 15 12 10 12 9 8 13 12 8 15 10 5 7 16 6 15 4 11 15 7 7 11 14 7 
DEPOT_SECTION
 1
 -1
EOF
