NAME  : Parada_40_7_0.95_1.00_5
TYPE : SVRP
MODEL : FINITE_SUPPORT
NUMBER_OF_SCENARIOS : 50
DIMENSION : 40
EDGE_WEIGHT_TYPE : MATRIX
CAPACITY : 37
N_VEHICLES : 7
NODE_COORD_SECTION
1 98320 240210
2 338870 246060
3 193930 194650
4 561980 433240
5 675880 336900
6 367920 525760
7 448870 190400
8 226670 136160
9 475210 127800
10 476750 170390
11 38063 55383
12 119350 255330
13 596820 233450
14 486710 478090
15 457990 198540
16 397660 139660
17 633890 212570
18 550040 331490
19 94019 404960
20 19525 71813
21 363300 331250
22 660180 338000
23 114650 522600
24 705210 417300
25 216090 324710
26 259990 205610
27 303690 316980
28 200920 279680
29 378140 87619
30 564050 315990
31 606030 246670
32 177060 406690
33 197380 18
34 192540 302550
35 625590 428950
36 165710 224640
37 102350 355620
38 423290 477690
39 27 425170
40 527610 278720
DEMAND_SECTION
1 0.0
2 10.0
3 3.0
4 8.0
5 7.0
6 6.0
7 7.0
8 2.0
9 9.0
10 7.0
11 8.0
12 1.0
13 10.0
14 10.0
15 9.0
16 5.0
17 8.0
18 6.0
19 9.0
20 9.0
21 5.0
22 6.0
23 5.0
24 5.0
25 2.0
26 8.0
27 4.0
28 1.0
29 6.0
30 6.0
31 7.0
32 8.0
33 1.0
34 9.0
35 2.0
36 10.0
37 7.0
38 6.0
39 7.0
40 10.0
DISTANCE_MATRIX
0.0 38.7025 44.0114 55.9111 65.796 60.3673 44.3345 19.2382 31.3472 34.3178 54.4518 4.12311 63.328 63.8254 32.0379 55.8451 54.5894 52.331 16.6646 53.1507 40.7943 63.9666 37.3172 70.5406 28.1603 39.8497 43.5503 34.0147 38.5307 49.659 48.8365 34.463 50.1597 30.0666 60.4155 15.0333 13.4164 55.0824 40.8868 54.7653 
38.7025 0.0 26.9258 80.0062 73.4261 26.0192 43.6807 29.1548 56.4358 43.0465 92.7758 34.7748 54.4482 32.7567 48.0104 57.0088 85.5749 62.0967 54.6243 91.6095 13.6015 71.1902 63.8663 82.26 21.095 14.4222 42.2019 25.318 30.1496 59.6657 79.5028 43.1741 88.6348 26.0 78.9177 27.4591 51.4071 24.1297 62.3051 54.4836 
44.0114 26.9258 0.0 97.0155 96.174 51.2445 66.1612 39.8121 71.8053 62.8317 92.0063 40.0 80.7716 59.6825 65.7875 32.0156 98.2497 84.1163 43.0183 91.8708 39.8246 93.9406 55.2788 104.63 16.1245 12.53 18.4391 10.198 57.5867 81.501 92.3472 30.6105 92.5663 14.3178 98.44 29.0 51.7746 51.0032 49.5177 77.4214 
55.9111 80.0062 97.0155 0.0 28.6356 82.8613 39.5601 57.28 25.2982 37.0135 63.9531 59.3133 46.8615 68.542 32.0624 110.598 17.4642 25.0 64.6375 60.8276 69.3542 28.6531 68.1051 25.0799 81.0432 88.955 99.4222 87.9318 50.1597 25.5539 16.1245 82.4365 45.1774 84.5061 11.1803 70.2937 57.4891 66.2193 86.417 37.4433 
65.796 73.4261 96.174 28.6356 0.0 67.0075 30.0167 60.1082 36.0555 35.3553 89.0056 75.1852 24.3311 51.0098 34.4093 116.832 45.8803 13.6015 75.8919 86.0233 67.7234 2.23607 86.035 10.0499 82.6416 85.4225 103.595 89.7966 48.4149 16.4012 43.1741 93.3943 71.4493 86.784 18.0278 72.986 70.6612 52.7731 100.114 19.6469 
60.3673 26.0192 51.2445 82.8613 67.0075 0.0 43.3244 49.7776 64.1635 48.3735 115.414 56.4397 43.2897 16.1245 54.2033 82.5651 93.0215 59.8415 76.2891 113.398 22.1509 65.0 97.0254 77.0 47.0106 39.0512 67.897 51.2445 43.97 58.2495 87.2353 68.593 104.009 52.0096 78.2624 50.9608 72.5962 17.0 87.4383 48.1664 
44.3345 43.6807 66.1612 39.5601 30.0167 43.3244 0.0 32.5269 23.6008 10.0499 78.7718 47.6026 19.105 29.6816 14.3178 89.0955 50.4777 18.4391 54.4304 76.3217 39.2514 27.7849 67.8474 38.6264 53.7129 55.4617 76.0129 60.3553 19.2094 16.1245 45.0 65.4542 65.5134 59.2014 36.0 45.292 49.3299 26.6833 78.6526 12.2066 
19.2382 29.1548 39.8121 57.28 60.1082 49.7776 32.5269 0.0 32.0156 24.7588 73.3115 15.3105 51.2501 52.3032 26.9258 56.9576 59.0085 46.7547 35.16 72.1452 30.2047 57.9828 55.8962 67.0075 23.7697 33.1361 43.7217 30.6757 19.5273 43.9318 53.0 33.5196 60.2602 27.313 59.4811 13.1113 31.467 46.1952 57.8626 44.5559 
31.3472 56.4358 71.8053 25.2982 36.0555 64.1635 23.6008 32.0156 0.0 15.8114 56.5155 34.7494 39.8497 52.4023 10.0 87.1531 29.4109 23.3452 41.16 53.8516 47.4342 34.4819 50.0322 39.6611 55.7853 64.195 74.8048 62.6418 26.3059 21.095 23.4094 58.9584 42.0595 59.216 29.0689 45.0036 35.2278 47.1699 65.3822 29.8329 
34.3178 43.0465 62.8317 37.0135 35.3553 48.3735 10.0499 24.7588 15.8114 0.0 69.0797 39.848 29.0172 36.7696 5.83095 81.4951 44.7772 22.0227 44.4137 66.7083 32.5576 33.2415 57.8024 42.4382 47.3044 53.0051 68.2583 54.4594 13.9284 19.2094 38.9102 58.0571 56.6127 51.4468 36.4005 37.6488 39.3132 31.3847 68.6359 20.8806 
54.4518 92.7758 92.0063 63.9531 89.0056 115.414 78.7718 73.3115 56.5155 69.0797 0.0 58.0517 96.3016 104.13 64.5136 84.2912 48.3839 78.5175 49.8217 3.16228 93.6668 88.0511 36.7696 88.459 80.4241 92.9957 81.7435 82.713 71.7572 76.7919 47.8539 62.2977 19.3132 78.6618 74.5453 67.5135 42.0119 98.4251 49.0918 86.3481 
4.12311 34.7748 40.0 59.3133 75.1852 56.4397 47.6026 15.3105 34.7494 39.848 58.0517 0.0 66.3258 59.8978 35.4401 52.544 58.4209 61.8675 19.916 56.8507 36.8667 73.0585 40.7047 73.9428 24.0832 35.7351 40.2492 30.0666 34.603 59.0507 52.6118 28.8885 54.231 26.1725 63.8178 11.0 16.6989 51.1548 42.6187 59.6317 
63.328 54.4482 80.7716 46.8615 24.3311 43.2897 19.105 51.2501 39.8497 29.0172 96.3016 66.3258 0.0 27.1662 32.249 106.323 61.7171 21.9317 73.4239 93.6803 47.1696 22.561 86.7314 34.3657 68.3245 68.8535 91.6443 74.967 36.7696 22.0227 57.2014 84.1773 81.5414 73.6735 38.9487 64.0152 68.3234 30.8707 97.6461 10.2956 
63.8254 32.7567 59.6825 68.542 51.0098 16.1245 29.6816 52.3032 52.4023 36.7696 104.13 59.8978 27.1662 0.0 42.45 89.1466 80.1561 44.643 77.5611 101.991 25.594 49.0408 91.0246 61.0328 51.8847 47.1699 74.2819 57.206 35.6424 43.3244 74.6324 73.0504 93.086 57.164 63.0635 54.4702 72.4606 10.0499 91.7825 32.5576 
32.0379 48.0104 65.7875 32.0624 34.4093 54.2033 14.3178 26.9258 10.0 5.83095 64.5136 35.4401 32.249 42.45 0.0 84.0823 39.0 20.8087 42.1338 62.0322 38.0789 32.45 54.7512 40.3609 50.1597 57.1675 70.629 57.2713 18.1108 18.0278 33.1059 60.4269 51.3128 54.1202 32.6956 40.0186 37.0333 37.2156 66.356 23.0217 
55.8451 57.0088 32.0156 110.598 116.832 82.5651 89.0955 56.9576 87.1531 81.4951 84.2912 52.544 106.323 89.1466 84.0823 0.0 106.405 103.515 46.0977 85.0941 68.1542 114.706 50.4876 124.067 38.0132 43.566 14.8661 31.9531 76.0958 100.698 101.237 28.178 91.6624 32.6497 116.656 43.8634 54.4243 80.4036 35.2278 101.124 
54.5894 85.5749 98.2497 17.4642 45.8803 93.0215 50.4777 59.0085 29.4109 44.7772 48.3839 58.4209 61.7171 80.1561 39.0 106.405 0.0 40.0 60.407 45.2217 76.844 45.6946 58.9064 42.4264 82.1523 92.0869 97.3236 88.459 55.5428 39.6989 6.08276 78.4347 29.1204 84.5931 28.6356 69.3542 52.0 76.0263 77.2184 51.6624 
52.331 62.0967 84.1163 25.0 13.6015 59.8415 18.4391 46.7547 23.3452 22.0227 78.5175 61.8675 21.9317 44.643 20.8087 103.515 40.0 0.0 62.4269 75.6637 57.5834 11.6619 73.3164 20.5913 69.3239 73.5391 90.2778 76.4789 35.5106 2.82843 35.8469 80.0766 62.0967 73.4663 18.4391 59.6683 57.2713 44.0454 86.6491 12.53 
16.6646 54.6243 43.0183 64.6375 75.8919 76.2891 54.4304 35.16 41.16 44.4137 49.8217 19.916 73.4239 77.5611 42.1338 46.0977 60.407 62.4269 0.0 48.9175 56.7161 74.0625 23.0355 80.6093 30.5263 43.8925 37.3363 32.9516 45.0632 59.7549 55.1543 18.0278 49.6488 28.9004 70.1247 29.2179 9.0 71.0042 24.5667 64.8612 
53.1507 91.6095 91.8708 60.8276 86.0233 113.398 76.3217 72.1452 53.8516 66.7083 3.16228 56.8507 93.6803 101.991 62.0322 85.0941 45.2217 75.6637 48.9175 0.0 91.6508 85.0941 36.6879 85.3756 79.5199 91.7047 82.0 81.8088 69.7413 73.9797 44.7214 62.3618 16.1555 77.7576 71.4493 66.2225 41.0488 96.4092 50.0 83.678 
40.7943 13.6015 39.8246 69.3542 67.7234 22.1509 39.2514 30.2047 47.4342 32.5576 93.6668 36.8667 47.1696 25.594 38.0789 68.1542 76.844 57.5834 56.7161 91.6508 0.0 65.5234 77.4524 77.13 30.3645 27.5862 53.3104 36.2491 21.9545 55.3676 70.8378 50.01 83.8809 35.7351 67.1206 31.4391 53.0232 16.851 68.745 48.089 
63.9666 71.1902 93.9406 28.6531 2.23607 65.0 27.7849 57.9828 34.4819 33.2415 88.0511 73.0585 22.561 49.0408 32.45 114.706 45.6946 11.6619 74.0625 85.0941 65.5234 0.0 84.5058 12.0 80.5149 83.1865 101.469 87.6698 46.2277 14.4222 42.72 91.2675 70.7107 84.6573 18.4391 70.8593 68.8767 50.636 98.2847 17.4642 
37.3172 63.8663 55.2788 68.1051 86.035 97.0254 67.8474 55.8962 50.0322 57.8024 36.7696 40.7047 86.7314 91.0246 54.7512 50.4876 58.9064 73.3164 23.0355 36.6879 77.4524 84.5058 0.0 88.6722 44.0995 57.4649 45.5412 45.804 58.5267 70.9331 54.8903 25.7099 41.1947 42.0268 76.2028 40.7273 24.5109 85.1946 18.6011 77.7728 
70.5406 82.26 104.63 25.0799 10.0499 77.0 38.6264 67.0075 39.6611 42.4382 88.459 73.9428 34.3657 61.0328 40.3609 124.067 42.4264 20.5913 80.6093 85.3756 77.13 12.0 88.6722 0.0 89.6837 94.0213 110.614 96.8386 56.0803 23.3238 41.0 100.412 70.0286 93.8261 14.0 80.0034 74.8866 62.514 104.831 29.2746 
28.1603 21.095 16.1245 81.0432 82.6416 47.0106 53.7129 23.7697 55.7853 47.3044 80.4241 24.0832 68.3245 51.8847 50.1597 38.0132 82.1523 69.3239 30.5263 79.5199 30.3645 80.5149 44.0995 89.6837 0.0 13.4536 23.3238 7.2111 42.0594 66.5071 76.2379 22.4722 77.4919 5.38516 82.8553 13.1529 38.9113 43.1417 42.0476 64.9743 
39.8497 14.4222 12.53 88.955 85.4225 39.0512 55.4617 33.1361 64.195 53.0051 92.9957 35.7351 68.8535 47.1699 57.1675 43.566 92.0869 73.5391 43.8925 91.7047 27.5862 83.1865 57.4649 94.0213 13.4536 0.0 29.0689 13.6015 39.3534 70.9366 86.0523 34.9857 89.8888 16.1245 89.3715 25.4951 51.4829 38.5349 54.7083 66.4981 
43.5503 42.2019 18.4391 99.4222 103.595 67.897 76.0129 43.7217 74.8048 68.2583 81.7435 40.2492 91.6443 74.2819 70.629 14.8661 97.3236 90.2778 37.3363 82.0 53.3104 101.469 45.5412 110.614 23.3238 29.0689 0.0 17.088 63.0133 87.461 91.9409 20.025 86.0523 18.0278 103.203 30.8058 46.2709 65.5389 34.9857 88.0419 
34.0147 25.318 10.198 87.9318 89.7966 51.2445 60.3553 30.6757 62.6418 54.4594 82.713 30.0666 74.967 57.206 57.2713 31.9531 88.459 76.4789 32.9516 81.8088 36.2491 87.6698 45.804 96.8386 7.2111 13.6015 17.088 0.0 49.2144 73.6621 82.6075 22.0227 82.4367 4.12311 89.9611 19.105 41.708 48.4631 41.6173 71.6167 
38.5307 30.1496 57.5867 50.1597 48.4149 43.97 19.2094 19.5273 26.3059 13.9284 71.7572 34.603 36.7696 35.6424 18.1108 76.0958 55.5428 35.5106 45.0632 69.7413 21.9545 46.2277 58.5267 56.0803 42.0594 39.3534 63.0133 49.2144 0.0 32.7567 49.4773 52.4545 61.9714 46.2018 50.2892 32.2924 39.9627 29.5345 67.7658 31.4006 
49.659 59.6657 81.501 25.5539 16.4012 58.2495 16.1245 43.9318 21.095 19.2094 76.7919 59.0507 22.0227 43.3244 18.0278 100.698 39.6989 2.82843 59.7549 73.9797 55.3676 14.4222 70.9331 23.3238 66.5071 70.9366 87.461 73.6621 32.7567 0.0 35.2278 77.2598 60.7289 70.6495 20.0998 56.8515 54.626 42.19 83.9771 12.0416 
48.8365 79.5028 92.3472 16.1245 43.1741 87.2353 45.0 53.0 23.4094 38.9102 47.8539 52.6118 57.2014 74.6324 33.1059 101.237 6.08276 35.8469 55.1543 44.7214 70.8378 42.72 54.8903 41.0 76.2379 86.0523 91.9409 82.6075 49.4773 35.2278 0.0 73.1642 29.0689 78.7718 27.0 63.5059 46.9574 70.2353 73.2023 47.0106 
34.463 43.1741 30.6105 82.4365 93.3943 68.593 65.4542 33.5196 58.9584 58.0571 62.2977 28.8885 84.1773 73.0504 60.4269 28.178 78.4347 80.0766 18.0278 62.3618 50.01 91.2675 25.7099 100.412 22.4722 34.9857 20.025 22.0227 52.4545 77.2598 73.1642 0.0 66.0303 18.868 87.9231 20.434 26.6833 64.3074 19.7231 77.4832 
50.1597 88.6348 92.5663 45.1774 71.4493 104.009 65.5134 60.2602 42.0595 56.6127 19.3132 54.231 81.5414 93.086 51.3128 91.6624 29.1204 62.0967 49.6488 16.1555 83.8809 70.7107 41.1947 70.0286 77.4919 89.8888 86.0523 82.4367 61.9714 60.7289 29.0689 66.0303 0.0 78.3316 56.0357 64.5136 40.7922 87.0198 57.9741 71.3092 
30.0666 26.0 14.3178 84.5061 86.784 52.0096 59.2014 27.313 59.216 51.4468 78.6618 26.1725 73.6735 57.164 54.1202 32.6497 84.5931 73.4663 28.9004 77.7576 35.7351 84.6573 42.0268 93.8261 5.38516 16.1245 18.0278 4.12311 46.2018 70.6495 78.7718 18.868 78.3316 0.0 86.764 15.2971 37.6567 48.4211 38.5876 70.3233 
60.4155 78.9177 98.44 11.1803 18.0278 78.2624 36.0 59.4811 29.0689 36.4005 74.5453 63.8178 38.9487 63.0635 32.6956 116.656 28.6356 18.4391 70.1247 71.4493 67.1206 18.4391 76.2028 14.0 82.8553 89.3715 103.203 89.9611 50.2892 20.0998 27.0 87.9231 56.0357 86.764 0.0 72.5922 63.7809 62.2896 94.3287 30.6757 
15.0333 27.4591 29.0 70.2937 72.986 50.9608 45.292 13.1113 45.0036 37.6488 67.5135 11.0 64.0152 54.4702 40.0186 43.8634 69.3542 59.6683 29.2179 66.2225 31.4391 70.8593 40.7273 80.0034 13.1529 25.4951 30.8058 19.105 32.2924 56.8515 63.5059 20.434 64.5136 15.2971 72.5922 0.0 26.0007 45.7272 39.1661 57.3211 
13.4164 51.4071 51.7746 57.4891 70.6612 72.5962 49.3299 31.467 35.2278 39.3132 42.0119 16.6989 68.3234 72.4606 37.0333 54.4243 52.0 57.2713 9.0 41.0488 53.0232 68.8767 24.5109 74.8866 38.9113 51.4829 46.2709 41.708 39.9627 54.626 46.9574 26.6833 40.7922 37.6567 63.7809 26.0007 0.0 67.3113 31.2573 59.7607 
55.0824 24.1297 51.0032 66.2193 52.7731 17.0 26.6833 46.1952 47.1699 31.3847 98.4251 51.1548 30.8707 10.0499 37.2156 80.4036 76.0263 44.0454 71.0042 96.4092 16.851 50.636 85.1946 62.514 43.1417 38.5349 65.5389 48.4631 29.5345 42.19 70.2353 64.3074 87.0198 48.4211 62.2896 45.7272 67.3113 0.0 83.0395 33.2415 
40.8868 62.3051 49.5177 86.417 100.114 87.4383 78.6526 57.8626 65.3822 68.6359 49.0918 42.6187 97.6461 91.7825 66.356 35.2278 77.2184 86.6491 24.5667 50.0 68.745 98.2847 18.6011 104.831 42.0476 54.7083 34.9857 41.6173 67.7658 83.9771 73.2023 19.7231 57.9741 38.5876 94.3287 39.1661 31.2573 83.0395 0.0 89.0834 
54.7653 54.4836 77.4214 37.4433 19.6469 48.1664 12.2066 44.5559 29.8329 20.8806 86.3481 59.6317 10.2956 32.5576 23.0217 101.124 51.6624 12.53 64.8612 83.678 48.089 17.4642 77.7728 29.2746 64.9743 66.4981 88.0419 71.6167 31.4006 12.0416 47.0106 77.4832 71.3092 70.3233 30.6757 57.3211 59.7607 33.2415 89.0834 0.0 
DEMAND_SCENARIO_SECTION
0 0 0 0 0 0 0 0 0 0 0 0 0 0 0 0 0 0 0 0 0 0 0 0 0 0 0 0 0 0 0 0 0 0 0 0 0 0 0 0 0 0 0 0 0 0 0 0 0 0 
9 6 13 10 10 12 12 7 11 11 6 6 14 4 8 9 4 14 12 17 8 13 3 14 9 13 7 7 9 12 11 13 13 11 13 7 10 8 10 10 4 9 13 5 8 11 13 8 16 13 
1 3 2 3 1 4 2 2 4 4 3 4 2 3 4 1 3 3 5 0 4 1 4 4 2 4 0 1 3 3 2 5 4 4 2 4 5 3 4 3 3 5 6 3 1 3 5 4 2 4 
8 12 8 5 7 5 8 8 14 11 11 6 11 5 10 7 8 7 11 7 7 5 4 6 10 8 11 9 6 11 10 10 9 2 13 9 7 11 6 6 8 4 8 4 9 8 10 7 4 7 
13 4 5 2 4 12 6 8 10 8 5 8 10 6 5 7 7 10 0 2 12 8 6 9 3 8 3 13 2 7 7 12 5 3 7 8 7 10 5 6 6 4 9 5 9 8 12 6 8 8 
5 9 8 3 4 4 11 6 3 7 7 5 4 8 6 7 8 9 5 8 3 6 0 5 7 7 2 15 11 4 12 5 7 8 4 5 1 9 6 10 5 14 10 7 4 7 5 6 8 4 
7 8 11 4 5 7 7 3 9 6 2 6 7 5 6 3 10 7 8 8 6 7 14 4 13 6 2 7 1 11 7 8 9 8 6 3 2 7 4 4 5 5 5 5 9 9 6 10 8 8 
1 3 1 0 0 2 1 1 2 2 3 2 4 5 3 1 0 3 1 4 1 2 1 1 1 2 1 2 0 3 1 5 3 3 1 2 0 3 3 2 1 4 2 2 4 1 5 4 5 4 
10 10 2 0 8 12 6 8 12 6 10 7 8 9 6 8 9 11 8 11 9 10 9 6 6 6 9 9 5 10 6 10 11 9 6 6 10 14 15 7 13 7 5 6 14 7 0 8 9 9 
9 4 6 10 5 7 9 5 5 7 9 6 10 9 8 4 7 8 6 2 7 4 12 7 8 10 4 12 10 4 6 12 8 4 10 9 9 5 6 6 5 8 8 7 6 8 9 5 3 8 
11 7 6 5 11 9 9 7 4 10 10 12 7 10 7 8 4 11 7 10 8 5 7 10 10 11 8 9 8 4 8 6 13 11 9 12 11 4 11 10 8 7 7 12 5 6 1 8 6 6 
1 0 1 1 0 1 0 1 0 2 1 1 1 0 1 2 3 2 1 0 0 1 1 0 1 2 0 0 2 1 1 1 1 1 2 0 0 0 0 1 1 1 2 2 0 2 0 2 0 0 
11 8 8 9 14 8 10 7 9 11 3 11 6 9 18 8 10 10 11 15 3 9 8 15 5 10 12 12 9 8 8 13 10 7 10 10 8 9 14 10 10 5 8 8 5 9 9 9 8 10 
7 15 8 5 14 8 7 10 9 3 7 19 12 9 7 15 12 15 14 8 8 8 5 7 9 11 5 10 10 8 8 13 8 12 12 7 8 14 9 2 7 7 12 10 11 9 10 13 14 7 
6 15 11 15 8 9 11 7 14 7 9 7 10 11 8 6 4 8 6 11 6 9 11 8 7 4 11 10 8 13 7 12 11 9 10 9 11 7 5 13 8 9 9 12 6 9 9 13 5 9 
4 2 6 9 9 4 2 6 7 8 7 5 5 3 5 8 4 6 9 5 3 5 4 6 6 6 5 5 7 4 3 2 2 2 7 4 7 4 6 8 2 6 1 7 3 6 4 6 5 6 
12 10 9 10 6 11 7 10 4 5 10 8 7 9 7 10 7 12 10 8 10 8 6 10 4 9 7 5 15 6 12 5 3 10 7 11 8 13 10 2 9 7 7 10 11 6 11 8 8 1 
10 6 7 5 6 6 3 6 11 8 6 6 5 4 9 3 10 8 10 9 4 11 7 7 7 10 5 5 2 9 4 8 3 7 4 8 9 8 4 4 7 3 2 7 9 5 7 8 7 10 
10 5 14 14 10 9 6 7 9 8 3 12 7 9 8 7 8 11 7 7 4 12 6 8 10 3 18 5 9 8 9 11 13 7 10 7 11 11 9 13 7 8 13 6 7 13 7 6 8 11 
12 14 5 14 9 8 12 14 13 10 7 13 8 4 9 5 13 4 6 11 8 7 8 13 6 12 7 10 8 13 7 5 14 6 12 6 18 9 6 10 7 11 3 11 7 4 8 11 7 5 
4 6 7 4 9 5 8 4 8 5 5 4 7 1 3 4 5 2 0 7 5 1 4 5 5 6 4 7 8 6 2 3 3 7 4 4 5 2 8 5 4 6 5 7 5 4 8 3 4 6 
9 7 4 10 10 10 10 6 4 7 4 4 5 4 7 3 5 6 5 8 4 8 9 8 6 4 6 4 7 2 1 9 12 3 4 2 9 10 7 11 10 9 6 5 6 10 6 13 5 6 
6 6 5 1 4 7 7 7 8 6 7 4 2 0 2 4 3 3 6 6 4 7 3 6 2 6 8 4 7 6 6 3 7 6 5 6 9 3 7 10 2 8 4 1 8 0 5 5 4 6 
0 9 6 4 10 6 6 3 8 4 5 7 4 6 6 6 10 2 5 2 0 6 6 8 5 7 5 8 6 7 9 4 7 2 6 4 5 5 6 4 6 8 9 3 8 3 4 3 5 7 
1 3 1 0 1 2 4 2 2 3 1 1 3 3 2 3 3 2 4 3 2 2 3 2 4 3 2 1 2 3 1 2 2 0 1 2 3 5 0 3 1 2 1 0 0 1 1 4 2 0 
2 7 7 6 6 7 11 5 7 7 5 10 9 7 6 3 9 9 11 6 6 6 4 7 5 7 10 4 7 4 7 12 10 6 7 11 9 7 5 8 10 12 11 11 5 1 9 6 7 7 
4 3 9 4 5 3 2 3 4 9 6 7 4 4 0 5 0 2 4 2 3 4 2 4 5 3 0 6 2 3 3 6 2 1 4 3 5 8 4 3 3 2 2 3 4 2 8 3 3 1 
3 2 0 1 1 1 0 2 2 2 2 0 3 2 0 0 2 1 3 1 0 2 3 0 0 0 0 2 1 2 2 2 0 1 1 2 3 2 0 0 2 0 2 1 1 0 0 1 1 1 
8 6 6 7 1 7 6 5 7 5 5 8 3 11 7 7 6 8 4 2 8 2 7 10 5 2 6 3 8 5 5 3 4 7 5 5 7 7 9 4 7 9 7 6 6 8 8 0 4 6 
9 4 10 6 5 8 4 6 5 6 4 4 4 8 10 9 1 7 9 4 3 9 4 1 7 9 3 6 8 3 6 2 6 6 3 6 9 9 3 2 7 7 6 6 6 6 5 9 8 6 
3 4 7 8 5 9 4 5 10 6 7 12 9 6 9 12 8 9 9 9 9 16 6 5 3 1 9 9 9 1 3 6 6 11 8 5 7 6 7 6 7 6 5 9 5 8 2 7 11 7 
10 11 11 12 5 5 9 8 8 11 8 13 10 3 9 10 11 7 9 7 10 13 7 9 8 16 9 8 9 8 6 5 6 12 10 7 12 7 10 9 7 6 4 8 11 10 12 14 11 0 
0 1 0 1 1 3 1 1 0 0 0 0 1 0 1 2 1 0 1 0 1 0 1 0 2 0 3 1 2 1 1 2 2 1 2 2 0 3 1 0 0 0 2 0 0 1 2 1 0 1 
8 12 9 7 13 5 6 10 5 12 10 10 8 9 11 10 8 6 8 11 13 7 11 6 1 6 12 16 15 13 10 6 11 9 12 7 14 9 10 9 7 10 1 9 9 10 11 8 9 10 
1 2 2 2 2 1 4 0 1 2 3 0 0 0 1 6 2 1 0 5 0 3 1 3 3 4 2 2 1 2 1 1 0 4 1 5 3 2 1 0 1 2 2 1 0 3 0 2 0 3 
8 10 12 13 8 8 10 16 15 9 10 5 9 11 6 16 9 15 8 7 9 11 8 8 9 17 12 8 8 5 10 10 15 6 8 10 9 10 11 11 9 11 8 13 14 11 12 7 11 9 
7 9 5 5 4 8 3 11 9 8 7 10 4 5 4 14 11 10 8 8 7 5 13 10 2 8 6 6 4 9 10 6 5 10 3 6 7 7 7 6 7 6 0 7 4 5 10 11 3 5 
4 12 8 3 7 2 8 7 4 6 6 3 8 8 9 8 9 6 6 6 6 0 7 11 10 4 7 7 1 8 9 7 7 6 8 2 5 4 4 6 6 2 7 7 6 5 5 5 9 7 
9 5 12 6 8 10 11 1 7 6 11 10 5 0 5 9 5 9 10 8 10 5 0 8 6 6 7 5 5 7 8 10 6 5 9 10 10 6 6 8 8 6 6 12 11 8 6 8 8 8 
10 5 12 12 6 11 6 14 13 12 11 8 4 11 8 9 8 10 9 11 8 9 13 7 8 9 8 6 11 13 15 10 12 11 9 12 8 5 13 19 13 10 6 10 8 11 7 14 2 8 
DEPOT_SECTION
 1
 -1
EOF
