NAME  : Parada_40_7_0.95_1.00_2
TYPE : SVRP
MODEL : FINITE_SUPPORT
NUMBER_OF_SCENARIOS : 50
DIMENSION : 40
EDGE_WEIGHT_TYPE : MATRIX
CAPACITY : 28
N_VEHICLES : 7
NODE_COORD_SECTION
1 160510 373380
2 603060 396750
3 40953 273380
4 349810 202190
5 257210 511040
6 275500 727440
7 129490 262320
8 180940 62565
9 173850 98708
10 314380 615750
11 27 100710
12 461640 186040
13 685640 287890
14 524370 247890
15 289440 655160
16 409160 300090
17 415770 18
18 8156 194100
19 95552 560970
20 143880 83872
21 38902 317090
22 279330 616660
23 180210 112000
24 306920 736050
25 239560 826910
26 575690 281480
27 353350 743920
28 587560 395360
29 526840 180290
30 584070 310430
31 306840 336160
32 578290 568990
33 301090 727910
34 365850 48480
35 49288 146840
36 502100 559890
37 596710 345540
38 348320 623340
39 232100 466400
40 550220 400880
DEMAND_SECTION
1 0.0
2 3.0
3 2.0
4 5.0
5 2.0
6 2.0
7 9.0
8 5.0
9 10.0
10 1.0
11 8.0
12 4.0
13 1.0
14 3.0
15 4.0
16 2.0
17 3.0
18 7.0
19 4.0
20 10.0
21 7.0
22 3.0
23 2.0
24 9.0
25 3.0
26 9.0
27 3.0
28 6.0
29 1.0
30 3.0
31 2.0
32 1.0
33 9.0
34 3.0
35 9.0
36 5.0
37 4.0
38 7.0
39 10.0
40 9.0
DISTANCE_MATRIX
0.0 49.93 27.0185 44.1022 33.1121 57.7257 40.5562 56.4244 59.9471 68.7603 46.0772 49.4773 65.1153 45.6508 57.5559 30.6757 52.8931 33.9241 50.448 54.6295 18.9866 63.8023 59.9745 62.6194 77.2655 46.8615 57.1544 47.7074 54.231 47.3814 17.088 61.0 62.1805 53.4684 41.2532 51.2927 51.7397 46.5607 23.9866 58.5235 
49.93 0.0 70.8268 48.1041 50.3166 61.209 77.8378 98.6549 98.8585 52.811 86.5691 36.6197 21.095 23.8537 43.7379 32.0624 70.6045 77.7324 82.1456 95.1332 62.795 48.0833 99.9064 65.0308 73.3485 15.0 71.389 2.23607 31.1448 11.4018 37.6431 24.0832 64.0078 78.9177 85.0615 23.7697 7.61577 53.6004 41.8808 8.60233 
27.0185 70.8268 0.0 58.0517 36.6069 55.2016 16.2788 29.4109 33.2415 77.0335 23.7697 66.3099 84.6016 64.0715 71.0831 48.3735 60.2123 12.7279 44.4072 27.7308 8.06226 75.049 33.1059 59.5141 76.9774 66.1866 57.9828 68.5907 72.0694 67.0866 35.2348 87.5544 60.0319 56.4624 17.0294 76.9514 71.8528 47.926 42.8826 79.3395 
44.1022 48.1041 58.0517 0.0 66.1287 87.7269 73.437 85.7906 91.0294 91.2853 58.2495 15.5242 47.1699 25.318 80.0863 19.8494 23.0868 52.0 94.2019 85.3576 50.4876 86.3134 90.7421 92.6206 107.169 33.9559 96.4342 46.6154 24.7386 37.3631 29.4109 71.1196 92.1792 33.3766 64.405 66.6108 43.1741 76.5619 56.4624 53.3667 
33.1121 50.3166 36.6069 66.1287 0.0 25.6331 32.8938 54.4243 52.8394 47.2153 60.3523 66.4831 70.2495 58.0345 41.2649 48.0521 79.4208 49.0257 32.0156 50.1597 38.4549 45.2308 54.1202 30.0623 47.4818 54.9181 30.3058 48.487 68.0074 53.6004 36.7696 52.9969 30.493 81.7481 52.6184 42.3938 55.3866 18.1078 10.0499 58.2557 
57.7257 61.209 55.2016 87.7269 25.6331 0.0 48.2597 68.0661 63.7887 24.5967 78.947 85.7263 82.3015 75.505 22.2036 68.542 104.034 67.6204 29.1548 63.1269 57.0495 24.2074 65.6201 5.0 21.9545 70.3491 10.198 60.0946 85.5102 68.1175 59.4391 50.5371 5.0 106.362 70.8802 41.4367 68.0294 12.0416 37.6114 67.082 
40.5562 77.8378 16.2788 73.437 32.8938 48.2597 0.0 21.5407 21.2132 70.5106 35.3553 80.3927 94.7645 77.1482 64.5602 62.0038 76.4853 27.7308 30.4795 17.4929 23.0217 68.5261 22.0227 51.788 68.884 77.0854 48.3839 75.6562 85.7081 76.9848 48.7725 83.8832 52.6118 72.45 25.0 73.2801 80.6724 41.4031 39.2113 86.428 
56.4244 98.6549 29.4109 85.7906 54.4243 68.0661 21.5407 0.0 8.60233 91.0824 33.3766 95.3204 114.007 93.4773 85.139 77.6981 83.1505 33.9559 44.643 5.09902 37.4433 89.1049 6.7082 71.007 87.367 95.5925 66.3702 96.4733 101.356 96.4925 64.6407 105.395 72.0 76.1643 23.0 94.7915 101.351 61.9819 60.7227 107.245 
59.9471 98.8585 33.2415 91.0294 52.8394 63.7887 21.2132 8.60233 0.0 87.5557 41.2311 99.5389 115.966 97.0001 81.7618 81.3947 90.0 40.1123 38.3275 6.0 41.2311 85.7263 2.23607 66.2722 82.0061 98.2872 61.0 96.6769 105.099 98.1866 68.1634 103.843 67.3647 83.6002 30.4138 93.2398 101.874 58.6047 59.171 107.449 
68.7603 52.811 77.0335 91.2853 47.2153 24.5967 70.5106 91.0824 87.5557 0.0 101.605 85.1469 72.5672 73.0616 11.4018 71.4493 109.818 89.4522 53.7122 86.3134 84.5231 5.0 89.2693 24.2074 22.2036 65.7419 31.8904 52.5547 82.2982 62.6498 66.6492 34.0147 22.8035 114.533 93.0449 29.1204 60.407 30.0666 50.805 55.9017 
46.0772 86.5691 23.7697 58.2495 60.3523 78.947 35.3553 33.3766 41.2311 101.605 0.0 70.7672 95.9214 72.9738 95.655 56.9727 50.9902 13.0 65.7951 35.4401 27.418 99.6208 39.8121 83.2586 100.722 77.9784 81.4923 84.4088 78.5175 79.9432 49.3434 102.982 83.7773 43.0 11.1803 93.692 85.5647 71.6714 67.4544 94.5389 
49.4773 36.6197 66.3099 15.5242 66.4831 85.7263 80.3927 95.3204 99.5389 85.1469 70.7672 0.0 32.0 12.8062 74.4312 19.105 38.0526 63.2535 97.0 94.0213 58.3095 80.1561 99.4032 90.4434 103.01 21.6333 94.8314 35.609 9.21954 25.2389 32.5576 60.6053 89.8109 48.8365 75.759 58.0517 30.4138 74.9533 56.4358 40.3113 
65.1153 21.095 84.6016 47.1699 70.2495 82.3015 94.7645 114.007 115.966 72.5672 95.9214 32.0 0.0 23.4094 64.2806 38.9487 70.0286 91.5072 102.255 111.921 76.5697 68.0661 116.695 86.093 93.771 18.4391 92.4815 22.3607 23.0868 17.8045 49.679 40.3113 85.0529 80.5047 98.8363 43.566 14.8661 74.5252 61.327 16.7631 
45.6508 23.8537 64.0715 25.318 58.0345 75.505 77.1482 93.4773 97.0001 73.0616 72.9738 12.8062 23.4094 0.0 62.6099 16.2788 48.3735 65.2698 89.56 91.6825 56.0357 68.0955 97.0276 80.05 91.5478 8.94427 85.0 22.8035 10.0499 12.53 28.8444 47.8017 79.3096 58.0086 78.1634 45.4533 18.0278 65.3758 48.0937 28.1603 
57.5559 43.7379 71.0831 80.0863 41.2649 22.2036 64.5602 85.139 81.7618 11.4018 95.655 74.4312 64.2806 62.6099 0.0 60.2459 98.6134 83.5019 50.3289 80.3638 73.3187 6.7082 83.4119 24.1661 29.6142 55.7136 31.7648 43.1741 72.0902 52.811 55.4447 28.7924 22.8473 103.328 87.0946 21.0238 51.1957 24.0 39.6005 48.0104 
30.6757 32.0624 48.3735 19.8494 48.0521 68.542 62.0038 77.6981 81.3947 71.4493 56.9727 19.105 38.9487 16.2788 60.2459 0.0 39.8121 49.2686 78.0283 76.0592 40.3113 66.4831 81.4125 73.4098 87.7349 21.1896 77.2912 30.1496 23.7065 23.5372 13.6015 53.1413 72.9178 47.0744 62.2493 47.5079 29.4279 57.3851 38.0789 39.1152 
52.8931 70.6045 60.2123 23.0868 79.4208 104.034 76.4853 83.1505 90.0 109.818 50.9902 38.0526 70.0286 48.3735 98.6134 39.8121 0.0 50.0899 102.395 84.0 54.4808 104.86 89.0225 108.928 122.742 56.8859 109.706 68.9638 47.1699 60.208 43.8634 92.8493 108.489 12.2066 60.208 87.2353 66.0984 92.8695 70.2922 76.2955 
33.9241 77.7324 12.7279 52.0 49.0257 67.6204 27.7308 33.9559 40.1123 89.4522 13.0 63.2535 91.5072 65.2698 83.5019 49.2686 50.0899 0.0 57.0088 34.1321 15.2649 87.4678 39.3192 71.9329 89.3962 73.0923 70.4612 75.4964 70.8251 73.9922 42.0836 90.8286 72.4506 44.9222 12.8062 81.539 78.7585 60.3448 55.3014 86.2451 
50.448 82.1456 44.4072 94.2019 32.0156 29.1548 30.4795 44.643 38.3275 53.7122 65.7951 97.0 102.255 89.56 50.3289 78.0283 102.395 57.0088 0.0 39.5601 48.3011 53.2541 40.4475 30.0832 44.1814 86.885 23.5372 80.4925 99.4082 85.6154 65.2763 77.5737 31.3847 100.652 55.4437 68.9072 87.3922 29.4109 41.5933 89.248 
54.6295 95.1332 27.7308 85.3576 50.1597 63.1269 17.4929 5.09902 6.0 86.3134 35.4401 94.0213 111.921 91.6825 80.3638 76.0592 84.0 34.1321 39.5601 0.0 35.7771 84.3297 5.38516 66.0 82.2982 93.7976 61.2944 92.9517 99.7647 94.1416 62.8458 101.108 67.0075 77.6466 24.5153 90.5046 97.8292 57.2067 56.4358 103.724 
18.9866 62.795 8.06226 50.4876 38.4549 57.0495 23.0217 37.4433 41.2311 84.5231 27.418 58.3095 76.5697 56.0357 73.3187 40.3113 54.4808 15.2649 48.3011 35.7771 0.0 79.5651 41.1461 61.3621 78.8253 58.1548 59.9186 60.5589 64.0078 59.0547 27.2029 75.8911 61.8798 53.4775 22.594 66.6015 63.821 49.7739 39.7494 71.3076 
63.8023 48.0833 75.049 86.3134 45.2308 24.2074 68.5261 89.1049 85.7263 5.0 99.6208 80.1561 68.0661 68.0955 6.7082 66.4831 104.86 87.4678 53.2541 84.3297 79.5651 0.0 87.3613 24.8395 26.0 60.8358 32.6497 47.7598 77.3692 57.7754 61.6912 30.2655 23.4307 109.575 91.0605 24.5153 55.6597 27.9737 45.847 51.4782 
59.9745 99.9064 33.1059 90.7421 54.1202 65.6201 22.0227 6.7082 2.23607 89.2693 39.8121 99.4032 116.695 97.0276 83.4119 81.4125 89.0225 39.3192 40.4475 5.38516 41.1461 87.3613 0.0 68.1836 84.0238 99.0154 63.0079 97.7249 105.119 98.9148 68.1908 105.091 69.2604 82.3893 29.1548 94.4878 102.602 60.2548 60.419 108.497 
62.6194 65.0308 59.5141 92.6206 30.0623 5.0 51.788 71.007 66.2722 24.2074 83.2586 90.4434 86.093 80.05 24.1661 73.4098 108.928 71.9329 30.0832 66.0 61.3621 24.8395 68.1836 0.0 17.4642 74.6753 7.81025 64.0 90.0278 72.3644 64.3329 52.9245 1.41421 111.255 74.9466 44.3847 72.0069 17.0294 42.5052 70.5762 
77.2655 73.3485 76.9774 107.169 47.4818 21.9545 68.884 87.367 82.0061 22.2036 100.722 103.01 93.771 91.5478 29.6142 87.7349 122.742 89.3962 44.1814 82.2982 78.8253 26.0 84.0238 17.4642 0.0 85.0706 21.0238 72.7805 101.242 82.28 78.9169 56.1427 17.0 125.902 92.358 50.2494 80.8084 33.6006 57.1513 77.3175 
46.8615 15.0 66.1866 33.9559 54.9181 70.3491 77.0854 95.5925 98.2872 65.7419 77.9784 21.6333 18.4391 8.94427 55.7136 21.1896 56.8859 73.0923 86.885 93.7976 58.1548 60.8358 99.0154 74.6753 85.0706 0.0 80.1561 14.1421 16.6433 3.60555 31.241 39.0512 73.8917 66.0681 80.4214 37.4433 9.21954 61.0082 45.3542 19.4165 
57.1544 71.389 57.9828 96.4342 30.3058 10.198 48.3839 66.3702 61.0 31.8904 81.4923 94.8314 92.4815 85.0 31.7648 77.2912 109.706 70.4612 23.5372 61.2944 59.9186 32.6497 63.0079 7.81025 21.0238 80.1561 0.0 70.1785 95.0368 78.0256 67.0676 60.4152 9.21954 110.608 72.4983 51.5461 78.1025 19.9249 40.1881 77.2787 
47.7074 2.23607 68.5907 46.6154 48.487 60.0946 75.6562 96.4733 96.6769 52.5547 84.4088 35.609 22.3607 22.8035 43.1741 30.1496 68.9638 75.4964 80.4925 92.9517 60.5589 47.7598 97.7249 64.0 72.7805 14.1421 70.1785 0.0 30.6105 10.6301 35.4401 25.0 63.0079 77.1038 82.8255 23.7065 8.06226 52.1728 39.9625 10.8167 
54.231 31.1448 72.0694 24.7386 68.0074 85.5102 85.7081 101.356 105.099 82.2982 78.5175 9.21954 23.0868 10.0499 72.0902 23.7065 47.1699 70.8251 99.4082 99.7647 64.0078 77.3692 105.119 90.0278 101.242 16.6433 95.0368 30.6105 0.0 20.0 37.1618 55.1543 89.2719 58.0517 83.3306 54.0833 24.0832 75.4255 58.0345 33.2866 
47.3814 11.4018 67.0866 37.3631 53.6004 68.1175 76.9848 96.4925 98.1866 62.6498 79.9432 25.2389 17.8045 12.53 52.811 23.5372 60.208 73.9922 85.6154 94.1416 59.0547 57.7754 98.9148 72.3644 82.28 3.60555 78.0256 10.6301 20.0 0.0 32.45 35.4683 71.4801 69.1809 81.3213 34.1321 6.0 59.1354 44.2719 16.1245 
17.088 37.6431 35.2348 29.4109 36.7696 59.4391 48.7725 64.6407 68.1634 66.6492 49.3434 32.5576 49.679 28.8444 55.4447 13.6015 43.8634 42.0836 65.2763 62.8458 27.2029 61.6912 68.1908 64.3329 78.9169 31.241 67.0676 35.4401 37.1618 32.45 0.0 54.231 63.894 47.8853 49.4127 46.3249 37.5899 48.2742 27.2947 45.8803 
61.0 24.0832 87.5544 71.1196 52.9969 50.5371 83.8832 105.395 103.843 34.0147 102.982 60.6053 40.3113 47.8017 28.7924 53.1413 92.8493 90.8286 77.5737 101.108 75.8911 30.2655 105.091 52.9245 56.1427 39.0512 60.4152 25.0 55.1543 35.4683 54.231 0.0 51.6236 100.0 96.9595 10.8167 31.1448 51.19 45.2264 23.7065 
62.1805 64.0078 60.0319 92.1792 30.493 5.0 52.6118 72.0 67.3647 22.8035 83.7773 89.8109 85.0529 79.3096 22.8473 72.9178 108.489 72.4506 31.3847 67.0075 61.8798 23.4307 69.2604 1.41421 17.0 73.8917 9.21954 63.0079 89.2719 71.4801 63.894 51.6236 0.0 110.817 75.5844 43.1741 71.0282 16.9706 42.0663 69.4622 
53.4684 78.9177 56.4624 33.3766 81.7481 106.362 72.45 76.1643 83.6002 114.533 43.0 48.8365 80.5047 58.0086 103.328 47.0744 12.2066 44.9222 100.652 77.6466 53.4775 109.575 82.3893 111.255 125.902 66.0681 110.608 77.1038 58.0517 69.1809 47.8853 100.0 110.817 0.0 53.2353 93.4077 75.1665 95.1967 72.6226 85.2877 
41.2532 85.0615 17.0294 64.405 52.6184 70.8802 25.0 23.0 30.4138 93.0449 11.1803 75.759 98.8363 78.1634 87.0946 62.2493 60.208 12.8062 55.4437 24.5153 22.594 91.0605 29.1548 74.9466 92.358 80.4214 72.4983 82.8255 83.3306 81.3213 49.4127 96.9595 75.5844 53.2353 0.0 92.9628 86.0875 63.9231 58.8941 93.5742 
51.2927 23.7697 76.9514 66.6108 42.3938 41.4367 73.2801 94.7915 93.2398 29.1204 93.692 58.0517 43.566 45.4533 21.0238 47.5079 87.2353 81.539 68.9072 90.5046 66.6015 24.5153 94.4878 44.3847 50.2494 37.4433 51.5461 23.7065 54.0833 34.1321 46.3249 10.8167 43.1741 93.4077 92.9628 0.0 31.3847 39.9498 34.6233 27.074 
51.7397 7.61577 71.8528 43.1741 55.3866 68.0294 80.6724 101.351 101.874 60.407 85.5647 30.4138 14.8661 18.0278 51.1957 29.4279 66.0984 78.7585 87.3922 97.8292 63.821 55.6597 102.602 72.0069 80.8084 9.21954 78.1025 8.06226 24.0832 6.0 37.5899 31.1448 71.0282 75.1665 86.0875 31.3847 0.0 59.8415 46.5188 10.198 
46.5607 53.6004 47.926 76.5619 18.1078 12.0416 41.4031 61.9819 58.6047 30.0666 71.6714 74.9533 74.5252 65.3758 24.0 57.3851 92.8695 60.3448 29.4109 57.2067 49.7739 27.9737 60.2548 17.0294 33.6006 61.0082 19.9249 52.1728 75.4255 59.1354 48.2742 51.19 16.9706 95.1967 63.9231 39.9498 59.8415 0.0 26.4465 60.407 
23.9866 41.8808 42.8826 56.4624 10.0499 37.6114 39.2113 60.7227 59.171 50.805 67.4544 56.4358 61.327 48.0937 39.6005 38.0789 70.2922 55.3014 41.5933 56.4358 39.7494 45.847 60.419 42.5052 57.1513 45.3542 40.1881 39.9625 58.0345 44.2719 27.2947 45.2264 42.0663 72.6226 58.8941 34.6233 46.5188 26.4465 0.0 50.0 
58.5235 8.60233 79.3395 53.3667 58.2557 67.082 86.428 107.245 107.449 55.9017 94.5389 40.3113 16.7631 28.1603 48.0104 39.1152 76.2955 86.2451 89.248 103.724 71.3076 51.4782 108.497 70.5762 77.3175 19.4165 77.2787 10.8167 33.2866 16.1245 45.8803 23.7065 69.4622 85.2877 93.5742 27.074 10.198 60.407 50.0 0.0 
DEMAND_SCENARIO_SECTION
0 0 0 0 0 0 0 0 0 0 0 0 0 0 0 0 0 0 0 0 0 0 0 0 0 0 0 0 0 0 0 0 0 0 0 0 0 0 0 0 0 0 0 0 0 0 0 0 0 0 
4 2 4 5 2 3 4 2 5 1 2 1 1 0 3 4 4 3 4 4 2 2 1 0 4 4 0 3 5 4 3 2 4 1 2 2 3 4 6 4 3 2 3 3 2 2 4 6 3 3 
3 5 2 0 0 2 2 0 1 0 2 1 4 0 1 4 2 3 3 1 2 1 2 4 1 3 1 3 2 1 3 1 1 2 1 4 0 3 2 0 3 1 1 3 4 2 4 3 2 3 
6 5 4 7 5 5 7 5 6 3 1 8 3 6 1 2 10 8 5 4 7 4 5 4 4 8 3 6 8 5 3 6 6 5 5 5 4 5 6 6 4 7 2 8 5 6 3 7 2 3 
2 0 0 6 1 0 2 2 1 1 2 1 2 2 3 4 1 2 3 2 2 4 3 1 5 3 4 3 2 2 2 1 4 2 3 2 0 5 3 2 4 3 0 4 0 1 1 2 3 2 
3 1 0 3 0 2 0 4 5 1 2 2 3 4 0 0 0 1 3 2 1 1 2 1 4 1 1 5 2 0 1 2 3 4 2 4 2 3 4 3 0 1 4 2 1 4 4 1 3 3 
9 8 12 11 11 5 8 14 13 11 10 3 5 8 6 9 9 11 8 7 9 11 11 11 10 14 13 8 10 4 7 7 9 10 9 11 6 11 13 14 10 8 12 11 10 8 8 10 14 5 
4 4 5 6 4 7 7 4 8 6 6 4 2 5 6 7 3 5 6 3 8 3 8 3 7 9 4 8 4 5 3 5 5 5 4 1 7 9 6 1 10 4 4 3 6 6 7 7 4 3 
8 9 5 10 17 11 9 5 15 8 4 8 8 6 8 12 5 10 9 9 5 13 14 4 9 13 17 8 14 12 7 10 8 9 10 10 10 12 5 6 9 5 3 12 11 5 12 15 10 7 
1 0 0 3 2 1 0 1 0 0 1 0 2 1 2 4 1 1 0 1 3 1 1 1 1 0 2 0 2 1 0 1 1 3 2 1 2 3 1 0 0 2 1 2 1 1 1 1 0 0 
6 8 9 8 6 7 11 9 9 9 7 7 6 10 11 10 9 9 3 9 6 9 6 7 6 7 4 5 7 8 7 9 7 8 10 8 7 13 6 9 10 5 8 7 10 6 6 6 9 1 
5 5 0 5 3 6 4 5 5 5 2 3 3 3 4 0 4 9 5 3 4 5 2 4 5 3 0 10 4 4 3 2 3 6 5 2 5 9 3 2 3 4 5 1 5 4 2 2 2 6 
0 0 0 3 2 1 0 1 1 1 0 1 4 0 3 3 1 0 2 0 1 1 1 0 2 0 3 1 0 1 0 2 0 3 1 3 1 0 0 2 0 1 1 1 2 2 1 2 1 2 
4 3 3 3 6 4 1 5 3 2 2 2 1 0 2 2 2 3 1 6 3 2 3 3 2 4 2 1 5 5 0 3 3 0 4 2 3 3 1 5 0 4 3 3 3 4 3 3 3 5 
0 2 4 3 4 8 5 2 3 3 7 3 5 1 4 3 1 5 4 5 7 0 4 4 6 6 5 4 5 3 5 6 4 3 6 0 6 2 4 5 2 2 3 6 4 2 8 1 8 4 
2 0 3 1 3 0 1 0 0 1 0 1 3 3 0 2 3 3 3 2 2 0 5 1 2 3 0 2 2 1 0 1 2 1 2 4 1 2 4 2 1 6 1 2 2 1 2 0 1 0 
5 3 3 3 4 2 2 0 4 2 4 0 2 4 2 4 5 4 4 4 1 3 3 1 2 4 4 4 4 5 0 3 3 4 3 2 3 3 2 6 4 1 2 5 6 4 1 6 1 6 
5 5 6 12 4 9 10 6 8 6 5 8 7 5 8 9 2 3 5 9 0 10 4 6 4 2 5 3 11 4 5 4 6 4 8 9 8 5 3 9 9 10 8 10 10 6 7 7 11 9 
4 2 2 7 5 7 5 5 6 8 2 3 4 7 2 2 2 7 1 4 2 7 4 6 3 3 3 3 3 6 2 7 2 4 4 5 2 4 5 4 4 0 5 7 6 9 2 2 8 2 
12 12 12 8 7 13 8 5 5 10 15 6 10 11 14 7 7 11 14 11 10 12 12 7 8 12 16 10 14 9 8 14 9 14 9 7 6 8 10 12 8 12 15 6 8 10 9 7 12 6 
3 7 11 7 5 5 7 13 10 7 9 5 7 8 11 10 10 4 7 9 9 8 8 9 10 8 7 2 4 8 9 4 14 9 5 13 5 5 7 8 8 6 10 10 6 5 8 6 5 8 
1 1 2 4 0 0 4 3 1 3 1 5 4 2 4 2 0 1 0 1 3 2 2 1 3 5 2 2 3 4 3 3 2 4 4 5 1 4 3 4 3 2 4 5 3 2 1 3 3 1 
3 1 2 3 2 2 1 3 2 1 3 2 0 3 0 2 3 2 2 1 4 3 4 4 1 1 1 4 2 1 1 1 1 5 4 2 1 1 3 3 2 2 1 4 2 3 5 4 2 0 
11 8 11 7 9 13 7 9 12 6 10 3 11 12 6 11 3 11 13 7 10 9 14 7 5 10 8 9 9 10 10 8 3 10 7 6 12 13 9 3 9 7 11 11 8 9 8 6 9 10 
2 4 3 1 2 6 1 1 0 2 2 5 4 0 2 3 3 3 0 3 5 2 5 3 5 3 5 4 4 3 5 6 1 5 1 4 4 1 4 3 1 2 3 1 2 3 0 4 2 5 
7 11 8 12 10 10 6 7 13 6 9 11 14 3 5 8 6 8 8 12 10 15 3 8 3 8 9 11 14 5 3 4 6 10 10 9 6 7 8 5 6 1 9 14 12 8 11 10 6 11 
0 2 4 1 1 1 1 2 4 2 4 4 2 4 2 4 0 4 2 0 2 4 3 1 5 5 6 2 4 3 6 4 4 5 2 5 1 2 4 4 3 0 6 3 4 4 2 4 3 3 
7 7 6 6 0 5 0 4 5 6 6 2 7 2 6 3 7 4 11 2 2 9 8 6 5 5 9 5 5 5 8 7 4 8 6 7 6 6 5 10 7 5 5 4 9 10 8 5 6 7 
4 0 4 2 1 0 0 1 1 2 1 1 1 1 0 2 1 0 1 1 3 2 2 1 1 0 1 0 1 2 0 3 1 1 1 2 1 1 2 1 2 1 2 1 1 1 1 1 2 0 
1 2 4 2 1 2 4 4 1 3 5 3 4 3 1 3 0 2 1 6 1 3 5 1 4 3 1 1 6 4 4 4 5 3 1 5 0 4 3 5 1 4 0 4 2 5 2 3 3 5 
5 2 3 1 2 2 3 2 3 2 0 3 0 2 5 1 4 2 1 2 2 1 4 2 1 0 3 3 1 3 2 4 0 4 2 1 2 3 4 1 2 0 3 3 3 2 1 2 4 2 
1 0 2 1 0 1 1 2 2 1 1 1 1 0 2 1 3 3 0 0 1 1 2 1 1 1 1 2 1 1 1 0 0 1 1 1 1 2 1 0 2 1 0 1 1 2 2 1 1 1 
10 11 9 15 8 7 11 7 6 6 8 7 13 12 8 7 8 10 11 12 10 6 6 7 9 2 13 5 5 8 9 9 8 16 6 9 14 7 12 4 8 7 10 9 9 7 10 11 7 11 
1 4 2 5 3 2 2 3 1 4 6 4 2 0 4 0 4 4 2 0 4 3 1 3 4 0 1 4 5 0 3 5 6 4 5 1 5 1 4 6 2 3 2 6 2 4 2 4 1 5 
10 7 13 10 15 11 11 9 9 10 6 7 14 12 9 12 7 8 4 7 14 13 4 6 11 6 9 7 13 8 9 4 8 14 8 9 5 8 8 11 7 10 14 5 9 10 9 5 10 8 
5 4 7 5 2 7 2 5 6 9 3 4 5 4 9 3 4 8 7 6 6 2 4 2 8 7 2 6 3 3 5 9 6 8 8 5 9 6 3 6 6 6 1 7 3 5 9 3 3 6 
7 7 3 2 4 4 4 1 3 3 8 0 6 7 3 4 3 2 4 1 7 3 3 5 2 2 3 2 5 4 8 2 8 3 5 3 2 5 4 2 6 4 2 5 4 0 4 2 5 5 
6 11 9 6 6 7 0 7 5 9 12 7 8 9 6 10 6 8 9 6 8 4 5 6 8 6 9 6 5 6 9 8 4 10 8 6 7 5 9 5 7 11 6 10 9 4 7 9 8 9 
7 13 9 9 2 9 11 8 15 7 11 10 7 6 10 12 17 17 5 10 8 14 11 6 11 8 6 12 12 17 10 7 13 16 12 9 6 15 16 14 9 11 14 11 10 10 14 12 7 9 
11 11 6 6 12 3 5 11 7 13 2 7 9 6 8 11 13 5 8 8 11 13 11 9 8 6 6 6 8 11 4 13 13 10 5 7 8 8 4 4 10 15 6 9 10 10 11 12 13 12 
DEPOT_SECTION
 1
 -1
EOF
