NAME  : Parada_40_7_0.95_1.00_9
TYPE : SVRP
MODEL : FINITE_SUPPORT
NUMBER_OF_SCENARIOS : 50
DIMENSION : 40
EDGE_WEIGHT_TYPE : MATRIX
CAPACITY : 32
N_VEHICLES : 7
NODE_COORD_SECTION
1 323890 362710
2 549960 586500
3 512880 355470
4 342890 590920
5 312730 554070
6 327800 463740
7 55828 432510
8 414600 462080
9 424390 186490
10 56777 580060
11 375300 18
12 321840 70789
13 511880 214950
14 586750 381020
15 479800 415210
16 379420 78268
17 373690 384500
18 406020 468620
19 1718 600100
20 147200 432500
21 56816 450180
22 295510 553820
23 144520 559280
24 163190 668430
25 290430 701600
26 348200 63870
27 461430 615860
28 94487 643440
29 229920 179050
30 456400 280470
31 226350 205170
32 209690 396750
33 478990 356630
34 298920 612770
35 516910 496340
36 367110 392120
37 303300 195040
38 483450 549620
39 27 576610
40 432390 612880
DEMAND_SECTION
1 0.0
2 6.0
3 10.0
4 3.0
5 7.0
6 1.0
7 9.0
8 10.0
9 5.0
10 8.0
11 4.0
12 8.0
13 7.0
14 4.0
15 3.0
16 8.0
17 7.0
18 1.0
19 8.0
20 6.0
21 5.0
22 6.0
23 1.0
24 2.0
25 7.0
26 10.0
27 10.0
28 1.0
29 10.0
30 2.0
31 9.0
32 1.0
33 6.0
34 8.0
35 3.0
36 8.0
37 7.0
38 1.0
39 5.0
40 2.0
DISTANCE_MATRIX
0.0 48.0262 35.0143 29.1008 33.1835 17.4296 59.808 24.5153 26.9258 74.8885 58.5006 47.1511 37.6563 49.0408 44.0114 47.2332 6.40312 25.318 73.619 52.6118 62.0322 35.1123 51.729 58.0684 48.7966 46.5528 43.4422 57.249 49.6868 23.3499 54.7202 49.9232 40.4475 47.0792 22.1359 6.40312 41.8992 24.2074 72.2459 38.9666 
48.0262 0.0 42.0476 20.6155 26.8328 30.7115 98.8691 68.9643 63.3684 97.5012 94.3318 81.5659 62.7694 39.0512 48.2597 81.5256 41.777 70.2951 99.8797 95.9253 100.497 28.2312 84.721 81.7071 31.0644 82.0731 19.4165 56.0089 96.9215 70.5845 101.839 95.0801 40.2244 71.3801 47.8466 41.777 89.1339 56.066 100.185 13.0384 
35.0143 42.0476 0.0 45.4708 49.7845 35.4683 58.93 39.0512 61.5224 55.6597 87.6641 81.4315 72.2496 17.6918 9.21954 76.922 31.257 40.4599 58.6941 61.6136 60.5579 51.9244 44.7819 40.4475 65.0978 80.05 32.6329 82.7345 75.0324 51.6236 79.2996 64.6231 7.07107 31.441 16.1245 30.1496 67.7422 22.6274 59.3043 31.993 
29.1008 20.6155 45.4708 0.0 8.06226 12.0416 85.4003 50.6322 42.8506 94.4559 73.8139 60.959 42.4853 47.5395 54.4236 61.0078 23.1645 51.68 95.4004 78.65 87.6261 10.198 76.9129 77.6358 21.2132 61.5224 13.4164 41.7612 77.9961 51.6592 82.9134 76.6763 44.8494 66.6466 39.8024 23.1645 69.425 45.4708 95.5083 15.0 
33.1835 26.8328 49.7845 8.06226 0.0 15.8114 89.1701 54.7148 38.9487 98.6814 69.6348 55.9017 36.0555 55.5428 58.7373 56.8595 26.9342 55.7626 99.9081 82.7327 91.3959 2.23607 81.0891 81.8613 15.6525 56.8507 21.1896 33.8378 73.4714 54.7502 78.4839 80.7589 52.4233 71.1543 44.0454 26.9342 65.5453 49.3964 100.016 23.0217 
17.4296 30.7115 35.4683 12.0416 15.8114 0.0 73.4162 38.9609 36.805 82.917 75.1387 55.1413 39.6232 45.0 44.5982 54.9622 11.1803 40.0087 83.8615 66.9787 75.642 17.8045 65.3352 66.0969 31.3847 55.5112 17.1406 47.5079 66.3249 39.9879 71.2421 65.005 38.833 55.1077 28.3196 11.1803 58.5372 33.6155 83.9694 21.652 
59.808 98.8691 58.93 85.4003 89.1701 73.4162 0.0 35.7771 67.9176 31.257 72.8011 78.9988 85.6345 74.6726 59.6154 70.5255 63.6952 35.3553 23.0217 13.6015 2.23607 91.0989 14.3178 26.2488 104.783 75.5126 89.37 112.61 48.0833 50.9902 47.8539 25.0 64.846 32.1403 54.3362 62.5731 49.2682 49.439 20.0998 88.7302 
24.5153 68.9643 39.0512 50.6322 54.7148 38.9609 35.7771 0.0 35.3553 54.7083 52.345 50.9902 52.921 56.6392 45.2829 44.1814 29.0172 1.41421 51.0882 28.1603 38.0132 56.6437 29.0689 39.0 70.328 48.5077 59.4652 77.704 36.7705 18.9737 41.8648 26.2488 46.0977 19.0 23.3452 28.0 29.7321 16.644 49.5177 58.8254 
26.9258 63.3684 61.5224 42.8506 38.9487 36.805 67.9176 35.3553 0.0 90.05 31.1448 20.2485 17.8045 75.9605 70.2567 18.3848 32.311 34.9857 86.0233 57.6257 70.0775 38.9102 64.0703 74.2496 49.4773 19.7231 50.3277 46.8402 35.0143 17.0294 40.0 51.8851 67.2681 53.2863 47.0 32.8938 27.1662 45.7056 84.2021 54.839 
74.8885 97.5012 55.6597 94.4559 98.6814 82.917 31.257 54.7083 90.05 0.0 101.415 104.178 107.624 66.1891 51.6236 96.4624 74.9528 55.0727 9.43398 44.0 30.5941 100.716 26.5707 17.0294 114.062 101.242 88.0021 130.423 77.6466 73.3553 78.1601 55.0818 59.2284 39.598 54.6566 73.5388 77.3418 50.8203 12.53 87.3623 
58.5006 94.3318 87.6641 73.8139 69.6348 75.1387 72.8011 52.345 31.1448 101.415 0.0 16.1245 38.3275 103.788 95.5092 12.8062 64.4296 51.2445 94.921 59.2368 74.4648 69.3397 75.1439 88.459 78.2943 13.6015 81.291 68.469 25.0599 36.0555 27.0185 47.927 94.1541 71.2531 71.7844 63.9595 24.3311 67.6831 92.3472 85.8024 
47.1511 81.5659 81.4315 60.959 55.9017 55.1413 78.9988 50.9902 20.2485 104.178 16.1245 0.0 22.4722 96.1896 89.9444 8.48528 52.5547 50.2195 98.8912 65.6267 80.7936 55.3173 77.6209 89.56 63.1348 3.60555 68.6639 52.345 34.4093 32.249 38.0789 54.7457 87.4769 69.7249 66.3702 53.1413 29.7321 64.0078 96.7551 73.1753 
37.6563 62.7694 72.2496 42.4853 36.0555 39.6232 85.6345 52.921 17.8045 107.624 38.3275 22.4722 0.0 84.2912 81.3941 27.074 41.049 52.5712 103.651 75.3427 87.7944 35.0 81.6846 91.7876 41.0488 24.7386 51.8913 31.0644 50.448 34.7179 55.109 68.1991 77.0065 83.1218 59.6657 42.107 43.3244 60.1671 101.848 56.3028 
49.0408 39.0512 17.6918 47.5395 55.5428 45.0 74.6726 56.6392 75.9605 66.1891 103.788 96.1896 84.2912 0.0 15.2971 92.5549 43.9318 58.0517 71.0634 77.4187 76.2168 57.7235 60.407 53.3385 66.7083 95.5668 34.6026 89.2861 92.2444 68.0 97.2777 82.2302 10.6301 47.2462 33.4215 43.1741 84.8764 40.3113 72.2496 33.2415 
44.0114 48.2597 9.21954 54.4236 58.7373 44.5982 59.6154 45.2829 70.2567 51.6236 95.5092 89.9444 81.3941 15.2971 0.0 85.1469 40.4475 46.6773 56.0 62.6055 61.0983 60.8772 45.31 38.1182 72.3635 88.459 39.6278 91.7061 81.9887 59.4811 86.4582 68.3908 8.06226 32.433 23.7697 39.3192 74.686 28.6531 57.0789 38.988 
47.2332 81.5256 76.922 61.0078 56.8595 54.9622 70.5255 44.1814 18.3848 96.4624 12.8062 8.48528 27.074 92.5549 85.1469 0.0 50.4897 43.2897 91.0708 57.1534 72.3203 56.6039 69.8928 82.2253 65.9242 5.0 68.4849 58.0 26.0768 26.0768 29.9666 46.2724 83.1685 63.1269 61.3922 51.0581 21.2603 58.2151 88.9347 72.9962 
6.40312 41.777 31.257 23.1645 26.9342 11.1803 63.6952 29.0172 32.311 74.9528 64.4296 52.5547 41.049 43.9318 40.4475 50.4897 0.0 30.0 75.8973 57.1402 65.9211 28.8631 55.6143 58.1327 42.5474 51.976 37.2805 57.4538 55.6158 29.2788 60.6491 54.916 36.0139 47.1435 20.8087 1.41421 47.8281 25.0 76.1311 32.7174 
25.318 70.2951 40.4599 51.68 55.7626 40.0087 35.3553 1.41421 34.9857 55.0727 51.2445 50.2195 52.5712 58.0517 46.6773 43.2897 30.0 0.0 51.225 27.2947 37.5899 57.6915 29.2062 39.5601 71.3757 47.676 60.7961 77.5798 35.4725 18.3848 40.6611 25.0 47.5079 20.025 24.7588 29.0172 28.4605 18.0384 49.5782 60.1562 
73.619 99.8797 58.6941 95.4004 99.9081 83.8615 23.0217 51.0882 86.0233 9.43398 94.921 98.8912 103.651 71.0634 56.0 91.0708 75.8973 51.225 0.0 36.3456 22.0227 101.837 22.0227 18.2483 115.006 95.8796 90.3806 127.379 70.6116 69.0652 70.7107 47.676 63.1269 38.5876 55.6011 74.4833 70.9843 51.7648 3.16228 89.7408 
52.6118 95.9253 61.6136 78.65 82.7327 66.9787 13.6015 28.1603 57.6257 44.0 59.2368 65.6267 75.3427 77.4187 62.6055 57.1534 57.1402 27.2947 36.3456 0.0 15.2315 84.6615 21.0238 35.4683 98.3458 62.1405 86.4263 104.053 34.4819 40.6993 34.3657 11.4018 67.5392 32.249 49.8494 56.0803 35.8469 43.0384 33.541 85.7864 
62.0322 100.497 60.5579 87.6261 91.3959 75.642 2.23607 38.0132 70.0775 30.5941 74.4648 80.7936 87.7944 76.2168 61.0983 72.3203 65.9211 37.5899 22.0227 15.2315 0.0 93.3248 15.8114 26.8701 107.009 77.3074 90.9979 114.845 49.6488 53.1511 49.2443 26.5707 66.4831 34.0588 55.9642 64.7989 51.0 51.6648 19.0 90.3581 
35.1123 28.2312 51.9244 10.198 2.23607 17.8045 91.0989 56.6437 38.9102 100.716 69.3397 55.3173 35.0 57.7235 60.8772 56.6039 28.8631 57.6915 101.837 84.6615 93.3248 0.0 83.018 83.896 13.9284 56.4004 23.4094 31.6228 73.5346 54.8134 78.547 90.2957 54.5632 73.0832 46.0977 28.8631 65.6085 51.3252 101.945 25.0799 
51.729 84.721 44.7819 76.9129 81.0891 65.3352 14.3178 29.0689 64.0703 26.5707 75.1439 77.6209 81.6846 60.407 45.31 69.8928 55.6143 29.2062 22.0227 21.0238 15.8114 83.018 0.0 14.5602 96.7022 74.6726 75.2219 105.489 52.0096 47.1699 53.1507 30.5941 50.6952 19.2354 40.1881 54.4921 51.063 36.3519 20.5183 74.5821 
58.0684 81.7071 40.4475 77.6358 81.8613 66.0969 26.2488 39.0 74.2496 17.0294 88.459 89.56 91.7876 53.3385 38.1182 82.2253 58.1327 39.5601 18.2483 35.4683 26.8701 83.896 14.5602 0.0 97.2418 86.8332 72.208 112.663 66.0681 57.9396 67.4759 45.1221 45.0111 22.6716 37.8365 56.7187 64.5411 34.0002 19.0 71.5682 
48.7966 31.0644 65.0978 21.2132 15.6525 31.3847 104.783 70.328 49.4773 114.062 78.2943 63.1348 41.0488 66.7083 72.3635 65.9242 42.5474 71.3757 115.006 98.3458 107.009 13.9284 96.7022 97.2418 0.0 64.846 34.2053 25.1794 84.2443 66.2715 89.2568 101.754 64.6267 86.2526 59.4295 42.5474 76.3183 65.0 115.629 33.541 
46.5528 82.0731 80.05 61.5224 56.8507 55.5112 75.5126 48.5077 19.7231 101.242 13.6015 3.60555 24.7386 95.5668 88.459 5.0 51.976 47.676 95.8796 62.1405 77.3074 56.4004 74.6726 86.8332 64.846 0.0 69.0339 55.1453 30.8058 30.0167 34.4819 51.2595 86.1857 67.3647 64.7765 52.5444 26.2488 62.0322 93.7434 73.5452 
43.4422 19.4165 32.6329 13.4164 21.1896 17.1406 89.37 59.4652 50.3277 88.0021 81.291 68.6639 51.8913 34.6026 39.6278 68.4849 37.2805 60.7961 90.3806 86.4263 90.9979 23.4094 75.2219 72.208 34.2053 69.0339 0.0 55.0273 91.2465 65.0793 96.2798 85.581 31.891 61.8811 38.3475 37.0416 83.5468 46.5669 90.6864 6.7082 
57.249 56.0089 82.7345 41.7612 33.8378 47.5079 112.61 77.704 46.8402 130.423 68.469 52.345 31.0644 89.2861 91.7061 58.0 57.4538 77.5798 127.379 104.053 114.845 31.6228 105.489 112.663 25.1794 55.1453 55.0273 0.0 81.2158 63.4063 85.9884 98.8886 85.3928 103.828 75.0672 57.4538 73.7564 79.9159 126.006 56.2939 
49.6868 96.9215 75.0324 77.9961 73.4714 66.3249 48.0833 36.7705 35.0143 77.6466 25.0599 34.4093 50.448 92.2444 81.9887 26.0768 55.6158 35.4725 70.6116 34.4819 49.6488 73.5346 52.0096 66.0681 84.2443 30.8058 91.2465 81.2158 0.0 26.8512 5.09902 23.0868 81.9461 52.4894 58.9285 55.1457 8.24621 53.2338 67.9117 87.8619 
23.3499 70.5845 51.6236 51.6592 54.7502 39.9879 50.9902 18.9737 17.0294 73.3553 36.0555 32.249 34.7179 68.0 59.4811 26.0768 29.2788 18.3848 69.0652 40.6993 53.1511 54.8134 47.1699 57.9396 66.2715 30.0167 65.0793 63.4063 26.8512 0.0 31.8845 37.5376 58.1808 37.5021 35.7351 28.8088 18.868 32.1403 67.2012 61.525 
54.7202 101.839 79.2996 82.9134 78.4839 71.2421 47.8539 41.8648 40.0 78.1601 27.0185 38.0789 55.109 97.2777 86.4582 29.9666 60.6491 40.6611 70.7107 34.3657 49.2443 78.547 53.1507 67.4759 89.2568 34.4819 96.2798 85.9884 5.09902 31.8845 0.0 23.0868 86.9795 55.0598 63.9619 60.0833 13.3417 57.8193 67.897 92.7792 
49.9232 95.0801 64.6231 76.6763 80.7589 65.005 25.0 26.2488 51.8851 55.0818 47.927 54.7457 68.1991 82.2302 68.3908 46.2724 54.916 25.0 47.676 11.4018 26.5707 90.2957 30.5941 45.1221 101.754 51.2595 85.581 98.8886 23.0868 37.5376 23.0868 0.0 71.6753 36.7967 49.0042 53.9813 25.0 42.1932 44.911 84.9412 
40.4475 40.2244 7.07107 44.8494 52.4233 38.833 64.846 46.0977 67.2681 59.2284 94.1541 87.4769 77.0065 10.6301 8.06226 83.1685 36.0139 47.5079 63.1269 67.5392 66.4831 54.5632 50.6952 45.0111 64.6267 86.1857 31.891 85.3928 81.9461 58.1808 86.9795 71.6753 0.0 37.3667 23.0217 35.0571 74.6257 29.6985 64.0078 31.2512 
47.0792 71.3801 31.441 66.6466 71.1543 55.1077 32.1403 19.0 53.2863 39.598 71.2531 69.7249 83.1218 47.2462 32.433 63.1269 47.1435 20.025 38.5876 32.249 34.0588 73.0832 19.2354 22.6716 86.2526 67.3647 61.8811 103.828 52.4894 37.5021 55.0598 36.7967 37.3667 0.0 26.8473 45.7295 48.0521 23.011 38.0132 61.2412 
22.1359 47.8466 16.1245 39.8024 44.0454 28.3196 54.3362 23.3452 47.0 54.6566 71.7844 66.3702 59.6657 33.4215 23.7697 61.3922 20.8087 24.7588 55.6011 49.8494 55.9642 46.0977 40.1881 37.8365 59.4295 64.7765 38.3475 75.0672 58.9285 35.7351 63.9619 49.0042 23.0217 26.8473 0.0 19.4165 51.6236 8.24621 55.709 37.7076 
6.40312 41.777 30.1496 23.1645 26.9342 11.1803 62.5731 28.0 32.8938 73.5388 63.9595 53.1413 42.107 43.1741 39.3192 51.0581 1.41421 29.0172 74.4833 56.0803 64.7989 28.8631 54.4921 56.7187 42.5474 52.5444 37.0416 57.4538 55.1457 28.8088 60.0833 53.9813 35.0571 45.7295 19.4165 0.0 47.3581 23.6008 74.5913 36.4018 
41.8992 89.1339 67.7422 69.425 65.5453 58.5372 49.2682 29.7321 27.1662 77.3418 24.3311 29.7321 43.3244 84.8764 74.686 21.2603 47.8281 28.4605 70.9843 35.8469 51.0 65.6085 51.063 64.5411 76.3183 26.2488 83.5468 73.7564 8.24621 18.868 13.3417 25.0 74.6257 48.0521 51.6236 47.3581 0.0 46.0977 68.4813 80.0743 
24.2074 56.066 22.6274 45.4708 49.3964 33.6155 49.439 16.644 45.7056 50.8203 67.6831 64.0078 60.1671 40.3113 28.6531 58.2151 25.0 18.0384 51.7648 43.0384 51.6648 51.3252 36.3519 34.0002 65.0 62.0322 46.5669 79.9159 53.2338 32.1403 57.8193 42.1932 29.6985 23.011 8.24621 23.6008 46.0977 0.0 51.8728 45.9271 
72.2459 100.185 59.3043 95.5083 100.016 83.9694 20.0998 49.5177 84.2021 12.53 92.3472 96.7551 101.848 72.2496 57.0789 88.9347 76.1311 49.5782 3.16228 33.541 19.0 101.945 20.5183 19.0 115.629 93.7434 90.6864 126.006 67.9117 67.2012 67.897 44.911 64.0078 38.0132 55.709 74.5913 68.4813 51.8728 0.0 90.0465 
38.9666 13.0384 31.993 15.0 23.0217 21.652 88.7302 58.8254 54.839 87.3623 85.8024 73.1753 56.3028 33.2415 38.988 72.9962 32.7174 60.1562 89.7408 85.7864 90.3581 25.0799 74.5821 71.5682 33.541 73.5452 6.7082 56.2939 87.8619 61.525 92.7792 84.9412 31.2512 61.2412 37.7076 36.4018 80.0743 45.9271 90.0465 0.0 
DEMAND_SCENARIO_SECTION
0 0 0 0 0 0 0 0 0 0 0 0 0 0 0 0 0 0 0 0 0 0 0 0 0 0 0 0 0 0 0 0 0 0 0 0 0 0 0 0 0 0 0 0 0 0 0 0 0 0 
6 3 8 6 4 8 5 6 2 3 5 3 6 8 12 3 8 6 10 6 6 6 6 8 5 3 6 6 6 4 4 6 7 12 9 7 7 7 1 5 4 2 3 7 8 9 4 7 2 8 
12 10 8 7 16 12 11 11 10 9 11 9 15 7 9 13 13 5 11 9 10 6 11 9 13 8 10 6 7 8 14 10 9 11 10 12 7 7 13 10 4 10 5 11 8 9 7 11 5 8 
4 5 4 1 4 5 2 2 3 6 0 4 1 2 3 5 1 2 3 2 4 5 3 2 3 2 2 2 1 2 3 3 3 5 4 5 2 8 2 6 5 3 3 2 5 2 2 0 2 2 
13 7 0 7 8 6 7 9 14 6 7 8 9 9 3 8 5 6 8 6 8 11 10 7 8 8 7 3 7 7 10 9 7 7 6 13 8 8 8 12 10 5 7 7 7 9 8 8 6 8 
1 0 3 2 1 1 0 2 0 0 0 1 1 1 2 1 2 1 0 1 2 2 1 1 1 2 2 1 1 0 2 1 0 2 1 1 2 2 0 3 2 0 0 1 0 1 1 2 1 2 
10 6 12 10 8 8 6 10 7 14 11 6 8 9 8 12 10 10 10 8 5 10 9 9 7 6 10 14 10 12 5 8 10 8 8 9 7 9 8 11 15 7 8 11 12 9 7 7 10 8 
13 11 16 9 12 10 10 13 11 7 7 13 4 7 5 8 14 10 11 7 12 6 8 11 9 12 8 10 9 9 17 13 11 7 6 14 8 9 10 15 8 14 9 11 8 13 5 10 11 7 
8 4 5 6 5 6 4 2 3 3 5 6 5 6 5 3 1 6 5 6 7 5 2 7 6 4 7 3 2 5 5 4 2 10 3 2 5 3 4 5 4 6 3 7 7 4 7 0 3 4 
9 7 6 9 12 5 10 5 13 5 3 12 4 7 7 6 8 3 10 7 9 10 12 10 7 8 12 8 7 10 9 10 8 6 7 11 2 7 12 13 7 6 10 2 13 11 12 6 8 8 
3 3 3 8 4 2 6 4 2 4 3 4 3 0 3 6 4 4 4 5 5 8 4 2 5 1 3 5 4 2 5 6 5 3 5 4 6 4 0 1 3 5 5 0 5 4 1 1 2 3 
8 6 6 13 12 7 7 5 7 5 7 5 8 9 7 8 6 3 9 7 4 6 8 10 3 9 12 8 9 6 7 7 8 10 7 8 10 7 11 7 10 10 9 12 9 13 8 13 11 12 
5 5 4 11 7 8 10 9 10 5 9 10 8 9 7 8 7 12 7 4 5 6 4 10 9 7 9 8 6 5 11 7 6 7 4 0 5 8 8 4 12 5 8 11 8 9 2 4 8 7 
6 7 5 4 1 4 4 5 1 5 3 2 6 5 3 2 10 5 4 6 5 2 5 3 2 5 6 2 1 3 2 1 5 4 1 3 5 5 3 2 3 8 6 3 3 11 3 4 1 6 
2 3 2 3 3 2 3 3 3 2 2 3 4 4 4 3 2 4 0 6 7 2 0 1 6 1 4 3 1 3 3 2 2 5 3 1 1 1 2 4 5 2 2 4 3 0 4 2 1 0 
7 6 11 6 10 6 3 6 10 5 6 3 10 13 10 9 11 11 10 7 12 7 1 11 10 9 11 5 10 6 11 10 8 8 7 12 9 11 7 10 6 4 5 11 12 6 4 10 12 11 
9 11 8 8 3 4 9 6 5 7 8 11 5 11 7 5 1 7 8 7 8 6 5 11 7 7 10 11 5 6 3 8 5 8 10 7 10 7 3 2 5 2 7 10 3 7 3 6 5 4 
1 3 1 1 1 0 1 1 0 0 2 1 1 1 2 0 2 1 0 2 1 0 2 0 2 0 0 0 2 1 0 1 0 1 1 2 3 0 1 2 1 0 1 2 1 2 0 1 1 4 
6 2 9 4 6 12 4 10 10 6 7 8 8 10 10 9 8 9 8 5 6 10 9 6 5 8 11 14 15 7 12 11 8 15 10 5 7 3 8 13 10 8 11 9 9 4 6 13 16 9 
6 7 9 5 2 8 10 5 5 4 7 5 6 8 10 6 6 4 6 5 0 10 5 6 4 0 6 6 7 4 4 6 4 5 6 7 7 8 5 5 7 1 5 4 3 10 5 7 5 7 
9 6 4 7 8 8 3 3 0 5 5 5 5 7 6 4 6 3 1 1 6 4 5 6 5 2 5 7 1 4 3 4 4 5 8 8 1 7 7 8 5 8 1 6 6 5 4 5 8 7 
7 2 5 4 6 8 5 4 4 7 7 8 6 8 7 10 3 6 1 0 8 4 10 3 0 8 5 6 6 5 10 8 7 5 7 6 3 5 8 6 4 10 3 4 6 5 5 6 9 8 
1 1 0 0 1 1 0 1 0 1 0 0 0 2 1 1 0 0 1 0 1 2 2 1 0 0 2 0 1 3 0 1 2 1 1 2 1 2 1 1 1 0 2 2 1 0 0 2 0 3 
1 3 2 3 3 2 4 5 4 4 4 2 1 3 3 0 1 0 0 0 2 0 2 1 2 3 4 1 2 3 2 2 3 3 2 3 1 3 3 0 0 3 2 1 3 3 1 2 0 2 
1 5 9 7 7 2 10 12 12 8 9 6 6 9 8 6 7 10 8 10 10 8 5 10 11 6 12 7 5 9 10 3 14 3 6 7 5 6 7 6 8 10 7 7 10 6 9 5 9 4 
11 6 11 10 5 8 15 14 10 11 5 7 13 12 11 11 17 6 8 9 10 10 7 14 8 5 14 16 11 10 8 10 16 13 9 13 8 12 11 10 8 9 3 11 13 9 13 15 2 12 
8 7 7 10 7 5 6 11 10 6 8 7 13 12 13 13 11 11 11 9 14 12 13 11 13 8 10 6 7 11 7 11 16 9 8 9 10 4 5 8 6 14 11 15 5 10 6 14 9 10 
0 0 3 0 1 1 2 0 2 2 1 1 0 1 0 0 1 1 1 1 1 1 0 0 2 3 1 1 1 3 1 0 5 1 0 2 1 1 4 1 0 1 2 0 0 1 1 2 0 1 
15 12 16 11 10 9 9 10 11 8 6 9 8 15 11 8 12 13 10 10 8 9 12 7 10 2 9 9 13 12 5 14 5 10 7 14 6 17 13 13 15 12 7 11 6 9 6 13 12 8 
2 2 3 1 2 0 1 2 1 0 0 2 3 3 4 3 1 1 2 2 2 4 2 4 1 3 2 2 2 2 5 2 1 4 2 4 0 4 0 4 3 1 4 2 3 1 2 6 0 2 
6 7 8 9 6 14 9 9 11 11 13 9 7 12 7 9 9 4 9 6 10 9 4 9 8 8 10 5 8 8 9 11 8 14 9 13 11 9 10 13 9 12 8 5 13 10 13 5 7 10 
2 2 2 2 2 0 2 1 0 0 0 2 1 0 1 0 1 0 2 1 1 0 3 0 0 1 1 0 1 1 1 1 0 1 1 2 1 2 2 1 0 1 0 1 1 1 2 1 1 2 
6 4 9 4 7 9 7 9 8 4 4 5 8 5 4 10 3 10 5 5 11 5 9 1 4 2 7 9 4 7 8 7 4 3 8 8 6 9 5 3 5 7 4 5 5 10 7 7 10 7 
9 3 9 8 8 3 9 7 10 6 11 5 7 7 11 7 15 9 9 6 9 9 8 9 4 7 13 9 8 9 8 10 6 10 9 11 8 10 5 7 1 8 10 6 7 8 10 4 8 10 
4 2 7 6 3 2 7 3 4 2 6 4 1 1 6 5 2 1 2 5 1 3 3 2 2 0 1 1 3 3 5 2 7 0 4 5 4 1 5 3 4 3 1 3 1 3 3 2 2 2 
8 6 8 8 10 13 3 6 8 9 7 5 9 14 8 8 5 8 4 8 12 3 12 9 11 1 7 8 6 7 6 5 7 6 8 13 6 7 4 8 10 10 5 12 13 9 9 7 4 10 
2 11 10 11 2 5 9 11 12 9 10 5 4 11 7 7 7 3 4 13 8 7 5 7 6 9 7 6 4 9 9 9 9 5 12 9 8 7 11 6 5 7 4 7 6 10 12 6 2 11 
1 1 1 3 1 1 1 0 0 2 1 2 0 2 2 1 0 0 1 2 0 1 1 0 0 1 1 3 0 2 1 1 0 1 4 0 2 1 2 1 0 2 1 1 2 0 1 1 2 2 
7 4 5 4 1 3 6 2 4 6 3 8 3 2 5 8 8 11 6 8 4 6 2 4 2 10 8 8 4 5 7 6 5 8 6 4 3 1 5 6 4 6 5 6 1 6 9 7 6 3 
2 1 0 1 0 0 0 0 1 4 3 0 1 4 2 3 1 2 4 2 3 0 0 4 3 1 3 4 2 2 5 2 2 2 3 3 1 0 2 2 2 2 0 3 3 3 0 0 2 3 
DEPOT_SECTION
 1
 -1
EOF
