NAME  : Parada_40_7_0.95_1.00_1
TYPE : SVRP
MODEL : FINITE_SUPPORT
NUMBER_OF_SCENARIOS : 50
DIMENSION : 40
EDGE_WEIGHT_TYPE : MATRIX
CAPACITY : 37
N_VEHICLES : 7
NODE_COORD_SECTION
1 445320 217580
2 181410 295770
3 487680 18
4 316580 630750
5 9282 257330
6 17275 319470
7 711140 192950
8 697370 413050
9 521450 12498
10 649360 127590
11 477020 359040
12 27 259760
13 795760 222750
14 441450 557300
15 801340 333090
16 528170 71311
17 195850 331430
18 313550 120250
19 297370 486730
20 349740 388740
21 353200 505950
22 308720 555870
23 745570 231800
24 680800 452770
25 326060 610980
26 770820 198300
27 816350 266820
28 624510 467520
29 333230 209940
30 382730 377650
31 376420 426740
32 496910 14539
33 180050 218470
34 619920 155480
35 652740 136650
36 555440 480090
37 719020 238550
38 254830 396830
39 127570 304710
40 565780 171150
DEMAND_SECTION
1 0.0
2 5.0
3 5.0
4 8.0
5 5.0
6 10.0
7 1.0
8 9.0
9 2.0
10 5.0
11 9.0
12 5.0
13 8.0
14 10.0
15 8.0
16 9.0
17 9.0
18 1.0
19 7.0
20 9.0
21 5.0
22 5.0
23 6.0
24 8.0
25 4.0
26 8.0
27 9.0
28 9.0
29 3.0
30 8.0
31 9.0
32 8.0
33 6.0
34 10.0
35 3.0
36 5.0
37 5.0
38 3.0
39 5.0
40 8.0
DISTANCE_MATRIX
0.0 56.3346 45.2217 50.1065 67.2555 64.7803 39.6249 43.8911 42.9535 33.9559 15.8114 67.3099 41.7253 39.3954 56.6127 25.6125 51.4404 53.0754 34.0689 65.4277 33.0606 42.0119 36.1248 38.2885 50.3587 40.6079 48.7955 37.3137 54.7378 65.3825 60.409 43.6807 37.89 28.8617 35.171 36.7967 40.072 37.0161 50.9215 20.3961 
56.3346 0.0 67.2012 74.4312 32.1403 23.0217 95.979 96.6262 69.5761 78.3801 67.9503 31.0644 96.2879 74.5081 108.685 52.2664 38.2884 53.1413 64.6154 29.2746 60.2169 63.1348 90.1223 91.0236 61.8466 93.7347 102.858 89.6312 41.9762 24.5153 20.0 67.624 23.7697 77.3591 79.6724 84.9334 96.2879 41.1461 8.48528 69.7538 
45.2217 67.2012 0.0 95.297 93.6725 87.8746 58.8303 71.4493 5.09902 24.1661 60.5392 93.1889 46.1736 84.5044 47.0956 23.0868 84.3445 22.3607 78.7564 50.6063 77.666 86.3134 41.2311 70.0929 93.3435 40.5216 48.6621 75.9423 33.6155 54.0833 52.4976 2.23607 65.8627 25.807 24.6982 80.034 52.8015 72.0625 69.4913 29.2062 
50.1065 74.4312 95.297 0.0 61.2944 66.7083 66.3099 51.3128 92.9914 82.0244 36.0139 62.3939 80.5233 14.3178 97.7446 73.7422 40.025 99.4567 26.5407 96.6463 17.8885 11.4018 77.2787 46.1411 16.0312 82.3772 87.3613 38.833 97.0955 93.2618 87.0059 93.7622 51.0392 77.0584 83.006 29.4109 74.0 33.6006 66.242 69.2604 
67.2555 32.1403 93.6725 61.2944 0.0 9.84886 108.083 97.5379 95.3134 96.2133 78.8026 1.41421 108.436 67.3647 122.381 72.6113 22.2036 83.3607 59.8179 61.4003 53.9351 52.0096 102.591 91.7096 45.5412 106.775 115.38 87.1289 73.2462 56.5685 52.0865 93.6932 29.8329 91.6788 97.6166 80.05 107.172 36.7696 26.1725 83.6301 
64.7803 23.0217 87.8746 66.7083 9.84886 0.0 104.24 105.003 89.8662 92.007 76.3274 8.544 105.802 71.0282 118.929 68.1922 26.6833 75.4321 62.2189 52.0865 57.0088 56.5685 99.8098 94.1106 51.5461 103.711 112.614 89.5299 64.7765 47.1699 43.0116 88.0739 26.9258 87.6812 93.4188 82.5369 104.687 38.3275 18.3848 79.9812 
39.6249 95.979 58.8303 66.3099 108.083 104.24 0.0 18.1108 54.0833 35.0 38.6497 106.779 18.0278 52.0 34.1321 52.6118 86.159 76.896 58.2652 94.8033 56.4004 64.3506 19.2094 21.2132 74.8866 22.8254 23.0868 29.2746 82.9759 96.5739 92.9822 56.6039 77.3594 33.121 34.8281 38.0789 9.21954 72.2652 89.9998 32.9848 
43.8911 96.6262 71.4493 51.3128 97.5379 105.003 18.1108 0.0 67.1789 49.2037 30.0416 98.2628 35.9026 37.2022 52.2398 60.8807 75.6138 86.7815 47.72 106.624 45.0 51.6236 35.8469 5.83095 62.2254 40.1622 41.1947 12.53 91.5372 106.578 101.605 69.3109 78.1129 46.0109 49.4065 21.9545 27.2947 61.72 91.2033 42.8019 
42.9535 69.5761 5.09902 92.9914 95.3134 89.8662 54.0833 67.1789 0.0 19.2354 57.8705 94.8572 41.1096 81.9085 42.19 23.0868 84.4038 27.1662 76.8471 54.5619 75.8024 84.5931 36.2491 66.0681 92.0489 35.4401 43.566 71.9613 37.9473 57.8014 55.8032 3.0 66.2225 21.2603 19.6977 76.9789 47.8539 71.4493 72.2914 25.5539 
33.9559 78.3801 24.1661 82.0244 96.2133 92.007 35.0 49.2037 19.2354 0.0 46.0109 96.0469 22.3607 69.4622 28.178 27.2947 81.8413 44.4072 67.2896 67.6831 66.2722 75.326 17.088 48.8774 84.1724 17.0294 26.0768 55.4617 53.0848 69.9214 66.4831 21.9317 66.4003 5.09902 1.41421 61.0328 28.6356 67.2239 76.2723 13.6015 
15.8114 67.9503 60.5392 36.0139 78.8026 76.3274 38.6497 30.0416 57.8705 46.0109 0.0 78.857 50.5982 24.0416 64.096 41.4005 50.358 68.7677 22.4642 77.9479 21.1896 30.0832 43.0962 24.4391 39.9249 47.998 57.6236 23.3452 70.247 77.9027 72.9292 58.8727 49.4371 41.0488 47.0 21.6333 44.9487 36.4642 62.5274 33.3766 
67.3099 31.0644 93.1889 62.3939 1.41421 8.544 106.779 98.2628 94.8572 96.0469 78.857 0.0 108.49 68.2642 122.348 72.362 23.0868 82.5651 60.5428 60.2993 54.7449 53.0 102.65 92.4345 46.6905 106.794 115.434 87.8538 72.3395 55.4437 51.0392 93.237 29.7321 91.5478 97.4526 80.8084 107.226 37.3363 25.318 83.5464 
41.7253 96.2879 46.1736 80.5233 108.436 105.802 18.0278 35.9026 41.1096 22.3607 50.5982 108.49 0.0 66.4906 17.2627 46.8722 92.1232 66.7533 70.4902 88.6848 68.4519 76.8007 6.32456 38.1182 87.1423 5.83095 7.2111 46.0435 75.0067 90.492 86.9004 43.9659 79.0253 23.0217 21.587 54.0833 8.94427 77.0282 90.8753 27.5136 
39.3954 74.5081 84.5044 14.3178 67.3647 71.0282 52.0 37.2022 81.9085 69.4622 24.0416 68.2642 66.4906 0.0 83.7437 64.8205 45.1774 92.1525 20.6525 96.6244 14.3178 16.1555 63.5059 31.9061 26.0768 68.593 73.2462 24.8395 95.2153 93.2399 86.984 82.8734 50.74 64.6297 70.3491 15.5563 59.7746 33.7343 66.79 57.2713 
56.6127 108.685 47.0956 97.7446 122.381 118.929 34.1321 52.2398 42.19 28.178 64.096 122.348 17.2627 83.7437 0.0 55.4707 106.715 69.3542 86.4168 95.2103 85.2376 93.8872 21.0238 55.0 103.889 16.1245 11.0454 63.0079 79.6241 97.7394 94.541 45.1774 92.6337 31.6228 26.8328 71.2531 25.02 92.954 103.272 38.9487 
25.6125 52.2664 23.0868 73.7422 72.6113 68.1922 52.6118 60.8807 23.0868 27.2947 41.4005 72.362 46.8722 64.8205 55.4707 0.0 61.3922 27.5862 57.2015 42.1944 55.9732 64.2884 40.6079 59.1873 70.772 42.72 52.2015 62.7412 30.6757 43.9649 40.3732 22.3607 43.1399 24.3516 28.6531 62.2415 50.01 49.0102 54.5467 20.0 
51.4404 38.2884 84.3445 40.025 22.2036 26.6833 86.159 75.6138 84.4038 81.8413 50.358 23.0868 92.1232 45.1774 106.715 61.3922 0.0 79.3095 37.8938 64.846 31.7805 30.0666 87.1329 69.7855 25.0799 90.981 99.3318 65.2048 71.8981 60.9016 55.0091 83.7437 20.2237 76.9472 83.1865 57.9741 90.2734 16.2788 29.8329 68.5121 
53.0754 53.1413 22.3607 99.4567 83.3607 75.4321 76.896 86.7815 27.1662 44.4072 68.7677 82.5651 66.7533 92.1525 69.3542 27.5862 79.3095 0.0 82.9969 30.4138 81.5729 89.5995 61.1882 85.088 94.0096 61.4003 70.1142 90.2997 12.7279 34.7131 34.9857 24.1868 59.1354 44.3847 45.2769 89.8053 72.2772 70.6045 57.2713 44.2832 
34.0689 64.6154 78.7564 26.5407 59.8179 62.2189 58.2652 47.72 76.8471 67.2896 22.4642 60.5428 70.4902 20.6525 86.4168 57.2015 37.8938 82.9969 0.0 85.972 9.0 18.0384 65.417 41.8917 27.4722 70.3189 77.6699 37.311 84.5628 82.5874 76.3316 77.3671 40.8473 62.2189 68.3877 30.318 64.5642 24.0 56.8973 54.0408 
65.4277 29.2746 50.6063 96.6463 61.4003 52.0865 94.8033 106.624 54.5619 67.6831 77.9479 60.2993 88.6848 96.6244 95.2103 42.1944 64.846 30.4138 85.972 0.0 81.5734 85.245 82.4924 101.021 85.7134 84.1724 93.5575 100.046 17.6918 5.09902 9.84886 51.8845 46.0435 65.7647 68.884 99.3333 92.1321 63.0558 36.4005 62.1499 
33.0606 60.2169 77.666 17.8885 53.9351 57.0088 56.4004 45.0 75.8024 66.2722 21.1896 54.7449 68.4519 14.3178 85.2376 55.9732 31.7805 81.5729 9.0 81.5734 0.0 9.05539 64.2378 39.2046 18.7883 69.1397 75.4774 34.0 83.1389 78.1889 71.933 76.2955 36.4005 61.2046 67.3647 26.2488 62.8024 19.4165 52.4976 53.0377 
42.0119 63.1348 86.3134 11.4018 52.0096 56.5685 64.3506 51.6236 84.5931 75.326 30.0832 53.0 76.8007 16.1555 93.8872 64.2884 30.0666 89.5995 18.0384 85.245 9.05539 0.0 73.1754 45.9674 10.6301 78.0773 83.8261 39.8246 85.7873 81.8604 75.6046 85.0 39.6611 70.2567 76.4199 31.0644 71.1196 22.2036 55.0091 62.0792 
36.1248 90.1223 41.2311 77.2787 102.591 99.8098 19.2094 35.8469 36.2491 17.088 43.0962 102.65 6.32456 63.5059 21.0238 40.6079 87.1329 61.1882 65.417 82.4924 64.2378 73.1754 0.0 37.108 82.8892 5.09902 12.8062 44.7214 69.0652 84.2762 80.6845 39.0 73.1095 17.0294 16.5529 52.0865 11.6619 72.0379 84.7098 21.1896 
38.2885 91.0236 70.0929 46.1411 91.7096 94.1106 21.2132 5.83095 66.0681 48.8774 24.4391 92.4345 38.1182 31.9061 55.0 59.1873 69.7855 85.088 41.8917 101.021 39.2046 45.9674 37.108 0.0 56.5862 41.7732 44.0114 8.06226 89.8437 100.976 96.0025 68.0147 72.5104 45.2217 49.2443 17.088 30.0167 55.8917 85.6007 41.1199 
50.3587 61.8466 93.3435 16.0312 45.5412 51.5461 74.8866 62.2254 92.0489 84.1724 39.9249 46.6905 87.1423 26.0768 103.889 70.772 25.0799 94.0096 27.4722 85.7134 18.7883 10.6301 82.8892 56.5862 0.0 87.7911 94.1677 50.3289 89.0 82.3286 76.073 92.1954 39.6989 79.0759 85.3288 41.4005 81.4928 23.7065 53.4135 70.7107 
40.6079 93.7347 40.5216 82.3772 106.775 103.711 22.8254 40.1622 35.4401 17.0294 47.998 106.794 5.83095 68.593 16.1245 42.72 90.981 61.4003 70.3189 84.1724 69.1397 78.0773 5.09902 41.7732 87.7911 0.0 9.48683 49.4975 70.0286 86.122 82.5305 38.3275 77.1557 18.4391 16.1245 57.0351 14.2127 76.8308 88.3222 24.1868 
48.7955 102.858 48.6621 87.3613 115.38 112.614 23.0868 41.1947 43.566 26.0768 57.6236 115.434 7.2111 73.2462 11.0454 52.2015 99.3318 70.1142 77.6699 93.5575 75.4774 83.8261 12.8062 44.0114 94.1677 9.48683 0.0 52.0384 79.1581 95.5667 91.9767 46.5296 85.9127 27.8927 25.02 60.407 14.0 84.2368 97.4457 33.541 
37.3137 89.6312 75.9423 38.833 87.1289 89.5299 29.2746 12.53 71.9613 55.4617 23.3452 87.8538 46.0435 24.8395 63.0079 62.7412 65.2048 90.2997 37.311 100.046 34.0 39.8246 44.7214 8.06226 50.3289 49.4975 52.0384 0.0 92.0513 100.001 95.0276 73.8663 68.1583 51.4782 55.9464 9.43398 38.0526 51.311 84.2083 46.9693 
54.7378 41.9762 33.6155 97.0955 73.2462 64.7765 82.9759 91.5372 37.9473 53.0848 70.247 72.3395 75.0067 95.2153 79.6241 30.6757 71.8981 12.7279 84.5628 17.6918 83.1389 85.7873 69.0652 89.8437 89.0 70.0286 79.1581 92.0513 0.0 22.0227 22.8473 35.1141 52.3402 52.0384 54.1479 91.6325 79.511 65.307 47.0956 50.01 
65.3825 24.5153 54.0833 93.2618 56.5685 47.1699 96.5739 106.578 57.8014 69.9214 77.9027 55.4437 90.492 93.2399 97.7394 43.9649 60.9016 34.7131 82.5874 5.09902 78.1889 81.8604 84.2762 100.976 82.3286 86.122 95.5667 100.001 22.0227 0.0 6.40312 55.2268 42.638 67.6831 71.1688 99.2881 93.9026 59.6713 31.9531 63.9205 
60.409 20.0 52.4976 87.0059 52.0865 43.0116 92.9822 101.605 55.8032 66.4831 72.9292 51.0392 86.9004 86.984 94.541 40.3732 55.0091 34.9857 76.3316 9.84886 71.933 75.6046 80.6845 96.0025 76.073 82.5305 91.9767 95.0276 22.8473 6.40312 0.0 53.4135 36.4005 64.0915 67.7791 94.3146 90.311 53.4154 26.6833 60.3288 
43.6807 67.624 2.23607 93.7622 93.6932 88.0739 56.6039 69.3109 3.0 21.9317 58.8727 93.237 43.9659 82.8734 45.1774 22.3607 83.7437 24.1868 77.3671 51.8845 76.2955 85.0 39.0 68.0147 92.1954 38.3275 46.5296 73.8663 35.1141 55.2268 53.4135 0.0 65.3608 23.6008 22.4722 78.2405 50.5668 71.1758 69.9078 27.2029 
37.89 23.7697 65.8627 51.0392 29.8329 26.9258 77.3594 78.1129 66.2225 66.4003 49.4371 29.7321 79.0253 50.74 92.6337 43.1399 20.2237 59.1354 40.8473 46.0435 36.4005 39.6611 73.1095 72.5104 39.6989 77.1557 85.9127 68.1583 52.3402 42.638 36.4005 65.3608 0.0 61.8466 67.8012 61.1653 77.8066 17.4929 16.2788 53.8145 
28.8617 77.3591 25.807 77.0584 91.6788 87.6812 33.121 46.0109 21.2603 5.09902 41.0488 91.5478 23.0217 64.6297 31.6228 24.3516 76.9472 44.3847 62.2189 65.7647 61.2046 70.2567 17.0294 45.2217 79.0759 18.4391 27.8927 51.4782 52.0384 67.6831 64.0915 23.6008 61.8466 0.0 6.32456 56.7356 27.8927 62.3285 71.9465 8.544 
35.171 79.6724 24.6982 83.006 97.6166 93.4188 34.8281 49.4065 19.6977 1.41421 47.0 97.4526 21.587 70.3491 26.8328 28.6531 83.1865 45.2769 68.3877 68.884 67.3647 76.4199 16.5529 49.2443 85.3288 16.1245 25.02 55.9464 54.1479 71.1688 67.7791 22.4722 67.8012 6.32456 0.0 61.6847 28.178 68.5678 77.6841 14.8661 
36.7967 84.9334 80.034 29.4109 80.05 82.5369 38.0789 21.9545 76.9789 61.0328 21.6333 80.8084 54.0833 15.5563 71.2531 62.2415 57.9741 89.8053 30.318 99.3333 26.2488 31.0644 52.0865 17.088 41.4005 57.0351 60.407 9.43398 91.6325 99.2881 94.3146 78.2405 61.1653 56.7356 61.6847 0.0 46.5296 44.318 77.2153 51.7556 
40.072 96.2879 52.8015 74.0 107.172 104.687 9.21954 27.2947 47.8539 28.6356 44.9487 107.226 8.94427 59.7746 25.02 50.01 90.2734 72.2772 64.5642 92.1321 62.8024 71.1196 11.6619 30.0167 81.4928 14.2127 14.0 38.0526 79.511 93.9026 90.311 50.5668 77.8066 27.8927 28.178 46.5296 0.0 75.1784 90.4257 30.0167 
37.0161 41.1461 72.0625 33.6006 36.7696 38.3275 72.2652 61.72 71.4493 67.2239 36.4642 37.3363 77.0282 33.7343 92.954 49.0102 16.2788 70.6045 24.0 63.0558 19.4165 22.2036 72.0379 55.8917 23.7065 76.8308 84.2368 51.311 65.307 59.6713 53.4154 71.1758 17.4929 62.3285 68.5678 44.318 75.1784 0.0 33.2415 53.8934 
50.9215 8.48528 69.4913 66.242 26.1725 18.3848 89.9998 91.2033 72.2914 76.2723 62.5274 25.318 90.8753 66.79 103.272 54.5467 29.8329 57.2713 56.8973 36.4005 52.4976 55.0091 84.7098 85.6007 53.4135 88.3222 97.4457 84.2083 47.0956 31.9531 26.6833 69.9078 16.2788 71.9465 77.6841 77.2153 90.4257 33.2415 0.0 64.3413 
20.3961 69.7538 29.2062 69.2604 83.6301 79.9812 32.9848 42.8019 25.5539 13.6015 33.3766 83.5464 27.5136 57.2713 38.9487 20.0 68.5121 44.2832 54.0408 62.1499 53.0377 62.0792 21.1896 41.1199 70.7107 24.1868 33.541 46.9693 50.01 63.9205 60.3288 27.2029 53.8145 8.544 14.8661 51.7556 30.0167 53.8934 64.3413 0.0 
DEMAND_SCENARIO_SECTION
0 0 0 0 0 0 0 0 0 0 0 0 0 0 0 0 0 0 0 0 0 0 0 0 0 0 0 0 0 0 0 0 0 0 0 0 0 0 0 0 0 0 0 0 0 0 0 0 0 0 
8 4 5 7 4 5 7 7 8 5 3 4 7 5 7 7 7 10 6 6 7 8 4 6 9 6 4 6 3 3 6 2 5 6 9 8 7 7 5 7 5 5 7 7 7 8 7 2 7 7 
5 3 2 2 6 2 2 5 5 8 5 4 2 3 6 5 5 4 8 6 6 5 3 6 8 4 7 1 4 4 5 7 4 5 4 5 4 3 3 5 7 9 1 7 6 3 4 4 5 3 
6 5 10 9 8 6 9 6 8 4 8 16 8 10 13 11 4 8 7 8 10 8 12 11 16 4 4 5 6 5 5 9 7 7 6 8 10 8 6 11 4 6 8 11 6 11 8 11 7 7 
3 4 3 7 5 5 6 8 3 7 4 5 8 7 3 4 3 2 3 7 0 2 2 5 7 2 0 3 6 6 5 8 5 8 10 5 7 5 4 6 6 6 6 6 5 6 5 4 7 4 
10 8 14 11 4 13 5 12 14 10 9 15 13 13 8 8 7 12 10 8 8 8 16 16 13 13 9 8 5 22 10 16 12 13 9 15 8 6 6 14 12 9 13 8 4 6 10 12 14 8 
0 3 2 2 2 1 0 1 0 3 2 3 1 1 1 1 0 1 2 0 2 0 1 3 0 1 0 0 0 2 1 0 0 3 0 2 2 2 0 1 1 2 2 2 1 1 0 2 3 2 
8 13 12 8 15 7 14 11 4 5 13 12 7 6 13 7 5 9 3 10 13 12 8 12 7 7 6 14 11 9 11 8 12 14 14 6 8 10 6 8 12 4 9 4 11 9 10 11 8 3 
1 4 3 1 0 4 2 2 2 2 0 3 1 4 1 2 3 1 2 3 2 2 3 2 0 2 0 1 4 3 3 1 2 1 2 2 4 2 1 5 2 0 1 2 2 4 3 2 3 2 
8 5 4 8 9 6 3 6 6 8 2 3 5 3 5 2 5 5 0 6 6 4 6 3 4 2 2 9 7 4 3 5 4 7 2 2 1 5 5 7 4 6 4 3 8 3 5 6 6 5 
11 10 10 6 12 7 8 8 10 7 9 9 5 12 12 6 12 12 6 10 8 9 6 11 11 4 11 7 6 9 2 13 5 16 8 10 9 8 7 11 11 12 9 6 7 4 9 10 8 8 
6 6 7 6 5 9 6 5 2 5 4 9 6 9 7 7 7 5 6 3 4 0 7 6 1 5 2 6 8 8 6 7 0 4 6 6 5 4 7 8 9 5 6 5 7 6 4 7 5 7 
8 8 7 12 8 6 8 5 14 1 7 5 10 14 2 6 10 6 5 11 6 8 8 14 7 10 7 6 9 9 6 9 6 8 8 8 6 0 8 12 7 6 9 8 7 6 10 10 12 4 
12 10 10 9 12 12 14 9 12 10 6 7 11 15 7 9 7 6 9 9 9 7 6 13 6 4 8 13 6 9 11 10 15 7 17 9 11 14 9 10 15 11 8 10 12 11 13 11 6 12 
5 9 7 12 5 7 10 8 10 5 8 2 10 14 8 6 16 8 9 12 5 12 6 9 5 12 8 6 10 15 3 5 13 10 9 6 7 8 7 9 9 7 9 10 7 10 6 4 5 5 
10 9 5 2 9 5 9 14 5 8 8 10 6 8 10 5 10 7 5 8 5 14 9 7 9 14 5 8 12 7 6 11 5 14 5 10 6 8 8 10 10 16 10 5 9 9 7 7 4 10 
7 14 10 9 7 9 9 5 10 13 1 9 7 8 9 11 10 11 9 6 12 8 6 12 10 12 8 8 9 7 8 9 10 10 11 8 8 12 11 13 7 11 8 8 3 6 9 9 5 14 
2 0 3 0 0 2 3 2 2 1 3 2 2 0 2 1 1 0 1 0 0 1 0 2 1 1 1 1 2 1 1 2 0 1 1 0 0 1 1 1 2 0 2 1 0 1 1 0 0 1 
8 6 9 10 5 11 4 8 5 4 9 3 8 7 5 6 7 10 10 10 7 2 7 8 7 11 10 12 9 5 3 4 12 4 10 5 6 10 6 7 7 4 10 8 7 5 9 9 8 6 
10 7 9 13 10 12 11 10 10 10 9 12 11 7 7 15 10 7 13 3 7 9 10 1 4 15 7 13 8 10 11 11 9 10 7 1 4 13 8 7 15 9 8 14 5 11 9 9 10 12 
5 2 4 3 7 3 9 2 2 5 6 6 8 7 5 6 6 3 2 3 6 7 6 5 6 4 7 4 0 1 5 8 5 2 2 7 9 0 7 9 4 4 5 1 3 4 6 5 5 3 
4 7 5 4 3 7 5 3 10 3 5 8 2 9 11 8 1 1 1 4 3 5 4 1 8 4 5 4 6 8 8 4 2 5 3 7 5 2 4 6 7 4 7 5 5 1 4 4 1 5 
7 10 7 4 5 6 5 2 8 9 5 8 5 5 5 8 5 6 4 5 6 7 4 7 4 7 7 9 11 10 8 9 3 5 1 4 7 6 9 7 4 5 7 4 6 4 3 2 6 4 
7 6 10 11 9 14 6 7 7 12 8 7 11 7 13 12 6 12 6 8 5 9 7 11 7 6 12 10 8 7 5 5 7 8 6 7 5 11 8 7 7 10 8 5 9 8 12 9 7 4 
3 9 4 2 0 6 5 2 5 4 5 6 7 3 4 3 6 7 1 8 4 3 3 6 5 2 6 8 0 2 5 4 1 0 5 4 3 8 4 3 4 8 3 4 5 6 3 0 2 4 
11 11 8 15 9 11 7 7 9 7 8 3 11 7 4 4 7 9 9 5 11 4 3 8 13 9 10 8 12 12 12 4 11 6 3 6 4 5 8 6 5 7 5 8 3 5 11 6 7 12 
7 0 5 16 6 9 8 14 12 10 10 11 6 10 5 5 7 10 8 7 6 14 15 11 9 8 7 14 10 12 14 9 8 11 9 11 8 11 12 7 8 10 5 12 11 6 7 11 3 10 
5 12 7 8 11 7 8 9 9 5 9 12 14 10 8 8 11 11 11 4 10 7 9 9 9 13 8 13 5 8 6 3 8 9 6 8 13 9 11 15 7 9 12 16 12 13 7 13 11 8 
7 1 5 0 2 1 3 1 3 3 0 5 3 1 3 3 7 3 2 6 3 3 2 2 2 6 1 6 4 2 6 5 3 1 3 3 4 4 0 3 3 3 2 3 5 6 3 1 5 2 
0 13 7 5 10 7 12 11 6 8 7 1 9 7 6 8 3 12 10 6 11 13 6 10 7 2 6 8 6 9 9 12 2 10 7 10 7 5 10 12 9 12 8 12 6 8 10 9 9 14 
8 6 8 15 10 11 10 6 12 10 11 10 10 7 8 8 14 9 6 8 9 5 10 7 4 15 13 17 5 10 16 2 12 12 9 9 13 10 9 6 7 8 12 8 9 8 6 10 10 5 
9 4 6 2 4 5 9 9 13 7 8 2 6 7 4 14 13 11 11 8 7 9 6 10 7 4 7 10 13 11 5 9 7 8 6 9 7 7 4 6 7 9 7 5 15 6 4 4 13 8 
6 7 7 7 7 8 6 8 8 6 4 5 9 10 11 4 4 4 6 2 2 6 3 5 7 7 9 5 6 6 5 0 9 8 7 3 3 3 5 6 8 14 6 1 7 5 5 4 7 9 
8 9 13 9 7 8 10 7 9 15 9 8 8 13 7 12 14 7 8 10 14 8 5 8 9 7 15 8 9 9 3 16 6 14 5 6 8 5 8 10 6 10 6 7 11 9 6 10 9 12 
0 3 3 5 4 4 7 3 4 1 2 5 4 4 3 0 2 3 3 5 4 2 5 5 3 2 0 6 7 5 1 4 5 4 4 0 3 2 1 1 5 3 4 7 3 4 2 4 3 2 
3 3 6 9 4 7 4 2 5 8 1 5 8 6 4 5 3 4 4 4 4 3 4 5 6 1 7 5 4 5 0 7 6 1 6 3 5 5 5 8 11 5 7 2 5 6 7 3 4 6 
4 4 6 6 6 4 3 4 8 6 2 7 9 6 7 7 6 8 6 6 2 11 3 6 7 6 5 3 0 5 2 3 5 5 4 10 4 2 4 5 2 5 6 6 6 3 3 5 9 6 
2 2 4 5 3 1 6 0 3 4 3 4 1 5 1 2 2 4 6 1 1 4 5 4 5 8 4 5 4 2 4 1 3 3 1 3 3 5 1 3 2 3 3 4 4 3 4 5 6 4 
6 2 4 5 6 4 2 3 7 2 8 6 10 4 0 4 0 6 3 6 8 6 6 4 7 2 3 1 7 8 5 10 10 7 5 5 4 4 7 1 6 2 2 3 4 5 7 4 6 6 
11 10 11 9 8 8 10 10 12 5 10 10 9 9 5 4 4 7 10 6 8 8 8 5 12 7 6 6 3 13 5 6 11 7 8 8 11 10 6 9 8 12 9 9 5 2 7 13 10 6 
DEPOT_SECTION
 1
 -1
EOF
