NAME  : Parada_40_7_0.95_1.00_8
TYPE : SVRP
MODEL : FINITE_SUPPORT
NUMBER_OF_SCENARIOS : 50
DIMENSION : 40
EDGE_WEIGHT_TYPE : MATRIX
CAPACITY : 33
N_VEHICLES : 7
NODE_COORD_SECTION
1 227680 174490
2 248190 177510
3 184000 70858
4 58296 647070
5 465310 169510
6 527640 202170
7 27 385130
8 372840 18
9 490320 369430
10 23521 301060
11 554920 186080
12 26280 340300
13 565670 209930
14 114960 421950
15 43427 315170
16 535910 321680
17 699410 293020
18 372870 442650
19 111970 543240
20 338480 518570
21 497440 101790
22 427060 340460
23 1062 418960
24 191370 571970
25 453910 389270
26 370820 136940
27 654050 365540
28 448140 436830
29 28510 74870
30 336100 33467
31 424170 350480
32 33588 245450
33 149960 54833
34 334580 246940
35 262300 207830
36 705960 227030
37 575980 362710
38 512340 389830
39 378050 299030
40 367930 179250
DEMAND_SECTION
1 0.0
2 7.0
3 4.0
4 10.0
5 3.0
6 10.0
7 4.0
8 9.0
9 9.0
10 3.0
11 9.0
12 8.0
13 9.0
14 7.0
15 4.0
16 8.0
17 2.0
18 4.0
19 4.0
20 7.0
21 3.0
22 9.0
23 8.0
24 10.0
25 2.0
26 7.0
27 6.0
28 7.0
29 1.0
30 8.0
31 2.0
32 4.0
33 2.0
34 6.0
35 5.0
36 5.0
37 10.0
38 4.0
39 4.0
40 2.0
DISTANCE_MATRIX
0.0 25.1756 33.868 60.3075 18.065 45.3431 43.7379 67.5916 39.8377 40.0125 42.7617 35.0571 40.3609 28.2312 43.1856 45.1 68.6222 46.5725 43.4166 38.8133 45.0295 66.2497 46.5725 40.6079 69.8876 21.095 58.7963 38.7883 50.2686 60.6019 35.2278 40.5216 37.5495 54.1068 20.8685 74.2428 54.3204 43.569 27.5862 59.0837 
25.1756 0.0 16.9706 69.8236 38.349 65.6358 44.8193 46.1736 60.2089 38.0013 63.0877 34.8415 60.6577 35.6287 40.025 40.3442 63.9772 49.0102 53.5154 60.5546 56.0473 46.4504 48.7699 55.3228 53.0615 27.6337 54.7615 60.5296 40.3113 39.2938 33.7343 35.0571 22.6716 31.6832 4.47214 72.9054 54.0995 63.9403 24.7386 37.9425 
33.868 16.9706 0.0 70.6824 51.9008 79.1875 42.638 32.0624 73.7607 33.9411 76.6394 33.0151 74.2094 37.3631 34.2053 44.3847 68.1527 62.3699 55.0273 62.5184 71.9741 42.638 47.0106 57.7062 48.8365 43.566 61.6117 63.1603 25.318 26.0768 45.3124 26.9258 5.83095 28.0179 21.2603 69.8355 51.1126 72.1603 36.4983 30.8058 
60.3075 69.8236 70.6824 0.0 67.9506 80.5047 31.1448 100.0 58.3095 40.4475 73.2462 38.6005 76.9415 34.4093 43.1045 105.211 128.784 105.375 16.9706 37.054 89.4986 110.868 27.0185 22.1359 117.454 78.9427 119.097 50.3587 68.1836 95.5196 95.4254 50.4876 71.5122 96.0548 80.98 134.354 114.432 59.0339 87.8635 101.119 
18.065 38.349 51.9008 67.9506 0.0 27.5862 58.0345 80.7651 23.5635 56.0892 25.9422 50.636 22.6716 41.0122 59.6657 57.3128 72.1525 37.859 51.8984 39.0867 27.2029 78.4897 60.0333 46.7132 82.1277 25.2315 60.7727 27.0711 68.3014 73.7754 45.603 57.9396 55.5823 67.2802 34.042 86.2876 66.4499 27.2948 39.121 72.2572 
45.3431 65.6358 79.1875 80.5047 27.5862 0.0 80.0812 105.518 22.2036 80.681 7.61577 74.8528 5.0 62.9396 84.8295 66.3702 81.0494 43.4166 68.0661 43.566 13.8924 86.3957 81.0247 59.0339 90.0336 36.4764 69.7209 30.1496 95.4254 98.5469 50.2494 83.9207 82.8691 79.5399 61.3288 89.6772 74.0608 22.1359 51.1746 88.4094 
43.7379 44.8193 42.638 31.1448 58.0345 80.0812 0.0 69.6419 60.4152 9.48683 74.3303 10.0 75.4321 17.2627 12.0 84.0192 108.014 90.2441 21.0238 44.6878 84.5931 84.8528 4.47214 30.0 91.2414 64.7765 99.4679 53.2353 37.054 65.7419 77.3427 19.4165 42.19 70.0071 62.1455 111.896 93.0905 63.0635 69.0833 73.4098 
67.5916 46.1736 32.0624 100.0 80.7651 105.518 69.6419 0.0 102.625 60.1664 105.504 61.4003 103.074 68.469 58.6003 53.3144 65.3758 77.6494 85.5102 94.561 96.7789 35.3553 74.0945 89.2749 38.0132 69.8221 64.56 95.2028 36.2353 7.2111 59.8904 50.5668 29.1548 29.6816 49.4005 63.0317 50.6952 106.356 54.3725 21.1896 
39.8377 60.2089 73.7607 58.3095 23.5635 22.2036 60.4152 102.625 0.0 62.1289 15.0 56.3028 18.9737 43.909 66.2873 74.9272 90.5365 55.8032 46.3897 21.3776 32.6497 100.35 60.7454 37.0135 103.988 43.6155 79.1567 8.0 82.2252 95.6353 57.6155 67.3857 72.4543 89.1401 55.9019 98.6155 82.9188 4.12311 60.9809 94.1171 
40.0125 38.0013 33.9411 40.4475 56.0892 80.681 9.48683 60.1664 62.1289 0.0 75.1989 5.83095 76.0264 18.4391 4.24264 75.8799 100.313 85.7088 28.6356 49.0408 83.1986 76.4853 13.9284 36.2491 82.7587 61.0082 92.6499 55.6058 28.0179 56.356 71.7297 10.0499 33.0151 61.7171 41.6632 103.279 85.3897 65.215 62.74 64.5368 
42.7617 63.0877 76.6394 73.2462 25.9422 7.61577 74.3303 105.504 15.0 75.1989 0.0 69.3707 6.7082 57.3847 79.3004 69.1189 85.3756 48.4665 61.2944 36.2215 20.5183 89.2783 75.0 52.0096 92.9162 39.0689 73.9797 23.0 92.6626 98.514 53.0689 80.257 80.3663 82.1324 58.7806 93.7443 77.1105 14.5602 53.7671 91.0019 
35.0571 34.8415 33.0151 38.6005 50.636 74.8528 10.0 61.4003 56.3028 5.83095 69.3707 0.0 70.1807 12.7279 10.0 73.5911 98.0244 81.2158 25.02 43.6005 77.666 74.9667 14.1421 31.6228 81.3941 56.1427 89.4902 49.8197 31.5753 57.0088 67.9024 13.6015 33.1059 60.1082 52.7053 101.907 83.1009 59.4054 59.5802 63.8201 
40.3609 60.6577 74.2094 76.9415 22.6716 5.0 75.4321 103.074 18.9737 76.0264 6.7082 70.1807 0.0 58.2674 79.8305 63.0714 78.8543 41.7852 64.0 40.2616 14.2127 83.2311 76.4853 55.2268 86.869 33.0217 67.4685 26.6833 90.4268 95.0923 47.0106 78.9217 77.891 76.0852 56.3507 87.2983 71.007 19.7231 47.7199 84.9547 
28.2312 35.6287 37.3631 34.4093 41.0122 62.9396 17.2627 68.469 43.909 18.4391 57.3847 12.7279 58.2674 0.0 22.6716 72.2562 95.8284 74.6324 17.8885 31.0644 67.3647 76.6729 19.0263 21.0238 83.2594 48.7647 86.1902 37.2022 42.72 63.1506 63.1348 25.5539 39.3192 61.8599 48.0247 103.144 84.3385 46.8722 54.9625 67.1193 
43.1856 40.025 34.2053 43.1045 59.6657 84.8295 12.0 58.6003 66.2873 4.24264 79.3004 10.0 79.8305 22.6716 0.0 77.0251 101.406 88.3629 32.28 53.2635 86.8332 76.8375 16.1245 40.2492 82.9759 64.0312 94.0314 59.8164 25.0799 55.2268 73.7564 8.06226 32.5576 62.2013 43.6899 103.9 86.4824 69.4046 64.7611 64.3506 
45.1 40.3442 44.3847 105.211 57.3128 66.3702 84.0192 53.3144 74.9272 75.8799 69.1189 73.5911 63.0714 72.2562 77.0251 0.0 24.4397 30.0 88.2669 83.549 55.7853 21.4454 87.9698 85.7072 25.0834 34.5254 17.2627 78.4347 68.3593 47.4577 16.1245 70.5762 48.6621 24.5967 37.7365 29.439 9.51618 76.7242 18.3848 32.2027 
68.6222 63.9772 68.1527 128.784 72.1525 81.0494 108.014 65.3758 90.5365 100.313 85.3756 98.0244 78.8543 95.8284 101.406 24.4397 0.0 38.0526 111.839 106.708 68.2642 30.0666 112.403 109.124 28.1603 54.5894 11.4018 95.3058 90.471 61.0082 34.9857 95.0047 71.4795 41.0 61.3695 9.21954 17.088 93.5952 41.1096 45.0 
46.5725 49.0102 62.3699 105.375 37.859 43.4166 90.2441 77.6494 55.8032 85.7088 48.4665 81.2158 41.7852 74.6324 88.3629 30.0 38.0526 0.0 88.3582 73.0278 30.2655 48.891 93.145 84.1377 52.3546 26.0 27.0185 60.8769 87.6641 70.7708 17.8885 84.006 67.9588 51.642 45.0111 47.0 34.9285 58.5235 25.9615 60.5116 
43.4166 53.5154 55.0273 16.9706 51.8984 68.0661 21.0238 85.5102 46.3897 28.6356 61.2944 25.02 64.0 17.8885 32.28 88.2669 111.839 88.3582 0.0 26.9258 75.5381 94.5596 18.6011 10.2956 101.146 62.3649 102.176 38.4708 56.4358 80.5233 78.6003 38.3275 56.5155 79.7466 64.0355 117.41 97.4874 48.0521 70.9366 85.0 
38.8133 60.5546 62.5184 37.054 39.0867 43.566 44.6878 94.561 21.3776 49.0408 36.2215 43.6005 40.2616 31.0644 53.2635 83.549 106.708 73.0278 26.9258 0.0 53.4883 104.853 43.8292 16.7631 108.491 60.4004 96.4449 13.6015 73.3485 88.5672 72.3509 56.6039 66.0984 92.7102 59.472 112.68 92.7695 22.0 65.632 92.0487 
45.0295 56.0473 71.9741 89.4986 27.2029 13.8924 84.5931 96.7789 32.6497 83.1986 20.5183 77.666 14.2127 67.3647 86.8332 55.7853 68.2642 30.2655 75.5381 53.4883 0.0 75.5032 86.209 67.4685 79.1412 28.4391 57.0789 39.9249 95.2659 89.8077 39.8497 85.0941 77.8024 70.8007 51.7402 77.1038 62.8013 33.8378 42.5441 79.6702 
66.2497 46.4504 42.638 110.868 78.4897 86.3957 84.8528 35.3553 100.35 76.4853 89.2783 74.9667 83.2311 76.6729 76.8375 21.4454 30.0666 48.891 94.5596 104.853 75.5032 0.0 89.1067 96.3669 6.7082 55.112 29.9666 103.857 62.3939 31.0161 36.2094 69.4046 44.9444 14.8661 49.4005 28.8617 16.1245 104.081 39.334 15.1327 
46.5725 48.7699 47.0106 27.0185 60.0333 81.0247 4.47214 74.0945 60.7454 13.9284 75.0 14.1421 76.4853 19.0263 16.1245 87.9698 112.403 93.145 18.6011 43.8292 86.209 89.1067 0.0 28.2843 95.5249 67.4685 103.419 53.3104 41.1947 70.214 80.6441 23.7697 46.6476 74.2496 65.4469 116.006 97.2004 63.1585 72.3847 77.801 
40.6079 55.3228 57.7062 22.1359 46.7132 59.0339 30.0 89.2749 37.0135 36.2491 52.0096 31.6228 55.2268 21.0238 40.2492 85.7072 109.124 84.1377 10.2956 16.7631 67.4685 96.3669 28.2843 0.0 102.953 58.1444 99.0051 29.0172 63.0635 83.7257 74.9667 45.2217 60.1332 81.554 61.4757 114.85 94.9276 38.3275 68.0147 86.8169 
69.8876 53.0615 48.8365 117.454 82.1277 90.0336 91.2414 38.0132 103.988 82.7587 92.9162 81.3941 86.869 83.2594 82.9759 25.0834 28.1603 52.3546 101.146 108.491 79.1412 6.7082 95.5249 102.953 0.0 58.75 30.6105 107.495 67.5426 34.7131 39.8473 75.4321 50.8035 21.4009 56.0116 25.02 17.8045 107.719 42.9719 19.6977 
21.095 27.6337 43.566 78.9427 25.2315 36.4764 64.7765 69.8221 43.6155 61.0082 39.0689 56.1427 33.0217 48.7647 64.0312 34.5254 54.5894 26.0 62.3649 60.4004 28.4391 55.112 67.4685 58.1444 58.75 0.0 43.566 48.3848 67.8191 62.8324 19.6977 60.6712 49.3964 45.3661 23.3266 61.8466 43.1741 46.6742 17.0294 54.2357 
58.7963 54.7615 61.6117 119.097 60.7727 69.7209 99.4679 64.56 79.1567 92.6499 73.9797 89.4902 67.4685 86.1902 94.0314 17.2627 11.4018 27.0185 102.176 96.4449 57.0789 29.9666 103.419 99.0051 30.6105 43.566 0.0 83.926 85.5884 59.2284 24.2074 87.6016 65.9242 37.054 52.1538 20.025 13.9284 82.2154 31.241 43.4166 
38.7883 60.5296 63.1603 50.3587 27.0711 30.1496 53.2353 95.2028 8.0 55.6058 23.0 49.8197 26.6833 37.2022 59.8164 78.4347 95.3058 60.8769 38.4708 13.6015 39.9249 103.857 53.3104 29.0172 107.495 48.3848 83.926 0.0 76.6127 89.209 62.3848 61.5224 66.8418 92.6852 59.447 103.385 86.4264 9.84886 64.4884 92.0237 
50.2686 40.3113 25.318 68.1836 68.3014 95.4254 37.054 36.2353 82.2252 28.0179 92.6626 31.5753 90.4268 42.72 25.0799 68.3593 90.471 87.6641 56.4358 73.3485 95.2659 62.3939 41.1947 63.0635 67.5426 67.8191 85.5884 76.6127 0.0 34.8281 70.6287 18.1108 20.025 49.4773 44.7772 91.0824 73.5459 85.6127 61.8146 47.8539 
60.6019 39.2938 26.0768 95.5196 73.7754 98.5469 65.7419 7.2111 95.6353 56.356 98.514 57.0088 95.0923 63.1506 55.2268 47.4577 61.0082 70.7708 80.5233 88.5672 89.8077 31.0161 70.214 83.7257 34.7131 62.8324 59.2284 89.209 34.8281 0.0 53.0117 47.1699 24.0416 23.2594 42.4109 59.5399 45.5412 99.3666 47.4013 16.0312 
35.2278 33.7343 45.3124 95.4254 45.603 50.2494 77.3427 59.8904 57.6155 71.7297 53.0689 67.9024 47.0106 63.1348 73.7564 16.1245 34.9857 17.8885 78.6003 72.3509 39.8497 36.2094 80.6441 74.9667 39.8473 19.6977 24.2074 62.3848 70.6287 53.0117 0.0 68.593 50.7516 33.883 30.3645 42.1545 24.0832 60.6742 9.05539 42.7525 
40.5216 35.0571 26.9258 50.4876 57.9396 83.9207 19.4165 50.5668 67.3857 10.0499 80.257 13.6015 78.9217 25.5539 8.06226 70.5762 95.0047 84.006 38.3275 56.6039 85.0941 69.4046 23.7697 45.2217 75.4321 60.6712 87.6016 61.5224 18.1108 47.1699 68.593 0.0 24.7588 54.9181 39.0 96.7586 78.0336 70.7672 59.5399 56.5862 
37.5495 22.6716 5.83095 71.5122 55.5823 82.8691 42.19 29.1548 72.4543 33.0151 80.3663 33.1059 77.891 39.3192 32.5576 48.6621 71.4795 67.9588 56.5155 66.0984 77.8024 44.9444 46.6476 60.1332 50.8035 49.3964 65.9242 66.8418 20.025 24.0416 50.7516 24.7588 0.0 30.8707 27.0185 72.9178 54.4395 75.8418 42.081 31.8277 
54.1068 31.6832 28.0179 96.0548 67.2802 79.5399 70.0071 29.6816 89.1401 61.7171 82.1324 60.1082 76.0852 61.8599 62.2013 24.5967 41.0 51.642 79.7466 92.7102 70.8007 14.8661 74.2496 81.554 21.4009 45.3661 37.054 92.6852 49.4773 23.2594 33.883 54.9181 30.8707 0.0 34.6333 42.0476 24.1868 92.8715 28.3942 10.2956 
20.8685 4.47214 21.2603 80.98 34.042 61.3288 62.1455 49.4005 55.9019 41.6632 58.7806 52.7053 56.3507 48.0247 43.6899 37.7365 61.3695 45.0111 64.0355 59.472 51.7402 49.4005 65.4469 61.4757 56.0116 23.3266 52.1538 59.447 44.7772 42.4109 30.3645 39.0 27.0185 34.6333 0.0 66.8794 46.957 59.6332 21.5407 40.8927 
74.2428 72.9054 69.8355 134.354 86.2876 89.6772 111.896 63.0317 98.6155 103.279 93.7443 101.907 87.2983 103.144 103.9 29.439 9.21954 47.0 117.41 112.68 77.1038 28.8617 116.006 114.85 25.02 61.8466 20.025 103.385 91.0824 59.5399 42.1545 96.7586 72.9178 42.0476 66.8794 0.0 20.5183 101.674 47.1699 43.9318 
54.3204 54.0995 51.1126 114.432 66.4499 74.0608 93.0905 50.6952 82.9188 85.3897 77.1105 83.1009 71.007 84.3385 86.4824 9.51618 17.088 34.9285 97.4874 92.7695 62.8013 16.1245 97.2004 94.9276 17.8045 43.1741 13.9284 86.4264 73.5459 45.5412 24.0832 78.0336 54.4395 24.1868 46.957 20.5183 0.0 84.7159 27.4047 29.6142 
43.569 63.9403 72.1603 59.0339 27.2948 22.1359 63.0635 106.356 4.12311 65.215 14.5602 59.4054 19.7231 46.8722 69.4046 76.7242 93.5952 58.5235 48.0521 22.0 33.8378 104.081 63.1585 38.3275 107.719 46.6742 82.2154 9.84886 85.6127 99.3666 60.6742 70.7672 75.8418 92.8715 59.6332 101.674 84.7159 0.0 64.7122 97.8484 
27.5862 24.7386 36.4983 87.8635 39.121 51.1746 69.0833 54.3725 60.9809 62.74 53.7671 59.5802 47.7199 54.9625 64.7611 18.3848 41.1096 25.9615 70.9366 65.632 42.5441 39.334 72.3847 68.0147 42.9719 17.0294 31.241 64.4884 61.8146 47.4013 9.05539 59.5399 42.081 28.3942 21.5407 47.1699 27.4047 64.7122 0.0 37.2638 
59.0837 37.9425 30.8058 101.119 72.2572 88.4094 73.4098 21.1896 94.1171 64.5368 91.0019 63.8201 84.9547 67.1193 64.3506 32.2027 45.0 60.5116 85.0 92.0487 79.6702 15.1327 77.801 86.8169 19.6977 54.2357 43.4166 92.0237 47.8539 16.0312 42.7525 56.5862 31.8277 10.2956 40.8927 43.9318 29.6142 97.8484 37.2638 0.0 
DEMAND_SCENARIO_SECTION
0 0 0 0 0 0 0 0 0 0 0 0 0 0 0 0 0 0 0 0 0 0 0 0 0 0 0 0 0 0 0 0 0 0 0 0 0 0 0 0 0 0 0 0 0 0 0 0 0 0 
4 4 10 8 11 11 5 5 4 5 7 7 3 10 8 6 12 4 9 11 8 8 5 5 5 8 8 5 3 10 6 7 2 7 9 6 7 4 15 9 9 6 11 5 7 10 6 7 9 8 
4 0 5 5 4 7 7 3 3 4 5 4 4 0 5 5 5 6 1 4 3 7 3 1 8 2 4 2 8 3 4 7 0 5 6 6 5 6 5 1 4 9 2 4 5 1 3 6 6 6 
8 7 14 8 8 10 9 12 6 10 6 13 12 17 11 6 14 11 11 10 7 11 6 11 12 7 10 7 11 10 8 14 16 5 9 9 13 13 13 9 12 8 12 14 10 5 14 17 11 9 
5 1 1 5 1 3 0 2 3 2 3 0 3 5 3 5 4 6 2 4 2 3 4 1 4 2 2 0 3 2 3 5 2 4 3 1 0 5 3 4 3 3 3 3 6 3 3 2 6 7 
7 16 16 16 11 7 0 7 6 9 11 2 10 7 14 9 14 6 11 15 7 9 5 8 10 12 10 10 10 9 11 8 6 11 9 10 16 10 7 10 10 12 14 15 7 12 3 12 8 11 
5 4 5 4 4 7 3 6 4 0 3 2 2 4 6 3 7 5 2 1 3 6 5 3 1 4 7 5 3 6 4 4 5 4 5 6 7 5 5 4 0 4 3 6 7 3 4 6 5 4 
5 14 9 7 12 7 9 8 16 6 7 9 14 11 9 4 7 15 9 11 5 9 8 9 12 6 10 12 7 5 10 10 8 9 9 0 8 10 7 6 7 7 9 9 4 9 14 6 10 12 
10 10 6 4 9 4 6 11 7 4 13 6 10 9 8 8 7 15 11 9 10 11 10 10 8 17 16 8 11 11 6 2 10 12 5 11 10 8 9 7 12 11 11 7 8 10 9 8 9 10 
4 1 1 1 3 2 4 3 3 1 1 3 3 4 0 2 6 1 4 5 4 5 6 2 5 3 6 2 1 4 5 6 2 2 3 4 2 3 4 5 4 1 2 2 5 4 5 2 1 5 
11 11 10 5 5 10 17 9 6 4 9 5 5 6 6 9 8 11 9 6 10 9 8 7 12 10 11 10 8 13 8 11 8 11 11 13 13 11 7 7 7 4 8 10 17 5 10 7 5 8 
9 9 6 10 9 11 7 11 6 5 6 10 7 6 13 12 6 6 10 9 9 9 11 9 6 5 8 3 10 11 9 5 11 9 9 6 6 6 10 7 8 13 12 9 8 8 12 10 9 5 
13 8 10 6 10 14 13 8 12 10 9 12 10 6 9 7 14 9 10 8 7 10 11 2 10 8 13 7 7 4 8 11 10 9 6 10 8 15 10 6 15 10 13 11 5 8 6 9 5 12 
5 6 12 8 8 7 3 5 9 10 1 6 6 6 7 6 8 9 10 5 9 7 6 4 5 7 8 5 10 7 3 3 11 10 8 7 7 8 1 7 12 3 4 7 12 4 9 9 10 8 
1 1 7 4 5 2 7 5 3 2 3 4 5 1 7 5 4 4 6 4 8 4 4 1 5 2 4 5 4 6 6 5 2 6 5 6 7 6 3 4 3 2 4 6 4 4 2 3 3 6 
5 12 5 8 9 7 9 8 9 10 5 9 4 12 8 5 8 11 9 9 12 5 8 7 9 10 10 14 5 7 6 11 9 12 7 11 8 7 11 10 8 7 6 10 8 12 5 6 7 10 
3 2 4 2 1 2 2 1 4 3 1 3 4 2 1 3 3 3 2 3 1 2 2 1 2 3 0 3 1 1 2 7 1 6 2 3 2 0 1 4 0 1 2 2 1 0 1 0 3 2 
6 3 3 2 2 4 6 5 3 1 4 5 2 4 7 3 4 5 3 7 3 3 5 7 4 4 3 6 4 4 4 0 2 3 5 4 6 9 4 3 4 1 4 4 3 4 3 7 1 6 
7 7 5 2 4 3 6 4 5 6 5 3 5 3 1 3 4 6 3 4 6 3 2 3 5 6 8 5 2 5 2 3 3 2 2 2 2 5 7 6 7 2 2 3 5 4 3 8 2 1 
6 11 14 5 6 8 6 8 7 3 9 7 4 5 7 6 5 3 9 6 11 5 9 5 7 3 8 1 12 8 6 9 11 4 4 5 8 6 3 9 6 4 4 3 3 7 9 8 7 8 
3 2 4 3 0 3 6 4 2 3 4 3 4 6 3 3 2 4 2 8 3 3 3 2 0 2 3 3 0 3 4 2 0 3 7 3 2 7 9 3 2 3 4 3 2 1 0 3 0 5 
10 10 8 10 8 6 13 2 8 11 6 8 8 7 9 11 7 7 11 14 8 10 7 11 8 9 18 8 9 16 7 3 5 8 5 7 12 9 7 11 11 13 11 9 9 9 11 12 9 9 
8 14 8 9 6 10 5 6 8 3 6 4 9 8 9 3 7 9 6 7 7 9 11 6 9 9 7 4 8 7 12 6 8 8 8 10 8 8 12 5 12 11 6 9 7 12 7 5 5 9 
10 11 14 13 19 11 13 7 13 10 9 10 10 10 13 6 2 10 11 10 10 6 5 13 5 13 14 10 10 9 9 3 8 11 10 6 14 8 9 12 7 12 12 8 17 6 6 15 11 7 
1 2 3 3 2 0 0 3 3 3 3 3 0 2 2 1 3 0 1 1 2 3 2 2 1 3 6 3 1 1 2 5 2 1 0 0 2 2 0 3 3 1 2 1 2 2 4 0 2 2 
11 6 11 10 9 11 16 10 7 11 8 2 7 11 6 9 5 7 5 4 11 7 7 5 3 6 5 9 13 6 11 4 12 9 8 11 9 8 7 9 7 6 8 7 6 4 8 5 9 6 
5 6 7 4 6 8 4 3 6 4 3 1 7 10 5 5 3 4 4 2 3 8 5 5 7 9 8 4 4 4 6 6 10 4 6 2 6 4 6 6 5 3 1 5 5 9 4 6 7 5 
6 12 9 3 6 8 3 8 4 9 7 5 6 3 12 12 3 9 7 6 7 7 12 4 5 5 4 6 9 10 5 10 8 8 7 9 8 8 7 8 8 4 5 6 0 13 9 12 12 11 
1 1 1 0 2 1 0 1 1 1 2 1 1 2 1 1 1 2 1 1 2 0 0 1 1 0 1 2 1 3 2 1 2 2 0 1 2 1 0 3 0 2 2 1 1 1 0 1 2 1 
7 2 5 9 10 3 7 10 10 11 7 4 10 4 8 9 4 9 9 6 10 4 5 5 8 10 9 10 8 8 9 3 11 8 10 8 9 7 7 7 8 7 6 9 5 9 7 16 7 8 
2 2 1 1 1 3 1 5 1 2 0 3 1 1 1 0 2 2 1 4 0 1 3 1 2 1 3 3 1 3 4 3 1 3 1 4 2 5 0 0 3 1 4 2 5 2 2 0 1 3 
0 1 5 6 2 8 2 1 4 6 5 3 2 5 5 8 6 6 9 1 2 4 5 6 7 5 6 6 4 9 5 4 6 7 6 4 4 8 2 9 5 3 5 8 6 3 4 5 5 6 
2 2 2 2 1 2 2 2 0 2 1 1 1 4 3 1 0 2 3 4 2 2 1 2 3 5 2 1 4 1 4 1 3 2 3 4 2 1 0 1 3 2 1 2 3 1 1 1 3 1 
8 11 5 8 4 5 7 8 8 3 6 3 8 3 5 3 5 5 4 8 7 9 0 5 5 9 5 8 7 7 10 8 8 6 4 4 5 7 8 8 4 1 9 6 4 3 5 9 6 7 
5 3 2 5 8 7 2 7 9 4 5 4 9 3 1 1 9 6 5 4 7 6 9 8 5 4 3 3 5 7 9 5 6 3 3 7 7 11 3 7 5 5 2 2 3 3 1 5 5 6 
5 5 5 6 8 7 7 10 7 10 4 5 9 4 7 8 6 2 7 4 8 3 8 5 3 5 7 1 3 1 4 1 2 3 5 9 4 4 2 3 5 4 6 2 0 6 7 5 9 6 
9 6 10 9 12 10 11 6 9 15 11 12 5 13 9 7 7 13 9 12 14 3 15 11 10 14 10 3 9 10 11 11 10 15 9 9 8 13 12 9 17 13 8 9 11 9 13 11 7 6 
3 6 1 0 2 4 6 4 6 2 4 6 7 5 4 4 3 4 5 2 1 3 5 3 5 6 5 6 3 5 3 6 2 1 4 2 5 3 3 4 4 4 4 5 7 4 2 3 4 2 
4 1 4 1 5 8 3 4 3 7 3 6 4 8 2 6 6 6 7 5 5 5 8 3 5 4 4 6 4 9 5 6 8 1 7 6 3 0 5 1 4 3 4 7 5 3 4 4 5 5 
4 2 3 2 2 3 5 3 1 5 3 3 2 4 2 0 3 2 1 3 1 1 0 5 3 4 4 1 2 3 2 1 2 3 2 3 1 1 1 3 4 1 2 2 2 4 3 0 3 1 
DEPOT_SECTION
 1
 -1
EOF
