NAME  : Parada_40_7_0.95_1.00_7
TYPE : SVRP
MODEL : FINITE_SUPPORT
NUMBER_OF_SCENARIOS : 50
DIMENSION : 40
EDGE_WEIGHT_TYPE : MATRIX
CAPACITY : 35
N_VEHICLES : 7
NODE_COORD_SECTION
1 346990 280500
2 519490 183940
3 409530 74877
4 292630 665910
5 160870 257960
6 27463 409310
7 687890 357220
8 617080 12077
9 412080 285770
10 227600 409690
11 393990 332800
12 216950 435870
13 410340 306620
14 324650 417960
15 305140 494930
16 274980 425160
17 40990 259060
18 115960 561650
19 145000 493470
20 282860 471060
21 328210 367180
22 15006 303910
23 607560 471090
24 514460 419750
25 522150 306660
26 280440 297800
27 674130 393340
28 412710 356500
29 589650 18
30 621900 393400
31 67069 646170
32 472320 556290
33 503970 230960
34 89404 539860
35 581630 183050
36 554110 401640
37 169710 553080
38 307710 578580
39 275420 247130
40 27 309240
DEMAND_SECTION
1 0.0
2 9.0
3 6.0
4 3.0
5 5.0
6 8.0
7 6.0
8 4.0
9 1.0
10 7.0
11 10.0
12 10.0
13 6.0
14 4.0
15 7.0
16 4.0
17 8.0
18 8.0
19 7.0
20 6.0
21 10.0
22 10.0
23 2.0
24 9.0
25 3.0
26 5.0
27 2.0
28 10.0
29 3.0
30 3.0
31 10.0
32 1.0
33 8.0
34 3.0
35 9.0
36 6.0
37 1.0
38 10.0
39 9.0
40 1.0
DISTANCE_MATRIX
0.0 37.4781 69.5584 75.743 51.4296 36.1458 50.6063 65.0257 9.48683 46.0977 10.2956 48.6004 8.0 55.8167 25.5684 49.2737 47.2652 42.5234 46.5971 56.0849 14.8813 45.1774 39.8121 28.1603 26.9258 51.4394 45.4533 13.6015 69.0132 39.6611 56.8915 43.9411 31.0651 47.0148 44.4352 30.6105 38.2898 66.2193 53.605 46.0435 
37.4781 0.0 28.4311 69.7782 58.0775 59.8642 63.5059 36.1248 27.1251 42.9535 33.6999 43.0116 30.0241 42.8115 27.0799 39.8121 63.2688 66.943 74.0147 46.532 42.2989 64.846 43.4166 33.121 20.6155 34.8869 59.6154 31.3356 39.598 52.3927 81.7546 63.2677 12.53 68.8562 12.0416 46.6172 65.7074 59.0339 34.7256 64.8859 
69.5584 28.4311 0.0 65.0308 67.5352 83.8795 88.8876 25.318 54.4182 47.927 60.9931 45.5412 57.3172 36.1248 44.2022 39.5601 78.2797 94.7168 101.308 43.4166 69.5921 83.1626 66.8506 58.6941 45.3542 25.7099 85.6154 58.6287 26.0 78.339 106.343 90.5501 35.171 96.63 19.9249 73.6817 94.9753 55.0364 19.6469 82.3594 
75.743 69.7782 65.0308 0.0 33.3766 70.0928 125.968 90.1998 80.825 29.6985 85.5639 27.8029 81.5376 29.4279 50.9902 29.9666 51.1566 89.5377 104.278 23.4094 90.5576 60.2993 111.443 100.179 89.57 40.7922 120.936 87.9365 91.022 114.792 87.1436 113.953 82.2922 88.8876 74.0656 106.076 91.7878 10.7703 46.5296 58.2151 
51.4296 58.0775 67.5352 33.3766 0.0 37.0 101.861 89.2893 58.5235 20.0 61.7171 23.3452 58.6941 36.8782 33.0151 29.7321 18.0278 57.2451 72.7186 30.2324 59.2449 27.0185 90.4765 78.4347 72.1803 43.0116 96.7024 64.8845 91.4253 90.9654 54.0 84.1873 69.0652 56.0803 67.082 81.8628 60.208 29.4279 48.5489 25.0 
36.1458 59.8642 83.8795 70.0928 37.0 0.0 76.4003 95.8381 45.6245 47.1699 43.566 51.2445 43.9407 64.1327 39.9625 55.9017 21.4009 21.2603 37.4833 60.208 35.0571 13.6015 73.1095 62.6498 63.0054 64.2573 71.0634 47.676 99.3534 67.8692 22.4722 53.6656 66.7631 19.2354 71.8408 58.4278 25.6125 64.3817 67.5426 15.6205 
50.6063 63.5059 88.8876 125.968 101.861 76.4003 0.0 81.0062 46.0109 96.2733 40.4599 98.6407 44.5533 105.162 75.5617 99.2671 94.5031 60.075 48.6621 106.078 44.3422 89.2384 23.0217 30.4631 43.6578 97.2372 5.38516 38.1838 85.0 11.4018 86.0 26.4764 53.7587 65.0308 68.9638 20.0 54.0833 116.295 98.68 90.883 
65.0257 36.1248 25.318 90.1998 89.2893 95.8381 81.0062 0.0 56.0909 70.6116 62.6498 68.884 58.9899 61.0082 60.1654 63.3877 97.1141 98.9068 102.981 68.0294 71.2648 100.686 58.0 54.1295 42.3792 50.04 79.1012 59.9333 4.12311 72.2496 117.728 89.56 34.0 104.83 24.2074 70.6116 94.6732 80.025 44.0114 100.177 
9.48683 27.1251 54.4182 80.825 58.5235 45.6245 46.0109 56.0909 0.0 51.1301 8.0 53.4975 3.16228 60.6669 30.4185 54.1239 56.0357 43.2571 47.3308 60.935 15.6151 54.4518 31.9531 19.9249 17.4642 60.6656 41.2311 8.06226 60.0784 34.6554 66.6818 41.2864 22.1304 47.7486 35.5005 26.6271 39.0235 71.152 62.1344 55.2268 
46.0977 42.9535 47.927 29.6985 20.0 47.1699 96.2733 70.6116 51.1301 0.0 55.869 4.12311 51.8426 17.8885 21.4009 10.0 34.4819 63.7887 77.201 13.0384 60.8856 41.7852 82.0129 70.7485 60.7454 23.0217 91.2415 58.2415 72.5328 85.0971 67.9117 86.3603 55.0991 64.195 50.0 76.3808 65.0 20.2485 28.6531 40.3113 
10.2956 33.6999 60.9931 85.5639 61.7171 43.566 40.4599 62.6498 8.0 55.869 0.0 58.2364 5.09902 65.4057 35.1574 58.8628 56.8859 37.0135 40.9445 65.6739 9.43398 54.0093 30.1496 19.105 21.9317 61.0284 35.3836 4.12311 66.6483 29.4109 60.8358 34.2505 28.6531 41.6173 42.0753 20.5183 32.6557 75.8909 63.194 55.0818 
48.6004 43.0116 45.5412 27.8029 23.3452 51.2445 98.6407 68.884 53.4975 4.12311 58.2364 0.0 54.2101 13.8924 23.3452 6.40312 38.4708 67.6018 80.7943 9.0 63.2956 45.8803 83.6962 72.4318 62.4286 20.1246 93.609 60.609 70.6116 87.4646 72.0347 89.9532 55.3624 68.1175 49.1686 78.7483 68.6586 17.6918 26.0 44.3847 
8.0 30.0241 57.3172 81.5376 58.6941 43.9407 44.5533 58.9899 3.16228 51.8426 5.09902 54.2101 0.0 61.3794 31.131 54.8364 55.2268 40.0983 44.172 61.6476 12.4562 53.1507 32.0156 20.2237 19.7231 57.0021 39.6232 6.40312 62.9774 33.3017 63.5229 39.0303 25.0293 44.5898 38.3994 24.8395 35.8647 71.8646 65.0333 54.037 
55.8167 42.8115 36.1248 29.4279 36.8782 64.1327 105.162 61.0082 60.6669 17.8885 65.4057 13.8924 61.3794 0.0 30.3645 8.24621 52.3546 79.0253 91.5828 7.61577 70.4649 59.6154 85.4793 75.081 62.7577 11.4018 101.14 67.7783 62.0725 93.9508 85.44 99.5058 55.3403 80.0562 44.9444 85.9176 79.4879 19.0263 17.1172 58.1808 
25.5684 27.0799 44.2022 50.9902 33.0151 39.9625 75.5617 60.1654 30.4185 21.4009 35.1574 23.3452 31.131 30.3645 0.0 23.7065 38.0132 50.5459 62.8992 30.5287 40.2166 41.2311 61.022 49.7576 39.8497 26.0768 70.53 37.53 63.1031 64.3855 62.434 72.0581 36.0555 52.3927 36.7851 55.6693 50.8043 41.0366 28.1603 40.8044 
49.2737 39.8121 39.5601 29.9666 29.7321 55.9017 99.2671 63.3877 54.1239 10.0 58.8628 6.40312 54.8364 8.24621 23.7065 0.0 44.4185 71.1126 83.8136 7.07107 63.9219 51.4782 83.2113 71.9469 59.6236 13.9284 94.2353 61.2353 64.9384 88.0909 77.201 92.9726 52.3259 72.0069 44.844 79.3747 71.7188 19.2354 19.9249 50.0899 
47.2652 63.2688 78.2797 51.1566 18.0278 21.4009 94.5031 97.1141 56.0357 34.4819 56.8859 38.4708 55.2268 52.3546 38.0132 44.4185 0.0 42.638 58.7963 46.6154 50.3226 9.21954 86.977 75.4255 72.1734 56.0803 89.1977 60.6712 100.003 84.4344 36.0139 73.4983 71.5891 40.4969 73.7337 74.9476 46.669 47.3814 60.8276 7.07107 
42.5234 66.943 94.7168 89.5377 57.2451 21.2603 60.075 98.9068 43.2571 63.7887 37.0135 67.6018 40.0983 79.0253 50.5459 71.1126 42.638 0.0 16.2788 76.531 27.6586 34.6554 62.5532 54.3665 58.8982 76.531 55.0091 40.8044 102.894 53.3385 26.1725 34.9285 64.9463 5.09902 78.9196 44.911 6.0 82.7103 78.7635 36.7696 
46.5971 74.0147 101.308 104.278 72.7186 37.4833 48.6621 102.981 47.3308 77.201 40.9445 80.7943 44.172 91.5828 62.8992 83.8136 58.7963 16.2788 0.0 89.5696 31.7252 50.9313 56.3028 51.4493 62.8682 88.9004 44.1475 44.6959 106.968 44.3847 38.833 22.2036 69.02 19.7231 82.3901 37.7359 12.53 96.7988 91.1168 53.0377 
56.0849 46.532 43.4166 23.4094 30.2324 60.208 106.078 68.0294 60.935 13.0384 65.6739 9.0 61.6476 7.61577 30.5287 7.07107 46.6154 76.531 89.5696 0.0 70.7331 54.4059 90.0343 78.7699 66.4466 18.0 101.046 68.0465 69.2604 94.9021 80.8084 98.7285 59.0608 77.1038 50.7393 86.1858 77.4661 12.6491 24.0208 52.811 
14.8813 42.2989 69.5921 90.5576 59.2449 35.0571 44.3422 71.2648 15.6151 60.8856 9.43398 63.2956 12.4562 70.4649 40.2166 63.9219 50.3226 27.6586 31.7252 70.7331 0.0 46.3897 38.0526 27.8927 31.241 66.0876 39.0368 13.4164 75.2523 34.176 51.4782 37.5374 37.3042 32.2025 50.6743 24.6982 23.4307 80.9493 68.2532 47.676 
45.1774 64.846 83.1626 60.2993 27.0185 13.6015 89.2384 100.686 54.4518 41.7852 54.0093 45.8803 53.1507 59.6154 41.2311 51.4782 9.21954 34.6554 50.9313 54.4059 46.3897 0.0 84.0952 73.0068 71.3863 62.1289 83.8867 58.0 103.624 80.061 27.0185 67.1193 72.1743 32.0156 76.8226 70.6116 39.2046 56.1427 66.4003 2.23607 
39.8121 43.4166 66.8506 111.443 90.4765 73.1095 23.0217 58.0 31.9531 82.0129 30.1496 83.6962 32.0156 85.4793 61.022 83.2113 86.977 62.5532 56.3028 90.0343 38.0526 84.0952 0.0 12.083 22.8035 76.9755 21.3776 26.3059 62.0081 15.2315 88.1572 37.5366 32.249 67.6441 47.0106 18.6011 56.7855 101.362 74.3238 85.2225 
28.1603 33.121 58.6941 100.179 78.4347 62.6498 30.4631 54.1295 19.9249 70.7485 19.105 72.4318 20.2237 75.081 49.7576 71.9469 75.4255 54.3665 51.4493 78.7699 27.8927 73.0068 12.083 0.0 13.3417 66.9402 26.9258 15.0333 58.2495 19.6469 79.1202 35.8469 23.5372 59.1163 38.833 16.4924 49.9681 90.098 67.1376 74.0068 
26.9258 20.6155 45.3542 89.57 72.1803 63.0054 43.6578 42.3792 17.4642 60.7454 21.9317 62.4286 19.7231 62.7577 39.8497 59.6236 72.1734 58.8982 62.8682 66.4466 31.241 71.3863 22.8035 13.3417 0.0 54.5969 40.2616 18.4391 46.4866 32.9848 82.3452 47.2969 10.198 63.412 25.4951 29.0172 54.5794 78.8583 52.1162 72.0069 
51.4394 34.8869 25.7099 40.7922 43.0116 64.2573 97.2372 50.04 60.6656 23.0217 61.0284 20.1246 57.0021 11.4018 26.0768 13.9284 56.0803 76.531 88.9004 18.0 66.0876 62.1289 76.9755 66.9402 54.5969 0.0 93.2153 64.8761 51.3517 86.0261 86.406 96.8082 47.4157 78.2624 33.6155 80.1577 76.8055 30.2655 6.08276 61.0328 
45.4533 59.6154 85.6154 120.936 96.7024 71.0634 5.38516 79.1012 41.2311 91.2415 35.3836 93.609 39.6232 101.14 70.53 94.2353 89.1977 55.0091 44.1475 101.046 39.0368 83.8867 21.3776 26.9258 40.2616 93.2153 0.0 33.3017 83.1505 7.28011 81.0247 22.1359 50.448 60.0 65.7343 14.8661 49.0102 111.263 94.6841 85.5313 
13.6015 31.3356 58.6287 87.9365 64.8845 47.676 38.1838 59.9333 8.06226 58.2415 4.12311 60.609 6.40312 67.7783 37.53 61.2353 60.6712 40.8044 44.6959 68.0465 13.4164 58.0 26.3059 15.0333 18.4391 64.8761 33.3017 0.0 63.9766 26.9072 64.8845 33.3052 26.0 45.4863 39.7109 18.6011 36.4071 78.2635 66.3448 59.0339 
69.0132 39.598 26.0 91.022 91.4253 99.3534 85.0 4.12311 60.0784 72.5328 66.6483 70.6116 62.9774 62.0725 63.1031 64.9384 100.003 102.894 106.968 69.2604 75.2523 103.624 62.0081 58.2495 46.4866 51.3517 83.1505 63.9766 0.0 76.3217 121.244 93.6803 38.0132 108.345 27.5862 74.7329 98.6607 81.0247 45.2769 103.115 
39.6611 52.3927 78.339 114.792 90.9654 67.8692 11.4018 72.2496 34.6554 85.0971 29.4109 87.4646 33.3017 93.9508 64.3855 88.0909 84.4344 53.3385 44.3847 94.9021 34.176 80.061 15.2315 19.6469 32.9848 86.0261 7.28011 26.9072 76.3217 0.0 79.511 23.6008 43.1741 58.4209 58.4637 9.48683 47.3814 105.119 87.4949 81.4923 
56.8915 81.7546 106.343 87.1436 54.0 22.4722 86.0 117.728 66.6818 67.9117 60.8358 72.0347 63.5229 85.44 62.434 77.201 36.0139 26.1725 38.833 80.8084 51.4782 27.0185 88.1572 79.1202 82.3452 86.406 81.0247 64.8845 121.244 79.511 0.0 60.208 87.5104 21.095 93.7312 71.0211 32.1403 83.1505 89.8944 29.0 
43.9411 63.2677 90.5501 113.953 84.1873 53.6656 26.4764 89.56 41.2864 86.3603 34.2505 89.9532 39.0303 99.5058 72.0581 92.9726 73.4983 34.9285 22.2036 98.7285 37.5374 67.1193 37.5366 35.8469 47.2969 96.8082 22.1359 33.3052 93.6803 23.6008 60.208 0.0 56.7666 39.6232 71.4768 19.7231 29.1204 106.064 98.277 68.9638 
31.0651 12.53 35.171 82.2922 69.0652 66.7631 53.7587 34.0 22.1304 55.0991 28.6531 55.3624 25.0293 55.3403 36.0555 52.3259 71.5891 64.9463 69.02 59.0608 37.3042 72.1743 32.249 23.5372 10.198 47.4157 50.448 26.0 38.0132 43.1741 87.5104 56.7666 0.0 69.4377 15.2971 39.0128 60.7126 71.5542 42.1121 72.4305 
47.0148 68.8562 96.63 88.8876 56.0803 19.2354 65.0308 104.83 47.7486 64.195 41.6173 68.1175 44.5898 80.0562 52.3927 72.0069 40.4969 5.09902 19.7231 77.1038 32.2025 32.0156 67.6441 59.1163 63.412 78.2624 60.0 45.4863 108.345 58.4209 21.095 39.6232 69.4377 0.0 80.8328 50.01 11.0454 82.5651 80.5903 34.2053 
44.4352 12.0416 19.9249 74.0656 67.082 71.8408 68.9638 24.2074 35.5005 50.0 42.0753 49.1686 38.3994 44.9444 36.7851 44.844 73.7337 78.9196 82.3901 50.7393 50.6743 76.8226 47.0106 38.833 25.4951 33.6155 65.7343 39.7109 27.5862 58.4637 93.7312 71.4768 15.2971 80.8328 0.0 54.1479 74.0828 63.3593 28.6531 76.8625 
30.6105 46.6172 73.6817 106.076 81.8628 58.4278 20.0 70.6116 26.6271 76.3808 20.5183 78.7483 24.8395 85.9176 55.6693 79.3747 74.9476 44.911 37.7359 86.1858 24.6982 70.6116 18.6011 16.4924 29.0172 80.1577 14.8661 18.6011 74.7329 9.48683 71.0211 19.7231 39.0128 50.01 54.1479 0.0 39.0512 96.4028 81.6265 72.0347 
38.2898 65.7074 94.9753 91.7878 60.208 25.6125 54.0833 94.6732 39.0235 65.0 32.6557 68.6586 35.8647 79.4879 50.8043 71.7188 46.669 6.0 12.53 77.4661 23.4307 39.2046 56.7855 49.9681 54.5794 76.8055 49.0102 36.4071 98.6607 47.3814 32.1403 29.1204 60.7126 11.0454 74.0828 39.0512 0.0 84.4334 79.0219 41.2311 
66.2193 59.0339 55.0364 10.7703 29.4279 64.3817 116.295 80.025 71.152 20.2485 75.8909 17.6918 71.8646 19.0263 41.0366 19.2354 47.3814 82.7103 96.7988 12.6491 80.9493 56.1427 101.362 90.098 78.8583 30.2655 111.263 78.2635 81.0247 105.119 83.1505 106.064 71.5542 82.5651 63.3593 96.4028 84.4334 0.0 36.1248 54.231 
53.605 34.7256 19.6469 46.5296 48.5489 67.5426 98.68 44.0114 62.1344 28.6531 63.194 26.0 65.0333 17.1172 28.1603 19.9249 60.8276 78.7635 91.1168 24.0208 68.2532 66.4003 74.3238 67.1376 52.1162 6.08276 94.6841 66.3448 45.2769 87.4949 89.8944 98.277 42.1121 80.5903 28.6531 81.6265 79.0219 36.1248 0.0 65.437 
46.0435 64.8859 82.3594 58.2151 25.0 15.6205 90.883 100.177 55.2268 40.3113 55.0818 44.3847 54.037 58.1808 40.8044 50.0899 7.07107 36.7696 53.0377 52.811 47.676 2.23607 85.2225 74.0068 72.0069 61.0328 85.5313 59.0339 103.115 81.4923 29.0 68.9638 72.4305 34.2053 76.8625 72.0347 41.2311 54.231 65.437 0.0 
DEMAND_SCENARIO_SECTION
0 0 0 0 0 0 0 0 0 0 0 0 0 0 0 0 0 0 0 0 0 0 0 0 0 0 0 0 0 0 0 0 0 0 0 0 0 0 0 0 0 0 0 0 0 0 0 0 0 0 
8 8 8 6 4 4 10 12 7 7 6 13 8 2 10 11 8 11 13 6 10 6 13 15 8 8 8 11 8 11 6 7 3 12 14 7 8 5 8 6 6 8 4 0 14 8 4 15 11 13 
4 3 6 7 8 5 11 5 6 10 9 2 5 6 8 10 5 3 4 5 4 4 3 3 6 5 3 7 3 6 0 7 6 8 7 9 8 6 3 6 4 7 5 4 2 9 5 6 6 4 
3 2 3 2 3 2 3 2 4 3 0 4 3 1 1 3 3 3 4 5 3 0 1 1 5 3 6 6 4 0 2 6 5 1 3 0 2 1 3 4 2 3 1 1 4 6 5 0 7 3 
9 1 7 3 4 7 4 2 7 5 7 7 4 8 4 5 2 5 7 4 7 3 5 4 2 6 3 2 9 3 7 8 7 8 8 6 9 6 6 7 6 8 6 4 4 7 8 3 5 7 
10 13 7 9 5 11 8 8 7 6 8 7 6 9 7 9 8 7 4 7 6 7 10 6 5 10 12 9 12 10 10 6 7 7 8 7 9 4 3 9 8 4 11 11 10 6 10 10 6 8 
8 7 6 5 2 6 6 6 5 4 4 8 5 5 1 5 5 5 8 7 8 5 4 10 5 4 6 6 6 6 5 6 5 8 11 7 6 5 5 4 5 6 13 7 6 8 7 1 3 4 
2 7 6 4 5 3 3 4 2 5 3 3 3 5 6 6 3 6 1 3 6 2 5 1 5 4 6 1 5 1 1 7 1 4 5 5 7 0 1 2 4 4 5 2 2 5 8 4 2 5 
1 1 1 0 2 0 2 2 0 1 0 1 2 1 0 0 1 3 0 0 1 0 1 1 1 1 1 0 1 0 2 2 1 3 2 1 1 1 1 1 1 0 1 0 2 0 0 2 2 2 
6 6 7 11 9 9 10 4 5 7 12 9 5 9 9 5 10 4 7 5 10 6 5 2 9 9 4 3 11 2 10 7 8 3 8 6 5 10 7 8 3 10 7 8 5 10 10 10 5 7 
7 9 16 17 11 10 10 12 11 9 5 8 7 10 13 13 15 10 12 12 13 12 14 11 11 5 7 6 7 11 16 10 15 11 13 8 11 7 8 11 11 7 15 8 10 5 12 8 4 7 
4 9 15 4 16 7 9 10 9 16 4 13 6 9 10 5 11 16 10 13 12 12 12 10 9 14 4 9 8 5 5 7 11 12 9 14 11 6 6 3 8 14 12 12 12 10 14 16 12 8 
4 5 5 8 11 4 13 4 6 5 7 3 8 1 4 7 3 5 4 6 6 5 6 7 4 7 9 9 7 7 0 5 6 6 12 5 6 4 7 5 11 6 6 6 2 9 3 6 9 7 
1 2 6 8 4 6 4 2 3 8 5 0 2 2 7 3 4 4 2 3 1 5 3 7 8 3 5 6 1 4 6 4 4 7 4 5 4 2 4 5 0 3 4 3 0 7 5 4 4 2 
5 8 9 7 7 7 4 6 3 7 4 5 12 5 8 0 13 4 7 6 11 7 7 6 4 4 7 10 10 8 7 6 6 7 6 7 5 10 1 6 5 7 0 7 8 4 11 8 9 8 
1 6 4 6 5 5 3 3 4 5 8 5 7 4 7 4 4 4 5 6 7 3 6 4 2 4 5 8 4 4 6 4 1 6 3 4 3 6 6 6 5 3 7 6 6 6 6 6 2 3 
9 7 7 7 6 11 5 7 7 11 3 11 5 9 5 13 4 4 5 3 8 6 12 5 9 13 7 7 9 8 10 7 8 12 8 3 10 13 6 9 9 11 9 10 7 8 5 11 8 10 
6 13 4 7 10 11 7 6 0 8 6 4 13 12 16 7 9 14 9 5 7 10 3 9 8 10 5 10 7 9 5 9 7 3 7 7 4 9 12 4 12 5 8 11 8 4 11 8 3 5 
7 6 8 5 8 6 7 8 8 4 4 5 7 6 9 9 10 6 10 5 12 5 9 9 6 5 11 5 3 10 7 7 9 3 8 4 9 8 8 9 9 9 4 7 11 7 6 9 5 4 
6 4 10 4 3 6 4 7 7 7 11 2 3 7 8 7 8 6 8 2 4 5 7 5 8 0 8 5 7 6 5 5 6 6 2 5 6 7 10 5 8 4 6 5 1 5 3 6 5 6 
8 11 15 10 11 12 5 8 4 10 3 8 9 11 9 13 11 16 9 16 12 16 8 10 7 17 12 10 9 6 4 11 8 12 12 8 7 12 13 12 6 5 20 9 15 12 7 11 8 12 
10 8 18 9 9 20 10 6 13 15 11 7 16 8 12 7 10 9 12 6 14 13 12 7 12 14 14 12 6 15 13 8 13 11 8 11 13 10 8 11 6 13 16 11 12 9 11 10 11 7 
1 1 0 3 1 2 1 0 0 4 2 3 4 3 2 2 2 2 3 3 1 2 0 2 2 4 2 2 3 3 1 1 1 0 5 0 0 4 3 3 3 3 2 1 3 3 2 0 2 0 
11 11 10 11 11 12 4 8 4 11 11 5 13 10 11 12 10 9 12 6 5 5 11 4 9 10 6 7 8 8 4 10 9 9 13 7 11 9 9 9 8 7 10 11 11 5 9 12 9 7 
5 6 3 3 1 2 2 4 7 4 1 4 2 7 3 4 4 1 0 6 3 0 0 2 1 7 4 2 1 0 6 3 2 4 3 4 1 8 4 0 1 4 2 0 0 7 2 4 2 4 
6 7 4 7 4 4 5 3 5 10 8 1 8 8 5 1 5 4 5 5 3 1 7 3 4 0 4 3 6 5 6 2 5 3 2 2 9 7 3 5 5 9 8 4 5 8 3 6 3 4 
2 1 3 5 3 3 1 1 1 2 3 5 2 2 2 2 2 1 1 0 3 0 1 4 0 3 2 2 2 0 3 1 4 0 2 3 1 1 3 1 0 2 2 3 1 3 3 3 4 3 
12 5 11 11 11 11 10 9 14 13 7 14 12 11 11 9 7 3 13 12 8 4 14 10 11 12 8 13 9 12 10 10 12 12 11 13 8 5 14 10 9 9 11 8 6 11 8 9 14 11 
2 4 2 3 4 0 3 4 2 3 5 2 1 2 5 3 2 0 5 4 0 2 4 0 6 1 4 4 3 4 2 3 5 4 1 3 5 1 5 2 2 1 0 3 2 5 2 2 1 5 
4 1 3 3 5 2 4 6 7 2 3 4 1 5 4 3 3 3 3 6 0 3 9 0 3 2 7 2 2 1 3 1 2 2 5 4 5 2 0 5 5 2 1 3 5 1 4 3 2 4 
16 3 10 16 7 13 7 9 12 14 6 9 14 12 3 14 14 7 15 9 8 10 16 12 9 10 12 14 8 14 11 12 9 13 7 12 7 5 11 5 13 6 8 8 10 9 11 8 10 13 
1 0 1 1 1 1 2 2 1 2 3 1 3 0 1 2 0 1 2 1 2 0 0 2 1 0 1 2 0 1 0 1 3 1 1 1 1 2 0 0 2 2 0 2 1 2 0 1 0 2 
6 5 9 10 5 5 6 5 6 10 9 8 10 8 7 12 12 5 12 5 7 9 10 9 8 11 5 14 7 11 7 2 5 8 9 3 4 13 3 7 13 10 7 10 11 9 10 3 10 12 
4 3 4 4 1 8 5 1 4 4 2 5 5 2 0 2 2 1 2 4 5 4 3 3 3 3 3 2 6 3 3 5 4 5 5 3 2 1 4 1 3 0 2 4 3 3 1 1 2 1 
9 14 10 8 13 5 8 3 9 19 10 9 8 2 7 3 9 10 7 13 0 10 12 8 9 6 12 8 9 10 11 6 10 9 6 7 8 9 7 9 11 13 6 8 11 9 10 11 5 8 
4 5 5 7 4 7 6 4 9 9 9 7 7 8 4 6 7 6 7 4 4 5 7 3 2 7 2 9 6 4 4 2 4 2 7 2 8 8 1 7 5 6 0 10 5 4 12 9 6 6 
2 2 1 0 2 0 1 0 3 0 2 3 1 0 1 3 1 0 2 0 2 1 0 0 1 1 0 2 1 0 2 3 1 2 1 0 0 1 1 0 1 2 0 0 1 1 0 1 2 2 
12 12 10 11 5 7 12 6 14 13 16 12 9 10 14 5 4 8 5 5 12 9 10 11 13 9 12 18 12 11 15 12 9 15 11 13 12 6 16 7 11 14 5 11 9 12 7 11 6 13 
4 10 16 10 5 12 6 13 8 6 6 13 11 7 13 10 9 9 12 9 8 7 12 5 11 9 8 6 10 12 10 8 11 9 5 7 8 9 9 7 9 6 8 11 12 11 11 8 11 13 
2 1 0 2 2 0 2 2 0 2 1 1 1 1 1 0 2 2 1 0 0 1 2 0 1 0 1 0 3 3 1 1 0 1 1 2 0 2 1 3 1 1 0 1 2 3 0 1 0 2 
DEPOT_SECTION
 1
 -1
EOF
