NAME  : Parada_40_7_0.95_1.00_3
TYPE : SVRP
MODEL : FINITE_SUPPORT
NUMBER_OF_SCENARIOS : 50
DIMENSION : 40
EDGE_WEIGHT_TYPE : MATRIX
CAPACITY : 35
N_VEHICLES : 7
NODE_COORD_SECTION
1 430410 400870
2 528780 578800
3 142340 127120
4 371020 442010
5 390230 441620
6 133330 172340
7 354850 6026
8 472310 65023
9 535560 248260
10 344880 402810
11 180260 394780
12 146250 436940
13 721830 617090
14 173030 508260
15 66761 337600
16 567620 449660
17 308120 336930
18 506650 608940
19 221810 639520
20 52881 726290
21 69805 702780
22 403740 640170
23 532940 160110
24 289650 470230
25 27 568740
26 264950 146620
27 603480 615680
28 184200 334480
29 148410 324360
30 488890 411120
31 358220 193570
32 265130 588000
33 301600 435960
34 36299 444040
35 550540 719570
36 155330 641580
37 521420 144480
38 550750 584730
39 299890 18
40 649650 637380
DEMAND_SECTION
1 0.0
2 3.0
3 9.0
4 8.0
5 6.0
6 3.0
7 4.0
8 5.0
9 6.0
10 6.0
11 4.0
12 3.0
13 9.0
14 10.0
15 3.0
16 2.0
17 8.0
18 4.0
19 8.0
20 9.0
21 10.0
22 10.0
23 6.0
24 2.0
25 8.0
26 3.0
27 7.0
28 10.0
29 10.0
30 7.0
31 8.0
32 8.0
33 3.0
34 4.0
35 8.0
36 7.0
37 1.0
38 4.0
39 1.0
40 9.0
DISTANCE_MATRIX
0.0 42.2019 61.6692 10.2462 9.05539 57.329 76.3424 63.7207 45.2217 12.7279 35.4683 41.1096 59.8065 42.0476 48.6818 19.9561 19.2916 47.2969 39.4588 54.5697 54.7 28.8261 48.8652 22.8473 67.424 50.0491 37.2801 34.9295 36.2491 8.06226 46.2291 31.1448 17.4642 53.8516 42.617 46.8402 51.729 29.8155 83.4547 58.584 
42.2019 0.0 76.0263 48.6154 51.1957 73.5731 61.6604 47.0744 24.0832 53.4883 75.0192 81.2853 27.074 83.8153 82.9034 23.1948 53.4855 5.09902 80.0999 84.9848 86.7436 53.2333 36.0139 64.846 103.536 59.9333 32.5033 67.3738 70.9868 34.2053 46.9574 72.3395 59.4811 89.341 42.9365 86.0523 37.054 35.2209 68.2495 21.0238 
61.6692 76.0263 0.0 55.4229 61.0349 6.40312 43.566 49.1935 56.8507 54.0862 43.1393 49.0408 101.626 60.208 24.6982 68.5242 42.4382 79.2591 79.5375 109.064 107.2 87.1058 45.9674 59.0033 46.0977 16.1245 90.255 40.5892 34.763 66.8766 29.0689 73.3803 59.8999 37.0 99.5014 88.6072 47.5079 84.4212 47.0106 97.0464 
10.2462 48.6154 55.4229 0.0 11.8995 51.0828 70.0962 61.9416 47.3982 9.07107 30.3196 36.6699 67.0714 39.3631 42.6119 27.2578 13.0454 53.6236 41.5601 61.0339 60.7282 36.1521 47.6946 21.0263 61.8164 43.8029 48.3483 28.6833 30.178 15.4536 39.9829 33.0161 16.0357 48.0435 49.9431 49.8539 50.8467 37.1416 77.2085 65.8201 
9.05539 51.1957 61.0349 11.8995 0.0 56.6947 77.9957 69.8411 53.6208 8.0 29.5296 34.0588 65.8888 33.6155 44.9111 28.9194 18.9737 56.2939 30.8058 49.2037 48.8365 26.0192 55.5941 14.4222 61.7738 49.9388 34.6088 33.0151 32.5576 17.1172 47.6413 22.3607 9.21954 48.8467 40.3393 38.6264 58.7462 27.5378 84.8669 67.5473 
57.329 73.5731 6.40312 51.0828 56.6947 0.0 47.0425 50.9215 55.8659 49.746 36.8027 42.8019 98.9852 53.9073 18.7883 65.8835 38.098 77.1038 73.1831 102.71 100.845 81.3234 45.8039 52.6489 42.0476 15.0 87.6143 34.2348 28.4086 62.5364 27.0185 67.0259 54.1725 31.7805 96.8607 82.2528 47.7074 81.7806 51.1566 94.5401 
76.3424 61.6604 43.566 70.0962 77.9957 47.0425 0.0 15.0333 37.6563 74.3047 76.96 84.7565 88.278 93.9852 64.2806 66.242 62.7022 62.1289 105.94 127.992 126.824 98.6006 26.9258 82.5616 89.0898 35.6931 88.3266 75.974 70.1478 67.9561 35.5106 97.8283 80.0582 78.1601 98.3751 114.984 25.0 82.4929 7.2111 80.0 
63.7207 47.0744 49.1935 61.9416 69.8411 50.9215 15.0333 0.0 23.4094 65.818 74.5453 82.4924 73.437 90.802 65.6201 54.2033 57.9802 47.2652 99.3218 118.059 118.19 86.8641 14.8661 77.1246 91.9837 36.8782 76.4728 59.0339 66.0681 56.9546 31.257 90.8028 73.0559 79.6304 86.5213 107.782 12.0416 70.6045 21.2132 65.0077 
45.2217 24.0832 56.8507 47.3982 53.6208 55.8659 37.6563 23.4094 0.0 52.2398 67.2926 75.1332 51.0 81.0987 64.9828 32.6497 46.2709 25.1794 84.4263 97.2025 98.3916 65.8027 12.3693 64.195 91.895 41.0366 54.7527 54.7814 61.0727 38.0789 29.2062 75.9698 59.4138 78.4597 64.8012 92.0489 13.0 48.9265 44.3847 43.566 
12.7279 53.4883 54.0862 9.07107 8.0 49.746 74.3047 65.818 52.2398 0.0 22.8035 28.4253 71.6161 30.3645 37.1239 31.7657 11.6619 58.5235 33.541 55.7584 55.0 34.0147 51.8652 12.0 54.9181 42.5677 42.4264 25.02 24.7386 19.7231 38.9309 25.0599 7.28011 41.5933 48.1568 42.19 55.0273 35.3553 80.8027 70.3341 
35.4683 75.0192 43.1393 30.3196 29.5296 36.8027 76.96 74.5453 67.2926 22.8035 0.0 8.0 93.391 17.4929 20.1246 53.5774 21.5407 79.4572 36.6742 66.9403 64.846 53.6004 63.0079 18.1108 32.249 42.9102 64.0614 16.5529 10.0 41.7732 43.2897 31.0483 21.1896 19.6469 69.7782 45.6508 66.0 56.9903 83.0058 92.1397 
41.1096 81.2853 49.0408 36.6699 34.0588 42.8019 84.7565 82.4924 75.1332 28.4253 8.0 0.0 99.7753 11.4018 24.7588 59.9249 29.1204 86.2935 33.9559 65.4905 62.9682 56.0803 71.007 20.5913 29.1204 49.28 68.2843 24.0416 17.088 48.0104 51.2445 30.0 25.0 19.2354 73.5731 42.3792 74.0 61.2132 90.3757 98.4932 
59.8065 27.074 101.626 67.0714 65.8888 98.9852 88.278 73.437 51.0 71.6161 93.391 99.7753 0.0 98.1517 106.79 40.072 76.1167 26.1725 87.6641 82.0061 85.0235 54.3415 63.0714 79.3632 124.888 85.703 32.311 90.9034 93.2494 51.9353 72.7324 81.4371 74.5642 111.115 36.0139 91.214 64.0 38.9102 94.6414 10.6301 
42.0476 83.8153 60.208 39.3631 33.6155 53.9073 93.9852 90.802 81.0987 30.3645 17.4929 11.4018 98.1517 0.0 36.1248 61.8515 35.0143 88.8651 24.0208 56.0089 53.1507 51.3128 78.4116 19.2354 37.0135 60.4426 66.7083 34.0 27.4591 49.7695 59.6657 22.1359 24.5967 29.7321 70.2922 31.7805 81.4985 59.6657 100.031 100.479 
48.6818 82.9034 24.6982 42.6119 44.9111 18.7883 64.2806 65.6201 64.9828 37.1239 20.1246 24.7588 106.79 36.1248 0.0 65.6119 30.8136 84.0755 56.7979 86.6833 84.7585 70.4973 57.2451 36.6742 26.9258 29.0172 86.9602 18.2603 12.4341 54.0655 36.4005 50.9215 38.198 14.0357 85.2127 65.7647 59.7746 72.4112 69.0507 103.488 
19.9561 23.1948 68.5242 27.2578 28.9194 65.8835 66.242 54.2033 32.6497 31.7657 53.5774 59.9249 40.072 61.8515 65.6119 0.0 36.0454 28.2843 57.0088 64.8845 66.2118 33.2866 39.6611 42.733 84.8164 52.611 22.2749 51.6833 53.178 12.0849 39.7222 49.1631 37.3502 71.0435 32.3234 63.2851 42.2019 16.4012 73.4302 38.833 
19.2916 53.4855 42.4382 13.0454 18.9737 38.098 62.7022 57.9802 46.2709 11.6619 21.5407 29.1204 76.1167 35.0143 30.8136 36.0454 0.0 57.9235 43.8292 67.4166 66.6108 44.5533 43.6184 20.5913 50.9117 30.9652 57.3937 15.8114 18.4391 24.499 27.3284 35.609 17.6918 36.7967 58.3458 52.8015 46.7664 45.5443 69.2001 73.7134 
47.2969 5.09902 79.2591 53.6236 56.2939 77.1038 62.1289 47.2652 25.1794 58.5235 79.4572 86.2935 26.1725 88.8651 84.0755 28.2843 57.9235 0.0 85.1469 89.491 91.4151 57.9048 37.4833 69.9214 107.828 63.1348 35.9544 71.6659 75.4247 39.2938 50.2494 77.4145 64.56 93.6331 46.3249 91.022 38.1182 39.8924 68.469 18.4391 
39.4588 80.0999 79.5375 41.5601 30.8058 73.1831 105.94 99.3218 84.4263 33.541 36.6742 33.9559 87.6641 24.0208 56.7979 57.0088 43.8292 85.1469 0.0 32.0 29.1548 34.6699 85.235 23.4307 61.0 73.7716 55.3624 50.6063 45.793 47.2652 70.5665 8.544 26.4197 53.1507 54.9181 9.21954 88.3912 49.0408 112.438 91.9239 
54.5697 84.9848 109.064 61.0339 49.2037 102.71 127.992 118.059 97.2025 55.7584 66.9403 65.4905 82.0061 56.0089 86.6833 64.8845 67.4166 89.491 32.0 0.0 4.24264 31.7805 103.204 50.3289 93.0 98.294 53.6004 78.3901 74.9466 61.4916 97.0168 35.9026 50.5371 84.7172 46.0435 25.7099 106.067 50.3289 134.242 89.4539 
54.7 86.7436 107.2 60.7282 48.8365 100.845 126.824 118.19 98.3916 55.0 64.846 62.9682 85.0235 53.1507 84.7585 66.2118 66.6108 91.4151 29.1548 4.24264 0.0 33.5261 103.334 48.7545 90.05 97.4376 55.9017 76.922 73.1642 61.6219 95.901 33.8378 49.3964 82.201 49.0102 22.2036 106.198 52.2015 133.937 92.1954 
28.8261 53.2333 87.1058 36.1521 26.0192 81.3234 98.6006 86.8641 65.8027 34.0147 53.6004 56.0803 54.3415 51.3128 70.4973 33.2866 44.5533 57.9048 34.6699 31.7805 33.5261 0.0 72.2011 35.7351 85.0941 75.4857 23.0 59.0339 58.2151 43.4495 72.1351 30.4138 32.5576 73.2462 20.2485 37.0 74.8317 18.6815 105.802 60.1332 
48.8652 36.0139 45.9674 47.6946 55.5941 45.8039 26.9258 14.8661 12.3693 51.8652 63.0079 71.007 63.0714 78.4116 57.2451 39.6611 43.6184 37.4833 85.235 103.204 103.334 72.2011 0.0 63.3246 84.1546 30.8058 61.886 48.6621 55.4437 42.0992 20.8806 76.6942 59.1354 70.8802 71.9346 93.5486 3.16228 56.0357 34.0147 55.9017 
22.8473 64.846 59.0033 21.0263 14.4222 52.6489 82.5616 77.1246 64.195 12.0 18.1108 20.5913 79.3632 19.2354 36.6742 42.733 20.5913 69.9214 23.4307 50.3289 48.7545 35.7351 63.3246 0.0 49.3964 50.3504 48.0833 28.178 24.7386 30.6757 47.1878 15.6205 5.38516 37.6563 53.0 32.5576 66.4831 41.0122 89.0596 81.3609 
67.424 103.536 46.0977 61.8164 61.7738 42.0476 89.0898 91.9837 91.895 54.9181 32.249 29.1204 124.888 37.0135 26.9258 84.8164 50.9117 107.828 61.0 93.0 90.05 85.0941 84.1546 49.3964 0.0 55.109 96.2843 38.5418 32.5576 73.27 63.3246 58.5491 53.2259 14.2127 101.966 68.2642 86.6487 89.2132 93.0215 123.764 
50.0491 59.9333 16.1245 43.8029 49.9388 15.0 35.6931 36.8782 41.0366 42.5677 42.9102 49.28 85.703 60.4426 29.0172 52.611 30.9652 63.1348 73.7716 98.294 97.4376 75.4857 30.8058 50.3504 55.109 0.0 74.3418 40.3423 34.5161 55.2565 13.0 65.8536 48.2799 43.0465 83.5882 82.907 32.7567 68.508 41.1096 80.9568 
37.2801 32.5033 90.255 48.3483 34.6088 87.6143 88.3266 76.4728 54.7527 42.4264 64.0614 68.2843 32.311 66.7083 86.9602 22.2749 57.3937 35.9544 55.3624 53.6004 55.9017 23.0 61.886 48.0833 96.2843 74.3418 0.0 73.0317 67.5108 33.1755 61.453 49.1935 43.2843 83.4386 12.53 59.2284 64.4626 7.07107 95.5277 37.2156 
34.9295 67.3738 40.5892 28.6833 33.0151 34.2348 75.974 59.0339 54.7814 25.02 16.5529 24.0416 90.9034 34.0 18.2603 51.6833 15.8114 71.6659 50.6063 78.3901 76.922 59.0339 48.6621 28.178 38.5418 40.3423 73.0317 0.0 7.07107 40.137 28.0713 43.566 28.1603 24.3411 73.0275 59.8164 51.4782 60.226 81.438 87.6017 
36.2491 70.9868 34.763 30.178 32.5576 28.4086 70.1478 66.0681 61.0727 24.7386 10.0 17.088 93.2494 27.4591 12.4341 53.178 18.4391 75.4247 45.793 74.9466 73.1642 58.2151 55.4437 24.7386 32.5576 34.5161 67.5108 7.07107 0.0 41.6316 35.0143 39.3954 26.0192 18.3848 72.8477 54.9181 58.3095 60.0462 75.6118 91.2147 
8.06226 34.2053 66.8766 15.4536 17.1172 62.5364 67.9561 56.9546 38.0789 19.7231 41.7732 48.0104 51.9353 49.7695 54.0655 12.0849 24.499 39.2938 47.2652 61.4916 61.6219 43.4495 42.0992 30.6757 73.27 55.2565 33.1755 40.137 41.6316 0.0 40.8414 39.0512 25.2982 59.4971 42.4219 54.3415 44.9629 27.3417 75.1668 50.6533 
46.2291 46.9574 29.0689 39.9829 47.6413 27.0185 35.5106 31.257 29.2062 38.9309 43.2897 51.2445 72.7324 59.6657 36.4005 39.7222 27.3284 50.2494 70.5665 97.0168 95.901 72.1351 20.8806 47.1878 63.3246 13.0 61.453 28.0713 35.0143 40.8414 0.0 62.4545 44.6844 50.0 71.5015 79.6098 23.5372 55.6193 42.2019 67.9779 
31.1448 72.3395 73.3803 33.0161 22.3607 67.0259 97.8283 90.8028 75.9698 25.0599 31.0483 30.0 81.4371 22.1359 50.9215 49.1631 35.609 77.4145 8.544 35.9026 33.8378 30.4138 76.6942 15.6205 58.5491 65.8536 49.1935 43.566 39.3954 39.0512 62.4545 0.0 18.0278 49.0918 50.3289 17.2047 79.8499 42.5441 104.326 85.17 
17.4642 59.4811 59.8999 16.0357 9.21954 54.1725 80.0582 73.0559 59.4138 7.28011 21.1896 25.0 74.5642 24.5967 38.198 37.3502 17.6918 64.56 26.4197 50.5371 49.3964 32.5576 59.1354 5.38516 53.2259 48.2799 43.2843 28.1603 26.0192 25.2982 44.6844 18.0278 0.0 40.8044 48.7647 35.2278 62.2977 36.2132 86.5562 75.9781 
53.8516 89.341 37.0 48.0435 48.8467 31.7805 78.1601 79.6304 78.4597 41.5933 19.6469 19.2354 111.115 29.7321 14.0357 71.0435 36.7967 93.6331 53.1507 84.7172 82.201 73.2462 70.8802 37.6563 14.2127 43.0465 83.4386 24.3411 18.3848 59.4971 50.0 49.0918 40.8044 0.0 89.169 61.4003 73.4983 76.3675 82.7345 109.569 
42.617 42.9365 99.5014 49.9431 40.3393 96.8607 98.3751 86.5213 64.8012 48.1568 69.7782 73.5731 36.0139 70.2922 85.2127 32.3234 58.3458 46.3249 54.9181 46.0435 49.0102 20.2485 71.9346 53.0 101.966 83.5882 12.53 73.0275 72.8477 42.4219 71.5015 50.3289 48.7647 89.169 0.0 56.8595 74.5111 16.0312 105.576 43.566 
46.8402 86.0523 88.6072 49.8539 38.6264 82.2528 114.984 107.782 92.0489 42.19 45.6508 42.3792 91.214 31.7805 65.7647 63.2851 52.8015 91.022 9.21954 25.7099 22.2036 37.0 93.5486 32.5576 68.2642 82.907 59.2284 59.8164 54.9181 54.3415 79.6098 17.2047 35.2278 61.4003 56.8595 0.0 96.7006 53.4603 121.482 96.3379 
51.729 37.054 47.5079 50.8467 58.7462 47.7074 25.0 12.0416 13.0 55.0273 66.0 74.0 64.0 81.4985 59.7746 42.2019 46.7664 38.1182 88.3912 106.067 106.198 74.8317 3.16228 66.4831 86.6487 32.7567 64.4626 51.4782 58.3095 44.9629 23.5372 79.8499 62.2977 73.4983 74.5111 96.7006 0.0 58.6003 31.9531 56.4358 
29.8155 35.2209 84.4212 37.1416 27.5378 81.7806 82.4929 70.6045 48.9265 35.3553 56.9903 61.2132 38.9102 59.6657 72.4112 16.4012 45.5443 39.8924 49.0408 50.3289 52.2015 18.6815 56.0357 41.0122 89.2132 68.508 7.07107 60.226 60.0462 27.3417 55.6193 42.5441 36.2132 76.3675 16.0312 53.4603 58.6003 0.0 89.694 42.9535 
83.4547 68.2495 47.0106 77.2085 84.8669 51.1566 7.2111 21.2132 44.3847 80.8027 83.0058 90.3757 94.6414 100.031 69.0507 73.4302 69.2001 68.469 112.438 134.242 133.937 105.802 34.0147 89.0596 93.0215 41.1096 95.5277 81.438 75.6118 75.1668 42.2019 104.326 86.5562 82.7345 105.576 121.482 31.9531 89.694 0.0 86.093 
58.584 21.0238 97.0464 65.8201 67.5473 94.5401 80.0 65.0077 43.566 70.3341 92.1397 98.4932 10.6301 100.479 103.488 38.833 73.7134 18.4391 91.9239 89.4539 92.1954 60.1332 55.9017 81.3609 123.764 80.9568 37.2156 87.6017 91.2147 50.6533 67.9779 85.17 75.9781 109.569 43.566 96.3379 56.4358 42.9535 86.093 0.0 
DEMAND_SCENARIO_SECTION
0 0 0 0 0 0 0 0 0 0 0 0 0 0 0 0 0 0 0 0 0 0 0 0 0 0 0 0 0 0 0 0 0 0 0 0 0 0 0 0 0 0 0 0 0 0 0 0 0 0 
4 3 4 4 4 3 0 2 6 3 1 2 5 2 0 4 3 5 4 3 2 0 1 6 4 3 3 2 2 1 0 4 4 5 4 3 4 1 5 5 4 3 0 1 8 3 2 2 3 3 
7 2 9 9 12 11 8 8 13 6 10 13 9 7 11 9 10 6 3 10 9 6 11 9 6 9 11 8 9 16 11 10 7 13 8 7 9 12 10 7 10 13 8 5 11 9 4 11 10 9 
11 6 9 5 9 9 7 3 5 9 14 13 7 9 12 5 6 9 9 14 8 4 9 5 9 4 1 10 7 8 11 7 6 8 8 10 11 12 8 5 11 7 10 4 8 10 7 13 7 10 
11 5 6 9 7 9 5 5 5 6 5 8 9 4 1 8 10 7 5 2 6 9 14 6 6 8 8 5 6 7 7 4 6 6 7 7 7 8 9 6 6 4 4 4 6 7 8 4 8 5 
3 1 6 1 2 1 6 3 3 3 2 3 2 4 2 6 4 4 2 0 2 2 2 6 6 3 2 3 5 3 2 3 1 5 2 3 1 6 2 2 5 2 1 1 0 3 7 2 0 5 
3 7 3 3 8 3 4 6 3 5 4 5 2 5 6 3 5 6 3 5 3 5 1 5 5 2 5 3 7 4 4 4 2 7 1 2 2 6 2 4 4 2 4 3 7 4 5 4 3 4 
7 4 9 8 4 3 4 4 4 4 1 9 3 7 5 6 7 5 9 6 5 8 5 3 8 5 4 3 3 2 7 10 10 7 1 7 2 9 3 6 3 5 4 9 6 4 6 3 4 5 
9 1 5 8 2 8 2 3 8 7 6 6 4 7 8 4 10 8 8 7 7 8 4 6 8 9 7 2 6 5 3 10 6 8 8 2 10 4 5 5 6 7 8 3 2 8 8 9 3 8 
3 4 8 8 4 4 3 1 7 9 1 5 5 2 8 6 5 6 8 6 4 4 6 5 6 5 9 5 0 5 6 5 8 7 6 8 11 7 4 2 4 9 9 7 5 4 2 3 6 3 
6 2 6 1 1 2 2 5 1 4 2 5 3 3 1 3 4 7 0 2 8 3 2 7 5 5 5 7 9 5 5 1 4 5 5 3 0 5 6 3 6 2 5 3 0 5 3 5 4 6 
4 4 2 0 4 3 3 4 4 4 0 2 5 1 3 3 3 4 5 1 3 3 3 3 2 4 2 4 2 5 6 4 3 3 4 3 5 3 1 3 2 3 1 2 0 0 8 4 1 4 
11 7 11 9 6 3 4 7 13 10 9 8 16 9 10 9 6 12 7 2 8 8 8 4 7 8 10 4 3 11 10 9 1 11 7 12 12 9 13 9 11 10 12 8 9 12 8 11 13 12 
7 11 17 9 11 13 6 14 10 6 10 8 9 8 12 7 9 16 9 13 10 10 10 12 9 8 14 9 11 9 8 11 10 18 14 16 14 7 15 14 11 10 11 7 7 9 13 8 9 5 
5 3 1 4 1 1 5 1 1 3 4 7 2 3 3 2 4 2 2 3 3 4 3 5 5 3 2 3 2 5 3 4 3 5 3 3 4 1 4 3 4 6 0 0 1 6 6 2 2 1 
1 2 3 4 3 5 1 2 2 0 1 3 1 0 1 3 0 1 1 3 2 3 2 0 3 0 3 2 3 3 2 1 2 0 1 3 2 3 2 0 3 1 3 4 5 1 4 1 3 0 
11 6 11 1 9 12 7 7 6 5 7 5 6 7 7 5 9 7 9 5 8 5 9 5 7 6 1 7 10 8 10 7 7 10 7 14 13 6 7 10 8 6 5 9 8 5 5 8 10 7 
3 7 5 4 4 4 3 3 7 1 4 6 3 5 4 4 3 1 0 7 4 4 0 1 2 4 3 1 4 4 3 6 1 5 5 6 2 5 3 6 3 2 7 8 1 2 0 8 2 6 
11 7 10 7 6 4 9 5 4 7 4 10 12 9 9 8 9 10 6 3 8 7 7 9 8 4 13 6 9 9 4 17 11 3 6 7 5 2 7 7 10 13 8 8 11 8 7 3 10 4 
10 12 11 9 10 8 10 11 4 6 4 7 11 11 16 8 12 9 5 7 7 9 4 8 14 9 5 12 11 8 10 13 10 10 5 10 6 10 8 7 13 5 11 3 10 5 8 6 10 12 
11 12 8 10 12 11 11 8 9 9 12 12 21 9 11 14 12 10 7 5 15 5 11 12 7 5 4 4 6 10 8 15 10 15 7 10 13 9 12 8 11 14 12 16 13 3 9 3 12 12 
11 10 10 8 14 4 12 8 11 17 8 13 8 12 8 10 9 12 7 8 12 14 6 10 7 10 8 10 2 10 9 10 9 6 3 6 13 11 7 10 12 15 12 10 10 12 12 6 10 12 
0 3 6 3 6 8 2 3 10 2 6 6 6 10 6 3 9 5 5 5 7 5 4 4 10 3 6 6 2 4 3 7 6 7 4 2 4 0 7 5 7 7 5 0 5 6 4 5 6 5 
0 2 2 2 4 2 1 4 3 2 5 2 4 2 1 1 2 0 4 0 2 4 1 0 0 2 2 2 2 0 0 1 4 3 4 2 5 1 1 2 5 1 2 1 2 1 1 2 2 0 
4 7 10 7 7 8 6 12 6 8 3 11 7 13 12 11 5 6 10 9 7 6 10 7 6 8 8 4 8 9 9 10 5 8 11 5 10 8 5 12 11 3 6 8 15 5 5 6 8 7 
2 2 3 3 3 1 3 3 4 4 2 5 0 8 4 4 4 0 3 4 4 4 1 6 1 2 4 4 4 4 3 3 1 5 2 5 2 4 4 4 0 4 1 7 2 3 3 7 0 4 
7 4 5 3 8 11 5 10 8 7 5 9 9 3 6 6 9 8 6 8 11 7 5 7 13 1 1 6 3 7 9 7 8 10 11 8 10 7 5 8 13 7 5 5 7 8 8 7 6 7 
7 7 13 10 15 7 10 8 13 12 12 11 15 8 9 10 10 7 7 10 7 12 8 17 13 11 6 12 7 13 5 14 11 7 13 8 9 12 6 12 10 13 6 6 12 10 11 10 11 7 
13 8 8 9 14 8 11 7 9 10 10 15 6 10 15 16 19 14 7 14 10 12 14 12 15 12 13 12 9 17 12 8 7 13 7 9 8 8 6 8 8 12 10 5 10 8 8 10 5 12 
7 3 6 12 8 10 10 10 7 10 8 6 11 10 6 3 6 6 6 5 7 7 5 7 8 9 8 5 7 10 11 10 4 11 7 6 8 5 4 4 9 6 7 6 10 3 7 4 10 10 
6 12 7 9 10 5 7 11 2 12 10 7 3 11 4 6 8 7 9 7 8 8 9 10 7 9 5 9 13 4 2 7 8 9 8 7 9 4 6 11 9 11 8 6 7 9 5 5 10 4 
7 8 5 7 7 7 6 7 3 5 10 11 4 5 5 12 8 7 12 10 3 9 9 13 8 8 7 10 10 10 5 8 11 8 12 6 11 6 6 6 9 4 8 6 6 11 9 9 14 9 
4 2 7 4 3 3 3 2 2 4 7 2 3 4 3 2 4 1 5 1 6 5 0 6 1 3 1 3 3 6 3 3 2 1 3 2 3 2 5 2 1 6 0 3 3 3 1 3 0 3 
5 4 3 4 6 3 8 5 5 4 4 5 5 6 11 4 2 5 3 5 5 1 3 7 4 4 2 5 6 2 7 4 5 4 3 5 5 5 3 7 2 6 4 3 10 5 5 4 4 4 
6 4 7 3 5 7 10 7 8 8 9 6 13 9 11 9 9 8 2 8 3 12 12 8 5 10 8 0 12 8 9 9 11 9 11 9 10 5 7 7 10 6 10 6 10 13 6 11 12 8 
5 12 5 7 9 9 9 9 7 9 8 10 9 8 1 3 5 10 8 7 8 7 8 4 4 8 3 3 15 5 7 7 8 3 12 5 5 9 3 7 7 13 7 7 4 8 9 11 9 11 
0 3 3 3 1 1 2 1 1 0 2 1 0 1 0 0 0 3 0 1 0 0 3 0 1 0 1 1 1 3 1 4 1 0 1 1 1 2 2 0 0 0 1 0 0 2 3 0 2 1 
6 7 6 6 4 3 3 7 3 4 5 5 7 5 4 3 7 5 1 9 4 3 3 6 7 5 6 2 1 0 5 3 4 7 1 4 3 3 6 4 2 4 3 4 4 3 2 2 4 3 
0 0 0 2 1 2 3 0 2 1 2 1 1 0 2 1 0 2 1 1 0 1 2 0 2 1 1 1 1 2 1 2 1 2 0 1 1 0 1 3 0 1 0 0 2 0 0 2 0 0 
13 6 11 9 7 12 6 7 5 8 8 9 12 2 10 12 8 8 13 8 5 8 9 9 7 4 10 8 13 13 4 8 10 12 8 11 13 10 10 9 9 12 10 14 8 4 9 8 11 14 
DEPOT_SECTION
 1
 -1
EOF
