NAME  : Parada_50_2_0.95_1.00_0
TYPE : SVRP
MODEL : FINITE_SUPPORT
NUMBER_OF_SCENARIOS : 50
DIMENSION : 50
EDGE_WEIGHT_TYPE : MATRIX
CAPACITY : 157
N_VEHICLES : 2
NODE_COORD_SECTION
1 437670 218010
2 834860 355060
3 326240 196430
4 314150 626390
5 653080 221700
6 182150 378430
7 352400 61233
8 525990 252520
9 386280 557750
10 368370 169040
11 449980 347160
12 359570 611910
13 792430 308320
14 428670 466870
15 789920 364460
16 707510 402590
17 749670 18
18 285710 339900
19 175750 462420
20 175990 389580
21 641410 428640
22 288660 323170
23 870580 379970
24 379430 183740
25 43540 409910
26 346040 231680
27 417570 619830
28 407060 414970
29 771430 227070
30 751700 22575
31 595900 464110
32 409390 518290
33 338490 217790
34 272680 546040
35 605160 129520
36 409830 438610
37 224760 480810
38 700990 432370
39 10121 438770
40 163260 112260
41 561320 330250
42 176350 396350
43 56902 385950
44 157690 260200
45 566770 187690
46 27 366590
47 282410 567150
48 422210 105800
49 196950 457490
50 400120 178510
DEMAND_SECTION
1 0.0
2 3.0
3 3.0
4 8.0
5 5.0
6 4.0
7 3.0
8 3.0
9 4.0
10 7.0
11 6.0
12 5.0
13 8.0
14 10.0
15 7.0
16 3.0
17 2.0
18 9.0
19 7.0
20 1.0
21 2.0
22 7.0
23 5.0
24 10.0
25 6.0
26 8.0
27 7.0
28 8.0
29 5.0
30 5.0
31 10.0
32 9.0
33 9.0
34 6.0
35 9.0
36 10.0
37 2.0
38 1.0
39 8.0
40 6.0
41 10.0
42 2.0
43 8.0
44 3.0
45 6.0
46 7.0
47 10.0
48 7.0
49 9.0
50 6.0
DISTANCE_MATRIX
0.0 52.6664 16.2842 60.5519 25.0128 41.8843 28.0179 12.6491 56.7403 9.89949 29.5409 64.2863 44.7214 41.4448 45.2791 47.573 56.6392 29.7377 44.6373 43.6204 41.2311 27.78 56.7599 14.7648 56.5295 12.4889 65.3164 55.2034 41.6691 55.1543 42.0476 49.6959 9.24264 51.3346 29.0689 50.1913 55.2347 43.9747 63.5542 45.3542 23.5372 43.1572 56.0604 42.6796 15.8114 61.432 54.9227 17.1172 48.1746 19.799 
52.6664 0.0 68.9027 85.0 28.0179 87.9252 74.8103 48.2701 73.0068 62.4826 50.1852 83.006 46.6905 61.9839 40.025 17.72 80.025 69.6458 88.5646 89.4078 26.0768 70.5263 6.0 66.7087 109.148 65.1073 78.2304 53.6004 21.2132 77.0584 34.2345 68.2642 61.8611 81.3627 58.6941 73.0984 99.296 17.0 116.173 94.5519 36.3598 88.7724 108.679 94.9484 39.1152 113.656 89.4222 64.6607 92.2893 72.3503 
16.2842 68.9027 0.0 49.9423 41.2491 30.3949 28.8444 28.5945 47.0922 8.544 25.318 54.5858 59.1354 32.7031 60.1122 58.8435 65.215 18.2514 33.1479 32.131 50.7526 16.2906 72.9962 12.0416 51.8929 5.0 55.6944 50.04 57.9054 64.3506 49.0408 40.1921 8.94427 40.725 39.9249 40.4908 43.7453 55.5338 55.9075 40.1995 35.9771 31.6678 48.7964 44.7141 31.7393 58.685 43.4333 21.4009 36.6853 10.0499 
60.5519 85.0 49.9423 0.0 77.4139 36.0555 74.4205 56.9045 16.2788 56.3249 37.7078 12.0416 103.956 23.0868 104.409 69.3758 113.164 36.5411 24.7386 35.4401 59.9083 34.8329 90.934 61.2288 57.1402 49.2744 19.9249 37.4433 85.2815 112.074 52.811 17.4642 51.9236 9.21954 84.9872 26.0263 29.2746 68.2495 55.1453 78.2943 53.1584 34.4819 52.0865 61.6847 69.5859 64.0312 11.0454 69.7785 28.1603 63.3158 
25.0128 28.0179 41.2491 77.4139 0.0 66.8491 47.0106 20.6165 69.4878 34.8281 39.9112 78.73 42.4801 54.7147 37.5424 28.0179 59.7912 54.7026 69.6021 68.5852 26.9258 52.7448 31.8277 38.8973 81.4943 37.4537 77.1881 49.7549 16.7545 57.308 32.4694 62.9273 34.2075 76.2994 34.0588 65.3876 80.1995 23.0217 88.519 66.6483 28.3019 68.122 81.0253 67.1789 11.1803 85.8974 79.8875 36.7151 73.1395 44.6878 
41.8843 87.9252 30.3949 36.0555 66.8491 0.0 41.7086 54.1946 46.0109 36.7774 39.0512 47.2969 84.3238 38.3564 84.8603 75.6902 81.2634 19.7466 11.6619 2.0 67.2086 17.8045 98.5962 35.3654 24.3516 29.7269 53.3385 58.6454 83.5054 81.1944 63.6003 41.1947 32.8106 27.6586 61.3764 42.6931 16.7631 72.4011 26.4008 43.0116 52.8444 2.23607 20.1246 25.632 57.3393 31.6228 26.4197 41.7629 10.8167 30.6039 
28.0179 74.8103 28.8444 74.4205 47.0106 41.7086 0.0 40.1123 75.3765 22.4722 50.448 82.8701 47.4236 60.8358 51.6236 73.2466 39.5601 46.5357 52.4435 43.4447 68.593 44.5749 78.6035 17.0 45.1774 29.5466 83.9786 76.1577 56.1961 39.5601 70.0071 68.4763 29.1204 65.2569 22.8473 68.775 58.1808 68.4105 53.0377 20.0 51.1566 43.9386 46.0109 28.4429 35.8469 48.2701 66.4888 11.0454 52.5169 20.5183 
12.6491 48.2701 28.5945 56.9045 20.6165 54.1946 40.1123 0.0 48.9783 22.2098 19.4018 58.2206 45.4539 34.2053 45.9067 34.9249 63.8122 37.8214 56.6426 55.9307 28.6356 38.6047 52.3636 27.313 68.8398 24.7992 56.6787 39.9625 37.2728 61.8547 30.0666 42.4179 21.5529 53.1425 35.8469 44.8782 67.374 31.3266 75.8645 57.9741 11.0454 55.4675 68.3707 55.0354 13.1954 73.7423 61.202 29.0689 60.3673 32.1093 
56.7403 73.0068 47.0922 16.2788 69.4878 46.0109 75.3765 48.9783 0.0 53.2625 30.5287 10.0 94.1016 15.6205 94.5545 56.3205 109.084 31.8498 36.3456 46.0109 47.0956 34.979 79.0063 58.3787 69.3542 46.0514 8.60233 21.9317 74.3535 107.815 39.3192 7.07107 47.634 19.6469 82.1793 20.6015 43.6578 56.0089 68.6586 85.299 44.2719 45.0111 64.4981 70.7107 62.0667 76.531 25.9422 66.6109 40.7922 69.6024 
9.89949 62.4826 8.544 56.3249 34.8281 36.7774 22.4722 22.2098 53.2625 0.0 28.2843 60.9683 51.0098 38.4708 52.345 57.0574 57.0088 24.634 39.5304 38.5136 50.579 22.6732 66.5761 6.0 46.7265 7.2111 61.8647 53.9351 51.4853 56.0357 49.8713 46.3249 7.0 47.1076 31.3847 46.6611 50.1279 53.4592 53.7513 37.2156 32.8598 38.0504 46.2575 32.9221 25.0599 51.629 49.8158 13.4536 43.0678 9.89949 
29.5409 50.1852 25.318 37.7078 39.9112 39.0512 50.448 19.4018 30.5287 28.2843 0.0 39.3954 64.5251 15.2315 64.9779 37.2022 83.1665 19.8494 39.2109 40.3609 28.3196 21.2603 56.0161 34.2345 62.434 22.0 38.6005 25.7099 50.2314 81.2393 24.6982 23.7065 21.3776 33.9459 55.1699 25.6815 49.9422 34.4819 65.437 65.0 16.1245 39.6232 58.8218 56.3205 32.4901 69.4622 42.0053 40.1622 42.9356 35.1283 
64.2863 83.006 54.5858 12.0416 78.73 47.2969 82.8701 58.2206 10.0 60.9683 39.3954 0.0 103.344 24.1661 103.797 66.2722 116.557 46.0655 36.3456 46.8722 57.0789 44.3573 89.0056 65.8723 69.0652 53.545 8.60233 31.3209 84.2869 115.361 49.2544 15.8114 55.1538 19.6469 89.7254 28.095 41.3038 66.0076 67.1863 88.6397 53.8516 45.8912 64.0312 72.8011 70.902 76.0066 23.0868 74.422 40.05 73.0571 
44.7214 46.6905 59.1354 103.956 42.4801 84.3238 47.4236 45.4539 94.1016 51.0098 64.5251 103.344 0.0 79.3286 7.07107 56.7979 34.5254 72.7603 87.0768 86.0599 58.8773 70.8026 46.0435 51.2445 91.214 55.4437 101.802 85.1088 27.313 31.4006 65.8147 87.5412 52.2652 94.3571 24.5967 93.5956 97.6742 52.3546 98.4886 65.7343 54.4377 85.5967 91.0064 75.2728 32.4531 95.1893 97.9452 42.9535 90.6142 58.3095 
41.4448 61.9839 32.7031 23.0868 54.7147 38.3564 60.8358 34.2053 15.6205 38.4708 15.2315 24.1661 79.3286 0.0 79.7814 46.8188 93.7884 19.0263 32.3011 40.2617 37.3363 22.0 67.897 43.8634 64.0314 31.305 24.0416 20.6155 62.1999 92.5194 30.8869 8.60233 32.45 19.3874 66.8838 11.1231 41.9252 45.3542 64.6623 72.3737 30.2655 39.2941 59.4855 60.0333 46.8867 71.3094 27.4469 51.6236 37.2441 42.7493 
45.2791 40.025 60.1122 104.409 37.5424 84.8603 51.6236 45.9067 94.5545 52.345 64.9779 103.797 7.07107 79.7814 0.0 51.1077 41.5933 73.5948 88.4944 86.5964 53.9073 71.6371 39.1152 53.3667 94.2444 56.346 102.255 78.6468 21.6333 38.4708 60.877 87.9941 53.0998 95.1917 29.2062 94.0484 98.2107 46.8722 101.303 70.6045 57.1939 86.1332 93.8092 78.7909 32.906 98.6154 98.7798 45.8803 91.1506 60.4152 
47.573 17.72 58.8435 69.3758 28.0179 75.6902 73.2466 34.9249 56.3205 57.0574 37.2022 66.2722 56.7979 46.8188 51.1077 0.0 87.1308 57.0088 76.1653 77.1557 9.48683 58.1378 23.5372 62.1709 98.1202 54.8106 61.0082 36.1248 29.5296 84.4152 17.0294 52.1728 56.4005 66.1858 62.0725 57.9215 86.8966 5.0 101.833 92.2623 24.4131 76.4853 94.8936 89.883 38.2099 104.93 74.2453 62.4062 79.8899 66.9569 
56.6392 80.025 65.215 113.164 59.7912 81.2634 39.5601 63.8122 109.084 57.0088 83.1665 116.557 34.5254 93.7884 41.5933 87.1308 0.0 81.4726 91.9984 82.9996 86.6487 79.5118 80.0999 53.535 82.6075 63.8905 117.66 103.774 59.2115 3.16228 91.7871 102.039 61.5549 103.946 28.0179 102.462 97.7517 82.355 90.7965 49.0408 73.1989 83.4935 84.3445 65.6201 52.3259 84.0536 106.654 43.8292 92.0717 59.0593 
29.7377 69.6458 18.2514 36.5411 54.7026 19.7466 46.5357 37.8214 31.8498 24.634 19.8494 46.0655 72.7603 19.0263 73.5948 57.0088 81.4726 0.0 19.7466 20.9209 48.1664 3.16228 75.4767 29.5379 43.8634 17.5835 50.6741 39.0512 71.3589 80.3829 44.0454 24.9565 20.6155 27.3237 55.0893 25.2483 30.4779 54.0833 46.1163 54.1202 34.6659 20.1618 39.8292 41.0122 45.1928 51.0784 30.032 38.0876 23.4713 37.9558 
44.6373 88.5646 33.1479 24.7386 69.6021 11.6619 52.4435 56.6426 36.3456 39.5304 39.2109 36.3456 87.0768 32.3011 88.4944 76.1653 91.9984 19.7466 0.0 10.7703 67.4902 18.0384 94.3955 46.1004 33.0606 32.4799 43.0 51.5018 86.2584 91.9293 63.6447 32.573 35.5636 17.0 69.9858 35.178 11.1803 73.0384 32.573 54.6443 53.4871 9.84886 28.1603 37.1618 60.0923 40.1995 14.7648 52.4979 5.0 41.3389 
43.6204 89.4078 32.131 35.4401 68.5852 2.0 43.4447 55.9307 46.0109 38.5136 40.3609 46.8722 86.0599 40.2617 86.5964 77.1557 82.9996 20.9209 10.7703 0.0 68.593 19.105 95.2387 37.1015 23.7697 31.4631 53.1507 59.4624 85.2415 82.9305 64.819 41.4367 34.5468 27.2947 63.1125 43.1386 14.8661 73.9006 25.2389 44.2041 54.3439 1.0 19.3132 26.4008 59.0755 31.0483 25.4951 43.499 9.21954 32.34 
41.2311 26.0768 50.7526 59.9083 26.9258 67.2086 68.593 28.6356 47.0956 50.579 28.3196 57.0789 58.8773 37.3363 53.9073 9.48683 86.6487 48.1664 67.4902 68.593 0.0 49.4975 32.0624 55.6925 90.0 46.4311 52.1536 27.6586 32.5269 84.1676 8.24621 42.7551 44.3993 56.701 60.208 48.4367 78.2215 9.21954 93.5094 86.5852 17.72 67.8823 86.6833 82.8684 35.3553 96.8349 64.7605 57.5587 71.2149 59.7096 
27.78 70.5263 16.2906 34.8329 52.7448 17.8045 44.5749 38.6047 34.979 22.6732 21.2603 44.3573 70.8026 22.0 71.6371 58.1378 79.5118 3.16228 18.0384 19.105 49.4975 0.0 76.3571 27.5771 41.5933 15.6227 48.9659 41.7732 69.4011 78.4221 45.8039 28.0858 18.7064 25.6155 53.1285 28.3776 28.7697 55.0 44.2041 50.9608 35.4492 18.3848 37.7359 38.0526 43.2351 48.7545 28.3238 36.1268 21.7631 34.7937 
56.7599 6.0 72.9962 90.934 31.8277 98.5962 78.6035 52.3636 79.0063 66.5761 56.0161 89.0056 46.0435 67.897 39.1152 23.5372 80.0999 75.4767 94.3955 95.2387 32.0624 76.3571 0.0 70.7248 113.241 69.2008 84.214 59.5399 22.8473 77.0584 40.1995 74.2428 65.9546 87.2713 60.407 79.0759 105.127 23.0 120.266 98.3451 42.1907 94.6033 112.772 99.0051 42.9096 117.749 95.3997 68.4601 98.1201 76.4438 
14.7648 66.7087 12.0416 61.2288 38.8973 35.3654 17.0 27.313 58.3787 6.0 34.2345 65.8723 51.2445 43.8634 53.3667 62.1709 53.535 29.5379 46.1004 37.1015 55.6925 27.5771 70.7248 0.0 42.1248 12.6491 66.9809 59.8415 55.6347 52.8394 55.8215 51.4782 13.0 52.0115 29.6142 51.7772 51.8537 58.5726 49.1495 31.257 37.9733 37.5955 41.6558 28.2843 28.4253 47.0273 54.7198 9.84886 46.1737 7.07107 
56.5295 109.148 51.8929 57.1402 81.4943 24.3516 45.1774 68.8398 69.3542 46.7265 62.434 69.0652 91.214 64.0314 94.2444 98.1202 82.6075 43.8634 33.0606 23.7697 90.0 41.5933 113.241 42.1248 0.0 51.225 76.0263 82.7688 98.1506 83.2947 87.1321 65.1153 54.3087 50.04 67.2681 66.9083 29.1204 94.8104 8.24621 35.1141 75.2537 24.7386 5.09902 17.0294 70.5431 7.28011 46.2709 48.3839 29.0172 37.3633 
12.4889 65.1073 5.0 49.2744 37.4537 29.7269 29.5466 24.7992 46.0514 7.2111 22.0 53.545 55.4437 31.305 56.346 54.8106 63.8905 17.5835 32.4799 31.4631 46.4311 15.6227 69.2008 12.6491 51.225 0.0 54.6536 47.3814 54.11 62.8013 44.9222 39.1152 4.12311 40.0571 37.5899 39.45 43.0774 51.2124 55.2396 43.0 31.6556 30.9999 48.1284 36.8943 27.9439 58.0171 42.7653 20.6155 36.0173 13.3417 
65.3164 78.2304 55.6944 19.9249 77.1881 53.3385 83.9786 56.6787 8.60233 61.8647 38.6005 8.60233 101.802 24.0416 102.255 61.0082 117.66 50.6741 43.0 53.1507 52.1536 48.9659 84.214 66.9809 76.0263 54.6536 0.0 25.0799 80.5724 116.391 44.0454 15.6205 56.2228 26.0 90.7554 29.2036 49.0306 61.2944 74.6726 93.3623 51.4782 52.1536 71.0634 78.4474 69.7671 83.0963 30.8058 75.213 47.0956 77.6657 
55.2034 53.6004 50.04 37.4433 49.7549 58.6454 76.1577 39.9625 21.9317 53.9351 25.7099 31.3209 85.1088 20.6155 78.6468 36.1248 103.774 39.0512 51.5018 59.4624 27.6586 41.7732 59.5399 59.8415 82.7688 47.3814 25.0799 0.0 57.8127 101.789 19.4165 20.5183 47.0744 37.5366 75.8024 30.3238 61.0328 36.8782 83.8631 90.1998 31.8277 58.4948 78.6862 79.6304 52.8193 89.9917 45.2548 65.8268 56.4448 60.075 
41.6691 21.2132 57.9054 85.2815 16.7545 83.5054 56.1961 37.2728 74.3535 51.4853 50.2314 84.2869 27.313 62.1999 21.6333 29.5296 59.2115 71.3589 86.2584 85.2415 32.5269 69.4011 22.8473 55.6347 98.1506 54.11 80.5724 57.8127 0.0 56.3205 39.8246 68.9839 50.8638 81.5556 37.6431 73.2912 96.8558 25.2389 105.175 76.1026 36.406 84.7783 97.6816 83.9109 27.8122 102.658 89.615 48.4665 89.7958 61.353 
55.1543 77.0584 64.3506 112.074 57.308 81.1944 39.5601 61.8547 107.815 56.0357 81.2393 115.361 31.4006 92.5194 38.4708 84.4152 3.16228 80.3829 91.9293 82.9305 84.1676 78.4221 77.0584 52.8394 83.2947 62.8013 116.391 101.789 56.3205 0.0 89.3709 100.771 60.3075 102.857 26.2488 101.069 97.6826 79.6394 91.444 50.2494 71.1414 83.4244 84.8528 66.2722 50.1199 85.0 105.565 43.0465 92.0026 58.6003 
42.0476 34.2345 49.0408 52.811 32.4694 63.6003 70.0071 30.0666 39.3192 49.8713 24.6982 49.2544 65.8147 30.8869 60.877 17.0294 91.7871 44.0454 63.6447 64.819 8.24621 45.8039 40.1995 55.8215 87.1321 44.9222 44.0454 19.4165 39.8246 89.3709 0.0 35.4401 42.9646 50.1199 64.5383 41.8855 72.6876 17.4642 90.0 87.0501 19.2354 64.0599 83.4865 80.5965 41.2878 94.1541 58.2093 59.0 67.3694 58.2409 
49.6959 68.2642 40.1921 17.4642 62.9273 41.1947 68.4763 42.4179 7.07107 46.3249 23.7065 15.8114 87.5412 8.60233 87.9941 52.1728 102.039 24.9565 32.573 41.4367 42.7551 28.0858 74.2428 51.4782 65.1153 39.1152 15.6205 20.5183 68.9839 100.771 35.4401 0.0 40.6079 17.2047 75.1349 13.7082 41.1825 51.3517 65.146 78.9854 38.0789 40.4475 60.4152 65.192 55.0993 72.3671 24.7588 59.6406 37.3363 62.7531 
9.24264 61.8611 8.94427 51.9236 34.2075 32.8106 29.1204 21.5529 47.634 7.0 21.3776 55.1538 52.2652 32.45 53.0998 56.4005 61.5549 20.6155 35.5636 34.5468 44.3993 18.7064 65.9546 13.0 54.3087 4.12311 56.2228 47.0744 50.8638 60.3075 42.9646 40.6079 0.0 42.7063 34.6699 41.0588 46.1611 52.8023 58.3233 44.1814 32.2029 34.0836 51.2121 39.1261 24.6977 57.833 45.4145 19.2354 39.101 15.6525 
51.3346 81.3627 40.725 9.21954 76.2994 27.6586 65.2569 53.1425 19.6469 47.1076 33.9459 19.6469 94.3571 19.3874 95.1917 66.1858 103.946 27.3237 17.0 27.2947 56.701 25.6155 87.2713 52.0115 50.04 40.0571 26.0 37.5366 81.5556 102.857 50.1199 17.2047 42.7063 0.0 77.5629 22.2643 24.1661 64.7416 49.0306 69.3181 49.3964 26.3059 45.0999 53.1601 66.7896 57.1402 8.06226 60.5612 21.2132 54.1523 
29.0689 58.6941 39.9249 84.9872 34.0588 61.3764 22.8473 35.8469 82.1793 31.3847 55.1699 89.7254 24.5967 66.8838 29.2062 62.0725 28.0179 55.0893 69.9858 63.1125 60.208 53.1285 60.407 29.6142 67.2681 37.5899 90.7554 75.8024 37.6431 26.2488 64.5383 75.1349 34.6699 77.5629 0.0 75.6303 77.8647 57.0789 74.8131 41.4005 45.3987 63.6065 67.4759 50.9608 25.0 70.8802 80.2712 20.0998 72.1847 36.3456 
50.1913 73.0984 40.4908 26.0263 65.3876 42.6931 68.775 44.8782 20.6015 46.6611 25.6815 28.095 93.5956 11.1231 94.0484 57.9215 102.462 25.2483 35.178 43.1386 48.4367 28.3776 79.0759 51.7772 66.9083 39.45 29.2036 30.3238 73.2912 101.069 41.8855 13.7082 41.0588 22.2643 75.6303 0.0 44.8021 56.4773 67.5392 79.2772 41.1321 42.171 62.3624 66.0339 57.5596 74.1863 30.3238 60.0094 40.121 63.0449 
55.2347 99.296 43.7453 29.2746 80.1995 16.7631 58.1808 67.374 43.6578 50.1279 49.9422 41.3038 97.6742 41.9252 98.2107 86.8966 97.7517 30.4779 11.1803 14.8661 78.2215 28.7697 105.127 51.8537 29.1204 43.0774 49.0306 61.0328 96.8558 97.6826 72.6876 41.1825 46.1611 24.1661 77.8647 44.8021 0.0 83.7697 26.0 57.28 64.2184 14.5602 24.0416 38.2884 70.6898 35.5106 18.2483 58.2511 7.07107 47.0922 
43.9747 17.0 55.5338 68.2495 23.0217 72.4011 68.4105 31.3266 56.0089 53.4592 34.4819 66.0076 52.3546 45.3542 46.8722 5.0 82.355 54.0833 73.0384 73.9006 9.21954 55.0 23.0 58.5726 94.8104 51.2124 61.2944 36.8782 25.2389 79.6394 17.4642 51.3517 52.8023 64.7416 57.0789 56.4773 83.7697 0.0 98.5278 87.4344 20.8357 73.2462 91.5838 86.2847 33.2415 101.62 72.8011 57.5782 76.7631 63.3587 
63.5542 116.173 55.9075 55.1453 88.519 26.4008 53.0377 75.8645 68.6586 53.7513 65.437 67.1863 98.4886 64.6623 101.303 101.833 90.7965 46.1163 32.573 25.2389 93.5094 44.2041 120.266 49.1495 8.24621 55.2396 74.6726 83.8631 105.175 91.444 90.0 65.146 58.3233 49.0306 74.8131 67.5392 26.0 98.5278 0.0 43.3244 78.971 26.0768 7.61577 25.1794 77.5678 10.8167 44.1022 55.5428 27.8927 44.3881 
45.3542 94.5519 40.1995 78.2943 66.6483 43.0116 20.0 57.9741 85.299 37.2156 65.0 88.6397 65.7343 72.3737 70.6045 92.2623 49.0408 54.1202 54.6443 44.2041 86.5852 50.9608 98.3451 31.257 35.1141 43.0 93.3623 90.1998 76.1026 50.2494 87.0501 78.9854 44.1814 69.3181 41.4005 79.2772 57.28 87.4344 43.3244 0.0 68.884 45.0 38.0132 19.4165 55.4707 35.3553 69.3397 29.9666 53.2635 30.1496 
23.5372 36.3598 35.9771 53.1584 28.3019 52.8444 51.1566 11.0454 44.2719 32.8598 16.1245 53.8516 54.4377 30.2655 57.1939 24.4131 73.1989 34.6659 53.4871 54.3439 17.72 35.4492 42.1907 37.9733 75.2537 31.6556 51.4782 31.8277 36.406 71.1414 19.2354 38.0789 32.2029 49.3964 45.3987 41.1321 64.2184 20.8357 78.971 68.884 0.0 53.6995 72.0271 65.6854 22.1482 82.0636 57.4559 40.1123 57.2118 42.7593 
43.1572 88.7724 31.6678 34.4819 68.122 2.23607 43.9386 55.4675 45.0111 38.0504 39.6232 45.8912 85.5967 39.2941 86.1332 76.4853 83.4935 20.1618 9.84886 1.0 67.8823 18.3848 94.6033 37.5955 24.7386 30.9999 52.1536 58.4948 84.7783 83.4244 64.0599 40.4475 34.0836 26.3059 63.6065 42.171 14.5602 73.2462 26.0768 45.0 53.6995 0.0 20.2485 27.313 58.6123 32.0156 24.5967 43.993 8.60233 32.834 
56.0604 108.679 48.7964 52.0865 81.0253 20.1246 46.0109 68.3707 64.4981 46.2575 58.8218 64.0312 91.0064 59.4855 93.8092 94.8936 84.3445 39.8292 28.1603 19.3132 86.6833 37.7359 112.772 41.6558 5.09902 48.1284 71.0634 78.6862 97.6816 84.8528 83.4865 60.4152 51.2121 45.0999 67.4759 62.3624 24.0416 91.5838 7.61577 38.0132 72.0271 20.2485 0.0 18.9737 70.074 12.0416 41.1947 48.0533 24.0 36.8943 
42.6796 94.9484 44.7141 61.6847 67.1789 25.632 28.4429 55.0354 70.7107 32.9221 56.3205 72.8011 75.2728 60.0333 78.7909 89.883 65.6201 41.0122 37.1618 26.4008 82.8684 38.0526 99.0051 28.2843 17.0294 36.8943 78.4474 79.6304 83.9109 66.2722 80.5965 65.192 39.1261 53.1601 50.9608 66.0339 38.2884 86.2847 25.1794 19.4165 65.6854 27.313 18.9737 0.0 56.6392 19.9249 51.8941 33.121 34.9857 23.5589 
15.8114 39.1152 31.7393 69.5859 11.1803 57.3393 35.8469 13.1954 62.0667 25.0599 32.4901 70.902 32.4531 46.8867 32.906 38.2099 52.3259 45.1928 60.0923 59.0755 35.3553 43.2351 42.9096 28.4253 70.5431 27.9439 69.7671 52.8193 27.8122 50.1199 41.2878 55.0993 24.6977 66.7896 25.0 57.5596 70.6898 33.2415 77.5678 55.4707 22.1482 58.6123 70.074 56.6392 0.0 75.4456 70.3777 25.5539 63.6297 34.6699 
61.432 113.656 58.685 64.0312 85.8974 31.6228 48.2701 73.7423 76.531 51.629 69.4622 76.0066 95.1893 71.3094 98.6154 104.93 84.0536 51.0784 40.1995 31.0483 96.8349 48.7545 117.749 47.0273 7.28011 58.0171 83.0963 89.9917 102.658 85.0 94.1541 72.3671 57.833 57.1402 70.8802 74.1863 35.5106 101.62 10.8167 35.3553 82.0636 32.0156 12.0416 19.9249 75.4456 0.0 53.0848 52.8015 36.0139 42.2658 
54.9227 89.4222 43.4333 11.0454 79.8875 26.4197 66.4888 61.202 25.9422 49.8158 42.0053 23.0868 97.9452 27.4469 98.7798 74.2453 106.654 30.032 14.7648 25.4951 64.7605 28.3238 95.3997 54.7198 46.2709 42.7653 30.8058 45.2548 89.615 105.565 58.2093 24.7588 45.4145 8.06226 80.2712 30.3238 18.2483 72.8011 44.1022 69.3397 57.4559 24.5967 41.1947 51.8941 70.3777 53.0848 0.0 63.2695 17.4642 55.3842 
17.1172 64.6607 21.4009 69.7785 36.7151 41.7629 11.0454 29.0689 66.6109 13.4536 40.1622 74.422 42.9535 51.6236 45.8803 62.4062 43.8292 38.0876 52.4979 43.499 57.5587 36.1268 68.4601 9.84886 48.3839 20.6155 75.213 65.8268 48.4665 43.0465 59.0 59.6406 19.2354 60.5612 20.0998 60.0094 58.2511 57.5782 55.5428 29.9666 40.1123 43.993 48.0533 33.121 25.5539 52.8015 63.2695 0.0 52.5712 16.2788 
48.1746 92.2893 36.6853 28.1603 73.1395 10.8167 52.5169 60.3673 40.7922 43.0678 42.9356 40.05 90.6142 37.2441 91.1506 79.8899 92.0717 23.4713 5.0 9.21954 71.2149 21.7631 98.1201 46.1737 29.0172 36.0173 47.0956 56.4448 89.7958 92.0026 67.3694 37.3363 39.101 21.2132 72.1847 40.121 7.07107 76.7631 27.8927 53.2635 57.2118 8.60233 24.0 34.9857 63.6297 36.0139 17.4642 52.5712 0.0 41.4122 
19.799 72.3503 10.0499 63.3158 44.6878 30.6039 20.5183 32.1093 69.6024 9.89949 35.1283 73.0571 58.3095 42.7493 60.4152 66.9569 59.0593 37.9558 41.3389 32.34 59.7096 34.7937 76.4438 7.07107 37.3633 13.3417 77.6657 60.075 61.353 58.6003 58.2409 62.7531 15.6525 54.1523 36.3456 63.0449 47.0922 63.3587 44.3881 30.1496 42.7593 32.834 36.8943 23.5589 34.6699 42.2658 55.3842 16.2788 41.4122 0.0 
DEMAND_SCENARIO_SECTION
0 0 0 0 0 0 0 0 0 0 0 0 0 0 0 0 0 0 0 0 0 0 0 0 0 0 0 0 0 0 0 0 0 0 0 0 0 0 0 0 0 0 0 0 0 0 0 0 0 0 
0 5 1 4 0 1 2 2 2 3 1 0 3 3 2 3 5 3 5 5 3 6 5 0 0 0 1 4 2 6 2 0 6 2 5 6 1 1 6 5 5 0 2 9 5 7 0 2 3 1 
2 1 1 2 5 2 0 3 2 2 5 4 4 3 2 2 4 4 1 7 6 4 2 2 8 4 2 0 5 0 3 2 3 2 4 2 5 0 5 6 4 3 1 4 5 3 4 2 1 3 
6 11 10 10 10 8 7 5 1 15 7 8 8 6 6 12 8 11 9 8 9 8 10 10 9 10 8 5 6 12 11 6 6 8 12 6 10 6 7 7 4 5 10 5 7 6 11 11 10 11 
2 3 4 6 1 5 3 5 2 8 3 5 4 7 5 1 9 6 5 8 2 5 5 5 4 4 11 7 4 4 4 4 4 10 8 6 2 4 2 3 4 6 6 7 6 4 5 3 3 6 
4 4 6 0 7 5 6 3 3 8 6 5 1 0 1 3 6 7 6 4 8 5 3 4 5 3 0 3 8 3 2 2 5 0 2 8 3 9 6 4 0 4 1 5 5 4 4 0 5 4 
3 2 2 6 5 3 0 3 6 3 0 3 3 5 3 3 2 5 2 4 1 1 6 5 7 4 2 2 2 4 7 4 3 1 2 2 3 2 0 3 5 1 0 4 4 2 3 2 2 1 
4 3 3 4 1 7 7 4 4 3 1 3 2 0 2 5 1 3 5 2 1 3 2 3 0 4 6 4 4 3 3 1 5 4 5 6 2 2 1 2 2 1 4 4 2 3 3 0 4 1 
3 4 5 4 3 3 4 3 6 5 5 1 2 5 4 6 2 7 4 3 5 4 4 3 4 6 3 7 5 1 3 4 2 4 6 4 2 7 6 5 5 4 4 4 5 4 4 4 4 0 
9 7 5 8 5 5 10 9 7 7 10 9 4 7 9 9 7 11 5 5 6 6 7 9 8 4 8 8 5 2 5 10 11 9 11 8 7 4 8 10 6 5 7 7 4 13 7 12 5 5 
10 9 5 7 7 7 8 3 2 12 9 9 5 3 11 3 10 6 5 8 10 5 9 3 1 9 5 10 3 7 5 5 9 9 5 7 5 6 9 9 6 8 10 8 3 5 7 3 7 8 
10 8 5 7 6 8 6 6 8 5 9 6 5 3 2 10 3 3 4 4 2 2 3 6 8 4 2 5 4 6 5 4 3 5 3 6 7 7 0 6 6 8 4 5 4 4 6 7 2 8 
6 6 10 10 7 7 6 8 4 9 9 6 4 11 3 4 9 10 4 8 10 7 12 9 15 5 6 5 8 5 1 8 14 10 13 6 13 4 6 9 9 9 10 7 6 8 8 4 8 7 
8 12 11 5 16 7 9 5 17 10 9 12 3 8 14 8 9 10 9 16 9 8 6 15 10 10 8 10 11 7 6 7 10 8 12 10 10 10 10 8 9 9 13 10 5 12 7 13 8 6 
6 6 8 6 10 3 5 8 4 12 9 7 3 8 6 5 5 11 3 10 8 12 3 8 4 8 4 6 8 3 11 9 12 9 9 3 3 5 12 8 11 0 8 8 3 9 9 3 4 1 
5 4 6 4 5 0 1 4 0 6 0 6 3 6 0 5 5 5 4 2 3 0 1 1 5 4 2 0 4 3 2 3 3 2 2 5 5 0 2 7 4 4 1 7 2 6 1 2 3 2 
2 0 1 1 0 1 3 1 3 1 1 3 2 4 1 0 3 4 1 1 1 4 3 1 2 1 1 1 0 1 2 0 0 1 3 3 3 3 5 1 1 2 1 3 0 1 4 2 3 3 
4 3 2 6 9 6 12 13 8 9 9 4 6 6 7 4 9 12 14 14 14 11 7 8 12 12 10 6 6 7 7 8 8 11 9 4 7 13 9 13 8 8 10 10 7 7 7 9 13 11 
12 5 9 7 11 7 6 11 6 4 3 4 5 6 7 8 10 5 4 5 6 8 5 8 5 14 10 9 8 6 7 7 14 5 7 10 6 9 16 7 6 7 9 5 8 10 5 6 3 5 
0 2 1 1 3 2 1 2 0 0 2 2 0 1 2 2 1 0 0 1 1 0 0 1 1 2 0 2 1 1 2 1 0 1 1 3 0 1 1 0 1 1 0 0 1 1 0 2 3 2 
3 1 1 0 2 3 0 1 2 1 3 4 1 3 2 1 1 3 4 2 4 2 1 1 4 2 0 3 1 2 0 3 3 0 4 6 3 3 1 0 2 1 3 0 3 3 2 1 1 3 
10 2 15 7 7 7 8 10 10 7 4 0 6 8 4 3 3 9 10 9 3 6 9 1 4 0 7 4 12 10 10 6 6 4 9 5 8 2 11 11 10 9 7 9 6 8 1 7 8 6 
6 8 7 6 6 5 8 2 6 3 5 3 5 3 0 8 8 0 7 3 4 3 5 8 5 6 10 4 6 5 4 2 10 4 0 3 4 2 3 6 3 4 7 2 6 9 4 5 1 1 
23 7 14 14 9 9 8 11 12 16 9 4 11 6 11 7 6 10 8 5 14 9 9 10 14 5 7 5 16 6 15 13 8 6 10 7 9 11 10 6 8 9 11 6 8 8 9 10 11 4 
8 10 3 5 6 9 1 5 6 4 6 8 8 6 5 5 9 7 7 7 5 9 8 11 7 3 7 8 6 3 6 4 1 5 9 6 11 2 3 3 10 5 7 5 10 11 4 5 5 4 
7 10 11 3 9 6 1 8 7 5 7 2 12 8 9 11 9 11 9 9 9 9 14 9 5 7 11 10 4 7 5 5 6 7 11 10 5 9 5 8 11 9 8 7 3 8 9 10 7 10 
11 6 7 9 9 3 8 7 9 8 8 5 4 4 4 8 9 7 5 8 10 5 7 8 6 5 9 5 7 9 7 4 9 9 7 5 6 11 6 7 8 8 8 4 7 11 3 5 7 3 
6 9 6 10 8 10 0 4 10 9 8 6 10 9 2 6 10 6 9 7 5 12 8 6 8 4 9 8 8 6 5 12 8 8 9 2 10 10 6 12 4 8 9 12 9 8 8 5 10 9 
6 4 8 5 7 8 2 5 5 4 7 5 4 5 6 6 4 2 8 4 8 5 6 4 5 4 6 4 5 7 3 5 8 3 6 6 4 0 3 4 7 1 8 2 3 5 9 9 11 4 
4 8 0 6 5 0 7 6 7 3 6 5 5 1 3 4 2 4 3 7 4 6 9 3 6 4 5 7 5 7 8 5 5 7 7 5 8 8 4 8 3 5 5 3 5 4 2 9 6 6 
14 10 9 10 11 9 12 9 13 15 12 8 9 3 10 10 7 8 12 17 15 10 6 5 14 2 6 8 14 10 13 9 10 8 11 11 14 8 16 8 8 10 7 11 5 8 10 7 9 3 
4 9 10 8 11 9 3 11 9 9 11 12 12 7 9 10 11 10 8 13 9 14 11 7 10 9 7 6 12 6 4 8 11 3 14 8 13 10 7 10 10 4 9 9 8 13 8 12 4 11 
12 9 10 10 12 14 9 7 9 12 8 7 9 11 6 13 9 6 12 9 12 6 13 15 9 6 12 13 5 11 8 15 11 11 13 10 8 11 10 9 6 5 8 8 5 12 8 6 8 11 
9 7 7 2 7 6 6 12 5 6 2 9 7 10 5 6 6 4 8 2 3 10 1 6 4 8 3 3 5 6 4 4 6 7 9 10 8 6 9 7 8 4 7 10 7 1 4 7 9 9 
9 12 7 9 13 11 11 8 10 12 7 11 2 10 9 6 13 11 10 12 6 10 6 5 11 12 15 7 8 12 16 6 13 9 10 5 11 10 9 2 8 12 3 8 11 9 11 8 10 8 
16 6 8 2 6 16 12 11 12 7 9 11 6 9 11 8 8 9 8 10 14 11 9 10 5 13 8 6 12 12 10 6 12 11 10 5 15 9 10 9 10 10 9 4 18 15 10 2 15 5 
1 2 1 2 5 1 2 4 0 3 1 3 3 1 1 5 1 2 2 2 2 0 3 2 4 1 3 0 3 1 4 4 1 1 1 1 4 2 2 4 1 3 2 3 0 2 1 2 4 1 
0 2 0 2 1 0 1 1 1 1 1 2 1 2 1 0 0 1 1 1 1 0 1 2 1 1 0 1 1 0 1 2 1 0 1 2 3 2 2 2 1 0 1 2 1 0 2 2 2 2 
9 9 3 7 9 9 8 6 10 10 11 10 8 7 10 9 11 6 10 7 7 7 6 7 8 7 6 11 6 8 10 6 1 6 14 9 6 6 13 6 8 3 10 10 11 8 11 6 7 11 
6 3 3 4 5 9 6 6 4 2 6 5 8 7 4 5 4 2 9 5 3 5 5 4 9 9 7 1 8 6 8 2 7 7 9 6 2 6 3 9 4 2 5 7 4 6 3 8 6 11 
16 9 10 10 7 12 10 11 6 8 10 10 14 5 6 5 13 8 13 10 10 10 16 12 8 11 6 9 10 7 8 9 7 9 8 11 5 16 8 12 8 10 13 12 8 8 7 10 2 11 
3 0 1 4 2 3 0 0 4 1 5 1 3 3 1 1 1 7 6 2 4 2 3 1 4 2 0 1 1 3 3 1 2 4 1 3 3 3 4 2 0 3 2 3 4 2 4 3 5 2 
4 5 6 10 10 12 9 12 9 6 5 7 9 7 5 8 10 11 5 10 6 3 3 6 7 7 8 11 5 12 7 8 1 8 8 11 6 8 6 12 6 7 9 4 12 5 13 9 9 10 
5 3 3 3 2 2 2 4 4 2 3 0 3 2 1 6 3 5 2 2 3 4 6 4 3 3 4 5 7 4 6 5 3 5 2 3 1 4 1 3 4 3 2 5 2 2 1 6 6 4 
7 11 5 7 5 5 8 8 5 3 6 10 2 8 7 10 6 7 8 4 7 6 0 6 10 2 6 3 7 7 3 8 2 8 8 9 4 5 5 6 4 9 4 9 3 6 6 9 11 3 
8 8 7 2 10 7 8 3 10 6 7 9 3 3 6 9 8 9 7 9 8 7 10 5 4 2 10 12 9 11 5 5 10 8 7 9 4 4 8 8 9 4 13 6 7 6 8 5 9 7 
13 6 14 8 9 7 9 8 8 14 11 13 6 8 6 9 14 9 6 9 11 5 11 9 9 10 13 14 14 16 9 6 5 12 8 13 10 7 13 14 10 8 8 13 13 14 10 12 11 10 
1 12 5 9 7 5 8 11 9 4 7 9 7 5 8 7 2 3 9 5 7 8 7 4 8 8 9 6 9 2 8 9 9 8 11 9 8 9 5 8 10 3 4 6 8 7 8 12 12 7 
12 6 13 12 9 13 6 10 5 12 9 8 8 12 9 5 7 6 5 10 14 7 3 12 11 11 11 0 13 13 1 9 8 7 5 9 9 8 5 8 10 13 6 12 8 10 10 6 9 14 
8 3 9 8 11 1 7 5 7 9 7 3 8 5 10 7 1 5 2 5 3 8 6 8 6 5 7 5 5 11 4 6 6 10 5 6 9 3 5 3 13 7 3 9 6 6 10 5 8 7 
DEPOT_SECTION
 1
 -1
EOF
