NAME  : Parada_50_2_0.95_1.00_6
TYPE : SVRP
MODEL : FINITE_SUPPORT
NUMBER_OF_SCENARIOS : 50
DIMENSION : 50
EDGE_WEIGHT_TYPE : MATRIX
CAPACITY : 134
N_VEHICLES : 2
NODE_COORD_SECTION
1 440880 423460
2 644740 211350
3 595260 261570
4 230320 460210
5 290440 139350
6 475720 463440
7 115170 272550
8 563880 185150
9 743260 155550
10 468390 390120
11 711720 201870
12 651410 120830
13 579760 702950
14 352950 675020
15 320170 339920
16 59836 442330
17 514410 600220
18 412760 615010
19 531170 656140
20 27 639780
21 147900 532390
22 434370 303390
23 499500 478050
24 717020 214890
25 27092 380920
26 632250 695830
27 690480 546790
28 153980 677830
29 123630 520270
30 185980 30153
31 727570 433270
32 554070 241560
33 205230 250660
34 376750 244500
35 196340 429730
36 574160 306760
37 296260 691830
38 618020 790600
39 208180 709620
40 141660 18
41 652050 490870
42 173380 715560
43 383550 160740
44 782460 204120
45 511670 632250
46 510510 798660
47 455640 271160
48 740190 185260
49 560870 341300
50 575770 603270
DEMAND_SECTION
1 0.0
2 5.0
3 2.0
4 10.0
5 8.0
6 3.0
7 9.0
8 2.0
9 9.0
10 3.0
11 6.0
12 3.0
13 9.0
14 9.0
15 1.0
16 3.0
17 6.0
18 4.0
19 5.0
20 5.0
21 5.0
22 1.0
23 2.0
24 3.0
25 3.0
26 9.0
27 1.0
28 8.0
29 7.0
30 8.0
31 2.0
32 1.0
33 1.0
34 1.0
35 4.0
36 6.0
37 2.0
38 8.0
39 4.0
40 8.0
41 10.0
42 9.0
43 5.0
44 7.0
45 3.0
46 10.0
47 4.0
48 8.0
49 3.0
50 10.0
DISTANCE_MATRIX
0.0 42.0966 31.3979 38.4914 46.8722 7.81025 51.18 38.0696 53.1785 6.40312 50.7771 52.8224 42.72 36.4005 21.8105 61.8816 27.2947 26.0768 34.9857 77.1838 48.2336 17.1172 11.6619 51.0403 66.0159 49.6488 37.1875 54.4778 52.0624 68.8835 44.338 31.9497 41.4363 27.313 41.8309 23.764 42.5441 56.9386 52.4642 73.757 31.6296 55.6742 39.8497 59.4126 30.8707 55.8659 21.0238 55.5846 19.3766 31.1127 
42.0966 0.0 10.7703 68.9431 48.1664 43.0813 69.2604 11.0454 16.1245 37.1216 9.21954 14.5602 76.6765 76.9675 47.4642 91.221 59.6891 65.5515 65.123 107.636 78.6853 29.1689 42.72 10.2956 84.4197 82.2192 46.1736 95.7528 82.5141 77.2334 31.9061 12.2066 57.4891 34.4819 69.9631 18.3576 83.6503 84.2912 93.7392 78.2624 37.855 96.9492 34.1321 18.6011 63.6523 76.1577 27.3637 13.6015 23.6008 57.0 
31.3979 10.7703 0.0 63.8482 46.1736 32.311 64.2923 13.0384 23.3238 26.4228 19.4165 24.0 66.2722 66.2118 42.3693 86.1261 49.2544 54.7814 55.0 104.342 73.5904 24.074 32.0156 19.8494 79.3428 72.0278 38.4708 85.054 77.4192 74.7392 27.0185 6.7082 52.8168 29.632 64.8682 7.81025 72.9452 74.8131 83.0405 76.844 29.5466 86.2504 32.6956 28.3196 53.2353 67.6757 22.2688 24.1868 13.4536 47.1834 
38.4914 68.9431 63.8482 0.0 37.2156 46.246 27.7417 60.8638 84.7204 39.263 77.8985 75.4863 56.1663 39.0784 24.3411 34.3896 46.8076 35.6485 53.92 51.7397 23.0217 40.5892 49.884 79.2097 36.8943 63.2891 74.0998 43.3244 26.2488 51.0882 82.9284 57.4788 23.3238 40.6353 11.1803 62.8806 41.3038 74.1034 46.3897 57.4282 69.0956 47.2969 37.9629 87.3257 48.5907 77.5928 41.6629 81.4788 63.6444 54.8811 
46.8722 48.1664 46.1736 37.2156 0.0 54.4059 30.8058 37.1214 64.0312 45.3431 55.0364 45.1221 88.9141 75.7165 30.0832 56.356 74.0945 69.3697 81.8352 81.7068 56.7186 35.609 57.6281 57.0088 48.2597 95.9748 81.0875 78.6384 58.6749 29.0689 72.5997 39.5601 18.7883 20.5183 42.4264 45.2396 78.5185 103.774 83.0241 30.6757 73.0645 83.2947 14.0357 63.3877 77.5418 102.176 30.8058 56.4358 46.0034 77.6209 
7.81025 43.0813 32.311 46.246 54.4059 0.0 58.9347 41.3038 53.2897 10.198 51.4296 55.3173 36.4966 34.0 29.5651 62.3063 20.2485 22.4722 27.7308 70.3398 45.0472 22.3607 4.12311 51.4782 65.5376 43.1741 30.2655 54.0429 49.0918 76.6382 37.4515 33.541 49.1909 34.4819 45.2074 25.0 41.0488 49.6488 51.7397 81.5116 24.7431 55.1543 46.6154 59.7063 24.0416 48.0833 26.9258 56.3649 21.095 23.3452 
51.18 69.2604 64.2923 27.7417 30.8058 58.9347 0.0 59.2368 85.1645 51.9516 77.8332 71.1969 82.5206 60.4635 31.8892 26.2488 73.4934 62.0595 80.6058 52.3927 32.28 46.367 62.5726 79.3788 17.4929 89.6991 87.3422 53.6004 32.3883 29.1548 90.6849 57.923 12.8062 34.7851 31.4044 63.3248 59.5618 99.8552 60.1664 36.6879 81.7842 59.0339 40.0 87.0919 75.2765 104.279 43.566 80.6226 64.0885 81.5669 
38.0696 11.0454 13.0384 60.8638 37.1214 41.3038 59.2368 0.0 27.0185 34.6243 18.6815 14.7648 77.0065 74.434 38.9487 81.6796 60.0333 63.4366 66.3702 99.5562 70.606 21.1387 42.0119 20.3961 74.4983 83.1505 51.4782 88.5099 74.4348 66.1891 39.598 8.06226 47.1275 24.5967 60.4217 17.1172 80.3941 86.9026 89.368 67.2681 42.4853 91.4255 23.0868 27.8568 64.0312 80.4431 19.2094 21.4709 20.2237 59.0339 
53.1785 16.1245 23.3238 84.7204 64.0312 53.2897 85.1645 27.0185 0.0 48.2034 9.84886 23.3238 82.2192 87.2853 63.2415 106.998 65.9242 75.6245 69.9214 126.123 97.1723 44.9462 52.5021 7.61577 100.215 86.8332 46.0435 106.835 101.001 93.086 29.0172 27.5136 73.5459 50.448 85.7404 30.8058 94.2867 86.4696 104.671 93.771 39.8121 107.882 50.01 9.05539 69.6419 76.0263 43.141 12.0416 36.6197 61.131 
6.40312 37.1216 26.4228 39.263 45.3431 10.198 51.9516 34.6243 48.2034 0.0 45.8021 48.8086 46.6905 42.3792 22.5821 62.6532 30.3645 31.5753 37.6962 77.9554 49.0052 12.1655 12.53 46.0653 66.7876 53.3667 35.8638 60.7201 52.8341 69.1158 43.7017 26.9747 41.7795 25.0 42.6025 18.789 48.7545 59.5063 58.7065 73.6003 30.3058 61.9165 36.6742 54.4376 34.2053 56.8507 16.7631 50.6096 14.4016 32.45 
50.7771 9.21954 19.4165 77.8985 55.0364 51.4296 77.8332 18.6815 9.84886 45.8021 0.0 13.6015 83.7437 85.4225 56.4197 100.176 67.0257 73.8241 71.8471 116.591 87.6408 38.1244 50.7119 2.23607 93.2175 88.955 50.4876 104.433 91.4696 84.0 34.4819 21.4009 65.8027 43.0813 78.9186 27.2029 92.2822 90.0 102.42 84.3801 43.0116 105.63 41.1096 9.43398 70.8556 80.7527 36.3192 5.09902 32.6497 63.3877 
52.8224 14.5602 24.0 75.4863 45.1221 55.3173 71.1969 14.7648 23.3238 48.8086 13.6015 0.0 90.1998 88.727 53.0754 94.7841 73.171 77.6209 79.0 114.179 85.2285 35.8915 55.5788 15.8114 86.9684 96.0208 60.7289 103.247 89.0573 73.437 46.0652 21.8403 58.5918 37.6431 73.5262 30.4138 95.1469 98.6154 104.121 73.0 52.3927 106.159 31.9531 19.2354 77.1622 90.7083 33.8378 12.3693 34.4819 71.1126 
42.72 76.6765 66.2722 56.1663 88.9141 36.4966 82.5206 77.0065 82.2192 46.6905 83.7437 90.1998 0.0 22.8035 59.6318 70.6824 17.0294 20.5183 12.53 68.1175 52.7731 58.8558 35.0571 83.1986 76.3217 7.2111 40.0 48.0416 55.9464 106.224 55.9464 69.0 79.476 69.8928 58.1378 60.0083 29.0689 18.7883 40.1123 112.765 42.9535 45.0999 82.5651 90.5207 13.0384 28.0713 63.3482 88.8426 57.1402 21.4709 
36.4005 76.9675 66.2118 39.0784 75.7165 34.0 60.4635 74.434 87.2853 42.3792 85.4225 88.727 22.8035 0.0 45.7056 48.3735 25.4951 12.0416 28.4429 46.0435 30.8058 53.3667 35.2278 85.4751 54.8179 28.6356 52.8394 26.3059 33.6155 88.8832 65.192 66.8931 61.8466 60.0083 38.833 58.6941 8.06226 41.4367 20.1246 95.4242 51.8556 24.6982 73.0274 93.7019 24.0416 50.1597 56.7186 90.3383 54.32 34.5398 
21.8105 47.4642 42.3693 24.3411 30.0832 29.5651 31.8892 38.9487 63.2415 22.5821 56.4197 53.0754 59.6318 45.7056 0.0 53.5084 48.9163 39.4115 56.6666 74.1196 46.2402 21.1896 33.2031 57.7308 46.7252 66.8317 57.9727 52.528 48.8063 49.5928 68.7619 36.0 22.1455 16.5529 32.2505 41.4018 49.0102 78.597 54.9181 54.5549 52.4147 56.1285 28.6356 65.8469 52.3629 77.6484 20.2485 60.0 42.1655 52.9056 
61.8816 91.221 86.1261 34.3896 56.356 62.3063 26.2488 81.6796 106.998 62.6532 100.176 94.7841 70.6824 48.3735 53.5084 0.0 66.2873 52.2015 72.5328 26.3059 18.0278 67.9862 65.0 101.488 10.0499 76.9415 88.843 32.249 14.7648 52.0865 97.5468 79.7568 37.5899 57.171 24.4353 85.1586 44.8219 89.4707 40.8044 60.075 84.8384 38.0789 63.4504 109.604 67.1863 96.1665 65.1882 103.145 85.9223 74.8131 
27.2947 59.6891 49.2544 46.8076 74.0945 20.2485 73.4934 60.0333 65.9242 30.3645 67.0257 73.171 17.0294 25.4951 48.9163 66.2873 0.0 15.1327 7.81025 70.214 48.5077 42.45 18.2483 66.5131 69.9511 23.1948 27.4591 51.2445 52.345 96.865 41.2311 52.0096 69.616 54.5619 49.7187 43.0 33.541 29.6816 45.618 100.863 27.8029 50.1597 66.8506 74.0 4.0 30.8869 47.1275 72.1244 40.3113 9.21954 
26.0768 65.5515 54.7814 35.6485 69.3697 22.4722 62.0595 63.4366 75.6245 31.5753 73.8241 77.6209 20.5183 12.0416 39.4115 52.2015 15.1327 0.0 20.3961 55.109 34.2053 43.1856 23.3238 73.8144 56.7979 27.6586 41.6293 36.4005 37.855 85.706 53.2635 55.787 58.4569 51.8299 37.8021 47.4342 19.8494 38.6005 31.6228 92.2469 40.0 35.8469 64.7795 82.0411 15.1327 43.9659 47.0106 78.7909 43.2139 24.3311 
34.9857 65.123 55.0 53.92 81.8352 27.7308 80.6058 66.3702 69.9214 37.6962 71.8471 79.0 12.53 28.4429 56.6666 72.5328 7.81025 20.3961 0.0 74.3303 54.5711 49.657 25.2982 71.1969 76.6942 17.1172 27.6586 54.7449 58.2495 103.977 43.4166 58.3095 76.7284 62.1772 56.8243 49.2544 36.1386 21.9545 48.0833 108.613 30.4631 52.8867 74.3236 78.339 5.38516 23.7697 54.4243 76.9415 47.0744 8.94427 
77.1838 107.636 104.342 51.7397 81.7068 70.3398 52.3927 99.5562 126.123 77.9554 116.591 114.179 68.1175 46.0435 74.1196 26.3059 70.214 55.109 74.3303 0.0 29.0 79.2816 73.0335 117.902 36.1248 72.6911 96.1665 20.0998 25.4951 78.0064 105.567 96.1713 62.9682 77.7822 41.9335 96.7081 39.0512 85.8429 28.8617 86.0058 92.8493 24.0416 87.5031 126.018 69.5845 96.0208 80.3553 120.171 92.3207 79.4292 
48.2336 78.6853 73.5904 23.0217 56.7186 45.0472 32.28 70.606 97.1723 49.0052 87.6408 85.2285 52.7731 30.8058 46.2402 18.0278 48.5077 34.2053 54.5711 29.0 0.0 50.3314 47.7409 88.9519 24.0832 59.1692 71.5839 22.0227 4.12311 61.3514 80.2877 67.2211 39.0128 49.9027 14.3178 67.7579 28.4253 71.5542 27.8927 68.9638 67.5793 27.074 59.6279 97.068 49.2443 78.1601 51.4051 91.2211 63.3705 57.2189 
17.1172 29.1689 24.074 40.5892 35.609 22.3607 46.367 21.1387 44.9462 12.1655 38.1244 35.8915 58.8558 53.3667 21.1896 67.9862 42.45 43.1856 49.657 79.2816 50.3314 0.0 24.3718 39.4355 61.2029 65.5134 47.2654 67.9547 54.1602 61.8466 50.4666 17.7047 36.3456 15.2643 43.9287 23.1065 59.2851 71.3769 68.8082 65.3682 41.7074 70.8657 25.2389 47.5516 46.3249 68.4194 5.0 41.7047 23.8702 44.1301 
11.6619 42.72 32.0156 49.884 57.6281 4.12311 62.5726 42.0119 52.5021 12.53 50.7119 55.5788 35.0571 35.2278 33.2031 65.0 18.2483 23.3238 25.2982 73.0335 47.7409 24.3718 0.0 50.6919 68.2313 41.4367 26.1725 56.6127 51.7855 80.2761 33.4131 34.0588 52.8288 37.4433 47.9011 25.1794 42.638 47.0106 53.7401 85.1469 20.7047 57.3847 49.1935 58.9186 22.2036 44.5982 29.1548 55.7136 22.0907 20.0 
51.0403 10.2956 19.8494 79.2097 57.0088 51.4782 79.3788 20.3961 7.61577 46.0653 2.23607 15.8114 83.1986 85.4751 57.7308 101.488 66.5131 73.8144 71.1969 117.902 88.9519 39.4355 50.6919 0.0 94.6435 88.2836 49.2544 104.696 92.7807 86.0058 32.9848 22.4722 67.4463 44.5982 80.2297 27.6586 92.4392 89.0225 102.683 86.4696 42.0119 105.893 43.0465 8.48528 70.343 79.511 37.6303 6.08276 33.2415 62.6498 
66.0159 84.4197 79.3428 36.8943 48.2597 65.5376 17.4929 74.4983 100.215 66.7876 93.2175 86.9684 76.3217 54.8179 46.7252 10.0499 69.9511 56.7979 76.6942 36.1248 24.0832 61.2029 68.2313 94.6435 0.0 82.9277 92.0742 41.6293 22.0227 42.0476 110.453 72.9735 29.8329 49.9194 26.9401 78.3753 52.345 95.0158 49.7393 50.04 88.0697 47.4236 56.5862 102.586 71.3092 100.464 58.4049 95.9521 79.139 78.1224 
49.6488 82.2192 72.0278 63.2891 95.9748 43.1741 89.6991 83.1505 86.8332 53.3667 88.955 96.0208 7.2111 28.6356 66.8317 76.9415 23.1948 27.6586 17.1172 72.6911 59.1692 65.5134 41.4367 88.2836 82.9277 0.0 42.9418 52.6118 62.1772 113.347 59.6154 75.1066 86.0975 76.896 65.1153 66.0681 33.9559 13.1529 44.1022 119.887 47.1275 49.0918 89.493 95.3415 19.2354 25.2982 70.0928 94.0479 63.5059 25.7099 
37.1875 46.1736 38.4708 74.0998 81.0875 30.2655 87.3422 51.4782 46.0435 35.8638 50.4876 60.7289 40.0 52.8394 57.9727 88.843 27.4591 41.6293 27.6586 96.1665 71.5839 47.2654 26.1725 49.2544 92.0742 42.9418 0.0 78.0 75.6285 104.927 17.2627 44.1127 77.5984 60.6824 71.744 37.9889 60.9016 40.6079 72.9452 109.464 9.21954 77.3692 68.8986 55.0091 29.8329 30.2655 52.0487 55.3263 43.0865 19.105 
54.4778 95.7528 85.054 43.3244 78.6384 54.0429 53.6004 88.5099 106.835 60.7201 104.433 103.247 48.0416 26.3059 52.528 32.249 51.2445 36.4005 54.7449 20.0998 22.0227 67.9547 56.6127 104.696 41.6293 52.6118 78.0 0.0 21.2132 82.2253 88.5536 85.0759 61.0328 68.8221 36.2215 77.4202 19.0 65.7647 9.43398 90.0278 75.6637 5.83095 80.8724 113.069 50.2195 76.0 69.4622 109.076 73.0328 60.4401 
52.0624 82.5141 77.4192 26.2488 58.6749 49.0918 32.3883 74.4348 101.001 52.8341 91.4696 89.0573 55.9464 33.6155 48.8063 14.7648 52.345 37.855 58.2495 25.4951 4.12311 54.1602 51.7855 92.7807 22.0227 62.1772 75.6285 21.2132 0.0 61.131 84.3323 71.0499 40.3113 52.4688 16.6202 71.5867 30.4138 74.7329 28.2312 68.884 71.6239 26.6833 62.1898 100.897 52.9528 81.7435 55.2339 95.0499 67.1993 61.131 
68.8835 77.2334 74.7392 51.0882 29.0689 76.6382 29.1548 66.1891 93.086 69.1158 84.0 73.437 106.224 88.8832 49.5928 52.0865 96.865 85.706 103.977 78.0064 61.3514 61.8466 80.2761 86.0058 42.0476 113.347 104.927 82.2253 61.131 0.0 101.132 68.2495 28.3196 46.8188 60.5555 73.7716 88.7129 124.161 89.1852 8.0 99.3688 87.8009 43.1045 92.1358 98.6482 124.721 57.5847 85.1469 74.5354 99.9787 
44.338 31.9061 27.0185 82.9284 72.5997 37.4515 90.6849 39.598 29.0172 43.7017 34.4819 46.0652 55.9464 65.192 68.7619 97.5468 41.2311 53.2635 43.4166 105.567 80.2877 50.4666 33.4131 32.9848 110.453 59.6154 17.2627 88.5536 84.3323 101.132 0.0 33.6006 79.2094 56.0246 80.4479 28.4434 73.1095 57.8705 84.8116 103.275 13.4536 88.8144 59.1788 38.0526 44.4072 47.0106 48.6614 39.0512 33.541 34.4819 
31.9497 12.2066 6.7082 57.4788 39.5601 33.541 57.923 8.06226 27.5136 26.9747 21.4009 21.8403 69.0 66.8931 36.0 79.7568 52.0096 55.787 58.3095 96.1713 67.2211 17.7047 34.0588 22.4722 72.9735 75.1066 44.1127 85.0759 71.0499 68.2495 33.6006 0.0 46.3897 23.1948 58.4989 9.05539 73.5034 78.8606 85.934 70.214 35.032 87.9915 26.0 30.8058 56.0089 72.9519 15.8995 25.4558 12.6491 50.9902 
41.4363 57.4891 52.8168 23.3238 18.7883 49.1909 12.8062 47.1275 73.5459 41.7795 65.8027 58.5918 79.476 61.8466 22.1455 37.5899 69.616 58.4569 76.7284 62.9682 39.0128 36.3456 52.8288 67.4463 29.8329 86.0975 77.5984 61.0328 40.3113 28.3196 79.2094 46.3897 0.0 23.1948 25.0799 51.8493 63.3246 96.9118 66.2722 34.2053 72.0405 66.0076 27.2029 74.9466 71.3992 97.2742 33.0151 68.352 52.613 72.5314 
27.313 34.4819 29.632 40.6353 20.5183 34.4819 34.7851 24.5967 50.448 25.0 43.0813 37.6431 69.8928 60.0083 16.5529 57.171 54.5619 51.8299 62.1772 77.7822 49.9027 15.2643 37.4433 44.5982 49.9194 76.896 60.6824 68.8221 52.4688 46.8188 56.0246 23.1948 23.1948 0.0 35.9131 28.6644 64.2806 84.119 71.0634 50.1199 55.1244 72.4224 13.0384 52.3927 58.1808 81.8352 10.7703 46.0652 29.4282 57.4282 
41.8309 69.9631 64.8682 11.1803 42.4264 45.2074 31.4044 60.4217 85.7404 42.6025 78.9186 73.5262 58.1378 38.833 32.2505 24.4353 49.7187 37.8021 56.8243 41.9335 14.3178 43.9287 47.9011 80.2297 26.9401 65.1153 71.744 36.2215 16.6202 60.5555 80.4479 58.4989 25.0799 35.9131 0.0 63.9007 39.0 76.4003 41.1947 68.0092 67.7395 41.0122 45.618 88.3458 51.4782 80.4984 43.9303 81.8873 64.6644 57.7922 
23.764 18.3576 7.81025 62.8806 45.2396 25.0 63.3248 17.1172 30.8058 18.789 27.2029 30.4138 60.0083 58.6941 41.4018 85.1586 43.0 47.4342 49.2544 96.7081 67.7579 23.1065 25.1794 27.6586 78.3753 66.0681 37.9889 77.4202 71.5867 73.7716 28.4434 9.05539 51.8493 28.6644 63.9007 0.0 65.3177 69.857 75.4067 75.9153 28.9082 78.6166 31.993 36.1248 47.0 66.8281 21.3012 31.9061 5.83095 41.9762 
42.5441 83.6503 72.9452 41.3038 78.5185 41.0488 59.5618 80.3941 94.2867 48.7545 92.2822 95.1469 29.0689 8.06226 49.0102 44.8219 33.541 19.8494 36.1386 39.0512 28.4253 59.2851 42.638 92.4392 52.345 33.9559 60.9016 19.0 30.4138 88.7129 73.1095 73.5034 63.3246 64.2806 39.0 65.3177 0.0 47.0744 12.083 96.1666 59.8164 16.7631 77.1622 100.703 31.9531 57.0 62.3699 97.1288 60.9303 42.5441 
56.9386 84.2912 74.8131 74.1034 103.774 49.6488 99.8552 86.9026 86.4696 59.5063 90.0 98.6154 18.7883 41.4367 78.597 89.4707 29.6816 38.6005 21.9545 85.8429 71.5542 71.3769 47.0106 89.0225 95.0158 13.1529 40.6079 65.7647 74.7329 124.161 57.8705 78.8606 96.9118 84.119 76.4003 69.857 47.0744 0.0 57.2189 130.702 47.0106 62.2013 96.1769 95.3362 26.4008 14.8661 76.1577 95.0053 68.3081 27.8927 
52.4642 93.7392 83.0405 46.3897 83.0241 51.7397 60.1664 89.368 104.671 58.7065 102.42 104.121 40.1123 20.1246 54.9181 40.8044 45.618 31.6228 48.0833 28.8617 27.8927 68.8082 53.7401 102.683 49.7393 44.1022 72.9452 9.43398 28.2312 89.1852 84.8116 85.934 66.2722 71.0634 41.1947 75.4067 12.083 57.2189 0.0 96.8401 71.6101 5.0 83.5464 111.026 44.0114 68.1836 70.3981 107.227 71.0192 54.626 
73.757 78.2624 76.844 57.4282 30.6757 81.5116 36.6879 67.2681 93.771 73.6003 84.3801 73.0 112.765 95.4242 54.5549 60.075 100.863 92.2469 108.613 86.0058 68.9638 65.3682 85.1469 86.4696 50.04 119.887 109.464 90.0278 68.884 8.0 103.275 70.214 34.2053 50.1199 68.0092 75.9153 96.1666 130.702 96.8401 0.0 103.906 95.5667 44.3847 92.0489 105.189 129.595 60.8276 85.0529 76.6791 104.852 
31.6296 37.855 29.5466 69.0956 73.0645 24.7431 81.7842 42.4853 39.8121 30.3058 43.0116 52.3927 42.9535 51.8556 52.4147 84.8384 27.8029 40.0 30.4631 92.8493 67.5793 41.7074 20.7047 42.0119 88.0697 47.1275 9.21954 75.6637 71.6239 99.3688 13.4536 35.032 72.0405 55.1244 67.7395 28.9082 59.8164 47.0106 71.6101 103.906 0.0 75.7166 59.8179 48.5077 31.0644 38.3275 49.1261 48.0 34.0058 21.5407 
55.6742 96.9492 86.2504 47.2969 83.2947 55.1543 59.0339 91.4255 107.882 61.9165 105.63 106.159 45.0999 24.6982 56.1285 38.0789 50.1597 35.8469 52.8867 24.0416 27.074 70.8657 57.3847 105.893 47.4236 49.0918 77.3692 5.83095 26.6833 87.8009 88.8144 87.9915 66.0076 72.4224 41.0122 78.6166 16.7631 62.2013 5.0 95.5667 75.7166 0.0 84.7607 114.265 48.7032 73.171 72.45 110.437 74.2292 59.2368 
39.8497 34.1321 32.6956 37.9629 14.0357 46.6154 40.0 23.0868 50.01 36.6742 41.1096 31.9531 82.5651 73.0274 28.6356 63.4504 66.8506 64.7795 74.3236 87.5031 59.6279 25.2389 49.1935 43.0465 56.5862 89.493 68.8986 80.8724 62.1898 43.1045 59.1788 26.0 27.2029 13.0384 45.618 31.993 77.1622 96.1769 83.5464 44.3847 59.8179 84.7607 0.0 49.6488 70.5762 93.2886 20.2485 42.7551 32.7568 68.9994 
59.4126 18.6011 28.3196 87.3257 63.3877 59.7063 87.0919 27.8568 9.05539 54.4376 9.43398 19.2354 90.5207 93.7019 65.8469 109.604 74.0 82.0411 78.339 126.018 97.068 47.5516 58.9186 8.48528 102.586 95.3415 55.0091 113.069 100.897 92.1358 38.0526 30.8058 74.9466 52.3927 88.3458 36.1248 100.703 95.3362 111.026 92.0489 48.5077 114.265 49.6488 0.0 77.7946 85.0529 45.7464 7.0 41.7253 69.6348 
30.8707 63.6523 53.2353 48.5907 77.5418 24.0416 75.2765 64.0312 69.6419 34.2053 70.8556 77.1622 13.0384 24.0416 52.3629 67.1863 4.0 15.1327 5.38516 69.5845 49.2443 46.3249 22.2036 70.343 71.3092 19.2354 29.8329 50.2195 52.9528 98.6482 44.4072 56.0089 71.3992 58.1808 51.4782 47.0 31.9531 26.4008 44.0114 105.189 31.0644 48.7032 70.5762 77.7946 0.0 29.1548 50.9608 75.9542 44.2832 10.8167 
55.8659 76.1577 67.6757 77.5928 102.176 48.0833 104.279 80.4431 76.0263 56.8507 80.7527 90.7083 28.0713 50.1597 77.6484 96.1665 30.8869 43.9659 23.7697 96.0208 78.1601 68.4194 44.5982 79.511 100.464 25.2982 30.2655 76.0 81.7435 124.721 47.0106 72.9519 97.2742 81.8352 80.4984 66.8281 57.0 14.8661 68.1836 129.595 38.3275 73.171 93.2886 85.0529 29.1548 0.0 73.2027 85.5862 63.712 24.7588 
21.0238 27.3637 22.2688 41.6629 30.8058 26.9258 43.566 19.2094 43.141 16.7631 36.3192 33.8378 63.3482 56.7186 20.2485 65.1882 47.1275 47.0106 54.4243 80.3553 51.4051 5.0 29.1548 37.6303 58.4049 70.0928 52.0487 69.4622 55.2339 57.5847 48.6614 15.8995 33.0151 10.7703 43.9303 21.3012 62.3699 76.1577 70.3981 60.8276 49.1261 72.45 20.2485 45.7464 50.9608 73.2027 0.0 39.8995 22.065 48.9135 
55.5846 13.6015 24.1868 81.4788 56.4358 56.3649 80.6226 21.4709 12.0416 50.6096 5.09902 12.3693 88.8426 90.3383 60.0 103.145 72.1244 78.7909 76.9415 120.171 91.2211 41.7047 55.7136 6.08276 95.9521 94.0479 55.3263 109.076 95.0499 85.1469 39.0512 25.4558 68.352 46.0652 81.8873 31.9061 97.1288 95.0053 107.227 85.0529 48.0 110.437 42.7551 7.0 75.9542 85.5862 39.8995 0.0 37.2022 68.469 
19.3766 23.6008 13.4536 63.6444 46.0034 21.095 64.0885 20.2237 36.6197 14.4016 32.6497 34.4819 57.1402 54.32 42.1655 85.9223 40.3113 43.2139 47.0744 92.3207 63.3705 23.8702 22.0907 33.2415 79.139 63.5059 43.0865 73.0328 67.1993 74.5354 33.541 12.6491 52.613 29.4282 64.6644 5.83095 60.9303 68.3081 71.0192 76.6791 34.0058 74.2292 32.7568 41.7253 44.2832 63.712 22.065 37.2022 0.0 40.4969 
31.1127 57.0 47.1834 54.8811 77.6209 23.3452 81.5669 59.0339 61.131 32.45 63.3877 71.1126 21.4709 34.5398 52.9056 74.8131 9.21954 24.3311 8.94427 79.4292 57.2189 44.1301 20.0 62.6498 78.1224 25.7099 19.105 60.4401 61.131 99.9787 34.4819 50.9902 72.5314 57.4282 57.7922 41.9762 42.5441 27.8927 54.626 104.852 21.5407 59.2368 68.9994 69.6348 10.8167 24.7588 48.9135 68.469 40.4969 0.0 
DEMAND_SCENARIO_SECTION
0 0 0 0 0 0 0 0 0 0 0 0 0 0 0 0 0 0 0 0 0 0 0 0 0 0 0 0 0 0 0 0 0 0 0 0 0 0 0 0 0 0 0 0 0 0 0 0 0 0 
6 5 3 1 6 4 6 6 4 5 7 2 3 6 1 7 4 3 7 4 4 3 4 4 5 4 5 4 6 7 1 5 4 10 5 6 4 5 5 8 4 4 1 3 4 2 4 5 6 5 
3 1 2 5 4 2 1 3 2 3 4 1 3 2 1 3 2 1 1 1 0 0 1 1 3 2 0 5 3 0 1 0 2 4 3 2 5 2 4 2 0 3 3 2 1 2 0 1 3 3 
17 7 7 11 10 8 14 7 14 13 10 14 11 11 9 13 4 11 7 17 7 8 11 6 7 10 8 7 9 6 1 12 10 13 11 10 14 7 4 9 14 9 14 9 12 12 17 6 9 13 
8 9 11 8 9 11 7 5 4 8 7 6 9 12 12 9 5 7 8 8 6 9 5 7 10 12 12 7 5 9 10 5 4 7 9 7 8 3 9 7 10 9 8 10 15 6 11 4 6 10 
6 5 2 2 6 2 4 4 4 5 1 2 4 6 5 4 4 2 0 1 3 2 3 6 2 3 3 7 3 2 2 4 4 4 0 5 1 6 2 0 3 3 1 4 5 3 2 1 3 7 
10 10 8 7 9 10 13 12 11 10 12 10 2 7 14 9 11 9 11 4 9 11 8 5 15 11 5 7 7 7 7 14 7 11 10 10 7 6 4 5 4 11 8 7 4 8 12 8 9 12 
5 3 2 3 0 4 3 1 2 2 4 3 2 0 2 1 1 0 3 2 3 3 5 2 1 1 1 6 2 0 3 2 4 1 5 1 2 0 1 3 0 0 1 0 2 4 4 3 0 1 
9 10 8 11 8 5 10 7 8 9 19 11 8 14 9 9 12 8 8 11 13 9 8 6 14 14 10 11 6 10 7 9 12 10 8 9 14 8 12 11 12 11 13 12 9 10 8 7 7 5 
3 5 4 4 6 1 2 5 3 2 4 2 1 0 2 2 5 3 3 3 3 2 6 3 4 2 3 3 5 0 2 5 3 5 3 2 4 7 3 6 3 3 5 3 3 3 2 1 0 4 
4 4 4 6 5 3 8 2 1 4 3 4 6 7 3 7 7 6 6 6 6 6 1 1 7 0 6 7 5 8 6 6 4 5 6 4 4 8 7 1 3 1 6 6 8 8 5 7 4 6 
1 0 0 1 3 4 4 4 3 5 3 4 3 2 3 3 1 4 1 0 4 1 5 3 1 2 4 1 5 1 4 3 6 5 2 1 3 2 4 4 5 4 5 2 5 3 3 2 2 4 
9 11 4 4 10 8 9 11 6 13 9 10 10 7 8 8 15 6 7 12 7 9 8 10 9 10 6 10 6 6 7 7 10 5 10 10 8 7 6 8 11 10 5 11 17 5 8 8 8 3 
7 10 10 6 8 13 11 12 12 12 9 7 5 6 9 14 11 14 6 8 8 10 17 7 2 10 10 9 12 10 8 10 11 3 13 7 10 10 5 10 5 11 9 11 13 15 3 4 6 7 
0 2 0 0 1 2 0 1 3 1 1 2 0 0 0 2 1 2 0 1 0 3 0 0 0 3 0 0 1 0 0 3 1 1 0 2 2 2 1 0 0 1 1 2 1 2 1 0 2 0 
5 1 2 3 5 3 1 6 3 3 3 3 3 2 3 0 4 1 2 4 6 3 2 7 1 5 4 1 5 1 2 5 6 5 3 4 2 2 4 3 2 0 2 3 2 3 4 2 5 4 
5 6 8 9 7 7 7 8 6 3 6 6 8 6 3 12 5 8 5 6 4 5 5 6 4 6 6 7 5 6 9 7 8 11 10 9 5 9 3 4 7 6 6 8 4 6 9 6 8 9 
5 6 6 6 5 4 2 4 5 5 3 2 6 4 4 3 3 3 3 5 4 4 0 6 1 7 1 7 5 7 5 4 5 2 2 4 3 5 4 1 2 6 2 3 5 3 5 6 3 4 
4 3 2 6 0 6 3 5 5 6 3 7 4 9 8 5 3 3 8 3 2 6 5 6 8 7 4 5 4 2 3 2 4 6 4 4 7 8 2 6 4 4 5 5 5 5 4 3 10 4 
5 6 1 2 5 3 3 6 3 9 4 4 7 9 6 4 7 3 8 8 9 4 5 3 3 7 8 7 9 7 3 7 8 8 11 6 9 6 3 3 4 4 7 7 4 4 7 4 7 7 
4 3 1 1 6 3 9 5 6 7 6 4 2 7 4 3 5 10 8 3 6 7 2 5 3 3 6 4 5 2 8 3 2 6 4 8 4 7 5 11 4 4 5 7 5 6 6 5 7 3 
1 0 3 1 2 2 2 2 1 0 0 0 0 1 1 0 1 3 1 1 3 1 2 2 0 0 1 0 1 2 2 1 3 0 2 0 0 2 2 1 0 1 0 0 1 1 2 2 1 1 
1 3 0 1 3 2 2 2 4 1 3 0 3 4 2 3 1 1 1 1 3 0 1 2 4 5 1 0 3 1 3 3 4 0 1 2 4 0 3 0 2 0 1 1 3 1 2 0 2 0 
6 4 3 4 1 0 5 5 2 5 3 3 4 0 2 4 2 5 1 3 4 5 4 3 0 1 1 1 0 4 3 5 7 2 1 1 3 5 6 4 3 2 3 4 5 1 3 1 5 0 
5 0 1 5 3 5 3 3 0 2 3 0 5 1 4 2 3 4 2 5 2 3 4 2 3 1 3 7 5 3 7 0 1 2 1 3 0 7 2 4 2 2 3 2 3 4 2 2 3 5 
14 9 7 11 7 12 9 9 8 6 15 10 8 14 9 9 9 12 10 10 9 6 9 8 9 13 6 9 10 5 10 7 8 12 12 9 9 7 5 10 6 9 15 13 8 9 15 5 6 8 
2 2 0 1 1 1 2 1 2 0 0 1 0 0 2 0 2 2 3 2 1 0 1 3 2 2 0 2 1 0 2 1 2 1 1 0 2 4 1 2 0 1 2 3 0 3 1 1 1 2 
3 12 15 10 11 11 8 5 7 7 6 6 7 13 6 7 5 6 8 7 11 5 4 6 14 5 7 15 5 8 6 7 9 10 8 8 11 11 11 11 12 1 4 6 5 10 6 8 3 9 
9 10 5 8 5 4 8 5 10 7 6 10 7 10 8 6 8 11 8 4 7 8 11 7 3 6 6 2 12 2 6 6 7 7 8 6 10 10 5 7 4 8 9 10 10 6 6 7 7 5 
9 5 5 8 12 10 12 11 10 9 10 12 9 2 10 10 7 6 12 15 9 8 3 6 3 7 6 7 5 10 11 7 9 2 8 4 9 8 4 11 4 11 8 9 6 7 10 10 7 6 
0 2 1 0 0 2 3 4 3 2 2 0 4 1 3 2 2 3 4 0 2 3 3 1 1 4 4 1 2 1 1 0 1 3 1 2 3 3 1 0 0 3 1 3 4 1 5 3 1 2 
1 2 1 1 1 1 1 2 3 1 1 0 2 0 0 1 0 1 2 0 0 0 3 1 0 0 2 0 3 0 1 0 1 0 1 0 1 2 1 1 1 1 2 1 1 0 2 1 1 1 
1 2 2 1 2 1 0 1 3 1 1 0 1 1 2 0 2 1 0 1 1 1 1 2 2 1 2 1 0 0 1 0 0 1 0 1 1 1 2 2 1 1 1 0 1 1 1 1 1 3 
1 0 0 0 0 0 0 1 1 1 2 2 1 1 1 0 1 0 0 3 0 2 0 0 2 1 0 1 0 0 2 0 3 3 2 0 0 2 2 1 2 2 1 0 1 0 1 2 0 1 
2 5 6 3 7 3 3 7 4 0 0 6 1 5 5 0 3 1 1 2 4 3 9 4 6 5 1 4 3 2 6 3 4 4 2 1 5 2 6 3 8 2 5 5 7 4 6 1 5 7 
4 3 7 7 10 2 2 7 7 5 5 11 8 5 5 7 7 9 5 3 6 9 5 4 6 5 5 9 0 6 4 7 8 10 5 4 6 6 6 3 4 7 6 11 6 7 6 4 10 7 
0 0 3 1 1 2 2 2 4 2 0 2 2 1 0 1 2 3 1 1 1 2 2 1 3 1 3 1 4 4 2 3 3 0 3 3 2 1 4 4 1 3 1 3 1 2 2 1 2 0 
8 6 10 7 6 10 9 5 13 15 9 6 12 8 6 6 9 8 4 10 0 6 9 5 7 11 9 13 11 13 8 2 10 3 10 12 7 6 12 11 6 10 2 9 8 8 9 10 7 7 
6 4 5 6 6 4 7 4 4 3 6 7 8 2 3 3 4 4 4 3 2 2 6 5 2 6 4 6 2 1 3 5 6 5 4 6 7 6 3 7 8 3 4 5 6 2 5 8 5 3 
5 2 10 9 9 9 6 15 7 8 14 6 6 11 9 5 5 6 6 6 9 11 6 5 10 8 11 7 7 6 1 5 11 5 7 12 9 9 7 6 11 6 11 12 9 4 10 7 2 8 
13 11 11 7 2 13 13 16 11 7 12 10 6 10 12 6 12 12 8 5 8 6 10 17 7 10 11 16 11 8 12 12 9 11 5 9 11 13 7 13 15 5 7 10 8 12 11 6 7 6 
7 11 15 15 8 9 17 13 5 13 4 12 6 14 11 11 3 12 8 9 10 7 6 8 7 1 11 9 9 6 10 5 12 8 11 11 9 5 11 6 8 8 9 9 14 4 9 11 6 13 
0 5 7 2 3 7 2 4 3 7 5 3 0 5 6 4 3 4 9 6 7 7 3 4 4 1 7 5 7 3 5 4 8 6 7 6 2 8 1 2 0 5 6 7 2 4 6 5 3 2 
9 3 5 4 8 9 11 8 5 8 7 1 10 6 12 7 2 7 11 11 11 9 5 5 5 6 6 4 7 7 5 7 8 7 9 7 5 7 7 10 4 2 7 7 9 11 8 5 1 12 
3 3 3 5 3 7 3 0 5 3 6 3 1 4 3 4 5 2 2 1 5 2 3 2 2 3 4 5 5 3 1 2 2 4 3 2 4 4 1 4 4 4 5 4 6 2 3 3 2 2 
9 7 11 12 10 10 3 6 12 6 15 13 8 8 4 6 12 8 10 8 5 7 15 12 10 11 5 9 10 14 15 8 6 11 8 15 8 10 9 7 5 8 9 8 15 6 11 7 17 6 
8 4 1 4 9 3 2 5 3 1 1 6 6 8 4 5 3 7 4 3 5 7 1 6 3 5 6 5 4 5 2 8 4 5 3 7 9 4 2 7 3 7 4 2 8 8 5 3 4 4 
6 10 6 11 8 7 6 7 10 10 6 5 0 2 9 8 6 9 8 9 11 6 8 12 6 8 4 8 7 10 8 8 11 9 7 0 8 8 8 2 7 8 9 8 11 6 10 8 5 8 
5 0 2 0 2 2 5 3 3 1 0 4 4 6 2 6 5 1 2 4 4 3 3 2 4 0 2 4 3 3 2 3 2 4 0 3 5 4 3 0 1 3 3 0 4 5 2 4 4 3 
10 12 7 12 12 9 14 13 6 11 5 14 13 9 9 11 15 10 7 17 12 8 13 12 5 7 13 16 8 7 15 7 10 7 14 11 15 7 6 14 11 17 8 9 11 17 13 13 4 9 
DEPOT_SECTION
 1
 -1
EOF
