NAME  : Parada_50_2_0.95_1.00_8
TYPE : SVRP
MODEL : FINITE_SUPPORT
NUMBER_OF_SCENARIOS : 50
DIMENSION : 50
EDGE_WEIGHT_TYPE : MATRIX
CAPACITY : 128
N_VEHICLES : 2
NODE_COORD_SECTION
1 384160 105340
2 334500 222280
3 401480 96022
4 248740 290930
5 461040 207020
6 390570 410840
7 334590 113680
8 870060 42331
9 357750 77739
10 816570 91447
11 327750 13528
12 100830 39488
13 454350 79118
14 563720 184010
15 458950 164710
16 474770 376390
17 159320 18
18 465900 469920
19 400450 359680
20 364710 161820
21 392730 440460
22 311200 81708
23 388260 132490
24 697560 312440
25 375770 479290
26 754480 105320
27 408350 115980
28 451140 393370
29 573630 471010
30 847760 114920
31 2628 153990
32 236770 199690
33 27 86559
34 52022 69059
35 335920 236440
36 508470 379470
37 577720 500270
38 791600 203760
39 623770 124140
40 635180 314220
41 82815 84339
42 367370 129010
43 525680 494590
44 602860 512500
45 788170 171250
46 138860 227760
47 638350 121780
48 178120 12533
49 468700 270870
50 448660 328070
DEMAND_SECTION
1 0.0
2 9.0
3 5.0
4 4.0
5 9.0
6 2.0
7 7.0
8 1.0
9 8.0
10 6.0
11 10.0
12 2.0
13 6.0
14 2.0
15 9.0
16 7.0
17 7.0
18 2.0
19 7.0
20 6.0
21 6.0
22 5.0
23 5.0
24 1.0
25 2.0
26 6.0
27 2.0
28 5.0
29 1.0
30 2.0
31 6.0
32 8.0
33 1.0
34 9.0
35 3.0
36 1.0
37 2.0
38 7.0
39 6.0
40 9.0
41 1.0
42 2.0
43 8.0
44 9.0
45 1.0
46 8.0
47 6.0
48 5.0
49 4.0
50 5.0
DISTANCE_MATRIX
0.0 16.1245 3.16228 27.5888 59.2058 46.3227 12.7279 72.1249 6.32456 68.6958 17.9111 51.3801 38.4761 29.2746 13.9284 42.6887 44.3346 53.9073 49.2523 15.2315 50.2962 68.5548 4.12311 61.9472 56.5016 54.4885 3.60555 42.3597 61.8466 65.4373 47.6093 19.6469 46.6847 49.6496 18.11 42.45 54.3783 56.8595 36.3593 50.04 55.1825 5.65685 54.037 56.8243 60.634 32.249 36.2353 46.1498 33.6006 46.5328 
16.1245 0.0 13.0384 15.1327 43.6005 31.0644 28.6007 72.3931 14.434 66.2439 34.0356 65.5246 54.6006 38.3275 22.8473 27.6238 60.4591 69.814 34.5398 29.7321 35.0571 52.4976 19.2094 48.7323 41.1947 54.9981 14.8661 27.2947 77.1038 64.0562 51.1442 28.6778 56.1245 58.2892 2.23607 58.0517 69.029 57.9146 39.3192 59.2284 64.2468 21.6333 69.3109 71.0282 57.629 31.7959 40.1123 62.2743 49.6488 31.0644 
3.16228 13.0384 0.0 24.4862 56.1032 43.1604 15.6205 70.7672 5.09902 67.1332 21.0292 54.4982 41.5942 30.0167 14.1421 39.5264 47.4527 56.8507 46.1496 17.4929 47.1339 65.437 6.40312 60.6349 53.3393 53.0377 3.0 39.1974 64.5368 63.8746 47.8853 18.1108 46.966 49.9309 15.0 45.2548 56.8595 56.0803 35.7771 51.0098 55.8885 8.60233 56.7274 59.1692 59.0713 31.7805 35.8469 49.2679 36.6197 43.4302 
27.5888 15.1327 24.4862 0.0 34.4093 35.4683 40.09 83.6795 25.8806 76.9542 45.4943 54.6079 63.7012 52.6118 36.6742 36.2353 56.2521 81.6563 22.6716 41.6893 39.2173 46.0977 30.7801 57.3847 44.3847 66.2846 26.7116 34.6699 88.8953 75.3197 37.7359 15.2734 40.7372 47.2236 13.3417 70.4736 81.0969 72.9531 54.4518 73.6817 53.222 33.0872 81.0886 83.3146 67.5397 18.3576 55.2268 59.8574 61.2579 21.9545 
59.2058 43.6005 56.1032 34.4093 0.0 33.3766 71.707 94.6414 57.4976 82.7647 77.1113 83.678 94.0667 80.5183 66.0379 43.0 85.3836 113.273 13.3417 73.2462 34.2053 14.0357 62.3971 59.9083 34.4384 80.0 58.258 39.0128 120.507 84.7172 60.0 45.6388 66.2722 75.505 41.4005 101.293 112.614 90.3549 76.922 100.79 81.3941 64.7042 112.699 114.621 73.9797 45.3542 78.4474 88.9889 92.8749 12.7279 
46.3227 31.0644 43.1604 35.4683 33.3766 0.0 58.1868 61.2944 44.7109 49.4773 64.1188 89.9409 84.6838 58.0368 49.7993 11.1803 90.5423 99.0734 34.9857 58.392 4.0 33.2415 48.7835 26.9258 10.198 47.2652 44.3114 7.2111 104.763 51.3517 72.8972 50.6064 76.0702 82.7055 30.0 86.988 95.0295 58.4637 50.5542 75.2994 88.6631 51.4998 97.6434 95.4776 40.6079 53.7122 52.342 92.3575 79.2595 27.7849 
12.7279 28.6007 15.6205 40.09 71.707 58.1868 0.0 73.2393 18.6011 72.0902 14.1421 44.5533 28.0 23.8537 14.5602 54.5528 37.2022 41.2311 61.7535 5.83095 62.1603 81.0555 9.43398 65.977 68.3657 56.4358 13.8924 54.2237 49.2037 68.0 53.1507 31.305 49.2178 45.086 30.6105 29.7321 42.0595 55.9017 35.609 42.45 48.3588 7.07107 41.4005 44.7772 64.5136 41.5099 34.7131 38.5876 21.095 59.034 
72.1249 72.3931 70.7672 83.6795 94.6414 61.2944 73.2393 0.0 75.176 14.3178 84.5014 117.6 97.509 51.8941 59.6657 52.1728 110.436 93.3809 94.1116 67.9559 61.0328 93.0484 70.0928 36.2215 63.1269 17.8045 68.593 55.9017 90.05 10.0 118.051 98.3842 117.239 120.204 72.0302 82.4621 80.1561 19.4165 37.7359 49.0102 121.403 72.3464 85.4751 78.0064 21.0238 101.502 38.9487 111.772 83.9345 87.3212 
6.32456 14.434 5.09902 25.8806 57.4976 44.7109 18.6011 75.176 0.0 71.5102 23.3025 52.3387 43.8674 35.0571 19.2354 41.0769 49.7259 59.4645 47.5441 21.5407 48.6844 66.8466 10.4403 62.1854 54.8899 57.4191 8.06226 40.7479 67.8012 68.2516 43.0465 13.3417 42.1384 45.1033 16.4018 48.2701 60.5392 60.9016 40.7185 56.0 51.0609 11.6619 60.0 63.0635 63.6155 26.6833 40.8534 51.5412 39.0661 44.8246 
68.6958 66.2439 67.1332 76.9542 82.7647 49.4773 72.0902 14.3178 71.5102 0.0 82.3195 115.77 98.3717 53.7587 57.6975 41.6293 108.724 98.0459 83.5703 67.4166 48.6621 80.0562 67.2312 23.0868 50.04 17.0294 65.1081 44.9444 96.5194 6.7082 114.443 91.9767 113.368 116.538 65.881 86.2844 86.3713 26.5707 38.6394 56.2939 122.496 69.8355 91.0879 84.8528 9.43398 95.0948 40.4475 110.463 85.9069 76.5506 
17.9111 34.0356 21.0292 45.4943 77.1113 64.1188 14.1421 84.5014 23.3025 82.3195 0.0 38.4868 29.5296 37.1618 24.8489 60.4848 31.4413 50.0 67.1578 19.6469 68.0923 86.4603 15.8489 75.6483 74.2978 67.2771 20.0469 60.1558 59.9416 78.6457 39.0512 35.7911 35.3773 39.0165 36.0154 40.2492 54.0833 67.9006 47.3322 56.5155 42.2893 12.8489 52.3259 57.28 74.335 27.8927 46.727 33.2566 29.6816 64.4383 
51.3801 65.5246 54.4982 54.6079 83.678 89.9409 44.5533 117.6 52.3387 115.77 38.4868 0.0 31.257 68.0147 58.1548 92.1676 9.21954 57.0 70.342 50.2096 93.6353 97.0824 49.3178 109.117 98.6413 100.561 53.5159 89.2776 70.0286 112.006 29.6985 47.3391 21.2132 9.21954 67.4924 54.3415 69.0507 100.449 80.0882 83.863 6.08276 46.3178 64.3817 73.3485 107.804 38.3275 79.2494 11.0454 44.2719 73.0012 
38.4761 54.6006 41.5942 63.7012 94.0667 84.6838 28.0 97.509 43.8674 98.3717 29.5296 31.257 0.0 45.618 42.19 80.7192 22.0907 26.3059 81.8982 31.4006 88.6573 107.025 36.3456 93.4778 94.8627 81.9329 40.6079 80.3902 39.0512 93.6376 54.7083 53.7669 47.2969 37.1214 56.5804 23.4094 37.855 78.7718 60.1664 56.5862 37.1214 33.3766 33.1361 42.2019 91.444 54.2485 58.6941 20.6155 14.8661 82.4516 
29.2746 38.3275 30.0167 52.6118 80.5183 58.0368 23.8537 51.8941 35.0571 53.7587 37.1618 68.0147 45.618 0.0 16.0312 52.7179 60.1082 45.3982 72.7324 18.0278 61.6623 88.4104 25.4951 52.8867 67.979 36.8782 27.0185 52.5068 47.0106 48.5077 76.0777 48.0104 72.5385 68.7342 40.5216 33.0606 37.1214 33.2866 15.1327 21.095 72.007 26.2488 40.1622 37.4433 48.0104 61.5224 13.3417 60.959 32.28 68.542 
13.9284 22.8473 14.1421 36.6742 66.0379 49.7993 14.5602 59.6657 19.2354 57.6975 24.8489 58.1548 42.19 16.0312 0.0 48.4017 51.1077 50.9902 57.3847 11.0454 57.3461 73.7166 10.8167 51.4211 63.6628 42.4382 11.1803 48.1906 56.2228 53.8516 61.5338 32.0 60.1885 58.6844 25.0799 38.4708 47.3814 43.4166 22.8035 37.1214 61.9572 12.7279 48.6004 48.9183 49.98 45.8912 22.4722 52.7731 32.7567 53.7122 
42.6887 27.6238 39.5264 36.2353 43.0 11.1803 54.5528 52.1728 41.0769 41.6293 60.4848 92.1676 80.7192 52.7179 48.4017 0.0 86.9083 96.4693 42.0595 59.0754 13.4536 44.2719 45.1495 21.2132 19.2094 37.0 40.6774 4.12311 99.4445 42.45 73.9453 51.4788 76.9427 84.9322 27.136 83.8323 89.7107 47.676 39.4817 64.744 90.8898 47.8658 92.3245 90.1587 32.311 54.5969 41.6893 88.7235 80.0029 35.171 
44.3346 60.4591 47.4527 56.2521 85.3836 90.5423 37.2022 110.436 49.7259 108.724 31.4413 9.21954 22.0907 60.1082 51.1077 86.9083 0.0 48.0416 72.0625 42.638 94.5158 98.7317 42.2723 102.072 100.721 93.4933 46.4704 86.5793 61.0 104.957 35.5106 48.9832 27.2947 15.8114 62.4389 45.1221 59.8415 92.957 72.8011 75.1665 15.0333 39.2723 55.2268 64.1327 100.758 40.1097 71.8401 3.60555 35.1141 74.6454 
53.9073 69.814 56.8507 81.6563 113.273 99.0734 41.2311 93.3809 59.4645 98.0459 50.0 57.0 26.3059 45.3982 50.9902 96.4693 48.0416 0.0 103.32 40.8167 103.047 122.287 50.6063 98.0612 111.73 81.0247 55.0 96.2582 13.1529 92.1954 80.7775 71.9531 73.5459 63.3877 71.8401 12.6491 16.2788 73.9797 60.1332 45.5412 63.0079 48.2701 9.89949 20.5183 93.1343 76.5441 58.0775 46.0109 20.5183 100.6 
49.2523 34.5398 46.1496 22.6716 13.3417 34.9857 61.7535 94.1116 47.5441 83.5703 67.1578 70.342 81.8982 72.7324 57.3847 42.0595 72.0625 103.32 0.0 63.3527 37.2022 27.074 52.4436 61.7171 39.598 78.1109 48.3735 38.6264 110.559 84.4808 47.0956 32.7604 53.0848 62.1691 32.311 91.3396 102.76 87.1436 71.4571 93.4077 68.0661 54.7507 102.752 104.978 74.3303 32.0156 72.7456 75.6679 82.9214 7.2111 
15.2315 29.7321 17.4929 41.6893 73.2462 58.392 5.83095 67.9559 21.5407 67.4166 19.6469 50.2096 31.4006 18.0278 11.0454 59.0754 42.638 40.8167 63.3527 0.0 62.3655 82.0731 11.1803 62.0949 68.5709 51.4296 15.0 54.429 47.3814 63.0714 58.6941 34.7851 54.9092 50.7899 31.8904 28.6007 39.4081 50.3289 30.2324 36.8782 54.0627 10.198 39.598 41.6773 60.1664 46.0435 29.2062 43.8292 21.8403 60.6053 
50.2962 35.0571 47.1339 39.2173 34.2053 4.0 62.1603 61.0328 48.6844 48.6621 68.0923 93.6353 88.6573 61.6623 57.3461 13.4536 94.5158 103.047 37.2022 62.3655 0.0 32.3883 52.757 25.7099 6.32456 47.8539 48.2849 10.0 108.389 51.0392 76.4853 54.3008 79.7646 86.3999 34.0 92.7767 98.6551 59.4811 52.1421 77.4044 92.3575 55.4733 101.269 99.1031 40.1123 57.3847 54.3497 96.331 83.2329 30.0 
68.5548 52.4976 65.437 46.0977 14.0357 33.2415 81.0555 93.0484 66.8466 80.0562 86.4603 97.0824 107.025 88.4104 73.7166 44.2719 98.7317 122.287 27.074 82.0731 32.3883 0.0 71.7008 57.0088 30.0167 80.2309 67.3573 40.1622 129.418 83.0542 74.0068 58.3514 80.1561 89.1067 50.448 110.535 120.967 91.6788 81.0207 105.679 95.0368 74.027 121.655 122.623 72.0278 58.8558 82.7539 102.337 102.071 24.3516 
4.12311 19.2094 6.40312 30.7801 62.3971 48.7835 9.43398 70.0928 10.4403 67.2312 15.8489 49.3178 36.3456 25.4951 10.8167 45.1495 42.2723 50.6063 52.4436 11.1803 52.757 71.7008 0.0 60.4826 58.9624 52.6308 4.47214 44.8205 58.1378 63.8201 51.1583 23.7697 51.1885 52.8377 21.2603 38.8973 50.4777 54.2033 33.6006 46.0977 53.1203 3.0 50.3289 52.8394 59.1693 36.1248 33.2866 44.0875 30.5287 49.7241 
61.9472 48.7323 60.6349 57.3847 59.9083 26.9258 65.977 36.2215 62.1854 23.0868 75.6483 109.117 93.4778 52.8867 51.4211 21.2132 102.072 98.0612 61.7171 62.0949 25.7099 57.0088 60.4826 0.0 27.0 26.6271 58.3594 23.6008 99.6243 26.3059 95.0836 72.6172 98.0811 107.046 48.2445 85.5401 89.5377 39.4081 39.3954 63.5138 113.004 63.1067 93.0054 89.1572 15.2971 75.7353 41.6293 103.887 82.587 54.5619 
56.5016 41.1947 53.3393 44.3847 34.4384 10.198 68.3657 63.1269 54.8899 50.04 74.2978 98.6413 94.8627 67.979 63.6628 19.2094 100.721 111.73 39.598 68.5709 6.32456 30.0167 58.9624 27.0 0.0 51.2445 54.4903 16.1245 114.706 53.1507 81.1542 59.3068 84.7703 91.257 40.05 99.0934 104.972 63.3246 56.8764 82.1387 97.3635 61.6787 107.586 105.42 42.107 62.2977 59.084 102.536 89.4384 32.5576 
54.4885 54.9981 53.0377 66.2846 80.0 47.2652 56.4358 17.8045 57.4191 17.0294 67.2771 100.561 81.9329 36.8782 42.4382 37.0 93.4933 81.0247 78.1109 51.4296 47.8539 80.2309 52.6308 26.6271 51.2445 0.0 50.9313 41.0122 79.7621 11.7047 100.294 80.9893 99.4823 102.447 54.6352 69.2604 69.5845 12.8062 21.8403 40.1622 104.364 55.0 74.1687 68.2495 13.8924 84.1074 23.5372 95.0158 69.1231 71.5681 
3.60555 14.8661 3.0 26.7116 58.258 44.3114 13.8924 68.593 8.06226 65.1081 20.0469 53.5159 40.6079 27.0185 11.1803 40.6774 46.4704 55.0 48.3735 15.0 48.2849 67.3573 4.47214 58.3594 54.4903 50.9313 0.0 40.3484 62.2896 61.8495 50.5858 21.095 49.6612 52.626 16.9706 43.1856 54.4059 53.535 33.121 48.0104 58.5837 7.28011 54.4885 56.6039 57.0462 34.7131 33.1059 48.2856 34.9857 45.607 
42.3597 27.2947 39.1974 34.6699 39.0128 7.2111 54.2237 55.9017 40.7479 44.9444 60.1558 89.2776 80.3902 52.5068 48.1906 4.12311 86.5793 96.2582 38.6264 54.429 10.0 40.1622 44.8205 23.6008 16.1245 41.0122 40.3484 0.0 99.2334 46.0977 72.4017 49.943 75.4069 82.0421 26.6833 83.6212 89.4996 51.788 43.6011 69.7694 87.9998 47.5367 92.1134 89.9476 35.7351 53.0611 46.8121 88.3945 75.2964 31.6228 
61.8466 77.1038 64.5368 88.8953 120.507 104.763 49.2037 90.05 67.8012 96.5194 59.9416 70.0286 39.0512 47.0106 56.2228 99.4445 61.0 13.1529 110.559 47.3814 108.389 129.418 58.1378 99.6243 114.706 79.7621 62.2896 99.2334 0.0 90.2718 92.9624 80.3481 85.9884 76.1643 79.2465 19.7231 10.198 71.007 60.4401 41.0488 76.0066 56.2228 7.81025 12.1655 92.7631 87.3212 58.2409 59.0762 30.4631 107.839 
65.4373 64.0562 63.8746 75.3197 84.7172 51.3517 68.0 10.0 68.2516 6.7082 78.6457 112.006 93.6376 48.5077 53.8516 42.45 104.957 92.1954 84.4808 63.0714 51.0392 83.0542 63.8201 26.3059 53.1507 11.7047 61.8495 46.0977 90.2718 0.0 111.126 90.0474 110.315 113.28 63.6934 80.6226 80.1561 19.9249 33.5261 49.8197 115.808 66.2873 85.0059 78.5175 11.0454 93.1655 35.171 106.55 80.7775 77.6209 
47.6093 51.1442 47.8853 37.7359 60.0 72.8972 53.1507 118.051 43.0465 114.443 39.0512 29.6985 54.7083 76.0777 61.5338 73.9453 35.5106 80.7775 47.0956 58.6941 76.4853 74.0068 51.1583 95.0836 81.1542 100.294 50.5858 72.4017 92.9624 111.126 0.0 34.6554 8.48528 20.5183 49.7641 74.5453 89.4539 103.942 83.6648 95.5667 25.0 51.7647 86.1452 93.2631 105.235 19.4165 83.691 38.833 63.3877 51.788 
19.6469 28.6778 18.1108 15.2734 45.6388 50.6064 31.305 98.3842 13.3417 91.9767 35.7911 47.3391 53.7669 48.0104 32.0 51.4788 48.9832 71.9531 32.7604 34.7851 54.3008 58.3514 23.7697 72.6172 59.3068 80.9893 21.095 49.943 80.3481 90.0474 34.6554 0.0 35.8469 40.1036 27.2976 60.7704 73.3553 86.5019 67.5013 69.0652 46.0613 24.6982 72.5577 76.0592 82.7684 15.8114 52.7191 58.0149 51.5547 34.0238 
46.6847 56.1245 46.966 40.7372 66.2722 76.0702 49.2178 117.239 42.1384 113.368 35.3773 21.2132 47.2969 72.5385 60.1885 76.9427 27.2947 73.5459 53.0848 54.9092 79.7646 80.1561 51.1885 98.0811 84.7703 99.4823 49.6612 75.4069 85.9884 110.315 8.48528 35.8469 0.0 12.0416 52.7615 68.0661 83.0542 103.019 82.7402 91.6501 16.6433 48.1885 79.404 87.0057 105.306 22.561 82.0667 30.5287 57.0088 57.0789 
49.6496 58.2892 49.9309 47.2236 75.505 82.7055 45.086 120.204 45.1033 116.538 39.0165 9.21954 37.1214 68.7342 58.6844 84.9322 15.8114 63.3877 62.1691 50.7899 86.3999 89.1067 52.8377 107.046 91.257 102.447 52.626 82.0421 76.1643 113.28 20.5183 40.1036 12.0416 0.0 60.257 59.2115 74.1687 100.979 80.6178 85.9069 6.0 46.8475 70.0 78.3135 108.476 30.2655 79.779 18.7883 48.5077 65.2763 
18.11 2.23607 15.0 13.3417 41.4005 30.0 30.6105 72.0302 16.4018 65.881 36.0154 67.4924 56.5804 40.5216 25.0799 27.136 62.4389 71.8401 32.311 31.8904 34.0 50.448 21.2603 48.2445 40.05 54.6352 16.9706 26.6833 79.2465 63.6934 49.7641 27.2976 52.7615 60.257 0.0 60.1415 71.218 59.6117 41.1947 61.3922 66.2146 23.6008 71.4493 73.2393 57.2661 30.4157 42.0476 64.2541 51.614 28.8444 
42.45 58.0517 45.2548 70.4736 101.293 86.988 29.7321 82.4621 48.2701 86.2844 40.2492 54.3415 23.4094 33.0606 38.4708 83.8323 45.1221 12.6491 91.3396 28.6007 92.7767 110.535 38.8973 85.5401 99.0934 69.2604 43.1856 83.6212 19.7231 80.6226 74.5453 60.7704 68.0661 59.2115 60.1415 0.0 15.0 63.0635 48.0 36.3593 60.0167 36.7967 12.083 19.105 81.0062 67.7791 46.0109 43.9659 11.1803 88.6201 
54.3783 69.029 56.8595 81.0969 112.614 95.0295 42.0595 80.1561 60.5392 86.3713 54.0833 69.0507 37.855 37.1214 47.3814 89.7107 59.8415 16.2788 102.76 39.4081 98.6551 120.967 50.4777 89.5377 104.972 69.5845 54.4059 89.4996 10.198 80.1561 89.4539 73.3553 83.0542 74.1687 71.218 15.0 0.0 61.0082 50.2892 31.257 74.8131 48.8774 6.40312 4.47214 82.5651 81.9085 48.0833 58.4637 26.0768 100.0 
56.8595 57.9146 56.0803 72.9531 90.3549 58.4637 55.9017 19.4165 60.9016 26.5707 67.9006 100.449 78.7718 33.2866 43.4166 47.676 92.957 73.9797 87.1436 50.3289 59.4811 91.6788 54.2033 39.4081 63.3246 12.8062 53.535 51.788 71.007 19.9249 103.942 86.5019 103.019 100.979 59.6117 63.0635 61.0082 0.0 20.6155 30.1496 104.252 56.0803 66.1891 59.0762 26.2488 87.0317 21.2132 94.0213 64.8845 81.0062 
36.3593 39.3192 35.7771 54.4518 76.922 50.5542 35.609 37.7359 40.7185 38.6394 47.3322 80.0882 60.1664 15.1327 22.8035 39.4817 72.8011 60.1332 71.4571 30.2324 52.1421 81.0207 33.6006 39.3954 56.8764 21.8403 33.121 43.6011 60.4401 33.5261 83.6648 67.5013 82.7402 80.6178 41.1947 48.0 50.2892 20.6155 0.0 25.4951 83.8906 35.4683 54.1295 49.7695 33.0151 67.0763 2.23607 74.0608 47.2969 66.0984 
50.04 59.2284 51.0098 73.6817 100.79 75.2994 42.45 49.0102 56.0 56.2939 56.5155 83.863 56.5862 21.095 37.1214 64.744 75.1665 45.5412 93.4077 36.8782 77.4044 105.679 46.0977 63.5138 82.1387 40.1622 48.0104 69.7694 41.0488 49.8197 95.5667 69.0652 91.6501 85.9069 61.3922 36.3593 31.257 30.1496 25.4951 0.0 88.5889 46.3897 36.8782 29.0 53.8516 82.2192 23.4307 75.213 41.7253 88.8756 
55.1825 64.2468 55.8885 53.222 81.3941 88.6631 48.3588 121.403 51.0609 122.496 42.2893 6.08276 37.1214 72.007 61.9572 90.8898 15.0333 63.0079 68.0661 54.0627 92.3575 95.0368 53.1203 113.004 97.3635 104.364 58.5837 87.9998 76.0066 115.808 25.0 46.0613 16.6433 6.0 66.2146 60.0167 74.8131 104.252 83.8906 88.5889 0.0 50.1203 70.2567 79.0759 114.434 36.2215 83.0518 17.1172 49.7293 71.2531 
5.65685 21.6333 8.60233 33.0872 64.7042 51.4998 7.07107 72.3464 11.6619 69.8355 12.8489 46.3178 33.3766 26.2488 12.7279 47.8658 39.2723 48.2701 54.7507 10.198 55.4733 74.027 3.0 63.1067 61.6787 55.0 7.28011 47.5367 56.2228 66.2873 51.7647 24.6982 48.1885 46.8475 23.6008 36.7967 48.8774 56.0803 35.4683 46.3897 50.1203 0.0 48.4149 51.4296 61.7935 36.0 35.0 41.0875 28.0179 52.0312 
54.037 69.3109 56.7274 81.0886 112.699 97.6434 41.4005 85.4751 60.0 91.0879 52.3259 64.3817 33.1361 40.1622 48.6004 92.3245 55.2268 9.89949 102.752 39.598 101.269 121.655 50.3289 93.0054 107.586 74.1687 54.4885 92.1134 7.81025 85.0059 86.1452 72.5577 79.404 70.0 71.4493 12.083 6.40312 66.1891 54.1295 36.8782 70.2567 48.4149 0.0 10.6301 86.8332 79.8499 51.9711 53.6004 23.0868 100.033 
56.8243 71.0282 59.1692 83.3146 114.621 95.4776 44.7772 78.0064 63.0635 84.8528 57.28 73.3485 42.2019 37.4433 48.9183 90.1587 64.1327 20.5183 104.978 41.6773 99.1031 122.623 52.8394 89.1572 105.42 68.2495 56.6039 89.9476 12.1655 78.5175 93.2631 76.0592 87.0057 78.3135 73.2393 19.105 4.47214 59.0762 49.7695 29.0 79.0759 51.4296 10.6301 0.0 81.4923 85.1645 47.5395 62.8172 30.0 102.078 
60.634 57.629 59.0713 67.5397 73.9797 40.6079 64.5136 21.0238 63.6155 9.43398 74.335 107.804 91.444 48.0104 49.98 32.311 100.758 93.1343 74.3303 60.1664 40.1123 72.0278 59.1693 15.2971 42.107 13.8924 57.0462 35.7351 92.7631 11.0454 105.235 82.7684 105.306 108.476 57.2661 81.0062 82.5651 26.2488 33.0151 53.8516 114.434 61.7935 86.8332 81.4923 0.0 85.8864 35.0571 102.557 79.6304 67.3573 
32.249 31.7959 31.7805 18.3576 45.3542 53.7122 41.5099 101.502 26.6833 95.0948 27.8927 38.3275 54.2485 61.5224 45.8912 54.5969 40.1097 76.5441 32.0156 46.0435 57.3847 58.8558 36.1248 75.7353 62.2977 84.1074 34.7131 53.0611 87.3212 93.1655 19.4165 15.8114 22.561 30.2655 30.4157 67.7791 81.9085 87.0317 67.0763 82.2192 36.2215 36.0 79.8499 85.1645 85.8864 0.0 67.3573 43.7151 56.8595 35.0571 
36.2353 40.1123 35.8469 55.2268 78.4474 52.342 34.7131 38.9487 40.8534 40.4475 46.727 79.2494 58.6941 13.3417 22.4722 41.6893 71.8401 58.0775 72.7456 29.2062 54.3497 82.7539 33.2866 41.6293 59.084 23.5372 33.1059 46.8121 58.2409 35.171 83.691 52.7191 82.0667 79.779 42.0476 46.0109 48.0833 21.2132 2.23607 23.4307 83.0518 35.0 51.9711 47.5395 35.0571 67.3573 0.0 73.0068 45.607 67.4953 
46.1498 62.2743 49.2679 59.8574 88.9889 92.3575 38.5876 111.772 51.5412 110.463 33.2566 11.0454 20.6155 60.959 52.7731 88.7235 3.60555 46.0109 75.6679 43.8292 96.331 102.337 44.0875 103.887 102.536 95.0158 48.2856 88.3945 59.0762 106.55 38.833 58.0149 30.5287 18.7883 64.2541 43.9659 58.4637 94.0213 74.0608 75.213 17.1172 41.0875 53.6004 62.8172 102.557 43.7151 73.0068 0.0 34.4384 78.2507 
33.6006 49.6488 36.6197 61.2579 92.8749 79.2595 21.095 83.9345 39.0661 85.9069 29.6816 44.2719 14.8661 32.28 32.7567 80.0029 35.1141 20.5183 82.9214 21.8403 83.2329 102.071 30.5287 82.587 89.4384 69.1231 34.9857 75.2964 30.4631 80.7775 63.3877 51.5547 57.0088 48.5077 51.614 11.1803 26.0768 64.8845 47.2969 41.7253 49.7293 28.0179 23.0868 30.0 79.6304 56.8595 45.607 34.4384 0.0 80.2019 
46.5328 31.0644 43.4302 21.9545 12.7279 27.7849 59.034 87.3212 44.8246 76.5506 64.4383 73.0012 82.4516 68.542 53.7122 35.171 74.6454 100.6 7.2111 60.6053 30.0 24.3516 49.7241 54.5619 32.5576 71.5681 45.607 31.6228 107.839 77.6209 51.788 34.0238 57.0789 65.2763 28.8444 88.6201 100.0 81.0062 66.0984 88.8756 71.2531 52.0312 100.033 102.078 67.3573 35.0571 67.4953 78.2507 80.2019 0.0 
DEMAND_SCENARIO_SECTION
0 0 0 0 0 0 0 0 0 0 0 0 0 0 0 0 0 0 0 0 0 0 0 0 0 0 0 0 0 0 0 0 0 0 0 0 0 0 0 0 0 0 0 0 0 0 0 0 0 0 
9 9 7 7 5 8 6 5 11 6 6 15 11 10 9 10 10 12 7 8 8 6 12 9 9 10 8 8 13 7 6 11 7 9 8 15 15 14 7 7 6 8 14 6 6 7 11 8 13 11 
7 4 8 3 7 6 6 7 3 1 5 7 7 7 5 10 8 3 7 5 5 4 6 0 7 6 7 7 6 2 6 3 4 2 8 5 5 4 5 3 7 6 7 2 0 6 7 4 4 4 
4 1 5 6 7 6 2 7 6 2 5 1 2 6 5 7 3 4 4 6 6 9 4 1 7 5 3 5 4 3 1 3 3 3 5 4 0 4 3 4 5 3 7 5 4 5 1 2 4 7 
11 7 5 11 8 8 5 6 13 6 10 9 6 11 1 8 10 8 8 10 8 9 8 11 11 11 8 12 12 10 12 11 9 5 13 7 11 4 11 11 12 8 11 12 9 14 10 13 6 7 
1 1 4 3 2 2 2 0 2 2 3 4 1 3 3 0 1 1 1 2 0 2 2 1 2 0 2 2 1 2 0 2 3 1 1 2 0 0 1 1 0 1 0 1 3 5 1 2 0 3 
5 9 6 11 11 5 9 11 3 9 8 14 4 6 4 6 6 5 4 3 11 3 6 5 11 11 11 6 6 9 3 9 8 1 6 9 5 5 5 7 11 9 8 9 9 6 8 5 9 5 
1 2 2 1 1 1 1 1 2 3 1 1 2 2 1 2 0 0 2 1 2 0 0 2 2 2 1 2 0 1 1 2 0 1 1 0 3 0 0 1 1 1 2 0 1 0 2 1 2 0 
5 6 8 7 6 3 3 6 10 7 0 9 9 7 9 13 7 8 8 4 7 12 7 8 5 9 5 5 10 8 9 4 10 9 11 9 7 6 13 3 9 8 9 9 5 7 14 7 4 8 
6 7 6 8 3 6 8 9 5 4 10 8 7 6 8 1 6 7 8 5 6 4 7 4 4 4 2 4 4 10 5 5 8 10 9 10 2 7 5 6 11 8 6 7 5 4 2 8 7 5 
7 8 6 9 14 11 10 9 14 12 8 9 11 3 10 7 10 14 8 5 11 12 13 11 15 9 9 4 13 4 5 10 15 8 13 6 7 11 7 6 13 8 10 12 13 11 9 11 5 7 
1 1 3 1 2 0 3 0 0 2 1 1 0 2 2 1 5 3 3 4 0 2 1 1 3 1 1 2 0 3 3 1 1 2 0 3 2 0 0 2 1 2 1 2 4 1 3 3 3 4 
3 9 2 7 7 5 4 5 8 9 6 2 2 7 7 5 3 8 5 4 9 3 5 7 5 8 2 3 5 7 8 3 3 7 7 5 9 6 9 4 3 7 8 6 4 5 6 3 4 3 
3 2 2 1 4 2 2 2 2 4 4 1 1 0 2 3 2 3 0 3 3 0 4 2 4 1 3 3 2 3 1 5 2 0 1 1 3 0 3 0 3 2 2 4 1 3 0 1 1 0 
10 10 9 12 9 15 7 12 13 16 6 10 8 8 11 8 6 9 13 11 7 14 8 8 4 10 11 8 6 8 13 3 6 11 8 7 7 8 6 3 8 12 9 9 8 8 8 4 7 3 
5 5 3 6 8 7 12 5 10 6 5 6 9 9 4 4 3 8 14 5 6 7 3 4 9 3 5 5 7 10 2 8 5 12 8 4 8 2 8 4 11 15 9 5 12 7 8 5 5 3 
9 5 7 7 12 2 8 3 11 8 7 3 7 7 8 5 5 3 7 8 9 10 8 5 8 9 6 7 6 4 10 8 6 4 13 9 6 5 8 9 9 7 8 6 8 8 11 5 4 12 
4 4 6 3 4 0 1 2 1 5 0 3 2 2 2 3 2 1 2 1 0 1 2 2 3 0 5 2 2 2 0 1 2 3 3 0 1 3 2 4 2 5 1 5 1 2 3 0 2 0 
5 12 6 3 12 12 10 11 11 6 10 5 10 7 2 9 6 3 6 13 4 5 4 4 5 13 6 5 8 3 8 10 4 9 4 3 9 7 4 5 12 10 8 3 7 8 10 5 9 5 
5 10 7 7 4 4 10 3 9 5 6 7 6 4 8 7 3 4 6 6 9 8 6 9 6 6 10 6 5 5 6 8 8 4 5 4 4 11 12 6 7 7 8 7 3 5 11 1 5 9 
0 9 6 2 7 4 6 2 4 8 4 5 4 3 6 6 9 11 6 5 7 4 5 6 4 5 6 3 5 0 7 3 8 8 5 5 7 5 2 11 4 6 7 8 7 7 9 3 11 8 
8 7 7 5 3 5 6 4 9 6 6 2 9 5 5 5 2 1 4 6 6 3 9 7 7 7 5 9 4 5 2 5 0 10 5 7 7 6 10 7 9 7 6 4 6 4 6 6 6 5 
6 4 4 3 8 5 4 5 4 6 4 5 5 7 6 7 10 0 2 5 5 4 7 6 4 2 5 10 8 6 6 7 5 8 7 3 10 2 5 4 2 4 2 5 5 8 3 1 5 5 
2 1 1 1 1 1 1 1 1 1 1 0 2 2 1 1 1 1 0 0 2 1 1 2 1 1 3 0 0 1 4 4 0 1 2 2 2 2 1 1 0 1 2 1 0 0 3 1 1 0 
2 1 0 3 3 2 1 2 4 1 2 2 2 0 2 1 3 4 2 1 0 4 0 4 1 3 4 4 3 3 6 1 2 1 1 1 2 3 2 2 2 3 4 3 0 4 1 2 2 1 
4 8 4 3 14 3 0 3 3 7 10 7 9 8 5 10 6 6 4 1 7 4 3 6 3 9 6 8 8 3 7 4 4 6 7 11 2 7 9 5 13 7 10 3 3 6 6 10 5 6 
0 1 3 1 5 3 1 0 4 3 2 3 3 2 0 3 3 2 6 3 4 1 3 1 1 2 1 0 2 0 2 0 3 3 3 0 3 1 3 2 2 3 4 2 2 1 2 4 0 4 
7 5 6 6 9 7 7 0 6 6 7 5 1 2 5 4 5 2 2 2 4 5 3 2 4 5 5 6 5 3 6 9 8 3 0 8 6 3 7 7 3 8 4 11 8 6 3 5 7 7 
3 1 1 3 0 1 0 2 1 1 0 0 0 1 3 3 1 0 2 1 1 0 1 0 2 0 0 2 0 2 1 1 1 0 2 1 2 2 1 1 2 1 1 0 0 0 3 2 1 2 
4 0 3 2 5 3 2 1 3 2 1 0 2 0 0 3 3 1 2 5 2 1 0 1 2 2 2 4 4 1 2 2 3 1 1 4 2 5 1 3 4 4 3 1 0 3 2 2 0 3 
8 2 3 5 9 2 9 8 5 6 7 7 9 10 5 0 5 3 8 7 6 5 6 4 6 7 4 8 5 8 8 7 9 4 4 4 6 6 3 7 5 5 4 11 5 9 7 7 3 7 
7 6 8 7 11 7 13 12 13 9 12 11 16 8 11 7 9 10 7 7 7 11 5 6 7 11 4 8 8 10 11 8 10 9 10 6 8 5 9 9 5 5 9 11 6 11 9 11 8 11 
0 1 3 0 0 0 0 1 2 2 3 1 0 0 3 1 2 2 2 0 2 0 0 0 0 2 1 1 0 1 1 0 1 0 0 1 2 1 0 1 2 1 1 3 1 2 0 0 1 0 
9 7 8 12 10 1 7 13 2 13 9 3 11 5 7 9 3 9 11 9 12 8 12 13 12 5 11 7 10 12 14 10 8 3 10 7 10 8 9 8 8 5 9 5 8 7 13 10 13 7 
3 5 5 3 6 1 7 5 3 3 4 3 2 1 2 1 3 7 0 5 5 5 5 1 1 0 4 3 7 4 3 2 0 2 5 3 4 3 2 3 3 6 4 2 3 5 0 1 5 5 
2 0 0 1 1 0 1 1 3 3 0 1 1 1 1 2 0 1 2 1 1 1 1 2 2 0 1 0 2 0 1 0 0 1 1 0 3 1 1 1 1 0 0 1 2 2 0 1 2 1 
3 0 3 3 4 3 4 4 1 2 2 1 0 0 3 1 5 2 1 3 1 4 0 4 2 3 2 3 3 2 3 3 2 3 2 4 0 3 5 2 1 1 1 2 3 2 0 1 2 1 
11 2 10 3 6 8 4 9 7 9 0 6 9 7 10 5 3 3 7 8 9 5 3 10 9 11 5 12 4 5 7 6 12 4 9 6 7 12 7 9 11 7 10 2 9 4 10 12 13 6 
8 7 3 8 7 7 4 6 3 6 6 7 9 8 6 10 5 3 7 8 3 1 5 5 8 1 3 10 7 6 4 4 5 6 4 5 6 7 6 12 7 8 3 6 7 5 3 3 3 0 
4 4 12 8 13 7 9 12 13 10 12 8 7 6 13 8 10 13 7 7 5 10 10 12 13 15 11 4 9 8 8 9 12 3 8 9 8 10 6 7 10 7 13 13 8 10 10 12 6 6 
1 2 1 4 1 1 0 3 0 1 0 2 0 1 2 0 0 0 0 3 1 2 1 1 1 2 0 0 1 2 1 1 1 1 0 1 0 0 1 0 0 1 0 2 1 3 2 0 3 1 
1 1 1 3 1 4 3 3 1 3 1 4 4 2 2 0 1 1 1 1 1 4 0 2 0 2 4 3 4 2 4 1 1 2 2 2 3 3 2 4 1 2 3 1 2 1 2 0 5 2 
8 6 11 5 3 10 9 7 8 8 8 13 9 4 12 3 8 7 11 12 7 8 10 11 5 12 3 7 7 7 5 9 9 8 6 8 12 10 9 7 4 14 13 12 10 8 3 9 9 8 
14 10 7 4 3 11 2 8 8 7 6 10 13 5 7 13 14 8 15 11 13 9 3 8 8 4 10 6 10 10 11 8 4 9 12 9 9 3 5 7 10 10 7 8 2 10 13 11 11 9 
1 0 1 0 1 0 2 2 0 1 1 2 1 0 1 2 0 3 0 1 1 1 0 1 0 1 3 0 1 0 0 1 0 3 2 1 0 1 0 2 2 0 1 1 2 1 3 1 2 0 
11 8 7 11 9 12 6 12 3 11 15 6 10 11 9 10 7 2 5 10 4 6 7 12 9 10 9 11 11 13 8 7 5 7 6 12 6 4 6 8 8 3 7 8 8 5 9 6 6 10 
8 10 2 6 2 11 3 6 8 4 10 7 1 9 10 5 4 4 6 5 6 4 6 6 10 11 4 9 7 8 11 10 5 7 5 10 3 6 6 7 5 6 7 3 6 10 7 5 5 5 
4 3 4 3 2 5 9 4 5 4 5 7 9 4 2 7 7 4 6 1 4 6 11 10 7 5 6 2 5 3 5 1 7 6 5 9 3 3 4 3 7 7 3 3 5 2 3 7 7 7 
3 5 2 8 3 5 4 0 5 7 8 6 2 3 6 5 4 3 5 5 5 0 1 2 5 3 1 7 7 3 4 9 5 2 5 2 3 4 6 6 1 4 6 6 5 1 5 3 4 7 
7 7 4 6 6 6 5 8 7 7 3 4 0 9 4 3 9 7 8 3 3 7 4 0 0 8 5 3 6 6 5 5 10 3 3 2 6 1 7 4 4 6 6 5 5 4 5 1 4 7 
DEPOT_SECTION
 1
 -1
EOF
