NAME  : Parada_50_2_0.95_1.00_4
TYPE : SVRP
MODEL : FINITE_SUPPORT
NUMBER_OF_SCENARIOS : 50
DIMENSION : 50
EDGE_WEIGHT_TYPE : MATRIX
CAPACITY : 120
N_VEHICLES : 2
NODE_COORD_SECTION
1 421970 396970
2 101100 451650
3 487550 18
4 324740 746290
5 379780 586460
6 142680 620350
7 484340 513150
8 347800 680150
9 227630 398570
10 134220 408580
11 55019 553840
12 432300 537140
13 431370 579000
14 364300 530010
15 256850 636870
16 577880 112780
17 231400 284920
18 200300 719560
19 142880 473340
20 408700 624930
21 215120 387300
22 101030 451660
23 481270 258710
24 532630 235710
25 141510 718390
26 162520 363220
27 227380 421220
28 326070 731060
29 388450 615000
30 779860 260400
31 14797 384260
32 554090 170720
33 411720 289300
34 27 501510
35 135390 676070
36 431250 445790
37 551980 126020
38 262510 214950
39 138850 464640
40 203240 667390
41 635020 498110
42 608460 335230
43 754000 291730
44 429190 880690
45 426970 694880
46 146490 245620
47 570500 439120
48 589080 390170
49 426100 598370
50 258450 489950
DEMAND_SECTION
1 0.0
2 1.0
3 9.0
4 6.0
5 7.0
6 3.0
7 10.0
8 2.0
9 1.0
10 1.0
11 3.0
12 4.0
13 2.0
14 6.0
15 3.0
16 10.0
17 5.0
18 6.0
19 2.0
20 4.0
21 4.0
22 6.0
23 10.0
24 5.0
25 4.0
26 2.0
27 10.0
28 1.0
29 3.0
30 3.0
31 8.0
32 3.0
33 10.0
34 2.0
35 6.0
36 1.0
37 2.0
38 9.0
39 2.0
40 7.0
41 10.0
42 7.0
43 3.0
44 6.0
45 4.0
46 3.0
47 3.0
48 1.0
49 2.0
50 6.0
DISTANCE_MATRIX
0.0 49.7268 60.0 47.6382 26.8328 57.307 19.0 39.2296 31.8904 45.8039 58.0032 22.1359 26.628 23.6229 41.8817 51.6695 38.4838 56.4065 43.9225 31.9117 33.9411 49.7268 23.6023 39.0 62.7018 42.4264 33.6006 46.0861 29.3442 60.1582 60.8276 38.4257 18.6815 63.6276 60.5131 7.2111 45.3307 46.3249 44.4321 49.2443 32.9844 35.5281 57.0774 72.0091 45.4698 52.3546 26.0666 24.2228 27.9349 29.0649 
49.7268 0.0 83.8153 50.8035 55.7561 23.0217 63.6398 46.7621 20.0998 8.06226 14.8661 58.1873 44.302 35.7209 36.7843 79.1172 30.4631 37.1214 5.83095 55.1257 20.025 0.0 61.4003 60.4152 34.4819 15.6525 17.2627 49.0306 53.3408 111.058 19.0 71.0282 49.2544 15.0 28.8617 51.9102 78.0256 39.6611 5.65685 78.8922 83.8845 78.4719 107.977 65.9242 53.5099 29.8329 79.2503 67.1666 46.894 22.0227 
60.0 83.8153 0.0 104.63 86.5894 96.2674 78.2505 95.307 65.7951 75.9605 97.4987 81.8845 77.3662 74.3303 90.0362 27.0185 53.6004 104.561 80.0562 82.6499 64.622 83.8153 37.8769 24.1868 110.455 68.4105 68.942 102.738 85.3246 89.0898 80.2247 24.6982 43.1393 98.2344 103.832 67.2012 23.0868 47.0956 81.3449 107.751 75.1864 55.5788 83.0963 129.616 96.208 61.0328 62.2015 54.4376 87.6914 74.0945 
47.6382 50.8035 104.63 0.0 20.8806 28.7924 35.9026 9.89949 49.2443 54.0429 44.7214 28.6356 27.8758 31.8865 19.0263 89.6495 64.846 17.6918 47.1699 22.038 52.1728 50.8035 70.9321 81.2728 25.4951 57.2189 47.676 2.23607 20.2485 76.2955 69.5845 84.201 61.5144 55.4617 27.2029 40.5136 91.1059 75.8947 46.2709 31.8904 53.0377 66.3109 75.4255 25.0 20.4222 73.6817 51.8612 59.6701 25.824 36.8782 
26.8328 55.7561 86.5894 20.8806 0.0 37.5112 15.1327 13.0384 42.9535 53.2798 53.8905 8.0 12.0416 19.4165 23.8026 68.8145 56.0089 32.7567 50.4227 10.2956 45.8912 55.7561 50.3613 65.8014 40.5216 53.1601 42.72 19.4165 5.83095 58.5235 69.747 65.1964 45.3346 64.282 39.5512 19.7082 71.5403 66.1211 50.1176 27.2947 33.2415 45.476 56.7539 45.1774 14.2462 67.7422 31.0262 38.8352 9.05539 32.8598 
57.307 23.0217 96.2674 28.7924 37.5112 0.0 52.3561 26.2488 30.5358 28.1603 16.4012 45.3895 42.7186 40.517 16.2821 88.5054 45.6433 14.1421 20.8806 36.8808 32.2638 23.0217 69.681 72.1861 13.4536 33.541 27.46 27.313 35.096 95.9958 42.0119 80.6077 57.838 26.9258 7.81025 56.3007 87.5127 56.4679 19.6469 58.8218 71.1933 82.4162 95.1659 43.1741 35.265 50.1597 67.9665 76.1465 40.6668 26.9389 
19.0 63.6398 78.2505 35.9026 15.1327 52.3561 0.0 28.0179 47.7839 62.058 68.7353 7.28011 19.351 27.9233 38.6474 53.8036 56.3205 47.5153 57.9129 21.5853 50.0014 63.6398 40.4993 57.1521 55.28 58.4611 51.103 34.5254 18.2483 45.6508 78.5176 53.5143 37.3363 79.1268 54.396 13.6015 56.5294 64.9384 58.0039 31.0161 18.9737 30.465 43.0813 59.6154 29.0911 69.652 16.0153 23.8243 16.8656 41.6381 
39.2296 46.7621 95.307 9.89949 13.0384 26.2488 28.0179 0.0 41.1947 47.8539 42.638 21.0238 18.5526 22.5633 13.4164 81.5545 56.3009 19.9249 41.6367 12.7148 44.1814 46.7621 61.6089 72.1709 27.8568 50.04 40.0125 7.81025 10.93 71.1688 64.0489 74.8778 52.1912 53.0306 27.4591 32.105 81.7827 67.2563 41.3316 32.7567 46.2709 58.216 69.6348 34.8281 11.099 66.0681 43.7662 51.5752 16.5008 29.0172 
31.8904 20.0998 65.7951 49.2443 42.9535 30.5358 47.7839 41.1947 0.0 14.3178 32.0156 45.3907 31.6228 23.5372 30.6757 59.1648 16.1245 43.9757 15.0333 33.2415 3.0 20.0998 41.3038 41.7852 43.8924 10.8167 3.16228 47.0744 37.4833 90.5772 29.0 51.1566 29.1548 35.0571 38.0999 34.2132 58.1378 27.2947 16.1245 70.214 63.4034 59.1283 87.4964 70.4571 46.0125 25.02 49.6667 47.823 34.4819 12.3693 
45.8039 8.06226 75.9605 54.0429 53.2798 28.1603 62.058 47.8539 14.3178 0.0 22.8035 56.6055 42.72 34.1391 35.1283 72.2625 22.4722 42.2019 7.28011 43.3395 13.3417 8.06226 55.109 52.7731 40.7185 7.61577 12.2066 52.0897 47.6638 104.364 16.5529 64.0312 42.9535 22.3607 34.9285 48.0 71.0282 31.6228 8.544 79.468 77.1902 73.4446 101.283 71.3092 54.0833 22.4722 63.9831 62.1393 45.3122 20.5913 
58.0032 14.8661 97.4987 44.7214 53.8905 16.4012 68.7353 42.638 32.0156 22.8035 0.0 61.7688 51.481 42.8999 32.6613 90.799 44.7772 28.1603 17.4642 53.26 32.8938 14.8661 72.0625 73.6817 23.0217 30.2324 28.8617 43.4166 51.4752 113.809 31.0161 82.8734 60.208 10.7703 18.4391 60.1866 89.8053 54.4059 16.1555 75.213 87.5726 87.5454 111.545 55.0 51.6443 44.5982 84.3457 76.2401 57.046 29.3219 
22.1359 58.1873 81.8845 28.6356 8.0 45.3895 7.28011 21.0238 45.3907 56.6055 61.7688 0.0 13.8924 22.4722 31.6809 61.0675 57.0658 40.6079 52.4604 15.8114 48.2038 58.1873 45.4631 61.0983 48.4045 55.9983 45.6531 27.2947 12.083 51.0784 73.0616 60.2982 40.8044 72.1603 47.4295 15.2971 63.7933 66.1211 52.5514 27.2947 25.318 37.729 49.0408 52.3927 22.1245 69.5752 23.2793 31.0882 11.4018 36.1855 
26.628 44.302 77.3662 27.8758 12.0416 42.7186 19.351 18.5526 31.6228 42.72 51.481 13.8924 0.0 8.60233 29.01 72.9143 44.0454 37.9689 38.575 6.7082 34.4819 44.302 43.6682 54.2301 45.7336 42.1545 31.7805 25.9836 8.06226 64.4251 59.1692 56.937 34.2505 57.1529 44.7586 23.2956 63.842 54.0833 38.666 39.1152 38.1883 49.4112 62.1608 52.8617 19.4536 56.0892 34.9614 42.7704 3.0 22.3002 
23.6229 35.7209 74.3303 31.8865 19.4165 40.517 27.9233 22.5633 23.5372 34.1391 42.8999 22.4722 8.60233 0.0 25.0916 61.8296 37.1214 39.6164 29.994 10.0499 26.4764 35.7209 40.663 50.9902 45.9117 33.8378 23.4094 29.9942 14.0357 72.9974 50.6063 53.9319 31.241 48.5718 43.7231 25.8062 60.8369 47.676 30.085 46.6905 46.7606 57.9835 72.261 64.9217 23.4642 48.3735 43.5338 42.4624 11.1803 13.7191 
41.8817 36.7843 90.0362 19.0263 23.8026 16.2821 38.6474 13.4164 30.6757 35.1283 32.6613 31.6809 29.01 25.0916 0.0 78.9239 46.6154 14.5331 28.7989 23.1721 33.5261 36.7843 58.9218 66.0702 20.8284 38.2099 28.8617 17.0 21.3873 82.2872 55.4402 71.0262 47.9001 43.0528 18.6398 42.592 77.9311 57.7754 32.103 46.1411 57.4847 68.7076 80.5563 39.9625 21.5563 54.7449 54.2578 60.7212 26.9581 18.3848 
51.6695 79.1172 27.0185 89.6495 68.8145 88.5054 53.8036 81.5545 59.1648 72.2625 90.799 61.0675 72.9143 61.8296 78.9239 0.0 52.8867 93.4486 74.1961 78.1979 59.1291 79.1172 24.1883 25.0 98.4023 65.6201 62.2171 88.2305 71.6736 62.2013 81.7435 8.94427 31.0456 94.1172 96.2137 58.8786 4.12311 51.8845 75.255 82.9277 49.0408 28.8617 56.2228 113.418 83.6765 65.0 37.8021 30.0 70.2643 64.2447 
38.4838 30.4631 53.6004 64.846 56.0089 45.6433 56.3205 56.3009 16.1245 22.4722 44.7772 57.0658 44.0454 37.1214 46.6154 52.8867 0.0 59.0832 27.4591 47.1699 13.6015 30.4631 38.0789 31.0161 59.0 14.8661 18.6011 62.6418 51.0392 94.4054 28.8617 44.1475 27.0185 44.643 53.2074 42.72 50.9902 11.1803 28.8444 83.1505 69.5398 61.1796 89.6437 86.4599 60.4518 14.2127 52.4642 50.3289 47.0425 28.2312 
56.4065 37.1214 104.561 17.6918 32.7567 14.1421 47.5153 19.9249 43.9757 42.2019 28.1603 40.6079 37.9689 39.6164 14.5331 93.4486 59.0832 0.0 34.9285 32.1311 45.7037 37.1214 73.4466 80.3851 8.06226 47.1699 40.8999 17.0294 30.3463 91.0934 56.0803 85.5509 62.4248 38.8973 9.84886 51.551 92.4559 69.9078 33.7343 49.5177 65.9242 77.6665 89.4986 29.1204 30.5153 63.9062 63.2168 71.0257 35.9171 32.7285 
43.9225 5.83095 80.0562 47.1699 50.4227 20.8806 57.9129 41.6367 15.0333 7.28011 17.4642 52.4604 38.575 29.994 28.7989 74.1961 27.4591 34.9285 0.0 49.7923 15.5242 5.83095 56.1427 56.3205 33.541 13.4536 12.0 45.2824 48.0075 105.331 22.561 66.1891 44.0454 20.2237 27.7308 46.1059 73.171 37.5366 1.41421 73.5588 78.1575 72.8061 102.251 64.0312 48.1765 29.5296 73.5234 61.5008 41.1671 16.2788 
31.9117 55.1257 82.6499 22.038 10.2956 36.8808 21.5853 12.7148 33.2415 43.3395 53.26 15.8114 6.7082 10.0499 23.1721 78.1979 47.1699 32.1311 49.7923 0.0 36.2215 55.1257 48.9518 59.5138 39.8958 43.2242 32.7869 20.1457 4.47214 66.6408 59.8068 62.2207 39.5341 63.6515 38.9207 25.53 69.1257 57.7062 49.4872 37.108 40.4226 51.6455 64.3952 47.0239 13.6158 58.2151 37.1958 45.0047 6.0 22.9195 
33.9411 20.025 64.622 52.1728 45.8912 32.2638 50.0014 44.1814 3.0 13.3417 32.8938 48.2038 34.4819 26.4764 33.5261 59.1291 13.6015 45.7037 15.5242 36.2215 0.0 20.025 41.7732 40.8044 45.6205 8.48528 5.0 50.01 40.4475 92.7948 26.9072 51.0098 29.6142 35.0143 39.8279 36.4307 58.0086 24.6982 16.7631 73.1642 65.6209 60.5413 88.2872 73.2711 49.0116 22.0227 51.0797 49.236 37.3631 15.2971 
49.7268 0.0 83.8153 50.8035 55.7561 23.0217 63.6398 46.7621 20.0998 8.06226 14.8661 58.1873 44.302 35.7209 36.7843 79.1172 30.4631 37.1214 5.83095 55.1257 20.025 0.0 61.4003 60.4152 34.4819 15.6525 17.2627 49.0306 53.3408 111.058 19.0 71.0282 49.2544 15.0 28.8617 51.9102 78.0256 39.6611 5.65685 78.8922 83.8845 78.4719 107.977 65.9242 53.5099 29.8329 79.2503 67.1666 46.894 22.0227 
23.6023 61.4003 37.8769 70.9321 50.3613 69.681 40.4993 61.6089 41.3038 55.109 72.0625 45.4631 43.6682 40.663 58.9218 24.1883 38.0789 73.4466 56.1427 48.9518 41.7732 61.4003 0.0 20.0998 79.3344 49.0408 44.1814 69.0398 52.8726 74.7468 66.3099 16.2906 12.1655 76.3217 77.1458 30.8114 23.1956 40.3113 57.0789 69.9996 41.0122 38.6938 69.1033 95.918 62.5099 51.614 25.4951 19.0 51.4633 44.5533 
39.0 60.4152 24.1868 81.2728 65.8014 72.1861 57.1521 72.1709 41.7852 52.7731 73.6817 61.0983 54.2301 50.9902 66.0702 25.0 31.0161 80.3851 56.3205 59.5138 40.8044 60.4152 20.0998 0.0 86.6804 45.3982 44.9444 79.3805 62.1885 80.9568 59.3043 16.2788 20.5913 75.1332 79.7502 46.0977 21.9545 27.5136 57.5674 87.9557 61.0737 44.9222 75.2728 105.9 72.8506 41.2311 45.0999 39.0512 57.1003 49.93 
62.7018 34.4819 110.455 25.4951 40.5216 13.4536 55.28 27.8568 43.8924 40.7185 23.0217 48.4045 45.7336 45.9117 20.8284 98.4023 59.0 8.06226 33.541 39.8958 45.6205 34.4819 79.3344 86.6804 0.0 46.6476 40.8167 25.0 38.111 98.9798 52.9528 90.5046 67.6488 33.3766 5.83095 59.3157 97.4096 69.814 32.2025 57.3847 73.7167 85.4312 97.2677 32.0156 38.28 63.0635 70.9815 81.5413 43.6818 40.2956 
42.4264 15.6525 68.4105 57.2189 53.1601 33.541 58.4611 50.04 10.8167 7.61577 30.2324 55.9983 42.1545 33.8378 38.2099 65.6201 14.8661 47.1699 13.4536 43.2242 8.48528 15.6525 49.0408 45.3982 46.6476 0.0 10.4403 55.1453 47.5485 101.254 18.4391 57.2189 37.0 29.8329 40.8167 44.8904 64.195 24.2074 14.8661 80.303 74.0806 68.7968 96.5525 76.2234 55.4975 16.7631 59.345 57.5013 44.9444 21.2132 
33.6006 17.2627 68.942 47.676 42.72 27.46 51.103 40.0125 3.16228 12.2066 28.8617 45.6531 31.7805 23.4094 28.8617 62.2171 18.6011 40.8999 12.0 32.7869 5.0 17.2627 44.1814 44.9444 40.8167 10.4403 0.0 45.5412 37.1112 92.1675 27.8029 54.231 32.0624 32.1403 35.0241 35.8035 61.2046 29.6816 13.0384 69.8657 64.9937 61.4657 89.0867 68.5365 45.2046 26.0768 52.0041 50.1603 34.5398 11.0 
46.0861 49.0306 102.738 2.23607 19.4165 27.313 34.5254 7.81025 47.0744 52.0897 43.4166 27.2947 25.9836 29.9942 17.0 88.2305 62.6418 17.0294 45.2824 20.1457 50.01 49.0306 69.0398 79.3805 25.0 55.1453 45.5412 0.0 18.3609 75.71 67.7422 82.3087 59.6222 54.1202 26.2488 38.9615 89.2137 73.6817 44.4072 32.5269 52.0 64.8919 74.6726 27.0185 18.53 71.5681 50.4422 58.2511 23.9317 34.7131 
29.3442 53.3408 85.3246 20.2485 5.83095 35.096 18.2483 10.93 37.4833 47.6638 51.4752 12.083 8.06226 14.0357 21.3873 71.6736 51.0392 30.3463 48.0075 4.47214 40.4475 53.3408 52.8726 62.1885 38.111 47.5485 37.1112 18.3609 0.0 63.1585 64.1311 67.5308 42.2088 61.8667 37.1359 22.2195 74.4358 61.4003 47.7024 32.7567 37.108 48.3351 61.0328 45.2217 11.831 62.3939 33.8854 41.6943 5.65685 27.2439 
60.1582 111.058 89.0898 76.2955 58.5235 95.9958 45.6508 71.1688 90.5772 104.364 113.809 51.0784 64.4251 72.9974 82.2872 62.2013 94.4054 91.0934 105.331 66.6408 92.7948 111.058 74.7468 80.9568 98.9798 101.254 92.1675 75.71 63.1585 0.0 119.574 67.2681 68.6003 124.201 98.0358 56.6509 66.2722 99.985 105.422 51.4782 27.2029 36.0555 6.0 95.0053 72.7308 108.609 42.5206 44.4185 61.9397 89.0565 
60.8276 19.0 80.2247 69.5845 69.747 42.0119 78.5176 64.0489 29.0 16.5529 31.0161 73.0616 59.1692 50.6063 55.4402 81.7435 28.8617 56.0803 22.561 59.8068 26.9072 19.0 66.3099 59.3043 52.9528 18.4391 27.8029 67.7422 64.1311 119.574 0.0 73.0068 54.5619 24.2074 47.5184 63.2096 79.8311 33.1361 23.3452 95.8983 92.3997 87.0919 114.888 84.7172 70.5136 19.4165 77.6805 75.8368 61.7795 37.1214 
38.4257 71.0282 24.6982 84.201 65.1964 80.6077 53.5143 74.8778 51.1566 64.0312 82.8734 60.2982 56.937 53.9319 71.0262 8.94427 44.1475 85.5509 66.1891 62.2207 51.0098 71.0282 16.2906 16.2788 90.5046 57.2189 54.231 82.3087 67.5308 67.2681 73.0068 0.0 23.0868 86.0233 88.316 45.6465 7.0 42.9418 67.2681 82.7404 50.8035 32.0156 61.3922 109.187 75.7788 56.0803 37.5136 29.7497 66.1215 56.3205 
18.6815 49.2544 43.1393 61.5144 45.3346 57.838 37.3363 52.1912 29.1548 42.9535 60.208 40.8044 34.2505 31.241 47.9001 31.0456 27.0185 62.4248 44.0454 39.5341 29.6142 49.2544 12.1655 20.5913 67.6488 37.0 32.0624 59.6222 42.2088 68.6003 54.5619 23.0868 0.0 64.195 65.4602 25.632 30.0529 31.3847 45.0111 67.9117 44.9222 34.6836 63.5138 86.5003 53.0922 41.0366 27.8927 24.1868 37.1206 33.2415 
63.6276 15.0 98.2344 55.4617 64.282 26.9258 79.1268 53.0306 35.0571 22.3607 10.7703 72.1603 57.1529 48.5718 43.0528 94.1172 44.643 38.8973 20.2237 63.6515 35.0143 15.0 76.3217 75.1332 33.3766 29.8329 32.1403 54.1202 61.8667 124.201 24.2074 86.0233 64.195 0.0 29.1204 65.811 93.0215 52.8015 19.4165 85.703 97.9641 92.8955 123.464 65.123 62.0358 41.0488 94.7372 81.5902 59.745 34.9938 
60.5131 28.8617 103.832 27.2029 39.5512 7.81025 54.396 27.4591 38.0999 34.9285 18.4391 47.4295 44.7586 43.7231 18.6398 96.2137 53.2074 9.84886 27.7308 38.9207 39.8279 28.8617 77.1458 79.7502 5.83095 40.8167 35.0241 26.2488 37.1359 98.0358 47.5184 88.316 65.4602 29.1204 0.0 58.3406 95.221 64.0312 26.4008 58.7282 72.7417 84.4562 96.305 37.2156 37.305 57.2451 70.0064 79.3527 42.7067 34.5031 
7.2111 51.9102 67.2012 40.5136 19.7082 56.3007 13.6015 32.105 34.2132 48.0 60.1866 15.2971 23.2956 25.8062 42.592 58.8786 42.72 51.551 46.1059 25.53 36.4307 51.9102 30.8114 46.0977 59.3157 44.8904 35.8035 38.9615 22.2195 56.6509 63.2096 45.6465 25.632 65.811 58.3406 0.0 52.5514 51.4782 46.6155 42.5793 29.477 39.2925 53.57 64.8845 33.0357 56.0803 24.8428 31.4319 20.8102 31.2483 
45.3307 78.0256 23.0868 91.1059 71.5403 87.5127 56.5294 81.7827 58.1378 71.0282 89.8053 63.7933 63.842 60.8369 77.9311 4.12311 50.9902 92.4559 73.171 69.1257 58.0086 78.0256 23.1956 21.9545 97.4096 64.195 61.2046 89.2137 74.4358 66.2722 79.8311 7.0 30.0529 93.0215 95.221 52.5514 0.0 49.2443 74.2428 85.7555 52.4976 32.5576 60.2993 116.092 82.6837 62.6259 40.5287 32.7567 73.0265 63.252 
46.3249 39.6611 47.0956 75.8947 66.1211 56.4679 64.9384 67.2563 27.2947 31.6228 54.4059 66.1211 54.0833 47.676 57.7754 51.8845 11.1803 69.9078 37.5366 57.7062 24.6982 39.6611 40.3113 27.5136 69.814 24.2074 29.6816 73.6817 61.4003 99.985 33.1361 42.9418 31.3847 52.8015 64.0312 51.4782 49.2443 0.0 38.9487 93.0 75.7709 66.0402 94.8736 97.6308 71.1153 14.0357 58.6941 55.5698 57.0789 39.3954 
44.4321 5.65685 81.3449 46.2709 50.1176 19.6469 58.0039 41.3316 16.1245 8.544 16.1555 52.5514 38.666 30.085 32.103 75.255 28.8444 33.7343 1.41421 49.4872 16.7631 5.65685 57.0789 57.5674 32.2025 14.8661 13.0384 44.4072 47.7024 105.422 23.3452 67.2681 45.0111 19.4165 26.4008 46.6155 74.2428 38.9487 0.0 73.2537 78.2485 73.4983 102.342 62.8172 47.8714 30.8869 73.6144 62.193 41.2581 16.4012 
49.2443 78.8922 107.751 31.8904 27.2947 58.8218 31.0161 32.7567 70.214 79.468 75.213 27.2947 39.1152 46.6905 46.1411 82.9277 83.1505 49.5177 73.5588 37.108 73.1642 78.8922 69.9996 87.9557 57.3847 80.303 69.8657 32.5269 32.7567 51.4782 95.8983 82.7404 67.9117 85.703 58.7282 42.5793 85.7555 93.0 73.2537 0.0 37.0135 56.5862 52.6308 44.4072 37.3847 95.0368 45.2769 53.0 36.1248 59.9984 
32.9844 83.8845 75.1864 53.0377 33.2415 71.1933 18.9737 46.2709 63.4034 77.1902 87.5726 25.318 38.1883 46.7606 57.4847 49.0408 69.5398 65.9242 78.1575 40.4226 65.6209 83.8845 41.0122 61.0737 73.7167 74.0806 64.9937 52.0 37.108 27.2029 92.3997 50.8035 44.9222 97.9641 72.7417 29.477 52.4976 75.7709 78.2485 37.0135 0.0 20.5913 24.1661 74.9533 47.4367 83.7435 17.088 22.0227 35.7029 61.8827 
35.5281 78.4719 55.5788 66.3109 45.476 82.4162 30.465 58.216 59.1283 73.4446 87.5454 37.729 49.4112 57.9835 68.7076 28.8617 61.1796 77.6665 72.8061 51.6455 60.5413 78.4719 38.6938 44.9222 85.4312 68.7968 61.4657 64.8919 48.3351 36.0555 87.0919 32.0156 34.6836 92.8955 84.4562 39.2925 32.5576 66.0402 73.4983 56.5862 20.5913 0.0 30.4631 90.0799 59.1512 75.3643 16.1245 11.7047 46.9258 58.9883 
57.0774 107.977 83.0963 75.4255 56.7539 95.1659 43.0813 69.6348 87.4964 101.283 111.545 49.0408 62.1608 72.261 80.5563 56.2228 89.6437 89.4986 102.251 64.3952 88.2872 107.977 69.1033 75.2728 97.2677 96.5525 89.0867 74.6726 61.0328 6.0 114.888 61.3922 63.5138 123.464 96.305 53.57 60.2993 94.8736 102.342 52.6308 24.1661 30.4631 0.0 95.2575 71.0 103.856 38.2099 39.4081 59.6755 85.9757 
72.0091 65.9242 129.616 25.0 45.1774 43.1741 59.6154 34.8281 70.4571 71.3092 55.0 52.3927 52.8617 64.9217 39.9625 113.418 86.4599 29.1204 64.0312 47.0239 73.2711 65.9242 95.918 105.9 32.0156 76.2234 68.5365 27.0185 45.2217 95.0053 84.7172 109.187 86.5003 65.123 37.2156 64.8845 116.092 97.6308 62.8172 44.4072 74.9533 90.0799 95.2575 0.0 45.4081 92.9731 75.6301 83.4391 50.8099 58.2394 
45.4698 53.5099 96.208 20.4222 14.2462 35.265 29.0911 11.099 46.0125 54.0833 51.6443 22.1245 19.4536 23.4642 21.5563 83.6765 60.4518 30.5153 48.1765 13.6158 49.0116 53.5099 62.5099 72.8506 38.28 55.4975 45.2046 18.53 11.831 72.7308 70.5136 75.7788 53.0922 62.0358 37.305 33.0357 82.6837 71.1153 47.8714 37.3847 47.4367 59.1512 71.0 45.4081 0.0 71.0308 44.7015 52.5104 17.4018 34.2843 
52.3546 29.8329 61.0328 73.6817 67.7422 50.1597 69.652 66.0681 25.02 22.4722 44.5982 69.5752 56.0892 48.3735 54.7449 65.0 14.2127 63.9062 29.5296 58.2151 22.0227 29.8329 51.614 41.2311 63.0635 16.7631 26.0768 71.5681 62.3939 108.609 19.4165 56.0803 41.0366 41.0488 57.2451 56.0803 62.6259 14.0357 30.8869 95.0368 83.7435 75.3643 103.856 92.9731 71.0308 0.0 66.6679 64.5368 59.0339 37.054 
26.0666 79.2503 62.2015 51.8612 31.0262 67.9665 16.0153 43.7662 49.6667 63.9831 84.3457 23.2793 34.9614 43.5338 54.2578 37.8021 52.4642 63.2168 73.5234 37.1958 51.0797 79.2503 25.4951 45.0999 70.9815 59.345 52.0041 50.4422 33.8854 42.5206 77.6805 37.5136 27.8927 94.7372 70.0064 24.8428 40.5287 58.6941 73.6144 45.2769 17.088 16.1245 38.2099 75.6301 44.7015 66.6679 0.0 7.81025 32.4761 57.2485 
24.2228 67.1666 54.4376 59.6701 38.8352 76.1465 23.8243 51.5752 47.823 62.1393 76.2401 31.0882 42.7704 42.4624 60.7212 30.0 50.3289 71.0257 61.5008 45.0047 49.236 67.1666 19.0 39.0512 81.5413 57.5013 50.1603 58.2511 41.6943 44.4185 75.8368 29.7497 24.1868 81.5902 79.3527 31.4319 32.7567 55.5698 62.193 53.0 22.0227 11.7047 39.4081 83.4391 52.5104 64.5368 7.81025 0.0 40.285 47.6829 
27.9349 46.894 87.6914 25.824 9.05539 40.6668 16.8656 16.5008 34.4819 45.3122 57.046 11.4018 3.0 11.1803 26.9581 70.2643 47.0425 35.9171 41.1671 6.0 37.3631 46.894 51.4633 57.1003 43.6818 44.9444 34.5398 23.9317 5.65685 61.9397 61.7795 66.1215 37.1206 59.745 42.7067 20.8102 73.0265 57.0789 41.2581 36.1248 35.7029 46.9258 59.6755 50.8099 17.4018 59.0339 32.4761 40.285 0.0 24.8922 
29.0649 22.0227 74.0945 36.8782 32.8598 26.9389 41.6381 29.0172 12.3693 20.5913 29.3219 36.1855 22.3002 13.7191 18.3848 64.2447 28.2312 32.7285 16.2788 22.9195 15.2971 22.0227 44.5533 49.93 40.2956 21.2132 11.0 34.7131 27.2439 89.0565 37.1214 56.3205 33.2415 34.9938 34.5031 31.2483 63.252 39.3954 16.4012 59.9984 61.8827 58.9883 85.9757 58.2394 34.2843 37.054 57.2485 47.6829 24.8922 0.0 
DEMAND_SCENARIO_SECTION
0 0 0 0 0 0 0 0 0 0 0 0 0 0 0 0 0 0 0 0 0 0 0 0 0 0 0 0 0 0 0 0 0 0 0 0 0 0 0 0 0 0 0 0 0 0 0 0 0 0 
1 0 2 0 0 2 1 2 2 0 2 2 0 2 0 1 0 0 1 0 0 0 1 4 4 0 1 1 2 1 0 1 2 0 3 2 2 2 0 1 2 1 1 1 2 2 2 2 2 1 
11 5 5 12 9 12 3 3 7 12 14 5 7 11 3 10 11 7 11 4 8 6 7 7 12 9 10 9 9 8 11 10 3 5 4 5 11 9 4 6 10 10 9 4 17 6 9 15 9 12 
8 7 2 5 6 6 4 7 6 2 6 5 3 3 3 7 3 8 5 2 6 1 10 4 4 3 6 8 3 7 7 6 8 4 4 6 5 6 7 7 9 3 6 10 3 7 8 11 7 4 
6 4 10 6 8 4 8 6 6 9 3 7 5 4 7 13 9 9 9 7 8 9 11 4 5 7 9 4 4 8 8 9 8 5 6 4 11 7 0 5 4 8 6 7 12 6 6 6 13 6 
4 1 2 6 6 2 1 2 3 1 2 2 3 4 1 0 4 2 4 4 4 2 3 0 1 2 0 4 4 5 4 2 3 3 3 4 4 0 0 3 3 6 5 3 3 2 3 4 5 5 
13 9 9 13 8 15 7 4 11 14 13 9 10 15 15 5 5 13 15 11 13 10 13 12 11 12 10 13 10 3 8 11 9 7 6 8 11 10 3 9 11 18 9 11 14 7 9 1 15 3 
2 1 0 3 1 1 1 4 1 1 2 3 3 1 3 1 3 3 1 0 3 0 3 2 2 0 6 1 2 1 5 3 3 2 2 6 3 4 1 0 3 2 2 0 0 2 1 1 2 1 
0 0 1 1 2 0 1 1 1 0 1 0 1 0 1 2 1 1 0 2 1 3 1 1 0 1 0 0 1 1 2 1 1 1 2 2 1 0 0 0 2 0 1 0 1 1 2 0 2 1 
0 2 1 2 0 0 0 0 3 1 1 2 1 0 3 1 1 1 2 1 2 2 0 1 0 0 2 1 1 2 3 3 0 1 2 2 2 1 1 0 1 0 1 1 0 2 1 2 1 0 
2 3 2 5 4 4 2 5 3 4 4 3 2 1 4 6 4 0 2 2 3 7 5 3 0 3 4 3 0 2 3 0 0 3 1 6 0 3 2 5 2 3 1 2 3 0 5 4 4 1 
8 3 2 5 3 1 1 7 4 4 2 6 4 3 2 7 3 2 5 2 3 3 5 4 0 3 7 6 4 0 6 6 6 7 4 5 6 2 5 4 4 6 0 1 1 0 6 7 3 6 
1 1 1 2 2 4 2 2 1 2 3 1 1 1 5 2 1 1 3 2 1 0 2 0 2 1 2 0 1 3 4 0 2 3 1 0 3 3 2 1 0 1 3 1 2 4 2 1 4 2 
8 8 8 4 5 7 2 2 4 4 10 10 6 7 6 6 6 9 4 5 7 4 2 6 8 3 5 5 0 5 7 4 3 1 7 3 9 3 4 2 3 7 8 6 7 5 4 5 6 4 
7 3 4 1 2 3 2 3 4 1 4 0 2 5 0 6 2 3 4 4 4 0 2 5 1 0 2 3 3 2 6 3 2 5 2 0 3 1 1 7 2 5 4 5 1 3 3 4 5 6 
5 16 10 9 17 13 12 15 9 13 19 14 7 12 8 15 8 8 10 10 6 11 10 5 14 12 11 9 10 13 14 8 6 14 9 6 8 8 7 15 12 5 19 8 12 9 8 12 11 12 
4 6 5 5 3 3 2 9 6 5 7 6 4 4 1 1 5 1 8 6 3 4 5 7 3 5 4 7 6 5 7 6 3 6 7 0 7 3 5 6 2 9 5 5 5 4 4 8 4 4 
9 6 4 10 4 5 2 4 7 6 6 8 1 6 3 5 5 5 8 5 9 6 8 8 7 3 5 8 6 8 9 5 6 7 5 6 6 9 3 1 4 9 3 3 10 5 2 7 8 8 
1 1 3 2 2 3 1 4 0 2 5 2 1 2 3 2 3 3 2 0 4 0 2 4 3 1 2 2 1 3 3 1 2 2 2 1 2 1 6 2 1 4 2 4 1 6 0 0 3 2 
0 5 4 7 6 6 5 0 11 3 7 3 3 8 6 3 7 1 4 7 8 5 3 3 5 6 4 7 2 4 8 4 5 3 5 1 3 4 5 4 2 5 1 3 6 5 6 2 4 4 
2 5 2 5 2 3 5 5 4 3 7 4 6 4 1 3 5 5 4 2 5 4 4 1 2 6 4 5 1 2 5 4 6 0 3 3 3 6 4 5 1 5 3 8 4 6 3 4 2 4 
6 6 3 9 5 7 5 6 4 5 5 4 5 4 5 5 4 3 0 6 6 5 7 9 8 5 8 3 9 5 8 7 5 6 7 9 6 5 6 4 8 2 9 3 7 2 4 8 5 3 
9 10 5 13 9 2 13 8 7 11 7 8 16 11 10 5 6 11 8 12 12 5 5 10 14 10 7 13 7 4 8 14 11 7 9 9 14 6 15 12 19 7 14 6 12 10 11 8 14 14 
8 7 7 4 6 5 6 3 6 4 5 5 5 3 7 4 3 3 4 3 6 6 7 6 5 11 1 3 3 6 4 7 8 3 5 1 3 6 0 8 5 5 2 3 7 2 8 9 6 9 
2 4 8 2 3 1 3 0 4 0 3 4 3 5 6 2 2 5 5 7 4 1 3 2 3 1 4 1 3 3 5 8 0 2 4 3 4 2 5 3 4 7 0 1 6 3 5 8 0 2 
3 3 1 1 0 2 2 1 1 1 0 3 3 1 3 0 3 2 3 4 3 1 2 1 1 0 5 2 0 3 3 1 3 3 2 1 4 1 3 3 3 1 5 3 2 3 0 3 3 0 
9 11 14 12 6 13 6 10 5 15 16 10 11 9 7 9 13 13 8 5 4 12 7 11 8 8 11 7 13 11 9 12 14 10 14 14 10 10 14 7 9 13 16 10 1 8 6 8 9 10 
2 1 0 1 0 0 0 2 0 2 1 1 1 0 0 2 0 4 1 1 0 2 2 1 0 2 2 0 0 1 2 1 1 1 2 1 0 2 1 0 0 1 0 2 1 0 1 0 1 1 
3 5 1 0 1 2 2 1 4 4 3 2 4 4 3 3 0 1 4 3 3 6 3 4 0 2 3 4 0 5 6 3 2 3 0 5 3 1 5 5 4 3 2 5 2 0 5 1 0 5 
3 3 4 5 3 4 4 2 5 1 2 1 4 2 3 1 3 2 1 5 2 1 1 5 5 1 1 3 6 3 0 2 3 3 3 4 4 0 5 3 2 5 3 1 3 4 2 2 6 0 
10 12 8 12 11 8 9 4 5 6 7 9 14 14 8 6 8 8 9 9 11 8 7 12 7 12 8 11 8 8 7 7 7 5 9 8 12 9 14 8 4 15 4 5 11 5 8 11 15 9 
2 2 4 2 0 5 4 2 3 0 4 3 4 3 3 4 3 4 2 5 4 3 5 4 6 3 4 1 1 1 1 3 3 1 0 2 3 4 4 4 0 5 6 2 1 0 2 1 5 0 
13 7 13 6 13 15 11 16 5 6 11 5 10 7 7 12 12 9 12 11 15 8 18 3 5 13 10 10 9 13 11 11 5 11 7 7 10 13 12 12 13 8 11 4 15 9 9 11 14 2 
2 4 2 2 4 2 4 1 2 1 2 2 4 0 2 2 0 5 5 2 6 2 2 2 0 1 3 3 1 2 0 4 2 3 1 4 1 2 1 2 3 4 3 2 1 2 3 2 1 2 
6 9 5 5 3 4 7 0 7 6 9 5 8 9 3 4 12 9 6 6 8 9 2 2 9 6 8 5 3 6 4 9 8 9 6 5 5 3 7 8 8 10 3 7 3 10 4 7 7 5 
1 2 0 0 0 2 0 3 0 1 0 2 2 0 2 1 1 1 1 1 1 1 2 2 0 0 1 2 2 0 1 3 0 1 1 1 0 2 0 1 1 1 2 2 2 0 3 1 1 0 
2 3 2 0 2 2 2 1 1 3 4 4 3 1 0 5 2 2 4 2 3 2 2 0 4 5 2 2 3 1 1 3 2 2 2 3 1 2 4 1 3 1 3 3 4 3 0 3 2 2 
12 9 6 6 6 7 11 9 11 8 10 9 7 10 5 7 9 9 8 8 7 12 10 6 5 4 11 12 9 8 4 9 7 7 9 8 7 8 14 10 9 10 10 12 3 10 9 12 3 9 
4 3 3 3 0 3 1 1 3 1 1 3 2 4 3 2 0 5 1 3 1 1 1 4 1 1 2 2 3 4 2 2 2 1 2 2 4 4 2 0 1 3 1 3 0 3 1 3 0 1 
5 13 5 1 6 8 0 5 12 6 5 11 7 6 3 10 11 9 10 5 10 5 8 7 10 8 4 5 8 10 8 4 8 7 5 3 5 8 10 4 5 5 9 7 6 6 8 7 4 10 
13 14 13 8 13 9 12 7 9 8 11 12 9 6 15 10 12 10 5 11 9 10 10 7 14 8 12 8 16 9 8 0 8 9 13 13 12 11 8 6 8 2 10 9 8 15 10 14 11 10 
6 6 13 6 6 9 5 7 11 5 6 10 4 11 4 9 8 7 4 11 9 5 10 7 7 7 5 11 0 5 11 9 7 8 3 5 5 10 5 7 5 10 3 10 7 3 4 3 5 4 
6 4 3 7 3 0 4 4 3 3 2 4 3 3 0 1 5 5 3 3 1 3 1 3 6 4 6 8 0 5 4 3 0 2 1 6 3 3 4 4 4 3 2 4 3 0 1 3 4 1 
8 7 9 4 8 8 8 4 7 6 4 5 7 2 6 8 5 2 8 9 6 10 5 3 5 6 6 8 3 4 7 7 0 7 9 5 9 6 5 9 10 6 8 2 2 4 5 5 5 4 
4 4 1 6 7 5 3 3 9 4 3 4 2 2 3 7 7 6 1 5 5 4 4 5 2 6 6 5 7 3 6 3 4 5 3 7 8 6 5 5 7 4 8 5 3 4 6 4 2 6 
2 5 4 1 5 5 4 6 3 3 0 3 2 6 2 5 5 3 6 5 4 3 4 6 4 4 3 4 0 3 2 4 5 5 2 5 5 5 4 4 5 3 8 1 0 2 2 2 1 4 
2 3 3 3 3 4 3 1 4 1 2 0 3 4 2 4 1 5 3 3 2 1 1 1 3 2 4 3 1 2 6 1 6 5 5 1 5 1 4 2 3 0 2 4 4 1 4 4 2 2 
1 1 1 2 1 0 2 2 1 2 0 0 2 3 2 2 3 0 0 1 1 0 0 2 2 2 3 1 3 2 2 1 1 1 1 1 0 1 0 1 2 3 0 2 0 1 2 0 2 1 
4 1 1 2 2 1 3 4 1 3 1 4 1 6 4 2 2 3 2 3 2 2 5 0 5 2 3 4 3 2 2 3 2 2 6 3 2 2 0 5 2 3 1 3 1 2 5 2 3 1 
6 9 6 5 10 5 7 5 8 5 9 6 8 6 5 3 7 5 8 2 3 7 1 7 4 5 6 5 4 2 11 5 7 1 12 4 6 5 7 9 6 8 4 3 6 7 10 4 7 6 
DEPOT_SECTION
 1
 -1
EOF
