NAME  : Parada_50_2_0.95_1.00_2
TYPE : SVRP
MODEL : FINITE_SUPPORT
NUMBER_OF_SCENARIOS : 50
DIMENSION : 50
EDGE_WEIGHT_TYPE : MATRIX
CAPACITY : 139
N_VEHICLES : 2
NODE_COORD_SECTION
1 406150 370890
2 327920 286740
3 494460 522780
4 697830 606600
5 423170 357670
6 466850 364690
7 36112 498640
8 633050 265800
9 455280 203830
10 398960 74432
11 116010 397110
12 291480 516850
13 682090 545650
14 191480 379500
15 149710 616990
16 600690 602580
17 697170 584690
18 516570 785940
19 523210 474880
20 579760 702820
21 430960 654130
22 354200 147710
23 628630 583720
24 450890 464060
25 39605 514330
26 629560 451290
27 569360 656770
28 315850 515930
29 517460 764010
30 475730 28042
31 253170 622670
32 58356 510700
33 27 366160
34 265550 258130
35 591320 223680
36 340620 478540
37 385310 503440
38 720780 634970
39 136500 613060
40 443260 18
41 535280 787870
42 430010 727030
43 276690 248690
44 55809 398170
45 787520 607240
46 289340 100530
47 607360 339460
48 523400 709980
49 213050 566910
50 630440 314290
DEMAND_SECTION
1 0.0
2 7.0
3 6.0
4 2.0
5 6.0
6 3.0
7 1.0
8 3.0
9 2.0
10 9.0
11 9.0
12 4.0
13 5.0
14 3.0
15 5.0
16 6.0
17 3.0
18 8.0
19 10.0
20 2.0
21 3.0
22 1.0
23 7.0
24 8.0
25 5.0
26 5.0
27 8.0
28 5.0
29 9.0
30 9.0
31 4.0
32 6.0
33 10.0
34 4.0
35 7.0
36 6.0
37 2.0
38 10.0
39 10.0
40 6.0
41 10.0
42 5.0
43 1.0
44 4.0
45 5.0
46 5.0
47 1.0
48 4.0
49 10.0
50 1.0
DISTANCE_MATRIX
0.0 20.6155 49.7411 67.6857 2.82843 8.06702 60.6752 40.4306 25.807 45.2769 50.3289 32.0156 58.4676 45.2217 51.8048 47.8904 64.8702 48.8496 21.9555 43.9336 35.1141 36.6879 45.492 12.0416 60.4695 35.5631 35.3599 31.9531 51.0882 52.5504 42.4006 63.4631 68.0203 29.4279 43.5741 22.1359 18.0278 66.1619 53.9124 57.0559 50.4876 44.1475 30.8058 59.0339 75.4959 47.0744 32.6877 40.3113 40.4951 32.459 
20.6155 0.0 56.351 77.8974 18.0278 19.8494 46.1736 47.3661 23.0868 36.8917 33.1059 36.1191 68.884 25.4558 45.3019 59.864 75.1798 69.1231 33.929 64.2583 52.1536 24.8395 57.4656 31.7805 46.0435 47.3814 55.6846 37.2211 70.859 47.4236 28.0 49.0408 51.4782 10.4403 41.0208 29.0689 30.5941 74.6324 46.5296 50.2494 70.6116 62.0322 11.0454 42.0476 83.4479 32.45 44.2869 60.4152 32.0 44.0582 
49.7411 56.351 0.0 26.0768 49.0446 57.1096 47.0744 92.6322 73.9485 91.8874 56.3205 21.0894 19.4165 62.7388 27.4591 68.2415 24.0 58.6003 62.2407 62.3618 33.5261 80.7546 70.4571 47.0981 45.1221 76.3552 56.2633 19.1308 54.7083 100.818 58.2989 45.8803 63.9531 66.3862 95.7757 28.3473 32.3246 20.2485 28.8617 104.737 57.7062 39.4462 66.2974 60.0333 28.3019 88.7948 82.8389 51.8652 32.3402 84.6606 
67.6857 77.8974 26.0768 0.0 67.4056 75.349 72.4431 95.6647 92.8867 111.826 82.3893 43.6578 9.21954 88.3488 53.0848 71.0634 2.82843 55.0091 66.1088 62.6498 37.5766 101.514 74.0405 60.8386 70.4557 78.721 59.203 41.2311 49.0408 119.732 82.1688 70.859 89.4539 88.1192 99.6437 48.8774 49.679 8.60233 54.231 124.101 53.0094 36.4966 88.1022 86.0 13.1529 110.277 86.707 51.788 57.4047 88.2764 
2.82843 18.0278 49.0446 67.4056 0.0 8.06702 57.8753 40.4306 25.4951 44.6542 47.5079 30.6757 58.1876 42.4382 50.3513 47.8904 64.5901 51.1957 29.8332 46.2852 36.4005 35.4683 45.492 14.0357 57.6696 35.5631 37.7115 30.8707 53.2353 52.3259 39.6007 60.6631 65.2204 27.1662 42.4558 21.0238 17.6918 65.8559 52.4589 56.7274 52.7731 45.7056 28.4429 56.2228 75.1665 45.607 32.6877 42.5793 39.0416 32.459 
8.06702 19.8494 57.1096 75.349 8.06702 0.0 62.8156 32.3898 19.7231 39.3573 51.8652 38.6366 66.1309 45.2769 58.2779 40.2492 72.5335 52.1536 15.0 45.3542 43.0895 31.5753 37.7359 19.7003 62.6099 27.5862 37.4833 38.9103 55.0364 46.2865 44.541 65.6035 69.9714 26.9258 36.4165 29.0689 25.6911 73.8252 60.3855 50.8035 54.037 51.9653 28.6356 60.7454 83.1558 42.2966 24.6468 44.0 46.9682 24.4181 
60.6752 46.1736 47.0744 72.4431 57.8753 62.8156 0.0 95.1792 69.029 78.6448 18.868 38.6509 66.4906 31.305 19.6469 95.47 70.7107 95.6137 79.8625 96.1735 70.0197 66.0984 95.386 65.3113 2.0 90.3117 87.6235 41.737 93.4137 90.4268 40.2746 3.60555 17.0294 49.366 87.0643 44.7834 52.8413 65.0692 18.2483 91.6788 95.3855 79.4641 47.5184 16.1245 70.1783 68.0074 87.4363 88.0012 25.6125 87.2076 
40.4306 47.3661 92.6322 95.6647 40.4306 32.3898 95.1792 0.0 24.7588 36.4005 78.888 71.0002 87.3837 68.6553 90.6415 37.3631 92.9927 57.2713 31.7648 47.1699 58.258 38.0132 32.9848 45.8644 94.9735 20.6155 43.0465 71.2739 62.6498 35.0571 76.9046 97.9671 97.1084 46.1926 8.24621 61.4325 58.0547 97.9132 92.7491 41.0488 59.9333 63.7024 48.4251 87.6336 106.987 47.8853 9.21954 52.1536 79.3318 8.24621 
25.807 23.0868 73.9485 92.8867 25.4951 19.7231 69.029 24.7588 0.0 19.6977 54.3415 54.4156 83.6687 44.0114 68.3519 53.8833 90.0712 69.2604 33.5261 61.0082 60.8534 14.5602 50.2507 37.4642 69.0 37.5528 54.1479 55.2178 72.9932 26.9072 51.05 72.0 72.5328 21.5407 18.3576 45.607 43.1856 91.2414 69.5796 31.241 71.4493 69.0559 23.7697 63.0635 100.499 25.4951 26.9093 61.8142 55.05 21.5388 
45.2769 36.8917 91.8874 111.826 44.6542 39.3573 78.6448 36.4005 19.6977 0.0 61.2944 71.8235 102.616 49.0408 80.3019 71.0 109.018 88.1192 53.1413 79.3095 80.2996 12.6491 67.0298 56.9104 79.0759 54.037 72.9939 72.8629 92.4288 12.0 63.0 82.0 78.0064 29.7321 28.1603 63.6553 62.2013 109.713 81.5296 13.4164 90.4382 88.6461 31.3209 69.029 118.828 14.7648 42.19 81.2485 67.0 37.054 
50.3289 33.1059 56.3205 82.3893 47.5079 51.8652 18.868 78.888 54.3415 61.2944 0.0 41.5933 75.0267 12.6491 31.0161 90.1604 80.2247 94.249 74.5529 90.952 71.0329 49.0408 89.3098 58.3096 20.0 79.3809 82.3505 44.7214 94.3363 73.2462 30.105 22.4722 18.3848 33.2415 72.5428 44.6343 51.0581 76.1183 30.8707 73.9797 95.1693 81.0156 31.1448 8.94427 82.7103 49.7293 76.5055 85.307 26.3059 76.2768 
32.0156 36.1191 21.0894 43.6578 30.6757 38.6366 38.6509 71.0002 54.4156 71.8235 41.5933 0.0 35.171 45.2769 24.0838 61.4382 41.1096 57.0112 45.8473 59.7309 31.4006 60.5227 61.0595 30.7047 37.1216 59.9618 52.9706 3.16228 54.8179 81.1125 38.6586 39.2109 53.6656 46.1544 71.729 10.0499 17.2627 39.463 26.1914 84.8107 56.783 40.8167 46.0655 47.4342 48.1864 68.5629 63.2573 49.3987 15.2971 63.0286 
58.4676 68.884 19.4165 9.21954 58.1876 66.1309 66.4906 87.3837 83.6687 102.616 75.0267 35.171 0.0 80.2309 46.8722 63.7887 6.40312 49.366 57.8278 56.0357 29.4109 92.358 66.4906 55.7501 64.5368 70.4507 51.788 32.573 43.9318 110.513 73.8172 65.2534 83.3607 79.1581 91.3627 39.8246 40.4599 11.0 48.2701 114.883 47.676 30.0167 79.2023 79.2275 19.6469 101.213 78.426 45.0444 49.366 79.9954 
45.2217 25.4558 62.7388 88.3488 42.4382 45.2769 31.305 68.6553 44.0114 49.0408 12.6491 45.2769 80.2309 0.0 40.2244 85.2451 85.9117 91.9239 71.3097 87.7616 71.3863 37.054 82.8467 55.0091 32.249 72.8354 79.188 48.1664 92.6553 61.0328 29.0278 34.8855 29.1548 22.4722 62.31 44.2832 49.4773 82.8957 40.6079 61.5224 93.0484 81.5843 20.2485 20.0 90.2497 37.108 69.7395 83.006 31.0483 65.4347 
51.8048 45.3019 27.4591 53.0848 50.3513 58.2779 19.6469 90.6415 68.3519 80.3019 31.0161 24.0838 46.8722 40.2244 0.0 82.0896 51.2445 81.0466 66.4986 83.7663 55.4526 67.6974 81.7108 51.3561 17.72 80.6131 73.6219 27.1699 78.8465 91.5475 39.3019 18.7883 36.4966 50.6626 86.3141 30.7684 38.8302 46.0435 2.23607 93.6931 80.5723 62.922 49.3964 33.1361 51.9711 72.4224 82.8986 73.4341 15.2971 82.6699 
47.8904 59.864 68.2415 71.0634 47.8904 40.2492 95.47 37.3631 53.8833 71.0 90.1604 61.4382 63.7887 85.2451 82.0896 0.0 68.6586 21.2603 27.6586 10.6301 35.0143 68.1809 4.47214 31.916 94.0214 17.1172 12.0416 60.6865 27.5862 72.0069 82.0554 97.0109 107.675 67.1193 44.7214 51.4936 46.0437 74.6726 84.1971 77.9295 24.0832 34.7851 68.8767 98.714 83.3607 79.1524 29.2746 19.6977 70.7799 34.0588 
64.8702 75.1798 24.0 2.82843 64.5901 72.5335 70.7107 92.9927 90.0712 109.018 80.2247 41.1096 6.40312 85.9117 51.2445 68.6586 0.0 53.0094 63.4368 60.407 34.9285 98.737 71.5681 62.1527 68.7314 76.0592 56.7539 38.6264 47.1699 116.916 79.6804 69.2315 87.6926 85.4225 96.9718 46.1411 46.8615 8.60233 52.469 121.286 51.0882 34.2345 85.4283 84.0238 15.0 107.541 84.035 49.4975 54.9676 85.6044 
48.8496 69.1231 58.6003 55.0091 51.1957 52.1536 95.6137 57.2713 69.2604 88.1192 94.249 57.0112 49.366 91.9239 81.0466 21.2603 53.0094 0.0 37.2156 10.6301 25.807 83.0241 25.6125 37.3631 94.0844 36.6742 15.1327 54.0594 6.7082 90.802 86.1441 96.1737 112.602 78.2763 63.9062 54.2328 48.783 60.2993 83.1542 96.566 2.82843 19.6469 79.6241 102.803 68.0074 94.0053 48.4665 8.94427 71.178 52.4976 
21.9555 33.929 62.2407 66.1088 29.8332 15.0 79.8625 31.7648 33.5261 53.1413 74.5529 45.8473 57.8278 71.3097 66.4986 27.6586 63.4368 37.2156 0.0 31.0161 28.7645 46.3897 26.2488 16.3085 79.1376 20.3961 22.8035 45.0956 40.05 59.7638 66.4479 81.42 92.0676 41.4227 34.9701 35.9027 30.4528 68.3573 68.6062 64.2944 39.0512 35.5409 43.0503 83.1065 77.4312 57.2189 23.4094 29.0 55.189 23.8551 
43.9336 64.2583 62.3618 62.6498 46.2852 45.3542 96.1735 47.1699 61.0082 79.3095 90.952 59.7309 56.0357 87.7616 83.7663 10.6301 60.407 10.6301 31.0161 0.0 28.8617 75.1665 15.0 32.7567 94.8109 26.5707 8.60233 56.7791 17.0294 81.2527 82.8471 97.0933 109.946 72.1384 54.1202 51.576 46.1261 67.0298 85.8738 87.0976 13.4536 26.1725 73.766 99.5057 75.326 86.209 38.6005 11.0 70.8622 42.9535 
35.1141 52.1536 33.5261 37.5766 36.4005 43.0895 70.0197 58.258 60.8534 80.2996 71.0329 31.4006 29.4109 71.3863 55.4526 35.0143 34.9285 25.807 28.7645 28.8617 0.0 71.7844 37.3363 23.7065 68.4904 41.1461 23.0 28.4253 23.4307 87.5729 64.6004 70.5797 84.7231 62.3939 62.2994 27.5136 22.0907 40.025 57.5602 92.1035 25.4951 10.198 63.1981 77.8203 49.0408 82.0061 49.2037 18.3848 45.6508 50.9321 
36.6879 24.8395 80.7546 101.514 35.4683 31.5753 66.0984 38.0132 14.5602 12.6491 49.0408 60.5227 92.358 37.054 67.6974 68.1809 98.737 83.0241 46.3897 75.1665 71.7844 0.0 64.6479 48.5126 66.4906 51.95 68.0 61.6198 86.3713 24.3311 50.3954 69.4262 66.1891 17.088 30.4795 52.8015 52.3546 98.8585 68.9251 26.0 85.0941 80.7775 18.6815 57.0351 107.815 11.0454 41.2311 75.2396 54.3954 35.8469 
45.492 57.4656 70.4571 74.0405 45.492 37.7359 95.386 32.9848 50.2507 67.0298 89.3098 61.0595 66.4906 82.8467 81.7108 4.47214 71.5681 25.6125 26.2488 15.0 37.3363 64.6479 0.0 31.832 94.6612 13.0 14.8661 60.3078 31.8277 67.7422 81.9714 96.9435 107.591 64.4127 40.4475 51.4262 45.665 77.2787 83.8184 73.6817 28.4253 38.0789 66.242 98.6301 86.122 75.5198 25.0799 23.3238 70.7125 30.0 
12.0416 31.7805 47.0981 60.8386 14.0357 19.7003 65.3113 45.8644 37.4642 56.9104 58.3096 30.7047 55.7501 55.0091 51.3561 31.916 62.1527 37.3631 16.3085 32.7567 23.7065 48.5126 31.832 0.0 63.9487 30.4229 24.1868 29.953 39.2046 64.1837 50.2046 66.2311 75.8243 41.1947 49.8434 20.7601 15.3103 63.4444 53.4636 68.7143 38.833 32.28 42.4264 66.8632 72.7784 59.0339 36.9067 28.6356 40.0 38.7283 
60.4695 46.0435 45.1221 70.4557 57.6696 62.6099 2.0 94.9735 69.0 79.0759 20.0 37.1216 64.5368 32.249 17.72 94.0214 68.7314 94.0844 79.1376 94.8109 68.4904 66.4906 94.6612 63.9487 0.0 90.106 86.2609 40.2077 91.8844 90.802 40.0689 3.0 19.0263 49.6488 87.0071 43.4208 51.4786 63.0714 16.2788 92.1792 93.8562 77.9348 47.8539 17.8885 68.1836 68.7095 87.2306 86.4719 24.4131 87.0019 
35.5631 47.3814 76.3552 78.721 35.5631 27.5862 90.3117 20.6155 37.5528 54.037 79.3809 59.9618 70.4507 72.8354 80.6131 17.1172 76.0592 36.6742 20.3961 26.5707 41.1461 51.95 13.0 30.4229 90.106 0.0 22.8035 59.21 42.19 54.9181 72.0371 93.0995 97.4743 53.3279 27.6586 50.0171 44.5673 80.9802 82.7207 60.8276 39.3573 44.8219 55.2614 88.2556 90.0541 62.8172 12.1655 32.0156 74.4643 17.0 
35.3599 55.6846 56.2633 59.203 37.7115 37.4833 87.6235 43.0465 54.1479 72.9939 82.3505 52.9706 51.788 79.188 73.6219 12.0416 56.7539 15.1327 22.8035 8.60233 23.0 68.0 14.8661 24.1868 86.2609 22.8035 0.0 50.6804 19.6977 75.8947 74.2456 88.5433 99.6903 64.1312 49.2443 43.026 37.5761 62.6498 75.7295 81.6088 17.4642 23.2594 65.7588 90.9042 71.3863 79.0063 34.0 9.21954 62.3122 37.6962 
31.9531 37.2211 19.1308 41.2311 30.8707 38.9103 41.737 71.2739 55.2178 72.8629 44.7214 3.16228 32.573 48.1664 27.1699 60.6865 38.6264 54.0594 45.0956 56.7791 28.4253 61.6198 60.3078 29.953 40.2077 59.21 50.6804 0.0 51.8556 82.0061 41.4138 42.297 56.7979 47.2564 74.4173 9.84886 16.0 37.4433 29.2775 85.7963 53.8311 37.7359 47.1676 50.5964 46.2278 69.6649 61.9725 46.4469 18.4391 63.3023 
51.0882 70.859 54.7083 49.0408 53.2353 55.0364 93.4137 62.6498 72.9932 92.4288 94.3363 54.8179 43.9318 92.6553 78.8465 27.5862 47.1699 6.7082 40.05 17.0294 23.4307 86.3713 31.8277 39.2046 91.8844 42.19 19.6977 51.8556 0.0 95.5196 86.5078 93.9737 108.07 80.399 68.942 50.7781 49.1467 54.7449 80.9541 101.193 4.12311 15.2643 81.6149 101.129 62.1289 97.2522 53.6656 11.1803 68.9847 57.3847 
52.5504 47.4236 100.818 119.732 52.3259 46.2865 90.4268 35.0571 26.9072 12.0 73.2462 81.1125 110.513 61.0328 91.5475 72.0069 116.916 90.802 59.7638 81.2527 87.5729 24.3311 67.7422 64.1837 90.802 54.9181 75.8947 82.0061 95.5196 0.0 74.2456 93.7443 90.0056 41.2311 27.2947 72.4707 70.0071 118.14 92.7752 6.0 93.3006 93.8828 42.9535 81.0247 127.405 25.9615 42.7551 84.5044 78.2456 38.3275 
42.4006 28.0 58.2989 82.1688 39.6007 44.541 40.2746 76.9046 51.05 63.0 30.105 38.6586 73.8172 29.0278 39.3019 82.0554 79.6804 86.1441 66.4479 82.8471 64.6004 50.3954 81.9714 50.2046 40.0689 72.0371 74.2456 41.4138 86.5078 74.2456 0.0 43.0624 47.6197 33.3607 69.0122 37.3059 42.9531 77.7577 40.5296 76.3911 87.0644 74.7887 32.095 38.6586 85.8465 55.2041 69.1617 77.202 26.0 68.933 
63.4631 49.0408 45.8803 70.859 60.6631 65.6035 3.60555 97.9671 72.0 82.0 22.4722 39.2109 65.2534 34.8855 18.7883 97.0109 69.2315 96.1737 81.42 97.0933 70.5797 69.4262 96.9435 66.2311 3.0 93.0995 88.5433 42.297 93.9737 93.7443 43.0624 0.0 19.105 52.6118 90.0068 45.7032 53.761 63.2851 17.088 95.0789 95.9455 80.0242 50.8035 19.4165 68.0294 71.5122 90.2241 88.5613 26.9258 89.9954 
68.0203 51.4782 63.9531 89.4539 65.2204 69.9714 17.0294 97.1084 72.5328 78.0064 18.3848 53.6656 83.3607 29.1548 36.4966 107.675 87.6926 112.602 92.0676 109.946 84.7231 66.1891 107.591 75.8243 19.0263 97.4743 99.6903 56.7979 108.07 90.0056 47.6197 19.105 0.0 51.1957 90.7631 58.5554 66.6132 82.0975 35.2278 90.1388 110.035 94.414 49.0306 9.48683 87.0919 65.2763 94.5989 103.66 39.1152 94.3702 
29.4279 10.4403 66.3862 88.1192 27.1662 26.9258 49.366 46.1926 21.5407 29.7321 33.2415 46.1544 79.1581 22.4722 50.6626 67.1193 85.4225 78.2763 41.4227 72.1384 62.3939 17.088 64.4127 41.1947 49.6488 53.3279 64.1312 47.2564 80.399 41.2311 33.3607 52.6118 51.1957 0.0 39.8473 39.3954 41.0 84.6678 51.8845 43.0813 79.9062 72.1734 2.23607 41.7732 93.4832 22.6716 48.3424 69.7209 37.3607 42.9719 
43.5741 41.0208 95.7757 99.6437 42.4558 36.4165 87.0643 8.24621 18.3576 28.1603 72.5428 71.729 91.3627 62.31 86.3141 44.7214 96.9718 63.9062 34.9701 54.1202 62.2994 30.4795 40.4475 49.8434 87.0071 27.6586 49.2443 74.4173 68.942 27.2947 69.0122 90.0068 90.7631 39.8473 0.0 64.5759 61.1981 101.892 87.5418 33.2415 66.4831 68.6003 42.0799 81.2884 110.966 39.9625 15.5242 58.1378 73.0122 11.6619 
22.1359 29.0689 28.3473 48.8774 21.0238 29.0689 44.7834 61.4325 45.607 63.6553 44.6343 10.0499 39.8246 44.2832 30.7684 51.4936 46.1411 54.2328 35.9027 51.576 27.5136 52.8015 51.4262 20.7601 43.4208 50.0171 43.026 9.84886 50.7781 72.4707 37.3059 45.7032 58.5554 39.3954 64.5759 0.0 8.06226 46.0977 32.876 76.4199 52.7432 37.6431 39.5601 51.4296 55.1725 61.4003 53.6896 45.2907 19.4721 53.4609 
18.0278 30.5941 32.3246 49.679 17.6918 25.6911 52.8413 58.0547 43.1856 62.2013 51.0581 17.2627 40.4599 49.4773 38.8302 46.0437 46.8615 48.783 30.4528 46.1261 22.0907 52.3546 45.665 15.3103 51.4786 44.5673 37.5761 16.0 49.1467 70.0071 42.9531 53.761 66.6132 41.0 61.1981 8.06226 0.0 48.2701 40.9378 74.411 49.7033 32.2754 41.5933 59.4874 57.6281 61.8466 48.7532 39.8409 27.53 50.083 
66.1619 74.6324 20.2485 8.60233 65.8559 73.8252 65.0692 97.9132 91.2414 109.713 76.1183 39.463 11.0 82.8957 46.0435 74.6726 8.60233 60.2993 68.3573 67.0298 40.025 98.8585 77.2787 63.4444 63.0714 80.9802 62.6498 37.4433 54.7449 118.14 77.7577 63.2851 82.0975 84.6678 101.892 46.0977 48.2701 0.0 47.0 122.332 58.5491 41.0122 84.579 79.1581 9.43398 107.076 88.9555 56.0357 52.497 90.7772 
53.9124 46.5296 28.8617 54.231 52.4589 60.3855 18.2483 92.7491 69.5796 81.5296 30.8707 26.1914 48.2701 40.6079 2.23607 84.1971 52.469 83.1542 68.6062 85.8738 57.5602 68.9251 83.8184 53.4636 16.2788 82.7207 75.7295 29.2775 80.9541 92.7752 40.5296 17.088 35.2278 51.8845 87.5418 32.876 40.9378 47.0 0.0 94.9208 82.6799 64.6779 50.6063 32.3883 52.6118 73.4983 85.0062 75.5417 17.1172 84.7775 
57.0559 50.2494 104.737 124.101 56.7274 50.8035 91.6788 41.0488 31.241 13.4164 73.9797 84.8107 114.883 61.5224 93.6931 77.9295 121.286 96.566 64.2944 87.0976 92.1035 26.0 73.6817 68.7143 92.1792 60.8276 81.6088 85.7963 101.193 6.0 76.3911 95.0789 90.1388 43.0813 33.2415 76.4199 74.411 122.332 94.9208 0.0 99.0404 99.8049 44.5982 81.3941 131.529 25.02 48.6621 90.1388 80.3911 44.1475 
50.4876 70.6116 57.7062 53.0094 52.7731 54.037 95.3855 59.9333 71.4493 90.4382 95.1693 56.783 47.676 93.0484 80.5723 24.0832 51.0882 2.82843 39.0512 13.4536 25.4951 85.0941 28.4253 38.833 93.8562 39.3573 17.4642 53.8311 4.12311 93.3006 87.0644 95.9455 110.035 79.9062 66.4831 52.7432 49.7033 58.5491 82.6799 99.0404 0.0 18.3848 81.2158 103.723 66.0681 96.0469 51.0784 10.198 70.9497 55.0273 
44.1475 62.0322 39.4462 36.4966 45.7056 51.9653 79.4641 63.7024 69.0559 88.6461 81.0156 40.8167 30.0167 81.5843 62.922 34.7851 34.2345 19.6469 35.5409 26.1725 10.198 80.7775 38.0789 32.28 77.9348 44.8219 23.2594 37.7359 15.2643 93.8828 74.7887 80.0242 94.414 72.1734 68.6003 37.6431 32.2754 41.0122 64.6779 99.8049 18.3848 0.0 73.0616 87.7268 49.163 91.2195 54.4885 15.2971 55.4617 57.0088 
30.8058 11.0454 66.2974 88.1022 28.4429 28.6356 47.5184 48.4251 23.7697 31.3209 31.1448 46.0655 79.2023 20.2485 49.3964 68.8767 85.4283 79.6241 43.0503 73.766 63.1981 18.6815 66.242 42.4264 47.8539 55.2614 65.7588 47.1676 81.6149 42.9535 32.095 50.8035 49.0306 2.23607 42.0799 39.5601 41.5933 84.579 50.6063 44.5982 81.2158 73.0616 0.0 39.6232 93.3944 23.3452 52.0941 71.0211 36.095 45.2045 
59.0339 42.0476 60.0333 86.0 56.2228 60.7454 16.1245 87.6336 63.0635 69.029 8.94427 47.4342 79.2275 20.0 33.1361 98.714 84.0238 102.803 83.1065 99.5057 77.8203 57.0351 98.6301 66.8632 17.8885 88.2556 90.9042 50.5964 101.129 81.0247 38.6586 19.4165 9.48683 41.7732 81.2884 51.4296 59.4874 79.1581 32.3883 81.3941 103.723 87.7268 39.6232 0.0 85.0 56.7186 85.3802 93.8606 32.311 85.1515 
75.4959 83.4479 28.3019 13.1529 75.1665 83.1558 70.1783 106.987 100.499 118.828 82.7103 48.1864 19.6469 90.2497 51.9711 83.3607 15.0 68.0074 77.4312 75.326 49.0408 107.815 86.122 72.7784 68.1836 90.0541 71.3863 46.2278 62.1289 127.405 85.8465 68.0294 87.0919 93.4832 110.966 55.1725 57.6281 9.43398 52.6118 131.529 66.0681 49.163 93.3944 85.0 0.0 115.892 98.0294 64.3817 59.8878 99.8511 
47.0744 32.45 88.7948 110.277 45.607 42.2966 68.0074 47.8853 25.4951 14.7648 49.7293 68.5629 101.213 37.108 72.4224 79.1524 107.541 94.0053 57.2189 86.209 82.0061 11.0454 75.5198 59.0339 68.7095 62.8172 79.0063 69.6649 97.2522 25.9615 55.2041 71.5122 65.2763 22.6716 39.9625 61.4003 61.8466 107.076 73.4983 25.02 96.0469 91.2195 23.3452 56.7186 115.892 0.0 51.8652 86.1452 59.2041 46.4866 
32.6877 44.2869 82.8389 86.707 32.6877 24.6468 87.4363 9.21954 26.9093 42.19 76.5055 63.2573 78.426 69.7395 82.8986 29.2746 84.035 48.4665 23.4094 38.6005 49.2037 41.2311 25.0799 36.9067 87.2306 12.1655 34.0 61.9725 53.6656 42.7551 69.1617 90.2241 94.5989 48.3424 15.5242 53.6896 48.7532 88.9555 85.0062 48.6621 51.0784 54.4885 52.0941 85.3802 98.0294 51.8652 0.0 43.0465 71.5889 5.38516 
40.3113 60.4152 51.8652 51.788 42.5793 44.0 88.0012 52.1536 61.8142 81.2485 85.307 49.3987 45.0444 83.006 73.4341 19.6977 49.4975 8.94427 29.0 11.0 18.3848 75.2396 23.3238 28.6356 86.4719 32.0156 9.21954 46.4469 11.1803 84.5044 77.202 88.5613 103.66 69.7209 58.1378 45.2907 39.8409 56.0357 75.5417 90.1388 10.198 15.2971 71.0211 93.8606 64.3817 86.1452 43.0465 0.0 64.577 46.5188 
40.4951 32.0 32.3402 57.4047 39.0416 46.9682 25.6125 79.3318 55.05 67.0 26.3059 15.2971 49.366 31.0483 15.2971 70.7799 54.9676 71.178 55.189 70.8622 45.6508 54.3954 70.7125 40.0 24.4131 74.4643 62.3122 18.4391 68.9847 78.2456 26.0 26.9258 39.1152 37.3607 73.0122 19.4721 27.53 52.497 17.1172 80.3911 70.9497 55.4617 36.095 32.311 59.8878 59.2041 71.5889 64.577 0.0 71.3602 
32.459 44.0582 84.6606 88.2764 32.459 24.4181 87.2076 8.24621 21.5388 37.054 76.2768 63.0286 79.9954 65.4347 82.6699 34.0588 85.6044 52.4976 23.8551 42.9535 50.9321 35.8469 30.0 38.7283 87.0019 17.0 37.6962 63.3023 57.3847 38.3275 68.933 89.9954 94.3702 42.9719 11.6619 53.4609 50.083 90.7772 84.7775 44.1475 55.0273 57.0088 45.2045 85.1515 99.8511 46.4866 5.38516 46.5188 71.3602 0.0 
DEMAND_SCENARIO_SECTION
0 0 0 0 0 0 0 0 0 0 0 0 0 0 0 0 0 0 0 0 0 0 0 0 0 0 0 0 0 0 0 0 0 0 0 0 0 0 0 0 0 0 0 0 0 0 0 0 0 0 
5 12 5 6 11 5 6 7 5 4 3 6 8 7 4 12 12 7 8 9 9 8 6 6 7 4 10 4 10 8 6 8 7 10 8 4 6 10 9 7 6 9 6 11 5 4 5 6 0 5 
7 6 3 3 6 4 8 10 4 6 2 4 4 8 9 8 3 5 6 7 9 3 5 2 9 6 9 10 10 6 6 5 7 6 2 4 9 8 5 8 6 4 9 7 4 3 1 5 3 5 
4 0 1 4 2 3 5 3 3 3 1 3 1 3 1 1 2 3 3 2 7 3 3 1 1 0 2 3 3 2 0 1 2 3 2 0 0 4 1 3 3 3 1 0 2 2 1 1 1 1 
4 8 7 6 7 5 3 3 10 6 8 3 4 2 4 6 4 5 4 7 6 3 7 6 6 7 8 4 8 8 4 10 6 6 5 6 4 5 6 6 5 4 4 10 9 6 7 2 5 7 
4 2 5 5 3 3 3 1 0 1 2 0 2 5 3 1 2 1 2 1 6 2 3 2 0 1 3 7 0 5 3 0 4 3 2 2 5 6 1 3 3 5 4 4 3 4 3 5 3 0 
0 2 0 1 0 2 1 0 2 0 3 0 0 1 1 1 1 3 0 2 0 4 2 1 1 0 1 1 4 2 2 0 1 1 0 1 0 1 2 1 4 0 0 0 1 2 0 1 0 1 
4 5 3 6 3 5 5 5 3 3 4 3 4 5 3 1 4 2 2 2 1 3 1 1 3 2 2 2 3 2 4 2 5 4 0 5 5 4 1 2 3 3 3 1 1 3 3 2 3 3 
2 1 1 3 3 1 1 3 0 5 5 1 4 1 0 0 3 2 4 0 2 3 1 3 3 2 4 4 1 4 2 2 4 5 2 3 0 0 2 1 2 2 1 3 2 1 0 4 3 0 
6 8 6 8 8 8 4 12 8 12 11 12 9 13 11 9 11 12 11 10 7 13 11 10 7 15 14 3 10 6 9 7 9 5 8 12 3 14 8 10 9 8 9 6 11 9 8 5 11 9 
9 12 7 10 9 10 10 10 7 10 11 6 9 10 10 12 9 11 12 13 7 9 10 9 7 13 6 12 8 6 8 6 12 8 7 13 12 8 12 14 8 9 6 15 15 8 11 14 11 4 
3 5 3 5 3 3 4 3 5 7 4 3 3 5 3 4 6 5 4 5 5 3 4 1 5 7 5 5 4 3 4 3 3 2 5 6 6 4 5 4 2 6 5 5 5 6 1 7 1 5 
2 3 4 3 0 5 6 5 7 3 5 5 4 8 6 7 4 7 5 3 8 8 2 3 4 5 4 3 8 3 1 5 5 5 6 6 5 6 4 5 4 7 10 5 5 0 4 5 7 6 
4 4 1 2 2 3 5 5 3 2 3 4 4 2 3 2 5 6 5 4 4 4 5 5 6 3 0 1 4 2 4 2 3 2 2 4 4 1 5 4 3 5 3 2 3 3 3 2 4 4 
8 8 8 5 6 5 3 3 1 7 4 5 6 9 7 0 5 3 4 3 3 5 4 0 5 7 9 12 4 3 5 5 8 8 4 7 5 2 5 5 4 5 2 8 2 4 5 4 7 3 
4 6 2 6 3 6 5 8 10 6 10 5 4 3 7 5 10 3 4 11 8 4 5 7 3 4 5 4 4 7 10 7 9 4 11 1 3 10 2 7 2 2 8 6 4 6 4 7 7 3 
6 2 1 5 3 8 0 7 1 6 6 1 1 4 1 3 3 3 4 4 3 0 2 2 5 4 2 2 2 1 4 3 1 9 5 2 6 5 1 4 0 2 2 6 4 3 3 0 3 5 
9 2 7 9 6 12 9 7 5 9 5 8 5 10 7 7 5 8 14 10 6 12 9 8 7 10 7 6 3 11 0 3 5 10 3 6 6 6 7 8 7 6 8 4 10 2 8 4 10 8 
11 6 12 9 12 9 9 13 10 10 10 5 13 10 8 11 10 10 16 7 9 16 11 8 15 5 10 13 12 9 10 10 9 10 14 13 9 12 13 13 7 4 6 18 11 10 7 10 12 10 
2 4 2 3 4 2 1 0 3 1 3 4 2 3 1 0 0 3 2 0 3 2 0 3 3 3 0 0 0 2 2 1 4 0 2 2 0 2 2 2 3 0 1 3 1 0 5 1 3 1 
2 2 0 1 2 3 4 3 1 2 1 3 4 5 3 3 3 2 3 2 3 2 2 6 4 4 3 4 4 4 2 3 6 4 4 3 3 3 4 6 4 6 4 6 1 3 4 1 0 3 
3 2 2 0 1 0 2 1 1 0 2 1 0 0 0 0 2 2 1 1 1 3 0 0 1 1 1 1 2 2 1 4 1 0 0 3 0 1 1 1 1 1 0 1 0 2 2 1 1 2 
9 9 7 3 6 5 13 6 7 6 9 2 7 6 6 9 2 8 8 11 8 9 6 8 7 5 9 8 7 3 1 5 4 2 7 10 8 0 3 6 5 8 9 8 4 9 9 5 6 8 
7 1 8 4 10 5 10 12 7 10 9 12 6 8 11 7 7 9 10 10 12 7 5 6 4 9 7 7 7 0 2 8 10 11 11 12 7 8 11 3 9 8 5 11 9 11 7 4 6 10 
5 2 10 4 6 6 9 8 0 4 3 3 5 4 4 3 7 2 1 7 6 3 6 7 1 6 6 5 4 4 4 5 10 8 6 4 5 5 6 8 2 4 5 8 3 7 5 3 6 8 
8 5 6 7 8 9 8 0 7 4 8 4 4 3 6 9 4 3 3 5 5 5 6 5 9 12 4 6 2 6 2 2 4 4 8 6 5 8 8 6 9 4 5 9 6 2 7 3 7 9 
9 7 10 6 10 9 3 5 8 9 11 10 8 14 13 9 8 7 13 11 6 7 6 6 8 9 11 10 13 6 5 7 6 11 2 9 7 7 11 13 10 10 13 9 9 2 15 9 4 8 
7 6 2 5 3 2 2 7 7 2 6 9 8 4 3 8 9 6 4 6 3 8 7 8 10 3 5 5 3 5 3 10 3 3 4 2 6 3 4 3 3 6 6 4 3 5 5 7 1 5 
11 9 7 13 8 10 12 11 9 8 10 5 11 7 7 10 5 0 3 3 8 11 8 12 12 8 10 9 7 6 9 10 18 9 11 10 9 9 7 14 6 8 9 8 3 13 12 10 9 13 
8 6 11 9 13 12 7 10 16 9 9 9 6 10 11 14 11 10 12 13 6 7 11 7 8 8 8 7 10 10 7 5 5 13 8 7 14 11 9 13 11 10 6 2 10 7 11 17 14 5 
3 6 2 5 2 8 6 1 5 7 4 4 6 4 5 6 5 5 6 4 1 4 2 6 3 3 3 3 2 4 6 4 6 5 6 4 4 5 8 2 4 5 1 5 3 5 5 4 7 4 
5 6 5 8 7 7 8 3 3 5 10 7 5 9 4 6 6 4 4 4 6 4 3 4 8 7 9 9 5 10 9 7 3 3 3 6 7 8 4 4 4 3 6 6 8 6 5 11 7 8 
9 12 12 10 8 7 9 12 6 13 11 12 11 5 15 8 11 10 9 9 9 7 12 8 12 9 13 10 13 7 4 6 11 12 15 6 5 12 8 10 8 7 10 4 12 3 13 13 16 12 
3 2 0 5 2 5 2 2 4 3 2 3 4 3 1 6 3 1 4 1 2 4 5 6 4 6 2 2 6 3 7 5 3 2 4 5 4 0 4 1 4 7 7 10 2 4 5 4 5 1 
5 2 4 7 9 10 7 8 5 12 12 7 5 10 6 8 7 6 7 4 3 4 5 1 7 6 9 7 4 6 7 3 7 3 11 3 4 10 5 10 6 5 3 6 12 15 12 8 8 8 
3 9 5 10 7 11 2 8 8 1 8 8 2 5 5 8 10 2 10 0 8 6 8 6 6 6 7 2 1 4 7 12 7 5 8 4 10 3 5 9 9 9 7 5 11 6 6 8 7 9 
3 4 1 2 3 3 2 2 1 2 0 2 1 0 0 1 2 3 2 0 1 1 1 1 2 4 2 3 3 1 0 1 2 4 2 2 1 1 2 2 3 3 0 2 0 3 2 1 1 2 
13 11 12 7 10 12 14 8 11 8 11 9 9 10 11 6 7 9 15 12 12 9 12 12 13 10 8 7 8 5 10 8 8 14 6 10 16 8 16 12 15 12 9 7 8 10 11 8 9 13 
10 14 9 13 9 7 12 8 10 11 16 8 9 8 9 13 11 8 8 10 7 8 10 11 9 10 9 9 8 11 10 8 9 12 13 12 12 7 13 13 11 6 18 9 17 14 8 7 10 7 
5 7 8 1 7 9 4 7 6 7 4 6 2 6 7 4 8 1 3 8 7 7 8 8 3 6 6 10 8 2 6 5 8 7 2 10 5 3 5 7 6 3 4 11 1 4 3 7 5 5 
7 10 8 9 5 9 11 4 10 10 10 10 8 11 6 5 13 13 3 10 13 7 7 12 12 12 12 11 11 11 18 7 4 11 15 12 16 11 10 11 10 9 7 14 10 11 10 12 6 14 
3 8 3 4 6 8 2 5 6 2 9 0 9 2 3 6 11 6 5 5 4 8 3 4 9 5 4 4 4 5 3 9 7 5 4 1 6 3 0 6 1 7 2 1 6 6 5 6 5 6 
1 3 0 3 0 2 0 0 1 0 2 0 0 1 1 1 2 1 3 1 1 1 1 0 1 3 1 0 2 0 2 1 2 1 2 1 0 2 2 2 1 0 2 0 2 0 1 2 1 1 
3 2 6 7 5 4 6 4 7 2 2 2 6 4 2 3 9 6 4 4 4 6 4 3 4 4 5 5 0 3 3 6 3 2 7 3 3 4 2 9 7 3 7 7 5 6 4 2 3 6 
4 7 1 6 7 3 7 6 5 7 1 3 0 7 6 6 3 1 4 5 2 6 2 3 3 3 6 7 7 2 6 4 6 5 3 4 4 8 4 5 2 6 4 1 8 6 10 4 5 7 
6 5 3 0 6 6 5 6 6 7 8 5 5 8 2 9 8 4 6 7 7 7 8 0 6 7 7 6 2 1 5 3 4 6 4 1 5 6 5 5 8 6 6 5 8 3 3 3 7 9 
0 1 1 2 4 1 1 2 0 1 1 1 0 0 2 1 2 3 0 1 0 0 2 2 2 2 1 2 0 1 1 2 1 1 2 1 0 3 1 1 3 2 2 1 0 1 2 2 0 2 
5 3 5 9 3 3 4 4 1 1 7 3 4 0 6 6 3 4 4 5 4 4 3 4 2 5 9 1 1 7 5 0 4 5 4 1 2 2 5 3 5 6 5 2 3 4 4 8 6 1 
14 9 7 17 11 9 9 11 2 10 12 5 8 16 17 12 11 10 17 11 4 14 11 7 12 3 12 10 11 2 10 11 7 6 10 10 7 5 14 10 6 14 11 7 9 12 6 12 12 6 
2 2 2 1 0 1 0 1 1 0 0 0 2 0 1 0 2 0 2 0 1 0 0 2 0 1 1 1 0 1 2 2 2 2 0 1 2 2 0 2 2 3 0 2 1 0 2 0 0 0 
DEPOT_SECTION
 1
 -1
EOF
