NAME  : Parada_50_2_0.95_1.00_1
TYPE : SVRP
MODEL : FINITE_SUPPORT
NUMBER_OF_SCENARIOS : 50
DIMENSION : 50
EDGE_WEIGHT_TYPE : MATRIX
CAPACITY : 141
N_VEHICLES : 2
NODE_COORD_SECTION
1 404630 153330
2 230950 82882
3 323470 220350
4 216150 578940
5 231630 117140
6 462510 592040
7 74823 133870
8 211930 38583
9 66190 18
10 417220 633700
11 172070 159530
12 179710 197780
13 250380 208090
14 537280 558710
15 343100 776300
16 288080 444120
17 689500 376950
18 27 199570
19 196840 314430
20 278000 303470
21 187410 578400
22 573140 368830
23 60520 214650
24 678780 395910
25 223870 238890
26 418690 189870
27 574250 445910
28 74739 168100
29 460460 539960
30 316300 290810
31 287240 306860
32 375020 582800
33 234890 438290
34 523450 564080
35 119940 193730
36 133570 68975
37 201610 520700
38 481020 609480
39 342090 689210
40 214980 96342
41 404320 681090
42 272670 384830
43 182120 415350
44 479080 598140
45 87071 156580
46 82634 38830
47 487760 262110
48 449310 203800
49 306780 528660
50 618060 437150
DEMAND_SECTION
1 0.0
2 10.0
3 5.0
4 10.0
5 1.0
6 9.0
7 7.0
8 8.0
9 8.0
10 3.0
11 2.0
12 10.0
13 6.0
14 7.0
15 1.0
16 4.0
17 3.0
18 8.0
19 9.0
20 2.0
21 8.0
22 9.0
23 1.0
24 4.0
25 6.0
26 6.0
27 3.0
28 6.0
29 7.0
30 2.0
31 2.0
32 3.0
33 9.0
34 5.0
35 3.0
36 3.0
37 7.0
38 6.0
39 9.0
40 1.0
41 10.0
42 3.0
43 4.0
44 8.0
45 1.0
46 6.0
47 5.0
48 6.0
49 5.0
50 8.0
DISTANCE_MATRIX
0.0 43.0116 22.065 57.0494 44.7214 55.1605 36.7423 50.3289 58.2094 51.4184 32.703 29.7321 33.0151 50.1199 71.0737 43.3449 52.1536 51.9258 32.9212 37.0 61.0498 34.9285 45.9689 49.2544 27.0 9.21954 41.6293 37.0663 46.7967 42.3792 36.4012 51.8315 50.3481 51.1077 36.4125 44.6336 58.8612 51.8669 62.864 46.3249 58.0104 35.0209 41.7862 50.8333 39.5744 53.7684 16.0 11.4018 46.4005 41.3038 
43.0116 0.0 50.3587 67.1193 5.83095 86.5852 18.0278 7.81025 25.02 89.6614 36.0555 13.3417 14.4222 85.7284 110.15 51.3128 94.6099 32.45 49.98 25.7099 70.3847 77.8845 30.4795 91.8207 19.105 49.3735 84.5044 22.4722 87.347 27.0185 26.9258 74.5055 49.6588 85.9884 27.7308 11.7047 47.3814 82.4621 101.107 4.47214 96.6444 59.2284 41.7612 84.1628 22.0227 18.1108 56.1393 53.0229 64.1367 82.3893 
22.065 50.3587 0.0 72.2533 54.1295 42.7224 35.2278 56.0089 54.4243 64.2884 17.088 38.0789 45.6946 41.3722 81.4125 58.5488 48.7647 38.3901 13.1623 54.8081 76.2537 36.7967 30.457 46.6476 40.8422 13.1529 46.2277 31.5753 57.2713 59.7805 54.8845 66.289 65.552 41.633 25.7099 46.2709 80.3584 38.6306 75.5844 54.5894 69.4622 15.2453 63.2834 63.7033 33.9559 53.3667 31.0161 16.1245 61.4205 34.9285 
57.0494 67.1193 72.2533 0.0 64.0078 99.2975 72.3798 74.2428 90.7579 39.3192 76.9804 59.9083 52.9245 91.8401 60.208 18.0 79.9416 89.1171 83.1095 42.19 4.12311 62.4382 82.1697 76.8243 50.0 59.091 60.6086 74.0946 48.3839 43.4166 40.8167 18.2483 17.4642 93.4098 74.4169 75.8947 36.7696 96.2549 45.2769 67.1193 49.0918 85.2092 26.4008 28.7924 76.1809 84.5044 41.6773 56.5362 11.3137 75.9732 
44.7214 5.83095 54.1295 64.0078 0.0 90.802 23.4307 10.4403 30.0666 89.4588 40.7185 16.1245 13.0384 89.5269 109.947 49.0408 96.7471 38.2753 54.626 21.9317 67.082 79.6241 36.0694 93.9042 18.7883 51.0392 85.8047 27.8029 87.2353 22.3607 23.2594 72.2378 46.6476 89.8906 32.7567 17.4642 42.107 86.6833 98.4365 3.16228 96.4418 63.3246 38.0789 75.4775 27.5862 23.0217 56.0436 55.2268 61.8466 85.053 
55.1605 86.5852 42.7224 99.2975 90.802 0.0 69.8713 91.4112 85.0941 78.8543 50.8035 74.9466 82.9421 10.0499 87.0919 85.8168 39.0512 66.2722 37.2156 91.6224 103.176 42.9535 61.0082 39.4588 78.1863 46.0308 51.2445 65.6201 67.7422 97.0028 91.1426 91.1674 93.4988 8.06226 59.6825 80.6226 113.718 4.12311 87.6926 90.956 79.3095 27.5136 96.258 79.7804 67.3647 86.0523 57.8014 44.6001 88.2664 29.0689 
36.7423 18.0278 35.2278 72.3798 23.4307 69.8713 0.0 21.587 21.9317 89.6732 19.105 13.1529 23.0868 70.0071 110.162 55.898 82.5409 17.2627 32.7567 36.1386 76.0308 67.5611 12.8062 80.0562 23.0217 37.6742 75.8788 4.47214 83.3323 39.5601 36.8782 81.3737 55.3263 70.0643 10.198 11.0454 60.7454 65.7647 101.119 22.4722 96.6562 43.0465 50.0899 84.1747 4.47214 18.7883 52.5356 42.3311 68.6973 69.3758 
50.3289 7.81025 56.0089 74.2428 10.4403 91.4112 21.587 0.0 20.6155 97.4568 40.6079 20.6155 22.0227 91.1976 117.945 58.8218 101.434 32.5576 54.3415 32.311 77.3886 85.1132 32.6497 98.7896 26.9072 56.109 91.9239 25.9615 95.151 32.7567 33.6155 81.9912 56.8243 91.351 31.7805 11.6619 52.0 87.2983 108.902 7.28011 104.44 64.3817 48.4665 91.9583 24.6982 13.6015 66.0083 60.2374 71.6101 88.955 
58.2094 25.02 54.4243 90.7579 30.0666 85.0941 21.9317 20.6155 0.0 111.14 37.3363 31.305 38.0789 87.1321 131.629 74.3468 102.956 19.105 48.6621 50.4876 94.255 88.8369 24.5153 100.648 40.8534 58.9828 97.1873 23.8537 104.799 52.0384 51.6236 97.5149 73.3757 86.8332 29.0689 14.8661 72.1734 81.1542 120.83 27.1662 118.123 60.4152 66.2873 103.886 21.095 7.07107 74.0026 63.6396 87.1461 89.3197 
51.4184 89.6614 64.2884 39.3192 89.4588 78.8543 89.6732 97.4568 111.14 0.0 76.3597 78.2772 76.438 69.3758 23.2594 41.1096 46.8722 98.1544 76.1101 68.6009 41.0 35.9026 89.6256 44.4185 70.766 52.6328 28.6356 89.9972 12.2066 72.1082 67.2336 21.095 47.2969 71.3092 89.3434 94.8969 73.5527 77.1038 11.6619 91.8594 10.198 78.1931 57.28 13.0 92.5052 104.081 36.4018 48.4018 31.1448 50.2892 
32.703 36.0555 17.088 76.9804 40.7185 50.8035 19.105 40.6079 37.3363 76.3597 0.0 25.807 35.3836 51.0098 94.9145 60.4986 65.7419 21.9317 13.9284 46.4004 80.6314 52.6308 13.6015 63.5295 32.0156 23.8035 61.5549 15.0 70.511 51.0882 46.6154 77.6734 59.9356 51.0098 9.0 30.0167 71.2811 46.6905 87.8035 40.4969 82.3434 24.0 56.6468 75.7746 17.1172 36.4966 41.8419 28.4253 73.9588 52.0 
29.7321 13.3417 38.0789 59.9083 16.1245 74.9466 13.1529 20.6155 31.305 78.2772 25.807 0.0 10.2956 73.416 98.7659 43.4343 81.2731 30.4138 39.4462 23.0868 63.561 64.56 25.0799 78.4838 10.0499 36.1283 71.3092 16.1555 75.9464 26.8328 23.7697 66.6024 42.7551 73.9109 19.2094 16.6433 47.927 70.8378 89.7228 17.0294 85.2602 47.4342 37.0135 72.7787 17.4642 25.807 45.3954 39.686 56.2336 69.1809 
33.0151 14.4222 45.6946 52.9245 13.0384 82.9421 23.0868 22.0227 38.0789 76.438 35.3836 10.2956 0.0 80.4126 96.9267 36.8917 85.1469 40.2616 48.6004 13.1529 56.3028 67.6018 35.3412 82.2192 6.08276 40.3113 73.4938 26.4008 74.2428 16.5529 14.0357 60.0934 35.4683 81.0843 29.4109 23.3452 37.6962 78.8503 86.2921 15.6205 83.421 55.4651 28.2843 63.333 27.5136 31.6228 43.1234 44.0454 49.7246 74.108 
50.1199 85.7284 41.3722 91.8401 89.5269 10.0499 70.0071 91.1976 87.1321 69.3758 51.0098 73.416 80.4126 0.0 77.0584 78.8303 29.1204 68.884 38.4708 86.8159 95.6938 33.5261 62.6498 29.4279 75.5311 41.1461 41.4367 66.0076 58.0517 92.1954 86.3308 82.0116 85.8335 2.0 60.0083 81.0 108.659 10.2956 77.9295 89.998 69.4622 27.0185 89.9557 70.6247 68.0661 87.2812 50.9117 39.1152 80.7844 19.2354 
71.0737 110.15 81.4125 60.208 109.947 87.0919 110.162 117.945 131.629 23.2594 94.9145 98.7659 96.9267 77.0584 0.0 64.2573 49.2544 116.709 93.7257 91.8389 61.0082 46.8402 108.18 48.0416 91.2547 71.2811 37.108 110.486 24.4131 95.3462 90.4716 42.7551 70.214 79.0569 101.317 115.386 95.901 86.3713 15.0 112.348 13.6015 95.8088 80.3243 36.2491 112.994 124.57 56.5862 66.5733 53.6004 58.3095 
43.3449 51.3128 58.5488 18.0 49.0408 85.8168 55.898 58.8218 74.3468 41.1096 60.4986 43.4343 36.8917 78.8303 64.2573 0.0 70.0071 72.6354 69.405 28.4253 22.0227 51.8941 65.9266 66.8506 33.5263 45.3865 52.6308 57.6128 46.1054 31.3847 27.0185 23.4307 7.28011 80.2934 57.9351 59.4817 34.2345 82.662 50.5371 52.0096 51.2445 71.5047 16.2788 28.1603 59.6992 68.2275 28.0188 42.8317 12.8062 64.3506 
52.1536 94.6099 48.7647 79.9416 96.7471 39.0512 82.5409 101.434 102.956 46.8722 65.7419 81.2731 85.1469 29.1204 49.2544 70.0071 0.0 87.1123 58.5576 87.367 82.3708 18.4391 79.177 3.16228 79.1012 46.0977 19.105 79.4796 34.6699 92.5419 86.4696 62.5149 77.2528 31.0483 73.9256 93.3006 103.446 39.2173 52.9245 98.1529 44.0114 46.486 84.2294 51.1279 82.0792 101.242 44.7214 41.5933 68.8859 14.2127 
51.9258 32.45 38.3901 89.1171 38.2753 66.2722 17.2627 32.5576 19.105 98.1544 21.9317 30.4138 40.2616 68.884 116.709 72.6354 87.1123 0.0 30.6757 53.3667 92.7681 74.5185 8.60233 84.9672 40.1995 45.5982 83.4865 15.0333 92.3056 56.6127 54.1295 97.2774 72.0625 68.4471 16.5529 21.2603 77.7946 62.3939 109.598 36.4005 104.138 42.72 67.2681 99.3581 13.0384 21.9317 63.6366 50.2494 86.9086 73.3067 
32.9212 49.98 13.1623 83.1095 54.626 37.2156 32.7567 54.3415 48.6621 76.1101 13.9284 39.4462 48.6004 38.4708 93.7257 69.405 58.5576 30.6757 0.0 58.6994 87.1099 49.598 24.1868 59.7393 44.5982 24.0217 58.9183 28.4429 69.4811 63.6553 58.7757 77.8916 76.4082 38.2099 22.561 43.4166 83.3305 33.1361 87.4919 54.4243 81.5891 12.083 68.5824 75.525 30.1496 49.0102 42.0555 27.72 72.4607 44.6011 
37.0 25.7099 54.8081 42.19 21.9317 91.6224 36.1386 32.311 50.4876 68.6009 46.4004 23.0868 13.1529 86.8159 91.8389 28.4253 87.367 53.3667 58.6994 0.0 45.1774 69.1158 48.1041 84.2912 14.4222 45.6946 73.171 39.2173 71.4378 5.38516 1.41421 51.8556 25.0 87.691 41.5933 36.0555 25.0599 88.0605 78.5493 25.0799 78.7235 64.6752 16.1555 55.6017 40.5216 43.7379 43.0 48.3839 41.0366 77.9766 
61.0498 70.3847 76.2537 4.12311 67.082 103.176 76.0308 77.3886 94.255 41.0 80.6314 63.561 56.3028 95.6938 61.0082 22.0227 82.3708 92.7681 87.1099 45.1774 0.0 66.2919 85.8207 79.5428 53.6004 63.0914 63.2727 77.7456 50.6952 46.0435 43.8292 20.2485 20.8806 97.2635 78.0679 79.404 37.5899 100.17 46.0109 70.214 50.4876 89.2097 29.1548 31.305 79.832 87.9204 45.6508 60.5366 15.0 79.8269 
34.9285 77.8845 36.7967 62.4382 79.6241 42.9535 67.5611 85.1132 88.8369 35.9026 52.6308 64.56 67.6018 33.5261 46.8402 51.8941 18.4391 74.5185 49.598 69.1158 66.2919 0.0 66.2193 15.2971 61.5224 30.4138 9.84886 65.0 25.02 74.2428 68.1836 48.6044 59.0931 35.4401 59.9083 78.0568 85.0953 41.3038 45.0444 81.2527 37.054 42.2127 65.8786 37.2174 67.7422 86.3486 26.3059 25.4951 51.3825 14.7648 
45.9689 30.4795 30.457 82.1697 36.0694 61.0082 12.8062 32.6497 24.5153 89.6256 13.6015 25.0799 35.3412 62.6498 108.18 65.9266 79.177 8.60233 24.1868 48.1041 85.8207 66.2193 0.0 77.026 34.2053 37.0694 75.0733 8.94427 83.7768 51.8941 48.7032 89.7556 65.1249 62.3939 8.24621 21.0238 73.0068 57.0 101.069 34.8281 95.6093 35.9026 61.0 91.8363 8.48528 25.0799 55.1078 41.7253 79.3868 65.3736 
49.2544 91.8207 46.6476 76.8243 93.9042 39.4588 80.0562 98.7896 100.648 44.4185 63.5295 78.4838 82.2192 29.4279 48.0416 66.8506 3.16228 84.9672 59.7393 84.2912 79.5428 15.2971 77.026 0.0 76.1643 43.4166 16.2788 77.0779 32.249 89.4539 83.3847 59.6869 74.0945 31.4006 71.5891 90.7579 100.285 39.2938 50.9215 95.352 42.0595 45.329 81.0681 48.3 79.7057 98.7927 41.5933 38.833 65.7686 12.8062 
27.0 19.105 40.8422 50.0 18.7883 78.1863 23.0217 26.9072 40.8534 70.766 32.0156 10.0499 6.08276 75.5311 91.2547 33.5263 79.1012 40.1995 44.5982 14.4222 53.6004 61.5224 34.2053 76.1643 0.0 34.5254 67.6389 25.4951 68.4763 19.105 14.7648 56.6944 32.7567 76.2028 27.313 26.0 39.4462 74.0945 82.2116 21.095 77.7491 50.7093 27.074 65.2675 27.1662 34.8855 37.2686 38.1182 46.3256 68.1836 
9.21954 49.3735 13.1529 59.091 51.0392 46.0308 37.6742 56.109 58.9828 52.6328 23.8035 36.1283 40.3113 41.1461 71.2811 45.3865 46.0977 45.5982 24.0217 45.6946 63.0914 30.4138 37.0694 43.4166 34.5254 0.0 38.6005 35.1321 46.8722 51.0784 45.1885 53.873 52.3897 42.0595 30.2062 48.1699 67.7154 42.7372 64.0781 53.1536 58.6686 26.1215 50.6404 52.0477 37.8917 56.4617 18.0416 5.0 48.4421 34.0147 
41.6293 84.5044 46.2277 60.6086 85.8047 51.2445 75.8788 91.9239 97.1873 28.6356 61.5549 71.3092 73.4938 41.4367 37.108 52.6308 19.105 83.4865 58.9183 73.171 63.2727 9.84886 75.0733 16.2788 67.6389 38.6005 0.0 73.3367 16.7631 78.0577 72.111 43.4168 59.9083 43.4166 68.4105 86.2571 86.6833 50.01 36.4966 87.6128 28.0713 51.7834 67.7422 32.0299 76.0963 94.6663 30.4138 33.6006 50.7294 22.2036 
37.0663 22.4722 31.5753 74.0946 27.8029 65.6201 4.47214 25.9615 23.8537 89.9972 15.0 16.1555 26.4008 66.0076 110.486 57.6128 79.4796 15.0333 28.4429 39.2173 77.7456 65.0 8.94427 77.0779 25.4951 35.1321 73.3367 0.0 83.6563 42.9535 39.8497 82.4179 57.0351 66.0076 6.0 15.0333 64.0781 61.5224 101.443 26.9258 96.9802 39.0 52.469 84.4986 2.82843 21.8403 52.8595 39.789 71.9045 66.0984 
46.7967 87.347 57.2713 48.3839 87.2353 67.7422 83.3323 95.151 104.799 12.2066 70.511 75.9464 74.2428 58.0517 24.4131 46.1054 34.6699 92.3056 69.4811 71.4378 50.6952 25.02 83.7768 32.249 68.4763 46.8722 16.7631 83.6563 0.0 75.4321 70.1031 30.4631 53.0094 60.0167 76.9136 90.88 80.0062 66.2722 20.025 89.5619 12.3693 71.5641 62.2897 19.6469 86.1644 100.358 32.6497 42.19 38.6394 38.833 
42.3792 27.0185 59.7805 43.4166 22.3607 97.0028 39.5601 32.7567 52.0384 72.1082 51.0882 26.8328 16.5529 92.1954 95.3462 31.3847 92.5419 56.6127 63.6553 5.38516 46.0435 74.2428 51.8941 89.4539 19.105 51.0784 78.0577 42.9535 75.4321 0.0 6.08276 54.6443 26.9072 93.0714 45.793 38.1182 21.1896 93.0328 81.8841 25.4951 82.1708 69.6476 17.0294 59.109 44.0114 45.0999 48.0416 53.7587 43.6005 83.3499 
36.4012 26.9258 54.8845 40.8167 23.2594 91.1426 36.8782 33.6155 51.6236 67.2336 46.6154 23.7697 14.0357 86.3308 90.4716 27.0185 86.4696 54.1295 58.7757 1.41421 43.8292 68.1836 48.7032 83.3847 14.7648 45.1885 72.111 39.8497 70.1031 6.08276 0.0 50.448 23.6008 87.2112 42.0476 37.1214 24.6982 87.8491 77.1751 26.4008 77.2962 64.7515 14.8661 54.2344 41.2311 44.911 42.0119 47.7737 39.6232 77.3649 
51.8315 74.5055 66.289 18.2483 72.2378 91.1674 81.3737 81.9912 97.5149 21.095 77.6734 66.6024 60.0934 82.0116 42.7551 23.4307 62.5149 97.2774 77.8916 51.8556 20.2485 48.6044 89.7556 59.6869 56.6944 53.873 43.4168 82.4179 30.4631 54.6443 50.448 0.0 28.178 83.8883 81.7641 82.6498 53.1507 90.6395 28.1603 75.1883 31.0 79.9913 38.4708 11.4018 84.926 91.3956 36.2495 51.3178 11.1803 63.3497 
50.3481 49.6588 65.552 17.4642 46.6476 93.4988 55.3263 56.8243 73.3757 47.2969 59.9356 42.7551 35.4683 85.8335 70.214 7.28011 77.2528 72.0625 76.4082 25.0 20.8806 59.0931 65.1249 74.0945 32.7567 52.3897 59.9083 57.0351 53.0094 26.9072 23.6008 28.178 0.0 87.2966 57.3216 58.5235 27.074 90.2182 56.0803 49.7393 57.4891 78.5079 10.2956 34.5254 59.1354 67.0671 35.022 49.8349 17.0 71.3641 
51.1077 85.9884 41.633 93.4098 89.8906 8.06226 70.0643 91.351 86.8332 71.3092 51.0098 73.9109 81.0843 2.0 79.0569 80.2934 31.0483 68.4471 38.2099 87.691 97.2635 35.4401 62.3939 31.4006 76.2028 42.0595 43.4166 66.0076 60.0167 93.0714 87.2112 83.8883 87.2966 0.0 60.0083 81.0247 109.773 8.60233 79.9062 90.2588 71.4493 27.0185 91.2606 72.5013 68.0074 87.1436 52.345 40.2244 82.3541 21.2132 
36.4125 27.7308 25.7099 74.4169 32.7567 59.6825 10.198 31.7805 29.0689 89.3434 9.0 19.2094 29.4109 60.0083 101.317 57.9351 73.9256 16.5529 22.561 41.5933 78.0679 59.9083 8.24621 71.5891 27.313 30.2062 68.4105 6.0 76.9136 45.793 42.0476 81.7641 57.3216 60.0083 0.0 21.0238 66.6483 55.5788 100.789 32.2025 88.7461 33.0 53.6004 83.8449 8.24621 27.6586 52.2058 34.863 71.3953 60.407 
44.6336 11.7047 46.2709 75.8947 17.4642 80.6226 11.0454 11.6619 14.8661 94.8969 30.0167 16.6433 23.3452 81.0 115.386 59.4817 93.3006 21.2603 43.4166 36.0555 79.404 78.0568 21.0238 90.7579 26.0 48.1699 86.2571 15.0333 90.88 38.1182 37.1214 82.6498 58.5235 81.0247 21.0238 0.0 58.8558 76.531 106.342 15.2643 101.88 54.0093 51.6236 89.3984 13.3417 9.21954 60.4268 52.8268 72.281 80.2808 
58.8612 47.3814 80.3584 36.7696 42.107 113.718 60.7454 52.0 72.1734 73.5527 71.2811 47.927 37.6962 108.659 95.901 34.2345 103.446 77.7946 83.3305 25.0599 37.5899 85.0953 73.0068 100.285 39.4462 67.7154 86.6833 64.0781 80.0062 21.1896 24.6982 53.1507 27.074 109.773 66.6483 58.8558 0.0 110.424 81.2527 45.0444 83.7257 89.3063 19.3132 61.131 65.192 65.123 59.8495 71.284 42.4264 96.4997 
51.8669 82.4621 38.6306 96.2549 86.6833 4.12311 65.7647 87.2983 81.1542 77.1038 46.6905 70.8378 78.8503 10.2956 86.3713 82.662 39.2173 62.3939 33.1361 88.0605 100.17 41.3038 57.0 39.2938 74.0945 42.7372 50.01 61.5224 66.2722 93.0328 87.8491 90.6395 90.2182 8.60233 55.5788 76.531 110.424 0.0 86.2844 86.8332 78.0577 23.4094 92.9644 77.7569 63.2851 82.0244 54.6443 41.3065 85.266 28.0713 
62.864 101.107 75.5844 45.2769 98.4365 87.6926 101.119 108.902 120.83 11.6619 87.8035 89.7228 86.2921 77.9295 15.0 50.5371 52.9245 109.598 87.4919 78.5493 46.0109 45.0444 101.069 50.9215 82.2116 64.0781 36.4966 101.443 20.025 81.8841 77.1751 28.1603 56.0803 79.9062 100.789 106.342 81.2527 86.2844 0.0 101.387 8.94427 89.575 66.3099 23.4307 103.951 115.527 47.8473 59.808 39.2173 58.6941 
46.3249 4.47214 54.5894 67.1193 3.16228 90.956 22.4722 7.28011 27.1662 91.8594 40.4969 17.0294 15.6205 89.998 112.348 52.0096 98.1529 36.4005 54.4243 25.0799 70.214 81.2527 34.8281 95.352 21.095 53.1536 87.6128 26.9258 89.5619 25.4951 26.4008 75.1883 49.7393 90.2588 32.2025 15.2643 45.0444 86.8332 101.387 0.0 98.8424 63.561 41.2311 78.428 26.4008 20.0998 58.3541 56.5685 64.8151 86.209 
58.0104 96.6444 69.4622 49.0918 96.4418 79.3095 96.6562 104.44 118.123 10.198 82.3434 85.2602 83.421 69.4622 13.6015 51.2445 44.0114 104.138 81.5891 78.7235 50.4876 37.054 95.6093 42.0595 77.7491 58.6686 28.0713 96.9802 12.3693 82.1708 77.2962 31.0 57.4891 71.4493 88.7461 101.88 83.7257 78.0577 8.94427 98.8424 0.0 83.6722 67.4463 23.0868 99.4883 111.064 43.2782 54.1202 41.3038 50.2494 
35.0209 59.2284 15.2453 85.2092 63.3246 27.5136 43.0465 64.3817 60.4152 78.1931 24.0 47.4342 55.4651 27.0185 95.8088 71.5047 46.486 42.72 12.083 64.6752 89.2097 42.2127 35.9026 45.329 50.7093 26.1215 51.7834 39.0 71.5641 69.6476 64.7515 79.9913 78.5079 27.0185 33.0 54.0093 89.3063 23.4094 89.575 63.561 83.6722 0.0 76.2393 77.608 41.0488 60.2993 44.1599 29.8031 74.5604 32.5295 
41.7862 41.7612 63.2834 26.4008 38.0789 96.258 50.0899 48.4665 66.2873 57.28 56.6468 37.0135 28.2843 89.9557 80.3243 16.2788 84.2294 67.2681 68.5824 16.1555 29.1548 65.8786 61.0 81.0681 27.074 50.6404 67.7422 52.469 62.2897 17.0294 14.8661 38.4708 10.2956 91.2606 53.6004 51.6236 19.3132 92.9644 66.3099 41.2311 67.4463 76.2393 0.0 44.3847 54.231 59.6657 41.1466 52.581 27.2947 77.7968 
50.8333 84.1628 63.7033 28.7924 75.4775 79.7804 84.1747 91.9583 103.886 13.0 75.7746 72.7787 63.333 70.6247 36.2491 28.1603 51.1279 99.3581 75.525 55.6017 31.305 37.2174 91.8363 48.3 65.2675 52.0477 32.0299 84.4986 19.6469 59.109 54.2344 11.4018 34.5254 72.5013 83.8449 89.3984 61.131 77.7569 23.4307 78.428 23.0868 77.608 44.3847 0.0 87.0067 98.5826 35.8167 47.8167 19.105 51.9627 
39.5744 22.0227 33.9559 76.1809 27.5862 67.3647 4.47214 24.6982 21.095 92.5052 17.1172 17.4642 27.5136 68.0661 112.994 59.6992 82.0792 13.0384 30.1496 40.5216 79.832 67.7422 8.48528 79.7057 27.1662 37.8917 76.0963 2.82843 86.1644 44.0114 41.2311 84.926 59.1354 68.0074 8.24621 13.3417 65.192 63.2851 103.951 26.4008 99.4883 41.0488 54.231 87.0067 0.0 19.4165 55.3676 42.5486 74.285 68.6222 
53.7684 18.1108 53.3667 84.5044 23.0217 86.0523 18.7883 13.6015 7.07107 104.081 36.4966 25.807 31.6228 87.2812 124.57 68.2275 101.242 21.9317 49.0102 43.7379 87.9204 86.3486 25.0799 98.7927 34.8855 56.4617 94.6663 21.8403 100.358 45.0999 44.911 91.3956 67.0671 87.1436 27.6586 9.21954 65.123 82.0244 115.527 20.0998 111.064 60.2993 59.6657 98.5826 19.4165 0.0 69.5616 61.1186 81.0268 87.9318 
16.0 56.1393 31.0161 41.6773 56.0436 57.8014 52.5356 66.0083 74.0026 36.4018 41.8419 45.3954 43.1234 50.9117 56.5862 28.0188 44.7214 63.6366 42.0555 43.0 45.6508 26.3059 55.1078 41.5933 37.2686 18.0416 30.4138 52.8595 32.6497 48.0416 42.0119 36.2495 35.022 52.345 52.2058 60.4268 59.8495 54.6443 47.8473 58.3541 43.2782 44.1599 41.1466 35.8167 55.3676 69.5616 0.0 15.2971 30.8707 37.1214 
11.4018 53.0229 16.1245 56.5362 55.2268 44.6001 42.3311 60.2374 63.6396 48.4018 28.4253 39.686 44.0454 39.1152 66.5733 42.8317 41.5933 50.2494 27.72 48.3839 60.5366 25.4951 41.7253 38.833 38.1182 5.0 33.6006 39.789 42.19 53.7587 47.7737 51.3178 49.8349 40.2244 34.863 52.8268 71.284 41.3065 59.808 56.5685 54.1202 29.8031 52.581 47.8167 42.5486 61.1186 15.2971 0.0 45.8803 30.0666 
46.4005 64.1367 61.4205 11.3137 61.8466 88.2664 68.6973 71.6101 87.1461 31.1448 73.9588 56.2336 49.7246 80.7844 53.6004 12.8062 68.8859 86.9086 72.4607 41.0366 15.0 51.3825 79.3868 65.7686 46.3256 48.4421 50.7294 71.9045 38.6394 43.6005 39.6232 11.1803 17.0 82.3541 71.3953 72.281 42.4264 85.266 39.2173 64.8151 41.3038 74.5604 27.2947 19.105 74.285 81.0268 30.8707 45.8803 0.0 64.9175 
41.3038 82.3893 34.9285 75.9732 85.053 29.0689 69.3758 88.955 89.3197 50.2892 52.0 69.1809 74.108 19.2354 58.3095 64.3506 14.2127 73.3067 44.6011 77.9766 79.8269 14.7648 65.3736 12.8062 68.1836 34.0147 22.2036 66.0984 38.833 83.3499 77.3649 63.3497 71.3641 21.2132 60.407 80.2808 96.4997 28.0713 58.6941 86.209 50.2494 32.5295 77.7968 51.9627 68.6222 87.9318 37.1214 30.0666 64.9175 0.0 
DEMAND_SCENARIO_SECTION
0 0 0 0 0 0 0 0 0 0 0 0 0 0 0 0 0 0 0 0 0 0 0 0 0 0 0 0 0 0 0 0 0 0 0 0 0 0 0 0 0 0 0 0 0 0 0 0 0 0 
14 9 7 6 9 9 11 15 15 6 10 9 13 7 12 10 11 7 10 9 3 9 8 12 6 11 12 8 8 9 6 7 8 9 12 10 9 8 14 6 11 10 16 13 10 9 10 10 7 7 
5 2 3 7 10 7 6 6 7 10 6 8 5 6 5 7 3 7 7 4 6 4 7 8 3 6 4 3 7 2 2 9 4 9 2 6 0 2 7 3 3 5 6 5 4 5 4 5 1 8 
4 12 15 8 9 9 4 7 5 10 9 15 12 7 7 14 8 10 12 13 10 8 13 12 8 7 15 11 10 7 9 8 11 9 10 6 8 14 7 12 10 9 9 15 12 16 10 16 13 8 
1 1 1 3 0 0 0 0 2 1 4 0 0 1 3 2 1 0 1 1 0 1 3 1 0 2 2 0 1 2 1 1 0 2 2 0 2 1 1 1 2 0 0 2 1 1 0 0 0 2 
10 7 9 12 7 9 5 9 7 9 14 10 12 7 7 14 16 7 8 10 13 6 6 12 19 10 12 9 11 8 1 10 6 7 9 2 9 10 7 9 8 9 8 11 5 4 8 10 9 10 
4 7 9 1 6 9 7 10 6 9 5 5 9 10 7 6 3 7 11 9 11 3 3 5 9 8 12 10 3 12 6 11 8 9 8 7 8 7 9 5 5 10 11 6 3 0 6 9 6 7 
10 6 8 8 9 3 10 18 9 6 4 6 8 4 8 5 12 3 8 13 9 11 7 4 9 6 9 7 10 8 13 7 9 6 10 5 8 6 5 8 11 6 8 7 9 10 5 12 8 9 
3 0 10 5 4 5 6 6 4 8 9 7 7 8 9 10 8 7 6 7 12 8 12 8 13 10 9 6 10 10 5 7 6 8 6 8 10 3 7 10 14 8 7 4 9 6 7 6 9 10 
5 2 4 2 2 4 5 2 2 1 4 7 1 1 3 2 6 3 3 4 2 3 4 4 2 2 2 5 3 2 1 1 1 5 1 2 5 4 2 5 4 4 2 3 3 4 2 5 1 3 
1 0 1 2 2 3 2 0 1 3 2 1 1 3 3 5 2 0 2 0 3 5 2 4 2 3 2 0 2 3 1 2 4 2 1 2 1 2 5 1 4 2 1 3 3 2 0 3 2 0 
10 10 16 7 2 16 11 11 6 12 7 14 9 8 10 10 11 9 11 3 12 10 8 8 11 6 7 13 7 10 10 10 10 9 12 8 8 7 13 4 11 7 10 7 11 12 12 8 12 15 
5 2 6 9 6 9 4 7 5 8 4 9 5 5 7 5 9 7 9 8 9 6 2 5 5 9 8 5 9 9 6 7 4 3 9 4 8 7 7 8 9 5 4 6 0 4 1 3 5 8 
8 9 12 10 6 6 6 7 8 7 9 12 5 7 10 10 5 6 4 6 8 9 7 2 10 7 7 8 5 8 5 9 11 5 8 4 10 7 8 5 5 11 5 5 8 8 7 0 2 8 
2 1 0 2 1 1 1 2 1 0 0 2 2 0 0 1 2 1 0 2 1 2 0 1 2 1 3 0 1 4 1 0 1 1 0 2 1 2 2 1 1 1 2 0 2 0 2 1 1 0 
4 5 5 0 3 5 6 3 3 1 6 6 3 1 3 4 2 4 3 4 7 4 6 2 2 4 3 5 2 4 6 4 2 4 4 4 1 4 5 5 7 5 2 2 6 2 6 3 1 5 
3 3 4 3 4 3 5 2 3 4 4 4 3 2 2 2 4 4 2 5 3 0 3 5 4 0 3 5 6 3 4 1 3 1 2 3 3 1 2 1 4 0 2 1 2 3 2 1 2 0 
8 10 10 9 10 14 7 7 6 9 11 8 4 6 8 7 7 7 10 10 8 5 10 8 15 11 16 12 10 9 7 1 7 13 3 11 0 8 4 11 3 14 9 6 6 11 12 12 6 13 
13 4 9 11 11 11 7 6 8 12 10 5 11 8 10 11 6 11 8 7 14 9 8 14 5 6 8 10 6 12 11 3 11 9 10 5 8 7 4 13 13 5 8 9 11 7 10 5 4 9 
1 2 5 1 2 4 2 0 1 1 4 2 4 1 4 1 0 4 2 1 1 2 1 1 1 4 3 1 4 0 1 5 3 8 0 3 0 2 1 2 4 3 2 3 3 2 4 0 4 1 
10 3 6 6 6 7 12 4 15 2 7 10 9 6 9 10 11 13 8 6 5 7 5 9 4 9 8 12 8 4 9 11 10 7 11 9 9 9 13 5 4 9 7 10 8 7 7 12 1 10 
11 10 7 7 13 9 10 10 10 16 8 10 7 11 8 5 13 11 6 9 6 15 9 8 11 8 5 8 6 14 4 6 9 14 7 13 9 11 8 7 12 15 7 11 8 10 12 8 5 8 
1 1 1 1 0 1 1 1 1 2 1 2 1 0 1 0 2 1 1 0 2 3 1 1 1 1 2 0 1 1 1 0 1 1 1 1 1 0 0 2 0 3 1 1 2 0 1 1 2 2 
1 3 7 1 6 0 2 5 1 4 3 6 2 6 5 2 4 3 7 0 7 4 6 5 2 5 2 4 5 3 1 1 6 5 3 6 4 6 0 6 6 7 3 2 5 5 4 2 3 2 
3 9 7 7 5 6 8 7 8 8 7 3 7 9 1 2 8 6 4 2 3 5 9 6 6 9 4 7 5 7 6 9 4 4 4 7 3 4 6 7 8 8 8 3 7 7 5 6 3 8 
10 8 4 5 7 8 8 8 9 5 7 10 6 6 5 6 4 6 3 8 9 6 6 3 4 4 4 3 3 9 7 4 6 4 7 8 6 7 4 3 8 6 7 7 8 2 10 6 8 10 
1 0 0 6 2 2 3 3 4 4 1 6 2 4 3 0 4 5 2 6 1 0 2 1 5 3 0 3 2 2 2 5 3 0 2 4 1 3 3 3 4 5 7 1 2 3 3 0 0 1 
8 8 5 9 9 9 6 3 9 8 4 5 6 0 5 4 4 5 9 6 9 10 7 9 6 7 5 5 8 5 5 9 4 7 5 7 3 4 0 3 6 1 6 5 3 4 6 6 4 5 
7 6 9 4 10 8 4 11 3 2 5 8 7 8 4 11 10 12 3 7 4 8 10 5 9 10 7 3 5 9 6 10 11 9 9 5 6 8 7 8 6 8 10 10 2 7 7 15 8 10 
2 3 1 3 2 2 1 3 2 2 2 0 1 6 1 3 3 2 4 1 1 2 2 1 2 3 1 5 2 2 3 4 2 5 2 5 0 0 4 4 1 0 0 3 4 4 3 1 1 2 
1 1 0 0 2 2 1 3 3 4 2 1 1 4 2 3 2 2 1 2 2 4 2 5 0 2 3 1 1 2 1 0 5 1 3 5 3 3 2 3 1 3 1 1 3 1 1 5 2 2 
6 7 4 5 5 3 1 0 2 4 0 3 5 0 2 2 4 3 4 3 4 5 3 5 3 6 2 3 4 2 3 3 0 2 1 4 0 5 2 1 2 4 5 4 3 5 1 4 3 1 
13 14 4 8 13 11 6 8 6 10 8 12 11 14 0 17 9 10 8 11 11 10 9 11 10 9 15 10 11 12 6 5 15 13 8 11 9 6 8 13 4 10 10 12 7 4 4 8 10 6 
5 4 2 3 7 5 2 5 5 3 7 4 5 1 6 11 6 4 5 6 10 2 5 4 3 6 6 5 5 6 6 2 1 4 2 3 5 5 7 3 3 4 5 6 4 3 3 5 3 5 
3 6 2 2 3 2 4 6 4 4 4 6 2 3 2 3 1 4 0 3 1 2 1 2 5 2 3 1 3 3 6 4 4 2 5 1 2 2 2 3 4 4 2 4 2 4 3 3 2 3 
5 0 2 3 5 7 3 4 3 0 1 1 2 2 3 4 2 0 2 5 0 6 5 1 3 1 2 7 6 7 1 2 0 5 0 2 4 1 3 3 1 4 5 4 5 4 4 0 0 3 
16 4 6 4 0 7 6 9 7 8 9 8 5 4 5 6 9 11 6 8 9 9 14 6 7 7 12 8 4 11 3 9 2 7 8 7 8 5 7 11 10 8 6 7 10 3 8 8 7 4 
8 6 10 10 10 5 0 10 5 5 9 12 9 4 2 10 6 5 7 2 5 7 8 3 7 8 6 6 3 5 6 9 7 10 4 8 4 2 2 5 7 6 9 4 8 8 9 2 4 0 
7 9 7 8 7 7 9 11 5 8 7 15 10 9 5 6 5 1 11 11 11 11 11 7 13 16 14 11 4 10 8 8 11 10 3 8 10 10 8 9 9 3 11 11 7 10 11 9 9 12 
1 0 1 2 0 2 1 2 4 1 1 0 0 1 1 2 1 2 0 2 1 2 2 2 1 2 1 1 0 1 0 1 2 4 1 2 0 1 0 0 0 1 1 1 1 2 0 1 2 1 
11 6 14 15 3 13 8 10 5 13 5 14 7 7 15 13 7 8 11 12 14 9 8 9 12 10 9 10 10 11 12 6 13 12 9 7 15 13 14 8 6 12 11 14 11 9 8 8 9 6 
1 3 2 6 3 4 0 4 5 5 6 5 2 5 4 5 0 3 3 7 3 5 4 0 4 4 3 4 6 5 4 4 1 8 3 0 1 4 2 6 3 5 4 0 3 5 2 2 3 3 
5 1 4 5 6 7 7 4 5 4 2 4 7 5 6 4 5 2 6 5 4 4 6 5 4 0 5 0 4 7 5 4 3 6 5 5 3 1 4 4 6 3 3 6 0 4 5 5 6 0 
7 12 12 10 5 9 4 10 9 6 9 9 7 10 5 6 13 9 15 9 11 6 5 5 5 7 9 10 8 5 9 5 12 8 8 4 5 5 5 6 5 8 1 9 5 7 8 9 7 7 
3 2 2 1 2 1 1 3 1 0 3 0 3 1 3 0 2 0 1 0 2 1 0 1 1 1 0 3 1 1 0 3 2 1 2 1 0 2 2 1 0 1 1 1 1 1 0 0 2 1 
7 7 8 5 5 6 3 7 3 8 9 13 10 5 4 0 10 5 5 8 1 7 5 6 6 7 6 5 5 4 6 6 3 9 5 3 4 3 5 12 10 5 8 4 6 10 3 7 4 9 
4 5 0 3 6 6 3 5 5 6 3 4 4 6 2 6 7 4 7 4 3 3 5 6 4 2 0 2 5 4 8 5 5 7 4 7 7 10 2 2 8 6 4 6 3 3 2 6 5 2 
6 3 3 5 3 1 5 3 7 4 10 6 3 7 8 4 7 2 8 9 7 6 8 6 9 2 3 7 3 9 4 7 12 8 6 7 8 9 3 8 8 7 4 4 6 5 0 5 4 3 
6 8 3 2 6 8 6 8 5 2 2 3 7 7 4 2 7 4 2 4 4 4 5 4 4 5 7 5 6 9 5 4 2 4 6 4 8 6 10 10 9 8 4 8 6 3 5 1 9 3 
8 9 3 6 10 9 14 6 5 7 9 6 4 8 11 7 9 9 6 2 5 11 6 1 8 10 6 8 7 8 5 8 2 8 7 5 5 12 9 12 9 11 7 9 10 6 12 9 7 1 
DEPOT_SECTION
 1
 -1
EOF
