NAME  : Parada_50_2_0.95_1.00_7
TYPE : SVRP
MODEL : FINITE_SUPPORT
NUMBER_OF_SCENARIOS : 50
DIMENSION : 50
EDGE_WEIGHT_TYPE : MATRIX
CAPACITY : 133
N_VEHICLES : 2
NODE_COORD_SECTION
1 339760 383710
2 369400 263400
3 331720 508970
4 242770 235860
5 186380 561990
6 219850 229670
7 163840 293980
8 550520 363140
9 462500 198540
10 90190 382340
11 52933 362010
12 159800 309690
13 157730 443010
14 451050 679380
15 27 497150
16 305490 88337
17 147360 432130
18 146100 559810
19 4516 439040
20 171260 471500
21 371510 92650
22 498450 395820
23 299160 109370
24 542460 498670
25 289120 431750
26 547500 18
27 227550 572840
28 406750 140190
29 22979 407070
30 295880 152660
31 514780 441640
32 46276 472190
33 429870 642220
34 204850 619720
35 196750 493630
36 81177 405690
37 416040 321130
38 410380 682030
39 196680 493620
40 216220 356880
41 136590 487980
42 580930 104110
43 346350 67057
44 582130 339740
45 585780 321910
46 315940 374810
47 622920 125330
48 585380 186180
49 474480 214010
50 444890 544460
DEMAND_SECTION
1 0.0
2 2.0
3 3.0
4 2.0
5 4.0
6 7.0
7 3.0
8 6.0
9 3.0
10 9.0
11 3.0
12 8.0
13 7.0
14 5.0
15 5.0
16 5.0
17 6.0
18 3.0
19 6.0
20 5.0
21 1.0
22 3.0
23 9.0
24 7.0
25 2.0
26 8.0
27 7.0
28 7.0
29 9.0
30 5.0
31 4.0
32 4.0
33 1.0
34 10.0
35 8.0
36 8.0
37 7.0
38 2.0
39 5.0
40 4.0
41 1.0
42 1.0
43 2.0
44 3.0
45 7.0
46 9.0
47 10.0
48 7.0
49 8.0
50 3.0
DISTANCE_MATRIX
0.0 14.0357 58.7672 44.7214 37.7434 48.3011 29.4295 37.6173 33.6998 41.0366 45.9674 32.2104 32.249 82.9614 40.8534 45.0111 32.45 38.9561 35.9026 30.0832 37.341 29.2356 49.0918 43.6531 9.21954 69.7141 40.7434 30.5337 35.1283 42.4264 34.585 45.0111 77.5004 44.8145 26.7434 40.6079 18.3255 76.4038 26.7434 59.5116 22.8035 56.3209 41.8559 44.9416 42.1419 40.0368 56.7978 47.1047 35.9158 73.5484 
14.0357 0.0 50.3606 33.4215 49.7063 37.0135 27.3461 37.8879 16.2007 52.2093 57.2092 27.7849 42.2096 69.8388 54.4059 31.0 42.7404 43.0455 49.8197 39.5969 23.3452 43.9217 35.0571 55.6461 21.5407 47.094 57.5288 16.5529 49.163 28.8617 49.2711 59.0 64.8826 61.5999 36.1503 51.2225 16.2007 66.5733 36.1503 48.8365 33.8378 37.177 27.8927 35.688 32.8883 57.8706 40.5254 34.1784 15.3278 60.935 
58.7672 50.3606 0.0 37.4833 26.1228 38.4187 30.0038 89.2365 63.108 44.0114 46.8402 27.4187 34.4774 37.6962 59.8568 56.8595 36.6443 23.8971 62.036 31.3194 56.3649 80.8547 60.803 95.2723 51.0238 87.5485 24.0238 56.6206 65.7116 49.4065 86.2041 75.4756 31.9531 14.5602 32.0238 40.4969 72.0123 38.0789 32.0238 39.5601 41.6393 81.4925 60.8276 82.5953 79.7956 85.889 85.8341 80.5703 61.548 15.6205 
44.7214 33.4215 37.4833 0.0 44.0114 3.60555 28.0179 66.109 42.4382 68.7503 73.1642 26.1725 56.5952 40.7922 78.1601 21.587 58.4855 37.3363 75.9539 51.6352 25.1794 72.5871 24.6982 83.8672 48.9318 55.3263 52.0408 30.0832 76.9166 14.1421 77.9365 87.6124 37.1214 47.4498 46.4439 66.0984 44.8661 36.4005 46.4439 15.6205 54.037 53.7587 28.0179 63.8905 61.0737 84.6512 59.439 57.3847 39.9625 41.6293 
37.7434 49.7063 26.1228 44.0114 0.0 46.1736 29.1804 68.2127 62.4537 27.6586 31.1448 26.5953 17.0 63.7931 42.5441 59.2689 19.2354 6.7082 44.0454 12.8062 57.1421 59.831 63.5818 74.131 30.0 88.1684 8.09902 56.4294 47.3814 52.4722 65.1728 57.4891 58.0235 12.1701 11.1803 24.3311 50.0646 63.9208 11.1803 51.1566 22.2036 80.9359 61.8803 81.9411 79.1413 64.6607 86.7784 80.4315 61.5809 40.904 
48.3011 37.0135 38.4187 3.60555 46.1736 0.0 31.0161 69.5913 45.8039 71.4493 75.8024 29.0172 59.3043 38.3275 81.3019 23.0868 61.2046 39.5601 79.2465 54.3323 27.6586 76.1431 25.7099 87.3495 52.2969 57.0789 54.2445 33.1059 80.2808 16.0312 81.4925 90.9776 35.0 48.8016 49.163 68.7314 48.422 33.7343 49.163 12.2066 57.1402 56.2939 30.0666 67.3573 64.5368 88.2241 62.0967 60.4152 43.2666 41.1825 
29.4295 27.3461 30.0038 28.0179 29.1804 31.0161 0.0 61.7807 40.0935 41.0518 45.7619 2.82843 29.0186 53.5697 50.3587 39.6611 30.6176 22.5196 48.7647 24.6514 36.0694 53.5847 44.1022 68.0022 23.0278 65.8082 37.0029 34.0692 50.3289 33.541 58.9341 61.0983 48.1087 41.074 20.2483 38.8638 42.6746 51.2615 20.2483 39.5601 26.1725 58.5757 41.0122 59.5808 56.7811 61.8912 62.8196 58.0712 38.5335 41.0739 
37.6173 37.8879 89.2365 66.109 68.2127 69.5913 61.7807 0.0 25.0599 62.0143 66.0779 62.2195 58.224 104.044 52.8132 57.2451 57.3172 69.4253 45.4533 58.3941 48.3011 8.48528 60.0083 17.8885 38.9108 52.6118 70.9714 39.8246 41.7253 58.2495 11.0 46.8722 99.2004 75.0425 57.1661 63.2433 32.5295 100.589 57.1661 81.7279 48.2274 37.4833 50.6952 5.38516 7.0 30.0832 34.7851 24.7386 28.178 95.3696 
33.6998 16.2007 63.108 42.4382 62.4537 45.8039 40.0935 25.0599 0.0 64.695 69.4313 40.5323 58.2931 81.5414 61.7738 32.2025 58.8238 55.7929 55.9464 55.6804 23.2594 28.6356 35.1141 42.9418 35.4751 36.0555 70.2762 14.7648 54.0833 33.4215 35.1141 62.5859 76.896 74.3473 52.2338 67.3059 16.9706 77.8203 52.2338 58.0086 49.9301 23.4307 25.9615 22.0227 19.2094 51.1732 25.4951 18.1108 3.16228 73.5189 
41.0366 52.2093 44.0114 68.7503 27.6586 71.4493 41.0518 62.0143 64.695 0.0 5.0 50.5128 12.1655 81.7068 18.0278 79.3875 10.4403 33.1361 23.0868 17.1172 74.482 53.6326 83.8597 65.2763 31.8277 99.1861 26.0868 68.6162 27.8927 74.0 58.0517 35.3553 75.9605 29.5466 22.3607 3.60555 49.3207 81.9085 22.3607 78.0256 18.4391 87.3161 79.3277 66.9066 67.2182 49.4975 87.793 78.771 67.4199 58.1808 
45.9674 57.2092 46.8402 73.1642 31.1448 75.8024 45.7619 66.0779 69.4313 5.0 0.0 54.9266 16.7631 84.4334 18.9737 84.2175 15.2315 37.0 25.1794 21.587 79.4819 57.6962 88.6896 68.7314 36.7696 104.186 29.3059 73.6161 30.1496 78.7718 61.8466 36.4005 78.7464 32.28 26.9258 7.07107 54.057 84.8999 26.9258 82.0061 23.4307 92.0524 84.3276 70.9702 71.2817 52.0865 92.5293 83.5073 72.4198 60.4152 
32.2104 27.7849 27.4187 26.1725 26.5953 29.0172 2.82843 62.2195 40.5323 50.5128 54.9266 0.0 38.3576 50.9846 52.6118 39.2046 40.2479 19.9345 51.2445 33.3977 36.2353 56.3656 43.6005 70.7831 25.8087 66.242 34.4178 34.508 52.9245 32.7567 61.715 63.6946 45.5236 38.4889 28.2063 47.861 45.4555 48.6764 28.2063 37.108 28.4429 59.0145 41.1096 60.0196 57.2199 64.6721 63.2584 58.51 38.9723 38.4888 
32.249 42.2096 34.4774 56.5952 17.0 59.3043 29.0186 58.224 58.2931 12.1655 16.7631 38.3576 0.0 72.1477 25.5539 67.5514 2.23607 21.587 27.5862 5.0 63.346 49.8423 72.0235 63.2851 23.2594 89.1864 16.4536 58.6165 31.4006 62.0344 55.0091 41.0122 66.3781 20.5183 10.198 9.84886 42.3663 71.8861 10.198 66.1211 10.198 79.2694 68.3048 63.1163 66.1827 50.6952 80.8386 71.1455 57.4202 49.2587 
82.9614 69.8388 37.6962 40.7922 63.7931 38.3275 53.5697 104.044 81.5414 81.7068 84.4334 50.9846 72.1477 0.0 97.5271 61.0737 74.3146 51.4036 98.2173 68.9898 65.9242 107.117 63.0079 121.534 76.5597 95.0211 61.6941 70.6045 100.902 54.3323 112.466 111.375 5.83095 52.2015 64.2029 78.1857 96.2065 5.38516 64.2029 28.0713 75.0177 94.541 68.3593 101.844 99.0441 115.111 100.225 97.719 79.4796 25.0799 
40.8534 54.4059 59.8568 78.1601 42.5441 81.3019 50.3587 52.8132 61.7738 18.0278 18.9737 52.6118 25.5539 97.5271 0.0 84.5281 23.3238 46.6154 7.61577 29.9666 77.6209 44.4072 88.8426 52.4976 32.9848 97.7548 41.833 70.9838 12.3693 80.5048 46.9574 17.4642 91.7575 45.8039 33.8378 21.4009 46.4007 96.8816 33.8378 89.7034 24.1868 84.1056 82.28 57.7055 58.017 34.1321 84.7281 75.5381 63.991 74.6324 
45.0111 31.0 56.8595 21.587 59.2689 23.0868 39.6611 57.2451 32.2025 79.3875 84.2175 39.2046 67.5514 61.0737 84.5281 0.0 68.9873 52.6081 80.5047 63.201 8.94427 60.587 4.47214 75.1332 51.6236 34.0147 67.0914 17.4642 80.0999 7.61577 67.2309 90.0 58.0345 70.6714 58.7979 77.3996 41.0488 56.2228 58.7979 33.3766 62.5157 34.9285 8.06226 53.8516 51.1077 82.0 41.1461 41.8688 29.0689 62.9682 
32.45 42.7404 36.6443 58.4855 19.2354 61.2046 30.6176 57.3172 58.8238 10.4403 15.2315 40.2479 2.23607 74.3146 23.3238 68.9873 0.0 23.7697 25.4951 7.07107 64.7819 48.9355 73.4594 62.1289 23.3238 89.7172 18.6205 59.1473 29.4109 63.5689 54.0093 38.8973 68.545 22.6716 12.0416 8.60233 42.0615 74.0782 12.0416 68.1836 9.84886 79.8001 69.7407 62.2095 65.8779 49.0408 80.5338 71.5118 57.951 51.4255 
38.9561 43.0455 23.8971 37.3363 6.7082 39.5601 22.5196 69.4253 55.7929 33.1361 37.0 19.9345 21.587 51.4036 46.6154 52.6081 23.7697 0.0 47.1699 16.7631 50.4813 61.0436 56.921 75.3437 31.2127 81.5076 14.7047 49.7686 50.0 45.8039 66.393 60.4649 45.6171 18.7758 13.0384 30.0167 51.2773 50.3166 13.0384 45.0111 24.2074 74.2751 55.2195 75.2803 72.4805 66.0779 80.1176 73.7706 54.92 35.1885 
35.9026 49.8197 62.036 75.9539 44.0454 79.2465 48.7647 45.4533 55.9464 23.0868 25.1794 51.2445 27.5862 98.2173 7.61577 80.5047 25.4951 47.1699 0.0 31.241 73.1642 37.0135 84.7172 44.9222 29.0172 91.7061 44.0122 66.3692 5.0 77.026 39.3573 13.4536 92.4309 48.0833 34.1321 26.0 40.7775 97.1303 34.1321 88.3233 23.2594 77.9227 77.6914 50.346 50.6575 27.0 78.5452 69.3552 58.3095 76.8172 
30.0832 39.5969 31.3194 51.6352 12.8062 54.3323 24.6514 58.3941 55.6804 17.1172 21.587 33.3977 5.0 68.9898 29.9666 63.201 7.07107 16.7631 31.241 0.0 58.9972 50.0124 67.673 63.9531 21.587 85.9969 13.2956 56.0039 34.6554 57.6671 55.3263 44.6878 63.2201 17.3667 5.38516 14.5602 41.3109 67.0796 5.38516 61.131 10.4403 76.6567 63.956 67.927 65.1273 52.7731 80.0051 70.0901 54.8075 46.1007 
37.341 23.3452 56.3649 25.1794 57.1421 27.6586 36.0694 48.3011 23.2594 74.482 79.4819 36.2353 63.346 65.9242 77.6209 8.94427 64.7819 50.4813 73.1642 58.9972 0.0 51.6703 12.1655 66.1891 44.643 31.3209 64.9646 8.544 72.4636 12.083 58.3095 82.0975 62.2896 69.0356 54.5941 73.1942 33.0606 61.3922 54.5941 39.2173 56.1197 28.6356 5.0 44.9444 42.19 73.3485 34.4819 33.8378 20.1246 64.5368 
29.2356 43.9217 80.8547 72.5871 59.831 76.1431 53.5847 8.48528 28.6356 53.6326 57.6962 56.3656 49.8423 107.117 44.4072 60.587 48.9355 61.0436 37.0135 50.0124 51.6703 0.0 63.6465 17.2047 30.5291 59.6657 62.5897 43.1277 33.2415 61.2481 7.81025 38.5876 101.656 66.6607 48.7844 54.8616 28.8527 104.808 48.7844 88.6312 39.8457 44.643 54.5719 13.6015 14.3178 23.0868 42.5441 32.311 31.7805 97.5242 
49.0918 35.0571 60.803 24.6982 63.5818 25.7099 44.1022 60.0083 35.1141 83.8597 88.6896 43.6005 72.0235 63.0079 88.8426 4.47214 73.4594 56.921 84.7172 67.673 12.1655 63.6465 0.0 77.8781 55.9017 32.1403 71.4043 20.6155 84.214 11.4018 70.2282 94.0221 60.2993 75.0784 63.2699 81.8717 45.0 58.0086 63.2699 35.0143 66.8901 34.9857 9.43398 56.356 53.6656 85.5102 41.3401 43.1393 31.9531 66.3099 
43.6531 55.6461 95.2723 83.8672 74.131 87.3495 68.0022 17.8885 42.9418 65.2763 68.7314 70.7831 63.2851 121.534 52.4976 75.1332 62.1289 75.3437 44.9222 63.9531 66.1891 17.2047 77.8781 0.0 44.9444 68.0 76.7564 57.7062 40.1622 76.0204 9.43398 41.0488 116.073 80.8274 63.0635 67.0671 43.2702 119.226 63.0635 99.4862 53.6004 53.0377 68.542 21.8403 24.3516 20.6155 49.0918 40.05 46.0652 111.942 
9.21954 21.5407 51.0238 48.9318 30.0 52.2969 23.0278 38.9108 35.4751 31.8277 36.7696 25.8087 23.2594 76.5597 32.9848 51.6236 23.3238 31.2127 29.0172 21.587 44.643 30.5291 55.9017 44.9444 0.0 68.6299 33.0 38.1146 29.2746 48.0104 35.8785 39.8121 70.8114 37.0711 19.0 31.4006 20.1007 74.2515 19.0 62.0088 13.6015 58.0962 49.3356 46.7169 43.9171 38.9487 58.5731 49.5511 36.8637 65.805 
69.7141 47.094 87.5485 55.3263 88.1684 57.0789 65.8082 52.6118 36.0555 99.1861 104.186 66.242 89.1864 95.0211 97.7548 34.0147 89.7172 81.5076 91.7061 85.9969 31.3209 59.6657 32.1403 68.0 68.6299 0.0 95.9909 31.9061 89.5203 41.1947 63.5059 97.4316 92.0489 100.062 82.5503 98.1993 52.8015 90.0888 82.5503 67.1193 80.8235 15.1327 27.4591 47.3814 45.7056 82.5651 19.2354 28.0713 34.2053 95.8019 
40.7434 57.5288 24.0238 52.0408 8.09902 54.2445 37.0029 70.9714 70.2762 26.0868 29.3059 34.4178 16.4536 61.6941 41.833 67.0914 18.6205 14.7047 44.0122 13.2956 64.9646 62.5897 71.4043 76.7564 33.0 95.9909 0.0 64.2519 47.6878 60.2947 67.9384 57.4518 55.9245 10.0711 14.0 22.6469 53.0646 61.8218 14.0 59.2228 23.6155 91.2525 69.7028 89.7636 86.9638 66.0635 94.6009 88.2539 69.4033 38.805 
30.5337 16.5529 56.6206 30.0832 56.4294 33.1059 34.0692 39.8246 14.7648 68.6162 73.6161 34.508 58.6165 70.6045 70.9838 17.4642 59.1473 49.7686 66.3692 56.0039 8.544 43.1277 20.6155 57.7062 38.1146 31.9061 64.2519 0.0 64.9395 19.105 49.7695 74.3303 66.4906 68.3229 52.5822 67.6294 25.4951 66.4078 52.5822 45.1774 50.254 25.0799 12.0 36.6197 33.8378 64.9384 30.0666 27.313 11.6619 66.2722 
35.1283 49.163 65.7116 76.9166 47.3814 80.2808 50.3289 41.7253 54.0833 27.8927 30.1496 52.9245 31.4006 100.902 12.3693 80.0999 29.4109 50.0 5.0 34.6554 72.4636 33.2415 84.214 40.1622 29.2746 89.5203 47.6878 64.9395 0.0 77.0584 34.9857 10.7703 95.1153 51.7397 37.0135 30.6757 39.4883 99.8148 37.0135 89.8109 25.807 75.7299 76.8165 46.6912 47.0027 22.0 74.9993 64.7077 56.6127 80.4928 
42.4264 28.8617 49.4065 14.1421 52.4722 16.0312 33.541 58.2495 33.4215 74.0 78.7718 32.7567 62.0344 54.3323 80.5048 7.61577 63.5689 45.8039 77.026 57.6671 12.083 61.2481 11.4018 76.0204 48.0104 41.1947 60.2947 19.105 77.0584 0.0 67.8923 87.2812 51.0098 64.2112 53.264 71.8796 39.2872 49.6488 53.264 27.2029 57.2802 40.5216 14.0357 55.4437 52.6308 80.9568 46.4866 45.793 30.4795 55.3624 
34.585 49.2711 86.2041 77.9365 65.1728 81.4925 58.9341 11.0 35.1141 58.0517 61.8466 61.715 55.0091 112.466 46.9574 67.2309 54.0093 66.393 39.3573 55.3263 58.3095 7.81025 70.2282 9.43398 35.8785 63.5059 67.9384 49.7695 34.9857 67.8923 0.0 38.2099 107.005 72.0095 54.1295 59.5399 34.2021 110.158 54.1295 93.9806 45.0999 48.3735 61.0328 16.1245 18.0 19.6977 45.3542 35.5106 38.2753 102.874 
45.0111 59.0 75.4756 87.6124 57.4891 90.9776 61.0983 46.8722 62.5859 35.3553 36.4005 63.6946 41.0122 111.375 17.4642 90.0 38.8973 60.4649 13.4536 44.6878 82.0975 38.5876 94.0221 41.0488 39.8121 97.4316 57.4518 74.3303 10.7703 87.2812 38.2099 0.0 105.589 61.5224 47.4342 38.5876 49.0408 110.335 47.4342 100.568 36.3593 82.5818 86.2844 52.1536 52.8394 20.5913 80.9506 70.6612 65.307 90.2568 
77.5004 64.8826 31.9531 37.1214 58.0235 35.0 48.1087 99.2004 76.896 75.9605 78.7464 45.5236 66.3781 5.83095 91.7575 58.0345 68.545 45.6171 92.4309 63.2201 62.2896 101.656 60.2993 116.073 70.8114 92.0489 55.9245 66.4906 95.1153 51.0098 107.005 105.589 0.0 46.4866 58.4164 72.45 90.7455 7.28011 58.4164 25.9615 69.2312 90.7965 65.0308 97.0005 94.2008 109.65 96.3379 93.4077 74.9466 20.025 
44.8145 61.5999 14.5602 47.4498 12.1701 48.8016 41.074 75.0425 74.3473 29.5466 32.28 38.4889 20.5183 52.2015 45.8039 70.6714 22.6716 18.7758 48.0833 17.3667 69.0356 66.6607 75.0784 80.8274 37.0711 100.062 10.0711 68.3229 51.7397 64.2112 72.0095 61.5224 46.4866 0.0 18.0711 26.0 57.1357 52.6308 18.0711 51.9711 27.6866 92.8295 73.7739 93.8346 91.0349 70.1345 98.672 92.325 73.4744 28.8444 
26.7434 36.1503 32.0238 46.4439 11.1803 49.163 20.2483 57.1661 52.2338 22.3607 26.9258 28.2063 10.198 64.2029 33.8378 58.7979 12.0416 13.0384 34.1321 5.38516 54.5941 48.7844 63.2699 63.0635 19.0 82.5503 14.0 52.5822 37.0135 53.264 54.1295 47.4342 58.4164 18.0711 0.0 19.9249 39.0632 63.1159 0.0 56.3205 11.3137 73.2101 59.5529 65.6794 62.8796 53.535 76.5585 70.2115 51.3609 46.805 
40.6079 51.2225 40.4969 66.0984 24.3311 68.7314 38.8638 63.2433 67.3059 3.60555 7.07107 47.861 9.84886 78.1857 21.4009 77.3996 8.60233 30.0167 26.0 14.5602 73.1942 54.8616 81.8717 67.0671 31.4006 98.1993 22.6469 67.6294 30.6757 71.8796 59.5399 38.5876 72.45 26.0 19.9249 0.0 49.5161 78.4474 19.9249 75.0 17.8045 88.2822 78.153 68.1356 73.3325 51.9711 87.9884 78.9664 66.4331 54.5894 
18.3255 16.2007 72.0123 44.8661 50.0646 48.422 42.6746 32.5295 16.9706 49.3207 54.057 45.4555 42.3663 96.2065 46.4007 41.0488 42.0615 51.2773 40.7775 41.3109 33.0606 28.8527 45.0 43.2702 20.1007 52.8015 53.0646 25.4951 39.4883 39.2872 34.2021 49.0408 90.7455 57.1357 39.0632 49.5161 0.0 93.8983 39.0632 60.4198 32.235 40.3609 37.3363 30.3296 27.5299 42.1545 41.8808 33.1059 18.6011 86.7935 
76.4038 66.5733 38.0789 36.4005 63.9208 33.7343 51.2615 100.589 77.8203 81.9085 84.8999 48.6764 71.8861 5.38516 96.8816 56.2228 74.0782 50.3166 97.1303 67.0796 61.3922 104.808 58.0086 119.226 74.2515 90.0888 61.8218 66.4078 99.8148 49.6488 110.158 110.335 7.28011 52.6308 63.1159 78.4474 93.8983 0.0 63.1159 23.0 74.0098 90.0278 63.6396 98.389 95.5893 113.115 95.8019 93.6376 75.6439 27.1662 
26.7434 36.1503 32.0238 46.4439 11.1803 49.163 20.2483 57.1661 52.2338 22.3607 26.9258 28.2063 10.198 64.2029 33.8378 58.7979 12.0416 13.0384 34.1321 5.38516 54.5941 48.7844 63.2699 63.0635 19.0 82.5503 14.0 52.5822 37.0135 53.264 54.1295 47.4342 58.4164 18.0711 0.0 19.9249 39.0632 63.1159 0.0 56.3205 11.3137 73.2101 59.5529 65.6794 62.8796 53.535 76.5585 70.2115 51.3609 46.805 
59.5116 48.8365 39.5601 15.6205 51.1566 12.2066 39.5601 81.7279 58.0086 78.0256 82.0061 37.108 66.1211 28.0713 89.7034 33.3766 68.1836 45.0111 88.3233 61.131 39.2173 88.6312 35.0143 99.4862 62.0088 67.1193 59.2228 45.1774 89.8109 27.2029 93.9806 100.568 25.9615 51.9711 56.3205 75.0 60.4198 23.0 56.3205 0.0 65.5425 67.72 41.0 79.511 76.6942 99.3345 73.6817 72.45 55.4707 37.4833 
22.8035 33.8378 41.6393 54.037 22.2036 57.1402 26.1725 48.2274 49.9301 18.4391 23.4307 28.4429 10.198 75.0177 24.1868 62.5157 9.84886 24.2074 23.2594 10.4403 56.1197 39.8457 66.8901 53.6004 13.6015 80.8235 23.6155 50.254 25.807 57.2802 45.0999 36.3593 69.2312 27.6866 11.3137 17.8045 32.235 74.0098 11.3137 65.5425 0.0 70.2304 60.9654 53.1197 56.0514 42.5441 70.7073 61.6853 49.0573 56.4206 
56.3209 37.177 81.4925 53.7587 80.9359 56.2939 58.5757 37.4833 23.4307 87.3161 92.0524 59.0145 79.2694 94.541 84.1056 34.9285 79.8001 74.2751 77.9227 76.6567 28.6356 44.643 34.9857 53.0377 58.0962 15.1327 91.2525 25.0799 75.7299 40.5216 48.3735 82.5818 90.7965 92.8295 73.2101 88.2822 40.3609 90.0278 73.2101 67.72 70.2304 0.0 26.9258 32.249 30.5941 67.4685 6.40312 13.0 22.4722 91.351 
41.8559 27.8927 60.8276 28.0179 61.8803 30.0666 41.0122 50.6952 25.9615 79.3277 84.3276 41.1096 68.3048 68.3593 82.28 8.06226 69.7407 55.2195 77.6914 63.956 5.0 54.5719 9.43398 68.542 49.3356 27.4591 69.7028 12.0 76.8165 14.0357 61.0328 86.2844 65.0308 73.7739 59.5529 78.153 37.3363 63.6396 59.5529 41.0 60.9654 26.9258 0.0 46.9574 44.2832 76.7919 33.1059 33.9706 22.8035 68.4105 
44.9416 35.688 82.5953 63.8905 81.9411 67.3573 59.5808 5.38516 22.0227 66.9066 70.9702 60.0196 63.1163 101.844 57.7055 53.8516 62.2095 75.2803 50.346 67.927 44.9444 13.6015 56.356 21.8403 46.7169 47.3814 89.7636 36.6197 46.6912 55.4437 16.1245 52.1536 97.0005 93.8346 65.6794 68.1356 30.3296 98.389 65.6794 79.511 53.1197 32.249 46.9574 0.0 2.82843 35.4401 29.4109 19.4165 25.0 93.1697 
42.1419 32.8883 79.7956 61.0737 79.1413 64.5368 56.7811 7.0 19.2094 67.2182 71.2817 57.2199 66.1827 99.0441 58.017 51.1077 65.8779 72.4805 50.6575 65.1273 42.19 14.3178 53.6656 24.3516 43.9171 45.7056 86.9638 33.8378 47.0027 52.6308 18.0 52.8394 94.2008 91.0349 62.8796 73.3325 27.5299 95.5893 62.8796 76.6942 56.0514 30.5941 44.2832 2.82843 0.0 36.8782 28.2312 18.0278 22.2036 90.37 
40.0368 57.8706 85.889 84.6512 64.6607 88.2241 61.8912 30.0832 51.1732 49.4975 52.0865 64.6721 50.6952 115.111 34.1321 82.0 49.0408 66.0779 27.0 52.7731 73.3485 23.0868 85.5102 20.6155 38.9487 82.5651 66.0635 64.9384 22.0 80.9568 19.6977 20.5913 109.65 70.1345 53.535 51.9711 42.1545 113.115 53.535 99.3345 42.5441 67.4685 76.7919 35.4401 36.8782 0.0 64.846 54.8179 54.3002 100.67 
56.7978 40.5254 85.8341 59.439 86.7784 62.0967 62.8196 34.7851 25.4951 87.793 92.5293 63.2584 80.8386 100.225 84.7281 41.1461 80.5338 80.1176 78.5452 80.0051 34.4819 42.5441 41.3401 49.0918 58.5731 19.2354 94.6009 30.0666 74.9993 46.4866 45.3542 80.9506 96.3379 98.672 76.5585 87.9884 41.8808 95.8019 76.5585 73.6817 70.7073 6.40312 33.1059 29.4109 28.2312 64.846 0.0 10.2956 25.2982 96.0833 
47.1047 34.1784 80.5703 57.3847 80.4315 60.4152 58.0712 24.7386 18.1108 78.771 83.5073 58.51 71.1455 97.719 75.5381 41.8688 71.5118 73.7706 69.3552 70.0901 33.8378 32.311 43.1393 40.05 49.5511 28.0713 88.2539 27.313 64.7077 45.793 35.5106 70.6612 93.4077 92.325 70.2115 78.9664 33.1059 93.6376 70.2115 72.45 61.6853 13.0 33.9706 19.4165 18.0278 54.8179 10.2956 0.0 19.0263 91.1447 
35.9158 15.3278 61.548 39.9625 61.5809 43.2666 38.5335 28.178 3.16228 67.4199 72.4198 38.9723 57.4202 79.4796 63.991 29.0689 57.951 54.92 58.3095 54.8075 20.1246 31.7805 31.9531 46.0652 36.8637 34.2053 69.4033 11.6619 56.6127 30.4795 38.2753 65.307 74.9466 73.4744 51.3609 66.4331 18.6011 75.6439 51.3609 55.4707 49.0573 22.4722 22.8035 25.0 22.2036 54.3002 25.2982 19.0263 0.0 72.1224 
73.5484 60.935 15.6205 41.6293 40.904 41.1825 41.0739 95.3696 73.5189 58.1808 60.4152 38.4888 49.2587 25.0799 74.6324 62.9682 51.4255 35.1885 76.8172 46.1007 64.5368 97.5242 66.3099 111.942 65.805 95.8019 38.805 66.2722 80.4928 55.3624 102.874 90.2568 20.025 28.8444 46.805 54.5894 86.7935 27.1662 46.805 37.4833 56.4206 91.351 68.4105 93.1697 90.37 100.67 96.0833 91.1447 72.1224 0.0 
DEMAND_SCENARIO_SECTION
0 0 0 0 0 0 0 0 0 0 0 0 0 0 0 0 0 0 0 0 0 0 0 0 0 0 0 0 0 0 0 0 0 0 0 0 0 0 0 0 0 0 0 0 0 0 0 0 0 0 
2 1 1 3 2 2 1 2 2 1 2 1 3 2 1 4 2 2 0 5 2 2 3 1 5 1 1 1 5 4 4 0 3 3 2 1 2 2 3 2 0 0 2 1 4 0 1 4 3 0 
2 1 4 5 1 3 3 4 4 2 0 4 6 3 4 3 2 5 2 2 6 7 4 5 4 2 2 8 2 3 2 6 3 2 2 0 1 3 2 0 3 3 0 2 6 1 1 6 5 3 
1 4 2 2 2 3 3 0 1 2 0 3 2 2 4 1 1 2 2 3 0 1 0 3 2 0 3 0 2 3 3 4 2 0 2 2 1 3 1 0 1 3 4 4 1 4 5 1 3 1 
5 2 4 4 1 4 5 3 4 6 10 6 3 2 7 0 3 4 1 2 6 9 4 3 4 3 5 4 4 3 11 6 1 4 2 5 6 6 6 2 5 4 1 6 4 3 6 1 5 1 
5 7 10 7 5 6 10 6 8 4 8 10 10 8 8 5 8 4 8 7 10 9 9 7 6 4 5 10 6 8 11 10 5 8 13 5 10 9 13 1 6 8 4 4 6 11 4 6 4 13 
4 3 4 5 6 1 3 5 2 7 5 2 4 1 4 4 3 3 8 5 7 2 4 3 5 5 4 5 2 2 2 0 4 4 3 4 3 4 4 2 3 0 4 3 5 3 4 7 1 3 
4 7 5 1 1 5 10 8 6 2 7 9 3 9 5 5 7 4 6 6 5 9 8 7 5 8 7 4 5 4 9 3 10 6 7 1 6 7 4 7 5 9 5 2 4 9 6 3 5 6 
1 1 3 3 2 4 3 2 1 4 3 3 0 5 3 5 4 1 1 3 2 2 6 4 7 3 2 2 2 3 2 4 3 4 6 3 3 5 5 1 1 3 3 2 3 1 3 0 1 4 
14 6 8 10 7 13 10 4 11 5 10 9 13 8 12 8 11 10 7 8 4 12 12 10 14 9 11 10 12 7 10 6 11 10 10 8 13 7 14 8 11 9 11 11 10 10 11 14 11 6 
2 2 6 2 4 3 0 3 4 1 5 7 7 1 2 5 2 2 1 0 3 1 1 5 4 2 2 3 2 2 5 6 3 3 2 2 2 4 2 3 5 5 3 3 1 2 3 0 4 3 
10 5 6 4 12 10 8 6 6 7 10 13 14 9 10 10 12 10 4 2 10 6 7 7 11 8 7 11 8 10 5 8 9 10 9 7 8 7 7 6 9 11 9 3 7 7 12 11 8 6 
9 8 6 6 9 8 6 8 5 8 5 9 6 7 11 7 7 7 11 5 9 7 6 8 6 13 10 2 5 5 7 5 6 9 3 4 3 5 9 12 8 7 10 8 7 5 7 13 1 5 
1 4 6 9 7 4 3 6 7 2 4 5 2 11 5 1 6 4 6 6 1 5 6 5 3 0 5 4 6 10 7 0 5 6 1 8 6 4 4 3 5 6 5 5 3 6 5 5 10 5 
6 4 5 6 6 4 7 5 6 2 4 8 5 3 10 4 5 5 5 8 4 9 4 3 5 5 5 2 7 3 5 8 2 5 5 6 3 4 1 8 6 3 4 6 5 7 4 3 7 8 
1 6 3 6 9 4 1 5 7 9 1 5 7 6 3 5 8 9 8 6 3 3 3 7 5 4 2 5 2 3 5 5 2 6 4 5 5 8 5 4 2 3 10 5 3 5 7 4 8 7 
6 3 3 9 5 5 7 6 8 6 9 9 3 8 10 6 13 9 7 6 6 7 8 9 5 2 8 7 0 7 6 5 6 10 3 5 3 4 9 5 0 7 8 6 10 6 8 4 11 9 
4 2 1 2 4 6 4 5 6 4 2 2 1 2 5 3 4 2 4 2 4 4 5 2 2 1 2 3 3 0 1 3 4 5 5 4 6 7 3 3 4 3 7 3 5 3 3 2 4 3 
5 6 7 1 5 7 7 7 9 10 4 6 7 4 7 7 6 6 7 9 6 6 6 5 4 8 6 2 4 5 3 9 8 10 4 6 3 5 5 4 8 4 3 4 2 6 8 7 6 5 
3 4 4 3 1 5 6 5 4 4 6 0 4 6 6 7 3 6 3 1 7 5 11 2 5 4 0 0 6 5 4 4 9 0 5 5 4 3 7 0 5 6 5 2 2 4 5 4 8 6 
2 1 1 1 0 1 2 1 0 0 1 2 2 0 0 1 1 0 2 1 0 1 0 0 1 2 1 1 3 2 1 2 1 0 1 2 1 2 0 2 0 0 0 0 1 0 0 0 1 0 
2 3 3 5 1 3 3 2 0 5 3 7 5 2 6 2 4 0 2 4 5 5 1 4 2 1 4 2 4 2 4 2 3 1 4 3 4 0 5 2 2 4 4 2 3 2 2 4 3 6 
9 11 7 18 8 7 12 6 4 4 7 11 8 5 8 12 11 5 5 8 13 7 10 11 10 13 9 7 13 11 6 13 11 8 12 10 16 9 8 11 8 10 11 8 10 11 5 11 10 13 
9 3 5 7 9 2 2 4 6 10 3 5 3 8 9 12 6 12 6 4 8 4 6 7 5 2 9 8 5 12 5 7 10 3 5 8 5 6 9 2 4 6 9 8 2 6 6 14 10 8 
2 3 1 3 1 5 0 4 3 3 1 0 2 2 0 1 1 1 5 2 0 1 1 2 2 2 3 1 2 1 3 2 2 2 2 4 3 0 3 2 3 4 3 1 3 3 3 0 4 0 
4 7 8 6 10 4 10 9 5 9 7 10 5 7 8 4 11 6 11 9 6 8 12 1 7 6 10 10 9 9 6 8 9 12 0 5 10 8 11 2 11 7 7 8 13 5 9 10 2 8 
7 9 8 5 8 4 9 13 7 7 4 7 7 9 8 13 5 11 2 10 4 9 8 9 8 7 4 6 5 9 9 11 7 7 8 3 7 8 3 4 11 6 7 4 9 7 7 11 0 7 
3 7 4 10 7 6 6 4 12 7 5 4 3 7 6 2 8 4 11 10 6 8 4 6 2 5 4 5 11 8 7 7 7 8 5 8 6 2 8 9 8 8 7 7 7 10 5 6 10 9 
7 9 10 13 4 10 11 9 2 11 8 8 9 12 5 10 6 12 14 9 9 7 10 11 8 11 14 7 12 7 5 9 15 3 12 5 12 6 11 7 7 6 7 14 11 2 11 11 9 14 
4 7 5 8 4 4 9 5 0 7 7 7 6 7 5 3 2 7 7 5 4 5 7 5 10 3 5 10 4 8 6 1 6 1 1 3 2 10 4 1 10 8 4 4 4 6 7 5 7 6 
2 8 2 5 2 6 3 5 4 6 2 5 4 4 3 5 3 0 7 4 2 1 4 5 3 1 2 0 5 6 5 5 6 3 2 5 3 1 2 1 6 5 4 0 3 0 6 2 4 1 
5 3 3 3 5 4 5 0 6 5 3 3 4 7 4 5 5 8 2 9 4 2 5 4 6 1 4 8 4 4 4 4 5 5 6 1 5 4 5 1 3 7 6 5 4 6 4 2 7 3 
0 1 0 2 0 2 1 1 0 1 2 2 2 1 0 2 2 2 2 2 0 1 0 2 2 3 0 2 1 0 2 0 0 1 1 1 1 2 1 1 1 0 1 3 1 2 0 2 1 3 
11 9 9 8 7 10 9 9 9 8 9 14 10 8 9 6 7 12 7 8 5 10 7 11 9 12 5 10 13 12 7 10 5 6 11 9 5 5 8 12 13 16 14 9 12 9 10 11 5 11 
13 2 11 5 9 11 7 13 9 12 9 5 9 8 6 8 6 11 7 10 8 9 8 8 10 5 8 4 10 9 7 5 5 4 17 4 3 5 10 9 7 7 9 12 3 10 4 1 9 7 
5 10 6 10 9 9 8 8 6 8 10 9 11 3 11 5 10 11 9 10 5 9 9 5 3 8 8 4 7 10 6 10 8 11 9 6 6 6 6 9 6 10 9 4 9 5 7 9 3 7 
8 7 3 10 6 10 5 9 6 8 6 5 5 10 2 1 9 9 7 5 1 12 7 11 10 4 5 8 10 11 9 2 8 4 2 2 9 6 12 4 9 2 8 2 7 11 5 7 8 5 
0 2 3 0 1 1 3 2 2 0 3 1 3 2 3 1 0 4 3 2 0 1 3 6 2 3 4 1 3 3 2 2 2 2 3 2 2 4 0 1 3 2 2 3 1 4 0 4 2 2 
4 6 5 10 6 6 0 5 4 3 5 5 4 7 2 0 5 4 5 3 8 3 7 3 2 10 6 7 2 9 5 5 10 3 5 9 6 6 2 6 6 3 6 3 4 2 7 7 3 8 
8 6 7 3 7 1 7 3 3 5 4 5 4 2 5 3 1 3 3 4 4 3 6 6 4 3 1 6 3 4 3 5 2 4 7 4 4 5 4 4 4 4 5 5 6 4 4 6 6 6 
2 1 0 3 3 1 0 0 2 1 2 2 2 1 1 2 1 1 1 0 0 2 1 1 1 2 0 1 0 0 1 2 2 1 2 1 1 2 0 0 1 0 1 2 2 2 1 1 2 2 
1 1 1 1 1 0 1 1 0 0 2 2 3 1 0 0 0 2 1 1 0 1 0 2 3 0 3 2 1 0 2 0 3 2 0 0 3 1 0 1 1 4 2 0 3 0 0 1 1 0 
2 0 5 0 4 1 1 1 2 4 3 2 4 0 2 2 5 2 4 1 0 1 2 2 6 3 3 2 4 3 5 1 0 0 3 5 2 3 2 0 2 2 0 3 0 3 0 4 0 2 
6 2 2 3 1 3 2 4 4 3 1 5 1 2 2 3 1 2 4 2 4 2 4 4 2 2 4 3 4 5 2 3 1 3 5 2 2 0 5 6 4 0 4 5 2 2 3 2 1 2 
13 6 5 6 5 13 7 9 8 5 4 2 11 8 9 7 6 5 8 5 5 9 12 1 5 5 4 11 6 9 8 2 6 5 8 0 4 8 7 6 11 12 9 9 9 5 6 8 7 10 
10 7 16 8 5 12 7 10 6 8 5 14 12 8 7 8 14 7 8 4 8 5 13 11 8 8 7 9 7 9 4 12 7 12 9 8 4 10 14 6 11 9 9 7 12 13 5 6 13 4 
10 15 13 14 13 8 7 11 14 13 12 10 6 12 11 7 11 9 12 8 12 8 11 9 13 12 2 7 9 11 14 9 8 13 10 10 9 8 9 12 10 7 11 9 7 17 10 6 12 8 
8 11 8 5 4 9 9 5 4 13 9 10 4 10 5 5 4 4 13 11 5 11 8 6 8 5 1 4 7 3 6 6 9 9 8 2 7 4 5 7 5 7 9 10 3 6 7 6 4 6 
8 9 9 15 9 6 8 13 3 12 12 7 5 7 6 8 1 5 9 5 10 6 7 10 8 7 6 6 6 8 12 9 10 6 9 6 9 14 11 6 10 8 11 9 5 10 8 9 8 7 
2 7 1 2 0 0 3 3 4 5 5 3 3 7 0 6 4 1 3 0 4 0 0 3 2 6 2 6 8 1 3 3 1 2 1 6 2 2 4 6 2 1 6 2 5 5 3 6 3 3 
DEPOT_SECTION
 1
 -1
EOF
