NAME  : Jabali_60_2_0.95_1_0
TYPE : SVRP
MODEL : FINITE_SUPPORT
NUMBER_OF_SCENARIOS : 200
DIMENSION : 60
EDGE_WEIGHT_TYPE : MATRIX
CAPACITY : 183
N_VEHICLES : 2
NODE_COORD_SECTION
1 4834 3465
2 907 4634
3 6342 5765
4 2167 2672
5 8069 1826
6 2828 1310
7 1783 3194
8 7336 1924
9 4153 1250
10 3877 6246
11 1117 2746
12 2615 3282
13 8562 2276
14 3423 6908
15 4027 5046
16 4976 5585
17 6203 2113
18 2319 5426
19 1628 2337
20 3630 1044
21 4733 1893
22 2771 5726
23 7062 5880
24 5550 6331
25 2956 2661
26 2659 2185
27 1952 5508
28 4699 2346
29 7553 5443
30 6002 2323
31 181 5715
32 4523 1094
33 5883 7603
34 229 6243
35 6374 1418
36 2238 414
37 1545 639
38 2975 2031
39 4556 327
40 5912 294
41 4225 6550
42 7016 6631
43 1558 18
44 5402 312
45 4030 504
46 2602 772
47 6871 7650
48 1614 443
49 5819 627
50 3441 1683
51 5039 6900
52 7858 3129
53 4592 7569
54 4681 5438
55 27 5181
56 3650 870
57 931 6076
58 6765 5689
59 3508 6284
60 243 4607
DEMAND_SECTION
1 0.0
2 8.0
3 4.0
4 7.0
5 9.0
6 9.0
7 5.0
8 4.0
9 5.0
10 5.0
11 4.0
12 2.0
13 2.0
14 8.0
15 3.0
16 8.0
17 3.0
18 5.0
19 2.0
20 9.0
21 10.0
22 6.0
23 9.0
24 10.0
25 4.0
26 8.0
27 6.0
28 6.0
29 6.0
30 9.0
31 3.0
32 2.0
33 4.0
34 9.0
35 2.0
36 3.0
37 2.0
38 3.0
39 1.0
40 7.0
41 2.0
42 10.0
43 9.0
44 5.0
45 10.0
46 6.0
47 9.0
48 8.0
49 4.0
50 4.0
51 7.0
52 7.0
53 10.0
54 3.0
55 8.0
56 9.0
57 2.0
58 7.0
59 8.0
60 9.0
DEVIATION_SECTION
1 0.0
2 2.66667
3 1.33333
4 2.33333
5 3.0
6 3.0
7 1.66667
8 1.33333
9 1.66667
10 1.66667
11 1.33333
12 0.666667
13 0.666667
14 2.66667
15 1.0
16 2.66667
17 1.0
18 1.66667
19 0.666667
20 3.0
21 3.33333
22 2.0
23 3.0
24 3.33333
25 1.33333
26 2.66667
27 2.0
28 2.0
29 2.0
30 3.0
31 1.0
32 0.666667
33 1.33333
34 3.0
35 0.666667
36 1.0
37 0.666667
38 1.0
39 0.333333
40 2.33333
41 0.666667
42 3.33333
43 3.0
44 1.66667
45 3.33333
46 2.0
47 3.0
48 2.66667
49 1.33333
50 1.33333
51 2.33333
52 2.33333
53 3.33333
54 1.0
55 2.66667
56 3.0
57 0.666667
58 2.33333
59 2.66667
60 3.0
DISTANCE_MATRIX
0.0 57.4797 39.8246 37.0135 49.5782 38.751 41.0077 40.3113 33.3835 46.2167 50.3587 29.9005 54.0833 55.0303 25.921 28.2312 25.2389 48.9588 45.0111 41.5592 21.9976 44.469 46.6476 41.3401 27.074 32.7567 53.3808 17.4883 48.1041 22.8254 71.6635 32.7514 58.3095 74.656 34.2942 52.9517 57.3577 30.6757 43.4212 48.9454 43.2415 54.037 62.6966 47.1772 42.5146 46.5138 64.4438 58.3191 45.4873 31.0162 45.512 43.0813 54.3366 27.8927 70.3785 39.6085 69.3779 42.72 48.0324 65.9016 
57.4797 0.0 76.3217 32.0156 105.517 52.3927 23.5372 96.5251 63.0635 46.0977 26.4764 29.6816 109.488 45.2217 42.7551 56.3205 82.8507 22.3607 33.0 62.6259 64.6754 29.4279 85.3756 67.0671 38.4708 41.1096 18.9737 74.7656 91.2414 80.2436 17.4642 67.6018 77.1298 23.0217 91.9061 60.0083 56.4358 44.9444 75.6439 88.2649 51.4782 87.023 63.6396 83.3547 69.6419 57.4282 89.4427 58.4209 85.0779 52.3927 68.0088 97.6365 62.2977 52.2398 13.6015 61.0983 19.3132 81.4985 42.2966 8.544 
39.8246 76.3217 0.0 72.111 58.3095 77.8687 72.7863 54.0833 68.1177 31.6228 83.1995 62.6418 56.7539 39.1152 34.0147 20.025 49.0408 55.2802 80.3243 76.2933 56.7318 48.5605 9.05539 13.4536 64.7844 71.0677 59.5481 52.2224 16.1245 49.2443 83.5252 67.9875 25.02 82.6378 57.8705 92.0694 96.4316 69.5414 78.1554 72.7473 28.6531 14.2127 101.814 74.5359 77.2487 85.6315 25.9422 97.431 69.2893 70.1339 30.9249 41.9762 31.9061 24.0832 86.0233 74.3426 73.3894 5.38516 36.0555 84.5931 
37.0135 32.0156 72.111 0.0 81.6361 20.3961 8.544 71.8184 32.6497 52.6743 13.9284 10.0 87.9277 57.0088 42.5964 54.5857 55.6939 37.6962 8.24621 30.8707 36.3593 41.6773 80.3617 68.7929 10.4403 9.43398 38.3275 34.85 83.6372 52.5336 49.4773 37.5366 85.1705 54.7449 59.5263 29.8329 29.1548 13.6015 44.4185 58.7282 58.7705 85.6154 36.2353 53.2635 38.0132 26.0192 93.3476 30.8869 55.8659 21.4009 70.0721 78.8543 72.4943 52.8397 44.9444 29.5296 49.0102 76.243 49.8894 37.5766 
49.5782 105.517 58.3095 81.6361 0.0 71.3863 88.4404 9.84886 53.7587 80.4142 95.481 77.5431 8.544 89.2278 69.6348 64.4748 25.9422 92.6605 88.2399 61.2944 46.166 88.1707 57.0789 69.6348 71.7638 74.0255 97.0825 46.966 50.636 29.1045 119.701 49.366 83.2947 122.089 24.1868 81.1542 89.4539 70.3269 51.1566 35.171 78.7095 67.1863 91.022 40.6079 57.0 75.4255 81.2219 89.2749 34.3657 63.3738 79.7095 17.2627 88.0568 67.082 118.416 60.531 113.08 56.0089 84.865 113.593 
38.751 52.3927 77.8687 20.3961 71.3863 0.0 28.8617 61.8142 17.72 68.7876 30.2324 26.3059 78.7718 73.1943 62.5111 64.511 47.0425 55.9017 21.6333 12.0416 27.0185 58.5235 85.1628 78.0066 18.0278 12.0416 57.3149 28.8617 86.855 44.0114 69.857 22.4722 94.8877 75.1332 47.2969 14.2127 19.6469 9.84886 26.1725 42.72 74.8839 92.0162 24.1868 36.6197 19.105 7.81025 101.616 20.2485 40.7063 9.48683 86.1855 73.0616 88.6077 64.9965 65.146 11.6619 69.1809 81.1633 66.0028 57.5847 
41.0077 23.5372 72.7863 8.544 88.4404 28.8617 0.0 78.8882 40.8044 49.2105 10.4403 11.1803 93.6516 53.0377 40.0495 54.0805 63.2679 31.9061 11.1803 39.3954 43.5229 36.8782 81.3941 67.2955 17.0294 17.8885 31.7805 41.9875 85.3756 59.6711 41.0 45.607 81.7067 46.3897 67.1246 37.2156 35.1141 21.9545 52.8394 66.7083 55.3067 86.0943 42.3792 61.4003 46.5188 34.0588 91.8805 37.0 63.7024 29.6816 67.4624 83.8153 69.029 50.4891 36.4005 38.0132 41.0488 77.2787 46.4256 29.0689 
40.3113 96.5251 54.0833 71.8184 9.84886 61.8142 78.8882 0.0 44.2832 73.8014 85.6633 67.9908 17.0294 82.615 61.5224 57.5674 16.1245 84.518 78.4222 52.0384 36.3483 80.0283 54.3415 64.2806 61.9461 64.2078 88.94 37.1483 49.0408 19.2868 110.709 40.05 79.0253 113.701 15.0333 72.0069 80.1561 60.5092 42.7551 28.178 72.0967 64.5368 82.0244 32.8938 48.1664 66.1211 78.4474 80.0562 26.5707 53.699 73.0967 17.6918 82.201 59.808 109.424 51.1566 104.399 52.6118 78.2522 104.342 
33.3835 63.0635 68.1177 32.6497 53.7587 17.72 40.8044 44.2832 0.0 73.2604 45.3431 33.6155 61.2944 77.667 66.9839 59.768 30.1496 61.1208 37.0135 8.544 11.6619 63.1825 73.7578 71.8501 24.5967 23.3452 63.2408 16.2788 73.4983 33.3119 80.1124 5.0 88.816 84.5044 29.6142 28.2843 36.0 19.105 13.1529 26.1725 79.3566 82.1544 38.6394 20.6155 9.84886 22.0227 93.6581 36.0555 23.6008 11.3137 90.6582 56.626 93.0804 60.0673 76.5376 7.07107 77.2031 70.1164 70.4755 69.6419 
46.2167 46.0977 31.6228 52.6743 80.4142 68.7876 49.2105 73.8014 73.2604 0.0 59.0877 43.0411 81.0589 11.4018 25.0032 16.8037 63.7431 24.0208 59.8356 75.7327 65.1833 17.1172 40.5216 21.0 50.7714 57.5778 28.1603 60.674 47.5516 62.7145 51.923 75.9371 32.6497 51.0784 72.7985 81.7432 81.6166 58.967 85.3452 87.4497 6.40312 41.0122 88.5262 90.3629 81.5173 76.2615 43.9659 83.2568 83.9916 64.1556 22.7047 66.413 21.4009 18.1078 54.5894 73.6145 41.7852 37.0 4.47214 54.0 
50.3587 26.4764 83.1995 13.9284 95.481 30.2324 10.4403 85.6633 45.3431 59.0877 0.0 21.0238 101.773 62.482 50.388 64.4189 69.5388 40.3609 8.60233 42.0119 50.1199 46.0109 91.7824 77.634 24.3516 22.2036 39.4081 48.6949 95.6347 66.3785 43.0116 50.3289 91.584 49.163 72.9579 34.5254 30.0666 26.4008 56.0803 71.5052 65.184 96.4328 37.2156 65.7647 49.2037 33.2415 102.206 32.0624 68.884 34.0588 77.8506 92.6499 78.8162 60.8275 37.1214 41.1096 45.607 87.6641 56.3028 29.1548 
29.9005 29.6816 62.6418 10.0 77.5431 26.3059 11.1803 67.9908 33.6155 43.0411 21.0238 0.0 82.7543 47.4342 32.9633 44.9354 52.3706 29.6142 17.8885 34.3657 35.0278 32.6956 71.0634 59.1426 9.21954 14.3178 31.0644 33.4924 74.6726 49.7634 46.5188 38.0132 75.5373 50.9215 61.426 38.0789 38.6005 17.0 46.4866 58.6173 49.1373 75.9751 45.4863 53.7151 41.0 33.2415 83.6973 40.2244 55.4303 23.5372 60.439 72.7424 62.8612 43.1894 43.2666 32.5576 43.9318 66.9403 40.2563 36.8782 
54.0833 109.488 56.7539 87.9277 8.544 78.7718 93.6516 17.0294 61.2944 81.0589 101.773 82.7543 0.0 89.8724 72.2496 65.5134 32.28 95.2496 94.5569 69.0652 52.5038 90.6976 54.231 68.9493 78.0554 80.3617 99.6716 53.1413 47.0 35.4401 123.529 57.0789 81.3941 125.049 32.0 89.0225 97.1854 76.6647 59.4138 43.6807 79.3542 64.0703 99.0051 49.0306 65.0692 83.1505 78.0256 97.0824 42.7551 70.5976 80.3542 14.8661 87.6641 68.5055 122.387 68.1836 115.669 53.7587 85.5097 117.91 
55.0303 45.2217 39.1152 57.0088 89.2278 73.1943 53.0377 82.615 77.667 11.4018 62.482 47.4342 89.8724 0.0 29.4295 25.6173 72.5567 23.2594 63.7024 80.1393 76.3924 16.6433 47.4131 26.4008 55.0248 61.3351 26.2488 71.883 55.2268 71.5281 47.0956 81.9277 32.249 44.911 81.6121 85.3995 86.0233 63.3736 90.7368 96.2633 10.6301 45.607 92.9328 101.572 85.9239 80.6681 45.0444 87.6584 92.8052 68.5622 31.5183 75.2266 17.088 26.9214 51.0882 78.0212 36.2215 44.4185 9.05539 52.1728 
25.921 42.7551 34.0147 42.5964 69.6348 62.5111 40.0495 61.5224 66.9839 25.0032 50.388 32.9633 72.2496 29.4295 0.0 14.1421 48.6147 23.3238 49.7577 69.4562 47.2831 18.6129 43.0 27.313 44.4949 51.3013 27.7849 42.7737 48.5077 46.8615 52.3546 58.0369 42.7255 53.0094 57.67 75.4667 77.1904 52.6905 67.4449 72.3212 26.5529 46.0977 83.7406 72.4627 75.2408 69.985 51.9083 78.6523 68.8631 58.7648 27.5529 58.7282 37.648 10.4403 53.4883 67.338 43.6005 39.0128 22.2184 51.1957 
28.2312 56.3205 20.025 54.5857 64.4748 64.511 54.0805 57.5674 59.768 16.8037 64.4189 44.9354 65.5134 25.6173 14.1421 0.0 47.0956 35.6203 62.7368 67.6401 48.3821 30.7483 29.0689 14.2127 48.7263 55.5327 40.0901 43.8728 35.171 46.0 64.6833 59.1359 30.6105 67.8684 56.151 78.7065 81.4218 56.9219 69.8057 70.8022 15.099 32.0156 87.972 73.5617 68.8991 72.1214 38.833 82.8837 67.3441 56.9487 16.099 51.0392 26.194 4.12311 66.2572 65.522 58.5873 25.1794 21.2545 64.6297 
25.2389 82.8507 49.0408 55.6939 25.9422 47.0425 63.2679 16.1245 30.1496 63.7431 69.5388 52.3706 32.28 72.5567 48.6147 47.0956 0.0 73.4884 62.2977 38.4708 20.2237 67.1205 51.9711 56.5685 45.8216 48.0833 77.9104 21.0238 49.0408 3.16228 96.1931 26.6833 72.7805 99.1857 9.05539 58.4209 66.0681 44.3847 32.249 23.7065 62.0384 61.7171 68.7314 25.4951 36.0555 52.1536 74.8465 66.1891 20.2485 38.3275 63.0384 26.4764 73.0 48.5077 95.7495 37.2156 93.9076 49.1935 68.9544 88.7213 
48.9588 22.3607 55.2802 37.6962 92.6605 55.9017 31.9061 84.518 61.1208 24.0208 40.3609 29.6142 95.2496 23.2594 23.3238 35.6203 73.4884 0.0 43.0465 63.0079 70.7541 7.07107 64.2171 45.0111 38.2099 43.9318 4.47214 66.2447 70.7772 71.2718 29.0689 65.3816 54.8179 29.8329 82.5438 67.3573 66.6408 46.3897 74.1907 86.0854 29.1548 65.0308 73.8241 81.6356 69.2261 62.8172 67.082 68.4471 82.7881 52.0096 46.3553 81.796 40.3113 31.4995 30.8058 61.0328 20.5183 60.6536 20.025 30.0167 
45.0111 33.0 80.3243 8.24621 88.2399 21.6333 11.1803 78.4222 37.0135 59.8356 8.60233 17.8885 94.5569 63.7024 49.7577 62.7368 62.2977 43.0465 0.0 33.4215 42.5441 47.8017 88.6002 76.944 18.0278 14.3178 42.9535 41.4924 91.876 59.1354 50.1597 42.0119 92.3318 56.0089 65.0095 27.0185 24.0416 18.3576 47.5079 63.1269 65.9318 93.7763 31.3209 57.3149 40.6079 25.0 101.589 25.9615 60.6053 25.807 77.2334 86.3627 79.3889 60.9908 44.7214 32.5576 51.4782 84.4808 56.784 36.8782 
41.5592 62.6259 76.2933 30.8707 61.2944 12.0416 39.3954 52.0384 8.544 75.7327 42.0119 34.3657 69.0652 80.1393 69.4562 67.6401 38.4708 63.0079 33.4215 0.0 20.1246 65.0778 81.9334 81.1357 25.1794 21.5407 65.0692 24.2074 81.8352 41.633 80.0062 12.0 98.0168 84.8999 37.1214 20.025 28.1603 17.72 14.1421 30.8869 81.8289 90.3301 30.2655 24.6982 7.2111 14.1421 101.834 28.0179 29.1548 11.0 93.1305 64.9472 95.5528 67.0204 75.7694 2.23607 78.2624 78.2921 72.9479 68.4471 
21.9976 64.6754 56.7318 36.3593 46.166 27.0185 43.5229 36.3483 11.6619 65.1833 50.1199 35.0278 52.5038 76.3924 47.2831 48.3821 20.2237 70.7541 42.5441 20.1246 0.0 66.2643 62.2896 60.4643 26.513 28.2312 75.1761 6.08276 61.8547 17.1172 81.5337 11.3246 77.4302 85.8068 29.6982 39.2938 46.3897 24.3516 21.4924 29.6982 63.4786 70.7672 49.7293 25.2485 20.6205 32.7567 82.2722 46.6905 26.4009 18.1108 64.4786 46.0435 74.5736 48.6815 78.2357 18.3848 78.4678 58.6941 69.3945 71.6281 
44.469 29.4279 48.5605 41.6773 88.1707 58.5235 36.8782 80.0283 63.1825 17.1172 46.0109 32.6956 90.6976 16.6433 18.6129 30.7483 67.1205 7.07107 47.8017 65.0778 66.2643 0.0 57.4974 38.0526 40.5216 46.8188 11.0454 61.755 64.4825 65.3673 35.1141 67.4433 47.8017 34.9857 76.1759 70.7743 70.8308 48.7647 76.2523 88.147 22.0907 58.0775 77.8974 83.6973 71.4395 65.7875 60.0167 72.5603 84.8498 54.0778 39.6356 77.3039 33.541 26.6276 37.4833 63.0945 25.5539 53.9339 13.0 37.054 
46.6476 85.3756 9.05539 80.3617 57.0789 85.1628 81.3941 54.3415 73.7578 40.5216 91.7824 71.0634 54.231 47.4131 43.0 29.0689 51.9711 64.2171 88.6002 81.9334 62.2896 57.4974 0.0 21.095 72.1758 78.4592 68.485 57.8626 8.60233 52.6972 92.4446 73.5927 27.8568 91.4166 60.3738 99.3635 103.769 76.922 83.7605 75.6637 37.1618 10.198 109.108 77.4662 82.8886 92.9256 24.1868 104.731 72.2196 77.428 39.8617 40.0 38.2099 33.1361 94.9602 79.9827 82.2192 4.12311 44.9222 93.6483 
41.3401 67.0671 13.4536 68.7929 69.6348 78.0066 67.2955 64.2806 71.8501 21.0 77.634 59.1426 68.9493 26.4008 27.313 14.2127 56.5685 45.0111 76.944 81.1357 60.4643 38.0526 21.095 0.0 62.9335 69.7399 49.0918 55.9549 29.2062 56.0892 72.3671 71.72 17.0 70.8802 65.6201 92.2022 95.629 69.8518 81.8878 80.2751 16.4924 20.025 102.179 82.0636 80.9812 85.617 24.6982 97.0909 76.817 70.4443 21.7703 54.0833 18.7883 17.0 75.4255 79.0176 61.8466 18.4391 25.0799 75.0 
27.074 38.4708 64.7844 10.4403 71.7638 18.0278 17.0294 61.9461 24.5967 50.7714 24.3516 9.21954 78.0554 55.0248 44.4949 48.7263 45.8216 38.2099 18.0278 25.1794 26.513 40.5216 72.1758 62.9335 0.0 7.07107 40.0 24.9777 74.4652 42.6613 55.5428 29.1548 79.2052 60.0833 50.1933 31.0644 33.3017 8.24621 37.3363 50.0 56.8677 79.706 39.6232 44.9444 31.7805 25.4951 87.4882 34.6554 46.8615 14.3178 68.1693 68.4491 70.5915 46.9803 51.9711 23.3452 53.1507 68.1419 47.9866 45.2217 
32.7567 41.1096 71.0677 9.43398 74.0255 12.0416 17.8885 64.2078 23.3452 57.5778 22.2036 14.3178 80.3617 61.3351 51.3013 55.5327 48.0833 43.9318 14.3178 21.5407 28.2312 46.8188 78.4592 69.7399 7.07107 0.0 45.2769 27.4591 80.6536 44.9222 58.5235 28.2843 86.0117 63.561 50.775 24.1868 26.2488 4.24264 34.9857 49.4975 63.6741 85.2152 32.5576 43.9318 28.6356 18.9737 94.2946 27.5862 46.7547 12.0416 74.9757 72.5603 77.3979 53.7867 54.231 20.1246 57.3149 74.4252 54.1437 46.9574 
53.3808 18.9737 59.5481 38.3275 97.0825 57.3149 31.7805 88.94 63.2408 28.1603 39.4081 31.0644 99.6716 26.2488 27.7849 40.0901 77.9104 4.47214 42.9535 65.0692 75.1761 11.0454 68.485 49.0918 40.0 45.2769 0.0 70.6667 75.2471 75.6938 24.5967 67.5015 58.2495 25.4951 86.9658 68.1542 66.8506 48.0416 76.3106 88.2053 33.0151 69.1158 74.0945 83.7556 71.346 63.9531 70.7107 68.7095 84.9081 54.0833 50.6232 86.218 43.3244 35.9694 26.4764 63.1269 16.2788 64.9214 24.0208 26.1725 
17.4883 74.7656 52.2224 34.85 46.966 28.8617 41.9875 37.1483 16.2788 60.674 48.6949 33.4924 53.1413 71.883 42.7737 43.8728 21.0238 66.2447 41.4924 24.2074 6.08276 61.755 57.8626 55.9549 24.9777 27.4591 70.6667 0.0 57.8217 17.8885 88.9494 16.5529 72.9208 91.942 30.0792 42.1545 48.5077 24.0832 26.7881 34.9938 58.9693 66.2592 52.5547 30.5441 25.807 35.4683 77.7629 49.0408 31.6966 19.4165 59.9693 45.1774 70.0643 44.1721 87.6644 22.2036 86.6639 54.2212 64.8851 80.6362 
48.1041 91.2414 16.1245 83.6372 50.636 86.855 85.3756 49.0408 73.4983 47.5516 95.6347 74.6726 47.0 55.2268 48.5077 35.171 49.0408 70.7772 91.876 81.8352 61.8547 64.4825 8.60233 29.2062 74.4652 80.6536 75.2471 57.8217 0.0 50.2494 99.4472 73.1751 36.2491 98.6154 56.8595 99.9558 105.462 78.7718 81.2898 72.4224 44.7772 17.2627 110.343 74.5359 82.4711 93.2621 31.0644 106.423 69.2026 77.0377 46.8469 33.3766 46.7547 39.2938 101.414 79.925 89.3352 10.8167 52.0 99.6393 
22.8254 80.2436 49.2443 52.5336 29.1045 44.0114 59.6711 19.2868 33.3119 62.7145 66.3785 49.7634 35.4401 71.5281 46.8615 46.0 3.16228 71.2718 59.1354 41.633 17.1172 65.3673 52.6972 56.0892 42.6613 44.9222 75.6938 17.8885 50.2494 0.0 94.4273 29.8456 72.5328 97.4199 12.2177 61.5832 63.1308 41.2311 35.4113 26.8688 61.0098 62.2656 71.8936 28.6574 39.2178 49.3081 75.1532 63.3204 23.4107 35.2278 62.0098 29.2746 72.0625 47.1699 93.1423 40.3779 91.6909 49.7393 66.7631 86.1141 
71.6635 17.4642 83.5252 49.4773 119.701 69.857 41.0 110.709 80.1124 51.923 43.0116 46.5188 123.529 47.0956 52.3546 64.6833 96.1931 29.0689 50.1597 80.0062 81.5337 35.1141 92.4446 72.3671 55.5428 58.5235 24.5967 88.9494 99.4472 94.4273 0.0 84.5281 79.0063 6.7082 105.249 77.1622 73.0616 62.2977 92.8493 105.233 55.9017 92.228 80.1561 100.221 86.977 74.8131 92.0054 75.06 101.936 69.6419 74.6003 110.673 63.0714 60.5626 7.2111 78.4347 11.0454 88.8985 47.5395 14.5602 
32.7514 67.6018 67.9875 37.5366 49.366 22.4722 45.607 40.05 5.0 75.9371 50.3289 38.0132 57.0789 81.9277 58.0369 59.1359 26.6833 65.3816 42.0119 12.0 11.3246 67.4433 73.5927 71.72 29.1548 28.2843 67.5015 16.5529 73.1751 29.8456 84.5281 0.0 88.6859 88.8028 25.1794 32.0156 40.1123 24.0416 10.198 21.2132 74.2324 82.0243 42.19 15.8114 10.0 26.0768 93.5279 40.0125 18.6011 16.2788 75.2324 53.1507 85.3275 59.4353 81.1234 11.1803 81.4638 69.9799 74.7363 74.3303 
58.3095 77.1298 25.02 85.1705 83.2947 94.8877 81.7067 79.0253 88.816 32.6497 91.584 75.5373 81.3941 32.249 42.7255 30.6105 72.7805 54.8179 92.3318 98.0168 77.4302 47.8017 27.8568 17.0 79.2052 86.0117 58.2495 72.9208 36.2491 72.5328 79.0063 88.6859 0.0 76.1643 81.7863 110.177 111.901 87.4009 98.8538 96.487 26.4008 20.0 118.451 98.2756 97.9471 102.498 13.1529 113.363 93.0289 87.3255 37.1725 66.7533 16.1245 32.5756 83.2947 95.8987 68.0 27.6586 35.4683 84.3445 
74.656 23.0217 82.6378 54.7449 122.089 75.1332 46.3897 113.701 84.5044 51.0784 49.163 50.9215 125.049 44.911 53.0094 67.8684 99.1857 29.8329 56.0089 84.8999 85.8068 34.9857 91.4166 70.8802 60.0833 63.561 25.4951 91.942 98.6154 97.4199 6.7082 88.8028 76.1643 0.0 108.241 83.0241 79.2275 67.1863 97.4064 109.507 54.4059 90.471 86.3713 104.494 91.7606 80.399 89.2749 81.2219 106.209 74.3303 73.7694 111.595 60.075 69.1725 13.8924 83.2406 9.43398 88.0227 46.6154 21.1896 
34.2942 91.9061 57.8705 59.5263 24.1868 47.2969 67.1246 15.0333 29.6142 72.7985 72.9579 61.426 32.0 81.6121 57.67 56.151 9.05539 82.5438 65.0095 37.1214 29.6982 76.1759 60.3738 65.6201 50.1933 50.775 86.9658 30.0792 56.8595 12.2177 105.249 25.1794 81.7863 108.241 0.0 57.0351 65.2763 46.6527 27.8927 15.6205 71.0938 70.2638 67.0075 18.868 33.1361 51.2445 83.5703 65.123 12.8062 39.5601 72.0938 30.4138 82.0554 57.5631 104.805 36.3456 102.963 57.7754 78.0098 97.7767 
52.9517 60.0083 92.0694 29.8329 81.1542 14.2127 37.2156 72.0069 28.2843 81.7432 34.5254 38.0789 89.0225 85.3995 75.4667 78.7065 58.4209 67.3573 27.0185 20.025 39.2938 70.7743 99.3635 92.2022 31.0644 24.1868 68.1542 42.1545 99.9558 61.5832 77.1622 32.0156 110.177 83.0241 57.0351 0.0 8.94427 23.4307 31.3209 49.0408 87.8394 106.217 10.4403 42.72 24.5153 6.7082 115.811 8.24621 48.0521 23.3238 99.1411 84.8973 101.563 77.9521 71.5681 21.2132 78.2304 95.364 78.2081 63.6396 
57.3577 56.4358 96.4316 29.1548 89.4539 19.6469 35.1141 80.1561 36.0 81.6166 30.0666 38.6005 97.1854 86.0233 77.1904 81.4218 66.0681 66.6408 24.0416 28.1603 46.3897 70.8308 103.769 95.629 33.3017 26.2488 66.8506 48.5077 105.462 63.1308 73.0616 40.1123 111.901 79.2275 65.2763 8.94427 0.0 26.9258 40.1622 57.8705 87.7129 110.579 7.28011 51.5461 33.2415 14.0357 120.184 2.0 56.7539 29.1204 99.0145 92.3472 101.437 79.6758 67.0075 29.0172 75.3127 99.7647 78.8318 59.0085 
30.6757 44.9444 69.5414 13.6015 70.3269 9.84886 21.9545 60.5092 19.105 58.967 26.4008 17.0 76.6647 63.3736 52.6905 56.9219 44.3847 46.3897 18.3576 17.72 24.3516 48.7647 76.922 69.8518 8.24621 4.24264 48.0416 24.0832 78.7718 41.2311 62.2977 24.0416 87.4009 67.1863 46.6527 23.4307 26.9258 0.0 30.8869 45.2548 65.0633 83.6889 32.6497 39.6989 24.6982 17.4929 93.4608 28.0179 42.5206 7.81025 76.3649 69.2604 78.7871 55.1759 58.1808 16.1555 60.6712 72.8972 56.1822 51.0 
43.4212 75.6439 78.1554 44.4185 51.1566 26.1725 52.8394 42.7551 13.1529 85.3452 56.0803 46.4866 59.4138 90.7368 67.4449 69.8057 32.249 74.1907 47.5079 14.1421 21.4924 76.2523 83.7605 81.8878 37.3363 34.9857 76.3106 26.7881 81.2898 35.4113 92.8493 10.198 98.8538 97.4064 27.8927 31.3209 40.1622 30.8869 0.0 17.72 83.6405 92.1921 40.4475 11.4018 7.2111 26.8328 103.696 39.5601 17.0294 23.2594 84.6405 57.9396 95.9972 70.105 89.0 15.0 90.2497 80.1477 83.5454 81.8841 
48.9454 88.2649 72.7473 58.7282 35.171 42.72 66.7083 28.178 26.1725 87.4497 71.5052 58.6173 43.6807 96.2633 72.3212 70.8022 23.7065 86.0854 63.1269 30.8869 29.6982 88.147 75.6637 80.2751 50.0 49.4975 88.2053 34.9938 72.4224 26.8688 105.233 21.2132 96.487 109.507 15.6205 49.0408 57.8705 45.2548 17.72 0.0 85.745 85.4236 58.0517 6.32456 24.6982 44.3847 98.553 57.28 4.0 37.4833 86.745 45.2217 96.7065 72.2143 101.825 31.0644 102.168 72.9 92.661 95.2103 
43.2415 51.4782 28.6531 58.7705 78.7095 74.8839 55.3067 72.0967 79.3566 6.40312 65.184 49.1373 79.3542 10.6301 26.5529 15.099 62.0384 29.1548 65.9318 81.8289 63.4786 22.0907 37.1618 16.4924 56.8677 63.6741 33.0151 58.9693 44.7772 61.0098 55.9017 74.2324 26.4008 54.4059 71.0938 87.8394 87.7129 65.0633 83.6405 85.745 0.0 36.3456 94.6224 88.6582 87.6135 82.3578 38.0789 89.353 82.2869 71.1375 21.0 64.7083 15.2643 16.4031 59.1354 79.7108 45.3542 34.0 9.21954 59.1354 
54.037 87.023 14.2127 85.6154 67.1863 92.0162 86.0943 64.5368 82.1544 41.0122 96.4328 75.9751 64.0703 45.607 46.0977 32.0156 61.7171 65.0308 93.7763 90.3301 70.7672 58.0775 10.198 20.025 79.706 85.2152 69.1158 66.2592 17.2627 62.2656 92.228 82.0243 20.0 90.471 70.2638 106.217 110.579 83.6889 92.1921 85.4236 36.3456 0.0 115.939 87.2122 91.3202 99.779 14.0357 111.578 81.9656 84.2814 41.1496 50.04 33.2866 35.6931 95.4254 88.3794 81.5843 12.53 45.0999 95.0053 
62.6966 63.6396 101.814 36.2353 91.022 24.1868 42.3792 82.0244 38.6394 88.5262 37.2156 45.4863 99.0051 92.9328 83.7406 87.972 68.7314 73.8241 31.3209 30.2655 49.7293 77.8974 109.108 102.179 39.6232 32.5576 74.0945 52.5547 110.343 71.8936 80.1561 42.19 118.451 86.3713 67.0075 10.4403 7.28011 32.6497 40.4475 58.0517 94.6224 115.939 0.0 51.788 34.0588 17.088 125.711 5.38516 57.4282 33.541 107.415 95.2078 108.346 86.226 74.0068 31.5753 82.5651 105.109 85.7414 66.0076 
47.1772 83.3547 74.5359 53.2635 40.6079 36.6197 61.4003 32.8938 20.6155 90.3629 65.7647 53.7151 49.0306 101.572 72.4627 73.5617 25.4951 81.6356 57.3149 24.6982 25.2485 83.6973 77.4662 82.0636 44.9444 43.9318 83.7556 30.5441 74.5359 28.6574 100.221 15.8114 98.2756 104.494 18.868 42.72 51.5461 39.6989 11.4018 6.32456 88.6582 87.2122 51.788 0.0 18.3848 38.0789 100.342 50.9608 6.32456 31.8904 89.6582 49.2443 99.7532 73.8611 96.8969 25.0 97.1552 74.6886 94.5741 90.1388 
42.5146 69.6419 77.2487 38.0132 57.0 19.105 46.5188 48.1664 9.84886 81.5173 49.2037 41.0 65.0692 85.9239 75.2408 68.8991 36.0555 69.2261 40.6079 7.2111 20.6205 71.4395 82.8886 80.9812 31.7805 28.6356 71.346 25.807 82.4711 39.2178 86.977 10.0 97.9471 91.7606 33.1361 24.5153 33.2415 24.6982 7.2111 24.6982 87.6135 91.3202 34.0588 18.3848 0.0 19.6977 102.789 32.7567 23.5372 17.4642 98.9152 62.3618 101.337 69.1984 82.8553 8.544 84.9294 79.2758 78.7325 75.5844 
46.5138 57.4282 85.6315 26.0192 75.4255 7.81025 34.0588 66.1211 22.0227 76.2615 33.2415 33.2415 83.1505 80.6681 69.985 72.1214 52.1536 62.8172 25.0 14.1421 32.7567 65.7875 92.9256 85.617 25.4951 18.9737 63.9531 35.4683 93.2621 49.3081 74.8131 26.0768 102.498 80.399 51.2445 6.7082 14.0357 17.4929 26.8328 44.3847 82.3578 99.779 17.088 38.0789 19.6977 0.0 109.551 14.0357 43.0116 16.6433 93.6594 78.5336 96.0816 72.4704 69.6348 15.0 75.0 88.9261 73.4767 61.8466 
64.4438 89.4427 25.9422 93.3476 81.2219 101.616 91.8805 78.4474 93.6581 43.9659 102.206 83.6973 78.0256 45.0444 51.9083 38.833 74.8465 67.082 101.589 101.834 82.2722 60.0167 24.1868 24.6982 87.4882 94.2946 70.7107 77.7629 31.0644 75.1532 92.0054 93.5279 13.1529 89.2749 83.5703 115.811 120.184 93.4608 103.696 98.553 38.0789 14.0357 125.711 100.342 102.789 109.551 0.0 121.646 95.095 94.0534 46.3553 64.0703 29.2746 41.6773 96.1301 99.8831 81.0247 25.9615 47.2969 96.8762 
58.3191 58.4209 97.431 30.8869 89.2749 20.2485 37.0 80.0562 36.0555 83.2568 32.0624 40.2244 97.0824 87.6584 78.6523 82.8837 66.1891 68.4471 25.9615 28.0179 46.6905 72.5603 104.731 97.0909 34.6554 27.5862 68.7095 49.0408 106.423 63.3204 75.06 40.0125 113.363 81.2219 65.123 8.24621 2.0 28.0179 39.5601 57.28 89.353 111.578 5.38516 50.9608 32.7567 14.0357 121.646 0.0 56.2939 29.7321 100.655 92.546 103.077 81.1377 69.0072 29.0172 77.2787 100.731 80.472 61.0082 
45.4873 85.0779 69.2893 55.8659 34.3657 40.7063 63.7024 26.5707 23.6008 83.9916 68.884 55.4303 42.7551 92.8052 68.8631 67.3441 20.2485 82.7881 60.6053 29.1548 26.4009 84.8498 72.2196 76.817 46.8615 46.7547 84.9081 31.6966 69.2026 23.4107 101.936 18.6011 93.0289 106.209 12.8062 48.0521 56.7539 42.5206 17.0294 4.0 82.2869 81.9656 57.4282 6.32456 23.5372 43.0116 95.095 56.2939 0.0 34.8281 83.2869 43.0465 93.2485 68.7562 98.6383 29.0689 98.8704 69.442 89.2029 92.0191 
31.0162 52.3927 70.1339 21.4009 63.3738 9.48683 29.6816 53.699 11.3137 64.1556 34.0588 23.5372 70.5976 68.5622 58.7648 56.9487 38.3275 52.0096 25.807 11.0 18.1108 54.0778 77.428 70.4443 14.3178 12.0416 54.0833 19.4165 77.0377 35.2278 69.6419 16.2788 87.3255 74.3303 39.5601 23.3238 29.1204 7.81025 23.2594 37.4833 71.1375 84.2814 33.541 31.8904 17.4642 16.6433 94.0534 29.7321 34.8281 0.0 82.4392 64.0 84.8614 56.329 65.7419 9.05539 67.4685 73.4285 61.3708 58.6686 
45.512 68.0088 30.9249 70.0721 79.7095 86.1855 67.4624 73.0967 90.6582 22.7047 77.8506 60.439 80.3542 31.5183 27.5529 16.099 63.0384 46.3553 77.2334 93.1305 64.4786 39.6356 39.8617 21.7703 68.1693 74.9757 50.6232 59.9693 46.8469 62.0098 74.6003 75.2324 37.1725 73.7694 72.0938 99.1411 99.0145 76.3649 84.6405 86.745 21.0 41.1496 107.415 89.6582 98.9152 93.6594 46.3553 100.655 83.2869 82.4392 0.0 65.7083 32.095 17.4031 77.0984 91.0124 64.4883 36.2982 27.1555 76.123 
43.0813 97.6365 41.9762 78.8543 17.2627 73.0616 83.8153 17.6918 56.626 66.413 92.6499 72.7424 14.8661 75.2266 58.7282 51.0392 26.4764 81.796 86.3627 64.9472 46.0435 77.3039 40.0 54.0833 68.4491 72.5603 86.218 45.1774 33.3766 29.2746 110.673 53.1507 66.7533 111.595 30.4138 84.8973 92.3472 69.2604 57.9396 45.2217 64.7083 50.04 95.2078 49.2443 62.3618 78.5336 64.0703 92.546 43.0465 64.0 65.7083 0.0 72.8011 54.2033 110.535 63.692 102.215 39.2046 70.8638 106.066 
54.3366 62.2977 31.9061 72.4943 88.0568 88.6077 69.029 82.201 93.0804 21.4009 78.8162 62.8612 87.6641 17.088 37.648 26.194 73.0 40.3113 79.3889 95.5528 74.5736 33.541 38.2099 18.7883 70.5915 77.3979 43.3244 70.0643 46.7547 72.0625 63.0714 85.3275 16.1245 60.075 82.0554 101.563 101.437 78.7871 95.9972 96.7065 15.2643 33.2866 108.346 99.7532 101.337 96.0816 29.2746 103.077 93.2485 84.8614 32.095 72.8011 0.0 27.4981 67.6018 93.4346 52.0384 36.4005 22.6716 69.1231 
27.8927 52.2398 24.0832 52.8397 67.082 64.9965 50.4891 59.808 60.0673 18.1078 60.8275 43.1894 68.5055 26.9214 10.4403 4.12311 48.5077 31.4995 60.9908 67.0204 48.6815 26.6276 33.1361 17.0 46.9803 53.7867 35.9694 44.1721 39.2938 47.1699 60.5626 59.4353 32.5756 69.1725 57.5631 77.9521 79.6758 55.1759 70.105 72.2143 16.4031 35.6931 86.226 73.8611 69.1984 72.4704 41.6773 81.1377 68.7562 56.329 17.4031 54.2033 27.4981 0.0 62.1365 64.9022 59.8914 29.2746 22.5586 60.531 
70.3785 13.6015 86.0233 44.9444 118.416 65.146 36.4005 109.424 76.5376 54.5894 37.1214 43.2666 122.387 51.0882 53.4883 66.2572 95.7495 30.8058 44.7214 75.7694 78.2357 37.4833 94.9602 75.4255 51.9711 54.231 26.4764 87.6644 101.414 93.1423 7.2111 81.1234 83.2947 13.8924 104.805 71.5681 67.0075 58.1808 89.0 101.825 59.1354 95.4254 74.0068 96.8969 82.8553 69.6348 96.1301 69.0072 98.6383 65.7419 77.0984 110.535 67.6018 62.1365 0.0 74.3236 16.5529 91.3966 50.3587 8.0 
39.6085 61.0983 74.3426 29.5296 60.531 11.6619 38.0132 51.1566 7.07107 73.6145 41.1096 32.5576 68.1836 78.0212 67.338 65.522 37.2156 61.0328 32.5576 2.23607 18.3848 63.0945 79.9827 79.0176 23.3452 20.1246 63.1269 22.2036 79.925 40.3779 78.4347 11.1803 95.8987 83.2406 36.3456 21.2132 29.0172 16.1555 15.0 31.0644 79.7108 88.3794 31.5753 25.0 8.544 15.0 99.8831 29.0172 29.0689 9.05539 91.0124 63.692 93.4346 64.9022 74.3236 0.0 76.4853 76.3414 70.8297 67.082 
69.3779 19.3132 73.3894 49.0102 113.08 69.1809 41.0488 104.399 77.2031 41.7852 45.607 43.9318 115.669 36.2215 43.6005 58.5873 93.9076 20.5183 51.4782 78.2624 78.4678 25.5539 82.2192 61.8466 53.1507 57.3149 16.2788 86.6639 89.3352 91.6909 11.0454 81.4638 68.0 9.43398 102.963 78.2304 75.3127 60.6712 90.2497 102.168 45.3542 81.5843 82.5651 97.1552 84.9294 75.0 81.0247 77.2787 98.8704 67.4685 64.4883 102.215 52.0384 59.8914 16.5529 76.4853 0.0 78.7718 37.3363 21.2132 
42.72 81.4985 5.38516 76.243 56.0089 81.1633 77.2787 52.6118 70.1164 37.0 87.6641 66.9403 53.7587 44.4185 39.0128 25.1794 49.1935 60.6536 84.4808 78.2921 58.6941 53.9339 4.12311 18.4391 68.1419 74.4252 64.9214 54.2212 10.8167 49.7393 88.8985 69.9799 27.6586 88.0227 57.7754 95.364 99.7647 72.8972 80.1477 72.9 34.0 12.53 105.109 74.6886 79.2758 88.9261 25.9615 100.731 69.442 73.4285 36.2982 39.2046 36.4005 29.2746 91.3966 76.3414 78.7718 0.0 41.4367 89.8053 
48.0324 42.2966 36.0555 49.8894 84.865 66.0028 46.4256 78.2522 70.4755 4.47214 56.3028 40.2563 85.5097 9.05539 22.2184 21.2545 68.9544 20.025 56.784 72.9479 69.3945 13.0 44.9222 25.0799 47.9866 54.1437 24.0208 64.8851 52.0 66.7631 47.5395 74.7363 35.4683 46.6154 78.0098 78.2081 78.8318 56.1822 83.5454 92.661 9.21954 45.0999 85.7414 94.5741 78.7325 73.4767 47.2969 80.472 89.2029 61.3708 27.1555 70.8638 22.6716 22.5586 50.3587 70.8297 37.3363 41.4367 0.0 50.04 
65.9016 8.544 84.5931 37.5766 113.593 57.5847 29.0689 104.342 69.6419 54.0 29.1548 36.8782 117.91 52.1728 51.1957 64.6297 88.7213 30.0167 36.8782 68.4471 71.6281 37.054 93.6483 75.0 45.2217 46.9574 26.1725 80.6362 99.6393 86.1141 14.5602 74.3303 84.3445 21.1896 97.7767 63.6396 59.0085 51.0 81.8841 95.2103 59.1354 95.0053 66.0076 90.1388 75.5844 61.8466 96.8762 61.0082 92.0191 58.6686 76.123 106.066 69.1231 60.531 8.0 67.082 21.2132 89.8053 50.04 0.0 
DEMAND_SCENARIO_SECTION
0 0 0 0 0 0 0 0 0 0 0 0 0 0 0 0 0 0 0 0 0 0 0 0 0 0 0 0 0 0 0 0 0 0 0 0 0 0 0 0 0 0 0 0 0 0 0 0 0 0 0 0 0 0 0 0 0 0 0 0 0 0 0 0 0 0 0 0 0 0 0 0 0 0 0 0 0 0 0 0 0 0 0 0 0 0 0 0 0 0 0 0 0 0 0 0 0 0 0 0 0 0 0 0 0 0 0 0 0 0 0 0 0 0 0 0 0 0 0 0 0 0 0 0 0 0 0 0 0 0 0 0 0 0 0 0 0 0 0 0 0 0 0 0 0 0 0 0 0 0 0 0 0 0 0 0 0 0 0 0 0 0 0 0 0 0 0 0 0 0 0 0 0 0 0 0 0 0 0 0 0 0 0 0 0 0 0 0 0 0 0 0 0 0 0 0 0 0 0 0 
10 8 11 6 4 6 4 5 7 10 11 8 10 7 2 8 10 1 7 9 5 6 11 7 7 9 7 10 8 7 12 7 9 5 9 12 9 3 10 8 9 9 10 9 6 9 8 10 9 7 8 6 7 13 8 7 10 7 4 5 6 5 0 11 6 13 8 7 13 10 13 12 3 8 8 9 12 4 8 14 5 13 5 5 3 11 8 5 11 10 15 9 5 5 9 5 5 12 13 6 8 6 6 9 7 6 12 10 10 6 10 7 9 6 6 3 4 9 12 6 8 5 5 12 15 9 9 11 8 10 11 11 11 10 6 9 10 9 5 9 7 6 3 8 8 4 9 8 12 8 7 10 10 11 6 7 7 8 2 4 7 8 7 7 8 11 5 10 7 6 6 5 5 6 8 9 6 5 11 2 15 18 13 11 7 4 8 8 5 12 8 10 9 6 6 8 11 9 11 3 
3 3 4 2 6 1 2 6 4 6 4 5 3 5 7 3 7 4 5 6 4 3 7 5 4 5 2 4 1 3 4 4 3 5 4 5 3 5 4 4 4 6 3 2 4 6 2 3 4 5 6 4 4 6 2 4 3 5 3 4 5 5 4 3 2 3 2 5 6 3 1 7 6 5 3 5 5 5 4 3 5 3 7 6 4 6 5 4 3 6 5 7 5 4 4 6 5 4 4 3 4 2 4 5 2 4 2 4 3 3 6 3 4 3 4 4 2 2 6 4 4 5 4 4 4 7 6 1 5 5 4 2 6 6 6 5 4 6 5 4 4 4 4 5 4 2 1 5 3 7 5 7 3 3 5 3 6 3 7 4 5 4 4 3 5 2 5 4 4 6 4 3 1 7 5 6 5 2 1 5 2 4 3 3 2 7 5 3 3 4 4 7 4 5 3 5 4 5 2 4 
6 10 9 7 10 7 5 6 8 7 5 6 7 7 5 8 13 10 8 10 6 9 8 4 4 10 9 5 10 7 9 10 7 7 6 9 7 2 6 6 10 4 6 9 11 7 7 9 8 6 13 8 6 9 7 6 5 8 5 7 7 6 6 2 8 5 9 12 10 5 11 6 11 8 6 12 8 8 9 8 5 7 7 9 4 8 9 5 8 7 1 4 6 2 8 9 5 6 6 9 10 7 4 7 6 4 10 8 6 8 7 7 6 6 8 7 6 4 7 8 5 1 4 8 6 7 9 6 11 3 5 6 4 6 9 6 8 7 13 5 10 7 7 7 7 6 9 5 5 9 8 8 10 8 9 9 7 4 7 6 7 5 7 10 7 12 4 8 10 5 8 5 2 8 8 9 6 7 7 7 3 8 7 7 9 7 5 8 9 9 11 8 8 5 5 6 7 5 6 5 
1 8 7 9 13 8 4 7 10 12 6 4 8 7 11 10 11 11 5 8 4 8 8 14 6 15 8 6 9 13 0 12 9 5 9 6 10 11 13 12 10 8 8 9 10 8 6 3 8 6 11 9 11 10 9 10 10 4 8 7 9 11 6 10 8 10 6 11 10 7 14 5 7 8 4 11 6 10 9 13 5 9 7 9 8 11 5 7 11 5 10 10 7 8 9 6 4 6 6 14 9 4 8 5 10 11 12 12 14 11 8 3 11 10 12 9 7 16 16 8 9 14 8 8 10 12 10 7 7 6 16 10 12 4 9 16 7 8 8 10 10 6 11 16 7 13 15 14 7 10 9 11 3 5 12 12 12 7 11 4 9 5 10 8 7 15 8 7 11 9 13 11 9 6 10 12 11 7 13 10 11 8 7 7 11 8 12 8 11 6 13 11 8 10 5 10 14 14 6 10 
11 6 10 11 9 11 13 12 10 2 3 9 17 8 6 10 10 8 10 11 4 14 12 8 7 10 10 14 6 9 7 7 7 7 8 5 11 10 12 6 6 7 4 5 4 11 6 8 8 7 6 4 11 10 13 14 12 9 7 14 4 7 12 15 12 11 8 5 12 12 10 10 2 2 7 4 10 8 10 9 11 8 11 9 8 14 2 7 8 10 11 4 6 11 9 6 10 11 9 7 10 9 9 9 12 7 2 11 12 11 11 6 11 10 8 8 11 2 10 7 8 10 7 12 3 11 13 10 9 10 9 5 8 14 7 13 9 0 11 11 3 13 7 10 10 14 7 15 4 6 6 15 8 4 9 8 10 8 8 9 10 12 6 5 12 9 3 5 14 9 8 8 12 11 9 4 14 9 8 8 6 6 9 16 6 10 18 9 8 8 8 6 8 7 11 8 2 8 8 8 
5 4 6 6 4 5 6 5 6 4 7 5 3 5 5 4 6 9 4 7 7 5 4 3 5 3 5 4 7 3 7 5 4 5 4 6 7 6 9 6 8 6 5 5 4 4 6 5 5 4 8 5 6 2 6 7 4 8 6 5 4 5 7 6 5 8 6 10 4 3 1 4 4 4 6 2 3 7 5 5 5 4 5 7 4 5 4 8 5 4 1 6 7 5 5 4 2 5 3 6 0 6 7 4 4 5 4 2 4 3 5 4 3 5 5 5 5 0 7 3 3 5 7 3 1 4 6 3 6 4 5 1 5 4 4 7 2 2 6 5 6 2 7 7 6 4 4 2 3 4 3 3 5 6 7 5 6 4 7 7 6 9 6 8 6 6 6 3 6 5 4 5 2 4 6 4 6 8 6 3 4 5 7 5 6 3 8 4 5 6 3 5 6 4 5 4 6 6 7 4 
5 2 5 5 8 6 4 3 1 3 4 5 7 4 6 3 3 2 5 1 4 2 4 3 5 4 7 5 5 6 3 4 1 5 3 3 4 6 4 3 5 3 4 4 3 4 2 2 4 5 3 6 7 5 4 3 5 5 1 5 3 8 4 6 3 5 3 1 3 3 4 5 3 4 5 4 1 4 4 5 3 4 3 3 3 5 3 5 6 5 3 3 4 6 5 4 5 3 4 0 5 4 4 5 0 2 5 4 3 1 4 2 7 6 6 6 3 5 5 4 1 4 4 4 4 3 5 2 4 5 5 3 3 3 2 3 3 2 4 5 3 4 4 4 1 6 5 3 4 4 3 5 3 4 3 4 2 4 3 7 5 3 5 4 1 5 3 3 3 3 5 3 4 4 2 4 4 3 6 5 3 5 4 5 5 3 5 5 3 3 6 4 3 2 2 3 5 4 3 5 
1 2 6 6 6 8 5 3 6 6 6 2 3 5 1 5 7 5 3 6 8 4 5 4 6 3 2 3 3 6 4 6 1 5 2 7 4 2 4 2 7 3 7 6 6 5 4 5 3 8 5 3 4 5 4 8 4 2 7 6 8 8 5 4 6 5 0 5 4 4 6 5 6 3 8 5 7 4 4 7 8 4 8 5 4 3 6 4 5 8 4 9 6 5 3 5 2 0 6 8 6 3 6 5 5 2 4 4 4 4 3 6 5 7 5 7 5 8 6 5 6 8 4 3 8 5 7 3 3 3 4 2 6 3 3 6 2 7 4 4 6 4 5 4 9 5 5 6 7 7 0 5 4 3 4 1 8 5 4 6 4 1 5 6 2 9 2 4 3 6 4 5 4 6 4 4 5 4 5 3 7 7 1 3 3 8 7 4 5 6 3 5 5 5 5 6 5 3 6 3 
4 5 2 4 3 4 4 6 3 5 4 4 6 6 5 2 5 7 3 5 9 5 5 6 5 6 5 4 5 4 4 7 7 7 5 3 6 2 8 4 6 6 3 9 5 4 6 9 6 6 5 3 8 4 7 2 6 7 4 6 7 9 4 4 5 4 4 6 5 4 4 2 5 3 9 7 6 7 5 5 3 5 4 4 4 5 8 2 5 6 3 6 4 6 5 6 6 8 6 4 5 4 5 4 5 3 2 4 5 2 5 4 8 5 6 6 2 2 5 6 5 3 3 7 3 5 6 2 7 10 4 6 5 4 6 3 4 5 4 3 8 3 4 4 7 6 7 3 5 8 5 5 5 4 2 2 3 4 6 3 4 5 6 3 3 3 7 6 7 5 5 5 3 5 5 6 5 7 5 4 8 5 2 4 2 6 4 4 6 2 7 5 5 3 5 3 4 5 5 6 
6 4 4 4 4 4 3 1 6 4 5 4 6 5 5 4 4 6 4 5 2 4 5 5 4 4 6 4 4 5 3 2 4 2 3 3 4 5 5 5 2 2 5 5 4 2 5 3 4 5 5 5 5 4 5 3 4 4 3 5 4 7 5 5 5 3 4 2 5 5 4 4 5 3 5 3 4 5 4 5 6 4 3 3 5 6 4 2 4 5 3 4 5 2 4 1 4 6 4 5 5 6 5 6 4 3 6 4 5 5 3 5 2 4 4 5 6 5 7 3 8 4 3 4 3 3 5 4 4 4 5 2 3 5 4 5 4 5 6 6 7 5 5 3 3 3 4 4 4 7 4 6 4 6 6 3 4 3 7 4 1 3 4 6 4 2 6 1 5 6 3 4 5 2 6 2 5 4 5 2 2 4 5 2 3 4 5 3 0 4 5 3 6 3 3 1 3 6 7 2 
2 3 2 1 2 2 2 3 3 2 2 2 2 2 2 2 1 2 3 3 3 1 2 1 2 1 3 3 3 2 2 3 1 2 2 2 3 3 1 2 2 1 1 1 2 2 2 2 1 2 1 4 1 2 3 2 2 2 3 2 2 2 2 1 2 2 2 2 2 3 2 2 2 1 1 1 2 2 2 3 2 2 1 1 2 1 2 2 2 1 1 2 3 1 3 2 2 3 2 2 3 2 2 2 1 1 1 2 0 3 2 3 3 2 3 2 0 2 2 2 2 3 2 3 1 3 3 1 1 2 2 2 1 2 3 3 2 3 2 3 1 2 2 1 1 3 1 2 2 2 2 2 3 3 2 3 1 2 1 2 4 2 3 2 2 2 1 1 1 3 2 3 1 3 2 3 3 1 3 2 1 1 3 2 2 2 2 1 2 2 3 2 3 1 2 1 2 3 2 1 
1 0 3 1 3 2 2 3 1 2 2 2 2 2 2 2 3 2 1 2 1 2 3 1 1 1 3 2 3 3 2 2 1 2 2 1 2 1 2 3 2 3 3 3 2 2 2 3 3 2 2 1 1 2 3 1 2 2 3 2 1 3 1 2 1 3 2 1 2 2 3 2 2 3 1 2 2 0 3 1 2 2 2 2 3 1 3 3 3 2 2 2 2 3 1 2 2 2 2 2 1 2 2 1 2 1 2 2 3 0 1 2 2 1 2 1 2 2 2 2 2 2 1 2 2 0 1 3 2 2 3 2 2 3 3 2 2 2 3 2 3 1 1 2 2 3 2 1 2 2 3 2 3 3 2 2 2 2 3 3 3 1 2 2 3 1 2 2 3 2 3 3 2 2 1 2 2 3 1 3 1 4 3 3 2 2 1 2 2 2 2 2 3 2 2 2 3 4 2 3 
7 9 7 12 7 5 8 12 7 15 10 9 10 4 8 11 13 7 9 10 11 12 8 8 9 4 8 10 4 10 5 5 11 14 9 9 7 9 11 5 7 3 9 10 11 7 9 8 2 5 7 4 7 5 10 13 8 5 6 7 6 7 5 8 9 9 5 5 7 7 9 6 11 15 9 7 5 7 4 5 12 8 10 5 6 10 10 9 6 10 4 2 6 10 7 8 7 6 10 9 11 10 7 9 8 10 8 5 9 7 6 10 10 0 8 6 9 5 7 11 6 5 7 9 9 11 5 5 7 6 12 8 9 2 7 4 8 6 10 12 7 4 7 11 0 9 6 7 9 9 8 8 5 13 7 10 9 14 14 7 9 13 9 6 9 7 9 4 2 11 7 7 6 7 8 12 11 8 10 6 4 11 9 4 5 8 4 10 5 6 9 13 11 11 8 8 4 4 8 9 
3 3 3 4 2 5 4 3 4 4 3 3 4 3 5 1 6 3 5 3 3 5 4 3 3 2 4 4 4 3 2 3 2 5 2 3 3 1 4 3 2 4 2 3 3 2 3 4 4 4 4 4 2 3 3 3 3 1 2 4 2 4 3 2 4 4 2 3 6 4 3 4 2 4 3 3 3 3 3 3 3 4 4 3 4 4 3 4 1 2 4 2 4 2 3 3 4 2 3 3 3 3 2 4 3 3 3 1 4 5 3 3 6 3 4 2 3 1 4 4 2 3 3 3 4 0 3 2 3 4 3 0 2 4 2 4 5 3 2 3 2 2 2 2 3 4 1 4 5 2 2 4 3 3 3 3 2 1 4 2 4 2 3 3 4 3 0 2 2 3 1 3 4 0 2 4 4 1 3 2 4 3 3 4 2 3 4 2 4 4 2 5 2 3 3 3 2 2 4 3 
7 6 5 7 10 11 9 9 6 12 10 8 11 9 7 4 6 10 9 10 11 11 13 5 4 7 8 7 9 8 6 9 1 11 10 11 7 11 7 12 7 6 6 9 4 8 6 14 10 10 9 8 9 12 14 10 10 7 9 8 10 9 6 12 5 5 4 5 10 8 9 11 2 9 6 6 6 6 5 3 7 8 9 7 4 10 6 6 7 3 6 8 5 8 9 11 9 5 12 10 12 11 12 5 10 11 10 8 7 10 9 5 7 7 6 0 12 8 9 5 7 5 11 6 2 7 11 7 13 6 5 9 5 8 8 9 10 11 7 6 12 5 8 8 11 6 6 9 7 6 6 7 11 7 6 9 3 9 4 9 11 12 5 11 12 6 9 10 5 6 10 12 9 8 9 8 8 9 7 4 12 11 6 7 8 10 15 7 11 14 10 12 6 9 10 8 12 4 9 12 
2 2 2 3 3 3 2 2 2 1 3 3 1 2 2 3 3 4 3 4 3 4 3 2 4 3 1 2 4 4 5 4 1 4 3 2 2 2 3 3 4 3 3 3 3 3 3 2 4 3 3 2 1 4 5 2 3 2 4 2 3 4 3 4 3 3 2 4 3 2 2 3 3 3 4 1 2 3 2 3 3 5 3 2 2 4 3 3 3 2 3 3 4 2 2 3 3 1 4 4 4 3 3 3 2 4 1 4 2 1 3 4 2 2 3 1 5 2 3 3 4 3 3 3 5 3 3 2 3 2 2 4 4 2 4 3 4 1 3 2 2 3 1 4 3 5 1 1 3 4 4 3 2 2 4 4 5 4 2 1 3 4 4 3 3 1 4 2 2 3 5 5 2 2 2 4 2 2 4 2 4 3 3 4 3 2 2 0 3 3 4 3 3 2 5 4 1 3 2 3 
5 5 5 6 4 5 3 5 7 4 3 3 5 4 6 3 2 4 4 5 5 5 4 4 8 6 4 5 10 6 7 4 5 4 5 4 5 3 4 6 4 6 7 5 7 3 6 1 6 4 3 5 6 4 4 6 4 6 6 7 4 5 2 5 11 5 8 5 6 5 6 5 7 7 4 6 6 7 6 6 3 4 7 7 2 5 3 6 7 3 8 4 5 7 7 5 3 5 6 5 6 6 4 3 5 7 5 4 6 6 2 4 4 6 6 7 4 6 3 3 8 7 8 5 7 6 5 3 6 3 4 2 2 4 4 8 5 6 3 2 6 5 3 7 5 3 6 6 7 4 4 4 4 4 3 4 7 5 4 6 6 3 5 6 6 5 2 5 7 5 3 6 6 5 7 5 7 4 8 4 4 4 3 4 7 7 1 6 3 6 5 5 6 5 4 4 5 7 7 5 
2 3 2 3 3 2 2 2 3 1 2 2 2 2 3 2 1 1 2 2 2 3 1 1 1 4 2 1 2 3 2 2 2 1 2 3 2 2 2 1 1 3 2 2 2 2 2 1 1 2 1 0 2 2 1 2 2 2 2 3 1 3 2 3 2 1 2 2 3 2 3 2 1 2 3 2 3 2 3 2 2 2 2 2 2 2 2 2 3 2 2 1 3 1 0 2 1 2 2 0 2 2 1 3 3 1 1 3 1 1 1 3 2 1 2 1 2 2 2 3 1 3 3 2 2 4 1 2 3 3 0 1 4 1 1 1 3 2 2 2 3 2 3 2 1 2 2 1 2 1 1 1 2 1 1 2 2 1 2 2 3 1 2 2 3 2 2 2 2 2 2 2 1 4 2 3 3 2 2 1 3 1 2 2 2 2 3 3 2 2 2 2 2 1 3 2 2 2 1 1 
10 10 7 12 13 11 12 8 14 11 6 11 9 8 11 13 12 3 9 12 14 8 4 7 9 13 9 8 12 14 5 9 10 9 13 8 6 10 9 6 9 4 5 9 7 6 3 9 7 5 7 11 8 4 12 6 9 8 11 13 11 4 8 13 12 9 7 6 10 5 7 13 6 6 7 12 14 9 7 6 12 9 9 6 9 9 5 4 8 9 7 8 11 9 13 12 16 9 7 6 20 11 11 8 9 12 11 13 10 8 11 11 3 13 3 11 12 12 3 13 7 7 3 14 12 8 9 10 10 11 10 6 8 11 9 9 9 10 9 4 6 6 10 6 8 12 12 9 9 4 8 11 14 5 13 10 8 9 11 8 15 10 14 7 12 7 9 8 16 9 1 9 7 7 7 8 11 13 14 6 7 5 11 12 6 12 7 9 9 8 6 8 9 7 6 9 12 6 11 10 
12 11 13 11 14 5 10 7 9 4 4 7 8 9 14 8 7 11 15 14 9 9 8 12 10 12 6 15 9 14 12 15 12 12 11 15 9 10 16 2 6 12 9 7 12 14 8 15 8 16 12 9 7 9 11 15 11 13 8 16 13 5 11 11 13 5 7 14 8 12 5 3 3 12 6 5 11 8 7 2 15 13 10 0 5 12 7 8 10 12 6 9 10 9 8 7 13 11 8 12 18 12 14 11 12 5 9 12 9 11 9 8 16 6 13 12 11 15 18 12 10 9 12 13 11 13 11 14 10 8 2 9 8 6 11 12 13 18 9 6 10 9 14 16 12 12 11 10 11 8 12 9 9 10 9 9 5 9 7 13 6 10 10 10 12 9 17 10 12 9 12 14 9 1 8 14 12 10 16 11 9 11 9 12 10 6 6 13 7 14 7 10 7 12 12 7 6 11 5 12 
6 4 6 8 8 3 4 3 7 8 2 5 4 7 4 6 6 6 5 3 8 9 7 5 6 8 8 3 6 6 8 9 4 6 3 7 3 5 6 10 5 6 9 4 4 4 10 8 4 5 7 8 9 10 4 2 1 6 4 7 5 8 7 5 3 7 5 8 4 6 6 3 10 3 7 5 8 7 7 7 3 5 7 6 5 8 3 5 3 6 4 5 5 5 4 3 3 4 4 6 4 8 7 7 6 6 7 6 8 5 4 5 5 6 4 7 6 5 2 6 8 8 5 7 8 5 10 3 6 7 8 7 6 6 6 3 7 9 4 5 5 7 7 5 6 2 6 6 6 3 6 8 0 8 10 10 5 8 5 6 7 3 5 5 5 7 6 6 5 6 9 8 7 7 7 8 7 4 7 6 3 10 7 7 9 2 8 6 5 6 7 6 7 3 7 3 7 9 5 8 
14 9 6 12 10 9 5 4 10 9 6 10 5 9 13 5 10 6 8 9 10 9 10 9 9 11 6 9 10 9 11 8 7 6 11 9 9 11 7 3 7 6 11 11 11 5 7 13 10 7 5 13 11 10 12 9 6 5 8 8 18 8 7 10 8 7 5 11 5 6 6 7 10 7 8 5 8 9 12 13 2 15 7 15 5 9 12 5 11 12 7 8 5 8 11 6 6 9 5 8 6 8 8 8 14 7 6 10 11 10 8 14 7 10 9 9 12 8 8 9 15 9 9 10 7 10 8 10 10 11 9 5 8 10 16 2 8 6 9 7 8 13 10 10 9 5 7 12 10 11 8 13 8 15 6 3 4 5 9 11 8 10 9 11 10 11 10 8 13 10 10 11 9 12 7 7 5 13 6 13 8 8 10 6 5 12 6 10 11 12 13 11 10 5 12 11 9 5 12 14 
