NAME  : Jabali_60_2_0.93_1_9
TYPE : SVRP
MODEL : FINITE_SUPPORT
NUMBER_OF_SCENARIOS : 200
DIMENSION : 60
EDGE_WEIGHT_TYPE : MATRIX
CAPACITY : 172
N_VEHICLES : 2
NODE_COORD_SECTION
1 3471 4291
2 3490 1396
3 549 569
4 5755 4312
5 7090 2730
6 1986 1048
7 3167 2000
8 5275 5933
9 6145 357
10 509 850
11 7878 718
12 497 3769
13 6895 6750
14 2824 4207
15 27 5027
16 977 4731
17 4688 2921
18 2653 1386
19 3248 6626
20 7111 5719
21 4267 1773
22 1926 6343
23 6385 5151
24 1350 4964
25 1980 7074
26 5361 7134
27 5621 1499
28 7051 3072
29 3960 5071
30 4390 4567
31 6664 7569
32 1190 2960
33 1767 4050
34 3785 5188
35 1043 2324
36 3416 1178
37 4276 4008
38 6284 7287
39 1804 18
40 3272 4339
41 1533 916
42 460 3276
43 1253 5938
44 3287 1233
45 6304 2347
46 1544 2833
47 1768 3630
48 6804 3778
49 4774 4888
50 3855 3548
51 5411 1243
52 6219 3458
53 4167 3381
54 4887 7023
55 6406 4604
56 221 3723
57 4755 546
58 6757 5788
59 2040 706
60 2451 1416
DEMAND_SECTION
1 0.0
2 3.0
3 5.0
4 9.0
5 5.0
6 3.0
7 9.0
8 5.0
9 4.0
10 6.0
11 9.0
12 9.0
13 6.0
14 4.0
15 3.0
16 7.0
17 3.0
18 10.0
19 10.0
20 7.0
21 6.0
22 7.0
23 1.0
24 6.0
25 7.0
26 9.0
27 7.0
28 7.0
29 2.0
30 9.0
31 10.0
32 10.0
33 4.0
34 9.0
35 3.0
36 1.0
37 4.0
38 2.0
39 1.0
40 8.0
41 5.0
42 10.0
43 2.0
44 5.0
45 4.0
46 6.0
47 4.0
48 1.0
49 4.0
50 5.0
51 4.0
52 6.0
53 1.0
54 5.0
55 10.0
56 1.0
57 3.0
58 2.0
59 5.0
60 7.0
DEVIATION_SECTION
1 0.0
2 1.0
3 1.66667
4 3.0
5 1.66667
6 1.0
7 3.0
8 1.66667
9 1.33333
10 2.0
11 3.0
12 3.0
13 2.0
14 1.33333
15 1.0
16 2.33333
17 1.0
18 3.33333
19 3.33333
20 2.33333
21 2.0
22 2.33333
23 0.333333
24 2.0
25 2.33333
26 3.0
27 2.33333
28 2.33333
29 0.666667
30 3.0
31 3.33333
32 3.33333
33 1.33333
34 3.0
35 1.0
36 0.333333
37 1.33333
38 0.666667
39 0.333333
40 2.66667
41 1.66667
42 3.33333
43 0.666667
44 1.66667
45 1.33333
46 2.0
47 1.33333
48 0.333333
49 1.33333
50 1.66667
51 1.33333
52 2.0
53 0.333333
54 1.66667
55 3.33333
56 0.333333
57 1.0
58 0.666667
59 1.66667
60 2.33333
DISTANCE_MATRIX
0.0 42.4352 65.9084 31.4006 53.8516 53.127 34.0936 32.8696 65.3563 63.5312 77.2334 42.0476 56.8457 8.24621 48.1568 34.7577 25.9422 44.3579 42.8552 52.3999 42.5472 40.2189 41.3038 31.3468 52.0788 47.0957 49.8035 51.8845 15.198 13.0 61.8604 36.7696 24.0208 16.9062 43.123 44.2263 12.2066 56.1654 65.7132 2.0 58.1564 43.7379 40.0844 44.1269 47.4236 34.0022 25.7099 46.1736 18.4443 12.6491 53.3936 39.8121 16.5529 43.4901 40.05 45.0444 61.9005 48.7986 56.1121 45.4948 
42.4352 0.0 40.7922 49.5377 52.7731 20.3961 8.544 67.9036 38.5876 40.3113 60.7454 50.2096 85.731 45.2461 65.8027 54.2033 27.8605 11.0 72.0874 75.6099 12.3693 70.8583 63.6469 54.0583 79.7958 82.4069 28.0713 53.6004 50.5441 45.8993 94.0523 36.2353 40.457 52.2524 34.4384 2.23607 38.8368 91.239 29.4109 43.1165 26.4764 47.0106 66.3622 2.82843 41.3038 31.8904 36.3593 55.0364 52.239 31.0335 25.318 46.5188 31.6992 78.8036 57.9998 52.4023 20.0 73.6165 21.5407 13.0 
65.9084 40.7922 0.0 86.8273 93.5575 20.3961 40.3113 96.5188 73.9797 3.0 97.8673 43.1856 119.457 58.0133 61.0082 56.5155 67.6758 30.0832 84.1526 112.508 53.1507 78.924 100.344 59.7746 88.3912 111.303 68.2642 94.3663 79.4054 74.5067 126.068 33.2415 49.1935 81.1136 24.6982 39.4588 67.6757 120.373 18.3576 64.1564 14.3178 37.1214 72.8011 38.4708 82.0387 33.121 44.2945 95.1893 80.8538 59.9083 65.123 86.6487 60.9017 107.698 96.2563 43.0116 56.1427 109.604 20.0 28.1603 
31.4006 49.5377 86.8273 0.0 27.4591 68.3248 49.2832 22.3607 52.1536 85.4293 56.648 73.0616 36.3593 39.1152 78.8898 65.8738 26.1725 59.5475 42.2113 26.2488 38.2884 58.4607 14.1421 61.4297 61.8669 38.0132 36.8604 24.2074 26.9258 18.6815 45.31 65.6867 55.1453 28.7924 70.0928 51.4665 21.095 40.8044 78.9228 33.3766 73.4893 74.0608 64.4127 52.2985 27.2947 62.0123 56.0089 15.8114 15.8114 27.8927 40.4505 13.0 26.0 37.6563 9.48683 76.0592 52.3883 24.0832 70.9047 60.6844 
53.8516 52.7731 93.5575 27.4591 0.0 73.1642 55.0091 48.8467 34.6699 93.0591 30.4138 91.9704 54.1479 59.9333 101.079 87.6641 34.3657 63.6396 69.6703 40.3113 40.4475 83.8782 33.3766 84.2867 90.5638 63.0635 26.4008 4.0 51.8615 43.2782 65.0308 81.2158 75.0309 53.5697 83.2166 54.1306 41.6773 62.0725 80.4552 55.5698 79.2465 91.2195 89.5815 55.109 11.7047 76.9415 75.5262 14.1421 42.5206 44.9444 29.9666 14.8661 41.1096 63.9062 26.6833 94.7551 41.6773 41.0122 74.0315 65.6201 
53.127 20.3961 20.3961 68.3248 73.1642 0.0 20.8087 78.6035 55.3624 20.025 78.8543 42.1545 101.379 46.2252 60.0833 51.4782 47.547 9.84886 72.4846 94.0131 32.7567 69.7209 81.843 53.0377 79.0759 93.3878 48.0416 73.9797 61.4901 56.5862 107.517 28.1603 40.05 63.1983 21.9545 19.105 49.5367 101.933 13.6015 53.8083 6.08276 37.1214 66.0 18.1108 61.6604 25.318 35.0143 75.0267 62.9365 41.7334 45.0 66.4831 42.3992 89.7822 77.7538 43.382 36.8782 91.1609 4.0 8.06226 
34.0936 8.544 40.3113 49.2832 55.0091 20.8087 0.0 59.5619 45.607 39.2173 66.9119 42.638 82.3369 36.9045 57.6281 45.793 27.6776 11.3137 63.7041 74.9714 15.8114 62.4749 62.8014 45.6749 71.4124 74.0652 40.3748 55.2268 42.2025 37.5576 88.4865 29.1548 32.0736 43.9107 28.8617 10.198 30.4951 82.8974 32.6497 34.7749 26.4197 39.9625 57.9789 10.0499 44.1022 24.6982 28.0179 55.191 43.8973 22.6918 31.0657 46.6512 23.3576 70.4619 58.7122 45.0 27.5862 72.1193 23.3452 12.8062 
32.8696 67.9036 96.5188 22.3607 48.8467 78.6035 59.5619 0.0 74.0 95.4191 78.7464 71.5681 24.6982 41.1107 72.0069 60.4641 42.72 69.8262 25.9615 24.5153 56.1736 44.3847 18.4391 55.2642 44.7214 16.2788 58.4814 45.1885 24.1868 22.0227 29.0 69.2703 54.0833 25.9422 75.7035 69.6946 29.4109 23.3452 91.1816 34.8371 83.6329 74.3303 53.6004 69.5952 49.6488 66.5827 57.2592 35.3553 15.8114 37.0135 62.0715 35.171 37.7359 15.2971 23.0217 74.4648 73.9285 20.3961 81.5804 70.9631 
65.3563 38.5876 73.9797 52.1536 34.6699 55.3624 45.607 74.0 0.0 74.5252 24.0208 88.2383 86.1278 68.9588 102.862 90.9236 40.2166 48.3322 94.8366 73.0548 37.0156 102.224 63.561 90.7784 105.882 90.05 18.6815 38.0789 67.1795 59.2423 96.3172 74.6324 77.1771 68.8877 72.9452 38.4708 54.025 92.3959 57.0789 66.4653 60.8769 85.4459 102.089 39.3573 26.2488 70.214 73.1399 46.2385 61.7982 53.3332 17.8885 41.0 49.096 89.0505 56.5155 90.6035 18.7883 72.8011 54.3415 50.1597 
63.5312 40.3113 3.0 85.4293 93.0591 20.025 39.2173 95.4191 74.5252 0.0 98.3107 40.1995 117.799 55.636 58.0086 53.6004 66.7626 29.4279 81.6764 111.018 52.6118 76.1577 98.8838 56.921 85.6154 109.645 68.0661 93.7443 77.7476 72.8488 124.41 30.4631 46.5296 79.4558 21.9317 39.1152 66.0379 118.715 20.0 61.7791 14.0 34.1321 69.9214 38.1182 81.6149 30.5287 41.6773 94.276 79.196 58.3095 65.0077 85.7363 59.4811 106.04 94.8583 40.0125 56.4358 108.046 20.2237 27.4591 
77.2334 60.7454 97.8673 56.648 30.4138 78.8543 66.9119 78.7464 24.0208 98.3107 0.0 110.001 84.006 81.3915 124.156 108.856 52.68 71.1688 98.47 70.0 58.3104 109.44 63.7887 105.779 116.373 93.3916 34.6699 34.3657 77.6705 69.3397 95.0474 96.0304 98.4719 79.3787 95.0789 61.0328 65.437 92.3472 81.0987 78.5684 84.5281 106.845 114.522 61.9839 30.5287 91.5857 94.4347 44.5533 70.2353 65.7647 36.2353 43.6578 61.5224 93.9628 57.0701 112.53 41.9762 71.1126 78.0897 73.0821 
42.0476 50.2096 43.1856 73.0616 91.9704 42.1545 42.638 71.5681 88.2383 40.1995 110.001 0.0 96.1997 34.0 18.2483 15.0 57.9614 43.0116 51.1077 94.0479 57.6888 39.6989 83.2984 19.799 48.6004 80.0562 81.4695 90.8133 48.5077 55.0364 98.1216 14.4222 18.0278 46.5296 20.6155 50.9313 52.2398 92.3668 53.3667 40.05 41.2311 6.08276 31.3847 50.2494 82.6633 18.4391 17.4642 86.8332 60.3467 47.3054 74.1547 79.4292 51.1316 74.2428 82.0 3.0 70.0928 90.2552 45.8803 41.8808 
56.8457 85.731 119.457 36.3593 54.1479 101.379 82.3369 24.6982 86.1278 117.799 84.006 96.1997 0.0 65.0867 95.5249 84.5281 62.0081 92.6013 48.0416 14.0357 74.4864 66.0303 22.8473 79.2465 63.9531 21.1896 71.8888 50.1597 48.7545 45.2217 11.1803 93.4664 78.7718 50.5668 99.6796 87.6598 51.8556 10.6301 113.957 58.8131 106.527 99.0202 76.0066 88.4918 59.9083 90.5587 81.9535 40.4475 38.833 59.6657 75.4789 45.2217 59.4138 26.6833 29.7321 99.0912 87.4166 13.3417 104.355 93.7381 
8.24621 45.2461 58.0133 39.1152 59.9333 46.2252 36.9045 41.1107 68.9588 55.636 81.3915 34.0 65.0867 0.0 41.1461 27.7308 29.2127 42.1173 34.517 60.641 45.3581 33.2879 49.4975 24.4131 42.2254 55.3367 53.406 58.3095 23.4391 21.095 70.9056 28.6356 16.0312 25.1473 35.2278 47.0372 18.6815 65.1041 59.7432 6.32456 48.7052 35.5106 33.1533 46.9378 52.4309 26.0768 17.4642 53.3667 26.6833 15.6269 56.9961 46.4866 19.8695 51.7312 48.0 37.0 64.7115 57.0396 50.1771 41.8882 
48.1568 65.8027 61.0082 78.8898 101.079 60.0833 57.6281 72.0069 102.862 58.0086 124.156 18.2483 95.5249 41.1461 0.0 13.4164 70.0727 59.9416 47.676 96.0833 71.8443 31.3847 86.7006 17.4642 38.2753 76.9025 95.625 99.4032 52.1728 60.3594 95.3415 31.9531 27.0185 50.2195 38.833 66.8506 59.6467 89.822 71.5891 46.1802 59.439 24.0832 21.0238 66.2873 93.348 35.3412 29.7321 94.1811 64.1327 56.4869 88.3102 87.503 60.7295 70.8308 86.885 18.0 85.1469 92.0489 63.8905 59.0339 
34.7577 54.2033 56.5155 65.8738 87.6641 51.4782 45.793 60.4641 90.9236 53.6004 108.856 15.0 84.5281 27.7308 13.4164 0.0 56.6773 49.6488 37.6962 84.0238 59.9063 24.7588 74.1687 5.38516 33.6006 67.0671 83.687 86.0058 39.3192 47.3434 85.3815 24.0208 14.2127 37.3363 32.249 55.4707 46.2475 79.6994 64.0703 32.7811 52.0096 20.5913 16.5529 55.0091 79.9527 26.1725 17.8885 80.782 51.3517 43.0915 76.3722 74.1038 47.3342 61.0983 73.9797 16.9706 73.2276 80.0562 55.4437 49.0408 
25.9422 27.8605 67.6758 26.1725 34.3657 47.547 27.6776 42.72 40.2166 66.7626 52.68 57.9614 62.0081 29.2127 70.0727 56.6773 0.0 37.7021 57.737 52.4023 16.6159 62.4777 40.3113 53.6005 68.7822 58.8218 24.6638 34.0147 30.0799 23.0217 69.9714 46.8722 43.7924 31.7881 49.0102 29.7893 16.1245 64.8845 57.2455 26.9258 53.4912 57.0088 62.3432 30.6213 24.7029 42.5793 41.5172 33.2415 27.6586 13.6015 28.2539 24.7386 9.43398 56.2939 35.0 60.7454 35.9693 50.2096 49.2274 39.5628 
44.3579 11.0 30.0832 59.5475 63.6396 9.84886 11.3137 69.8262 48.3322 29.4279 71.1688 43.0116 92.6013 42.1173 59.9416 49.6488 37.7021 0.0 68.3766 85.2358 23.1948 65.6251 73.0657 50.2195 74.968 84.5798 39.0512 64.3273 52.721 47.822 98.7509 28.6007 36.6742 54.4292 25.0 10.198 40.7594 93.1617 21.4009 45.0392 15.8114 38.9487 62.6498 9.21954 52.2398 24.6982 32.0156 65.192 54.1616 32.9561 36.2215 56.648 33.6219 81.0006 67.8415 44.8219 29.5466 82.3836 12.0416 2.0 
42.8552 72.0874 84.1526 42.2113 69.6703 72.4846 63.7041 25.9615 94.8366 81.6764 98.47 51.1077 48.0416 34.517 47.676 37.6962 57.737 68.3766 0.0 50.448 79.8523 18.4391 43.382 32.311 19.8494 29.4109 79.2837 66.368 27.6621 36.249 47.8017 52.345 36.0694 26.1837 60.3117 73.3757 41.6571 42.2019 86.0025 39.4715 74.9645 55.2178 28.0179 72.9415 68.3376 51.2462 40.3609 57.3062 29.3576 50.1211 82.8739 55.0727 49.9198 23.4094 46.1604 53.7122 99.2057 46.3249 76.4364 68.1476 
52.3999 75.6099 112.508 26.2488 40.3113 94.0131 74.9714 24.5153 73.0548 111.018 70.0 94.0479 14.0357 60.641 96.0833 84.0238 52.4023 85.2358 50.448 0.0 64.3506 68.884 12.2066 79.0 68.7095 29.6985 59.4812 36.3456 45.5412 39.8497 25.1794 88.8876 76.205 47.5184 94.7109 77.5387 45.1885 23.4094 104.995 54.3674 99.1776 96.137 78.0897 78.3707 46.8188 85.88 78.1045 26.9258 33.9559 52.7731 63.0713 32.6497 51.6236 33.6006 17.8045 97.0155 75.0091 4.12311 96.9899 86.3726 
42.5472 12.3693 53.1507 38.2884 40.4475 32.7567 15.8114 56.1736 37.0156 52.6118 58.3104 57.6888 74.4864 45.3581 71.8443 59.9063 16.6159 23.1948 79.8523 64.3506 0.0 78.6232 52.4023 59.7612 87.5606 72.3943 24.6959 41.2311 44.93 37.5368 82.8078 44.7214 46.1599 46.6382 44.643 13.9284 31.1737 77.8586 41.1825 43.2285 38.833 55.4707 77.3731 14.8661 29.0689 40.2492 42.1227 42.9418 41.6139 29.7324 22.4642 34.4819 25.4952 70.1722 46.6905 60.208 19.4222 62.3699 33.8378 25.1794 
40.2189 70.8583 78.924 58.4607 83.8782 69.7209 62.4749 44.3847 102.224 76.1577 109.44 39.6989 66.0303 33.2879 31.3847 24.7588 62.4777 65.6251 18.4391 68.884 78.6232 0.0 61.4804 20.0 9.48683 46.2709 86.6711 81.4012 32.0217 40.6087 64.6297 45.6946 30.0832 30.5434 54.231 72.1466 45.7696 59.3043 83.1865 38.2423 71.8053 45.0 10.4403 71.7123 79.2186 46.1736 35.171 74.2026 42.802 48.892 90.2612 69.2027 53.1346 40.1995 64.2034 41.7253 97.9765 64.7611 73.6817 65.396 
41.3038 63.6469 100.344 14.1421 33.3766 81.843 62.8014 18.4391 63.561 98.8838 63.7887 83.2984 22.8473 49.4975 86.7006 74.1687 40.3113 73.0657 43.382 12.2066 52.4023 61.4804 0.0 69.3542 62.7694 30.0832 49.0703 29.4279 35.0 28.4429 32.7567 77.3692 65.2769 37.0 82.716 65.5757 33.2415 29.0689 93.032 43.2897 87.0075 85.0 70.2019 66.4077 37.4833 74.3269 66.9104 19.2354 23.0217 40.7185 52.6605 22.561 39.4462 31.9061 7.07107 86.2901 64.5982 10.0 84.8199 74.2026 
31.3468 54.0583 59.7746 61.4297 84.2867 53.0377 45.6749 55.2642 90.7784 56.921 105.779 19.799 79.2465 24.4131 17.4642 5.38516 53.6005 50.2195 32.311 79.0 59.7612 20.0 69.3542 0.0 29.1548 61.6847 77.7938 82.5958 34.7131 42.8993 80.0062 26.6833 13.6015 32.7567 35.171 55.3466 42.8367 74.3303 66.0303 29.3702 54.1479 25.0 13.1529 54.9123 76.844 28.0713 18.2483 76.8704 46.6905 40.0147 81.384 70.693 44.2574 55.7136 69.4262 22.0227 73.0824 75.0067 57.0351 49.8197 
52.0788 79.7958 88.3912 61.8669 90.5638 79.0759 71.4124 44.7214 105.882 85.6154 116.373 48.6004 63.9531 42.2254 38.2753 33.6006 68.7822 74.968 19.8494 68.7095 87.5606 9.48683 62.7694 29.1548 0.0 43.1856 90.3289 86.0236 38.7073 47.2942 61.0 55.1543 39.5601 37.2289 63.6946 81.0841 52.7023 56.0803 92.5743 47.1798 81.2527 54.0833 17.6918 80.6498 85.9042 55.6597 44.643 76.9618 49.0132 57.1123 93.9191 75.8883 60.965 37.3363 65.816 50.448 106.914 64.622 83.0278 74.7389 
47.0957 82.4069 111.303 38.0132 63.0635 93.3878 74.0652 16.2788 90.05 109.645 93.3916 80.0562 21.1896 55.3367 76.9025 67.0671 58.8218 84.5798 29.4109 29.6985 72.3943 46.2709 30.0832 61.6847 43.1856 0.0 74.5863 59.203 37.2538 37.1214 18.4391 80.5605 64.3324 38.838 89.9296 84.1979 44.7214 13.0384 105.968 49.0632 98.4171 83.8153 56.5685 84.0985 65.192 80.2563 68.5688 49.0408 31.3847 51.9711 78.1765 50.3587 53.2259 6.08276 36.4005 82.7647 89.8145 26.2488 96.3669 85.7496 
49.8035 28.0713 68.2642 36.8604 26.4008 48.0416 40.3748 58.4814 18.6815 68.0661 34.6699 81.4695 71.8888 53.406 95.625 83.687 24.6638 39.0512 79.2837 59.4812 24.6959 86.6711 49.0703 77.7938 90.3289 74.5863 0.0 28.3019 51.6266 43.6895 81.6732 68.7294 69.9406 53.3348 69.2332 29.0 38.4721 77.479 54.1202 50.9124 54.0833 79.3186 86.5365 30.0 14.7648 64.2802 65.9034 33.6783 46.2453 37.7803 3.60555 26.8328 33.5431 73.5011 42.1683 83.9985 15.6205 58.7031 48.3735 41.0488 
51.8845 53.6004 94.3663 24.2074 4.0 73.9797 55.2268 45.1885 38.0789 93.7443 34.3657 90.8133 50.1597 58.3095 99.4032 86.0058 34.0147 64.3273 66.368 36.3456 41.2311 81.4012 29.4279 82.5958 86.0236 59.203 28.3019 0.0 49.4065 40.8044 61.0328 80.6226 73.6817 51.1154 83.0241 55.0818 39.8121 58.0775 82.1156 53.6656 80.05 90.4268 87.1272 56.0446 13.6015 76.4199 73.3651 10.198 39.598 43.6807 31.9061 12.2066 40.025 60.1664 22.8035 93.7586 43.8292 37.0135 75.0 66.2873 
15.198 50.5441 79.4054 26.9258 51.8615 61.4901 42.2025 24.1868 67.1795 77.7476 77.6705 48.5077 48.7545 23.4391 52.1728 39.3192 30.0799 52.721 27.6621 45.5412 44.93 32.0217 35.0 34.7131 38.7073 37.2538 51.6266 49.4065 0.0 8.60233 52.8015 51.8188 30.6641 2.0 58.032 52.3352 14.0 47.0106 74.0763 17.1655 66.5195 50.8995 37.7359 52.2358 47.2019 48.9111 33.8252 42.4853 12.0416 20.2315 55.2167 37.2022 22.2627 33.6483 34.7131 51.4782 64.2834 41.7732 64.4751 53.8578 
13.0 45.8993 74.5067 18.6815 43.2782 56.5862 37.5576 22.0227 59.2423 72.8488 69.3397 55.0364 45.2217 21.095 60.3594 47.3434 23.0217 47.822 36.249 39.8497 37.5368 40.6087 28.4429 42.8993 47.2942 37.1214 43.6895 40.8044 8.60233 0.0 50.9313 49.0408 37.0135 10.3138 55.1516 47.6904 7.61577 45.3431 69.1773 15.0 61.6207 56.5685 46.3256 47.5909 38.833 46.0308 38.4708 34.0147 6.40312 15.0 47.2796 28.6007 16.1555 33.8378 27.074 58.0345 56.8902 36.4005 59.5762 48.9589 
61.8604 94.0523 126.068 45.31 65.0308 107.517 88.4865 29.0 96.3172 124.41 95.0474 98.1216 11.1803 70.9056 95.3415 85.3815 69.9714 98.7509 47.8017 25.1794 82.8078 64.6297 32.7567 80.0062 61.0 18.4391 81.6732 61.0328 52.8015 50.9313 0.0 97.3545 82.1466 54.4059 105.498 95.9812 58.1378 5.83095 120.106 63.8279 112.55 101.876 74.9667 96.8132 70.214 95.8252 85.3435 51.1566 44.5982 65.8559 85.2633 55.3173 66.2193 24.5153 39.8121 100.854 97.201 24.0208 110.505 99.8877 
36.7696 36.2353 33.2415 65.6867 81.2158 28.1603 29.1548 69.2703 74.6324 30.4631 96.0304 14.4222 93.4664 28.6356 31.9531 24.0208 46.8722 28.6007 52.345 88.8876 44.7214 45.6946 77.3692 26.6833 55.1543 80.5605 68.7294 80.6226 51.8188 49.0408 97.3545 0.0 16.4012 43.8608 8.544 36.7967 44.5987 91.553 40.1995 34.9285 28.0713 10.8167 39.8121 36.0694 71.5507 4.47214 12.0416 78.0 55.0273 38.0526 60.1843 70.0643 41.0122 74.7932 75.002 16.2788 56.2228 85.3815 32.0156 27.4591 
24.0208 40.457 49.1935 55.1453 75.0309 40.05 32.0736 54.0833 77.1771 46.5296 98.4719 18.0278 78.7718 16.0312 27.0185 14.2127 43.7924 36.6742 36.0694 76.205 46.1599 30.0832 65.2769 13.6015 39.5601 64.3324 69.9406 73.6817 30.6641 37.0135 82.1466 16.4012 0.0 28.6886 24.6982 41.7453 34.5254 76.345 53.3385 22.0227 41.7732 20.2485 26.0768 41.311 67.0677 16.1555 5.09902 69.2315 42.3783 30.2066 62.6257 62.0967 34.4492 58.5651 64.0078 21.0238 59.4811 72.4242 44.0454 36.3456 
16.9062 52.2524 81.1136 28.7924 53.5697 63.1983 43.9107 25.9422 68.8877 79.4558 79.3787 46.5296 50.5668 25.1473 50.2195 37.3363 31.7881 54.4292 26.1837 47.5184 46.6382 30.5434 37.0 32.7567 37.2289 38.838 53.3348 51.1154 2.0 10.3138 54.4059 43.8608 28.6886 0.0 59.7402 54.0434 15.7082 48.6004 75.7845 18.8737 68.2277 48.924 36.0555 53.944 48.9101 50.6193 31.8498 44.2832 14.0357 21.9398 56.9249 38.9107 23.9709 35.2324 36.6742 49.4975 65.9916 43.7379 66.1833 55.5661 
43.123 34.4384 24.6982 70.0928 83.2166 21.9545 28.8617 75.7035 72.9452 21.9317 95.0789 20.6155 99.6796 35.2278 38.833 32.249 49.0102 25.0 60.3117 94.7109 44.643 54.231 82.716 35.171 63.6946 89.9296 69.2332 83.0241 58.032 55.1516 105.498 8.544 24.6982 59.7402 0.0 34.4819 49.5472 99.6969 32.7567 41.371 20.6155 15.2315 48.2701 33.6155 72.6911 9.21954 20.0 81.3941 61.2017 42.2019 59.2494 73.171 44.5533 82.752 79.555 21.5407 54.2033 91.5275 25.4951 23.4307 
44.2263 2.23607 39.4588 51.4665 54.1306 19.105 10.198 69.6946 38.4708 39.1152 61.0328 50.9313 87.6598 47.0372 66.8506 55.4707 29.7893 10.198 73.3757 77.5387 13.9284 72.1466 65.5757 55.3466 81.0841 84.1979 29.0 55.0818 52.3352 47.6904 95.9812 36.7967 41.7453 54.0434 34.4819 0.0 40.6278 91.032 27.4591 44.9076 25.1794 47.5079 67.6505 1.0 42.5962 32.5269 37.5899 56.7979 54.03 32.8246 26.0768 48.3011 33.4903 80.5947 59.9287 53.0377 19.7231 75.5454 19.9249 12.1655 
12.2066 38.8368 67.6757 21.095 41.6773 49.5367 30.4951 29.4109 54.025 66.0379 65.437 52.2398 51.8556 18.6815 59.6467 46.2475 16.1245 40.7594 41.6571 45.1885 31.1737 45.7696 33.2415 42.8367 52.7023 44.7214 38.4721 39.8121 14.0 7.61577 58.1378 44.5987 34.5254 15.7082 49.5472 40.6278 0.0 52.6308 62.1148 13.8924 54.6717 53.0094 51.72 40.5284 35.3553 41.4389 35.0143 34.7131 13.6015 7.81025 42.8117 27.8568 8.544 41.4367 30.4138 55.2268 50.527 42.0595 52.5136 41.8963 
56.1654 91.239 120.373 40.8044 62.0725 101.933 82.8974 23.3452 92.3959 118.715 92.3472 92.3668 10.6301 65.1041 89.822 79.6994 64.8845 93.1617 42.2019 23.4094 77.8586 59.3043 29.0689 74.3303 56.0803 13.0384 77.479 58.0775 47.0106 45.3431 5.83095 91.553 76.345 48.6004 99.6969 91.032 52.6308 0.0 114.517 58.1329 106.963 96.1208 69.5845 92.9307 66.4831 90.0237 79.5419 48.0104 39.0512 60.3075 81.0691 51.4782 60.803 19.105 36.1248 95.0988 93.0068 21.3776 104.916 94.2986 
65.7132 29.4109 18.3576 78.9228 80.4552 13.6015 32.6497 91.1816 57.0789 20.0 81.0987 53.3667 113.957 59.7432 71.5891 64.0703 57.2455 21.4009 86.0025 104.995 41.1825 83.1865 93.032 66.0303 92.5743 105.968 54.1202 82.1156 74.0763 69.1773 120.106 40.1995 53.3385 75.7845 32.7567 27.4591 62.1148 114.517 0.0 66.3945 12.1655 47.8017 79.1012 26.6271 68.8191 38.0 48.2597 84.119 75.517 54.3115 50.6952 75.6637 54.9772 102.368 87.3849 54.1202 40.3113 103.002 9.84886 20.2485 
2.0 43.1165 64.1564 33.3766 55.5698 53.8083 34.7749 34.8371 66.4653 61.7791 78.5684 40.05 58.8131 6.32456 46.1802 32.7811 26.9258 45.0392 39.4715 54.3674 43.2285 38.2423 43.2897 29.3702 47.1798 49.0632 50.9124 53.6656 17.1655 15.0 63.8279 34.9285 22.0227 18.8737 41.371 44.9076 13.8924 58.1329 66.3945 0.0 54.8483 41.7732 38.1078 44.8081 48.9183 32.249 23.7697 48.0833 20.4117 13.4164 54.5025 41.6293 17.4929 45.4576 42.0476 43.0465 62.5818 50.766 56.7934 46.1761 
58.1564 26.4764 14.3178 73.4893 79.2465 6.08276 26.4197 83.6329 60.8769 14.0 84.5281 41.2311 106.527 48.7052 59.439 52.0096 53.4912 15.8114 74.9645 99.1776 38.833 71.8053 87.0075 54.1479 81.2527 98.4171 54.0833 80.05 66.5195 61.6207 112.55 28.0713 41.7732 68.2277 20.6155 25.1794 54.6717 106.963 12.1655 54.8483 0.0 35.7351 67.2681 24.1868 67.7422 26.0768 36.6742 80.9938 67.9679 46.8615 51.0098 72.45 47.5637 94.8116 82.9184 42.0595 42.5793 96.3255 6.7082 13.9284 
43.7379 47.0106 37.1214 74.0608 91.2195 37.1214 39.9625 74.3303 85.4459 34.1321 106.845 6.08276 99.0202 35.5106 24.0832 20.5913 57.0088 38.9487 55.2178 96.137 55.4707 45.0 85.0 25.0 54.0833 83.8153 79.3186 90.4268 50.8995 56.5685 101.876 10.8167 20.2485 48.924 15.2315 47.5079 53.0094 96.1208 47.8017 41.7732 35.7351 0.0 37.1214 46.7547 81.7071 15.2643 18.1108 87.2073 62.1814 47.5119 70.9993 79.5185 50.4876 78.0479 83.2166 6.32456 67.0075 92.5357 40.7185 37.6431 
40.0844 66.3622 72.8011 64.4127 89.5815 66.0 57.9789 53.6004 102.089 69.9214 114.522 31.3847 76.0066 33.1533 21.0238 16.5529 62.3432 62.6498 28.0179 78.0897 77.3731 10.4403 70.2019 13.1529 17.6918 56.5685 86.5365 87.1272 37.7359 46.3256 74.9667 39.8121 26.0768 36.0555 48.2701 67.6505 51.72 69.5845 79.1012 38.1078 67.2681 37.1214 0.0 67.2163 85.5828 41.1947 31.0161 80.1311 48.7545 48.7574 90.1266 74.9225 53.0 50.4876 71.4015 33.0151 85.3864 73.9797 70.0 62.3939 
44.1269 2.82843 38.4708 52.2985 55.109 18.1108 10.0499 69.5952 39.3573 38.1182 61.9839 50.2494 88.4918 46.9378 66.2873 55.0091 30.6213 9.21954 72.9415 78.3707 14.8661 71.7123 66.4077 54.9123 80.6498 84.0985 30.0 56.0446 52.2358 47.5909 96.8132 36.0694 41.311 53.944 33.6155 1.0 40.5284 92.9307 26.6271 44.8081 24.1868 46.7547 67.2163 0.0 43.5747 31.8277 37.1214 57.6975 53.9306 32.7251 27.074 49.1935 33.3909 80.4952 60.7607 52.3259 20.5913 76.3774 18.9737 11.1803 
47.4236 41.3038 82.0387 27.2947 11.7047 61.6604 44.1022 49.6488 26.2488 81.6149 30.5287 82.6633 59.9083 52.4309 93.348 79.9527 24.7029 52.2398 68.3376 46.8188 29.0689 79.2186 37.4833 76.844 85.9042 65.192 14.7648 13.6015 47.2019 38.833 70.214 71.5507 67.0677 48.9101 72.6911 42.5962 35.3553 66.4831 68.8191 48.9183 67.7422 81.7071 85.5828 43.5747 0.0 67.1936 66.2191 20.1246 39.8121 36.8917 18.3576 15.0333 32.7567 64.9384 30.4138 85.4468 30.2324 46.5725 62.4971 54.231 
34.0022 31.8904 33.121 62.0123 76.9415 25.318 24.6982 66.5827 70.214 30.5287 91.5857 18.4391 90.5587 26.0768 35.3412 26.1725 42.5793 24.6982 51.2462 85.88 40.2492 46.1736 74.3269 28.0713 55.6597 80.2563 64.2802 76.4199 48.9111 46.0308 95.8252 4.47214 16.1555 50.6193 9.21954 32.5269 41.4389 90.0237 38.0 32.249 26.0768 15.2643 41.1947 31.8277 67.1936 0.0 11.1803 74.027 52.0808 34.2345 55.7396 66.0076 37.0135 73.6865 71.4555 20.5183 51.8556 82.4067 29.2746 23.7065 
25.7099 36.3593 44.2945 56.0089 75.5262 35.0143 28.0179 57.2592 73.1399 41.6773 94.4347 17.4642 81.9535 17.4642 29.7321 17.8885 41.5172 32.0156 40.3609 78.1045 42.1227 35.171 66.9104 18.2483 44.643 68.5688 65.9034 73.3651 33.8252 38.4708 85.3435 12.0416 5.09902 31.8498 20.0 37.5899 35.0143 79.5419 48.2597 23.7697 36.6742 18.1108 31.0161 37.1214 66.2191 11.1803 0.0 69.4622 44.1475 29.8571 58.5886 61.9839 34.0998 62.8015 65.123 20.3961 55.4437 74.5032 39.0128 31.5753 
46.1736 55.0364 95.1893 15.8114 14.1421 75.0267 55.191 35.3553 46.2385 94.276 44.5533 86.8332 40.4475 53.3667 94.1811 80.782 33.2415 65.192 57.3062 26.9258 42.9418 74.2026 19.2354 76.8704 76.9618 49.0408 33.6783 10.198 42.4853 34.0147 51.1566 78.0 69.2315 44.2832 81.3941 56.7979 34.7131 48.0104 84.119 48.0833 80.9938 87.2073 80.1311 57.6975 20.1246 74.027 69.4622 0.0 31.6228 40.05 37.2684 8.544 37.0135 50.1597 12.6491 89.8053 49.2062 27.1662 76.5572 67.0671 
18.4443 52.239 80.8538 15.8114 42.5206 62.9365 43.8973 15.8114 61.7982 79.196 70.2353 60.3467 38.833 26.6833 64.1327 51.3517 27.6586 54.1616 29.3576 33.9559 41.6139 42.802 23.0217 46.6905 49.0132 31.3847 46.2453 39.598 12.0416 6.40312 44.5982 55.0273 42.3783 14.0357 61.2017 54.03 13.6015 39.0512 75.517 20.4117 67.9679 62.1814 48.7545 53.9306 39.8121 52.0808 44.1475 31.6228 0.0 21.2603 49.8355 27.6586 21.9545 28.6356 22.8035 63.3194 60.9672 30.3645 65.9158 55.2985 
12.6491 31.0335 59.9083 27.8927 44.9444 41.7334 22.6918 37.0135 53.3332 58.3095 65.7647 47.3054 59.6657 15.6269 56.4869 43.0915 13.6015 32.9561 50.1211 52.7731 29.7324 48.892 40.7185 40.0147 57.1123 51.9711 37.7803 43.6807 20.2315 15.0 65.8559 38.0526 30.2066 21.9398 42.2019 32.8246 7.81025 60.3075 54.3115 13.4164 46.8615 47.5119 48.7574 32.7251 36.8917 34.2345 29.8571 40.05 21.2603 0.0 41.3705 32.3883 4.24264 48.4416 37.3631 50.2507 49.0858 49.7393 44.7103 34.093 
53.3936 25.318 65.123 40.4505 29.9666 45.0 31.0657 62.0715 17.8885 65.0077 36.2353 74.1547 75.4789 56.9961 88.3102 76.3722 28.2539 36.2215 82.8739 63.0713 22.4642 90.2612 52.6605 81.384 93.9191 78.1765 3.60555 31.9061 55.2167 47.2796 85.2633 60.1843 62.6257 56.9249 59.2494 26.0768 42.8117 81.0691 50.6952 54.5025 51.0098 70.9993 90.1266 27.074 18.3576 55.7396 58.5886 37.2684 49.8355 41.3705 0.0 30.4229 37.1332 77.0912 45.7584 76.0646 12.0416 62.2932 45.1774 38.2099 
39.8121 46.5188 86.6487 13.0 14.8661 66.4831 46.6512 35.171 41.0 85.7363 43.6578 79.4292 45.2217 46.4866 87.503 74.1038 24.7386 56.648 55.0727 32.6497 34.4819 69.2027 22.561 70.693 75.8883 50.3587 26.8328 12.2066 37.2022 28.6007 55.3173 70.0643 62.0967 38.9107 73.171 48.3011 27.8568 51.4782 75.6637 41.6293 72.45 79.5185 74.9225 49.1935 15.0333 66.0076 61.9839 8.544 27.6586 32.3883 30.4229 0.0 29.0689 50.448 15.5242 82.3772 42.3607 31.9531 68.0294 58.5235 
16.5529 31.6992 60.9017 26.0 41.1096 42.3992 23.3576 37.7359 49.096 59.4811 61.5224 51.1316 59.4138 19.8695 60.7295 47.3342 9.43398 33.6219 49.9198 51.6236 25.4952 53.1346 39.4462 44.2574 60.965 53.2259 33.5431 40.025 22.2627 16.1555 66.2193 41.0122 34.4492 23.9709 44.5533 33.4903 8.544 60.803 54.9772 17.4929 47.5637 50.4876 53.0 33.3909 32.7567 37.0135 34.0998 37.0135 21.9545 4.24264 37.1332 29.0689 0.0 49.98 35.4683 53.9163 44.8486 48.8262 45.3761 34.7588 
43.4901 78.8036 107.698 37.6563 63.9062 89.7822 70.4619 15.2971 89.0505 106.04 93.9628 74.2428 26.6833 51.7312 70.8308 61.0983 56.2939 81.0006 23.4094 33.6006 70.1722 40.1995 31.9061 55.7136 37.3363 6.08276 73.5011 60.1664 33.6483 33.8378 24.5153 74.7932 58.5651 35.2324 82.752 80.5947 41.4367 19.105 102.368 45.4576 94.8116 78.0479 50.4876 80.4952 64.9384 73.6865 62.8015 50.1597 28.6356 48.4416 77.0912 50.448 49.98 0.0 37.5766 76.922 86.8446 29.8329 92.7672 82.1499 
40.05 57.9998 96.2563 9.48683 26.6833 77.7538 58.7122 23.0217 56.5155 94.8583 57.0701 82.0 29.7321 48.0 86.885 73.9797 35.0 67.8415 46.1604 17.8045 46.6905 64.2034 7.07107 69.4262 65.816 36.4005 42.1683 22.8035 34.7131 27.074 39.8121 75.002 64.0078 36.6742 79.555 59.9287 30.4138 36.1248 87.3849 42.0476 82.9184 83.2166 71.4015 60.7607 30.4138 71.4555 65.123 12.6491 22.8035 37.3631 45.7584 15.5242 35.4683 37.5766 0.0 85.0 57.6962 16.5529 79.3668 70.1134 
45.0444 52.4023 43.0116 76.0592 94.7551 43.382 45.0 74.4648 90.6035 40.0125 112.53 3.0 99.0912 37.0 18.0 16.9706 60.7454 44.8219 53.7122 97.0155 60.208 41.7253 86.2901 22.0227 50.448 82.7647 83.9985 93.7586 51.4782 58.0345 100.854 16.2788 21.0238 49.4975 21.5407 53.0377 55.2268 95.0988 54.1202 43.0465 42.0595 6.32456 33.0151 52.3259 85.4468 20.5183 20.3961 89.8053 63.3194 50.2507 76.0646 82.3772 53.9163 76.922 85.0 0.0 72.3464 93.2148 47.0106 43.6005 
61.9005 20.0 56.1427 52.3883 41.6773 36.8782 27.5862 73.9285 18.7883 56.4358 41.9762 70.0928 87.4166 64.7115 85.1469 73.2276 35.9693 29.5466 99.2057 75.0091 19.4222 97.9765 64.5982 73.0824 106.914 89.8145 15.6205 43.8292 64.2834 56.8902 97.201 56.2228 59.4811 65.9916 54.2033 19.7231 50.527 93.0068 40.3113 62.5818 42.5793 67.0075 85.3864 20.5913 30.2324 51.8556 55.4437 49.2062 60.9672 49.0858 12.0416 42.3607 44.8486 86.8446 57.6962 72.3464 0.0 74.231 36.2215 31.3847 
48.7986 73.6165 109.604 24.0832 41.0122 91.1609 72.1193 20.3961 72.8011 108.046 71.1126 90.2552 13.3417 57.0396 92.0489 80.0562 50.2096 82.3836 46.3249 4.12311 62.3699 64.7611 10.0 75.0067 64.622 26.2488 58.7031 37.0135 41.7732 36.4005 24.0208 85.3815 72.4242 43.7379 91.5275 75.5454 42.0595 21.3776 103.002 50.766 96.3255 92.5357 73.9797 76.3774 46.5725 82.4067 74.5032 27.1662 30.3645 49.7393 62.2932 31.9531 48.8262 29.8329 16.5529 93.2148 74.231 0.0 94.1378 83.5205 
56.1121 21.5407 20.0 70.9047 74.0315 4.0 23.3452 81.5804 54.3415 20.2237 78.0897 45.8803 104.355 50.1771 63.8905 55.4437 49.2274 12.0416 76.4364 96.9899 33.8378 73.6817 84.8199 57.0351 83.0278 96.3669 48.3735 75.0 64.4751 59.5762 110.505 32.0156 44.0454 66.1833 25.4951 19.9249 52.5136 104.916 9.84886 56.7934 6.7082 40.7185 70.0 18.9737 62.4971 29.2746 39.0128 76.5572 65.9158 44.7103 45.1774 68.0294 45.3761 92.7672 79.3668 47.0106 36.2215 94.1378 0.0 10.6301 
45.4948 13.0 28.1603 60.6844 65.6201 8.06226 12.8062 70.9631 50.1597 27.4591 73.0821 41.8808 93.7381 41.8882 59.0339 49.0408 39.5628 2.0 68.1476 86.3726 25.1794 65.396 74.2026 49.8197 74.7389 85.7496 41.0488 66.2873 53.8578 48.9589 99.8877 27.4591 36.3456 55.5661 23.4307 12.1655 41.8963 94.2986 20.2485 46.1761 13.9284 37.6431 62.3939 11.1803 54.231 23.7065 31.5753 67.0671 55.2985 34.093 38.2099 58.5235 34.7588 82.1499 70.1134 43.6005 31.3847 83.5205 10.6301 0.0 
DEMAND_SCENARIO_SECTION
0 0 0 0 0 0 0 0 0 0 0 0 0 0 0 0 0 0 0 0 0 0 0 0 0 0 0 0 0 0 0 0 0 0 0 0 0 0 0 0 0 0 0 0 0 0 0 0 0 0 0 0 0 0 0 0 0 0 0 0 0 0 0 0 0 0 0 0 0 0 0 0 0 0 0 0 0 0 0 0 0 0 0 0 0 0 0 0 0 0 0 0 0 0 0 0 0 0 0 0 0 0 0 0 0 0 0 0 0 0 0 0 0 0 0 0 0 0 0 0 0 0 0 0 0 0 0 0 0 0 0 0 0 0 0 0 0 0 0 0 0 0 0 0 0 0 0 0 0 0 0 0 0 0 0 0 0 0 0 0 0 0 0 0 0 0 0 0 0 0 0 0 0 0 0 0 0 0 0 0 0 0 0 0 0 0 0 0 0 0 0 0 0 0 0 0 0 0 0 0 
2 3 2 2 2 3 2 2 2 4 3 1 4 4 3 3 1 3 2 3 4 3 3 2 4 3 3 4 3 3 3 5 3 3 3 3 4 2 1 2 3 4 1 2 3 4 1 1 2 3 5 5 5 3 3 2 5 3 3 2 4 2 3 2 2 5 4 3 4 1 2 4 1 2 1 2 4 6 3 4 1 4 3 2 3 3 1 2 4 2 3 3 1 2 3 3 3 2 4 2 3 1 3 2 2 3 2 2 4 1 4 2 4 5 2 3 3 4 3 2 3 5 3 1 3 4 4 1 4 4 4 4 3 3 3 3 4 2 2 2 2 3 2 3 3 3 4 4 2 4 3 5 4 4 3 4 4 2 1 3 3 3 3 4 3 2 3 4 3 3 2 2 3 4 3 2 3 2 4 3 5 3 5 4 4 3 1 4 2 3 3 3 3 5 3 2 4 2 2 4 
5 3 6 3 4 6 3 4 8 7 6 3 4 3 2 4 9 7 7 7 4 6 2 5 5 8 4 5 6 6 3 5 3 4 7 5 4 5 4 5 5 6 4 6 4 5 6 6 3 5 6 6 5 3 7 4 6 7 8 5 2 6 5 5 2 6 5 3 0 7 5 5 6 7 1 4 9 3 6 5 2 5 6 7 2 6 4 4 6 6 3 6 5 4 4 6 5 6 4 5 3 5 2 5 7 4 5 5 2 4 5 3 9 3 6 4 3 4 5 7 4 5 6 6 5 4 7 4 5 7 7 5 5 5 6 2 7 5 6 3 6 5 7 3 6 6 4 3 5 4 4 4 4 5 6 3 7 4 7 7 0 4 5 5 4 6 5 4 4 7 4 4 4 5 5 6 8 6 4 3 7 3 6 5 5 4 4 4 6 8 3 3 5 2 6 2 6 6 7 5 
6 11 13 13 7 8 4 9 7 2 10 6 9 5 9 14 2 8 11 5 9 10 10 10 13 5 14 7 15 5 12 14 6 5 8 10 11 8 6 4 5 10 5 6 4 10 11 8 6 5 5 8 8 9 12 9 12 8 9 4 12 13 13 10 10 11 8 9 7 8 11 7 10 7 9 4 13 7 8 8 19 11 5 11 10 9 9 10 8 3 4 12 9 11 13 6 5 13 3 8 7 10 16 3 9 13 11 8 7 7 11 9 9 8 7 9 8 8 9 12 9 10 5 10 9 14 10 7 10 6 7 6 11 13 11 14 11 10 6 8 10 9 9 9 11 12 9 10 6 15 11 8 7 6 13 9 10 10 8 7 14 12 7 11 8 8 8 4 5 12 7 8 9 8 8 9 12 6 7 8 8 7 6 9 4 7 10 9 5 4 0 6 10 10 9 5 10 5 12 10 
4 5 4 6 5 8 7 8 7 5 6 3 7 7 6 6 5 6 5 7 5 4 5 6 5 2 6 5 2 6 8 3 7 4 3 2 7 6 3 5 5 7 4 5 4 6 6 5 4 7 5 4 7 4 4 6 6 7 7 4 6 7 7 5 3 7 2 8 5 4 9 5 7 5 4 4 3 8 2 4 5 4 3 4 5 6 4 6 4 1 4 5 2 6 5 3 5 7 5 7 5 9 4 5 0 3 4 5 4 7 3 7 6 4 5 4 3 8 3 4 6 3 5 5 3 6 6 6 5 6 8 7 4 6 6 4 1 3 7 5 6 6 6 4 3 6 5 2 5 6 5 4 5 5 4 6 5 3 4 7 2 4 3 3 5 4 6 5 5 5 6 8 8 4 6 6 5 5 4 3 5 2 6 3 4 3 8 7 4 6 9 7 5 3 1 6 6 3 9 5 
2 2 2 4 2 4 3 4 4 5 3 3 4 3 4 2 3 4 2 4 3 3 1 3 4 3 4 3 2 0 4 3 4 1 5 4 3 2 4 2 1 4 4 1 3 3 3 3 3 3 4 3 2 4 3 3 3 2 4 3 2 4 3 3 3 1 4 2 2 5 4 4 4 4 3 4 5 3 2 3 3 3 1 4 3 3 3 2 3 4 3 3 3 2 3 3 2 4 2 4 2 3 2 2 4 4 3 3 2 4 3 3 3 3 3 2 3 3 2 2 5 3 6 2 4 3 2 2 2 3 3 4 5 4 3 4 3 2 3 4 2 4 4 2 3 3 5 3 3 3 3 3 4 3 3 3 5 3 3 4 4 3 1 3 4 5 3 2 4 2 2 3 2 5 1 3 4 2 4 2 5 0 3 2 4 4 4 3 3 5 3 3 3 2 2 3 5 3 4 1 
5 12 9 10 12 7 9 11 9 12 12 5 10 13 8 9 12 11 11 9 9 11 6 9 6 8 7 10 12 6 14 11 8 10 8 12 10 12 2 8 8 13 10 5 5 5 2 11 8 7 5 11 12 8 9 7 4 6 6 8 11 11 6 14 12 12 9 10 13 5 12 6 12 11 8 9 6 8 12 7 9 8 8 6 11 10 5 4 11 6 10 11 10 11 8 10 12 10 7 0 13 7 7 10 9 9 13 7 6 15 1 10 11 8 4 7 14 10 7 12 7 9 6 6 6 4 14 11 7 13 4 4 11 12 14 11 6 9 13 7 6 12 9 6 11 9 7 10 8 5 16 14 10 13 7 11 8 8 13 8 9 4 6 9 11 6 10 7 10 10 12 11 14 8 6 12 10 6 12 4 11 5 11 10 9 5 15 8 7 10 9 7 10 11 5 9 13 0 15 8 
4 4 2 2 2 3 4 8 4 7 8 5 7 4 6 3 6 5 7 3 9 6 6 5 5 5 5 9 3 6 5 5 6 6 6 6 3 6 5 6 6 6 6 6 7 6 3 5 7 7 4 5 3 4 4 6 6 5 6 6 4 4 2 7 5 6 9 6 4 8 8 5 5 7 5 4 4 7 5 7 6 3 7 2 4 8 4 8 5 5 5 4 2 4 5 1 7 5 6 1 3 5 3 9 5 6 3 5 4 6 5 5 5 4 5 6 7 5 4 7 5 4 3 6 5 3 3 4 9 4 7 5 7 7 6 6 4 2 7 6 4 5 6 4 7 5 3 6 8 5 5 9 6 5 3 7 6 5 4 5 6 8 7 4 7 9 6 3 3 5 5 7 2 8 6 8 5 6 5 6 4 6 7 2 8 9 6 3 6 5 5 5 6 7 7 6 4 6 8 6 
5 3 6 3 4 7 3 2 5 4 4 5 4 2 4 3 5 1 5 4 2 5 3 5 4 4 6 3 7 7 2 5 5 5 5 5 5 6 4 5 3 5 3 5 6 3 4 3 3 3 4 5 2 5 3 4 6 2 2 3 3 3 5 4 4 5 4 4 4 5 5 5 3 6 4 2 3 6 4 6 5 6 4 5 3 6 2 4 6 5 4 2 4 2 2 6 4 4 4 4 3 6 2 4 5 3 4 5 4 5 7 6 3 5 2 6 2 4 3 3 4 4 4 4 2 4 5 4 4 7 3 3 6 6 5 3 5 2 5 3 6 3 3 3 4 5 3 7 4 5 4 4 4 4 3 3 2 5 4 5 4 6 2 4 3 4 3 4 0 5 4 4 4 3 1 2 8 6 6 6 1 5 3 3 3 4 3 1 4 5 5 3 4 4 3 6 6 7 3 4 
2 3 3 8 8 4 6 6 5 8 5 8 6 7 7 7 7 7 11 6 6 6 6 6 5 3 8 6 8 5 4 5 6 5 8 4 7 3 10 7 8 6 9 7 6 6 7 6 5 6 4 5 7 9 4 6 9 2 13 4 6 7 7 6 7 7 5 7 7 9 4 9 5 4 9 6 6 3 9 6 10 4 6 6 5 8 4 7 5 8 6 6 6 7 3 7 6 8 7 2 6 5 5 5 6 7 5 7 5 10 6 4 6 7 7 7 2 8 4 4 8 5 5 7 4 4 2 6 6 6 6 9 6 7 8 6 3 7 7 6 7 7 7 5 2 8 6 8 5 4 6 6 6 6 6 9 7 10 8 6 8 10 10 8 1 7 8 5 8 6 5 3 8 6 6 3 6 2 3 7 7 9 6 5 5 6 3 8 7 6 6 6 11 7 6 10 3 6 4 7 
6 13 5 11 7 8 8 9 12 8 9 13 10 9 6 17 11 10 5 8 11 10 13 3 9 12 11 8 11 7 8 7 4 10 11 3 15 13 12 7 6 8 7 8 4 10 7 5 6 9 12 7 8 6 5 8 11 9 12 10 8 7 8 10 5 11 12 12 11 8 9 8 8 9 10 6 11 8 12 12 10 7 10 12 11 7 8 7 10 17 18 14 9 7 10 10 7 6 9 6 12 12 8 10 3 12 9 15 7 10 12 6 8 8 11 11 6 13 6 2 9 9 11 11 11 6 11 12 5 6 11 16 5 4 13 15 8 11 5 9 2 9 7 8 12 9 8 8 18 9 6 6 11 4 10 8 9 6 9 9 9 7 8 6 1 10 4 8 13 11 6 16 11 3 5 9 10 6 7 6 10 7 7 10 10 11 5 10 8 11 13 5 11 4 12 8 9 7 11 9 
10 10 4 9 9 7 6 5 7 8 11 10 13 8 8 12 11 11 12 11 12 6 6 15 9 5 9 10 10 11 6 8 7 8 7 15 13 5 7 12 10 8 10 8 9 14 10 16 11 9 6 1 13 11 6 10 10 11 10 7 7 5 8 8 13 7 10 10 6 7 11 14 6 3 10 7 8 11 12 9 11 14 7 6 9 7 11 10 12 8 11 9 7 9 5 6 16 9 11 14 6 6 11 10 11 7 10 13 8 10 13 11 3 10 8 9 6 8 11 8 12 10 12 9 6 7 8 4 10 8 14 8 11 9 9 13 4 11 5 6 10 12 5 7 6 12 9 7 15 7 7 11 9 9 10 2 16 11 9 12 4 4 13 3 11 6 6 12 12 10 10 7 13 9 15 5 14 8 11 11 12 3 5 11 5 10 10 7 10 3 11 10 8 8 9 4 6 9 7 13 
6 3 6 6 8 3 7 5 6 9 4 8 3 9 6 9 5 3 7 8 5 6 8 6 6 3 7 7 5 6 9 7 5 7 10 3 8 7 9 4 7 5 6 5 6 8 8 4 5 6 7 7 6 7 1 3 5 12 10 4 11 7 9 8 8 9 7 5 6 3 6 4 4 7 6 2 5 6 7 6 5 7 7 8 4 5 7 1 10 6 7 3 6 2 6 5 7 7 7 3 5 6 5 3 6 8 6 3 7 8 6 7 3 4 5 4 6 8 4 7 8 5 8 6 5 7 6 6 5 7 11 6 3 3 7 7 7 6 4 6 8 6 10 4 7 4 4 5 7 3 5 7 7 7 5 4 5 4 7 3 7 8 7 6 7 5 7 4 7 6 9 7 2 5 2 8 8 4 6 6 7 7 6 4 10 6 6 7 7 7 9 7 2 6 5 6 7 6 5 10 
4 5 3 5 3 5 6 5 5 4 3 3 5 3 5 1 4 6 7 5 6 2 3 3 0 3 4 2 4 4 5 3 6 4 3 2 4 3 4 2 4 2 6 4 6 4 6 2 3 4 4 5 5 6 3 4 2 4 6 4 2 3 6 6 4 6 5 7 5 4 7 3 5 6 6 5 3 7 4 3 4 3 5 2 1 4 3 3 6 5 2 3 4 5 3 5 3 6 6 4 4 3 3 6 4 4 3 4 5 3 3 6 4 5 5 5 7 6 8 3 6 3 4 3 5 4 5 7 2 6 3 4 3 4 1 4 3 3 5 4 4 1 2 4 5 3 6 4 6 3 6 4 5 3 4 4 3 5 4 6 2 5 4 6 3 5 5 2 4 3 5 2 4 6 3 1 4 3 2 2 3 2 4 2 5 5 5 5 3 5 4 4 2 5 4 3 2 4 2 2 
2 2 4 1 4 2 3 3 4 2 2 0 4 1 5 1 3 4 4 4 2 4 5 3 3 2 3 0 4 3 5 3 3 3 4 3 2 3 2 2 2 0 3 2 3 4 4 4 3 2 3 4 3 4 5 4 2 3 4 3 3 2 2 2 4 3 3 3 1 3 4 3 5 4 5 1 3 2 3 1 4 3 4 3 3 3 1 3 2 4 4 1 1 4 2 2 3 2 3 2 3 2 3 4 4 4 3 2 2 1 5 3 3 2 3 2 4 3 4 5 2 2 3 3 3 1 3 3 3 5 3 3 3 3 4 3 2 3 2 2 3 4 4 4 2 2 2 3 2 1 4 1 2 4 4 4 0 5 3 3 4 2 3 4 2 5 2 2 3 5 3 3 3 3 5 4 3 5 4 3 3 2 3 4 3 3 3 3 2 2 3 2 2 3 1 3 3 4 3 3 
7 6 4 6 6 8 5 5 8 5 8 10 7 12 7 9 8 4 7 8 6 9 5 5 4 8 10 6 6 6 6 9 3 9 8 5 8 8 8 2 10 5 10 8 10 7 9 7 5 6 9 3 6 8 6 6 6 7 7 4 7 3 6 5 6 11 8 5 9 3 11 6 8 8 5 3 7 7 9 2 3 7 5 9 8 7 6 8 4 7 8 6 6 4 11 4 7 8 9 5 7 8 8 5 5 4 10 11 7 9 6 10 10 5 6 5 8 8 10 8 10 5 10 4 6 9 10 5 2 5 4 9 9 16 6 7 6 5 5 6 3 6 3 8 11 5 4 4 8 10 6 6 12 4 10 9 7 8 4 4 3 8 4 7 8 10 6 9 8 8 8 6 10 6 4 7 5 7 5 5 8 3 6 8 6 7 9 9 1 7 10 4 10 10 6 7 10 5 8 6 
3 3 2 1 4 2 2 4 3 4 2 3 3 3 3 5 2 3 2 3 3 2 3 2 1 3 3 3 2 4 3 2 4 4 3 4 3 4 3 2 2 3 2 1 3 4 4 4 3 6 4 4 3 2 3 5 3 6 5 0 2 3 5 3 3 3 2 2 4 2 0 3 3 3 4 2 6 4 1 3 2 6 2 3 4 5 4 3 3 4 5 4 3 4 2 2 1 1 1 3 2 3 3 3 3 1 5 4 3 3 4 4 2 4 4 5 5 4 2 3 2 4 4 2 3 4 3 2 3 3 4 4 3 2 4 3 5 3 5 2 2 4 4 2 3 2 3 4 2 2 3 4 2 2 5 0 2 2 3 2 3 3 4 2 4 2 3 4 3 4 2 1 3 3 3 4 2 3 4 2 3 4 3 3 5 4 2 3 3 5 4 5 3 2 2 4 4 3 1 4 
13 6 8 12 8 14 9 14 15 18 7 12 10 14 8 10 8 11 11 12 11 6 13 15 11 14 11 5 12 13 5 19 11 10 12 2 12 12 12 7 7 10 14 12 11 15 13 9 13 9 6 12 15 12 11 3 11 12 8 8 5 15 8 13 8 11 9 9 14 10 4 11 15 6 8 6 9 10 5 8 11 5 6 8 13 10 11 6 10 5 6 11 8 9 12 7 5 7 7 8 11 9 13 13 10 11 13 12 11 14 5 13 10 11 16 10 9 7 13 17 5 7 13 5 10 12 11 12 9 12 2 9 16 6 11 4 9 8 9 5 13 9 11 9 9 12 9 13 9 7 7 13 11 10 9 11 16 13 9 10 14 7 10 11 5 8 13 9 7 7 9 10 11 11 8 8 8 17 8 6 8 19 13 2 9 13 9 8 13 11 6 11 7 8 6 5 10 9 6 7 
12 10 12 13 7 14 14 11 12 15 4 10 5 12 10 8 10 15 7 8 11 10 11 19 6 11 9 13 12 13 13 6 12 12 7 15 0 8 10 13 3 7 9 12 13 9 10 15 8 10 9 11 9 14 8 11 11 9 11 7 16 9 4 10 13 7 10 8 16 12 10 11 4 7 10 4 12 8 15 12 6 13 16 7 14 11 8 16 11 9 9 8 12 14 11 7 7 7 11 16 8 14 10 7 9 7 7 2 3 11 10 9 11 13 9 11 10 18 9 10 11 16 15 9 10 9 10 13 6 10 7 6 7 3 16 5 12 8 7 11 11 10 8 6 7 7 7 17 13 13 11 9 8 10 8 5 15 10 4 14 8 7 13 14 14 12 8 10 12 11 13 13 8 12 10 11 12 12 7 11 9 11 14 18 8 4 11 9 6 7 8 9 6 12 7 12 10 14 11 9 
9 8 8 4 4 6 7 9 11 5 7 5 6 8 9 7 5 8 7 6 8 6 6 11 6 3 6 5 6 6 6 6 7 9 7 8 10 5 3 7 4 8 11 3 4 5 4 7 7 9 5 13 9 5 8 9 7 10 3 7 6 4 3 7 7 7 3 6 6 7 5 6 7 6 10 11 4 5 7 4 11 5 6 4 7 11 6 8 6 5 8 8 5 9 7 8 7 4 8 5 6 7 9 11 7 8 7 9 6 8 10 7 9 4 7 4 10 7 8 4 9 10 7 6 4 8 8 10 10 7 8 9 9 10 7 10 14 8 4 12 9 9 5 2 8 8 6 12 6 7 8 6 6 7 8 4 6 8 6 5 12 8 10 5 6 6 9 4 5 9 4 7 8 5 8 6 6 8 10 7 5 4 12 6 9 10 7 7 6 3 7 6 9 6 7 10 5 10 9 5 
8 4 8 8 4 3 8 8 5 2 7 5 8 8 4 5 5 6 3 6 6 0 3 4 9 4 1 4 6 7 5 7 3 3 9 8 6 8 3 4 11 10 7 10 6 5 5 1 4 2 8 8 7 8 6 8 5 7 4 5 4 5 4 2 5 8 4 5 9 4 8 5 4 6 5 7 3 6 5 4 7 4 5 7 7 6 5 8 3 5 5 6 5 5 5 6 7 7 7 7 7 6 4 4 3 7 6 6 8 3 11 6 7 6 6 5 9 8 5 11 7 6 9 3 5 4 5 6 5 5 6 1 6 5 5 5 6 8 9 6 9 5 6 7 9 5 3 3 4 7 8 4 4 7 7 9 4 3 5 4 4 5 5 2 6 3 9 7 7 6 9 6 5 7 4 10 7 3 7 5 8 8 5 6 6 6 8 9 7 8 5 6 10 5 4 6 7 5 5 6 
3 5 6 7 5 5 5 3 11 10 4 8 3 8 11 1 9 6 9 8 3 5 7 5 6 8 10 6 9 6 8 7 4 10 6 6 7 7 8 6 5 10 9 9 11 5 9 8 7 5 8 9 7 8 8 5 5 8 8 12 3 7 12 7 6 9 5 4 12 8 7 6 8 9 9 8 9 3 7 14 9 9 6 8 7 6 8 6 6 9 10 6 11 6 2 9 4 7 6 9 9 7 9 9 8 10 8 11 6 11 3 10 8 5 6 8 9 8 7 5 7 9 7 7 7 10 5 1 6 10 3 8 10 7 5 8 10 5 11 6 6 8 0 10 10 7 7 4 4 9 6 6 11 9 9 3 11 4 6 4 6 8 8 10 7 9 5 4 5 9 8 5 9 9 9 11 6 5 5 5 6 5 8 8 5 8 6 6 3 8 7 8 10 7 6 10 5 9 4 6 
2 1 1 1 1 1 1 1 0 1 1 1 1 1 1 1 1 1 2 1 1 1 2 1 1 1 1 1 1 1 1 1 0 0 1 1 0 1 1 1 1 2 1 1 1 1 1 1 1 1 2 1 2 1 1 1 1 1 1 1 1 0 1 0 0 1 1 0 1 1 1 1 1 0 1 1 1 2 0 1 1 2 1 1 1 1 2 1 1 1 1 1 1 1 1 1 1 1 1 1 1 1 1 1 1 0 1 1 1 2 1 1 1 1 1 1 1 0 1 2 1 1 1 1 1 1 1 1 1 1 1 1 1 1 1 2 1 2 1 1 0 1 1 1 1 0 1 1 1 0 1 1 1 1 1 1 1 1 1 1 1 1 1 1 1 1 1 1 0 1 1 1 1 0 1 1 1 1 1 1 1 1 1 1 1 1 1 1 1 1 1 0 1 1 1 1 2 0 1 1 
