NAME  : Jabali_60_2_0.93_1_6
TYPE : SVRP
MODEL : FINITE_SUPPORT
NUMBER_OF_SCENARIOS : 200
DIMENSION : 60
EDGE_WEIGHT_TYPE : MATRIX
CAPACITY : 157
N_VEHICLES : 2
NODE_COORD_SECTION
1 3966 4624
2 1746 5689
3 2998 4876
4 2092 6096
5 3540 2801
6 6614 4574
7 7020 2192
8 3962 997
9 3091 3964
10 7810 6206
11 2724 2869
12 3998 7135
13 2783 6950
14 6133 8233
15 27 5701
16 4855 3697
17 6293 2769
18 7394 6190
19 3868 5072
20 1052 6414
21 4079 2514
22 4406 8647
23 4588 3597
24 5211 9011
25 1526 3748
26 6775 3984
27 8848 4909
28 6260 3507
29 4889 6552
30 3309 697
31 740 3928
32 4038 5194
33 2980 7436
34 4098 4802
35 5747 2599
36 1929 5974
37 4958 3135
38 6283 4109
39 4291 4202
40 3086 2530
41 2858 5965
42 2953 4440
43 4275 922
44 1492 2374
45 4856 2506
46 5714 2138
47 8113 4730
48 8712 4299
49 4358 9161
50 4472 18
51 6203 7926
52 5226 6635
53 2282 2255
54 5906 8759
55 5164 2554
56 7025 2612
57 2689 3716
58 7174 6626
59 1537 4677
60 914 3442
DEMAND_SECTION
1 0.0
2 1.0
3 5.0
4 2.0
5 8.0
6 9.0
7 2.0
8 5.0
9 3.0
10 8.0
11 9.0
12 10.0
13 5.0
14 10.0
15 1.0
16 3.0
17 1.0
18 4.0
19 5.0
20 2.0
21 5.0
22 3.0
23 2.0
24 6.0
25 3.0
26 10.0
27 3.0
28 8.0
29 1.0
30 2.0
31 6.0
32 7.0
33 6.0
34 1.0
35 1.0
36 5.0
37 8.0
38 3.0
39 6.0
40 4.0
41 10.0
42 3.0
43 2.0
44 5.0
45 10.0
46 3.0
47 10.0
48 1.0
49 4.0
50 10.0
51 8.0
52 10.0
53 5.0
54 5.0
55 8.0
56 6.0
57 1.0
58 3.0
59 3.0
60 2.0
DEVIATION_SECTION
1 0.0
2 0.333333
3 1.66667
4 0.666667
5 2.66667
6 3.0
7 0.666667
8 1.66667
9 1.0
10 2.66667
11 3.0
12 3.33333
13 1.66667
14 3.33333
15 0.333333
16 1.0
17 0.333333
18 1.33333
19 1.66667
20 0.666667
21 1.66667
22 1.0
23 0.666667
24 2.0
25 1.0
26 3.33333
27 1.0
28 2.66667
29 0.333333
30 0.666667
31 2.0
32 2.33333
33 2.0
34 0.333333
35 0.333333
36 1.66667
37 2.66667
38 1.0
39 2.0
40 1.33333
41 3.33333
42 1.0
43 0.666667
44 1.66667
45 3.33333
46 1.0
47 3.33333
48 0.333333
49 1.33333
50 3.33333
51 2.66667
52 3.33333
53 1.66667
54 1.66667
55 2.66667
56 2.0
57 0.333333
58 1.0
59 1.0
60 0.666667
DISTANCE_MATRIX
0.0 33.6155 13.6015 32.7567 30.8727 35.9508 53.2106 50.0927 16.1266 55.5378 31.6966 34.0588 35.9026 58.5102 55.2178 17.1172 40.8422 51.6373 5.83095 46.4866 29.0861 55.1725 16.0312 61.7304 39.3783 39.6337 66.1312 36.6961 33.1109 55.9093 46.4098 7.07107 40.4969 2.23607 37.0135 33.2415 24.0832 33.2779 7.07107 35.1351 24.0 13.8924 50.7559 45.0087 31.0483 41.1096 56.6207 64.9343 61.5224 63.0357 56.5595 36.1252 41.1825 62.3733 32.3883 52.1752 21.066 53.4013 32.5269 46.9922 
33.6155 0.0 20.6155 6.08276 46.2709 67.424 86.4002 71.3092 31.0161 82.2085 41.4164 35.3553 21.3776 66.2873 23.6008 50.2892 74.0405 77.3958 30.5287 13.1529 54.0833 53.4603 48.5077 64.0703 25.2579 71.6938 96.3694 68.8083 42.5443 71.7952 26.8328 31.6228 27.8927 33.541 69.4262 4.12311 56.0892 65.3682 39.8497 46.5725 14.7648 24.0208 73.7564 44.6184 61.2051 72.6955 87.2156 96.0469 58.2495 85.8662 65.0 45.5586 47.6564 68.2642 63.5215 83.6034 30.5941 72.8203 14.1421 30.8058 
13.6015 20.6155 0.0 21.0238 27.8568 48.7955 65.8027 54.1295 11.7047 67.7393 26.1725 33.541 28.8444 60.6738 41.6173 29.7321 53.4509 63.8388 12.53 33.7343 34.9285 55.0727 27.8927 63.3246 30.3345 52.4811 78.8733 49.5436 35.2744 56.0357 33.1016 14.3178 34.8281 14.1421 48.8365 21.0238 35.5106 46.1253 19.3132 30.2324 15.2643 5.65685 56.0803 40.105 41.0 52.2398 69.4262 77.7817 61.0574 68.542 58.7231 38.2888 35.2295 64.5368 43.1045 63.0272 14.8661 65.6028 19.2187 36.1621 
32.7567 6.08276 21.0238 0.0 48.2701 65.0 85.9444 74.0 32.3883 77.2966 44.3729 29.6142 15.2971 60.6383 28.178 49.8197 73.5759 72.4839 28.7924 14.4222 55.7315 47.3814 48.3735 58.0345 30.5577 69.7782 93.5626 67.3573 37.6324 74.7517 32.6956 29.5466 21.8403 32.28 69.4622 2.0 56.2228 63.561 39.4588 49.3964 10.6301 25.4951 76.243 49.9182 62.0081 73.1095 84.4088 93.2726 52.1728 88.5438 59.4811 40.6468 52.9563 62.3939 64.0312 82.8371 33.2415 67.9084 19.442 36.3593 
30.8727 46.2709 27.8568 48.2701 0.0 46.1894 47.0106 26.4197 16.1555 73.0031 10.6301 59.375 56.4136 90.7552 61.6535 21.0292 36.0694 69.7737 33.9317 59.0762 8.24621 81.0079 18.3929 91.7186 27.8568 44.0915 75.1274 36.2353 63.099 29.7321 38.9487 37.6337 62.1561 32.6743 29.0689 47.8539 18.3576 39.2 24.2711 7.07107 42.9555 22.8035 28.2312 28.178 18.0278 30.0167 65.3977 71.1767 87.1467 40.7185 87.7971 66.1134 18.6815 92.3614 21.4009 45.9674 16.0312 71.7874 38.6298 34.4093 
35.9508 67.424 48.7955 65.0 46.1894 0.0 31.7648 58.6941 51.9764 27.2029 56.589 50.1597 61.8014 49.3964 90.1388 30.2689 24.0832 24.5967 37.0135 79.404 42.1225 63.6242 32.3183 63.3714 75.2281 7.61577 30.8869 14.4222 34.2345 66.9104 86.7173 35.805 63.1803 34.6554 28.178 66.0379 28.1055 7.28011 39.6379 53.1036 54.5894 49.7162 57.5674 74.3537 34.5254 33.6155 21.095 29.0 69.5965 67.1193 45.793 33.0 64.801 56.9577 32.0156 26.8328 56.9158 27.8029 67.955 82.842 
53.2106 86.4002 65.8027 85.9444 47.0106 31.7648 0.0 44.2719 66.2379 54.5619 57.4891 78.8417 87.0517 81.1234 106.548 36.1389 12.3693 53.7587 57.5609 99.4585 39.6232 94.5569 37.9473 95.0988 74.2261 24.1868 43.9659 20.2237 62.9682 53.7587 85.703 57.3149 90.05 54.3066 18.0278 86.3563 30.8707 27.2029 46.5725 52.345 76.7961 64.0125 41.4849 73.5935 29.0689 17.8045 37.1214 36.8782 100.569 46.0 77.5242 62.8172 63.0317 88.6848 25.6125 5.0 60.9482 58.258 83.2221 81.4002 
50.0927 71.3092 54.1295 74.0 26.4197 58.6941 44.2719 0.0 42.4853 85.8662 30.4138 83.7132 82.783 103.313 83.006 39.1152 39.0512 82.8613 55.9017 83.6375 21.2132 104.402 37.2022 110.597 49.0918 54.4518 84.006 45.3982 81.9778 9.48683 57.3149 56.8538 88.5255 51.8943 32.0156 73.3757 32.2025 51.4198 43.4911 24.7386 69.3181 48.8467 3.60555 37.9473 24.3516 28.1603 75.06 78.2304 110.773 14.5602 100.355 84.9922 28.4429 111.24 26.6833 46.0977 40.8044 84.9557 59.5399 51.4782 
16.1266 31.0161 11.7047 32.3883 16.1555 51.9764 66.2379 42.4853 0.0 71.5834 16.1245 43.2742 40.3113 69.3092 49.2443 30.4277 53.935 67.6829 17.831 44.1022 23.3452 64.9072 28.3032 72.4718 24.5159 55.6593 82.1568 50.7331 43.9098 44.8219 36.005 19.831 46.0553 17.5357 39.8266 32.1403 35.6638 49.3035 20.2532 19.105 26.8328 7.0 44.3847 31.198 30.2655 42.0389 72.6464 80.96 71.046 56.8595 67.3585 46.9242 26.0 73.1722 32.8369 63.6064 7.07107 69.4469 25.5803 32.1298 
55.5378 82.2085 67.7393 77.2966 73.0031 27.2029 54.5619 85.8662 71.5834 0.0 83.4027 51.614 67.3992 34.0 105.461 57.0827 50.1199 5.0 55.2893 90.6965 68.9362 55.3173 59.1321 50.01 94.8351 32.6497 23.0217 41.2311 42.0655 93.9415 100.806 53.7284 66.0303 54.0776 55.1543 79.0447 54.9192 34.4819 59.2551 79.9173 67.5284 69.304 84.7703 100.466 61.6117 60.4152 20.6155 28.4429 59.5399 94.1541 31.0644 38.0156 91.6148 41.1096 59.203 49.679 76.5227 9.84886 86.9231 102.449 
31.6966 41.4164 26.1725 44.3729 10.6301 56.589 57.4891 30.4138 16.1245 83.4027 0.0 58.8442 54.8179 84.8792 53.3385 31.4288 46.6905 80.1733 33.4009 53.3523 18.0278 80.4772 28.7925 88.0418 19.105 54.4911 85.527 46.6681 59.4798 30.4138 29.1548 35.4009 60.959 33.1056 39.6232 43.6117 28.8444 49.5996 34.6707 6.08276 41.2311 20.5183 33.1361 18.0278 28.4253 40.2244 75.7973 81.5769 86.616 44.911 82.9285 62.4942 10.198 88.7422 31.8904 56.5685 11.4018 82.187 29.1548 24.1868 
34.0588 35.3553 33.541 29.6142 59.375 50.1597 78.8417 83.7132 43.2742 51.614 58.8442 0.0 16.6433 31.0483 57.2451 48.5745 67.5385 46.8722 28.3196 41.1461 62.7066 21.6333 48.2613 30.0832 56.7114 57.0088 72.1158 58.6312 16.0 88.0496 59.4785 27.0185 14.4222 32.0156 66.4078 31.5753 56.2197 52.0865 40.2244 62.2828 22.0907 38.9487 84.3764 73.1536 63.8347 71.5475 65.3301 74.8048 27.8029 96.6562 30.0832 17.4642 68.2642 33.0151 64.73 74.4398 48.0208 42.0119 45.5957 62.539 
35.9026 21.3776 28.8444 15.2971 56.4136 61.8014 87.0517 82.783 40.3113 67.3992 54.8179 16.6433 0.0 47.1699 41.2311 52.345 75.0 62.5866 30.4138 24.6982 63.3436 32.1403 51.788 43.0116 45.2255 67.6831 87.3521 67.2681 28.7108 84.8764 47.7598 30.1496 6.7082 34.5254 72.3463 17.2627 59.8415 61.9839 42.9535 59.0762 13.6015 34.4093 84.6416 64.586 66.9403 76.7919 78.9587 88.2845 36.8782 97.1317 46.5188 31.6228 63.7585 48.0521 68.2495 83.2166 43.4166 58.0 34.1098 51.0531 
58.5102 66.2873 60.6738 60.6383 90.7552 49.3964 81.1234 103.313 69.3092 34.0 84.8792 31.0483 47.1699 0.0 88.2326 74.2234 73.243 31.257 53.0151 71.8679 88.4349 23.3238 74.5141 16.0312 86.638 56.9386 57.0088 63.3464 31.0483 115.792 89.4051 51.4542 42.9418 56.3604 76.6007 62.5859 72.0599 55.6169 66.513 97.6694 52.345 65.5881 102.651 99.2431 78.9771 82.188 53.6004 62.2013 26.2488 113.411 3.60555 27.5136 94.3651 7.61577 77.1585 76.1577 74.2486 25.318 75.5222 92.4656 
55.2178 23.6008 41.6173 28.178 61.6535 90.1388 106.548 83.006 49.2443 105.461 53.3385 57.2451 41.2311 88.2326 0.0 70.7378 94.2451 100.648 53.1507 17.0294 69.8924 72.3395 68.6133 83.7257 34.2345 93.9229 119.526 90.9212 65.7965 80.399 26.4764 54.4885 46.5296 55.6058 88.6828 26.4197 75.974 87.5671 60.5392 59.4138 38.2753 42.9418 86.0523 48.2701 78.9315 90.8826 110.345 119.004 76.0263 97.0464 87.3155 68.8109 55.1453 89.2693 81.6926 103.917 46.2931 96.0725 25.632 32.5576 
17.1172 50.2892 29.7321 49.8197 21.0292 30.2689 36.1389 39.1152 30.4277 57.0827 31.4288 48.5745 52.345 74.2234 70.7378 0.0 23.7704 53.8532 22.0227 63.3246 18.9737 81.3358 3.16228 83.6783 46.8991 28.1711 59.207 20.4528 48.9396 45.6946 58.3883 22.2073 56.3862 18.0 20.025 50.2195 8.06226 23.2795 10.4403 27.9434 41.0488 28.2023 39.2046 49.1935 16.4012 24.5153 49.4773 55.2568 87.5787 50.9313 71.2653 49.1412 39.6408 80.3095 16.5529 33.3261 35.3671 55.8669 47.4119 54.513 
40.8422 74.0405 53.4509 73.5759 36.0694 24.0832 12.3693 39.0512 53.935 50.1199 46.6905 67.5385 75.0 73.243 94.2451 23.7704 0.0 48.2597 45.2874 87.0919 29.4109 84.309 25.632 85.9625 62.7373 17.4929 45.0111 10.0 52.0477 48.2597 74.2264 45.0999 78.2304 42.033 7.61577 73.9878 18.868 17.8045 34.2053 42.0119 64.5226 51.7096 37.0135 63.6003 18.868 11.0454 36.3456 39.2046 90.471 44.643 69.6412 52.2015 53.2541 80.7965 15.2643 10.0 49.3792 51.8556 70.9192 70.1783 
51.6373 77.3958 63.8388 72.4839 69.7737 24.5967 53.7587 82.8613 67.6829 5.0 80.1733 46.8722 62.5866 31.257 100.648 53.8532 48.2597 0.0 51.3889 85.8839 65.7068 51.6236 55.9026 47.0956 94.1383 30.8058 26.4764 38.9487 37.2528 90.7291 96.9054 49.8279 61.2944 50.1771 52.7731 74.232 51.6898 31.7805 55.3546 76.6879 62.7157 65.4036 81.9329 96.5651 58.5235 58.1808 22.3607 31.0161 56.1427 91.7061 28.0713 33.2029 88.3853 38.6394 56.3028 48.7955 72.6223 6.0 83.0226 98.5485 
5.83095 30.5287 12.53 28.7924 33.9317 37.0135 57.5609 55.9017 17.831 55.2893 33.4009 28.3196 30.4138 53.0151 53.1507 22.0227 45.2874 51.3889 0.0 42.9535 34.8951 49.5782 21.3776 56.2353 42.7624 41.1825 66.6033 38.6005 27.6158 62.6063 45.5295 2.0 34.7851 4.12311 42.0476 29.5466 29.4279 34.8855 12.6491 36.8395 19.2354 15.1327 56.565 47.7648 36.6879 46.3897 57.28 65.8559 55.9017 68.8447 51.0644 30.6301 42.8869 56.8782 37.855 54.1295 22.7703 53.1529 31.6466 48.59 
46.4866 13.1529 33.7343 14.4222 59.0762 79.404 99.4585 83.6375 44.1022 90.6965 53.3523 41.1461 24.6982 71.8679 17.0294 63.3246 87.0919 85.8839 42.9535 0.0 67.0075 55.3263 61.6117 66.7533 35.4683 84.0773 107.985 81.4197 51.0324 82.8614 33.3017 43.8292 29.6142 46.2385 82.5651 13.4164 69.2315 77.8203 52.8867 58.8989 25.0 37.1214 86.1528 53.8516 74.3303 85.8485 98.831 107.695 59.0085 98.22 71.1758 54.0467 57.9396 72.5328 76.6744 96.648 43.1856 81.2278 24.3516 38.6005 
29.0861 54.0833 34.9285 55.7315 8.24621 42.1225 39.6232 21.2132 23.3452 68.9362 18.0278 62.7066 63.3436 88.4349 69.8924 18.9737 29.4109 65.7068 34.8951 67.0075 0.0 83.3951 16.5529 89.932 36.0555 39.8121 70.8308 31.3209 61.3124 26.8328 46.9574 35.8471 69.5277 30.8877 22.0227 55.4437 14.0357 35.133 22.4845 12.7279 49.8855 30.2655 22.2036 34.2053 10.6301 22.2036 61.1882 66.4078 89.766 34.6699 85.4768 64.3268 23.8537 90.0411 14.2127 39.0512 24.1868 67.7204 46.8125 42.19 
55.1725 53.4603 55.0727 47.3814 81.0079 63.6242 94.5569 104.402 64.9072 55.3173 80.4772 21.6333 32.1403 23.3238 72.3395 81.3358 84.309 51.6236 49.5782 55.3263 83.3951 0.0 68.9406 11.7047 76.5612 71.0832 78.0897 74.6726 33.2866 109.683 79.3095 48.1041 26.0 53.0377 84.6445 49.366 79.1723 67.3573 60.9395 83.9157 42.3792 60.5392 104.985 94.7835 84.5139 90.1557 73.1095 82.2982 6.40312 117.332 25.0799 32.2025 89.8888 19.8494 84.4913 89.8443 69.6419 45.7056 65.4455 82.3888 
16.0312 48.5077 27.8927 48.3735 18.3929 32.3183 37.9473 37.2022 28.3032 59.1321 28.7925 48.2613 51.788 74.5141 68.6133 3.16228 25.632 55.9026 21.3776 61.6117 16.5529 68.9406 0.0 75.4775 44.2628 30.2205 61.2564 22.5022 46.8579 43.382 55.7519 21.8403 56.0446 17.2627 21.095 48.6621 8.06226 25.3289 9.0 25.3071 40.0125 26.0778 37.5366 46.5572 15.6525 25.0799 51.5267 57.3063 75.3115 49.5177 71.5561 49.8723 37.0045 76.1203 16.4924 35.3412 30.9047 57.9163 45.2874 51.8767 
61.7304 64.0703 63.3246 58.0345 91.7186 63.3714 95.0988 110.597 72.4718 50.01 88.0418 30.0832 43.0116 16.0312 83.7257 83.6783 85.9625 47.0956 56.2353 66.7533 89.932 11.7047 75.4775 0.0 86.5097 70.9123 73.0274 76.1779 37.6431 116.755 89.2768 54.6744 37.2156 59.5806 86.8713 60.0333 81.5149 68.7369 67.4763 91.4803 51.9711 68.542 111.522 102.406 88.4321 92.4334 69.3542 78.1025 11.4018 123.869 19.0263 35.3553 97.5277 9.84886 86.8338 90.1446 77.3886 41.1096 75.3939 92.3373 
39.3783 25.2579 30.3345 30.5577 27.8568 75.2281 74.2261 49.0918 24.5159 94.8351 19.105 56.7114 45.2255 86.638 34.2345 46.8991 62.7373 94.1383 42.7624 35.4683 36.0555 76.5612 44.2628 86.5097 0.0 69.9614 100.997 62.1384 61.4495 47.5395 12.0416 44.4361 51.9254 40.7873 56.1986 28.9312 44.3211 65.0699 43.5048 25.1794 34.6207 30.5577 52.0096 19.8494 45.6228 57.6998 91.2676 97.0472 81.7903 63.3877 84.8694 64.4639 22.4722 89.5884 48.7997 72.7323 18.5605 91.7255 11.1803 10.198 
39.6337 71.6938 52.4811 69.7782 44.0915 7.61577 24.1868 54.4518 55.6593 32.6497 54.4911 57.0088 67.6831 56.9386 93.9229 28.1711 17.4929 30.8058 41.1825 84.0773 39.8121 71.0832 30.2205 70.9123 69.9614 0.0 31.0483 9.05539 41.0122 63.1269 81.4506 40.2492 69.608 38.339 22.8035 70.6612 25.9615 6.40312 43.3208 50.941 59.6154 53.4339 52.9528 72.2558 31.0161 27.8568 21.3776 27.2947 77.0555 61.6847 53.3385 40.1123 62.6449 64.4981 28.0179 19.2354 60.5987 34.6554 71.6379 77.5753 
66.1312 96.3694 78.8733 93.5626 75.1274 30.8869 43.9659 84.006 82.1568 23.0217 85.527 72.1158 87.3521 57.0088 119.526 59.207 45.0111 26.4764 66.6033 107.985 70.8308 78.0897 61.2564 73.0274 100.997 31.0483 0.0 39.6232 58.8163 93.086 111.972 65.1153 86.5248 64.8151 52.0384 94.7009 57.0088 36.4005 69.8183 81.9769 83.0498 79.8966 82.0244 103.292 61.6604 56.0357 9.84886 7.81025 82.4924 88.955 54.0833 58.3927 93.7391 64.0312 58.4209 40.025 87.0962 32.3883 98.0889 108.611 
36.6961 68.8083 49.5436 67.3573 36.2353 14.4222 20.2237 45.3982 50.7331 41.2311 46.6681 58.6312 67.2681 63.3464 90.9212 20.4528 10.0 38.9487 38.6005 81.4197 31.3209 74.6726 22.5022 76.1779 62.1384 9.05539 39.6232 0.0 42.7578 54.0833 73.6276 38.0789 70.0 35.4014 13.9284 68.0413 17.8885 7.81025 30.8881 42.9535 57.7235 48.5077 43.9318 64.4127 22.0907 19.2354 30.1496 35.1141 80.7775 52.9245 59.7445 42.72 54.626 70.8999 19.0 16.0 48.7804 42.2019 67.7173 69.7523 
33.1109 42.5443 35.2744 37.6324 63.099 34.2345 62.9682 81.9778 43.9098 42.0655 59.4798 16.0 28.7108 31.0483 65.7965 48.9396 52.0477 37.2528 27.6158 51.0324 61.3124 33.2866 46.8579 37.6431 61.4495 41.0122 58.8163 42.7578 0.0 88.1357 64.2166 26.0549 29.1204 30.961 52.2484 39.3805 46.7762 36.1248 38.8568 62.9184 27.8642 40.1888 82.9021 73.8437 53.6934 57.7596 50.2496 59.5755 39.6611 95.2493 28.4429 4.12311 68.9658 36.2491 52.0952 58.5491 48.8492 32.6773 50.3337 67.2771 
55.9093 71.7952 56.0357 74.7517 29.7321 66.9104 53.7587 9.48683 44.8219 93.9415 30.4138 88.0496 84.8764 115.792 80.399 45.6946 48.2597 90.7291 62.6063 82.8614 26.8328 109.683 43.382 116.755 47.5395 63.1269 93.086 54.0833 88.1357 0.0 54.0833 62.6704 90.802 57.711 41.0488 73.9904 39.5601 59.6825 49.3077 25.807 71.2811 50.4777 12.53 33.1361 32.3883 37.4833 84.0 87.4643 115.821 17.72 112.834 91.15 25.318 117.398 35.1283 55.5428 41.6773 92.7427 58.5235 48.0416 
46.4098 26.8328 33.1016 32.6956 38.9487 86.7173 85.703 57.3149 36.005 100.806 29.1548 59.4785 47.7598 89.4051 26.4764 58.3883 74.2264 96.9054 45.5295 33.3017 46.9574 79.3095 55.7519 89.2768 12.0416 81.4506 111.972 73.6276 64.2166 54.0833 0.0 47.2032 54.4243 47.1875 67.6757 30.8707 55.8102 76.559 54.994 35.1141 37.3878 33.3248 60.531 21.8403 56.9386 68.9638 102.757 108.536 84.4808 71.0282 87.6365 67.231 29.0172 92.3555 60.208 84.2214 30.0496 94.4926 14.1421 6.08276 
7.07107 31.6228 14.3178 29.5466 37.6337 35.805 57.3149 56.8538 19.831 53.7284 35.4009 27.0185 30.1496 51.4542 54.4885 22.2073 45.0999 49.8279 2.0 43.8292 35.8471 48.1041 21.8403 54.6744 44.4361 40.2492 65.1153 38.0789 26.0549 62.6704 47.2032 0.0 34.2053 5.0 42.2075 30.4138 29.8329 34.0147 13.4164 38.8395 19.6469 17.1172 57.517 49.7648 37.3363 46.6905 55.8659 64.5368 54.4518 69.7968 49.5035 29.0692 44.8869 55.3173 38.3275 53.7587 24.7703 51.592 33.3203 50.2637 
40.4969 27.8927 34.8281 21.8403 62.1561 63.1803 90.05 88.5255 46.0553 66.0303 60.959 14.4222 6.7082 42.9418 46.5296 56.3862 78.2304 61.2944 34.7851 29.6142 69.5277 26.0 56.0446 37.2156 51.9254 69.608 86.5248 70.0 29.1204 90.802 54.4243 34.2053 0.0 38.8973 76.158 23.7697 64.0312 64.195 47.4342 65.0 19.799 40.4599 90.3841 71.2859 71.4703 80.8695 79.297 88.6229 30.4138 102.874 42.72 31.3847 69.939 43.0116 72.5328 86.0 49.5782 56.4004 40.8096 57.753 
2.23607 33.541 14.1421 32.28 32.6743 34.6554 54.3066 51.8943 17.5357 54.0776 33.1056 32.0156 34.5254 56.3604 55.6058 18.0 42.033 50.1771 4.12311 46.2385 30.8877 53.0377 17.2627 59.5806 40.7873 38.339 64.8151 35.4014 30.961 57.711 47.1875 5.0 38.8973 0.0 38.0132 32.8938 25.318 31.9832 8.544 36.5442 23.0868 15.2315 52.5576 47.4695 32.573 42.2966 55.3173 63.6396 59.397 64.8373 54.4097 33.9754 42.5916 60.2234 33.7343 50.8805 22.475 51.9412 33.3047 48.4012 
37.0135 69.4262 48.8365 69.4622 29.0689 28.178 18.0278 32.0156 39.8266 55.1543 39.6232 66.4078 72.3463 76.6007 88.6828 20.025 7.61577 52.7731 42.0476 82.5651 22.0227 84.6445 21.095 86.8713 56.1986 22.8035 52.0384 13.9284 52.2484 41.0488 67.6757 42.2075 76.158 38.0132 0.0 69.7209 13.3417 21.095 30.0666 34.7131 61.0082 46.7796 30.2655 56.2228 11.4018 5.65685 43.0465 46.5296 90.8874 39.0 72.9989 52.45 45.8039 83.4886 7.81025 17.0294 42.9519 55.7584 65.0171 63.4114 
33.2415 4.12311 21.0238 2.0 47.8539 66.0379 86.3563 73.3757 32.1403 79.0447 43.6117 31.5753 17.2627 62.5859 26.4197 50.2195 73.9878 74.232 29.5466 13.4164 55.4437 49.366 48.6621 60.0333 28.9312 70.6612 94.7009 68.0413 39.3805 73.9904 30.8707 30.4138 23.7697 32.8938 69.7209 0.0 56.4358 64.405 39.8121 48.7032 12.0416 25.1794 75.6902 48.2917 62.0081 73.2462 85.5471 94.4108 54.1295 87.9318 61.4003 42.3949 51.3297 64.3817 64.1249 83.5204 32.573 69.6565 17.8154 34.6699 
24.0832 56.0892 35.5106 56.2228 18.3576 28.1055 30.8707 32.2025 35.6638 54.9192 28.8444 56.2197 59.8415 72.0599 75.974 8.06226 18.868 51.6898 29.4279 69.2315 14.0357 79.1723 8.06226 81.5149 44.3211 25.9615 57.0088 17.8885 46.7762 39.5601 55.8102 29.8329 64.0312 25.318 13.3417 56.4358 0.0 21.1161 17.0294 25.0799 48.0416 33.4384 31.9061 46.5296 8.48528 17.0294 47.2969 52.9245 85.4152 43.2782 69.1019 46.9778 36.7696 78.146 8.544 28.8444 30.963 53.7034 52.648 51.788 
33.2779 65.3682 46.1253 63.561 39.2 7.28011 27.2029 51.4198 49.3035 34.4819 49.5996 52.0865 61.9839 55.6169 87.5671 23.2795 17.8045 31.7805 34.8855 77.8203 35.133 67.3573 25.3289 68.7369 65.0699 6.40312 36.4005 7.81025 36.1248 59.6825 76.559 34.0147 64.195 31.9832 21.095 64.405 21.1161 0.0 36.965 46.1142 53.4883 47.0781 50.2892 67.3643 27.2947 26.6271 26.5707 33.2866 73.3894 59.9333 52.0151 35.6931 57.8116 63.1705 24.7386 22.561 54.2429 34.6699 65.2821 72.6838 
7.07107 39.8497 19.3132 39.4588 24.2711 39.6379 46.5725 43.4911 20.2532 59.2551 34.6707 40.2244 42.9535 66.513 60.5392 10.4403 34.2053 55.3546 12.6491 52.8867 22.4845 60.9395 9.0 67.4763 43.5048 43.3208 69.8183 30.8881 38.8568 49.3077 54.994 13.4164 47.4342 8.544 30.0666 39.8121 17.0294 36.965 0.0 31.1853 31.0161 18.0278 44.1543 49.1353 24.0416 34.0588 60.3079 68.6214 67.3104 56.4341 63.5549 41.8711 42.8827 68.1192 25.318 43.7614 25.1925 57.1186 37.2192 51.1187 
35.1351 46.5725 30.2324 49.3964 7.07107 53.1036 52.345 24.7386 19.105 79.9173 6.08276 62.2828 59.0762 97.6694 59.4138 27.9434 42.0119 76.6879 36.8395 58.8989 12.7279 83.9157 25.3071 91.4803 25.1794 50.941 81.9769 42.9535 62.9184 25.807 35.1141 38.8395 65.0 36.5442 34.7131 48.7032 25.0799 46.1142 31.1853 0.0 45.4863 24.6982 27.2947 21.6333 23.3452 34.8281 72.3119 78.0 90.0545 39.2938 94.7113 65.9327 11.7047 92.1808 26.9072 51.7397 16.1555 78.7016 35.0571 29.9666 
24.0 14.7648 15.2643 10.6301 42.9555 54.5894 76.7961 69.3181 26.8328 67.5284 41.2311 22.0907 13.6015 52.345 38.2753 41.0488 64.5226 62.7157 19.2354 25.0 49.8855 42.3792 40.0125 51.9711 34.6207 59.6154 83.0498 57.7235 27.8642 71.2811 37.3878 19.6469 19.799 23.0868 61.0082 12.0416 48.0416 53.4883 31.0161 45.4863 0.0 20.8087 71.1835 53.9812 54.5894 65.0692 73.896 82.7597 47.927 83.6736 50.8035 30.8786 50.1833 55.0091 56.2228 73.3485 29.8329 58.1402 23.5049 40.4483 
13.8924 24.0208 5.65685 25.4951 22.8035 49.7162 64.0125 48.8467 7.0 69.304 20.5183 38.9487 34.4093 65.5881 42.9418 28.2023 51.7096 65.4036 15.1327 37.1214 30.2655 60.5392 26.0778 68.542 30.5577 53.4339 79.8966 48.5077 40.1888 50.4777 33.3248 17.1172 40.4599 15.2315 46.7796 25.1794 33.4384 47.0781 18.0278 24.6982 20.8087 0.0 50.9215 34.4536 37.2156 48.976 70.3862 78.6997 66.5733 63.3246 63.6374 43.2031 29.5781 69.4512 39.774 61.381 9.21954 67.1676 19.442 36.3853 
50.7559 73.7564 56.0803 76.243 28.2312 57.5674 41.4849 3.60555 44.3847 84.7703 33.1361 84.3764 84.6416 102.651 86.0523 39.2046 37.0135 81.9329 56.565 86.1528 22.2036 104.985 37.5366 111.522 52.0096 52.9528 82.0244 43.9318 82.9021 12.53 60.531 57.517 90.3841 52.5576 30.2655 75.6902 31.9061 50.2892 44.1543 27.2947 71.1835 50.9215 0.0 41.4367 23.7065 26.0 73.2462 76.0592 111.436 12.53 99.6933 85.9165 31.7805 108.738 25.632 43.566 43.1741 84.1724 62.2896 54.7449 
45.0087 44.6184 40.105 49.9182 28.178 74.3537 73.5935 37.9473 31.198 100.466 18.0278 73.1536 64.586 99.2431 48.2701 49.1935 63.6003 96.5651 47.7648 53.8516 34.2053 94.7835 46.5572 102.406 19.8494 72.2558 103.292 64.4127 73.8437 33.1361 21.8403 49.7648 71.2859 47.4695 56.2228 48.2917 46.5296 67.3643 49.1353 21.6333 53.9812 34.4536 41.4367 0.0 44.8219 55.8659 93.562 99.3416 100.881 50.636 97.2924 76.8581 10.6301 103.106 48.4149 73.2462 25.2426 98.3291 30.4795 15.8114 
31.0483 61.2051 41.0 62.0081 18.0278 34.5254 29.0689 24.3516 30.2655 61.6117 28.4253 63.8347 66.9403 78.9771 78.9315 16.4012 18.868 58.5235 36.6879 74.3303 10.6301 84.5139 15.6525 88.4321 45.6228 31.0161 61.6604 22.0907 53.6934 32.3883 56.9386 37.3363 71.4703 32.573 11.4018 62.0081 8.48528 27.2947 24.0416 23.3452 54.5894 37.2156 23.7065 44.8219 0.0 12.083 52.2398 56.7539 92.3324 34.8281 76.0191 53.895 34.4093 85.0633 3.60555 28.4253 32.8938 60.6086 55.2659 52.4309 
41.1096 72.6955 52.2398 73.1095 30.0167 33.6155 17.8045 28.1603 42.0389 60.4152 40.2244 71.5475 76.7919 82.188 90.8826 24.5153 11.0454 58.1808 46.3897 85.8485 22.2036 90.1557 25.0799 92.4334 57.6998 27.8568 56.0357 19.2354 57.7596 37.4833 68.9638 46.6905 80.8695 42.2966 5.65685 73.2462 17.0294 26.6271 34.0588 34.8281 65.0692 48.976 26.0 55.8659 12.083 0.0 47.3814 50.0899 96.3986 33.8378 78.5862 57.9612 45.2769 89.0506 9.21954 18.3848 44.9444 61.2944 67.2169 64.3506 
56.6207 87.2156 69.4262 84.4088 65.3977 21.095 37.1214 75.06 72.6464 20.6155 75.7973 65.3301 78.9587 53.6004 110.345 49.4773 36.3456 22.3607 57.28 98.831 61.1882 73.1095 51.5267 69.3542 91.2676 21.3776 9.84886 30.1496 50.2496 84.0 102.757 55.8659 79.297 55.3173 43.0465 85.5471 47.2969 26.5707 60.3079 72.3119 73.896 70.3862 73.2462 93.562 52.2398 47.3814 0.0 9.48683 78.0 80.8084 50.3587 48.0624 84.0094 61.0 49.0918 32.6956 77.5858 28.2843 88.6209 98.8815 
64.9343 96.0469 77.7817 93.2726 71.1767 29.0 36.8782 78.2304 80.96 28.4429 81.5769 74.8048 88.2845 62.2013 119.004 55.2568 39.2046 31.0161 65.8559 107.695 66.4078 82.2982 57.3063 78.1025 97.0472 27.2947 7.81025 35.1141 59.5755 87.4643 108.536 64.5368 88.6229 63.6396 46.5296 94.4108 52.9245 33.2866 68.6214 78.0 82.7597 78.6997 76.0592 99.3416 56.7539 50.0899 9.48683 0.0 87.0517 82.3893 59.0762 57.3883 89.6939 69.4622 53.3667 33.2415 85.8993 37.0135 96.9385 104.661 
61.5224 58.2495 61.0574 52.1728 87.1467 69.5965 100.569 110.773 71.046 59.5399 86.616 27.8029 36.8782 26.2488 76.0263 87.5787 90.471 56.1427 55.9017 59.0085 89.766 6.40312 75.3115 11.4018 81.7903 77.0555 82.4924 80.7775 39.6611 115.821 84.4808 54.4518 30.4138 59.397 90.8874 54.1295 85.4152 73.3894 67.3104 90.0545 47.927 66.5733 111.436 100.881 92.3324 96.3986 78.0 87.0517 0.0 123.703 28.6356 38.4708 96.0057 21.095 90.7342 95.8301 75.7166 50.1597 70.6746 87.6179 
63.0357 85.8662 68.542 88.5438 40.7185 67.1193 46.0 14.5602 56.8595 94.1541 44.911 96.6562 97.1317 113.411 97.0464 50.9313 44.643 91.7061 68.8447 98.22 34.6699 117.332 49.5177 123.869 63.3877 61.6847 88.955 52.9245 95.2493 17.72 71.0282 69.7968 102.874 64.8373 39.0 87.9318 43.2782 59.9333 56.4341 39.2938 83.6736 63.3246 12.53 50.636 34.8281 33.8378 80.8084 82.3893 123.703 0.0 110.453 98.2637 42.0119 119.497 36.0555 49.163 55.3624 94.414 73.9797 65.0692 
56.5595 65.0 58.7231 59.4811 87.7971 45.793 77.5242 100.355 67.3585 31.0644 82.9285 30.0832 46.5188 3.60555 87.3155 71.2653 69.6412 28.0713 51.0644 71.1758 85.4768 25.0799 71.5561 19.0263 84.8694 53.3385 54.0833 59.7445 28.4429 112.834 87.6365 49.5035 42.72 54.4097 72.9989 61.4003 69.1019 52.0151 63.5549 94.7113 50.8035 63.6374 99.6933 97.2924 76.0191 78.5862 50.3587 59.0762 28.6356 110.453 0.0 24.7386 92.4144 11.1803 74.2005 72.5603 72.2979 22.0907 73.7537 90.697 
36.1252 45.5586 38.2888 40.6468 66.1134 33.0 62.8172 84.9922 46.9242 38.0156 62.4942 17.4642 31.6228 27.5136 68.8109 49.1412 52.2015 33.2029 30.6301 54.0467 64.3268 32.2025 49.8723 35.3553 64.4639 40.1123 58.3927 42.72 4.12311 91.15 67.231 29.0692 31.3847 33.9754 52.45 42.3949 46.9778 35.6931 41.8711 65.9327 30.8786 43.2031 85.9165 76.8581 53.895 57.9612 48.0624 57.3883 38.4708 98.2637 24.7386 0.0 71.9801 33.121 52.2968 58.2495 51.8636 28.6274 53.3481 70.2915 
41.1825 47.6564 35.2295 52.9563 18.6815 64.801 63.0317 28.4429 26.0 91.6148 10.198 68.2642 63.7585 94.3651 55.1453 39.6408 53.2541 88.3853 42.8869 57.9396 23.8537 89.8888 37.0045 97.5277 22.4722 62.6449 93.7391 54.626 68.9658 25.318 29.0172 44.8869 69.939 42.5916 45.8039 51.3297 36.7696 57.8116 42.8827 11.7047 50.1833 29.5781 31.7805 10.6301 34.4093 45.2769 84.0094 89.6939 96.0057 42.0119 92.4144 71.9801 0.0 98.2282 38.0132 62.8013 20.3672 90.399 33.6155 23.0868 
62.3733 68.2642 64.5368 62.3939 92.3614 56.9577 88.6848 111.24 73.1722 41.1096 88.7422 33.0151 48.0521 7.61577 89.2693 80.3095 80.7965 38.6394 56.8782 72.5328 90.0411 19.8494 76.1203 9.84886 89.5884 64.4981 64.0312 70.8999 36.2491 117.398 92.3555 55.3173 43.0116 60.2234 83.4886 64.3817 78.146 63.1705 68.1192 92.1808 55.0091 69.4512 108.738 103.106 85.0633 89.0506 61.0 69.4622 21.095 119.497 11.1803 33.121 98.2282 0.0 83.465 83.7257 78.1116 32.7567 78.4726 95.416 
32.3883 63.5215 43.1045 64.0312 21.4009 32.0156 25.6125 26.6833 32.8369 59.203 31.8904 64.73 68.2495 77.1585 81.6926 16.5529 15.2643 56.3028 37.855 76.6744 14.2127 84.4913 16.4924 86.8338 48.7997 28.0179 58.4209 19.0 52.0952 35.1283 60.208 38.3275 72.5328 33.7343 7.81025 64.1249 8.544 24.7386 25.318 26.9072 56.2228 39.774 25.632 48.4149 3.60555 9.21954 49.0918 53.3667 90.7342 36.0555 74.2005 52.2968 38.0132 83.465 0.0 24.8395 35.8469 58.6003 58.0269 55.8032 
52.1752 83.6034 63.0272 82.8371 45.9674 26.8328 5.0 46.0977 63.6064 49.679 56.5685 74.4398 83.2166 76.1577 103.917 33.3261 10.0 48.7955 54.1295 96.648 39.0512 89.8443 35.3412 90.1446 72.7323 19.2354 40.025 16.0 58.5491 55.5428 84.2214 53.7587 86.0 50.8805 17.0294 83.5204 28.8444 22.561 43.7614 51.7397 73.3485 61.381 43.566 73.2462 28.4253 18.3848 32.6956 33.2415 95.8301 49.163 72.5603 58.2495 62.8013 83.7257 24.8395 0.0 59.3742 53.2635 80.5906 80.1561 
21.066 30.5941 14.8661 33.2415 16.0312 56.9158 60.9482 40.8044 7.07107 76.5227 11.4018 48.0208 43.4166 74.2486 46.2931 35.3671 49.3792 72.6223 22.7703 43.1856 24.1868 69.6419 30.9047 77.3886 18.5605 60.5987 87.0962 48.7804 48.8492 41.6773 30.0496 24.7703 49.5782 22.475 42.9519 32.573 30.963 54.2429 25.1925 16.1555 29.8329 9.21954 43.1741 25.2426 32.8938 44.9444 77.5858 85.8993 75.7166 55.3624 72.2979 51.8636 20.3672 78.1116 35.8469 59.3742 0.0 74.3863 22.6274 26.1744 
53.4013 72.8203 65.6028 67.9084 71.7874 27.8029 58.258 84.9557 69.4469 9.84886 82.187 42.0119 58.0 25.318 96.0725 55.8669 51.8556 6.0 53.1529 81.2278 67.7204 45.7056 57.9163 41.1096 91.7255 34.6554 32.3883 42.2019 32.6773 92.7427 94.4926 51.592 56.4004 51.9412 55.7584 69.6565 53.7034 34.6699 57.1186 78.7016 58.1402 67.1676 84.1724 98.3291 60.6086 61.2944 28.2843 37.0135 50.1597 94.414 22.0907 28.6274 90.399 32.7567 58.6003 53.2635 74.3863 0.0 80.6097 97.5531 
32.5269 14.1421 19.2187 19.442 38.6298 67.955 83.2221 59.5399 25.5803 86.9231 29.1548 45.5957 34.1098 75.5222 25.632 47.4119 70.9192 83.0226 31.6466 24.3516 46.8125 65.4455 45.2874 75.3939 11.1803 71.6379 98.0889 67.7173 50.3337 58.5235 14.1421 33.3203 40.8096 33.3047 65.0171 17.8154 52.648 65.2821 37.2192 35.0571 23.5049 19.442 62.2896 30.4795 55.2659 67.2169 88.6209 96.9385 70.6746 73.9797 73.7537 53.3481 33.6155 78.4726 58.0269 80.5906 22.6274 80.6097 0.0 17.0 
46.9922 30.8058 36.1621 36.3593 34.4093 82.842 81.4002 51.4782 32.1298 102.449 24.1868 62.539 51.0531 92.4656 32.5576 54.513 70.1783 98.5485 48.59 38.6005 42.19 82.3888 51.8767 92.3373 10.198 77.5753 108.611 69.7523 67.2771 48.0416 6.08276 50.2637 57.753 48.4012 63.4114 34.6699 51.788 72.6838 51.1187 29.9666 40.4483 36.3853 54.7449 15.8114 52.4309 64.3506 98.8815 104.661 87.6179 65.0692 90.697 70.2915 23.0868 95.416 55.8032 80.1561 26.1744 97.5531 17.0 0.0 
DEMAND_SCENARIO_SECTION
0 0 0 0 0 0 0 0 0 0 0 0 0 0 0 0 0 0 0 0 0 0 0 0 0 0 0 0 0 0 0 0 0 0 0 0 0 0 0 0 0 0 0 0 0 0 0 0 0 0 0 0 0 0 0 0 0 0 0 0 0 0 0 0 0 0 0 0 0 0 0 0 0 0 0 0 0 0 0 0 0 0 0 0 0 0 0 0 0 0 0 0 0 0 0 0 0 0 0 0 0 0 0 0 0 0 0 0 0 0 0 0 0 0 0 0 0 0 0 0 0 0 0 0 0 0 0 0 0 0 0 0 0 0 0 0 0 0 0 0 0 0 0 0 0 0 0 0 0 0 0 0 0 0 0 0 0 0 0 0 0 0 0 0 0 0 0 0 0 0 0 0 0 0 0 0 0 0 0 0 0 0 0 0 0 0 0 0 0 0 0 0 0 0 0 0 0 0 0 0 
1 1 1 1 1 1 1 2 1 1 1 1 1 1 1 1 1 1 1 1 0 1 2 0 0 1 1 1 1 1 1 1 1 1 1 1 1 1 0 1 1 1 0 0 1 0 1 1 1 1 1 0 1 1 2 0 1 1 1 1 0 2 1 1 1 1 1 1 1 1 1 1 1 1 1 1 1 1 1 1 1 1 1 1 1 1 1 1 1 1 1 1 1 1 1 1 2 1 1 1 1 1 1 1 1 1 1 1 1 1 1 1 1 1 1 1 2 0 1 1 1 1 1 1 1 1 1 1 1 1 1 1 1 1 2 1 0 1 1 1 1 0 1 0 1 2 0 1 2 1 1 1 1 1 1 1 1 0 1 1 1 1 1 1 1 1 2 1 1 1 1 1 1 2 1 1 1 1 2 1 1 1 1 1 1 1 1 1 1 1 1 1 2 2 1 1 1 1 1 2 
6 8 4 4 7 6 6 2 3 6 7 6 4 5 5 5 4 3 5 5 7 7 4 5 6 2 7 5 4 7 4 5 4 7 3 5 4 4 3 7 7 3 5 6 7 6 5 7 5 5 4 6 5 2 5 5 5 5 4 6 4 3 6 5 5 5 6 5 4 5 6 0 6 6 4 5 7 6 7 5 9 6 7 7 6 5 4 5 7 2 4 6 4 6 4 7 5 6 5 6 2 4 4 4 4 5 5 4 6 5 6 8 4 6 5 7 6 7 4 5 4 1 5 4 6 5 3 6 7 7 7 6 4 6 4 2 7 7 9 5 5 3 3 5 2 6 5 2 7 6 3 5 6 9 2 6 6 4 5 8 3 7 3 5 5 3 6 4 2 5 3 1 3 6 8 2 5 5 3 4 8 4 6 8 7 4 8 5 5 5 4 4 4 3 4 4 9 7 4 6 
2 2 1 1 3 2 2 2 2 2 2 2 2 2 2 2 2 2 1 3 2 2 2 1 2 2 0 3 3 2 1 1 2 2 2 3 2 2 3 2 2 2 2 3 1 2 2 2 2 2 2 1 3 3 2 2 1 1 3 3 2 3 2 3 1 3 2 2 3 1 2 1 3 3 2 2 1 2 1 2 2 2 1 2 3 2 2 2 0 3 2 1 2 1 1 3 3 1 2 1 2 3 2 2 2 3 2 2 2 2 2 1 2 2 2 1 3 2 1 3 2 3 3 3 2 2 2 3 2 3 1 1 0 1 2 1 2 2 1 1 2 2 1 2 3 2 2 1 4 3 2 3 3 2 1 3 2 3 1 2 2 2 2 3 2 3 2 1 3 2 3 2 1 2 2 2 1 2 3 2 2 1 2 2 2 2 1 3 3 4 2 2 2 3 3 2 2 1 3 2 
9 7 7 4 13 10 9 11 10 7 13 7 10 11 9 9 9 7 3 9 7 13 12 8 9 11 9 12 13 10 13 7 10 7 10 8 8 7 9 13 11 13 10 11 6 9 11 7 9 3 14 8 8 9 10 6 8 12 10 8 10 10 6 9 11 5 12 6 13 4 6 7 8 13 9 9 10 10 8 10 5 8 7 5 9 10 10 6 14 7 6 10 15 2 5 7 6 6 6 8 6 11 7 10 7 9 8 10 8 7 10 3 6 6 8 5 9 1 5 5 9 10 7 9 6 11 7 10 9 8 7 8 9 11 5 11 6 8 5 8 9 11 5 15 11 6 9 10 9 6 2 6 9 8 11 8 7 11 9 10 9 6 5 8 4 9 9 6 12 11 8 5 8 6 9 7 12 11 7 9 11 9 11 8 8 9 8 8 7 12 9 8 6 4 11 7 8 7 14 9 
13 11 4 12 13 5 10 9 6 12 10 13 6 10 6 10 12 10 9 11 7 13 10 12 10 10 12 10 13 8 4 11 8 8 13 9 12 7 2 13 12 6 11 14 14 10 9 11 9 10 12 11 8 8 7 5 7 8 9 6 7 8 8 12 10 7 13 4 6 11 5 6 9 10 5 9 4 9 5 9 9 6 3 8 9 6 6 8 5 13 6 3 4 12 7 10 6 10 4 7 9 7 9 8 8 10 7 10 10 6 5 9 9 12 7 12 5 2 5 11 12 7 11 13 7 11 6 11 9 7 6 5 11 10 8 10 7 13 9 11 10 11 5 11 4 8 9 12 7 1 8 10 11 13 7 14 10 10 10 2 7 12 7 10 10 13 9 14 8 9 9 9 8 10 7 12 3 9 9 6 6 4 6 9 12 8 3 7 14 7 8 12 6 10 12 11 10 7 10 10 
2 3 3 2 1 1 2 2 2 1 1 2 2 1 2 2 2 2 2 2 3 1 2 3 1 2 2 1 1 3 2 2 1 2 2 3 2 2 3 1 1 2 2 2 2 2 2 3 1 2 2 2 2 2 2 2 2 2 2 1 1 2 0 1 3 3 2 2 3 3 2 1 2 2 3 2 2 3 3 2 2 3 2 2 0 4 2 3 2 2 2 3 1 1 1 2 1 3 3 2 3 1 2 3 2 2 3 2 2 3 1 2 1 2 2 2 2 2 3 3 1 3 2 2 1 2 2 3 2 2 2 2 2 2 2 2 0 2 1 2 3 2 3 2 1 2 3 2 1 3 2 2 2 2 2 3 2 1 2 2 1 1 2 2 1 2 2 3 1 2 2 4 2 1 2 2 2 2 2 2 3 2 2 2 3 3 2 3 2 1 2 1 3 3 2 2 2 2 2 2 
5 5 6 5 6 8 3 6 2 5 8 5 4 9 7 3 6 5 6 7 2 4 6 2 8 7 4 6 6 7 7 8 8 5 5 6 6 3 4 5 5 7 3 8 5 4 4 5 5 6 7 7 5 4 3 5 4 6 6 2 5 5 7 5 2 4 4 3 4 6 4 5 4 5 6 7 6 6 5 6 5 5 4 6 4 5 6 4 4 3 7 5 5 2 6 6 5 7 6 6 2 4 4 6 5 6 4 5 5 4 5 7 5 6 3 3 3 6 6 8 5 5 6 4 6 4 5 4 5 4 4 5 6 8 4 6 3 8 5 5 5 1 7 5 5 4 4 4 4 7 3 4 5 2 5 7 7 1 5 5 7 4 4 6 5 5 5 3 6 4 4 4 5 1 4 5 6 7 6 4 4 6 6 8 5 4 4 8 6 4 7 5 5 9 5 4 5 5 4 6 
1 1 3 3 3 3 3 2 2 3 5 2 2 4 3 2 3 2 4 3 4 3 3 3 3 2 3 1 2 3 3 2 3 4 3 2 5 2 4 3 3 3 4 2 3 4 3 1 3 4 3 4 3 2 4 2 4 3 3 3 3 3 5 2 3 3 2 3 4 2 4 1 3 2 4 2 3 2 2 1 4 4 3 4 3 3 4 3 3 4 2 3 4 3 4 2 3 2 4 3 4 1 3 2 3 5 4 2 4 3 3 3 3 3 3 1 5 4 2 4 2 4 3 4 4 4 1 3 5 2 3 4 4 3 5 3 5 4 4 2 2 5 3 3 4 2 3 3 3 2 3 4 3 3 4 3 4 3 2 2 2 1 2 4 5 3 3 3 4 4 4 3 3 3 2 3 2 4 5 4 3 1 2 3 3 3 3 1 4 4 3 3 3 4 2 5 3 3 3 3 
6 7 7 11 8 9 9 10 6 10 4 8 9 12 11 6 6 8 6 9 10 8 15 11 7 10 11 6 8 11 7 9 7 7 8 7 8 8 6 10 5 8 10 6 10 11 8 4 10 6 7 9 9 5 4 6 10 9 4 9 8 4 7 9 9 6 9 9 9 8 10 5 8 5 7 7 10 9 5 7 4 12 7 6 12 4 9 7 8 4 11 9 5 8 10 9 7 9 10 7 9 10 5 4 4 4 12 7 9 9 7 8 14 7 8 11 5 7 6 6 9 7 7 6 5 3 7 8 12 8 9 7 2 3 7 9 8 5 11 8 5 8 7 8 4 10 8 10 7 7 7 6 10 9 15 9 6 9 9 11 7 8 5 8 4 8 10 3 6 7 5 6 6 7 10 10 10 6 10 8 7 10 6 6 8 2 5 10 9 5 7 9 9 3 7 10 6 6 10 9 
7 9 12 0 9 9 11 9 8 12 12 13 10 10 10 7 11 9 11 6 15 10 5 8 6 10 6 11 6 8 7 13 10 8 9 6 12 7 10 7 12 9 2 10 9 10 5 7 9 10 8 5 11 9 7 12 8 7 9 7 8 7 12 7 6 13 8 9 5 7 9 9 13 10 1 8 14 10 8 3 10 10 7 9 8 13 16 10 12 9 12 12 17 5 9 9 2 8 11 6 8 12 9 11 8 10 8 11 8 7 6 10 12 7 7 0 6 5 13 7 11 7 9 6 7 3 7 13 8 11 11 13 15 9 6 8 9 7 2 12 9 11 7 8 7 10 7 6 9 8 9 15 11 8 12 8 10 8 2 9 13 5 8 7 6 11 8 6 7 13 14 3 13 13 8 9 10 9 17 10 6 3 6 10 14 10 9 12 11 12 8 9 5 8 7 8 10 6 9 12 
11 10 12 9 9 9 5 10 14 10 9 7 14 12 13 12 4 16 11 11 7 16 10 11 6 9 8 10 13 7 9 6 12 10 8 9 7 15 8 13 6 10 8 8 11 8 7 11 13 8 11 5 9 14 13 9 11 7 7 4 14 10 9 8 7 12 12 15 10 5 12 13 9 13 11 10 9 11 14 8 9 12 14 6 8 10 7 11 6 9 8 10 9 12 6 11 10 10 14 13 12 11 7 11 8 8 17 14 11 9 11 10 8 11 11 7 12 14 8 9 7 10 7 14 15 11 11 13 10 7 8 6 4 10 9 9 12 4 10 11 13 12 1 11 8 11 15 5 2 5 13 6 10 16 10 6 9 6 8 19 8 8 10 14 10 10 9 8 11 9 9 11 9 7 15 10 11 9 5 10 6 11 7 11 8 12 12 4 5 9 12 16 6 9 13 8 12 4 15 7 
6 5 4 5 7 4 7 4 3 4 2 2 9 2 6 5 4 5 5 6 4 5 8 5 6 4 4 6 6 6 4 3 5 3 6 3 6 4 5 7 5 5 7 6 4 5 2 5 6 6 5 7 4 7 5 7 5 10 7 5 4 4 5 5 7 8 5 8 4 5 6 5 3 2 4 7 5 5 5 4 1 5 5 6 5 2 4 3 4 6 5 5 5 5 6 3 2 4 3 4 6 2 5 7 7 5 2 4 7 7 8 7 4 6 8 5 3 2 2 4 6 7 6 6 6 7 6 5 6 4 4 3 2 4 6 4 3 6 5 2 6 6 2 6 6 6 5 4 4 7 4 6 3 7 5 6 7 5 6 7 5 4 3 6 3 5 4 5 6 3 4 5 3 3 6 6 4 9 3 8 7 3 5 5 6 8 6 3 4 5 7 8 5 6 6 6 3 6 3 3 
6 6 9 9 12 11 7 7 9 14 10 9 11 7 12 4 7 11 8 10 13 9 8 14 5 13 8 10 9 4 11 5 8 5 7 12 11 6 6 6 14 12 5 4 12 7 7 7 13 9 13 13 9 10 14 14 18 10 7 11 4 11 12 8 11 7 9 12 8 3 11 10 10 10 10 8 11 6 9 14 8 8 10 10 10 10 11 4 12 9 13 5 7 12 14 12 7 7 15 11 14 15 10 15 5 14 11 8 9 8 11 10 8 13 6 16 15 10 15 5 4 17 14 7 11 10 13 9 7 17 8 13 12 10 19 14 10 7 10 12 15 9 13 10 8 15 4 10 10 11 6 5 14 10 13 12 8 6 10 10 8 13 14 8 8 8 14 5 16 10 14 9 11 13 2 10 10 9 8 8 10 11 13 10 10 10 13 8 9 4 15 16 13 8 13 9 14 12 13 6 
1 1 1 2 1 1 1 1 0 1 1 2 1 1 1 0 1 1 1 1 1 1 2 1 1 1 1 1 1 1 1 0 1 0 1 1 1 1 1 1 1 1 1 1 0 1 1 1 1 1 1 1 1 2 1 1 1 1 1 2 1 1 1 1 1 1 1 1 1 1 1 1 1 1 1 1 1 1 1 1 1 1 0 1 1 1 1 1 1 1 1 0 1 1 0 1 1 1 1 0 1 1 1 1 1 1 0 1 1 1 1 1 1 1 1 1 1 1 1 1 1 1 1 1 1 1 1 1 1 1 1 1 1 1 1 1 1 1 1 1 1 0 1 1 1 1 1 1 1 1 1 1 1 0 1 1 1 1 1 1 1 1 1 1 0 1 1 2 1 1 1 1 1 1 2 1 1 1 1 1 1 1 1 1 1 0 1 1 1 1 0 1 0 1 1 1 1 1 1 1 
4 4 4 4 2 3 3 2 3 4 1 3 3 3 3 3 2 4 3 3 3 3 3 3 2 3 4 4 2 2 2 3 1 2 4 1 2 3 3 3 3 4 2 4 1 1 5 4 2 4 4 4 4 4 2 2 2 4 3 3 2 2 3 3 4 4 6 4 3 4 4 3 2 3 1 2 3 3 1 2 3 3 1 5 4 2 3 3 1 5 4 4 3 3 4 3 4 1 2 3 4 3 3 2 4 2 5 2 2 5 2 3 5 4 3 2 3 4 2 3 3 3 2 3 4 3 2 2 3 4 4 2 2 3 3 4 3 3 3 5 3 3 2 3 2 5 2 1 3 3 4 4 3 2 5 4 3 3 3 1 3 2 2 4 3 4 2 4 4 3 4 4 3 2 2 3 3 4 4 5 3 4 3 1 1 2 3 2 4 2 3 2 3 2 4 1 2 2 3 4 
1 1 1 1 1 1 1 1 0 1 1 1 1 1 1 1 1 1 2 1 1 1 1 1 0 1 2 2 1 0 1 1 2 1 2 1 1 1 1 0 1 1 1 1 1 1 1 1 2 0 1 0 1 1 1 1 2 1 1 1 0 0 1 1 1 1 1 1 1 0 1 1 1 1 1 1 1 1 1 1 1 1 1 1 1 1 1 1 1 1 1 1 1 1 1 1 2 1 1 1 1 1 1 1 1 2 1 1 1 1 1 1 1 1 1 1 1 1 1 0 1 1 1 1 2 1 1 1 1 1 1 2 1 1 1 1 1 0 1 1 1 1 1 1 1 1 1 1 1 1 1 0 1 1 1 1 1 1 1 1 1 1 1 1 1 1 1 1 1 1 1 1 1 1 1 1 0 1 1 1 1 0 1 1 1 1 0 1 0 1 0 1 1 1 1 1 0 1 1 1 
4 4 6 4 2 2 2 4 3 4 4 5 3 5 4 2 5 1 4 6 4 5 4 3 4 4 6 3 4 6 4 3 3 1 4 4 5 3 4 4 3 4 4 2 1 3 5 2 7 5 5 2 5 3 4 5 3 3 1 5 5 3 7 4 5 4 6 5 5 3 6 1 2 4 3 4 4 5 3 4 6 4 3 6 4 5 4 3 3 4 5 2 7 4 6 4 4 5 3 4 3 4 0 3 5 4 6 3 6 3 2 5 5 5 6 5 6 3 3 3 2 3 4 3 4 3 3 5 3 4 7 6 3 3 5 3 3 4 4 5 3 3 5 2 1 4 2 6 4 2 2 5 3 4 4 3 2 3 3 2 3 4 6 5 6 4 5 5 6 3 2 6 3 3 3 4 6 3 3 4 4 5 2 5 2 2 5 8 4 5 3 1 4 4 5 3 5 4 6 6 
4 3 5 3 7 7 4 3 5 7 5 5 4 5 5 1 4 5 1 2 4 5 4 5 4 6 5 4 5 5 6 2 5 4 7 6 4 4 6 4 4 7 6 7 7 4 4 4 0 5 4 6 3 7 3 5 4 4 4 4 6 2 8 5 8 5 4 5 5 2 3 5 7 4 6 3 4 8 6 5 5 4 6 3 6 3 5 4 4 4 5 7 5 7 6 3 7 4 4 5 5 5 7 8 6 4 6 3 5 4 4 4 6 7 6 10 6 6 5 3 5 5 7 4 4 5 2 3 8 5 2 3 4 2 3 7 4 2 6 4 7 3 4 3 4 4 7 7 5 7 7 3 2 5 4 4 9 7 5 7 6 7 9 2 4 5 5 5 4 7 7 8 6 5 4 8 6 7 7 7 6 6 5 7 5 6 5 5 5 1 6 9 3 5 8 5 3 2 5 5 
3 2 2 3 2 2 2 2 2 2 2 2 2 2 2 1 3 1 1 1 1 3 2 2 2 1 2 1 2 3 2 1 2 2 2 2 1 2 3 2 2 2 2 1 4 3 2 2 2 2 2 1 1 2 3 3 2 2 2 2 2 2 2 1 3 3 2 2 2 1 1 2 3 2 3 2 1 2 3 2 2 2 2 1 2 3 2 2 1 1 1 3 2 1 2 2 3 1 1 1 1 1 2 1 2 3 2 3 2 2 2 2 1 2 2 2 1 1 2 1 2 2 3 2 2 2 3 3 2 1 2 2 2 2 3 2 2 3 1 2 2 2 2 2 3 2 3 2 2 1 3 2 2 2 3 2 3 1 2 3 1 2 3 2 2 2 2 2 2 2 1 1 1 1 2 3 2 2 2 2 3 3 1 2 1 1 1 3 1 1 2 2 1 1 2 3 3 2 3 2 
4 7 7 5 4 4 5 4 6 6 4 6 3 3 1 6 6 3 6 4 9 5 5 4 4 7 1 5 5 4 3 6 3 5 7 3 5 4 6 5 6 4 7 4 5 5 3 6 6 6 4 8 3 5 4 4 6 5 4 6 0 6 4 3 5 4 10 5 4 5 8 4 7 5 0 5 5 4 7 4 9 5 8 4 8 8 7 5 5 5 3 6 5 5 7 3 0 6 5 3 3 7 5 6 5 6 6 6 4 8 4 3 3 5 5 4 4 8 5 2 9 3 8 4 5 4 3 8 3 6 4 5 8 6 5 5 3 2 5 7 6 3 5 8 8 3 7 2 4 5 6 6 7 2 5 5 5 4 2 4 3 5 6 4 3 7 6 3 5 5 4 5 5 6 4 6 4 5 6 4 4 3 4 6 9 4 5 3 6 3 7 5 8 5 5 5 2 4 6 6 
1 1 5 4 3 3 4 4 4 3 3 3 3 2 2 3 2 4 3 4 4 3 1 1 2 2 3 3 4 3 3 4 4 6 3 5 3 3 5 1 4 2 4 2 2 4 4 3 1 4 3 2 5 5 2 2 2 4 3 3 4 3 1 3 5 2 4 4 4 3 3 4 3 3 3 4 5 3 4 2 4 5 2 3 2 3 2 5 4 3 3 4 3 2 0 3 2 2 3 3 2 2 2 4 2 3 2 3 2 3 2 4 3 1 4 2 3 4 4 3 4 1 3 4 3 3 3 1 2 2 5 4 2 5 3 4 2 4 2 3 4 3 3 4 3 3 2 2 3 4 4 3 3 3 5 2 4 3 3 5 3 2 3 4 2 4 3 2 2 2 3 2 3 4 2 4 3 6 1 3 4 4 3 3 2 1 3 4 4 3 2 3 4 2 5 3 2 4 2 3 
3 2 2 1 1 2 1 3 1 2 1 2 2 2 2 1 3 1 1 2 2 3 2 2 2 2 4 3 1 1 2 2 2 1 1 2 2 2 2 3 2 2 3 2 1 2 2 1 3 2 2 2 2 2 1 2 2 1 3 3 2 2 2 4 2 3 3 4 2 2 3 2 2 1 2 1 2 1 2 0 2 2 2 1 3 2 2 1 2 3 2 2 2 1 1 2 1 1 3 2 1 1 3 3 3 2 2 2 2 2 2 2 3 1 1 2 2 2 2 2 2 2 0 3 3 0 2 2 2 3 2 2 2 1 1 1 3 2 2 1 2 2 1 2 2 2 2 3 2 2 3 1 2 3 3 1 2 3 1 2 2 2 3 3 2 2 2 2 1 2 2 2 3 2 1 2 1 3 2 2 3 2 3 2 2 2 2 4 2 2 1 1 2 2 2 2 2 2 1 2 
