NAME  : Jabali_60_2_0.93_1_0
TYPE : SVRP
MODEL : FINITE_SUPPORT
NUMBER_OF_SCENARIOS : 200
DIMENSION : 60
EDGE_WEIGHT_TYPE : MATRIX
CAPACITY : 177
N_VEHICLES : 2
NODE_COORD_SECTION
1 4442 4445
2 7715 5031
3 2618 5953
4 4238 6322
5 2320 4451
6 2464 1124
7 1719 4088
8 4642 1846
9 27 5238
10 7672 3763
11 4884 2392
12 1705 3127
13 932 4024
14 4818 748
15 5480 7226
16 1525 4202
17 2263 7369
18 4678 8696
19 1416 2486
20 8356 3346
21 3132 8043
22 9128 3812
23 3659 7195
24 4209 5318
25 6589 7074
26 4636 2627
27 6800 5724
28 4639 18
29 2777 2942
30 2559 7649
31 5534 8445
32 6990 2185
33 1506 6238
34 2908 970
35 3841 5729
36 8458 3159
37 3608 4104
38 5726 5070
39 5629 6224
40 2834 4983
41 4847 4475
42 1370 6658
43 3035 1817
44 439 3495
45 5549 5430
46 4211 758
47 3633 3971
48 5837 3848
49 5589 2807
50 1795 1420
51 7983 5252
52 5248 1071
53 5676 1410
54 1477 3004
55 3657 6446
56 6500 3027
57 1845 5121
58 820 2998
59 3198 7578
60 4065 4233
DEMAND_SECTION
1 0.0
2 8.0
3 4.0
4 9.0
5 2.0
6 10.0
7 10.0
8 9.0
9 7.0
10 3.0
11 1.0
12 7.0
13 5.0
14 8.0
15 4.0
16 9.0
17 7.0
18 6.0
19 2.0
20 3.0
21 7.0
22 4.0
23 7.0
24 7.0
25 6.0
26 3.0
27 4.0
28 7.0
29 10.0
30 4.0
31 1.0
32 7.0
33 7.0
34 2.0
35 10.0
36 4.0
37 1.0
38 9.0
39 3.0
40 7.0
41 3.0
42 5.0
43 2.0
44 8.0
45 6.0
46 1.0
47 1.0
48 9.0
49 8.0
50 2.0
51 7.0
52 6.0
53 2.0
54 7.0
55 8.0
56 4.0
57 3.0
58 5.0
59 7.0
60 10.0
DEVIATION_SECTION
1 0.0
2 2.66667
3 1.33333
4 3.0
5 0.666667
6 3.33333
7 3.33333
8 3.0
9 2.33333
10 1.0
11 0.333333
12 2.33333
13 1.66667
14 2.66667
15 1.33333
16 3.0
17 2.33333
18 2.0
19 0.666667
20 1.0
21 2.33333
22 1.33333
23 2.33333
24 2.33333
25 2.0
26 1.0
27 1.33333
28 2.33333
29 3.33333
30 1.33333
31 0.333333
32 2.33333
33 2.33333
34 0.666667
35 3.33333
36 1.33333
37 0.333333
38 3.0
39 1.0
40 2.33333
41 1.0
42 1.66667
43 0.666667
44 2.66667
45 2.0
46 0.333333
47 0.333333
48 3.0
49 2.66667
50 0.666667
51 2.33333
52 2.0
53 0.666667
54 2.33333
55 2.66667
56 1.33333
57 1.0
58 1.66667
59 2.33333
60 3.33333
DISTANCE_MATRIX
0.0 48.8365 32.3883 29.7551 28.3196 52.1533 36.6197 38.4868 60.3075 44.8219 31.6751 48.3239 46.3257 53.6656 41.0156 38.6005 50.1597 61.2015 47.1308 55.2178 52.2015 63.6703 39.5245 13.6015 45.1386 28.2419 35.0384 62.98 29.6515 50.8035 57.9183 45.7056 47.1275 52.4539 19.6977 56.8595 11.5432 19.4165 28.2354 22.8254 5.0 51.4198 41.0551 54.0393 19.0499 53.5816 11.7522 20.1246 28.3607 52.7422 51.0 50.9587 43.9013 46.4486 29.7321 33.2415 36.0555 53.0776 46.4866 5.47214 
48.8365 0.0 69.82 49.6488 74.9113 86.412 83.6952 56.5901 105.884 17.2047 50.2788 96.9001 93.521 67.3573 41.1947 85.5418 78.721 63.0317 94.9217 24.7386 72.8011 25.7099 61.0983 50.4461 30.5941 51.5067 14.8661 76.896 77.8141 76.6942 53.6004 38.4187 84.8403 82.5013 59.7782 26.6833 60.1194 31.4008 32.311 67.685 43.9375 86.9566 76.6389 102.616 29.563 71.8053 60.3285 30.5966 48.3556 94.0373 4.0 60.7454 54.231 95.0248 56.4358 31.0161 81.126 101.654 68.9493 54.0484 
32.3883 69.82 0.0 20.2476 20.6155 65.6675 27.313 62.3699 36.7696 74.7532 56.4358 40.0374 34.7131 77.1927 40.8044 27.5136 20.1246 46.0977 47.845 85.4656 28.6007 94.4094 21.3776 24.6982 54.1295 52.6118 55.3291 85.1037 40.8044 22.8035 51.0 78.0897 15.8114 67.424 19.105 87.2544 29.6142 45.6988 38.7961 13.4164 36.1386 19.3132 56.6039 44.1475 41.2044 74.0945 28.6356 51.923 60.0093 63.8635 71.9277 75.3127 74.3303 41.1656 15.5242 65.5134 15.1327 44.7772 23.3238 30.0 
29.7551 49.6488 20.2476 0.0 34.5369 74.1231 43.2383 63.6917 56.9246 58.137 56.8799 55.7244 52.1335 78.8705 24.0 44.1356 30.5941 37.2022 63.532 68.8664 30.0832 74.314 17.088 17.1615 35.7351 53.4467 35.4683 88.1503 49.6094 30.0167 37.9473 65.0308 35.2679 74.9609 10.2059 70.6869 33.1231 25.632 19.4165 24.5192 31.5822 37.5447 63.5874 61.1582 21.0238 78.7519 32.4074 38.0132 57.9248 73.5649 52.0096 76.1635 73.4654 56.8526 8.0 52.0096 33.7373 60.4781 24.5153 30.1999 
28.3196 74.9113 20.6155 34.5369 0.0 46.3402 9.21954 48.0937 32.45 72.9599 43.9318 21.4516 18.9737 61.2046 55.7318 10.7703 39.8246 65.192 29.2592 83.2447 49.2037 91.9239 40.7185 30.0832 68.4927 39.8121 61.549 68.2495 21.5407 43.1393 68.2495 70.3269 26.9258 48.1016 29.0172 84.8446 18.868 46.2809 53.0854 10.0499 33.3017 32.28 37.6962 27.1662 45.5604 57.0701 18.0278 47.8954 50.3847 45.2777 77.5106 61.0328 61.6604 22.5798 32.28 60.4422 11.0454 26.2054 43.8292 23.3452 
52.1533 86.412 65.6675 74.1231 46.3402 0.0 42.6453 31.0161 64.4981 76.9554 36.4078 29.9666 43.7379 31.8904 92.8498 44.0114 85.6109 105.847 23.3452 83.4865 93.4406 95.2103 82.9759 62.1772 96.1889 37.8935 86.7964 32.6956 24.8658 88.4615 107.855 61.2699 71.4635 5.83095 65.7343 84.1546 41.6773 71.4509 80.0695 52.5013 57.1152 76.7416 12.1655 40.0125 70.7029 24.2074 42.19 58.2449 50.6434 9.84886 90.3569 36.8782 42.4382 28.7924 73.2462 57.7235 56.0971 32.0156 87.7434 46.7225 
36.6197 83.6952 27.313 43.2383 9.21954 42.6453 0.0 51.4198 26.5707 81.1208 48.7458 12.816 9.84886 63.1269 64.4332 2.23607 44.6878 73.0821 20.6155 91.4055 55.5698 100.085 48.3839 39.2938 77.1941 44.6238 70.3329 69.1221 22.0227 48.6004 76.7919 76.1577 28.8444 46.3364 38.1182 93.0054 26.1725 55.0648 61.7868 19.0263 41.6173 34.1321 37.6358 18.0278 54.3443 58.0345 25.4951 56.0562 56.2494 36.6197 86.2945 63.9531 65.5957 13.8924 40.6079 66.6506 13.4536 17.4642 50.5371 31.4006 
38.4868 56.5901 62.3699 63.6917 48.0937 31.0161 51.4198 0.0 77.8981 46.3897 7.81025 41.5197 58.2612 15.2643 72.2917 53.6004 82.0061 93.4079 42.2019 52.4976 85.9069 64.2884 73.461 49.0147 73.481 10.2956 62.7497 24.8395 30.0832 83.4865 89.246 30.5287 74.108 26.6833 54.0147 53.1413 32.7567 44.8586 58.7918 49.4975 36.268 79.2275 21.4009 59.1692 48.1794 16.1245 33.7343 29.1548 21.6525 38.5876 60.535 13.0384 14.3178 42.4958 63.5443 27.1662 59.0339 51.3128 80.1124 33.6155 
60.3075 105.884 36.7696 56.9246 32.45 64.4981 26.5707 77.8981 0.0 105.119 75.1963 37.3363 21.0 88.955 77.4919 24.3516 43.1856 79.1012 41.1947 115.426 57.0789 123.962 55.9017 58.6003 90.8735 71.0743 91.4831 94.1329 48.298 48.1664 86.1452 102.421 25.02 69.1809 54.7083 117.026 51.3128 77.2534 75.4731 38.2099 65.192 27.2947 62.1289 25.632 76.533 83.2947 50.4777 80.0765 82.4788 56.2939 108.483 90.3536 92.0926 37.054 52.2015 92.88 24.8395 32.7567 54.037 55.6058 
44.8219 17.2047 74.7532 58.137 72.9599 76.9554 81.1208 46.3897 105.119 0.0 41.4849 85.4476 90.8022 54.4518 55.3263 83.1236 88.6877 77.9295 87.1059 10.7703 84.5931 19.4165 72.0069 50.87 46.8188 43.6578 28.4429 63.3482 69.9983 87.1729 69.3758 22.3607 90.3617 72.9932 68.342 12.6491 55.9894 32.7537 44.0454 67.424 40.0 94.0556 66.5952 101.624 38.6728 60.0333 56.1984 25.4951 40.5398 83.9936 19.799 47.5184 40.6079 86.4237 65.8966 19.2354 80.8022 95.5366 80.0625 49.9183 
31.6751 50.2788 56.4358 56.8799 43.9318 36.4078 48.7458 7.81025 75.1963 41.4849 0.0 45.2201 57.7914 22.8035 64.8854 50.9815 75.71 86.0016 46.1492 48.7545 79.0971 60.1664 66.6492 42.2029 66.0747 4.12311 55.3434 32.5576 33.6376 76.922 81.8397 29.0 69.029 32.4971 47.2029 49.6488 27.0185 37.4524 51.3855 44.0114 28.8617 74.0 26.0476 62.9284 40.7731 23.8537 28.0179 21.8477 14.2462 43.446 54.2237 19.3132 18.0 46.1962 56.7326 22.4722 54.5894 55.1508 73.3007 26.9258 
48.3239 96.9001 40.0374 55.7244 21.4516 29.9666 12.816 41.5197 37.3363 85.4476 45.2201 0.0 16.7631 51.6236 76.9192 14.3178 57.4995 85.7321 9.84886 93.6277 68.3403 104.573 61.0505 51.4267 92.2617 45.1762 82.1615 57.0 16.9472 61.4018 89.4562 76.744 41.6342 33.5261 50.453 94.7369 37.6506 67.6214 75.3585 31.4018 53.2857 46.9123 25.02 19.105 66.173 46.0435 37.0143 67.7054 56.9077 24.7588 100.845 53.1914 55.827 3.0 53.175 67.3089 26.2678 13.0 63.2862 43.0245 
46.3257 93.521 34.7131 52.1335 18.9737 43.7379 9.84886 58.2612 21.0 90.8022 57.7914 16.7631 0.0 68.2495 73.3284 8.24621 49.7393 80.8084 20.3961 101.087 61.8466 109.766 56.0892 49.0408 86.0893 53.6694 80.1586 73.171 33.6888 54.1202 85.2877 85.2372 32.0156 48.2597 47.5184 103.23 35.6828 64.8906 70.682 28.4429 51.3148 36.7967 41.1947 9.48683 64.1701 62.3939 35.0465 65.7377 65.401 36.0555 96.1202 69.9329 72.5685 16.1245 49.0918 75.8022 19.6469 13.0384 57.2451 41.0568 
53.6656 67.3573 77.1927 78.8705 61.2046 31.8904 63.1269 15.2643 88.955 54.4518 22.8035 51.6236 68.2495 0.0 86.3713 65.192 97.0087 107.488 49.98 58.0775 101.081 70.1142 88.6398 64.1935 87.5506 25.5539 71.5125 10.0 41.1096 98.5421 103.326 34.1321 87.8237 26.1725 69.1935 58.2151 47.7214 58.8982 72.8714 63.8789 50.3477 93.0591 27.5136 67.6757 62.259 7.81025 48.6944 42.4382 35.7321 41.4005 71.1688 7.0 14.0 52.1728 78.7231 36.4005 72.2496 59.4643 95.2772 48.7592 
41.0156 41.1947 40.8044 24.0 55.7318 92.8498 64.4332 72.2917 77.4919 55.3263 64.8854 76.9192 73.3284 86.3713 0.0 65.3305 42.4264 22.8035 84.7269 65.0308 33.121 66.7533 24.0832 38.3564 14.8661 65.8588 27.0185 96.3381 70.8042 39.0512 16.9706 70.4513 54.1202 93.1503 31.4007 67.0298 52.2396 28.3019 13.6015 45.7141 37.8466 54.9181 81.7515 82.3531 24.2074 88.404 53.6022 45.4863 62.6392 94.7597 41.7732 81.5659 77.201 78.0474 25.2982 57.8636 54.9181 81.673 30.6105 46.1686 
38.6005 85.5418 27.5136 44.1356 10.7703 44.0114 2.23607 53.6004 24.3516 83.1236 50.9815 14.3178 8.24621 65.192 65.3305 0.0 44.2041 73.4983 21.6333 93.4083 55.4707 102.088 48.7647 40.8044 78.0914 46.8595 72.1795 71.0634 24.0832 48.2597 77.5242 78.3901 27.8029 47.8017 39.3192 95.0082 28.2843 56.9114 62.6841 20.2237 43.6005 33.0151 39.2046 17.0294 56.191 60.0083 27.5862 58.059 58.4786 37.7359 88.1411 66.0984 67.7832 15.2315 41.3038 68.8798 13.0384 17.4929 50.5668 33.4215 
50.1597 78.721 20.1246 30.5941 39.8246 85.6109 44.6878 82.0061 43.1856 88.6877 75.71 57.4995 49.7393 97.0087 42.4264 44.2041 0.0 36.8782 65.3071 99.239 14.0357 104.0 18.4391 39.2046 57.28 72.0347 63.9531 105.166 60.7454 5.0 45.6946 95.0842 18.6815 87.3723 32.249 101.238 49.3356 56.0446 46.5296 33.541 53.0 16.0 76.6616 59.0593 51.2445 94.1585 48.3839 68.1836 78.4431 81.3256 80.5295 94.8314 93.3809 58.6277 22.8035 82.1523 31.241 61.6117 12.53 48.8365 
61.2015 63.0317 46.0977 37.2022 65.192 105.847 73.0821 93.4079 79.1012 77.9295 86.0016 85.7321 80.8084 107.488 22.8035 73.4983 36.8782 0.0 93.5397 87.367 23.0868 88.0909 24.7386 48.8853 33.2415 86.9749 49.4975 117.454 81.3332 32.0156 11.6619 92.8221 54.0833 106.685 41.9297 89.3588 64.8469 50.5668 35.8469 55.5428 58.0325 52.6118 95.3112 90.2441 46.0652 109.52 64.1312 67.5352 83.7554 105.215 63.0317 102.666 98.7927 86.8603 33.1059 80.2309 61.1882 90.4858 25.0799 61.9237 
47.1308 94.9217 47.845 63.532 29.2592 23.3452 20.6155 42.2019 41.1947 87.1059 46.1492 9.84886 20.3961 49.98 84.7269 21.6333 65.3071 93.5397 0.0 95.2861 76.1479 106.232 68.8581 56.7852 91.9502 47.6349 81.85 53.7587 18.6056 69.2094 97.2639 72.0271 49.4065 28.0179 58.2606 95.4211 36.1896 66.4284 75.047 39.2094 52.0926 54.6443 22.4722 17.72 65.8615 43.4166 36.5407 66.1675 58.5661 16.1245 98.8666 52.7731 56.3028 7.2111 60.9826 68.5138 34.0754 9.48683 71.0939 41.6833 
55.2178 24.7386 85.4656 68.8664 83.2447 83.4865 91.4055 52.4976 115.426 10.7703 48.7545 93.6277 101.087 58.0775 65.0308 93.4083 99.239 87.367 95.2861 0.0 95.0368 12.0416 82.5651 61.5995 55.3173 51.4782 38.0132 66.0681 78.1785 97.7601 78.2624 24.0 101.074 79.1202 79.0714 2.0 66.2741 43.4832 54.3323 77.9359 50.4777 104.768 73.2114 109.804 49.26 64.4981 66.4832 35.4683 48.72 90.6097 26.0 51.0882 44.1022 94.6039 76.5608 26.4197 91.2634 103.717 90.6091 60.203 
52.2015 72.8011 28.6007 30.0832 49.2037 93.4406 55.5698 85.9069 57.0789 84.5931 79.0971 68.3403 61.8466 101.081 33.121 55.4707 14.0357 23.0868 76.1479 95.0368 0.0 98.4937 13.1529 39.6091 47.7074 75.6639 57.9741 110.395 68.6222 9.05539 32.7567 94.5304 32.249 95.0158 32.6534 97.0155 54.3783 53.0094 40.7922 41.0122 54.0297 30.0167 83.8689 71.3092 48.0104 100.122 53.535 67.6018 80.3723 92.1664 74.0 98.3807 95.913 69.4685 22.4722 81.4985 42.4853 72.9452 5.83095 52.3259 
63.6703 25.7099 94.4094 74.314 91.9239 95.2103 100.085 64.2884 123.962 19.4165 60.1664 104.573 109.766 70.1142 66.7533 102.088 104.0 88.0909 106.232 12.0416 98.4937 0.0 86.6487 75.0356 55.0 62.6498 40.5216 78.0256 89.1241 102.181 78.0256 36.0139 109.43 90.956 84.3676 12.0416 74.9533 55.9902 57.8705 86.1127 58.7713 111.706 84.8691 120.75 54.1525 76.531 75.1624 44.8219 59.6656 102.267 25.0799 63.1269 56.1427 105.55 81.4371 37.6962 99.5232 114.662 94.5569 68.8823 
39.5245 61.0983 21.3776 17.088 40.7185 82.9759 48.3839 73.461 55.9017 72.0069 66.6492 61.0505 56.0892 88.6398 24.0832 48.7647 18.4391 24.7386 68.8581 82.5651 13.1529 86.6487 0.0 26.9308 38.8973 63.216 46.2385 97.9136 58.258 15.6525 30.2655 81.3941 31.3209 84.1487 19.9752 84.5281 42.638 40.1123 28.7924 31.3847 41.3515 31.305 72.8354 65.5134 35.1283 88.5152 41.8688 54.4518 67.6941 82.3326 62.6498 85.9329 83.2348 62.1787 10.0 68.3593 36.4966 65.7875 8.06226 39.9625 
13.6015 50.4461 24.6982 17.1615 30.0832 62.1772 39.2938 49.0147 58.6003 50.87 42.2029 51.4267 49.0408 64.1935 38.3564 40.8044 39.2046 48.8853 56.7852 61.5995 39.6091 75.0356 26.9308 0.0 47.184 38.7697 36.0454 73.5079 38.8973 39.0128 50.8934 56.0 40.4969 62.4904 7.0 63.4199 20.6155 21.8157 30.2807 21.0238 14.5602 43.8292 51.0916 57.1422 21.0952 64.1094 20.2485 29.0172 41.1141 62.4007 53.0454 60.1141 56.6548 52.555 17.1615 43.0116 33.8378 56.1805 33.919 15.8114 
45.1386 30.5941 54.1295 35.7351 68.4927 96.1889 77.1941 73.481 90.8735 46.8188 66.0747 92.2617 86.0893 87.5506 14.8661 78.0914 57.28 33.2415 91.9502 55.3173 47.7074 55.0 38.8973 47.184 0.0 67.048 19.4165 97.5261 74.4709 53.9073 23.0868 64.8999 68.2642 96.4895 44.1616 57.2713 56.3626 28.7697 18.0 58.4749 41.7612 69.4046 85.0907 95.1139 26.2488 89.5933 56.5347 45.9733 63.8285 97.5616 30.0666 82.4639 77.8068 90.6559 38.9487 54.9254 67.6931 97.0155 45.4533 50.2916 
28.2419 51.5067 52.6118 53.4467 39.8121 37.8935 44.6238 10.2956 71.0743 43.6578 4.12311 45.1762 53.6694 25.5539 65.8588 46.8595 72.0347 86.9749 47.6349 51.4782 75.6639 62.6498 63.216 38.7697 67.048 0.0 56.3167 35.0 35.1233 73.3757 82.813 32.6497 65.0077 33.9828 43.7697 52.4786 23.0868 38.4257 52.3589 40.05 29.8351 70.0071 27.5333 61.3526 41.7465 25.6147 24.0832 22.821 15.2195 44.9317 55.4516 22.8035 22.0227 46.1523 53.2994 25.0599 50.4876 56.6365 69.8675 23.4094 
35.0384 14.8661 55.3291 35.4683 61.549 86.7964 70.3329 62.7497 91.4831 28.4429 55.3434 82.1615 80.1586 71.5125 27.0185 72.1795 63.9531 49.4975 81.85 38.0132 57.9741 40.5216 46.2385 36.0454 19.4165 56.3167 0.0 81.1746 64.2946 61.8466 41.1096 45.4873 70.3494 87.097 45.2874 40.0125 46.2624 18.0384 17.4642 54.3227 31.2867 72.6261 75.6981 87.877 16.2007 78.8619 46.4345 35.242 53.0972 87.3853 16.6433 65.0257 58.7192 80.5557 41.8808 35.5128 66.7253 86.9153 54.0833 40.1152 
62.98 76.896 85.1037 88.1503 68.2495 32.6956 69.1221 24.8395 94.1329 63.3482 32.5576 57.0 73.171 10.0 96.3381 71.0634 105.166 117.454 53.7587 66.0681 110.395 78.0256 97.9136 73.5079 97.5261 35.0 81.1746 0.0 47.2652 107.295 113.292 42.107 95.1262 26.9258 78.5079 66.0076 57.3055 68.884 82.8382 71.7844 60.3144 100.439 32.0156 71.3863 72.2258 11.1803 57.9227 52.4309 45.6989 42.5441 80.6536 16.1555 22.8035 57.0789 88.0306 45.8803 79.2465 63.1506 104.592 58.0736 
29.6515 77.8141 40.8044 49.6094 21.5407 24.8658 22.0227 30.0832 48.298 69.9983 33.6376 16.9472 33.6888 41.1096 70.8042 24.0832 60.7454 81.3332 18.6056 78.1785 68.6222 89.1241 58.258 38.8973 74.4709 35.1233 64.2946 47.2652 0.0 63.6003 83.3412 59.5155 48.3839 26.6273 41.5933 79.2877 18.4391 48.9491 57.5677 27.6586 34.6133 53.7587 16.1555 34.67 48.3822 36.1248 18.6815 49.0599 41.4585 24.2211 81.759 42.2019 44.3847 17.9234 48.6004 51.4062 32.28 27.0363 62.9365 24.1868 
50.8035 76.6942 22.8035 30.0167 43.1393 88.4615 48.6004 83.4865 48.1664 87.1729 76.922 61.4018 54.1202 98.5421 39.0512 48.2597 5.0 32.0156 69.2094 97.7601 9.05539 102.181 15.6525 39.0128 53.9073 73.3757 61.8466 107.295 63.6003 0.0 41.1461 95.0053 23.5372 90.2109 32.0156 99.7144 51.0784 54.9181 44.3847 36.0555 53.2353 21.0 79.3221 63.5059 50.01 96.288 50.1597 68.0 79.1642 85.2278 78.2943 96.1665 94.4506 62.53 22.0227 82.0 35.2278 65.7343 8.48528 50.0 
57.9183 53.6004 51.0 37.9473 68.2495 107.855 76.7919 89.246 86.1452 69.3758 81.8397 89.4562 85.2877 103.326 16.9706 77.5242 45.6946 11.6619 97.2639 78.2624 32.7567 78.0256 30.2655 50.8934 23.0868 82.813 41.1096 113.292 83.3412 41.1461 0.0 86.165 61.3922 110.053 43.9377 80.2309 66.855 45.0 30.4795 58.2495 54.7493 60.7289 98.6542 94.5304 41.1096 105.358 66.1393 62.2013 79.5935 107.297 53.1507 98.4937 94.0213 90.5845 36.2215 74.5398 66.0303 94.0849 33.2415 63.0712 
45.7056 38.4187 78.0897 65.0308 70.3269 61.2699 76.1577 30.5287 102.421 22.3607 29.0 76.744 85.2372 34.1321 70.4513 78.3901 95.0842 92.8221 72.0271 24.0 94.5304 36.0139 81.3941 56.0 64.8999 32.6497 45.4873 42.107 59.5155 95.0053 86.165 0.0 92.6499 56.4624 63.0 24.0832 51.9038 42.45 56.9763 67.8209 42.19 97.0824 51.8652 92.9205 47.2969 40.7922 52.8681 27.0185 31.9422 69.1158 41.6173 27.1662 20.2237 77.7201 73.0274 13.0384 80.3481 81.0287 89.2749 49.5077 
47.1275 84.8403 15.8114 35.2679 26.9258 71.4635 28.8444 74.108 25.02 90.3617 69.029 41.6342 32.0156 87.8237 54.1202 27.8029 18.6815 54.0833 49.4065 101.074 32.249 109.43 31.3209 40.4969 68.2642 65.0077 70.3494 95.1262 48.3839 23.5372 61.3922 92.6499 0.0 74.8869 34.8281 102.859 42.107 61.3074 53.8145 25.1794 51.264 5.38516 64.5136 41.0488 56.2247 83.9524 41.1096 67.0671 73.7422 65.4599 86.948 87.1438 87.023 42.7624 29.4109 80.3617 16.1555 44.5533 29.0172 43.9318 
52.4539 82.5013 67.424 74.9609 48.1016 5.83095 46.3364 26.6833 69.1809 72.9932 32.4971 33.5261 48.2597 26.1725 93.1503 47.8017 87.3723 106.685 28.0179 79.1202 95.0158 90.956 84.1487 62.4904 96.4895 33.9828 87.097 26.9258 26.6273 90.2109 110.053 56.4624 74.8869 0.0 66.2193 79.6994 42.0119 71.7515 80.3701 54.2033 57.4158 80.2668 11.4018 45.1774 71.0035 18.4391 42.638 54.3342 46.7327 15.6525 86.4462 31.4006 37.2156 32.7567 74.2765 53.7587 58.7569 37.054 89.2749 47.023 
19.6977 59.7782 19.105 10.2059 29.0172 65.7343 38.1182 54.0147 54.7083 68.342 47.2029 50.453 47.5184 69.1935 31.4007 39.3192 32.249 41.9297 58.2606 79.0714 32.6534 84.3676 19.9752 7.0 44.1616 43.7697 45.2874 78.5079 41.5933 32.0156 43.9377 63.0 34.8281 66.2193 0.0 80.8919 24.2074 35.8149 28.7543 19.105 21.3776 37.7359 54.8179 56.1427 31.1626 68.9122 23.6008 36.0139 47.7612 65.3928 61.886 66.4866 63.3019 51.5812 10.2059 50.01 30.4631 55.2067 26.9634 20.6155 
56.8595 26.6833 87.2544 70.6869 84.8446 84.1546 93.0054 53.1413 117.026 12.6491 49.6488 94.7369 103.23 58.2151 67.0298 95.0082 101.238 89.3588 95.4211 2.0 97.0155 12.0416 84.5281 63.4199 57.2713 52.4786 40.0125 66.0076 79.2877 99.7144 80.2309 24.0832 102.859 79.6994 80.8919 0.0 67.874 45.3036 56.3205 79.6116 52.1536 106.557 73.9541 110.913 51.2143 64.7765 68.0831 37.0135 49.8292 91.3524 27.8568 51.2445 44.2832 95.7131 78.4465 27.4591 92.9139 104.826 92.5743 61.803 
11.5432 60.1194 29.6142 33.1231 18.868 41.6773 26.1725 32.7567 51.3128 55.9894 27.0185 37.6506 35.6828 47.7214 52.2396 28.2843 49.3356 64.8469 36.1896 66.2741 54.3783 74.9533 42.638 20.6155 56.3626 23.0868 46.2624 57.3055 18.4391 51.0784 66.855 51.9038 42.107 42.0119 24.2074 67.874 0.0 30.8408 39.4594 17.0 16.505 47.0106 30.6105 43.3661 30.2739 46.2985 1.0 30.9248 31.9615 41.8051 62.224 45.7056 45.0111 35.5074 32.6497 43.4716 28.4605 42.4043 48.5489 6.08276 
19.4165 31.4008 45.6988 25.632 46.2809 71.4509 55.0648 44.8586 77.2534 32.7537 37.4524 67.6214 64.8906 58.8982 28.3019 56.9114 56.0446 50.5668 66.4284 43.4832 53.0094 55.9902 40.1123 21.8157 28.7697 38.4257 18.0384 68.884 48.9491 54.9181 45.0 42.45 61.3074 71.7515 35.8149 45.3036 30.8408 0.0 14.7648 39.0546 15.0333 63.1537 60.3527 72.5789 5.0 60.9709 31.0483 17.2047 35.2062 72.0398 34.0 53.7401 49.0408 65.7462 33.2415 29.7321 52.4956 71.6172 48.1664 24.7697 
28.2354 32.311 38.7961 19.4165 53.0854 80.0695 61.7868 58.7918 75.4731 44.0454 51.3855 75.3585 70.682 72.8714 13.6015 62.6841 46.5296 35.8469 75.047 54.3323 40.7922 57.8705 28.7924 30.2807 18.0 52.3589 17.4642 82.8382 57.5677 44.3847 30.4795 56.9763 53.8145 80.3701 28.7543 56.3205 39.4594 14.7648 0.0 43.0676 25.0599 55.9017 68.9713 81.074 10.6301 74.9041 39.6315 31.9061 49.1393 80.6584 34.0 68.0147 63.6003 73.7527 24.8395 44.3847 52.2858 80.1122 36.6879 33.3883 
22.8254 67.685 13.4164 24.5192 10.0499 52.5013 19.0263 49.4975 38.2099 67.424 44.0114 31.4018 28.4429 63.8789 45.7141 20.2237 33.541 55.5428 39.2094 77.9359 41.0122 86.1127 31.3847 21.0238 58.4749 40.05 54.3227 71.7844 27.6586 36.0555 58.2495 67.8209 25.1794 54.2033 19.105 79.6116 17.0 39.0546 43.0676 0.0 27.4591 30.0167 43.2666 37.054 38.3341 60.7454 16.0 42.9418 48.5793 51.8565 70.2843 62.514 62.0081 32.53 22.4722 55.7138 13.4536 36.1555 35.3836 18.9737 
5.0 43.9375 36.1386 31.5822 33.3017 57.1152 41.6173 36.268 65.192 40.0 28.8617 53.2857 51.3148 50.3477 37.8466 43.6005 53.0 58.0325 52.0926 50.4777 54.0297 58.7713 41.3515 14.5602 41.7612 29.8351 31.2867 60.3144 34.6133 53.2353 54.7493 42.19 51.264 57.4158 21.3776 52.1536 16.505 15.0333 25.0599 27.4591 0.0 55.3624 46.0169 59.0012 15.5242 58.5434 16.7141 15.8114 26.6155 57.7041 47.2483 45.6155 42.1545 51.4104 31.5822 29.4279 40.8044 58.0394 48.3397 10.434 
51.4198 86.9566 19.3132 37.5447 32.28 76.7416 34.1321 79.2275 27.2947 94.0556 74.0 46.9123 36.7967 93.0591 54.9181 33.0151 16.0 52.6118 54.6443 104.768 30.0167 111.706 31.305 43.8292 69.4046 70.0071 72.6261 100.439 53.7587 21.0 60.7289 97.0824 5.38516 80.2668 37.7359 106.557 47.0106 63.1537 55.9017 30.0167 55.3624 0.0 69.8928 45.607 58.5014 89.2693 46.0109 71.1688 78.4431 70.7248 89.2248 92.2659 92.0 48.0405 31.1127 84.6463 21.5407 49.5177 27.6586 48.5077 
41.0551 76.6389 56.6039 63.5874 37.6962 12.1655 37.6358 21.4009 62.1289 66.5952 26.0476 25.02 41.1947 27.5136 81.7515 39.2046 76.6616 95.3112 22.4722 73.2114 83.8689 84.8691 72.8354 51.0916 85.0907 27.5333 75.6981 32.0156 16.1555 79.3221 98.6542 51.8652 64.5136 11.4018 54.8179 73.9541 30.6105 60.3527 68.9713 43.2666 46.0169 69.8928 0.0 40.1622 59.6047 21.2132 31.241 47.8848 40.2833 17.4642 80.5839 30.5287 34.7131 25.0799 62.9365 47.3817 48.3842 31.9531 78.1025 35.6242 
54.0393 102.616 44.1475 61.1582 27.1662 40.0125 18.0278 59.1692 25.632 101.624 62.9284 19.105 9.48683 67.6757 82.3531 17.0294 59.0593 90.2441 17.72 109.804 71.3092 120.75 65.5134 57.1422 95.1139 61.3526 87.877 71.3863 34.67 63.5059 94.5304 92.9205 41.0488 45.1774 56.1427 110.913 43.3661 72.5789 81.074 37.054 59.0012 45.607 40.1622 0.0 71.8885 61.131 42.7297 73.4209 73.0842 31.1448 103.839 70.2638 73.4302 17.0294 58.3095 83.4854 29.1204 8.24621 66.7308 48.74 
19.0499 29.563 41.2044 21.0238 45.5604 70.7029 54.3443 48.1794 76.533 38.6728 40.7731 66.173 64.1701 62.259 24.2074 56.191 51.2445 46.0652 65.8615 49.26 48.0104 54.1525 35.1283 21.0952 26.2488 41.7465 16.2007 72.2258 48.3822 50.01 41.1096 47.2969 56.2247 71.0035 31.1626 51.2143 30.2739 5.0 10.6301 38.3341 15.5242 58.5014 59.6047 71.8885 0.0 64.2917 30.446 21.4709 38.5269 71.2918 32.1623 57.3847 53.0094 64.5672 28.4605 34.4819 51.7752 70.9267 43.1856 24.2028 
53.5816 71.8053 74.0945 78.7519 57.0701 24.2074 58.0345 16.1245 83.2947 60.0333 23.8537 46.0435 62.3939 7.81025 88.404 60.0083 94.1585 109.52 43.4166 64.4981 100.122 76.531 88.5152 64.1094 89.5933 25.6147 78.8619 11.1803 36.1248 96.288 105.358 40.7922 83.9524 18.4391 68.9122 64.7765 46.2985 60.9709 74.9041 60.7454 58.5434 89.2693 21.2132 61.131 64.2917 0.0 46.9157 45.1885 37.7648 33.8378 75.71 13.9284 20.6155 46.2709 78.6321 41.3038 68.0661 52.8867 94.3089 48.6752 
11.7522 60.3285 28.6356 32.4074 18.0278 42.19 25.4951 33.7343 50.4777 56.1984 28.0179 37.0143 35.0465 48.6944 53.6022 27.5862 48.3839 64.1312 36.5407 66.4832 53.535 75.1624 41.8688 20.2485 56.5347 24.0832 46.4345 57.9227 18.6815 50.1597 66.1393 52.8681 41.1096 42.638 23.6008 68.0831 1.0 31.0483 39.6315 16.0 16.7141 46.0109 31.241 42.7297 30.446 46.9157 0.0 31.1338 32.9258 42.1562 62.3961 46.6905 46.0109 35.8585 31.8904 43.6807 27.5136 41.768 47.7074 6.32456 
20.1246 30.5966 51.923 38.0132 47.8954 58.2449 56.0562 29.1548 80.0765 25.4951 21.8477 67.7054 65.7377 42.4382 45.4863 58.059 68.1836 67.5352 66.1675 35.4683 67.6018 44.8219 54.4518 29.0172 45.9733 22.821 35.242 52.4309 49.0599 68.0 62.2013 27.0185 67.0671 54.3342 36.0139 37.0135 30.9248 17.2047 31.9061 42.9418 15.8114 71.1688 47.8848 73.4209 21.4709 45.1885 31.1338 0.0 19.6015 65.2831 34.5416 36.8782 31.8904 65.4853 46.0109 14.0 56.0803 74.5983 62.2896 24.8537 
28.3607 48.3556 60.0093 57.9248 50.3847 50.6434 56.2494 21.6525 82.4788 40.5398 14.2462 56.9077 65.401 35.7321 62.6392 58.4786 78.4431 83.7554 58.5661 48.72 80.3723 59.6656 67.6941 41.1141 63.8285 15.2195 53.0972 45.6989 41.4585 79.1642 79.5935 31.9422 73.7422 46.7327 47.7612 49.8292 31.9615 35.2062 49.1393 48.5793 26.6155 78.4431 40.2833 73.0842 38.5269 37.7648 32.9258 19.6015 0.0 57.6816 52.3006 31.0 27.5407 57.8839 57.923 22.4012 60.4059 66.9968 74.6804 30.0208 
52.7422 94.0373 63.8635 73.5649 45.2777 9.84886 36.6197 38.5876 56.2939 83.9936 43.446 24.7588 36.0555 41.4005 94.7597 37.7359 81.3256 105.215 16.1245 90.6097 92.1664 102.267 82.3326 62.4007 97.5616 44.9317 87.3853 42.5441 24.2211 85.2278 107.297 69.1158 65.4599 15.6525 65.3928 91.3524 41.8051 72.0398 80.6584 51.8565 57.7041 70.7248 17.4642 31.1448 71.2918 33.8378 42.1562 65.2831 57.6816 0.0 97.9822 45.9674 51.0882 22.8035 72.6251 64.7801 50.0939 23.5372 87.1123 47.2969 
51.0 4.0 71.9277 52.0096 77.5106 90.3569 86.2945 60.535 108.483 19.799 54.2237 100.845 96.1202 71.1688 41.7732 88.1411 80.5295 63.0317 98.8666 26.0 74.0 25.0799 62.6498 53.0454 30.0666 55.4516 16.6433 80.6536 81.759 78.2943 53.1507 41.6173 86.948 86.4462 61.886 27.8568 62.224 34.0 34.0 70.2843 47.2483 89.2248 80.5839 103.839 32.1623 75.71 62.3961 34.5416 52.3006 97.9822 0.0 64.5136 57.9396 98.9698 58.5235 34.7851 83.7253 105.599 70.3847 56.0768 
50.9587 60.7454 75.3127 76.1635 61.0328 36.8782 63.9531 13.0384 90.3536 47.5184 19.3132 53.1914 69.9329 7.0 81.5659 66.0984 94.8314 102.666 52.7731 51.0882 98.3807 63.1269 85.9329 60.1141 82.4639 22.8035 65.0257 16.1555 42.2019 96.1665 98.4937 27.1662 87.1438 31.4006 66.4866 51.2445 45.7056 53.7401 68.0147 62.514 45.6155 92.2659 30.5287 70.2638 57.3847 13.9284 46.6905 36.8782 31.0 45.9674 64.5136 0.0 7.0 54.0833 76.0162 29.7321 72.0069 62.1691 92.5843 46.1736 
43.9013 54.231 74.3303 73.4654 61.6604 42.4382 65.5957 14.3178 92.0926 40.6079 18.0 55.827 72.5685 14.0 77.201 67.7832 93.3809 98.7927 56.3028 44.1022 95.913 56.1427 83.2348 56.6548 77.8068 22.0227 58.7192 22.8035 44.3847 94.4506 94.0213 20.2237 87.023 37.2156 63.3019 44.2832 45.0111 49.0408 63.6003 62.0081 42.1545 92.0 34.7131 73.4302 53.0094 20.6155 46.0109 31.8904 27.5407 51.0882 57.9396 7.0 0.0 56.7979 73.4637 23.2594 72.4431 65.5134 90.2211 44.5533 
46.4486 95.0248 41.1656 56.8526 22.5798 28.7924 13.8924 42.4958 37.054 86.4237 46.1962 3.0 16.1245 52.1728 78.0474 15.2315 58.6277 86.8603 7.2111 94.6039 69.4685 105.55 62.1787 52.555 90.6559 46.1523 80.5557 57.0789 17.9234 62.53 90.5845 77.7201 42.7624 32.7567 51.5812 95.7131 35.5074 65.7462 73.7527 32.53 51.4104 48.0405 25.0799 17.0294 64.5672 46.2709 35.8585 65.4853 57.8839 22.8035 98.9698 54.0833 56.7979 0.0 54.3032 68.2851 27.396 10.2956 64.4145 41.0011 
29.7321 56.4358 15.5242 8.0 32.28 73.2462 40.6079 63.5443 52.2015 65.8966 56.7326 53.175 49.0918 78.7231 25.2982 41.3038 22.8035 33.1059 60.9826 76.5608 22.4722 81.4371 10.0 17.1615 38.9487 53.2994 41.8808 88.0306 48.6004 22.0227 36.2215 73.0274 29.4109 74.2765 10.2059 78.4465 32.6497 33.2415 24.8395 22.4722 31.5822 31.1127 62.9365 58.3095 28.4605 78.6321 31.8904 46.0109 57.923 72.6251 58.5235 76.0162 73.4637 54.3032 0.0 60.0083 30.0666 57.9287 16.7631 30.0167 
33.2415 31.0161 65.5134 52.0096 60.4422 57.7235 66.6506 27.1662 92.88 19.2354 22.4722 67.3089 75.8022 36.4005 57.8636 68.8798 82.1523 80.2309 68.5138 26.4197 81.4985 37.6962 68.3593 43.0116 54.9254 25.0599 35.5128 45.8803 51.4062 82.0 74.5398 13.0384 80.3617 53.7587 50.01 27.4591 43.4716 29.7321 44.3847 55.7138 29.4279 84.6463 47.3817 83.4854 34.4819 41.3038 43.6807 14.0 22.4012 64.7801 34.7851 29.7321 23.2594 68.2851 60.0083 0.0 68.6496 76.9446 76.2365 37.4005 
36.0555 81.126 15.1327 33.7373 11.0454 56.0971 13.4536 59.0339 24.8395 80.8022 54.5894 26.2678 19.6469 72.2496 54.9181 13.0384 31.241 61.1882 34.0754 91.2634 42.4853 99.5232 36.4966 33.8378 67.6931 50.4876 66.7253 79.2465 32.28 35.2278 66.0303 80.3481 16.1555 58.7569 30.4631 92.9139 28.4605 52.4956 52.2858 13.4536 40.8044 21.5407 48.3842 29.1204 51.7752 68.0661 27.5136 56.0803 60.4059 50.0939 83.7253 72.0069 72.4431 27.396 30.0666 68.6496 0.0 30.5287 37.6962 31.7648 
53.0776 101.654 44.7772 60.4781 26.2054 32.0156 17.4642 51.3128 32.7567 95.5366 55.1508 13.0 13.0384 59.4643 81.673 17.4929 61.6117 90.4858 9.48683 103.717 72.9452 114.662 65.7875 56.1805 97.0155 56.6365 86.9153 63.1506 27.0363 65.7343 94.0849 81.0287 44.5533 37.054 55.2067 104.826 42.4043 71.6172 80.1122 36.1555 58.0394 49.5177 31.9531 8.24621 70.9267 52.8867 41.768 74.5983 66.9968 23.5372 105.599 62.1691 65.5134 10.2956 57.9287 76.9446 30.5287 0.0 67.9779 47.7783 
46.4866 68.9493 23.3238 24.5153 43.8292 87.7434 50.5371 80.1124 54.037 80.0625 73.3007 63.2862 57.2451 95.2772 30.6105 50.5668 12.53 25.0799 71.0939 90.6091 5.83095 94.5569 8.06226 33.919 45.4533 69.8675 54.0833 104.592 62.9365 8.48528 33.2415 89.2749 29.0172 89.2749 26.9634 92.5743 48.5489 48.1664 36.6879 35.3836 48.3397 27.6586 78.1025 66.7308 43.1856 94.3089 47.7074 62.2896 74.6804 87.1123 70.3847 92.5843 90.2211 64.4145 16.7631 76.2365 37.6962 67.9779 0.0 46.5188 
5.47214 54.0484 30.0 30.1999 23.3452 46.7225 31.4006 33.6155 55.6058 49.9183 26.9258 43.0245 41.0568 48.7592 46.1686 33.4215 48.8365 61.9237 41.6833 60.203 52.3259 68.8823 39.9625 15.8114 50.2916 23.4094 40.1152 58.0736 24.1868 50.0 63.0712 49.5077 43.9318 47.023 20.6155 61.803 6.08276 24.7697 33.3883 18.9737 10.434 48.5077 35.6242 48.74 24.2028 48.6752 6.32456 24.8537 30.0208 47.2969 56.0768 46.1736 44.5533 41.0011 30.0167 37.4005 31.7648 47.7783 46.5188 0.0 
DEMAND_SCENARIO_SECTION
0 0 0 0 0 0 0 0 0 0 0 0 0 0 0 0 0 0 0 0 0 0 0 0 0 0 0 0 0 0 0 0 0 0 0 0 0 0 0 0 0 0 0 0 0 0 0 0 0 0 0 0 0 0 0 0 0 0 0 0 0 0 0 0 0 0 0 0 0 0 0 0 0 0 0 0 0 0 0 0 0 0 0 0 0 0 0 0 0 0 0 0 0 0 0 0 0 0 0 0 0 0 0 0 0 0 0 0 0 0 0 0 0 0 0 0 0 0 0 0 0 0 0 0 0 0 0 0 0 0 0 0 0 0 0 0 0 0 0 0 0 0 0 0 0 0 0 0 0 0 0 0 0 0 0 0 0 0 0 0 0 0 0 0 0 0 0 0 0 0 0 0 0 0 0 0 0 0 0 0 0 0 0 0 0 0 0 0 0 0 0 0 0 0 0 0 0 0 0 0 
8 10 8 10 12 6 9 7 10 4 7 7 8 5 3 8 2 7 7 11 13 10 6 7 10 11 6 8 7 10 3 12 6 9 6 8 12 11 6 9 8 8 2 11 6 11 11 12 8 5 7 7 6 9 8 5 6 10 8 11 8 11 5 8 8 9 9 10 8 7 2 2 11 7 10 3 9 6 6 9 8 17 9 3 8 7 8 7 7 2 10 2 8 7 12 5 11 9 4 16 3 6 8 4 7 9 11 9 7 10 6 10 6 11 8 9 8 11 6 3 10 9 8 9 5 9 8 8 6 6 8 14 8 6 5 6 14 9 11 6 5 4 7 6 8 9 0 8 4 8 9 11 10 9 9 10 9 8 8 12 11 6 4 15 10 6 7 5 12 11 13 6 3 7 6 6 11 11 9 8 5 7 5 7 6 6 8 4 3 9 11 8 6 10 1 11 6 9 5 12 
4 5 5 6 3 5 4 5 6 5 3 4 6 5 5 3 2 2 6 4 4 6 5 7 4 4 3 4 5 2 4 5 3 4 2 0 6 4 6 3 4 3 5 6 0 7 3 5 3 3 3 5 4 5 6 4 3 4 3 3 2 3 4 5 4 4 6 3 3 3 2 4 3 3 4 5 4 5 6 3 5 3 5 3 4 6 4 4 4 3 5 5 5 5 5 3 4 2 5 5 5 1 3 5 6 5 2 4 4 2 2 5 2 4 4 2 5 3 6 6 3 1 3 5 4 6 5 2 3 6 4 2 3 5 3 3 4 4 5 6 2 3 4 4 7 6 1 3 4 3 3 4 3 2 3 3 5 4 4 2 3 6 2 6 3 6 2 2 4 6 4 3 1 5 3 4 3 2 4 5 0 3 4 6 4 6 6 3 5 4 6 7 1 4 3 2 1 3 3 5 
9 6 12 8 5 8 5 13 8 11 8 12 6 7 16 8 0 13 9 7 14 15 7 4 12 10 14 3 10 10 9 10 9 8 15 11 14 7 6 5 10 3 11 6 8 7 4 7 10 9 9 7 13 10 8 13 11 10 8 5 13 13 13 5 9 9 8 10 7 8 12 10 9 7 2 6 7 12 10 4 9 5 10 16 8 15 8 5 9 7 10 11 8 6 11 10 10 9 14 11 11 14 7 10 12 7 6 10 12 14 14 10 8 11 8 12 5 8 9 7 4 11 10 16 2 5 4 11 14 4 7 5 10 9 11 6 6 6 17 7 14 11 3 11 4 7 6 10 6 7 12 12 10 10 5 9 5 9 4 9 12 3 5 5 6 9 7 4 11 11 8 11 11 7 4 18 11 9 6 8 3 14 11 11 15 9 5 6 13 6 8 4 14 4 13 8 8 6 4 6 
2 4 3 2 2 1 2 2 3 4 2 2 2 3 1 3 0 2 2 3 2 2 1 3 1 3 1 2 2 4 3 2 3 2 2 2 2 3 1 2 2 3 2 2 3 1 2 0 2 2 2 2 3 3 1 3 2 3 1 2 2 3 3 2 2 2 1 2 3 2 1 2 2 2 2 2 3 2 2 2 3 2 1 2 3 2 3 2 3 2 2 1 2 2 2 2 3 1 1 2 1 3 2 2 2 2 2 2 1 1 1 2 2 2 3 2 2 2 2 3 3 2 1 1 2 2 2 1 2 2 3 1 2 2 2 3 1 1 1 1 2 1 2 1 2 4 2 1 1 2 2 2 1 3 3 2 3 2 1 3 3 2 3 1 3 1 1 2 2 2 1 3 2 2 2 1 2 2 2 1 2 2 2 2 2 1 2 3 1 3 2 2 2 3 2 3 2 2 2 3 
16 12 9 11 15 3 9 17 11 15 9 11 12 8 2 7 10 11 11 13 12 14 10 10 8 14 10 12 7 12 15 10 7 7 10 13 10 9 7 8 6 12 4 12 11 9 10 9 13 6 11 8 11 15 9 16 8 7 8 14 3 6 9 6 14 14 8 15 14 11 10 8 4 11 11 12 9 6 7 13 7 16 13 10 14 16 12 11 8 14 10 5 16 6 4 7 4 4 10 11 14 14 9 9 14 13 4 9 7 9 11 8 12 13 8 8 6 7 11 12 9 12 9 14 17 4 14 13 8 10 10 7 11 9 8 9 12 9 11 10 8 9 10 16 15 9 8 15 11 9 13 13 9 18 17 19 12 13 8 13 11 15 6 9 8 12 11 6 9 11 11 10 13 14 8 12 11 10 13 11 12 7 13 8 10 10 12 14 15 14 12 17 14 3 13 13 12 12 11 5 
2 2 8 5 8 8 8 13 14 7 12 4 13 6 13 11 10 12 14 10 15 5 10 6 8 4 10 9 9 11 3 9 12 12 8 8 8 7 11 8 19 5 14 13 2 11 9 13 8 16 8 7 10 13 11 18 10 8 13 10 10 14 10 14 12 6 7 8 9 11 7 10 12 9 8 6 3 9 12 12 8 10 13 11 9 15 10 10 9 6 10 9 7 9 15 13 10 11 2 17 14 14 8 11 12 3 17 10 12 16 11 11 10 5 12 8 13 15 11 11 12 11 10 15 8 3 13 11 6 7 15 13 12 7 10 5 8 14 13 5 8 5 10 7 14 9 10 17 15 13 12 11 9 9 14 8 12 11 9 10 13 9 8 10 9 13 9 9 14 13 8 6 9 10 10 8 6 14 12 7 7 13 13 12 9 18 7 12 10 6 6 3 17 13 12 12 15 9 9 4 
8 6 18 3 10 4 13 12 7 10 15 15 6 7 10 11 6 7 2 11 10 9 7 10 11 11 8 8 11 10 12 11 10 11 8 8 10 6 12 10 8 6 7 10 4 7 11 5 8 8 6 12 12 12 11 3 13 11 10 8 10 9 10 11 10 13 9 13 11 12 10 10 7 14 14 7 13 7 11 6 8 14 11 12 5 12 17 10 14 6 8 12 6 11 7 6 10 10 8 3 8 9 11 6 6 12 9 8 10 8 11 7 2 8 12 12 5 8 6 7 11 12 12 7 9 4 8 9 10 8 8 6 9 8 7 7 10 16 16 7 13 14 9 12 11 6 10 3 14 6 8 2 5 6 11 11 10 5 8 12 7 8 12 11 14 12 1 10 9 13 7 12 11 4 6 5 10 7 2 7 12 14 9 15 6 3 9 8 12 6 9 6 8 8 11 3 8 8 6 7 
5 6 7 8 6 9 7 8 8 9 10 9 3 6 8 5 8 7 6 9 7 6 8 4 7 7 11 5 5 6 8 10 9 10 4 6 8 8 5 6 5 3 6 7 8 7 9 3 8 5 3 9 4 8 8 4 6 3 6 7 5 10 8 8 6 6 7 6 7 6 6 11 6 7 7 7 6 5 7 11 7 9 10 9 5 6 8 5 8 7 6 7 4 6 7 10 8 8 12 5 5 4 5 3 9 10 10 8 8 7 4 5 7 10 10 10 5 5 6 8 6 9 8 6 5 9 7 7 12 4 7 11 1 7 8 4 5 8 7 10 5 9 9 8 5 9 7 11 5 9 3 9 8 13 7 10 3 1 6 9 6 5 5 8 7 5 5 5 3 10 2 3 6 8 8 10 5 11 7 8 11 7 6 4 8 5 6 7 8 11 11 8 10 9 6 7 5 7 7 8 
1 2 2 3 2 4 2 5 3 2 3 5 2 3 4 1 2 2 2 3 3 4 3 4 4 3 2 4 3 3 2 5 4 2 4 4 2 2 2 4 1 3 2 2 3 2 3 3 3 1 2 1 4 5 4 3 1 3 0 4 2 2 4 2 0 3 4 3 3 4 4 3 2 2 4 3 2 3 4 3 2 2 2 3 3 4 4 4 4 3 3 2 4 1 3 1 2 3 2 4 3 4 3 2 1 5 3 1 3 3 1 3 2 3 3 3 4 2 3 3 3 3 3 2 3 2 4 4 2 2 5 4 1 3 1 3 2 4 4 4 3 1 2 2 3 4 3 4 4 6 3 2 2 4 3 3 5 1 2 4 4 2 4 3 4 3 4 3 4 5 4 3 3 2 4 4 3 5 1 2 3 4 4 3 1 3 4 1 3 1 2 3 4 3 3 5 3 2 3 2 
1 1 0 1 1 1 1 1 2 1 1 1 1 1 1 1 1 1 1 1 1 1 1 1 1 0 1 1 1 1 1 1 1 1 1 1 1 1 1 1 1 1 2 1 1 1 0 1 1 2 1 1 1 1 1 1 1 1 1 1 0 1 1 1 1 1 1 1 1 1 1 1 1 1 1 1 1 1 1 1 1 1 1 1 1 1 1 1 1 1 1 1 1 1 1 1 1 1 1 1 1 1 1 1 1 1 1 1 1 1 1 1 1 1 0 1 1 1 1 1 1 1 1 1 1 1 1 1 1 1 1 1 1 1 1 1 1 1 1 1 1 1 1 1 1 1 1 1 1 2 1 1 1 1 1 1 1 1 1 1 1 1 1 0 2 1 0 1 1 0 1 1 2 1 1 1 0 1 1 1 2 1 0 1 2 1 1 1 1 1 1 1 1 1 2 1 1 1 0 1 
6 8 10 4 7 5 10 6 6 9 7 7 6 7 10 8 9 4 10 3 9 6 9 5 14 7 5 9 2 10 5 6 9 7 5 7 7 8 6 8 6 8 7 6 8 7 6 3 6 8 9 5 5 2 4 5 7 9 9 9 9 6 7 6 10 8 5 7 6 5 5 6 6 10 15 8 6 9 9 9 5 5 7 6 3 4 4 7 8 9 10 9 7 4 4 4 8 10 6 6 10 7 7 7 10 10 4 8 7 8 7 5 7 7 3 5 8 5 3 4 5 12 6 6 11 7 10 6 9 3 10 11 8 5 5 7 5 11 6 9 3 7 6 5 10 8 11 6 9 7 11 7 5 11 6 9 5 3 8 5 7 4 6 3 5 7 6 10 8 4 8 3 11 6 6 4 8 11 5 10 9 9 6 3 6 6 10 6 10 4 7 8 6 5 6 4 3 7 8 5 
5 5 6 4 5 7 6 5 6 8 2 0 4 5 3 6 5 6 5 3 4 7 4 3 3 8 3 3 5 3 5 6 9 6 9 7 7 6 8 4 5 4 7 4 3 7 6 9 2 1 6 6 5 2 6 3 7 5 5 6 6 5 7 4 5 4 7 5 6 3 4 4 5 4 2 5 6 6 4 3 6 5 2 5 3 5 4 2 7 3 5 7 5 7 3 6 4 7 3 3 3 8 4 4 4 5 3 5 4 5 7 7 5 3 4 2 6 7 4 2 7 5 4 2 8 5 1 6 10 7 7 5 5 5 5 6 4 5 4 5 7 7 7 4 1 4 6 3 8 7 5 4 5 3 7 5 5 7 5 5 2 5 6 4 0 7 4 3 4 2 2 6 3 6 5 7 4 6 4 3 4 5 4 3 7 6 5 1 4 4 4 3 5 9 4 6 3 2 5 5 
6 9 9 7 7 7 8 5 6 8 7 9 6 10 8 5 10 14 10 8 10 7 10 10 8 7 10 9 4 7 8 5 11 5 3 10 9 11 8 6 11 7 4 7 9 7 10 10 12 9 4 8 7 11 7 9 12 7 9 8 6 7 10 7 9 13 10 7 8 12 9 9 5 7 13 11 8 4 7 11 9 8 3 6 7 11 8 12 11 7 8 8 5 6 10 8 9 9 10 6 10 9 7 15 6 16 11 10 9 10 8 8 9 9 8 5 6 12 0 6 12 7 6 9 7 7 8 13 5 7 9 10 5 15 6 6 9 9 5 8 9 6 9 11 15 5 6 9 6 4 9 6 7 10 3 11 9 7 6 7 3 7 9 5 10 11 5 12 8 11 7 6 2 4 9 6 4 10 6 3 11 6 10 8 7 8 10 6 9 5 7 7 9 10 11 9 10 6 10 8 
3 2 4 4 3 4 5 6 3 2 3 5 5 4 4 4 5 4 5 3 2 6 6 2 6 2 3 5 4 5 4 5 3 6 6 5 3 3 5 7 8 3 4 2 4 4 6 3 1 5 3 5 4 4 5 4 4 1 2 4 5 5 5 4 8 2 5 2 6 6 1 5 1 5 4 3 2 5 4 2 3 3 4 4 6 7 4 5 5 6 5 2 3 7 6 7 5 2 4 4 4 4 3 4 3 4 6 3 3 3 5 1 5 6 3 3 3 5 7 5 4 4 2 4 4 2 6 6 3 3 4 3 3 4 4 3 5 5 5 5 3 6 4 6 3 3 3 3 5 3 6 2 4 2 3 2 1 4 4 6 6 5 5 5 5 2 5 5 6 7 5 5 3 1 4 4 3 3 7 4 6 3 5 5 3 3 2 4 3 4 3 4 4 2 5 4 4 2 5 2 
6 12 8 0 6 10 7 10 8 12 10 10 8 8 12 18 9 14 10 9 12 4 4 6 5 9 9 5 14 8 4 7 6 13 11 4 7 4 6 7 2 9 11 5 15 5 11 11 7 11 8 14 11 12 12 9 7 9 3 10 7 10 11 5 10 11 12 5 8 12 10 9 11 8 12 4 9 6 9 15 8 6 9 8 8 2 3 9 8 12 6 7 12 5 10 3 7 11 7 7 7 8 11 13 7 8 12 8 10 6 13 12 9 8 9 6 7 10 12 10 8 3 8 6 8 4 11 10 17 4 13 9 12 10 8 10 6 2 10 7 12 13 10 13 4 10 14 5 12 13 7 12 14 8 12 10 10 12 9 7 10 8 9 10 13 9 1 9 13 12 12 6 8 7 12 15 5 6 14 7 15 11 13 12 5 9 14 6 4 7 13 7 14 7 12 11 8 13 13 7 
8 11 11 4 13 5 8 6 8 4 8 4 3 7 11 4 11 5 5 7 10 5 6 4 4 7 7 6 5 10 4 8 8 9 6 6 0 1 7 5 5 3 4 4 10 7 6 6 3 7 6 11 7 6 7 5 10 7 6 2 8 6 9 8 5 12 8 11 7 3 5 7 9 7 12 10 6 5 6 5 5 7 8 8 10 4 3 5 5 12 6 6 5 8 6 8 5 7 9 8 7 5 4 9 3 7 2 4 8 6 8 7 8 9 7 7 8 5 13 7 10 5 7 4 7 6 10 9 5 3 6 8 9 8 8 4 5 9 6 11 6 10 9 1 6 8 6 8 10 5 8 5 10 6 10 11 8 11 5 5 6 8 6 10 7 8 5 8 8 9 9 8 9 13 8 9 3 8 11 7 8 3 5 6 10 7 7 9 8 9 5 9 6 11 4 7 3 2 5 7 
4 7 6 4 7 6 8 10 5 8 6 5 6 6 8 5 0 6 8 5 10 8 6 2 2 8 7 9 5 7 9 8 3 4 8 6 7 9 5 6 7 6 2 4 6 4 6 6 9 4 7 5 5 4 8 7 1 7 7 5 5 6 6 5 5 7 9 9 8 4 11 4 7 7 7 6 6 5 7 6 7 11 6 6 4 6 2 4 7 4 6 4 5 7 3 6 9 5 6 7 3 6 7 4 9 6 5 2 5 4 4 5 3 6 5 9 3 6 7 3 4 5 10 6 9 8 5 6 4 6 11 7 6 4 7 6 6 9 8 4 5 3 11 8 2 5 3 8 11 4 6 5 7 4 3 3 7 11 5 4 9 4 6 2 7 6 8 6 1 6 6 4 10 5 7 5 6 8 6 7 4 9 6 9 10 5 8 6 6 7 5 5 6 5 6 8 9 5 4 4 
2 1 1 1 0 1 1 2 2 2 2 2 1 3 2 2 2 1 3 2 3 2 2 1 3 2 2 3 3 3 2 2 2 1 3 3 1 3 2 2 1 1 2 3 2 4 3 2 1 1 2 2 3 2 2 2 2 1 2 1 3 4 1 1 2 2 1 1 2 1 2 1 2 2 2 2 2 2 1 1 2 2 3 2 1 2 2 2 2 2 2 1 2 2 2 2 2 2 3 3 3 3 2 1 2 0 3 2 2 3 1 2 2 3 2 3 1 1 3 1 2 1 2 2 2 1 2 1 2 1 2 3 3 4 3 3 2 1 2 1 1 2 3 2 2 1 1 2 2 2 3 1 3 1 2 2 1 2 3 2 1 2 2 1 2 1 2 2 2 3 1 1 3 2 2 2 2 2 2 3 2 2 1 2 3 2 2 2 2 2 3 3 3 1 3 2 2 2 3 2 
3 5 3 4 2 3 5 4 3 4 3 2 3 2 3 3 3 4 3 4 4 4 4 2 4 3 3 2 2 2 2 4 3 3 3 1 2 3 4 4 5 3 3 2 3 2 4 4 2 3 2 3 3 4 3 5 4 4 2 2 3 3 2 3 2 4 2 4 3 5 2 5 4 3 5 4 2 3 5 3 2 5 5 2 4 3 3 4 4 2 2 4 2 5 3 3 3 1 3 5 3 4 3 3 2 2 3 3 2 2 3 1 3 3 2 2 3 3 2 4 2 3 2 3 4 3 3 2 2 3 3 3 2 4 3 1 3 4 4 0 3 3 1 2 2 3 3 2 3 3 3 3 2 5 2 3 3 3 4 4 3 2 1 2 4 4 4 3 4 2 5 4 3 5 3 3 3 3 1 2 5 2 5 5 4 2 4 4 5 3 3 2 3 3 3 4 2 1 3 4 
5 6 5 9 12 6 8 9 4 9 9 8 7 7 6 6 7 7 8 9 9 4 6 2 8 4 10 7 8 5 6 8 5 10 4 11 8 10 4 13 8 7 6 7 5 8 8 9 9 4 10 7 6 5 7 4 4 9 8 9 6 7 4 2 6 5 6 5 9 7 5 6 8 10 9 7 6 9 9 11 6 7 5 6 9 8 8 4 5 6 4 7 7 10 4 5 4 6 7 7 10 4 9 6 11 3 10 8 7 11 11 9 5 7 11 6 8 11 7 4 5 10 7 7 8 5 4 4 7 3 6 8 6 5 9 11 4 12 5 6 6 6 4 6 11 7 7 10 9 6 4 8 2 4 4 9 4 7 4 8 9 10 8 6 4 4 9 7 10 7 8 9 11 4 7 9 10 7 9 8 6 7 6 7 8 9 6 7 4 9 7 5 11 5 10 5 6 7 8 5 
6 5 5 4 5 3 1 2 4 4 2 4 3 5 4 6 4 7 3 6 4 4 5 3 5 6 1 3 2 5 4 5 3 5 6 4 5 5 5 4 5 6 4 4 4 5 3 4 5 7 5 4 3 5 6 6 5 3 4 6 5 3 6 2 3 3 4 4 5 1 1 5 3 5 4 0 4 3 4 5 3 4 5 5 4 6 6 2 3 3 3 5 4 6 4 6 3 3 4 4 5 4 4 2 5 6 6 6 1 3 3 3 5 6 2 2 3 5 3 3 3 4 3 4 4 4 5 4 2 3 7 2 4 4 5 6 6 1 6 6 4 3 4 4 5 4 3 4 3 4 5 7 4 5 6 2 4 4 5 5 3 3 2 5 3 7 4 5 7 3 2 5 4 1 4 5 4 2 5 3 4 4 5 4 4 5 4 5 5 5 4 4 3 2 5 3 4 6 2 4 
10 9 6 12 9 5 6 8 11 3 9 7 8 3 11 6 7 8 7 10 5 8 9 9 1 7 8 5 4 4 6 8 6 7 4 7 9 4 6 8 6 3 4 7 10 9 11 3 9 8 5 8 8 5 5 7 8 9 9 8 4 8 3 13 4 3 6 2 8 6 6 9 4 6 3 6 8 11 5 6 8 10 9 8 7 9 10 8 6 6 4 5 8 8 3 7 5 5 8 7 6 4 8 8 5 9 10 10 6 10 6 7 9 8 8 9 7 6 7 1 9 8 4 8 3 7 6 7 7 9 9 10 10 9 9 2 6 6 4 14 8 6 6 8 6 8 8 4 8 6 10 8 12 5 2 4 8 5 7 7 7 9 8 5 7 9 5 7 3 6 9 7 4 4 4 9 6 12 5 7 4 6 1 11 6 8 9 6 10 10 6 0 9 5 6 4 4 5 8 8 
