NAME  : Jabali_60_2_0.95_1_1
TYPE : SVRP
MODEL : FINITE_SUPPORT
NUMBER_OF_SCENARIOS : 200
DIMENSION : 60
EDGE_WEIGHT_TYPE : MATRIX
CAPACITY : 160
N_VEHICLES : 2
NODE_COORD_SECTION
1 3924 5386
2 5979 6750
3 2287 1795
4 7278 2882
5 62 2886
6 7129 1797
7 2957 5030
8 6755 6350
9 5961 3145
10 2571 3036
11 6704 18
12 5674 8062
13 5849 5234
14 5431 5237
15 4458 8663
16 5704 6224
17 6140 3672
18 1742 5639
19 2428 6647
20 1550 3871
21 5503 3220
22 7176 7635
23 3044 3664
24 7275 1574
25 4511 5996
26 8511 5732
27 4128 4865
28 5185 5170
29 5821 3806
30 7223 3142
31 5240 6340
32 6552 7102
33 4455 3684
34 3666 5622
35 7974 4053
36 8025 2893
37 3422 8385
38 1948 4449
39 1282 4839
40 1576 3280
41 6729 6010
42 27 3026
43 1047 3890
44 4302 6327
45 6255 3994
46 5431 3918
47 4449 5665
48 5689 671
49 1836 6689
50 5572 3208
51 2186 7511
52 3834 8959
53 8038 6944
54 4322 1987
55 7125 6841
56 7676 2794
57 3095 2675
58 2959 7008
59 5858 1133
60 6370 6811
DEMAND_SECTION
1 0.0
2 2.0
3 6.0
4 4.0
5 8.0
6 3.0
7 6.0
8 5.0
9 6.0
10 6.0
11 7.0
12 1.0
13 2.0
14 5.0
15 5.0
16 10.0
17 10.0
18 8.0
19 3.0
20 9.0
21 4.0
22 6.0
23 4.0
24 10.0
25 10.0
26 9.0
27 5.0
28 8.0
29 5.0
30 1.0
31 6.0
32 1.0
33 7.0
34 6.0
35 5.0
36 3.0
37 1.0
38 4.0
39 4.0
40 1.0
41 6.0
42 1.0
43 4.0
44 6.0
45 2.0
46 10.0
47 1.0
48 10.0
49 4.0
50 1.0
51 5.0
52 1.0
53 3.0
54 6.0
55 10.0
56 8.0
57 7.0
58 5.0
59 7.0
60 1.0
DEVIATION_SECTION
1 0.0
2 0.666667
3 2.0
4 1.33333
5 2.66667
6 1.0
7 2.0
8 1.66667
9 2.0
10 2.0
11 2.33333
12 0.333333
13 0.666667
14 1.66667
15 1.66667
16 3.33333
17 3.33333
18 2.66667
19 1.0
20 3.0
21 1.33333
22 2.0
23 1.33333
24 3.33333
25 3.33333
26 3.0
27 1.66667
28 2.66667
29 1.66667
30 0.333333
31 2.0
32 0.333333
33 2.33333
34 2.0
35 1.66667
36 1.0
37 0.333333
38 1.33333
39 1.33333
40 0.333333
41 2.0
42 0.333333
43 1.33333
44 2.0
45 0.666667
46 3.33333
47 0.333333
48 3.33333
49 1.33333
50 0.333333
51 1.66667
52 0.333333
53 1.0
54 2.0
55 3.33333
56 2.66667
57 2.33333
58 1.66667
59 2.33333
60 0.333333
DISTANCE_MATRIX
0.0 33.2866 54.1479 56.8475 66.074 66.6961 15.4775 39.6395 42.2087 37.6149 80.4407 43.566 27.261 23.3666 45.607 26.2488 39.3901 30.6828 31.3657 41.9436 37.6449 53.0 27.1897 68.3368 10.7703 62.1416 7.07107 22.8365 35.2777 56.5442 21.9545 41.8808 23.6008 4.24264 64.3617 65.7094 41.8808 32.8284 38.4374 46.6919 38.0286 65.2544 47.0325 13.0 44.1719 30.1823 8.48528 67.2788 38.3329 37.6449 37.9629 48.7545 58.6957 46.0652 46.7547 62.1873 39.0512 25.9317 62.3063 38.0132 
33.2866 0.0 85.0931 50.448 96.048 66.5733 45.4515 11.0454 47.8167 69.3063 90.8791 18.6011 21.3776 23.0868 34.0 8.06226 40.2275 60.2993 45.8345 71.9177 48.473 19.7231 58.8817 69.3397 22.8035 36.0 35.4728 24.5153 40.2445 52.4309 11.4018 8.60233 47.1699 34.2053 43.2666 56.5862 41.5933 62.8024 68.0539 76.6659 13.0 95.2284 77.0065 23.4307 36.1149 39.4588 25.0599 83.1452 52.8018 48.473 51.4198 42.1545 27.2947 69.0652 14.7648 55.2268 69.1069 40.1622 77.3399 5.0 
54.1479 85.0931 0.0 71.2277 34.2345 63.561 44.0454 87.6197 55.1725 17.1172 65.0308 97.6217 66.3099 62.3393 98.326 77.1988 58.258 50.9902 63.3246 29.8329 50.2096 104.098 27.0185 64.622 64.4981 100.439 49.8197 60.775 55.0 66.778 74.5252 93.135 39.3573 55.0091 82.4285 76.9434 91.2253 35.7771 42.8019 22.6274 85.3968 34.3657 32.6497 67.1195 60.803 51.3128 60.8276 49.163 64.0781 50.2096 75.3923 99.4636 105.832 28.178 95.6499 72.7021 16.1555 70.9036 49.0306 89.0119 
56.8475 50.448 71.2277 0.0 99.301 17.4642 75.7594 43.4166 21.4039 65.2069 42.45 69.029 38.8489 39.4896 83.5281 46.7699 17.4648 90.9646 84.0275 77.599 25.0036 60.1664 57.6248 19.9249 54.3699 39.2046 49.8181 40.896 21.5879 4.47214 52.6989 53.3385 38.8368 64.5245 15.5242 9.0 88.4004 72.7784 82.8497 77.7544 39.4462 98.8168 83.9179 58.4792 18.9737 26.6833 54.3699 39.3192 90.9948 25.0036 90.6248 91.177 52.6118 43.0557 49.7695 5.38516 60.0963 78.5935 33.541 50.4777 
66.074 96.048 34.2345 99.301 0.0 94.5939 51.225 103.07 81.4371 34.5398 99.0202 103.389 84.2438 80.0999 97.5295 89.4181 81.9878 43.6807 59.4811 24.2074 76.0592 115.676 41.8808 96.1041 73.2456 121.281 63.9918 88.3554 78.032 98.9977 84.6465 104.646 60.5392 61.8547 106.677 108.163 86.3134 33.2866 31.0483 21.6333 103.169 1.0 19.2354 73.5731 83.2166 73.2462 72.1898 83.0 55.7315 76.0592 66.2722 95.5249 122.042 59.6825 109.915 103.302 41.4849 67.4463 82.2192 100.889 
66.6961 66.5733 63.561 17.4642 94.5939 0.0 70.375 60.4152 34.3111 60.754 25.0 85.1693 51.756 52.3967 100.393 62.8295 30.3719 85.5108 96.9347 77.4726 37.9107 77.4919 57.7755 2.82843 67.2771 56.0 59.6667 53.8031 34.495 14.3178 66.8852 70.214 43.8839 70.9304 32.0 17.72 101.823 75.3348 85.5304 74.7792 56.3649 94.3663 83.4718 71.3863 32.0798 39.5905 67.2771 23.7697 95.9358 37.9107 103.532 106.119 70.0357 35.4683 67.0671 15.0333 53.1507 91.5007 18.868 67.1193 
15.4775 45.4515 44.0454 75.7594 51.225 70.375 0.0 52.4737 57.6779 27.0 82.4273 54.5711 40.1652 36.2707 54.3323 38.8216 54.8592 20.0998 26.8129 27.0185 53.1141 65.08 17.2627 72.0157 22.6491 75.0458 22.5486 35.7406 50.7468 72.0134 34.05 54.0496 28.9279 11.4018 77.2659 84.5866 48.1041 18.4391 26.0 31.305 50.9327 50.448 32.5269 23.7697 57.076 45.6515 21.5934 67.3574 29.1548 53.1141 39.7315 56.0446 71.4454 42.482 59.3182 81.0916 30.0832 30.9258 63.6393 50.2922 
39.6395 11.0454 87.6197 43.4166 103.07 60.4152 52.4737 0.0 43.566 73.3847 85.235 27.2029 21.5995 25.5585 44.3847 13.8924 36.2215 67.678 56.0065 78.9398 45.0444 18.0278 63.7728 63.0714 30.2324 25.02 41.1712 28.0179 37.0 46.0977 19.6977 10.0 48.7277 41.2388 33.9706 48.4149 52.6118 69.8246 75.4321 83.8684 4.12311 102.251 84.0287 32.2025 32.1403 38.3275 31.1543 78.6578 62.9737 45.0444 61.9839 52.811 19.105 68.469 8.24621 47.7074 71.4662 50.448 72.5769 8.06226 
42.2087 47.8167 55.1725 21.4039 81.4371 34.3111 57.6779 43.566 0.0 46.9574 58.1821 66.4109 28.4443 29.0851 77.0818 44.0711 7.61577 66.2557 73.623 60.8769 5.38516 61.5224 40.5216 37.1311 43.9654 47.8743 35.1794 30.4795 9.21954 21.1007 43.5735 52.6308 22.2036 46.443 28.8709 30.2659 78.5117 56.4708 66.5421 60.1664 39.4588 81.0247 67.1863 48.0747 11.7047 13.0 43.9654 50.8174 81.9383 5.38516 80.2203 82.807 57.3149 29.1548 51.2445 26.7438 41.0488 68.189 44.7365 49.0408 
37.6149 69.3063 17.1172 65.2069 34.5398 60.754 27.0 73.3847 46.9574 0.0 68.6586 81.1443 52.2363 48.0924 81.2219 61.7382 48.0104 35.2278 46.4952 18.0278 41.5933 88.9347 10.4403 62.3939 48.0818 88.459 33.8378 58.2016 44.2041 64.9036 58.5235 77.7543 26.9072 38.1182 72.6705 74.0688 74.1424 20.5183 29.4109 14.0357 71.1618 34.176 23.3452 50.3849 49.679 39.6989 44.643 52.6308 47.8853 41.5933 59.0339 82.3772 92.3761 27.2947 81.415 69.4622 8.24621 54.0632 50.4876 73.7469 
80.4407 90.8791 65.0308 42.45 99.0202 25.0 82.4273 85.235 58.1821 68.6586 0.0 109.473 73.3732 73.7851 122.011 87.1335 54.243 97.5631 111.743 86.5852 46.4725 102.46 68.7095 22.561 88.5614 80.3057 73.4114 74.5076 58.3661 39.2173 88.5023 94.9368 57.4282 84.675 56.4358 41.0488 123.108 86.3771 96.4624 82.201 81.1542 99.0454 91.9837 92.6707 55.9508 55.9392 88.5614 16.1245 107.988 46.4725 118.34 127.458 94.921 41.4849 92.0272 39.4588 60.4152 106.309 18.7883 91.7061 
43.566 18.6011 97.6217 69.029 103.389 85.1693 54.5711 27.2029 66.4109 81.1443 109.473 0.0 39.0 39.0512 19.0263 25.0799 58.8218 61.3152 45.6693 79.8499 65.6863 21.095 70.7191 87.9344 33.1361 49.3356 48.0416 39.4588 57.9926 71.0282 24.3311 17.8885 62.3987 43.1741 61.0737 74.9667 31.0483 70.3847 73.9315 85.3815 30.4795 102.51 84.1542 30.8058 54.7091 56.6127 37.0135 100.58 52.345 65.6863 47.4342 28.0179 35.0571 85.1587 25.2982 73.7564 82.1523 38.8973 94.7806 19.2094 
27.261 21.3776 66.3099 38.8489 84.2438 51.756 40.1652 21.5995 28.4443 52.2363 73.3732 39.0 0.0 6.32456 50.2494 13.9284 22.0144 55.3705 48.4334 61.4841 26.9303 38.4708 42.6244 54.5761 18.7758 43.4864 28.7927 9.48683 19.2366 38.5456 16.2788 28.0179 27.2029 28.9303 45.7065 58.2632 53.0 57.5161 63.1251 62.72 19.3766 83.6368 67.7916 22.885 20.1655 18.1108 18.7758 61.8244 55.4006 26.9303 55.0306 56.7274 40.5909 48.0104 29.6298 44.1811 50.1597 42.9617 56.0246 24.0 
23.3666 23.0868 62.3393 39.4896 80.0999 52.3967 36.2707 25.5585 29.0851 48.0924 73.7851 39.0512 6.32456 0.0 48.0104 15.0333 22.6551 51.476 44.5389 57.3402 27.4591 41.7612 38.4805 55.2168 14.8813 47.4454 24.8983 3.16228 19.8773 39.1863 14.8661 30.8058 24.0832 25.0359 44.1272 48.3168 49.4276 53.6216 59.2306 58.5761 23.3356 79.4929 63.6477 18.9906 20.8062 17.8885 14.8813 62.1772 51.5062 27.4591 51.1362 53.7587 44.5499 46.2709 33.541 44.8219 46.1952 39.1049 56.4365 26.6833 
45.607 34.0 98.326 83.5281 97.5295 100.393 54.3323 44.3847 77.0818 81.2219 122.011 19.0263 50.2494 48.0104 0.0 37.6431 70.6518 53.8516 38.0789 75.8024 75.452 40.0125 71.5681 103.214 37.5766 67.9117 51.8652 47.5045 67.874 85.4465 33.9706 36.1386 68.1736 43.9318 77.1751 89.9269 14.2127 66.4902 66.4831 82.4253 46.9574 96.566 78.8543 33.2415 68.803 65.7782 42.0476 110.06 42.5441 75.452 34.4093 9.0 54.0833 91.1811 43.9318 88.3826 84.2175 30.0832 104.365 36.4005 
26.2488 8.06226 77.1988 46.7699 89.4181 62.8295 38.8216 13.8924 44.0711 61.7382 87.1335 25.0799 13.9284 15.0333 37.6431 0.0 36.482 53.9816 42.8106 65.2877 40.7263 27.313 51.3136 65.5946 16.4012 37.855 27.9047 16.4924 33.0326 48.6884 6.08276 16.1555 39.1152 27.5867 40.6121 53.1688 42.72 56.1725 61.7171 70.0359 13.3417 88.5985 70.3766 18.3848 32.3693 31.7805 17.8045 75.6203 49.7779 40.7263 49.163 44.9444 32.6497 61.131 20.5183 51.6244 61.0547 37.3363 69.8206 12.083 
39.3901 40.2275 58.258 17.4648 81.9878 30.3719 54.8592 36.2215 7.61577 48.0104 54.243 58.8218 22.0144 22.6551 70.6518 36.482 0.0 70.0645 67.1931 60.1664 9.21954 54.231 40.2492 33.192 37.5355 42.5441 32.3607 24.0615 4.12311 17.1615 37.1435 45.1221 21.4709 43.6243 24.6982 26.3267 72.0817 55.3363 65.4076 60.4152 32.1403 81.4923 66.4831 41.6447 4.12311 9.21954 37.5355 43.043 74.1603 9.21954 73.7903 76.377 50.8035 34.176 44.0454 22.8046 43.1393 61.7591 37.2377 41.4849 
30.6828 60.2993 50.9902 90.9646 43.6807 85.5108 20.0998 67.678 66.2557 35.2278 97.5631 61.3152 55.3705 51.476 53.8516 53.9816 70.0645 0.0 15.8114 23.1948 61.0264 79.7062 29.8329 87.1515 37.6361 90.251 37.7539 50.9459 65.9521 87.2186 48.9472 68.8461 44.0637 26.4511 92.4711 99.7918 43.1045 15.2315 12.6491 30.5941 66.138 42.72 25.1794 37.2528 72.2813 60.8567 36.7986 82.4924 13.3417 61.0264 24.7386 52.2398 86.6266 57.4282 74.4316 96.2969 41.7732 23.7697 78.7751 65.2223 
31.3657 45.8345 63.3246 84.0275 59.4811 96.9347 26.8129 56.0065 73.623 46.4952 111.743 45.6693 48.4334 44.5389 38.0789 42.8106 67.1931 15.8114 0.0 38.0526 68.9468 62.6881 38.9667 99.7547 30.0495 80.6309 38.434 44.0088 64.4153 83.7243 36.7287 53.2632 54.9397 28.539 83.1745 92.8548 28.0713 29.0172 28.4605 45.0111 56.1245 58.5235 40.7922 25.5585 65.3442 61.4842 33.2037 98.6378 8.24621 68.9468 14.2127 37.0 72.995 65.7009 60.5124 89.3598 51.7488 8.06226 93.6082 50.665 
41.9436 71.9177 29.8329 77.599 24.2074 77.4726 27.0185 78.9398 60.8769 18.0278 86.5852 79.8499 61.4841 57.3402 75.8024 65.2877 60.1664 23.1948 38.0526 0.0 55.5428 91.5461 20.3961 79.1133 49.1152 98.5213 41.2321 65.5957 56.0803 77.2957 60.5161 80.5157 38.8973 37.7359 84.5813 86.4609 66.0 9.48683 13.0384 7.61577 77.3988 23.4307 6.32456 49.6488 60.8358 51.0784 48.0595 70.6045 36.4966 55.5428 47.8539 75.0267 97.9115 45.1221 85.7843 82.9388 26.2488 46.0977 68.2495 76.7583 
37.6449 48.473 50.2096 25.0036 76.0592 37.9107 53.1141 45.0444 5.38516 41.5933 46.4725 65.6863 26.9303 27.4591 75.452 40.7263 9.21954 61.0264 68.9468 55.5428 0.0 63.0714 35.171 40.7308 42.2989 51.4296 30.6155 28.4253 8.24621 24.7003 42.0595 53.6004 17.0294 41.8792 32.4706 33.8655 76.8451 51.2415 61.3129 54.7814 41.0122 75.6439 61.8466 46.4082 13.0384 9.89949 42.2989 34.9293 71.4515 0.0 75.544 81.1952 60.0167 25.0799 53.0 30.3434 35.805 63.5128 29.124 49.8197 
53.0 19.7231 104.098 60.1664 115.676 77.4919 65.08 18.0278 61.5224 88.9347 102.46 21.095 38.4708 41.7612 40.0125 27.313 54.231 79.7062 62.6881 91.5461 63.0714 0.0 78.5101 80.0562 42.4382 31.0644 55.1012 43.6578 55.0091 63.2456 31.0644 11.1803 65.5134 53.8238 48.5489 64.0078 51.9711 82.4197 87.4608 96.2943 22.0907 114.856 96.6075 42.5206 50.1597 56.1427 44.7772 96.5091 69.6553 63.0714 66.6408 49.0102 14.5602 86.2844 10.4403 63.9766 87.9537 56.6039 90.4268 15.2315 
27.1897 58.8817 27.0185 57.6248 41.8808 57.7755 17.2627 63.7728 40.5216 10.4403 68.7095 70.7191 42.6244 38.4805 71.5681 51.3136 40.2492 29.8329 38.9667 20.3961 35.171 78.5101 0.0 59.4163 37.6563 79.4264 23.4094 47.777 36.2353 57.3216 48.0833 67.3297 18.7883 28.0 64.8845 66.4868 65.1555 17.72 27.8927 20.2485 61.5499 41.3401 26.6833 40.1561 41.3401 31.3847 34.2053 53.2259 41.2311 35.171 51.8852 73.2462 82.7642 27.7849 71.8031 62.9647 13.0 47.9659 49.98 63.3223 
68.3368 69.3397 64.622 19.9249 96.1041 2.82843 72.0157 63.0714 37.1311 62.3939 22.561 87.9344 54.5761 55.2168 103.214 65.5946 33.192 87.1515 99.7547 79.1133 40.7308 80.0562 59.4163 0.0 70.0971 58.0345 61.3075 56.6232 37.3151 17.0 69.7052 72.8972 45.5247 72.5711 34.0588 19.2354 104.643 76.9755 87.1711 76.4199 59.0339 95.901 85.1125 74.2064 34.8998 42.4105 70.0971 22.8254 97.5766 40.7308 106.352 108.939 72.3671 36.6879 69.6419 17.0294 54.7449 94.3208 18.4391 69.8355 
10.7703 22.8035 64.4981 54.3699 73.2456 67.2771 22.6491 30.2324 43.9654 48.0818 88.5614 33.1361 18.7758 14.8813 37.5766 16.4012 37.5355 37.6361 30.0495 49.1152 42.2989 42.4382 37.6563 70.0971 0.0 53.2526 15.0333 14.3512 34.7577 54.0667 11.4018 31.4006 30.7498 11.4018 55.8764 63.1972 36.7967 40.0 45.3907 53.8634 29.0689 72.426 54.2033 5.0 35.6866 32.6249 4.47214 76.9066 37.0167 42.2989 36.6467 42.2019 49.0408 53.7738 36.7967 59.7022 49.0408 24.5153 71.2115 27.6586 
62.1416 36.0 100.439 39.2046 121.281 56.0 75.0458 25.02 47.8743 88.459 80.3057 49.3356 43.4864 47.4454 67.9117 37.855 42.5441 90.251 80.6309 98.5213 51.4296 31.0644 79.4264 58.0345 53.2526 0.0 63.6733 49.922 45.4863 43.4166 43.9318 31.7805 61.7171 63.8109 24.0 39.3192 77.3175 92.3966 98.0056 99.6872 24.5153 120.674 104.829 56.0446 39.6611 49.2037 53.6563 78.5175 87.5981 51.4296 86.8332 76.6877 17.6918 76.4853 24.0416 41.0122 84.8116 75.1332 72.6911 32.1403 
7.07107 35.4728 49.8197 49.8181 63.9918 59.6667 22.5486 41.1712 35.1794 33.8378 73.4114 48.0416 28.7927 24.8983 51.8652 27.9047 32.3607 37.7539 38.434 41.2321 30.6155 55.1012 23.4094 61.3075 15.0333 63.6733 0.0 24.3681 28.2483 49.5148 24.7386 43.9208 16.6433 11.3137 56.2385 58.68 48.8262 39.8995 45.5085 42.468 39.5602 63.3848 47.5395 18.6815 32.4722 23.1529 11.0454 60.2494 46.809 30.6155 45.0312 55.4707 60.2273 39.3954 48.329 55.1579 34.1321 33.0 55.2769 39.9134 
22.8365 24.5153 60.775 40.896 88.3554 53.8031 35.7406 28.0179 30.4795 58.2016 74.5076 39.4588 9.48683 3.16228 47.5045 16.4924 24.0615 50.9459 44.0088 65.5957 28.4253 43.6578 47.777 56.6232 14.3512 49.922 24.3681 0.0 21.2603 40.5927 15.1327 32.573 23.0217 24.5057 45.5336 49.7232 48.8974 53.0915 58.7005 66.8316 25.8122 87.7484 67.2956 18.4604 22.2127 18.6011 14.3512 62.7694 50.976 28.4253 50.606 53.2475 47.0264 45.7056 35.8469 46.2283 44.6309 38.5748 57.1402 28.4605 
35.2777 40.2445 55.0 21.5879 78.032 34.495 50.7468 37.0 9.21954 44.2041 58.3661 57.9926 19.2366 19.8773 67.874 33.0326 4.12311 65.9521 64.4153 56.0803 8.24621 55.0091 36.2353 37.3151 34.7577 45.4863 28.2483 21.2603 0.0 21.2846 34.3658 45.3982 17.4929 39.5119 28.6531 30.4498 69.3039 51.2415 61.3129 56.4358 33.0151 77.5242 62.3939 38.8669 5.83095 5.09902 34.7577 43.1071 75.0072 8.24621 71.0125 73.654 52.6308 32.0156 45.0444 26.9278 39.6232 58.9813 37.3018 41.5933 
56.5442 52.4309 66.778 4.47214 98.9977 14.3178 72.0134 46.0977 21.1007 64.9036 39.2173 71.0282 38.5456 39.1863 85.4465 48.6884 17.1615 87.2186 83.7243 77.2957 24.7003 63.2456 57.3216 17.0 54.0667 43.4166 49.5148 40.5927 21.2846 0.0 54.6173 55.9017 38.5335 60.7785 19.9249 11.7047 88.0972 72.4751 82.5464 77.4511 42.0476 98.5135 83.6146 58.1759 18.868 26.3801 54.0667 35.1283 96.2737 24.7003 90.3215 92.9083 56.3205 38.606 52.811 7.28011 55.9416 78.2903 29.2746 52.8394 
21.9545 11.4018 74.5252 52.6989 84.6465 66.8852 34.05 19.6977 43.5735 58.5235 88.5023 24.3311 16.2788 14.8661 33.9706 6.08276 37.1435 48.9472 36.7287 60.5161 42.0595 31.0644 48.0833 69.7052 11.4018 43.9318 24.7386 15.1327 34.3658 54.6173 0.0 20.0 38.1182 22.8035 46.541 59.0977 37.5766 51.4009 56.7018 65.2644 19.4165 83.8269 65.6049 12.53 35.2947 32.6956 13.9284 76.922 43.6959 42.0595 43.1045 40.6079 38.0132 60.8276 25.6125 57.5533 58.6941 31.257 71.1375 16.2788 
41.8808 8.60233 93.135 53.3385 104.646 70.214 54.0496 10.0 52.6308 77.7543 94.9368 17.8885 28.0179 30.8058 36.1386 16.1555 45.1221 68.8461 53.2632 80.5157 53.6004 11.1803 67.3297 72.8972 31.4006 31.7805 43.9208 32.573 45.3982 55.9017 20.0 0.0 54.7449 42.8019 43.8406 58.4123 46.0 71.4005 76.6008 85.2639 13.8924 103.826 85.6037 31.8277 41.0 46.0109 33.6155 87.9768 60.2304 53.6004 58.1893 44.911 19.9249 76.0263 8.0 57.6888 76.9909 47.4236 81.8959 4.12311 
23.6008 47.1699 39.3573 38.8368 60.5392 43.8839 28.9279 48.7277 22.2036 26.9072 57.4282 62.3987 27.2029 24.0832 68.1736 39.1152 21.4709 44.0637 54.9397 38.8973 17.0294 65.5134 18.7883 45.5247 30.7498 61.7171 16.6433 23.0217 17.4929 38.5335 38.1182 54.7449 0.0 27.815 46.1411 47.6987 65.4599 34.2788 44.3502 38.9487 46.5049 60.0333 45.2217 34.9394 22.8035 12.8062 26.3551 43.8406 54.4888 17.0294 61.537 72.0694 66.601 23.0868 56.758 44.1766 23.3238 49.5057 39.0512 50.636 
4.24264 34.2053 55.0091 64.5245 61.8547 70.9304 11.4018 41.2388 46.443 38.1182 84.675 43.1741 28.9303 25.0359 43.9318 27.5867 43.6243 26.4511 28.539 37.7359 41.8792 53.8238 28.0 72.5711 11.4018 63.8109 11.3137 24.5057 39.5119 60.7785 22.8035 42.8019 27.815 0.0 66.031 73.3517 39.4462 28.6007 34.2053 42.5441 39.6978 61.0328 42.8019 12.3693 45.8411 34.4166 10.3585 71.513 35.5062 41.8792 35.1362 46.6154 60.2105 50.179 48.0833 69.8568 42.6089 23.105 66.5406 39.0512 
64.3617 43.2666 82.4285 15.5242 106.677 32.0 77.2659 33.9706 28.8709 72.6705 56.4358 61.0737 45.7065 44.1272 77.1751 40.6121 24.6982 92.4711 83.1745 84.5813 32.4706 48.5489 64.8845 34.0588 55.8764 24.0 56.2385 45.5336 28.6531 19.9249 46.541 43.8406 46.1411 66.031 0.0 15.8114 83.1898 79.7414 89.8127 85.0882 30.6105 106.174 90.8962 58.2797 23.7697 33.541 55.8764 54.7449 90.1417 32.4706 89.7717 85.0 38.8973 57.4829 38.6005 17.0294 67.5633 77.7225 49.0306 41.8688 
65.7094 56.5862 76.9434 9.0 108.163 17.72 84.5866 48.4149 30.2659 74.0688 41.0488 74.9667 58.2632 48.3168 89.9269 53.1688 26.3267 99.7918 92.8548 86.4609 33.8655 64.0078 66.4868 19.2354 63.1972 39.3192 58.68 49.7232 30.4498 11.7047 59.0977 58.4123 47.6987 73.3517 15.8114 0.0 95.7465 81.6403 91.7116 86.6163 44.6878 107.679 92.7798 67.3064 27.6586 35.5453 63.1972 41.4367 99.822 33.8655 99.452 97.5759 54.7083 48.7714 53.8516 4.47214 66.1069 87.4208 36.2491 55.9732 
41.8808 41.5933 91.2253 88.4004 86.3134 101.823 48.1041 52.6118 78.5117 74.1424 123.108 31.0483 53.0 49.4276 14.2127 42.72 72.0817 43.1045 28.0713 66.0 76.8451 51.9711 65.1555 104.643 36.7967 77.3175 48.8262 48.8974 69.3039 88.0972 37.5766 46.0 65.4599 39.4462 83.1898 95.7465 0.0 57.0789 55.4437 73.0616 54.3415 85.3288 68.2642 31.8277 69.7171 67.1712 41.0122 109.071 30.5941 76.8451 21.0238 9.21954 65.2763 87.88 54.0 94.2021 78.1089 20.2237 104.099 45.1774 
32.8284 62.8024 35.7771 72.7784 33.2866 75.3348 18.4391 69.8246 56.4708 20.5183 86.3771 70.3847 57.5161 53.6216 66.4902 56.1725 55.3363 15.2315 29.0172 9.48683 51.2415 82.4197 17.72 76.9755 40.0 92.3966 39.8995 53.0915 51.2415 72.4751 51.4009 71.4005 34.2788 28.6007 79.7414 81.6403 57.0789 0.0 10.198 16.0 68.2836 32.45 14.2127 40.3113 56.0132 46.2312 38.9443 70.7743 28.4605 51.2415 39.8497 66.0076 88.7963 45.1885 76.669 78.1182 27.8029 37.0 67.6757 67.6431 
38.4374 68.0539 42.8019 82.8497 31.0483 85.5304 26.0 75.4321 66.5421 29.4109 96.4624 73.9315 63.1251 59.2306 66.4831 61.7171 65.4076 12.6491 28.4605 13.0384 61.3129 87.4608 27.8927 87.1711 45.3907 98.0056 45.5085 58.7005 61.3129 82.5464 56.7018 76.6008 44.3502 34.2053 89.8127 91.7116 55.4437 10.198 0.0 20.5913 73.8926 30.0832 13.0384 45.0074 66.0845 56.3025 44.5533 80.7775 25.02 61.3129 36.0555 64.6297 94.3663 55.1543 82.1862 88.1896 37.2156 36.4005 77.7946 72.977 
46.6919 76.6659 22.6274 77.7544 21.6333 74.7792 31.305 83.8684 60.1664 14.0357 82.201 85.3815 62.72 58.5761 82.4253 70.0359 60.4152 30.5941 45.0111 7.61577 54.7814 96.2943 20.2485 76.4199 53.8634 99.6872 42.468 66.8316 56.4358 77.4511 65.2644 85.2639 38.9487 42.5441 85.0882 86.6163 73.0616 16.0 20.5913 0.0 81.6455 21.095 10.2956 54.7814 61.5873 51.6236 52.8077 66.0984 43.9318 54.7814 55.3173 82.0061 102.86 41.1096 90.7925 83.0943 22.0227 53.0 64.2806 81.5065 
38.0286 13.0 85.3968 39.4462 103.169 56.3649 50.9327 4.12311 39.4588 71.1618 81.1542 30.4795 19.3766 23.3356 46.9574 13.3417 32.1403 66.138 56.1245 77.3988 41.0122 22.0907 61.5499 59.0339 29.0689 24.5153 39.5602 25.8122 33.0151 42.0476 19.4165 13.8924 46.5049 39.6978 30.6105 44.6878 54.3415 68.2836 73.8926 81.6455 0.0 102.562 82.4877 31.6228 28.0713 34.5254 29.5433 74.5356 63.0917 41.0122 62.3939 55.1543 21.6333 64.6297 12.0416 43.8292 69.2434 50.636 68.4547 11.3137 
65.2544 95.2284 34.3657 98.8168 1.0 94.3663 50.448 102.251 81.0247 34.176 99.0454 102.51 83.6368 79.4929 96.566 88.5985 81.4923 42.72 58.5235 23.4307 75.6439 114.856 41.3401 95.901 72.426 120.674 63.3848 87.7484 77.5242 98.5135 83.8269 103.826 60.0333 61.0328 106.174 107.679 85.3288 32.45 30.0832 21.095 102.562 0.0 18.3576 72.7186 82.6801 72.7186 71.3702 83.006 54.7449 75.6439 65.2763 94.541 121.222 59.5399 109.095 104.157 41.2311 66.4831 82.1523 100.069 
47.0325 77.0065 32.6497 83.9179 19.2354 83.4718 32.5269 84.0287 67.1863 23.3452 91.9837 84.1542 67.7916 63.6477 78.8543 70.3766 66.4831 25.1794 40.7922 6.32456 61.8466 96.6075 26.6833 85.1125 54.2033 104.829 47.5395 67.2956 62.3939 83.6146 65.6049 85.6037 45.2217 42.8019 90.8962 92.7798 68.2642 14.2127 13.0384 10.2956 82.4877 18.3576 0.0 54.3783 67.1679 57.3847 53.1483 75.9276 38.0 61.8466 49.0918 77.4145 103.0 50.636 90.8731 89.2577 31.5753 48.8365 73.8241 81.8471 
13.0 23.4307 67.1195 58.4792 73.5731 71.3863 23.7697 32.2025 48.0747 50.3849 92.6707 30.8058 22.885 18.9906 33.2415 18.3848 41.6447 37.2528 25.5585 49.6488 46.4082 42.5206 40.1561 74.2064 5.0 56.0446 18.6815 18.4604 38.8669 58.1759 12.53 31.8277 34.9394 12.3693 58.2797 67.3064 31.8277 40.3113 45.0074 54.7814 31.6228 72.7186 54.3783 0.0 39.7959 36.7342 9.21954 78.4806 32.5257 46.4082 32.1403 37.4433 50.4777 57.9396 38.0132 63.8115 52.0384 20.0998 75.3208 28.4253 
44.1719 36.1149 60.803 18.9737 83.2166 32.0798 57.076 32.1403 11.7047 49.679 55.9508 54.7091 20.1655 20.8062 68.803 32.3693 4.12311 72.2813 65.3442 60.8358 13.0384 50.1597 41.3401 34.8998 35.6866 39.6611 32.4722 22.2127 5.83095 18.868 35.2947 41.0 22.8035 45.8411 23.7697 27.6586 69.7171 56.0132 66.0845 61.5873 28.0713 82.6801 67.1679 39.7959 0.0 10.0 35.6866 47.1568 72.3114 13.0384 71.9414 74.5282 47.0744 37.6431 40.0125 24.3516 45.3431 59.9102 41.3515 37.3631 
30.1823 39.4588 51.3128 26.6833 73.2462 39.5905 45.6515 38.3275 13.0 39.6989 55.9392 56.6127 18.1108 17.8885 65.7782 31.7805 9.21954 60.8567 61.4842 51.0784 9.89949 56.1427 31.3847 42.4105 32.6249 49.2037 23.1529 18.6011 5.09902 26.3801 32.6956 46.0109 12.8062 34.4166 33.541 35.5453 67.1712 46.2312 56.3025 51.6236 34.5254 72.7186 57.3847 36.7342 10.0 0.0 32.6249 44.2945 69.9118 9.89949 68.0815 71.5212 55.0273 30.1496 46.5296 32.0232 35.609 56.0502 38.5876 42.0476 
8.48528 25.0599 60.8276 54.3699 72.1898 67.2771 21.5934 31.1543 43.9654 44.643 88.5614 37.0135 18.7758 14.8813 42.0476 17.8045 37.5355 36.7986 33.2037 48.0595 42.2989 44.7772 34.2053 70.0971 4.47214 53.6563 11.0454 14.3512 34.7577 54.0667 13.9284 33.6155 26.3551 10.3585 55.8764 63.1972 41.0122 38.9443 44.5533 52.8077 29.5433 71.3702 53.1483 9.21954 35.6866 32.6249 0.0 76.9066 40.1709 42.2989 39.8009 46.6154 50.2104 49.379 38.2884 59.7022 45.1774 27.7697 71.2115 29.6816 
67.2788 83.1452 49.163 39.3192 83.0 23.7697 67.3574 78.6578 50.8174 52.6308 16.1245 100.58 61.8244 62.1772 110.06 75.6203 43.043 82.4924 98.6378 70.6045 34.9293 96.5091 53.2259 22.8254 76.9066 78.5175 60.2494 62.7694 43.1071 35.1283 76.922 87.9768 43.8406 71.513 54.7449 41.4367 109.071 70.7743 80.7775 66.0984 74.5356 83.006 75.9276 78.4806 47.1568 44.2945 76.9066 0.0 92.9183 34.9293 105.235 115.803 91.0494 25.632 86.1452 38.3275 44.3847 93.2038 6.08276 84.4588 
38.3329 52.8018 64.0781 90.9948 55.7315 95.9358 29.1548 62.9737 81.9383 47.8853 107.988 52.345 55.4006 51.5062 42.5441 49.7779 74.1603 13.3417 8.24621 36.4966 71.4515 69.6553 41.2311 97.5766 37.0167 87.5981 46.809 50.976 75.0072 96.2737 43.6959 60.2304 54.4888 35.5062 90.1417 99.822 30.5941 28.4605 25.02 43.9318 63.0917 54.7449 38.0 32.5257 72.3114 69.9118 40.1709 92.9183 0.0 71.4515 11.4018 39.8121 79.9622 68.0428 67.4796 96.3271 53.8238 13.4536 89.2001 57.6323 
37.6449 48.473 50.2096 25.0036 76.0592 37.9107 53.1141 45.0444 5.38516 41.5933 46.4725 65.6863 26.9303 27.4591 75.452 40.7263 9.21954 61.0264 68.9468 55.5428 0.0 63.0714 35.171 40.7308 42.2989 51.4296 30.6155 28.4253 8.24621 24.7003 42.0595 53.6004 17.0294 41.8792 32.4706 33.8655 76.8451 51.2415 61.3129 54.7814 41.0122 75.6439 61.8466 46.4082 13.0384 9.89949 42.2989 34.9293 71.4515 0.0 75.544 81.1952 60.0167 25.0799 53.0 30.3434 35.805 63.5128 29.124 49.8197 
37.9629 51.4198 75.3923 90.6248 66.2722 103.532 39.7315 61.9839 80.2203 59.0339 118.34 47.4342 55.0306 51.1362 34.4093 49.163 73.7903 24.7386 14.2127 47.8539 75.544 66.6408 51.8852 106.352 36.6467 86.8332 45.0312 50.606 71.0125 90.3215 43.1045 58.1893 61.537 35.1362 89.7717 99.452 21.0238 39.8497 36.0555 55.3173 62.3939 65.2763 49.0918 32.1403 71.9414 68.0815 39.8009 105.235 11.4018 75.544 0.0 30.0832 78.1089 78.6195 65.8027 95.9571 64.6607 12.0416 100.205 56.0446 
48.7545 42.1545 99.4636 91.177 95.5249 106.119 56.0446 52.811 82.807 82.3772 127.458 28.0179 56.7274 53.7587 9.0 44.9444 76.377 52.2398 37.0 75.0267 81.1952 49.0102 73.2462 108.939 42.2019 76.6877 55.4707 53.2475 73.654 92.9083 40.6079 44.911 72.0694 46.6154 85.0 97.5759 9.21954 66.0076 64.6297 82.0061 55.1543 94.541 77.4145 37.4433 74.5282 71.5212 46.6154 115.803 39.8121 81.1952 30.0832 0.0 63.0714 94.8103 52.7731 96.0315 86.1278 29.0172 110.108 44.9222 
58.6957 27.2947 105.832 52.6118 122.042 70.0357 71.4454 19.105 57.3149 92.3761 94.921 35.0571 40.5909 44.5499 54.0833 32.6497 50.8035 86.6266 72.995 97.9115 60.0167 14.5602 82.7642 72.3671 49.0408 17.6918 60.2273 47.0264 52.6308 56.3205 38.0132 19.9249 66.601 60.2105 38.8973 54.7083 65.2763 88.7963 94.3663 102.86 21.6333 121.222 103.0 50.4777 47.0744 55.0273 50.2104 91.0494 79.9622 60.0167 78.1089 63.0714 0.0 84.6463 12.53 55.5428 89.8933 67.2309 85.0235 22.3607 
46.0652 69.0652 28.178 43.0557 59.6825 35.4683 42.482 68.469 29.1548 27.2947 41.4849 85.1587 48.0104 46.2709 91.1811 61.131 34.176 57.4282 65.7009 45.1221 25.0799 86.2844 27.7849 36.6879 53.7738 76.4853 39.3954 45.7056 32.0156 38.606 60.8276 76.0263 23.0868 50.179 57.4829 48.7714 87.88 45.1885 55.1543 41.1096 64.6297 59.5399 50.636 57.9396 37.6431 30.1496 49.379 25.632 68.0428 25.0799 78.6195 94.8103 84.6463 0.0 76.6551 44.5301 19.105 71.8697 23.1948 72.0069 
46.7547 14.7648 95.6499 49.7695 109.915 67.0671 59.3182 8.24621 51.2445 81.415 92.0272 25.2982 29.6298 33.541 43.9318 20.5183 44.0454 74.4316 60.5124 85.7843 53.0 10.4403 71.8031 69.6419 36.7967 24.0416 48.329 35.8469 45.0444 52.811 25.6125 8.0 56.758 48.0833 38.6005 53.8516 54.0 76.669 82.1862 90.7925 12.0416 109.095 90.8731 38.0132 40.0125 46.5296 38.2884 86.1452 67.4796 53.0 65.8027 52.7731 12.53 76.6551 0.0 53.6656 79.4965 54.7814 80.0625 9.84886 
62.1873 55.2268 72.7021 5.38516 103.302 15.0333 81.0916 47.7074 26.7438 69.4622 39.4588 73.7564 44.1811 44.8219 88.3826 51.6244 22.8046 96.2969 89.3598 82.9388 30.3434 63.9766 62.9647 17.0294 59.7022 41.0122 55.1579 46.2283 26.9278 7.28011 57.5533 57.6888 44.1766 69.8568 17.0294 4.47214 94.2021 78.1182 88.1896 83.0943 43.8292 104.157 89.2577 63.8115 24.3516 32.0232 59.7022 38.3275 96.3271 30.3434 95.9571 96.0315 55.5428 44.5301 53.6656 0.0 61.8656 83.9258 32.8938 55.0 
39.0512 69.1069 16.1555 60.0963 41.4849 53.1507 30.0832 71.4662 41.0488 8.24621 60.4152 82.1523 50.1597 46.1952 84.2175 61.0547 43.1393 41.7732 51.7488 26.2488 35.805 87.9537 13.0 54.7449 49.0408 84.8116 34.1321 44.6309 39.6232 55.9416 58.6941 76.9909 23.3238 42.6089 67.5633 66.1069 78.1089 27.8029 37.2156 22.0227 69.2434 41.2311 31.5753 52.0384 45.3431 35.609 45.1774 44.3847 53.8238 35.805 64.6607 86.1278 89.8933 19.105 79.4965 61.8656 0.0 60.921 42.2966 72.8678 
25.9317 40.1622 70.9036 78.5935 67.4463 91.5007 30.9258 50.448 68.189 54.0632 106.309 38.8973 42.9617 39.1049 30.0832 37.3363 61.7591 23.7697 8.06226 46.0977 63.5128 56.6039 47.9659 94.3208 24.5153 75.1332 33.0 38.5748 58.9813 78.2903 31.257 47.4236 49.5057 23.105 77.7225 87.4208 20.2237 37.0 36.4005 53.0 50.636 66.4831 48.8365 20.0998 59.9102 56.0502 27.7697 93.2038 13.4536 63.5128 12.0416 29.0172 67.2309 71.8697 54.7814 83.9258 60.921 0.0 88.1742 44.9444 
62.3063 77.3399 49.0306 33.541 82.2192 18.868 63.6393 72.5769 44.7365 50.4876 18.7883 94.7806 56.0246 56.4365 104.365 69.8206 37.2377 78.7751 93.6082 68.2495 29.124 90.4268 49.98 18.4391 71.2115 72.6911 55.2769 57.1402 37.3018 29.2746 71.1375 81.8959 39.0512 66.5406 49.0306 36.2491 104.099 67.6757 77.7946 64.2806 68.4547 82.1523 73.8241 75.3208 41.3515 38.5876 71.2115 6.08276 89.2001 29.124 100.205 110.108 85.0235 23.1948 80.0625 32.8938 42.2966 88.1742 0.0 78.4594 
38.0132 5.0 89.0119 50.4777 100.889 67.1193 50.2922 8.06226 49.0408 73.7469 91.7061 19.2094 24.0 26.6833 36.4005 12.083 41.4849 65.2223 50.665 76.7583 49.8197 15.2315 63.3223 69.8355 27.6586 32.1403 39.9134 28.4605 41.5933 52.8394 16.2788 4.12311 50.636 39.0512 41.8688 55.9732 45.1774 67.6431 72.977 81.5065 11.3137 100.069 81.8471 28.4253 37.3631 42.0476 29.6816 84.4588 57.6323 49.8197 56.0446 44.9222 22.3607 72.0069 9.84886 55.0 72.8678 44.9444 78.4594 0.0 
DEMAND_SCENARIO_SECTION
0 0 0 0 0 0 0 0 0 0 0 0 0 0 0 0 0 0 0 0 0 0 0 0 0 0 0 0 0 0 0 0 0 0 0 0 0 0 0 0 0 0 0 0 0 0 0 0 0 0 0 0 0 0 0 0 0 0 0 0 0 0 0 0 0 0 0 0 0 0 0 0 0 0 0 0 0 0 0 0 0 0 0 0 0 0 0 0 0 0 0 0 0 0 0 0 0 0 0 0 0 0 0 0 0 0 0 0 0 0 0 0 0 0 0 0 0 0 0 0 0 0 0 0 0 0 0 0 0 0 0 0 0 0 0 0 0 0 0 0 0 0 0 0 0 0 0 0 0 0 0 0 0 0 0 0 0 0 0 0 0 0 0 0 0 0 0 0 0 0 0 0 0 0 0 0 0 0 0 0 0 0 0 0 0 0 0 0 0 0 0 0 0 0 0 0 0 0 0 0 
3 3 3 2 1 1 2 3 2 3 2 2 2 2 2 2 3 2 2 2 2 3 2 2 2 2 2 2 2 1 2 2 1 2 2 2 1 1 2 2 2 2 1 3 2 2 1 2 3 1 3 2 2 3 3 2 1 2 2 2 3 2 2 1 2 2 1 3 3 2 3 2 3 1 1 2 1 3 3 2 2 3 1 3 2 2 2 1 2 2 2 2 2 2 2 2 2 2 1 3 1 3 3 2 1 0 4 1 1 2 1 2 3 1 3 0 2 1 1 1 2 3 2 2 1 1 2 1 0 2 1 2 2 0 1 1 2 2 2 2 3 1 2 2 2 1 2 2 1 3 2 2 2 1 3 1 3 2 1 2 1 1 2 3 2 2 2 1 2 2 2 3 3 2 2 1 3 2 3 2 2 2 3 2 1 3 3 3 2 2 2 2 3 1 3 2 2 2 1 1 
2 6 8 5 9 7 9 8 7 7 4 4 8 7 7 6 4 4 8 7 8 6 5 6 6 5 2 4 4 2 8 3 9 9 4 10 10 6 4 5 8 2 8 6 6 6 4 7 4 7 6 9 5 6 4 4 6 6 4 10 5 4 9 6 7 12 3 7 6 2 7 7 8 3 2 3 6 11 5 3 9 6 8 2 5 5 9 7 7 5 3 3 2 8 5 7 4 9 9 5 9 4 6 9 0 7 2 6 4 6 8 6 5 7 8 8 8 9 5 6 6 6 6 5 7 1 8 8 6 2 8 8 6 5 8 7 5 8 10 8 5 6 4 3 7 5 5 4 5 3 6 5 1 6 5 7 9 4 8 6 6 5 4 8 4 5 8 7 4 3 6 6 6 4 4 8 3 6 5 3 6 6 6 7 8 5 5 6 7 6 7 2 9 6 6 6 6 7 5 3 
4 3 5 4 3 3 3 2 3 5 4 5 4 6 4 4 4 5 5 5 3 4 3 5 4 5 6 5 5 5 3 5 5 3 4 4 1 4 5 4 6 5 5 3 6 5 4 5 4 3 2 2 4 4 4 4 6 5 4 5 4 4 5 6 5 3 2 4 3 6 4 4 5 3 4 5 3 4 5 5 4 4 4 3 4 4 6 2 5 4 4 3 4 4 6 5 3 6 5 5 3 4 5 6 6 3 3 6 6 4 3 3 5 2 5 4 2 2 1 4 3 4 6 8 3 4 3 5 4 6 5 4 4 6 6 4 5 5 4 4 3 5 2 4 3 4 2 5 4 2 3 4 3 5 4 6 3 3 5 2 2 5 5 4 5 4 4 4 6 4 3 6 5 5 4 3 5 5 5 5 5 4 4 7 4 3 5 5 6 5 6 3 4 4 4 3 5 5 7 6 
9 9 5 9 8 9 4 5 10 8 7 7 11 14 9 10 7 6 10 5 10 7 10 10 7 7 7 8 12 10 8 5 12 10 9 12 3 5 9 7 12 12 8 5 9 11 12 8 12 7 12 7 5 11 6 10 5 6 10 6 6 11 8 8 9 7 6 6 4 5 9 7 9 9 5 12 8 10 10 7 5 9 4 3 8 11 3 7 6 7 4 11 8 5 5 7 6 7 8 4 6 5 6 7 11 8 9 4 9 5 10 8 7 5 4 9 6 12 9 9 9 10 7 7 10 10 5 12 7 8 11 8 11 9 3 7 10 2 2 8 9 10 5 9 7 7 12 2 11 6 10 7 15 3 6 12 6 6 11 7 4 9 6 6 3 11 10 10 7 11 10 11 8 9 7 6 0 9 2 5 1 8 8 9 11 12 6 9 6 10 3 9 7 8 6 7 8 8 7 10 
3 3 2 3 1 3 1 3 3 4 3 5 3 3 4 4 4 2 4 3 0 3 2 5 1 3 2 1 3 4 3 4 4 3 4 2 3 3 3 3 1 2 2 4 4 3 3 1 3 1 4 3 3 3 3 4 3 3 3 5 1 3 4 2 3 3 3 4 5 2 3 4 3 3 3 3 2 2 1 1 5 2 3 2 4 2 4 4 2 1 2 3 3 2 3 3 4 3 5 3 3 4 4 3 5 2 2 3 1 4 3 4 3 3 3 3 2 2 2 2 4 2 2 5 3 3 4 4 3 2 3 4 5 2 5 2 5 1 3 4 3 3 4 3 3 3 2 3 3 3 2 3 3 3 4 3 4 2 3 3 3 4 3 2 3 4 2 3 3 4 4 2 5 2 2 4 3 4 2 5 1 4 2 3 4 5 1 2 3 3 2 3 3 3 3 4 4 2 3 2 
3 8 10 11 4 7 6 4 6 8 8 4 4 7 6 4 4 4 8 8 2 8 6 8 5 5 6 4 8 5 5 10 6 8 5 6 6 9 7 3 4 6 7 10 4 8 7 4 3 3 3 5 6 8 4 3 6 0 6 7 7 7 5 3 5 7 6 6 8 7 7 5 1 5 7 4 10 2 5 6 5 4 7 10 6 7 7 5 8 3 8 9 3 8 5 5 6 4 7 6 5 7 8 6 5 8 6 4 6 6 6 5 6 5 10 3 6 2 8 7 7 11 7 7 6 2 8 5 6 6 8 3 3 7 6 5 5 8 4 3 9 5 4 7 9 7 10 11 3 5 7 7 6 7 6 6 10 5 8 3 6 6 7 4 4 2 5 8 5 6 5 6 7 8 6 5 5 6 6 5 5 3 7 5 8 5 5 7 8 6 8 6 4 5 6 3 11 8 8 8 
4 5 6 6 7 6 2 5 7 6 5 5 6 4 4 7 7 4 5 4 6 3 6 5 8 4 5 7 4 6 3 5 6 2 4 5 7 5 3 4 5 5 5 4 9 7 4 7 5 4 4 2 6 9 5 4 10 5 6 5 5 7 5 4 7 2 5 6 6 5 3 5 3 3 1 4 5 6 4 4 5 5 8 6 5 4 7 5 5 3 3 4 5 0 3 5 5 4 8 5 6 4 6 3 5 6 2 5 2 5 4 4 4 5 5 6 5 5 4 3 8 3 4 4 5 8 5 9 4 4 6 5 3 1 8 7 4 5 5 5 4 6 7 5 3 5 5 7 5 4 6 5 8 6 6 3 6 7 7 8 4 7 5 6 8 8 7 4 5 8 5 5 5 5 5 4 7 2 5 5 8 2 4 5 4 7 5 5 3 6 6 6 3 8 8 4 7 6 5 5 
6 8 6 4 7 6 5 2 11 8 8 7 4 5 3 4 9 5 3 10 11 9 2 6 5 8 8 7 5 4 3 8 6 6 7 11 4 5 4 8 3 6 7 5 7 3 6 9 10 5 9 6 5 4 4 5 8 9 4 9 2 9 7 6 6 4 7 6 2 8 6 5 7 7 8 8 3 7 7 4 4 7 8 4 8 7 9 10 7 8 5 5 6 5 7 5 5 4 5 2 2 5 6 4 8 10 4 3 8 7 6 7 3 5 4 4 8 4 6 6 8 2 7 5 6 5 6 6 4 3 4 8 8 8 5 7 8 4 9 6 10 8 5 6 6 9 7 7 7 7 5 3 10 7 5 5 4 4 7 4 5 5 4 8 5 5 10 6 4 3 6 5 6 4 5 3 7 6 6 4 6 7 8 2 8 7 7 8 6 3 7 4 11 4 3 6 7 6 3 8 
7 10 6 6 8 8 9 9 5 6 8 7 5 7 6 6 7 5 7 9 5 10 6 9 9 7 6 2 4 6 5 8 10 6 8 9 6 9 5 8 7 5 10 5 7 7 8 7 7 2 4 7 4 3 10 6 6 4 7 6 6 7 8 6 4 8 7 5 3 5 6 6 7 6 7 6 9 7 1 5 6 4 3 6 7 4 10 8 5 4 4 7 3 7 4 3 6 3 3 9 3 7 3 5 3 4 3 4 7 2 8 5 4 7 5 5 6 5 7 7 3 7 6 4 7 7 8 7 8 7 3 6 7 4 6 8 4 9 4 7 10 7 7 8 6 6 8 7 3 6 6 6 7 9 6 4 4 5 6 9 7 9 5 1 8 4 5 6 3 4 2 4 5 7 3 7 5 6 5 7 7 3 8 6 6 9 6 3 7 4 8 4 9 5 6 7 8 3 6 9 
7 10 9 9 8 9 9 5 8 7 6 11 8 10 2 7 4 10 9 6 8 6 8 3 7 10 13 5 6 6 5 8 7 14 6 9 8 4 3 10 7 12 5 6 8 6 4 9 10 5 7 3 6 8 3 9 9 12 5 4 6 7 12 6 5 7 8 7 3 10 7 10 4 4 8 6 3 3 3 9 10 4 10 7 7 5 7 9 9 6 6 9 9 9 4 7 11 4 4 8 8 8 1 9 6 9 8 4 8 12 5 4 5 9 8 8 10 5 9 6 6 8 4 8 8 3 7 5 11 3 9 8 7 5 9 9 5 5 7 7 7 7 7 4 6 7 7 9 4 5 13 11 7 9 9 10 8 10 5 6 8 8 7 6 8 9 4 5 10 4 6 8 4 5 8 3 6 6 9 5 5 5 7 9 5 8 8 1 9 6 8 5 7 5 8 3 6 7 5 6 
1 1 2 1 1 1 1 1 1 1 2 1 1 1 1 1 1 1 2 1 2 1 1 1 1 1 1 1 1 1 1 1 1 0 1 2 1 1 1 1 1 1 1 1 1 1 0 1 1 1 0 1 1 1 2 1 1 1 1 1 1 1 1 0 1 2 1 1 1 1 1 1 1 1 1 1 2 1 1 1 0 1 1 1 1 0 1 1 1 1 1 0 1 1 1 1 1 1 1 1 1 1 1 1 0 1 1 1 1 0 0 1 1 0 1 1 2 1 1 1 1 1 1 1 2 2 0 1 1 1 1 1 1 0 1 1 1 1 1 1 1 1 1 1 1 1 1 1 1 1 1 1 1 1 1 1 1 2 1 2 1 1 2 1 1 1 1 0 1 1 0 0 0 1 1 1 2 0 1 1 1 2 1 2 1 0 1 1 1 1 1 1 1 1 1 1 1 0 1 1 
2 2 2 2 2 2 2 2 2 2 2 2 3 2 1 2 3 1 1 2 1 3 1 2 1 2 2 1 1 1 1 1 3 3 2 2 2 2 3 3 2 1 2 3 1 2 1 2 3 3 3 2 2 2 2 2 2 3 1 1 3 2 2 2 2 2 2 2 2 2 3 2 2 1 2 2 2 2 2 3 2 2 1 2 2 1 2 2 2 2 2 2 2 2 2 2 2 3 3 3 2 1 1 3 3 3 1 2 2 2 2 4 1 2 2 2 2 2 2 2 2 0 2 2 2 2 2 2 3 1 2 2 1 1 1 3 2 2 2 2 3 2 1 4 1 2 2 2 1 3 3 1 4 2 2 2 1 3 3 1 1 2 1 3 2 1 1 1 2 3 2 2 2 2 2 4 2 2 3 1 2 2 3 2 2 1 2 3 2 1 2 2 2 1 2 2 3 1 3 3 
5 6 5 6 6 7 7 3 7 5 6 4 5 7 6 6 4 5 8 5 6 4 4 6 5 4 7 8 3 5 3 3 4 2 5 1 3 6 5 4 5 5 8 4 2 2 7 0 6 8 1 4 7 4 5 3 3 7 4 5 2 6 4 5 7 8 8 4 5 4 5 4 4 5 5 7 4 5 5 4 5 6 2 6 5 5 5 1 6 2 3 7 6 5 3 5 3 6 0 3 9 6 5 5 6 6 2 5 5 5 2 5 2 1 5 11 4 3 4 7 6 3 6 4 3 4 5 7 2 4 4 4 3 5 2 6 4 7 8 5 6 6 9 5 5 3 8 4 4 2 5 3 7 6 4 9 3 4 5 4 6 7 2 5 1 5 6 4 5 3 5 9 6 5 3 5 6 2 7 5 4 4 8 7 2 3 5 7 4 5 7 4 5 2 3 8 5 4 4 5 
7 8 5 3 6 5 8 5 3 9 4 3 5 4 6 7 3 7 5 5 4 2 5 4 7 4 7 6 7 6 6 7 5 8 3 4 5 7 4 1 6 5 5 4 4 7 7 4 8 7 5 5 6 4 4 5 6 3 6 2 5 3 6 6 4 9 3 8 5 7 5 3 3 4 7 3 6 3 6 5 6 4 4 5 3 6 7 7 6 5 3 7 4 8 3 4 3 6 5 4 6 7 4 4 5 5 6 6 3 4 6 5 5 5 6 1 4 6 2 9 6 3 4 4 8 6 1 7 4 7 4 3 6 6 5 5 5 6 1 7 5 4 4 6 2 4 6 5 7 8 3 9 3 6 4 7 5 6 4 7 6 3 7 6 6 5 4 7 5 5 6 5 6 5 7 7 4 5 9 5 5 7 5 6 6 5 5 5 3 5 6 4 2 7 5 2 3 5 4 4 
4 7 11 10 12 9 10 13 15 3 9 11 11 11 14 10 4 13 12 11 9 11 12 8 6 8 14 12 12 14 5 10 13 7 12 7 15 14 5 10 2 9 7 9 10 13 13 6 9 10 11 10 9 8 17 9 8 15 5 12 11 12 14 8 12 11 12 7 9 9 9 10 10 9 5 11 10 8 11 10 6 0 7 14 8 4 17 19 11 10 9 12 5 5 12 9 12 12 8 17 8 7 4 10 12 14 15 13 13 7 15 12 12 8 7 7 5 11 16 5 8 10 11 10 10 6 10 10 14 12 11 8 14 12 5 14 12 7 8 9 11 16 7 5 12 12 13 13 14 13 13 16 9 19 9 11 10 2 13 11 10 12 10 13 12 14 11 8 10 10 13 11 9 8 8 9 12 13 8 9 12 7 9 6 9 6 15 12 4 15 15 9 9 18 13 8 11 8 14 6 
15 16 9 8 5 11 5 8 10 11 8 7 8 16 6 8 8 6 8 4 8 7 14 9 11 12 14 7 16 12 6 18 11 6 11 8 16 12 9 6 17 20 12 9 13 14 12 10 6 11 8 9 9 10 17 5 5 8 8 10 5 11 8 5 10 10 16 7 14 4 9 3 13 10 13 12 16 12 6 6 15 12 17 8 8 7 10 7 8 12 8 15 11 10 13 5 10 10 14 17 7 12 14 13 9 15 16 13 10 14 14 4 7 10 10 12 10 13 10 3 9 4 12 9 12 5 7 12 16 8 14 3 10 7 6 10 9 11 12 9 11 7 9 13 13 10 14 9 14 10 13 12 9 12 9 9 12 13 12 8 11 12 10 6 13 14 13 14 10 12 10 8 9 11 8 14 7 12 10 4 11 7 8 12 8 13 10 7 7 6 18 9 17 9 12 11 13 11 5 10 
8 9 9 10 6 5 3 9 7 8 8 12 7 7 4 8 8 9 13 6 3 7 12 7 7 3 9 10 9 6 8 4 9 11 9 7 13 8 8 8 13 13 3 3 10 9 13 9 7 8 12 11 3 10 9 7 8 9 7 9 6 4 8 13 8 8 7 6 9 4 8 7 9 7 5 3 8 5 4 4 8 5 9 12 3 11 7 8 10 11 8 3 8 8 6 5 8 8 8 5 8 9 9 8 9 7 5 2 9 6 10 6 5 10 12 6 7 5 6 13 11 10 8 7 8 8 8 3 8 12 9 7 9 12 8 7 8 10 15 8 10 8 14 10 8 8 4 9 10 9 4 9 7 9 7 8 10 6 11 11 9 11 14 6 10 11 9 7 7 11 10 9 5 8 8 5 9 10 11 10 4 8 12 7 10 7 7 11 5 12 7 13 3 10 10 10 8 8 8 4 
4 4 0 4 2 4 2 3 1 4 2 3 3 3 3 3 3 3 2 3 3 3 3 1 5 3 0 3 4 4 3 2 1 3 3 4 2 1 2 3 2 2 2 3 2 3 4 0 2 2 4 3 3 2 2 3 3 2 2 3 3 2 3 3 2 2 4 5 3 3 3 3 4 2 1 3 2 4 2 3 3 4 3 4 3 3 2 3 3 3 4 4 4 3 4 3 3 4 3 5 4 4 2 3 3 5 3 1 3 2 2 3 5 3 4 3 0 4 2 3 3 3 2 4 3 2 3 1 4 4 4 1 3 4 3 2 4 5 4 3 2 3 2 5 2 4 3 3 6 3 4 2 2 2 4 4 3 3 4 3 3 3 2 5 3 4 2 2 3 3 2 3 3 3 5 2 3 3 4 4 2 1 3 2 4 5 2 3 2 2 3 4 3 3 4 1 4 3 3 3 
9 7 7 8 10 13 11 8 11 5 9 7 9 12 12 4 6 6 6 9 11 9 10 9 12 3 8 8 9 0 6 10 5 14 11 12 8 17 10 6 11 5 8 3 5 9 4 7 13 10 12 8 15 11 7 12 1 3 5 11 7 8 14 10 8 5 5 8 7 6 6 9 7 14 11 5 8 11 9 8 11 9 9 5 11 10 8 7 11 7 10 7 13 13 12 9 8 10 15 13 16 9 11 6 10 6 11 8 10 4 10 7 6 3 9 9 5 11 13 9 6 8 11 12 6 8 11 6 11 9 8 10 10 11 4 9 12 13 6 12 6 7 11 10 12 12 7 11 10 12 11 4 11 9 2 10 5 11 11 7 8 10 11 8 12 10 13 12 4 10 10 10 15 3 10 10 11 13 14 12 2 5 8 14 8 7 11 12 9 15 10 8 7 11 7 6 9 9 6 10 
4 1 7 2 6 5 3 5 2 5 4 4 6 3 4 6 6 5 5 6 6 2 7 4 4 3 4 1 4 4 6 5 3 5 1 3 4 3 4 4 3 3 6 6 6 2 2 6 4 4 3 2 5 4 3 5 5 5 5 3 5 4 4 6 3 7 3 3 3 4 3 3 3 3 4 4 3 5 2 4 4 5 3 3 4 4 6 6 5 4 2 1 4 4 3 5 1 3 5 3 2 5 6 6 1 3 2 5 2 3 5 5 4 4 4 4 6 3 4 5 5 5 3 4 2 4 2 5 5 6 5 4 5 5 5 5 3 4 5 4 3 3 4 4 2 6 4 2 4 5 3 4 4 4 2 5 5 3 4 3 5 5 5 5 4 6 4 6 5 6 4 3 5 3 4 5 3 4 5 4 3 5 5 4 5 4 4 2 2 6 3 3 2 5 2 3 3 5 5 2 
3 7 6 8 4 3 5 4 1 11 4 5 7 3 6 6 5 5 8 7 5 8 4 6 1 7 10 7 7 3 7 7 4 9 3 4 4 5 4 7 6 6 9 10 10 5 8 4 6 9 7 4 10 9 7 7 7 1 5 4 7 5 8 9 7 6 8 7 4 11 6 9 5 8 4 9 5 4 8 0 6 7 5 2 5 6 7 3 5 8 3 8 2 4 4 5 6 6 7 7 4 5 6 6 9 5 4 9 11 8 9 7 7 7 6 5 5 6 6 6 10 7 7 11 8 7 11 3 6 4 10 8 5 4 5 8 4 7 6 9 8 6 4 6 3 8 7 7 8 7 6 6 5 12 4 7 6 5 7 7 8 7 7 4 6 7 7 8 3 9 5 5 4 6 5 6 9 8 2 6 9 7 7 11 9 7 4 8 6 7 6 5 3 3 7 5 4 8 4 8 
4 5 5 6 3 6 6 6 2 3 5 2 2 6 3 1 6 6 4 4 5 5 4 3 6 3 5 3 2 5 4 2 7 4 4 4 3 6 5 6 3 3 5 5 6 7 4 4 4 2 6 3 6 5 5 5 2 6 4 3 6 6 2 4 4 3 3 2 5 4 5 7 1 3 4 4 2 4 4 3 3 2 3 5 3 5 6 5 2 3 3 3 5 2 3 2 3 2 4 4 5 4 4 5 4 3 3 5 5 3 4 3 4 6 4 4 6 4 2 5 5 5 6 2 2 5 3 6 3 5 6 6 4 3 5 4 4 2 2 3 3 2 4 5 4 7 5 3 4 5 6 4 3 6 4 3 2 4 2 2 3 5 3 6 5 5 6 3 4 5 3 3 4 4 4 2 3 3 3 4 4 5 4 1 4 3 3 4 4 3 4 5 3 3 6 2 3 4 4 5 
