NAME  : Jabali_60_2_0.90_1_9
TYPE : SVRP
MODEL : FINITE_SUPPORT
NUMBER_OF_SCENARIOS : 200
DIMENSION : 60
EDGE_WEIGHT_TYPE : MATRIX
CAPACITY : 181
N_VEHICLES : 2
NODE_COORD_SECTION
1 4002 3681
2 1593 1396
3 2768 1124
4 4130 4661
5 4592 1566
6 6718 3329
7 703 2481
8 27 3942
9 6980 1962
10 7676 3914
11 3516 7868
12 2005 4330
13 3784 2846
14 3439 6582
15 6349 3461
16 2240 1207
17 5131 4286
18 5432 2344
19 8396 3256
20 2203 1943
21 1931 1557
22 1562 4438
23 2602 5456
24 1078 4341
25 3138 542
26 5594 1155
27 8274 4389
28 2860 4446
29 5050 6967
30 6921 4419
31 6346 5198
32 2793 7342
33 4032 278
34 2954 5240
35 4799 18
36 6415 3244
37 2663 2789
38 1896 5968
39 3897 2592
40 8099 5435
41 4668 5766
42 3060 5510
43 32 2946
44 6438 5558
45 5567 2193
46 3972 4290
47 1335 1809
48 1949 6130
49 3151 7838
50 4298 4648
51 5959 4927
52 3281 2949
53 5471 6334
54 919 5395
55 5236 2618
56 3541 2000
57 3806 741
58 5327 6586
59 9266 4379
60 3134 140
DEMAND_SECTION
1 0.0
2 3.0
3 9.0
4 6.0
5 2.0
6 10.0
7 4.0
8 7.0
9 5.0
10 9.0
11 1.0
12 3.0
13 8.0
14 1.0
15 6.0
16 9.0
17 4.0
18 9.0
19 7.0
20 9.0
21 3.0
22 4.0
23 3.0
24 3.0
25 7.0
26 1.0
27 10.0
28 2.0
29 5.0
30 5.0
31 10.0
32 8.0
33 3.0
34 1.0
35 2.0
36 9.0
37 10.0
38 8.0
39 1.0
40 4.0
41 6.0
42 9.0
43 7.0
44 2.0
45 5.0
46 10.0
47 7.0
48 2.0
49 10.0
50 6.0
51 5.0
52 8.0
53 6.0
54 6.0
55 4.0
56 8.0
57 2.0
58 5.0
59 4.0
60 4.0
DEVIATION_SECTION
1 0.0
2 1.0
3 3.0
4 2.0
5 0.666667
6 3.33333
7 1.33333
8 2.33333
9 1.66667
10 3.0
11 0.333333
12 1.0
13 2.66667
14 0.333333
15 2.0
16 3.0
17 1.33333
18 3.0
19 2.33333
20 3.0
21 1.0
22 1.33333
23 1.0
24 1.0
25 2.33333
26 0.333333
27 3.33333
28 0.666667
29 1.66667
30 1.66667
31 3.33333
32 2.66667
33 1.0
34 0.333333
35 0.666667
36 3.0
37 3.33333
38 2.66667
39 0.333333
40 1.33333
41 2.0
42 3.0
43 2.33333
44 0.666667
45 1.66667
46 3.33333
47 2.33333
48 0.666667
49 3.33333
50 2.0
51 1.66667
52 2.66667
53 2.0
54 2.0
55 1.33333
56 2.66667
57 0.666667
58 1.66667
59 1.33333
60 1.33333
DISTANCE_MATRIX
0.0 44.1814 37.3631 13.0395 30.7584 39.8547 47.8853 54.2033 46.5347 52.0204 57.4845 29.1548 12.083 40.3118 35.386 40.1995 17.0592 26.3059 62.7748 34.1321 40.05 34.9285 30.5941 40.7063 43.4391 41.1096 60.1741 19.105 46.4402 41.8155 37.221 52.4786 49.5526 25.9615 52.3747 36.8471 21.8403 42.2966 14.4526 60.5441 30.0976 27.8568 54.8179 40.2934 28.2843 8.48528 44.1475 43.4166 57.2679 13.4544 31.3364 14.0357 37.6072 48.0521 22.2036 23.7065 49.7671 40.6136 73.6127 48.4307 
44.1814 0.0 16.1245 55.0818 41.6137 72.7962 19.105 40.5216 73.5509 88.4092 90.377 40.2244 34.2053 73.5391 69.2317 8.94427 60.4962 58.7224 96.7046 10.0499 4.47214 41.0366 56.356 40.6079 23.7697 53.9128 98.3847 44.5982 89.8712 83.3747 80.658 81.9878 34.7851 55.1543 45.607 69.1958 23.0868 62.0081 34.176 102.967 73.5286 58.3095 30.0167 83.7304 57.7359 50.04 6.08276 63.4114 89.0056 56.0357 74.7734 30.1496 81.0381 54.8179 52.8254 27.8254 30.8869 84.0446 110.774 26.0768 
37.3631 16.1245 0.0 49.98 31.1576 63.3805 33.541 53.0848 58.6251 78.9935 90.4434 44.6542 25.5223 73.2393 59.816 7.2111 54.2834 48.2663 86.2485 13.1529 12.6491 47.4131 58.0 49.0408 9.21954 37.7882 88.9689 44.6878 82.947 73.9589 74.4453 83.6301 19.2354 55.4437 30.2655 59.78 21.9317 66.2193 24.4109 95.142 66.6044 58.4123 44.5533 77.5177 47.2798 44.9444 21.1896 67.624 89.8109 50.5964 68.5607 24.5967 74.806 62.6498 42.3693 17.3693 14.7648 77.1203 101.358 13.4164 
13.0395 55.0818 49.98 0.0 53.8832 38.6394 55.3624 56.8507 53.1507 48.3011 54.372 29.7321 25.0599 29.3117 34.3657 52.1728 14.1421 38.1455 60.1664 45.1774 51.2445 35.3553 23.5372 41.7253 56.1352 53.4453 55.2178 17.6918 37.6065 36.8917 29.4436 41.507 62.5915 18.4391 65.1925 36.2215 32.0156 35.5106 27.4915 53.4173 21.2639 19.0263 60.3738 31.9763 39.3028 5.09902 54.0833 36.3456 46.2678 1.41421 24.0891 25.7099 28.7734 45.1774 36.0832 36.7151 62.806 31.7798 68.6003 61.1269 
30.7584 41.6137 31.1576 53.8832 0.0 37.6023 53.774 69.1231 32.0331 52.8855 87.3918 51.2445 19.6469 70.219 35.897 35.0671 43.2734 17.2047 56.1418 32.9304 37.1459 56.0357 58.4386 60.075 29.0692 15.2971 63.0541 45.2337 77.9583 51.1817 57.8466 82.125 19.8497 54.4352 22.6274 34.6791 30.4138 69.2661 16.4924 71.7292 64.9067 56.8353 63.9766 62.3145 16.2181 39.121 44.2834 70.531 87.1751 54.2981 52.8968 25.0799 69.1253 71.2531 20.6439 13.9284 20.0641 72.1317 73.8557 30.7548 
39.8547 72.7962 63.3805 38.6394 37.6023 0.0 81.1325 90.811 18.6011 15.8114 75.7601 64.9022 39.5156 63.2851 4.47214 67.29 24.5153 22.561 23.4307 63.091 68.3756 70.731 62.1691 76.7461 60.4391 32.0156 25.9615 53.8516 52.0 14.7648 25.6125 76.531 51.2195 57.0701 50.8035 3.60555 54.371 74.1485 39.4254 34.2345 42.5793 57.5587 89.9635 29.7321 22.2036 38.8973 74.2465 74.9667 78.0076 37.4833 23.2594 46.0936 43.0813 82.8734 22.8473 48.7815 51.434 46.2385 38.0132 62.1246 
47.8853 19.105 33.541 55.3624 53.774 81.1325 0.0 21.9317 85.6963 96.7455 82.2253 31.257 41.7732 66.6108 77.568 27.074 63.1125 63.3878 104.0 21.5407 21.095 29.4109 48.5077 26.4197 42.19 68.8236 106.227 40.1995 84.641 87.8688 83.2586 72.4224 52.7731 49.0408 63.7887 77.5321 27.0185 50.6952 43.1393 106.597 75.4859 52.0865 11.0454 86.1626 65.2753 50.9215 13.0384 52.0 80.0812 56.6127 77.3886 35.609 82.9954 40.0 60.1393 39.9625 47.8017 87.3429 119.11 45.0 
54.2033 40.5216 53.0848 56.8507 69.1231 90.811 21.9317 0.0 97.5756 102.977 71.007 27.2029 52.8015 58.0517 86.3424 47.5184 67.9412 74.8745 113.731 40.0125 41.5933 21.9545 41.1096 15.6525 62.2013 84.4038 111.072 39.2046 77.4849 92.6553 86.1701 60.0333 72.0 43.8634 83.006 88.1959 38.8973 38.0132 55.1543 110.144 68.8448 46.2385 13.4536 88.7029 76.7619 53.7587 34.4819 39.0 68.0294 58.258 80.8084 46.0977 85.5656 23.3452 71.5891 55.3173 66.1211 81.51 124.523 65.6201 
46.5347 73.5509 58.6251 53.1507 32.0331 18.6011 85.6963 97.5756 0.0 27.8568 93.7359 75.1864 44.7772 79.8311 21.0238 67.0043 39.4588 22.8254 26.1725 64.8676 69.083 80.7775 76.0066 86.0233 52.8774 21.1896 36.8782 65.6348 70.214 32.5576 44.2041 93.1719 43.4626 71.0 39.4588 18.7883 59.3547 88.0227 44.3677 48.8467 59.7746 72.0625 94.9631 48.2701 21.095 52.0096 76.2205 89.0056 95.2167 52.2398 41.6773 51.4782 61.2699 94.541 26.0 45.7914 43.8723 64.405 45.0444 54.563 
52.0204 88.4092 78.9935 48.3011 52.8855 15.8114 96.7455 102.977 27.8568 0.0 78.1601 76.844 55.1286 68.593 19.2354 82.903 35.2278 38.3275 13.0 78.704 83.9886 82.662 71.3943 88.8144 75.658 46.0977 10.198 65.192 53.2353 12.1655 25.02 81.2376 66.4384 66.3506 65.123 19.3132 69.9841 83.1685 55.0384 21.0238 47.676 66.4285 104.451 27.4591 37.855 49.93 89.8595 83.9158 81.0247 46.9574 26.4764 61.7066 45.0111 93.4773 38.6264 64.3945 66.6529 48.0416 22.4722 77.3435 
57.4845 90.377 90.4434 54.372 87.3918 75.7601 82.2253 71.007 93.7359 78.1601 0.0 51.2445 68.1637 17.2047 72.7206 90.5539 55.0694 81.0258 91.1373 81.8841 87.6584 52.9528 34.176 57.3149 97.467 96.3088 80.1561 46.1411 25.0 66.3702 53.1507 11.4018 106.186 35.3553 108.787 74.9535 69.1158 33.0 71.081 70.406 33.9853 32.249 81.3941 51.0 82.1831 49.2738 87.0919 32.0156 4.24264 52.9649 52.9528 66.2216 33.2415 48.2597 78.9636 79.4265 106.4 30.1496 91.0824 102.459 
29.1548 40.2244 44.6542 29.7321 51.2445 64.9022 31.257 27.2029 75.1864 76.844 51.2445 0.0 32.0 35.3553 60.4336 42.45 41.6173 53.4603 87.818 33.2415 38.2884 5.83095 17.2627 12.0416 53.3385 66.0303 84.5044 12.0416 53.6805 66.0681 59.1166 42.0476 60.1664 18.1108 70.3564 61.8946 23.2594 21.9317 35.0143 83.0903 43.7173 21.0238 32.7567 61.6494 55.4437 27.0185 36.2353 23.3452 49.3964 31.1448 53.7622 26.1725 60.4381 20.025 49.6488 39.2938 53.1636 56.3824 97.949 57.9828 
12.083 34.2053 25.5223 25.0599 19.6469 39.5156 41.7732 52.8015 44.7772 55.1286 68.1637 32.0 0.0 50.991 35.9511 29.0172 29.1061 22.1359 62.3836 24.3516 29.8329 37.1214 38.9102 41.7732 31.592 34.0588 65.104 25.632 58.4871 50.0941 49.2679 62.8013 38.2884 34.9857 41.1105 35.9152 14.8661 49.6488 3.16228 72.591 42.1445 37.4433 50.448 52.3403 24.0416 20.2485 35.3412 50.9215 67.9471 25.5013 43.3833 6.7082 49.6541 52.0096 18.7883 11.6619 29.916 52.6605 77.4934 36.5837 
40.3118 73.5391 73.2393 29.3117 70.219 63.2851 66.6108 58.0517 79.8311 68.593 17.2047 35.3553 50.991 0.0 59.5399 73.4302 40.5596 66.4976 81.4985 64.846 70.6824 38.0 18.1108 43.1856 80.2857 81.0612 72.7522 29.0689 20.5183 56.4358 44.2939 13.3417 89.0132 18.3848 91.8353 61.6604 51.9711 21.4709 53.9083 65.7652 21.0238 15.2315 67.0298 44.179 67.6549 32.1011 70.5195 21.095 17.0294 30.0466 42.19 49.0408 25.7526 37.1618 64.4353 62.2538 78.6096 23.2266 85.5185 85.2773 
35.386 69.2317 59.816 34.3657 35.897 4.47214 77.568 86.3424 21.0238 19.2354 72.7206 60.4336 35.9511 59.5399 0.0 63.7255 20.2237 20.025 27.8029 59.5265 64.8111 66.2624 57.8705 72.2774 58.7338 31.3847 29.1548 49.3964 49.1935 15.2971 24.0832 72.8354 49.5142 52.7731 49.7293 2.23607 50.8066 69.8713 35.8609 36.0 39.0512 53.3385 86.3991 28.4253 20.025 34.4819 70.682 70.7107 74.5164 33.2415 20.8087 42.5291 40.2492 78.4347 19.6469 45.217 49.7287 43.382 41.6773 60.4193 
40.1995 8.94427 7.2111 52.1728 35.0671 67.29 27.074 47.5184 67.0043 82.903 90.5539 42.45 29.0172 73.4302 63.7255 0.0 56.8702 52.1758 90.158 9.21954 6.0 44.4072 57.2014 45.1774 15.1327 44.9862 92.8784 44.4185 86.019 77.8684 77.0321 83.006 25.9615 55.2268 36.8782 63.6895 21.4709 64.3506 28.2843 99.0515 69.6764 58.3095 38.1182 80.1045 51.1893 47.0744 14.3178 65.7647 89.5879 52.9528 71.1474 26.4764 77.186 59.1692 46.2788 21.2788 21.9545 80.1924 105.268 18.1108 
17.0592 60.4962 54.2834 14.1421 43.2734 24.5153 63.1125 67.9412 39.4588 35.2278 55.0694 41.6173 29.1061 40.5596 20.2237 56.8702 0.0 26.09 46.5188 50.4671 56.4536 47.4342 37.6563 53.6004 60.3532 41.373 43.1393 30.0167 35.5113 24.7588 21.3776 53.8982 56.8906 32.5576 57.5184 22.0907 37.7847 49.6488 31.5112 43.8292 21.6333 33.1361 69.4893 25.0799 27.2473 14.7648 60.1441 50.4876 56.4624 13.0384 15.2971 30.483 26.6782 58.6941 24.0278 40.8673 57.1051 29.6846 56.5862 65.3449 
26.3059 58.7224 48.2663 38.1455 17.2047 22.561 63.3878 74.8745 22.8254 38.3275 81.0258 53.4603 22.1359 66.4976 20.025 52.1758 26.09 0.0 43.566 49.6511 54.2546 58.8558 56.8859 63.7887 40.0414 15.8114 48.5077 45.0444 60.775 35.0571 40.8534 79.6524 30.8219 52.1728 31.4496 19.2354 36.6497 68.593 21.6627 56.0089 47.7233 53.8617 72.2581 45.31 2.0 33.8617 60.6119 69.7209 82.409 37.4731 35.7771 28.7924 51.9419 73.2462 4.12311 30.963 31.0363 54.9483 60.1664 41.7269 
62.7748 96.7046 86.2485 60.1664 56.1418 23.4307 104.0 113.731 26.1725 13.0 91.1373 87.818 62.3836 81.4985 27.8029 90.158 46.5188 43.566 0.0 85.959 92.2367 93.6483 83.4865 99.6662 78.2137 47.0744 14.8661 76.4788 66.1891 25.0799 38.0132 94.2012 68.9638 78.4347 65.6201 26.9072 77.239 95.261 62.2934 29.0689 60.531 78.5209 112.832 40.3113 42.5441 61.2699 97.1145 95.985 94.0213 58.8727 39.3192 68.9616 58.0086 105.19 45.0 71.6495 69.2086 61.0328 19.0263 79.8992 
34.1321 10.0499 13.1529 45.1774 32.9304 63.091 21.5407 40.0125 64.8676 78.704 81.8841 33.2415 24.3516 64.846 59.5265 9.21954 50.4671 49.6511 85.959 0.0 6.08276 35.2278 48.2597 36.2491 22.3607 47.98 88.6795 35.7771 79.8362 72.7256 70.629 74.0608 32.0156 46.5296 43.0465 59.4906 13.3417 55.1543 24.5967 93.9521 63.4936 49.6488 32.28 73.7014 48.6645 40.1123 11.4018 56.5685 80.7775 46.0977 64.7444 20.0998 71.0032 50.1199 42.0799 19.105 26.4764 74.0096 101.069 26.2488 
40.05 4.47214 12.6491 51.2445 37.1459 68.3756 21.095 41.5933 69.083 83.9886 87.6584 38.2884 29.8329 70.6824 64.8111 6.0 56.4536 54.2546 92.2367 6.08276 0.0 39.6989 53.8516 39.9625 21.095 50.2757 93.9641 41.6293 85.8052 78.9541 76.6155 79.6116 31.7805 52.3259 42.7551 64.7752 19.4165 60.208 29.7321 98.4987 69.4626 55.4617 32.1403 79.6879 53.268 46.1736 8.544 61.6198 86.4523 52.1536 70.7308 26.0192 76.9721 54.0833 48.3576 23.3576 27.313 79.9785 106.353 24.0832 
34.9285 41.0366 47.4131 35.3553 56.0357 70.731 29.4109 21.9545 80.7775 82.662 52.9528 5.83095 37.1214 38.0 66.2624 44.4072 47.4342 58.8558 93.6483 35.2278 39.6989 0.0 20.0998 6.40312 56.3649 71.007 90.2718 17.6918 57.4124 71.8401 64.7726 43.0116 63.8905 22.1359 74.2175 67.7234 26.9258 21.4709 40.05 88.7463 47.4492 24.7386 29.0689 67.3054 60.8276 32.8024 36.4005 22.8254 50.6952 36.7696 59.4181 31.0 64.17 15.5242 55.109 43.566 57.0088 60.1143 103.711 60.8276 
30.5941 56.356 58.0 23.5372 58.4386 62.1691 48.5077 41.1096 76.0066 71.3943 34.176 17.2627 38.9102 18.1108 57.8705 57.2014 37.6563 56.8859 83.4865 48.2597 53.8516 20.0998 0.0 25.7099 65.8559 71.5681 78.1099 13.6015 36.6485 59.8305 51.4296 25.807 71.4038 5.09902 80.0195 59.6825 36.1248 12.0416 42.0476 74.5363 27.8237 5.65685 49.163 51.7342 58.8558 24.0 52.9245 13.0 32.6497 24.7386 46.9545 35.2278 44.5445 23.3452 52.7731 49.0918 64.3971 40.4888 92.5744 70.7672 
40.7063 40.6079 49.0408 41.7253 60.075 76.7461 26.4197 15.6525 86.0233 88.8144 57.3149 12.0416 41.7732 43.1856 72.2774 45.1774 53.6004 63.7887 99.6662 36.2491 39.9625 6.40312 25.7099 0.0 58.1893 75.2396 96.5401 24.0416 62.2901 78.1025 71.1308 46.8722 66.4906 28.2312 77.1038 73.7385 30.0666 24.7386 44.5533 95.1045 53.3312 30.6757 24.0832 73.6636 65.7343 39.0512 35.3836 25.9615 54.7449 43.1393 65.7763 35.3553 70.052 14.2127 60.1664 47.0425 59.8415 65.9963 109.986 62.3939 
43.4391 23.7697 9.21954 56.1352 29.0692 60.4391 42.19 62.2013 52.8774 75.658 97.467 53.3385 31.592 80.2857 58.7338 15.1327 60.3532 40.0414 78.2137 22.3607 21.095 56.3649 65.8559 58.1893 0.0 32.0406 85.8038 52.345 89.0275 74.0184 80.5151 91.2195 11.1803 62.9365 21.8403 57.4903 30.2324 74.6324 30.4807 94.5443 72.6849 65.7951 53.2353 83.5875 39.0549 51.1347 29.4279 76.0263 97.0824 56.7144 74.6304 31.2453 80.9012 71.6938 43.4807 23.4391 9.84886 83.9076 96.3172 5.0 
41.1096 53.9128 37.7882 53.4453 15.2971 32.0156 68.8236 84.4038 21.1896 46.0977 96.3088 66.0303 34.0588 81.0612 31.3847 44.9862 41.373 15.8114 47.0744 47.98 50.2757 71.007 71.5681 75.2396 32.0406 0.0 56.0089 59.0498 76.0403 46.4866 54.7083 93.2557 22.3607 67.0522 19.0263 29.7321 45.7056 82.9791 31.0161 66.0984 63.0063 68.9493 79.0263 59.1692 14.2127 49.0114 58.79 84.1724 97.692 52.7561 50.2195 40.0125 67.1789 86.0523 19.7231 29.1204 23.0355 70.2136 65.6201 33.6155 
60.1741 98.3847 88.9689 55.2178 63.0541 25.9615 106.227 111.072 36.8782 10.198 80.1561 84.5044 65.104 72.7522 29.1548 92.8784 43.1393 48.5077 14.8661 88.6795 93.9641 90.2718 78.1099 96.5401 85.8038 56.0089 0.0 72.6223 55.2268 18.4391 28.4605 84.5281 76.5842 73.0662 75.0267 29.4109 79.9595 88.7904 65.0138 14.2127 52.2015 74.6247 112.604 29.4279 48.0521 57.4891 99.117 89.1332 83.3847 53.8238 31.7648 71.682 47.8539 100.274 48.7032 74.3699 76.7987 50.636 13.4536 87.4893 
19.105 44.5982 44.6878 17.6918 45.2337 53.8516 40.1995 39.2046 65.6348 65.192 46.1411 12.0416 25.632 29.0689 49.3964 44.4185 30.0167 45.0444 76.4788 35.7771 41.6293 17.6918 13.6015 24.0416 52.345 59.0498 72.6223 0.0 45.5802 54.2033 47.0892 38.9487 57.8285 10.8167 66.6676 50.9215 23.0217 24.0416 28.7924 71.0629 35.617 13.8924 43.6578 49.6219 47.0425 15.2643 41.9762 25.2982 45.2217 19.105 41.7347 21.6333 52.3378 29.1204 41.0122 35.5106 50.8218 48.2821 86.0523 57.28 
46.4402 89.8712 82.947 37.6065 77.9583 52.0 84.641 77.4849 70.214 53.2353 25.0 53.6805 58.4871 20.5183 49.1935 86.019 35.5113 60.775 66.1891 79.8362 85.8052 57.4124 36.6485 62.2901 89.0275 76.0403 55.2268 45.5802 0.0 41.5933 28.2843 30.0832 91.5756 35.6066 92.2033 51.4296 67.1326 41.7556 60.8922 46.1736 25.5876 32.4799 86.2891 26.0 61.9322 40.9766 87.4835 41.4715 28.1603 36.1994 28.7924 59.7963 8.94427 57.2828 58.7127 70.1294 91.79 5.83095 66.4906 94.0192 
41.8155 83.3747 73.9589 36.8917 51.1817 14.7648 87.8688 92.6553 32.5576 12.1655 66.3702 66.0681 50.0941 56.4358 15.2971 77.8684 24.7588 35.0571 25.0799 72.7256 78.9541 71.8401 59.8305 78.1025 74.0184 46.4866 18.4391 54.2033 41.5933 0.0 13.3417 69.1216 64.7989 54.7868 65.0 16.7631 62.541 71.493 50.0038 21.2132 35.5106 54.8647 94.2456 16.5529 35.2278 39.0512 84.107 71.8358 69.1158 35.5106 14.3178 55.2393 33.1361 81.9941 34.0588 59.36 65.0133 36.2215 31.8904 75.7039 
37.221 80.658 74.4453 29.4436 57.8466 25.6125 83.2586 86.1701 44.2041 25.02 53.1507 59.1166 49.2679 44.2939 24.0832 77.0321 21.3776 40.8534 38.0132 70.629 76.6155 64.7726 51.4296 71.1308 80.5151 54.7083 28.4605 47.0892 28.2843 13.3417 0.0 56.4358 71.4638 47.2653 72.0902 26.1725 57.9465 60.4977 51.673 24.0832 23.7697 46.332 89.1852 4.47214 41.6293 32.7567 80.3059 60.8405 56.0089 28.0364 6.08276 50.6449 20.0 74.4727 38.8938 61.0291 71.6783 23.0217 41.1461 82.3689 
52.4786 81.9878 83.6301 41.507 82.125 76.531 72.4224 60.0333 93.1719 81.2376 11.4018 42.0476 62.8013 13.3417 72.8354 83.006 53.8982 79.6524 94.2012 74.0608 79.6116 43.0116 25.807 46.8722 91.2195 93.2557 84.5281 38.9487 30.0832 69.1216 56.4358 0.0 96.6052 28.2843 103.741 74.9667 61.8466 22.2036 65.8027 76.2168 34.0588 25.4951 70.859 55.109 80.8097 44.2963 78.2624 21.095 8.0 42.2419 55.0091 60.1415 36.6742 37.054 73.9829 73.7564 89.5985 33.9559 96.3016 96.1769 
49.5526 34.7851 19.2354 62.5915 19.8497 51.2195 52.7731 72.0 43.4626 66.4384 106.186 60.1664 38.2884 89.0132 49.5142 25.9615 56.8906 30.8219 68.9638 32.0156 31.7805 63.8905 71.4038 66.4906 11.1803 22.3607 76.5842 57.8285 91.5756 64.7989 71.4638 96.6052 0.0 68.3231 11.0454 48.2708 37.0 80.7083 35.1618 85.3247 78.5239 71.1512 63.7887 75.9317 29.8353 57.9152 40.2616 82.0792 105.969 63.0064 66.514 36.576 82.7425 79.404 34.2611 28.7697 7.2111 85.7489 87.0976 11.4018 
25.9615 55.1543 55.4437 18.4391 54.4352 57.0701 49.0408 43.8634 71.0 66.3506 35.3553 18.1108 34.9857 18.3848 52.7731 55.2268 32.5576 52.1728 78.4347 46.5296 52.3259 22.1359 5.09902 28.2312 62.9365 67.0522 73.0662 10.8167 35.6066 54.7868 47.2653 28.2843 68.3231 0.0 76.0514 54.5894 33.8378 17.1172 38.0789 72.356 25.6433 3.16228 50.8035 49.5539 54.1295 19.0263 52.2015 18.0278 34.4093 19.6469 41.9108 31.8904 42.3641 27.8029 48.0521 45.607 61.3164 38.3084 86.435 67.897 
52.3747 45.607 30.2655 65.1925 22.6274 50.8035 63.7887 83.006 39.4588 65.123 108.787 70.3564 41.1105 91.8353 49.7293 36.8782 57.5184 31.4496 65.6201 43.0465 42.7551 74.2175 80.0195 77.1038 21.8403 19.0263 75.0267 66.6676 92.2033 65.0 72.0902 103.741 11.0454 76.0514 0.0 48.2701 47.2969 90.5909 37.9838 85.0 79.1517 78.4515 74.8131 76.5572 30.4631 60.5161 51.1957 91.8915 108.791 68.5431 67.1418 45.5677 83.3703 89.7412 34.8889 32.2653 17.2627 86.3767 84.3801 20.5913 
36.8471 69.1958 59.78 36.2215 34.6791 3.60555 77.5321 88.1959 18.7883 19.3132 74.9535 61.8946 35.9152 61.6604 2.23607 63.6895 22.0907 19.2354 26.9072 59.4906 64.7752 67.7234 59.6825 73.7385 57.4903 29.7321 29.4109 50.9215 51.4296 16.7631 26.1725 74.9667 48.2708 54.5894 48.2701 0.0 50.7706 71.7008 35.8249 37.054 41.2311 55.2268 86.3631 30.4795 19.0263 36.1386 70.6461 72.5603 76.6971 35.1283 23.0217 42.4931 42.4853 80.0062 19.3132 45.1811 48.4852 45.618 41.5933 59.1759 
21.8403 23.0868 21.9317 32.0156 30.4138 54.371 27.0185 38.8973 59.3547 69.9841 69.1158 23.2594 14.8661 51.9711 50.8066 21.4709 37.7847 36.6497 77.239 13.3417 19.4165 26.9258 36.1248 30.0666 30.2324 45.7056 79.9595 23.0217 67.1326 62.541 57.9465 61.8466 37.0 33.8378 47.2969 50.7706 0.0 44.4072 16.6433 81.2696 50.7899 36.8917 35.609 61.0189 38.5372 27.0 22.3607 45.8039 68.2422 33.0 52.0619 8.60233 58.2995 42.45 33.4012 17.0 30.0832 61.3059 92.3489 35.0 
42.2966 62.0081 66.2193 35.5106 69.2661 74.1485 50.6952 38.0132 88.0227 83.1685 33.0 21.9317 49.6488 21.4709 69.8713 64.3506 49.6488 68.593 95.261 55.1543 60.208 21.4709 12.0416 24.7386 74.6324 82.9791 88.7904 24.0416 41.7556 71.493 60.4977 22.2036 80.7083 17.1172 90.5909 71.7008 44.4072 0.0 52.811 83.5951 36.8917 16.7631 48.6621 60.793 70.5762 36.0139 57.6888 1.41421 30.1496 36.6742 57.2485 45.1885 53.6033 15.8114 64.4981 59.0339 73.7016 44.4574 101.643 79.404 
14.4526 34.176 24.4109 27.4915 16.4924 39.4254 43.1393 55.1543 44.3677 55.0384 71.081 35.0143 3.16228 53.9083 35.8609 28.2843 31.5112 21.6627 62.2934 24.5967 29.7321 40.05 42.0476 44.5533 30.4807 31.0161 65.0138 28.7924 60.8922 50.0038 51.673 65.8027 35.1618 38.0789 37.9838 35.8249 16.6433 52.811 0.0 71.1869 44.5496 40.4969 52.2015 54.7454 23.5502 22.8151 35.8469 54.0833 70.8644 27.9064 45.7884 9.21954 52.0591 55.0364 18.4142 9.48683 35.3762 55.0655 77.4032 35.4723 
60.5441 102.967 95.142 53.4173 71.7292 34.2345 106.597 110.144 48.8467 21.0238 70.406 83.0903 72.591 65.7652 36.0 99.0515 43.8292 56.0089 29.0689 93.9521 98.4987 88.7463 74.5363 95.1045 94.5443 66.0984 14.2127 71.0629 46.1736 21.2132 24.0832 76.2168 85.3247 72.356 85.0 37.054 81.2696 83.5951 71.1869 0.0 46.7464 69.4387 112.898 22.8035 56.0089 56.6127 103.629 83.9432 73.9797 52.0101 29.4109 73.9679 40.2492 97.4148 55.2268 80.5431 85.5392 42.5441 21.0 96.2298 
30.0976 73.5286 66.6044 21.2639 64.9067 42.5793 75.4859 68.8448 59.7746 47.676 33.9853 43.7173 42.1445 21.0238 39.0512 69.6764 21.6333 47.7233 60.531 63.4936 69.4626 47.4492 27.8237 53.3312 72.6849 63.0063 52.2015 35.617 25.5876 35.5106 23.7697 34.0588 78.5239 25.6433 79.1517 41.2311 50.7899 36.8917 44.5496 46.7464 0.0 22.7261 76.3258 23.9443 48.8806 24.634 73.1361 37.2156 35.4661 19.8567 21.2132 43.4536 16.7545 50.7021 45.6611 53.7867 78.7384 19.7609 64.8845 77.6765 
27.8568 58.3095 58.4123 19.0263 56.8353 57.5587 52.0865 46.2385 72.0625 66.4285 32.249 21.0238 37.4433 15.2315 53.3385 58.3095 33.1361 53.8617 78.5209 49.6488 55.4617 24.7386 5.65685 30.6757 65.7951 68.9493 74.6247 13.8924 32.4799 54.8647 46.332 25.4951 71.1512 3.16228 78.4515 55.2268 36.8917 16.7631 40.4969 69.4387 22.7261 0.0 53.6004 46.6366 55.8058 20.3961 55.3624 17.4642 31.4006 20.0998 43.0828 34.6554 39.4469 29.0 49.7386 48.2701 64.1445 35.3912 87.4769 70.7672 
54.8179 30.0167 44.5533 60.3738 63.9766 89.9635 11.0454 13.4536 94.9631 104.451 81.3941 32.7567 50.448 67.0298 86.3991 38.1182 69.4893 72.2581 112.832 32.28 32.1403 29.0689 49.163 24.0832 53.2353 79.0263 112.604 43.6578 86.2891 94.2456 89.1852 70.859 63.7887 50.8035 74.8131 86.3631 35.609 48.6621 52.2015 112.898 76.3258 53.6004 0.0 91.7679 74.1456 56.4358 24.0 49.8197 78.7718 61.7171 83.5284 43.9318 93.0466 35.4683 69.0096 50.0899 58.6941 88.9909 126.043 56.0089 
40.2934 83.7304 77.5177 31.9763 62.3145 29.7321 86.1626 88.7029 48.2701 27.4591 51.0 61.6494 52.3403 44.179 28.4253 80.1045 25.0799 45.31 40.3113 73.7014 79.6879 67.3054 51.7342 73.6636 83.5875 59.1692 29.4279 49.6219 26.0 16.5529 4.47214 55.109 75.9317 49.5539 76.5572 30.4795 61.0189 60.793 54.7454 22.8035 23.9443 46.6366 91.7679 0.0 46.0977 35.3464 83.3783 61.1411 54.0833 30.5692 10.0499 53.7173 18.4391 74.6126 43.3363 64.1015 76.1462 21.2132 41.4367 86.8368 
28.2843 57.7359 47.2798 39.3028 16.2181 22.2036 65.2753 76.7619 21.095 37.855 82.1831 55.4437 24.0416 67.6549 20.025 51.1893 27.2473 2.0 42.5441 48.6645 53.268 60.8276 58.8558 65.7343 39.0549 14.2127 48.0521 47.0425 61.9322 35.2278 41.6293 80.8097 29.8353 54.1295 30.4631 19.0263 38.5372 70.5762 23.5502 56.0089 48.8806 55.8058 74.1456 46.0977 0.0 35.8058 60.4056 71.7008 83.5663 38.6304 36.7151 30.6757 53.0872 75.2396 6.08276 29.9765 30.0498 56.1056 59.4643 40.7404 
8.48528 50.04 44.9444 5.09902 39.121 38.8973 50.9215 53.7587 52.0096 49.93 49.2738 27.0185 20.2485 32.1011 34.4819 47.0744 14.7648 33.8617 61.2699 40.1123 46.1736 32.8024 24.0 39.0512 51.1347 49.0114 57.4891 15.2643 40.9766 39.0512 32.7567 44.2963 57.9152 19.0263 60.5161 36.1386 27.0 36.0139 22.8151 56.6127 24.634 20.3961 56.4358 35.3464 35.8058 0.0 49.163 37.0 49.0571 6.0 27.2029 20.6155 32.1435 44.0114 29.7386 31.9061 58.1296 35.1499 70.9366 56.1263 
44.1475 6.08276 21.1896 54.0833 44.2834 74.2465 13.0384 34.4819 76.2205 89.8595 87.0919 36.2353 35.3412 70.5195 70.682 14.3178 60.1441 60.6119 97.1145 11.4018 8.544 36.4005 52.9245 35.3836 29.4279 58.79 99.117 41.9762 87.4835 84.107 80.3059 78.2624 40.2616 52.2015 51.1957 70.6461 22.3607 57.6888 35.8469 103.629 73.1361 55.3624 24.0 83.3783 60.4056 49.163 0.0 59.0762 85.4927 55.1453 74.4213 30.3645 80.6457 49.5782 53.2353 30.4951 35.8469 83.6521 112.224 32.0156 
43.4166 63.4114 67.624 36.3456 70.531 74.9667 52.0 39.0 89.0056 83.9158 32.0156 23.3452 50.9215 21.095 70.7107 65.7647 50.4876 69.7209 95.985 56.5685 61.6198 22.8254 13.0 25.9615 76.0263 84.1724 89.1332 25.2982 41.4715 71.8358 60.8405 21.095 82.0792 18.0278 91.8915 72.5603 45.8039 1.41421 54.0833 83.9432 37.2156 17.4642 49.8197 61.1411 71.7008 37.0 59.0762 0.0 29.0689 37.4833 57.5913 46.5188 46.6994 16.4924 65.6201 60.3738 75.0726 44.1733 101.985 80.8022 
57.2679 89.0056 89.8109 46.2678 87.1751 78.0076 80.0812 68.0294 95.2167 81.0247 4.24264 49.3964 67.9471 17.0294 74.5164 89.5879 56.4624 82.409 94.0213 80.7775 86.4523 50.6952 32.6497 54.7449 97.0824 97.692 83.3847 45.2217 28.1603 69.1158 56.0089 8.0 105.969 34.4093 108.791 76.6971 68.2422 30.1496 70.8644 73.9797 35.4661 31.4006 78.7718 54.0833 83.5663 49.0571 85.4927 29.0689 0.0 54.3302 55.4437 65.8559 36.0139 45.0444 80.3467 79.196 95.4078 33.0 94.541 102.069 
13.4544 56.0357 50.5964 1.41421 54.2981 37.4833 56.6127 58.258 52.2398 46.9574 52.9649 31.1448 25.5013 30.0466 33.2415 52.9528 13.0384 37.4731 58.8727 46.0977 52.1536 36.7696 24.7386 43.1393 56.7144 52.7561 53.8238 19.105 36.1994 35.5106 28.0364 42.2419 63.0064 19.6469 68.5431 35.1283 33.0 36.6742 27.9064 52.0101 19.8567 20.0998 61.7171 30.5692 38.6304 6.0 55.1453 37.4833 54.3302 0.0 22.6819 26.4764 27.3663 46.5296 35.4109 37.1435 63.2208 30.3727 67.2012 61.7061 
31.3364 74.7734 68.5607 24.0891 52.8968 23.2594 77.3886 80.8084 41.6773 26.4764 52.9528 53.7622 43.3833 42.19 20.8087 71.1474 15.2971 35.7771 39.3192 64.7444 70.7308 59.4181 46.9545 65.7763 74.6304 50.2195 31.7648 41.7347 28.7924 14.3178 6.08276 55.0091 66.514 41.9108 67.1418 23.0217 52.0619 57.2485 45.7884 29.4109 21.2132 43.0828 83.5284 10.0499 36.7151 27.2029 74.4213 57.5913 55.4437 22.6819 0.0 44.7602 19.9249 69.1182 33.7308 55.1445 66.7285 23.0868 44.9444 77.4191 
14.0357 30.1496 24.5967 25.7099 25.0799 46.0936 35.609 46.0977 51.4782 61.7066 66.2216 26.1725 6.7082 49.0408 42.5291 26.4764 30.483 28.7924 68.9616 20.0998 26.0192 31.0 35.2278 35.3553 31.2453 40.0125 71.682 21.6333 59.7963 55.2393 50.6449 60.1415 36.576 31.8904 45.5677 42.4931 8.60233 45.1885 9.21954 73.9679 43.4536 34.6554 43.9318 53.7173 30.6757 20.6155 30.3645 46.5188 65.8559 26.4764 44.7602 0.0 50.9632 46.1736 25.4951 13.8924 29.5693 53.9696 84.0714 36.237 
37.6072 81.0381 74.806 28.7734 69.1253 43.0813 82.9954 85.5656 61.2699 45.0111 33.2415 60.4381 49.6541 25.7526 40.2492 77.186 26.6782 51.9419 58.0086 71.0032 76.9721 64.17 44.5445 70.052 80.9012 67.1789 47.8539 52.3378 8.94427 33.1361 20.0 36.6742 82.7425 42.3641 83.3703 42.4853 58.2995 53.6033 52.0591 40.2492 16.7545 39.4469 93.0466 18.4391 53.0872 32.1435 80.6457 46.6994 36.0139 27.3663 19.9249 50.9632 0.0 66.6065 49.8796 61.4152 82.9569 3.16228 59.7746 85.8928 
48.0521 54.8179 62.6498 45.1774 71.2531 82.8734 40.0 23.3452 94.541 93.4773 48.2597 20.025 52.0096 37.1618 78.4347 59.1692 58.6941 73.2462 105.19 50.1199 54.0833 15.5242 23.3452 14.2127 71.6938 86.0523 100.274 29.1204 57.2828 81.9941 74.4727 37.054 79.404 27.8029 89.7412 80.0062 42.45 15.8114 55.0364 97.4148 50.7021 29.0 35.4683 74.6126 75.2396 44.0114 49.5782 16.4924 45.0444 46.5296 69.1182 46.1736 66.6065 0.0 69.3542 59.0339 72.5328 59.9847 113.642 76.0592 
22.2036 52.8254 42.3693 36.0832 20.6439 22.8473 60.1393 71.5891 26.0 38.6264 78.9636 49.6488 18.7883 64.4353 19.6469 46.2788 24.0278 4.12311 45.0 42.0799 48.3576 55.109 52.7731 60.1664 43.4807 19.7231 48.7032 41.0122 58.7127 34.0588 38.8938 73.9829 34.2611 48.0521 34.8889 19.3132 33.4012 64.4981 18.4142 55.2268 45.6611 49.7386 69.0096 43.3363 6.08276 29.7386 53.2353 65.6201 80.3467 35.4109 33.7308 25.4951 49.8796 69.3542 0.0 27.7703 34.4756 52.886 60.8358 45.1662 
23.7065 27.8254 17.3693 36.7151 13.9284 48.7815 39.9625 55.3173 45.7914 64.3945 79.4265 39.2938 11.6619 62.2538 45.217 21.2788 40.8673 30.963 71.6495 19.105 23.3576 43.566 49.0918 47.0425 23.4391 29.1204 74.3699 35.5106 70.1294 59.36 61.0291 73.7564 28.7697 45.607 32.2653 45.1811 17.0 59.0339 9.48683 80.5431 53.7867 48.2701 50.0899 64.1015 29.9765 31.9061 30.4951 60.3738 79.196 37.1435 55.1445 13.8924 61.4152 59.0339 27.7703 0.0 21.7631 64.3027 86.7593 28.4307 
49.7671 30.8869 14.7648 62.806 20.0641 51.434 47.8017 66.1211 43.8723 66.6529 106.4 53.1636 29.916 78.6096 49.7287 21.9545 57.1051 31.0363 69.2086 26.4764 27.313 57.0088 64.3971 59.8415 9.84886 23.0355 76.7987 50.8218 91.79 65.0133 71.6783 89.5985 7.2111 61.3164 17.2627 48.4852 30.0832 73.7016 35.3762 85.5392 78.7384 64.1445 58.6941 76.1462 30.0498 58.1296 35.8469 75.0726 95.4078 63.2208 66.7285 29.5693 82.9569 72.5328 34.4756 21.7631 0.0 85.9633 87.3121 13.0384 
40.6136 84.0446 77.1203 31.7798 72.1317 46.2385 87.3429 81.51 64.405 48.0416 30.1496 56.3824 52.6605 23.2266 43.382 80.1924 29.6846 54.9483 61.0328 74.0096 79.9785 60.1143 40.4888 65.9963 83.9076 70.2136 50.636 48.2821 5.83095 36.2215 23.0217 33.9559 85.7489 38.3084 86.3767 45.618 61.3059 44.4574 55.0655 42.5441 19.7609 35.3912 88.9909 21.2132 56.1056 35.1499 83.6521 44.1733 33.0 30.3727 23.0868 53.9696 3.16228 59.9847 52.886 64.3027 85.9633 0.0 62.3618 88.8993 
73.6127 110.774 101.358 68.6003 73.8557 38.0132 119.11 124.523 45.0444 22.4722 91.0824 97.949 77.4934 85.5185 41.6773 105.268 56.5862 60.1664 19.0263 101.069 106.353 103.711 92.5744 109.986 96.3172 65.6201 13.4536 86.0523 66.4906 31.8904 41.1461 96.3016 87.0976 86.435 84.3801 41.5933 92.3489 101.643 77.4032 21.0 64.8845 87.4769 126.043 41.4367 59.4643 70.9366 112.224 101.985 94.541 67.2012 44.9444 84.0714 59.7746 113.642 60.8358 86.7593 87.3121 62.3618 0.0 98.0027 
48.4307 26.0768 13.4164 61.1269 30.7548 62.1246 45.0 65.6201 54.563 77.3435 102.459 57.9828 36.5837 85.2773 60.4193 18.1108 65.3449 41.7269 79.8992 26.2488 24.0832 60.8276 70.7672 62.3939 5.0 33.6155 87.4893 57.28 94.0192 75.7039 82.3689 96.1769 11.4018 67.897 20.5913 59.1759 35.0 79.404 35.4723 96.2298 77.6765 70.7672 56.0089 86.8368 40.7404 56.1263 32.0156 80.8022 102.069 61.7061 77.4191 36.237 85.8928 76.0592 45.1662 28.4307 13.0384 88.8993 98.0027 0.0 
DEMAND_SCENARIO_SECTION
0 0 0 0 0 0 0 0 0 0 0 0 0 0 0 0 0 0 0 0 0 0 0 0 0 0 0 0 0 0 0 0 0 0 0 0 0 0 0 0 0 0 0 0 0 0 0 0 0 0 0 0 0 0 0 0 0 0 0 0 0 0 0 0 0 0 0 0 0 0 0 0 0 0 0 0 0 0 0 0 0 0 0 0 0 0 0 0 0 0 0 0 0 0 0 0 0 0 0 0 0 0 0 0 0 0 0 0 0 0 0 0 0 0 0 0 0 0 0 0 0 0 0 0 0 0 0 0 0 0 0 0 0 0 0 0 0 0 0 0 0 0 0 0 0 0 0 0 0 0 0 0 0 0 0 0 0 0 0 0 0 0 0 0 0 0 0 0 0 0 0 0 0 0 0 0 0 0 0 0 0 0 0 0 0 0 0 0 0 0 0 0 0 0 0 0 0 0 0 0 
5 3 1 3 4 2 3 3 4 3 3 5 4 4 6 3 4 3 3 1 3 2 2 4 4 3 2 3 4 3 2 2 2 4 2 3 3 3 2 3 3 3 2 2 3 4 3 1 1 2 4 2 3 3 3 3 3 4 3 3 3 4 4 3 3 3 2 3 3 3 3 4 1 3 4 2 3 2 3 4 4 2 1 3 2 3 4 4 3 2 3 3 3 2 1 3 3 3 2 2 3 4 2 2 2 1 4 2 3 3 2 4 3 2 2 4 3 3 3 3 3 3 3 2 6 3 1 2 4 3 3 3 2 3 3 2 4 4 2 3 3 3 3 3 3 4 3 4 4 3 3 4 3 3 3 2 3 4 2 3 3 4 3 4 4 4 3 6 3 3 2 3 3 3 5 3 3 3 1 3 3 4 3 4 4 5 1 3 3 2 3 4 4 2 4 2 4 2 5 3 
7 13 7 9 15 9 11 12 10 9 7 12 11 10 11 14 12 14 8 8 7 6 6 11 8 10 12 13 14 12 6 4 5 7 9 9 9 8 13 15 10 10 8 8 1 15 12 11 4 12 9 16 9 7 8 9 4 10 13 12 13 13 9 13 6 5 12 7 8 12 9 9 8 13 7 4 12 16 9 8 13 6 8 9 8 6 17 7 13 15 10 6 11 5 11 11 9 12 12 9 3 6 10 11 7 11 3 9 4 11 12 5 4 11 12 5 5 11 7 10 9 10 9 9 10 11 14 13 12 5 3 9 10 11 10 11 10 13 8 3 16 10 10 6 12 9 15 9 13 11 9 13 6 11 8 5 17 12 10 6 11 12 6 11 7 10 5 0 9 3 12 8 4 9 11 12 3 9 5 18 10 6 5 7 11 7 10 11 5 12 5 9 7 14 9 13 8 8 4 13 
7 7 5 2 3 9 8 7 9 6 5 6 8 8 3 4 6 3 4 5 7 6 3 6 5 8 5 6 5 4 4 5 6 7 8 9 3 4 10 1 3 7 7 4 6 6 6 8 6 8 7 7 4 7 8 8 7 6 3 6 5 9 5 5 4 7 9 8 3 6 5 5 7 6 7 9 6 8 5 6 8 4 6 6 8 6 7 5 7 9 6 8 6 8 6 6 8 7 9 8 8 7 6 5 6 8 5 5 4 6 5 7 2 6 6 4 7 7 3 7 8 10 6 3 9 6 7 4 9 3 5 8 7 9 7 5 5 6 5 7 5 9 6 6 10 9 6 8 7 5 6 8 8 5 3 7 7 5 4 5 5 6 7 6 10 8 6 7 6 6 5 5 6 5 5 6 5 4 4 5 8 7 6 4 7 4 11 6 6 4 8 11 6 6 7 4 8 4 6 5 
2 2 2 3 2 2 3 2 1 2 2 1 2 1 3 2 3 1 2 1 1 1 2 1 1 1 3 0 2 1 1 1 3 2 2 3 2 2 3 1 2 3 2 2 2 1 2 1 3 1 3 2 1 1 3 2 2 1 1 2 2 3 1 3 2 2 2 2 1 1 1 2 2 2 2 1 2 2 1 1 3 1 2 2 1 2 1 3 3 2 2 1 2 1 3 3 3 1 2 1 3 2 2 2 2 1 2 1 3 2 3 3 1 1 2 2 2 2 3 2 1 3 1 1 1 2 3 1 2 2 2 2 1 2 3 3 1 3 2 2 1 3 2 2 4 3 1 3 2 1 3 3 2 2 2 2 3 3 2 2 2 3 2 2 3 2 2 2 1 2 2 2 2 3 2 0 1 1 3 2 2 1 2 2 3 4 2 1 2 3 2 1 3 3 3 1 3 3 3 3 
10 5 10 10 12 9 10 8 18 10 4 9 12 7 13 8 5 14 6 5 12 10 9 8 13 8 12 12 2 16 10 6 11 9 11 8 11 6 10 7 15 8 14 8 12 4 8 14 8 8 9 11 10 11 10 10 10 11 11 7 8 13 5 11 10 10 10 9 13 15 13 7 11 9 13 8 9 11 11 7 10 9 8 13 8 11 5 12 14 10 13 4 9 9 13 8 10 10 9 12 15 9 12 5 13 10 5 9 7 9 10 10 9 13 5 6 11 12 12 14 8 14 14 12 9 9 5 8 11 10 12 6 0 9 10 15 5 13 12 9 9 16 4 7 9 9 10 12 7 13 7 14 13 15 4 10 13 7 17 7 12 10 10 9 12 9 13 11 13 14 10 10 11 13 9 17 2 8 11 11 8 16 14 14 12 7 11 5 8 8 18 8 13 11 7 10 16 14 11 9 
4 2 3 5 6 5 4 3 3 4 5 8 2 2 4 2 3 4 2 7 4 4 5 2 4 4 4 4 3 5 4 4 4 0 5 1 4 3 2 3 3 3 2 3 5 3 5 2 3 5 5 5 3 3 4 3 2 2 3 1 4 5 1 4 4 5 2 4 7 3 5 3 4 7 5 4 3 5 3 5 3 7 5 3 3 6 7 4 4 6 4 2 3 6 2 4 2 5 3 3 1 5 5 5 5 5 3 3 4 2 3 3 5 3 4 4 8 4 3 4 4 5 7 3 5 6 4 4 4 3 3 3 5 8 4 3 4 5 5 4 4 7 4 4 7 5 4 5 4 3 3 4 2 4 5 4 1 5 5 3 5 5 6 5 4 3 4 5 4 4 4 6 4 5 1 4 4 3 6 5 5 7 8 5 1 5 3 4 4 7 4 4 6 4 6 5 6 5 4 5 
7 9 10 7 8 4 4 5 10 6 9 9 10 8 6 6 4 11 10 11 5 9 6 4 8 9 5 8 8 3 8 7 9 7 6 4 7 6 12 4 4 3 11 6 5 8 5 5 8 6 10 7 12 5 6 7 8 4 5 8 6 3 7 9 11 8 8 9 5 4 10 7 4 8 10 9 5 6 8 5 3 10 1 5 8 6 3 3 12 9 7 8 8 10 7 11 5 5 9 6 8 7 8 5 6 3 7 7 9 10 8 10 4 10 9 6 8 6 8 11 5 6 4 10 8 7 15 6 4 4 9 13 10 10 7 8 8 8 9 8 11 9 7 8 10 9 8 6 4 4 7 8 7 3 5 11 7 6 8 5 11 10 5 3 5 5 2 9 4 5 4 5 7 5 8 4 8 4 6 6 10 8 7 5 4 7 5 9 5 10 5 5 9 5 11 7 5 9 6 7 
3 7 4 5 3 7 5 2 4 8 1 5 5 3 6 6 5 5 2 8 4 4 5 5 6 6 4 6 3 5 5 6 5 5 2 8 7 6 5 3 5 3 3 5 5 5 2 8 6 4 5 3 2 5 5 6 7 6 4 6 5 2 2 6 7 3 2 7 5 6 6 2 5 6 3 7 3 9 5 5 6 6 4 3 8 5 6 6 2 5 8 6 4 4 6 3 5 6 8 4 7 6 3 7 5 2 7 7 8 4 5 6 4 5 5 1 4 4 8 3 5 3 6 4 5 4 4 5 5 4 4 5 3 6 4 4 6 7 3 5 5 7 7 7 6 7 5 5 5 6 4 8 8 3 7 4 6 5 4 5 7 6 5 4 2 5 6 5 6 3 4 9 5 4 6 4 5 8 5 5 5 4 6 5 6 7 5 9 6 5 8 7 6 5 4 5 4 6 4 6 
11 6 8 8 0 5 11 6 12 11 10 11 7 4 13 8 9 4 7 1 11 10 5 10 13 9 7 4 12 12 8 7 10 10 1 5 10 4 8 16 0 11 11 11 6 7 9 9 9 8 10 8 8 7 11 9 17 8 9 8 17 8 10 6 8 7 12 12 4 7 11 9 11 12 10 18 7 4 11 9 10 10 8 9 9 7 9 13 13 7 7 13 16 12 13 6 5 9 2 5 11 5 12 13 12 12 11 4 13 13 9 6 11 10 8 11 1 7 14 9 11 9 6 5 9 10 8 9 11 11 10 7 6 10 4 9 16 9 10 5 10 16 7 8 8 10 10 11 12 11 10 1 7 15 10 9 8 9 8 8 9 13 8 4 11 6 11 14 4 10 7 10 6 9 9 8 5 12 10 3 2 7 10 6 11 7 10 7 11 12 11 10 4 11 8 8 12 8 6 12 
1 1 1 1 1 1 2 1 1 0 1 1 1 1 1 1 1 1 1 1 1 1 1 2 1 1 1 1 1 1 1 1 1 1 1 1 1 1 1 1 1 1 1 2 2 1 1 1 1 1 1 1 1 1 1 1 1 1 1 1 1 0 0 1 1 1 1 1 1 0 1 1 0 0 2 0 1 1 1 1 1 1 1 1 1 1 1 1 1 1 1 1 1 1 1 1 0 1 1 1 1 1 1 2 2 2 1 1 0 1 1 1 1 1 1 1 1 1 1 2 1 1 1 1 2 1 1 0 1 1 1 1 0 1 1 1 2 1 1 1 1 1 1 1 1 1 1 1 1 1 1 1 1 1 1 0 1 1 1 1 1 1 1 1 1 1 1 1 2 1 1 1 0 2 0 1 0 1 1 1 1 1 1 0 1 1 1 1 1 1 1 1 1 1 1 0 1 1 1 2 
3 4 4 3 3 2 2 2 4 4 3 3 1 2 4 2 3 3 2 4 3 4 5 4 4 5 2 2 1 4 4 1 4 2 4 4 3 4 4 3 5 3 2 3 3 3 3 3 2 4 3 2 2 3 3 3 3 2 3 0 4 3 3 3 2 4 2 1 1 3 3 3 2 4 3 3 3 3 3 3 2 3 3 2 2 3 4 2 4 2 3 4 2 4 2 4 3 4 2 2 3 4 5 4 2 3 4 2 2 3 3 3 3 4 2 4 2 4 3 3 3 4 5 4 4 3 3 4 3 2 4 3 3 4 2 2 4 3 2 4 2 3 2 3 2 4 2 4 2 3 3 4 4 3 2 2 4 5 3 3 3 4 3 3 3 1 2 3 3 3 4 3 2 2 3 4 5 3 2 3 2 2 2 3 2 4 4 3 3 2 3 2 2 2 4 2 4 3 3 3 
6 11 4 9 3 6 10 5 2 9 8 7 9 10 8 6 10 8 10 8 5 8 11 13 11 6 7 10 9 4 12 7 11 7 9 5 10 9 4 13 8 13 9 7 7 12 6 6 4 8 5 10 11 8 9 5 8 6 9 7 7 5 11 7 8 4 8 10 6 11 11 8 11 10 8 6 11 3 6 5 10 9 7 8 11 10 10 11 14 7 5 10 8 3 7 8 5 8 8 5 4 9 7 8 8 8 11 9 9 7 9 9 14 7 8 11 6 9 9 6 3 9 13 11 6 7 11 9 12 11 7 8 9 7 9 10 5 9 8 11 8 5 5 8 8 9 11 5 11 6 7 8 8 8 4 9 10 8 12 8 4 10 8 9 10 11 6 10 4 10 8 5 9 8 8 11 12 8 8 6 8 9 14 11 10 7 11 9 10 11 7 6 4 8 7 9 10 6 11 11 
1 1 1 1 1 1 1 1 1 1 1 0 0 1 1 1 1 1 1 0 1 1 1 1 1 1 1 1 1 1 1 0 1 1 1 1 1 1 1 2 1 1 1 1 1 1 1 0 1 1 0 1 0 1 1 1 2 2 1 1 1 1 1 1 1 1 1 1 1 1 2 1 1 1 1 1 1 0 2 1 1 1 2 2 1 0 1 1 1 1 1 1 1 1 1 1 1 1 1 1 1 1 1 1 1 0 1 1 1 1 1 1 1 2 1 1 1 1 1 1 1 1 1 2 1 1 0 1 0 1 1 1 1 1 1 0 1 1 2 1 1 1 1 1 1 1 1 1 0 1 1 1 1 1 1 1 1 1 1 1 1 1 0 0 1 1 1 1 1 1 1 0 1 1 0 1 1 1 1 1 1 1 1 0 1 1 1 1 1 1 1 1 1 1 1 1 1 1 1 1 
4 8 5 4 7 4 5 5 11 4 4 7 7 6 1 4 6 4 5 7 6 4 4 7 7 6 4 3 5 6 7 7 8 10 7 4 7 7 7 3 5 2 7 4 5 8 8 7 5 3 9 5 5 3 6 6 3 6 7 8 8 2 5 8 7 8 5 3 5 6 6 8 4 9 4 10 8 7 10 6 10 6 8 5 7 3 7 5 4 8 2 6 7 8 7 8 6 3 5 8 4 7 7 6 7 6 4 8 4 7 7 6 9 7 6 8 7 7 4 2 4 6 8 5 7 5 2 6 4 3 8 9 4 5 7 5 6 5 5 7 4 6 6 5 8 7 5 6 4 6 6 6 7 5 5 7 4 7 4 7 6 7 5 10 7 4 7 8 8 5 7 7 9 5 6 5 7 6 5 5 2 8 10 5 9 6 6 7 7 6 6 7 6 5 6 9 5 7 6 6 
6 12 12 11 9 7 5 7 8 7 7 14 13 8 9 12 10 15 7 8 6 3 9 8 6 14 7 18 7 6 11 7 15 13 8 7 7 6 8 9 5 4 10 8 7 12 9 8 9 14 15 7 7 11 10 8 7 14 13 6 17 11 11 11 7 13 10 7 8 10 10 12 11 8 9 10 9 9 7 13 9 8 7 11 9 7 10 6 8 9 11 9 14 13 10 15 6 3 12 10 8 9 4 9 10 17 7 9 10 8 12 14 11 9 9 0 12 17 17 8 13 10 10 8 8 8 9 8 13 9 12 9 7 9 6 11 13 6 7 8 4 11 12 9 14 8 15 10 6 12 10 6 5 11 13 5 12 13 5 8 8 9 6 10 6 9 12 12 7 7 10 3 8 14 11 10 10 6 2 7 7 13 6 7 5 11 6 11 1 9 8 8 11 9 7 9 11 8 10 15 
7 5 5 4 6 3 4 2 3 5 4 5 5 3 4 4 3 4 4 4 5 5 4 6 3 3 5 3 5 3 3 4 5 3 4 2 3 2 4 5 4 6 3 2 4 4 3 4 5 4 6 3 2 5 4 2 2 3 5 6 4 3 5 4 3 5 4 5 2 4 4 3 2 4 4 4 5 5 1 5 2 5 1 5 3 5 5 3 2 5 4 3 4 3 6 6 6 4 2 1 4 5 3 5 6 4 5 3 5 5 5 3 5 5 5 2 3 4 7 2 5 2 2 4 4 4 2 3 4 3 3 2 4 4 6 5 5 4 3 5 3 3 4 3 4 4 3 2 3 4 5 5 5 3 3 6 5 5 5 4 3 5 5 3 6 6 6 4 5 3 5 3 5 3 4 4 5 4 6 2 5 5 2 5 5 2 4 4 5 4 3 4 4 5 6 6 5 2 3 4 
10 7 11 7 6 8 9 6 8 6 7 13 14 9 9 11 9 11 4 8 15 10 6 6 14 8 8 8 8 6 11 7 9 12 10 14 3 7 12 13 11 12 3 11 10 5 8 6 8 13 7 13 5 8 8 8 8 9 4 11 11 11 7 8 10 5 9 14 7 10 7 13 13 10 7 8 13 11 11 8 14 13 10 10 9 7 13 5 12 8 11 14 5 13 6 6 9 9 4 9 14 9 5 7 8 17 6 3 10 10 6 4 6 13 8 10 9 12 12 7 8 6 10 8 6 11 10 6 13 14 6 4 12 10 8 10 13 8 9 4 12 5 9 9 5 9 9 6 10 7 10 5 7 10 12 8 9 2 6 11 11 7 14 12 12 8 8 15 8 11 12 7 8 9 11 9 14 10 9 12 8 12 7 11 8 7 5 10 9 6 10 9 8 6 5 8 11 6 13 10 
8 10 6 8 4 8 2 6 9 9 7 5 9 5 9 6 7 7 6 8 8 8 6 6 9 8 9 11 4 8 5 6 8 0 4 5 7 6 8 6 5 8 6 7 5 6 7 6 5 5 10 11 8 6 9 8 7 6 6 6 6 5 5 5 7 5 5 7 4 2 7 6 6 9 9 7 4 3 7 4 4 6 5 5 4 8 11 5 2 5 10 8 5 7 4 1 6 8 4 6 8 12 7 8 6 9 10 4 8 5 12 6 9 8 7 5 10 9 8 11 9 7 8 7 6 9 3 14 5 6 10 7 7 11 8 6 5 7 6 7 6 5 10 5 7 5 9 6 6 7 9 6 5 7 8 8 5 8 9 6 9 7 6 7 8 7 5 10 6 9 6 5 9 6 6 7 7 7 6 8 8 4 8 11 3 8 6 9 7 11 7 12 10 9 11 7 8 12 8 6 
16 11 6 15 13 13 9 14 9 9 4 6 14 12 10 15 10 10 10 6 10 14 12 8 10 4 14 14 17 9 5 10 8 9 14 7 9 9 7 7 6 8 13 14 13 10 8 7 9 8 11 11 8 12 10 7 4 11 5 4 11 10 6 7 5 5 14 12 13 4 12 12 13 9 10 5 9 10 8 10 7 5 8 9 2 12 11 14 8 10 9 11 9 12 7 8 7 10 14 12 11 10 8 9 11 11 16 6 11 12 11 8 7 14 12 9 10 8 7 16 12 12 4 11 13 7 6 9 10 4 8 12 7 11 8 8 11 10 8 5 3 10 8 5 2 11 10 11 6 10 8 9 5 10 6 14 13 12 12 7 6 8 10 6 10 3 7 7 8 7 13 13 11 16 12 13 10 8 11 10 8 8 15 9 8 10 7 13 6 8 10 6 7 10 12 9 7 5 5 11 
2 2 3 3 2 4 2 3 2 4 2 3 4 3 2 5 4 4 2 4 1 3 4 2 3 4 2 4 3 3 2 1 3 3 2 4 3 3 2 5 4 5 2 5 4 3 4 2 3 4 3 3 3 4 3 4 2 3 4 4 3 3 4 4 3 4 2 4 3 4 2 3 2 2 4 2 4 4 4 3 2 3 3 3 1 1 3 3 3 3 3 2 3 3 3 2 3 3 4 3 3 3 2 4 3 4 4 2 3 4 2 2 2 4 3 4 3 1 3 4 3 2 1 3 3 4 2 4 1 2 2 3 4 2 5 2 4 2 3 3 2 4 4 3 3 4 3 1 4 3 1 2 3 4 4 2 3 2 2 3 3 3 1 4 3 5 1 3 4 2 1 1 3 2 4 4 3 4 3 3 3 2 1 2 4 3 3 2 4 3 3 4 5 2 4 3 2 2 2 3 
3 3 5 8 4 3 6 4 5 3 2 6 3 2 4 3 4 4 2 4 2 3 2 4 0 4 5 3 3 4 3 3 2 2 6 5 4 3 3 1 2 5 4 4 4 5 5 4 3 6 4 2 4 2 3 5 3 6 2 4 3 2 4 4 5 5 2 3 3 5 3 3 5 5 2 1 4 4 4 3 5 3 4 2 4 6 5 4 4 5 1 6 5 3 7 4 3 4 5 4 4 4 6 4 5 4 3 5 4 4 4 3 5 5 3 5 7 4 6 5 6 3 4 2 4 3 3 4 1 6 3 1 5 2 5 7 6 3 5 7 3 5 6 4 3 5 4 3 5 3 4 1 5 4 6 5 3 5 5 4 3 4 5 4 4 6 2 1 5 5 2 7 4 5 4 4 5 4 6 5 4 4 4 3 4 3 2 5 3 3 4 2 3 4 3 4 3 4 4 3 
3 2 3 3 2 3 3 2 4 3 5 2 4 3 3 3 2 3 3 5 1 3 2 3 3 2 1 3 2 2 1 2 4 4 4 5 0 1 3 4 2 3 2 4 3 3 4 1 2 2 5 3 1 5 4 2 4 4 3 3 4 4 2 5 3 3 1 1 1 2 4 2 3 1 3 4 4 2 4 3 2 1 3 4 2 5 3 4 4 3 1 2 5 3 3 4 4 3 3 3 4 4 3 4 3 1 2 2 3 2 1 4 3 2 2 3 4 1 4 3 2 4 3 3 3 4 4 6 4 2 2 3 4 1 3 2 4 4 3 3 2 2 3 2 5 3 2 4 3 2 3 3 5 2 2 3 3 3 3 5 1 3 3 5 1 2 4 0 2 2 3 3 3 4 3 4 3 2 2 4 3 4 4 5 4 3 2 3 3 4 3 3 3 2 3 3 2 3 3 4 
