NAME  : Jabali_60_2_0.90_1_3
TYPE : SVRP
MODEL : FINITE_SUPPORT
NUMBER_OF_SCENARIOS : 200
DIMENSION : 60
EDGE_WEIGHT_TYPE : MATRIX
CAPACITY : 186
N_VEHICLES : 2
NODE_COORD_SECTION
1 3168 4204
2 6987 4160
3 4468 7734
4 605 3274
5 2320 4091
6 4405 948
7 6397 2807
8 6236 5098
9 3162 8113
10 3064 790
11 5808 3881
12 3477 18
13 4258 6790
14 2533 1961
15 6478 1101
16 6437 1935
17 2313 4850
18 7289 2821
19 2281 2591
20 977 3670
21 4799 59
22 970 4624
23 3872 1384
24 2643 7756
25 3737 6442
26 6570 2492
27 435 3116
28 7244 5620
29 27 4098
30 2242 5126
31 749 2420
32 3528 6369
33 394 3642
34 5065 6380
35 3935 2824
36 2898 1727
37 1904 6443
38 1942 999
39 2600 5817
40 6338 629
41 3384 8065
42 6733 1507
43 3592 2521
44 2740 5148
45 890 1761
46 3027 5706
47 5160 1833
48 5698 2451
49 6608 4625
50 244 3218
51 2345 7644
52 967 3122
53 4636 4746
54 5175 7061
55 3879 5613
56 6873 2224
57 506 2742
58 715 2175
59 7675 2665
60 1239 5983
DEMAND_SECTION
1 0.0
2 10.0
3 5.0
4 2.0
5 9.0
6 7.0
7 4.0
8 10.0
9 6.0
10 5.0
11 10.0
12 4.0
13 8.0
14 5.0
15 2.0
16 3.0
17 6.0
18 10.0
19 1.0
20 4.0
21 5.0
22 8.0
23 10.0
24 4.0
25 8.0
26 2.0
27 1.0
28 8.0
29 9.0
30 10.0
31 7.0
32 9.0
33 7.0
34 8.0
35 4.0
36 8.0
37 6.0
38 10.0
39 6.0
40 4.0
41 2.0
42 1.0
43 2.0
44 8.0
45 4.0
46 1.0
47 5.0
48 3.0
49 2.0
50 10.0
51 3.0
52 4.0
53 8.0
54 4.0
55 7.0
56 2.0
57 3.0
58 8.0
59 5.0
60 8.0
DEVIATION_SECTION
1 0.0
2 3.33333
3 1.66667
4 0.666667
5 3.0
6 2.33333
7 1.33333
8 3.33333
9 2.0
10 1.66667
11 3.33333
12 1.33333
13 2.66667
14 1.66667
15 0.666667
16 1.0
17 2.0
18 3.33333
19 0.333333
20 1.33333
21 1.66667
22 2.66667
23 3.33333
24 1.33333
25 2.66667
26 0.666667
27 0.333333
28 2.66667
29 3.0
30 3.33333
31 2.33333
32 3.0
33 2.33333
34 2.66667
35 1.33333
36 2.66667
37 2.0
38 3.33333
39 2.0
40 1.33333
41 0.666667
42 0.333333
43 0.666667
44 2.66667
45 1.33333
46 0.333333
47 1.66667
48 1.0
49 0.666667
50 3.33333
51 1.0
52 1.33333
53 2.66667
54 1.33333
55 2.33333
56 0.666667
57 1.0
58 2.66667
59 1.66667
60 2.66667
DISTANCE_MATRIX
0.0 53.4438 50.448 49.5782 11.3137 48.7603 54.34 42.5206 57.7154 46.0669 40.1049 56.5252 37.6563 32.9848 62.2036 54.7654 13.6412 65.9034 26.0192 57.0088 61.7179 28.5282 40.3731 52.4464 31.021 55.3136 37.0135 57.6281 46.0435 17.0113 38.0789 30.0723 43.1393 39.3192 28.8444 31.1246 35.7063 46.5296 24.6989 66.2784 53.4147 60.4475 26.2074 16.2713 44.3847 24.5125 45.226 44.5707 46.6197 32.2025 51.2842 54.4885 20.6155 47.0106 21.095 58.8051 38.5876 39.2173 70.2804 38.3523 
53.4438 0.0 58.6941 102.735 64.6499 56.4358 20.025 15.2315 73.0068 70.8769 17.0294 73.8241 50.2195 67.3062 40.8534 30.0832 67.0807 18.4391 66.3137 109.984 63.1269 81.9668 57.6375 74.5453 52.0865 22.561 90.0508 19.9249 99.4866 70.4508 84.4109 53.0094 96.3859 39.2173 45.805 66.0 71.0803 80.2638 60.1168 47.1699 71.3092 34.9285 50.8167 69.7108 87.0156 55.1208 40.3113 28.4429 7.61577 85.1477 76.2365 107.819 32.4799 46.0652 44.3443 25.0799 91.2276 84.0689 21.4009 77.1282 
50.448 58.6941 0.0 88.5268 57.1402 91.9239 71.0955 43.4626 18.0278 96.1562 56.8604 105.239 13.0 83.4326 93.8227 82.4419 47.0106 75.6637 76.2432 96.7729 103.73 61.1882 86.764 24.4131 20.0998 75.0075 78.7821 48.1664 79.3788 47.0956 84.0536 22.0227 82.0 19.7231 65.8817 81.214 37.5766 96.9279 36.1248 99.923 15.8114 88.444 71.6237 42.19 92.0054 34.0588 79.9237 80.1768 51.0784 75.326 27.8029 90.4434 41.4005 13.1529 29.7321 79.1347 82.3893 86.0058 79.6053 47.5395 
49.5782 102.735 88.5268 0.0 38.2884 68.3593 89.5367 92.0978 80.0999 54.1479 89.3965 64.7765 78.5204 41.3038 93.4077 89.6939 44.8549 101.1 35.7351 8.24621 79.0 27.5136 59.5399 72.0069 69.9869 90.5104 12.8062 107.168 12.083 43.599 18.1108 67.7534 6.7082 85.2938 55.3173 57.0977 52.2398 41.0 53.8947 93.9415 81.2219 94.2444 52.0 50.6626 22.8035 57.4224 73.6817 79.7674 96.3582 17.8045 69.0072 7.0 70.1783 90.9954 67.7025 94.0015 13.6015 20.0 105.477 42.107 
11.3137 64.6499 57.1402 38.2884 0.0 48.3587 65.5461 53.8145 55.1543 43.9318 51.311 55.1543 45.0111 28.8444 68.0966 63.3808 10.4403 77.1095 20.1246 45.8039 61.3164 17.5049 39.9625 49.2558 37.054 66.5197 25.807 68.884 34.9857 12.2066 27.8927 35.1283 31.8277 49.005 28.9426 30.7231 32.2412 40.8534 22.1359 69.7231 55.3624 68.2308 25.8058 15.0 35.1283 23.0868 48.0074 55.7767 57.926 21.095 47.8717 43.1856 31.8904 55.8381 30.0177 70.0112 27.7308 29.4279 81.4865 32.8136 
48.7603 56.4358 91.9239 68.3593 48.3587 0.0 36.8782 62.3939 97.4831 17.8045 43.1856 17.4642 79.0759 27.074 28.4253 30.8869 56.9642 46.0977 34.2345 71.5891 13.0384 61.9842 9.05539 95.3393 74.2401 36.0555 58.0086 75.0067 73.1095 59.8766 50.2494 73.4108 65.0077 75.2396 27.5862 39.6356 79.0292 32.249 68.0219 26.8328 96.7532 31.8904 23.8537 59.5942 47.8017 72.7357 16.1245 28.0713 59.0 54.1479 94.6072 75.326 50.9902 84.1724 63.0079 37.1214 55.0818 48.5077 49.2443 81.6753 
54.34 20.025 71.0955 89.5367 65.5461 36.8782 0.0 30.0167 83.6845 51.8941 20.9635 54.3415 60.9683 52.1024 22.8035 11.4018 67.9769 12.53 54.2037 95.0627 43.1045 82.863 38.9102 84.559 61.8988 4.47214 77.2769 39.6232 91.115 71.347 72.561 62.716 84.5486 51.4608 35.4795 54.439 80.7113 63.2989 69.7478 28.8444 82.1456 17.6918 37.599 70.607 73.7088 64.7518 20.8806 10.0 24.3516 72.5595 86.0855 95.9938 42.1109 59.3457 53.9752 9.48683 76.0887 71.8752 17.4642 86.7592 
42.5206 15.2315 43.4626 92.0978 53.8145 62.3939 30.0167 0.0 58.0517 73.3348 19.2354 79.0569 35.3553 67.543 52.6972 41.3401 55.9143 32.8024 65.1377 99.4887 71.406 70.8298 61.0328 60.075 38.1182 33.8378 79.511 15.2643 88.359 59.2844 79.7104 39.3192 85.6329 24.0416 45.4805 64.824 58.5235 81.3828 47.5913 58.8303 56.2939 47.2017 51.3574 49.1029 85.127 42.5953 46.8722 42.9561 7.61577 74.6525 62.0 96.8995 21.9317 30.8869 31.9531 37.6431 80.8022 80.5036 36.3593 64.6027 
57.7154 73.0068 18.0278 80.0999 55.1543 97.4831 83.6845 58.0517 0.0 97.9279 69.4495 108.735 22.8035 83.6301 103.448 95.0309 44.7772 88.6427 75.2396 88.2043 109.791 54.231 91.9861 8.544 23.6008 87.5966 72.2496 65.0308 69.5845 43.3244 79.2465 24.0832 74.0068 34.2345 71.1037 84.9943 28.0179 96.0052 33.1059 107.55 2.23607 101.033 76.8457 41.6773 87.876 33.8378 87.2067 85.731 65.5134 69.7209 12.083 80.7527 49.93 30.2655 34.8281 91.7238 76.531 81.5854 92.9731 38.0132 
46.0669 70.8769 96.1562 54.1479 43.9318 17.8045 51.8941 73.3348 97.9279 0.0 54.9181 11.6619 83.2223 15.8114 46.2277 47.8017 53.6004 62.434 25.0 56.1427 25.318 54.0833 13.0 92.6553 76.8129 51.9711 45.607 87.2983 60.8769 56.0803 36.4966 75.8642 51.9711 81.5843 30.5941 36.9422 75.7703 14.8661 64.9114 44.4185 97.9376 49.4975 24.7386 56.4838 32.0624 64.725 31.3847 42.202 71.3863 42.72 91.4002 61.131 57.5587 90.2441 66.4638 53.8238 41.7732 34.2345 66.0303 69.6437 
40.1049 17.0294 56.8604 89.3965 51.311 43.1856 20.9635 19.2354 69.4495 54.9181 0.0 60.0 46.7332 50.5371 43.6907 32.3099 53.7418 26.0447 49.3269 89.6368 52.2199 68.628 42.2966 70.3239 47.6637 24.8756 76.7119 32.3883 86.1477 57.1119 67.424 48.481 83.047 37.2257 28.8444 49.0132 66.4762 63.6946 55.5127 49.7911 67.9105 38.3121 34.0 56.3719 70.0288 50.5167 27.6586 23.77 16.4924 71.8089 71.8504 94.4803 27.8758 45.5349 39.7402 29.0028 70.6628 67.082 30.6083 72.5241 
56.5252 73.8241 105.239 64.7765 55.1543 17.4642 54.3415 79.0569 108.735 11.6619 60.0 0.0 92.2702 27.4591 43.6005 47.927 64.5368 63.3246 36.6197 66.0303 18.0278 65.7343 18.6815 103.466 87.3369 53.4509 56.921 92.1358 72.1249 67.2086 47.5395 86.3882 63.0635 89.8443 39.3954 47.4005 86.6979 24.0208 75.7186 40.3113 109.731 48.0208 34.0 67.291 42.19 75.5322 33.541 45.3982 76.1052 54.231 102.303 71.7008 65.521 98.6712 75.9857 54.231 52.8867 45.1221 66.2118 81.2739 
37.6563 50.2195 13.0 78.5204 45.0111 79.0759 60.9683 35.3553 22.8035 83.2223 46.7332 92.2702 0.0 70.6116 83.6955 72.3147 35.2278 65.9242 63.5059 86.7547 91.022 51.0347 73.7957 25.0799 8.544 64.8803 67.9588 43.7379 70.214 35.9026 72.4431 10.7703 71.9118 12.1655 52.9133 68.28 30.4138 84.1724 25.2982 87.5686 21.1896 78.3168 58.6553 30.0167 80.0999 22.2036 67.3798 65.7494 42.7551 64.1327 27.4591 81.0247 29.0 12.8062 16.7631 69.0075 71.1969 74.2428 70.2282 39.4081 
32.9848 67.3062 83.4326 41.3038 28.8444 27.074 52.1024 67.543 83.6301 15.8114 50.5371 27.4591 70.6116 0.0 52.9245 51.0392 38.9487 63.6553 9.21954 44.9222 38.3275 38.2753 18.2483 78.032 64.005 53.0754 31.1448 82.1294 46.3897 41.0488 23.1948 63.0563 38.0132 71.0634 22.1359 25.0357 61.0197 14.0357 50.5371 52.8867 83.672 54.5894 16.5529 42.2208 21.9545 50.462 34.1321 42.3331 66.7083 27.6586 76.6501 48.2597 48.2597 79.3095 53.9351 56.2228 28.0179 21.587 68.0147 53.8358 
62.2036 40.8534 93.8227 93.4077 68.0966 28.4253 22.8035 52.6972 103.448 46.2277 43.6907 43.6005 83.6955 52.9245 0.0 11.4018 75.8405 24.1868 57.7235 97.7394 27.313 82.1572 35.3553 101.266 79.8833 18.868 81.7863 60.7454 96.026 79.2106 75.5844 79.407 89.0505 74.188 42.0119 59.3735 97.2364 60.4649 83.8207 6.32456 102.552 6.08276 42.2966 78.4705 74.7329 78.8247 20.0998 22.3607 46.5296 77.2787 102.031 100.17 54.6329 82.4972 68.6208 15.8114 79.8123 74.3303 25.0799 100.552 
54.7654 30.0832 82.4419 89.6939 63.3808 30.8869 11.4018 41.3401 95.0309 47.8017 32.3099 47.927 72.3147 51.0392 11.4018 0.0 68.4023 15.5242 54.1295 94.8103 34.2345 77.4414 35.3836 93.7433 72.3608 7.61577 77.4919 50.0 91.3337 71.7724 72.45 71.8845 84.7585 62.8072 35.9026 54.6578 87.2617 60.8112 76.2982 17.4929 93.492 6.7082 37.6962 71.0323 72.9452 71.3022 17.0294 13.0384 35.3412 72.7782 94.5081 96.2081 47.1104 70.6921 61.0983 6.32456 76.1577 71.5891 18.3576 93.3096 
13.6412 67.0807 47.0106 44.8549 10.4403 56.9642 67.9769 55.9143 44.7772 53.6004 53.7418 64.5368 35.2278 38.9487 75.8405 68.4023 0.0 79.5403 30.4631 52.7883 69.9218 22.8775 48.5327 39.1152 27.0185 68.9505 33.2415 70.9371 40.4067 4.0 37.2156 25.0 38.1863 40.5161 37.5481 39.3285 22.1721 51.264 11.7047 79.9153 44.9444 74.0845 34.4113 5.83095 45.0 13.0384 58.8629 58.2076 60.0573 29.1204 37.8021 49.1106 33.9828 46.5725 22.9249 72.442 36.1386 39.0512 83.9173 24.8182 
65.9034 18.4391 75.6637 101.1 77.1095 46.0977 12.53 32.8024 88.6427 62.434 26.0447 63.3246 65.9242 63.6553 24.1868 15.5242 79.5403 0.0 65.7671 106.626 49.6488 94.4264 49.6488 89.5172 66.857 10.6301 88.8403 37.5899 102.678 82.9104 84.1244 67.6742 96.112 55.9464 47.0429 66.0024 85.6695 74.6525 74.706 30.4138 87.0919 18.1108 49.1624 82.1704 85.2722 69.71 31.0644 22.0227 25.4951 84.1229 91.0437 107.557 47.0691 63.5138 58.9335 9.21954 87.6521 83.4386 5.09902 91.7174 
26.0192 66.3137 76.2432 35.7351 20.1246 34.2345 54.2037 65.1377 75.2396 25.0 49.3269 36.6197 63.5059 9.21954 57.7235 54.1295 30.4631 65.7671 0.0 40.7063 46.3249 29.1548 25.1794 69.3782 56.158 55.1774 24.1868 80.3891 39.0 32.249 18.3576 54.3638 31.4006 65.123 20.5183 22.3137 52.3636 20.8806 42.1545 58.5491 75.3923 58.5235 16.6433 34.2053 20.8087 42.45 37.9473 44.4344 65.3776 20.0 67.994 42.45 43.7552 73.0 47.0956 58.6686 22.1359 17.8045 70.1442 44.655 
57.0088 109.984 96.7729 8.24621 45.8039 71.5891 95.0627 99.4887 88.2043 56.1427 89.6368 66.0303 86.7547 44.9222 97.7394 94.8103 52.7883 106.626 40.7063 0.0 81.3941 35.7351 63.0635 80.0562 78.2212 95.8722 20.0 114.634 19.2354 51.5324 22.3607 75.9877 14.8661 93.2272 60.8432 62.6236 60.407 42.0119 62.1291 97.8008 89.3588 99.0051 57.3062 58.5918 24.0832 65.3558 78.3901 85.1293 103.607 24.8395 77.0065 9.43398 77.6209 99.1718 75.6359 99.363 19.2094 23.4094 110.839 50.2494 
61.7179 63.1269 103.73 79.0 61.3164 13.0384 43.1045 71.406 109.791 25.318 52.2199 18.0278 91.022 38.3275 27.313 34.2345 69.9218 49.6488 46.3249 81.3941 0.0 74.6726 21.5407 107.647 86.5563 41.0122 69.4622 82.6075 84.7172 72.8343 61.0328 85.7274 76.2365 86.4661 40.4599 52.5933 91.9869 40.025 80.9795 23.0217 109.061 32.573 36.8917 72.5519 57.3149 85.0437 24.6982 36.1386 66.9104 65.9242 107.565 86.0 62.434 95.4087 75.2861 40.4475 66.1211 59.0 51.6624 94.6329 
28.5282 81.9668 61.1882 27.5136 17.5049 61.9842 82.863 70.8298 54.231 54.0833 68.628 65.7343 51.0347 38.2753 82.1572 77.4414 22.8775 94.4264 29.1548 35.7351 74.6726 0.0 53.1413 46.6905 42.5012 83.8367 18.0278 85.8526 20.5183 21.6216 25.632 40.2678 20.8806 59.0389 43.0032 44.7836 26.3059 46.7547 26.4091 83.7836 55.0818 82.2913 39.8664 28.6852 34.5398 31.7478 62.0679 67.4533 74.8754 15.8114 44.1475 30.5287 48.8983 63.5098 45.7251 81.6877 22.3607 28.2312 98.8035 17.088 
40.3731 57.6375 86.764 59.5399 39.9625 9.05539 38.9102 61.0328 91.9861 13.0 42.2966 18.6815 73.7957 18.2483 35.3553 35.3836 48.5327 49.6488 25.1794 63.0635 21.5407 53.1413 0.0 87.3822 68.743 39.1152 49.0 74.6726 64.0703 51.4895 41.4367 67.9137 56.0357 71.1688 21.095 31.2485 70.642 25.4951 59.6347 34.7851 91.2561 37.8021 16.2788 51.207 39.5601 67.2387 18.6011 29.203 58.6941 45.0999 86.22 66.4831 46.8402 80.0062 57.5112 41.2311 46.1736 39.8121 53.4135 68.4521 
52.4464 74.5453 24.4131 72.0069 49.2558 95.3393 84.559 60.075 8.544 92.6553 70.3239 103.466 25.0799 78.032 101.266 93.7433 39.1152 89.5172 69.3782 80.0562 107.647 46.6905 87.3822 0.0 22.8035 88.471 64.6297 68.7314 61.2944 37.2717 72.0347 22.4722 66.0303 37.2156 68.9599 78.1337 20.3961 90.0264 27.8029 105.53 10.2956 99.4255 73.2165 36.8782 80.7775 29.7321 85.0856 83.5486 67.2681 62.3699 3.60555 72.4431 48.8467 35.1141 33.1059 92.5982 69.0507 74.4648 93.849 30.0666 
31.021 52.0865 20.0998 69.9869 37.054 74.2401 61.8988 38.1182 23.6008 76.8129 47.6637 87.3369 8.544 64.005 79.8833 72.3608 27.0185 66.857 56.158 78.2212 86.5563 42.5012 68.743 22.8035 0.0 65.8109 59.5182 48.7032 61.7171 27.4591 64.195 2.23607 63.3784 18.0278 47.8606 61.8707 22.8035 77.0313 16.7631 83.9852 22.6716 78.043 53.722 22.0907 72.0069 14.0 63.7024 62.1661 45.0 55.7315 24.1868 72.4983 26.4197 21.095 11.3137 69.9381 62.8013 66.0681 71.1889 31.241 
55.3136 22.561 75.0075 90.5104 66.5197 36.0555 4.47214 33.8378 87.5966 51.9711 24.8756 53.4509 64.8803 53.0754 18.868 7.61577 68.9505 10.6301 55.1774 95.8722 41.0122 83.8367 39.1152 88.471 65.8109 0.0 78.2505 42.45 92.0886 72.3206 73.5346 66.6281 85.5223 55.3728 36.4531 55.4126 87.8099 64.0312 76.8464 25.0599 86.0576 13.4536 38.5726 71.5806 74.6825 71.8504 20.5913 11.6619 27.7308 73.5331 89.9975 96.9674 46.0229 63.2578 57.8873 5.09902 77.0623 72.8488 15.0 93.8578 
37.0135 90.0508 78.7821 12.8062 25.807 58.0086 77.2769 79.511 72.2496 45.607 76.7119 56.921 67.9588 31.1448 81.7863 77.4919 33.2415 88.8403 24.1868 20.0 69.4622 18.0278 49.0 64.6297 59.5182 78.2505 0.0 94.6414 15.2971 32.0601 10.0 57.3709 7.28011 73.7326 43.0574 44.8378 44.2832 34.4819 42.9356 82.7345 73.1095 82.28 39.8497 39.0 18.4391 45.8803 61.8466 67.5075 83.6736 5.0 61.9839 18.7883 57.6281 79.6994 56.1413 81.742 5.0 12.8062 93.2173 34.7131 
57.6281 19.9249 48.1664 107.168 68.884 75.0067 39.6232 15.2643 65.0308 87.2983 32.3883 92.1358 43.7379 82.1294 60.7454 50.0 70.9371 37.5899 80.3891 114.634 82.6075 85.8526 74.6726 68.7314 48.7032 42.45 94.6414 0.0 103.382 68.9788 94.9421 50.3289 100.658 31.5753 60.3025 80.0754 70.6824 95.529 60.3141 67.0671 63.0079 54.7814 65.578 61.8257 100.359 55.3181 59.0085 47.0106 16.0312 89.8109 71.1969 111.922 37.0135 35.0571 44.9444 44.9444 96.0208 95.7353 39.4081 77.1895 
46.0435 99.4866 79.3788 12.083 34.9857 73.1095 91.115 88.359 69.5845 60.8769 86.1477 72.1249 70.214 46.3897 96.026 91.3337 40.4067 102.678 39.0 19.2354 84.7172 20.5183 64.0703 61.2944 61.7171 92.0886 15.2971 103.382 0.0 39.1508 24.6982 59.4811 9.43398 78.2948 56.8955 58.676 42.2019 49.2443 45.665 97.3293 70.859 96.1837 53.7587 46.2144 31.9061 51.0038 75.9539 81.3457 92.4045 19.0 58.1378 11.1803 66.4274 82.7647 61.4607 95.5801 19.3132 27.313 107.055 32.0156 
17.0113 70.4508 47.0956 43.599 12.2066 59.8766 71.347 59.2844 43.3244 56.0803 57.1119 67.2086 35.9026 41.0488 79.2106 71.7724 4.0 82.9104 32.249 51.5324 72.8343 21.6216 51.4895 37.2717 27.4591 72.3206 32.0601 68.9788 39.1508 0.0 37.0 25.318 36.9304 42.0622 40.9182 42.6986 20.2572 52.8015 11.0 83.2854 43.6807 77.4545 37.3238 8.60233 45.1774 13.9284 62.233 61.5777 63.4274 28.2843 35.8876 47.8547 37.3528 47.7598 24.4709 75.8121 35.3553 39.0512 87.2874 22.9032 
38.0789 84.4109 84.0536 18.1108 27.8927 50.2494 72.561 79.7104 79.2465 36.4966 67.424 47.5395 72.4431 23.1948 75.5844 72.45 37.2156 84.1244 18.3576 22.3607 61.0328 25.632 41.4367 72.0347 64.195 73.5346 10.0 94.9421 24.6982 37.0 0.0 62.1289 15.5242 76.7002 38.6304 40.4109 51.6624 24.5967 48.0 75.9276 79.9062 76.6942 34.9857 42.5793 8.94427 50.2494 56.0803 62.7917 83.7579 9.84886 69.6419 25.0799 58.1808 83.5692 57.7129 77.026 5.38516 2.82843 88.5014 42.72 
30.0723 53.0094 22.0227 67.7534 35.1283 73.4108 62.716 39.3192 24.0832 75.8642 48.481 86.3882 10.7703 63.0563 79.407 71.8845 25.0 67.6742 54.3638 75.9877 85.7274 40.2678 67.9137 22.4722 2.23607 66.6281 57.3709 50.3289 59.4811 25.318 62.1289 0.0 61.1449 20.0 47.0313 60.922 20.8087 75.2371 14.5602 83.5089 23.3452 77.5667 52.7733 20.2237 70.0 12.0416 63.1269 61.6898 46.0435 53.6004 23.5372 70.2638 26.4008 23.3238 10.8167 70.7553 60.6712 64.0312 72.0061 29.0689 
43.1393 96.3859 82.0 6.7082 31.8277 65.0077 84.5486 85.6329 74.0068 51.9711 83.047 63.0635 71.9118 38.0132 89.0505 84.7585 38.1863 96.112 31.4006 14.8661 76.2365 20.8806 56.0357 66.0303 63.3784 85.5223 7.28011 100.658 9.43398 36.9304 15.5242 61.1449 0.0 78.6251 50.3292 52.1096 46.0435 39.9249 47.2862 89.9444 75.06 89.56 47.1275 43.994 22.4722 50.7537 69.1231 74.7793 90.0087 12.083 63.1269 11.6619 63.7024 84.3869 61.0339 89.0137 10.198 18.0278 100.489 36.0 
39.3192 39.2173 19.7231 85.2938 49.005 75.2396 51.4608 24.0416 34.2345 81.5843 37.2257 89.8443 12.1655 71.0634 74.188 62.8072 40.5161 55.9464 65.123 93.2272 86.4661 59.0389 71.1688 37.2156 18.0278 55.3728 73.7326 31.5753 78.2948 42.0622 76.7002 20.0 78.6251 0.0 50.9902 68.1402 40.8044 85.0235 32.8024 80.2884 32.3883 68.8093 56.8859 34.9091 83.5464 28.3019 62.5659 60.5421 31.6228 69.6321 39.6232 89.0369 24.3516 8.94427 19.3132 59.375 76.6359 78.1025 59.9333 48.7955 
28.8444 45.805 65.8817 55.3173 28.9426 27.5862 35.4795 45.4805 71.1037 30.5941 28.8444 39.3954 52.9133 22.1359 42.0119 35.9026 37.5481 47.0429 20.5183 60.8432 40.4599 43.0032 21.095 68.9599 47.8606 36.4531 43.0574 60.3025 56.8955 40.9182 38.6304 47.0313 50.3292 50.9902 0.0 20.2195 59.6131 35.9026 48.6058 44.5533 70.3737 41.3038 6.0 40.1781 41.2311 46.3563 22.2036 25.7101 44.8853 38.34 75.1911 61.7743 27.074 59.6657 36.6288 39.9446 41.8692 38.2884 51.4199 62.2592 
31.1246 66.0 81.214 57.0977 30.7231 39.6356 54.439 64.824 84.9943 36.9422 49.0132 47.4005 68.28 25.0357 59.3735 54.6578 39.3285 66.0024 22.3137 62.6236 52.5933 44.7836 31.2485 78.1337 61.8707 55.4126 44.8378 80.0754 58.676 42.6986 40.4109 60.922 52.1096 68.1402 20.2195 0.0 61.3936 39.0713 50.3862 61.0 84.2644 59.5077 17.0828 41.9586 43.0156 60.2469 39.2843 44.6697 65.0639 40.1204 76.9716 63.5547 45.2345 76.4905 51.5216 58.9041 43.6497 40.0689 70.3794 64.0397 
35.7063 71.0803 37.5766 52.2398 32.2412 79.0292 80.7113 58.5235 28.0179 75.7703 66.4762 86.6979 30.4138 61.0197 97.2364 87.2617 22.1721 85.6695 52.3636 60.407 91.9869 26.3059 70.642 20.3961 22.8035 87.8099 44.2832 70.6824 42.2019 20.2572 51.6624 20.8087 46.0435 40.8044 59.6131 61.3936 0.0 71.1326 13.1529 101.311 29.0172 92.9439 56.4763 21.5407 60.4401 18.0 80.2588 77.067 64.5619 41.9762 18.0278 53.3667 42.4513 43.1856 26.7697 88.7505 48.6621 54.1202 90.0013 10.198 
46.5296 80.2638 96.9279 41.0 40.8534 32.249 63.2989 81.3828 96.0052 14.8661 63.6946 24.0208 84.1724 14.0357 60.4649 60.8112 51.264 74.6525 20.8806 42.0119 40.025 46.7547 25.4951 90.0264 77.0313 64.0312 34.4819 95.529 49.2443 52.8015 24.5967 75.2371 39.9249 85.0235 35.9026 39.0713 71.1326 0.0 62.9682 59.0593 96.2081 63.2535 30.0832 55.0818 18.2483 63.3246 43.8634 53.5296 80.0562 32.8024 88.6422 47.8539 62.2896 93.1933 67.6018 66.5282 29.9666 21.9317 78.6448 63.0338 
24.6989 60.1168 36.1248 53.8947 22.1359 68.0219 69.7478 47.5913 33.1059 64.9114 55.5127 75.7186 25.2982 50.5371 83.8207 76.2982 11.7047 74.706 42.1545 62.1291 80.9795 26.4091 59.6347 27.8029 16.7631 76.8464 42.9356 60.3141 45.665 11.0 48.0 14.5602 47.2862 32.8024 48.6058 50.3862 13.1529 62.9682 0.0 87.9226 33.2415 81.9804 45.469 9.21954 56.1427 5.38516 69.9206 66.1035 53.5984 39.2046 26.8701 56.4071 31.4878 37.5766 15.8062 77.7871 46.2709 50.04 79.0379 17.0 
66.2784 47.1699 99.923 93.9415 69.7231 26.8328 28.8444 58.8303 107.55 44.4185 49.7911 40.3113 87.5686 52.8867 6.32456 17.4929 79.9153 30.4138 58.5491 97.8008 23.0217 83.7836 34.7851 105.53 83.9852 25.0599 82.7345 67.0671 97.3293 83.2854 75.9276 83.5089 89.9444 80.2884 44.5533 61.0 101.311 59.0593 87.9226 0.0 106.654 12.3693 44.0114 82.5453 74.3303 82.9266 22.3607 27.2029 52.7731 78.4092 106.132 100.807 58.7348 88.5975 72.7227 22.1359 80.4114 74.4648 31.0 104.626 
53.4147 71.3092 15.8114 81.2219 55.3624 96.7532 82.1456 56.2939 2.23607 97.9376 67.9105 109.731 21.1896 83.672 102.552 93.492 44.9444 87.0919 75.3923 89.3588 109.061 55.0818 91.2561 10.2956 22.6716 86.0576 73.1095 63.0079 70.859 43.6807 79.9062 23.3452 75.06 32.3883 70.3737 84.2644 29.0172 96.2081 33.2415 106.654 0.0 99.4941 76.1157 41.5933 88.512 33.6155 86.3713 84.8349 63.7887 70.4557 13.8924 82.0366 48.8262 28.1603 33.9706 90.1849 77.3175 82.2215 91.4166 39.1152 
60.4475 34.9285 88.444 94.2444 68.2308 31.8904 17.6918 47.2017 101.033 49.4975 38.3121 48.0208 78.3168 54.5894 6.08276 6.7082 74.0845 18.1108 58.5235 99.0051 32.573 82.2913 37.8021 99.4255 78.043 13.4536 82.28 54.7814 96.1837 77.4545 76.6942 77.5667 89.56 68.8093 41.3038 59.5077 92.9439 63.2535 81.9804 12.3693 99.4941 0.0 42.45 76.7145 76.5376 76.9844 20.6155 19.4165 40.8167 77.6209 100.19 100.881 52.7926 76.6943 66.7804 9.84886 80.6536 75.6439 19.2354 98.9918 
26.2074 50.8167 71.6237 52.0 25.8058 23.8537 37.599 51.3574 76.8457 24.7386 34.0 34.0 58.6553 16.5529 42.2966 37.6962 34.4113 49.1624 16.6433 57.3062 36.8917 39.8664 16.2788 73.2165 53.722 38.5726 39.8497 65.578 53.7587 37.3238 34.9857 52.7733 47.1275 56.8859 6.0 17.0828 56.4763 30.0832 45.469 44.0114 76.1157 42.45 0.0 37.0414 36.7696 52.0983 22.2036 27.8296 50.1597 35.171 72.0543 58.5235 33.0606 65.5134 42.3708 42.0595 38.4838 34.4093 53.5394 59.1224 
16.2713 69.7108 42.19 50.6626 15.0 59.5942 70.607 49.1029 41.6773 56.4838 56.3719 67.291 30.0167 42.2208 78.4705 71.0323 5.83095 82.1704 34.2053 58.5918 72.5519 28.6852 51.207 36.8782 22.0907 71.5806 39.0 61.8257 46.2144 8.60233 42.5793 20.2237 43.994 34.9091 40.1781 41.9586 21.5407 55.0818 9.21954 82.5453 41.5933 76.7145 37.0414 0.0 50.0899 8.24621 61.4929 60.8376 62.6874 34.7851 36.0694 54.9183 36.6128 41.0011 17.3178 75.0721 41.7612 44.2832 86.5474 24.1867 
44.3847 87.0156 92.0054 22.8035 35.1283 47.8017 73.7088 85.127 87.876 32.0624 70.0288 42.19 80.0999 21.9545 74.7329 72.9452 45.0 85.2722 20.8087 24.0832 57.3149 34.5398 39.5601 80.7775 72.0069 74.6825 18.4391 100.359 31.9061 45.1774 8.94427 70.0 22.4722 83.5464 41.2311 43.0156 60.4401 18.2483 56.1427 74.3303 88.512 76.5376 36.7696 50.0899 0.0 58.0086 56.0803 63.9395 86.0796 18.7883 78.4474 29.6142 63.6946 90.8062 64.6343 78.0064 13.4536 6.32456 89.6437 51.6236 
24.5125 55.1208 34.0588 57.4224 23.0868 72.7357 64.7518 42.5953 33.8378 64.725 50.5167 75.5322 22.2036 50.462 78.8247 71.3022 13.0384 69.71 42.45 65.3558 85.0437 31.7478 67.2387 29.7321 14.0 71.8504 45.8803 55.3181 51.0038 13.9284 50.2494 12.0416 50.7537 28.3019 46.3563 60.2469 18.0 63.3246 5.38516 82.9266 33.6155 76.9844 52.0983 8.24621 58.0086 0.0 62.482 61.1075 48.6024 41.9762 29.4109 61.7458 26.4918 33.8378 10.8102 72.7911 49.0306 52.0865 74.0419 22.3607 
45.226 40.3113 79.9237 73.6817 48.0074 16.1245 20.8806 46.8722 87.2067 31.3847 27.6586 33.541 67.3798 34.1321 20.0998 17.0294 58.8629 31.0644 37.9473 78.3901 24.6982 62.0679 18.6011 85.0856 63.7024 20.5913 61.8466 59.0085 75.9539 62.233 56.0803 63.1269 69.1231 62.5659 22.2036 39.2843 80.2588 43.8634 69.9206 22.3607 86.3713 20.6155 22.2036 61.4929 56.0803 62.482 0.0 12.0 43.061 57.2713 85.6879 80.3617 38.546 71.5085 52.4023 22.6716 60.0833 55.0364 34.8281 83.574 
44.5707 28.4429 80.1768 79.7674 55.7767 28.0713 10.0 42.9561 85.731 42.202 23.77 45.3982 65.7494 42.3331 22.3607 13.0384 58.2076 22.0227 44.4344 85.1293 36.1386 67.4533 29.203 83.5486 62.1661 11.6619 67.5075 47.0106 81.3457 61.5777 62.7917 61.6898 74.7793 60.5421 25.7101 44.6697 77.067 53.5296 66.1035 27.2029 84.8349 19.4165 27.8296 60.8376 63.9395 61.1075 12.0 0.0 31.0703 62.7901 84.3134 86.2244 36.9157 68.8513 50.9035 15.8114 66.2922 62.1059 26.6271 82.9187 
46.6197 7.61577 51.0784 96.3582 57.926 59.0 24.3516 7.61577 65.5134 71.3863 16.4924 76.1052 42.7551 66.7083 46.5296 35.3412 60.0573 25.4951 65.3776 103.607 66.9104 74.8754 58.6941 67.2681 45.0 27.7308 83.6736 16.0312 92.4045 63.4274 83.7579 46.0435 90.0087 31.6228 44.8853 65.0639 64.5619 80.0562 53.5984 52.7731 63.7887 40.8167 50.1597 62.6874 86.0796 48.6024 43.061 31.0703 0.0 78.7705 69.0652 101.04 26.1027 38.4708 37.855 31.0644 84.8504 83.1328 28.8444 70.6098 
32.2025 85.1477 75.326 17.8045 21.095 54.1479 72.5595 74.6525 69.7209 42.72 71.8089 54.231 64.1327 27.6586 77.2787 72.7782 29.1204 84.1229 20.0 24.8395 65.9242 15.8114 45.0999 62.3699 55.7315 73.5331 5.0 89.8109 19.0 28.2843 9.84886 53.6004 12.083 69.6321 38.34 40.1204 41.9762 32.8024 39.2046 78.4092 70.4557 77.6209 35.171 34.7851 18.7883 41.9762 57.2713 62.7901 78.7705 0.0 59.9083 23.7065 52.8015 75.6902 52.0408 77.0246 7.07107 12.53 88.4999 32.8938 
51.2842 76.2365 27.8029 69.0072 47.8717 94.6072 86.0855 62.0 12.083 91.4002 71.8504 102.303 27.4591 76.6501 102.031 94.5081 37.8021 91.0437 67.994 77.0065 107.565 44.1475 86.22 3.60555 24.1868 89.9975 61.9839 71.1969 58.1378 35.8876 69.6419 23.5372 63.1269 39.6232 75.1911 76.9716 18.0278 88.6422 26.8701 106.132 13.8924 100.19 72.0543 36.0694 78.4474 29.4109 85.6879 84.3134 69.0652 59.9083 0.0 69.2604 49.6488 38.0789 33.8378 94.1248 66.4906 72.1249 95.3755 27.2947 
54.4885 107.819 90.4434 7.0 43.1856 75.326 95.9938 96.8995 80.7527 61.131 94.4803 71.7008 81.0247 48.2597 100.17 96.2081 49.1106 107.557 42.45 9.43398 86.0 30.5287 66.4831 72.4431 72.4983 96.9674 18.7883 111.922 11.1803 47.8547 25.0799 70.2638 11.6619 89.0369 61.7743 63.5547 53.3667 47.8539 56.4071 100.807 82.0366 100.881 58.5235 54.9183 29.6142 61.7458 80.3617 86.2244 101.04 23.7065 69.2604 0.0 74.968 93.5078 71.9582 100.459 20.3961 27.0 111.934 43.1741 
20.6155 32.4799 41.4005 70.1783 31.8904 50.9902 42.1109 21.9317 49.93 57.5587 27.8758 65.521 29.0 48.2597 54.6329 47.1104 33.9828 47.0691 43.7552 77.6209 62.434 48.8983 46.8402 48.8467 26.4197 46.0229 57.6281 37.0135 66.4274 37.3528 58.1808 26.4008 63.7024 24.3516 27.074 45.2345 42.4513 62.2896 31.4878 58.7348 48.8262 52.7926 33.0606 36.6128 63.6946 26.4918 38.546 36.9157 26.1027 52.8015 49.6488 74.968 0.0 33.2415 15.8114 50.1502 59.0762 59.0339 51.401 48.4992 
47.0106 46.0652 13.1529 90.9954 55.8381 84.1724 59.3457 30.8869 30.2655 90.2441 45.5349 98.6712 12.8062 79.3095 82.4972 70.6921 46.5725 63.5138 73.0 99.1718 95.4087 63.5098 80.0062 35.1141 21.095 63.2578 79.6994 35.0571 82.7647 47.7598 83.5692 23.3238 84.3869 8.94427 59.6657 76.4905 43.1856 93.1933 37.5766 88.5975 28.1603 76.6943 65.5134 41.0011 90.8062 33.8378 71.5085 68.8513 38.4708 75.6902 38.0789 93.5078 33.2415 0.0 26.1725 67.385 82.7103 85.2325 67.2309 52.2015 
21.095 44.3443 29.7321 67.7025 30.0177 63.0079 53.9752 31.9531 34.8281 66.4638 39.7402 75.9857 16.7631 53.9351 68.6208 61.0983 22.9249 58.9335 47.0956 75.6359 75.2861 45.7251 57.5112 33.1059 11.3137 57.8873 56.1413 44.9444 61.4607 24.4709 57.7129 10.8167 61.0339 19.3132 36.6288 51.5216 26.7697 67.6018 15.8062 72.7227 33.9706 66.7804 42.3708 17.3178 64.6343 10.8102 52.4023 50.9035 37.855 52.0408 33.8378 71.9582 15.8114 26.1725 0.0 62.0145 59.0446 59.1153 63.2653 32.6816 
58.8051 25.0799 79.1347 94.0015 70.0112 37.1214 9.48683 37.6431 91.7238 53.8238 29.0028 54.231 69.0075 56.2228 15.8114 6.32456 72.442 9.21954 58.6686 99.363 40.4475 81.6877 41.2311 92.5982 69.9381 5.09902 81.742 44.9444 95.5801 75.8121 77.026 70.7553 89.0137 59.375 39.9446 58.9041 88.7505 66.5282 77.7871 22.1359 90.1849 9.84886 42.0595 75.0721 78.0064 72.7911 22.6716 15.8114 31.0644 77.0246 94.1248 100.459 50.1502 67.385 62.0145 0.0 80.5267 76.3217 12.2066 94.7984 
38.5876 91.2276 82.3893 13.6015 27.7308 55.0818 76.0887 80.8022 76.531 41.7732 70.6628 52.8867 71.1969 28.0179 79.8123 76.1577 36.1386 87.6521 22.1359 19.2094 66.1211 22.3607 46.1736 69.0507 62.8013 77.0623 5.0 96.0208 19.3132 35.3553 5.38516 60.6712 10.198 76.6359 41.8692 43.6497 48.6621 29.9666 46.2709 80.4114 77.3175 80.6536 38.4838 41.7612 13.4536 49.0306 60.0833 66.2922 84.8504 7.07107 66.4906 20.3961 59.0762 82.7103 59.0446 80.5267 0.0 8.06226 92.0291 39.2938 
39.2173 84.0689 86.0058 20.0 29.4279 48.5077 71.8752 80.5036 81.5854 34.2345 67.082 45.1221 74.2428 21.587 74.3303 71.5891 39.0512 83.4386 17.8045 23.4094 59.0 28.2312 39.8121 74.4648 66.0681 72.8488 12.8062 95.7353 27.313 39.0512 2.82843 64.0312 18.0278 78.1025 38.2884 40.0689 54.1202 21.9317 50.04 74.4648 82.2215 75.6439 34.4093 44.2832 6.32456 52.0865 55.0364 62.1059 83.1328 12.53 72.1249 27.0 59.0339 85.2325 59.1153 76.3217 8.06226 0.0 87.8156 45.31 
70.2804 21.4009 79.6053 105.477 81.4865 49.2443 17.4642 36.3593 92.9731 66.0303 30.6083 66.2118 70.2282 68.0147 25.0799 18.3576 83.9173 5.09902 70.1442 110.839 51.6624 98.8035 53.4135 93.849 71.1889 15.0 93.2173 39.4081 107.055 87.2874 88.5014 72.0061 100.489 59.9333 51.4199 70.3794 90.0013 78.6448 79.0379 31.0 91.4166 19.2354 53.5394 86.5474 89.6437 74.0419 34.8281 26.6271 28.8444 88.4999 95.3755 111.934 51.401 67.2309 63.2653 12.2066 92.0291 87.8156 0.0 96.0492 
38.3523 77.1282 47.5395 42.107 32.8136 81.6753 86.7592 64.6027 38.0132 69.6437 72.5241 81.2739 39.4081 53.8358 100.552 93.3096 24.8182 91.7174 44.655 50.2494 94.6329 17.088 68.4521 30.0666 31.241 93.8578 34.7131 77.1895 32.0156 22.9032 42.72 29.0689 36.0 48.7955 62.2592 64.0397 10.198 63.0338 17.0 104.626 39.1152 98.9918 59.1224 24.1867 51.6236 22.3607 83.574 82.9187 70.6098 32.8938 27.2947 43.1741 48.4992 52.2015 32.6816 94.7984 39.2938 45.31 96.0492 0.0 
DEMAND_SCENARIO_SECTION
0 0 0 0 0 0 0 0 0 0 0 0 0 0 0 0 0 0 0 0 0 0 0 0 0 0 0 0 0 0 0 0 0 0 0 0 0 0 0 0 0 0 0 0 0 0 0 0 0 0 0 0 0 0 0 0 0 0 0 0 0 0 0 0 0 0 0 0 0 0 0 0 0 0 0 0 0 0 0 0 0 0 0 0 0 0 0 0 0 0 0 0 0 0 0 0 0 0 0 0 0 0 0 0 0 0 0 0 0 0 0 0 0 0 0 0 0 0 0 0 0 0 0 0 0 0 0 0 0 0 0 0 0 0 0 0 0 0 0 0 0 0 0 0 0 0 0 0 0 0 0 0 0 0 0 0 0 0 0 0 0 0 0 0 0 0 0 0 0 0 0 0 0 0 0 0 0 0 0 0 0 0 0 0 0 0 0 0 0 0 0 0 0 0 0 0 0 0 0 0 
8 8 12 5 10 10 15 10 14 5 10 11 12 10 19 4 13 11 11 11 8 9 17 13 5 12 6 15 14 8 15 5 8 12 14 9 9 9 16 11 11 11 10 5 6 16 7 13 8 8 4 14 13 9 16 14 12 12 17 12 7 9 12 9 8 7 3 10 9 9 8 7 9 13 6 12 9 13 9 4 14 8 13 11 10 12 14 11 10 20 5 7 8 12 11 12 12 7 13 9 13 11 6 8 12 12 13 5 14 10 1 2 8 3 13 11 10 12 13 12 9 16 14 9 5 7 12 6 8 10 8 8 9 7 8 2 7 4 17 11 12 14 6 10 14 8 8 10 9 12 15 12 12 8 11 12 8 6 10 9 4 11 0 5 16 9 4 9 13 9 10 7 13 7 12 10 6 9 6 16 8 6 4 10 8 8 10 16 11 7 9 9 10 11 10 7 3 10 11 6 
7 6 5 3 6 4 6 3 5 7 4 2 8 5 4 7 4 6 2 2 3 5 7 4 7 6 6 6 6 5 2 6 7 6 5 6 6 5 6 4 5 3 7 7 5 6 6 4 3 4 8 5 3 1 2 2 6 4 7 3 7 7 6 4 2 7 5 4 6 5 1 7 4 3 4 3 7 8 5 3 7 4 5 7 7 5 5 6 3 5 6 4 6 9 6 4 5 6 2 7 7 3 6 5 4 4 7 5 4 5 5 6 6 7 7 3 6 2 3 6 4 8 7 5 6 5 3 5 8 7 5 9 7 6 4 3 5 4 4 4 5 6 6 8 7 6 6 6 6 6 5 4 3 4 5 3 6 6 6 5 4 4 0 3 3 3 4 5 6 5 1 5 6 2 8 2 8 5 5 3 6 3 4 1 4 6 6 2 1 4 6 4 7 5 5 6 4 6 7 6 
2 0 3 3 1 1 1 3 3 4 3 2 3 2 2 2 2 3 0 2 2 3 1 1 1 2 3 2 3 2 3 2 1 1 2 1 3 2 1 2 1 3 2 2 2 2 2 2 3 2 2 1 3 3 4 2 2 3 1 2 2 2 1 2 2 2 1 2 1 1 3 1 2 3 1 2 2 3 2 3 3 3 2 2 2 2 2 2 2 1 1 2 2 1 2 2 2 2 2 2 1 2 1 2 2 2 1 3 1 3 3 2 1 3 2 3 1 3 2 2 1 2 2 2 2 2 3 1 2 3 1 2 2 3 2 2 2 3 1 1 1 2 2 2 2 2 2 2 2 2 2 3 3 4 0 3 2 3 2 2 1 2 3 3 2 2 2 1 2 3 2 2 2 2 3 2 2 1 2 2 2 2 1 2 3 2 2 3 2 2 1 2 2 1 3 2 3 1 3 2 
9 11 10 11 10 9 10 6 7 8 14 12 7 5 8 8 7 9 6 8 7 9 5 8 9 12 8 8 11 8 13 11 8 8 8 6 9 13 6 10 7 8 5 8 9 6 10 8 9 6 11 14 13 2 8 9 9 12 13 9 9 6 5 12 11 9 6 6 11 11 10 7 8 6 11 8 13 12 11 8 7 6 10 6 9 2 9 15 8 7 5 7 7 6 9 3 11 16 12 9 15 13 6 3 5 14 9 10 11 7 8 13 9 8 4 15 11 11 8 11 13 8 15 8 9 8 7 10 13 9 8 10 5 11 4 3 6 11 12 11 8 12 11 10 7 11 3 8 3 6 6 9 10 10 6 8 8 9 8 17 11 12 14 9 10 7 9 14 11 3 4 10 10 9 12 6 6 10 15 10 10 7 5 10 6 6 3 7 6 3 9 9 10 11 2 9 5 18 6 8 
9 7 5 6 7 10 8 6 8 10 9 3 5 4 9 5 9 9 11 8 8 4 5 7 7 5 7 3 11 7 6 8 5 7 7 6 8 10 6 5 6 7 9 5 11 7 8 9 11 6 4 8 6 7 9 10 9 8 11 5 7 4 8 7 8 10 1 7 7 5 4 7 11 4 10 11 9 9 7 6 9 6 9 6 5 7 6 6 7 9 14 8 11 7 8 6 5 8 9 6 4 3 4 5 10 7 8 8 7 6 6 6 9 10 10 6 7 7 8 6 7 9 8 10 4 9 7 5 12 6 9 9 6 6 10 5 9 7 5 4 9 6 6 6 9 4 6 9 5 9 5 5 9 12 5 12 8 6 11 7 6 8 8 8 12 11 7 5 5 9 9 9 9 5 8 4 5 10 9 8 4 8 7 6 5 10 3 6 5 10 8 8 6 6 5 5 5 6 6 9 
4 5 2 3 4 6 3 6 3 3 3 3 4 3 5 2 4 5 3 6 3 3 5 4 5 5 6 4 3 3 5 6 4 4 4 2 5 4 2 5 5 4 4 4 2 4 4 6 1 5 7 5 4 4 4 4 7 4 5 5 2 4 5 7 3 4 4 5 3 3 4 4 2 4 7 3 5 4 5 4 4 4 6 2 3 6 7 3 4 3 4 4 3 3 3 6 5 3 5 4 3 5 4 4 1 6 3 5 5 5 6 5 3 8 3 5 3 3 4 6 1 3 4 4 5 4 3 3 1 4 4 4 4 4 3 3 2 5 1 3 4 5 4 4 5 3 5 3 3 5 4 5 3 4 5 3 5 5 3 4 5 4 3 4 4 5 4 3 4 5 3 5 4 5 3 2 2 4 3 5 3 6 2 6 3 5 5 4 4 6 4 3 4 3 5 3 5 4 4 5 
10 5 10 10 8 10 10 9 3 13 16 12 7 3 5 12 3 10 8 5 11 8 12 7 12 13 10 7 10 10 14 5 5 6 16 9 12 11 10 17 15 12 5 10 13 4 7 5 8 13 12 8 5 13 11 7 0 6 10 6 7 17 11 9 11 13 12 13 10 3 8 11 4 8 8 9 9 13 14 9 8 10 16 13 10 10 8 6 9 11 4 9 14 8 9 5 9 6 12 7 8 11 8 15 9 9 15 9 7 7 15 15 7 10 10 10 15 10 13 12 7 8 6 14 9 14 16 12 13 8 10 9 9 9 12 16 4 8 12 4 12 7 12 13 10 9 15 7 6 7 21 13 11 9 15 13 14 11 12 11 9 14 4 8 9 14 15 17 11 8 12 7 11 15 6 12 6 10 7 8 8 6 12 9 9 7 8 9 11 2 10 16 12 8 13 9 13 7 4 9 
3 7 6 8 7 8 6 7 10 7 5 10 5 7 7 5 8 5 8 5 4 5 9 7 8 5 6 6 6 4 8 7 5 9 2 7 7 8 4 4 5 8 5 6 1 6 7 6 6 6 6 7 8 8 7 9 5 6 4 5 4 2 8 2 8 6 7 8 7 8 6 6 5 9 6 6 5 7 5 7 4 4 6 3 7 7 7 5 5 4 5 6 4 4 7 5 9 3 6 5 8 4 10 5 4 5 6 6 1 4 7 5 2 4 5 3 7 6 4 11 2 10 7 7 4 5 4 4 4 5 6 8 9 3 7 5 5 6 7 6 3 7 6 10 4 6 4 5 3 9 8 7 7 5 5 7 6 7 7 6 3 4 4 6 7 6 3 8 7 4 4 4 3 6 9 5 9 6 6 3 6 5 7 8 9 5 2 5 6 7 8 9 4 5 8 5 3 5 6 7 
8 6 8 4 7 3 3 5 3 6 9 4 3 5 5 4 2 7 4 8 7 3 6 7 2 6 8 3 5 8 5 4 7 4 7 0 6 5 6 4 6 9 6 2 5 4 6 5 2 4 5 5 4 3 6 6 4 5 5 6 5 3 10 5 6 5 8 7 4 6 3 7 5 8 9 4 4 3 5 4 1 2 7 5 6 6 6 8 6 2 5 2 5 5 5 7 5 4 4 2 3 2 7 4 2 6 1 6 4 5 3 3 4 4 3 4 7 2 7 7 5 4 3 4 3 7 4 6 4 5 3 2 3 4 3 1 6 5 6 2 9 6 6 3 3 4 6 3 7 2 7 7 4 3 4 4 4 7 5 6 7 7 5 3 6 5 5 5 1 7 3 3 5 4 7 5 1 4 7 6 4 4 3 2 5 3 3 4 5 3 3 6 5 4 5 3 5 6 5 5 
12 9 6 8 5 9 11 15 8 6 7 7 13 11 8 9 14 13 18 11 7 9 10 4 7 9 12 7 8 12 12 13 8 10 13 15 12 5 8 10 9 15 8 5 9 6 7 8 10 11 10 5 5 10 9 5 10 11 9 14 8 8 6 9 9 10 9 12 17 14 13 12 11 6 8 8 9 6 13 7 12 13 10 6 13 9 13 7 6 12 13 10 13 7 12 15 10 12 7 10 12 7 9 8 12 13 13 11 8 11 15 13 12 18 7 13 7 7 6 13 15 12 13 11 10 10 8 14 10 11 10 8 2 10 11 6 9 10 16 11 12 7 9 18 10 13 10 5 14 10 9 4 10 12 10 9 18 6 10 18 10 18 11 11 12 12 9 18 17 13 5 8 14 15 12 3 14 3 10 7 16 6 12 10 10 9 10 2 9 12 13 14 12 11 15 13 10 10 9 11 
7 2 5 2 5 2 0 3 4 1 5 6 2 5 7 6 3 6 2 4 3 4 5 3 3 5 2 2 3 2 4 3 1 3 5 5 4 4 3 6 5 4 4 4 6 6 5 4 4 6 4 3 6 3 4 4 3 5 2 4 3 4 3 5 5 5 4 2 4 4 5 5 2 5 3 4 3 7 5 4 3 8 3 3 4 3 5 1 5 5 2 2 6 4 4 5 1 6 3 4 5 4 2 5 3 3 5 2 4 6 4 5 2 4 3 6 1 4 5 3 4 2 2 3 5 4 3 4 6 3 4 5 3 6 5 3 4 2 3 6 4 3 4 5 4 3 1 3 4 6 5 2 4 5 3 4 4 2 2 5 4 7 4 4 5 3 3 3 5 4 6 5 6 5 2 3 3 2 5 6 2 4 4 4 4 4 3 7 2 3 4 4 3 4 4 4 7 5 5 4 
2 8 10 9 11 13 11 13 8 10 10 11 6 12 9 7 9 5 8 11 11 9 6 9 9 8 8 9 6 10 12 12 8 8 8 7 8 9 9 8 9 5 11 9 10 9 6 9 10 7 6 6 7 6 11 7 6 9 8 7 8 8 7 11 9 9 4 4 4 8 7 9 9 9 8 7 9 12 5 6 5 9 8 5 8 8 7 7 3 7 5 9 6 6 10 6 6 7 6 11 9 6 6 8 10 9 7 9 9 7 6 5 7 8 5 9 5 7 9 11 11 10 11 11 5 3 9 9 8 4 6 10 13 9 4 9 12 4 8 7 11 5 8 8 7 9 8 9 5 7 7 10 8 7 8 8 5 6 11 11 8 6 8 10 9 5 10 12 8 7 13 5 10 9 3 10 10 14 9 5 5 8 6 11 12 9 3 6 5 8 4 12 7 9 8 9 10 3 8 11 
8 6 5 6 6 6 3 5 5 5 8 6 1 5 6 1 3 6 3 4 4 8 4 3 4 6 7 3 4 5 6 6 5 7 5 6 8 2 7 5 5 5 4 5 5 5 6 4 7 7 5 4 5 5 3 6 5 4 2 5 8 5 6 2 5 6 5 6 1 2 3 6 6 6 4 5 4 8 1 4 4 7 3 7 6 3 5 8 3 3 6 4 2 7 2 5 6 7 3 6 2 6 4 6 2 5 5 2 4 4 4 7 6 6 6 4 4 5 2 5 7 3 5 8 6 4 4 7 7 5 5 5 4 0 6 8 8 5 3 4 4 9 5 4 4 3 4 6 7 6 7 5 7 4 5 4 6 4 2 5 9 5 7 5 6 8 4 3 2 2 3 4 6 3 5 4 7 8 7 7 4 2 4 6 4 5 4 4 6 4 4 3 4 7 4 5 6 7 4 3 
3 3 2 2 1 2 1 1 3 2 1 3 2 3 1 2 1 2 3 1 2 3 2 2 1 3 2 2 1 2 3 2 2 1 2 3 1 2 2 2 2 3 3 2 2 3 1 2 1 2 1 1 2 3 1 2 1 3 2 2 1 2 2 2 3 2 2 2 2 3 2 2 2 0 3 0 3 3 2 2 2 2 2 2 2 2 1 3 2 3 1 2 3 2 2 2 3 1 2 2 2 2 0 2 1 3 2 2 1 2 3 2 2 1 3 2 1 3 2 1 2 3 2 2 3 3 1 2 2 3 2 2 1 2 2 2 3 3 3 2 2 3 3 1 2 3 1 2 1 2 2 2 2 2 2 2 3 1 3 2 1 3 2 1 1 3 3 2 2 3 2 2 2 1 2 2 1 2 2 1 3 2 2 2 2 0 2 3 2 2 3 2 2 3 2 3 3 3 1 3 
4 3 2 1 6 4 4 3 6 4 3 4 2 5 5 3 4 2 4 4 6 4 3 3 3 2 5 2 3 4 3 1 3 2 3 2 5 3 4 4 3 2 4 3 4 1 1 2 3 3 5 1 3 2 3 5 5 1 3 3 3 3 3 2 3 2 5 3 4 4 4 3 3 2 3 1 3 2 3 2 3 1 4 3 3 3 3 3 3 2 2 2 3 4 3 3 4 2 4 3 1 3 3 3 3 3 3 4 3 5 2 4 3 2 2 2 4 2 2 3 1 3 3 5 4 5 4 4 4 1 2 3 4 3 2 4 5 1 4 2 4 3 3 3 3 3 3 6 3 2 3 4 3 3 3 2 3 4 3 4 2 5 3 2 3 4 3 4 3 2 3 5 3 4 4 3 3 3 3 2 3 1 3 3 4 4 3 5 3 4 3 3 2 4 4 2 4 2 1 3 
7 8 5 7 3 3 2 9 8 9 4 7 8 7 6 3 4 8 5 8 4 8 9 4 6 4 12 8 8 4 3 9 10 6 7 6 5 8 7 7 5 5 5 6 7 2 5 6 6 5 2 1 7 6 6 7 6 7 6 8 5 4 6 3 6 6 7 8 7 5 9 7 5 9 5 8 7 7 2 7 6 4 3 9 8 9 5 5 4 5 6 9 5 7 9 5 7 7 2 6 5 4 8 6 0 5 6 6 7 4 9 5 2 7 8 4 4 5 8 7 9 5 3 5 8 5 7 5 8 7 8 1 10 7 5 4 6 8 7 4 7 7 7 7 6 7 6 5 8 7 8 7 6 4 8 5 8 7 2 6 4 9 7 4 10 5 8 7 8 5 7 4 4 4 4 4 7 10 6 8 5 7 4 4 1 4 7 3 10 5 4 8 6 4 7 5 6 5 9 4 
11 13 15 16 6 8 10 14 7 13 17 13 7 13 0 8 13 11 8 12 6 11 12 7 12 11 13 11 7 12 10 5 10 5 9 20 9 11 11 2 11 13 8 9 8 7 15 1 8 4 14 10 13 10 14 14 12 13 13 6 6 17 9 8 9 12 8 8 8 10 11 6 13 10 15 7 7 15 15 14 8 11 9 10 9 7 10 5 16 7 16 9 15 9 15 6 14 11 12 8 15 9 11 12 4 3 12 10 6 13 9 5 11 14 7 10 17 9 9 4 7 7 10 6 11 12 16 11 6 8 13 16 14 9 13 9 10 12 9 16 11 13 12 11 11 5 10 8 8 6 11 4 6 11 12 9 7 5 7 12 6 12 10 5 12 14 11 7 11 10 8 14 13 9 17 10 11 9 12 4 12 9 13 13 13 13 14 21 13 14 15 10 14 11 5 10 11 6 7 8 
1 1 1 1 1 2 1 1 1 1 2 0 1 1 1 1 1 1 1 1 0 1 1 1 1 2 1 1 1 1 0 1 1 1 1 1 2 2 1 1 2 0 1 1 1 1 2 1 1 1 1 1 1 0 1 1 2 1 1 1 1 1 2 1 1 1 1 1 1 1 1 1 1 1 1 1 1 0 1 1 1 1 1 1 1 0 2 1 1 1 1 1 1 0 1 1 0 1 1 1 1 1 1 1 1 1 1 1 0 1 1 1 1 1 1 1 1 0 1 0 1 1 1 1 1 1 1 1 1 1 1 1 1 1 1 1 1 1 1 1 1 1 1 1 1 0 1 1 1 1 1 1 0 1 1 1 1 0 1 2 1 1 1 0 1 1 1 1 1 1 1 1 1 1 1 1 1 2 1 2 1 1 1 1 1 1 1 1 1 1 1 1 1 1 1 1 1 1 1 1 
4 4 4 1 5 5 5 5 5 5 2 2 4 4 3 1 3 3 5 3 3 5 4 3 3 6 3 2 5 3 3 2 4 4 2 4 3 4 6 6 5 1 7 2 5 6 3 3 4 6 4 3 3 5 2 3 3 5 7 4 5 5 3 4 3 3 5 4 5 3 4 4 5 2 2 4 6 1 3 3 1 3 5 3 4 4 3 5 4 5 6 5 4 3 4 6 5 4 4 4 6 2 3 3 2 7 4 4 2 4 4 5 3 5 4 4 4 4 3 6 5 5 4 3 5 5 3 4 5 5 6 3 4 4 4 5 3 2 3 3 4 4 5 4 3 5 3 4 5 4 2 4 2 2 3 5 5 5 4 4 5 7 3 5 5 5 5 3 4 4 4 4 3 4 2 5 3 3 3 5 3 1 3 4 4 4 3 3 5 6 4 3 3 2 6 4 3 2 3 4 
6 3 4 2 4 6 7 6 4 6 5 4 6 4 5 5 6 6 6 4 5 7 5 4 7 4 5 5 7 5 9 4 5 4 6 7 3 5 7 7 3 4 4 5 4 4 5 5 3 4 6 6 6 2 8 6 3 6 7 4 4 6 8 4 5 6 5 8 3 7 5 5 8 4 4 7 7 6 4 2 5 7 7 3 3 5 5 4 5 7 7 2 6 7 4 4 6 4 1 4 5 4 4 2 3 7 5 8 4 1 2 4 5 5 5 5 3 6 6 3 5 6 5 1 6 3 9 5 11 4 5 5 7 7 3 4 4 5 6 5 4 5 6 0 8 6 4 6 5 4 8 7 6 4 6 5 6 6 6 6 4 8 6 6 6 3 4 4 4 7 8 4 2 2 7 4 3 4 5 6 7 4 3 4 0 6 3 6 3 2 4 9 5 4 4 3 9 6 4 4 
13 13 5 10 2 8 5 9 10 12 10 11 7 12 8 7 5 7 9 6 7 9 5 6 13 11 9 2 8 8 2 7 5 9 11 9 9 7 7 7 11 4 7 8 4 9 11 11 6 6 9 10 9 8 7 5 7 10 9 11 7 3 6 6 8 1 9 12 10 10 8 3 14 8 10 6 11 6 9 13 10 7 8 8 7 8 7 12 5 13 5 8 9 4 6 8 5 12 5 6 15 10 7 3 6 8 8 8 8 9 9 9 8 8 7 6 8 9 9 9 11 7 5 8 7 6 7 7 9 6 9 11 14 8 10 12 11 11 9 6 4 9 8 11 8 7 8 5 13 4 9 5 9 7 10 9 8 10 9 7 10 7 3 7 5 3 7 2 8 8 9 7 3 8 9 10 13 7 10 12 8 9 10 7 9 10 7 12 8 10 7 10 10 9 6 9 8 8 6 9 
11 11 12 14 18 12 7 11 11 9 8 10 17 10 7 10 13 11 4 8 9 10 17 16 10 17 10 9 5 14 9 16 12 10 6 7 9 8 13 15 8 14 11 5 9 15 11 4 6 14 17 9 13 21 12 12 11 13 11 9 12 10 12 8 13 13 12 8 8 11 14 11 10 17 10 13 15 12 11 3 15 8 8 8 8 11 12 10 17 13 16 9 7 13 9 15 7 8 14 10 12 11 9 10 10 9 7 16 12 9 12 9 15 9 12 15 12 13 9 9 10 17 1 6 9 8 7 11 9 9 10 12 11 5 11 9 12 6 17 12 13 17 10 8 6 7 4 12 13 6 7 8 7 11 19 10 8 8 10 7 9 11 2 15 9 8 12 9 13 8 15 7 3 8 13 14 6 9 13 7 13 14 9 9 4 8 5 14 17 12 2 15 9 8 15 14 10 5 9 6 
