NAME  : Jabali_60_2_0.95_1_5
TYPE : SVRP
MODEL : FINITE_SUPPORT
NUMBER_OF_SCENARIOS : 200
DIMENSION : 60
EDGE_WEIGHT_TYPE : MATRIX
CAPACITY : 174
N_VEHICLES : 2
NODE_COORD_SECTION
1 4278 4612
2 3349 943
3 4579 217
4 5016 3121
5 4072 3283
6 4428 3303
7 2926 3162
8 3086 1237
9 6240 934
10 3034 4306
11 27 6707
12 1024 5111
13 6986 4897
14 763 6009
15 1630 2309
16 7998 1406
17 4413 2332
18 6883 5028
19 1828 6150
20 173 5616
21 1432 3448
22 4087 7206
23 2464 7267
24 6952 4031
25 6994 5194
26 5561 7068
27 5787 1131
28 540 4622
29 7036 1269
30 5289 4909
31 5063 2177
32 2073 4074
33 5994 1367
34 5515 1737
35 5470 7523
36 2039 5353
37 4053 7949
38 3459 3108
39 6330 7332
40 4714 1220
41 3814 6901
42 5997 996
43 8376 1752
44 6064 2598
45 6490 7492
46 3922 4921
47 6921 4429
48 6575 4660
49 2148 6098
50 3172 4885
51 5122 5787
52 7135 2678
53 6895 7000
54 5502 7261
55 4158 7819
56 2616 18
57 6491 6240
58 1159 5139
59 5344 1008
60 6989 1624
DEMAND_SECTION
1 0.0
2 8.0
3 8.0
4 4.0
5 6.0
6 10.0
7 10.0
8 1.0
9 3.0
10 1.0
11 8.0
12 7.0
13 3.0
14 4.0
15 6.0
16 4.0
17 6.0
18 3.0
19 7.0
20 2.0
21 9.0
22 6.0
23 3.0
24 1.0
25 4.0
26 2.0
27 3.0
28 8.0
29 3.0
30 6.0
31 10.0
32 10.0
33 10.0
34 4.0
35 5.0
36 5.0
37 8.0
38 6.0
39 7.0
40 8.0
41 1.0
42 2.0
43 10.0
44 7.0
45 8.0
46 4.0
47 1.0
48 9.0
49 3.0
50 9.0
51 10.0
52 7.0
53 4.0
54 7.0
55 5.0
56 5.0
57 7.0
58 8.0
59 1.0
60 5.0
DEVIATION_SECTION
1 0.0
2 2.66667
3 2.66667
4 1.33333
5 2.0
6 3.33333
7 3.33333
8 0.333333
9 1.0
10 0.333333
11 2.66667
12 2.33333
13 1.0
14 1.33333
15 2.0
16 1.33333
17 2.0
18 1.0
19 2.33333
20 0.666667
21 3.0
22 2.0
23 1.0
24 0.333333
25 1.33333
26 0.666667
27 1.0
28 2.66667
29 1.0
30 2.0
31 3.33333
32 3.33333
33 3.33333
34 1.33333
35 1.66667
36 1.66667
37 2.66667
38 2.0
39 2.33333
40 2.66667
41 0.333333
42 0.666667
43 3.33333
44 2.33333
45 2.66667
46 1.33333
47 0.333333
48 3.0
49 1.0
50 3.0
51 3.33333
52 2.33333
53 1.33333
54 2.33333
55 1.66667
56 1.66667
57 2.33333
58 2.66667
59 0.333333
60 1.66667
DISTANCE_MATRIX
0.0 55.4539 59.6673 26.0907 19.5152 19.2354 35.5759 51.0004 54.7449 17.0 63.6155 43.4626 36.6742 49.8943 49.1469 66.3702 31.9396 37.4833 40.6865 55.9464 42.4264 35.389 41.0559 37.5899 37.2156 42.0574 50.2494 50.6952 57.9396 14.0357 33.2711 31.0161 48.6621 41.1947 45.2801 30.5287 44.8742 24.4839 51.7979 45.3501 31.3668 52.469 68.0074 36.2491 54.0304 5.83095 36.4005 32.28 40.6865 15.2971 24.0959 47.0106 54.6977 43.2999 43.6042 68.4286 37.3961 43.0813 49.2569 54.626 
55.4539 0.0 18.4391 40.9008 37.9048 42.7317 35.0297 4.47214 37.0 44.8336 85.7183 60.7665 71.7847 72.5542 27.6586 61.8466 31.3855 73.1751 66.6868 72.7324 39.3954 88.0075 84.0289 63.7653 74.3375 91.0846 32.0156 59.6154 48.5077 62.843 27.5136 41.6745 34.5254 30.0167 99.0105 58.7039 97.43 30.9829 96.5414 18.0278 84.4443 34.4819 67.2681 41.9762 98.5235 58.6036 66.9132 66.5432 66.6868 50.0671 75.7346 55.2268 95.629 97.0303 96.2443 17.0294 84.2822 59.7886 25.9615 48.6621 
59.6673 18.4391 0.0 41.5766 47.4254 43.4075 53.2209 22.8035 23.0868 63.0248 103.909 78.9577 70.0071 90.7454 46.0977 48.0104 32.0669 71.4213 85.2231 90.953 57.5875 94.0631 99.7112 60.4401 72.8354 91.5248 19.9249 77.807 35.0571 63.5059 26.9258 59.8657 23.4094 23.4307 96.4228 76.9795 103.548 49.1741 96.8969 14.3178 90.0409 21.3776 54.0093 37.0135 98.7927 63.5474 64.4438 65.0692 85.2231 68.2583 76.1749 47.0106 95.2103 93.4791 102.278 25.1794 83.8153 77.9798 14.7648 36.4966 
26.0907 40.9008 41.5766 0.0 13.8489 9.83095 27.3238 40.7778 36.7567 45.9161 84.8696 64.4003 41.1618 71.3416 50.0109 51.4236 13.8489 42.4838 62.1559 77.5907 50.8188 60.4866 66.1347 35.257 43.3573 58.1838 32.1603 66.6984 41.2156 29.9422 15.1803 44.3047 30.6833 23.105 63.0818 52.2569 69.9718 21.72 63.6406 27.2594 56.4643 34.4138 54.3289 21.0294 65.6228 29.9708 37.2415 35.7805 62.1559 35.2933 42.8339 34.8869 62.7282 60.1381 68.7017 57.2356 51.3814 63.5238 31.1662 38.4093 
19.5152 37.9048 47.4254 13.8489 0.0 4.12311 13.6015 33.4513 42.6055 32.0692 75.2548 50.5534 44.3847 61.5207 37.1214 57.2725 19.6977 45.607 54.85 63.7438 37.0 53.1807 58.8288 40.0 46.1736 57.3892 38.0091 52.8515 47.0644 28.3196 21.0292 30.4578 36.5322 28.9538 63.0718 44.9511 62.6659 8.06226 62.846 33.1083 49.1585 40.2627 60.1778 26.8782 64.8281 22.6649 41.3038 39.0512 54.85 27.9874 42.0393 40.7357 62.6259 59.3435 61.3959 50.8795 51.614 49.6769 37.015 44.2582 
19.2354 42.7317 43.4075 9.83095 4.12311 0.0 17.4929 42.6087 38.5876 36.1252 77.318 54.6095 40.8044 63.79 41.0488 53.2546 15.6798 42.0595 54.6043 69.2529 41.1096 52.935 58.5831 36.0139 42.72 55.0879 33.9912 56.9075 43.0465 26.2488 17.0113 34.5139 32.5143 24.9359 59.986 44.7053 62.4202 12.1655 60.5448 29.0904 48.9127 36.2448 56.1599 22.8603 62.5269 22.4192 37.4833 35.4401 54.6043 27.7417 39.738 36.7151 60.208 57.0422 61.1502 59.0665 49.0408 53.733 32.9971 40.2403 
35.5759 35.0297 53.2209 27.3238 13.6015 17.4929 0.0 30.4753 57.6509 19.1076 62.2932 37.5919 54.0833 48.5592 28.2312 70.7474 28.1733 55.1464 41.3058 50.7823 24.3411 60.0719 63.8445 51.6236 55.3504 70.0167 52.0778 39.8899 60.5394 49.2933 34.5041 17.4962 52.4348 44.8516 73.2393 33.0623 69.095 7.61577 79.7572 42.594 55.264 54.8587 73.6527 40.3532 81.9897 32.249 52.0865 49.0102 41.3058 24.3411 52.0552 54.2033 83.6668 71.2592 67.7028 47.8539 72.8639 36.7154 48.6103 57.7331 
51.0004 4.47214 22.8035 40.7778 33.4513 42.6087 30.4753 0.0 40.3113 40.3801 81.2527 56.2939 73.9366 68.0661 23.3452 64.846 26.932 75.2525 62.0802 68.3081 34.9285 83.554 79.4222 67.4507 76.08 91.3343 35.1141 55.1543 51.5461 60.6471 28.58 37.1214 37.3631 32.1403 94.557 54.2504 90.3676 26.5294 96.4184 20.6155 76.5365 37.6962 70.0928 43.2897 98.4005 54.1501 69.8931 68.5534 62.0802 45.6136 75.6116 57.0088 95.5059 92.5768 88.9754 18.6011 84.1592 55.3173 29.1548 51.4198 
54.7449 37.0 23.0868 36.7567 42.6055 38.5876 57.6509 40.3113 0.0 69.6486 112.834 88.1329 54.2033 99.1002 63.0036 25.1794 32.249 55.5698 91.8468 101.323 70.6115 89.1721 94.8391 43.2666 57.3062 81.5843 5.65685 89.2059 12.0 55.2268 22.8473 68.0372 6.08276 13.9284 86.4928 83.6033 97.6344 53.6041 85.3815 20.2485 85.1499 2.82843 31.0161 21.8403 86.977 58.7275 48.0208 50.0899 91.8468 64.05 66.245 26.2488 81.939 83.5464 97.3873 48.0104 70.9366 87.2564 11.1803 13.6015 
17.0 44.8336 63.0248 45.9161 32.0692 36.1252 19.1076 40.3801 69.6486 0.0 58.5235 35.3553 51.0098 44.6542 32.6787 90.6847 40.171 52.0384 35.7242 48.7955 27.074 45.1774 49.2865 49.177 52.1536 52.6794 64.0755 39.9625 78.2472 30.3645 49.2436 17.4642 64.4325 56.8493 55.902 26.4008 54.5619 24.6468 62.4199 54.5918 40.7185 66.8564 92.245 58.9454 64.6524 14.8661 49.2599 46.0109 35.7242 11.0 34.7179 72.8029 64.8029 53.9219 53.2259 56.9256 54.0 34.6554 60.608 76.8005 
63.6155 85.7183 103.909 84.8696 75.2548 77.318 62.2932 81.2527 112.834 58.5235 0.0 25.0 95.968 13.8924 62.0725 127.483 83.3566 96.2607 29.8329 14.1421 47.2652 53.7587 32.249 102.105 95.2943 73.5459 107.261 28.0713 117.805 83.2598 92.4292 44.9444 107.618 100.035 72.6911 33.1623 56.0 67.8325 84.1724 97.7774 50.448 110.042 129.773 96.8942 85.9884 57.7849 98.5743 93.5809 33.9706 49.799 69.3542 109.246 91.2195 73.1642 55.0091 94.3398 86.977 25.9615 103.794 114.776 
43.4626 60.7665 78.9577 64.4003 50.5534 54.6095 37.5919 56.2939 88.1329 35.3553 25.0 0.0 79.7603 12.0 38.2099 109.169 58.6553 80.4772 16.7631 13.4536 23.0868 48.3839 32.0156 80.9568 80.0485 65.6201 82.5598 9.84886 96.7315 56.5236 67.7279 20.1246 82.9168 75.3336 66.4906 14.0357 54.5619 43.1311 76.6551 72.8984 43.6807 85.3407 108.333 75.4543 78.7718 37.6962 79.8499 75.6108 18.0278 28.6531 54.7449 87.8167 82.0975 65.9242 53.2259 70.0071 75.1665 1.0 79.0923 95.2847 
36.6742 71.7847 70.0071 41.1618 44.3847 40.8044 54.0833 73.9366 54.2033 51.0098 95.968 79.7603 0.0 84.5945 81.2158 50.04 47.0106 1.41421 67.2414 92.0236 78.0064 49.2037 67.3573 11.4018 3.16228 34.7851 53.0094 87.3212 49.3356 23.4094 44.4072 67.2681 49.6488 46.6905 39.5601 66.5449 55.0727 51.9711 34.0 56.8507 49.5177 53.535 48.1664 33.4215 35.0571 42.2019 6.32456 5.38516 76.734 51.9711 26.6276 30.8058 28.6356 36.6879 54.7083 88.1195 19.0263 79.4323 55.9732 45.2217 
49.8943 72.5542 90.7454 71.3416 61.5207 63.79 48.5592 68.0661 99.1002 44.6542 13.8924 12.0 84.5945 0.0 50.1597 113.74 69.6226 84.9011 17.4642 9.21954 35.0571 46.0977 26.2488 87.4757 83.9574 65.0692 93.5271 18.3576 104.277 62.7051 78.6951 31.3209 93.8841 86.3009 65.0308 19.4411 50.448 54.0984 76.0263 84.0433 42.0 96.308 116.03 83.151 78.0064 44.0637 86.0861 81.7931 21.095 36.0694 58.0238 95.5253 82.3893 65.0077 49.2443 82.0061 76.9025 13.0 90.0595 101.248 
49.1469 27.6586 46.0977 50.0109 37.1214 41.0488 28.2312 23.3452 63.0036 32.6787 62.0725 38.2099 81.2158 50.1597 0.0 86.2139 37.3363 82.3772 47.9245 48.2597 15.1327 73.0529 65.2665 77.0584 82.7647 83.4865 57.6801 34.3657 74.0066 62.5486 45.607 23.8537 59.7356 52.2534 86.4002 41.1461 82.2367 29.2746 93.3283 42.9905 68.3443 60.3303 90.681 60.208 95.5607 45.8201 78.4092 75.9539 47.9245 37.6431 65.6263 74.7329 96.228 84.6286 80.8715 32.3883 86.2345 37.2156 51.8232 72.3236 
66.3702 61.8466 48.0104 51.4236 57.2725 53.2546 70.7474 64.846 25.1794 90.6847 127.483 109.169 50.04 113.74 86.2139 0.0 51.4004 51.0882 104.554 122.359 91.6504 93.8909 106.653 39.0128 53.0848 83.4865 29.8329 111.467 13.3417 61.3514 41.6173 89.0733 27.5136 34.0 88.459 94.6554 101.186 65.1437 84.0238 44.2719 93.3918 27.4591 6.32456 30.6105 85.0941 71.5612 44.0 48.0937 104.554 77.6918 69.797 20.6155 78.4092 85.4751 100.533 73.1095 69.0072 108.292 35.9026 13.8924 
31.9396 31.3855 32.0669 13.8489 19.6977 15.6798 28.1733 26.932 32.249 40.171 83.3566 58.6553 47.0106 69.6226 37.3363 51.4004 0.0 48.3322 62.3692 71.8457 41.1367 66.3354 71.9835 40.7922 49.2062 64.0327 26.8328 59.7282 39.598 35.7911 9.89949 38.5596 26.6271 18.6011 68.9307 54.1256 75.8206 24.1265 69.4895 17.7635 62.3132 29.5296 55.2268 23.0868 71.4716 35.8196 43.0116 41.6293 62.3692 41.1421 48.6827 37.6431 68.577 65.9869 74.5506 44.361 57.2303 57.7787 23.7697 37.6431 
37.4833 73.1751 71.4213 42.4838 45.607 42.0595 55.1464 75.2525 55.5698 52.0384 96.2607 80.4772 1.41421 84.9011 82.3772 51.0882 48.3322 0.0 67.548 92.7406 79.0 49.0408 67.4759 12.6491 2.0 34.176 54.4059 88.0738 50.5964 24.0416 45.8039 68.1836 51.0392 48.1041 38.8973 67.2618 54.7083 53.1507 33.0151 58.258 49.4975 54.9181 49.0918 34.8281 34.0147 42.9535 7.61577 6.7082 77.451 52.7731 26.9258 32.0156 27.4591 36.0555 54.3783 89.51 18.1108 80.1492 57.3847 46.4866 
40.6865 66.6868 85.2231 62.1559 54.85 54.6043 41.3058 62.0802 91.8468 35.7242 29.8329 16.7631 67.2414 17.4642 47.9245 104.554 62.3692 67.548 0.0 25.4951 33.4908 31.6228 17.4929 78.268 66.6043 49.163 86.2737 26.5707 95.0915 54.5331 71.4418 25.1818 86.6308 79.0475 49.8197 10.2333 38.0789 46.845 60.208 76.79 26.9258 89.0546 106.844 73.9653 62.2896 34.856 69.8476 64.8543 4.47214 26.8701 40.6707 86.3175 66.0076 49.366 36.7151 77.7817 59.8415 17.088 82.8062 92.0623 
55.9464 72.7324 90.953 77.5907 63.7438 69.2529 50.7823 68.3081 101.323 48.7955 14.1421 13.4536 92.0236 9.21954 48.2597 122.359 71.8457 92.7406 25.4951 0.0 33.7343 55.2268 35.4401 93.5361 91.8441 74.0068 95.7502 14.0 109.922 68.787 80.9182 33.2866 96.1072 88.524 74.108 25.4951 59.6657 56.3215 85.0 85.8913 51.0392 98.5311 121.493 88.6139 87.0057 50.1199 92.1664 87.875 28.4605 41.6173 66.1459 100.976 91.1976 74.0068 58.4637 80.6226 85.3288 14.2127 91.9076 108.475 
42.4264 39.3954 57.5875 50.8188 37.0 41.1096 24.3411 34.9285 70.6115 27.074 47.2652 23.0868 78.0064 35.0571 15.1327 91.6504 41.1367 79.0 33.4908 33.7343 0.0 62.1671 50.8328 75.9613 79.0253 74.2496 65.0384 20.2485 79.2129 56.4358 50.2092 12.083 65.3954 57.815 76.5376 27.2029 71.3641 29.1548 84.6936 55.5546 57.4585 67.8193 95.8478 63.8482 86.9253 38.0789 76.3339 73.0616 33.4908 28.4605 57.7329 77.7057 88.2326 75.1332 69.9857 47.0956 79.1058 22.0907 61.5709 77.7661 
35.389 88.0075 94.0631 60.4866 53.1807 52.935 60.0719 83.554 89.1721 45.1774 53.7587 48.3839 49.2037 46.0977 73.0529 93.8909 66.3354 49.0408 31.6228 55.2268 62.1671 0.0 21.587 56.8243 47.5079 19.9249 84.5757 58.1893 89.3136 38.0132 67.6669 50.2239 83.0988 75.5204 19.0263 41.2411 9.48683 57.0375 30.4138 79.746 5.0 86.8293 93.6026 68.6413 32.249 31.0161 53.0 48.0208 31.305 35.805 25.2982 73.2811 37.6431 19.4165 8.24621 97.8899 35.2278 48.7032 83.6527 85.342 
41.0559 84.0289 99.7112 66.1347 58.8288 58.5831 63.8445 79.4222 94.8391 49.2865 32.249 32.0156 67.3573 26.2488 65.2665 106.653 71.9835 67.4759 17.4929 35.4401 50.8328 21.587 0.0 73.6579 66.2193 41.4849 90.1442 41.6173 98.5576 54.8123 73.315 42.5239 88.7657 81.1874 40.4475 27.5754 24.3311 63.7975 51.9711 85.3941 18.7883 92.4962 108.385 76.9924 53.7587 36.3607 70.1268 65.1334 20.2485 39.5653 41.0122 87.4158 59.203 41.0 23.1948 95.1238 55.9017 32.6497 89.3008 95.3324 
37.5899 63.7653 60.4401 35.257 40.0 36.0139 51.6236 67.4507 43.2666 49.177 102.105 80.9568 11.4018 87.4757 77.0584 39.0128 40.7922 12.6491 78.268 93.5361 75.9613 56.8243 73.6579 0.0 14.5602 44.7214 42.5206 87.6641 37.9473 26.8701 36.2491 66.2193 39.0512 37.0135 49.6488 68.0955 63.6946 48.0104 45.0999 48.0208 56.3597 42.8019 37.6563 23.4307 46.2709 43.4166 5.09902 9.21954 78.268 52.3927 32.765 19.4165 40.025 46.6905 63.1585 80.0562 30.0666 80.5295 46.0109 33.8378 
37.2156 74.3375 72.8354 43.3573 46.1736 42.72 55.3504 76.08 57.3062 52.1536 95.2943 80.0485 3.16228 83.9574 82.7647 53.0848 49.2062 2.0 66.6043 91.8441 79.0253 47.5079 66.2193 14.5602 0.0 32.311 56.0357 87.6641 52.4976 23.5372 47.0106 68.0661 52.6972 49.5782 37.0 66.3278 53.0 53.6004 31.0161 59.5483 48.1041 56.6039 51.0882 36.4005 32.0156 42.5793 9.48683 7.81025 76.5545 52.469 25.9422 33.9559 25.4951 34.176 52.6972 90.6723 16.1245 79.7205 58.8982 48.3839 
42.0574 91.0846 91.5248 58.1838 57.3892 55.0879 70.0167 91.3343 81.5843 52.6794 73.5459 65.6201 34.7851 65.0692 83.4865 83.4865 64.0327 34.176 49.163 74.0068 74.2496 19.9249 41.4849 44.7214 32.311 0.0 78.5875 75.1409 80.0999 29.2692 64.6205 62.1691 75.9276 70.3208 5.0 57.9071 21.9317 64.8178 11.0454 77.2693 23.1948 80.05 82.3772 59.8415 13.1529 37.8148 40.025 35.5106 47.676 46.1411 21.095 63.1269 17.72 2.0 22.0227 108.763 17.2047 65.7647 79.5698 76.0592 
50.2494 32.0156 19.9249 32.1603 38.0091 33.9912 52.0778 35.1141 5.65685 64.0755 107.261 82.5598 53.0094 93.5271 57.6801 29.8329 26.8328 54.4059 86.2737 95.7502 65.0384 84.5757 90.1442 42.5206 56.0357 78.5875 0.0 83.6328 16.4924 51.788 17.72 62.276 3.60555 9.05539 83.5037 78.0302 94.0609 48.031 83.006 14.7648 80.5535 2.82843 35.3553 19.7231 84.6936 54.131 47.0106 48.5489 86.2737 59.4535 63.2557 27.2947 80.0625 80.5599 92.7909 44.1022 68.8767 81.6833 6.08276 17.0 
50.6952 59.6154 77.807 66.6984 52.8515 56.9075 39.8899 55.1543 89.2059 39.9625 28.0713 9.84886 87.3212 18.3576 34.3657 111.467 59.7282 88.0738 26.5707 14.0 20.2485 58.1893 41.6173 87.6641 87.6641 75.1409 83.6328 0.0 97.8044 64.1395 68.8008 22.8035 83.9898 76.4066 76.1577 23.1948 64.405 45.4291 86.1608 73.6593 53.4509 86.4137 113.027 79.7277 88.2931 45.1221 86.977 82.9699 27.4671 35.4401 63.1981 93.5852 91.351 75.505 63.0714 66.7533 84.006 9.48683 79.6755 97.5828 
57.9396 48.5077 35.0571 41.2156 47.0644 43.0465 60.5394 51.5461 12.0 78.2472 117.805 96.7315 49.3356 104.277 74.0066 13.3417 39.598 50.5964 95.0915 109.922 79.2129 89.3136 98.5576 37.9473 52.4976 80.0999 16.4924 97.8044 0.0 55.4437 29.6985 76.6358 14.3178 21.4009 85.0941 85.1926 96.6091 62.2027 82.3772 31.0161 88.8685 14.1421 19.0263 21.8403 83.7437 62.6498 43.0116 46.0977 95.0915 68.2289 65.2197 18.7883 77.8845 82.0975 95.956 60.0083 67.4685 95.8549 22.561 4.12311 
14.0357 62.843 63.5059 29.9422 28.3196 26.2488 49.2933 60.6471 55.2268 30.3645 83.2598 56.5236 23.4094 62.7051 62.5486 61.3514 35.7911 24.0416 54.5331 68.787 56.4358 38.0132 54.8123 26.8701 23.5372 29.2692 51.788 64.1395 55.4437 0.0 36.7696 45.0444 49.366 43.1741 34.1673 43.3082 45.3087 34.1321 34.7261 49.1935 37.514 53.4603 61.7414 34.0147 36.7082 19.105 24.4131 19.7231 53.4974 29.0689 13.9193 40.8534 34.5111 31.2235 44.6555 79.1778 23.7065 56.1956 52.2015 51.6236 
33.2711 27.5136 26.9258 15.1803 21.0292 17.0113 34.5041 28.58 22.8473 49.2436 92.4292 67.7279 44.4072 78.6951 45.607 41.6173 9.89949 45.8039 71.4418 80.9182 50.2092 67.6669 73.315 36.2491 47.0106 64.6205 17.72 68.8008 29.6985 36.7696 0.0 47.6322 17.0 8.94427 69.5185 59.4373 77.1521 33.1991 69.9714 12.8062 63.6447 20.2485 45.6508 15.0 71.8679 37.1511 39.4462 39.2046 71.4418 42.4736 49.2706 29.2746 68.4105 66.5748 75.8821 43.8292 57.0088 66.8513 16.0312 27.8029 
31.0161 41.6745 59.8657 44.3047 30.4578 34.5139 17.4962 37.1214 68.0372 17.4642 44.9444 20.1246 67.2681 31.3209 23.8537 89.0733 38.5596 68.1836 25.1818 33.2866 12.083 50.2239 42.5239 66.2193 68.0661 62.1691 62.276 22.8035 76.6358 45.0444 47.6322 0.0 62.8212 55.2379 64.4981 17.72 59.4077 23.0355 72.6154 52.7923 45.5152 65.0569 90.6336 57.3341 74.8465 26.3059 66.0984 62.514 25.1818 16.4924 45.8912 71.1916 76.243 63.0635 58.0425 52.6118 67.2681 19.2354 58.8085 75.1891 
48.6621 34.5254 23.4094 30.6833 36.5322 32.5143 52.4348 37.3631 6.08276 64.4325 107.618 82.9168 49.6488 93.8841 59.7356 27.5136 26.6271 51.0392 86.6308 96.1072 65.3954 83.0988 88.7657 39.0512 52.6972 75.9276 3.60555 83.9898 14.3178 49.366 17.0 62.8212 0.0 8.06226 80.8084 74.9402 91.9672 48.388 80.0562 16.7631 79.0766 4.12311 32.7567 16.5529 81.7068 52.6448 43.6005 45.2769 86.6308 57.9766 60.5778 23.7065 76.922 77.8781 91.314 47.2652 65.7951 82.0403 9.05539 14.1421 
41.1947 30.0167 23.4307 23.105 28.9538 24.9359 44.8516 32.1403 13.9284 56.8493 100.035 75.3336 46.6905 86.3009 52.2534 34.0 18.6011 48.1041 79.0475 88.524 57.815 75.5204 81.1874 37.0135 49.5782 70.3208 9.05539 76.4066 21.4009 43.1741 8.94427 55.2379 8.06226 0.0 75.2189 67.3619 85.0056 40.8048 75.1532 12.1655 71.4982 11.4018 38.6264 13.6015 76.922 45.0758 41.0366 41.8688 79.0475 50.3982 54.9709 25.318 72.7186 72.2751 83.7356 44.643 61.4003 74.4571 9.43398 20.1246 
45.2801 99.0105 96.4228 63.0818 63.0718 59.986 73.2393 94.557 86.4928 55.902 72.6911 66.4906 39.5601 65.0308 86.4002 88.459 68.9307 38.8973 49.8197 74.108 76.5376 19.0263 40.4475 49.6488 37.0 5.0 83.5037 76.1577 85.0941 34.1673 69.5185 64.4981 80.8084 75.2189 0.0 58.9476 18.868 68.0405 11.7047 82.1674 23.0868 84.9294 87.2983 64.7765 13.3417 41.0374 44.911 40.4475 48.7647 48.8262 25.4951 68.1175 19.7231 3.0 19.2354 111.985 21.4709 66.7083 84.4678 81.0555 
30.5287 58.7039 76.9795 52.2569 44.9511 44.7053 33.0623 54.2504 83.6033 26.4008 33.1623 14.0357 66.5449 19.4411 41.1461 94.6554 54.1256 67.2618 10.2333 25.4951 27.2029 41.2411 27.5754 68.0955 66.3278 57.9071 78.0302 23.1948 85.1926 43.3082 59.4373 17.72 74.9402 67.3619 58.9476 0.0 48.1067 38.6015 68.927 68.5464 36.4038 80.8111 96.9451 64.0663 71.0593 24.6982 66.6892 62.3962 10.2333 17.0294 40.7922 76.3806 68.1937 58.2713 46.7283 70.214 61.131 14.0 74.5626 82.1633 
44.8742 97.43 103.548 69.9718 62.6659 62.4202 69.095 90.3676 97.6344 54.5619 56.0 54.5619 55.0727 50.448 82.2367 101.186 75.8206 54.7083 38.0789 59.6657 71.3641 9.48683 24.3311 63.6946 53.0 21.9317 94.0609 64.405 96.6091 45.3087 77.1521 59.4077 91.9672 85.0056 18.868 48.1067 0.0 66.46 30.4138 89.2312 13.8924 96.0896 100.881 75.9368 31.7805 40.4969 59.5063 54.626 38.6005 44.9895 33.3766 80.5767 38.5876 20.6155 1.41421 106.913 38.9487 55.0091 93.1379 92.6375 
24.4839 30.9829 49.1741 21.72 8.06226 12.1655 7.61577 26.5294 53.6041 24.6468 67.8325 43.1311 51.9711 54.0984 29.2746 65.1437 24.1265 53.1507 46.845 56.3215 29.1548 57.0375 63.7975 48.0104 53.6004 64.8178 48.031 45.4291 62.2027 34.1321 33.1991 23.0355 48.388 40.8048 68.0405 38.6015 66.46 0.0 68.8345 38.5473 53.4743 50.8119 68.049 34.7494 70.8167 27.6337 49.163 46.6905 46.845 29.8803 48.0278 48.6069 68.6195 66.0603 65.2743 43.9577 57.8014 42.2546 44.5635 60.7559 
51.7979 96.5414 96.8969 63.6406 62.846 60.5448 79.7572 96.4184 85.3815 62.4199 84.1724 76.6551 34.0 76.0263 93.3283 84.0238 69.4895 33.0151 60.208 85.0 84.6936 30.4138 51.9711 45.0999 31.0161 11.0454 83.006 86.1608 82.3772 34.7261 69.9714 72.6154 80.0562 75.1532 11.7047 68.927 30.4138 68.8345 0.0 82.6801 34.0588 84.1546 82.0975 63.5689 2.23607 47.5553 40.05 36.3456 58.6941 56.3649 29.0689 64.3817 8.48528 11.0454 30.8707 112.876 15.0333 76.7919 84.5281 78.2624 
45.3501 18.0278 14.3178 27.2594 33.1083 29.0904 42.594 20.6155 20.2485 54.5918 97.7774 72.8984 56.8507 84.0433 42.9905 44.2719 17.7635 58.258 76.79 85.8913 55.5546 79.746 85.3941 48.0208 59.5483 77.2693 14.7648 73.6593 31.0161 49.1935 12.8062 52.7923 16.7631 12.1655 82.1674 68.5464 89.2312 38.5473 82.6801 0.0 75.7237 17.4929 49.4773 25.0799 84.5991 49.2302 51.614 51.7397 76.79 59.8252 61.9194 37.4833 81.2158 79.2236 87.9612 32.573 69.814 71.9925 9.21954 30.8058 
31.3668 84.4443 90.0409 56.4643 49.1585 48.9127 55.264 76.5365 85.1499 40.7185 50.448 43.6807 49.5177 42.0 68.3443 93.3918 62.3132 49.4975 26.9258 51.0392 57.4585 5.0 18.7883 56.3597 48.1041 23.1948 80.5535 53.4509 88.8685 37.514 63.6447 45.5152 79.0766 71.4982 23.0868 36.4038 13.8924 53.4743 34.0588 75.7237 0.0 82.8071 93.1035 67.3032 36.0139 26.9258 52.8015 47.8017 26.4008 31.0644 24.1868 72.782 40.7922 23.0217 12.53 93.082 37.1214 43.9659 79.6305 85.6432 
52.469 34.4819 21.3776 34.4138 40.2627 36.2448 54.8587 37.6962 2.82843 66.8564 110.042 85.3407 53.535 96.308 60.3303 27.4591 29.5296 54.9181 89.0546 98.5311 67.8193 86.8293 92.4962 42.8019 56.6039 80.05 2.82843 86.4137 14.1421 53.4603 20.2485 65.0569 4.12311 11.4018 84.9294 80.8111 96.0896 50.8119 84.1546 17.4929 82.8071 0.0 33.1361 20.6155 85.7963 56.3846 47.4342 49.2443 89.0546 61.7071 64.7002 26.6271 80.9568 82.0 95.0445 46.0109 69.857 84.4642 8.544 15.1327 
68.0074 67.2681 54.0093 54.3289 60.1778 56.1599 73.6527 70.0928 31.0161 92.245 129.773 108.333 48.1664 116.03 90.681 6.32456 55.2268 49.0918 106.844 121.493 95.8478 93.6026 108.385 37.6563 51.0882 82.3772 35.3553 113.027 19.0263 61.7414 45.6508 90.6336 32.7567 38.6264 87.2983 96.9451 100.881 68.049 82.0975 49.4773 93.1035 33.1361 0.0 33.3017 83.0241 73.4098 42.4264 46.8722 106.844 79.9815 69.5088 21.095 76.0263 84.3445 100.245 79.0253 67.1863 107.776 41.4367 18.6815 
36.2491 41.9762 37.0135 21.0294 26.8782 22.8603 40.3532 43.2897 21.8403 58.9454 96.8942 75.4543 33.4215 83.151 60.208 30.6105 23.0868 34.8281 73.9653 88.6139 63.8482 68.6413 76.9924 23.4307 36.4005 59.8415 19.7231 79.7277 21.8403 34.0147 15.0 57.3341 16.5529 13.6015 64.7765 64.0663 75.9368 34.7494 63.5689 25.0799 67.3032 20.6155 33.3017 0.0 65.192 41.1825 27.5862 28.8444 73.9653 47.1027 44.5474 14.5602 60.3738 61.8142 75.2836 57.5847 49.2443 74.8971 22.6274 18.3848 
54.0304 98.5235 98.7927 65.6228 64.8281 62.5269 81.9897 98.4005 86.977 64.6524 85.9884 78.7718 35.0571 78.0064 95.5607 85.0941 71.4716 34.0147 62.2896 87.0057 86.9253 32.249 53.7587 46.2709 32.0156 13.1529 84.6936 88.2931 83.7437 36.7082 71.8679 74.8465 81.7068 76.922 13.3417 71.0593 31.7805 70.8167 2.23607 84.5991 36.0139 85.7963 83.0241 65.192 0.0 49.7878 41.1947 37.6563 60.8276 58.6003 31.241 65.6201 8.06226 13.0 32.311 114.858 16.2788 78.9177 86.3134 79.6241 
5.83095 58.6036 63.5474 29.9708 22.6649 22.4192 32.249 54.1501 58.7275 14.8661 57.7849 37.6962 42.2019 44.0637 45.8201 71.5612 35.8196 42.9535 34.856 50.1199 38.0789 31.0161 36.3607 43.4166 42.5793 37.8148 54.131 45.1221 62.6498 19.105 37.1511 26.3059 52.6448 45.0758 41.0374 24.6982 40.4969 27.6337 47.5553 49.2302 26.9258 56.3846 73.4098 41.1825 49.7878 0.0 42.1545 37.9473 34.856 10.0 19.8533 52.4976 50.455 39.0573 39.2173 71.5784 41.2263 37.3363 53.1369 59.4811 
36.4005 66.9132 64.4438 37.2415 41.3038 37.4833 52.0865 69.8931 48.0208 49.2599 98.5743 79.8499 6.32456 86.0861 78.4092 44.0 43.0116 7.61577 69.8476 92.1664 76.3339 53.0 70.1268 5.09902 9.48683 40.025 47.0106 86.977 43.0116 24.4131 39.4462 66.0984 43.6005 41.0366 44.911 66.6892 59.5063 49.163 40.05 51.614 52.8015 47.4342 42.4264 27.5862 41.1947 42.1545 0.0 5.0 76.8784 51.5461 29.2338 24.5153 34.9285 41.9762 59.0339 83.248 25.02 79.4796 50.2096 38.8973 
32.28 66.5432 65.0692 35.7805 39.0512 35.4401 49.0102 68.5534 50.0899 46.0109 93.5809 75.6108 5.38516 81.7931 75.9539 48.0937 41.6293 6.7082 64.8543 87.875 73.0616 48.0208 65.1334 9.21954 7.81025 35.5106 48.5489 82.9699 46.0977 19.7231 39.2046 62.514 45.2769 41.8688 40.4475 62.3962 54.626 46.6905 36.3456 51.7397 47.8017 49.2443 46.8722 28.8444 37.6563 37.9473 5.0 0.0 72.5854 47.5395 24.2405 28.0713 31.9531 37.4833 54.1295 82.878 21.3776 75.2728 51.225 41.9762 
40.6865 66.6868 85.2231 62.1559 54.85 54.6043 41.3058 62.0802 91.8468 35.7242 33.9706 18.0278 76.734 21.095 47.9245 104.554 62.3692 77.451 4.47214 28.4605 33.4908 31.305 20.2485 78.268 76.5545 47.676 86.2737 27.4671 95.0915 53.4974 71.4418 25.1818 86.6308 79.0475 48.7647 10.2333 38.6005 46.845 58.6941 76.79 26.4008 89.0546 106.844 73.9653 60.8276 34.856 76.8784 72.5854 0.0 26.8701 51.0028 86.3175 64.0703 48.0521 37.2022 77.7817 57.3407 18.1108 82.8062 92.0623 
15.2971 50.0671 68.2583 35.2933 27.9874 27.7417 24.3411 45.6136 64.05 11.0 49.799 28.6531 51.9711 36.0694 37.6431 77.6918 41.1421 52.7731 26.8701 41.6173 28.4605 35.805 39.5653 52.3927 52.469 46.1411 59.4535 35.4401 68.2289 29.0689 42.4736 16.4924 57.9766 50.3982 48.8262 17.0294 44.9895 29.8803 56.3649 59.8252 31.0644 61.7071 79.9815 47.1027 58.6003 10.0 51.5461 47.5395 26.8701 0.0 29.4279 59.4643 59.7746 47.1699 43.6243 62.1591 50.8035 28.178 58.4594 65.1997 
24.0959 75.7346 76.1749 42.8339 42.0393 39.738 52.0552 75.6116 66.245 34.7179 69.3542 54.7449 26.6276 58.0238 65.6263 69.797 48.6827 26.9258 40.6707 66.1459 57.7329 25.2982 41.0122 32.765 25.9422 21.095 63.2557 63.1981 65.2197 13.9193 49.2706 45.8912 60.5778 54.9709 25.4951 40.7922 33.3766 48.0278 29.0689 61.9194 24.1868 64.7002 69.5088 44.5474 31.241 19.8533 29.2338 24.2405 51.0028 29.4279 0.0 49.1873 30.8707 22.8254 32.5576 92.0695 21.3776 54.5894 64.2199 61.2481 
47.0106 55.2268 47.0106 34.8869 40.7357 36.7151 54.2033 57.0088 26.2488 72.8029 109.246 87.8167 30.8058 95.5253 74.7329 20.6155 37.6431 32.0156 86.3175 100.976 77.7057 73.2811 87.4158 19.4165 33.9559 63.1269 27.2947 93.5852 18.7883 40.8534 29.2746 71.1916 23.7065 25.318 68.1175 76.3806 80.5767 48.6069 64.3817 37.4833 72.782 26.6271 21.095 14.5602 65.6201 52.4976 24.5153 28.0713 86.3175 59.4643 49.1873 0.0 59.439 65.123 79.9235 69.857 49.366 87.2595 32.311 14.7648 
54.6977 95.629 95.2103 62.7282 62.6259 60.208 83.6668 95.5059 81.939 64.8029 91.2195 82.0975 28.6356 82.3893 96.228 78.4092 68.577 27.4591 66.0076 91.1976 88.2326 37.6431 59.203 40.025 25.4951 17.72 80.0625 91.351 77.8845 34.5111 68.4105 76.243 76.922 72.7186 19.7231 68.1937 38.5876 68.6195 8.48528 81.2158 40.7922 80.9568 76.0263 60.3738 8.06226 50.455 34.9285 31.9531 64.0703 59.7746 30.8707 59.439 0.0 18.3848 38.9487 111.964 11.4018 82.1579 82.1523 73.7631 
43.2999 97.0303 93.4791 60.1381 59.3435 57.0422 71.2592 92.5768 83.5464 53.9219 73.1642 65.9242 36.6879 65.0077 84.6286 85.4751 65.9869 36.0555 49.366 74.0068 75.1332 19.4165 41.0 46.6905 34.176 2.0 80.5599 75.505 82.0975 31.2235 66.5748 63.0635 77.8781 72.2751 3.0 58.2713 20.6155 66.0603 11.0454 79.2236 23.0217 82.0 84.3445 61.8142 13.0 39.0573 41.9762 37.4833 48.0521 47.1699 22.8254 65.123 18.3848 0.0 20.8087 110.005 18.868 66.0984 81.5241 78.0577 
43.6042 96.2443 102.278 68.7017 61.3959 61.1502 67.7028 88.9754 97.3873 53.2259 55.0091 53.2259 54.7083 49.2443 80.8715 100.533 74.5506 54.3783 36.7151 58.4637 69.9857 8.24621 23.1948 63.1585 52.6972 22.0227 92.7909 63.0714 95.956 44.6555 75.8821 58.0425 91.314 83.7356 19.2354 46.7283 1.41421 65.2743 30.8707 87.9612 12.53 95.0445 100.245 75.2836 32.311 39.2173 59.0339 54.1295 37.2022 43.6243 32.5576 79.9235 38.9487 20.8087 0.0 105.521 38.8973 53.6656 91.8679 91.9844 
68.4286 17.0294 25.1794 57.2356 50.8795 59.0665 47.8539 18.6011 48.0104 56.9256 94.3398 70.0071 88.1195 82.0061 32.3883 73.1095 44.361 89.51 77.7817 80.6226 47.0956 97.8899 95.1238 80.0562 90.6723 108.763 44.1022 66.7533 60.0083 79.1778 43.8292 52.6118 47.2652 44.643 111.985 70.214 106.913 43.9577 112.876 32.573 93.082 46.0109 79.0253 57.5847 114.858 71.5784 83.248 82.878 77.7817 62.1591 92.0695 69.857 111.964 110.005 105.521 0.0 100.617 69.0072 38.2099 61.0737 
37.3961 84.2822 83.8153 51.3814 51.614 49.0408 72.8639 84.1592 70.9366 54.0 86.977 75.1665 19.0263 76.9025 86.2345 69.0072 57.2303 18.1108 59.8415 85.3288 79.1058 35.2278 55.9017 30.0666 16.1245 17.2047 68.8767 84.006 67.4685 23.7065 57.0088 67.2681 65.7951 61.4003 21.4709 61.131 38.9487 57.8014 15.0333 69.814 37.1214 69.857 67.1863 49.2443 16.2788 41.2263 25.02 21.3776 57.3407 50.8035 21.3776 49.366 11.4018 18.868 38.8973 100.617 0.0 75.1066 70.8308 63.3482 
43.0813 59.7886 77.9798 63.5238 49.6769 53.733 36.7154 55.3173 87.2564 34.6554 25.9615 1.0 79.4323 13.0 37.2156 108.292 57.7787 80.1492 17.088 14.2127 22.0907 48.7032 32.6497 80.5295 79.7205 65.7647 81.6833 9.48683 95.8549 56.1956 66.8513 19.2354 82.0403 74.4571 66.7083 14.0 55.0091 42.2546 76.7919 71.9925 43.9659 84.4642 107.776 74.8971 78.9177 37.3363 79.4796 75.2728 18.1108 28.178 54.5894 87.2595 82.1579 66.0984 53.6656 69.0072 75.1066 0.0 78.2157 94.4082 
49.2569 25.9615 14.7648 31.1662 37.015 32.9971 48.6103 29.1548 11.1803 60.608 103.794 79.0923 55.9732 90.0595 51.8232 35.9026 23.7697 57.3847 82.8062 91.9076 61.5709 83.6527 89.3008 46.0109 58.8982 79.5698 6.08276 79.6755 22.561 52.2015 16.0312 58.8085 9.05539 9.43398 84.4678 74.5626 93.1379 44.5635 84.5281 9.21954 79.6305 8.544 41.4367 22.6274 86.3134 53.1369 50.2096 51.225 82.8062 58.4594 64.2199 32.311 82.1523 81.5241 91.8679 38.2099 70.8308 78.2157 0.0 23.0217 
54.626 48.6621 36.4966 38.4093 44.2582 40.2403 57.7331 51.4198 13.6015 76.8005 114.776 95.2847 45.2217 101.248 72.3236 13.8924 37.6431 46.4866 92.0623 108.475 77.7661 85.342 95.3324 33.8378 48.3839 76.0592 17.0 97.5828 4.12311 51.6236 27.8029 75.1891 14.1421 20.1246 81.0555 82.1633 92.6375 60.7559 78.2624 30.8058 85.6432 15.1327 18.6815 18.3848 79.6241 59.4811 38.8973 41.9762 92.0623 65.1997 61.2481 14.7648 73.7631 78.0577 91.9844 61.0737 63.3482 94.4082 23.0217 0.0 
DEMAND_SCENARIO_SECTION
0 0 0 0 0 0 0 0 0 0 0 0 0 0 0 0 0 0 0 0 0 0 0 0 0 0 0 0 0 0 0 0 0 0 0 0 0 0 0 0 0 0 0 0 0 0 0 0 0 0 0 0 0 0 0 0 0 0 0 0 0 0 0 0 0 0 0 0 0 0 0 0 0 0 0 0 0 0 0 0 0 0 0 0 0 0 0 0 0 0 0 0 0 0 0 0 0 0 0 0 0 0 0 0 0 0 0 0 0 0 0 0 0 0 0 0 0 0 0 0 0 0 0 0 0 0 0 0 0 0 0 0 0 0 0 0 0 0 0 0 0 0 0 0 0 0 0 0 0 0 0 0 0 0 0 0 0 0 0 0 0 0 0 0 0 0 0 0 0 0 0 0 0 0 0 0 0 0 0 0 0 0 0 0 0 0 0 0 0 0 0 0 0 0 0 0 0 0 0 0 
8 2 10 10 8 7 10 6 11 7 8 8 3 9 10 8 4 12 7 10 9 10 6 10 10 10 6 6 9 10 10 7 8 5 8 10 9 9 15 6 6 9 9 13 9 9 11 7 11 9 6 9 11 7 5 10 7 5 12 9 8 9 8 4 10 9 7 12 3 4 4 7 8 6 7 8 8 7 5 6 5 9 6 8 8 9 5 7 10 6 11 8 5 12 8 6 4 11 13 4 9 9 8 8 11 10 6 9 7 8 5 7 4 7 10 4 8 6 6 13 7 7 7 14 10 7 11 6 8 5 10 8 7 7 6 10 7 10 10 1 10 6 10 7 6 7 13 2 8 7 5 7 10 12 10 7 7 4 6 5 11 7 9 10 7 8 10 3 9 4 7 5 4 6 7 11 7 9 7 10 10 13 9 10 5 9 4 10 7 10 6 7 8 9 10 6 8 5 5 7 
13 7 9 9 11 8 9 9 8 10 6 9 9 10 9 8 13 7 8 7 12 8 10 6 8 10 11 10 7 8 9 9 7 8 12 2 6 11 10 7 8 8 7 7 10 7 5 9 7 11 13 9 10 6 10 10 6 5 6 2 3 3 5 11 8 10 7 8 11 8 7 13 14 10 10 10 6 11 10 1 7 11 9 6 12 7 10 13 13 7 5 12 6 7 10 13 9 6 3 8 8 2 5 9 8 8 12 7 7 5 1 12 10 6 7 10 7 7 7 9 9 13 9 8 10 6 11 11 7 11 2 4 7 7 12 8 11 2 7 8 9 13 7 7 10 6 5 15 11 4 8 5 9 12 9 6 12 6 6 9 7 3 7 12 5 7 8 11 11 7 3 10 9 10 10 9 5 3 5 8 8 5 10 8 11 12 9 8 6 5 7 9 7 15 4 4 10 9 7 7 
6 3 4 2 2 2 6 5 2 5 4 4 5 4 5 4 3 5 4 5 3 6 7 3 5 4 3 5 4 3 5 5 4 4 4 4 5 5 5 5 4 4 3 5 7 2 4 3 5 5 3 3 5 1 3 1 4 4 2 4 5 3 5 5 3 8 3 5 6 3 5 4 2 4 6 3 4 4 7 5 6 3 6 4 1 6 5 4 3 3 5 5 6 4 3 5 7 2 3 4 4 4 6 4 2 4 2 5 4 3 3 4 4 2 3 5 3 5 4 4 3 3 4 4 3 2 5 3 4 2 4 4 5 4 5 4 5 4 4 2 5 5 4 3 4 4 8 2 3 5 2 3 4 4 3 4 4 5 5 5 5 2 5 7 2 6 5 4 2 2 4 3 5 3 7 7 2 6 4 4 3 2 5 6 5 5 6 5 4 4 3 4 3 5 4 5 4 5 4 5 
4 8 8 5 9 6 8 6 9 5 5 7 9 8 4 1 2 5 8 6 3 6 7 4 6 7 4 4 6 7 5 5 8 8 6 8 3 1 7 4 1 6 4 6 10 5 9 6 5 8 8 4 9 8 1 5 1 8 1 9 8 6 5 6 3 9 6 8 8 6 6 5 2 4 6 6 2 6 7 6 5 6 5 7 3 3 6 8 8 3 7 11 6 3 8 4 4 6 0 6 8 5 5 7 1 7 7 6 6 5 3 5 5 8 4 7 9 0 5 8 5 6 6 5 7 6 10 4 8 5 8 9 2 6 4 6 8 8 3 7 6 5 6 8 4 8 2 5 5 5 6 6 8 5 7 6 7 4 7 5 2 6 4 6 6 10 9 7 8 3 4 6 2 4 7 8 8 8 6 7 13 6 10 10 6 3 5 6 8 3 6 7 7 8 5 11 5 8 6 5 
6 8 10 11 14 11 8 7 10 12 14 8 13 10 3 9 8 10 12 14 10 9 15 17 10 3 9 8 10 7 13 4 9 7 6 9 10 11 8 12 5 5 12 10 11 13 10 7 12 8 15 13 10 13 9 7 7 15 13 8 5 8 9 10 13 11 12 16 7 6 10 5 9 10 11 9 9 0 12 16 9 11 6 11 10 7 12 9 13 12 13 10 13 11 10 8 13 10 13 9 7 8 10 6 13 11 17 13 10 15 9 13 11 17 10 12 3 10 9 15 7 8 7 7 17 5 7 21 7 11 12 9 8 10 12 8 12 11 10 13 12 6 15 13 11 11 8 11 10 7 9 11 13 6 17 9 8 8 11 12 7 12 6 5 4 13 9 1 9 6 16 7 9 9 12 13 8 6 10 10 11 5 13 11 6 12 12 12 12 13 12 5 11 10 4 3 12 11 5 9 
15 10 10 10 7 8 7 10 15 16 13 6 5 11 11 11 14 5 8 12 7 13 11 10 8 12 6 8 9 6 6 8 13 11 14 10 15 11 11 11 7 8 9 10 12 11 11 14 0 6 11 16 9 8 8 8 11 11 10 8 4 10 10 9 5 13 15 9 7 6 6 5 15 8 12 13 11 2 14 10 11 9 11 7 9 9 16 12 7 20 11 13 9 12 11 14 8 2 15 6 11 9 12 13 10 4 5 14 10 9 7 10 5 12 10 5 13 13 8 10 5 6 8 15 8 10 11 12 12 8 8 11 9 14 17 6 7 8 8 17 14 14 12 8 10 13 10 14 10 11 10 5 6 12 16 13 12 11 12 9 4 11 12 9 5 14 12 7 5 8 15 6 5 5 10 13 7 8 7 5 8 16 7 9 12 8 13 9 11 12 8 3 11 11 6 4 15 15 15 10 
1 1 1 1 1 1 1 1 1 1 1 0 1 1 1 1 1 1 1 1 1 1 1 1 1 1 1 1 0 1 1 1 1 0 1 1 1 2 1 1 1 2 1 1 1 1 1 1 1 1 2 1 1 1 1 1 1 0 1 2 1 1 0 1 1 1 1 1 1 1 0 2 1 1 1 2 1 1 1 1 0 1 1 1 1 1 1 1 1 2 1 1 1 1 0 1 1 1 1 1 1 1 2 1 1 1 1 1 1 0 1 1 1 1 1 2 1 0 0 1 1 1 1 1 1 1 1 1 2 1 1 1 1 1 1 1 1 1 2 1 1 1 1 1 1 1 1 1 1 1 1 1 2 1 1 1 1 1 1 1 1 1 1 1 0 1 1 1 1 2 1 1 1 0 1 1 1 1 1 1 1 1 1 1 2 1 1 0 1 1 1 1 1 1 1 1 1 1 1 1 
3 3 3 3 3 3 3 1 4 4 2 3 2 3 2 4 3 3 4 3 4 4 2 3 2 4 3 3 3 5 2 5 4 3 5 2 3 2 5 5 3 3 3 2 3 1 1 3 2 4 2 4 3 4 2 2 2 5 3 2 3 3 3 3 2 3 2 2 3 2 2 2 2 4 4 1 4 2 2 4 4 3 3 3 3 3 2 2 2 2 3 2 2 3 3 3 1 4 3 3 3 4 4 5 3 2 1 3 3 2 3 5 2 0 4 5 3 4 6 4 1 3 2 3 5 2 2 1 3 3 3 1 3 2 4 3 3 1 3 3 3 3 4 3 3 2 4 3 3 4 5 2 2 3 5 2 2 4 2 3 3 2 3 4 5 4 1 3 2 3 3 4 4 3 5 1 3 4 5 3 3 1 2 4 3 3 2 2 4 3 3 4 3 3 2 3 3 1 3 5 
1 1 1 1 1 1 1 1 1 1 1 1 1 1 1 1 1 1 1 0 1 1 1 1 1 1 1 1 1 1 1 1 1 1 1 1 1 0 1 0 1 1 1 1 1 1 1 1 1 1 1 1 1 0 2 2 1 1 1 1 1 1 1 1 1 1 1 1 1 1 1 1 1 1 1 2 1 1 1 1 1 1 1 1 1 1 1 1 1 1 1 1 1 1 1 1 2 1 1 0 2 1 1 1 1 1 1 1 1 0 1 1 1 1 1 0 1 1 0 1 1 1 1 1 1 1 1 1 1 1 1 1 1 1 1 1 0 1 1 1 1 1 1 1 1 1 1 1 1 1 1 1 2 1 1 1 1 1 1 1 1 1 1 1 1 1 1 1 1 1 1 1 1 0 0 1 1 2 1 1 1 1 1 1 1 1 1 1 0 1 1 1 1 1 1 1 1 2 1 1 
8 14 5 10 12 2 8 8 10 8 8 8 8 8 4 7 6 8 6 17 9 12 4 7 9 7 7 8 11 12 9 8 11 9 14 14 7 5 8 8 10 5 9 9 5 2 9 4 7 11 6 11 13 6 13 4 14 4 11 4 9 8 5 6 5 8 10 8 8 5 9 6 9 10 9 3 12 8 7 10 10 7 5 9 9 7 9 12 8 9 9 7 5 9 6 11 8 11 10 13 4 4 5 5 7 7 13 3 6 10 11 10 7 11 5 9 9 3 9 10 10 6 9 9 4 6 3 8 6 16 11 12 9 5 9 11 6 14 3 8 4 5 12 9 8 11 5 9 7 7 12 7 8 6 10 8 6 10 10 8 8 11 10 6 4 6 16 7 17 9 5 12 7 8 7 5 4 8 3 8 9 10 10 5 7 7 13 14 14 7 6 14 4 0 13 4 8 8 6 10 
6 3 7 6 7 1 6 4 4 6 12 4 5 6 3 4 11 7 6 9 4 8 6 4 8 6 1 8 5 9 11 8 9 8 6 9 9 2 9 9 2 14 4 6 7 11 10 9 5 3 7 6 5 10 8 5 5 7 9 2 5 8 9 6 7 11 3 8 9 5 9 3 8 6 6 9 8 13 9 7 4 5 3 7 5 5 7 8 10 9 7 9 7 10 8 7 6 12 4 8 7 8 3 6 8 6 14 2 7 9 3 5 9 8 10 6 9 2 6 10 8 8 5 9 5 13 7 6 7 5 7 7 4 11 12 7 3 8 8 7 6 5 5 7 11 6 7 9 5 6 7 5 6 6 5 4 8 9 8 8 9 5 6 7 6 4 7 5 6 10 10 9 7 6 10 10 6 5 10 9 8 9 7 2 4 9 8 4 7 8 8 4 9 7 14 7 7 12 10 9 
2 2 3 3 3 2 2 3 3 1 3 3 4 5 1 2 4 4 3 3 3 2 3 2 4 4 0 3 4 3 3 3 3 2 5 3 2 3 5 2 3 4 1 4 3 4 4 3 3 2 3 3 4 5 4 3 2 2 3 3 2 2 2 3 5 3 4 3 4 4 2 3 3 2 3 5 3 2 4 4 3 3 4 1 5 2 2 3 5 2 4 2 4 2 3 3 4 3 2 3 3 4 3 4 4 3 4 3 1 2 2 4 2 3 3 3 4 3 2 4 4 3 3 3 3 4 4 2 4 3 3 3 5 3 3 3 2 1 3 1 3 3 3 1 4 4 3 2 2 2 3 2 1 3 3 5 4 1 3 3 3 2 3 4 4 3 5 2 2 3 4 4 2 3 2 4 3 3 2 4 4 1 2 4 4 4 5 2 4 3 5 4 3 2 2 5 3 1 4 1 
4 4 5 5 5 4 3 5 3 4 4 6 2 5 5 5 5 4 4 3 5 5 1 4 4 6 3 6 7 5 4 4 5 5 3 4 4 3 2 5 4 4 3 3 3 4 5 4 1 4 4 2 5 4 5 3 6 4 2 5 2 5 4 2 2 2 4 6 3 3 3 2 4 5 5 5 4 4 4 4 4 3 3 3 3 2 5 4 4 4 3 4 4 2 3 5 7 3 4 5 7 6 5 4 3 5 4 5 4 4 5 4 4 2 7 5 5 3 4 2 3 4 3 6 7 5 3 4 3 3 4 3 5 3 4 1 3 2 2 4 5 3 5 4 2 6 4 3 0 6 3 5 3 4 5 4 2 4 3 3 2 4 5 4 2 2 7 4 2 4 3 4 4 3 5 5 4 4 5 3 5 4 5 6 5 5 5 2 5 4 3 3 4 4 5 3 3 3 0 4 
8 10 5 2 6 4 3 8 4 4 6 4 9 5 6 4 8 9 6 5 4 9 4 7 6 6 6 7 7 4 5 8 8 4 6 5 10 4 6 5 8 4 4 7 8 6 5 6 7 8 5 3 7 1 4 6 7 6 2 5 4 6 7 7 10 4 6 3 2 4 6 4 7 6 7 4 5 7 4 9 7 6 5 7 5 8 7 6 7 6 9 5 3 5 4 3 9 7 4 8 6 6 7 9 3 5 5 3 7 10 5 7 9 7 2 8 7 8 5 5 5 5 5 7 4 8 7 7 10 2 4 3 7 7 7 7 7 7 6 8 6 2 0 7 8 7 6 5 7 8 7 8 6 7 6 4 9 8 7 6 5 5 3 2 2 6 7 7 4 3 7 5 6 7 11 11 7 4 3 9 6 1 7 6 5 3 5 3 3 4 7 6 4 6 5 8 10 6 7 5 
3 2 5 6 4 4 7 4 4 4 6 3 4 4 4 7 3 4 4 4 5 5 6 4 3 4 6 4 3 5 5 4 3 5 5 4 5 4 2 2 5 3 4 4 3 5 5 3 4 4 5 3 5 6 4 4 6 5 4 6 6 5 3 7 5 5 4 5 3 4 3 4 4 5 2 1 5 5 4 6 4 5 3 4 2 2 3 1 3 6 4 5 3 4 4 3 4 2 2 2 5 6 4 6 6 3 6 4 4 4 1 4 5 4 4 6 1 3 6 2 3 6 5 4 5 6 2 2 5 3 3 4 4 3 4 6 4 5 4 4 5 5 5 5 4 3 5 4 2 4 5 3 4 5 3 4 5 2 9 7 5 2 5 5 6 4 5 4 5 5 4 4 3 5 7 3 4 4 5 2 4 4 2 4 4 4 5 6 3 4 4 3 6 5 2 6 3 5 5 5 
4 9 7 9 6 3 8 3 7 4 3 8 6 8 7 9 5 8 6 4 4 8 6 6 11 7 8 9 9 5 7 8 8 8 6 5 8 6 7 4 5 3 6 5 4 7 6 7 8 6 8 6 8 8 11 7 6 5 6 4 7 11 8 4 9 4 7 3 7 4 8 6 7 7 10 7 8 7 8 5 3 8 3 7 7 3 3 4 6 6 6 5 5 3 9 6 7 10 6 5 8 10 6 8 8 8 8 9 4 5 6 8 4 5 9 4 8 7 11 7 8 6 5 5 6 10 7 5 7 6 4 10 6 3 6 6 2 5 8 5 5 6 7 4 3 9 5 7 5 6 9 8 7 4 8 5 5 6 6 4 6 8 5 7 5 5 5 5 3 3 4 5 5 7 3 7 3 6 7 7 6 7 8 4 9 7 7 4 9 4 4 3 6 10 7 10 5 2 7 4 
2 3 3 4 4 3 2 3 3 2 3 2 3 6 4 1 5 3 4 5 2 2 2 4 4 2 0 4 3 2 2 3 2 3 3 4 2 4 4 3 3 3 5 2 5 3 4 3 4 2 3 2 5 2 3 5 5 4 3 4 2 3 5 4 2 3 2 4 3 2 4 4 2 3 5 3 2 4 4 4 2 2 2 3 3 3 3 2 3 2 3 3 5 3 5 2 2 3 2 2 1 2 4 3 4 2 4 3 2 3 2 2 4 2 3 3 3 4 3 4 2 2 2 3 3 4 5 3 3 5 4 2 3 4 4 2 7 3 3 2 2 2 5 2 3 1 1 2 3 4 4 4 3 2 3 2 4 4 4 3 3 3 3 4 2 2 2 4 3 4 3 4 2 3 3 3 5 1 2 4 3 2 3 3 4 2 3 5 3 4 2 3 3 2 2 1 4 3 2 4 
5 7 9 6 7 7 9 6 8 5 7 9 12 7 7 10 13 2 2 3 7 5 7 11 8 5 11 8 10 7 7 5 7 8 9 7 9 4 7 11 7 6 4 8 10 6 8 6 3 7 4 6 9 3 8 9 10 11 7 7 5 6 10 9 10 9 9 9 6 6 5 8 10 1 8 4 8 6 3 7 9 7 9 7 5 8 5 7 9 6 6 6 9 3 4 10 5 5 5 3 7 7 6 8 6 8 4 11 3 4 7 10 7 10 5 9 5 7 7 8 7 5 6 7 7 9 6 10 8 8 3 8 11 6 10 6 9 7 8 11 6 9 4 7 6 6 3 11 8 6 5 3 13 10 9 5 9 5 7 9 9 6 4 7 3 8 5 8 5 10 6 9 9 4 10 4 8 6 6 8 4 5 7 6 1 9 7 4 6 7 5 12 11 13 9 7 11 7 6 4 
2 2 2 3 3 2 2 2 2 2 2 2 2 2 2 2 1 3 2 3 0 2 1 1 3 1 2 2 2 1 3 2 2 3 2 2 1 2 2 2 1 2 1 2 3 1 2 2 1 1 3 2 2 1 2 2 2 2 2 1 2 3 1 2 3 1 2 3 2 1 2 3 2 2 2 2 2 1 3 2 2 3 2 2 3 3 2 1 1 2 1 1 3 2 2 2 2 1 2 2 2 2 3 2 2 2 1 2 2 2 3 4 1 1 1 2 3 2 1 2 1 3 1 1 3 1 4 1 2 2 2 1 2 1 3 2 2 2 1 2 2 1 1 2 3 1 2 3 3 2 3 2 2 2 2 2 3 3 2 2 2 2 1 2 2 2 1 1 1 1 2 2 1 1 2 2 1 1 3 1 3 2 2 1 2 2 2 1 1 2 1 2 3 2 2 2 2 2 2 1 
11 10 13 3 8 11 8 5 9 14 14 8 10 10 10 11 10 7 1 3 8 12 9 11 8 5 12 7 2 8 8 14 14 16 6 15 3 6 6 6 11 8 13 10 9 12 8 8 7 10 12 10 7 9 19 13 6 6 9 6 11 12 6 6 12 14 12 13 6 12 10 8 9 9 12 9 5 8 10 8 10 7 13 6 11 7 12 6 11 7 10 11 9 9 9 10 9 10 12 5 7 6 12 6 12 11 12 17 13 10 6 9 9 10 8 16 13 8 7 10 12 9 13 3 8 7 10 15 11 5 8 13 10 12 9 8 9 11 8 9 6 8 13 8 13 4 7 6 12 10 9 6 7 11 9 8 13 7 8 8 8 9 10 9 9 10 7 8 9 12 13 10 12 4 2 3 10 5 13 10 10 16 12 11 11 10 11 7 7 10 6 10 10 13 6 8 7 10 9 7 
7 7 6 5 7 8 6 7 7 4 9 5 3 2 7 5 6 10 7 5 7 7 4 8 6 6 9 4 9 6 11 6 9 4 3 10 2 5 3 6 4 6 8 7 8 6 7 6 4 3 7 6 7 4 7 5 7 9 5 6 9 8 9 8 5 10 9 4 7 6 6 6 6 6 9 4 6 6 4 7 3 8 6 6 7 8 4 9 4 5 11 7 7 8 9 5 9 7 6 7 6 4 3 3 4 6 5 5 5 9 4 6 6 3 9 5 7 6 7 4 5 6 7 4 6 8 7 5 1 5 10 5 7 6 8 9 6 7 4 4 10 9 5 6 3 10 6 6 8 10 7 6 5 7 5 4 3 5 6 7 4 5 7 8 6 6 9 8 10 7 2 7 6 11 6 7 6 6 10 8 7 4 4 7 7 8 5 4 4 2 6 5 8 7 6 5 5 2 5 6 
3 2 3 5 3 3 4 3 3 1 4 5 2 4 4 4 3 3 3 4 3 3 3 1 1 3 4 4 2 2 4 6 4 4 1 2 3 4 3 4 1 3 3 4 2 2 4 2 2 4 3 3 2 3 3 2 3 3 2 1 3 2 2 3 4 3 3 2 1 3 2 4 3 4 4 3 1 3 4 3 3 1 4 3 2 4 3 3 5 3 3 3 4 5 2 3 4 1 2 3 3 4 3 2 2 2 1 3 3 4 2 3 4 3 3 4 4 3 3 1 3 3 3 3 4 3 2 2 3 4 3 2 3 2 3 3 3 3 4 4 4 3 3 3 3 2 4 3 4 3 2 3 3 2 4 4 4 2 4 1 3 1 2 3 3 4 4 3 2 2 3 5 4 3 3 1 3 5 2 3 3 3 3 3 3 4 2 2 4 2 5 3 4 2 2 4 3 3 4 3 
