NAME  : Jabali_60_2_0.93_1_7
TYPE : SVRP
MODEL : FINITE_SUPPORT
NUMBER_OF_SCENARIOS : 200
DIMENSION : 60
EDGE_WEIGHT_TYPE : MATRIX
CAPACITY : 171
N_VEHICLES : 2
NODE_COORD_SECTION
1 5046 3102
2 3837 1541
3 1056 3004
4 2292 3550
5 3685 5607
6 7568 1968
7 2530 1335
8 6753 1793
9 5589 5973
10 1462 4325
11 1953 3613
12 440 2506
13 3848 5643
14 5446 4108
15 6236 1041
16 5020 2806
17 7215 4022
18 5329 5577
19 2838 3768
20 5437 1401
21 1852 3166
22 2889 7161
23 2296 3400
24 4077 6176
25 2735 6261
26 3205 725
27 1486 4756
28 4783 342
29 1301 4375
30 3159 6189
31 4192 6425
32 6020 850
33 1848 4556
34 3840 6319
35 5987 6013
36 8066 4718
37 1925 3346
38 4648 2848
39 3418 3142
40 3198 7540
41 651 2862
42 4621 1358
43 1592 3414
44 4521 18
45 6706 1575
46 5220 4132
47 7778 2564
48 2521 4946
49 4375 1141
50 7349 4496
51 3761 3170
52 27 3112
53 5360 6119
54 8385 3037
55 1690 1965
56 5962 6483
57 5818 5314
58 1341 917
59 1715 2661
60 5373 6983
DEMAND_SECTION
1 0.0
2 5.0
3 8.0
4 1.0
5 10.0
6 4.0
7 8.0
8 1.0
9 6.0
10 7.0
11 9.0
12 3.0
13 9.0
14 8.0
15 5.0
16 5.0
17 2.0
18 9.0
19 7.0
20 7.0
21 6.0
22 1.0
23 5.0
24 3.0
25 1.0
26 6.0
27 1.0
28 1.0
29 4.0
30 8.0
31 7.0
32 1.0
33 2.0
34 1.0
35 2.0
36 7.0
37 7.0
38 9.0
39 1.0
40 9.0
41 5.0
42 9.0
43 9.0
44 8.0
45 8.0
46 1.0
47 4.0
48 4.0
49 7.0
50 5.0
51 6.0
52 2.0
53 10.0
54 2.0
55 9.0
56 1.0
57 8.0
58 9.0
59 10.0
60 4.0
DEVIATION_SECTION
1 0.0
2 1.66667
3 2.66667
4 0.333333
5 3.33333
6 1.33333
7 2.66667
8 0.333333
9 2.0
10 2.33333
11 3.0
12 1.0
13 3.0
14 2.66667
15 1.66667
16 1.66667
17 0.666667
18 3.0
19 2.33333
20 2.33333
21 2.0
22 0.333333
23 1.66667
24 1.0
25 0.333333
26 2.0
27 0.333333
28 0.333333
29 1.33333
30 2.66667
31 2.33333
32 0.333333
33 0.666667
34 0.333333
35 0.666667
36 2.33333
37 2.33333
38 3.0
39 0.333333
40 3.0
41 1.66667
42 3.0
43 3.0
44 2.66667
45 2.66667
46 0.333333
47 1.33333
48 1.33333
49 2.33333
50 1.66667
51 2.0
52 0.666667
53 3.33333
54 0.666667
55 3.0
56 0.333333
57 2.66667
58 3.0
59 3.33333
60 1.33333
DISTANCE_MATRIX
0.0 26.3059 55.7953 38.109 41.1145 40.8087 41.6293 29.434 40.8044 52.8721 42.0596 65.744 40.5 15.1327 30.4591 3.60555 33.6006 35.1141 31.7953 22.4165 44.4871 62.8189 38.197 44.4285 55.6634 40.3113 52.9678 38.1141 50.8785 52.4944 46.3474 31.4253 48.0085 46.8722 42.7551 47.7074 43.0741 5.38516 21.4536 65.5357 61.4507 27.0152 46.7953 42.8497 29.4868 14.5602 41.5474 46.2124 27.0152 38.0789 17.9258 68.9972 41.7852 46.6442 47.2361 48.2701 33.3766 57.8014 49.8565 53.3104 
26.3059 0.0 40.794 37.305 55.5698 49.8007 17.6918 38.4249 65.4905 53.4753 40.032 45.8929 55.9464 41.0488 31.9783 23.7697 58.8319 59.5399 32.5862 20.8816 35.6953 76.7267 38.6519 63.0714 70.9112 14.0357 53.7587 20.2485 51.9741 67.7422 65.7951 30.0832 48.7994 64.4127 68.1175 73.0669 37.1083 21.095 22.0227 81.1206 44.4165 10.1085 39.4165 22.4722 37.8906 40.0 55.4606 47.5207 9.0 63.6001 21.4709 53.4312 65.952 65.6124 28.4605 73.3348 59.0085 34.6554 31.1212 77.0616 
55.7953 40.794 0.0 17.6918 49.4997 90.8013 29.5466 79.4266 72.45 18.6815 14.4222 10.2956 50.6987 61.2635 72.7591 54.1794 89.2032 67.1193 25.6125 61.6624 11.4018 59.4138 17.6918 58.5261 62.6004 41.4367 23.5372 59.4958 18.2483 50.0899 61.4839 70.8644 23.0 58.0725 76.9415 97.0927 12.7279 50.0238 34.831 65.3758 5.65685 50.8893 9.43398 60.208 79.4794 59.3463 96.2414 33.7343 49.6618 87.3956 38.0554 13.9284 71.1758 102.439 15.8114 80.1124 70.7248 28.3019 10.0 78.4474 
38.109 37.305 17.6918 0.0 36.0139 78.2754 27.8885 66.9007 56.3028 18.9737 5.0 27.6586 37.0 43.805 67.6347 38.0718 71.5169 50.6952 8.544 56.538 6.40312 51.0784 1.41421 45.0 50.3038 38.4798 21.095 56.0068 17.088 39.3071 48.0 65.74 17.0294 45.0999 60.5392 79.6342 5.0 33.5996 17.1447 56.648 23.3452 45.7649 8.94427 56.7215 66.9536 41.8878 79.6563 21.8403 45.723 69.9371 20.3691 31.0644 55.3624 84.753 21.0 64.195 53.7122 36.0555 12.3693 63.7887 
41.1145 55.5698 49.4997 36.0139 0.0 71.1674 61.9685 68.7561 26.2488 36.4459 36.2215 59.5787 1.41421 30.8058 70.3953 44.7201 52.2398 22.8254 28.2843 62.3527 41.1096 22.5586 35.0 9.05539 15.4031 67.624 39.0987 72.8626 34.9728 12.2341 12.0416 71.3616 29.4165 9.21954 31.241 60.7289 39.1152 46.9574 34.0147 25.6125 54.5306 60.691 40.6079 76.3017 68.809 29.1204 67.823 23.5396 60.6847 52.1728 34.1321 59.379 24.0416 72.0069 57.0088 32.6497 29.1548 72.0625 48.0416 29.1548 
40.8087 49.8007 90.8013 78.2754 71.1674 0.0 66.9337 11.4018 58.6003 93.0385 82.226 95.9001 70.3061 40.8336 21.0238 40.9709 27.4591 55.2905 71.9617 29.0 84.6535 91.872 78.3635 72.0532 84.9176 59.4643 93.1342 42.0595 91.0449 81.7486 73.0102 24.1661 88.1749 74.9289 57.3847 37.108 83.2405 44.8797 61.62 93.541 94.4237 39.6989 86.9617 46.5188 12.0416 42.8994 8.0 86.3788 42.4264 33.121 58.0922 103.438 61.033 17.72 78.4755 62.9682 49.4065 83.7516 81.1284 71.8401 
41.6293 17.6918 29.5466 27.8885 61.9685 66.9337 0.0 55.5579 77.1622 43.8634 30.6105 32.1403 62.6409 55.0818 48.7647 39.8246 74.8479 71.1758 34.5153 38.0146 26.1725 78.942 29.2354 70.4126 77.4637 12.1655 47.4236 32.3883 42.4264 67.0553 73.3498 46.5188 44.2041 71.1582 80.5047 89.0829 27.6586 36.2491 29.0172 84.4648 32.0156 27.2415 29.7321 32.0 55.0236 53.6004 72.5936 49.5914 25.0599 79.6053 31.1448 40.6079 77.026 82.7454 14.3178 85.2115 72.1418 16.9706 20.8087 87.0919 
29.434 38.4249 79.4266 66.9007 68.7561 11.4018 55.5579 0.0 58.4176 81.6638 70.8514 84.5254 68.1415 39.9135 12.0 29.5963 30.5941 60.2375 60.587 17.6918 73.2788 90.4605 66.9888 72.0701 83.9191 48.2701 81.7595 31.9531 79.6702 80.1359 73.9708 15.0333 76.8002 74.5137 57.3851 43.0 71.8659 33.505 50.2454 93.1772 83.049 28.3196 75.587 36.6879 2.23607 40.5467 17.4929 75.0041 31.1448 36.6742 46.7175 92.0637 60.8399 27.7849 67.1008 63.0655 49.2162 72.3759 69.7537 71.7037 
40.8044 65.4905 72.45 56.3028 26.2488 58.6003 77.1622 58.4176 0.0 60.296 58.1808 82.7345 24.8395 26.0 66.3886 44.2719 34.176 6.0 47.7598 60.8358 62.3939 39.4588 55.7136 20.6155 35.8328 79.3095 57.5844 76.8993 58.823 32.6497 19.6469 67.9559 53.2666 23.4094 5.0 38.0132 60.5392 45.1221 48.3735 39.0 77.8267 67.5895 63.0714 81.6349 60.6494 26.2488 54.2033 47.3897 67.5895 31.5753 46.0435 83.2166 3.0 55.0273 76.4003 8.06226 9.21954 90.7519 68.6222 13.4536 
52.8721 53.4753 18.6815 18.9737 36.4459 93.0385 43.8634 81.6638 60.296 0.0 14.3178 27.0 37.6449 53.2769 82.3978 52.8349 77.5879 55.4481 21.095 71.3011 17.8045 41.0488 17.72 43.7394 46.3363 54.65 5.0 72.177 2.0 32.9848 45.9386 80.5031 7.07107 41.8084 65.0398 89.0449 16.6433 48.3627 31.9078 47.0425 22.0227 60.528 14.1421 72.8917 81.7167 51.3597 90.759 19.2094 60.4861 79.404 35.1322 24.3516 58.7067 95.8558 32.45 67.6357 60.1687 46.5188 23.4307 63.9634 
42.0596 40.032 14.4222 5.0 36.2215 82.226 30.6105 70.8514 58.1808 14.3178 0.0 24.6982 37.3363 46.9487 71.997 42.0224 71.2597 52.7731 11.3137 60.9003 5.09902 49.3356 4.12311 45.2769 32.0 41.2068 17.0294 58.7338 12.53 38.3275 48.2597 70.1024 13.6015 45.0444 62.6099 82.7779 3.16228 37.5503 21.0953 55.0818 20.0 50.1273 5.0 59.4485 70.9042 45.0314 83.6069 21.0238 48.8998 73.0808 24.3197 27.0185 57.0088 88.7037 21.587 65.9242 56.3028 36.6742 12.1655 64.7611 
65.744 45.8929 10.2956 27.6586 59.5787 95.9001 32.1403 84.5254 82.7345 27.0 24.6982 0.0 60.7777 71.4114 77.8579 63.2731 99.1518 77.4145 35.805 66.7612 21.2603 68.0294 27.8029 68.6051 72.3482 44.2832 32.0 64.0312 27.074 59.5399 71.5628 75.9632 32.3883 67.8204 87.2353 107.241 22.8035 59.1261 44.7796 74.027 5.09902 55.9882 19.7231 64.0703 83.7702 69.4941 101.34 43.6807 54.7449 97.5435 48.0041 8.94427 81.4371 112.388 18.0 90.377 80.9938 25.0 17.4929 88.5461 
40.5 55.9464 50.6987 37.0 1.41421 70.3061 62.6409 68.1415 24.8395 37.6449 37.3363 60.7777 0.0 30.0832 69.3337 44.1055 51.1566 21.4709 29.1548 61.7381 42.19 22.5586 36.0139 8.0 15.4031 68.1542 39.0987 73.1248 36.1719 12.2341 11.0 70.747 30.6155 8.544 29.8329 59.4811 40.1995 47.2196 34.5398 25.6125 55.7296 60.9532 41.7732 76.5638 68.1944 28.4605 66.9617 24.7386 60.9469 50.9902 34.4819 60.578 22.6274 71.0282 58.0 31.241 27.8568 73.0274 49.0918 27.8568 
15.1327 41.0488 61.2635 43.805 30.8058 40.8336 55.0818 39.9135 26.0 53.2769 46.9487 71.4114 30.0832 0.0 41.1096 18.4391 25.0599 20.5913 35.6586 34.8855 50.2019 52.2015 43.609 33.121 45.0555 55.0818 50.9535 50.9215 51.566 41.8865 34.6699 42.638 46.4708 35.7771 27.6586 37.5366 48.6079 20.0 33.2982 54.5619 66.8982 42.1476 51.9318 55.6611 39.9663 2.23607 37.4892 40.7587 42.1476 27.6586 29.7704 73.7647 27.2947 42.4264 59.4304 33.2415 18.2483 70.4867 55.5236 38.9487 
30.4591 31.9783 72.7591 67.6347 70.3953 21.0238 48.7647 12.0 66.3886 82.3978 71.997 77.8579 69.3337 41.1096 0.0 30.6213 42.4264 61.4337 61.321 12.0416 67.6603 92.0996 67.7227 73.2623 84.9441 39.8246 82.4935 21.095 80.4041 81.7751 75.1665 3.16228 77.5342 75.7059 66.9862 55.0 69.0733 34.5301 50.5052 94.3694 76.3815 22.1359 71.3815 25.4951 10.0499 41.7253 28.4605 76.0292 23.7065 48.5077 47.7426 85.3962 68.0584 38.6264 60.4333 72.8073 57.6408 65.192 63.0862 79.6953 
3.60555 23.7697 54.1794 38.0718 44.7201 40.9709 39.8246 29.5963 44.2719 52.8349 42.0224 63.2731 44.1055 18.4391 30.6213 0.0 35.0684 38.6264 31.7581 22.5788 44.4499 66.4244 38.1598 48.0341 66.8236 37.6563 52.9306 38.2764 50.8413 56.0999 49.9529 31.5876 47.9713 50.4777 46.0977 49.3034 43.0369 4.47214 21.4164 69.1412 59.8348 25.253 46.7581 43.012 29.6491 18.0278 42.5582 46.1752 29.2391 39.8121 17.8885 68.96 45.31 47.655 46.2307 51.6624 36.6742 56.3028 48.5014 56.8595 
33.6006 58.8319 89.2032 71.5169 52.2398 27.4591 74.8479 30.5941 34.176 77.5879 71.2597 99.1518 51.1566 25.0599 42.4264 35.0684 0.0 32.5576 59.9696 43.4294 77.895 71.2531 67.92 51.1566 65.0 71.6473 75.2645 60.2365 75.877 61.831 51.4782 45.2769 70.7818 54.1479 31.7648 14.3178 76.482 38.833 54.8615 72.0069 94.8586 51.2445 76.2428 65.2067 32.7567 27.2947 21.2132 65.0493 55.0818 6.08276 51.3336 98.0757 37.0 20.8806 80.8343 36.8917 25.7099 91.2688 83.2644 46.5296 
35.1141 59.5399 67.1193 50.6952 22.8254 55.2905 71.1758 60.2375 6.0 55.4481 52.7731 77.4145 21.4709 20.5913 61.4337 38.6264 32.5576 0.0 42.1545 55.4707 56.8595 39.0 50.1597 19.105 33.7386 73.3376 52.7366 71.3632 53.9751 30.5696 19.0263 63.0079 48.4187 22.0907 9.84886 38.6394 55.0364 39.2938 42.4264 39.4588 72.5603 61.7691 57.7062 76.0989 60.2904 20.6155 51.4782 42.5419 61.7691 31.0 40.05 78.2368 6.7082 53.3667 70.6045 14.0357 7.0 84.8337 62.9682 18.3576 
31.7953 32.5862 25.6125 8.544 28.2843 71.9617 34.5153 60.587 47.7598 21.095 11.3137 35.805 29.1548 35.6586 61.321 31.7581 59.9696 42.1545 0.0 50.2242 14.7648 45.5826 8.06226 37.1214 42.9559 43.4708 21.2132 51.6154 19.105 33.6286 40.1123 59.4263 16.2788 37.4833 52.0 71.4878 13.0384 27.2859 10.831 51.0416 31.241 39.4512 16.2788 54.679 60.6399 33.7414 73.3426 16.1647 39.4093 61.7907 14.0554 38.2884 46.8402 78.4393 29.1548 55.6597 45.2769 44.0114 20.8806 55.4437 
22.4165 20.8816 61.6624 56.538 62.3527 29.0 38.0146 17.6918 60.8358 71.3011 60.9003 66.7612 61.7381 34.8855 12.0416 22.5788 43.4294 55.4707 50.2242 0.0 56.5636 84.0571 56.626 65.6667 76.9016 30.6105 71.3968 17.0294 69.3074 73.7325 67.5855 11.1803 66.4375 68.1103 62.0322 57.6064 57.9766 26.4876 39.4084 86.7738 65.2848 10.8167 60.2848 22.0227 17.0294 34.9857 35.0 65.1587 13.4536 49.2544 37.6431 74.2995 62.1772 45.2217 49.3366 67.7791 52.5547 54.8179 51.9895 73.8241 
44.4871 35.6953 11.4018 6.40312 41.1096 84.6535 26.1725 73.2788 62.3939 17.8045 5.09902 21.2603 42.19 50.2019 67.6603 44.4499 77.895 56.8595 14.7648 56.5636 0.0 54.4059 6.7082 50.1597 55.0109 36.8701 21.2603 54.3971 16.2788 43.4166 53.1507 65.7657 18.3576 50.01 66.7083 86.0311 2.0 39.9777 23.5228 60.1664 17.0294 45.7906 4.12311 55.1118 73.3317 48.2847 86.0344 26.0768 44.5631 76.334 26.7472 25.0599 61.3514 91.1311 16.4924 70.2282 60.0333 31.5753 7.07107 69.4262 
62.8189 76.7267 59.4138 51.0784 22.5586 91.872 78.942 90.4605 39.4588 41.0488 49.3356 68.0294 22.5586 52.2015 92.0996 66.4244 71.2531 39.0 45.5826 84.0571 54.4059 0.0 49.7695 20.0998 25.1555 87.8232 36.0555 95.3583 41.1947 13.4536 20.025 93.0659 36.6742 17.1172 43.9318 77.3175 52.4976 69.507 55.1743 6.0 63.0714 83.1867 52.3927 98.7751 90.5133 50.6953 88.5268 29.5296 83.163 70.0 56.6524 64.2806 36.4966 91.7878 70.8802 42.3792 46.0 85.8662 61.4003 34.0 
38.197 38.6519 17.6918 1.41421 35.0 78.3635 29.2354 66.9888 55.7136 17.72 4.12311 27.8029 36.0139 43.609 67.7227 38.1598 67.92 50.1597 8.06226 56.626 6.7082 49.7695 0.0 44.0114 49.1995 39.8266 19.7231 58.0172 15.8114 38.0789 47.0106 65.828 15.6205 44.0454 60.0083 79.4382 5.0 33.6877 17.2327 55.3624 23.3452 45.853 8.60233 58.0684 67.0416 41.6918 79.7443 20.6155 45.8111 69.7411 20.4571 30.8058 54.7083 84.8411 22.0227 63.5689 53.3385 37.1214 13.1529 62.9682 
44.4285 63.0714 58.5261 45.0 9.05539 72.0532 70.4126 72.0701 20.6155 43.7394 45.2769 68.6051 8.0 33.121 73.2623 48.0341 51.1566 19.105 37.1214 65.6667 50.1597 20.0998 44.0114 0.0 15.4031 75.6108 39.0987 80.0269 43.091 12.2066 3.0 74.5048 37.4515 3.0 25.4951 57.7062 48.1664 47.9414 42.0595 21.5407 63.557 67.8553 49.6488 83.466 72.1229 31.9061 68.6804 32.566 67.8553 50.04 41.6293 68.0878 17.8885 71.7008 66.0 25.6125 26.0768 81.0247 57.0789 20.5913 
55.6634 70.9112 62.6004 50.3038 15.4031 84.9176 77.4637 83.9191 35.8328 46.3363 32.0 72.3482 15.4031 45.0555 84.9441 66.8236 65.0 33.7386 42.9559 76.9016 55.0109 25.1555 49.1995 15.4031 0.0 82.9391 41.6956 88.2028 45.6879 14.831 17.6023 85.9104 40.0483 13.4721 40.7648 72.3482 53.0114 62.3515 49.2492 28.2094 67.2495 76.0312 54.0999 91.6196 83.9719 43.7184 81.5732 29.025 76.0075 64.3263 49.4969 70.6847 33.1868 85.2365 71.2013 41.0156 40.5753 86.3175 62.0377 35.6271 
40.3113 14.0357 41.4367 38.4798 67.624 59.4643 12.1655 48.2701 79.3095 54.65 41.2068 44.2832 68.1542 55.0818 39.8246 37.6563 71.6473 73.3376 43.4708 30.6105 36.8701 87.8232 39.8266 75.6108 82.9391 0.0 58.0746 21.1896 53.1489 75.8692 78.4347 37.2022 54.7965 76.6942 82.0549 85.8959 38.2831 35.1283 33.6155 93.2822 44.1475 20.5913 40.5913 20.0998 47.4236 54.0093 65.6049 58.4053 17.2047 77.0916 34.2053 52.7731 79.6604 75.8024 26.4764 87.2067 73.0 26.0 32.2025 90.4268 
52.9678 53.7587 23.5372 21.095 39.0987 93.1342 47.4236 81.7595 57.5844 5.0 17.0294 32.0 39.0987 50.9535 82.4935 52.9306 75.2645 52.7366 21.2132 71.3968 21.2603 36.0555 19.7231 39.0987 41.6956 58.0746 0.0 72.788 5.38516 28.1603 41.2979 80.5988 5.0 37.1618 62.3282 86.5189 19.799 48.4584 32.0035 42.0476 27.0185 60.6237 18.0278 76.3163 81.8124 49.0362 88.4356 15.6205 60.5818 76.9676 35.2278 29.1204 55.9952 93.3122 36.7151 64.9241 57.4571 51.0784 27.4591 59.3226 
38.1141 20.2485 59.4958 56.0068 72.8626 42.0595 32.3883 31.9531 76.8993 72.177 58.7338 64.0312 73.1248 50.9215 21.095 38.2764 60.2365 71.3632 51.6154 17.0294 54.3971 95.3583 58.0172 80.0269 88.2028 21.1896 72.788 0.0 70.6759 85.0338 82.7034 18.0278 67.8287 81.497 78.4474 73.8241 55.81 34.6469 40.8044 98.4122 63.0714 14.8661 58.1182 5.0 30.4631 50.7666 49.2443 66.5491 12.2066 66.1211 39.0416 72.0278 78.0676 59.5063 46.0435 84.119 68.9638 47.1699 49.8229 89.676 
50.8785 51.9741 18.2483 17.088 34.9728 91.0449 42.4264 79.6702 58.823 2.0 12.53 27.074 36.1719 51.566 80.4041 50.8413 75.877 53.9751 19.105 69.3074 16.2788 41.1947 15.8114 43.091 45.6879 53.1489 5.38516 70.6759 0.0 32.5576 45.2902 78.5095 5.83095 41.16 63.5668 87.367 15.0 46.3691 29.9141 47.1699 22.0227 58.5344 12.8062 71.3906 79.7231 49.6488 89.0481 18.0278 58.4925 77.6981 33.1386 25.0799 57.2337 94.1449 31.3847 66.1627 58.6941 45.6946 22.2036 63.3149 
52.4944 67.7422 50.0899 39.3071 12.2341 81.7486 67.0553 80.1359 32.6497 32.9848 38.3275 59.5399 12.2341 41.8865 81.7751 56.0999 61.831 30.5696 33.6286 73.7325 43.4166 13.4536 38.0789 12.2066 14.831 75.8692 28.1603 85.0338 32.5576 0.0 14.1421 82.7414 27.1662 9.89949 37.5899 69.1792 41.4367 59.1824 46.0802 18.0278 54.4518 72.8622 42.0476 88.4506 80.1888 40.3708 78.4042 17.4642 72.8384 61.1573 46.3279 57.28 30.0167 82.0674 59.8415 37.8021 37.4063 74.9667 50.4876 32.0156 
46.3474 65.7951 61.4839 48.0 12.0416 73.0102 73.3498 73.9708 19.6469 45.9386 48.2597 71.5628 11.0 34.6699 75.1665 49.9529 51.4782 19.0263 40.1123 67.5855 53.1507 20.025 47.0106 3.0 17.6023 78.4347 41.2979 82.7034 45.2902 14.1421 0.0 76.4237 39.6507 4.24264 24.3516 57.3149 51.1566 49.8603 44.9222 20.6155 66.8518 70.5318 52.6118 86.1425 74.0236 33.6006 69.5701 35.5237 70.5318 50.01 44.3847 70.287 16.7631 72.1803 69.0 23.8537 26.0192 84.0238 60.075 18.0278 
31.4253 30.0832 70.8644 65.74 71.3616 24.1661 46.5188 15.0333 67.9559 80.5031 70.1024 75.9632 70.747 42.638 3.16228 31.5876 45.2769 63.0079 59.4263 11.1803 65.7657 93.0659 65.828 74.5048 85.9104 37.2022 80.5988 18.0278 78.5095 82.7414 76.4237 0.0 75.6395 76.9485 68.5626 58.0086 67.1786 35.4964 48.6105 95.7827 74.4868 20.3961 69.4868 22.3607 13.1529 43.1856 31.6228 76.9955 21.5407 51.3517 46.8451 83.5015 69.6348 41.7852 58.5235 74.3837 59.2172 62.7694 61.1915 81.2712 
48.0085 48.7994 23.0 17.0294 29.4165 88.1749 44.2041 76.8002 53.2666 7.07107 13.6015 32.3883 30.6155 46.4708 77.5342 47.9713 70.7818 48.4187 16.2788 66.4375 18.3576 36.6742 15.6205 37.4515 40.0483 54.7965 5.0 67.8287 5.83095 27.1662 39.6507 75.6395 0.0 35.5205 58.0104 82.1523 16.6433 43.4991 27.0442 42.5793 27.2947 55.6644 15.8114 70.8922 76.8531 44.5535 83.9529 12.2066 55.6225 72.5603 30.2655 30.8707 51.6773 89.0496 34.5398 60.6063 53.1393 49.3356 25.0799 57.6754 
46.8722 64.4127 58.0725 45.0999 9.21954 74.9289 71.1582 74.5137 23.4094 41.8084 45.0444 67.8204 8.544 35.7771 75.7059 50.4777 54.1479 22.0907 37.4833 68.1103 50.01 17.1172 44.0454 3.0 13.4721 76.6942 37.1618 81.497 41.16 9.89949 4.24264 76.9485 35.5205 0.0 28.2312 60.6712 48.0104 50.3851 43.0813 18.7883 62.7216 69.3255 49.2845 84.9361 74.5666 34.4819 71.5681 32.1944 69.3192 53.0377 42.9418 66.1568 20.6155 74.6726 66.0681 28.0179 29.0689 81.1542 57.0 22.2036 
42.7551 68.1175 76.9415 60.5392 31.241 57.3847 80.5047 57.3851 5.0 65.0398 62.6099 87.2353 29.8329 27.6586 66.9862 46.0977 31.7648 9.84886 52.0 62.0322 66.7083 43.9318 60.0083 25.4951 40.7648 82.0549 62.3282 78.4474 63.5668 37.5899 24.3516 68.5626 58.0104 28.2312 0.0 34.0588 64.8845 47.3814 51.9711 43.1045 82.365 69.7388 67.5352 83.2406 59.6169 28.2843 52.4309 52.1335 69.7388 28.4605 49.366 87.9204 7.61577 52.3927 80.3724 5.83095 9.48683 94.4265 72.8011 14.7648 
47.7074 73.0669 97.0927 79.6342 60.7289 37.108 89.0829 43.0 38.0132 89.0449 82.7779 107.241 59.4811 37.5366 55.0 49.3034 14.3178 38.6394 71.4878 57.6064 86.0311 77.3175 79.4382 57.7062 72.3482 85.8959 86.5189 73.8241 87.367 69.1792 57.3149 58.0086 82.1523 60.6712 34.0588 0.0 84.4371 53.0 68.803 77.0065 102.727 65.4599 87.761 78.7718 45.0111 39.6989 29.4109 76.3242 69.2641 9.89949 65.2751 109.594 41.0122 23.6008 94.9351 37.6563 31.7805 105.475 97.2058 47.8539 
43.0741 37.1083 12.7279 5.0 39.1152 83.2405 27.6586 71.8659 60.5392 16.6433 3.16228 22.8035 40.1995 48.6079 69.0733 43.0369 76.482 55.0364 13.0384 57.9766 2.0 52.4976 5.0 48.1664 53.0114 38.2831 19.799 55.81 15.0 41.4367 51.1566 67.1786 16.6433 48.0104 64.8845 84.4371 0.0 38.5648 22.1098 58.2409 18.3848 47.2036 4.12311 56.5248 71.9187 46.6906 84.6214 24.0832 45.9761 74.74 25.3342 26.0768 59.4643 89.7182 18.4391 68.352 58.3095 33.541 9.05539 67.4685 
5.38516 21.095 50.0238 33.5996 46.9574 44.8797 36.2491 33.505 45.1221 48.3627 37.5503 59.1261 47.2196 20.0 34.5301 4.47214 38.833 39.2938 27.2859 26.4876 39.9777 69.507 33.6877 47.9414 62.3515 35.1283 48.4584 34.6469 46.3691 59.1824 49.8603 35.4964 43.4991 50.3851 47.3814 53.0 38.5648 0.0 16.9443 72.5609 55.6792 22.4753 42.2859 38.086 33.5579 19.105 46.4642 41.703 22.4753 43.4166 13.4164 64.4878 45.8803 51.561 42.0836 52.7731 38.1182 52.4786 44.3544 57.2451 
21.4536 22.0227 34.831 17.1447 34.0147 61.62 29.0172 50.2454 48.3735 31.9078 21.0953 44.7796 34.5398 33.2982 50.5052 21.4164 54.8615 42.4264 10.831 39.4084 23.5228 55.1743 17.2327 42.0595 49.2492 33.6155 32.0035 40.8044 29.9141 46.0802 44.9222 48.6105 27.0442 43.0813 51.9711 68.803 22.1098 16.9443 0.0 59.4586 40.4864 28.6354 25.831 43.9318 50.2982 31.381 63.0009 25.7564 28.6007 59.0392 4.47214 48.0328 48.0937 68.0977 31.021 56.4358 43.9659 42.4676 28.6564 58.0775 
65.5357 81.1206 65.3758 56.648 25.6125 93.541 84.4648 93.1772 39.0 47.0425 55.0818 74.027 25.6125 54.5619 94.3694 69.1412 72.0069 39.4588 51.0416 86.7738 60.1664 6.0 55.3624 21.5407 28.2094 93.2822 42.0476 98.4122 47.1699 18.0278 20.6155 95.7827 42.5793 18.7883 43.1045 77.0065 58.2409 72.5609 59.4586 0.0 69.0652 86.2406 58.2495 101.829 93.2301 53.2353 90.1388 34.9285 86.2168 70.2567 59.7063 70.2567 36.0 92.7631 76.6551 40.7922 46.3897 91.6788 67.1863 31.6228 
61.4507 44.4165 5.65685 23.3452 54.5306 94.4237 32.0156 83.049 77.8267 22.0227 20.0 5.09902 55.7296 66.8982 76.3815 59.8348 94.8586 72.5603 31.241 65.2848 17.0294 63.0714 23.3452 63.557 67.2495 44.1475 27.0185 63.0714 22.0227 54.4518 66.8518 74.4868 27.2947 62.7216 82.365 102.727 18.3848 55.6792 40.4864 69.0652 0.0 54.5118 15.0 63.5059 82.2938 64.981 99.8638 38.6005 53.2843 93.0303 43.7108 9.05539 76.4853 108.095 17.72 85.4283 76.2758 27.5862 14.5602 83.498 
27.0152 10.1085 50.8893 45.7649 60.691 39.6989 27.2415 28.3196 67.5895 60.528 50.1273 55.9882 60.9532 42.1476 22.1359 25.253 51.2445 61.7691 39.4512 10.8167 45.7906 83.1867 45.853 67.8553 76.0312 20.5913 60.6237 14.8661 58.5344 72.8622 70.5318 20.3961 55.6644 69.3255 69.7388 65.4599 47.2036 22.4753 28.6354 86.2406 54.5118 0.0 49.5118 18.868 27.8029 41.4678 45.3538 54.3857 4.0 56.7539 26.8701 63.5265 68.3494 55.5055 38.5636 75.1955 56.0466 44.0595 41.2165 79.6724 
46.7953 39.4165 9.43398 8.94427 40.6079 86.9617 29.7321 75.587 63.0714 14.1421 5.0 19.7231 41.7732 51.9318 71.3815 46.7581 76.2428 57.7062 16.2788 60.2848 4.12311 52.3927 8.60233 49.6488 54.0999 40.5913 18.0278 58.1182 12.8062 42.0476 52.6118 69.4868 15.8114 49.2845 67.5352 87.761 4.12311 42.2859 25.831 58.2495 15.0 49.5118 0.0 58.833 75.6399 50.0145 88.3426 25.0799 48.2843 78.0639 29.0554 22.2036 61.8466 93.4393 18.7883 70.7743 61.2944 33.5261 9.43398 69.3758 
42.8497 22.4722 60.208 56.7215 76.3017 46.5188 32.0 36.6879 81.6349 72.8917 59.4485 64.0703 76.5638 55.6611 25.4951 43.012 65.2067 76.0989 54.679 22.0227 55.1118 98.7751 58.0684 83.466 91.6196 20.0998 76.3163 5.0 71.3906 88.4506 86.1425 22.3607 70.8922 84.9361 83.2406 78.7718 56.5248 38.086 43.9318 101.829 63.5059 18.868 58.833 0.0 35.1141 55.5022 53.8516 69.5601 15.6205 71.1126 42.45 72.3395 82.8032 64.0781 46.0977 88.8876 73.7631 45.607 50.5377 94.4116 
29.4868 37.8906 79.4794 66.9536 68.809 12.0416 55.0236 2.23607 60.6494 81.7167 70.9042 83.7702 68.1944 39.9663 10.0499 29.6491 32.7567 60.2904 60.6399 17.0294 73.3317 90.5133 67.0416 72.1229 83.9719 47.4236 81.8124 30.4631 79.7231 80.1888 74.0236 13.1529 76.8531 74.5666 59.6169 45.0111 71.9187 33.5579 50.2982 93.2301 82.2938 27.8029 75.6399 35.1141 0.0 40.5995 18.7883 75.057 30.4138 38.833 46.7704 92.1166 66.915 29.0689 66.3456 65.2973 51.448 71.8401 68.9985 73.9355 
14.5602 40.0 59.3463 41.8878 29.1204 42.8994 53.6004 40.5467 26.2488 51.3597 45.0314 69.4941 28.4605 2.23607 41.7253 18.0278 27.2947 20.6155 33.7414 34.9857 48.2847 50.6953 41.6918 31.9061 43.7184 54.0093 49.0362 50.7666 49.6488 40.3708 33.6006 43.1856 44.5535 34.4819 28.2843 39.6989 46.6906 19.105 31.381 53.2353 64.981 41.4678 50.0145 55.5022 40.5995 0.0 39.555 38.8415 41.4678 29.8329 28.2419 71.8475 27.313 44.5533 60.8642 33.7343 19.0263 68.9582 53.6064 38.9102 
41.5474 55.4606 96.2414 79.6563 67.823 8.0 72.5936 17.4929 54.2033 90.759 83.6069 101.34 66.9617 37.4892 28.4605 42.5582 21.2132 51.4782 73.3426 35.0 86.0344 88.5268 79.7443 68.6804 81.5732 65.6049 88.4356 49.2443 89.0481 78.4042 69.5701 31.6228 83.9529 71.5681 52.4309 29.4109 84.6214 46.4642 63.0009 90.1388 99.8638 45.3538 88.3426 53.8516 18.7883 39.555 0.0 78.2408 48.4149 26.4008 59.473 110.544 56.8243 10.2956 83.9157 57.8014 45.1774 89.4116 86.5685 67.1193 
46.2124 47.5207 33.7343 21.8403 23.5396 86.3788 49.5914 75.0041 47.3897 19.2094 21.0238 43.6807 24.7386 40.7587 76.0292 46.1752 65.0493 42.5419 16.1647 65.1587 26.0768 29.5296 20.6155 32.566 29.025 58.4053 15.6205 66.5491 18.0278 17.4642 35.5237 76.9955 12.2066 32.1944 52.1335 76.3242 24.0832 41.703 25.7564 34.9285 38.6005 54.3857 25.0799 69.5601 75.057 38.8415 78.2408 0.0 54.3426 66.7729 28.2892 42.9418 45.8004 83.1175 42.4264 54.7294 47.2624 57.5587 33.1361 52.507 
27.0152 9.0 49.6618 45.723 60.6847 42.4264 25.0599 31.1448 67.5895 60.4861 48.8998 54.7449 60.9469 42.1476 23.7065 29.2391 55.0818 61.7691 39.4093 13.4536 44.5631 83.163 45.8111 67.8553 76.0075 17.2047 60.5818 12.2066 58.4925 72.8384 70.5318 21.5407 55.6225 69.3192 69.7388 69.2641 45.9761 22.4753 28.6007 86.2168 53.2843 4.0 48.2843 15.6205 30.4138 41.4678 48.4149 54.3426 0.0 60.6383 26.8701 62.299 68.3494 58.6003 37.108 75.1955 60.3871 41.6173 39.989 79.6724 
38.0789 63.6001 87.3956 69.9371 52.1728 33.121 79.6053 36.6742 31.5753 79.404 73.0808 97.5435 50.9902 27.6586 48.5077 39.8121 6.08276 31.0 61.7907 49.2544 76.334 70.0 69.7411 50.04 64.3263 77.0916 76.9676 66.1211 77.6981 61.1573 50.01 51.3517 72.5603 53.0377 28.4605 9.89949 74.74 43.4166 59.0392 70.2567 93.0303 56.7539 78.0639 71.1126 38.833 29.8329 26.4008 66.7729 60.6383 0.0 55.5113 99.8968 34.5254 24.1868 85.1714 33.1059 24.0 95.8801 87.4421 43.0813 
17.9258 21.4709 38.0554 20.3691 34.1321 58.0922 31.1448 46.7175 46.0435 35.1322 24.3197 48.0041 34.4819 29.7704 47.7426 17.8885 51.3336 40.05 14.0554 37.6431 26.7472 56.6524 20.4571 41.6293 49.4969 34.2053 35.2278 39.0416 33.1386 46.3279 44.3847 46.8451 30.2655 42.9418 49.366 65.2751 25.3342 13.4164 4.47214 59.7063 43.7108 26.8701 29.0554 42.45 46.7704 28.2419 59.473 28.2892 26.8701 55.5113 0.0 51.2573 46.0109 64.5698 34.1322 54.0833 41.0422 45.5412 31.8808 56.4358 
68.9972 53.4312 13.9284 31.0644 59.379 103.438 40.6079 92.0637 83.2166 24.3516 27.0185 8.94427 60.578 73.7647 85.3962 68.96 98.0757 78.2368 38.2884 74.2995 25.0599 64.2806 30.8058 68.0878 70.6847 52.7731 29.1204 72.0278 25.0799 57.28 70.287 83.5015 30.8707 66.1568 87.9204 109.594 26.0768 64.4878 48.0328 70.2567 9.05539 63.5265 22.2036 72.3395 92.1166 71.8475 110.544 42.9418 62.299 99.8968 51.2573 0.0 81.6398 115.641 26.3059 90.5688 82.4621 33.8378 23.5372 88.3117 
41.7852 65.952 71.1758 55.3624 24.0416 61.033 77.026 60.8399 3.0 58.7067 57.0088 81.4371 22.6274 27.2947 68.0584 45.31 37.0 6.7082 46.8402 62.1772 61.3514 36.4966 54.7083 17.8885 33.1868 79.6604 55.9952 78.0676 57.2337 30.0167 16.7631 69.6348 51.6773 20.6155 7.61577 41.0122 59.4643 45.8803 48.0937 36.0 76.4853 68.3494 61.8466 82.8032 66.915 27.313 56.8243 45.8004 68.3494 34.5254 46.0109 81.6398 0.0 57.8705 75.71 8.94427 11.6619 90.1128 67.72 11.6619 
46.6442 65.6124 102.439 84.753 72.0069 17.72 82.7454 27.7849 55.0273 95.8558 88.7037 112.388 71.0282 42.4264 38.6264 47.655 20.8806 53.3667 78.4393 45.2217 91.1311 91.7878 84.8411 71.7008 85.2365 75.8024 93.3122 59.5063 94.1449 82.0674 72.1803 41.7852 89.0496 74.6726 52.3927 23.6008 89.7182 51.561 68.0977 92.7631 108.095 55.5055 93.4393 64.0781 29.0689 44.5533 10.2956 83.1175 58.6003 24.1868 64.5698 115.641 57.8705 0.0 94.0674 57.2451 46.5725 99.5633 96.5006 67.1193 
47.2361 28.4605 15.8114 21.0 57.0088 78.4755 14.3178 67.1008 76.4003 32.45 21.587 18.0 58.0 59.4304 60.4333 46.2307 80.8343 70.6045 29.1548 49.3366 16.4924 70.8802 22.0227 66.0 71.2013 26.4764 36.7151 46.0435 31.3847 59.8415 69.0 58.5235 34.5398 66.0681 80.3724 94.9351 18.4391 42.0836 31.021 76.6551 17.72 38.5636 18.7883 46.0977 66.3456 60.8642 83.9157 42.4264 37.108 85.1714 34.1322 26.3059 75.71 94.0674 0.0 84.4038 73.0367 15.1327 9.48683 84.5931 
48.2701 73.3348 80.1124 64.195 32.6497 62.9682 85.2115 63.0655 8.06226 67.6357 65.9242 90.377 31.241 33.2415 72.8073 51.6624 36.8917 14.0357 55.6597 67.7791 70.2282 42.3792 63.5689 25.6125 41.0156 87.2067 64.9241 84.119 66.1627 37.8021 23.8537 74.3837 60.6063 28.0179 5.83095 37.6563 68.352 52.7731 56.4358 40.7922 85.4283 75.1955 70.7743 88.8876 65.2973 33.7343 57.8014 54.7294 75.1955 33.1059 54.0833 90.5688 8.94427 57.2451 84.4038 0.0 15.2315 98.7487 76.5376 10.198 
33.3766 59.0085 70.7248 53.7122 29.1548 49.4065 72.1418 49.2162 9.21954 60.1687 56.3028 80.9938 27.8568 18.2483 57.6408 36.6742 25.7099 7.0 45.2769 52.5547 60.0333 46.0 53.3385 26.0768 40.5753 73.0 57.4571 68.9638 58.6941 37.4063 26.0192 59.2172 53.1393 29.0689 9.48683 31.7805 58.3095 38.1182 43.9659 46.3897 76.2758 56.0466 61.2944 73.7631 51.448 19.0263 45.1774 47.2624 60.3871 24.0 41.0422 82.4621 11.6619 46.5725 73.0367 15.2315 0.0 86.4016 65.7419 22.6274 
57.8014 34.6554 28.3019 36.0555 72.0625 83.7516 16.9706 72.3759 90.7519 46.5188 36.6742 25.0 73.0274 70.4867 65.192 56.3028 91.2688 84.8337 44.0114 54.8179 31.5753 85.8662 37.1214 81.0247 86.3175 26.0 51.0784 47.1699 45.6946 74.9667 84.0238 62.7694 49.3356 81.1542 94.4265 105.475 33.541 52.4786 42.4676 91.6788 27.5862 44.0595 33.5261 45.607 71.8401 68.9582 89.4116 57.5587 41.6173 95.8801 45.5412 33.8378 90.1128 99.5633 15.1327 98.7487 86.4016 0.0 24.5153 99.3227 
49.8565 31.1212 10.0 12.3693 48.0416 81.1284 20.8087 69.7537 68.6222 23.4307 12.1655 17.4929 49.0918 55.5236 63.0862 48.5014 83.2644 62.9682 20.8806 51.9895 7.07107 61.4003 13.1529 57.0789 62.0377 32.2025 27.4591 49.8229 22.2036 50.4876 60.075 61.1915 25.0799 57.0 72.8011 97.2058 9.05539 44.3544 28.6564 67.1863 14.5602 41.2165 9.43398 50.5377 68.9985 53.6064 86.5685 33.1361 39.989 87.4421 31.8808 23.5372 67.72 96.5006 9.48683 76.5376 65.7419 24.5153 0.0 76.1183 
53.3104 77.0616 78.4474 63.7887 29.1548 71.8401 87.0919 71.7037 13.4536 63.9634 64.7611 88.5461 27.8568 38.9487 79.6953 56.8595 46.5296 18.3576 55.4437 73.8241 69.4262 34.0 62.9682 20.5913 35.6271 90.4268 59.3226 89.676 63.3149 32.0156 18.0278 81.2712 57.6754 22.2036 14.7648 47.8539 67.4685 57.2451 58.0775 31.6228 83.498 79.6724 69.3758 94.4116 73.9355 38.9102 67.1193 52.507 79.6724 43.0813 56.4358 88.3117 11.6619 67.1193 84.5931 10.198 22.6274 99.3227 76.1183 0.0 
DEMAND_SCENARIO_SECTION
0 0 0 0 0 0 0 0 0 0 0 0 0 0 0 0 0 0 0 0 0 0 0 0 0 0 0 0 0 0 0 0 0 0 0 0 0 0 0 0 0 0 0 0 0 0 0 0 0 0 0 0 0 0 0 0 0 0 0 0 0 0 0 0 0 0 0 0 0 0 0 0 0 0 0 0 0 0 0 0 0 0 0 0 0 0 0 0 0 0 0 0 0 0 0 0 0 0 0 0 0 0 0 0 0 0 0 0 0 0 0 0 0 0 0 0 0 0 0 0 0 0 0 0 0 0 0 0 0 0 0 0 0 0 0 0 0 0 0 0 0 0 0 0 0 0 0 0 0 0 0 0 0 0 0 0 0 0 0 0 0 0 0 0 0 0 0 0 0 0 0 0 0 0 0 0 0 0 0 0 0 0 0 0 0 0 0 0 0 0 0 0 0 0 0 0 0 0 0 0 
6 5 5 5 6 6 8 8 5 4 6 7 8 6 5 5 1 8 5 6 6 5 6 7 4 5 2 5 2 6 5 4 2 6 9 7 0 4 3 5 5 6 7 4 4 6 2 2 7 5 7 6 7 6 1 6 3 6 5 8 5 6 8 8 4 3 6 4 5 7 8 5 3 7 4 5 1 7 5 6 4 6 5 4 6 7 4 2 6 5 3 4 4 3 6 6 5 4 5 9 7 5 4 2 6 7 3 7 6 6 2 5 6 3 4 6 1 4 6 3 1 2 4 4 5 6 6 7 6 6 6 9 4 7 3 1 5 1 6 6 5 8 2 1 3 4 5 4 5 5 6 8 6 5 5 7 6 5 8 3 3 6 2 4 2 4 6 6 4 2 4 7 5 8 4 2 5 6 4 4 6 4 7 6 8 3 7 4 5 5 5 3 4 7 4 2 3 4 2 7 
11 5 4 11 11 9 5 9 6 8 7 9 12 7 5 8 12 6 12 10 3 6 8 8 9 4 7 9 5 11 8 5 4 6 5 9 6 9 5 8 8 7 8 9 8 8 8 5 4 10 4 12 13 8 8 4 7 12 9 7 7 9 9 7 2 9 5 7 7 9 6 8 8 6 8 11 15 11 7 11 4 8 6 7 11 8 11 7 8 8 9 12 8 11 5 7 7 5 12 4 10 8 11 8 12 5 7 9 7 7 9 10 12 9 8 9 10 8 6 11 8 8 6 7 8 11 10 5 8 11 12 10 9 6 9 9 8 12 9 5 6 9 2 9 5 8 12 7 5 11 11 6 5 10 1 8 5 8 11 8 9 7 10 5 6 10 10 9 5 9 9 8 7 6 10 12 14 9 9 8 9 5 8 7 9 9 12 6 6 2 9 12 6 10 9 8 9 2 6 6 
1 1 1 1 1 0 2 1 1 1 1 1 1 0 2 0 1 1 1 1 1 1 1 1 1 1 1 1 2 1 1 1 1 1 1 1 1 1 1 1 1 1 1 1 1 1 1 1 1 1 1 1 1 1 1 1 1 1 1 1 1 0 1 1 1 1 2 1 1 1 1 0 1 1 1 1 1 2 1 1 1 1 1 1 1 1 1 1 1 1 1 2 1 1 1 1 0 1 1 1 1 1 1 1 2 1 1 1 1 0 1 1 1 1 0 1 1 1 1 1 1 2 1 1 1 1 1 1 1 1 1 0 1 1 2 1 1 1 0 1 1 1 1 1 1 1 0 1 1 1 1 1 1 1 1 1 2 1 0 1 1 1 1 1 1 1 2 0 1 0 1 1 0 1 1 1 1 1 1 1 1 1 1 1 1 1 1 2 0 1 1 1 2 1 1 1 0 1 1 1 
13 8 9 10 10 9 7 14 6 13 5 9 13 20 10 10 9 9 7 11 9 10 3 11 17 6 10 11 6 17 9 16 9 11 9 7 10 10 12 10 6 14 6 10 18 18 9 12 15 10 8 15 9 9 13 9 11 5 15 13 7 8 15 9 9 9 12 11 19 5 11 13 10 6 11 15 14 10 11 9 11 13 9 14 10 8 9 8 10 13 11 11 13 19 7 8 10 14 7 15 11 14 8 11 7 15 8 3 11 15 11 10 6 7 8 12 10 10 5 7 12 18 9 5 12 5 12 3 9 2 10 6 13 10 11 8 10 15 8 10 12 6 4 10 4 14 10 14 10 6 14 6 12 4 8 12 9 7 7 12 9 15 6 8 11 3 11 10 7 15 12 10 13 9 11 10 10 7 12 15 8 7 17 13 3 8 7 4 7 8 12 8 13 14 10 8 13 8 11 10 
4 2 2 4 2 3 3 5 6 4 3 5 3 7 5 3 5 4 4 3 2 5 3 5 2 3 4 5 4 3 3 5 6 4 5 4 1 3 2 3 4 4 5 7 3 6 4 5 3 4 4 5 2 3 4 4 4 4 6 4 3 4 5 5 2 6 7 5 4 2 4 3 3 6 4 3 4 3 7 3 3 7 4 0 5 4 1 3 3 4 4 5 2 5 5 2 6 6 5 2 3 4 5 6 5 5 4 6 3 5 6 7 6 4 6 4 6 3 4 4 4 4 1 3 4 3 8 3 4 6 4 5 3 3 4 4 4 4 4 3 6 6 4 6 3 3 6 2 3 3 5 6 2 5 6 3 4 2 6 4 4 3 2 5 5 5 2 4 3 2 4 4 6 3 2 2 4 4 3 3 3 6 3 4 3 3 2 4 4 6 2 6 5 2 2 5 5 2 4 2 
7 4 6 12 9 8 7 8 13 6 9 4 6 8 8 6 11 8 8 9 6 7 8 3 5 12 4 7 4 4 7 8 8 4 2 8 12 5 9 8 5 8 0 8 6 7 9 10 10 11 14 6 9 12 6 5 7 9 10 10 12 10 9 9 4 9 11 10 8 10 14 10 10 7 10 7 9 9 6 5 7 6 4 6 9 5 8 9 10 5 8 7 9 9 6 11 7 2 5 3 2 15 3 6 10 5 9 8 9 10 10 3 8 11 7 9 7 10 8 7 7 5 10 12 8 2 10 10 7 6 7 8 7 5 2 5 5 10 9 5 8 8 11 9 8 7 6 10 10 13 7 8 4 2 9 9 6 0 8 10 4 8 5 3 5 9 10 9 4 3 7 6 8 4 9 6 7 11 8 11 1 12 4 8 14 10 9 11 8 9 4 3 9 6 8 8 11 12 5 9 
1 1 2 1 1 1 1 1 1 1 1 1 1 1 1 1 1 0 1 2 1 1 1 1 1 1 1 1 1 1 1 1 1 2 0 1 1 1 1 1 1 1 1 1 1 1 1 1 1 1 0 1 1 1 1 1 1 1 1 1 1 1 1 1 1 1 1 1 2 1 1 1 1 1 1 1 1 1 1 1 1 1 1 1 0 1 1 1 1 1 2 1 1 1 1 1 1 1 1 1 1 1 1 1 0 1 1 0 1 1 1 1 1 1 1 1 1 1 1 1 0 1 1 1 1 1 1 1 1 1 1 2 1 1 1 1 1 1 1 1 2 1 1 1 1 1 1 0 1 1 1 1 1 1 1 0 1 1 1 1 1 1 1 1 1 1 1 1 1 1 1 1 1 1 1 2 1 1 1 1 1 1 0 1 2 2 0 1 2 1 2 1 0 2 1 1 1 1 1 1 
5 9 3 8 11 7 6 3 7 5 7 7 6 2 5 7 7 6 5 4 10 5 5 5 4 8 3 6 6 4 4 10 7 9 7 6 9 6 6 7 6 6 9 3 10 6 9 3 9 7 6 3 6 4 8 3 6 6 4 3 9 5 1 6 6 6 4 9 2 5 7 5 5 6 5 4 10 11 5 4 6 9 7 5 8 5 9 6 6 8 9 10 6 4 4 5 3 0 5 8 8 7 4 6 6 4 7 6 4 7 4 6 3 3 8 5 2 7 6 6 7 8 9 4 6 2 4 7 7 5 7 5 5 10 5 6 6 3 6 7 7 10 9 9 6 2 5 7 7 5 7 6 9 6 4 6 7 6 9 10 6 6 9 3 7 6 6 7 6 8 6 4 8 4 7 9 6 4 4 8 11 4 6 5 5 9 8 6 4 6 9 5 8 7 7 2 5 7 6 6 
7 4 10 7 5 9 8 10 6 9 13 9 5 5 11 3 8 3 3 5 10 6 5 8 5 7 8 5 4 9 8 11 9 5 6 9 8 9 6 6 4 6 7 7 3 7 11 8 6 3 4 8 7 7 2 1 11 6 10 11 5 7 7 6 7 10 10 5 10 5 5 8 5 12 7 7 5 9 4 7 9 3 2 9 10 6 7 5 9 9 8 7 7 8 7 9 4 9 7 6 6 2 6 3 4 10 12 7 8 8 3 4 8 9 10 7 8 4 11 12 3 7 10 6 9 7 7 8 10 5 3 6 10 7 5 8 5 7 9 7 8 7 6 12 6 9 8 7 4 7 7 8 7 6 8 9 6 5 6 8 2 9 8 3 3 2 7 12 8 5 6 5 3 8 6 6 10 7 9 6 6 5 7 10 8 7 5 7 3 7 8 7 7 4 5 9 5 6 5 8 
8 8 12 10 8 11 7 13 6 9 10 10 3 11 10 6 12 4 8 9 11 13 8 9 10 16 2 11 10 9 7 12 11 5 15 11 7 7 14 11 13 3 11 11 11 14 13 11 7 8 5 8 8 11 9 12 6 4 5 11 5 8 8 12 5 9 10 14 11 7 11 6 7 15 3 2 7 8 13 7 13 11 9 15 8 5 7 8 2 11 11 7 4 6 5 14 5 8 4 13 6 12 13 15 10 8 9 15 12 9 8 14 9 9 10 7 11 9 13 7 8 13 16 9 8 11 13 11 6 14 7 10 5 10 11 8 8 10 13 2 14 9 11 5 5 7 9 11 7 9 14 11 6 12 13 3 7 10 13 9 10 13 16 16 11 13 9 10 9 11 4 9 10 6 9 7 10 16 7 4 10 5 7 9 12 10 4 2 6 9 11 8 9 7 7 13 15 9 13 15 
2 3 4 2 4 3 3 2 4 4 4 2 5 2 3 4 4 2 4 5 3 4 3 2 2 4 3 4 3 4 2 2 4 2 4 3 3 4 5 2 3 2 4 3 4 3 2 4 3 3 3 2 3 4 4 4 2 4 1 3 2 2 2 4 3 3 3 3 3 4 3 3 2 5 2 2 4 2 3 1 4 3 2 2 3 4 3 3 4 1 4 4 3 3 3 2 2 3 4 3 1 3 2 3 2 5 5 4 4 3 3 4 4 3 2 3 2 2 5 1 2 4 3 4 2 1 2 3 2 3 3 3 4 4 3 2 4 3 4 3 0 3 2 4 4 2 3 3 3 2 2 4 4 3 2 3 3 3 4 5 2 4 3 5 4 3 4 2 3 3 4 4 3 5 2 4 4 4 4 0 4 4 5 3 3 4 3 3 3 2 2 2 4 4 4 5 3 3 2 1 
7 10 8 11 14 4 7 10 7 10 6 10 13 9 15 13 13 5 14 6 7 14 8 7 3 10 3 13 7 8 12 9 6 10 4 11 9 10 12 7 10 8 7 7 11 10 11 8 10 9 10 10 9 9 7 8 10 13 8 8 10 10 5 9 12 11 9 8 9 10 15 11 7 19 5 14 10 15 12 8 8 4 10 9 10 8 11 11 5 10 6 9 8 6 12 2 7 5 11 15 7 8 6 7 9 8 6 12 14 9 7 11 6 10 7 7 11 10 12 9 10 7 11 7 12 8 9 5 9 10 4 12 4 12 13 2 11 12 5 11 9 9 10 8 6 7 11 14 13 12 12 8 12 5 12 11 6 7 7 10 8 2 7 9 10 11 6 13 6 10 11 8 5 14 11 7 2 8 7 14 15 8 4 10 11 11 11 8 9 9 12 8 14 11 10 6 15 11 8 3 
8 4 9 6 7 8 14 8 8 11 5 7 8 5 4 6 7 5 6 9 6 9 12 6 12 1 5 7 9 6 10 9 11 11 13 10 8 12 8 10 6 3 6 7 4 9 12 10 5 7 7 5 8 2 6 7 9 11 9 6 10 9 6 10 5 9 9 9 7 7 7 5 8 10 6 9 8 8 10 8 6 10 5 4 7 3 7 9 12 3 9 6 0 7 4 10 7 6 11 6 11 7 7 11 9 5 4 11 8 5 9 9 6 7 6 12 7 10 9 9 7 9 6 11 9 8 7 8 10 5 9 9 9 7 16 7 10 3 8 5 10 7 6 6 4 8 11 10 8 12 9 14 9 12 11 9 6 2 7 9 9 10 7 7 7 4 9 12 6 8 8 9 10 3 9 11 13 3 8 7 9 7 13 11 6 9 14 4 6 11 4 8 9 12 5 8 7 8 12 5 
5 6 7 5 3 4 5 5 6 5 7 4 5 5 4 9 4 3 7 3 5 6 6 3 4 8 4 4 4 6 5 1 5 6 5 6 5 4 4 6 3 5 8 6 4 2 5 5 2 2 5 5 7 3 6 5 6 6 3 5 5 4 6 6 5 6 3 5 2 7 5 3 5 4 5 4 4 5 6 7 4 3 4 5 2 5 6 6 4 8 5 4 6 7 4 8 7 7 4 5 4 6 4 5 6 3 4 7 4 3 3 6 6 4 6 4 8 5 8 7 5 6 3 6 4 6 3 3 3 2 4 7 5 4 4 5 5 2 4 9 5 5 2 2 7 3 5 5 4 5 4 5 6 5 4 4 8 4 4 6 5 8 8 4 7 2 5 9 5 6 6 4 5 5 6 4 4 5 2 4 5 4 2 5 5 6 4 4 8 6 6 3 1 7 6 2 3 6 11 3 
5 6 1 4 5 7 6 4 3 8 5 6 6 8 5 6 7 4 4 4 5 7 4 4 5 3 6 4 5 4 6 7 7 3 3 3 3 5 6 6 4 3 4 6 4 6 3 4 6 4 5 4 4 6 6 5 4 6 6 5 7 4 6 5 7 6 6 6 4 6 7 6 5 6 5 5 5 5 5 7 6 8 3 3 7 5 6 3 5 6 5 6 5 6 6 6 3 7 5 3 5 6 2 5 1 4 5 6 2 4 8 4 4 6 5 6 7 6 7 3 2 6 6 6 6 6 5 5 7 8 7 5 3 2 5 4 9 5 3 4 4 2 5 6 5 6 6 3 5 4 4 5 4 6 5 5 5 6 7 7 4 4 2 4 7 4 5 3 3 4 5 3 8 5 7 6 3 6 5 4 5 7 3 5 3 5 5 5 5 2 6 3 3 8 6 5 2 5 5 5 
3 2 2 3 2 3 2 2 2 3 2 1 3 2 1 2 3 2 1 2 3 3 2 2 2 3 2 3 2 3 2 1 1 1 1 2 3 0 2 1 2 4 2 2 3 3 2 3 2 2 2 2 2 2 3 1 2 3 1 3 3 2 2 2 1 1 3 1 1 2 2 1 2 2 2 1 2 2 3 2 2 2 2 2 2 2 1 2 1 2 2 3 3 2 1 2 1 2 1 2 1 2 1 2 2 2 0 3 2 3 3 2 2 1 1 2 2 2 1 2 3 1 2 3 3 2 2 2 2 1 3 3 2 3 2 1 1 2 2 2 2 3 3 2 2 3 2 2 3 2 2 2 1 2 2 2 2 2 1 2 2 2 2 2 2 2 2 2 1 1 2 2 2 2 2 1 2 2 2 2 2 2 2 3 1 2 2 2 1 3 2 2 2 2 2 3 2 2 3 2 
8 4 10 8 10 4 8 8 10 8 7 9 6 6 13 11 5 10 7 8 17 13 13 9 2 10 6 7 11 12 11 10 8 13 10 9 8 8 10 6 10 6 9 13 11 14 9 9 12 12 15 7 9 18 5 4 4 8 6 12 10 6 15 8 6 10 8 11 7 7 7 10 7 7 8 3 15 9 5 15 9 7 7 6 9 11 9 11 13 7 9 7 8 4 7 6 7 10 9 8 5 5 3 10 4 2 7 9 8 10 2 11 12 10 5 10 10 10 10 9 10 5 12 9 10 12 8 7 6 13 11 13 16 6 7 11 8 5 13 16 10 12 7 13 10 6 4 7 7 8 9 12 8 6 10 9 12 11 8 9 14 15 8 7 11 7 13 9 8 16 9 8 9 9 11 0 8 10 5 10 6 6 8 5 13 8 7 8 9 6 9 5 9 5 14 9 9 8 13 7 
5 4 5 5 4 12 8 6 11 6 8 5 5 10 7 6 6 5 7 5 7 9 4 3 5 8 10 4 5 4 9 8 7 7 10 5 12 4 6 12 10 6 10 6 9 8 8 8 4 6 2 7 8 6 9 5 10 13 5 9 6 13 9 9 8 5 8 11 8 8 4 12 6 9 9 6 5 6 5 7 8 2 7 4 10 8 10 10 7 11 10 5 4 7 9 4 7 10 9 2 9 7 9 4 4 11 9 10 8 6 9 6 7 11 10 4 11 9 6 4 8 4 6 10 5 5 8 7 6 4 11 6 7 7 8 8 6 5 7 8 6 6 6 6 8 9 5 5 6 3 9 10 7 4 6 9 4 4 9 8 8 6 4 12 7 5 4 4 6 9 4 8 5 6 6 9 8 3 6 8 8 2 3 10 5 3 6 9 6 5 4 8 8 6 7 8 6 9 10 10 
4 11 2 9 6 8 9 7 8 11 12 9 9 10 6 8 6 7 6 9 5 4 5 8 8 10 8 9 7 8 9 5 6 6 5 7 3 8 4 9 7 6 4 8 6 6 7 6 4 5 9 7 6 7 8 8 2 8 4 7 7 7 7 8 5 12 7 3 8 9 7 8 7 3 11 6 4 6 6 7 4 9 8 4 3 7 4 10 8 6 9 5 11 7 10 6 6 4 5 5 8 9 8 10 9 2 7 9 9 5 12 5 4 11 10 5 7 8 5 9 8 4 6 6 9 5 7 6 10 6 6 6 6 6 7 6 9 10 7 6 3 9 8 6 9 7 5 11 8 9 4 9 6 7 9 10 8 4 6 7 8 6 6 5 9 4 6 6 9 6 7 5 5 4 8 8 12 11 5 3 6 8 5 6 7 5 9 5 6 2 3 8 5 7 9 5 3 5 8 9 
6 11 6 5 5 5 6 6 5 4 4 8 5 8 4 4 8 3 5 6 6 6 5 10 8 7 2 0 8 8 5 7 6 7 6 10 6 8 7 6 5 5 5 9 3 7 3 8 8 7 7 6 3 7 7 8 6 6 6 3 8 7 9 4 9 6 7 8 8 4 7 10 9 5 7 8 8 4 7 9 8 10 10 1 3 3 3 7 5 6 9 4 8 7 8 9 3 4 9 12 11 7 3 5 9 5 1 6 7 5 5 5 5 5 10 7 7 9 4 6 5 5 5 1 5 7 2 6 4 6 4 4 7 5 3 7 6 7 3 7 8 4 7 9 7 8 5 9 5 9 4 9 6 5 6 5 6 8 9 4 3 2 5 1 4 10 7 5 5 7 8 5 6 6 9 9 4 5 2 5 2 1 5 6 10 1 4 5 9 6 5 6 5 7 7 7 7 4 9 6 
1 1 2 1 0 1 1 1 1 0 1 1 1 1 1 1 1 1 1 1 1 1 1 1 1 1 1 1 1 1 1 1 0 1 0 1 1 1 1 1 1 1 1 1 1 1 1 1 2 1 0 1 1 1 1 1 1 1 1 1 1 1 1 1 2 1 1 1 1 1 1 1 1 1 1 2 2 1 1 1 1 1 1 1 1 1 0 1 1 0 1 1 1 1 1 1 1 1 1 0 1 1 1 1 1 1 1 1 1 0 1 1 2 1 0 0 1 1 1 1 2 1 2 1 1 0 0 1 1 1 1 1 1 1 1 1 2 1 1 1 1 1 1 1 1 1 1 2 1 1 1 0 1 1 2 0 0 1 1 1 1 1 1 2 1 1 1 1 1 1 2 1 1 1 1 1 1 1 1 1 1 1 1 1 1 1 0 0 0 2 1 1 1 1 1 1 1 1 1 1 
7 2 4 7 5 3 3 6 10 7 7 7 3 6 8 8 6 5 4 2 3 8 4 7 5 6 6 4 2 4 7 5 4 8 6 3 4 1 4 6 3 6 3 7 8 5 4 6 6 5 8 6 6 5 2 7 8 5 2 5 3 6 4 3 2 6 5 5 5 5 3 4 6 5 8 3 6 2 8 7 5 4 5 3 6 6 5 4 7 3 6 4 3 3 4 3 5 4 6 2 3 4 3 7 6 6 4 6 5 6 10 5 4 4 7 7 6 8 7 4 4 5 3 6 5 5 6 4 8 3 3 6 3 3 1 4 6 5 2 2 2 3 6 4 3 5 4 4 3 7 6 5 3 3 4 7 3 3 6 4 8 3 2 5 7 3 5 7 3 3 9 3 4 6 8 6 6 6 7 5 4 4 5 6 1 7 5 4 4 5 7 6 6 5 7 6 6 6 5 5 
