NAME  : Jabali_60_2_0.93_1_3
TYPE : SVRP
MODEL : FINITE_SUPPORT
NUMBER_OF_SCENARIOS : 200
DIMENSION : 60
EDGE_WEIGHT_TYPE : MATRIX
CAPACITY : 188
N_VEHICLES : 2
NODE_COORD_SECTION
1 4571 4034
2 7674 5497
3 5711 8400
4 7687 4702
5 6506 1420
6 3360 18
7 4792 7390
8 5289 6209
9 3230 3482
10 3775 103
11 2570 2353
12 2682 3863
13 1933 2842
14 1967 665
15 3971 1602
16 6216 5546
17 6053 4816
18 5504 7598
19 4488 4779
20 8332 2537
21 6459 6733
22 2886 1748
23 4673 1357
24 3750 5590
25 2766 6705
26 4750 7997
27 2641 7168
28 1000 5653
29 5996 4144
30 6035 6348
31 5959 8200
32 5856 4162
33 2577 2790
34 5830 6858
35 4988 4776
36 2385 3948
37 3074 4504
38 5650 6048
39 962 4431
40 1339 5143
41 3369 6397
42 4955 6178
43 252 5037
44 1920 4900
45 4591 5226
46 1154 6289
47 7913 2598
48 4635 8188
49 1677 6920
50 2069 2374
51 504 5870
52 3697 3435
53 8441 1910
54 6441 7944
55 3434 2766
56 8008 3076
57 3852 2180
58 7023 3094
59 27 6019
60 4869 1444
DEMAND_SECTION
1 0.0
2 10.0
3 4.0
4 6.0
5 8.0
6 4.0
7 6.0
8 9.0
9 8.0
10 2.0
11 1.0
12 7.0
13 6.0
14 3.0
15 6.0
16 3.0
17 9.0
18 3.0
19 8.0
20 7.0
21 8.0
22 7.0
23 7.0
24 7.0
25 10.0
26 1.0
27 8.0
28 5.0
29 2.0
30 1.0
31 5.0
32 10.0
33 5.0
34 9.0
35 2.0
36 1.0
37 8.0
38 7.0
39 8.0
40 2.0
41 8.0
42 1.0
43 2.0
44 7.0
45 10.0
46 4.0
47 5.0
48 9.0
49 8.0
50 7.0
51 3.0
52 2.0
53 8.0
54 8.0
55 10.0
56 9.0
57 5.0
58 5.0
59 9.0
60 5.0
DEVIATION_SECTION
1 0.0
2 3.33333
3 1.33333
4 2.0
5 2.66667
6 1.33333
7 2.0
8 3.0
9 2.66667
10 0.666667
11 0.333333
12 2.33333
13 2.0
14 1.0
15 2.0
16 1.0
17 3.0
18 1.0
19 2.66667
20 2.33333
21 2.66667
22 2.33333
23 2.33333
24 2.33333
25 3.33333
26 0.333333
27 2.66667
28 1.66667
29 0.666667
30 0.333333
31 1.66667
32 3.33333
33 1.66667
34 3.0
35 0.666667
36 0.333333
37 2.66667
38 2.33333
39 2.66667
40 0.666667
41 2.66667
42 0.333333
43 0.666667
44 2.33333
45 3.33333
46 1.33333
47 1.66667
48 3.0
49 2.66667
50 2.33333
51 1.0
52 0.666667
53 2.66667
54 2.66667
55 3.33333
56 3.0
57 1.66667
58 1.66667
59 3.0
60 1.66667
DISTANCE_MATRIX
0.0 47.2652 60.4649 44.2832 42.0595 54.7972 45.5272 30.6105 17.1172 52.7464 33.8378 28.4803 38.1182 56.3028 32.8465 30.4631 23.1948 49.6488 9.48683 56.3589 44.4072 36.8917 41.3808 22.1462 41.9871 53.7173 47.8256 56.9293 19.6469 37.0135 59.203 18.6815 30.5941 41.7253 11.4018 31.7979 22.8854 31.1448 52.009 49.2605 34.4848 29.1548 62.4636 40.8335 15.2315 58.8358 51.3658 55.5769 55.9763 39.0512 63.8539 34.1948 60.5412 58.6941 21.0238 51.5168 25.4951 38.1055 70.0333 37.1644 
47.2652 0.0 46.8402 10.4403 56.4004 92.9365 46.2277 33.8378 64.0703 88.7025 80.604 71.0282 85.3756 100.662 74.536 20.2485 24.0832 40.7063 44.1814 41.4367 23.7065 81.9085 65.8194 53.4509 67.8436 51.6236 70.436 90.824 29.7321 25.4558 43.4166 30.6757 77.7817 30.8058 38.0526 74.108 63.5059 28.8444 92.6609 86.4002 62.6686 37.7359 100.96 79.0759 41.9762 89.0359 39.2938 53.8516 83.3344 86.1452 97.3088 81.0286 49.4975 37.4833 67.4685 33.7343 68.352 33.0151 103.47 63.9083 
60.4649 46.8402 0.0 55.9017 93.944 115.216 18.3576 30.0167 80.6889 113.165 91.2495 73.7505 91.4432 116.223 93.2649 38.4708 48.2701 10.8167 51.4004 86.2844 24.0832 96.8363 101.799 49.0961 45.1221 14.0357 44.1814 73.1642 57.0088 27.4591 3.60555 57.28 86.0079 20.6155 49.7393 75.7016 64.3494 31.0161 82.8734 73.0821 42.4853 31.4006 85.703 69.4622 45.607 67.2681 83.0542 15.0333 57.0088 93.7065 77.4145 85.6062 94.1913 10.6301 80.752 78.2304 85.8536 72.2496 82.0975 93.6655 
44.2832 10.4403 55.9017 0.0 46.7547 85.0 52.8394 38.2884 61.4003 80.6226 76.2365 69.0558 82.0244 94.7089 68.0888 23.3452 22.4722 48.7032 43.3244 31.1448 32.0156 76.5861 57.9422 54.5894 72.295 59.0931 75.5888 92.1303 25.0 31.7648 52.6118 26.0 74.0068 38.0789 37.0 72.3671 62.6418 33.4215 92.0498 86.9951 65.0169 41.7253 101.524 79.4917 42.4853 91.2688 28.8617 61.327 86.6942 82.0975 98.8838 78.4759 39.2046 47.0956 63.1269 23.3452 62.7936 23.3452 105.19 56.0311 
42.0595 56.4004 93.944 46.7547 0.0 44.2832 84.4214 68.4433 51.9473 39.3192 54.1619 60.909 64.0967 60.6712 34.0147 55.6497 47.5157 84.6497 50.3894 28.2843 70.5046 48.3322 25.0599 63.6545 83.4954 92.6115 89.3339 93.9477 43.4663 66.6644 91.1988 44.3116 56.8721 73.6618 49.046 63.9969 64.3661 65.0379 85.0972 85.8547 75.9767 68.0075 97.1467 77.9755 55.4443 100.317 25.0 94.4711 97.457 59.9845 100.615 67.7858 27.2947 87.2207 46.1905 29.5466 41.1623 23.4307 106.525 23.3238 
54.7972 92.9365 115.216 85.0 44.2832 0.0 100.119 85.4077 49.0408 5.0 34.0147 52.469 42.5793 21.2603 23.0217 83.3898 74.1167 104.403 64.1119 72.5603 98.5171 25.0 27.8029 80.0469 90.117 108.309 95.3561 82.2982 70.8712 91.3656 113.998 69.9473 39.0128 96.4363 65.96 54.1479 60.8687 85.7416 68.2495 74.1687 87.7808 83.8642 80.2808 68.0074 69.8704 89.0225 69.0507 110.169 94.3398 36.6742 87.8237 59.6621 71.007 113.383 37.9473 73.0068 29.5296 63.3246 92.5743 29.4109 
45.5272 46.2277 18.3576 52.8394 84.4214 100.119 0.0 17.0294 65.4855 98.1666 76.0461 59.1719 73.1382 101.02 78.2667 30.6757 38.3275 10.0 36.2842 80.3617 23.4307 83.7543 86.801 36.7998 28.0179 8.24621 28.4429 56.1427 46.0109 21.095 18.9737 46.0 70.8045 15.5563 35.397 57.3966 59.6033 20.6155 64.846 55.3173 24.1661 16.4305 68.469 51.264 30.4618 51.0882 76.4003 10.0499 41.7732 78.5031 61.0082 70.4027 87.8009 23.0217 72.0518 72.4224 70.8554 63.9528 66.1891 79.7445 
30.6105 33.8378 30.0167 38.2884 68.4433 85.4077 17.0294 0.0 53.0402 83.3569 63.6007 46.2388 63.0714 86.4804 63.457 15.0 21.3776 19.2354 21.9317 63.9062 17.1172 67.0668 71.9912 23.1948 35.1169 25.02 37.7093 58.4637 29.0 10.0499 28.6007 29.0172 58.3592 11.6619 19.7231 48.4665 36.8377 5.0 63.0317 55.2268 29.8456 4.12311 69.5845 49.0102 16.4012 56.213 59.7746 27.0 50.6077 66.1668 64.6307 57.9574 71.1688 28.4253 50.9824 56.0803 56.0803 47.1386 70.6947 63.7664 
17.1172 64.0703 80.6889 61.4003 51.9473 49.0408 65.4855 53.0402 0.0 47.8539 19.8494 10.2059 21.587 44.5982 28.3129 57.8708 40.0125 69.9965 32.7661 69.3397 69.4073 26.0768 36.8471 37.4676 47.5377 73.6755 52.7767 43.2446 36.6742 61.7963 79.9352 35.6931 15.2643 64.6746 38.3318 13.2939 18.2893 55.4791 34.4024 35.1516 45.2015 49.9918 46.4436 27.2724 37.0989 48.2847 64.3506 75.5352 52.2963 23.7065 49.912 17.0828 73.2462 81.033 11.1803 64.5102 21.0 51.0989 55.8221 38.7259 
52.7464 88.7025 113.165 80.6226 39.3192 5.0 98.1666 83.3569 47.8539 0.0 34.5254 52.0384 43.6807 25.2389 20.6155 81.339 74.0825 102.352 62.0611 67.6018 96.4663 25.4951 24.0416 74.0566 89.5485 106.357 94.7876 82.8734 66.6372 89.3148 111.947 65.7132 39.2046 94.3855 63.9091 54.0093 60.3002 83.6908 69.3758 74.6726 87.2124 81.8133 81.6088 68.1175 67.8196 89.2749 64.1327 108.216 94.0479 37.9473 88.6454 59.0937 66.0076 111.332 36.6742 68.1542 27.5136 58.6941 93.6216 25.4951 
33.8378 80.604 91.2495 76.2365 54.1619 34.0147 76.0461 63.6007 19.8494 34.5254 0.0 19.6977 10.0 25.0 20.5183 64.2573 56.7539 80.557 42.1715 77.1622 77.7277 9.05539 29.1551 48.0281 56.1946 84.2361 61.4337 48.3735 51.3517 70.2562 90.4958 50.3587 5.38516 75.2351 44.7912 20.6155 28.8444 64.2722 35.1141 40.1995 53.8584 60.5523 47.5395 34.0588 47.6594 55.0091 72.4224 86.0957 60.6712 6.32456 54.1295 27.6433 79.5286 91.5935 13.1529 73.9797 17.0 61.0 59.203 31.0339 
28.4803 71.0282 73.7505 69.0558 60.909 52.469 59.1719 46.2388 10.2059 52.0384 19.6977 0.0 17.2047 44.4185 33.6367 52.2398 47.1699 63.058 27.074 79.0698 62.9365 27.8927 42.171 30.5291 37.3573 64.874 42.5964 33.1059 45.0157 55.3624 72.9968 44.1063 14.3178 57.8041 33.0 3.60555 10.0 49.0408 25.0 25.0599 35.0212 43.0557 36.7696 17.088 30.8058 38.0789 74.0945 65.2782 42.1159 21.2603 39.8246 15.1231 82.7234 74.0945 16.7722 74.349 26.9266 60.9377 45.793 44.0497 
38.1182 85.3756 91.4432 82.0244 64.0967 42.5793 73.1382 63.0714 21.587 43.6807 10.0 17.2047 0.0 29.4109 30.4795 67.9435 61.2944 79.9531 42.8388 85.6154 79.4796 18.3848 39.0899 47.4242 51.3128 78.8404 56.4358 40.0 57.0351 71.8679 89.8919 56.0357 8.544 74.686 48.4031 16.2788 27.2029 65.5515 25.7099 32.0624 48.9875 59.9508 37.9473 27.2029 47.1699 47.2652 80.7775 79.2445 54.1202 6.0 45.2769 27.1555 88.1652 90.9896 19.9249 81.9085 26.4008 68.6804 50.01 40.9687 
56.3028 100.662 116.223 94.7089 60.6712 21.2603 101.02 86.4804 44.5982 25.2389 25.0 44.4185 29.4109 0.0 29.4279 86.4523 77.8203 105.531 65.1463 88.1419 100.688 19.4165 38.1182 73.0021 80.1961 109.21 85.4283 68.593 70.9366 93.2311 115.47 70.0071 30.2324 97.7191 67.6757 44.7214 53.8238 87.2471 53.0848 61.0 77.8599 84.8986 64.0703 56.6127 70.9048 76.2955 84.0238 111.07 83.5225 23.7697 73.1095 52.6173 87.9659 114.688 35.609 87.0517 32.311 75.5381 77.0065 40.1123 
32.8465 74.536 93.2649 68.0888 34.0147 23.0217 78.2667 63.457 28.3129 20.6155 20.5183 33.6367 30.4795 29.4279 0.0 61.4391 52.166 82.4521 42.1612 59.8415 76.5664 14.3178 9.21954 54.8206 70.9856 86.4568 76.2247 66.1266 44.8113 69.4149 92.047 43.8873 23.3238 74.4856 44.0093 36.1919 41.7373 63.7909 54.5894 57.8957 68.6495 61.9135 67.1193 50.5061 47.9197 71.6623 55.4437 88.3164 75.7443 26.2488 72.4643 40.5308 60.7289 91.4325 17.2361 58.0345 7.62123 46.1736 78.0055 11.1803 
30.4631 20.2485 38.4708 23.3452 55.6497 83.3898 30.6757 15.0 57.8708 81.339 64.2573 52.2398 67.9435 86.4523 61.4391 0.0 10.2956 29.0 25.1794 49.7293 16.1245 67.1193 60.8402 33.2415 49.7976 37.855 52.4797 70.5762 19.2354 11.0454 35.9026 19.7231 60.7405 18.0278 19.6469 55.0818 44.0114 10.2956 72.6911 66.2193 42.5196 18.3848 80.7775 59.0339 22.0907 68.887 45.8912 40.025 64.1968 69.2649 77.0779 62.788 57.2713 32.6956 51.4782 41.7612 54.6443 34.0 83.2586 58.9291 
23.1948 24.0832 48.2701 22.4722 47.5157 74.1167 38.3275 21.3776 40.0125 74.0825 56.7539 47.1699 61.2944 77.8203 52.166 10.2956 0.0 38.3275 20.8806 42.9535 26.4197 58.6941 51.1995 32.45 50.8012 46.0977 56.6397 69.8355 8.94427 20.8806 45.8803 9.43398 53.7587 27.6586 14.5602 50.3587 40.2616 18.0 69.6541 64.631 43.5231 23.4094 79.1599 57.1276 20.2485 69.4046 38.6264 48.1664 65.2004 62.1691 76.6616 35.0 49.98 42.9535 43.6807 35.3553 45.6508 25.8661 83.006 49.2884 
49.6488 40.7063 10.8167 48.7032 84.6497 104.403 10.0 19.2354 69.9965 102.352 80.557 63.058 79.9531 105.531 82.4521 29.0 38.3275 0.0 40.6079 78.0897 17.0 86.0236 90.9864 38.4037 38.0132 11.3137 38.3275 66.1211 46.8722 18.0278 10.0 47.0744 75.3155 11.0454 38.9487 66.7715 53.6569 20.6155 74.4648 65.1153 33.5261 20.6155 78.4092 60.7289 34.8281 61.0737 74.5453 13.4536 51.6236 83.0141 71.007 74.9137 85.8429 13.0384 69.9393 70.0357 75.0408 63.0 76.1643 82.9588 
9.48683 44.1814 51.4004 43.3244 50.3894 64.1119 36.2842 21.9317 32.7661 62.0611 42.1715 27.074 42.8388 65.1463 42.1612 25.1794 20.8806 40.6079 0.0 60.1936 37.1214 45.7327 50.6955 13.8924 33.6997 44.4742 39.5382 50.6064 21.2603 29.5296 50.3289 20.5183 38.0851 33.4215 6.32456 30.0 19.4165 23.3238 48.7866 45.3986 26.4217 20.0 59.9275 37.4641 5.83095 50.5828 55.7853 46.3339 47.7074 45.8927 57.4586 37.6833 67.1297 50.3289 29.6484 52.8243 34.7499 43.0156 63.8207 45.7125 
56.3589 41.4367 86.2844 31.1448 28.2843 72.5603 80.3617 63.9062 69.3397 67.6018 77.1622 79.0698 85.6154 88.1419 59.8415 49.7293 42.9535 78.0897 60.1936 0.0 62.2013 73.8373 50.636 73.4328 92.5256 87.5557 98.3642 112.739 38.9947 60.208 83.1505 39.8399 77.0779 67.082 54.3505 82.1578 78.6951 59.7746 103.388 105.07 85.2476 66.3099 115.429 96.6433 61.4797 110.312 5.0 89.7385 106.925 83.4865 119.664 86.068 8.06226 78.0 65.7951 8.06226 60.5084 19.105 125.843 48.6621 
44.4072 23.7065 24.0832 32.0156 70.5046 98.5171 23.4307 17.1172 69.4073 96.4663 77.7277 62.9365 79.4796 100.688 76.5664 16.1245 26.4197 17.0 37.1214 62.2013 0.0 81.2712 76.5169 40.3113 48.0833 28.0179 50.1597 74.8602 35.3553 7.61577 21.0 35.8469 74.7263 8.06226 33.0151 65.2534 53.6246 13.9284 80.0999 72.0625 46.3479 21.0238 86.2844 66.0681 32.311 71.3092 59.0085 30.2324 63.3246 82.5339 80.604 74.3246 70.1142 16.7631 65.2046 54.1479 69.527 48.6621 86.3481 74.6058 
36.8917 81.9085 96.8363 76.5861 48.3322 25.0 83.7543 67.0668 26.0768 25.4951 9.05539 27.8927 18.3848 19.4165 14.3178 67.1193 58.6941 86.0236 45.7327 73.8373 81.2712 0.0 23.4094 55.7364 64.7985 91.9443 70.0376 57.4282 52.2015 73.8173 95.6309 51.2445 14.0357 78.3054 48.2597 29.2746 36.5581 67.8335 43.9659 49.2544 63.4703 65.4849 56.3028 43.0116 51.4912 64.0312 69.3677 93.804 69.4622 13.0384 63.1506 35.3516 74.9466 95.274 16.2788 71.4493 14.0357 59.0339 68.1542 25.2982 
41.3808 65.8194 101.799 57.9422 25.0599 27.8029 86.801 71.9912 36.8471 24.0416 29.1551 42.171 39.0899 38.1182 9.21954 60.8402 51.1995 90.9864 50.6955 50.636 76.5169 23.4094 0.0 63.3548 79.5199 94.991 84.759 74.6609 43.7541 77.9492 100.581 42.8302 31.8654 83.0199 52.5435 44.7262 50.2716 72.3252 63.1249 66.43 77.1838 70.4477 75.6548 59.0404 56.454 80.1965 46.2709 96.8507 84.2785 34.9778 80.9985 49.065 51.5461 99.9667 25.7703 49.0 16.1555 37.4833 86.5397 2.0 
22.1462 53.4509 49.0961 54.5894 63.6545 80.0469 36.7998 23.1948 37.4676 74.0566 48.0281 30.5291 47.4242 73.0021 54.8206 33.2415 32.45 38.4037 13.8924 73.4328 40.3113 55.7364 63.3548 0.0 19.9271 42.502 25.7657 37.5766 34.7131 33.0606 48.3424 34.0588 42.7866 34.2053 19.105 28.8671 21.128 27.0 40.0125 32.9848 12.6491 19.4165 47.5395 26.0768 12.2066 37.0135 69.0246 42.9084 33.8378 50.4852 44.2945 42.3848 80.3689 49.6801 44.0339 66.0635 47.4092 56.2548 50.6063 65.2336 
41.9871 67.8436 45.1221 72.295 83.4954 90.117 28.0179 35.1169 47.5377 89.5485 56.1946 37.3573 51.3128 80.1961 70.9856 49.7976 50.8012 38.0132 33.6997 92.5256 48.0833 64.7985 79.5199 19.9271 0.0 31.3209 6.0 28.1603 54.0408 42.6848 46.5296 53.4519 50.863 40.2616 38.4582 35.5821 37.7888 39.609 38.4708 28.2312 10.8167 34.1775 40.6079 26.2488 31.0558 23.3452 88.1174 31.0161 15.8114 56.4799 33.0606 52.4549 99.4617 51.0392 54.104 85.0928 64.2584 75.3476 38.4708 81.3987 
53.7173 51.6236 14.0357 59.0931 92.6115 108.309 8.24621 25.02 73.6755 106.357 84.2361 64.874 78.8404 109.21 86.4568 37.855 46.0977 11.3137 44.4742 87.5557 28.0179 91.9443 94.991 42.502 31.3209 0.0 30.1496 59.2284 54.0093 27.5136 16.1245 54.037 78.9945 21.0238 43.587 63.0988 65.3055 28.1603 69.4622 59.4643 30.0 24.6205 71.8053 56.356 38.6519 53.2353 83.7437 2.23607 43.0 83.9967 63.3877 78.5928 95.1262 22.1359 80.2419 79.555 79.0454 71.531 68.0661 87.9345 
47.8256 70.436 44.1814 75.5888 89.3339 95.3561 28.4429 37.7093 52.7767 94.7876 61.4337 42.5964 56.4358 85.4283 76.2247 52.4797 56.6397 38.3275 39.5382 98.3642 50.1597 70.0376 84.759 25.7657 6.0 30.1496 0.0 29.4109 59.8793 45.2769 46.0109 59.2904 56.102 42.1545 44.2967 40.8211 43.0279 42.2014 41.6173 31.0644 16.1555 36.7699 42.0595 30.4795 36.8943 23.0868 93.9559 29.4279 13.3417 61.7171 33.2415 57.694 105.3 51.1566 59.3431 90.9313 69.4975 81.1861 38.0 86.6378 
56.9293 90.824 73.1642 92.1303 93.9477 82.2982 56.1427 58.4637 43.2446 82.8734 48.3735 33.1059 40.0 68.593 66.1266 70.5762 69.8355 66.1211 50.6064 112.739 74.8602 57.4282 74.6609 37.5766 28.1603 59.2284 29.4109 0.0 71.5441 68.4547 74.6726 70.8637 43.7379 67.3647 55.9977 30.0832 34.185 63.0635 16.1555 8.24621 34.5254 54.3415 12.6491 16.1245 49.6488 8.60233 107.746 58.6941 19.2094 46.0 7.07107 48.1618 116.921 79.1581 49.7695 102.976 59.808 94.4856 13.4536 76.5396 
19.6469 29.7321 57.0088 25.0 43.4663 70.8712 46.0109 29.0 36.6742 66.6372 51.3517 45.0157 57.0351 70.9366 44.8113 19.2354 8.94427 46.8722 21.2603 38.9947 35.3553 52.2015 43.7541 34.7131 54.0408 54.0093 59.8793 71.5441 0.0 29.7321 54.7083 1.0 49.0102 36.4005 15.6205 48.3334 39.3573 26.3059 68.542 65.7839 46.7627 30.2655 78.9869 57.3568 23.0217 71.5206 34.5864 56.0 68.4105 57.1402 78.3964 53.7551 45.9308 51.8941 38.2099 31.6253 38.6264 21.8167 84.7584 41.843 
37.0135 25.4558 27.4591 31.7648 66.6644 91.3656 21.095 10.0499 61.7963 89.3148 70.2562 55.3624 71.8679 93.2311 69.4149 11.0454 20.8806 18.0278 29.5296 60.208 7.61577 73.8173 77.9492 33.0606 42.6848 27.5136 45.2769 68.4547 29.7321 0.0 25.0 30.0832 67.1153 7.0 25.6125 57.7235 46.1029 6.32456 73.0068 65.2763 39.8365 14.1421 79.6304 59.0 24.6982 65.8155 56.5685 29.7321 58.1756 74.9229 74.6216 66.7136 67.897 22.4722 57.7331 52.1728 62.2896 45.0111 80.8327 67.8894 
59.203 43.4166 3.60555 52.6118 91.1988 113.998 18.9737 28.6007 79.9352 111.947 90.4958 72.9968 89.8919 115.47 92.047 35.9026 45.8803 10.0 50.3289 83.1505 21.0 95.6309 100.581 48.3424 46.5296 16.1245 46.0109 74.6726 54.7083 25.0 0.0 55.0273 85.2542 18.3848 48.2597 76.3221 63.5957 29.0689 83.8153 74.2159 43.0813 30.4138 87.1321 70.2282 44.5982 69.0652 80.0062 17.4642 59.0339 92.9528 79.1581 84.8525 91.0879 7.07107 79.5466 75.1066 84.6481 69.4622 84.006 91.9295 
18.6815 30.6757 57.28 26.0 44.3116 69.9473 46.0 29.0172 35.6931 65.7132 50.3587 44.1063 56.0357 70.0071 43.8873 19.7231 9.43398 47.0744 20.5183 39.8399 35.8469 51.2445 42.8302 34.0588 53.4519 54.037 59.2904 70.8637 1.0 30.0832 55.0273 0.0 48.0104 36.6879 15.0 47.4239 38.4708 26.4764 67.635 64.8833 46.1739 30.1496 78.0864 56.4563 22.4722 70.8402 35.4316 56.0089 67.8012 56.1427 77.716 52.7732 46.776 52.3259 37.2156 32.4706 37.6962 22.6619 84.078 40.9191 
30.5941 77.7817 86.0079 74.0068 56.8721 39.0128 70.8045 58.3592 15.2643 39.2046 5.38516 14.3178 8.544 30.2324 23.3238 60.7405 53.7587 75.3155 38.0851 77.0779 74.7263 14.0357 31.8654 42.7866 50.863 78.9945 56.102 43.7379 49.0102 67.1153 85.2542 48.0104 0.0 69.9936 41.2243 15.2971 23.6008 60.7981 31.305 35.5106 48.5268 55.3108 43.8292 29.0 42.4179 50.0899 72.2357 80.2991 55.4437 8.544 49.7293 22.4018 79.6686 86.352 11.4018 73.3757 18.3848 60.1664 55.0273 33.7441 
41.7253 30.8058 20.6155 38.0789 73.6618 96.4363 15.5563 11.6619 64.6746 94.3855 75.2351 57.8041 74.686 97.7191 74.4856 18.0278 27.6586 11.0454 33.4215 67.082 8.06226 78.3054 83.0199 34.2053 40.2616 21.0238 42.1545 67.3647 36.4005 7.0 18.3848 36.6879 69.9936 0.0 30.4795 60.0317 48.4029 10.8167 73.437 65.0077 33.0151 14.8661 79.0569 59.4138 28.0179 63.561 63.5059 23.2594 55.3624 77.8012 72.9932 69.5918 74.8131 16.9706 62.2211 59.0339 67.2086 52.0096 78.6448 73.7083 
11.4018 38.0526 49.7393 37.0 49.046 65.96 35.397 19.7231 38.3318 63.9091 44.7912 33.0 48.4031 67.6757 44.0093 19.6469 14.5602 38.9487 6.32456 54.3505 33.0151 48.2597 52.5435 19.105 38.4582 43.587 44.2967 55.9977 15.6205 25.6125 48.2597 15.0 41.2243 30.4795 0.0 36.0555 25.7099 19.799 55.0959 50.7899 31.1801 18.9737 65.3188 43.2865 7.61577 55.9732 49.9422 45.4466 52.8015 49.7487 62.85 43.249 61.2866 47.4236 32.249 46.9812 36.7696 37.1725 69.212 44.3691 
31.7979 74.108 75.7016 72.3671 63.9969 54.1479 57.3966 48.4665 13.2939 54.0093 20.6155 3.60555 16.2788 44.7214 36.1919 55.0818 50.3587 66.7715 30.0 82.1578 65.2534 29.2746 44.7262 28.8671 35.5821 63.0988 40.8211 30.0832 48.3334 57.7235 76.3221 47.4239 15.2971 60.0317 36.0555 0.0 11.7047 51.4198 21.4009 21.9317 33.2459 45.2834 33.2415 14.3178 33.3766 35.5106 77.1825 63.5029 40.1995 21.095 36.6742 18.2111 85.8114 78.3848 19.6977 77.437 29.7321 64.0257 42.5441 46.605 
22.8854 63.5059 64.3494 62.6418 64.3661 60.8687 59.6033 36.8377 18.2893 60.3002 28.8444 10.0 27.2029 53.8238 41.7373 44.0114 40.2616 53.6569 19.4165 78.6951 53.6246 36.5581 50.2716 21.128 37.7888 65.3055 43.0279 34.185 39.3573 46.1029 63.5957 38.4708 23.6008 48.4029 25.7099 11.7047 0.0 39.8124 29.4109 26.5162 35.4526 33.6546 39.7193 18.0892 22.0227 38.6073 73.702 65.7096 42.5474 31.1127 41.1096 23.2066 82.8774 64.6934 24.8557 70.9285 35.0101 60.4417 47.2889 52.1504 
31.1448 28.8444 31.0161 33.4215 65.0379 85.7416 20.6155 5.0 55.4791 83.6908 64.2722 49.0408 65.5515 87.2471 63.7909 10.2956 18.0 20.6155 23.3238 59.7746 13.9284 67.8335 72.3252 27.0 39.609 28.1603 42.2014 63.0635 26.3059 6.32456 29.0689 26.4764 60.7981 10.8167 19.799 51.4198 39.8124 0.0 67.0075 59.5399 34.4832 8.94427 73.9797 53.0377 18.3848 60.8506 55.7853 30.2655 55.0998 68.6057 69.2683 60.3964 67.1863 27.6586 51.7491 51.8652 56.5685 43.3883 75.3323 62.9031 
52.009 92.6609 82.8734 92.0498 85.0972 68.2495 64.846 63.0317 34.4024 69.3758 35.1141 25.0 25.7099 53.0848 54.5894 72.6911 69.6541 74.4648 48.7866 103.388 80.0999 43.9659 63.1249 40.0125 38.4708 69.4622 41.6173 16.1555 68.542 73.0068 83.8153 67.635 31.305 73.437 55.0959 21.4009 29.4109 67.0075 0.0 10.6301 41.0 59.0762 12.53 14.0357 50.6967 24.5967 98.3945 69.3542 34.2053 31.5753 20.025 39.3196 106.92 87.3212 39.8246 98.5455 49.0918 85.1342 24.3311 65.0037 
49.2605 86.4002 73.0821 86.9951 85.8547 74.1687 55.3173 55.2268 35.1516 74.6726 40.1995 25.0599 32.0624 61.0 57.8957 66.2193 64.631 65.1153 45.3986 105.07 72.0625 49.2544 66.43 32.9848 28.2312 59.4643 31.0644 8.24621 65.7839 65.2763 74.2159 64.8833 35.5106 65.0077 50.7899 21.9317 26.5162 59.5399 10.6301 0.0 32.0624 51.1566 14.5602 8.48528 44.5982 15.2971 100.077 59.2368 23.8537 38.0526 14.7648 40.0689 109.253 78.0897 41.6293 97.3191 51.6236 86.8168 20.8087 68.3088 
34.4848 62.6686 42.4853 65.0169 75.9767 87.7808 24.1661 29.8456 45.2015 87.2124 53.8584 35.0212 48.9875 77.8599 68.6495 42.5196 43.5231 33.5261 26.4217 85.2476 46.3479 63.4703 77.1838 12.6491 10.8167 30.0 16.1555 34.5254 46.7627 39.8365 43.0813 46.1739 48.5268 33.0151 31.1801 33.2459 35.4526 34.4832 41.0 32.0624 0.0 25.7233 46.0435 27.2029 23.7778 31.7805 80.8393 30.4795 26.1725 54.1438 40.5216 50.1187 92.1837 46.3249 51.7678 77.8148 61.9222 68.0696 46.4866 79.0625 
29.1548 37.7359 31.4006 41.7253 68.0075 83.8642 16.4305 4.12311 49.9918 81.8133 60.5523 43.0557 59.9508 84.8986 61.9135 18.3848 23.4094 20.6155 20.0 66.3099 21.0238 65.4849 70.4477 19.4165 34.1775 24.6205 36.7699 54.3415 30.2655 14.1421 30.4138 30.1496 55.3108 14.8661 18.9737 45.2834 33.6546 8.94427 59.0762 51.1566 25.7233 0.0 65.4905 45.0444 14.2127 52.0907 62.0322 26.4802 49.6683 63.1184 60.5084 54.909 73.3894 31.0644 49.4006 58.6003 54.5022 49.2753 66.5724 63.3306 
62.4636 100.96 85.703 101.524 97.1467 80.2808 68.469 69.5845 46.4436 81.6088 47.5395 36.7696 37.9473 64.0703 67.1193 80.7775 79.1599 78.4092 59.9275 115.429 86.2844 56.3028 75.6548 47.5395 40.6079 71.8053 42.0595 12.6491 78.9869 79.6304 87.1321 78.0864 43.8292 79.0569 65.3188 33.2415 39.7193 73.9797 12.53 14.5602 46.0435 65.4905 0.0 22.3607 59.1354 20.2485 110.436 71.3092 31.3847 43.6807 11.4018 51.3609 118.961 91.444 52.2015 110.587 61.5873 97.1754 13.1529 77.5336 
40.8335 79.0759 69.4622 79.4917 77.9755 68.0074 51.264 49.0102 27.2724 68.1175 34.0588 17.088 27.2029 56.6127 50.5061 59.0339 57.1276 60.7289 37.4641 96.6433 66.0681 43.0116 59.0404 26.0768 26.2488 56.356 30.4795 16.1245 57.3568 59.0 70.2282 56.4563 29.0 59.4138 43.2865 14.3178 18.0892 53.0377 14.0357 8.48528 27.2029 45.0444 22.3607 0.0 37.113 21.2132 91.6501 56.4358 26.9258 32.9848 23.0217 32.1896 100.825 73.5189 33.8378 88.8921 43.9659 78.3898 29.2062 60.9192 
15.2315 41.9762 45.607 42.4853 55.4443 69.8704 30.4618 16.4012 37.0989 67.8196 47.6594 30.8058 47.1699 70.9048 47.9197 22.0907 20.2485 34.8281 5.83095 61.4797 32.311 51.4912 56.454 12.2066 31.0558 38.6519 36.8943 49.6488 23.0217 24.6982 44.5982 22.4722 42.4179 28.0179 7.61577 33.3766 22.0227 18.3848 50.6967 44.5982 23.7778 14.2127 59.1354 37.113 0.0 49.2037 57.0714 40.5115 45.4533 50.2255 56.4358 42.0161 68.4158 44.8219 35.4069 54.1103 40.5084 44.3017 62.7694 50.7674 
58.8358 89.0359 67.2681 91.2688 100.317 89.0225 51.0882 56.213 48.2847 89.2749 55.0091 38.0789 47.2652 76.2955 71.6623 68.887 69.4046 61.0737 50.5828 110.312 71.3092 64.0312 80.1965 37.0135 23.3452 53.2353 23.0868 8.60233 71.5206 65.8155 69.0652 70.8402 50.0899 63.561 55.9732 35.5106 38.6073 60.8506 24.5967 15.2971 31.7805 52.0907 20.2485 21.2132 49.2037 0.0 105.904 52.469 11.1803 53.2353 10.198 53.2019 118.828 74.027 54.851 102.943 65.0054 93.134 15.1327 82.0753 
51.3658 39.2938 83.0542 28.8617 25.0 69.0507 76.4003 59.7746 64.3506 64.1327 72.4224 74.0945 80.7775 84.0238 55.4437 45.8912 38.6264 74.5453 55.7853 5.0 59.0085 69.3677 46.2709 69.0246 88.1174 83.7437 93.9559 107.746 34.5864 56.5685 80.0062 35.4316 72.2357 63.5059 49.9422 77.1825 73.702 55.7853 98.3945 100.077 80.8393 62.0322 110.436 91.6501 57.0714 105.904 0.0 85.9069 102.517 78.7464 114.671 81.0749 11.4018 75.1066 60.9262 5.83095 55.8026 14.2127 120.85 44.2832 
55.5769 53.8516 15.0333 61.327 94.4711 110.169 10.0499 27.0 75.5352 108.216 86.0957 65.2782 79.2445 111.07 88.3164 40.025 48.1664 13.4536 46.3339 89.7385 30.2324 93.804 96.8507 42.9084 31.0161 2.23607 29.4279 58.6941 56.0 29.7321 17.4642 56.0089 80.2991 23.2594 45.4466 63.5029 65.7096 30.2655 69.3542 59.2368 30.4795 26.4802 71.3092 56.4358 40.5115 52.469 85.9069 0.0 42.0476 84.4008 62.6498 80.4524 97.2934 23.7697 82.1015 81.7435 80.9051 73.6498 67.1863 89.7942 
55.9763 83.3344 57.0088 86.6942 97.457 94.3398 41.7732 50.6077 52.2963 94.0479 60.6712 42.1159 54.1202 83.5225 75.7443 64.1968 65.2004 51.6236 47.7074 106.925 63.3246 69.4622 84.2785 33.8378 15.8114 43.0 13.3417 19.2094 68.4105 58.1756 59.0339 67.8012 55.4437 55.3624 52.8015 40.1995 42.5474 55.0998 34.2053 23.8537 26.1725 49.6683 31.3847 26.9258 45.4533 11.1803 102.517 42.0476 0.0 59.9083 21.1896 57.2135 113.861 64.3817 58.8626 99.5555 69.017 89.7468 25.1794 86.1573 
39.0512 86.1452 93.7065 82.0975 59.9845 36.6742 78.5031 66.1668 23.7065 37.9473 6.32456 21.2603 6.0 23.7697 26.2488 69.2649 62.1691 83.0141 45.8927 83.4865 82.5339 13.0384 34.9778 50.4852 56.4799 83.9967 61.7171 46.0 57.1402 74.9229 92.9528 56.1427 8.544 77.8012 49.7487 21.095 31.1127 68.6057 31.5753 38.0526 54.1438 63.1184 43.6807 32.9848 50.2255 53.2353 78.7464 84.4008 59.9083 0.0 51.2445 30.2094 85.8525 94.1596 19.0 80.2808 23.2594 67.2681 55.9017 36.8565 
63.8539 97.3088 77.4145 98.8838 100.615 87.8237 61.0082 64.6307 49.912 88.6454 54.1295 39.8246 45.2769 73.1095 72.4643 77.0779 76.6616 71.007 57.4586 119.664 80.604 63.1506 80.9985 44.2945 33.0606 63.3877 33.2415 7.07107 78.3964 74.6216 79.1581 77.716 49.7293 72.9932 62.85 36.6742 41.1096 69.2683 20.025 14.7648 40.5216 60.5084 11.4018 23.0217 56.4358 10.198 114.671 62.6498 21.1896 51.2445 0.0 54.8292 123.846 84.0 56.3649 109.828 66.3099 101.41 6.40312 82.8773 
34.1948 81.0286 85.6062 78.4759 67.7858 59.6621 70.4027 57.9574 17.0828 59.0937 27.6433 15.1231 27.1555 52.6173 40.5308 62.788 35.0 74.9137 37.6833 86.068 74.3246 35.3516 49.065 42.3848 52.4549 78.5928 57.694 48.1618 53.7551 66.7136 84.8525 52.7732 22.4018 69.5918 43.249 18.2111 23.2066 60.3964 39.3196 40.0689 50.1187 54.909 51.3609 32.1896 42.0161 53.2019 81.0749 80.4524 57.2135 30.2094 54.8292 0.0 89.6003 85.9502 23.6491 81.2259 33.8035 67.8146 60.7393 50.9438 
60.5412 49.4975 94.1913 39.2046 27.2947 71.007 87.8009 71.1688 73.2462 66.0076 79.5286 82.7234 88.1652 87.9659 60.7289 57.2713 49.98 85.8429 67.1297 8.06226 70.1142 74.9466 51.5461 80.3689 99.4617 95.1262 105.3 116.921 45.9308 67.897 91.0879 46.776 79.6686 74.8131 61.2866 85.8114 82.8774 67.1863 106.92 109.253 92.1837 73.3894 118.961 100.825 68.4158 118.828 11.4018 97.2934 113.861 85.8525 123.846 89.6003 0.0 86.0058 68.6003 16.0 62.8723 25.0599 130.025 49.6488 
58.6941 37.4833 10.6301 47.0956 87.2207 113.383 23.0217 28.4253 81.033 111.332 91.5935 74.0945 90.9896 114.688 91.4325 32.6956 42.9535 13.0384 50.3289 78.0 16.7631 95.274 99.9667 49.6801 51.0392 22.1359 51.1566 79.1581 51.8941 22.4722 7.07107 52.3259 86.352 16.9706 47.4236 78.3848 64.6934 27.6586 87.3212 78.0897 46.3249 31.0644 91.444 73.5189 44.8219 74.027 75.1066 23.7697 64.3817 94.1596 84.0 85.9502 86.0058 0.0 79.1897 70.0071 84.1724 65.307 89.0898 90.325 
21.0238 67.4685 80.752 63.1269 46.1905 37.9473 72.0518 50.9824 11.1803 36.6742 13.1529 16.7722 19.9249 35.609 17.2361 51.4782 43.6807 69.9393 29.6484 65.7951 65.2046 16.2788 25.7703 44.0339 54.104 80.2419 59.3431 49.7695 38.2099 57.7331 79.5466 37.2156 11.4018 62.2211 32.249 19.6977 24.8557 51.7491 39.8246 41.6293 51.7678 49.4006 52.2015 33.8378 35.4069 54.851 60.9262 82.1015 58.8626 19.0 56.3649 23.6491 68.6003 79.1897 0.0 61.9839 10.198 48.7647 62.1772 27.6491 
51.5168 33.7343 78.2304 23.3452 29.5466 73.0068 72.4224 56.0803 64.5102 68.1542 73.9797 74.349 81.9085 87.0517 58.0345 41.7612 35.3553 70.0357 52.8243 8.06226 54.1479 71.4493 49.0 66.0635 85.0928 79.555 90.9313 102.976 31.6253 52.1728 75.1066 32.4706 73.3757 59.0339 46.9812 77.437 70.9285 51.8652 98.5455 97.3191 77.8148 58.6003 110.587 88.8921 54.1103 102.943 5.83095 81.7435 99.5555 80.2808 109.828 81.2259 16.0 70.0071 61.9839 0.0 57.7062 13.4164 116.19 47.0 
25.4951 68.352 85.8536 62.7936 41.1623 29.5296 70.8554 56.0803 21.0 27.5136 17.0 26.9266 26.4008 32.311 7.62123 54.6443 45.6508 75.0408 34.7499 60.5084 69.527 14.0357 16.1555 47.4092 64.2584 79.0454 69.4975 59.808 38.6264 62.2896 84.6481 37.6962 18.3848 67.2086 36.7696 29.7321 35.0101 56.5685 49.0918 51.6236 61.9222 54.5022 61.5873 43.9659 40.5084 65.0054 55.8026 80.9051 69.017 23.2594 66.3099 33.8035 62.8723 84.1724 10.198 57.7062 0.0 45.0999 72.0139 18.0343 
38.1055 33.0151 72.2496 23.3452 23.4307 63.3246 63.9528 47.1386 51.0989 58.6941 61.0 60.9377 68.6804 75.5381 46.1736 34.0 25.8661 63.0 43.0156 19.105 48.6621 59.0339 37.4833 56.2548 75.3476 71.531 81.1861 94.4856 21.8167 45.0111 69.4622 22.6619 60.1664 52.0096 37.1725 64.0257 60.4417 43.3883 85.1342 86.8168 68.0696 49.2753 97.1754 78.3898 44.3017 93.134 14.2127 73.6498 89.7468 67.2681 101.41 67.8146 25.0599 65.307 48.7647 13.4164 45.0999 0.0 107.59 35.5106 
70.0333 103.47 82.0975 105.19 106.525 92.5743 66.1891 70.6947 55.8221 93.6216 59.203 45.793 50.01 77.0065 78.0055 83.2586 83.006 76.1643 63.8207 125.843 86.3481 68.1542 86.5397 50.6063 38.4708 68.0661 38.0 13.4536 84.7584 80.8327 84.006 84.078 55.0273 78.6448 69.212 42.5441 47.2889 75.3323 24.3311 20.8087 46.4866 66.5724 13.1529 29.2062 62.7694 15.1327 120.85 67.1863 25.1794 55.9017 6.40312 60.7393 130.025 89.0898 62.1772 116.19 72.0139 107.59 0.0 88.4185 
37.1644 63.9083 93.6655 56.0311 23.3238 29.4109 79.7445 63.7664 38.7259 25.4951 31.0339 44.0497 40.9687 40.1123 11.1803 58.9291 49.2884 82.9588 45.7125 48.6621 74.6058 25.2982 2.0 65.2336 81.3987 87.9345 86.6378 76.5396 41.843 67.8894 91.9295 40.9191 33.7441 73.7083 44.3691 46.605 52.1504 62.9031 65.0037 68.3088 79.0625 63.3306 77.5336 60.9192 50.7674 82.0753 44.2832 89.7942 86.1573 36.8565 82.8773 50.9438 49.6488 90.325 27.6491 47.0 18.0343 35.5106 88.4185 0.0 
DEMAND_SCENARIO_SECTION
0 0 0 0 0 0 0 0 0 0 0 0 0 0 0 0 0 0 0 0 0 0 0 0 0 0 0 0 0 0 0 0 0 0 0 0 0 0 0 0 0 0 0 0 0 0 0 0 0 0 0 0 0 0 0 0 0 0 0 0 0 0 0 0 0 0 0 0 0 0 0 0 0 0 0 0 0 0 0 0 0 0 0 0 0 0 0 0 0 0 0 0 0 0 0 0 0 0 0 0 0 0 0 0 0 0 0 0 0 0 0 0 0 0 0 0 0 0 0 0 0 0 0 0 0 0 0 0 0 0 0 0 0 0 0 0 0 0 0 0 0 0 0 0 0 0 0 0 0 0 0 0 0 0 0 0 0 0 0 0 0 0 0 0 0 0 0 0 0 0 0 0 0 0 0 0 0 0 0 0 0 0 0 0 0 0 0 0 0 0 0 0 0 0 0 0 0 0 0 0 
4 15 12 15 10 7 7 10 16 8 7 15 15 13 12 7 4 9 6 7 10 14 15 14 11 7 5 11 5 7 9 14 15 10 7 13 11 11 15 12 8 14 7 10 13 12 11 14 10 9 13 12 11 9 14 13 9 13 13 12 14 12 10 13 6 8 6 16 17 5 11 12 12 7 11 7 13 6 13 11 14 13 13 8 11 11 12 8 6 9 7 12 11 8 6 17 12 10 15 7 14 11 9 8 11 9 13 10 12 9 11 13 7 10 13 12 11 13 7 11 6 7 10 8 11 9 12 2 11 6 8 9 9 12 9 16 10 7 11 10 7 13 8 6 12 13 12 9 13 16 14 8 12 12 7 10 6 6 12 4 7 11 10 17 10 12 8 1 10 3 16 6 15 11 7 9 12 11 3 11 7 6 12 13 14 9 6 8 5 13 3 9 12 11 12 11 8 12 8 10 
4 3 4 4 3 5 5 3 6 6 3 4 4 4 2 4 4 2 3 5 5 5 3 5 4 4 7 3 2 1 5 5 4 4 3 6 3 2 4 4 3 5 3 5 1 3 4 2 3 2 4 3 6 5 4 3 4 5 3 4 6 4 4 2 4 2 4 4 4 4 4 5 3 3 6 3 3 4 4 4 4 3 4 3 5 3 8 4 5 4 3 2 5 3 4 5 4 4 5 6 4 4 5 4 4 3 3 4 4 3 5 6 6 3 4 4 6 3 3 3 4 2 4 4 3 5 2 1 5 4 4 3 5 4 2 7 4 4 4 1 3 3 5 0 4 1 4 4 4 3 6 2 3 4 0 6 5 5 2 3 4 6 4 4 4 5 3 4 4 5 6 4 4 5 3 1 4 3 6 6 4 4 3 5 6 4 4 6 4 5 6 4 4 5 4 5 3 3 3 4 
6 4 7 7 4 5 6 10 4 5 7 11 4 6 7 6 9 6 6 6 5 4 6 2 6 6 7 5 2 8 4 10 8 9 5 4 7 5 8 8 10 3 3 4 3 7 7 4 5 6 8 8 6 9 7 4 7 6 2 6 3 7 10 5 5 5 5 6 6 7 4 6 7 6 5 4 6 5 7 8 8 5 5 2 6 4 7 6 6 3 6 5 10 6 3 4 7 2 6 4 4 5 7 8 8 11 7 9 7 5 7 10 5 7 5 4 7 8 2 6 2 4 8 8 5 8 11 3 2 9 4 7 7 5 4 8 9 6 8 4 10 4 5 6 3 3 8 9 3 4 8 5 6 6 6 9 7 6 5 4 8 2 8 10 7 4 2 7 3 5 8 7 3 4 6 6 8 4 5 7 5 5 7 6 7 7 8 7 6 6 3 6 5 4 9 7 6 7 7 8 
12 13 8 11 12 13 14 7 7 6 2 4 11 12 7 8 9 10 9 9 8 7 6 9 7 6 9 8 7 8 9 13 4 7 6 13 10 9 9 9 7 11 9 5 4 13 8 8 3 6 7 6 6 8 5 6 7 11 10 12 9 10 7 11 12 3 3 7 10 9 9 4 9 7 6 8 11 14 11 6 9 8 3 10 8 8 7 5 8 8 5 2 8 11 6 11 10 10 8 7 9 7 11 12 9 11 10 7 8 6 8 5 8 8 10 9 6 8 6 7 6 12 11 8 10 8 12 6 8 8 9 8 5 13 3 7 8 6 7 8 11 10 9 5 12 10 10 7 5 8 4 9 11 8 7 3 11 7 5 9 11 6 9 12 13 13 8 7 6 8 10 8 10 9 8 6 5 6 3 8 8 11 8 9 8 6 8 9 5 8 9 8 6 6 8 8 6 6 13 7 
4 3 4 5 3 4 4 4 4 2 5 3 4 3 4 3 4 5 6 4 6 5 5 4 2 4 3 4 5 5 5 3 2 7 4 3 5 5 4 4 2 5 4 3 2 4 5 5 4 5 4 4 4 4 6 6 3 6 3 4 4 7 5 6 5 4 4 5 5 3 4 3 4 5 6 4 1 1 3 5 4 2 2 5 5 1 6 3 5 5 4 4 3 5 3 4 3 5 4 6 3 5 3 3 4 6 5 4 3 4 6 3 2 0 5 4 3 5 2 4 3 3 3 6 3 3 3 4 4 5 2 3 3 3 2 1 4 3 5 4 3 4 1 3 4 3 5 3 3 5 5 3 5 4 5 5 4 3 5 5 3 3 4 4 6 3 3 5 4 1 5 4 6 2 6 4 4 5 5 1 4 3 7 4 4 3 3 7 5 5 4 4 5 4 3 3 3 7 3 6 
7 8 6 6 5 4 6 7 4 5 9 1 8 3 6 7 6 7 5 6 6 7 6 3 7 6 5 5 9 6 7 5 7 5 8 5 6 5 6 8 7 6 8 6 4 10 6 6 5 5 3 7 7 8 8 8 8 4 4 5 4 5 5 8 6 6 7 7 8 10 5 7 5 4 4 8 5 9 5 7 4 2 4 0 3 6 5 6 6 7 9 6 4 8 7 5 5 8 5 7 7 4 4 8 5 7 8 2 2 12 7 7 5 6 4 8 5 9 9 7 6 3 3 5 6 9 10 6 5 5 8 5 6 4 7 4 7 5 6 7 4 8 6 8 8 8 6 7 9 7 8 6 6 6 8 5 3 4 8 8 7 8 6 6 7 7 7 5 9 8 6 7 6 3 5 6 7 6 10 6 7 7 8 9 3 7 6 8 6 8 7 7 7 6 6 3 5 5 3 4 
8 10 8 5 6 8 7 6 13 8 6 10 10 12 9 7 9 7 10 14 6 7 10 12 11 11 11 10 10 13 6 8 10 10 8 8 9 10 13 11 17 13 9 7 11 4 6 8 6 7 8 9 10 6 8 6 7 5 5 9 9 8 7 4 12 8 11 5 8 10 4 11 9 12 13 13 6 9 11 6 10 6 8 7 9 9 7 12 9 7 11 0 14 12 11 12 8 8 3 2 7 9 11 7 8 14 8 7 4 12 10 5 9 8 5 1 5 9 9 4 5 8 6 14 9 10 10 13 5 11 11 7 9 7 11 10 11 13 12 10 2 11 7 11 7 11 8 9 11 11 15 7 3 8 9 6 9 6 9 10 12 0 6 7 9 10 6 7 7 11 9 9 11 8 4 12 17 10 6 10 6 5 7 4 7 8 8 8 15 10 9 4 6 12 11 9 8 9 7 12 
9 6 10 5 8 5 4 8 8 6 11 14 6 5 15 10 12 7 7 11 5 9 8 4 9 8 13 9 8 10 8 5 0 4 2 8 12 13 6 8 9 9 8 0 6 5 10 11 4 5 0 8 8 5 8 7 2 8 9 9 6 3 5 9 1 9 8 13 5 8 9 6 7 6 11 8 8 5 7 5 10 6 8 5 9 10 11 6 13 8 7 5 8 10 13 13 7 5 10 7 7 10 4 7 11 11 8 11 5 15 9 6 5 5 9 9 4 2 10 12 7 9 11 7 8 9 12 7 7 8 7 3 3 9 3 6 8 10 7 12 8 13 9 6 9 6 6 9 5 11 5 10 5 7 6 9 5 9 12 10 10 4 10 4 5 7 2 9 11 7 8 11 7 3 4 13 7 11 3 8 9 7 10 6 10 3 9 10 7 6 7 7 6 11 11 5 5 8 9 10 
2 1 2 2 2 3 1 2 1 3 3 2 2 2 2 3 2 2 1 3 3 3 2 1 2 2 3 1 3 3 0 1 2 2 2 1 2 3 3 2 3 3 2 3 2 2 2 2 1 1 2 3 2 3 3 2 3 2 0 2 3 3 3 1 1 3 2 2 2 2 2 2 2 2 2 3 2 1 2 0 2 3 2 2 1 3 2 2 2 2 2 1 2 2 2 2 1 2 3 2 3 2 2 2 3 2 3 1 3 2 2 3 2 2 2 2 2 1 2 2 2 1 3 2 1 3 2 3 3 2 2 1 1 2 2 3 2 3 3 3 1 2 3 2 2 2 1 2 2 3 1 2 4 1 2 3 2 2 3 3 1 2 2 0 1 2 2 2 3 2 2 2 2 1 1 1 2 1 2 1 1 3 2 2 1 2 3 1 3 2 3 3 2 2 1 2 2 3 2 2 
1 1 1 1 1 1 2 1 1 1 1 2 1 0 1 0 1 1 1 1 1 1 1 2 1 1 1 1 0 2 1 1 1 2 1 1 1 1 1 1 1 1 1 0 1 1 1 1 1 1 1 1 1 1 1 1 1 1 1 1 1 1 1 2 1 1 1 1 2 1 1 1 0 1 1 1 1 2 1 1 1 1 0 1 1 1 1 1 0 1 1 1 1 1 0 1 1 2 1 1 1 1 1 1 2 1 1 1 1 1 1 1 1 1 1 1 1 1 1 1 1 1 2 1 1 1 1 1 1 1 1 1 1 0 1 0 1 1 1 1 1 0 2 1 0 1 1 1 1 1 1 1 1 2 1 1 1 1 2 0 1 1 1 2 1 1 1 1 1 1 1 1 1 1 1 0 1 1 1 1 1 1 1 1 1 1 1 1 1 1 1 1 1 1 1 0 0 1 1 1 
7 10 7 5 10 4 4 10 4 10 1 7 3 4 6 5 6 5 6 7 7 8 8 6 5 12 10 6 7 5 11 6 10 4 6 9 7 10 7 9 7 5 7 10 5 6 5 3 7 9 9 5 10 6 8 9 8 9 6 5 6 8 2 11 6 6 8 6 7 6 6 4 8 6 6 6 8 7 7 5 9 14 4 6 7 4 4 5 9 11 9 8 6 8 7 7 4 8 5 8 8 4 6 7 3 10 7 6 8 8 4 9 6 11 10 7 7 8 9 7 9 6 6 9 5 7 6 5 9 7 10 9 7 3 6 3 9 6 7 5 11 8 6 5 4 9 8 6 7 10 3 10 12 5 9 6 5 8 8 10 6 10 6 9 10 8 8 5 8 9 7 10 6 7 5 6 6 8 7 11 8 6 5 3 6 11 10 3 9 4 7 5 6 7 5 7 9 4 4 4 
4 7 8 5 4 4 6 7 6 8 3 2 4 10 6 8 7 6 9 6 5 6 6 0 5 5 4 5 6 7 8 3 7 6 6 5 6 5 3 9 10 5 1 2 6 6 7 5 4 8 7 2 6 5 6 6 7 8 6 6 9 7 5 9 2 6 4 7 6 7 2 3 6 11 5 3 6 4 5 7 7 7 6 4 8 5 6 9 6 6 5 10 6 5 6 5 5 7 6 5 4 9 4 8 5 7 5 8 5 5 5 6 9 6 9 7 6 5 5 9 9 3 4 8 4 4 7 5 4 6 6 2 6 5 9 5 9 8 6 6 11 6 6 3 6 7 3 4 4 6 3 11 9 4 3 6 6 4 8 7 5 7 5 7 6 7 4 8 6 7 5 7 9 6 5 5 7 7 5 9 7 7 4 8 6 3 2 7 8 8 6 7 5 8 6 5 8 9 3 6 
3 4 4 3 3 5 3 4 3 3 3 3 2 3 2 2 4 4 5 4 3 2 3 5 4 2 3 3 2 1 3 3 4 3 3 2 3 1 2 4 3 3 3 2 4 2 2 3 2 2 2 4 2 2 3 4 4 4 3 1 4 4 4 3 3 5 3 1 4 2 4 2 2 2 2 3 5 5 4 5 3 5 4 2 3 4 3 4 3 2 4 4 4 3 2 3 0 3 2 3 4 5 4 3 3 4 4 2 3 3 3 1 4 3 4 3 2 3 4 2 4 1 4 3 3 4 5 3 2 4 4 3 4 4 3 6 3 3 2 2 3 1 3 4 5 3 1 4 3 4 4 4 4 1 4 4 3 3 4 5 4 4 3 3 4 4 2 3 3 5 5 3 5 4 3 4 3 4 4 4 3 4 3 3 3 5 2 3 3 3 3 3 3 5 3 5 5 4 3 2 
6 0 10 5 8 9 8 3 7 8 4 11 7 5 6 5 6 6 6 5 6 5 7 4 4 4 10 7 9 8 7 7 6 8 8 8 7 7 5 7 6 7 7 10 3 5 9 4 6 7 6 6 5 7 9 3 5 8 6 7 9 3 4 7 7 7 9 6 8 7 5 8 8 5 9 2 5 11 7 2 7 6 5 8 4 8 4 8 6 6 6 6 5 6 4 4 10 7 8 6 8 10 7 7 5 3 9 5 6 5 9 4 5 5 7 8 9 9 6 5 4 9 5 5 4 9 6 9 6 7 7 4 5 7 5 3 4 4 6 8 5 8 8 6 6 6 9 7 7 3 6 7 7 7 7 0 6 3 10 7 6 3 6 3 4 8 6 6 4 4 8 7 6 4 2 5 5 3 8 4 6 5 3 6 3 5 5 7 5 7 5 4 8 6 4 5 6 4 7 8 
2 2 4 3 1 4 5 2 3 5 2 3 1 5 2 2 2 2 2 3 3 0 1 3 3 3 4 2 4 4 3 5 4 2 3 4 4 2 4 3 1 5 4 4 4 3 2 1 5 4 2 3 3 1 3 3 3 2 3 2 3 3 3 4 3 4 4 4 2 3 4 4 3 2 3 3 2 3 2 3 3 3 3 4 4 3 3 4 3 4 2 3 2 1 3 1 2 4 3 2 4 4 2 3 3 1 4 3 1 4 3 4 3 1 1 3 1 4 3 5 3 3 3 2 3 1 5 5 3 2 4 3 4 3 3 5 3 3 3 2 2 2 4 2 4 2 4 3 5 4 3 1 2 4 3 4 3 4 3 5 3 3 3 3 4 3 2 3 2 3 1 2 4 3 3 4 4 2 3 1 1 3 3 4 5 1 4 2 4 2 3 4 3 2 4 1 4 3 5 4 
7 10 12 11 13 13 7 10 12 12 2 8 7 14 12 10 9 8 9 5 12 10 9 6 8 12 6 4 9 6 7 6 8 7 6 10 10 11 10 9 8 7 8 5 6 4 10 6 6 9 9 6 9 10 4 8 10 11 14 7 9 9 10 16 6 8 11 9 12 14 5 8 10 10 10 5 10 7 11 11 6 14 7 2 9 8 11 9 6 4 10 9 9 11 5 9 3 5 11 6 11 11 9 8 10 5 9 10 5 8 6 12 7 12 10 9 14 15 9 4 11 1 14 7 12 16 9 8 9 9 8 9 6 9 10 10 10 14 13 8 8 12 8 13 8 12 9 13 4 10 11 9 6 5 6 11 4 10 10 11 10 9 12 7 12 8 4 10 4 6 10 11 9 4 6 8 11 6 7 11 11 10 11 13 13 12 4 7 11 9 6 9 6 7 10 5 8 10 6 8 
3 1 2 3 3 1 4 2 4 4 3 3 4 5 5 3 3 2 3 3 5 2 3 5 4 3 1 4 2 4 4 4 2 4 2 4 3 4 3 3 3 3 2 2 4 3 4 3 1 3 3 3 2 3 3 2 0 3 3 3 3 4 3 3 4 4 5 4 2 2 2 3 2 4 2 4 4 5 1 3 3 4 3 4 2 2 2 2 2 4 5 2 2 4 2 4 4 3 2 5 3 2 2 4 4 4 2 4 2 2 2 2 4 3 3 4 3 3 2 3 3 4 3 5 4 2 3 3 3 4 3 3 3 4 4 3 3 4 0 4 3 4 2 2 5 4 2 4 2 3 2 2 1 3 4 4 4 3 2 2 3 2 2 3 2 3 3 3 1 3 2 2 3 2 3 2 3 4 2 4 3 4 5 3 2 4 3 4 4 2 2 1 3 4 3 2 3 3 4 3 
10 10 10 9 8 6 5 8 8 10 5 8 11 7 7 8 8 4 11 8 7 5 6 6 8 8 10 7 7 8 6 5 8 10 9 5 8 13 2 6 8 11 9 4 6 9 8 5 6 7 12 7 6 10 6 5 8 4 10 9 9 9 5 9 9 2 11 11 10 7 5 11 8 8 4 12 6 3 11 11 12 8 9 9 6 4 5 5 7 12 9 7 12 6 7 7 7 9 9 9 7 7 11 7 2 11 7 5 9 5 11 7 3 7 9 7 7 5 9 8 5 9 5 9 13 6 5 2 9 8 5 6 3 8 8 4 6 8 3 8 9 10 11 4 7 6 4 7 3 12 9 6 6 5 7 8 11 6 4 7 9 11 9 5 11 6 7 10 10 6 4 10 8 8 4 8 7 7 5 9 8 13 7 5 9 9 7 4 8 5 6 8 11 11 11 12 11 7 5 10 
9 5 7 8 12 8 8 10 8 8 11 6 6 8 8 9 8 8 9 6 6 7 8 10 6 6 4 7 6 4 6 10 8 4 7 7 8 11 7 7 9 12 10 8 3 8 3 8 6 7 1 4 6 6 4 8 6 8 7 7 4 10 4 5 5 7 2 4 7 12 9 5 7 3 5 10 2 9 7 13 0 10 11 9 6 8 8 5 9 10 7 11 8 10 9 9 5 10 6 10 8 8 11 6 8 10 8 7 5 4 10 7 6 9 5 8 5 5 8 5 10 8 14 10 4 8 9 6 8 9 9 11 7 8 7 6 6 13 7 6 6 7 4 10 9 7 12 8 11 10 6 5 7 9 7 9 9 5 9 3 10 4 3 7 7 9 12 9 7 4 9 5 5 7 4 6 5 10 7 8 7 2 6 6 7 11 9 9 6 5 8 5 7 6 5 3 7 9 6 6 
11 4 8 8 6 8 9 10 5 8 6 10 3 5 7 8 9 11 7 6 11 8 8 6 8 4 7 7 11 12 8 5 11 12 5 5 7 10 7 11 5 11 3 1 6 10 4 5 9 8 8 7 7 12 5 9 5 6 8 6 12 4 6 4 8 5 4 11 4 8 5 7 8 7 8 8 12 13 8 5 6 9 7 8 7 8 7 6 5 7 5 6 6 9 5 11 6 6 8 10 12 10 5 12 8 9 8 13 11 7 6 4 5 10 9 11 11 10 5 7 9 9 9 10 5 4 6 13 7 9 8 6 8 10 7 11 7 5 5 11 5 15 8 9 8 10 12 11 9 11 10 11 5 8 13 12 11 10 8 11 8 8 11 8 3 3 13 12 9 6 11 12 5 10 4 10 5 5 9 8 10 11 10 7 3 7 12 13 4 7 6 5 11 12 7 8 10 7 8 11 
9 5 3 6 4 6 6 8 7 9 9 8 6 2 3 6 5 6 6 11 5 6 9 6 8 8 3 9 6 10 8 8 3 7 10 7 4 3 7 10 8 11 6 8 4 6 8 8 7 4 8 5 8 6 6 10 5 8 5 7 5 9 6 4 6 8 9 13 6 4 8 12 9 3 6 4 6 5 6 7 8 7 10 8 7 3 5 4 7 5 8 5 9 10 10 9 8 9 12 5 10 8 6 9 4 7 6 7 7 9 5 6 9 9 9 8 7 7 8 8 6 7 7 5 9 6 1 3 4 7 7 6 6 0 6 6 8 5 4 7 5 7 1 9 7 10 10 6 6 8 8 8 5 6 7 7 12 7 8 7 8 2 8 8 3 9 7 8 6 7 7 8 5 6 8 5 8 7 7 5 5 5 7 9 7 5 6 7 5 6 7 8 6 6 10 8 8 7 7 3 
7 2 5 8 6 5 7 5 5 6 8 6 3 6 15 8 4 5 6 11 6 9 3 7 9 12 10 11 10 4 8 9 6 6 8 9 7 9 5 6 8 4 8 7 7 2 5 7 9 9 6 7 6 5 4 7 10 8 8 1 5 9 11 4 10 10 7 8 6 8 2 5 9 6 7 10 5 5 6 7 7 9 7 6 4 8 8 9 8 6 6 5 8 11 4 6 12 11 7 9 6 9 5 6 5 9 8 10 7 5 6 6 4 9 1 1 12 7 9 4 9 6 1 6 9 8 11 9 8 6 9 8 9 6 7 6 7 8 8 6 6 8 7 7 6 6 8 8 5 6 7 12 4 7 3 5 9 10 11 10 9 11 9 5 4 3 11 6 5 6 6 11 6 5 8 5 10 9 8 6 5 3 9 9 7 6 8 5 4 6 7 8 10 3 10 6 8 6 5 6 
