NAME  : Jabali_60_2_0.90_1_6
TYPE : SVRP
MODEL : FINITE_SUPPORT
NUMBER_OF_SCENARIOS : 200
DIMENSION : 60
EDGE_WEIGHT_TYPE : MATRIX
CAPACITY : 189
N_VEHICLES : 2
NODE_COORD_SECTION
1 3207 3402
2 5756 5232
3 4697 1389
4 2971 6125
5 1775 1717
6 6906 4668
7 263 1522
8 929 4269
9 2600 7271
10 3185 6070
11 104 5753
12 6058 6234
13 5829 5082
14 2207 5999
15 5524 2147
16 1384 98
17 3978 7409
18 1927 6107
19 1460 5461
20 5913 2172
21 1073 3826
22 3790 3416
23 1280 5836
24 2244 1314
25 1557 3101
26 2217 2243
27 5617 1757
28 27 6952
29 6416 6208
30 3686 398
31 6751 5567
32 763 272
33 2596 2524
34 840 6665
35 6118 2458
36 5150 2556
37 1563 662
38 2422 2148
39 2073 3345
40 5791 1463
41 1456 4431
42 1722 18
43 2865 7691
44 579 2668
45 4332 4748
46 702 4483
47 6125 4464
48 5868 3092
49 5088 476
50 2577 530
51 1890 162
52 3246 2415
53 5551 4221
54 2040 6991
55 2668 7074
56 5850 7334
57 98 2617
58 2429 5563
59 1648 6310
60 6203 2049
DEMAND_SECTION
1 0.0
2 1.0
3 8.0
4 4.0
5 7.0
6 4.0
7 4.0
8 1.0
9 8.0
10 6.0
11 9.0
12 10.0
13 8.0
14 5.0
15 10.0
16 4.0
17 9.0
18 6.0
19 10.0
20 2.0
21 2.0
22 8.0
23 9.0
24 3.0
25 7.0
26 7.0
27 1.0
28 2.0
29 1.0
30 4.0
31 2.0
32 10.0
33 6.0
34 7.0
35 7.0
36 7.0
37 5.0
38 3.0
39 9.0
40 8.0
41 8.0
42 8.0
43 10.0
44 4.0
45 4.0
46 4.0
47 6.0
48 9.0
49 9.0
50 7.0
51 8.0
52 7.0
53 3.0
54 3.0
55 4.0
56 6.0
57 5.0
58 1.0
59 5.0
60 7.0
DEVIATION_SECTION
1 0.0
2 0.333333
3 2.66667
4 1.33333
5 2.33333
6 1.33333
7 1.33333
8 0.333333
9 2.66667
10 2.0
11 3.0
12 3.33333
13 2.66667
14 1.66667
15 3.33333
16 1.33333
17 3.0
18 2.0
19 3.33333
20 0.666667
21 0.666667
22 2.66667
23 3.0
24 1.0
25 2.33333
26 2.33333
27 0.333333
28 0.666667
29 0.333333
30 1.33333
31 0.666667
32 3.33333
33 2.0
34 2.33333
35 2.33333
36 2.33333
37 1.66667
38 1.0
39 3.0
40 2.66667
41 2.66667
42 2.66667
43 3.33333
44 1.33333
45 1.33333
46 1.33333
47 2.0
48 3.0
49 3.0
50 2.33333
51 2.66667
52 2.33333
53 1.0
54 1.0
55 1.33333
56 2.0
57 1.66667
58 0.333333
59 1.66667
60 2.33333
DISTANCE_MATRIX
0.0 43.4065 40.7669 41.6463 29.105 52.9528 47.0106 33.6155 56.5213 41.5008 53.1507 55.7526 42.061 40.6301 37.6072 50.4969 62.6965 42.7705 37.9431 40.5188 30.0832 7.07107 42.9411 31.0238 23.0 19.8995 42.2757 65.2195 58.2687 44.2053 56.4624 53.1393 14.4721 55.5746 41.2748 30.6895 43.0151 19.434 16.1245 46.193 28.4253 49.3573 62.2925 37.2156 26.5196 36.8917 41.9762 36.1386 53.8032 40.5941 47.5766 17.0711 33.7343 53.6418 54.5619 66.983 43.1856 34.7133 46.1407 44.1065 
43.4065 0.0 54.2828 40.8584 72.3403 15.8114 90.417 68.0294 50.8196 39.9322 77.6209 14.3178 1.41421 50.3289 40.4655 91.172 37.7359 53.8516 59.439 40.3113 67.4759 37.7359 61.6847 72.0494 65.0607 63.1348 45.1221 81.6052 15.6205 70.9444 13.3417 96.3746 57.7075 69.9452 37.054 39.0 84.7446 62.6693 57.9417 48.8365 61.0082 88.6423 51.046 79.5239 22.2036 70.0071 10.198 28.2843 62.7578 76.397 86.4682 60.3064 13.4164 56.7146 49.7106 28.4429 85.1956 46.5725 57.8208 42.0476 
40.7669 54.2828 0.0 73.7432 38.4708 51.6321 59.3043 61.9117 89.8526 72.8534 83.7669 68.3917 53.0865 73.7669 13.9284 48.3839 92.5036 75.8668 70.327 18.4391 57.005 38.3588 75.4099 33.0 46.3318 33.2415 13.0 97.0768 68.7199 20.5183 61.7611 55.3173 30.0167 88.0469 22.1359 21.5561 43.7379 31.0161 42.0806 14.5602 58.5518 44.9444 94.6381 57.0088 50.0858 65.48 45.3148 26.4119 15.2971 31.9531 42.72 25.5543 41.4041 86.7758 87.8782 88.0066 62.6259 67.8209 79.1404 21.095 
41.6463 40.8584 73.7432 0.0 60.4152 56.3882 71.7008 37.2156 16.1245 2.23607 39.1152 42.19 40.3241 11.0454 63.486 82.8553 21.9317 14.3178 22.3607 65.9276 39.8246 44.7216 23.0217 64.2577 44.4072 52.2015 68.1546 41.5933 46.2709 78.2214 52.4066 83.7257 48.1334 29.9666 65.3196 57.9783 75.2396 52.6032 38.9487 72.0718 30.8058 82.28 21.095 56.5685 27.9835 37.5766 47.7875 57.291 86.7794 74.6102 80.6536 51.0872 45.5728 17.2047 14.1421 42.45 60.959 10.2956 18.0278 69.2883 
29.105 72.3403 38.4708 60.4152 0.0 79.5576 21.0 36.6742 74.6324 60.3738 59.6657 84.688 70.9895 57.7235 51.0098 22.4722 81.596 59.0339 51.0882 56.0357 30.5941 34.9164 56.0357 7.81025 19.0263 9.21954 51.3517 74.9667 87.2041 30.4795 85.3168 24.0832 15.0 68.0294 59.0085 46.0435 14.8661 10.2956 21.8403 52.9528 37.0 22.3607 80.6536 21.2132 55.0988 40.025 69.3169 57.8705 46.0652 18.7883 21.095 24.1868 61.5631 70.6116 72.7324 95.4488 25.807 52.4976 61.5224 59.1354 
52.9528 15.8114 51.6321 56.3882 79.5576 0.0 99.433 81.3019 66.2567 55.462 92.8465 23.0868 16.1245 65.7951 37.8148 96.0417 52.6308 69.3542 74.6141 35.8469 80.0062 46.3249 76.9771 77.3692 75.6637 71.1759 41.8808 97.1349 21.2132 71.6284 12.0 101.533 66.5688 85.475 31.7648 38.8973 89.9444 69.4786 68.469 44.7772 74.4312 93.2113 66.468 90.0944 35.5106 83.6002 11.0454 25.4951 59.9083 80.6271 90.998 69.1678 19.2354 72.1517 65.1477 37.855 96.026 61.8092 73.3505 36.2491 
47.0106 90.417 59.3043 71.7008 21.0 99.433 0.0 38.6264 83.5284 72.2496 58.4209 102.972 89.0715 66.0379 72.0069 24.6982 93.5094 66.242 56.3649 77.026 33.541 53.1477 60.5392 26.6833 27.5862 28.6356 72.2496 74.5453 105.717 48.3322 103.47 18.6815 34.2053 70.6045 80.0062 67.0298 21.2603 30.4138 34.2053 73.6817 42.5441 27.8029 89.8888 16.1555 70.1711 40.8044 88.5808 78.6384 65.4599 33.6155 28.3196 43.6807 80.3479 77.8267 81.8352 109.44 15.0 62.2013 67.5426 80.0999 
33.6155 68.0294 61.9117 37.2156 36.6742 81.3019 38.6264 0.0 46.0977 38.4708 23.0868 75.505 67.0075 29.0 71.0563 57.0088 58.8218 28.4253 18.0278 73.9679 6.08276 40.2492 21.9317 43.6807 18.0278 33.1059 75.7249 38.3275 79.2465 63.5295 81.1669 54.7449 33.0151 32.3883 74.7239 64.1386 50.04 34.8855 19.8494 76.2498 7.07107 58.0775 52.4976 22.4722 46.0109 3.60555 70.4557 69.1397 74.5185 55.0818 57.2189 38.2159 62.8013 39.6611 44.5982 79.0535 25.2389 26.9258 29.1548 77.5556 
56.5213 50.8196 89.8526 16.1245 74.6324 66.2567 83.5284 46.0977 0.0 17.4642 39.2173 48.3322 51.0429 17.4929 79.5955 97.0824 18.0278 17.6918 28.2843 82.037 50.2195 60.8311 25.807 79.0759 57.2713 66.9403 84.264 35.1283 52.3927 93.0964 59.1692 97.17 63.0084 25.1794 81.4291 73.5344 89.493 67.4685 52.811 88.1813 41.0488 96.8401 6.40312 67.6757 44.093 45.2548 60.3098 75.596 102.889 89.3078 95.3362 65.9622 59.5098 8.24621 2.0 43.2897 71.218 22.1359 18.0278 85.3977 
41.5008 39.9322 72.8534 2.23607 60.3738 55.462 72.2496 38.4708 17.4642 0.0 41.1947 40.1123 39.3979 13.1529 62.5962 82.7647 21.2603 16.4924 24.1868 65.0378 40.8044 43.8318 25.0799 64.1122 44.8219 52.0603 67.2648 43.8292 44.1818 78.076 51.4804 83.863 47.9879 32.2025 64.4298 56.5351 75.1532 52.4577 39.1152 71.182 31.9061 82.1347 22.0 57.3149 27.0937 39.0 46.8613 56.4012 85.8896 74.4648 80.5195 50.9418 44.6466 19.2094 15.5242 40.8044 61.8466 11.7047 20.2485 68.3984 
53.1507 77.6209 83.7669 39.1152 59.6657 92.8465 58.4209 23.0868 39.2173 41.1947 0.0 81.3019 76.922 28.0713 89.9783 79.2275 56.2939 25.0 18.3848 92.9983 29.1204 59.5206 16.1245 66.7608 41.1096 56.0803 94.6468 16.1245 85.3756 86.3308 89.627 76.0263 55.4707 15.6205 93.707 83.4167 72.5603 57.7754 42.0595 98.564 25.2389 80.6226 44.7772 43.0116 57.8024 19.6469 82.7856 85.8968 96.4166 78.1601 79.9062 60.0711 76.0592 31.0161 38.6005 80.399 43.566 31.0483 22.2036 96.6039 
55.7526 14.3178 68.3917 42.19 84.688 23.0868 102.972 75.505 48.3322 40.1123 81.3019 0.0 15.6525 53.2353 54.5743 105.003 32.2025 56.4358 64.0 54.1295 75.9605 50.3289 65.192 86.6069 75.8574 75.4826 59.203 82.28 4.12311 84.8184 12.2066 108.722 70.0552 71.0634 50.636 53.3104 98.5982 75.017 68.8055 62.8172 68.4471 102.473 47.1699 90.0487 32.8108 76.9415 23.3452 42.2019 76.8667 90.2281 100.299 72.6541 27.7308 55.0273 47.5395 15.0333 95.3663 51.0098 59.8415 55.5788 
42.061 1.41421 53.0865 40.3241 70.9895 16.1245 89.0715 67.0075 51.0429 39.3979 76.922 15.6525 0.0 49.7695 39.2692 89.759 38.0789 53.3104 58.6941 39.2046 66.3702 36.3593 61.0328 70.6365 63.8499 61.784 43.9318 81.0708 17.0294 69.5338 14.5602 95.0238 56.3566 69.4108 36.0139 37.6962 83.3317 61.3185 56.7309 47.676 60.0 87.2294 51.2693 78.3131 21.095 69.029 9.48683 27.1662 61.5615 74.984 85.0553 58.9556 12.083 56.9379 49.9339 29.6142 83.9848 45.8803 57.2864 41.0122 
40.6301 50.3289 73.7669 11.0454 57.7235 65.7951 66.0379 29.0 17.4929 13.1529 28.0713 53.2353 49.7695 0.0 69.3626 80.0812 30.4138 3.60555 12.083 71.7054 32.8024 47.0 12.0 62.6498 39.9249 50.4876 74.0312 31.6228 57.3149 77.2053 61.8934 79.8499 47.0425 20.0 71.0634 63.717 72.5328 51.2445 35.9026 77.9484 23.6008 80.05 23.8537 50.2195 33.7274 28.6007 57.1857 63.0349 86.8032 73.2462 78.6448 50.0711 51.9894 13.0384 15.8114 52.9528 53.9073 6.32456 7.81025 75.0384 
37.6072 40.4655 13.9284 63.486 51.0098 37.8148 72.0069 71.0563 79.5955 62.5962 89.9783 54.5743 39.2692 69.3626 0.0 62.2977 73.6918 72.8127 73.9555 5.09902 67.6891 30.8148 77.8054 46.2709 57.7319 46.8125 5.0 100.255 54.9025 33.8378 47.9438 69.1231 42.4142 88.9439 8.24621 7.73877 57.4891 44.7039 52.8901 9.05539 65.6184 58.8727 84.381 70.0728 38.7505 74.2336 31.4974 12.5946 22.3607 45.8803 56.648 34.6558 27.5867 79.9028 77.621 68.8827 75.9394 63.5015 77.0416 8.544 
50.4969 91.172 48.3839 82.8553 22.4722 96.0417 24.6982 57.0088 97.0824 82.7647 79.2275 105.003 89.759 80.0812 62.2977 0.0 103.961 81.2527 72.8354 66.7608 51.0392 56.3083 77.6466 19.8494 40.6079 30.8869 60.8769 95.0842 106.78 31.0161 102.808 8.544 36.0555 89.202 70.5195 69.8934 7.61577 31.0644 44.2719 61.0 58.5491 4.12311 103.121 36.6742 76.847 60.0083 86.267 72.3531 49.0 16.4924 6.0 43.9318 78.6023 92.8924 95.1893 119.416 38.2753 74.9466 83.5464 69.1231 
62.6965 37.7359 92.5036 21.9317 81.596 52.6308 93.5094 58.8218 18.0278 21.2603 56.2939 32.2025 38.0789 30.4138 73.6918 103.961 0.0 32.311 42.4853 74.4722 61.7171 65.0265 41.4367 85.3079 66.0681 73.256 78.3603 53.1507 36.0555 100.69 43.9318 105.064 69.1836 43.0465 71.9169 70.7609 96.3496 73.6534 60.3225 82.2776 52.6308 103.33 15.2315 78.492 48.2884 58.8303 47.4131 62.7054 95.9841 95.6605 101.715 72.1375 46.6192 26.0192 18.0278 25.318 82.8794 32.0156 34.2053 76.8436 
42.7705 53.8516 75.8668 14.3178 59.0339 69.3542 66.242 28.4253 17.6918 16.4924 25.0 56.4358 53.3104 3.60555 72.8127 81.2527 32.311 0.0 10.6301 75.1555 32.7567 49.1403 9.21954 64.2806 40.8044 52.1536 77.4813 28.0179 60.531 79.3052 65.3998 80.6536 49.0102 16.4012 74.5185 67.1671 73.7564 53.0377 37.3363 81.3985 23.7065 81.3941 24.0832 50.2494 37.1998 27.5862 60.7448 66.5073 88.903 75.06 80.0625 52.171 55.4617 11.7047 16.2788 55.5788 53.6004 9.43398 4.24264 78.4885 
37.9431 59.439 70.327 22.3607 51.0882 74.6141 56.3649 18.0278 28.2843 24.1868 18.3848 64.0 58.6941 12.083 73.9555 72.8354 42.4853 10.6301 0.0 76.2983 22.8473 44.313 5.09902 57.0351 32.249 45.1774 78.624 27.4591 68.0074 73.7631 71.7008 71.5681 42.9535 17.72 75.6613 69.6131 65.4905 46.3897 30.1496 82.5413 14.3178 73.3348 34.6554 40.2492 39.4355 16.9706 64.4187 67.8511 83.3632 68.1836 72.1734 46.6311 57.6975 21.6333 26.9072 64.7611 43.2666 13.0384 11.1803 79.6313 
40.5188 40.3113 18.4391 65.9276 56.0357 35.8469 77.026 73.9679 82.037 65.0378 92.9983 54.1295 39.2046 71.7054 5.09902 66.7608 74.4722 75.1555 76.2983 0.0 70.6007 33.7264 80.1481 51.1566 60.7898 49.8704 6.40312 102.598 54.1202 37.5899 46.6154 73.7564 45.4721 91.2866 4.24264 10.7967 62.1691 47.7619 55.9119 8.94427 68.5299 63.2456 87.5891 73.1307 40.7185 77.1451 30.8058 12.0416 24.2074 50.2892 61.0328 37.7137 28.0179 82.3443 80.0626 68.7314 78.9973 65.8443 79.3844 3.60555 
30.0832 67.4759 57.005 39.8246 30.5941 80.0062 33.541 6.08276 50.2195 40.8044 29.1204 75.9605 66.3702 32.8024 67.6891 51.0392 61.7171 32.7567 22.8473 70.6007 0.0 37.0 27.2029 37.6431 12.083 27.2947 72.3576 44.4072 79.555 57.8014 80.7527 49.0306 27.6586 38.2099 71.3567 60.0867 44.0114 29.1548 15.0 71.3431 9.21954 52.0384 56.6127 17.4929 45.2769 9.48683 69.029 66.0984 69.3542 49.0408 51.1566 33.3199 61.131 44.2945 48.6004 81.2122 21.2132 29.7321 34.0147 74.1884 
7.07107 37.7359 38.3588 44.7216 34.9164 46.3249 53.1477 40.2492 60.8311 43.8318 59.5206 50.3289 36.3593 47.0 30.8148 56.3083 65.0265 49.1403 44.313 33.7264 37.0 0.0 49.311 36.8352 30.0167 25.7109 35.4834 71.5894 52.8015 46.5448 50.5371 58.9507 20.2835 61.9444 34.4819 23.8971 48.8265 25.2454 23.1948 39.4006 34.8045 55.1687 65.6166 44.1022 21.097 43.4197 35.4401 29.1204 51.395 46.4055 53.388 22.8825 27.2029 61.1384 58.8566 61.5604 50.0899 41.0832 52.5106 37.3141 
42.9411 61.6847 75.4099 23.0217 56.0357 76.9771 60.5392 21.9317 25.807 25.0799 16.1245 65.192 61.0328 12.0 77.8054 77.6466 41.4367 9.21954 5.09902 80.1481 27.2029 49.311 0.0 62.0725 37.1214 50.2494 82.4739 22.8035 69.2614 78.848 73.5459 76.1577 48.0521 12.6491 79.5112 72.1597 70.3491 51.4782 35.2278 86.3911 19.105 78.2304 32.0156 44.3847 42.7691 20.2485 67.7523 71.7008 88.4462 73.2462 77.1038 51.7141 61.0311 18.3848 24.6982 64.7765 47.0106 15.2315 7.81025 83.4812 
31.0238 72.0494 33.0 64.2577 7.81025 77.3692 26.6833 43.6807 79.0759 64.1122 66.7608 86.6069 70.6365 62.6498 46.2709 19.8494 85.3079 64.2806 57.0351 51.1566 37.6431 36.8352 62.0725 0.0 25.7099 12.1655 46.0 81.7863 87.6571 22.8035 83.6859 24.1868 16.5529 74.3303 54.4525 41.8805 12.8062 11.7047 27.0185 47.1699 43.2897 18.3576 84.8999 29.0 57.3739 47.1275 67.2336 54.4059 39.0 11.4018 16.5529 24.0832 59.4798 75.6637 77.1298 99.9429 33.4215 57.0701 67.0671 54.037 
23.0 65.0607 46.3318 44.4072 19.0263 75.6637 27.5862 18.0278 57.2713 44.8219 41.1096 75.8574 63.8499 39.9249 57.7319 40.6079 66.0681 40.8044 32.249 60.7898 12.083 30.0167 37.1214 25.7099 0.0 15.2643 58.4396 56.0892 78.6696 45.793 78.3995 39.9249 16.4012 49.0102 62.728 49.9933 33.2415 17.2047 7.28011 60.6699 18.0278 41.1096 63.5059 14.5602 43.1236 21.5407 64.6297 58.6941 58.0 37.108 40.0125 23.2266 56.4358 52.4976 55.4617 82.0057 20.3961 35.3553 42.9535 64.3799 
19.8995 63.1348 33.2415 52.2015 9.21954 71.1759 28.6356 33.1059 66.9403 52.0603 56.0803 75.4826 61.784 50.4876 46.8125 30.8869 73.256 52.1536 45.1774 49.8704 27.2947 25.7109 50.2494 12.1655 15.2643 0.0 45.6101 70.6045 77.9986 30.5287 76.1113 33.2415 5.83095 62.6498 52.2398 39.2046 23.3238 2.23607 15.0333 47.7598 31.7805 30.0832 72.8011 23.7697 45.9471 36.6742 61.144 50.1597 43.4166 23.0217 28.4605 15.2315 52.9111 63.5059 65.0 87.1087 29.4109 44.911 55.0091 53.0973 
42.2757 45.1221 13.0 68.1546 51.3517 41.8808 72.2496 75.7249 84.264 67.2648 94.6468 59.203 43.9318 74.0312 5.0 60.8769 78.3603 77.4813 78.624 6.40312 72.3576 35.4834 82.4739 46.0 58.4396 45.6101 0.0 104.923 59.4643 31.305 52.3259 68.0661 42.1273 93.6124 10.6301 12.4073 56.5685 43.4166 57.5586 4.12311 70.2869 57.28 89.0495 69.3109 43.4191 78.9021 36.0555 17.088 18.0278 44.3847 55.0818 39.3243 32.2553 84.5713 82.2896 73.5459 75.0142 68.17 81.7101 8.24621 
65.2195 81.6052 97.0768 41.5933 74.9667 97.1349 74.5453 38.3275 35.1283 43.8292 16.1245 82.28 81.0708 31.6228 100.255 95.0842 53.1507 28.0179 27.4591 102.598 44.4072 71.5894 22.8035 81.7863 56.0892 70.6045 104.923 0.0 86.4002 100.305 92.1883 92.0869 69.2892 11.6619 101.961 94.6091 88.278 72.1249 55.9732 108.841 38.8973 96.3328 39.0512 59.0762 64.8554 35.1283 88.5342 94.1116 110.113 93.1719 95.5249 73.3809 83.1174 27.4591 35.3553 78.4092 59.6825 36.8782 23.8537 105.931 
58.2687 15.6205 68.7199 46.2709 87.2041 21.2132 105.717 79.2465 52.3927 44.1818 85.3756 4.12311 17.0294 57.3149 54.9025 106.78 36.0555 60.531 68.0074 54.1202 79.555 52.8015 69.2614 87.6571 78.6696 77.9986 59.4643 86.4002 0.0 86.5625 9.48683 111.238 72.5712 75.1864 50.448 54.1202 100.352 77.5331 71.5507 62.9365 72.1803 104.25 51.1077 93.1233 35.556 80.7527 23.4094 42.3792 77.1949 92.0046 102.076 75.1702 28.8444 59.1354 51.6236 16.7631 98.7985 55.0 63.9531 55.3173 
44.2053 70.9444 20.5183 78.2214 30.4795 71.6284 48.3322 63.5295 93.0964 78.076 86.3308 84.8184 69.5338 77.2053 33.8378 31.0161 100.69 79.3052 73.7631 37.5899 57.8014 46.5448 78.848 22.8035 45.793 30.5287 31.305 100.305 86.5625 0.0 82.2353 39.0512 31.0161 91.4822 41.6773 41.5524 28.6356 28.6531 44.3847 30.6757 61.4654 27.074 98.8676 51.6624 58.2719 67.1193 65.4374 46.4082 18.0278 15.2971 25.02 32.0624 58.0989 90.2142 91.137 96.9602 56.2228 71.2593 82.5788 39.3954 
56.4624 13.3417 61.7611 52.4066 85.3168 12.0 103.47 81.1669 59.1692 51.4804 89.627 12.2066 14.5602 61.8934 47.9438 102.808 43.9318 65.3998 71.7008 46.6154 80.7527 50.5371 73.5459 83.6859 78.3995 76.1113 52.3259 92.1883 9.48683 82.2353 0.0 107.873 70.6839 80.8066 42.72 48.0104 96.381 75.6458 71.2806 55.5428 74.1148 100.265 58.6003 92.8627 35.5106 83.0241 17.0294 35.3553 70.2353 87.8635 98.0816 73.2828 24.2074 65.307 58.1808 26.2488 98.5345 58.6941 69.3689 47.4342 
53.1393 96.3746 55.3173 83.7257 24.0832 101.533 18.6815 54.7449 97.17 83.863 76.0263 108.722 95.0238 79.8499 69.1231 8.544 105.064 80.6536 71.5681 73.7564 49.0306 58.9507 76.1577 24.1868 39.9249 33.2415 68.0661 92.0869 111.238 39.0512 107.873 0.0 38.8973 87.1321 77.3692 65.6502 11.7047 33.9706 44.7772 68.469 57.28 12.6491 103.368 33.0151 79.4894 57.4282 91.4203 78.2152 57.0789 24.0208 14.3178 47.634 83.6665 92.358 95.3415 119.173 33.3766 75.1532 82.5651 76.2955 
14.4721 57.7075 30.0167 48.1334 15.0 66.5688 34.2053 33.0151 63.0084 47.9879 55.4707 70.0552 56.3566 47.0425 42.4142 36.0555 69.1836 49.0102 42.9535 45.4721 27.6586 20.2835 48.0521 16.5529 16.4012 5.83095 42.1273 69.2892 72.5712 31.0161 70.6839 38.8973 0.0 60.6383 47.676 34.7131 28.6007 5.0 13.4164 44.3576 30.4631 34.8855 68.7796 27.6586 40.8222 36.6197 55.7166 45.0111 41.7253 26.3059 33.1059 9.48683 47.4838 60.075 61.049 83.3913 33.541 41.1947 52.1536 49.0623 
55.5746 69.9452 88.0469 29.9666 68.0294 85.475 70.6045 32.3883 25.1794 32.2025 15.6205 71.0634 69.4108 20.0 88.9439 89.202 43.0465 16.4012 17.72 91.2866 38.2099 61.9444 12.6491 74.3303 49.0102 62.6498 93.6124 11.6619 75.1864 91.4822 80.8066 87.1321 60.6383 0.0 90.6497 83.2982 82.0549 63.9531 47.676 97.5296 31.0644 90.0222 30.0832 54.5711 53.43 29.8329 76.8743 82.7345 101.083 85.5862 89.0 64.3511 71.6919 17.0294 25.02 68.0294 56.3028 25.4558 12.2066 94.6197 
41.2748 37.054 22.1359 65.3196 59.0085 31.7648 80.0062 74.7239 81.4291 64.4298 93.707 50.636 36.0139 71.0634 8.24621 70.5195 71.9169 74.5185 75.6613 4.24264 71.3567 34.4819 79.5112 54.4525 62.728 52.2398 10.6301 101.961 50.448 41.6773 42.72 77.3692 47.676 90.6497 0.0 13.0384 65.7343 50.1597 57.1716 13.0384 69.2826 67.0671 85.0338 75.3127 39.4462 77.8978 27.2947 9.21954 28.4253 54.0833 64.846 39.5601 25.318 81.7364 79.4546 65.3758 81.2158 65.192 78.7464 5.0 
30.6895 39.0 21.5561 57.9783 46.0435 38.8973 67.0298 64.1386 73.5344 56.5351 83.4167 53.3104 37.6962 63.717 7.73877 69.8934 70.7609 67.1671 69.6131 10.7967 60.0867 23.8971 72.1597 41.8805 49.9933 39.2046 12.4073 94.6091 54.1202 41.5524 48.0104 65.6502 34.7131 83.2982 13.0384 0.0 53.9577 37.1214 45.1516 16.3246 58.7007 66.491 78.3199 62.3699 33.7343 67.3158 31.0644 13.6015 30.0311 53.4945 64.2642 26.9258 25.632 74.395 71.5599 67.0522 68.2495 57.8559 71.3959 14.3868 
43.0151 84.7446 43.7379 75.2396 14.8661 89.9444 21.2603 50.04 89.493 75.1532 72.5603 98.5982 83.3317 72.5328 57.4891 7.61577 96.3496 73.7564 65.4905 62.1691 44.0114 48.8265 70.3491 12.8062 33.2415 23.3238 56.5685 88.278 100.352 28.6356 96.381 11.7047 28.6007 82.0549 65.7343 53.9577 0.0 23.6008 36.6879 57.1402 51.2445 8.06226 95.5196 30.6757 69.3652 53.1507 79.925 66.5226 46.5296 13.3417 7.61577 36.7696 72.1749 85.3756 87.5957 111.934 33.121 67.3573 76.1183 64.7765 
19.434 62.6693 31.0161 52.6032 10.2956 69.4786 30.4138 34.8855 67.4685 52.4577 57.7754 75.017 61.3185 51.2445 44.7039 31.0644 73.6534 53.0377 46.3897 47.7619 29.1548 25.2454 51.4782 11.7047 17.2047 2.23607 43.4166 72.1249 77.5331 28.6531 75.6458 33.9706 5.0 63.9531 50.1597 37.1214 23.6008 0.0 16.2788 45.5412 33.2415 29.9666 73.2462 26.0 45.7841 38.4708 59.238 48.2597 41.2311 22.0227 28.2312 13.8924 52.4456 64.2806 65.5134 88.3531 31.6228 45.5412 56.0089 50.9039 
16.1245 57.9417 42.0806 38.9487 21.8403 68.469 34.2053 19.8494 52.811 39.1152 42.0595 68.8055 56.7309 35.9026 52.8901 44.2719 60.3225 37.3363 30.1496 55.9119 15.0 23.1948 35.2278 27.0185 7.28011 15.0333 57.5586 55.9732 71.5507 44.3847 71.2806 44.7772 13.4164 47.676 57.1716 45.1516 36.6879 16.2788 0.0 56.4187 17.088 44.1475 58.8727 21.8403 36.0046 23.4307 57.4282 52.1728 54.6717 38.0526 42.7551 18.3848 49.2544 48.8365 50.9215 75.2395 27.6586 30.6757 40.05 59.5381 
46.193 48.8365 14.5602 72.0718 52.9528 44.7772 73.6817 76.2498 88.1813 71.182 98.564 62.8172 47.676 77.9484 9.05539 61.0 82.2776 81.3985 82.5413 8.94427 71.3431 39.4006 86.3911 47.1699 60.6699 47.7598 4.12311 108.841 62.9365 30.6757 55.5428 68.469 44.3576 97.5296 13.0384 16.3246 57.1402 45.5412 56.4187 0.0 74.2042 57.2713 92.9668 71.5122 47.3363 79.8181 39.5601 20.6155 15.5563 44.5533 55.109 39.8924 36.1248 88.4886 86.2068 77.2787 77.1622 72.0873 85.6274 9.21954 
28.4253 61.0082 58.5518 30.8058 37.0 74.4312 42.5441 7.07107 41.0488 31.9061 25.2389 68.4471 60.0 23.6008 65.6184 58.5491 52.6308 23.7065 14.3178 68.5299 9.21954 34.8045 19.105 43.2897 18.0278 31.7805 70.2869 38.8973 72.1803 61.4654 74.1148 57.28 30.4631 31.0644 69.2826 58.7007 51.2445 33.2415 17.088 74.2042 0.0 59.1354 47.4342 26.6271 39.0512 9.21954 63.6396 63.6848 71.2015 54.5894 58.0345 34.856 56.0892 35.3412 39.4081 72.3959 30.4138 20.6155 25.2982 72.1177 
49.3573 88.6423 44.9444 82.28 22.3607 93.2113 27.8029 58.0775 96.8401 82.1347 80.6226 102.473 87.2294 80.05 58.8727 4.12311 103.33 81.3941 73.3348 63.2456 52.0384 55.1687 78.2304 18.3576 41.1096 30.0832 57.28 96.3328 104.25 27.074 100.265 12.6491 34.8855 90.0222 67.0671 66.491 8.06226 29.9666 44.1475 57.2713 59.1354 0.0 102.786 38.6005 75.7074 61.2046 83.6002 69.5087 45.0111 13.0 2.23607 42.2019 76.0592 92.9624 94.921 118.276 40.7185 74.7262 83.863 65.521 
62.2925 51.046 94.6381 21.095 80.6536 66.468 89.8888 52.4976 6.40312 22.0 44.7772 47.1699 51.2693 23.8537 84.381 103.121 15.2315 24.0832 34.6554 87.5891 56.6127 65.6166 32.0156 84.8999 63.5059 72.8011 89.0495 39.0512 51.1077 98.8676 58.6003 103.368 68.7796 30.0832 85.0338 78.3199 95.5196 73.2462 58.8727 92.9668 47.4342 102.786 0.0 74.0608 48.8785 51.6236 60.5362 75.8224 107.674 95.079 101.242 71.7334 59.7362 13.8924 8.06226 40.2616 77.6209 28.2312 24.2074 89.9605 
37.2156 79.5239 57.0088 56.5685 21.2132 90.0944 16.1555 22.4722 67.6757 57.3149 43.0116 90.0487 78.3131 50.2195 70.0728 36.6742 78.492 50.2494 40.2492 73.1307 17.4929 44.1022 44.3847 29.0 14.5602 23.7697 69.3109 59.0762 93.1233 51.6624 92.8627 33.0151 27.6586 54.5711 75.3127 62.3699 30.6757 26.0 21.8403 71.5122 26.6271 38.6005 74.0608 0.0 57.5847 24.7386 79.0759 72.1734 66.5733 39.4081 38.2753 36.1248 70.859 61.7738 66.0303 96.0533 6.0 46.7547 51.4296 76.7208 
26.5196 22.2036 50.0858 27.9835 55.0988 35.5106 70.1711 46.0109 44.093 27.0937 57.8024 32.8108 21.095 33.7274 38.7505 76.847 48.2884 37.1998 39.4355 40.7185 45.2769 21.097 42.7691 57.3739 43.1236 45.9471 43.4191 64.8554 35.556 58.2719 35.5106 79.4894 40.8222 53.43 39.4462 33.7343 69.3652 45.7841 36.0046 47.3363 39.0512 75.7074 48.8785 57.5847 0.0 48.1664 25.0 30.8058 61.0428 66.9442 73.9267 43.4211 18.3576 44.4003 42.1185 44.0153 63.2456 27.9835 41.4368 43.8292 
36.8917 70.0071 65.48 37.5766 40.025 83.6002 40.8044 3.60555 45.2548 39.0 19.6469 76.9415 69.029 28.6007 74.2336 60.0083 58.8303 27.5862 16.9706 77.1451 9.48683 43.4197 20.2485 47.1275 21.5407 36.6742 78.9021 35.1283 80.7527 67.1193 83.0241 57.4282 36.6197 29.8329 77.8978 67.3158 53.1507 38.4708 23.4307 79.8181 9.21954 61.2046 51.6236 24.7386 48.1664 0.0 72.8354 72.3 78.1025 58.5235 60.407 41.7842 65.307 38.4187 43.8634 79.7155 26.8328 27.313 27.8029 80.7329 
41.9762 10.198 45.3148 47.7875 69.3169 11.0454 88.5808 70.4557 60.3098 46.8613 82.7856 23.3452 9.48683 57.1857 31.4974 86.267 47.4131 60.7448 64.4187 30.8058 69.029 35.4401 67.7523 67.2336 64.6297 61.144 36.0555 88.5342 23.4094 65.4374 17.0294 91.4203 55.7166 76.8743 27.2947 31.0644 79.925 59.238 57.4282 39.5601 63.6396 83.6002 60.5362 79.0759 25.0 72.8354 0.0 18.9737 53.7898 71.0634 81.4002 58.3156 8.24621 64.8737 59.2008 38.1182 85.0 52.9667 64.7498 32.249 
36.1386 28.2843 26.4119 57.291 57.8705 25.4951 78.6384 69.1397 75.596 56.4012 85.8968 42.2019 27.1662 63.0349 12.5946 72.3531 62.7054 66.5073 67.8511 12.0416 66.0984 29.1204 71.7008 54.4059 58.6941 50.1597 17.088 94.1116 42.3792 46.4082 35.3553 78.2152 45.0111 82.7345 9.21954 13.6015 66.5226 48.2597 52.1728 20.6155 63.6848 69.5087 75.8224 72.1734 30.8058 72.3 18.9737 0.0 34.8869 56.9245 67.2954 36.0555 16.1245 73.7078 74.4869 56.7186 78.1601 57.28 70.7443 14.1421 
53.8032 62.7578 15.2971 86.7794 46.0652 59.9083 65.4599 74.5185 102.889 85.8896 96.4166 76.8667 61.5615 86.8032 22.3607 49.0 95.9841 88.903 83.3632 24.2074 69.3542 51.395 88.4462 39.0 58.0 43.4166 18.0278 110.113 77.1949 18.0278 70.2353 57.0789 41.7253 101.083 28.4253 30.0311 46.5296 41.2311 54.6717 15.5563 71.2015 45.0111 107.674 66.5733 61.0428 78.1025 53.7898 34.8869 0.0 33.2415 43.0 38.5906 49.879 99.8121 100.914 91.1751 71.6938 80.8572 92.1767 24.7588 
40.5941 76.397 31.9531 74.6102 18.7883 80.6271 33.6155 55.0818 89.3078 74.4648 78.1601 90.2281 74.984 73.2462 45.8803 16.4924 95.6605 75.06 68.1836 50.2892 49.0408 46.4055 73.2462 11.4018 37.108 23.0217 44.3847 93.1719 92.0046 15.2971 87.8635 24.0208 26.3059 85.5862 54.0833 53.4945 13.3417 22.0227 38.0526 44.5533 54.5894 13.0 95.079 39.4081 66.9442 58.5235 71.0634 56.9245 33.2415 0.0 10.7703 31.7805 63.7024 86.2844 87.3484 102.37 43.1856 67.4759 78.0 52.6308 
47.5766 86.4682 42.72 80.6536 21.095 90.998 28.3196 57.2189 95.3362 80.5195 79.9062 100.299 85.0553 78.6448 56.648 6.0 101.715 80.0625 72.1734 61.0328 51.1566 53.388 77.1038 16.5529 40.0125 28.4605 55.0818 95.5249 102.076 25.02 98.0816 14.3178 33.1059 89.0 64.846 64.2642 7.61577 28.2312 42.7551 55.109 58.0345 2.23607 101.242 38.2753 73.9267 60.407 81.4002 67.2954 43.0 10.7703 0.0 40.2244 73.8783 91.5915 93.4077 116.496 40.7063 73.2462 82.6075 63.3246 
17.0711 60.3064 25.5543 51.0872 24.1868 69.1678 43.6807 38.2159 65.9622 50.9418 60.0711 72.6541 58.9556 50.0711 34.6558 43.9318 72.1375 52.171 46.6311 37.7137 33.3199 22.8825 51.7141 24.0832 23.2266 15.2315 39.3243 73.3809 75.1702 32.0624 73.2828 47.634 9.48683 64.3511 39.5601 26.9258 36.7696 13.8924 18.3848 39.8924 34.856 42.2019 71.7334 36.1248 43.4211 41.7842 58.3156 36.0555 38.5906 31.7805 40.2244 0.0 50.0827 63.08 64.0028 85.9902 42.107 44.1251 55.4446 41.3038 
33.7343 13.4164 41.4041 45.5728 61.5631 19.2354 80.3479 62.8013 59.5098 44.6466 76.0592 27.7308 12.083 51.9894 27.5867 78.6023 46.6192 55.4617 57.6975 28.0179 61.131 27.2029 61.0311 59.4798 56.4358 52.9111 32.2553 83.1174 28.8444 58.0989 24.2074 83.6665 47.4838 71.6919 25.318 25.632 72.1749 52.4456 49.2544 36.1248 56.0892 76.0592 59.7362 70.859 18.3576 65.307 8.24621 16.1245 49.879 63.7024 73.8783 50.0827 0.0 62.659 58.4007 41.4849 76.7919 46.2455 59.6988 30.2655 
53.6418 56.7146 86.7758 17.2047 70.6116 72.1517 77.8267 39.6611 8.24621 19.2094 31.0161 55.0273 56.9379 13.0384 79.9028 92.8924 26.0192 11.7047 21.6333 82.3443 44.2945 61.1384 18.3848 75.6637 52.4976 63.5059 84.5713 27.4591 59.1354 90.2142 65.307 92.358 60.075 17.0294 81.7364 74.395 85.3756 64.2806 48.8365 88.4886 35.3412 92.9624 13.8924 61.7738 44.4003 38.4187 64.8737 73.7078 99.8121 86.2844 91.5915 63.08 62.659 0.0 8.0 51.0882 64.8999 19.0263 10.6301 85.705 
54.5619 49.7106 87.8782 14.1421 72.7324 65.1477 81.8352 44.5982 2.0 15.5242 38.6005 47.5395 49.9339 15.8114 77.621 95.1893 18.0278 16.2788 26.9072 80.0626 48.6004 58.8566 24.6982 77.1298 55.4617 65.0 82.2896 35.3553 51.6236 91.137 58.1808 95.3415 61.049 25.02 79.4546 71.5599 87.5957 65.5134 50.9215 86.2068 39.4081 94.921 8.06226 66.0303 42.1185 43.8634 59.2008 74.4869 100.914 87.3484 93.4077 64.0028 58.4007 8.0 0.0 43.1045 69.6563 20.2485 17.0 83.4232 
66.983 28.4429 88.0066 42.45 95.4488 37.855 109.44 79.0535 43.2897 40.8044 80.399 15.0333 29.6142 52.9528 68.8827 119.416 25.318 55.5788 64.7611 68.7314 81.2122 61.5604 64.7765 99.9429 82.0057 87.1087 73.5459 78.4092 16.7631 96.9602 26.2488 119.173 83.3913 68.0294 65.3758 67.0522 111.934 88.3531 75.2395 77.2787 72.3959 118.276 40.2616 96.0533 44.0153 79.7155 38.1182 56.7186 91.1751 102.37 116.496 85.9902 41.4849 51.0882 43.1045 0.0 101.323 52.4976 58.2151 70.3491 
43.1856 85.1956 62.6259 60.959 25.807 96.026 15.0 25.2389 71.218 61.8466 43.566 95.3663 83.9848 53.9073 75.9394 38.2753 82.8794 53.6004 43.2666 78.9973 21.2132 50.0899 47.0106 33.4215 20.3961 29.4109 75.0142 59.6825 98.7985 56.2228 98.5345 33.3766 33.541 56.3028 81.2158 68.2495 33.121 31.6228 27.6586 77.1622 30.4138 40.7185 77.6209 6.0 63.2456 26.8328 85.0 78.1601 71.6938 43.1856 40.7063 42.107 76.7919 64.8999 69.6563 101.323 0.0 50.9313 54.3783 82.5874 
34.7133 46.5725 67.8209 10.2956 52.4976 61.8092 62.2013 26.9258 22.1359 11.7047 31.0483 51.0098 45.8803 6.32456 63.5015 74.9466 32.0156 9.43398 13.0384 65.8443 29.7321 41.0832 15.2315 57.0701 35.3553 44.911 68.17 36.8782 55.0 71.2593 58.6941 75.1532 41.1947 25.4558 65.192 57.8559 67.3573 45.5412 30.6757 72.0873 20.6155 74.7262 28.2312 46.7547 27.9835 27.313 52.9667 57.28 80.8572 67.4759 73.2462 44.1251 46.2455 19.0263 20.2485 52.4976 50.9313 0.0 13.6015 69.1773 
46.1407 57.8208 79.1404 18.0278 61.5224 73.3505 67.5426 29.1548 18.0278 20.2485 22.2036 59.8415 57.2864 7.81025 77.0416 83.5464 34.2053 4.24264 11.1803 79.3844 34.0147 52.5106 7.81025 67.0671 42.9535 55.0091 81.7101 23.8537 63.9531 82.5788 69.3689 82.5651 52.1536 12.2066 78.7464 71.3959 76.1183 56.0089 40.05 85.6274 25.2982 83.863 24.2074 51.4296 41.4368 27.8029 64.7498 70.7443 92.1767 78.0 82.6075 55.4446 59.6988 10.6301 17.0 58.2151 54.3783 13.6015 0.0 82.7174 
44.1065 42.0476 21.095 69.2883 59.1354 36.2491 80.0999 77.5556 85.3977 68.3984 96.6039 55.5788 41.0122 75.0384 8.544 69.1231 76.8436 78.4885 79.6313 3.60555 74.1884 37.3141 83.4812 54.037 64.3799 53.0973 8.24621 105.931 55.3173 39.3954 47.4342 76.2955 49.0623 94.6197 5.0 14.3868 64.7765 50.9039 59.5381 9.21954 72.1177 65.521 89.9605 76.7208 43.8292 80.7329 32.249 14.1421 24.7588 52.6308 63.3246 41.3038 30.2655 85.705 83.4232 70.3491 82.5874 69.1773 82.7174 0.0 
DEMAND_SCENARIO_SECTION
0 0 0 0 0 0 0 0 0 0 0 0 0 0 0 0 0 0 0 0 0 0 0 0 0 0 0 0 0 0 0 0 0 0 0 0 0 0 0 0 0 0 0 0 0 0 0 0 0 0 0 0 0 0 0 0 0 0 0 0 0 0 0 0 0 0 0 0 0 0 0 0 0 0 0 0 0 0 0 0 0 0 0 0 0 0 0 0 0 0 0 0 0 0 0 0 0 0 0 0 0 0 0 0 0 0 0 0 0 0 0 0 0 0 0 0 0 0 0 0 0 0 0 0 0 0 0 0 0 0 0 0 0 0 0 0 0 0 0 0 0 0 0 0 0 0 0 0 0 0 0 0 0 0 0 0 0 0 0 0 0 0 0 0 0 0 0 0 0 0 0 0 0 0 0 0 0 0 0 0 0 0 0 0 0 0 0 0 0 0 0 0 0 0 0 0 0 0 0 0 
1 1 1 1 1 1 1 1 1 2 1 1 1 1 1 1 1 1 1 0 1 1 1 1 0 1 1 1 1 1 2 1 1 1 1 1 1 1 1 1 1 1 1 1 1 1 1 1 0 1 1 1 2 1 1 1 1 1 1 1 1 1 1 1 1 1 1 1 1 1 1 1 1 1 1 1 1 1 1 1 1 1 1 1 1 1 0 1 0 1 1 1 1 1 1 1 1 1 1 1 1 1 1 1 1 1 1 1 1 1 1 0 1 1 1 1 1 1 1 1 1 1 1 1 1 1 2 0 1 1 1 1 1 1 1 1 1 1 1 0 1 1 1 1 1 0 1 1 1 1 1 1 2 2 2 1 1 1 1 1 1 1 1 2 1 1 1 2 1 1 1 1 1 1 1 1 1 1 0 1 1 1 1 1 1 1 1 2 1 1 1 1 1 1 2 1 1 1 1 1 
8 12 8 12 11 8 12 13 8 7 7 10 7 8 10 7 8 8 2 12 11 7 7 11 10 4 10 6 5 11 7 14 10 9 7 5 8 4 11 9 4 9 10 13 9 12 10 11 6 4 9 4 12 5 6 9 6 11 10 10 8 6 11 9 8 6 8 10 8 11 7 5 10 9 3 3 7 7 12 9 10 7 7 8 7 7 6 12 1 6 10 4 5 5 4 10 7 7 7 7 7 7 9 10 10 12 8 4 3 7 9 5 8 7 10 9 11 3 6 12 4 11 9 9 8 11 10 10 6 4 9 4 11 11 10 7 4 10 11 9 8 4 7 6 13 9 7 12 12 7 8 8 9 8 12 3 11 10 8 10 7 7 13 10 11 9 12 12 9 8 8 8 10 10 8 7 7 8 6 8 10 6 14 11 6 7 6 8 10 8 8 7 9 8 3 12 9 8 7 6 
5 2 7 4 2 0 5 6 5 5 3 5 4 2 2 4 5 2 2 4 3 4 2 4 4 3 1 3 4 7 5 5 3 5 2 3 4 3 3 4 5 1 3 4 6 3 4 3 4 6 4 0 5 4 5 5 2 7 5 4 6 3 5 5 4 6 6 5 6 4 4 5 5 5 4 3 3 6 6 3 5 5 5 4 1 6 5 5 3 5 4 4 4 5 5 5 4 5 6 5 5 3 4 6 3 5 5 5 5 3 3 3 2 5 3 5 4 3 5 4 1 4 5 5 2 2 3 4 7 5 4 4 4 3 5 3 5 4 5 6 4 5 4 7 4 4 4 5 2 4 5 5 3 6 5 6 3 4 6 3 2 6 3 4 3 3 4 5 4 5 6 3 4 3 4 4 5 5 1 3 3 4 2 4 5 3 4 5 3 4 2 8 6 3 6 5 4 5 5 4 
11 7 4 6 7 8 4 6 6 11 9 7 11 4 4 7 8 5 10 6 8 5 8 7 9 5 5 10 7 10 3 6 3 8 5 7 8 7 7 6 6 9 6 4 5 5 10 10 8 8 9 7 2 6 6 6 9 7 9 7 2 7 7 7 7 10 8 5 5 11 6 8 8 3 8 6 4 6 5 4 7 3 9 6 3 6 14 5 8 9 10 8 6 10 7 6 6 9 7 5 8 10 9 7 4 5 5 8 8 8 9 7 7 8 5 8 8 6 7 10 12 6 8 6 8 11 6 7 9 12 13 5 7 8 6 12 10 7 5 9 3 11 11 9 6 9 8 7 10 10 4 4 7 6 8 9 10 4 2 8 5 11 8 12 8 3 8 14 6 6 12 8 8 8 4 5 8 9 7 2 9 9 8 8 5 8 6 8 9 5 5 6 4 4 4 6 8 6 8 8 
4 6 4 4 4 3 6 2 3 3 6 3 3 3 5 6 4 1 2 7 6 3 4 3 3 2 2 0 4 3 2 4 3 3 7 4 6 3 4 4 4 5 6 3 2 5 5 4 6 6 3 4 6 6 3 2 4 3 4 5 3 4 4 7 4 5 7 3 4 4 6 6 6 3 4 6 5 0 2 4 5 5 3 3 4 3 4 3 6 8 3 7 2 3 3 4 3 4 4 6 5 4 3 5 5 4 5 1 4 7 3 5 6 2 4 4 5 6 5 4 2 4 7 4 5 5 2 4 5 1 5 4 4 5 4 6 3 5 5 2 2 5 5 5 4 5 5 3 4 7 3 2 4 4 5 4 3 5 4 4 5 4 5 4 5 2 3 4 5 4 5 4 4 4 4 4 6 4 4 3 2 2 2 4 5 5 5 5 4 4 3 3 1 2 4 6 6 3 4 6 
4 4 3 5 4 5 5 6 5 5 5 2 5 5 4 5 4 5 4 5 6 4 3 3 5 3 3 4 3 5 0 3 5 5 6 2 3 4 3 3 4 4 5 4 2 7 2 6 5 5 3 4 4 3 5 4 5 4 4 6 3 2 6 6 6 3 2 3 3 3 3 4 3 3 4 4 2 6 5 4 6 5 1 5 4 4 7 4 4 4 3 3 4 3 6 7 5 4 5 4 2 5 4 5 2 6 5 3 2 3 4 3 2 3 4 6 2 5 5 5 3 5 3 3 6 3 2 3 5 4 2 2 5 3 5 4 2 4 2 4 5 4 5 4 3 6 2 3 5 4 2 5 6 4 4 4 4 5 4 6 4 3 5 2 4 3 4 4 7 6 5 3 2 5 4 5 2 3 2 4 5 4 3 5 6 3 5 2 3 4 4 4 7 4 6 3 2 4 5 5 
1 1 1 1 1 1 1 1 1 1 2 1 1 1 1 1 1 1 1 1 1 1 1 1 1 1 1 1 1 1 1 1 1 1 1 2 2 1 1 1 1 1 1 1 1 1 1 1 1 1 1 1 1 1 1 1 1 1 1 1 1 1 1 1 1 1 1 1 1 1 1 1 1 1 1 1 0 1 1 1 1 1 1 1 1 0 1 1 1 1 1 1 1 0 1 1 2 1 1 2 1 1 1 1 1 2 1 1 1 2 1 1 1 1 1 1 1 1 0 1 1 1 1 1 2 1 1 1 1 1 1 1 1 1 0 1 1 0 1 1 0 1 1 1 1 1 1 1 1 1 1 1 1 1 1 1 1 1 1 1 0 1 1 1 1 1 1 1 1 1 1 1 1 1 2 1 1 1 1 1 2 1 1 1 1 1 1 1 1 1 1 1 1 1 0 1 1 1 1 1 
10 8 5 7 5 8 10 4 5 11 10 8 12 9 8 4 2 7 10 7 6 7 10 6 8 6 11 5 6 10 4 10 7 9 8 3 4 14 7 11 11 8 9 6 9 9 3 11 8 9 3 6 6 7 9 9 10 8 12 7 10 10 9 9 5 8 13 3 4 2 8 6 7 8 4 9 2 10 5 10 7 9 6 8 11 9 12 8 6 11 9 11 11 4 8 7 10 7 6 10 7 6 9 10 4 9 6 8 10 13 6 2 9 12 15 4 6 12 6 7 3 8 6 3 9 9 9 10 6 8 6 8 8 10 11 11 8 11 11 9 8 9 10 12 10 11 13 12 11 15 11 11 4 4 7 11 8 7 7 7 8 7 8 7 8 9 5 14 8 10 7 11 6 7 9 1 9 7 13 6 10 6 9 7 8 10 9 8 8 7 8 9 4 8 10 7 8 6 3 13 
8 4 5 3 5 8 7 5 7 4 5 5 6 5 4 4 0 3 7 7 9 3 8 5 8 7 5 6 4 4 6 2 5 5 8 6 8 7 4 6 7 6 8 4 9 5 6 2 5 8 6 9 2 7 7 7 6 2 6 6 3 3 7 9 3 6 5 8 7 6 3 1 9 7 5 7 6 4 9 4 4 7 9 7 6 7 3 7 7 8 7 3 9 8 4 5 6 4 7 8 5 7 5 8 7 7 8 2 5 3 6 9 3 8 11 6 5 8 2 5 8 7 8 9 2 4 3 5 2 5 7 5 5 5 6 5 5 7 5 3 5 10 5 6 7 7 5 7 7 7 5 7 4 6 6 6 11 8 7 8 7 3 7 6 3 8 3 3 0 6 6 12 4 7 4 1 5 7 6 8 2 2 10 9 3 7 8 6 7 6 3 4 8 4 3 2 9 7 7 3 
10 18 12 4 10 6 14 14 8 15 11 13 9 9 7 13 8 7 8 11 5 10 7 11 5 10 11 7 12 14 10 9 9 3 13 13 11 9 11 9 6 12 7 10 7 17 7 7 5 10 9 8 11 7 11 8 14 7 11 8 10 9 10 3 8 11 5 6 13 8 9 5 8 9 11 8 6 8 10 8 10 10 11 9 10 2 7 8 12 6 0 12 7 9 7 7 13 12 1 7 12 11 7 13 12 4 11 4 7 10 10 6 3 8 5 10 7 7 8 5 11 7 8 8 9 6 14 9 9 12 10 5 12 9 12 8 9 7 3 9 8 12 11 8 6 7 6 6 11 12 9 9 6 10 6 11 10 13 8 6 9 7 12 8 10 7 2 8 6 14 9 9 7 4 6 11 5 5 12 7 13 8 7 12 8 11 8 10 6 10 12 7 10 7 16 8 5 7 9 7 
12 9 6 4 11 9 8 12 10 10 7 8 13 10 5 6 12 9 11 21 8 8 16 9 12 8 7 15 10 15 14 9 12 10 13 9 4 11 3 12 11 11 9 8 8 12 9 6 15 9 13 12 10 13 6 11 5 7 14 13 9 9 7 11 18 17 10 15 8 8 5 10 4 14 10 10 9 9 5 16 6 2 10 8 13 13 7 14 10 9 12 13 11 7 8 8 15 6 14 7 9 4 13 5 9 9 13 19 6 9 11 5 10 15 4 11 7 7 5 12 6 15 12 13 11 20 11 14 2 8 10 8 11 12 9 5 5 9 13 10 13 7 8 16 14 8 14 7 16 15 7 5 10 10 2 16 13 11 11 11 10 13 5 9 8 10 8 8 6 3 16 2 2 1 16 12 7 6 10 7 4 7 8 2 10 14 8 11 13 10 13 6 3 3 10 13 16 13 9 9 
11 10 8 13 9 2 6 9 7 5 10 12 13 11 9 11 12 5 8 8 8 6 7 13 11 5 10 9 7 7 9 6 9 6 7 4 6 9 3 6 9 3 8 5 5 8 10 5 15 5 10 11 7 7 9 10 8 10 6 8 9 7 6 5 10 10 8 9 8 12 5 9 6 2 8 6 10 7 9 11 7 6 11 9 6 8 7 6 4 12 12 4 7 10 9 9 9 5 9 3 3 5 6 7 9 11 8 8 7 5 7 2 6 7 12 7 5 7 11 6 9 5 6 6 8 8 5 9 4 7 4 7 12 7 12 9 8 6 5 5 7 5 8 7 7 7 13 12 5 14 5 11 8 5 12 9 9 10 7 4 10 5 10 8 6 7 8 3 9 11 6 8 7 12 10 7 8 9 4 13 12 7 8 10 5 3 8 6 13 7 16 9 14 5 13 6 10 12 8 7 
2 5 4 10 9 4 5 6 9 5 6 1 6 4 5 8 4 4 5 6 7 2 9 6 4 8 2 3 3 4 5 6 5 4 3 6 4 5 5 7 3 6 8 6 6 4 4 6 3 4 6 4 5 5 4 6 4 7 5 4 6 5 8 3 4 4 4 6 4 1 6 5 7 8 6 5 5 5 4 7 7 5 4 5 6 8 8 4 2 6 7 5 1 2 5 8 9 4 4 8 3 7 5 6 4 6 6 7 5 6 6 10 5 8 5 8 5 5 5 4 4 4 6 7 1 3 6 5 4 1 5 7 3 4 7 6 3 6 5 5 6 5 5 4 5 5 3 3 5 6 2 5 6 3 5 5 4 10 6 4 8 6 1 8 8 4 4 4 5 6 4 5 5 7 4 6 4 5 5 5 6 6 4 6 5 7 5 9 4 5 5 3 6 4 3 4 5 6 7 4 
9 10 6 8 15 8 10 10 9 10 14 5 6 8 10 5 4 12 5 10 8 13 7 11 11 9 10 9 8 10 10 7 14 12 10 14 9 14 6 10 10 9 12 13 9 8 15 11 14 12 13 10 12 8 10 8 9 10 9 4 12 18 12 9 10 17 6 7 2 10 7 12 9 13 10 13 8 8 9 12 10 7 13 9 9 12 9 1 14 7 12 12 6 6 9 8 11 13 10 7 9 5 13 12 10 14 10 9 6 9 7 3 13 9 12 12 7 10 7 9 11 17 11 9 12 9 15 11 5 13 10 9 9 7 14 8 13 15 11 9 10 13 9 12 9 8 3 9 5 5 8 13 9 10 4 14 10 11 6 4 9 6 6 1 16 6 9 7 9 8 3 9 13 11 10 14 9 11 9 9 13 5 12 9 11 9 7 9 3 13 8 14 9 13 4 13 14 5 13 6 
2 8 5 4 3 4 6 3 3 3 3 2 5 4 2 3 5 6 4 5 4 5 5 5 6 1 5 5 3 4 4 5 5 4 3 3 5 3 3 5 4 2 2 6 7 3 4 5 5 4 5 6 3 5 3 5 5 2 3 5 4 5 5 4 2 1 4 3 6 1 4 2 3 3 2 7 5 5 4 2 4 4 7 2 3 4 1 4 2 3 5 7 5 3 5 4 5 3 6 5 5 2 3 1 3 2 3 2 4 6 6 5 5 4 5 2 6 4 3 3 6 5 3 5 3 5 6 2 4 2 3 5 4 6 3 4 3 4 4 2 5 5 4 6 4 5 3 5 3 5 3 4 3 2 4 5 4 5 2 4 3 5 6 3 4 4 4 7 6 3 5 4 4 4 3 3 6 5 5 2 8 4 3 3 1 3 4 3 4 5 3 6 5 2 5 4 1 3 4 1 
7 7 9 7 10 9 10 8 5 9 10 10 7 11 8 7 14 6 6 6 8 9 11 8 13 12 10 8 5 11 11 10 10 9 12 10 6 7 9 10 11 15 12 11 4 6 5 9 11 10 9 11 8 12 8 7 18 8 11 0 14 8 8 10 7 5 10 7 14 11 6 14 10 14 11 7 11 8 10 16 7 7 7 7 5 10 6 9 16 10 12 7 7 7 8 5 8 7 10 9 17 9 9 8 6 4 12 9 7 15 7 15 7 9 11 9 12 10 14 5 13 9 5 5 9 8 9 11 11 7 7 6 8 12 13 14 13 13 10 11 10 13 11 9 8 6 9 7 5 8 9 7 8 9 3 11 11 4 11 7 8 6 8 8 6 10 9 12 8 9 11 13 5 10 10 8 12 8 11 5 11 11 9 9 7 11 9 8 10 14 11 6 7 10 12 8 14 9 8 10 
9 8 6 4 7 5 4 7 6 6 7 5 9 6 3 7 4 6 3 6 6 9 3 7 3 9 5 1 5 3 7 7 5 6 7 8 3 9 4 9 7 10 4 5 6 8 7 4 8 7 5 5 10 8 5 8 4 6 7 8 7 8 7 7 2 8 2 6 5 2 7 5 2 7 5 6 5 5 4 6 4 5 8 6 8 5 4 9 3 5 7 9 4 6 6 4 9 5 9 6 5 8 5 6 8 0 3 9 5 6 8 10 8 7 6 7 5 10 3 7 6 9 10 5 7 10 6 8 8 7 6 7 5 3 6 7 7 7 4 6 7 7 7 5 5 5 4 8 7 6 2 5 8 5 5 4 3 5 7 5 5 6 9 6 7 4 4 5 6 7 5 8 6 5 2 8 6 7 5 4 10 7 4 8 5 7 7 6 6 7 9 7 6 6 7 6 5 6 6 3 
10 4 10 10 11 11 10 6 6 10 13 9 6 9 16 10 9 10 13 14 12 4 10 7 6 17 11 6 5 11 7 17 8 15 9 15 8 6 10 9 13 13 9 9 8 10 10 14 12 14 11 13 12 15 9 10 9 11 14 7 10 3 10 10 9 12 3 7 16 16 13 8 10 15 12 10 10 10 7 4 15 8 13 11 14 9 14 8 10 11 10 10 11 16 9 14 8 11 9 8 17 6 10 13 9 9 6 10 3 14 8 9 8 11 10 7 7 6 7 11 4 11 12 7 10 11 14 13 12 8 7 12 14 13 8 7 10 14 10 8 8 15 8 11 6 11 15 9 11 15 4 10 6 7 11 13 15 13 12 7 6 13 11 11 7 10 11 11 13 13 13 10 10 8 10 8 9 12 13 16 12 7 8 5 10 8 10 9 16 13 12 12 10 8 17 8 8 11 10 9 
3 1 2 1 3 2 2 3 1 2 3 2 4 3 1 3 2 2 2 2 2 1 0 2 2 3 2 2 2 1 2 2 2 2 1 2 3 2 2 2 2 2 1 3 1 1 2 2 2 3 3 2 3 3 2 2 2 2 3 2 3 3 2 2 2 2 2 2 2 2 2 2 2 3 3 2 2 2 2 2 2 2 2 1 3 2 2 2 1 2 2 2 2 2 1 2 4 1 2 3 2 2 1 4 2 2 1 1 2 1 2 2 2 2 3 2 2 1 1 2 2 3 2 1 1 1 3 3 2 2 2 2 3 2 3 1 3 3 2 3 2 2 2 2 3 3 2 2 2 2 2 2 3 3 2 2 3 2 1 1 2 2 1 2 2 3 3 2 2 1 0 2 3 2 3 1 1 1 2 1 3 3 1 3 2 1 2 1 2 1 2 3 1 1 2 0 2 2 1 2 
1 2 1 2 1 2 2 2 3 3 2 2 2 2 2 1 1 1 3 2 3 2 3 1 3 2 4 1 1 2 3 2 2 4 3 1 2 3 2 2 4 3 2 3 0 1 2 3 2 3 2 2 1 3 2 2 2 2 2 2 1 3 2 2 3 3 2 1 2 3 3 3 1 2 3 2 1 2 2 2 2 4 2 3 3 2 2 3 2 3 2 1 3 2 3 2 3 3 3 2 3 2 1 3 3 2 2 2 2 2 2 2 3 1 2 3 1 3 2 2 2 3 1 2 2 2 0 2 1 2 2 2 1 2 2 2 2 2 2 3 3 2 2 2 1 2 1 2 2 2 2 1 1 1 2 2 2 2 2 2 2 2 2 2 1 3 2 1 2 2 1 2 1 1 2 1 3 3 3 2 1 3 2 1 3 2 2 2 2 2 2 3 1 2 3 2 2 2 2 1 
9 6 2 5 10 8 6 7 10 8 13 6 8 11 10 4 7 8 6 7 6 10 5 6 9 6 5 11 8 10 5 8 6 8 6 12 6 9 10 9 11 2 10 3 9 5 15 10 6 11 7 9 10 9 8 7 7 11 10 7 10 8 9 7 11 7 3 6 7 11 5 7 9 4 3 6 10 7 8 9 9 4 5 1 8 10 6 6 8 13 9 5 10 9 8 7 11 10 11 9 2 9 9 9 7 8 5 9 7 6 7 8 9 11 8 10 9 8 7 13 8 9 10 6 8 9 10 6 12 6 6 9 5 6 10 7 6 10 9 8 8 11 8 12 6 7 9 2 10 12 8 7 13 12 7 7 11 6 6 7 10 6 11 6 8 11 10 7 8 5 11 5 8 11 4 7 8 10 12 6 7 11 9 4 8 8 7 13 8 10 6 11 9 13 11 11 11 4 9 10 
