NAME  : Jabali_60_2_0.90_1_0
TYPE : SVRP
MODEL : FINITE_SUPPORT
NUMBER_OF_SCENARIOS : 200
DIMENSION : 60
EDGE_WEIGHT_TYPE : MATRIX
CAPACITY : 175
N_VEHICLES : 2
NODE_COORD_SECTION
1 3765 3877
2 3471 4091
3 3334 6505
4 1982 2550
5 1996 4282
6 5017 3381
7 27 3297
8 1400 5643
9 4302 4306
10 5052 5825
11 5448 3597
12 1849 7776
13 4828 4039
14 4698 5093
15 5140 6799
16 7252 5734
17 4935 2614
18 2877 4597
19 3855 7954
20 1994 6870
21 2646 4342
22 2512 5888
23 7773 5475
24 7652 2889
25 5699 6750
26 6356 2709
27 3814 4836
28 2624 4856
29 7761 7003
30 4221 2721
31 956 5592
32 5023 5316
33 1887 1307
34 6500 3221
35 5929 5298
36 2194 8018
37 6627 18
38 2272 5680
39 3345 6219
40 1937 7066
41 147 3633
42 2686 978
43 4351 5480
44 7303 6686
45 3890 5443
46 2678 1470
47 1552 1743
48 4787 4893
49 6820 624
50 5588 3906
51 2191 902
52 216 2732
53 1329 4603
54 7796 3894
55 7027 3812
56 3835 778
57 3356 3673
58 1341 3770
59 6410 2492
60 1518 1111
DEMAND_SECTION
1 0.0
2 8.0
3 4.0
4 10.0
5 4.0
6 1.0
7 4.0
8 4.0
9 9.0
10 1.0
11 8.0
12 1.0
13 8.0
14 9.0
15 5.0
16 9.0
17 1.0
18 8.0
19 3.0
20 7.0
21 4.0
22 2.0
23 6.0
24 4.0
25 8.0
26 8.0
27 2.0
28 7.0
29 5.0
30 8.0
31 9.0
32 1.0
33 10.0
34 4.0
35 8.0
36 6.0
37 1.0
38 4.0
39 5.0
40 8.0
41 4.0
42 10.0
43 4.0
44 1.0
45 3.0
46 5.0
47 3.0
48 10.0
49 2.0
50 10.0
51 7.0
52 4.0
53 5.0
54 1.0
55 7.0
56 10.0
57 5.0
58 4.0
59 6.0
60 1.0
DEVIATION_SECTION
1 0.0
2 2.66667
3 1.33333
4 3.33333
5 1.33333
6 0.333333
7 1.33333
8 1.33333
9 3.0
10 0.333333
11 2.66667
12 0.333333
13 2.66667
14 3.0
15 1.66667
16 3.0
17 0.333333
18 2.66667
19 1.0
20 2.33333
21 1.33333
22 0.666667
23 2.0
24 1.33333
25 2.66667
26 2.66667
27 0.666667
28 2.33333
29 1.66667
30 2.66667
31 3.0
32 0.333333
33 3.33333
34 1.33333
35 2.66667
36 2.0
37 0.333333
38 1.33333
39 1.66667
40 2.66667
41 1.33333
42 3.33333
43 1.33333
44 0.333333
45 1.0
46 1.66667
47 1.0
48 3.33333
49 0.666667
50 3.33333
51 2.33333
52 1.33333
53 1.66667
54 0.333333
55 2.33333
56 3.33333
57 1.66667
58 1.33333
59 2.0
60 0.333333
DISTANCE_MATRIX
0.0 4.47214 34.7851 29.6713 26.4638 19.7037 55.6421 40.5488 9.89949 31.305 23.5771 57.0088 14.6702 21.6333 43.6807 55.2559 25.7324 15.2039 54.7449 46.0109 17.8725 30.4795 61.165 54.6319 47.0106 40.2073 13.0 19.1127 70.2869 19.7692 45.8567 26.4008 44.0114 38.7066 43.0259 58.5235 69.5413 29.7321 31.6228 47.5079 52.5385 43.2897 22.8035 63.3263 21.0 37.4833 41.6773 20.6155 64.2885 24.5719 46.3249 51.5991 35.8162 53.9008 43.4914 43.5503 5.83095 36.8004 41.8084 48.3322 
4.47214 0.0 31.7805 29.9953 22.2325 23.2315 51.4107 36.3187 12.083 31.6228 27.074 53.0094 18.1108 22.6274 43.0813 58.6057 29.2603 10.9725 52.2398 41.8688 13.6412 26.4008 64.5148 58.1378 47.0106 43.7351 11.7047 14.8813 70.805 23.2971 41.6266 27.5862 44.643 42.19 43.544 54.7083 73.0692 25.5021 28.6356 43.4166 48.3072 45.0111 22.3607 63.8444 19.4165 39.0512 42.0053 22.0227 67.8164 28.0713 47.5184 53.7776 31.5848 57.4241 47.0147 46.4878 5.09902 32.5691 45.3363 48.7648 
34.7851 31.7805 0.0 57.3149 34.4819 47.0106 60.9384 27.5862 31.6228 25.4951 47.3814 26.8328 38.2884 27.4591 24.6982 52.0 55.2268 26.0192 21.095 20.025 30.0167 13.4536 59.0339 79.145 31.6228 64.7043 22.8254 24.5153 59.7746 49.7354 32.6497 29.5466 74.1687 61.3695 36.7043 26.4008 98.0816 17.0294 3.16228 20.2237 56.9919 76.2365 20.2485 53.6004 16.2788 70.1798 69.7209 29.4109 92.0217 46.1774 78.0 65.8761 44.6833 68.7049 63.9741 78.1984 36.4966 45.6716 66.7002 77.5242 
29.6713 29.9953 57.3149 0.0 24.3311 43.8985 27.6586 40.4969 39.3316 60.9625 50.1639 71.3092 43.6196 51.2762 72.9984 84.2512 37.2195 31.4006 78.4092 59.6668 27.4591 47.0956 90.1603 74.9467 76.6207 57.4956 41.6782 33.0151 100.661 30.5819 40.7063 55.9679 17.0294 60.5412 72.932 74.5507 70.6045 44.2832 54.4518 61.6155 27.8568 22.4722 52.1671 93.7664 48.7962 17.0294 12.6491 50.1467 68.884 53.5213 21.8403 24.0208 26.6983 79.3445 69.5099 33.2866 24.9152 18.0278 57.7829 20.2237 
26.4638 22.2325 34.4819 24.3311 0.0 43.9688 30.1999 24.2477 30.4534 44.8219 47.4071 54.8183 37.7674 37.6816 53.4135 72.6678 50.0003 11.4018 55.3173 43.1744 9.48683 23.0217 79.4971 78.2109 58.7282 64.4022 24.7178 10.2956 84.2199 43.8047 25.3834 42.6002 41.3038 62.4743 57.025 58.0583 85.796 20.025 31.9531 45.1231 27.3825 45.8803 34.8281 77.2593 29.6985 39.9249 36.0 37.8316 83.0826 47.6637 46.0977 32.4427 10.2059 77.2501 66.8407 52.8024 26.1269 11.1942 66.0458 44.0114 
19.7037 23.2315 47.0106 43.8985 43.9688 0.0 72.1784 57.4643 15.5563 32.249 6.40312 72.1803 8.94427 22.8035 46.3897 45.7715 10.0 32.7089 63.9766 62.0081 35.3775 46.6154 47.1791 36.0555 47.0106 20.6155 24.7588 36.6176 62.086 14.2127 62.7721 25.0832 50.3897 20.0998 26.0768 72.8629 51.0882 46.6476 44.0454 63.2535 71.1801 45.2769 28.6356 55.196 30.8058 40.8044 51.4566 20.6155 45.2769 10.0 50.2195 70.3629 53.3211 37.1618 26.8328 38.6394 25.5272 56.4345 22.1359 55.3611 
55.6421 51.4107 60.9384 27.6586 30.1999 72.1784 0.0 34.5398 59.6317 74.2481 76.3657 63.6396 67.4587 66.8599 83.2782 101.846 64.2909 40.9429 80.0562 53.6004 38.2753 47.5145 108.675 103.227 88.4467 85.7755 54.0642 40.3946 113.632 58.8618 31.0483 71.7785 36.2353 88.8211 86.2032 68.0661 98.2344 43.909 59.5295 55.5428 4.12311 46.3249 64.2868 106.672 59.3785 42.4853 29.2062 67.0099 96.5091 77.3605 42.638 7.61577 29.0 107.624 96.2799 60.0083 48.6586 19.2354 84.8543 35.3836 
40.5488 36.3187 27.5862 40.4969 24.2477 57.4643 34.5398 0.0 42.5972 47.6948 60.0609 31.257 50.2121 44.8754 51.3136 75.2651 63.6997 27.2179 45.6508 20.0 30.5397 14.2127 82.0944 90.1103 57.8273 77.4575 33.9034 23.3466 85.5495 58.1233 5.38516 48.8298 57.0088 74.7228 59.6223 35.0143 107.509 10.8167 26.4008 22.0 30.4631 62.6498 38.888 78.9709 32.8394 56.7979 50.9902 46.0445 102.256 59.5335 62.2977 40.2616 14.4222 89.0044 78.595 70.4535 40.2132 23.3452 79.2418 59.0339 
9.89949 12.083 31.6228 39.3316 30.4534 15.5563 59.6317 42.5972 0.0 22.1359 17.4642 56.6392 7.61577 12.083 35.3553 47.278 23.7065 19.1935 49.6488 46.6154 21.8622 31.3847 53.1871 47.8539 37.9473 34.8855 9.21954 23.0868 60.8849 20.0 47.905 16.6433 53.2546 32.28 33.6239 57.3149 66.6033 31.7805 28.6007 47.8017 56.5281 51.7221 15.0333 53.9243 15.6525 46.0926 51.3128 10.8167 60.8276 17.2627 55.1665 61.9986 39.8058 46.8009 36.3915 49.163 15.6205 40.7901 36.7151 57.7154 
31.305 31.6228 25.4951 60.9625 44.8219 32.249 74.2481 47.6948 22.1359 0.0 34.1997 51.8652 24.0 10.198 14.1421 27.7923 42.19 33.4215 34.7131 45.3982 36.3105 34.3657 34.6217 54.5903 15.8114 47.9944 20.5183 35.5106 39.4081 41.5933 53.0027 7.28011 75.2396 43.0062 12.1496 50.5668 84.135 36.8782 24.0832 45.7056 71.4307 73.748 10.0 32.45 15.6525 68.1184 72.9726 12.0416 76.9888 30.5314 77.1924 76.4469 54.2541 44.1502 39.4194 70.0643 36.3593 55.2383 50.2155 79.6241 
23.5771 27.074 47.3814 50.1639 47.4071 6.40312 76.3657 60.0609 17.4642 34.1997 0.0 73.4098 9.84886 21.4853 43.5941 39.5689 14.8661 36.1471 63.0747 63.8122 38.8158 48.7647 40.9024 31.0644 43.1856 17.4929 26.4197 40.025 56.7371 20.6155 65.3688 39.6495 56.6551 15.1327 22.2036 73.6614 51.3128 49.2443 44.5982 64.8999 75.3673 51.3128 27.9018 49.8471 31.1448 47.0106 57.722 19.2556 44.8219 4.12311 56.4004 74.5501 56.7594 31.0161 20.6155 43.6807 29.4006 60.6218 19.4165 61.6265 
57.0088 53.0094 26.8328 71.3092 54.8183 72.1803 63.6396 31.257 56.6392 51.8652 73.4098 0.0 63.8905 54.2033 47.0956 76.9415 79.3095 44.4185 27.5136 11.7047 47.8853 26.6271 84.1724 105.105 54.037 90.807 47.4236 40.7063 81.2219 73.3488 33.0151 56.3649 88.0738 87.4722 62.6642 5.0 123.045 28.178 29.1548 9.84886 59.5399 93.2393 47.0106 76.0066 42.4382 87.381 82.201 56.0803 117.456 72.2801 93.1451 70.2567 44.643 94.6648 89.9341 99.0733 56.9264 54.5894 92.8009 90.2552 
14.6702 18.1108 38.2884 43.6196 37.7674 8.94427 67.4587 50.2121 7.61577 24.0 9.84886 63.8905 0.0 14.1421 38.0526 40.8337 18.4391 26.5075 55.0364 54.0833 29.1762 38.9487 46.4569 40.4475 39.3255 27.2947 16.6433 30.4138 57.1481 18.3848 55.5199 17.1172 55.443 24.7386 19.8844 64.3506 59.8164 39.3954 35.3836 55.2178 63.8421 50.7041 19.6977 50.2532 22.0227 45.8845 55.6843 12.0416 53.7587 10.0 55.3158 65.6432 47.1198 39.4406 29.0312 46.0977 20.4937 48.1041 29.1548 60.4144 
21.6333 22.6274 27.4591 51.2762 37.6816 22.8035 66.8599 44.8754 12.083 10.198 21.4853 54.2033 14.1421 0.0 24.0 37.1868 32.5576 26.4008 41.6773 45.8803 29.0904 32.3883 44.0161 50.857 25.9615 38.807 13.0 29.4109 48.805 31.4006 50.1833 5.0 65.3122 35.4722 21.544 53.8238 72.6406 34.0588 25.0599 46.6154 64.2106 63.6395 7.2111 41.8444 12.3693 58.1502 63.2851 2.23607 66.2635 20.2801 67.2241 69.2268 47.034 53.5446 39.3417 60.0083 27.0185 48.0182 40.8029 69.7711 
43.6807 43.0813 24.6982 72.9984 53.4135 46.3897 83.2782 51.3136 35.3553 14.1421 43.5941 47.0956 38.0526 24.0 0.0 30.3645 56.3205 42.4382 24.1868 43.7379 45.7934 37.2156 37.6431 61.0738 7.07107 57.3757 31.3847 43.2782 35.171 55.2268 56.6039 21.3776 87.5957 52.3874 21.5407 44.5533 93.5201 40.4969 25.0599 43.4166 80.4608 86.6833 20.8806 29.2746 24.1868 81.0247 85.0085 26.0192 86.37 39.9258 89.9889 85.521 63.2842 50.6063 45.903 84.006 48.1041 64.2725 59.5968 91.7679 
55.2559 58.6057 52.0 84.2512 72.6678 45.7715 101.846 75.2651 47.278 27.7923 39.5689 76.9415 40.8337 37.1868 30.3645 0.0 52.7617 61.2003 54.231 72.0069 64.0765 61.8431 7.28011 37.3363 24.1661 42.107 48.2284 63.302 18.6815 58.6711 80.5729 33.2422 95.5869 35.1283 23.7065 74.7329 76.6551 64.4484 51.0882 72.0625 99.1968 89.7545 37.7882 13.0 43.4222 85.9602 96.3159 38.747 68.7314 38.0359 95.3853 104.213 82.0201 24.5967 25.02 80.7998 60.9979 83.0044 44.0454 100.558 
25.7324 29.2603 55.2268 37.2195 50.0003 10.0 64.2909 63.6997 23.7065 42.19 14.8661 79.3095 18.4391 32.5576 56.3205 52.7617 0.0 38.7404 73.1642 68.6839 41.4091 53.1507 54.0953 37.9473 57.0088 20.6155 32.45 42.6492 71.4051 11.0454 69.3944 35.0571 43.4166 23.3238 36.0555 80.4301 43.9318 52.8831 52.1536 70.0558 64.5011 37.0135 37.9473 64.6745 39.3573 33.2415 44.7772 30.4138 39.1152 18.9737 42.45 61.2244 54.2169 42.2019 32.5576 28.8617 31.5559 49.7555 21.2132 48.4149 
15.2039 10.9725 26.0192 31.4006 11.4018 32.7089 40.9429 27.2179 19.1935 33.4215 36.1471 44.4185 26.5075 26.4008 42.4382 61.2003 38.7404 0.0 47.0956 33.0151 4.0 17.8885 68.0296 66.951 47.5079 53.1423 13.4164 4.47214 72.8185 32.7772 32.5257 31.305 48.1664 51.2143 45.5575 46.5188 82.5493 16.4012 23.0868 34.6699 38.1255 50.4895 23.4307 65.8579 18.4391 44.408 43.9318 26.5707 77.2965 36.4038 52.0096 43.1856 20.9488 65.9902 55.5808 57.0139 14.867 21.9317 54.7859 51.6236 
54.7449 52.2398 21.095 78.4092 55.3173 63.9766 80.0562 45.6508 49.6488 34.7131 63.0747 27.5136 55.0364 41.6773 24.1868 54.231 73.1642 47.0956 0.0 29.7321 51.0882 32.8938 61.4654 85.0772 30.0832 79.7725 41.9762 45.5412 55.0818 68.8974 49.93 41.4005 95.2575 74.7842 43.9276 23.5372 114.23 36.4005 24.0208 28.4253 76.0263 97.0824 35.3412 50.636 34.2053 91.0494 90.7965 43.909 107.853 61.8695 99.0202 85.235 65.5218 74.6324 69.9064 98.1537 57.1402 65.8284 81.9936 98.6154 
46.0109 41.8688 20.025 59.6668 43.1744 62.0081 53.6004 20.0 46.6154 45.3982 63.8122 11.7047 54.0833 45.8803 43.7379 72.0069 68.6839 33.0151 29.7321 0.0 36.3593 15.5563 79.0569 93.4267 50.8035 81.3019 37.4433 29.1733 78.8543 63.6737 22.561 48.7647 76.4853 78.042 56.7104 15.0333 112.486 16.6433 21.3776 2.0 49.4773 81.8967 38.8973 72.9932 33.6155 75.8464 70.7107 47.5395 107.168 62.8499 81.5012 59.8415 32.9848 88.711 81.9114 88.1868 45.7635 43.1856 83.2166 78.7718 
17.8725 13.6412 30.0167 27.4591 9.48683 35.3775 38.2753 30.5397 21.8622 36.3105 38.8158 47.8853 29.1762 29.0904 45.7934 64.0765 41.4091 4.0 51.0882 36.3593 0.0 21.5407 70.9058 69.6197 50.6528 55.8109 16.1266 7.2111 75.6948 35.4458 33.4668 34.009 44.1814 53.883 48.4337 50.1597 85.218 19.7231 27.074 38.0789 35.466 46.5296 26.3492 68.7341 21.6423 40.4475 40.025 29.2404 79.9652 39.0725 48.0104 40.3113 18.2893 68.6588 58.2494 59.6826 17.5357 19.2094 57.4546 47.676 
30.4795 26.4008 13.4536 47.0956 23.0217 46.6154 47.5145 14.2127 31.3847 34.3657 48.7647 26.6271 38.9487 32.3883 37.2156 61.8431 53.1507 17.8885 32.8938 15.5563 21.5407 0.0 68.6725 78.5755 43.8292 66.242 22.3607 14.5602 71.6938 47.1875 19.4165 36.0555 64.1249 63.1908 46.2003 28.6356 96.9596 3.60555 12.2066 17.0294 43.568 67.6831 26.0192 65.192 20.0998 61.6117 59.0085 33.7343 91.6788 47.9987 68.593 52.4523 21.6333 77.4696 67.0602 72.4527 30.3058 33.0334 68.0955 67.0 
61.165 64.5148 59.0339 90.1603 79.4971 47.1791 108.675 82.0944 53.1871 34.6217 40.9024 84.1724 46.4569 44.0161 37.6431 7.28011 54.0953 68.0296 61.4654 79.0569 70.9058 68.6725 0.0 33.541 31.3847 41.2311 55.0578 70.1313 20.0998 61.3045 87.4023 40.0715 96.9422 34.4819 29.6194 82.0 74.0608 71.2778 58.0086 79.1581 105.572 91.088 44.6176 16.5529 50.2515 87.1011 98.0091 53.9076 66.0681 39.3694 96.4135 112.184 88.8495 20.3961 23.7697 81.8413 66.907 89.8337 42.9535 101.914 
54.6319 58.1378 79.145 74.9467 78.2109 36.0555 103.227 90.1103 47.8539 54.5903 31.0644 105.105 40.4475 50.857 61.0738 37.3363 37.9473 66.951 85.0772 93.4267 69.6197 78.5755 33.541 0.0 57.0088 17.4642 56.2417 70.859 53.6004 48.2701 95.4182 60.0401 80.1311 16.0 48.8234 103.539 41.1096 79.2937 73.9817 94.4609 102.228 71.8471 57.2735 49.7293 60.5285 69.4622 82.3468 48.6273 33.1361 30.5941 77.9359 98.9515 87.5633 13.1529 15.6205 58.7282 60.4554 87.4827 17.4929 85.0882 
47.0106 47.0106 31.6228 76.6207 58.7282 47.0106 88.4467 57.8273 37.9473 15.8114 43.1856 54.037 39.3255 25.9615 7.07107 24.1661 57.0088 47.5079 30.0832 50.8035 50.6528 43.8292 31.3847 57.0088 0.0 55.9071 35.5106 48.7955 28.1603 57.2713 63.1352 22.2083 91.0 49.4997 21.0238 51.3517 92.0517 47.0106 31.7805 50.4876 85.6293 89.5556 24.6982 22.2036 29.0689 83.9194 88.6308 27.6586 84.8764 39.3192 92.9933 90.6863 68.4526 45.9674 41.8808 85.4025 51.8845 69.4262 58.1283 95.3415 
40.2073 43.7351 64.7043 57.4956 64.4022 20.6155 85.7755 77.4575 34.8855 47.9944 17.4929 90.807 27.2947 38.807 57.3757 42.107 20.6155 53.1423 79.7725 81.3019 55.8109 66.242 41.2311 17.4642 55.9071 0.0 43.909 57.0511 60.531 31.257 82.7653 53.4442 62.7694 7.0 35.8931 90.999 36.4005 66.6408 61.9318 82.3772 84.7771 54.8179 45.2235 55.0818 48.4785 52.1536 64.8845 36.5773 29.0689 19.105 60.803 81.5004 74.4929 24.4131 17.4642 42.638 46.0308 70.0316 2.23607 67.7422 
13.0 11.7047 22.8254 41.6782 24.7178 24.7588 54.0642 33.9034 9.21954 20.5183 26.4197 47.4236 16.6433 13.0 31.3847 48.2284 32.45 13.4164 41.9762 37.4433 16.1266 22.3607 55.0578 56.2417 35.5106 43.909 0.0 16.4924 59.8467 27.0018 39.2113 17.8885 56.3205 40.857 32.5856 48.1664 75.743 23.0868 19.7231 38.6005 51.2468 56.2228 10.8167 52.886 8.0 50.3587 53.6883 13.3417 70.0357 25.6649 59.0339 56.263 34.0702 55.1358 44.7264 56.258 16.7631 35.0545 45.793 60.4477 
19.1127 14.8813 24.5153 33.0151 10.2956 36.6176 40.3946 23.3466 23.0868 35.5106 40.025 40.7063 30.4138 29.4109 43.2782 63.302 42.6492 4.47214 45.5412 29.1733 7.2111 14.5602 70.1313 70.859 48.7955 57.0511 16.4924 0.0 74.8866 36.6859 28.6545 34.176 50.0 55.109 47.6592 43.0813 86.4581 12.53 21.8403 30.8869 37.5772 53.1507 25.5539 67.9559 20.0 47.0744 45.2769 29.8329 81.2053 40.3113 54.231 42.6374 20.4006 69.8871 59.4777 60.9227 18.7758 21.3889 58.6947 53.1507 
70.2869 70.805 59.7746 100.661 84.2199 62.086 113.632 85.5495 60.8849 39.4081 56.7371 81.2219 57.1481 48.805 35.171 18.6815 71.4051 72.8185 55.0818 78.8543 75.6948 71.6938 20.0998 53.6004 28.1603 60.531 59.8467 74.8866 0.0 74.9855 90.8574 44.8604 111.901 53.6004 38.9487 78.0256 94.1329 74.7329 59.808 78.4474 110.815 107.107 49.4065 7.07107 54.9181 102.343 112.63 50.3652 86.1452 52.6141 111.774 115.831 93.6384 40.4475 43.1856 99.4431 75.4661 94.6226 62.3939 119.029 
19.7692 23.2971 49.7354 30.5819 43.8047 14.2127 58.8618 58.1233 20.0 41.5933 20.6155 73.3488 18.3848 31.4006 55.2268 58.6711 11.0454 32.7772 68.8974 63.6737 35.4458 47.1875 61.3045 48.2701 57.2713 31.257 27.0018 36.6859 74.9855 0.0 62.7568 35.171 37.0731 32.8938 37.7497 74.5001 53.2541 47.3067 46.602 64.0926 57.8634 32.3342 35.0143 68.0956 34.7131 27.5146 38.1399 29.6142 49.1935 24.0416 36.9459 54.5867 47.5792 51.0 40.8167 29.2746 25.5927 43.1179 32.0624 42.0445 
45.8567 41.6266 32.6497 40.7063 25.3834 62.7721 31.0483 5.38516 47.905 53.0027 65.3688 33.0151 55.5199 50.1833 56.6039 80.5729 69.3944 32.5257 49.93 22.561 33.4668 19.4165 87.4023 95.4182 63.1352 82.7653 39.2113 28.6545 90.8574 62.7568 0.0 54.1377 56.648 80.0307 64.9302 37.2156 104.748 16.1245 31.6228 24.5153 26.9258 63.1348 44.1959 84.2788 38.1472 57.4543 50.2892 51.3523 102.035 64.8413 62.2415 37.3363 16.4012 94.3123 83.9029 71.5891 50.6568 22.8473 84.5497 58.2409 
26.4008 27.5862 29.5466 55.9679 42.6002 25.0832 71.7785 48.8298 16.6433 7.28011 39.6495 56.3649 17.1172 5.0 21.3776 33.2422 35.0571 31.305 41.4005 48.7647 34.009 36.0555 40.0715 60.0401 22.2083 53.4442 17.8885 34.176 44.8604 35.171 54.1377 0.0 69.8958 48.456 17.5994 55.5698 89.5849 38.0132 27.5136 49.3356 69.1292 67.4903 10.0499 37.8998 16.0 62.6708 67.9559 5.83095 82.4386 35.9812 71.8078 74.1454 51.9526 49.6 44.8693 63.1981 31.8904 52.9368 55.6654 74.3567 
44.0114 44.643 74.1687 17.0294 41.3038 50.3897 36.2353 57.0088 53.2546 75.2396 56.6551 88.0738 55.443 65.3122 87.5957 95.5869 43.4166 48.1664 95.2575 76.4853 44.1814 64.1249 96.9422 80.1311 91.0 62.7694 56.3205 50.0 111.901 37.0731 56.648 69.8958 0.0 66.6108 86.8383 91.4112 67.0298 61.2944 71.2531 78.4474 38.1838 11.1803 66.7308 105.011 64.0404 10.7703 7.07107 64.0669 67.2681 60.3887 6.40312 29.6816 43.566 85.6037 75.9276 27.0185 39.5601 33.8378 62.6498 5.0 
38.7066 42.19 61.3695 60.5412 62.4743 20.0998 88.8211 74.7228 32.28 43.0062 15.1327 87.4722 24.7386 35.4722 52.3874 35.1283 23.3238 51.2143 74.7842 78.042 53.883 63.1908 34.4819 16.0 49.4997 7.0 40.857 55.109 53.6004 32.8938 80.0307 48.456 66.6108 0.0 30.9049 87.6642 43.0116 63.9062 58.597 79.0761 87.8228 59.4138 41.8887 48.0937 45.1438 56.2228 68.0955 33.2425 35.4683 15.2315 65.192 84.5461 71.8266 19.105 10.7703 48.2597 44.5301 73.0772 9.05539 71.6101 
43.0259 43.544 36.7043 72.932 57.025 26.0768 86.2032 59.6223 33.6239 12.1496 22.2036 62.6642 19.8844 21.544 21.5407 23.7065 36.0555 45.5575 43.9276 56.7104 48.4337 46.2003 29.6194 48.8234 21.0238 35.8931 32.5856 47.6592 38.9487 37.7497 64.9302 17.5994 86.8383 30.9049 0.0 61.0987 72.0139 48.8056 35.544 56.9176 83.554 69.9968 22.1455 31.8904 27.7794 65.1773 84.901 23.1042 64.8875 18.4391 74.6086 88.5702 66.3773 38.3833 33.6525 64.6297 48.2051 67.3616 38.1142 91.2992 
58.5235 54.7083 26.4008 74.5507 58.0583 72.8629 68.0661 35.0143 57.3149 50.5668 73.6614 5.0 64.3506 53.8238 44.5533 74.7329 80.4301 46.5188 23.5372 15.0333 50.1597 28.6356 82.0 103.539 51.3517 90.999 48.1664 43.0813 78.0256 74.5001 37.2156 55.5698 91.4112 87.6642 61.0987 0.0 123.907 30.6757 29.0689 13.0384 63.9531 95.9291 46.6154 73.0616 42.5206 89.8788 85.7088 55.8032 118.089 72.4721 96.3851 74.5453 47.8539 93.0993 88.3686 100.862 58.7153 58.2151 92.9949 93.771 
69.5413 73.0692 98.0816 70.6045 85.796 51.0882 98.2344 107.509 66.6033 84.135 51.3128 123.045 59.8164 72.6406 93.5201 76.6551 43.9318 82.5493 114.23 112.486 85.218 96.9596 74.0608 41.1096 92.0517 36.4005 75.743 86.4581 94.1329 53.2541 104.748 89.5849 67.0298 43.0116 72.0139 123.907 0.0 96.692 95.1315 113.864 98.3717 56.0 79.0571 89.56 81.8352 57.3149 72.3395 70.4109 8.0 54.2033 62.0322 93.7443 89.5705 54.0093 51.788 40.0125 75.3648 85.0882 34.176 71.007 
29.7321 25.5021 17.0294 44.2832 20.025 46.6476 43.909 10.8167 31.7805 36.8782 49.2443 28.178 39.3954 34.0588 40.4969 64.4484 52.8831 16.4012 36.4005 16.6433 19.7231 3.60555 71.2778 79.2937 47.0106 66.6408 23.0868 12.53 74.7329 47.3067 16.1245 38.0132 61.2944 63.9062 48.8056 30.6757 96.692 0.0 15.6205 18.3576 39.9625 65.2534 28.0713 68.1542 22.0227 59.203 56.0089 35.2278 91.4392 48.7168 65.9242 48.8467 18.0278 78.1878 67.7784 71.5435 29.3965 29.4279 68.4251 64.0312 
31.6228 28.6356 3.16228 54.4518 31.9531 44.0454 59.5295 26.4008 28.6007 24.0832 44.5982 29.1548 35.3836 25.0599 25.0599 51.0882 52.1536 23.0868 24.0208 21.3776 27.074 12.2066 58.0086 73.9817 31.7805 61.9318 19.7231 21.8403 59.808 46.602 31.6228 27.5136 71.2531 58.597 35.544 29.0689 95.1315 15.6205 0.0 21.8403 55.583 73.171 17.8885 53.4509 13.4536 67.1193 66.9104 26.9258 89.1403 43.4049 75.0067 64.4672 42.1383 67.5446 62.8139 75.0413 33.3766 43.1266 63.9277 74.6726 
47.5079 43.4166 20.2237 61.6155 45.1231 63.2535 55.5428 22.0 47.8017 45.7056 64.8999 9.84886 55.2178 46.6154 43.4166 72.0625 70.0558 34.6699 28.4253 2.0 38.0789 17.0294 79.1581 94.4609 50.4876 82.3772 38.6005 30.8869 78.4474 64.0926 24.5153 49.3356 78.4474 79.0761 56.9176 13.0384 113.864 18.3576 21.8403 0.0 51.4198 83.6109 39.5601 72.6911 34.4384 77.5606 72.6911 48.3322 108.467 63.884 83.45 61.8142 34.9285 88.9182 84.1874 89.4606 47.3137 45.1774 84.3149 80.7527 
52.5385 48.3072 56.9919 27.8568 27.3825 71.1801 4.12311 30.4631 56.5281 71.4307 75.3673 59.5399 63.8421 64.2106 80.4608 99.1968 64.5011 38.1255 76.0263 49.4773 35.466 43.568 105.572 102.228 85.6293 84.7771 51.2468 37.5772 110.815 57.8634 26.9258 69.1292 38.1838 87.8228 83.554 63.9531 98.3717 39.9625 55.583 51.4198 0.0 47.8017 61.4694 103.854 56.5611 43.566 31.1127 64.3606 96.3172 76.3621 44.5533 11.1803 25.6125 106.626 95.2816 60.8276 47.6602 16.7631 85.0645 37.8021 
43.2897 45.0111 76.2365 22.4722 45.8803 45.2769 46.3249 62.6498 51.7221 73.748 51.3128 93.2393 50.7041 63.6395 86.6833 89.7545 37.0135 50.4895 97.0824 81.8967 46.5296 67.6831 91.088 71.8471 89.5556 54.8179 56.2228 53.1507 107.107 32.3342 63.1348 67.4903 11.1803 59.4138 69.9968 95.9291 56.0 65.2534 73.171 83.6109 47.8017 0.0 65.9242 100.217 64.195 6.08276 17.4642 61.8986 56.5685 55.2268 6.32456 40.2492 48.6269 78.5175 69.3542 16.0312 40.0 40.4969 54.4059 15.0333 
22.8035 22.3607 20.2485 52.1671 34.8281 28.6356 64.2868 38.888 15.0333 10.0 27.9018 47.0106 19.6977 7.2111 20.8806 37.7882 37.9473 23.4307 35.3412 38.8973 26.3492 26.0192 44.6176 57.2735 24.6982 45.2235 10.8167 25.5539 49.4065 35.0143 44.1959 10.0499 66.7308 41.8887 22.1455 46.6154 79.0571 28.0713 17.8885 39.5601 61.4694 65.9242 0.0 42.4459 6.08276 60.208 64.1772 9.21954 72.68 26.6966 69.1231 66.4857 44.2927 54.1461 49.4153 64.195 27.313 45.2771 47.2194 70.9366 
63.3263 63.8444 53.6004 93.7664 77.2593 55.196 106.672 78.9709 53.9243 32.45 49.8471 76.0066 50.2532 41.8444 29.2746 13.0 64.6745 65.8579 50.636 72.9932 68.7341 65.192 16.5529 49.7293 22.2036 55.0818 52.886 67.9559 7.07107 68.0956 84.2788 37.8998 105.011 48.0937 31.8904 73.0616 89.56 68.1542 53.4509 72.6911 103.854 100.217 42.4459 0.0 48.0208 95.453 105.735 43.4046 81.6149 45.7242 104.884 108.871 86.6778 36.6879 38.0132 93.2314 68.5055 87.662 57.0351 112.134 
21.0 19.4165 16.2788 48.7962 29.6985 30.8058 59.3785 32.8394 15.6525 15.6525 31.1448 42.4382 22.0227 12.3693 24.1868 43.4222 39.3573 18.4391 34.2053 33.6155 21.6423 20.0998 50.2515 60.5285 29.0689 48.4785 8.0 20.0 54.9181 34.7131 38.1472 16.0 64.0404 45.1438 27.7794 42.5206 81.8352 22.0227 13.4536 34.4384 56.5611 64.195 6.08276 48.0208 0.0 58.3095 61.4184 13.9284 75.743 29.9517 66.9104 61.6198 39.3844 59.78 49.0132 63.9698 24.5153 40.3609 50.4744 68.1621 
37.4833 39.0512 70.1798 17.0294 39.9249 40.8044 42.4853 56.7979 46.0926 68.1184 47.0106 87.381 45.8845 58.1502 81.0247 85.9602 33.2415 44.408 91.0494 75.8464 40.4475 61.6117 87.1011 69.4622 83.9194 52.1536 50.3587 47.0744 102.343 27.5146 57.4543 62.6708 10.7703 56.2228 65.1773 89.8788 57.3149 59.203 67.1193 77.5606 43.566 6.08276 60.208 95.453 58.3095 0.0 15.0333 56.905 57.0351 50.8035 9.43398 37.0 42.757 75.2861 65.7951 17.72 34.0147 35.0 51.9711 15.6525 
41.6773 42.0053 69.7209 12.6491 36.0 51.4566 29.2062 50.9902 51.3128 72.9726 57.722 82.201 55.6843 63.2851 85.0085 96.3159 44.7772 43.9318 90.7965 70.7107 40.025 59.0085 98.0091 82.3468 88.6308 64.8845 53.6883 45.2769 112.63 38.1399 50.2892 67.9559 7.07107 68.0955 84.901 85.7088 72.3395 56.0089 66.9104 72.6911 31.1127 17.4642 64.1772 105.735 61.4184 15.0333 0.0 62.1289 72.0069 61.4555 13.4536 22.8254 38.0526 86.9026 77.068 32.5576 36.9253 27.6586 65.0 8.06226 
20.6155 22.0227 29.4109 50.1467 37.8316 20.6155 67.0099 46.0445 10.8167 12.0416 19.2556 56.0803 12.0416 2.23607 26.0192 38.747 30.4138 26.5707 43.909 47.5395 29.2404 33.7343 53.9076 48.6273 27.6586 36.5773 13.3417 29.8329 50.3652 29.6142 51.3523 5.83095 64.0669 33.2425 23.1042 55.8032 70.4109 35.2278 26.9258 48.3322 64.3606 61.8986 9.21954 43.4046 13.9284 56.905 62.1289 0.0 64.0338 18.0504 65.9789 69.3768 47.184 47.5214 37.112 58.0345 26.1725 48.1682 38.5732 68.5278 
64.2885 67.8164 92.0217 68.884 83.0826 45.2769 96.5091 102.256 60.8276 76.9888 44.8219 117.456 53.7587 66.2635 86.37 68.7314 39.1152 77.2965 107.853 107.168 79.9652 91.6788 66.0681 33.1361 84.8764 29.0689 70.0357 81.2053 86.1452 49.1935 102.035 82.4386 67.2681 35.4683 64.8875 118.089 8.0 91.4392 89.1403 108.467 96.3172 56.5685 72.68 81.6149 75.743 57.0351 72.0069 64.0338 0.0 47.4342 62.8013 92.5419 86.8571 46.0109 43.9318 40.6079 70.112 82.3958 26.8328 71.5681 
24.5719 28.0713 46.1774 53.5213 47.6637 10.0 77.3605 59.5335 17.2627 30.5314 4.12311 72.2801 10.0 20.2801 39.9258 38.0359 18.9737 36.4038 61.8695 62.8499 39.0725 47.9987 39.3694 30.5941 39.3192 19.105 25.6649 40.3113 52.6141 24.0416 64.8413 35.9812 60.3887 15.2315 18.4391 72.4721 54.2033 48.7168 43.4049 63.884 76.3621 55.2268 26.6966 45.7242 29.9517 50.8035 61.4555 18.0504 47.4342 0.0 60.2163 75.5449 57.0161 29.4922 19.0828 47.8017 30.3954 61.6166 21.2132 65.3601 
46.3249 47.5184 78.0 21.8403 46.0977 50.2195 42.638 62.2977 55.1665 77.1924 56.4004 93.1451 55.3158 67.2241 89.9889 95.3853 42.45 52.0096 99.0202 81.5012 48.0104 68.593 96.4135 77.9359 92.9933 60.803 59.0339 54.231 111.774 36.9459 62.2415 71.8078 6.40312 65.192 74.6086 96.3851 62.0322 65.9242 75.0067 83.45 44.5533 6.32456 69.1231 104.884 66.9104 9.43398 13.4536 65.9789 62.8013 60.2163 0.0 36.0555 48.5327 84.2912 74.9533 22.2036 42.4264 39.3954 60.4649 9.05539 
51.5991 53.7776 65.8761 24.0208 32.4427 70.3629 7.61577 40.2616 61.9986 76.4469 74.5501 70.2567 65.6432 69.2268 85.521 104.213 61.2244 43.1856 85.235 59.8415 40.3113 52.4523 112.184 98.9515 90.6863 81.5004 56.263 42.6374 115.831 54.5867 37.3363 74.1454 29.6816 84.5461 88.5702 74.5453 93.7443 48.8467 64.4672 61.8142 11.1803 40.2492 66.4857 108.871 61.6198 37.0 22.8254 69.3768 92.5419 75.5449 36.0555 0.0 32.45 105.809 94.4644 54.7083 46.843 21.2603 81.7878 28.3196 
35.8162 31.5848 44.6833 26.6983 10.2059 53.3211 29.0 14.4222 39.8058 54.2541 56.7594 44.643 47.1198 47.034 63.2842 82.0201 54.2169 20.9488 65.5218 32.9848 18.2893 21.6333 88.8495 87.5633 68.4526 74.4929 34.0702 20.4006 93.6384 47.5792 16.4012 51.9526 43.566 71.8266 66.3773 47.8539 89.5705 18.0278 42.1383 34.9285 25.6125 48.6269 44.2927 86.6778 39.3844 42.757 38.0526 47.184 86.8571 57.0161 48.5327 32.45 0.0 86.6024 76.193 56.4117 35.4793 11.7047 74.7803 46.0977 
53.9008 57.4241 68.7049 79.3445 77.2501 37.1618 107.624 89.0044 46.8009 44.1502 31.0161 94.6648 39.4406 53.5446 50.6063 24.5967 42.2019 65.9902 74.6324 88.711 68.6588 77.4696 20.3961 13.1529 45.9674 24.4131 55.1358 69.8871 40.4475 51.0 94.3123 49.6 85.6037 19.105 38.3833 93.0993 54.0093 78.1878 67.5446 88.9182 106.626 78.5175 54.1461 36.6879 59.78 75.2861 86.9026 47.5214 46.0109 29.4922 84.2912 105.809 86.6024 0.0 10.4403 67.0075 59.7243 91.8805 25.5539 90.6035 
43.4914 47.0147 63.9741 69.5099 66.8407 26.8328 96.2799 78.595 36.3915 39.4194 20.6155 89.9341 29.0312 39.3417 45.903 25.02 32.5576 55.5808 69.9064 81.9114 58.2494 67.0602 23.7697 15.6205 41.8808 17.4642 44.7264 59.4777 43.1856 40.8167 83.9029 44.8693 75.9276 10.7703 33.6525 88.3686 51.788 67.7784 62.8139 84.1874 95.2816 69.3542 49.4153 38.0132 49.0132 65.7951 77.068 37.112 43.9318 19.0828 74.9533 94.4644 76.193 10.4403 0.0 58.8303 49.3149 80.536 19.2354 80.9197 
43.5503 46.4878 78.1984 33.2866 52.8024 38.6394 60.0083 70.4535 49.163 70.0643 43.6807 99.0733 46.0977 60.0083 84.006 80.7998 28.8617 57.0139 98.1537 88.1868 59.6826 72.4527 81.8413 58.7282 85.4025 42.638 56.258 60.9227 99.4431 29.2746 71.5891 63.1981 27.0185 48.2597 64.6297 100.862 40.0125 71.5435 75.0413 89.4606 60.8276 16.0312 64.195 93.2314 63.9698 17.72 32.5576 58.0345 40.6079 47.8017 22.2036 54.7083 56.4117 67.0075 58.8303 0.0 42.1545 50.3289 41.7732 31.0644 
5.83095 5.09902 36.4966 24.9152 26.1269 25.5272 48.6586 40.2132 15.6205 36.3593 29.4006 56.9264 20.4937 27.0185 48.1041 60.9979 31.5559 14.867 57.1402 45.7635 17.5357 30.3058 66.907 60.4554 51.8845 46.0308 16.7631 18.7758 75.4661 25.5927 50.6568 31.8904 39.5601 44.5301 48.2051 58.7153 75.3648 29.3965 33.3766 47.3137 47.6602 40.0 27.313 68.5055 24.5153 34.0147 36.9253 26.1725 70.112 30.3954 42.4264 46.843 35.4793 59.7243 49.3149 42.1545 0.0 32.9147 47.6319 43.6847 
36.8004 32.5691 45.6716 18.0278 11.1942 56.4345 19.2354 23.3452 40.7901 55.2383 60.6218 54.5894 48.1041 48.0182 64.2725 83.0044 49.7555 21.9317 65.8284 43.1856 19.2094 33.0334 89.8337 87.4827 69.4262 70.0316 35.0545 21.3889 94.6226 43.1179 22.8473 52.9368 33.8378 73.0772 67.3616 58.2151 85.0882 29.4279 43.1266 45.1774 16.7631 40.4969 45.2771 87.662 40.3609 35.0 27.6586 48.1682 82.3958 61.6166 39.3954 21.2603 11.7047 91.8805 80.536 50.3289 32.9147 0.0 70.3189 35.6931 
41.8084 45.3363 66.7002 57.7829 66.0458 22.1359 84.8543 79.2418 36.7151 50.2155 19.4165 92.8009 29.1548 40.8029 59.5968 44.0454 21.2132 54.7859 81.9936 83.2166 57.4546 68.0955 42.9535 17.4929 58.1283 2.23607 45.793 58.6947 62.3939 32.0624 84.5497 55.6654 62.6498 9.05539 38.1142 92.9949 34.176 68.4251 63.9277 84.3149 85.0645 54.4059 47.2194 57.0351 50.4744 51.9711 65.0 38.5732 26.8328 21.2132 60.4649 81.7878 74.7803 25.5539 19.2354 41.7732 47.6319 70.3189 0.0 67.6018 
48.3322 48.7648 77.5242 20.2237 44.0114 55.3611 35.3836 59.0339 57.7154 79.6241 61.6265 90.2552 60.4144 69.7711 91.7679 100.558 48.4149 51.6236 98.6154 78.7718 47.676 67.0 101.914 85.0882 95.3415 67.7422 60.4477 53.1507 119.029 42.0445 58.2409 74.3567 5.0 71.6101 91.2992 93.771 71.007 64.0312 74.6726 80.7527 37.8021 15.0333 70.9366 112.134 68.1621 15.6525 8.06226 68.5278 71.5681 65.3601 9.05539 28.3196 46.0977 90.6035 80.9197 31.0644 43.6847 35.6931 67.6018 0.0 
DEMAND_SCENARIO_SECTION
0 0 0 0 0 0 0 0 0 0 0 0 0 0 0 0 0 0 0 0 0 0 0 0 0 0 0 0 0 0 0 0 0 0 0 0 0 0 0 0 0 0 0 0 0 0 0 0 0 0 0 0 0 0 0 0 0 0 0 0 0 0 0 0 0 0 0 0 0 0 0 0 0 0 0 0 0 0 0 0 0 0 0 0 0 0 0 0 0 0 0 0 0 0 0 0 0 0 0 0 0 0 0 0 0 0 0 0 0 0 0 0 0 0 0 0 0 0 0 0 0 0 0 0 0 0 0 0 0 0 0 0 0 0 0 0 0 0 0 0 0 0 0 0 0 0 0 0 0 0 0 0 0 0 0 0 0 0 0 0 0 0 0 0 0 0 0 0 0 0 0 0 0 0 0 0 0 0 0 0 0 0 0 0 0 0 0 0 0 0 0 0 0 0 0 0 0 0 0 0 
4 1 7 12 4 10 12 9 12 12 6 11 8 8 8 5 5 9 6 7 5 5 6 6 8 9 11 9 9 7 10 7 7 8 14 11 12 7 8 2 8 10 9 9 8 5 11 4 8 7 7 4 7 10 5 10 11 8 5 5 8 9 5 9 7 3 7 9 7 7 5 8 4 6 9 11 7 8 11 4 5 8 5 9 5 12 11 5 8 10 11 9 5 1 9 6 9 8 8 8 11 8 5 7 7 7 13 6 9 11 8 11 10 4 7 6 8 7 10 7 10 12 9 4 7 3 5 9 9 9 9 5 8 3 13 11 5 8 11 4 9 5 9 6 8 7 7 4 10 6 10 9 5 10 9 7 7 12 9 6 6 7 7 10 6 8 6 10 8 5 9 7 5 7 7 6 5 9 5 12 2 6 2 5 4 7 7 7 7 5 9 9 5 8 11 10 11 6 8 11 
3 5 3 5 5 3 3 4 3 5 3 3 4 7 6 4 4 5 6 4 5 4 4 5 5 6 3 3 3 3 2 8 5 3 3 4 4 4 3 4 6 5 5 2 3 7 3 2 3 4 6 5 3 5 3 6 6 5 5 5 5 6 5 2 4 4 6 3 3 5 4 2 3 4 5 3 4 5 3 4 4 4 2 3 4 3 3 3 5 5 3 4 3 3 5 3 3 7 3 4 5 3 3 5 5 4 1 5 3 5 3 3 3 5 2 4 6 4 2 6 5 3 5 6 5 5 7 3 5 4 4 6 5 5 5 5 4 3 4 3 3 5 3 7 3 5 3 6 3 5 5 2 4 3 2 4 3 3 2 4 4 3 6 3 3 5 6 2 5 3 2 3 3 6 6 3 4 6 4 5 1 5 4 4 3 1 3 4 2 7 5 2 3 3 4 4 4 6 4 0 
6 9 6 4 9 12 10 9 6 16 11 10 13 11 9 11 2 8 13 8 8 17 5 13 19 10 13 3 10 3 9 5 12 10 11 7 7 6 9 12 11 15 11 9 10 8 17 5 10 12 11 4 10 15 9 13 5 6 10 14 12 12 7 7 5 12 9 8 10 7 13 9 9 15 11 18 10 8 8 10 8 15 14 7 11 8 10 5 11 8 12 6 10 12 6 9 9 9 5 10 10 7 6 14 9 12 9 6 15 4 13 11 13 11 13 8 11 10 11 10 9 7 5 11 10 4 12 7 13 11 5 2 14 1 5 12 12 10 11 16 12 11 11 9 4 19 9 9 9 8 7 12 12 12 9 8 8 10 12 19 11 12 8 7 8 9 11 13 5 9 9 15 11 8 2 10 10 14 12 10 7 14 11 12 4 8 6 10 12 10 8 15 10 15 10 8 6 16 10 6 
5 4 3 3 5 5 3 6 5 4 3 3 1 4 3 4 6 1 2 5 4 4 7 2 4 5 4 5 4 6 4 3 5 6 3 3 4 5 2 3 4 3 7 5 5 2 4 4 5 7 3 2 4 5 5 5 2 6 2 2 1 4 4 2 5 6 6 4 3 3 3 4 3 3 4 5 3 4 5 6 8 4 4 5 5 3 5 5 4 3 3 5 6 5 5 2 3 3 4 6 4 2 5 4 5 4 4 3 2 3 3 5 4 4 1 2 4 2 5 5 5 3 5 5 7 5 5 3 5 6 5 3 3 1 5 4 4 3 3 3 4 4 6 4 5 4 2 3 3 6 5 3 6 4 4 4 3 2 4 4 4 5 3 4 5 2 4 3 6 5 3 6 4 5 4 2 3 6 5 4 5 5 3 4 5 4 5 3 6 4 3 4 7 3 5 5 5 4 6 2 
1 1 1 0 1 1 1 2 0 1 1 1 1 2 0 2 1 1 1 1 1 1 0 1 0 1 1 1 1 1 1 1 1 1 1 1 1 0 1 1 0 1 1 2 1 1 1 1 1 1 1 1 1 1 1 1 1 1 1 1 2 1 1 1 1 1 1 2 1 1 1 1 1 2 1 1 1 1 1 1 1 1 1 1 1 1 1 1 2 1 0 1 1 2 1 1 1 1 1 1 1 1 1 1 1 1 1 1 1 1 1 1 0 1 1 2 1 2 1 1 1 1 2 1 1 1 1 1 1 1 1 1 1 1 1 1 1 1 1 0 1 1 1 1 1 1 1 1 1 1 1 0 1 1 1 1 2 1 0 1 1 1 1 1 1 1 1 1 1 1 0 1 1 1 1 1 0 1 1 1 2 2 1 2 1 1 0 1 1 2 1 1 1 1 1 1 1 1 0 1 
5 5 3 5 2 3 3 8 3 4 2 6 4 5 6 2 4 3 5 2 3 5 5 4 6 3 3 5 6 2 2 3 4 4 6 5 4 4 6 7 7 2 4 4 5 5 5 3 4 2 3 5 3 3 3 3 5 5 5 4 4 3 4 5 3 2 5 1 5 5 3 4 4 5 7 5 6 4 5 3 4 6 5 4 2 4 4 4 4 7 5 3 5 5 3 6 6 2 6 4 4 4 5 2 6 3 4 2 3 3 3 5 5 4 6 7 3 5 6 5 5 4 4 1 4 6 4 4 5 5 6 5 4 3 3 5 5 3 2 2 5 5 3 2 4 4 2 4 5 6 4 6 4 4 6 3 1 3 4 3 6 5 2 2 5 6 4 5 3 5 2 2 2 3 4 2 4 6 1 1 6 6 6 4 5 3 4 6 4 4 3 5 3 3 5 5 3 5 1 5 
5 4 6 3 5 7 3 3 3 5 5 3 6 3 3 5 5 4 4 3 6 5 4 3 5 3 3 7 3 1 4 5 3 6 2 2 3 4 5 6 4 3 3 3 3 2 4 4 5 3 5 3 4 6 3 5 4 4 3 3 6 5 4 6 7 1 3 7 2 3 4 4 5 6 3 3 5 6 4 6 3 3 2 4 3 3 4 6 3 2 6 5 5 2 5 3 6 3 4 4 3 2 3 5 5 2 4 1 6 4 5 5 3 4 5 5 4 3 1 5 5 4 5 5 5 6 1 2 4 5 5 6 3 3 4 4 2 5 6 6 5 5 4 3 1 5 4 5 2 2 5 2 4 4 7 4 5 5 4 4 4 6 1 3 5 3 6 3 5 3 4 5 4 4 3 4 4 4 2 4 3 7 4 4 1 4 5 5 4 5 5 6 5 6 5 5 4 5 5 7 
5 10 5 9 13 11 12 7 9 8 4 11 6 7 6 6 10 9 17 7 7 5 11 10 9 13 3 6 9 12 7 12 11 7 6 5 6 8 13 13 12 9 6 10 8 7 13 7 11 7 8 6 3 16 10 8 8 8 8 12 5 13 11 6 9 6 9 11 11 6 9 14 6 10 8 9 10 9 16 11 7 5 5 13 10 7 11 7 4 6 8 5 12 10 8 3 8 9 9 14 6 14 13 11 15 9 7 11 14 12 13 11 10 5 4 13 5 10 1 11 10 3 14 7 10 8 18 16 8 14 7 12 11 14 10 4 11 4 6 11 8 14 12 7 12 7 11 10 9 12 13 5 7 13 13 9 10 4 10 9 6 6 10 8 9 7 8 12 7 8 7 8 5 10 6 8 10 5 9 7 8 11 14 6 8 12 11 6 10 5 3 10 10 10 14 7 7 5 1 11 
1 0 1 1 0 1 1 2 1 1 2 1 1 0 1 1 1 2 1 1 1 2 1 1 1 2 1 1 1 1 1 1 1 1 1 0 1 1 1 1 1 1 1 1 1 0 1 1 1 1 1 1 1 1 2 2 1 1 1 1 2 1 1 1 1 1 1 1 1 1 1 1 1 1 1 1 2 1 1 1 1 1 1 1 1 2 1 2 1 1 1 2 1 1 1 1 0 0 1 2 1 1 1 1 1 1 1 1 1 1 1 1 1 1 2 1 1 1 1 1 0 1 1 1 1 1 1 1 1 1 1 0 1 2 1 1 0 1 1 1 1 1 1 1 1 1 1 1 1 1 1 1 1 1 2 1 1 1 0 1 1 1 2 1 1 1 1 1 0 1 1 1 1 1 1 1 1 1 1 1 1 1 2 1 1 1 0 1 1 1 1 1 1 1 1 1 1 1 1 1 
8 9 4 11 7 8 7 6 6 8 7 13 12 8 9 8 5 7 9 10 4 12 7 9 10 12 1 8 5 8 2 9 7 11 5 8 9 9 12 12 9 8 6 8 7 7 11 11 2 5 3 9 8 5 5 7 6 9 8 6 7 6 9 11 6 11 5 6 8 8 12 9 12 11 10 11 8 6 10 11 13 7 8 6 9 7 11 6 7 9 7 7 4 11 11 8 6 12 9 8 11 5 9 10 9 8 8 9 6 9 13 5 14 3 12 10 10 9 9 0 7 8 5 12 6 10 3 8 7 11 11 9 11 9 8 8 12 13 6 11 0 11 11 12 9 5 5 10 13 9 4 9 4 5 9 8 9 12 14 12 11 9 5 8 3 6 8 12 8 5 11 5 6 8 6 9 4 8 9 9 12 9 3 8 7 7 9 6 7 5 10 11 9 2 4 4 5 10 8 1 
1 1 1 1 1 2 1 1 1 1 1 1 1 1 1 1 1 1 1 1 1 1 1 1 1 0 1 2 1 1 1 1 1 1 1 1 1 1 1 1 1 0 1 1 0 1 1 1 1 1 1 0 1 1 1 1 1 1 1 1 0 1 1 1 0 0 1 1 2 1 1 1 1 1 2 1 1 1 2 1 1 1 1 1 1 1 0 1 1 1 1 1 1 1 1 1 1 1 0 1 0 1 2 1 1 1 1 1 1 1 1 1 1 0 1 1 1 1 1 1 1 1 1 1 1 1 1 1 2 1 1 2 1 1 1 1 1 1 1 1 1 1 1 1 1 0 1 1 1 1 1 1 1 1 1 1 1 1 1 1 0 1 1 1 1 0 1 1 1 1 1 1 1 1 1 1 0 1 1 1 1 1 1 2 1 1 1 1 1 1 1 1 1 1 1 1 1 2 1 1 
7 9 12 9 11 6 11 10 12 11 8 9 8 9 8 6 7 10 14 11 6 6 3 12 4 2 8 10 12 6 4 7 9 8 6 5 13 7 10 4 10 7 9 13 10 6 12 8 7 5 5 8 15 9 11 6 5 14 13 11 11 10 11 9 5 10 10 7 12 12 10 7 11 9 7 13 8 5 7 6 9 2 4 9 7 16 10 8 10 7 9 10 4 10 10 6 12 7 7 10 7 8 8 8 7 12 12 4 7 9 7 10 6 9 9 10 9 8 11 13 8 6 6 6 9 10 10 10 7 5 7 11 9 5 3 9 5 8 9 5 8 10 9 11 11 5 10 10 13 4 8 7 2 10 8 4 6 11 7 7 10 7 6 10 10 9 6 8 7 5 7 10 2 7 2 6 12 6 12 3 9 11 8 8 5 8 11 4 3 12 10 3 9 9 8 8 6 11 11 4 
12 13 7 7 8 7 9 10 13 9 9 12 6 11 10 9 14 10 10 12 1 5 12 5 10 10 14 8 7 15 8 7 13 9 11 8 8 6 7 13 9 5 8 5 8 16 10 6 12 12 4 6 8 7 9 12 9 8 8 11 6 6 8 8 10 9 13 7 8 12 14 4 7 10 8 14 3 10 6 8 5 7 12 10 9 10 15 15 12 14 17 11 9 13 7 8 9 12 7 9 2 3 9 11 9 10 9 7 8 10 12 12 11 9 14 7 6 9 14 7 10 9 13 6 11 12 8 8 4 9 9 10 13 8 7 13 14 7 8 6 7 4 3 12 4 7 7 6 3 7 7 10 2 11 9 10 9 9 12 9 8 5 9 8 12 7 12 11 12 7 11 11 12 9 8 11 13 13 7 13 11 10 10 9 6 8 7 8 13 12 10 16 7 7 8 8 11 13 15 9 
7 5 6 5 6 5 1 6 4 5 7 5 3 6 4 7 7 2 5 4 7 4 6 3 2 5 5 2 3 5 5 6 4 8 6 6 8 3 8 2 2 6 5 6 5 4 3 5 8 4 7 1 6 3 7 5 4 6 5 5 3 6 8 7 6 7 2 3 3 4 3 4 6 5 5 6 7 4 9 7 5 4 4 3 4 3 5 5 5 6 8 5 6 1 6 5 6 4 2 7 5 3 5 4 7 3 7 5 6 5 4 4 5 7 4 3 2 3 8 3 5 6 5 1 7 8 3 6 6 7 3 8 3 5 6 7 4 6 4 5 7 6 9 4 5 6 2 6 4 6 5 3 5 5 7 3 6 6 6 8 4 7 4 6 3 6 4 4 6 7 1 3 5 4 5 7 3 7 5 6 5 4 6 6 6 6 8 6 4 7 5 3 3 5 5 4 4 4 3 4 
3 6 10 6 10 11 8 12 7 8 10 9 9 10 11 7 12 9 11 7 12 10 10 10 10 3 12 7 6 6 6 5 10 11 8 6 4 8 7 9 9 8 5 5 13 14 6 11 16 8 10 3 7 10 9 4 10 7 13 9 7 14 15 8 10 8 13 5 5 7 13 2 6 8 11 12 11 10 9 9 13 10 13 6 10 8 2 11 0 14 10 7 7 11 6 9 6 4 7 9 6 11 12 7 9 8 9 13 10 10 10 14 6 6 8 8 7 10 9 10 6 10 9 12 9 4 8 8 12 6 8 11 4 3 12 11 10 6 10 11 6 11 8 6 9 10 10 6 5 9 5 5 9 11 7 11 6 11 12 11 11 7 8 7 11 5 12 7 12 5 18 9 12 12 10 14 8 8 9 12 4 10 2 10 8 6 8 9 13 7 15 8 9 8 8 6 10 6 7 7 
1 1 0 0 1 1 1 1 1 1 1 1 1 1 2 1 1 1 1 1 1 1 1 1 1 0 1 1 1 1 1 1 1 1 1 1 1 1 1 1 1 1 1 2 1 1 1 1 1 1 1 1 2 1 1 1 1 1 1 1 1 1 1 2 1 1 1 1 1 1 1 1 1 1 1 1 1 1 1 1 1 1 1 1 1 1 1 0 1 1 1 1 2 0 1 1 1 1 1 1 2 1 1 1 1 1 0 0 0 1 1 1 1 1 1 1 1 1 1 1 0 1 1 1 1 2 1 1 1 1 1 1 1 1 1 1 1 1 0 1 1 1 1 1 1 1 1 1 1 1 1 1 1 1 1 0 1 1 0 1 1 1 1 1 1 1 1 1 1 1 1 1 1 0 1 1 1 1 1 1 1 1 1 1 1 1 1 1 1 2 1 1 1 1 1 2 1 0 1 1 
4 5 8 10 7 12 6 13 10 11 14 8 8 9 8 7 4 6 7 11 6 6 12 12 8 7 5 8 5 2 7 11 6 4 7 3 10 3 6 10 9 6 11 8 8 6 6 9 6 4 9 9 7 4 4 2 10 9 6 11 7 1 11 14 10 4 8 13 6 8 7 7 4 12 6 6 5 10 7 10 9 11 6 12 6 12 6 8 8 8 11 8 5 7 7 12 11 7 5 6 9 5 10 6 9 11 8 9 9 8 9 6 11 6 11 10 5 13 15 9 8 12 10 14 9 10 7 8 9 9 10 6 6 1 11 11 9 6 9 9 11 7 8 6 5 12 8 12 6 7 4 9 6 10 13 10 6 10 11 6 10 8 4 4 8 11 11 9 8 10 8 7 9 10 8 6 8 7 11 6 7 7 6 9 4 9 10 15 4 8 3 9 4 13 10 8 9 6 7 7 
2 2 2 4 4 6 3 3 4 3 2 3 3 4 3 3 4 4 4 3 6 3 3 3 2 4 4 3 2 3 3 2 1 4 2 4 2 2 2 2 4 1 3 2 3 4 4 3 4 3 3 4 2 3 3 2 2 2 4 4 2 4 4 1 4 3 3 4 4 4 2 2 2 3 3 1 2 5 4 4 2 4 2 4 1 4 5 2 3 2 3 4 2 3 5 4 3 4 2 2 3 2 4 2 4 3 1 4 5 2 3 4 2 4 4 3 3 3 1 4 3 2 3 4 3 3 2 2 3 5 1 3 3 4 2 4 3 2 3 2 5 4 3 2 3 3 1 5 4 4 3 3 3 2 4 2 3 2 2 4 3 2 4 4 2 0 3 3 3 5 3 3 3 4 3 2 2 4 3 4 4 2 3 4 2 3 5 2 3 3 3 3 3 2 4 1 2 4 2 3 
6 6 9 8 9 6 8 2 11 6 4 5 3 7 5 6 3 6 7 6 12 10 5 10 6 10 5 9 8 9 6 7 7 8 8 10 5 5 6 4 5 8 2 7 8 10 8 1 11 7 3 5 7 8 6 10 9 3 9 8 10 10 5 2 5 7 13 5 5 3 7 6 7 3 1 2 5 5 7 3 10 7 7 5 4 8 7 8 5 7 5 5 8 6 9 6 4 5 3 7 6 4 10 2 3 7 6 9 9 6 5 7 7 7 8 3 8 7 2 6 2 5 5 9 8 7 5 8 5 6 8 5 10 8 6 6 3 9 6 7 5 9 9 7 7 8 6 11 7 6 4 7 9 11 4 9 9 9 7 5 5 9 12 7 6 8 5 3 4 5 5 8 8 5 6 8 6 4 8 3 4 2 5 8 8 2 6 5 6 6 8 8 8 1 3 7 8 12 8 9 
3 5 2 5 6 6 3 4 4 3 4 6 4 3 4 3 5 4 4 4 2 3 2 4 4 3 6 2 5 3 3 2 6 4 4 3 4 2 2 4 4 4 6 5 6 5 6 2 4 4 3 6 4 5 3 5 3 5 4 6 5 6 3 4 5 3 5 4 4 6 3 0 1 4 4 3 6 5 6 3 3 2 4 4 5 6 5 4 5 4 3 3 2 4 5 3 5 5 3 4 4 3 5 5 4 5 2 4 4 3 3 4 4 5 5 2 6 4 6 4 0 3 2 5 4 4 6 5 5 5 3 4 7 4 2 6 4 5 5 3 4 5 7 6 9 6 4 6 2 3 5 4 5 2 4 7 5 4 4 2 3 6 6 3 4 4 5 7 5 5 6 5 3 7 2 6 4 3 3 7 3 2 3 3 5 6 5 4 3 5 6 4 2 3 4 4 6 3 5 5 
2 3 2 2 0 1 1 3 1 1 1 1 2 2 2 2 3 1 2 3 2 2 2 1 2 2 0 2 2 3 2 1 2 3 3 3 2 1 1 2 2 3 2 3 1 0 1 3 2 2 1 3 3 2 2 2 2 3 2 2 3 2 2 1 1 2 1 2 3 1 2 4 3 3 2 2 2 2 0 3 2 1 1 1 2 1 2 1 1 1 2 2 2 2 0 2 3 2 2 2 2 4 2 2 2 0 3 2 3 2 2 2 2 2 3 2 2 1 3 2 3 2 3 1 2 1 2 2 2 1 1 2 2 2 2 2 2 2 3 2 1 3 2 3 3 2 1 2 2 3 3 2 1 2 2 2 3 2 2 2 2 2 1 2 2 2 2 2 3 2 2 2 2 2 1 3 3 2 3 3 1 2 1 1 2 2 2 1 3 2 3 2 3 3 2 3 2 3 2 2 
6 3 4 5 5 7 5 6 5 6 5 6 8 7 3 6 5 3 3 6 10 6 7 7 8 7 2 5 3 1 7 5 8 6 6 11 7 5 7 7 3 3 4 3 6 6 4 6 7 5 8 9 6 7 3 5 3 6 7 6 3 2 4 6 6 3 7 8 10 4 5 4 3 5 8 3 6 1 4 7 8 8 7 4 6 7 9 7 10 6 7 7 4 8 8 5 9 6 5 6 6 8 7 6 7 8 3 7 2 4 6 6 3 5 3 5 5 3 7 4 5 6 6 6 6 6 7 8 4 9 9 4 6 4 7 8 6 4 6 3 8 5 2 7 2 6 5 10 8 7 5 8 4 5 5 7 3 8 4 3 6 11 6 7 4 3 9 7 5 7 7 10 7 2 8 3 7 10 8 7 7 6 5 8 8 7 7 7 5 9 6 8 7 5 2 5 6 4 6 5 
