NAME  : Jabali_60_2_0.95_1_7
TYPE : SVRP
MODEL : FINITE_SUPPORT
NUMBER_OF_SCENARIOS : 200
DIMENSION : 60
EDGE_WEIGHT_TYPE : MATRIX
CAPACITY : 167
N_VEHICLES : 2
NODE_COORD_SECTION
1 4425 3311
2 6558 2526
3 1250 4206
4 7670 2058
5 2460 4363
6 5700 7372
7 4630 453
8 4673 6929
9 3521 447
10 2800 5789
11 27 2490
12 4264 776
13 5330 2989
14 7242 1413
15 3459 7245
16 6548 4544
17 7825 3343
18 3623 1225
19 3927 6132
20 1097 2984
21 3118 3597
22 5160 6409
23 5637 2467
24 8893 4960
25 2435 4994
26 3949 1927
27 850 3314
28 7528 3636
29 5161 18
30 3460 6150
31 3992 7582
32 2587 3716
33 3336 712
34 5768 3820
35 8346 3308
36 6981 6022
37 8614 5173
38 2095 3679
39 231 3951
40 1573 2596
41 4164 7101
42 3743 3467
43 6358 6533
44 3446 3963
45 4345 2163
46 6396 766
47 5729 4235
48 7697 4964
49 2340 3719
50 1996 3227
51 5587 7610
52 6463 3686
53 5650 6950
54 7690 5628
55 7620 3744
56 7027 1928
57 5983 750
58 3779 2237
59 5333 7418
60 2175 6107
DEMAND_SECTION
1 0.0
2 7.0
3 4.0
4 8.0
5 5.0
6 8.0
7 2.0
8 4.0
9 6.0
10 4.0
11 4.0
12 5.0
13 4.0
14 9.0
15 1.0
16 7.0
17 10.0
18 1.0
19 10.0
20 3.0
21 6.0
22 6.0
23 3.0
24 1.0
25 6.0
26 4.0
27 3.0
28 3.0
29 2.0
30 8.0
31 7.0
32 9.0
33 6.0
34 8.0
35 1.0
36 6.0
37 6.0
38 7.0
39 4.0
40 7.0
41 9.0
42 3.0
43 8.0
44 8.0
45 2.0
46 10.0
47 6.0
48 3.0
49 2.0
50 3.0
51 7.0
52 4.0
53 9.0
54 3.0
55 7.0
56 3.0
57 7.0
58 5.0
59 7.0
60 7.0
DEVIATION_SECTION
1 0.0
2 2.33333
3 1.33333
4 2.66667
5 1.66667
6 2.66667
7 0.666667
8 1.33333
9 2.0
10 1.33333
11 1.33333
12 1.66667
13 1.33333
14 3.0
15 0.333333
16 2.33333
17 3.33333
18 0.333333
19 3.33333
20 1.0
21 2.0
22 2.0
23 1.0
24 0.333333
25 2.0
26 1.33333
27 1.0
28 1.0
29 0.666667
30 2.66667
31 2.33333
32 3.0
33 2.0
34 2.66667
35 0.333333
36 2.0
37 2.0
38 2.33333
39 1.33333
40 2.33333
41 3.0
42 1.0
43 2.66667
44 2.66667
45 0.666667
46 3.33333
47 2.0
48 1.0
49 0.666667
50 1.0
51 2.33333
52 1.33333
53 3.0
54 1.0
55 2.33333
56 1.0
57 2.33333
58 1.66667
59 2.33333
60 2.33333
DISTANCE_MATRIX
0.0 31.1448 44.9444 47.3814 30.4138 64.1568 42.2415 50.9473 40.6228 39.5615 62.6099 36.8029 13.1529 47.1699 54.2253 34.8147 45.2242 30.1896 38.9076 46.5572 18.7883 52.5593 20.6155 64.7092 35.0571 19.6301 48.6433 41.9211 50.2311 40.0243 57.4977 26.4008 37.8617 20.6725 51.8768 60.7632 62.795 31.7648 57.7062 45.0842 51.5658 9.84886 65.0241 16.1245 18.0554 45.7566 25.3062 50.9378 29.0689 33.4215 65.249 27.2029 60.8974 65.4412 42.6015 41.0 44.0711 16.6158 61.778 47.8017 
31.1448 0.0 75.4321 16.2788 61.5224 65.7951 36.8782 66.1895 46.9574 68.884 89.3464 36.7696 18.6815 17.4642 77.4567 26.6271 20.6155 40.1413 62.7712 75.401 49.2443 56.3412 13.6015 45.7056 66.0076 32.6807 77.4872 20.2237 38.0132 66.2408 78.2993 56.7539 46.6491 20.6155 26.0768 46.9574 45.1774 61.6847 87.3155 67.6532 72.0865 40.6079 52.8015 47.2652 42.2969 23.7065 25.0599 36.3456 59.203 61.8772 68.6222 15.6205 60.8112 44.1475 21.2132 10.4403 25.0 36.0284 67.897 77.6466 
44.9444 75.4321 0.0 91.6788 16.2788 72.6558 67.6389 59.1354 56.9146 30.4138 28.0 61.1426 56.7539 89.8445 52.0865 71.0297 90.0331 51.1693 44.5982 16.1245 26.2488 61.0583 62.9682 103.439 19.3132 49.0102 13.3417 85.7384 76.6202 40.2616 59.4138 18.6815 53.3834 60.9334 96.6998 81.2739 100.568 14.0357 14.2127 19.4165 56.2939 35.1141 76.8554 29.5296 51.3517 84.0238 59.7172 87.842 16.2788 16.7631 73.736 70.7296 69.3964 89.6469 86.136 84.5281 80.1561 45.0 70.2282 29.2746 
47.3814 16.2788 91.6788 0.0 77.7817 75.8024 45.793 77.853 58.258 84.3801 102.165 47.634 34.9285 10.0 91.1021 36.3593 17.8885 53.1507 76.6551 89.2348 65.5134 68.0046 29.1548 42.7551 82.1004 46.2474 93.5812 21.4009 43.6578 80.8999 90.1094 73.0068 58.7282 35.3553 19.105 53.7587 43.6807 77.8845 103.419 80.7214 84.094 56.8859 61.8466 63.5059 58.391 24.5153 39.0512 39.1152 75.4321 77.9712 78.6003 27.5136 71.2811 47.7074 22.2036 8.48528 28.4605 49.595 78.492 93.2631 
30.4138 61.5224 16.2788 77.7817 0.0 58.77 59.9416 45.5412 52.6423 20.2485 40.8044 53.7122 43.1045 77.0065 41.9762 54.9415 74.1651 44.1022 31.1448 25.318 13.3417 47.1725 50.0 87.3509 8.60233 38.8973 25.632 69.8705 68.8767 28.0713 48.2597 8.48528 49.119 45.0654 80.8318 65.6462 84.4794 10.198 30.4138 24.1005 44.0 21.0238 62.6518 14.3178 39.3209 73.1642 43.8292 71.7539 8.94427 16.4924 59.8622 54.8616 55.5106 74.0192 70.2638 71.1758 69.857 34.7851 56.3912 24.0832 
64.1568 65.7951 72.6558 75.8024 58.77 0.0 95.0419 14.2127 101.104 43.566 99.4171 97.2844 60.3077 82.134 29.1548 39.6989 60.4152 90.6711 28.178 84.087 62.2677 15.0 65.5501 53.0848 53.3426 80.1117 84.1363 55.5698 98.2241 33.2866 22.4722 64.2594 98.3433 47.7074 64.4748 24.7386 49.0918 68.4368 86.3308 82.7995 20.0 60.6983 14.3178 56.4232 78.5369 88.8651 42.72 41.7612 66.3059 74.2986 2.82843 50.2096 5.38516 35.3553 55.0727 75.0067 88.8144 77.0973 4.12311 49.679 
42.2415 36.8782 67.6389 45.793 59.9416 95.0419 0.0 89.5135 14.3178 76.2168 65.9242 6.32456 37.0592 37.6431 92.7898 58.9493 57.28 16.4924 77.4739 57.0789 47.1699 91.1256 29.6777 82.5651 67.7422 22.6274 62.1289 57.0701 9.21954 78.492 96.0639 51.8941 16.4924 47.3446 62.0322 79.8061 81.8841 54.089 74.2428 49.366 90.132 43.1856 83.5271 49.8197 26.9258 24.2074 52.3228 72.0625 52.9245 60.208 97.8317 48.2076 89.8138 79.1026 58.0517 37.5899 19.2094 26.2488 100.344 82.9277 
50.9473 66.1895 59.1354 77.853 45.5412 14.2127 89.5135 0.0 87.0965 29.5296 86.122 84.0749 60.2726 83.0885 16.4924 41.7852 64.56 76.8325 14.5602 70.859 48.6892 9.84886 65.6744 62.514 39.8497 66.9021 70.8308 59.4811 98.5049 19.2354 12.3693 51.0098 84.0198 47.5521 69.6348 33.3766 58.5491 55.2268 72.6154 69.5851 7.07107 47.2377 22.561 43.0347 65.3274 89.9396 42.5727 49.0102 53.0848 61.0737 14.7648 50.8868 12.53 44.4072 59.203 75.8834 89.3372 63.6557 11.1803 35.4683 
40.6228 46.9574 56.9146 58.258 52.6423 101.104 14.3178 87.0965 0.0 70.8378 52.2398 10.6301 46.3876 50.9313 89.5879 71.2208 67.5426 10.4403 74.793 44.911 41.1096 89.5068 38.7627 92.0465 60.9198 22.2036 50.01 66.632 22.3607 74.8866 93.5361 44.2901 3.60555 57.0786 72.9452 91.1172 91.1576 46.1776 62.1691 37.9473 87.6602 39.8246 101.972 45.2217 29.0172 38.2753 61.7123 81.1475 45.0654 49.4837 102.196 57.2927 97.8449 88.1876 67.5878 49.8197 33.2866 24.0416 98.7255 76.4439 
39.5615 68.884 30.4138 84.3801 20.2485 43.566 76.2168 29.5296 70.8378 0.0 58.2151 70.2922 52.5954 85.9187 22.0907 54.1295 76.4634 61.5224 15.6205 44.1022 29.7321 32.2774 60.1368 83.2648 12.1655 53.8238 43.0465 71.5868 84.6286 10.2956 29.0689 28.178 67.3573 49.0918 82.7463 57.7773 79.6686 30.3645 43.3244 43.5676 25.9615 33.2866 48.0746 26.4008 52.6214 85.3177 46.0109 67.7791 29.1548 36.6879 44.2945 58.0086 40.6079 66.712 71.7086 79.2465 83.6322 50.0 40.7063 9.05539 
62.6099 89.3464 28.0 102.165 40.8044 99.4171 65.9242 86.122 52.2398 58.2151 0.0 60.4152 70.8697 97.5756 80.0562 91.6044 105.925 51.2445 71.5891 16.1245 44.3957 87.8196 80.6124 124.026 46.5296 55.9464 15.2971 102.795 74.5453 67.7422 87.2812 37.6352 49.4975 82.7755 112.505 106.451 121.154 32.2025 19.2354 23.3452 83.863 53.0221 103.247 49.5967 61.3401 87.9318 80.2246 108.429 34.8855 29.6958 100.509 89.3059 96.1577 110.793 103.486 93.9415 83.2406 53.0 97.0155 57.1402 
36.8029 36.7696 61.1426 47.634 53.7122 97.2844 6.32456 84.0749 10.6301 70.2922 60.4152 0.0 36.1252 40.3609 87.3212 58.0153 57.3847 10.198 72.0352 51.0098 41.0488 85.6869 28.7436 82.0274 61.5873 17.2047 56.0357 56.6129 15.5242 72.9178 90.6253 45.618 11.6619 46.4106 62.6099 78.8721 81.1385 47.768 68.1175 43.1856 84.6933 37.4833 98.1516 43.9318 22.4722 28.178 51.3887 71.1284 46.6154 53.9355 98.3766 47.2736 94.025 78.1686 57.5687 39.2046 23.2594 20.5183 94.9056 76.844 
13.1529 18.6815 56.7539 34.9285 43.1045 60.3077 37.0592 60.2726 46.3876 52.5954 70.8697 36.1252 0.0 34.0588 68.1261 27.1662 35.3836 35.9544 52.5814 56.8762 30.5941 50.4243 7.61577 56.356 48.1664 25.395 58.9623 32.6497 40.2413 54.8577 70.0742 38.0789 43.6266 13.0384 41.8688 47.0956 54.626 43.0116 68.7095 55.4033 63.8615 22.0907 49.3244 29.0 23.8202 33.121 17.7047 43.0116 40.5216 43.382 63.0867 18.7883 55.0689 48.6621 33.4215 28.0713 31.4775 22.3806 61.9761 60.8773 
47.1699 17.4642 89.8445 10.0 77.0065 82.134 37.6431 83.0885 50.9313 85.9187 97.5756 40.3609 34.0588 0.0 94.8845 42.45 27.2029 47.1699 80.199 85.0813 64.1249 73.2402 27.0185 52.6118 82.2192 42.0595 89.6777 29.9666 34.4384 83.5782 95.7504 71.3442 51.8556 38.0789 29.0689 61.4003 53.3667 75.9009 100.666 76.5679 89.5377 56.0 68.593 63.0317 38.5705 14.8661 42.4853 47.8539 73.5711 74.9533 84.9588 32.2025 77.3369 56.356 30.8707 7.2111 19.2354 45.607 84.5044 94.611 
54.2253 77.4567 52.0865 91.1021 41.9762 29.1548 92.7898 16.4924 89.5879 22.0907 80.0562 87.3212 68.1261 94.8845 0.0 56.2219 79.2709 79.6304 15.6205 66.1891 49.1935 25.0 73.5278 78.9177 34.2345 70.1784 65.0 74.1719 100.779 14.7648 8.06226 49.3356 86.2844 57.1466 84.7172 49.8197 74.9667 52.1728 64.1327 65.6202 9.48683 50.0 39.0512 44.4185 68.6037 98.5266 52.3927 65.0692 50.6952 58.4637 28.6007 63.5897 28.7924 60.8276 73.9842 87.7391 97.5945 66.8431 25.2389 24.0416 
34.8147 26.6271 71.0297 36.3593 54.9415 39.6989 58.9493 41.7852 71.2208 54.1295 91.6044 58.0153 27.1662 42.45 56.2219 0.0 23.1948 60.7876 43.0116 75.5517 47.6217 31.9531 30.2655 32.5269 56.3215 50.2281 77.4834 18.1108 62.0967 48.0416 54.0833 54.0547 68.4597 14.5602 29.0 20.8806 29.8329 59.7004 84.8116 74.0788 48.0833 42.4515 26.2488 42.0155 48.6534 50.2494 12.2066 17.2047 56.8768 63.36 42.5206 11.1803 35.0 21.587 18.0278 35.3553 50.9902 47.2138 42.2019 63.1506 
45.2242 20.6155 90.0331 17.8885 74.1651 60.4152 57.28 64.56 67.5426 76.4634 105.925 57.3847 35.3836 27.2029 79.2709 23.1948 0.0 60.6872 66.1211 91.2745 63.9338 54.8179 33.0151 26.0 76.6551 53.2266 93.3607 5.09902 57.4282 71.007 76.922 71.5477 67.195 29.1548 6.7082 37.0135 26.3059 76.8113 102.735 89.8016 71.0634 55.0322 46.1411 60.9516 58.8751 40.1123 30.8058 21.4009 74.1669 77.9477 63.1348 19.3132 56.3649 30.0 5.38516 22.0907 43.0116 57.4354 63.5059 85.5098 
30.1896 40.1413 51.1693 53.1507 44.1022 90.6711 16.4924 76.8325 10.4403 61.5224 51.2445 10.198 35.9544 47.1699 79.6304 60.7876 60.6872 0.0 64.6607 41.0122 31.8904 79.0736 31.9057 85.1895 52.2015 12.0 46.0 59.7749 25.7099 65.0 83.3547 35.8469 8.0 46.6455 66.2113 80.684 84.3005 37.7884 58.0345 33.0606 77.451 29.6816 91.5384 35.4683 19.105 36.6879 51.2791 76.9107 36.6742 43.7384 91.7633 50.4356 87.4117 82.3295 60.7307 44.6878 32.0156 13.6015 88.2923 67.624 
38.9076 62.7712 44.5982 76.6551 31.1448 28.178 77.4739 14.5602 74.793 15.6205 71.5891 72.0352 52.5814 80.199 15.6205 43.0116 66.1211 64.6607 0.0 56.4358 35.4401 16.6619 57.9832 70.521 25.2982 54.8625 56.2939 61.0737 85.4634 5.83095 18.7883 37.1214 71.5891 42.4611 72.0069 42.1618 66.6847 41.0122 58.1808 55.2374 13.3417 34.9857 32.4591 30.0832 53.2877 82.982 37.7137 54.8083 39.0128 47.0106 29.1548 49.2443 25.0 52.7598 61.0328 73.0536 82.0499 51.614 25.632 23.0217 
46.5572 75.401 16.1245 89.2348 25.318 84.087 57.0789 70.859 44.911 44.1022 16.1245 51.0098 56.8762 85.0813 66.1891 75.5517 91.2745 41.0122 56.4358 0.0 28.343 72.4895 67.4326 107.973 32.0156 43.0263 5.09902 87.9713 66.1891 53.0377 73.0068 21.5824 41.5933 66.7228 97.9271 90.3979 105.101 16.1555 17.2627 8.544 69.1158 36.9693 87.3906 33.544 48.1603 76.9415 64.1719 92.3758 18.7883 13.643 85.1792 73.2532 80.8276 94.7404 88.6517 81.0111 72.5603 39.8222 81.7082 44.643 
18.7883 49.2443 26.2488 65.5134 13.3417 62.2677 47.1699 48.6892 41.1096 29.7321 44.3957 41.0488 30.5941 64.1249 49.1935 47.6217 63.9338 31.8904 35.4401 28.343 0.0 50.6702 37.1214 80.0428 20.5913 25.632 30.4138 60.6306 55.9464 34.4384 54.0833 7.61577 37.6431 37.458 70.5863 61.7446 77.1712 13.0384 38.9487 26.8701 48.7647 8.94427 63.1349 6.08276 26.0768 59.8415 36.2418 64.4457 10.2956 15.8114 63.3599 45.9125 59.0083 67.1529 61.311 58.5491 56.5155 21.5407 59.8889 35.805 
52.5593 56.3412 61.0583 68.0046 47.1725 15.0 91.1256 9.84886 89.5068 32.2774 87.8196 85.6869 50.4243 73.2402 25.0 31.9531 54.8179 79.0736 16.6619 72.4895 50.6702 0.0 55.787 54.3415 41.7451 68.5142 72.5388 49.7293 88.5654 22.292 22.1359 52.6619 85.6319 37.7038 60.0167 25.632 50.448 56.8393 74.7333 71.202 16.2788 49.1008 15.8114 44.8257 66.9394 79.0124 32.7244 40.1123 54.7084 64.2297 17.1172 41.0385 10.198 36.4005 49.4773 66.0351 79.4889 65.4998 14.5602 39.4648 
20.6155 13.6015 62.9682 29.1548 50.0 65.5501 29.6777 65.6744 38.7627 60.1368 80.6124 28.7436 7.61577 27.0185 73.5278 30.2655 33.0151 31.9057 57.9832 67.4326 37.1214 55.787 0.0 56.3028 55.4437 24.4451 64.6417 31.305 32.8598 60.2594 75.476 44.4072 38.4135 17.8885 39.0512 50.9902 55.0818 49.0306 74.4793 58.9192 69.2632 29.0172 54.231 36.1248 29.4515 25.5539 22.8254 44.4072 46.6905 49.0317 68.3291 20.025 60.3113 51.0098 32.2025 21.587 24.0832 27.7928 67.2185 68.4105 
64.7092 45.7056 103.439 42.7551 87.3509 53.0848 82.5651 62.514 92.0465 83.2648 124.026 82.0274 56.356 52.6118 78.9177 32.5269 26.0 85.1895 70.521 107.973 80.0428 54.3415 56.3028 0.0 87.6964 80.1227 109.905 25.4951 83.2947 76.1511 74.1687 86.4758 91.6973 45.8039 23.7697 29.1548 4.0 92.1215 117.229 106.5 69.5845 74.8726 40.1123 74.4366 78.5479 66.0681 44.5982 15.8114 89.298 95.7812 55.2268 37.5899 51.0392 18.1108 24.5153 48.0416 69.0072 77.1083 57.0351 91.9943 
35.0571 66.0076 19.3132 82.1004 8.60233 53.3426 67.7422 39.8497 60.9198 12.1655 46.5296 61.5873 48.1664 82.2192 34.2345 56.3215 76.6551 52.2015 25.2982 32.0156 20.5913 41.7451 55.4437 87.6964 0.0 46.0977 31.257 72.1249 76.5376 21.2132 41.0 17.0294 57.3965 47.8539 83.2406 62.8496 84.1973 18.3848 33.121 31.4021 37.3363 26.6833 57.5423 19.4165 45.7433 79.6413 45.8803 72.0216 17.4929 24.6982 54.4243 57.4891 50.0832 71.3542 72.4224 76.0263 76.5376 42.0476 50.9215 15.5563 
19.6301 32.6807 49.0102 46.2474 38.8973 80.1117 22.6274 66.9021 22.2036 53.8238 55.9464 17.2047 25.395 42.0595 70.1784 50.2281 53.2266 12.0 54.8625 43.0263 25.632 68.5142 24.4451 80.1227 46.0977 0.0 47.6227 57.3206 30.8058 55.8659 73.4525 31.5753 20.0 36.086 58.7508 70.1245 78.2084 35.0571 58.9431 34.513 67.5206 20.6155 80.9789 27.4591 7.28011 35.0143 40.7196 66.3512 33.2415 33.2415 81.2038 42.6164 76.8523 71.77 58.0116 38.0237 31.257 4.12311 77.7329 60.9016 
48.6433 77.4872 13.3417 93.5812 25.632 84.1363 62.1289 70.8308 50.01 43.0465 15.2971 56.0357 58.9623 89.6777 65.0 77.4834 93.3607 46.0 56.2939 5.09902 30.4138 72.5388 64.6417 109.905 31.257 47.6227 0.0 90.0575 71.2531 52.469 72.111 23.4307 46.6905 68.6584 100.013 91.2092 107.033 17.8045 12.1655 13.1529 68.593 39.0512 88.2148 35.4683 52.3914 81.7435 66.1036 94.3075 20.6155 15.7292 85.2285 75.3393 80.8769 96.7763 90.7379 86.2218 77.4145 44.4186 81.7435 42.5793 
41.9211 20.2237 85.7384 21.4009 69.8705 55.5698 57.0701 59.4811 66.632 71.5868 102.795 56.6129 32.6497 29.9666 74.1719 18.1108 5.09902 59.7749 61.0737 87.9713 60.6306 49.7293 31.305 25.4951 72.1249 57.3206 90.0575 0.0 58.0345 66.0 71.8401 68.6961 66.2828 25.0599 11.1803 32.5576 25.02 73.5081 99.453 86.4984 65.9697 51.729 41.3401 56.6569 55.7459 41.7732 26.2488 17.8885 70.8637 74.6445 58.3095 15.2643 51.4296 26.4197 1.0 24.0416 44.1814 54.3062 58.5918 80.6332 
50.2311 38.0132 76.6202 43.6578 68.8767 98.2241 9.21954 98.5049 22.3607 84.6286 74.5453 15.5242 40.2413 34.4384 100.779 62.0967 57.4282 25.7099 85.4634 66.1891 55.9464 88.5654 32.8598 83.2947 76.5376 30.8058 71.2531 58.0345 0.0 86.4859 104.053 60.9262 25.0799 50.5267 61.3922 82.9699 83.0542 63.2456 83.3847 58.5491 98.1215 51.4004 86.7092 58.2495 33.9706 19.7231 55.5049 74.2428 62.0322 69.4263 101.014 51.1957 92.996 81.7435 59.0339 36.1386 15.2315 34.6699 99.9032 91.586 
40.0243 66.2408 40.2616 80.8999 28.0713 33.2866 78.492 19.2354 74.8866 10.2956 67.7422 72.9178 54.8577 83.5782 14.7648 48.0416 71.007 65.0 5.83095 53.0377 34.4384 22.292 60.2594 76.1511 21.2132 55.8659 52.469 66.0 86.4859 0.0 20.2237 34.9285 71.5612 45.8931 77.026 47.792 72.3148 38.2099 53.4883 52.0822 16.1245 35.4683 38.0892 29.6816 54.3102 85.2582 41.9555 60.2703 36.4966 44.4072 34.0 53.6004 30.4795 58.39 66.0076 76.6797 84.3261 52.4023 30.4138 17.2047 
57.4977 78.2993 59.4138 90.1094 48.2597 22.4722 96.0639 12.3693 93.5361 29.0689 87.2812 90.6253 70.0742 95.7504 8.06226 54.0833 76.922 83.3547 18.7883 73.0068 54.0833 22.1359 75.476 74.1687 41.0 73.4525 72.111 71.8401 104.053 20.2237 0.0 55.109 90.3549 58.0294 82.0 45.0444 70.1783 58.4209 71.8053 72.194 6.40312 53.7122 34.0588 48.8467 71.8778 99.7412 53.2785 61.131 56.7186 64.6297 21.4709 63.1433 23.1948 56.0803 71.5681 88.6185 99.4296 70.2061 18.3848 31.9531 
26.4008 56.7539 18.6815 73.0068 8.48528 64.2594 51.8941 51.0098 44.2901 28.178 37.6352 45.618 38.0789 71.3442 49.3356 54.0547 71.5477 35.8469 37.1214 21.5824 7.61577 52.6619 44.4072 86.4758 17.0294 31.5753 23.4307 68.6961 60.9262 34.9285 55.109 0.0 40.7667 43.8911 78.2002 69.4924 83.6043 5.65685 31.3847 20.1095 50.3587 16.5529 66.498 12.0416 33.0151 66.3702 42.6749 70.8788 2.82843 10.198 65.3516 53.6873 61.0 73.4323 69.0937 65.9242 62.8013 27.4591 61.8806 32.5576 
37.8617 46.6491 53.3834 58.7282 49.119 98.3433 16.4924 84.0198 3.60555 67.3573 49.4975 11.6619 43.6266 51.8556 86.2844 68.4597 67.195 8.0 71.5891 41.5933 37.6431 85.6319 38.4135 91.6973 57.3965 20.0 46.6905 66.2828 25.0799 71.5612 90.3549 40.7667 0.0 54.3176 72.7186 88.3561 90.8084 42.6542 58.8558 34.4819 84.5281 36.6742 99.2105 41.8808 27.074 39.8246 58.9512 80.7983 41.5421 45.9524 98.3215 56.9435 95.0839 90.0016 67.2386 50.2494 34.8855 21.3776 94.8506 72.9206 
20.6725 20.6155 60.9334 35.3553 45.0654 47.7074 47.3446 47.5521 57.0786 49.0918 82.7755 46.4106 13.0384 38.0789 57.1466 14.5602 29.1548 46.6455 42.4611 66.7228 37.458 37.7038 17.8885 45.8039 47.8539 36.086 68.6584 25.0599 50.5267 45.8931 58.0294 43.8911 54.3176 0.0 35.8469 34.0588 43.566 49.5367 74.648 65.2499 51.8167 30.4805 36.4005 31.8519 34.5112 41.7253 5.0 31.305 46.7132 53.396 50.4777 9.84886 42.4722 36.1386 25.5539 31.0161 41.2311 33.0716 49.3795 58.0345 
51.8768 26.0768 96.6998 19.105 80.8318 64.4748 62.0322 69.6348 72.9452 82.7463 112.505 62.6099 41.8688 29.0689 84.7172 29.0 6.7082 66.2113 72.0069 97.9271 70.5863 60.0167 39.0512 23.7697 83.2406 58.7508 100.013 11.1803 61.3922 77.026 82.0 78.2002 72.7186 35.8469 0.0 40.3113 25.0799 83.4638 109.388 96.4541 76.2955 61.6847 50.1597 67.6183 65.4557 43.1045 37.3631 23.6008 80.8194 84.6003 67.1193 26.0 60.7454 31.8904 11.0454 25.318 46.5296 64.0161 67.7791 91.7928 
60.7632 46.9574 81.2739 53.7587 65.6462 24.7386 79.8061 33.3766 91.1172 57.7773 106.451 78.8721 47.0956 61.4003 49.8197 20.8806 37.0135 80.684 42.1618 90.3979 61.7446 25.632 50.9902 29.1548 62.8496 70.1245 91.2092 32.5576 82.9699 47.792 45.0444 69.4924 88.3561 34.0588 40.3113 0.0 25.1794 74.291 95.4554 88.925 40.4475 57.3047 11.0 56.7625 68.5498 70.6612 30.0167 17.088 71.8553 77.4837 27.2029 31.9531 22.0227 11.0454 31.8904 54.6443 71.6938 67.1102 28.4429 64.9647 
62.795 45.1774 100.568 43.6807 84.4794 49.0918 81.8841 58.5491 91.1576 79.6686 121.154 81.1385 54.626 53.3667 74.9667 29.8329 26.3059 84.3005 66.6847 105.101 77.1712 50.448 55.0818 4.0 84.1973 78.2084 107.033 25.02 83.0542 72.3148 70.1783 83.6043 90.8084 43.566 25.0799 25.1794 0.0 89.2499 114.357 103.628 65.6201 72.001 36.1248 71.5651 76.6337 66.3702 42.0119 12.7279 86.4264 92.9096 51.2445 35.8469 47.0425 14.1421 24.0208 48.3735 69.0652 75.194 53.0377 88.3981 
31.7648 61.6847 14.0357 77.8845 10.198 68.4368 54.089 55.2268 46.1776 30.3645 32.2025 47.768 43.0116 75.9009 52.1728 59.7004 76.8113 37.7884 41.0122 16.1555 13.0384 56.8393 49.0306 92.1215 18.3848 35.0571 17.8045 73.5081 63.2456 38.2099 58.4209 5.65685 42.6542 49.5367 83.4638 74.291 89.2499 0.0 25.9422 14.6868 54.037 21.9545 71.2966 17.6918 37.3363 70.0643 48.3205 76.5244 2.82843 6.32456 69.529 58.79 65.1774 79.0884 74.1885 70.6116 66.2722 31.0161 66.058 33.2866 
57.7062 87.3155 14.2127 103.419 30.4138 86.3308 74.2428 72.6154 62.1691 43.3244 19.2354 68.1175 68.7095 100.666 64.1327 84.8116 102.735 58.0345 58.1808 17.2627 38.9487 74.7333 74.4793 117.229 33.121 58.9431 12.1655 99.453 83.3847 53.4883 71.8053 31.3847 58.8558 74.648 109.388 95.4554 114.357 25.9422 0.0 25.0 69.2604 47.8853 90.5304 43.0116 62.3618 93.4345 73.4317 101.632 28.6531 25.7099 87.3212 84.7141 83.0714 103.828 99.8506 96.0595 89.202 55.1409 83.7735 40.3113 
45.0842 67.6532 19.4165 80.7214 24.1005 82.7995 49.366 69.5851 37.9473 43.5676 23.3452 43.1856 55.4033 76.5679 65.6202 74.0788 89.8016 33.0606 55.2374 8.544 26.8701 71.202 58.9192 106.5 31.4021 34.513 13.1529 86.4984 58.5491 52.0822 72.194 20.1095 34.4819 65.2499 96.4541 88.925 103.628 14.6868 25.0 0.0 68.0793 35.4964 85.9305 32.0711 39.6469 68.593 62.6989 90.9028 17.3667 12.1701 83.8917 71.7803 79.5401 93.2675 87.1788 72.4977 64.2806 31.3088 80.4207 45.1499 
51.5658 72.0865 56.2939 84.094 44.0 20.0 90.132 7.07107 87.6602 25.9615 83.863 84.6933 63.8615 89.5377 9.48683 48.0833 71.0634 77.451 13.3417 69.1158 48.7647 16.2788 69.2632 69.5845 37.3363 67.5206 68.593 65.9697 98.1215 16.1245 6.40312 50.3587 84.5281 51.8167 76.2955 40.4475 65.6201 54.037 69.2604 68.0793 0.0 47.8539 29.6142 43.3244 65.9459 93.5285 47.0658 56.0 52.1536 60.1332 19.799 57.1279 19.3132 51.4782 65.7343 82.4058 93.2168 64.2742 16.2788 30.5287 
9.84886 40.6079 35.1141 56.8859 21.0238 60.6983 43.1856 47.2377 39.8246 33.2866 53.0221 37.4833 22.0907 56.0 50.0 42.4515 55.0322 29.6816 34.9857 36.9693 8.94427 49.1008 29.0172 74.8726 26.6833 20.6155 39.0512 51.729 51.4004 35.4683 53.7122 16.5529 36.6742 30.4805 61.6847 57.3047 72.001 21.9545 47.8853 35.4964 47.8539 0.0 61.5656 7.28011 19.351 53.2491 31.0716 59.2756 19.2354 24.0416 61.7905 37.0109 57.4389 61.9827 52.4094 50.1597 50.1453 16.9706 58.3196 40.7185 
65.0241 52.8015 76.8554 61.8466 62.6518 14.3178 83.5271 22.561 101.972 48.0746 103.247 98.1516 49.3244 68.593 39.0512 26.2488 46.1411 91.5384 32.4591 87.3906 63.1349 15.8114 54.231 40.1123 57.5423 80.9789 88.2148 41.3401 86.7092 38.0892 34.0588 66.498 99.2105 36.4005 50.1597 11.0 36.1248 71.2966 90.5304 85.9305 29.6142 61.5656 0.0 57.2904 79.4041 76.2758 31.6228 27.6586 68.8609 76.6944 17.0 37.2022 11.0454 22.0227 40.8167 61.5549 76.6616 77.9645 17.72 55.2619 
16.1245 47.2652 29.5296 63.5059 14.3178 56.4232 49.8197 43.0347 45.2217 26.4008 49.5967 43.9318 29.0 63.0317 44.4185 42.0155 60.9516 35.4683 30.0832 33.544 6.08276 44.8257 36.1248 74.4366 19.4165 27.4591 35.4683 56.6569 58.2495 29.6816 48.8467 12.0416 41.8808 31.8519 67.6183 56.7625 71.5651 17.6918 43.0116 32.0711 43.3244 7.28011 57.2904 0.0 26.5196 60.4177 30.6357 58.8396 14.8661 21.4709 57.5154 41.6481 53.1638 61.4406 57.0545 57.0351 57.314 23.6008 54.0444 33.541 
18.0554 42.2969 51.3517 58.391 39.3209 78.5369 26.9258 65.3274 29.0172 52.6214 61.3401 22.4722 23.8202 38.5705 68.6037 48.6534 58.8751 19.105 53.2877 48.1603 26.0768 66.9394 29.4515 78.5479 45.7433 7.28011 52.3914 55.7459 33.9706 54.3102 71.8778 33.0151 27.074 34.5112 65.4557 68.5498 76.6337 37.3363 62.3618 39.6469 65.9459 19.351 79.4041 26.5196 0.0 33.9559 39.1449 64.7765 35.1283 36.6879 79.6291 41.0416 75.2775 70.1953 56.4368 51.0316 31.0161 8.48528 76.1581 60.0456 
45.7566 23.7065 84.0238 24.5153 73.1642 88.8651 24.2074 89.9396 38.2753 85.3177 87.9318 28.178 33.121 14.8661 98.5266 50.2494 40.1123 36.6879 82.982 76.9415 59.8415 79.0124 25.5539 66.0681 79.6413 35.0143 81.7435 41.7732 19.7231 85.2582 99.7412 66.3702 39.8246 41.7253 43.1045 70.6612 66.3702 70.0643 93.4345 68.593 93.5285 53.2491 76.2758 60.4177 33.9559 0.0 46.669 59.203 68.1836 68.0661 91.6788 39.1152 83.7377 67.3573 42.7551 18.0278 5.0 39.0512 90.6863 93.5004 
25.3062 25.0599 59.7172 39.0512 43.8292 42.72 52.3228 42.5727 61.7123 46.0109 80.2246 51.3887 17.7047 42.4853 52.3927 12.2066 30.8058 51.2791 37.7137 64.1719 36.2418 32.7244 22.8254 44.5982 45.8803 40.7196 66.1036 26.2488 55.5049 41.9555 53.2785 42.6749 58.9512 5.0 37.3631 30.0167 42.0119 48.3205 73.4317 62.6989 47.0658 31.0716 31.6228 30.6357 39.1449 46.669 0.0 29.4109 45.497 51.9802 45.4863 12.0 37.4929 33.2415 26.5707 35.3412 46.2277 37.7052 44.4001 55.0364 
50.9378 36.3456 87.842 39.1152 71.7539 41.7612 72.0625 49.0102 81.1475 67.7791 108.429 71.1284 43.0116 47.8539 65.0692 17.2047 21.4009 76.9107 54.8083 92.3758 64.4457 40.1123 44.4072 15.8114 72.0216 66.3512 94.3075 17.8885 74.2428 60.2703 61.131 70.8788 80.7983 31.305 23.6008 17.088 12.7279 76.5244 101.632 90.9028 56.0 59.2756 27.6586 58.8396 64.7765 59.203 29.4109 0.0 73.7009 80.1841 44.2719 24.5153 38.6394 8.60233 17.0 41.7852 61.1882 63.3369 45.3542 76.5506 
29.0689 59.203 16.2788 75.4321 8.94427 66.3059 52.9245 53.0848 45.0654 29.1548 34.8855 46.6154 40.5216 73.5711 50.6952 56.8768 74.1669 36.6742 39.0128 18.7883 10.2956 54.7084 46.6905 89.298 17.4929 33.2415 20.6155 70.8637 62.0322 36.4966 56.7186 2.82843 41.5421 46.7132 80.8194 71.8553 86.4264 2.82843 28.6531 17.3667 52.1536 19.2354 68.8609 14.8661 35.1283 68.1836 45.497 73.7009 0.0 8.0 67.3981 56.1456 63.0465 76.2603 71.9159 68.2495 64.4981 29.1548 63.9271 32.8024 
33.4215 61.8772 16.7631 77.9712 16.4924 74.2986 60.208 61.0737 49.4837 36.6879 29.6958 53.9355 43.382 74.9533 58.4637 63.36 77.9477 43.7384 47.0106 13.643 15.8114 64.2297 49.0317 95.7812 24.6982 33.2415 15.7292 74.6445 69.4263 44.4072 64.6297 10.198 45.9524 53.396 84.6003 77.4837 92.9096 6.32456 25.7099 12.1701 60.1332 24.0416 76.6944 21.4709 36.6879 68.0661 51.9802 80.1841 8.0 0.0 75.3908 59.9264 71.0392 82.8913 75.3249 70.6118 64.0 29.4279 71.9198 39.4462 
65.249 68.6222 73.736 78.6003 59.8622 2.82843 97.8317 14.7648 102.196 44.2945 100.509 98.3766 63.0867 84.9588 28.6007 42.5206 63.1348 91.7633 29.1548 85.1792 63.3599 17.1172 68.3291 55.2268 54.4243 81.2038 85.2285 58.3095 101.014 34.0 21.4709 65.3516 98.3215 50.4777 67.1193 27.2029 51.2445 69.529 87.3212 83.8917 19.799 61.7905 17.0 57.5154 79.6291 91.6788 45.4863 44.2719 67.3981 75.3908 0.0 53.0377 8.06226 37.6563 57.8014 77.8332 91.6079 78.1895 3.60555 50.0 
27.2029 15.6205 70.7296 27.5136 54.8616 50.2096 48.2076 50.8868 57.2927 58.0086 89.3059 47.2736 18.7883 32.2025 63.5897 11.1803 19.3132 50.4356 49.2443 73.2532 45.9125 41.0385 20.025 37.5899 57.4891 42.6164 75.3393 15.2643 51.1957 53.6004 63.1433 53.6873 56.9435 9.84886 26.0 31.9531 35.8469 58.79 84.7141 71.7803 57.1279 37.0109 37.2022 41.6481 41.0416 39.1152 12.0 24.5153 56.1456 59.9264 53.0377 0.0 45.2769 31.0 15.8114 25.0 39.8121 39.602 52.4023 67.0298 
60.8974 60.8112 69.3964 71.2811 55.5106 5.38516 89.8138 12.53 97.8449 40.6079 96.1577 94.025 55.0689 77.3369 28.7924 35.0 56.3649 87.4117 25.0 80.8276 59.0083 10.198 60.3113 51.0392 50.0832 76.8523 80.8769 51.4296 92.996 30.4795 23.1948 61.0 95.0839 42.4722 60.7454 22.0227 47.0425 65.1774 83.0714 79.5401 19.3132 57.4389 11.0454 53.1638 75.2775 83.7377 37.4929 38.6394 63.0465 71.0392 8.06226 45.2769 0.0 33.0 50.9902 70.1783 83.6002 73.8379 7.2111 47.3814 
65.4412 44.1475 89.6469 47.7074 74.0192 35.3553 79.1026 44.4072 88.1876 66.712 110.793 78.1686 48.6621 56.356 60.8276 21.587 30.0 82.3295 52.7598 94.7404 67.1529 36.4005 51.0098 18.1108 71.3542 71.77 96.7763 26.4197 81.7435 58.39 56.0803 73.4323 90.0016 36.1386 31.8904 11.0454 14.1421 79.0884 103.828 93.2675 51.4782 61.9827 22.0227 61.4406 70.1953 67.3573 33.2415 8.60233 76.2603 82.8913 37.6563 31.0 33.0 0.0 25.5539 50.1597 69.1231 68.7557 39.2046 75.5627 
42.6015 21.2132 86.136 22.2036 70.2638 55.0727 58.0517 59.203 67.5878 71.7086 103.486 57.5687 33.4215 30.8707 73.9842 18.0278 5.38516 60.7307 61.0328 88.6517 61.311 49.4773 32.2025 24.5153 72.4224 58.0116 90.7379 1.0 59.0339 66.0076 71.5681 69.0937 67.2386 25.5539 11.0454 31.8904 24.0208 74.1885 99.8506 87.1788 65.7343 52.4094 40.8167 57.0545 56.4368 42.7551 26.5707 17.0 71.9159 75.3249 57.8014 15.8114 50.9902 25.5539 0.0 25.0 45.1774 54.9972 58.1378 80.755 
41.0 10.4403 84.5281 8.48528 71.1758 75.0067 37.5899 75.8834 49.8197 79.2465 93.9415 39.2046 28.0713 7.2111 87.7391 35.3553 22.0907 44.6878 73.0536 81.0111 58.5491 66.0351 21.587 48.0416 76.0263 38.0237 86.2218 24.0416 36.1386 76.6797 88.6185 65.9242 50.2494 31.0161 25.318 54.6443 48.3735 70.6116 96.0595 72.4977 82.4058 50.1597 61.5549 57.0351 51.0316 18.0278 35.3412 41.7852 68.2495 70.6118 77.8332 25.0 70.1783 50.1597 25.0 0.0 21.2132 41.3713 77.3369 87.9659 
44.0711 25.0 80.1561 28.4605 69.857 88.8144 19.2094 89.3372 33.2866 83.6322 83.2406 23.2594 31.4775 19.2354 97.5945 50.9902 43.0116 32.0156 82.0499 72.5603 56.5155 79.4889 24.0832 69.0072 76.5376 31.257 77.4145 44.1814 15.2315 84.3261 99.4296 62.8013 34.8855 41.2311 46.5296 71.6938 69.0652 66.2722 89.202 64.2806 93.2168 50.1453 76.6616 57.314 31.0161 5.0 46.2277 61.1882 64.4981 64.0 91.6079 39.8121 83.6002 69.1231 45.1774 21.2132 0.0 35.3553 90.5076 90.8399 
16.6158 36.0284 45.0 49.595 34.7851 77.0973 26.2488 63.6557 24.0416 50.0 53.0 20.5183 22.3806 45.607 66.8431 47.2138 57.4354 13.6015 51.614 39.8222 21.5407 65.4998 27.7928 77.1083 42.0476 4.12311 44.4186 54.3062 34.6699 52.4023 70.2061 27.4591 21.3776 33.0716 64.0161 67.1102 75.194 31.0161 55.1409 31.3088 64.2742 16.9706 77.9645 23.6008 8.48528 39.0512 37.7052 63.3369 29.1548 29.4279 78.1895 39.602 73.8379 68.7557 54.9972 41.3713 35.3553 0.0 74.7185 56.9386 
61.778 67.897 70.2282 78.492 56.3912 4.12311 100.344 11.1803 98.7255 40.7063 97.0155 94.9056 61.9761 84.5044 25.2389 42.2019 63.5059 88.2923 25.632 81.7082 59.8889 14.5602 67.2185 57.0351 50.9215 77.7329 81.7435 58.5918 99.9032 30.4138 18.3848 61.8806 94.8506 49.3795 67.7791 28.4429 53.0377 66.058 83.7735 80.4207 16.2788 58.3196 17.72 54.0444 76.1581 90.6863 44.4001 45.3542 63.9271 71.9198 3.60555 52.4023 7.2111 39.2046 58.1378 77.3369 90.5076 74.7185 0.0 46.4004 
47.8017 77.6466 29.2746 93.2631 24.0832 49.679 82.9277 35.4683 76.4439 9.05539 57.1402 76.844 60.8773 94.611 24.0416 63.1506 85.5098 67.624 23.0217 44.643 35.805 39.4648 68.4105 91.9943 15.5563 60.9016 42.5793 80.6332 91.586 17.2047 31.9531 32.5576 72.9206 58.0345 91.7928 64.9647 88.3981 33.2866 40.3113 45.1499 30.5287 40.7185 55.2619 33.541 60.0456 93.5004 55.0364 76.5506 32.8024 39.4462 50.0 67.0298 47.3814 75.5627 80.755 87.9659 90.8399 56.9386 46.4004 0.0 
DEMAND_SCENARIO_SECTION
0 0 0 0 0 0 0 0 0 0 0 0 0 0 0 0 0 0 0 0 0 0 0 0 0 0 0 0 0 0 0 0 0 0 0 0 0 0 0 0 0 0 0 0 0 0 0 0 0 0 0 0 0 0 0 0 0 0 0 0 0 0 0 0 0 0 0 0 0 0 0 0 0 0 0 0 0 0 0 0 0 0 0 0 0 0 0 0 0 0 0 0 0 0 0 0 0 0 0 0 0 0 0 0 0 0 0 0 0 0 0 0 0 0 0 0 0 0 0 0 0 0 0 0 0 0 0 0 0 0 0 0 0 0 0 0 0 0 0 0 0 0 0 0 0 0 0 0 0 0 0 0 0 0 0 0 0 0 0 0 0 0 0 0 0 0 0 0 0 0 0 0 0 0 0 0 0 0 0 0 0 0 0 0 0 0 0 0 0 0 0 0 0 0 0 0 0 0 0 0 
5 9 5 6 8 3 5 4 8 2 9 7 6 5 5 7 7 7 6 11 8 7 6 8 6 11 8 3 9 8 10 6 8 8 11 3 10 6 4 6 7 7 5 12 10 5 4 6 11 10 6 6 10 9 9 7 8 8 12 9 9 7 7 4 4 6 1 3 6 6 11 6 8 3 3 2 6 6 9 6 4 8 5 4 8 3 8 9 6 5 10 5 10 7 9 7 12 5 6 8 5 8 6 7 3 8 7 9 9 9 5 8 10 4 3 7 7 7 8 10 7 10 3 8 8 7 9 1 9 7 11 9 5 9 10 6 9 7 4 8 6 6 4 7 10 10 9 8 7 9 6 10 4 8 6 5 8 9 6 7 0 11 8 4 6 12 10 6 7 10 8 1 7 8 5 9 9 5 8 7 6 5 5 10 7 7 6 10 7 8 6 7 8 7 8 9 11 6 6 9 
4 2 3 3 4 6 4 4 4 3 2 4 2 5 5 3 4 2 4 1 4 2 5 3 4 5 5 6 2 4 6 6 3 7 6 4 4 5 3 2 3 5 5 2 6 4 2 4 4 3 4 6 4 2 6 4 3 4 1 4 4 3 5 3 2 1 3 3 4 5 5 5 1 3 4 6 3 5 4 4 2 4 5 2 3 4 4 4 1 5 5 3 2 5 5 5 5 4 6 4 6 4 5 4 4 4 3 2 2 5 4 5 6 3 5 3 4 5 3 3 2 5 3 5 3 3 3 5 5 2 4 5 6 4 4 4 2 5 4 6 4 4 2 3 6 3 2 4 4 3 6 5 1 4 4 5 7 4 3 5 7 5 5 4 4 2 5 5 4 5 6 4 6 5 6 3 2 4 5 3 2 5 4 5 5 5 6 1 1 4 3 3 5 2 5 4 3 4 3 5 
6 8 7 8 10 8 4 9 3 7 4 8 8 8 8 6 9 7 8 12 8 11 12 3 6 9 11 11 8 5 10 9 12 8 8 7 7 5 6 10 8 9 8 9 8 8 8 10 10 7 5 10 8 9 5 4 7 0 13 10 14 9 9 6 2 15 5 11 5 8 9 8 10 8 12 4 8 8 7 6 8 11 6 12 8 10 9 6 9 10 10 11 7 6 8 8 9 8 6 5 7 8 10 9 8 8 9 11 7 11 9 10 7 9 6 8 11 11 12 5 8 8 8 9 11 10 5 9 8 9 7 6 9 12 8 9 9 4 10 11 6 11 6 8 7 3 9 6 5 8 6 12 8 10 7 7 10 7 3 7 8 4 8 11 6 6 8 7 6 11 7 11 14 10 6 7 11 6 10 9 12 6 8 10 8 12 9 7 6 6 11 10 11 10 4 7 12 6 4 7 
3 2 7 6 7 6 6 7 3 5 4 7 7 3 6 4 6 7 6 4 4 5 5 5 4 3 6 2 4 4 2 5 4 3 3 8 6 5 10 8 7 5 6 4 8 6 3 5 5 4 3 3 6 2 5 6 5 5 4 4 4 3 3 4 6 6 5 0 6 5 5 3 4 7 3 6 3 6 4 4 2 2 3 4 4 9 4 2 4 4 5 5 7 4 7 4 4 3 7 7 4 5 5 3 6 4 6 5 5 9 7 4 3 4 5 7 5 6 5 6 5 7 7 0 2 6 7 3 4 6 4 7 6 5 6 5 5 7 7 4 5 6 3 8 7 3 5 6 7 5 6 5 4 5 5 6 7 4 6 5 6 6 3 5 8 6 6 5 6 6 4 5 4 2 4 5 2 6 8 5 3 6 6 5 4 5 6 7 7 4 6 6 5 4 4 4 2 4 5 3 
9 10 5 9 8 16 10 7 6 8 7 6 8 10 8 6 5 7 11 11 9 3 8 4 13 9 6 10 12 8 7 4 3 12 10 11 6 8 7 4 7 5 8 15 7 8 7 11 7 10 8 7 10 9 4 6 8 11 4 4 9 5 8 9 5 7 4 4 6 4 9 11 11 8 6 7 7 8 9 6 10 5 3 7 11 9 4 9 7 10 11 7 9 3 8 4 11 4 12 11 11 9 12 10 9 8 7 7 5 6 6 8 9 11 5 10 5 10 9 10 7 7 6 10 6 6 12 5 6 10 8 7 7 7 10 7 8 6 8 14 6 3 4 6 10 7 5 5 5 10 7 10 8 3 6 7 9 9 11 13 6 5 3 3 7 2 9 13 8 12 11 9 10 9 6 11 7 8 9 7 6 10 5 10 7 8 13 11 9 11 7 13 9 4 8 8 5 9 9 12 
3 3 3 2 2 2 1 3 3 3 2 2 2 1 2 2 2 2 3 1 2 2 2 2 3 2 2 1 2 1 3 2 2 1 3 3 2 2 2 3 1 1 1 2 2 2 2 2 2 3 2 2 2 1 1 2 3 1 2 1 2 2 2 2 1 1 3 3 2 2 1 2 2 2 2 3 2 2 3 1 2 1 3 2 1 2 2 3 0 1 1 2 2 3 3 2 2 2 2 2 1 2 2 2 1 3 2 1 2 2 2 2 2 2 2 2 2 2 2 2 1 0 2 2 2 2 2 2 1 3 2 1 2 2 2 2 2 1 2 1 2 2 2 2 2 2 0 1 1 1 2 2 2 2 1 3 2 1 1 2 1 3 2 2 2 2 1 1 2 2 2 2 2 2 2 2 2 2 2 2 2 3 2 1 1 2 3 3 2 2 3 1 1 2 2 2 2 3 2 1 
5 4 3 6 4 2 4 3 4 5 5 6 4 5 5 5 3 1 3 2 3 4 2 3 5 3 3 7 4 3 3 3 3 5 5 3 5 4 3 4 2 6 3 3 5 6 4 3 5 5 5 3 4 4 4 4 5 4 5 2 5 4 4 3 3 4 3 4 1 4 2 6 1 3 6 3 3 4 3 4 3 5 5 4 4 4 3 3 7 5 4 7 1 2 3 4 5 3 3 3 4 4 2 2 2 5 3 4 2 2 4 3 4 3 1 3 5 3 6 3 4 1 5 4 4 3 2 7 4 4 4 2 6 5 6 4 5 5 3 6 5 5 4 6 6 4 3 5 3 3 5 3 5 3 6 6 5 2 6 5 6 5 5 4 5 3 4 3 6 4 4 5 6 3 3 4 4 4 4 4 5 3 3 4 4 4 6 4 3 5 4 6 4 4 4 5 5 1 4 6 
5 8 7 7 8 7 3 7 3 6 4 12 5 4 3 7 5 5 8 7 9 5 5 9 10 6 3 10 9 1 5 7 7 6 6 6 7 9 7 5 7 10 8 4 4 8 7 0 9 11 3 6 6 3 6 8 7 8 5 5 9 5 7 4 10 9 6 12 7 3 5 6 7 6 2 5 2 8 5 6 3 6 3 7 7 9 7 5 7 10 6 4 6 5 8 3 7 1 5 7 10 5 7 7 6 9 3 3 7 7 3 5 6 5 9 5 4 8 5 10 5 4 8 6 5 4 8 8 6 4 6 8 7 5 5 7 7 4 5 6 6 7 4 7 6 4 7 6 5 4 5 7 5 4 5 5 5 4 8 5 6 6 8 4 8 6 5 7 8 9 8 4 7 13 7 7 2 8 7 8 5 7 5 1 5 8 5 3 6 4 4 8 10 4 8 6 2 7 7 5 
6 4 3 4 3 5 4 4 2 4 3 4 4 4 3 7 6 3 4 4 5 5 6 6 3 4 4 5 3 3 3 3 2 3 1 2 3 3 3 3 3 3 4 5 3 1 1 2 5 7 3 1 5 4 5 2 4 5 3 2 4 4 7 7 5 7 2 2 4 3 3 1 2 4 6 4 3 6 6 4 2 4 5 4 6 6 4 2 7 3 3 5 4 3 2 3 6 4 6 5 4 5 4 6 3 5 3 4 1 6 3 5 4 4 7 3 5 4 4 7 3 5 4 5 2 3 2 6 3 5 4 3 5 4 4 3 5 4 5 3 5 3 3 5 5 3 4 3 6 5 4 4 4 5 6 4 4 3 3 4 2 5 2 2 3 2 6 2 5 6 4 4 7 2 3 5 3 6 4 2 3 5 5 5 4 7 4 4 5 5 2 4 5 4 4 2 4 4 5 3 
4 5 5 5 3 5 4 5 4 5 4 6 3 3 2 6 2 4 5 4 7 6 4 4 3 4 4 5 3 4 4 5 4 5 3 2 4 5 5 3 2 5 2 3 6 5 4 2 5 4 6 5 4 5 3 3 5 5 3 6 5 4 5 7 2 2 4 6 3 4 3 4 3 1 5 5 5 1 4 5 2 5 3 3 4 7 5 8 2 3 5 5 6 7 2 3 4 3 3 6 4 6 3 5 7 4 2 5 2 3 5 2 5 5 3 3 2 3 4 4 0 5 5 6 4 6 1 3 2 4 2 4 4 6 1 4 3 4 4 4 5 6 2 5 5 3 6 4 4 5 6 4 4 3 6 6 5 0 4 4 5 4 5 5 2 4 6 5 6 5 5 3 2 5 5 3 4 3 5 4 4 3 1 2 3 5 5 3 6 4 3 3 3 3 3 2 5 2 3 3 
5 4 5 7 4 6 5 6 8 4 7 5 5 5 7 2 5 4 5 7 7 5 7 6 2 6 3 5 8 4 5 3 5 5 4 4 6 6 5 4 4 9 6 3 2 5 4 5 5 6 5 8 4 6 6 5 4 3 5 7 7 6 6 2 4 3 2 6 8 3 5 5 4 5 5 5 5 5 6 4 6 8 6 5 7 4 4 4 3 2 5 4 1 5 5 8 4 3 4 7 6 6 8 7 7 7 5 7 6 5 6 5 5 5 3 5 7 4 3 5 4 5 4 6 5 6 4 6 1 5 5 5 4 7 4 6 9 9 7 6 6 4 7 7 6 6 5 2 2 4 5 4 5 5 6 4 5 7 6 7 4 5 4 9 5 5 4 6 8 6 7 6 10 7 6 7 8 6 6 5 5 6 5 4 2 4 5 5 2 4 3 2 7 3 5 7 6 1 4 5 
4 3 3 5 4 5 4 5 5 4 5 2 3 6 4 7 4 4 4 4 3 5 5 3 7 5 5 3 2 4 4 5 2 2 3 4 3 3 3 4 3 4 3 6 5 3 5 3 4 4 5 5 3 4 3 2 5 5 3 5 3 2 1 4 6 3 4 3 5 4 6 2 3 2 3 4 3 5 5 3 3 4 4 6 3 4 2 2 3 3 4 3 5 5 5 2 6 6 6 3 4 5 5 6 1 3 4 5 4 2 2 6 4 5 6 2 4 6 2 6 5 6 4 4 2 5 3 5 2 4 4 5 3 5 3 2 4 5 4 3 4 4 1 4 1 4 7 4 4 4 2 5 5 5 3 4 5 2 3 2 5 5 2 4 3 4 4 3 3 1 5 5 6 2 2 5 4 3 4 3 3 6 4 3 4 2 2 3 3 3 6 4 5 5 5 4 3 4 6 4 
7 11 12 8 11 9 6 11 9 11 11 9 15 9 7 13 4 12 10 12 7 2 6 8 10 11 9 7 4 9 15 12 10 6 7 9 8 11 7 9 11 11 5 9 8 13 4 11 7 11 6 13 8 7 9 11 9 6 15 6 7 5 10 9 16 6 3 13 12 4 14 12 4 0 11 11 11 10 11 12 9 16 9 8 10 8 9 7 10 11 10 8 8 9 12 3 8 9 15 6 13 6 8 7 9 10 10 12 15 13 15 11 9 13 8 14 9 10 8 9 6 14 9 5 8 5 14 10 9 3 10 9 16 7 11 13 13 11 12 2 11 8 11 7 11 11 8 9 9 11 12 10 5 10 9 11 10 6 3 11 11 10 6 12 10 10 5 9 6 9 10 8 10 10 10 6 6 11 11 11 12 6 8 4 11 13 3 10 5 5 9 10 9 7 6 7 9 6 7 10 
1 1 1 1 1 1 1 1 1 1 1 1 2 1 1 0 1 1 1 0 1 1 1 1 1 1 2 1 1 1 1 1 1 1 1 1 0 1 1 1 1 1 1 1 1 0 1 0 1 1 1 1 1 1 1 1 1 1 2 1 1 1 1 1 1 1 2 1 1 1 1 1 1 1 1 0 1 1 0 1 2 0 2 1 1 0 1 1 0 1 1 1 1 1 1 1 1 1 1 1 1 1 1 1 1 1 2 1 1 1 1 0 1 1 1 1 1 0 1 1 1 1 1 1 1 1 1 1 1 1 1 1 1 1 1 1 1 0 1 1 1 1 1 1 2 1 1 1 1 1 1 1 1 1 1 1 1 1 1 1 1 1 1 1 1 1 2 1 1 1 1 1 1 1 1 1 0 1 1 1 1 1 1 1 1 0 1 1 2 1 1 1 1 1 1 1 1 1 1 1 
10 6 7 6 11 4 9 8 4 7 5 8 3 4 11 7 9 7 7 6 8 7 8 6 7 11 5 7 3 6 5 8 8 7 9 8 5 7 4 5 7 8 6 7 9 7 7 5 7 7 6 11 5 10 12 6 7 8 8 6 8 8 4 6 7 8 8 12 7 10 2 8 6 10 5 5 8 7 8 5 6 9 6 6 5 7 6 7 8 6 9 7 10 6 5 7 7 7 10 7 6 12 8 8 10 6 6 7 8 7 6 10 4 8 10 4 5 7 5 12 7 8 5 12 1 7 8 4 7 7 9 7 6 7 5 6 4 11 11 7 3 10 5 10 4 4 5 6 5 6 4 8 4 5 6 8 7 4 3 2 10 5 11 9 8 2 7 9 11 8 6 9 7 9 6 6 6 9 7 6 8 8 6 3 9 8 8 8 5 5 7 7 12 7 8 5 2 3 5 6 
13 10 12 6 12 5 9 4 7 11 10 6 7 14 11 9 15 11 13 6 10 13 15 12 8 8 9 11 18 7 9 6 7 10 7 5 12 9 15 8 14 10 7 10 17 12 10 6 9 12 9 3 16 7 11 12 13 10 10 11 13 6 13 13 12 6 14 7 11 9 13 10 11 14 5 10 9 7 11 8 4 11 2 7 9 9 13 7 13 10 14 13 12 8 7 10 11 9 10 12 15 11 6 12 17 13 10 6 10 10 11 10 11 10 8 14 13 11 18 9 7 13 9 12 16 9 13 7 11 6 16 9 16 10 11 9 5 11 5 7 11 11 12 11 11 6 11 2 5 12 10 11 5 10 11 14 3 13 14 12 10 8 13 10 15 14 12 13 8 4 11 4 9 9 12 6 9 11 11 10 5 15 5 11 8 4 9 13 14 9 13 12 17 6 8 13 10 8 10 3 
2 1 1 1 1 1 1 1 0 1 2 2 1 1 1 1 1 0 1 1 1 1 1 1 1 1 1 0 1 1 1 1 1 2 2 1 1 2 1 0 1 2 1 1 1 1 1 1 1 1 2 2 1 1 1 1 1 1 0 1 1 1 1 1 2 1 2 1 1 1 0 1 1 1 1 1 1 1 1 0 1 1 1 1 1 1 1 1 1 1 1 1 1 2 1 1 1 1 0 1 1 1 1 1 1 1 1 1 1 1 0 1 1 1 1 1 0 1 1 1 1 1 1 0 1 1 0 1 1 1 1 1 1 1 1 1 1 0 1 1 1 1 1 2 1 1 1 1 0 1 0 1 1 1 1 1 1 1 1 1 1 1 1 1 1 1 1 1 1 1 1 1 1 1 1 1 1 1 1 1 1 0 1 1 2 2 2 1 1 1 1 1 1 1 1 2 1 2 1 2 
12 15 16 12 10 10 16 7 18 6 14 17 11 11 7 10 8 7 11 14 9 9 10 14 10 20 10 14 10 4 12 17 9 9 13 12 10 13 12 9 5 9 12 6 12 10 8 7 3 7 9 14 9 8 1 6 3 10 10 9 13 8 11 10 7 9 9 11 6 1 9 7 11 7 12 7 13 12 9 14 9 11 10 10 12 12 6 9 10 8 10 10 11 13 12 3 5 11 10 16 11 11 13 10 11 11 8 8 9 10 12 11 8 13 6 12 11 4 12 8 6 9 10 10 11 15 11 8 12 13 9 2 8 6 12 7 8 3 9 10 14 10 12 13 9 8 9 13 6 13 10 4 12 8 5 12 13 4 14 11 15 13 11 8 11 4 5 11 4 6 13 9 14 11 12 12 8 12 11 9 12 12 10 13 9 11 20 13 7 14 10 15 13 8 15 9 10 12 12 6 
5 3 3 2 3 3 5 2 5 4 5 3 3 3 4 2 3 3 4 6 2 3 2 3 5 5 3 1 3 1 3 2 3 3 2 3 3 3 2 3 3 3 5 3 2 1 1 4 1 2 2 2 4 3 3 5 2 1 3 4 2 3 3 1 2 3 3 3 3 3 5 4 3 3 2 2 3 3 3 3 4 2 4 4 3 3 5 4 3 3 4 3 2 3 5 5 5 3 2 2 3 2 2 2 2 3 2 4 2 3 4 4 1 4 3 2 3 2 2 4 3 2 2 3 3 3 3 5 3 3 4 5 4 3 3 2 3 2 4 1 4 4 3 2 4 2 3 2 4 4 3 4 3 2 2 4 3 3 2 4 2 4 3 2 3 4 3 2 2 3 2 2 3 3 4 3 3 4 3 0 3 1 4 4 2 3 3 3 2 2 1 3 3 2 3 4 4 3 4 2 
7 6 2 6 6 8 6 5 7 5 5 7 5 7 4 7 9 6 8 3 8 3 1 7 5 4 6 7 2 3 4 10 4 6 6 4 3 7 5 3 5 6 8 9 5 4 6 6 8 9 2 7 7 7 7 5 5 6 9 3 7 8 5 3 7 6 7 8 9 5 6 6 4 9 8 6 7 8 2 9 5 6 8 4 6 7 6 3 4 5 7 4 9 9 6 7 4 10 6 3 5 7 4 6 6 9 7 5 7 5 8 6 7 4 8 2 6 9 5 10 6 3 5 10 7 11 6 6 7 7 5 6 8 4 5 5 5 4 6 5 2 6 8 5 11 6 7 7 6 6 2 9 5 7 7 4 5 8 5 5 7 7 7 5 5 8 11 3 8 6 6 9 4 7 4 5 11 6 7 3 7 5 6 7 5 5 7 8 8 6 10 5 9 4 8 4 5 7 7 8 
6 6 6 5 6 7 6 7 4 6 7 4 6 8 5 5 8 3 4 4 4 8 8 6 3 4 4 3 10 5 6 5 5 7 9 3 7 5 4 8 6 6 6 4 4 5 5 5 6 6 6 5 7 7 2 6 6 10 6 7 9 5 6 8 8 5 6 4 5 4 5 6 3 6 7 2 5 5 9 7 6 6 7 7 4 4 10 8 4 2 3 2 2 5 9 8 6 7 5 8 7 6 5 3 9 4 6 2 5 7 11 7 8 6 5 8 6 2 6 10 7 5 6 7 6 6 4 4 8 9 3 5 6 10 8 9 7 6 7 5 9 5 8 2 6 7 4 8 6 8 7 7 7 5 5 10 7 9 3 5 5 6 4 8 7 1 6 5 5 5 9 4 5 10 3 7 5 7 3 8 5 8 5 8 5 6 6 4 7 6 4 6 6 4 6 8 6 9 6 5 
3 1 4 2 3 2 2 3 1 3 5 5 3 2 4 2 4 4 3 3 3 2 2 4 2 3 3 2 4 3 4 4 4 4 3 4 2 3 3 3 4 3 4 4 1 2 4 3 3 3 4 3 3 4 2 4 2 2 4 1 4 2 3 3 3 3 4 2 2 3 2 3 3 5 5 2 3 3 2 1 4 2 4 4 4 3 4 3 2 3 2 2 4 4 4 3 1 2 3 1 3 1 2 4 2 5 3 3 2 4 1 3 6 2 1 3 4 2 3 2 3 4 4 4 2 3 1 4 3 2 3 1 4 3 2 3 4 3 4 2 4 2 5 3 3 3 2 3 3 2 4 4 3 3 2 4 3 2 5 4 4 1 3 4 4 3 3 2 4 4 3 3 3 4 4 3 3 1 2 3 2 1 1 2 1 5 4 3 4 2 3 4 2 4 3 2 2 3 3 3 
