NAME  : Jabali_60_2_0.95_1_6
TYPE : SVRP
MODEL : FINITE_SUPPORT
NUMBER_OF_SCENARIOS : 200
DIMENSION : 60
EDGE_WEIGHT_TYPE : MATRIX
CAPACITY : 154
N_VEHICLES : 2
NODE_COORD_SECTION
1 4197 3658
2 5180 5473
3 6789 3890
4 4394 334
5 5598 3456
6 4130 2504
7 6660 1151
8 5425 2124
9 4073 4831
10 1152 2339
11 7280 2438
12 3750 1604
13 7954 6016
14 8465 3975
15 2785 2732
16 4421 7431
17 2174 2804
18 4451 7122
19 4828 8090
20 5591 320
21 8054 5568
22 3399 8942
23 8319 3659
24 6475 5306
25 4339 3896
26 7491 4132
27 5721 3778
28 1830 5771
29 3932 222
30 27 3090
31 1743 4384
32 4735 7615
33 7016 2399
34 5792 681
35 3970 8199
36 185 3320
37 5146 8105
38 5605 3004
39 469 3865
40 425 2458
41 7298 6635
42 3173 2108
43 5124 7732
44 2756 1541
45 4059 6675
46 7783 4930
47 4487 227
48 1340 3295
49 5070 1901
50 7080 5359
51 5260 5204
52 3763 6382
53 1697 2046
54 4211 18
55 4772 7305
56 8334 3346
57 3366 7367
58 6737 5083
59 3713 8534
60 3110 7299
DEMAND_SECTION
1 0.0
2 3.0
3 1.0
4 1.0
5 6.0
6 4.0
7 1.0
8 3.0
9 4.0
10 3.0
11 1.0
12 6.0
13 4.0
14 2.0
15 8.0
16 6.0
17 3.0
18 7.0
19 9.0
20 3.0
21 2.0
22 6.0
23 8.0
24 1.0
25 10.0
26 3.0
27 3.0
28 10.0
29 3.0
30 7.0
31 4.0
32 10.0
33 3.0
34 1.0
35 8.0
36 6.0
37 7.0
38 6.0
39 1.0
40 3.0
41 5.0
42 3.0
43 4.0
44 8.0
45 10.0
46 7.0
47 4.0
48 1.0
49 2.0
50 6.0
51 8.0
52 10.0
53 6.0
54 10.0
55 6.0
56 4.0
57 2.0
58 6.0
59 9.0
60 6.0
DEVIATION_SECTION
1 0.0
2 1.0
3 0.333333
4 0.333333
5 2.0
6 1.33333
7 0.333333
8 1.0
9 1.33333
10 1.0
11 0.333333
12 2.0
13 1.33333
14 0.666667
15 2.66667
16 2.0
17 1.0
18 2.33333
19 3.0
20 1.0
21 0.666667
22 2.0
23 2.66667
24 0.333333
25 3.33333
26 1.0
27 1.0
28 3.33333
29 1.0
30 2.33333
31 1.33333
32 3.33333
33 1.0
34 0.333333
35 2.66667
36 2.0
37 2.33333
38 2.0
39 0.333333
40 1.0
41 1.66667
42 1.0
43 1.33333
44 2.66667
45 3.33333
46 2.33333
47 1.33333
48 0.333333
49 0.666667
50 2.0
51 2.66667
52 3.33333
53 2.0
54 3.33333
55 2.0
56 1.33333
57 0.666667
58 2.0
59 3.0
60 2.0
DISTANCE_MATRIX
0.0 27.3028 35.805 47.267 20.2485 16.6433 49.2443 27.8568 17.1209 47.9393 45.7056 27.3195 59.0339 58.0086 25.3093 55.8092 32.8807 52.4362 63.6428 50.572 57.4543 73.5227 56.6039 37.1618 3.0 45.4533 21.095 42.2966 47.267 61.1141 33.9234 57.4458 43.4166 47.8853 63.2278 59.4055 64.3323 22.0907 51.5388 56.9178 56.7542 25.8132 59.9316 34.7795 42.9177 51.225 48.0513 43.5999 28.3019 44.2945 24.4399 38.6981 42.5551 49.9469 53.8414 56.8243 52.9075 38.9487 67.536 53.396 
27.3028 0.0 31.0644 72.0105 27.0307 41.5956 60.9022 44.5071 23.5381 80.3311 49.3709 53.3647 41.0366 50.2195 51.7001 29.0689 68.1935 25.6125 36.9272 68.5104 41.2311 53.2541 50.4876 20.2485 24.3549 37.4833 23.7001 53.2031 73.3122 83.5822 55.2403 30.7302 48.1803 64.6473 41.4005 80.8103 37.6167 32.6852 74.0644 85.9117 36.8943 52.204 33.216 61.1704 22.4722 38.0132 71.865 69.4582 47.6431 28.0179 3.0 22.2036 68.9459 75.9922 27.1258 52.1536 35.7351 23.7065 46.6154 37.108 
35.805 31.0644 0.0 57.3126 17.2047 40.3113 37.2156 31.1448 40.1622 78.6448 20.6155 52.7219 32.1403 22.2036 55.9732 57.5753 63.6553 54.2358 61.5345 50.6952 28.0179 82.2837 21.0238 19.105 34.1321 10.0 14.8661 72.7805 62.1859 91.8892 68.884 57.3069 20.5183 45.8803 70.0273 90.1806 59.9237 20.2485 86.5228 87.6929 37.1618 53.8516 56.1779 61.8063 52.9528 19.2354 57.1672 74.3751 36.3456 19.6977 28.0713 53.2353 72.8011 61.2632 54.4963 21.8403 66.2873 16.4012 75.3283 67.897 
47.267 72.0105 57.3126 0.0 45.8983 32.4037 32.0156 27.5583 63.8228 51.0392 47.1699 20.0 89.4361 72.5328 39.0 102.511 44.3847 99.1381 110.345 16.1245 85.27 120.225 68.9638 72.6251 50.1053 65.4291 49.9582 81.1234 5.65685 69.029 65.0 104.148 44.5982 19.105 109.93 69.0072 109.04 40.11 70.5762 60.2993 93.1903 29.1548 104.639 27.074 89.6195 76.2712 1.0 56.8859 25.3249 76.1184 69.1475 85.4 43.0116 4.0 100.543 66.7308 99.6094 71.6042 114.238 100.098 
20.2485 27.0307 17.2047 45.8983 0.0 23.2594 34.1321 18.3848 28.0179 61.5549 26.0192 35.7067 46.5296 38.8973 38.8973 55.5371 46.6905 52.1641 63.2808 41.8808 43.4166 79.9145 37.0135 27.2947 19.4165 27.2029 4.12311 61.0328 50.7716 75.0214 54.1425 57.0838 24.0208 37.8021 67.9752 73.3128 63.9703 5.83095 70.2744 70.7248 48.2597 36.7151 59.5696 44.7772 49.4453 35.4683 45.7529 57.5073 22.561 32.0624 24.0832 47.72 55.6058 49.8488 53.4794 36.8917 61.9294 27.0 73.2445 62.4431 
16.6433 41.5956 40.3113 32.4037 23.2594 0.0 39.1152 17.4642 32.5221 40.0 42.19 12.4562 69.1231 61.2209 18.3848 71.2103 26.4008 67.8374 79.0439 36.7737 66.4078 88.9239 58.7963 48.3735 19.2354 50.2494 26.5707 54.7549 32.4037 55.4617 41.1096 72.847 39.4462 34.2657 78.6289 54.231 79.7334 20.6155 52.6308 49.6488 69.1809 13.6015 75.3327 21.5407 58.3188 58.6941 33.188 38.8973 15.0333 54.3415 38.7326 54.0993 33.2415 35.0836 69.2425 57.9828 68.9894 49.0306 82.9371 69.4779 
49.2443 60.9022 37.2156 32.0156 34.1321 39.1152 0.0 22.0227 60.3788 76.0334 19.2354 38.4352 67.6757 45.0111 56.8859 89.4082 64.5767 86.0357 97.2418 18.0278 62.6418 113.786 41.0 55.8032 50.0 42.0595 37.2022 91.4112 37.6431 93.2531 80.0 91.0448 17.72 13.4164 101.847 92.3696 95.8181 29.0689 91.4112 85.8554 74.2428 49.3824 92.0723 52.3259 83.3169 53.4509 31.4006 77.4661 24.3311 56.8243 58.0086 81.4853 68.1847 35.2278 87.4404 38.0526 95.6947 53.535 107.116 96.2084 
27.8568 44.5071 31.1448 27.5583 18.3848 17.4642 22.0227 0.0 40.2823 56.5344 26.1725 28.0949 63.0 48.7545 35.7351 73.0135 43.6578 69.6406 80.8471 24.0832 59.1354 96.6841 45.6508 45.3542 29.0689 40.025 22.4722 69.6348 32.4316 72.6154 58.0086 74.6501 23.3452 20.6155 85.4516 71.5122 80.8018 12.6491 70.0928 66.3007 66.0984 29.5091 77.1359 37.1793 66.079 50.3587 27.4129 56.3205 5.38516 49.2544 41.6442 61.8595 49.4491 31.5088 71.0457 44.1022 76.0688 44.5533 90.7209 76.5506 
17.1209 23.5381 40.1622 63.8228 28.0179 32.5221 60.3788 40.2823 0.0 67.6662 54.0 43.8754 57.0396 61.7414 41.8039 38.6628 55.5286 35.4685 48.5887 63.9614 56.5862 58.2637 61.0983 35.3836 14.173 48.7545 27.1662 33.1406 63.8228 73.3397 47.6398 42.4599 52.0384 60.8534 47.9687 70.8316 50.4391 31.6369 64.8678 73.2468 53.3724 42.3078 46.5104 51.2742 27.6586 52.0096 64.6072 56.7934 41.8775 43.1393 20.6752 23.4391 67.179 66.5028 39.4629 61.9839 37.4833 38.2099 52.2769 37.6431 
47.9393 80.3311 78.6448 51.0392 61.5549 40.0 76.0334 56.5344 67.6662 0.0 82.0975 37.6962 104.556 100.419 22.6716 80.0062 15.2643 77.0065 90.0056 65.7647 102.501 93.8616 98.3107 82.9923 50.7179 88.6172 63.8905 47.0106 47.0425 18.0 28.4605 84.006 79.3221 66.7083 86.8332 18.2483 92.0217 60.208 21.9545 9.84886 109.894 27.2947 88.1856 24.3311 69.0 95.6094 52.0384 13.0 52.9748 89.6975 77.4681 64.0078 8.06226 51.0392 81.1248 97.7446 73.1642 84.3124 89.627 71.5891 
45.7056 49.3709 20.6155 47.1699 26.0192 42.19 19.2354 26.1725 54.0 82.0975 0.0 53.6865 48.8467 26.0768 60.4152 77.1969 68.4763 73.8574 82.1214 36.1248 43.6578 101.642 22.2036 39.6989 45.2769 23.2594 27.1662 87.0517 52.3927 97.5295 79.5516 77.8938 2.82843 31.1448 89.6489 96.1509 80.5106 23.7697 93.7763 91.8096 56.3028 55.1007 76.7648 62.7709 71.7844 34.5398 46.8188 80.5295 31.1448 39.2046 46.4866 71.5666 75.0408 50.9215 75.2291 19.6469 85.0763 36.7696 94.9499 86.4738 
27.3195 53.3647 52.7219 20.0 35.7067 12.4562 38.4352 28.0949 43.8754 37.6962 53.6865 0.0 81.5358 73.4714 20.2237 82.5636 27.0185 79.1907 90.3972 30.2655 78.8555 100.277 70.9616 60.6714 30.1579 62.6408 39.0242 61.2944 20.0 54.8179 45.8803 84.2002 50.9003 30.0167 89.9822 54.1295 91.0156 32.878 54.0833 47.5395 81.4014 11.0454 86.6149 14.8661 69.6721 71.1491 20.8087 40.05 24.5353 66.7368 50.5018 65.4525 29.9666 22.6274 80.5958 70.0393 79.6619 61.4126 94.2904 80.1504 
59.0339 41.0366 32.1403 89.4361 46.5296 69.1231 67.6757 63.0 57.0396 104.556 48.8467 81.5358 0.0 28.3196 81.9256 51.1957 89.4971 50.0 50.01 82.5651 5.65685 72.0 31.8277 21.9545 56.356 25.632 42.7551 84.4729 94.3093 115.644 88.7418 48.5077 49.98 77.666 61.2046 113.136 47.0106 51.1566 107.566 115.551 12.1655 81.9085 45.0999 90.5207 53.7122 14.3178 89.2906 99.098 68.0294 14.8661 39.0512 57.5051 99.1715 93.3866 47.0744 35.3836 64.846 20.2485 66.0681 67.3573 
58.0086 50.2195 22.2036 72.5328 38.8973 61.2209 45.0111 48.7545 61.7414 100.419 26.0768 73.4714 28.3196 0.0 77.7817 71.4493 85.5862 69.1809 73.2462 62.2013 22.6716 94.921 4.12311 32.0 56.3028 13.0 37.0135 93.6056 77.4984 113.87 90.9284 70.0357 28.2843 57.2189 83.1865 112.162 70.8802 40.6079 108.591 109.622 39.1152 74.8131 67.9117 82.5558 70.0643 16.1555 72.2772 96.356 54.1295 26.4764 47.2969 71.4493 94.2603 76.4003 67.6018 7.61577 83.0 28.0 88.459 85.0235 
25.3093 51.7001 55.9732 39.0 38.8973 18.3848 56.8859 35.7351 41.8039 22.6716 60.4152 20.2237 81.9256 77.7817 0.0 68.0167 8.06226 65.018 78.0135 50.4876 79.871 83.9275 75.743 60.3623 28.0879 65.9469 41.2311 42.8019 37.2156 37.1214 26.0 72.0152 57.7062 50.04 75.6347 35.8469 80.0449 37.8021 34.5254 31.8904 80.5849 9.84886 76.188 15.8114 57.0024 72.9794 39.9249 20.6155 32.5576 67.0676 48.8371 52.0287 17.4642 40.7063 69.1272 75.2861 62.5695 61.6824 78.9849 61.4787 
55.8092 29.0689 57.5753 102.511 55.5371 71.2103 89.4082 73.0135 38.6628 80.0062 77.1969 82.5636 51.1957 71.4493 68.0167 0.0 68.0921 3.60555 10.0 97.0167 54.4518 24.5967 72.9932 39.8121 52.8612 60.4176 52.2062 41.1461 102.511 81.7863 53.6004 4.47214 76.2477 93.1537 12.53 78.8543 12.3693 61.1916 71.3092 84.3801 40.1622 80.996 9.43398 89.9624 11.0454 56.0357 103.295 68.1175 76.1495 45.0999 31.4018 16.0 79.7425 105.191 4.12311 75.505 14.4222 43.7379 17.8885 17.2047 
32.8807 68.1935 63.6553 44.3847 46.6905 26.4008 64.5767 43.6578 55.5286 15.2643 68.4763 27.0185 89.4971 85.5862 8.06226 68.0921 0.0 65.0934 78.0889 57.0789 87.4424 83.9345 83.6301 67.9337 35.6593 73.5961 48.8441 40.3609 41.7852 29.0689 22.0227 72.0906 65.7647 57.0351 75.7102 27.8568 80.1203 45.8039 27.074 24.0416 88.1564 16.0 76.2635 18.3576 57.0778 80.5508 45.3542 13.0384 40.2678 74.639 56.4086 52.1041 12.0 45.5412 69.2026 83.2406 62.6259 69.2538 79.0569 61.4654 
52.4362 25.6125 54.2358 99.1381 52.1641 67.8374 86.0357 69.6406 35.4685 77.0065 73.8574 79.1907 50.0 69.1809 65.018 3.60555 65.0934 0.0 13.1529 93.6438 52.9528 27.7849 70.5762 37.3398 49.4883 57.9403 48.8262 39.4462 99.1381 79.3095 50.9902 7.0 72.9082 89.7807 15.8114 76.4003 15.0333 57.8187 68.9638 81.6149 39.3954 77.6231 11.4018 86.5895 8.06226 54.0093 99.9225 65.2763 72.7765 43.0 28.0179 13.1529 76.7439 101.818 4.47214 73.0302 14.8661 41.3038 21.095 17.4642 
63.6428 36.9272 61.5345 110.345 63.2808 79.0439 97.2418 80.8471 48.5887 90.0056 82.1214 90.3972 50.01 73.2462 78.0135 10.0 78.0889 13.1529 0.0 104.85 54.0833 22.0227 75.2861 42.9535 60.6948 63.3246 60.0398 50.3289 110.345 91.5915 63.5059 6.32456 81.8092 100.556 11.7047 88.6454 3.60555 68.8136 81.0247 94.3398 38.1182 88.8297 5.38516 97.796 21.0238 57.2713 108.205 78.1025 83.9831 46.8402 39.2354 26.0 89.7394 113.025 9.84886 78.1089 21.6333 46.6154 16.1245 24.4131 
50.572 68.5104 50.6952 16.1245 41.8808 36.7737 18.0278 24.0832 63.9614 65.7647 36.1248 30.2655 82.5651 62.2013 50.4876 97.0167 57.0789 93.6438 104.85 0.0 77.9295 120.255 58.3095 67.624 52.2258 57.4282 45.793 91.4083 21.6333 83.6002 75.9276 98.6534 34.0147 5.0 109.455 83.2947 104.884 36.0555 84.006 75.3127 87.5957 41.1096 100.483 41.4367 89.6496 68.7314 15.2643 70.0286 22.2749 70.214 65.6474 85.5344 57.7062 18.4391 95.0489 55.5788 99.7438 66.1287 114.268 100.236 
57.4543 41.2311 28.0179 85.27 43.4166 66.4078 62.6418 59.1354 56.5862 102.501 43.6578 78.8555 5.65685 22.6716 79.871 54.4518 87.4424 52.9528 54.0833 77.9295 0.0 76.1052 26.1725 21.2132 54.9181 20.6155 39.8497 84.9529 90.1433 114.329 88.325 52.0865 44.9222 72.9932 65.0077 111.821 51.2445 47.676 105.857 111.479 17.088 79.4796 49.0102 87.9204 56.0718 9.21954 85.1246 97.7827 64.2806 13.4536 38.9487 59.4441 97.1168 89.2206 50.3587 29.7321 67.6831 18.6011 70.0071 70.0928 
73.5227 53.2541 82.2837 120.225 79.9145 88.9239 113.786 96.6841 58.2637 93.8616 101.642 100.277 72.0 94.921 83.9275 24.5967 83.9345 27.7849 22.0227 120.255 76.1052 0.0 96.7729 63.8905 70.5748 84.4808 76.5838 48.1664 120.225 91.1373 65.5134 25.0 100.693 117.246 12.083 88.1419 25.02 85.569 80.0999 96.026 60.0333 93.147 27.1662 99.6871 31.8277 79.0759 121.009 81.0247 98.0827 68.4471 55.7584 34.8281 95.1893 122.905 27.8568 99.4585 21.4709 67.72 6.7082 22.4722 
56.6039 50.4876 21.0238 68.9638 37.0135 58.7963 41.0 45.6508 61.0983 98.3107 22.2036 70.9616 31.8277 4.12311 75.743 72.9932 83.6301 70.5762 75.2861 58.3095 26.1725 96.7729 0.0 33.2415 55.0727 13.0384 35.5106 93.4077 74.0 112.034 89.8944 71.8053 24.5153 53.3385 84.9294 110.325 73.0548 38.2099 107.287 107.629 42.2019 72.3464 69.9214 80.046 71.007 18.868 68.6804 94.5199 51.0 28.4605 47.5184 72.111 91.9674 72.8011 69.2315 3.60555 84.0952 29.2746 90.2441 86.0233 
37.1618 20.2485 19.105 72.6251 27.2947 48.3735 55.8032 45.3542 35.3836 82.9923 39.6989 60.6714 21.9545 32.0 60.3623 39.8121 67.9337 37.3398 42.9535 67.624 21.2132 63.8905 33.2415 0.0 34.4384 20.6155 23.1948 65.0746 77.4984 93.7036 67.1118 38.8973 39.598 63.0714 51.923 91.1955 41.1825 32.7567 85.2317 93.6107 21.0238 60.6383 37.5766 69.4262 38.1182 18.0278 72.4797 77.1573 49.8197 7.81025 17.8045 39.8121 77.6081 76.5756 36.1386 35.6931 51.0 4.0 57.28 53.0377 
3.0 24.3549 34.1321 50.1053 19.4165 19.2354 50.0 29.0689 14.173 50.7179 45.2769 30.1579 56.356 56.3028 28.0879 52.8612 35.6593 49.4883 60.6948 52.2258 54.9181 70.5748 55.0727 34.4384 0.0 43.6005 19.6977 42.0476 50.1053 63.8927 34.9285 54.4979 43.1045 49.3964 60.2798 58.0751 61.3843 22.0227 52.5458 59.6964 53.8571 28.5918 56.9836 37.5582 39.9697 48.9183 50.8897 46.3786 30.0 41.6773 21.4919 35.7502 45.3337 52.7853 50.8934 55.4617 49.9595 36.3593 64.588 50.448 
45.4533 37.4833 10.0 65.4291 27.2029 50.2494 42.0595 40.025 48.7545 88.6172 23.2594 62.6408 25.632 13.0 65.9469 60.4176 73.5961 57.9403 63.3246 57.4282 20.6155 84.4808 13.0384 20.6155 43.6005 0.0 24.7588 80.6536 70.3023 101.83 78.0868 59.4811 24.3516 52.469 72.5328 100.121 61.327 29.9666 95.7493 97.6332 33.4215 63.8122 57.9396 71.7253 58.0345 11.4018 65.2836 84.3154 45.3542 17.2047 34.5254 59.0762 82.801 69.3796 56.7539 15.1327 71.1758 16.7631 77.8845 73.0616 
21.095 23.7001 14.8661 49.9582 4.12311 26.5707 37.2022 22.4722 27.1662 63.8905 27.1662 39.0242 42.7551 37.0135 41.2311 52.2062 48.8441 48.8262 60.0398 45.793 39.8497 76.5838 35.5106 23.1948 19.6977 24.7588 0.0 60.2996 54.8315 77.0775 54.626 53.8428 25.4951 41.6173 64.6375 75.3688 61.1426 9.84886 72.3304 72.8811 44.1814 39.8121 56.3286 48.1041 46.1147 32.2025 49.8128 59.5633 26.6833 28.1603 20.8087 45.5216 58.2495 53.9088 50.2384 35.7771 59.4055 23.0217 69.9138 60.2447 
42.2966 53.2031 72.7805 81.1234 61.0328 54.7549 91.4112 69.6348 33.1406 47.0106 87.0517 61.2944 84.4729 93.6056 42.8019 41.1461 40.3609 39.4462 50.3289 91.4083 84.9529 48.1664 93.4077 65.0746 42.0476 80.6536 60.2996 0.0 79.8812 43.0116 18.868 45.618 85.0059 88.9003 43.566 40.0125 53.3104 64.0703 32.0 48.0521 75.5887 52.4309 50.5371 58.0517 32.2025 82.2362 81.9878 34.0147 69.1723 72.3286 50.3401 27.6586 49.93 83.2166 43.909 94.5939 29.6142 68.1041 45.0444 27.2947 
47.267 73.3122 62.1859 5.65685 50.7716 32.4037 37.6431 32.4316 63.8228 47.0425 52.3927 20.0 94.3093 77.4984 37.2156 102.511 41.7852 99.1381 110.345 21.6333 90.1433 120.225 74.0 77.4984 50.1053 70.3023 54.8315 79.8812 0.0 65.0308 63.0635 104.148 49.7695 24.7588 109.93 65.192 110.963 44.9833 67.2681 56.0357 98.0635 27.4591 106.562 23.7697 89.6195 81.1444 6.40312 53.8516 30.1982 80.9917 70.4492 85.4 39.1152 4.0 100.543 71.8679 98.9519 76.4775 114.238 99.4404 
61.1141 83.5822 91.8892 69.029 75.0214 55.4617 93.2531 72.6154 73.3397 18.0 97.5295 54.8179 115.644 113.87 37.1214 81.7863 29.0689 79.3095 91.5915 83.6002 114.329 91.1373 112.034 93.7036 63.8927 101.83 77.0775 43.0116 65.0308 0.0 28.4605 86.122 94.8262 84.3445 86.209 3.0 94.1488 74.6257 11.0454 9.84886 113.145 43.9659 90.7083 42.19 71.3092 108.567 70.0286 17.6918 69.0879 101.026 83.1416 66.2193 26.0192 69.029 83.678 111.83 72.1734 95.7398 88.0057 70.0643 
33.9234 55.2403 68.884 65.0 54.1425 41.1096 80.0 58.0086 47.6398 28.4605 79.5516 45.8803 88.7418 90.9284 26.0 53.6004 22.0227 50.9902 63.5059 75.9276 88.325 65.5134 89.8944 67.1118 34.9285 78.0868 54.626 18.868 63.0635 28.4605 0.0 57.8705 77.1983 75.0399 59.0762 25.632 65.9242 55.8209 18.868 31.0 84.803 35.8469 62.3699 40.2244 42.9535 82.8668 65.9242 15.5242 56.1427 74.9001 52.3773 37.855 31.0644 66.6408 55.3173 90.377 45.1774 70.1413 61.5224 43.4166 
57.4458 30.7302 57.3069 104.148 57.0838 72.847 91.0448 74.6501 42.4599 84.006 77.8938 84.2002 48.5077 70.0357 72.0152 4.47214 72.0906 7.0 6.32456 98.6534 52.0865 25.0 71.8053 38.8973 54.4979 59.4811 53.8428 45.618 104.148 86.122 57.8705 0.0 77.8844 94.7903 13.1529 83.1986 8.06226 62.8282 75.6902 88.5664 37.108 82.6327 5.0 91.599 15.0333 54.3323 102.008 72.2496 77.7861 43.566 33.0384 20.0998 83.7411 106.828 3.60555 74.4648 18.4391 42.72 18.4391 21.2603 
43.4166 48.1803 20.5183 44.5982 24.0208 39.4462 17.72 23.3452 52.0384 79.3221 2.82843 50.9003 49.98 28.2843 57.7062 76.2477 65.7647 72.9082 81.8092 34.0147 44.9222 100.693 24.5153 39.598 43.1045 24.3516 25.4951 85.0059 49.7695 94.8262 77.1983 77.8844 0.0 29.0172 88.6997 93.4719 80.1984 21.3776 91.1811 89.0449 56.9386 52.3145 76.4526 59.9847 70.595 35.7351 44.2719 77.8781 28.3196 39.6611 45.31 70.9697 72.2546 48.3839 74.28 22.1359 83.8857 36.8782 94.0007 85.2832 
47.8853 64.6473 45.8803 19.105 37.8021 34.2657 13.4164 20.6155 60.8534 66.7083 31.1448 30.0167 77.666 57.2189 50.04 93.1537 57.0351 89.7807 100.556 5.0 72.9932 117.246 53.3385 63.0714 49.3964 52.469 41.6173 88.9003 24.7588 84.3445 75.0399 94.7903 29.0172 0.0 105.592 83.863 101.245 32.0156 84.0952 76.4003 82.8734 41.0488 96.8445 42.45 86.6405 63.7887 18.3848 70.0643 19.6977 65.4599 61.7844 82.4209 58.6941 22.0227 91.1859 50.636 96.6303 61.4654 110.861 97.1285 
63.2278 41.4005 70.0273 109.93 67.9752 78.6289 101.847 85.4516 47.9687 86.8332 89.6489 89.9822 61.2046 83.1865 75.6347 12.53 75.7102 15.8114 11.7047 109.455 65.0077 12.083 84.9294 51.923 60.2798 72.5328 64.6375 43.566 109.93 86.209 59.0762 13.1529 88.6997 105.592 0.0 83.2166 15.2315 73.6297 75.326 90.05 49.4975 88.4146 16.1245 91.3943 20.8087 67.4759 110.714 74.3303 87.7877 56.7186 43.8292 24.5967 87.3212 112.61 15.8114 87.5557 14.0357 55.7853 5.38516 16.2788 
59.4055 80.8103 90.1806 69.0072 73.3128 54.231 92.3696 71.5122 70.8316 18.2483 96.1509 54.1295 113.136 112.162 35.8469 78.8543 27.8568 76.4003 88.6454 83.2947 111.821 88.1419 110.325 91.1955 58.0751 100.121 75.3688 40.0125 65.192 3.0 25.632 83.1986 93.4719 83.863 83.2166 0.0 91.2195 73.0616 8.06226 11.4018 110.373 43.1741 87.8009 42.0119 68.4105 106.059 70.0071 15.8114 68.0607 98.5176 80.6335 63.3246 26.0768 69.1809 80.7775 110.125 69.1809 93.2317 85.0059 67.0671 
64.3323 37.6167 59.9237 109.04 63.9703 79.7334 95.8181 80.8018 50.4391 92.0217 80.5106 91.0156 47.0106 70.8802 80.0449 12.3693 80.1203 15.0333 3.60555 104.884 51.2445 25.02 73.0548 41.1825 61.3843 61.327 61.1426 53.3104 110.963 94.1488 65.9242 8.06226 80.1984 101.245 15.2315 91.2195 0.0 69.5031 83.678 96.6282 35.0143 89.5191 4.47214 98.4855 23.0868 54.8179 108.894 80.3057 84.6726 44.5982 39.9249 28.1603 91.7708 113.643 11.0454 75.9605 25.0 44.7214 19.4165 27.8029 
22.0907 32.6852 20.2485 40.11 5.83095 20.6155 29.0689 12.6491 31.6369 60.208 23.7697 32.878 51.1566 40.6079 37.8021 61.1916 45.8039 57.8187 68.8136 36.0555 47.676 85.569 38.2099 32.7567 22.0227 29.9666 9.84886 64.0703 44.9833 74.6257 55.8209 62.8282 21.3776 32.0156 73.6297 73.0616 69.5031 0.0 70.2638 69.6563 53.6004 34.2053 65.1024 41.9625 55.0999 39.2938 39.9646 57.3062 17.1172 37.0135 29.8223 52.4236 53.7587 44.0605 59.2238 37.5366 66.633 32.1403 78.899 67.1467 
51.5388 74.0644 86.5228 70.5762 70.2744 52.6308 91.4112 70.0928 64.8678 21.9545 93.7763 54.0833 107.566 108.591 34.5254 71.3092 27.074 68.9638 81.0247 84.006 105.857 80.0999 107.287 85.2317 52.5458 95.7493 72.3304 32.0 67.2681 11.0454 18.868 75.6902 91.1811 84.0952 75.326 8.06226 83.678 70.2638 0.0 18.0278 103.627 43.0465 80.3617 43.566 61.0328 100.529 71.5681 14.0357 67.082 92.5538 71.2014 55.9732 28.7924 71.1969 73.3757 107.087 61.2944 87.2678 77.026 59.1354 
56.9178 85.9117 87.6929 60.2993 70.7248 49.6488 85.8554 66.3007 73.2468 9.84886 91.8096 47.5395 115.551 109.622 31.8904 84.3801 24.0416 81.6149 94.3398 75.3127 111.479 96.026 107.629 93.6107 59.6964 97.6332 72.8811 48.0521 56.0357 9.84886 31.0 88.5664 89.0449 76.4003 90.05 11.4018 96.6282 69.6563 18.0278 0.0 115.474 37.1214 92.9139 33.9559 73.5527 104.588 61.2944 16.4924 62.7412 98.676 83.0487 68.469 17.72 60.0333 85.8429 107.168 76.1052 93.2909 92.3472 74.2428 
56.7542 36.8943 37.1618 93.1903 48.2597 69.1809 74.2428 66.0984 53.3724 109.894 56.3028 81.4014 12.1655 39.1152 80.5849 40.1622 88.1564 39.3954 38.1182 87.5957 17.088 60.0333 42.2019 21.0238 53.8571 33.4215 44.1814 75.5887 98.0635 113.145 84.803 37.108 56.9386 82.8734 49.4975 110.373 35.0143 53.6004 103.627 115.474 0.0 81.0494 33.3766 89.9444 44.1022 23.4307 93.0448 99.021 70.7107 17.4642 35.0377 47.9558 97.8308 97.1408 36.0555 45.607 54.231 21.587 54.231 56.8595 
25.8132 52.204 53.8516 29.1548 36.7151 13.6015 49.3824 29.5091 42.3078 27.2947 55.1007 11.0454 81.9085 74.8131 9.84886 80.996 16.0 77.6231 88.8297 41.1096 79.4796 93.147 72.3464 60.6383 28.5918 63.8122 39.8121 52.4309 27.4591 43.9659 35.8469 82.6327 52.3145 41.0488 88.4146 43.1741 89.5191 34.2053 43.0465 37.1214 81.0494 0.0 85.1184 9.0 68.1045 72.0139 30.0832 29.0172 25.9495 67.0522 49.341 63.885 20.0 30.8869 79.0283 71.4493 71.7889 61.6847 92.7228 70.6982 
59.9316 33.216 56.1779 104.639 59.5696 75.3327 92.0723 77.1359 46.5104 88.1856 76.7648 86.6149 45.0999 67.9117 76.188 9.43398 76.2635 11.4018 5.38516 100.483 49.0102 27.1662 69.9214 37.5766 56.9836 57.9396 56.3286 50.5371 106.562 90.7083 62.3699 5.0 76.4526 96.8445 16.1245 87.8009 4.47214 65.1024 80.3617 92.9139 33.3766 85.1184 0.0 94.0848 19.4165 51.9711 104.494 76.531 80.2719 41.4849 35.5242 24.5153 87.9139 109.242 7.07107 72.7324 23.3452 41.2311 21.0 26.1725 
34.7795 61.1704 61.8063 27.074 44.7772 21.5407 52.3259 37.1793 51.2742 24.3311 62.7709 14.8661 90.5207 82.5558 15.8114 89.9624 18.3576 86.5895 97.796 41.4367 87.9204 99.6871 80.046 69.4262 37.5582 71.7253 48.1041 58.0517 23.7697 42.19 40.2244 91.599 59.9847 42.45 91.3943 42.0119 98.4855 41.9625 43.566 33.9559 89.9444 9.0 94.0848 0.0 77.0709 80.2309 28.0713 30.0832 41.6033 75.6902 58.3074 67.7882 16.2788 27.6586 87.9946 79.1237 78.329 70.342 94.7444 77.2383 
42.9177 22.4722 52.9528 89.6195 49.4453 58.3188 83.3169 66.079 27.6586 69.0 71.7844 69.6721 53.7122 70.0643 57.0024 11.0454 57.0778 8.06226 21.0238 89.6496 56.0718 31.8277 71.007 38.1182 39.9697 58.0345 46.1147 32.2025 89.6195 71.3092 42.9535 15.0333 70.595 86.6405 20.8087 68.4105 23.0868 55.0999 61.0328 73.5527 44.1022 68.1045 19.4165 77.0709 0.0 55.7862 90.4039 57.2189 67.4776 44.8981 25.2982 5.09902 68.7283 92.2995 12.3693 73.1095 13.3417 42.107 25.4951 15.0333 
51.225 38.0132 19.2354 76.2712 35.4683 58.6941 53.4509 50.3587 52.0096 95.6094 34.5398 71.1491 14.3178 16.1555 72.9794 56.0357 80.5508 54.0093 57.2713 68.7314 9.21954 79.0759 18.868 18.0278 48.9183 11.4018 32.2025 82.2362 81.1444 108.567 82.8668 54.3323 35.7351 63.7887 67.4759 106.059 54.8179 39.2938 100.529 104.588 23.4307 72.0139 51.9711 80.2309 55.7862 0.0 76.1257 92.0204 55.5788 11.0454 35.3553 57.7235 90.2109 80.2217 52.0865 22.2036 68.2642 14.3178 72.6911 70.46 
48.0513 71.865 57.1672 1.0 45.7529 33.188 31.4006 27.4129 64.6072 52.0384 46.8188 20.8087 89.2906 72.2772 39.9249 103.295 45.3542 99.9225 108.205 15.2643 85.1246 121.009 68.6804 72.4797 50.8897 65.2836 49.8128 81.9878 6.40312 70.0286 65.9242 102.008 44.2719 18.3848 110.714 70.0071 108.894 39.9646 71.5681 61.2944 93.0448 30.0832 104.494 28.0713 90.4039 76.1257 0.0 57.8705 25.1795 75.973 69.0021 86.1843 44.0114 4.12311 98.4036 66.4078 100.394 71.4588 115.022 100.882 
43.5999 69.4582 74.3751 56.8859 57.5073 38.8973 77.4661 56.3205 56.7934 13.0 80.5295 40.05 99.098 96.356 20.6155 68.1175 13.0384 65.2763 78.1025 70.0286 97.7827 81.0247 94.5199 77.1573 46.3786 84.3154 59.5633 34.0147 53.8516 17.6918 15.5242 72.2496 77.8781 70.0643 74.3303 15.8114 80.3057 57.3062 14.0357 16.4924 99.021 29.0172 76.531 30.0832 57.2189 92.0204 57.8705 0.0 53.1507 84.4794 66.5953 52.1536 17.0294 57.7235 69.4622 94.3199 60.531 79.1934 76.9415 58.8558 
28.3019 47.6431 36.3456 25.3249 22.561 15.0333 24.3311 5.38516 41.8775 52.9748 31.1448 24.5353 68.0294 54.1295 32.5576 76.1495 40.2678 72.7765 83.9831 22.2749 64.2806 98.0827 51.0 49.8197 30.0 45.3542 26.6833 69.1723 30.1982 69.0879 56.1427 77.7861 28.3196 19.6977 87.7877 68.0607 84.6726 17.1172 67.082 62.7412 70.7107 25.9495 80.2719 41.6033 67.4776 55.5788 25.1795 53.1507 0.0 54.0833 44.7802 63.4547 45.8896 29.2755 74.1817 49.3964 77.6641 49.2544 92.0959 78.1526 
44.2945 28.0179 19.6977 76.1184 32.0624 54.3415 56.8243 49.2544 43.1393 89.6975 39.2046 66.7368 14.8661 26.4764 67.0676 45.0999 74.639 43.0 46.8402 70.214 13.4536 68.4471 28.4605 7.81025 41.6773 17.2047 28.1603 72.3286 80.9917 101.026 74.9001 43.566 39.6611 65.4599 56.7186 98.5176 44.5982 37.0135 92.5538 98.676 17.4642 67.0522 41.4849 75.6902 44.8981 11.0454 75.973 84.4794 54.0833 0.0 25.6125 46.8544 84.3134 80.069 41.1947 31.3847 57.2189 5.38516 61.9839 59.4164 
24.4399 3.0 28.0713 69.1475 24.0832 38.7326 58.0086 41.6442 20.6752 77.4681 46.4866 50.5018 39.0512 47.2969 48.8371 31.4018 56.4086 28.0179 39.2354 65.6474 38.9487 55.7584 47.5184 17.8045 21.4919 34.5254 20.8087 50.3401 70.4492 83.1416 52.3773 33.0384 45.31 61.7844 43.8292 80.6335 39.9249 29.8223 71.2014 83.0487 35.0377 49.341 35.5242 58.3074 25.2982 35.3553 69.0021 66.5953 44.7802 25.6125 0.0 25.1794 66.083 73.098 29.434 49.163 38.6005 21.095 49.0918 40.025 
38.6981 22.2036 53.2353 85.4 47.72 54.0993 81.4853 61.8595 23.4391 64.0078 71.5666 65.4525 57.5051 71.4493 52.0287 16.0 52.1041 13.1529 26.0 85.5344 59.4441 34.8281 72.111 39.8121 35.7502 59.0762 45.5216 27.6586 85.4 66.2193 37.855 20.0998 70.9697 82.4209 24.5967 63.3246 28.1603 52.4236 55.9732 68.469 47.9558 63.885 24.5153 67.7882 5.09902 57.7235 86.1843 52.1536 63.4547 46.8544 25.1794 0.0 63.7546 88.08 17.4642 74.0068 14.4222 43.7379 28.8444 15.2315 
42.5551 68.9459 72.8011 43.0116 55.6058 33.2415 68.1847 49.4491 67.179 8.06226 75.0408 29.9666 99.1715 94.2603 17.4642 79.7425 12.0 76.7439 89.7394 57.7062 97.1168 95.1893 91.9674 77.6081 45.3337 82.801 58.2495 49.93 39.1152 26.0192 31.0644 83.7411 72.2546 58.6941 87.3212 26.0768 91.7708 53.7587 28.7924 17.72 97.8308 20.0 87.9139 16.2788 68.7283 90.2109 44.0114 17.0294 45.8896 84.3134 66.083 63.7546 0.0 43.1045 80.853 91.2195 74.0405 78.9282 90.5207 72.7324 
49.9469 75.9922 61.2632 4.0 49.8488 35.0836 35.2278 31.5088 66.5028 51.0392 50.9215 22.6274 93.3866 76.4003 40.7063 105.191 45.5412 101.818 113.025 18.4391 89.2206 122.905 72.8011 76.5756 52.7853 69.3796 53.9088 83.2166 4.0 69.029 66.6408 106.828 48.3839 22.0227 112.61 69.1809 113.643 44.0605 71.1969 60.0333 97.1408 30.8869 109.242 27.6586 92.2995 80.2217 4.12311 57.7235 29.2755 80.069 73.098 88.08 43.1045 0.0 103.223 70.5195 102.289 75.5547 116.918 102.778 
53.8414 27.1258 54.4963 100.543 53.4794 69.2425 87.4404 71.0457 39.4629 81.1248 75.2291 80.5958 47.0744 67.6018 69.1272 4.12311 69.2026 4.47214 9.84886 95.0489 50.3587 27.8568 69.2315 36.1386 50.8934 56.7539 50.2384 43.909 100.543 83.678 55.3173 3.60555 74.28 91.1859 15.8114 80.7775 11.0454 59.2238 73.3757 85.8429 36.0555 79.0283 7.07107 87.9946 12.3693 52.0865 98.4036 69.4622 74.1817 41.1947 29.434 17.4642 80.853 103.223 0.0 71.8053 18.3576 40.025 21.1896 21.095 
56.8243 52.1536 21.8403 66.7308 36.8917 57.9828 38.0526 44.1022 61.9839 97.7446 19.6469 70.0393 35.3836 7.61577 75.2861 75.505 83.2406 73.0302 78.1089 55.5788 29.7321 99.4585 3.60555 35.6931 55.4617 15.1327 35.7771 94.5939 71.8679 111.83 90.377 74.4648 22.1359 50.636 87.5557 110.125 75.9605 37.5366 107.087 107.168 45.607 71.4493 72.7324 79.1237 73.1095 22.2036 66.4078 94.3199 49.3964 31.3847 49.163 74.0068 91.2195 70.5195 71.8053 0.0 86.2844 31.7805 92.8924 88.1419 
52.9075 35.7351 66.2873 99.6094 61.9294 68.9894 95.6947 76.0688 37.4833 73.1642 85.0763 79.6619 64.846 83.0 62.5695 14.4222 62.6259 14.8661 21.6333 99.7438 67.6831 21.4709 84.0952 51.0 49.9595 71.1758 59.4055 29.6142 98.9519 72.1734 45.1774 18.4391 83.8857 96.6303 14.0357 69.1809 25.0 66.633 61.2944 76.1052 54.231 71.7889 23.3452 78.329 13.3417 68.2642 100.394 60.531 77.6641 57.2189 38.6005 14.4222 74.0405 102.289 18.3576 86.2844 0.0 55.0 16.4924 2.82843 
38.9487 23.7065 16.4012 71.6042 27.0 49.0306 53.535 44.5533 38.2099 84.3124 36.7696 61.4126 20.2485 28.0 61.6824 43.7379 69.2538 41.3038 46.6154 66.1287 18.6011 67.72 29.2746 4.0 36.3593 16.7631 23.0217 68.1041 76.4775 95.7398 70.1413 42.72 36.8782 61.4654 55.7853 93.2317 44.7214 32.1403 87.2678 93.2909 21.587 61.6847 41.2311 70.342 42.107 14.3178 71.4588 79.1934 49.2544 5.38516 21.095 43.7379 78.9282 75.5547 40.025 31.7805 55.0 0.0 61.131 57.0351 
67.536 46.6154 75.3283 114.238 73.2445 82.9371 107.116 90.7209 52.2769 89.627 94.9499 94.2904 66.0681 88.459 78.9849 17.8885 79.0569 21.095 16.1245 114.268 70.0071 6.7082 90.2441 57.28 64.588 77.8845 69.9138 45.0444 114.238 88.0057 61.5224 18.4391 94.0007 110.861 5.38516 85.0059 19.4165 78.899 77.026 92.3472 54.231 92.7228 21.0 94.7444 25.4951 72.6911 115.022 76.9415 92.0959 61.9839 49.0918 28.8444 90.5207 116.918 21.1896 92.8924 16.4924 61.131 0.0 18.1108 
53.396 37.108 67.897 100.098 62.4431 69.4779 96.2084 76.5506 37.6431 71.5891 86.4738 80.1504 67.3573 85.0235 61.4787 17.2047 61.4654 17.4642 24.4131 100.236 70.0928 22.4722 86.0233 53.0377 50.448 73.0616 60.2447 27.2947 99.4404 70.0643 43.4166 21.2603 85.2832 97.1285 16.2788 67.0671 27.8029 67.1467 59.1354 74.2428 56.8595 70.6982 26.1725 77.2383 15.0333 70.46 100.882 58.8558 78.1526 59.4164 40.025 15.2315 72.7324 102.778 21.095 88.1419 2.82843 57.0351 18.1108 0.0 
DEMAND_SCENARIO_SECTION
0 0 0 0 0 0 0 0 0 0 0 0 0 0 0 0 0 0 0 0 0 0 0 0 0 0 0 0 0 0 0 0 0 0 0 0 0 0 0 0 0 0 0 0 0 0 0 0 0 0 0 0 0 0 0 0 0 0 0 0 0 0 0 0 0 0 0 0 0 0 0 0 0 0 0 0 0 0 0 0 0 0 0 0 0 0 0 0 0 0 0 0 0 0 0 0 0 0 0 0 0 0 0 0 0 0 0 0 0 0 0 0 0 0 0 0 0 0 0 0 0 0 0 0 0 0 0 0 0 0 0 0 0 0 0 0 0 0 0 0 0 0 0 0 0 0 0 0 0 0 0 0 0 0 0 0 0 0 0 0 0 0 0 0 0 0 0 0 0 0 0 0 0 0 0 0 0 0 0 0 0 0 0 0 0 0 0 0 0 0 0 0 0 0 0 0 0 0 0 0 
4 1 2 2 3 2 5 1 3 3 2 3 1 3 3 4 4 3 4 4 2 4 4 5 3 2 1 4 2 3 4 4 3 3 2 3 4 4 3 2 2 2 5 2 3 2 2 3 2 2 2 5 2 2 2 2 3 3 4 2 3 3 3 2 4 2 4 4 2 3 2 4 3 4 2 3 4 5 2 2 2 4 2 2 3 2 3 3 3 4 3 4 3 3 3 3 2 3 3 4 2 3 3 2 3 3 4 3 1 3 4 5 4 3 3 2 3 3 1 4 1 4 3 4 4 2 2 3 3 4 5 3 3 3 4 1 3 1 3 1 5 2 3 3 2 4 3 4 5 3 3 3 2 4 2 2 5 4 3 4 5 3 4 4 4 2 2 3 3 1 4 5 3 1 4 2 2 3 3 5 3 3 4 3 3 2 3 3 3 2 3 4 4 3 2 5 1 2 5 1 
1 1 1 1 1 1 1 0 1 1 1 1 1 1 2 1 1 1 1 1 1 1 1 1 1 1 0 1 1 1 1 1 1 1 1 1 1 1 1 1 1 1 1 1 1 1 1 1 1 1 1 1 1 2 1 1 1 1 1 1 1 0 1 1 1 1 1 0 1 1 1 1 1 1 1 1 1 2 1 1 1 1 0 2 1 1 1 0 1 0 1 1 1 1 1 1 0 1 1 1 1 0 1 1 1 1 1 0 1 1 1 1 1 1 1 1 1 1 1 1 1 1 1 1 1 1 1 1 1 1 1 1 1 1 1 1 2 1 1 1 1 1 1 1 0 1 1 1 0 1 1 0 1 1 1 1 1 1 1 2 1 1 1 1 0 1 1 1 1 1 1 1 1 1 1 1 2 1 2 1 2 1 1 1 1 1 0 1 1 1 1 1 1 1 0 1 1 1 1 1 
1 1 1 1 0 1 1 1 1 1 1 1 1 1 1 1 0 1 1 1 1 1 1 1 1 2 1 2 1 1 1 1 1 1 2 1 1 1 1 1 0 1 1 1 1 1 1 1 1 1 1 1 1 1 1 2 1 1 2 1 1 1 1 1 1 1 1 1 1 1 1 1 1 1 1 0 1 1 1 1 1 1 1 2 0 1 1 1 1 1 1 0 1 1 1 1 1 0 1 1 1 2 1 1 0 1 2 1 0 1 1 1 1 1 1 1 1 2 1 1 0 1 1 1 1 1 1 0 1 1 1 1 1 1 1 1 1 1 1 1 1 0 1 1 1 2 1 1 1 1 1 1 0 2 1 0 1 1 1 1 1 0 1 1 1 1 1 0 1 1 1 1 1 1 1 1 1 1 2 2 1 1 1 1 1 1 1 1 1 1 1 1 1 2 1 2 1 1 1 1 
8 8 3 7 8 8 4 10 5 8 0 5 6 6 6 8 2 6 8 6 3 2 4 9 5 6 7 4 5 9 8 4 7 6 8 7 7 7 7 8 4 6 5 6 0 4 3 5 6 6 9 7 4 7 6 6 3 5 8 6 5 6 4 5 4 4 3 7 7 7 5 8 6 1 5 3 6 8 8 7 6 6 5 5 6 6 5 6 8 6 6 4 7 6 7 8 6 5 10 5 5 7 10 8 7 5 4 5 7 4 4 7 6 6 2 4 7 2 11 6 5 7 7 4 5 6 7 9 5 5 3 5 6 7 7 5 5 10 3 4 11 2 7 8 3 9 6 10 9 7 7 6 6 5 6 6 3 4 4 5 5 5 3 6 9 3 8 3 5 8 6 9 3 8 7 10 4 7 7 3 2 5 6 4 7 7 8 5 6 10 6 5 6 4 3 9 7 7 3 9 
6 5 3 3 2 5 6 2 5 4 4 4 4 4 3 3 5 3 4 5 4 3 6 7 5 4 4 6 5 3 3 2 5 4 4 1 5 2 3 6 4 4 3 0 5 4 3 3 4 5 5 4 5 4 3 4 5 3 4 5 2 5 5 4 2 3 6 3 5 5 5 4 6 5 2 3 5 5 4 2 4 6 5 2 2 5 4 3 4 4 4 4 4 5 3 3 3 3 3 2 5 5 4 4 5 5 3 4 4 5 5 4 5 2 3 5 6 8 5 6 5 5 2 4 3 4 3 2 5 5 4 6 1 6 5 6 3 5 6 5 5 5 7 3 4 3 5 4 8 3 5 5 4 5 6 5 2 4 4 2 4 5 4 3 2 4 5 5 5 4 3 2 4 4 3 4 4 3 2 6 5 4 5 2 6 6 5 4 6 4 3 4 5 4 6 4 3 3 4 4 
2 2 1 0 1 2 1 1 1 1 1 1 0 1 2 1 1 1 1 1 1 2 1 2 1 1 1 1 1 1 1 1 1 1 1 1 1 1 1 1 1 2 1 1 1 1 1 1 0 1 2 0 1 2 1 1 1 1 1 2 1 1 1 1 1 1 2 1 1 1 1 1 1 1 1 1 1 1 1 1 1 1 1 1 1 1 1 1 0 1 1 1 1 1 2 1 1 1 1 1 1 1 1 1 1 1 1 1 0 1 1 1 1 1 1 2 1 1 1 0 0 2 1 1 1 1 1 1 1 1 1 1 1 1 1 1 1 1 1 1 1 1 1 2 0 1 1 1 2 2 1 1 1 1 1 1 2 1 1 1 2 1 1 1 1 1 1 1 1 1 1 1 1 0 1 0 1 1 1 1 1 1 1 1 1 1 1 1 1 2 1 1 1 0 1 1 1 1 1 1 
3 3 4 2 3 2 2 2 3 4 3 3 4 4 4 2 2 3 2 4 3 1 3 3 5 3 4 4 2 2 3 3 4 4 4 1 3 5 3 3 3 4 5 3 2 3 3 2 2 4 3 3 4 3 4 3 3 1 2 4 4 4 5 3 4 2 2 3 4 4 5 2 4 0 2 3 4 4 3 2 2 4 1 4 3 3 2 2 1 3 4 4 2 3 2 4 2 1 4 4 3 3 4 4 3 4 3 2 1 2 2 2 3 2 3 3 3 4 3 1 2 3 4 3 3 2 3 3 4 4 3 3 5 3 4 4 1 3 4 5 2 2 2 3 4 2 4 4 4 3 2 2 3 4 2 5 3 3 5 4 2 1 3 3 2 3 1 5 3 2 3 3 4 3 5 2 3 4 3 4 4 1 4 2 3 2 2 2 2 4 4 0 5 4 2 3 4 3 3 2 
5 3 5 5 4 7 4 2 4 5 1 3 5 5 5 2 4 6 4 4 5 3 3 4 3 4 5 5 4 8 4 5 3 4 5 5 4 4 5 5 4 4 3 4 4 3 5 1 5 6 4 4 5 1 4 5 4 6 4 6 2 2 5 4 3 4 3 5 4 4 3 3 4 2 4 2 6 6 4 6 6 5 4 6 4 5 3 3 6 1 6 4 3 4 6 5 5 4 5 3 5 4 4 6 4 5 5 4 5 4 2 3 4 4 6 4 4 2 5 4 4 6 2 2 5 6 4 4 4 2 4 4 3 5 0 6 4 4 4 4 6 3 2 5 3 4 5 5 3 4 4 4 4 3 4 7 6 3 2 5 7 3 2 0 6 8 4 6 4 4 4 5 2 3 4 3 2 6 4 3 8 4 5 4 4 5 7 4 4 3 3 3 3 3 4 6 3 6 2 5 
4 1 3 4 2 3 2 1 3 4 2 4 3 3 4 3 4 2 3 4 1 2 4 4 1 3 4 4 3 3 4 3 2 3 2 4 4 4 2 3 2 5 3 4 1 2 5 4 3 3 1 3 3 1 4 2 2 4 4 2 3 3 2 4 3 4 3 4 1 2 3 5 3 4 3 4 2 5 4 3 3 2 2 3 4 2 4 3 5 5 3 6 2 5 4 4 4 5 4 2 3 2 3 2 3 4 3 5 2 3 3 3 3 2 3 3 4 5 3 3 3 4 0 4 3 6 4 1 4 5 5 4 3 4 3 3 2 4 4 4 1 4 3 5 2 5 3 5 0 2 3 2 4 3 2 5 3 2 1 3 2 3 3 3 4 3 1 3 3 5 4 4 4 3 2 3 3 3 3 4 3 4 3 4 4 3 4 3 2 5 2 3 3 2 2 4 3 3 2 2 
1 1 2 0 2 2 1 2 1 1 1 1 1 1 1 1 1 1 1 1 1 1 1 2 1 1 1 1 1 1 1 1 1 1 1 1 1 1 1 2 1 1 1 1 1 1 1 1 1 1 1 1 1 1 2 1 2 1 1 1 1 1 1 1 1 1 1 1 1 1 1 1 1 1 1 1 1 1 1 1 1 1 1 1 1 1 1 1 1 1 1 1 1 1 1 1 1 1 1 1 1 0 0 1 1 1 1 1 1 1 1 0 1 1 2 1 1 1 1 2 1 1 1 2 1 0 1 1 1 1 1 1 1 1 1 1 1 1 1 0 1 1 1 1 1 1 1 1 1 2 1 1 1 1 1 1 1 1 1 1 1 1 1 1 1 1 1 1 1 2 1 1 1 1 1 1 1 1 1 1 1 1 1 1 1 0 1 1 1 1 2 1 1 1 1 1 1 1 1 2 
5 8 5 5 7 7 6 4 5 4 1 5 7 8 9 7 4 6 5 8 7 8 4 5 6 4 9 9 10 10 3 10 4 10 4 9 2 7 11 6 10 5 5 5 7 5 5 1 4 8 7 6 4 3 4 7 7 6 4 3 6 6 8 8 7 5 6 7 8 6 8 3 11 2 6 9 4 4 4 7 5 7 5 6 8 6 9 7 4 7 4 6 8 4 10 9 8 4 3 8 10 4 5 5 5 9 3 5 11 7 5 2 5 4 6 6 7 2 9 5 8 7 4 5 5 8 5 8 8 5 5 10 6 7 7 4 7 6 9 10 4 4 6 9 5 10 7 5 5 9 6 6 8 7 2 6 4 8 2 6 8 3 9 5 6 7 7 7 2 3 7 7 1 6 7 10 5 6 4 6 9 5 7 4 7 5 6 4 8 7 4 9 4 9 6 3 7 4 5 5 
3 3 3 4 5 6 2 4 4 4 4 7 2 5 4 2 4 3 7 4 4 3 3 6 3 4 3 5 5 2 4 4 3 7 6 3 4 2 4 1 4 2 7 3 5 3 2 5 4 5 5 3 4 4 6 5 4 2 4 5 3 4 2 3 4 2 5 5 6 5 3 3 2 3 1 4 4 4 3 3 5 6 3 2 4 4 5 5 5 3 4 5 2 5 6 5 6 3 3 3 4 5 4 5 6 3 4 3 5 8 6 4 3 0 5 3 3 6 5 4 3 5 4 5 5 4 1 5 4 6 3 3 4 2 5 5 4 5 3 5 2 2 4 5 4 2 4 4 5 4 4 3 4 4 4 5 4 3 2 4 3 2 3 5 4 4 3 5 5 4 5 4 3 5 6 5 5 6 3 3 2 4 2 4 5 5 3 3 2 1 3 2 3 3 4 3 5 4 5 2 
3 3 3 2 3 2 1 3 2 2 2 2 2 2 1 1 2 2 1 3 2 1 1 3 2 2 3 2 2 2 3 1 2 3 2 3 3 1 1 2 3 3 1 2 3 2 2 3 2 1 2 2 1 2 2 1 1 2 3 3 2 4 2 2 1 2 3 2 2 2 3 3 3 3 2 2 1 1 2 2 2 1 1 2 1 2 2 2 3 1 1 2 2 2 2 2 2 1 2 2 2 3 2 1 3 2 2 3 2 2 1 3 2 1 2 1 1 2 2 2 2 2 3 1 1 2 1 3 3 2 2 2 2 3 2 2 2 2 3 2 1 1 2 3 3 2 2 2 3 2 2 2 1 1 1 2 2 3 2 1 2 1 2 3 2 2 2 2 2 1 2 2 3 3 2 4 1 3 2 2 3 3 2 3 2 2 2 2 3 2 3 4 2 2 2 1 2 2 3 2 
8 6 10 9 5 11 1 13 9 9 9 9 8 6 11 7 7 9 4 6 4 9 6 11 6 11 7 7 8 6 12 10 13 12 12 13 5 11 9 5 14 6 8 7 7 8 11 10 9 6 10 5 6 7 10 10 6 5 6 12 5 10 8 9 14 2 12 9 6 6 9 9 12 5 9 10 8 11 6 12 8 10 7 7 6 9 8 5 12 4 13 4 8 9 5 7 13 10 13 8 15 4 7 7 8 9 5 10 6 12 15 9 14 11 9 12 12 9 8 12 11 10 6 7 9 10 8 12 15 1 6 6 8 7 9 14 4 7 11 11 12 9 10 12 4 13 5 6 4 6 7 11 7 8 8 11 12 11 7 7 7 9 10 7 9 6 5 8 8 8 5 8 6 10 7 9 8 4 10 5 12 9 8 10 9 5 8 8 6 9 9 8 5 8 8 8 16 6 10 7 
7 7 4 7 7 4 8 6 7 7 8 7 7 6 8 6 7 5 9 3 6 6 8 11 5 6 6 4 10 7 6 5 5 3 9 7 8 8 6 6 5 6 8 5 10 5 6 4 11 4 3 10 9 9 5 4 6 6 6 7 5 8 7 5 6 6 8 4 4 2 8 8 4 11 6 8 7 7 5 3 9 8 2 6 6 5 9 6 8 6 7 6 8 8 7 6 8 5 5 8 7 5 6 2 5 10 9 4 5 7 8 5 6 4 5 8 3 7 8 3 7 6 6 7 6 4 8 5 6 6 6 6 6 5 7 8 5 9 8 5 3 5 4 9 7 5 12 8 5 5 7 6 4 6 10 4 7 1 9 7 5 6 3 6 2 7 6 8 7 4 4 5 7 8 6 4 11 8 7 5 8 7 7 2 9 4 8 5 9 5 6 2 9 7 8 4 5 6 5 8 
3 2 5 5 2 2 4 3 4 3 3 3 3 2 3 6 2 4 4 2 2 1 3 3 5 4 2 3 4 3 4 4 4 3 4 3 2 4 2 3 3 6 4 1 2 4 2 4 4 4 5 0 3 2 3 4 1 4 1 4 3 2 3 2 3 2 3 4 3 4 3 3 1 3 2 3 3 5 2 3 5 2 4 2 2 2 3 4 4 2 2 3 4 3 4 3 2 4 3 3 2 5 2 3 3 4 2 2 4 3 2 3 4 2 1 3 4 4 2 2 5 4 2 4 3 4 3 3 1 3 2 2 3 3 5 1 2 3 3 4 4 1 3 2 3 2 1 3 2 1 2 2 2 3 4 2 2 2 4 2 3 3 3 2 2 3 3 3 3 4 3 2 4 4 3 3 3 2 3 3 2 3 2 5 2 3 2 3 4 4 1 2 3 2 4 3 3 2 4 3 
7 6 9 6 5 4 9 9 8 6 10 7 12 4 5 5 8 6 5 6 9 10 8 9 8 9 9 8 3 11 6 4 5 12 8 14 9 6 4 9 6 8 4 10 6 6 10 9 10 9 6 5 9 10 6 11 6 7 6 6 6 6 7 7 6 10 0 7 6 6 10 1 6 7 10 5 6 10 5 4 9 8 6 4 4 5 10 8 7 8 3 7 5 8 9 7 7 5 5 10 4 7 6 2 8 10 6 3 7 8 6 10 9 8 7 8 6 7 7 7 6 6 6 6 6 7 6 10 1 7 7 6 7 11 8 6 5 8 0 9 6 7 6 10 7 8 7 7 4 5 6 9 10 7 7 7 11 12 5 4 9 10 5 8 3 12 6 9 13 8 6 8 6 6 8 9 6 6 7 9 6 12 7 5 5 8 7 5 9 12 5 3 7 9 9 4 5 6 5 8 
10 6 8 9 11 9 3 2 12 9 8 8 10 8 12 5 6 7 9 8 9 4 10 7 10 7 11 9 7 9 10 10 14 14 7 15 8 7 11 8 5 9 9 9 9 8 5 13 8 6 10 16 6 8 8 10 8 13 11 12 7 11 9 6 4 11 10 5 7 7 13 5 10 9 11 8 8 7 8 8 7 5 9 9 8 6 12 8 8 4 13 7 9 6 14 7 7 2 12 17 16 7 7 12 9 12 8 6 1 5 10 9 8 11 12 10 12 7 11 5 11 11 11 8 11 8 14 8 12 11 9 10 18 3 6 9 15 15 14 18 8 13 10 7 6 10 7 4 4 10 5 5 6 10 6 8 10 11 12 10 10 15 8 12 4 9 11 9 5 8 10 11 8 6 14 10 11 7 11 10 14 7 15 7 11 11 8 7 7 10 15 6 9 9 4 7 11 11 15 11 
3 4 3 3 2 6 5 1 2 3 5 2 4 2 3 4 3 2 4 5 3 2 2 3 2 4 3 4 3 3 1 0 2 4 4 2 3 3 2 3 3 5 2 3 4 3 2 3 2 4 4 4 2 2 2 3 4 1 4 4 4 1 3 1 1 3 5 4 4 4 1 1 4 5 2 3 3 3 2 4 3 3 3 4 3 2 4 4 2 4 3 3 5 4 4 2 4 3 4 3 2 5 1 4 3 3 4 1 3 2 3 3 5 6 3 4 3 2 4 4 2 2 3 6 4 4 4 1 3 4 1 4 2 2 3 3 3 2 4 2 3 1 3 4 3 3 2 3 2 3 4 2 3 3 3 4 2 2 3 2 2 3 3 3 3 3 2 4 4 4 4 3 3 2 2 2 4 1 3 4 4 2 2 3 2 3 3 4 3 4 5 4 6 4 3 4 2 5 3 3 
2 2 2 2 3 3 3 2 2 2 2 2 2 2 3 3 3 0 2 2 1 2 2 2 2 2 2 2 2 1 2 1 1 3 3 2 2 2 4 2 2 3 2 2 4 2 1 2 2 2 1 3 1 2 1 2 2 2 1 3 3 1 2 2 2 3 3 2 2 2 2 1 1 2 4 2 2 1 1 3 2 0 2 1 2 3 4 3 2 1 2 1 1 2 1 2 1 1 2 0 2 2 1 2 2 2 3 1 0 2 2 3 2 3 2 2 2 2 3 2 2 2 2 2 2 2 1 3 3 2 2 2 3 3 2 2 2 2 2 2 2 2 1 3 3 1 1 2 2 3 2 2 2 3 1 2 2 3 2 1 2 2 2 1 1 1 2 2 2 1 2 2 2 2 2 1 3 1 2 2 1 2 2 1 2 3 1 3 1 1 2 2 2 2 1 1 2 2 2 2 
6 8 6 6 5 6 3 5 5 5 7 4 4 5 7 5 3 6 8 3 11 4 4 6 8 8 6 6 5 6 5 5 8 7 4 7 8 6 7 3 7 8 10 6 6 6 6 6 7 3 1 6 8 11 6 8 8 4 3 8 6 2 5 8 7 5 4 5 2 5 6 7 8 6 8 9 5 7 5 9 4 7 7 3 8 4 4 4 5 7 9 5 14 8 5 8 5 3 8 8 6 6 7 7 5 4 7 8 7 7 7 8 6 5 8 6 9 6 7 5 7 5 5 7 6 6 6 7 5 6 8 5 4 8 4 3 9 5 5 5 8 9 4 6 8 5 4 6 4 8 5 5 3 4 5 11 4 8 3 6 9 3 6 8 8 4 3 6 3 8 9 9 5 2 8 8 6 4 7 8 5 4 5 3 5 4 6 7 9 8 5 9 8 8 7 6 10 4 6 7 
8 9 9 7 7 8 7 2 5 8 4 11 7 5 8 6 9 8 10 9 5 9 6 7 8 11 11 14 11 7 13 2 5 4 5 7 11 8 12 8 4 9 9 9 8 8 6 8 8 9 7 6 6 8 6 10 10 6 8 10 12 4 5 6 8 9 4 11 6 8 11 10 6 7 6 10 12 5 4 8 10 7 7 9 11 13 9 10 11 4 13 9 6 7 10 5 6 9 8 8 11 5 7 8 8 11 10 10 9 8 9 8 8 8 8 8 7 11 5 10 8 10 11 6 9 9 12 6 5 9 6 5 10 3 4 10 6 5 7 10 6 5 7 3 11 6 13 6 7 5 9 9 7 10 8 8 6 13 0 10 11 11 7 8 13 7 6 9 5 6 8 8 10 9 7 5 8 7 10 10 16 5 9 10 9 9 11 13 5 7 7 7 6 5 10 6 4 4 7 10 
0 1 1 1 2 2 1 1 1 2 0 1 1 1 1 1 1 1 1 1 1 0 1 0 1 1 1 1 1 1 1 1 1 1 1 1 1 1 1 1 1 1 1 1 1 1 1 2 1 1 1 1 1 1 2 2 2 1 1 1 1 1 1 1 1 1 2 1 1 1 1 1 1 1 1 1 0 1 1 1 1 0 1 1 1 1 2 0 1 1 1 0 1 2 1 0 1 1 1 1 1 1 1 1 1 1 2 1 1 0 1 1 0 1 2 1 1 1 2 1 1 1 1 1 1 0 1 1 1 1 1 1 1 1 1 1 1 0 1 1 1 2 1 1 2 1 1 2 1 1 0 1 1 1 1 1 1 2 1 1 1 2 1 2 1 1 1 1 2 0 1 1 1 1 1 1 1 1 1 1 1 1 1 1 1 1 0 1 1 1 1 1 1 1 1 2 1 1 1 1 
