NAME  : Jabali_60_2_0.95_1_2
TYPE : SVRP
MODEL : FINITE_SUPPORT
NUMBER_OF_SCENARIOS : 200
DIMENSION : 60
EDGE_WEIGHT_TYPE : MATRIX
CAPACITY : 170
N_VEHICLES : 2
NODE_COORD_SECTION
1 4138 4603
2 3934 5280
3 2838 102
4 3448 6450
5 3358 704
6 4112 3046
7 4149 7774
8 3482 7569
9 5373 5156
10 27 3848
11 6254 2005
12 3091 6075
13 7240 5509
14 4396 7123
15 1650 1873
16 2135 6648
17 6543 4745
18 3169 5341
19 3180 467
20 7161 4701
21 6773 5184
22 3096 4233
23 5443 7825
24 4456 7774
25 6616 2433
26 4084 4120
27 4749 8099
28 1483 4109
29 186 5143
30 5566 2659
31 6386 6617
32 6590 6244
33 3493 8433
34 5066 924
35 2219 3007
36 625 4099
37 4073 7982
38 6632 6602
39 6838 5675
40 2946 6708
41 961 6432
42 6834 4058
43 6229 6589
44 632 4908
45 3818 6124
46 4572 8088
47 3371 18
48 5858 2376
49 4961 7229
50 5985 6281
51 2190 6964
52 8251 4460
53 4282 2240
54 2904 5445
55 2007 5636
56 2332 3416
57 3614 645
58 2492 3086
59 663 3473
60 2788 5917
DEMAND_SECTION
1 0.0
2 6.0
3 9.0
4 2.0
5 8.0
6 7.0
7 7.0
8 7.0
9 8.0
10 7.0
11 10.0
12 10.0
13 2.0
14 2.0
15 8.0
16 1.0
17 6.0
18 2.0
19 4.0
20 10.0
21 8.0
22 6.0
23 9.0
24 1.0
25 6.0
26 10.0
27 5.0
28 1.0
29 5.0
30 2.0
31 10.0
32 1.0
33 10.0
34 3.0
35 7.0
36 4.0
37 10.0
38 4.0
39 7.0
40 5.0
41 10.0
42 1.0
43 8.0
44 6.0
45 4.0
46 3.0
47 4.0
48 2.0
49 4.0
50 8.0
51 4.0
52 5.0
53 5.0
54 9.0
55 1.0
56 7.0
57 2.0
58 3.0
59 5.0
60 2.0
DEVIATION_SECTION
1 0.0
2 2.0
3 3.0
4 0.666667
5 2.66667
6 2.33333
7 2.33333
8 2.33333
9 2.66667
10 2.33333
11 3.33333
12 3.33333
13 0.666667
14 0.666667
15 2.66667
16 0.333333
17 2.0
18 0.666667
19 1.33333
20 3.33333
21 2.66667
22 2.0
23 3.0
24 0.333333
25 2.0
26 3.33333
27 1.66667
28 0.333333
29 1.66667
30 0.666667
31 3.33333
32 0.333333
33 3.33333
34 1.0
35 2.33333
36 1.33333
37 3.33333
38 1.33333
39 2.33333
40 1.66667
41 3.33333
42 0.333333
43 2.66667
44 2.0
45 1.33333
46 1.0
47 1.33333
48 0.666667
49 1.33333
50 2.66667
51 1.33333
52 1.66667
53 1.66667
54 3.0
55 0.333333
56 2.33333
57 0.666667
58 1.0
59 1.66667
60 0.666667
DISTANCE_MATRIX
0.0 9.48683 65.5379 25.632 56.9887 22.2036 43.1976 40.0248 24.7656 56.6127 45.8912 24.0832 44.9493 38.8669 57.8511 39.0 33.2236 17.72 60.5801 40.673 37.9529 19.2066 51.6835 44.7959 45.0444 6.7082 49.8236 36.4005 55.7726 34.2053 45.195 46.6909 51.0052 53.0094 34.1322 48.4149 44.7959 47.8546 42.0322 31.7805 50.6952 36.4994 43.8759 49.6498 20.6143 55.0454 60.2157 39.0512 43.6493 39.3583 41.1096 55.1774 33.2415 20.8806 33.573 29.1703 56.3028 32.5084 49.2443 25.0799 
9.48683 0.0 73.4625 16.1555 64.9133 30.4138 34.0733 30.8058 20.6208 57.5602 55.3173 15.0333 45.4217 29.7426 59.1529 30.1496 38.9103 11.3137 68.5046 46.5305 40.2492 20.1529 42.7393 35.6716 54.231 15.0 40.6993 37.3604 51.9736 43.6807 36.4741 37.7466 41.8688 62.1289 35.7399 49.3883 35.6716 38.9103 40.4198 22.3607 43.0813 45.9167 35.2205 47.6898 11.4018 39.701 68.1403 48.5077 36.8137 30.4141 32.0 61.776 41.8688 14.2127 26.5539 30.778 64.228 33.8102 50.2744 16.7631 
65.5379 73.4625 0.0 91.0912 9.05539 43.4626 107.463 106.706 74.8995 64.1327 51.2445 86.4048 92.3472 103.133 34.0147 90.6774 79.3095 76.7765 6.08276 84.006 85.4751 72.5961 110.854 109.062 57.9741 58.8875 114.089 60.4964 78.1089 49.0918 97.573 95.3415 118.094 29.9666 43.9107 63.2456 109.062 98.9545 90.934 95.007 91.3022 75.0267 96.9531 73.1642 84.7479 113.091 8.544 49.6488 102.82 92.313 94.2723 92.7793 34.7131 79.1976 77.3139 48.471 11.0454 44.6339 56.0446 85.2939 
25.632 16.1555 91.0912 0.0 79.9776 45.8039 20.6155 15.6205 31.1448 56.304 71.3141 7.0 52.6141 16.2906 71.8009 17.4929 48.5077 15.6525 83.569 55.6597 48.4665 32.4951 32.479 22.2195 70.0039 30.8869 27.2473 41.2723 46.5188 59.7746 44.2053 44.0182 27.0185 78.032 48.082 48.2663 22.1359 46.9555 47.3706 7.28011 33.3017 56.5685 42.835 42.3844 6.08276 26.2489 83.471 64.56 23.3617 36.7697 18.0278 70.5762 57.4282 15.5242 21.2485 43.1202 79.2924 46.4583 53.9827 11.0454 
56.9887 64.9133 9.05539 79.9776 0.0 34.8855 98.9142 95.3855 65.9441 62.0725 43.0813 75.8922 83.2947 94.5835 30.4138 84.3674 70.2567 66.2639 3.60555 75.0 76.4199 62.0835 101.899 100.512 49.6488 50.3383 105.54 56.404 74.7329 40.1995 88.6176 86.3481 106.633 22.8035 37.6369 60.0167 100.512 89.9889 81.8841 84.4944 86.0931 66.0681 87.9977 69.3758 76.1987 104.542 9.21954 41.0 93.8648 83.3576 87.9624 84.0119 25.7099 68.685 71.0211 42.19 2.82843 38.2753 53.3385 74.7812 
22.2036 30.4138 43.4626 45.8039 34.8855 0.0 64.4772 61.0737 32.9212 58.793 33.2415 42.0595 52.7731 60.1465 31.9632 55.0668 40.2616 32.6956 38.4708 46.8188 45.7056 28.5407 68.8761 66.0754 35.7771 15.6205 71.1032 36.8788 58.9616 21.9317 55.5947 53.4355 72.2496 32.6956 26.0007 48.368 66.0754 56.9776 50.1597 50.6063 62.2013 39.8246 54.9748 52.6442 41.7732 72.238 38.1418 26.5707 60.8419 50.3347 57.9412 59.5399 11.6619 35.1421 44.5533 27.0332 34.1321 24.0667 49.8245 41.2311 
43.1976 34.0733 107.463 20.6155 98.9142 64.4772 0.0 9.43398 39.9714 75.1066 83.3581 27.4591 51.2445 10.0 91.5454 30.6757 52.6118 36.0555 102.506 58.0775 50.04 52.2396 16.4012 3.60555 80.2331 49.0448 7.28011 60.075 63.7887 73.3588 33.7343 38.4708 12.0416 96.0876 67.8265 67.0691 2.23607 36.1386 46.0977 22.0907 46.5188 62.1691 32.5576 60.6712 22.7155 7.2111 103.216 77.4145 13.0384 32.0156 28.6356 71.1758 75.9386 36.1386 40.0512 62.8647 98.2289 66.2028 72.7855 31.257 
40.0248 30.8058 106.706 15.6205 95.3855 61.0737 9.43398 0.0 42.085 67.0075 84.6111 21.4709 57.4891 13.1529 78.563 21.587 57.0 31.0644 98.9769 63.1981 55.3263 48.1096 25.4558 12.8062 82.3071 45.8039 16.5529 52.1686 54.9181 74.0661 40.8534 45.2217 11.4018 92.9139 63.6965 59.1354 9.48683 43.4626 52.1728 14.3178 37.1618 66.1211 39.5601 52.1536 19.4165 16.6433 99.0855 78.3813 19.3132 38.0789 19.3132 77.1038 72.6223 30.4138 32.1403 58.7347 94.7003 62.0728 64.8791 24.6982 
24.7656 20.6208 74.8995 31.1448 65.9441 32.9212 39.9714 42.085 0.0 79.2537 43.4166 32.573 26.6271 30.4635 64.4954 47.5395 18.3576 30.5913 69.3806 26.0768 20.5183 40.6818 35.4683 38.1113 40.4969 25.4558 41.6173 59.4172 70.6114 33.4215 24.1868 23.0868 51.6211 56.1272 55.5688 69.9172 42.2014 26.0192 22.3607 38.3275 61.3382 25.4951 23.3452 66.3277 25.0799 39.4081 70.4305 37.4433 28.0179 18.4391 48.8365 41.3401 40.2639 33.2508 45.1918 50.607 64.6078 53.9451 71.1348 34.9377 
56.6127 57.5602 64.1327 56.304 62.0725 58.793 75.1066 67.0075 79.2537 0.0 86.4919 49.948 99.4374 71.5695 32.0624 46.3897 87.7117 55.5875 64.2806 95.1611 92.441 51.4072 87.7578 77.3593 90.0275 53.8145 82.2291 20.2485 17.0294 76.2113 93.9423 95.2148 76.4199 77.4661 32.7964 8.544 76.0263 96.5093 97.888 53.0377 36.6742 90.5207 92.6886 15.8114 59.9092 81.4538 55.7315 80.3336 78.6406 87.8823 49.6488 109.659 60.6292 47.7602 35.0571 32.2025 64.0078 34.9925 9.48683 46.0555 
45.8912 55.3173 51.2445 71.3141 43.0813 33.2415 83.3581 84.6111 43.4166 86.4919 0.0 69.8713 48.7647 73.8502 57.8014 84.4808 37.2022 62.1289 45.2217 38.4838 43.2666 59.0096 77.6209 81.498 7.0 42.107 84.9058 70.1031 92.1859 12.0 60.8769 56.8507 95.2836 22.0907 53.7214 80.5401 85.588 61.0737 49.6488 77.666 94.0851 29.0689 60.8276 85.8685 66.1878 82.6801 51.4296 7.0 71.3442 57.3149 86.8332 43.1045 26.6271 65.0692 76.0263 55.4666 40.4969 51.7874 77.5235 70.3491 
24.0832 15.0333 86.4048 7.0 75.8922 42.0595 27.4591 21.4709 32.573 49.948 69.8713 0.0 56.0357 23.1956 67.1145 15.1327 50.6952 9.89949 79.4835 58.1808 51.4782 27.8087 39.3839 29.0689 69.1158 28.1603 34.1321 34.9162 40.3121 58.0517 46.1766 47.4514 32.7567 74.686 43.3956 41.9103 28.8617 48.7436 50.8035 8.60233 29.1548 57.9741 44.923 36.0284 10.0 33.1539 78.7846 62.9682 30.2667 40.2029 17.0294 73.3485 53.7122 8.94427 14.8924 38.4337 75.2069 41.7718 47.6267 4.12311 
44.9493 45.4217 92.3472 52.6141 83.2947 52.7731 51.2445 57.4891 26.6271 99.4374 48.7647 56.0357 0.0 44.3847 84.0063 69.9905 13.0384 55.3922 86.4696 10.6301 7.07107 65.4827 38.3275 48.0937 42.72 45.6396 49.0408 82.6901 95.4123 44.3847 18.1108 13.0384 63.1269 68.3081 75.7525 94.718 53.1507 16.4924 5.38516 59.8605 85.1469 19.7231 19.0263 91.1286 46.733 47.0106 89.0 45.8803 38.4708 19.4165 70.6296 20.0 58.0086 58.0517 69.884 70.7907 81.4985 74.1288 91.3186 59.203 
38.8669 29.7426 103.133 16.2906 94.5835 60.1465 10.0 13.1529 30.4635 71.5695 73.8502 23.1956 44.3847 0.0 87.2147 29.2747 44.0454 31.7692 98.1748 50.0899 42.19 47.9089 16.7631 9.43398 70.7253 44.7141 14.3178 56.5378 61.1543 63.851 28.178 32.311 21.1896 91.7569 63.4958 63.5318 12.2066 30.8869 39.0512 19.1541 45.6716 53.3385 26.8328 57.5191 18.3848 12.6491 98.8848 67.9066 7.07107 25.0 28.2843 63.9531 71.6079 31.8097 36.514 58.534 93.8982 61.8721 69.2482 27.0961 
57.8511 59.1529 34.0147 71.8009 30.4138 31.9632 91.5454 78.563 64.4954 32.0624 57.8014 67.1145 84.0063 87.2147 0.0 60.0786 71.2994 57.4862 32.9848 77.5388 76.9368 53.3058 102.106 93.1437 62.2896 53.9615 98.1714 26.4909 44.3847 48.7955 87.1689 85.0097 88.6492 45.8803 23.3968 29.6142 92.9534 88.5518 81.7621 64.4182 57.2967 70.0407 94.2985 39.2173 69.1313 97.1731 25.4951 52.4023 94.2858 89.7809 63.8194 89.6494 31.241 59.9073 46.5416 27.957 32.1403 24.12 23.0217 57.4182 
39.0 30.1496 90.6774 17.4929 84.3674 55.0668 30.6757 21.587 47.5395 46.3897 84.4808 15.1327 69.9905 29.2747 60.0786 0.0 65.4599 22.561 87.6928 72.8011 65.7951 40.5261 45.2769 33.6155 84.0238 42.4264 37.9473 33.6155 33.3766 72.5603 57.1893 61.1138 30.0666 87.7571 47.0115 39.0512 31.0483 59.9395 64.7469 10.6301 16.4012 73.0068 55.8191 31.0161 23.2594 37.6962 83.0571 77.5242 36.3457 54.1461 3.60555 87.8465 66.632 19.9249 13.6015 42.2171 85.0074 46.0929 45.5412 14.1421 
33.2236 38.9103 79.3095 48.5077 70.2567 40.2616 52.6118 57.0 18.3576 87.7117 37.2022 50.6952 13.0384 44.0454 71.2994 65.4599 0.0 48.8808 73.437 7.81025 6.32456 51.1645 42.9535 50.01 31.8277 33.9139 52.2015 67.8752 87.7306 31.6228 24.2074 19.799 64.6297 55.7136 63.8399 79.8799 54.7449 24.0416 12.53 55.7853 79.6241 9.84886 24.4131 81.6031 42.45 50.0 76.0066 33.541 39.6232 21.9317 66.4831 23.0217 45.0 51.5403 63.4812 59.065 68.469 62.2161 79.5929 53.2259 
17.72 11.3137 76.7765 15.6525 66.2639 32.6956 36.0555 31.0644 30.5913 55.5875 62.1289 9.89949 55.3922 31.7692 57.4862 22.561 48.8808 0.0 69.8552 56.501 50.2197 18.1803 47.9576 37.6982 62.0725 20.025 42.7259 35.3878 41.2858 50.1597 46.4327 47.7074 42.4382 65.3911 33.7673 47.4157 37.6962 48.9997 50.3903 18.4391 32.9848 54.2063 45.1791 37.002 15.0333 41.7276 69.1563 55.1453 38.8403 40.4591 25.2982 71.7465 44.2832 3.16228 15.8661 28.8054 65.5786 32.1435 48.3018 8.544 
60.5801 68.5046 6.08276 83.569 3.60555 38.4708 102.506 98.9769 69.3806 64.2806 45.2217 79.4835 86.4696 98.1748 32.9848 87.6928 73.437 69.8552 0.0 78.0256 79.6304 65.6749 105.335 104.104 51.923 53.9296 109.132 59.1988 77.3692 43.0465 92.0541 89.7385 110.225 24.1868 40.9275 62.5859 104.104 93.4077 85.1587 88.0857 89.3837 69.0072 91.4342 72.1249 79.79 108.133 9.48683 43.566 97.3013 86.7941 91.2878 86.7006 29.1204 72.2763 74.3307 45.4877 5.0 41.6173 55.7315 78.3726 
40.673 46.5305 84.006 55.6597 75.0 46.8188 58.0775 63.1981 26.0768 95.1611 38.4838 58.1808 10.6301 50.0899 77.5388 72.8011 7.81025 56.501 78.0256 0.0 8.06226 58.614 46.8402 55.2268 32.249 41.3633 56.8859 75.3246 95.18 35.2278 26.9258 21.9317 70.1142 58.6941 71.442 87.3293 60.1332 25.9422 13.4164 62.9365 87.2067 9.48683 27.5136 89.0525 49.6488 54.7449 81.3019 36.1386 45.0444 26.3059 73.6817 15.2643 50.3587 59.1605 71.1014 66.4802 73.0274 69.8183 87.0423 60.8276 
37.9529 40.2492 85.4751 48.4665 76.4199 45.7056 50.04 55.3263 20.5183 92.441 43.2666 51.4782 7.07107 42.19 76.9368 65.7951 6.32456 50.2197 79.6304 8.06226 0.0 60.3102 38.8973 47.1699 37.6431 38.6431 48.8365 72.6045 90.2398 37.9473 19.2354 14.4222 62.0725 62.0322 68.7561 84.6091 52.0865 18.6011 6.40312 55.7136 80.6226 14.8661 19.6977 85.9561 42.5441 46.6905 82.0061 39.8121 37.0135 18.2483 66.4831 22.1359 51.0392 52.8792 64.8201 63.7943 74.6726 67.1324 84.3221 54.3783 
19.2066 20.1529 72.5961 32.4951 62.0835 28.5407 52.2396 48.1096 40.6818 51.4072 59.0096 27.8087 65.4827 47.9089 53.3058 40.5261 51.1645 18.1803 65.6749 58.614 60.3102 0.0 64.0973 53.8378 59.6118 17.7703 58.8656 31.2074 50.566 47.0125 56.5351 57.8076 59.4976 61.231 29.5869 43.2353 53.6476 58.9713 60.4808 36.4109 49.107 54.4403 55.2814 44.4433 29.8254 57.8672 64.9759 52.0111 54.98 50.4751 43.4005 73.1183 40.1059 20.6015 31.0208 24.6251 61.3983 27.9632 44.1214 26.6977 
51.6835 42.7393 110.854 32.479 101.899 68.8761 16.4012 25.4558 35.4683 87.7578 77.6209 39.3839 38.3275 16.7631 102.106 45.2769 42.9535 47.9576 105.335 46.8402 38.8973 64.0973 0.0 12.8062 73.4983 57.5326 11.4018 72.7261 77.3427 68.593 20.2237 25.318 26.5707 91.5708 78.3872 79.7202 17.4929 22.0227 33.7343 35.3425 61.5873 52.8015 19.4165 73.7074 34.5731 9.84886 110.797 72.2496 11.0 21.0238 43.8292 58.2151 76.2188 47.998 52.7023 74.7223 100.563 76.3313 85.4366 43.2844 
44.7959 35.6716 109.062 22.2195 100.512 66.0754 3.60555 12.8062 38.1113 77.3593 81.498 29.0689 48.0937 9.43398 93.1437 33.6155 50.01 37.6982 104.104 55.2268 47.1699 53.8378 12.8062 0.0 78.2943 50.6431 5.09902 62.3275 66.4831 71.4988 30.4138 35.2278 15.0333 94.1379 69.4248 69.3216 5.09902 32.7567 43.0116 24.5153 49.6488 59.6657 29.2746 63.1506 24.3137 4.12311 104.814 75.5544 10.4403 29.0172 31.7648 68.0661 77.5368 37.7386 42.3038 64.4629 99.8272 67.801 75.038 33.0151 
45.0444 54.231 57.9741 70.0039 49.6488 35.7771 80.2331 82.3071 40.4969 90.0275 7.0 69.1158 42.72 70.7253 62.2896 84.0238 31.8277 62.0725 51.923 32.249 37.6431 59.6118 73.4983 78.2943 0.0 42.19 81.4125 72.2574 94.2444 13.8924 55.9017 51.6236 91.8828 29.0689 57.2352 83.7466 82.4631 55.8659 44.0454 76.531 94.6682 23.0217 55.9732 87.9204 64.1688 79.177 57.7754 9.89949 67.9779 52.8015 86.1452 36.1248 31.1127 65.123 77.4199 62.4118 47.1275 55.3012 81.059 70.0 
6.7082 15.0 58.8875 30.8869 50.3383 15.6205 49.0448 45.8039 25.4558 53.8145 42.107 28.1603 45.6396 44.7141 53.9615 42.4264 33.9139 20.025 53.9296 41.3633 38.6431 17.7703 57.5326 50.6431 42.19 0.0 55.6708 33.9706 54.2033 30.1496 48.1293 45.9702 56.8507 47.1699 30.2426 45.9674 50.6431 49.5122 42.7225 36.4005 52.4828 37.0135 47.5094 48.0208 26.4008 54.6724 53.5653 35.1283 49.4984 42.8693 44.911 55.8659 26.9072 23.0 35.2345 25.2808 49.6531 28.6189 45.8039 28.2843 
49.8236 40.6993 114.089 27.2473 105.54 71.1032 7.28011 16.5529 41.6173 82.2291 84.9058 34.1321 49.0408 14.3178 98.1714 37.9473 52.2015 42.7259 109.132 56.8859 48.8365 58.8656 11.4018 5.09902 81.4125 55.6708 0.0 67.1974 71.0634 75.0099 31.0 36.0139 15.2315 97.6491 74.4525 74.1914 7.2111 33.0606 44.1814 29.2746 53.7122 61.9839 30.0167 67.897 29.3415 2.23607 109.842 79.0569 13.6015 30.5941 35.8469 69.029 81.7858 42.7664 47.1736 69.4907 104.855 72.8288 79.9078 38.0526 
36.4005 37.3604 60.4964 41.2723 56.404 36.8788 60.075 52.1686 59.4172 20.2485 70.1031 34.9162 82.6901 56.5378 26.4909 33.6155 67.8752 35.3878 59.1988 75.3246 72.6045 31.2074 72.7261 62.3275 72.2574 33.9706 67.1974 0.0 22.3607 58.5897 73.7425 75.0151 62.2549 65.0308 18.1108 12.0416 61.0238 76.1787 77.6883 38.0238 31.3847 70.9366 72.4889 16.1245 44.8775 66.4961 51.9843 63.3586 63.6089 67.6825 37.2156 89.829 45.2769 32.7285 20.1246 15.1327 56.2336 19.0263 14.1421 31.0238 
55.7726 51.9736 78.1089 46.5188 74.7329 58.9616 63.7887 54.9181 70.6114 17.0294 92.1859 40.3121 95.4123 61.1543 44.3847 33.3766 87.7306 41.2858 77.3692 95.18 90.2398 50.566 77.3427 66.4831 94.2444 54.2033 71.0634 22.3607 0.0 80.6536 85.7046 86.9794 63.0714 87.023 40.05 14.8661 64.3273 88.2716 90.4104 42.0595 20.6155 91.0002 84.451 6.32456 50.2734 70.6045 69.5701 85.44 68.2254 79.731 36.1248 109.684 67.6018 38.1244 25.5539 37.4833 76.2955 41.3038 22.3607 36.4197 
34.2053 43.6807 49.0918 59.7746 40.1995 21.9317 73.3588 74.0661 33.4215 76.2113 12.0 58.0517 44.3847 63.851 48.7955 72.5603 31.6228 50.1597 43.0465 35.2278 37.9473 47.0125 68.593 71.4988 13.8924 30.1496 75.0099 58.5897 80.6536 0.0 53.535 50.1199 85.0466 24.1661 43.419 70.0789 75.5888 54.2033 44.0114 65.9697 82.0975 26.0192 53.2541 74.3303 54.6557 72.8048 47.2969 5.0 61.4087 49.2037 74.9667 43.9318 18.0278 53.0848 64.0312 48.744 38.0526 41.4851 67.2428 58.4209 
45.195 36.4741 97.573 44.2053 88.6176 55.5947 33.7343 40.8534 24.1868 93.9423 60.8769 46.1766 18.1108 28.178 87.1689 57.1893 24.2074 46.4327 92.0541 26.9258 19.2354 56.5351 20.2237 30.4138 55.9017 48.1293 31.0 73.7425 85.7046 53.535 0.0 5.09902 45.3982 77.5242 71.8987 85.7704 35.5106 2.82843 13.6015 47.0688 73.5862 33.8378 1.41421 81.4209 36.8622 29.0172 93.104 56.4004 21.5407 6.08276 56.1989 38.0526 62.9374 48.9737 60.285 66.9368 87.2812 69.8428 86.4332 49.4532 
46.6909 37.7466 95.3415 44.0182 86.3481 53.4355 38.4708 45.2217 23.0868 95.2148 56.8507 47.4514 13.0384 32.311 85.0097 61.1138 19.799 47.7074 89.7385 21.9317 14.4222 57.8076 25.318 35.2278 51.6236 45.9702 36.0139 75.0151 86.9794 50.1199 5.09902 0.0 50.2494 74.2428 76.0831 87.043 40.3113 4.24264 8.544 50.9932 76.5512 29.2062 6.0 82.6957 38.137 34.0 90.9448 52.6972 25.9615 7.81025 60.1234 33.0151 60.6383 50.2485 61.5597 68.4327 84.8999 74.4594 87.929 50.728 
51.0052 41.8688 118.094 27.0185 106.633 72.2496 12.0416 11.4018 51.6211 76.4199 95.2836 32.7567 63.1269 21.1896 88.6492 30.0666 64.6297 42.4382 110.225 70.1142 62.0725 59.4976 26.5707 15.0333 91.8828 56.8507 15.2315 62.2549 63.0714 85.0466 45.3982 50.2494 0.0 103.895 75.0845 68.884 10.0 47.676 58.0345 25.0799 43.7379 74.1485 44.2832 61.0737 30.4795 16.7631 110.474 89.0537 25.0799 44.0 27.0 83.0963 83.7377 41.6773 42.2019 70.1227 105.948 73.4608 74.9533 35.7771 
53.0094 62.1289 29.9666 78.032 22.8035 32.6956 96.0876 92.9139 56.1272 77.4661 22.0907 74.686 68.3081 91.7569 45.8803 87.7571 55.7136 65.3911 24.1868 58.6941 62.0322 61.231 91.5708 94.1379 29.0689 47.1699 97.6491 65.0308 87.023 24.1661 77.5242 74.2428 103.895 0.0 47.0 73.3609 97.6858 78.2943 68.1542 83.1865 93.8428 49.2443 77.1751 81.0 73.4983 95.4439 31.8904 22.561 84.0479 72.9452 90.6315 65.0077 21.1896 67.8325 76.6599 50.1597 20.0 46.0977 68.0661 73.9256 
34.1322 35.7399 43.9107 48.082 37.6369 26.0007 67.8265 63.6965 55.5688 32.7964 53.7214 43.3956 75.7525 63.4958 23.3968 47.0115 63.8399 33.7673 40.9275 71.442 68.7561 29.5869 78.3872 69.4248 57.2352 30.2426 74.4525 18.1108 40.05 43.419 71.8987 76.0831 75.0845 47.0 0.0 26.9258 69.2345 74.5582 72.8355 51.2053 48.4665 66.714 70.5796 34.0 45.4124 73.4542 36.2905 47.5414 70.5669 66.062 50.6065 85.9193 27.8927 36.1884 33.6006 5.0 38.4838 3.16228 23.8279 44.2053 
48.4149 49.3883 63.2456 48.2663 60.0167 48.368 67.0691 59.1354 69.9172 8.544 80.5401 41.9103 94.718 63.5318 29.6142 39.0512 79.8799 47.4157 62.5859 87.3293 84.6091 43.2353 79.7202 69.3216 83.7466 45.9674 74.1914 12.0416 14.8661 70.0789 85.7704 87.043 68.884 73.3609 26.9258 0.0 68.0074 88.3374 89.7162 45.0111 31.4006 82.8794 84.5168 10.6301 51.8716 73.4161 54.7083 74.36 70.6029 79.7104 42.45 101.834 54.8179 39.7226 27.0185 25.4951 61.6604 28.7924 7.81025 38.0179 
44.7959 35.6716 109.062 22.1359 100.512 66.0754 2.23607 9.48683 42.2014 76.0263 85.588 28.8617 53.1507 12.2066 92.9534 31.0483 54.7449 37.6962 104.104 60.1332 52.0865 53.6476 17.4929 5.09902 82.4631 50.6431 7.2111 61.0238 64.3273 75.5888 35.5106 40.3113 10.0 97.6858 69.2345 68.0074 0.0 37.855 48.0416 23.0 46.6154 64.3273 34.3657 61.4003 24.3137 7.81025 104.814 79.6444 15.1327 34.0 28.7924 73.1095 77.5368 37.6431 41.0 64.2727 99.8272 67.6108 73.7343 32.5576 
47.8546 38.9103 98.9545 46.9555 89.9889 56.9776 36.1386 43.4626 26.0192 96.5093 61.0737 48.7436 16.4924 30.8869 88.5518 59.9395 24.0416 48.9997 93.4077 25.9422 18.6011 58.9713 22.0227 32.7567 55.8659 49.5122 33.0606 76.1787 88.2716 54.2033 2.82843 4.24264 47.676 78.2943 74.5582 88.3374 37.855 0.0 12.53 49.819 76.3364 33.4215 4.24264 83.9879 39.4292 31.1448 94.4868 56.8595 24.1661 8.544 58.9491 36.2215 64.2884 51.5407 62.8519 69.5964 88.6002 72.5023 89.0927 52.0202 
42.0322 40.4198 90.934 47.3706 81.8841 50.1597 46.0977 52.1728 22.3607 97.888 49.6488 50.8035 5.38516 39.0512 81.7621 64.7469 12.53 50.3903 85.1587 13.4164 6.40312 60.4808 33.7343 43.0116 44.0454 42.7225 44.1814 77.6883 90.4104 44.0114 13.6015 8.544 58.0345 68.1542 72.8355 89.7162 48.0416 12.53 0.0 54.617 79.9036 21.2132 14.3178 86.1267 41.4894 42.107 87.1436 46.0652 33.2415 14.1421 65.386 25.0799 56.3205 53.0498 64.7809 67.8736 80.2309 71.2117 88.4015 54.037 
31.7805 22.3607 95.007 7.28011 84.4944 50.6063 22.0907 14.3178 38.3275 53.0377 77.666 8.60233 59.8605 19.1541 64.4182 10.6301 55.7853 18.4391 88.0857 62.9365 55.7136 36.4109 35.3425 24.5153 76.531 36.4005 29.2746 38.0238 42.0595 65.9697 47.0688 50.9932 25.0799 83.1865 51.2053 45.0111 23.0 49.819 54.617 0.0 26.9072 63.7887 45.6985 38.6394 13.3417 28.6356 87.3868 70.8308 26.2252 43.4678 10.7703 77.8332 62.2656 17.0294 18.0 46.4109 83.8092 50.3741 50.7343 10.8167 
50.6952 43.0813 91.3022 33.3017 86.0931 62.2013 46.5188 37.1618 61.3382 36.6742 94.0851 29.1548 85.1469 45.6716 57.2967 16.4012 79.6241 32.9848 89.3837 87.2067 80.6226 49.107 61.5873 49.6488 94.6682 52.4828 53.7122 31.3847 20.6155 82.0975 73.5862 76.5512 43.7379 93.8428 48.4665 31.4006 46.6154 76.3364 79.9036 26.9072 0.0 86.6341 72.216 21.095 38.6005 53.6656 82.7901 87.0919 52.7427 69.3028 17.8885 102.421 72.8354 29.8329 18.1108 44.2719 86.94 48.3839 39.0512 26.4008 
36.4994 45.9167 75.0267 56.5685 66.0681 39.8246 62.1691 66.1211 25.4951 90.5207 29.0689 57.9741 19.7231 53.3385 70.0407 73.0068 9.84886 54.2063 69.0072 9.48683 14.8661 54.4403 52.8015 59.6657 23.0217 37.0135 61.9839 70.9366 91.0002 26.0192 33.8378 29.2062 74.1485 49.2443 66.714 82.8794 64.3273 33.4215 21.2132 63.7887 86.6341 0.0 34.1321 84.8764 50.4876 59.7746 72.6911 26.6833 49.2443 31.7805 74.3303 19.7231 41.9762 57.3684 70.0675 61.7521 64.0078 65.0903 82.28 60.2336 
43.8759 35.2205 96.9531 42.835 87.9977 54.9748 32.5576 39.5601 23.3452 92.6886 60.8276 44.923 19.0263 26.8328 94.2985 55.8191 24.4131 45.1791 91.4342 27.5136 19.6977 55.2814 19.4165 29.2746 55.9732 47.5094 30.0167 72.4889 84.451 53.2541 1.41421 6.0 44.2832 77.1751 70.5796 84.5168 34.3657 4.24264 14.3178 45.6985 72.216 34.1321 0.0 80.1673 35.6086 28.0 92.4841 56.2228 20.2485 5.0 54.8287 39.0128 62.3175 47.72 59.0313 65.6177 86.6614 68.5237 85.114 48.1995 
49.6498 47.6898 73.1642 42.3844 69.3758 52.6442 60.6712 52.1536 66.3277 15.8114 85.8685 36.0284 91.1286 57.5191 39.2173 31.0161 81.6031 37.002 72.1249 89.0525 85.9561 44.4433 73.7074 63.1506 87.9204 48.0208 67.897 16.1245 6.32456 74.3303 81.4209 82.6957 61.0737 81.0 34.0 10.6301 61.4003 83.9879 86.1267 38.6394 21.095 84.8764 80.1673 0.0 45.9897 67.2681 64.622 79.1202 64.5901 75.4472 34.1321 103.557 61.4003 33.8406 21.1896 31.257 70.8308 35.1283 18.4391 32.1359 
20.6143 11.4018 84.7479 6.08276 76.1987 41.7732 22.7155 19.4165 25.0799 59.9092 66.1878 10.0 46.733 18.3848 69.1313 23.2594 42.45 15.0333 79.79 49.6488 42.5441 29.8254 34.5731 24.3137 64.1688 26.4008 29.3415 44.8775 50.2734 54.6557 36.8622 38.137 30.4795 73.4983 45.4124 51.8716 24.3137 39.4292 41.4894 13.3417 38.6005 50.4876 35.6086 45.9897 0.0 28.3431 79.0282 59.434 25.4558 30.8885 24.0416 64.622 53.2635 16.1245 24.8537 40.4505 75.5135 43.7886 57.588 13.8924 
55.0454 39.701 113.091 26.2489 104.542 72.238 7.2111 16.6433 39.4081 81.4538 82.6801 33.1539 47.0106 12.6491 97.1731 37.6962 50.0 41.7276 108.133 54.7449 46.6905 57.8672 9.84886 4.12311 79.177 54.6724 2.23607 66.4961 70.6045 72.8048 29.0172 34.0 16.7631 95.4439 73.4542 73.4161 7.81025 31.1448 42.107 28.6356 53.6656 59.7746 28.0 67.2681 28.3431 0.0 108.843 76.844 11.4018 28.4429 35.7771 67.0075 79.5807 41.768 46.3982 68.4923 103.857 71.8304 79.2066 37.0544 
60.2157 68.1403 8.544 83.471 9.21954 38.1418 103.216 99.0855 70.4305 55.7315 51.4296 78.7846 89.0 98.8848 25.4951 83.0571 76.0066 69.1563 9.48683 81.3019 82.0061 64.9759 110.797 104.814 57.7754 53.5653 109.842 51.9843 69.5701 47.2969 93.104 90.9448 110.474 31.8904 36.2905 54.7083 104.814 94.4868 87.1436 87.3868 82.7901 72.6911 92.4841 64.622 79.0282 108.843 0.0 48.7032 102.762 87.844 86.6521 91.2195 31.0161 71.5774 69.6937 40.8508 12.0416 37.0137 47.5395 77.6736 
39.0512 48.5077 49.6488 64.56 41.0 26.5707 77.4145 78.3813 37.4433 80.3336 7.0 62.9682 45.8803 67.9066 52.4023 77.5242 33.541 55.1453 43.566 36.1386 39.8121 52.0111 72.2496 75.5544 9.89949 35.1283 79.0569 63.3586 85.44 5.0 56.4004 52.6972 89.0537 22.561 47.5414 74.36 79.6444 56.8595 46.0652 70.8308 87.0919 26.6833 56.2228 79.1202 59.434 76.844 48.7032 0.0 65.4599 52.4023 79.9062 43.1856 21.2132 58.0775 69.029 53.5129 38.6394 45.6074 71.3652 63.3877 
43.6493 36.8137 102.82 23.3617 93.8648 60.8419 13.0384 19.3132 28.0179 78.6406 71.3442 30.2667 38.4708 7.07107 94.2858 36.3457 39.6232 38.8403 97.3013 45.0444 37.0135 54.98 11.0 10.4403 67.9779 49.4984 13.6015 63.6089 68.2254 61.4087 21.5407 25.9615 25.0799 84.0479 70.5669 70.6029 15.1327 24.1661 33.2415 26.2252 52.7427 49.2443 20.2485 64.5901 25.4558 11.4018 102.762 65.4599 0.0 19.105 35.3553 58.3095 68.1846 38.8808 43.5851 65.6051 92.5285 68.9432 76.3193 34.1671 
39.3583 30.4141 92.313 36.7697 83.3576 50.3347 32.0156 38.0789 18.4391 87.8823 57.3149 40.2029 19.4165 25.0 89.7809 54.1461 21.9317 40.4591 86.7941 26.3059 18.2483 50.4751 21.0238 29.0172 52.8015 42.8693 30.5941 67.6825 79.731 49.2037 6.08276 7.81025 44.0 72.9452 66.062 79.7104 34.0 8.544 14.1421 43.4678 69.3028 31.7805 5.0 75.4472 30.8885 28.4429 87.844 52.4023 19.105 0.0 52.5979 39.2046 57.6775 43.0 54.3113 61.1001 82.0213 64.0061 80.5965 43.4795 
41.1096 32.0 94.2723 18.0278 87.9624 57.9412 28.6356 19.3132 48.8365 49.6488 86.8332 17.0294 70.6296 28.2843 63.8194 3.60555 66.4831 25.2982 91.2878 73.6817 66.4831 43.4005 43.8292 31.7648 86.1452 44.911 35.8469 37.2156 36.1248 74.9667 56.1989 60.1234 27.0 90.6315 50.6065 42.45 28.7924 58.9491 65.386 10.7703 17.8885 74.3303 54.8287 34.1321 24.0416 35.7771 86.6521 79.9062 35.3553 52.5979 0.0 88.6002 69.5064 22.8473 17.2047 45.8121 88.6023 49.6879 49.0408 16.7631 
55.1774 61.776 92.7793 70.5762 84.0119 59.5399 71.1758 77.1038 41.3401 109.659 43.1045 73.3485 20.0 63.9531 89.6494 87.8465 23.0217 71.7465 86.7006 15.2643 22.1359 73.1183 58.2151 68.0661 36.1248 55.8659 69.029 89.829 109.684 43.9318 38.0526 33.0151 83.0963 65.0077 85.9193 101.834 73.1095 36.2215 25.0799 77.8332 102.421 19.7231 39.0128 103.557 64.622 67.0075 91.2195 43.1856 58.3095 39.2046 88.6002 0.0 61.0328 74.406 86.3469 80.9574 81.7435 84.2955 101.485 76.0592 
33.2415 41.8688 34.7131 57.4282 25.7099 11.6619 75.9386 72.6223 40.2639 60.6292 26.6271 53.7122 58.0086 71.6079 31.241 66.632 45.0 44.2832 29.1204 50.3587 51.0392 40.1059 76.2188 77.5368 31.1127 26.9072 81.7858 45.2769 67.6018 18.0278 62.9374 60.6383 83.7377 21.1896 27.8927 54.8179 77.5368 64.2884 56.3205 62.2656 72.8354 41.9762 62.3175 61.4003 53.2635 79.5807 31.0161 21.2132 68.1846 57.6775 69.5064 61.0328 0.0 46.7074 55.5428 30.1496 24.3516 26.3059 51.6607 52.8036 
20.8806 14.2127 79.1976 15.5242 68.685 35.1421 36.1386 30.4138 33.2508 47.7602 65.0692 8.94427 58.0517 31.8097 59.9073 19.9249 51.5403 3.16228 72.2763 59.1605 52.8792 20.6015 47.998 37.7386 65.123 23.0 42.7664 32.7285 38.1244 53.0848 48.9737 50.2485 41.6773 67.8325 36.1884 39.7226 37.6431 51.5407 53.0498 17.0294 29.8329 57.3684 47.72 33.8406 16.1245 41.768 71.5774 58.0775 38.8808 43.0 22.8473 74.406 46.7074 0.0 12.7047 31.2266 67.9997 34.5647 45.439 6.40312 
33.573 26.5539 77.3139 21.2485 71.0211 44.5533 40.0512 32.1403 45.1918 35.0571 76.0263 14.8924 69.884 36.514 46.5416 13.6015 63.4812 15.8661 74.3307 71.1014 64.8201 31.0208 52.7023 42.3038 77.4199 35.2345 47.1736 20.1246 25.5539 64.0312 60.285 61.5597 42.2019 76.6599 33.6006 27.0185 41.0 62.8519 64.7809 18.0 18.1108 70.0675 59.0313 21.1896 24.8537 46.3982 69.6937 69.029 43.5851 54.3113 17.2047 86.3469 55.5428 12.7047 0.0 28.8444 71.6938 32.7567 32.7567 11.0 
29.1703 30.778 48.471 43.1202 42.19 27.0332 62.8647 58.7347 50.607 32.2025 55.4666 38.4337 70.7907 58.534 27.957 42.2171 59.065 28.8054 45.4877 66.4802 63.7943 24.6251 74.7223 64.4629 62.4118 25.2808 69.4907 15.1327 37.4833 48.744 66.9368 68.4327 70.1227 50.1597 5.0 25.4951 64.2727 69.5964 67.8736 46.4109 44.2719 61.7521 65.6177 31.257 40.4505 68.4923 40.8508 53.5129 65.6051 61.1001 45.8121 80.9574 30.1496 31.2266 28.8444 0.0 42.9418 4.12311 23.3531 39.4109 
56.3028 64.228 11.0454 79.2924 2.82843 34.1321 98.2289 94.7003 64.6078 64.0078 40.4969 75.2069 81.4985 93.8982 32.1403 85.0074 68.469 65.5786 5.0 73.0274 74.6726 61.3983 100.563 99.8272 47.1275 49.6531 104.855 56.2336 76.2955 38.0526 87.2812 84.8999 105.948 20.0 38.4838 61.6604 99.8272 88.6002 80.2309 83.8092 86.94 64.0078 86.6614 70.8308 75.5135 103.857 12.0416 38.6394 92.5285 82.0213 88.6023 81.7435 24.3516 67.9997 71.6938 42.9418 0.0 38.9487 55.1453 74.096 
32.5084 33.8102 44.6339 46.4583 38.2753 24.0667 66.2028 62.0728 53.9451 34.9925 51.7874 41.7718 74.1288 61.8721 24.12 46.0929 62.2161 32.1435 41.6173 69.8183 67.1324 27.9632 76.3313 67.801 55.3012 28.6189 72.8288 19.0263 41.3038 41.4851 69.8428 74.4594 73.4608 46.0977 3.16228 28.7924 67.6108 72.5023 71.2117 50.3741 48.3839 65.0903 68.5237 35.1283 43.7886 71.8304 37.0137 45.6074 68.9432 64.0061 49.6879 84.2955 26.3059 34.5647 32.7567 4.12311 38.9487 0.0 26.024 43.2866 
49.2443 50.2744 56.0446 53.9827 53.3385 49.8245 72.7855 64.8791 71.1348 9.48683 77.5235 47.6267 91.3186 69.2482 23.0217 45.5412 79.5929 48.3018 55.7315 87.0423 84.3221 44.1214 85.4366 75.038 81.059 45.8039 79.9078 14.1421 22.3607 67.2428 86.4332 87.929 74.9533 68.0661 23.8279 7.81025 73.7343 89.0927 88.4015 50.7343 39.0512 82.28 85.114 18.4391 57.588 79.2066 47.5395 71.3652 76.3193 80.5965 49.0408 101.485 51.6607 45.439 32.7567 23.3531 55.1453 26.024 0.0 43.7343 
25.0799 16.7631 85.2939 11.0454 74.7812 41.2311 31.257 24.6982 34.9377 46.0555 70.3491 4.12311 59.203 27.0961 57.4182 14.1421 53.2259 8.544 78.3726 60.8276 54.3783 26.6977 43.2844 33.0151 70.0 28.2843 38.0526 31.0238 36.4197 58.4209 49.4532 50.728 35.7771 73.9256 44.2053 38.0179 32.5576 52.0202 54.037 10.8167 26.4008 60.2336 48.1995 32.1359 13.8924 37.0544 77.6736 63.3877 34.1671 43.4795 16.7631 76.0592 52.8036 6.40312 11.0 39.4109 74.096 43.2866 43.7343 0.0 
DEMAND_SCENARIO_SECTION
0 0 0 0 0 0 0 0 0 0 0 0 0 0 0 0 0 0 0 0 0 0 0 0 0 0 0 0 0 0 0 0 0 0 0 0 0 0 0 0 0 0 0 0 0 0 0 0 0 0 0 0 0 0 0 0 0 0 0 0 0 0 0 0 0 0 0 0 0 0 0 0 0 0 0 0 0 0 0 0 0 0 0 0 0 0 0 0 0 0 0 0 0 0 0 0 0 0 0 0 0 0 0 0 0 0 0 0 0 0 0 0 0 0 0 0 0 0 0 0 0 0 0 0 0 0 0 0 0 0 0 0 0 0 0 0 0 0 0 0 0 0 0 0 0 0 0 0 0 0 0 0 0 0 0 0 0 0 0 0 0 0 0 0 0 0 0 0 0 0 0 0 0 0 0 0 0 0 0 0 0 0 0 0 0 0 0 0 0 0 0 0 0 0 0 0 0 0 0 0 
7 5 3 4 9 8 5 8 7 3 5 9 11 7 7 5 6 7 5 4 5 6 6 6 8 6 4 5 6 6 3 7 8 7 10 5 6 9 6 5 5 6 6 5 3 8 7 5 5 3 3 5 8 3 5 4 10 9 9 6 8 3 6 8 9 4 6 4 8 6 3 7 6 4 7 6 4 5 6 12 9 1 7 7 6 4 8 3 6 0 3 5 6 8 6 3 6 6 6 5 6 5 2 5 10 6 5 5 5 7 6 7 6 7 7 10 3 6 7 3 6 3 9 9 5 6 6 7 6 8 6 3 6 2 5 6 6 7 9 6 6 2 5 7 5 6 9 6 11 6 5 7 5 9 9 5 4 6 4 5 5 7 5 5 4 5 8 9 7 9 7 4 5 5 10 9 7 7 6 7 3 9 9 5 5 2 7 8 6 7 4 2 6 4 3 3 6 3 4 1 
9 12 7 8 1 5 9 6 10 5 8 1 11 6 12 7 7 9 9 8 12 12 5 10 10 8 10 9 15 12 7 14 5 10 13 10 6 11 6 6 11 8 8 10 8 10 8 9 14 12 10 8 13 13 10 12 11 15 8 6 7 0 6 10 12 10 7 11 5 12 11 13 10 9 11 5 10 10 12 9 14 9 11 17 9 8 14 6 9 11 9 8 8 7 4 8 11 14 10 12 9 13 8 7 1 10 8 5 12 8 0 7 9 11 15 10 10 10 4 6 9 10 9 11 6 13 10 8 7 5 8 10 6 8 9 13 11 5 11 9 5 7 11 6 11 11 12 9 12 8 7 7 8 11 10 8 12 5 13 11 7 9 4 8 5 12 12 10 10 14 6 8 9 8 7 10 14 6 10 6 5 12 5 12 9 8 6 3 8 14 11 11 8 8 7 4 8 9 9 15 
1 2 3 1 2 2 2 3 2 2 1 2 3 2 1 1 2 2 2 3 2 2 1 2 2 2 1 3 2 2 3 2 2 2 2 2 3 1 3 3 2 2 3 2 2 3 2 3 3 2 3 2 1 2 1 2 1 3 3 2 1 2 2 2 3 3 3 2 2 2 3 3 2 2 1 2 2 2 2 2 2 1 2 2 1 1 3 2 2 2 3 2 1 2 2 3 2 3 2 3 2 2 3 3 1 2 2 3 3 1 2 1 1 2 2 2 2 2 1 1 4 3 2 2 3 1 3 3 2 2 1 1 3 2 3 2 2 3 2 3 3 1 3 2 1 2 2 3 1 2 2 2 2 2 1 3 2 2 1 4 3 1 2 2 1 2 1 2 2 1 2 1 2 2 1 2 2 3 1 2 1 2 2 1 2 3 3 2 2 2 2 3 2 2 2 2 2 2 2 1 
12 8 7 9 12 6 9 8 12 7 7 8 3 8 12 8 9 4 10 8 10 6 9 12 4 10 10 11 6 6 10 5 11 14 14 9 6 7 9 8 4 7 9 7 11 6 8 7 7 11 5 6 9 8 7 11 9 9 7 10 11 8 4 10 15 7 10 10 8 3 4 10 9 4 8 6 13 4 9 6 8 7 10 10 7 9 9 5 5 10 8 10 9 4 9 11 10 10 9 11 6 8 9 9 11 7 6 8 6 7 9 11 7 10 10 5 9 7 6 9 9 7 13 3 4 7 3 11 12 6 10 7 10 12 7 7 7 9 5 9 11 11 7 10 5 6 11 12 5 7 4 5 7 5 10 6 7 10 13 10 12 8 11 7 3 7 6 9 6 4 14 10 3 9 9 6 11 7 8 7 13 11 8 10 11 11 7 9 12 10 10 3 10 10 7 4 8 12 7 7 
10 3 10 6 12 4 4 6 5 11 5 10 8 9 14 6 9 7 5 10 11 5 11 10 7 7 1 5 3 8 6 5 8 11 5 3 8 6 4 9 7 6 6 8 5 10 8 9 6 6 11 9 11 7 5 6 11 10 9 6 4 6 8 6 9 8 6 9 7 6 8 3 6 10 7 6 7 6 8 11 7 8 5 6 7 3 14 7 6 3 10 4 6 5 9 6 10 9 4 7 6 6 7 12 7 5 4 3 8 5 7 9 7 5 5 0 3 8 4 4 6 10 6 8 3 4 10 8 7 6 12 2 11 8 6 8 9 9 8 8 9 6 9 6 4 10 4 4 7 8 11 7 6 5 4 7 10 5 10 6 6 2 5 8 9 2 6 7 3 8 6 5 4 11 7 10 5 10 3 7 3 3 6 2 5 5 6 10 7 4 6 11 6 5 8 9 5 5 10 2 
9 9 10 11 9 9 8 5 9 6 1 10 5 5 10 7 10 9 11 6 10 7 6 6 5 9 8 9 5 10 7 6 5 8 8 6 9 8 8 6 10 6 3 6 6 8 10 8 6 9 4 4 11 3 5 6 5 3 7 9 8 7 4 5 10 7 9 7 3 7 10 5 6 6 10 4 7 5 5 10 8 7 10 8 7 6 7 10 6 6 7 6 12 2 4 5 9 9 3 8 8 4 4 10 8 6 5 6 10 7 8 10 4 7 4 7 11 7 6 5 12 6 7 6 5 3 6 7 7 4 4 6 7 7 4 3 6 7 8 7 7 6 8 5 2 6 10 7 5 4 6 5 7 6 8 6 6 10 7 5 6 6 2 7 8 8 9 7 5 8 9 10 6 7 5 10 6 5 10 8 10 5 5 9 11 8 7 11 5 12 8 7 6 6 10 7 5 10 5 10 
7 9 1 7 11 8 6 6 6 6 9 8 7 6 9 9 6 6 3 5 5 7 2 7 9 7 5 8 12 5 5 11 9 6 11 10 8 3 12 6 7 7 5 5 7 6 9 9 6 11 7 7 5 5 8 5 6 6 9 8 6 7 6 10 6 3 9 8 7 11 8 8 8 6 7 7 9 7 8 5 11 4 9 5 10 8 6 11 9 6 6 9 9 8 7 11 3 14 10 6 3 10 5 7 7 6 6 2 8 9 8 8 10 8 4 10 5 4 7 10 4 6 8 7 10 5 2 5 9 10 4 6 5 6 5 10 11 8 11 7 8 3 6 4 8 6 5 12 4 6 10 8 6 4 6 3 14 10 5 3 10 5 10 4 6 6 13 12 3 5 8 7 8 3 9 7 4 13 4 9 3 9 8 9 7 6 8 8 5 13 8 7 2 6 8 2 8 8 3 6 
9 6 9 10 7 10 11 9 8 14 9 9 13 6 6 10 9 7 7 11 7 6 7 8 5 6 10 9 8 11 5 8 7 1 6 12 7 9 5 5 11 11 11 9 5 8 7 10 7 7 8 9 12 10 6 12 11 9 3 11 12 6 4 9 4 9 7 10 5 9 8 9 4 13 7 9 5 9 10 7 6 4 11 9 7 3 7 7 10 9 10 8 9 7 5 10 8 5 10 5 6 9 8 5 7 11 8 7 4 11 7 6 4 7 8 4 9 13 6 7 8 8 7 12 8 5 10 12 8 10 3 11 7 4 5 8 9 9 8 8 5 11 2 11 9 6 7 6 5 7 5 6 10 3 7 7 9 1 7 9 7 9 7 3 8 10 6 9 8 8 7 6 4 4 6 9 5 5 8 2 10 8 10 6 8 8 10 3 9 8 9 6 6 5 5 7 13 4 7 9 
6 6 9 5 2 5 9 10 7 6 6 5 3 4 10 9 7 11 11 9 10 14 8 8 5 10 6 6 8 4 9 5 6 7 7 7 8 8 11 8 7 5 8 8 9 7 6 7 8 5 5 7 7 4 8 9 4 6 6 6 7 10 6 8 10 7 5 5 5 11 6 12 12 7 3 7 5 9 5 7 11 6 7 7 8 9 5 14 7 10 7 8 5 5 8 8 5 8 7 7 7 6 7 5 6 3 13 8 7 3 5 4 6 6 5 7 7 3 6 6 5 5 10 6 8 5 8 5 6 7 5 10 7 5 3 5 8 7 6 10 7 6 6 10 5 8 7 4 8 9 8 9 9 12 9 2 11 2 7 9 9 3 6 6 5 6 6 5 3 7 5 8 5 8 4 6 3 6 9 10 4 8 5 8 5 7 6 12 4 8 9 8 3 7 4 1 4 5 7 5 
14 8 11 8 15 8 10 6 15 14 11 8 12 10 8 12 9 11 8 8 12 12 1 9 14 2 11 10 7 4 11 10 12 11 5 10 16 7 9 5 8 11 8 4 9 9 9 11 3 14 13 11 9 7 8 9 8 9 9 18 10 11 13 5 10 4 7 9 6 11 7 11 11 5 13 7 7 9 11 16 11 13 10 1 12 9 12 11 3 7 11 11 12 11 12 7 10 12 7 9 13 13 14 8 10 8 12 7 6 8 11 6 13 7 12 15 7 7 1 8 10 15 8 3 11 15 10 8 9 7 7 7 7 12 12 13 13 7 13 8 8 11 7 14 2 13 10 10 3 12 15 9 9 12 12 8 12 1 9 9 12 3 11 11 19 4 12 8 10 9 8 10 13 14 7 13 10 12 17 5 8 5 7 2 11 13 10 12 10 11 6 9 10 8 13 13 10 7 13 13 
16 12 11 12 10 7 6 9 5 13 16 11 9 10 13 17 4 9 11 13 9 12 10 9 8 14 9 9 9 7 9 10 8 7 19 6 13 8 8 14 15 13 11 10 8 10 10 9 9 10 11 12 8 6 7 11 11 10 12 11 6 10 14 13 14 9 12 13 7 10 10 16 13 4 4 9 10 9 13 10 3 8 1 12 11 12 6 17 9 13 10 13 9 5 13 14 13 9 8 13 12 12 7 12 4 7 11 12 13 11 12 8 11 9 15 11 11 8 6 10 15 13 8 15 9 11 14 9 5 15 14 11 7 16 7 8 11 12 18 10 10 6 9 8 11 11 16 12 7 11 10 13 11 5 17 15 14 13 13 6 6 10 7 13 14 13 7 7 12 9 10 7 15 11 9 10 13 8 7 9 12 12 11 8 10 10 4 15 5 6 11 12 10 11 13 4 11 11 11 12 
2 1 2 2 3 2 1 1 3 2 2 4 1 3 1 1 2 3 1 1 2 2 2 2 2 2 2 0 1 2 2 2 2 1 1 2 3 1 1 2 3 2 2 3 2 3 2 3 2 1 3 2 3 2 3 1 2 1 2 2 2 1 2 2 2 2 2 2 1 2 2 2 2 1 2 1 3 4 2 1 2 3 2 2 3 1 1 1 2 2 3 2 2 1 2 2 2 2 2 1 3 1 2 3 2 2 2 3 2 1 2 2 2 2 2 1 2 1 1 3 2 1 2 3 2 1 1 2 2 2 3 2 1 1 4 1 2 1 3 2 2 1 2 3 3 3 2 3 3 2 3 2 2 2 1 1 2 1 2 2 2 2 1 2 2 2 1 2 3 2 2 2 1 2 3 2 1 1 2 3 1 1 2 3 3 2 2 3 2 2 3 3 1 2 2 2 2 2 3 1 
3 2 2 2 2 3 3 1 2 1 2 3 2 2 0 3 3 1 2 1 1 2 1 2 2 2 0 2 3 2 4 2 3 1 3 3 1 2 1 2 2 1 2 3 3 2 2 3 2 2 2 1 3 2 2 1 3 3 1 2 3 2 3 2 3 2 1 2 1 2 0 2 2 1 2 2 1 3 2 2 2 2 3 1 2 2 2 1 1 3 2 1 2 2 2 1 3 2 1 1 3 2 2 3 2 2 3 3 3 2 2 3 1 1 2 2 3 2 2 1 2 2 3 0 1 1 2 2 4 1 3 3 2 2 2 3 3 3 2 2 2 2 2 2 2 2 1 2 2 2 2 1 3 2 3 1 2 3 2 2 2 1 1 3 2 3 3 2 2 2 2 2 1 2 2 2 3 2 3 2 2 2 4 2 1 1 2 1 1 2 2 2 2 2 2 2 2 2 1 2 
8 3 5 10 6 4 10 6 10 12 7 4 1 4 7 9 8 10 8 8 10 5 7 10 9 15 11 11 9 7 8 10 11 6 8 4 5 8 8 6 7 12 7 5 3 5 9 9 5 10 4 10 9 12 8 5 8 10 9 13 6 8 7 8 8 6 9 8 7 11 9 10 6 8 8 4 11 5 8 8 8 9 6 7 5 6 6 13 7 9 8 8 6 10 6 6 9 7 6 7 12 12 8 9 8 9 9 11 1 9 9 6 3 8 8 8 8 12 6 8 7 4 6 10 7 5 6 11 8 8 4 6 7 4 11 8 7 12 6 10 10 7 10 8 11 9 12 6 6 10 7 6 11 5 12 12 9 6 8 5 9 11 7 12 5 10 5 14 10 8 3 6 12 7 6 11 7 12 4 11 7 7 7 8 7 14 12 14 9 4 2 8 11 12 7 5 9 8 10 6 
0 1 2 1 1 1 1 2 1 1 1 1 1 1 1 1 1 1 1 1 1 1 1 1 2 1 1 1 0 1 1 1 0 1 1 0 2 1 1 1 1 1 1 1 2 1 1 1 1 1 1 1 1 1 1 1 1 1 1 1 1 1 1 2 1 1 2 2 1 1 1 1 1 1 1 1 1 1 1 1 1 1 1 2 1 1 1 2 1 0 1 1 1 1 1 1 1 1 1 1 1 1 1 1 1 1 1 1 1 1 1 1 1 1 1 1 1 2 1 1 1 1 1 0 1 1 1 2 1 1 0 0 1 1 1 2 1 1 1 1 1 1 1 1 1 1 1 2 1 1 1 2 1 1 1 1 1 1 1 1 1 0 1 2 1 1 1 1 1 1 1 0 1 2 1 0 1 1 0 1 1 1 1 1 2 1 1 1 1 1 1 1 1 1 2 0 1 1 1 1 
7 6 6 6 7 4 8 9 8 9 2 6 9 1 5 6 3 6 5 7 8 7 9 6 7 8 3 6 8 8 6 5 6 2 5 4 3 10 6 5 6 8 5 7 6 4 2 8 5 7 4 5 6 5 4 7 10 7 5 5 5 6 9 8 4 8 6 10 4 8 4 4 6 3 8 5 6 3 7 6 7 8 7 5 6 7 4 4 5 9 8 5 5 11 7 6 8 8 5 8 6 10 5 1 3 8 7 5 6 5 3 5 3 6 8 7 4 9 7 2 4 6 3 7 4 9 7 6 3 6 10 4 6 3 6 6 9 7 9 4 5 5 8 5 9 4 2 9 7 7 6 6 5 6 5 6 8 5 6 6 5 5 9 7 5 6 4 6 6 9 8 8 2 3 7 6 6 6 4 6 7 8 4 8 3 8 5 5 8 9 6 4 6 10 8 10 7 4 5 3 
2 2 2 2 2 2 1 2 2 2 3 3 3 2 1 3 2 2 1 1 2 2 2 2 3 3 3 2 3 2 3 2 2 2 2 2 3 3 3 2 2 2 1 2 2 2 1 1 2 2 3 2 2 2 1 2 2 2 1 2 2 1 2 2 1 2 2 4 3 2 2 2 2 2 2 1 2 2 2 1 3 2 2 3 2 2 1 2 2 2 3 1 2 0 3 1 2 1 1 3 0 1 2 3 2 2 2 2 2 0 3 3 2 3 2 1 2 2 3 1 3 2 2 1 2 2 3 1 2 2 1 2 2 1 2 3 1 3 1 2 2 2 2 1 2 2 2 1 1 3 2 3 3 2 2 2 1 2 2 2 2 2 2 2 1 2 2 2 1 2 2 3 2 2 2 3 3 2 0 2 2 2 2 2 1 3 2 1 3 2 2 2 2 2 2 1 2 2 3 3 
6 4 3 5 5 5 3 4 2 2 2 3 4 5 6 4 4 7 4 4 3 3 3 5 4 2 3 2 3 9 3 4 4 2 3 5 4 3 2 4 2 5 4 6 2 3 5 5 7 7 6 3 6 4 4 3 1 5 2 1 3 1 1 3 4 3 4 6 5 4 4 5 4 5 5 3 3 3 6 3 4 3 5 4 3 4 4 4 2 5 5 2 4 3 5 6 2 5 3 5 6 5 3 1 3 4 4 5 2 4 6 1 3 2 3 3 7 5 2 5 6 3 7 3 3 7 5 5 4 2 4 3 3 4 4 6 3 3 4 4 1 3 3 5 3 4 4 4 1 4 5 4 3 4 5 3 4 3 4 5 5 6 4 6 2 6 4 4 4 4 3 5 4 2 4 5 3 5 6 5 5 4 6 5 4 3 3 3 5 3 4 4 6 5 3 2 2 5 2 6 
12 16 8 10 13 8 15 15 9 12 9 18 10 7 7 5 13 12 7 2 8 12 12 7 11 5 15 12 5 13 6 6 7 13 11 15 8 13 9 13 12 8 9 8 12 6 9 15 10 8 8 13 6 14 14 15 20 5 11 9 12 11 10 15 10 6 15 19 7 7 11 13 12 8 9 12 12 9 13 9 15 9 12 11 10 9 11 14 10 10 9 10 8 9 9 7 3 8 11 9 0 12 15 14 12 9 8 13 10 16 5 15 9 12 8 15 10 9 10 9 8 7 13 14 10 13 8 10 7 12 6 7 9 15 15 7 8 13 13 16 4 11 15 13 7 19 13 14 13 14 10 10 15 6 11 7 4 7 12 11 16 11 7 7 11 12 8 13 13 8 6 15 9 7 10 11 13 9 12 6 12 10 5 21 13 14 14 7 7 7 9 9 16 8 13 10 12 11 9 5 
10 9 15 6 7 7 10 12 8 8 7 8 12 9 6 2 9 11 11 8 7 15 7 12 9 10 9 7 4 3 8 12 8 11 10 11 7 7 8 9 16 7 7 9 5 5 8 7 8 7 6 13 9 8 8 0 12 5 11 6 9 7 8 14 5 8 10 8 9 4 9 8 10 12 8 11 6 6 7 6 8 6 4 5 10 4 12 10 7 7 5 14 9 8 9 6 7 6 5 12 7 11 7 5 7 8 10 8 11 6 6 6 4 3 10 5 7 7 10 15 9 10 6 11 7 8 8 7 7 7 13 7 5 9 7 4 7 4 11 13 8 12 10 9 3 10 9 6 7 9 10 11 5 14 8 9 15 8 8 9 9 10 7 10 10 7 8 9 11 6 9 4 11 12 8 5 6 4 10 9 5 7 8 7 9 10 10 6 10 10 4 7 9 8 12 13 7 9 7 8 
5 4 8 7 5 5 7 4 8 8 7 4 6 8 8 6 5 8 8 7 8 5 2 7 3 5 7 12 9 4 7 6 9 5 8 6 9 4 6 5 10 9 7 6 5 4 4 4 10 7 4 5 9 5 7 4 9 6 5 4 6 6 7 6 7 8 6 6 6 6 9 6 6 3 7 7 12 7 6 3 3 6 6 4 2 4 6 10 5 5 2 2 5 3 8 4 7 3 11 2 10 9 5 5 2 5 7 7 8 7 6 8 3 3 5 9 5 5 8 4 6 2 4 8 6 6 5 7 8 7 6 5 5 10 8 6 6 6 10 3 4 10 7 4 6 3 3 8 8 3 0 5 9 10 5 6 2 3 4 8 7 1 8 9 5 3 4 6 6 3 6 7 7 6 8 6 6 5 4 7 4 6 8 7 8 5 6 4 8 7 7 7 6 6 6 7 10 10 6 5 
