NAME  : Jabali_60_2_0.95_1_4
TYPE : SVRP
MODEL : FINITE_SUPPORT
NUMBER_OF_SCENARIOS : 200
DIMENSION : 60
EDGE_WEIGHT_TYPE : MATRIX
CAPACITY : 168
N_VEHICLES : 2
NODE_COORD_SECTION
1 3526 4078
2 7398 7291
3 3472 5363
4 1726 5961
5 3232 1945
6 3429 251
7 2737 1893
8 5630 5486
9 2759 4226
10 198 283
11 7177 3746
12 1147 5143
13 3550 7479
14 5966 3909
15 3103 7297
16 289 6351
17 5710 6070
18 6976 6378
19 1523 4016
20 220 6066
21 27 7014
22 6017 5717
23 2160 4618
24 4957 4194
25 5496 4125
26 4772 2930
27 1487 5168
28 6438 6793
29 6160 913
30 4634 1575
31 5808 6157
32 2438 18
33 6607 5277
34 7143 4153
35 2370 5120
36 3083 4025
37 3750 7220
38 4280 1935
39 1247 6438
40 7190 2493
41 2124 5486
42 2418 2052
43 6508 95
44 1262 4333
45 6972 3574
46 1980 293
47 3688 7501
48 1228 1155
49 5006 6328
50 4379 121
51 1202 7259
52 1107 749
53 5801 4804
54 5187 5464
55 3849 6254
56 5510 6043
57 1082 1244
58 739 1926
59 6724 946
60 2908 6811
DEMAND_SECTION
1 0.0
2 4.0
3 5.0
4 6.0
5 7.0
6 6.0
7 9.0
8 10.0
9 1.0
10 10.0
11 5.0
12 8.0
13 3.0
14 7.0
15 3.0
16 3.0
17 10.0
18 10.0
19 6.0
20 1.0
21 5.0
22 6.0
23 8.0
24 1.0
25 8.0
26 2.0
27 4.0
28 6.0
29 4.0
30 5.0
31 7.0
32 10.0
33 7.0
34 7.0
35 3.0
36 5.0
37 9.0
38 5.0
39 4.0
40 4.0
41 8.0
42 2.0
43 6.0
44 7.0
45 7.0
46 10.0
47 9.0
48 6.0
49 3.0
50 2.0
51 1.0
52 3.0
53 1.0
54 4.0
55 3.0
56 6.0
57 2.0
58 10.0
59 2.0
60 4.0
DEVIATION_SECTION
1 0.0
2 1.33333
3 1.66667
4 2.0
5 2.33333
6 2.0
7 3.0
8 3.33333
9 0.333333
10 3.33333
11 1.66667
12 2.66667
13 1.0
14 2.33333
15 1.0
16 1.0
17 3.33333
18 3.33333
19 2.0
20 0.333333
21 1.66667
22 2.0
23 2.66667
24 0.333333
25 2.66667
26 0.666667
27 1.33333
28 2.0
29 1.33333
30 1.66667
31 2.33333
32 3.33333
33 2.33333
34 2.33333
35 1.0
36 1.66667
37 3.0
38 1.66667
39 1.33333
40 1.33333
41 2.66667
42 0.666667
43 2.0
44 2.33333
45 2.33333
46 3.33333
47 3.0
48 2.0
49 1.0
50 0.666667
51 0.333333
52 1.0
53 0.333333
54 1.33333
55 1.0
56 2.0
57 0.666667
58 3.33333
59 0.666667
60 1.33333
DISTANCE_MATRIX
0.0 69.6563 20.8089 37.7508 39.71 59.8308 36.347 36.0555 10.6301 67.5779 50.1597 35.3553 47.4344 34.0147 46.6884 54.3785 42.3987 57.6888 27.074 53.1446 63.0013 41.8808 20.1246 21.2132 28.0713 34.544 31.9296 55.4526 66.5957 44.649 42.8445 60.0736 46.2385 50.01 25.1082 5.83095 44.269 39.0507 46.5559 54.7496 29.773 33.4892 77.2272 30.5941 48.3735 57.0855 47.3349 50.1841 45.5575 64.0655 56.7231 54.9619 33.8378 32.5576 30.2343 41.0135 49.9452 46.9627 71.9554 42.1732 
69.6563 0.0 62.7444 78.8543 89.8797 107.627 96.0767 33.9411 73.5006 137.587 48.1664 89.1852 51.0098 49.2443 57.0088 96.5194 28.0179 13.4164 91.6705 97.8673 99.0051 28.3196 80.2785 52.6308 49.3964 68.5055 85.3815 14.7648 88.0738 85.0 27.2029 119.211 29.1548 43.1856 74.8465 72.0958 49.0408 84.0595 83.6002 65.123 75.8947 99.3135 98.1529 92.2206 50.3587 118.844 50.01 120.258 37.5899 103.788 83.006 123.713 39.6611 37.7487 50.5964 30.2324 119.202 116.29 86.8332 60.407 
20.8089 62.7444 0.0 25.9422 59.6178 75.1125 56.2547 30.4138 23.8994 87.4856 53.4883 31.0644 30.1496 37.5766 28.1603 46.0977 35.4684 51.107 30.5263 45.8803 53.0 35.9026 19.1343 24.1868 30.8707 34.4137 27.074 48.0604 67.7957 52.4851 35.9142 79.9813 43.0465 51.923 15.0 22.4948 27.4591 49.4137 34.6699 61.6118 18.6815 53.397 79.4501 31.3215 52.3927 76.9933 30.2655 70.0918 25.7128 71.9015 41.7253 74.8696 32.249 25.0 14.3178 34.0832 69.853 66.8604 71.2859 22.8035 
37.7508 78.8543 25.9422 0.0 58.0545 78.1752 54.6915 53.4636 27.5146 79.1202 79.3095 12.8062 31.6228 63.5059 25.6125 20.2485 54.0093 71.1758 25.318 20.3961 27.2029 58.1378 18.6815 50.1199 56.7979 59.8391 10.7703 64.7765 91.8908 69.7409 55.0091 78.4092 66.7533 77.4919 14.4222 31.9202 31.7648 64.1426 9.21954 87.4913 8.60233 51.8337 102.522 22.1359 78.2943 75.0267 32.45 64.6297 44.0114 89.1574 18.9737 69.7209 57.28 47.3106 29.0172 52.0 63.7887 56.0446 97.2505 19.7231 
39.71 89.8797 59.6178 58.0545 0.0 27.3225 6.32456 56.3654 41.166 47.7074 58.1893 50.2331 86.2433 44.7772 85.4974 70.2265 63.8937 76.8632 34.8894 68.0001 79.6493 61.6421 39.7648 37.2499 41.4637 23.2594 48.9701 76.6095 44.3221 20.6155 64.3252 30.0495 62.6166 60.0083 46.1692 37.8742 83.0779 14.5602 65.9605 55.0364 50.8339 10.0499 53.9172 39.8248 55.6597 29.6816 86.1438 30.4138 67.0525 37.0202 76.7487 33.8378 50.5217 55.6884 69.0432 62.5085 30.8707 33.2415 50.6952 69.9388 
59.8308 107.627 75.1125 78.1752 27.3225 0.0 23.9713 76.0783 61.2867 43.0465 67.4759 70.3538 101.738 58.6829 100.992 90.3383 84.0277 94.2165 55.0091 88.1192 99.77 80.567 59.8855 57.3405 58.4743 40.7382 69.0908 95.7916 37.3363 22.6274 84.3121 13.6015 78.7077 70.7672 66.2899 57.995 98.5726 29.0305 86.0812 58.1378 70.9546 26.4197 41.4367 59.9416 64.6607 19.0263 101.638 31.6228 87.216 12.3693 96.8694 31.4006 68.3221 76.9476 84.7621 82.672 32.8938 41.1825 44.2832 96.4768 
36.347 96.0767 56.2547 54.6915 6.32456 23.9713 0.0 62.5624 36.4816 41.6173 64.5136 46.87 82.8802 51.0 73.2679 66.8635 70.0907 83.0602 31.5264 64.6371 76.2863 67.8391 36.4018 43.4469 47.6607 29.5466 45.607 82.8065 49.4165 25.7099 70.5364 26.3059 68.8136 66.3099 42.8061 34.5112 79.7148 20.0998 62.5975 61.131 47.4018 4.12311 59.795 36.4617 61.9839 25.0799 82.7807 24.1868 73.2495 33.669 73.3856 27.8029 56.7187 61.8854 65.6802 68.7055 24.5967 27.074 55.7931 66.5757 
36.0555 33.9411 30.4138 53.4636 56.3654 76.0783 62.5624 0.0 40.3769 104.072 31.241 61.0737 37.2211 21.3776 40.8982 73.4494 8.06226 21.6333 60.0084 73.8415 79.8173 5.83095 49.4663 19.2354 18.1108 35.8469 57.0789 20.2485 62.2013 53.4509 8.24621 85.4306 13.3417 27.5862 45.2769 38.9102 33.7727 51.4782 62.1962 45.618 48.0 65.7992 73.5527 61.6535 31.6228 85.3842 36.4639 86.7436 11.7063 72.8011 65.1945 90.1992 9.21954 6.32456 26.6995 7.07107 87.1563 82.8372 63.1506 40.8584 
10.6301 73.5006 23.8994 27.5146 41.166 61.2867 36.4816 40.3769 0.0 67.1193 59.0339 25.1393 49.7981 42.7551 45.3337 44.1423 46.2361 61.8747 19.6469 42.9084 52.765 46.1678 10.198 29.2746 36.3456 36.0 21.6934 59.29 68.0517 46.105 46.6819 60.2082 51.9711 58.3095 14.872 5.0 48.3198 40.5067 36.3196 64.4708 19.5367 33.6239 78.6832 22.0227 57.4891 57.2202 50.3035 50.1199 49.3949 65.5215 46.4868 55.0091 40.1995 36.1057 38.693 44.8509 49.7393 45.3431 73.4114 38.6416 
67.5779 137.587 87.4856 79.1202 47.7074 43.0465 41.6173 104.072 67.1193 0.0 105.152 67.4685 105.618 92.4392 101.134 83.0542 109.641 124.57 54.0833 80.025 92.0 109.349 63.9766 84.9568 89.1707 70.8308 68.4105 122.695 80.3057 61.6847 110.087 30.0666 110.324 107.355 70.6824 65.6049 104.14 58.7738 84.5281 99.0404 74.0945 39.0512 84.0952 57.0088 102.516 24.0208 106.124 17.6918 112.8 55.0091 95.352 13.8924 98.4069 99.6418 96.9111 108.256 17.6918 23.0868 87.2812 94.4299 
50.1597 48.1664 53.4883 79.3095 58.1893 67.4759 64.5136 31.241 59.0339 105.152 0.0 83.861 68.264 16.2788 71.9412 99.5389 37.2156 36.0555 77.2334 99.368 105.991 30.8869 69.2315 29.8329 22.8035 35.171 79.9348 41.9762 40.8534 45.0 36.7151 80.2278 22.1359 5.0 67.7827 55.4437 64.8157 47.0106 87.6641 17.0 72.111 68.0074 50.2195 80.6226 2.82843 83.9102 67.5069 88.3912 42.7493 60.959 92.9755 91.2902 23.4307 36.7696 57.5776 37.4433 88.955 90.9612 38.833 70.2831 
35.3553 89.1852 31.0644 12.8062 50.2331 70.3538 46.87 61.0737 25.1393 67.4685 83.861 0.0 44.0454 67.8253 38.2099 20.2485 62.9682 80.4114 15.5242 18.4391 29.5296 66.2722 15.2643 54.2918 61.1116 56.4795 4.0 74.7262 88.5269 66.5782 63.9531 69.857 74.0 82.5711 16.1245 29.5296 43.8292 60.98 17.1172 89.5491 13.3417 44.0114 99.1564 11.0454 82.5927 65.7647 44.8219 54.0093 52.7731 80.0545 28.0713 59.0339 63.2851 55.2268 38.6005 60.8276 53.0377 44.5533 93.8909 32.0156 
47.4344 51.0098 30.1496 31.6228 86.2433 101.738 82.8802 37.2211 49.7981 105.618 68.264 44.0454 0.0 58.5741 6.32456 46.3249 32.7567 46.8402 52.4309 48.0833 48.0416 38.833 41.6773 47.7032 53.2355 60.3219 41.0366 38.833 93.6798 78.3932 33.6155 106.607 48.8262 64.4726 34.9857 49.1203 3.60555 76.0392 33.8378 82.8133 32.6497 74.8745 105.349 51.0882 68.7286 98.4491 1.0 89.6469 26.1725 98.527 32.0 94.7172 46.4281 39.1578 17.2627 31.6228 89.0145 82.8554 96.8838 12.0416 
34.0147 49.2443 37.5766 63.5059 44.7772 58.6829 51.0 21.3776 42.7551 92.4392 16.2788 67.8253 58.5741 0.0 59.1837 83.672 29.1548 35.8469 61.0737 83.3847 90.4268 24.0208 52.9528 13.6015 6.7082 21.6333 63.8679 38.6394 41.0122 36.0555 29.0689 71.2833 20.1246 16.1245 51.7158 39.2046 55.1258 36.0694 72.0694 25.6125 56.0806 54.237 52.2398 64.3817 14.8661 73.5026 57.817 75.1798 33.0593 54.5619 78.0064 78.5493 12.1655 25.0799 42.7421 28.4429 75.591 76.9457 41.7732 55.4476 
46.6884 57.0088 28.1603 25.6125 85.4974 100.992 73.2679 40.8982 45.3337 101.134 71.9412 38.2099 6.32456 59.1837 0.0 40.025 37.1618 52.1728 47.5079 41.7612 42.0 42.9418 37.1618 47.1532 52.6855 59.7695 35.3836 44.4072 93.1075 78.3646 38.0789 96.9945 52.8394 68.1497 30.4631 48.3743 8.06226 75.2933 27.5136 84.4771 27.4591 70.4101 104.785 45.8039 72.4058 93.9847 7.28011 85.1825 29.4109 97.7811 26.0768 90.2528 50.1052 42.8349 17.4929 35.7771 84.5501 78.2624 96.3337 6.7082 
54.3785 96.5194 46.0977 20.2485 70.2265 90.3383 66.8635 73.4494 44.1423 83.0542 99.5389 20.2485 46.3249 83.672 40.025 0.0 73.2462 90.0222 35.3412 3.16228 9.48683 77.7817 34.6554 70.2144 76.9675 76.4668 22.6716 83.0542 108.301 86.3109 74.2428 89.1852 86.7408 97.7394 33.0151 48.5479 47.676 80.7126 13.0 107.571 27.7849 63.9766 118.889 30.4631 98.4886 84.6463 47.2969 71.7008 63.5059 100.048 17.0294 76.531 77.4919 76.9461 48.3735 71.3442 70.5762 61.131 113.878 36.1248 
42.3987 28.0179 35.4684 54.0093 63.8937 84.0277 70.0907 8.06226 46.2361 109.641 37.2156 62.9682 32.7567 29.1548 37.1618 73.2462 0.0 17.4642 65.8675 74.0608 77.4661 6.40312 54.6011 26.9258 26.1725 43.6578 59.0339 13.4536 70.1142 61.4003 1.0 93.2638 16.2788 33.0151 48.0171 44.8313 29.5296 59.2368 60.2993 52.5547 49.6488 73.3275 81.3941 66.7883 38.0132 92.9125 31.9061 92.2469 10.198 80.7775 62.3618 97.7274 17.0294 10.4842 25.0 2.23607 92.0081 89.0256 70.859 38.0789 
57.6888 13.4164 51.107 71.1758 76.8632 94.2165 83.0602 21.6333 61.8747 124.57 36.0555 80.4114 46.8402 35.8469 52.1728 90.0222 17.4642 0.0 81.5062 91.0055 93.6483 15.8114 70.2397 39.6232 36.0555 55.2178 76.4853 8.60233 75.1332 71.5891 16.4924 106.248 15.8114 31.0644 65.4724 60.4152 44.1475 70.7248 77.026 53.0377 67.082 86.297 85.4751 82.4269 38.0 105.881 45.8803 107.241 27.6586 90.377 78.0897 110.697 26.4008 26.1228 42.19 19.6469 107.654 104.457 74.2428 54.231 
27.074 91.6705 30.5263 25.318 34.8894 55.0091 31.5264 60.0084 19.6469 54.0833 77.2334 15.5242 52.4309 61.0737 47.5079 35.3412 65.8675 81.5062 0.0 33.121 44.7772 65.7992 11.4018 48.0104 55.0 45.5412 15.0 76.9865 76.5386 54.5899 66.3133 54.3415 71.5891 77.0065 17.6918 22.0227 51.225 48.9916 32.0624 80.3617 20.1246 28.6356 87.1681 5.0 75.4255 50.3587 53.0094 39.3192 54.6389 64.7108 43.0465 44.4072 59.6825 55.5263 42.0124 64.4824 38.4708 31.0161 81.9971 40.8167 
53.1446 97.8673 45.8803 20.3961 68.0001 88.1192 64.6371 73.8415 42.9084 80.025 99.368 18.4391 48.0833 83.3847 41.7612 3.16228 74.0608 91.0055 33.121 0.0 12.1655 78.4092 33.3017 69.8835 76.6942 75.2329 21.2603 84.214 106.847 84.897 75.06 86.6487 87.1329 97.719 32.249 47.314 49.2443 79.2987 14.3178 107.361 27.313 61.7171 117.475 28.178 98.2344 82.0061 49.0408 68.884 64.195 97.8216 19.799 73.6817 77.6209 67.6884 49.0918 72.111 67.7422 58.2151 112.207 37.4833 
63.0013 99.0051 53.0 27.2029 79.6493 99.77 76.2863 79.8173 52.765 92.0 105.991 29.5296 48.0416 90.4268 42.0 9.48683 77.4661 93.6483 44.7772 12.1655 0.0 82.4621 43.4166 77.1751 83.7257 85.0896 31.6228 86.209 117.141 94.9872 78.4474 98.6712 91.8866 103.87 41.0366 57.1706 50.01 89.3889 18.3576 114.597 35.4683 73.4098 127.717 39.9249 105.119 94.1116 49.0408 81.0494 68.1542 109.471 16.1245 85.8429 83.3847 81.7541 53.1601 75.71 79.9062 70.3491 122.501 39.4588 
41.8808 28.3196 35.9026 58.1378 61.6421 80.567 67.8391 5.83095 46.1678 109.349 30.8869 66.2722 38.833 24.0208 42.9418 77.7817 6.40312 15.8114 65.7992 78.4092 82.4621 0.0 55.0146 24.4131 22.1359 40.7063 62.2896 15.2315 65.0 57.9396 5.83095 90.9078 10.0 26.6271 50.636 44.7214 35.5106 56.356 64.9384 46.4866 53.0848 71.0759 76.1052 67.2018 31.7805 90.6609 38.0132 92.0203 14.3178 77.1622 67.6757 95.4759 12.3693 11.0454 29.4279 7.2111 92.4329 88.6681 65.3758 43.3244 
20.1246 80.2785 19.1343 18.6815 39.7648 59.8855 36.4018 49.4663 10.198 63.9766 69.2315 15.2643 41.6773 52.9528 37.1618 34.6554 54.6011 70.2397 11.4018 33.3017 43.4166 55.0146 0.0 39.4588 46.5296 41.6205 12.0416 65.5945 73.6722 51.6554 55.0468 60.1283 61.8212 68.469 6.7082 14.3178 40.2244 46.0572 27.313 74.5263 11.0 33.544 84.3037 12.3693 67.6831 57.0789 42.19 48.0833 43.2469 69.5862 37.6431 53.1601 50.04 44.1342 30.6204 53.2159 47.4342 41.1825 79.0319 30.4631 
21.2132 52.6308 24.1868 50.1199 37.2499 57.3405 43.4469 19.2354 29.2746 84.9568 29.8329 54.2918 47.7032 13.6015 47.1532 70.2144 26.9258 39.6232 48.0104 69.8835 77.1751 24.4131 39.4588 0.0 7.07107 16.7631 50.3656 39.4462 47.1275 34.7131 27.313 66.6264 26.0768 29.0689 38.2135 26.0 44.6125 32.311 58.8303 37.6431 42.5783 46.6837 58.8218 51.0882 28.4605 66.2593 47.6352 67.6281 30.0847 54.1295 65.2993 71.0836 13.6015 19.2354 30.7115 25.5407 68.0407 67.0362 49.6588 43.4166 
28.0713 49.3964 30.8707 56.7979 41.4637 58.4743 47.6607 18.1108 36.3456 89.1707 22.8035 61.1116 53.2355 6.7082 52.6855 76.9675 26.1725 36.0555 55.0 76.6942 83.7257 22.1359 46.5296 7.07107 0.0 19.2094 57.1853 37.3363 44.5533 35.8469 26.3059 71.0747 21.2132 22.0227 45.0332 33.0151 50.1448 34.6699 65.3682 31.8277 49.3964 50.8975 56.0892 58.1378 21.5407 70.5774 53.1675 71.8419 29.5678 55.0273 71.4003 75.2975 9.84886 20.3961 36.2438 25.02 72.2546 72.2218 46.1736 48.9493 
34.544 68.5055 34.4137 59.8391 23.2594 40.7382 29.5466 35.8469 36.0 70.8308 35.171 56.4795 60.3219 21.6333 59.7695 76.4668 43.6578 55.2178 45.5412 75.2329 85.0896 40.7063 41.6205 16.7631 19.2094 0.0 53.5862 55.9017 34.6699 18.1108 44.0114 53.3386 40.3609 36.7696 47.1966 32.7082 57.2312 15.6525 68.6442 34.9285 51.8613 32.8938 46.1411 49.7695 32.7567 51.8712 60.2539 53.6656 46.8193 37.4833 76.0209 56.9386 28.8444 35.9026 43.3302 42.2753 54.1295 55.7945 38.9487 55.778 
31.9296 85.3815 27.074 10.7703 48.9701 69.0908 45.607 57.0789 21.6934 68.4105 79.9348 4.0 41.0366 63.8679 35.3836 22.6716 59.0339 76.4853 15.0 21.2603 31.6228 62.2896 12.0416 50.3656 57.1853 53.5862 0.0 70.8802 85.6379 63.669 60.0167 69.0507 70.0 78.6449 12.1655 26.099 40.6079 58.0708 17.1172 86.1456 9.48683 42.72 96.2473 11.4018 78.7245 65.2763 41.7732 54.231 48.8365 78.7915 28.0713 59.3043 59.3043 51.2445 34.7851 56.8887 53.3385 45.3542 90.9976 29.0 
55.4526 14.7648 48.0604 64.7765 76.6095 95.7916 82.8065 20.2485 59.29 122.695 41.9762 74.7262 38.833 38.6394 44.4072 83.0542 13.4536 8.60233 76.9865 84.214 86.209 15.2315 65.5945 39.4462 37.3363 55.9017 70.8802 0.0 79.2275 73.1642 12.7279 105.616 20.0998 37.108 60.1671 57.8853 36.3456 71.5542 70.0643 58.6941 61.4003 86.0433 90.0222 77.5366 43.566 105.628 37.855 105.301 22.8254 92.358 70.4557 110.781 27.5136 23.5381 36.1386 15.6205 105.062 102.08 79.0063 47.0 
66.5957 88.0738 67.7957 91.8908 44.3221 37.3363 49.4165 62.2013 68.0517 80.3057 40.8534 88.5269 93.6798 41.0122 93.1075 108.301 70.1142 75.1332 76.5386 106.847 117.141 65.0 73.6722 47.1275 44.5533 34.6699 85.6379 79.2275 0.0 23.7065 70.0643 50.8035 59.5399 45.5412 79.2483 64.7599 90.5891 30.0167 100.696 25.807 83.913 53.5394 11.7047 81.1387 38.2753 56.3205 93.6118 67.1863 73.8203 26.2488 109.403 68.0 53.0848 64.9384 76.6881 69.2604 68.2642 74.5252 7.0 89.0329 
44.649 85.0 52.4851 69.7409 20.6155 22.6274 25.7099 53.4509 46.105 61.6847 45.0 66.5782 78.3932 36.0555 78.3646 86.3109 61.4003 71.5891 54.5899 84.897 94.9872 57.9396 51.6554 34.7131 35.8469 18.1108 63.669 73.1642 23.7065 0.0 61.6847 35.2278 56.0803 48.1664 57.0983 42.8132 75.3025 6.40312 78.5459 37.3631 61.763 29.8329 33.3017 59.19 42.2019 38.9102 78.3252 46.3897 64.5886 19.4165 88.7131 48.2701 45.6946 53.9351 61.4015 60.0446 47.2652 52.1536 30.0832 73.8494 
42.8445 27.2029 35.9142 55.0091 64.3252 84.3121 70.5364 8.24621 46.6819 110.087 36.7151 63.9531 33.6155 29.0689 38.0789 74.2428 1.0 16.4924 66.3133 75.06 78.4474 5.83095 55.0468 27.313 26.3059 44.0114 60.0167 12.7279 70.0643 61.6847 0.0 93.711 15.5563 32.45 48.9997 45.2771 30.4138 59.6154 61.2944 52.2015 50.636 73.7733 81.3019 67.2341 37.5766 93.3439 32.7567 92.6927 11.1803 81.0432 63.3246 98.1732 17.0 10.93 26.0 3.16228 92.4538 89.4714 70.7107 39.0512 
60.0736 119.211 79.9813 78.4092 30.0495 13.6015 26.3059 85.4306 60.2082 30.0666 80.2278 69.857 106.607 71.2833 96.9945 89.1852 93.2638 106.248 54.3415 86.6487 98.6712 90.9078 60.1283 66.6264 71.0747 53.3386 69.0507 105.616 50.8035 35.2278 93.711 0.0 91.3081 83.3942 66.5327 58.2378 103.441 41.631 86.1452 71.5891 71.1283 27.0 54.037 58.9406 77.4297 6.7082 106.507 22.0227 96.4384 25.02 97.0155 20.1246 80.0125 85.0743 89.4067 91.8944 23.4307 33.2415 57.7062 90.3023 
46.2385 29.1548 43.0465 66.7533 62.6166 78.7077 68.8136 13.3417 51.9711 110.324 22.1359 74.0 48.8262 20.1246 52.8394 86.7408 16.2788 15.8114 71.5891 87.1329 91.8866 10.0 61.8212 26.0768 21.2132 40.3609 70.0 20.0998 59.5399 56.0803 15.5563 91.3081 0.0 17.4642 58.0345 50.0 45.4863 55.6058 74.2654 38.6394 61.0737 72.474 70.1142 73.8898 23.5372 91.7537 48.0104 92.9948 23.7755 74.686 77.2638 96.4504 12.53 19.6469 38.7688 17.2047 93.831 92.8266 59.0085 52.9277 
50.01 43.1856 51.923 77.4919 60.0083 70.7672 66.3099 27.5862 58.3095 107.355 5.0 82.5711 64.4726 16.1245 68.1497 97.7394 33.0151 31.0644 77.0065 97.719 103.87 26.6271 68.469 29.0689 22.0227 36.7696 78.6449 37.108 45.5412 48.1664 32.45 83.3942 17.4642 0.0 66.4906 55.0364 61.0243 49.6488 85.6154 22.0 70.6045 69.6419 55.109 80.1561 7.28011 87.0765 63.7155 90.377 38.9578 64.8151 90.5868 93.4773 20.5913 33.4215 55.1889 33.4215 90.8735 92.5241 43.7379 67.8944 
25.1082 74.8465 15.0 14.4222 46.1692 66.2899 42.8061 45.2769 14.872 70.6824 67.7827 16.1245 34.9857 51.7158 30.4631 33.0151 48.0171 65.4724 17.6918 32.249 41.0366 50.636 6.7082 38.2135 45.0332 47.1966 12.1655 60.1671 79.2483 57.0983 48.9997 66.5327 58.0345 66.4906 0.0 19.2776 33.6006 51.5 23.6008 79.3242 5.83095 39.9484 89.8797 17.4929 66.5724 63.5229 35.5106 54.7208 37.8195 76.5148 33.1059 59.791 47.1699 39.6232 24.6982 45.8717 54.0883 47.8853 84.6079 23.7697 
5.83095 72.0958 22.4948 31.9202 37.8742 57.995 34.5112 38.9102 5.0 65.6049 55.4437 29.5296 49.1203 39.2046 48.3743 48.5479 44.8313 60.4152 22.0227 47.314 57.1706 44.7214 14.3178 26.0 33.0151 32.7082 26.099 57.8853 64.7599 42.8132 45.2771 58.2378 50.0 55.0364 19.2776 0.0 45.9549 37.2149 40.7253 60.3111 23.9423 31.6534 75.3914 25.1794 53.7587 55.2497 49.0208 48.2606 47.9902 62.2297 50.8924 53.0384 37.855 34.7011 31.9202 43.4462 48.0104 44.5982 70.1196 43.0472 
44.269 49.0408 27.4591 31.7648 83.0779 98.5726 79.7148 33.7727 48.3198 104.14 64.8157 43.8292 3.60555 55.1258 8.06226 47.676 29.5296 44.1475 51.225 49.2443 50.01 35.5106 40.2244 44.6125 50.1448 57.2312 40.6079 36.3456 90.5891 75.3025 30.4138 103.441 45.4863 61.0243 33.6006 45.9549 0.0 72.9643 34.9285 79.3649 31.8277 76.8571 102.259 50.2096 65.2803 100.453 3.16228 88.1686 22.6274 95.4522 34.1321 93.2389 42.9798 35.7095 14.0357 28.3019 87.5362 81.3771 93.793 12.083 
39.0507 84.0595 49.4137 64.1426 14.5602 29.0305 20.0998 51.4782 40.5067 58.7738 47.0106 60.98 76.0392 36.0694 75.2933 80.7126 59.2368 70.7248 48.9916 79.2987 89.3889 56.356 46.0572 32.311 34.6699 15.6525 58.0708 71.5542 30.0167 6.40312 59.6154 41.631 55.6058 49.6488 51.5 37.2149 72.9643 0.0 72.9477 41.4367 56.1647 24.1868 39.7048 53.5918 44.2945 45.3133 75.9397 42.22 62.3957 25.8196 83.1149 44.9116 44.4185 51.2445 59.0634 57.8516 42.9537 47.0 36.2491 70.778 
46.5559 83.6002 34.6699 9.21954 65.9605 86.0812 62.5975 62.1962 36.3196 84.5281 87.6641 17.1172 33.8378 72.0694 27.5136 13.0 60.2993 77.026 32.0624 14.3178 18.3576 64.9384 27.313 58.8303 65.3682 68.6442 17.1172 70.0643 100.696 78.5459 61.2944 86.1452 74.2654 85.6154 23.6008 40.7253 34.9285 72.9477 0.0 96.276 17.8045 59.7397 111.327 28.0179 86.7698 82.3893 34.7851 71.0634 50.636 97.4493 11.0 76.1052 65.192 64.1329 35.5106 58.4209 70.1142 61.6604 106.056 23.1948 
54.7496 65.123 61.6118 87.4913 55.0364 58.1378 61.131 45.618 64.4708 99.0404 17.0 89.5491 82.8133 25.6125 84.4771 107.571 52.5547 53.0377 80.3617 107.361 114.597 46.4866 74.5263 37.6431 31.8277 34.9285 86.1456 58.6941 25.807 37.3631 52.2015 71.5891 38.6394 22.0 79.3242 60.3111 79.3649 41.4367 96.276 0.0 79.9353 65.0692 33.8378 84.4986 15.1327 75.9605 82.0561 83.6311 57.2985 49.4065 102.942 85.6332 36.7151 50.2494 68.0355 52.3927 84.3648 88.2043 22.4722 80.741 
29.773 75.8947 18.6815 8.60233 50.8339 70.9546 47.4018 48.0 19.5367 74.0945 72.111 13.3417 32.6497 56.0806 27.4591 27.7849 49.6488 67.082 20.1246 27.313 35.4683 53.0848 11.0 42.5783 49.3964 51.8613 9.48683 61.4003 83.913 61.763 50.636 71.1283 61.0737 70.6045 5.83095 23.9423 31.8277 56.1647 17.8045 79.9353 0.0 44.544 94.5445 18.4391 70.9366 68.0661 33.3017 58.6941 39.4588 81.1795 27.313 63.7887 50.8035 42.0476 25.2982 47.5184 57.9741 51.0784 89.2726 20.8087 
33.4892 99.3135 53.397 51.8337 10.0499 26.4197 4.12311 65.7992 33.6239 39.0512 68.0074 44.0114 74.8745 54.237 70.4101 63.9766 73.3275 86.297 28.6356 61.7171 73.4098 71.0759 33.544 46.6837 50.8975 32.8938 42.72 86.0433 53.5394 29.8329 73.7733 27.0 72.474 69.6419 39.9484 31.6534 76.8571 24.1868 59.7397 65.0692 44.544 0.0 62.3145 33.541 65.521 24.7386 79.923 21.4009 76.4863 36.1886 70.5279 25.4558 60.1337 65.5531 62.8224 71.9423 21.6333 23.1948 59.9161 63.718 
77.2272 98.1529 79.4501 102.522 53.9172 41.4367 59.795 73.5527 78.6832 84.0952 50.2195 99.1564 105.349 52.2398 104.785 118.889 81.3941 85.4751 87.1681 117.475 127.717 76.1052 84.3037 58.8218 56.0892 46.1411 96.2473 90.0222 11.7047 33.3017 81.3019 54.037 70.1142 55.109 89.8797 75.3914 102.259 39.7048 111.327 33.8378 94.5445 62.3145 0.0 91.7683 47.8539 60.208 105.281 72.7805 85.1991 29.1548 121.057 72.8354 64.3817 76.4853 88.3577 80.6226 73.9797 81.2712 11.4018 100.687 
30.5941 92.2206 31.3215 22.1359 39.8248 59.9416 36.4617 61.6535 22.0227 57.0088 80.6226 11.0454 51.0882 64.3817 45.8039 30.4631 66.7883 82.4269 5.0 28.178 39.9249 67.2018 12.3693 51.0882 58.1378 49.7695 11.4018 77.5366 81.1387 59.19 67.2341 58.9406 73.8898 80.1561 17.4929 25.1794 50.2096 53.5918 28.0179 84.4986 18.4391 33.541 91.7683 0.0 78.9177 54.7449 51.7397 43.0465 55.189 69.6462 39.0128 48.0937 62.2013 56.3215 42.19 65.4031 42.107 33.9559 86.5973 39.2046 
48.3735 50.3587 52.3927 78.2943 55.6597 64.6607 61.9839 31.6228 57.4891 102.516 2.82843 82.5927 68.7286 14.8661 72.4058 98.4886 38.0132 38.0 75.4255 98.2344 105.119 31.7805 67.6831 28.4605 21.5407 32.7567 78.7245 43.566 38.2753 42.2019 37.5766 77.4297 23.5372 7.28011 66.5724 53.7587 65.2803 44.2945 86.7698 15.1327 70.9366 65.521 47.8539 78.9177 0.0 81.112 67.9715 85.7963 43.2139 58.1378 92.358 88.6536 23.3452 36.8782 56.9642 38.0789 86.3771 88.5268 36.4966 69.6697 
57.0855 118.844 76.9933 75.0267 29.6816 19.0263 25.0799 85.3842 57.2202 24.0208 83.9102 65.7647 98.4491 73.5026 93.9847 84.6463 92.9125 105.881 50.3587 82.0061 94.1116 90.6609 57.0789 66.2593 70.5774 51.8712 65.2763 105.628 56.3205 38.9102 93.3439 6.7082 91.7537 87.0765 63.5229 55.2497 100.453 45.3133 82.3893 75.9605 68.0661 24.7386 60.208 54.7449 81.112 0.0 103.519 15.5563 96.0713 31.0644 93.3435 13.4164 79.6454 84.7072 86.4187 91.5273 16.9706 27.0185 63.2851 87.2925 
47.3349 50.01 30.2655 32.45 86.1438 101.638 82.7807 36.4639 50.3035 106.124 67.5069 44.8219 1.0 57.817 7.28011 47.2969 31.9061 45.8803 53.0094 49.0408 49.0408 38.0132 42.19 47.6352 53.1675 60.2539 41.7732 37.855 93.6118 78.3252 32.7567 106.507 48.0104 63.7155 35.5106 49.0208 3.16228 75.9397 34.7851 82.0561 33.3017 79.923 105.281 51.7397 67.9715 103.519 0.0 90.1522 25.4951 98.4275 33.0 95.2225 45.671 38.4007 17.1172 30.8058 89.5198 83.3608 96.8158 12.8062 
50.1841 120.258 70.0918 64.6297 30.4138 31.6228 24.1868 86.7436 50.1199 17.6918 88.3912 54.0093 89.6469 75.1798 85.1825 71.7008 92.2469 107.241 39.3192 68.884 81.0494 92.0203 48.0833 67.6281 71.8419 53.6656 54.231 105.301 67.1863 46.3897 92.6927 22.0227 92.9948 90.377 54.7208 48.2606 88.1686 42.22 71.0634 83.6311 58.6941 21.4009 72.7805 43.0465 85.7963 15.5563 90.1522 0.0 95.4058 43.9659 82.0549 5.09902 81.0781 82.248 79.5173 90.8618 1.41421 11.6619 74.1687 78.4903 
45.5575 37.5899 25.7128 44.0114 67.0525 87.216 73.2495 11.7063 49.3949 112.8 42.7493 52.7731 26.1725 33.0593 29.4109 63.5059 10.198 27.6586 54.6389 64.195 68.1542 14.3178 43.2469 30.0847 29.5678 46.8193 48.8365 22.8254 73.8203 64.5886 11.1803 96.4384 23.7755 38.9578 37.8195 47.9902 22.6274 62.3957 50.636 57.2985 39.4588 76.4863 85.1991 55.189 43.2139 96.0713 25.4951 95.4058 0.0 83.9761 53.4883 100.886 20.9133 13.643 15.1327 8.06226 95.1669 92.1844 74.8313 29.1548 
64.0655 103.788 71.9015 89.1574 37.0202 12.3693 33.669 72.8011 65.5215 55.0091 60.959 80.0545 98.527 54.5619 97.7811 100.048 80.7775 90.377 64.7108 97.8216 109.471 77.1622 69.5862 54.1295 55.0273 37.4833 78.7915 92.358 26.2488 19.4165 81.0432 25.02 74.686 64.8151 76.5148 62.2297 95.4522 25.8196 97.4493 49.4065 81.1795 36.1886 29.1548 69.6462 58.1378 31.0644 98.4275 43.9659 83.9761 0.0 108.13 43.7379 64.846 73.3485 81.5512 79.3095 45.2217 53.2259 32.9848 93.2659 
56.7231 83.006 41.7253 18.9737 76.7487 96.8694 73.3856 65.1945 46.4868 95.352 92.9755 28.0713 32.0 78.0064 26.0768 17.0294 62.3618 78.0897 43.0465 19.799 16.1245 67.6757 37.6431 65.2993 71.4003 76.0209 28.0713 70.4557 109.403 88.7131 63.3246 97.0155 77.2638 90.5868 33.1059 50.8924 34.1321 83.1149 11.0 102.942 27.313 70.5279 121.057 39.0128 92.358 93.3435 33.0 82.0549 53.4883 108.13 0.0 87.0919 70.0435 67.1313 38.9102 60.7289 81.0987 72.5603 112.893 24.3516 
54.9619 123.713 74.8696 69.7209 33.8378 31.4006 27.8029 90.1992 55.0091 13.8924 91.2902 59.0339 94.7172 78.5493 90.2528 76.531 97.7274 110.697 44.4072 73.6817 85.8429 95.4759 53.1601 71.0836 75.2975 56.9386 59.3043 110.781 68.0 48.2701 98.1732 20.1246 96.4504 93.4773 59.791 53.0384 93.2389 44.9116 76.1052 85.6332 63.7887 25.4558 72.8354 48.0937 88.6536 13.4164 95.2225 5.09902 100.886 43.7379 87.0919 0.0 84.5337 87.0258 84.2951 96.3423 6.0 15.8114 75.0 83.5606 
33.8378 39.6611 32.249 57.28 50.5217 68.3221 56.7187 9.21954 40.1995 98.4069 23.4307 63.2851 46.4281 12.1655 50.1052 77.4919 17.0294 26.4008 59.6825 77.6209 83.3847 12.3693 50.04 13.6015 9.84886 28.8444 59.3043 27.5136 53.0848 45.6946 17.0 80.0125 12.53 20.5913 47.1699 37.855 42.9798 44.4185 65.192 36.7151 50.8035 60.1337 64.3817 62.2013 23.3452 79.6454 45.671 81.0781 20.9133 64.846 70.0435 84.5337 0.0 13.6015 34.6456 16.2788 81.4907 80.4863 53.9351 47.3511 
32.5576 37.7487 25.0 47.3106 55.6884 76.9476 61.8854 6.32456 36.1057 99.6418 36.7696 55.2268 39.1578 25.0799 42.8349 76.9461 10.4842 26.1228 55.5263 67.6884 81.7541 11.0454 44.1342 19.2354 20.3961 35.9026 51.2445 23.5381 64.9384 53.9351 10.93 85.0743 19.6469 33.4215 39.6232 34.7011 35.7095 51.2445 64.1329 50.2494 42.0476 65.5531 76.4853 56.3215 36.8782 84.7072 38.4007 82.248 13.643 73.3485 67.1313 87.0258 13.6015 0.0 28.6362 9.09902 82.0091 79.0266 66.4831 42.7952 
30.2343 50.5964 14.3178 29.0172 69.0432 84.7621 65.6802 26.6995 38.693 96.9111 57.5776 38.6005 17.2627 42.7421 17.4929 48.3735 25.0 42.19 42.0124 49.0918 53.1601 29.4279 30.6204 30.7115 36.2438 43.3302 34.7851 36.1386 76.6881 61.4015 26.0 89.4067 38.7688 55.1889 24.6982 31.9202 14.0357 59.0634 35.5106 68.0355 25.2982 62.8224 88.3577 42.19 56.9642 86.4187 17.1172 79.5173 15.1327 81.5512 38.9102 84.2951 34.6456 28.6362 0.0 23.0217 79.2784 71.7503 79.8921 15.0 
41.0135 30.2324 34.0832 52.0 62.5085 82.672 68.7055 7.07107 44.8509 108.256 37.4433 60.8276 31.6228 28.4429 35.7771 71.3442 2.23607 19.6469 64.4824 72.111 75.71 7.2111 53.2159 25.5407 25.02 42.2753 56.8887 15.6205 69.2604 60.0446 3.16228 91.8944 17.2047 33.4215 45.8717 43.4462 28.3019 57.8516 58.4209 52.3927 47.5184 71.9423 80.6226 65.4031 38.0789 91.5273 30.8058 90.8618 8.06226 79.3095 60.7289 96.3423 16.2788 9.09902 23.0217 0.0 90.6229 87.6404 70.214 36.4005 
49.9452 119.202 69.853 63.7887 30.8707 32.8938 24.5967 87.1563 49.7393 17.6918 88.955 53.0377 89.0145 75.591 84.5501 70.5762 92.0081 107.654 38.4708 67.7422 79.9062 92.4329 47.4342 68.0407 72.2546 54.1295 53.3385 105.062 68.2642 47.2652 92.4538 23.4307 93.831 90.8735 54.0883 48.0104 87.5362 42.9537 70.1142 84.3648 57.9741 21.6333 73.9797 42.107 86.3771 16.9706 89.5198 1.41421 95.1669 45.2217 81.0987 6.0 81.4907 82.0091 79.2784 90.6229 0.0 10.2956 75.2396 77.8579 
46.9627 116.29 66.8604 56.0446 33.2415 41.1825 27.074 82.8372 45.3431 23.0868 90.9612 44.5533 82.8554 76.9457 78.2624 61.131 89.0256 104.457 31.0161 58.2151 70.3491 88.6681 41.1825 67.0362 72.2218 55.7945 45.3542 102.08 74.5252 52.1536 89.4714 33.2415 92.8266 92.5241 47.8853 44.5982 81.3771 47.0 61.6604 88.2043 51.0784 23.1948 81.2712 33.9559 88.5268 27.0185 83.3608 11.6619 92.1844 53.2259 72.5603 15.8114 80.4863 79.0266 71.7503 87.6404 10.2956 0.0 81.3941 71.5542 
71.9554 86.8332 71.2859 97.2505 50.6952 44.2832 55.7931 63.1506 73.4114 87.2812 38.833 93.8909 96.8838 41.7732 96.3337 113.878 70.859 74.2428 81.9971 112.207 122.501 65.3758 79.0319 49.6588 46.1736 38.9487 90.9976 79.0063 7.0 30.0832 70.7107 57.7062 59.0085 43.7379 84.6079 70.1196 93.793 36.2491 106.056 22.4722 89.2726 59.9161 11.4018 86.5973 36.4966 63.2851 96.8158 74.1687 74.8313 32.9848 112.893 75.0 53.9351 66.4831 79.8921 70.214 75.2396 81.3941 0.0 92.4392 
42.1732 60.407 22.8035 19.7231 69.9388 96.4768 66.5757 40.8584 38.6416 94.4299 70.2831 32.0156 12.0416 55.4476 6.7082 36.1248 38.0789 54.231 40.8167 37.4833 39.4588 43.3244 30.4631 43.4166 48.9493 55.778 29.0 47.0 89.0329 73.8494 39.0512 90.3023 52.9277 67.8944 23.7697 43.0472 12.083 70.778 23.1948 80.741 20.8087 63.718 100.687 39.2046 69.6697 87.2925 12.8062 78.4903 29.1548 93.2659 24.3516 83.5606 47.3511 42.7952 15.0 36.4005 77.8579 71.5542 92.4392 0.0 
DEMAND_SCENARIO_SECTION
0 0 0 0 0 0 0 0 0 0 0 0 0 0 0 0 0 0 0 0 0 0 0 0 0 0 0 0 0 0 0 0 0 0 0 0 0 0 0 0 0 0 0 0 0 0 0 0 0 0 0 0 0 0 0 0 0 0 0 0 0 0 0 0 0 0 0 0 0 0 0 0 0 0 0 0 0 0 0 0 0 0 0 0 0 0 0 0 0 0 0 0 0 0 0 0 0 0 0 0 0 0 0 0 0 0 0 0 0 0 0 0 0 0 0 0 0 0 0 0 0 0 0 0 0 0 0 0 0 0 0 0 0 0 0 0 0 0 0 0 0 0 0 0 0 0 0 0 0 0 0 0 0 0 0 0 0 0 0 0 0 0 0 0 0 0 0 0 0 0 0 0 0 0 0 0 0 0 0 0 0 0 0 0 0 0 0 0 0 0 0 0 0 0 0 0 0 0 0 0 
4 3 5 3 4 5 5 3 3 2 3 4 5 1 4 5 2 3 3 2 4 6 5 4 2 4 7 3 5 2 4 3 5 3 3 4 3 5 5 3 3 5 4 4 5 4 6 3 5 3 1 3 4 4 5 3 4 4 4 3 4 4 4 3 4 5 6 5 5 4 1 3 5 5 1 4 3 4 3 5 1 5 6 4 2 3 4 3 6 5 3 4 4 5 5 6 2 2 5 4 4 4 5 2 4 2 2 3 5 3 3 3 4 4 3 4 4 5 4 3 5 5 2 6 2 6 5 6 0 6 5 4 5 2 5 4 6 3 5 5 4 6 3 5 3 4 4 4 2 2 3 4 3 6 5 6 6 4 3 3 3 5 3 3 5 2 4 4 5 5 7 2 4 5 4 2 4 3 2 4 4 2 5 5 4 5 6 2 2 3 2 3 3 4 4 3 5 7 3 5 
5 6 5 5 6 8 5 4 6 6 7 4 5 5 3 4 4 7 6 4 2 5 3 8 5 5 7 7 4 5 6 2 5 6 5 6 6 2 5 2 3 4 3 8 3 6 7 6 3 2 6 7 2 4 6 7 5 4 3 5 4 4 7 7 9 5 4 5 8 7 5 5 6 4 3 6 4 6 3 4 3 4 7 4 4 6 4 7 6 2 6 4 0 4 3 4 4 4 6 4 4 6 6 4 4 1 6 3 5 3 5 7 8 5 5 7 3 7 6 6 4 4 5 5 3 6 7 5 6 6 9 5 4 5 4 3 4 5 5 5 5 7 4 6 3 5 4 6 6 5 4 7 7 5 3 6 6 4 6 5 5 6 3 2 6 6 5 6 4 3 6 6 7 6 7 4 6 6 4 5 7 6 6 6 6 3 7 7 2 6 4 3 6 2 5 5 4 3 3 7 
6 6 4 2 6 3 7 4 8 6 6 8 7 7 3 11 9 1 8 4 8 7 4 9 6 7 5 7 3 7 4 3 7 8 6 7 6 4 7 7 6 8 6 8 6 10 7 5 6 7 4 6 6 4 7 5 7 7 6 6 4 6 6 7 5 7 3 6 7 8 5 7 4 5 7 4 9 6 8 5 9 1 3 4 4 4 6 4 9 7 7 5 7 4 6 2 7 7 5 4 8 8 8 9 6 3 5 7 8 9 5 8 7 4 7 3 9 3 8 4 4 4 7 8 8 7 8 5 7 6 5 7 5 8 4 1 6 7 6 5 3 7 5 6 7 6 5 4 9 7 8 6 4 7 7 7 5 6 7 5 6 4 7 9 6 7 5 7 8 5 6 9 7 9 7 2 5 4 4 6 5 10 7 5 5 5 4 6 9 3 4 3 3 6 8 5 7 8 4 7 
9 7 4 10 5 6 8 4 7 8 6 8 4 8 9 7 5 7 8 10 12 4 8 10 5 9 11 6 8 4 6 8 8 7 6 4 5 8 7 5 9 4 3 8 7 9 6 6 10 4 8 10 7 7 5 5 2 8 9 6 1 8 8 7 6 6 11 8 4 4 8 10 5 7 5 6 4 4 6 6 7 9 5 8 4 5 5 7 8 8 9 6 6 6 12 7 9 10 9 3 7 6 5 6 9 8 5 8 10 8 8 7 6 9 5 5 10 4 8 8 11 8 4 7 13 7 7 7 11 6 10 8 6 9 5 7 9 10 5 13 6 11 5 6 8 6 7 8 9 5 5 7 7 6 4 7 4 4 7 6 9 9 7 4 4 5 8 5 5 5 9 7 9 10 4 2 4 7 7 5 10 8 6 9 12 8 9 3 10 9 12 9 5 8 8 2 8 5 4 11 
6 7 5 5 6 6 7 4 8 1 5 6 8 5 8 7 8 6 9 4 6 6 8 5 4 5 3 9 6 4 5 8 2 6 4 4 7 3 5 9 7 7 6 6 5 6 7 2 8 7 6 2 9 6 7 8 6 4 10 7 5 6 5 7 4 5 9 3 5 5 8 7 7 8 9 1 8 5 9 7 7 4 7 6 4 6 4 2 6 6 5 10 7 5 6 2 2 7 4 5 8 7 5 8 4 5 5 8 7 6 7 7 7 10 5 7 4 7 6 7 6 5 11 5 5 4 4 7 5 8 4 7 7 4 9 5 5 5 7 1 2 5 6 8 5 6 4 8 4 5 6 3 5 8 3 6 6 7 6 7 7 7 4 9 4 4 6 6 4 7 7 9 4 11 5 3 9 7 8 6 5 13 5 2 4 3 5 5 3 7 10 5 5 3 6 5 7 6 4 4 
12 13 8 12 3 9 12 10 12 6 11 6 11 9 1 9 5 12 11 10 3 9 6 10 11 15 2 4 5 5 15 11 12 10 10 3 18 8 9 6 12 5 9 7 7 9 10 7 12 15 8 8 9 7 3 9 6 11 0 5 13 13 13 7 6 4 11 9 10 9 15 8 9 9 12 10 3 8 6 4 8 8 4 6 9 10 8 3 3 7 9 10 10 9 5 9 8 8 8 8 6 14 9 13 5 12 10 11 8 9 8 9 3 11 17 9 9 12 13 12 6 8 7 11 4 6 13 5 14 12 8 9 12 9 6 12 10 12 6 7 5 9 10 8 9 14 13 5 10 10 6 13 9 8 16 11 7 9 10 8 9 14 10 15 12 10 9 8 11 12 9 2 5 10 6 6 10 14 11 10 10 16 9 11 8 7 5 7 14 11 6 8 5 6 4 11 5 12 6 8 
16 15 14 16 6 4 8 12 15 5 15 9 7 10 13 12 9 14 4 11 9 13 11 8 9 12 9 4 13 13 9 8 13 12 13 13 9 14 11 11 8 6 9 8 13 10 12 9 12 7 6 11 12 11 10 6 12 15 11 13 13 12 8 2 7 4 13 15 11 11 6 1 11 12 18 7 7 9 11 8 16 11 11 15 13 14 9 10 7 9 12 8 12 12 16 6 13 7 10 17 9 8 11 8 8 8 10 11 5 12 9 6 17 8 14 8 12 8 17 3 11 10 14 11 15 9 10 6 13 10 13 11 10 10 15 13 10 6 9 4 14 12 13 11 11 6 7 14 15 12 11 17 11 9 12 12 11 8 14 7 11 12 9 12 13 2 6 8 4 11 7 11 15 11 10 11 10 9 13 9 8 11 14 10 13 11 12 1 9 8 19 12 13 16 10 9 9 13 6 8 
1 1 1 1 1 1 1 1 1 1 1 1 1 1 1 1 2 1 1 1 1 0 1 1 1 1 1 1 1 1 0 1 1 1 1 1 1 1 1 1 1 1 1 1 1 1 1 1 2 1 1 1 1 1 1 0 1 1 1 0 1 1 1 1 1 1 1 1 0 1 1 1 1 1 2 1 2 1 1 1 1 1 1 1 1 1 1 1 1 1 1 1 1 1 1 1 1 1 1 1 1 1 1 1 2 1 1 0 1 1 1 1 1 1 0 0 1 1 1 1 1 1 1 2 1 1 1 2 1 1 1 1 1 1 1 1 1 1 2 1 1 1 1 1 1 1 1 1 1 1 1 1 2 1 1 1 1 1 1 1 1 1 1 1 1 1 1 1 1 1 1 0 0 1 2 1 0 1 1 2 1 1 1 1 1 1 1 1 1 1 2 1 1 1 1 1 1 1 1 1 
10 9 6 13 9 14 13 7 15 10 10 14 8 3 11 12 8 10 16 13 12 5 6 16 15 16 10 13 9 9 12 14 6 5 11 11 10 10 8 10 12 12 8 10 10 7 8 17 9 9 10 7 8 12 10 8 5 11 9 5 7 10 12 7 13 16 10 5 10 12 5 13 8 13 17 12 9 14 12 8 8 5 7 8 13 14 7 13 12 14 6 20 8 9 11 13 11 9 1 13 10 10 5 12 11 10 13 12 8 9 12 6 15 13 10 8 13 13 14 12 8 5 8 6 6 8 9 13 10 11 10 7 7 13 6 15 4 4 10 13 13 14 12 14 11 12 12 9 7 13 9 10 11 16 13 8 18 11 10 14 6 13 12 10 7 10 9 16 7 6 9 9 8 13 14 12 8 5 14 10 11 9 3 10 13 12 18 10 12 15 10 6 12 6 8 9 12 15 10 13 
2 6 7 4 6 6 9 9 5 7 7 6 7 6 6 4 5 6 5 4 7 7 4 8 6 5 8 3 5 6 7 4 5 5 5 5 1 5 7 4 8 3 6 5 4 5 5 5 7 3 3 5 3 4 5 6 5 6 7 2 5 7 5 5 4 4 3 5 2 3 5 3 3 5 3 3 7 4 6 3 6 0 5 5 6 1 7 6 5 6 6 5 5 4 3 5 6 5 2 8 5 4 6 4 6 6 5 5 4 6 10 4 6 4 4 6 4 7 4 4 6 6 4 3 6 6 1 3 6 7 4 6 6 6 6 5 6 7 5 5 8 6 5 5 6 4 5 2 4 2 6 3 0 2 7 6 6 8 3 5 4 4 6 4 4 6 6 2 5 4 4 4 4 4 5 4 7 4 9 1 6 8 6 6 5 5 6 4 5 4 1 3 4 6 6 3 5 6 4 3 
12 8 11 8 10 10 11 12 2 3 7 5 10 10 8 14 7 12 6 10 13 8 7 11 8 11 9 8 8 8 7 7 7 7 14 12 9 8 10 13 5 9 9 3 9 7 11 7 6 5 10 12 7 7 5 8 7 12 10 10 5 3 11 6 6 5 4 5 9 8 9 8 9 7 9 7 14 11 7 13 9 7 11 10 3 4 8 10 8 8 10 10 5 7 9 10 10 9 6 16 8 7 10 6 8 15 10 4 9 9 7 9 7 4 9 9 9 5 0 7 4 10 10 6 8 8 8 4 6 6 9 8 5 9 2 11 7 6 6 3 8 7 7 10 9 9 7 8 6 10 8 6 10 11 8 3 3 8 8 6 3 10 8 14 4 11 11 4 7 8 12 8 5 10 12 5 5 5 16 8 6 10 9 0 11 6 8 8 7 7 10 10 4 7 9 11 4 12 13 8 
4 4 1 5 2 2 2 6 3 3 3 3 2 4 3 2 3 3 2 3 3 3 4 4 5 2 3 3 2 3 4 5 5 4 3 2 2 2 3 4 4 3 3 2 1 4 4 5 2 4 3 1 4 5 4 2 4 3 3 3 3 3 3 4 4 5 4 2 3 2 3 3 3 2 3 3 1 5 3 3 3 3 2 5 3 3 5 1 3 0 4 2 1 3 2 4 3 3 4 2 3 2 1 2 4 4 4 2 1 2 3 3 2 3 3 2 3 1 4 3 4 1 2 2 2 4 2 1 2 3 2 3 3 2 3 1 3 2 4 3 3 3 2 3 2 5 3 5 4 2 3 2 4 2 4 3 3 1 3 5 2 3 2 4 4 4 5 2 4 2 3 3 3 3 3 2 3 3 3 2 3 3 3 3 2 3 3 3 3 4 4 3 4 4 3 3 4 3 5 3 
12 7 8 8 9 10 5 6 2 6 7 9 7 4 8 2 6 9 5 2 0 3 7 8 4 8 4 3 4 6 5 6 3 7 4 6 7 11 11 8 9 5 7 7 4 9 11 6 8 6 8 9 5 7 5 4 9 7 4 12 8 10 4 8 9 7 7 10 3 3 10 5 8 7 7 6 9 3 2 4 6 7 6 6 7 5 7 11 7 6 9 8 9 11 6 5 9 3 4 8 6 7 10 5 5 7 10 11 7 7 9 10 10 2 3 9 4 6 6 9 6 8 6 4 5 5 6 6 9 6 9 8 10 4 6 6 10 9 6 5 6 6 6 9 9 6 3 9 6 9 7 10 10 8 7 9 9 4 8 7 9 7 6 5 11 5 7 4 13 10 6 10 1 6 2 5 6 3 6 7 8 7 8 9 10 7 10 8 7 10 5 9 5 7 7 8 7 8 7 7 
4 2 3 3 4 2 3 5 4 3 3 6 3 3 3 3 3 3 4 5 3 3 2 1 2 6 5 4 4 3 0 3 2 3 3 1 4 4 3 3 2 3 2 3 4 3 3 2 3 3 4 5 4 1 4 2 1 3 3 2 4 4 4 4 4 2 3 3 1 3 4 2 2 3 2 3 4 3 3 4 4 4 4 5 4 3 2 4 3 2 5 5 2 2 4 2 4 3 3 2 3 2 4 3 3 3 2 4 2 2 3 3 4 3 3 3 3 4 5 3 5 3 2 2 2 4 4 4 2 2 3 4 0 2 4 3 4 4 3 3 3 3 4 3 4 3 4 2 2 3 4 3 3 4 4 4 2 3 4 2 5 3 1 4 4 2 4 4 3 2 3 4 2 2 2 4 1 4 4 3 6 3 3 4 3 3 3 4 2 2 3 2 4 5 3 1 3 4 3 2 
2 3 4 3 4 2 2 2 3 3 2 3 2 4 2 3 3 3 3 4 3 4 4 2 3 3 3 1 4 3 3 4 2 2 4 3 4 3 2 2 1 3 4 5 3 4 3 3 4 4 2 3 4 3 2 4 2 3 2 3 4 4 4 3 2 2 4 3 2 2 3 1 3 2 4 2 1 2 2 4 3 2 3 2 3 3 3 3 3 3 3 3 4 4 2 5 3 3 6 3 4 2 2 3 2 4 3 4 0 4 4 4 2 4 4 1 1 4 3 4 3 3 4 4 2 3 4 3 2 4 4 2 2 4 3 2 3 3 1 2 4 2 2 1 3 4 2 5 2 2 3 2 1 3 3 2 5 1 4 3 3 3 5 3 5 1 2 2 5 5 1 4 5 3 4 4 3 2 2 3 2 2 3 5 3 3 3 2 4 2 3 2 2 3 2 4 4 3 4 2 
7 11 11 11 9 11 7 10 13 6 10 9 9 5 13 6 9 13 7 8 18 13 16 13 4 8 9 5 4 6 8 12 4 12 6 11 13 10 13 14 10 9 6 9 9 16 15 9 14 12 8 13 13 11 15 12 7 11 11 4 3 11 10 12 11 13 17 10 8 11 6 6 8 17 15 9 4 9 18 13 15 11 9 13 9 8 15 13 7 8 9 14 12 14 8 13 11 10 10 12 14 9 14 6 17 4 5 6 8 10 12 18 10 12 6 16 14 17 12 8 10 10 13 11 7 10 6 7 4 10 13 7 16 11 11 9 17 6 5 16 6 8 10 5 8 7 17 10 10 8 7 13 10 13 13 12 5 5 11 10 8 13 13 10 12 12 12 12 9 13 11 7 13 8 5 13 10 6 17 12 10 8 13 9 5 7 11 10 9 16 14 7 11 17 10 7 17 10 7 6 
12 16 4 17 13 7 8 15 6 10 10 6 15 10 12 9 12 11 2 7 13 11 6 12 6 6 9 15 17 9 14 12 11 7 11 12 9 9 15 6 9 18 10 10 10 12 7 10 12 14 7 12 16 9 9 12 14 9 13 11 11 5 10 9 6 0 13 7 12 17 8 7 14 5 10 12 5 10 7 7 13 9 5 13 10 9 11 13 15 10 9 13 15 17 7 12 10 9 8 14 10 13 9 12 11 9 7 9 4 13 13 13 13 7 9 8 8 10 6 13 12 9 12 11 14 9 11 7 9 9 10 11 14 16 15 10 13 4 12 8 4 7 6 14 8 5 15 5 11 7 11 11 5 9 11 15 9 6 11 7 9 7 10 8 9 15 12 10 10 7 7 17 12 4 12 8 15 11 13 9 10 14 18 11 10 8 15 10 6 11 13 9 11 13 7 10 14 8 9 8 
6 4 2 5 5 6 8 8 5 7 6 6 11 9 8 4 7 6 5 7 8 6 6 3 4 6 6 8 2 3 7 7 5 6 8 6 4 9 6 8 9 8 9 2 3 8 8 2 6 5 3 6 10 5 7 4 8 5 7 5 5 9 6 7 6 8 7 6 3 8 6 2 6 5 7 4 9 4 5 5 8 6 7 6 3 5 5 5 7 7 5 2 6 5 8 7 7 5 4 7 7 5 8 10 6 5 8 6 8 4 7 7 7 8 3 10 5 8 9 5 5 7 7 3 4 4 6 7 5 8 7 6 7 6 7 5 10 8 3 6 4 9 3 6 9 2 2 5 4 2 9 3 6 6 7 9 5 2 10 9 7 4 4 8 8 8 7 4 4 6 4 6 5 6 6 7 2 5 5 6 4 7 8 7 3 4 6 4 6 6 6 5 8 7 3 6 6 2 4 5 
1 1 0 0 1 1 1 1 1 1 2 1 1 1 1 1 1 1 1 1 0 1 1 1 1 1 1 1 1 1 1 1 1 1 0 1 1 1 1 1 1 0 1 1 1 1 1 1 2 1 1 1 1 1 1 1 0 1 1 2 1 1 1 1 1 1 0 1 1 0 1 1 1 1 1 1 2 2 1 1 1 1 1 1 1 1 2 1 1 1 1 1 1 1 1 1 1 1 2 1 1 0 0 1 1 1 1 1 1 1 1 1 1 1 1 1 1 1 1 1 1 1 1 1 1 1 0 1 1 1 1 1 1 1 1 1 1 1 1 1 1 1 1 1 2 1 1 1 1 2 1 1 1 1 1 2 1 1 1 1 1 0 0 1 2 2 1 1 1 1 1 1 1 1 1 1 1 1 1 1 1 1 1 1 1 1 2 1 1 1 0 1 1 1 1 1 1 1 1 1 
4 3 5 4 4 4 3 4 8 7 6 5 7 6 6 3 6 4 6 2 5 6 3 4 6 5 6 5 3 3 6 6 8 6 3 5 4 5 4 7 3 7 5 6 3 6 4 3 4 6 6 6 5 5 5 3 4 7 3 6 8 4 3 1 5 1 6 6 7 5 5 6 4 7 7 5 6 6 3 5 5 5 8 4 3 6 4 7 6 4 2 5 3 3 4 7 2 7 5 4 5 7 5 6 6 5 6 2 7 3 4 4 7 5 1 5 6 4 8 4 7 6 5 7 4 6 5 6 4 6 7 5 5 5 6 4 3 5 3 6 7 4 5 5 8 4 5 7 5 6 2 4 8 5 6 4 6 4 9 4 5 6 5 4 3 5 6 6 3 6 6 6 4 6 4 4 7 7 4 2 4 5 7 6 5 4 5 7 4 2 6 3 2 5 3 3 5 5 4 6 
6 6 8 7 6 7 5 9 8 4 10 6 6 3 8 8 7 10 3 4 7 6 6 3 5 7 6 8 6 9 8 7 10 5 9 8 4 5 9 6 3 6 7 6 7 5 7 6 4 7 4 2 2 5 6 6 6 6 5 5 5 7 7 9 7 5 8 9 10 4 5 3 6 8 7 8 8 5 2 9 8 5 2 8 9 3 5 5 9 7 11 3 6 7 3 4 7 8 6 5 12 7 8 7 10 6 6 9 4 5 8 2 6 4 7 8 5 4 5 6 6 7 4 5 5 6 7 5 3 2 3 7 9 7 3 5 7 7 6 6 6 4 4 8 3 6 8 8 7 5 5 5 4 8 4 6 5 8 10 7 7 7 7 7 6 5 7 5 8 7 5 5 8 6 5 3 7 9 4 5 6 6 7 7 7 9 6 4 3 8 5 4 5 5 5 6 3 8 8 4 
7 6 7 10 6 11 8 10 7 9 16 11 8 8 9 7 10 10 7 5 1 4 6 9 5 9 7 9 9 7 8 5 13 7 10 7 6 7 7 5 4 6 10 8 9 10 8 11 15 6 8 8 8 9 12 13 8 9 11 9 7 3 7 5 12 11 7 6 7 5 7 6 8 6 12 8 11 6 7 11 11 4 10 14 4 7 11 7 3 7 7 8 5 3 8 5 4 11 8 8 3 5 13 10 3 11 7 13 4 7 4 9 15 7 4 6 7 8 4 13 5 4 10 6 8 8 12 10 10 6 6 10 6 2 8 10 12 3 11 6 12 11 4 10 7 7 10 8 11 4 10 7 6 7 6 9 3 8 10 8 11 7 7 5 13 9 9 6 7 10 3 9 8 7 10 10 8 9 9 12 6 5 8 13 6 9 10 9 12 8 5 11 9 11 10 5 5 10 8 10 
