NAME  : Jabali_60_2_0.93_1_1
TYPE : SVRP
MODEL : FINITE_SUPPORT
NUMBER_OF_SCENARIOS : 200
DIMENSION : 60
EDGE_WEIGHT_TYPE : MATRIX
CAPACITY : 181
N_VEHICLES : 2
NODE_COORD_SECTION
1 5172 3690
2 6287 2236
3 2226 18
4 2655 3235
5 7548 4683
6 6212 3949
7 2274 2584
8 3336 3270
9 8148 4325
10 7479 3039
11 7183 3720
12 8098 5216
13 7413 1275
14 6738 5448
15 7198 3057
16 3979 1690
17 6883 1232
18 3743 2854
19 7755 4206
20 7213 5698
21 1374 4827
22 7506 2611
23 3323 5358
24 6767 6955
25 2764 4599
26 4931 6456
27 7532 6472
28 4648 4300
29 494 3054
30 6577 1176
31 2837 4480
32 7440 1484
33 1723 2409
34 6381 6808
35 5084 4338
36 393 4141
37 2646 544
38 7681 5770
39 5520 5062
40 6233 3466
41 1403 2824
42 2978 5510
43 4504 5539
44 6195 1326
45 7669 6506
46 1312 3838
47 3158 2151
48 6357 5112
49 27 5227
50 7768 4547
51 2690 5136
52 474 4355
53 7722 5982
54 1119 5708
55 2392 3737
56 5520 2195
57 1141 3283
58 2377 5277
59 3255 562
60 7378 6771
DEMAND_SECTION
1 0.0
2 2.0
3 7.0
4 8.0
5 4.0
6 5.0
7 5.0
8 6.0
9 10.0
10 3.0
11 1.0
12 10.0
13 8.0
14 6.0
15 8.0
16 10.0
17 8.0
18 2.0
19 4.0
20 8.0
21 7.0
22 2.0
23 10.0
24 4.0
25 4.0
26 9.0
27 2.0
28 10.0
29 4.0
30 10.0
31 2.0
32 1.0
33 3.0
34 1.0
35 10.0
36 7.0
37 10.0
38 5.0
39 8.0
40 2.0
41 8.0
42 10.0
43 9.0
44 1.0
45 4.0
46 9.0
47 6.0
48 2.0
49 1.0
50 7.0
51 5.0
52 8.0
53 8.0
54 4.0
55 8.0
56 9.0
57 1.0
58 2.0
59 5.0
60 2.0
DEVIATION_SECTION
1 0.0
2 0.666667
3 2.33333
4 2.66667
5 1.33333
6 1.66667
7 1.66667
8 2.0
9 3.33333
10 1.0
11 0.333333
12 3.33333
13 2.66667
14 2.0
15 2.66667
16 3.33333
17 2.66667
18 0.666667
19 1.33333
20 2.66667
21 2.33333
22 0.666667
23 3.33333
24 1.33333
25 1.33333
26 3.0
27 0.666667
28 3.33333
29 1.33333
30 3.33333
31 0.666667
32 0.333333
33 1.0
34 0.333333
35 3.33333
36 2.33333
37 3.33333
38 1.66667
39 2.66667
40 0.666667
41 2.66667
42 3.33333
43 3.0
44 0.333333
45 1.33333
46 3.0
47 2.0
48 0.666667
49 0.333333
50 2.33333
51 1.66667
52 2.66667
53 2.66667
54 1.33333
55 2.66667
56 3.0
57 0.333333
58 0.666667
59 1.66667
60 0.666667
DISTANCE_MATRIX
0.0 41.1721 75.0823 39.2182 39.4743 14.7752 44.8661 30.8661 41.1885 36.0634 27.3716 46.2018 57.0559 31.326 33.6338 52.2015 56.0803 33.734 36.4324 38.0583 51.0411 40.6591 41.5933 51.1077 33.0445 49.0408 49.023 18.3848 65.2125 56.3681 32.5257 55.5099 51.9201 48.7545 12.3693 60.9054 66.8757 43.5741 23.3452 18.8694 53.2027 42.72 42.5793 54.2974 49.7854 52.2606 44.8827 24.2157 69.3257 39.1098 39.0728 60.1403 45.2269 59.4128 40.0698 34.0002 57.0623 42.5737 65.7974 51.1741 
41.1721 0.0 108.649 62.2319 39.0512 28.8617 74.6131 60.8998 36.6742 18.0278 24.5153 47.5395 18.7883 51.0392 16.5529 85.5906 15.5563 68.8944 33.8378 53.7587 62.7449 15.6205 38.3275 71.4493 42.2966 77.666 64.0312 50.9617 79.443 15.2643 42.4264 18.0278 79.5988 71.0634 44.5607 72.4431 101.016 55.0818 51.923 22.4722 78.57 41.9762 73.3894 13.3417 64.2884 63.9644 78.353 45.0444 77.2334 37.6431 43.1045 71.2531 57.28 63.9531 53.6418 9.43398 71.7742 47.1699 100.627 67.6831 
75.0823 108.649 0.0 52.1536 94.4104 83.2166 39.8246 48.1041 102.888 104.563 96.2688 99.3277 127.426 82.0061 102.133 28.2843 123.852 41.4005 100.373 88.295 76.0074 109.158 92.3796 85.0235 76.6042 61.0737 93.6483 59.5399 51.0392 122.794 75.6877 124.009 38.8973 80.025 65.5134 65.192 8.544 94.1488 67.0671 87.3687 45.607 90.211 52.1536 118.441 94.6414 59.4811 30.4795 80.0562 79.0 97.2356 83.7841 67.2681 94.7259 85.1587 59.5575 104.918 52.3927 82.7722 14.1421 92.2659 
39.2182 62.2319 52.1536 0.0 67.2173 47.6142 12.7279 10.2956 74.0275 68.9024 60.2106 72.2028 81.0219 56.5354 66.4728 40.0 77.2519 19.6469 69.2714 63.8113 28.6155 72.3187 40.8044 70.9543 25.0 57.4282 73.5552 28.778 30.1097 73.3593 24.0416 80.1733 17.8049 66.9195 31.4232 37.209 45.618 69.8933 41.2804 51.7083 18.1078 38.833 46.6476 68.9963 74.4722 24.4309 24.5153 51.2779 51.68 71.9488 32.5576 38.3092 71.0883 42.5472 8.06226 55.4784 21.9595 33.0606 48.0833 74.3772 
39.4743 39.0512 94.4104 67.2173 0.0 24.7056 72.3094 58.5757 8.60233 23.0217 14.5602 10.8167 46.6905 14.7648 23.0868 66.764 49.0408 57.4536 6.32456 15.0 99.8702 28.1603 67.0004 33.0151 65.7412 45.4863 25.0 38.7716 93.2116 51.0098 65.649 44.7214 79.552 33.541 36.3009 105.407 85.876 16.1555 27.5958 25.1873 81.1736 69.6395 46.1033 51.3517 25.2982 87.8534 67.6846 17.0592 102.136 2.82843 68.6582 106.507 18.3848 90.1987 73.6884 46.2385 85.382 72.751 81.9956 28.6356 
14.7752 28.8617 83.2166 47.6142 24.7056 0.0 53.2621 39.2621 26.4198 21.4009 13.0623 34.9695 43.2666 24.7952 19.105 58.6941 42.9535 42.0595 21.6637 31.4853 75.1712 26.1725 49.966 45.5412 47.7912 48.8365 42.4499 24.0832 73.6085 43.6578 47.2724 41.6173 60.3161 44.1475 17.8045 80.7078 74.8866 37.001 23.0868 7.07107 61.5987 57.4932 44.7772 42.2019 43.2123 67.9297 53.2353 17.72 84.0723 24.3411 53.8194 81.8081 38.6539 74.1595 53.7647 33.0151 65.4583 57.3204 73.1095 44.6204 
44.8661 74.6131 39.8246 12.7279 72.3094 53.2621 0.0 14.0 79.6754 74.5503 66.3178 77.2948 93.3902 61.3922 72.1207 32.28 89.6202 17.2047 74.9193 68.6586 37.2746 79.146 52.6416 73.7902 36.8662 56.6392 77.7946 33.541 23.3452 85.7276 35.9497 92.5416 7.28011 69.3542 37.0135 33.1059 33.8378 74.5252 45.607 57.3562 11.4018 50.369 45.2769 81.3646 78.7464 22.0907 15.5242 56.4358 47.927 75.1346 44.0462 34.5398 75.9276 49.2544 19.8195 67.8467 17.4642 44.0595 37.3363 78.1857 
30.8661 60.8998 48.1041 10.2956 58.5757 39.2621 14.0 0.0 65.6754 60.5503 52.3178 63.5611 79.6769 47.8017 58.1207 31.4006 76.1023 10.0 60.9193 55.0818 38.6757 65.146 48.5246 61.5873 33.0606 47.2017 64.622 19.9249 34.8855 75.0446 32.0624 78.8283 21.095 57.4282 23.0217 41.9862 40.6079 60.8769 32.311 43.3562 22.8473 47.0956 36.3593 70.6916 65.5515 29.2081 18.0278 42.5793 56.4573 61.4009 41.0122 43.0865 62.3618 52.6074 17.4642 57.1682 26.7367 42.107 41.5933 65.307 
41.1885 36.6742 102.888 74.0275 8.60233 26.4198 79.6754 65.6754 0.0 18.9737 14.2127 11.1803 41.0122 22.8035 20.1246 75.2421 44.2832 65.9317 5.09902 21.1896 101.584 23.3452 68.2495 38.833 67.4554 53.6004 29.0 47.2497 100.022 46.6905 67.3632 39.0128 86.7294 40.1622 44.1645 107.121 94.3541 20.025 36.0738 26.9016 88.012 70.8891 54.5814 47.8017 29.0172 94.343 76.1627 25.5373 103.85 5.83095 69.9078 108.221 22.0 91.9129 80.178 44.9444 91.8716 74.0006 90.4737 33.0151 
36.0634 18.0278 104.563 68.9024 23.0217 21.4009 74.5503 60.5503 18.9737 0.0 10.2956 30.0832 24.0416 36.8782 3.0 79.9812 26.0192 63.3534 17.0294 38.0132 74.0394 5.38516 53.2353 56.0357 53.1277 66.7309 47.3814 45.4533 90.7376 28.0713 53.0355 22.1359 81.6043 56.4358 39.2046 82.9615 96.2601 38.3275 42.9833 18.9737 87.9963 56.3649 64.9318 28.8617 47.5184 74.1939 74.5269 38.0874 89.5225 21.0238 55.9732 81.9972 40.4475 77.4919 63.0681 26.9072 83.0688 60.0833 94.4934 51.2445 
27.3716 24.5153 96.2688 60.2106 14.5602 13.0623 66.3178 52.3178 14.2127 10.2956 0.0 23.8537 34.176 27.1662 9.21954 71.5282 35.5106 55.1199 10.0 29.2746 87.7676 15.6525 54.037 47.0956 52.7787 56.7643 39.5601 37.0156 86.2049 37.1214 52.6865 32.311 72.9125 47.0425 30.807 93.3042 87.9277 30.6757 34.5296 13.3417 74.1951 56.6769 56.4782 37.054 39.8497 80.5261 66.2944 28.1209 89.1735 13.4164 55.6957 94.4045 32.8938 77.2361 66.3611 31.7805 78.0547 59.7885 86.0555 43.1741 
46.2018 47.5395 99.3277 72.2028 10.8167 34.9695 77.2948 63.5611 11.1803 30.0832 23.8537 0.0 52.0096 17.4642 31.0161 71.5122 55.4437 62.4391 13.8924 12.7279 100.08 34.5254 77.2643 28.7924 76.0051 46.6905 18.1108 43.7571 98.1971 57.8705 75.9129 50.01 84.5375 30.8869 41.2864 105.617 90.802 9.48683 32.5812 35.4513 86.1591 79.9034 49.7393 58.9406 18.0278 92.8389 72.6701 22.0446 112.4 10.6301 78.9222 106.717 11.1803 100.463 78.6739 55.4707 90.3675 83.015 86.7295 22.2036 
57.0559 18.7883 127.426 81.0219 46.6905 43.2666 93.3902 79.6769 41.0122 24.0416 34.176 52.0096 0.0 60.8769 25.0799 101.474 6.7082 84.346 40.4475 61.5224 81.0068 18.6815 54.037 79.511 60.4152 90.6412 70.0071 66.8455 97.705 10.2956 60.6383 2.0 98.3888 80.2309 60.4445 90.4268 117.255 61.0328 65.7647 38.2884 97.2431 58.0086 87.7097 14.8661 70.0 82.2264 97.1301 62.1291 94.0213 44.4072 60.208 89.1067 63.0079 80.0562 72.3148 25.1794 90.0362 64.1249 115.669 74.027 
31.326 51.0392 82.0061 56.5354 14.7648 24.7952 61.3922 47.8017 22.8035 36.8782 27.1662 17.4642 60.8769 0.0 36.3456 54.0833 62.6498 46.0977 21.0238 7.28011 84.6047 42.2019 72.9082 20.8806 64.2773 30.8058 17.8045 27.8927 82.5297 64.2806 63.7585 58.9406 68.6586 20.025 25.9422 90.1413 73.4983 13.1529 16.0312 31.7658 70.5195 74.044 32.45 64.0078 18.6011 77.3632 56.0357 7.2111 104.612 17.4929 70.3703 91.2416 14.5602 90.6456 63.1982 57.2059 74.3795 73.8065 69.2892 19.8494 
33.6338 16.5529 102.133 66.4728 23.0868 19.105 72.1207 58.1207 20.1246 3.0 9.21954 31.0161 25.0799 36.3456 0.0 77.7946 26.3059 60.9239 17.4642 38.0526 71.1647 7.07107 50.6063 56.0089 50.2529 65.8076 47.8539 43.1856 87.8628 28.0179 50.1608 23.2594 79.1747 56.1427 36.8782 80.0868 93.8332 38.833 40.9314 16.1555 85.1216 53.6656 62.8799 28.2843 48.0521 71.3192 72.0973 37.3398 86.6478 21.3776 53.1413 79.1225 41.0 74.6726 60.1933 25.0 80.1941 57.2451 92.1954 51.6236 
52.2015 85.5906 28.2843 40.0 66.764 58.6941 32.28 31.4006 75.2421 79.9812 71.5282 71.5122 101.474 54.0833 77.7946 0.0 100.499 21.587 72.7269 60.1664 68.208 84.8646 79.9138 57.0351 64.3817 33.7343 65.3758 34.6554 53.7122 100.786 63.3877 99.9283 36.6742 52.0384 41.0366 65.192 20.025 65.9697 39.8246 63.2878 43.0813 78.4092 24.0 97.7975 66.3702 54.1295 16.7631 52.7731 80.0562 69.5892 72.2496 66.7308 66.4906 81.2158 48.0104 84.8669 49.6488 73.0274 15.2315 64.0703 
56.0803 15.5563 123.852 77.2519 49.0408 42.9535 89.6202 76.1023 44.2832 26.0192 35.5106 55.4437 6.7082 62.6498 26.3059 100.499 0.0 84.0969 43.0 64.0312 76.0074 21.0238 48.0104 82.0549 55.3624 91.0934 73.171 65.8699 92.7055 3.60555 55.6597 7.81025 92.5268 82.3893 59.4689 85.1469 116.218 64.1249 65.9242 37.2156 92.8297 52.0384 87.7268 8.24621 73.2462 77.2269 93.5555 63.6222 88.1419 47.0 54.5894 83.7437 66.1891 74.0 67.9014 19.9249 85.0367 58.4209 115.829 77.1038 
33.734 68.8944 41.4005 19.6469 57.4536 42.0595 17.2047 10.0 65.9317 63.3534 55.1199 62.4391 84.346 46.0977 60.9239 21.587 84.0969 0.0 63.7213 53.2353 48.2616 67.9491 58.4736 56.8595 43.0465 39.598 61.6117 19.4165 40.4599 83.0392 42.0476 82.8 24.1868 52.3259 24.6982 48.8262 33.3017 59.2115 30.0666 46.1594 28.3196 57.0789 28.3196 79.553 62.5859 36.0555 11.1803 42.107 63.3047 60.2788 51.0098 49.93 60.407 62.1934 27.2947 65.1628 33.4215 52.0865 33.0151 61.6847 
36.4324 33.8378 100.373 69.2714 6.32456 21.6637 74.9193 60.9193 5.09902 17.0294 10.0 13.8924 40.4475 21.0238 17.4642 72.7269 43.0 63.7213 0.0 21.095 96.8284 22.0227 63.809 39.1152 62.6993 51.6236 30.4138 45.6171 95.2657 45.0999 62.6072 38.4708 81.9733 39.8121 39.4084 102.365 91.8389 21.3776 33.5586 22.1455 83.2559 66.4481 52.0661 45.7056 30.5941 89.5869 74.8958 23.022 99.0942 4.0 65.6164 103.465 23.5372 87.1568 75.4219 41.5933 87.1155 69.7092 87.9584 34.2345 
38.0583 53.7587 88.295 63.8113 15.0 31.4853 68.6586 55.0818 21.1896 38.0132 29.2746 12.7279 61.5224 7.28011 38.0526 60.1664 64.0312 53.2353 21.095 0.0 91.834 43.1045 79.6404 18.0278 70.9844 33.9706 11.4018 35.171 89.8056 66.0076 70.4656 59.5399 75.9276 18.9737 33.1059 97.3706 79.8311 6.0 23.1948 38.4559 77.7946 80.7763 37.5766 66.2722 12.0416 84.5926 63.0 13.9012 111.945 17.1172 77.1025 98.4709 7.28011 97.3527 70.4276 60.4401 81.6554 80.5136 75.2861 14.3178 
51.0411 62.7449 76.0074 28.6155 99.8702 75.1712 37.2746 38.6757 101.584 74.0394 87.7676 100.08 81.0068 84.6047 71.1647 68.208 76.0074 48.2616 96.8284 91.834 0.0 75.1518 33.4951 98.5113 20.6491 85.026 102.029 56.3349 32.6982 73.7875 20.3693 80.5672 37.1548 94.4765 58.9802 26.0278 70.8172 97.4526 68.8373 79.2653 30.8254 30.2036 74.6408 69.0983 102.909 17.2195 36.0 78.8349 35.4591 99.5057 24.2788 25.2627 99.1055 29.9317 21.4164 56.0833 25.0294 22.7648 74.6108 103.222 
40.6591 15.6205 109.158 72.3187 28.1603 26.1725 79.146 65.146 23.3452 5.38516 15.6525 34.5254 18.6815 42.2019 7.07107 84.8646 21.0238 67.9491 22.0227 43.1045 75.1518 0.0 52.9245 61.131 54.231 72.0987 52.1536 50.2494 91.85 23.3452 54.1479 16.7631 89.6857 61.6604 43.9318 84.074 100.858 43.1045 47.9687 22.8254 89.1088 56.3028 69.9172 24.6982 52.2398 75.3063 79.1226 43.4553 90.4268 26.0192 56.5155 83.1097 45.1774 77.8845 64.1805 25.0 84.1812 60.6383 99.2472 56.0803 
41.5933 38.3275 92.3796 40.8044 67.0004 49.966 52.6416 48.5246 68.2495 53.2353 54.037 77.2643 54.037 72.9082 50.6063 79.9138 48.0104 58.4736 63.809 79.6404 33.4951 52.9245 0.0 92.69 15.8114 88.6862 90.6051 55.5447 49.679 45.0999 16.7631 54.1479 54.6499 90.3383 51.5935 39.3573 86.1634 83.0067 64.2573 43.1902 48.3205 4.12311 79.9062 40.1123 91.3675 34.7131 65.2534 65.7979 40.1995 66.6359 9.21954 37.5766 86.809 26.0192 32.8938 29.4279 42.5206 11.6619 88.8876 92.7755 
51.1077 71.4493 85.0235 70.9543 33.0151 45.5412 73.7902 61.5873 38.833 56.0357 47.0956 28.7924 79.511 20.8806 56.0089 57.0351 82.0549 56.8595 39.1152 18.0278 98.5113 61.131 92.69 0.0 84.0599 24.5153 12.0416 42.638 96.3846 84.0 83.5411 77.5242 80.9568 5.0 43.1856 104.048 77.0065 19.3132 30.4138 52.5118 84.22 93.8136 33.0606 84.1487 12.7279 91.2698 64.56 27.8568 118.519 35.1283 90.0882 105.148 17.8885 109.572 77.1048 77.7592 88.275 93.5891 71.1126 8.60233 
33.0445 42.2966 76.6042 25.0 65.7412 47.7912 36.8662 33.0606 67.4554 53.1277 52.7787 76.0051 60.4152 64.2773 50.2529 64.3817 55.3624 43.0465 62.6993 70.9844 20.6491 54.231 15.8114 84.0599 0.0 75.6108 81.949 42.5441 37.3473 53.1413 1.0 60.0167 41.8648 81.1238 42.918 30.1496 70.3847 76.5001 54.286 41.931 35.4745 14.0357 66.2193 48.4665 82.7115 21.8687 49.4773 57.1032 36.6879 65.3767 8.06226 29.0172 78.153 26.4008 17.088 35.4401 29.6785 10.2956 73.0821 84.1192 
49.0408 77.666 61.0737 57.4282 45.4863 48.8365 56.6392 47.2017 53.6004 66.7309 56.7643 46.6905 90.6412 30.8058 65.8076 33.7343 91.0934 39.598 51.6236 33.9706 85.026 72.0987 88.6862 24.5153 75.6108 0.0 34.9285 33.2415 79.9812 92.1792 74.6726 88.8618 63.2535 19.6469 37.3363 88.1905 53.3385 38.6005 26.0768 55.5788 67.897 88.6145 11.4018 91.0055 35.8469 75.4124 44.4185 34.0147 102.662 48.2597 83.4865 89.2908 38.2753 99.1265 63.7892 81.3941 72.9178 85.7963 47.0106 32.573 
49.023 64.0312 93.6483 73.5552 25.0 42.4499 77.7946 64.622 29.0 47.3814 39.5601 18.1108 70.0071 17.8045 47.8539 65.3758 73.171 61.6117 30.4138 11.4018 102.029 52.1536 90.6051 12.0416 81.949 34.9285 0.0 44.7772 99.4759 75.4255 81.4302 68.0074 85.0706 15.8114 43.566 107.566 85.3756 9.05539 32.311 49.7751 87.4643 91.7409 41.5933 76.1183 1.0 94.7875 70.5762 24.8658 122.037 26.4764 88.0672 108.666 7.0 108.127 80.6225 71.1688 91.3993 91.4782 80.0625 4.12311 
18.3848 50.9617 59.5399 28.778 38.7716 24.0832 33.541 19.9249 47.2497 45.4533 37.0156 43.7571 66.8455 27.8927 43.1856 34.6554 65.8699 19.4165 45.6171 35.171 56.3349 50.2494 55.5447 42.638 42.5441 33.2415 44.7772 0.0 54.7227 66.1576 41.6293 65.2993 40.7922 38.8973 6.40312 61.8716 51.1077 41.0 12.53 28.6589 42.72 55.4729 25.0 64.087 45.6946 49.0935 30.3645 23.0217 76.3426 41.5968 50.366 62.9718 42.45 67.4432 34.9285 52.1279 46.6221 52.8015 49.0408 45.6508 
65.2125 79.443 51.0392 30.1097 93.2116 73.6085 23.3452 34.8855 100.022 90.7376 86.2049 98.1971 97.705 82.5297 87.8628 53.7122 92.7055 40.4599 95.2657 89.8056 32.6982 91.85 49.679 96.3846 37.3473 79.9812 99.4759 54.7227 0.0 90.4857 37.0675 97.2654 17.2047 92.1141 57.4175 14.3178 48.3735 95.5489 67.1692 77.7026 12.2066 46.0109 68.6222 85.7965 100.401 16.1555 37.4433 77.2722 28.0713 97.9431 40.6079 16.4924 97.0826 35.1141 37.1229 72.7814 10.0 38.2099 54.3415 100.18 
56.3681 15.2643 122.794 73.3593 51.0098 43.6578 85.7276 75.0446 46.6905 28.0713 37.1214 57.8705 10.2956 64.2806 28.0179 100.786 3.60555 83.0392 45.0999 66.0076 73.7875 23.3452 45.0999 84.0 53.1413 92.1792 75.4255 66.1576 90.4857 0.0 53.4883 11.4018 90.7262 84.1487 59.7567 82.7103 115.161 66.3702 66.7308 37.5766 91.0291 49.163 88.3912 5.0 75.5381 75.0071 92.4979 58.95 85.2877 49.0918 51.9711 81.2527 68.469 71.0282 66.1009 17.8885 82.8169 55.7315 114.772 79.3095 
32.5257 42.4264 75.6877 24.0416 65.649 47.2724 35.9497 32.0624 67.3632 53.0355 52.6865 75.9129 60.6383 63.7585 50.1608 63.3877 55.6597 42.0476 62.6072 70.4656 20.3693 54.1479 16.7631 83.5411 1.0 74.6726 81.4302 41.6293 37.0675 53.4883 0.0 60.208 40.9483 80.2054 41.9996 30.0666 69.4622 75.9813 53.3676 41.8388 35.1947 15.0333 65.2534 48.8467 82.1927 21.5889 48.5077 56.5844 37.0 65.2845 9.05539 29.0 77.6342 27.0185 16.1555 35.7351 29.3987 11.1803 72.1249 83.6004 
55.5099 18.0278 124.009 80.1733 44.7214 41.6173 92.5416 78.8283 39.0128 22.1359 32.311 50.01 2.0 58.9406 23.2594 99.9283 7.81025 82.8 38.4708 59.5399 80.5672 16.7631 54.1479 77.5242 60.0167 88.8618 68.0074 65.2993 97.2654 11.4018 60.208 0.0 97.5402 78.2624 58.8985 90.0944 115.709 59.0339 64.0078 36.7967 96.5912 58.0775 85.9593 15.6525 68.0 81.7868 93.9734 60.2183 94.0 42.4264 60.075 88.8144 61.0082 80.1561 71.6629 25.02 89.5966 64.0312 114.123 72.0278 
51.9201 79.5988 38.8973 17.8049 79.552 60.3161 7.28011 21.095 86.7294 81.6043 72.9125 84.5375 98.3888 68.6586 79.1747 36.6742 92.5268 24.1868 81.9733 75.9276 37.1548 89.6857 54.6499 80.9568 41.8648 63.2535 85.0706 40.7922 17.2047 90.7262 40.9483 97.5402 0.0 76.4788 44.1022 28.8617 34.2345 81.7863 52.8867 64.4102 7.0 51.3584 51.8556 86.3632 86.0233 20.6155 20.2485 63.6396 43.6807 82.3772 45.4336 30.5941 83.1986 47.0425 24.8182 72.8454 14.0 43.9196 39.0512 85.44 
48.7545 71.0634 80.025 66.9195 33.541 44.1475 69.3542 57.4282 40.1622 56.4358 47.0425 30.8869 80.2309 20.025 56.1427 52.0384 82.3893 52.3259 39.8121 18.9737 94.4765 61.6604 90.3383 5.0 81.1238 19.6469 15.8114 38.8973 92.1141 84.1487 80.2054 78.2624 76.4788 0.0 40.0 100.013 72.0069 21.6333 27.0185 51.1957 79.925 91.3042 28.0713 84.0 16.6433 87.235 59.7746 26.4764 114.484 35.9026 87.5561 101.113 20.6155 106.013 73.07 76.7919 84.0618 91.057 66.1211 13.0 
12.3693 44.5607 65.5134 31.4232 36.3009 17.8045 37.0135 23.0217 44.1645 39.2046 30.807 41.2864 60.4445 25.9422 36.8782 41.0366 59.4689 24.6982 39.4084 33.1059 58.9802 43.9318 51.5935 43.1856 42.918 37.3363 43.566 6.40312 57.4175 59.7567 41.9996 58.8985 44.1022 40.0 0.0 64.5168 57.1402 38.6264 13.0384 22.2579 45.398 52.3812 30.2655 57.686 44.4185 51.7387 35.8469 19.9249 78.9879 39.1261 50.7288 65.6171 40.3113 67.8067 37.5737 46.3401 49.2673 53.1688 55.3173 45.0 
60.9054 72.4431 65.192 37.209 105.407 80.7078 33.1059 41.9862 107.121 82.9615 93.3042 105.617 90.4268 90.1413 80.0868 65.192 85.1469 48.8262 102.365 97.3706 26.0278 84.074 39.3573 104.048 30.1496 88.1905 107.566 61.8716 14.3178 82.7103 30.0666 90.0944 28.8617 100.013 64.5168 0.0 62.0725 102.989 74.374 84.8019 22.1359 35.3553 77.0335 77.8845 108.446 14.4222 48.4665 84.3715 14.8661 105.042 31.0161 2.23607 104.642 21.0238 31.4442 65.307 15.6525 27.7308 67.6018 107.471 
66.8757 101.016 8.544 45.618 85.876 74.8866 33.8378 40.6079 94.3541 96.2601 87.9277 90.802 117.255 73.4983 93.8332 20.025 116.218 33.3017 91.8389 79.8311 70.8172 100.858 86.1634 77.0065 70.3847 53.3385 85.3756 51.1077 48.3735 115.161 69.4622 115.709 34.2345 72.0069 57.1402 62.0725 0.0 85.703 58.5235 79.0687 41.1947 83.8908 44.0114 110.807 86.3713 54.7449 22.6716 71.5122 76.4199 88.7012 77.568 64.0312 86.3134 81.2219 53.3104 97.2841 48.1664 77.582 7.81025 84.0952 
43.5741 55.0818 94.1488 69.8933 16.1555 37.001 74.5252 60.8769 20.025 38.3275 30.6757 9.48683 61.0328 13.1529 38.833 65.9697 64.1249 59.2115 21.3776 6.0 97.4526 43.1045 83.0067 19.3132 76.5001 38.6005 9.05539 41.0 95.5489 66.3702 75.9813 59.0339 81.7863 21.6333 38.6264 102.989 85.703 0.0 29.1548 41.1937 83.5225 86.292 43.0813 67.082 9.21954 90.2112 69.0 19.4169 117.46 17.4642 82.6183 104.09 2.23607 102.868 76.0462 62.3939 87.7374 86.0293 81.0432 13.0 
23.3452 51.923 67.0671 41.2804 27.5958 23.0868 45.607 32.311 36.0738 42.9833 34.5296 32.5812 65.7647 16.0312 40.9314 39.8246 65.9242 30.0666 33.5586 23.1948 68.8373 47.9687 64.2573 30.4138 54.286 26.0768 32.311 12.53 67.1692 66.7308 53.3676 64.0078 52.8867 27.0185 13.0384 74.374 58.5235 29.1548 0.0 29.6142 55.1543 65.0461 21.9545 65.2534 33.2415 61.5959 40.1123 13.0 88.845 30.421 61.298 75.4742 30.4138 79.1747 47.4309 55.3263 59.1245 64.5368 55.0091 33.121 
18.8694 22.4722 87.3687 51.7083 25.1873 7.07107 57.3562 43.3562 26.9016 18.9737 13.3417 35.4513 38.2884 31.7658 16.1555 63.2878 37.2156 46.1594 22.1455 38.4559 79.2653 22.8254 43.1902 52.5118 41.931 55.5788 49.7751 28.6589 77.7026 37.5766 41.8388 36.7967 64.4102 51.1957 22.2579 84.8019 79.0687 41.1937 29.6142 0.0 65.6929 45.8293 50.9215 35.7351 50.1733 72.0239 57.3329 24.7386 78.3258 24.8228 44.848 85.9022 43.4295 66.3885 57.8589 26.0 69.5525 48.9408 77.4822 51.591 
53.2027 78.57 45.607 18.1078 81.1736 61.5987 11.4018 22.8473 88.012 87.9963 74.1951 86.1591 97.2431 70.5195 85.1216 43.0813 92.8297 28.3196 83.2559 77.7946 30.8254 89.1088 48.3205 84.22 35.4745 67.897 87.4643 42.72 12.2066 91.0291 35.1947 96.5912 7.0 79.925 45.398 22.1359 41.1947 83.5225 55.1543 65.6929 0.0 45.029 56.5685 86.6662 88.3912 13.9284 26.4008 65.1103 37.0 85.9333 39.1042 23.7697 85.0706 40.05 25.1211 73.1483 7.0 37.5899 46.0435 88.1419 
42.72 41.9762 90.211 38.833 69.6395 57.4932 50.369 47.0956 70.8891 56.3649 56.6769 79.9034 58.0086 74.044 53.6656 78.4092 52.0384 57.0789 66.4481 80.7763 30.2036 56.3028 4.12311 93.8136 14.0357 88.6145 91.7409 55.4729 46.0109 49.163 15.0333 58.0775 51.3584 91.3042 52.3812 35.3553 83.8908 86.292 65.0461 45.8293 45.029 0.0 79.6241 44.1814 92.5034 31.4006 63.3482 66.9337 36.1248 69.275 6.32456 33.541 87.9449 22.0907 30.8058 33.2415 39.2046 7.81025 86.8332 93.9114 
42.5793 73.3894 52.1536 46.6476 46.1033 44.7772 45.2769 36.3593 54.5814 64.9318 56.4782 49.7393 87.7097 32.45 62.8799 24.0 87.7268 28.3196 52.0661 37.5766 74.6408 69.9172 79.9062 33.0606 66.2193 11.4018 41.5933 25.0 68.6222 88.3912 65.2534 85.9593 51.8556 28.0713 30.2655 77.0335 44.0114 43.0813 21.9545 50.9215 56.5685 79.6241 0.0 86.6487 42.5793 64.2555 33.121 33.2415 91.5046 48.9285 74.2159 78.1338 43.3244 88.5786 53.2413 75.9839 61.7171 76.2686 38.4708 40.1123 
54.2974 13.3417 118.441 68.9963 51.3517 42.2019 81.3646 70.6916 47.8017 28.8617 37.054 58.9406 14.8661 64.0078 28.2843 97.7975 8.24621 79.553 45.7056 66.2722 69.0983 24.6982 40.1123 84.1487 48.4665 91.0055 76.1183 64.087 85.7965 5.0 48.8467 15.6525 86.3632 84.0 57.686 77.8845 110.807 67.082 65.2534 35.7351 86.6662 44.1814 86.6487 0.0 76.2955 70.3178 88.1448 58.2151 80.3057 49.6488 47.0744 76.4003 69.2315 66.0303 61.7379 13.6015 78.1277 50.8035 111.286 79.9062 
49.7854 64.2884 94.6414 74.4722 25.2982 43.2123 78.7464 65.5515 29.0172 47.5184 39.8497 18.0278 70.0 18.6011 48.0521 66.3702 73.2462 62.5859 30.5941 12.0416 102.909 52.2398 91.3675 12.7279 82.7115 35.8469 1.0 45.6946 100.401 75.5381 82.1927 68.0 86.0233 16.6433 44.4185 108.446 86.3713 9.21954 33.2415 50.1733 88.3912 92.5034 42.5793 76.2955 0.0 95.6676 71.5681 25.6283 122.917 26.6833 88.8296 109.546 7.07107 109.08 81.5027 71.5122 92.3164 92.2407 81.0494 4.47214 
52.2606 63.9644 59.4811 24.4309 87.8534 67.9297 22.0907 29.2081 94.343 74.1939 80.5261 92.8389 82.2264 77.3632 71.3192 54.1295 77.2269 36.0555 89.5869 84.5926 17.2195 75.3063 34.7131 91.2698 21.8687 75.4124 94.7875 49.0935 16.1555 75.0071 21.5889 81.7868 20.6155 87.235 51.7387 14.4222 54.7449 90.2112 61.5959 72.0239 13.9284 31.4006 64.2555 70.3178 95.6676 0.0 37.4833 71.5935 27.8029 92.2643 25.4951 14.8661 91.864 27.1662 22.636 57.3028 7.81025 23.8537 59.0762 94.6927 
44.8827 78.353 30.4795 24.5153 67.6846 53.2353 15.5242 18.0278 76.1627 74.5269 66.2944 72.6701 97.1301 56.0357 72.0973 16.7631 93.5555 11.1803 74.8958 63.0 36.0 79.1226 65.2534 64.56 49.4773 44.4185 70.5762 30.3645 37.4433 92.4979 48.5077 93.9734 20.2485 59.7746 35.8469 48.4665 22.6716 69.0 40.1123 57.3329 26.4008 63.3482 33.121 88.1448 71.5681 37.4833 0.0 52.6118 63.3246 70.5098 57.0701 49.98 70.0286 64.6297 32.5576 74.6214 32.8938 57.4282 23.7697 70.214 
24.2157 45.0444 80.0562 51.2779 17.0592 17.72 56.4358 42.5793 25.5373 38.0874 28.1209 22.0446 62.1291 7.2111 37.3398 52.7731 63.6222 42.107 23.022 13.9012 78.8349 43.4553 65.7979 27.8568 57.1032 34.0147 24.8658 23.0217 77.2722 58.95 56.5844 60.2183 63.6396 26.4764 19.9249 84.3715 71.5122 19.4169 13.0 24.7386 65.1103 66.9337 33.2415 58.2151 25.6283 71.5935 52.6118 0.0 98.8426 19.8844 63.2599 85.4718 21.0698 83.4715 57.4285 50.3587 69.122 66.7609 67.9779 27.0185 
69.3257 77.2334 79.0 51.68 102.136 84.0723 47.927 56.4573 103.85 89.5225 89.1735 112.4 94.0213 104.612 86.6478 80.0562 88.1419 63.3047 99.0942 111.945 35.4591 90.4268 40.1995 118.519 36.6879 102.662 122.037 76.3426 28.0713 85.2877 37.0 94.0 43.6807 114.484 78.9879 14.8661 76.4199 117.46 88.845 78.3258 37.0 36.1248 91.5046 80.3057 122.917 27.8029 63.3246 98.8426 0.0 101.772 34.1321 13.4164 119.113 14.8661 40.8755 69.0072 30.4631 30.0666 82.201 123.23 
39.1098 37.6431 97.2356 71.9488 2.82843 24.3411 75.1346 61.4009 5.83095 21.0238 13.4164 10.6301 44.4072 17.4929 21.3776 69.5892 47.0 60.2788 4.0 17.1172 99.5057 26.0192 66.6359 35.1283 65.3767 48.2597 26.4764 41.5968 97.9431 49.0918 65.2845 42.4264 82.3772 35.9026 39.1261 105.042 88.7012 17.4642 30.421 24.8228 85.9333 69.275 48.9285 49.6488 26.6833 92.2643 70.5098 19.8844 101.772 0.0 68.2938 106.143 19.6469 89.8342 78.0993 45.1885 89.7929 72.3865 84.8208 30.2655 
39.0728 43.1045 83.7841 32.5576 68.6582 53.8194 44.0462 41.0122 69.9078 55.9732 55.6957 78.9222 60.208 70.3703 53.1413 72.2496 54.5894 51.0098 65.6164 77.1025 24.2788 56.5155 9.21954 90.0882 8.06226 83.4865 88.0672 50.366 40.6079 51.9711 9.05539 60.075 45.4336 87.5561 50.7288 31.0161 77.568 82.6183 61.298 44.848 39.1042 6.32456 74.2159 47.0744 88.8296 25.4951 57.0701 63.2599 34.1321 68.2938 0.0 29.4109 84.2711 21.5407 24.5153 35.0571 33.3017 4.12311 80.5233 90.2183 
60.1403 71.2531 67.2681 38.3092 106.507 81.8081 34.5398 43.0865 108.221 81.9972 94.4045 106.717 89.1067 91.2416 79.1225 66.7308 83.7437 49.93 103.465 98.4709 25.2627 83.1097 37.5766 105.148 29.0172 89.2908 108.666 62.9718 16.4924 81.2527 29.0 88.8144 30.5941 101.113 65.6171 2.23607 64.0312 104.09 75.4742 85.9022 23.7697 33.541 78.1338 76.4003 109.546 14.8661 49.98 85.4718 13.4164 106.143 29.4109 0.0 105.742 18.7883 30.6791 63.9531 17.088 26.0 69.4622 109.859 
45.2269 57.28 94.7259 71.0883 18.3848 38.6539 75.9276 62.3618 22.0 40.4475 32.8938 11.1803 63.0079 14.5602 41.0 66.4906 66.1891 60.407 23.5372 7.28011 99.1055 45.1774 86.809 17.8885 78.153 38.2753 7.0 42.45 97.0826 68.469 77.6342 61.0082 83.1986 20.6155 40.3113 104.642 86.3134 2.23607 30.4138 43.4295 85.0706 87.9449 43.3244 69.2315 7.07107 91.864 70.0286 21.0698 119.113 19.6469 84.2711 105.742 0.0 104.521 77.699 64.622 88.9324 87.6822 81.4923 11.0454 
59.4128 63.9531 85.1587 42.5472 90.1987 74.1595 49.2544 52.6074 91.9129 77.4919 77.2361 100.463 80.0562 90.6456 74.6726 81.2158 74.0 62.1934 87.1568 97.3527 29.9317 77.8845 26.0192 109.572 26.4008 99.1265 108.127 67.4432 35.1141 71.0282 27.0185 80.1561 47.0425 106.013 67.8067 21.0238 81.2219 102.868 79.1747 66.3885 40.05 22.0907 88.5786 66.0303 109.08 27.1662 64.6297 83.4715 14.8661 89.8342 21.5407 18.7883 104.521 0.0 35.3412 55.3263 33.0606 17.4642 86.0 110.488 
40.0698 53.6418 59.5575 8.06226 73.6884 53.7647 19.8195 17.4642 80.178 63.0681 66.3611 78.6739 72.3148 63.1982 60.1933 48.0104 67.9014 27.2947 75.4219 70.4276 21.4164 64.1805 32.8938 77.1048 17.088 63.7892 80.6225 34.9285 37.1229 66.1009 16.1555 71.6629 24.8182 73.07 37.5737 31.4442 53.3104 76.0462 47.4309 57.8589 25.1211 30.8058 53.2413 61.7379 81.5027 22.636 32.5576 57.4285 40.8755 78.0993 24.5153 30.6791 77.699 35.3412 0.0 48.22 28.9728 25.02 56.0446 81.8154 
34.0002 9.43398 104.918 55.4784 46.2385 33.0151 67.8467 57.1682 44.9444 26.9072 31.7805 55.4707 25.1794 57.2059 25.0 84.8669 19.9249 65.1628 41.5933 60.4401 56.0833 25.0 29.4279 77.7592 35.4401 81.3941 71.1688 52.1279 72.7814 17.8885 35.7351 25.02 72.8454 76.7919 46.3401 65.307 97.2841 62.3939 55.3263 26.0 73.1483 33.2415 75.9839 13.6015 71.5122 57.3028 74.6214 50.3587 69.0072 45.1885 35.0571 63.9531 64.622 55.3263 48.22 0.0 65.1126 39.0128 97.9149 74.6324 
57.0623 71.7742 52.3927 21.9595 85.382 65.4583 17.4642 26.7367 91.8716 83.0688 78.0547 90.3675 90.0362 74.3795 80.1941 49.6488 85.0367 33.4215 87.1155 81.6554 25.0294 84.1812 42.5206 88.275 29.6785 72.9178 91.3993 46.6221 10.0 82.8169 29.3987 89.5966 14.0 84.0618 49.2673 15.6525 48.1664 87.7374 59.1245 69.5525 7.0 39.2046 61.7171 78.1277 92.3164 7.81025 32.8938 69.122 30.4631 89.7929 33.3017 17.088 88.9324 33.0606 28.9728 65.1126 0.0 31.6228 53.0377 92.2213 
42.5737 47.1699 82.7722 33.0606 72.751 57.3204 44.0595 42.107 74.0006 60.0833 59.7885 83.015 64.1249 73.8065 57.2451 73.0274 58.4209 52.0865 69.7092 80.5136 22.7648 60.6383 11.6619 93.5891 10.2956 85.7963 91.4782 52.8015 38.2099 55.7315 11.1803 64.0312 43.9196 91.057 53.1688 27.7308 77.582 86.0293 64.5368 48.9408 37.5899 7.81025 76.2686 50.8035 92.2407 23.8537 57.4282 66.7609 30.0666 72.3865 4.12311 26.0 87.6822 17.4642 25.02 39.0128 31.6228 0.0 80.6098 93.6484 
65.7974 100.627 14.1421 48.0833 81.9956 73.1095 37.3363 41.5933 90.4737 94.4934 86.0555 86.7295 115.669 69.2892 92.1954 15.2315 115.829 33.0151 87.9584 75.2861 74.6108 99.2472 88.8876 71.1126 73.0821 47.0106 80.0625 49.0408 54.3415 114.772 72.1249 114.123 39.0512 66.1211 55.3173 67.6018 7.81025 81.0432 55.0091 77.4822 46.0435 86.8332 38.4708 111.286 81.0494 59.0762 23.7697 67.9779 82.201 84.8208 80.5233 69.4622 81.4923 86.0 56.0446 97.9149 53.0377 80.6098 0.0 78.5175 
51.1741 67.6831 92.2659 74.3772 28.6356 44.6204 78.1857 65.307 33.0151 51.2445 43.1741 22.2036 74.027 19.8494 51.6236 64.0703 77.1038 61.6847 34.2345 14.3178 103.222 56.0803 92.7755 8.60233 84.1192 32.573 4.12311 45.6508 100.18 79.3095 83.6004 72.0278 85.44 13.0 45.0 107.471 84.0952 13.0 33.121 51.591 88.1419 93.9114 40.1123 79.9062 4.47214 94.6927 70.214 27.0185 123.23 30.2655 90.2183 109.859 11.0454 110.488 81.8154 74.6324 92.2213 93.6484 78.5175 0.0 
DEMAND_SCENARIO_SECTION
0 0 0 0 0 0 0 0 0 0 0 0 0 0 0 0 0 0 0 0 0 0 0 0 0 0 0 0 0 0 0 0 0 0 0 0 0 0 0 0 0 0 0 0 0 0 0 0 0 0 0 0 0 0 0 0 0 0 0 0 0 0 0 0 0 0 0 0 0 0 0 0 0 0 0 0 0 0 0 0 0 0 0 0 0 0 0 0 0 0 0 0 0 0 0 0 0 0 0 0 0 0 0 0 0 0 0 0 0 0 0 0 0 0 0 0 0 0 0 0 0 0 0 0 0 0 0 0 0 0 0 0 0 0 0 0 0 0 0 0 0 0 0 0 0 0 0 0 0 0 0 0 0 0 0 0 0 0 0 0 0 0 0 0 0 0 0 0 0 0 0 0 0 0 0 0 0 0 0 0 0 0 0 0 0 0 0 0 0 0 0 0 0 0 0 0 0 0 0 0 
1 2 2 1 2 2 2 2 2 3 2 2 1 3 3 2 1 2 2 1 2 2 2 2 1 2 2 2 2 1 3 1 3 3 1 2 2 0 3 2 2 2 3 2 2 2 2 2 3 1 3 3 1 1 2 2 3 2 3 2 1 2 2 2 2 2 3 3 1 3 2 2 1 2 3 3 2 2 0 2 2 2 1 2 2 2 2 1 1 1 3 2 1 3 2 2 1 3 1 3 1 2 3 2 1 3 2 2 2 1 2 1 2 2 2 4 3 3 2 2 3 1 1 1 3 3 2 2 2 3 2 1 2 3 2 3 4 2 3 3 2 3 3 1 3 1 2 4 1 2 2 2 2 1 1 2 2 2 2 2 4 1 0 2 2 1 2 2 2 3 2 3 3 2 2 2 1 3 2 3 3 2 3 2 3 2 2 1 1 1 2 2 3 2 1 2 2 2 2 2 
8 8 3 4 7 7 7 7 6 8 7 6 10 3 8 7 8 7 5 7 8 6 10 8 4 5 12 11 5 7 8 9 12 8 11 5 7 6 7 3 6 2 7 9 4 7 7 10 8 8 9 10 5 5 6 10 6 9 10 5 8 4 7 4 5 8 7 5 14 6 6 6 8 5 8 7 5 7 7 10 5 5 6 7 8 6 5 4 6 8 7 10 7 7 6 8 7 7 8 11 9 5 4 9 8 9 5 12 3 6 10 1 11 11 6 7 9 0 1 8 4 9 7 5 2 4 12 8 8 10 2 4 9 9 9 1 11 9 10 8 4 5 7 4 5 5 3 7 10 7 3 5 10 9 6 5 7 9 6 6 1 7 5 4 8 4 8 8 6 6 4 5 9 7 9 6 5 6 6 7 3 11 9 11 6 9 11 5 4 13 3 6 10 8 10 4 8 7 7 9 
8 6 13 7 6 7 7 10 6 10 9 6 8 5 10 8 8 1 10 10 8 8 6 7 11 8 5 5 8 8 6 10 3 6 7 9 9 9 10 6 6 4 9 7 6 6 10 8 12 6 5 9 10 9 9 9 8 7 4 12 12 10 7 8 6 7 7 8 10 11 11 9 2 7 9 9 10 9 8 12 2 10 5 7 10 7 8 9 10 9 5 9 7 9 6 6 5 5 10 11 11 9 5 7 9 5 7 8 5 4 12 3 14 9 10 9 5 11 10 5 10 8 4 12 1 7 12 8 10 6 8 7 7 10 6 10 6 7 7 9 11 4 5 9 7 13 10 3 3 6 9 8 4 8 4 6 10 10 3 5 6 5 9 5 6 7 9 11 9 11 7 8 7 5 7 10 7 4 12 8 5 8 5 13 10 8 9 8 4 6 10 9 8 11 13 7 11 8 10 12 
5 3 4 5 2 1 7 3 4 1 5 4 3 5 2 5 4 6 4 5 5 4 5 4 4 5 7 6 0 5 4 3 4 7 4 3 5 3 5 5 3 3 3 4 1 5 5 2 4 5 5 3 3 3 3 4 3 4 7 1 3 4 2 4 5 6 5 5 5 4 2 4 6 5 5 5 5 4 4 3 4 5 5 6 4 2 5 3 4 3 2 4 5 5 3 5 5 4 4 5 4 3 6 4 4 6 5 5 4 2 3 4 5 7 4 4 4 4 2 6 6 4 2 2 5 3 5 1 5 3 5 3 3 3 5 4 5 3 4 3 6 2 4 5 3 5 5 6 3 6 3 3 3 6 4 6 4 4 6 4 4 5 4 3 2 0 4 5 6 4 5 4 5 3 7 6 4 5 3 0 4 4 4 3 4 5 5 5 3 4 5 3 5 3 3 6 5 5 4 3 
3 0 6 6 4 4 3 2 5 4 7 9 3 5 4 4 6 6 3 6 5 1 4 5 4 6 6 8 6 5 4 8 6 4 3 5 5 3 4 5 5 6 6 4 4 7 10 6 7 5 3 4 5 5 5 6 8 3 6 7 5 6 5 3 5 8 5 5 6 4 3 3 5 5 6 4 4 6 5 4 3 4 2 6 4 2 3 4 5 7 8 1 4 4 5 5 5 6 8 6 6 8 4 5 8 6 6 4 2 4 8 5 5 6 7 6 5 7 6 7 4 7 5 3 5 5 7 6 6 3 4 5 5 5 9 6 4 6 5 7 7 8 2 5 4 6 6 8 6 6 5 5 7 7 3 7 6 7 5 7 5 2 7 4 7 7 5 4 5 3 3 5 5 6 4 6 6 6 3 4 7 5 2 4 7 7 6 5 4 4 3 4 8 6 6 5 6 5 4 5 
4 4 6 3 7 5 7 5 7 4 6 6 4 7 5 7 4 3 6 7 5 1 6 3 3 7 8 5 6 2 6 5 4 6 7 4 6 5 5 7 4 4 5 5 5 4 4 5 6 5 4 8 6 3 6 3 3 5 4 5 6 5 6 5 5 7 7 6 4 6 2 5 4 5 5 4 5 7 4 6 7 3 6 3 6 8 9 8 4 3 6 3 8 4 6 6 7 5 4 4 5 6 4 5 8 4 4 3 2 3 4 3 6 4 4 5 7 5 3 4 2 5 9 7 5 7 4 6 7 4 7 3 6 5 5 5 6 5 2 5 4 5 5 6 6 2 6 3 5 4 4 6 4 4 7 6 3 7 2 3 5 5 3 7 3 7 5 5 6 4 6 1 5 2 8 4 7 4 4 6 7 5 7 3 5 4 3 6 2 6 8 3 6 6 6 4 4 1 6 4 
9 5 4 5 2 9 7 6 1 0 4 7 7 7 6 7 8 8 5 7 6 0 5 4 5 6 9 6 6 6 6 4 4 4 9 4 5 4 5 5 6 3 9 8 4 5 6 7 7 3 10 8 6 9 4 7 7 7 10 4 6 7 4 6 8 8 3 6 6 5 7 6 6 8 8 4 6 3 7 7 3 2 6 8 6 8 7 8 4 2 9 4 8 5 4 4 6 7 5 7 10 5 9 8 7 7 7 7 7 2 6 3 7 4 9 6 5 7 8 6 10 7 10 6 7 8 10 10 5 4 5 8 6 6 5 6 7 5 9 5 8 7 8 7 8 1 8 7 7 7 4 10 5 3 6 7 4 1 7 6 4 7 8 6 8 3 5 11 8 6 3 7 8 4 0 3 9 6 13 5 4 6 9 3 4 6 8 8 7 9 5 7 7 3 6 7 5 5 4 7 
6 7 10 13 8 14 6 8 8 8 10 13 5 7 12 10 7 11 5 10 5 8 9 13 7 13 5 13 15 8 10 5 3 4 14 6 13 15 11 12 12 10 6 11 6 13 12 12 11 11 15 10 11 10 8 16 10 5 10 13 13 9 7 7 10 4 9 5 14 7 6 10 11 9 9 13 16 7 6 11 12 9 11 21 14 8 17 8 4 13 12 13 10 11 10 9 8 10 14 6 13 9 9 15 11 12 11 11 11 14 13 6 11 11 7 5 9 13 3 12 14 9 13 9 12 11 15 15 9 7 10 9 10 7 9 7 5 13 3 10 7 5 9 10 6 10 6 5 7 9 11 13 9 4 13 10 11 10 16 10 11 3 9 10 10 6 9 12 11 3 8 9 1 8 11 9 12 9 14 14 11 8 10 10 15 10 15 10 11 14 13 7 11 11 5 12 5 7 12 11 
4 1 6 4 3 2 1 2 3 2 3 3 3 3 3 1 1 1 3 3 3 3 1 2 2 2 3 4 4 3 4 4 3 2 3 3 3 4 3 2 4 4 4 3 3 3 3 3 2 2 2 3 3 3 3 3 3 4 4 2 5 4 3 2 3 4 3 2 1 3 1 5 2 4 4 2 4 1 2 3 5 3 1 4 3 5 2 2 4 4 3 3 2 5 3 5 2 3 4 2 5 1 4 3 4 3 1 3 2 3 6 3 2 4 4 5 4 4 4 1 4 3 3 2 1 3 3 4 2 3 4 2 3 3 3 3 4 5 2 3 1 3 4 3 3 2 2 4 3 3 2 2 5 4 3 3 5 3 4 4 3 3 6 3 4 2 1 3 2 4 3 3 3 4 3 3 3 3 2 3 3 4 3 3 2 3 3 2 2 4 4 5 4 3 2 3 3 5 5 4 
1 1 1 1 1 1 1 1 0 1 1 1 1 1 1 1 1 1 1 1 0 2 2 1 1 1 1 0 1 1 1 1 1 1 1 1 1 1 1 1 1 1 1 1 1 1 1 1 1 1 1 1 1 1 1 1 2 1 1 1 2 1 1 1 1 1 1 1 1 1 1 1 1 1 1 2 2 1 1 1 0 1 1 1 1 0 1 1 1 1 1 1 1 1 0 1 2 1 2 1 1 2 1 1 1 0 2 2 2 1 1 1 1 0 1 1 1 1 1 1 1 1 2 0 1 1 1 1 0 1 2 1 1 1 1 1 1 1 1 2 1 1 1 1 1 1 1 1 1 1 0 1 1 1 1 1 1 1 1 1 1 1 2 1 1 1 1 1 1 1 2 1 1 1 1 1 1 1 1 1 1 1 1 2 1 0 1 0 1 1 1 1 2 1 1 1 1 1 1 1 
13 11 10 7 12 9 9 11 7 13 5 9 6 13 11 7 14 9 16 10 13 6 10 15 9 13 7 7 12 4 7 14 7 8 14 12 7 7 6 13 12 10 14 10 12 14 11 12 14 15 8 13 12 7 7 13 12 9 12 5 9 15 11 8 6 14 11 5 7 8 8 9 11 10 7 6 15 8 12 9 6 11 12 5 7 15 7 10 10 13 13 11 7 12 9 12 14 14 13 15 19 11 12 15 6 17 5 5 11 7 9 11 11 7 14 8 12 15 5 17 13 9 12 11 12 10 7 8 7 8 8 9 12 7 8 7 11 11 10 11 9 6 12 15 7 5 13 11 11 9 7 10 16 9 13 16 12 6 7 7 10 8 9 14 14 10 4 17 5 9 8 15 7 9 6 10 9 11 11 7 6 10 12 4 10 12 5 6 11 6 12 12 13 11 9 5 17 7 3 7 
5 10 8 12 11 11 8 5 6 7 9 8 8 10 10 7 11 7 10 10 6 9 4 6 7 11 14 7 8 7 4 10 7 10 11 5 12 5 7 9 7 8 8 7 7 6 7 7 10 7 10 7 7 10 7 9 9 5 4 5 3 11 9 10 9 15 11 5 5 7 11 13 9 7 6 14 8 11 7 7 10 9 8 6 7 2 8 6 6 5 4 11 9 9 4 15 7 8 4 8 7 9 10 7 13 12 9 5 7 17 10 8 10 13 9 9 11 8 7 5 8 13 5 3 10 3 6 10 12 9 8 9 4 8 3 13 4 3 8 8 3 13 8 12 7 12 6 6 12 13 12 0 10 4 11 11 6 9 8 11 10 13 3 7 9 8 5 7 10 9 7 5 12 9 5 8 8 9 8 8 10 15 9 10 6 7 9 5 12 7 12 13 4 7 8 6 10 7 5 6 
6 7 4 3 2 7 7 6 8 8 6 6 3 6 5 3 6 4 2 7 5 7 4 3 7 9 6 1 9 4 7 9 5 5 7 8 6 6 2 8 4 4 11 8 9 3 9 7 5 7 8 8 8 5 8 4 3 6 6 5 4 4 7 9 10 7 1 6 5 5 4 5 4 7 5 5 6 6 4 7 7 6 8 6 4 5 6 4 8 7 6 5 9 5 10 6 6 7 7 8 7 5 5 6 7 7 6 6 7 6 5 3 2 5 3 9 6 8 5 5 5 9 9 3 8 3 5 4 6 4 3 6 7 6 5 7 4 5 7 9 5 6 9 7 7 6 6 5 7 5 7 4 7 7 6 4 5 3 2 7 5 3 3 5 6 3 11 6 6 8 4 9 9 7 3 7 6 5 9 10 5 6 7 8 5 5 4 6 4 7 4 4 8 7 5 4 4 8 10 5 
7 11 8 10 13 11 12 7 11 8 14 7 5 11 4 10 7 13 5 8 6 9 9 7 5 10 6 7 7 11 9 12 7 11 10 8 9 12 13 9 8 7 7 11 13 6 11 8 12 6 10 12 10 9 8 11 10 8 1 10 3 9 9 6 12 9 10 9 11 10 7 6 4 5 4 9 11 9 10 7 7 13 6 6 9 11 8 9 7 8 2 1 15 2 10 8 11 6 11 4 8 11 5 10 8 8 7 3 9 7 10 8 6 10 4 7 6 10 11 4 9 11 8 13 11 4 2 10 12 7 8 9 12 3 8 3 9 8 10 10 7 11 5 9 10 10 7 2 9 5 4 6 5 7 11 7 11 4 7 5 2 8 6 10 7 9 7 10 5 9 12 10 10 10 6 9 8 8 9 7 11 10 5 9 2 15 6 8 7 8 7 9 6 8 11 7 10 11 4 8 
10 14 11 8 11 10 7 13 9 14 3 13 7 9 15 4 5 8 10 9 1 5 11 11 11 13 11 4 10 11 12 4 7 11 11 11 19 7 9 7 14 14 8 10 6 9 8 0 14 11 7 10 4 8 10 7 5 8 8 9 6 12 10 13 11 12 12 13 8 6 11 14 17 13 12 10 10 10 6 8 9 9 12 11 12 9 9 3 12 12 9 4 14 8 8 5 11 8 10 8 18 17 6 7 16 15 12 13 11 15 7 13 16 9 16 12 14 16 2 11 12 7 4 8 7 9 9 12 13 9 14 13 8 6 3 11 5 13 13 6 8 6 14 9 9 13 12 9 6 7 9 9 18 11 7 10 10 12 10 9 5 15 13 8 9 14 7 9 14 10 10 8 11 15 9 15 7 11 13 10 10 10 10 13 8 15 10 14 7 10 10 10 9 10 7 7 8 12 11 8 
8 9 5 3 3 3 6 3 9 8 10 8 12 7 8 9 8 9 11 11 6 5 6 5 7 8 8 13 9 10 7 7 7 8 6 9 7 10 10 9 3 3 8 3 11 8 6 11 6 11 2 7 5 12 12 7 7 8 11 10 9 9 7 6 3 4 6 8 6 6 9 9 3 5 7 9 13 10 9 11 11 5 8 6 6 14 10 9 5 5 4 12 7 9 4 6 7 8 8 5 10 15 10 6 11 3 4 6 3 2 5 4 5 9 5 10 14 7 9 8 13 7 5 7 7 1 8 12 7 5 11 10 5 11 5 5 12 9 7 10 8 8 5 16 8 5 6 8 4 7 10 11 11 10 7 13 6 9 10 8 11 3 6 5 6 8 8 4 11 13 8 8 11 5 8 6 7 5 10 9 8 9 9 11 10 9 8 7 8 8 9 5 5 8 9 5 7 4 5 9 
2 1 1 3 3 3 1 2 2 2 2 1 2 1 2 3 3 2 3 2 1 2 2 3 2 1 3 1 1 2 3 1 1 2 2 1 2 2 2 3 2 2 3 3 2 3 1 2 1 2 2 2 2 2 2 2 2 2 1 3 2 3 3 2 1 3 1 2 2 1 3 2 2 3 1 2 2 2 2 2 3 1 3 3 3 2 1 2 2 2 1 2 2 1 3 1 1 3 3 1 1 2 2 2 2 4 3 2 2 2 2 2 3 1 2 3 2 2 1 3 3 2 2 1 2 2 2 2 2 1 2 1 1 2 2 2 2 1 3 1 2 2 2 3 2 2 3 2 2 1 3 3 1 2 2 2 3 1 2 2 2 1 1 2 3 3 2 4 3 3 3 1 1 1 3 2 2 2 3 1 3 4 3 3 3 1 2 1 2 2 2 3 2 1 1 1 1 2 2 0 
7 5 4 3 2 6 6 3 3 8 2 3 1 2 5 5 4 3 4 4 4 5 3 5 2 4 2 4 3 4 5 6 3 4 6 4 7 6 6 4 3 3 2 4 3 4 4 4 4 4 2 5 4 6 3 4 3 3 4 3 5 3 3 6 6 4 4 2 3 2 5 6 5 4 4 3 3 5 4 4 5 4 4 2 5 5 2 5 4 5 4 4 4 3 4 4 3 4 4 4 3 5 3 2 3 3 4 3 3 4 5 4 4 3 4 3 5 3 6 5 2 7 4 4 2 4 5 3 7 4 5 4 4 5 5 6 5 3 4 3 2 5 4 5 5 3 2 3 4 4 4 5 2 1 5 4 6 4 6 4 4 6 4 3 2 3 2 5 4 4 4 4 2 6 6 4 3 4 6 2 4 1 6 5 6 2 6 7 4 2 3 5 4 5 5 3 4 3 4 5 
5 9 2 5 9 6 11 7 9 10 7 10 9 7 6 4 9 7 6 9 8 9 8 6 9 11 10 9 4 8 5 9 5 8 8 10 8 11 12 8 7 2 4 6 10 10 15 10 14 7 12 8 12 8 10 11 12 3 12 5 10 10 6 8 9 12 12 10 8 7 9 7 9 9 4 8 12 10 9 9 9 10 9 10 12 8 5 2 10 9 9 7 6 5 10 10 6 8 13 3 4 8 7 5 12 10 10 6 9 13 11 9 9 13 6 5 6 10 5 6 5 11 8 5 8 14 11 5 10 9 8 8 8 11 11 5 7 7 8 10 9 6 8 8 8 6 9 8 6 12 7 5 8 5 9 10 12 9 8 7 16 12 8 8 8 5 4 12 11 6 6 8 8 10 7 3 4 12 7 1 10 10 9 10 5 4 11 7 4 12 10 6 12 7 7 6 7 4 11 10 
4 3 6 2 5 13 6 9 4 9 8 4 6 4 6 4 7 6 10 8 5 5 9 7 2 2 3 7 9 8 8 7 7 9 8 7 10 4 8 6 4 7 8 2 8 8 5 6 8 8 7 3 8 5 8 10 5 3 12 7 10 4 3 6 7 5 9 5 5 7 11 7 8 6 9 6 2 4 8 8 3 7 7 5 7 9 8 7 9 9 6 6 6 8 5 8 6 10 8 8 2 10 7 8 6 7 9 6 7 7 7 5 3 7 6 4 8 7 4 4 5 7 5 8 7 4 8 4 6 2 7 2 7 5 1 6 5 5 3 6 10 10 7 7 8 8 5 6 6 8 6 9 5 8 8 8 12 6 7 7 8 9 8 10 7 7 8 5 7 4 9 7 6 5 4 11 7 8 5 10 9 6 7 10 9 7 8 8 3 8 7 8 2 10 3 6 10 8 7 6 
2 2 1 2 2 0 2 3 2 1 2 2 2 3 2 2 3 1 2 3 2 3 2 2 1 1 2 3 1 1 2 1 2 2 1 2 2 2 2 2 2 3 2 1 2 2 2 2 2 1 3 1 2 2 0 2 2 2 2 2 2 2 2 1 2 3 2 1 2 2 2 2 2 3 2 2 2 1 1 2 3 2 1 3 2 1 2 2 2 3 2 3 2 2 2 1 3 2 2 2 2 2 2 1 2 2 2 2 2 2 2 2 2 2 2 2 2 0 2 2 2 2 3 2 2 2 1 2 1 2 2 2 2 2 1 3 3 2 1 0 1 2 2 2 2 2 3 2 1 1 1 2 1 3 2 2 1 1 1 1 1 2 1 3 2 2 2 1 1 1 2 1 2 1 3 2 3 2 2 2 2 2 2 3 3 2 1 1 3 1 3 1 2 1 2 2 1 1 1 1 
13 9 2 4 14 9 11 12 11 14 15 8 9 6 15 9 6 10 8 9 10 15 9 3 6 8 10 12 6 3 10 14 9 3 12 10 7 11 8 9 7 18 10 9 8 9 3 12 8 8 12 12 12 11 8 2 7 9 12 1 9 6 7 6 13 8 12 19 13 12 13 13 15 11 15 13 13 12 12 11 12 11 8 15 6 8 13 6 7 5 8 10 5 11 7 10 8 8 10 13 8 13 5 8 10 5 9 15 9 13 18 7 14 6 8 4 8 10 16 13 9 12 8 13 12 15 11 11 11 13 9 8 17 8 11 11 10 13 7 15 7 10 13 6 7 11 13 0 12 16 12 9 10 16 11 9 8 12 10 7 10 11 9 6 15 8 10 9 9 9 12 12 10 10 11 12 9 10 7 15 13 9 6 3 17 15 10 11 14 9 12 4 7 10 8 12 3 8 7 16 
