NAME  : Jabali_60_2_0.90_1_1
TYPE : SVRP
MODEL : FINITE_SUPPORT
NUMBER_OF_SCENARIOS : 200
DIMENSION : 60
EDGE_WEIGHT_TYPE : MATRIX
CAPACITY : 184
N_VEHICLES : 2
NODE_COORD_SECTION
1 3582 4552
2 7164 3539
3 6367 6183
4 4467 4413
5 1255 2662
6 6219 4874
7 3480 6603
8 4753 2812
9 3952 5960
10 7312 2997
11 4380 7230
12 4400 2564
13 4506 5278
14 7715 5260
15 1755 7511
16 4847 18
17 5019 5759
18 3173 7848
19 730 5504
20 623 3924
21 6017 2344
22 4743 4793
23 7804 6075
24 3457 5463
25 7765 5593
26 4914 609
27 4159 1344
28 4376 5994
29 2243 4652
30 4570 6024
31 7142 5111
32 3453 3614
33 3336 7188
34 234 4600
35 7610 3408
36 5560 524
37 6670 6502
38 5976 282
39 3576 983
40 4182 5724
41 264 4046
42 1407 3131
43 6884 3556
44 726 5982
45 2246 2452
46 74 4476
47 2426 8094
48 4299 2237
49 7434 4230
50 5203 5978
51 2920 6096
52 5463 3914
53 3091 5297
54 27 2745
55 6982 6529
56 6647 6140
57 3689 6230
58 2640 6414
59 7741 4898
60 5612 6676
DEMAND_SECTION
1 0.0
2 2.0
3 8.0
4 1.0
5 9.0
6 6.0
7 4.0
8 6.0
9 5.0
10 9.0
11 5.0
12 9.0
13 5.0
14 8.0
15 1.0
16 10.0
17 6.0
18 6.0
19 6.0
20 6.0
21 1.0
22 7.0
23 7.0
24 7.0
25 8.0
26 10.0
27 9.0
28 1.0
29 3.0
30 9.0
31 8.0
32 1.0
33 9.0
34 5.0
35 6.0
36 10.0
37 9.0
38 6.0
39 2.0
40 3.0
41 10.0
42 10.0
43 4.0
44 6.0
45 7.0
46 7.0
47 1.0
48 4.0
49 8.0
50 3.0
51 6.0
52 4.0
53 3.0
54 2.0
55 7.0
56 1.0
57 4.0
58 8.0
59 2.0
60 3.0
DEVIATION_SECTION
1 0.0
2 0.666667
3 2.66667
4 0.333333
5 3.0
6 2.0
7 1.33333
8 2.0
9 1.66667
10 3.0
11 1.66667
12 3.0
13 1.66667
14 2.66667
15 0.333333
16 3.33333
17 2.0
18 2.0
19 2.0
20 2.0
21 0.333333
22 2.33333
23 2.33333
24 2.33333
25 2.66667
26 3.33333
27 3.0
28 0.333333
29 1.0
30 3.0
31 2.66667
32 0.333333
33 3.0
34 1.66667
35 2.0
36 3.33333
37 3.0
38 2.0
39 0.666667
40 1.0
41 3.33333
42 3.33333
43 1.33333
44 2.0
45 2.33333
46 2.33333
47 0.333333
48 1.33333
49 2.66667
50 1.0
51 2.0
52 1.33333
53 1.0
54 0.666667
55 2.33333
56 0.333333
57 1.33333
58 2.66667
59 0.666667
60 1.0
DISTANCE_MATRIX
0.0 48.0271 43.909 12.083 43.8973 43.2462 27.4591 30.5667 19.6469 53.5219 37.855 33.6039 16.1555 57.8035 47.1294 68.7603 25.2982 47.0106 40.5792 43.2099 44.6434 16.2788 59.8395 12.8062 58.2594 61.3455 45.2757 21.0238 17.8062 25.02 51.0312 13.0384 35.805 46.3401 53.8761 64.4099 49.2443 68.8515 48.549 18.0278 48.2782 38.6155 45.3907 44.3565 34.2345 46.1825 51.6624 37.6129 50.222 28.4605 23.6008 25.5734 12.53 56.6236 52.4786 46.3249 22.3607 29.0772 56.7612 39.2938 
48.0271 0.0 36.2353 36.4946 82.8739 24.1661 66.3456 36.7623 56.4613 7.07107 60.3645 40.2492 45.0458 24.0832 90.3352 56.0357 43.6015 75.8803 88.404 94.6052 21.587 37.8464 34.3657 56.0589 28.1603 49.2544 48.8467 51.1896 65.631 52.2036 20.6155 63.2421 72.0119 94.1648 6.08276 46.0977 39.1152 46.8722 57.7754 52.5215 99.7754 81.2987 3.16228 92.1812 70.8461 94.0073 86.8859 41.6261 10.0 42.0416 67.6757 23.2219 58.5071 99.3333 39.3573 35.2278 61.3302 72.2847 20.0 44.8219 
43.909 36.2353 0.0 34.7851 85.3158 18.0278 39.9249 52.0 33.0151 43.2782 30.0167 57.0364 28.0179 21.3776 63.7887 86.5909 19.799 45.0999 76.7903 84.386 52.4054 28.7924 18.9737 41.0366 20.0 79.0759 73.1095 27.0185 59.0339 26.4197 17.4929 51.7318 43.9318 86.5549 39.6232 78.6356 5.38516 80.6356 81.0 30.4795 89.1964 80.2309 35.2278 75.3828 76.5935 86.253 57.0 61.0082 29.2062 17.0294 47.5079 34.1321 45.9674 98.2391 8.60233 3.16228 36.7151 49.7859 24.3516 12.0 
12.083 36.4946 34.7851 0.0 51.264 33.3261 31.6228 21.9545 21.2603 42.7785 37.2156 25.632 11.1803 47.252 54.1222 60.208 19.2354 49.5177 52.3423 54.973 34.6835 6.08276 49.9194 19.6469 50.0124 52.6972 42.72 18.868 29.5693 23.3238 39.7315 17.6412 40.0 58.1031 42.3436 55.2268 40.1622 59.4138 49.2443 17.6918 60.0412 48.337 33.8582 56.1195 42.5029 57.9456 56.6127 29.7321 38.8943 22.0907 31.3209 14.0499 22.0227 67.1728 43.0813 36.7696 25.807 36.07 45.4335 33.0151 
43.8973 82.8739 85.3158 51.264 0.0 84.0827 60.0333 45.2769 57.2713 80.1431 74.5453 41.1461 57.4984 97.899 64.2573 60.6712 66.192 78.2433 38.0132 19.4165 62.6498 56.6027 100.676 47.8539 99.0959 57.0351 43.0465 60.7289 29.0689 64.0312 90.3785 35.3836 66.1249 27.4591 85.796 65.0077 90.6987 71.007 39.4588 57.28 22.8473 6.08276 80.2376 43.8292 13.3417 29.4109 77.1298 40.4969 85.295 69.3111 51.0392 59.9141 43.4166 16.5529 93.751 87.47 57.4282 52.2403 92.6896 79.7507 
43.2462 24.1661 18.0278 33.3261 84.0827 0.0 44.5918 34.0147 35.7598 30.8869 38.6107 39.1152 28.0956 24.4131 69.4508 68.9638 21.8477 54.1265 81.1798 84.6661 37.3712 27.4816 29.4109 42.3783 26.1725 61.4003 55.0818 29.4358 59.2624 30.4498 16.6433 54.3524 50.2581 87.1195 29.4109 61.6227 23.0217 65.6015 63.0079 32.4123 89.7343 81.1557 21.9545 79.1215 61.9943 86.6554 65.1321 43.0465 22.0 20.2878 50.6255 16.1245 47.0792 99.9915 25.318 19.105 40.2618 53.5246 24.1661 23.1123 
27.4591 66.3456 39.9249 31.6228 60.0333 44.5918 0.0 52.5022 10.7703 73.4349 15.6525 55.5394 22.4722 59.0339 25.0 90.6958 23.0217 19.6977 37.6431 52.7324 66.299 29.5466 58.8727 14.7648 58.9406 83.281 72.5271 16.1245 31.0 14.1421 52.3768 40.4969 8.48528 51.6395 70.8274 86.3454 43.8292 90.7855 75.7256 14.8661 56.2767 54.0833 64.5146 36.1248 58.0517 50.3543 25.0 59.5484 61.6438 24.3311 9.84886 44.7063 17.4642 69.3111 47.4131 43.0813 5.83095 10.6301 60.4288 29.1548 
30.5667 36.7623 52.0 21.9545 45.2769 34.0147 52.5022 0.0 42.638 35.5108 59.1692 5.38516 33.121 52.3927 74.2083 38.2753 40.4969 71.0634 69.8897 57.0655 18.2483 26.9258 60.7289 39.487 55.7136 30.8058 21.3776 40.8167 48.1706 45.2769 45.5412 25.7024 60.9714 64.0512 40.7662 34.0588 57.0351 38.833 29.0 39.4081 62.2357 43.5093 34.6377 74.7208 32.8024 65.2157 77.4664 9.05539 42.2371 43.0116 51.1775 18.2483 41.2581 61.7738 59.2115 53.0848 46.7816 56.1561 49.7307 53.3667 
19.6469 56.4613 33.0151 21.2603 57.2713 35.7598 10.7703 42.638 0.0 62.7452 18.2483 45.6755 11.7047 50.3171 35.2278 80.8318 13.9284 28.4253 44.9656 53.0384 55.9024 18.7883 51.4782 9.48683 50.6952 73.4098 62.6631 6.32456 28.7924 7.2111 43.5449 32.311 18.868 55.0167 61.9955 76.3806 37.6431 80.6598 68.1363 4.12311 57.6753 51.6624 53.825 43.5581 53.0094 54.7148 35.5106 49.6844 52.8119 16.1245 14.8661 34.0167 14.3178 68.542 41.2311 36.0555 5.09902 17.9612 51.5968 24.2074 
53.5219 7.07107 43.2782 42.7785 80.1431 30.8869 73.4349 35.5108 62.7452 0.0 67.378 38.9977 51.3297 29.8329 96.6191 51.4782 50.615 82.8938 93.8988 92.2719 18.868 44.1303 40.2616 62.3428 33.9559 45.1221 46.6476 58.9774 71.1258 59.2171 27.2947 60.9087 81.606 99.6596 6.08276 41.0488 46.0435 41.1947 55.5698 58.8054 97.4421 78.7156 8.94427 97.676 67.2542 99.5021 93.8994 40.3746 15.8114 49.0551 73.9596 29.5058 64.791 96.6937 46.1411 42.2019 67.6141 78.5686 25.4951 51.8556 
37.855 60.3645 30.0167 37.2156 74.5453 38.6107 15.6525 59.1692 18.2483 67.378 0.0 62.6099 26.0768 51.0882 34.9285 97.4166 20.6155 15.5242 53.0094 68.246 70.6301 32.8024 48.5077 27.0 50.01 89.8888 79.6241 18.3576 45.5412 13.8924 45.7056 50.2892 15.2643 67.153 64.8463 92.0054 32.5576 95.7758 85.6598 20.2485 71.7903 68.7314 58.6841 50.9902 71.1236 65.8679 27.0185 66.6408 55.6597 19.7231 25.4951 47.9318 31.1448 84.5043 35.9026 33.0606 17.1172 26.0768 53.4603 18.0278 
33.6039 40.2492 57.0364 25.632 41.1461 39.1152 55.5394 5.38516 45.6755 38.9977 62.6099 0.0 36.7696 57.7754 77.2455 35.4683 44.643 74.1007 63.9659 53.5664 21.5407 31.0483 66.0984 42.5242 61.0983 28.2843 17.088 44.2832 51.2078 48.7545 50.9215 22.2154 64.0086 60.5522 44.2532 32.7567 62.1289 38.0132 24.0832 42.5441 58.7366 39.8497 38.1247 75.4151 28.3019 61.7166 80.5036 4.12311 47.6162 47.2969 54.2147 23.5372 44.2953 57.6975 64.3817 58.2151 49.8188 59.1933 55.1097 57.8705 
16.1555 45.0458 28.0179 11.1803 57.4984 28.0956 22.4722 33.121 11.7047 51.3297 26.0768 36.7696 0.0 42.6529 46.6905 71.3442 9.21954 38.9487 53.0851 56.5862 44.9801 7.2111 44.6889 14.8661 43.1088 63.8122 53.8516 7.81025 31.1448 12.2066 35.8807 26.0192 30.4138 59.0588 50.8948 66.0681 33.2866 70.0357 60.1664 7.61577 61.5224 52.2165 42.4094 54.5022 50.01 58.757 47.0106 40.8534 45.1477 12.3693 25.02 22.6011 19.2354 70.2247 36.6197 30.6105 16.7631 28.9052 43.9326 23.3452 
57.8035 24.0832 21.3776 47.252 97.899 24.4131 59.0339 52.3927 50.3171 29.8329 51.0882 57.7754 42.6529 0.0 83.7257 80.0 36.405 66.3702 95.7371 99.2234 45.0999 42.0389 10.4403 56.9356 4.12311 73.0616 71.2238 43.9931 73.8197 44.911 7.81025 75.2419 64.195 101.677 24.3516 70.1783 21.0238 70.859 80.0636 46.9696 104.292 94.972 25.02 93.6787 82.8838 101.213 78.1025 61.106 14.1421 34.7131 65.1827 34.9857 61.6365 113.808 19.4165 18.6815 54.8179 68.0818 4.47214 33.2415 
47.1294 90.3352 63.7887 54.1222 64.2573 69.4508 25.0 74.2083 35.2278 96.6191 34.9285 77.2455 46.6905 83.7257 0.0 111.094 48.0104 24.7588 29.0172 49.4975 88.2577 53.3667 82.7103 34.7731 83.3607 104.987 90.8858 41.0488 41.1545 39.0512 77.2358 59.7779 19.9249 45.0 96.1843 108.051 67.0522 112.493 91.7422 39.3192 51.0392 58.3095 87.6989 24.0832 67.4166 43.0116 15.8114 81.2353 86.5028 49.163 24.0429 67.8905 35.0933 67.4759 70.5195 66.9403 30.1496 19.6977 85.2877 52.2015 
68.7603 56.0357 86.5909 60.208 60.6712 68.9638 90.6958 38.2753 80.8318 51.4782 97.4166 35.4683 71.3442 80.0 111.094 0.0 78.2624 109.257 91.2723 78.5875 35.1283 64.8845 90.05 77.6805 84.006 7.61577 20.2485 79.0759 71.6695 83.5284 75.2396 53.0615 99.165 86.4002 57.5587 11.1803 91.0727 14.8661 21.2132 77.666 82.9759 62.8172 55.0091 96.3676 48.5077 87.9318 115.66 31.8277 66.0303 80.5295 87.2157 53.1413 76.0268 75.0267 92.4284 86.959 84.9751 93.0417 76.0263 90.3611 
25.2982 43.6015 19.799 19.2354 66.192 21.8477 23.0217 40.4969 13.9284 50.615 20.6155 44.643 9.21954 36.405 48.0104 78.2624 0.0 35.3553 58.6946 64.6607 50.552 13.6015 37.7359 21.2603 36.7696 70.6612 61.6847 7.61577 39.4081 9.05539 29.6327 35.0143 29.4279 66.7732 48.0833 72.1134 24.8395 75.7102 68.4471 10.8167 69.4262 60.9102 41.9211 57.2871 59.2284 66.4714 45.2217 48.7647 38.8997 3.16228 28.7924 27.8537 26.1725 78.8923 28.3196 22.6716 18.4391 31.6902 37.6847 14.1421 
47.0106 75.8803 45.0999 49.5177 78.2433 54.1265 19.6977 71.0634 28.4253 82.8938 15.5242 74.1007 38.9487 66.3702 24.7588 109.257 35.3553 0.0 49.6488 67.7422 84.1874 46.0977 63.0714 34.4384 65.0692 101.842 91.0884 31.241 49.6488 27.2029 61.1882 60.0333 12.1655 65.2534 80.3622 104.738 47.0425 108.894 95.3949 31.8277 70.6116 72.1768 74.1999 46.0977 77.3692 63.6003 12.3693 78.1097 71.1688 34.9285 27.2947 61.4891 37.0 85.4751 50.1597 48.0416 24.6982 26.0192 68.884 33.1361 
40.5792 88.404 76.7903 52.3423 38.0132 81.1798 37.6431 69.8897 44.9656 93.8988 53.0094 63.9659 53.0851 95.7371 29.0172 91.2723 58.6946 49.6488 0.0 20.8806 83.9664 55.7414 95.628 39.8349 96.193 85.9049 71.3645 51.2104 24.0832 50.4484 88.9648 50.8042 39.3573 16.0312 94.253 92.8123 80.9406 98.6787 71.3442 48.8592 22.0227 32.6497 85.7677 5.83095 44.8219 14.1421 44.1814 64.49 90.7295 60.5086 32.9951 65.9503 34.8377 38.6394 84.5412 79.9228 40.2732 27.0185 97.0168 66.4525 
43.2099 94.6052 84.386 54.973 19.4165 84.6661 52.7324 57.0655 53.0384 92.2719 68.246 53.5664 56.5862 99.2234 49.4975 78.5875 64.6607 67.7422 20.8806 0.0 74.9115 58.4584 101.207 43.8292 99.6793 74.1485 59.6825 58.0086 25.4558 60.2373 92.4511 45.7631 56.2939 8.06226 97.5273 81.6149 89.4986 87.5728 57.5674 54.4059 5.38516 15.8114 91.9689 26.5707 30.0832 10.0 64.0312 54.0833 93.3602 67.624 48.0844 68.581 38.833 18.0278 92.957 87.1149 51.8141 42.45 99.8995 77.1038 
44.6434 21.587 52.4054 34.6835 62.6498 37.3712 66.299 18.2483 55.9024 18.868 70.6301 21.5407 44.9801 45.0999 88.2577 35.1283 50.552 84.1874 83.9664 74.9115 0.0 37.9104 55.0 53.4958 49.0408 28.0 27.7849 52.9471 62.2473 57.1121 40.1123 43.576 74.6831 81.8973 24.5967 26.2488 56.3427 28.6531 36.7151 52.1805 80.0817 61.3514 20.0998 88.7975 49.6488 83.0617 91.2943 22.4722 31.4006 52.6405 65.1167 24.4403 55.3348 79.2023 57.4891 52.2302 60.4886 70.2056 41.3038 59.2513 
16.2788 37.8464 28.7924 6.08276 56.6027 27.4816 29.5466 26.9258 18.7883 44.1303 32.8024 31.0483 7.2111 42.0389 53.3667 64.8845 13.6015 46.0977 55.7414 58.4584 37.9104 0.0 44.0749 20.025 42.4948 57.3062 48.0833 14.8661 33.0547 19.105 35.2666 22.9799 37.5899 61.5873 43.6955 59.203 34.176 63.0317 54.9181 14.7648 63.5266 53.6757 35.2101 59.5186 47.8416 61.4003 54.2033 35.171 40.2462 16.2788 31.1448 15.4018 23.5372 71.8721 37.1618 30.8707 23.7697 35.3861 43.3186 27.074 
59.8395 34.3657 18.9737 49.9194 100.676 29.4109 58.8727 60.7289 51.4782 40.2616 48.5077 66.0984 44.6889 10.4403 82.7103 90.05 37.7359 63.0714 95.628 101.207 55.0 44.0749 0.0 58.8218 6.32456 83.0 80.2336 45.2769 75.7512 45.1885 15.2971 82.5111 62.8172 103.747 34.7851 80.399 16.0312 81.2158 88.8426 48.5489 106.184 97.749 35.0571 94.2205 90.153 103.445 75.2396 69.6419 24.5153 35.3553 66.1891 42.72 63.6003 114.673 13.0384 15.8114 55.4617 68.6236 14.8661 30.5941 
12.8062 56.0589 41.0366 19.6469 47.8539 42.3783 14.7648 39.487 9.48683 62.3428 27.0 42.5242 14.8661 56.9356 34.7731 77.6805 21.2603 34.4384 39.8349 43.8292 53.4958 20.025 58.8218 0.0 57.3915 70.2658 57.689 14.2127 19.3132 16.5529 50.1633 25.807 23.0217 45.8087 61.9079 73.3302 45.9674 77.7718 60.9623 10.6301 48.4673 42.2019 53.4225 42.3178 44.182 45.5068 38.8973 46.5331 58.4586 24.0416 11.7047 33.6142 5.0 59.0931 49.4975 43.9318 10.198 16.7209 58.2153 33.2866 
58.2594 28.1603 20.0 50.0124 99.0959 26.1725 58.9406 55.7136 50.6952 33.9559 50.01 61.0983 43.1088 4.12311 83.3607 84.006 36.7696 65.0692 96.193 99.6793 49.0408 42.4948 6.32456 57.3915 0.0 77.026 74.8789 44.3847 74.1711 44.9222 10.2956 78.1454 63.6396 102.133 28.4605 74.2428 18.6815 74.9667 83.4968 47.4236 104.748 96.1689 29.0 93.8853 85.7873 101.865 77.0 64.5136 18.2483 34.7851 65.5515 38.0132 62.0924 115.005 16.5529 17.0294 55.0273 68.2883 8.544 32.0 
61.3455 49.2544 79.0759 52.6972 57.0351 61.4003 83.281 30.8058 73.4098 45.1221 89.8888 28.2843 63.8122 73.0616 104.987 7.61577 70.6612 101.842 85.9049 74.1485 28.0 57.3062 83.0 70.2658 77.026 0.0 14.5602 71.5612 66.3021 76.0066 68.0661 46.765 91.7502 81.7863 51.1957 8.544 83.5603 14.3178 18.4391 70.214 78.7718 58.5491 48.0416 91.0002 44.2832 83.1986 108.245 24.8395 59.2115 72.9178 80.9192 45.5412 69.7303 72.1734 85.086 79.4467 77.5604 86.9349 69.1809 82.7458 
45.2757 48.8467 73.1095 42.72 43.0465 55.0818 72.5271 21.3776 62.6631 46.6476 79.6241 17.088 53.8516 71.2238 90.8858 20.2485 61.6847 91.0884 71.3645 59.6825 27.7849 48.0833 80.2336 57.689 74.8789 14.5602 0.0 61.327 51.7617 65.7951 64.9387 32.8534 80.6049 67.2681 52.3546 22.0227 78.0256 28.0179 8.94427 59.5404 64.3817 44.1814 46.8188 76.4598 30.0167 68.6586 95.8104 13.0 58.1893 64.2884 67.3007 39.0128 55.8187 58.6941 80.0062 74.0068 66.8064 72.8336 67.7682 74.7329 
21.0238 51.1896 27.0185 18.868 60.7289 29.4358 16.1245 40.8167 6.32456 58.9774 18.3576 44.2832 7.81025 43.9931 41.0488 79.0759 7.61577 31.241 51.2104 58.0086 52.9471 14.8661 45.2769 14.2127 44.3847 71.5612 61.327 0.0 33.121 4.47214 37.2208 32.5576 23.4094 60.0 55.6715 73.8783 31.8277 77.8332 67.3965 3.60555 62.6586 55.3624 49.5092 49.8029 55.2268 59.6982 39.8121 48.3322 46.4878 10.0 21.1896 30.2488 19.2094 72.8972 35.3836 30.0 11.0454 24.206 45.2728 19.2354 
17.8062 65.631 59.0339 29.5693 29.0689 59.2624 31.0 48.1706 28.7924 71.1258 45.5412 51.2078 31.1448 73.8197 41.1545 71.6695 39.4081 49.6488 24.0832 25.4558 62.2473 33.0547 75.7512 19.3132 74.1711 66.3021 51.7617 33.121 0.0 35.8469 67.0474 29.0851 37.4833 28.6531 71.48 82.0138 64.2028 86.4555 51.8831 29.5296 30.4795 23.1948 62.9947 27.9025 28.2312 28.6356 52.5332 50.6574 67.9566 42.4382 22.3607 43.1773 14.5602 39.8121 67.624 61.7171 28.4429 28.3235 74.4958 52.3546 
25.02 52.2036 26.4197 23.3238 64.0312 30.4498 14.1421 45.2769 7.2111 59.2171 13.8924 48.7545 12.2066 44.911 39.0512 83.5284 9.05539 27.2029 50.4484 60.2373 57.1121 19.105 45.1885 16.5529 44.9222 76.0066 65.7951 4.47214 35.8469 0.0 38.2348 36.8782 20.3961 62.2156 56.6855 78.2432 30.8058 82.134 71.853 7.0 64.8742 58.5235 50.5232 49.0409 59.0762 61.9138 36.4005 52.8015 47.5018 10.198 21.095 34.4138 21.4709 75.6439 34.4093 29.5296 10.2956 23.444 46.2868 17.0294 
51.0312 20.6155 17.4929 39.7315 90.3785 16.6433 52.3768 45.5412 43.5449 27.2947 45.7056 50.9215 35.8807 7.81025 77.2358 75.2396 29.6327 61.1882 88.9648 92.4511 40.1123 35.2666 15.2971 50.1633 10.2956 68.0661 64.9387 37.2208 67.0474 38.2348 0.0 67.8513 58.0 94.9045 22.8035 65.9242 19.105 67.1863 73.5459 40.1973 97.5193 87.4515 20.6155 86.9065 75.4932 94.4404 72.5603 54.4059 12.0416 28.0728 58.4105 27.7308 54.8642 106.287 18.868 15.6205 48.0468 61.3096 8.06226 28.4605 
13.0384 63.2421 51.7318 17.6412 35.3836 54.3524 40.4969 25.7024 32.311 60.9087 50.2892 22.2154 26.0192 75.2419 59.7779 53.0615 35.0143 60.0333 50.8042 45.7631 43.576 22.9799 82.5111 25.807 78.1454 46.765 32.8534 32.5576 29.0851 36.8782 67.8513 0.0 48.8262 52.7489 66.1642 52.7699 57.117 58.4338 36.1267 30.0832 50.9333 32.4566 60.6058 55.6353 25.4951 53.9133 64.5368 23.2028 65.6632 38.0526 36.0694 40.2823 24.7588 51.2924 60.1334 53.8477 35.3553 41.7257 73.0578 49.0918 
35.805 72.0119 43.9318 40.0 66.1249 50.2581 8.48528 60.9714 18.868 81.606 15.2643 64.0086 30.4138 64.195 19.9249 99.165 29.4279 12.1655 39.3573 56.2939 74.6831 37.5899 62.8172 23.0217 63.6396 91.7502 80.6049 23.4094 37.4833 20.3961 58.0 48.8262 0.0 54.4243 76.4938 94.8146 47.1275 99.2472 83.8782 22.8254 59.4811 60.0832 70.3315 36.6197 65.2534 52.9245 16.6433 68.0176 67.3101 30.0666 15.1327 52.8774 25.0799 73.8241 50.5964 47.0744 14.2127 14.0357 66.0076 32.28 
46.3401 94.1648 86.5549 58.1031 27.4591 87.1195 51.6395 64.0512 55.0167 99.6596 67.153 60.5522 59.0588 101.677 45.0 86.4002 66.7732 65.2534 16.0312 8.06226 81.8973 61.5873 103.747 45.8087 102.133 81.7863 67.2681 60.0 28.6531 62.2156 94.9045 52.7489 54.4243 0.0 100.014 89.1067 91.6033 95.0368 65.4599 56.4006 6.32456 23.7697 91.5285 21.095 37.9473 2.23607 60.208 61.0763 96.4904 69.6878 46.9915 71.7111 40.8114 23.4094 95.0928 89.3506 54.2695 41.1461 103.03 79.0833 
53.8761 6.08276 39.6232 42.3436 85.796 29.4109 70.8274 40.7662 61.9955 6.08276 64.8463 44.2532 50.8948 24.3516 96.1843 57.5587 48.0833 80.3622 94.253 97.5273 24.5967 43.6955 34.7851 61.9079 28.4605 51.1957 52.3546 55.6715 71.48 56.6855 22.8035 66.1642 76.4938 100.014 0.0 47.0956 41.8688 47.0956 61.2944 58.648 102.698 83.9711 9.21954 98.0302 72.5097 99.8563 91.3677 45.6301 10.8167 46.5235 73.5248 29.071 64.3562 102.255 41.6173 38.2099 66.4975 78.1338 19.9249 49.0918 
64.4099 46.0977 78.6356 55.2268 65.0077 61.6227 86.3454 34.0588 76.3806 41.0488 92.0054 32.7567 66.0681 70.1783 108.051 11.1803 72.1134 104.738 92.8123 81.6149 26.2488 59.203 80.399 73.3302 74.2428 8.544 22.0227 73.8783 82.0138 78.2432 65.9242 52.7699 94.8146 89.1067 47.0956 0.0 82.573 6.0 26.9258 72.9178 86.3713 66.1891 45.3982 97.9076 52.0384 90.4268 111.31 29.9666 56.0803 74.202 85.0207 46.1424 75.1013 80.399 83.678 78.4605 80.6226 89.9993 66.0681 84.7104 
49.2443 39.1152 5.38516 40.1622 90.6987 23.0217 43.8292 57.0351 37.6431 46.0435 32.5576 62.1289 33.2866 21.0238 67.0522 91.0727 24.8395 47.0425 80.9406 89.4986 56.3427 34.176 16.0312 45.9674 18.6815 83.5603 78.0256 31.8277 64.2028 30.8058 19.105 57.117 47.1275 91.6033 41.8688 82.573 0.0 84.5044 86.0233 35.3553 94.2603 85.4807 38.4708 79.5331 81.9786 91.3015 59.2115 66.0681 31.1448 21.9317 51.8652 39.0128 50.9313 103.489 3.60555 4.12311 41.0488 53.9362 24.6982 14.8661 
68.8515 46.8722 80.6356 59.4138 71.007 65.6015 90.7855 38.833 80.6598 41.1947 95.7758 38.0132 70.0357 70.859 112.493 14.8661 75.7102 108.894 98.6787 87.5728 28.6531 63.0317 81.2158 77.7718 74.9667 14.3178 28.0179 77.8332 86.4555 82.134 67.1863 58.4338 99.2472 95.0368 47.0956 6.0 84.5044 0.0 32.7567 77.0779 92.3472 72.1734 46.5725 103.774 58.0345 96.3379 115.745 35.4683 56.7186 77.7988 89.4623 49.5986 79.5429 86.3713 85.3815 80.4114 85.0412 94.4409 66.6108 87.4816 
48.549 57.7754 81.0 49.2443 39.4588 63.0079 75.7256 29.0 68.1363 55.5698 85.6598 24.0832 60.1664 80.0636 91.7422 21.2132 68.4471 95.3949 71.3442 57.5674 36.7151 54.9181 88.8426 60.9623 83.4968 18.4391 8.94427 67.3965 51.8831 71.853 73.5459 36.1267 83.8782 65.4599 61.2944 26.9258 86.0233 32.7567 0.0 65.5761 61.8466 41.7612 55.7136 76.5506 27.5136 67.0671 99.1899 20.025 67.0794 71.1969 70.574 47.0956 59.2603 54.0093 88.1419 82.0549 70.854 76.275 76.6581 81.8841 
18.0278 52.5215 30.4795 17.6918 57.28 32.4123 14.8661 39.4081 4.12311 58.8054 20.2485 42.5441 7.61577 46.9696 39.3192 77.666 10.8167 31.8277 48.8592 54.4059 52.1805 14.7648 48.5489 10.6301 47.4236 70.214 59.5404 3.60555 29.5296 7.0 40.1973 30.0832 22.8254 56.4006 58.648 72.9178 35.3553 77.0779 65.5761 0.0 59.0593 51.8652 49.8852 47.4516 52.0865 56.0988 39.4462 46.5617 49.4643 13.4536 18.4391 30.0768 15.6205 69.3181 38.8973 33.4215 9.21954 21.8547 48.2493 22.8254 
48.2782 99.7754 89.1964 60.0412 22.8473 89.7343 56.2767 62.2357 57.6753 97.4421 71.7903 58.7366 61.5224 104.292 51.0392 82.9759 69.4262 70.6116 22.0227 5.38516 80.0817 63.5266 106.184 48.4673 104.748 78.7718 64.3817 62.6586 30.4795 64.8742 97.5193 50.9333 59.4811 6.32456 102.698 86.3713 94.2603 92.3472 61.8466 59.0593 0.0 20.2237 97.1391 27.2947 34.5254 8.544 66.0681 59.2115 98.4285 72.3464 51.6288 73.6492 43.47 17.088 97.7446 91.9674 56.451 45.8803 104.968 81.7419 
38.6155 81.2987 80.2309 48.337 6.08276 81.1557 54.0833 43.5093 51.6624 78.7156 68.7314 39.8497 52.2165 94.972 58.3095 62.8172 60.9102 72.1768 32.6497 15.8114 61.3514 53.6757 97.749 42.2019 96.1689 58.5491 44.1814 55.3624 23.1948 58.5235 87.4515 32.4566 60.0832 23.7697 83.9711 66.1891 85.4807 72.1734 41.7612 51.8652 20.2237 0.0 78.6624 38.4187 14.3178 25.4951 71.0634 39.8121 83.7199 64.0293 45.0111 58.3389 37.6563 19.105 88.8332 82.8191 51.6236 46.1736 91.1144 74.4648 
45.3907 3.16228 35.2278 33.8582 80.2376 21.9545 64.5146 34.6377 53.825 8.94427 58.6841 38.1247 42.4094 25.02 87.6989 55.0091 41.9211 74.1999 85.7677 91.9689 20.0998 35.2101 35.0571 53.4225 29.0 48.0416 46.8188 49.5092 62.9947 50.5232 20.6155 60.6058 70.3315 91.5285 9.21954 45.3982 38.4708 46.5725 55.7136 49.8852 97.1391 78.6624 0.0 89.5449 68.2097 91.3709 85.2055 39.5016 11.4018 40.3612 65.0394 20.5856 55.8708 96.697 39.0 34.4819 58.6939 69.6484 21.2132 43.1856 
44.3565 92.1812 75.3828 56.1195 43.8292 79.1215 36.1248 74.7208 43.5581 97.676 50.9902 75.4151 54.5022 93.6787 24.0832 96.3676 57.2871 46.0977 5.83095 26.5707 88.7975 59.5186 94.2205 42.3178 93.8853 91.0002 76.4598 49.8029 27.9025 49.0409 86.9065 55.6353 36.6197 21.095 98.0302 97.9076 79.5331 103.774 76.5506 47.4516 27.2947 38.4187 89.5449 0.0 50.3289 19.0263 39.6232 69.5853 94.5068 59.1011 31.5876 69.7275 38.6149 44.1475 83.1337 78.5153 38.8656 25.6125 94.9585 65.045 
34.2345 70.8461 76.5935 42.5029 13.3417 61.9943 58.0517 32.8024 53.0094 67.2542 71.1236 28.3019 50.01 82.8838 67.4166 48.5077 59.2284 77.3692 44.8219 30.0832 49.6488 47.8416 90.153 44.182 85.7873 44.2832 30.0167 55.2268 28.2312 59.0762 75.4932 25.4951 65.2534 37.9473 72.5097 52.0384 81.9786 58.0345 27.5136 52.0865 34.5254 14.3178 68.2097 50.3289 0.0 39.5601 78.8189 27.313 73.2672 62.3699 50.2892 47.9242 40.6079 29.7321 84.995 78.7094 54.3323 56.2793 80.6997 73.3485 
46.1825 94.0073 86.253 57.9456 29.4109 86.6554 50.3543 65.2157 54.7148 99.5021 65.8679 61.7166 58.757 101.213 43.0116 87.9318 66.4714 63.6003 14.1421 10.0 83.0617 61.4003 103.445 45.5068 101.865 83.1986 68.6586 59.6982 28.6356 61.9138 94.4404 53.9133 52.9245 2.23607 99.8563 90.4268 91.3015 96.3379 67.0671 56.0988 8.544 25.4951 91.3709 19.0263 39.5601 0.0 58.3095 62.2408 96.3328 69.386 45.7064 71.5536 40.5096 25.632 94.791 89.0488 52.9844 39.8246 102.492 78.7814 
51.6624 86.8859 57.0 56.6127 77.1298 65.1321 25.0 77.4664 35.5106 93.8994 27.0185 80.5036 47.0106 78.1025 15.8114 115.66 45.2217 12.3693 44.1814 64.0312 91.2943 54.2033 75.2396 38.8973 77.0 108.245 95.8104 39.8121 52.5332 36.4005 72.5603 64.5368 16.6433 60.208 91.3677 111.31 59.2115 115.745 99.1899 39.4462 66.0681 71.0634 85.2055 39.6232 78.8189 58.3095 0.0 84.5125 82.1841 45.3542 28.9693 69.5134 40.0 82.0549 62.3939 60.0083 30.8058 26.4197 80.399 45.0 
37.6129 41.6261 61.0082 29.7321 40.4969 43.0465 59.5484 9.05539 49.6844 40.3746 66.6408 4.12311 40.8534 61.106 81.2353 31.8277 48.7647 78.1097 64.49 54.0833 22.4722 35.171 69.6419 46.5331 64.5136 24.8395 13.0 48.3322 50.6574 52.8015 54.4059 23.2028 68.0176 61.0763 45.6301 29.9666 66.0681 35.4683 20.025 46.5617 59.2115 39.8121 39.5016 69.5853 27.313 62.2408 84.5125 0.0 50.9378 51.4198 57.357 27.2947 46.1681 57.0088 68.2642 62.1289 53.8277 63.1831 58.4313 61.9839 
50.222 10.0 29.2062 38.8943 85.295 22.0 61.6438 42.2371 52.8119 15.8114 55.6597 47.6162 45.1477 14.1421 86.5028 66.0303 38.8997 71.1688 90.7295 93.3602 31.4006 40.2462 24.5153 58.4586 18.2483 59.2115 58.1893 46.4878 67.9566 47.5018 12.0416 65.6632 67.3101 96.4904 10.8167 56.0803 31.1448 56.7186 67.0794 49.4643 98.4285 83.7199 11.4018 94.5068 73.2672 96.3328 82.1841 50.9378 0.0 37.3398 67.6775 25.6431 60.9068 102.556 30.8058 27.5862 57.3138 70.5766 10.0 39.3573 
28.4605 42.0416 17.0294 22.0907 69.3111 20.2878 24.3311 43.0116 16.1245 49.0551 19.7231 47.2969 12.3693 34.7131 49.163 80.5295 3.16228 34.9285 60.5086 67.624 52.6405 16.2788 35.3553 24.0416 34.7851 72.9178 64.2884 10.0 42.4382 10.198 28.0728 38.0526 30.0666 69.6878 46.5235 74.202 21.9317 77.7988 71.1969 13.4536 72.3464 64.0293 40.3612 59.1011 62.3699 69.386 45.3542 51.4198 37.3398 0.0 30.8707 29.9422 29.0 81.9878 25.4558 20.0 20.2485 33.5042 36.1248 11.0454 
23.6008 67.6757 47.5079 31.3209 51.0392 50.6255 9.84886 51.1775 14.8661 73.9596 25.4951 54.2147 25.02 65.1827 24.0429 87.2157 28.7924 27.2947 32.9951 48.0844 65.1167 31.1448 66.1891 11.7047 65.5515 80.9192 67.3007 21.1896 22.3607 21.095 58.4105 36.0694 15.1327 46.9915 73.5248 85.0207 51.8652 89.4623 70.574 18.4391 51.6288 45.0111 65.0394 31.5876 50.2892 45.7064 28.9693 57.357 67.6775 30.8707 0.0 45.2311 11.3137 65.3314 55.4707 50.6063 10.8167 5.9907 66.4624 37.6431 
25.5734 23.2219 34.1321 14.0499 59.9141 16.1245 44.7063 18.2483 34.0167 29.5058 47.9318 23.5372 22.6011 34.9857 67.8905 53.1413 27.8537 61.4891 65.9503 68.581 24.4403 15.4018 42.72 33.6142 38.0132 45.5412 39.0128 30.2488 43.1773 34.4138 27.7308 40.2823 52.8774 71.7111 29.071 46.1424 39.0128 49.5986 47.0956 30.0768 73.6492 58.3389 20.5856 69.7275 47.9242 71.5536 69.5134 27.2947 25.6431 29.9422 45.2311 0.0 36.0624 77.1747 41.0488 35.0 38.8855 49.8401 32.8024 39.7351 
12.53 58.5071 45.9674 22.0227 43.4166 47.0792 17.4642 41.2581 14.3178 64.791 31.1448 44.2953 19.2354 61.6365 35.0933 76.0268 26.1725 37.0 34.8377 38.833 55.3348 23.5372 63.6003 5.0 62.0924 69.7303 55.8187 19.2094 14.5602 21.4709 54.8642 24.7588 25.0799 40.8114 64.3562 75.1013 50.9313 79.5429 59.2603 15.6205 43.47 37.6563 55.8708 38.6149 40.6079 40.5096 40.0 46.1681 60.9068 29.0 11.3137 36.0624 0.0 54.231 54.4518 48.8365 14.0357 17.0411 62.9162 38.2753 
56.6236 99.3333 98.2391 67.1728 16.5529 99.9915 69.3111 61.7738 68.542 96.6937 84.5043 57.6975 70.2247 113.808 67.4759 75.0267 78.8923 85.4751 38.6394 18.0278 79.2023 71.8721 114.673 59.0931 115.005 72.1734 58.6941 72.8972 39.8121 75.6439 106.287 51.2924 73.8241 23.4094 102.255 80.399 103.489 86.3713 54.0093 69.3181 17.088 19.105 96.697 44.1475 29.7321 25.632 82.0549 57.0088 102.556 81.9878 65.3314 77.1747 54.231 0.0 106.841 100.827 67.6757 59.8415 109.95 92.1303 
52.4786 39.3573 8.60233 43.0813 93.751 25.318 47.4131 59.2115 41.2311 46.1411 35.9026 64.3817 36.6197 19.4165 70.5195 92.4284 28.3196 50.1597 84.5412 92.957 57.4891 37.1618 13.0384 49.4975 16.5529 85.086 80.0062 35.3836 67.624 34.4093 18.868 60.1334 50.5964 95.0928 41.6173 83.678 3.60555 85.3815 88.1419 38.8973 97.7446 88.8332 39.0 83.1337 84.995 94.791 62.3939 68.2642 30.8058 25.4558 55.4707 41.0488 54.4518 106.841 0.0 6.32456 44.6542 57.5367 23.4307 18.3848 
46.3249 35.2278 3.16228 36.7696 87.47 19.105 43.0813 53.0848 36.0555 42.2019 33.0606 58.2151 30.6105 18.6815 66.9403 86.959 22.6716 48.0416 79.9228 87.1149 52.2302 30.8707 15.8114 43.9318 17.0294 79.4467 74.0068 30.0 61.7171 29.5296 15.6205 53.8477 47.0744 89.3506 38.2099 78.4605 4.12311 80.4114 82.0549 33.4215 91.9674 82.8191 34.4819 78.5153 78.7094 89.0488 60.0083 62.1289 27.5862 20.0 50.6063 35.0 48.8365 100.827 6.32456 0.0 39.8246 52.9183 21.9317 15.0333 
22.3607 61.3302 36.7151 25.807 57.4282 40.2618 5.83095 46.7816 5.09902 67.6141 17.1172 49.8188 16.7631 54.8179 30.1496 84.9751 18.4391 24.6982 40.2732 51.8141 60.4886 23.7697 55.4617 10.198 55.0273 77.5604 66.8064 11.0454 28.4429 10.2956 48.0468 35.3553 14.2127 54.2695 66.4975 80.6226 41.0488 85.0412 70.854 9.21954 56.451 51.6236 58.6939 38.8656 54.3323 52.9844 30.8058 53.8277 57.3138 20.2485 10.8167 38.8855 14.0357 67.6757 44.6542 39.8246 0.0 13.2687 56.0988 26.9072 
29.0772 72.2847 49.7859 36.07 52.2403 53.5246 10.6301 56.1561 17.9612 78.5686 26.0768 59.1933 28.9052 68.0818 19.6977 93.0417 31.6902 26.0192 27.0185 42.45 70.2056 35.3861 68.6236 16.7209 68.2883 86.9349 72.8336 24.206 28.3235 23.444 61.3096 41.7257 14.0357 41.1461 78.1338 89.9993 53.9362 94.4409 76.275 21.8547 45.8803 46.1736 69.6484 25.6125 56.2793 39.8246 26.4197 63.1831 70.5766 33.5042 5.9907 49.8401 17.0411 59.8415 57.5367 52.9183 13.2687 0.0 69.3616 39.4481 
56.7612 20.0 24.3516 45.4335 92.6896 24.1661 60.4288 49.7307 51.5968 25.4951 53.4603 55.1097 43.9326 4.47214 85.2877 76.0263 37.6847 68.884 97.0168 99.8995 41.3038 43.3186 14.8661 58.2153 8.544 69.1809 67.7682 45.2728 74.4958 46.2868 8.06226 73.0578 66.0076 103.03 19.9249 66.0681 24.6982 66.6108 76.6581 48.2493 104.968 91.1144 21.2132 94.9585 80.6997 102.492 80.399 58.4313 10.0 36.1248 66.4624 32.8024 62.9162 109.95 23.4307 21.9317 56.0988 69.3616 0.0 35.9026 
39.2938 44.8219 12.0 33.0151 79.7507 23.1123 29.1548 53.3667 24.2074 51.8556 18.0278 57.8705 23.3452 33.2415 52.2015 90.3611 14.1421 33.1361 66.4525 77.1038 59.2513 27.074 30.5941 33.2866 32.0 82.7458 74.7329 19.2354 52.3546 17.0294 28.4605 49.0918 32.28 79.0833 49.0918 84.7104 14.8661 87.4816 81.8841 22.8254 81.7419 74.4648 43.1856 65.045 73.3485 78.7814 45.0 61.9839 39.3573 11.0454 37.6431 39.7351 38.2753 92.1303 18.3848 15.0333 26.9072 39.4481 35.9026 0.0 
DEMAND_SCENARIO_SECTION
0 0 0 0 0 0 0 0 0 0 0 0 0 0 0 0 0 0 0 0 0 0 0 0 0 0 0 0 0 0 0 0 0 0 0 0 0 0 0 0 0 0 0 0 0 0 0 0 0 0 0 0 0 0 0 0 0 0 0 0 0 0 0 0 0 0 0 0 0 0 0 0 0 0 0 0 0 0 0 0 0 0 0 0 0 0 0 0 0 0 0 0 0 0 0 0 0 0 0 0 0 0 0 0 0 0 0 0 0 0 0 0 0 0 0 0 0 0 0 0 0 0 0 0 0 0 0 0 0 0 0 0 0 0 0 0 0 0 0 0 0 0 0 0 0 0 0 0 0 0 0 0 0 0 0 0 0 0 0 0 0 0 0 0 0 0 0 0 0 0 0 0 0 0 0 0 0 0 0 0 0 0 0 0 0 0 0 0 0 0 0 0 0 0 0 0 0 0 0 0 
3 2 1 2 3 3 2 2 1 3 3 2 3 1 2 1 1 2 2 2 2 2 3 2 2 2 2 2 1 0 2 3 2 2 3 2 1 2 2 1 2 2 0 1 2 1 3 2 3 2 2 2 1 3 2 3 1 2 2 3 2 2 3 3 1 2 2 1 1 2 2 2 2 3 2 2 1 2 2 2 2 2 1 2 1 1 3 1 2 2 2 0 2 2 2 2 2 3 3 2 2 2 2 3 2 2 1 2 1 2 1 1 1 1 3 1 2 2 3 2 1 3 1 2 1 2 3 2 2 1 1 1 1 2 2 1 2 2 1 2 3 2 2 4 2 2 2 3 2 1 2 1 2 1 1 2 3 1 2 2 2 2 1 2 2 2 2 2 3 3 1 3 2 1 2 3 3 1 3 3 3 2 2 2 2 2 1 2 1 2 3 1 2 2 1 1 2 2 3 3 
9 11 9 10 9 10 9 7 7 8 7 12 10 9 11 6 5 8 4 8 4 5 8 6 5 3 8 5 6 3 7 5 10 7 8 8 9 8 4 4 9 9 7 10 5 2 5 9 6 11 9 8 8 12 6 6 10 8 8 6 8 7 8 6 10 11 4 12 9 6 11 11 11 10 8 2 4 8 7 6 7 8 4 10 10 12 11 12 9 8 6 9 5 11 9 8 10 6 8 11 5 10 7 9 6 4 11 12 5 12 10 5 7 8 6 9 9 4 6 9 5 4 11 3 9 5 10 11 6 8 10 12 13 4 7 7 5 7 8 10 9 8 11 11 14 1 6 10 9 11 9 6 9 8 11 10 9 9 5 6 7 7 9 6 4 9 10 7 8 14 8 6 7 8 6 10 12 7 6 10 9 5 5 9 7 7 6 8 7 6 12 12 9 4 6 6 11 11 12 8 
1 1 1 1 1 1 1 1 1 1 1 1 2 1 1 1 1 1 1 1 0 1 1 1 1 1 1 0 1 2 0 1 0 1 1 1 1 1 1 1 1 1 2 1 1 1 1 0 1 1 2 1 1 0 0 1 1 1 1 1 1 0 1 1 1 1 1 2 1 1 1 1 0 1 1 0 1 2 1 1 1 1 1 1 1 1 1 1 1 2 1 1 1 1 1 1 1 1 1 1 1 1 1 1 1 0 1 1 1 2 1 1 1 0 1 1 1 2 1 1 1 1 1 1 2 1 1 1 1 1 1 1 0 1 1 1 1 2 1 1 1 1 1 1 1 1 1 1 1 1 1 1 1 1 1 1 1 1 1 1 1 0 1 1 1 1 1 1 1 1 1 1 1 1 1 1 1 1 1 2 1 2 1 1 1 1 2 2 1 1 1 1 1 2 1 1 1 1 1 1 
12 5 8 8 9 10 6 12 9 10 11 5 10 5 10 13 13 2 14 12 4 3 9 4 9 13 4 14 6 10 10 11 11 9 9 16 12 10 11 8 10 13 6 9 8 12 13 9 7 6 12 5 13 6 12 14 10 3 7 8 8 8 11 6 8 11 13 9 8 5 13 11 7 10 14 10 8 7 7 6 4 10 4 13 13 6 13 12 10 6 9 7 10 7 9 10 7 8 17 8 12 10 10 4 9 6 12 10 11 9 10 9 15 12 6 10 8 13 4 15 12 7 10 6 4 8 10 9 4 11 10 11 5 9 8 7 8 12 4 13 9 10 13 14 4 0 5 10 9 6 11 3 12 9 5 11 11 8 9 8 8 13 8 7 8 15 10 13 8 9 9 15 8 9 3 10 10 9 10 13 11 10 9 12 9 15 10 9 7 9 10 11 8 9 13 7 3 6 10 11 
4 8 8 6 4 5 3 7 6 6 6 7 2 6 5 5 4 7 4 5 8 7 10 4 4 5 6 5 3 6 9 8 7 6 9 8 5 8 9 6 5 8 7 5 4 7 7 4 9 4 3 7 9 7 7 8 7 6 8 2 7 6 9 5 5 2 6 6 4 7 6 6 4 2 6 4 7 7 7 5 5 8 5 6 6 7 9 1 2 3 4 8 4 8 6 6 4 7 6 5 9 3 7 9 9 4 7 6 5 9 7 4 3 8 5 7 8 9 7 3 3 7 7 5 7 6 5 6 6 7 5 6 9 9 4 3 8 5 5 9 6 7 7 7 7 6 9 6 8 9 5 8 6 7 8 11 8 7 7 7 6 6 5 6 5 5 4 3 4 2 11 8 9 7 6 9 5 6 3 5 7 5 5 8 7 6 5 7 6 8 6 6 5 4 3 6 6 2 7 6 
3 5 3 4 5 3 3 4 2 4 5 4 6 6 5 3 2 4 4 6 4 2 4 3 2 5 4 2 4 3 2 5 5 3 4 6 1 3 7 4 4 4 4 5 7 4 7 5 4 3 5 3 7 5 4 7 5 3 3 5 6 4 6 2 2 3 4 4 1 2 4 3 4 6 2 5 4 5 4 5 2 6 5 4 3 5 3 3 5 4 5 5 3 6 6 6 4 2 4 3 4 4 5 4 2 6 5 1 3 3 3 2 4 3 3 4 6 8 3 4 3 2 4 3 4 2 5 4 5 5 5 3 6 5 5 4 4 4 4 2 7 1 6 4 4 5 2 4 5 5 3 4 5 4 4 4 3 4 5 3 4 5 2 1 5 4 3 2 6 2 5 2 2 6 4 5 4 7 3 5 4 3 5 4 5 4 4 3 2 3 5 4 3 4 5 3 4 1 7 7 
7 2 8 8 8 5 9 8 6 4 7 3 6 8 6 8 4 5 7 10 8 7 5 6 9 9 7 5 5 8 8 5 9 5 7 7 6 5 4 8 9 2 6 5 7 3 6 7 7 6 5 4 5 2 6 8 3 9 9 7 3 3 6 8 9 12 9 5 7 6 6 6 9 3 7 8 9 9 6 5 6 3 5 3 7 7 4 4 5 4 5 7 5 6 5 2 4 6 7 7 6 9 3 6 3 5 3 4 6 5 4 4 5 8 3 4 5 11 5 12 4 8 5 5 6 5 3 7 6 5 6 5 7 4 5 8 6 3 6 7 7 7 7 2 5 5 4 5 6 5 8 8 9 6 8 6 8 6 8 6 7 8 6 4 9 10 5 5 5 4 6 7 7 3 4 4 5 7 4 8 7 4 10 9 9 5 6 8 6 3 5 5 3 9 6 6 4 4 2 6 
5 7 6 6 6 4 6 3 6 7 5 5 7 3 4 6 2 7 7 0 5 7 6 5 6 5 6 6 6 5 7 5 4 5 4 6 3 7 5 4 4 6 7 4 4 4 7 4 4 8 6 6 5 6 3 3 8 4 6 4 7 4 5 7 6 8 6 7 8 4 4 5 9 5 5 1 6 4 1 5 4 5 4 4 5 4 2 6 7 8 8 4 5 6 3 5 7 4 3 6 3 3 4 6 2 4 3 6 7 7 2 5 7 7 8 7 4 9 3 5 6 6 5 6 5 5 4 6 7 7 6 7 4 5 5 6 7 7 6 6 2 5 4 4 6 7 6 7 5 6 5 6 3 5 5 9 5 6 4 6 5 7 4 4 4 3 4 5 7 6 4 4 6 8 5 6 5 3 7 6 6 4 4 8 5 4 7 6 5 6 6 6 5 5 5 1 6 5 4 5 
10 14 10 13 4 11 7 10 6 9 7 10 8 14 1 10 11 4 5 7 10 9 6 11 10 17 5 10 12 12 6 11 2 7 8 8 7 6 9 11 8 6 9 11 7 9 8 10 10 10 6 4 4 2 11 5 7 13 13 9 12 7 5 6 14 9 12 5 8 11 5 11 8 7 6 6 5 9 7 9 10 11 3 6 9 5 8 7 9 12 9 11 12 8 10 9 2 9 13 8 9 11 10 2 8 6 10 7 6 7 10 10 12 13 1 4 10 3 7 5 6 12 13 5 9 10 9 17 11 9 6 8 7 10 1 14 6 11 12 10 14 6 6 12 7 10 14 11 11 7 8 12 5 8 10 9 9 6 8 6 6 12 8 4 11 8 10 6 11 12 12 11 13 7 8 11 11 8 10 12 9 13 2 9 12 8 12 10 9 11 11 8 5 10 11 9 9 5 16 7 
6 9 5 5 6 7 4 5 4 6 9 6 6 7 5 6 4 5 3 10 5 6 6 7 3 4 3 2 7 6 4 5 4 4 3 5 5 3 3 5 6 3 4 6 7 7 2 7 8 6 5 3 4 3 4 7 4 7 6 7 2 7 7 5 3 4 4 7 5 3 3 4 5 6 4 6 7 7 5 7 3 3 5 3 7 3 5 9 6 7 7 4 4 7 7 5 8 7 5 7 4 3 4 6 4 4 6 6 6 5 4 8 5 7 6 5 6 5 4 4 7 4 8 5 5 5 6 4 3 5 3 4 6 6 7 4 3 3 10 3 8 6 3 6 7 6 7 6 3 5 6 6 7 5 5 2 6 2 8 2 2 7 4 3 5 7 7 1 5 6 3 5 8 4 4 4 6 4 2 5 3 5 3 5 6 5 4 5 6 6 4 4 4 5 3 6 7 7 5 5 
6 3 9 6 12 9 10 7 8 5 9 14 10 11 5 10 7 6 9 13 6 4 8 4 7 12 8 11 3 14 13 8 8 6 8 10 7 3 9 10 7 8 7 7 10 8 5 9 9 9 8 9 8 8 7 9 5 13 4 7 9 12 4 12 7 11 4 11 8 12 6 8 10 8 11 10 7 10 8 10 10 13 9 7 6 13 13 5 16 9 2 11 8 9 10 8 9 9 4 9 5 10 9 14 6 3 8 5 7 11 7 5 11 5 10 5 10 3 13 8 6 12 15 8 13 8 10 8 2 7 7 9 3 16 7 15 13 8 6 11 6 11 8 7 9 11 5 6 10 13 8 7 7 7 6 14 11 10 7 11 4 8 12 12 7 7 14 13 8 7 12 10 11 1 9 7 10 12 12 10 11 7 13 5 11 6 8 8 5 5 10 8 11 5 11 10 16 11 9 11 
5 4 6 6 8 5 2 5 4 5 8 3 3 4 5 1 4 6 5 5 6 7 4 4 5 8 7 4 6 4 6 4 7 4 6 8 7 7 8 6 6 7 6 7 6 4 5 7 8 7 6 5 6 4 5 4 9 9 8 5 7 7 4 6 6 5 6 6 5 4 4 3 5 8 4 2 5 4 3 3 4 5 7 5 4 6 4 4 8 4 7 6 6 3 5 4 5 4 6 5 7 6 6 2 2 1 2 5 6 4 7 5 6 6 5 8 5 2 5 6 4 4 9 6 5 4 3 7 8 7 5 5 5 5 1 10 6 2 6 5 2 7 7 6 6 7 7 6 3 6 5 6 6 6 5 5 7 6 5 4 7 5 5 5 2 6 5 4 4 5 5 6 3 7 3 4 5 5 7 5 7 5 4 6 5 5 6 6 5 6 8 7 5 4 11 5 4 6 6 6 
9 10 8 11 7 8 6 4 7 10 11 10 11 11 6 5 4 5 12 11 9 7 13 9 9 7 7 10 8 11 8 2 6 8 9 8 9 9 9 8 8 11 12 8 8 8 6 6 7 9 6 7 5 14 4 9 12 10 6 3 4 6 8 9 11 9 6 8 9 6 10 8 3 9 12 7 9 7 4 5 13 8 8 8 6 7 5 11 7 9 5 10 9 9 12 10 13 7 9 9 6 9 4 7 9 8 11 11 9 6 11 11 10 7 8 8 10 7 10 12 5 7 7 9 9 6 7 10 11 5 7 8 14 8 11 6 8 4 9 8 6 7 8 6 7 6 8 7 9 3 11 7 8 5 10 12 5 9 7 9 9 5 9 8 6 8 14 9 7 3 9 11 12 11 11 4 7 7 8 10 8 6 5 6 3 3 6 7 8 13 8 7 11 8 8 8 9 6 7 9 
1 0 1 2 2 1 2 1 0 1 1 1 1 1 0 1 1 1 1 1 1 1 1 1 1 1 1 1 1 1 1 1 1 1 0 2 1 1 1 1 2 1 1 1 1 1 1 1 1 2 1 1 1 2 1 1 1 1 0 1 1 1 1 1 1 1 1 1 1 1 1 1 1 1 1 1 2 1 1 1 0 1 1 1 1 1 1 1 1 0 1 0 1 2 1 1 1 1 1 1 1 2 1 0 1 1 1 1 1 1 1 1 1 1 1 1 1 1 1 1 1 1 1 0 1 2 1 0 1 1 1 1 1 0 1 1 1 1 0 1 1 1 1 1 2 1 1 1 1 1 1 1 1 1 1 0 2 2 1 1 2 1 1 1 1 1 1 1 1 0 1 0 1 1 0 2 1 1 1 1 1 1 1 0 1 1 1 1 1 1 1 1 2 0 0 0 1 1 1 1 
11 12 6 9 10 10 12 12 9 12 15 8 7 11 8 13 13 9 16 6 13 14 16 12 10 10 15 13 6 6 12 16 9 10 7 7 7 13 1 13 13 10 11 11 10 13 7 11 7 2 9 14 7 6 14 13 10 11 0 11 7 10 9 6 13 10 1 7 13 8 15 10 10 8 12 9 10 10 12 4 7 9 6 6 11 13 3 18 12 7 11 12 5 9 16 12 6 11 11 14 5 12 13 17 9 12 5 5 10 11 6 10 16 9 9 3 11 9 15 5 7 12 7 16 8 6 15 4 13 8 14 15 11 8 18 8 10 9 13 3 2 11 14 12 15 5 10 12 12 13 16 16 8 9 8 9 9 7 8 10 17 11 14 7 10 6 11 9 9 8 7 15 8 16 12 10 8 4 12 7 5 8 6 5 12 11 12 9 14 8 14 19 15 11 10 8 10 8 7 8 
5 7 4 7 5 6 6 6 5 7 7 5 6 8 4 9 6 11 5 8 8 7 6 4 3 6 2 6 6 8 8 6 5 7 6 1 6 9 8 5 11 6 4 7 7 6 4 2 7 6 3 6 3 5 7 11 1 4 5 6 13 5 5 6 6 7 9 3 4 4 5 8 5 6 6 7 3 6 9 5 4 11 7 3 7 7 6 6 5 6 9 6 6 3 8 6 6 9 7 6 5 9 9 4 1 5 8 9 4 6 5 10 4 6 7 9 7 5 5 3 8 10 5 5 5 5 6 6 4 4 6 5 4 9 6 9 3 4 4 5 8 5 6 4 2 6 4 6 5 8 10 7 8 7 4 3 10 7 3 6 10 5 3 3 5 5 4 4 3 7 10 10 7 6 7 5 4 5 7 8 6 9 6 5 8 5 3 5 3 9 9 5 4 6 4 5 5 5 4 9 
4 3 8 8 6 6 7 3 4 3 5 8 6 7 5 7 10 5 8 4 4 4 7 7 7 3 3 5 5 5 3 3 8 6 9 6 9 7 7 5 7 5 7 2 8 6 6 6 5 6 7 7 6 2 6 5 6 3 4 5 7 11 5 3 9 4 5 7 7 5 4 8 1 7 4 7 6 8 3 6 6 5 8 5 5 1 9 3 4 3 5 5 4 3 8 6 7 4 5 6 9 6 5 8 5 6 7 5 7 6 8 7 6 7 7 10 4 3 7 6 4 7 6 7 7 7 6 4 7 6 2 5 7 4 2 6 6 4 8 7 4 8 5 4 7 8 5 7 5 7 8 6 4 7 6 7 8 5 6 3 9 5 6 5 6 7 7 6 2 7 4 6 6 6 9 4 7 7 6 6 7 6 5 5 7 6 5 6 6 5 6 8 4 5 5 5 6 8 5 5 
8 6 5 4 5 5 7 6 7 9 1 4 5 3 4 5 6 7 7 6 7 5 4 5 8 10 8 6 8 5 7 4 8 8 6 4 6 7 11 8 6 4 6 9 8 6 3 8 6 5 6 5 6 4 6 7 4 7 10 3 8 1 6 11 2 8 7 4 8 8 2 10 7 7 4 7 4 6 5 7 7 5 8 5 2 7 7 7 6 4 7 5 6 7 8 10 1 3 6 6 4 6 4 4 6 10 9 10 5 6 6 4 7 5 7 8 5 7 5 6 9 6 5 2 8 7 6 3 11 5 6 5 9 3 6 5 4 4 5 7 4 3 7 5 5 6 4 8 5 5 10 7 5 3 8 7 7 4 9 6 7 5 6 9 6 10 3 8 4 5 2 7 3 4 3 6 6 3 3 4 6 5 10 6 3 6 8 8 9 8 5 5 7 4 5 6 8 5 7 8 
7 8 4 6 7 3 8 5 10 4 5 8 9 7 4 5 4 4 7 7 7 6 9 7 8 9 7 7 5 5 6 2 4 3 8 5 9 8 7 7 4 7 8 7 5 7 7 6 7 3 4 4 4 4 6 6 9 6 3 3 8 6 5 7 6 4 7 6 6 9 8 4 7 5 8 5 3 3 9 8 6 6 7 7 9 2 4 7 8 8 6 7 8 7 5 4 3 7 7 6 3 6 6 3 6 3 1 5 6 5 6 4 5 7 5 7 4 10 5 9 7 8 9 7 6 5 6 8 8 7 5 9 6 7 4 7 9 2 7 7 8 3 7 5 5 6 10 4 5 5 8 7 5 9 7 7 6 7 4 6 7 7 5 4 8 6 5 9 4 7 4 13 6 3 8 7 8 5 7 6 8 4 9 8 3 4 8 7 4 6 7 8 5 7 2 7 6 9 8 8 
1 1 1 1 0 1 1 1 0 1 1 1 1 1 1 1 1 1 1 1 1 0 1 1 2 1 1 1 1 1 1 1 2 1 1 1 1 2 2 1 1 1 1 0 1 1 1 1 1 1 1 1 1 1 2 1 1 1 1 1 1 1 0 1 1 1 1 1 1 1 1 1 1 1 1 1 1 1 2 0 1 0 1 1 1 1 1 1 1 0 1 0 1 1 2 1 1 1 2 1 2 1 1 1 2 1 1 1 1 1 1 1 1 1 1 1 1 1 1 1 1 0 1 1 2 2 1 1 1 1 1 1 1 1 1 1 1 1 1 1 1 1 2 1 0 1 1 1 1 1 0 1 1 1 2 1 1 1 1 1 1 1 1 1 1 1 1 1 1 1 1 1 1 1 1 1 2 1 1 1 1 1 0 1 1 1 1 1 2 1 2 1 1 1 1 2 1 1 1 1 
11 8 9 11 8 10 3 5 6 8 5 8 5 6 6 8 7 6 6 7 6 10 10 5 7 9 6 6 7 8 10 6 6 8 6 8 7 6 11 9 5 9 3 5 9 6 8 4 8 10 8 10 8 8 7 10 5 7 10 7 5 11 9 9 5 4 4 7 6 7 5 7 10 6 6 10 6 9 8 5 5 8 8 8 6 9 12 10 5 6 8 7 7 15 6 7 9 8 8 8 4 7 12 6 7 9 8 9 7 5 10 4 6 2 7 5 11 13 10 3 8 9 5 6 10 7 8 5 2 7 5 8 7 11 8 7 7 3 5 5 10 6 6 8 11 8 6 7 2 6 5 7 11 6 8 5 5 8 9 8 11 6 8 6 11 7 10 7 9 12 4 7 6 6 5 7 9 6 10 6 8 4 6 10 6 9 9 10 6 6 9 9 4 9 6 7 10 6 12 8 
9 6 8 9 8 5 6 7 4 10 8 7 10 6 5 7 5 8 6 3 3 9 4 1 4 8 11 12 5 7 4 6 6 3 7 6 10 7 5 7 6 7 9 8 0 9 6 5 8 6 6 5 7 3 8 9 7 9 7 8 6 6 9 6 6 2 7 6 2 7 7 7 7 7 8 8 3 6 11 7 7 5 8 4 7 5 4 3 9 5 10 7 7 5 3 7 6 4 6 8 10 7 8 6 8 9 7 9 5 7 9 3 8 2 7 7 4 4 10 5 5 11 8 8 8 8 7 7 3 3 8 4 6 8 5 8 0 9 5 7 8 8 9 5 11 8 4 8 7 9 7 9 4 2 7 8 8 5 8 4 8 8 10 4 10 2 6 6 6 8 8 5 8 5 10 5 9 8 4 8 4 8 12 5 6 7 10 7 5 9 7 6 8 7 4 6 9 9 8 6 
