NAME  : Jabali_60_2_0.90_1_8
TYPE : SVRP
MODEL : FINITE_SUPPORT
NUMBER_OF_SCENARIOS : 200
DIMENSION : 60
EDGE_WEIGHT_TYPE : MATRIX
CAPACITY : 189
N_VEHICLES : 2
NODE_COORD_SECTION
1 3874 3511
2 5066 4012
3 4884 6753
4 5886 1727
5 6166 1371
6 4134 5122
7 2665 7026
8 5574 4318
9 2464 6212
10 6663 2596
11 1642 2402
12 2690 7379
13 4342 3428
14 456 5038
15 27 3260
16 3986 392
17 6885 4565
18 4836 4154
19 2250 1613
20 6008 438
21 3588 5080
22 4099 18
23 7344 3539
24 1912 8400
25 3702 7378
26 5703 1980
27 5793 5166
28 5503 1682
29 1303 5202
30 6408 6322
31 3125 781
32 6305 6227
33 5868 824
34 3794 2354
35 1781 7859
36 4216 6874
37 3665 4738
38 4251 6382
39 3898 212
40 1764 6723
41 4558 5457
42 7405 4285
43 6214 4856
44 7787 4002
45 5157 3386
46 7070 6076
47 2034 2502
48 4235 3724
49 5484 7096
50 6865 4875
51 1641 7881
52 6646 4319
53 5907 5484
54 2655 2265
55 5429 4119
56 963 2567
57 3245 2102
58 7451 4972
59 5084 7552
60 2353 6978
DEMAND_SECTION
1 0.0
2 9.0
3 5.0
4 5.0
5 7.0
6 5.0
7 4.0
8 5.0
9 9.0
10 1.0
11 4.0
12 5.0
13 1.0
14 2.0
15 1.0
16 7.0
17 9.0
18 1.0
19 5.0
20 10.0
21 6.0
22 9.0
23 2.0
24 10.0
25 7.0
26 9.0
27 4.0
28 9.0
29 7.0
30 4.0
31 1.0
32 9.0
33 4.0
34 10.0
35 4.0
36 5.0
37 1.0
38 6.0
39 4.0
40 9.0
41 10.0
42 9.0
43 8.0
44 6.0
45 1.0
46 8.0
47 10.0
48 8.0
49 3.0
50 3.0
51 6.0
52 8.0
53 8.0
54 5.0
55 4.0
56 7.0
57 3.0
58 10.0
59 8.0
60 2.0
DEVIATION_SECTION
1 0.0
2 3.0
3 1.66667
4 1.66667
5 2.33333
6 1.66667
7 1.33333
8 1.66667
9 3.0
10 0.333333
11 1.33333
12 1.66667
13 0.333333
14 0.666667
15 0.333333
16 2.33333
17 3.0
18 0.333333
19 1.66667
20 3.33333
21 2.0
22 3.0
23 0.666667
24 3.33333
25 2.33333
26 3.0
27 1.33333
28 3.0
29 2.33333
30 1.33333
31 0.333333
32 3.0
33 1.33333
34 3.33333
35 1.33333
36 1.66667
37 0.333333
38 2.0
39 1.33333
40 3.0
41 3.33333
42 3.0
43 2.66667
44 2.0
45 0.333333
46 2.66667
47 3.33333
48 2.66667
49 1.0
50 1.0
51 2.0
52 2.66667
53 2.66667
54 1.66667
55 1.33333
56 2.33333
57 1.0
58 3.33333
59 2.66667
60 0.666667
DISTANCE_MATRIX
0.0 16.9706 46.455 37.7115 43.5415 21.9976 55.4162 24.2074 42.3216 40.05 34.2053 58.544 6.0 52.0865 53.8516 45.697 41.1096 15.0 33.4896 57.2605 24.0682 49.9032 46.6154 75.968 52.7481 34.117 40.2002 35.7292 43.1856 48.7765 38.1613 47.8104 52.8416 15.831 66.3356 44.3909 20.5856 38.2256 46.9458 52.4722 26.0083 47.4342 35.617 51.9711 16.4924 54.9649 29.4109 5.0 54.7312 41.9615 67.0255 37.8021 36.2553 23.551 21.9317 42.4264 20.1488 49.5839 55.9379 52.4722 
16.9706 0.0 40.1209 33.9706 39.598 19.6469 52.8015 7.61577 47.2969 29.7321 51.0882 55.4707 13.4164 65.9381 70.4557 56.0332 24.2074 3.0 50.3302 50.6063 24.0 57.8712 31.5753 72.9452 47.639 30.4795 23.2681 33.0151 55.6022 37.06 55.0019 36.1444 45.607 32.6716 68.942 38.6717 21.2132 32.782 55.2911 58.6941 20.054 30.8869 18.6848 35.8469 8.94427 38.2127 46.2724 12.0416 48.3971 25.0293 69.857 21.095 25.8746 40.3916 5.0 59.397 36.9894 32.6518 49.6038 54.7814 
46.455 40.1209 0.0 73.8272 79.5363 25.0002 31.0644 52.8626 31.8769 70.1115 69.7937 32.0624 46.4454 61.7686 77.9908 92.0949 37.3657 37.7631 79.6722 90.1654 29.2801 96.301 52.0028 48.2701 20.2485 70.2769 35.9158 72.4759 50.4194 19.9249 84.5591 19.6469 85.1864 62.2288 46.1736 10.4403 32.4595 8.69432 93.3437 41.2311 20.0864 45.0099 41.4854 51.0731 48.3511 29.4109 67.0428 42.991 9.84886 34.5815 47.1699 38.2123 33.2416 69.8641 41.0726 73.845 66.5466 40.0125 14.1421 34.2345 
37.7115 33.9706 73.8272 0.0 5.83095 51.614 85.1469 37.7359 78.253 15.8114 57.8926 88.2326 31.9359 87.5728 82.3772 31.6228 40.1995 36.0694 48.153 17.0 53.8523 32.6497 32.0156 105.683 81.3453 3.60555 45.1109 4.47214 79.833 58.8727 37.0135 57.9872 12.083 30.0666 101.045 72.378 50.3697 66.4882 30.5287 89.5921 53.7603 40.1995 40.4969 40.2616 25.4951 59.2284 53.1879 34.9128 70.1143 43.4166 101.907 36.3456 47.7174 43.9813 35.2278 67.3789 35.5106 48.0 77.9244 86.6489 
43.5415 39.598 79.5363 5.83095 0.0 57.4282 90.9725 43.0116 84.083 18.0 61.9938 94.0479 37.7659 92.9139 86.8781 32.5269 43.9318 41.7732 51.5461 12.3693 59.6823 32.8024 34.1321 111.503 87.0545 9.43398 49.7739 9.05539 85.3756 63.561 39.4462 62.6498 8.0 35.3553 106.872 78.0871 56.1997 72.1974 31.1448 95.4221 59.4694 43.0116 45.1885 42.2966 31.241 63.3246 57.6075 40.7428 74.7773 47.2969 107.734 40.2616 52.3804 48.4499 40.6079 71.388 40.1123 51.2445 82.5874 92.4757 
21.9976 19.6469 25.0002 51.614 57.4282 0.0 33.6155 22.0907 27.6586 49.3356 51.6433 36.6197 21.9976 49.2443 60.4725 67.6375 39.7687 16.7631 55.2149 67.4366 7.07107 71.8437 50.01 54.0833 31.0644 48.0104 22.2444 49.7511 38.2753 33.7413 60.0515 32.7752 62.479 37.7714 49.6488 23.4094 8.24621 17.088 68.8863 39.0512 7.61577 47.6586 29.5718 52.8265 26.4197 41.0514 48.8923 18.5526 33.2764 38.532 50.5371 37.5456 22.4426 45.4067 22.0227 55.6946 42.0893 45.8375 34.4831 35.3412 
55.4162 52.8015 31.0644 85.1469 90.9725 33.6155 0.0 53.4608 11.1803 82.4621 62.8172 4.12311 55.4162 40.3113 62.8013 90.485 67.3647 50.0899 71.3092 100.903 32.5576 94.6911 80.604 20.6155 15.0 81.5414 51.4198 83.2179 30.8058 50.636 81.6403 50.4876 95.9458 62.2203 16.1555 21.587 36.7967 23.0217 91.7338 12.0416 33.5261 75.326 57.7062 81.3941 60.0333 60.0167 61.0328 51.9712 36.6879 65.123 17.088 66.9104 49.4975 62.6099 54.0994 64.2806 64.2219 71.007 33.121 3.60555 
24.2074 7.61577 52.8626 37.7359 43.0116 22.0907 53.4608 0.0 49.163 30.2324 58.4123 55.9366 21.0238 70.5368 77.0818 61.4918 18.2462 9.21954 57.6586 54.7083 27.8927 63.3298 28.0179 73.3696 60.5825 34.4819 17.3016 37.5766 59.9083 31.0935 62.3303 30.1779 49.7393 40.0 69.6128 51.4135 26.0 33.0951 60.7497 60.407 20.3672 25.3342 12.7183 30.8058 15.0333 32.2462 53.6004 19.4165 42.305 19.0629 70.5488 15.5263 19.9081 47.72 3.0 66.5282 44.3178 26.6853 50.1151 55.6846 
42.3216 47.2969 31.8769 78.253 84.083 27.6586 11.1803 49.163 0.0 76.922 51.6624 15.2971 48.4689 31.6228 52.3927 80.2808 65.123 44.3847 60.4152 93.4826 24.5967 84.5044 77.1622 30.0 22.3607 74.5948 48.0104 76.2707 21.0238 51.7997 71.2811 51.5226 88.9986 52.053 24.0416 24.8395 28.6531 23.2594 81.5659 11.4018 30.0167 73.1095 55.0364 79.0569 53.4883 61.2846 49.98 45.0239 39.6611 63.3877 24.7588 64.0 47.1699 51.9711 49.4975 53.1507 54.037 70.0357 38.1838 10.2956 
40.05 29.7321 70.1115 15.8114 18.0 49.3356 82.4621 30.2324 76.922 0.0 67.5426 85.0006 34.0588 92.1358 91.0863 47.0106 26.5707 32.573 60.446 30.1496 52.9528 48.3322 16.2788 102.434 77.0162 15.2643 34.5505 19.2354 83.0241 47.7074 51.4877 46.8722 26.0 37.3363 98.6154 68.6624 49.5249 62.1591 46.0652 88.3233 49.4311 25.02 29.8329 24.5153 24.0832 46.2385 62.6498 36.0139 59.5539 30.0832 99.5389 23.2594 37.157 53.6656 28.6531 76.9675 45.1774 33.3766 67.364 84.5044 
34.2053 51.0882 69.7937 57.8926 61.9938 51.6433 62.8172 58.4123 51.6624 67.5426 0.0 66.9403 38.721 39.2046 25.02 39.8497 75.1158 49.2037 13.0 64.0078 44.8489 43.6578 79.2407 80.2309 70.0643 55.3999 74.1707 53.6262 38.0132 82.6706 28.4605 81.7045 61.0737 30.5287 73.4098 66.5753 47.0416 61.2488 41.7612 58.1808 58.3452 81.2269 69.5874 85.5655 49.4491 89.9808 5.0 39.0512 78.07 76.0115 73.8241 71.7035 71.2712 13.9284 56.0803 9.48683 22.4722 83.634 79.2719 61.6847 
58.544 55.4707 32.0624 88.2326 94.0479 36.6197 4.12311 55.9366 15.2971 85.0006 66.9403 0.0 58.544 43.6578 66.6108 94.4683 68.884 52.8394 75.3923 104.029 36.0694 98.6745 82.4621 17.4929 13.9284 84.6286 53.4509 86.3432 34.5254 51.1566 85.6236 51.0882 99.0712 66.2036 14.1421 22.0227 40.3113 24.5153 95.7171 14.4222 35.8469 76.7961 59.439 82.8766 62.9682 60.407 65.146 55.099 36.6742 66.5126 15.1327 68.6586 51.1957 66.6408 56.5751 68.3593 68.2053 72.0625 32.311 6.32456 
6.0 13.4164 46.4454 31.9359 37.7659 21.9976 55.4162 21.0238 48.4689 34.0588 38.721 58.544 0.0 58.0775 59.0593 50.1617 36.7967 12.3693 37.9543 47.639 24.0682 54.3679 41.1461 75.968 52.7481 28.3414 36.0739 29.9535 49.163 48.7669 42.6259 47.8008 42.6814 20.2956 71.3134 44.3909 20.5856 38.2256 51.4105 58.1603 26.0 42.638 31.4906 46.8722 10.7703 51.0185 33.8965 3.60555 54.7217 37.8352 72.1758 33.2415 37.3675 28.0157 18.3576 47.0924 24.6135 45.4533 55.9284 56.9176 
52.0865 65.9381 61.7686 87.5728 92.9139 49.2443 40.3113 70.5368 31.6228 92.1358 39.2046 43.6578 58.0775 0.0 25.7099 77.8267 88.7464 63.3003 51.8652 98.2967 42.72 81.8841 97.3203 50.0 53.8516 84.3801 71.3982 83.863 11.4018 82.1718 66.7308 81.2057 94.4902 57.5587 43.0116 55.9732 44.9354 53.0754 79.6053 29.8329 55.0727 95.8621 78.7256 101.304 68.3593 89.482 40.8167 56.3205 70.0357 87.6858 43.0 86.0539 71.5964 47.927 69.7719 34.8281 54.4059 94.9913 69.527 37.3363 
53.8516 70.4557 77.9908 82.3772 86.8781 60.4725 62.8013 77.0818 52.3927 91.0863 25.02 66.6108 59.0593 25.7099 0.0 63.9531 94.6286 68.0074 37.2156 89.0 53.6781 67.4685 100.194 75.2396 74.3303 79.8311 93.7121 78.111 32.1403 94.0873 52.6118 93.1212 86.093 53.7587 68.1836 73.8241 55.8708 69.3542 65.9242 54.0093 67.1744 101.242 89.1288 105.816 69.7885 101.397 29.2746 58.8303 86.267 95.4733 68.2642 91.526 89.636 38.4708 75.213 16.1245 46.8722 103.096 87.2067 60.407 
45.697 56.0332 92.0949 31.6228 32.5269 67.6375 90.485 61.4918 80.2808 47.0106 39.8497 94.4683 50.1617 77.8267 63.9531 0.0 68.2027 60.6747 26.9258 28.2312 70.3172 4.24264 62.6498 110.26 95.5966 31.7648 71.0994 27.7849 73.8173 84.8914 11.4018 83.9758 27.4591 33.544 104.235 90.0308 64.0601 83.8655 2.0 89.8276 71.6481 69.7334 66.5162 70.7784 47.0934 86.002 37.1618 50.4962 100.371 71.0235 104.89 64.1218 73.706 30.2324 58.6196 47.8539 26.2488 76.6766 101.578 90.4401 
41.1096 24.2074 37.3657 40.1995 43.9318 39.7687 67.3647 18.2462 65.123 26.5707 75.1158 68.884 36.7967 88.7464 94.6286 68.2027 0.0 26.6433 74.3491 56.2939 46.1386 70.0407 15.0 85.5554 57.3564 38.0132 17.72 42.0 77.8677 22.6716 74.5912 22.0227 51.788 56.6905 83.0241 47.7075 44.176 44.4072 67.4606 76.0066 35.1283 8.0 10.198 14.0357 27.4591 19.6977 70.2913 36.1248 36.7151 3.60555 84.0119 4.12311 18.0 64.4105 19.434 83.4865 61.0083 8.94427 44.4185 70.1783 
15.0 3.0 37.7631 36.0694 41.7732 16.7631 50.0899 9.21954 44.3847 32.573 49.2037 52.8394 12.3693 63.3003 68.0074 60.6747 26.6433 0.0 48.4673 52.4976 21.0 59.4444 34.5254 70.3278 45.2813 32.5269 25.6987 34.8281 52.6262 40.0846 53.139 39.1185 47.5079 30.8087 66.2118 36.314 18.2483 30.4242 56.8643 55.7853 17.6963 33.541 21.1155 38.6264 10.6301 40.6433 44.4072 10.2956 46.0394 27.46 67.1193 23.7065 28.6852 38.5287 7.2111 57.3149 35.1265 35.0824 47.2461 52.0 
33.4896 50.3302 79.6722 48.153 51.5461 55.2149 71.3092 57.6586 60.4152 60.446 13.0 75.3923 37.9543 51.8652 37.2156 26.9258 74.3491 48.4673 0.0 52.1536 51.6101 30.6757 72.4579 89.9444 76.8896 47.3363 73.4836 43.7394 49.5177 82.2089 15.5242 81.2428 49.6488 25.2389 83.3547 73.3365 53.8028 68.01 28.8617 68.2642 59.2255 77.076 68.9003 79.8348 48.6824 87.6766 11.3137 38.2888 87.9484 75.2448 83.863 69.7718 68.967 10.0499 55.3173 21.095 15.8114 82.8673 86.0331 70.6824 
57.2605 50.6063 90.1654 17.0 12.3693 67.4366 100.903 54.7083 93.4826 30.1496 64.0078 104.029 47.639 98.2967 89.0 28.2312 56.2939 52.4976 52.1536 0.0 69.5554 26.9258 46.0 121.455 97.6217 20.2485 61.9799 17.6918 91.9678 75.7694 37.855 74.8465 5.0 41.7076 116.801 88.7162 66.0729 82.807 26.4008 103.633 70.0928 55.1453 57.3847 54.037 41.8688 75.6902 60.1332 50.616 86.9832 59.6657 117.663 52.6308 64.5864 51.3517 52.1536 73.0274 43.9318 63.5059 94.7933 102.405 
24.0682 24.0 29.2801 53.8523 59.6823 7.07107 32.5576 27.8927 24.5967 52.9528 44.8489 36.0694 24.0682 42.72 53.6781 70.3172 46.1386 21.0 51.6101 69.5554 0.0 74.5233 55.3263 53.1507 33.2415 50.194 29.246 51.8699 32.0156 40.8039 61.4725 39.8378 64.5978 42.0525 48.0104 27.1662 4.24264 21.0238 71.566 35.8469 14.4222 53.2266 36.5734 58.6941 29.1256 48.114 42.0979 20.6232 37.5563 45.5336 48.8262 43.4187 29.4442 42.5444 27.2947 48.9001 44.0541 52.8391 38.7631 33.6006 
49.9032 57.8712 96.301 32.6497 32.8024 71.8437 94.6911 63.3298 84.5044 48.3322 43.6578 98.6745 54.3679 81.8841 67.4685 4.24264 70.0407 59.4444 30.6757 26.9258 74.5233 0.0 64.2573 114.48 99.8028 33.2415 72.9375 29.1548 78.0064 86.7294 15.2315 85.8138 26.9072 37.7502 108.467 94.237 68.2663 88.0717 3.16228 94.0691 75.8543 71.5681 68.3542 72.45 48.9314 87.84 41.1461 54.7024 104.615 72.8615 109.124 65.9598 75.544 34.4093 60.4576 51.4198 30.4795 78.5146 105.784 94.6607 
46.6154 31.5753 52.0028 32.0156 34.1321 50.01 80.604 28.0179 77.1622 16.2788 79.2407 82.4621 41.1461 97.3203 100.194 62.6498 15.0 34.5254 72.4579 46.0 55.3263 64.2573 0.0 99.3395 71.9935 31.0161 29.2791 35.1141 87.1372 37.6431 66.9674 37.0135 42.107 48.9157 96.5401 63.111 52.7731 57.9741 61.8466 88.3853 47.3899 9.84886 23.0868 8.24621 30.4138 33.6006 74.313 41.7852 51.6236 18.4391 97.5141 13.9284 31.3209 65.4431 28.0713 88.2263 57.0665 18.7883 59.3633 83.1865 
75.968 72.9452 48.2701 105.683 111.503 54.0833 20.6155 73.3696 30.0 102.434 80.2309 17.4929 75.968 50.0 75.2396 110.26 85.5554 70.3278 89.9444 121.455 53.1507 114.48 99.3395 0.0 28.2843 102.078 70.5762 103.769 43.9318 66.1891 101.257 66.2722 116.497 82.0233 7.07107 37.855 57.3847 41.4367 111.537 22.1359 53.2259 93.1996 76.2647 99.2628 80.455 75.0267 79.1581 72.5231 51.0392 82.7712 7.0 85.4761 68.021 81.8352 74.0081 80.0812 84.0238 87.8237 45.0999 19.8494 
52.7481 47.639 20.2485 81.3453 87.0545 31.0644 15.0 60.5825 22.3607 77.0162 70.0643 13.9284 52.7481 53.8516 74.3303 95.5966 57.3564 45.2813 76.8896 97.6217 33.2415 99.8028 71.9935 28.2843 0.0 77.7946 43.6356 79.9312 43.382 38.0132 86.752 38.0526 92.6553 68.5219 27.1662 9.84886 37.1618 14.8661 96.8454 27.0185 27.5862 65.0 49.2053 71.0634 55.8659 47.0425 67.3774 49.3031 23.0868 54.5711 28.1603 58.203 40.9615 67.8239 48.5907 73.2462 69.3336 59.5399 18.3848 18.6011 
34.117 30.4795 70.2769 3.60555 9.43398 48.0104 81.5414 34.4819 74.5948 15.2643 55.3999 84.6286 28.3414 84.3801 79.8311 31.7648 38.0132 32.5269 47.3363 20.2485 50.194 33.2415 31.0161 102.078 77.7946 0.0 42.2969 4.12311 76.5106 56.0889 36.2488 55.1733 15.2643 27.0 97.4393 68.8277 46.7752 62.9379 30.8707 85.9976 50.21 38.6394 37.6431 39.2173 21.9317 56.7186 50.6952 31.3183 67.3003 41.1096 98.3016 34.0588 44.9034 41.4849 31.9061 64.8862 32.9848 46.0977 75.1104 83.0434 
40.2002 23.2681 35.9158 45.1109 49.7739 22.2444 51.4198 17.3016 48.0104 34.5505 74.1707 53.4509 36.0739 71.3982 93.7121 71.0994 17.72 25.6987 73.4836 61.9799 29.246 72.9375 29.2791 70.5762 43.6356 42.2969 0.0 45.9336 60.3433 20.0 78.1553 19.0 57.1594 55.8249 67.4463 34.4666 43.2314 29.1548 70.3573 59.1354 18.1108 25.4951 7.61577 31.257 27.4402 24.6982 69.2634 35.2279 29.1949 17.0 68.4105 16.0312 5.09902 63.545 18.4894 83.238 60.1428 24.6982 37.005 53.9351 
35.7292 33.0151 72.4759 4.47214 9.05539 49.7511 83.2179 37.5766 76.2707 19.2354 53.6262 86.3432 29.9535 83.863 78.111 27.7849 42.0 34.8281 43.7394 17.6918 51.8699 29.1548 35.1141 103.769 79.9312 4.12311 45.9336 0.0 76.4003 59.7255 32.6497 58.8099 12.7279 26.3059 99.1152 71.0267 48.3873 65.1153 26.8328 87.6098 52.4023 42.7551 41.3503 43.3244 24.2074 60.531 48.9214 32.9304 70.937 45.0444 99.9775 38.0132 48.5401 39.7149 34.8855 63.1124 31.257 50.1597 81.9588 84.7193 
43.1856 55.6022 50.4194 79.833 85.3756 38.2753 30.8058 59.9083 21.0238 83.0241 38.0132 34.5254 49.163 11.4018 32.1403 73.8173 77.8677 52.6262 49.5177 91.9678 32.0156 78.0064 87.1372 43.9318 43.382 76.5106 60.3433 76.4003 0.0 70.896 63.2535 69.9299 87.5957 50.2892 36.8782 44.8219 34.4023 41.7253 75.452 22.0907 43.8292 85.2422 67.6707 90.7083 59.0 78.2062 38.2099 47.0106 58.6941 76.631 37.108 75.4343 60.5392 43.6005 59.2284 36.4005 48.7647 83.9345 58.4123 28.2843 
48.7765 37.06 19.9249 58.8727 63.561 33.7413 50.636 31.0935 51.7997 47.7074 82.6706 51.1566 48.7669 82.1718 94.0873 84.8914 22.6716 40.0846 82.2089 75.7694 40.8039 86.7294 37.6431 66.1891 38.0132 56.0889 20.0 59.7255 70.896 0.0 86.8806 1.0 70.9366 64.5503 65.0308 29.1548 40.8959 28.6172 84.1493 61.131 27.1142 29.1548 18.3848 34.8855 41.2321 9.48683 77.9684 45.3125 15.2971 19.2094 66.0303 24.8395 15.0333 72.1855 32.2813 90.5614 68.8681 22.1359 22.4722 53.9351 
38.1613 55.0019 84.5591 37.0135 39.4462 60.0515 81.6403 62.3303 71.2811 51.4877 28.4605 85.6236 42.6259 66.7308 52.6118 11.4018 74.5912 53.139 15.5242 37.855 61.4725 15.2315 66.9674 101.257 86.752 36.2488 78.1553 32.6497 63.2535 86.8806 0.0 85.9145 36.0555 26.0083 95.0 82.4447 56.1437 76.2795 13.3417 80.2808 64.1124 77.7802 73.572 75.0955 51.3607 92.3483 25.9422 42.9605 92.8353 79.9165 95.6033 70.476 73.6387 19.799 59.989 36.4966 18.0278 83.4443 94.0421 81.5414 
47.8104 36.1444 19.6469 57.9872 62.6498 32.7752 50.4876 30.1779 51.5226 46.8722 81.7045 51.0882 47.8008 81.2057 93.1212 83.9758 22.0227 39.1185 81.2428 74.8465 39.8378 85.8138 37.0135 66.2722 38.0526 55.1733 19.0 58.8099 69.9299 1.0 85.9145 0.0 70.0358 63.5842 65.0077 29.0689 39.9298 28.34 83.2337 60.8769 26.1481 28.6531 17.4642 34.4384 40.3165 9.84886 77.0023 44.3464 15.5242 18.6011 66.0076 24.0832 14.0357 71.2194 31.3657 89.5953 67.902 21.8403 22.8473 53.7587 
52.8416 45.607 85.1864 12.083 8.0 62.479 95.9458 49.7393 88.9986 26.0 61.0737 99.0712 42.6814 94.4902 86.093 27.4591 51.788 47.5079 49.6488 5.0 64.5978 26.9072 42.107 116.497 92.6553 15.2643 57.1594 12.7279 87.5957 70.9366 36.0555 70.0358 0.0 37.3363 111.843 83.7373 61.1153 77.8332 25.807 99.2142 65.1153 51.0098 52.5547 50.2494 36.8782 71.0634 57.0 45.6584 82.1628 55.109 112.705 48.0521 59.766 48.0416 47.1699 70.2567 40.3113 59.2115 89.9729 97.4472 
15.831 32.6716 62.2288 30.0666 35.3553 37.7714 62.2203 40.0 52.053 37.3363 30.5287 66.2036 20.2956 57.5587 53.7587 33.544 56.6905 30.8087 25.2389 41.7076 42.0525 37.7502 48.9157 82.0233 68.5219 27.0 55.8249 26.3059 50.2892 64.5503 26.0083 63.5842 37.3363 0.0 76.067 60.1647 36.3594 53.9995 34.7928 62.2025 41.7821 53.8031 51.2417 56.2926 31.0238 70.0179 25.5539 20.6301 70.505 57.5862 76.7569 53.2782 51.3084 17.0294 37.6586 39.8246 9.43398 65.2086 71.7117 62.2036 
66.3356 68.942 46.1736 101.045 106.872 49.6488 16.1555 69.6128 24.0416 98.6154 73.4098 14.1421 71.3134 43.0116 68.1836 104.235 83.0241 66.2118 83.3547 116.801 48.0104 108.467 96.5401 7.07107 27.1662 97.4393 67.4463 99.1152 36.8782 65.0308 95.0 65.0077 111.843 76.067 0.0 36.0139 52.2015 38.6394 105.551 15.2315 49.6488 90.937 73.5459 97.0175 76.0592 74.1687 72.4707 67.8684 50.2494 80.6535 1.0 82.7647 65.307 75.452 70.2514 73.0821 77.9872 86.1452 45.1221 14.4222 
44.3909 38.6717 10.4403 72.378 78.0871 23.4094 21.587 51.4135 24.8395 68.6624 66.5753 22.0227 44.3909 55.9732 73.8241 90.0308 47.7075 36.314 73.3365 88.7162 27.1662 94.237 63.111 37.855 9.84886 68.8277 34.4666 71.0267 44.8219 29.1548 82.4447 29.0689 83.7373 60.1647 36.0139 0.0 30.5941 6.32456 91.2796 32.6956 18.6372 55.3517 40.0362 61.4149 46.902 38.4708 63.8243 40.9459 15.2315 44.9233 37.0135 49.2475 31.7925 64.2709 39.6234 70.6116 63.0131 50.1597 13.6015 25.0 
20.5856 21.2132 32.4595 50.3697 56.1997 8.24621 36.7967 26.0 28.6531 49.5249 47.0416 40.3113 20.5856 44.9354 55.8708 64.0601 44.176 18.2483 53.8028 66.0729 4.24264 68.2663 52.7731 57.3847 37.1618 46.7752 43.2314 48.3873 34.4023 40.8959 56.1437 39.9298 61.1153 36.3594 52.2015 30.5941 0.0 24.3311 65.3089 39.8121 15.8114 51.264 38.6482 56.6127 25.6431 48.3633 44.2906 17.1406 40.7357 44.9927 53.0094 41.4367 29.6538 43.9947 25.0 51.0928 39.2077 53.0486 41.9424 37.8021 
38.2256 32.782 8.69432 66.4882 72.1974 17.088 23.0217 33.0951 23.2594 62.1591 61.2488 24.5153 38.2256 53.0754 69.3542 83.8655 44.4072 30.4242 68.01 82.807 21.0238 88.0717 57.9741 41.4367 14.8661 62.9379 29.1548 65.1153 41.7253 28.6172 76.2795 28.34 77.8332 53.9995 38.6394 6.32456 24.3311 0.0 85.1143 32.7567 12.7279 52.345 34.9285 58.4209 41.0122 38.1021 58.4978 34.7807 16.9706 42.107 39.6232 44.1475 26.6833 58.9444 33.7336 65.3001 56.8478 48.0417 18.0278 26.0192 
46.9458 55.2911 93.3437 30.5287 31.1448 68.8863 91.7338 60.7497 81.5659 46.0652 41.7612 95.7171 51.4105 79.6053 65.9242 2.0 67.4606 56.8643 28.8617 26.4008 71.566 3.16228 61.8466 111.537 96.8454 30.8707 70.3573 26.8328 75.452 84.1493 13.3417 83.2337 25.807 34.7928 105.551 91.2796 65.3089 85.1143 0.0 91.2195 72.8969 68.9913 65.7741 70.0071 46.3513 85.2599 39.0 51.745 102.035 70.2814 106.217 63.3797 72.9639 31.9061 57.8775 49.8197 27.5862 75.9345 102.827 91.7171 
52.4722 58.6941 41.2311 89.5921 95.4221 39.0512 12.0416 60.407 11.4018 88.3233 58.1808 14.4222 58.1603 29.8329 54.0093 89.8276 76.0066 55.7853 68.2642 103.633 35.8469 94.0691 88.3853 22.1359 27.0185 85.9976 59.1354 87.6098 22.0907 61.131 80.2808 60.8769 99.2142 62.2025 15.2315 32.6956 39.8121 32.7567 91.2195 0.0 41.0488 84.006 66.0076 90.0 64.846 70.6045 57.3062 56.363 47.927 74.108 15.6525 75.06 58.0086 60.6053 60.8276 57.9741 63.6396 80.5047 44.9444 8.48528 
26.0083 20.054 20.0864 53.7603 59.4694 7.61577 33.5261 20.3672 30.0167 49.4311 58.3452 35.8469 26.0 55.0727 67.1744 71.6481 35.1283 17.6963 59.2255 70.0928 14.4222 75.8543 47.3899 53.2259 27.5862 50.21 18.1108 52.4023 43.8292 27.1142 64.1124 26.1481 65.1153 41.7821 49.6488 18.6372 15.8114 12.7279 72.8969 41.0488 0.0 43.1045 25.02 49.0408 28.2843 34.4243 55.5943 22.4722 28.3626 33.541 50.5964 34.0147 17.2627 49.4173 21.0057 62.3965 46.0999 40.5216 29.5693 35.9026 
47.4342 30.8869 45.0099 40.1995 43.0116 47.6586 75.326 25.3342 73.1095 25.02 81.2269 76.7961 42.638 95.8621 101.242 69.7334 8.0 33.541 77.076 55.1453 53.2266 71.5681 9.84886 93.1996 65.0 38.6394 25.4951 42.7551 85.2422 29.1548 77.7802 28.6531 51.0098 53.8031 90.937 55.3517 51.264 52.345 68.9913 84.006 43.1045 0.0 18.1108 6.08276 32.5269 24.0832 76.4024 42.4382 43.8634 10.4403 91.9256 9.84886 26.0 70.5216 26.4008 89.5983 61.954 8.94427 51.4296 78.1601 
35.617 18.6848 41.4854 40.4969 45.1885 29.5718 57.7062 12.7183 55.0364 29.8329 69.5874 59.439 31.4906 78.7256 89.1288 66.5162 10.198 21.1155 68.9003 57.3847 36.5734 68.3542 23.0868 76.2647 49.2053 37.6431 7.61577 41.3503 67.6707 18.3848 73.572 17.4642 52.5547 51.2417 73.5459 40.0362 38.6482 34.9285 65.7741 66.0076 25.02 18.1108 0.0 24.0208 22.8569 20.0998 64.6801 30.6446 29.7321 9.43398 74.5252 9.21954 8.24621 58.9617 13.9061 78.0248 55.5595 17.2047 37.5674 60.407 
51.9711 35.8469 51.0731 40.2616 42.2966 52.8265 81.3941 30.8058 79.0569 24.5153 85.5655 82.8766 46.8722 101.304 105.816 70.7784 14.0357 38.6264 79.8348 54.037 58.6941 72.45 8.24621 99.2628 71.0634 39.2173 31.257 43.3244 90.7083 34.8855 75.0955 34.4384 50.2494 56.2926 97.0175 61.4149 56.6127 58.4209 70.0071 90.0 49.0408 6.08276 24.0208 0.0 36.4005 29.0689 80.741 47.0106 49.7695 16.4924 98.0062 15.2971 32.0156 72.8201 31.6228 93.9369 64.4435 13.4536 57.2713 84.214 
16.4924 8.94427 48.3511 25.4951 31.241 26.4197 60.0333 15.0333 53.4883 24.0832 49.4491 62.9682 10.7703 68.3593 69.7885 47.0934 27.4591 10.6301 48.6824 41.8688 29.1256 48.9314 30.4138 80.455 55.8659 21.9317 27.4402 24.2074 59.0 41.2321 51.3607 40.3165 36.8782 31.0238 76.0592 46.902 25.6431 41.0122 46.3513 64.846 28.2843 32.5269 22.8569 36.4005 0.0 42.3848 44.6246 12.0416 56.6274 29.0689 76.9415 23.6008 30.0467 38.7438 12.0416 57.8205 35.3416 36.3593 57.8341 61.7171 
54.9649 38.2127 29.4109 59.2284 63.3246 41.0514 60.0167 32.2462 61.2846 46.2385 89.9808 60.407 51.0185 89.482 101.397 86.002 19.6977 40.6433 87.6766 75.6902 48.114 87.84 33.6006 75.0267 47.0425 56.7186 24.6982 60.531 78.2062 9.48683 92.3483 9.84886 71.0634 70.0179 74.1687 38.4708 48.3633 38.1021 85.2599 70.6045 34.4243 24.0832 20.0998 29.0689 42.3848 0.0 85.2785 50.1725 24.0 16.1555 75.1665 23.0868 20.5913 77.738 33.434 97.8715 74.3358 15.6205 30.4138 63.3482 
29.4109 46.2724 67.0428 53.1879 57.6075 48.8923 61.0328 53.6004 49.98 62.6498 5.0 65.146 33.8965 40.8167 29.2746 37.1618 70.2913 44.4072 11.3137 60.1332 42.0979 41.1461 74.313 79.1581 67.3774 50.6952 69.2634 48.9214 38.2099 77.9684 25.9422 77.0023 57.0 25.5539 72.4707 63.8243 44.2906 58.4978 39.0 57.3062 55.5943 76.4024 64.6801 80.741 44.6246 85.2785 0.0 34.2053 75.319 71.1871 72.9452 66.879 66.5689 9.21954 51.2595 14.3178 17.72 78.8095 76.5209 60.1664 
5.0 12.0416 42.991 34.9128 40.7428 18.5526 51.9712 19.4165 45.0239 36.0139 39.0512 55.099 3.60555 56.3205 58.8303 50.4962 36.1248 10.2956 38.2888 50.616 20.6232 54.7024 41.7852 72.5231 49.3031 31.3183 35.2279 32.9304 47.0106 45.3125 42.9605 44.3464 45.6584 20.6301 67.8684 40.9459 17.1406 34.7807 51.745 56.363 22.4722 42.4382 30.6446 47.0106 12.0416 50.1725 34.2053 0.0 51.2673 36.9892 68.7308 32.8024 33.9131 28.3502 17.0294 47.3814 24.948 44.6116 52.474 53.4726 
54.7312 48.3971 9.84886 70.1143 74.7773 33.2764 36.6879 42.305 39.6611 59.5539 78.07 36.6742 54.7217 70.0357 86.267 100.371 36.7151 46.0394 87.9484 86.9832 37.5563 104.615 51.6236 51.0392 23.0868 67.3003 29.1949 70.937 58.6941 15.2971 92.8353 15.5242 82.1628 70.505 50.2494 15.2315 40.7357 16.9706 102.035 47.927 28.3626 43.8634 29.7321 49.7695 56.6274 24.0 75.319 51.2673 0.0 33.541 51.2445 38.0132 24.1005 78.1403 43.4928 82.1212 74.8228 37.3631 7.81025 40.1622 
41.9615 25.0293 34.5815 43.4166 47.2969 38.532 65.123 19.0629 63.3877 30.0832 76.0115 66.5126 37.8352 87.6858 95.4733 71.0235 3.60555 27.46 75.2448 59.6657 45.5336 72.8615 18.4391 82.7712 54.5711 41.1096 17.0 45.0444 76.631 19.2094 79.9165 18.6011 55.109 57.5862 80.6535 44.9233 44.9927 42.107 70.2814 74.108 33.541 10.4403 9.43398 16.4924 29.0689 16.1555 71.1871 36.9892 33.541 0.0 81.6422 7.07107 16.2788 65.3063 20.2506 84.3694 61.904 7.81025 41.1825 68.0294 
67.0255 69.857 47.1699 101.907 107.734 50.5371 17.088 70.5488 24.7588 99.5389 73.8241 15.1327 72.1758 43.0 68.2642 104.89 84.0119 67.1193 83.863 117.663 48.8262 109.124 97.5141 7.0 28.1603 98.3016 68.4105 99.9775 37.108 66.0303 95.6033 66.0076 112.705 76.7569 1.0 37.0135 53.0094 39.6232 106.217 15.6525 50.5964 91.9256 74.5252 98.0062 76.9415 75.1665 72.9452 68.7308 51.2445 81.6422 0.0 83.7437 66.2873 76.0263 71.1873 73.3757 78.6448 87.1436 46.0977 15.2643 
37.8021 21.095 38.2123 36.3456 40.2616 37.5456 66.9104 15.5263 64.0 23.2594 71.7035 68.6586 33.2415 86.0539 91.526 64.1218 4.12311 23.7065 69.7718 52.6308 43.4187 65.9598 13.9284 85.4761 58.203 34.0588 16.0312 38.0132 75.4343 24.8395 70.476 24.0832 48.0521 53.2782 82.7647 49.2475 41.4367 44.1475 63.3797 75.06 34.0147 9.84886 9.21954 15.2971 23.6008 23.0868 66.879 32.8024 38.0132 7.07107 83.7437 0.0 17.4642 60.9982 16.5529 80.0749 54.6497 13.0 45.8039 69.5845 
36.2553 25.8746 33.2416 47.7174 52.3804 22.4426 49.4975 19.9081 47.1699 37.157 71.2712 51.1957 37.3675 71.5964 89.636 73.706 18.0 28.6852 68.967 64.5864 29.4442 75.544 31.3209 68.021 40.9615 44.9034 5.09902 48.5401 60.5392 15.0333 73.6387 14.0357 59.766 51.3084 65.307 31.7925 29.6538 26.6833 72.9639 58.0086 17.2627 26.0 8.24621 32.0156 30.0467 20.5913 66.5689 33.9131 24.1005 16.2788 66.2873 17.4642 0.0 59.0284 21.0959 79.1619 55.6262 23.4094 31.9106 52.2398 
23.551 40.3916 69.8641 43.9813 48.4499 45.4067 62.6099 47.72 51.9711 53.6656 13.9284 66.6408 28.0157 47.927 38.4708 30.2324 64.4105 38.5287 10.0499 51.3517 42.5444 34.4093 65.4431 81.8352 67.8239 41.4849 63.545 39.7149 43.6005 72.1855 19.799 71.2194 48.0416 17.0294 75.452 64.2709 43.9947 58.9444 31.9061 60.6053 49.4173 70.5216 58.9617 72.8201 38.7438 77.738 9.21954 28.3502 78.1403 65.3063 76.0263 60.9982 59.0284 0.0 45.3787 23.4094 8.544 72.9287 79.347 62.2656 
21.9317 5.0 41.0726 35.2278 40.6079 22.0227 54.0994 3.0 49.4975 28.6531 56.0803 56.5751 18.3576 69.7719 75.213 58.6196 19.434 7.2111 55.3173 52.1536 27.2947 60.4576 28.0713 74.0081 48.5907 31.9061 18.4894 34.8855 59.2284 32.2813 59.989 31.3657 47.1699 37.6586 70.2514 39.6234 25.0 33.7336 57.8775 60.8276 21.0057 26.4008 13.9061 31.6228 12.0416 33.434 51.2595 17.0294 43.4928 20.2506 71.1873 16.5529 21.0959 45.3787 0.0 64.3506 41.9765 27.8731 51.3029 56.3205 
42.4264 59.397 73.845 67.3789 71.388 55.6946 64.2806 66.5282 53.1507 76.9675 9.48683 68.3593 47.0924 34.8281 16.1245 47.8539 83.4865 57.3149 21.095 73.0274 48.9001 51.4198 88.2263 80.0812 73.2462 64.8862 83.238 63.1124 36.4005 90.5614 36.4966 89.5953 70.2567 39.8246 73.0821 70.6116 51.0928 65.3001 49.8197 57.9741 62.3965 89.5983 78.0248 93.9369 57.8205 97.8715 14.3178 47.3814 82.1212 84.3694 73.3757 80.0749 79.1619 23.4094 64.3506 0.0 31.9531 91.9918 83.3231 62.6498 
20.1488 36.9894 66.5466 35.5106 40.1123 42.0893 64.2219 44.3178 54.037 45.1774 22.4722 68.2053 24.6135 54.4059 46.8722 26.2488 61.0083 35.1265 15.8114 43.9318 44.0541 30.4795 57.0665 84.0238 69.3336 32.9848 60.1428 31.257 48.7647 68.8681 18.0278 67.902 40.3113 9.43398 77.9872 63.0131 39.2077 56.8478 27.5862 63.6396 46.0999 61.954 55.5595 64.4435 35.3416 74.3358 17.72 24.948 74.8228 61.904 78.6448 54.6497 55.6262 8.544 41.9765 31.9531 0.0 69.5265 76.0296 64.2053 
49.5839 32.6518 40.0125 48.0 51.2445 45.8375 71.007 26.6853 70.0357 33.3766 83.634 72.0625 45.4533 94.9913 103.096 76.6766 8.94427 35.0824 82.8673 63.5059 52.8391 78.5146 18.7883 87.8237 59.5399 46.0977 24.6982 50.1597 83.9345 22.1359 83.4443 21.8403 59.2115 65.2086 86.1452 50.1597 53.0486 48.0417 75.9345 80.5047 40.5216 8.94427 17.2047 13.4536 36.3593 15.6205 78.8095 44.6116 37.3631 7.81025 87.1436 13.0 23.4094 72.9287 27.8731 91.9918 69.5265 0.0 44.5982 74.0609 
55.9379 49.6038 14.1421 77.9244 82.5874 34.4831 33.121 50.1151 38.1838 67.364 79.2719 32.311 55.9284 69.527 87.2067 101.578 44.4185 47.2461 86.0331 94.7933 38.7631 105.784 59.3633 45.0999 18.3848 75.1104 37.005 81.9588 58.4123 22.4722 94.0421 22.8473 89.9729 71.7117 45.1221 13.6015 41.9424 18.0278 102.827 44.9444 29.5693 51.4296 37.5674 57.2713 57.8341 30.4138 76.5209 52.474 7.81025 41.1825 46.0977 45.8039 31.9106 79.347 51.3029 83.3231 76.0296 44.5982 0.0 36.7151 
52.4722 54.7814 34.2345 86.6489 92.4757 35.3412 3.60555 55.6846 10.2956 84.5044 61.6847 6.32456 56.9176 37.3363 60.407 90.4401 70.1783 52.0 70.6824 102.405 33.6006 94.6607 83.1865 19.8494 18.6011 83.0434 53.9351 84.7193 28.2843 53.9351 81.5414 53.7587 97.4472 62.2036 14.4222 25.0 37.8021 26.0192 91.7171 8.48528 35.9026 78.1601 60.407 84.214 61.7171 63.3482 60.1664 53.4726 40.1622 68.0294 15.2643 69.5845 52.2398 62.2656 56.3205 62.6498 64.2053 74.0609 36.7151 0.0 
DEMAND_SCENARIO_SECTION
0 0 0 0 0 0 0 0 0 0 0 0 0 0 0 0 0 0 0 0 0 0 0 0 0 0 0 0 0 0 0 0 0 0 0 0 0 0 0 0 0 0 0 0 0 0 0 0 0 0 0 0 0 0 0 0 0 0 0 0 0 0 0 0 0 0 0 0 0 0 0 0 0 0 0 0 0 0 0 0 0 0 0 0 0 0 0 0 0 0 0 0 0 0 0 0 0 0 0 0 0 0 0 0 0 0 0 0 0 0 0 0 0 0 0 0 0 0 0 0 0 0 0 0 0 0 0 0 0 0 0 0 0 0 0 0 0 0 0 0 0 0 0 0 0 0 0 0 0 0 0 0 0 0 0 0 0 0 0 0 0 0 0 0 0 0 0 0 0 0 0 0 0 0 0 0 0 0 0 0 0 0 0 0 0 0 0 0 0 0 0 0 0 0 0 0 0 0 0 0 
7 8 8 11 9 9 14 11 8 8 12 6 11 13 7 8 11 11 4 16 9 9 8 12 9 8 7 1 9 5 14 8 5 8 3 6 3 4 11 8 9 14 7 10 11 3 12 8 3 6 0 11 15 11 6 6 7 9 10 5 9 10 6 12 13 13 9 14 10 13 6 7 4 5 4 6 14 6 11 6 11 9 6 10 7 4 10 8 9 11 9 5 8 12 10 8 13 4 6 6 12 2 6 4 10 6 13 8 3 10 11 10 6 4 11 9 8 7 12 8 16 12 8 13 12 6 12 14 10 5 12 9 10 9 14 15 12 11 12 16 9 11 7 8 9 9 11 3 6 8 10 10 9 6 13 5 11 14 9 11 14 7 5 4 4 9 13 14 8 11 5 10 15 9 10 10 4 8 14 10 8 8 11 14 11 10 11 13 7 13 10 10 11 7 11 8 9 11 8 9 
8 7 5 5 4 6 6 7 5 9 5 4 4 6 7 3 3 6 6 4 3 6 5 4 6 4 9 6 6 8 6 6 5 6 6 6 8 4 6 6 4 8 4 7 4 6 6 6 3 4 4 5 2 3 4 5 5 5 5 4 2 4 2 3 2 4 6 7 7 3 4 8 5 5 6 6 8 5 5 7 5 5 7 7 2 3 5 5 11 5 5 6 2 5 4 5 5 4 2 6 5 5 4 3 8 5 4 4 8 4 3 4 4 2 6 5 3 4 6 8 2 8 6 6 5 6 3 7 7 4 2 3 6 7 6 6 3 5 2 5 4 8 5 5 8 8 6 6 4 5 6 6 3 3 7 8 5 7 6 4 5 2 3 6 4 6 4 4 5 7 3 8 7 5 3 6 2 6 2 4 3 4 3 6 4 3 8 8 9 4 7 5 5 4 4 8 6 5 4 4 
5 5 5 4 5 6 8 7 7 5 6 3 3 5 6 6 5 3 4 6 6 6 5 2 3 6 5 6 5 3 5 6 6 6 3 6 6 7 3 6 8 6 5 3 4 3 1 5 8 6 5 3 5 6 6 6 2 6 2 5 8 5 5 7 6 5 7 7 8 5 5 5 4 5 5 5 6 3 4 6 4 7 6 7 4 9 5 6 4 3 4 3 6 6 6 5 7 4 3 5 3 4 5 7 2 4 4 5 7 8 6 2 7 5 3 3 4 7 6 3 6 3 8 6 5 7 4 6 4 5 7 7 3 4 3 4 4 4 4 6 5 3 3 7 5 9 5 5 5 6 5 4 4 5 4 3 6 6 3 5 5 5 4 5 3 4 4 10 5 7 4 7 5 4 7 4 3 7 5 3 2 7 6 3 6 5 7 5 5 4 5 7 6 2 5 6 5 5 6 4 
8 6 8 6 9 7 13 8 6 9 5 3 6 12 7 9 6 7 7 5 2 8 7 4 5 11 6 6 9 4 7 8 7 5 9 7 8 10 6 6 1 9 7 7 6 7 6 5 5 5 5 7 5 6 8 11 10 11 5 6 5 9 10 5 6 8 7 9 5 10 7 5 3 11 9 5 8 5 9 7 3 4 5 12 3 11 7 5 6 8 5 8 7 8 8 7 9 5 8 5 5 5 8 7 3 8 7 8 7 6 3 6 8 4 5 11 1 14 5 9 6 7 9 9 3 5 9 6 9 7 11 7 3 8 8 5 7 5 6 10 7 6 8 6 6 7 9 4 7 7 5 6 7 9 8 2 8 6 8 6 7 10 7 6 9 4 11 7 10 6 6 9 7 7 6 9 5 8 12 7 6 10 11 8 5 5 9 6 9 11 10 3 8 8 12 11 10 9 8 7 
5 6 6 3 4 3 4 4 6 5 3 4 9 5 6 6 7 5 7 4 5 7 7 3 4 3 2 5 6 5 4 4 2 3 5 5 5 7 4 6 6 7 3 6 2 5 2 4 5 7 6 5 7 3 5 9 6 5 8 7 4 4 2 3 7 4 7 5 3 8 1 9 7 4 7 4 6 5 4 4 6 5 4 6 4 4 7 3 5 6 5 4 2 3 4 3 1 3 4 5 4 7 3 8 5 6 1 8 4 0 6 5 6 5 4 2 3 6 6 2 7 5 4 3 4 6 4 5 6 4 4 5 7 3 6 4 3 3 4 6 7 3 5 8 6 4 6 7 6 4 7 4 9 4 5 4 5 6 3 3 5 2 2 4 7 4 6 5 6 5 6 7 5 3 8 6 3 3 5 2 6 6 5 4 6 5 5 7 5 3 7 5 4 8 6 6 5 6 7 6 
3 5 3 6 6 5 3 5 4 5 6 4 3 1 4 4 3 5 6 5 3 1 3 2 2 3 2 6 3 5 4 4 6 3 5 5 5 4 4 3 5 5 5 5 2 5 5 3 5 5 3 4 5 3 4 2 4 3 6 4 3 3 4 5 5 3 3 5 2 5 5 4 6 5 5 5 4 3 6 4 3 5 3 4 4 3 5 6 3 3 7 5 5 6 4 4 4 6 5 4 3 3 5 4 5 4 4 5 4 4 5 4 4 4 2 7 5 4 3 6 4 6 6 4 4 2 3 3 2 5 3 6 5 3 5 3 8 3 3 8 5 2 6 2 2 4 4 4 2 5 7 5 5 5 4 6 4 3 4 4 5 5 4 2 5 3 2 4 5 3 4 2 2 5 6 4 4 2 5 4 7 4 5 3 4 4 1 6 4 3 4 3 3 5 4 4 4 4 0 3 
7 4 6 5 6 4 5 6 7 6 6 6 7 5 1 5 4 4 5 6 5 4 5 7 4 3 6 6 7 7 7 6 6 8 6 3 5 4 5 4 2 5 6 3 4 4 3 9 5 5 6 4 4 6 5 6 5 4 6 3 6 4 7 6 4 4 4 4 3 5 5 5 6 4 3 4 5 3 2 3 2 4 4 6 2 4 4 3 5 7 6 5 6 4 5 5 3 3 4 7 6 5 4 4 6 4 4 4 5 3 5 6 5 8 6 4 5 6 4 8 3 5 3 3 5 5 5 5 5 5 7 2 1 3 6 3 6 3 5 4 6 6 5 5 3 6 5 6 3 3 5 4 6 8 8 5 6 4 8 4 5 5 6 2 4 4 2 4 6 4 5 7 9 4 8 3 4 6 7 6 4 4 9 4 5 1 7 8 6 4 4 2 3 8 6 6 5 3 7 4 
9 6 8 9 10 11 8 9 10 12 6 11 5 6 5 7 12 10 13 11 5 3 10 10 12 10 10 12 13 9 10 10 8 8 9 7 12 13 10 6 9 11 8 7 10 12 13 3 4 7 5 11 9 11 9 13 6 16 10 11 13 9 11 11 8 9 10 6 10 1 9 10 13 13 11 5 6 9 11 13 11 9 8 12 12 10 11 5 4 6 6 10 11 11 7 12 10 15 9 13 6 9 12 11 10 13 11 8 9 13 13 11 7 8 11 5 4 7 9 12 12 8 11 7 8 5 6 7 7 11 11 6 10 10 2 11 15 10 12 7 15 8 10 10 13 8 10 9 10 9 11 10 10 10 10 5 3 7 8 11 11 9 9 12 10 6 6 7 5 8 8 7 9 15 8 10 11 8 9 15 8 10 6 10 8 11 10 9 14 12 11 9 5 13 10 12 10 12 11 10 
1 1 0 1 1 1 1 1 1 1 1 1 1 1 1 1 1 1 1 1 1 0 1 1 1 1 1 1 1 1 1 1 1 2 1 1 1 1 2 1 1 1 1 1 2 1 1 1 1 1 1 1 0 1 1 1 1 1 1 1 1 0 0 1 1 2 1 1 1 1 1 1 1 1 1 1 1 1 1 1 1 1 1 1 1 1 1 1 2 1 1 1 1 0 1 1 1 1 1 1 1 2 0 1 1 1 1 1 1 1 1 1 1 1 1 1 1 0 1 1 1 1 1 2 1 0 1 1 1 1 1 1 2 1 1 1 1 1 1 1 1 1 1 1 1 1 1 2 0 1 1 1 1 1 1 1 1 1 1 1 0 1 1 1 1 1 1 1 1 1 1 2 1 1 1 1 1 1 1 1 1 1 1 1 1 1 1 1 1 1 1 1 1 1 1 1 1 1 1 1 
6 0 3 4 4 5 5 3 5 5 3 4 5 2 3 3 3 4 3 1 5 4 4 6 4 4 3 4 1 3 2 2 3 6 5 3 5 4 5 2 6 2 3 5 5 5 3 1 5 4 6 2 5 4 5 4 5 6 4 7 6 6 4 2 5 5 5 7 7 3 3 6 5 3 3 3 4 3 4 4 6 5 5 6 5 1 3 5 1 3 5 4 1 5 3 4 6 2 4 5 5 5 3 5 3 4 1 3 7 5 4 4 3 2 4 7 5 6 4 4 1 3 2 5 2 3 5 1 6 1 4 3 3 4 7 4 5 2 4 3 5 5 4 5 6 6 3 4 5 4 5 6 0 5 6 5 3 2 5 5 0 5 4 5 5 5 5 4 4 4 5 5 3 3 2 2 2 3 4 6 1 7 5 5 5 5 4 4 4 3 4 3 4 3 4 3 3 6 4 5 
5 5 7 4 6 3 7 6 3 6 5 4 4 3 4 5 6 4 6 6 5 8 3 5 5 5 4 6 6 5 9 5 7 5 3 4 7 4 6 5 3 4 4 4 4 5 5 6 4 6 6 4 5 7 3 4 7 4 6 5 6 4 6 5 5 3 6 4 6 5 4 5 4 5 7 4 4 1 6 2 3 6 6 8 6 2 3 5 5 1 5 4 4 8 6 3 4 6 5 5 4 4 6 6 2 4 5 6 7 7 5 5 7 6 5 5 5 4 3 5 4 4 2 7 5 5 6 5 5 7 4 5 6 5 5 4 4 6 6 6 4 4 4 9 8 4 3 4 7 3 6 5 3 4 7 5 4 4 1 4 6 4 4 4 6 8 2 7 4 5 5 7 8 3 5 3 4 7 6 7 4 4 5 2 6 4 9 3 4 3 4 6 5 6 8 4 5 7 6 4 
1 1 1 1 1 1 1 1 1 1 1 1 2 1 1 1 1 1 0 1 1 1 1 1 1 1 2 1 1 2 2 1 1 1 1 1 1 1 2 1 2 1 1 1 1 1 2 1 1 1 1 1 1 0 1 1 1 1 1 1 1 1 1 1 1 0 1 1 2 1 1 1 1 1 1 1 1 1 1 1 1 1 1 1 1 1 1 1 1 1 1 1 1 2 1 1 1 0 1 1 1 1 0 1 1 1 1 2 1 2 1 1 1 1 1 1 1 1 1 1 1 1 1 1 0 1 1 2 1 0 2 1 1 1 1 0 1 1 1 1 1 1 1 1 1 1 1 1 1 1 1 1 2 1 2 1 1 1 1 1 1 1 2 1 0 1 1 1 1 1 1 1 1 1 1 1 1 1 0 1 1 1 1 1 2 1 1 1 1 1 1 2 2 1 1 1 1 1 1 1 
2 2 2 2 2 1 2 1 3 2 2 3 2 4 2 1 2 2 2 2 1 1 2 2 3 2 3 2 2 0 2 2 1 1 2 2 3 2 2 2 2 2 1 3 2 1 2 1 2 1 2 3 2 3 2 2 3 2 1 1 2 1 2 1 3 1 2 2 3 2 2 2 2 2 2 3 2 2 2 1 2 2 1 2 2 2 2 1 2 1 1 3 2 2 2 1 1 1 2 1 2 2 3 1 2 2 1 2 3 3 3 2 2 1 3 3 3 2 1 3 2 3 2 2 2 0 2 1 3 2 2 2 2 3 1 2 1 2 2 1 3 2 2 2 2 2 2 2 1 2 2 3 3 2 2 2 3 1 2 1 1 1 2 2 2 2 2 2 2 1 2 2 0 1 2 2 1 2 2 3 3 2 2 3 2 3 2 2 2 2 2 2 3 2 2 1 1 1 2 2 
1 1 1 1 1 1 1 1 1 1 1 1 1 1 1 1 1 1 1 2 1 0 2 1 2 2 1 1 1 1 1 1 1 1 1 1 2 2 0 1 2 0 1 1 0 1 1 1 1 1 1 1 0 0 2 1 1 0 1 1 1 1 1 1 1 1 1 1 1 1 0 1 1 1 1 1 1 1 1 0 1 1 1 1 1 1 1 1 0 1 1 1 1 2 1 1 1 2 1 1 1 0 1 1 2 0 1 1 1 1 1 1 1 1 1 1 1 1 1 1 1 1 1 1 1 1 1 1 1 1 1 1 1 1 0 1 1 1 1 1 1 1 1 1 1 1 1 1 1 0 1 1 1 1 1 1 1 1 1 1 1 0 1 1 1 1 1 1 2 1 1 2 1 1 2 1 1 1 1 1 1 1 1 1 1 1 1 1 1 1 1 1 1 1 1 1 1 1 1 1 
8 3 6 8 11 10 3 4 7 6 7 6 3 9 6 7 8 8 8 4 9 10 6 8 6 8 8 5 5 5 10 11 9 6 6 5 8 6 5 8 5 6 2 8 9 6 8 7 9 8 9 8 9 10 5 8 8 7 11 8 4 6 11 9 9 7 11 7 10 7 6 10 9 7 8 7 6 7 8 10 5 5 6 9 5 5 9 10 10 6 7 9 8 9 5 7 7 9 5 8 11 7 6 5 7 9 10 11 10 7 6 10 7 6 6 7 9 7 7 6 7 4 11 7 6 9 5 5 6 10 2 6 10 5 8 5 6 8 9 5 6 5 4 7 7 8 4 5 10 9 2 4 8 2 6 6 8 5 6 7 8 8 7 8 7 7 3 11 12 5 8 6 6 7 8 9 9 7 8 9 6 6 6 7 5 8 5 7 6 5 9 9 7 5 7 5 5 7 5 6 
11 4 9 7 10 9 10 5 10 9 12 12 9 11 6 11 9 4 9 3 8 7 16 3 11 13 8 10 7 12 12 5 0 11 10 10 17 12 7 5 5 8 10 10 12 17 11 9 10 9 11 11 8 6 13 7 13 5 15 8 10 9 8 11 8 12 8 11 13 9 10 15 9 16 8 9 9 3 5 9 16 9 9 5 9 11 9 11 8 8 6 10 8 8 13 13 11 12 9 9 6 10 9 7 8 7 10 17 8 7 14 8 7 6 10 11 7 13 12 11 11 6 7 10 11 7 12 9 6 7 9 7 11 10 9 14 12 5 11 8 7 12 9 12 0 9 7 8 8 12 10 7 11 5 12 7 8 11 9 12 5 3 7 8 10 6 8 10 10 12 7 8 12 13 9 13 15 12 9 10 12 9 11 5 13 8 11 6 6 8 8 2 10 9 9 13 15 5 10 10 
1 1 1 1 0 1 1 1 1 1 1 1 1 2 1 1 1 1 1 1 1 1 1 0 1 1 1 1 1 1 1 1 1 1 1 1 1 0 1 0 0 1 0 1 2 1 1 1 1 1 2 1 1 1 1 1 1 1 1 1 1 1 1 1 1 1 1 2 1 1 1 1 1 1 2 1 1 1 1 1 1 0 1 1 1 1 1 1 1 1 1 0 1 1 1 0 1 1 1 1 1 1 2 1 1 1 1 1 1 1 1 1 1 0 0 1 1 1 1 1 1 1 1 1 1 1 1 1 1 1 1 1 1 1 1 1 1 1 1 1 0 1 1 1 1 1 1 1 1 1 1 1 1 1 1 1 1 1 1 1 1 1 1 1 1 0 2 1 1 1 1 1 0 1 1 1 1 1 2 1 2 1 1 1 0 1 1 1 2 2 0 1 1 1 1 1 1 0 1 1 
6 5 3 4 4 4 5 4 2 5 6 3 2 4 8 4 4 4 2 6 7 5 2 5 5 4 3 2 3 7 6 6 7 7 5 8 2 3 6 7 5 7 3 4 5 7 5 3 6 4 3 6 3 5 5 5 6 2 5 6 3 8 5 6 6 2 3 5 4 2 9 5 4 7 5 5 5 7 6 7 5 6 6 6 3 6 5 4 9 4 4 5 6 4 5 3 5 4 4 4 5 3 3 5 7 5 3 4 5 4 5 3 4 4 5 6 7 7 3 3 3 4 6 2 4 4 7 5 3 3 2 4 5 5 6 4 8 8 7 5 9 4 4 4 9 7 5 5 3 4 5 3 3 6 4 5 6 7 6 4 2 5 5 8 5 5 5 5 5 7 5 4 5 5 6 7 5 6 5 4 4 7 5 6 5 2 3 2 6 8 3 6 5 5 5 6 8 6 8 3 
7 8 9 8 15 13 7 7 8 7 13 10 4 9 12 12 8 12 16 14 9 10 7 14 8 8 8 2 10 13 9 11 5 12 9 8 2 11 8 11 15 7 12 12 13 13 11 17 13 5 11 10 10 12 11 14 10 16 7 13 5 7 14 8 13 14 13 10 7 7 11 12 13 9 11 9 12 13 10 11 16 6 16 8 4 11 14 9 14 10 2 11 15 13 13 12 11 3 8 7 14 10 1 8 10 10 15 8 10 12 16 12 4 8 10 5 9 8 19 14 9 13 15 11 8 12 15 10 4 6 7 10 14 9 13 17 4 9 7 5 9 13 9 12 6 7 15 9 4 11 7 13 11 16 10 10 11 10 12 16 8 10 10 7 7 14 12 8 6 10 6 9 13 11 13 10 9 8 6 11 11 8 10 10 13 10 13 10 12 6 14 11 13 8 7 6 9 15 9 9 
8 7 5 5 5 8 7 4 6 4 2 12 6 6 7 9 5 7 6 5 7 7 5 11 7 3 6 5 6 3 9 3 5 7 6 7 6 8 4 5 5 7 3 4 8 5 7 6 5 3 7 6 8 8 3 4 8 5 8 10 7 5 6 6 4 6 3 3 6 6 8 3 10 8 5 3 6 7 5 4 9 3 6 7 5 6 7 7 5 3 5 3 4 4 7 4 5 6 9 4 7 5 4 5 1 4 10 9 6 6 6 3 5 7 6 8 7 5 7 5 6 6 7 6 7 6 5 2 7 3 5 8 5 5 8 8 6 5 6 8 3 8 8 6 9 5 7 4 5 4 3 5 7 7 4 5 7 3 6 6 6 8 8 6 10 7 5 8 6 5 5 3 2 8 7 3 5 3 5 7 6 5 5 7 6 6 8 9 6 9 2 4 10 4 5 5 9 1 7 7 
2 10 11 6 14 18 8 10 14 7 17 10 9 7 7 8 6 6 14 8 9 13 11 9 12 6 8 11 9 7 5 5 5 11 12 7 10 12 3 8 8 11 11 11 8 16 9 9 14 10 6 8 7 7 12 10 4 11 12 7 11 12 6 9 14 9 6 8 13 14 7 9 8 7 12 10 7 5 11 10 11 15 14 8 6 7 9 4 10 14 5 4 14 7 10 9 13 6 4 3 6 7 10 9 8 12 10 7 10 6 4 11 15 9 14 3 10 12 13 11 13 4 11 9 8 7 16 14 12 7 12 9 8 9 9 9 8 8 10 15 10 9 10 6 5 10 5 11 3 2 8 6 10 13 6 6 11 8 7 6 8 8 9 10 17 9 9 13 10 5 11 10 10 13 6 12 8 8 8 11 13 7 11 11 14 12 14 6 10 6 8 7 3 10 12 8 6 15 11 12 
3 2 3 2 2 2 2 1 3 2 2 2 2 2 2 2 1 2 2 2 1 1 2 2 1 2 3 0 1 2 1 2 2 2 3 2 2 1 2 1 3 1 2 2 1 1 3 3 2 2 1 2 2 3 3 1 2 2 3 3 3 2 2 1 2 2 2 3 2 3 2 1 1 0 1 2 2 3 3 2 4 1 2 3 3 3 3 3 2 1 2 2 2 2 2 1 2 1 1 3 2 2 3 2 2 3 2 2 2 2 3 2 1 2 2 3 3 2 2 2 1 3 3 1 2 2 3 3 2 2 3 2 2 2 2 2 2 0 3 2 2 3 2 3 2 2 2 2 3 3 2 3 3 1 2 2 2 1 1 2 2 4 2 2 2 3 2 3 3 2 3 2 3 1 3 2 2 2 2 2 2 2 2 3 2 2 2 2 3 2 2 3 3 2 3 3 2 1 2 1 
