NAME  : Jabali_60_2_0.90_1_2
TYPE : SVRP
MODEL : FINITE_SUPPORT
NUMBER_OF_SCENARIOS : 200
DIMENSION : 60
EDGE_WEIGHT_TYPE : MATRIX
CAPACITY : 172
N_VEHICLES : 2
NODE_COORD_SECTION
1 4690 4304
2 4083 5875
3 27 2465
4 1237 3125
5 3502 6318
6 819 4175
7 6595 2363
8 8425 4596
9 3448 6803
10 6558 4889
11 8041 6046
12 4597 6834
13 3104 5342
14 8868 4180
15 4228 4058
16 4748 506
17 7208 3256
18 7722 5855
19 1540 3563
20 5092 7351
21 6644 4178
22 3229 1564
23 6434 882
24 2276 3254
25 3829 7992
26 1109 2732
27 1734 1687
28 2099 4395
29 1916 4040
30 7387 3701
31 1443 5343
32 7515 3086
33 5987 6332
34 8103 4074
35 6374 6640
36 5232 1875
37 3088 5652
38 3075 2669
39 3827 384
40 3784 2455
41 8815 4991
42 7267 5876
43 6134 5932
44 8714 4315
45 4492 5616
46 4088 2769
47 2264 1499
48 1337 3874
49 5112 928
50 1723 6512
51 7608 5186
52 2935 6157
53 3995 4719
54 5278 5433
55 5520 3018
56 2053 2620
57 2529 7016
58 2903 7046
59 4877 18
60 1921 2574
DEMAND_SECTION
1 0.0
2 6.0
3 2.0
4 2.0
5 4.0
6 2.0
7 4.0
8 8.0
9 1.0
10 7.0
11 2.0
12 6.0
13 2.0
14 7.0
15 6.0
16 2.0
17 1.0
18 3.0
19 8.0
20 5.0
21 8.0
22 3.0
23 8.0
24 1.0
25 8.0
26 1.0
27 5.0
28 4.0
29 1.0
30 9.0
31 8.0
32 10.0
33 8.0
34 7.0
35 5.0
36 4.0
37 7.0
38 8.0
39 9.0
40 9.0
41 6.0
42 1.0
43 3.0
44 2.0
45 10.0
46 9.0
47 8.0
48 9.0
49 5.0
50 7.0
51 4.0
52 4.0
53 10.0
54 3.0
55 7.0
56 1.0
57 3.0
58 3.0
59 9.0
60 6.0
DEVIATION_SECTION
1 0.0
2 2.0
3 0.666667
4 0.666667
5 1.33333
6 0.666667
7 1.33333
8 2.66667
9 0.333333
10 2.33333
11 0.666667
12 2.0
13 0.666667
14 2.33333
15 2.0
16 0.666667
17 0.333333
18 1.0
19 2.66667
20 1.66667
21 2.66667
22 1.0
23 2.66667
24 0.333333
25 2.66667
26 0.333333
27 1.66667
28 1.33333
29 0.333333
30 3.0
31 2.66667
32 3.33333
33 2.66667
34 2.33333
35 1.66667
36 1.33333
37 2.33333
38 2.66667
39 3.0
40 3.0
41 2.0
42 0.333333
43 1.0
44 0.666667
45 3.33333
46 3.0
47 2.66667
48 3.0
49 1.66667
50 2.33333
51 1.33333
52 1.33333
53 3.33333
54 1.0
55 2.33333
56 0.333333
57 1.0
58 1.0
59 3.0
60 2.0
DISTANCE_MATRIX
0.0 23.0018 68.3321 49.5955 34.2004 51.4782 37.1591 51.614 39.8155 26.8701 50.2494 33.7026 25.4951 56.9386 6.40312 57.6426 38.4708 45.793 43.271 41.6915 27.7308 40.9005 58.43 40.155 51.5741 54.0142 52.8098 34.9285 37.2156 38.8973 46.5296 42.4264 36.6383 47.4131 34.5967 38.4593 28.8617 30.2116 55.0549 27.2439 56.7274 40.7063 31.8079 55.2268 17.4646 23.1211 49.1743 44.6659 51.2157 50.8035 41.7732 35.2418 11.7047 20.025 24.8682 44.3049 48.012 46.4403 63.6471 44.9823 
23.0018 0.0 72.0573 54.4701 11.6619 49.1935 57.0164 61.9839 17.8045 36.8782 55.9992 18.0 16.1803 68.4105 37.6 86.0599 55.2268 51.4842 47.5259 27.1662 42.0119 70.0406 73.6892 46.2014 32.249 59.3467 68.3055 34.5256 39.4646 54.0093 35.2635 59.2115 28.7047 60.0167 40.0832 58.9554 13.1803 56.4925 84.3505 56.4939 65.4244 46.6332 37.2943 66.4831 6.08276 53.6303 69.9068 46.3514 83.7034 33.0606 49.3186 16.0312 28.9004 18.3576 44.9198 54.9772 27.5136 24.5967 92.0645 55.9387 
68.3321 72.0573 0.0 18.868 68.884 25.0799 89.0056 119.877 72.9932 95.2022 116.519 83.7023 57.8705 121.938 61.8196 68.469 98.4733 112.195 25.0799 93.0794 95.7963 44.3847 88.7694 32.6497 89.56 15.5563 25.1794 37.6431 32.8938 101.352 43.1045 101.789 97.7264 112.065 100.88 70.0846 58.9406 41.6173 58.0086 50.6063 125.045 107.005 98.0912 120.644 78.796 54.9181 32.249 25.7099 70.6116 59.4138 110.099 62.8013 62.9284 82.5819 74.0608 27.2029 70.0 72.111 72.0625 26.6271 
49.5955 54.4701 18.868 0.0 51.352 15.0 73.3894 101.14 56.0357 76.4656 97.9505 66.1151 39.8121 106.373 43.083 58.5491 81.4923 93.4581 7.0 75.4922 77.0596 33.3766 76.2577 14.2127 73.0 5.09902 19.8494 20.025 15.0333 84.2468 29.9666 85.0 80.1392 96.778 82.1435 55.9017 41.3038 25.2982 50.2892 35.171 106.309 88.268 79.3546 104.684 60.0593 38.6264 25.0599 9.84886 59.0085 46.2385 90.6343 46.0 44.1918 63.8453 57.2451 12.0 54.9181 56.3205 63.3482 12.0416 
34.2004 11.6619 68.884 51.352 0.0 45.6946 68.215 70.3432 6.40312 46.0435 59.0339 15.6205 13.0623 76.9669 34.4819 82.9419 65.9242 55.5428 44.4072 24.6982 52.2398 66.9225 84.8878 43.0833 22.8035 56.2286 65.1874 31.4006 36.3456 64.195 30.6105 69.8713 31.7805 69.1809 48.3275 67.9705 10.0623 53.3745 81.2324 53.3758 72.8402 49.7695 33.3052 75.0018 16.7631 50.5122 66.7887 43.1741 80.5853 24.3516 56.8423 7.81025 25.7823 26.1725 56.1184 51.8591 16.2788 13.0 88.9464 52.8206 
51.4782 49.1935 25.0799 15.0 45.6946 0.0 82.5708 102.927 49.0408 77.666 98.9165 60.8386 36.0555 108.407 45.1774 72.0347 89.0085 94.5104 12.1655 70.214 79.177 47.1275 88.0511 23.0 65.1153 19.105 34.8281 17.0294 14.3178 90.0765 18.0278 92.5833 74.8626 98.8838 83.1095 67.0075 36.2353 36.0139 64.622 46.0 107.648 89.234 80.3206 106.677 60.8793 48.2597 39.9625 8.0 71.7008 34.3657 92.0054 38.8973 44.6878 64.6653 65.5266 25.632 45.0444 47.3814 77.201 26.0 
37.1591 57.0164 89.0056 73.3894 68.215 82.5708 0.0 39.4588 73.8241 32.7567 52.9528 66.045 62.6542 40.1622 41.3038 34.7851 15.1327 49.4773 71.3092 69.5063 23.7065 48.602 20.2485 60.1664 84.2316 74.3236 66.1337 68.1836 68.8386 21.0238 82.0244 16.1555 51.8662 31.5753 49.8246 20.5183 66.0073 48.1041 45.3195 38.4838 46.5296 48.1041 47.0357 39.5601 51.4792 34.7851 60.3755 74.7329 27.8568 87.96 40.7922 72.3233 48.7787 47.0106 18.0278 62.2415 84.385 81.1997 38.6394 62.6498 
51.614 61.9839 119.877 101.14 70.3432 102.927 39.4588 0.0 73.437 25.4951 20.6155 59.0085 71.9443 7.07107 58.0086 73.9797 24.3311 20.1246 94.9618 56.5685 24.7588 81.048 58.0086 91.6995 75.5381 105.559 97.8816 86.093 88.7525 18.6815 95.5112 24.0 40.0 8.0 42.0156 57.5847 75.0821 76.8975 84.3188 68.8165 7.07107 23.7697 37.2156 5.09902 55.9732 63.8421 92.6984 96.2634 66.9403 94.3855 14.0357 77.1377 59.0339 44.1811 44.9444 91.3005 85.5862 81.3941 78.0897 91.8973 
39.8155 17.8045 72.9932 56.0357 6.40312 49.0408 73.8241 73.437 0.0 50.0899 60.7454 15.6525 18.3417 80.3057 39.7614 88.2213 70.8308 57.5674 49.0408 23.3452 56.8859 72.2019 90.5029 48.2635 17.1172 61.0082 70.3676 36.0139 41.0122 68.7314 32.6497 74.7329 33.9559 73.0 32.0 73.2499 15.2971 58.6539 86.5118 58.6552 75.505 51.923 36.2215 78.3135 22.3607 55.7916 71.9689 47.3814 85.8647 23.0217 59.6825 10.198 31.0617 30.0666 61.7335 57.0393 12.1655 8.0 94.2258 58.0007 
26.8701 36.8782 95.2022 76.4656 46.0435 77.666 32.7567 25.4951 50.0899 0.0 25.0 37.4057 46.4574 31.6228 33.2415 61.8143 23.0217 20.6155 69.8347 38.0789 9.21954 63.573 52.7731 67.025 55.7136 80.8843 79.6799 60.7454 63.6003 19.3132 70.0243 26.4197 20.2485 23.1948 18.544 43.1045 50.0521 57.0816 72.4198 51.3413 30.0 17.0 15.6525 29.7321 30.8058 46.367 75.2233 71.218 54.7478 69.7209 15.0 52.469 33.541 20.025 27.4939 71.175 62.0081 58.0775 66.766 71.8524 
50.2494 55.9992 116.519 97.9505 59.0339 98.9165 52.9528 20.6155 60.7454 25.0 0.0 45.2217 69.1439 26.9258 56.3028 85.1724 38.8973 4.47214 91.7723 40.3113 31.0161 87.9327 73.0068 88.342 59.1354 102.201 102.911 81.8873 85.2208 32.8938 88.2271 40.3113 27.2947 26.4008 35.807 67.1193 66.1439 80.3131 95.4791 75.701 18.0278 9.89949 27.0185 25.2389 49.9731 70.7267 99.2758 92.9858 78.1059 83.2586 12.1655 66.6483 54.2323 37.9725 51.8536 94.4065 72.7324 68.3081 90.05 95.0839 
33.7026 18.0 83.7023 66.1151 15.6205 60.8386 66.045 59.0085 15.6525 37.4057 45.2217 0.0 27.8254 66.0 36.8921 88.8395 61.5132 42.2019 59.171 9.48683 46.0664 72.0974 83.3157 57.8465 18.868 70.9918 79.9506 46.1707 51.1097 56.7185 46.2277 63.7473 19.0263 59.4138 38.8617 68.3783 24.8254 61.3323 86.2517 58.4408 60.531 36.6742 22.2036 64.0 18.0278 54.318 81.5519 57.9964 81.0272 38.5876 45.0444 23.3452 32.456 20.2278 54.5463 66.6223 27.5136 23.0868 94.844 67.5838 
25.4951 16.1803 57.8705 39.8121 13.0623 36.0555 62.6542 71.9443 18.3417 46.4574 69.1439 27.8254 0.0 78.0256 21.9317 69.8818 63.0079 67.5105 32.9848 37.2025 50.4876 53.9184 75.5844 30.967 35.4138 44.5533 53.0711 20.2485 25.0 62.3939 24.1868 67.0075 41.8494 69.1792 56.1096 55.2268 3.60555 41.2581 68.2283 40.3717 81.3217 62.2341 53.3207 76.1589 22.2627 37.5366 54.6724 32.311 67.7808 25.318 65.345 10.6301 14.0357 34.1548 45.208 39.7428 23.4307 22.0227 76.8205 40.7043 
56.9386 68.4105 121.938 106.373 76.9669 108.407 40.1622 7.07107 80.3057 31.6228 26.9258 66.0 78.0256 0.0 63.2851 74.9466 25.4951 26.9258 100.194 63.6396 29.4109 84.2999 57.3149 96.9321 82.6075 106.614 101.316 91.7061 94.1541 20.8087 101.592 24.0416 47.0106 9.89949 48.6394 59.4811 81.555 80.3323 85.4405 72.2496 10.0 30.8058 44.1022 2.0 62.3618 67.277 96.0469 101.589 68.0074 101.0 21.095 83.7437 65.0 50.8035 48.2701 94.7353 92.4392 88.278 78.5875 95.3322 
6.40312 37.6 61.8196 43.083 34.4819 45.1774 41.3038 58.0086 39.7614 33.2415 56.3028 36.8921 21.9317 63.2851 0.0 52.2629 44.1475 51.8652 36.9047 44.881 34.0 35.4324 53.6656 33.6424 54.7637 47.5017 47.3417 28.7924 30.8869 44.9444 41.1096 48.0521 42.5703 53.7122 40.5287 33.6006 25.4951 24.7434 49.6751 21.8403 63.1269 46.6476 37.7398 61.5873 20.6542 17.8885 43.7061 38.2996 46.3301 46.8402 48.1041 32.249 10.0 24.3311 23.3452 38.8368 45.0208 43.4491 58.2674 39.5142 
57.6426 86.0599 68.469 58.5491 82.9419 72.0347 34.7851 73.9797 88.2213 61.8143 85.1724 88.8395 69.8818 74.9466 52.2629 0.0 49.7293 81.2307 59.9083 96.8284 54.2131 25.1794 22.8035 49.98 106.711 57.0789 43.2897 63.5059 61.4654 55.3173 79.1581 50.9215 78.6466 66.2193 76.605 19.9758 74.3719 37.5766 12.2066 30.4451 81.0247 78.6486 73.8161 74.3303 72.6015 35.0599 36.2215 64.2884 7.07107 93.5777 73.1737 80.3772 61.8295 70.9818 35.9353 46.6905 94.2151 91.909 6.40312 46.5296 
38.4708 55.2268 98.4733 81.4923 65.9242 89.0085 15.1327 24.3311 70.8308 23.0217 38.8973 61.5132 63.0079 25.4951 44.1475 49.7293 0.0 35.8469 78.7181 61.0574 14.3178 59.6964 34.3657 67.6858 78.5546 83.2166 77.1038 72.9062 74.7175 6.08276 85.0 4.0 43.2666 16.4924 41.3847 34.0 66.0076 56.8595 60.1153 48.2701 31.4006 35.5106 38.5876 24.6982 49.366 43.6005 71.4699 81.9944 42.72 88.0511 26.9258 71.2531 49.0408 41.4367 24.4131 71.2811 82.201 78.6448 53.7587 71.8471 
45.793 51.4842 112.195 93.4581 55.5428 94.5104 49.4773 20.1246 57.5674 20.6155 4.47214 42.2019 67.5105 26.9258 51.8652 81.2307 35.8469 0.0 87.3662 38.0132 27.0185 83.7369 69.6419 84.0176 57.0 97.8768 98.4657 77.4812 80.8147 29.9666 84.6512 37.5899 23.7697 24.7588 31.4009 63.0317 62.568 75.8675 91.5374 71.5053 19.105 5.83095 23.0217 25.0799 45.567 66.5309 94.8302 88.5798 74.1642 79.8499 8.94427 63.0792 49.8263 33.5665 47.6578 89.9608 69.6419 65.2534 86.1452 90.6382 
43.271 47.5259 25.0799 7.0 44.4072 12.1655 71.3092 94.9618 49.0408 69.8347 91.7723 59.171 32.9848 100.194 36.9047 59.9083 78.7181 87.3662 0.0 68.548 70.8814 35.1141 76.0066 11.1803 66.0 12.0416 25.0 13.0384 8.06226 81.4721 23.8537 82.2218 73.195 90.5998 75.9653 55.0818 34.3657 24.0208 52.8015 34.0588 99.825 82.0898 73.1764 98.5058 53.8811 36.6742 29.0689 4.47214 59.5399 39.8121 84.4561 39.0 38.0135 57.6671 54.5047 13.8924 48.0521 49.366 65.146 14.4222 
41.6915 27.1662 93.0794 75.4922 24.6982 70.214 69.5063 56.5685 23.3452 38.0789 40.3113 9.48683 37.2025 63.6396 44.881 96.8284 61.0574 38.0132 68.548 0.0 46.8863 80.0863 91.2847 67.2236 19.0263 80.3689 90.7525 55.5477 60.4868 57.2451 55.2178 64.4981 17.8885 58.2409 39.6816 76.3473 34.2025 68.1543 94.2406 66.4296 57.0088 33.0606 22.4722 61.6604 26.1725 62.3069 87.117 67.3735 90.4015 46.2277 42.5793 32.2025 39.278 28.1967 62.5153 75.9993 34.1321 29.6816 102.833 76.9608 
27.7308 42.0119 95.7963 77.0596 52.2398 79.177 23.7065 24.7588 56.8859 9.21954 31.0161 46.0664 50.4876 29.4109 34.0 54.2131 14.3178 27.0185 70.8814 46.8863 0.0 57.3143 43.8634 67.6191 64.3746 81.4784 74.1477 62.6498 64.8845 12.0 73.4983 18.0278 29.2062 19.7231 27.2047 36.1248 53.2379 53.1636 64.5198 45.0827 30.8058 24.7386 24.4158 27.8029 36.0 40.1083 68.9646 72.2763 47.1466 75.06 19.2354 58.0 36.8782 27.2029 21.1896 67.5666 68.469 64.7765 59.1354 68.1634 
40.9005 70.0406 44.3847 33.3766 66.9225 47.1275 48.602 81.048 72.2019 63.573 87.9327 72.0974 53.9184 84.2999 35.4324 25.1794 59.6964 83.7369 35.1141 80.0863 57.3143 0.0 44.3847 26.0768 89.2741 32.0 19.6977 40.6079 37.7359 63.5239 56.0357 62.5623 77.3019 74.4868 75.2603 29.4117 58.142 15.8114 18.0278 14.0357 87.5189 80.5638 72.4714 83.0871 55.8594 19.2354 13.0384 39.5601 26.3059 69.4424 76.4539 63.8916 44.938 59.4304 36.1139 21.587 74.7773 75.1684 30.0832 21.3776 
58.43 73.6892 88.7694 76.2577 84.8878 88.0511 20.2485 58.0086 90.5029 52.7731 73.0068 83.3157 75.5844 57.3149 53.6656 22.8035 34.3657 69.6419 76.0066 91.2847 43.8634 44.3847 0.0 65.0692 101.491 75.8024 63.8905 76.5795 75.5381 40.4475 91.447 34.0147 71.4049 50.01 69.3633 21.3776 79.1581 52.0384 35.0 42.107 65.0 68.352 66.5744 57.1402 68.152 40.7922 56.921 80.0562 18.3848 100.09 60.8769 85.8941 63.4032 65.1153 32.0156 64.2909 98.6636 97.0919 23.6008 64.3842 
40.155 46.2014 32.6497 14.2127 43.0833 23.0 60.1664 91.6995 48.2635 67.025 88.342 57.8465 30.967 96.9321 33.6424 49.98 67.6858 84.0176 11.1803 67.2236 67.6191 26.0768 65.0692 0.0 65.3801 17.2047 22.3607 14.8661 11.6619 70.4398 30.0 71.1894 75.8144 87.3375 72.703 44.0114 33.0275 13.0384 44.1022 23.0 96.868 78.8275 69.9141 95.2435 50.6188 25.4951 23.7065 15.0 49.0306 44.0454 81.9218 38.7771 34.7512 54.4048 43.4724 9.05539 49.6588 50.0539 55.5428 10.0499 
51.5741 32.249 89.56 73.0 22.8035 65.1153 84.2316 75.5381 17.1172 55.7136 59.1354 18.868 35.4138 82.6075 54.7637 106.711 78.5546 57.0 66.0 19.0263 64.3746 89.2741 101.491 65.3801 0.0 78.0064 87.4842 53.0094 58.0086 75.0267 47.8017 82.0554 36.1386 76.9025 57.1699 87.5277 32.3883 75.726 103.584 75.7274 76.0263 52.0865 40.1622 80.6226 34.8281 72.1895 89.1403 64.1249 100.284 34.4819 61.5224 27.0 50.3276 38.4143 72.7217 74.1558 21.4709 18.0278 112.716 75.1173 
54.0142 59.3467 15.5563 5.09902 56.2286 19.105 74.3236 105.559 61.0082 80.8843 102.201 70.9918 44.5533 106.614 47.5017 57.0789 83.2166 97.8768 12.0416 80.3689 81.4784 32.0 75.8024 17.2047 78.0064 0.0 16.1245 25.0 20.0 86.027 34.9285 86.6083 85.0158 96.7405 86.5622 56.0446 46.1736 26.4197 48.0521 35.8469 110.727 92.6867 83.7733 105.32 64.4781 39.8246 22.1359 14.8661 58.1378 51.264 95.781 51.0098 48.6105 68.264 58.8303 12.083 60.0167 61.4003 61.5224 11.7047 
52.8098 68.3055 25.1794 19.8494 65.1874 34.8281 66.1337 97.8816 70.3676 79.6799 102.911 79.9506 53.0711 101.316 47.3417 43.2897 77.1038 98.4657 25.0 90.7525 74.1477 19.6977 63.8905 22.3607 87.4842 16.1245 0.0 35.8469 31.305 80.6598 48.8262 80.0562 89.2112 91.4385 87.1696 46.9434 55.1315 22.8473 33.0606 29.0689 104.395 93.294 84.3807 100.023 67.6926 34.2053 7.07107 29.0689 45.607 64.4981 94.5766 60.8769 56.8473 71.0135 53.0754 13.3417 71.5122 72.1249 47.0 12.3693 
34.9285 34.5256 37.6431 20.025 31.4006 17.0294 68.1836 86.093 36.0139 60.7454 81.8873 46.1707 20.2485 91.7061 28.7924 63.5059 72.9062 77.4812 13.0384 55.5477 62.6498 40.6079 76.5795 14.8661 53.0094 25.0 35.8469 0.0 5.0 73.736 15.6525 76.8065 60.1947 82.2922 66.0803 55.2159 21.3776 25.9422 58.6003 34.8685 90.6973 72.2048 63.2914 89.9444 43.8511 35.863 38.2753 12.083 62.0259 29.2062 75.0 26.0192 27.6586 47.6371 50.3587 22.8254 35.7351 36.6742 69.3542 23.7065 
37.2156 39.4646 32.8938 15.0333 36.3456 14.3178 68.8386 88.7525 41.0122 63.6003 85.2208 51.1097 25.0 94.1541 30.8869 61.4654 74.7175 80.8147 8.06226 60.4868 64.8845 37.7359 75.5381 11.6619 58.0086 20.0 31.305 5.0 0.0 75.7761 18.4391 78.2923 65.1337 84.5991 69.4138 54.231 26.3059 24.0416 55.7584 33.541 93.6002 75.5383 66.6249 92.4392 47.2138 35.0143 34.2053 7.81025 60.2251 33.2866 78.1025 31.0161 31.1448 50.9997 51.2356 18.6011 40.5216 41.5933 67.1193 19.4165 
38.8973 54.0093 101.352 84.2468 64.195 90.0765 21.0238 18.6815 68.7314 19.3132 32.8938 56.7185 62.3939 20.8087 44.9444 55.3173 6.08276 29.9666 81.4721 57.2451 12.0 63.5239 40.4475 70.4398 75.0267 86.027 80.6598 73.736 75.7761 0.0 85.1469 7.81025 39.3573 11.1803 37.8568 39.0 65.192 59.7458 65.6463 51.6236 25.7099 30.0 34.9285 19.7231 48.0 46.6905 75.2861 83.1667 48.2701 87.0517 21.0238 70.0 48.6621 38.833 27.5862 74.1488 80.399 76.6551 59.5399 74.7456 
46.5296 35.2635 43.1045 29.9666 30.6105 18.0278 82.0244 95.5112 32.6497 70.0243 88.2271 46.2277 24.1868 101.592 41.1096 79.1581 85.0 84.6512 23.8537 55.2178 73.4983 56.0357 91.447 30.0 47.8017 34.9285 48.8262 15.6525 18.4391 85.1469 0.0 88.955 60.9326 92.6553 74.7938 70.1221 22.8035 41.5933 74.0608 50.5209 99.6527 78.8611 62.3717 99.7246 41.3459 50.953 52.4023 20.1246 77.6784 16.4924 83.7774 23.0217 36.6879 53.2379 64.0078 36.7967 27.1662 29.8329 85.0 37.5366 
42.4264 59.2115 101.789 85.0 69.8713 92.5833 16.1555 24.0 74.7329 26.4197 40.3113 63.7473 67.0075 24.0416 48.0521 50.9215 4.0 37.5899 82.2218 64.4981 18.0278 62.5623 34.0147 71.1894 82.0554 86.6083 80.0562 76.8065 78.2923 7.81025 88.955 0.0 46.6476 16.0 44.8855 36.0555 70.0071 60.208 61.4722 51.4004 31.0161 37.8021 42.0595 23.5372 53.3385 46.8722 74.3357 85.5692 44.0114 92.0489 28.6531 75.2396 53.0377 45.2217 27.7849 74.6257 86.1452 82.5651 54.5711 75.1665 
36.6383 28.7047 97.7264 80.1392 31.7805 74.8626 51.8662 40.0 33.9559 20.2485 27.2947 19.0263 41.8494 47.0106 42.5703 78.6466 43.2666 23.7697 73.195 17.8885 29.2062 77.3019 71.4049 75.8144 36.1386 85.0158 89.2112 60.1947 65.1337 39.3573 60.9326 46.6476 0.0 40.7922 22.0416 59.655 38.8494 66.613 88.9533 63.6453 41.5933 18.0278 5.0 45.0111 27.198 59.5225 85.5757 72.0204 71.5801 56.0803 26.0192 39.3573 41.4137 24.2071 44.0274 80.7063 46.0977 41.7732 83.5983 81.3837 
47.4131 60.0167 112.065 96.778 69.1809 98.8838 31.5753 8.0 73.0 23.1948 26.4008 59.4138 69.1792 9.89949 53.7122 66.2193 16.4924 24.7588 90.5998 58.2409 19.7231 74.4868 50.01 87.3375 76.9025 96.7405 91.4385 82.2922 84.5991 11.1803 92.6553 16.0 40.7922 0.0 41.0 50.1597 73.1969 70.4593 76.5924 62.3699 15.0333 26.9258 37.2156 8.60233 53.9351 57.404 86.2148 91.9947 59.203 92.9139 16.6433 75.6637 55.9732 43.0465 38.4187 84.8623 85.0235 81.0 70.214 85.4592 
34.5967 40.0832 100.88 82.1435 48.3275 83.1095 49.8246 42.0156 32.0 18.544 35.807 38.8617 56.1096 48.6394 40.5287 76.605 41.3847 31.4009 75.9653 39.6816 27.2047 75.2603 69.3633 72.703 57.1699 86.5622 87.1696 66.0803 69.4138 37.8568 74.7938 44.8855 22.0416 41.0 0.0 57.6134 53.1096 64.5714 86.9117 61.6037 45.3412 26.1245 17.2111 46.6742 34.1661 57.4809 83.5341 77.1789 69.5385 72.3699 29.2354 55.1221 38.4253 22.1655 41.9858 78.6647 64.037 40.0 81.5567 79.3421 
38.4593 58.9554 70.0846 55.9017 67.9705 67.0075 20.5183 57.5847 73.2499 43.1045 67.1193 68.3783 55.2268 59.4811 33.6006 19.9758 34.0 63.0317 55.0818 76.3473 36.1248 29.4117 21.3776 44.0114 87.5277 56.0446 46.9434 55.2159 54.231 39.0 70.1221 36.0555 59.655 50.1597 57.6134 0.0 58.8303 31.0644 30.2825 21.0238 64.5136 60.075 54.8245 58.6003 53.4182 19.4165 41.1852 59.0085 12.9093 79.2023 55.3263 65.7343 43.4326 51.9902 16.4924 44.1475 78.5093 76.9376 24.9275 44.3847 
28.8617 13.1803 58.9406 41.3038 10.0623 36.2353 66.0073 75.0821 15.2971 50.0521 66.1439 24.8254 3.60555 81.555 25.4951 74.3719 66.0076 62.568 34.3657 34.2025 53.2379 58.142 79.1581 33.0275 32.3883 46.1736 55.1315 21.3776 26.3059 65.192 22.8035 70.0071 38.8494 73.1969 53.1096 58.8303 0.0 43.3186 71.7842 43.9276 78.4508 56.7779 40.2885 79.6209 19.2627 41.1096 56.7328 33.2415 71.3863 22.0907 62.345 7.07107 17.2627 31.1548 48.7614 41.8032 19.8494 18.6011 80.3764 42.7647 
30.2116 56.4925 41.6173 25.2982 53.3745 36.0139 48.1041 76.8975 58.6539 57.0816 80.3131 61.3323 41.2581 80.3323 24.7434 37.5766 56.8595 75.8675 24.0208 68.1543 53.1636 15.8114 52.0384 13.0384 75.726 26.4197 22.8473 25.9422 24.0416 59.7458 41.5933 60.208 66.613 70.4593 64.5714 31.0644 43.3186 0.0 33.2415 10.0499 83.4112 70.6958 61.7825 79.0386 45.0943 13.4164 20.0998 28.0179 36.1863 54.619 71.9783 49.0683 34.2491 48.4153 32.45 14.4222 59.9539 60.345 43.4166 15.0 
55.0549 84.3505 58.0086 50.2892 81.2324 64.622 45.3195 84.3188 86.5118 72.4198 95.4791 86.2517 68.2283 85.4405 49.6751 12.2066 60.1153 91.5374 52.8015 94.2406 64.5198 18.0278 35.0 44.1022 103.584 48.0521 33.0606 58.6003 55.7584 65.6463 74.0608 61.4722 88.9533 76.5924 86.9117 30.2825 71.7842 33.2415 0.0 27.7849 91.3562 89.4105 84.1228 84.7699 70.0138 32.4722 26.1725 57.2713 17.8045 87.3932 83.4804 78.8506 59.2418 73.5848 46.2419 39.0 91.6274 90.1593 14.1421 38.6264 
27.2439 56.4939 50.6063 35.171 53.3758 46.0 38.4838 68.8165 58.6552 51.3413 75.701 58.4408 40.3717 72.2496 21.8403 30.4451 48.2701 71.5053 34.0588 66.4296 45.0827 14.0357 42.107 23.0 75.7274 35.8469 29.0689 34.8685 33.541 51.6236 50.5209 51.4004 63.6453 62.3699 61.6037 21.0238 43.9276 10.0499 27.7849 0.0 75.3302 67.7281 58.8148 70.9576 42.2028 5.38516 24.1868 38.0 28.9224 63.1334 64.2223 50.994 31.3913 45.7738 24.0416 23.7697 63.7708 62.3027 36.4496 24.1661 
56.7274 65.4244 125.045 106.309 72.8402 107.648 46.5296 7.07107 75.505 30.0 18.0278 60.531 81.3217 10.0 63.1269 81.0247 31.4006 19.105 99.825 57.0088 30.8058 87.5189 65.0 96.868 76.0263 110.727 104.395 90.6973 93.6002 25.7099 99.6527 31.0161 41.5933 15.0333 45.3412 64.5136 78.4508 83.4112 91.3562 75.3302 0.0 24.0208 39.5601 8.94427 59.5063 70.3559 99.2122 101.213 73.9797 97.1915 16.1555 80.3348 63.2851 47.5067 51.4782 101.018 87.6641 83.3607 85.1587 101.695 
40.7063 46.6332 107.005 88.268 49.7695 89.234 48.1041 23.7697 51.923 17.0 9.89949 36.6742 62.2341 30.8058 46.6476 78.6486 35.5106 5.83095 82.0898 33.0606 24.7386 80.5638 68.352 78.8275 52.0865 92.6867 93.294 72.2048 75.5383 30.0 78.8611 37.8021 18.0278 26.9258 26.1245 60.075 56.7779 70.6958 89.4105 67.7281 24.0208 0.0 17.2047 28.8617 40.2906 63.6053 89.6585 83.3034 71.5821 74.0945 10.2956 57.2892 44.5499 28.29 44.4846 84.7891 64.0312 59.6657 83.6003 85.4665 
31.8079 37.2943 98.0912 79.3546 33.3052 80.3206 47.0357 37.2156 36.2215 15.6525 27.0185 22.2036 53.3207 44.1022 37.7398 73.8161 38.5876 23.0217 73.1764 22.4722 24.4158 72.4714 66.5744 69.9141 40.1622 83.7733 84.3807 63.2914 66.6249 34.9285 62.3717 42.0595 5.0 37.2156 17.2111 54.8245 40.2885 61.7825 84.1228 58.8148 39.5601 17.2047 0.0 42.107 31.3772 54.692 80.7452 74.39 66.7496 57.6564 23.5372 40.7998 35.6364 19.3766 39.1969 75.8758 48.3735 44.1814 78.7678 76.5532 
55.2268 66.4831 120.644 104.684 75.0018 106.677 39.5601 5.09902 78.3135 29.7321 25.2389 64.0 76.1589 2.0 61.5873 74.3303 24.6982 25.0799 98.5058 61.6604 27.8029 83.0871 57.1402 95.2435 80.6226 105.32 100.023 89.9444 92.4392 19.7231 99.7246 23.5372 45.0111 8.60233 46.6742 58.6003 79.6209 79.0386 84.7699 70.9576 8.94427 28.8617 42.107 0.0 60.4401 65.9832 94.8103 99.8859 67.3573 99.0404 19.105 81.7863 63.1585 48.8398 47.0106 93.4416 90.4489 86.2844 78.1025 94.0384 
17.4646 6.08276 78.796 60.0593 16.7631 60.8793 51.4792 55.9732 22.3607 30.8058 49.9731 18.0278 22.2627 62.3618 20.6542 72.6015 49.366 45.567 53.8811 26.1725 36.0 55.8594 68.152 50.6188 34.8281 64.4781 67.6926 43.8511 47.2138 48.0 41.3459 53.3385 27.198 53.9351 34.1661 53.4182 19.2627 45.0943 70.0138 42.2028 59.5063 40.2906 31.3772 60.4401 0.0 38.08 64.057 54.9972 66.1746 39.1152 43.4015 22.0 16.2181 12.8062 39.3826 59.3946 32.9848 29.7321 78.606 60.3561 
23.1211 53.6303 54.9181 38.6264 50.5122 48.2597 34.7851 63.8421 55.7916 46.367 70.7267 54.318 37.5366 67.277 17.8885 35.0599 43.6005 66.5309 36.6742 62.3069 40.1083 19.2354 40.7922 25.4951 72.1895 39.8246 34.2053 35.863 35.0143 46.6905 50.953 46.8722 59.5225 57.404 57.4809 19.4165 41.1096 13.4164 32.4722 5.38516 70.3559 63.6053 54.692 65.9832 38.08 0.0 29.5296 40.3113 31.099 60.4203 59.2479 48.1664 27.7849 41.651 19.2094 27.7849 60.959 59.4794 41.0644 28.3019 
49.1743 69.9068 32.249 25.0599 66.7887 39.9625 60.3755 92.6984 71.9689 75.2233 99.2758 81.5519 54.6724 96.0469 43.7061 36.2215 71.4699 94.8302 29.0689 87.117 68.9646 13.0384 56.921 23.7065 89.1403 22.1359 7.07107 38.2753 34.2053 75.2861 52.4023 74.3357 85.5757 86.2148 83.5341 41.1852 56.7328 20.0998 26.1725 24.1868 99.2122 89.6585 80.7452 94.8103 64.057 29.5296 0.0 33.4215 38.6005 67.424 88.1042 62.4825 53.2118 67.378 47.8017 15.6205 73.3485 73.7593 40.0125 14.8661 
44.6659 46.3514 25.7099 9.84886 43.1741 8.0 74.7329 96.2634 47.3814 71.218 92.9858 57.9964 32.311 101.589 38.2996 64.2884 81.9944 88.5798 4.47214 67.3735 72.2763 39.5601 80.0562 15.0 64.1249 14.8661 29.0689 12.083 7.81025 83.1667 20.1246 85.5692 72.0204 91.9947 77.1789 59.0085 33.2415 28.0179 57.2713 38.0 101.213 83.3034 74.39 99.8859 54.9972 40.3113 33.4215 0.0 63.7887 36.4005 85.7963 37.2156 38.9487 58.7832 57.8344 18.3576 45.3982 47.0425 69.5701 18.868 
51.2157 83.7034 70.6116 59.0085 80.5853 71.7008 27.8568 66.9403 85.8647 54.7478 78.1059 81.0272 67.7808 68.0074 46.3301 7.07107 42.72 74.1642 59.5399 90.4015 47.1466 26.3059 18.3848 49.0306 100.284 58.1378 45.607 62.0259 60.2251 48.2701 77.6784 44.0114 71.5801 59.203 69.5385 12.9093 71.3863 36.1863 17.8045 28.9224 73.9797 71.5821 66.7496 67.3573 66.1746 31.099 38.6005 63.7887 0.0 91.4689 66.0303 78.3384 56.0892 63.9153 28.8687 47.0106 91.1223 89.5524 12.3693 47.0 
50.8035 33.0606 59.4138 46.2385 24.3516 34.3657 87.96 94.3855 23.0217 69.7209 83.2586 38.5876 25.318 101.0 46.8402 93.5777 88.0511 79.8499 39.8121 46.2277 75.06 69.4424 100.09 44.0454 34.4819 51.264 64.4981 29.2062 33.2866 87.0517 16.4924 92.0489 56.0803 92.9139 72.3699 79.2023 22.0907 54.619 87.3932 63.1334 97.1915 74.0945 57.6564 99.0404 39.1152 60.4203 67.424 36.4005 91.4689 0.0 81.1935 17.2627 39.3192 50.2195 70.1624 51.8652 13.0384 17.0294 98.0334 52.6972 
41.7732 49.3186 110.099 90.6343 56.8423 92.0054 40.7922 14.0357 59.6825 15.0 12.1655 45.0444 65.345 21.095 48.1041 73.1737 26.9258 8.94427 84.4561 42.5793 19.2354 76.4539 60.8769 81.9218 61.5224 95.781 94.5766 75.0 78.1025 21.0238 83.7774 28.6531 26.0192 16.6433 29.2354 55.3263 62.345 71.9783 83.4804 64.2223 16.1555 10.2956 23.5372 19.105 43.4015 59.2479 88.1042 85.7963 66.0303 81.1935 0.0 64.3574 47.4342 31.4009 40.2616 86.0717 71.8471 67.6018 78.0064 86.7491 
35.2418 16.0312 62.8013 46.0 7.81025 38.8973 72.3233 77.1377 10.198 52.469 66.6483 23.3452 10.6301 83.7437 32.249 80.3772 71.2531 63.0792 39.0 32.2025 58.0 63.8916 85.8941 38.7771 27.0 51.0098 60.8769 26.0192 31.0161 70.0 23.0217 75.2396 39.3573 75.6637 55.1221 65.7343 7.07107 49.0683 78.8506 50.994 80.3348 57.2892 40.7998 81.7863 22.0 48.1664 62.4825 37.2156 78.3384 17.2627 64.3574 0.0 23.551 32.9848 55.4863 47.5395 12.8062 11.6619 87.4428 48.5077 
11.7047 28.9004 62.9284 44.1918 25.7823 44.6878 48.7787 59.0339 31.0617 33.541 54.2323 32.456 14.0357 65.0 10.0 61.8295 49.0408 49.8263 38.0135 39.278 36.8782 44.938 63.4032 34.7512 50.3276 48.6105 56.8473 27.6586 31.1448 48.6621 36.6879 53.0377 41.4137 55.9732 38.4253 43.4326 17.2627 34.2491 59.2418 31.3913 63.2851 44.5499 35.6364 63.1585 16.2181 27.7849 53.2118 38.9487 56.0892 39.3192 47.4342 23.551 0.0 20.0041 32.9908 43.527 36.3211 34.7494 67.834 44.4885 
20.025 18.3576 82.5819 63.8453 26.1725 64.6653 47.0106 44.1811 30.0666 20.025 37.9725 20.2278 34.1548 50.8035 24.3311 70.9818 41.4367 33.5665 57.6671 28.1967 27.2029 59.4304 65.1153 54.4048 38.4143 68.264 71.0135 47.6371 50.9997 38.833 53.2379 45.2217 24.2071 43.0465 22.1655 51.9902 31.1548 48.4153 73.5848 45.7738 47.5067 28.29 19.3766 48.8398 12.8062 41.651 67.378 58.7832 63.9153 50.2195 31.4009 32.9848 20.0041 0.0 36.3626 63.1806 42.0 38.0526 75.9335 64.1421 
24.8682 44.9198 74.0608 57.2451 56.1184 65.5266 18.0278 44.9444 61.7335 27.4939 51.8536 54.5463 45.208 48.2701 23.3452 35.9353 24.4131 47.6578 54.5047 62.5153 21.1896 36.1139 32.0156 43.4724 72.7217 58.8303 53.0754 50.3587 51.2356 27.5862 64.0078 27.7849 44.0274 38.4187 41.9858 16.4924 48.7614 32.45 46.2419 24.0416 51.4782 44.4846 39.1969 47.0106 39.3826 19.2094 47.8017 57.8344 28.8687 70.1624 40.2616 55.4863 32.9908 36.3626 0.0 46.8722 68.2564 69.1031 40.887 47.4342 
44.3049 54.9772 27.2029 12.0 51.8591 25.632 62.2415 91.3005 57.0393 71.175 94.4065 66.6223 39.7428 94.7353 38.8368 46.6905 71.2811 89.9608 13.8924 75.9993 67.5666 21.587 64.2909 9.05539 74.1558 12.083 13.3417 22.8254 18.6011 74.1488 36.7967 74.6257 80.7063 84.8623 78.6647 44.1475 41.8032 14.4222 39.0 23.7697 101.018 84.7891 75.8758 93.4416 59.3946 27.7849 15.6205 18.3576 47.0106 51.8652 86.0717 47.5395 43.527 63.1806 46.8722 0.0 58.3095 58.8218 51.6624 1.0 
48.012 27.5136 70.0 54.9181 16.2788 45.0444 84.385 85.5862 12.1655 62.0081 72.7324 27.5136 23.4307 92.4392 45.0208 94.2151 82.201 69.6419 48.0521 34.1321 68.469 74.7773 98.6636 49.6588 21.4709 60.0167 71.5122 35.7351 40.5216 80.399 27.1662 86.1452 46.0977 85.0235 64.037 78.5093 19.8494 59.9539 91.6274 63.7708 87.6641 64.0312 48.3735 90.4489 32.9848 60.959 73.3485 45.3982 91.1223 13.0384 71.8471 12.8062 36.3211 42.0 68.2564 58.3095 0.0 4.47214 100.22 59.2368 
46.4403 24.5967 72.111 56.3205 13.0 47.3814 81.1997 81.3941 8.0 58.0775 68.3081 23.0868 22.0227 88.278 43.4491 91.909 78.6448 65.2534 49.366 29.6816 64.7765 75.1684 97.0919 50.0539 18.0278 61.4003 72.1249 36.6742 41.5933 76.6551 29.8329 82.5651 41.7732 81.0 40.0 76.9376 18.6011 60.345 90.1593 62.3027 83.3607 59.6657 44.1814 86.2844 29.7321 59.4794 73.7593 47.0425 89.5524 17.0294 67.6018 11.6619 34.7494 38.0526 69.1031 58.8218 4.47214 0.0 97.9135 59.7746 
63.6471 92.0645 72.0625 63.3482 88.9464 77.201 38.6394 78.0897 94.2258 66.766 90.05 94.844 76.8205 78.5875 58.2674 6.40312 53.7587 86.1452 65.146 102.833 59.1354 30.0832 23.6008 55.5428 112.716 61.5224 47.0 69.3542 67.1193 59.5399 85.0 54.5711 83.5983 70.214 81.5567 24.9275 80.3764 43.4166 14.1421 36.4496 85.1587 83.6003 78.7678 78.1025 78.606 41.0644 40.0125 69.5701 12.3693 98.0334 78.0064 87.4428 67.834 75.9335 40.887 51.6624 100.22 97.9135 0.0 51.4198 
44.9823 55.9387 26.6271 12.0416 52.8206 26.0 62.6498 91.8973 58.0007 71.8524 95.0839 67.5838 40.7043 95.3322 39.5142 46.5296 71.8471 90.6382 14.4222 76.9608 68.1634 21.3776 64.3842 10.0499 75.1173 11.7047 12.3693 23.7065 19.4165 74.7456 37.5366 75.1665 81.3837 85.4592 79.3421 44.3847 42.7647 15.0 38.6264 24.1661 101.695 85.4665 76.5532 94.0384 60.3561 28.3019 14.8661 18.868 47.0 52.6972 86.7491 48.5077 44.4885 64.1421 47.4342 1.0 59.2368 59.7746 51.4198 0.0 
DEMAND_SCENARIO_SECTION
0 0 0 0 0 0 0 0 0 0 0 0 0 0 0 0 0 0 0 0 0 0 0 0 0 0 0 0 0 0 0 0 0 0 0 0 0 0 0 0 0 0 0 0 0 0 0 0 0 0 0 0 0 0 0 0 0 0 0 0 0 0 0 0 0 0 0 0 0 0 0 0 0 0 0 0 0 0 0 0 0 0 0 0 0 0 0 0 0 0 0 0 0 0 0 0 0 0 0 0 0 0 0 0 0 0 0 0 0 0 0 0 0 0 0 0 0 0 0 0 0 0 0 0 0 0 0 0 0 0 0 0 0 0 0 0 0 0 0 0 0 0 0 0 0 0 0 0 0 0 0 0 0 0 0 0 0 0 0 0 0 0 0 0 0 0 0 0 0 0 0 0 0 0 0 0 0 0 0 0 0 0 0 0 0 0 0 0 0 0 0 0 0 0 0 0 0 0 0 0 
6 5 8 6 6 4 7 5 5 8 5 4 9 8 6 4 8 9 5 6 3 4 3 7 4 6 5 4 4 8 5 5 7 8 5 5 3 4 3 2 6 9 5 5 4 5 3 5 5 5 8 8 4 4 6 7 2 5 7 6 8 8 4 7 9 5 5 8 6 6 5 9 5 5 4 5 7 2 7 7 8 3 3 5 2 4 8 10 8 6 5 5 3 7 6 4 7 7 4 5 10 4 9 8 9 9 4 8 3 4 6 5 5 6 4 7 5 7 4 6 4 5 7 5 7 7 5 8 7 5 5 4 3 4 3 3 6 5 6 3 4 5 6 4 9 6 9 6 5 7 3 3 2 9 6 4 6 4 6 6 9 8 6 7 8 6 6 4 5 2 5 11 10 5 7 11 7 6 7 7 7 9 7 7 2 6 8 6 4 4 6 7 7 6 7 7 7 6 5 3 
1 2 3 2 3 1 2 1 2 2 1 1 1 3 2 2 1 2 1 2 3 3 3 1 3 1 2 2 2 2 2 3 2 2 2 3 1 1 3 2 2 2 2 2 3 3 2 2 2 2 1 2 1 2 3 2 3 3 2 2 2 2 2 2 2 1 3 2 2 1 3 3 0 3 1 2 1 1 1 1 2 2 0 1 0 2 2 2 3 2 2 1 1 2 2 2 2 1 2 3 2 1 2 1 1 2 2 2 2 2 1 2 2 0 1 3 2 3 1 2 2 2 2 2 1 2 2 2 2 2 1 1 2 4 2 2 2 3 2 1 2 2 3 2 1 2 1 1 2 2 2 2 2 1 3 1 2 3 2 1 2 2 1 2 2 2 1 3 1 2 2 2 2 2 2 2 2 2 1 3 3 2 2 3 2 2 2 2 2 3 2 2 1 2 3 2 1 2 3 2 
2 2 2 1 3 2 2 3 3 3 2 2 2 1 2 2 2 3 2 3 1 2 2 3 2 2 2 2 3 2 2 1 2 2 1 2 2 1 3 2 3 3 2 2 2 2 2 1 2 3 1 1 1 1 2 2 2 2 3 3 0 2 3 1 3 3 2 2 2 2 1 1 2 3 1 1 2 2 2 1 2 2 2 1 3 2 2 1 2 2 3 1 2 2 3 2 2 2 0 2 3 2 2 2 3 3 2 2 3 1 2 3 3 1 1 3 2 2 2 3 3 1 3 2 2 1 2 2 2 2 2 4 2 2 2 2 2 2 2 2 2 1 2 2 1 2 3 1 4 1 2 2 1 2 3 2 2 3 2 2 2 2 2 2 2 2 2 2 3 2 2 3 2 1 2 1 2 2 2 2 3 3 3 2 1 2 2 3 2 3 3 2 2 2 2 3 2 1 3 4 
5 5 3 4 3 4 5 6 4 3 2 5 3 3 5 5 6 3 2 4 6 2 4 6 4 4 2 3 4 6 2 4 3 4 3 5 3 4 3 4 4 4 1 3 5 3 3 3 3 5 4 2 2 3 5 3 3 3 5 5 6 5 4 7 1 6 4 1 5 3 1 4 4 3 6 4 7 6 3 4 5 4 4 4 5 5 3 4 5 5 6 3 5 3 4 2 4 4 5 3 4 5 5 4 3 5 5 5 2 4 4 3 5 2 2 3 4 3 7 5 2 5 5 5 3 8 4 4 4 4 5 5 6 3 2 4 4 6 4 5 4 5 5 6 5 5 6 6 4 4 3 4 6 5 4 4 3 4 3 4 4 3 6 5 4 5 6 5 1 3 2 4 6 4 5 4 3 5 4 3 5 6 4 2 4 4 5 5 3 7 4 4 4 5 5 4 3 4 5 4 
2 2 3 2 2 2 2 2 2 4 2 2 3 3 3 2 2 2 2 1 3 2 3 1 2 2 3 3 2 1 1 3 2 2 0 3 3 1 1 4 2 3 3 0 1 2 3 1 2 2 2 3 1 2 1 2 2 2 2 1 2 2 2 2 2 2 3 3 2 2 2 3 3 2 2 2 2 2 2 2 4 2 2 2 2 1 3 2 2 3 2 2 1 2 2 2 2 3 1 2 2 2 2 1 3 3 3 2 2 3 2 2 1 2 2 1 3 3 2 3 2 2 2 0 2 3 0 3 2 2 2 1 2 2 2 3 2 2 2 2 3 2 2 2 1 2 2 3 2 1 3 2 2 1 2 2 2 2 3 2 1 3 2 3 1 2 2 1 1 3 0 3 3 2 1 1 2 2 1 3 3 2 2 1 2 1 2 1 2 3 2 2 2 2 2 1 3 2 1 1 
4 4 3 4 3 5 4 6 5 4 4 4 5 3 3 5 4 2 6 3 6 4 4 3 5 4 6 4 4 5 5 4 5 5 3 6 3 5 6 2 4 4 3 3 4 5 3 2 3 2 5 4 5 6 3 3 3 3 3 4 3 3 5 2 2 4 4 4 4 4 4 3 4 3 6 7 5 5 2 3 4 4 5 5 5 4 5 5 4 7 3 3 4 2 5 4 4 5 1 4 5 3 4 5 6 5 4 3 1 2 2 5 6 4 3 3 6 3 5 4 3 6 6 4 4 5 3 4 2 5 2 2 4 5 4 4 5 5 4 5 2 4 5 6 5 3 4 2 3 4 3 6 2 4 5 2 4 1 4 5 4 3 5 5 3 3 5 1 2 4 5 2 4 6 7 3 4 5 5 5 3 8 4 4 6 3 4 5 3 3 3 6 4 3 4 4 4 5 5 3 
7 6 9 9 11 10 11 8 8 9 6 7 8 12 12 9 10 6 5 9 9 9 7 13 9 8 10 13 7 12 6 8 9 9 3 7 11 4 7 8 7 6 12 4 3 10 11 7 7 3 12 6 8 6 3 10 5 9 10 8 10 3 9 7 7 7 8 4 7 4 3 5 10 6 8 10 5 9 12 7 8 14 9 10 9 17 7 14 10 6 9 12 12 10 5 4 8 8 6 5 9 8 9 10 10 8 9 6 8 7 6 9 9 9 8 5 6 3 10 6 8 8 9 8 6 10 9 10 7 9 13 2 4 7 12 10 12 4 10 9 5 6 8 11 12 8 11 5 12 5 11 7 7 9 11 4 7 9 10 11 6 8 11 7 6 9 4 11 6 3 12 13 5 5 5 6 6 8 8 3 9 8 4 8 8 9 8 6 8 6 0 11 1 7 11 5 3 9 7 10 
0 0 1 1 1 1 0 1 1 1 1 1 1 0 1 1 1 1 0 1 1 1 1 2 1 1 1 1 1 0 1 1 1 1 1 0 1 1 1 1 1 1 1 0 0 1 1 2 1 1 1 1 1 0 1 2 1 1 1 1 1 1 1 1 1 1 1 1 0 1 1 1 1 0 1 1 1 1 2 1 1 1 1 2 1 1 1 2 1 0 1 1 1 1 1 1 0 1 1 0 1 1 2 1 0 1 2 1 1 1 1 1 2 1 1 1 1 1 1 2 0 1 1 1 1 1 1 1 0 1 1 1 1 1 1 1 1 1 1 1 1 1 1 1 1 1 1 1 1 2 1 1 0 2 1 1 1 2 1 1 1 1 1 1 1 1 1 1 0 1 1 1 1 1 0 1 1 1 1 1 1 1 1 2 1 0 1 0 2 1 1 1 1 1 1 1 1 1 1 1 
7 6 4 9 3 10 10 9 8 6 9 6 10 9 12 9 9 6 7 6 4 8 6 10 9 8 9 6 9 6 8 5 4 8 4 8 8 7 4 6 6 11 10 7 5 8 5 3 6 8 6 6 8 8 7 2 7 6 9 8 8 3 11 7 5 8 5 8 9 10 4 9 4 5 7 2 5 13 6 3 11 8 5 9 8 6 8 6 5 8 6 7 3 4 9 11 7 9 9 7 10 1 4 7 3 7 6 9 5 7 9 9 7 11 8 8 9 7 10 7 3 8 5 12 5 7 7 5 9 5 9 9 4 6 8 8 7 10 7 7 5 12 7 8 6 10 4 7 8 8 6 4 4 9 10 9 9 9 6 6 6 9 2 6 10 7 4 6 9 7 6 3 6 10 6 3 5 7 5 5 7 2 7 8 7 5 10 4 8 7 11 6 7 11 4 6 4 6 11 8 
2 3 3 2 3 2 3 1 1 2 3 3 0 1 2 2 1 1 2 1 1 3 2 3 3 3 1 2 2 1 1 1 2 2 3 2 2 2 2 1 2 2 3 2 2 3 2 2 2 2 2 3 1 1 3 2 1 3 2 2 1 1 1 2 2 2 2 2 3 2 3 2 3 2 2 3 2 1 1 3 2 1 2 2 3 2 3 2 1 3 1 1 3 2 2 1 2 1 2 2 1 2 2 2 2 2 3 2 2 1 2 1 0 2 1 2 3 2 2 1 1 1 2 1 2 3 2 3 2 2 3 1 2 2 2 3 3 2 3 3 2 1 2 1 2 3 1 2 1 1 3 2 1 2 2 2 2 2 1 1 2 2 3 3 1 2 3 3 2 3 1 1 2 3 1 2 1 2 3 1 3 3 2 3 2 2 3 2 2 4 3 3 2 2 2 3 2 2 3 2 
5 7 5 5 6 2 4 7 3 9 7 5 5 5 5 6 6 5 3 7 6 2 7 9 10 9 7 4 5 3 5 8 7 6 5 7 2 6 4 8 5 7 7 6 7 10 4 9 7 10 5 5 8 5 3 6 7 2 7 4 8 5 6 2 6 5 5 7 2 7 5 8 5 6 5 8 9 7 6 5 5 4 6 3 10 4 4 6 6 5 5 8 7 8 5 4 5 2 7 6 10 7 8 8 3 5 6 7 5 4 10 6 5 6 6 7 7 5 13 5 9 4 9 8 7 8 8 5 7 6 5 7 6 5 6 6 8 8 3 2 5 4 9 5 9 4 6 7 6 6 5 5 8 9 10 8 9 7 5 7 6 4 7 6 7 5 7 8 7 6 6 6 5 7 8 5 9 9 8 7 3 7 7 4 4 1 7 7 7 5 4 5 4 3 8 5 8 11 5 5 
1 1 2 3 2 2 2 2 3 2 2 3 1 3 4 2 2 2 2 2 2 3 2 3 1 2 2 3 2 1 2 3 2 3 3 1 3 3 1 1 1 1 2 2 1 2 2 2 2 3 3 1 2 1 2 2 1 2 0 0 3 2 1 2 3 2 2 1 1 2 3 2 2 3 3 1 2 2 2 2 1 3 2 2 2 2 3 2 2 3 2 2 1 2 1 2 2 2 3 2 2 2 2 3 1 2 3 3 2 4 2 2 2 3 2 2 2 2 2 2 2 3 2 3 2 3 3 1 2 3 2 2 2 2 3 1 2 3 3 1 3 2 3 3 1 2 2 1 3 1 3 1 2 0 2 2 1 2 2 1 2 2 2 3 2 2 2 3 2 2 2 2 2 2 2 2 1 2 2 3 2 3 0 2 2 2 2 3 3 3 1 0 1 3 2 2 2 1 3 2 
6 5 7 5 8 12 7 8 9 8 11 6 9 12 7 6 7 9 3 5 3 9 10 6 5 2 6 8 10 11 6 11 5 6 8 9 4 4 7 7 12 9 8 8 5 7 5 11 7 6 9 5 8 5 7 7 3 7 6 7 1 3 7 8 9 8 9 5 9 9 8 7 7 8 3 6 6 4 7 9 11 6 7 8 4 8 7 7 5 9 9 3 11 6 8 9 5 9 4 6 9 8 6 8 9 4 4 9 4 6 6 5 13 10 9 7 9 8 12 8 3 7 8 6 5 6 3 2 5 6 7 9 11 4 8 8 2 8 6 4 5 7 9 8 4 8 3 8 3 3 8 5 6 13 11 9 6 12 8 7 10 11 4 14 10 7 8 9 4 10 8 10 4 11 5 4 10 6 3 6 4 5 6 4 9 8 5 6 3 5 9 10 6 5 10 2 7 8 7 5 
6 3 4 5 7 7 3 4 7 5 6 5 5 4 9 5 8 4 6 4 5 6 5 6 3 7 8 5 6 5 6 6 7 5 5 5 6 6 5 4 8 3 7 6 6 6 7 7 4 8 8 5 8 10 9 4 6 5 4 6 3 7 8 9 7 9 7 9 4 5 2 5 10 2 3 2 6 7 5 6 8 7 7 6 7 8 6 10 5 5 7 7 7 6 5 8 6 7 6 5 8 6 8 8 2 6 6 6 8 8 4 6 6 3 1 3 7 4 7 3 8 5 8 6 8 8 4 6 7 7 7 5 5 7 5 6 7 5 8 12 6 5 7 4 9 7 0 8 4 7 5 8 9 5 5 8 6 8 4 8 7 7 5 3 5 5 8 4 9 7 7 9 8 6 6 7 6 6 5 6 7 8 7 4 7 4 4 4 7 6 10 8 8 5 6 7 4 6 7 4 
3 3 2 2 3 2 1 2 1 2 2 2 2 2 2 1 2 3 1 3 1 2 3 4 3 2 2 2 1 3 3 2 2 2 2 2 2 2 1 3 2 2 2 2 3 2 2 2 1 2 1 1 3 2 2 1 1 2 2 1 1 1 3 3 3 2 2 1 1 2 2 3 3 1 2 2 1 2 2 2 3 2 1 2 2 2 1 3 1 3 1 3 3 3 2 1 3 2 1 3 3 1 1 1 2 2 3 2 1 2 2 3 3 1 2 2 3 2 2 2 1 2 1 2 2 1 2 3 3 3 1 3 2 1 2 2 2 3 2 2 2 1 3 2 3 2 3 2 3 2 2 2 3 2 2 2 3 2 3 3 2 2 1 3 2 2 1 2 2 1 2 2 1 2 2 3 2 1 1 1 2 2 1 3 1 3 1 2 2 2 2 1 1 2 2 2 2 2 3 2 
1 1 1 1 0 1 1 1 2 1 1 1 1 1 1 0 1 1 1 1 1 0 1 1 1 1 1 1 1 1 1 1 1 1 1 1 1 1 1 1 1 2 1 1 1 1 1 2 1 2 1 1 1 1 1 1 1 1 1 1 0 0 2 1 1 1 1 1 1 1 1 1 1 1 1 1 1 1 1 1 1 1 1 1 1 0 1 1 1 1 0 1 1 1 1 1 1 1 2 1 1 1 0 1 1 1 1 1 1 1 2 1 1 1 1 1 1 2 2 1 1 1 1 1 1 1 1 1 1 0 1 1 1 2 1 0 1 1 1 1 0 1 2 2 1 1 1 1 1 1 1 1 1 1 1 1 1 1 1 1 1 0 1 1 1 1 1 2 1 1 0 0 1 1 1 1 1 1 1 1 1 1 1 1 2 1 1 1 0 0 1 1 1 1 1 1 1 1 1 2 
3 2 3 3 3 3 2 5 4 2 5 4 4 2 5 2 4 2 4 3 3 3 4 3 2 3 4 3 3 1 3 4 3 2 5 5 2 3 2 3 2 1 3 2 4 2 3 4 5 4 3 2 3 4 4 3 3 3 2 5 4 4 1 4 2 4 4 2 4 4 0 3 3 3 2 3 3 5 4 2 3 2 1 4 1 2 4 4 3 3 2 2 4 1 3 4 2 3 4 2 3 3 4 3 3 3 4 3 3 3 2 3 3 0 4 3 3 2 4 3 4 3 3 4 3 3 3 2 3 2 3 3 3 2 3 3 1 4 2 2 3 4 3 3 3 3 4 3 3 2 3 2 3 2 2 2 1 3 3 2 2 5 2 4 1 4 3 2 3 4 3 3 4 3 4 3 2 3 2 5 4 3 2 2 4 3 4 3 2 3 4 3 4 1 5 3 3 2 4 2 
8 9 8 9 9 7 9 8 5 10 8 9 9 7 7 7 8 6 7 10 5 5 4 1 13 6 9 7 9 6 8 8 5 8 7 3 9 5 8 13 10 7 9 5 5 5 9 8 10 6 8 9 8 9 9 16 9 9 12 8 11 6 6 3 3 9 8 5 9 6 6 11 6 7 9 10 3 6 11 7 6 3 12 10 5 12 15 7 8 5 12 6 6 7 8 8 6 7 5 5 11 8 7 6 12 7 7 10 12 7 9 9 8 10 5 7 7 7 8 6 6 8 13 6 6 11 8 5 12 7 8 7 8 12 8 9 8 11 8 14 1 11 4 5 5 5 8 7 7 9 10 8 12 9 12 1 8 6 10 7 7 11 7 7 7 10 6 10 5 7 7 11 12 6 4 10 9 5 8 12 6 12 13 10 8 10 7 8 5 6 9 6 11 11 3 8 11 11 9 14 
6 5 5 7 4 6 3 4 6 6 6 2 8 7 5 3 6 0 2 6 4 3 5 3 6 3 9 5 5 3 5 4 7 5 7 4 5 7 6 5 4 6 5 5 7 5 6 4 0 5 4 6 3 4 4 7 8 6 4 4 5 5 7 3 8 2 8 6 5 5 4 8 3 6 8 8 2 5 5 4 5 5 7 8 5 4 3 2 7 5 5 3 4 5 2 3 3 8 4 4 3 4 7 6 5 5 1 5 4 3 6 8 6 5 7 5 3 6 5 8 5 3 2 6 5 2 5 6 5 7 4 7 6 8 5 3 7 7 7 7 2 3 5 11 5 4 6 8 4 7 5 3 4 5 5 4 7 8 4 4 4 5 5 2 5 5 3 5 6 8 8 4 7 6 4 5 6 5 5 4 5 4 6 4 7 5 5 3 1 6 4 2 5 4 7 6 3 4 5 5 
9 12 7 8 9 10 10 7 9 7 9 12 5 9 4 7 7 9 13 6 4 11 9 10 8 10 11 9 4 8 9 7 2 3 3 0 6 12 8 11 7 4 12 10 7 8 9 7 6 10 7 10 10 13 11 9 11 6 6 8 3 7 8 5 10 6 9 4 9 11 9 8 10 9 9 11 7 5 6 8 6 5 5 8 15 9 10 4 8 9 8 9 11 7 8 5 6 11 6 8 7 11 9 8 6 6 7 15 6 8 7 8 12 8 12 10 11 10 3 7 12 8 9 3 7 7 7 6 4 4 8 14 4 8 9 9 9 7 12 4 6 7 2 9 9 10 5 7 3 10 12 7 6 7 10 12 13 8 10 9 8 8 9 9 8 8 7 13 10 4 11 8 4 12 14 10 13 9 10 7 11 8 11 9 5 7 8 12 5 7 6 4 12 10 13 8 7 8 10 7 
2 3 4 2 2 4 2 6 4 3 4 4 3 4 4 3 4 5 1 3 3 2 1 3 2 3 3 4 5 4 2 2 4 1 4 4 2 4 4 2 4 3 4 2 5 2 3 3 4 4 3 3 3 3 2 4 3 3 2 2 3 3 2 1 2 2 2 4 3 2 3 4 2 3 3 4 3 4 3 3 3 2 2 0 3 3 2 4 5 2 2 1 2 5 3 4 4 1 3 1 3 3 3 3 4 2 2 3 3 2 1 2 3 3 3 3 5 3 2 3 2 2 1 4 0 4 1 2 4 1 3 4 3 3 3 3 2 3 4 2 2 4 4 2 4 2 5 3 4 3 4 4 2 4 3 2 4 1 4 1 3 5 4 3 3 4 2 2 2 0 3 4 3 4 3 3 2 2 3 3 3 1 2 4 3 2 1 4 2 3 2 2 4 3 2 2 4 2 5 1 
13 8 9 9 7 10 13 6 7 8 8 6 11 7 8 6 15 6 7 10 4 6 10 7 11 6 8 10 10 12 5 12 6 12 4 10 7 12 13 9 7 10 7 6 10 9 9 11 10 7 5 9 9 8 8 8 10 4 7 9 7 4 10 7 4 8 5 9 11 6 10 8 6 5 5 11 8 10 7 8 10 11 8 3 11 5 8 10 11 6 6 10 15 9 7 11 6 9 14 6 7 6 5 11 8 9 9 8 6 4 6 5 11 3 0 12 8 4 9 5 9 9 5 14 9 7 5 13 11 9 7 6 7 8 7 8 12 2 10 8 2 7 6 5 9 6 8 8 10 11 4 9 8 9 11 11 7 7 5 4 11 10 7 7 8 13 11 11 7 13 7 8 9 5 4 12 8 6 10 5 3 7 8 5 3 7 6 10 7 15 9 5 6 9 7 7 8 8 8 8 
1 1 0 1 1 1 1 1 1 2 1 1 1 0 1 1 1 1 1 1 1 1 1 1 1 1 1 1 1 1 1 1 1 1 1 2 1 1 1 1 1 1 1 1 2 1 1 1 1 1 1 1 1 1 1 2 1 1 1 1 1 1 1 1 1 1 1 1 1 1 0 0 1 1 1 1 1 1 1 0 1 1 1 1 1 1 1 1 1 1 1 1 1 1 1 1 1 1 1 1 1 1 1 1 1 1 1 1 1 1 1 1 1 1 1 1 1 1 1 2 1 2 1 1 1 1 1 2 1 1 1 1 1 1 0 1 1 1 0 1 1 1 1 1 2 1 1 2 1 1 1 1 0 2 1 1 1 1 1 1 1 1 1 1 1 1 1 1 1 1 1 1 1 1 1 1 1 1 1 1 1 1 1 0 2 2 1 1 1 0 0 1 1 1 1 1 1 1 0 1 
