NAME  : Jabali_60_2_0.95_1_3
TYPE : SVRP
MODEL : FINITE_SUPPORT
NUMBER_OF_SCENARIOS : 200
DIMENSION : 60
EDGE_WEIGHT_TYPE : MATRIX
CAPACITY : 148
N_VEHICLES : 2
NODE_COORD_SECTION
1 4329 5024
2 2206 5736
3 4192 2807
4 8782 4752
5 4600 1826
6 3039 6087
7 3419 292
8 7510 4162
9 5468 1918
10 3826 4944
11 6168 9616
12 3531 5911
13 7241 5645
14 7656 3220
15 7409 6667
16 6712 7742
17 8391 4937
18 7844 3679
19 6656 4022
20 898 5357
21 2794 2815
22 2508 4430
23 8595 5170
24 1990 5010
25 3716 4709
26 27 5862
27 8330 5284
28 8138 3038
29 5067 1982
30 5752 8308
31 2726 2462
32 6980 5695
33 4888 2777
34 3089 7487
35 4413 3838
36 2585 2449
37 4042 8166
38 6200 1998
39 1542 6196
40 4075 3719
41 2010 3841
42 3049 3866
43 3821 8502
44 6484 9226
45 8443 2974
46 7856 6377
47 7078 6044
48 1065 5332
49 4403 7664
50 5059 4254
51 2449 1662
52 3934 18
53 4922 4581
54 2294 4404
55 5159 6076
56 5472 5480
57 1975 4299
58 2255 5861
59 4851 1414
60 4292 6400
DEMAND_SECTION
1 0.0
2 10.0
3 2.0
4 9.0
5 7.0
6 2.0
7 8.0
8 8.0
9 9.0
10 9.0
11 3.0
12 9.0
13 3.0
14 10.0
15 1.0
16 2.0
17 3.0
18 6.0
19 5.0
20 1.0
21 1.0
22 6.0
23 4.0
24 1.0
25 2.0
26 1.0
27 4.0
28 3.0
29 4.0
30 3.0
31 3.0
32 1.0
33 4.0
34 10.0
35 10.0
36 4.0
37 10.0
38 5.0
39 1.0
40 10.0
41 4.0
42 1.0
43 2.0
44 6.0
45 5.0
46 7.0
47 6.0
48 4.0
49 3.0
50 5.0
51 2.0
52 9.0
53 8.0
54 2.0
55 2.0
56 6.0
57 7.0
58 2.0
59 4.0
60 3.0
DEVIATION_SECTION
1 0.0
2 3.33333
3 0.666667
4 3.0
5 2.33333
6 0.666667
7 2.66667
8 2.66667
9 3.0
10 3.0
11 1.0
12 3.0
13 1.0
14 3.33333
15 0.333333
16 0.666667
17 1.0
18 2.0
19 1.66667
20 0.333333
21 0.333333
22 2.0
23 1.33333
24 0.333333
25 0.666667
26 0.333333
27 1.33333
28 1.0
29 1.33333
30 1.0
31 1.0
32 0.333333
33 1.33333
34 3.33333
35 3.33333
36 1.33333
37 3.33333
38 1.66667
39 0.333333
40 3.33333
41 1.33333
42 0.333333
43 0.666667
44 2.0
45 1.66667
46 2.33333
47 2.0
48 1.33333
49 1.0
50 1.66667
51 0.666667
52 3.0
53 2.66667
54 0.666667
55 0.666667
56 2.0
57 2.33333
58 0.666667
59 1.33333
60 1.0
DISTANCE_MATRIX
0.0 33.5888 34.886 59.3633 47.0858 28.6579 72.1877 44.2222 45.8216 6.32456 68.3137 22.7957 41.4849 56.57 49.0102 50.9215 59.9333 51.4736 38.4893 46.4642 36.4665 26.6833 55.9464 31.6769 8.0 60.1023 55.4617 60.5034 44.7206 50.0 40.607 39.0512 33.7241 39.0731 20.6508 41.4459 46.4902 48.3713 43.4258 27.2199 35.1283 23.3452 50.3655 65.4599 63.3505 52.469 41.4367 45.0505 41.1115 13.8704 51.7761 73.6773 9.89949 28.8617 19.6977 18.0278 32.9848 32.597 52.0513 20.68 
33.5888 0.0 45.2788 87.8436 60.0083 12.53 75.5844 74.6308 65.6879 27.3049 73.7631 19.799 67.2309 89.7631 71.1688 66.3131 87.1414 84.6667 71.6824 18.6815 40.8534 18.7883 83.7922 11.4018 26.7547 30.2324 82.7302 93.6965 61.7567 58.4209 44.7772 64.4981 52.5369 24.1868 41.443 45.1885 38.2753 73.1067 10.2956 37.5237 26.2488 27.4591 40.2492 73.3485 96.5436 76.1577 65.7419 17.4642 36.2215 47.0635 55.4707 80.2808 43.0926 18.868 39.0 43.3349 20.5183 1.0 66.0076 27.6586 
34.886 45.2788 0.0 65.7647 15.1327 42.8854 37.4833 47.676 20.6155 30.701 94.2977 51.7192 56.0892 45.714 67.3573 74.0945 69.1158 49.746 36.1248 54.231 19.3132 30.0832 64.195 39.8497 27.9407 68.0294 65.0308 51.8845 16.4924 75.9184 21.3776 54.5711 8.60233 63.2696 16.6433 22.3607 75.4138 28.6007 54.5894 14.8661 32.0156 19.6977 79.2891 90.8445 55.0727 68.6586 58.2409 52.9245 70.035 21.9545 29.2746 39.6611 25.0 31.7805 44.8398 39.1152 34.4819 44.2788 21.095 49.6036 
59.3633 87.8436 65.7647 0.0 67.1863 75.3427 92.5743 18.1108 57.7062 65.5134 75.06 69.4804 23.2594 24.3516 31.0161 49.0408 7.2111 18.6815 29.8329 105.662 84.7231 85.2837 5.09902 90.8743 66.3393 118.06 8.0 23.6008 61.2944 62.8013 87.1321 25.9422 58.2151 85.0928 60.9724 88.1192 75.217 49.7293 97.1395 64.7308 92.1879 78.3273 79.7057 69.1158 24.0416 25.0799 27.5136 104.248 68.2612 50.5782 94.1913 89.9889 51.4782 87.5083 51.225 44.5533 91.6046 87.3316 67.897 63.8905 
47.0858 60.0083 15.1327 67.1863 0.0 57.6227 26.8328 49.5007 10.7703 45.4383 106.301 63.919 62.8029 44.1022 75.9205 84.5752 71.8471 49.0 39.8497 67.72 27.2029 43.9318 66.7534 53.9351 42.678 81.2712 68.2495 48.8365 6.08276 87.9659 26.8701 62.3394 13.4536 80.1964 31.0161 27.5862 87.6136 20.6155 69.2604 29.8329 43.8634 33.541 91.4888 102.552 51.4198 75.2767 66.5703 66.4831 83.4087 33.4215 29.1548 26.9072 37.2022 45.3542 57.0088 50.2096 47.4342 59.0085 6.0 61.8033 
28.6579 12.53 42.8854 75.3427 57.6227 0.0 74.7806 62.1299 63.2944 24.634 65.3911 8.544 54.7083 74.4178 58.8218 55.0 74.6405 69.3213 56.337 31.0161 41.2565 21.9545 71.2913 20.025 24.0838 42.72 70.2293 78.3512 59.3632 48.7678 45.4692 51.9711 49.866 20.5913 38.7721 46.1033 31.4006 70.4358 21.9317 34.8528 31.305 26.492 34.6554 64.195 81.1982 63.6946 53.2259 29.7321 26.9258 36.4668 56.7318 78.9135 32.3456 23.2594 26.5707 30.834 26.5707 12.083 63.6201 16.0 
72.1877 75.5844 37.4833 92.5743 26.8328 74.7806 0.0 78.8723 34.9285 63.1869 131.599 73.4925 89.5831 68.593 102.701 110.802 97.8459 73.9797 66.4831 77.1622 34.9285 57.0088 92.798 66.4906 60.4266 89.0225 94.4738 72.0625 31.9531 113.22 31.4006 89.1196 39.6611 95.1648 53.9073 31.257 106.28 43.1856 82.9759 51.4004 52.345 48.4665 110.156 128.144 74.0 102.057 93.3505 76.2365 100.902 58.8982 23.1948 7.2111 62.2896 57.4891 82.1415 76.0592 57.7062 74.6324 24.7386 86.9053 
44.2222 74.6308 47.676 18.1108 49.5007 62.1299 78.8723 0.0 43.9544 50.2296 75.9605 56.2677 20.6155 12.3818 33.6155 49.6488 22.3607 7.28538 12.083 90.3613 66.7083 70.596 17.2627 75.4685 51.0389 103.999 18.9737 16.3152 43.8104 60.531 69.0507 21.8403 40.1123 72.8014 45.4481 70.0357 68.6069 36.4038 83.9268 48.8518 75.4092 61.4174 73.0967 70.5195 19.1623 30.4795 25.632 88.9475 61.6511 35.0539 76.1052 76.538 36.0603 72.5751 40.4969 32.2025 75.9728 74.1188 54.1525 52.3259 
45.8216 65.6879 20.6155 57.7062 10.7703 63.2944 34.9285 43.9544 0.0 51.7585 104.161 62.6548 55.7584 34.0147 68.8858 81.8414 62.9281 39.2046 32.249 74.8465 36.7696 50.6952 57.8802 60.407 48.3498 88.6397 59.8647 38.3275 5.0 85.8836 37.0135 55.3047 14.0357 78.9322 33.0151 37.8021 86.3494 9.84886 75.0154 33.1361 52.1536 40.3113 90.2246 100.305 40.7922 68.0955 59.5356 73.5391 81.5814 31.9531 39.9249 33.1059 36.0555 52.3927 55.2289 47.9673 55.0091 64.6879 10.198 60.5391 
6.32456 27.3049 30.701 65.5134 45.4383 24.634 63.1869 50.2296 51.7585 0.0 72.6009 27.0316 47.8017 62.5069 55.0818 56.0446 66.2118 57.4105 44.4262 40.1803 31.9061 20.3961 62.1772 25.393 2.82843 53.8184 61.7414 66.4403 47.1789 54.289 36.0555 45.3542 39.6611 43.309 26.5877 36.8917 50.7262 54.3083 37.1418 22.6684 29.0172 18.0278 54.6014 69.7939 69.2874 58.6941 47.676 38.7666 45.3474 19.8074 47.2246 66.9769 15.8364 22.561 24.7386 24.1868 26.6833 26.3131 51.4357 24.9159 
68.3137 73.7631 94.2977 75.06 106.301 65.3911 131.599 75.9605 104.161 72.6009 0.0 67.6069 55.5428 87.8071 44.1814 26.4764 69.0072 82.7103 75.3451 90.2552 104.297 87.2388 70.1142 84.4334 75.1991 96.0469 67.0671 91.6788 103.322 18.3848 108.437 54.1202 92.8493 50.636 80.0625 109.276 35.6931 103.45 76.7919 94.9305 96.6644 90.6286 35.0571 6.08276 94.1488 50.01 50.448 89.4427 38.4838 72.9178 119.606 133.056 69.3109 88.6397 49.4975 56.2228 91.9239 74.0405 110.895 52.9614 
22.7957 19.799 51.7192 69.4804 63.919 8.544 73.4925 56.2677 62.6548 27.0316 67.6069 0.0 48.8806 68.5555 53.9387 52.6118 68.7782 63.4591 50.4748 37.2156 39.9684 22.2036 65.429 24.0416 29.6298 49.8197 64.3671 72.4889 61.5538 49.295 44.1811 46.1655 50.5573 26.9258 37.484 44.8152 34.9701 65.0782 29.8329 49.4806 31.582 25.2039 38.8454 64.7999 75.336 58.3391 47.6338 35.8469 29.5914 30.6046 55.4437 77.6254 26.4833 24.0832 22.0227 24.9718 28.0179 19.105 68.8845 15.2643 
41.4849 67.2309 56.0892 23.2594 62.8029 54.7083 89.5831 20.6155 55.7584 47.8017 55.5428 48.8806 0.0 32.3063 13.4536 29.1204 20.5183 27.2029 23.6008 85.4696 73.1095 68.1542 18.3576 73.0344 49.2443 97.4166 16.4012 36.1386 57.7421 41.0 76.3217 2.82843 51.2271 61.9174 46.0977 77.3175 51.973 51.9056 76.2758 50.0899 76.2955 63.4346 56.4628 50.0 38.6394 12.6491 5.09902 84.1387 45.0172 36.0 85.3288 88.6848 35.2278 70.342 29.0689 24.1661 74.4648 66.7308 65.3781 41.7732 
56.57 89.7631 45.714 24.3516 44.1022 74.4178 68.593 12.3818 34.0147 62.5069 87.8071 68.5555 32.3063 0.0 44.9966 61.4211 30.4138 5.83095 23.6417 102.122 65.0078 71.9192 25.5539 87.7458 63.3163 116.277 28.0179 7.2111 38.0526 72.6072 66.7308 33.7348 37.3363 85.1347 48.47 67.6757 80.9156 25.4951 99.6001 50.8564 76.1639 62.4989 85.4054 82.3017 10.8167 41.4005 37.3798 100.716 73.9598 44.0644 72.3671 65.7343 48.3376 73.8982 53.3456 44.7323 77.296 88.7713 44.1022 64.7952 
49.0102 71.1688 67.3573 31.0161 75.9205 58.8218 102.701 33.6155 68.8858 55.0818 44.1814 53.9387 13.4536 44.9966 0.0 18.0278 25.4951 39.8121 36.8782 89.8109 83.1865 75.326 26.0 77.8781 57.0088 100.722 23.0217 48.4665 70.8597 32.28 86.6833 13.6015 63.0254 58.7158 55.4437 87.6641 48.2701 65.1174 79.2023 59.4138 84.0952 72.0625 52.2015 38.3275 50.5964 6.7082 9.43398 88.5438 41.8156 46.0977 96.3016 101.807 44.4072 77.4145 32.28 31.0 81.4985 70.8378 78.4957 43.8634 
50.9215 66.3131 74.0945 49.0408 84.5752 55.0 110.802 49.6488 81.8414 56.0446 26.4764 52.6118 29.1204 61.4211 18.0278 0.0 43.4166 56.3205 49.93 84.7191 87.3856 74.8131 44.0114 75.0067 58.5235 93.8616 41.0488 65.2534 81.4497 15.2643 91.5261 27.8568 71.218 48.4665 60.0508 92.365 35.5106 78.074 72.5672 64.0098 84.193 74.0405 38.4187 20.8806 67.6831 24.3311 24.0416 83.6071 31.6228 52.1536 101.737 111.479 49.2443 76.6551 31.3209 34.9857 80.5047 66.1949 89.0225 39.0 
59.9333 87.1414 69.1158 7.2111 71.8471 74.6405 97.8459 22.3607 62.9281 66.2118 69.0072 68.7782 20.5183 30.4138 25.4951 43.4166 0.0 24.5967 33.0151 105.367 87.7042 86.176 5.09902 91.6013 67.2309 117.358 4.47214 30.4795 66.1567 57.7235 90.3549 23.3452 62.0081 81.6405 62.6418 91.351 71.6938 55.3624 96.4002 66.4831 93.9616 80.1113 76.0592 63.0 31.1448 19.105 23.8537 104.036 64.7403 52.2015 98.0 95.5092 52.5547 88.4005 49.5177 43.8292 92.4969 86.6294 73.1261 62.2415 
51.4736 84.6667 49.746 18.6815 49.0 69.3213 73.9797 7.28538 39.2046 57.4105 82.7103 63.4591 27.2029 5.83095 39.8121 56.3205 24.5967 0.0 18.5453 97.5422 69.0399 76.686 19.7231 82.6494 58.2198 111.18 22.2036 9.05539 43.0116 67.4759 70.7794 28.6356 41.373 80.0383 52.5554 71.7291 75.8192 31.0483 91.1182 54.9418 81.383 67.5073 80.309 77.201 12.0416 36.0555 32.28 96.1284 68.8634 42.2348 76.7919 71.3092 43.2412 78.665 47.7809 39.4643 82.0628 83.6749 49.366 59.6987 
38.4893 71.6824 36.1248 29.8329 39.8497 56.337 66.4831 12.083 32.249 44.4262 75.3451 50.4748 23.6008 23.6417 36.8782 49.93 33.0151 18.5453 0.0 84.5578 54.9181 58.6386 28.0713 69.665 45.2355 98.1958 29.0172 27.5752 34.5398 58.6047 57.4282 23.3452 29.0689 67.054 39.6447 58.4209 64.8107 28.3146 78.1339 36.8943 63.4518 49.4599 69.3004 70.3562 30.4222 35.8469 27.5862 83.1441 57.8548 29.2504 65.0077 65.2993 30.2568 60.6176 35.2649 26.6516 64.0154 70.6906 42.0476 46.7144 
46.4642 18.6815 54.231 105.662 67.72 31.0161 77.1622 90.3613 74.8465 40.1803 90.2552 37.2156 85.4696 102.122 89.8109 84.7191 105.367 97.5422 84.5578 0.0 43.1045 24.1661 102.018 15.0 39.6301 13.8924 100.956 106.055 70.5762 76.0263 46.0 82.7545 61.7171 39.6232 50.6363 46.0109 54.5894 82.2982 13.6015 46.717 25.02 34.5398 55.5428 90.4489 108.902 94.7048 84.1724 1.41421 54.0093 59.939 54.5894 83.006 55.9681 22.4722 57.5847 61.5607 20.3961 18.9737 73.4983 46.3249 
36.4665 40.8534 19.3132 84.7231 27.2029 41.2565 34.9285 66.7083 36.7696 31.9061 104.297 39.9684 73.1095 65.0078 83.1865 87.3856 87.7042 69.0399 54.9181 43.1045 0.0 22.1359 82.8734 31.5753 29.1548 55.9017 83.5331 71.1126 31.8277 85.9847 4.24264 71.2531 27.7308 61.6117 27.8927 5.0 72.4907 46.0977 48.0521 24.0416 18.1108 14.8661 75.8861 101.49 74.2428 85.3756 74.5453 42.0476 67.3776 37.2156 15.5563 40.1995 38.833 22.561 56.1193 53.025 23.0217 39.9249 32.249 56.6116 
26.6833 18.7883 30.0832 85.2837 43.9318 21.9545 57.0088 70.596 50.6952 20.3961 87.2388 22.2036 68.1542 71.9192 75.326 74.8131 86.176 76.686 58.6386 24.1661 22.1359 0.0 82.03 10.0499 18.9737 38.0132 81.7155 78.1598 46.4866 70.53 26.0 65.7343 37.5899 41.0122 26.5877 26.4008 53.2541 58.1808 26.1725 22.6684 9.48683 10.4403 56.2228 85.9612 81.4504 79.0759 68.0661 22.8473 48.7554 39.5612 36.7151 61.9839 35.5902 2.23607 44.0646 44.5533 6.32456 17.8885 49.8197 36.6879 
55.9464 83.7922 64.195 5.09902 66.7534 71.2913 92.798 17.2627 57.8802 62.1772 70.1142 65.429 18.3576 25.5539 26.0 44.0114 5.09902 19.7231 28.0713 102.018 82.8734 82.03 0.0 87.568 63.0855 114.009 3.16228 26.1725 61.063 57.7062 85.4751 21.095 57.0 80.7647 58.1893 86.4696 70.2517 50.3289 93.0881 61.9839 89.4493 75.5991 74.7329 64.195 27.2029 20.2237 22.4722 100.687 63.2959 47.7598 93.0054 90.4638 48.3322 84.2545 46.7547 40.4599 88.3509 83.2802 68.0782 59.4643 
31.6769 11.4018 39.8497 90.8743 53.9351 20.025 66.4906 75.4685 60.407 25.393 84.4334 24.0416 73.0344 87.7458 77.8781 75.0067 91.6013 82.6494 69.665 15.0 31.5753 10.0499 87.568 0.0 24.8395 28.8444 87.1304 87.5074 56.3205 68.4471 35.171 70.1386 47.0106 35.5106 35.9353 35.4401 49.2443 67.5989 16.4924 32.0159 15.2643 20.3961 51.4782 83.678 90.7979 82.3122 71.6069 13.6015 46.3249 45.0462 45.31 71.7008 41.1807 9.05539 45.7056 48.9449 9.43398 10.8167 59.8415 36.0139 
8.0 26.7547 27.9407 66.3393 42.678 24.0838 60.4266 51.0389 48.3498 2.82843 75.1991 29.6298 49.2443 63.3163 57.0088 58.5235 67.2309 58.2198 45.2355 39.6301 29.1548 18.9737 63.0855 24.8395 0.0 53.2682 62.7694 67.2497 44.4186 56.8872 33.2952 46.8722 34.9213 44.468 23.8274 34.1341 53.3243 55.4911 36.5917 19.9081 27.1662 15.5242 57.1996 72.3921 70.0967 60.407 49.366 38.2164 47.9456 20.6167 44.4643 64.2166 16.6458 21.1896 27.2029 26.0192 25.2982 25.7629 48.6754 27.5141 
60.1023 30.2324 68.0294 118.06 81.2712 42.72 89.0225 103.999 88.6397 53.8184 96.0469 49.8197 97.4166 116.277 100.722 93.8616 117.358 111.18 98.1958 13.8924 55.9017 38.0132 114.009 28.8444 53.2682 0.0 112.947 120.21 84.309 83.6002 58.4209 94.6678 75.591 46.2709 64.5201 58.3095 61.131 96.1769 21.5407 60.6008 37.855 48.3322 61.0082 97.0464 123.057 105.991 95.7706 15.2643 62.3699 73.577 66.0076 95.1893 69.6061 36.2491 68.884 73.5516 33.8378 30.8058 86.977 56.8595 
55.4617 82.7302 65.0308 8.0 68.2495 70.2293 94.4738 18.9737 59.8647 61.7414 67.0671 64.3671 16.4012 28.0179 23.0217 41.0488 4.47214 22.2036 29.0172 100.956 83.5331 81.7155 3.16228 87.1304 62.7694 112.947 0.0 29.0689 62.5917 54.9181 86.209 19.2094 58.0775 79.3817 58.2409 87.2067 68.0063 52.4769 92.0054 62.0967 89.5774 75.7272 72.45 61.131 30.2324 17.1172 20.1246 99.6252 61.0505 47.8017 94.0213 92.6111 48.1041 83.94 45.2548 39.4081 88.0364 82.2182 69.833 57.9828 
60.5034 93.6965 51.8845 23.6008 48.8365 78.3512 72.0625 16.3152 38.3275 66.4403 91.6788 72.4889 36.1386 7.2111 48.4665 65.2534 30.4795 9.05539 27.5752 106.055 71.1126 78.1598 26.1725 87.5074 67.2497 120.21 29.0689 0.0 42.7551 76.531 72.6154 37.6563 43.382 89.0681 54.7106 73.5391 84.849 29.0172 103.534 57.097 82.4045 68.7395 89.3388 86.1278 3.60555 44.2945 41.2311 104.649 77.8932 50.305 77.6209 68.593 52.271 80.1389 57.279 48.6657 83.5366 92.7047 48.0937 68.7286 
44.7206 61.7567 16.4924 61.2944 6.08276 59.3632 31.9531 43.8104 5.0 47.1789 103.322 61.5538 57.7421 38.0526 70.8597 81.4497 66.1567 43.0116 34.5398 70.5762 31.8277 46.4866 61.063 56.3205 44.4186 84.309 62.5917 42.7551 0.0 85.0447 32.0156 57.2786 11.4018 77.8312 30.4138 32.8024 85.2484 14.7648 71.0842 30.0167 47.5079 36.0555 89.1237 99.4665 45.3542 70.214 61.5095 69.2892 80.7415 30.8869 35.1141 31.0644 34.8855 48.1041 54.3783 47.1284 50.5668 60.7567 7.81025 59.4382 
50.0 58.4209 75.9184 62.8013 87.9659 48.7678 113.22 60.531 85.8836 54.289 18.3848 49.295 41.0 72.6072 32.28 15.2643 57.7235 67.4759 58.6047 76.0263 85.9847 70.53 57.7062 68.4471 56.8872 83.6002 54.9181 76.531 85.0447 0.0 90.1251 39.0512 74.5185 37.3363 61.6832 90.964 22.8035 86.7095 63.0317 76.5104 79.9569 72.3167 24.5967 15.6525 79.3095 38.8973 36.0139 75.06 22.2036 54.5619 101.294 114.691 50.9313 71.943 31.1127 38.0132 75.3275 58.5491 92.6175 34.6495 
40.607 44.7772 21.3776 87.1321 26.8701 45.4692 31.4006 69.0507 37.0135 36.0555 108.437 44.1811 76.3217 66.7308 86.6833 91.5261 90.3549 70.7794 57.4282 46.0 4.24264 26.0 85.4751 35.171 33.2952 58.4209 86.209 72.6154 32.0156 90.1251 0.0 74.5453 29.4109 65.8027 31.6228 1.0 76.7034 46.6154 51.6624 27.8568 21.0238 19.105 80.0989 105.62 75.6439 88.6848 77.9295 45.0111 71.5903 40.6079 11.3137 37.0135 42.45 26.2488 60.2597 56.6807 26.3059 43.8634 31.4006 60.7521 
39.0512 64.4981 54.5711 25.9422 62.3394 51.9711 89.1196 21.8403 55.3047 45.3542 54.1202 46.1655 2.82843 33.7348 13.6015 27.8568 23.3452 28.6356 23.3452 82.7545 71.2531 65.7343 21.095 70.1386 46.8722 94.6678 19.2094 37.6563 57.2786 39.0512 74.5453 0.0 50.0023 60.4533 44.0114 75.5381 49.3737 51.5355 73.4983 48.0104 73.9797 61.2092 53.8634 48.7032 40.3113 14.1421 4.24264 81.4236 42.4179 34.0588 83.7437 88.2263 33.0606 67.9117 26.2488 21.5407 72.0347 64.0078 64.9147 38.9487 
33.7241 52.5369 8.60233 58.2151 13.4536 49.866 39.6611 40.1123 14.0357 39.6611 92.8493 50.5573 51.2271 37.3363 63.0254 71.218 62.0081 41.373 29.0689 61.7171 27.7308 37.5899 57.0 47.0106 34.9213 75.591 58.0775 43.382 11.4018 74.5185 29.4109 50.0023 0.0 66.8347 19.105 30.3645 74.2519 20.5913 61.5869 19.105 40.3609 27.4591 78.1272 89.1067 46.5296 63.7009 53.781 60.3738 70.0021 20.0 36.0139 40.3113 23.8537 39.4462 43.6005 36.7696 42.4382 51.5451 18.3576 48.4417 
39.0731 24.1868 63.2696 85.0928 80.1964 20.5913 95.1648 72.8014 78.9322 43.309 50.636 26.9258 61.9174 85.1347 58.7158 48.4665 81.6405 80.0383 67.054 39.6232 61.6117 41.0122 80.7647 35.5106 44.468 46.2709 79.3817 89.0681 77.8312 37.3363 65.8027 60.4533 66.8347 0.0 53.7614 66.4003 15.0333 81.3556 26.1725 55.237 49.679 46.8763 16.1555 51.0392 91.9152 65.0987 57.8316 38.833 17.0 46.882 77.0065 99.2978 42.7607 41.7732 34.2094 40.807 44.2041 24.6982 85.1619 21.7082 
20.6508 41.443 16.6433 60.9724 31.0161 38.7721 53.9073 45.4481 33.0151 26.5877 80.0625 37.484 46.0977 48.47 55.4437 60.0508 62.6418 52.5554 39.6447 50.6363 27.8927 26.5877 58.1893 35.9353 23.8274 64.5201 58.2409 54.7106 30.4138 61.6832 31.6228 44.0114 19.105 53.7614 0.0 32.573 61.1786 37.855 51.28 4.0 31.4009 17.5507 65.0538 76.6093 58.0012 58.0086 47.0425 49.2869 55.7998 10.4403 42.0476 56.3028 11.0454 28.5667 30.6046 25.1655 31.9645 40.4512 36.6879 35.3683 
41.4459 45.1885 22.3607 88.1192 27.5862 46.1033 31.257 70.0357 37.8021 36.8917 109.276 44.8152 77.3175 67.6757 87.6641 92.365 91.351 71.7291 58.4209 46.0109 5.0 26.4008 86.4696 35.4401 34.1341 58.3095 87.2067 73.5391 32.8024 90.964 1.0 75.5381 30.3645 66.4003 32.573 0.0 77.3375 47.4342 51.923 28.7924 21.095 19.799 80.7329 106.469 76.5572 89.6772 78.9177 45.0444 72.2243 41.5933 10.6301 37.0 43.4166 26.5707 61.0986 57.643 26.4764 44.2832 32.0156 61.591 
46.4902 38.2753 75.4138 75.217 87.6136 31.4006 106.28 68.6069 86.3494 50.7262 35.6931 34.9701 51.973 80.9156 48.2701 35.5106 71.6938 75.8192 64.8107 54.5894 72.4907 53.2541 70.2517 49.2443 53.3243 61.131 68.0063 84.849 85.2484 22.8035 76.7034 49.3737 74.2519 15.0333 61.1786 77.3375 0.0 91.085 41.1947 73.1752 62.434 57.7262 5.0 36.0139 87.6961 54.8179 47.8872 53.7587 9.0 54.2992 87.966 114.205 50.1779 54.3783 33.3576 41.2049 57.3062 38.6264 92.5791 28.6399 
48.3713 73.1067 28.6007 49.7293 20.6155 70.4358 43.1856 36.4038 9.84886 54.3083 103.45 65.0782 51.9056 25.4951 65.1174 78.074 55.3624 31.0483 28.3146 82.2982 46.0977 58.1808 50.3289 67.5989 55.4911 96.1769 52.4769 29.0172 14.7648 86.7095 46.6154 51.5355 20.5913 81.3556 37.855 47.4342 91.085 0.0 82.9437 38.8973 60.6053 48.0208 95.5748 98.4611 31.257 64.1418 55.7613 80.9506 84.1292 34.5068 49.7695 40.2616 38.6215 60.0333 57.7767 50.5151 62.9682 72.1149 19.105 62.875 
43.4258 10.2956 54.5894 97.1395 69.2604 21.9317 82.9759 83.9268 75.0154 37.1418 76.7919 29.8329 76.2758 99.6001 79.2023 72.5672 96.4002 91.1182 78.1339 13.6015 48.0521 26.1725 93.0881 16.4924 36.5917 21.5407 92.0054 103.534 71.0842 63.0317 51.6624 73.4983 61.5869 26.1725 51.28 51.923 41.1947 82.9437 0.0 47.3607 31.3847 36.0 41.9762 77.1622 106.381 84.534 74.4312 13.0 41.3038 56.9005 61.6847 88.1192 52.9296 25.4951 47.5079 52.6308 25.632 11.1803 75.2396 35.3412 
27.2199 37.5237 14.8661 64.7308 29.8329 34.8528 51.4004 48.8518 33.1361 22.6684 94.9305 49.4806 50.0899 50.8564 59.4138 64.0098 66.4831 54.9418 36.8943 46.717 24.0416 22.6684 61.9839 32.0159 19.9081 60.6008 62.0967 57.097 30.0167 76.5104 27.8568 48.0104 19.105 55.237 4.0 28.7924 73.1752 38.8973 47.3607 0.0 27.4816 13.6314 77.0505 92.1092 60.3876 62.0081 51.0392 45.3676 67.7964 14.3178 38.4708 54.2033 15.0333 24.6474 34.5636 29.1245 28.0452 36.5319 35.6931 47.365 
35.1283 26.2488 32.0156 92.1879 43.8634 31.305 52.345 75.4092 52.1536 29.0172 96.6644 31.582 76.2955 76.1639 84.0952 84.193 93.9616 81.383 63.4518 25.02 18.1108 9.48683 89.4493 15.2643 27.1662 37.855 89.5774 82.4045 47.5079 79.9569 21.0238 73.9797 40.3609 49.679 31.4009 21.095 62.434 60.6053 31.3847 27.4816 0.0 13.8924 65.215 95.388 85.6951 87.5728 76.531 24.0 58.1808 41.7964 30.3645 58.0345 43.3904 8.06226 53.2353 53.1507 5.83095 25.4951 49.3964 46.1736 
23.3452 27.4591 19.6977 78.3273 33.541 26.492 48.4665 61.4174 40.3113 18.0278 90.6286 25.2039 63.4346 62.4989 72.0625 74.0405 80.1113 67.5073 49.4599 34.5398 14.8661 10.4403 75.5991 20.3961 15.5242 48.3322 75.7272 68.7395 36.0555 72.3167 19.105 61.2092 27.4591 46.8763 17.5507 19.799 57.7262 48.0208 36.0 13.6314 13.8924 0.0 61.1217 87.8216 72.0301 75.06 64.0312 33.2415 52.6131 27.9462 30.4138 52.8867 30.4831 12.083 42.72 41.1096 15.0 26.4764 39.4588 39.9642 
50.3655 40.2492 79.2891 79.7057 91.4888 34.6554 110.156 73.0967 90.2246 54.6014 35.0571 38.8454 56.4628 85.4054 52.2015 38.4187 76.0592 80.309 69.3004 55.5428 75.8861 56.2228 74.7329 51.4782 57.1996 61.0082 72.45 89.3388 89.1237 24.5967 80.0989 53.8634 78.1272 16.1555 65.0538 80.7329 5.0 95.5748 41.9762 77.0505 65.215 61.1217 0.0 36.2215 92.1859 58.8218 52.3259 54.8179 14.0 58.1745 91.3614 118.08 54.0532 57.2014 37.8473 45.6946 59.9083 40.7063 96.4544 32.5152 
65.4599 73.3485 90.8445 69.1158 102.552 64.195 128.144 70.5195 100.305 69.7939 6.08276 64.7999 50.0 82.3017 38.3275 20.8806 63.0 77.201 70.3562 90.4489 101.49 85.9612 64.195 83.678 72.3921 97.0464 61.131 86.1278 99.4665 15.6525 105.62 48.7032 89.1067 51.0392 76.6093 106.469 36.0139 98.4611 77.1622 92.1092 95.388 87.8216 36.2215 0.0 88.5268 44.0454 44.9222 89.56 37.3631 69.3109 116.665 129.402 65.8559 87.3742 46.2277 52.345 90.7587 73.5459 107.039 50.1544 
63.3505 96.5436 55.0727 24.0416 51.4198 81.1982 74.0 19.1623 40.7922 69.2874 94.1488 75.336 38.6394 10.8167 50.5964 67.6831 31.1448 12.0416 30.4222 108.902 74.2428 81.4504 27.2029 90.7979 70.0967 123.057 30.2324 3.60555 45.3542 79.3095 75.6439 40.3113 46.5296 91.9152 58.0012 76.5572 87.6961 31.257 106.381 60.3876 85.6951 72.0301 92.1859 88.5268 0.0 46.0977 43.7379 107.496 80.7403 53.5956 80.3617 70.2567 55.1181 83.4294 59.6578 51.5128 86.8272 95.5518 50.3587 71.5756 
52.469 76.1577 68.6586 25.0799 75.2767 63.6946 102.057 30.4795 68.0955 58.6941 50.01 58.3391 12.6491 41.4005 6.7082 24.3311 19.105 36.0555 35.8469 94.7048 85.3756 79.0759 20.2237 82.3122 60.407 105.991 17.1172 44.2945 70.214 38.8973 88.6848 14.1421 63.7009 65.0987 58.0086 89.6772 54.8179 64.1418 84.534 62.0081 87.5728 75.06 58.8218 44.0454 46.0977 0.0 11.0454 93.4077 48.1985 48.1664 97.8621 101.119 47.0 81.2158 37.1618 34.5254 85.3288 75.7694 77.8267 49.2443 
41.4367 65.7419 58.2409 27.5136 66.5703 53.2259 93.3505 25.632 59.5356 47.676 50.448 47.6338 5.09902 37.3798 9.43398 24.0416 23.8537 32.28 27.5862 84.1724 74.5453 68.0661 22.4722 71.6069 49.366 95.7706 20.1246 41.2311 61.5095 36.0139 77.9295 4.24264 53.781 57.8316 47.0425 78.9177 47.8872 55.7613 74.4312 51.0392 76.531 64.0312 52.3259 44.9222 43.7379 11.0454 0.0 82.8553 40.9314 37.3363 87.3212 92.4572 36.0139 70.214 26.9258 23.5372 74.3303 65.307 69.1456 39.4081 
45.0505 17.4642 52.9245 104.248 66.4831 29.7321 76.2365 88.9475 73.5391 38.7666 89.4427 35.8469 84.1387 100.716 88.5438 83.6071 104.036 96.1284 83.1441 1.41421 42.0476 22.8473 100.687 13.6015 38.2164 15.2643 99.6252 104.649 69.2892 75.06 45.0111 81.4236 60.3738 38.833 49.2869 45.0444 53.7587 80.9506 13.0 45.3676 24.0 33.2415 54.8179 89.56 107.496 93.4077 82.8553 0.0 53.0 58.5253 53.7587 82.0244 54.5543 21.1896 56.3028 60.2299 19.2354 17.72 72.2772 45.1221 
41.1115 36.2215 70.035 68.2612 83.4087 26.9258 100.902 61.6511 81.5814 45.3474 38.4838 29.5914 45.0172 73.9598 41.8156 31.6228 64.7403 68.8634 57.8548 54.0093 67.3776 48.7554 63.2959 46.3249 47.9456 62.3699 61.0505 77.8932 80.7415 22.2036 71.5903 42.4179 70.0021 17.0 55.7998 72.2243 9.0 84.1292 41.3038 67.7964 58.1808 52.6131 14.0 37.3631 80.7403 48.1985 40.9314 53.0 0.0 50.0023 82.8528 108.826 46.2299 50.1597 26.4018 34.2491 53.4883 36.3456 88.2458 23.2611 
13.8704 47.0635 21.9545 50.5782 33.4215 36.4668 58.8982 35.0539 31.9531 19.8074 72.9178 30.6046 36.0 44.0644 46.0977 52.1536 52.2015 42.2348 29.2504 59.939 37.2156 39.5612 47.7598 45.0462 20.6167 73.577 47.8017 50.305 30.8869 54.5619 40.6079 34.0588 20.0 46.882 10.4403 41.5933 54.2992 34.5068 56.9005 14.3178 41.7964 27.9462 58.1745 69.3109 53.5956 48.1664 37.3363 58.5253 50.0023 0.0 50.2892 60.1415 4.12311 41.7857 23.6008 17.2047 45.8821 46.0718 38.2753 28.58 
51.7761 55.4707 29.2746 94.1913 29.1548 56.7318 23.1948 76.1052 39.9249 47.2246 119.606 55.4437 85.3288 72.3671 96.3016 101.737 98.0 76.7919 65.0077 54.5894 15.5563 36.7151 93.0054 45.31 44.4643 66.0076 94.0213 77.6209 35.1141 101.294 11.3137 83.7437 36.0139 77.0065 42.0476 10.6301 87.966 49.7695 61.6847 38.4708 30.3645 30.4138 91.3614 116.665 80.3617 97.8621 87.3212 53.7587 82.8528 50.2892 0.0 29.8329 52.5547 36.6742 71.4289 66.8506 36.0555 54.5894 31.9061 71.9212 
73.6773 80.2808 39.6611 89.9889 26.9072 78.9135 7.2111 76.538 33.1059 66.9769 133.056 77.6254 88.6848 65.7343 101.807 111.479 95.5092 71.3092 65.2993 83.006 40.1995 61.9839 90.4638 71.7008 64.2166 95.1893 92.6111 68.593 31.0644 114.691 37.0135 88.2263 40.3113 99.2978 56.3028 37.0 114.205 40.2616 88.1192 54.2033 58.0345 52.8867 118.08 129.402 70.2567 101.119 92.4572 82.0244 108.826 60.1415 29.8329 0.0 63.7809 62.6498 83.6301 77.0779 63.1981 79.3095 23.3238 88.3948 
9.89949 43.0926 25.0 51.4782 37.2022 32.3456 62.2896 36.0603 36.0555 15.8364 69.3109 26.4833 35.2278 48.3376 44.4072 49.2443 52.5547 43.2412 30.2568 55.9681 38.833 35.5902 48.3322 41.1807 16.6458 69.6061 48.1041 52.271 34.8855 50.9313 42.45 33.0606 23.8537 42.7607 11.0454 43.4166 50.1779 38.6215 52.9296 15.0333 43.3904 30.4831 54.0532 65.8559 55.1181 47.0 36.0139 54.5543 46.2299 4.12311 52.5547 63.7809 0.0 37.8148 19.8494 14.3178 41.9111 42.1008 42.19 24.3311 
28.8617 18.868 31.7805 87.5083 45.3542 23.2594 57.4891 72.5751 52.3927 22.561 88.6397 24.0832 70.342 73.8982 77.4145 76.6551 88.4005 78.665 60.6176 22.4722 22.561 2.23607 84.2545 9.05539 21.1896 36.2491 83.94 80.1389 48.1041 71.943 26.2488 67.9117 39.4462 41.7732 28.5667 26.5707 54.3783 60.0333 25.4951 24.6474 8.06226 12.083 57.2014 87.3742 83.4294 81.2158 70.214 21.1896 50.1597 41.7857 36.6742 62.6498 37.8148 0.0 46.0109 46.6905 4.12311 18.0278 51.1957 38.3275 
19.6977 39.0 44.8398 51.225 57.0088 26.5707 82.1415 40.4969 55.2289 24.7386 49.4975 22.0227 29.0689 53.3456 32.28 31.3209 49.5177 47.7809 35.2649 57.5847 56.1193 44.0646 46.7547 45.7056 27.2029 68.884 45.2548 57.279 54.3783 31.1127 60.2597 26.2488 43.6005 34.2094 30.6046 61.0986 33.3576 57.7767 47.5079 34.5636 53.2353 42.72 37.8473 46.2277 59.6578 37.1618 26.9258 56.3028 26.4018 23.6008 71.4289 83.6301 19.8494 46.0109 0.0 9.0 50.0 38.6264 61.8547 12.7279 
18.0278 43.3349 39.1152 44.5533 50.2096 30.834 76.0592 32.2025 47.9673 24.1868 56.2228 24.9718 24.1661 44.7323 31.0 34.9857 43.8292 39.4643 26.6516 61.5607 53.025 44.5533 40.4599 48.9449 26.0192 73.5516 39.4081 48.6657 47.1284 38.0132 56.6807 21.5407 36.7696 40.807 25.1655 57.643 41.2049 50.5151 52.6308 29.1245 53.1507 41.1096 45.6946 52.345 51.5128 34.5254 23.5372 60.2299 34.2491 17.2047 66.8506 77.0779 14.3178 46.6905 9.0 0.0 50.8035 42.8229 54.7013 20.1246 
32.9848 20.5183 34.4819 91.6046 47.4342 26.5707 57.7062 75.9728 55.0091 26.6833 91.9239 28.0179 74.4648 77.296 81.4985 80.5047 92.4969 82.0628 64.0154 20.3961 23.0217 6.32456 88.3509 9.43398 25.2982 33.8378 88.0364 83.5366 50.5668 75.3275 26.3059 72.0347 42.4382 44.2041 31.9645 26.4764 57.3062 62.9682 25.632 28.0452 5.83095 15.0 59.9083 90.7587 86.8272 85.3288 74.3303 19.2354 53.4883 45.8821 36.0555 63.1981 41.9111 4.12311 50.0 50.8035 0.0 19.799 53.1601 41.9762 
32.597 1.0 44.2788 87.3316 59.0085 12.083 74.6324 74.1188 64.6879 26.3131 74.0405 19.105 66.7308 88.7713 70.8378 66.1949 86.6294 83.6749 70.6906 18.9737 39.9249 17.8885 83.2802 10.8167 25.7629 30.8058 82.2182 92.7047 60.7567 58.5491 43.8634 64.0078 51.5451 24.6982 40.4512 44.2832 38.6264 72.1149 11.1803 36.5319 25.4951 26.4764 40.7063 73.5459 95.5518 75.7694 65.307 17.72 36.3456 46.0718 54.5894 79.3095 42.1008 18.0278 38.6264 42.8229 19.799 0.0 65.0077 27.4591 
52.0513 66.0076 21.095 67.897 6.0 63.6201 24.7386 54.1525 10.198 51.4357 110.895 68.8845 65.3781 44.1022 78.4957 89.0225 73.1261 49.366 42.0476 73.4983 32.249 49.8197 68.0782 59.8415 48.6754 86.977 69.833 48.0937 7.81025 92.6175 31.4006 64.9147 18.3576 85.1619 36.6879 32.0156 92.5791 19.105 75.2396 35.6931 49.3964 39.4588 96.4544 107.039 50.3587 77.8267 69.1456 72.2772 88.2458 38.2753 31.9061 23.3238 42.19 51.1957 61.8547 54.7013 53.1601 65.0077 0.0 66.7689 
20.68 27.6586 49.6036 63.8905 61.8033 16.0 86.9053 52.3259 60.5391 24.9159 52.9614 15.2643 41.7732 64.7952 43.8634 39.0 62.2415 59.6987 46.7144 46.3249 56.6116 36.6879 59.4643 36.0139 27.5141 56.8595 57.9828 68.7286 59.4382 34.6495 60.7521 38.9487 48.4417 21.7082 35.3683 61.591 28.6399 62.875 35.3412 47.365 46.1736 39.9642 32.5152 50.1544 71.5756 49.2443 39.4081 45.1221 23.2611 28.58 71.9212 88.3948 24.3311 38.3275 12.7279 20.1246 41.9762 27.4591 66.7689 0.0 
DEMAND_SCENARIO_SECTION
0 0 0 0 0 0 0 0 0 0 0 0 0 0 0 0 0 0 0 0 0 0 0 0 0 0 0 0 0 0 0 0 0 0 0 0 0 0 0 0 0 0 0 0 0 0 0 0 0 0 0 0 0 0 0 0 0 0 0 0 0 0 0 0 0 0 0 0 0 0 0 0 0 0 0 0 0 0 0 0 0 0 0 0 0 0 0 0 0 0 0 0 0 0 0 0 0 0 0 0 0 0 0 0 0 0 0 0 0 0 0 0 0 0 0 0 0 0 0 0 0 0 0 0 0 0 0 0 0 0 0 0 0 0 0 0 0 0 0 0 0 0 0 0 0 0 0 0 0 0 0 0 0 0 0 0 0 0 0 0 0 0 0 0 0 0 0 0 0 0 0 0 0 0 0 0 0 0 0 0 0 0 0 0 0 0 0 0 0 0 0 0 0 0 0 0 0 0 0 0 
14 10 9 8 7 12 8 8 15 7 17 7 3 10 6 14 3 8 3 15 9 11 7 14 1 6 10 8 11 6 11 12 9 19 6 7 10 9 15 9 14 8 10 12 15 12 12 8 9 13 17 11 12 10 9 14 22 8 5 8 13 7 4 12 6 13 13 4 9 8 15 13 11 11 7 6 3 9 10 11 4 13 9 10 9 9 18 5 14 12 10 12 14 17 13 13 8 12 6 10 13 5 3 11 10 8 7 8 7 12 14 10 6 13 6 9 6 14 15 14 10 11 7 10 13 13 20 9 16 11 10 10 13 6 12 12 5 10 10 5 7 4 11 10 14 6 8 12 9 8 6 12 10 9 10 8 14 9 10 11 12 7 7 9 12 6 5 14 11 13 10 4 10 14 6 9 9 7 12 11 4 5 10 11 7 7 12 4 13 16 9 10 10 5 5 7 9 15 11 7 
1 3 2 2 2 2 3 2 1 2 2 2 2 3 2 2 2 3 3 3 2 2 1 2 4 1 3 2 2 2 2 1 3 3 2 2 3 1 2 2 2 2 2 3 1 2 2 3 2 2 3 2 2 3 2 2 2 3 2 1 1 2 2 2 3 2 1 2 3 1 2 2 2 2 2 2 0 2 2 2 2 1 2 2 2 2 2 2 2 2 1 2 3 2 3 3 2 2 1 2 2 1 1 2 2 3 1 1 2 3 2 2 2 3 2 1 3 1 2 2 2 2 2 2 2 2 2 0 2 1 2 1 3 1 2 3 1 2 2 2 1 1 2 3 2 2 1 1 3 2 2 1 2 3 3 1 2 1 1 1 2 2 3 1 1 3 2 2 1 1 2 1 3 1 3 1 3 1 3 2 2 3 2 2 1 3 2 2 2 1 2 1 2 2 3 2 2 2 1 2 
9 7 10 8 7 7 9 7 12 10 8 10 12 10 8 3 9 3 6 10 7 10 11 9 8 11 4 11 8 13 9 7 9 12 8 11 10 5 9 11 14 10 8 2 4 10 9 7 11 14 3 9 8 11 13 7 9 7 12 11 10 5 7 12 8 9 9 17 5 12 5 10 6 13 2 7 10 3 11 9 4 11 10 13 7 15 8 9 10 8 12 9 8 4 11 7 6 8 13 14 9 5 11 11 13 12 8 7 9 7 11 11 10 10 6 10 7 11 14 13 8 6 9 12 9 10 11 11 5 11 11 6 7 3 15 10 14 7 7 7 9 8 5 9 7 8 9 6 11 11 9 2 8 11 12 8 11 8 8 10 5 9 10 10 7 13 11 4 12 10 9 8 6 10 9 10 15 13 12 9 8 7 7 6 7 10 5 9 5 13 10 12 11 7 6 8 10 6 9 7 
6 6 13 5 7 5 2 4 9 6 8 11 7 6 7 9 7 8 6 6 4 5 10 6 7 7 8 9 7 11 8 4 6 6 11 8 6 4 9 4 8 10 11 8 4 7 9 4 9 9 6 7 10 9 6 7 11 5 7 12 6 10 6 9 8 6 9 5 3 7 2 5 9 9 6 10 5 10 6 5 1 10 7 5 6 9 2 7 4 6 9 4 5 4 7 7 6 10 8 9 8 4 5 8 5 5 10 7 6 8 5 12 10 8 9 8 5 6 5 7 4 6 14 5 9 9 6 3 7 4 10 10 5 4 9 5 9 9 8 5 8 8 7 7 5 4 10 6 9 5 4 4 10 4 10 7 7 8 9 9 9 8 7 7 6 10 5 5 7 9 9 6 9 2 10 5 6 9 7 8 9 5 6 5 5 5 8 4 10 8 9 6 6 6 10 6 2 9 7 6 
2 2 3 2 2 3 2 2 3 1 2 1 2 2 2 4 2 1 3 1 3 3 2 1 2 1 2 1 2 3 2 2 2 2 1 2 3 2 1 1 2 3 2 3 2 2 2 3 2 1 2 2 3 2 2 2 1 3 2 2 2 3 2 3 2 2 2 3 2 2 2 3 1 2 2 1 1 1 2 1 2 2 3 1 1 2 2 2 2 2 1 1 2 3 2 1 1 2 2 2 3 2 1 2 3 2 2 2 2 1 1 2 3 1 3 2 1 1 2 2 2 1 3 2 1 3 3 2 2 3 3 1 1 3 2 3 2 3 3 1 2 2 3 2 2 1 2 2 2 2 4 2 1 1 1 4 1 2 2 2 1 2 3 1 2 2 2 2 3 2 2 1 2 2 2 2 1 2 3 3 2 2 2 2 2 3 3 2 2 1 2 2 3 1 3 2 2 1 2 3 
9 4 10 7 6 3 5 8 6 10 6 10 9 14 10 5 6 9 9 13 8 4 12 3 9 4 6 8 9 7 10 8 3 7 12 9 10 3 7 7 10 11 11 8 7 3 3 9 9 11 8 4 8 1 9 6 10 11 11 8 9 14 6 4 10 6 9 9 15 9 5 14 13 2 8 2 7 3 9 7 4 12 7 10 7 1 6 6 13 11 11 9 7 4 12 11 9 7 6 12 8 4 10 7 3 8 8 2 9 7 10 11 9 9 7 5 8 8 8 4 9 13 11 7 12 6 5 13 6 6 7 5 3 12 11 9 11 9 4 5 14 10 5 8 12 8 5 5 10 7 9 10 6 10 12 4 8 6 7 8 6 8 6 9 5 11 5 9 9 6 12 9 13 10 9 8 8 7 11 2 8 7 7 10 5 12 8 7 9 10 7 10 6 9 7 8 9 5 10 9 
4 8 11 11 8 7 8 9 9 4 6 10 3 8 10 5 11 7 4 10 8 12 4 5 5 7 8 5 10 12 4 9 6 9 7 10 12 10 13 10 1 12 6 5 9 6 7 7 6 6 8 8 6 7 9 5 8 7 8 2 9 10 8 3 8 6 5 11 11 6 5 6 3 9 5 5 9 8 3 8 4 12 8 6 2 9 13 10 8 10 8 4 10 5 7 10 7 9 11 13 8 8 9 8 8 10 9 6 5 15 12 7 8 10 5 8 11 8 5 10 11 7 8 5 9 11 9 5 6 11 15 10 10 9 10 4 7 8 7 2 4 13 9 7 10 9 6 6 5 8 8 11 8 10 5 15 6 3 11 9 14 8 8 4 9 8 3 4 8 9 5 8 11 7 2 10 8 11 4 14 11 7 7 8 10 8 8 7 7 5 10 9 8 12 11 8 10 12 13 6 
14 14 6 12 11 10 8 11 2 10 4 5 9 10 7 10 12 14 11 7 7 10 10 7 8 11 13 10 17 9 11 7 6 11 9 6 6 8 8 11 12 10 8 6 14 13 8 12 10 11 10 9 14 5 11 10 8 10 11 10 7 6 8 9 9 4 9 6 4 11 20 11 5 10 7 5 17 9 6 12 4 7 9 10 4 8 12 6 10 10 9 10 9 11 7 5 7 9 10 7 11 11 5 5 11 4 12 11 7 7 9 11 15 3 9 7 10 4 11 4 6 8 12 12 7 11 8 13 11 14 5 9 10 10 8 10 5 7 9 13 4 6 8 8 9 10 8 7 12 6 15 4 14 7 8 9 10 10 11 17 12 2 12 9 8 10 11 8 9 10 12 14 7 12 11 4 10 2 9 6 12 13 9 10 13 10 11 14 14 2 5 14 9 10 11 9 6 11 9 10 
9 7 8 6 8 12 12 12 6 10 13 10 17 5 8 9 7 10 6 4 12 10 4 6 10 14 10 6 9 7 7 14 9 4 11 8 8 10 8 5 13 12 10 5 13 8 9 14 9 4 10 12 14 10 9 15 6 8 14 10 15 9 8 6 12 15 11 6 7 11 12 14 8 12 6 12 6 11 8 9 13 6 13 13 10 13 10 4 14 10 6 5 11 7 10 8 7 5 6 11 7 9 6 9 12 10 10 9 15 12 8 14 7 7 12 9 6 8 8 11 8 4 13 8 9 12 8 12 7 7 5 6 5 12 5 7 6 14 9 10 8 5 15 9 12 4 5 8 5 10 8 7 9 2 13 9 6 5 3 12 11 5 11 13 12 7 7 10 8 7 13 9 10 9 8 10 10 8 10 10 12 10 12 12 14 8 7 10 13 11 8 14 4 12 7 7 12 10 16 14 
3 3 2 2 2 4 3 3 4 3 3 2 3 3 3 3 4 2 5 3 2 3 3 4 3 2 2 3 2 2 4 3 4 3 2 3 3 2 4 4 4 2 2 3 2 3 5 4 4 2 3 4 1 4 4 4 1 5 3 3 1 3 4 5 1 6 3 4 4 4 3 2 2 3 3 3 2 4 2 4 2 2 4 4 2 3 3 3 2 2 4 2 4 3 4 2 2 2 3 5 4 3 2 2 3 3 3 3 4 3 2 4 4 3 3 3 2 4 2 4 4 4 1 4 3 4 2 2 4 3 4 2 3 4 5 2 3 3 3 2 4 2 3 3 3 3 4 2 5 3 2 2 2 4 1 4 3 2 1 4 4 2 4 3 2 5 2 3 3 3 3 3 3 2 2 2 3 3 2 2 4 4 2 2 2 1 4 2 2 4 1 3 3 3 3 4 4 4 3 1 
13 9 12 10 5 8 10 4 10 11 7 8 5 7 10 5 11 11 7 5 13 6 17 9 3 11 11 13 8 5 12 10 8 12 11 13 8 7 13 13 5 8 13 13 9 10 13 10 11 10 4 7 6 16 8 7 9 6 11 13 0 6 7 16 9 11 8 12 16 10 4 12 11 8 3 10 10 10 11 11 9 12 9 7 9 7 7 7 5 9 12 5 9 12 4 8 9 3 8 12 7 11 8 11 10 10 16 5 14 9 5 8 6 8 12 9 8 8 14 4 7 8 12 7 9 11 11 9 10 7 4 7 9 9 8 9 4 13 12 8 7 6 13 12 5 8 7 5 7 9 7 6 8 8 8 10 9 10 8 13 15 7 9 9 6 15 11 7 10 3 9 10 11 10 12 12 10 8 9 7 11 16 9 7 5 3 13 13 5 6 7 9 10 7 9 9 8 9 8 12 
4 5 4 3 4 3 2 1 2 4 4 2 3 1 5 4 1 3 2 4 4 3 3 2 4 3 1 3 4 2 1 2 3 2 4 3 3 3 3 4 2 5 3 1 3 1 2 3 2 4 2 5 4 3 4 3 1 5 3 3 3 4 3 5 2 2 4 3 4 3 3 2 2 4 3 5 4 3 2 3 2 2 4 3 2 4 3 2 3 4 3 3 2 2 4 3 2 2 4 2 2 4 2 3 4 5 4 2 4 4 1 3 5 2 3 3 2 3 4 5 3 4 3 2 1 3 1 2 4 3 3 2 5 3 2 2 1 1 4 2 3 2 4 4 4 4 3 2 3 3 5 1 3 3 4 3 2 4 3 4 3 3 4 4 3 3 4 2 3 3 4 4 3 4 2 3 4 4 3 4 3 3 3 3 3 3 3 4 2 5 5 3 3 4 4 5 2 3 2 2 
12 13 9 15 10 6 14 8 11 10 15 7 7 7 14 8 13 7 14 11 11 8 9 13 8 9 17 10 12 13 9 12 10 12 10 6 13 11 8 6 13 12 10 7 8 10 13 11 8 6 10 9 6 11 3 15 6 15 6 7 10 7 11 6 11 13 9 12 11 5 8 13 9 10 15 16 12 19 12 12 9 13 10 12 6 6 9 10 11 11 13 8 15 14 13 6 10 7 13 11 7 11 3 10 13 3 9 10 12 16 12 7 12 4 10 11 7 9 12 6 12 12 15 10 9 10 4 8 8 14 9 12 7 12 9 12 6 10 9 11 17 8 8 9 13 6 12 7 7 9 15 8 14 10 11 5 11 8 8 11 13 14 14 16 5 11 15 7 10 8 12 7 4 11 12 12 14 7 14 14 6 9 6 12 15 7 5 12 9 15 9 13 7 11 7 12 19 12 10 6 
1 1 1 1 1 2 1 1 1 1 1 1 1 1 1 1 1 1 1 1 1 1 1 1 1 1 1 1 1 1 1 1 1 1 2 0 1 1 1 1 1 1 1 1 1 1 1 1 1 1 1 1 1 1 0 1 1 1 2 1 1 1 0 1 1 1 1 1 1 1 1 1 1 1 1 1 1 1 1 1 2 1 1 1 1 1 1 1 1 1 1 1 1 1 1 1 1 1 1 1 1 1 1 2 1 0 1 1 2 1 1 1 2 1 1 1 1 2 1 1 1 1 1 1 1 1 1 1 0 1 1 2 1 1 1 1 2 1 1 1 1 1 1 1 1 1 1 1 1 1 1 1 1 1 1 1 1 1 1 1 1 1 1 0 1 1 1 1 1 1 1 1 1 1 1 1 1 1 1 1 1 0 1 2 1 1 1 1 1 1 1 1 1 1 1 1 1 2 1 1 
2 2 2 2 1 2 2 2 1 2 2 2 2 2 2 2 3 3 3 2 2 4 2 2 2 2 3 2 1 2 2 1 3 2 1 2 2 3 2 3 3 3 2 3 2 3 1 2 3 2 3 2 3 1 2 1 2 2 2 2 3 3 1 3 2 3 2 2 2 1 2 2 2 1 1 3 2 2 2 2 3 3 1 1 3 3 1 2 2 1 2 2 1 3 3 2 2 2 2 3 3 0 1 1 3 2 2 3 2 2 1 2 2 2 2 2 3 0 1 2 2 2 1 1 2 1 2 3 1 2 1 3 2 1 2 2 2 2 1 2 2 2 3 3 2 2 1 3 2 0 2 2 2 2 2 2 2 2 2 1 2 2 2 3 2 2 2 2 1 2 2 2 1 1 3 2 2 3 2 1 3 2 3 2 2 3 1 1 1 3 1 1 2 2 1 2 3 2 2 1 
2 2 2 2 4 2 3 5 4 3 3 3 4 2 3 4 4 3 5 3 3 4 2 2 3 3 2 3 2 3 3 3 0 3 3 4 4 3 2 3 4 2 2 3 3 3 3 3 5 1 1 3 3 2 4 3 2 4 3 2 4 1 2 2 3 2 1 3 1 2 4 4 3 4 2 3 2 3 2 1 2 5 3 3 2 3 5 2 3 2 4 3 3 3 1 3 4 3 2 3 2 2 5 3 3 4 3 5 2 4 1 5 1 5 2 4 4 4 3 0 3 2 4 4 4 3 2 4 5 4 3 4 4 4 3 2 2 2 3 3 3 4 2 2 5 4 2 5 2 4 6 2 3 4 2 3 3 4 2 2 2 4 3 4 3 6 2 3 2 2 3 2 1 1 2 4 4 3 3 2 2 2 4 5 4 3 3 3 3 3 5 4 4 2 4 3 2 2 3 3 
2 3 8 9 8 8 6 4 8 6 7 6 4 6 4 3 4 4 8 4 11 3 3 8 6 5 5 10 6 6 7 5 6 5 9 9 5 4 9 5 9 6 7 2 7 4 7 6 8 8 9 6 2 7 7 7 3 5 6 6 5 3 9 8 5 7 7 4 6 10 6 4 5 9 4 5 10 5 2 7 5 4 9 4 6 7 4 8 3 8 7 6 2 6 6 4 7 7 4 6 4 3 2 6 9 7 6 7 8 10 9 9 6 3 4 3 3 7 7 8 7 2 1 3 9 6 3 5 2 6 10 4 7 6 6 2 8 3 4 7 6 1 6 4 6 6 1 6 6 3 7 5 6 8 7 9 3 5 6 2 4 4 7 5 6 7 7 4 5 6 5 7 7 4 4 8 6 10 6 5 6 7 6 4 6 9 3 5 8 7 6 6 4 7 7 7 7 3 7 4 
4 5 6 6 7 4 5 7 4 8 5 4 5 4 5 5 3 6 6 7 5 5 5 6 5 6 5 6 3 5 8 8 6 4 4 6 4 5 9 5 6 6 4 4 6 7 7 7 7 7 4 3 2 5 6 8 5 7 6 5 6 1 5 4 5 5 4 6 4 7 3 4 8 5 5 5 4 6 4 5 3 4 7 5 7 7 7 7 5 5 5 4 4 7 5 5 4 7 5 4 6 5 6 7 6 3 8 6 6 6 7 4 5 2 4 6 3 6 6 5 3 7 6 4 5 3 6 6 5 6 3 6 6 4 6 3 8 5 5 5 4 4 7 4 7 4 4 6 4 7 4 5 7 5 5 5 6 5 4 6 3 6 4 3 5 6 2 6 5 4 8 6 6 7 4 8 4 2 2 9 4 5 10 7 7 7 3 7 4 6 5 3 6 9 5 7 9 7 4 6 
1 1 2 2 2 1 1 1 2 1 1 1 1 1 1 1 1 1 1 1 1 1 1 1 1 1 1 2 1 1 1 1 1 1 1 1 1 1 1 1 1 1 2 1 1 1 1 2 1 1 1 1 1 1 1 1 1 1 2 1 1 1 0 2 1 1 1 1 1 1 1 1 1 1 1 1 1 1 1 2 1 1 1 1 1 1 0 1 1 1 1 1 1 1 1 0 1 1 1 1 1 0 1 1 1 0 2 1 1 1 1 1 1 1 1 1 1 2 1 1 1 1 1 1 2 1 1 1 1 1 1 1 1 1 1 1 1 1 1 1 1 0 1 1 0 1 1 1 1 1 1 1 1 2 1 1 1 1 1 0 1 1 1 1 1 1 1 1 1 1 1 1 1 1 1 1 2 1 1 1 1 1 1 1 1 1 1 1 1 1 1 2 2 0 1 1 1 1 0 1 
1 1 1 1 1 1 1 1 1 1 1 1 1 1 1 0 1 0 1 1 1 1 0 1 1 1 1 1 0 1 0 1 1 1 1 1 1 0 0 1 1 1 1 1 1 1 1 1 1 2 1 1 2 1 1 1 1 1 1 1 1 1 1 1 1 1 1 0 1 1 1 1 0 1 2 0 1 1 1 1 1 1 1 1 1 1 1 1 1 1 1 1 1 1 1 0 1 1 2 0 2 1 1 1 1 1 1 0 2 1 1 1 1 1 1 1 1 1 1 1 1 1 1 1 1 1 1 1 1 1 2 1 1 1 1 0 1 1 1 1 1 0 1 0 2 1 1 1 1 2 1 1 1 1 0 1 1 1 1 1 1 1 1 1 1 1 1 1 0 1 1 1 0 1 1 1 2 2 1 1 1 0 1 1 1 1 1 1 1 1 1 1 1 1 1 1 1 1 1 1 
6 7 6 12 6 6 4 10 6 8 7 6 6 7 10 8 9 9 5 8 6 4 6 1 7 8 6 7 4 5 6 6 9 8 5 5 4 7 7 8 7 9 4 7 5 6 5 5 5 6 4 3 4 4 4 5 9 6 8 3 5 5 4 5 10 8 6 9 6 4 4 8 8 5 4 9 6 5 7 10 9 8 4 5 2 7 8 8 3 9 5 7 8 8 5 1 6 4 7 4 5 7 4 4 5 11 4 6 4 7 3 7 8 6 10 5 7 4 6 6 2 4 5 7 6 3 5 6 3 5 7 9 6 7 8 8 5 6 8 6 3 8 3 12 2 6 5 7 8 7 10 6 2 11 6 6 6 2 4 9 5 9 4 9 8 6 5 7 5 5 7 5 8 7 3 8 1 7 8 4 4 7 5 5 3 5 4 3 1 5 4 5 8 7 8 6 7 2 9 3 
3 5 4 2 6 3 1 4 4 5 4 4 4 4 5 7 3 3 4 4 5 3 3 5 2 4 3 3 2 5 5 5 6 5 4 3 4 3 4 4 7 4 5 3 4 5 4 5 4 5 3 3 5 6 2 4 4 3 6 5 5 4 5 6 4 5 4 6 4 3 3 5 4 1 6 4 3 5 4 3 3 3 3 7 4 6 3 4 5 4 5 6 4 4 2 5 5 3 4 6 6 3 6 5 5 4 5 4 3 3 4 3 3 3 6 4 4 3 7 4 4 3 5 5 5 5 4 5 5 4 6 4 4 5 3 5 6 5 2 4 6 2 3 5 4 3 4 2 2 4 6 5 3 3 4 4 4 3 7 4 4 3 4 4 4 5 4 1 6 3 4 3 5 4 5 4 1 5 5 6 4 7 5 5 3 4 1 2 2 3 4 5 4 3 5 4 4 5 3 4 
