NAME  : Jabali_60_2_0.90_1_4
TYPE : SVRP
MODEL : FINITE_SUPPORT
NUMBER_OF_SCENARIOS : 200
DIMENSION : 60
EDGE_WEIGHT_TYPE : MATRIX
CAPACITY : 159
N_VEHICLES : 2
NODE_COORD_SECTION
1 3546 3480
2 1106 2622
3 7086 4356
4 4272 2622
5 6846 2515
6 4299 6626
7 27 1236
8 3212 1305
9 7348 7203
10 1201 7498
11 7251 2904
12 4442 1969
13 7342 1810
14 4998 6255
15 5814 3325
16 2562 7159
17 616 1750
18 392 6467
19 2381 775
20 3912 18
21 7350 2701
22 5295 3532
23 4933 4412
24 247 3803
25 1969 4181
26 5783 6768
27 1958 3406
28 7155 6736
29 2596 3170
30 479 1771
31 5389 7459
32 3761 1056
33 592 709
34 2286 5334
35 5604 6440
36 2990 2144
37 3806 6771
38 2659 1344
39 831 4506
40 6155 2115
41 1369 1597
42 3418 6399
43 6257 6733
44 6492 3593
45 3413 1965
46 1548 7339
47 6683 4548
48 6906 6158
49 5077 5206
50 3691 246
51 4766 7589
52 4331 5143
53 2313 5167
54 4309 4476
55 6566 1619
56 4694 305
57 4330 845
58 4614 2343
59 6893 314
60 4579 3032
DEMAND_SECTION
1 0.0
2 4.0
3 9.0
4 3.0
5 4.0
6 3.0
7 4.0
8 2.0
9 2.0
10 3.0
11 7.0
12 2.0
13 5.0
14 4.0
15 7.0
16 5.0
17 10.0
18 8.0
19 3.0
20 3.0
21 2.0
22 4.0
23 1.0
24 8.0
25 8.0
26 4.0
27 7.0
28 1.0
29 7.0
30 10.0
31 7.0
32 9.0
33 6.0
34 10.0
35 2.0
36 2.0
37 4.0
38 2.0
39 4.0
40 9.0
41 8.0
42 1.0
43 1.0
44 4.0
45 8.0
46 4.0
47 2.0
48 8.0
49 9.0
50 3.0
51 2.0
52 5.0
53 6.0
54 5.0
55 7.0
56 3.0
57 2.0
58 3.0
59 1.0
60 10.0
DEVIATION_SECTION
1 0.0
2 1.33333
3 3.0
4 1.0
5 1.33333
6 1.0
7 1.33333
8 0.666667
9 0.666667
10 1.0
11 2.33333
12 0.666667
13 1.66667
14 1.33333
15 2.33333
16 1.66667
17 3.33333
18 2.66667
19 1.0
20 1.0
21 0.666667
22 1.33333
23 0.333333
24 2.66667
25 2.66667
26 1.33333
27 2.33333
28 0.333333
29 2.33333
30 3.33333
31 2.33333
32 3.0
33 2.0
34 3.33333
35 0.666667
36 0.666667
37 1.33333
38 0.666667
39 1.33333
40 3.0
41 2.66667
42 0.333333
43 0.333333
44 1.33333
45 2.66667
46 1.33333
47 0.666667
48 2.66667
49 3.0
50 1.0
51 0.666667
52 1.66667
53 2.0
54 1.66667
55 2.33333
56 1.0
57 0.666667
58 1.0
59 0.333333
60 3.33333
DISTANCE_MATRIX
0.0 37.1618 48.14 17.1021 46.3249 47.7357 57.8014 34.9617 79.5115 65.0783 50.3587 24.8661 55.7136 52.7905 30.0167 57.9965 48.2597 59.9188 41.4212 54.0428 51.6236 23.0217 32.4138 47.0 25.0 60.561 23.1948 74.0092 14.8661 48.8262 67.5853 42.1208 56.2258 33.6778 56.1791 25.6208 46.4308 38.719 41.2311 39.8121 40.4844 43.5751 64.1642 39.1152 31.9576 61.9193 44.2971 67.4676 38.6727 50.4421 62.585 30.7338 32.2833 24.6152 47.8853 46.3011 40.5856 20.2512 61.6198 14.3178 
37.1618 0.0 85.0941 43.1856 79.1012 71.8327 23.3238 31.9531 104.258 66.0303 84.4808 45.2769 86.1452 77.6677 65.5188 63.0635 13.4164 53.6004 28.2843 48.0104 85.2877 59.203 57.3667 19.8494 24.1661 85.4382 16.2788 98.8585 22.3607 14.3178 91.6823 39.562 26.3059 38.8378 81.0563 27.074 65.6655 36.1603 25.7099 70.0286 13.9284 59.3329 89.0414 75.1864 32.5576 64.0312 81.2571 92.4175 63.6003 44.6542 81.9419 55.3173 37.4434 49.5681 76.4199 55.0091 47.1699 47.0 84.119 47.8929 
48.14 85.0941 0.0 44.6743 25.02 45.7566 104.68 68.8801 39.0128 90.4528 20.3961 48.7955 34.5254 36.0555 21.9317 72.0176 95.6007 95.8019 78.5299 70.214 22.561 26.4197 30.0666 94.0479 70.3491 36.6197 71.3994 33.1361 62.9557 96.1445 47.2017 60.3523 100.421 65.2763 34.7131 61.7514 52.7046 72.6375 86.093 32.573 86.3016 57.6962 34.4384 13.0384 59.4054 85.9973 5.38516 25.4951 30.3645 69.0334 52.345 38.6394 66.1891 38.1182 37.2156 62.2656 58.4123 43.9318 55.0 38.5876 
17.1021 43.1856 44.6743 0.0 36.0 60.9171 60.0083 24.2426 73.8252 82.0557 41.3038 9.21954 43.9318 50.5933 23.2594 74.9738 51.5461 76.8961 33.8924 37.746 42.107 18.5149 25.5299 61.0918 41.1462 58.2598 36.9492 67.6043 27.7312 51.8652 65.9755 31.4018 55.7584 50.6551 53.9642 17.088 59.6122 28.0 57.0175 27.6586 41.6293 56.8992 60.792 33.1059 14.8661 78.8966 41.9349 59.6904 36.4676 36.4449 68.4688 36.703 49.2607 28.8694 35.1141 31.5394 25.824 5.65685 47.634 6.7082 
46.3249 79.1012 25.02 36.0 0.0 63.8977 94.1711 57.6093 64.0 102.005 7.07107 35.171 11.4018 54.2045 18.0278 84.9941 86.4928 104.154 63.7046 51.225 6.7082 25.0599 37.0135 92.6553 71.3092 58.5235 68.469 58.0345 59.3043 86.6833 68.542 43.8048 88.3336 78.8242 55.5428 52.345 72.3249 61.3667 87.5557 10.8167 75.9276 69.6118 57.7235 15.2315 48.0521 97.6166 27.2947 50.1597 44.0454 51.0392 72.0694 48.9183 77.4298 43.0465 12.3693 41.7253 40.8167 32.249 30.0167 32.3883 
47.7357 71.8327 45.7566 60.9171 63.8977 0.0 94.5019 73.3834 42.9535 44.9444 62.5348 68.1881 75.2067 10.0499 55.8162 26.4008 84.5506 53.0377 79.8429 92.4645 64.7278 49.5477 36.7189 63.6729 44.3118 21.0238 55.6501 38.8973 51.0361 85.286 20.8087 80.5425 94.3019 29.2653 17.72 64.0424 7.2111 77.1407 52.393 71.6954 78.4923 12.0416 26.9258 48.8108 70.3792 40.4969 40.5242 35.2278 24.4684 88.8638 17.4642 24.7149 30.6575 32.6743 80.1411 87.5667 81.8512 62.8659 96.9408 54.2198 
57.8014 23.3238 104.68 60.0083 94.1711 94.5019 0.0 42.9535 126.604 86.5794 100.285 59.0527 99.1413 100.337 83.2653 85.703 10.0 72.0069 32.0 51.6236 100.713 78.5203 79.5059 35.0143 47.4131 108.107 39.4081 121.101 43.8634 9.21954 114.352 50.8035 10.0 61.8595 103.267 42.9535 88.6871 48.8044 45.3982 84.0575 18.3848 82.3546 111.253 93.1122 46.1736 85.1587 101.339 114.56 85.7648 49.2544 104.964 77.7946 60.465 71.7073 88.8144 61.2046 56.0803 62.2977 92.1954 66.7136 
34.9617 31.9531 68.8801 24.2426 57.6093 73.3834 42.9535 0.0 98.0353 83.7525 63.7237 22.4909 56.3205 78.5203 47.2891 76.7807 36.0139 76.3537 13.4536 19.2354 64.1509 42.7251 49.74 50.2494 38.7245 86.2908 29.8551 91.8144 23.6595 36.0555 93.3151 8.0 37.1618 52.3528 81.9089 10.2426 72.0785 12.2426 50.9117 41.1381 25.0799 69.2227 85.0021 57.082 9.62781 80.5944 66.1451 83.9006 64.4025 15.6525 88.2327 56.4636 50.9584 50.345 46.0977 23.6008 15.2315 25.7833 52.2015 30.9184 
79.5115 104.258 39.0128 73.8252 64.0 42.9535 126.604 98.0353 0.0 81.0247 59.2115 80.5295 73.3348 34.6699 56.0446 63.3877 116.726 93.3809 107.685 104.318 61.2944 56.4624 50.2195 106.626 83.8966 21.9317 88.1634 6.32456 82.851 117.414 27.0185 105.194 126.505 72.218 25.5539 95.9004 47.1275 101.793 95.3456 70.5762 110.282 53.7587 16.1245 50.3587 88.6185 77.1038 37.2156 14.5602 41.0366 103.017 35.0143 48.9589 73.6102 55.9732 76.0592 97.719 92.3956 75.1532 94.0053 67.1193 
65.0783 66.0303 90.4528 82.0557 102.005 44.9444 86.5794 83.7525 81.0247 0.0 103.175 89.8196 113.071 54.7083 84.0238 18.6815 78.1025 17.8045 88.7694 102.834 105.119 77.3369 65.0 52.1728 45.607 61.4003 55.5428 79.1012 60.1703 79.1012 54.0093 90.9116 92.0217 35.3553 60.0167 74.4116 37.9473 87.5098 41.1947 99.1574 79.3095 33.541 67.2681 89.0449 80.7484 4.47214 85.0741 77.9295 60.1282 99.2329 46.0109 53.2541 35.7771 59.4643 107.635 111.255 105.539 85.2048 124.373 79.3768 
50.3587 84.4808 20.3961 41.3038 7.07107 62.5348 100.285 63.7237 59.2115 103.175 0.0 41.4367 14.1421 52.8416 20.6155 85.8507 92.4175 106.129 70.363 58.258 2.23607 27.8927 38.4708 97.1854 75.1332 55.9017 73.0616 53.4603 64.0078 92.6499 66.242 50.4631 94.992 81.5376 53.3385 58.0517 73.1815 67.4811 91.4116 17.8045 82.0061 70.4684 54.4243 14.2127 54.1202 98.737 23.7697 45.8912 43.9318 58.0086 70.4557 49.93 80.1431 45.31 18.7883 48.7955 47.7074 38.0789 35.2278 37.0 
24.8661 45.2769 48.7955 9.21954 35.171 68.1881 59.0527 22.4909 80.5295 89.8196 41.4367 0.0 41.0 57.8643 26.8701 82.7377 51.4782 84.66 39.9497 30.032 41.7612 24.1868 32.8009 61.3514 46.2485 65.5308 38.2066 74.2496 31.099 51.6236 73.2465 20.0499 54.0952 58.419 61.2352 18.2483 67.3761 26.2483 59.6006 25.1794 40.8093 64.6631 68.0074 36.2353 13.0384 86.6606 46.8615 66.1891 43.7386 28.7309 75.7399 43.974 57.0246 36.1404 31.1448 23.8254 18.11 5.38516 40.8403 14.1421 
55.7136 86.1452 34.5254 43.9318 11.4018 75.2067 99.1413 56.3205 73.3348 113.071 14.1421 41.0 0.0 65.5134 29.0689 96.2199 92.2685 115.054 67.6831 52.3259 12.0416 35.805 48.1664 101.058 80.6536 69.4622 76.915 67.6018 67.697 92.3472 79.6241 48.3735 92.4175 89.4977 66.6408 59.0762 83.5507 67.0762 96.7678 16.2788 81.3941 80.8376 68.3081 26.4197 54.0093 108.706 37.6431 60.0167 55.4437 52.9245 83.3547 60.1415 88.1032 53.8238 10.4403 42.0595 43.6807 39.3192 21.8403 41.4367 
52.7905 77.6677 36.0555 50.5933 54.2045 10.0499 100.337 78.5203 34.6699 54.7083 52.8416 57.8643 65.5134 0.0 39.0725 36.0555 90.3856 63.0714 84.9798 83.3027 55.0346 35.8975 25.4778 73.0594 57.1699 13.4536 61.4851 29.9666 56.0405 91.121 18.1108 85.6794 99.3726 38.6519 9.21954 69.1793 16.7631 82.2776 61.7795 56.1201 83.5612 22.0907 18.6011 39.1176 65.3866 50.2892 30.8058 25.4951 14.7752 94.0007 18.9737 22.2322 40.044 29.6847 63.7706 77.0961 71.3807 52.5421 82.0477 43.896 
30.0167 65.5188 21.9317 23.2594 18.0278 55.8162 83.2653 47.2891 56.0446 84.0238 20.6155 26.8701 29.0689 39.0725 0.0 67.1806 74.7825 86.1321 56.9389 48.8777 22.1359 7.28011 19.105 77.0065 54.599 45.2769 53.0377 49.7293 44.1814 75.1071 54.3415 38.8955 78.8923 60.9732 41.5933 40.337 54.5114 51.0465 70.8773 17.088 64.8872 51.7983 46.0109 9.84886 37.7359 79.6492 20.2485 41.4849 27.2947 47.5766 56.9481 31.1127 59.5788 25.0599 25.0599 41.7852 36.9556 22.0227 43.0813 17.72 
57.9965 63.0635 72.0176 74.9738 84.9941 26.4008 85.703 76.7807 63.3877 18.6815 85.8507 82.7377 96.2199 36.0555 67.1806 0.0 76.243 30.3645 82.201 95.8619 87.824 60.8769 48.0833 54.3783 39.4588 43.0465 49.4279 61.0082 53.1976 77.201 36.4966 83.9398 89.2693 26.0192 41.4367 67.4398 19.3132 80.5381 42.19 82.9759 74.8131 15.6205 49.0102 71.6909 73.7766 14.3178 66.7852 59.4138 42.7539 92.2611 28.6356 36.0793 27.074 43.6005 91.4385 103.176 97.4607 77.5204 108.207 65.4421 
48.2597 13.4164 95.6007 51.5461 86.4928 84.5506 10.0 36.0139 116.726 78.1025 92.4175 51.4782 92.2685 90.3856 74.7825 76.243 0.0 64.3817 27.2029 47.7598 92.9624 69.5492 69.6285 27.8927 37.5766 98.1561 29.4109 111.224 34.0588 1.0 104.4 44.0114 14.1421 52.1699 93.392 34.4819 78.9976 41.2415 37.0 76.6551 11.0454 72.665 101.377 84.6294 38.4708 76.4199 91.8448 104.682 75.8874 44.9222 95.274 67.8823 50.7755 61.8299 82.0975 56.5155 50.2494 54.3415 87.1321 58.2309 
59.9188 53.6004 95.8019 76.8961 104.154 53.0377 72.0069 76.3537 93.3809 17.8045 106.129 84.66 115.054 63.0714 86.1321 30.3645 64.3817 0.0 79.2023 95.4149 107.902 79.2029 67.7791 37.0 37.8021 72.3395 46.6476 90.5539 53.4135 65.3758 66.7083 83.5128 78.5175 32.7567 70.0643 67.2282 47.0425 80.111 27.8927 99.7105 67.4463 41.0122 78.4092 92.477 73.565 19.2094 90.471 88.0227 65.5134 91.8096 58.9406 57.28 32.45 61.2195 107.803 99.9139 91.3464 80.0452 121.415 74.2172 
41.4212 28.2843 78.5299 33.8924 63.7046 79.8429 32.0 13.4536 107.685 88.7694 70.363 39.9497 67.6831 84.9798 56.9389 82.201 27.2029 79.2023 0.0 20.6155 70.4033 52.3749 58.6491 48.1041 43.1741 92.7503 33.2415 101.464 30.0 26.9258 99.7746 20.1246 24.7386 57.7731 88.3684 19.3132 78.538 21.8924 51.9711 53.1413 16.5529 75.6823 93.9112 66.7318 19.2776 85.9069 75.7949 93.5504 70.862 17.72 94.6922 62.9231 56.3787 56.8045 57.2713 29.4279 24.1868 35.4331 60.2993 40.5682 
54.0428 48.0104 70.214 37.746 51.225 92.4645 51.6236 19.2354 104.318 102.834 58.258 30.032 52.3259 83.3027 48.8777 95.8619 47.7598 95.4149 20.6155 0.0 57.8014 48.0624 58.3381 67.4759 57.8057 90.7997 48.8262 97.9964 42.7406 47.4342 98.685 17.0294 43.0465 71.434 86.6089 29.3238 91.1597 31.3238 69.527 40.4599 37.1618 88.3039 92.75 57.2014 28.709 99.6755 69.1158 89.8069 69.3238 3.60555 101.325 75.5447 70.0395 61.7256 42.0595 10.4403 12.083 32.2681 41.0488 40.7881 
51.6236 85.2877 22.561 42.107 6.7082 64.7278 100.713 64.1509 61.2944 105.119 2.23607 41.7612 12.0416 55.0346 22.1359 87.824 92.9624 107.902 70.4033 57.8014 0.0 29.4109 40.3113 98.326 76.4853 58.1378 74.1687 55.5788 65.0692 93.1719 68.4763 50.5035 95.0324 83.1089 55.5698 58.6941 75.1548 67.9083 92.7631 17.4929 82.4621 72.4418 56.648 16.2788 54.5711 100.688 26.0 48.0521 46.0109 57.6888 72.6705 51.8652 81.7144 47.0106 17.4929 48.1664 47.5079 38.6394 33.3766 38.0526 
23.0217 59.203 26.4197 18.5149 25.0599 49.5477 78.5203 42.7251 56.4624 77.3369 27.8927 24.1868 35.805 35.8975 7.28011 60.8769 69.5492 79.2029 52.3749 48.0624 29.4109 0.0 13.0384 70.0071 47.4123 43.0465 46.1736 50.1597 37.4833 70.093 51.2445 38.0803 74.2616 53.7032 39.0 35.592 48.2429 46.4824 63.6906 22.2036 60.1422 45.5298 44.7214 16.1245 33.3082 73.0 23.4307 42.0476 22.8035 46.7613 53.7731 25.0 52.3732 18.0278 30.6105 41.7732 36.1404 18.868 47.8853 12.2066 
32.4138 57.3667 30.0666 25.5299 37.0135 36.7189 79.5059 49.74 50.2195 65.0 38.4708 32.8009 48.1664 25.4778 19.105 48.0833 69.6285 67.7791 58.6491 58.3381 40.3113 13.0384 0.0 64.1327 40.3113 33.2415 41.8158 44.2041 35.7533 70.319 40.8601 56.8992 79.4078 36.0351 28.8664 48.8027 35.4141 53.4974 56.0357 35.2278 63.6663 32.701 36.2491 24.6982 40.3232 60.6053 25.318 36.7967 11.0454 57.037 43.3534 12.0416 36.9064 8.06226 43.6005 52.1315 46.416 27.4787 60.9016 18.8326 
47.0 19.8494 94.0479 61.0918 92.6553 63.6729 35.0143 50.2494 106.626 52.1728 97.1854 61.3514 101.058 73.0594 77.0065 54.3783 27.8927 37.0 48.1041 67.4759 98.326 70.0071 64.1327 0.0 24.0416 84.6947 24.1868 102.527 33.3766 28.8617 83.2406 57.5428 41.9762 34.4093 81.3376 43.4626 61.0737 54.1411 12.2066 84.8173 33.2866 54.5619 90.5935 86.0523 49.6588 51.2445 89.4427 96.5724 68.0095 64.0312 77.1557 58.9838 33.0151 56.0892 91.9556 73.7835 65.3765 61.9165 102.139 60.2993 
25.0 24.1661 70.3491 41.1462 71.3092 44.3118 47.4131 38.7245 83.8966 45.607 75.1332 46.2485 80.6536 57.1699 54.599 39.4588 37.5766 37.8021 43.1741 57.8057 76.4853 47.4123 40.3113 24.0416 0.0 65.3337 10.0499 78.5419 15.6205 38.4838 63.9572 45.8836 50.0 15.0499 60.5585 29.468 41.8775 42.4819 16.2788 64.622 35.3553 35.545 68.5436 63.1269 35.8048 42.7551 65.6201 72.5767 44.0114 54.205 58.1539 34.9881 13.6554 32.249 72.4983 62.2848 53.7173 44.2953 85.6648 39.2173 
60.561 85.4382 36.6197 58.2598 58.5235 21.0238 108.107 86.2908 21.9317 61.4003 55.9017 65.5308 69.4622 13.4536 45.2769 43.0465 98.1561 72.3395 92.7503 90.7997 58.1378 43.0465 33.2415 84.6947 65.3337 0.0 69.2556 18.2483 63.811 98.8915 10.6301 93.4499 107.143 50.2872 4.47214 76.9499 25.4951 90.0481 73.4148 61.9839 91.3317 32.0156 6.08276 43.3244 73.0531 57.2189 32.249 16.7631 22.5457 89.4986 17.0 30.0027 51.6794 37.4552 69.1231 84.5931 78.8777 60.2086 87.5557 51.5625 
23.1948 16.2788 71.3994 36.9492 68.469 55.6501 39.4081 29.8551 88.1634 55.5428 73.0616 38.2066 76.915 61.4851 53.0377 49.4279 29.4109 46.6476 33.2415 48.8262 74.1687 46.1736 41.8158 24.1868 10.0499 69.2556 0.0 82.801 9.21954 30.2324 75.4997 37.0143 40.8534 25.0 64.8737 21.2603 51.8277 33.6125 21.4009 60.6746 25.7099 45.4951 72.8588 62.2896 27.6586 52.7731 66.9415 76.5506 47.7074 45.2217 68.1041 39.2046 23.6056 34.0147 68.3286 53.4154 44.8479 38.683 79.0342 36.1248 
74.0092 98.8585 33.1361 67.6043 58.0345 38.8973 121.101 91.8144 6.32456 79.1012 53.4603 74.2496 67.6018 29.9666 49.7293 61.0082 111.224 90.5539 101.464 97.9964 55.5788 50.1597 44.2041 102.527 78.5419 18.2483 82.801 0.0 77.3487 111.914 25.4951 98.9735 121.003 68.1197 21.1896 90.398 43.7379 95.5718 91.2473 64.3817 105.262 50.2195 12.1655 44.1814 82.3976 75.0267 31.0644 8.24621 35.3836 96.6953 33.3766 43.6005 69.5118 50.2096 70.0071 91.3947 86.0744 68.8767 88.0511 60.9016 
14.8661 22.3607 62.9557 27.7312 59.3043 51.0361 43.8634 23.6595 82.851 60.1703 64.0078 31.099 67.697 56.0405 44.1814 53.1976 34.0588 53.4135 30.0 42.7406 65.0692 37.4833 35.7533 33.3766 15.6205 63.811 9.21954 77.3487 0.0 34.7131 70.8858 30.8186 43.2666 28.7697 59.4291 14.3186 49.7313 27.4168 30.0167 51.4566 27.4591 46.8755 67.5037 53.6004 20.6554 57.0113 59.1128 70.8071 42.0122 39.1399 65.8855 34.0588 27.3753 27.9547 59.1106 47.2197 38.6522 30.8803 71.9267 27.0185 
48.8262 14.3178 96.1445 51.8652 86.6833 85.286 9.21954 36.0555 117.414 79.1012 92.6499 51.6236 92.3472 91.121 75.1071 77.201 1.0 65.3758 26.9258 47.4342 93.1719 70.093 70.319 28.8617 38.4838 98.8915 30.2324 111.914 34.7131 0.0 105.136 44.0454 13.1529 53.1041 94.0841 34.7851 79.9317 41.3766 38.0 76.7932 11.0 73.5992 102.069 84.954 38.6394 77.4145 92.3887 105.373 76.5778 44.643 96.2081 68.593 51.7096 62.5203 82.1523 56.2939 50.1597 54.5711 86.977 58.5554 
67.5853 91.6823 47.2017 65.9755 68.542 20.8087 114.352 93.3151 27.0185 54.0093 66.242 73.2465 79.6241 18.1108 54.3415 36.4966 104.4 66.7083 99.7746 98.685 68.4763 51.2445 40.8601 83.2406 63.9572 10.6301 75.4997 25.4951 70.8858 105.136 0.0 100.474 114.151 48.9183 13.0 83.9741 22.2036 97.0724 71.6101 71.3092 98.342 28.8444 14.7648 53.3104 80.7688 50.0899 42.72 26.4197 30.1575 108.795 8.0 37.6144 50.3289 45.0669 78.7464 92.4784 86.7629 67.9244 97.1236 59.2782 
42.1208 39.562 60.3523 31.4018 43.8048 80.5425 50.8035 8.0 105.194 90.9116 50.4631 20.0499 48.3735 85.6794 38.8955 83.9398 44.0114 83.5128 20.1246 17.0294 50.5035 38.0803 56.8992 57.5428 45.8836 93.4499 37.0143 98.9735 30.8186 44.0454 100.474 0.0 44.5982 59.5119 89.068 17.4018 79.2376 19.4018 58.0708 33.2665 33.0606 76.3818 92.1613 47.4004 16.7869 87.7535 59.1347 91.0597 71.5616 14.0357 95.3918 63.6227 58.1175 57.5041 38.1182 17.8045 8.48528 22.2859 44.5982 38.0775 
56.2258 26.3059 100.421 55.7584 88.3336 94.3019 10.0 37.1618 126.505 92.0217 94.992 54.0952 92.4175 99.3726 78.8923 89.2693 14.1421 78.5175 24.7386 43.0465 95.0324 74.2616 79.4078 41.9762 50.0 107.143 40.8534 121.003 43.2666 13.1529 114.151 44.5982 0.0 64.9083 102.761 39.2046 91.7359 43.8469 51.0392 77.7946 15.8114 85.4034 110.746 88.6848 41.2321 90.1998 97.6816 114.462 85.6666 41.0122 109.151 77.3159 63.5138 71.6091 82.0 53.0094 48.8365 57.3876 84.0 62.4549 
33.6778 38.8378 65.2763 50.6551 78.8242 29.2653 61.8595 52.3528 72.218 35.3553 81.5376 58.419 89.4977 38.6519 60.9732 26.0192 52.1699 32.7567 57.7731 71.434 83.1089 53.7032 36.0351 34.4093 15.0499 50.2872 25.0 68.1197 28.7697 53.1041 48.9183 59.5119 64.9083 0.0 46.9301 43.0119 26.8701 56.1102 23.2594 73.4695 50.3982 20.6155 56.186 60.7207 49.3487 31.7805 60.1332 63.0256 36.1248 67.8333 43.1856 27.0185 1.41421 29.4433 81.5619 79.8541 67.3456 53.8042 95.1425 47.9762 
56.1791 81.0563 34.7131 53.9642 55.5428 17.72 103.267 81.9089 25.5539 60.0167 53.3385 61.2352 66.6408 9.21954 41.5933 41.4367 93.392 70.0643 88.3684 86.6089 55.5698 39.0 28.8664 81.3376 60.5585 4.47214 64.8737 21.1896 59.4291 94.0841 13.0 89.068 102.761 46.9301 0.0 72.5679 23.0217 85.6662 70.0577 58.4637 86.9498 29.2746 9.43398 40.3113 68.7575 55.7315 30.0 18.0278 18.1638 85.3078 17.6918 25.6208 48.3223 33.0733 65.8027 80.4023 74.6868 55.9131 84.2021 47.2669 
25.6208 27.074 61.7514 17.088 52.345 64.0424 42.9535 10.2426 95.9004 74.4116 58.0517 18.2483 59.0762 69.1793 40.337 67.4398 34.4819 67.2282 19.3132 29.3238 58.6941 35.592 48.8027 43.4626 29.468 76.9499 21.2603 90.398 14.3186 34.7851 83.9741 17.4018 39.2046 43.0119 72.5679 0.0 62.7376 14.0 42.638 43.0 24.5967 59.8818 80.553 50.1839 6.40312 71.2534 59.0121 83.8565 55.0615 25.7231 78.8918 47.1227 41.6175 41.004 49.366 33.8029 25.2354 20.0998 58.8707 23.7853 
46.4308 65.6655 52.7046 59.6122 72.3249 7.2111 88.6871 72.0785 47.1275 37.9473 73.1815 67.3761 83.5507 16.7631 54.5114 19.3132 78.9976 47.0425 78.538 91.1597 75.1548 48.2429 35.4141 61.0737 41.8775 25.4951 51.8277 43.7379 49.7313 79.9317 22.2036 79.2376 91.7359 26.8701 23.0217 62.7376 0.0 75.8359 49.4065 70.3906 77.1875 6.7082 31.5753 59.0217 69.0744 33.5261 47.4722 41.0 30.0847 87.5589 16.4012 23.4101 28.2843 31.3694 78.8363 86.2618 80.5464 61.5611 95.6359 52.9149 
38.719 36.1603 72.6375 28.0 61.3667 77.1407 48.8044 12.2426 101.793 87.5098 67.4811 26.2483 67.0762 82.2776 51.0465 80.5381 41.2415 80.111 21.8924 31.3238 67.9083 46.4824 53.4974 54.1411 42.4819 90.0481 33.6125 95.5718 27.4168 41.3766 97.0724 19.4018 43.8469 56.1102 85.6662 14.0 75.8359 0.0 54.669 51.4166 30.561 72.9801 88.7595 60.8394 13.3852 84.3517 69.9025 87.6579 68.1598 27.7231 91.99 60.2209 54.7157 54.1023 41.0 35.8029 27.2354 29.5407 63.9732 34.6757 
41.2311 25.7099 86.093 57.0175 87.5557 52.393 45.3982 50.9117 95.3456 41.1947 91.4116 59.6006 96.7678 61.7795 70.8773 42.19 37.0 27.8927 51.9711 69.527 92.7631 63.6906 56.0357 12.2066 16.2788 73.4148 21.4009 91.2473 30.0167 38.0 71.6101 58.0708 51.0392 23.2594 70.0577 42.638 49.4065 54.669 0.0 80.6536 39.5601 42.8019 79.3136 79.3095 49.0408 39.8121 81.2219 86.099 58.6813 65.9469 65.2993 49.6555 21.9317 48.0104 88.3969 74.4719 65.9044 60.1665 100.428 55.3624 
39.8121 70.0286 32.573 27.6586 10.8167 71.6954 84.0575 41.1381 70.5762 99.1574 17.8045 25.1794 16.2788 56.1201 17.088 82.9759 76.6551 99.7105 53.1413 40.4599 17.4929 22.2036 35.2278 84.8173 64.622 61.9839 60.6746 64.3817 51.4566 76.7932 71.3092 33.2665 77.7946 73.4695 58.4637 43.0 70.3906 51.4166 80.6536 0.0 65.9776 67.6775 62.2013 20.2237 38.2099 94.8478 33.3766 56.2228 44.2832 40.2244 73.9957 47.2017 72.075 39.7214 8.48528 31.1448 30.0167 23.0868 26.0 25.4951 
40.4844 13.9284 86.3016 41.6293 75.9276 78.4923 18.3848 25.0799 110.282 79.3095 82.0061 40.8093 81.3941 83.5612 64.8872 74.8131 11.0454 67.4463 16.5529 37.1618 82.4621 60.1422 63.6663 33.2866 35.3553 91.3317 25.7099 105.262 27.4591 11.0 98.342 33.0606 15.8114 50.3982 86.9498 24.5967 77.1875 30.561 39.5601 65.9776 0.0 70.8933 94.9349 74.7341 27.8927 77.0584 84.0219 98.7201 69.4434 34.176 93.3417 61.5045 49.0038 55.8677 71.1758 45.607 39.2046 43.9659 76.1183 48.3356 
43.5751 59.3329 57.6962 56.8992 69.6118 12.0416 82.3546 69.2227 53.7587 33.541 70.4684 64.6631 80.8376 22.0907 51.7983 15.6205 72.665 41.0122 75.6823 88.3039 72.4418 45.5298 32.701 54.5619 35.545 32.0156 45.4951 50.2195 46.8755 73.5992 28.8444 76.3818 85.4034 20.6155 29.2746 59.8818 6.7082 72.9801 42.8019 67.6775 70.8933 0.0 38.0789 56.3087 66.2186 29.0689 52.3175 47.0956 27.3716 84.7032 22.6274 20.697 22.0227 28.6531 76.1232 83.5488 77.8333 58.848 92.9666 50.2019 
64.1642 89.0414 34.4384 60.792 57.7235 26.9258 111.253 85.0021 16.1245 67.2681 54.4243 68.0074 68.3081 18.6011 46.0109 49.0102 101.377 78.4092 93.9112 92.75 56.648 44.7214 36.2491 90.5935 68.5436 6.08276 72.8588 12.1655 67.5037 102.069 14.7648 92.1613 110.746 56.186 9.43398 80.553 31.5753 88.7595 79.3136 62.2013 94.9349 38.0789 0.0 42.7551 75.5853 63.1269 30.6757 11.6619 26.0768 91.4489 22.1359 33.6059 57.5782 41.0488 68.884 86.4928 80.828 62.6418 87.2983 54.0947 
39.1152 75.1864 13.0384 33.1059 15.2315 48.8108 93.1122 57.082 50.3587 89.0449 14.2127 36.2353 26.4197 39.1176 9.84886 71.6909 84.6294 92.477 66.7318 57.2014 16.2788 16.1245 24.6982 86.0523 63.1269 43.3244 62.2896 44.1814 53.6004 84.954 53.3104 47.4004 88.6848 60.7207 40.3113 50.1839 59.0217 60.8394 79.3095 20.2237 74.7341 56.3087 42.7551 0.0 47.5079 84.5991 13.1529 36.0555 29.7321 56.0803 56.9386 35.8469 67.1665 32.0156 26.1725 49.2443 45.4533 31.6228 44.5533 27.5136 
31.9576 32.5576 59.4054 14.8661 48.0521 70.3792 46.1736 9.62781 88.6185 80.7484 54.1202 13.0384 54.0093 65.3866 37.7359 73.7766 38.4708 73.565 19.2776 28.709 54.5711 33.3082 40.3232 49.6588 35.8048 73.0531 27.6586 82.3976 20.6554 38.6394 80.7688 16.7869 41.2321 49.3487 68.7575 6.40312 69.0744 13.3852 49.0408 38.2099 27.8927 66.2186 75.5853 47.5079 0.0 77.5902 56.7283 74.4837 51.2609 25.1082 85.2286 51.4963 47.9543 43.6627 44.0454 33.188 24.6205 16.1555 61.3584 21.5015 
61.9193 64.0312 85.9973 78.8966 97.6166 40.4969 85.1587 80.5944 77.1038 4.47214 98.737 86.6606 108.706 50.2892 79.6492 14.3178 76.4199 19.2094 85.9069 99.6755 100.688 73.0 60.6053 51.2445 42.7551 57.2189 52.7731 75.0267 57.0113 77.4145 50.0899 87.7535 90.1998 31.7805 55.7315 71.2534 33.5261 84.3517 39.8121 94.8478 77.0584 29.0689 63.1269 84.5991 77.5902 0.0 80.6187 73.6817 55.6728 96.0748 42.107 48.8262 32.311 55.1725 103.325 108.096 102.38 82.0457 120.063 76.2177 
44.2971 81.2571 5.38516 41.9349 27.2947 40.5242 101.339 66.1451 37.2156 85.0741 23.7697 46.8615 37.6431 30.8058 20.2485 66.7852 91.8448 90.471 75.7949 69.1158 26.0 23.4307 25.318 89.4427 65.6201 32.249 66.9415 31.0644 59.1128 92.3887 42.72 59.1347 97.6816 60.1332 30.0 59.0121 47.4722 69.9025 81.2219 33.3766 84.0219 52.3175 30.6757 13.1529 56.7283 80.6187 0.0 23.0 25.0 67.8157 47.5079 33.3766 61.0737 33.3766 39.0128 61.7414 57.1948 41.7732 57.2189 35.609 
67.4676 92.4175 25.4951 59.6904 50.1597 35.2278 114.56 83.9006 14.5602 77.9295 45.8912 66.1891 60.0167 25.4951 41.4849 59.4138 104.682 88.0227 93.5504 89.8069 48.0521 42.0476 36.7967 96.5724 72.5767 16.7631 76.5506 8.24621 70.8071 105.373 26.4197 91.0597 114.462 63.0256 18.0278 83.8565 41.0 87.6579 86.099 56.2228 98.7201 47.0956 11.6619 36.0555 74.4837 73.6817 23.0 0.0 28.8444 88.5058 33.6155 37.5899 64.2607 43.2782 62.0081 83.1685 77.8848 60.8276 80.1561 53.0 
38.6727 63.6003 30.3645 36.4676 44.0454 24.4684 85.7648 64.4025 41.0366 60.1282 43.9318 43.7386 55.4437 14.7752 27.2947 42.7539 75.8874 65.5134 70.862 69.3238 46.0109 22.8035 11.0454 68.0095 44.0114 22.5457 47.7074 35.3836 42.0122 76.5778 30.1575 71.5616 85.6666 36.1248 18.1638 55.0615 30.0847 68.1598 58.6813 44.2832 69.4434 27.3716 26.0768 29.7321 51.2609 55.6728 25.0 28.8444 0.0 68.0227 32.6508 9.21954 37.2156 15.0 52.3546 63.1172 57.4018 38.4165 70.2638 29.7703 
50.4421 44.6542 69.0334 36.4449 51.0392 88.8638 49.2544 15.6525 103.017 99.2329 58.0086 28.7309 52.9245 94.0007 47.5766 92.2611 44.9222 91.8096 17.72 3.60555 57.6888 46.7613 57.037 64.0312 54.205 89.4986 45.2217 96.6953 39.1399 44.643 108.795 14.0357 41.0122 67.8333 85.3078 25.7231 87.5589 27.7231 65.9469 40.2244 34.176 84.7032 91.4489 56.0803 25.1082 96.0748 67.8157 88.5058 68.0227 0.0 103.713 71.944 66.4388 65.8254 42.5441 12.0 10.6301 30.967 43.0116 39.487 
62.585 81.9419 52.345 68.4688 72.0694 17.4642 104.964 88.2327 35.0143 46.0109 70.4557 75.7399 83.3547 18.9737 56.9481 28.6356 95.274 58.9406 94.6922 101.325 72.6705 53.7731 43.3534 77.1557 58.1539 17.0 68.1041 33.3766 65.8855 96.2081 8.0 95.3918 109.151 43.1856 17.6918 78.8918 16.4012 91.99 65.2993 73.9957 93.3417 22.6274 22.1359 56.9386 85.2286 42.107 47.5079 33.6155 32.6508 103.713 0.0 39.5642 44.5982 47.5236 81.6462 95.1185 89.403 70.4177 99.9233 61.7716 
30.7338 55.3173 38.6394 36.703 48.9183 24.7149 77.7946 56.4636 48.9589 53.2541 49.93 43.974 60.1415 22.2322 31.1127 36.0793 67.8823 57.28 62.9231 75.5447 51.8652 25.0 12.0416 58.9838 34.9881 30.0027 39.2046 43.6005 34.0588 68.593 37.6144 63.6227 77.3159 27.0185 25.6208 47.1227 23.4101 60.2209 49.6555 47.2017 61.5045 20.697 33.6059 35.8469 51.4963 48.8262 33.3766 37.5899 9.21954 71.944 39.5642 0.0 28.0713 10.0 55.6058 63.3526 57.6371 38.6519 72.7186 30.0057 
32.2833 37.4434 66.1891 49.2607 77.4298 30.6575 60.465 50.9584 73.6102 35.7771 80.1431 57.0246 88.1032 40.044 59.5788 27.074 50.7755 32.45 56.3787 70.0395 81.7144 52.3732 36.9064 33.0151 13.6554 51.6794 23.6056 69.5118 27.3753 51.7096 50.3289 58.1175 63.5138 1.41421 48.3223 41.6175 28.2843 54.7157 21.9317 72.075 49.0038 22.0227 57.5782 67.1665 47.9543 32.311 61.0737 64.2607 37.2156 66.4388 44.5982 28.0713 0.0 35.1809 80.1675 74.5186 65.9511 52.4098 93.7481 46.5818 
24.6152 49.5681 38.1182 28.8694 43.0465 32.6743 71.7073 50.345 55.9732 59.4643 45.31 36.1404 53.8238 29.6847 25.0599 43.6005 61.8299 61.2195 56.8045 61.7256 47.0106 18.0278 8.06226 56.0892 32.249 37.4552 34.0147 50.2096 27.9547 62.5203 45.0669 57.5041 71.6091 29.4433 33.0733 41.004 31.3694 54.1023 48.0104 39.7214 55.8677 28.6531 41.0488 32.0156 43.6627 55.1725 33.3766 43.2782 15.0 65.8254 47.5236 10.0 35.1809 0.0 48.1985 55.519 49.8035 30.8182 64.9368 22.1721 
47.8853 76.4199 37.2156 35.1141 12.3693 80.1411 88.8144 46.0977 76.0592 107.635 18.7883 31.1448 10.4403 63.7706 25.0599 91.4385 82.0975 107.803 57.2713 42.0595 17.4929 30.6105 43.6005 91.9556 72.4983 69.1231 68.3286 70.0071 59.1106 82.1523 78.7464 38.1182 82.0 81.5619 65.8027 49.366 78.8363 41.0 88.3969 8.48528 71.1758 76.1232 68.884 26.1725 44.0454 103.325 39.0128 62.0081 52.3546 42.5441 81.6462 55.6058 80.1675 48.1985 0.0 31.9061 33.2415 30.0832 18.4391 33.6155 
46.3011 55.0091 62.2656 31.5394 41.7253 87.5667 61.2046 23.6008 97.719 111.255 48.7955 23.8254 42.0595 77.0961 41.7852 103.176 56.5155 99.9139 29.4279 10.4403 48.1664 41.7732 52.1315 73.7835 62.2848 84.5931 53.4154 91.3947 47.2197 56.2939 92.4784 17.8045 53.0094 79.8541 80.4023 33.8029 86.2618 35.8029 74.4719 31.1448 45.607 83.5488 86.4928 49.2443 33.188 108.096 61.7414 83.1685 63.1172 12.0 95.1185 63.3526 74.5186 55.519 31.9061 0.0 9.43398 26.0615 31.0161 34.5815 
40.5856 47.1699 58.4123 25.824 40.8167 81.8512 56.0803 15.2315 92.3956 105.539 47.7074 18.11 43.6807 71.3807 36.9556 97.4607 50.2494 91.3464 24.1868 12.083 47.5079 36.1404 46.416 65.3765 53.7173 78.8777 44.8479 86.0744 38.6522 50.1597 86.7629 8.48528 48.8365 67.3456 74.6868 25.2354 80.5464 27.2354 65.9044 30.0167 39.2046 77.8333 80.828 45.4533 24.6205 102.38 57.1948 77.8848 57.4018 10.6301 89.403 57.6371 65.9511 49.8035 33.2415 9.43398 0.0 20.346 37.108 28.866 
20.2512 47.0 43.9318 5.65685 32.249 62.8659 62.2977 25.7833 75.1532 85.2048 38.0789 5.38516 39.3192 52.5421 22.0227 77.5204 54.3415 80.0452 35.4331 32.2681 38.6394 18.868 27.4787 61.9165 44.2953 60.2086 38.683 68.8767 30.8803 54.5711 67.9244 22.2859 57.3876 53.8042 55.9131 20.0998 61.5611 29.5407 60.1665 23.0868 43.9659 58.848 62.6418 31.6228 16.1555 82.0457 41.7732 60.8276 38.4165 30.967 70.4177 38.6519 52.4098 30.8182 30.0832 26.0615 20.346 0.0 42.0119 9.0 
61.6198 84.119 55.0 47.634 30.0167 96.9408 92.1954 52.2015 94.0053 124.373 35.2278 40.8403 21.8403 82.0477 43.0813 108.207 87.1321 121.415 60.2993 41.0488 33.3766 47.8853 60.9016 102.139 85.6648 87.5557 79.0342 88.0511 71.9267 86.977 97.1236 44.5982 84.0 95.1425 84.2021 58.8707 95.6359 63.9732 100.428 26.0 76.1183 92.9666 87.2983 44.5533 61.3584 120.063 57.2189 80.1561 70.2638 43.0116 99.9233 72.7186 93.7481 64.9368 18.4391 31.0161 37.108 42.0119 0.0 48.1041 
14.3178 47.8929 38.5876 6.7082 32.3883 54.2198 66.7136 30.9184 67.1193 79.3768 37.0 14.1421 41.4367 43.896 17.72 65.4421 58.2309 74.2172 40.5682 40.7881 38.0526 12.2066 18.8326 60.2993 39.2173 51.5625 36.1248 60.9016 27.0185 58.5554 59.2782 38.0775 62.4549 47.9762 47.2669 23.7853 52.9149 34.6757 55.3624 25.4951 48.3356 50.2019 54.0947 27.5136 21.5015 76.2177 35.609 53.0 29.7703 39.487 61.7716 30.0057 46.5818 22.1721 33.6155 34.5815 28.866 9.0 48.1041 0.0 
DEMAND_SCENARIO_SECTION
0 0 0 0 0 0 0 0 0 0 0 0 0 0 0 0 0 0 0 0 0 0 0 0 0 0 0 0 0 0 0 0 0 0 0 0 0 0 0 0 0 0 0 0 0 0 0 0 0 0 0 0 0 0 0 0 0 0 0 0 0 0 0 0 0 0 0 0 0 0 0 0 0 0 0 0 0 0 0 0 0 0 0 0 0 0 0 0 0 0 0 0 0 0 0 0 0 0 0 0 0 0 0 0 0 0 0 0 0 0 0 0 0 0 0 0 0 0 0 0 0 0 0 0 0 0 0 0 0 0 0 0 0 0 0 0 0 0 0 0 0 0 0 0 0 0 0 0 0 0 0 0 0 0 0 0 0 0 0 0 0 0 0 0 0 0 0 0 0 0 0 0 0 0 0 0 0 0 0 0 0 0 0 0 0 0 0 0 0 0 0 0 0 0 0 0 0 0 0 0 
3 4 5 4 4 4 2 5 4 6 2 3 6 5 2 4 3 4 2 3 4 2 4 7 5 1 4 4 5 6 6 3 3 4 3 4 5 3 3 5 3 4 5 5 5 5 4 2 3 4 3 6 5 3 3 2 2 6 5 4 4 7 2 4 5 6 4 4 3 5 0 4 2 3 2 4 5 4 2 4 3 2 3 4 3 4 5 4 5 5 3 5 5 5 4 5 5 4 6 4 4 5 6 4 6 4 5 3 5 6 5 2 4 3 4 2 6 2 3 5 4 4 4 4 1 4 5 5 5 4 2 5 4 6 4 2 6 5 3 6 2 4 3 4 4 4 4 4 5 3 3 5 4 5 4 5 4 6 4 3 3 7 3 5 5 6 1 3 4 6 3 2 5 5 7 5 4 5 4 5 3 4 4 2 3 5 4 2 4 5 5 4 3 5 3 4 5 2 7 2 
9 9 12 8 11 14 10 18 8 10 14 11 7 10 8 12 8 8 9 11 11 13 9 3 12 4 10 11 18 11 13 15 0 11 7 2 9 19 5 8 8 14 6 7 14 6 3 13 7 12 5 14 8 11 14 2 10 14 6 8 6 10 5 2 8 9 16 11 8 5 3 11 8 15 6 16 9 13 11 9 5 6 5 10 8 8 4 11 9 7 7 6 5 15 10 12 11 8 18 8 10 13 13 10 8 8 4 9 9 12 10 10 0 12 6 7 3 5 9 12 11 5 6 13 9 9 12 9 10 9 6 9 9 6 6 6 8 9 12 8 8 5 6 9 16 9 9 11 12 10 14 4 8 11 3 13 14 4 15 12 8 8 13 4 12 8 5 10 5 14 12 5 15 10 10 13 7 15 4 9 9 13 13 4 11 9 6 9 11 9 9 4 11 10 8 7 3 6 8 8 
2 4 2 4 4 3 4 3 3 3 3 1 2 3 1 3 1 4 3 3 3 1 3 4 1 1 4 3 5 3 2 2 3 3 3 4 3 4 2 5 1 3 5 1 3 3 2 4 1 2 1 3 3 2 2 1 4 2 1 5 4 3 3 3 3 4 4 2 5 4 2 2 2 4 4 2 3 3 2 1 5 1 2 3 3 3 2 3 2 2 1 1 3 3 4 2 2 3 2 0 2 1 4 5 4 2 3 3 5 3 3 4 4 3 4 6 3 3 4 4 3 2 5 3 2 3 3 3 3 3 4 3 4 3 2 4 3 2 3 3 2 4 3 2 1 1 3 3 3 2 4 3 5 4 4 2 2 4 3 2 1 4 2 3 4 4 2 4 3 4 3 3 2 2 2 3 1 2 3 4 2 6 3 3 4 5 2 2 2 4 1 4 2 5 2 1 2 2 3 4 
5 6 5 6 7 5 4 3 5 2 2 5 6 4 3 5 4 5 4 6 6 4 6 5 3 5 3 4 1 5 7 5 5 4 4 5 6 3 4 4 4 5 5 4 5 7 3 4 3 4 4 4 4 5 4 4 3 4 5 6 4 3 3 3 3 2 5 4 6 5 3 4 4 4 4 4 2 2 4 4 5 5 3 2 2 2 3 2 3 3 6 2 4 3 2 4 3 3 4 3 5 2 4 4 5 4 7 4 2 5 5 4 3 3 6 2 4 5 5 4 2 2 5 6 5 7 3 4 4 6 4 4 5 4 4 3 7 5 3 4 5 3 4 3 4 5 5 4 2 4 2 3 5 5 4 5 3 4 5 3 2 3 6 4 3 3 5 4 4 4 4 3 3 3 5 2 3 4 1 4 6 1 4 3 2 2 3 5 7 3 4 5 6 4 4 3 5 4 4 4 
3 1 2 4 2 3 3 4 3 3 3 3 2 3 4 6 4 0 3 5 3 3 3 2 4 5 2 3 4 3 3 4 2 3 4 3 4 6 3 4 2 3 2 3 4 3 3 3 3 4 5 5 4 4 3 3 3 4 2 2 5 2 3 4 3 3 5 3 4 3 4 5 3 3 2 3 5 2 3 4 2 4 3 3 2 5 3 2 2 2 3 3 3 4 3 3 4 2 3 2 4 1 4 4 3 5 3 1 2 2 3 2 4 3 0 5 3 3 3 3 3 2 4 4 4 3 4 5 4 5 1 3 5 3 4 3 2 4 3 2 2 2 2 4 3 3 3 4 3 2 3 2 2 3 3 1 3 2 4 4 2 4 2 4 4 4 1 5 5 3 3 3 2 2 1 4 2 3 3 6 4 4 2 3 4 4 3 3 4 3 3 4 2 3 3 3 2 3 2 4 
3 1 2 4 4 6 3 4 6 3 4 3 5 7 5 3 2 5 5 1 4 6 3 2 4 1 4 6 4 1 3 3 3 5 6 2 3 3 3 6 5 3 3 3 5 2 4 2 2 3 3 4 2 5 4 3 2 5 4 5 5 3 4 3 5 3 4 3 5 3 2 4 5 3 7 3 5 6 2 3 5 4 4 1 6 3 2 3 3 3 3 5 4 5 2 3 4 4 3 1 3 4 5 7 4 4 5 6 7 4 4 3 4 5 3 5 1 4 6 5 4 5 1 3 4 3 2 5 4 3 2 5 4 2 5 3 5 5 3 4 4 3 3 5 5 3 2 4 4 5 3 4 4 4 3 4 3 5 2 3 3 3 5 3 3 3 3 3 7 2 4 5 7 2 3 3 2 5 2 3 4 2 4 3 4 3 3 4 2 3 3 4 5 5 2 3 4 3 2 4 
2 2 1 2 2 3 3 2 3 2 2 2 1 2 2 2 4 2 3 1 2 1 2 3 1 2 2 2 2 1 2 2 2 3 1 2 2 1 2 2 2 3 2 3 2 1 2 1 1 2 1 3 2 2 2 1 3 2 2 3 2 1 3 3 2 1 2 2 2 3 2 2 2 3 2 2 1 2 3 1 2 2 2 1 2 1 3 3 0 2 3 2 2 3 2 2 2 1 2 2 1 2 2 3 2 1 2 3 1 2 3 1 2 2 1 3 3 3 1 2 1 3 1 1 2 2 1 1 3 0 1 2 2 2 2 1 3 2 2 2 2 2 1 3 2 2 1 3 4 3 1 1 1 1 1 1 2 2 3 3 2 2 2 2 2 2 1 2 2 2 1 1 3 2 2 2 2 2 2 2 2 1 1 0 3 2 2 2 1 2 1 2 3 3 2 0 2 1 2 2 
3 2 2 3 2 2 1 2 2 2 1 3 2 2 2 2 2 3 2 3 2 2 2 3 1 3 3 0 2 2 3 1 1 2 2 3 2 3 2 3 2 2 2 1 2 3 2 2 1 2 3 2 2 1 2 2 1 3 2 2 2 1 3 2 1 1 3 1 1 3 2 3 1 2 2 1 2 3 2 2 2 2 2 3 3 2 3 3 2 0 1 3 2 2 3 3 1 2 2 3 1 2 1 3 1 2 1 1 1 1 3 1 3 2 2 2 2 2 1 3 3 2 1 2 1 2 2 2 3 2 0 1 3 2 2 2 2 1 2 1 2 1 3 1 2 4 2 2 1 3 2 2 3 2 3 1 3 2 1 4 1 2 2 2 2 3 1 4 2 3 2 2 3 1 2 2 2 2 2 2 2 2 1 1 0 2 2 2 1 1 3 1 2 3 2 2 2 2 2 1 
4 4 2 3 4 4 1 1 2 5 2 2 3 3 3 2 4 3 4 2 5 3 4 1 3 0 3 6 3 3 2 3 4 4 4 3 1 3 3 3 3 4 3 3 4 3 3 3 3 3 4 4 2 2 1 4 1 3 3 4 3 5 3 2 3 6 5 5 4 3 3 2 3 1 3 2 4 3 4 4 4 4 3 3 3 3 2 5 4 3 4 2 3 3 3 2 3 5 3 4 1 3 3 3 2 3 3 2 4 1 4 5 3 4 3 2 3 5 2 3 2 4 4 3 3 2 3 2 3 2 1 4 2 2 3 4 3 2 5 4 2 2 2 5 4 5 4 3 1 3 4 3 4 3 3 4 3 1 2 2 3 2 3 3 3 5 4 2 3 4 0 1 4 1 4 2 3 5 4 3 3 1 3 2 5 3 2 3 2 3 3 3 2 1 1 3 2 3 3 4 
8 8 7 10 5 11 10 11 6 7 4 8 7 3 11 5 13 6 5 5 8 6 4 9 10 7 3 10 7 4 11 4 7 6 9 10 9 6 4 8 3 8 6 11 4 12 7 5 9 5 7 6 7 4 7 7 7 6 10 6 11 7 9 8 6 12 11 7 6 7 6 7 8 10 9 4 7 6 4 10 7 8 8 4 6 4 9 9 8 8 6 6 9 10 11 6 8 5 7 4 7 6 10 8 6 5 8 8 9 6 9 7 7 6 4 7 4 6 13 5 4 4 5 8 6 8 4 3 7 9 11 9 10 8 6 6 5 2 10 7 10 12 5 6 6 10 8 8 9 7 9 7 5 5 5 5 6 9 9 8 7 9 10 9 10 10 5 7 6 7 8 6 9 9 6 6 10 3 7 5 5 9 6 8 11 8 8 6 9 9 8 5 7 4 5 8 4 6 12 7 
1 2 1 2 2 3 2 1 2 2 3 3 2 1 2 0 1 3 2 2 3 3 3 1 2 2 2 2 3 3 3 3 1 2 2 2 2 3 2 2 3 2 2 1 1 2 1 2 1 2 2 2 2 3 3 3 3 1 0 2 2 2 2 2 2 1 1 3 3 2 3 2 1 1 2 2 2 2 3 4 3 2 2 2 2 1 2 3 2 3 3 3 1 2 3 1 2 2 2 2 2 2 2 3 2 2 2 2 2 2 2 3 1 2 2 3 1 1 4 2 2 2 1 3 1 1 1 2 1 1 1 2 2 2 1 2 2 3 3 1 2 2 2 3 2 3 2 2 3 2 2 1 1 2 2 2 2 1 3 2 3 1 2 3 2 2 3 2 2 2 2 2 3 2 2 3 3 3 2 2 2 2 2 2 2 1 1 1 3 2 1 2 2 1 1 2 0 2 1 2 
7 5 4 3 5 7 6 5 4 2 6 7 6 4 4 5 4 5 5 0 5 4 1 4 5 3 7 7 2 5 3 4 3 7 7 7 3 6 7 5 4 7 4 3 5 4 5 3 4 7 4 5 5 6 4 5 2 5 5 6 7 6 6 6 7 6 5 5 6 8 7 3 6 2 7 7 6 6 5 4 3 4 3 2 3 6 5 2 4 2 4 4 6 3 4 5 4 6 7 5 3 6 3 6 3 6 6 9 8 7 3 4 4 7 4 6 4 8 6 6 5 4 6 4 4 5 7 6 3 7 6 6 4 7 4 4 2 3 4 6 6 7 2 6 3 3 5 8 6 1 4 4 4 7 4 4 3 4 2 4 4 7 3 4 5 5 4 6 3 7 3 9 5 6 6 7 3 5 6 6 9 7 6 6 4 5 5 2 2 3 5 3 7 4 4 5 3 7 4 6 
4 3 5 5 4 4 4 3 4 4 3 4 5 1 3 4 3 3 4 5 5 5 5 3 6 3 1 3 3 1 4 4 4 4 3 2 4 5 6 5 3 2 3 6 6 5 5 4 4 4 3 1 4 5 4 3 4 5 3 4 7 4 2 2 3 5 3 4 4 6 6 5 3 4 3 6 1 1 3 5 5 4 5 3 5 4 4 4 3 6 3 5 4 2 1 6 4 4 3 5 5 4 3 4 4 5 5 4 3 4 3 4 5 3 3 6 5 4 4 4 3 5 3 3 2 4 4 4 7 4 5 0 3 5 5 5 6 5 5 2 1 4 5 5 4 2 3 4 3 5 4 0 4 2 2 6 2 6 4 3 1 5 7 5 4 2 4 5 6 4 5 5 4 5 4 3 5 5 4 5 3 7 5 6 5 4 5 5 5 4 6 4 3 3 4 5 5 4 4 4 
0 9 9 6 9 9 5 6 6 6 9 8 6 6 5 6 9 10 11 6 4 6 8 3 8 7 9 5 6 8 5 10 10 6 6 8 7 3 10 8 4 8 11 5 8 9 7 10 3 7 9 7 9 7 9 9 7 8 4 7 6 8 9 3 12 8 7 7 5 6 5 9 10 9 12 7 10 10 6 9 5 8 9 8 6 5 6 7 8 10 7 6 6 9 5 9 5 9 10 8 5 3 11 9 8 4 6 10 7 0 6 8 3 7 6 11 5 6 8 8 5 6 3 5 4 5 6 4 8 4 8 10 7 6 10 10 13 11 11 3 5 7 7 9 5 3 10 5 4 2 7 9 5 7 6 7 9 8 5 10 6 7 6 7 8 4 5 8 6 5 6 6 7 11 6 8 5 8 9 4 6 3 3 8 6 6 6 7 9 7 7 8 6 9 9 4 8 10 7 1 
5 4 6 6 3 4 5 2 3 5 6 7 6 1 2 6 7 4 6 6 4 5 7 2 3 5 8 6 4 7 4 1 0 9 5 6 7 2 5 4 7 4 6 6 5 3 3 0 5 5 5 7 9 7 6 6 3 5 5 6 2 2 4 6 7 5 5 4 4 4 4 7 6 6 5 5 5 3 4 4 7 6 7 1 6 8 4 5 4 6 5 5 0 5 5 6 4 4 4 5 3 5 3 4 5 1 2 7 6 5 3 2 5 7 8 4 5 6 6 6 3 8 3 5 5 5 5 8 6 7 5 7 4 2 6 6 6 5 4 7 5 8 8 4 6 3 4 7 7 3 3 5 3 4 5 3 6 7 3 4 4 7 7 3 2 7 5 4 6 3 3 6 6 5 4 4 6 8 3 4 5 9 7 3 7 3 5 4 1 4 2 7 1 5 6 4 0 5 3 3 
4 9 10 11 11 10 6 8 9 10 7 12 9 7 8 14 9 7 8 14 9 8 6 15 3 9 9 14 14 10 11 10 9 12 9 13 9 9 11 9 0 14 5 8 10 12 11 4 13 9 13 7 9 7 17 11 5 15 14 9 7 6 7 9 10 19 9 15 12 9 8 11 12 15 10 9 12 9 10 10 8 10 12 4 13 8 10 9 5 14 14 6 7 7 2 7 8 11 9 7 10 9 10 16 8 15 11 13 13 15 5 11 10 2 13 12 4 14 5 9 17 16 14 13 13 14 8 12 9 15 13 14 10 8 9 11 14 7 12 11 17 14 12 9 17 16 8 15 3 13 16 14 11 5 9 15 14 9 7 12 19 8 5 18 14 10 10 8 13 15 12 19 10 7 10 12 7 11 16 8 11 8 5 3 14 17 10 7 8 10 8 11 6 8 4 9 13 8 8 12 
6 9 12 9 6 4 5 9 4 6 12 9 7 5 6 5 8 6 12 7 7 13 7 10 8 14 9 3 6 8 10 10 8 11 6 10 8 8 8 5 9 7 11 12 6 12 12 8 7 9 9 8 7 7 7 4 6 1 10 5 9 5 14 6 11 8 7 2 13 12 9 14 9 2 5 13 9 3 6 13 12 7 7 7 9 6 10 10 10 7 6 9 6 11 8 11 11 8 9 10 10 11 11 7 3 7 6 8 5 8 10 9 6 7 8 10 5 8 8 4 13 9 4 6 7 1 4 14 10 5 8 6 6 11 4 5 6 9 10 6 6 6 9 6 4 10 14 10 7 8 7 7 12 7 11 12 3 11 11 14 6 7 8 12 13 7 9 7 4 7 13 10 9 4 6 6 11 9 8 8 5 8 7 8 6 12 3 10 10 12 13 10 7 7 10 9 9 4 7 8 
2 2 2 4 3 3 4 4 3 2 4 2 3 2 1 3 3 3 3 3 4 4 3 5 1 3 3 3 2 2 3 2 6 2 2 3 3 3 2 3 3 3 5 3 3 2 4 3 2 3 2 3 4 4 4 2 4 3 4 3 3 1 3 4 4 4 3 2 3 1 3 5 4 3 3 4 3 3 2 2 4 2 2 5 3 4 3 3 3 3 2 3 1 4 3 2 2 3 5 1 4 3 5 2 1 4 4 3 3 3 4 2 1 4 3 4 4 2 3 3 2 2 3 4 2 3 3 3 3 5 3 4 3 2 4 4 3 1 4 2 3 3 2 3 2 3 3 2 5 3 2 4 3 3 1 2 2 4 4 3 3 4 2 2 3 2 3 3 2 3 3 3 3 2 3 1 2 2 4 4 4 3 3 3 2 3 3 1 3 4 4 3 3 5 2 2 3 4 4 2 
2 3 2 1 1 7 5 3 4 3 1 4 4 3 3 4 1 5 2 3 5 3 3 4 1 3 4 2 4 3 5 2 2 3 2 3 2 2 3 3 4 2 2 3 2 2 4 3 2 2 3 3 2 2 5 1 2 3 4 3 1 2 3 2 4 4 6 5 3 3 0 2 3 2 2 4 4 3 3 2 3 4 4 3 4 2 2 1 5 2 2 5 3 3 3 3 5 4 3 5 4 2 4 3 4 2 0 3 2 2 2 2 2 4 5 2 2 2 3 5 4 5 2 3 4 2 3 4 3 2 2 2 2 2 3 4 4 3 3 3 2 5 3 4 4 5 2 3 4 2 1 4 3 4 2 2 3 3 2 2 2 5 3 3 4 4 5 2 3 3 2 4 4 2 1 3 5 4 4 3 1 2 2 1 4 3 1 2 2 3 1 3 4 3 2 3 3 2 4 3 
3 1 1 1 3 2 2 2 2 3 3 2 2 1 1 2 2 3 2 2 3 1 3 2 1 2 3 3 3 1 2 2 2 2 2 2 3 2 2 3 2 1 2 2 2 3 2 3 1 2 2 3 2 1 3 3 3 2 2 3 2 3 2 1 2 1 3 3 2 3 1 2 2 2 4 2 3 2 2 2 3 3 1 1 2 2 2 1 2 1 2 1 1 3 2 2 1 2 2 3 2 2 2 3 3 2 2 3 2 2 2 2 3 1 2 1 3 2 3 2 2 2 2 1 2 3 1 2 3 1 3 4 2 2 2 2 2 2 1 3 1 1 2 1 3 2 2 1 3 2 2 1 1 3 2 2 2 2 2 2 2 2 2 1 2 2 2 2 1 2 3 1 3 1 2 2 3 3 1 2 2 2 3 2 1 2 2 3 2 3 2 1 1 2 2 2 3 2 2 1 
5 5 3 2 4 4 5 3 3 5 3 5 5 1 3 4 5 5 5 4 5 1 4 2 5 2 2 1 2 3 3 2 4 4 5 6 3 6 7 2 4 2 3 3 4 1 5 2 6 6 2 3 4 2 5 3 4 4 2 4 6 5 3 2 4 4 4 4 5 4 3 4 3 3 5 4 3 4 3 5 4 6 6 6 2 3 2 5 4 3 4 5 2 4 2 3 4 5 3 4 3 2 5 4 4 4 3 3 5 3 5 5 5 2 2 5 0 4 5 5 5 4 4 6 5 4 4 4 4 5 6 4 3 5 2 5 3 6 4 3 4 7 4 3 5 6 4 4 4 5 3 4 5 4 4 4 6 4 5 3 4 4 5 3 5 5 6 4 6 4 5 3 3 4 3 6 4 3 5 3 4 1 3 5 6 2 4 4 5 5 4 5 5 4 4 6 4 6 4 4 
1 0 1 1 1 1 1 1 1 1 1 1 1 1 1 1 0 1 1 1 0 1 1 1 1 1 1 1 1 1 1 1 1 1 1 1 1 1 1 1 1 1 1 1 1 1 1 1 1 1 1 1 1 1 1 1 1 1 1 1 1 1 1 0 1 1 1 1 1 2 1 1 1 1 1 1 1 1 0 1 1 1 1 0 1 2 1 1 1 0 1 2 0 1 1 2 1 1 1 1 1 1 1 2 2 1 1 1 1 1 1 1 1 1 1 0 1 2 1 1 1 0 1 2 1 1 0 1 1 2 2 1 1 1 1 1 1 1 1 2 1 1 1 1 1 1 1 1 1 1 1 1 1 1 1 1 1 1 1 1 2 1 1 2 1 1 1 1 1 1 1 1 1 2 1 1 1 1 2 1 1 1 1 1 1 1 1 1 1 0 1 1 2 1 1 1 1 1 1 1 
