NAME  : Jabali_60_2_0.93_1_2
TYPE : SVRP
MODEL : FINITE_SUPPORT
NUMBER_OF_SCENARIOS : 200
DIMENSION : 60
EDGE_WEIGHT_TYPE : MATRIX
CAPACITY : 154
N_VEHICLES : 2
NODE_COORD_SECTION
1 3731 3921
2 2625 1004
3 3262 281
4 439 2504
5 4848 3013
6 5639 4392
7 6663 2389
8 6192 6293
9 1894 1059
10 952 4685
11 7024 4002
12 2739 5235
13 2069 3946
14 5281 2064
15 1109 471
16 4391 62
17 5769 671
18 2336 3511
19 2735 3761
20 788 3510
21 2630 5800
22 1733 4441
23 6686 1607
24 6633 710
25 3063 6930
26 1754 5078
27 7181 386
28 1147 2279
29 1221 3072
30 6508 18
31 2877 5255
32 5373 1122
33 922 1710
34 4118 4045
35 4006 3607
36 6257 3076
37 2000 2333
38 7630 6508
39 4837 5720
40 124 1538
41 2648 3973
42 4924 1239
43 1034 3809
44 3608 3111
45 5848 209
46 7321 3251
47 8075 5815
48 2082 7575
49 4667 6582
50 2493 5561
51 1811 659
52 1493 3595
53 4339 2755
54 7418 3352
55 27 935
56 1658 1262
57 357 804
58 4237 4964
59 4123 6947
60 4516 1260
DEMAND_SECTION
1 0.0
2 6.0
3 1.0
4 7.0
5 6.0
6 10.0
7 1.0
8 3.0
9 4.0
10 2.0
11 1.0
12 3.0
13 2.0
14 5.0
15 2.0
16 1.0
17 8.0
18 8.0
19 6.0
20 2.0
21 8.0
22 10.0
23 4.0
24 1.0
25 2.0
26 5.0
27 10.0
28 3.0
29 8.0
30 6.0
31 4.0
32 6.0
33 9.0
34 10.0
35 1.0
36 9.0
37 9.0
38 1.0
39 3.0
40 7.0
41 3.0
42 6.0
43 5.0
44 4.0
45 2.0
46 6.0
47 1.0
48 5.0
49 4.0
50 2.0
51 4.0
52 10.0
53 3.0
54 1.0
55 9.0
56 4.0
57 8.0
58 8.0
59 2.0
60 4.0
DEVIATION_SECTION
1 0.0
2 2.0
3 0.333333
4 2.33333
5 2.0
6 3.33333
7 0.333333
8 1.0
9 1.33333
10 0.666667
11 0.333333
12 1.0
13 0.666667
14 1.66667
15 0.666667
16 0.333333
17 2.66667
18 2.66667
19 2.0
20 0.666667
21 2.66667
22 3.33333
23 1.33333
24 0.333333
25 0.666667
26 1.66667
27 3.33333
28 1.0
29 2.66667
30 2.0
31 1.33333
32 2.0
33 3.0
34 3.33333
35 0.333333
36 3.0
37 3.0
38 0.333333
39 1.0
40 2.33333
41 1.0
42 2.0
43 1.66667
44 1.33333
45 0.666667
46 2.0
47 0.333333
48 1.66667
49 1.33333
50 0.666667
51 1.33333
52 3.33333
53 1.0
54 0.333333
55 3.0
56 1.33333
57 2.66667
58 2.66667
59 0.666667
60 1.33333
DISTANCE_MATRIX
0.0 42.4264 49.2544 55.8769 25.0783 29.4476 48.62 48.0863 45.8803 43.5913 50.6692 23.8987 26.099 33.6649 57.6975 52.3927 52.0169 21.4261 18.9148 42.7251 30.0747 33.8399 53.0396 59.5141 42.9535 36.0486 67.6474 41.3003 42.1769 64.7292 22.9326 44.0269 46.9572 5.38516 5.83095 50.0319 30.8058 65.0788 30.3645 57.251 21.1508 39.5889 38.6757 10.0499 57.4618 59.4852 65.895 55.3513 40.1995 28.6525 50.5964 34.9301 18.5154 60.1198 62.5489 45.1885 60.803 16.4924 43.1856 37.2701 
42.4264 0.0 13.0384 34.8855 42.19 62.6686 57.4282 88.6137 10.0499 53.8629 83.641 58.6941 41.1096 38.6005 21.4709 27.6586 43.566 35.4401 38.2099 39.0177 65.307 48.1883 55.9464 55.109 81.8841 56.103 62.6498 26.0768 31.6535 55.0364 58.5491 37.6431 24.7386 45.3542 40.5216 56.7401 20.8087 102.518 72.5672 34.0588 40.3113 31.9531 41.3378 32.7567 46.0435 68.593 100.461 90.1388 82.6075 62.3699 11.6619 48.8562 35.3553 69.3109 34.5254 13.0384 30.8058 58.8558 85.0235 26.9258 
49.2544 13.0384 0.0 47.8853 44.3847 65.7482 53.8145 92.1954 21.8403 66.7084 66.5142 68.0074 51.8845 36.0555 30.1496 16.0312 34.9285 46.0652 47.4342 51.8633 74.9466 59.2425 50.0 46.6154 91.0239 67.1193 53.4509 39.1152 44.4991 44.911 67.7302 30.8058 37.3363 51.0 46.0 55.4786 33.2415 103.641 78.1025 45.8912 49.6488 26.1725 54.1834 39.2046 36.1386 66.8506 99.4892 100.464 89.0056 72.111 21.0238 59.9104 38.4708 67.424 45.0111 25.2982 41.0 65.0077 92.4392 22.0227 
55.8769 34.8855 47.8853 0.0 58.5753 77.3751 80.5913 91.9094 27.0185 28.0179 104.508 47.4131 30.0179 62.7217 28.6356 62.0322 74.5453 35.0889 39.0632 13.9284 51.264 30.4631 82.5143 85.1471 67.72 37.3631 93.2631 9.21954 15.8114 87.1321 47.8853 67.1863 12.2066 54.9799 51.4148 77.0156 19.6368 110.786 71.9723 14.3178 38.0677 61.2046 18.3848 43.8341 78.2624 88.8816 113.199 70.1142 77.6981 48.4665 30.4138 21.9317 51.8083 89.6361 22.2036 23.4307 23.0217 61.2209 76.4853 56.3205 
25.0783 42.19 44.3847 58.5753 0.0 21.4106 28.9118 47.8625 48.9183 56.1996 51.2979 41.9904 38.7073 15.9277 61.6198 42.2966 35.9144 34.0344 31.5231 55.3334 48.1664 46.4482 33.634 41.3781 56.716 54.1403 49.2523 49.6152 52.9844 47.7448 41.0243 28.6627 54.9181 30.6411 20.7173 24.9725 38.9487 70.7946 35.6931 65.5134 33.7591 26.2488 51.284 17.0471 41.7082 36.8386 68.1181 71.0393 47.5395 46.7442 52.8015 47.5384 7.07107 37.593 70.0 49.4975 67.4759 25.0599 52.9245 26.1725 
29.4476 62.6686 65.7482 77.3751 21.4106 0.0 28.3234 30.1496 68.3543 60.5395 23.5035 37.3363 57.5024 30.1496 81.0633 59.0085 48.3839 52.8295 50.3181 74.1285 42.45 50.7881 37.8772 49.3964 48.8262 49.5508 55.6708 68.4149 71.7842 57.7062 36.3456 42.7551 73.7236 26.0811 39.5124 21.0278 57.7517 42.19 22.2036 84.3656 52.5542 42.0476 70.079 35.8421 54.0833 31.2581 40.3113 64.1405 34.1321 41.7732 72.6245 66.3335 27.5139 31.8927 88.8693 68.7453 86.4302 18.6815 41.2311 43.1045 
48.62 57.4282 53.8145 80.5913 28.9118 28.3234 0.0 52.4976 66.3702 79.7413 20.6155 65.3103 62.249 18.868 78.7718 43.8292 26.3059 57.5761 55.0648 78.8751 70.837 69.9899 10.7703 23.0868 76.7151 77.4602 28.3019 71.5681 75.0004 32.0156 64.3442 24.5967 75.9605 53.961 44.259 13.2956 61.131 56.0803 50.52 86.7295 57.3008 27.8029 74.8257 40.5888 31.0161 15.1327 49.0306 91.9685 62.4492 69.8727 69.0652 71.0801 30.2659 15.2971 89.8999 68.0 86.7698 46.4353 69.4987 31.8277 
48.0863 88.6137 92.1954 91.9094 47.8625 30.1496 52.4976 0.0 93.9067 72.4017 32.1858 47.1699 62.6775 60.0 105.782 89.0898 76.9418 65.6386 66.9319 78.6656 47.927 63.4114 63.2456 75.5844 43.0465 60.5392 80.2309 89.3175 78.2094 84.4978 46.3249 72.1734 94.9744 44.7197 65.3581 48.5412 78.8248 19.9249 20.0 105.268 58.3613 72.0069 74.3958 57.2309 82.4194 39.3573 26.0768 58.0775 21.0238 49.1935 98.4928 70.9626 53.8516 39.8246 110.566 93.2702 108.824 32.6497 29.0689 73.2462 
45.8803 10.0499 21.8403 27.0185 48.9183 68.3543 66.3702 93.9067 0.0 49.2443 91.3444 59.0085 40.1123 47.5079 12.7279 37.3363 53.6004 35.0 39.4588 34.0 65.0692 46.0376 65.5515 65.1153 82.0244 54.2464 72.6911 19.2094 27.2034 65.0692 59.0339 47.5395 15.6525 49.6588 45.1774 64.8466 18.1108 108.319 76.2168 24.1868 41.3038 41.7612 36.7696 37.1214 56.0803 76.6942 108.165 88.77 85.401 62.0725 5.0 47.3824 41.8688 77.4661 24.5153 3.60555 20.8806 62.2977 86.8332 36.6879 
43.5913 53.8629 66.7084 28.0179 56.1996 60.5395 79.7413 72.4017 49.2443 0.0 80.8934 25.2389 17.72 64.6262 55.109 77.3662 82.0534 22.8825 26.6833 15.5242 26.2488 11.0 84.1578 90.2575 41.1461 12.0416 98.4518 31.0483 22.4722 94.9884 26.0768 73.9921 38.4708 48.3553 45.2772 75.802 36.2552 91.7878 52.4786 42.19 25.318 68.8114 12.53 39.3847 87.1556 90.5304 94.541 42.107 55.1725 24.0416 53.8516 18.4391 49.6367 91.1649 50.1597 46.2385 51.0 42.565 52.0096 65.2179 
50.6692 83.641 66.5142 104.508 51.2979 23.5035 20.6155 32.1858 91.3444 80.8934 0.0 57.2198 84.6351 30.5886 104.054 59.3898 45.1774 79.9622 77.4509 101.261 61.0891 71.142 31.3847 43.6578 63.5382 69.9048 48.7647 95.5477 98.9169 52.4976 56.2235 41.1096 100.856 47.3027 66.6451 17.0357 84.8844 38.6005 34.7481 111.441 79.6869 42.1959 97.2118 62.9749 50.4876 10.7703 34.1321 79.3391 44.4592 61.0597 94.7993 93.4662 52.652 11.7047 113.706 92.3914 110.877 38.3341 52.7699 44.9064 
23.8987 58.6941 68.0074 47.4131 41.9904 37.3363 65.3103 47.1699 59.0085 25.2389 57.2198 0.0 19.4165 57.9134 68.7346 76.2756 77.9 24.0208 20.6155 33.6155 7.2111 17.2047 74.8641 83.3637 23.1948 13.4164 92.6577 45.8864 34.2427 89.7304 1.0 67.9256 54.1301 25.2168 29.0549 57.9931 41.1096 66.6483 27.2947 61.327 18.4391 63.4876 29.1548 33.5444 83.6938 67.3033 69.8928 33.2866 30.6105 5.0 64.0078 26.9959 42.4141 67.9379 68.7095 57.1402 68.3081 19.0 29.1548 61.1688 
26.099 41.1096 51.8845 30.0179 38.7073 57.5024 62.249 62.6775 40.1123 17.72 84.6351 19.4165 0.0 47.134 49.4012 60.208 64.4988 5.83095 9.05539 16.8661 25.0 7.81025 66.6655 72.7652 42.0119 15.2643 80.9596 27.9615 16.3178 77.422 19.6469 56.4365 36.2053 30.863 27.7849 58.3097 22.0227 81.554 42.7404 43.5933 8.06226 51.3128 12.8167 21.8924 69.6419 70.1758 83.9672 49.0408 48.7647 22.0 45.0999 9.07107 32.1444 70.9302 50.8467 38.0 50.3839 31.989 48.3839 47.8017 
33.6649 38.6005 36.0555 62.7217 15.9277 30.1496 18.868 60.0 47.5079 64.6262 30.5886 57.9134 47.134 0.0 59.9083 29.2746 20.0 42.45 39.9497 63.7601 64.0894 54.8748 20.0 25.9422 72.639 61.5258 34.0147 53.7587 57.1308 31.8904 56.9473 13.0 57.5674 46.5641 29.3038 19.5529 43.4166 68.9457 51.4214 68.3081 42.1858 12.0416 59.7107 25.6336 25.807 30.8058 63.561 86.9622 63.3398 62.6672 50.2195 55.9651 16.1245 31.4006 71.1758 49.1935 67.9779 40.9843 68.835 14.3178 
57.6975 21.4709 30.1496 28.6356 61.6198 81.0633 78.7718 105.782 12.7279 55.109 104.054 68.7346 49.4012 59.9083 0.0 46.1736 64.2884 44.911 50.2892 39.6232 74.2428 54.0 77.3886 75.9605 91.2688 62.0322 83.1986 24.1868 35.0143 74.9667 68.884 58.8727 16.7631 61.7738 57.4543 77.5185 27.8927 120.913 87.8465 19.2094 51.923 53.3104 43.2897 49.3964 66.0984 89.3756 119.535 96.3328 96.6417 71.2537 9.84886 42.107 54.5619 90.1388 15.5242 12.53 11.4018 73.9256 97.2934 48.3322 
52.3927 27.6586 16.0312 62.0322 42.2966 59.0085 43.8292 89.0898 37.3363 77.3662 59.3898 76.2756 60.208 29.2746 46.1736 0.0 20.6155 54.4885 53.9099 64.7619 81.3777 67.9412 37.6431 31.9061 95.3415 75.2861 38.0789 52.9245 57.3977 29.1204 75.3095 19.2354 52.3927 53.0357 48.0554 48.3542 45.2769 97.7469 77.9295 61.5224 56.146 17.2627 72.3715 42.9418 20.6155 58.3095 92.0272 107.135 89.627 78.5864 37.0 68.6259 38.3275 58.6941 61.0 40.6079 57.0088 66.3187 94.4196 16.1245 
52.0169 43.566 34.9285 74.5453 35.9144 48.3839 26.3059 76.9418 53.6004 82.0534 45.1774 77.9 64.4988 20.0 64.2884 20.6155 0.0 59.4811 57.3145 76.3536 84.076 72.2396 17.8885 11.7047 92.6256 78.8906 19.105 65.3758 68.9894 13.0 76.9339 8.06226 67.0075 66.5507 47.6559 34.4006 55.9017 82.2982 70.052 77.1622 59.5506 13.6015 77.0586 43.8292 5.83095 41.4367 75.3127 106.949 82.0937 82.6538 54.5711 73.313 35.3836 41.5933 78.0897 56.3205 74.3303 60.9709 88.9294 18.2483 
21.4261 35.4401 46.0652 35.0889 34.0344 52.8295 57.5761 65.6386 35.0 22.8825 79.9622 24.0208 5.83095 42.45 44.911 54.4885 59.4811 0.0 7.2111 21.9371 30.1496 13.4536 61.9926 68.0074 47.0425 21.095 76.2168 26.718 21.3889 72.45 24.0832 51.4296 32.3748 26.1901 23.112 53.6368 17.1172 86.4358 45.7014 48.6643 7.81025 46.1411 17.8877 17.2195 64.4981 65.5029 87.252 54.7083 52.0009 27.1662 40.0 14.1421 27.4715 66.2573 47.9665 33.1361 46.2739 34.9501 52.3927 42.4382 
18.9148 38.2099 47.4342 39.0632 31.5231 50.3181 55.0648 66.9319 39.4588 26.6833 77.4509 20.6155 9.05539 39.9497 50.2892 53.9099 57.3145 7.2111 0.0 25.9114 27.5136 16.1555 59.4813 65.5809 43.7379 22.0227 73.7753 32.5662 25.3632 70.2377 20.3961 49.2523 38.223 23.6788 20.6006 51.1255 22.4722 83.9244 48.8627 48.5168 2.23607 44.1515 21.862 14.7082 62.4666 62.9916 84.7406 53.2259 46.4795 24.6982 44.4072 18.1164 24.9602 63.746 53.8147 38.0789 52.1222 34.9394 47.3814 40.767 
42.7251 39.0177 51.8633 13.9284 55.3334 74.1285 78.8751 78.6656 34.0 15.5242 101.261 33.6155 16.8661 63.7601 39.6232 64.7619 76.3536 21.9371 25.9114 0.0 37.3363 16.5529 83.2916 89.3913 53.8516 23.5372 97.5857 15.5242 8.94427 89.0014 34.1321 68.9611 23.0868 47.4891 44.411 74.9358 21.41 97.6342 58.7285 28.1603 24.9159 62.9819 4.47214 38.5185 80.1744 86.8019 100.047 57.0088 64.0703 34.5398 38.4838 10.4403 48.7705 87.5563 35.9026 30.8707 36.2215 48.0691 62.6099 58.1158 
30.0747 65.307 74.9466 51.264 48.1664 42.45 70.837 47.927 65.0692 26.2488 61.0891 7.2111 25.0 64.0894 74.2428 81.3777 84.076 30.1496 27.5136 37.3363 0.0 20.8806 80.3908 89.5397 17.0294 14.4222 98.1844 50.8035 39.3192 95.9064 7.81025 74.1015 59.0339 31.3928 35.2309 63.5414 47.0106 67.7791 28.8617 65.4599 25.2982 69.6636 32.8938 39.7204 89.8698 68.8437 72.0347 26.0768 29.2062 3.0 70.0643 32.1403 48.5901 69.4783 73.0821 63.0 73.0068 23.7697 25.807 67.3448 
33.8399 48.1883 59.2425 30.4631 46.4482 50.7881 69.9899 63.4114 46.0376 11.0 71.142 17.2047 7.81025 54.8748 54.0 67.9412 72.2396 13.4536 16.1555 16.5529 20.8806 0.0 74.4064 80.5061 37.6563 8.24621 88.7004 30.1496 19.0263 85.1628 17.8045 64.1774 38.3275 38.6039 35.5258 71.4018 28.6067 82.3787 43.4166 44.5982 14.5602 59.0762 12.083 29.6333 77.3917 80.7789 84.7918 42.7551 47.8017 18.0278 50.8616 12.3693 39.8853 81.4135 52.2015 43.4167 52.1728 32.8136 46.0652 55.6058 
53.0396 55.9464 50.0 82.5143 33.634 37.8772 10.7703 63.2456 65.5515 84.1578 31.3847 74.8641 66.6655 20.0 77.3886 37.6431 17.8885 61.9926 59.4813 83.2916 80.3908 74.4064 0.0 12.3693 86.2689 87.014 17.8045 73.5527 76.9234 21.3776 73.898 19.2094 76.9025 63.5148 48.6786 22.8494 63.2851 66.0076 60.0738 87.5557 61.7174 24.1868 79.2422 45.0084 21.587 25.0799 58.3095 101.522 72.0031 79.6179 67.5426 75.4966 34.9285 25.02 89.8109 67.6757 86.3771 55.9891 79.0525 29.0689 
59.5141 55.109 46.6154 85.1471 41.3781 49.3964 23.0868 75.5844 65.1153 90.2575 43.6578 83.3637 72.7652 25.9422 75.9605 31.9061 11.7047 68.0074 65.5809 89.3913 89.5397 80.5061 12.3693 0.0 97.6691 87.157 8.24621 76.0592 79.5562 9.05539 82.3976 18.0 78.1601 72.0144 55.1531 34.3847 66.2722 78.1025 71.5612 88.459 67.817 24.0 85.3419 51.4782 12.0416 37.3363 70.0643 112.413 83.5284 88.1175 66.2193 81.5963 42.0595 37.2156 89.627 67.7422 85.9069 67.3894 90.4657 29.0172 
42.9535 81.8841 91.0239 67.72 56.716 48.8262 76.7151 43.0465 82.0244 41.1461 63.5382 23.1948 42.0119 72.639 91.2688 95.3415 92.6256 47.0425 43.7379 53.8516 17.0294 37.6563 86.2689 97.6691 0.0 30.3645 104.063 67.7422 56.3205 104.456 23.3452 85.374 75.9539 43.566 47.8853 69.4195 64.0 62.514 28.7924 82.0061 41.5933 82.5374 49.4773 52.6112 98.4195 71.2928 69.0 15.8114 22.0227 20.025 87.023 49.163 61.4639 71.9274 89.7385 80.0062 89.822 31.8277 14.5602 80.2186 
36.0486 56.103 67.1193 37.3631 54.1403 49.5508 77.4602 60.5392 54.2464 12.0416 69.9048 13.4164 15.2643 61.5258 62.0322 75.2861 78.8906 21.095 22.0227 23.5372 14.4222 8.24621 87.014 87.157 30.3645 0.0 95.3514 38.0132 27.1662 91.8138 14.3178 70.8284 46.0977 37.3666 41.2047 70.1646 36.5214 80.0625 40.7063 51.6624 20.0 65.7276 19.2354 36.2843 84.0427 79.5417 83.2166 34.5254 43.1393 12.0416 59.0704 20.6155 46.5362 80.1763 59.439 51.6236 59.6825 31.5764 40.2244 62.343 
67.6474 62.6498 53.4509 93.2631 49.2523 55.6708 28.3019 80.2309 72.6911 98.4518 48.7647 92.6577 80.9596 34.0147 83.1986 38.0789 19.105 76.2168 73.7753 97.5857 98.1844 88.7004 17.8045 8.24621 104.063 95.3514 0.0 84.1487 87.6737 9.89949 91.6916 26.0768 86.0523 81.3085 63.2864 40.6431 74.4312 80.895 77.8674 96.2549 76.0114 32.0624 93.5363 59.6154 17.4642 41.1096 72.1734 121.707 89.7967 97.4115 73.5459 89.7907 50.0899 40.8044 97.1648 75.4255 93.3809 73.7828 96.8461 37.0135 
41.3003 26.0768 39.1152 9.21954 49.6152 68.4149 71.5681 89.3175 19.2094 31.0483 95.5477 45.8864 27.9615 53.7587 24.1868 52.9245 65.3758 26.718 32.5662 15.5242 50.8035 30.1496 73.5527 76.0592 67.7422 38.0132 84.1487 0.0 11.7047 77.9295 46.21 58.0775 8.24621 46.0198 42.4547 68.0554 10.6766 106.168 71.2483 16.9706 33.9969 52.0865 19.105 34.8739 69.0507 79.9215 107.121 72.1734 75.7008 47.8539 23.3238 18.9737 42.8482 80.6759 23.3238 15.8114 22.4722 57.325 75.0023 47.1699 
42.1769 31.6535 44.4991 15.8114 52.9844 71.7842 75.0004 78.2094 27.2034 22.4722 98.9169 34.2427 16.3178 57.1308 35.0143 57.3977 68.9894 21.3889 25.3632 8.94427 39.3192 19.0263 76.9234 79.5562 56.3205 27.1662 87.6737 11.7047 0.0 81.6372 34.5663 61.5969 19.9249 49.389 45.8239 71.4247 14.0459 97.0859 58.2722 28.0179 24.3677 55.6177 10.0 38.2432 72.8102 83.2907 99.4991 61.6604 64.0571 36.3456 32.0156 7.28011 46.2174 84.0452 34.8855 24.5153 34.176 47.5209 63.3586 50.7516 
64.7292 55.0364 44.911 87.1321 47.7448 57.7062 32.0156 84.4978 65.0692 94.9884 52.4976 89.7304 77.422 31.8904 74.9667 29.1204 13.0 72.45 70.2377 89.0014 95.9064 85.1628 21.3776 9.05539 104.456 91.8138 9.89949 77.9295 81.6372 0.0 88.7643 21.0238 79.1012 78.3811 60.3682 42.8121 68.6586 87.1436 79.7559 89.0 72.4738 26.5707 89.9937 56.6039 9.0 46.3897 79.0253 118.779 91.7878 94.4842 65.4905 86.2481 47.8017 46.2709 89.3588 68.0074 85.4751 72.8013 98.6338 31.0483 
22.9326 58.5491 67.7302 47.8853 41.0243 36.3456 64.3442 46.3249 59.0339 26.0768 56.2235 1.0 19.6469 56.9473 68.884 75.3095 76.9339 24.0832 20.3961 34.1321 7.81025 17.8045 73.898 82.3976 23.3452 14.3178 91.6916 46.21 34.5663 88.7643 0.0 66.9594 54.4537 24.2507 28.0888 57.0116 41.1947 65.7647 26.4197 61.7414 18.2483 62.5215 29.6816 32.5783 82.7277 66.3104 68.9493 33.8378 30.0 5.83095 64.0312 27.3195 41.448 66.945 69.0797 57.2189 68.6323 18.0 28.7924 60.2027 
44.0269 37.6431 30.8058 67.1863 28.6627 42.7551 24.5967 72.1734 47.5395 73.9921 41.1096 67.9256 56.4365 13.0 58.8727 19.2354 8.06226 51.4296 49.2523 68.9611 74.1015 64.1774 19.2094 18.0 85.374 70.8284 26.0768 58.0775 61.5969 21.0238 66.9594 0.0 60.208 59.2991 39.6658 30.074 48.3735 79.2465 64.1078 70.5762 51.4884 6.0 68.9974 35.805 13.4536 39.2173 73.0821 98.8527 76.1494 72.6793 49.0408 65.2518 27.5862 39.5601 72.0347 50.01 68.4105 53.7193 81.5699 11.0454 
46.9572 24.7386 37.3363 12.2066 54.9181 73.7236 75.9605 94.9744 15.6525 38.4708 100.856 54.1301 36.2053 57.5674 16.7631 52.3927 67.0075 32.3748 38.223 23.0868 59.0339 38.3275 76.9025 78.1601 75.9539 46.0977 86.0523 8.24621 19.9249 79.1012 54.4537 60.208 0.0 51.6624 48.1041 72.8262 16.2788 111.824 76.9051 10.7703 39.6537 54.231 27.0 40.4599 70.1142 84.6923 112.43 80.0562 84.2835 56.0892 18.4391 27.2029 48.0208 85.4467 15.6205 12.083 14.3178 62.9818 83.2461 49.163 
5.38516 45.3542 51.0 54.9799 30.6411 26.0811 53.961 44.7197 49.6588 48.3553 47.3027 25.2168 30.863 46.5641 61.7738 53.0357 66.5507 26.1901 23.6788 47.4891 31.3928 38.6039 63.5148 72.0144 43.566 37.3666 81.3085 46.0198 49.389 78.3811 24.2507 59.2991 51.6624 0.0 5.0 46.6654 35.4683 61.7122 27.3126 61.9704 25.9148 56.6653 43.4397 12.6491 72.3446 56.1187 62.5284 56.6392 38.0132 29.9706 54.231 39.6941 33.5871 56.7533 67.2681 49.2443 65.437 14.0357 41.9762 55.9302 
5.83095 40.5216 46.0 51.4148 20.7173 39.5124 44.259 65.3581 45.1774 45.2772 66.6451 29.0549 27.7849 29.3038 57.4543 48.0554 47.6559 23.112 20.6006 44.411 35.2309 35.5258 48.6786 55.1531 47.8853 41.2047 63.2864 42.4547 45.8239 60.3682 28.0888 39.6658 48.1041 5.0 0.0 40.3197 31.8277 79.3617 32.296 58.4053 22.8367 35.2279 40.3616 8.06226 53.1008 52.1858 78.2189 60.5075 43.0116 33.8087 49.6588 36.616 14.1544 52.9402 63.6396 44.9444 61.6198 19.0263 46.8722 32.9091 
50.0319 56.7401 55.4786 77.0156 24.9725 21.0278 13.2956 48.5412 64.8466 75.802 17.0357 57.9931 58.3097 19.5529 77.5185 48.3542 34.4006 53.6368 51.1255 74.9358 63.5414 71.4018 22.8494 34.3847 69.4195 70.1646 40.6431 68.0554 71.4247 42.8121 57.0116 30.074 72.8262 46.6654 40.3197 0.0 57.4817 55.3927 43.2244 83.5713 53.3616 31.1603 70.8864 36.6495 39.8782 17.8661 50.0106 84.6729 55.1536 62.577 68.1153 67.1408 26.3266 18.6205 87.3802 66.0079 84.5516 39.1397 62.203 33.8707 
30.8058 20.8087 33.2415 19.6368 38.9487 57.7517 61.131 78.8248 18.1108 36.2552 84.8844 41.1096 22.0227 43.4166 27.8927 45.2769 55.9017 17.1172 22.4722 21.41 47.0106 28.6067 63.2851 66.2722 64.0 36.5214 74.4312 10.6766 14.0459 68.6586 41.1947 48.3735 16.2788 35.4683 31.8277 57.4817 0.0 95.7645 60.7556 26.6271 24.0416 42.4264 23.7302 24.2074 59.9083 69.3477 96.4582 70.7113 68.7528 44.0114 23.0868 29.2747 32.2025 70.1022 31.8277 16.0312 30.0 46.8323 69.4262 37.6563 
65.0788 102.518 103.641 110.786 70.7946 42.19 56.0803 19.9249 108.319 91.7878 38.6005 66.6483 81.554 68.9457 120.913 97.7469 82.2982 86.4358 83.9244 97.6342 67.7791 82.3787 66.0076 78.1025 62.514 80.0625 80.895 106.168 97.0859 87.1436 65.7647 79.2465 111.824 61.7122 79.3617 55.3927 95.7645 0.0 39.3573 122.118 86.1605 80.553 93.2723 75.6915 87.0919 41.0122 10.6301 77.0584 40.6079 68.942 112.474 89.8392 67.3632 41.0 127.267 108.595 125.723 50.6063 48.1664 83.1469 
30.3645 72.5672 78.1025 71.9723 35.6931 22.2036 50.52 20.0 76.2168 52.4786 34.7481 27.2947 42.7404 51.4214 87.8465 77.9295 70.052 45.7014 48.8627 58.7285 28.8617 43.4166 60.0738 71.5612 28.7924 40.7063 77.8674 71.2483 58.2722 79.7559 26.4197 64.1078 76.9051 27.3126 32.296 43.2244 60.7556 39.3573 0.0 85.5477 38.4241 61.8488 54.4586 39.8121 75.8034 42.5027 43.1741 44.5982 12.083 29.7321 80.9568 51.0255 40.05 43.1373 92.4968 75.3923 90.8042 13.9284 19.105 61.8142 
57.251 34.0588 45.8912 14.3178 65.5134 84.3656 86.7295 105.268 24.1868 42.19 111.441 61.327 43.5933 68.3081 19.2094 61.5224 77.1622 48.6643 48.5168 28.1603 65.4599 44.5982 87.5557 88.459 82.0061 51.6624 96.2549 16.9706 28.0179 89.0 61.7414 70.5762 10.7703 61.9704 58.4053 83.5713 26.6271 122.118 85.5477 0.0 49.9476 64.6297 32.573 50.8035 80.0 95.4374 123.072 84.2912 91.3326 62.6259 25.2982 34.9857 58.6686 96.1918 8.0 21.0238 9.84886 73.2756 90.471 59.5399 
21.1508 40.3113 49.6488 38.0677 33.7591 52.5542 57.3008 58.3613 41.3038 25.318 79.6869 18.4391 8.06226 42.1858 51.923 56.146 59.5506 7.81025 2.23607 24.9159 25.2982 14.5602 61.7174 67.817 41.5933 20.0 76.0114 33.9969 24.3677 72.4738 18.2483 51.4884 39.6537 25.9148 22.8367 53.3616 24.0416 86.1605 38.4241 49.9476 0.0 46.3876 20.8665 16.9443 64.7027 65.2276 86.9767 50.9902 44.7236 22.4722 46.2709 17.1209 27.1962 65.9821 55.2454 39.8121 53.5529 27.6728 45.5412 43.003 
39.5889 31.9531 26.1725 61.2046 26.2488 42.0476 27.8029 72.0069 41.7612 68.8114 42.1959 63.4876 51.3128 12.0416 53.3104 17.2627 13.6015 46.1411 44.1515 62.9819 69.6636 59.0762 24.1868 24.0 82.5374 65.7276 32.0624 52.0865 55.6177 26.5707 62.5215 6.0 54.231 56.6653 35.2279 31.1603 42.4264 80.553 61.8488 64.6297 46.3876 0.0 63.8167 31.1448 18.3576 41.5933 75.0267 94.9403 73.7631 68.2414 43.4626 60.0711 23.8537 42.0595 66.2193 44.1475 62.6418 51.0784 79.1202 5.09902 
38.6757 41.3378 54.1834 18.3848 51.284 70.079 74.8257 74.3958 36.7696 12.53 97.2118 29.1548 12.8167 59.7107 43.2897 72.3715 77.0586 17.8877 21.862 4.47214 32.8938 12.083 79.2422 85.3419 49.4773 19.2354 93.5363 19.105 10.0 89.9937 29.6816 68.9974 27.0 43.4397 40.3616 70.8864 23.7302 93.2723 54.4586 32.573 20.8665 63.8167 0.0 34.4691 82.1609 82.7525 95.9979 53.0848 59.6406 30.0832 41.4367 8.06226 44.7211 83.5069 40.2616 33.8378 40.4475 43.7073 58.1378 60.2231 
10.0499 32.7567 39.2046 43.8341 17.0471 35.8421 40.5888 57.2309 37.1214 39.3847 62.9749 33.5444 21.8924 25.6336 49.3964 42.9418 43.8292 17.2195 14.7082 38.5185 39.7204 29.6333 45.0084 51.4782 52.6112 36.2843 59.6154 34.8739 38.2432 56.6039 32.5783 35.805 40.4599 12.6491 8.06226 36.6495 24.2074 75.6915 39.8121 50.8035 16.9443 31.1448 34.4691 0.0 49.2037 48.5156 74.5487 64.9971 50.0899 38.2982 41.6293 30.7235 10.4842 49.27 55.9017 36.8917 53.7587 26.1725 53.2353 28.4253 
57.4618 46.0435 36.1386 78.2624 41.7082 54.0833 31.0161 82.4194 56.0803 87.1556 50.4876 83.6938 69.6419 25.807 66.0984 20.6155 5.83095 64.4981 62.4666 80.1744 89.8698 77.3917 21.587 12.0416 98.4195 84.0427 17.4642 69.0507 72.8102 9.0 82.7277 13.4536 70.1142 72.3446 53.1008 39.8782 59.9083 87.0919 75.8034 80.0 64.7027 18.3576 82.1609 49.2037 0.0 46.0977 79.7621 112.743 87.8451 88.4476 56.5685 78.4153 41.0122 46.1736 80.399 59.0085 76.531 66.7648 94.6808 22.4722 
59.4852 68.593 66.8506 88.8816 36.8386 31.2581 15.1327 39.3573 76.6942 90.5304 10.7703 67.3033 70.1758 30.8058 89.3756 58.3095 41.4367 65.5029 62.9916 86.8019 68.8437 80.7789 25.0799 37.3363 71.2928 79.5417 41.1096 79.9215 83.2907 46.3897 66.3104 39.2173 84.6923 56.1187 52.1858 17.8661 69.3477 41.0122 42.5027 95.4374 65.2276 41.5933 82.7525 48.5156 46.0977 0.0 33.9559 87.0937 52.2138 68.8143 79.9812 79.0069 38.1927 1.0 99.2463 77.874 96.4177 46.0888 60.5245 44.9444 
65.895 100.461 99.4892 113.199 68.1181 40.3113 49.0306 26.0768 108.165 94.541 34.1321 69.8928 83.9672 63.561 119.535 92.0272 75.3127 87.252 84.7406 100.047 72.0347 84.7918 58.3095 70.0643 69.0 83.2166 72.1734 107.121 99.4991 79.0253 68.9493 73.0821 112.43 62.5284 78.2189 50.0106 96.4582 10.6301 43.1741 123.072 86.9767 75.0267 95.9979 74.5487 79.7621 33.9559 0.0 84.1487 47.0106 72.8011 111.619 92.2523 69.4721 33.7343 127.576 107.084 125.137 52.3259 55.1453 77.8781 
55.3513 90.1388 100.464 70.1142 71.0393 64.1405 91.9685 58.0775 88.77 42.107 79.3391 33.2866 49.0408 86.9622 96.3328 107.135 106.949 54.7083 53.2259 57.0088 26.0768 42.7551 101.522 112.413 15.8114 34.5254 121.707 72.1734 61.6604 118.779 33.8378 98.8527 80.0562 56.6392 60.5075 84.6729 70.7113 77.0584 44.5982 84.2912 50.9902 94.9403 53.0848 64.9971 112.743 87.0937 84.1487 0.0 37.2156 28.6531 93.594 55.109 73.8668 87.7283 92.2659 86.1452 93.0484 46.4004 29.0172 92.6215 
40.1995 82.6075 89.0056 77.6981 47.5395 34.1321 62.4492 21.0238 85.401 55.1725 44.4592 30.6105 48.7647 63.3398 96.6417 89.627 82.0937 52.0009 46.4795 64.0703 29.2062 47.8017 72.0031 83.5284 22.0227 43.1393 89.7967 75.7008 64.0571 91.7878 30.0 76.1494 84.2835 38.0132 43.0116 55.1536 68.7528 40.6079 12.083 91.3326 44.7236 73.7631 59.6406 50.0899 87.8451 52.2138 47.0106 37.2156 0.0 31.1448 90.247 56.8104 51.4782 52.8484 98.586 84.4372 98.1826 24.0 8.544 73.5459 
28.6525 62.3699 72.111 48.4665 46.7442 41.7732 69.8727 49.1935 62.0725 24.0416 61.0597 5.0 22.0 62.6672 71.2537 78.5864 82.6538 27.1662 24.6982 34.5398 3.0 18.0278 79.6179 88.1175 20.025 12.0416 97.4115 47.8539 36.3456 94.4842 5.83095 72.6793 56.0892 29.9706 33.8087 62.577 44.0114 68.942 29.7321 62.6259 22.4722 68.2414 30.0832 38.2982 88.4476 68.8143 72.8011 28.6531 31.1448 0.0 67.0671 29.1548 47.1679 69.4489 70.214 60.0 70.0928 23.1948 28.3019 65.9226 
50.5964 11.6619 21.0238 30.4138 52.8015 72.6245 69.0652 98.4928 5.0 53.8516 94.7993 64.0078 45.0999 50.2195 9.84886 37.0 54.5711 40.0 44.4072 38.4838 70.0643 50.8616 67.5426 66.2193 87.023 59.0704 73.5459 23.3238 32.0156 65.4905 64.0312 49.0408 18.4391 54.231 49.6588 68.1153 23.0868 112.474 80.9568 25.2982 46.2709 43.4626 41.4367 41.6293 56.5685 79.9812 111.619 93.594 90.247 67.0671 0.0 38.6164 45.8039 80.7217 24.0 7.61577 20.025 67.0522 91.7878 38.4838 
34.9301 48.8562 59.9104 21.9317 47.5384 66.3335 71.0801 70.9626 47.3824 18.4391 93.4662 26.9959 9.07107 55.9651 42.107 68.6259 73.313 14.1421 18.1164 10.4403 32.1403 12.3693 75.4966 81.5963 49.163 20.6155 89.7907 18.9737 7.28011 86.2481 27.3195 65.2518 27.2029 39.6941 36.616 67.1408 29.2747 89.8392 51.0255 34.9857 17.1209 60.0711 8.06226 30.7235 78.4153 79.0069 92.2523 55.109 56.8104 29.1548 38.6164 0.0 40.9755 79.7613 42.0476 31.1715 41.4367 40.2741 56.1119 56.4775 
18.5154 35.3553 38.4708 51.8083 7.07107 27.5139 30.2659 53.8516 41.8688 49.6367 52.652 42.4141 32.1444 16.1245 54.5619 38.3275 35.3836 27.4715 24.9602 48.7705 48.5901 39.8853 34.9285 42.0595 61.4639 46.5362 50.0899 42.8482 46.2174 47.8017 41.448 27.5862 48.0208 33.5871 14.1544 26.3266 32.2025 67.3632 40.05 58.6686 27.1962 23.8537 44.7211 10.4842 41.0122 38.1927 69.4721 73.8668 51.4782 47.1679 45.8039 40.9755 0.0 38.9471 63.0079 42.4264 60.4401 28.0093 56.1102 22.4722 
60.1198 69.3109 67.424 89.6361 37.593 31.8927 15.2971 39.8246 77.4661 91.1649 11.7047 67.9379 70.9302 31.4006 90.1388 58.6941 41.5933 66.2573 63.746 87.5563 69.4783 81.4135 25.02 37.2156 71.9274 80.1763 40.8044 80.6759 84.0452 46.2709 66.945 39.5601 85.4467 56.7533 52.9402 18.6205 70.1022 41.0 43.1373 96.1918 65.9821 42.0595 83.5069 49.27 46.1736 1.0 33.7343 87.7283 52.8484 69.4489 80.7217 79.7613 38.9471 0.0 100.001 78.6284 97.1619 46.7234 61.1591 45.4863 
62.5489 34.5254 45.0111 22.2036 70.0 88.8693 89.8999 110.566 24.5153 50.1597 113.706 68.7095 50.8467 71.1758 15.5242 61.0 78.0897 47.9665 53.8147 35.9026 73.0821 52.2015 89.8109 89.627 89.7385 59.439 97.1648 23.3238 34.8855 89.3588 69.0797 72.0347 15.6205 67.2681 63.6396 87.3802 31.8277 127.267 92.4968 8.0 55.2454 66.2193 40.2616 55.9017 80.399 99.2463 127.576 92.2659 98.586 70.214 24.0 42.0476 63.0079 100.001 0.0 22.1359 4.12311 78.5735 97.8621 61.131 
45.1885 13.0384 25.2982 23.4307 49.4975 68.7453 68.0 93.2702 3.60555 46.2385 92.3914 57.1402 38.0 49.1935 12.53 40.6079 56.3205 33.1361 38.0789 30.8707 63.0 43.4167 67.6757 67.7422 80.0062 51.6236 75.4255 15.8114 24.5153 68.0074 57.2189 50.01 12.083 49.2443 44.9444 66.0079 16.0312 108.595 75.3923 21.0238 39.8121 44.1475 33.8378 36.8917 59.0085 77.874 107.084 86.1452 84.4372 60.0 7.61577 31.1715 42.4264 78.6284 22.1359 0.0 18.7883 61.4654 85.3288 39.0512 
60.803 30.8058 41.0 23.0217 67.4759 86.4302 86.7698 108.824 20.8806 51.0 110.877 68.3081 50.3839 67.9779 11.4018 57.0088 74.3303 46.2739 52.1222 36.2215 73.0068 52.1728 86.3771 85.9069 89.822 59.6825 93.3809 22.4722 34.176 85.4751 68.6323 68.4105 14.3178 65.437 61.6198 84.5516 30.0 125.723 90.8042 9.84886 53.5529 62.6418 40.4475 53.7587 76.531 96.4177 125.137 93.0484 98.1826 70.0928 20.025 41.4367 60.4401 97.1619 4.12311 18.7883 0.0 76.881 97.4247 57.5674 
16.4924 58.8558 65.0077 61.2209 25.0599 18.6815 46.4353 32.6497 62.2977 42.565 38.3341 19.0 31.989 40.9843 73.9256 66.3187 60.9709 34.9501 34.9394 48.0691 23.7697 32.8136 55.9891 67.3894 31.8277 31.5764 73.7828 57.325 47.5209 72.8013 18.0 53.7193 62.9818 14.0357 19.0263 39.1397 46.8323 50.6063 13.9284 73.2756 27.6728 51.0784 43.7073 26.1725 66.7648 46.0888 52.3259 46.4004 24.0 23.1948 67.0522 40.2741 28.0093 46.7234 78.5735 61.4654 76.881 0.0 28.1603 50.3524 
43.1856 85.0235 92.4392 76.4853 52.9245 41.2311 69.4987 29.0689 86.8332 52.0096 52.7699 29.1548 48.3839 68.835 97.2934 94.4196 88.9294 52.3927 47.3814 62.6099 25.807 46.0652 79.0525 90.4657 14.5602 40.2244 96.8461 75.0023 63.3586 98.6338 28.7924 81.5699 83.2461 41.9762 46.8722 62.203 69.4262 48.1664 19.105 90.471 45.5412 79.1202 58.1378 53.2353 94.6808 60.5245 55.1453 29.0172 8.544 28.3019 91.7878 56.1119 56.1102 61.1591 97.8621 85.3288 97.4247 28.1603 0.0 78.4533 
37.2701 26.9258 22.0227 56.3205 26.1725 43.1045 31.8277 73.2462 36.6879 65.2179 44.9064 61.1688 47.8017 14.3178 48.3322 16.1245 18.2483 42.4382 40.767 58.1158 67.3448 55.6058 29.0689 29.0172 80.2186 62.343 37.0135 47.1699 50.7516 31.0483 60.2027 11.0454 49.163 55.9302 32.9091 33.8707 37.6563 83.1469 61.8142 59.5399 43.003 5.09902 60.2231 28.4253 22.4722 44.9444 77.8781 92.6215 73.5459 65.9226 38.4838 56.4775 22.4722 45.4863 61.131 39.0512 57.5674 50.3524 78.4533 0.0 
DEMAND_SCENARIO_SECTION
0 0 0 0 0 0 0 0 0 0 0 0 0 0 0 0 0 0 0 0 0 0 0 0 0 0 0 0 0 0 0 0 0 0 0 0 0 0 0 0 0 0 0 0 0 0 0 0 0 0 0 0 0 0 0 0 0 0 0 0 0 0 0 0 0 0 0 0 0 0 0 0 0 0 0 0 0 0 0 0 0 0 0 0 0 0 0 0 0 0 0 0 0 0 0 0 0 0 0 0 0 0 0 0 0 0 0 0 0 0 0 0 0 0 0 0 0 0 0 0 0 0 0 0 0 0 0 0 0 0 0 0 0 0 0 0 0 0 0 0 0 0 0 0 0 0 0 0 0 0 0 0 0 0 0 0 0 0 0 0 0 0 0 0 0 0 0 0 0 0 0 0 0 0 0 0 0 0 0 0 0 0 0 0 0 0 0 0 0 0 0 0 0 0 0 0 0 0 0 0 
7 5 4 7 6 6 5 5 5 2 4 6 5 7 8 9 4 7 5 6 8 5 3 6 5 9 8 6 7 9 9 9 8 5 5 8 4 3 5 8 5 7 4 7 8 6 7 8 8 6 6 4 7 5 4 9 5 5 4 6 8 7 4 7 10 7 7 6 7 7 6 7 9 9 2 7 8 5 3 8 6 9 9 7 6 4 7 6 2 3 5 6 7 8 4 5 5 7 4 10 6 7 8 6 4 6 5 5 7 7 7 4 7 3 0 2 4 5 7 3 5 4 6 6 5 7 5 9 5 7 1 8 6 6 6 7 7 5 6 4 5 3 4 3 7 7 7 5 8 4 7 7 7 6 7 6 10 4 8 10 4 5 7 1 6 6 4 3 7 7 3 6 6 6 6 4 6 6 7 4 4 8 5 8 7 4 4 7 6 6 5 4 8 2 6 8 6 6 4 2 
1 1 2 1 1 2 1 1 1 1 1 1 1 1 1 1 1 1 1 1 1 1 1 1 1 1 1 1 1 1 2 1 1 1 1 1 0 1 1 1 1 1 1 1 1 1 1 1 1 1 1 1 1 1 1 1 1 1 2 1 1 1 1 1 1 1 2 0 1 1 1 1 0 1 1 1 1 2 1 1 1 1 1 2 1 2 1 1 1 1 1 1 1 0 1 1 1 1 2 2 1 1 1 1 0 1 1 1 1 1 1 1 1 1 1 1 1 1 1 0 1 0 1 2 1 2 1 1 0 1 1 1 1 1 1 1 1 1 2 1 1 0 1 1 1 1 1 1 1 1 1 1 1 1 1 1 1 1 1 1 1 1 1 1 1 1 1 0 1 2 1 1 1 1 2 1 1 1 1 1 1 1 1 1 1 1 0 1 1 0 0 1 1 1 2 1 1 1 1 1 
5 8 8 10 9 9 8 5 9 7 6 5 5 8 7 11 8 10 4 12 10 11 6 2 9 13 10 6 11 8 4 9 4 8 7 8 6 5 7 9 5 9 4 5 12 9 4 10 9 6 12 8 7 14 9 6 8 6 7 6 6 9 8 10 11 7 6 10 6 6 8 6 7 1 7 6 5 3 7 3 3 7 7 4 6 9 5 5 10 10 2 8 5 9 9 6 4 10 8 7 8 8 8 9 5 7 7 6 8 3 5 8 6 2 7 5 8 7 4 2 4 7 7 7 7 4 5 2 0 6 9 7 6 6 6 8 9 8 5 7 8 5 3 8 2 7 9 7 10 9 3 6 6 7 10 6 12 6 6 6 5 8 4 5 5 11 5 8 7 3 7 8 4 6 7 6 8 8 9 5 7 5 5 6 9 6 9 11 6 8 7 7 9 8 9 7 3 3 11 7 
6 7 7 6 6 6 3 5 5 9 6 3 7 7 10 4 4 7 7 8 8 9 5 8 5 5 5 5 9 4 3 9 3 7 4 4 4 5 6 4 5 8 5 8 4 6 5 8 9 6 5 5 6 5 10 4 7 6 2 7 3 4 6 9 0 9 9 6 9 7 3 6 4 7 2 7 7 7 6 5 4 7 4 9 10 6 8 6 7 4 5 2 5 7 7 8 6 6 7 6 6 8 5 7 10 4 2 9 7 7 5 7 7 5 7 6 6 3 5 8 5 10 7 7 6 5 5 7 12 5 7 9 6 9 4 7 6 6 7 4 4 6 6 6 7 3 8 5 2 5 3 4 6 4 8 6 6 6 6 7 1 5 5 7 8 6 4 5 6 6 4 6 8 6 5 6 6 7 5 3 3 12 3 5 5 4 5 7 2 10 5 8 4 5 10 7 7 8 2 4 
17 6 8 11 6 16 8 9 10 6 13 8 11 11 14 5 14 7 9 7 7 6 6 6 14 7 8 7 10 12 10 3 8 13 16 7 10 12 8 11 8 10 6 13 11 8 10 12 12 13 7 10 11 6 4 16 11 19 9 13 5 12 11 8 15 11 12 12 9 15 11 6 10 8 9 11 8 8 11 7 9 12 12 7 7 15 7 5 7 17 9 5 10 7 9 16 10 8 1 11 9 11 12 8 9 12 4 9 9 8 11 6 5 9 6 6 14 1 11 7 12 10 12 5 8 15 11 8 11 8 5 5 13 8 10 12 16 16 7 6 15 5 10 8 7 10 8 6 16 7 5 6 6 13 12 12 6 6 14 16 11 12 7 9 10 7 15 11 10 8 4 13 10 8 18 4 13 8 7 18 13 10 11 7 8 8 6 11 11 17 10 8 4 9 10 11 11 12 4 12 
1 1 1 0 0 1 1 1 2 1 1 1 1 1 1 1 1 1 1 1 1 1 1 1 1 2 1 1 1 1 1 1 1 1 1 1 1 1 1 1 1 1 1 1 1 1 1 1 1 1 1 1 1 1 1 2 1 1 1 1 1 2 1 1 0 1 1 0 0 1 1 1 1 1 1 2 1 0 1 1 2 1 1 1 1 1 1 1 1 1 1 1 1 1 1 1 2 1 1 0 1 1 2 1 1 0 1 2 1 1 1 1 1 1 1 1 1 1 1 1 1 1 1 1 1 1 1 1 1 1 1 1 1 1 1 1 1 1 1 1 0 1 1 2 1 1 1 1 1 1 1 1 1 1 0 1 1 1 1 1 1 1 2 1 2 1 1 1 1 1 1 0 0 1 1 0 1 1 1 1 1 2 1 1 1 1 1 1 1 2 1 1 1 1 1 1 1 1 1 1 
4 3 2 3 3 1 3 4 4 3 3 3 0 3 4 4 5 5 3 3 3 3 3 2 5 5 3 3 3 3 2 4 4 3 5 2 2 4 3 5 3 4 3 2 4 3 4 3 3 2 4 4 4 5 4 3 3 1 2 5 3 3 2 4 2 3 3 3 2 2 4 3 1 2 2 2 1 3 2 3 2 3 2 4 2 1 3 4 4 3 4 2 4 2 3 4 2 5 3 3 2 3 2 4 4 4 4 3 3 4 5 2 3 0 4 5 3 3 2 3 1 3 2 3 2 4 4 4 2 3 2 4 3 4 6 5 3 4 3 4 4 3 5 2 4 4 3 4 3 2 3 3 4 4 3 5 3 4 2 1 4 2 2 3 2 4 3 4 4 3 4 4 4 4 3 1 3 3 3 2 5 1 2 3 3 4 2 4 3 3 2 2 1 3 3 2 4 3 4 4 
6 5 3 4 5 5 3 5 4 3 5 4 6 4 3 4 3 4 5 6 4 4 6 5 5 4 4 3 3 2 5 6 3 2 4 6 4 5 2 5 4 4 6 6 3 1 4 7 4 2 3 5 5 5 6 4 5 4 3 5 6 5 3 7 2 5 3 2 4 4 3 1 5 3 5 3 4 7 6 4 1 5 3 5 6 5 3 5 6 4 4 7 3 6 5 3 5 4 5 4 2 4 6 4 3 4 2 4 4 3 3 4 5 5 7 3 4 3 6 6 6 2 4 4 3 4 6 4 5 5 2 4 3 3 3 6 2 3 5 4 4 3 5 3 4 4 2 3 3 1 1 4 4 5 2 3 2 6 4 2 2 8 3 5 4 3 3 1 3 3 4 5 5 3 4 5 3 3 2 4 4 4 5 6 4 0 5 3 5 4 6 4 7 4 6 2 6 6 4 5 
3 3 1 3 3 2 2 1 2 2 1 1 3 1 3 3 2 2 2 2 2 3 2 2 1 3 2 2 1 3 3 2 3 2 2 4 2 2 2 1 2 2 1 2 2 3 2 2 3 2 2 3 2 1 2 2 1 2 2 2 2 2 1 1 2 1 2 3 3 1 3 1 3 3 3 3 2 2 2 2 1 2 1 1 2 3 2 2 2 3 2 0 2 2 1 3 2 1 3 3 2 2 3 3 2 3 0 4 2 1 2 1 1 3 2 3 1 3 2 2 3 4 2 4 3 2 2 2 3 3 2 3 3 2 2 1 2 2 2 2 1 2 2 2 2 2 2 2 2 1 1 1 1 3 2 2 2 2 2 2 1 2 2 1 1 1 2 3 2 1 2 2 1 2 3 3 2 2 2 3 3 2 2 2 3 2 2 3 2 3 1 1 2 2 2 2 0 2 4 2 
1 1 1 1 1 1 1 1 1 1 1 0 1 0 1 1 1 1 1 1 1 1 1 1 1 1 1 0 1 1 2 1 1 1 1 1 1 1 1 1 1 1 1 0 1 1 2 1 1 1 1 1 1 1 1 1 1 1 1 1 2 1 1 1 1 1 1 1 1 1 1 1 1 1 1 1 0 1 1 1 1 1 1 1 1 1 2 1 1 2 1 1 0 1 1 0 1 2 1 1 1 1 2 1 1 1 1 1 2 1 1 1 1 1 1 1 1 0 1 1 1 1 1 1 1 1 1 0 1 1 1 1 1 1 1 1 1 2 0 1 1 1 1 0 1 0 1 1 1 1 1 1 0 0 1 1 1 2 1 1 1 1 1 1 1 1 1 1 1 1 1 1 1 1 2 1 1 1 1 1 1 1 0 1 0 2 2 1 1 1 1 1 1 1 1 1 1 1 1 1 
2 5 2 5 3 2 3 2 4 4 5 4 4 3 3 3 2 2 1 1 3 3 3 3 4 2 4 5 4 2 3 4 4 2 3 3 4 3 3 4 2 2 3 4 3 3 3 3 4 3 3 2 1 2 2 5 2 4 4 4 4 4 4 3 4 3 2 4 2 4 4 5 4 5 2 3 3 3 3 3 4 4 3 4 3 3 2 3 3 3 2 2 4 3 3 3 3 3 5 3 2 4 2 3 4 3 3 4 3 5 3 5 2 2 1 0 3 3 4 3 2 3 3 4 3 4 3 3 2 3 3 3 2 5 3 2 2 0 3 3 4 5 3 3 3 4 2 4 2 4 2 1 3 6 4 3 4 3 3 3 1 3 5 3 4 5 3 2 5 2 3 2 2 3 3 3 5 4 4 2 3 2 3 2 2 3 3 3 3 3 2 1 2 3 4 3 3 4 2 3 
2 1 2 2 3 2 2 1 2 2 2 2 2 2 2 2 1 3 2 1 3 3 1 2 2 2 3 2 2 1 3 2 0 3 1 2 1 3 2 1 2 2 2 2 1 2 3 3 2 2 3 3 2 1 2 2 2 2 2 2 2 1 2 2 2 1 1 3 2 3 2 2 3 2 2 2 1 2 1 2 2 2 2 1 2 3 3 2 3 2 1 2 2 2 3 2 1 3 2 2 2 2 2 2 3 2 2 3 1 2 2 1 2 1 2 2 3 2 2 1 3 2 2 3 3 1 2 2 2 1 3 2 3 0 2 2 3 2 2 3 4 1 2 2 2 2 2 3 2 3 2 1 1 2 2 2 4 1 4 3 3 2 2 1 2 2 2 1 2 3 2 3 2 2 2 2 1 2 3 3 3 1 2 3 2 2 2 1 1 3 2 3 3 2 2 2 1 2 2 0 
5 3 3 5 5 1 6 4 4 7 5 6 5 5 5 1 5 5 5 3 5 7 6 5 3 7 8 4 5 4 3 3 6 2 7 4 6 3 6 6 4 5 6 8 5 5 7 5 8 7 4 2 5 1 5 8 4 3 3 6 6 6 7 5 5 6 5 9 6 4 5 6 2 5 3 4 6 6 4 3 5 8 8 1 6 4 4 6 6 6 7 6 6 4 4 7 3 4 6 8 2 7 6 5 5 5 2 6 3 7 6 6 7 4 5 9 4 4 4 6 4 6 8 5 7 3 4 5 7 6 5 2 3 5 8 9 9 7 5 5 7 5 5 9 5 9 0 6 4 5 2 4 3 5 7 7 6 4 5 6 4 4 9 4 5 5 3 5 3 7 6 6 6 4 6 4 6 3 5 7 3 4 2 4 5 4 7 5 4 6 7 5 6 1 7 6 7 4 6 7 
2 2 1 3 2 2 3 2 1 2 1 1 2 2 1 2 2 1 2 2 2 2 1 2 1 2 1 3 2 2 2 1 3 3 2 3 2 2 2 2 3 2 3 2 2 3 1 2 2 1 2 3 2 1 2 2 2 3 2 3 1 1 1 2 3 2 3 1 2 2 2 1 1 1 2 2 2 0 2 2 2 2 3 2 2 2 3 2 1 2 2 3 1 2 2 3 2 2 1 3 1 1 2 3 2 1 2 2 2 2 3 2 2 2 1 2 3 2 2 2 1 2 2 2 2 2 2 1 1 3 3 1 2 1 3 1 1 2 2 2 2 2 2 2 2 1 1 1 1 1 2 2 2 3 2 1 1 2 1 2 2 2 3 1 2 2 2 2 2 1 3 3 2 2 1 1 3 4 2 2 1 3 3 2 2 2 3 3 2 2 2 1 3 3 2 3 3 2 1 2 
1 1 1 1 1 1 2 2 1 1 1 2 1 1 1 0 1 1 1 1 1 1 1 1 1 1 1 1 1 1 1 1 1 1 1 1 1 1 1 0 1 1 1 1 1 1 1 1 1 1 2 1 1 1 1 1 1 1 1 1 2 1 1 1 1 1 2 2 1 1 1 1 1 1 2 1 1 1 1 1 1 0 1 0 1 0 0 1 1 1 1 1 1 1 1 1 0 1 1 1 1 1 1 1 1 1 1 1 1 1 1 1 1 0 1 1 0 1 1 1 1 0 1 1 1 2 1 1 2 1 1 1 0 1 1 1 1 1 2 1 1 1 2 2 1 0 1 1 1 1 1 1 1 0 1 1 1 1 1 1 1 1 1 1 2 1 1 0 1 1 1 1 1 1 1 1 1 1 1 1 1 1 1 0 1 1 1 1 1 1 1 1 1 0 1 1 1 1 1 1 
8 9 2 8 6 8 11 8 15 6 8 10 4 8 6 10 6 8 5 6 7 7 13 5 8 7 10 9 7 12 8 6 11 8 10 7 7 9 4 8 10 10 7 11 7 6 8 10 8 5 5 7 7 4 8 14 6 12 5 11 1 8 8 5 7 10 13 12 9 10 11 6 5 4 10 13 9 7 8 6 9 11 9 8 8 8 6 10 8 7 5 8 11 6 10 13 7 5 7 9 7 2 6 14 8 9 6 5 3 7 3 8 9 7 8 10 14 11 12 8 8 6 6 3 2 12 7 11 6 9 7 6 1 9 10 12 8 6 6 9 8 6 5 8 7 8 10 12 8 5 8 7 9 8 8 9 5 16 7 7 9 8 11 4 7 10 8 10 9 10 9 12 8 11 10 8 9 10 9 13 11 8 5 8 8 8 7 7 5 9 7 13 4 8 5 7 8 11 12 10 
3 5 9 8 12 11 7 6 10 7 14 9 10 8 8 8 8 4 5 8 9 8 9 10 6 8 2 6 9 6 12 5 9 10 7 9 11 4 9 6 4 12 8 6 10 6 10 6 11 8 7 7 7 8 12 6 4 7 6 8 8 8 11 3 12 6 7 7 4 8 9 9 7 9 15 6 6 9 7 6 12 3 8 10 12 7 5 11 8 11 6 11 9 5 8 9 8 3 9 11 5 10 10 15 9 8 6 6 4 9 3 9 7 13 9 7 8 9 7 4 9 8 6 6 13 9 7 12 10 3 12 10 9 9 7 9 8 9 4 9 6 12 9 10 7 7 11 4 10 5 6 8 7 8 9 9 6 17 10 6 12 0 9 9 6 8 4 7 10 11 14 2 6 12 8 8 9 5 2 6 4 12 9 10 6 5 8 6 11 5 9 8 5 6 7 9 9 5 7 6 
8 6 6 7 3 8 6 4 9 8 10 3 5 3 7 9 9 7 8 6 10 4 7 6 4 7 4 12 5 5 3 8 5 9 5 6 7 5 4 6 5 7 7 7 7 2 5 6 6 8 6 8 8 4 3 6 7 4 3 5 4 1 9 10 4 4 7 6 4 4 6 5 6 5 6 6 5 4 2 11 6 4 5 10 3 4 5 2 5 8 7 8 3 8 6 10 8 8 6 6 4 3 5 5 9 6 6 6 8 3 9 5 8 7 4 6 8 7 7 4 7 5 7 7 7 8 3 9 1 8 6 7 8 8 7 8 6 5 9 4 5 6 6 7 4 8 8 7 3 7 4 8 6 5 13 9 5 3 6 5 6 7 4 8 7 4 8 7 5 4 7 6 9 3 5 4 6 5 6 10 6 5 6 5 5 2 4 5 2 7 5 3 8 7 7 6 5 7 7 9 
3 3 3 1 4 2 2 1 3 2 2 3 2 2 2 3 3 2 1 2 2 2 3 2 1 2 3 2 2 1 1 1 2 2 2 2 2 2 2 2 2 1 3 0 2 3 2 2 2 3 3 3 1 2 1 3 2 2 1 2 3 3 1 2 2 2 1 2 2 1 2 2 3 3 2 2 2 1 2 2 1 1 2 1 2 1 3 2 3 1 3 2 3 3 3 1 1 2 2 2 1 2 1 3 2 1 1 3 1 2 2 2 4 3 2 3 1 3 2 3 2 1 1 2 2 2 1 1 1 2 2 3 2 1 3 3 1 1 2 2 2 1 2 2 1 3 1 2 1 2 3 3 2 3 0 3 3 2 2 3 2 2 2 3 1 2 2 1 3 1 2 2 2 3 1 3 2 2 3 2 2 2 1 2 2 2 2 2 2 2 2 1 1 1 1 3 2 2 2 3 
11 8 11 10 9 5 10 7 9 6 8 7 3 6 5 9 6 10 3 11 8 11 11 11 14 8 8 5 8 5 5 9 7 7 8 11 9 6 9 5 7 8 7 10 7 6 11 12 4 5 9 6 8 2 6 2 11 8 13 7 5 8 5 11 13 13 10 11 9 5 11 5 10 9 5 10 13 8 7 9 5 10 7 6 8 1 7 13 11 14 11 8 7 10 10 10 8 5 10 7 5 5 6 9 7 5 7 8 4 5 5 8 7 8 10 10 5 9 9 3 11 5 7 5 14 9 7 12 7 8 13 4 9 8 10 5 10 3 6 11 9 13 8 8 13 4 7 10 7 8 7 8 12 5 11 4 12 5 6 2 9 8 6 10 11 8 9 13 9 9 11 2 5 9 7 11 7 10 12 8 10 8 8 9 7 11 9 11 10 9 7 8 7 6 6 8 8 6 11 8 
9 12 13 6 15 5 5 9 15 6 13 10 10 9 14 11 12 7 6 7 9 7 11 8 7 14 5 15 10 9 8 9 13 10 12 14 8 9 11 11 9 10 10 10 11 13 13 7 11 9 9 9 13 3 13 10 10 8 4 6 14 9 10 14 12 12 9 10 13 13 12 5 7 5 8 8 13 13 9 8 8 11 11 8 6 13 6 6 7 11 1 7 11 7 5 12 12 14 6 11 7 10 6 16 7 8 8 9 9 7 9 11 8 11 15 5 10 8 7 8 9 7 13 12 11 13 6 8 6 10 11 9 5 10 5 15 13 14 10 6 13 7 11 4 8 13 6 11 9 10 6 7 8 18 12 9 11 8 13 7 9 8 9 8 11 4 14 9 12 15 17 8 10 9 7 10 6 12 16 11 16 15 9 7 5 15 12 6 4 6 8 8 12 1 12 12 5 9 11 10 
3 3 5 5 5 8 5 4 3 6 5 4 6 4 5 4 6 4 3 4 5 5 5 7 5 4 5 5 5 4 2 7 6 4 1 5 4 4 3 4 5 5 3 4 4 3 6 6 5 6 3 3 6 4 4 4 4 4 4 5 6 4 1 4 5 4 6 2 2 6 6 5 6 3 4 5 4 3 3 2 4 3 4 2 3 7 3 5 3 6 6 4 4 7 4 4 6 4 4 3 3 5 5 5 4 2 4 6 3 5 3 2 5 4 3 2 4 1 6 4 5 5 6 2 2 4 4 3 3 4 3 5 4 4 5 2 2 5 3 1 4 2 2 4 5 4 2 4 5 4 4 6 6 5 3 1 4 5 5 6 5 4 3 1 3 4 5 4 4 3 2 5 4 5 2 4 4 2 3 7 5 6 3 4 4 4 5 5 5 5 2 6 3 4 5 5 7 5 5 5 
