NAME  : Jabali_60_2_0.90_1_5
TYPE : SVRP
MODEL : FINITE_SUPPORT
NUMBER_OF_SCENARIOS : 200
DIMENSION : 60
EDGE_WEIGHT_TYPE : MATRIX
CAPACITY : 161
N_VEHICLES : 2
NODE_COORD_SECTION
1 3935 4363
2 8055 4353
3 3526 7797
4 5591 5984
5 7504 4509
6 2373 3535
7 1611 7528
8 8173 3839
9 6433 2187
10 2957 3549
11 5387 2242
12 3825 1973
13 5988 7734
14 4539 4636
15 3253 6814
16 5194 1059
17 3059 18
18 3347 8519
19 7005 2650
20 3199 1998
21 2836 32
22 5148 1860
23 1607 6812
24 1975 6523
25 3226 1622
26 1953 1461
27 774 6541
28 1017 5658
29 3403 3040
30 7792 3678
31 27 5943
32 7055 3725
33 1738 2356
34 217 4112
35 3513 8480
36 6262 6000
37 1832 2152
38 5530 6187
39 6064 2547
40 2855 7428
41 1350 3536
42 4347 1795
43 2547 5324
44 6158 3265
45 904 3974
46 742 7119
47 3811 6436
48 4618 2822
49 3726 963
50 5620 2955
51 7476 3655
52 4596 7096
53 6466 5390
54 4922 7992
55 7744 3911
56 4167 7472
57 2775 3676
58 3897 6815
59 4215 7633
60 3228 8087
DEMAND_SECTION
1 0.0
2 6.0
3 4.0
4 3.0
5 2.0
6 8.0
7 4.0
8 9.0
9 2.0
10 8.0
11 2.0
12 2.0
13 1.0
14 6.0
15 5.0
16 3.0
17 4.0
18 9.0
19 7.0
20 3.0
21 5.0
22 2.0
23 8.0
24 9.0
25 7.0
26 6.0
27 5.0
28 8.0
29 3.0
30 3.0
31 2.0
32 1.0
33 7.0
34 5.0
35 8.0
36 3.0
37 7.0
38 1.0
39 2.0
40 2.0
41 2.0
42 8.0
43 1.0
44 8.0
45 10.0
46 1.0
47 9.0
48 5.0
49 3.0
50 3.0
51 10.0
52 7.0
53 5.0
54 2.0
55 4.0
56 5.0
57 6.0
58 6.0
59 9.0
60 4.0
DEVIATION_SECTION
1 0.0
2 2.0
3 1.33333
4 1.0
5 0.666667
6 2.66667
7 1.33333
8 3.0
9 0.666667
10 2.66667
11 0.666667
12 0.666667
13 0.333333
14 2.0
15 1.66667
16 1.0
17 1.33333
18 3.0
19 2.33333
20 1.0
21 1.66667
22 0.666667
23 2.66667
24 3.0
25 2.33333
26 2.0
27 1.66667
28 2.66667
29 1.0
30 1.0
31 0.666667
32 0.333333
33 2.33333
34 1.66667
35 2.66667
36 1.0
37 2.33333
38 0.333333
39 0.666667
40 0.666667
41 0.666667
42 2.66667
43 0.333333
44 2.66667
45 3.33333
46 0.333333
47 3.0
48 1.66667
49 1.0
50 1.0
51 3.33333
52 2.33333
53 1.66667
54 0.666667
55 1.33333
56 1.66667
57 2.0
58 2.0
59 3.0
60 1.33333
DISTANCE_MATRIX
0.0 56.0357 53.2228 32.3883 49.3964 24.0208 56.0247 57.3847 45.0922 18.2483 35.893 35.1468 54.4783 8.24621 39.2385 51.7164 60.7368 62.2735 51.4935 34.4885 61.6698 40.5371 46.6704 43.1111 38.868 47.927 52.0005 43.3929 24.868 51.7397 56.8601 44.4126 40.7922 50.1599 62.0217 39.0 42.2019 32.7869 38.7762 49.3052 37.108 39.963 23.647 45.5182 41.6305 57.1132 37.3972 28.4267 48.0227 32.8174 49.8905 51.6946 37.855 62.9864 54.0694 51.7707 19.0263 41.4484 53.1427 56.7899 
56.0357 0.0 75.2728 39.5601 7.2111 77.7468 96.2806 6.7082 34.7131 70.8348 45.0 65.2763 54.0833 50.9902 73.3898 56.5155 89.56 82.9699 26.2488 72.6911 88.8144 50.0899 95.9191 92.3598 74.2428 90.934 101.702 96.6783 71.946 7.28011 109.897 15.0333 89.473 106.0 81.7435 32.7567 89.812 41.4367 35.0 79.3901 91.836 60.0083 75.1349 30.0832 97.2471 106.362 66.2943 51.5475 73.171 37.855 11.4018 58.8218 25.632 64.4981 10.0 66.0984 72.3695 64.8032 66.7608 80.3243 
53.2228 75.2728 0.0 35.7351 68.3081 58.9477 25.0799 80.1101 88.8344 57.3149 79.6352 77.7066 32.7567 49.7924 14.1421 95.4586 103.233 9.48683 81.1759 77.0065 104.22 84.2793 28.0713 26.3059 81.4244 87.1359 39.6232 44.1814 67.4278 75.2867 52.469 71.2277 77.1164 66.7083 8.94427 42.9535 79.1149 33.8378 82.5184 10.0499 65.0259 82.5228 35.5005 73.198 63.3987 37.3363 19.9249 72.1689 90.5826 76.5596 75.5962 16.5529 49.6488 18.3848 79.0218 9.43398 56.5685 15.2971 9.21954 5.09902 
32.3883 39.5601 35.7351 0.0 32.573 56.1685 56.7408 44.3847 50.3746 50.636 49.5308 59.6867 24.0416 24.1881 33.8499 65.3712 88.5099 43.7379 46.4707 64.3575 88.7525 54.2037 55.8116 57.9312 67.6974 79.6994 67.8893 62.7768 56.2892 39.6232 75.6926 36.0139 73.1642 78.339 42.5793 8.60233 74.5252 2.0 46.8005 39.8503 68.1175 58.4123 42.3792 38.4928 71.0211 67.6562 26.7544 43.8292 72.4224 46.3941 40.1123 19.4165 13.9284 27.6586 43.4166 26.6833 51.3543 25.2634 27.4591 40.8044 
49.3964 7.2111 68.3081 32.573 0.0 71.4144 89.3129 12.0416 32.6956 64.5024 41.4367 61.0 48.5077 44.0454 66.422 54.4243 86.4928 76.1577 25.2389 68.1175 85.9069 46.8722 88.7575 85.1983 70.0 86.2851 94.5401 89.5134 66.1664 8.544 102.732 12.083 83.9524 99.4786 74.9533 26.1725 84.5281 34.4819 31.5753 72.4224 85.5036 56.2228 67.97 25.0799 90.824 99.2004 59.3265 46.4419 69.8713 33.0606 11.4018 51.923 18.6815 58.1378 12.6491 59.203 66.0371 57.8355 59.9083 73.3757 
24.0208 77.7468 58.9477 56.1685 71.4144 0.0 52.8015 78.7913 53.9128 7.2111 41.4043 27.4591 75.9605 32.0156 44.8219 48.3839 47.0106 67.8825 61.2355 23.0868 48.4665 41.1825 43.4626 39.9067 27.2947 28.2843 45.3982 34.0147 19.6015 73.1384 45.5412 65.8038 18.3576 30.4795 67.634 63.0079 20.2485 56.3218 48.4296 54.9141 14.4222 33.5261 24.0832 66.9095 21.2603 51.9711 43.937 29.222 38.1182 42.706 71.2818 57.4953 61.6604 69.5262 74.7021 58.3095 5.38516 47.9882 59.6825 62.3988 
56.0247 96.2806 25.0799 56.7408 89.3129 52.8015 0.0 107.484 107.189 54.8377 97.9898 77.6833 57.7062 68.147 26.2592 97.1215 99.8098 26.0192 104.281 75.2064 101.279 89.1592 9.43398 14.3178 79.6057 79.925 16.2788 25.2389 67.4284 101.924 29.1548 95.1885 68.5055 48.8774 27.074 64.2343 70.7248 54.844 100.873 17.0294 52.4976 82.5234 32.4939 96.3027 48.1664 12.3693 34.6111 77.0489 89.9816 94.9141 100.642 39.0512 70.6529 43.4626 104.755 33.2866 53.1095 32.0156 33.6155 22.561 
57.3847 6.7082 80.1101 44.3847 12.0416 78.7913 107.484 0.0 31.0161 71.8793 42.4264 63.1506 60.2993 53.1507 78.2226 52.469 86.093 88.0738 22.0907 70.8308 85.2115 47.0956 98.862 95.3028 72.0069 89.0505 104.801 99.7739 71.7417 5.65685 112.993 13.8924 88.2553 107.079 86.885 38.2099 88.5438 46.3249 32.5576 84.2229 92.8805 57.4282 78.2306 29.5296 98.292 109.305 79.4226 50.3358 70.0071 36.7696 8.544 63.7887 30.5941 70.1783 5.0 71.0634 73.4139 69.636 71.8053 85.1645 
45.0922 34.7131 88.8344 50.3746 32.6956 53.9128 107.189 31.0161 0.0 47.5914 13.0384 33.6155 72.0216 44.2859 80.9852 21.8403 55.0818 96.9639 9.05539 41.6293 54.231 16.4924 91.19 87.6308 42.0595 59.4643 96.5201 87.9125 46.3113 27.4591 101.38 20.6155 60.5392 84.3567 95.8532 47.874 60.4152 52.3455 7.07107 91.0383 67.8823 27.2029 68.1666 15.8114 75.1394 101.633 79.1271 24.8395 39.0512 15.2971 23.3452 68.9439 39.9595 78.0209 26.0192 79.6412 49.7981 78.3603 80.5239 93.9014 
18.2483 70.8348 57.3149 50.636 64.5024 7.2111 54.8377 71.8793 47.5914 0.0 35.083 23.0217 71.6654 26.4764 43.1856 42.9535 46.3249 66.2593 55.0607 20.6155 47.5079 35.011 45.4834 41.9242 25.0799 30.5287 49.0 38.3275 13.2801 66.2264 50.6952 58.8918 22.561 37.4833 66.0109 57.0789 24.0416 51.0347 42.1083 53.291 21.6333 28.2843 24.1661 59.9974 28.2843 55.1453 41.5942 22.9006 35.171 36.3846 64.3698 56.5668 55.2268 67.1834 68.3807 55.9677 2.23607 45.6454 57.3396 60.7757 
35.893 45.0 79.6352 49.5308 41.4367 41.4043 97.9898 42.4264 13.0384 35.083 0.0 20.8806 73.5701 35.0868 71.786 16.4012 45.1221 87.7647 21.5407 28.7924 44.643 5.83095 81.9908 78.4316 29.6142 46.8402 83.8386 73.3441 33.8029 38.0526 85.777 30.0167 47.5079 71.8401 86.654 51.9396 47.4131 50.9448 10.0 81.8391 55.2268 15.0333 58.9674 17.8885 62.6259 92.4337 69.928 13.0 28.4429 11.3137 34.1321 63.3503 46.3814 74.4116 37.4833 70.5032 37.2897 69.1612 71.3859 84.7022 
35.1468 65.2763 77.7066 59.6867 61.0 27.4591 77.6833 63.1506 33.6155 23.0217 20.8806 0.0 83.3943 43.1116 63.713 21.4709 28.8444 86.7468 42.3792 8.06226 29.2062 17.4929 68.329 64.7698 9.0 25.9615 72.0069 61.131 22.2788 58.5491 72.9932 50.2494 27.6586 55.9017 86.4928 63.561 27.2029 60.7956 30.5941 73.7784 38.9102 7.07107 46.3249 36.0555 47.0106 78.1601 61.8716 16.1555 13.6015 28.0713 54.7449 76.1691 58.8218 87.4608 58.2495 76.2451 25.0 65.9228 77.6171 81.2632 
54.4783 54.0833 32.7567 24.0416 48.5077 75.9605 57.7062 60.2993 72.0216 71.6654 73.5701 83.3943 0.0 46.271 38.6394 89.4105 112.218 36.0694 68.0294 88.3044 112.474 78.243 59.1354 55.547 91.405 102.182 71.1688 73.3204 78.6839 56.8859 83.5225 55.9732 93.9202 93.0215 34.6554 24.1661 95.536 22.6716 68.4475 41.2311 86.0073 82.3286 57.0789 60.1398 87.1436 69.7782 34.0588 67.624 96.2137 70.4334 58.6941 21.095 32.311 14.8661 61.0 24.6982 71.7844 31.0644 24.1661 36.4005 
8.24621 50.9902 49.7924 24.1881 44.0454 32.0156 68.147 53.1507 44.2859 26.4764 35.0868 43.1116 46.271 0.0 41.9432 50.9102 68.7017 57.922 49.4284 42.4533 69.6347 39.7308 59.5246 55.9654 46.8328 56.0803 65.3072 60.2804 32.8328 47.5079 73.4992 40.3449 49.0306 73.5689 56.8112 31.0644 50.448 24.5796 37.97 51.9963 44.6475 42.4138 38.737 41.4505 49.048 69.9675 40.0852 27.6205 56.2041 32.0112 45.8039 33.6565 30.6757 44.8611 50.0 40.8094 27.1662 39.3184 41.6921 54.8594 
39.2385 73.3898 14.1421 33.8499 66.422 44.8219 26.2592 78.2226 80.9852 43.1856 71.786 63.713 38.6394 41.9432 0.0 87.6094 89.202 23.0769 78.0768 63.0079 90.2109 76.4301 25.1891 21.2675 67.424 73.0 37.2668 34.7398 53.4342 75.7201 49.315 68.9848 63.0079 55.2268 22.8284 41.3435 65.0 31.9532 74.6692 10.1085 51.0784 68.5292 21.4709 70.0989 50.448 37.0337 9.84886 64.3197 76.5889 68.7104 74.4387 17.72 47.7621 27.1662 78.5518 15.1327 42.4264 8.60233 16.2788 17.5933 
51.7164 56.5155 95.4586 65.3712 54.4243 48.3839 97.1215 52.469 21.8403 42.9535 16.4012 21.4709 89.4105 50.9102 87.6094 0.0 34.1321 103.588 30.4138 28.6007 33.0151 11.1803 87.7672 84.208 26.8701 43.6005 91.7288 81.2343 41.6931 49.2443 93.6216 42.3792 48.2701 77.3692 102.477 67.7799 47.4236 66.7852 23.8537 97.6625 60.3738 14.8661 65.7764 33.4215 68.4471 97.7254 85.7513 25.4951 19.6977 27.6586 45.1221 79.1905 60.2178 90.252 47.5184 86.4756 45.1221 84.9845 87.3583 100.526 
60.7368 89.56 103.233 88.5099 86.4928 47.0106 99.8098 86.093 55.0818 46.3249 45.1221 28.8444 112.218 68.7017 89.202 34.1321 0.0 112.254 64.0312 26.2488 2.23607 39.6232 90.471 86.9168 21.9317 23.0217 91.4822 79.555 47.8688 82.3893 88.8144 74.8131 34.1321 66.0076 112.005 92.1303 32.0624 89.6189 54.9181 99.2855 51.4782 31.0161 70.3278 62.6418 59.2115 98.3717 87.4616 44.7772 16.7631 55.0273 78.3135 101.759 86.9253 113.051 81.0987 101.835 47.5079 91.5129 103.207 106.77 
62.2735 82.9699 9.48683 43.7379 76.1577 67.8825 26.0192 88.0738 96.9639 66.2593 87.7647 86.7468 36.0694 57.922 23.0769 103.588 112.254 0.0 89.3054 86.0512 113.254 92.4088 31.7805 31.7805 90.4624 96.0706 42.0476 48.7647 76.468 83.3607 55.0364 79.3572 86.0512 72.111 1.41421 50.2892 88.0496 41.7732 90.6479 16.4012 72.2118 91.563 44.4352 81.3276 69.324 38.2099 29.4109 80.2985 99.6227 84.6891 83.7257 24.3311 57.4891 21.2603 87.1321 17.1172 65.5033 24.7386 16.2788 5.65685 
51.4935 26.2488 81.1759 46.4707 25.2389 61.2355 104.281 22.0907 9.05539 55.0607 21.5407 42.3792 68.0294 49.4284 78.0768 30.4138 64.0312 89.3054 0.0 50.3289 63.1269 25.4951 96.3537 92.7945 50.9608 68.3081 102.921 94.3137 53.7806 18.9737 107.781 13.4536 68.884 91.826 88.1947 43.8634 68.8767 48.4416 12.8062 85.2888 75.2202 36.1386 74.5679 16.4924 82.6087 108.034 76.2187 32.0156 48.0937 20.0 14.8661 65.0399 35.7771 74.117 17.1172 72.1929 57.2674 70.7019 73.0756 86.2429 
34.4885 72.6911 77.0065 64.3575 68.1175 23.0868 75.2064 70.8308 41.6293 20.6155 28.7924 8.06226 88.3044 42.4533 63.0079 28.6007 26.2488 86.0512 50.3289 0.0 27.2029 25.5539 65.8027 62.2929 4.47214 18.2483 68.469 57.0789 21.6205 66.0984 68.1836 57.7062 19.799 49.3964 85.8021 68.6222 19.2094 65.4664 38.3275 73.0828 32.573 15.0 44.7772 43.0465 40.8044 74.9667 61.2133 22.0907 15.0333 35.0571 62.3699 75.5108 64.5368 86.8025 65.9697 75.5868 22.1359 65.2645 76.9588 80.5676 
61.6698 88.8144 104.22 88.7525 85.9069 48.4665 101.279 85.2115 54.231 47.5079 44.643 29.2062 112.474 69.6347 90.2109 33.0151 2.23607 113.254 63.1269 27.2029 0.0 39.0512 91.9239 88.3653 22.8035 25.0799 93.145 81.2527 48.8019 81.6149 90.6697 74.1485 36.0555 68.0294 113.004 92.1792 34.0147 89.8757 54.3415 100.285 53.3385 30.8707 71.5891 62.2977 61.131 100.0 88.3947 44.9444 16.5529 54.7814 77.5242 102.692 86.8206 113.984 80.2247 102.768 48.7647 92.4459 104.14 107.77 
40.5371 50.0899 84.2793 54.2037 46.8722 41.1825 89.1592 47.0956 16.4924 35.011 5.83095 17.4929 78.243 39.7308 76.4301 11.1803 39.6232 92.4088 25.4951 25.5539 39.0512 0.0 79.8049 76.2457 25.632 43.0813 83.7666 73.272 33.7308 43.0116 85.705 35.2278 45.0 71.2811 91.2981 56.6125 44.6542 55.6177 15.2971 86.4832 54.4059 10.7703 57.8141 23.7065 62.1289 89.7631 74.572 15.0 23.0868 17.0294 39.0 68.0177 51.0543 79.0759 42.107 75.2963 37.2177 73.8052 76.179 89.3463 
46.6704 95.9191 28.0713 55.8116 88.7575 43.4626 9.43398 98.862 91.19 45.4834 81.9908 68.329 59.1354 59.5246 25.1891 87.7672 90.471 31.7805 96.3537 65.8027 91.9239 79.8049 0.0 6.32456 70.214 70.4911 12.083 17.088 58.0741 93.3015 24.5153 87.2387 59.0762 40.7185 32.5576 63.3051 61.2944 53.9148 84.874 18.2483 43.1856 73.1691 23.1396 88.3758 39.2046 13.0384 33.541 67.6946 80.6273 78.9152 92.5168 38.9102 72.6317 45.8912 96.5344 34.4819 43.7552 30.963 35.171 27.1662 
43.1111 92.3598 26.3059 57.9312 85.1983 39.9067 14.3178 95.3028 87.6308 41.9242 78.4316 64.7698 55.547 55.9654 21.2675 84.208 86.9168 31.7805 92.7945 62.2929 88.3653 76.2457 6.32456 0.0 66.6922 67.1194 17.0294 18.0 54.5149 89.9565 28.2312 83.6795 55.8115 40.5216 32.311 59.3835 58.0146 49.9932 81.3148 16.2788 40.5128 69.6099 19.5804 84.8166 37.5899 19.2354 35.4423 64.1354 77.0681 75.356 88.9576 34.992 69.0724 43.1045 92.9751 31.257 40.1959 27.0414 32.1403 26.5707 
38.868 74.2428 81.4244 67.6974 70.0 27.2947 79.6057 72.0069 42.0595 25.0799 29.6142 9.0 91.405 46.8328 67.424 26.8701 21.9317 90.4624 50.9608 4.47214 22.8035 25.632 70.214 66.6922 0.0 17.4642 72.6911 61.2046 26.0 67.4759 72.0625 59.2115 21.6333 52.4976 90.2109 71.8679 20.6155 68.8063 39.4588 77.4941 35.9026 14.8661 49.2443 45.0444 44.1475 79.2465 65.5928 24.7386 11.0454 37.054 63.6396 79.8903 67.4463 91.182 67.082 79.9663 26.5707 69.644 81.3383 84.9788 
47.927 90.934 87.1359 79.6994 86.2851 28.2843 79.925 89.0505 59.4643 30.5287 46.8402 25.9615 102.182 56.0803 73.0 43.6005 23.0217 96.0706 68.3081 18.2483 25.0799 43.0813 70.4911 67.1194 17.4642 0.0 70.0071 57.9396 35.4109 84.3445 66.2873 75.9539 11.7047 43.0 95.8222 85.3126 9.48683 80.3243 56.5155 83.1023 29.1204 32.311 52.345 61.2056 36.4966 77.0779 71.7856 40.0125 24.7588 53.2353 80.604 86.9506 81.7435 97.3748 84.1724 86.1591 30.8058 75.8368 87.5311 90.587 
52.0005 101.702 39.6232 67.8893 94.5401 45.3982 16.2788 104.801 96.5201 49.0 83.8386 72.0069 71.1688 65.3072 37.2668 91.7288 91.4822 42.0476 102.921 68.469 93.145 83.7666 12.083 17.0294 72.6911 70.0071 0.0 12.083 62.0357 99.2983 13.0 93.0529 58.3095 34.0588 43.0116 75.3828 60.5392 65.9925 90.2041 30.0832 41.1461 77.1307 28.7924 94.1585 35.2278 7.2111 45.6187 71.6562 83.4865 84.2453 98.2994 50.9902 78.4143 57.7235 102.317 46.4866 47.0106 43.0407 47.1275 38.0526 
43.3929 96.6783 44.1814 62.7768 89.5134 34.0147 25.2389 99.7739 87.9125 38.3275 73.3441 61.131 73.3204 60.2804 34.7398 81.2343 79.555 48.7647 94.3137 57.0789 81.2527 73.272 17.088 18.0 61.2046 57.9396 12.083 0.0 51.5412 94.2715 13.6015 87.5232 46.2385 23.7065 49.4773 71.2634 48.4665 61.9893 81.5965 34.1321 29.0689 66.6108 21.9317 88.6288 23.4307 19.2354 40.8534 61.1617 72.111 75.6377 93.0012 52.2723 73.8173 61.0737 97.18 49.163 36.2215 42.482 50.0899 43.9318 
24.868 71.946 67.4278 56.2892 66.1664 19.6015 67.4284 71.7417 46.3113 13.2801 33.8029 22.2788 78.6839 32.8328 53.4342 41.6931 47.8688 76.468 53.7806 21.6205 48.8019 33.7308 58.0741 54.5149 26.0 35.4109 62.0357 51.5412 0.0 67.201 63.9741 59.8664 30.0832 50.0454 76.214 61.9017 31.0 56.9215 40.8281 63.4996 33.5862 27.095 36.0832 60.972 40.8281 68.0322 51.5928 21.6205 35.1548 35.1045 63.1977 65.8903 59.0377 77.182 67.1006 65.9663 15.4868 55.644 67.3383 70.9843 
51.7397 7.28011 75.2867 39.6232 8.544 73.1384 101.924 5.65685 27.4591 66.2264 38.0526 58.5491 56.8859 47.5079 75.7201 49.2443 82.3893 83.3607 18.9737 66.0984 81.6149 43.0116 93.3015 89.9565 67.4759 84.3445 99.2983 94.2715 67.201 0.0 107.49 8.544 83.1843 101.426 82.201 34.0 83.5225 41.5933 28.0713 79.3995 87.2276 53.0848 72.7281 24.1661 92.6391 103.744 73.8621 45.2588 66.0681 31.6228 4.12311 59.0339 26.0768 66.0076 4.12311 66.2873 67.761 64.8126 67.082 80.3537 
56.8601 109.897 52.469 75.6926 102.732 45.5412 29.1548 112.993 101.38 50.6952 85.777 72.9932 83.5225 73.4992 49.315 93.6216 88.8144 55.0364 107.781 68.1836 90.6697 85.705 24.5153 28.2312 72.0625 66.2873 13.0 13.6015 63.9741 107.49 0.0 101.245 54.7449 25.5539 56.0089 84.1792 56.8859 74.9051 95.0637 42.7551 37.3363 78.8543 35.4683 102.35 29.8329 18.0278 53.2312 73.5946 83.0963 89.1049 106.723 63.0395 86.8338 70.406 110.902 58.9406 48.5077 55.0889 59.6657 51.0392 
44.4126 15.0333 71.2277 36.0139 12.083 65.8038 95.1885 13.8924 20.6155 58.8918 30.0167 50.2494 55.9732 40.3449 68.9848 42.3792 74.8131 79.3572 13.4536 57.7062 74.1485 35.2278 87.2387 83.6795 59.2115 75.9539 93.0529 87.5232 59.8664 8.544 101.245 0.0 74.6616 94.0912 78.2304 32.0156 75.0007 38.0132 20.025 75.3406 79.893 45.0 66.4827 15.6525 85.3045 97.6816 67.1267 36.7362 58.3095 23.0868 5.65685 55.0818 23.7697 63.3877 9.89949 62.2013 60.4265 60.7537 63.1269 76.2947 
40.7922 89.473 77.1164 73.1642 83.9524 18.3576 68.5055 88.2553 60.5392 22.561 47.5079 27.6586 93.9202 49.0306 63.0079 48.2701 34.1321 86.0512 68.884 19.799 36.0555 45.0 59.0762 55.8115 21.6333 11.7047 58.3095 46.2385 30.0832 83.1843 54.7449 74.6616 0.0 32.249 85.8027 79.404 2.23607 73.5759 56.3649 73.0828 17.4642 34.7131 41.8688 59.5769 25.0799 65.3911 62.2881 37.9473 31.7805 51.624 79.712 75.8464 77.0 87.8773 83.5703 76.6616 22.1359 66.3393 78.032 80.5676 
50.1599 106.0 66.7083 78.339 99.4786 30.4795 48.8774 107.079 84.3567 37.4833 71.8401 55.9017 93.0215 73.5689 55.2268 77.3692 66.0076 72.111 91.826 49.3964 68.0294 71.2811 40.7185 40.5216 52.4976 43.0 34.0588 23.7065 50.0454 101.426 25.5539 94.0912 32.249 0.0 72.7324 86.4002 34.1321 77.8781 78.8736 56.7539 17.0 62.6498 36.3456 95.1968 9.21954 41.0366 59.1354 59.6659 63.3246 73.1499 99.5691 72.0 87.339 82.3893 103.748 70.3491 35.3553 62.0 71.4493 67.0522 
62.0217 81.7435 8.94427 42.5793 74.9533 67.634 27.074 86.885 95.8532 66.0109 86.654 86.4928 34.6554 56.8112 22.8284 102.477 112.005 1.41421 88.1947 85.8021 113.004 91.2981 32.5576 32.311 90.2109 95.8222 43.0116 49.4773 76.214 82.201 56.0089 78.2304 85.8027 72.7324 0.0 49.0408 87.8012 40.6079 89.5372 16.6433 72.6971 91.309 44.1868 80.2168 69.8092 39.3192 28.7924 79.1877 99.3687 83.5784 82.6075 23.1948 56.2939 19.8494 85.9884 16.0312 65.2548 24.0416 15.1327 5.83095 
39.0 32.7567 42.9535 8.60233 26.1725 63.0079 64.2343 38.2099 47.874 57.0789 51.9396 63.561 24.1661 31.0644 41.3435 67.7799 92.1303 50.2892 43.8634 68.6222 92.1792 56.6125 63.3051 59.3835 71.8679 85.3126 75.3828 71.2634 61.9017 34.0 84.1792 32.0156 79.404 86.4002 49.0408 0.0 80.6226 9.89949 44.2998 47.3438 75.5421 61.4003 50.6952 35.9921 78.8543 75.1497 34.248 47.4236 75.6637 48.8028 35.2278 26.4008 8.24621 32.0156 38.0132 33.6155 58.0086 32.7569 34.176 47.927 
42.2019 89.812 79.1149 74.5252 84.5281 20.2485 70.7248 88.5438 60.4152 24.0416 47.4131 27.2029 95.536 50.448 65.0 47.4236 32.0624 88.0496 68.8767 19.2094 34.0147 44.6542 61.2944 58.0146 20.6155 9.48683 60.5392 48.4665 31.0 83.5225 56.8859 75.0007 2.23607 34.1321 87.8012 80.6226 0.0 74.9632 56.4624 75.0813 19.6469 34.2053 43.9318 59.9159 27.1662 67.624 64.1803 38.3275 30.4138 51.963 80.0062 77.7386 78.0256 89.7696 83.8153 78.5493 23.7697 68.2315 79.925 82.566 
32.7869 41.4367 33.8378 2.0 34.4819 56.3218 54.844 46.3249 52.3455 51.0347 50.9448 60.7956 22.6716 24.5796 31.9532 66.7852 89.6189 41.7732 48.4416 65.4664 89.8757 55.6177 53.9148 49.9932 68.8063 80.3243 65.9925 61.9893 56.9215 41.5933 74.9051 38.0132 73.5759 77.8781 40.6079 9.89949 74.9632 0.0 53.7669 37.9535 68.0294 59.6657 41.7612 40.4637 70.7107 65.7594 24.8576 45.0 73.6003 47.8081 42.107 17.4642 15.8114 25.7099 45.3982 24.7386 51.7457 23.3666 25.4951 38.8973 
38.7762 35.0 82.5184 46.8005 31.5753 48.4296 100.873 32.5576 7.07107 42.1083 10.0 30.5941 68.4475 37.97 74.6692 23.8537 54.9181 90.6479 12.8062 38.3275 54.3415 15.2971 84.874 81.3148 39.4588 56.5155 90.2041 81.5965 40.8281 28.0713 95.0637 20.025 56.3649 78.8736 89.5372 44.2998 56.4624 53.7669 0.0 84.7223 62.4144 25.02 61.8506 10.0 69.6563 95.3169 72.8111 19.2094 38.3275 8.24621 24.1868 66.1723 36.3853 77.2336 27.6586 73.3253 44.315 72.0444 74.208 87.5854 
49.3052 79.3901 10.0499 39.8503 72.4224 54.9141 17.0294 84.2229 91.0383 53.291 81.8391 73.7784 41.2311 51.9963 10.1085 97.6625 99.2855 16.4012 85.2888 73.0828 100.285 86.4832 18.2483 16.2788 77.4941 83.1023 30.0832 34.1321 63.4996 79.3995 42.7551 75.3406 73.0828 56.7539 16.6433 47.3438 75.0813 37.9535 84.7223 0.0 56.3884 78.5947 31.4669 77.3109 53.5006 28.6531 18.4391 74.3728 86.6544 78.7635 79.7091 22.0227 53.7624 27.6586 83.1347 16.5529 52.5349 15.6525 17.088 10.8167 
37.108 91.836 65.0259 68.1175 85.5036 14.4222 52.4976 92.8805 67.8823 21.6333 55.2268 38.9102 86.0073 44.6475 51.0784 60.3738 51.4782 72.2118 75.2202 32.573 53.3385 54.4059 43.1856 40.5128 35.9026 29.1204 41.1461 29.0689 33.5862 87.2276 37.3363 79.893 17.4642 17.0 72.6971 75.5421 19.6469 68.0294 62.4144 56.3884 0.0 45.6508 29.7321 80.9986 8.24621 48.3011 52.1803 43.2067 46.8722 56.6907 85.371 65.7343 74.9533 77.4919 88.6868 65.7875 19.7231 56.0446 67.0671 66.9171 
39.963 60.0083 82.5228 58.4123 56.2228 33.5261 82.5234 57.4282 27.2029 28.2843 15.0333 7.07107 82.3286 42.4138 68.5292 14.8661 31.0161 91.563 36.1386 15.0 30.8707 10.7703 73.1691 69.6099 14.8661 32.311 77.1307 66.6108 27.095 53.0848 78.8543 45.0 34.7131 62.6498 91.309 61.4003 34.2053 59.6657 25.02 78.5947 45.6508 0.0 51.1782 31.7805 53.6656 83.1273 77.255 14.8661 14.3178 24.0416 49.163 70.8263 55.9464 82.0278 52.469 77.9792 30.4138 76.4882 78.8619 86.0794 
23.647 75.1349 35.5005 42.3792 67.97 24.0832 32.4939 78.2306 68.1666 24.1661 58.9674 46.3249 57.0789 38.737 21.4709 65.7764 70.3278 44.4352 74.5679 44.7772 71.5891 57.8141 23.1396 19.5804 49.2443 52.345 28.7924 21.9317 36.0832 72.7281 35.4683 66.4827 41.8688 36.3456 44.1868 50.6952 43.9318 41.7612 61.8506 31.4669 29.7321 51.1782 0.0 67.5883 30.0666 33.5825 23.0217 45.7037 59.1354 55.8918 71.9606 36.3456 52.4786 47.8017 76.1395 36.0555 22.8254 26.4764 37.3363 38.9516 
45.5182 30.0832 73.198 38.4928 25.0799 66.9095 96.3027 29.5296 15.8114 59.9974 17.8885 36.0555 60.1398 41.4505 70.0989 33.4215 62.6418 81.3276 16.4924 43.0465 62.2977 23.7065 88.3758 84.8166 45.0444 61.2056 94.1585 88.6288 60.972 24.1661 102.35 15.6525 59.5769 95.1968 80.2168 35.9921 59.9159 40.4637 10.0 77.3109 80.9986 31.7805 67.5883 0.0 86.4101 98.8187 68.2409 21.6514 45.8803 8.0 21.095 57.0621 28.0776 66.1391 25.2389 64.215 61.5321 62.724 65.0977 78.265 
41.6305 97.2471 63.3987 71.0211 90.824 21.2603 48.1664 98.292 75.1394 28.2843 62.6259 47.0106 87.1436 49.048 50.448 68.4471 59.2115 69.324 82.6087 40.8044 61.131 62.1289 39.2046 37.5899 44.1475 36.4966 35.2278 23.4307 40.8281 92.6391 29.8329 85.3045 25.0799 9.21954 69.8092 78.8543 27.1662 70.7107 69.6563 53.5006 8.24621 53.6656 30.0666 86.4101 0.0 42.4382 53.0848 50.4486 55.109 63.9326 90.7825 66.3702 79.3689 77.4661 94.9613 65.5134 26.1725 56.4358 66.7083 64.0293 
57.1132 106.362 37.3363 67.6562 99.2004 51.9711 12.3693 109.305 101.633 55.1453 92.4337 78.1601 69.7782 69.9675 37.0337 97.7254 98.3717 38.2099 108.034 74.9667 100.0 89.7631 13.0384 19.2354 79.2465 77.0779 7.2111 19.2354 68.0322 103.744 18.0278 97.6816 65.3911 41.0366 39.3192 75.1497 67.624 65.7594 95.3169 28.6531 48.3011 83.1273 33.5825 98.8187 42.4382 0.0 45.3856 77.6527 89.9444 89.3581 102.96 50.4777 83.0745 55.7136 106.977 45.1774 53.2353 42.8076 45.618 34.9285 
37.3972 66.2943 19.9249 26.7544 59.3265 43.937 34.6111 79.4226 79.1271 41.5942 69.928 61.8716 34.0588 40.0852 9.84886 85.7513 87.4616 29.4109 76.2187 61.2133 88.3947 74.572 33.541 35.4423 65.5928 71.7856 45.6187 40.8534 51.5928 73.8621 53.2312 67.1267 62.2881 59.1354 28.7924 34.248 64.1803 24.8576 72.8111 18.4391 52.1803 77.255 23.0217 68.2409 53.0848 45.3856 0.0 62.4617 74.7476 66.8523 72.5807 13.6015 40.6666 25.9422 76.6937 15.5563 41.0132 5.0 16.9706 24.5153 
28.4267 51.5475 72.1689 43.8292 46.4419 29.222 77.0489 50.3358 24.8395 22.9006 13.0 16.1555 67.624 27.6205 64.3197 25.4951 44.7772 80.2985 32.0156 22.0907 44.9444 15.0 67.6946 64.1354 24.7386 40.0125 71.6562 61.1617 21.6205 45.2588 73.5946 36.7362 37.9473 59.6659 79.1877 47.4236 38.3275 45.0 19.2094 74.3728 43.2067 14.8661 45.7037 21.6514 50.4486 77.6527 62.4617 0.0 28.6007 13.6985 41.7918 56.033 42.72 67.2345 45.6946 63.1859 25.1073 61.6949 64.0686 77.2359 
48.0227 73.171 90.5826 72.4224 69.8713 38.1182 89.9816 70.0071 39.0512 35.171 28.4429 13.6015 96.2137 56.2041 76.5889 19.6977 16.7631 99.6227 48.0937 15.0333 16.5529 23.0868 80.6273 77.0681 11.0454 24.7588 83.4865 72.111 35.1548 66.0681 83.0963 58.3095 31.7805 63.3246 99.3687 75.6637 30.4138 73.6003 38.3275 86.6544 46.8722 14.3178 59.1354 45.8803 55.109 89.9444 74.7476 28.6007 0.0 38.2753 62.0322 84.6165 70.2638 95.818 65.0077 89.1211 36.8782 78.7988 90.493 94.1391 
32.8174 37.855 76.5596 46.3941 33.0606 42.706 94.9141 36.7696 15.2971 36.3846 11.3137 28.0713 70.4334 32.0112 68.7104 27.6586 55.0273 84.6891 20.0 35.0571 54.7814 17.0294 78.9152 75.356 37.054 53.2353 84.2453 75.6377 35.1045 31.6228 89.1049 23.0868 51.624 73.1499 83.5784 48.8028 51.963 47.8081 8.24621 78.7635 56.6907 24.0416 55.8918 8.0 63.9326 89.3581 66.8523 13.6985 38.2753 0.0 28.2312 60.2135 43.2446 71.2748 32.2025 67.3664 38.5913 66.0855 68.2492 81.6266 
49.8905 11.4018 75.5962 40.1123 11.4018 71.2818 100.642 8.544 23.3452 64.3698 34.1321 54.7449 58.6941 45.8039 74.4387 45.1221 78.3135 83.7257 14.8661 62.3699 77.5242 39.0 92.5168 88.9576 63.6396 80.604 98.2994 93.0012 63.1977 4.12311 106.723 5.65685 79.712 99.5691 82.6075 35.2278 80.0062 42.107 24.1868 79.7091 85.371 49.163 71.9606 21.095 90.7825 102.96 72.5807 41.7918 62.0322 28.2312 0.0 59.4138 27.074 67.0671 4.24264 66.6108 65.9044 65.1222 67.4759 80.6632 
51.6946 58.8218 16.5529 19.4165 51.923 57.4953 39.0512 63.7887 68.9439 56.5668 63.3503 76.1691 21.095 33.6565 17.72 79.1905 101.759 24.3311 65.0399 75.5108 102.692 68.0177 38.9102 34.992 79.8903 86.9506 50.9902 52.2723 65.8903 59.0339 63.0395 55.0818 75.8464 72.0 23.1948 26.4008 77.7386 17.4642 66.1723 22.0227 65.7343 70.8263 36.3456 57.0621 66.3702 50.4777 13.6015 56.033 84.6165 60.2135 59.4138 0.0 33.2415 12.8062 62.8013 7.28011 54.5715 10.0 8.06226 21.5407 
37.855 25.632 49.6488 13.9284 18.6815 61.6604 70.6529 30.5941 39.9595 55.2268 46.3814 58.8218 32.311 30.6757 47.7621 60.2178 86.9253 57.4891 35.7771 64.5368 86.8206 51.0543 72.6317 69.0724 67.4463 81.7435 78.4143 73.8173 59.0377 26.0768 86.8338 23.7697 77.0 87.339 56.2939 8.24621 78.0256 15.8114 36.3853 53.7624 74.9533 55.9464 52.4786 28.0776 79.3689 83.0745 40.6666 42.72 70.2638 43.2446 27.074 33.2415 0.0 40.0125 30.0167 40.5216 56.4358 39.1755 41.2311 54.7083 
62.9864 64.4981 18.3848 27.6586 58.1378 69.5262 43.4626 70.1783 78.0209 67.1834 74.4116 87.4608 14.8661 44.8611 27.1662 90.252 113.051 21.2603 74.117 86.8025 113.984 79.0759 45.8912 43.1045 91.182 97.3748 57.7235 61.0737 77.182 66.0076 70.406 63.3877 87.8773 82.3893 19.8494 32.0156 89.7696 25.7099 77.2336 27.6586 77.4919 82.0278 47.8017 66.1391 77.4661 55.7136 25.9422 67.2345 95.818 71.2748 67.0671 12.8062 40.0125 0.0 70.0 12.0416 66.6024 21.5407 11.0 21.6333 
54.0694 10.0 79.0218 43.4166 12.6491 74.7021 104.755 5.0 26.0192 68.3807 37.4833 58.2495 61.0 50.0 78.5518 47.5184 81.0987 87.1321 17.1172 65.9697 80.2247 42.107 96.5344 92.9751 67.082 84.1724 102.317 97.18 67.1006 4.12311 110.902 9.89949 83.5703 103.748 85.9884 38.0132 83.8153 45.3982 27.6586 83.1347 88.6868 52.469 76.1395 25.2389 94.9613 106.977 76.6937 45.6946 65.0077 32.2025 4.24264 62.8013 30.0167 70.0 0.0 70.0357 70.5874 68.5478 70.859 84.0888 
51.7707 66.0984 9.43398 26.6833 59.203 58.3095 33.2866 71.0634 79.6412 55.9677 70.5032 76.2451 24.6982 40.8094 15.1327 86.4756 101.835 17.1172 72.1929 75.5868 102.768 75.2963 34.4819 31.257 79.9663 86.1591 46.4866 49.163 65.9663 66.2873 58.9406 62.2013 76.6616 70.3491 16.0312 33.6155 78.5493 24.7386 73.3253 16.5529 65.7875 77.9792 36.0555 64.215 65.5134 45.1774 15.5563 63.1859 89.1211 67.3664 66.6108 7.28011 40.5216 12.0416 70.0357 0.0 55.3867 10.6301 1.41421 14.3178 
19.0263 72.3695 56.5685 51.3543 66.0371 5.38516 53.1095 73.4139 49.7981 2.23607 37.2897 25.0 71.7844 27.1662 42.4264 45.1221 47.5079 65.5033 57.2674 22.1359 48.7647 37.2177 43.7552 40.1959 26.5707 30.8058 47.0106 36.2215 15.4868 67.761 48.5077 60.4265 22.1359 35.3553 65.2548 58.0086 23.7697 51.7457 44.315 52.5349 19.7231 30.4138 22.8254 61.5321 26.1725 53.2353 41.0132 25.1073 36.8782 38.5913 65.9044 54.5715 56.4358 66.6024 70.5874 55.3867 0.0 45.0644 56.7587 60.0197 
41.4484 64.8032 15.2971 25.2634 57.8355 47.9882 32.0156 69.636 78.3603 45.6454 69.1612 65.9228 31.0644 39.3184 8.60233 84.9845 91.5129 24.7386 70.7019 65.2645 92.4459 73.8052 30.963 27.0414 69.644 75.8368 43.0407 42.482 55.644 64.8126 55.0889 60.7537 66.3393 62.0 24.0416 32.7569 68.2315 23.3666 72.0444 15.6525 56.0446 76.4882 26.4764 62.724 56.4358 42.8076 5.0 61.6949 78.7988 66.0855 65.1222 10.0 39.1755 21.5407 68.5478 10.6301 45.0644 0.0 12.0416 20.0998 
53.1427 66.7608 9.21954 27.4591 59.9083 59.6825 33.6155 71.8053 80.5239 57.3396 71.3859 77.6171 24.1661 41.6921 16.2788 87.3583 103.207 16.2788 73.0756 76.9588 104.14 76.179 35.171 32.1403 81.3383 87.5311 47.1275 50.0899 67.3383 67.082 59.6657 63.1269 78.032 71.4493 15.1327 34.176 79.925 25.4951 74.208 17.088 67.0671 78.8619 37.3363 65.0977 66.7083 45.618 16.9706 64.0686 90.493 68.2492 67.4759 8.06226 41.2311 11.0 70.859 1.41421 56.7587 12.0416 0.0 13.8924 
56.7899 80.3243 5.09902 40.8044 73.3757 62.3988 22.561 85.1645 93.9014 60.7757 84.7022 81.2632 36.4005 54.8594 17.5933 100.526 106.77 5.65685 86.2429 80.5676 107.77 89.3463 27.1662 26.5707 84.9788 90.587 38.0526 43.9318 70.9843 80.3537 51.0392 76.2947 80.5676 67.0522 5.83095 47.927 82.566 38.8973 87.5854 10.8167 66.9171 86.0794 38.9516 78.265 64.0293 34.9285 24.5153 77.2359 94.1391 81.6266 80.6632 21.5407 54.7083 21.6333 84.0888 14.3178 60.0197 20.0998 13.8924 0.0 
DEMAND_SCENARIO_SECTION
0 0 0 0 0 0 0 0 0 0 0 0 0 0 0 0 0 0 0 0 0 0 0 0 0 0 0 0 0 0 0 0 0 0 0 0 0 0 0 0 0 0 0 0 0 0 0 0 0 0 0 0 0 0 0 0 0 0 0 0 0 0 0 0 0 0 0 0 0 0 0 0 0 0 0 0 0 0 0 0 0 0 0 0 0 0 0 0 0 0 0 0 0 0 0 0 0 0 0 0 0 0 0 0 0 0 0 0 0 0 0 0 0 0 0 0 0 0 0 0 0 0 0 0 0 0 0 0 0 0 0 0 0 0 0 0 0 0 0 0 0 0 0 0 0 0 0 0 0 0 0 0 0 0 0 0 0 0 0 0 0 0 0 0 0 0 0 0 0 0 0 0 0 0 0 0 0 0 0 0 0 0 0 0 0 0 0 0 0 0 0 0 0 0 0 0 0 0 0 0 
7 4 7 6 4 5 6 6 6 8 6 4 5 6 7 4 6 10 5 7 8 8 6 4 5 8 6 4 7 5 12 7 8 11 6 6 7 5 7 8 5 5 7 6 3 7 9 5 6 8 6 6 3 6 7 3 7 5 10 8 8 8 7 6 4 8 6 8 8 7 9 7 5 5 3 7 6 9 6 6 6 3 7 7 6 7 6 7 11 4 8 6 4 7 6 3 7 7 6 3 7 9 6 7 7 7 8 3 5 8 4 5 7 8 6 7 4 5 1 5 6 2 5 6 6 7 9 7 8 1 8 7 8 6 5 3 9 6 4 10 7 6 7 3 9 6 6 4 7 2 5 7 5 5 10 9 7 3 2 7 6 7 8 9 4 5 8 4 6 4 4 7 6 7 5 6 8 6 4 3 8 7 6 6 4 6 5 7 5 8 6 8 5 3 7 4 4 6 4 6 
5 3 4 8 5 4 5 4 3 4 3 3 4 2 5 5 5 2 7 4 5 1 5 4 5 5 5 3 5 5 6 3 4 4 5 3 4 5 4 6 1 5 5 4 5 5 4 4 4 4 4 4 3 4 3 4 5 4 4 3 6 5 3 4 3 5 6 6 2 3 4 6 5 3 8 7 4 5 3 4 6 5 3 6 5 4 3 5 4 2 5 3 7 7 1 3 3 3 3 4 5 3 4 3 4 3 4 6 4 4 3 5 5 4 3 4 5 5 4 5 8 4 3 4 3 4 3 3 4 4 5 6 6 2 4 3 4 4 3 2 5 6 2 3 5 3 5 3 3 3 6 3 3 4 2 4 6 2 3 4 5 3 4 5 5 4 5 4 5 4 4 3 4 4 5 6 6 2 4 4 4 2 3 6 4 4 3 2 3 2 5 8 5 3 2 6 1 1 4 4 
3 3 2 2 3 2 1 3 2 2 4 5 5 3 3 5 4 3 3 3 4 4 2 4 3 4 5 3 4 4 2 2 3 4 3 3 2 3 2 3 2 4 3 4 5 3 4 3 2 2 4 1 4 4 4 3 5 3 4 4 2 4 2 2 3 2 3 3 2 4 3 4 2 3 3 4 4 3 2 1 3 2 4 4 3 3 3 4 4 5 2 3 4 2 3 3 2 3 2 3 4 4 3 5 3 4 4 3 4 2 3 3 2 2 1 3 2 3 3 3 5 5 3 1 3 2 3 3 3 3 4 4 2 3 3 5 5 4 3 3 3 2 2 7 2 4 3 3 3 4 5 4 2 3 4 4 3 2 4 2 2 3 3 4 2 2 3 2 3 3 3 3 4 3 1 0 1 4 2 3 3 3 3 3 2 4 3 2 3 3 2 3 5 2 2 4 3 2 3 2 
2 2 1 2 2 2 2 1 2 1 2 2 2 2 3 1 3 3 1 1 1 3 2 2 3 3 2 2 2 2 2 2 1 2 2 1 3 1 2 2 3 2 1 2 1 2 3 1 2 2 2 1 1 1 2 2 2 2 2 2 1 3 2 2 2 2 1 1 2 2 1 1 2 0 2 3 2 2 2 3 1 3 2 2 0 3 2 3 2 2 2 2 2 2 1 3 2 1 2 2 2 1 2 3 2 2 1 2 2 1 3 2 2 3 2 1 2 2 2 2 2 2 1 3 2 3 3 2 1 2 3 2 3 3 2 3 3 2 2 2 1 2 2 3 2 1 2 2 1 2 2 2 2 1 2 2 1 3 3 2 2 1 2 3 3 3 2 1 2 2 2 1 1 2 2 2 3 2 2 2 1 2 1 2 2 2 2 2 1 1 2 3 1 2 2 2 1 1 2 1 
8 9 12 10 6 5 8 5 9 8 9 7 9 12 10 10 8 2 11 10 7 7 13 8 11 10 5 5 11 9 8 6 9 10 7 10 9 13 6 7 10 13 8 8 8 7 8 5 15 2 11 5 8 6 9 13 10 11 15 8 9 12 8 9 9 11 2 3 14 10 6 11 7 6 9 8 3 10 10 3 6 12 5 7 11 10 9 9 11 7 10 5 7 9 11 7 2 12 10 9 8 9 2 10 6 6 3 11 11 6 8 5 9 10 5 7 7 6 10 15 2 9 4 5 11 7 5 8 10 6 9 10 4 8 8 10 8 2 8 6 7 8 7 12 6 10 7 9 12 8 9 8 12 6 5 9 12 8 6 7 11 9 9 11 8 12 11 11 10 10 10 6 8 16 3 9 4 9 10 10 9 7 5 10 9 12 8 6 11 6 6 8 5 9 7 10 5 6 5 5 
3 4 5 3 6 4 5 8 5 4 5 5 5 6 4 4 5 3 4 5 4 5 5 5 4 3 3 4 6 5 4 6 5 5 3 6 2 1 5 4 6 4 4 4 5 5 6 7 4 2 4 5 4 4 3 3 4 5 2 5 4 4 5 3 3 2 5 6 5 4 6 6 5 2 5 5 3 6 6 3 6 3 4 4 1 2 5 4 2 2 3 4 4 3 5 5 5 4 3 6 7 3 5 6 4 3 5 6 5 6 4 2 7 3 5 3 4 4 5 4 3 4 3 4 2 4 5 5 4 2 1 4 3 7 3 6 5 5 5 4 2 4 5 4 5 4 4 1 4 4 4 5 4 4 3 5 4 2 6 6 6 4 7 5 5 5 3 4 3 4 2 6 6 2 3 7 5 6 3 4 3 4 3 2 4 8 5 5 5 7 4 2 4 4 3 5 4 4 6 2 
9 7 13 12 6 12 10 10 7 7 10 12 9 9 16 12 6 4 10 7 9 8 10 11 5 9 11 11 7 9 9 9 4 8 11 4 6 8 7 7 7 9 10 13 8 12 7 5 4 9 7 7 11 9 8 8 8 3 14 9 6 6 10 7 7 6 10 9 4 8 12 14 10 5 9 10 11 9 10 6 6 6 8 13 9 6 9 9 11 10 12 15 6 9 12 9 6 13 8 8 5 12 12 11 8 10 5 8 13 5 5 12 8 7 10 7 9 11 6 9 13 4 9 13 10 7 5 9 6 9 4 12 13 11 7 6 13 15 8 8 11 6 9 8 10 11 7 7 8 9 7 10 5 9 13 15 12 6 8 7 8 5 6 14 12 7 6 4 13 8 10 8 10 5 11 16 11 13 6 16 9 6 8 17 12 10 7 6 11 9 10 7 12 10 9 9 4 9 13 12 
2 2 2 3 2 2 2 2 2 3 2 3 2 2 1 3 2 3 3 2 2 3 3 2 2 2 2 2 1 1 3 4 3 2 2 3 2 1 2 2 2 1 1 2 2 2 1 2 1 2 1 2 2 2 3 3 2 2 1 1 3 1 2 2 1 3 2 1 2 2 1 1 3 2 2 2 3 2 3 1 1 2 3 2 2 2 2 1 3 2 3 1 3 3 2 2 2 2 1 2 1 2 2 1 2 2 2 2 2 3 2 1 3 2 3 2 3 1 1 1 3 2 1 2 2 2 2 2 1 3 1 1 1 2 2 3 1 2 3 3 2 2 2 2 1 1 2 2 3 2 2 3 2 1 2 2 1 2 1 3 1 2 3 3 1 3 3 2 2 2 3 2 2 3 2 3 2 1 2 3 2 2 1 2 2 2 1 3 2 3 2 3 3 2 3 2 2 2 2 3 
10 11 8 13 6 6 7 7 6 8 8 9 3 8 13 7 10 3 12 6 14 10 8 10 9 10 4 11 8 8 10 6 12 10 9 6 7 9 7 10 12 2 7 8 10 11 8 10 4 9 9 6 6 8 4 6 8 3 5 6 4 10 4 9 10 11 7 12 6 2 5 11 8 5 6 11 12 13 6 4 12 7 14 8 10 10 10 7 2 11 11 12 9 11 14 10 9 8 8 10 8 8 5 10 5 6 9 9 12 10 14 2 4 9 9 8 7 7 5 8 6 5 10 7 4 5 12 6 3 3 7 7 9 10 10 14 8 6 12 11 7 8 5 8 12 10 12 7 10 6 3 3 8 10 11 11 16 10 0 8 10 11 6 7 9 9 7 11 9 3 8 11 9 5 12 5 10 12 7 4 5 9 9 8 12 5 5 14 7 10 11 6 6 5 6 8 9 3 5 12 
2 3 2 2 2 3 3 3 2 3 2 1 2 1 1 2 3 2 1 2 2 2 2 2 3 2 1 2 2 2 2 2 3 2 3 3 0 2 1 3 3 1 2 2 2 1 2 2 3 1 1 3 3 2 1 2 2 3 2 3 3 3 1 3 1 3 2 2 3 3 2 1 2 2 2 2 3 2 2 2 1 1 2 1 1 2 2 2 2 3 1 2 1 2 2 2 2 1 3 2 1 3 2 2 2 3 1 2 2 2 2 2 4 2 2 1 2 2 2 2 2 4 4 2 2 2 3 0 1 2 1 1 2 1 1 3 2 1 1 1 1 2 2 3 3 1 2 2 2 1 3 0 3 2 2 2 2 1 2 3 1 2 3 2 2 1 1 3 2 2 2 3 2 3 3 3 3 1 3 2 2 2 1 3 2 3 2 1 1 2 1 2 2 1 2 2 2 3 2 3 
2 2 3 3 2 3 1 1 2 1 2 1 2 2 1 2 3 2 2 2 2 3 3 1 2 1 2 3 1 1 3 3 2 3 2 2 3 2 1 2 2 3 2 2 2 3 2 2 3 1 1 3 2 1 3 1 3 2 2 2 2 2 1 1 1 1 2 2 2 2 2 2 2 1 2 2 2 2 2 3 1 3 1 3 3 2 2 2 2 2 2 1 2 3 3 2 2 2 2 1 2 3 3 2 1 2 1 3 3 2 3 2 2 1 2 2 3 2 3 1 3 1 2 2 3 3 2 2 2 2 0 3 2 2 2 2 0 2 1 1 2 2 2 1 2 1 2 2 2 3 2 1 2 2 2 2 2 1 1 2 1 4 2 3 2 3 3 2 3 3 1 3 3 2 2 2 2 2 2 2 3 3 2 1 2 1 0 2 2 3 2 2 2 1 2 2 2 2 1 1 
1 1 0 0 2 1 1 1 1 1 2 1 1 1 1 2 1 1 1 1 2 1 1 1 1 1 1 0 2 1 1 2 1 2 1 1 1 1 0 1 1 0 1 1 1 2 1 1 1 1 1 1 1 1 2 1 0 1 1 1 1 1 1 1 1 1 0 1 1 1 1 1 1 1 0 1 1 1 1 1 1 1 1 1 1 1 1 0 2 1 1 1 1 1 1 1 1 0 1 1 0 2 1 1 1 1 1 1 1 1 1 1 1 1 1 1 1 1 2 1 1 1 1 1 1 1 1 2 1 1 1 1 1 1 1 1 1 1 1 0 1 1 1 1 1 1 1 1 0 1 1 0 1 1 2 1 1 1 2 1 1 1 1 1 1 1 1 1 1 1 1 1 1 1 1 1 1 1 1 1 1 1 1 0 1 1 1 2 1 1 1 1 1 1 2 2 1 1 1 1 
8 9 4 5 5 2 5 5 7 9 5 6 7 5 6 4 6 9 5 8 7 5 5 7 7 2 9 6 5 4 5 4 5 8 4 6 9 6 6 5 8 6 4 7 6 4 4 6 7 5 6 5 5 2 7 5 6 6 6 7 4 4 1 2 6 7 8 3 9 5 7 6 11 5 5 7 9 6 4 6 7 8 5 6 4 10 6 5 5 5 5 6 8 4 8 4 8 6 5 5 5 5 5 6 7 4 7 6 3 9 7 3 9 4 7 5 2 4 5 7 8 4 8 5 7 5 8 6 5 3 4 2 7 4 10 8 6 5 4 7 10 8 6 6 8 3 7 5 5 4 8 2 7 9 5 5 7 4 7 6 8 6 8 6 9 8 8 10 5 5 7 7 5 5 7 6 2 3 2 6 5 3 9 4 3 8 8 7 9 3 5 7 6 6 6 4 6 6 4 6 
6 3 7 6 3 4 5 2 5 5 6 8 5 7 5 6 7 3 4 8 6 3 6 6 5 4 1 4 7 2 3 4 7 4 4 4 5 6 5 0 9 6 8 3 5 6 4 4 3 6 7 8 3 4 4 6 7 8 7 5 3 6 6 5 4 4 6 5 5 5 5 6 5 9 4 4 8 3 4 5 5 4 7 5 8 4 4 3 4 6 4 4 9 4 6 6 7 4 9 4 5 5 4 5 5 3 4 5 6 5 7 8 4 3 4 6 6 4 0 6 5 4 3 3 5 9 6 4 5 5 7 7 5 1 3 5 3 7 5 5 5 3 6 5 6 5 6 5 8 5 5 4 5 6 0 4 6 5 4 5 7 7 2 7 4 6 7 7 4 5 4 6 6 3 3 4 2 7 4 6 4 5 3 2 3 3 5 3 7 7 4 4 5 5 3 7 6 1 8 5 
2 2 2 4 3 4 1 4 1 3 3 3 4 3 4 3 3 2 1 4 3 4 2 2 3 4 4 1 2 2 3 3 3 3 3 3 3 3 2 3 2 3 3 4 3 3 3 2 3 3 2 2 2 4 4 3 1 4 3 3 5 4 2 3 3 1 2 4 2 4 2 2 4 1 3 4 3 2 2 1 2 5 5 4 2 2 3 3 3 4 2 4 1 2 3 4 2 3 1 2 5 3 3 3 4 3 3 1 3 3 3 3 3 4 3 2 2 3 2 3 4 5 3 3 4 1 3 4 2 5 1 4 4 3 2 3 3 3 5 1 2 1 3 4 2 5 4 4 3 3 4 4 2 4 5 4 5 2 5 3 3 0 1 4 5 1 4 4 4 3 4 4 3 3 1 3 3 2 3 3 3 4 3 6 2 4 3 1 3 4 4 2 2 5 3 3 3 3 2 4 
5 5 5 1 4 1 1 3 3 4 4 5 4 2 4 6 6 4 1 4 5 3 4 4 4 6 3 2 4 2 4 6 5 7 4 5 4 3 3 4 5 3 4 4 5 2 2 3 3 4 5 5 3 7 4 2 2 4 7 5 4 2 3 5 5 6 3 4 5 3 5 2 2 4 5 6 3 3 3 3 4 4 5 5 5 4 3 3 1 4 4 6 4 6 5 6 3 3 4 1 3 5 4 6 3 5 3 3 6 5 5 4 8 2 4 7 7 5 3 8 4 3 4 5 6 5 6 5 3 4 4 4 6 6 4 2 4 4 6 2 1 4 2 4 4 5 2 7 6 6 3 5 3 4 6 4 4 5 2 6 6 5 4 5 2 5 6 5 5 6 2 4 5 4 3 4 6 6 2 2 3 2 3 2 2 5 5 4 4 3 3 5 5 5 3 4 4 4 5 2 
9 11 9 9 9 15 6 7 6 7 11 8 13 13 7 5 6 6 11 6 12 14 6 16 11 8 9 7 7 7 11 9 15 9 13 11 7 5 11 10 11 11 8 7 10 18 4 12 8 11 9 12 11 13 8 6 10 6 13 7 7 9 7 5 11 12 8 7 7 12 8 9 11 2 10 11 6 5 10 17 10 7 9 10 14 9 2 7 10 9 1 8 10 9 8 10 4 6 6 8 13 10 6 13 11 10 9 10 8 8 9 10 6 8 9 4 12 13 12 4 8 8 3 8 9 5 6 7 9 5 8 7 10 5 10 13 10 9 10 11 12 7 10 12 5 11 9 10 12 13 8 9 12 11 9 7 10 8 7 6 11 7 10 6 11 3 8 10 5 11 10 11 6 7 11 6 6 5 13 12 11 7 4 7 9 10 12 6 15 5 9 15 3 8 9 11 13 10 7 7 
4 8 11 6 9 9 7 9 6 9 5 4 10 5 11 5 7 9 9 9 8 8 8 8 9 9 6 7 4 8 5 6 8 4 8 4 6 3 7 4 6 7 11 7 7 5 7 5 7 1 8 7 4 7 6 5 8 6 7 10 7 5 4 8 9 8 6 5 7 5 5 6 9 6 6 7 2 8 5 9 2 7 12 6 8 11 10 2 7 9 9 6 4 7 6 5 6 3 11 6 8 9 6 5 7 10 7 6 8 9 7 5 9 6 6 7 9 6 5 6 7 6 3 9 7 7 8 3 9 8 5 8 3 5 4 11 7 6 7 7 5 8 2 5 7 7 6 8 4 6 5 11 7 8 6 12 6 3 5 7 6 8 7 11 2 9 3 11 5 11 9 9 3 11 4 7 7 7 10 5 12 7 4 5 3 4 10 5 8 4 8 9 7 4 10 6 9 11 7 5 
5 2 4 3 4 2 3 4 4 3 4 3 3 4 3 1 4 4 3 4 4 5 4 2 3 3 4 3 4 3 4 1 2 2 3 3 1 1 4 2 3 3 5 4 3 2 3 4 4 2 2 2 4 4 3 2 3 2 3 4 2 3 3 4 3 3 2 4 1 5 3 3 3 6 3 1 3 3 4 4 1 2 3 4 2 3 2 3 3 2 2 3 3 4 3 5 3 2 4 5 2 3 3 1 3 4 2 5 2 2 2 4 1 3 3 3 5 3 3 3 4 1 4 4 1 3 2 3 2 3 3 4 3 4 2 5 2 4 3 0 3 1 3 3 4 3 3 3 3 4 2 3 2 3 3 2 5 4 4 3 2 2 3 3 3 4 3 5 2 3 3 2 3 1 2 3 3 2 1 5 2 3 2 2 4 4 2 3 4 3 4 3 4 3 3 3 3 4 3 3 
6 2 4 4 4 2 5 2 5 7 5 7 8 5 4 8 3 7 5 4 6 5 6 5 3 4 4 5 6 2 7 3 6 6 4 4 3 4 6 6 4 4 6 4 7 5 5 2 6 5 5 6 4 5 4 5 3 2 7 6 4 6 2 5 4 3 6 7 5 4 4 8 8 7 5 4 5 6 5 7 3 3 3 7 8 7 6 3 7 5 7 5 4 2 4 5 5 2 4 5 4 5 4 5 3 3 6 1 4 3 4 7 4 5 7 5 5 4 3 3 4 6 4 5 4 6 8 5 6 3 6 4 6 6 5 3 7 5 4 3 2 9 7 6 5 4 7 6 6 6 4 4 5 3 5 7 6 3 5 8 6 0 3 7 3 6 7 9 5 5 4 8 5 2 3 4 7 4 2 6 3 3 5 5 3 5 4 3 8 3 4 2 7 5 4 4 5 3 7 8 
2 3 2 2 2 2 2 2 1 2 1 3 3 1 3 1 2 2 2 2 1 2 2 1 2 2 2 2 2 2 2 3 0 2 2 2 3 2 1 3 2 3 1 1 2 2 2 2 2 1 0 2 2 2 2 1 2 2 3 3 1 2 3 3 2 1 2 2 2 2 3 2 3 1 2 3 2 3 2 1 1 1 1 1 2 1 3 2 2 2 1 3 2 2 1 1 2 3 3 3 2 2 1 1 3 1 1 2 2 3 3 1 3 2 2 3 2 1 3 2 2 2 2 2 2 2 1 1 2 2 3 2 2 3 2 1 2 2 2 3 3 1 1 1 2 2 2 2 3 2 1 2 1 2 2 1 3 2 2 1 1 3 3 2 2 3 2 2 2 2 2 3 3 2 2 3 2 1 2 2 2 1 2 1 2 3 3 1 1 2 4 2 4 3 3 2 1 2 2 3 
7 11 5 9 6 4 2 13 9 12 12 8 13 8 13 6 4 14 11 5 10 6 10 9 12 7 7 8 6 12 7 3 6 12 8 8 4 4 9 9 5 10 6 7 6 3 12 7 6 9 6 6 12 7 7 7 7 6 13 14 12 10 12 4 9 10 12 9 10 7 11 5 6 8 8 10 10 7 6 12 4 9 9 12 6 9 9 9 2 8 10 10 11 11 13 3 3 10 11 9 7 6 1 10 10 13 5 9 11 9 7 12 8 11 6 10 10 10 12 9 8 9 3 7 11 10 10 6 5 9 4 7 8 9 6 5 5 7 8 10 8 6 6 5 10 9 6 10 11 9 6 7 10 9 8 7 8 10 11 8 8 14 4 8 6 7 5 0 6 10 11 6 10 10 9 10 12 6 5 7 6 8 10 12 4 8 3 8 6 12 8 5 8 13 7 10 7 7 6 10 
