NAME  : Jabali_60_2_0.93_1_4
TYPE : SVRP
MODEL : FINITE_SUPPORT
NUMBER_OF_SCENARIOS : 200
DIMENSION : 60
EDGE_WEIGHT_TYPE : MATRIX
CAPACITY : 175
N_VEHICLES : 2
NODE_COORD_SECTION
1 4600 4291
2 5763 7402
3 4186 2190
4 6134 6393
5 3558 2274
6 3942 7706
7 799 3285
8 5282 5376
9 2314 2911
10 7296 7615
11 7666 7393
12 5797 6126
13 2870 2604
14 4127 5010
15 6091 1864
16 4003 3137
17 6354 2211
18 4742 7744
19 2615 4660
20 2707 6015
21 6166 3528
22 4242 480
23 4660 6671
24 4392 6644
25 3923 2356
26 6337 7322
27 7185 6969
28 4403 3698
29 2527 2444
30 4010 2154
31 4176 4585
32 6952 2706
33 2912 4054
34 2147 6753
35 3399 2861
36 3928 256
37 27 2324
38 4858 3987
39 843 2145
40 4950 4289
41 6063 3908
42 2834 4728
43 4739 4145
44 490 3220
45 4431 5714
46 218 2522
47 5134 2123
48 3822 6202
49 4594 3996
50 3019 820
51 4767 6384
52 5938 6109
53 4850 6062
54 3164 6187
55 2374 3559
56 5754 18
57 3890 2143
58 2099 5918
59 4558 7871
60 6220 6930
DEMAND_SECTION
1 0.0
2 4.0
3 7.0
4 5.0
5 10.0
6 9.0
7 2.0
8 6.0
9 2.0
10 1.0
11 1.0
12 10.0
13 9.0
14 1.0
15 10.0
16 4.0
17 10.0
18 9.0
19 10.0
20 2.0
21 8.0
22 5.0
23 10.0
24 4.0
25 8.0
26 8.0
27 6.0
28 8.0
29 5.0
30 7.0
31 7.0
32 4.0
33 1.0
34 8.0
35 2.0
36 3.0
37 6.0
38 4.0
39 4.0
40 7.0
41 3.0
42 7.0
43 8.0
44 10.0
45 8.0
46 2.0
47 10.0
48 2.0
49 1.0
50 3.0
51 1.0
52 4.0
53 3.0
54 5.0
55 10.0
56 4.0
57 2.0
58 1.0
59 7.0
60 7.0
DEVIATION_SECTION
1 0.0
2 1.33333
3 2.33333
4 1.66667
5 3.33333
6 3.0
7 0.666667
8 2.0
9 0.666667
10 0.333333
11 0.333333
12 3.33333
13 3.0
14 0.333333
15 3.33333
16 1.33333
17 3.33333
18 3.0
19 3.33333
20 0.666667
21 2.66667
22 1.66667
23 3.33333
24 1.33333
25 2.66667
26 2.66667
27 2.0
28 2.66667
29 1.66667
30 2.33333
31 2.33333
32 1.33333
33 0.333333
34 2.66667
35 0.666667
36 1.0
37 2.0
38 1.33333
39 1.33333
40 2.33333
41 1.0
42 2.33333
43 2.66667
44 3.33333
45 2.66667
46 0.666667
47 3.33333
48 0.666667
49 0.333333
50 1.0
51 0.333333
52 1.33333
53 1.0
54 1.66667
55 3.33333
56 1.33333
57 0.666667
58 0.333333
59 2.33333
60 2.33333
DISTANCE_MATRIX
0.0 45.8165 29.0689 45.5366 31.3209 41.4367 62.4705 33.0599 44.2142 67.4643 70.2415 42.7131 36.0555 20.6491 49.3211 19.2354 39.2019 42.2966 36.0555 39.5241 26.1008 50.8035 28.2843 28.0179 30.4138 54.1411 62.6717 9.89949 41.1152 28.2843 14.3246 41.9144 29.5555 47.8017 28.3019 54.4518 76.1014 4.47214 65.364 5.09902 22.8955 34.4819 2.23607 65.9866 19.6469 73.6509 28.6778 47.2109 3.16228 52.469 25.7099 43.3836 21.8403 48.4499 39.0028 65.437 27.2947 46.3281 43.1045 49.8808 
45.8165 0.0 70.214 14.1421 69.4262 29.1548 80.1461 26.9258 70.0643 29.0689 28.8617 18.6011 68.0661 34.1321 87.29 56.7539 76.297 18.4391 51.1957 59.7746 62.2896 93.6376 21.4709 24.1661 70.342 8.24621 20.3961 47.7598 73.0282 68.6804 37.108 78.5684 53.0094 61.6604 62.514 96.7678 95.261 45.3255 89.822 44.0157 58.1378 49.0306 46.9362 83.1685 33.8378 92.43 72.7694 35.0133 48.4692 91.4112 21.4009 17.8045 24.1238 42.4382 62.1289 103.406 67.72 67.72 20.6155 8.544 
29.0689 70.214 0.0 64.8845 7.07107 70.4557 46.8755 49.6488 24.5155 85.5358 88.7742 61.0574 18.0278 37.5899 28.0711 13.8924 31.8167 71.0634 40.9279 60.8082 36.0135 23.7065 57.0351 57.0088 3.16228 74.8465 81.9878 22.561 21.4165 2.23607 33.2415 42.2603 34.2944 70.478 13.9284 26.5707 54.5619 27.074 44.2945 30.1496 37.0135 39.6278 28.0 50.2195 48.5077 53.3104 14.8661 54.9425 26.0192 23.5372 54.1479 61.9112 50.1597 56.2219 30.2331 38.5876 2.82843 65.132 72.0069 70.2638 
45.5366 14.1421 64.8845 0.0 62.7694 41.1096 67.6831 16.2788 60.407 22.4722 24.7588 5.09902 65.3314 27.2947 84.9353 51.0 81.9705 31.305 40.0125 67.4759 67.0912 88.5889 29.0 32.0 64.405 12.1655 17.2047 43.6005 64.1691 63.0635 32.2025 84.6823 43.9318 71.007 55.0273 91.236 82.9759 42.0088 78.4153 40.6989 62.961 38.0 43.6194 70.342 39.2464 80.05 69.2832 21.5407 45.1524 84.119 27.1662 4.12311 28.9235 28.6531 52.345 100.17 62.1772 75.5381 33.541 7.28011 
31.3209 69.4262 7.07107 62.7694 0.0 72.5672 39.8284 46.9574 17.4683 83.0548 86.2088 58.6003 11.0 35.7351 35.0889 13.0 38.8345 72.111 37.0675 66.6111 41.846 26.9072 58.2151 58.5491 4.0 73.3757 79.6241 23.0868 14.3693 5.38516 32.3883 49.2781 30.895 76.2809 8.48528 28.8444 47.8853 28.4429 37.7359 31.257 42.8171 36.2284 29.8329 43.1752 50.9608 46.5188 21.8403 51.543 28.1603 22.0907 55.0818 59.5063 51.0882 52.8224 23.186 44.2832 5.83095 70.9634 73.2462 68.6222 
41.4367 29.1548 70.4557 41.1096 72.5672 0.0 95.8062 46.2277 83.8917 58.0086 57.1402 43.8634 75.6353 45.3465 78.268 59.9083 63.8905 11.0454 66.4299 35.0 48.1041 91.0494 16.4012 14.7648 71.8471 37.0135 49.0102 49.7293 80.7927 69.7209 44.8262 63.0635 64.1772 34.176 68.3081 95.0053 110.216 44.1475 103.047 41.4849 43.6578 64.2246 42.7551 99.1265 22.0227 107.609 65.2763 59.4862 44.5533 93.9042 20.0 43.4626 23.3238 66.925 73.6464 93.4087 68.7314 42.19 9.21954 37.4833 
62.4705 80.1461 46.8755 67.6831 39.8284 95.8062 0.0 53.2203 22.8035 78.1025 83.0542 62.5859 30.6213 50.4777 74.6728 47.4591 78.4184 90.824 29.5296 101.813 80.6111 58.2495 79.4403 81.8457 43.7379 79.8311 80.1561 53.7654 29.4591 45.1791 52.4976 88.8621 33.2415 109.802 38.2757 57.28 15.2971 58.008 13.8924 58.4912 85.1845 31.7648 60.2388 3.60555 78.4563 12.3693 61.6643 46.5296 60.5038 43.3244 76.0195 63.561 77.389 41.0122 25.2389 79.7621 45.4868 108.617 92.6607 74.9533 
33.0599 26.9258 49.6488 16.2788 46.9574 46.2277 53.2203 0.0 44.1814 36.0214 39.2597 11.7047 49.0535 12.8062 71.138 35.805 71.4602 39.0512 24.3311 67.25 58.3591 73.2462 30.5287 33.121 48.8774 28.0179 32.6956 29.8329 47.8912 47.7074 18.868 74.1727 27.6586 71.3309 39.0028 75.6637 68.3352 29.5296 62.9682 28.2222 55.1538 22.2036 31.1427 56.2427 38.9883 65.5042 55.4859 24.6137 32.6497 68.069 27.2947 12.6491 28.6655 32.0525 36.1248 86.267 46.8722 75.3093 41.1096 23.0217 
44.2142 70.0643 24.5155 60.407 17.4683 83.8917 22.8035 44.1814 0.0 76.5506 80.9568 55.5788 8.2613 36.4966 52.3696 25.099 56.1152 76.9881 21.5407 83.4417 58.8093 39.3573 64.6624 67.0678 21.3778 72.1734 75.9744 34.6287 7.09902 22.8191 36.5756 66.5588 17.1172 91.7212 15.9157 39.6611 32.6497 40.4544 23.4307 42.6756 59.7804 23.0868 42.3146 26.2488 63.2368 30.8058 39.3043 42.72 41.1545 27.5862 61.2416 56.5685 62.6111 40.8167 8.06226 59.4811 23.1268 90.2456 78.5645 67.1863 
67.4643 29.0689 85.5358 22.4722 83.0548 58.0086 78.1025 36.0214 76.5506 0.0 5.09902 24.7588 82.4718 48.1952 106.473 71.6588 103.471 47.0425 55.0273 88.295 88.592 109.179 49.4773 52.3927 84.8411 21.0 9.21954 65.0692 81.3095 83.6268 53.7401 106.183 62.2359 90.6697 75.0236 111.868 93.0054 63.9364 90.6697 62.6266 84.4619 53.4883 65.547 80.0062 60.7472 90.0056 90.8209 33.8378 67.08 102.91 48.3839 24.0832 50.4244 37.3363 68.7095 121.697 82.7764 96.3172 49.0918 21.587 
70.2415 28.8617 88.7742 24.7588 86.2088 57.1402 83.0542 39.2597 80.9568 5.09902 0.0 27.8029 86.7794 51.4004 109.511 74.8971 103.633 46.0977 59.4811 88.6002 89.6271 112.417 49.98 52.811 88.0794 20.6155 8.544 68.1175 85.6171 86.8652 56.7274 105.906 66.542 90.4268 78.2619 114.886 98.0 66.7136 95.5249 65.4037 85.497 57.8705 68.3242 85.0 61.7414 95.0 93.8585 38.3275 69.8572 107.218 49.2443 27.0185 51.4595 42.19 73.0548 124.74 86.0148 96.566 48.0416 22.3607 
42.7131 18.6011 61.0574 5.09902 58.6003 43.8634 62.5859 11.7047 55.5788 24.7588 27.8029 0.0 60.6514 23.6008 81.7661 47.1699 81.1134 34.6699 35.0 68.2093 65.9701 84.7231 30.4138 33.3766 60.4152 17.2627 21.0238 40.3609 59.4891 59.1692 29.0 83.8259 39.2938 72.2496 50.6953 87.2353 77.8781 39.1852 73.3348 37.8754 63.6623 33.0151 40.7959 65.2534 39.9476 74.9533 66.114 16.5529 42.3289 79.7615 28.0713 1.0 29.6248 23.8537 47.5184 97.0 58.3095 76.2686 36.8917 12.3693 
36.0555 68.0661 18.0278 65.3314 11.0 75.6353 30.6213 49.0535 8.2613 82.4718 86.7794 60.6514 0.0 34.0 46.0839 17.0294 49.8295 73.5459 27.8605 75.3229 51.5672 35.2278 60.9741 61.1727 15.0 76.844 81.5524 26.4197 5.16228 16.1245 32.5576 60.2731 21.4106 83.6024 7.81025 36.1248 39.2178 32.249 29.4111 34.4384 52.5383 29.1045 34.1321 33.9681 55.0091 37.6442 32.5576 48.7803 33.0151 25.5539 57.5533 61.6259 58.9228 47.5695 13.9789 54.4243 16.2788 80.6845 74.9641 71.8936 
20.6491 34.1321 37.5899 27.2947 35.7351 45.3465 50.4777 12.8062 36.4966 48.1952 51.4004 23.6008 34.0 0.0 58.3698 23.7065 59.0494 40.8534 21.2603 59.1679 45.9483 61.2944 28.9807 31.3861 37.1618 37.6431 44.4185 17.0294 39.0135 35.7771 6.32456 61.7619 19.4165 67.0274 28.4429 63.9766 64.8845 17.088 57.9396 15.8114 42.743 19.105 18.6815 53.8238 37.2522 62.2656 42.7177 28.6909 20.2485 57.4891 25.5599 24.4131 26.9294 29.9703 28.8617 73.5527 34.8855 66.1374 42.5441 32.8938 
49.3211 87.29 28.0711 84.9353 35.0889 78.268 74.6728 71.138 52.3696 106.473 109.511 81.7661 46.0839 58.3698 0.0 37.5342 5.38516 82.0177 65.1341 44.2719 18.2483 30.3305 68.5365 67.478 31.0919 93.7092 102.124 41.4062 49.2706 30.0928 52.7833 16.5529 58.5006 54.0833 41.4367 34.8019 81.0711 43.839 70.6399 46.9738 22.0227 63.834 43.9628 77.9301 57.0711 80.1532 15.6734 79.1434 41.7421 41.7842 66.6245 82.5106 63.1664 80.4281 58.0872 29.1548 30.1579 46.5296 82.3572 89.4487 
19.2354 56.7539 13.8924 51.0 13.0 59.9083 47.4591 35.805 25.099 71.6588 74.8971 47.1699 17.0294 23.7065 37.5342 0.0 41.2797 59.1354 27.7639 58.3598 38.401 37.5899 45.2769 45.7056 13.6015 61.0983 68.0955 10.198 22.0 12.083 19.6469 53.7041 21.1304 66.6393 9.21954 40.3113 56.0555 15.8114 46.2488 18.4391 39.9303 26.4638 17.4642 50.8058 38.6264 54.4819 22.1359 41.6915 16.1245 35.0571 42.107 48.0208 38.1182 43.0578 30.5777 51.225 11.1803 65.1638 60.2993 56.4624 
39.2019 76.297 31.8167 81.9705 38.8345 63.8905 78.4184 71.4602 56.1152 103.471 103.633 81.1134 49.8295 59.0494 5.38516 41.2797 0.0 68.9286 68.8797 41.0 16.1245 34.0 56.3799 54.7431 34.8375 83.7966 95.1361 45.1518 53.0162 33.8384 52.7248 11.1803 62.2462 50.6952 45.1823 38.4708 84.8167 43.6155 74.3855 43.2391 20.3961 67.5796 41.4011 81.6757 43.9404 83.8988 19.419 82.8889 42.0184 45.5298 55.2067 81.7839 52.2249 84.1737 61.8328 29.6142 33.9034 42.5441 68.957 81.2738 
42.2966 18.4391 71.0634 31.305 72.111 11.0454 90.824 39.0512 76.9881 47.0425 46.0977 34.6699 73.5459 40.8534 82.0177 59.1354 68.9286 0.0 61.2944 44.7772 53.8516 93.0591 14.0357 14.5602 72.0 26.0768 38.0 49.0408 78.6877 70.0071 41.0 69.6348 60.0833 44.9222 66.756 96.7471 105.551 44.0114 98.7927 41.0 49.3964 59.0593 43.1045 94.0213 25.0799 102.859 68.1555 50.5699 45.1774 94.0213 17.0294 34.1321 21.0238 58.0086 69.5701 98.2705 69.0072 52.3259 2.23607 26.9258 
36.0555 51.1957 40.9279 40.0125 37.0675 66.4299 29.5296 24.3311 21.5407 55.0273 59.4811 35.0 27.8605 21.2603 65.1341 27.7639 68.8797 61.2944 0.0 75.1545 61.8522 59.1801 50.0641 52.4695 39.7424 52.0865 54.7449 27.4591 26.6982 38.8368 24.4131 77.6658 10.4403 83.0139 29.4972 59.6982 44.3847 31.6228 38.6394 31.7805 58.6469 2.23607 33.8378 32.7567 51.6574 41.6293 49.5908 21.1896 34.2053 48.299 46.6433 36.0 48.0128 19.8494 13.8924 78.9465 38.1005 82.0792 63.1348 47.0956 
39.5241 59.7746 60.8082 67.4759 66.6111 35.0 101.813 67.25 83.4417 88.295 88.6002 68.2093 75.3229 59.1679 44.2719 58.3598 41.0 44.7772 75.1545 0.0 26.4008 74.5039 38.833 35.9026 63.5486 68.0074 80.0812 49.3998 80.3427 61.4481 52.8434 35.0143 68.8981 9.84886 67.5303 78.9754 114.398 43.909 104.591 43.382 23.8537 73.4446 41.6773 105.329 29.0172 112.993 49.4032 83.1274 42.3405 82.867 40.3113 68.19 40.0125 90.5662 78.3454 69.0652 60.8082 8.06226 43.566 66.7083 
26.1008 62.2896 36.0135 67.0912 41.846 48.1041 80.6111 58.3591 58.8093 88.592 89.6271 65.9701 51.5672 45.9483 18.2483 38.401 16.1245 53.8516 61.8522 26.4008 0.0 50.2208 41.8688 40.0 38.7835 69.791 81.1305 35.9765 55.7103 36.683 39.6237 16.2788 55.4748 36.2491 45.0375 54.5711 89.6414 30.5144 79.5595 30.138 4.47214 60.1946 28.3 83.9579 29.2062 88.1709 24.3716 72.5101 28.9173 57.8353 41.0122 66.6406 38.2884 73.7895 63.9687 45.7056 36.0431 29.8329 53.7122 67.2683 
50.8035 93.6376 23.7065 88.5889 26.9072 91.0494 58.2495 73.2462 39.3573 109.179 112.417 84.7231 35.2278 61.2944 30.3305 37.5899 34.0 93.0591 59.1801 74.5039 50.2208 0.0 79.0759 78.639 24.4131 98.4886 105.679 45.8803 36.4819 25.5539 56.8595 43.6005 57.5117 84.2922 35.3836 4.47214 60.075 49.7293 50.0 52.8867 51.4829 60.4241 50.2195 60.8276 69.1158 60.0 26.1725 78.1598 48.0521 16.1245 76.4853 85.5862 72.5672 78.8891 45.2985 22.0227 26.4197 76.4853 93.7714 93.9415 
28.2843 21.4709 57.0351 29.0 58.2151 16.4012 79.4403 30.5287 64.6624 49.4773 49.98 30.4138 60.9741 28.9807 68.5365 45.2769 56.3799 14.0357 50.0641 38.833 41.8688 79.0759 0.0 3.0 58.0086 29.5466 41.4367 35.1283 66.1205 56.0 28.4604 58.0517 47.8113 42.0119 53.2843 82.7345 93.8498 30.0 86.6815 27.0185 37.5366 47.8587 29.0689 82.7607 12.7279 91.2431 54.4938 45.5707 31.1448 80.0562 3.60555 30.2655 7.28011 53.0094 57.2805 84.7892 55.0 46.8722 15.0333 27.8927 
28.0179 24.1661 57.0088 32.0 58.5491 14.7648 81.8457 33.121 67.0678 52.3927 52.811 33.3766 61.1727 31.3861 67.478 45.7056 54.7431 14.5602 52.4695 35.9026 40.0 78.639 3.0 0.0 58.1378 32.311 44.2719 35.5106 66.33 56.0803 30.8658 56.0803 50.2167 39.0128 53.8617 82.3893 96.2552 30.1496 89.0869 27.2947 35.609 50.2642 29.0172 85.1661 10.8167 93.6485 53.6004 48.4991 31.0 80.2247 5.83095 33.2415 8.60233 55.9379 59.6859 83.7308 55.0818 43.9318 15.1327 30.8058 
30.4138 70.342 3.16228 64.405 4.0 71.8471 43.7379 48.8774 21.3778 84.8411 88.0794 60.4152 15.0 37.1618 31.0919 13.6015 34.8375 72.0 39.7424 63.5486 38.7835 24.4131 58.0086 58.1378 0.0 74.6726 81.4125 23.0868 18.2788 2.23607 33.2415 45.2811 33.109 73.2184 11.6619 26.8328 51.4296 28.0179 41.1825 31.0 39.7546 38.4424 29.1548 47.0744 50.01 50.1597 18.0278 53.757 27.2947 22.0907 55.0091 61.2944 51.0098 55.0364 27.0955 40.7063 3.16228 67.9009 73.0274 70.0071 
54.1411 8.24621 74.8465 12.1655 73.3757 37.0135 79.8311 28.0179 72.1734 21.0 20.6155 17.2627 76.844 37.6431 93.7092 61.0983 83.7966 26.0768 52.0865 68.0074 69.791 98.4886 29.5466 32.311 74.6726 0.0 12.1655 52.7731 75.6817 73.1642 41.6293 86.0696 55.4437 69.8713 65.9697 101.39 95.1262 50.6132 90.5796 49.3034 65.6609 50.04 52.2239 82.4621 41.6773 92.1954 78.0571 33.5261 53.7569 95.0789 29.1548 16.2788 31.6234 40.3113 64.1249 108.943 72.2357 75.9605 28.1603 5.0 
62.6717 20.3961 81.9878 17.2047 79.6241 49.0102 80.1561 32.6956 75.9744 9.21954 8.544 21.0238 81.5524 44.4185 102.124 68.0955 95.1361 38.0 54.7449 80.0812 81.1305 105.679 41.4367 44.2719 81.4125 12.1655 0.0 60.803 80.3901 80.1311 49.4065 97.409 60.2104 82.0366 71.6983 108.24 95.3362 59.1439 92.0217 57.834 77.0004 52.9528 60.7545 82.3893 53.2259 92.3472 86.4714 34.0588 62.2875 100.764 40.7185 20.1246 42.9629 39.2046 68.0271 117.358 79.2591 88.0568 40.0125 13.8924 
9.89949 47.7598 22.561 43.6005 23.0868 49.7293 53.7654 29.8329 34.6287 65.0692 68.1175 40.3609 26.4197 17.0294 41.4062 10.198 45.1518 49.0408 27.4591 49.3998 35.9765 45.8803 35.1283 35.5106 23.0868 52.7731 60.803 0.0 31.5296 21.2132 11.4018 51.7901 20.8503 57.6793 18.7883 49.0408 67.3962 5.83095 55.7785 8.24621 32.7712 26.1725 7.81025 57.2814 28.6356 64.9457 25.7541 40.3331 7.2111 45.0 32.0156 41.1096 28.0179 41.6125 30.2976 56.6392 20.2237 56.2038 50.1597 48.3735 
41.1152 73.0282 21.4165 64.1691 14.3693 80.7927 29.4591 47.8912 7.09902 81.3095 85.6171 59.4891 5.16228 39.0135 49.2706 22.0 53.0162 78.6877 26.6982 80.3427 55.7103 36.4819 66.1205 66.33 18.2788 75.6817 80.3901 31.5296 0.0 19.72 37.6931 63.4598 20.2483 88.6222 12.8167 37.0 38.0555 37.3553 28.2488 39.5766 56.6814 27.9422 39.2156 32.8058 60.1378 36.4819 36.2053 47.618 38.0555 25.6008 62.6997 60.4637 64.0692 46.4072 12.8167 56.4059 20.0278 84.8276 80.1105 70.7314 
28.2843 68.6804 2.23607 63.0635 5.38516 69.7209 45.1791 47.7074 22.8191 83.6268 86.8652 59.1692 16.1245 35.7771 30.0928 12.083 33.8384 70.0071 38.8368 61.4481 36.683 25.5539 56.0 56.0803 2.23607 73.1642 80.1311 21.2132 19.72 0.0 31.6228 44.282 32.2033 71.1178 11.7047 28.2312 53.2353 26.0 43.0465 29.0172 37.6541 37.5367 27.074 48.5259 47.8539 51.8941 16.4924 52.8513 25.1794 24.1868 53.0377 60.0333 49.0408 54.1307 28.5367 40.8167 1.0 65.8003 71.007 68.542 
14.3246 37.108 33.2415 32.2025 32.3883 44.8262 52.4976 18.868 36.5756 53.7401 56.7274 29.0 32.5576 6.32456 52.7833 19.6469 52.7248 41.0 24.4131 52.8434 39.6237 56.8595 28.4604 30.8658 33.2415 41.6293 49.4065 11.4018 37.6931 31.6228 0.0 55.4373 19.7231 60.7029 26.0192 59.808 66.2873 10.7703 58.6564 9.48683 36.4184 22.4722 12.3693 55.9732 29.3463 63.8201 37.1311 33.6539 13.9284 54.4518 25.0396 29.7321 26.4091 34.9333 29.1939 68.0147 30.6757 59.8129 42.45 37.1214 
41.9144 78.5684 42.2603 84.6823 49.2781 63.0635 88.8621 74.1727 66.5588 106.183 105.906 83.8259 60.2731 61.7619 16.5529 53.7041 11.1803 69.6348 77.6658 35.0143 16.2788 43.6005 58.0517 56.0803 45.2811 86.0696 97.409 51.7901 63.4598 44.282 55.4373 0.0 71.2884 44.1022 59.7823 48.0104 95.2603 46.3279 84.8292 45.9516 20.5183 76.0082 44.1136 92.1193 45.3431 94.3424 29.8626 88.3237 44.7308 55.9732 57.28 84.4964 54.5619 89.6031 79.2718 34.2345 44.3471 34.7131 69.3397 83.5468 
29.5555 53.0094 34.2944 43.9318 30.895 64.1772 33.2415 27.6586 17.1172 62.2359 66.542 39.2938 21.4106 19.4165 58.5006 21.1304 62.2462 60.0833 10.4403 68.8981 55.4748 57.5117 47.8113 50.2167 33.109 55.4437 60.2104 20.8503 20.2483 32.2033 19.7231 71.2884 0.0 76.8865 22.8637 59.7082 46.6154 25.093 38.9102 25.5762 52.2695 10.2956 27.3237 36.7967 45.5413 44.2041 42.9573 28.6589 27.5888 41.8491 44.3905 40.2616 45.76 29.2062 9.48683 72.3131 31.467 75.702 61.6847 50.4876 
47.8017 61.6604 70.478 71.007 76.2809 34.176 109.802 71.3309 91.7212 90.6697 90.4268 72.2496 83.6024 67.0274 54.0833 66.6393 50.6952 44.9222 83.0139 9.84886 36.2491 84.2922 42.0119 39.0128 73.2184 69.8713 82.0366 57.6793 88.6222 71.1178 60.7029 44.1022 76.8865 0.0 75.8098 88.7636 122.678 52.2015 112.871 51.3128 33.6155 81.3041 50.0 113.318 34.4819 121.273 59.1971 87.2083 50.62 92.6607 44.1814 72.1734 44.7214 94.647 86.6249 78.3135 70.478 10.7703 43.3244 69.2604 
28.3019 62.514 13.9284 55.0273 8.48528 68.3081 38.2757 39.0028 15.9157 75.0236 78.2619 50.6953 7.81025 28.4429 41.4367 9.21954 45.1823 66.756 29.4972 67.5303 45.0375 35.3836 53.2843 53.8617 11.6619 65.9697 71.6983 18.7883 12.8167 11.7047 26.0192 59.7823 22.8637 75.8098 0.0 37.2022 46.8722 24.5967 37.0655 26.9258 46.0086 28.1971 26.4197 41.6225 47.4236 45.2985 27.0 43.5117 25.2389 29.1204 50.7438 51.6236 46.095 44.7911 21.6333 52.3546 11.4018 74.3342 68.1546 61.131 
54.4518 96.7678 26.5707 91.236 28.8444 95.0053 57.28 75.6637 39.6611 111.868 114.886 87.2353 36.1248 63.9766 34.8019 40.3113 38.4708 96.7471 59.6982 78.9754 54.5711 4.47214 82.7345 82.3893 26.8328 101.39 108.24 49.0408 37.0 28.2312 59.808 48.0104 59.7082 88.7636 37.2022 0.0 58.0086 53.1507 48.1664 56.2939 55.8332 60.9422 53.7587 59.6657 73.0274 58.1378 30.4138 80.3562 51.6236 14.1421 80.0625 88.1192 76.1183 79.4072 45.8167 24.5153 29.1548 80.9568 97.5141 96.7729 
76.1014 95.261 54.5619 82.9759 47.8853 110.216 15.2971 68.3352 32.6497 93.0054 98.0 77.8781 39.2178 64.8845 81.0711 56.0555 84.8167 105.551 44.3847 114.398 89.6414 60.075 93.8498 96.2552 51.4296 95.1262 95.3362 67.3962 38.0555 53.2353 66.2873 95.2603 46.6154 122.678 46.8722 58.0086 0.0 71.6389 10.4403 72.1221 90.6125 46.6154 73.8696 13.0 92.0872 3.0 69.3542 61.8142 72.111 44.0114 90.429 78.8543 91.7985 56.1427 37.6431 82.0975 53.7122 118.759 107.331 90.2441 
4.47214 45.3255 27.074 42.0088 28.4429 44.1475 58.008 29.5296 40.4544 63.9364 66.7136 39.1852 32.249 17.088 43.839 15.8114 43.6155 44.0114 31.6228 43.909 30.5144 49.7293 30.0 30.1496 28.0179 50.6132 59.1439 5.83095 37.3553 26.0 10.7703 46.3279 25.093 52.2015 24.5967 53.1507 71.6389 0.0 61.6041 3.16228 27.3091 30.0832 2.23607 61.5241 22.8473 69.1883 28.1869 43.0551 3.16228 50.0899 27.074 39.8557 23.0868 44.3345 34.5403 59.0733 25.0 50.7416 45.0111 46.3529 
65.364 89.822 44.2945 78.4153 37.7359 103.047 13.8924 62.9682 23.4307 90.6697 95.5249 73.3348 29.4111 57.9396 70.6399 46.2488 74.3855 98.7927 38.6394 104.591 79.5595 50.0 86.6815 89.0869 41.1825 90.5796 92.0217 55.7785 28.2488 43.0465 58.6564 84.8292 38.9102 112.871 37.0655 48.1664 10.4403 61.6041 0.0 64.4859 80.5306 40.7922 63.4644 14.1421 83.8279 10.0 59.0339 58.0 62.3043 34.0588 83.2608 74.3303 84.6302 53.3385 29.5296 72.0069 43.566 108.677 100.464 85.6621 
5.09902 44.0157 30.1496 40.6989 31.257 41.4849 58.4912 28.2222 42.6756 62.6266 65.4037 37.8754 34.4384 15.8114 46.9738 18.4391 43.2391 41.0 31.7805 43.382 30.138 52.8867 27.0185 27.2947 31.0 49.3034 57.834 8.24621 39.5766 29.0172 9.48683 45.9516 25.5762 51.3128 26.9258 56.2939 72.1221 3.16228 64.4859 0.0 26.9327 30.0832 3.60555 62.0073 20.5913 69.6715 31.3217 42.3732 5.65685 53.0377 24.0208 38.5459 20.025 43.6526 35.0235 62.2081 28.0179 50.3289 42.0476 45.0431 
22.8955 58.1378 37.0135 62.961 42.8171 43.6578 85.1845 55.1538 59.7804 84.4619 85.497 63.6623 52.5383 42.743 22.0227 39.9303 20.3961 49.3964 58.6469 23.8537 4.47214 51.4829 37.5366 35.609 39.7546 65.6609 77.0004 32.7712 56.6814 37.6541 36.4184 20.5183 52.2695 33.6155 46.0086 55.8332 90.6125 27.3091 80.5306 26.9327 0.0 56.9893 25.0947 88.7006 24.8395 89.142 25.632 69.3048 25.712 59.0593 36.7967 63.6431 34.2053 70.5842 61.7168 50.01 37.0143 28.3196 49.2443 63.1382 
34.4819 49.0306 39.6278 38.0 36.2284 64.2246 31.7648 22.2036 23.0868 53.4883 57.8705 33.0151 29.1045 19.105 63.834 26.4638 67.5796 59.0593 2.23607 73.4446 60.1946 60.4241 47.8587 50.2642 38.4424 50.04 52.9528 26.1725 27.9422 37.5367 22.4722 76.0082 10.2956 81.3041 28.1971 60.9422 46.6154 30.0832 40.7922 30.0832 56.9893 0.0 32.28 34.9857 49.9476 43.8634 48.2907 19.6977 32.7567 49.5431 44.438 34.0147 45.8074 19.105 15.2315 77.6465 36.8004 80.4114 60.9016 45.0444 
2.23607 46.9362 28.0 43.6194 29.8329 42.7551 60.2388 31.1427 42.3146 65.547 68.3242 40.7959 34.1321 18.6815 43.9628 17.4642 41.4011 43.1045 33.8378 41.6773 28.3 50.2195 29.0689 29.0172 29.1548 52.2239 60.7545 7.81025 39.2156 27.074 12.3693 44.1136 27.3237 50.0 26.4197 53.7587 73.8696 2.23607 63.4644 3.60555 25.0947 32.28 0.0 63.7548 21.1896 71.4191 28.3107 45.1008 2.23607 51.2445 26.3059 41.4664 22.3607 46.3803 36.771 59.1971 26.0768 48.5273 44.0114 47.9635 
65.9866 83.1685 50.2195 70.342 43.1752 99.1265 3.60555 56.2427 26.2488 80.0062 85.0 65.2534 33.9681 53.8238 77.9301 50.8058 81.6757 94.0213 32.7567 105.329 83.9579 60.8276 82.7607 85.1661 47.0744 82.4621 82.3893 57.2814 32.8058 48.5259 55.9732 92.1193 36.7967 113.318 41.6225 59.6657 13.0 61.5241 14.1421 62.0073 88.7006 34.9857 63.7548 0.0 81.9724 10.0 65.0111 49.0306 64.0199 45.607 79.3399 66.2193 80.7094 43.1856 28.8444 82.4924 48.8336 112.133 95.8801 77.6209 
19.6469 33.8378 48.5077 39.2464 50.9608 22.0227 78.4563 38.9883 63.2368 60.7472 61.7414 39.9476 55.0091 37.2522 57.0711 38.6264 43.9404 25.0799 51.6574 29.0172 29.2062 69.1158 12.7279 10.8167 50.01 41.6773 53.2259 28.6356 60.1378 47.8539 29.3463 45.3431 45.5413 34.4819 47.4236 73.0274 92.0872 22.8473 83.8279 20.5913 24.8395 49.9476 21.1896 81.9724 0.0 89.6367 43.566 54.8657 22.8035 72.0069 12.53 39.9284 11.1803 62.3045 54.9886 73.3238 46.8722 37.0 25.2982 39.3954 
73.6509 92.43 53.3104 80.05 46.5188 107.609 12.3693 65.5042 30.8058 90.0056 95.0 74.9533 37.6442 62.2656 80.1532 54.4819 83.8988 102.859 41.6293 112.993 88.1709 60.0 91.2431 93.6485 50.1597 92.1954 92.3472 64.9457 36.4819 51.8941 63.8201 94.3424 44.2041 121.273 45.2985 58.1378 3.0 69.1883 10.0 69.6715 89.142 43.8634 71.4191 10.0 89.6367 0.0 68.1542 58.8558 71.6842 44.0454 87.8223 75.9276 89.1918 53.1507 35.3836 82.0061 52.3259 119.797 104.657 87.3212 
28.6778 72.7694 14.8661 69.2832 21.8403 65.2763 61.6643 55.4859 39.3043 90.8209 93.8585 66.114 32.5576 42.7177 15.6734 22.1359 19.419 68.1555 49.5908 49.4032 24.3716 26.1725 54.4938 53.6004 18.0278 78.0571 86.4714 25.7541 36.2053 16.4924 37.1311 29.8626 42.9573 59.1971 27.0 30.4138 69.3542 28.1869 59.0339 31.3217 25.632 48.2907 28.3107 65.0111 43.566 68.1542 0.0 63.6052 26.09 33.8378 52.5683 66.8585 49.1102 64.8845 45.0219 31.4006 16.2788 53.49 68.6586 73.7966 
47.2109 35.0133 54.9425 21.5407 51.543 59.4862 46.5296 24.6137 42.72 33.8378 38.3275 16.5529 48.7803 28.6909 79.1434 41.6915 82.8889 50.5699 21.1896 83.1274 72.5101 78.1598 45.5707 48.4991 53.757 33.5261 34.0588 40.3331 47.618 52.8513 33.6539 88.3237 28.6589 87.2083 43.5117 80.3562 61.8142 43.0551 58.0 42.3732 69.3048 19.6977 45.1008 49.0306 54.8657 58.8558 63.6052 0.0 46.0384 69.2188 43.0491 17.4642 44.5429 7.81025 34.9285 92.6688 52.1151 91.1867 52.778 28.7924 
3.16228 48.4692 26.0192 45.1524 28.1603 44.5533 60.5038 32.6497 41.1545 67.08 69.8572 42.3289 33.0151 20.2485 41.7421 16.1245 42.0184 45.1774 34.2053 42.3405 28.9173 48.0521 31.1448 31.0 27.2947 53.7569 62.2875 7.2111 38.0555 25.1794 13.9284 44.7308 27.5888 50.62 25.2389 51.6236 72.111 3.16228 62.3043 5.65685 25.712 32.7567 2.23607 64.0199 22.8035 71.6842 26.09 46.0384 0.0 49.366 28.4429 42.9994 24.5153 47.3178 37.0361 56.9764 24.1868 49.1445 46.0435 49.4966 
52.469 91.4112 23.5372 84.119 22.0907 93.9042 43.3244 68.069 27.5862 102.91 107.218 79.7615 25.5539 57.4891 41.7842 35.0571 45.5298 94.0213 48.299 82.867 57.8353 16.1245 80.0562 80.2247 22.0907 95.0789 100.764 45.0 25.6008 24.1868 54.4518 55.9732 41.8491 92.6607 29.1204 14.1421 44.0114 50.0899 34.0588 53.0377 59.0593 49.5431 51.2445 45.607 72.0069 44.0454 33.8378 69.2188 49.366 0.0 77.0065 80.69 73.0068 68.0074 34.4093 38.1182 25.1794 86.9537 95.0842 90.2497 
25.7099 21.4009 54.1479 27.1662 55.0818 20.0 76.0195 27.2947 61.2416 48.3839 49.2443 28.0713 57.5533 25.5599 66.6245 42.107 55.2067 17.0294 46.6433 40.3113 41.0122 76.4853 3.60555 5.83095 55.0091 29.1548 40.7185 32.0156 62.6997 53.0377 25.0396 57.28 44.3905 44.1814 50.7438 80.0625 90.429 27.074 83.2608 24.0208 36.7967 44.438 26.3059 79.3399 12.53 87.8223 52.5683 43.0491 28.4429 77.0065 0.0 28.0179 4.0 50.4879 53.8597 82.8772 52.0384 48.3735 18.2483 26.9258 
43.3836 17.8045 61.9112 4.12311 59.5063 43.4626 63.561 12.6491 56.5685 24.0832 27.0185 1.0 61.6259 24.4131 82.5106 48.0208 81.7839 34.1321 36.0 68.19 66.6406 85.5862 30.2655 33.2415 61.2944 16.2788 20.1246 41.1096 60.4637 60.0333 29.7321 84.4964 40.2616 72.1734 51.6236 88.1192 78.8543 39.8557 74.3303 38.5459 63.6431 34.0147 41.4664 66.2193 39.9284 75.9276 66.8585 17.4642 42.9994 80.69 28.0179 0.0 29.6056 24.6982 48.5077 97.7446 59.1692 76.2494 36.3593 11.4018 
21.8403 24.1238 50.1597 28.9235 51.0882 23.3238 77.389 28.6655 62.6111 50.4244 51.4595 29.6248 58.9228 26.9294 63.1664 38.1182 52.2249 21.0238 48.0128 40.0125 38.2884 72.5672 7.28011 8.60233 51.0098 31.6234 42.9629 28.0179 64.0692 49.0408 26.4091 54.5619 45.76 44.7214 46.095 76.1183 91.7985 23.0868 84.6302 20.025 34.2053 45.8074 22.3607 80.7094 11.1803 89.1918 49.1102 44.5429 24.5153 73.0068 4.0 29.6056 0.0 51.9817 55.2292 79.4192 48.0416 48.0416 22.2036 29.1006 
48.4499 42.4382 56.2219 28.6531 52.8224 66.925 41.0122 32.0525 40.8167 37.3363 42.19 23.8537 47.5695 29.9703 80.4281 43.0578 84.1737 58.0086 19.8494 90.5662 73.7895 78.8891 53.0094 55.9379 55.0364 40.3113 39.2046 41.6125 46.4072 54.1307 34.9333 89.6031 29.2062 94.647 44.7911 79.4072 56.1427 44.3345 53.3385 43.6526 70.5842 19.105 46.3803 43.1856 62.3045 53.1507 64.8845 7.81025 47.3178 68.0074 50.4879 24.6982 51.9817 0.0 33.6006 94.2405 53.3945 93.9786 60.2168 35.7771 
39.0028 62.1289 30.2331 52.345 23.186 73.6464 25.2389 36.1248 8.06226 68.7095 73.0548 47.5184 13.9789 28.8617 58.0872 30.5777 61.8328 69.5701 13.8924 78.3454 63.9687 45.2985 57.2805 59.6859 27.0955 64.1249 68.0271 30.2976 12.8167 28.5367 29.1939 79.2718 9.48683 86.6249 21.6333 45.8167 37.6431 34.5403 29.5296 35.0235 61.7168 15.2315 36.771 28.8444 54.9886 35.3836 45.0219 34.9285 37.0361 34.4093 53.8597 48.5077 55.2292 33.6006 0.0 65.2225 28.8444 85.1493 71.1688 59.1354 
65.437 103.406 38.5876 100.17 44.2832 93.4087 79.7621 86.267 59.4811 121.697 124.74 97.0 54.4243 73.5527 29.1548 51.225 29.6142 98.2705 78.9465 69.0652 45.7056 22.0227 84.7892 83.7308 40.7063 108.943 117.358 56.6392 56.4059 40.8167 68.0147 34.2345 72.3131 78.3135 52.3546 24.5153 82.0975 59.0733 72.0069 62.2081 50.01 77.6465 59.1971 82.4924 73.3238 82.0061 31.4006 92.6688 56.9764 38.1182 82.8772 97.7446 79.4192 94.2405 65.2225 0.0 41.3401 68.884 98.4085 104.683 
27.2947 67.72 2.82843 62.1772 5.83095 68.7314 45.4868 46.8722 23.1268 82.7764 86.0148 58.3095 16.2788 34.8855 30.1579 11.1803 33.9034 69.0072 38.1005 60.8082 36.0431 26.4197 55.0 55.0818 3.16228 72.2357 79.2591 20.2237 20.0278 1.0 30.6757 44.3471 31.467 70.478 11.4018 29.1548 53.7122 25.0 43.566 28.0179 37.0143 36.8004 26.0768 48.8336 46.8722 52.3259 16.2788 52.1151 24.1868 25.1794 52.0384 59.1692 48.0416 53.3945 28.8444 41.3401 0.0 65.1605 70.0071 67.624 
46.3281 67.72 65.132 75.5381 70.9634 42.19 108.617 75.3093 90.2456 96.3172 96.566 76.2686 80.6845 66.1374 46.5296 65.1638 42.5441 52.3259 82.0792 8.06226 29.8329 76.4853 46.8722 43.9318 67.9009 75.9605 88.0568 56.2038 84.8276 65.8003 59.8129 34.7131 75.702 10.7703 74.3342 80.9568 118.759 50.7416 108.677 50.3289 28.3196 80.4114 48.5273 112.133 37.0 119.797 53.49 91.1867 49.1445 86.9537 48.3735 76.2494 48.0416 93.9786 85.1493 68.884 65.1605 0.0 51.0 74.7329 
43.1045 20.6155 72.0069 33.541 73.2462 9.21954 92.6607 41.1096 78.5645 49.0918 48.0416 36.8917 74.9641 42.5441 82.3572 60.2993 68.957 2.23607 63.1348 43.566 53.7122 93.7714 15.0333 15.1327 73.0274 28.1603 40.0125 50.1597 80.1105 71.007 42.45 69.3397 61.6847 43.3244 68.1546 97.5141 107.331 45.0111 100.464 42.0476 49.2443 60.9016 44.0114 95.8801 25.2982 104.657 68.6586 52.778 46.0435 95.0842 18.2483 36.3593 22.2036 60.2168 71.1688 98.4085 70.0071 51.0 0.0 29.1204 
49.8808 8.544 70.2638 7.28011 68.6222 37.4833 74.9533 23.0217 67.1863 21.587 22.3607 12.3693 71.8936 32.8938 89.4487 56.4624 81.2738 26.9258 47.0956 66.7083 67.2683 93.9415 27.8927 30.8058 70.0071 5.0 13.8924 48.3735 70.7314 68.542 37.1214 83.5468 50.4876 69.2604 61.131 96.7729 90.2441 46.3529 85.6621 45.0431 63.1382 45.0444 47.9635 77.6209 39.3954 87.3212 73.7966 28.7924 49.4966 90.2497 26.9258 11.4018 29.1006 35.7771 59.1354 104.683 67.624 74.7329 29.1204 0.0 
DEMAND_SCENARIO_SECTION
0 0 0 0 0 0 0 0 0 0 0 0 0 0 0 0 0 0 0 0 0 0 0 0 0 0 0 0 0 0 0 0 0 0 0 0 0 0 0 0 0 0 0 0 0 0 0 0 0 0 0 0 0 0 0 0 0 0 0 0 0 0 0 0 0 0 0 0 0 0 0 0 0 0 0 0 0 0 0 0 0 0 0 0 0 0 0 0 0 0 0 0 0 0 0 0 0 0 0 0 0 0 0 0 0 0 0 0 0 0 0 0 0 0 0 0 0 0 0 0 0 0 0 0 0 0 0 0 0 0 0 0 0 0 0 0 0 0 0 0 0 0 0 0 0 0 0 0 0 0 0 0 0 0 0 0 0 0 0 0 0 0 0 0 0 0 0 0 0 0 0 0 0 0 0 0 0 0 0 0 0 0 0 0 0 0 0 0 0 0 0 0 0 0 0 0 0 0 0 0 
4 6 4 5 5 4 4 3 5 6 5 5 4 3 7 4 2 2 4 5 4 6 4 4 7 5 5 3 4 5 3 5 4 7 4 3 4 3 3 3 4 3 4 2 6 6 4 4 5 7 2 5 2 5 5 3 3 5 5 4 5 4 3 4 2 6 4 3 3 3 3 2 3 4 5 2 3 8 3 3 5 1 3 4 5 4 6 4 5 2 4 6 6 5 6 5 3 1 6 4 5 6 3 4 3 2 4 4 4 2 3 3 4 4 0 4 5 4 2 3 4 3 5 5 5 4 4 3 3 3 3 4 6 7 4 4 4 5 4 3 5 2 2 4 4 2 5 6 6 3 2 3 6 5 4 4 3 2 6 4 5 3 5 3 4 5 5 5 3 5 6 4 3 4 4 3 2 6 5 3 3 5 4 3 6 4 3 4 2 4 6 5 6 4 4 1 5 4 3 5 
12 8 8 8 8 9 6 10 9 11 9 6 6 9 5 11 6 5 6 6 7 7 9 6 5 4 8 8 7 6 8 9 4 8 9 7 6 1 7 5 8 4 4 5 8 4 4 5 8 9 12 4 5 9 6 7 10 7 6 8 9 7 4 12 5 9 7 9 8 10 9 4 5 5 7 6 6 7 7 5 6 5 7 1 7 7 5 7 2 6 5 10 9 5 5 12 5 6 6 9 7 9 5 11 6 7 5 10 5 13 9 9 8 6 6 8 8 10 6 6 5 7 5 7 4 4 8 6 6 6 8 2 8 9 8 10 7 8 9 6 8 10 9 3 9 9 8 4 12 7 8 5 7 7 5 6 9 7 8 4 3 10 3 3 4 7 8 6 9 6 10 10 4 6 6 9 6 3 10 7 3 6 9 6 6 4 6 5 7 9 7 11 5 7 2 5 4 6 0 6 
6 5 4 6 4 4 7 6 5 5 5 4 4 7 2 1 2 6 6 3 8 6 6 3 7 4 5 6 5 7 4 5 5 3 1 5 5 6 6 3 6 5 4 5 4 5 5 5 6 5 2 4 5 4 5 7 6 6 7 5 7 4 5 4 3 6 4 5 5 5 5 3 6 4 4 5 2 4 8 8 3 5 4 2 5 3 6 4 5 5 3 5 2 4 6 2 4 4 7 2 3 6 4 4 7 5 4 6 5 6 7 7 3 2 6 7 3 6 4 5 5 6 8 6 2 6 3 2 8 3 4 7 5 8 4 6 8 8 4 5 4 3 5 1 3 5 5 8 7 5 5 7 3 7 5 2 1 4 2 4 5 7 8 4 8 3 4 6 8 5 4 7 4 7 6 2 5 6 4 6 4 4 4 3 1 5 2 7 7 6 5 6 6 6 4 2 6 5 7 3 
6 10 13 8 7 4 6 11 11 4 15 4 5 15 6 6 4 16 10 15 10 12 12 10 9 10 6 10 9 12 11 4 11 8 9 9 11 12 8 18 7 8 5 9 13 10 15 12 14 14 7 12 16 11 2 10 4 7 14 11 10 12 9 15 5 10 9 10 12 4 10 12 5 10 8 7 12 17 9 12 8 9 11 9 12 16 16 6 7 15 14 17 11 10 11 7 6 8 10 12 7 15 10 13 7 7 11 9 9 8 10 7 9 14 10 3 12 6 8 10 13 9 9 16 10 10 12 12 8 8 7 7 13 7 5 10 7 6 3 10 4 7 11 15 6 11 8 12 10 16 12 10 12 8 12 13 11 11 8 9 7 14 15 8 10 7 6 7 13 8 12 9 6 14 17 13 17 10 8 11 5 8 7 13 14 3 16 11 12 15 9 11 10 7 11 6 15 8 9 11 
6 7 14 4 9 6 9 12 6 6 11 8 11 8 13 11 9 8 5 11 9 10 15 9 9 8 8 8 11 8 11 11 10 11 8 8 1 9 10 9 11 9 12 9 13 9 2 8 9 11 9 5 4 13 13 3 4 6 6 4 13 7 12 11 13 8 10 9 5 8 10 11 7 7 11 13 8 6 10 9 4 5 18 5 7 9 9 5 4 14 9 9 12 12 9 8 6 9 7 9 14 11 8 3 15 4 6 6 14 7 9 13 14 7 9 14 8 8 10 5 12 11 6 12 9 11 8 7 8 6 11 12 6 13 11 3 8 10 7 13 4 7 12 10 7 7 9 12 7 9 14 7 7 10 14 10 10 12 7 10 8 3 13 7 6 12 13 9 11 5 9 8 14 5 7 11 4 6 9 9 12 7 7 9 9 13 5 10 14 10 9 14 16 9 6 7 10 8 5 6 
2 2 2 3 1 2 2 2 3 1 2 2 2 3 3 3 2 1 2 1 2 2 2 2 3 2 2 1 2 1 1 2 2 1 1 3 3 2 1 2 2 3 1 2 3 3 3 1 2 3 2 1 1 2 3 1 3 2 2 2 0 3 1 2 2 2 3 3 2 2 3 1 3 1 3 2 3 2 1 2 2 1 2 2 3 3 2 3 1 2 2 3 3 3 2 1 1 3 2 1 2 1 2 2 3 2 2 3 2 3 2 1 2 3 2 2 2 4 1 2 2 2 2 2 3 2 1 2 3 3 2 3 2 3 3 2 3 2 1 3 2 2 2 2 3 2 2 3 2 2 3 2 2 0 2 1 2 2 3 2 2 3 1 2 2 3 1 2 2 2 2 3 3 1 3 2 2 1 4 2 2 3 2 2 2 2 1 1 3 2 2 2 2 2 2 2 2 1 3 2 
9 9 10 5 6 5 4 8 4 9 4 7 4 5 6 9 8 6 4 8 1 6 7 4 5 5 10 4 5 6 7 6 6 6 6 1 5 7 5 8 8 0 9 9 6 8 5 8 7 6 4 5 11 6 4 7 9 3 7 6 6 9 8 7 7 5 7 11 4 6 8 10 7 5 6 5 7 5 6 8 2 4 5 6 7 6 7 9 10 6 5 4 5 7 4 7 5 11 11 7 5 2 5 8 6 8 4 7 3 5 7 6 11 5 5 5 9 7 9 5 8 3 7 3 5 3 7 7 4 8 6 9 6 6 5 8 10 6 6 5 8 4 7 6 6 5 8 7 8 5 8 6 4 6 8 5 7 11 7 10 6 5 6 8 7 7 2 4 5 1 9 11 8 8 5 7 8 3 8 7 5 5 5 6 7 6 7 7 6 10 4 5 7 4 7 7 7 10 9 9 
2 2 2 2 2 2 2 1 3 2 1 2 3 2 1 2 3 2 1 2 3 2 2 2 3 3 1 2 2 2 2 3 3 1 2 1 1 2 3 2 2 3 3 2 2 1 2 1 2 2 3 1 3 1 3 2 2 2 1 0 2 2 2 3 2 2 3 3 2 1 2 3 2 2 2 3 2 2 1 1 1 3 2 1 2 2 2 2 1 2 2 3 2 0 2 1 1 3 1 3 1 2 1 2 1 1 3 2 1 2 1 2 2 2 2 2 1 2 2 2 2 3 2 2 1 2 2 1 2 2 2 1 2 2 3 1 3 4 2 2 3 3 2 3 2 1 1 3 2 2 2 2 2 2 2 2 0 3 2 1 2 2 2 2 2 1 2 3 2 2 2 1 3 2 3 2 2 1 1 3 2 3 2 2 3 2 3 1 0 1 2 2 3 2 2 1 3 3 2 2 
1 1 1 1 1 1 1 1 1 1 1 1 1 1 1 1 1 1 0 1 1 1 1 1 1 1 1 1 1 1 1 1 1 1 1 1 2 1 1 1 1 0 1 1 1 0 1 1 1 1 1 1 1 1 1 1 1 1 1 1 1 1 1 1 1 1 0 1 1 1 1 1 1 1 1 2 1 1 1 1 1 0 1 1 1 1 2 1 1 1 1 1 1 1 1 1 1 1 2 2 1 1 0 1 1 1 1 1 1 1 1 1 1 2 1 1 1 1 0 1 1 1 1 0 1 2 1 0 1 1 2 1 1 1 1 1 1 1 1 1 1 1 1 1 1 1 1 1 1 1 1 1 1 2 1 1 2 1 1 1 1 1 1 1 1 1 1 1 1 1 1 1 1 1 1 1 2 1 1 2 1 1 1 1 1 1 1 1 1 2 1 1 1 1 1 1 1 1 1 1 
1 1 1 1 1 1 1 2 1 1 1 1 1 1 1 1 1 1 1 0 1 1 1 1 1 0 0 1 1 1 1 2 1 1 1 0 1 1 1 1 1 2 1 1 1 1 1 1 1 1 1 1 1 1 1 1 1 1 1 1 1 1 2 1 1 1 1 1 1 1 1 2 1 1 0 2 1 1 1 1 1 1 1 1 1 0 1 1 1 1 1 1 1 1 0 2 1 0 2 1 1 1 1 2 1 1 1 1 1 1 1 1 0 1 1 1 1 1 1 1 1 1 1 1 1 1 1 2 1 1 1 1 1 1 1 1 1 1 1 1 1 1 1 1 0 1 0 1 1 1 1 1 1 1 0 1 1 1 1 1 1 1 1 0 1 0 2 1 1 1 2 1 1 1 1 1 1 1 1 1 1 1 1 1 1 1 1 1 1 1 1 1 1 1 1 1 1 1 1 1 
9 9 9 14 10 6 12 12 11 13 11 9 13 6 11 8 11 15 2 11 7 10 6 10 12 7 12 8 9 8 9 10 12 8 8 8 8 10 6 8 15 9 9 12 16 6 8 11 14 8 16 10 11 13 15 8 17 5 13 14 13 10 14 8 12 7 6 15 14 0 5 17 11 5 6 6 9 8 5 7 10 13 4 6 9 11 7 11 8 7 7 9 11 10 12 6 4 17 11 18 10 12 11 5 15 9 5 11 1 7 15 8 13 10 10 12 7 8 4 0 7 11 11 6 8 6 6 13 11 18 6 6 19 13 16 12 12 8 8 17 11 10 17 10 10 12 10 4 12 11 15 13 9 7 14 11 10 7 15 11 10 9 8 13 13 14 8 6 11 10 9 17 9 13 12 12 7 8 10 11 14 6 10 7 13 14 10 8 7 10 8 10 11 13 12 5 6 6 8 10 
12 11 12 12 9 8 11 10 8 7 12 11 11 12 12 6 12 6 11 4 13 10 9 11 11 10 9 5 7 7 9 10 7 9 5 14 14 9 11 4 11 10 8 7 6 8 8 11 7 8 11 10 6 14 9 12 13 11 9 12 7 10 11 4 8 10 15 10 9 7 9 14 14 9 12 8 12 11 6 12 11 10 9 9 7 9 8 13 11 5 8 4 10 14 10 8 7 13 14 13 1 10 11 6 9 7 10 7 15 8 8 4 12 4 9 13 7 8 10 11 5 14 12 9 10 10 13 8 10 8 9 10 6 10 6 5 9 13 5 6 12 8 11 7 11 13 10 12 6 5 5 10 14 9 11 10 10 6 4 10 10 6 11 13 9 8 9 12 6 10 6 6 6 4 6 11 7 8 3 8 6 7 11 9 9 10 11 10 6 7 9 10 9 6 3 5 9 13 9 9 
1 1 1 1 1 1 1 1 0 1 1 1 1 1 1 1 0 1 1 1 1 1 1 1 1 1 1 0 1 1 1 1 1 1 1 1 1 1 1 1 1 1 1 1 1 1 1 1 1 1 1 2 1 1 1 1 1 1 1 1 1 1 1 2 2 1 1 1 1 1 1 1 1 1 1 1 1 2 1 2 1 1 1 1 1 1 0 1 1 1 2 1 2 1 2 1 1 1 1 1 1 1 1 1 1 1 1 1 1 1 0 2 1 1 1 2 1 1 1 1 1 1 1 1 1 1 1 1 1 0 1 1 1 1 1 1 1 1 1 1 1 0 1 1 0 1 0 1 1 1 1 1 1 1 1 1 1 1 1 1 1 1 1 1 2 1 1 1 1 1 1 1 1 2 1 1 1 1 1 1 1 0 1 1 1 2 1 1 1 0 1 1 1 1 1 1 1 2 1 1 
12 11 6 11 7 8 13 4 6 13 10 10 8 7 11 12 11 9 13 10 9 13 13 11 14 18 8 12 7 13 8 8 10 15 2 7 10 6 14 7 11 11 4 7 9 5 12 12 9 11 13 8 9 14 6 10 8 8 9 12 8 9 11 1 1 8 10 5 14 5 10 7 5 7 10 5 10 8 6 10 11 6 10 8 12 5 7 7 14 11 13 8 5 9 15 8 10 10 10 15 6 7 11 7 9 8 9 8 10 8 10 9 8 8 13 11 9 7 15 11 15 10 14 9 10 11 10 7 8 9 12 16 9 14 4 10 10 8 3 7 15 9 7 10 17 14 10 6 12 8 7 10 7 5 11 12 9 14 15 15 8 8 16 18 12 7 13 8 12 4 10 7 3 9 13 16 13 13 11 13 10 12 12 4 9 5 11 12 7 9 13 14 10 8 9 11 17 11 9 7 
2 4 5 3 1 4 4 3 2 3 5 4 3 4 4 4 4 3 3 5 6 4 6 6 4 5 5 4 3 4 4 6 2 4 4 4 1 5 5 3 5 2 4 3 5 4 5 4 4 3 2 2 4 4 5 3 3 3 2 4 2 4 3 3 8 4 8 3 5 3 4 4 3 3 2 5 3 2 2 5 6 5 5 5 6 6 4 6 6 4 4 4 4 5 4 6 3 5 4 6 4 3 6 2 3 4 5 5 4 3 3 7 6 5 4 3 6 2 4 4 5 5 4 5 3 5 5 5 3 4 3 3 7 4 4 5 5 6 6 5 6 3 6 2 2 5 6 4 4 2 3 4 3 3 3 3 4 4 4 4 4 4 3 4 5 3 4 5 4 1 2 4 4 4 4 2 2 2 5 4 4 0 1 2 4 4 2 5 4 7 7 4 4 3 4 5 2 2 5 4 
13 16 9 10 9 6 9 8 7 12 5 9 7 8 13 9 10 14 10 2 10 12 15 13 12 7 9 8 10 11 7 8 9 10 14 9 1 14 9 7 8 12 5 13 13 11 10 9 11 13 12 5 14 12 13 10 8 11 10 9 11 7 2 8 10 9 15 5 14 13 10 13 12 13 13 12 9 8 13 10 12 9 10 5 2 15 9 21 10 4 10 9 14 11 10 7 14 11 10 6 13 9 5 17 7 6 6 9 17 9 13 12 18 4 8 12 11 12 6 9 15 7 11 10 8 12 2 8 12 11 9 16 13 5 10 7 12 12 11 13 17 10 6 5 8 14 6 10 14 9 10 12 7 11 12 11 9 7 12 9 4 11 5 5 11 11 18 7 7 5 7 8 12 14 15 8 15 7 9 11 15 11 11 12 7 10 10 14 12 12 9 8 15 7 8 8 10 0 16 12 
6 13 10 13 13 3 11 11 9 9 7 4 9 4 6 10 9 8 6 8 9 9 7 15 10 7 9 11 8 9 6 8 12 19 14 7 11 7 7 10 3 10 7 8 5 5 17 7 8 8 8 8 11 7 8 5 9 10 8 5 14 9 4 11 9 9 7 9 13 13 10 15 10 13 10 11 5 11 14 11 11 10 9 10 4 7 7 8 8 12 8 12 5 15 7 6 8 7 7 12 8 10 9 4 13 13 13 11 12 6 5 8 10 8 9 12 13 2 7 4 5 17 3 12 10 9 12 12 8 10 10 5 15 5 16 11 4 8 7 2 13 10 9 11 1 11 7 6 3 11 4 5 13 10 11 6 10 7 7 5 6 10 8 13 11 10 5 7 10 6 7 10 10 10 8 7 9 10 8 6 9 4 12 8 8 7 12 8 13 8 13 8 12 7 9 11 7 10 6 5 
5 8 13 11 14 12 10 6 9 8 14 9 8 14 8 1 6 13 9 10 4 11 8 9 12 10 12 8 12 10 5 14 10 12 8 11 16 13 8 11 8 13 10 8 5 13 12 8 11 10 4 14 12 14 12 7 12 11 5 10 20 7 9 3 13 6 6 13 6 13 6 8 6 8 4 13 18 9 11 11 8 7 15 9 9 14 7 9 9 16 8 13 10 8 6 12 9 16 12 9 10 8 9 11 12 9 17 14 15 10 14 6 15 8 9 5 4 10 2 13 3 17 9 11 15 10 11 5 9 10 6 9 14 16 7 5 13 10 16 11 11 11 11 11 9 6 12 9 12 9 6 15 10 14 16 13 8 10 8 4 6 13 14 12 12 10 5 8 7 10 0 11 14 7 6 12 8 11 11 9 13 10 13 9 8 11 7 12 13 3 3 12 18 7 10 11 10 12 12 7 
3 3 3 3 2 2 2 1 2 2 3 3 2 3 2 2 2 2 2 1 2 1 2 2 1 2 1 1 2 1 2 2 2 3 3 0 2 3 3 2 3 2 0 2 2 2 3 3 2 2 3 1 2 3 3 2 2 2 2 2 2 4 2 2 3 2 2 0 2 2 1 1 1 3 3 3 2 2 2 2 2 3 2 3 3 3 2 2 2 2 1 2 2 2 2 3 1 3 3 1 3 3 2 1 3 2 2 1 2 1 2 1 3 2 2 2 2 2 1 3 1 2 3 3 2 3 2 3 0 2 2 2 2 2 2 3 2 3 2 2 2 2 2 3 1 2 1 2 1 3 2 2 1 2 3 2 1 3 2 1 2 3 2 2 1 1 2 2 4 2 2 3 1 3 2 2 1 2 3 2 2 3 2 2 1 1 2 1 3 3 2 3 2 2 1 1 2 2 2 3 
8 10 16 11 5 3 14 0 5 12 14 10 10 10 12 7 10 8 4 9 6 10 5 17 5 10 7 6 12 6 10 3 9 10 8 6 4 10 3 7 6 10 8 7 11 7 13 4 4 6 6 9 7 6 9 8 8 11 4 8 7 13 3 7 10 13 7 7 13 10 7 4 7 11 8 9 7 11 12 12 6 10 8 4 7 9 8 10 5 9 7 5 8 10 7 0 9 6 4 9 9 6 10 7 8 9 5 15 7 14 6 9 11 4 7 9 6 9 7 9 4 8 9 10 12 13 9 9 9 8 8 1 7 7 8 8 10 5 8 4 8 7 7 7 13 7 9 4 9 8 10 9 8 9 9 9 10 3 10 10 6 8 9 8 11 8 9 13 16 9 6 9 12 8 5 4 11 10 5 11 8 6 10 8 8 7 5 9 7 4 7 8 7 4 8 4 7 9 4 9 
4 5 6 7 3 2 3 8 3 8 2 5 6 6 7 6 3 4 3 5 5 4 6 7 5 5 5 5 3 4 4 4 5 5 4 5 7 7 5 4 5 6 4 7 4 7 6 6 5 7 5 5 6 6 5 6 4 4 2 2 3 5 3 4 3 4 5 5 7 9 3 3 3 3 4 5 4 5 7 3 6 3 9 5 10 5 8 6 5 4 5 4 3 3 6 5 4 7 5 7 7 7 8 6 4 4 6 6 3 4 2 6 6 4 4 4 1 6 7 3 5 3 7 6 2 6 6 4 4 2 5 4 7 5 4 3 5 5 4 4 5 8 2 7 4 6 6 6 5 5 5 5 2 5 7 2 1 6 2 6 4 5 4 6 4 6 3 5 4 6 5 2 3 6 4 6 3 8 4 7 5 4 5 4 4 8 6 3 6 4 3 6 4 5 8 5 6 3 6 4 
