NAME  : Jabali_60_2_0.95_1_9
TYPE : SVRP
MODEL : FINITE_SUPPORT
NUMBER_OF_SCENARIOS : 200
DIMENSION : 60
EDGE_WEIGHT_TYPE : MATRIX
CAPACITY : 165
N_VEHICLES : 2
NODE_COORD_SECTION
1 3768 4821
2 3164 4587
3 4411 3649
4 600 5521
5 3137 8150
6 7773 5046
7 776 5308
8 3065 6169
9 3472 5351
10 4907 1049
11 27 6788
12 2767 4721
13 7015 3271
14 5360 7660
15 5344 1419
16 3374 2816
17 4431 2618
18 1853 7595
19 2540 2151
20 3512 5468
21 3889 4754
22 5843 1284
23 5289 7299
24 3248 6435
25 7698 4026
26 6299 4094
27 5652 5431
28 6906 5842
29 6757 4088
30 6010 18
31 3228 6635
32 2409 5568
33 5622 5366
34 1587 6876
35 359 7059
36 6982 2378
37 5088 3413
38 3622 2106
39 2896 2089
40 5820 2414
41 6443 1868
42 2577 5296
43 2778 6490
44 6031 4552
45 7847 3532
46 3872 2775
47 5429 1069
48 3211 2250
49 7199 4452
50 3790 5262
51 5060 665
52 6736 6054
53 3444 6465
54 6101 3816
55 3686 5470
56 4236 3514
57 3544 1990
58 5916 5304
59 5807 4413
60 2991 4817
DEMAND_SECTION
1 0.0
2 3.0
3 1.0
4 2.0
5 7.0
6 6.0
7 4.0
8 3.0
9 3.0
10 4.0
11 8.0
12 6.0
13 4.0
14 7.0
15 9.0
16 6.0
17 2.0
18 2.0
19 4.0
20 5.0
21 10.0
22 9.0
23 8.0
24 10.0
25 7.0
26 7.0
27 3.0
28 1.0
29 8.0
30 4.0
31 10.0
32 2.0
33 4.0
34 7.0
35 3.0
36 4.0
37 9.0
38 5.0
39 2.0
40 3.0
41 4.0
42 10.0
43 7.0
44 8.0
45 2.0
46 3.0
47 1.0
48 10.0
49 8.0
50 4.0
51 3.0
52 4.0
53 6.0
54 5.0
55 6.0
56 4.0
57 3.0
58 9.0
59 6.0
60 10.0
DEVIATION_SECTION
1 0.0
2 1.0
3 0.333333
4 0.666667
5 2.33333
6 2.0
7 1.33333
8 1.0
9 1.0
10 1.33333
11 2.66667
12 2.0
13 1.33333
14 2.33333
15 3.0
16 2.0
17 0.666667
18 0.666667
19 1.33333
20 1.66667
21 3.33333
22 3.0
23 2.66667
24 3.33333
25 2.33333
26 2.33333
27 1.0
28 0.333333
29 2.66667
30 1.33333
31 3.33333
32 0.666667
33 1.33333
34 2.33333
35 1.0
36 1.33333
37 3.0
38 1.66667
39 0.666667
40 1.0
41 1.33333
42 3.33333
43 2.33333
44 2.66667
45 0.666667
46 1.0
47 0.333333
48 3.33333
49 2.66667
50 1.33333
51 1.0
52 1.33333
53 2.0
54 1.66667
55 2.0
56 1.33333
57 1.0
58 3.0
59 2.0
60 3.33333
DISTANCE_MATRIX
0.0 26.5707 19.2354 53.9351 44.9763 63.8856 50.9902 20.008 9.05539 54.5619 58.3197 21.8403 50.998 64.5863 51.8652 30.0832 31.1448 43.8359 44.911 9.0 1.0 55.9464 62.7418 20.6965 58.7266 39.4511 40.2281 56.9512 45.6577 72.6705 22.5117 22.1462 40.2281 40.3018 55.0607 59.6791 27.6586 38.4708 41.4849 45.1907 54.7542 21.2132 25.7192 38.0792 61.1335 28.8444 56.0357 38.2753 53.0312 8.544 59.5483 56.4375 19.9292 36.8359 7.07107 19.4165 39.3573 43.3109 35.3671 24.7386 
26.5707 0.0 35.2605 33.8378 57.0113 48.3968 31.4006 33.6006 18.868 77.8834 46.6476 5.0 53.4399 78.4012 72.5674 53.0377 57.7779 41.9094 69.0 18.3576 27.5136 74.826 76.5567 33.2415 52.5647 39.3424 21.664 36.191 42.3277 92.4471 34.6554 16.4924 21.664 34.0147 45.1885 64.07 44.7806 59.7129 65.0308 63.6777 69.5008 12.6491 39.0512 32.6193 58.1223 49.5188 76.6919 61.131 43.9857 18.0278 82.3092 34.796 31.8277 42.0506 20.5913 36.825 60.6982 24.8017 33.5929 3.16228 
19.2354 35.2605 0.0 67.624 57.0161 53.0377 64.8845 37.5674 25.4558 36.1248 75.2861 31.9669 38.9542 58.0086 32.8024 19.9249 13.4164 61.3953 35.9026 24.7588 18.7883 36.7151 54.8179 38.2559 46.6363 28.2843 39.6742 51.9056 34.0588 53.6004 40.071 38.4187 39.6742 57.4236 72.1803 41.2637 10.4403 25.02 31.5753 26.0128 35.5763 36.0555 39.0546 27.7849 48.9577 15.0333 37.0135 27.2947 41.7732 22.0227 41.0366 52.8924 37.4886 24.8395 24.0832 2.23607 26.0192 37.6622 25.0599 34.837 
53.9351 33.8378 67.624 0.0 65.7951 68.352 3.0 55.0091 44.911 103.092 21.3776 35.7771 77.515 98.0612 98.3271 83.678 81.0247 40.8167 98.8433 45.1221 54.9181 100.586 97.3304 52.1536 75.6637 63.4174 45.2217 53.4509 66.4003 118.207 52.6587 32.1403 45.2217 30.8869 23.7697 88.145 70.5403 91.3947 95.3415 89.4373 93.5759 32.7567 58.3156 56.6943 81.6333 81.2712 102.452 91.9239 67.2309 46.8402 108.069 50.9608 50.1597 66.1257 46.8722 69.0797 92.3472 48.2597 57.6679 33.121 
44.9763 57.0113 57.0161 65.7951 0.0 103.775 63.0714 26.4764 39.3954 83.2166 56.3205 52.0893 91.0194 36.6742 82.9731 52.3927 61.7185 25.7099 59.0339 40.3113 45.9424 88.3717 37.6431 24.3516 98.6161 79.3406 77.7738 92.7855 85.5471 102.786 22.4722 44.3853 77.7738 35.1141 51.2445 95.1236 67.4167 61.2699 58.2495 79.8727 89.41 46.2419 21.095 77.9687 101.023 55.6597 86.6833 57.8014 92.9206 42.7952 88.0227 91.3906 25.0799 76.7253 38.6962 55.3742 61.7171 80.8566 75.2566 54.1835 
63.8856 48.3968 53.0377 68.352 103.775 0.0 67.3573 78.8069 65.4098 66.2873 87.3212 53.3073 25.318 110.635 59.0339 71.4033 59.1078 87.2061 85.9836 64.4423 64.0299 56.2228 107.629 79.4953 13.1529 24.7588 27.074 15.2643 19.4165 70.2567 81.3105 63.1362 27.074 79.2332 87.2983 36.0 44.2041 72.9914 81.5151 44.5982 45.0999 59.6549 84.518 26.9258 18.9737 65.2462 61.5224 77.0472 11.6619 61.2867 68.593 18.0278 78.2199 28.4253 65.0821 55.1725 73.9006 24.1868 29.6816 50.8219 
50.9902 31.4006 64.8845 3.0 63.0714 67.3573 0.0 52.0096 41.9762 100.368 21.0238 33.121 75.7619 95.1262 96.1822 80.7775 78.2943 38.2753 95.901 42.2019 51.9711 98.4409 94.3866 49.163 74.2428 61.6643 43.566 52.6308 64.6375 116.062 49.6739 29.1548 43.566 28.3019 22.8035 86.3919 68.3954 88.5438 92.4175 87.2925 93.1157 29.8329 55.3308 54.9412 80.1311 78.4347 100.307 89.0225 65.7647 43.9659 105.155 50.2195 47.1699 64.3726 43.9318 66.3099 89.493 46.6476 55.9148 30.5287 
20.008 33.6006 37.5674 55.0091 26.4764 78.8069 52.0096 0.0 14.8661 64.5035 55.3056 28.6007 66.0511 45.1885 64.0654 34.5222 42.8108 28.2843 46.5188 15.5563 20.9741 74.0223 43.6578 4.24264 73.6478 54.3723 53.4645 70.1876 60.5789 83.9759 5.83095 23.3452 53.4645 31.6569 50.9669 73.7506 44.5084 43.7417 43.909 62.9931 72.5566 24.3516 5.83095 53.0004 76.0547 36.8061 67.782 41.7003 67.9524 17.8269 69.387 69.6739 5.83095 51.7571 13.7279 38.1838 44.4001 56.5473 50.2883 31.0644 
9.05539 18.868 25.4558 44.911 39.3954 65.4098 41.9762 14.8661 0.0 61.5549 50.0 13.8924 52.6541 59.5399 58.1378 38.8973 38.4187 39.9113 53.9351 1.0 10.0499 61.6117 57.6978 15.2643 60.2508 40.9753 40.0675 56.7906 47.1819 78.8733 17.0 13.4164 40.0675 32.0227 46.7816 60.0753 31.7648 47.0106 50.448 50.5156 60.0791 12.1655 20.5183 39.6034 62.6577 37.1214 62.3699 47.1275 54.5554 4.12311 66.4831 53.5977 14.3178 38.3601 2.0 26.2488 47.927 43.1503 36.8913 16.5529 
54.5619 77.8834 36.1248 103.092 83.2166 66.2873 100.368 64.5035 61.5549 0.0 111.396 67.4253 41.0 71.3442 7.28011 31.0483 23.4307 92.6598 32.9848 60.8769 53.9073 12.0416 67.3647 68.6439 54.1202 47.1699 64.5368 73.0 49.0408 19.6469 69.8141 74.5185 64.5368 93.5464 108.301 31.7805 33.1059 23.0868 30.2655 23.0868 22.3607 72.0069 65.4497 51.9741 50.6952 27.7308 6.40312 28.0 55.4437 58.1378 5.0 75.0267 73.4603 44.1856 60.1082 35.3553 23.0217 62.9825 50.448 70.2955 
58.3197 46.6476 75.2861 21.3776 56.3205 87.3212 21.0238 55.3056 50.0 111.396 0.0 46.4004 94.1525 92.0054 107.517 88.3759 88.4081 31.0 101.533 50.6063 59.2858 110.442 92.1358 51.063 93.0484 80.0549 62.0322 72.9932 83.0402 128.005 50.2892 36.8782 62.0322 23.7697 5.09902 104.783 80.1082 96.6576 99.3597 99.2935 108.857 39.598 56.0446 73.3318 98.6154 86.8865 111.759 96.5808 84.5044 53.2635 116.276 70.7107 51.063 82.7632 51.614 76.2168 97.5584 65.192 74.3055 44.6542 
21.8403 5.0 31.9669 35.7771 52.0893 53.3073 33.121 28.6007 13.8924 67.4253 46.4004 0.0 58.3504 73.4307 63.235 49.2544 45.358 39.4756 65.0692 13.4164 22.8035 66.145 71.5862 28.2843 57.4751 44.2528 26.5745 41.1015 47.2381 83.7084 29.7321 13.0 26.5745 31.587 44.4185 68.9804 35.8114 56.2939 61.2046 54.9966 64.5602 9.0 34.0588 37.5297 63.0327 46.0977 67.4738 57.4282 48.8961 13.3417 72.2117 39.7065 26.9072 46.9611 15.6525 33.5261 57.2713 29.7121 38.5034 3.0 
50.998 53.4399 38.9542 77.515 91.0194 25.318 75.7619 66.0511 52.6541 41.0 94.1525 58.3504 0.0 96.9419 33.7343 52.9294 39.2584 92.2492 63.5955 51.6866 51.1967 31.0161 93.7718 66.7396 13.4164 14.7648 32.5269 34.2053 11.4018 46.0977 68.5547 63.7155 32.5269 84.3607 93.2765 11.7047 29.7429 50.1933 59.4113 20.2485 20.025 60.8031 71.7623 21.9545 12.2066 46.8341 36.2215 55.3086 15.1327 48.531 43.2897 36.6879 65.9723 14.3178 52.3264 41.0003 50.8707 29.7321 22.8473 55.865 
64.5863 78.4012 58.0086 98.0612 36.6742 110.635 95.1262 45.1885 59.5399 71.3442 92.0054 73.4307 96.9419 0.0 74.3303 43.6578 57.3847 61.0082 39.0128 60.1346 65.5524 80.604 4.0 46.8188 104.624 86.0523 92.3177 109.041 92.0054 90.0222 46.1736 68.0074 92.3177 69.1809 87.023 91.591 67.9559 48.8365 41.1096 76.3401 85.3815 69.4622 40.4969 84.829 106.945 49.7695 76.7919 43.566 99.6393 62.4052 75.1066 108.527 48.7032 82.801 58.3062 56.0357 48.6621 95.4004 82.1169 76.0592 
51.8652 72.5674 32.8024 98.3271 82.9731 59.0339 96.1822 64.0654 58.1378 7.28011 107.517 63.235 33.7343 74.3303 0.0 32.0156 21.5407 94.1839 37.1618 57.3847 51.3128 6.32456 70.406 71.0445 46.8402 40.4475 58.5385 66.0303 42.0 20.8087 69.376 70.7107 58.5385 89.9312 104.661 24.5967 28.0179 25.4951 33.8378 16.4924 15.2643 67.9412 65.0116 45.974 43.4626 27.4591 4.24264 30.8058 48.2597 54.4885 10.198 68.1175 70.2772 37.4966 56.8507 32.45 25.7099 56.745 44.4648 66.1052 
30.0832 53.0377 19.9249 83.678 52.3927 71.4033 80.7775 34.5222 38.8973 31.0483 88.3759 49.2544 52.9294 43.6578 32.0156 0.0 13.8924 62.4827 16.1245 38.6005 29.1548 38.0132 39.9249 38.6627 64.6243 46.8722 59.5155 71.5891 52.0857 50.6952 39.8329 52.2015 59.5155 66.0511 85.1169 47.9543 27.2029 9.21954 12.0 32.7033 41.7612 50.9608 35.4685 47.4236 64.4665 6.40312 35.2278 8.24621 59.8793 36.8782 35.7351 72.6154 40.3532 43.0116 37.0 17.72 9.89949 57.3852 44.7772 52.2398 
31.1448 57.7779 13.4164 81.0247 61.7185 59.1078 78.2943 42.8108 38.4187 23.4307 88.4081 45.358 39.2584 57.3847 21.5407 13.8924 0.0 74.0925 26.9258 37.8021 30.4795 26.6833 53.7122 46.9513 52.6391 34.9285 48.1664 60.7289 39.7902 42.0595 48.1215 51.614 48.1664 70.4401 85.1989 34.2833 15.5242 13.9284 22.4722 19.0324 28.4429 49.3964 43.7571 36.8782 50.7956 7.61577 25.4951 18.0278 47.5838 35.2278 28.4253 62.0967 50.1858 30.8707 36.8782 12.2066 14.8661 47.5184 34.5254 48.2281 
43.8359 41.9094 61.3953 40.8167 25.7099 87.2061 38.2753 28.2843 39.9113 92.6598 31.0 39.4756 92.2492 61.0082 94.1839 62.4827 74.0925 0.0 73.7835 40.5601 44.802 97.8502 61.2046 24.0416 91.3739 78.1516 60.4733 74.9587 81.1369 114.965 22.6716 27.3225 60.4733 10.0 26.0192 98.7329 68.3363 71.7021 71.6101 86.821 96.3845 30.8885 27.4591 71.4285 96.9315 64.9624 98.4024 69.6563 82.795 43.3444 97.5433 73.4313 24.0416 76.6818 37.5558 62.0116 72.3605 63.6109 72.4022 38.9836 
44.911 69.0 35.9026 98.8433 59.0339 85.9836 95.901 46.5188 53.9351 32.9848 101.533 65.0692 63.5955 39.0128 37.1618 16.1245 26.9258 73.7835 0.0 53.7587 43.9318 43.4626 35.0143 50.5371 76.9762 61.7171 75.5672 87.0919 66.666 51.0882 51.4782 67.0389 75.5672 77.8845 97.1945 58.258 42.0476 13.4536 4.47214 43.3694 50.4777 66.0984 46.3249 62.9682 75.1326 21.1896 38.8973 8.94427 74.4596 52.345 36.3456 88.2553 52.3259 57.7062 51.9711 33.7343 12.7279 73.1053 60.407 68.0661 
9.0 18.3576 24.7588 45.1221 40.3113 64.4423 42.2019 15.5563 1.0 60.8769 50.6063 13.4164 51.6866 60.1346 57.3847 38.6005 37.8021 40.5601 53.7587 0.0 10.0 60.803 58.2901 16.1245 59.2833 40.0078 39.0999 55.823 46.2143 78.1025 17.8885 13.8924 39.0999 32.6716 47.4236 59.0767 30.8869 46.6154 50.2195 49.6938 59.2573 12.3693 21.2603 38.6359 61.6901 36.6742 61.6198 46.8402 53.5878 3.16228 65.7951 55.3093 15.2315 37.3925 2.23607 25.6125 47.5395 42.1827 35.9238 16.1555 
1.0 27.5136 18.7883 54.9181 45.9424 64.0299 51.9711 20.9741 10.0499 53.9073 59.2858 22.8035 51.1967 65.5524 51.3128 29.1548 30.4795 44.802 43.9318 10.0 0.0 55.4707 63.7079 21.6626 58.8709 39.5954 40.7366 57.4597 45.802 72.111 23.4778 23.1123 40.7366 41.2679 56.0268 59.8777 27.4591 37.5899 40.5216 44.7834 54.347 22.2036 26.6853 38.2235 61.2002 28.0179 55.4707 37.3363 53.1755 9.48683 58.8982 56.946 20.8953 36.9802 8.06226 18.868 38.4708 43.8193 35.5114 25.7099 
55.9464 74.826 36.7151 100.586 88.3717 56.2228 98.4409 74.0223 61.6117 12.0416 110.442 66.145 31.0161 80.604 6.32456 38.0132 26.6833 97.8502 43.4626 60.803 55.4707 0.0 76.6877 74.7108 43.566 39.8497 58.4162 64.4981 40.4475 17.8045 76.5259 73.7583 58.4162 93.0963 107.718 20.6155 30.4866 31.7805 40.1622 17.2047 11.1803 70.8519 70.4102 46.0555 39.5601 33.1361 5.83095 37.108 46.0109 57.8014 12.6491 66.7533 73.9435 37.0555 60.4649 36.6742 32.0156 56.3028 46.0555 77.2511 
62.7418 76.5567 54.8179 97.3304 37.6431 107.629 94.3866 43.6578 57.6978 67.3647 92.1358 71.5862 93.7718 4.0 70.406 39.9249 53.7122 61.2046 35.0143 58.2901 63.7079 76.6877 0.0 45.607 101.454 82.9759 89.4913 106.214 88.8651 86.0233 45.1221 66.7608 89.4913 69.0072 87.2067 87.8773 64.6375 44.911 37.1214 72.6264 81.5966 68.0074 39.2938 81.8336 103.775 46.0977 72.8354 39.6232 96.5401 60.5607 71.1126 105.701 47.5395 79.6492 56.4617 52.8015 44.7214 92.5741 79.1215 74.2496 
20.6965 33.2415 38.2559 52.1536 24.3516 79.4953 49.163 4.24264 15.2643 68.6439 51.063 28.2843 66.7396 46.8188 71.0445 38.6627 46.9513 24.0416 50.5371 16.1245 21.6626 74.7108 45.607 0.0 74.3363 55.0608 53.1933 69.9164 61.2674 91.8256 2.0 21.1896 53.1933 27.4142 46.7243 74.4391 45.1969 47.8821 48.0208 63.6816 73.2451 22.8254 6.32456 53.6889 76.7432 40.9465 75.263 45.8407 68.6409 18.5154 73.5274 67.6993 2.0 52.4456 14.4164 38.8723 48.5406 56.276 50.9768 30.4795 
58.7266 52.5647 46.6363 75.6637 98.6161 13.1529 74.2428 73.6478 60.2508 54.1202 93.0484 57.4751 13.4164 104.624 46.8402 64.6243 52.6391 91.3739 76.9762 59.2833 58.8709 43.566 101.454 74.3363 0.0 19.6469 31.0161 25.807 13.3417 57.1402 76.1514 67.3041 31.0161 83.4854 92.3472 23.0868 37.425 63.574 72.792 33.6155 32.3883 63.8228 79.359 25.02 6.40312 58.4671 49.0306 68.6893 8.544 56.1277 56.0892 28.6007 73.569 21.9317 59.9231 48.6824 64.2514 27.8568 27.1662 54.9898 
39.4511 39.3424 28.2843 63.4174 79.3406 24.7588 61.6643 54.3723 40.9753 47.1699 80.0549 44.2528 14.7648 86.0523 40.4475 46.8722 34.9285 78.1516 61.7171 40.0078 39.5954 39.8497 82.9759 55.0608 19.6469 0.0 18.868 26.3059 6.32456 56.8595 56.876 52.0368 18.868 70.2631 79.1789 24.7588 19.7231 48.8467 57.2451 24.0832 30.4138 50.6005 60.0835 7.2111 23.0 40.8167 43.9318 52.7731 13.6015 36.8522 50.636 28.0713 54.2935 4.12311 40.6476 30.4138 49.7695 16.5529 8.24621 41.7674 
40.2281 21.664 39.6742 45.2217 77.7738 27.074 43.566 53.4645 40.0675 64.5368 62.0322 26.5745 32.5269 92.3177 58.5385 59.5155 48.1664 60.4733 75.5672 39.0999 40.7366 58.4162 89.4913 53.1933 31.0161 18.868 0.0 17.2047 21.2603 75.5844 55.1572 36.4034 0.0 52.5004 61.4003 43.4166 33.0 61.6701 69.1089 49.5942 49.2443 32.9221 59.1757 12.6491 36.6742 52.347 62.3857 64.7084 22.4722 35.9444 68.5315 16.9706 52.8775 21.9317 39.7398 41.833 62.6575 3.16228 14.1421 24.0891 
56.9512 36.191 51.9056 53.4509 92.7855 15.2643 52.6308 70.1876 56.7906 73.0 72.9932 41.1015 34.2053 109.041 66.0303 71.5891 60.7289 74.9587 87.0919 55.823 57.4597 64.4981 106.214 69.9164 25.807 26.3059 17.2047 0.0 24.0832 80.2808 70.4291 50.9305 17.2047 66.9104 73.3348 45.8803 45.2217 74.6324 82.6378 50.04 53.9351 47.4492 75.8988 24.1661 32.2025 65.9242 69.1809 78.1857 19.3132 52.6675 76.1052 2.82843 67.6026 30.4138 56.4629 54.1377 75.5844 15.5563 26.8328 38.6161 
45.6577 42.3277 34.0588 66.4003 85.5471 19.4165 64.6375 60.5789 47.1819 49.0408 83.0402 47.2381 11.4018 92.0054 42.0 52.0857 39.7902 81.1369 66.666 46.2143 45.802 40.4475 88.8651 61.2674 13.3417 6.32456 21.2603 24.0832 0.0 56.6127 63.0825 57.0671 21.2603 73.2484 82.1642 22.8254 24.8865 53.6738 62.1975 26.3059 30.0832 53.5858 66.2901 12.1655 17.1172 45.9286 45.0999 57.7296 7.81025 43.0588 52.0384 26.3059 60.5001 9.21954 46.8542 36.1248 54.583 18.3848 14.0 44.7528 
72.6705 92.4471 53.6004 118.207 102.786 70.2567 116.062 83.9759 78.8733 19.6469 128.005 83.7084 46.0977 90.0222 20.8087 50.6952 42.0595 114.965 51.0882 78.1025 72.111 17.8045 86.0233 91.8256 57.1402 56.8595 75.5844 80.2808 56.6127 0.0 89.2866 91.2853 75.5844 110.568 125.256 34.5254 48.1076 42.5793 49.0102 35.0 26.5707 88.4153 84.9222 63.2259 52.0 47.1699 16.6433 47.2652 61.1882 75.1665 15.1327 82.7103 91.0583 54.2259 77.6209 53.2541 42.4264 73.4098 63.2259 94.8722 
22.5117 34.6554 40.071 52.6587 22.4722 81.3105 49.6739 5.83095 17.0 69.8141 50.2892 29.7321 68.5547 46.1736 69.376 39.8329 48.1215 22.6716 51.4782 17.8885 23.4778 76.5259 45.1221 2.0 76.1514 56.876 55.1572 70.4291 63.0825 89.2866 0.0 22.0297 55.1572 26.5707 45.8803 76.2543 47.012 49.0523 49.0918 65.4967 75.0602 23.8537 6.0 55.5041 78.5583 42.1167 73.0927 47.0109 70.456 20.3306 74.6976 69.0341 2.82843 54.2607 16.2315 40.6874 49.7108 58.24 52.792 31.8277 
22.1462 16.4924 38.4187 32.1403 44.3853 63.1362 29.1548 23.3452 13.4164 74.5185 36.8782 13.0 63.7155 68.0074 70.7107 52.2015 51.614 27.3225 67.0389 13.8924 23.1123 73.7583 66.7608 21.1896 67.3041 52.0368 36.4034 50.9305 57.0671 91.2853 22.0297 0.0 36.4034 19.434 33.9706 71.4727 43.4307 60.4152 63.6308 62.616 72.1795 4.0 27.5136 47.3587 72.8617 50.5371 74.9533 60.407 58.7251 16.4012 79.3977 49.5355 19.3132 49.4215 15.2315 39.4081 61.327 39.5411 47.9528 13.3417 
40.2281 21.664 39.6742 45.2217 77.7738 27.074 43.566 53.4645 40.0675 64.5368 62.0322 26.5745 32.5269 92.3177 58.5385 59.5155 48.1664 60.4733 75.5672 39.0999 40.7366 58.4162 89.4913 53.1933 31.0161 18.868 0.0 17.2047 21.2603 75.5844 55.1572 36.4034 0.0 52.5004 61.4003 43.4166 33.0 61.6701 69.1089 49.5942 49.2443 32.9221 59.1757 12.6491 36.6742 52.347 62.3857 64.7084 22.4722 35.9444 68.5315 16.9706 52.8775 21.9317 39.7398 41.833 62.6575 3.16228 14.1421 24.0891 
40.3018 34.0147 57.4236 30.8869 35.1141 79.2332 28.3019 31.6569 32.0227 93.5464 23.7697 31.587 84.3607 69.1809 89.9312 66.0511 70.4401 10.0 77.8845 32.6716 41.2679 93.0963 69.0072 27.4142 83.4854 70.2631 52.5004 66.9104 73.2484 110.568 26.5707 19.434 52.5004 0.0 19.3132 90.8444 62.8024 75.2705 75.3964 81.9877 91.5512 23.0 32.28 63.54 89.043 68.8686 94.1724 73.2292 74.8221 35.4558 98.459 65.307 27.4142 68.7932 33.6008 58.2701 75.929 55.638 64.5136 31.0644 
55.0607 45.1885 72.1803 23.7697 51.2445 87.2983 22.8035 50.9669 46.7816 108.301 5.09902 44.4185 93.2765 87.023 104.661 85.1169 85.1989 26.0192 97.1945 47.4236 56.0268 107.718 87.2067 46.7243 92.3472 79.1789 61.4003 73.3348 82.1642 125.256 45.8803 33.9706 61.4003 19.3132 0.0 103.906 77.3847 93.3985 94.7064 96.5699 106.133 37.0135 51.5461 72.4558 97.9588 83.6275 108.904 93.3218 83.8153 50.2096 113.217 71.1758 46.7243 81.8871 48.3597 73.0289 94.2994 64.56 73.4294 42.9418 
59.6791 64.07 41.2637 88.145 95.1236 36.0 86.3919 73.7506 60.0753 31.7805 104.783 68.9804 11.7047 91.591 24.5967 47.9543 34.2833 98.7329 58.258 59.0767 59.8777 20.6155 87.8773 74.4391 23.0868 24.7588 43.4166 45.8803 22.8254 34.5254 76.2543 71.4727 43.4166 90.8444 103.906 0.0 34.5892 45.0 54.2033 16.1555 9.48683 68.5602 79.4618 31.8277 18.9737 41.859 26.2488 50.2195 26.6833 56.0374 33.2415 48.3839 73.6718 22.8035 60.0227 41.5634 45.607 40.8044 32.0156 66.495 
27.6586 44.7806 10.4403 70.5403 67.4167 44.2041 68.3954 44.5084 31.7648 33.1059 80.1082 35.8114 29.7429 67.9559 28.0179 27.2029 15.5242 68.3363 42.0476 30.8869 27.4591 30.4866 64.6375 45.1969 37.425 19.7231 33.0 45.2217 24.8865 48.1076 47.012 43.4307 33.0 62.8024 77.3847 34.5892 0.0 29.4109 37.5766 19.3382 28.9017 40.5183 50.2196 21.3776 39.7465 21.095 32.2025 33.1059 32.68 27.7849 37.5899 46.5725 44.4296 15.8114 30.8707 12.083 30.3645 32.1403 19.105 38.6815 
38.4708 59.7129 25.02 91.3947 61.2699 72.9914 88.5438 43.7417 47.0106 23.0868 96.6576 56.2939 50.1933 48.8365 25.4951 9.21954 13.9284 71.7021 13.4536 46.6154 37.5899 31.7805 44.911 47.8821 63.574 48.8467 61.6701 74.6324 53.6738 42.5793 49.0523 60.4152 61.6701 75.2705 93.3985 45.0 29.4109 0.0 9.21954 29.9672 37.5899 58.8727 44.6879 50.6952 61.7304 10.198 28.0713 5.38516 61.4673 44.5982 27.4591 75.9605 49.5726 44.7772 45.1885 23.0868 1.0 61.1882 48.2701 59.2284 
41.4849 65.0308 31.5753 95.3415 58.2495 81.5151 92.4175 43.909 50.448 30.2655 99.3597 61.2046 59.4113 41.1096 33.8378 12.0 22.4722 71.6101 4.47214 50.2195 40.5216 40.1622 37.1214 48.0208 72.792 57.2451 69.1089 82.6378 62.1975 49.0102 49.0918 63.6308 69.1089 75.3964 94.7064 54.2033 37.5766 9.21954 0.0 39.1852 46.6476 62.5859 44.2041 58.5235 70.9485 16.7631 35.9026 4.47214 69.991 48.6621 34.0147 83.8153 49.7393 53.2353 48.5077 29.4279 8.60233 68.6919 55.9732 64.195 
45.1907 63.6777 26.0128 89.4373 79.8727 44.5982 87.2925 62.9931 50.5156 23.0868 99.2935 54.9966 20.2485 76.3401 16.4924 32.7033 19.0324 86.821 43.3694 49.6938 44.7834 17.2047 72.6264 63.6816 33.6155 24.0832 49.5942 50.04 26.3059 35.0 65.4967 62.616 49.5942 81.9877 96.5699 16.1555 19.3382 29.9672 39.1852 0.0 12.3693 59.7035 61.9112 37.0298 31.8904 26.6081 20.2485 35.0826 33.2415 46.674 26.6833 52.0 62.9143 21.0998 49.4165 26.3125 30.6446 40.3482 35.5205 66.1028 
54.7542 69.5008 35.5763 93.5759 89.41 45.0999 93.1157 72.5566 60.0791 22.3607 108.857 64.5602 20.025 85.3815 15.2643 41.7612 28.4429 96.3845 50.4777 59.2573 54.347 11.1803 81.5966 73.2451 32.3883 30.4138 49.2443 53.9351 30.0832 26.5707 75.0602 72.1795 49.2443 91.5512 106.133 9.48683 28.9017 37.5899 46.6476 12.3693 0.0 69.2671 71.4485 36.9258 28.4605 35.9026 16.7631 42.9418 35.1283 56.2376 23.7697 56.2939 72.4778 27.9258 58.9801 35.876 38.0789 46.9574 36.9258 71.9259 
21.2132 12.6491 36.0555 32.7567 46.2419 59.6549 29.8329 24.3516 12.1655 72.0069 39.598 9.0 60.8031 69.4622 67.9412 50.9608 49.3964 30.8885 66.0984 12.3693 22.2036 70.8519 68.0074 22.8254 63.8228 50.6005 32.9221 47.4492 53.5858 88.4153 23.8537 4.0 32.9221 23.0 37.0135 68.5602 40.5183 58.8727 62.5859 59.7035 69.2671 0.0 29.0689 43.8774 69.3804 48.8467 72.1803 59.203 55.2438 14.3178 76.8375 46.0542 21.095 46.5091 14.1421 37.2156 59.808 36.0598 44.851 9.48683 
25.7192 39.0512 39.0546 58.3156 21.095 84.518 55.3308 5.83095 20.5183 65.4497 56.0446 34.0588 71.7623 40.4969 65.0116 35.4685 43.7571 27.4591 46.3249 21.2603 26.6853 70.4102 39.2938 6.32456 79.359 60.0835 59.1757 75.8988 66.2901 84.9222 6.0 27.5136 59.1757 32.28 51.5461 79.4618 50.2196 44.6879 44.2041 61.9112 71.4485 29.0689 0.0 58.7116 81.7659 37.7523 68.7283 42.45 73.6636 23.5381 70.3332 75.385 8.24621 57.4683 19.4391 37.4128 45.3431 62.2584 55.9995 36.4005 
38.0792 32.6193 27.7849 56.6943 77.9687 26.9258 54.9412 53.0004 39.6034 51.9741 73.3318 37.5297 21.9545 84.829 45.974 47.4236 36.8782 71.4285 62.9682 38.6359 38.2235 46.0555 81.8336 53.6889 25.02 7.2111 12.6491 24.1661 12.1655 63.2259 55.5041 47.3587 12.6491 63.54 72.4558 31.8277 21.3776 50.6952 58.5235 37.0298 36.9258 43.8774 58.7116 0.0 29.2746 41.7852 50.025 54.0833 17.4642 35.4803 55.967 25.2982 52.9216 9.43398 39.2757 30.0167 51.6624 11.0454 2.82843 35.0444 
61.1335 58.1223 48.9577 81.6333 101.023 18.9737 80.1311 76.0547 62.6577 50.6952 98.6154 63.0327 12.2066 106.945 43.4626 64.4665 50.7956 96.9315 75.1326 61.6901 61.2002 39.5601 103.775 76.7432 6.40312 23.0 36.6742 32.2025 17.1172 52.0 78.5583 72.8617 36.6742 89.043 97.9588 18.9737 39.7465 61.7304 70.9485 31.8904 28.4605 69.3804 81.7659 29.2746 0.0 58.3713 45.2217 66.8458 14.4222 58.5346 52.2015 35.0 75.9759 24.3311 62.33 51.0039 62.4078 33.541 31.0644 60.5473 
28.8444 49.5188 15.0333 81.2712 55.6597 65.2462 78.4347 36.8061 37.1214 27.7308 86.8865 46.0977 46.8341 49.7695 27.4591 6.40312 7.61577 64.9624 21.1896 36.6742 28.0179 33.1361 46.0977 40.9465 58.4671 40.8167 52.347 65.9242 45.9286 47.1699 42.1167 50.5371 52.347 68.8686 83.6275 41.859 21.095 10.198 16.7631 26.6081 35.9026 48.8467 37.7523 41.7852 58.3713 0.0 31.0483 12.3693 53.7221 34.5398 32.6497 67.0671 42.637 36.8917 35.3553 13.0 11.1803 51.93 39.2173 49.0306 
56.0357 76.6919 37.0135 102.452 86.6833 61.5224 100.307 67.782 62.3699 6.40312 111.759 67.4738 36.2215 76.7919 4.24264 35.2278 25.4951 98.4024 38.8973 61.6198 55.4707 5.83095 72.8354 75.263 49.0306 43.9318 62.3857 69.1809 45.0999 16.6433 73.0927 74.9533 62.3857 94.1724 108.904 26.2488 32.2025 28.0713 35.9026 20.2485 16.7631 72.1803 68.7283 50.025 45.2217 31.0483 0.0 33.2415 51.0392 58.7282 7.07107 71.3442 74.4957 41.025 61.0737 36.6197 28.1603 60.2734 48.5412 70.3439 
38.2753 61.131 27.2947 91.9239 57.8014 77.0472 89.0225 41.7003 47.1275 28.0 96.5808 57.4282 55.3086 43.566 30.8058 8.24621 18.0278 69.6563 8.94427 46.8402 37.3363 37.108 39.6232 45.8407 68.6893 52.7731 64.7084 78.1857 57.7296 47.2652 47.0109 60.407 64.7084 73.2292 93.3218 50.2195 33.1059 5.38516 4.47214 35.0826 42.9418 59.203 42.45 54.0833 66.8458 12.3693 33.2415 0.0 65.5231 45.1221 32.1403 79.3788 47.5312 48.7647 45.2217 25.1794 5.09902 64.2913 51.5461 60.407 
53.0312 43.9857 41.7732 67.2309 92.9206 11.6619 65.7647 67.9524 54.5554 55.4437 84.5044 48.8961 15.1327 99.6393 48.2597 59.8793 47.5838 82.795 74.4596 53.5878 53.1755 46.0109 96.5401 68.6409 8.544 13.6015 22.4722 19.3132 7.81025 61.1882 70.456 58.7251 22.4722 74.8221 83.8153 26.6833 32.68 61.4673 69.991 33.2415 35.1283 55.2438 73.6636 17.4642 14.4222 53.7221 51.0392 65.5231 0.0 50.4323 58.0775 21.9317 67.8736 16.9706 54.2277 43.8634 62.3765 19.3132 19.9249 46.4108 
8.544 18.0278 22.0227 46.8402 42.7952 61.2867 43.9659 17.8269 4.12311 58.1378 53.2635 13.3417 48.531 62.4052 54.4885 36.8782 35.2278 43.3444 52.345 3.16228 9.48683 57.8014 60.5607 18.5154 56.1277 36.8522 35.9444 52.6675 43.0588 75.1665 20.3306 16.4012 35.9444 35.4558 50.2096 56.0374 27.7849 44.5982 48.6621 46.674 56.2376 14.3178 23.5381 35.4803 58.5346 34.5398 58.7282 45.1221 50.4323 0.0 63.0317 52.1538 17.7481 34.237 4.12311 23.0217 45.5412 39.0272 32.7682 16.2788 
59.5483 82.3092 41.0366 108.069 88.0227 68.593 105.155 69.387 66.4831 5.0 116.276 72.2117 43.2897 75.1066 10.198 35.7351 28.4253 97.5433 36.3456 65.7951 58.8982 12.6491 71.1126 73.5274 56.0892 50.636 68.5315 76.1052 52.0384 15.1327 74.6976 79.3977 68.5315 98.459 113.217 33.2415 37.5899 27.4591 34.0147 26.6833 23.7697 76.8375 70.3332 55.967 52.2015 32.6497 7.07107 32.1403 58.0775 63.0317 0.0 78.2304 78.4138 47.6905 65.0538 40.3113 27.2947 66.9389 54.4577 75.0819 
56.4375 34.796 52.8924 50.9608 91.3906 18.0278 50.2195 69.6739 53.5977 75.0267 70.7107 39.7065 36.6879 108.527 68.1175 72.6154 62.0967 73.4313 88.2553 55.3093 56.946 66.7533 105.701 67.6993 28.6007 28.0713 16.9706 2.82843 26.3059 82.7103 69.0341 49.5355 16.9706 65.307 71.1758 48.3839 46.5725 75.9605 83.8153 52.0 56.2939 46.0542 75.385 25.2982 35.0 67.0671 71.3442 79.3788 21.9317 52.1538 78.2304 0.0 66.2076 32.1403 55.9491 55.1245 76.922 15.8114 27.8568 37.2211 
19.9292 31.8277 37.4886 50.1597 25.0799 78.2199 47.1699 5.83095 14.3178 73.4603 51.063 26.9072 65.9723 48.7032 70.2772 40.3532 50.1858 24.0416 52.3259 15.2315 20.8953 73.9435 47.5395 2.0 73.569 54.2935 52.8775 67.6026 60.5001 91.0583 2.82843 19.3132 52.8775 27.4142 46.7243 73.6718 44.4296 49.5726 49.7393 62.9143 72.4778 21.095 8.24621 52.9216 75.9759 42.637 74.4957 47.5312 67.8736 17.7481 78.4138 66.2076 0.0 51.6783 13.6491 38.105 50.2311 55.9603 50.2095 29.0 
36.8359 42.0506 24.8395 66.1257 76.7253 28.4253 64.3726 51.7571 38.3601 44.1856 82.7632 46.9611 14.3178 82.801 37.4966 43.0116 30.8707 76.6818 57.7062 37.3925 36.9802 37.0555 79.6492 52.4456 21.9317 4.12311 21.9317 30.4138 9.21954 54.2259 54.2607 49.4215 21.9317 68.7932 81.8871 22.8035 15.8114 44.7772 53.2353 21.0998 27.9258 46.5091 57.4683 9.43398 24.3311 36.8917 41.025 48.7647 16.9706 34.237 47.6905 32.1403 51.6783 0.0 38.0324 26.9072 45.6946 19.9249 9.21954 44.4757 
7.07107 20.5913 24.0832 46.8722 38.6962 65.0821 43.9318 13.7279 2.0 60.1082 51.614 15.6525 52.3264 58.3062 56.8507 37.0 36.8782 37.5558 51.9711 2.23607 8.06226 60.4649 56.4617 14.4164 59.9231 40.6476 39.7398 56.4629 46.8542 77.6209 16.2315 15.2315 39.7398 33.6008 48.3597 60.0227 30.8707 45.1885 48.5077 49.4165 58.9801 14.1421 19.4391 39.2757 62.33 35.3553 61.0737 45.2217 54.2277 4.12311 65.0538 55.9491 13.6491 38.0324 0.0 24.7588 46.0977 42.8225 36.5636 18.3848 
19.4165 36.825 2.23607 69.0797 55.3742 55.1725 66.3099 38.1838 26.2488 35.3553 76.2168 33.5261 41.0003 56.0357 32.45 17.72 12.2066 62.0116 33.7343 25.6125 18.868 36.6742 52.8015 38.8723 48.6824 30.4138 41.833 54.1377 36.1248 53.2541 40.6874 39.4081 41.833 58.2701 73.0289 41.5634 12.083 23.0868 29.4279 26.3125 35.876 37.2156 37.4128 30.0167 51.0039 13.0 36.6197 25.1794 43.8634 23.0217 40.3113 55.1245 38.105 26.9072 24.7588 0.0 24.0832 39.8942 27.2947 36.4016 
39.3573 60.6982 26.0192 92.3472 61.7171 73.9006 89.493 44.4001 47.927 23.0217 97.5584 57.2713 50.8707 48.6621 25.7099 9.89949 14.8661 72.3605 12.7279 47.5395 38.4708 32.0156 44.7214 48.5406 64.2514 49.7695 62.6575 75.5844 54.583 42.4264 49.7108 61.327 62.6575 75.929 94.2994 45.607 30.3645 1.0 8.60233 30.6446 38.0789 59.808 45.3431 51.6624 62.4078 11.1803 28.1603 5.09902 62.3765 45.5412 27.2947 76.922 50.2311 45.6946 46.0977 24.0832 0.0 62.1691 49.2443 60.208 
43.3109 24.8017 37.6622 48.2597 80.8566 24.1868 46.6476 56.5473 43.1503 62.9825 65.192 29.7121 29.7321 95.4004 56.745 57.3852 47.5184 63.6109 73.1053 42.1827 43.8193 56.3028 92.5741 56.276 27.8568 16.5529 3.16228 15.5563 18.3848 73.4098 58.24 39.5411 3.16228 55.638 64.56 40.8044 32.1403 61.1882 68.6919 40.3482 46.9574 36.0598 62.2584 11.0454 33.541 51.93 60.2734 64.2913 19.3132 39.0272 66.9389 15.8114 55.9603 19.9249 42.8225 39.8942 62.1691 0.0 13.0384 27.2267 
35.3671 33.5929 25.0599 57.6679 75.2566 29.6816 55.9148 50.2883 36.8913 50.448 74.3055 38.5034 22.8473 82.1169 44.4648 44.7772 34.5254 72.4022 60.407 35.9238 35.5114 46.0555 79.1215 50.9768 27.1662 8.24621 14.1421 26.8328 14.0 63.2259 52.792 47.9528 14.1421 64.5136 73.4294 32.0156 19.105 48.2701 55.9732 35.5205 36.9258 44.851 55.9995 2.82843 31.0644 39.2173 48.5412 51.5461 19.9249 32.7682 54.4577 27.8568 50.2095 9.21954 36.5636 27.2947 49.2443 13.0384 0.0 36.018 
24.7386 3.16228 34.837 33.121 54.1835 50.8219 30.5287 31.0644 16.5529 70.2955 44.6542 3.0 55.865 76.0592 66.1052 52.2398 48.2281 38.9836 68.0661 16.1555 25.7099 77.2511 74.2496 30.4795 54.9898 41.7674 24.0891 38.6161 44.7528 94.8722 31.8277 13.3417 24.0891 31.0644 42.9418 66.495 38.6815 59.2284 64.195 66.1028 71.9259 9.48683 36.4005 35.0444 60.5473 49.0306 70.3439 60.407 46.4108 16.2788 75.0819 37.2211 29.0 44.4757 18.3848 36.4016 60.208 27.2267 36.018 0.0 
DEMAND_SCENARIO_SECTION
0 0 0 0 0 0 0 0 0 0 0 0 0 0 0 0 0 0 0 0 0 0 0 0 0 0 0 0 0 0 0 0 0 0 0 0 0 0 0 0 0 0 0 0 0 0 0 0 0 0 0 0 0 0 0 0 0 0 0 0 0 0 0 0 0 0 0 0 0 0 0 0 0 0 0 0 0 0 0 0 0 0 0 0 0 0 0 0 0 0 0 0 0 0 0 0 0 0 0 0 0 0 0 0 0 0 0 0 0 0 0 0 0 0 0 0 0 0 0 0 0 0 0 0 0 0 0 0 0 0 0 0 0 0 0 0 0 0 0 0 0 0 0 0 0 0 0 0 0 0 0 0 0 0 0 0 0 0 0 0 0 0 0 0 0 0 0 0 0 0 0 0 0 0 0 0 0 0 0 0 0 0 0 0 0 0 0 0 0 0 0 0 0 0 0 0 0 0 0 0 
2 2 2 4 1 2 3 3 3 3 4 1 1 2 2 3 3 2 4 4 4 4 6 2 4 3 4 2 1 4 3 2 4 2 1 3 4 5 4 0 3 2 5 2 4 3 1 3 3 2 2 3 4 5 2 4 3 4 2 4 3 3 4 5 4 3 3 2 3 3 3 2 3 2 2 3 3 3 3 2 5 4 3 2 2 4 4 3 3 3 6 2 2 2 3 5 3 2 3 3 5 3 3 4 3 3 3 3 6 3 4 1 1 3 1 3 3 4 2 3 2 4 4 4 3 3 3 1 2 3 3 4 3 2 3 4 3 4 4 4 2 3 3 3 3 3 3 5 4 6 2 1 4 2 2 4 3 5 5 1 4 3 3 3 3 4 4 5 3 3 3 1 4 5 2 3 5 4 4 3 1 4 3 3 2 2 4 3 3 2 3 4 4 2 3 5 1 3 2 4 
2 1 1 1 2 1 1 0 1 1 1 1 1 1 1 1 1 1 1 1 1 1 1 1 1 1 0 1 1 1 1 1 1 1 1 1 1 1 0 1 1 1 1 1 1 1 1 1 0 1 1 1 1 1 1 1 1 1 1 1 1 2 1 1 1 2 0 1 1 1 1 1 1 1 1 1 1 1 1 1 2 1 1 1 1 1 1 1 1 2 1 1 1 1 0 1 1 1 1 1 1 1 1 1 1 2 1 1 1 1 1 1 1 1 1 1 1 1 1 1 1 1 1 1 2 1 1 1 1 1 1 1 1 1 1 1 1 1 1 1 1 1 1 1 1 1 0 1 1 1 1 1 2 1 0 1 1 1 0 1 1 1 1 1 1 1 0 2 1 0 1 1 1 1 1 1 1 1 1 1 1 1 0 1 1 1 1 1 1 1 1 2 1 1 1 1 1 1 1 1 
2 2 3 2 2 1 2 1 2 2 2 2 2 1 1 2 2 3 2 1 1 3 2 2 2 3 3 2 2 1 3 3 2 2 2 1 0 3 2 2 2 3 3 2 1 4 3 2 1 1 1 1 2 2 2 2 2 2 3 3 2 1 3 1 3 1 1 2 2 2 3 1 1 3 2 1 2 3 3 2 2 2 3 0 3 2 2 1 2 3 2 2 2 3 1 3 2 1 3 2 2 2 2 3 1 2 2 2 2 2 1 3 2 2 3 3 2 1 2 2 3 2 2 1 2 3 2 3 3 3 2 1 1 2 2 2 2 2 3 2 2 2 3 2 1 2 2 1 2 3 2 2 3 1 2 2 2 2 2 3 1 2 2 3 2 2 1 2 2 2 2 3 2 1 3 2 2 1 2 2 1 2 3 1 2 1 3 1 2 1 2 2 1 2 2 1 2 2 3 3 
5 5 7 10 11 2 1 8 10 3 10 4 5 9 10 6 6 11 8 12 6 4 7 9 6 8 9 8 9 6 5 4 0 8 6 5 9 7 8 11 9 7 10 3 7 7 5 5 9 9 7 5 8 8 5 6 8 9 5 5 8 9 6 10 8 6 6 8 9 7 7 10 5 9 8 7 4 8 7 6 9 5 4 7 6 7 6 6 7 7 4 6 6 5 12 8 6 12 7 12 6 6 5 8 7 7 9 5 5 9 8 14 7 3 6 9 6 9 7 6 6 8 8 7 10 8 9 6 10 9 7 6 6 6 9 8 8 7 9 3 9 7 9 7 7 7 8 2 4 4 4 8 7 8 3 7 5 8 8 3 12 6 6 11 7 9 7 7 7 9 9 8 5 4 7 6 7 8 8 5 10 4 5 4 2 7 5 7 7 8 2 9 4 6 8 7 7 6 9 7 
7 0 13 8 8 4 7 6 3 7 5 6 5 5 5 2 4 7 5 8 6 7 6 6 8 8 6 8 9 4 4 2 5 4 9 9 6 8 9 5 4 6 8 2 9 5 7 3 9 4 6 4 5 3 7 9 4 8 3 9 4 4 5 9 5 5 8 5 9 6 5 6 4 8 7 6 7 4 5 6 7 9 6 7 4 7 3 7 6 7 7 6 4 4 7 7 4 2 10 7 8 5 9 2 5 6 2 7 6 5 6 9 8 8 5 8 9 8 3 5 7 8 3 4 4 0 5 6 7 3 5 8 6 2 6 7 5 4 9 6 4 9 6 2 12 6 5 6 8 8 6 8 8 5 9 7 6 9 9 2 6 7 3 6 10 0 8 4 8 9 6 3 7 2 6 0 3 6 6 5 7 4 4 6 5 7 8 5 7 6 5 5 7 5 8 3 6 10 4 6 
4 3 4 5 3 4 4 4 4 1 5 4 4 4 3 5 4 3 5 4 2 4 2 6 4 5 6 3 4 4 4 3 3 7 2 5 6 5 2 3 3 4 5 4 0 3 4 3 5 8 5 3 2 3 6 5 3 4 5 6 3 5 2 7 6 3 2 4 2 4 1 3 6 3 4 4 3 4 7 4 3 2 5 4 5 4 5 6 7 4 3 6 4 5 4 4 3 3 4 5 2 5 4 3 4 4 2 6 3 5 4 4 5 5 4 5 4 4 2 3 4 5 2 4 3 6 7 2 2 5 4 6 4 3 3 4 4 5 4 2 3 4 3 5 3 4 1 5 6 4 3 5 4 5 5 5 3 4 3 5 4 2 6 4 5 7 3 2 3 5 4 6 5 4 7 3 4 4 2 2 3 3 3 3 4 5 6 2 4 6 2 4 2 4 2 4 4 4 4 4 
2 3 4 2 3 3 2 3 4 2 2 4 4 1 4 3 3 2 4 5 3 3 4 4 3 2 5 3 1 4 4 3 3 2 4 2 2 2 2 2 3 2 4 5 2 4 4 4 5 4 4 3 2 3 3 3 3 3 3 4 4 3 6 4 3 2 1 2 2 3 4 2 3 2 2 3 3 4 2 3 2 3 3 3 2 2 3 3 2 2 3 4 3 5 3 4 2 2 3 4 2 3 3 4 5 2 5 4 5 2 1 4 3 4 4 2 2 1 3 3 3 3 1 5 3 3 4 3 3 3 3 3 1 2 3 3 3 3 5 4 1 3 4 4 1 2 3 5 4 3 2 2 2 3 2 3 4 2 4 2 5 3 3 5 3 4 4 1 4 4 3 3 1 4 2 3 2 4 3 3 2 1 4 4 2 4 4 3 4 4 3 5 3 2 3 3 3 2 4 2 
4 3 3 4 4 3 1 3 3 3 2 4 2 3 3 4 4 2 2 2 5 3 5 3 4 3 3 4 2 4 4 3 4 3 2 2 3 1 3 3 1 3 5 2 4 4 2 4 3 3 3 2 2 3 3 2 3 2 3 5 3 2 4 2 2 3 3 4 3 3 2 3 2 5 4 4 3 2 3 1 3 3 5 3 3 3 4 3 4 3 2 4 3 2 2 2 3 5 3 3 3 3 2 2 3 4 4 4 3 5 3 3 1 3 2 4 5 4 3 0 3 3 2 3 2 4 3 1 2 3 2 3 3 3 2 3 4 5 4 3 5 3 3 4 1 4 2 2 2 4 3 3 2 2 2 4 2 1 4 3 2 1 2 4 1 3 2 4 4 3 2 4 3 2 1 4 4 4 4 3 3 3 5 3 3 1 3 3 4 3 4 2 4 3 3 4 3 3 2 2 
4 4 6 4 4 6 1 6 5 4 3 3 3 5 3 2 3 5 4 3 5 3 4 3 4 4 2 4 4 4 5 6 4 1 5 6 1 4 6 2 2 3 4 4 6 3 5 5 2 5 3 2 5 4 7 1 3 5 4 3 2 3 4 4 4 2 5 5 3 4 2 6 4 4 4 4 1 4 3 2 6 4 5 5 4 7 3 4 6 3 3 4 4 4 4 5 2 3 4 6 4 6 6 3 6 5 2 4 4 5 2 5 2 3 1 3 3 3 2 4 5 2 3 4 5 2 4 2 5 6 3 3 2 3 6 3 5 5 5 4 2 5 2 4 4 4 1 5 1 6 3 5 2 5 5 5 4 3 3 4 4 3 6 4 5 3 4 3 3 5 4 5 2 3 4 5 7 2 5 0 6 3 3 3 3 3 4 7 4 6 7 4 4 3 3 5 2 4 3 5 
7 5 19 6 7 10 8 6 8 9 12 4 5 8 10 6 11 6 7 3 7 9 8 5 5 7 6 3 13 11 8 10 12 3 4 10 9 6 6 10 7 4 12 2 4 6 5 11 7 3 1 8 11 9 7 7 7 4 7 6 8 9 9 8 11 6 7 4 7 11 9 9 5 12 14 8 5 7 10 7 14 6 6 11 7 14 10 3 9 9 2 5 7 10 5 9 7 14 7 6 9 3 6 8 7 12 11 9 8 10 5 7 13 3 11 10 10 11 9 14 11 8 8 11 1 8 8 8 4 10 8 8 7 9 9 8 6 9 13 9 9 9 9 8 5 7 4 4 7 7 7 6 14 6 7 8 5 11 9 11 9 3 9 5 5 11 4 9 7 12 8 3 11 4 9 11 13 4 10 2 12 10 3 5 3 9 8 12 7 7 3 10 8 5 8 2 11 5 4 3 
6 3 6 6 7 7 8 4 6 6 5 3 5 7 7 6 4 6 3 5 4 7 5 9 5 9 7 11 6 8 8 8 3 4 5 7 7 6 9 5 8 5 10 10 4 4 6 4 6 5 3 4 5 6 4 7 6 4 8 5 5 6 4 7 9 4 5 6 3 10 4 9 8 11 4 8 8 6 6 5 9 6 8 6 6 6 7 9 7 3 9 7 6 7 8 6 6 8 4 6 6 8 7 5 6 9 8 7 3 6 5 8 3 5 5 10 6 8 3 8 7 4 7 1 5 9 8 5 5 6 7 5 4 5 2 4 7 4 6 7 3 6 4 3 4 7 8 4 7 3 7 5 7 7 10 7 6 7 8 8 5 4 5 4 6 8 5 5 6 6 7 6 6 7 6 5 0 5 5 7 3 5 8 4 6 6 2 5 7 6 7 10 6 6 6 9 7 5 6 7 
5 4 6 5 5 6 4 0 3 4 5 3 4 3 5 4 5 5 8 4 5 6 5 5 3 2 4 7 4 4 3 3 3 4 2 3 5 3 3 7 6 5 3 3 3 2 5 4 4 3 5 3 6 4 4 5 5 0 6 4 5 5 4 3 5 2 4 4 5 3 4 3 5 6 3 5 5 5 4 5 5 4 2 5 3 3 2 3 4 5 6 5 5 4 4 3 4 4 6 2 6 6 5 2 2 1 6 2 2 5 4 6 2 6 5 6 3 4 3 3 4 5 4 4 6 6 4 4 4 4 4 3 3 5 2 4 4 6 3 6 4 4 2 6 5 2 5 5 4 4 5 3 5 3 3 3 4 3 3 4 2 3 4 5 6 3 5 5 4 5 2 2 6 4 2 3 4 5 3 2 2 3 5 6 4 5 2 7 5 4 4 4 3 5 4 2 5 6 7 3 
7 8 6 10 8 6 3 6 8 7 8 9 7 6 7 6 5 3 5 8 7 9 7 6 6 7 7 7 6 10 7 11 5 4 5 6 9 9 9 11 4 6 10 7 11 3 8 7 7 5 7 10 11 0 4 13 2 5 9 8 7 7 4 6 9 10 2 8 7 5 3 4 5 1 10 8 11 7 13 5 6 9 11 3 9 7 6 5 8 5 6 10 10 9 5 8 4 9 5 5 8 9 9 7 7 7 10 9 9 9 9 8 5 4 8 6 8 10 4 5 4 7 4 11 12 7 8 6 8 9 10 6 8 6 4 7 8 6 10 7 7 5 8 9 8 5 9 5 9 8 7 6 12 10 7 10 4 5 7 2 6 6 2 9 0 6 11 9 8 8 5 10 6 3 7 6 7 5 7 7 6 8 13 8 10 6 8 4 8 4 5 7 7 9 8 10 7 7 7 6 
6 8 9 10 6 7 10 6 11 5 13 8 8 18 12 6 11 13 5 6 11 13 6 7 9 15 3 11 14 10 13 7 12 10 10 5 4 9 7 6 3 7 9 11 2 5 7 8 8 7 8 9 6 11 5 10 12 12 9 13 5 4 11 5 7 6 5 9 8 8 14 12 10 9 14 5 8 9 10 11 5 11 14 8 13 9 11 7 5 11 7 7 9 10 10 10 8 10 7 10 15 11 9 7 2 7 10 7 15 10 7 9 9 11 14 5 9 7 11 8 9 13 10 10 11 9 14 13 8 10 13 11 11 11 11 7 10 15 6 8 6 8 10 13 12 6 7 7 15 16 8 4 9 6 12 15 10 11 8 3 8 10 12 1 9 8 10 12 10 13 12 13 3 11 6 8 10 12 14 12 11 8 12 6 6 10 6 7 9 7 13 5 8 10 9 9 11 10 8 5 
9 11 3 4 9 7 4 9 6 5 3 5 6 4 7 3 7 6 7 9 5 8 7 2 7 4 6 9 4 4 9 9 9 7 9 7 7 3 7 6 6 7 5 7 6 5 4 6 3 3 5 8 7 5 10 6 4 7 3 10 6 9 9 5 5 4 6 5 6 6 6 6 5 5 4 6 8 7 7 9 5 7 6 6 7 8 6 10 7 3 7 3 7 7 5 8 5 8 8 11 6 5 8 3 4 5 7 6 7 5 5 5 7 4 7 8 10 9 6 6 8 4 9 9 5 6 3 4 7 3 6 8 7 5 5 2 4 7 8 7 5 9 5 7 6 8 9 5 6 3 3 5 8 7 7 9 8 6 7 5 5 4 2 7 6 7 6 7 3 5 1 7 5 7 6 6 6 4 4 6 3 7 7 6 8 7 8 7 6 9 7 6 8 10 6 8 5 6 4 5 
2 2 2 2 2 3 3 0 2 1 1 1 3 1 2 2 1 2 2 3 2 3 2 2 1 2 2 3 2 3 2 2 1 2 2 0 3 2 3 2 2 1 2 1 3 1 2 2 1 2 3 2 2 2 1 2 1 2 1 2 2 1 2 1 2 2 2 3 2 2 2 2 3 2 3 2 3 2 1 2 1 2 2 3 3 1 1 2 2 2 2 3 2 2 2 1 2 2 2 3 2 1 1 2 2 3 2 2 2 1 2 3 2 2 2 1 1 2 2 2 2 2 3 1 2 2 2 1 1 3 2 1 2 2 1 1 2 1 1 1 2 2 1 2 4 2 2 2 3 3 4 2 1 2 1 1 2 3 3 2 3 2 2 3 2 1 2 2 3 2 1 2 3 1 2 1 2 2 2 3 1 2 2 3 3 2 1 2 3 1 3 2 3 2 2 0 2 2 1 2 
2 1 2 3 2 3 2 2 1 2 2 2 2 2 2 2 2 2 2 1 2 1 2 1 0 2 2 2 2 1 1 3 1 4 3 2 2 2 3 2 2 1 3 2 2 3 3 1 3 2 1 3 2 2 3 1 2 0 3 2 2 3 3 3 2 2 2 3 1 3 2 2 2 2 2 3 2 0 1 2 1 3 2 3 2 1 2 2 1 2 2 2 2 3 2 2 2 1 2 2 2 3 2 3 3 2 3 2 2 2 3 3 1 2 3 2 2 2 1 1 2 2 2 2 1 1 2 1 3 2 3 1 1 2 3 4 2 1 1 3 1 1 3 2 1 3 2 2 2 2 3 3 1 2 2 3 2 1 2 2 2 2 1 2 1 1 1 2 3 1 2 1 1 1 2 2 2 1 2 2 3 2 1 2 1 2 1 2 3 3 3 3 2 2 2 2 1 2 1 2 
8 7 5 6 6 3 5 5 1 3 5 6 4 3 4 6 5 5 4 3 3 4 5 3 5 3 3 3 3 3 1 6 5 3 3 3 5 3 5 5 2 2 3 4 5 4 3 4 5 2 2 4 4 2 3 6 5 6 6 3 5 5 3 3 2 4 4 4 6 2 4 6 4 5 4 6 6 5 4 5 6 3 6 5 3 4 5 6 3 4 6 3 6 2 6 1 5 4 3 2 2 3 4 3 6 7 5 5 3 4 4 5 2 8 4 4 5 5 4 5 3 3 7 1 3 2 5 3 5 3 4 3 4 7 4 4 4 4 2 5 4 5 3 4 4 6 5 4 6 1 6 7 4 5 6 6 2 1 5 4 4 2 4 4 4 3 4 4 5 4 3 4 5 5 4 2 4 7 4 3 4 3 2 4 4 3 5 4 5 2 3 6 5 3 2 1 4 4 2 5 
9 6 9 5 5 9 8 4 4 5 4 2 5 4 5 6 7 4 4 6 4 4 3 3 6 0 6 3 6 4 5 6 6 1 3 3 5 4 4 5 6 5 6 5 5 8 5 4 2 6 2 6 4 7 6 5 4 4 6 6 5 7 6 5 7 4 4 7 3 4 4 4 4 5 3 7 3 6 7 3 5 7 7 3 7 6 6 2 4 5 7 5 8 7 4 7 4 7 3 6 3 7 7 4 2 4 5 5 5 7 8 2 5 4 5 3 7 7 4 6 3 2 4 6 4 3 6 5 3 8 7 7 5 6 7 4 5 6 5 6 3 6 6 3 6 5 6 2 5 4 7 4 3 5 4 8 4 5 4 5 7 3 6 5 7 7 4 6 6 4 6 5 6 4 6 7 4 5 7 6 7 6 5 6 9 6 4 6 3 6 5 7 5 6 2 5 4 5 4 3 
8 11 18 8 11 4 5 17 13 18 8 10 12 7 10 11 11 10 8 9 11 8 11 14 15 9 7 8 12 13 1 13 6 5 13 12 13 14 10 7 7 10 4 6 7 10 10 5 10 14 9 7 12 16 13 6 7 15 15 4 12 11 13 7 11 11 5 13 9 14 17 14 9 12 11 7 8 11 15 12 13 7 7 11 9 8 9 10 12 12 11 8 17 9 10 6 10 9 3 12 12 8 12 11 5 4 12 15 15 11 13 10 10 9 10 14 10 5 12 9 7 12 10 8 14 13 11 17 14 12 14 13 10 8 11 9 9 10 16 9 4 7 12 7 12 12 10 10 6 14 12 12 10 12 13 13 8 11 9 12 10 11 11 14 5 8 4 13 9 15 9 7 9 5 12 13 14 5 12 14 15 10 10 8 13 6 5 7 7 12 6 12 0 8 7 11 8 11 9 13 
8 9 10 7 8 3 12 11 7 6 10 3 8 9 6 5 9 8 14 6 13 8 5 10 4 10 6 11 6 12 3 11 7 9 13 8 10 8 7 10 9 4 8 7 10 10 5 13 12 8 5 4 9 16 11 15 12 4 8 9 18 8 12 12 3 8 8 7 6 5 8 8 7 3 9 9 3 6 17 10 5 12 4 12 10 6 6 7 6 7 7 13 14 9 7 7 9 10 10 10 7 8 8 12 11 7 10 9 7 12 9 9 9 10 12 11 9 9 14 10 10 9 9 1 12 6 8 8 13 6 7 10 14 5 13 8 6 7 12 8 6 7 13 7 11 7 10 9 8 5 12 8 7 6 10 14 9 8 11 8 19 11 8 9 8 7 10 9 11 8 14 10 8 3 5 13 9 8 10 5 11 11 14 9 8 7 6 10 6 12 8 7 9 9 10 10 11 6 10 10 
10 6 10 11 11 16 9 9 10 7 10 2 7 7 8 7 6 8 12 6 8 11 9 9 15 11 7 11 10 9 6 7 9 10 8 7 12 9 5 12 5 11 5 8 9 10 8 8 14 10 9 5 3 8 12 10 8 7 3 7 4 4 6 8 2 6 7 12 9 9 12 11 11 8 9 9 11 9 11 6 7 10 5 5 9 8 8 11 8 4 8 6 9 9 6 2 5 6 7 10 5 7 14 6 7 10 8 13 5 5 5 9 7 13 8 12 11 5 11 11 15 6 6 9 10 10 5 11 9 5 10 7 7 9 9 7 4 4 11 5 10 8 9 8 5 7 4 7 6 6 0 5 11 7 3 10 7 3 10 10 9 8 6 12 6 14 11 9 7 8 8 9 12 8 7 6 8 10 6 3 10 7 10 6 8 9 11 6 6 7 7 9 7 8 9 2 9 9 6 9 
