NAME  : Jabali_70_2_0.95_1_1
TYPE : SVRP
MODEL : FINITE_SUPPORT
NUMBER_OF_SCENARIOS : 200
DIMENSION : 70
EDGE_WEIGHT_TYPE : MATRIX
CAPACITY : 209
N_VEHICLES : 2
NODE_COORD_SECTION
1 4093 3361
2 6379 2400
3 4316 2116
4 711 2147
5 1497 720
6 3509 5049
7 3575 925
8 2806 7150
9 7131 4658
10 6758 6360
11 1560 2890
12 3381 2548
13 4774 5662
14 5745 251
15 5294 1983
16 6110 5190
17 4621 18
18 4540 3224
19 4068 1192
20 6456 1055
21 5870 6398
22 292 2102
23 2668 5199
24 3840 2433
25 6926 7199
26 1597 3360
27 5888 428
28 5858 2666
29 5977 2856
30 2229 1228
31 1509 6926
32 3810 2299
33 3819 7023
34 1234 2040
35 4644 2107
36 230 2767
37 5582 1157
38 4046 2842
39 27 978
40 1441 4681
41 5930 4090
42 27 1269
43 4084 149
44 7689 5563
45 193 1260
46 2488 545
47 3363 6088
48 378 4598
49 5468 890
50 2823 6239
51 1008 4156
52 5310 1042
53 5341 4939
54 856 6116
55 2196 3577
56 323 2630
57 631 5527
58 4399 7052
59 1526 4473
60 4198 4586
61 5281 5446
62 3122 4474
63 6979 1823
64 4815 3374
65 4776 3030
66 669 1807
67 3719 2977
68 7218 6947
69 5189 984
70 2028 2020
DEMAND_SECTION
1 0.0
2 6.0
3 1.0
4 7.0
5 7.0
6 4.0
7 7.0
8 10.0
9 8.0
10 10.0
11 8.0
12 4.0
13 3.0
14 8.0
15 3.0
16 4.0
17 1.0
18 2.0
19 6.0
20 7.0
21 4.0
22 8.0
23 3.0
24 8.0
25 4.0
26 10.0
27 8.0
28 1.0
29 4.0
30 6.0
31 1.0
32 2.0
33 1.0
34 8.0
35 5.0
36 10.0
37 10.0
38 2.0
39 8.0
40 5.0
41 3.0
42 9.0
43 3.0
44 8.0
45 4.0
46 8.0
47 4.0
48 5.0
49 8.0
50 8.0
51 8.0
52 1.0
53 7.0
54 9.0
55 4.0
56 10.0
57 7.0
58 6.0
59 1.0
60 9.0
61 9.0
62 5.0
63 3.0
64 5.0
65 9.0
66 4.0
67 7.0
68 10.0
69 6.0
70 4.0
DEVIATION_SECTION
1 0.0
2 2.0
3 0.333333
4 2.33333
5 2.33333
6 1.33333
7 2.33333
8 3.33333
9 2.66667
10 3.33333
11 2.66667
12 1.33333
13 1.0
14 2.66667
15 1.0
16 1.33333
17 0.333333
18 0.666667
19 2.0
20 2.33333
21 1.33333
22 2.66667
23 1.0
24 2.66667
25 1.33333
26 3.33333
27 2.66667
28 0.333333
29 1.33333
30 2.0
31 0.333333
32 0.666667
33 0.333333
34 2.66667
35 1.66667
36 3.33333
37 3.33333
38 0.666667
39 2.66667
40 1.66667
41 1.0
42 3.0
43 1.0
44 2.66667
45 1.33333
46 2.66667
47 1.33333
48 1.66667
49 2.66667
50 2.66667
51 2.66667
52 0.333333
53 2.33333
54 3.0
55 1.33333
56 3.33333
57 2.33333
58 2.0
59 0.333333
60 3.0
61 3.0
62 1.66667
63 1.0
64 1.66667
65 3.0
66 1.33333
67 2.33333
68 3.33333
69 2.0
70 1.33333
DISTANCE_MATRIX
0.0 33.5261 16.7631 50.4506 51.8882 26.5694 33.1779 55.6183 44.8011 55.9017 36.4627 14.4222 40.023 47.4342 24.7588 37.6032 45.607 6.08276 29.1548 44.8219 50.0906 55.4581 31.4442 13.1529 66.1895 34.3657 46.4004 25.9615 26.4764 43.0116 59.8168 14.1421 52.7773 44.1051 18.3576 53.6532 36.2353 7.0 63.6254 39.8497 26.8328 61.9168 43.2897 57.3482 62.2195 44.8645 40.4904 52.9528 38.0132 43.7809 43.2897 36.0555 29.5694 57.2456 26.0768 53.1665 55.0364 56.8124 38.3275 26.8328 35.7889 20.1246 44.3847 9.05539 9.48683 52.1614 7.2111 65.9711 35.5106 33.6327 
33.5261 0.0 27.6586 77.1038 68.4471 51.1664 41.8808 80.9112 32.7567 54.0093 66.0076 40.05 47.5857 29.4279 15.6525 37.855 39.4462 27.5136 34.6699 18.2483 53.6004 82.201 62.7743 34.1321 63.1269 66.1896 27.2947 7.61577 7.81025 56.648 89.5851 34.2345 71.8687 70.2399 23.7697 83.2166 20.1246 32.1403 86.977 73.3757 23.4094 86.0233 42.638 46.8402 86.6834 56.9386 65.5994 86.3481 23.2594 70.4557 76.4853 23.3238 36.7151 90.6125 58.5491 82.2982 88.4481 65.8967 71.8401 39.0289 42.9418 53.527 11.4018 25.4951 24.0416 78.119 36.2215 65.0077 23.8537 59.2848 
16.7631 27.6586 0.0 49.5009 41.881 40.9558 18.7883 70.0048 50.9902 65.3911 39.3192 13.6015 49.6934 31.8277 13.0384 47.0106 28.8617 15.0333 13.1529 32.311 59.761 54.5965 45.8306 7.61577 75.6439 40.6108 31.1448 21.9317 23.7065 29.5718 74.2033 7.28011 73.9763 42.6348 4.0 56.0 21.6333 10.2956 59.7658 51.4283 33.8378 58.7572 27.0 64.8151 59.4126 31.8277 54.8769 63.2535 22.6716 58.1673 53.11 20.5183 39.2397 70.8378 34.8282 55.0091 67.4668 69.0771 49.568 36.5032 45.4593 34.5111 36.0139 17.4642 13.6015 50.5139 13.4536 75.6108 19.799 31.6797 
50.4506 77.1038 49.5009 0.0 21.2603 54.037 42.2019 73.3757 94.7661 102.116 15.6205 37.6431 72.0905 72.7805 62.3399 85.339 59.808 54.6475 47.3814 79.1581 92.1443 5.09902 49.1935 43.1741 111.627 20.5913 73.3485 70.8308 72.2772 24.0416 66.1211 42.9535 76.9415 7.0 53.4699 9.89949 67.1863 46.8188 17.088 35.5106 76.7416 14.3178 52.9245 107.418 13.8924 31.3847 63.5295 33.9559 66.4831 62.3939 28.0179 64.3817 75.5328 54.1479 27.6586 8.48528 46.3897 81.3451 33.7343 56.8803 77.8325 45.4533 85.2115 58.2311 56.648 4.0 43.4671 109.689 63.3877 18.1108 
51.8882 68.4471 41.881 21.2603 0.0 66.3777 27.6586 86.5894 92.6699 107.358 28.2843 38.4352 84.4055 57.0 52.8015 89.059 42.2966 54.9183 34.4819 65.9242 108.221 24.2074 61.1204 41.7409 117.645 34.2345 58.0345 63.6318 65.5134 12.7279 82.6075 40.7526 88.4624 17.4642 45.2769 31.1448 54.1295 47.8249 20.0 51.6236 75.2778 20.2237 35.2278 106.371 21.3776 13.0 75.0813 53.7122 52.6118 74.9535 45.8803 50.8035 81.0252 72.2772 38.4031 29.7321 65.146 94.1619 49.4975 70.4028 93.9091 56.2074 74.3303 57.9293 54.393 18.4391 44.8857 117.427 49.8197 18.4391 
26.5694 51.1664 40.9558 54.037 66.3777 0.0 54.5371 30.4631 49.0918 48.053 38.4187 32.8559 18.0278 72.7012 49.3236 34.9285 68.6146 34.7734 51.2318 66.6026 38.0816 58.0517 12.1655 34.6239 57.5645 33.9411 71.8811 43.9386 43.3584 57.5012 38.4187 35.5136 26.3801 50.2667 43.5668 53.9073 61.9484 30.8448 70.5384 28.8617 34.7131 68.0303 65.0182 57.28 67.8012 67.3464 14.5602 42.9535 63.4023 19.4165 35.8469 61.3193 24.1868 39.8497 26.4008 53.8145 40.1995 30.2431 28.4605 12.2066 23.7697 8.60233 62.5674 31.3848 35.0407 57.2014 27.5752 55.6259 60.6608 47.3627 
33.1779 41.8808 18.7883 42.2019 27.6586 54.5371 0.0 83.586 69.2026 84.1724 38.2818 23.7831 68.8284 30.5941 26.4008 65.7951 18.6011 33.2415 7.2111 38.3275 78.4594 46.8722 59.3304 20.224 94.4299 43.0467 31.257 38.2099 40.3113 18.2483 87.5462 19.2357 80.745 35.4401 20.8087 50.9215 26.4764 26.1914 47.3814 60.0937 52.4786 47.0956 12.8062 83.2346 48.0416 15.2315 68.4581 65.9147 25.0799 71.7486 56.3597 23.1948 57.9381 83.7205 51.3366 49.6488 75.2932 84.7801 57.8649 54.8005 64.1577 48.0814 46.8188 36.0555 32.311 41.4367 27.4708 94.3398 22.2036 25.9422 
55.6183 80.9112 70.0048 73.3757 86.5894 30.4631 83.586 0.0 65.9242 53.0848 59.2284 61.9049 34.8799 103.451 79.7867 50.1597 97.6636 65.2365 80.2808 97.0657 41.3038 75.9605 26.0 63.6728 58.3095 53.3667 101.897 75.0103 73.6119 79.2881 18.4391 64.5626 14.1421 71.5891 72.6157 69.3542 91.7521 59.8937 90.4434 38.4838 58.9124 87.5957 94.0671 68.0661 86.977 89.1333 16.1245 47.634 94.3445 12.0416 46.9574 92.8951 45.5269 30.5287 49.163 69.857 36.8782 21.0238 39.9249 42.6696 42.202 35.6931 91.7791 61.8479 65.5038 77.201 56.6241 53.6004 89.7098 69.1496 
44.8011 32.7567 50.9902 94.7661 92.6699 49.0918 69.2026 65.9242 0.0 23.4094 81.3114 58.0086 34.7131 62.1691 44.2945 15.8114 71.3092 40.2244 62.426 50.1597 28.2843 99.7735 61.0082 53.9073 31.1448 78.0477 60.0167 32.2025 29.9666 80.3607 81.9863 54.5619 52.3259 88.4206 48.4149 98.1155 52.4976 48.6004 107.951 77.6466 18.0278 106.231 73.3553 14.3178 106.535 82.807 54.1525 91.7878 55.6597 61.4305 83.7437 55.3624 25.0 87.4643 69.5754 98.0152 89.0056 46.6476 76.9415 40.2616 27.6586 54.9181 39.0512 36.6197 39.0512 96.4769 51.3128 33.9559 55.7136 77.9359 
55.9017 54.0093 65.3911 102.116 107.358 48.053 84.1724 53.0848 23.4094 0.0 86.4717 69.3925 30.1773 83.0963 62.3699 18.3848 90.0278 51.7048 78.1857 72.111 12.1655 106.351 58.3212 66.0861 10.2956 81.9941 81.0555 51.3517 49.2544 98.481 71.007 66.8984 39.0128 98.3197 63.9062 101.96 72.4431 60.1771 118.591 76.4147 32.7567 116.083 90.802 16.6433 115.855 96.3937 46.3249 90.2102 75.5381 52.7731 83.8024 74.8131 27.8029 80.0625 74.4538 101.867 83.678 32.0624 76.2593 45.8849 24.8395 56.6553 61.8142 48.3162 51.8941 105.269 62.4853 11.0 74.9667 89.102 
36.4627 66.0076 39.3192 15.6205 28.2843 38.4187 38.2818 59.2284 81.3114 86.4717 0.0 26.0192 56.4465 68.0904 52.345 69.7356 56.8301 42.1534 42.1388 71.0634 76.5003 19.8494 34.176 32.0624 95.9833 6.0 67.8207 59.1354 60.2993 23.0217 54.3323 32.1403 61.7414 12.3693 43.2897 17.72 59.5035 34.2345 32.249 23.3452 63.0392 29.6816 50.53 91.8149 29.4109 32.7567 48.3322 27.6586 59.7004 47.8017 18.3576 57.4647 59.9293 44.2719 12.0416 17.088 37.5766 65.9694 21.2132 41.2769 62.1885 29.8329 75.2396 45.4689 43.8084 18.868 30.5203 94.0446 56.5659 12.8062 
14.4222 40.05 13.6015 37.6431 38.4352 32.8559 23.7831 61.9049 58.0086 69.3925 26.0192 0.0 50.8837 44.2041 26.4764 51.094 37.9248 17.8045 20.479 45.8803 63.5815 42.72 37.6342 6.08276 79.6803 27.0332 43.8292 33.3766 34.7131 29.5586 65.85 6.32456 59.0639 31.0161 17.4642 43.1856 34.8855 9.43398 50.1889 42.6008 40.0 48.4699 34.3999 70.8378 48.805 35.4696 46.777 50.3639 35.5106 50.0674 40.2528 33.2866 43.0602 62.0244 26.0007 42.2966 58.6393 63.099 40.7405 33.1194 49.2797 26.409 49.2544 21.4009 19.2354 39.0 7.2111 79.462 32.45 20.2025 
40.023 47.5857 49.6934 72.0905 84.4055 18.0278 68.8284 34.8799 34.7131 30.1773 56.4465 50.8837 0.0 72.8927 49.6752 19.105 76.6066 35.8261 62.7452 64.9318 20.2059 76.0795 28.1603 50.2074 39.6888 51.9689 71.1771 41.6848 40.2864 75.5289 47.2949 51.0197 33.2422 68.2944 48.8102 71.9351 61.3076 44.2984 88.5661 46.2385 25.4951 86.058 76.104 40.4475 85.8302 80.5149 19.4411 60.0833 64.0896 26.7191 53.6656 63.4847 11.4018 53.0377 44.4285 71.8423 55.3263 28.343 46.0977 30.2343 7.07107 26.6301 58.4536 32.4375 36.0934 75.2433 45.6029 37.7502 63.2808 65.3904 
47.4342 29.4279 31.8277 72.7805 57.0 72.7012 30.5941 103.451 62.1691 83.0963 68.0904 44.2041 72.8927 0.0 23.7697 66.0681 15.8114 43.4166 26.0 13.6015 81.3941 77.4661 77.5761 38.9487 92.4392 70.0905 2.23607 32.0624 34.0147 48.8365 105.949 38.2884 98.3237 65.9697 29.2062 81.3204 11.7047 41.8688 77.0 83.183 51.0882 77.0584 22.3607 76.1577 78.1025 44.0 87.5482 93.4212 9.43398 89.9128 83.3102 11.4018 62.3699 102.607 71.7713 80.0812 99.2215 92.2764 81.3227 60.8506 68.6586 66.2565 26.0768 43.8634 40.2492 72.0069 45.2769 94.0851 12.0416 55.9732 
24.7588 15.6525 13.0384 62.3399 52.8015 49.3236 26.4008 79.7867 44.2945 62.3699 52.345 26.4764 49.6752 23.7697 0.0 44.4072 27.6586 20.0 19.2094 20.2485 59.0085 67.4018 55.8299 20.3961 72.2772 53.5027 22.3607 12.2066 14.4222 41.1096 84.2025 20.2237 74.6593 55.3602 9.05539 69.0072 12.083 20.5913 71.4703 63.0635 29.6142 70.6045 29.0689 58.5918 71.3092 41.3401 63.8838 75.0408 14.5602 68.7401 64.8973 13.1529 39.2046 81.6088 46.6155 68.0 78.8923 69.0589 61.2699 37.1861 45.3982 44.5103 23.0 20.1246 16.6433 62.8013 24.5967 73.1642 13.0384 44.5187 
37.6032 37.855 47.0106 85.339 89.059 34.9285 65.7951 50.1597 15.8114 18.3848 69.7356 51.094 19.105 66.0681 44.4072 0.0 72.0069 33.4063 59.808 56.0892 15.8114 89.5738 46.3897 47.7876 28.6356 66.4719 64.1249 34.0147 32.0624 80.1824 66.2125 48.5999 36.7151 81.543 45.5412 86.6304 55.0091 41.8786 100.796 63.7887 15.0 99.0876 72.5328 22.4722 99.0787 78.0748 38.5176 77.8781 58.0345 45.7956 70.7754 57.1402 11.1803 72.111 57.9837 86.2365 74.108 31.4006 63.389 28.4587 12.0416 42.6391 47.1699 30.0177 33.541 88.4918 44.1868 28.8617 57.2189 70.8035 
45.607 39.4462 28.8617 59.808 42.2966 68.6146 18.6011 97.6636 71.3092 90.0278 56.8301 37.9248 76.6066 15.8114 27.6586 72.0069 0.0 43.4166 17.4929 28.0179 86.2844 64.195 73.3951 34.0147 99.925 61.595 17.4642 39.2173 41.4367 35.8469 101.688 33.1059 100.89 53.3104 28.1603 68.942 19.4165 38.8973 62.2013 78.4387 57.2713 62.514 7.07107 85.6154 63.6396 29.4279 82.5357 84.463 16.4012 85.8262 74.908 16.1245 66.0317 97.8623 65.4783 67.624 94.4772 95.9903 76.5784 63.4164 72.2513 62.1691 39.6232 45.0999 41.1096 58.5235 41.2311 100.807 15.6525 44.4185 
6.08276 27.5136 15.0333 54.6475 54.9183 34.7734 33.2415 65.2365 40.2244 51.7048 42.1534 17.8045 35.8261 43.4166 20.0 33.4063 43.4166 0.0 28.1603 39.6232 45.8938 59.6549 37.341 14.4222 61.9926 40.1995 42.19 19.9249 20.3961 42.6091 65.7136 15.2643 60.1091 48.3011 15.2971 59.3076 31.9061 8.48528 67.76 45.8803 22.2036 66.0379 42.0119 53.0754 66.3702 45.0879 49.3336 59.0339 34.0 54.1899 49.366 32.2025 25.3725 63.1424 32.0156 58.5385 60.9425 55.2099 44.3847 22.636 31.592 26.0214 38.4838 3.60555 3.60555 56.356 11.1803 61.7743 31.7805 37.7359 
29.1548 34.6699 13.1529 47.3814 34.4819 51.2318 7.2111 80.2808 62.426 78.1857 42.1388 20.479 62.7452 26.0 19.2094 59.808 17.4929 28.1603 0.0 32.0156 72.8129 52.2398 56.0188 16.7631 88.3912 46.1015 26.2488 31.1127 33.2415 24.0208 84.2421 15.8114 77.4398 40.4475 14.3178 55.5428 20.025 22.2036 53.9351 60.9928 46.0652 53.4603 14.1421 76.5506 54.3323 22.3607 65.1528 69.4322 19.105 68.4433 59.3212 17.0294 52.2916 80.4165 48.0325 54.3415 77.0314 82.129 59.1326 49.555 58.5111 44.7772 39.8497 30.5941 26.6833 47.0425 24.0416 88.5438 16.0312 30.0832 
44.8219 18.2483 32.311 79.1581 65.9242 66.6026 38.3275 97.0657 50.1597 72.111 71.0634 45.8803 64.9318 13.6015 20.2485 56.0892 28.0179 39.6232 32.0156 0.0 71.8053 84.0952 76.0364 39.9249 81.0062 72.7803 11.4018 23.2594 24.6982 56.0357 104.409 39.5601 89.2147 72.1734 28.6356 86.8369 12.0 40.8167 85.7088 83.2406 41.4849 85.3756 33.541 63.7887 86.2844 53.1507 81.1628 95.106 13.3417 86.0191 84.9625 15.1327 54.231 101.833 66.6807 85.7088 99.1262 84.3155 81.4125 54.4652 60.5392 64.7168 12.53 38.9487 36.0694 79.0063 44.7772 83.0963 16.1245 61.4003 
50.0906 53.6004 59.761 92.1443 108.221 38.0816 78.4594 41.3038 28.2843 12.1655 76.5003 63.5815 20.2059 81.3941 59.0085 15.8114 86.2844 45.8938 72.8129 71.8053 0.0 96.1333 47.1791 60.2751 20.2485 72.0227 79.511 49.366 47.5184 99.3444 59.0085 61.0874 27.1662 88.3483 58.8558 91.9889 70.1142 54.366 108.62 65.2234 30.4138 106.112 86.1452 26.9258 105.884 90.5826 34.2053 78.1523 73.0616 40.6079 73.831 72.0069 20.6155 67.897 64.4824 91.8961 71.5681 20.3961 65.6815 39.1897 15.6525 46.6839 62.9682 42.5052 46.1611 95.2971 56.6742 17.6918 72.0 89.9655 
55.4581 82.201 54.5965 5.09902 24.2074 58.0517 46.8722 75.9605 99.7735 106.351 19.8494 42.72 76.0795 77.4661 67.4018 89.5738 64.195 59.6549 52.2398 84.0952 96.1333 0.0 52.4786 48.2701 115.616 24.2074 78.0897 75.9276 77.3692 28.6356 67.6018 48.0521 80.2621 12.0416 58.5655 8.24621 72.111 51.8652 15.0333 37.6431 81.7491 12.0416 57.2451 111.653 11.1803 35.3412 66.888 34.1321 71.3442 65.307 29.6142 69.2604 79.7676 55.0091 31.8277 7.07107 47.0106 84.8764 36.0555 61.1151 81.8214 49.5177 90.2718 63.2385 61.6847 5.83095 48.4746 113.678 68.2642 23.1948 
31.4442 62.7743 45.8306 49.1935 61.1204 12.1655 59.3304 26.0 61.0082 58.3212 34.176 37.6342 28.1603 77.5761 55.8299 46.3897 73.3951 37.341 56.0188 76.0364 47.1791 52.4786 0.0 39.4462 67.0345 28.6356 76.7559 55.5466 54.9663 53.8192 28.4253 40.3113 27.7849 46.4866 48.4416 47.0106 66.8232 35.7196 66.2118 18.3576 46.8722 63.5059 69.9471 68.4471 63.0635 63.6644 14.4222 31.9531 68.2771 14.0357 26.4008 66.1941 36.0139 27.8568 23.3452 47.2017 28.0713 32.6497 18.6011 23.7697 34.7131 11.4018 74.1753 42.9928 40.8751 52.8015 32.45 63.4416 65.5357 43.6807 
13.1529 34.1321 7.61577 43.1741 41.7409 34.6239 20.224 63.6728 53.9073 66.0861 32.0624 6.08276 50.2074 38.9487 20.3961 47.7876 34.0147 14.4222 16.7631 39.9249 60.2751 48.2701 39.4462 0.0 76.3739 33.1078 38.4187 27.6586 29.1204 29.4317 67.6757 1.0 60.8318 36.4005 11.4018 49.0918 29.1548 6.32456 55.4423 44.4267 36.0694 53.7233 30.8058 67.1789 54.0583 31.9106 48.5449 56.2519 30.0 51.8354 46.1084 27.8029 39.7538 63.8503 27.8266 48.1664 60.4652 64.8669 42.5664 34.8873 45.9733 28.1791 43.1856 17.8045 14.8661 44.2901 7.28011 76.1556 27.0185 25.4558 
66.1895 63.1269 75.6439 111.627 117.645 57.5645 94.4299 58.3095 31.1448 10.2956 95.9833 79.6803 39.6888 92.4392 72.2772 28.6356 99.925 61.9926 88.3912 81.0062 20.2485 115.616 67.0345 76.3739 0.0 91.5056 90.3549 61.0 58.8558 108.769 76.6551 77.1862 44.7214 107.831 74.0945 111.472 82.0366 70.4649 128.103 85.0787 42.72 125.595 100.881 20.1246 125.367 106.681 53.8516 98.0077 85.1587 59.7746 93.347 84.5281 38.0132 86.8332 83.9653 111.379 91.0824 37.6563 85.5369 56.1494 34.6554 66.1668 70.1783 58.6041 62.1691 114.78 72.7731 5.38516 84.7231 99.3898 
34.3657 66.1896 40.6108 20.5913 34.2345 33.9411 43.0467 53.3667 78.0477 81.9941 6.0 27.0332 51.9689 70.0905 53.5027 66.4719 61.595 40.1995 46.1015 72.7803 72.0227 24.2074 28.6356 33.1078 91.5056 0.0 69.8681 59.0339 60.0 28.178 48.3735 33.3339 56.356 18.2483 44.4971 20.2485 61.4809 34.0588 37.5766 17.4642 60.7133 34.8855 55.295 88.5512 34.4819 38.0132 42.9418 23.4307 61.7434 42.0595 13.4536 59.5085 56.6656 38.6264 8.544 20.0 32.249 60.7454 15.2971 38.0132 57.7109 25.4951 76.1729 43.4166 43.0465 24.1661 30.0167 89.567 58.6133 17.8885 
46.4004 27.2947 31.1448 73.3485 58.0345 71.8811 31.257 101.897 60.0167 81.0555 67.8207 43.8292 71.1771 2.23607 22.3607 64.1249 17.4642 42.19 26.2488 11.4018 79.511 78.0897 76.7559 38.4187 90.3549 69.8681 0.0 30.1496 32.0624 49.4975 105.129 37.8021 96.7698 66.4906 28.3196 81.7435 10.2956 41.0366 78.0256 82.5587 49.163 78.0064 23.7697 73.9797 79.0253 45.0444 85.9944 93.1022 8.48528 89.0926 82.9911 10.6301 60.6383 101.98 71.7024 80.5233 98.5972 90.5609 80.6985 59.2967 66.9403 65.4364 23.8537 42.4853 38.9487 72.6911 44.5533 92.0489 11.4018 56.3205 
25.9615 7.61577 21.9317 70.8308 63.6318 43.9386 38.2099 75.0103 32.2025 51.3517 59.1354 33.3766 41.6848 32.0624 12.2066 34.0147 39.2173 19.9249 31.1127 23.2594 49.366 75.9276 55.5466 27.6586 61.0 59.0339 30.1496 0.0 2.23607 51.4296 82.3574 27.8927 65.9678 64.0312 18.3576 76.531 21.095 25.0 81.6236 65.8027 19.0263 80.615 41.1825 46.5188 81.2704 52.8015 58.1607 78.8543 24.1868 63.3551 69.0507 23.5372 31.0161 83.3848 51.2445 75.6637 80.8467 61.0686 64.2884 31.8012 37.3363 45.9255 18.868 17.8885 16.4924 71.9108 29.0172 62.2896 23.7697 53.0766 
26.4764 7.81025 23.7065 72.2772 65.5134 43.3584 40.3113 73.6119 29.9666 49.2544 60.2993 34.7131 40.2864 34.0147 14.4222 32.0624 41.4367 20.3961 33.2415 24.6982 47.5184 77.3692 54.9663 29.1204 58.8558 60.0 32.0624 2.23607 0.0 53.2476 81.7771 29.4109 64.5694 65.521 20.2485 77.7817 23.1948 26.0768 83.4416 66.2193 17.1172 82.433 43.4166 44.2832 83.1768 54.8179 57.8268 79.4292 26.3059 62.6831 69.7209 25.7099 29.5466 82.8045 52.0865 76.9415 81.1894 59.0163 64.7611 31.2209 35.8469 46.2683 19.2094 18.0278 17.1172 73.4086 30.0167 60.208 25.9615 54.5743 
43.0116 56.648 29.5718 24.0416 12.7279 57.5012 18.2483 79.2881 80.3607 98.481 23.0217 29.5586 75.5289 48.8365 41.1096 80.1824 35.8469 42.6091 24.0208 56.0357 99.3444 28.6356 53.8192 29.4317 108.769 28.178 49.4975 51.4296 53.2476 0.0 75.6889 28.4434 81.1611 17.4642 33.1059 33.1059 44.0454 35.3991 30.3645 45.31 62.9686 29.6142 29.0689 94.0614 30.4138 9.84886 67.78 50.6063 43.0116 67.6522 41.3401 41.0 72.1486 66.7083 31.1018 31.7805 60.4152 85.2854 43.0813 61.5263 85.0326 48.9062 63.3482 45.6201 42.0838 23.1948 36.0092 108.55 40.0 10.2956 
59.8168 89.5851 74.2033 66.1211 82.6075 38.4187 87.5462 18.4391 81.9863 71.007 54.3323 65.85 47.2949 105.949 84.2025 66.2125 101.688 65.7136 84.2421 104.409 59.0085 67.6018 28.4253 67.6757 76.6551 48.3735 105.129 82.3574 81.7771 75.6889 0.0 68.5055 32.0624 66.0681 76.8142 60.0167 95.1959 64.0922 82.6075 31.0644 71.2997 79.6304 98.163 85.3756 78.7718 85.5341 27.8568 35.1141 96.6498 20.6155 38.1182 94.5668 57.9396 14.4222 47.1275 60.8276 22.3607 39.1152 33.1361 50.6253 54.3614 39.8246 100.986 69.8036 69.2478 70.1142 60.803 72.0069 93.9083 65.5504 
14.1421 34.2345 7.28011 42.9535 40.7526 35.5136 19.2357 64.5626 54.5619 66.8984 32.1403 6.32456 51.0197 38.2884 20.2237 48.5999 33.1059 15.2643 15.8114 39.5601 61.0874 48.0521 40.3113 1.0 77.1862 33.3339 37.8021 27.8927 29.4109 28.4434 68.5055 0.0 61.7216 36.1386 11.1803 49.0408 28.6531 7.28011 55.1704 45.2778 36.7696 53.4514 29.8329 67.897 53.7864 30.9222 49.4347 57.1031 29.4109 52.7251 46.9596 27.2029 40.5661 64.7015 28.6778 48.0937 61.3164 65.7567 43.4176 35.7771 46.7856 29.0689 43.1045 18.6011 15.5563 44.0182 8.24621 76.9678 26.4008 25.1839 
52.7773 71.8687 73.9763 76.9415 88.4624 26.3801 80.745 14.1421 52.3259 39.0128 61.7414 59.0639 33.2422 98.3237 74.6593 36.7151 100.89 60.1091 77.4398 89.2147 27.1662 80.2621 27.7849 60.8318 44.7214 56.356 96.7698 65.9678 64.5694 81.1611 32.0624 61.7216 0.0 73.9256 73.0931 74.6324 86.6247 57.0527 93.9149 44.5982 47.5236 91.2414 91.2261 53.9351 90.824 91.0063 13.4164 56.2228 89.2171 16.4012 53.1507 87.7677 34.7481 42.3792 50.3289 74.8866 47.4131 7.07107 45.4533 38.5866 28.8213 33.7343 82.7366 56.7205 60.3764 80.4984 53.7831 40.2616 87.5638 71.0226 
44.1051 70.2399 42.6348 7.0 17.4642 50.2667 35.4401 71.5891 88.4206 98.3197 12.3693 31.0161 68.2944 65.9697 55.3602 81.543 53.3104 48.3011 40.4475 72.1734 88.3483 12.0416 46.4866 36.4005 107.831 18.2483 66.4906 64.0312 65.521 17.4642 66.0681 36.1386 73.9256 0.0 46.6038 15.6525 60.208 40.3113 20.6155 35.0143 70.3961 18.3848 46.5188 101.021 18.4391 25.6125 60.5392 36.2491 59.5399 60.1664 28.6356 57.4282 71.7367 55.109 23.8674 14.3178 47.8017 78.0509 33.0 53.0843 74.0364 41.6717 78.2304 51.8855 50.1597 8.06226 37.1214 105.893 56.4358 11.1803 
18.3576 23.7697 4.0 53.4699 45.2769 43.5668 20.8087 72.6157 48.4149 63.9062 43.2897 17.4642 48.8102 29.2062 9.05539 45.5412 28.1603 15.2971 14.3178 28.6356 58.8558 58.5655 48.4416 11.4018 74.0945 44.4971 28.3196 18.3576 20.2485 33.1059 76.8142 11.1803 73.0931 46.6038 0.0 60.0 18.4391 12.7279 63.3251 54.7083 31.7648 62.3164 27.2947 62.426 62.9719 34.7131 57.4878 66.5337 19.8494 60.7783 56.3902 17.8045 38.3565 73.8783 38.1084 59.0085 70.7248 68.1939 52.8394 35.62 44.5761 37.122 32.0156 17.0 13.0 54.3364 16.4012 74.3303 17.2047 35.6487 
53.6532 83.2166 56.0 9.89949 31.1448 53.9073 50.9215 69.3542 98.1155 101.96 17.72 43.1856 71.9351 81.3204 69.0072 86.6304 68.942 59.3076 55.5428 86.8369 91.9889 8.24621 47.0106 49.0918 111.472 20.2485 81.7435 76.531 77.7817 33.1059 60.0167 49.0408 74.6324 15.6525 60.0 0.0 74.9667 51.788 23.0217 30.8707 80.2296 20.025 62.1691 108.732 19.0 41.0488 61.4003 26.0192 74.5252 59.1692 22.4722 72.3671 76.8241 47.0956 28.6531 1.41421 39.0128 79.6492 29.5296 58.1936 77.6771 45.607 92.0054 62.6594 61.4154 13.0384 48.1272 109.206 71.3863 25.4951 
36.2353 20.1246 21.6333 67.1863 54.1295 61.9484 26.4764 91.7521 52.4976 72.4431 59.5035 34.8855 61.3076 11.7047 12.083 55.0091 19.4165 31.9061 20.025 12.0 70.1142 72.111 66.8232 29.1548 82.0366 61.4809 10.2956 21.095 23.1948 44.0454 95.1959 28.6531 86.6247 60.208 18.4391 74.9667 0.0 31.1448 73.8241 73.0206 40.0125 73.437 23.4307 66.7308 74.3303 41.4849 75.8492 84.8116 3.16228 79.1599 74.7006 3.60555 50.8035 92.3147 56.4206 73.8241 89.0591 80.6913 71.1604 49.1515 57.0701 55.5037 21.095 32.2025 28.6531 67.0075 34.8281 83.3847 4.47214 49.4975 
7.0 32.1403 10.2956 46.8188 47.8249 30.8448 26.1914 59.8937 48.6004 60.1771 34.2345 9.43398 44.2984 41.8688 20.5913 41.8786 38.8973 8.48528 22.2036 40.8167 54.366 51.8652 35.7196 6.32456 70.4649 34.0588 41.0366 25.0 26.0768 35.3991 64.0922 7.28011 57.0527 40.3113 12.7279 51.788 31.1448 0.0 59.5786 42.4853 30.6105 57.8596 36.3456 61.5549 58.1947 37.8779 44.7658 54.7083 32.5576 48.0563 44.643 30.4795 33.8448 61.2209 26.4764 50.9902 58.3095 61.0878 40.7185 31.1082 40.0643 24.4 42.2019 12.0416 9.84886 48.3322 4.12311 70.2465 29.8329 29.5296 
63.6254 86.977 59.7658 17.088 20.0 70.5384 47.3814 90.4434 107.951 118.591 32.249 50.1889 88.5661 77.0 71.4703 100.796 62.2013 67.76 53.9351 85.7088 108.62 15.0333 66.2118 55.4423 128.103 37.5766 78.0256 81.6236 83.4416 30.3645 82.6075 55.1704 93.9149 20.6155 63.3251 23.0217 73.8241 59.5786 0.0 52.3927 89.9241 3.0 55.1453 120.541 4.12311 33.0 80.4984 49.0408 72.4431 79.4796 44.5533 70.5762 92.7624 70.0286 44.1022 22.0 62.0 98.2108 50.6952 73.3559 94.3081 61.9434 93.6216 71.3631 69.4138 13.4164 56.6395 126.164 69.5845 30.0 
39.8497 73.3757 51.4283 35.5106 51.6236 28.8617 60.0937 38.4838 77.6466 76.4147 23.3452 42.6008 46.2385 83.183 63.0635 63.7887 78.4387 45.8803 60.9928 83.2406 65.2234 37.6431 18.3576 44.4267 85.0787 17.4642 82.5587 65.8027 66.2193 45.31 31.0644 45.2778 44.5982 35.0143 54.7083 30.8707 73.0206 42.4853 52.3927 0.0 62.0 49.4773 74.9137 86.1278 48.7647 55.1554 31.8904 14.1421 74.0938 28.6007 8.60233 71.9287 53.0485 21.4709 18.4391 31.3847 16.2788 50.2494 2.23607 38.0 52.4976 23.0 84.1546 48.2701 49.3356 39.4588 38.4708 81.4859 71.1862 35.1141 
26.8328 23.4094 33.8378 76.7416 75.2778 34.7131 52.4786 58.9124 18.0278 32.7567 63.0392 40.0 25.4951 51.0882 29.6142 15.0 57.2713 22.2036 46.0652 41.4849 30.4138 81.7491 46.8722 36.0694 42.72 60.7133 49.163 19.0263 17.1172 62.9686 71.2997 36.7696 47.5236 70.3961 31.7648 80.2296 40.0125 30.6105 89.9241 62.0 0.0 88.2043 58.1893 31.1448 88.5106 65.4474 43.5115 76.0263 43.0465 50.6903 67.3647 42.19 14.1421 74.5628 52.2494 79.743 74.8131 42.6244 61.0328 24.0 20.0 39.0 33.6155 18.6011 21.2132 78.4524 33.2866 43.566 42.2966 59.9083 
61.9168 86.0233 58.7572 14.3178 20.2237 68.0303 47.0956 87.5957 106.231 116.083 29.6816 48.4699 86.058 77.0584 70.6045 99.0876 62.514 66.0379 53.4603 85.3756 106.112 12.0416 63.5059 53.7233 125.595 34.8855 78.0064 80.615 82.433 29.6142 79.6304 53.4514 91.2414 18.3848 62.3164 20.025 73.437 57.8596 3.0 49.4773 88.2043 0.0 55.4437 118.833 1.41421 33.1361 77.8267 46.0435 72.1734 76.6942 41.5933 70.2567 89.5003 67.0298 41.6173 19.0 59.0 95.5947 47.8017 70.8478 91.8 59.4353 92.9624 69.6419 67.6948 10.8167 54.9181 123.656 69.2604 28.3019 
43.2897 42.638 27.0 52.9245 35.2278 65.0182 12.8062 94.0671 73.3553 90.802 50.53 34.3999 76.104 22.3607 29.0689 72.5328 7.07107 42.0119 14.1421 33.541 86.1452 57.2451 69.9471 30.8058 100.881 55.295 23.7697 41.1825 43.4166 29.0689 98.163 29.8329 91.2261 46.5188 27.2947 62.1691 23.4307 36.3456 55.1453 74.9137 58.1893 55.4437 0.0 87.6584 56.5685 22.3607 78.9392 78.163 20.8087 82.3654 68.608 19.8494 65.6504 94.3373 61.9534 60.8358 87.5414 95.4878 70.1131 62.9139 71.87 58.6982 44.4072 44.1814 40.1995 51.5461 38.0789 101.39 19.105 38.0132 
57.3482 46.8402 64.8151 107.418 106.371 57.28 83.2346 68.0661 14.3178 16.6433 91.8149 70.8378 40.4475 76.1577 58.5918 22.4722 85.6154 53.0754 76.5506 63.7887 26.9258 111.653 68.4471 67.1789 20.1246 88.5512 73.9797 46.5188 44.2832 94.0614 85.3756 67.897 53.9351 101.021 62.426 108.732 66.7308 61.5549 120.541 86.1278 31.1448 118.833 87.6584 0.0 119.135 96.5403 59.0339 100.17 69.8928 66.0 93.1269 69.6419 33.6155 93.086 80.0789 108.373 95.7549 47.2969 85.7405 50.538 33.7343 64.7184 52.1536 49.5177 52.345 109.077 63.9318 24.4131 70.0071 90.5485 
62.2195 86.6834 59.4126 13.8924 21.3776 67.8012 48.0416 86.977 106.535 115.855 29.4109 48.805 85.8302 78.1025 71.3092 99.0787 63.6396 66.3702 54.3323 86.2844 105.884 11.1803 63.0635 54.0583 125.367 34.4819 79.0253 81.2704 83.1768 30.4138 78.7718 53.7864 90.824 18.4391 62.9719 19.0 74.3303 58.1947 4.12311 48.7647 88.5106 1.41421 56.5685 119.135 0.0 34.2345 77.4145 45.0111 73.1095 76.1577 40.7922 71.1758 89.2725 66.0681 41.4005 18.0278 58.0086 95.2367 47.1275 70.62 91.5722 59.203 93.7443 69.9714 68.0298 10.6301 55.2268 123.428 70.1783 28.6531 
44.8645 56.9386 31.8277 31.3847 13.0 67.3464 15.2315 89.1333 82.807 96.3937 32.7567 35.4696 80.5149 44.0 41.3401 78.0748 29.4279 45.0879 22.3607 53.1507 90.5826 35.3412 63.6644 31.9106 106.681 38.0132 45.0444 52.8015 54.8179 9.84886 85.5341 30.9222 91.0063 25.6125 34.7131 41.0488 41.4849 37.8779 33.0 55.1554 65.4474 33.1361 22.3607 96.5403 34.2345 0.0 77.6252 60.2163 39.8121 77.4974 51.1077 38.0789 70.0613 76.5572 40.947 39.6611 70.2353 95.1306 52.9265 66.4871 76.2809 58.7514 62.0322 48.0989 44.5626 29.5466 39.1573 106.463 37.108 20.1246 
40.4904 65.5994 54.8769 63.5295 75.0813 14.5602 68.4581 16.1245 54.1525 46.3249 48.3322 46.777 19.4411 87.5482 63.8838 38.5176 82.5357 49.3336 65.1528 81.1628 34.2053 66.888 14.4222 48.5449 53.8516 42.9418 85.9944 58.1607 57.8268 67.78 27.8568 49.4347 13.4164 60.5392 57.4878 61.4003 75.8492 44.7658 80.4984 31.8904 43.5115 77.8267 78.9392 59.0339 77.4145 77.6252 0.0 44.4185 78.4416 7.28011 40.3113 76.9923 30.0832 34.0588 37.0 61.6117 37.3631 18.3848 32.5269 26.7668 26.5075 21.0238 76.9862 45.945 49.6009 67.082 41.4962 50.0899 76.7883 57.6415 
52.9528 86.3481 63.2535 33.9559 53.7122 42.9535 65.9147 47.634 91.7878 90.2102 27.6586 50.3639 60.0833 93.4212 75.0408 77.8781 84.463 59.0339 69.4322 95.106 78.1523 34.1321 31.9531 56.2519 98.0077 23.4307 93.1022 78.8543 79.4292 50.6063 35.1141 57.1031 56.2228 36.2491 66.5337 26.0192 84.8116 54.7083 49.0408 14.1421 76.0263 46.0435 78.163 100.17 45.0111 60.2163 44.4185 0.0 85.0742 39.8246 10.2956 82.8392 67.1402 21.3776 28.6356 27.074 13.1529 62.426 15.0 52.0384 66.4831 37.054 96.8401 61.6604 62.3699 37.855 50.5964 94.414 81.9324 40.4599 
38.0132 23.2594 22.6716 66.4831 52.6118 63.4023 25.0799 94.3445 55.6597 75.5381 59.7004 35.5106 64.0896 9.43398 14.5602 58.0345 16.4012 34.0 19.105 13.3417 73.0616 71.3442 68.2771 30.0 85.1587 61.7434 8.48528 24.1868 26.3059 43.0116 96.6498 29.4109 89.2171 59.5399 19.8494 74.5252 3.16228 32.5576 72.4431 74.0938 43.0465 72.1734 20.8087 69.8928 73.1095 39.8121 78.4416 85.0742 0.0 80.6138 74.9631 2.23607 53.6004 93.5094 57.4937 73.3485 90.1323 84.3179 72.2335 51.7439 59.8415 56.9576 23.6008 34.5398 30.8707 66.1211 36.0694 86.4696 3.16228 49.0306 
43.7809 70.4557 58.1673 62.3939 74.9535 19.4165 71.7486 12.0416 61.4305 52.7731 47.8017 50.0674 26.7191 89.9128 68.7401 45.7956 85.8262 54.1899 68.4433 86.0191 40.6079 65.307 14.0357 51.8354 59.7746 42.0595 89.0926 63.3551 62.6831 67.6522 20.6155 52.7251 16.4012 60.1664 60.7783 59.1692 79.1599 48.0563 79.4796 28.6007 50.6903 76.6942 82.3654 66.0 76.1577 77.4974 7.28011 39.8246 80.6138 0.0 37.2022 78.5308 37.3363 27.2947 37.3363 59.5399 31.3847 22.8254 29.6816 31.623 33.7855 23.7697 81.8424 50.8013 54.4572 66.1287 44.7867 55.7136 77.8723 57.5137 
43.2897 76.4853 53.11 28.0179 45.8803 35.8469 56.3597 46.9574 83.7437 83.8024 18.3576 40.2528 53.6656 83.3102 64.8973 70.7754 74.908 49.366 59.3212 84.9625 73.831 29.6142 26.4008 46.1084 93.347 13.4536 82.9911 69.0507 69.7209 41.3401 38.1182 46.9596 53.1507 28.6356 56.3902 22.4722 74.7006 44.643 44.5533 8.60233 67.3647 41.5933 68.608 93.1269 40.7922 51.1077 40.3113 10.2956 74.9631 37.2022 0.0 72.7282 61.6941 26.4764 18.3848 23.0868 19.3132 58.6941 7.81025 43.566 59.6154 28.8617 86.8332 52.1536 52.6118 32.0156 40.5216 89.7541 71.8213 31.0644 
36.0555 23.3238 20.5183 64.3817 50.8035 61.3193 23.1948 92.8951 55.3624 74.8131 57.4647 33.2866 63.4847 11.4018 13.1529 57.1402 16.1245 32.2025 17.0294 15.1327 72.0069 69.2604 66.1941 27.8029 84.5281 59.5085 10.6301 23.5372 25.7099 41.0 94.5668 27.2029 87.7677 57.4282 17.8045 72.3671 3.60555 30.4795 70.5762 71.9287 42.19 70.2567 19.8494 69.6419 71.1758 38.0789 76.9923 82.8392 2.23607 78.5308 72.7282 0.0 52.345 91.351 55.3286 71.1969 87.9672 82.8685 70.0684 50.2946 58.5491 54.8746 24.6982 32.8938 29.1548 64.0703 33.9411 85.7088 1.0 46.8722 
29.5694 36.7151 39.2397 75.5328 81.0252 24.1868 57.9381 45.5269 25.0 27.8029 59.9293 43.0602 11.4018 62.3699 39.2046 11.1803 66.0317 25.3725 52.2916 54.231 20.6155 79.7676 36.0139 39.7538 38.0132 56.6656 60.6383 31.0161 29.5466 72.1486 57.9396 40.5661 34.7481 71.7367 38.3565 76.8241 50.8035 33.8448 92.7624 53.0485 14.1421 89.5003 65.6504 33.6155 89.2725 70.0613 30.0832 67.1402 53.6004 37.3363 61.6941 52.345 0.0 62.6498 48.1774 76.4302 64.0078 29.8489 52.6473 18.6525 6.32456 32.8329 47.4342 21.9839 25.6398 78.6856 36.1529 37.1214 52.2398 62.7697 
57.2456 90.6125 70.8378 54.1479 72.2772 39.8497 83.7205 30.5287 87.4643 80.0625 44.2719 62.0244 53.0377 102.607 81.6088 72.111 97.8623 63.1424 80.4165 101.833 67.897 55.0091 27.8568 63.8503 86.8332 38.6264 101.98 83.3848 82.8045 66.7083 14.4222 64.7015 42.3792 55.109 73.8783 47.0956 92.3147 61.2209 70.0286 21.4709 74.5628 67.0298 94.3373 93.086 66.0681 76.5572 34.0588 21.3776 93.5094 27.2947 26.4764 91.351 62.6498 0.0 39.6611 48.0416 8.24621 49.3356 23.7065 51.6236 60.075 38.0789 101.605 65.4162 66.6765 58.1378 57.4891 82.5651 90.6091 56.4624 
26.0768 58.5491 34.8282 27.6586 38.4031 26.4008 51.3366 49.163 69.5754 74.4538 12.0416 26.0007 44.4285 71.7713 46.6155 57.9837 65.4783 32.0156 48.0325 66.6807 64.4824 31.8277 23.3452 27.8266 83.9653 8.544 71.7024 51.2445 52.0865 31.1018 47.1275 28.6778 50.3289 23.8674 38.1084 28.6531 56.4206 26.4764 44.1022 18.4391 52.2494 41.6173 61.9534 80.0789 41.4005 40.947 37.0 28.6356 57.4937 37.3363 18.3848 55.3286 48.1774 39.6611 0.0 28.3019 34.6554 54.3665 16.2788 29.5296 50.1705 17.8045 68.6586 35.1283 35.0143 30.8058 22.3607 82.0266 54.5861 20.9633 
53.1665 82.2982 55.0091 8.48528 29.7321 53.8145 49.6488 69.857 98.0152 101.867 17.088 42.2966 71.8423 80.0812 68.0 86.2365 67.624 58.5385 54.3415 85.7088 91.8961 7.07107 47.2017 48.1664 111.379 20.0 80.5233 75.6637 76.9415 31.7805 60.8276 48.0937 74.8866 14.3178 59.0085 1.41421 73.8241 50.9902 22.0 31.3847 79.743 19.0 60.8358 108.373 18.0278 39.6611 61.6117 27.074 73.3485 59.5399 23.0868 71.1969 76.4302 48.0416 28.3019 0.0 40.0 79.8123 29.9666 57.8349 77.5842 45.4533 91.0 62.1727 60.6462 11.6619 47.3581 109.018 70.214 24.3311 
55.0364 88.4481 67.4668 46.3897 65.146 40.1995 75.2932 36.8782 89.0056 83.678 37.5766 58.6393 55.3263 99.2215 78.8923 74.108 94.4772 60.9425 77.0314 99.1262 71.5681 47.0106 28.0713 60.4652 91.0824 32.249 98.5972 80.8467 81.1894 60.4152 22.3607 61.3164 47.4131 47.8017 70.7248 39.0128 89.0591 58.3095 62.0 16.2788 74.8131 59.0 87.5414 95.7549 58.0086 70.2353 37.3631 13.1529 90.1323 31.3847 19.3132 87.9672 64.0078 8.24621 34.6554 40.0 0.0 54.1295 18.3848 51.1957 62.2013 36.6879 99.4047 63.2163 64.4766 50.3587 54.3783 87.0919 87.2247 50.1199 
56.8124 65.8967 69.0771 81.3451 94.1619 30.2431 84.7801 21.0238 46.6476 32.0624 65.9694 63.099 28.343 92.2764 69.0589 31.4006 95.9903 55.2099 82.129 84.3155 20.3961 84.8764 32.6497 64.8669 37.6563 60.7454 90.5609 61.0686 59.0163 85.2854 39.1152 65.7567 7.07107 78.0509 68.1939 79.6492 80.6913 61.0878 98.2108 50.2494 42.6244 95.5947 95.4878 47.2969 95.2367 95.1306 18.3848 62.426 84.3179 22.8254 58.6941 82.8685 29.8489 49.3356 54.3665 79.8123 54.1295 0.0 50.9117 42.4496 23.9221 37.6007 76.2348 51.8213 55.4772 84.8064 57.8182 33.2415 82.6646 75.1469 
38.3275 71.8401 49.568 33.7343 49.4975 28.4605 57.8649 39.9249 76.9415 76.2593 21.2132 40.7405 46.0977 81.3227 61.2699 63.389 76.5784 44.3847 59.1326 81.4125 65.6815 36.0555 18.6011 42.5664 85.5369 15.2971 80.6985 64.2884 64.7611 43.0813 33.1361 43.4176 45.4533 33.0 52.8394 29.5296 71.1604 40.7185 50.6952 2.23607 61.0328 47.8017 70.1131 85.7405 47.1275 52.9265 32.5269 15.0 72.2335 29.6816 7.81025 70.0684 52.6473 23.7065 16.2788 29.9666 18.3848 50.9117 0.0 37.054 52.2015 22.0907 82.5409 46.8722 47.8017 37.6563 36.6742 81.9441 69.3259 32.8938 
26.8328 39.0289 36.5032 56.8803 70.4028 12.2066 54.8005 42.6696 40.2616 45.8849 41.2769 33.1194 30.2343 60.8506 37.1861 28.4587 63.4164 22.636 49.555 54.4652 39.1897 61.1151 23.7697 34.8873 56.1494 38.0132 59.2967 31.8012 31.2209 61.5263 50.6253 35.7771 38.5866 53.0843 35.62 58.1936 49.1515 31.1082 73.3559 38.0 24.0 70.8478 62.9139 50.538 70.62 66.4871 26.7668 52.0384 51.7439 31.623 43.566 50.2946 18.6525 51.6236 29.5296 57.8349 51.1957 42.4496 37.054 0.0 24.872 15.0 50.4299 19.2474 22.9032 60.0331 27.8386 55.4645 50.0906 52.1473 
35.7889 42.9418 45.4593 77.8325 93.9091 23.7697 64.1577 42.202 27.6586 24.8395 62.1885 49.2797 7.07107 68.6586 45.3982 12.0416 72.2513 31.592 58.5111 60.5392 15.6525 81.8214 34.7131 45.9733 34.6554 57.7109 66.9403 37.3363 35.8469 85.0326 54.3614 46.7856 28.8213 74.0364 44.5761 77.6771 57.0701 40.0643 94.3081 52.4976 20.0 91.8 71.87 33.7343 91.5722 76.2809 26.5075 66.4831 59.8415 33.7855 59.6154 58.5491 6.32456 60.075 50.1705 77.5842 62.2013 23.9221 52.2015 24.872 0.0 32.3721 53.535 28.2034 31.8593 80.9853 42.3725 33.0151 58.4209 75.6536 
20.1246 53.527 34.5111 45.4533 56.2074 8.60233 48.0814 35.6931 54.9181 56.6553 29.8329 26.409 26.6301 66.2565 44.5103 42.6391 62.1691 26.0214 44.7772 64.7168 46.6839 49.5177 11.4018 28.1791 66.1668 25.4951 65.4364 45.9255 46.2683 48.9062 39.8246 29.0689 33.7343 41.6717 37.122 45.607 55.5037 24.4 61.9434 23.0 39.0 59.4353 58.6982 64.7184 59.203 58.7514 21.0238 37.054 56.9576 23.7697 28.8617 54.8746 32.8329 38.0789 17.8045 45.4533 36.6879 37.6007 22.0907 15.0 32.3721 0.0 64.4836 28.2952 29.5555 48.6004 21.1304 64.2282 54.2161 38.7677 
44.3847 11.4018 36.0139 85.2115 74.3303 62.5674 46.8188 91.7791 39.0512 61.8142 75.2396 49.2544 58.4536 26.0768 23.0 47.1699 39.6232 38.4838 39.8497 12.53 62.9682 90.2718 74.1753 43.1856 70.1783 76.1729 23.8537 18.868 19.2094 63.3482 100.986 43.1045 82.7366 78.2304 32.0156 92.0054 21.095 42.2019 93.6216 84.1546 33.6155 92.9624 44.4072 52.1536 93.7443 62.0322 76.9862 96.8401 23.6008 81.8424 86.8332 24.6982 47.4342 101.605 68.6586 91.0 99.4047 76.2348 82.5409 50.4299 53.535 64.4836 0.0 36.7151 34.9285 85.5862 46.3249 72.6911 25.5539 67.127 
9.05539 25.4951 17.4642 58.2311 57.9293 31.3848 36.0555 61.8479 36.6197 48.3162 45.4689 21.4009 32.4375 43.8634 20.1246 30.0177 45.0999 3.60555 30.5941 38.9487 42.5052 63.2385 42.9928 17.8045 58.6041 43.4166 42.4853 17.8885 18.0278 45.6201 69.8036 18.6011 56.7205 51.8855 17.0 62.6594 32.2025 12.0416 71.3631 48.2701 18.6011 69.6419 44.1814 49.5177 69.9714 48.0989 45.945 61.6604 34.5398 50.8013 52.1536 32.8938 21.9839 65.4162 35.1283 62.1727 63.2163 51.8213 46.8722 19.2474 28.2034 28.2952 36.7151 0.0 4.0 59.9418 14.7648 58.3857 32.573 41.3401 
9.48683 24.0416 13.6015 56.648 54.393 35.0407 32.311 65.5038 39.0512 51.8941 43.8084 19.2354 36.0934 40.2492 16.6433 33.541 41.1096 3.60555 26.6833 36.0694 46.1611 61.6847 40.8751 14.8661 62.1691 43.0465 38.9487 16.4924 17.1172 42.0838 69.2478 15.5563 60.3764 50.1597 13.0 61.4154 28.6531 9.84886 69.4138 49.3356 21.2132 67.6948 40.1995 52.345 68.0298 44.5626 49.6009 62.3699 30.8707 54.4572 52.6118 29.1548 25.6398 66.6765 35.0143 60.6462 64.4766 55.4772 47.8017 22.9032 31.8593 29.5555 34.9285 4.0 0.0 58.1808 13.3417 62.0322 28.7924 39.3573 
52.1614 78.119 50.5139 4.0 18.4391 57.2014 41.4367 77.201 96.4769 105.269 18.868 39.0 75.2433 72.0069 62.8013 88.4918 58.5235 56.356 47.0425 79.0063 95.2971 5.83095 52.8015 44.2901 114.78 24.1661 72.6911 71.9108 73.4086 23.1948 70.1142 44.0182 80.4984 8.06226 54.3364 13.0384 67.0075 48.3322 13.4164 39.4588 78.4524 10.8167 51.5461 109.077 10.6301 29.5466 67.082 37.855 66.1211 66.1287 32.0156 64.0703 78.6856 58.1378 30.8058 11.6619 50.3587 84.8064 37.6563 60.0331 80.9853 48.6004 85.5862 59.9418 58.1808 0.0 45.1774 112.841 63.0714 18.9737 
7.2111 36.2215 13.4536 43.4671 44.8857 27.5752 27.4708 56.6241 51.3128 62.4853 30.5203 7.2111 45.6029 45.2769 24.5967 44.1868 41.2311 11.1803 24.0416 44.7772 56.6742 48.4746 32.45 7.28011 72.7731 30.0167 44.5533 29.0172 30.0167 36.0092 60.803 8.24621 53.7831 37.1214 16.4012 48.1272 34.8281 4.12311 56.6395 38.4708 33.2866 54.9181 38.0789 63.9318 55.2268 39.1573 41.4962 50.5964 36.0694 44.7867 40.5216 33.9411 36.1529 57.4891 22.3607 47.3581 54.3783 57.8182 36.6742 27.8386 42.3725 21.1304 46.3249 14.7648 13.3417 45.1774 0.0 72.5547 33.2415 26.6271 
65.9711 65.0077 75.6108 109.689 117.427 55.6259 94.3398 53.6004 33.9559 11.0 94.0446 79.462 37.7502 94.0851 73.1642 28.8617 100.807 61.7743 88.5438 83.0963 17.6918 113.678 63.4416 76.1556 5.38516 89.567 92.0489 62.2896 60.208 108.55 72.0069 76.9678 40.2616 105.893 74.3303 109.206 83.3847 70.2465 126.164 81.4859 43.566 123.656 101.39 24.4131 123.428 106.463 50.0899 94.414 86.4696 55.7136 89.7541 85.7088 37.1214 82.5651 82.0266 109.018 87.0919 33.2415 81.9441 55.4645 33.0151 64.2282 72.6911 58.3857 62.0322 112.841 72.5547 0.0 85.8429 99.1714 
35.5106 23.8537 19.799 63.3877 49.8197 60.6608 22.2036 89.7098 55.7136 74.9667 56.5659 32.45 63.2808 12.0416 13.0384 57.2189 15.6525 31.7805 16.0312 16.1245 72.0 68.2642 65.5357 27.0185 84.7231 58.6133 11.4018 23.7697 25.9615 40.0 93.9083 26.4008 87.5638 56.4358 17.2047 71.3863 4.47214 29.8329 69.5845 71.1862 42.2966 69.2604 19.105 70.0071 70.1783 37.108 76.7883 81.9324 3.16228 77.8723 71.8213 1.0 52.2398 90.6091 54.5861 70.214 87.2247 82.6646 69.3259 50.0906 58.4209 54.2161 25.5539 32.573 28.7924 63.0714 33.2415 85.8429 0.0 45.8912 
