NAME  : Jabali_70_2_0.93_1_8
TYPE : SVRP
MODEL : FINITE_SUPPORT
NUMBER_OF_SCENARIOS : 200
DIMENSION : 70
EDGE_WEIGHT_TYPE : MATRIX
CAPACITY : 209
N_VEHICLES : 2
NODE_COORD_SECTION
1 4312 3817
2 251 6541
3 4827 1968
4 2872 5848
5 2583 2048
6 996 1894
7 718 5905
8 2185 4272
9 546 5415
10 6630 2636
11 4049 155
12 4853 3383
13 4607 1693
14 3553 1494
15 5240 1438
16 5377 5682
17 700 5643
18 3620 6344
19 111 3855
20 4309 1635
21 5457 6959
22 3514 6218
23 341 7065
24 2462 3313
25 6806 5347
26 3666 2294
27 2504 1448
28 4953 18
29 2710 330
30 5722 6933
31 175 6075
32 953 6592
33 4689 388
34 3329 334
35 4580 1872
36 6708 2852
37 5740 2045
38 2479 5906
39 6065 5615
40 5129 6889
41 1842 7620
42 6448 6746
43 2139 4069
44 5332 4676
45 4053 5344
46 2584 7074
47 3159 2581
48 3587 7422
49 5597 4979
50 172 4807
51 2077 5119
52 4503 6004
53 6546 5024
54 27 2497
55 5400 2388
56 3328 5776
57 5020 3756
58 4041 1128
59 2651 5331
60 1672 2700
61 5250 5020
62 1158 6755
63 353 7543
64 1803 5406
65 1266 4455
66 3796 3463
67 2864 3221
68 6701 6997
69 5882 6436
70 864 4408
DEMAND_SECTION
1 0.0
2 9.0
3 5.0
4 3.0
5 8.0
6 4.0
7 5.0
8 1.0
9 3.0
10 10.0
11 4.0
12 2.0
13 9.0
14 2.0
15 6.0
16 5.0
17 3.0
18 5.0
19 5.0
20 10.0
21 7.0
22 9.0
23 3.0
24 4.0
25 10.0
26 4.0
27 2.0
28 6.0
29 2.0
30 5.0
31 1.0
32 9.0
33 6.0
34 2.0
35 6.0
36 8.0
37 8.0
38 5.0
39 6.0
40 6.0
41 3.0
42 9.0
43 4.0
44 4.0
45 10.0
46 8.0
47 1.0
48 7.0
49 8.0
50 9.0
51 10.0
52 8.0
53 3.0
54 4.0
55 5.0
56 7.0
57 6.0
58 4.0
59 4.0
60 8.0
61 7.0
62 9.0
63 3.0
64 7.0
65 2.0
66 1.0
67 6.0
68 7.0
69 8.0
70 7.0
DEVIATION_SECTION
1 0.0
2 3.0
3 1.66667
4 1.0
5 2.66667
6 1.33333
7 1.66667
8 0.333333
9 1.0
10 3.33333
11 1.33333
12 0.666667
13 3.0
14 0.666667
15 2.0
16 1.66667
17 1.0
18 1.66667
19 1.66667
20 3.33333
21 2.33333
22 3.0
23 1.0
24 1.33333
25 3.33333
26 1.33333
27 0.666667
28 2.0
29 0.666667
30 1.66667
31 0.333333
32 3.0
33 2.0
34 0.666667
35 2.0
36 2.66667
37 2.66667
38 1.66667
39 2.0
40 2.0
41 1.0
42 3.0
43 1.33333
44 1.33333
45 3.33333
46 2.66667
47 0.333333
48 2.33333
49 2.66667
50 3.0
51 3.33333
52 2.66667
53 1.0
54 1.33333
55 1.66667
56 2.33333
57 2.0
58 1.33333
59 1.33333
60 2.66667
61 2.33333
62 3.0
63 1.0
64 2.33333
65 0.666667
66 0.333333
67 2.0
68 2.33333
69 2.66667
70 2.33333
DISTANCE_MATRIX
0.0 73.5183 29.6182 34.0319 33.0151 51.1099 62.8982 33.3573 59.6004 38.0977 50.1597 10.099 28.3235 33.3766 36.4837 29.0689 60.7969 33.8378 54.6025 30.4138 44.9222 33.2415 75.2991 24.3 39.4081 22.561 39.8246 52.8081 51.923 45.8803 69.3416 65.0045 47.631 49.366 30.4951 37.3533 31.1888 38.6433 34.0588 42.9535 60.9268 49.3964 31.5312 18.3848 31.6155 49.0409 22.4722 48.7647 23.3452 58.4338 43.5318 29.0172 34.6699 60.2696 24.5155 29.1008 9.05539 37.054 36.4021 38.0871 20.8087 64.3987 79.3951 46.9878 43.682 7.81025 20.2485 53.535 41.5933 47.6668 
73.5183 0.0 86.6772 36.3456 67.9559 62.3618 10.6301 41.1096 15.2315 99.6224 100.0 82.6857 85.3406 81.0555 95.5541 69.1158 13.0384 45.0444 36.1248 85.6444 70.214 44.0114 7.0 52.4976 88.278 72.863 74.8112 107.629 90.4701 73.1642 6.0 9.21954 101.98 93.4933 87.551 98.8779 98.3916 31.4006 78.1025 66.0984 25.4951 82.8734 42.45 71.0846 60.2443 31.9531 65.8559 46.2385 73.1642 23.0868 31.3847 57.0088 85.7088 54.1479 97.1022 42.2966 81.5485 88.6172 36.0555 55.0881 69.2315 11.7047 13.0384 26.4197 31.0644 67.2466 56.5862 86.3134 75.326 29.5466 
29.6182 86.6772 0.0 60.2878 28.2063 48.681 76.0572 46.5162 72.7594 25.2982 26.4764 28.3452 3.60555 16.6433 10.0 50.1597 73.9558 63.3261 66.1029 7.2111 67.1193 62.6525 91.9687 35.01 52.8736 14.5634 30.0832 26.9258 34.7131 67.3647 82.5006 82.618 22.2036 29.1548 4.0 27.2913 11.7229 62.4587 51.6624 66.0 87.5167 68.1542 44.6902 37.2156 61.0034 77.3732 22.1509 74.6093 41.5933 71.2424 58.2181 53.6004 47.877 62.8952 9.89949 58.4887 23.0 14.7648 54.9337 42.5939 41.1096 83.2538 97.3576 62.5787 56.8204 25.594 30.1999 71.8401 61.8142 60.5589 
34.0319 36.3456 60.2878 0.0 52.0096 58.4657 29.1548 22.561 31.3209 63.7945 78.7464 42.2701 58.9931 59.9083 69.1647 33.0151 29.6142 11.4018 45.2769 60.489 37.5899 10.0 37.9473 35.0808 52.0384 49.3356 60.0083 83.311 75.2396 40.2492 36.0139 27.8927 77.929 75.3127 61.1647 63.0501 63.3599 5.0 42.0119 33.6155 27.8029 49.0408 24.5153 35.1141 24.4164 17.088 44.7214 23.0868 36.8782 38.4708 14.2127 21.3776 49.366 58.5235 56.6866 6.0 39.6652 65.7875 7.28011 45.8803 32.9848 26.5707 41.1461 15.2643 28.3196 35.4733 36.1248 52.9245 40.8044 32.5576 
33.0151 67.9559 28.2063 52.0096 0.0 20.6232 57.4543 30.5941 53.0094 53.496 32.5269 40.3836 26.0 15.2315 36.1248 61.9112 54.9181 59.5399 44.0263 24.1868 76.9895 58.4209 73.9256 17.2627 71.5084 14.8661 8.0 41.8808 23.5372 78.2624 63.0079 65.307 36.3593 25.5539 28.0179 55.4892 39.9207 52.345 67.0075 74.5767 76.1577 82.3772 28.6356 51.225 58.2969 68.3593 10.6301 74.2428 56.2228 49.4131 42.2019 59.7678 66.6246 34.8374 37.6847 52.2398 39.3836 23.2594 45.1197 16.1245 53.8238 66.3099 79.6492 46.1736 36.8917 25.2389 16.1245 86.5332 74.4312 39.1421 
51.1099 62.3618 48.681 58.4657 20.6232 0.0 52.9528 36.9908 47.2969 73.9707 47.4236 59.3027 46.2937 34.1321 56.1088 79.3119 50.01 68.8596 27.7849 44.1118 93.353 67.4752 69.1231 29.2858 90.375 35.4635 20.6155 58.5235 32.0156 95.4037 56.6127 62.514 53.4509 38.0789 48.2035 75.9638 60.3954 56.7787 85.0079 90.0633 77.026 99.8772 35.5788 69.5272 72.4626 72.1803 30.1589 81.4768 74.4262 39.9249 45.1242 74.9162 85.5291 14.3178 58.1593 61.462 58.3027 41.5933 51.2681 17.1406 71.6007 64.2806 75.1864 47.3814 34.0 43.3874 31.3478 104.07 91.7985 33.3766 
62.8982 10.6301 76.0572 29.1548 57.4543 52.9528 0.0 30.6105 6.08276 91.4877 89.4036 72.0657 74.7206 70.4344 84.9341 62.1289 3.0 39.2938 28.2843 75.0244 65.4599 38.0789 16.5529 41.8688 81.0062 62.243 64.4127 97.0 80.0733 68.3081 7.28011 10.198 91.351 83.006 76.931 90.7433 87.7716 24.1868 71.1126 61.3514 27.7308 77.6209 31.8904 62.9499 52.1096 29.8329 55.2268 43.8292 65.1928 15.8114 21.5407 50.4876 78.0577 46.0977 86.4822 35.1283 70.9285 77.9872 27.2947 44.6913 61.2094 12.6491 22.4722 16.7631 20.5913 56.3425 45.9674 81.3204 69.6348 19.6469 
33.3573 41.1096 46.5162 22.561 30.5941 36.9908 30.6105 0.0 28.178 71.806 60.5097 42.5247 45.1796 41.299 55.3931 49.8491 28.8444 32.588 29.4109 45.4834 57.3621 31.2035 46.0109 13.3417 67.9127 32.702 38.4708 67.4977 54.1295 59.7819 37.4433 36.4005 61.8585 55.3624 47.39 70.2312 58.2306 22.0 58.519 53.6115 45.607 68.7619 2.0 49.5535 38.7132 38.0132 25.7703 45.607 51.7964 29.2746 11.7047 39.6201 64.7132 38.1838 56.9412 25.1904 41.3875 48.5724 15.2971 23.4094 47.8129 36.8917 51.225 16.1245 14.0357 26.8015 16.4272 72.9348 60.1631 19.0 
59.6004 15.2315 72.7594 31.3209 53.0094 47.2969 6.08276 28.178 0.0 97.2188 85.276 68.7679 71.4228 66.5282 81.6363 63.7887 3.16228 42.1545 22.2036 71.7008 68.542 40.8534 21.8403 38.2099 82.2982 58.8982 59.7826 93.3381 75.4415 71.3092 10.0 16.2788 87.6812 78.4956 73.6332 96.4744 84.4738 26.5707 72.6911 64.4748 33.6155 80.3243 29.1548 63.9473 53.107 34.6554 51.6624 48.2701 66.1902 9.84886 21.095 52.6308 79.107 40.05 83.1844 37.108 67.6307 74.2496 28.0713 40.0594 62.2068 18.6815 27.8927 17.0294 16.2788 53.0447 42.638 84.1546 72.1249 14.3178 
38.0977 99.6224 25.2982 63.7945 53.496 73.9707 91.4877 71.806 97.2188 0.0 46.6154 44.6651 28.3414 41.7536 22.8035 42.0476 91.3781 60.8616 91.3926 31.6228 57.8705 60.886 101.642 60.2997 35.0143 39.8532 55.3715 40.8534 58.8982 57.0088 98.6378 91.4877 38.9487 52.3259 27.2029 2.23607 13.8924 68.4059 39.0512 58.3095 90.2838 54.231 69.9799 30.8058 61.3781 77.9872 47.4406 73.6003 32.6497 96.5322 72.0751 50.8035 31.0644 88.1849 20.2835 58.6824 29.6983 38.2884 64.4138 67.8836 34.6699 90.303 104.94 75.458 82.1101 50.8838 55.4897 57.0351 50.448 85.8487 
50.1597 100.0 26.4764 78.7464 32.5269 47.4236 89.4036 60.5097 85.276 46.6154 0.0 54.0102 23.1948 19.2354 23.8537 76.531 87.0057 83.3774 73.8859 20.025 93.4345 82.6848 105.683 47.7074 78.3761 29.4109 27.4591 12.0 18.0 93.771 95.268 96.566 8.94427 10.0499 22.561 48.8262 34.4384 80.4565 78.1025 92.1358 105.512 94.5939 58.6686 63.6396 81.0357 95.8175 34.8855 98.4786 68.0661 81.7978 72.2115 79.0569 73.6874 61.7414 35.1141 77.1666 49.2544 13.1529 72.9265 48.2701 67.4759 97.2471 111.221 76.5721 69.029 44.911 44.2945 98.2344 88.2836 71.5268 
10.099 82.6857 28.3452 42.2701 40.3836 59.3027 72.0657 42.5247 68.7679 44.6651 54.0102 0.0 31.0768 38.5261 36.3847 33.1603 69.9644 41.6742 63.77 24.0 49.7214 41.2353 84.4666 33.4605 41.1248 28.2594 46.6173 55.2195 57.5547 50.3542 78.5091 74.172 50.5412 54.2443 32.2947 37.7064 31.0898 46.8815 36.9061 48.1856 69.165 52.8539 40.6987 21.1245 39.8537 57.2791 29.7588 56.264 26.095 67.6013 52.6993 35.2655 36.241 69.2177 24.4165 37.339 9.0 41.1248 42.8894 47.0476 24.3132 68.7787 83.4156 56.1553 52.8494 16.1803 29.1661 56.8845 45.4969 56.8343 
28.3235 85.3406 3.60555 58.9931 26.0 46.2937 74.7206 45.1796 71.4228 28.3414 23.1948 31.0768 0.0 13.4164 10.4403 53.3385 72.6192 62.0315 64.6443 3.60555 70.2567 61.3578 90.6321 33.6155 56.3662 13.0 27.2029 24.6982 31.1448 70.5762 81.164 81.2815 19.6469 25.5539 2.23607 30.3345 14.766 61.164 55.0818 69.029 86.2221 71.5681 43.3536 40.4475 59.7087 76.0785 20.6155 77.0443 44.911 69.8355 56.8815 56.3423 51.3696 60.5079 13.4536 57.194 26.0768 11.1803 53.639 40.7922 44.2832 81.9172 96.021 61.2421 55.4707 24.2993 28.8444 75.2861 65.1153 59.1692 
33.3766 81.0555 16.6433 59.9083 15.2315 34.1321 70.4344 41.299 66.5282 41.7536 19.2354 38.5261 13.4164 0.0 22.2036 61.6847 68.1175 65.2817 57.975 10.4403 78.1025 64.3817 86.6083 28.6007 68.0901 11.0 14.1421 27.0185 19.2354 78.848 76.4853 77.3886 21.4009 16.0312 14.8661 43.7467 28.1783 61.4419 65.4322 76.2955 86.4976 81.3801 39.4729 49.6506 63.0865 76.922 15.6525 80.4001 54.6211 63.3618 53.0009 62.2896 62.9261 48.3821 26.4008 58.6941 37.5261 8.06226 53.9118 31.305 52.8393 78.032 92.0869 57.3615 50.2494 27.0 25.0599 85.4106 74.023 53.0754 
36.4837 95.5541 10.0 69.1647 36.1248 56.1088 84.9341 55.3931 81.6363 22.8035 23.8537 36.3847 10.4403 22.2036 0.0 56.1427 82.8327 68.059 74.9727 12.0 73.1095 67.6201 100.846 43.8869 55.0818 23.4094 36.3456 20.025 36.8917 73.0068 91.3775 91.4949 16.7631 29.8329 8.24621 25.0 11.1803 71.3356 56.2253 72.4431 96.3936 72.5603 53.567 43.1856 66.2384 83.6638 31.0161 82.6378 47.0106 80.1193 67.095 61.131 50.448 70.323 13.0384 63.7237 30.0832 16.5529 63.8106 51.1957 47.2652 92.1307 106.234 71.4556 65.6972 34.4709 39.0768 75.9539 67.0298 69.4358 
29.0689 69.1158 50.1597 33.0151 61.9112 79.3119 62.1289 49.8491 63.7887 42.0476 76.531 33.1603 53.3385 61.6847 56.1427 0.0 62.3939 24.7386 74.697 56.5685 17.0 25.4951 69.8713 52.3094 19.2354 51.264 68.884 76.0592 80.6536 17.2627 69.029 60.2993 72.0069 77.4045 54.1479 40.7063 49.5013 38.0132 9.0 16.4924 54.231 20.6155 51.7813 13.0 33.1359 41.7852 51.4782 33.4215 9.48683 69.6419 43.6807 12.3693 17.4642 86.6893 43.1045 27.0185 27.2947 63.993 35.9026 66.0964 9.05539 58.5491 72.0347 46.8722 57.4925 36.7151 48.2599 24.8395 12.53 62.2147 
60.7969 13.0384 73.9558 29.6142 54.9181 50.01 3.0 28.8444 3.16228 91.3781 87.0057 69.9644 72.6192 68.1175 82.8327 62.3939 0.0 40.1622 25.318 72.9178 66.4831 38.8973 19.3132 39.6232 81.0987 60.1415 61.7814 94.7945 77.4403 69.2892 8.60233 13.1529 89.1403 80.455 74.8296 90.6336 85.6703 24.7386 71.3442 62.3939 30.4631 78.4474 30.0 62.8403 52.0 31.8277 53.0377 45.607 65.0832 13.0 20.6155 50.9902 78.0 43.1045 84.3809 35.5106 68.8271 75.743 27.0185 42.0583 61.0998 15.5242 25.2982 16.1245 18.0278 54.2412 43.8634 82.2192 70.342 16.7631 
33.8378 45.0444 63.3261 11.4018 59.5399 68.8596 39.2938 32.588 42.1545 60.8616 83.3774 41.6742 62.0315 65.2817 68.059 24.7386 40.1622 0.0 56.6392 64.0312 26.4008 1.41421 45.2769 43.4239 43.9318 54.3841 67.4759 86.516 82.0549 29.1548 45.7056 36.0 81.339 81.1542 64.203 60.1082 62.6513 15.6525 33.541 22.3607 30.0167 38.3275 34.5202 30.6105 24.3417 17.4929 51.0098 15.1327 30.8869 49.7393 25.4558 12.3693 42.0595 69.4046 55.9464 7.61577 38.5876 70.2275 17.8045 55.9751 27.4591 34.0588 47.2969 26.6271 39.598 38.521 43.4166 42.0595 30.4138 43.9318 
54.6025 36.1248 66.1029 45.2769 44.0263 27.7849 28.2843 29.4109 22.2036 91.3926 73.8859 63.77 64.6443 57.975 74.9727 74.697 25.318 56.6392 0.0 64.3032 82.201 55.2268 43.1045 31.3956 92.7606 51.676 46.9248 84.889 58.9869 84.6286 30.1496 38.4708 79.3338 64.6873 66.8802 93.3857 77.8173 41.7732 83.3669 78.4092 55.3624 92.6434 28.8617 72.8272 63.5611 54.2033 44.0862 66.4003 76.6443 13.0384 31.241 64.468 89.5611 18.0278 75.5812 49.8197 62.6328 65.8878 39.2046 43.4422 72.6608 40.7922 49.163 30.4795 17.2047 48.0468 36.4905 96.7143 84.1295 12.7279 
30.4138 85.6444 7.2111 60.489 24.1868 44.1118 75.0244 45.4834 71.7008 31.6228 20.025 24.0 3.60555 10.4403 12.0 56.5685 72.9178 64.0312 64.3032 0.0 73.437 63.3443 90.9359 33.6006 59.8814 12.8062 24.5153 22.8254 27.5862 73.8241 81.4678 81.5853 17.4642 21.9545 4.47214 33.6159 18.0475 62.6498 58.5235 72.111 87.7097 75.0 43.6574 43.7379 61.6952 77.5744 20.2485 79.0759 48.2701 69.6419 57.1853 59.1354 54.8848 58.326 17.0294 58.7721 29.2746 7.61577 55.1264 39.5601 47.5184 82.221 96.3248 61.5459 55.6058 26.0 29.0689 78.7464 68.4471 59.0762 
44.9222 70.214 67.1193 37.5899 76.9895 93.353 65.4599 57.3621 68.542 57.8705 93.4345 49.7214 70.2567 78.1025 73.1095 17.0 66.4831 26.4008 82.201 73.437 0.0 27.7308 69.2604 64.0929 27.5862 67.4463 84.309 93.0484 96.8401 3.0 71.5681 61.0 89.0056 93.9415 71.1126 56.3028 66.4311 42.0476 19.2354 4.12311 50.1597 13.0384 59.2943 30.0 42.8904 39.0512 66.8506 26.3059 26.1725 76.0592 51.0392 18.4391 28.8444 94.2023 60.075 32.45 44.1814 80.8383 43.0116 77.9299 26.0192 58.6941 70.0 52.8394 65.0 52.2015 63.2094 16.1245 8.48528 69.6348 
33.2415 44.0114 62.6525 10.0 58.4209 67.4752 38.0789 31.2035 40.8534 60.886 82.6848 41.2353 61.3578 64.3817 67.6201 25.4951 38.8973 1.41421 55.2268 63.3443 27.7308 0.0 44.4072 42.2135 44.7214 53.4842 66.3702 85.8424 81.0247 30.4631 44.5533 35.0143 80.6653 80.2247 63.5294 60.1415 62.2694 14.3178 34.3657 23.7065 29.6816 39.5601 33.1357 30.8058 23.6491 17.2047 50.0 16.0312 31.305 48.3735 24.0416 13.1529 42.72 68.0074 55.5698 6.32456 38.2753 69.535 16.4012 54.5906 27.7849 33.1361 46.5725 25.2389 38.1838 37.8285 42.2966 43.3244 31.5753 42.5206 
75.2991 7.0 91.9687 37.9473 73.9256 69.1231 16.5529 46.0109 21.8403 101.642 105.683 84.4666 90.6321 86.6083 100.846 69.8713 19.3132 45.2769 43.1045 90.9359 69.2604 44.4072 0.0 58.0086 89.1067 78.1545 80.9506 112.95 96.6171 72.2496 13.0 10.2956 107.311 99.4786 92.8455 100.898 105.556 33.2415 78.7718 65.192 21.4709 82.1523 47.5079 73.0548 62.264 30.2655 71.218 44.1475 74.7262 30.0666 35.4683 57.5587 86.885 61.131 98.8831 43.6807 77.5128 94.0213 38.9487 61.2351 70.8802 11.4018 6.08276 30.4795 37.1214 69.0274 61.8466 85.3756 75.0 36.0555 
24.3 52.4976 35.01 35.0808 17.2627 29.2858 41.8688 13.3417 38.2099 60.2997 47.7074 33.4605 33.6155 28.6007 43.8869 52.3094 39.6232 43.4239 31.3956 33.6006 64.0929 42.2135 58.0086 0.0 63.6923 20.8087 25.1794 55.1725 40.7922 66.1436 48.0833 48.8774 49.5177 42.1545 35.8469 62.2929 46.7244 35.1283 58.0054 60.8032 58.9406 72.8747 11.4018 42.5247 43.2025 51.1566 13.4536 57.7517 47.4237 36.2353 25.0 45.6561 58.9682 37.1282 44.4884 35.919 32.4605 36.1248 28.0 14.2127 44.5982 49.6488 63.5138 29.1548 22.0227 17.4642 5.09902 77.0674 64.796 25.5539 
39.4081 88.278 52.8736 52.0384 71.5084 90.375 81.0062 67.9127 82.2982 35.0143 78.3761 41.1248 56.3662 68.0901 55.0818 19.2354 81.0987 43.9318 92.7606 59.8814 27.5862 44.7214 89.1067 63.6923 0.0 59.3842 77.7421 74.7329 86.6844 25.6125 88.0057 79.511 71.8401 81.6844 56.6931 33.0 43.9659 57.0351 10.4403 29.8329 73.0548 19.9249 69.8449 21.4709 51.1995 60.7289 60.8836 51.0 17.088 87.8343 61.8965 31.5753 5.0 99.6619 50.6457 46.0435 33.2415 67.4944 54.231 77.4793 20.8806 77.7817 91.2195 65.2763 75.5561 47.0106 59.6429 22.2036 19.105 80.2783 
22.561 72.863 14.5634 49.3356 14.8661 35.4635 62.243 32.702 58.8982 39.8532 29.4109 28.2594 13.0 11.0 23.4094 51.264 60.1415 54.3841 51.676 12.8062 67.4463 53.4842 78.1545 20.8087 59.3842 0.0 19.105 35.0 29.4109 68.3081 68.6804 68.8039 29.4109 27.0185 15.2315 41.8463 26.2778 51.0987 55.1655 65.5134 76.1545 71.1126 30.876 39.3839 52.1096 66.4078 7.61577 69.5025 44.3544 56.9386 44.4039 51.3517 54.5004 49.6777 24.0418 47.8539 27.2594 16.5529 43.5687 28.1603 42.5441 69.4396 83.5434 48.7645 42.8019 16.0 16.2788 75.1439 63.6946 46.3249 
39.8246 74.8112 30.0832 60.0083 8.0 20.6155 64.4127 38.4708 59.7826 55.3715 27.4591 46.6173 27.2029 14.1421 36.3456 68.884 61.7814 67.4759 46.9248 24.5153 84.309 66.3702 80.9506 25.1794 77.7421 19.105 0.0 38.0789 15.8114 85.4927 69.7779 72.6154 32.8938 19.105 28.8617 57.3646 41.7961 60.2993 73.4983 81.9331 83.9524 89.1852 36.4966 57.6888 66.109 76.3217 17.4642 82.2192 62.6817 56.1779 50.01 67.1241 72.8583 34.8374 39.6015 60.208 45.6173 21.095 53.0913 21.2603 60.5392 73.736 86.764 53.8516 43.8292 32.2025 24.0832 93.2952 81.4125 45.9069 
52.8081 107.629 26.9258 83.311 41.8808 58.5235 97.0 67.4977 93.3381 40.8534 12.0 55.2195 24.6982 27.0185 20.025 76.0592 94.7945 86.516 84.889 22.8254 93.0484 85.8424 112.95 55.1725 74.7329 35.0 38.0789 0.0 30.0 93.0 103.247 103.6 5.65685 22.0227 23.0868 43.0813 31.1448 85.4751 76.2365 92.2659 110.535 92.5419 65.6717 63.0714 84.1933 100.396 41.7732 101.529 67.0 90.3601 79.1996 80.4114 70.214 72.8011 33.0 81.6786 49.4975 19.105 77.9518 57.9828 67.1193 104.235 118.339 83.5602 77.0779 48.7545 51.0882 95.8853 87.0517 80.0562 
51.923 90.4701 34.7131 75.2396 23.5372 32.0156 80.0733 54.1295 75.4415 58.8982 18.0 57.5547 31.1448 19.2354 36.8917 80.6536 77.4403 82.0549 58.9869 27.5862 96.8401 81.0247 96.6171 40.7922 86.6844 29.4109 15.8114 30.0 0.0 97.719 85.4368 88.3912 26.3059 8.06226 31.8277 60.959 45.4217 75.8151 84.4608 94.8314 99.6895 100.409 52.1728 68.6792 80.2604 91.8258 31.0644 97.0052 73.6498 70.528 65.7343 80.4114 81.6878 46.0435 44.5982 75.0 56.5547 20.6155 68.7789 36.3593 71.8679 89.5377 102.46 69.6419 59.5063 44.911 39.1152 104.439 93.0484 61.5658 
45.8803 73.1642 67.3647 40.2492 78.2624 95.4037 68.3081 59.7819 71.3092 57.0088 93.771 50.3542 70.5762 78.848 73.0068 17.2627 69.2892 29.1548 84.6286 73.8241 3.0 30.4631 72.2496 66.1436 25.6125 68.3081 85.4927 93.0 97.719 0.0 74.4648 63.9531 89.0898 94.5985 71.3442 55.3624 62.0727 44.7772 18.0278 7.07107 53.1507 10.0499 61.7141 30.1496 44.9411 42.0476 68.0294 29.2746 26.0 78.7147 53.535 20.5183 27.2947 96.6221 60.0 34.9857 44.5533 81.2533 45.4863 79.9806 26.3059 61.6604 73.0 55.4707 67.424 53.3104 64.4823 13.1529 6.7082 72.111 
69.3416 6.0 82.5006 36.0139 63.0079 56.6127 7.28011 37.4433 10.0 98.6378 95.268 78.5091 81.164 76.4853 91.3775 69.029 8.60233 45.7056 30.1496 81.4678 71.5681 44.5533 13.0 48.0833 88.0057 68.6804 69.7779 103.247 85.4368 74.4648 0.0 12.0416 97.591 88.4909 83.3743 97.8934 94.215 31.0161 78.0256 67.4463 29.8329 83.9524 38.6005 70.1 59.2597 34.4819 61.5224 48.7647 72.3395 17.1172 28.7924 57.2189 85.1469 48.1664 92.9256 42.0119 77.3719 84.1724 34.5254 50.0548 68.3593 14.8661 19.0263 24.0416 26.2488 62.7859 52.4023 87.5557 76.1183 24.1868 
65.0045 9.21954 82.618 27.8927 65.307 62.514 10.198 36.4005 16.2788 91.4877 96.566 74.172 81.2815 77.3886 91.4949 60.2993 13.1529 36.0 38.4708 81.5853 61.0 35.0143 10.2956 48.8774 79.511 68.8039 72.6154 103.6 88.3912 63.9531 12.0416 0.0 97.9603 90.7855 83.4949 90.7433 95.2618 23.0868 69.2604 56.8859 18.0278 73.6817 38.0132 62.9365 52.1096 22.8473 61.8722 37.1618 64.7611 25.9615 25.4558 48.0937 77.1038 56.2228 88.5885 33.7343 67.3584 84.6743 28.6531 53.1512 60.8769 2.82843 14.8661 20.5183 29.1204 58.7328 52.529 77.1038 66.1891 29.1548 
47.631 101.98 22.2036 77.929 36.3593 53.4509 91.351 61.8585 87.6812 38.9487 8.94427 50.5412 19.6469 21.4009 16.7631 72.0069 89.1403 81.339 79.3338 17.4642 89.0056 80.6653 107.311 49.5177 71.8401 29.4109 32.8938 5.65685 26.3059 89.0898 97.591 97.9603 0.0 18.2483 18.2483 41.1825 27.8927 80.0625 72.7112 88.0511 105.12 89.178 60.0324 59.0085 79.0074 95.0143 36.1248 96.3518 63.1269 84.7207 73.5604 75.8024 67.1863 67.6757 29.2746 76.4926 45.0999 13.4536 72.5338 52.4786 63.0 98.5961 112.7 77.921 71.4213 43.4626 45.4533 92.6203 83.2947 74.411 
49.366 93.4933 29.1548 75.3127 25.5539 38.0789 83.006 55.3624 78.4956 52.3259 10.0499 54.2443 25.5539 16.0312 29.8329 77.4045 80.455 81.1542 64.6873 21.9545 93.9415 80.2247 99.4786 42.1545 81.6844 27.0185 19.105 22.0227 8.06226 94.5985 88.4909 90.7855 18.2483 0.0 25.807 54.4518 39.1142 76.6274 80.1595 92.228 100.919 96.6147 53.4883 65.2337 79.0294 92.1954 30.5941 96.2549 69.8173 74.8908 67.0671 78.3135 76.6878 52.3546 38.833 74.4312 50.7318 14.4222 69.0973 40.3609 68.5575 91.7061 105.19 71.3092 62.434 43.0116 39.5601 100.401 89.7412 64.6199 
30.4951 87.551 4.0 61.1647 28.0179 48.2035 76.931 47.39 73.6332 27.2029 22.561 32.2947 2.23607 14.8661 8.24621 54.1479 74.8296 64.203 66.8802 4.47214 71.1126 63.5294 92.8455 35.8469 56.6931 15.2315 28.8617 23.0868 31.8277 71.3442 83.3743 83.4949 18.2483 25.807 0.0 29.2062 13.6378 63.3356 55.5428 70.0 88.3936 72.0347 45.5639 41.1947 61.8803 78.2501 22.8473 79.2159 45.5412 72.0694 59.095 57.5587 51.6965 62.4177 13.0384 59.3656 27.0 11.4018 55.8106 42.9535 45.0999 84.1307 98.2345 63.4556 57.6888 26.4709 31.0644 75.6902 65.7647 61.4003 
37.3533 98.8779 27.2913 63.0501 55.4892 75.9638 90.7433 70.2312 96.4744 2.23607 48.8262 37.7064 30.3345 43.7467 25.0 40.7063 90.6336 60.1082 93.3857 33.6159 56.3028 60.1415 100.898 62.2929 33.0 41.8463 57.3646 43.0813 60.959 55.3624 97.8934 90.7433 41.1825 54.4518 29.2062 0.0 15.8114 67.6614 37.3631 56.8595 89.5393 52.345 68.4051 29.8329 60.6336 77.2427 49.4337 72.6223 31.3847 95.3078 71.3306 49.8197 29.1548 90.178 22.2766 57.9379 28.9538 40.3609 63.6693 69.8767 33.6006 89.5586 104.196 74.7135 80.5559 52.8769 57.4828 55.0818 48.7647 84.5407 
31.1888 98.3916 11.7229 63.3599 39.9207 60.3954 87.7716 58.2306 84.4738 13.8924 34.4384 31.0898 14.766 28.1783 11.1803 49.5013 85.6703 62.6513 77.8173 18.0475 66.4311 62.2694 105.556 46.7244 43.9659 26.2778 41.7961 31.1448 45.4217 62.0727 94.215 95.2618 27.8927 39.1142 13.6378 15.8114 0.0 67.9713 45.0999 65.8757 90.2548 61.4003 56.4046 36.6017 60.9435 78.3689 33.8653 76.9689 36.1649 82.9568 73.7891 55.0471 39.2938 74.6096 6.7082 58.4288 24.1678 24.8635 63.9792 54.3083 40.7068 89.8684 104.505 77.2451 68.5348 37.3084 41.9143 64.7765 56.0 72.2733 
38.6433 31.4006 62.4587 5.0 52.345 56.7787 24.1868 22.0 26.5707 68.4059 80.4565 46.8815 61.164 61.4419 71.3356 38.0132 24.7386 15.6525 41.7732 62.6498 42.0476 14.3178 33.2415 35.1283 57.0351 51.0987 60.2993 85.4751 75.8151 44.7772 31.0161 23.0868 80.0625 76.6274 63.3356 67.6614 67.9713 0.0 47.0106 38.0132 25.0599 53.7587 24.0 39.8497 29.0278 16.0312 46.0522 25.0599 41.7732 34.1321 11.7047 26.3059 54.3323 55.9464 61.298 11.0 44.2766 67.6384 7.61577 44.7214 37.855 21.9317 36.7151 11.3137 25.2389 37.6442 37.2285 57.5847 45.607 29.0689 
34.0588 78.1025 51.6624 42.0119 67.0075 85.0079 71.1126 58.519 72.6911 39.0512 78.1025 36.9061 55.0818 65.4322 56.2253 9.0 71.3442 33.541 83.3669 58.5235 19.2354 34.3657 78.7718 58.0054 10.4403 55.1655 73.4983 76.2365 84.4608 18.0278 78.0256 69.2604 72.7112 80.1595 55.5428 37.3631 45.0999 47.0106 0.0 20.6155 62.6259 16.4924 60.4512 15.8114 41.8058 50.2892 56.4004 40.8167 10.8167 78.4136 52.4758 21.2132 9.89949 93.975 43.445 36.0139 29.9666 66.0984 44.7214 71.7924 13.4536 67.4759 80.8084 55.7315 66.1624 41.8688 53.956 20.2485 11.4018 70.8846 
42.9535 66.0984 66.0 33.6155 74.5767 90.0633 61.3514 53.6115 64.4748 58.3095 92.1358 48.1856 69.029 76.2955 72.4431 16.4924 62.3939 22.3607 78.4092 72.111 4.12311 23.7065 65.192 60.8032 29.8329 65.5134 81.9331 92.2659 94.8314 7.07107 67.4463 56.8859 88.0511 92.228 70.0 56.8595 65.8757 38.0132 20.6155 0.0 46.2709 17.0 55.5437 29.2746 39.6007 35.0143 64.5136 22.561 25.9615 72.0694 47.2017 15.2643 30.4795 90.4516 59.4138 28.6007 43.0 79.3104 39.2046 74.6401 25.1794 54.5894 66.0076 48.8774 61.2209 50.0 59.9216 20.2237 11.1803 65.8027 
60.9268 25.4951 87.5167 27.8029 76.1577 77.026 27.7308 45.607 33.6155 90.2838 105.512 69.165 86.2221 86.4976 96.3936 54.231 30.4631 30.0167 55.3624 87.7097 50.1597 29.6816 21.4709 58.9406 73.0548 76.1545 83.9524 110.535 99.6895 53.1507 29.8329 18.0278 105.12 100.919 88.3936 89.5393 90.2548 25.0599 62.6259 46.2709 0.0 63.1981 47.5395 60.4649 51.3113 12.53 71.3205 24.0 60.9016 43.4626 33.9559 42.0476 71.6938 72.5672 83.5815 31.8277 66.5601 92.6941 32.6497 66.1211 57.4543 15.2643 20.3961 30.2655 43.0465 62.7022 61.9774 66.0303 56.8859 44.5533 
49.3964 82.8734 68.1542 49.0408 82.3772 99.8772 77.6209 68.7619 80.3243 54.231 94.5939 52.8539 71.5681 81.3801 72.5603 20.6155 78.4474 38.3275 92.6434 75.0 13.0384 39.5601 82.1523 72.8747 19.9249 71.1126 89.1852 92.5419 100.409 10.0499 83.9524 73.6817 89.178 96.6147 72.0347 52.345 61.4003 53.7587 16.4924 17.0 63.1981 0.0 70.6941 31.7805 52.0488 52.0096 71.8679 39.3192 26.9258 87.3212 61.7171 28.178 23.1948 105.602 59.9118 43.4626 46.2385 82.5651 53.6656 86.6617 28.6531 71.4493 83.006 64.0781 75.4389 57.1402 68.8253 4.24264 8.60233 80.1612 
31.5312 42.45 44.6902 24.5153 28.6356 35.5788 31.8904 2.0 29.1548 69.9799 58.6686 40.6987 43.3536 39.4729 53.567 51.7813 30.0 34.5202 28.8617 43.6574 59.2943 33.1357 47.5079 11.4018 69.8449 30.876 36.4966 65.6717 52.1728 61.7141 38.6005 38.0132 60.0324 53.4883 45.5639 68.4051 56.4046 24.0 60.4512 55.5437 47.5395 70.6941 0.0 49.7559 40.6454 40.0125 23.9443 47.5395 53.7286 29.6142 13.6015 41.5524 66.1994 36.7967 54.1685 27.1226 39.5615 46.7464 17.2627 21.5407 49.7451 38.5876 52.8015 17.8885 14.3178 24.9755 14.6011 74.867 62.0953 19.105 
18.3848 71.0846 37.2156 35.1141 51.225 69.5272 62.9499 49.5535 63.9473 30.8058 63.6396 21.1245 40.4475 49.6506 43.1856 13.0 62.8403 30.6105 72.8272 43.7379 30.0 30.8058 73.0548 42.5247 21.4709 39.3839 57.6888 63.0714 68.6792 30.1496 70.1 62.9365 59.0085 65.2337 41.1947 29.8329 36.6017 39.8497 15.8114 29.2746 60.4649 31.7805 49.7559 0.0 32.8403 48.0104 40.6079 42.8019 5.0 69.4752 43.5373 20.0 17.088 78.4943 30.1496 29.5466 14.5602 51.2023 35.876 56.3117 4.12311 61.6847 76.1577 46.9202 57.1969 26.1725 38.4753 35.7771 24.7386 61.9191 
31.6155 60.2443 61.0034 24.4164 58.2969 72.4626 52.1096 38.7132 53.107 61.3781 81.0357 39.8537 59.7087 63.0865 66.2384 33.1359 52.0 24.3417 63.5611 61.6952 42.8904 23.6491 62.264 43.2025 51.1995 52.1096 66.109 84.1933 80.2604 44.9411 59.2597 52.1096 79.0074 79.0294 61.8803 60.6336 60.9435 29.0278 41.8058 39.6007 51.3113 52.0488 40.6454 32.8403 0.0 39.4253 49.2099 39.4429 35.0832 58.6348 32.697 24.4536 48.0 75.5533 54.2702 19.4853 37.2488 67.8859 25.0357 57.0394 31.0998 50.9249 65.5619 36.0799 46.3565 36.1794 42.3209 56.2217 43.45 51.0788 
49.0409 31.9531 77.3732 17.088 68.3593 72.1803 29.8329 38.0132 34.6554 77.9872 95.8175 57.2791 76.0785 76.922 83.6638 41.7852 31.8277 17.4929 54.2033 77.5744 39.0512 17.2047 30.2655 51.1566 60.7289 66.4078 76.3217 100.396 91.8258 42.0476 34.4819 22.8473 95.0143 92.1954 78.2501 77.2427 78.3689 16.0312 50.2892 35.0143 12.53 52.0096 40.0125 48.0104 39.4253 0.0 61.6117 14.3178 48.3735 44.0454 27.1662 29.5466 59.2368 70.0071 71.6955 20.0 54.6717 82.8734 23.3452 60.407 44.9444 20.2485 31.0644 25.0 39.2173 52.5586 52.7996 55.1453 45.1774 42.0476 
22.4722 65.8559 22.1509 44.7214 10.6301 30.1589 55.2268 25.7703 51.6624 47.4406 34.8855 29.7588 20.6155 15.6525 31.0161 51.4782 53.0377 51.0098 44.0862 20.2485 66.8506 50.0 71.218 13.4536 60.8836 7.61577 17.4642 41.7732 31.0644 68.0294 61.5224 61.8722 36.1248 30.5941 22.8473 49.4337 33.8653 46.0522 56.4004 64.5136 71.3205 71.8679 23.9443 40.6079 49.2099 61.6117 0.0 66.0076 45.607 49.3964 37.4722 49.7312 55.9998 44.3731 31.6292 44.0454 28.7588 22.8035 38.5222 21.0 43.2666 62.5079 76.6094 41.8328 35.4683 14.7648 9.43398 76.0066 64.0078 38.833 
48.7647 46.2385 74.6093 23.0868 74.2428 81.4768 43.8292 45.607 48.2701 73.6003 98.4786 56.264 77.0443 80.4001 82.6378 33.4215 45.607 15.1327 66.4003 79.0759 26.3059 16.0312 44.1475 57.7517 51.0 69.5025 82.2192 101.529 97.0052 29.2746 48.7647 37.1618 96.3518 96.2549 79.2159 72.6223 76.9689 25.0599 40.8167 22.561 24.0 39.3192 47.5395 42.8019 39.4429 14.3178 66.0076 0.0 41.7253 57.28 36.6742 22.8035 50.4777 81.0062 70.2638 22.0227 52.8015 85.3288 30.3645 68.9638 39.0512 34.5398 44.1814 36.0555 50.2494 53.6223 58.1378 42.0476 33.5261 53.8238 
23.3452 73.1642 41.5933 36.8782 56.2228 74.4262 65.1928 51.7964 66.1902 32.6497 68.0661 26.095 44.911 54.6211 47.0106 9.48683 65.0832 30.8869 76.6443 48.2701 26.1725 31.305 74.7262 47.4237 17.088 44.3544 62.6817 67.0 73.6498 26.0 72.3395 64.7611 63.1269 69.8173 45.5412 31.3847 36.1649 41.7732 10.8167 25.9615 60.9016 26.9258 53.7286 5.0 35.0832 48.3735 45.607 41.7253 0.0 71.718 45.7801 19.2094 13.1529 83.3933 34.0 31.0483 19.3132 55.7853 38.1189 61.2107 4.0 63.3246 77.4919 49.1631 59.4397 31.1448 43.3743 30.8707 20.2237 64.162 
58.4338 23.0868 71.2424 38.4708 49.4131 39.9249 15.8114 29.2746 9.84886 96.5322 81.7978 67.6013 69.8355 63.3618 80.1193 69.6419 13.0 49.7393 13.0384 69.6419 76.0592 48.3735 30.0666 36.2353 87.8343 56.9386 56.1779 90.3601 70.528 78.7147 17.1172 25.9615 84.7207 74.8908 72.0694 95.3078 82.9568 34.1321 78.4136 72.0694 43.4626 87.3212 29.6142 69.4752 58.6348 44.0454 49.3964 57.28 71.718 0.0 25.9615 59.2368 84.6348 31.0644 80.7208 43.8634 66.4641 71.2746 33.8378 36.4547 67.7346 28.4605 36.1248 23.2594 15.2971 51.8781 41.1461 91.2853 78.924 10.7703 
43.5318 31.3847 58.2181 14.2127 42.2019 45.1242 21.5407 11.7047 21.095 72.0751 72.2115 52.6993 56.8815 53.0009 67.095 43.6807 20.6155 25.4558 31.241 57.1853 51.0392 24.0416 35.4683 25.0 61.8965 44.4039 50.01 79.1996 65.7343 53.535 28.7924 25.4558 73.5604 67.0671 59.095 71.3306 73.7891 11.7047 52.4758 47.2017 33.9559 61.7171 13.6015 43.5373 32.697 27.1662 37.4722 36.6742 45.7801 25.9615 0.0 33.541 58.697 44.4185 67.1158 18.6011 51.5621 60.2743 8.06226 33.2415 41.7967 25.6125 40.3113 5.0 14.1421 37.2601 28.1291 65.7647 53.2259 18.6011 
29.0172 57.0088 53.6004 21.3776 59.7678 74.9162 50.4876 39.6201 52.6308 50.8035 79.0569 35.2655 56.3423 62.2896 61.131 12.3693 50.9902 12.3693 64.468 59.1354 18.4391 13.1529 57.5587 45.6561 31.5753 51.3517 67.1241 80.4114 80.4114 20.5183 57.2189 48.0937 75.8024 78.3135 57.5587 49.8197 55.0471 26.3059 21.2132 15.2643 42.0476 28.178 41.5524 20.0 24.4536 29.5466 49.7312 22.8035 19.2094 59.2368 33.541 0.0 29.7321 76.4603 48.3839 15.5242 31.0483 66.0076 25.4951 59.4931 16.2788 46.2709 59.6657 36.0555 47.2635 35.5106 44.7745 32.249 19.6977 51.9711 
34.6699 85.7088 47.877 49.366 66.6246 85.5291 78.0577 64.7132 79.107 31.0644 73.6874 36.241 51.3696 62.9261 50.448 17.4642 78.0 42.0595 89.5611 54.8848 28.8444 42.72 86.885 58.9682 5.0 54.5004 72.8583 70.214 81.6878 27.2947 85.1469 77.1038 67.1863 76.6878 51.6965 29.1548 39.2938 54.3323 9.89949 30.4795 71.6938 23.1948 66.1994 17.088 48.0 59.2368 55.9998 50.4777 13.1529 84.6348 58.697 29.7321 0.0 94.9378 45.9571 43.4166 28.2843 62.4978 51.0098 72.7553 17.1172 75.505 89.2861 62.0799 72.3565 42.2019 54.9181 26.0 20.5913 77.0788 
60.2696 54.1479 62.8952 58.5235 34.8374 14.3178 46.0977 38.1838 40.05 88.1849 61.7414 69.2177 60.5079 48.3821 70.323 86.6893 43.1045 69.4046 18.0278 58.326 94.2023 68.0074 61.131 37.1282 99.6619 49.6777 34.8374 72.8011 46.0435 96.6221 48.1664 56.2228 67.6757 52.3546 62.4177 90.178 74.6096 55.9464 93.975 90.4516 72.5672 105.602 36.7967 78.4943 75.5533 70.0071 44.3731 81.0062 83.3933 31.0644 44.4185 76.4603 94.9378 0.0 72.3735 62.0305 68.2177 55.8098 51.614 31.3548 80.5678 58.4209 67.1863 45.1885 30.8707 53.7761 42.2231 109.775 97.0033 28.1603 
24.5155 97.1022 9.89949 56.6866 37.6847 58.1593 86.4822 56.9412 83.1844 20.2835 35.1141 24.4165 13.4536 26.4008 13.0384 43.1045 84.3809 55.9464 75.5812 17.0294 60.075 55.5698 98.8831 44.4884 50.6457 24.0418 39.6015 33.0 44.5982 60.0 92.9256 88.5885 29.2746 38.833 13.0384 22.2766 6.7082 61.298 43.445 59.4138 83.5815 59.9118 54.1685 30.1496 54.2702 71.6955 31.6292 70.2638 34.0 80.7208 67.1158 48.3839 45.9571 72.3735 0.0 51.7555 17.4642 24.4131 57.3059 52.0722 34.2345 83.1951 97.8321 70.5718 66.2987 30.5968 39.6783 63.5163 54.0833 70.0373 
29.1008 42.2966 58.4887 6.0 52.2398 61.462 35.1283 25.1904 37.108 58.6824 77.1666 37.339 57.194 58.6941 63.7237 27.0185 35.5106 7.61577 49.8197 58.7721 32.45 6.32456 43.6807 35.919 46.0435 47.8539 60.208 81.6786 75.0 34.9857 42.0119 33.7343 76.4926 74.4312 59.3656 57.9379 58.4288 11.0 36.0139 28.6007 31.8277 43.4626 27.1226 29.5466 19.4853 20.0 44.0454 22.0227 31.0483 43.8634 18.6011 15.5242 43.4166 62.0305 51.7555 0.0 34.7341 64.1202 10.6301 48.5775 27.2029 32.28 46.6154 20.6155 32.6497 33.7564 36.1248 47.4236 35.1141 37.2022 
9.05539 81.5485 23.0 39.6652 39.3836 58.3027 70.9285 41.3875 67.6307 29.6983 49.2544 9.0 26.0768 37.5261 30.0832 27.2947 68.8271 38.5876 62.6328 29.2746 44.1814 38.2753 77.5128 32.4605 33.2415 27.2594 45.6173 49.4975 56.5547 44.5533 77.3719 67.3584 45.0999 50.7318 27.0 28.9538 24.1678 44.2766 29.9666 43.0 66.5601 46.2385 39.5615 14.5602 37.2488 54.6717 28.7588 52.8015 19.3132 66.4641 51.5621 31.0483 28.2843 68.2177 17.4642 34.7341 0.0 36.7004 40.2845 46.0476 18.2483 66.1737 80.8107 55.0181 51.7122 15.1803 28.1661 50.1597 39.2938 55.6971 
37.054 88.6172 14.7648 65.7875 23.2594 41.5933 77.9872 48.5724 74.2496 38.2884 13.1529 41.1248 11.1803 8.06226 16.5529 63.993 75.743 70.2275 65.8878 7.61577 80.8383 69.535 94.0213 36.1248 67.4944 16.5529 21.095 19.105 20.6155 81.2533 84.1724 84.6743 13.4536 14.4222 11.4018 40.3609 24.8635 67.6384 66.0984 79.3104 92.6941 82.5651 46.7464 51.2023 67.8859 82.8734 22.8035 85.3288 55.7853 71.2746 60.2743 66.0076 62.4978 55.8098 24.4131 64.1202 36.7004 0.0 60.1083 39.3573 54.9487 85.31 99.4138 64.6349 57.9828 31.7805 32.2025 86.3308 75.9303 60.959 
36.4021 36.0555 54.9337 7.28011 45.1197 51.2681 27.2947 15.2971 28.0713 64.4138 72.9265 42.8894 53.639 53.9118 63.8106 35.9026 27.0185 17.8045 39.2046 55.1264 43.0116 16.4012 38.9487 28.0 54.231 43.5687 53.0913 77.9518 68.7789 45.4863 34.5254 28.6531 72.5338 69.0973 55.8106 63.6693 63.9792 7.61577 44.7214 39.2046 32.6497 53.6656 17.2627 35.876 25.0357 23.3452 38.5222 30.3645 38.1189 33.8378 8.06226 25.4951 51.0098 51.614 57.3059 10.6301 40.2845 60.1083 0.0 38.6005 34.1354 28.0179 43.0116 11.0454 22.0227 30.1304 29.6985 57.7062 45.1885 26.6271 
38.0871 55.0881 42.5939 45.8803 16.1245 17.1406 44.6913 23.4094 40.0594 67.8836 48.2701 47.0476 40.7922 31.305 51.1957 66.0964 42.0583 55.9751 43.4422 39.5601 77.9299 54.5906 61.2351 14.2127 77.4793 28.1603 21.2603 57.9828 36.3593 79.9806 50.0548 53.1512 52.4786 40.3609 42.9535 69.8767 54.3083 44.7214 71.7924 74.6401 66.1211 86.6617 21.5407 56.3117 57.0394 60.407 21.0 68.9638 61.2107 36.4547 33.2415 59.4931 72.7553 31.3548 52.0722 48.5775 46.0476 39.3573 38.6005 0.0 58.3852 54.4916 67.0779 36.0 24.1246 30.8707 17.8885 90.8544 78.4894 26.1837 
20.8087 69.2315 41.1096 32.9848 53.8238 71.6007 61.2094 47.8129 62.2068 34.6699 67.4759 24.3132 44.2832 52.8393 47.2652 9.05539 61.0998 27.4591 72.6608 47.5184 26.0192 27.7849 70.8802 44.5982 20.8806 42.5441 60.5392 67.1193 71.8679 26.3059 68.3593 60.8769 63.0 68.5575 45.0999 33.6006 40.7068 37.855 13.4536 25.1794 57.4543 28.6531 49.7451 4.12311 31.0998 44.9444 43.2666 39.0512 4.0 67.7346 41.7967 16.2788 17.1172 80.5678 34.2345 27.2029 18.2483 54.9487 34.1354 58.3852 0.0 59.4811 73.736 45.1796 55.4563 28.6007 40.5488 32.7567 21.1896 60.1785 
64.3987 11.7047 83.2538 26.5707 66.3099 64.2806 12.6491 36.8917 18.6815 90.303 97.2471 68.7787 81.9172 78.032 92.1307 58.5491 15.5242 34.0588 40.7922 82.221 58.6941 33.1361 11.4018 49.6488 77.7817 69.4396 73.736 104.235 89.5377 61.6604 14.8661 2.82843 98.5961 91.7061 84.1307 89.5586 89.8684 21.9317 67.4759 54.5894 15.2643 71.4493 38.5876 61.6847 50.9249 20.2485 62.5079 34.5398 63.3246 28.4605 25.6125 46.2709 75.505 58.4209 83.1951 32.28 66.1737 85.31 28.0179 54.4916 59.4811 0.0 15.0 20.8087 30.5941 58.127 53.1647 74.8131 64.0703 31.0161 
79.3951 13.0384 97.3576 41.1461 79.6492 75.1864 22.4722 51.225 27.8927 104.94 111.221 83.4156 96.021 92.0869 106.234 72.0347 25.2982 47.2969 49.163 96.3248 70.0 46.5725 6.08276 63.5138 91.2195 83.5434 86.764 118.339 102.46 73.0 19.0263 14.8661 112.7 105.19 98.2345 104.196 104.505 36.7151 80.8084 66.0076 20.3961 83.006 52.8015 76.1577 65.5619 31.0644 76.6094 44.1814 77.4919 36.1248 40.3113 59.6657 89.2861 67.1863 97.8321 46.6154 80.8107 99.4138 43.0116 67.0779 73.736 15.0 0.0 35.3836 42.9535 73.1233 67.2685 86.0233 76.2365 42.0595 
46.9878 26.4197 62.5787 15.2643 46.1736 47.3814 16.7631 16.1245 17.0294 75.458 76.5721 56.1553 61.2421 57.3615 71.4556 46.8722 16.1245 26.6271 30.4795 61.5459 52.8394 25.2389 30.4795 29.1548 65.2763 48.7645 53.8516 83.5602 69.6419 55.4707 24.0416 20.5183 77.921 71.3092 63.4556 74.7135 77.2451 11.3137 55.7315 48.8774 30.2655 64.0781 17.8885 46.9202 36.0799 25.0 41.8328 36.0555 49.1631 23.2594 5.0 36.0555 62.0799 45.1885 70.5718 20.6155 55.0181 64.6349 11.0454 36.0 45.1796 20.8087 35.3836 0.0 14.3178 40.7161 32.4897 68.0294 55.7136 17.8045 
43.682 31.0644 56.8204 28.3196 36.8917 34.0 20.5913 14.0357 16.2788 82.1101 69.029 52.8494 55.4707 50.2494 65.6972 57.4925 18.0278 39.598 17.2047 55.6058 65.0 38.1838 37.1214 22.0227 75.5561 42.8019 43.8292 77.0779 59.5063 67.424 26.2488 29.1204 71.4213 62.434 57.6888 80.5559 68.5348 25.2389 66.1624 61.2209 43.0465 75.4389 14.3178 57.1969 46.3565 39.2173 35.4683 50.2494 59.4397 15.2971 14.1421 47.2635 72.3565 30.8707 66.2987 32.6497 51.7122 57.9828 22.0227 24.1246 55.4563 30.5941 42.9535 14.3178 0.0 37.1262 26.6271 79.5098 66.925 5.09902 
7.81025 67.2466 25.594 35.4733 25.2389 43.3874 56.3425 26.8015 53.0447 50.8838 44.911 16.1803 24.2993 27.0 34.4709 36.7151 54.2412 38.521 48.0468 26.0 52.2015 37.8285 69.0274 17.4642 47.0106 16.0 32.2025 48.7545 44.911 53.3104 62.7859 58.7328 43.4626 43.0116 26.4709 52.8769 37.3084 37.6442 41.8688 50.0 62.7022 57.1402 24.9755 26.1725 36.1794 52.5586 14.7648 53.6223 31.1448 51.8781 37.2601 35.5106 42.2019 53.7761 30.5968 33.7564 15.1803 31.7805 30.1304 30.8707 28.6007 58.127 73.1233 40.7161 37.1262 0.0 13.0 61.2944 49.2443 41.1111 
20.2485 56.5862 30.1999 36.1248 16.1245 31.3478 45.9674 16.4272 42.638 55.4897 44.2945 29.1661 28.8444 25.0599 39.0768 48.2599 43.8634 43.4166 36.4905 29.0689 63.2094 42.2966 61.8466 5.09902 59.6429 16.2788 24.0832 51.0882 39.1152 64.4823 52.4023 52.529 45.4533 39.5601 31.0644 57.4828 41.9143 37.2285 53.956 59.9216 61.9774 68.8253 14.6011 38.4753 42.3209 52.7996 9.43398 58.1378 43.3743 41.1461 28.1291 44.7745 54.9181 42.2231 39.6783 36.1248 28.1661 32.2025 29.6985 17.8885 40.5488 53.1647 67.2685 32.4897 26.6271 13.0 0.0 73.0179 60.7466 30.4138 
53.535 86.3134 71.8401 52.9245 86.5332 104.07 81.3204 72.9348 84.1546 57.0351 98.2344 56.8845 75.2861 85.4106 75.9539 24.8395 82.2192 42.0595 96.7143 78.7464 16.1245 43.3244 85.3756 77.0674 22.2036 75.1439 93.2952 95.8853 104.439 13.1529 87.5557 77.1038 92.6203 100.401 75.6902 55.0818 64.7765 57.5847 20.2485 20.2237 66.0303 4.24264 74.867 35.7771 56.2217 55.1453 76.0066 42.0476 30.8707 91.2853 65.7647 32.249 26.0 109.775 63.5163 47.4236 50.1597 86.3308 57.7062 90.8544 32.7567 74.8131 86.0233 68.0294 79.5098 61.2944 73.0179 0.0 12.8062 84.22 
41.5933 75.326 61.8142 40.8044 74.4312 91.7985 69.6348 60.1631 72.1249 50.448 88.2836 45.4969 65.1153 74.023 67.0298 12.53 70.342 30.4138 84.1295 68.4471 8.48528 31.5753 75.0 64.796 19.105 63.6946 81.4125 87.0517 93.0484 6.7082 76.1183 66.1891 83.2947 89.7412 65.7647 48.7647 56.0 45.607 11.4018 11.1803 56.8859 8.60233 62.0953 24.7386 43.45 45.1774 64.0078 33.5261 20.2237 78.924 53.2259 19.6977 20.5913 97.0033 54.0833 35.1141 39.2938 75.9303 45.1885 78.4894 21.1896 64.0703 76.2365 55.7136 66.925 49.2443 60.7466 12.8062 0.0 71.6472 
