NAME  : Jabali_70_2_0.90_1_3
TYPE : SVRP
MODEL : FINITE_SUPPORT
NUMBER_OF_SCENARIOS : 200
DIMENSION : 70
EDGE_WEIGHT_TYPE : MATRIX
CAPACITY : 210
N_VEHICLES : 2
NODE_COORD_SECTION
1 3778 3972
2 5586 7378
3 1606 6991
4 3603 7343
5 7639 4212
6 1491 485
7 3269 5934
8 103 6799
9 6716 5752
10 6418 3922
11 1780 301
12 2282 7193
13 5992 2098
14 1802 5430
15 212 6507
16 6905 809
17 6635 7250
18 27 5791
19 2471 128
20 5617 5513
21 453 6308
22 5056 3021
23 4164 215
24 6443 4084
25 5029 7473
26 6926 7069
27 6660 7732
28 5724 2327
29 2130 112
30 7368 6860
31 1961 1032
32 6351 3263
33 1214 496
34 5338 2162
35 2651 4107
36 2744 2696
37 3111 3203
38 2099 1307
39 6682 4330
40 6000 7763
41 3224 3494
42 5635 7858
43 5485 1653
44 894 4796
45 3374 1903
46 1650 1662
47 3310 6610
48 3646 18
49 4252 1790
50 2493 4636
51 4827 7062
52 2352 6045
53 6171 7216
54 4441 5418
55 1498 5209
56 2597 2213
57 1574 4017
58 6522 7723
59 2248 702
60 1237 2949
61 449 3050
62 3972 4747
63 1711 90
64 7373 4636
65 3198 6262
66 6868 2159
67 5706 7598
68 5113 2678
69 4784 3959
70 5544 5938
DEMAND_SECTION
1 0.0
2 5.0
3 10.0
4 7.0
5 5.0
6 2.0
7 6.0
8 9.0
9 3.0
10 3.0
11 1.0
12 8.0
13 4.0
14 3.0
15 10.0
16 8.0
17 10.0
18 5.0
19 5.0
20 5.0
21 6.0
22 4.0
23 2.0
24 7.0
25 5.0
26 6.0
27 5.0
28 4.0
29 5.0
30 7.0
31 8.0
32 8.0
33 9.0
34 2.0
35 10.0
36 5.0
37 1.0
38 6.0
39 3.0
40 3.0
41 10.0
42 8.0
43 5.0
44 7.0
45 10.0
46 3.0
47 1.0
48 6.0
49 7.0
50 4.0
51 8.0
52 2.0
53 6.0
54 2.0
55 3.0
56 8.0
57 7.0
58 1.0
59 7.0
60 6.0
61 3.0
62 5.0
63 9.0
64 5.0
65 4.0
66 4.0
67 9.0
68 7.0
69 1.0
70 6.0
DEVIATION_SECTION
1 0.0
2 1.66667
3 3.33333
4 2.33333
5 1.66667
6 0.666667
7 2.0
8 3.0
9 1.0
10 1.0
11 0.333333
12 2.66667
13 1.33333
14 1.0
15 3.33333
16 2.66667
17 3.33333
18 1.66667
19 1.66667
20 1.66667
21 2.0
22 1.33333
23 0.666667
24 2.33333
25 1.66667
26 2.0
27 1.66667
28 1.33333
29 1.66667
30 2.33333
31 2.66667
32 2.66667
33 3.0
34 0.666667
35 3.33333
36 1.66667
37 0.333333
38 2.0
39 1.0
40 1.0
41 3.33333
42 2.66667
43 1.66667
44 2.33333
45 3.33333
46 1.0
47 0.333333
48 2.0
49 2.33333
50 1.33333
51 2.66667
52 0.666667
53 2.0
54 0.666667
55 1.0
56 2.66667
57 2.33333
58 0.333333
59 2.33333
60 2.0
61 1.0
62 1.66667
63 3.0
64 1.66667
65 1.33333
66 1.33333
67 3.0
68 2.33333
69 0.333333
70 2.0
DISTANCE_MATRIX
0.0 52.6308 49.8945 45.3982 50.4876 56.5862 28.0713 64.0554 47.2029 34.7131 56.8507 47.5395 38.8348 34.9976 60.4558 61.0809 59.8766 56.479 55.5698 36.7631 56.8571 21.6023 52.2398 35.5106 50.2494 61.6055 63.691 34.6791 56.8595 64.6878 46.7547 35.7771 58.0 33.3005 14.0554 21.9317 13.4536 43.1856 38.1182 58.8272 10.0 57.8014 40.2251 39.2878 28.7924 42.0119 36.0 54.3415 31.0161 20.1007 44.7772 34.5707 55.0947 21.4009 35.4561 28.3196 27.4963 62.8638 49.4065 41.945 47.0797 10.7703 59.0339 48.0104 32.0624 49.0483 55.4437 25.6903 13.3417 38.8568 
52.6308 0.0 54.1479 27.2947 50.9215 109.124 37.3363 75.1066 26.5707 48.0104 109.481 45.2769 71.5681 56.6127 73.0068 91.0055 13.9284 77.4145 107.934 26.2488 71.0282 61.7999 100.734 47.0425 7.28011 17.8885 14.0357 69.0507 109.407 24.1868 99.3579 57.0088 110.39 71.0634 63.0 74.411 65.9469 95.7758 44.2832 6.7082 62.3699 5.38516 77.666 70.8378 80.5702 94.1439 33.3766 104.805 81.1167 69.0454 11.1803 52.9444 8.06226 31.241 61.0328 80.9197 70.4395 13.0384 102.005 84.3527 89.6322 42.45 111.665 44.5982 36.1386 72.0069 2.82843 65.146 50.6274 20.8806 
49.8945 54.1479 0.0 27.0 89.2045 87.8635 25.4951 21.0 69.3542 76.5294 90.2552 9.05539 87.4643 21.0 19.2354 109.772 67.6018 25.9422 93.2631 55.4992 18.0278 70.3238 98.3107 77.0324 47.0425 71.0211 68.0661 83.3547 92.6553 76.6877 80.6226 80.8084 87.5557 82.022 41.0 60.208 55.109 77.4145 79.1252 60.0083 52.6308 56.0089 88.9466 29.9666 72.8354 72.0069 22.8473 98.4124 79.1331 34.7851 43.4166 31.3238 61.5224 44.0454 23.3452 66.0303 39.3192 67.0671 85.3756 53.1507 53.7122 43.0116 92.3959 83.6018 23.0217 97.1044 56.0357 74.4118 58.8218 53.6656 
45.3982 27.2947 27.0 0.0 68.1175 98.101 18.7883 48.0 46.2277 59.2536 99.104 18.0278 77.1298 34.2053 46.0977 99.0404 41.0 51.4198 99.0413 34.6699 44.4072 62.2896 97.6217 58.7799 20.0998 44.643 41.1096 73.5459 99.7125 50.5964 88.8148 67.0001 99.1697 73.6817 51.4866 63.9508 56.3205 85.0741 57.6888 33.0151 52.8867 29.0172 80.7527 48.2597 73.7564 82.9028 10.8167 99.6393 76.1643 38.0384 17.088 33.0 34.9285 28.8617 38.6005 70.6526 50.448 40.1123 92.1045 64.4083 69.2965 35.0571 101.34 62.2896 15.2643 84.8319 29.0689 66.3702 48.5077 31.8904 
50.4876 50.9215 89.2045 68.1175 0.0 97.4591 65.5 107.415 24.3516 16.0 95.4609 81.9723 40.5513 81.1358 104.045 45.8803 43.1856 104.997 89.5189 33.9706 101.297 39.5894 73.5497 15.0333 55.4617 40.0125 49.0918 38.7506 92.8731 36.2215 88.3904 24.1883 100.139 42.6123 64.5399 68.1264 60.5107 86.0445 12.6491 52.1728 58.0798 55.0818 47.189 89.7723 67.0369 90.032 66.4631 80.0537 55.9502 70.5853 53.8516 77.0942 45.1221 53.0388 85.373 73.5752 77.9808 49.163 87.5627 88.5733 97.5643 49.6738 97.0896 6.32456 66.5487 28.8444 52.2015 40.4411 37.2156 36.2353 
56.5862 109.124 87.8635 98.101 97.4591 0.0 79.5071 86.0523 99.5437 82.3676 4.24264 91.0934 63.9531 67.4463 83.006 73.5527 116.254 74.1687 13.0384 88.6101 80.0062 60.5395 35.7351 83.7748 106.212 115.779 120.234 61.6117 9.21954 117.029 10.0 75.7175 3.16228 56.5155 53.577 34.7131 43.1856 13.4536 87.9993 115.37 46.7547 114.215 56.3205 59.2115 32.2025 16.1555 87.5894 29.5466 41.2311 60.7956 100.603 81.3768 111.638 77.8974 64.5368 28.2843 48.7647 119.407 10.0499 34.7131 37.2156 66.7083 5.38516 97.3419 83.2763 74.6791 111.946 57.5395 64.7369 95.3996 
28.0713 37.3363 25.4951 18.7883 65.5 79.5071 0.0 43.4626 45.7701 51.2615 80.5101 20.5913 63.561 19.4165 40.4969 85.9069 48.6621 42.2966 80.4474 31.7947 37.6431 47.1275 80.0562 51.7645 31.7648 51.2445 50.9608 59.6154 81.1186 56.0089 70.2209 55.6058 80.5758 58.8218 32.8927 45.3569 37.855 66.4802 53.8573 44.0114 34.5254 41.1461 65.8027 33.5261 55.5788 64.3089 8.24621 81.6149 59.0762 20.6542 26.4008 15.6158 42.9535 18.6011 23.7697 52.0587 33.1109 50.0 73.5106 47.024 52.3036 18.9737 82.7459 59.8973 4.0 72.5639 39.9249 51.2445 34.4384 29.9765 
64.0554 75.1066 21.0 48.0 107.415 86.0523 43.4626 0.0 88.8651 92.5284 89.202 30.0167 102.32 29.6985 3.60555 123.205 88.459 12.1655 94.0479 74.8939 7.2111 85.088 104.056 93.0314 68.0294 91.7878 89.0505 98.1648 92.5419 97.3242 80.7527 96.5703 85.0 98.0554 50.0 65.7453 62.7694 78.0897 94.8577 81.0062 61.2944 77.0065 100.414 28.1603 78.9973 71.5681 42.9535 102.489 87.3212 45.9674 64.2806 46.5876 82.3893 61.7171 28.6007 70.146 42.1545 88.0511 85.9884 52.9528 49.0102 58.437 91.1373 102.997 42.0595 112.534 77.026 89.176 74.1966 73.0548 
47.2029 26.5707 69.3542 46.2277 24.3516 99.5437 45.7701 88.8651 0.0 24.3516 99.183 61.7738 49.3964 64.4682 86.0512 66.4831 20.3961 88.0391 96.575 17.0 83.3177 44.5982 82.662 23.0868 31.3847 18.3848 26.4764 47.8539 98.4462 17.6918 89.5462 33.6417 101.348 51.1077 61.2202 66.2029 58.5239 86.1313 19.4165 28.1603 55.8386 30.8058 56.7979 78.3881 68.9342 86.2368 46.5188 87.6185 63.3333 67.2655 30.4795 60.4266 21.095 33.3089 68.7055 71.66 74.6611 26.3059 91.3409 87.7426 94.2445 46.0709 101.273 18.0278 46.8188 47.676 27.8927 47.0106 34.8187 15.8114 
34.7131 48.0104 76.5294 59.2536 16.0 82.3676 51.2615 92.5284 24.3516 0.0 80.3693 71.6882 25.0834 65.9824 89.2962 43.0 44.643 89.8435 74.6528 24.6982 86.1433 24.1661 59.5483 1.41421 50.636 42.72 50.6952 23.8537 77.7816 41.1825 73.2989 9.30714 85.0477 27.6586 48.7379 52.1538 44.5382 70.9529 5.65685 51.2445 42.1073 53.0094 32.7567 73.9703 51.9454 72.2514 56.835 65.0538 41.1527 54.7832 47.5395 61.9409 44.4072 34.0373 70.2197 57.6026 62.1788 50.448 72.4712 72.6008 81.7622 34.5204 81.9981 15.2315 54.4855 24.0 50.01 25.2389 21.3776 28.8617 
56.8507 109.481 90.2552 99.104 95.4609 4.24264 80.5101 89.202 99.183 80.3693 0.0 93.145 61.6117 69.6348 86.093 70.2567 115.625 77.4145 8.94427 87.981 83.0241 58.5412 32.0156 81.7765 106.832 115.912 120.541 59.4811 5.0 116.668 10.2956 73.7192 7.2111 54.4059 54.5799 35.2278 43.6005 13.8924 86.001 115.677 47.2017 114.634 53.7587 62.0322 31.0644 18.2483 88.5924 25.632 39.2173 61.7985 101.257 82.3797 111.945 78.2432 66.9104 28.6007 50.9902 119.714 8.06226 37.2156 40.6079 67.2012 2.23607 95.3436 84.2792 72.1074 112.294 55.5412 64.3763 95.7066 
47.5395 45.2769 9.05539 18.0278 81.9723 91.0934 20.5913 30.0167 61.7738 71.6882 93.145 0.0 84.0952 23.7697 28.2843 106.452 58.8558 34.5398 95.364 48.267 26.9258 67.4166 98.2506 72.1912 38.1182 62.3699 59.1354 80.1124 95.1798 68.1542 83.2151 76.0357 91.0824 79.1202 41.0 61.131 55.0364 79.8849 71.2829 51.0392 52.171 47.0 86.047 35.609 73.0274 75.0 15.6205 99.0 78.0897 34.0588 34.7131 29.2132 52.7731 38.2884 27.2947 67.3647 42.3792 58.1378 87.8303 56.648 58.8303 39.3954 95.3362 76.3696 17.2047 93.1536 47.0956 71.5122 55.0091 46.3249 
38.8348 71.5681 87.4643 77.1298 40.5513 63.9531 63.561 102.32 49.3964 25.0834 61.6117 84.0952 0.0 73.2627 98.7208 22.3607 69.5701 93.8327 55.0273 46.0109 95.1221 17.6918 36.4005 26.4529 73.0274 67.7791 75.5844 4.24264 58.5235 66.2639 55.2268 16.1245 66.7533 8.24621 52.3204 43.9552 43.2782 53.0377 30.6576 75.505 44.4884 76.7919 8.60233 77.2431 34.1466 57.1417 70.2282 42.72 23.0217 58.3658 69.029 72.1405 68.884 48.2701 73.7212 44.2323 65.7402 75.2861 53.9351 62.5562 73.1123 44.7214 63.0635 39.8473 67.2309 11.7229 73.8241 14.2127 29.1548 51.0882 
34.9976 56.6127 21.0 34.2053 81.1358 67.4463 19.4165 29.6985 64.4682 65.9824 69.6348 23.7697 73.2627 0.0 26.1725 94.1475 68.0661 24.6982 72.3395 50.4928 22.6716 56.0303 77.666 66.4855 50.6952 70.5762 70.342 69.1071 71.8471 75.1685 59.8415 70.0244 67.3573 68.9976 21.0238 39.3192 34.7851 56.5685 68.5783 63.2456 32.6956 60.1664 71.6041 14.3178 52.1728 51.4198 24.1868 77.5242 59.2368 16.2788 45.5412 20.0416 62.3699 35.451 4.47214 45.0444 18.6815 69.3758 64.4981 32.8938 35.609 31.891 71.8053 78.3478 20.6155 83.4763 59.1354 60.1183 47.6506 48.6746 
60.4558 73.0068 19.2354 46.0977 104.045 83.006 40.4969 3.60555 86.0512 89.2962 86.093 28.2843 98.7208 26.1725 0.0 119.606 86.209 9.84886 90.7965 72.0758 3.60555 81.4884 100.595 89.7992 66.0076 89.4539 87.0 94.5652 89.3588 94.8947 77.5242 93.3381 82.0244 94.4558 46.4004 62.1608 59.1692 74.8131 91.4876 79.0253 57.6888 75.1066 96.8088 24.7386 75.4129 68.3593 40.4475 99.0404 83.7257 42.4264 62.0725 43.3553 80.1561 58.6003 25.0 66.6847 38.6264 86.0 82.7345 49.6488 46.0977 55.2048 88.0511 100.178 39.2938 108.934 75.0067 85.5764 70.9643 70.214 
61.0809 91.0055 109.772 99.0404 45.8803 73.5527 85.9069 123.205 66.4831 43.0 70.2567 106.452 22.3607 94.1475 119.606 0.0 86.8332 114.486 62.0322 66.6108 116.007 39.6611 39.0512 44.0114 93.3435 84.3445 92.9139 26.4197 66.0681 81.4923 66.7083 34.0588 76.6551 28.4253 73.2053 61.0328 60.4541 65.521 47.1699 94.1329 61.6643 96.0052 22.6716 96.7118 49.6488 71.1688 92.477 46.0977 38.0789 79.2506 89.8053 94.4523 87.2067 70.214 94.606 60.4152 84.5561 92.7793 63.7887 79.1421 89.6982 67.082 71.1126 50.9608 89.5545 19.0 93.0054 35.805 51.4782 71.3442 
59.8766 13.9284 67.6018 41.0 43.1856 116.254 48.6621 88.459 20.3961 44.643 115.625 58.8558 69.5701 68.0661 86.209 86.8332 0.0 90.05 113.779 29.0 84.0536 62.9682 101.71 43.4166 21.1896 4.24264 6.08276 67.7791 115.651 10.6301 106.262 53.9112 117.742 70.6824 70.6492 81.7111 73.2338 102.931 39.8121 10.6301 69.6722 14.8661 76.6942 82.0507 86.1385 101.499 46.0 106.413 82.1269 76.6945 24.1868 64.0892 6.08276 38.5351 72.3671 88.1839 83.3692 6.0 107.661 97.1716 103.674 49.8959 117.653 37.054 48.1664 68.0661 13.0384 65.8635 52.023 24.2074 
56.479 77.4145 25.9422 51.4198 104.997 74.1687 42.2966 12.1655 88.0391 89.8435 77.4145 34.5398 93.8327 24.6982 9.84886 114.486 90.05 0.0 82.5651 74.0637 8.48528 77.5116 93.5362 90.3465 70.7107 93.0 91.444 89.6771 80.895 98.0816 69.2315 91.8083 73.0274 89.3361 42.5206 56.8623 54.0588 66.7083 92.4393 83.7257 53.0754 80.0625 91.9427 18.0278 70.2465 60.0167 44.1022 91.7606 78.4772 39.9625 66.2722 43.9026 84.0952 59.312 21.9545 59.626 32.45 90.4489 74.5252 41.7612 37.0135 55.7521 79.3095 102.209 42.0119 104.958 79.6304 80.6883 69.7843 72.2455 
55.5698 107.934 93.2631 99.0413 89.5189 13.0384 80.4474 94.0479 96.575 74.6528 8.94427 95.364 55.0273 72.3395 90.7965 62.0322 113.779 82.5651 0.0 86.1351 87.5728 52.8246 23.3452 76.06 105.816 113.304 119.302 53.3104 4.12311 114.06 13.3417 68.0 16.1245 48.3322 55.3624 35.1141 42.9535 16.0312 80.2845 114.119 46.5188 113.16 46.8402 66.2722 27.6586 22.561 88.6934 16.7631 33.6155 62.6418 100.344 83.4321 109.942 76.8505 70.0643 28.4605 54.037 118.768 8.06226 41.1947 46.4866 66.242 9.21954 89.6271 84.3352 65.0533 110.741 49.8246 61.7682 90.0182 
36.7631 26.2488 55.4992 34.6699 33.9706 88.6101 31.7947 74.8939 17.0 24.6982 87.981 48.267 46.0109 50.4928 72.0758 66.6108 29.0 74.0637 86.1351 0.0 69.3422 35.5513 74.4858 24.1661 27.0185 29.4109 34.0588 43.1856 86.8559 31.7805 78.6177 32.7567 90.5465 44.911 51.4475 55.7631 48.084 75.2866 23.0217 31.305 45.3987 31.6228 51.6236 64.4127 58.4943 75.7969 32.7578 79.154 54.8681 57.4929 23.1948 46.4512 25.807 19.3335 54.73 61.0575 64.8884 33.4215 80.0165 77.97 84.4719 30.6943 90.0092 28.6007 32.8434 51.8848 28.7924 38.8973 24.3788 5.38516 
56.8571 71.0282 18.0278 44.4072 101.297 80.0062 37.6431 7.2111 83.3177 86.1433 83.0241 26.9258 95.1221 22.6716 3.60555 116.007 84.0536 8.48528 87.5728 69.3422 0.0 77.8897 97.151 86.6464 64.1249 87.2067 85.0529 90.9665 86.209 92.5419 74.3303 90.1852 79.1012 90.8571 42.8019 58.5806 55.5698 71.5681 88.7392 77.1622 54.0833 73.3348 93.2033 21.3776 71.8326 65.192 38.1182 95.6033 80.1311 38.8973 60.0 40.2025 78.0256 55.5428 21.4009 63.2409 35.1141 84.0536 79.511 46.3897 43.2897 52.0519 85.0059 97.4449 36.6742 105.336 73.1095 81.9777 67.8115 67.524 
21.6023 61.7999 70.3238 62.2896 39.5894 60.5395 47.1275 85.088 44.5982 24.1661 58.5412 67.4166 17.6918 56.0303 81.4884 39.6611 62.9682 77.5116 52.8246 35.5513 77.8897 0.0 38.9422 25.4951 61.6981 62.2013 68.6003 13.4536 55.9535 62.2896 51.4708 20.025 63.2195 11.7047 35.088 38.0799 30.4642 49.1248 29.5296 66.7153 28.0333 67.1722 18.6815 60.0106 30.1172 53.1123 54.3415 43.6105 19.3246 41.1334 56.8859 55.0 60.8276 34.0147 56.4888 40.2029 48.5078 68.0955 50.6431 58.5268 69.0829 28.1603 60.1699 39.3954 50.9608 28.6368 64.3295 4.12311 14.0357 40.9242 
52.2398 100.734 98.3107 97.6217 73.5497 35.7351 80.0562 104.056 82.662 59.5483 32.0156 98.2506 36.4005 77.666 100.595 39.0512 101.71 93.5362 23.3452 74.4858 97.151 38.9422 0.0 60.959 100.131 100.703 107.424 36.0694 27.4591 100.21 31.0644 51.6236 38.8973 31.8904 57.4282 38.6005 43.2897 31.241 65.192 105.648 46.0977 106.107 27.8029 75.9102 25.4951 38.2099 88.1419 7.07107 21.8403 64.195 94.9943 85.1038 99.7296 71.3112 76.6551 34.0147 62.2554 106.944 26.8328 52.4786 61.2209 62.6498 32.5576 74.3847 84.0536 44.7214 103.264 35.8469 52.6256 79.8587 
35.5106 47.0425 77.0324 58.7799 15.0333 83.7748 51.7645 93.0314 23.0868 1.41421 81.7765 72.1912 26.4529 66.4855 89.7992 44.0114 43.4166 90.3465 76.06 24.1661 86.6464 25.4951 60.959 0.0 49.8197 41.4367 49.4773 25.2389 79.1888 39.8246 74.7061 10.6766 86.4549 29.0689 49.5533 53.0977 45.4821 72.3601 4.24264 50.1597 43.0511 52.0 34.1342 74.7858 53.3526 73.1953 57.338 66.468 42.5599 55.5987 46.8402 62.4439 43.2897 34.5403 70.7227 58.5465 62.9943 49.2443 73.8784 73.5447 82.5777 35.0235 83.4052 13.9284 54.9885 25.02 49.0 26.6271 22.2036 28.1603 
50.2494 7.28011 47.0425 20.0998 55.4617 106.212 31.7648 68.0294 31.3847 50.636 106.832 38.1182 73.0274 50.6952 66.0076 93.3435 21.1896 70.7107 105.816 27.0185 64.1249 61.6981 100.131 49.8197 0.0 25.0799 21.0238 70.1783 107.07 31.305 96.6075 59.3043 107.317 71.7008 59.6717 71.6101 63.2456 93.0054 47.5395 13.0384 59.6406 9.48683 78.5175 65.0 78.7147 91.0502 26.9258 103.247 78.307 65.7171 5.65685 47.3573 15.2315 29.0689 55.1543 78.2368 64.8524 20.025 99.5691 78.7656 84.0451 39.6611 109.041 49.1935 30.0832 78.5578 9.0 65.466 47.8175 22.0227 
61.6055 17.8885 71.0211 44.643 40.0125 115.779 51.2445 91.7878 18.3848 42.72 115.912 62.3699 67.7791 70.5762 89.4539 84.3445 4.24264 93.0 113.304 29.4109 87.2067 62.2013 100.703 41.4367 25.0799 0.0 9.21954 66.2118 115.175 6.40312 105.786 52.0155 117.715 69.3542 72.378 82.9318 75.2527 102.455 37.6431 14.8661 71.401 19.105 75.1532 84.5106 85.663 102.966 49.0918 105.497 81.2111 78.4233 27.6586 66.5491 9.84886 40.2639 74.8279 88.2262 85.098 9.48683 108.07 98.9004 105.402 51.6247 118.002 34.0147 51.0098 65.7343 17.2047 64.8999 51.5475 25.0599 
63.691 14.0357 68.0661 41.1096 49.0918 120.234 50.9608 89.0505 26.4764 50.6952 120.541 59.1354 75.5844 70.342 87.0 92.9139 6.08276 91.444 119.302 34.0588 85.0529 68.6003 107.424 49.4773 21.0238 9.21954 0.0 73.736 120.023 14.7648 110.437 59.9577 121.557 76.5572 74.4635 85.5254 77.0482 106.861 45.8912 8.24621 73.4865 12.6491 82.6378 84.4808 91.6612 105.313 47.3814 112.103 87.8169 80.5088 25.1794 66.5235 8.60233 42.3495 74.7262 91.9983 84.0186 1.0 113.183 100.986 107.488 53.7103 122.722 43.0116 50.01 74.1485 12.0416 71.5891 57.5457 29.0 
34.6791 69.0507 83.3547 73.5459 38.7506 61.6117 59.6154 98.1648 47.8539 23.8537 59.4811 80.1124 4.24264 69.1071 94.5652 26.4197 67.7791 89.6771 53.3104 43.1856 90.9665 13.4536 36.0694 25.2389 70.1783 66.2118 73.736 0.0 56.648 65.0 52.6118 15.5563 64.3273 5.09902 48.1648 41.068 40.3909 50.2494 29.4436 73.2462 41.1101 74.3303 8.94427 73.0874 31.2594 54.2545 66.4078 42.0119 20.3961 54.2102 66.0076 68.0333 66.7608 44.7214 69.5656 41.3451 61.5846 73.3894 51.6624 59.669 70.225 40.7185 61.0328 38.6333 63.3246 15.6525 71.3863 10.0 25.2982 48.3735 
56.8595 109.407 92.6553 99.7125 92.8731 9.21954 81.1186 92.5419 98.4462 77.7816 5.0 95.1798 58.5235 71.8471 89.3588 66.0681 115.651 80.895 4.12311 86.8559 86.209 55.9535 27.4591 79.1888 107.07 115.175 120.023 56.648 0.0 115.931 12.0416 71.1126 12.2066 51.6236 55.7136 35.7771 43.909 15.2971 83.4133 115.592 47.5079 114.621 50.448 65.0308 29.7321 21.0238 89.3646 20.8806 36.6742 62.9682 101.548 83.5844 111.859 78.2368 69.3542 29.0689 53.3385 119.489 7.61577 40.0 44.3847 67.4166 5.09902 92.7559 85.0064 68.7267 112.213 52.9535 63.6395 92.2287 
64.6878 24.1868 76.6877 50.5964 36.2215 117.029 56.0089 97.3242 17.6918 41.1825 116.668 68.1542 66.2639 75.1685 94.8947 81.4923 10.6301 98.0816 114.06 31.7805 92.5419 62.2896 100.21 39.8246 31.305 6.40312 14.7648 65.0 115.931 0.0 107.031 50.4877 118.471 68.5055 76.3792 83.6878 76.0087 103.616 35.7771 21.2132 73.3234 25.4951 73.9256 89.0884 86.4191 103.722 54.4518 105.262 80.9771 82.4246 33.5261 71.1269 16.1245 44.2652 79.4057 88.9823 89.0992 15.2643 108.826 102.902 109.404 55.626 118.758 30.5941 56.0803 63.2456 23.6008 64.6607 52.3036 28.1603 
46.7547 99.3579 80.6226 88.8148 88.3904 10.0 70.2209 80.7527 89.5462 73.2989 10.2956 83.2151 55.2268 59.8415 77.5242 66.7083 106.262 69.2315 13.3417 78.6177 74.3303 51.4708 31.0644 74.7061 96.6075 105.786 110.437 52.6118 12.0416 107.031 0.0 66.6488 12.083 47.5184 44.2832 25.0 33.4215 3.60555 78.9306 105.573 37.0135 104.484 48.0 53.0848 22.4722 9.21954 78.3032 26.1725 32.249 51.5093 91.022 72.0905 101.841 68.1175 57.3149 18.4391 41.3038 109.61 5.38516 28.0179 33.2415 57.0088 12.53 88.2732 73.99 66.2673 102.176 48.4708 54.7394 85.603 
35.7771 57.0088 80.8084 67.0001 24.1883 75.7175 55.6058 96.5703 33.6417 9.30714 73.7192 76.0357 16.1245 70.0244 93.3381 34.0588 53.9112 91.8083 68.0 32.7567 90.1852 20.025 51.6236 10.6766 59.3043 52.0155 59.9577 15.5563 71.1126 50.4877 66.6488 0.0 78.3975 20.0 49.3847 52.3929 44.7772 64.3028 14.8813 60.407 42.3463 62.0725 24.2074 74.6171 45.2952 68.2903 61.1825 57.4891 34.4384 55.43 55.9017 65.9828 53.6006 38.3848 70.7854 55.3809 62.8256 59.7019 65.8211 73.7049 84.2609 38.2099 75.3479 24.0711 58.833 19.2655 59.0762 19.6469 23.0217 37.3363 
58.0 110.39 87.5557 99.1697 100.139 3.16228 80.5758 85.0 101.348 85.0477 7.2111 91.0824 66.7533 67.3573 82.0244 76.6551 117.742 73.0274 16.1245 90.5465 79.1012 63.2195 38.8973 86.4549 107.317 117.715 121.557 64.3273 12.2066 118.471 12.083 78.3975 0.0 59.2284 54.6456 36.0694 44.5533 15.2643 90.6794 116.692 48.0833 115.434 59.2115 58.5491 34.5398 16.6433 87.4946 32.6956 43.9318 61.8642 101.697 82.4454 112.96 79.2086 64.2884 29.8329 48.7032 120.729 13.0 34.4819 36.0139 67.9412 7.81025 100.022 83.1815 77.562 113.217 60.2195 66.5408 96.7225 
33.3005 71.0634 82.022 73.6817 42.6123 56.5155 58.8218 98.0554 51.1077 27.6586 54.4059 79.1202 8.24621 68.9976 94.4558 28.4253 70.6824 89.3361 48.3322 44.911 90.8571 11.7047 31.8904 29.0689 71.7008 69.3542 76.5572 5.09902 51.6236 68.5055 47.5184 20.0 59.2284 0.0 48.0554 35.9812 35.3042 45.1774 33.3017 75.5844 36.5144 76.4003 7.07107 71.4252 26.1726 49.1677 65.9697 37.5366 15.2971 54.1007 67.2864 66.6982 69.2892 45.0999 69.4561 36.2583 59.4062 76.1577 46.5725 54.5822 65.1383 39.8497 55.9732 42.4951 62.6418 19.9561 73.4983 7.61577 25.1794 50.2195 
14.0554 63.0 41.0 51.4866 64.5399 53.577 32.8927 50.0 61.2202 48.7379 54.5799 41.0 52.3204 21.0238 46.4004 73.2053 70.6492 42.5206 55.3624 51.4475 42.8019 35.088 57.4282 49.5533 59.6717 72.378 74.4635 48.1648 55.7136 76.3792 44.2832 49.3847 54.6456 48.0554 0.0 20.3961 14.1421 40.7185 52.1699 69.4438 11.7047 67.9365 50.6106 25.5539 32.0624 38.3788 41.1386 58.0 38.2753 7.28011 54.0408 28.2237 65.8672 32.2029 21.4009 26.9258 14.3211 73.6363 48.1041 27.4027 33.9046 20.8114 56.8157 62.0351 36.7805 62.534 65.8276 39.176 27.3607 49.6293 
21.9317 74.411 60.208 63.9508 68.1264 34.7131 45.3569 65.7453 66.2029 52.1538 35.2278 61.131 43.9552 39.3192 62.1608 61.0328 81.7111 56.8623 35.1141 55.7631 58.5806 38.0799 38.6005 53.0977 71.6101 82.9318 85.5254 41.068 35.7771 83.6878 25.0 52.3929 36.0694 35.9812 20.3961 0.0 8.48528 21.4009 56.1443 80.6616 12.0416 79.511 38.5877 39.0823 13.4164 20.2485 53.6029 38.2099 23.3452 27.6586 66.0303 48.6079 76.9291 43.1856 38.0789 6.7082 26.9266 84.6982 28.178 20.4667 31.0227 32.0156 37.4433 66.2745 49.2447 55.4678 77.2334 36.9258 31.4044 60.6912 
13.4536 65.9469 55.109 56.3205 60.5107 43.1856 37.855 62.7694 58.5239 44.5382 43.6005 55.0364 43.2782 34.7851 59.1692 60.4541 73.2338 54.0588 42.9535 48.084 55.5698 30.4642 43.2897 45.4821 63.2456 75.2527 77.0482 40.3909 43.909 76.0087 33.4215 44.7772 44.5533 35.3042 14.1421 8.48528 0.0 29.8329 48.5287 72.1844 3.60555 71.0634 37.9107 36.2788 18.0 28.6007 46.0977 44.0454 24.5967 21.0 57.6888 42.0147 68.4519 34.7131 34.4384 15.0 24.1231 76.221 36.3593 28.5643 39.1204 23.6008 45.8039 58.6589 41.7732 54.7908 68.7677 36.2488 23.7697 52.214 
43.1856 95.7758 77.4145 85.0741 86.0445 13.4536 66.4802 78.0897 86.1313 70.9529 13.8924 79.8849 53.0377 56.5685 74.8131 65.521 102.931 66.7083 16.0312 75.2866 71.5681 49.1248 31.241 72.3601 93.0054 102.455 106.861 50.2494 15.2971 103.616 3.60555 64.3028 15.2643 45.1774 40.7185 21.4009 29.8329 0.0 76.5846 101.997 33.4215 100.896 46.0977 50.2494 19.6469 7.2111 74.7315 27.0185 30.0167 47.9377 87.4185 68.5188 98.2647 64.5368 54.1479 14.8661 38.1182 106.034 8.0 25.1794 31.305 53.4135 16.1245 85.9272 70.4183 64.2441 98.5951 46.1248 51.3246 82.0268 
38.1182 44.2832 79.1252 57.6888 12.6491 87.9993 53.8573 94.8577 19.4165 5.65685 86.001 71.2829 30.6576 68.5783 91.4876 47.1699 39.8121 92.4393 80.2845 23.0217 88.7392 29.5296 65.192 4.24264 47.5395 37.6431 45.8912 29.4436 83.4133 35.7771 78.9306 14.8813 90.6794 33.3017 52.1699 56.1443 48.5287 76.5846 0.0 47.0106 46.0977 49.0918 38.3389 77.4023 57.5771 76.2419 55.7738 70.7107 46.7844 58.2153 44.9444 64.5367 40.05 36.6331 72.8155 61.5931 65.6108 45.7056 78.1029 76.5913 85.1943 37.1162 87.6298 10.198 55.8594 28.2843 46.0977 30.8058 25.0 26.4008 
58.8272 6.7082 60.0083 33.0151 52.1728 115.37 44.0114 81.0062 28.1603 51.2445 115.677 51.0392 75.505 63.2456 79.0253 94.1329 10.6301 83.7257 114.119 31.305 77.1622 66.7153 105.648 50.1597 13.0384 14.8661 8.24621 73.2462 115.592 21.2132 105.573 60.407 116.692 75.5844 69.4438 80.6616 72.1844 101.997 47.0106 0.0 68.6228 4.47214 82.0061 77.4919 86.7555 100.48 39.8121 110.316 86.0303 75.4891 17.72 59.6236 7.07107 37.4833 67.6757 87.1345 77.1187 7.28011 108.19 91.0319 96.3114 48.7955 117.858 45.8912 42.72 75.1665 4.12311 70.0071 55.5428 25.9422 
10.0 62.3699 52.6308 52.8867 58.0798 46.7547 34.5254 61.2944 55.8386 42.1073 47.2017 52.171 44.4884 32.6956 57.6888 61.6643 69.6722 53.0754 46.5188 45.3987 54.0833 28.0333 46.0977 43.0511 59.6406 71.401 73.4865 41.1101 47.5079 73.3234 37.0135 42.3463 48.0833 36.5144 11.7047 12.0416 3.60555 33.4215 46.0977 68.6228 0.0 67.4759 39.121 35.3836 21.095 32.0156 42.7551 47.1699 26.5707 18.1164 54.0833 39.0161 64.8903 31.1448 32.7567 18.6011 23.2281 72.6593 39.9625 31.9466 42.5027 20.0 49.4065 56.2228 38.4708 55.4793 65.192 32.1213 21.2132 48.6523 
57.8014 5.38516 56.0089 29.0172 55.0818 114.215 41.1461 77.0065 30.8058 53.0094 114.634 47.0 76.7919 60.1664 75.1066 96.0052 14.8661 80.0625 113.16 31.6228 73.3348 67.1722 106.107 52.0 9.48683 19.105 12.6491 74.3303 114.621 25.4951 104.484 62.0725 115.434 76.4003 67.9365 79.511 71.0634 100.896 49.0918 4.47214 67.4759 0.0 82.9759 74.4648 85.7963 99.1715 36.4005 110.031 86.4889 73.9818 14.7648 56.7545 10.2956 36.4005 64.622 86.0523 74.2496 11.7047 107.201 88.1627 93.4423 47.5079 116.825 48.7647 39.5601 77.0065 3.0 70.5195 55.9997 26.2488 
40.2251 77.666 88.9466 80.7527 47.189 56.3205 65.8027 100.414 56.7979 32.7567 53.7587 86.047 8.60233 71.6041 96.8088 22.6716 76.6942 91.9427 46.8402 51.6236 93.2033 18.6815 27.8029 34.1342 78.5175 75.1532 82.6378 8.94427 50.448 73.9256 48.0 24.2074 59.2115 7.07107 50.6106 38.5877 37.9107 46.0977 38.3389 82.0061 39.121 82.9759 0.0 74.1684 28.1603 50.8035 73.0068 34.1321 16.4924 56.7073 74.1796 73.6228 75.5844 52.1536 71.8699 38.6264 62.0127 82.28 46.2709 57.0956 67.6516 46.8402 55.109 47.5287 69.6419 18.3606 80.05 14.5602 32.249 56.8859 
39.2878 70.8378 29.9666 48.2597 89.7723 59.2115 33.5261 28.1603 78.3881 73.9703 62.0322 35.609 77.2431 14.3178 24.7386 96.7118 82.0507 18.0278 66.2722 64.4127 21.3776 60.0106 75.9102 74.7858 65.0 84.5106 84.4808 73.0874 65.0308 89.0884 53.0848 74.6171 58.5491 71.4252 25.5539 39.0823 36.2788 50.2494 77.4023 77.4919 35.3836 74.4648 74.1684 0.0 52.3343 44.0114 38.4708 74.3303 60.6973 24.7386 59.808 33.9615 76.4095 49.3709 9.84886 42.0 14.4222 83.5225 58.2151 25.0799 23.7697 46.0438 64.0703 87.2675 34.9285 87.4567 73.3894 64.0986 52.5931 62.5945 
28.7924 80.5702 72.8354 73.7564 67.0369 32.2025 55.5788 78.9973 68.9342 51.9454 31.0644 73.0274 34.1466 52.1728 75.4129 49.6488 86.1385 70.2465 27.6586 58.4943 71.8326 30.1172 25.4951 53.3526 78.7147 85.663 91.6612 31.2594 29.7321 86.4191 22.4722 45.2952 34.5398 26.1726 32.0624 13.4164 18.0 19.6469 57.5771 86.7555 21.095 85.7963 28.1603 52.3343 0.0 23.0217 63.7887 26.0768 11.7047 39.0 73.3485 60.0096 83.7907 49.6488 51.2445 10.8167 40.1786 91.1276 23.0217 29.7626 40.2244 39.5601 33.0151 66.9197 59.5399 45.6592 83.3767 27.1172 34.1274 62.4968 
42.0119 94.1439 72.0069 82.9028 90.032 16.1555 64.3089 71.5681 86.2368 72.2514 18.2483 75.0 57.1417 51.4198 68.3593 71.1688 101.499 60.0167 22.561 75.7969 65.192 53.1123 38.2099 73.1953 91.0502 102.966 105.313 54.2545 21.0238 103.722 9.21954 68.2903 16.6433 49.1677 38.3788 20.2485 28.6007 7.2111 76.2419 100.48 32.0156 99.1715 50.8035 44.0114 23.0217 0.0 72.3912 34.2053 34.3657 45.5974 85.4306 66.1786 96.7166 63.0082 48.6621 14.8661 32.7567 104.486 14.5602 19.0263 24.1661 51.696 20.3961 86.3721 68.0781 68.6543 96.9714 50.1123 51.502 80.4787 
36.0 33.3766 22.8473 10.8167 66.4631 87.5894 8.24621 42.9535 46.5188 56.835 88.5924 15.6205 70.2282 24.1868 40.4475 92.477 46.0 44.1022 88.6934 32.7578 38.1182 54.3415 88.1419 57.338 26.9258 49.0918 47.3814 66.4078 89.3646 54.4518 78.3032 61.1825 87.4946 65.9697 41.1386 53.6029 46.0977 74.7315 55.7738 39.8121 42.7551 36.4005 73.0068 38.4708 63.7887 72.3912 0.0 89.8053 67.0075 27.2511 22.2036 22.2127 40.0125 23.0217 28.6531 60.3047 39.6989 46.3897 81.7566 53.6209 58.7282 26.3059 90.8282 60.8605 4.47214 78.7214 35.6931 58.4637 41.1096 30.8869 
54.3415 104.805 98.4124 99.6393 80.0537 29.5466 81.6149 102.489 87.6185 65.0538 25.632 99.0 42.72 77.5242 99.0404 46.0977 106.413 91.7606 16.7631 79.154 95.6033 43.6105 7.07107 66.468 103.247 105.497 112.103 42.0119 20.8806 105.262 26.1725 57.4891 32.6956 37.5366 58.0 38.2099 44.0454 27.0185 70.7107 110.316 47.1699 110.031 34.1321 74.3303 26.0768 34.2053 89.8053 0.0 25.5539 65.0308 98.0816 86.0577 104.401 74.3303 76.1247 32.7567 60.7083 111.617 21.4009 50.1597 57.9828 65.0 25.9615 79.9365 85.5862 51.4804 107.612 40.6079 57.9482 84.5269 
31.0161 81.1167 79.1331 76.1643 55.9502 41.2311 59.0762 87.3212 63.3333 41.1527 39.2173 78.0897 23.0217 59.2368 83.7257 38.0789 82.1269 78.4772 33.6155 54.8681 80.1311 19.3246 21.8403 42.5599 78.307 81.2111 87.8169 20.3961 36.6742 80.9771 32.249 34.4384 43.9318 15.2971 38.2753 23.3452 24.5967 30.0167 46.7844 86.0303 26.5707 86.4889 16.4924 60.6973 11.7047 34.3657 67.0075 25.5539 0.0 44.5715 73.1699 64.8859 80.1148 49.4868 59.0339 22.3607 48.5416 87.3307 31.3209 41.068 51.624 41.1096 40.8534 56.127 63.0714 34.2985 83.6462 16.3246 33.0079 60.241 
20.1007 69.0454 34.7851 38.0384 70.5853 60.7956 20.6542 45.9674 67.2655 54.7832 61.7985 34.0588 58.3658 16.2788 42.4264 79.2506 76.6945 39.9625 62.6418 57.4929 38.8973 41.1334 64.195 55.5987 65.7171 78.4233 80.5088 54.2102 62.9682 82.4246 51.5093 55.43 61.8642 54.1007 7.28011 27.6586 21.0 47.9377 58.2153 75.4891 18.1164 73.9818 56.7073 24.7386 39.0 45.5974 27.2511 65.0308 44.5715 0.0 60.0862 21.0384 71.9126 38.2483 18.0278 34.2053 17.088 79.6816 55.3624 30.2047 36.7065 26.8567 64.0344 68.0804 22.9379 68.5794 71.873 45.2214 33.406 55.6746 
44.7772 11.1803 43.4166 17.088 53.8516 100.603 26.4008 64.2806 30.4795 47.5395 101.257 34.7131 69.029 45.5412 62.0725 89.8053 24.1868 66.2722 100.344 23.1948 60.0 56.8859 94.9943 46.8402 5.65685 27.6586 25.1794 66.0076 101.548 33.5261 91.022 55.9017 101.697 67.2864 54.0408 66.0303 57.6888 87.4185 44.9444 17.72 54.0833 14.7648 74.1796 59.808 73.3485 85.4306 22.2036 98.0816 73.1699 60.0862 0.0 42.0147 18.1108 23.7697 49.98 72.6705 59.5098 24.1868 94.0319 73.423 78.7025 34.1321 103.47 47.7074 25.0 75.0715 13.6015 60.6712 42.9535 18.6815 
34.5707 52.9444 31.3238 33.0 77.0942 81.3768 15.6158 46.5876 60.4266 61.9409 82.3797 29.2132 72.1405 20.0416 43.3553 94.4523 64.0892 43.9026 83.4321 46.4512 40.2025 55.0 85.1038 62.4439 47.3573 66.5491 66.5235 68.0333 83.5844 71.1269 72.0905 65.9828 82.4454 66.6982 28.2237 48.6079 42.0147 68.5188 64.5367 59.6236 39.0161 56.7545 73.6228 33.9615 60.0096 66.1786 22.2127 86.0577 64.8859 21.0384 42.0147 0.0 58.448 31.4094 24.2788 55.0744 33.4951 65.5674 76.0074 47.4083 52.6878 27.8494 84.6156 74.3062 17.8995 81.8461 55.5395 59.088 43.609 44.633 
55.0947 8.06226 61.5224 34.9285 45.1221 111.638 42.9535 82.3893 21.095 44.4072 111.945 52.7731 68.884 62.3699 80.1561 87.2067 6.08276 84.0952 109.942 25.807 78.0256 60.8276 99.7296 43.2897 15.2315 9.84886 8.60233 66.7608 111.859 16.1245 101.841 53.6006 112.96 69.2892 65.8672 76.9291 68.4519 98.2647 40.05 7.07107 64.8903 10.2956 75.5844 76.4095 83.7907 96.7166 40.0125 104.401 80.1148 71.9126 18.1108 58.448 0.0 33.7532 66.7083 83.402 78.5873 7.81025 104.458 92.3897 98.8916 45.114 114.126 38.833 42.2966 68.2642 7.81025 63.9766 49.6753 20.6155 
21.4009 31.241 44.0454 28.8617 53.0388 77.8974 18.6011 61.7171 33.3089 34.0373 78.2432 38.2884 48.2701 35.451 58.6003 70.214 38.5351 59.312 76.8505 19.3335 55.5428 34.0147 71.3112 34.5403 29.0689 40.2639 42.3495 44.7214 78.2368 44.2652 68.1175 38.3848 79.2086 45.0999 32.2029 43.1856 34.7131 64.5368 36.6331 37.4833 31.1448 36.4005 52.1536 49.3709 49.6488 63.0082 23.0217 74.3303 49.4868 38.2483 23.7697 31.4094 33.7532 0.0 39.6882 49.679 44.923 41.5223 70.8025 58.7254 65.2273 11.4018 80.4301 47.4361 21.2132 56.0891 34.0588 38.0 20.0 17.5153 
35.4561 61.0328 23.3452 38.6005 85.373 64.5368 23.7697 28.6007 68.7055 70.2197 66.9104 27.2947 73.7212 4.47214 25.0 94.606 72.3671 21.9545 70.0643 54.73 21.4009 56.4888 76.6551 70.7227 55.1543 74.8279 74.7262 69.5656 69.3542 79.4057 57.3149 70.7854 64.2884 69.4561 21.4009 38.0789 34.4384 54.1479 72.8155 67.6757 32.7567 64.622 71.8699 9.84886 51.2445 48.6621 28.6531 76.1247 59.0339 18.0278 49.98 24.2788 66.7083 39.6882 0.0 43.4573 16.0312 73.7631 62.1289 29.8329 31.6228 36.1283 69.0507 82.5851 25.0799 83.9348 63.5689 60.5768 48.7614 52.9118 
28.3196 80.9197 66.0303 70.6526 73.5752 28.2843 52.0587 70.146 71.66 57.6026 28.6007 67.3647 44.2323 45.0444 66.6847 60.4152 88.1839 59.626 28.4605 61.0575 63.2409 40.2029 34.0147 58.5465 78.2368 88.2262 91.9983 41.3451 29.0689 88.9823 18.4391 55.3809 29.8329 36.2583 26.9258 6.7082 15.0 14.8661 61.5931 87.1345 18.6011 86.0523 38.6264 42.0 10.8167 14.8661 60.3047 32.7567 22.3607 34.2053 72.6705 55.0744 83.402 49.679 43.4573 0.0 28.3452 91.1711 21.4709 19.105 29.4109 38.6005 30.8058 71.7233 55.9466 55.7449 83.7377 37.2029 36.8532 67.1641 
27.4963 70.4395 39.3192 50.448 77.9808 48.7647 33.1109 42.1545 74.6611 62.1788 50.9902 42.3792 65.7402 18.6815 38.6264 84.5561 83.3692 32.45 54.037 64.8884 35.1141 48.5078 62.2554 62.9943 64.8524 85.098 84.0186 61.5846 53.3385 89.0992 41.3038 62.8256 48.7032 59.4062 14.3211 26.9266 24.1231 38.1182 65.6108 77.1187 23.2281 74.2496 62.0127 14.4222 40.1786 32.7567 39.6989 60.7083 48.5416 17.088 59.5098 33.4951 78.5873 44.923 16.0312 28.3452 0.0 83.0624 46.0977 14.3178 19.7231 34.2523 53.1507 75.476 35.3946 75.9538 73.0346 52.5958 40.8016 62.3493 
62.8638 13.0384 67.0671 40.1123 49.163 119.407 50.0 88.0511 26.3059 50.448 119.714 58.1378 75.2861 69.3758 86.0 92.7793 6.0 90.4489 118.768 33.4215 84.0536 68.0955 106.944 49.2443 20.025 9.48683 1.0 73.3894 119.489 15.2643 109.61 59.7019 120.729 76.1577 73.6363 84.6982 76.221 106.034 45.7056 7.28011 72.6593 11.7047 82.28 83.5225 91.1276 104.486 46.3897 111.617 87.3307 79.6816 24.1868 65.5674 7.81025 41.5223 73.7631 91.1711 83.0624 0.0 112.227 100.159 106.661 52.8831 121.895 43.0465 49.0306 73.9797 11.0454 71.1196 57.0121 28.3196 
49.4065 102.005 85.3756 92.1045 87.5627 10.0499 73.5106 85.9884 91.3409 72.4712 8.06226 87.8303 53.9351 64.4981 82.7345 63.7887 107.661 74.5252 8.06226 80.0165 79.511 50.6431 26.8328 73.8784 99.5691 108.07 113.183 51.6624 7.61577 108.826 5.38516 65.8211 13.0 46.5725 48.1041 28.178 36.3593 8.0 78.1029 108.19 39.9625 107.201 46.2709 58.2151 23.0217 14.5602 81.7566 21.4009 31.3209 55.3624 94.0319 76.0074 104.458 70.8025 62.1289 21.4709 46.0977 112.227 0.0 33.1361 38.6264 59.9083 10.0 87.4455 77.3985 64.63 104.811 47.6431 56.5341 88.2197 
41.945 84.3527 53.1507 64.4083 88.5733 34.7131 47.024 52.9528 87.7426 72.6008 37.2156 56.648 62.5562 32.8938 49.6488 79.1421 97.1716 41.7612 41.1947 77.97 46.3897 58.5268 52.4786 73.5447 78.7656 98.9004 100.986 59.669 40.0 102.902 28.0179 73.7049 34.4819 54.5822 27.4027 20.4667 28.5643 25.1794 76.5913 91.0319 31.9466 88.1627 57.0956 25.0799 29.7626 19.0263 53.6209 50.1597 41.068 30.2047 73.423 47.4083 92.3897 58.7254 29.8329 19.105 14.3178 100.159 33.1361 0.0 11.4018 47.3339 39.3192 86.7215 49.3077 74.0688 86.9477 55.5268 51.8514 76.1518 
47.0797 89.6322 53.7122 69.2965 97.5643 37.2156 52.3036 49.0102 94.2445 81.7622 40.6079 58.8303 73.1123 35.609 46.0977 89.6982 103.674 37.0135 46.4866 84.4719 43.2897 69.0829 61.2209 82.5777 84.0451 105.402 107.488 70.225 44.3847 109.404 33.2415 84.2609 36.0139 65.1383 33.9046 31.0227 39.1204 31.305 85.1943 96.3114 42.5027 93.4423 67.6516 23.7697 40.2244 24.1661 58.7282 57.9828 51.624 36.7065 78.7025 52.6878 98.8916 65.2273 31.6228 29.4109 19.7231 106.661 38.6264 11.4018 0.0 53.8357 42.4264 95.0594 54.5619 84.6248 92.2273 66.0829 60.385 82.6536 
10.7703 42.45 43.0116 35.0571 49.6738 66.7083 18.9737 58.437 46.0709 34.5204 67.2012 39.3954 44.7214 31.891 55.2048 67.082 49.8959 55.7521 66.242 30.6943 52.0519 28.1603 62.6498 35.0235 39.6611 51.6247 53.7103 40.7185 67.4166 55.626 57.0088 38.2099 67.9412 39.8497 20.8114 32.0156 23.6008 53.4135 37.1162 48.7955 20.0 47.5079 46.8402 46.0438 39.5601 51.696 26.3059 65.0 41.1096 26.8567 34.1321 27.8494 45.114 11.4018 36.1283 38.6005 34.2523 52.8831 59.9083 47.3339 53.8357 0.0 69.4046 46.8858 22.8035 54.1013 45.2769 32.28 15.8114 28.8761 
59.0339 111.665 92.3959 101.34 97.0896 5.38516 82.7459 91.1373 101.273 81.9981 2.23607 95.3362 63.0635 71.8053 88.0511 71.1126 117.653 79.3095 9.21954 90.0092 85.0059 60.1699 32.5576 83.4052 109.041 118.002 122.722 61.0328 5.09902 118.758 12.53 75.3479 7.81025 55.9732 56.8157 37.4433 45.8039 16.1245 87.6298 117.858 49.4065 116.825 55.109 64.0703 33.0151 20.3961 90.8282 25.9615 40.8534 64.0344 103.47 84.6156 114.126 80.4301 69.0507 30.8058 53.1507 121.895 10.0 39.3192 42.4264 69.4046 0.0 96.9723 86.515 73.433 114.477 57.1699 66.4661 97.8876 
48.0104 44.5982 83.6018 62.2896 6.32456 97.3419 59.8973 102.997 18.0278 15.2315 95.3436 76.3696 39.8473 78.3478 100.178 50.9608 37.054 102.209 89.6271 28.6007 97.4449 39.3954 74.3847 13.9284 49.1935 34.0147 43.0116 38.6333 92.7559 30.5941 88.2732 24.0711 100.022 42.4951 62.0351 66.2745 58.6589 85.9272 10.198 45.8912 56.2228 48.7647 47.5287 87.2675 66.9197 86.3721 60.8605 79.9365 56.127 68.0804 47.7074 74.3062 38.833 47.4361 82.5851 71.7233 75.476 43.0465 87.4455 86.7215 95.0594 46.8858 96.9723 0.0 60.946 33.1059 45.8803 40.3238 35.0571 30.4138 
32.0624 36.1386 23.0217 15.2643 66.5487 83.2763 4.0 42.0595 46.8188 54.4855 84.2792 17.2047 67.2309 20.6155 39.2938 89.5545 48.1664 42.0119 84.3352 32.8434 36.6742 50.9608 84.0536 54.9885 30.0832 51.0098 50.01 63.3246 85.0064 56.0803 73.99 58.833 83.1815 62.6418 36.7805 49.2447 41.7732 70.4183 55.8594 42.72 38.4708 39.5601 69.6419 34.9285 59.5399 68.0781 4.47214 85.5862 63.0714 22.9379 25.0 17.8995 42.2966 21.2132 25.0799 55.9466 35.3946 49.0306 77.3985 49.3077 54.5619 22.8035 86.515 60.946 0.0 76.0602 38.6005 55.0818 38.0789 31.0161 
49.0483 72.0069 97.1044 84.8319 28.8444 74.6791 72.5639 112.534 47.676 24.0 72.1074 93.1536 11.7229 83.4763 108.934 19.0 68.0661 104.958 65.0533 51.8848 105.336 28.6368 44.7214 25.02 78.5578 65.7343 74.1485 15.6525 68.7267 63.2456 66.2673 19.2655 77.562 19.9561 62.534 55.4678 54.7908 64.2441 28.2843 75.1665 55.4793 77.0065 18.3606 87.4567 45.6592 68.6543 78.7214 51.4804 34.2985 68.5794 75.0715 81.8461 68.2642 56.0891 83.9348 55.7449 75.9538 73.9797 64.63 74.0688 84.6248 54.1013 73.433 33.1059 76.0602 0.0 74.0068 25.5599 38.2916 56.5684 
55.4437 2.82843 56.0357 29.0689 52.2015 111.946 39.9249 77.026 27.8927 50.01 112.294 47.0956 73.8241 59.1354 75.0067 93.0054 13.0384 79.6304 110.741 28.7924 73.1095 64.3295 103.264 49.0 9.0 17.2047 12.0416 71.3863 112.213 23.6008 102.176 59.0762 113.217 73.4983 65.8276 77.2334 68.7677 98.5951 46.0977 4.12311 65.192 3.0 80.05 73.3894 83.3767 96.9714 35.6931 107.612 83.6462 71.873 13.6015 55.5395 7.81025 34.0588 63.5689 83.7377 73.0346 11.0454 104.811 86.9477 92.2273 45.2769 114.477 45.8803 38.6005 74.0068 0.0 67.6757 53.157 23.4094 
25.6903 65.146 74.4118 66.3702 40.4411 57.5395 51.2445 89.176 47.0106 25.2389 55.5412 71.5122 14.2127 60.1183 85.5764 35.805 65.8635 80.6883 49.8246 38.8973 81.9777 4.12311 35.8469 26.6271 65.466 64.8999 71.5891 10.0 52.9535 64.6607 48.4708 19.6469 60.2195 7.61577 39.176 36.9258 36.2488 46.1248 30.8058 70.0071 32.1213 70.5195 14.5602 64.0986 27.1172 50.1123 58.4637 40.6079 16.3246 45.2214 60.6712 59.088 63.9766 38.0 60.5768 37.2029 52.5958 71.1196 47.6431 55.5268 66.0829 32.28 57.1699 40.3238 55.0818 25.5599 67.6757 0.0 18.0 44.2719 
13.3417 50.6274 58.8218 48.5077 37.2156 64.7369 34.4384 74.1966 34.8187 21.3776 64.3763 55.0091 29.1548 47.6506 70.9643 51.4782 52.023 69.7843 61.7682 24.3788 67.8115 14.0357 52.6256 22.2036 47.8175 51.5475 57.5457 25.2982 63.6395 52.3036 54.7394 23.0217 66.5408 25.1794 27.3607 31.4044 23.7697 51.3246 25.0 55.5428 21.2132 55.9997 32.249 52.5931 34.1274 51.502 41.1096 57.9482 33.0079 33.406 42.9535 43.609 49.6753 20.0 48.7614 36.8532 40.8016 57.0121 56.5341 51.8514 60.385 15.8114 66.4661 35.0571 38.0789 38.2916 53.157 18.0 0.0 29.7517 
