NAME  : Jabali_70_2_0.95_1_4
TYPE : SVRP
MODEL : FINITE_SUPPORT
NUMBER_OF_SCENARIOS : 200
DIMENSION : 70
EDGE_WEIGHT_TYPE : MATRIX
CAPACITY : 190
N_VEHICLES : 2
NODE_COORD_SECTION
1 4185 4367
2 8333 6244
3 713 4978
4 5451 4118
5 5426 2197
6 5200 1372
7 3290 2485
8 6898 6412
9 5506 921
10 4114 3298
11 1713 5545
12 6910 7681
13 3643 8703
14 4552 2128
15 6945 3204
16 1043 2824
17 7014 7011
18 8065 5806
19 5743 2562
20 4595 1209
21 5358 8424
22 4185 6128
23 6998 4258
24 5330 2681
25 1753 5183
26 3270 3509
27 4694 3414
28 3764 2572
29 4732 6473
30 8165 6224
31 2354 2545
32 7113 4630
33 4233 2240
34 1707 2697
35 7167 4676
36 4342 6857
37 5801 3998
38 6696 5380
39 1291 2964
40 2144 2883
41 4710 8947
42 6596 1983
43 4254 7822
44 6883 7190
45 3840 5247
46 907 3075
47 6820 1305
48 2943 1913
49 4692 7652
50 1730 4288
51 1790 2502
52 4384 7776
53 6121 8358
54 4758 1176
55 1859 3003
56 4839 18
57 4041 5345
58 5002 5145
59 4946 1371
60 7746 6862
61 4316 8229
62 2943 6575
63 4203 121
64 4880 2713
65 27 4601
66 2500 6409
67 6300 3148
68 3229 5628
69 5649 2044
70 3392 5604
DEMAND_SECTION
1 0.0
2 9.0
3 10.0
4 3.0
5 5.0
6 4.0
7 3.0
8 5.0
9 5.0
10 4.0
11 6.0
12 7.0
13 6.0
14 1.0
15 3.0
16 3.0
17 3.0
18 7.0
19 9.0
20 8.0
21 8.0
22 1.0
23 4.0
24 3.0
25 8.0
26 5.0
27 1.0
28 4.0
29 3.0
30 1.0
31 1.0
32 4.0
33 7.0
34 10.0
35 7.0
36 6.0
37 5.0
38 6.0
39 9.0
40 6.0
41 7.0
42 3.0
43 6.0
44 9.0
45 3.0
46 9.0
47 8.0
48 8.0
49 3.0
50 5.0
51 2.0
52 10.0
53 7.0
54 5.0
55 8.0
56 6.0
57 3.0
58 10.0
59 7.0
60 3.0
61 6.0
62 2.0
63 10.0
64 8.0
65 1.0
66 4.0
67 3.0
68 2.0
69 1.0
70 2.0
DEVIATION_SECTION
1 0.0
2 3.0
3 3.33333
4 1.0
5 1.66667
6 1.33333
7 1.0
8 1.66667
9 1.66667
10 1.33333
11 2.0
12 2.33333
13 2.0
14 0.333333
15 1.0
16 1.0
17 1.0
18 2.33333
19 3.0
20 2.66667
21 2.66667
22 0.333333
23 1.33333
24 1.0
25 2.66667
26 1.66667
27 0.333333
28 1.33333
29 1.0
30 0.333333
31 0.333333
32 1.33333
33 2.33333
34 3.33333
35 2.33333
36 2.0
37 1.66667
38 2.0
39 3.0
40 2.0
41 2.33333
42 1.0
43 2.0
44 3.0
45 1.0
46 3.0
47 2.66667
48 2.66667
49 1.0
50 1.66667
51 0.666667
52 3.33333
53 2.33333
54 1.66667
55 2.66667
56 2.0
57 1.0
58 3.33333
59 2.33333
60 1.0
61 2.0
62 0.666667
63 3.33333
64 2.66667
65 0.333333
66 1.33333
67 1.0
68 0.666667
69 0.333333
70 0.666667
DISTANCE_MATRIX
0.0 69.4431 48.4021 20.6761 33.5261 41.7184 32.0979 54.4022 48.7647 17.5395 38.0789 63.6499 60.1972 29.6952 41.1096 58.7654 62.4665 65.3091 32.249 42.4164 58.8359 24.4402 43.2512 27.6586 36.0555 26.2227 14.3178 26.4548 31.0486 68.0579 42.1077 45.2307 28.1812 49.5508 45.2307 34.7256 24.3632 45.3723 55.9016 44.6585 63.3729 46.0977 48.0214 61.7908 13.4164 60.8596 54.5894 40.7111 46.2873 33.9347 49.0469 47.4573 61.7908 42.4164 52.5817 58.6712 13.6015 22.5821 41.2193 66.4078 53.0191 35.1141 57.2456 23.7697 56.6946 36.6742 33.7343 21.587 36.4005 20.8806 
69.4431 0.0 103.072 51.1987 64.542 75.8291 85.7583 19.4165 79.0759 71.1999 89.0197 26.0768 70.214 73.3583 43.3244 112.426 20.3961 6.08276 58.5462 81.536 49.0408 56.1257 33.0 60.8312 88.8785 83.2013 62.5124 77.6754 50.4877 1.41421 95.7681 27.074 75.3298 103.211 27.074 53.4166 47.5638 25.632 109.562 98.3188 60.0333 60.7454 57.5674 22.2036 60.7072 108.666 68.4471 91.4802 52.4976 90.798 102.707 56.6127 40.1123 80.5688 106.242 93.9415 58.5405 48.3735 77.6299 11.0454 59.439 72.4166 96.815 64.8898 112.56 78.1297 47.676 67.7594 64.7765 66.3485 
48.4021 103.072 0.0 69.0076 75.3784 78.0577 49.0 88.0312 85.0059 52.811 15.8114 89.8944 65.0308 65.2763 89.41 28.8444 88.7119 99.0353 76.6551 74.0608 78.1025 49.3964 91.5828 71.3092 14.4222 41.2339 60.5265 53.2353 57.3062 101.687 37.3363 87.0821 61.2046 31.3209 87.0821 55.1543 72.6948 79.2465 28.178 32.249 76.3217 90.4777 62.1691 88.0363 42.4264 26.4008 97.4286 50.8035 64.2884 16.2788 33.5261 62.3699 85.3815 75.0267 39.3954 87.1321 44.5533 56.4573 76.0066 98.7813 65.6201 37.108 81.0247 65.7446 10.4403 31.5753 81.6192 35.805 78.341 37.2022 
20.6761 51.1987 69.0076 0.0 26.4008 37.7359 36.1458 36.5274 43.4166 21.5874 58.529 52.2716 67.082 29.8329 23.0868 62.8132 44.3571 46.5658 21.9317 41.2311 58.5361 32.7567 23.5756 20.2485 56.6778 33.5888 14.1421 30.4138 33.541 49.8493 46.1555 25.5551 30.1496 53.5986 25.5551 40.3113 4.47214 26.1815 59.9495 48.7063 65.4694 33.1059 52.8394 46.0271 28.4803 64.9074 42.4853 44.7214 49.0918 54.608 53.0947 51.9711 61.713 40.7185 55.935 56.4358 27.1662 15.0333 38.4708 48.533 57.4543 49.0102 57.0088 20.8806 77.3679 52.1536 17.4642 37.4833 28.3196 36.3456 
33.5261 64.542 75.3784 26.4008 0.0 11.7047 28.6531 62.8508 17.0294 24.1868 69.0072 78.595 92.1372 12.0416 24.0416 58.3095 70.6805 58.4596 6.0 17.0 84.196 57.4231 36.0994 6.40312 66.0303 34.2345 19.3132 22.8473 58.7115 63.7509 41.5933 38.0789 15.8114 49.6488 38.0789 65.2242 25.9422 48.0444 55.9464 45.6946 91.3098 15.6525 78.1249 72.3504 46.8188 60.9016 22.0907 33.2415 74.648 59.3371 48.3735 77.2957 88.0363 16.0312 48.4149 30.4631 46.6208 38.9077 13.1529 68.9268 82.8634 68.6222 32.3883 10.0499 80.6536 70.0928 17.0294 55.0818 3.0 54.4059 
41.7184 75.8291 78.0577 37.7359 11.7047 0.0 29.1548 74.019 7.28011 31.305 73.9797 89.7632 101.795 13.3417 34.1321 57.2451 81.8487 69.7209 17.4642 7.2111 95.1644 66.0384 47.3865 17.4929 70.5762 38.6394 28.4253 25.0799 69.6699 75.038 41.7732 49.366 17.1172 49.4773 49.366 76.3238 37.5766 59.3315 55.3624 46.5296 102.268 20.5913 89.0833 83.5187 55.1348 60.0833 22.2036 30.4631 85.6063 62.0 47.8017 88.2541 99.2046 5.83095 46.0977 18.7883 55.2268 49.8661 2.82843 80.2139 93.8218 76.7684 21.0238 18.4391 82.0366 77.5839 28.1603 63.087 11.0454 62.478 
32.0979 85.7583 49.0 36.1458 28.6531 29.1548 0.0 71.0871 36.0139 17.0294 47.104 86.8313 83.032 17.088 48.9183 29.6816 78.9168 78.9958 32.0156 25.1794 85.4009 50.5036 56.2026 26.9072 43.5034 13.4536 22.1359 6.40312 58.2349 84.409 13.0 58.1821 13.0 21.0238 58.1821 60.3778 39.2173 60.7412 27.2947 17.4642 88.5664 44.2945 72.788 80.5867 38.1725 32.249 49.6488 9.05539 72.0528 33.1361 19.7231 72.411 96.2726 26.0768 20.6155 39.5601 40.2082 46.8893 27.0185 83.0926 77.6507 53.8145 34.9857 21.2132 52.9528 53.0094 40.4599 40.3852 31.305 40.5947 
54.4022 19.4165 88.0312 36.5274 62.8508 74.019 71.0871 0.0 76.4707 56.5286 73.9789 16.4012 53.0377 65.0306 42.4264 93.914 8.06226 17.72 55.8485 77.0348 34.2053 39.4632 27.2029 56.6019 73.8376 69.1484 49.1137 65.4439 31.2372 18.0278 81.0968 24.0832 64.6039 88.5399 24.0832 34.1661 38.5643 14.7648 91.3006 83.6476 44.911 59.2867 39.4588 10.0 45.6663 93.422 68.063 79.7002 34.3657 75.658 88.036 38.4708 27.7849 76.6389 91.5708 92.5963 43.4997 33.4574 74.5735 13.0 42.0476 53.1661 92.6762 56.4492 97.5193 58.8792 44.9806 52.7186 62.0932 51.3076 
48.7647 79.0759 85.0059 43.4166 17.0294 7.28011 36.0139 76.4707 0.0 38.4838 81.2158 92.8094 108.829 20.6155 36.2215 63.3246 84.3419 73.0068 21.9545 11.7047 101.15 73.0717 50.7258 23.3452 77.7817 45.8912 35.2278 32.249 75.7064 78.339 48.3735 52.7053 24.3311 55.9017 52.7053 82.2191 42.72 62.6708 61.6117 53.2353 108.305 20.2237 95.1198 86.4162 62.1882 66.2193 18.6011 36.4005 91.6429 69.029 54.1295 94.2907 105.065 10.4403 51.8652 15.0333 62.2656 55.9026 9.0 83.5532 99.8583 83.8218 19.9249 25.2389 88.6848 84.862 31.6228 70.1404 15.2643 69.5314 
17.5395 71.1999 52.811 21.5874 24.1868 31.305 17.0294 56.5286 38.4838 0.0 45.0444 72.2728 77.6168 18.6011 37.1383 42.212 64.3583 64.4374 24.1868 31.241 77.6292 41.8597 42.4084 19.0263 42.2966 12.2066 7.72866 12.3693 48.4682 69.8505 25.5543 44.3878 16.2788 32.9974 44.3878 52.1451 24.7386 46.1827 39.3483 28.1051 80.7924 38.2099 65.441 66.0283 30.9559 44.3063 46.0109 26.0 63.7068 36.8471 32.4935 64.8768 81.7142 31.4006 35.8469 47.5079 31.0489 32.3308 30.5287 68.5342 70.4386 52.5896 45.4533 14.1421 59.8686 53.8524 28.8213 38.9082 27.1662 38.2991 
38.0789 89.0197 15.8114 58.529 69.0072 73.9797 47.104 73.9789 81.2158 45.0444 0.0 74.3034 50.4876 60.6712 79.1202 36.3593 73.1324 84.9941 69.1915 71.3092 62.3699 34.2053 80.3913 64.0703 4.24264 35.3553 51.3517 49.0306 41.8808 87.6346 37.7959 73.8869 56.8859 34.6554 73.8869 39.3954 62.2161 65.8027 34.4093 33.016 61.0328 83.2238 46.5296 72.4567 29.1548 34.8855 91.0055 51.2194 48.5077 16.2788 36.7967 46.6905 69.5701 72.0347 43.8406 86.3044 31.0644 43.4166 72.3671 83.2017 50.1597 21.3776 81.4619 59.0 26.2488 16.0312 71.8053 21.2603 72.0069 22.6716 
63.6499 26.0768 89.8944 52.2716 78.595 89.7632 86.8313 16.4012 92.8094 72.2728 74.3034 0.0 45.5412 80.7748 58.7282 100.482 8.48528 28.1603 74.1992 92.779 23.3452 41.2393 43.6005 72.3462 75.5844 77.7613 64.8579 81.1881 33.0133 25.1794 96.841 40.3113 81.1139 96.6995 40.3113 35.2278 54.3085 31.0644 97.8687 99.3918 34.2345 75.6254 34.6699 6.40312 52.9608 99.9901 84.4017 95.4444 30.0 81.485 103.78 33.8378 14.0357 92.3831 107.315 108.341 51.0221 49.2017 90.3177 15.0333 35.3412 54.4059 108.42 72.1934 100.18 60.2163 61.3193 55.0627 80.5803 53.8349 
60.1972 70.214 65.0308 67.082 92.1372 101.795 83.032 53.0377 108.829 77.6168 50.4876 45.5412 0.0 89.7725 87.911 85.0706 49.8197 70.3491 88.344 102.494 22.8254 36.2353 71.8401 85.7873 53.9351 69.6657 73.8754 83.2792 33.541 69.0507 86.9062 72.4631 88.2585 81.3734 72.4631 26.9258 69.857 61.4097 82.5409 79.3802 14.2127 100.18 14.5602 48.0521 47.4236 84.2021 109.567 90.8967 19.2354 64.56 83.4183 15.5242 33.121 102.494 90.5874 118.749 46.669 53.535 101.226 59.6657 11.0 31.0161 117.323 83.681 75.0067 34.9285 84.1724 42.72 94.3443 42.4382 
29.6952 73.3583 65.2763 29.8329 12.0416 13.3417 17.088 65.0306 20.6155 18.6011 60.6712 80.7748 89.7725 0.0 34.8855 46.5296 72.8603 67.2759 16.6433 12.7279 86.4133 54.0154 44.9157 12.6491 57.3149 25.318 17.4929 12.0416 60.2548 72.5672 30.0832 46.8952 4.12311 38.0789 46.8952 63.9317 31.1448 54.6847 44.2832 34.4819 92.579 27.4591 77.2275 74.5302 43.1116 49.1935 32.573 21.2132 75.4934 49.0918 36.6742 76.6634 90.4982 12.8062 36.4005 29.0 43.2046 41.1149 12.083 77.0361 82.2252 64.7453 27.7849 9.05539 69.857 64.2947 26.9258 51.0639 14.4222 50.4548 
41.1096 43.3244 89.41 23.0868 24.0416 34.1321 48.9183 42.4264 36.2215 37.1383 79.1202 58.7282 87.911 34.8855 0.0 77.8332 50.2494 37.3363 18.3848 40.6079 74.3085 55.2268 16.7129 22.4722 77.1622 49.1397 29.6816 42.5206 54.597 42.72 60.8276 18.4391 37.7359 68.6804 18.4391 61.6184 19.0 28.6579 75.0733 63.8916 84.2533 17.4642 73.4752 52.345 51.5358 80.0562 25.807 55.4707 69.5104 73.8685 67.897 72.992 69.6563 39.4588 69.527 51.2445 50.2494 38.0132 36.3456 48.8774 78.0511 72.0069 55.0364 27.8029 96.9785 75.2396 8.48528 60.5391 23.3452 59.4138 
58.7654 112.426 28.8444 62.8132 58.3095 57.2451 29.6816 93.914 63.3246 42.212 36.3593 100.482 85.0706 46.5296 77.8332 0.0 99.2987 105.663 61.6117 51.6624 92.5941 59.2434 83.6342 56.4004 32.249 34.1506 48.9545 35.805 67.4782 111.076 17.0294 85.6137 42.5441 9.21954 85.6137 67.6305 65.9645 87.4086 3.16228 14.4222 93.594 73.9256 78.0228 98.623 48.9 3.0 78.7909 26.9258 78.6221 20.6155 10.0 77.9075 98.0069 52.8867 12.0 62.0322 51.1336 62.297 54.7083 105.92 82.4147 54.1202 55.0364 50.6063 27.6586 50.3289 69.3542 45.6702 60.9016 46.7664 
62.4665 20.3961 88.7119 44.3571 70.6805 81.8487 78.9168 8.06226 84.3419 64.3583 73.1324 8.48528 49.8197 72.8603 50.2494 99.2987 0.0 21.095 63.7197 84.8646 29.0689 40.0559 35.2278 64.4317 74.4177 76.5779 56.9434 73.2736 31.8299 19.2354 88.9265 31.8277 73.1995 96.3696 31.8277 34.7131 46.394 22.8254 96.6853 91.4773 40.05 67.1579 37.3363 2.23607 51.7773 98.8067 75.9276 87.5299 32.311 80.3016 95.8657 36.4005 21.1896 84.4686 99.4006 100.426 49.8387 41.2872 82.4032 10.2956 39.0512 53.7588 100.506 64.2789 99.0084 59.4719 52.8518 53.8793 69.9644 52.6515 
65.3091 6.08276 99.0353 46.5658 58.4596 69.7209 78.9958 17.72 73.0068 64.4374 84.9941 28.1603 70.3491 67.2759 37.3363 105.663 21.095 0.0 52.4637 75.4536 50.1597 52.1001 27.0185 54.7488 84.8528 76.4388 57.8795 73.0424 48.8562 5.38516 89.0055 21.0238 69.2473 96.4486 21.0238 51.7852 41.4813 20.5913 102.799 91.5563 61.131 54.7814 57.0701 23.1948 56.6392 107.757 62.6099 86.8473 51.9711 86.664 95.9447 56.0892 41.9762 74.4864 98.785 87.8635 54.4885 43.8292 71.5474 13.8924 59.4138 69.9677 90.7326 58.8074 108.467 74.9254 41.5933 63.7338 58.6941 62.3228 
32.249 58.5462 76.6551 21.9317 6.0 17.4642 32.0156 55.8485 21.9545 24.1868 69.1915 74.1992 88.344 16.6433 18.3848 61.6117 63.7197 52.4637 0.0 23.0 80.4637 53.1422 30.1036 5.38516 66.4831 35.4401 18.0278 25.807 54.9181 57.7551 44.6542 32.0831 19.8494 52.6972 32.0831 61.431 20.8087 42.0486 59.0762 48.3735 87.3269 14.0357 74.3303 65.794 45.1221 64.0703 22.3607 37.6431 70.8025 60.6143 51.614 73.4983 83.6405 22.0227 52.345 36.0555 44.686 35.1145 19.105 62.931 79.0569 66.9403 38.3275 11.1803 82.8222 68.884 11.0454 53.7587 6.7082 52.9528 
42.4164 81.536 74.0608 41.2311 17.0 7.2111 25.1794 77.0348 11.7047 31.241 71.3092 92.779 102.494 12.7279 40.6079 51.6624 84.8646 75.4536 23.0 0.0 98.1776 66.7366 53.0934 21.587 67.7088 36.4005 30.0 22.4722 72.9104 80.7449 37.054 55.0729 15.2643 44.4072 55.0729 76.5873 41.7612 66.689 50.01 42.0119 105.281 27.7849 89.8832 86.5345 55.8328 54.5711 29.0689 24.7386 88.149 58.3095 42.5793 89.319 102.263 1.41421 40.1622 16.2788 55.9258 52.8792 4.47214 85.9208 94.8808 76.4131 15.8114 20.5913 77.3175 76.0492 34.0147 62.9672 17.2627 63.1767 
58.8359 49.0408 78.1025 58.5361 84.196 95.1644 85.4009 34.2053 101.15 77.6292 62.3699 23.3452 22.8254 86.4133 74.3085 92.5941 29.0689 50.1597 80.4637 98.1776 0.0 34.9285 58.2637 77.8204 64.7765 72.0346 70.2143 86.5445 27.8568 48.0104 89.2751 56.7979 86.4703 88.8115 56.7979 25.1794 60.573 45.6508 89.9807 86.8184 11.0 91.0851 16.1555 27.0185 47.5395 92.1021 100.517 92.829 14.0357 73.0274 90.8565 15.8114 10.2956 97.7543 99.7491 113.699 45.8803 47.1934 95.675 38.1182 14.2127 41.0 113.877 77.6287 88.5268 46.5725 74.8771 47.0956 86.3983 46.1736 
24.4402 56.1257 49.3964 32.7567 57.4231 66.0384 50.5036 39.4632 73.0717 41.8597 34.2053 41.2393 36.2353 54.0154 55.2268 59.2434 40.0559 52.1001 53.1422 66.7366 34.9285 0.0 41.1145 50.5856 34.9857 37.1373 38.1183 50.775 8.24621 54.7406 54.3777 43.9318 52.5014 55.4608 43.9318 10.2956 36.3456 34.176 56.63 53.4677 38.9487 65.4599 23.6008 39.3802 12.6491 58.7514 74.6789 57.9316 21.9317 40.2616 57.5058 23.0217 39.0128 66.7366 64.8518 82.9914 11.1803 18.0278 65.4693 50.1252 28.6007 18.0278 81.5658 47.9239 59.5399 22.8254 50.2195 13.9284 59.1426 12.6491 
43.2512 33.0 91.5828 23.5756 36.0994 47.3865 56.2026 27.2029 50.7258 42.4084 80.3913 43.6005 71.8401 44.9157 16.7129 83.6342 35.2278 27.0185 30.1036 53.0934 58.2637 41.1145 0.0 32.3887 79.5429 54.4098 34.6835 49.912 39.3192 32.0156 66.8859 6.32456 46.8872 74.4196 6.32456 46.3897 19.1212 12.7279 80.7705 69.5273 68.2086 33.5418 57.28 37.2022 51.3044 85.7284 42.3181 63.8582 52.8497 77.1832 73.9157 56.3205 53.8145 52.1262 76.756 65.5218 49.7634 37.1311 49.1873 35.7351 61.3904 58.8199 68.3724 36.4472 99.9431 74.3323 19.2357 60.203 36.3483 58.9694 
27.6586 60.8312 71.3092 20.2485 6.40312 17.4929 26.9072 56.6019 23.3452 19.0263 64.0703 72.3462 85.7873 12.6491 22.4722 56.4004 64.4317 54.7488 5.38516 21.587 77.8204 50.5856 32.3887 0.0 61.2944 30.0832 13.3417 20.6155 52.3617 60.0401 39.4081 34.3682 15.2643 47.4342 34.3682 58.8743 20.2485 44.3336 53.8238 43.0465 84.9599 19.2354 71.7751 66.1016 40.8044 58.8218 27.074 33.0151 68.2981 55.2679 46.4004 70.9459 81.7875 20.8806 47.3814 36.2353 40.5114 32.5579 18.3848 65.216 76.5136 62.6418 37.3631 5.83095 77.4528 64.3273 14.3178 49.2443 8.94427 48.5077 
36.0555 88.8785 14.4222 56.6778 66.0303 70.5762 43.5034 73.8376 77.7817 42.2966 4.24264 75.5844 53.9351 57.3149 77.1622 32.249 74.4177 84.8528 66.4831 67.7088 64.7765 34.9857 79.5429 61.2944 0.0 32.0624 48.976 45.5412 42.9418 87.4933 33.6297 73.2058 53.4603 30.4138 73.2058 41.1096 60.365 65.2993 30.2324 28.8444 64.0078 80.5047 49.163 73.742 28.4253 30.8707 88.0909 47.0531 50.8035 12.0416 32.5576 49.2544 71.5681 68.4498 39.598 82.6803 30.4795 42.581 68.884 84.487 53.0094 24.0208 77.2957 56.0803 24.5967 19.105 69.6419 21.4009 69.029 22.8035 
26.2227 83.2013 41.2339 33.5888 34.2345 38.6394 13.4536 69.1484 45.8912 12.2066 35.3553 77.7613 69.6657 25.318 49.1397 34.1506 76.5779 76.4388 35.4401 36.4005 72.0346 37.1373 54.4098 30.0832 32.0624 0.0 19.7301 13.9284 44.8687 81.8519 17.4929 56.3893 21.587 24.9359 56.3893 47.0115 36.74 58.1841 31.2868 20.0436 75.2002 49.2443 59.4217 75.9023 24.8062 36.2448 56.3205 21.4709 58.6865 25.1926 24.432 59.0448 75.8776 37.0 27.9669 51.8845 26.8419 37.3283 37.108 81.154 64.2844 40.4649 48.0104 24.5153 48.2141 39.9625 40.8227 27.0189 37.2156 27.2285 
14.3178 62.5124 60.5265 14.1421 19.3132 28.4253 22.1359 49.1137 35.2278 7.72866 51.3517 64.8579 73.8754 17.4929 29.6816 48.9545 56.9434 57.8795 18.0278 30.0 70.2143 38.1183 34.6835 13.3417 48.976 19.7301 0.0 16.2788 44.7197 61.1631 32.2063 36.663 16.7631 39.7399 36.663 48.4037 17.088 38.7678 46.0908 34.8476 77.318 32.0 61.6995 58.6134 27.5136 51.0488 40.3113 30.5941 60.6562 44.5474 39.2145 63.304 74.2993 29.8329 42.0595 46.0977 27.3159 24.9159 28.2843 61.1193 68.8716 49.3356 45.2769 10.0 67.5689 50.9902 21.4709 35.9026 22.1359 35.171 
26.4548 77.6754 53.2353 30.4138 22.8473 25.0799 6.40312 65.4439 32.249 12.3693 49.0306 81.1881 83.2792 12.0416 42.5206 35.805 73.2736 73.0424 25.807 22.4722 86.5445 50.775 49.912 20.6155 45.5412 13.9284 16.2788 0.0 57.3835 76.326 18.868 51.8915 8.0 26.9258 51.8915 61.0604 33.2415 55.0239 33.2866 22.8473 89.7077 38.4838 74.3562 74.9436 38.4197 38.2753 44.3847 14.3178 72.6221 37.054 25.807 73.7921 90.6295 23.0868 27.0185 38.0789 39.9642 41.2461 23.3452 77.4495 79.3539 54.0783 34.7131 14.8661 57.9741 53.7122 34.0588 40.6324 25.632 40.8419 
31.0486 50.4877 57.3062 33.541 58.7115 69.6699 58.2349 31.2372 75.7064 48.4682 41.8808 33.0133 33.541 60.2548 54.597 67.4782 31.8299 48.8562 54.9181 72.9104 27.8568 8.24621 39.3192 52.3617 42.9418 44.8687 44.7197 57.3835 0.0 49.1305 62.1091 41.0122 59.1099 63.6957 41.0122 7.07107 36.4005 30.2655 64.8648 64.6599 33.4215 66.6408 19.4165 31.1543 20.0998 66.9862 76.0263 65.663 16.2788 48.5077 65.7406 18.6011 31.0161 72.2598 72.5832 88.2049 18.2483 20.5183 70.1804 41.8992 24.2074 23.6008 88.1743 52.1341 67.5352 29.0689 50.6952 22.1359 60.9187 20.8806 
68.0579 1.41421 101.687 49.8493 63.7509 75.038 84.409 18.0278 78.339 69.8505 87.6346 25.1794 69.0507 72.5672 42.72 111.076 19.2354 5.38516 57.7551 80.7449 48.0104 54.7406 32.0156 60.0401 87.4933 81.8519 61.1631 76.326 49.1305 0.0 94.4187 26.1725 74.5387 101.862 26.1725 52.0595 46.7727 24.3516 108.213 96.9695 59.0085 60.1664 56.3205 21.095 59.322 107.281 67.9779 90.1309 51.2445 89.4128 101.358 55.3624 39.2046 79.7777 104.893 93.1719 57.1554 47.0106 76.8388 10.198 58.2495 71.0595 96.0239 64.0987 111.175 76.7726 46.8722 66.3743 63.9997 64.9633 
42.1077 95.7681 37.3363 46.1555 41.5933 41.7732 13.0 81.0968 48.3735 25.5543 37.7959 96.841 86.9062 30.0832 60.8276 17.0294 88.9265 89.0055 44.6542 37.054 89.2751 54.3777 66.8859 39.4081 33.6297 17.4929 32.2063 18.868 62.1091 94.4187 0.0 68.956 26.0 8.06226 68.956 64.2519 49.3068 70.7509 14.4222 5.09902 92.4406 57.2451 76.6621 90.5965 42.0467 19.4165 62.6259 13.6015 75.927 22.4722 7.07107 76.2852 93.1181 38.1182 11.0454 49.8197 44.0823 56.899 39.4588 93.1024 81.5248 53.1643 43.9659 33.6006 40.3113 49.6601 52.345 44.2594 44.2832 44.4689 
45.2307 27.074 87.0821 25.5551 38.0789 49.366 58.1821 24.0832 52.7053 44.3878 73.8869 40.3113 72.4631 46.8952 18.4391 85.6137 31.8277 21.0238 32.0831 55.0729 56.7979 43.9318 6.32456 34.3682 73.2058 56.3893 36.663 51.8915 41.0122 26.1725 68.956 0.0 48.8667 76.3991 0.0 48.0 21.1007 11.4018 82.75 71.5068 66.8506 35.5106 57.9117 33.9411 44.7905 87.7079 44.2041 65.8377 53.4475 75.6651 75.8952 56.9399 51.614 54.1057 78.7355 67.5013 42.8229 31.1896 51.1668 30.8707 61.8094 61.8466 70.3519 38.4267 96.367 66.0984 21.2152 52.9544 38.3277 51.6034 
28.1812 75.3298 61.2046 30.1496 15.8114 17.1172 13.0 64.6039 24.3311 16.2788 56.8859 81.1139 88.2585 4.12311 37.7359 42.5441 73.1995 69.2473 19.8494 15.2643 86.4703 52.5014 46.8872 15.2643 53.4603 21.587 16.7631 8.0 59.1099 74.5387 26.0 48.8667 0.0 34.0147 48.8667 62.7868 32.0156 54.258 40.2492 30.3645 91.4341 31.3847 76.0827 74.8694 41.5976 45.1774 36.6879 17.8045 74.3485 45.0444 32.6497 75.5185 90.5553 15.6525 32.6497 31.4006 41.6906 41.172 15.5242 76.6095 81.0803 61.2741 29.2062 10.4403 65.7343 60.9102 29.5296 47.8281 18.3576 48.0377 
49.5508 103.211 31.3209 53.5986 49.6488 49.4773 21.0238 88.5399 55.9017 32.9974 34.6554 96.6995 81.3734 38.0789 68.6804 9.21954 96.3696 96.4486 52.6972 44.4072 88.8115 55.4608 74.4196 47.4342 30.4138 24.9359 39.7399 26.9258 63.6957 101.862 8.06226 76.3991 34.0147 0.0 76.3991 63.848 56.7499 78.194 6.40312 5.38516 89.8114 65.2993 74.2403 98.0395 45.1175 11.4018 70.5762 20.0 74.8396 18.4391 2.23607 74.125 94.2244 45.5412 9.21954 56.2228 47.3511 64.3421 47.0744 100.545 78.6321 50.3775 49.8197 41.6173 33.0151 46.8734 60.208 41.8877 52.3259 42.9839 
45.2307 27.074 87.0821 25.5551 38.0789 49.366 58.1821 24.0832 52.7053 44.3878 73.8869 40.3113 72.4631 46.8952 18.4391 85.6137 31.8277 21.0238 32.0831 55.0729 56.7979 43.9318 6.32456 34.3682 73.2058 56.3893 36.663 51.8915 41.0122 26.1725 68.956 0.0 48.8667 76.3991 0.0 48.0 21.1007 11.4018 82.75 71.5068 66.8506 35.5106 57.9117 33.9411 44.7905 87.7079 44.2041 65.8377 53.4475 75.6651 75.8952 56.9399 51.614 54.1057 78.7355 67.5013 42.8229 31.1896 51.1668 30.8707 61.8094 61.8466 70.3519 38.4267 96.367 66.0984 21.2152 52.9544 38.3277 51.6034 
34.7256 53.4166 55.1543 40.3113 65.2242 76.3238 60.3778 34.1661 82.2191 52.1451 39.3954 35.2278 26.9258 63.9317 61.6184 67.6305 34.7131 51.7852 61.431 76.5873 25.1794 10.2956 46.3897 58.8743 41.1096 47.0115 48.4037 61.0604 7.07107 52.0595 64.2519 48.0 62.7868 63.848 48.0 0.0 43.3244 37.1214 65.0171 61.8548 28.6531 73.4098 13.4536 33.9411 22.8473 67.1385 82.7647 67.8059 11.7047 48.2597 65.8929 12.8062 30.5941 76.7373 74.726 92.8508 21.4709 26.6271 75.7547 44.8219 18.4391 19.2094 91.8512 58.2093 65.5515 25.0 57.5847 22.0 67.4313 21.0238 
24.3632 47.5638 72.6948 4.47214 25.9422 37.5766 39.2173 38.5643 42.72 24.7386 62.2161 54.3085 69.857 31.1448 19.0 65.9645 46.394 41.4813 20.8087 41.7612 60.573 36.3456 19.1212 20.2485 60.365 36.74 17.088 33.2415 36.4005 46.7727 49.3068 21.1007 32.0156 56.7499 21.1007 43.3244 0.0 28.2184 63.1008 51.8576 67.6874 30.5287 55.4617 48.064 32.7765 68.0587 39.9625 47.5395 51.4799 58.2952 56.246 54.5619 63.7499 41.1096 59.0863 56.3649 31.4006 19.0263 38.6264 50.5699 59.9416 53.0094 57.5674 22.0907 81.0551 56.3205 14.3178 41.7732 27.4591 40.6079 
45.3723 25.632 79.2465 26.1815 48.0444 59.3315 60.7412 14.7648 62.6708 46.1827 65.8027 31.0644 61.4097 54.6847 28.6579 87.4086 22.8254 20.5913 42.0486 66.689 45.6508 34.176 12.7279 44.3336 65.2993 58.1841 38.7678 55.0239 30.2655 24.3516 70.7509 11.4018 54.258 78.194 11.4018 37.1214 28.2184 0.0 84.5449 73.3017 55.6004 45.4868 46.619 24.6982 36.8782 89.5028 54.2631 69.3543 42.1765 66.7273 77.6901 45.6472 41.1096 64.0712 81.225 77.4668 34.8281 23.4307 61.1323 25.0799 50.5523 52.2015 82.3303 46.1033 88.5325 56.8595 31.1807 44.6542 48.2932 43.2666 
55.9016 109.562 28.178 59.9495 55.9464 55.3624 27.2947 91.3006 61.6117 39.3483 34.4093 97.8687 82.5409 44.2832 75.0733 3.16228 96.6853 102.799 59.0762 50.01 89.9807 56.63 80.7705 53.8238 30.2324 31.2868 46.0908 33.2866 64.8648 108.213 14.4222 82.75 40.2492 6.40312 82.75 65.0171 63.1008 84.5449 0.0 11.4018 90.9806 71.5891 75.4095 96.0097 46.2867 5.0 76.6942 25.318 76.0087 18.3576 7.61577 75.2942 95.3936 51.1957 11.4018 61.0082 48.5202 59.6837 52.8867 103.306 79.8013 51.5467 54.231 48.0104 28.1603 47.927 66.6033 43.0569 58.5918 44.153 
44.6585 98.3188 32.249 48.7063 45.6946 46.5296 17.4642 83.6476 53.2353 28.1051 33.016 99.3918 79.3802 34.4819 63.8916 14.4222 91.4773 91.5563 48.3735 42.0119 86.8184 53.4677 69.5273 43.0465 28.8444 20.0436 34.8476 22.8473 64.6599 96.9695 5.09902 71.5068 30.3645 5.38516 71.5068 61.8548 51.8576 73.3017 11.4018 0.0 87.8183 61.327 72.2472 93.1472 44.5974 16.2788 67.0522 18.6815 72.8465 17.4642 6.0 72.1319 95.6688 43.0465 12.6491 54.9181 46.6331 59.4498 44.2832 95.6531 76.639 48.3844 49.0408 37.2156 35.5106 44.8803 55.4437 39.8946 48.4665 40.9907 
63.3729 60.0333 76.3217 65.4694 91.3098 102.268 88.5664 44.911 108.305 80.7924 61.0328 34.2345 14.2127 92.579 84.2533 93.594 40.05 61.131 87.3269 105.281 11.0 38.9487 68.2086 84.9599 64.0078 75.2002 77.318 89.7077 33.4215 59.0085 92.4406 66.8506 91.4341 89.8114 66.8506 28.6531 67.6874 55.6004 90.9806 87.8183 0.0 98.1995 15.8114 38.0132 51.4296 93.0591 107.631 95.9945 17.2047 73.5527 91.8564 16.1555 20.6155 104.858 99.0255 120.803 50.1199 53.8145 102.779 49.0918 11.1803 40.05 120.499 84.7324 86.5794 45.0111 81.9915 49.0408 93.5094 48.3839 
46.0977 60.7454 90.4777 33.1059 15.6525 20.5913 44.2945 59.2867 20.2237 38.2099 83.2238 75.6254 100.18 27.4591 17.4642 73.9256 67.1579 54.7814 14.0357 27.7849 91.0851 65.4599 33.5418 19.2354 80.5047 49.2443 32.0 38.4838 66.6408 60.1664 57.2451 35.5106 31.3847 65.2993 35.5106 73.4098 30.5287 45.4868 71.5891 61.327 98.1995 0.0 85.8836 69.2323 58.6941 76.5376 9.43398 48.4149 81.9878 74.4363 64.0078 85.0 86.4929 26.4197 63.8201 35.0571 58.1378 47.4342 23.3238 66.242 90.4268 80.417 40.025 24.7386 96.1437 82.6075 16.4012 67.4759 13.0384 66.6108 
48.0214 57.5674 62.1691 52.8394 78.1249 89.0833 72.788 39.4588 95.1198 65.441 46.5296 34.6699 14.5602 77.2275 73.4752 78.0228 37.3363 57.0701 74.3303 89.8832 16.1555 23.6008 57.28 71.7751 49.163 59.4217 61.6995 74.3562 19.4165 56.3205 76.6621 57.9117 76.0827 74.2403 57.9117 13.4536 55.4617 46.619 75.4095 72.2472 15.8114 85.8836 0.0 35.8469 35.8469 77.5242 95.2943 80.216 5.09902 58.1378 76.2852 1.0 25.0 90.0331 83.4543 106.147 34.6699 39.8246 89.0506 47.5395 5.0 25.1794 105.147 71.5475 72.5672 30.5941 69.7782 33.2415 80.3321 32.573 
61.7908 22.2036 88.0363 46.0271 72.3504 83.5187 80.5867 10.0 86.4162 66.0283 72.4567 6.40312 48.0521 74.5302 52.345 98.623 2.23607 23.1948 65.794 86.5345 27.0185 39.3802 37.2022 66.1016 73.742 75.9023 58.6134 74.9436 31.1543 21.095 90.5965 33.9411 74.8694 98.0395 33.9411 33.9411 48.064 24.6982 96.0097 93.1472 38.0132 69.2323 35.8469 0.0 51.1017 98.131 78.0085 89.1999 30.8707 79.626 97.5356 34.9285 18.9737 86.1386 101.071 102.096 49.1631 42.9571 84.0732 11.7047 37.3631 53.0754 102.176 65.9488 98.3328 58.7963 54.9261 53.2036 72.0387 51.9758 
13.4164 60.7072 42.4264 28.4803 46.8188 55.1348 38.1725 45.6663 62.1882 30.9559 29.1548 52.9608 47.4236 43.1116 51.5358 48.9 51.7773 56.6392 45.1221 55.8328 47.5395 12.6491 51.3044 40.8044 28.4253 24.8062 27.5136 38.4197 20.0998 59.322 42.0467 44.7905 41.5976 45.1175 44.7905 22.8473 32.7765 36.8782 46.2867 44.5974 51.4296 58.6941 35.8469 51.1017 0.0 48.408 67.4685 45.6006 34.5398 30.4138 48.9859 35.3553 51.0882 55.8328 52.5207 72.0876 2.23607 14.3178 54.6357 57.6719 40.8167 21.8403 70.662 37.1618 51.8556 24.0208 45.0111 9.05539 49.6488 8.0 
60.8596 108.666 26.4008 64.9074 60.9016 60.0833 32.249 93.422 66.2193 44.3063 34.8855 99.9901 84.2021 49.1935 80.0562 3.0 98.8067 107.757 64.0703 54.5711 92.1021 58.7514 85.7284 58.8218 30.8707 36.2448 51.0488 38.2753 66.9862 107.281 19.4165 87.7079 45.1774 11.4018 87.7079 67.1385 68.0587 89.5028 5.0 16.2788 93.0591 76.5376 77.5242 98.131 48.408 0.0 81.5414 29.8329 78.1301 19.6469 12.53 77.4145 97.5149 55.7853 15.0 65.0308 50.6416 61.805 57.5674 105.428 81.8841 53.3667 58.0345 53.0094 24.7386 49.3356 71.5891 45.1782 63.5295 46.2744 
54.5894 68.4471 97.4286 42.4853 22.0907 22.2036 49.6488 68.063 18.6011 46.0109 91.0055 84.4017 109.567 32.573 25.807 78.7909 75.9276 62.6099 22.3607 29.0689 100.517 74.6789 42.3181 27.074 88.0909 56.3205 40.3113 44.3847 76.0263 67.9779 62.6259 44.2041 36.6879 70.5762 44.2041 82.7647 39.9625 54.2631 76.6942 67.0522 107.631 9.43398 95.2943 78.0085 67.4685 81.5414 0.0 52.3546 91.4166 81.3873 69.0797 94.414 95.2692 27.6586 68.0 31.6228 66.9972 56.648 25.0 74.6257 99.8499 89.2693 38.0132 32.0156 102.357 91.2414 25.807 76.1183 19.105 75.3127 
40.7111 91.4802 50.8035 44.7214 33.2415 30.4631 9.05539 79.7002 36.4005 26.0 51.2194 95.4444 90.8967 21.2132 55.4707 26.9258 87.5299 86.8473 37.6431 24.7386 92.829 57.9316 63.8582 33.0151 47.0531 21.4709 30.5941 14.3178 65.663 90.1309 13.6015 65.8377 17.8045 20.0 65.8377 67.8059 47.5395 69.3543 25.318 18.6815 95.9945 48.4149 80.216 89.1999 45.6006 29.8329 52.3546 0.0 79.4809 36.0555 18.0278 79.8391 104.886 25.9615 15.6525 36.3456 47.6363 55.5024 27.8568 91.7058 85.0787 61.6633 30.3645 27.7849 53.0094 60.8742 47.1699 48.2499 35.4683 48.4595 
46.2873 52.4976 64.2884 49.0918 74.648 85.6063 72.0528 34.3657 91.6429 63.7068 48.5077 30.0 19.2354 75.4934 69.5104 78.6221 32.311 51.9711 70.8025 88.149 14.0357 21.9317 52.8497 68.2981 50.8035 58.6865 60.6562 72.6221 16.2788 51.2445 75.927 53.4475 74.3485 74.8396 53.4475 11.7047 51.4799 42.1765 76.0087 72.8465 17.2047 81.9878 5.09902 30.8707 34.5398 78.1301 91.4166 79.4809 0.0 59.0085 76.8845 4.12311 21.4709 88.1962 84.0536 104.141 33.1059 36.7696 86.1169 42.5441 8.544 27.2029 103.413 68.0706 74.7262 32.8938 65.784 33.2415 76.8551 32.3883 
33.9347 90.798 16.2788 54.608 59.3371 62.0 33.1361 75.658 69.029 36.8471 16.2788 81.485 64.56 49.0918 73.8685 20.6155 80.3016 86.664 60.6143 58.3095 73.0274 40.2616 77.1832 55.2679 12.0416 25.1926 44.5474 37.054 48.5077 89.4128 22.4722 75.6651 45.0444 18.4391 75.6651 48.2597 58.2952 66.7273 18.3576 17.4642 73.5527 74.4363 58.1378 79.626 30.4138 19.6469 81.3873 36.0555 59.0085 0.0 20.6155 58.0775 78.7718 59.2115 27.5862 72.0347 32.6497 43.937 60.0333 87.6635 62.3939 33.7343 66.4078 49.7033 23.0217 29.7321 65.64 26.4764 62.2997 27.6586 
49.0469 102.707 33.5261 53.0947 48.3735 47.8017 19.7231 88.036 54.1295 32.4935 36.7967 103.78 83.4183 36.6742 67.897 10.0 95.8657 95.9447 51.614 42.5793 90.8565 57.5058 73.9157 46.4004 32.5576 24.432 39.2145 25.807 65.7406 101.358 7.07107 75.8952 32.6497 2.23607 75.8952 65.8929 56.246 77.6901 7.61577 6.0 91.8564 64.0078 76.2852 97.5356 48.9859 12.53 69.0797 18.0278 76.8845 20.6155 0.0 76.1699 100.057 43.7379 7.2111 54.1479 51.0215 63.8382 45.3542 100.042 80.6771 52.4224 47.676 40.6079 35.0 48.9183 59.4138 43.9326 51.0 45.0288 
47.4573 56.6127 62.3699 51.9711 77.2957 88.2541 72.411 38.4708 94.2907 64.8768 46.6905 33.8378 15.5242 76.6634 72.992 77.9075 36.4005 56.0892 73.4983 89.319 15.8114 23.0217 56.3205 70.9459 49.2544 59.0448 63.304 73.7921 18.6011 55.3624 76.2852 56.9399 75.5185 74.125 56.9399 12.8062 54.5619 45.6472 75.2942 72.1319 16.1555 85.0 1.0 34.9285 35.3553 77.4145 94.414 79.8391 4.12311 58.0775 76.1699 0.0 24.4131 89.469 83.339 105.582 34.1321 39.0512 88.4864 46.6154 5.65685 25.318 104.583 70.7184 72.7805 30.8058 68.8767 32.9848 79.5029 32.28 
61.7908 40.1123 85.3815 61.713 88.0363 99.2046 96.2726 27.7849 105.065 81.7142 69.5701 14.0357 33.121 90.4982 69.6563 98.0069 21.1896 41.9762 83.6405 102.263 10.2956 39.0128 53.8145 81.7875 71.5681 75.8776 74.2993 90.6295 31.0161 39.2046 93.1181 51.614 90.5553 94.2244 51.614 30.5941 63.7499 41.1096 95.3936 95.6688 20.6155 86.4929 25.0 18.9737 51.0882 97.5149 95.2692 104.886 21.4709 78.7718 100.057 24.4131 0.0 101.839 103.592 117.782 49.163 49.322 99.7591 29.0689 24.0832 48.4665 117.962 81.7137 95.8175 54.231 72.1868 52.345 90.0217 51.2445 
42.4164 80.5688 75.0267 40.7185 16.0312 5.83095 26.0768 76.6389 10.4403 31.4006 72.0347 92.3831 102.494 12.8062 39.4588 52.8867 84.4686 74.4864 22.0227 1.41421 97.7543 66.7366 52.1262 20.8806 68.4498 37.0 29.8329 23.0868 72.2598 79.7777 38.1182 54.1057 15.6525 45.5412 54.1057 76.7373 41.1096 64.0712 51.1957 43.0465 104.858 26.4197 90.0331 86.1386 55.8328 55.7853 27.6586 25.9615 88.1962 59.2115 43.7379 89.469 101.839 0.0 41.4367 16.2788 55.9258 52.456 3.16228 84.9536 95.0308 76.9029 16.4924 20.2485 78.4092 76.539 33.0 63.457 16.1245 63.6665 
52.5817 106.242 39.3954 55.935 48.4149 46.0977 20.6155 91.5708 51.8652 35.8469 43.8406 107.315 90.5874 36.4005 69.527 12.0 99.4006 98.785 52.345 40.1622 99.7491 64.8518 76.756 47.3814 39.598 27.9669 42.0595 27.0185 72.5832 104.893 11.0454 78.7355 32.6497 9.21954 78.7355 74.726 59.0863 81.225 11.4018 12.6491 99.0255 63.8201 83.4543 101.071 52.5207 15.0 68.0 15.6525 84.0536 27.5862 7.2111 83.339 103.592 41.4367 0.0 50.04 54.5564 67.3731 43.4626 103.576 87.8461 59.5915 43.0465 41.7732 39.4588 56.0874 61.0737 51.1017 50.8035 52.1979 
58.6712 93.9415 87.1321 56.4358 30.4631 18.7883 39.5601 92.5963 15.0333 47.5079 86.3044 108.341 118.749 29.0 51.2445 62.0322 100.426 87.8635 36.0555 16.2788 113.699 82.9914 65.5218 36.2353 82.6803 51.8845 46.0977 38.0789 88.2049 93.1719 49.8197 67.5013 31.4006 56.2228 67.5013 92.8508 56.3649 77.4668 61.0082 54.9181 120.803 35.0571 106.147 102.096 72.0876 65.0308 31.6228 36.3456 104.141 72.0347 54.1479 105.582 117.782 16.2788 50.04 0.0 72.1807 68.4011 18.0278 98.3492 111.144 92.1567 8.06226 36.4005 89.0898 91.7878 46.3249 78.7107 29.4109 78.9203 
13.6015 58.5405 44.5533 27.1662 46.6208 55.2268 40.2082 43.4997 62.2656 31.0489 31.0644 51.0221 46.669 43.2046 50.2494 51.1336 49.8387 54.4885 44.686 55.9258 45.8803 11.1803 49.7634 40.5114 30.4795 26.8419 27.3159 39.9642 18.2483 57.1554 44.0823 42.8229 41.6906 47.3511 42.8229 21.4709 31.4006 34.8281 48.5202 46.6331 50.1199 58.1378 34.6699 49.1631 2.23607 50.6416 66.9972 47.6363 33.1059 32.6497 51.0215 34.1321 49.163 55.9258 54.5564 72.1807 0.0 12.6491 54.7287 55.5053 39.6611 22.3607 70.755 37.1214 54.037 25.02 44.0114 10.4403 49.406 9.21954 
22.5821 48.3735 56.4573 15.0333 38.9077 49.8661 46.8893 33.4574 55.9026 32.3308 43.4166 49.2017 53.535 41.1149 38.0132 62.297 41.2872 43.8292 35.1145 52.8792 47.1934 18.0278 37.1311 32.5579 42.581 37.3283 24.9159 41.2461 20.5183 47.0106 56.899 31.1896 41.172 64.3421 31.1896 26.6271 19.0263 23.4307 59.6837 59.4498 53.8145 47.4342 39.8246 42.9571 14.3178 61.805 56.648 55.5024 36.7696 43.937 63.8382 39.0512 49.322 52.456 67.3731 68.4011 12.6491 0.0 50.3766 45.463 44.6878 34.0 68.5783 32.3303 65.7422 37.3363 32.3883 23.0868 41.1149 21.8403 
41.2193 77.6299 76.0066 38.4708 13.1529 2.82843 27.0185 74.5735 9.0 30.5287 72.3671 90.3177 101.226 12.083 36.3456 54.7083 82.4032 71.5474 19.105 4.47214 95.675 65.4693 49.1873 18.3848 68.884 37.108 28.2843 23.3452 70.1804 76.8388 39.4588 51.1668 15.5242 47.0744 51.1668 75.7547 38.6264 61.1323 52.8867 44.2832 102.779 23.3238 89.0506 84.0732 54.6357 57.5674 25.0 27.8568 86.1169 60.0333 45.3542 88.4864 99.7591 3.16228 43.4626 18.0278 54.7287 50.3766 0.0 82.0147 94.0482 76.2694 19.2354 18.4391 79.7621 76.3355 30.0167 62.5879 13.0384 61.9789 
66.4078 11.0454 98.7813 48.533 68.9268 80.2139 83.0926 13.0 83.5532 68.5342 83.2017 15.0333 59.6657 77.0361 48.8774 105.92 10.2956 13.8924 62.931 85.9208 38.1182 50.1252 35.7351 65.216 84.487 81.154 61.1193 77.4495 41.8992 10.198 93.1024 30.8707 76.6095 100.545 30.8707 44.8219 50.5699 25.0799 103.306 95.6531 49.0918 66.242 47.5395 11.7047 57.6719 105.428 74.6257 91.7058 42.5441 87.6635 100.042 46.6154 29.0689 84.9536 103.576 98.3492 55.5053 45.463 82.0147 0.0 49.0408 63.8281 101.2 68.4547 109.078 69.5413 52.0631 63.9486 69.1756 62.7208 
53.0191 59.439 65.6201 57.4543 82.8634 93.8218 77.6507 42.0476 99.8583 70.4386 50.1597 35.3412 11.0 82.2252 78.0511 82.4147 39.0512 59.4138 79.0569 94.8808 14.2127 28.6007 61.3904 76.5136 53.0094 64.2844 68.8716 79.3539 24.2074 58.2495 81.5248 61.8094 81.0803 78.6321 61.8094 18.4391 59.9416 50.5523 79.8013 76.639 11.1803 90.4268 5.0 37.3631 40.8167 81.8841 99.8499 85.0787 8.544 62.3939 80.6771 5.65685 24.0832 95.0308 87.8461 111.144 39.6611 44.6878 94.0482 49.0408 0.0 29.0 110.145 76.286 75.9539 34.1321 74.2463 37.9473 85.0706 37.3363 
35.1141 72.4166 37.108 49.0102 68.6222 76.7684 53.8145 53.1661 83.8218 52.5896 21.3776 54.4059 31.0161 64.7453 72.0069 54.1202 53.7588 69.9677 66.9403 76.4131 41.0 18.0278 58.8199 62.6418 24.0208 40.4649 49.3356 54.0783 23.6008 71.0595 53.1643 61.8466 61.2741 50.3775 61.8466 19.2094 53.0094 52.2015 51.5467 48.3844 40.05 80.417 25.1794 53.0754 21.8403 53.3667 89.2693 61.6633 27.2029 33.7343 52.4224 25.318 48.4665 76.9029 59.5915 92.1567 22.3607 34.0 76.2694 63.8281 29.0 0.0 88.4616 58.8727 47.5395 5.83095 66.1891 13.8924 71.4703 14.3178 
57.2456 96.815 81.0247 57.0088 32.3883 21.0238 34.9857 92.6762 19.9249 45.4533 81.4619 108.42 117.323 27.7849 55.0364 55.0364 100.506 90.7326 38.3275 15.8114 113.877 81.5658 68.3724 37.3631 77.2957 48.0104 45.2769 34.7131 88.1743 96.0239 43.9659 70.3519 29.2062 49.8197 70.3519 91.8512 57.5674 82.3303 54.231 49.0408 120.499 40.025 105.147 102.176 70.662 58.0345 38.0132 30.3645 103.413 66.4078 47.676 104.583 117.962 16.4924 43.0465 8.06226 70.755 68.5783 19.2354 101.2 110.145 88.4616 0.0 36.2491 82.3893 87.9204 49.163 75.0156 32.0624 75.2252 
23.7697 64.8898 65.7446 20.8806 10.0499 18.4391 21.2132 56.4492 25.2389 14.1421 59.0 72.1934 83.681 9.05539 27.8029 50.6063 64.2789 58.8074 11.1803 20.5913 77.6287 47.9239 36.4472 5.83095 56.0803 24.5153 10.0 14.8661 52.1341 64.0987 33.6006 38.4267 10.4403 41.6173 38.4267 58.2093 22.0907 46.1033 48.0104 37.2156 84.7324 24.7386 71.5475 65.9488 37.1618 53.0094 32.0156 27.7849 68.0706 49.7033 40.6079 70.7184 81.7137 20.2485 41.7732 36.4005 37.1214 32.3303 18.4391 68.4547 76.286 58.8727 36.2491 0.0 71.6433 60.1664 19.4165 45.2217 13.0384 44.5982 
56.6946 112.56 10.4403 77.3679 80.6536 82.0366 52.9528 97.5193 88.6848 59.8686 26.2488 100.18 75.0067 69.857 96.9785 27.6586 99.0084 108.467 82.8222 77.3175 88.5268 59.5399 99.9431 77.4528 24.5967 48.2141 67.5689 57.9741 67.5352 111.175 40.3113 96.367 65.7343 33.0151 96.367 65.5515 81.0551 88.5325 28.1603 35.5106 86.5794 96.1437 72.5672 98.3328 51.8556 24.7386 102.357 53.0094 74.7262 23.0217 35.0 72.7805 95.8175 78.4092 39.4588 89.0898 54.037 65.7422 79.7621 109.078 75.9539 47.5395 82.3893 71.6433 0.0 41.9762 88.6615 45.793 83.5225 47.1699 
36.6742 78.1297 31.5753 52.1536 70.0928 77.5839 53.0094 58.8792 84.862 53.8524 16.0312 60.2163 34.9285 64.2947 75.2396 50.3289 59.4719 74.9254 68.884 76.0492 46.5725 22.8254 74.3323 64.3273 19.105 39.9625 50.9902 53.7122 29.0689 76.7726 49.6601 66.0984 60.9102 46.8734 66.0984 25.0 56.3205 56.8595 47.927 44.8803 45.0111 82.6075 30.5941 58.7963 24.0208 49.3356 91.2414 60.8742 32.8938 29.7321 48.9183 30.8058 54.231 76.539 56.0874 91.7878 25.02 37.3363 76.3355 69.5413 34.1321 5.83095 87.9204 60.1664 41.9762 0.0 69.0 15.1327 73.0068 16.0312 
33.7343 47.676 81.6192 17.4642 17.0294 28.1603 40.4599 44.9806 31.6228 28.8213 71.8053 61.3193 84.1724 26.9258 8.48528 69.3542 52.8518 41.5933 11.0454 34.0147 74.8771 50.2195 19.2357 14.3178 69.6419 40.8227 21.4709 34.0588 50.6952 46.8722 52.345 21.2152 29.5296 60.208 21.2152 57.5847 14.3178 31.1807 66.6033 55.4437 81.9915 16.4012 69.7782 54.9261 45.0111 71.5891 25.807 47.1699 65.784 65.64 59.4138 68.8767 72.1868 33.0 61.0737 46.3249 44.0114 32.3883 30.0167 52.0631 74.2463 66.1891 49.163 19.4165 88.6615 69.0 0.0 54.037 17.1172 53.0094 
21.587 67.7594 35.805 37.4833 55.0818 63.087 40.3852 52.7186 70.1404 38.9082 21.2603 55.0627 42.72 51.0639 60.5391 45.6702 53.8793 63.7338 53.7587 62.9672 47.0956 13.9284 60.203 49.2443 21.4009 27.0189 35.9026 40.6324 22.1359 66.3743 44.2594 52.9544 47.8281 41.8877 52.9544 22.0 41.7732 44.6542 43.0569 39.8946 49.0408 67.4759 33.2415 53.2036 9.05539 45.1782 76.1183 48.2499 33.2415 26.4764 43.9326 32.9848 52.345 63.457 51.1017 78.7107 10.4403 23.0868 62.5879 63.9486 37.9473 13.8924 75.0156 45.2217 45.793 15.1327 54.037 0.0 57.9741 1.41421 
36.4005 64.7765 78.341 28.3196 3.0 11.0454 31.305 62.0932 15.2643 27.1662 72.0069 80.5803 94.3443 14.4222 23.3452 60.9016 69.9644 58.6941 6.7082 17.2627 86.3983 59.1426 36.3483 8.94427 69.029 37.2156 22.1359 25.632 60.9187 63.9997 44.2832 38.3277 18.3576 52.3259 38.3277 67.4313 27.4591 48.2932 58.5918 48.4665 93.5094 13.0384 80.3321 72.0387 49.6488 63.5295 19.105 35.4683 76.8551 62.2997 51.0 79.5029 90.0217 16.1245 50.8035 29.4109 49.406 41.1149 13.0384 69.1756 85.0706 71.4703 32.0624 13.0384 83.5225 73.0068 17.1172 57.9741 0.0 57.28 
