NAME  : Jabali_70_2_0.90_1_1
TYPE : SVRP
MODEL : FINITE_SUPPORT
NUMBER_OF_SCENARIOS : 200
DIMENSION : 70
EDGE_WEIGHT_TYPE : MATRIX
CAPACITY : 206
N_VEHICLES : 2
NODE_COORD_SECTION
1 4340 4869
2 2906 5528
3 2165 7422
4 339 3025
5 6405 2922
6 7056 887
7 8408 6113
8 3936 1398
9 2080 6447
10 5928 3495
11 5164 7449
12 1380 1214
13 6914 1963
14 5761 5588
15 7229 2777
16 5252 1136
17 4481 5510
18 7184 5334
19 1484 1472
20 1914 5183
21 4494 391
22 2180 2416
23 5283 2382
24 900 3278
25 1431 8055
26 4214 936
27 7386 2796
28 6561 439
29 2749 5739
30 6760 1107
31 6522 1528
32 5175 2147
33 6565 1995
34 3513 7388
35 3807 5783
36 6575 4812
37 1076 2590
38 984 6204
39 3361 668
40 3400 1440
41 358 3666
42 5255 6457
43 1206 1775
44 5584 4421
45 27 1888
46 5607 4142
47 5369 435
48 4314 4536
49 3448 6362
50 6382 6584
51 2361 4113
52 6340 665
53 5050 18
54 2366 2834
55 6095 2669
56 3878 1198
57 5968 4918
58 3569 3878
59 1384 4996
60 1497 4340
61 6585 5959
62 5657 2066
63 5063 1441
64 7765 6406
65 7624 4163
66 1692 4272
67 3096 1165
68 7081 2323
69 5485 1366
70 5027 2319
DEMAND_SECTION
1 0.0
2 6.0
3 2.0
4 4.0
5 7.0
6 4.0
7 1.0
8 6.0
9 10.0
10 1.0
11 10.0
12 5.0
13 2.0
14 8.0
15 9.0
16 5.0
17 1.0
18 9.0
19 1.0
20 9.0
21 2.0
22 2.0
23 9.0
24 6.0
25 7.0
26 4.0
27 1.0
28 5.0
29 5.0
30 2.0
31 3.0
32 1.0
33 8.0
34 6.0
35 4.0
36 2.0
37 4.0
38 2.0
39 1.0
40 6.0
41 10.0
42 9.0
43 8.0
44 6.0
45 1.0
46 8.0
47 9.0
48 1.0
49 4.0
50 5.0
51 8.0
52 7.0
53 10.0
54 7.0
55 6.0
56 7.0
57 5.0
58 1.0
59 10.0
60 10.0
61 4.0
62 7.0
63 6.0
64 4.0
65 6.0
66 7.0
67 8.0
68 5.0
69 10.0
70 2.0
DEVIATION_SECTION
1 0.0
2 2.0
3 0.666667
4 1.33333
5 2.33333
6 1.33333
7 0.333333
8 2.0
9 3.33333
10 0.333333
11 3.33333
12 1.66667
13 0.666667
14 2.66667
15 3.0
16 1.66667
17 0.333333
18 3.0
19 0.333333
20 3.0
21 0.666667
22 0.666667
23 3.0
24 2.0
25 2.33333
26 1.33333
27 0.333333
28 1.66667
29 1.66667
30 0.666667
31 1.0
32 0.333333
33 2.66667
34 2.0
35 1.33333
36 0.666667
37 1.33333
38 0.666667
39 0.333333
40 2.0
41 3.33333
42 3.0
43 2.66667
44 2.0
45 0.333333
46 2.66667
47 3.0
48 0.333333
49 1.33333
50 1.66667
51 2.66667
52 2.33333
53 3.33333
54 2.33333
55 2.0
56 2.33333
57 1.66667
58 0.333333
59 3.33333
60 3.33333
61 1.33333
62 2.33333
63 2.0
64 1.33333
65 2.0
66 2.33333
67 2.66667
68 1.66667
69 3.33333
70 0.666667
DISTANCE_MATRIX
0.0 21.095 50.6132 61.6932 39.4462 65.8559 57.4543 45.8257 43.7659 29.5296 38.649 64.5377 53.2541 21.5015 50.6952 54.4128 10.129 39.0 62.1052 33.3766 60.4135 46.3202 39.1152 53.9118 63.6414 51.8114 49.3964 67.3573 23.7053 61.5549 55.2268 41.6773 50.6063 39.8632 17.6251 30.5941 56.9538 48.384 56.0357 47.0 57.6694 25.1087 62.4743 19.2354 73.6217 20.8806 63.2017 4.12311 26.4266 35.5366 31.6296 63.8905 68.6238 42.2576 39.2046 47.6968 22.561 16.7047 40.025 39.3028 33.541 42.638 53.2845 50.6998 46.0109 37.8935 51.0882 51.4782 51.3248 39.8246 
21.095 0.0 27.4591 47.1699 59.2368 83.7616 75.3923 57.1361 16.4012 49.6488 39.8129 60.8083 72.45 39.5601 71.1688 70.4809 21.3776 58.4637 57.8113 13.8924 71.7648 44.0292 54.7026 39.8246 39.6989 63.1627 69.9214 83.8829 2.82843 79.3221 73.2462 56.7563 69.3542 25.1794 12.1655 51.1566 45.5707 27.2947 71.9041 64.3738 41.8688 39.4038 54.8148 40.3113 61.3803 41.7732 78.4056 22.8035 12.53 50.3874 22.5751 80.2992 79.975 40.1666 58.1378 59.044 43.1045 26.4009 21.095 23.6008 50.6952 59.4054 69.3525 67.5811 67.0075 22.4722 64.8342 71.3092 67.3929 54.6425 
50.6132 27.4591 0.0 63.7887 83.3432 110.946 85.1469 83.9015 13.1529 73.344 39.0512 82.6075 97.3661 54.3439 93.9415 97.7133 40.7063 72.6911 79.6304 30.1496 98.5302 66.1425 81.935 58.1378 13.0384 89.9281 92.5905 111.115 24.6982 106.51 100.42 83.9887 94.9775 18.1108 34.2053 68.945 66.0076 22.4722 94.0175 86.4872 56.2939 42.19 76.2365 61.7171 79.6304 64.0078 105.638 52.8493 24.1868 57.0789 44.6884 107.532 106.74 62.2799 83.6244 85.8094 61.5869 53.1664 34.1321 42.0119 62.1289 86.6182 96.585 76.2365 85.6578 42.107 86.9476 95.2328 94.6253 81.8749 
61.6932 47.1699 63.7887 0.0 82.0 95.1893 116.996 53.4603 51.4198 75.919 86.8954 27.5862 90.3549 81.8789 94.921 70.2567 70.9097 97.6755 25.6125 35.4683 65.521 26.0 67.1863 7.81025 70.0071 59.0339 94.1488 90.934 47.8853 91.0879 87.0057 67.0298 86.2844 70.7743 58.8878 87.9683 11.4018 44.0454 51.264 46.8722 8.24621 85.8894 20.6155 74.0977 16.0 73.8272 75.71 58.5908 59.6825 96.873 31.1448 87.6926 74.3303 27.6586 78.2624 53.7587 80.5131 45.463 29.8329 23.7065 94.3217 73.171 68.0074 110.816 100.322 24.6982 44.9222 91.9239 73.1095 65.0692 
39.4462 59.2368 83.3432 82.0 0.0 28.3019 52.2015 42.6015 75.5142 10.0 62.7694 70.4963 14.1421 37.1214 13.0384 26.1848 42.8019 35.0571 68.9638 68.6654 40.0687 56.921 18.3848 75.1332 96.3714 38.3902 12.1655 32.573 61.9151 24.5967 18.3848 20.6155 12.53 72.5932 50.3551 26.3059 72.1249 86.0233 50.5964 44.8346 82.6107 49.6488 71.1126 22.6716 86.9253 19.799 34.5254 36.6742 59.1566 49.7293 57.0789 29.8329 41.0 54.3415 5.0 44.4725 27.7308 41.3038 73.8302 69.0652 41.7732 14.7648 25.0564 51.3517 24.1868 67.0671 49.7505 12.083 23.0868 21.2132 
65.8559 83.7616 110.946 95.1893 28.3019 0.0 74.0 42.0119 100.125 37.8021 91.0659 76.1183 14.8661 65.3682 25.0799 25.0 70.0075 60.4152 75.6637 91.5838 34.176 69.2604 30.0832 89.6772 123.289 37.3363 26.1725 8.60233 86.5332 4.47214 10.6301 29.1204 15.8114 99.7416 77.5035 53.4883 84.0536 110.022 48.5077 49.0918 98.01 77.9359 79.3095 50.8035 95.5249 47.8017 23.2594 62.482 86.3051 77.2528 76.896 9.43398 28.8444 69.168 26.9072 42.107 55.9464 63.0635 94.7048 88.3184 68.9493 24.5967 27.4591 75.5381 45.0999 86.386 52.469 19.4165 22.0907 31.3209 
57.4543 75.3923 85.1469 116.996 52.2015 74.0 0.0 89.1572 84.9294 49.6488 47.1699 114.865 60.208 36.2353 49.0408 78.3799 54.5619 19.8494 112.61 89.2296 92.2638 96.9962 68.942 109.215 96.0208 90.5853 48.0937 81.1542 76.5579 72.111 67.4759 71.6938 61.6604 67.0671 63.561 30.6105 112.09 99.9396 99.6522 91.3903 114.822 43.9318 113.146 44.5982 127.42 46.2277 86.5852 58.8218 67.7343 28.0713 86.9323 79.404 93.145 92.9336 56.921 91.0282 36.7967 71.8401 96.4193 96.7594 24.6982 66.7308 77.2516 9.05539 29.1548 95.3501 96.3062 55.1453 75.2861 71.5891 
45.8257 57.1361 83.9015 53.4603 42.6015 42.0119 89.1572 0.0 74.38 40.1734 81.0996 35.1141 40.0245 60.2466 49.006 17.0294 53.2726 69.527 34.2053 58.4206 14.8661 27.8927 25.3358 48.5077 97.6209 6.40312 49.0432 37.4833 59.9426 38.1182 34.9285 29.4161 36.0284 82.6484 67.531 58.7235 42.19 76.6492 12.083 7.28011 57.0088 67.5593 37.4833 45.6946 53.7587 43.3929 22.8473 41.7479 68.4337 75.77 43.441 34.2345 23.4307 29.0689 38.0296 2.0 54.2312 33.1059 59.7278 50.9414 70.584 27.235 16.1555 85.4425 64.9307 49.7453 11.6619 43.5369 20.2237 22.9128 
43.7659 16.4012 13.1529 51.4198 75.5142 100.125 84.9294 74.38 0.0 65.9078 42.19 69.4622 88.7588 51.0098 87.4186 86.8821 34.5254 70.0643 66.4831 17.0294 88.9979 52.7477 71.1038 45.3982 23.8537 80.399 86.1684 100.284 13.6015 95.6922 89.6063 73.1575 85.6809 21.9317 26.2488 64.2806 53.0094 15.2315 80.909 73.3787 44.2719 41.0 63.1269 55.1052 67.082 57.1823 94.8068 39.045 19.0263 57.28 31.58 96.7003 97.2328 49.1715 74.4497 76.1514 56.4358 42.8021 21.587 29.0172 60.6721 75.8024 85.7537 76.4003 80.7527 29.0172 73.8391 87.5893 83.7941 71.0437 
29.5296 49.6488 73.344 75.919 10.0 37.8021 49.6488 40.1734 65.9078 0.0 53.6656 67.4759 24.0832 28.4605 21.587 31.2943 32.8024 30.6757 65.6049 59.6825 45.1782 51.8845 19.6469 68.8313 86.3722 43.4997 20.3961 41.1461 52.3087 33.8378 27.4591 22.561 22.0227 62.594 40.3559 20.3961 66.7083 76.6551 50.6684 42.4065 75.7245 40.3113 67.1193 13.0384 82.365 10.0 40.0832 26.9258 49.1574 42.2966 49.0918 38.0789 46.2868 48.4665 11.1803 42.0445 19.4165 33.0151 65.2067 61.0737 35.0 19.0263 30.166 47.1275 25.0 59.0762 47.3225 21.9545 28.2063 22.1359 
38.649 39.8129 39.0512 86.8954 62.7694 91.0659 47.1699 81.0996 42.19 53.6656 0.0 100.731 76.5506 25.807 69.527 83.7623 32.9764 38.9487 97.7343 52.4023 95.6874 83.9522 69.7257 79.6153 49.0408 87.0853 68.1175 94.8103 39.0966 87.3212 81.0062 72.6412 75.2928 21.1896 38.0251 39.598 85.4937 57.3062 91.5927 82.8983 81.2983 13.6015 94.7378 40.7185 101.179 43.8634 92.5512 40.864 27.4951 19.9249 62.4981 91.7061 98.7548 80.0896 64.846 82.9706 35.2278 54.4253 59.4138 63.231 27.2947 71.5122 82.634 38.1182 55.0 62.2102 87.3305 73.0068 80.6743 71.2387 
64.5377 60.8083 82.6075 27.5862 70.4963 76.1183 114.865 35.1141 69.4622 67.4759 100.731 0.0 75.1336 82.2496 82.5212 51.6624 72.6501 95.0158 3.0 52.469 43.0116 19.9249 53.2306 27.7849 91.444 38.833 82.0294 70.2567 61.8548 72.5672 69.9214 64.5252 71.1375 85.3372 72.4881 84.2912 18.3576 66.7308 28.0179 27.8568 34.8281 87.6298 7.2111 70.2922 20.2237 68.6804 54.0833 60.42 73.3908 97.4333 41.4964 67.4759 51.0882 25.9615 65.9244 34.4819 78.4092 49.2733 49.7293 41.0 93.7443 59.0478 51.264 110.0 92.4554 40.6079 23.7697 78.646 55.0818 50.8076 
53.2541 72.45 97.3661 90.3549 14.1421 14.8661 60.208 40.0245 88.7588 24.0832 76.5506 75.1336 0.0 50.774 11.4018 24.4131 56.8507 45.7056 74.2091 81.2378 37.4833 64.4981 23.1948 84.0536 110.394 37.2156 12.1655 21.0 75.1332 12.0416 7.61577 23.7697 4.12311 86.616 64.3779 38.6264 79.7621 98.7935 49.3964 47.2994 92.0 63.6003 77.1927 36.7967 93.2898 33.9411 28.8444 50.2494 73.1795 62.3939 68.2495 19.2354 35.5106 63.0317 14.3178 40.7359 41.3401 53.1601 85.6154 80.0625 54.0833 17.2627 23.9713 61.131 31.0644 78.0897 51.504 5.09902 20.8087 25.4951 
21.5015 39.5601 54.3439 81.8789 37.1214 65.3682 36.2353 60.2466 51.0098 28.4605 25.807 82.2496 50.774 0.0 43.8634 59.3839 18.3848 19.105 79.8171 53.3653 73.2678 64.0321 46.1736 74.0975 66.7608 66.2323 42.45 69.4622 41.0 61.7171 55.4617 49.163 49.6488 37.6962 27.5136 14.7648 77.1396 65.3758 70.7416 62.3618 79.1554 13.6015 80.1861 16.1245 93.8074 19.2354 68.1728 23.3452 32.0 15.5242 52.2186 66.4831 74.3764 59.9695 39.5601 62.1176 9.43398 36.8782 60.555 60.7888 12.0416 47.0744 58.2556 29.2062 31.3847 59.3795 67.0522 47.2017 56.2959 48.0416 
50.6952 71.1688 93.9415 94.921 13.0384 25.0799 49.0408 49.006 87.4186 21.587 69.527 82.5212 11.4018 43.8634 0.0 33.9706 53.2353 35.7351 81.0106 81.2158 47.634 69.6419 29.5296 88.1192 106.944 46.2865 1.41421 32.1403 73.8195 23.0868 18.9737 31.0644 13.8924 80.5368 61.0069 30.2324 84.8999 98.2344 58.4928 56.8595 95.6347 57.28 83.3847 32.249 99.368 29.9666 39.8246 48.3839 69.7711 53.7122 70.0286 30.5941 46.5296 67.2681 16.7631 49.7174 34.6554 54.1479 86.6058 82.0244 45.1774 24.4131 32.9528 50.4876 20.025 80.025 60.4855 6.32456 30.4795 32.249 
54.4128 70.4809 97.7133 70.2567 26.1848 25.0 78.3799 17.0294 86.8821 31.2943 83.7623 51.6624 24.4131 59.3839 33.9706 0.0 59.5156 60.8115 50.9902 71.7401 13.8924 44.4072 15.8134 64.9384 110.056 13.0 34.0588 21.1896 73.2874 21.095 18.3848 14.4912 20.6155 89.2498 80.8758 51.2565 59.0762 90.1786 25.0599 24.1868 73.3485 70.2221 54.4518 43.3497 70.7107 40.1959 10.7703 50.6277 81.7785 73.5813 56.7605 17.72 16.0312 44.643 21.5289 17.2627 50.6277 49.0919 74.6287 66.0506 66.245 12.3101 5.38516 77.2468 50.1646 64.8544 27.8927 28.3196 3.60555 16.6979 
10.129 21.3776 40.7063 70.9097 42.8019 70.0075 54.5619 53.2726 34.5254 32.8024 32.9764 72.6501 56.8507 18.3848 53.2353 59.5156 0.0 37.108 70.2177 35.1609 67.8605 54.4326 44.567 63.1283 53.7122 59.2583 51.8845 72.0572 23.0868 65.7984 59.4156 47.2862 54.4885 29.8622 9.21954 30.0 66.1703 48.0 63.6913 54.8198 67.7829 19.4361 70.5867 21.0238 82.8382 23.3238 68.3045 12.3651 16.5529 30.4138 40.8461 68.6648 74.5081 50.3701 43.1393 55.1437 22.0227 25.9053 42.3506 49.4162 30.0167 47.5376 58.3872 47.1699 46.2709 48.0069 59.1171 54.6443 56.4276 45.5818 
39.0 58.4637 72.6911 97.6755 35.0571 60.4152 19.8494 69.527 70.0643 30.6757 38.9487 95.0158 45.7056 19.105 35.7351 60.8115 37.108 0.0 92.7631 72.254 74.6954 77.1841 50.2892 89.9145 84.7231 73.0169 34.4819 66.4831 60.0167 57.7062 52.2398 53.1601 46.1736 55.3173 46.3249 10.8167 91.4541 84.4808 80.022 71.7601 95.6345 30.5941 93.3381 24.7588 107.608 26.4008 69.4622 39.8246 51.0392 19.8494 67.6323 64.195 75.8024 73.1215 39.3192 71.3981 17.2047 52.4309 78.9245 78.2992 11.6619 48.8365 59.6831 16.4924 17.2047 76.8899 76.676 41.0 57.7062 52.811 
62.1052 57.8113 79.6304 25.6125 68.9638 75.6637 112.61 34.2053 66.4831 65.6049 97.7343 3.0 74.2091 79.8171 81.0106 50.9902 70.2177 92.7631 0.0 49.4975 43.0465 17.088 51.72 25.2389 88.5268 38.3275 80.5188 70.0643 58.8579 72.0069 69.1231 51.1172 70.213 82.3403 69.4912 82.0731 15.8114 63.9062 28.0713 26.9258 32.5576 85.1974 5.0 68.0147 20.0 66.4831 54.0 57.9876 70.3939 95.0009 38.5029 67.1863 51.3517 23.0868 64.4138 33.7343 76.0592 46.8409 46.8402 38.0789 91.3187 57.5372 50.2892 107.615 90.6035 37.6563 23.1948 77.0116 54.3415 49.2971 
33.3766 13.8924 30.1496 35.4683 68.6654 91.5838 89.2296 58.4206 17.0294 59.6825 52.4023 52.469 81.2378 53.3653 81.2158 71.7401 35.1609 72.254 49.4975 0.0 72.6711 35.8799 61.5224 28.8617 39.5601 64.4395 80.0625 90.5949 13.4536 87.1198 81.5463 62.8193 78.6904 35.3412 25.9452 63.9531 36.0555 18.6011 63.7548 56.2245 29.1548 48.7476 46.0977 52.0384 50.6952 53.0094 79.7039 34.0147 25.4558 64.2371 15.6205 87.0088 81.2733 32.0173 66.9505 59.8246 55.9017 29.1878 7.2111 12.1655 64.5343 67.0471 76.0621 81.4308 79.2275 12.0 56.6849 80.575 74.1025 60.5833 
60.4135 71.7648 98.5302 65.521 40.0687 34.176 92.2638 14.8661 88.9979 45.1782 95.6874 43.0116 37.4833 73.2678 47.634 13.8924 67.8605 74.6954 43.0465 72.6711 0.0 41.1461 29.6973 61.4654 112.239 8.60233 47.8017 27.4591 74.5713 31.305 30.6105 28.3751 33.9706 97.2771 82.1597 65.1405 54.1202 91.536 15.0 19.2354 70.0071 82.1471 47.2652 57.2336 63.0317 54.0799 11.1803 56.3357 83.0624 87.4652 58.0588 25.0 8.94427 43.2666 35.4128 13.4536 64.5116 47.6987 74.0608 65.2745 80.1289 26.194 17.72 91.1307 64.0485 64.0783 20.6155 41.7732 17.2047 30.5819 
46.3202 44.0292 66.1425 26.0 56.921 69.2604 96.9962 27.8927 52.7477 51.8845 83.9522 19.9249 64.4981 64.0321 69.6419 44.4072 54.4326 77.1841 17.088 35.8799 41.1461 0.0 41.3038 20.6155 75.3476 33.8378 68.9638 65.307 45.0757 65.123 61.0082 41.0488 60.407 69.6085 55.709 66.6264 15.2971 52.1536 28.4253 21.9317 29.1204 69.4124 16.4012 52.4432 30.5287 51.225 50.5964 42.2026 56.6117 79.2159 24.6983 61.9839 50.0899 6.08276 52.8867 28.4605 60.3144 31.0558 34.6699 25.807 75.5336 47.2652 42.0119 91.8335 76.6616 24.6982 21.4009 66.2873 47.1699 39.1152 
39.1152 54.7026 81.935 67.1863 18.3848 30.0832 68.942 25.3358 71.1038 19.6469 69.7257 53.2306 23.1948 46.1736 29.5296 15.8134 44.567 50.2892 51.72 61.5224 29.6973 41.3038 0.0 61.0 94.2781 28.0188 29.1548 29.2179 57.5091 25.632 20.3961 3.0 19.105 74.3012 65.0975 40.025 56.5685 79.961 40.2251 27.5689 69.0652 56.1855 54.1206 30.0666 70.2177 27.0185 24.6023 35.2278 60.8647 61.0 46.8188 25.6317 30.8059 40.0125 13.4536 27.2069 38.0132 33.2866 64.622 58.2644 54.231 6.0 14.6851 66.7608 42.2019 56.332 32.4849 25.2982 12.7254 2.82843 
53.9118 39.8246 58.1378 7.81025 75.1332 89.6772 109.215 48.5077 45.3982 68.8313 79.6153 27.7849 84.0536 74.0975 88.1192 64.9384 63.1283 89.9145 25.2389 28.8617 61.4654 20.6155 61.0 0.0 65.3758 54.4059 87.2983 85.9069 40.7185 85.4778 81.0987 61.0737 80.025 63.9062 51.5046 80.1869 9.43398 39.8121 47.8853 42.3792 8.544 78.108 20.5913 66.3163 21.8403 66.0458 71.1688 50.8094 52.3546 89.0916 23.3452 82.5651 70.3847 21.0238 71.5681 49.0408 72.7317 37.6816 24.0208 16.7631 86.5403 67.0 62.3109 103.035 92.8569 17.4642 41.1461 85.3756 67.6018 59.0339 
63.6414 39.6989 13.0384 70.0071 96.3714 123.289 96.0208 97.6209 23.8537 86.3722 49.0408 91.444 110.394 66.7608 106.944 110.056 53.7122 84.7231 88.5268 39.5601 112.239 75.3476 94.2781 65.3758 0.0 103.64 105.589 123.458 36.8782 118.853 112.763 96.3317 108.006 29.4279 47.2017 81.3708 73.9797 26.0192 104.15 96.6196 62.0081 54.1295 84.7231 74.7061 86.0058 77.026 117.816 65.8775 37.2156 68.1175 54.8209 119.875 119.385 71.485 96.6526 99.3923 74.5629 65.8112 41.7732 50.448 73.8241 98.9612 108.928 87.0057 98.0836 50.9608 97.08 108.261 106.968 94.2179 
51.8114 63.1627 89.9281 59.0339 38.3902 37.3363 90.5853 6.40312 80.399 43.4997 87.0853 38.833 37.2156 66.2323 46.2865 13.0 59.2583 73.0169 38.3275 64.4395 8.60233 33.8378 28.0188 54.4059 103.64 0.0 46.3237 32.0624 65.9692 33.7343 31.3847 26.6966 33.2866 88.675 73.5576 64.7092 47.676 82.6682 12.2066 12.1655 62.9365 73.545 42.0476 51.6803 58.2151 49.3786 16.7631 47.7336 74.4603 81.7557 49.4599 29.0 17.0294 35.3553 33.7343 5.38516 60.2169 39.0966 66.0641 57.2778 76.5697 24.5155 14.1421 91.4282 62.37 56.0816 15.1327 40.8044 16.5529 28.9033 
49.3964 69.9214 92.5905 94.1488 12.1655 26.1725 48.0937 49.0432 86.1684 20.3961 68.1175 82.0294 12.1655 42.45 1.41421 34.0588 51.8845 34.4819 80.5188 80.0625 47.8017 68.9638 29.1548 87.2983 105.589 46.3237 0.0 33.0606 72.5693 24.0208 19.6469 30.8058 14.3178 79.1248 59.6718 28.8444 84.2021 97.0155 58.53 56.3677 94.7708 55.8659 82.8553 30.8869 98.7927 28.6356 40.2492 47.1275 68.4251 52.3546 69.0072 31.4006 46.9574 66.4906 16.1555 49.7546 33.2415 53.0848 85.5107 81.0062 43.8292 24.2074 32.99 49.366 19.0 79.0063 60.5227 7.07107 30.6105 31.9061 
67.3573 83.8829 111.115 90.934 32.573 8.60233 81.1542 37.4833 100.284 41.1461 94.8103 70.2567 21.0 69.4622 32.1403 21.1896 72.0572 66.4831 70.0643 90.5949 27.4591 65.307 29.2179 85.9069 123.458 32.0624 33.0606 0.0 86.6894 9.05539 14.3178 27.8956 20.3961 101.791 94.2779 58.6941 79.6304 109.033 42.2966 44.1814 94.3663 81.4125 74.0 54.1202 90.05 51.0 16.2788 63.7024 88.3548 82.28 75.7709 3.60555 21.0238 65.8027 29.9666 37.2156 60.1664 62.4963 93.6391 87.2295 74.2159 24.7588 25.0599 82.0975 52.0384 85.2386 47.0 26.0192 19.2354 30.1024 
23.7053 2.82843 24.6982 47.8853 61.9151 86.5332 76.5579 59.9426 13.6015 52.3087 39.0966 61.8548 75.1332 41.0 73.8195 73.2874 23.0868 60.0167 58.8579 13.4536 74.5713 45.0757 57.5091 40.7185 36.8782 65.9692 72.5693 86.6894 0.0 82.0975 76.0066 59.5628 72.0694 23.5372 14.0 53.0377 46.6172 25.0799 72.9507 65.4204 42.2019 35.4418 55.8614 42.9248 62.3939 44.3977 81.2121 25.4459 12.0416 51.5297 23.6216 83.1057 82.7815 41.2131 60.8276 61.8505 45.0111 29.2074 20.6155 24.1868 51.8652 62.2013 72.159 68.7234 69.0652 23.2594 65.8808 73.9902 70.1994 57.449 
61.5549 79.3221 106.51 91.0879 24.5967 4.47214 72.111 38.1182 95.6922 33.8378 87.3212 72.5672 12.0416 61.7171 23.0868 21.095 65.7984 57.7062 72.0069 87.1198 31.305 65.123 25.632 85.4778 118.853 33.7343 24.0208 9.05539 82.0975 0.0 6.40312 24.7386 12.083 95.5325 73.2944 50.2892 80.0062 105.558 45.2217 45.2769 93.8064 74.0945 75.5381 46.8722 91.7878 43.8292 20.8087 58.1378 82.096 74.0 72.45 8.06226 26.9072 64.8457 22.8035 38.3275 52.3259 58.5918 90.2497 83.8808 65.8027 20.1246 23.1948 73.171 43.0116 81.9484 48.8365 17.0 18.0 26.9258 
55.2268 73.2462 100.42 87.0057 18.3848 10.6301 67.4759 34.9285 89.6063 27.4591 81.0062 69.9214 7.61577 55.4617 18.9737 18.3848 59.4156 52.2398 69.1231 81.5463 30.6105 61.0082 20.3961 81.0987 112.763 31.3847 19.6469 14.3178 76.0066 6.40312 0.0 20.025 6.08276 89.1498 66.9117 44.3847 76.1098 99.1411 43.382 42.2019 89.2749 67.7422 72.3671 40.4969 88.6454 37.4433 21.4009 51.8556 75.7132 68.0074 67.0522 12.0 28.0179 60.208 16.4012 35.4401 46.0977 52.8015 84.7585 78.5881 59.9083 14.5602 19.105 68.0074 38.3275 76.6551 46.1736 12.6491 14.8661 22.0907 
41.6773 56.7563 83.9887 67.0298 20.6155 29.1204 71.6938 29.4161 73.1575 22.561 72.6412 64.5252 23.7697 49.163 31.0644 14.4912 47.2862 53.1601 51.1172 62.8193 28.3751 41.0488 3.0 61.0737 96.3317 26.6966 30.8058 27.8956 59.5628 24.7386 20.025 0.0 19.6469 77.0204 67.1512 42.9535 56.2228 81.2579 38.9029 36.691 69.2604 59.101 53.5178 33.0606 69.6149 30.0167 23.2801 37.7359 63.5838 64.0 47.9285 24.3095 29.4837 40.1995 15.6205 30.1274 41.0122 35.0 65.7951 59.3286 57.2189 6.7082 13.3629 69.6419 44.6542 57.3962 40.8956 26.4008 11.4032 2.23607 
50.6063 69.3542 94.9775 86.2844 12.53 15.8114 61.6604 36.0284 85.6809 22.0227 75.2928 71.1375 4.12311 49.6488 13.8924 20.6155 54.4885 46.1736 70.213 78.6904 33.9706 60.407 19.105 80.025 108.006 33.2866 14.3178 20.3961 72.0694 12.083 6.08276 19.6469 0.0 84.2275 61.9894 38.3275 75.6637 95.5021 45.4863 43.3033 88.0057 62.1289 73.0748 35.0 89.1719 32.0156 25.9422 47.4342 70.791 61.9839 64.5368 18.0278 32.6497 59.0085 11.4018 36.7398 40.2492 49.6488 82.0061 76.2955 53.8516 13.1529 19.9752 62.0 32.5576 74.3303 47.5079 7.81025 17.0294 21.3776 
39.8632 25.1794 18.1108 70.7743 72.5932 99.7416 67.0671 82.6484 21.9317 62.594 21.1896 85.3372 86.616 37.6962 80.5368 89.2498 29.8622 55.3173 82.3403 35.3412 97.2771 69.6085 74.3012 63.9062 29.4279 88.675 79.1248 101.791 23.5372 95.5325 89.1498 77.0204 84.2275 0.0 24.8993 52.3927 70.0996 36.6197 97.4835 81.9169 64.4127 24.7386 79.3437 50.8401 85.703 53.186 98.0387 42.0992 14.3178 39.0128 47.104 98.399 105.487 65.746 72.8744 84.5563 45.9478 50.6954 41.6773 47.1699 44.4072 77.2718 88.1214 58.1378 69.0797 46.4866 90.4136 84.4803 86.1618 75.316 
17.6251 12.1655 34.2053 58.8878 50.3551 77.5035 63.561 67.531 26.2488 40.3559 38.0251 72.4881 64.3779 27.5136 61.0069 80.8758 9.21954 46.3249 69.4912 25.9452 82.1597 55.709 65.0975 51.5046 47.2017 73.5576 59.6718 94.2779 14.0 73.2944 66.9117 67.1512 61.9894 24.8993 0.0 39.0512 57.2505 39.0512 83.584 68.0174 53.7009 27.8032 66.4946 28.9643 73.0601 31.0415 88.8005 19.8612 10.8167 38.7868 34.2549 90.6941 90.3699 51.8464 50.6363 69.4389 31.0161 36.7959 33.1348 35.3878 38.9102 69.7807 79.7475 55.9464 55.0818 34.2021 76.5141 62.2447 77.7878 65.0374 
30.5941 51.1566 68.945 87.9683 26.3059 53.4883 30.6105 58.7235 64.2806 20.3961 39.598 84.2912 38.6264 14.7648 30.2324 51.2565 30.0 10.8167 82.0731 63.9531 65.1405 66.6264 40.025 80.1869 81.3708 64.7092 28.8444 58.6941 53.0377 50.2892 44.3847 42.9535 38.3275 52.3927 39.0512 0.0 80.8964 78.0 69.2185 60.9566 85.9402 28.3019 82.7587 14.2127 97.0501 15.6205 60.0333 30.6757 45.5412 23.7697 57.938 56.0892 66.249 62.5638 30.0167 60.5946 8.06226 42.5441 70.6116 69.6596 15.5242 39.1152 50.1282 26.9258 16.7631 68.2503 65.8726 34.4384 48.0937 42.45 
56.9538 45.5707 66.0076 11.4018 72.1249 84.0536 112.09 42.19 53.0094 66.7083 85.4937 18.3576 79.7621 77.1396 84.8999 59.0762 66.1703 91.4541 15.8114 36.0555 54.1202 15.2971 56.5685 9.43398 73.9797 47.676 84.2021 79.6304 46.6172 80.0062 76.1098 56.2228 75.6637 70.0996 57.2505 80.8964 0.0 48.7647 39.9249 35.5106 17.0294 81.1501 11.1803 66.7132 17.0294 65.496 64.3273 53.8515 58.1532 91.5779 26.8982 76.4199 62.9365 18.3576 68.1542 42.4264 74.5844 40.7237 32.249 24.0 89.1126 62.514 57.0351 105.555 91.2414 24.0832 33.5261 81.5843 62.0081 54.3323 
48.384 27.2947 22.4722 44.0454 86.0233 110.022 99.9396 76.6492 15.2315 76.6551 57.3062 66.7308 98.7935 65.3758 98.2344 90.1786 48.0 84.4808 63.9062 18.6011 91.536 52.1536 79.961 39.8121 26.0192 82.6682 97.0155 109.033 25.0799 105.558 99.1411 81.2579 95.5021 36.6197 39.0512 78.0 48.7647 0.0 80.031 72.5007 36.0 56.0446 59.7746 67.6035 60.0333 69.0507 98.1424 50.01 33.7343 72.4224 33.9706 105.447 99.5019 48.2935 84.5044 78.2318 70.0071 52.1699 17.4929 26.4197 75.642 85.4856 94.5007 91.4822 94.1329 27.4591 72.9611 98.0306 92.541 79.0219 
56.0357 71.9041 94.0175 51.264 50.5964 48.5077 99.6522 12.083 80.909 50.6684 91.5927 28.0179 49.3964 70.7416 58.4928 25.0599 63.6913 80.022 28.0713 63.7548 15.0 28.4253 40.2251 47.8853 104.15 12.2066 58.53 42.2966 72.9507 45.2217 43.382 38.9029 45.4863 97.4835 83.584 69.2185 39.9249 80.031 0.0 9.21954 56.356 78.0524 32.3883 56.1896 48.0416 53.8879 26.0768 52.0096 84.4867 86.265 52.5733 39.6232 23.3452 31.8904 45.9406 10.2956 64.7262 42.0156 62.5558 53.7587 81.079 36.7218 26.2488 95.9375 75.4257 52.5733 7.07107 53.0237 28.6531 41.1096 
47.0 64.3738 86.4872 46.8722 44.8346 49.0918 91.3903 7.28011 73.3787 42.4065 82.8983 27.8568 47.2994 62.3618 56.8595 24.1868 54.8198 71.7601 26.9258 56.2245 19.2354 21.9317 27.5689 42.3792 96.6196 12.1655 56.3677 44.1814 65.4204 45.2769 42.2019 36.691 43.3033 81.9169 68.0174 60.9566 35.5106 72.5007 9.21954 0.0 50.9215 69.358 30.2655 47.927 46.5296 45.6259 28.8617 43.0116 68.9201 77.8845 45.043 41.0488 28.178 24.2074 40.2627 7.0 56.4624 32.801 55.0255 46.2391 72.8011 34.5099 23.4094 87.6756 67.1638 45.043 5.0 50.8118 27.4591 25.1459 
57.6694 41.8688 56.2939 8.24621 82.6107 98.01 114.822 57.0088 44.2719 75.7245 81.2983 34.8281 92.0 79.1554 95.6347 73.3485 67.7829 95.6345 32.5576 29.1548 70.0071 29.1204 69.0652 8.544 62.0081 62.9365 94.7708 94.3663 42.2019 93.8064 89.2749 69.2604 88.0057 64.4127 53.7009 85.9402 17.0294 36.0 56.356 50.9215 0.0 82.7627 27.6586 72.2357 24.0832 72.111 79.6994 56.5294 54.2033 93.7463 28.178 91.0055 78.924 29.0689 79.2275 57.5674 78.4557 43.6578 22.8473 18.3848 91.1949 75.06 70.6395 108.354 98.9798 19.8494 49.6588 93.1343 75.9539 67.1863 
25.1087 39.4038 42.19 85.8894 49.6488 77.9359 43.9318 67.5593 41.0 40.3113 13.6015 87.6298 63.6003 13.6015 57.28 70.2221 19.4361 30.5941 85.1974 48.7476 82.1471 69.4124 56.1855 78.108 54.1295 73.545 55.8659 81.4125 35.4418 74.0945 67.7422 59.101 62.1289 24.7386 27.8032 28.3019 81.1501 56.0446 78.0524 69.358 82.7627 0.0 85.5664 27.2947 97.8179 30.4138 79.011 27.3237 23.8403 16.5529 55.8258 78.2624 85.2146 65.3498 51.4782 69.4304 22.6274 40.885 55.7815 62.6961 20.0 57.9722 69.0937 35.4401 44.7214 61.5104 73.7902 60.3075 67.1341 57.6984 
62.4743 54.8148 76.2365 20.6155 71.1126 79.3095 113.146 37.4833 63.1269 67.1193 94.7378 7.2111 77.1927 80.1861 83.3847 54.4518 70.5867 93.3381 5.0 46.0977 47.2652 16.4012 54.1206 20.5913 84.7231 42.0476 82.8553 74.0 55.8614 75.5381 72.3671 53.5178 73.0748 79.3437 66.4946 82.7587 11.1803 59.7746 32.3883 30.2655 27.6586 85.5664 0.0 68.593 16.2788 67.2681 58.0775 58.3566 67.3974 95.3699 35.5108 71.0282 55.7315 21.9545 66.7083 37.2156 76.4684 47.2099 42.9535 34.3657 91.6877 59.9378 53.3667 107.988 92.0869 34.1321 27.0 79.4122 57.7062 51.6976 
19.2354 40.3113 61.7171 74.0977 22.6716 50.8035 44.5982 45.6946 55.1052 13.0384 40.7185 70.2922 36.7967 16.1245 32.249 43.3497 21.0238 24.7588 68.0147 52.0384 57.2336 52.4432 30.0666 66.3163 74.7061 51.6803 30.8869 54.1202 42.9248 46.8722 40.4969 33.0606 35.0 50.8401 28.9643 14.2127 66.7132 67.6035 56.1896 47.927 72.2357 27.2947 68.593 0.0 82.8669 3.16228 52.1386 18.0278 37.5766 31.0644 44.2765 50.9902 58.3422 48.3806 24.1868 47.5657 8.544 28.6356 58.3095 55.9269 25.0 31.0483 42.2214 39.9625 27.2947 53.9658 52.8015 34.0588 40.2617 32.0 
73.6217 61.3803 79.6304 16.0 86.9253 95.5249 127.42 53.7587 67.082 82.365 101.179 20.2237 93.2898 93.8074 99.368 70.7107 82.8382 107.608 20.0 50.6952 63.0317 30.5287 70.2177 21.8403 86.0058 58.2151 98.7927 90.05 62.3939 91.7878 88.6454 69.6149 89.1719 85.703 73.0601 97.0501 17.0294 60.0333 48.0416 46.5296 24.0832 97.8179 16.2788 82.8669 0.0 81.6497 74.0 70.5193 73.9101 108.246 43.5661 87.1436 71.2531 34.8281 82.6378 53.4603 90.7381 57.3915 45.5412 38.6005 105.069 76.0348 69.6348 122.223 107.187 39.2173 43.1045 95.5092 73.9797 67.7947 
20.8806 41.7732 64.0078 73.8272 19.799 47.8017 46.2277 43.3929 57.1823 10.0 43.8634 68.6804 33.9411 19.2354 29.9666 40.1959 23.3238 26.4008 66.4831 53.0094 54.0799 51.225 27.0185 66.0458 77.026 49.3786 28.6356 51.0 44.3977 43.8292 37.4433 30.0167 32.0156 53.186 31.0415 15.6205 65.496 69.0507 53.8879 45.6259 72.111 30.4138 67.2681 3.16228 81.6497 0.0 48.9848 19.105 39.8246 34.0147 44.3847 47.8539 55.1884 47.1634 21.095 45.2639 11.1803 28.4605 59.0762 56.0906 27.6586 27.8927 39.0676 42.0595 26.9258 54.1295 50.5371 31.4006 37.108 29.0172 
63.2017 78.4056 105.638 75.71 34.5254 23.2594 86.5852 22.8473 94.8068 40.0832 92.5512 54.0833 28.8444 68.1728 39.8246 10.7703 68.3045 69.4622 54.0 79.7039 11.1803 50.5964 24.6023 71.1688 117.816 16.7631 40.2492 16.2788 81.2121 20.8087 21.4009 23.2801 25.9422 98.0387 88.8005 60.0333 64.3273 98.1424 26.0768 28.8617 79.6994 79.011 58.0775 52.1386 74.0 48.9848 0.0 59.4166 89.7032 82.3702 64.7243 13.9284 6.7082 51.8941 30.1496 22.1359 59.4166 54.3395 82.4799 73.6936 75.0339 21.099 16.1555 85.8429 57.8705 72.4974 31.1448 33.6155 12.0416 25.4868 
4.12311 22.8035 52.8493 58.5908 36.6742 62.482 58.8218 41.7479 39.045 26.9258 40.864 60.42 50.2494 23.3452 48.3839 50.6277 12.3651 39.8246 57.9876 34.0147 56.3357 42.2026 35.2278 50.8094 65.8775 47.7336 47.1275 63.7024 25.4459 58.1378 51.8556 37.7359 47.4342 42.0992 19.8612 30.6757 53.8515 50.01 52.0096 43.0116 56.5294 27.3237 58.3566 18.0278 70.5193 19.105 59.4166 0.0 28.6627 37.7359 28.5272 60.208 64.5459 38.14 36.0555 43.6189 22.8473 13.6015 40.3113 39.0524 35.3553 38.9487 49.4993 52.4023 45.2769 37.6431 47.1699 48.7545 47.5397 35.8469 
26.4266 12.53 24.1868 59.6825 59.1566 86.3051 67.7343 68.4337 19.0263 49.1574 27.4951 73.3908 73.1795 32.0 69.7711 81.7785 16.5529 51.0392 70.3939 25.4558 83.0624 56.6117 60.8647 52.3546 37.2156 74.4603 68.4251 88.3548 12.0416 82.096 75.7132 63.5838 70.791 14.3178 10.8167 45.5412 58.1532 33.7343 84.4867 68.9201 54.2033 23.8403 67.3974 37.5766 73.9101 39.8246 89.7032 28.6627 0.0 40.2753 35.1576 84.9624 91.2726 52.7491 59.4378 70.3416 37.855 37.6986 32.5576 36.0555 43.4367 63.8353 80.6502 59.28 62.1691 34.9857 77.4168 71.0462 72.7252 65.9401 
35.5366 50.3874 57.0789 96.873 49.7293 77.2528 28.0713 75.77 57.28 42.2966 19.9249 97.4333 62.3939 15.5242 53.7122 73.5813 30.4138 19.8494 95.0009 64.2371 87.4652 79.2159 61.0 89.0916 68.1175 81.7557 52.3546 82.28 51.5297 74.0 68.0074 64.0 61.9839 39.0128 38.7868 23.7697 91.5779 72.4224 86.265 77.8845 93.7463 16.5529 95.3699 31.0644 108.246 34.0147 82.3702 37.7359 40.2753 0.0 66.2536 79.555 88.5738 76.8779 52.9528 77.6411 23.0217 51.3128 71.4268 73.6797 8.60233 61.2944 72.4529 19.2354 36.7967 72.494 82.5651 58.1808 70.4933 63.0317 
31.6296 22.5751 44.6884 31.1448 57.0789 76.896 86.9323 43.441 31.58 49.0918 62.4981 41.4964 68.2495 52.2186 70.0286 56.7605 40.8461 67.6323 38.5029 15.6205 58.0588 24.6983 46.8188 23.3452 54.8209 49.4599 69.0072 75.7709 23.6216 72.45 67.0522 47.9285 64.5368 47.104 34.2549 57.938 26.8982 33.9706 52.5733 45.043 28.178 55.8258 35.5108 44.2765 43.5661 44.3847 64.7243 28.5272 35.1576 66.2536 0.0 72.1847 66.2937 20.8357 54.4518 45.2123 50.4535 16.1245 17.8885 12.0 64.2581 52.4976 61.2381 81.4169 71.3092 10.0 45.5034 68.469 59.2785 45.6954 
63.8905 80.2992 107.532 87.6926 29.8329 9.43398 79.404 34.2345 96.7003 38.0789 91.7061 67.4759 19.2354 66.4831 30.5941 17.72 68.6648 64.195 67.1863 87.0088 25.0 61.9839 25.6317 82.5651 119.875 29.0 31.4006 3.60555 83.1057 8.06226 12.0 24.3095 18.0278 98.399 90.6941 56.0892 76.4199 105.447 39.6232 41.0488 91.0055 78.2624 71.0282 50.9902 87.1436 47.8539 13.9284 60.208 84.9624 79.555 72.1847 0.0 19.4165 62.3618 26.9258 34.0588 57.2451 58.9102 90.053 83.7705 71.5891 21.2603 21.4709 80.0062 50.2494 81.6524 44.0454 24.3311 15.6525 26.5162 
68.6238 79.975 106.74 74.3303 41.0 28.8444 93.145 23.4307 97.2328 46.2868 98.7548 51.0882 35.5106 74.3764 46.5296 16.0312 74.5081 75.8024 51.3517 81.2733 8.94427 50.0899 30.8059 70.3847 119.385 17.0294 46.9574 21.0238 82.7815 26.9072 28.0179 29.4837 32.6497 105.487 90.3699 66.249 62.9365 99.5019 23.3452 28.178 78.924 85.2146 55.7315 58.3422 71.2531 55.1884 6.7082 64.5459 91.2726 88.5738 66.2937 19.4165 0.0 52.1536 36.4966 22.2036 65.6202 55.9089 82.9303 74.1439 81.2375 27.3026 21.2132 92.228 64.5136 72.9478 29.4109 40.3113 18.1108 31.6904 
42.2576 40.1666 62.2799 27.6586 54.3415 69.168 92.9336 29.0689 49.1715 48.4665 80.0896 25.9615 63.0317 59.9695 67.2681 44.643 50.3701 73.1215 23.0868 32.0173 43.2666 6.08276 40.0125 21.0238 71.485 35.3553 66.4906 65.8027 41.2131 64.8457 60.208 40.1995 59.0085 65.746 51.8464 62.5638 18.3576 48.2935 31.8904 24.2074 29.0689 65.3498 21.9545 48.3806 34.8281 47.1634 51.8941 38.14 52.7491 76.8779 20.8357 62.3618 52.1536 0.0 50.636 30.0167 56.2518 26.9933 30.8182 22.0319 71.4711 46.0109 41.7975 87.7709 72.909 20.8357 24.8395 64.3817 47.115 38.1182 
39.2046 58.1378 83.6244 78.2624 5.0 26.9072 56.921 38.0296 74.4497 11.1803 64.846 65.9244 14.3178 39.5601 16.7631 21.5289 43.1393 39.3192 64.4138 66.9505 35.4128 52.8867 13.4536 71.5681 96.6526 33.7343 16.1555 29.9666 60.8276 22.8035 16.4012 15.6205 11.4018 72.8744 50.6363 30.0167 68.1542 84.5044 45.9406 40.2627 79.2275 51.4782 66.7083 24.1868 82.6378 21.095 30.1496 36.0555 59.4378 52.9528 54.4518 26.9258 36.4966 50.636 0.0 37.1651 30.3645 39.0512 71.5891 66.3702 45.2769 9.84886 20.4006 55.7315 29.1548 64.3817 45.1786 14.0357 18.4391 16.2788 
47.6968 59.044 85.8094 53.7587 44.4725 42.107 91.0282 2.0 76.1514 42.0445 82.9706 34.4819 40.7359 62.1176 49.7174 17.2627 55.1437 71.3981 33.7343 59.8246 13.4536 28.4605 27.2069 49.0408 99.3923 5.38516 49.7546 37.2156 61.8505 38.3275 35.4401 30.1274 36.7398 84.5563 69.4389 60.5946 42.4264 78.2318 10.2956 7.0 57.5674 69.4304 37.2156 47.5657 53.4603 45.2639 22.1359 43.6189 70.3416 77.6411 45.2123 34.0588 22.2036 30.0167 37.1651 0.0 56.1023 34.9285 60.7565 51.9702 72.4551 27.9463 17.0 87.3136 66.8018 50.774 10.7703 44.2483 20.6155 24.7839 
22.561 43.1045 61.5869 80.5131 27.7308 55.9464 36.7967 54.2312 56.4358 19.4165 35.2278 78.4092 41.3401 9.43398 34.6554 50.6277 22.0227 17.2047 76.0592 55.9017 64.5116 60.3144 38.0132 72.7317 74.5629 60.2169 33.2415 60.1664 45.0111 52.3259 46.0977 41.0122 40.2492 45.9478 31.0161 8.06226 74.5844 70.0071 64.7262 56.4624 78.4557 22.6274 76.4684 8.544 90.7381 11.1803 59.4166 22.8473 37.855 23.0217 50.4535 57.2451 65.6202 56.2518 30.3645 56.1023 0.0 35.2278 62.5859 61.7172 16.4924 38.3275 49.4993 31.6228 24.3311 60.3079 61.327 37.8021 47.5397 40.1123 
16.7047 26.4009 53.1664 45.463 41.3038 63.0635 71.8401 33.1059 42.8021 33.0151 54.4253 49.2733 53.1601 36.8782 54.1479 49.0919 25.9053 52.4309 46.8409 29.1878 47.6987 31.0558 33.2866 37.6816 65.8112 39.0966 53.0848 62.4963 29.2074 58.5918 52.8015 35.0 49.6488 50.6954 36.7959 42.5441 40.7237 52.1699 42.0156 32.801 43.6578 40.885 47.2099 28.6356 57.3915 28.4605 54.3395 13.6015 37.6986 51.3128 16.1245 58.9102 55.9089 26.9933 39.0512 34.9285 35.2278 0.0 32.5576 28.0713 48.8365 38.4708 47.9635 65.7647 55.3624 26.0768 36.4595 52.9528 46.0039 32.8024 
40.025 21.095 34.1321 29.8329 73.8302 94.7048 96.4193 59.7278 21.587 65.2067 59.4138 49.7293 85.6154 60.555 86.6058 74.6287 42.3506 78.9245 46.8402 7.2111 74.0608 34.6699 64.622 24.0208 41.7732 66.0641 85.5107 93.6391 20.6155 90.2497 84.7585 65.7951 82.0061 41.6773 33.1348 70.6116 32.249 17.4929 62.5558 55.0255 22.8473 55.7815 42.9535 58.3095 45.5412 59.0762 82.4799 40.3113 32.5576 71.4268 17.8885 90.053 82.9303 30.8182 71.5891 60.7565 62.5859 32.5576 0.0 8.94427 71.724 70.2282 79.1064 88.5953 85.5862 10.0 55.4859 85.5102 77.1467 63.561 
39.3028 23.6008 42.0119 23.7065 69.0652 88.3184 96.7594 50.9414 29.0172 61.0737 63.231 41.0 80.0625 60.7888 82.0244 66.0506 49.4162 78.2992 38.0789 12.1655 65.2745 25.807 58.2644 16.7631 50.448 57.2778 81.0062 87.2295 24.1868 83.8808 78.5881 59.3286 76.2955 47.1699 35.3878 69.6596 24.0 26.4197 53.7587 46.2391 18.3848 62.6961 34.3657 55.9269 38.6005 56.0906 73.6936 39.0524 36.0555 73.6797 12.0 83.7705 74.1439 22.0319 66.3702 51.9702 61.7172 28.0713 8.94427 0.0 72.8283 64.0312 72.6382 89.9871 82.9951 2.0 46.6905 80.399 68.5152 57.0955 
33.541 50.6952 62.1289 94.3217 41.7732 68.9493 24.6982 70.584 60.6721 35.0 27.2947 93.7443 54.0833 12.0416 45.1774 66.245 30.0167 11.6619 91.3187 64.5343 80.1289 75.5336 54.231 86.5403 73.8241 76.5697 43.8292 74.2159 51.8652 65.8027 59.9083 57.2189 53.8516 44.4072 38.9102 15.5242 89.1126 75.642 81.079 72.8011 91.1949 20.0 91.6877 25.0 105.069 27.6586 75.0339 35.3553 43.4367 8.60233 64.2581 71.5891 81.2375 71.4711 45.2769 72.4551 16.4924 48.8365 71.724 72.8283 0.0 54.0093 65.1167 17.2047 28.2843 71.419 77.6209 49.7695 63.157 56.4358 
42.638 59.4054 86.6182 73.171 14.7648 24.5967 66.7308 27.235 75.8024 19.0263 71.5122 59.0478 17.2627 47.0744 24.4131 12.3101 47.5376 48.8365 57.5372 67.0471 26.194 47.2652 6.0 67.0 98.9612 24.5155 24.2074 24.7588 62.2013 20.1246 14.5602 6.7082 13.1529 77.2718 69.7807 39.1152 62.514 85.4856 36.7218 34.5099 75.06 57.9722 59.9378 31.0483 76.0348 27.8927 21.099 38.9487 63.8353 61.2944 52.4976 21.2603 27.3026 46.0109 9.84886 27.9463 38.3275 38.4708 70.2282 64.0312 54.0093 0.0 11.1818 65.307 38.9487 62.0967 38.7145 19.6977 9.22213 8.24621 
53.2845 69.3525 96.585 68.0074 25.0564 27.4591 77.2516 16.1555 85.7537 30.166 82.634 51.264 23.9713 58.2556 32.9528 5.38516 58.3872 59.6831 50.2892 76.0621 17.72 42.0119 14.6851 62.3109 108.928 14.1421 32.99 25.0599 72.159 23.1948 19.105 13.3629 19.9752 88.1214 79.7475 50.1282 57.0351 94.5007 26.2488 23.4094 70.6395 69.0937 53.3667 42.2214 69.6348 39.0676 16.1555 49.4993 80.6502 72.4529 61.2381 21.4709 21.2132 41.7975 20.4006 17.0 49.4993 47.9635 79.1064 72.6382 65.1167 11.1818 0.0 76.1185 49.0362 70.7058 27.7308 27.4837 5.83095 15.5696 
50.6998 67.5811 76.2365 110.816 51.3517 75.5381 9.05539 85.4425 76.4003 47.1275 38.1182 110.0 61.131 29.2062 50.4876 77.2468 47.1699 16.4924 107.615 81.4308 91.1307 91.8335 66.7608 103.035 87.0057 91.4282 49.366 82.0975 68.7234 73.171 68.0074 69.6419 62.0 58.1378 55.9464 26.9258 105.555 91.4822 95.9375 87.6756 108.354 35.4401 107.988 39.9625 122.223 42.0595 85.8429 52.4023 59.28 19.2354 81.4169 80.0062 92.228 87.7709 55.7315 87.3136 31.6228 65.7647 88.5953 89.9871 17.2047 65.307 76.1185 0.0 30.5941 88.5778 92.5905 56.2228 74.1485 69.2604 
46.0109 67.0075 85.6578 100.322 24.1868 45.0999 29.1548 64.9307 80.7527 25.0 55.0 92.4554 31.0644 31.3847 20.025 50.1646 46.2709 17.2047 90.6035 79.2275 64.0485 76.6616 42.2019 92.8569 98.0836 62.37 19.0 52.0384 69.0652 43.0116 38.3275 44.6542 32.5576 69.0797 55.0818 16.7631 91.2414 94.1329 75.4257 67.1638 98.9798 44.7214 92.0869 27.2947 107.187 26.9258 57.8705 45.2769 62.1691 36.7967 71.3092 50.2494 64.5136 72.909 29.1548 66.8018 24.3311 55.3624 85.5862 82.9951 28.2843 38.9487 49.0362 30.5941 0.0 81.034 72.0797 26.0192 47.0106 45.0 
37.8935 22.4722 42.107 24.6982 67.0671 86.386 95.3501 49.7453 29.0172 59.0762 62.2102 40.6079 78.0897 59.3795 80.025 64.8544 48.0069 76.8899 37.6563 12.0 64.0783 24.6982 56.332 17.4642 50.9608 56.0816 79.0063 85.2386 23.2594 81.9484 76.6551 57.3962 74.3303 46.4866 34.2021 68.2503 24.0832 27.4591 52.5733 45.043 19.8494 61.5104 34.1321 53.9658 39.2173 54.1295 72.4974 37.6431 34.9857 72.494 10.0 81.6524 72.9478 20.8357 64.3817 50.774 60.3079 26.0768 10.0 2.0 71.419 62.0967 70.7058 88.5778 81.034 0.0 45.5034 78.4092 68.7462 55.1631 
51.0882 64.8342 86.9476 44.9222 49.7505 52.469 96.3062 11.6619 73.8391 47.3225 87.3305 23.7697 51.504 67.0522 60.4855 27.8927 59.1171 76.676 23.1948 56.6849 20.6155 21.4009 32.4849 41.1461 97.08 15.1327 60.5227 47.0 65.8808 48.8365 46.1736 40.8956 47.5079 90.4136 76.5141 65.8726 33.5261 72.9611 7.07107 5.0 49.6588 73.7902 27.0 52.8015 43.1045 50.5371 31.1448 47.1699 77.4168 82.5651 45.5034 44.0454 29.4109 24.8395 45.1786 10.7703 61.327 36.4595 55.4859 46.6905 77.6209 38.7145 27.7308 92.5905 72.0797 45.5034 0.0 55.0164 31.3209 30.0619 
51.4782 71.3092 95.2328 91.9239 12.083 19.4165 55.1453 43.5369 87.5893 21.9545 73.0068 78.646 5.09902 47.2017 6.32456 28.3196 54.6443 41.0 77.0116 80.575 41.7732 66.2873 25.2982 85.3756 108.261 40.8044 7.07107 26.0192 73.9902 17.0 12.6491 26.4008 7.81025 84.4803 62.2447 34.4384 81.5843 98.0306 53.0237 50.8118 93.1343 60.3075 79.4122 34.0588 95.5092 31.4006 33.6155 48.7545 71.0462 58.1808 68.469 24.3311 40.3113 64.3817 14.0357 44.2483 37.8021 52.9528 85.5102 80.399 49.7695 19.6977 27.4837 56.2228 26.0192 78.4092 55.0164 0.0 24.7588 27.8568 
51.3248 67.3929 94.6253 73.1095 23.0868 22.0907 75.2861 20.2237 83.7941 28.2063 80.6743 55.0818 20.8087 56.2959 30.4795 3.60555 56.4276 57.7062 54.3415 74.1025 17.2047 47.1699 12.7254 67.6018 106.968 16.5529 30.6105 19.2354 70.1994 18.0 14.8661 11.4032 17.0294 86.1618 77.7878 48.0937 62.0081 92.541 28.6531 27.4591 75.9539 67.1341 57.7062 40.2617 73.9797 37.108 12.0416 47.5397 72.7252 70.4933 59.2785 15.6525 18.1108 47.115 18.4391 20.6155 47.5397 46.0039 77.1467 68.5152 63.157 9.22213 5.83095 74.1485 47.0106 68.7462 31.3209 24.7588 0.0 13.6099 
