NAME  : Jabali_70_2_0.93_1_5
TYPE : SVRP
MODEL : FINITE_SUPPORT
NUMBER_OF_SCENARIOS : 200
DIMENSION : 70
EDGE_WEIGHT_TYPE : MATRIX
CAPACITY : 228
N_VEHICLES : 2
NODE_COORD_SECTION
1 4478 4121
2 6051 2919
3 6764 7529
4 7209 6618
5 2898 4278
6 4268 5470
7 2446 2017
8 5423 9217
9 6839 2783
10 7194 3446
11 2713 4475
12 7367 5384
13 7963 5744
14 1476 7011
15 3189 5056
16 3589 904
17 6739 7018
18 6234 2293
19 859 4890
20 4970 6074
21 4324 1166
22 6293 7104
23 2603 3974
24 2136 1513
25 4902 7540
26 27 4450
27 7819 3427
28 3932 6733
29 5302 1158
30 4696 7177
31 1442 4763
32 7316 3913
33 4469 2157
34 2625 1371
35 2545 5955
36 1349 4662
37 885 6784
38 7911 3817
39 3116 3046
40 4967 4690
41 4117 3936
42 1860 5937
43 7778 3163
44 4112 8635
45 3502 18
46 3211 1720
47 476 4366
48 5839 5391
49 8043 3166
50 5544 2456
51 6580 3663
52 3878 2475
53 5462 3561
54 5522 6374
55 4643 5554
56 3279 2492
57 1131 3243
58 1686 6399
59 2929 3558
60 971 4716
61 5669 7933
62 4153 5775
63 4090 1637
64 3285 3048
65 4441 996
66 721 6743
67 1917 7632
68 5912 2035
69 6483 5361
70 3216 3859
DEMAND_SECTION
1 0.0
2 4.0
3 6.0
4 6.0
5 9.0
6 8.0
7 5.0
8 7.0
9 8.0
10 5.0
11 4.0
12 4.0
13 6.0
14 4.0
15 5.0
16 5.0
17 8.0
18 2.0
19 5.0
20 8.0
21 8.0
22 10.0
23 7.0
24 2.0
25 4.0
26 5.0
27 10.0
28 8.0
29 4.0
30 4.0
31 10.0
32 6.0
33 9.0
34 6.0
35 4.0
36 5.0
37 2.0
38 3.0
39 3.0
40 10.0
41 9.0
42 8.0
43 4.0
44 7.0
45 4.0
46 7.0
47 5.0
48 7.0
49 10.0
50 7.0
51 2.0
52 8.0
53 3.0
54 5.0
55 8.0
56 9.0
57 6.0
58 10.0
59 10.0
60 2.0
61 5.0
62 8.0
63 4.0
64 3.0
65 2.0
66 5.0
67 10.0
68 8.0
69 10.0
70 7.0
DEVIATION_SECTION
1 0.0
2 1.33333
3 2.0
4 2.0
5 3.0
6 2.66667
7 1.66667
8 2.33333
9 2.66667
10 1.66667
11 1.33333
12 1.33333
13 2.0
14 1.33333
15 1.66667
16 1.66667
17 2.66667
18 0.666667
19 1.66667
20 2.66667
21 2.66667
22 3.33333
23 2.33333
24 0.666667
25 1.33333
26 1.66667
27 3.33333
28 2.66667
29 1.33333
30 1.33333
31 3.33333
32 2.0
33 3.0
34 2.0
35 1.33333
36 1.66667
37 0.666667
38 1.0
39 1.0
40 3.33333
41 3.0
42 2.66667
43 1.33333
44 2.33333
45 1.33333
46 2.33333
47 1.66667
48 2.33333
49 3.33333
50 2.33333
51 0.666667
52 2.66667
53 1.0
54 1.66667
55 2.66667
56 3.0
57 2.0
58 3.33333
59 3.33333
60 0.666667
61 1.66667
62 2.66667
63 1.33333
64 1.0
65 0.666667
66 1.66667
67 3.33333
68 2.66667
69 3.33333
70 2.33333
DISTANCE_MATRIX
0.0 29.6284 55.3624 50.3587 22.6716 27.8122 40.4475 70.5303 40.825 50.4491 24.7588 42.9869 51.9825 57.8062 22.8561 45.1269 50.0 35.5862 50.3289 26.9302 40.3088 47.5395 26.0768 47.8539 46.327 60.8769 57.1238 42.8523 41.8792 42.1768 43.1856 48.348 26.9567 45.2217 37.8861 43.9318 61.4683 56.0471 24.0 9.48683 5.38516 44.2069 58.6392 63.0437 57.0371 37.1618 55.2268 25.1794 60.9908 28.0858 45.7283 24.1868 23.7376 33.121 23.3401 27.8927 47.927 49.9277 23.0868 48.8365 53.6961 29.4981 34.2944 23.0217 41.936 62.6259 60.8583 35.1511 32.0624 18.7883 
29.6284 0.0 62.5419 51.7788 43.9577 57.4183 49.3356 91.5513 11.4018 17.088 46.6155 37.0333 45.3542 81.0731 46.123 43.4166 56.1388 9.48683 71.8874 50.9057 34.2053 64.2275 45.8045 55.3173 69.0812 81.2246 25.0599 78.9081 27.2029 65.7344 64.6826 21.2132 24.0208 50.4876 61.153 65.5409 84.7344 27.5136 37.4433 41.6226 28.0192 67.4735 24.4131 86.5912 53.1601 41.4367 75.6098 40.0255 27.2029 9.48683 11.4018 29.4109 15.8824 52.7604 52.9461 36.7696 64.8251 73.1945 40.43 70.1897 73.8176 54.8614 32.0624 36.0555 34.7851 85.8884 84.1251 12.8062 33.8446 38.0132 
55.3624 62.5419 0.0 13.1529 69.1158 44.2832 95.3362 29.0172 62.0081 54.3783 69.0072 29.7321 29.0172 70.057 59.0085 99.5901 6.40312 69.235 87.0976 32.0624 92.1206 8.06226 74.1687 102.883 25.2389 99.4636 56.8595 38.4708 88.4887 28.6356 82.0366 49.2443 79.4071 100.568 60.1664 82.201 78.5336 52.5547 78.339 45.8803 59.4811 68.6222 59.5063 37.7359 110.732 92.4953 94.7259 31.3847 60.5392 70.9279 51.1464 79.5251 55.8032 23.1948 40.6079 83.1685 96.0 69.6697 74.9891 86.6833 15.8114 43.0116 87.9205 77.6209 93.1933 79.8812 62.8013 73.9766 29.0 69.8908 
50.3587 51.7788 13.1529 0.0 67.6018 42.7551 90.7965 42.0119 50.9117 42.638 68.0661 17.0 16.0312 77.6267 58.6941 92.1141 8.24621 58.4719 89.0999 31.9531 84.1556 13.4164 72.4444 98.1529 33.0151 101.298 44.2945 41.1257 78.3532 34.6554 83.1685 37.2022 71.8679 95.2254 63.2908 83.4909 84.8273 39.8121 74.2428 41.1096 55.1453 72.1553 47.0106 48.4665 102.956 86.6082 96.138 25.1794 47.8539 62.8722 40.3833 73.2665 47.4236 23.2594 38.4708 78.0962 94.8947 73.5629 72.0069 88.2986 26.9258 42.72 80.4114 73.3348 85.1547 86.2379 70.4518 63.2135 19.6977 67.0298 
22.6716 43.9577 69.1158 67.6018 0.0 25.02 31.1448 75.5873 55.1543 64.7277 3.0 63.7839 72.5933 41.0 11.1803 46.0977 65.0077 49.6588 28.0179 37.054 45.8912 61.0737 5.09902 38.4187 51.4147 38.2099 71.4024 33.0213 52.0384 46.0488 20.8087 62.6266 35.0 38.9487 22.8254 21.6333 43.0116 70.3257 16.5529 28.6804 17.6918 26.3059 68.3705 61.6497 57.7062 34.4819 32.5576 44.0299 71.1604 41.7852 60.0069 27.2947 38.1244 46.0109 29.1548 24.1661 27.2947 32.5576 9.43398 26.4008 62.7239 26.1725 38.833 17.088 47.8539 44.0 46.0977 48.7032 52.0569 7.0 
27.8122 57.4183 44.2832 42.7551 25.02 0.0 52.2695 55.0295 53.3519 47.1926 25.318 41.1468 49.2443 45.4846 16.1555 62.8929 40.0 63.3762 47.5079 12.3693 66.9443 36.2215 30.0 59.8744 30.2991 59.4811 53.8673 26.7124 69.6691 26.0369 41.1461 45.3566 54.7466 58.9306 25.7279 41.5933 50.8068 52.4069 35.3604 18.8438 25.0364 34.3612 55.3826 46.9037 74.9047 52.5618 54.1295 20.346 57.7342 55.8757 42.4718 42.0463 37.6536 21.095 4.47214 41.9875 52.2398 38.7279 30.8058 46.5296 39.3573 4.12311 61.5751 35.0935 69.726 52.1234 46.86 63.8493 28.9443 25.7099 
40.4475 49.3356 95.3362 90.7965 31.1448 52.2695 0.0 106.304 59.0931 66.4078 33.2415 82.0549 91.0879 68.884 42.0119 21.3776 90.2441 50.1199 44.5533 64.6388 27.7849 87.3613 26.9072 7.61577 82.1604 47.2652 74.0945 63.7332 39.8246 77.8982 39.5601 70.342 26.9258 8.544 53.2635 40.5216 68.352 76.844 17.088 49.8197 35.9026 54.2033 73.0068 92.7579 30.2655 10.8167 43.0116 65.6201 75.6439 42.0476 59.3418 19.9249 47.676 72.5587 62.713 13.0384 25.318 60.4152 22.2036 42.5793 91.3243 54.5619 22.6716 17.72 29.5296 68.9493 75.7166 46.3249 72.1132 26.9258 
70.5303 91.5513 29.0172 42.0119 75.5873 55.0295 106.304 0.0 86.6669 80.0562 74.3723 57.7062 58.0 59.4138 64.4094 115.482 34.1321 93.8753 84.5931 43.8406 110.817 30.8058 80.545 113.739 25.0 96.2549 83.9345 43.566 108.756 30.2324 81.5843 75.5844 97.4647 113.59 58.4637 81.3941 67.7422 80.05 89.8626 61.5619 74.1346 64.3817 86.4002 19.2354 127.267 107.221 92.6553 51.9711 87.8009 91.1952 75.7868 94.7089 76.3017 38.833 53.0754 96.6472 99.4573 62.0081 84.1043 84.8528 17.8885 52.4027 104.802 89.7532 112.444 68.884 49.8197 97.9823 53.4883 79.6352 
40.825 11.4018 62.0081 50.9117 55.1543 53.3519 59.0931 86.6669 0.0 9.48683 57.8121 35.0 42.0595 92.2698 57.3196 50.0899 55.6058 10.0 83.0841 50.4462 40.0 56.6508 57.0011 64.5136 66.7021 92.4213 15.2971 65.437 29.8329 64.2472 75.8793 15.2315 32.573 59.203 72.3496 76.7376 95.931 19.0 48.4149 42.3391 39.2158 78.6701 13.9284 84.6806 58.3095 50.2892 86.8065 36.2309 16.5529 17.088 12.6491 39.3573 27.0791 49.5929 48.8797 47.0106 75.9276 84.3912 51.6267 81.3863 68.8283 55.0377 39.6232 47.0106 40.05 97.0851 102.469 15.0333 33.3292 49.2099 
50.4491 17.088 54.3783 42.638 64.7277 47.1926 66.4078 80.0562 9.48683 0.0 66.4737 26.1725 32.7567 92.4059 63.596 59.0 48.0208 19.2354 91.9687 44.2869 49.0918 49.6588 62.6972 72.2772 60.531 102.702 8.48528 59.2777 39.2938 58.0879 84.8459 5.83095 40.6079 67.2681 72.9171 85.5769 97.9959 10.4403 54.3395 36.1798 48.8399 81.5504 8.94427 78.5175 67.6018 58.2495 97.0701 30.0717 11.6619 25.1794 10.2956 46.4866 32.7752 43.4166 42.7204 53.8516 81.7179 85.9171 57.3228 90.5014 62.2977 48.8784 48.1664 52.9542 49.2544 99.3125 96.3093 24.3311 26.5707 54.906 
24.7588 46.6155 69.0072 68.0661 3.0 25.318 33.2415 74.3723 57.8121 66.4737 0.0 65.5299 74.3393 38.0789 10.198 48.8467 65.123 52.3927 25.6125 37.0135 48.8365 61.0 6.40312 40.3609 50.2892 36.2353 73.1483 31.8958 55.0364 44.9222 18.4391 64.3726 38.0 41.2311 20.2485 19.2094 40.0125 72.0716 19.3132 30.4264 20.0 23.3452 74.6637 59.5569 60.3738 37.1214 30.6105 45.3576 77.0153 44.5982 61.7529 30.2655 40.7359 46.0435 29.6142 26.9258 27.0185 29.6142 12.083 24.0832 61.6741 26.0 41.7732 19.9249 50.8035 41.0 43.382 51.5461 53.8028 10.0 
42.9869 37.0333 29.7321 17.0 63.7839 41.1468 82.0549 57.7062 35.0 26.1725 65.5299 0.0 9.05539 83.0238 57.2824 80.2224 23.7697 43.4166 88.6383 34.0588 71.2362 27.074 68.0074 89.0 43.4166 100.628 27.2947 46.4351 63.5059 43.0813 82.2924 20.5183 60.0436 85.1469 66.6004 82.7396 90.1382 22.8473 66.6218 35.1141 48.2758 75.2337 30.0167 60.8276 90.1934 76.2365 95.2739 20.8087 30.8707 46.5161 25.6378 63.0714 35.3553 28.178 36.6746 69.029 90.4434 78.8738 65.9697 87.6732 41.0122 42.638 68.5408 65.4905 71.8108 91.5488 80.0838 48.3011 12.2066 61.4003 
51.9825 45.3542 29.0172 16.0312 72.5933 49.2443 91.0879 58.0 42.0595 32.7567 74.3393 9.05539 0.0 89.0864 65.3912 88.6586 24.1868 51.0784 96.7471 41.1096 79.555 28.8617 76.844 98.0051 47.4236 108.736 31.8277 52.4977 71.3092 48.0208 90.4012 26.9258 68.816 94.0851 74.5873 90.8484 96.2008 26.9072 75.6765 43.9659 57.2713 83.2206 34.6554 63.8905 98.4937 85.1469 103.383 29.0689 34.8281 54.8179 33.9559 72.0278 44.1814 34.0588 44.7772 78.0577 99.3277 84.9364 74.9533 95.782 42.7551 50.4777 77.1561 74.5453 80.0812 97.6114 84.5341 56.0803 20.6155 70.342 
57.8062 81.0731 70.057 77.6267 41.0 45.4846 68.884 59.4138 92.2698 92.4059 38.0789 83.0238 89.0864 0.0 35.0143 86.6487 70.2384 87.031 30.2324 52.5164 86.885 64.5835 43.3244 74.9466 44.8246 39.5601 99.0806 37.5108 92.2659 44.9236 31.1448 90.2131 75.5381 77.3692 20.0998 30.4138 8.544 97.6202 57.28 64.0571 53.544 14.8661 100.596 40.1995 97.8621 74.6726 37.5899 65.908 102.948 79.5305 87.6851 68.2495 75.1823 54.7569 49.7861 64.846 50.9117 8.544 50.0 31.4006 55.9464 43.937 79.8311 57.9741 88.8426 9.84886 10.198 86.5959 72.3789 47.8539 
22.8561 46.123 59.0085 58.6941 11.1803 16.1555 42.0119 64.4094 57.3196 63.596 10.198 57.2824 65.3912 35.0143 0.0 55.2268 55.3263 52.0809 31.6228 27.1662 53.4883 51.0392 16.1555 49.4065 40.2343 43.4166 70.2707 21.8409 57.5587 34.8685 25.0599 61.4949 41.2311 49.5177 15.0333 25.5539 39.0512 69.194 26.2488 28.4347 18.5939 21.8403 71.786 51.5176 67.1193 44.2041 38.0132 36.4816 74.1377 44.5804 58.8752 34.9285 40.2322 36.2215 20.6155 33.6006 37.0135 27.2947 19.8494 30.5287 51.6192 16.1245 46.6154 26.4008 55.3624 40.2616 38.0789 51.6457 45.0799 15.6205 
45.1269 43.4166 99.5901 92.1141 46.0977 62.8929 21.3776 115.482 50.0899 59.0 48.8467 80.2224 88.6586 86.6487 55.2268 0.0 93.575 40.1123 65.0692 71.8823 10.4403 92.5147 43.3244 21.095 91.2791 68.593 65.2763 89.2354 23.2594 88.5599 59.4138 64.0703 20.2485 14.7648 68.8767 60.407 87.3212 69.0652 29.5466 54.5742 42.45 71.7844 63.5059 107.416 12.0416 12.1655 64.195 68.3127 65.7647 34.1321 54.7449 21.2132 44.9222 78.2434 68.2922 21.9317 46.6905 78.1089 36.7696 63.0714 98.8008 65.1887 11.7047 29.0689 11.1803 88.0738 92.1954 35.2278 72.45 39.8246 
50.0 56.1388 6.40312 8.24621 65.0077 40.0 90.2441 34.1321 55.6058 48.0208 65.123 23.7697 24.1868 70.2384 55.3263 93.575 0.0 62.8319 84.5448 28.1603 86.093 5.65685 70.0 97.7446 25.4951 96.9127 50.6952 35.7902 82.4109 27.8029 79.2306 42.9418 73.392 95.2103 57.9396 79.5235 78.715 46.4866 73.3485 40.5216 54.3415 66.7083 53.3104 40.3113 104.717 87.0758 92.084 25.4951 54.4243 64.8501 44.7433 74.1056 49.6488 19.105 36.0555 77.8845 92.1358 67.8944 70.3673 84.0598 18.6815 39.2046 81.9055 72.5672 87.1321 80.0626 63.0635 67.5735 22.6274 65.3096 
35.5862 9.48683 69.235 58.4719 49.6588 63.3762 50.1199 93.8753 10.0 19.2354 52.3927 43.4166 51.0784 87.031 52.0809 40.1123 62.8319 0.0 77.4145 56.8636 30.0 63.8593 51.1077 55.1543 75.0391 86.267 25.1794 84.866 20.2485 71.6923 70.2353 24.7386 23.2594 49.6488 67.1109 71.1196 90.6923 29.0 41.0366 47.5805 33.9771 73.4314 23.5372 92.5491 48.3735 40.8534 80.7094 43.4394 25.9615 8.48528 18.4391 30.8058 21.8403 58.7183 58.904 38.6005 68.593 79.1524 45.2217 75.6637 76.0367 60.8193 29.8329 39.6232 30.0666 91.8463 90.083 5.09902 40.5376 43.4166 
50.3289 71.8874 87.0976 89.0999 28.0179 47.5079 44.5533 84.5931 83.0841 91.9687 25.6125 88.6383 96.7471 30.2324 31.6228 65.0692 84.5448 77.4145 0.0 57.1815 68.3593 79.555 26.4008 49.0408 64.195 12.3693 98.6434 48.7647 77.1298 59.4138 7.2111 89.8676 60.1664 52.9528 27.1662 6.40312 26.2488 97.5667 39.0512 55.9214 45.607 20.2237 100.159 66.2873 74.8131 53.0094 8.06226 67.8376 102.51 69.3181 87.2479 51.4198 66.1211 66.147 51.9711 45.3982 21.9545 23.7697 32.8938 2.0 76.2365 46.5188 61.5224 40.2616 70.3491 26.4008 39.8246 76.0592 76.4358 34.0 
26.9302 50.9057 32.0624 31.9531 37.054 12.3693 64.6388 43.8406 50.4462 44.2869 37.0135 34.0588 41.1096 52.5164 27.1662 71.8823 28.1603 56.8636 57.1815 0.0 67.2167 24.0208 42.107 72.2438 19.4165 69.3798 50.8035 15.9277 67.4812 15.2522 51.2512 41.7732 53.8646 71.7568 38.0929 51.5725 59.6308 48.7647 47.7297 17.9618 30.5345 46.9574 52.469 36.1191 83.945 63.964 64.2196 14.8661 54.7449 50.5496 39.5661 51.1087 35.6561 9.05539 9.43398 54.3008 64.0312 48.3664 43.1741 56.3802 27.4591 11.0454 61.2024 47.4628 68.844 61.0414 52.9593 57.3367 22.4722 38.0789 
40.3088 34.2053 92.1206 84.1556 45.8912 66.9443 27.7849 110.817 40.0 49.0918 48.8365 71.2362 79.555 86.885 53.4883 10.4403 86.093 30.0 68.3593 67.2167 0.0 85.0452 44.1814 29.6985 86.6135 73.4983 55.0818 86.6984 13.0384 82.4633 62.0725 54.3323 13.4536 23.3452 68.0074 63.0714 88.5664 59.0 30.0666 49.7561 38.2753 72.1803 53.2353 104.879 18.9737 17.0 68.6586 60.8432 55.4437 24.7386 45.607 18.6815 36.8098 73.5781 63.6266 23.0217 52.2015 78.4474 37.2156 66.3702 93.9826 62.6517 7.07107 29.1548 2.0 89.4539 91.3947 25.02 64.4581 39.0512 
47.5395 64.2275 8.06226 13.4164 61.0737 36.2215 87.3613 30.8058 56.6508 49.6588 61.0 27.074 28.8617 64.5835 51.0392 92.5147 5.65685 63.8593 79.555 24.0208 85.0452 0.0 66.1211 94.921 19.8494 91.9239 53.1601 30.8058 81.4321 22.2036 74.3601 44.9444 72.3317 92.6984 52.811 74.5398 73.06 49.2443 70.3515 38.0789 51.5461 61.4654 55.6597 35.1141 103.657 84.6936 87.1004 24.2074 57.0088 63.8714 45.7707 71.7238 48.9183 15.1327 32.5576 75.2728 88.0057 62.5817 66.9296 79.0759 14.0357 35.0 80.8452 69.642 86.1188 74.4076 57.4085 68.6009 23.3238 61.8313 
26.0768 45.8045 74.1687 72.4444 5.09902 30.0 26.9072 80.545 57.0011 62.6972 6.40312 68.0074 76.844 43.3244 16.1555 43.3244 70.0 51.1077 26.4008 42.107 44.1814 66.1211 0.0 33.9706 56.3734 35.4683 70.8176 37.9801 51.4782 51.0076 19.3132 64.9851 34.3657 35.0 26.4008 20.2485 44.4072 72.6841 14.1421 32.8938 20.8087 28.4605 70.2173 65.9513 54.626 31.3847 29.8329 48.2945 73.0072 42.9418 62.3654 26.0192 40.3746 51.0392 34.0588 21.587 22.561 34.7851 7.0 24.5967 67.7583 31.257 37.1214 15.0333 46.1736 45.2769 49.2443 49.6588 56.3205 7.81025 
47.8539 55.3173 102.883 98.1529 38.4187 59.8744 7.61577 113.739 64.5136 72.2772 40.3609 89.0 98.0051 74.9466 49.4065 21.095 97.7446 55.1543 49.0408 72.2438 29.6985 94.921 33.9706 0.0 89.7738 50.04 79.6994 71.1684 42.5206 85.5115 44.7772 76.4853 31.9531 6.40312 60.1415 45.6946 73.8241 82.7103 24.6982 57.2713 43.4166 60.4649 78.4347 99.9178 27.1662 14.3178 46.3897 72.9932 80.9938 47.4342 65.6292 26.1725 54.231 80.1206 70.2749 20.0998 28.1603 66.5733 29.6816 47.1275 98.9292 62.1691 26.0768 25.2982 31.1448 74.3236 82.201 50.9902 79.3095 34.4819 
46.327 69.0812 25.2389 33.0151 51.4147 30.2991 82.1604 25.0 66.7021 60.531 50.2892 43.4166 47.4236 44.8246 40.2343 91.2791 25.4951 75.0391 64.195 19.4165 86.6135 19.8494 56.3734 89.7738 0.0 76.4199 66.0303 18.7883 85.6567 5.38516 60.0083 57.0789 73.2614 88.8599 37.054 60.0 53.3011 63.0317 65.1322 37.3586 49.9313 45.3113 68.1175 18.0278 103.063 82.4911 72.111 30.5941 70.0286 68.7251 55.822 70.5055 53.8317 17.1172 28.3626 71.9168 76.2955 44.5601 59.9269 64.0703 12.0416 27.6723 80.5992 65.0228 88.2408 54.6488 37.6431 75.5122 35.0143 55.5263 
60.8769 81.2246 99.4636 101.298 38.2099 59.4811 47.2652 96.2549 92.4213 102.702 36.2353 100.628 108.736 39.5601 43.4166 68.593 96.9127 86.267 12.3693 69.3798 73.4983 91.9239 35.4683 50.04 76.4199 0.0 109.377 61.131 83.5703 71.7008 18.3576 100.601 67.1193 55.0364 39.4588 17.8885 33.6155 108.3 46.0652 66.6548 55.8659 32.0 105.637 77.6466 77.0065 57.0701 5.65685 79.8269 108.427 77.9359 97.9813 58.1808 75.8256 78.3453 63.9531 51.264 22.0227 34.5254 41.0488 13.0 88.4592 58.6941 67.0522 47.4131 75.4321 33.2866 49.6488 84.3801 88.4251 43.2782 
57.1238 25.0599 56.8595 44.2945 71.4024 53.8673 74.0945 83.9345 15.2971 8.48528 73.1483 27.2947 31.8277 99.0806 70.2707 65.2763 50.6952 25.1794 98.6434 50.8035 55.0818 53.1601 70.8176 79.6994 66.0303 109.377 0.0 65.5401 44.1814 64.0703 91.5206 9.05539 47.8017 74.4648 79.5917 92.2516 104.671 5.0 62.4599 42.8545 55.5146 88.2251 2.82843 84.0536 73.0616 65.521 103.745 36.2215 4.0 32.28 18.6011 54.231 40.8956 49.0 49.3951 61.7414 89.8382 92.5917 65.4431 97.1761 66.4906 55.5531 54.9181 61.0745 55.0091 105.987 102.572 30.0666 31.1448 63.0264 
42.8523 78.9081 38.4708 41.1257 33.0213 26.7124 63.7332 43.566 65.437 59.2777 31.8958 46.4351 52.4977 37.5108 21.8409 89.2354 35.7902 84.866 48.7647 15.9277 86.6984 30.8058 37.9801 71.1684 18.7883 61.131 65.5401 0.0 91.159 13.4164 43.566 56.4848 74.1559 84.8833 22.3607 43.7379 44.6252 63.1547 47.6597 33.8839 51.379 31.3847 67.4677 32.8408 101.247 78.9044 56.2939 29.3193 69.5188 77.3655 54.5569 68.3889 51.2523 18.4391 24.7759 68.3301 58.3095 33.3017 41.5335 48.2701 29.8329 24.0856 79.9564 61.104 88.5297 46.0359 36.5801 85.3391 35.7902 37.0645 
41.8792 27.2029 88.4887 78.3532 52.0384 69.6691 39.8246 108.756 29.8329 39.2938 55.0364 63.5059 71.3092 92.2659 57.5587 23.2594 82.4109 20.2485 77.1298 67.4812 13.0384 81.4321 51.4782 42.5206 85.6567 83.5703 44.1814 91.159 0.0 84.0337 70.406 44.9222 17.1172 36.2353 72.5603 71.3863 95.0053 48.5077 38.0789 51.3265 40.2616 78.0256 42.0476 109.34 29.0172 29.0689 78.4347 57.2301 44.0 18.3848 38.0789 25.7099 33.0871 69.9651 65.197 32.311 63.0635 84.0952 44.5533 75.1864 91.0222 67.1123 17.2047 36.8782 12.083 96.0208 95.5705 15.2315 60.419 45.0444 
42.1768 65.7344 28.6356 34.6554 46.0488 26.0369 77.8982 30.2324 64.2472 58.0879 44.9222 43.0813 48.0208 44.9236 34.8685 88.5599 27.8029 71.6923 59.4138 15.2522 82.4633 22.2036 51.0076 85.5115 5.38516 71.7008 64.0703 13.4164 84.0337 0.0 55.0091 55.0364 69.1111 84.5977 32.249 55.0364 53.4002 61.4003 60.8699 33.2083 50.7035 40.3003 66.0076 20.8806 98.9131 78.2289 67.2681 28.0179 68.0661 65.3783 53.3671 67.7133 50.4848 15.2971 24.1004 67.6546 71.0211 44.6591 54.561 59.2115 17.0294 23.4101 75.9396 60.7606 84.0905 54.7478 37.7487 72.1654 33.541 51.264 
43.1856 64.6826 82.0366 83.1685 20.8087 41.1461 39.5601 81.5843 75.8793 84.8459 18.4391 82.2924 90.4012 31.1448 25.0599 59.4138 79.2306 70.2353 7.2111 51.2512 62.0725 74.3601 19.3132 44.7772 60.0083 18.3576 91.5206 43.566 70.406 55.0091 0.0 82.7448 53.3667 48.0833 23.1948 1.0 29.0689 90.4438 32.3883 48.7986 38.4187 18.3576 93.0359 63.8905 69.6348 47.2652 13.0 61.4917 95.3876 62.1691 80.1251 44.7214 58.9102 60.2167 45.618 39.0512 19.8494 23.4307 25.9615 5.65685 72.0 40.4969 55.1453 33.541 64.0703 29.5466 39.8246 68.942 70.0899 26.8328 
48.348 21.2132 49.2443 37.2022 62.6266 45.3566 70.342 75.5844 15.2315 5.83095 64.3726 20.5183 26.9258 90.2131 61.4949 64.0703 42.9418 24.7386 89.8676 41.7732 54.3323 44.9444 64.9851 76.4853 57.0789 100.601 9.05539 56.4848 44.9222 55.0364 82.7448 0.0 45.1774 71.7008 70.8133 83.4758 95.8922 7.81025 57.9648 34.0787 46.7389 79.4493 11.0454 75.1066 72.9932 62.6498 94.969 27.1662 13.0384 30.0 11.6619 50.448 26.0615 40.0125 40.5276 57.5809 85.5488 83.8133 60.5078 88.4004 57.9741 46.6857 53.0094 56.5795 54.5894 97.2087 93.5163 29.8329 22.3607 57.1962 
26.9567 24.0208 79.4071 71.8679 35.0 54.7466 26.9258 97.4647 32.573 40.6079 38.0 60.0436 68.816 75.5381 41.2311 20.2485 73.392 23.2594 60.1664 53.8646 13.4536 72.3317 34.3657 31.9531 73.2614 67.1193 47.8017 74.1559 17.1172 69.1111 53.3667 45.1774 0.0 26.6833 56.0892 54.3415 78.0064 50.9902 21.1896 36.404 25.0599 61.131 46.4866 92.3369 31.3847 17.72 61.8466 48.1297 49.0408 15.5242 35.0571 8.94427 24.7386 60.0731 50.2745 16.4012 47.4342 67.2681 27.4591 58.2409 80.6305 50.1092 8.544 19.9249 15.0 79.0 79.3095 19.4165 52.2015 28.0 
45.2217 50.4876 100.568 95.2254 38.9487 58.9306 8.544 113.59 59.203 67.2681 41.2311 85.1469 94.0851 77.3692 49.5177 14.7648 95.2103 49.6488 52.9528 71.7568 23.3452 92.6984 35.0 6.40312 88.8599 55.0364 74.4648 84.8833 36.2353 84.5977 48.0833 71.7008 26.6833 0.0 61.4003 49.0408 76.896 77.666 23.6008 54.7083 41.2311 62.6498 73.0821 100.591 22.0227 9.05539 51.0392 70.1758 75.5844 42.2019 61.131 22.0907 50.0 78.0124 68.1667 17.4642 33.0151 68.884 29.6985 50.9902 97.9854 61.2265 20.1246 23.8537 24.7588 77.4919 84.0595 45.31 75.9539 34.0588 
37.8861 61.153 60.1664 63.2908 22.8254 25.7279 53.2635 58.4637 72.3496 72.9171 20.2485 66.6004 74.5873 20.0998 15.0333 68.8767 57.9396 67.1109 27.1662 38.0929 68.0074 52.811 26.4008 60.1415 37.054 39.4588 79.5917 22.3607 72.5603 32.249 23.1948 70.8133 56.0892 61.4003 0.0 23.0868 25.0799 78.4408 39.3573 44.3004 33.6239 9.21954 81.1071 41.2311 80.5295 57.3062 35.0571 45.8024 83.4587 59.6104 68.1963 49.3356 55.2622 40.6043 30.0294 46.9574 41.2311 13.0 32.249 27.0185 49.0918 24.1803 61.0328 39.8121 69.9214 26.4008 23.4094 66.6757 54.4005 29.1548 
43.9318 65.5409 82.201 83.4909 21.6333 41.5933 40.5216 81.3941 76.7376 85.5769 19.2094 82.7396 90.8484 30.4138 25.5539 60.407 79.5235 71.1196 6.40312 51.5725 63.0714 74.5398 20.2485 45.6946 60.0 17.8885 92.2516 43.7379 71.3863 55.0364 1.0 83.4758 54.3415 49.0408 23.0868 0.0 28.178 91.1748 33.3766 49.5296 39.2046 17.8885 93.7669 63.6003 70.6116 48.2597 12.6491 61.9389 96.1186 63.0714 80.8561 45.7056 59.7494 60.538 46.0652 40.05 20.5183 22.8035 26.9258 5.0 72.0069 40.8534 56.1427 34.5254 65.0692 28.6356 39.2046 69.857 70.5371 27.7308 
61.4683 84.7344 78.5336 84.8273 43.0116 50.8068 68.352 67.7422 95.931 97.9959 40.0125 90.1382 96.2008 8.544 39.0512 87.3212 78.715 90.6923 26.2488 59.6308 88.5664 73.06 44.4072 73.8241 53.3011 33.6155 104.671 44.6252 95.0053 53.4002 29.0689 95.8922 78.0064 76.896 25.0799 28.178 0.0 102.942 58.5491 69.3793 57.2061 17.2627 106.186 48.5077 98.0816 75.1864 32.6497 73.0224 108.538 83.1918 93.2751 70.1783 78.8436 62.1421 55.1083 65.9242 48.0104 12.083 51.3517 27.8029 64.4748 49.2592 81.4985 59.4138 90.5539 1.41421 18.0278 90.2572 79.4933 50.01 
56.0471 27.5136 52.5547 39.8121 70.3257 52.4069 76.844 80.05 19.0 10.4403 72.0716 22.8473 26.9072 97.6202 69.194 69.0652 46.4866 29.0 97.5667 48.7647 59.0 49.2443 72.6841 82.7103 63.0317 108.3 5.0 63.1547 48.5077 61.4003 90.4438 7.81025 50.9902 77.666 78.4408 91.1748 102.942 0.0 64.6913 41.7778 54.4379 87.0741 7.81025 81.0062 77.2334 68.6586 102.668 33.9559 8.06226 35.5106 19.2094 56.921 43.127 46.1736 47.9348 64.2573 92.0697 90.8636 68.2068 96.0994 62.8013 54.0928 58.4209 63.306 59.0339 104.259 100.186 34.0147 28.0179 64.8952 
24.0 37.4433 78.339 74.2428 16.5529 35.3604 17.088 89.8626 48.4149 54.3395 19.3132 66.6218 75.6765 57.28 26.2488 29.5466 73.3485 41.0366 39.0512 47.7297 30.0666 70.3515 14.1421 24.6982 65.1322 46.0652 62.4599 47.6597 38.0789 60.8699 32.3883 57.9648 21.1896 23.6008 39.3573 33.3766 58.5491 64.6913 0.0 33.1361 19.105 42.45 61.8547 78.778 41.1825 18.0278 40.7185 49.0918 64.6375 32.5576 56.921 12.3693 34.0147 55.5489 45.7032 7.61577 27.5862 48.7647 7.28011 37.108 74.4151 37.6563 23.0217 1.41421 32.0624 59.4138 62.6498 38.6005 56.0357 10.6301 
9.48683 41.6226 45.8803 41.1096 28.6804 18.8438 49.8197 61.5619 42.3391 36.1798 30.4264 35.1141 43.9659 64.0571 28.4347 54.5742 40.5216 47.5805 55.9214 17.9618 49.7561 38.0789 32.8938 57.2713 37.3586 66.6548 42.8545 33.8839 51.3265 33.2083 48.7986 34.0787 36.404 54.7083 44.3004 49.5296 69.3793 41.7778 33.1361 0.0 14.0357 52.9337 44.3699 54.0752 66.4844 46.6154 61.0228 16.0 46.7215 41.2665 31.459 33.6484 26.373 23.8537 14.3716 37.3631 55.3624 57.3004 31.257 54.4542 44.6878 20.5296 43.7417 32.249 51.3833 70.6959 70.9154 48.0536 23.5372 26.4764 
5.38516 28.0192 59.4811 55.1453 17.6918 25.0364 35.9026 74.1346 39.2158 48.8399 20.0 48.2758 57.2713 53.544 18.5939 42.45 54.3415 33.9771 45.607 30.5345 38.2753 51.5461 20.8087 43.4166 49.9313 55.8659 55.5146 51.379 40.2616 50.7035 38.4187 46.7389 25.0599 41.2311 33.6239 39.2046 57.2061 54.4379 19.105 14.0357 0.0 39.9446 52.432 69.56 54.4518 33.6155 50.2096 30.0167 55.2219 26.4766 44.1191 21.2603 22.1284 36.79 26.9443 23.7697 42.5441 45.6654 17.72 44.0454 57.3004 27.3323 32.0156 18.2483 39.9625 58.3637 56.5961 33.5419 37.2156 13.4164 
44.2069 67.4735 68.6222 72.1553 26.3059 34.3612 54.2033 64.3817 78.6701 81.5504 23.3452 75.2337 83.2206 14.8661 21.8403 71.7844 66.7083 73.4314 20.2237 46.9574 72.1803 61.4654 28.4605 60.4649 45.3113 32.0 88.2251 31.3847 78.0256 40.3003 18.3576 79.4493 61.131 62.6498 9.21954 17.8885 17.2627 87.0741 42.45 52.9337 39.9446 0.0 89.7404 46.0977 83.006 59.808 28.2843 54.4357 92.092 65.9309 76.8296 53.6004 61.5827 49.4688 38.6627 50.0 38.0132 6.32456 35.171 20.6155 56.8037 32.8136 65.1153 43.1741 74.1485 18.4391 21.9317 72.9963 63.0338 33.2415 
58.6392 24.4131 59.5063 47.0106 68.3705 55.3826 73.0068 86.4002 13.9284 8.94427 74.6637 30.0167 34.6554 100.596 71.786 63.5059 53.3104 23.5372 100.159 52.469 53.2353 55.6597 70.2173 78.4347 68.1175 105.637 2.82843 67.4677 42.0476 66.0076 93.0359 11.0454 46.4866 73.0821 81.1071 93.7669 106.186 7.81025 61.8547 44.3699 52.432 89.7404 0.0 86.1452 71.007 64.195 100.023 38.0526 2.82843 31.0161 19.2354 53.2259 40.2953 51.0392 50.9105 60.8276 89.2379 94.1071 64.8428 94.6025 68.884 57.0685 53.3667 60.4649 53.0848 107.503 104.499 28.2843 33.3766 62.426 
63.0437 86.5912 37.7359 48.4665 61.6497 46.9037 92.7579 19.2354 84.6806 78.5175 59.5569 60.8276 63.8905 40.1995 51.5176 107.416 40.3113 92.5491 66.2873 36.1191 104.879 35.1141 65.9513 99.9178 18.0278 77.6466 84.0536 32.8408 109.34 20.8806 63.8905 75.1066 92.3369 100.591 41.2311 63.6003 48.5077 81.0062 78.778 54.0752 69.56 46.0977 86.1452 0.0 119.428 96.58 74.3303 48.5077 88.0511 86.2351 73.8005 86.5698 71.3417 35.1283 44.9672 85.95 82.4621 43.1856 70.938 66.7083 21.9545 44.277 98.1374 78.8088 106.711 49.6488 30.5941 93.0222 53.0 68.1828 
57.0371 53.1601 110.732 102.956 57.7062 74.9047 30.2655 127.267 58.3095 67.6018 60.3738 90.1934 98.4937 97.8621 67.1193 12.0416 104.717 48.3735 74.8131 83.945 18.9737 103.657 54.626 27.1662 103.063 77.0065 73.0616 101.247 29.0172 98.9131 69.6348 72.9932 31.3847 22.0227 80.5295 70.6116 98.0816 77.2334 41.1825 66.4844 54.4518 83.006 71.007 119.428 0.0 23.2594 73.0616 79.4549 73.0068 43.6807 64.56 33.2415 55.6123 90.1535 80.0764 33.6155 55.0 89.3197 48.3011 72.8354 110.711 77.2006 23.0217 40.8167 18.4391 98.7623 103.755 43.2897 83.2586 51.6236 
37.1618 41.4367 92.4953 86.6082 34.4819 52.5618 10.8167 107.221 50.2892 58.2495 37.1214 76.2365 85.1469 74.6726 44.2041 12.1655 87.0758 40.8534 53.0094 63.964 17.0 84.6936 31.3847 14.3178 82.4911 57.0701 65.521 78.9044 29.0689 78.2289 47.2652 62.6498 17.72 9.05539 57.3062 48.2597 75.1864 68.6586 18.0278 46.6154 33.6155 59.808 64.195 96.58 23.2594 0.0 52.469 62.0384 66.7308 33.2415 52.0865 13.3417 41.0122 70.214 60.3738 10.6301 35.4401 66.1287 25.0599 51.0098 90.7298 54.8577 12.0416 17.8045 18.7883 75.9276 80.4984 36.6742 67.2681 28.6007 
55.2268 75.6098 94.7259 96.138 32.5576 54.1295 43.0116 92.6553 86.8065 97.0701 30.6105 95.2739 103.383 37.5899 38.0132 64.195 92.084 80.7094 8.06226 64.2196 68.6586 87.1004 29.8329 46.3897 72.111 5.65685 103.745 56.2939 78.4347 67.2681 13.0 94.969 61.8466 51.0392 35.0571 12.6491 32.6497 102.668 40.7185 61.0228 50.2096 28.2843 100.023 74.3303 73.0616 52.469 0.0 74.4731 102.812 72.4017 92.3493 52.9245 70.1801 73.1851 58.6003 46.1736 18.2483 31.6228 35.5106 8.06226 84.1487 53.4883 62.0967 42.0476 70.6116 32.5576 47.4236 78.8923 83.0714 37.6431 
25.1794 40.0255 31.3847 25.1794 44.0299 20.346 65.6201 51.9711 36.2309 30.0717 45.3576 20.8087 29.0689 65.908 36.4816 68.3127 25.4951 43.4394 67.8376 14.8661 60.8432 24.2074 48.2945 72.9932 30.5941 79.8269 36.2215 29.3193 57.2301 28.0179 61.4917 27.1662 48.1297 70.1758 45.8024 61.9389 73.0224 33.9559 49.0918 16.0 30.0167 54.4357 38.0526 48.5077 79.4549 62.0384 74.4731 0.0 40.1995 39.6694 25.3509 49.2445 24.7588 13.6015 15.8739 52.9528 70.8422 58.8024 47.1699 66.8725 34.1321 21.9317 56.6432 48.1664 61.9168 72.1979 66.3509 46.4564 8.60233 42.2966 
60.9908 27.2029 60.5392 47.8539 71.1604 57.7342 75.6439 87.8009 16.5529 11.6619 77.0153 30.8707 34.8281 102.948 74.1377 65.7647 54.4243 25.9615 102.51 54.7449 55.4437 57.0088 73.0072 80.9938 70.0286 108.427 4.0 69.5188 44.0 68.0661 95.3876 13.0384 49.0408 75.5844 83.4587 96.1186 108.538 8.06226 64.6375 46.7215 55.2219 92.092 2.82843 88.0511 73.0068 66.7308 102.812 40.1995 0.0 33.6155 21.9545 55.9017 43.0851 53.0 53.2621 63.5295 92.0278 96.4587 67.6327 101.043 70.406 59.4201 55.7853 63.2456 55.2268 109.854 106.851 30.5941 35.1283 65.2159 
28.0858 9.48683 70.9279 62.8722 41.7852 55.8757 42.0476 91.1952 17.088 25.1794 44.5982 46.5161 54.8179 79.5305 44.5804 34.1321 64.8501 8.48528 69.3181 50.5496 24.7386 63.8714 42.9418 47.4342 68.7251 77.9359 32.28 77.3655 18.3848 65.3783 62.1691 30.0 15.5242 42.2019 59.6104 63.0714 83.1918 35.5106 32.5576 41.2665 26.4766 65.9309 31.0161 86.2351 43.6807 33.2415 72.4017 39.6694 33.6155 0.0 20.8806 22.4722 15.5263 52.4043 52.59 30.2324 60.1082 71.6519 36.8917 67.5352 73.4614 53.3188 23.0217 31.1448 25.2982 84.3458 82.5826 7.07107 43.1747 35.3412 
45.7283 11.4018 51.1464 40.3833 60.0069 42.4718 59.3418 75.7868 12.6491 10.2956 61.7529 25.6378 33.9559 87.6851 58.8752 54.7449 44.7433 18.4391 87.2479 39.5661 45.607 45.7707 62.3654 65.6292 55.822 97.9813 18.6011 54.5569 38.0789 53.3671 80.1251 11.6619 35.0571 61.131 68.1963 80.8561 93.2751 19.2094 56.921 31.459 44.1191 76.8296 19.2354 73.8005 64.56 52.0865 92.3493 25.3509 21.9545 20.8806 0.0 39.4883 23.4418 38.7128 37.9996 46.5713 82.9291 81.1963 57.8881 85.7806 57.9482 44.1576 43.2897 55.6601 46.1736 94.5917 91.5885 23.0217 22.4491 54.5765 
24.1868 29.4109 79.5251 73.2665 27.2947 42.0463 19.9249 94.7089 39.3573 46.4866 30.2655 63.0714 72.0278 68.2495 34.9285 21.2132 74.1056 30.8058 51.4198 51.1087 18.6815 71.7238 26.0192 26.1725 70.5055 58.1808 54.231 68.3889 25.7099 67.7133 44.7214 50.448 8.94427 22.0907 49.3356 45.7056 70.1783 56.921 12.3693 33.6484 21.2603 53.6004 53.2259 86.5698 33.2415 13.3417 52.9245 49.2445 55.9017 22.4722 39.4883 0.0 28.0713 57.3175 47.5186 7.81025 38.6005 59.8415 19.0263 49.4773 77.8746 44.3422 11.7047 11.1803 20.6155 71.1126 72.7324 27.5862 53.9351 20.3961 
23.7376 15.8824 55.8032 47.4236 38.1244 37.6536 47.676 76.3017 27.0791 32.7752 40.7359 35.3553 44.1814 75.1823 40.2322 44.9222 49.6488 21.8403 66.1211 35.6561 36.8098 48.9183 40.3746 54.231 53.8317 75.8256 40.8956 51.2523 33.0871 50.4848 58.9102 26.0615 24.7386 50.0 55.2622 59.7494 78.8436 43.127 34.0147 26.373 22.1284 61.5827 40.2953 71.3417 55.6123 41.0122 70.1801 24.7588 43.0851 15.5263 23.4418 28.0713 0.0 37.5108 33.1814 34.7131 60.7454 67.3038 35.805 64.4636 58.568 39.3394 33.2415 32.6956 37.8088 79.9976 89.7252 22.3134 27.7308 32.5857 
33.121 52.7604 23.1948 23.2594 46.0109 21.095 72.5587 38.833 49.5929 43.4166 46.0435 28.178 34.0588 54.7569 36.2215 78.2434 19.105 58.7183 66.147 9.05539 73.5781 15.1327 51.0392 80.1206 17.1172 78.3453 49.0 18.4391 69.9651 15.2971 60.2167 40.0125 60.0731 78.0124 40.6043 60.538 62.1421 46.1736 55.5489 23.8537 36.79 49.4688 51.0392 35.1283 90.1535 70.214 73.1851 13.6015 53.0 52.4043 38.7128 57.3175 37.5108 0.0 17.4642 60.5563 73.0616 50.8778 51.8012 65.3457 21.2603 20.0998 67.4108 54.8394 74.6517 63.5528 52.7494 59.1914 18.2483 46.7029 
23.3401 52.9461 40.6079 38.4708 29.1548 4.47214 62.713 53.0754 48.8797 42.7204 29.6142 36.6746 44.7772 49.7861 20.6155 68.2922 36.0555 58.904 51.9711 9.43398 63.6266 32.5576 34.0588 70.2749 28.3626 63.9531 49.3951 24.7759 65.197 24.1004 45.618 40.5276 50.2745 68.1667 30.0294 46.0652 55.1083 47.9348 45.7032 14.3716 26.9443 38.6627 50.9105 44.9672 80.0764 60.3738 58.6003 15.8739 53.2621 52.59 37.9996 47.5186 33.1814 17.4642 0.0 50.7106 56.4358 43.0294 34.4176 51.0 36.8917 6.7082 57.6122 44.9937 65.2538 56.4248 51.1615 59.3771 24.4721 29.3193 
27.8927 36.7696 83.1685 78.0962 24.1661 41.9875 13.0384 96.6472 47.0106 53.8516 26.9258 69.029 78.0577 64.846 33.6006 21.9317 77.8845 38.6005 45.3982 54.3008 23.0217 75.2728 21.587 20.0998 71.9168 51.264 61.7414 68.3301 32.311 67.6546 39.0512 57.5809 16.4012 17.4642 46.9574 40.05 65.9242 64.2573 7.61577 37.3631 23.7697 50.0 60.8276 85.95 33.6155 10.6301 46.1736 52.9528 63.5295 30.2324 46.5713 7.81025 34.7131 60.5563 50.7106 0.0 31.0644 56.3205 14.8661 43.4166 81.0423 44.2834 16.1245 7.2111 25.02 66.7533 70.2638 35.3836 59.2115 18.0278 
47.927 64.8251 96.0 94.8947 27.2947 52.2398 25.318 99.4573 75.9276 81.7179 27.0185 90.4434 99.3277 50.9117 37.0135 46.6905 92.1358 68.593 21.9545 64.0312 52.2015 88.0057 22.561 28.1603 76.2955 22.0227 89.8382 58.3095 63.0635 71.0211 19.8494 85.5488 47.4342 33.0151 41.2311 20.5183 48.0104 92.0697 27.5862 55.3624 42.5441 38.0132 89.2379 82.4621 55.0 35.4401 18.2483 70.8422 92.0278 60.1082 82.9291 38.6005 60.7454 73.0616 56.4358 31.0644 0.0 43.2782 25.0599 20.2485 87.9659 53.0094 46.0977 29.0 54.0833 48.2597 59.6657 65.9469 78.848 29.1548 
49.9277 73.1945 69.6697 73.5629 32.5576 38.7279 60.4152 62.0081 84.3912 85.9171 29.6142 78.8738 84.9364 8.544 27.2947 78.1089 67.8944 79.1524 23.7697 48.3664 78.4474 62.5817 34.7851 66.5733 44.5601 34.5254 92.5917 33.3017 84.0952 44.6591 23.4307 83.8133 67.2681 68.884 13.0 22.8035 12.083 90.8636 48.7647 57.3004 45.6654 6.32456 94.1071 43.1856 89.3197 66.1287 31.6228 58.8024 96.4587 71.6519 81.1963 59.8415 67.3038 50.8778 43.0294 56.3205 43.2782 0.0 41.4849 24.5967 56.0446 37.1803 71.3863 49.4773 80.4114 13.4164 16.4012 78.7173 68.2289 39.4588 
23.0868 40.43 74.9891 72.0069 9.43398 30.8058 22.2036 84.1043 51.6267 57.3228 12.083 65.9697 74.9533 50.0 19.8494 36.7696 70.3673 45.2217 32.8938 43.1741 37.2156 66.9296 7.0 29.6816 59.9269 41.0488 65.4431 41.5335 44.5533 54.561 25.9615 60.5078 27.4591 29.6985 32.249 26.9258 51.3517 68.2068 7.28011 31.257 17.72 35.171 64.8428 70.938 48.3011 25.0599 35.5106 47.1699 67.6327 36.8917 57.8881 19.0263 35.805 51.8012 34.4176 14.8661 25.0599 41.4849 0.0 31.0161 69.6915 32.8938 30.1496 8.06226 39.2046 52.2398 55.4617 43.4166 54.7449 5.09902 
48.8365 70.1897 86.6833 88.2986 26.4008 46.5296 42.5793 84.8528 81.3863 90.5014 24.0832 87.6732 95.782 31.4006 30.5287 63.0714 84.0598 75.6637 2.0 56.3802 66.3702 79.0759 24.5967 47.1275 64.0703 13.0 97.1761 48.2701 75.1864 59.2115 5.65685 88.4004 58.2409 50.9902 27.0185 5.0 27.8029 96.0994 37.108 54.4542 44.0454 20.6155 94.6025 66.7083 72.8354 51.0098 8.06226 66.8725 101.043 67.5352 85.7806 49.4773 64.4636 65.3457 51.0 43.4166 20.2485 24.5967 31.0161 0.0 76.1052 45.6946 59.5399 38.3275 68.3593 28.0179 40.8167 74.2496 75.4707 32.249 
53.6961 73.8176 15.8114 26.9258 62.7239 39.3573 91.3243 17.8885 68.8283 62.2977 61.6741 41.0122 42.7551 55.9464 51.6192 98.8008 18.6815 76.0367 76.2365 27.4591 93.9826 14.0357 67.7583 98.9292 12.0416 88.4592 66.4906 29.8329 91.0222 17.0294 72.0 57.9741 80.6305 97.9854 49.0918 72.0069 64.4748 62.8013 74.4151 44.6878 57.3004 56.8037 68.884 21.9545 110.711 90.7298 84.1487 34.1321 70.406 73.4614 57.9482 77.8746 58.568 21.2603 36.8917 81.0423 87.9659 56.0446 69.6915 76.1052 0.0 36.7978 87.9682 74.1483 95.6098 65.7951 48.0208 80.2485 35.7351 64.6517 
29.4981 54.8614 43.0116 42.72 26.1725 4.12311 54.5619 52.4027 55.0377 48.8784 26.0 42.638 50.4777 43.937 16.1245 65.1887 39.2046 60.8193 46.5188 11.0454 62.6517 35.0 31.257 62.1691 27.6723 58.6941 55.5531 24.0856 67.1123 23.4101 40.4969 46.6857 50.1092 61.2265 24.1803 40.8534 49.2592 54.0928 37.6563 20.5296 27.3323 32.8136 57.0685 44.277 77.2006 54.8577 53.4883 21.9317 59.4201 53.3188 44.1576 44.3422 39.3394 20.0998 6.7082 44.2834 53.0094 37.1803 32.8938 45.6946 36.7978 0.0 55.9097 37.3894 64.4829 50.5758 45.3124 61.2924 30.4795 27.8568 
34.2944 32.0624 87.9205 80.4114 38.833 61.5751 22.6716 104.802 39.6232 48.1664 41.7732 68.5408 77.1561 79.8311 46.6154 11.7047 81.9055 29.8329 61.5224 61.2024 7.07107 80.8452 37.1214 26.0768 80.5992 67.0522 54.9181 79.9564 17.2047 75.9396 55.1453 53.0094 8.544 20.1246 61.0328 56.1427 81.4985 58.4209 23.0217 43.7417 32.0156 65.1153 53.3667 98.1374 23.0217 12.0416 62.0967 56.6432 55.7853 23.0217 43.2897 11.7047 33.2415 67.4108 57.6122 16.1245 46.0977 71.3863 30.1496 59.5399 87.9682 55.9097 0.0 22.0907 9.05539 82.3893 84.4334 25.2982 60.7454 32.0156 
23.0217 36.0555 77.6209 73.3348 17.088 35.0935 17.72 89.7532 47.0106 52.9542 19.9249 65.4905 74.5453 57.9741 26.4008 29.0689 72.5672 39.6232 40.2616 47.4628 29.1548 69.642 15.0333 25.2982 65.0228 47.4131 61.0745 61.104 36.8782 60.7606 33.541 56.5795 19.9249 23.8537 39.8121 34.5254 59.4138 63.306 1.41421 32.249 18.2483 43.1741 60.4649 78.8088 40.8167 17.8045 42.0476 48.1664 63.2456 31.1448 55.6601 11.1803 32.6956 54.8394 44.9937 7.2111 29.0 49.4773 8.06226 38.3275 74.1483 37.3894 22.0907 0.0 31.1448 60.2993 63.1585 37.2022 55.0091 10.8167 
41.936 34.7851 93.1933 85.1547 47.8539 69.726 29.5296 112.444 40.05 49.2544 50.8035 71.8108 80.0812 88.8426 55.3624 11.1803 87.1321 30.0666 70.3491 68.844 2.0 86.1188 46.1736 31.1448 88.2408 75.4321 55.0091 88.5297 12.083 84.0905 64.0703 54.5894 15.0 24.7588 69.9214 65.0692 90.5539 59.0339 32.0624 51.3833 39.9625 74.1485 53.0848 106.711 18.4391 18.7883 70.6116 61.9168 55.2268 25.2982 46.1736 20.6155 37.8088 74.6517 65.2538 25.02 54.0833 80.4114 39.2046 68.3593 95.6098 64.4829 9.05539 31.1448 0.0 91.444 93.3006 25.02 65.4572 41.0 
62.6259 85.8884 79.8812 86.2379 44.0 52.1234 68.9493 68.884 97.0851 99.3125 41.0 91.5488 97.6114 9.84886 40.2616 88.0738 80.0626 91.8463 26.4008 61.0414 89.4539 74.4076 45.2769 74.3236 54.6488 33.2866 105.987 46.0359 96.0208 54.7478 29.5466 97.2087 79.0 77.4919 26.4008 28.6356 1.41421 104.259 59.4138 70.6959 58.3637 18.4391 107.503 49.6488 98.7623 75.9276 32.5576 72.1979 109.854 84.3458 94.5917 71.1126 79.9976 63.5528 56.4248 66.7533 48.2597 13.4164 52.2398 28.0179 65.7951 50.5758 82.3893 60.2993 91.444 0.0 19.105 91.4112 80.9039 51.0 
60.8583 84.1251 62.8013 70.4518 46.0977 46.86 75.7166 49.8197 102.469 96.3093 43.382 80.0838 84.5341 10.198 38.0789 92.1954 63.0635 90.083 39.8246 52.9593 91.3947 57.4085 49.2443 82.201 37.6431 49.6488 102.572 36.5801 95.5705 37.7487 39.8246 93.5163 79.3095 84.0595 23.4094 39.2046 18.0278 100.186 62.6498 70.9154 56.5961 21.9317 104.499 30.5941 103.755 80.4984 47.4236 66.3509 106.851 82.5826 91.5885 72.7324 89.7252 52.7494 51.1615 70.2638 59.6657 16.4012 55.4617 40.8167 48.0208 45.3124 84.4334 63.1585 93.3006 19.105 0.0 89.6479 72.8218 52.5547 
35.1511 12.8062 73.9766 63.2135 48.7032 63.8493 46.3249 97.9823 15.0333 24.3311 51.5461 48.3011 56.0803 86.5959 51.6457 35.2278 67.5735 5.09902 76.0592 57.3367 25.02 68.6009 49.6588 50.9902 75.5122 84.3801 30.0666 85.3391 15.2315 72.1654 68.942 29.8329 19.4165 45.31 66.6757 69.857 90.2572 34.0147 38.6005 48.0536 33.5419 72.9963 28.2843 93.0222 43.2897 36.6742 78.8923 46.4564 30.5941 7.07107 23.0217 27.5862 22.3134 59.1914 59.3771 35.3836 65.9469 78.7173 43.4166 74.2496 80.2485 61.2924 25.2982 37.2022 25.02 91.4112 89.6479 0.0 45.2793 42.1545 
32.0624 33.8446 29.0 19.6977 52.0569 28.9443 72.1132 53.4883 33.3292 26.5707 53.8028 12.2066 20.6155 72.3789 45.0799 72.45 22.6274 40.5376 76.4358 22.4722 64.4581 23.3238 56.3205 79.3095 35.0143 88.4251 31.1448 35.7902 60.419 33.541 70.0899 22.3607 52.2015 75.9539 54.4005 70.5371 79.4933 28.0179 56.0357 23.5372 37.2156 63.0338 33.3766 53.0 83.2586 67.2681 83.0714 8.60233 35.1283 43.1747 22.4491 53.9351 27.7308 18.2483 24.4721 59.2115 78.848 68.2289 54.7449 75.4707 35.7351 30.4795 60.7454 55.0091 65.4572 80.9039 72.8218 45.2793 0.0 50.01 
