NAME  : Jabali_70_2_0.95_1_8
TYPE : SVRP
MODEL : FINITE_SUPPORT
NUMBER_OF_SCENARIOS : 200
DIMENSION : 70
EDGE_WEIGHT_TYPE : MATRIX
CAPACITY : 213
N_VEHICLES : 2
NODE_COORD_SECTION
1 4902 4176
2 4670 7553
3 2713 4663
4 1271 5703
5 6092 166
6 3561 709
7 3352 8045
8 3492 1960
9 6417 3023
10 5662 7185
11 7392 1337
12 4792 4937
13 27 3952
14 4125 7641
15 2903 7164
16 1068 3040
17 4354 3265
18 3853 7713
19 7614 6173
20 7784 4014
21 5784 114
22 4800 18
23 1845 6156
24 3864 6476
25 4158 2545
26 6754 6576
27 7828 3854
28 1470 2778
29 3127 1034
30 8959 4081
31 7278 3140
32 1527 5188
33 6879 5187
34 4280 1012
35 4064 4739
36 2600 2540
37 5266 4104
38 6674 6982
39 8477 3594
40 3673 3958
41 7071 2194
42 3728 2787
43 2839 1977
44 8507 4656
45 2410 3636
46 2716 3345
47 7537 2562
48 6754 2323
49 6199 424
50 7916 3426
51 7144 3778
52 6375 4009
53 7370 2560
54 9340 4821
55 4124 7378
56 4034 6157
57 969 4814
58 6408 1010
59 1405 2561
60 4337 74
61 4188 5570
62 4596 8210
63 1665 2110
64 3113 6483
65 7307 5369
66 8084 5563
67 4279 1508
68 5838 984
69 5568 6115
70 4747 3697
DEMAND_SECTION
1 0.0
2 8.0
3 3.0
4 7.0
5 2.0
6 7.0
7 4.0
8 7.0
9 8.0
10 8.0
11 3.0
12 1.0
13 9.0
14 2.0
15 10.0
16 8.0
17 9.0
18 7.0
19 6.0
20 7.0
21 10.0
22 8.0
23 10.0
24 10.0
25 9.0
26 8.0
27 4.0
28 6.0
29 2.0
30 10.0
31 8.0
32 10.0
33 4.0
34 6.0
35 3.0
36 7.0
37 2.0
38 2.0
39 4.0
40 9.0
41 2.0
42 2.0
43 10.0
44 7.0
45 9.0
46 7.0
47 2.0
48 5.0
49 6.0
50 8.0
51 10.0
52 9.0
53 3.0
54 10.0
55 9.0
56 4.0
57 10.0
58 3.0
59 2.0
60 5.0
61 6.0
62 2.0
63 1.0
64 3.0
65 3.0
66 1.0
67 5.0
68 7.0
69 4.0
70 3.0
DEVIATION_SECTION
1 0.0
2 2.66667
3 1.0
4 2.33333
5 0.666667
6 2.33333
7 1.33333
8 2.33333
9 2.66667
10 2.66667
11 1.0
12 0.333333
13 3.0
14 0.666667
15 3.33333
16 2.66667
17 3.0
18 2.33333
19 2.0
20 2.33333
21 3.33333
22 2.66667
23 3.33333
24 3.33333
25 3.0
26 2.66667
27 1.33333
28 2.0
29 0.666667
30 3.33333
31 2.66667
32 3.33333
33 1.33333
34 2.0
35 1.0
36 2.33333
37 0.666667
38 0.666667
39 1.33333
40 3.0
41 0.666667
42 0.666667
43 3.33333
44 2.33333
45 3.0
46 2.33333
47 0.666667
48 1.66667
49 2.0
50 2.66667
51 3.33333
52 3.0
53 1.0
54 3.33333
55 3.0
56 1.33333
57 3.33333
58 1.0
59 0.666667
60 1.66667
61 2.0
62 0.666667
63 0.333333
64 1.0
65 1.0
66 0.333333
67 1.66667
68 2.33333
69 1.33333
70 1.0
DISTANCE_MATRIX
0.0 46.5131 36.8232 57.427 56.3313 50.9608 57.2746 36.1248 29.2127 42.5443 56.0141 10.6158 77.1187 48.6645 50.3709 66.6879 14.0 50.6623 45.8803 40.4414 56.1742 56.6127 52.2588 35.1294 24.5153 42.0 41.1621 63.2517 49.4975 55.2753 40.737 53.9116 30.8707 44.2832 18.2459 38.8033 5.09902 45.1774 50.3816 27.8642 42.5977 25.02 41.1947 49.2115 48.1394 46.0163 43.7592 39.9026 54.219 44.6203 33.6344 25.3093 42.4439 60.4699 45.8911 30.7026 62.6755 50.0018 64.6319 56.4358 22.7485 54.9972 52.6039 41.7479 36.6742 47.0106 38.0789 45.6753 28.4605 6.08276 
46.5131 0.0 47.5184 50.9215 102.295 94.414 18.0278 77.8203 65.3071 14.8661 89.9269 36.7967 78.339 7.2111 23.6008 78.0 62.4234 10.2956 45.1221 64.3273 102.137 102.968 41.7852 18.1108 68.8109 32.0156 65.5134 78.2304 91.2853 75.06 68.1542 51.9711 44.4072 90.0084 40.8167 73.9975 48.8365 29.1548 73.9797 50.5668 76.7082 66.1891 79.7746 66.0 61.0 64.8172 75.6439 74.382 100.182 70.342 60.407 52.8059 75.1666 74.4312 7.2111 20.8806 60.6383 93.9146 80.3057 102.734 28.178 8.48528 84.0119 24.7386 47.0106 54.4518 83.6366 91.6386 23.0868 52.0502 
36.8232 47.5184 0.0 33.1348 77.4189 53.3267 47.5397 37.1483 63.0357 52.469 89.8371 26.9484 40.673 44.9222 35.2635 31.7805 36.1539 44.9444 67.9559 67.1723 75.807 68.6792 28.2976 29.4279 37.3377 60.0083 67.893 31.0161 47.9522 82.0062 75.0542 29.6194 55.2562 53.4608 19.1308 27.2947 39.2075 61.3514 77.1125 23.6229 76.4207 31.2573 34.5636 75.8229 13.6015 18.1245 78.3933 73.7257 78.6014 71.3512 60.3653 52.0402 77.282 87.0089 42.45 27.0185 38.3833 74.4554 33.0 65.318 22.8035 54.5711 36.4966 26.4447 60.959 71.5891 48.1401 70.0775 42.72 43.0916 
57.427 50.9215 33.1348 0.0 97.3161 71.3229 42.0 56.2633 83.5475 61.4003 110.349 47.0344 28.0713 45.3542 29.1548 34.4819 56.6656 43.7379 84.1724 87.6583 95.7042 87.8677 9.21954 35.5106 57.2349 73.7564 88.379 37.8021 65.192 102.484 87.9539 7.61577 74.0608 72.751 41.0595 43.613 59.8113 73.6003 97.5984 45.7712 96.9325 51.1545 51.6748 95.8801 32.0771 38.0217 98.094 94.2374 96.0967 91.8371 80.8512 72.5261 97.7937 106.85 43.9659 36.2353 11.4018 93.2476 40.0 84.12 37.8021 55.109 46.0977 26.4008 79.404 89.8109 68.0374 88.0217 56.5862 63.6033 
56.3313 102.295 77.4189 97.3161 0.0 34.8855 113.056 42.107 41.6822 96.1233 23.0868 66.3972 95.4254 104.446 103.834 76.7919 48.8467 106.444 83.3847 55.5428 3.60555 17.6918 98.0445 90.9109 41.0 87.467 54.3415 70.859 41.2311 64.0078 43.0116 89.9149 68.884 26.9258 68.4606 56.1427 53.8216 92.1434 55.0818 59.1988 30.6757 46.6905 49.6488 67.7422 65.3758 63.2944 36.6742 31.305 3.16228 49.6488 50.6952 53.0476 35.9026 75.0267 101.673 86.484 90.3549 11.7047 70.214 23.3452 78.53 110.779 65.0 94.3996 72.0902 77.201 30.0666 10.8167 82.569 53.4251 
50.9608 94.414 53.3267 71.3229 34.8855 0.0 99.4715 17.0294 49.8197 93.452 51.0882 61.5235 64.3817 94.0319 88.58 45.2769 37.6962 94.9181 93.0054 72.3853 31.7805 19.2354 76.104 77.9398 26.5707 92.0706 71.8112 39.3192 7.0 85.4763 60.0117 63.9216 77.0065 10.2956 53.6996 27.7308 50.8035 95.7079 76.3352 44.1022 49.6588 28.3019 19.6977 85.6776 41.0488 39.2022 57.2713 47.2049 35.5106 69.0356 64.1327 58.0 55.9464 95.6775 91.2688 74.0945 63.6946 38.1838 38.1182 14.0 66.242 102.577 32.0 79.6163 82.0244 90.4489 14.0357 31.1127 79.404 45.5412 
57.2746 18.0278 47.5397 42.0 113.056 99.4715 0.0 82.6322 79.6246 32.8938 104.811 46.9574 70.0286 11.1803 13.3417 73.9797 67.901 8.06226 63.0635 80.3057 112.627 109.886 33.0606 22.4722 74.2518 50.0 81.3941 75.5844 95.4817 92.0489 82.5512 45.5412 61.0 95.4847 47.8017 74.8301 59.6588 47.1699 90.1998 55.37 91.3946 71.1804 82.0931 83.2166 61.0575 65.654 89.9618 88.6995 110.944 85.8429 75.3127 67.1234 89.4841 92.0706 13.0 26.9258 53.0848 106.727 77.7946 108.209 35.5106 16.2788 82.7861 21.095 64.195 72.1803 89.1067 102.4 39.0128 62.8118 
36.1248 77.8203 37.1483 56.2633 42.107 17.0294 82.6322 0.0 41.1825 77.6483 51.1077 44.1116 53.3385 77.1941 72.4017 34.9285 22.2036 78.0789 80.6226 63.9531 40.0 31.6228 61.8267 61.1006 12.1655 78.0577 63.5295 29.1204 13.6015 78.557 52.946 48.862 64.7765 16.4924 37.3363 14.0357 37.054 81.3019 70.065 27.2947 47.0248 11.7047 8.60233 76.9675 25.0799 23.0238 56.1994 51.5318 41.4367 62.2559 55.0364 46.4085 55.0881 87.6584 74.4382 57.3062 49.2443 40.4969 28.7924 28.178 49.6588 85.8836 24.6982 62.777 70.3052 79.5801 12.0416 34.2053 64.2972 30.2655 
29.2127 65.3071 63.0357 83.5475 41.6822 49.8197 79.6246 41.1825 0.0 56.0876 26.8328 39.2603 84.6875 69.4985 79.0154 69.6563 27.083 72.096 45.1221 22.8473 43.3821 49.9121 80.2961 59.2219 30.0 47.8853 22.3607 65.1153 51.5461 37.4433 12.0416 76.1462 29.7321 40.1995 46.8904 50.2494 26.6619 52.4786 29.0689 39.7268 13.4164 34.6554 49.0918 36.0555 51.6488 49.45 15.2971 10.7213 38.5954 21.2603 14.3178 12.7279 14.1421 46.5188 67.011 55.2233 76.5946 30.2539 65.7647 49.2593 51.393 73.3296 63.8905 70.3924 33.7343 41.0 35.9026 32.3193 42.5332 27.3693 
42.5443 14.8661 52.469 61.4003 96.1233 93.452 32.8938 77.6483 56.0876 0.0 80.604 33.8378 87.4643 21.9317 36.8782 84.1724 56.1417 25.0799 30.4138 52.2015 97.5724 98.6154 52.6972 25.9422 66.9441 17.2627 53.4883 83.3847 91.2496 61.5224 57.9828 60.9262 31.9531 86.8159 40.6079 76.2365 43.909 14.3178 61.4003 51.4782 67.4759 65.9697 81.0494 52.2398 65.0692 68.0076 65.7343 65.1624 93.0365 58.6941 49.7393 43.5864 65.4599 60.075 21.095 26.2488 69.857 84.695 85.2877 98.8383 30.0167 20.025 88.0057 35.2278 33.541 40.05 80.6231 87.0735 14.4222 48.0814 
56.0141 89.9269 89.8371 110.349 23.0868 51.0882 104.811 51.1077 26.8328 80.604 0.0 63.184 102.923 94.6849 100.396 85.3619 53.8844 97.2824 63.8122 34.4384 26.3059 38.6264 107.097 84.4082 45.5788 70.0928 33.1059 79.7849 55.8659 41.1096 23.4307 102.948 50.9902 41.0366 73.6918 64.1803 53.4633 75.0067 32.3883 66.5282 13.4164 51.6307 59.6825 45.607 70.8716 68.7485 15.8114 16.7631 20.2237 27.8568 31.8904 38.0789 15.6205 52.1536 92.1974 80.4096 95.8174 13.4164 79.6833 43.382 74.0099 97.9495 75.8024 92.6555 53.0094 56.3649 40.6079 20.2485 67.153 54.1707 
10.6158 36.7967 26.9484 47.0344 66.3972 61.5235 46.9574 44.1116 39.2603 33.8378 63.184 0.0 67.2438 38.6005 39.8121 57.7999 24.2132 40.4969 41.5933 40.6286 66.2402 67.0703 41.7612 24.6982 35.0156 35.5106 41.3493 54.6755 57.7129 55.4617 40.9242 43.519 28.3196 54.8941 8.94427 44.2832 13.0 38.0526 50.5688 19.4165 49.7676 32.433 48.0416 49.0918 39.5632 37.4401 48.3349 47.0726 64.285 44.8075 33.8216 25.4965 47.8572 60.2163 35.805 20.2485 52.2828 60.0678 56.0556 67.0078 12.1655 45.2769 57.2713 31.1448 34.0588 44.6878 48.6946 55.7413 20.2237 16.1529 
77.1187 78.339 40.673 28.0713 95.4254 64.3817 70.0286 53.3385 84.6875 87.4643 102.923 67.2438 0.0 73.1642 57.2189 19.105 57.8057 71.7008 107.326 107.468 93.1933 83.0963 37.2156 61.6847 57.8705 97.8295 108.188 25.0799 57.4282 122.302 96.7061 26.5707 95.5516 69.029 59.4262 39.3192 79.5029 98.4124 113.528 53.3173 98.0725 51.8652 46.0109 116.238 34.0 39.1618 100.045 95.3775 94.7629 105.757 100.661 92.3356 98.9338 127.496 71.5891 61.327 17.72 93.1719 26.3059 78.3135 60.5733 83.0241 32.7567 53.6004 100.807 111.411 65.3758 87.2983 80.35 64.7434 
48.6645 7.2111 44.9222 45.3542 104.446 94.0319 11.1803 77.1941 69.4985 21.9317 94.6849 38.6005 73.1642 0.0 17.0 74.2428 62.2513 3.16228 51.923 69.5845 104.289 104.236 36.1386 16.1245 68.6388 38.8973 70.7107 75.0229 90.5448 81.0062 72.4251 47.1699 50.04 89.8363 41.1096 71.9257 51.0488 36.2491 79.404 49.93 81.2685 65.7343 79.1845 72.111 58.5235 62.7454 79.8357 78.5734 102.334 75.3127 65.0 56.9974 79.358 80.895 2.82843 20.0 55.5788 98.1165 77.2055 102.562 28.3196 10.0 81.2528 20.0 53.0848 61.0 83.4645 93.79 28.1603 54.2017 
50.3709 23.6008 35.2635 29.1548 103.834 88.58 13.3417 72.4017 79.0154 36.8782 100.396 39.8121 57.2189 17.0 0.0 60.6383 57.4797 14.8661 64.846 77.2334 103.007 99.3241 20.025 16.0312 63.8306 52.4786 78.1601 62.2977 83.2055 90.4268 78.1359 32.249 59.439 85.0634 38.4838 62.554 52.7551 50.8035 87.2812 44.9488 86.9793 60.7592 69.817 82.2253 48.7814 53.3779 85.5466 84.2843 102.121 82.0061 71.0333 62.7082 85.0689 92.0489 16.4012 20.025 40.0 97.9039 64.5136 97.7874 27.6586 26.2488 69.5412 9.43398 63.6003 72.8011 78.6854 93.5774 37.9473 64.4174 
66.6879 78.0 31.7805 34.4819 76.7919 45.2769 73.9797 34.9285 69.6563 84.1724 85.3619 57.7999 19.105 74.2428 60.6383 0.0 43.1399 73.5527 98.8846 91.2914 74.4312 64.0312 41.7852 60.0333 41.1825 91.4166 91.0723 6.0 38.3275 106.527 81.6884 28.7924 85.4729 50.1597 49.9823 21.1896 58.595 93.0054 98.5124 38.8271 83.0204 35.5106 27.1662 105.807 21.095 24.6716 84.993 80.3254 76.2955 90.7411 82.1308 81.9048 83.8817 117.065 72.111 58.3119 23.6008 75.2861 7.28011 59.2115 54.5711 84.214 13.9284 54.3323 91.2746 101.874 46.8722 69.1231 74.3303 50.0776 
14.0 62.4234 36.1539 56.6656 48.8467 37.6962 67.901 22.2036 27.083 56.1417 53.8844 24.2132 57.8057 62.2513 57.4797 43.1399 0.0 63.2765 59.439 48.7027 48.3011 45.9674 53.4142 46.2545 11.1803 56.0 48.4836 39.0512 35.6931 63.9386 39.1016 49.2644 43.9659 32.2025 21.7069 25.4951 15.8114 59.1354 55.9237 12.845 40.468 11.0454 27.2947 61.3273 24.767 22.6439 42.4406 37.773 46.8188 48.1524 39.5421 37.7243 41.3293 72.291 59.4604 42.2558 49.7127 42.6019 40.0 44.8219 34.2593 70.6128 39.3573 48.0458 49.6488 59.6518 25.807 38.2753 42.0938 8.06226 
50.6623 10.2956 44.9444 43.7379 106.444 94.9181 8.06226 78.0789 72.096 25.0799 97.2824 40.4969 71.7008 3.16228 14.8661 73.5527 63.2765 0.0 55.0818 72.4431 106.287 105.262 34.5254 17.0294 69.664 42.0595 73.5527 74.5344 91.4296 84.0238 75.0226 46.0109 53.0094 90.8615 42.4264 72.1065 53.0465 39.3954 82.2982 50.8167 83.866 66.6271 79.3653 75.1665 58.5235 62.9262 82.4332 81.1709 104.332 78.0897 67.6831 59.5949 81.9556 84.0119 5.09902 21.2132 54.231 100.114 76.717 103.587 29.7321 11.4018 81.1348 19.2354 56.1427 64.1327 84.4897 95.7878 31.0644 56.1994 
45.8803 45.1221 67.9559 84.1724 83.3847 93.0054 63.0635 80.6226 45.1221 30.4138 63.8122 41.5933 107.326 51.923 64.846 98.8846 59.439 55.0818 0.0 29.8329 85.44 92.319 76.6942 50.4777 68.469 13.1529 31.241 95.9296 93.1938 33.6155 40.7063 81.4678 16.0 84.214 50.5371 84.6041 43.7379 17.0294 36.4005 60.5597 52.8015 70.406 86.6833 24.1661 80.8173 78.7118 48.0208 52.2015 80.2309 36.8782 32.6956 35.0143 48.3735 30.0666 50.5964 48.4149 90.2347 71.6938 97.3274 94.2019 46.7547 50.1597 98.2854 60.4649 11.4018 10.4403 79.0253 74.6324 27.8029 51.923 
40.4414 64.3273 67.1723 87.6583 55.5428 72.3853 80.3057 63.9531 22.8473 52.2015 34.4384 40.6286 107.468 69.5845 77.2334 91.2914 48.7027 72.4431 29.8329 0.0 58.0517 67.0075 82.2473 61.2046 52.4786 38.2753 1.41421 86.8292 74.3303 15.6205 13.0 84.1428 20.2485 62.6263 48.595 72.2287 37.0719 43.2666 10.0499 58.2133 25.1794 56.6197 71.6938 13.3417 78.4885 71.0696 18.9737 26.0192 52.3927 7.07107 9.21954 21.6333 19.6469 23.7065 67.3647 57.4282 93.0246 43.9318 87.551 70.1142 51.4198 71.5681 86.0261 69.8713 20.0 21.9317 58.5527 48.1664 41.4367 46.0271 
56.1742 102.137 75.807 95.7042 3.60555 31.7805 112.627 40.0 43.3821 97.5724 26.3059 66.2402 93.1933 104.289 103.007 74.4312 48.3011 106.287 85.44 58.0517 0.0 14.1421 100.485 90.4819 39.8497 89.1669 56.8859 68.469 38.2753 67.0075 45.3542 88.303 70.6824 24.3311 67.2337 54.0093 53.6645 93.8433 58.0086 58.3718 32.9848 45.3542 47.2652 70.4557 63.7887 61.6825 39.3192 33.2415 6.08276 52.345 52.811 54.7476 38.4708 78.0 101.515 86.055 88.6848 14.1421 67.7422 19.8494 78.101 110.622 62.3699 93.5726 74.0945 79.555 28.0179 11.4018 83.1851 53.2541 
56.6127 102.968 68.6792 87.8677 17.6918 19.2354 109.886 31.6228 49.9121 98.6154 38.6264 67.0703 83.0963 104.236 99.3241 64.0312 45.9674 105.262 92.319 67.0075 14.1421 0.0 93.3576 88.2396 35.609 94.0007 66.0 58.0345 26.1725 77.7817 54.0093 80.4665 76.7443 15.2315 63.6919 44.911 54.7083 98.387 68.593 54.8179 42.0476 39.9625 37.3363 80.025 56.648 54.5547 49.2544 41.0488 19.4165 62.1289 60.407 58.1893 48.1664 88.5664 101.445 84.2409 80.7775 25.2982 57.0 5.83095 76.2444 111.452 51.0882 89.8902 80.9175 87.5728 21.095 19.2354 84.229 52.4976 
52.2588 41.7852 28.2976 9.21954 98.0445 76.104 33.0606 61.8267 80.2961 52.6972 107.097 41.7612 37.2156 36.1386 20.025 41.7852 53.4142 34.5254 76.6942 82.2473 100.485 93.3576 0.0 27.0185 62.0161 65.7647 82.968 44.2945 69.9929 96.933 82.5429 13.0 67.6018 78.1392 36.2215 48.3941 54.643 65.2993 92.1875 40.8832 93.6811 55.9356 56.456 89.8999 36.8583 42.8029 94.8427 90.986 95.8617 86.4262 75.4402 67.1152 93.5273 100.648 34.7851 28.3196 20.025 93.8384 46.5296 89.9964 31.305 45.8912 52.1536 17.4929 72.7186 82.9277 72.8185 87.3379 48.9183 60.3519 
35.1294 18.1108 29.4279 35.5106 90.9109 77.9398 22.4722 61.1006 59.2219 25.9422 84.4082 24.6982 61.6847 16.1245 16.0312 60.0333 46.2545 17.0294 50.4777 61.2046 90.4819 88.2396 27.0185 0.0 52.642 38.9487 62.1289 60.1332 74.4513 74.5252 62.1484 35.1141 43.6807 73.8396 25.4951 56.1025 37.5136 38.2884 71.2531 33.8384 70.9918 49.6488 62.8714 66.4831 42.9535 46.9222 69.5591 68.2968 88.7987 66.0 55.0458 46.7207 69.0814 76.5506 13.4164 4.47214 44.0114 84.5814 62.2013 86.5652 13.0384 25.2982 65.9242 10.0 48.1041 57.6975 67.4677 80.2549 22.8254 40.6666 
24.5153 68.8109 37.3377 57.2349 41.0 26.5707 74.2518 12.1655 30.0 66.9441 45.5788 35.0156 57.8705 68.6388 63.8306 41.1825 11.1803 69.664 68.469 52.4786 39.8497 35.609 62.0161 52.642 0.0 66.1891 52.1536 36.0555 25.0799 67.424 41.9151 49.8337 52.6118 21.2603 28.0944 20.6155 25.0 69.5845 59.0339 19.2094 43.196 6.08276 19.2354 65.2993 25.3363 23.2132 45.1686 40.5009 39.4588 51.225 43.4166 34.4038 44.0572 76.1577 65.8479 48.6433 50.2821 36.0562 36.4005 33.9706 40.6468 77.0003 33.9706 54.3967 58.1404 67.5753 14.8661 31.1448 52.8962 18.9737 
42.0 32.0156 60.0083 73.7564 87.467 92.0706 50.0 78.0577 47.8853 17.2627 70.0928 35.5106 97.8295 38.8973 52.4786 91.4166 56.0 42.0595 13.1529 38.2753 89.1669 94.0007 65.7647 38.9487 66.1891 0.0 39.6611 89.736 91.2688 45.3542 46.6905 71.8471 19.105 84.1884 44.1475 79.7621 41.3038 5.0 46.5188 54.9181 57.8014 67.0075 83.0963 35.9026 71.1051 72.8308 54.4518 56.3028 84.3801 45.2217 38.2099 35.8469 54.4885 43.0 37.6962 37.5366 80.7094 76.0066 91.4463 95.3741 37.5899 37.054 92.7631 48.9183 18.3576 23.0217 78.4474 78.104 17.4929 48.0104 
41.1621 65.5134 67.893 88.379 54.3415 71.8112 81.3941 63.5295 22.3607 53.4883 33.1059 41.3493 108.188 70.7107 78.1601 91.0723 48.4836 73.5527 31.241 1.41421 56.8859 66.0 82.968 62.1289 52.1536 39.6611 0.0 86.6101 73.7568 15.5563 12.0416 84.8635 21.5407 61.7656 49.3157 72.0095 37.7926 44.6542 9.21954 58.934 24.0832 56.4004 71.3442 14.1421 73.0494 70.8505 17.72 25.0799 51.1957 5.65685 9.21954 21.9545 18.4391 24.1661 68.469 58.3095 93.7453 42.7551 87.3319 69.1809 52.1728 72.8011 85.8021 70.7107 21.4009 23.2594 57.9786 47.0956 42.5793 46.7478 
63.2517 78.2304 31.0161 37.8021 70.859 39.3192 75.5844 29.1204 65.1153 83.3847 79.7849 54.6755 25.0799 75.0229 62.2977 6.0 39.0512 74.5344 95.9296 86.8292 68.469 58.0345 44.2945 60.1332 36.0555 89.736 86.6101 0.0 32.3883 102.065 77.1557 31.3847 82.0367 44.1814 45.9187 15.6525 54.5259 91.4535 94.0502 35.3909 78.4485 30.6105 21.2132 100.367 18.6815 21.2354 80.4211 75.7534 70.406 86.2786 77.6686 76.4649 79.3097 110.418 72.7906 58.0 27.5862 69.5701 2.23607 53.2353 53.4603 84.9402 8.60233 55.3192 87.8384 98.4378 41.0 63.3246 72.782 46.0085 
49.4975 91.2853 47.9522 65.192 41.2311 7.0 95.4817 13.6015 51.5461 91.2496 55.8659 57.7129 57.4282 90.5448 83.2055 38.3275 35.6931 91.4296 93.1938 74.3303 38.2753 26.1725 69.9929 74.4513 25.0799 91.2688 73.7568 32.3883 0.0 88.6519 63.0408 57.8105 77.2778 15.0 50.9215 21.6333 50.04 94.6414 79.7268 40.7185 53.0937 25.2982 13.6015 87.5957 35.4683 33.8277 60.6917 50.5964 41.5933 72.3507 65.8027 58.4209 59.3536 97.9185 87.7889 70.6649 57.2713 43.4166 31.1448 21.0 63.1585 99.2824 25.0 74.3867 82.4924 91.4112 16.1245 36.4005 77.7665 43.7379 
55.2753 75.06 82.0062 102.484 64.0078 85.4763 92.0489 78.557 37.4433 61.5224 41.1096 55.4617 122.302 81.0062 90.4268 106.527 63.9386 84.0238 33.6155 15.6205 67.0075 77.7817 96.933 74.5252 67.424 45.3542 15.5563 102.065 88.6519 0.0 25.9422 98.9768 31.1448 75.2728 63.4289 87.4586 51.9058 50.0 9.21954 73.0472 36.1386 71.8401 86.5332 9.48683 88.5044 86.3055 28.6356 38.2753 61.0 16.5529 24.7588 37.2022 29.8329 11.0454 79.0569 71.0634 107.858 53.0848 102.787 81.5843 65.7875 81.4985 101.213 83.678 28.0713 23.2594 72.8656 58.5491 53.1507 60.861 
40.737 68.1542 75.0542 87.9539 43.0116 60.0117 82.5512 52.946 12.0416 57.9828 23.4307 40.9242 96.7061 72.4251 78.1359 81.6884 39.1016 75.0226 40.7063 13.0 45.3542 54.0093 82.5429 62.1484 41.9151 46.6905 12.0416 77.1557 63.0408 25.9422 0.0 88.1647 27.5862 49.8083 48.8906 62.2415 37.3675 51.6236 17.2047 51.7454 12.3693 46.669 60.9387 26.1725 63.6674 61.4685 7.81025 13.0384 39.8497 9.43398 8.48528 18.0278 7.81025 35.7351 69.9376 58.1498 88.6131 31.3209 77.7946 57.1402 51.7501 76.0592 75.8222 70.3957 29.6816 34.2053 47.2626 35.2278 45.1885 39.3878 
53.9116 51.9711 29.6194 7.61577 89.9149 63.9216 45.5412 48.862 76.1462 60.9262 102.948 43.519 26.5707 47.1699 32.249 28.7924 49.2644 46.0109 81.4678 84.1428 88.303 80.4665 13.0 35.1141 49.8337 71.8471 84.8635 31.3847 57.8105 98.9768 88.1647 0.0 70.6406 65.3498 37.7636 36.2118 56.2959 72.2011 94.083 42.2557 89.5312 43.7532 44.2736 92.3647 24.6759 30.6205 91.5038 86.8362 88.6955 88.3217 77.3358 69.0107 90.3925 103.345 45.3982 34.8855 8.94427 85.8464 33.6155 76.7188 34.7131 57.1402 39.4081 27.2947 76.0672 86.5566 60.6361 80.6205 54.4059 56.2021 
30.8707 44.4072 55.2562 74.0608 68.884 77.0065 61.0 64.7765 29.7321 31.9531 50.9902 28.3196 95.5516 50.04 59.439 85.4729 43.9659 53.0094 16.0 20.2485 70.6824 76.7443 67.6018 43.6807 52.6118 19.105 21.5407 82.0367 77.2778 31.1448 27.5862 70.6406 0.0 68.2642 37.0135 69.3005 28.1603 24.0416 29.6142 46.6492 38.833 54.8179 71.0634 22.8035 66.9244 64.8013 35.3553 37.5899 65.7647 26.8328 19.105 19.0263 35.3836 33.1059 48.0 40.4969 79.4045 57.3062 83.4168 78.4474 36.3593 51.4198 83.101 53.1413 5.83095 16.4012 63.0317 59.6298 22.0227 36.7696 
44.2832 90.0084 53.4608 72.751 26.9258 10.2956 95.4847 16.4924 40.1995 86.8159 41.0366 54.8941 69.029 89.8363 85.0634 50.1597 32.2025 90.8615 84.214 62.6263 24.3311 15.2315 78.1392 73.8396 21.2603 84.1884 61.7656 44.1814 15.0 75.2728 49.8083 65.3498 68.2642 0.0 49.2919 30.1496 43.3244 88.0568 66.1287 40.3113 39.3954 25.0 23.0217 75.8983 41.4367 39.3363 47.0106 37.0014 26.9258 58.8322 54.4518 49.2544 45.6946 85.474 87.0454 69.8408 65.7343 28.4253 43.4166 12.7279 61.8443 98.1978 38.0789 75.6295 73.0616 81.0987 6.40312 21.4009 72.6154 39.4462 
18.2459 40.8167 19.1308 41.0595 68.4606 53.6996 47.8017 37.3363 46.8904 40.6079 73.6918 8.94427 59.4262 41.1096 38.4838 49.9823 21.7069 42.4264 50.5371 48.595 67.2337 63.6919 36.2215 25.4951 28.0944 44.1475 49.3157 45.9187 50.9215 63.4289 48.8906 37.7636 37.0135 49.2919 0.0 36.0139 20.6301 46.3897 58.5352 11.0 60.2754 25.632 40.4475 57.2456 30.8064 28.6833 61.437 57.5804 66.3483 52.7739 41.788 33.4629 60.1216 68.4315 38.2884 21.2132 46.5275 62.1311 47.2989 62.0176 12.8062 49.0918 48.6621 29.1548 42.8019 53.4135 42.9201 57.8046 28.0179 23.7831 
38.8033 73.9975 27.2947 43.613 56.1427 27.7308 74.8301 14.0357 50.2494 76.2365 64.1803 44.2832 39.3192 71.9257 62.554 21.1896 25.4951 72.1065 84.6041 72.2287 54.0093 44.911 48.3941 56.1025 20.6155 79.7621 72.0095 15.6525 21.6333 87.4586 62.2415 36.2118 69.3005 30.1496 36.0139 0.0 41.2311 82.2982 79.3095 25.02 63.5253 15.6205 8.06226 84.8533 14.2127 13.1803 65.498 60.8303 55.4437 71.5052 63.068 63.1706 64.3866 95.817 69.3697 53.1565 36.0555 54.1202 15.8114 40.8044 46.5312 81.3943 13.8924 53.7351 75.029 85.098 26.0768 48.0521 64.0312 32.721 
5.09902 48.8365 39.2075 59.8113 53.8216 50.8035 59.6588 37.054 26.6619 43.909 53.4633 13.0 79.5029 51.0488 52.7551 58.595 15.8114 53.0465 43.7379 37.0719 53.6645 54.7083 54.643 37.5136 25.0 41.3038 37.7926 54.5259 50.04 51.9058 37.3675 56.2959 28.1603 43.3244 20.6301 41.2311 0.0 44.911 47.012 30.2485 40.0469 26.6833 42.9535 45.842 40.222 38.0989 41.2085 37.3518 51.7094 41.2508 30.2648 21.9398 39.8931 57.1004 48.2753 33.0868 65.0597 47.4921 55.5027 55.0364 25.1327 57.3149 55.0389 44.1321 33.8378 43.8634 37.3631 43.1656 29.5296 9.21954 
45.1774 29.1548 61.3514 73.6003 92.1434 95.7079 47.1699 81.3019 52.4786 14.3178 75.0067 38.0526 98.4124 36.2491 50.8035 93.0054 59.1354 39.3954 17.0294 43.2666 93.8433 98.387 65.2993 38.2884 69.5845 5.0 44.6542 91.4535 94.6414 50.0 51.6236 72.2011 24.0416 88.0568 46.3897 82.2982 44.911 0.0 51.4296 57.3149 62.6259 70.0643 86.0 40.5216 72.8225 74.9932 59.397 61.0328 89.0566 50.2195 43.1393 40.2492 59.4138 47.0956 35.3553 37.4433 81.1234 80.7094 93.2151 99.5073 38.6264 33.3766 95.0368 48.1041 23.3238 27.2947 82.2253 82.7805 18.6815 51.0882 
50.3816 73.9797 77.1125 97.5984 55.0818 76.3352 90.1998 70.065 29.0689 61.4003 32.3883 50.5688 113.528 79.404 87.2812 98.5124 55.9237 82.2982 36.4005 10.0499 58.0086 68.593 92.1875 71.2531 59.0339 46.5188 9.21954 94.0502 79.7268 9.21954 17.2047 94.083 29.6142 66.1287 58.5352 79.3095 47.012 51.4296 0.0 68.5675 26.9258 63.7024 78.0577 13.8924 80.4895 78.2906 19.4165 29.1548 52.0384 7.81025 17.8885 30.8707 20.6155 20.025 77.2334 67.4759 102.965 44.0114 94.7629 72.3671 61.3922 81.0247 92.957 79.9062 28.2312 26.8701 63.7246 49.366 51.2445 56.2099 
27.8642 50.5668 23.6229 45.7712 59.1988 44.1022 55.37 27.2947 39.7268 51.4782 66.5282 19.4165 53.3173 49.93 44.9488 38.8271 12.845 50.8167 60.5597 58.2133 58.3718 54.8179 40.8832 33.8384 19.2094 54.9181 58.934 35.3909 40.7185 73.0472 51.7454 42.2557 46.6492 40.3113 11.0 25.02 30.2485 57.3149 68.5675 0.0 53.1118 15.8114 29.6142 66.9834 20.2786 18.1555 55.0844 50.4168 57.3671 60.7962 51.4063 43.0812 53.9731 78.2418 47.1699 30.0167 51.0196 53.2692 36.771 53.0377 22.4722 58.5918 37.855 35.5148 52.4509 63.0503 33.9706 48.864 39.0128 19.7827 
42.5977 76.7082 76.4207 96.9325 30.6757 49.6588 91.3946 47.0248 13.4164 67.4759 13.4164 49.7676 98.0725 81.2685 86.9793 83.0204 40.468 83.866 52.8015 25.1794 32.9848 42.0476 93.6811 70.9918 43.196 57.8014 24.0832 78.4485 53.0937 36.1386 12.3693 89.5312 38.833 39.3954 60.2754 63.5253 40.0469 62.6259 26.9258 53.1118 0.0 47.9499 55.603 38.0 65.0338 62.835 7.61577 4.12311 27.5136 20.0998 20.1246 24.6982 6.32456 46.6905 78.781 66.9932 89.9796 18.9737 79.0773 45.5412 60.5935 84.7307 71.7203 79.239 41.5933 46.5725 37.0914 23.0217 53.9343 40.7543 
25.02 66.1891 31.2573 51.1545 46.6905 28.3019 71.1804 11.7047 34.6554 65.9697 51.6307 32.433 51.8652 65.7343 60.7592 35.5106 11.0454 66.6271 70.406 56.6197 45.3542 39.9625 55.9356 49.6488 6.08276 67.0075 56.4004 30.6105 25.2982 71.8401 46.669 43.7532 54.8179 25.0 25.632 15.6205 26.6833 70.0643 63.7024 15.8114 47.9499 0.0 16.2788 69.2443 19.2559 17.1327 49.9225 45.2548 45.2769 55.9017 47.4591 48.4694 48.8111 80.208 62.9682 45.793 44.2016 42.107 31.1448 37.6431 38.0132 74.3034 29.4109 51.3252 60.4401 70.3969 18.868 37.054 52.6534 19.0 
41.1947 79.7746 34.5636 51.6748 49.6488 19.6977 82.0931 8.60233 49.0918 81.0494 59.6825 48.0416 46.0109 79.1845 69.817 27.1662 27.2947 79.3653 86.6833 71.6938 47.2652 37.3363 56.456 62.8714 19.2354 83.0963 71.3442 21.2132 13.6015 86.5332 60.9387 44.2736 71.0634 23.0217 40.4475 8.06226 42.9535 86.0 78.0577 29.6142 55.603 16.2788 0.0 84.534 21.9317 20.4391 64.1921 59.5245 49.2443 70.2486 62.6498 53.5895 63.0808 95.3834 76.209 59.0851 44.0114 48.8467 20.6155 32.9848 51.923 87.7037 16.1245 60.9981 76.6551 86.6098 19.9249 42.3792 68.1836 35.1283 
49.2115 66.0 75.8229 95.8801 67.7422 85.6776 83.2166 76.9675 36.0555 52.2398 45.607 49.0918 116.238 72.111 82.2253 105.807 61.3273 75.1665 24.1661 13.3417 70.4557 80.025 89.8999 66.4831 65.2993 35.9026 14.1421 100.367 87.5957 9.48683 26.1725 92.3647 22.8035 75.8983 57.2456 84.8533 45.842 40.5216 13.8924 66.9834 38.0 69.2443 84.534 0.0 87.2586 85.1355 31.1448 39.2046 64.6297 18.1108 21.9317 32.6497 32.0624 11.3137 70.2567 63.2456 101.675 56.3205 100.176 83.2947 58.6003 72.2496 98.6508 75.8947 19.0263 13.8924 71.845 61.0082 44.5533 54.7972 
48.1394 61.0 13.6015 32.0771 65.3758 41.0488 61.0575 25.0799 51.6488 65.0692 70.8716 39.5632 34.0 58.5235 48.7814 21.095 24.767 58.5235 80.8173 78.4885 63.7887 56.648 36.8583 42.9535 25.3363 71.1051 73.0494 18.6815 35.4683 88.5044 63.6674 24.6759 66.9244 41.4367 30.8064 14.2127 40.222 72.8225 80.4895 20.2786 65.0338 19.2559 21.9317 87.2586 0.0 6.12311 67.0064 62.3388 64.1249 72.7182 64.1079 63.3564 65.8951 98.517 56.0446 40.3113 25.1799 61.342 20.3961 53.2259 35.0571 68.1542 23.0868 39.9625 72.7261 83.3255 36.1386 56.0089 54.1511 31.7047 
46.0163 64.8172 18.1245 38.0217 63.2944 39.2022 65.654 23.0238 49.45 68.0076 68.7485 37.4401 39.1618 62.7454 53.3779 24.6716 22.6439 62.9262 78.7118 71.0696 61.6825 54.5547 42.8029 46.9222 23.2132 72.8308 70.8505 21.2354 33.8277 86.3055 61.4685 30.6205 64.8013 39.3363 28.6833 13.1803 38.0989 74.9932 78.2906 18.1555 62.835 17.1327 20.4391 85.1355 6.12311 0.0 64.8076 60.1399 62.075 70.5193 61.909 61.2333 63.6962 96.3939 60.1893 43.9762 31.0689 59.2259 22.6155 51.1935 38.0555 72.214 24.0907 44.559 70.603 81.2024 34.0156 54.0 56.4518 29.5816 
43.7592 75.6439 78.3933 98.094 36.6742 57.2713 89.9618 56.1994 15.2971 65.7343 15.8114 48.3349 100.045 79.8357 85.5466 84.993 42.4406 82.4332 48.0208 18.9737 39.3192 49.2544 94.8427 69.5591 45.1686 54.4518 17.72 80.4211 60.6917 28.6356 7.81025 91.5038 35.3553 47.0106 61.437 65.498 41.2085 59.397 19.4165 55.0844 7.61577 49.9225 64.1921 31.1448 67.0064 64.8076 0.0 10.6301 33.541 13.0384 16.2788 24.7386 1.41421 39.3192 77.3482 65.5605 91.9522 25.1794 81.0499 52.9528 59.1608 83.6301 79.0999 77.8063 37.2022 40.8534 44.6894 30.0666 52.7731 42.7269 
39.9026 74.382 73.7257 94.2374 31.305 47.2049 88.6995 51.5318 10.7213 65.1624 16.7631 47.0726 95.3775 78.5734 84.2843 80.3254 37.773 81.1709 52.2015 26.0192 33.2415 41.0488 90.986 68.2968 40.5009 56.3028 25.0799 75.7534 50.5964 38.2753 13.0384 86.8362 37.5899 37.0014 57.5804 60.8303 37.3518 61.0328 29.1548 50.4168 4.12311 45.2548 59.5245 39.2046 62.3388 60.1399 10.6301 0.0 28.178 21.8403 19.6469 22.0868 9.21954 48.5077 76.0859 64.2982 87.2846 19.7231 76.3823 44.1022 57.8985 82.4045 74.4322 76.544 40.8534 46.6905 34.5942 22.561 51.6081 38.0592 
54.219 100.182 78.6014 96.0967 3.16228 35.5106 110.944 41.4367 38.5954 93.0365 20.2237 64.285 94.7629 102.334 102.121 76.2955 46.8188 104.332 80.2309 52.3927 6.08276 19.4165 95.8617 88.7987 39.4588 84.3801 51.1957 70.406 41.5933 61.0 39.8497 88.6955 65.7647 26.9258 66.3483 55.4437 51.7094 89.0566 52.0384 57.3671 27.5136 45.2769 49.2443 64.6297 64.1249 62.075 33.541 28.178 0.0 46.5296 47.5395 49.9608 32.7567 72.0069 99.5603 84.3718 89.1861 8.544 69.857 24.8395 76.4178 108.666 64.846 92.6873 68.942 74.0405 29.4279 8.544 79.4821 51.3129 
44.6203 70.342 71.3512 91.8371 49.6488 69.0356 85.8429 62.2559 21.2603 58.6941 27.8568 44.8075 105.757 75.3127 82.0061 90.7411 48.1524 78.0897 36.8782 7.07107 52.345 62.1289 86.4262 66.0 51.225 45.2217 5.65685 86.2786 72.3507 16.5529 9.43398 88.3217 26.8328 58.8322 52.7739 71.5052 41.2508 50.2195 7.81025 60.7962 20.0998 55.9017 70.2486 18.1108 72.7182 70.5193 13.0384 21.8403 46.5296 0.0 11.1803 24.0416 14.0 26.6833 72.9932 62.0322 97.2035 38.2099 86.977 65.6201 55.6334 77.7946 85.1469 74.2789 27.0185 28.6531 56.5725 43.0116 47.2969 48.4387 
33.6344 60.407 60.3653 80.8512 50.6952 64.1327 75.3127 55.0364 14.3178 49.7393 31.8904 33.8216 100.661 65.0 71.0333 82.1308 39.5421 67.6831 32.6956 9.21954 52.811 60.407 75.4402 55.0458 43.4166 38.2099 9.21954 77.6686 65.8027 24.7588 8.48528 77.3358 19.105 54.4518 41.788 63.068 30.2648 43.1393 17.8885 51.4063 20.1246 47.4591 62.6498 21.9317 64.1079 61.909 16.2788 19.6469 47.5395 11.1803 0.0 13.0 16.2788 32.7567 62.5859 51.0472 86.2175 39.0 78.3904 63.0317 44.6475 68.1542 76.8655 63.293 21.4709 27.1662 50.2195 42.2019 37.3363 39.2201 
25.3093 52.8059 52.0402 72.5261 53.0476 58.0 67.1234 46.4085 12.7279 43.5864 38.0789 25.4965 92.3356 56.9974 62.7082 81.9048 37.7243 59.5949 35.0143 21.6333 54.7476 58.1893 67.1152 46.7207 34.4038 35.8469 21.9545 76.4649 58.4209 37.2022 18.0278 69.0107 19.0263 49.2544 33.4629 63.1706 21.9398 40.2492 30.8707 43.0812 24.6982 48.4694 53.5895 32.6497 63.3564 61.2333 24.7386 22.0868 49.9608 24.0416 13.0 0.0 24.0416 43.9318 54.5099 42.7221 77.8924 41.6193 77.4417 59.6657 36.3224 60.8284 76.9779 54.9679 24.0832 33.2415 44.0114 43.6847 30.032 30.895 
42.4439 75.1666 77.282 97.7937 35.9026 55.9464 89.4841 55.0881 14.1421 65.4599 15.6205 47.8572 98.9338 79.358 85.0689 83.8817 41.3293 81.9556 48.3735 19.6469 38.4708 48.1664 93.5273 69.0814 44.0572 54.4885 18.4391 79.3097 59.3536 29.8329 7.81025 90.3925 35.3836 45.6946 60.1216 64.3866 39.8931 59.4138 20.6155 53.9731 6.32456 48.8111 63.0808 32.0624 65.8951 63.6962 1.41421 9.21954 32.7567 14.0 16.2788 24.0416 0.0 40.4475 76.8706 65.0828 90.8409 24.3311 79.9386 51.788 58.6831 83.1865 77.9885 77.3286 37.4433 41.4367 43.3513 29.0172 52.3546 41.6156 
60.4699 74.4312 87.0089 106.85 75.0267 95.6775 92.0706 87.6584 46.5188 60.075 52.1536 60.2163 127.496 80.895 92.0489 117.065 72.291 84.0119 30.0666 23.7065 78.0 88.5664 100.648 76.5506 76.1577 43.0 24.1661 110.418 97.9185 11.0454 35.7351 103.345 33.1059 85.474 68.4315 95.817 57.1004 47.0956 20.025 78.2418 46.6905 80.208 95.3834 11.3137 98.517 96.3939 39.3192 48.5077 72.0069 26.6833 32.7567 43.9318 40.4475 0.0 79.2465 73.5391 112.109 64.0312 111.139 92.228 69.3542 80.025 109.614 86.1626 28.4605 20.025 82.1403 69.3542 54.1202 66.0556 
45.8911 7.2111 42.45 43.9659 101.673 91.2688 13.0 74.4382 67.011 21.095 92.1974 35.805 71.5891 2.82843 16.4012 72.111 59.4604 5.09902 50.5964 67.3647 101.515 101.445 34.7851 13.4164 65.8479 37.6962 68.469 72.7906 87.7889 79.0569 69.9376 45.3982 48.0 87.0454 38.2884 69.3697 48.2753 35.3553 77.2334 47.1699 78.781 62.9682 76.209 70.2567 56.0446 60.1893 77.3482 76.0859 99.5603 72.9932 62.5859 54.5099 76.8706 79.2465 0.0 17.2047 53.9351 95.3431 74.865 99.7711 25.4951 12.1655 78.8543 18.1108 51.2445 59.439 80.6736 91.0166 26.0192 51.4283 
30.7026 20.8806 27.0185 36.2353 86.484 74.0945 26.9258 57.3062 55.2233 26.2488 80.4096 20.2485 61.327 20.0 20.025 58.3119 42.2558 21.2132 48.4149 57.4282 86.055 84.2409 28.3196 4.47214 48.6433 37.5366 58.3095 58.0 70.6649 71.0634 58.1498 34.8855 40.4969 69.8408 21.2132 53.1565 33.0868 37.4433 67.4759 30.0167 66.9932 45.793 59.0851 63.2456 40.3113 43.9762 65.5605 64.2982 84.3718 62.0322 51.0472 42.7221 65.0828 73.5391 17.2047 0.0 43.8292 80.1546 60.0083 82.5665 8.60233 28.6356 63.3877 12.6491 45.1885 55.0727 63.469 75.8281 20.6155 36.2397 
62.6755 60.6383 38.3833 11.4018 90.3549 63.6946 53.0848 49.2443 76.5946 69.857 95.8174 52.2828 17.72 55.5788 40.0 23.6008 49.7127 54.231 90.2347 93.0246 88.6848 80.7775 20.025 44.0114 50.2821 80.7094 93.7453 27.5862 57.2713 107.858 88.6131 8.94427 79.4045 65.7343 46.5275 36.0555 65.0597 81.1234 102.965 51.0196 89.9796 44.2016 44.0114 101.675 25.1799 31.0689 91.9522 87.2846 89.1861 97.2035 86.2175 77.8924 90.8409 112.109 53.9351 43.8292 0.0 86.2948 29.6985 76.844 43.4818 65.4905 36.1248 35.9026 84.8311 95.3205 60.8276 81.0689 63.2456 56.6504 
50.0018 93.9146 74.4554 93.2476 11.7047 38.1838 106.727 40.4969 30.2539 84.695 13.4164 60.0678 93.1719 98.1165 97.9039 75.2861 42.6019 100.114 71.6938 43.9318 14.1421 25.2982 93.8384 84.5814 36.0562 76.0066 42.7551 69.5701 43.4166 53.0848 31.3209 85.8464 57.3062 28.4253 62.1311 54.1202 47.4921 80.7094 44.0114 53.2692 18.9737 42.107 48.8467 56.3205 61.342 59.2259 25.1794 19.7231 8.544 38.2099 39.0 41.6193 24.3311 64.0312 95.3431 80.1546 86.2948 0.0 69.2892 29.9666 72.2005 101.937 64.8845 88.47 60.4152 65.521 29.0689 7.07107 71.1406 47.0957 
64.6319 80.3057 33.0 40.0 70.214 38.1182 77.7946 28.7924 65.7647 85.2877 79.6833 56.0556 26.3059 77.2055 64.5136 7.28011 40.0 76.717 97.3274 87.551 67.7422 57.0 46.5296 62.2013 36.4005 91.4463 87.3319 2.23607 31.1448 102.787 77.7946 33.6155 83.4168 43.4166 47.2989 15.8114 55.5027 93.2151 94.7629 36.771 79.0773 31.1448 20.6155 100.176 20.3961 22.6155 81.0499 76.3823 69.857 86.977 78.3904 77.4417 79.9386 111.139 74.865 60.0083 29.6985 69.2892 0.0 52.0865 55.3263 87.0276 6.7082 57.5019 89.2186 99.366 40.5216 62.9365 74.5437 46.9854 
56.4358 102.734 65.318 84.12 23.3452 14.0 108.209 28.178 49.2593 98.8383 43.382 67.0078 78.3135 102.562 97.7874 59.2115 44.8219 103.587 94.2019 70.1142 19.8494 5.83095 89.9964 86.5652 33.9706 95.3741 69.1809 53.2353 21.0 81.5843 57.1402 76.7188 78.4474 12.7279 62.0176 40.8044 55.0364 99.5073 72.3671 53.0377 45.5412 37.6431 32.9848 83.2947 53.2259 51.1935 52.9528 44.1022 24.8395 65.6201 63.0317 59.6657 51.788 92.228 99.7711 82.5665 76.844 29.9666 52.0865 0.0 74.57 110.924 46.0 88.3535 82.8734 90.1388 19.105 23.4094 84.5281 51.8652 
22.7485 28.178 22.8035 37.8021 78.53 66.242 35.5106 49.6588 51.393 30.0167 74.0099 12.1655 60.5733 28.3196 27.6586 54.5711 34.2593 29.7321 46.7547 51.4198 78.101 76.2444 31.305 13.0384 40.6468 37.5899 52.1728 53.4603 63.1585 65.7875 51.7501 34.7131 36.3593 61.8443 12.8062 46.5312 25.1327 38.6264 61.3922 22.4722 60.5935 38.0132 51.923 58.6003 35.0571 38.0555 59.1608 57.8985 76.4178 55.6334 44.6475 36.3224 58.6831 69.3542 25.4951 8.60233 43.4818 72.2005 55.3263 74.57 0.0 36.3593 58.0 19.0263 41.6173 52.0096 55.4725 67.874 20.1246 28.2857 
54.9972 8.48528 54.5711 55.109 110.779 102.577 16.2788 85.8836 73.3296 20.025 97.9495 45.2769 83.0241 10.0 26.2488 84.214 70.6128 11.4018 50.1597 71.5681 110.622 111.452 45.8912 25.2982 77.0003 37.054 72.8011 84.9402 99.2824 81.4985 76.0592 57.1402 51.4198 98.1978 49.0918 81.3943 57.3149 33.3766 81.0247 58.5918 84.7307 74.3034 87.7037 72.2496 68.1542 72.214 83.6301 82.4045 108.666 77.7946 68.1542 60.8284 83.1865 80.025 12.1655 28.6356 65.4905 101.937 87.0276 110.924 36.3593 0.0 91.0055 30.0 53.4603 60.0083 91.826 100.123 30.8707 60.5344 
52.6039 84.0119 36.4966 46.0977 65.0 32.0 82.7861 24.6982 63.8905 88.0057 75.8024 57.2713 32.7567 81.2528 69.5412 13.9284 39.3573 81.1348 98.2854 86.0261 62.3699 51.0882 52.1536 65.9242 33.9706 92.7631 85.8021 8.60233 25.0 101.213 75.8222 39.4081 83.101 38.0789 48.6621 13.8924 55.0389 95.0368 92.957 37.855 71.7203 29.4109 16.1245 98.6508 23.0868 24.0907 79.0999 74.4322 64.846 85.1469 76.8655 76.9779 77.9885 109.614 78.8543 63.3877 36.1248 64.8845 6.7082 46.0 58.0 91.0055 0.0 62.5613 88.8295 98.9022 35.8469 58.3095 76.531 46.5215 
41.7479 24.7386 26.4447 26.4008 94.3996 79.6163 21.095 62.777 70.3924 35.2278 92.6555 31.1448 53.6004 20.0 9.43398 54.3323 48.0458 19.2354 60.4649 69.8713 93.5726 89.8902 17.4929 10.0 54.3967 48.9183 70.7107 55.3192 74.3867 83.678 70.3957 27.2947 53.1413 75.6295 29.1548 53.7351 44.1321 48.1041 79.9062 35.5148 79.239 51.3252 60.9981 75.8947 39.9625 44.559 77.8063 76.544 92.6873 74.2789 63.293 54.9679 77.3286 86.1626 18.1108 12.6491 35.9026 88.47 57.5019 88.3535 19.0263 30.0 62.5613 0.0 57.7754 67.5352 69.2515 84.1435 32.7567 54.9835 
36.6742 47.0106 60.959 79.404 72.0902 82.0244 64.195 70.3052 33.7343 33.541 53.0094 34.0588 100.807 53.0848 63.6003 91.2746 49.6488 56.1427 11.4018 20.0 74.0945 80.9175 72.7186 48.1041 58.1404 18.3576 21.4009 87.8384 82.4924 28.0713 29.6816 76.0672 5.83095 73.0616 42.8019 75.029 33.8378 23.3238 28.2312 52.4509 41.5933 60.4401 76.6551 19.0263 72.7261 70.603 37.2022 40.8534 68.942 27.0185 21.4709 24.0832 37.4433 28.4605 51.2445 45.1885 84.8311 60.4152 89.2186 82.8734 41.6173 53.4603 88.8295 57.7754 0.0 10.6301 68.0074 63.2456 25.7099 42.5441 
47.0106 54.4518 71.5891 89.8109 77.201 90.4489 72.1803 79.5801 41.0 40.05 56.3649 44.6878 111.411 61.0 72.8011 101.874 59.6518 64.1327 10.4403 21.9317 79.555 87.5728 82.9277 57.6975 67.5753 23.0217 23.2594 98.4378 91.4112 23.2594 34.2053 86.5566 16.4012 81.0987 53.4135 85.098 43.8634 27.2947 26.8701 63.0503 46.5725 70.3969 86.6098 13.8924 83.3255 81.2024 40.8534 46.6905 74.0405 28.6531 27.1662 33.2415 41.4367 20.025 59.439 55.0727 95.3205 65.521 99.366 90.1388 52.0096 60.0083 98.9022 67.5352 10.6301 0.0 76.4199 69.2315 34.9285 52.7731 
38.0789 83.6366 48.1401 68.0374 30.0666 14.0357 89.1067 12.0416 35.9026 80.6231 40.6079 48.6946 65.3758 83.4645 78.6854 46.8722 25.807 84.4897 79.0253 58.5527 28.0179 21.095 72.8185 67.4677 14.8661 78.4474 57.9786 41.0 16.1245 72.8656 47.2626 60.6361 63.0317 6.40312 42.9201 26.0768 37.3631 82.2253 63.7246 33.9706 37.0914 18.868 19.9249 71.845 36.1386 34.0156 44.6894 34.5942 29.4279 56.5725 50.2195 44.0114 43.3513 82.1403 80.6736 63.469 60.8276 29.0689 40.5216 19.105 55.4725 91.826 35.8469 69.2515 68.0074 76.4199 0.0 22.4722 66.4831 33.121 
45.6753 91.6386 70.0775 88.0217 10.8167 31.1127 102.4 34.2053 32.3193 87.0735 20.2485 55.7413 87.2983 93.79 93.5774 69.1231 38.2753 95.7878 74.6324 48.1664 11.4018 19.2354 87.3379 80.2549 31.1448 78.104 47.0956 63.3246 36.4005 58.5491 35.2278 80.6205 59.6298 21.4009 57.8046 48.0521 43.1656 82.7805 49.366 48.864 23.0217 37.054 42.3792 61.0082 56.0089 54.0 30.0666 22.561 8.544 43.0116 42.2019 43.6847 29.0172 69.3542 91.0166 75.8281 81.0689 7.07107 62.9365 23.4094 67.874 100.123 58.3095 84.1435 63.2456 69.2315 22.4722 0.0 72.6862 42.7691 
28.4605 23.0868 42.72 56.5862 82.569 79.404 39.0128 64.2972 42.5332 14.4222 67.153 20.2237 80.35 28.1603 37.9473 74.3303 42.0938 31.0644 27.8029 41.4367 83.1851 84.229 48.9183 22.8254 52.8962 17.4929 42.5793 72.782 77.7665 53.1507 45.1885 54.4059 22.0227 72.6154 28.0179 64.0312 29.5296 18.6815 51.2445 39.0128 53.9343 52.6534 68.1836 44.5533 54.1511 56.4518 52.7731 51.6081 79.4821 47.2969 37.3363 30.032 52.3546 54.1202 26.0192 20.6155 63.2456 71.1406 74.5437 84.5281 20.1246 30.8707 76.531 32.7567 25.7099 34.9285 66.4831 72.6862 0.0 34.0336 
