NAME  : Jabali_70_2_0.93_1_4
TYPE : SVRP
MODEL : FINITE_SUPPORT
NUMBER_OF_SCENARIOS : 200
DIMENSION : 70
EDGE_WEIGHT_TYPE : MATRIX
CAPACITY : 190
N_VEHICLES : 2
NODE_COORD_SECTION
1 3425 4207
2 2815 457
3 5793 8497
4 5780 2921
5 3429 3579
6 3821 4574
7 1629 2948
8 3120 235
9 3351 1596
10 2972 871
11 6272 8286
12 2318 2190
13 780 7157
14 6004 2945
15 4354 4850
16 2314 6724
17 1345 1354
18 4296 8197
19 1177 3048
20 639 3675
21 492 4227
22 4842 1579
23 5184 3915
24 5470 7472
25 7944 2324
26 5179 7287
27 2274 5274
28 2187 3752
29 7598 3152
30 4989 2364
31 2440 18
32 2723 2393
33 1835 7321
34 2395 5450
35 3863 3200
36 206 6747
37 4292 7784
38 7779 3423
39 1772 5308
40 4312 6021
41 3041 5730
42 7502 5311
43 31 5511
44 2922 5978
45 2694 6720
46 3873 7783
47 4643 5040
48 4556 4837
49 6885 5827
50 4411 8090
51 3871 4700
52 835 4052
53 5484 5358
54 1855 1692
55 3791 527
56 3170 2017
57 1899 4236
58 3679 443
59 1894 2872
60 3846 6068
61 27 4544
62 3351 4324
63 4689 8976
64 5296 3596
65 3449 7779
66 2427 4763
67 1798 4652
68 6014 6923
69 2411 4461
70 3981 1873
DEMAND_SECTION
1 0.0
2 1.0
3 10.0
4 2.0
5 1.0
6 10.0
7 9.0
8 2.0
9 8.0
10 5.0
11 4.0
12 7.0
13 6.0
14 1.0
15 3.0
16 10.0
17 6.0
18 9.0
19 3.0
20 9.0
21 7.0
22 8.0
23 2.0
24 10.0
25 7.0
26 6.0
27 6.0
28 1.0
29 3.0
30 1.0
31 3.0
32 4.0
33 1.0
34 8.0
35 1.0
36 5.0
37 7.0
38 8.0
39 7.0
40 2.0
41 1.0
42 10.0
43 5.0
44 9.0
45 8.0
46 9.0
47 3.0
48 3.0
49 9.0
50 9.0
51 1.0
52 4.0
53 4.0
54 2.0
55 2.0
56 2.0
57 1.0
58 7.0
59 10.0
60 6.0
61 3.0
62 6.0
63 9.0
64 3.0
65 3.0
66 1.0
67 4.0
68 7.0
69 1.0
70 7.0
DEVIATION_SECTION
1 0.0
2 0.333333
3 3.33333
4 0.666667
5 0.333333
6 3.33333
7 3.0
8 0.666667
9 2.66667
10 1.66667
11 1.33333
12 2.33333
13 2.0
14 0.333333
15 1.0
16 3.33333
17 2.0
18 3.0
19 1.0
20 3.0
21 2.33333
22 2.66667
23 0.666667
24 3.33333
25 2.33333
26 2.0
27 2.0
28 0.333333
29 1.0
30 0.333333
31 1.0
32 1.33333
33 0.333333
34 2.66667
35 0.333333
36 1.66667
37 2.33333
38 2.66667
39 2.33333
40 0.666667
41 0.333333
42 3.33333
43 1.66667
44 3.0
45 2.66667
46 3.0
47 1.0
48 1.0
49 3.0
50 3.0
51 0.333333
52 1.33333
53 1.33333
54 0.666667
55 0.666667
56 0.666667
57 0.333333
58 2.33333
59 3.33333
60 2.0
61 1.0
62 2.0
63 3.0
64 1.0
65 1.0
66 0.333333
67 1.33333
68 2.33333
69 0.333333
70 2.33333
DISTANCE_MATRIX
0.0 51.9883 66.0547 36.4005 9.43398 7.28011 27.5211 54.6347 36.622 46.5684 67.7894 29.8827 53.7587 38.4187 15.2971 37.0 46.1411 55.3232 30.1982 42.0185 40.1715 41.1096 23.6008 51.994 66.4831 48.2042 20.2485 19.105 58.4123 33.2415 58.2503 25.8122 47.0956 20.6155 15.5242 55.4707 51.1818 59.6406 25.5539 26.2168 20.8806 55.5791 48.7955 23.5372 35.2278 50.5692 19.4165 17.2627 49.4983 55.6366 8.24621 37.3141 30.2237 38.8339 51.4611 30.6205 21.0238 52.8181 26.2488 25.3358 45.4576 1.0 67.0215 26.1725 49.2936 15.0 22.0227 52.5097 14.2127 33.541 
51.9883 0.0 117.331 51.923 48.9003 59.095 38.0526 4.47214 17.0294 5.65685 114.431 24.5153 94.6414 53.6004 64.0703 84.7585 23.3238 107.249 44.4072 51.2445 58.3095 31.0644 55.2268 102.723 74.1687 98.9491 65.4599 45.8912 74.3303 38.6005 7.61577 26.4008 93.4077 67.0671 39.78 92.0217 103.108 77.5242 66.7083 78.1431 71.5891 90.0777 77.3175 73.7902 84.309 101.823 67.2349 65.2276 88.6848 107.563 60.0088 55.0364 72.6964 21.3776 12.083 22.0227 52.7988 11.1803 35.1283 77.2621 64.9384 52.5875 118.948 53.2353 99.6633 58.1893 58.0517 94.1883 54.7083 24.1661 
66.0547 117.331 0.0 73.4098 74.5237 59.2571 93.5562 118.29 100.553 111.799 6.40312 95.8753 70.214 73.5391 62.4449 52.0096 112.151 19.6469 96.2333 91.0571 89.045 93.1372 61.9666 14.8661 86.209 18.0278 62.4495 82.3943 74.2428 82.3236 124.836 91.8048 55.7315 60.2174 81.4675 78.7718 22.0907 72.0625 66.9405 39.8409 53.396 46.0977 87.0919 50.7971 48.0937 27.2947 61.7057 61.3429 37.1214 20.8806 58.7075 86.3527 48.322 104.764 112.893 98.9502 77.9477 113.533 92.2942 43.8634 92.5743 65.7191 16.4012 65.1194 32.5576 68.2567 73.6196 22.3607 71.7808 94.3335 
36.4005 51.923 73.4098 0.0 34.2053 34.4384 57.5616 51.264 37.1214 47.0744 70.7107 47.2532 89.0 2.23607 32.7567 70.1807 62.3835 72.8354 60.896 72.0431 76.1212 22.4722 15.2971 60.0967 30.6105 59.1997 56.0803 51.8545 25.0 13.3417 59.4811 42.2305 80.3348 55.9464 29.5296 91.586 69.4622 27.4591 61.8547 47.1699 65.0452 39.1152 84.9588 62.4463 66.5181 71.0634 33.1361 32.3883 40.3609 73.6817 34.0147 73.2639 34.2345 54.7012 43.382 36.2641 55.9017 44.2832 56.9531 50.01 81.4073 37.2022 82.6599 11.4018 73.0274 51.4004 58.0517 51.0784 50.3289 28.2843 
9.43398 48.9003 74.5237 34.2053 0.0 15.6205 24.8053 51.5467 33.534 43.4804 78.024 26.7947 60.208 36.4005 22.8254 45.2769 43.0718 63.9863 27.4824 38.6295 43.083 33.9559 24.7386 60.463 64.8151 56.6732 27.074 18.4409 58.1808 27.7849 55.1623 22.7242 55.0364 28.0 7.07107 60.7711 59.8449 59.9333 31.0483 34.8799 30.0832 60.0 51.9528 32.573 43.9318 59.2323 26.8328 24.5967 54.7449 64.2996 16.4012 40.2257 35.4951 35.7459 49.4773 27.5325 22.5079 49.7301 23.5396 33.9989 48.3692 10.2956 75.6846 26.0 58.4009 20.3961 25.2181 57.781 18.0515 25.02 
7.28011 59.095 59.2571 34.4384 15.6205 0.0 34.796 60.2818 42.5444 53.6752 60.9917 36.9894 54.5619 36.2353 8.06226 35.6931 53.2665 48.5489 37.4731 46.7648 44.9177 43.1856 20.0 45.1963 63.4114 41.4065 22.0227 26.0 54.4518 34.0588 65.357 32.9189 46.0977 21.6333 20.2485 57.4282 44.4185 55.3173 28.2843 19.4165 18.0278 49.2837 52.8015 21.095 33.1361 43.8634 12.1655 10.0499 43.203 48.8774 1.0 42.0604 23.9284 45.9406 55.521 37.7272 26.9258 56.0194 33.5261 18.6815 50.2038 7.07107 60.2239 23.3238 43.9659 18.868 26.8328 46.2143 19.3132 37.3363 
27.5211 38.0526 93.5562 57.5616 24.8053 34.796 0.0 42.0 29.1548 34.0588 95.2909 14.3178 56.7186 59.7239 42.7482 54.1397 22.8035 79.9593 7.2111 14.7648 21.5407 46.2277 47.608 79.4955 88.1425 75.7057 34.9148 14.6047 81.0823 46.0037 41.9762 16.6433 57.5467 36.7699 31.2053 54.0 75.8503 83.332 31.995 53.7184 43.5689 81.8132 40.025 45.084 54.2626 72.8613 46.8701 44.6789 75.976 79.663 35.7496 17.4642 56.5798 18.0278 43.9318 24.1868 30.8072 43.7379 3.16228 58.0329 29.0689 27.8574 91.8688 49.3353 70.8222 27.8574 27.561 81.7211 24.2531 34.4093 
54.6347 4.47214 118.29 51.264 51.5467 60.2818 42.0 0.0 18.6011 8.24621 115.295 28.1603 98.4295 52.811 65.0295 87.9318 27.7849 108.611 48.1664 55.4437 62.514 29.6142 55.8032 103.682 72.0069 99.9082 68.6804 49.4975 72.8354 38.0789 9.05539 29.4109 96.7729 70.214 40.7392 96.0 105.754 76.1183 70.214 79.4707 74.2564 89.8999 81.4985 76.5572 87.3155 104.47 68.1941 66.1867 89.0449 110.209 60.6921 59.1354 73.6556 25.7099 9.05539 24.1868 56.4358 8.06226 39.0128 79.9085 69.2315 55.2339 120.259 53.535 102.44 61.4003 61.6604 95.0518 57.9741 24.4131 
36.622 17.0294 100.553 37.1214 33.534 42.5444 29.1548 18.6011 0.0 11.4018 97.653 15.2643 83.0241 39.0512 47.2921 70.6116 26.5707 90.8734 33.7722 43.8634 50.6952 20.1246 38.4708 85.9449 63.0635 82.1709 51.6236 34.2345 61.131 24.0 24.4131 13.1529 79.9062 52.9528 23.0018 81.7542 86.7904 64.0312 54.037 61.7333 56.2437 74.0 68.9638 58.5656 69.6419 86.4571 50.4567 48.4494 72.0069 91.2614 42.9547 46.4866 55.9182 19.7231 16.1245 6.08276 41.1947 16.2788 26.0 61.8958 58.1808 37.2211 102.522 36.7696 84.4273 44.4072 46.0435 77.4101 41.1947 9.05539 
46.5684 5.65685 111.799 47.0744 43.4804 53.6752 34.0588 8.24621 11.4018 0.0 108.899 20.025 90.2781 48.8365 58.5383 79.6994 22.6274 101.83 40.05 47.8539 54.9181 27.074 49.7393 97.1911 70.5762 93.417 60.4401 41.3038 70.0643 33.7343 13.0384 21.1896 88.5268 61.9839 34.248 88.0227 97.6882 73.171 61.9839 72.7232 66.1891 84.8646 73.8241 68.4471 79.1202 96.4036 61.7029 59.6955 83.2406 102.143 54.5889 51.3517 67.1644 18.7883 11.4018 16.4012 48.2597 10.8167 31.0161 71.8422 61.8466 47.1676 113.528 47.8539 94.3737 53.1601 53.4603 88.6562 49.7293 18.9737 
67.7894 114.431 6.40312 70.7107 78.024 60.9917 95.2909 115.295 97.653 108.899 0.0 96.711 75.1864 70.6612 60.3392 56.1427 113.886 25.0799 97.968 94.0981 92.086 91.022 59.8608 15.8114 81.6149 19.6469 65.4905 86.1928 69.7209 80.2122 121.936 92.6405 60.6383 63.2584 79.3617 83.5464 26.9258 67.3647 69.9815 41.5756 56.437 41.0122 91.0055 53.8381 52.0384 32.28 59.6 59.2371 32.7567 26.4008 60.4422 89.3937 46.2163 105.662 109.311 96.0504 80.9888 110.022 94.0289 45.8803 95.7556 67.4537 22.8035 63.0079 37.6431 71.2977 76.6607 20.5183 74.8218 91.0028 
29.8827 24.5153 95.8753 47.2532 26.7947 36.9894 14.3178 28.1603 15.2643 20.025 96.711 0.0 70.3033 49.302 44.8075 60.5392 17.4642 84.9096 20.025 28.7924 35.7351 34.0588 47.8885 81.8146 74.9489 78.0248 41.2311 21.3776 71.8472 34.7596 29.5466 6.0 68.9638 42.9535 33.8519 68.0661 80.7682 74.5617 42.2019 55.8032 48.6004 83.4304 54.3415 50.4777 60.3738 78.3489 48.9204 46.7132 77.9654 85.1506 37.9031 31.7805 58.6908 9.48683 29.6142 11.4018 28.29 29.4279 11.1803 54.9222 43.0813 30.4818 96.6079 46.1612 76.3191 34.0147 33.541 80.9767 30.4631 22.0227 
53.7587 94.6414 70.214 89.0 60.208 54.5619 56.7186 98.4295 83.0241 90.2781 75.1864 70.3033 0.0 90.7871 59.2393 22.0227 77.4919 50.636 50.2657 45.8803 39.8121 94.1488 74.4743 62.3939 117.868 58.6941 33.5261 49.0408 108.649 86.977 98.656 70.0 14.5602 33.2415 67.2681 9.21954 48.2701 110.436 29.2746 48.1041 38.6005 94.1732 24.7588 35.609 26.4008 42.9535 59.8834 59.9411 85.5833 49.4975 55.0798 41.1096 65.347 74.5252 99.0 77.0584 42.0476 99.0051 59.5399 42.5435 37.2022 52.811 59.0 77.8524 37.6563 39.8121 37.0 67.9433 42.4264 84.7172 
38.4187 53.6004 73.5391 2.23607 36.4005 36.2353 59.7239 52.811 39.0512 48.8365 70.6612 49.302 90.7871 0.0 34.2053 71.6876 64.4323 73.5527 63.0582 74.2053 78.2221 23.7065 16.7631 60.4401 28.4253 59.5474 57.9828 54.0167 22.8035 15.1327 61.131 44.2793 81.8418 57.8014 31.7648 93.4933 70.2567 25.318 63.8201 48.3897 66.5522 38.0132 87.046 63.9532 68.0251 72.0069 34.3658 33.7343 39.8246 74.4312 35.7771 75.3648 35.0571 56.7499 44.7772 38.3128 58.0517 45.6946 59.1154 51.4198 83.5083 39.2046 83.0612 13.0 74.108 53.4135 60.1415 51.264 52.4023 30.1496 
15.2971 64.0703 62.4449 32.7567 22.8254 8.06226 42.7482 65.0295 47.2921 58.5383 60.3392 44.8075 59.2393 34.2053 0.0 37.5048 61.0846 44.2354 45.4253 54.305 52.4579 45.607 17.4642 47.837 59.6825 44.0629 29.2603 34.0147 49.8197 35.5106 71.5754 40.737 47.6589 28.8087 26.1725 64.6127 40.1525 50.2602 35.5862 15.2971 32.3693 43.1656 60.2015 29.7704 33.8378 40.2616 4.12311 2.0 37.0848 44.6238 7.07107 49.6006 17.8102 53.7587 60.208 45.6895 34.6833 60.7454 41.4849 17.2627 57.744 15.1327 55.8837 21.3776 41.3038 26.3576 34.4008 40.0962 26.9737 41.6773 
37.0 84.7585 52.0096 70.1807 45.2769 35.6931 54.1397 87.9318 70.6116 79.6994 56.1427 60.5392 22.0227 71.6876 37.5048 0.0 73.2832 33.541 56.8167 43.9318 40.4969 78.0577 54.9266 41.9762 96.8733 38.0789 19.3132 39.8246 86.914 69.5845 90.0777 58.5235 10.4403 17.72 52.1536 28.6356 30.1496 87.7897 19.8494 26.1725 18.0278 72.2701 35.1283 14.8661 4.47214 25.4951 38.1488 38.2066 64.1353 32.7567 36.1273 39.0512 42.7005 67.3556 86.6833 64.5368 33.8378 86.885 52.8776 20.8087 42.1545 36.0 44.2719 58.7791 21.1896 26.5707 28.6007 46.8266 30.0832 70.2567 
46.1411 23.3238 112.151 62.3835 43.0718 53.2665 22.8035 27.7849 26.5707 22.6274 113.886 17.4642 77.4919 64.4323 61.0846 73.2832 0.0 99.4136 30.0 31.7805 38.4708 46.6154 63.0188 98.0904 89.56 94.3006 54.3691 34.059 86.977 49.8197 23.5372 23.3452 79.2689 56.2242 50.129 73.3485 95.3046 89.692 53.7172 72.3133 63.0233 98.5607 57.2189 64.5384 73.7169 92.3157 65.1975 62.9903 94.2425 99.1173 54.1802 36.4005 74.9679 8.06226 33.9706 26.1725 52.5294 33.3017 21.2132 77.2245 44.0114 46.6476 111.323 61.2915 90.2765 47.3117 49.2832 97.2539 43.7074 35.4401 
55.3232 107.249 19.6469 72.8354 63.9863 48.5489 79.9593 108.611 90.8734 101.83 25.0799 84.9096 50.636 73.5527 44.2354 33.541 99.4136 0.0 82.6364 74.9333 72.6154 89.431 58.6941 17.0 91.9239 15.5242 46.6476 66.5981 80.0625 78.8178 113.511 81.0733 36.2215 44.4185 68.7968 59.3043 4.24264 78.6448 50.5668 29.1548 37.5997 55.5428 68.593 35.0008 30.0832 8.06226 54.8727 43.8022 44.9444 1.41421 48.0208 70.2289 38.6394 93.1545 103.848 85.8817 62.1515 104.348 78.6972 31.1448 75.2861 54.9876 12.0416 62.5859 13.0384 52.4604 57.8014 26.5707 55.9845 85.4872 
30.1982 44.4072 96.2333 60.896 27.4824 37.4731 7.2111 48.1664 33.7722 40.05 97.968 20.025 50.2657 63.0582 45.4253 56.8167 30.0 82.6364 0.0 13.0384 18.4391 49.6796 50.2851 82.1726 91.4769 78.3828 37.5919 17.2818 84.4167 49.3934 48.7647 20.7114 64.9833 39.447 34.5397 48.1664 78.5274 86.0091 38.1455 56.3955 46.246 84.4903 35.4683 47.7611 56.9397 75.5384 49.5472 47.356 78.6531 82.3401 38.4267 13.6015 59.2569 25.0799 49.2544 28.3107 24.1868 49.163 9.48683 60.71 26.2488 30.5345 94.5459 52.0124 73.4993 30.5345 29.4398 84.3982 26.9302 38.0789 
42.0185 51.2445 91.0571 72.0431 38.6295 46.7648 14.7648 55.4437 43.8634 47.8539 94.0981 28.7924 45.8803 74.2053 54.305 43.9318 31.7805 74.9333 13.0384 0.0 7.07107 60.803 61.4323 78.7468 102.624 74.7488 29.1421 28.4289 95.5638 60.5405 54.037 31.3847 49.2037 31.2788 45.6868 41.5933 70.9464 97.1563 24.434 58.9448 42.1662 95.9781 26.0768 41.6833 45.8058 67.3546 58.3465 56.305 89.8973 74.4811 47.6497 5.0 70.6228 30.0167 58.2409 38.9487 23.2462 57.9741 17.8885 53.3345 14.3178 41.4008 86.5891 63.1595 64.0918 28.0 20.0 82.793 27.8062 49.0918 
40.1715 58.3095 89.045 76.1212 43.083 44.9177 21.5407 62.514 50.6952 54.9181 92.086 35.7351 39.8121 78.2221 52.4579 40.4969 38.4708 72.6154 18.4391 7.07107 0.0 67.1712 63.7593 76.7347 106.502 72.7367 27.2951 34.7734 98.5813 66.885 61.0082 38.0132 44.5533 29.4279 52.0313 34.9285 68.7095 99.7613 22.1359 57.0978 40.3191 94.1311 19.0263 39.8121 42.9418 64.8845 56.4995 54.4579 88.0503 72.0902 45.8026 5.0 68.7757 37.054 65.2534 45.618 21.3992 65.0 24.6982 51.4874 7.81025 39.5537 84.0952 66.3037 61.2944 26.1529 18.1529 80.9459 25.9592 55.5698 
41.1096 31.0644 93.1372 22.4722 33.9559 43.1856 46.2277 29.6142 20.1246 27.074 91.022 34.0588 94.1488 23.7065 45.607 78.0577 46.6154 89.431 49.6796 60.803 67.1712 0.0 31.3847 79.6338 43.566 77.8819 60.8276 48.507 43.2897 10.8167 38.3275 29.7321 88.2043 61.5224 26.9258 94.7269 85.7593 46.5296 65.0047 60.8769 61.0737 61.5873 85.2683 64.0312 76.0066 85.8662 47.7598 46.1736 62.2896 90.137 43.2897 62.6411 51.4296 39.8246 21.1896 22.6716 55.0287 22.1359 43.2782 61.6604 74.9039 42.107 99.9388 28.0179 86.6833 54.3415 59.1739 70.7885 52.0073 12.0416 
23.6008 55.2268 61.9666 15.2971 24.7386 20.0 47.608 55.8032 38.4708 49.7393 59.8608 47.8885 74.4743 16.7631 17.4642 54.9266 63.0188 58.6941 50.2851 61.4323 63.7593 31.3847 0.0 48.4632 43.4166 46.8514 42.0119 41.2311 34.8281 20.5913 62.7694 42.8658 65.0807 41.6173 23.0217 77.4209 55.109 36.0555 48.1664 32.0156 49.7911 36.4966 72.2496 47.1922 51.264 56.3205 18.0 17.1172 33.541 59.439 19.4165 60.902 20.2485 55.3364 49.5177 36.8993 44.4185 50.2494 46.3423 34.7131 69.0454 24.2074 68.9499 4.0 58.0086 38.2099 45.607 39.6179 37.8021 31.4006 
51.994 102.723 14.8661 60.0967 60.463 45.1963 79.4955 103.682 85.9449 97.1911 15.8114 81.8146 62.3939 60.4401 47.837 41.9762 98.0904 17.0 82.1726 78.7468 76.7347 79.6338 48.4632 0.0 76.1643 4.0 50.1392 70.3974 64.195 68.8202 110.228 77.7441 47.927 47.9071 66.8595 70.214 16.2788 62.514 54.6302 25.7802 41.0858 38.6264 76.2365 38.4868 37.6563 21.2603 47.0978 46.7349 28.1603 18.3576 44.6468 74.0425 30.3822 90.7658 98.2848 84.3423 65.6375 98.9249 78.2334 30.0865 80.4044 51.6583 23.0217 51.6161 26.4008 55.9464 61.3094 10.0499 59.4705 79.7256 
66.4831 74.1687 86.209 30.6105 64.8151 63.4114 88.1425 72.0069 63.0635 70.5762 81.6149 74.9489 117.868 28.4253 59.6825 96.8733 89.56 91.9239 91.4769 102.624 106.502 43.566 43.4166 76.1643 0.0 76.531 85.4283 82.4354 12.0 40.3113 81.0247 69.9262 107.007 85.0115 59.9083 120.816 89.451 14.3178 91.5478 77.3416 91.7378 41.0 115.261 89.1388 93.2022 92.4545 59.0422 58.6793 49.0918 93.0591 62.8013 103.644 56.648 82.2192 63.0 63.9062 86.4523 64.0 83.2998 76.3227 111.788 67.2086 99.0808 40.3609 95.6033 81.3941 88.3912 66.1211 80.6102 54.1202 
48.2042 98.9491 18.0278 59.1997 56.6732 41.4065 75.7057 99.9082 82.1709 93.417 19.6469 78.0248 58.6941 59.5474 44.0629 38.0789 94.3006 15.5242 78.3828 74.7488 72.7367 77.8819 46.8514 4.0 76.531 0.0 46.1412 66.6076 64.6297 67.2416 106.454 73.9543 44.2832 43.9091 61.6514 66.4078 13.8924 63.1506 50.6322 21.9903 37.0877 40.2492 72.2496 34.4888 33.7343 18.4391 43.3237 42.9608 29.5466 16.7631 40.857 70.0444 26.6081 86.9133 94.5107 80.5682 61.6394 95.1509 74.4436 26.2488 76.4063 47.8685 23.5372 50.6457 23.3452 51.9484 57.3114 11.1803 55.4725 75.9515 
20.2485 65.4599 62.4495 56.0803 27.074 22.0227 34.9148 68.6804 51.6236 60.4401 65.4905 41.2311 33.5261 57.9828 29.2603 19.3132 54.3691 46.6476 37.5919 29.1421 27.2951 60.8276 42.0119 50.1392 85.4283 46.1412 0.0 20.8087 76.4146 53.4509 70.7743 39.2938 28.2843 2.23607 34.1321 35.5106 42.5442 77.2335 6.7082 30.3372 13.0384 70.9335 31.7648 12.6491 19.4165 39.4081 33.3019 31.2603 69.4953 46.3249 22.6745 24.4378 45.5781 48.1307 67.7422 45.5412 15.6205 67.897 33.6528 24.7268 32.0624 19.3132 58.5235 45.2217 36.7967 7.28011 11.1803 54.1853 10.7703 52.0096 
19.105 45.8912 82.3943 51.8545 18.4409 26.0 14.6047 49.4975 34.2345 41.3038 86.1928 21.3776 49.0408 54.0167 34.0147 39.8246 34.059 66.5981 17.2818 28.4289 34.7734 48.507 41.2311 70.3974 82.4354 66.6076 20.8087 0.0 75.3752 46.0826 50.6562 21.095 47.7598 22.8035 25.4982 47.521 62.4891 76.9415 20.8806 44.6203 30.8058 74.6726 37.1555 31.8904 40.2244 59.5001 38.0526 36.0139 68.5938 66.3018 27.0 30.2433 49.3192 27.8206 50.04 28.4429 7.0 50.01 13.3427 44.6717 42.5062 19.0263 78.5076 42.9418 57.3149 14.1421 12.1655 72.623 10.6301 37.3363 
58.4123 74.3303 74.2428 25.0 58.1808 54.4518 81.0823 72.8354 61.131 70.0643 69.7209 71.8472 108.649 22.8035 49.8197 86.914 86.977 80.0625 84.4167 95.5638 98.5813 43.2897 34.8281 64.195 12.0 64.6297 76.4146 75.3752 0.0 37.2156 81.6149 66.8245 97.3629 75.963 54.231 111.767 77.666 3.60555 82.7345 66.2554 81.7785 29.4109 107.056 79.1796 83.243 80.9543 49.083 48.7201 37.1214 81.2158 53.7401 95.724 45.618 79.2951 64.1327 60.858 79.0569 65.1153 80.4738 66.3635 103.867 59.0339 87.0919 32.45 84.1281 73.0 80.4301 54.1479 72.6223 52.0865 
33.2415 38.6005 82.3236 13.3417 27.7849 34.0588 46.0037 38.0789 24.0 33.7343 80.2122 34.7596 86.977 15.1327 35.5106 69.5845 49.8197 78.8178 49.3934 60.5405 66.885 10.8167 20.5913 68.8202 40.3113 67.2416 53.4509 46.0826 37.2156 0.0 46.1736 29.7368 79.9062 53.8516 21.4009 88.2383 75.1636 40.05 58.3095 50.8035 52.0865 51.8845 79.5945 55.1453 67.1863 75.7165 37.3631 35.9026 51.8556 79.5239 34.0147 62.3549 40.7185 42.2019 30.5287 23.7697 50.1495 31.3847 43.1104 52.0865 74.6178 34.2053 89.3197 17.2047 76.7919 47.5395 52.8598 59.9749 45.618 15.0333 
58.2503 7.61577 124.836 59.4811 55.1623 65.357 41.9762 9.05539 24.4131 13.0384 121.936 29.5466 98.656 61.131 71.5754 90.0777 23.5372 113.511 48.7647 54.037 61.0082 38.3275 62.7694 110.228 81.0247 106.454 70.7743 50.6562 81.6149 46.1736 0.0 32.45 98.3577 72.4983 47.285 95.4254 109.37 84.8528 71.5199 84.4051 77.6981 97.6934 80.0 79.7559 89.8999 107.651 74.74 72.7326 96.2549 113.825 66.2707 58.2151 80.2015 24.1868 18.1108 29.0 57.5612 17.1172 39.2938 83.5241 67.1193 58.8495 125.21 60.8276 105.621 63.561 62.8143 101.693 60.0083 31.7805 
25.8122 26.4008 91.8048 42.2305 22.7242 32.9189 16.6433 29.4109 13.1529 21.1896 92.6405 6.0 70.0 44.2793 40.737 58.5235 23.3452 81.0733 20.7114 31.3847 38.0132 29.7321 42.8658 77.7441 69.9262 73.9543 39.2938 21.095 66.8245 29.7368 32.45 0.0 67.4685 40.8044 29.7814 68.6098 76.9319 69.539 41.1947 51.967 45.2769 78.4077 55.9732 47.4131 57.9396 75.3152 44.8499 42.6427 73.8949 81.3867 33.8326 33.6155 54.6203 15.2971 29.0 7.61577 28.0713 29.0172 13.6015 51.0859 45.6508 26.4113 92.7717 41.1385 73.2854 32.0156 33.0 76.9062 28.6356 17.8045 
47.0956 93.4077 55.7315 80.3348 55.0364 46.0977 57.5467 96.7729 79.9062 88.5268 60.6383 68.9638 14.5602 81.8418 47.6589 10.4403 79.2689 36.2215 64.9833 49.2037 44.5533 88.2043 65.0807 47.927 107.007 44.2832 28.2843 47.7598 97.3629 79.9062 98.3577 67.4685 0.0 27.074 62.0081 23.0868 33.7343 96.8903 26.9258 35.805 28.4605 81.7942 34.5398 25.2982 13.8924 28.4429 48.3011 48.3607 71.359 35.1283 46.5363 44.2041 51.8011 75.5221 96.026 73.8241 41.2311 96.1769 61.0441 30.8869 44.4072 46.0977 45.1774 68.9332 23.1948 35.5106 35.8469 53.7189 38.833 80.0562 
20.6155 67.0671 60.2174 55.9464 28.0 21.6333 36.7699 70.214 52.9528 61.9839 63.2584 42.9535 33.2415 57.8014 28.8087 17.72 56.2242 44.4185 39.447 31.2788 29.4279 61.5224 41.6173 47.9071 85.0115 43.9091 2.23607 22.8035 75.963 53.8516 72.4983 40.8044 27.074 0.0 35.0143 35.805 40.3121 76.7819 8.24621 28.1051 11.0 75.3981 33.1059 10.4403 17.4929 37.2022 32.8502 30.8087 67.2632 44.1022 22.2229 26.5745 45.2983 49.9858 69.0507 46.8722 17.8045 69.2315 35.5078 22.4948 34.0147 19.6469 56.3028 44.9444 34.6554 8.94427 13.4164 51.9533 12.53 53.0094 
15.5242 39.78 81.4675 29.5296 7.07107 20.2485 31.2053 40.7392 23.0018 34.248 79.3617 33.8519 67.2681 31.7648 26.1725 52.1536 50.129 68.7968 34.5397 45.6868 52.0313 26.9258 23.0217 66.8595 59.9083 61.6514 34.1321 25.4982 54.231 21.4009 47.285 29.7814 62.0081 35.0143 0.0 67.8284 64.6607 56.3028 38.1062 39.6611 36.4005 59.4138 59.01 39.0512 50.636 64.0485 29.8329 27.6586 55.3624 69.1158 20.8087 47.5012 36.8328 42.8031 35.9784 21.3992 29.5651 36.4768 30.5968 38.8151 59.764 16.4924 80.4688 23.1948 64.1066 27.4591 32.2754 59.1188 25.1087 18.1108 
55.4707 92.0217 78.7718 91.586 60.7711 57.4282 54.0 96.0 81.7542 88.0227 83.5464 68.0661 9.21954 93.4933 64.6127 28.6356 73.3485 59.3043 48.1664 41.5933 34.9285 94.7269 77.4209 70.214 120.816 66.4078 35.5106 47.521 111.767 88.2383 95.4254 68.6098 23.0868 35.805 67.8284 0.0 56.7186 112.586 29.9666 53.8737 43.1856 101.167 17.4929 40.4599 33.1059 51.4782 65.6033 66.6127 92.9046 58.2151 58.0269 37.2156 71.0669 71.2531 97.4174 75.9539 40.6079 97.3293 57.0088 48.2634 30.8707 54.5894 68.0294 80.7094 46.2709 40.7185 36.1386 75.3662 42.72 84.4038 
51.1818 103.108 22.0907 69.4622 59.8449 44.4185 75.8503 105.754 86.7904 97.6882 26.9258 80.7682 48.2701 70.2567 40.1525 30.1496 95.3046 4.24264 78.5274 70.9464 68.7095 85.7593 55.109 16.2788 89.451 13.8924 42.5442 62.4891 77.666 75.1636 109.37 76.9319 33.7343 40.3121 64.6607 56.7186 0.0 76.4003 46.6154 25.0599 33.4908 54.1202 65.2763 30.8918 26.4764 5.38516 51.2185 39.7192 43.382 4.47214 43.909 66.242 35.2278 89.0456 99.7647 81.7403 58.0425 100.265 74.5882 26.9072 71.5681 50.8462 16.2788 59.0339 10.7703 48.3514 53.7122 25.0599 51.8755 81.4042 
59.6406 77.5242 72.0625 27.4591 59.9333 55.3173 83.332 76.1183 64.0312 73.171 67.3647 74.5617 110.436 25.318 50.2602 87.7897 89.692 78.6448 86.0091 97.1563 99.7613 46.5296 36.0555 62.514 14.3178 63.1506 77.2335 76.9415 3.60555 40.05 84.8528 69.539 96.8903 76.7819 56.3028 112.586 76.4003 0.0 83.5594 65.7827 83.5661 26.6833 108.074 80.9671 83.4375 79.9852 49.521 49.1582 35.0 79.8311 54.5619 96.9039 45.2769 82.0096 67.4685 63.5725 80.455 68.4471 82.0663 70.2394 105.047 60.2163 85.2877 34.0 83.3613 74.027 81.6088 52.469 73.8173 55.0091 
25.5539 66.7083 66.9405 61.8547 31.0483 28.2843 31.995 70.214 54.037 61.9839 69.9815 42.2019 29.2746 63.8201 35.5862 19.8494 53.7172 50.5668 38.1455 24.434 22.1359 65.0047 48.1664 54.6302 91.5478 50.6322 6.7082 20.8806 82.7345 58.3095 71.5199 41.1947 26.9258 8.24621 38.1062 29.9666 46.6154 83.5594 0.0 34.8282 19.105 77.2594 25.0599 18.0278 21.4009 42.9418 39.6278 37.5862 73.9863 50.0899 29.0 19.7231 51.904 48.6843 70.1142 48.0104 14.3178 70.1783 34.2063 29.2179 26.0192 24.6982 62.1772 51.225 39.6611 10.7703 8.94427 58.6763 13.1529 55.4437 
26.2168 78.1431 39.8409 47.1699 34.8799 19.4165 53.7184 79.4707 61.7333 72.7232 41.5756 55.8032 48.1041 48.3897 15.2971 26.1725 72.3133 29.1548 56.3955 58.9448 57.0978 60.8769 32.0156 25.7802 77.3416 21.9903 30.3372 44.6203 66.2554 50.8035 84.4051 51.967 35.805 28.1051 39.6611 53.8737 25.0599 65.7827 34.8282 0.0 21.2837 50.7934 56.792 18.6848 22.0227 25.0 14.0357 15.0333 42.6585 29.5296 18.868 54.2404 20.6936 64.926 74.7061 56.7753 45.8354 75.2083 52.4563 6.32456 60.6023 25.8812 40.8077 36.0139 26.0768 36.1444 41.5074 29.5755 37.5747 56.3649 
20.8806 71.5891 53.396 65.0452 30.0832 18.0278 43.5689 74.2564 56.2437 66.1891 56.437 48.6004 38.6005 66.5522 32.3693 18.0278 63.0233 37.5997 46.246 42.1662 40.3191 61.0737 49.7911 41.0858 91.7378 37.0877 13.0384 30.8058 81.7785 52.0865 77.6981 45.2769 28.4605 11.0 36.4005 43.1856 33.4908 83.5661 19.105 21.2837 0.0 68.5767 43.3244 3.16228 15.1327 30.5018 33.0133 33.0711 60.4418 37.3035 18.4436 37.4618 38.4769 56.6392 72.187 50.2422 27.313 72.4398 42.3069 15.6734 45.0111 19.9249 49.5093 53.6436 28.472 17.0 23.7697 45.1319 20.2485 54.3415 
55.5791 90.0777 46.0977 39.1152 60.0 49.2837 81.8132 89.8999 74.0 84.8646 41.0122 83.4304 94.1732 38.0132 43.1656 72.2701 98.5607 55.5428 84.4903 95.9781 94.1311 61.5873 36.4966 38.6264 41.0 40.2492 70.9335 74.6726 29.4109 51.8845 97.6934 78.4077 81.7942 75.3981 59.4138 101.167 54.1202 26.6833 77.2594 50.7934 68.5767 0.0 104.085 65.9778 68.0979 58.3095 42.4264 42.0635 10.8167 56.8595 48.3553 91.2737 31.7805 90.8783 82.365 72.4412 76.3565 83.2406 80.5475 55.2501 99.4172 55.7514 60.4152 37.3631 62.7005 68.0307 76.0739 29.0689 68.6468 65.9242 
48.7955 77.3175 87.0919 84.9588 51.9528 52.8015 40.025 81.4985 68.9638 73.8241 91.0055 54.3415 24.7588 87.046 60.2015 35.1283 57.2189 68.593 35.4683 26.0768 19.0263 85.2683 72.2496 76.2365 115.261 72.2496 31.7648 37.1555 107.056 79.5945 80.0 55.9732 34.5398 33.1059 59.01 17.4929 65.2763 108.074 25.0599 56.792 43.3244 104.085 0.0 41.4849 39.0128 60.531 64.2431 62.2015 95.9501 67.7422 53.6004 22.561 73.9852 56.0803 83.9524 63.5728 30.2689 83.7437 43.1741 51.1817 13.6015 48.1041 78.8543 74.9667 55.9017 34.0588 26.9072 80.6402 34.6554 73.341 
23.5372 73.7902 50.7971 62.4463 32.573 21.095 45.084 76.5572 58.5656 68.4471 53.8381 50.4777 35.609 63.9532 29.7704 14.8661 64.5384 35.0008 47.7611 41.6833 39.8121 64.0312 47.1922 38.4868 89.1388 34.4888 12.6491 31.8904 79.1796 55.1453 79.7559 47.4131 25.2982 10.4403 39.0512 40.4599 30.8918 80.9671 18.0278 18.6848 3.16228 65.9778 41.4849 0.0 12.0416 27.9029 30.4144 30.4721 57.8429 34.7046 21.514 36.979 35.878 58.258 74.5089 52.5642 27.7849 74.7618 43.822 13.0745 44.0454 22.561 46.9103 51.0447 25.8731 17.8045 23.7697 42.533 21.2603 57.0701 
35.2278 84.309 48.0937 66.5181 43.9318 33.1361 54.2626 87.3155 69.6419 79.1202 52.0384 60.3738 26.4008 68.0251 33.8378 4.47214 73.7169 30.0832 56.9397 45.8058 42.9418 76.0066 51.264 37.6563 93.2022 33.7343 19.4165 40.2244 83.243 67.1863 89.8999 57.9396 13.8924 17.4929 50.636 33.1059 26.4764 83.4375 21.4009 22.0227 15.1327 68.0979 39.0128 12.0416 0.0 22.1359 34.4384 34.5398 60.0461 29.4109 33.5545 41.0488 38.3483 67.4785 85.6158 63.6003 34.7131 85.8662 53.0005 17.0 45.2217 34.2345 41.2311 55.1165 18.3576 26.4197 29.6985 42.406 30.0167 68.7314 
50.5692 101.823 27.2947 71.0634 59.2323 43.8634 72.8613 104.47 86.4571 96.4036 32.28 78.3489 42.9535 72.0069 40.2616 25.4951 92.3157 8.06226 75.5384 67.3546 64.8845 85.8662 56.3205 21.2603 92.4545 18.4391 39.4081 59.5001 80.9543 75.7165 107.651 75.3152 28.4429 37.2022 64.0485 51.4782 5.38516 79.9852 42.9418 25.0 30.5018 58.3095 60.531 27.9029 22.1359 0.0 38.6164 39.8353 47.5079 7.28011 43.4626 62.6502 37.0135 86.0566 99.3826 80.4556 55.0 99.881 71.5993 25.5539 67.3573 50.2336 19.2354 60.2993 5.38516 45.3625 50.4777 29.4109 48.8866 81.1542 
19.4165 67.2349 61.7057 33.1361 26.8328 12.1655 46.8701 68.1941 50.4567 61.7029 59.6 48.9204 59.8834 34.3658 4.12311 38.1488 65.1975 54.8727 49.5472 58.3465 56.4995 47.7598 18.0 47.0978 59.0422 43.3237 33.3019 38.0526 49.083 37.3631 74.74 44.8499 48.3011 32.8502 29.8329 65.6033 51.2185 49.521 39.6278 14.0357 33.0133 42.4264 64.2431 30.4144 34.4384 38.6164 0.0 2.23607 36.3456 55.5788 11.1803 53.6422 17.0711 57.8716 63.2456 48.8541 38.7249 63.8201 45.607 17.4642 61.7856 19.2354 65.3806 22.0 40.0125 30.3992 38.4424 39.357 31.0153 44.6542 
17.2627 65.2276 61.3429 32.3883 24.5967 10.0499 44.6789 66.1867 48.4494 59.6955 59.2371 46.7132 59.9411 33.7343 2.0 38.2066 62.9903 43.8022 47.356 56.305 54.4579 46.1736 17.1172 46.7349 58.6793 42.9608 31.2603 36.0139 48.7201 35.9026 72.7326 42.6427 48.3607 30.8087 27.6586 66.6127 39.7192 49.1582 37.5862 15.0333 33.0711 42.0635 62.2015 30.4721 34.5398 39.8353 2.23607 0.0 35.9828 44.1905 9.05539 51.6006 16.7082 55.6644 61.2944 46.8467 36.6833 61.8547 43.4166 17.72 59.744 17.1172 65.0177 21.095 41.1096 28.3576 36.4008 38.9942 28.9737 42.72 
49.4983 88.6848 37.1214 40.3609 54.7449 43.203 75.976 89.0449 72.0069 83.2406 32.7567 77.9654 85.5833 39.8246 37.0848 64.1353 94.2425 44.9444 78.6531 89.8973 88.0503 62.2896 33.541 28.1603 49.0918 29.5466 69.4953 68.5938 37.1214 51.8556 96.2549 73.8949 71.359 67.2632 55.3624 92.9046 43.382 35.0 73.9863 42.6585 60.4418 10.8167 95.9501 57.8429 60.0461 47.5079 36.3456 35.9828 0.0 46.2385 42.2746 85.193 23.647 86.9166 82.201 70.4234 70.2757 83.006 74.7103 47.1152 92.9887 49.6706 50.4876 35.5106 51.8852 61.9499 69.9931 18.3848 62.566 64.6607 
55.6366 107.563 20.8806 73.6817 64.2996 48.8774 79.663 110.209 91.2614 102.143 26.4008 85.1506 49.4975 74.4312 44.6238 32.7567 99.1173 1.41421 82.3401 74.4811 72.0902 90.137 59.439 18.3576 93.0591 16.7631 46.3249 66.3018 81.2158 79.5239 113.825 81.3867 35.1283 44.1022 69.1158 58.2151 4.47214 79.8311 50.0899 29.5296 37.3035 56.8595 67.7422 34.7046 29.4109 7.28011 55.5788 44.1905 46.2385 0.0 48.3735 69.7767 39.4588 92.8583 104.235 86.1951 61.8552 104.736 78.401 31.241 74.6324 55.3009 12.2066 63.3482 12.0 52.1641 57.4543 27.8568 55.6883 85.8755 
8.24621 60.0088 58.7075 34.0147 16.4012 1.0 35.7496 60.6921 42.9547 54.5889 60.4422 37.9031 55.0798 35.7771 7.07107 36.1273 54.1802 48.0208 38.4267 47.6497 45.8026 43.2897 19.4165 44.6468 62.8013 40.857 22.6745 27.0 53.7401 34.0147 66.2707 33.8326 46.5363 22.2229 20.8087 58.0269 43.909 54.5619 29.0 18.868 18.4436 48.3553 53.6004 21.514 33.5545 43.4626 11.1803 9.05539 42.2746 48.3735 0.0 42.9453 23.0 46.8543 55.9313 38.6409 27.8927 56.4297 34.4819 18.4391 51.0887 8.06226 59.6744 22.8254 43.6807 19.7231 27.7308 45.2859 20.2485 37.6962 
37.3141 55.0364 86.3527 73.2639 40.2257 42.0604 17.4642 59.1354 46.4866 51.3517 89.3937 31.7805 41.1096 75.3648 49.6006 39.0512 36.4005 70.2289 13.6015 5.0 5.0 62.6411 60.902 74.0425 103.644 70.0444 24.4378 30.2433 95.724 62.3549 58.2151 33.6155 44.2041 26.5745 47.5012 37.2156 66.242 96.9039 19.7231 54.2404 37.4618 91.2737 22.561 36.979 41.0488 62.6502 53.6422 51.6006 85.193 69.7767 42.9453 0.0 65.9184 34.0588 61.3922 41.2311 18.5418 61.1882 20.6155 48.6301 12.7279 36.6964 81.8847 63.4464 59.3633 23.2956 15.2956 78.0886 23.1019 51.0405 
30.2237 72.6964 48.322 34.2345 35.4951 23.9284 56.5798 73.6556 55.9182 67.1644 46.2163 58.6908 65.347 35.0571 17.8102 42.7005 74.9679 38.6394 59.2569 70.6228 68.7757 51.4296 20.2485 30.3822 56.648 26.6081 45.5781 49.3192 45.618 40.7185 80.2015 54.6203 51.8011 45.2983 36.8328 71.0669 35.2278 45.2769 51.904 20.6936 38.4769 31.7805 73.9852 35.878 38.3483 37.0135 17.0711 16.7082 23.647 39.4588 23.0 65.9184 0.0 67.642 68.2495 54.3156 51.0011 68.884 55.2769 25.1503 73.7142 30.3961 48.7066 24.0416 39.4588 42.6754 50.7186 25.9733 43.2915 49.679 
38.8339 21.3776 104.764 54.7012 35.7459 45.9406 18.0278 25.7099 19.7231 18.7883 105.662 9.48683 74.5252 56.7499 53.7587 67.3556 8.06226 93.1545 25.0799 30.0167 37.054 39.8246 55.3364 90.7658 82.2192 86.9133 48.1307 27.8206 79.2951 42.2019 24.1868 15.2971 75.5221 49.9858 42.8031 71.2531 89.0456 82.0096 48.6843 64.926 56.6392 90.8783 56.0803 58.258 67.4785 86.0566 57.8716 55.6644 86.9166 92.8583 46.8543 34.0588 67.642 0.0 30.0167 18.4391 34.7256 29.5296 15.6525 71.2282 43.566 39.4081 105.064 53.6092 84.0238 41.0733 39.9786 89.9279 37.469 28.2312 
51.4611 12.083 112.893 43.382 49.4773 55.521 43.9318 9.05539 16.1245 11.4018 109.311 29.6142 99.0 44.7772 60.208 86.6833 33.9706 103.848 49.2544 58.2409 65.2534 21.1896 49.5177 98.2848 63.0 94.5107 67.7422 50.04 64.1327 30.5287 18.1108 29.0 96.026 69.0507 35.9784 97.4174 99.7647 67.4685 70.1142 74.7061 72.187 82.365 83.9524 74.5089 85.6158 99.3826 63.2456 61.2944 82.201 104.235 55.9313 61.3922 68.2495 30.0167 0.0 22.2036 57.0351 1.0 40.7922 74.1609 72.4224 52.4396 115.496 46.8615 99.4525 60.531 62.0 89.0682 57.3149 18.6011 
30.6205 22.0227 98.9502 36.2641 27.5325 37.7272 24.1868 24.1868 6.08276 16.4012 96.0504 11.4018 77.0584 38.3128 45.6895 64.5368 26.1725 85.8817 28.3107 38.9487 45.618 22.6716 36.8993 84.3423 63.9062 80.5682 45.5412 28.4429 60.858 23.7697 29.0 7.61577 73.8241 46.8722 21.3992 75.9539 81.7403 63.5725 48.0104 56.7753 50.2422 72.4412 63.5728 52.5642 63.6003 80.4556 48.8541 46.8467 70.4234 86.1951 38.6409 41.2311 54.3156 18.4391 22.2036 0.0 35.3553 22.3607 21.095 55.8943 53.2353 31.2196 97.58 35.172 78.4258 38.3275 40.1123 75.8074 35.1283 10.6301 
21.0238 52.7988 77.9477 55.9017 22.5079 26.9258 30.8072 56.4358 41.1947 48.2597 80.9888 28.29 42.0476 58.0517 34.6833 33.8378 52.5294 62.1515 24.1868 23.2462 21.3992 55.0287 44.4185 65.6375 86.4523 61.6394 15.6205 7.0 79.0569 50.1495 57.5612 28.0713 41.2311 17.8045 29.5651 40.6079 58.0425 80.455 14.3178 45.8354 27.313 76.3565 30.2689 27.7849 34.7131 55.0 38.7249 36.6833 70.2757 61.8552 27.8927 18.5418 51.0011 34.7256 57.0351 35.3553 0.0 57.0088 20.2476 40.2251 26.6853 20.6155 74.061 46.6154 52.4023 10.4403 5.38516 73.2871 8.0 43.9659 
52.8181 11.1803 113.533 44.2832 49.7301 56.0194 43.7379 8.06226 16.2788 10.8167 110.022 29.4279 99.0051 45.6946 60.7454 86.885 33.3017 104.348 49.163 57.9741 65.0 22.1359 50.2494 98.9249 64.0 95.1509 67.897 50.01 65.1153 31.3847 17.1172 29.0172 96.1769 69.2315 36.4768 97.3293 100.265 68.4471 70.1783 75.2083 72.4398 83.2406 83.7437 74.7618 85.8662 99.881 63.8201 61.8547 83.006 104.736 56.4297 61.1882 68.884 29.5296 1.0 22.3607 57.0088 0.0 40.6079 74.6593 72.1249 53.4173 115.974 47.634 99.9509 60.6712 62.0081 89.7788 57.4282 19.2094 
26.2488 35.1283 92.2942 56.9531 23.5396 33.5261 3.16228 39.0128 26.0 31.0161 94.0289 11.1803 59.5399 59.1154 41.4849 52.8776 21.2132 78.6972 9.48683 17.8885 24.6982 43.2782 46.3423 78.2334 83.2998 74.4436 33.6528 13.3427 80.4738 43.1104 39.2938 13.6015 61.0441 35.5078 30.5968 57.0088 74.5882 82.0663 34.2063 52.4563 42.3069 80.5475 43.1741 43.822 53.0005 71.5993 45.607 43.4166 74.7103 78.401 34.4819 20.6155 55.2769 15.6525 40.7922 21.095 20.2476 40.6079 0.0 56.7709 32.2025 26.5707 90.6067 48.0696 69.5601 26.5953 25.5007 80.4416 22.9911 31.4006 
25.3358 77.2621 43.8634 50.01 33.9989 18.6815 58.0329 79.9085 61.8958 71.8422 45.8803 54.9222 42.5435 51.4198 17.2627 20.8087 77.2245 31.1448 60.71 53.3345 51.4874 61.6604 34.7131 30.0865 76.3227 26.2488 24.7268 44.6717 66.3635 52.0865 83.5241 51.0859 30.8869 22.4948 38.8151 48.2634 26.9072 70.2394 29.2179 6.32456 15.6734 55.2501 51.1817 13.0745 17.0 25.5539 17.4642 17.72 47.1152 31.241 18.4391 48.6301 25.1503 71.2282 74.1609 55.8943 40.2251 74.6593 56.7709 0.0 54.992 25.0002 43.1393 38.6394 25.2982 30.534 35.897 34.0322 34.0582 55.9954 
45.4576 64.9384 92.5743 81.4073 48.3692 50.2038 29.0689 69.2315 58.1808 61.8466 95.7556 43.0813 37.2022 83.5083 57.744 42.1545 44.0114 75.2861 26.2488 14.3178 7.81025 74.9039 69.0454 80.4044 111.788 76.4063 32.0624 42.5062 103.867 74.6178 67.1193 45.6508 44.4072 34.0147 59.764 30.8707 71.5681 105.047 26.0192 60.6023 45.0111 99.4172 13.6015 44.0454 45.2217 67.3573 61.7856 59.744 92.9887 74.6324 51.0887 12.7279 73.7142 43.566 72.4224 53.2353 26.6853 72.1249 32.2025 54.992 0.0 44.8398 86.3771 71.5898 63.3246 31.4391 23.4391 84.4505 31.2453 63.2851 
1.0 52.5875 65.7191 37.2022 10.2956 7.07107 27.8574 55.2339 37.2211 47.1676 67.4537 30.4818 52.811 39.2046 15.1327 36.0 46.6476 54.9876 30.5345 41.4008 39.5537 42.107 24.2074 51.6583 67.2086 47.8685 19.3132 19.0263 59.0339 34.2053 58.8495 26.4113 46.0977 19.6469 16.4924 54.5894 50.8462 60.2163 24.6982 25.8812 19.9249 55.7514 48.1041 22.561 34.2345 50.2336 19.2354 17.1172 49.6706 55.3009 8.06226 36.6964 30.3961 39.4081 52.4396 31.2196 20.6155 53.4173 26.5707 25.0002 44.8398 0.0 66.6859 26.8701 48.3268 14.2127 21.4009 54.2543 13.6015 34.5254 
67.0215 118.948 16.4012 82.6599 75.6846 60.2239 91.8688 120.259 102.522 113.528 22.8035 96.6079 59.0 83.0612 55.8837 44.2719 111.323 12.0416 94.5459 86.5891 84.0952 99.9388 68.9499 23.0217 99.0808 23.5372 58.5235 78.5076 87.0919 89.3197 125.21 92.7717 45.1774 56.3028 80.4688 68.0294 16.2788 85.2877 62.1772 40.8077 49.5093 60.4152 78.8543 46.9103 41.2311 19.2354 65.3806 65.0177 50.4876 12.2066 59.6744 81.8847 48.7066 105.064 115.496 97.58 74.061 115.974 90.6067 43.1393 86.3771 66.6859 0.0 72.7442 23.0868 64.3699 69.6419 33.0 67.894 97.1354 
26.1725 53.2353 65.1194 11.4018 26.0 23.3238 49.3353 53.535 36.7696 47.8539 63.0079 46.1612 77.8524 13.0 21.3776 58.7791 61.2915 62.5859 52.0124 63.1595 66.3037 28.0179 4.0 51.6161 40.3609 50.6457 45.2217 42.9418 32.45 17.2047 60.8276 41.1385 68.9332 44.9444 23.1948 80.7094 59.0339 34.0 51.225 36.0139 53.6436 37.3631 74.9667 51.0447 55.1165 60.2993 22.0 21.095 35.5106 63.3482 22.8254 63.4464 24.0416 53.6092 46.8615 35.172 46.6154 47.634 48.0696 38.6394 71.5898 26.8701 72.7442 0.0 62.0081 41.0366 48.1664 42.7707 40.3609 29.1548 
49.2936 99.6633 32.5576 73.0274 58.4009 43.9659 70.8222 102.44 84.4273 94.3737 37.6431 76.3191 37.6563 74.108 41.3038 21.1896 90.2765 13.0384 73.4993 64.0918 61.2944 86.6833 58.0086 26.4008 95.6033 23.3452 36.7967 57.3149 84.1281 76.7919 105.621 73.2854 23.1948 34.6554 64.1066 46.2709 10.7703 83.3613 39.6611 26.0768 28.472 62.7005 55.9017 25.8731 18.3576 5.38516 40.0125 41.1096 51.8852 12.0 43.6807 59.3633 39.4588 84.0238 99.4525 78.4258 52.4023 99.9509 69.5601 25.2982 63.3246 48.3268 23.0868 62.0081 0.0 43.1856 47.634 34.0588 46.7547 81.2869 
15.0 58.1893 68.2567 51.4004 20.3961 18.868 27.8574 61.4003 44.4072 53.1601 71.2977 34.0147 39.8121 53.4135 26.3576 26.5707 47.3117 52.4604 30.5345 28.0 26.1529 54.3415 38.2099 55.9464 81.3941 51.9484 7.28011 14.1421 73.0 47.5395 63.561 32.0156 35.5106 8.94427 27.4591 40.7185 48.3514 74.027 10.7703 36.1444 17.0 68.0307 34.0588 17.8045 26.4197 45.3625 30.3992 28.3576 61.9499 52.1641 19.7231 23.2956 42.6754 41.0733 60.531 38.3275 10.4403 60.6712 26.5953 30.534 31.4391 14.2127 64.3699 41.0366 43.1856 0.0 8.24621 64.9613 3.60555 45.0999 
22.0227 58.0517 73.6196 58.0517 25.2181 26.8328 27.561 61.6604 46.0435 53.4603 76.6607 33.541 37.0 60.1415 34.4008 28.6007 49.2832 57.8014 29.4398 20.0 18.1529 59.1739 45.607 61.3094 88.3912 57.3114 11.1803 12.1655 80.4301 52.8598 62.8143 33.0 35.8469 13.4164 32.2754 36.1386 53.7122 81.6088 8.94427 41.5074 23.7697 76.0739 26.9072 23.7697 29.6985 50.4777 38.4424 36.4008 69.9931 57.4543 27.7308 15.2956 50.7186 39.9786 62.0 40.1123 5.38516 62.0081 25.5007 35.897 23.4391 21.4009 69.6419 48.1664 47.634 8.24621 0.0 65.3555 7.81025 48.2701 
52.5097 94.1883 22.3607 51.0784 57.781 46.2143 81.7211 95.0518 77.4101 88.6562 20.5183 80.9767 67.9433 51.264 40.0962 46.8266 97.2539 26.5707 84.3982 82.793 80.9459 70.7885 39.6179 10.0499 66.1211 11.1803 54.1853 72.623 54.1479 59.9749 101.693 76.9062 53.7189 51.9533 59.1188 75.3662 25.0599 52.469 58.6763 29.5755 45.1319 29.0689 80.6402 42.533 42.406 29.4109 39.357 38.9942 18.3848 27.8568 45.2859 78.0886 25.9733 89.9279 89.0682 75.8074 73.2871 89.7788 80.4416 34.0322 84.4505 54.2543 33.0 42.7707 34.0588 64.9613 65.3555 0.0 65.5774 70.7598 
14.2127 54.7083 71.7808 50.3289 18.0515 19.3132 24.2531 57.9741 41.1947 49.7293 74.8218 30.4631 42.4264 52.4023 26.9737 30.0832 43.7074 55.9845 26.9302 27.8062 25.9592 52.0073 37.8021 59.4705 80.6102 55.4725 10.7703 10.6301 72.6223 45.618 60.0083 28.6356 38.833 12.53 25.1087 42.72 51.8755 73.8173 13.1529 37.5747 20.2485 68.6468 34.6554 21.2603 30.0167 48.8866 31.0153 28.9737 62.566 55.6883 20.2485 23.1019 43.2915 37.469 57.3149 35.1283 8.0 57.4282 22.9911 34.0582 31.2453 13.6015 67.894 40.3609 46.7547 3.60555 7.81025 65.5774 0.0 42.2966 
