NAME  : Jabali_70_2_0.95_1_0
TYPE : SVRP
MODEL : FINITE_SUPPORT
NUMBER_OF_SCENARIOS : 200
DIMENSION : 70
EDGE_WEIGHT_TYPE : MATRIX
CAPACITY : 200
N_VEHICLES : 2
NODE_COORD_SECTION
1 3741 4006
2 956 4080
3 4968 5866
4 2775 2027
5 6136 4033
6 3001 1761
7 5706 2506
8 1698 4658
9 1232 3862
10 4528 18
11 5697 5365
12 3854 4544
13 3355 7660
14 3556 7097
15 1719 3628
16 3680 2842
17 3034 4786
18 5289 8508
19 3979 4211
20 1219 4082
21 6824 6384
22 2796 1569
23 5312 1945
24 4781 9150
25 2561 2825
26 3812 1063
27 7062 3351
28 4086 7525
29 7804 6556
30 4799 8198
31 1524 3108
32 5859 3179
33 27 4889
34 8205 5350
35 8228 3970
36 7140 5960
37 6997 4089
38 4933 8613
39 670 3260
40 3380 7877
41 6819 5195
42 1173 5815
43 1465 2798
44 7357 4303
45 5492 1415
46 5046 2906
47 4998 4987
48 1873 1903
49 5214 4391
50 1080 6087
51 6110 7896
52 5229 1191
53 4478 8590
54 3116 3456
55 3224 2801
56 2323 5520
57 4428 154
58 166 3639
59 6143 5184
60 4127 7658
61 3644 355
62 1086 5129
63 4354 3139
64 8446 3918
65 8141 4745
66 3584 8050
67 6608 4518
68 7451 5410
69 1265 2990
70 6653 2311
DEMAND_SECTION
1 0.0
2 1.0
3 7.0
4 9.0
5 8.0
6 10.0
7 1.0
8 2.0
9 2.0
10 9.0
11 9.0
12 3.0
13 2.0
14 10.0
15 6.0
16 8.0
17 7.0
18 7.0
19 2.0
20 9.0
21 6.0
22 4.0
23 9.0
24 6.0
25 6.0
26 1.0
27 7.0
28 3.0
29 4.0
30 2.0
31 5.0
32 8.0
33 9.0
34 4.0
35 1.0
36 5.0
37 8.0
38 10.0
39 4.0
40 2.0
41 1.0
42 4.0
43 2.0
44 2.0
45 8.0
46 10.0
47 5.0
48 10.0
49 10.0
50 2.0
51 3.0
52 2.0
53 10.0
54 10.0
55 7.0
56 8.0
57 6.0
58 8.0
59 2.0
60 1.0
61 7.0
62 2.0
63 8.0
64 4.0
65 8.0
66 7.0
67 2.0
68 7.0
69 8.0
70 1.0
DEVIATION_SECTION
1 0.0
2 0.333333
3 2.33333
4 3.0
5 2.66667
6 3.33333
7 0.333333
8 0.666667
9 0.666667
10 3.0
11 3.0
12 1.0
13 0.666667
14 3.33333
15 2.0
16 2.66667
17 2.33333
18 2.33333
19 0.666667
20 3.0
21 2.0
22 1.33333
23 3.0
24 2.0
25 2.0
26 0.333333
27 2.33333
28 1.0
29 1.33333
30 0.666667
31 1.66667
32 2.66667
33 3.0
34 1.33333
35 0.333333
36 1.66667
37 2.66667
38 3.33333
39 1.33333
40 0.666667
41 0.333333
42 1.33333
43 0.666667
44 0.666667
45 2.66667
46 3.33333
47 1.66667
48 3.33333
49 3.33333
50 0.666667
51 1.0
52 0.666667
53 3.33333
54 3.33333
55 2.33333
56 2.66667
57 2.0
58 2.66667
59 0.666667
60 0.333333
61 2.33333
62 0.666667
63 2.66667
64 1.33333
65 2.66667
66 2.33333
67 0.666667
68 2.33333
69 2.66667
70 0.333333
DISTANCE_MATRIX
0.0 45.1327 32.3315 30.6556 34.0588 32.5734 34.3657 39.5661 42.1183 54.925 32.6797 7.61577 50.9545 43.3554 40.1594 15.7585 12.0416 68.6958 4.0 42.3128 54.1873 35.445 36.2215 73.5781 25.1939 40.2951 46.8722 50.5901 67.3649 64.4853 47.541 31.7805 60.8864 65.0222 61.529 59.3554 44.5869 69.5722 52.6133 53.0993 46.6467 42.4418 39.8812 49.3641 42.7551 24.1868 22.2811 39.5867 22.8254 45.2769 63.7067 43.6807 65.4171 16.2241 18.3661 28.1108 53.5263 56.8632 38.4056 51.5011 49.6027 39.2058 15.0333 63.6396 61.2706 55.376 43.1838 55.3698 49.7341 46.5725 
45.1327 0.0 56.114 36.1248 71.5635 40.1995 67.2782 12.0 4.12311 71.4493 67.1857 39.9651 56.5155 51.3517 11.7047 39.8259 28.555 80.025 41.4459 2.82843 80.2935 40.6079 64.9094 82.8734 26.4764 55.1453 82.0863 60.208 93.4711 73.1095 14.3178 66.2672 17.2627 100.57 100.636 85.124 83.6943 78.2304 11.1803 58.6941 81.1176 23.3452 17.088 87.2752 69.6348 57.2456 59.6767 30.4631 59.7085 26.1725 82.8734 68.884 74.6726 29.6038 34.2517 32.4722 70.3491 12.3693 75.2144 61.2046 61.1882 14.1421 47.3997 102.747 99.1816 61.6117 81.0948 90.9171 14.3178 80.0924 
32.3315 56.114 0.0 57.6179 28.0817 59.5357 46.1411 44.4877 54.8354 77.9872 13.0384 29.1927 33.2415 26.0 53.1346 42.0888 35.2934 36.4005 28.8508 53.7892 24.0312 62.4073 52.8015 44.5533 52.1562 65.192 45.0567 26.5707 37.2088 32.5576 60.5161 38.0789 65.5031 46.384 51.5461 28.8617 37.2156 37.4833 65.5885 34.5254 25.4951 49.5177 64.1211 39.0512 60.0 39.0512 11.4018 66.549 18.7883 51.0882 32.0156 62.482 37.8021 43.1864 45.3285 44.4393 76.5768 69.2244 19.0263 26.9258 74.6257 50.8035 35.805 53.7587 45.358 35.171 29.0689 35.5466 62.7093 53.4509 
30.6556 36.1248 57.6179 0.0 53.3667 4.12311 39.2046 39.0784 32.249 35.3553 57.9324 37.059 78.4652 71.6086 25.9615 16.0312 44.5855 93.9822 32.8163 34.3657 79.44 5.65685 34.0588 102.604 12.8062 19.0263 59.5399 82.5671 92.6176 89.7717 22.0 43.382 53.0 82.6782 77.3886 84.6081 61.6847 94.8586 31.7805 80.6928 71.8994 55.7143 20.2237 66.7308 36.7151 32.2025 47.5184 12.0416 46.0109 58.8729 88.9931 34.9285 95.4399 20.5683 12.3693 48.5027 34.2345 40.025 63.6583 83.1599 25.632 47.8017 25.4951 79.1581 78.7465 83.28 60.6597 75.5845 23.1948 51.6624 
34.0588 71.5635 28.0817 53.3667 0.0 53.6004 24.1868 61.1329 69.7454 61.4654 25.1988 31.6158 61.3229 54.037 67.7865 37.6431 43.4802 68.027 31.1127 69.0161 34.6484 56.5685 33.1059 77.6192 50.2156 53.4603 17.0 63.9548 40.0275 66.5645 64.6331 14.7648 83.7467 32.1175 28.4443 28.3611 11.5021 70.4442 80.2404 62.5923 20.7195 72.2585 64.903 16.2794 39.4462 23.0868 19.6469 64.195 12.53 74.1864 59.2415 42.9418 72.5156 42.1485 42.72 59.0913 60.1664 84.4903 19.2412 64.1329 62.1691 70.1795 27.8927 30.5549 28.1858 72.8412 10.099 25.0239 67.1882 26.9258 
32.5734 40.1995 59.5357 4.12311 53.6004 0.0 37.7359 43.1764 36.3456 31.257 59.5811 38.9767 81.3822 74.5256 30.0832 17.2627 47.5025 95.8999 34.7341 38.4708 81.0887 3.0 31.8277 103.731 16.6433 15.0 58.6003 83.6944 94.2663 91.6895 26.0192 42.72 57.0088 82.5613 76.6942 86.2569 61.4003 96.7763 35.5106 83.6097 71.1633 59.8123 24.0832 66.4831 33.8378 31.6228 49.2443 14.4222 47.0956 62.9709 90.6749 31.7648 96.5672 23.4853 14.7648 51.4197 30.1496 43.7379 65.307 84.2872 21.5407 51.923 26.0192 78.3901 78.5875 86.1969 60.5428 75.4676 27.074 49.8197 
34.3657 67.2782 46.1411 39.2046 24.1868 37.7359 0.0 62.0967 64.2638 37.6431 42.4853 37.054 77.8332 69.8928 62.3049 27.4591 46.3897 81.1525 34.0147 64.4583 52.6362 40.3113 9.21954 90.0228 41.0588 32.3883 21.587 72.45 58.0153 78.2368 55.4763 9.43398 83.0488 49.366 40.025 46.3489 27.1662 82.835 66.8506 79.4796 38.7073 76.8001 55.6058 32.0624 15.2643 10.198 34.8855 51.225 27.4591 79.6304 74.2485 18.7883 83.7616 37.6962 33.0151 62.469 36.4005 74.674 48.2112 72.8972 40.0 72.2772 19.9249 41.4849 44.0 80.6226 28.0868 43.0116 58.0086 13.0384 
39.5661 12.0 44.4877 39.0784 61.1329 43.1764 62.0967 0.0 11.7047 74.0319 54.7619 29.5345 44.9222 39.4588 13.6015 37.0135 18.1244 68.0294 31.0153 10.198 67.8697 44.3114 62.3939 71.0211 27.2976 57.5395 75.5475 48.2597 81.0473 61.131 20.5183 61.3772 22.6716 88.1457 89.0095 72.7002 72.0673 66.2722 22.561 47.1275 68.6938 16.7631 24.0832 76.8446 68.0661 51.923 47.2529 36.8782 49.2779 19.9249 71.0211 68.0074 62.8013 25.0799 33.1361 22.0416 72.8234 24.1868 64.3357 49.2544 64.7103 10.198 42.2019 91.1201 88.751 50.0 70.6642 78.4933 22.2036 74.6782 
42.1183 4.12311 54.8354 32.249 69.7454 36.3456 64.2638 11.7047 0.0 67.6018 65.1096 38.147 56.6127 50.9902 7.61577 35.7029 26.4788 79.2275 39.6278 2.23607 78.2174 36.8782 60.7864 82.5651 22.3607 51.2445 79.0719 59.6825 91.395 72.4431 10.7703 63.2528 21.3776 98.7515 97.622 83.0479 80.6799 77.6466 11.0454 58.8218 79.2996 25.6125 13.8924 85.4571 65.5134 54.2312 57.8587 27.2947 57.8905 28.6007 81.3941 64.7765 74.3303 26.5894 30.1287 30.6542 66.4831 14.7648 73.3964 60.6712 57.4891 16.6433 44.3853 99.7327 97.3636 61.6847 79.2768 89.0991 11.4018 77.078 
54.925 71.4493 77.9872 35.3553 61.4654 31.257 37.6431 74.0319 67.6018 0.0 76.0822 61.2209 105.551 97.9516 61.1882 39.9625 75.4369 114.337 57.0088 69.7209 90.2783 31.0161 28.4605 122.43 46.8402 16.4924 57.3149 102.407 95.6574 110.39 57.2189 46.8188 88.1419 86.6833 75.0267 83.991 64.5368 115.434 66.0303 107.695 76.3494 90.6679 55.0364 69.2315 23.1948 39.9625 66.8431 43.1856 61.2944 93.8265 107.845 19.2354 115.28 50.9902 41.6293 79.3542 1.41421 74.108 81.8081 103.0 11.7047 82.9759 42.4264 76.0 80.7527 109.972 65.7289 80.6536 58.0345 43.0 
32.6797 67.1857 13.0384 57.9324 25.1988 59.5811 42.4853 54.7619 65.1096 76.0822 0.0 29.5409 46.0977 39.0128 63.4087 42.3271 41.4053 44.8219 29.199 64.6383 26.528 62.5238 49.7491 54.0833 52.4963 64.4054 32.1403 38.833 39.7056 42.5441 70.7903 34.0018 75.7772 33.457 39.0 26.7488 24.1868 46.8722 75.8627 47.2652 14.1421 60.2754 67.1836 26.2488 56.8744 36.3626 10.4721 66.889 15.1023 62.1289 36.8206 59.6265 48.3011 43.5264 45.6668 54.7135 74.6861 80.1126 6.0 39.0512 73.7902 61.086 34.9352 41.2311 33.6006 47.676 16.0312 23.8045 72.9834 49.0703 
7.61577 39.9651 29.1927 37.059 31.6158 38.9767 37.054 29.5345 38.147 61.2209 29.5409 0.0 45.4924 37.8934 36.1881 22.1619 12.0416 65.557 4.24264 37.4177 51.0485 41.8484 40.5216 73.388 31.5973 46.6905 46.0977 53.3515 64.2261 61.3466 43.5697 32.5576 52.1483 62.9249 59.4924 56.2167 42.5503 66.4334 48.642 47.6372 43.5079 41.1096 47.1746 47.3276 47.4342 27.2947 19.1423 45.9901 19.7609 43.6807 60.5679 48.8467 66.2243 22.6274 24.7695 27.4929 59.8164 52.8919 35.2668 53.9443 56.0061 38.5876 19.6977 61.6031 59.234 49.914 41.1472 53.2724 45.7628 48.2597 
50.9545 56.5155 33.2415 78.4652 61.3229 81.3822 77.8332 44.9222 56.6127 105.551 46.0977 45.4924 0.0 8.06226 56.7352 66.612 42.638 27.313 49.2485 55.0818 48.0833 83.875 83.1925 27.0185 72.2131 91.1486 78.2307 9.43398 58.5918 20.1246 64.1168 70.6045 58.1378 70.5195 82.8917 53.3667 70.0 24.0416 67.4463 2.23607 56.4358 38.1182 67.7217 71.1758 90.3478 69.3542 43.4166 80.0784 51.4198 37.4833 36.7967 92.3205 19.2354 58.3473 69.2196 49.9625 104.166 67.7422 52.0865 10.0 100.456 45.0999 64.375 85.0463 74.9533 5.09902 62.0322 61.6117 66.3099 86.3481 
43.3554 51.3517 26.0 71.6086 54.037 74.5256 69.8928 39.4588 50.9902 97.9516 39.0128 37.8934 8.06226 0.0 50.579 59.0129 35.2278 29.2746 41.6494 49.6488 42.9535 77.0184 75.1532 31.5753 65.3565 83.5495 71.0282 9.05539 54.6443 22.0907 57.9606 62.8172 55.109 65.3911 76.6877 47.8771 63.1269 27.0 61.9839 10.0 50.2195 35.4401 61.5655 64.6297 82.3118 61.327 35.6931 73.9222 43.7379 35.4683 35.8469 84.2846 23.3452 51.4907 61.6205 43.1059 96.5674 63.0714 45.0111 10.0499 92.8571 41.1947 56.339 78.8543 69.4636 12.0416 55.0364 56.1233 60.1537 78.6448 
40.1594 11.7047 53.1346 25.9615 67.7865 30.0832 62.3049 13.6015 7.61577 61.1882 63.4087 36.1881 56.7352 50.579 0.0 28.2063 24.778 78.2172 37.6689 9.21954 76.5166 31.0161 53.2898 82.0571 15.0333 44.7214 77.113 59.0235 89.6941 71.5811 7.61577 61.2939 28.8617 96.7926 95.6631 81.3471 78.721 76.8538 15.2315 58.9673 77.3407 29.9666 11.1803 83.4982 58.0517 52.2723 55.8998 23.3452 55.9316 33.1059 79.9166 57.4282 73.8111 24.6305 22.6321 28.6953 60.0167 21.2603 71.4375 59.9984 51.5461 21.8403 42.4264 97.7737 95.4047 61.7372 77.3179 87.1401 10.198 75.1191 
15.7585 39.8259 42.0888 16.0312 37.6431 17.2627 27.4591 37.0135 35.7029 39.9625 42.3271 22.1619 66.612 59.0129 28.2063 0.0 36.166 78.453 17.9193 37.4244 63.8347 20.2237 25.7099 86.2841 13.6412 24.7588 45.607 66.8796 77.0123 74.2426 28.0587 29.2062 57.0545 67.3298 62.7694 69.0029 46.5188 79.3295 39.433 68.7568 56.2941 53.1507 28.3196 51.4782 31.0644 18.3848 32.0156 26.5707 30.0 56.2228 73.464 31.0644 79.7524 12.0416 5.65685 40.0832 38.5876 47.2564 48.053 67.4724 33.9706 47.0956 9.84886 64.6607 63.3981 71.0335 45.3113 60.2361 30.6138 40.4969 
12.0416 28.555 35.2934 44.5855 43.4802 47.5025 46.3897 18.1244 26.4788 75.4369 41.4053 12.0416 42.638 35.2278 24.778 36.166 0.0 60.7646 13.0 26.0076 58.6753 49.9953 48.0943 65.5161 38.3334 59.3181 57.7062 42.5281 71.8529 54.414 32.1596 43.3244 40.7382 74.7892 71.3568 68.081 54.4147 59.7727 37.2319 44.8219 55.3723 30.4138 35.7645 59.1919 54.5243 36.2215 31.0067 52.7262 31.6253 33.2415 62.1522 66.9104 57.3551 24.4675 33.8136 16.0828 74.1122 40.8678 47.1312 43.439 67.6701 27.1778 27.0 73.4674 71.0984 47.2017 53.0116 65.1368 34.3527 58.4637 
68.6958 80.025 36.4005 93.9822 68.027 95.8999 81.1525 68.0294 79.2275 114.337 44.8219 65.557 27.313 29.2746 78.2172 78.453 60.7646 0.0 65.215 78.1025 36.6879 98.7716 88.4162 10.198 88.5205 101.557 74.5043 20.2237 41.0488 7.28011 85.5987 72.669 84.3445 56.0803 72.1803 43.0116 64.6715 4.47214 90.2718 25.9422 55.9883 64.5368 89.2036 63.2456 95.5416 74.9667 47.5079 102.913 53.7695 64.2884 14.1421 98.2904 10.0 79.5506 81.6927 69.8415 112.929 92.0054 49.6488 19.2354 110.991 70.4557 72.2011 73.9797 62.514 23.3238 58.0892 50.2195 87.7919 86.3587 
4.0 41.4459 28.8508 32.8163 31.1127 34.7341 34.0147 31.0153 39.6278 57.0088 29.199 4.24264 49.2485 41.6494 37.6689 17.9193 13.0 65.215 0.0 38.8985 50.7066 37.6057 36.8782 73.0461 27.3546 42.45 44.7772 53.0095 63.8841 61.0046 45.0505 30.3645 53.6291 62.5829 58.8135 55.8747 41.8714 66.0915 50.1228 51.3933 43.1659 43.1741 42.042 46.6486 43.6807 24.0208 18.8004 41.7474 19.419 45.8912 60.226 44.9444 65.8823 18.3848 20.5269 28.9737 55.6058 54.3728 34.9249 53.6023 51.7397 40.0687 15.8114 60.9241 58.5551 53.67 40.4683 52.9304 47.2436 45.7056 
42.3128 2.82843 53.7892 34.3657 69.0161 38.4708 64.4583 10.198 2.23607 69.7209 64.6383 37.4177 55.0818 49.6488 9.21954 37.4244 26.0076 78.1025 38.8985 0.0 77.7462 39.0512 62.508 81.2158 24.1868 53.3385 79.2664 58.4209 90.9237 71.2531 13.0 63.4473 19.6469 98.0222 97.8165 82.5767 80.8744 76.4199 12.3693 57.28 78.5703 23.4307 16.1245 84.7278 67.2681 54.4257 57.1294 29.5296 57.1612 26.4008 80.6226 66.6108 72.9932 26.7839 31.8503 29.9249 68.593 14.8661 72.6671 59.4138 59.6657 14.4222 44.5798 99.9271 96.6343 60.1664 78.5475 88.3697 13.6015 77.2725 
54.1873 80.2935 24.0312 79.44 34.6484 81.0887 52.6362 67.8697 78.2174 90.2783 26.528 51.0485 48.0833 42.9535 76.5166 63.8347 58.6753 36.6879 50.7066 77.7462 0.0 84.0314 61.8294 46.8402 74.0038 85.913 38.0351 39.0512 14.3178 37.2156 83.8981 43.6915 88.885 22.4722 36.0555 6.32456 28.0378 40.025 88.9705 48.5077 19.3547 71.9694 87.503 26.5707 67.6282 57.8702 31.5868 88.3966 36.6099 73.2168 24.6982 71.3345 43.2897 65.034 67.1744 67.8213 89.0305 92.6064 28.833 38.833 95.2978 74.0959 56.4428 38.0132 27.1662 47.8539 25.4296 14.0 86.0912 52.1097 
35.445 40.6079 62.4073 5.65685 56.5685 3.0 40.3113 44.3114 36.8782 31.0161 62.5238 41.8484 83.875 77.0184 31.0161 20.2237 49.9953 98.7716 37.6057 39.0512 84.0314 0.0 34.0588 106.603 18.4391 15.2971 61.327 87.9769 97.209 94.5611 26.3059 45.5412 57.1402 85.4822 79.4796 89.1996 64.2884 99.648 35.1283 86.1026 74.0842 60.9262 24.0208 69.3758 35.609 34.4819 52.1728 13.0 50.0899 64.0781 93.5998 33.2866 99.4389 25.9781 17.4642 53.9125 30.0 43.2897 68.2497 87.1588 20.6155 52.811 29.0172 81.1542 81.4923 88.6898 63.4637 78.3885 27.0185 52.2015 
36.2215 64.9094 52.8015 34.0588 33.1059 31.8277 9.21954 62.3939 60.7864 28.4605 49.7491 40.5216 83.1925 75.1532 53.2898 25.7099 48.0943 88.4162 36.8782 62.508 61.8294 34.0588 0.0 97.1854 38.6264 24.0416 30.1496 78.5493 67.2085 85.276 52.8015 18.3848 82.1381 58.5491 48.5077 55.5421 36.3456 90.0278 63.9531 84.9706 47.9005 78.0256 52.3546 41.1947 7.2111 13.8924 41.4005 46.0109 34.6554 81.0062 81.5123 10.0 90.6035 37.3363 30.6757 64.037 27.2029 72.0139 55.475 79.0759 31.0644 72.5603 21.2132 49.8197 53.0377 86.3539 37.28 52.2015 55.0091 18.3576 
73.5781 82.8734 44.5533 102.604 77.6192 103.731 90.0228 71.0211 82.5651 122.43 54.0833 73.388 27.0185 31.5753 82.0571 86.2841 65.5161 10.198 73.0461 81.2158 46.8402 106.603 97.1854 0.0 96.3515 109.388 84.0965 23.0868 51.0 12.0416 89.4387 81.5393 85.1469 66.1891 82.3772 53.1601 74.7901 7.2111 93.5575 25.0799 66.107 65.123 93.0436 73.3757 104.35 83.5464 55.9017 110.744 62.6259 64.3817 24.0 106.963 8.24621 87.3817 89.5238 74.195 121.017 94.4299 59.1692 22.1359 118.822 72.0278 80.0562 84.1724 72.6911 22.0907 67.6814 60.4152 91.6318 95.9509 
25.1939 26.4764 52.1562 12.8062 50.2156 16.6433 41.0588 27.2976 22.3607 46.8402 52.4963 31.5973 72.2131 65.3565 15.0333 13.6412 38.3334 88.5205 27.3546 24.1868 74.0038 18.4391 38.6264 96.3515 0.0 30.3645 59.0944 76.315 87.0358 84.3101 14.4222 42.7091 43.7379 80.2625 76.0093 79.0264 59.5431 89.3969 25.807 74.4407 66.3176 43.9336 14.8661 64.4244 43.1741 32.0035 42.0642 17.1172 41.3415 47.0922 83.5314 42.4264 89.1878 14.3162 8.06226 42.2506 45.607 33.6155 58.0766 76.9078 38.0132 36.3456 23.0356 77.942 76.3308 77.0279 58.244 73.1689 17.0294 54.0907 
40.2951 55.1453 65.192 19.0263 53.4603 15.0 32.3883 57.5395 51.2445 16.4924 64.4054 46.6905 91.1486 83.5495 44.7214 24.7588 59.3181 101.557 42.45 53.3385 85.913 15.2971 24.0416 109.388 30.3645 0.0 53.9351 89.3516 88.9655 97.3467 41.0122 40.0 72.0069 81.0062 72.3671 77.2991 59.0339 102.434 50.3587 93.2934 69.6575 74.1754 39.0512 64.0703 23.0217 30.4138 54.5894 28.1603 50.3289 77.334 96.1509 19.8494 102.224 34.9857 25.5539 63.2353 15.2971 58.5491 70.1313 89.9444 9.43398 66.4906 29.5296 73.7564 76.1643 95.5701 59.037 73.9619 42.0476 42.1545 
46.8722 82.0863 45.0567 59.5399 17.0 58.6003 21.587 75.5475 79.0719 57.3149 32.1403 46.0977 78.2307 71.0282 77.113 45.607 57.7062 74.5043 44.7772 79.2664 38.0351 61.327 30.1496 84.0965 59.0944 53.9351 0.0 70.859 42.0119 73.0642 73.512 16.4012 98.1614 30.0832 18.4391 31.7478 10.0 76.9215 84.8863 79.404 25.5539 87.1418 73.7818 13.0384 34.1321 27.4591 36.3456 71.3442 28.6356 89.6594 62.6281 38.1182 79.0569 53.1507 51.225 73.5059 56.2228 93.8169 26.1725 71.0211 61.2046 84.6009 36.1248 19.9249 23.5372 79.7621 16.4924 26.9072 76.067 15.2315 
50.5901 60.208 26.5707 82.5671 63.9548 83.6944 72.45 48.2597 59.6825 102.407 38.833 53.3515 9.43398 9.05539 59.0235 66.8796 42.5281 20.2237 53.0095 58.4209 39.0512 87.9769 78.5493 23.0868 76.315 89.3516 70.859 0.0 49.1935 13.0384 66.4051 64.622 64.1327 61.4003 74.3338 44.5533 62.2013 18.0278 70.7107 9.48683 48.0416 44.3847 70.01 63.0 85.7555 64.6607 37.5766 82.3667 45.31 44.2719 27.8029 87.9204 14.8661 67.3451 69.4872 51.1096 100.993 72.0278 44.7214 1.0 100.724 50.2494 60.0277 76.4199 66.0984 9.0 54.4518 52.7731 68.5982 80.0062 
67.3649 93.4711 37.2088 92.6176 40.0275 94.2663 58.0153 81.0473 91.395 95.6574 39.7056 64.2261 58.5918 54.6443 89.6941 77.0123 71.8529 41.0488 63.8841 90.9237 14.3178 97.209 67.2085 51.0 87.0358 88.9655 42.0119 49.1935 0.0 43.9318 97.0757 49.0706 102.015 15.8114 33.541 15.0 32.45 45.1774 102.148 58.6003 24.7386 85.1469 100.681 29.0689 73.0068 59.1153 45.1573 101.429 49.7875 86.3713 27.0 76.6942 49.6488 78.2116 80.352 80.9989 94.4096 105.784 34.217 48.7545 97.3224 87.2734 69.6204 34.9285 23.2594 57.3847 30.8136 15.2643 99.2688 56.8595 
64.4853 73.1095 32.5576 89.7717 66.5645 91.6895 78.2368 61.131 72.4431 110.39 42.5441 61.3466 20.1246 22.0907 71.5811 74.2426 54.414 7.28011 61.0046 71.2531 37.2156 94.5611 85.276 12.0416 84.3101 97.3467 73.0642 13.0384 43.9318 0.0 78.9626 69.754 77.1038 58.1378 73.2462 43.4166 63.7209 5.38516 83.4865 18.868 56.0943 57.2713 82.5675 63.3729 92.4554 71.5891 43.9318 98.7028 50.8035 57.0088 18.3576 95.0158 6.08276 75.3402 77.4823 63.3667 108.977 85.0059 47.8539 12.0416 106.781 63.2851 68.0147 75.1665 64.0078 16.4012 56.648 51.1566 81.1557 84.8962 
47.541 14.3178 60.5161 22.0 64.6331 26.0192 55.4763 20.5183 10.7703 57.2189 70.7903 43.5697 64.1168 57.9606 7.61577 28.0587 32.1596 85.5987 45.0505 13.0 83.8981 26.3059 52.8015 89.4387 14.4222 41.0122 73.512 66.4051 97.0757 78.9626 0.0 57.1266 31.0 104.174 90.4268 88.7286 73.9607 84.2353 11.4018 66.3488 84.7222 36.0555 3.60555 78.8419 56.921 46.421 63.2813 16.6433 63.3132 39.1152 87.2981 55.7853 81.1926 28.7337 22.4722 36.0768 56.1427 19.2354 78.8191 67.3799 46.8722 27.2947 37.4531 92.3595 90.7483 69.1187 72.6615 94.5217 3.16228 68.5082 
31.7805 66.2672 38.0789 43.382 14.7648 42.72 9.43398 61.3772 63.2528 46.8188 34.0018 32.5576 70.6045 62.8172 61.2939 29.2062 43.3244 72.669 30.3645 63.4473 43.6915 45.5412 18.3848 81.5393 42.7091 40.0 16.4012 64.622 49.0706 69.754 57.1266 0.0 82.021 41.0122 34.0147 37.4042 19.105 74.3515 68.501 72.1249 29.7626 73.4983 57.3965 24.1868 24.6982 11.1803 27.2029 55.0727 19.3132 76.1577 68.2846 28.178 75.3227 37.2022 34.8281 59.3356 45.5412 76.3243 39.7277 65.0 48.2597 70.4306 19.799 35.7771 36.3456 73.0548 19.1421 34.067 59.6817 16.0312 
60.8864 17.2627 65.5031 53.0 83.7467 57.0088 83.0488 22.6716 21.3776 88.1419 75.7772 52.1483 58.1378 55.109 28.8617 57.0545 40.7382 84.3445 53.6291 19.6469 88.885 57.1402 82.1381 85.1469 43.7379 72.0069 98.1614 64.1327 102.015 77.1038 31.0 82.021 0.0 109.161 111.623 93.7156 94.6812 81.7435 23.0868 60.075 89.7092 20.025 33.1361 99.4584 86.885 73.0162 68.2682 45.8912 71.8918 21.095 89.8109 86.1452 77.3175 45.3744 51.4804 44.6554 87.0919 16.6433 86.9278 65.1153 77.5242 14.7648 63.1703 113.734 110.895 63.0714 93.2781 99.5086 30.1496 95.863 
65.0222 100.57 46.384 82.6782 32.1175 82.5613 49.366 88.1457 98.7515 86.6833 33.457 62.9249 70.5195 65.3911 96.7926 67.3298 74.7892 56.0803 62.5829 98.0222 22.4722 85.4822 58.5491 66.1891 80.2625 81.0062 30.0832 61.4003 15.8114 58.1378 104.174 41.0122 109.161 0.0 18.0278 18.0278 22.2036 60.0083 109.247 70.8802 19.7756 93.6589 94.9499 17.4642 63.561 51.2053 43.8561 93.8691 48.4862 95.5336 42.2966 67.4685 64.0703 72.723 72.6365 88.0974 85.5102 113.496 29.2539 61.131 89.202 94.4698 57.4816 19.2354 7.81025 70.0928 24.5153 10.6301 106.367 45.31 
61.529 100.636 51.5461 77.3886 28.4443 76.6942 40.025 89.0095 97.622 75.0267 39.0 59.4924 82.8917 76.6877 95.6631 62.7694 71.3568 72.1803 58.8135 97.8165 36.0555 79.4796 48.5077 82.3772 76.0093 72.3671 18.4391 74.3338 33.541 73.2462 90.4268 34.0147 111.623 18.0278 0.0 30.0 16.9706 75.8024 108.117 83.6569 26.4764 99.2663 90.6966 13.0384 52.0096 45.1885 49.4626 89.0056 40.8095 101.194 58.9406 56.0089 79.3095 68.9334 68.2642 86.9679 74.0068 112.367 33.541 74.2428 79.511 98.0561 53.0 2.23607 10.2956 83.2947 24.4131 22.0907 92.9819 32.0624 
59.3554 85.124 28.8617 84.6081 28.3611 86.2569 46.3489 72.7002 83.0479 83.991 26.7488 56.2167 53.3667 47.8771 81.3471 69.0029 68.081 43.0116 55.8747 82.5767 6.32456 89.1996 55.5421 53.1601 79.0264 77.2991 31.7478 44.5533 15.0 43.4166 88.7286 37.4042 93.7156 18.0278 30.0 0.0 21.7505 46.3249 93.801 53.9351 13.0674 76.8 93.7138 20.2485 61.341 47.4489 37.1479 93.4192 41.778 78.0473 30.8869 65.0473 49.4975 70.2021 72.3425 72.6518 82.7432 97.4369 22.5457 44.4072 85.656 79.0243 61.611 32.0156 21.587 53.4603 19.1423 8.24621 90.9218 45.8224 
44.5869 83.6943 37.2156 61.6847 11.5021 61.4003 27.1662 72.0673 80.6799 64.5368 24.1868 42.5503 70.0 63.1269 78.721 46.5188 54.4147 64.6715 41.8714 80.8744 28.0378 64.2884 36.3456 74.7901 59.5431 59.0339 10.0 62.2013 32.45 63.7209 73.9607 19.105 94.6812 22.2036 16.9706 21.7505 0.0 67.888 91.1749 71.0282 15.6525 83.707 74.2305 5.09902 41.4849 29.8329 31.1418 73.0068 23.8674 85.635 52.6309 45.3542 69.7136 52.1014 51.8845 70.0258 63.3482 95.4248 18.2483 62.2896 67.0671 81.114 36.6742 19.105 17.2627 71.1758 8.24621 17.2047 76.5157 24.4131 
69.5722 78.2304 37.4833 94.8586 70.4442 96.7763 82.835 66.2722 77.6466 115.434 46.8722 66.4334 24.0416 27.0 76.8538 79.3295 59.7727 4.47214 66.0915 76.4199 40.025 99.648 90.0278 7.2111 89.3969 102.434 76.9215 18.0278 45.1774 5.38516 84.2353 74.3515 81.7435 60.0083 75.8024 46.3249 67.888 0.0 88.6848 22.4722 59.2049 61.8142 87.8402 66.4831 97.1854 76.4199 48.7955 103.79 55.4437 61.3922 18.4391 99.8248 5.65685 80.427 82.5691 68.6941 114.022 90.05 51.9711 17.0294 111.867 68.1175 73.1095 77.6466 66.2722 19.6977 60.5064 53.7587 86.4285 88.776 
52.6133 11.1803 65.5885 31.7805 80.2404 35.5106 66.8506 22.561 11.0454 66.0303 75.8627 48.642 67.4463 61.9839 15.2315 39.433 37.2319 90.2718 50.1228 12.3693 88.9705 35.1283 63.9531 93.5575 25.807 50.3587 84.8863 70.7107 102.148 83.4865 11.4018 68.501 23.0868 109.247 108.117 93.801 91.1749 88.6848 0.0 69.6419 89.7946 34.2053 11.7047 95.9521 67.7791 57.7953 68.3537 23.0868 68.3855 36.8782 92.3051 66.4078 85.3288 40.1081 33.8378 41.1492 65.0692 8.24621 83.8914 71.7008 55.0364 25.0 48.8274 103.734 107.859 72.5328 89.7718 99.5941 8.94427 79.8812 
53.0993 58.6941 34.5254 80.6928 62.5923 83.6097 79.4796 47.1275 58.8218 107.695 47.2652 47.6372 2.23607 10.0 58.9673 68.7568 44.8219 25.9422 51.3933 57.28 48.5077 86.1026 84.9706 25.0799 74.4407 93.2934 79.404 9.48683 58.6003 18.868 66.3488 72.1249 60.075 70.8802 83.6569 53.9351 71.0282 22.4722 69.6419 0.0 57.2189 40.05 69.9537 72.0625 92.1303 71.1126 44.9222 82.3104 52.8867 39.3192 36.0694 94.1032 17.4642 60.5748 71.3644 52.19 106.311 69.8713 53.2353 9.84886 102.601 47.1699 66.1576 85.743 75.505 3.0 63.1269 62.1691 68.542 87.8009 
46.6467 81.1176 25.4951 71.8994 20.7195 71.1633 38.7073 68.6938 79.2996 76.3494 14.1421 43.5079 56.4358 50.2195 77.3407 56.2941 55.3723 55.9883 43.1659 78.5703 19.3547 74.0842 47.9005 66.107 66.3176 69.6575 25.5539 48.0416 24.7386 56.0943 84.7222 29.7626 89.7092 19.7756 26.4764 13.0674 15.6525 59.2049 89.7946 57.2189 0.0 74.2024 81.005 15.1327 53.6994 39.8073 24.4391 80.4472 29.0692 76.0263 43.9477 57.4057 62.1748 57.4933 59.6337 68.6454 75.1016 94.0445 10.7703 48.0104 78.0144 75.0179 46.0836 28.6356 19.9345 57.0351 10.8167 10.1231 86.9154 38.8973 
42.4418 23.3452 49.5177 55.7143 72.2585 59.8123 76.8001 16.7631 25.6125 90.6679 60.2754 41.1096 38.1182 35.4401 29.9666 53.1507 30.4138 64.5368 43.1741 23.4307 71.9694 60.9262 78.0256 65.123 43.9336 74.1754 87.1418 44.3847 85.1469 57.2713 36.0555 73.4983 20.025 93.6589 99.2663 76.8 83.707 61.8142 34.2053 40.05 74.2024 0.0 39.4081 86.4794 84.0238 66.6276 52.7668 52.6972 59.9216 3.16228 70.7743 84.214 57.3149 41.1096 49.6488 34.3311 89.4593 31.7805 66.0017 45.3542 81.3462 9.21954 57.2218 101.498 93.8136 43.0465 82.3039 84.0064 37.0135 88.8426 
39.8812 17.088 64.1211 20.2237 64.903 24.0832 55.6058 24.0832 13.8924 55.0364 67.1836 47.1746 67.7217 61.5655 11.1803 28.3196 35.7645 89.2036 42.042 16.1245 87.503 24.0208 52.3546 93.0436 14.8661 39.0512 73.7818 70.01 100.681 82.5675 3.60555 57.3965 33.1361 94.9499 90.6966 93.7138 74.2305 87.8402 11.7047 69.9537 81.005 39.4081 0.0 79.1117 56.0803 46.6908 66.8862 13.4164 56.0288 42.4382 90.903 54.7083 84.7976 29.0036 22.6716 39.6817 54.0093 19.9249 72.7639 70.9848 44.4072 30.5287 37.7229 92.6293 91.0182 72.7236 72.9314 87.8562 3.0 68.6003 
49.3641 87.2752 39.0512 66.7308 16.2794 66.4831 32.0624 76.8446 85.4571 69.2315 26.2488 47.3276 71.1758 64.6297 83.4982 51.4782 59.1919 63.2456 46.6486 84.7278 26.5707 69.3758 41.1947 73.3757 64.4244 64.0703 13.0384 63.0 29.0689 63.3729 78.8419 24.1868 99.4584 17.4642 13.0384 20.2485 5.09902 66.4831 95.9521 72.0625 15.1327 86.4794 79.1117 0.0 46.0977 34.9285 36.6757 78.0 28.6446 88.4073 50.9902 50.01 69.4535 56.8849 56.7979 74.803 68.0661 100.202 20.6155 63.0079 72.0278 85.8912 41.6293 15.2643 12.1655 72.0 11.4018 14.2127 81.3969 28.178 
42.7551 69.6348 60.0 36.7151 39.4462 33.8378 15.2643 68.0661 65.5134 23.1948 56.8744 47.4342 90.3478 82.3118 58.0517 31.0644 54.5243 95.5416 43.6807 67.2681 67.6282 35.609 7.2111 104.35 43.1741 23.0217 34.1321 85.7555 73.0068 92.4554 56.921 24.6982 86.885 63.561 52.0096 61.341 41.4849 97.1854 67.7791 92.1303 53.6994 84.0238 56.0803 46.0977 0.0 21.095 48.6004 48.2597 41.7732 87.0517 88.6376 4.0 97.8008 43.0116 35.5106 70.2993 22.0907 75.9605 62.6003 86.2844 28.1603 78.1601 27.8927 53.0848 57.5587 93.5361 43.0789 57.9396 58.8727 20.2237 
24.1868 57.2456 39.0512 32.2025 23.0868 31.6228 10.198 51.923 54.2312 39.9625 36.3626 27.2947 69.3542 61.327 52.2723 18.3848 36.2215 74.9667 24.0208 54.4257 57.8702 34.4819 13.8924 83.5464 32.0035 30.4138 27.4591 64.6607 59.1153 71.5891 46.421 11.1803 73.0162 51.2053 45.1885 47.4489 29.8329 76.4199 57.7953 71.1126 39.8073 66.6276 46.6908 34.9285 21.095 0.0 27.6586 43.909 21.4009 69.4622 68.1258 23.4307 76.8375 27.7308 24.0416 52.2966 38.5876 65.6187 42.0885 65.192 39.2938 62.0981 9.84886 46.9574 47.0744 72.4707 29.1868 44.1116 48.976 22.8473 
22.2811 59.6767 11.4018 47.5184 19.6469 49.2443 34.8855 47.2529 57.8587 66.8431 10.4721 19.1423 43.4166 35.6931 55.8998 32.0156 31.0067 47.5079 18.8004 57.1294 31.5868 52.1728 41.4005 55.9017 42.0642 54.5894 36.3456 37.5766 45.1573 43.9318 63.2813 27.2029 68.2682 43.8561 49.4626 37.1479 31.1418 48.7955 68.3537 44.9222 24.4391 52.7668 66.8862 36.6757 48.6004 27.6586 0.0 56.457 8.06226 54.6948 41.6293 51.0882 49.2037 33.0943 35.2278 47.2045 65.437 72.6036 16.198 38.0132 64.0078 53.577 25.0599 51.6946 44.0132 45.8803 29.7386 34.2036 65.4744 42.9535 
39.5867 30.4631 66.549 12.0416 64.195 14.4222 51.225 36.8782 27.2947 43.1856 66.889 45.9901 80.0784 73.9222 23.3452 26.5707 52.7262 102.913 41.7474 29.5296 88.3966 13.0 46.0109 110.744 17.1172 28.1603 71.3442 82.3667 101.429 98.7028 16.6433 55.0727 45.8912 93.8691 89.0056 93.4192 73.0068 103.79 23.0868 82.3104 80.4472 52.6972 13.4164 78.0 48.2597 43.909 56.457 0.0 55.7315 55.7584 97.9242 46.1411 103.581 28.709 21.587 56.6434 42.2966 31.0 72.2061 83.3415 32.0 43.909 36.4005 90.824 89.9374 85.0803 71.8506 86.7754 16.1555 63.7024 
22.8254 59.7085 18.7883 46.0109 12.53 47.0956 27.4591 49.2779 57.8905 61.2944 15.1023 19.7609 51.4198 43.7379 55.9316 30.0 31.6253 53.7695 19.419 57.1612 36.6099 50.0899 34.6554 62.6259 41.3415 50.3289 28.6356 45.31 49.7875 50.8035 63.3132 19.3132 71.8918 48.4862 40.8095 41.778 23.8674 55.4437 68.3855 52.8867 29.0692 59.9216 56.0288 28.6446 41.7732 21.4009 8.06226 55.7315 0.0 61.8496 46.8655 44.5533 56.3028 32.4605 34.2345 47.2363 59.9083 72.6354 20.8282 45.6946 59.6154 58.3245 21.3776 42.9201 40.551 53.7587 22.4642 38.8337 65.5063 34.9285 
45.2769 26.1725 51.0882 58.8729 74.1864 62.9709 79.6304 19.9249 28.6007 93.8265 62.1289 43.6807 37.4833 35.4683 33.1059 56.2228 33.2415 64.2884 45.8912 26.4008 73.2168 64.0781 81.0062 64.3817 47.0922 77.334 89.6594 44.2719 86.3713 57.0088 39.1152 76.1577 21.095 95.5336 101.194 78.0473 85.635 61.3922 36.8782 39.3192 76.0263 3.16228 42.4382 88.4073 87.0517 69.4622 54.6948 55.7584 61.8496 0.0 71.1126 87.2812 56.7186 44.1814 52.7731 37.1662 92.6179 34.0 67.9297 45.2217 84.5048 12.0416 60.1435 103.426 95.6926 42.2966 84.2319 85.8812 40.0 91.5915 
63.7067 82.8734 32.0156 88.9931 59.2415 90.6749 74.2485 71.0211 81.3941 107.845 36.8206 60.5679 36.7967 35.8469 79.9166 73.464 62.1522 14.1421 60.226 80.6226 24.6982 93.5998 81.5123 24.0 83.5314 96.1509 62.6281 27.8029 27.0 18.3576 87.2981 68.2846 89.8109 42.2966 58.9406 30.8869 52.6309 18.4391 92.3051 36.0694 43.9477 70.7743 90.903 50.9902 88.6376 68.1258 41.6293 97.9242 46.8655 71.1126 0.0 91.3897 23.4094 74.5615 76.7036 71.2981 106.449 95.1893 41.371 27.0185 105.546 75.2861 66.6408 60.6383 49.0306 34.0588 50.0227 37.3363 89.4913 76.7028 
43.6807 68.884 62.482 34.9285 42.9418 31.7648 18.7883 68.0074 64.7765 19.2354 59.6265 48.8467 92.3205 84.2846 57.4282 31.0644 66.9104 98.2904 44.9444 66.6108 71.3345 33.2866 10.0 106.963 42.4264 19.8494 38.1182 87.9204 76.6942 95.0158 55.7853 28.178 86.1452 67.4685 56.0089 65.0473 45.3542 99.8248 66.4078 94.1032 57.4057 84.214 54.7083 50.01 4.0 23.4307 51.0882 46.1411 44.5533 87.2812 91.3897 0.0 100.265 43.1045 35.0571 70.8276 18.1108 74.6324 65.3524 88.4816 24.3516 78.0064 29.1548 57.0789 61.5224 95.5372 46.7852 61.6847 57.5674 24.1868 
65.4171 74.6726 37.8021 95.4399 72.5156 96.5672 83.7616 62.8013 74.3303 115.28 48.3011 66.2243 19.2354 23.3452 73.8111 79.7524 57.3551 10.0 65.8823 72.9932 43.2897 99.4389 90.6035 8.24621 89.1878 102.224 79.0569 14.8661 49.6488 6.08276 81.1926 75.3227 77.3175 64.0703 79.3095 49.4975 69.7136 5.65685 85.3288 17.4642 62.1748 57.3149 84.7976 69.4535 97.8008 76.8375 49.2037 103.581 56.3028 56.7186 23.4094 100.265 0.0 80.2179 82.36 65.9732 113.866 86.2844 53.7122 13.9284 111.658 64.0 72.9005 81.2219 70.0286 14.5602 62.6259 57.2189 83.3858 90.3912 
16.2241 29.6038 43.1864 20.5683 42.1485 23.4853 37.6962 25.0799 26.5894 50.9902 43.5264 22.6274 58.3473 51.4907 24.6305 12.0416 24.4675 79.5506 18.3848 26.7839 65.034 25.9781 37.3363 87.3817 14.3162 34.9857 53.1507 67.3451 78.2116 75.3402 28.7337 37.2022 45.3744 72.723 68.9334 70.2021 52.1014 80.427 40.1081 60.5748 57.4933 41.1096 29.0036 56.8849 43.0116 27.7308 33.0943 28.709 32.4605 44.1814 74.5615 43.1045 80.2179 0.0 9.43398 28.3848 49.6588 41.3343 49.2523 67.9379 43.6005 35.2278 17.8885 70.9732 68.7913 63.162 50.7045 67.2579 31.2888 50.5668 
18.3661 34.2517 45.3285 12.3693 42.72 14.7648 33.0151 33.1361 30.1287 41.6293 45.6668 24.7695 69.2196 61.6205 22.6321 5.65685 33.8136 81.6927 20.5269 31.8503 67.1744 17.4642 30.6757 89.5238 8.06226 25.5539 51.225 69.4872 80.352 77.4823 22.4722 34.8281 51.4804 72.6365 68.2642 72.3425 51.8845 82.5691 33.8378 71.3644 59.6337 49.6488 22.6716 56.7979 35.5106 24.0416 35.2278 21.587 34.2345 52.7731 76.7036 35.0571 82.36 9.43398 0.0 37.7308 40.3113 41.6773 51.3927 70.08 34.2053 43.0116 15.2643 70.1783 68.7048 73.6412 50.618 65.5428 25.0 46.0435 
28.1108 32.4722 44.4393 48.5027 59.0913 51.4197 62.469 22.0416 30.6542 79.3542 54.7135 27.4929 49.9625 43.1059 28.6953 40.0832 16.0828 69.8415 28.9737 29.9249 67.8213 53.9125 64.037 74.195 42.2506 63.2353 73.5059 51.1096 80.9989 63.3667 36.0768 59.3356 44.6554 88.0974 86.9679 72.6518 70.0258 68.6941 41.1492 52.19 68.6454 34.3311 39.6817 74.803 70.2993 52.2966 47.2045 56.6434 47.2363 37.1662 71.2981 70.8276 65.9732 28.3848 37.7308 0.0 78.0294 45.3991 62.7422 52.0595 71.5873 31.095 43.0151 89.0785 86.7094 54.7772 68.6226 78.4449 38.27 74.5368 
53.5263 70.3491 76.5768 34.2345 60.1664 30.1496 36.4005 72.8234 66.4831 1.41421 74.6861 59.8164 104.166 96.5674 60.0167 38.5876 74.1122 112.929 55.6058 68.593 89.0305 30.0 27.2029 121.017 45.607 15.2971 56.2228 100.993 94.4096 108.977 56.1427 45.5412 87.0919 85.5102 74.0068 82.7432 63.3482 114.022 65.0692 106.311 75.1016 89.4593 54.0093 68.0661 22.0907 38.5876 65.437 42.2966 59.9083 92.6179 106.449 18.1108 113.866 49.6588 40.3113 78.0294 0.0 73.171 80.412 101.586 11.1803 81.7863 41.0122 75.0067 79.6304 108.588 64.4811 79.404 57.0088 42.0119 
56.8632 12.3693 69.2244 40.025 84.4903 43.7379 74.674 24.1868 14.7648 74.108 80.1126 52.8919 67.7422 63.0714 21.2603 47.2564 40.8678 92.0054 54.3728 14.8661 92.6064 43.2897 72.0139 94.4299 33.6155 58.5491 93.8169 72.0278 105.784 85.0059 19.2354 76.3243 16.6433 113.496 112.367 97.4369 95.4248 90.05 8.24621 69.8713 94.0445 31.7805 19.9249 100.202 75.9605 65.6187 72.6036 31.0 72.6354 34.0 95.1893 74.6324 86.2844 41.3343 41.6773 45.3991 73.171 0.0 88.1413 73.0274 63.0 23.0868 56.6508 114.478 112.109 72.8354 94.0217 103.844 17.088 87.7059 
38.4056 75.2144 19.0263 63.6583 19.2412 65.307 48.2112 64.3357 73.3964 81.8081 6.0 35.2668 52.0865 45.0111 71.4375 48.053 47.1312 49.6488 34.9249 72.6671 28.833 68.2497 55.475 59.1692 58.0766 70.1313 26.1725 44.7214 34.217 47.8539 78.8191 39.7277 86.9278 29.2539 33.541 22.5457 18.2483 51.9711 83.8914 53.2353 10.7703 66.0017 72.7639 20.6155 62.6003 42.0885 16.198 72.2061 20.8282 67.9297 41.371 65.3524 53.7122 49.2523 51.3927 62.7422 80.412 88.1413 0.0 44.911 79.5161 66.8119 40.6611 35.7771 29.0 53.6004 10.0499 19.6015 81.0122 37.5729 
51.5011 61.2046 26.9258 83.1599 64.1329 84.2872 72.8972 49.2544 60.6712 103.0 39.0512 53.9443 10.0 10.0499 59.9984 67.4724 43.439 19.2354 53.6023 59.4138 38.833 87.1588 79.0759 22.1359 76.9078 89.9444 71.0211 1.0 48.7545 12.0416 67.3799 65.0 65.1153 61.131 74.2428 44.4072 62.2896 17.0294 71.7008 9.84886 48.0104 45.3542 70.9848 63.0079 86.2844 65.192 38.0132 83.3415 45.6946 45.2217 27.0185 88.4816 13.9284 67.9379 70.08 52.0595 101.586 73.0274 44.911 0.0 101.317 51.2445 60.6205 76.3217 65.9242 9.05539 54.5894 52.6118 69.5731 80.3243 
49.6027 61.1882 74.6257 25.632 62.1691 21.5407 40.0 64.7103 57.4891 11.7047 73.7902 56.0061 100.456 92.8571 51.5461 33.9706 67.6701 110.991 51.7397 59.6657 95.2978 20.6155 31.0644 118.822 38.0132 9.43398 61.2046 100.724 97.3224 106.781 46.8722 48.2597 77.5242 89.202 79.511 85.656 67.0671 111.867 55.0364 102.601 78.0144 81.3462 44.4072 72.0278 28.1603 39.2938 64.0078 32.0 59.6154 84.5048 105.546 24.3516 111.658 43.6005 34.2053 71.5873 11.1803 63.0 79.5161 101.317 0.0 73.3757 38.9487 80.7527 84.0 104.878 67.3939 82.3188 47.3814 48.2701 
39.2058 14.1421 50.8035 47.8017 70.1795 51.923 72.2772 10.198 16.6433 82.9759 61.086 38.5876 45.0999 41.1947 21.8403 47.0956 27.1778 70.4557 40.0687 14.4222 74.0959 52.811 72.5603 72.0278 36.3456 66.4906 84.6009 50.2494 87.2734 63.2851 27.2947 70.4306 14.7648 94.4698 98.0561 79.0243 81.114 68.1175 25.0 47.1699 75.0179 9.21954 30.5287 85.8912 78.1601 62.0981 53.577 43.909 58.3245 12.0416 75.2861 78.0064 64.0 35.2278 43.0116 31.095 81.7863 23.0868 66.8119 51.2445 73.3757 0.0 52.3927 100.167 94.6259 50.1597 79.7108 84.8174 28.0179 84.8533 
15.0333 47.3997 35.805 25.4951 27.8927 26.0192 19.9249 42.2019 44.3853 42.4264 34.9352 19.6977 64.375 56.339 42.4264 9.84886 27.0 72.2011 15.8114 44.5798 56.4428 29.0172 21.2132 80.0562 23.0356 29.5296 36.1248 60.0277 69.6204 68.0147 37.4531 19.799 63.1703 57.4816 53.0 61.611 36.6742 73.1095 48.8274 66.1576 46.0836 57.2218 37.7229 41.6293 27.8927 9.84886 25.0599 36.4005 21.3776 60.1435 66.6408 29.1548 72.9005 17.8885 15.2643 43.0151 41.0122 56.6508 40.6611 60.6205 38.9487 52.3927 0.0 54.9181 53.5499 67.5916 35.4631 50.388 40.0082 32.6956 
63.6396 102.747 53.7587 79.1581 30.5549 78.3901 41.4849 91.1201 99.7327 76.0 41.2311 61.6031 85.0463 78.8543 97.7737 64.6607 73.4674 73.9797 60.9241 99.9271 38.0132 81.1542 49.8197 84.1724 77.942 73.7564 19.9249 76.4199 34.9285 75.1665 92.3595 35.7771 113.734 19.2354 2.23607 32.0156 19.105 77.6466 103.734 85.743 28.6356 101.498 92.6293 15.2643 53.0848 46.9574 51.6946 90.824 42.9201 103.426 60.6383 57.0789 81.2219 70.9732 70.1783 89.0785 75.0067 114.478 35.7771 76.3217 80.7527 100.167 54.9181 0.0 11.7047 85.3756 26.6271 24.0208 94.9145 33.0 
61.2706 99.1816 45.358 78.7465 28.1858 78.5875 44.0 88.751 97.3636 80.7527 33.6006 59.234 74.9533 69.4636 95.4047 63.3981 71.0984 62.514 58.5551 96.6343 27.1662 81.4923 53.0377 72.6911 76.3308 76.1643 23.5372 66.0984 23.2594 64.0078 90.7483 36.3456 110.895 7.81025 10.2956 21.587 17.2627 66.2722 107.859 75.505 19.9345 93.8136 91.0182 12.1655 57.5587 47.0744 44.0132 89.9374 40.551 95.6926 49.0306 61.5224 70.0286 68.7913 68.7048 86.7094 79.6304 112.109 29.0 65.9242 84.0 94.6259 53.5499 11.7047 0.0 74.9667 21.9545 13.3417 93.3034 38.6005 
55.376 61.6117 35.171 83.28 72.8412 86.1969 80.6226 50.0 61.6847 109.972 47.676 49.914 5.09902 12.0416 61.7372 71.0335 47.2017 23.3238 53.67 60.1664 47.8539 88.6898 86.3539 22.0907 77.0279 95.5701 79.7621 9.0 57.3847 16.4012 69.1187 73.0548 63.0714 70.0928 83.2947 53.4603 71.1758 19.6977 72.5328 3.0 57.0351 43.0465 72.7236 72.0 93.5361 72.4707 45.8803 85.0803 53.7587 42.2966 34.0588 95.5372 14.5602 63.162 73.6412 54.7772 108.588 72.8354 53.6004 9.05539 104.878 50.1597 67.5916 85.3756 74.9667 0.0 63.3877 61.6604 71.3118 88.6002 
43.1838 81.0948 29.0689 60.6597 10.099 60.5428 28.0868 70.6642 79.2768 65.7289 16.0312 41.1472 62.0322 55.0364 77.3179 45.3113 53.0116 58.0892 40.4683 78.5475 25.4296 63.4637 37.28 67.6814 58.244 59.037 16.4924 54.4518 30.8136 56.648 72.6615 19.1421 93.2781 24.5153 24.4131 19.1423 8.24621 60.5064 89.7718 63.1269 10.8167 82.3039 72.9314 11.4018 43.0789 29.1868 29.7386 71.8506 22.4642 84.2319 50.0227 46.7852 62.6259 50.7045 50.618 68.6226 64.4811 94.0217 10.0499 54.5894 67.3939 79.7108 35.4631 26.6271 21.9545 63.3877 0.0 16.1245 75.2166 28.4253 
55.3698 90.9171 35.5466 75.5845 25.0239 75.4676 43.0116 78.4933 89.0991 80.6536 23.8045 53.2724 61.6117 56.1233 87.1401 60.2361 65.1368 50.2195 52.9304 88.3697 14.0 78.3885 52.2015 60.4152 73.1689 73.9619 26.9072 52.7731 15.2643 51.1566 94.5217 34.067 99.5086 10.6301 22.0907 8.24621 17.2047 53.7587 99.5941 62.1691 10.1231 84.0064 87.8562 14.2127 57.9396 44.1116 34.2036 86.7754 38.8337 85.8812 37.3363 61.6847 57.2189 67.2579 65.5428 78.4449 79.404 103.844 19.6015 52.6118 82.3188 84.8174 50.388 24.0208 13.3417 61.6604 16.1245 0.0 96.7148 41.6173 
49.7341 14.3178 62.7093 23.1948 67.1882 27.074 58.0086 22.2036 11.4018 58.0345 72.9834 45.7628 66.3099 60.1537 10.198 30.6138 34.3527 87.7919 47.2436 13.6015 86.0912 27.0185 55.0091 91.6318 17.0294 42.0476 76.067 68.5982 99.2688 81.1557 3.16228 59.6817 30.1496 106.367 92.9819 90.9218 76.5157 86.4285 8.94427 68.542 86.9154 37.0135 3.0 81.3969 58.8727 48.976 65.4744 16.1555 65.5063 40.0 89.4913 57.5674 83.3858 31.2888 25.0 38.27 57.0088 17.088 81.0122 69.5731 47.3814 28.0179 40.0082 94.9145 93.3034 71.3118 75.2166 96.7148 0.0 71.0282 
