NAME  : Jabali_70_2_0.90_1_2
TYPE : SVRP
MODEL : FINITE_SUPPORT
NUMBER_OF_SCENARIOS : 200
DIMENSION : 70
EDGE_WEIGHT_TYPE : MATRIX
CAPACITY : 222
N_VEHICLES : 2
NODE_COORD_SECTION
1 2782 4716
2 3339 3307
3 4520 2834
4 830 5830
5 3699 7156
6 8077 4785
7 291 2918
8 4819 329
9 4252 4216
10 4171 2632
11 2561 2048
12 6021 5731
13 1070 5192
14 4163 1511
15 2445 5444
16 5969 3349
17 5538 5321
18 4895 4334
19 3023 3260
20 4207 4086
21 1440 7723
22 27 3739
23 4509 4658
24 689 3641
25 614 1774
26 4975 680
27 5133 3297
28 4877 2125
29 6375 4968
30 3922 18
31 2737 4337
32 7027 5754
33 5860 2149
34 1396 3150
35 2424 5140
36 1802 4625
37 2620 2172
38 6611 5304
39 2671 4793
40 6758 4054
41 1813 7951
42 2157 2620
43 1173 4151
44 4331 1523
45 3934 2322
46 38 2272
47 2207 6686
48 4605 768
49 1305 3254
50 4254 1813
51 5913 6031
52 5109 4668
53 4392 199
54 980 5910
55 6978 3506
56 1907 1307
57 4598 1841
58 951 4422
59 7008 4926
60 1132 3109
61 3428 3068
62 2996 2743
63 1273 2220
64 2430 3017
65 3432 5157
66 3805 1919
67 6794 4271
68 5646 5802
69 3317 7673
70 794 4201
DEMAND_SECTION
1 0.0
2 10.0
3 6.0
4 10.0
5 1.0
6 8.0
7 9.0
8 3.0
9 1.0
10 2.0
11 6.0
12 1.0
13 3.0
14 10.0
15 5.0
16 6.0
17 6.0
18 7.0
19 3.0
20 7.0
21 4.0
22 8.0
23 5.0
24 7.0
25 1.0
26 10.0
27 8.0
28 5.0
29 5.0
30 9.0
31 10.0
32 4.0
33 3.0
34 4.0
35 2.0
36 9.0
37 7.0
38 9.0
39 2.0
40 9.0
41 5.0
42 3.0
43 1.0
44 7.0
45 5.0
46 5.0
47 10.0
48 4.0
49 6.0
50 10.0
51 8.0
52 9.0
53 3.0
54 9.0
55 5.0
56 3.0
57 1.0
58 6.0
59 4.0
60 8.0
61 8.0
62 1.0
63 7.0
64 10.0
65 10.0
66 5.0
67 3.0
68 6.0
69 5.0
70 9.0
DEVIATION_SECTION
1 0.0
2 3.33333
3 2.0
4 3.33333
5 0.333333
6 2.66667
7 3.0
8 1.0
9 0.333333
10 0.666667
11 2.0
12 0.333333
13 1.0
14 3.33333
15 1.66667
16 2.0
17 2.0
18 2.33333
19 1.0
20 2.33333
21 1.33333
22 2.66667
23 1.66667
24 2.33333
25 0.333333
26 3.33333
27 2.66667
28 1.66667
29 1.66667
30 3.0
31 3.33333
32 1.33333
33 1.0
34 1.33333
35 0.666667
36 3.0
37 2.33333
38 3.0
39 0.666667
40 3.0
41 1.66667
42 1.0
43 0.333333
44 2.33333
45 1.66667
46 1.66667
47 3.33333
48 1.33333
49 2.0
50 3.33333
51 2.66667
52 3.0
53 1.0
54 3.0
55 1.66667
56 1.0
57 0.333333
58 2.0
59 1.33333
60 2.66667
61 2.66667
62 0.333333
63 2.33333
64 3.33333
65 3.33333
66 1.66667
67 1.0
68 2.0
69 1.66667
70 3.0
DISTANCE_MATRIX
0.0 24.3554 39.2127 31.5945 39.2053 71.2214 40.4969 69.6359 21.4928 37.4537 33.6155 46.6476 23.8873 52.2383 10.2956 45.9037 38.833 28.1411 21.8114 21.8284 46.1883 38.6005 22.815 30.8869 48.0416 65.7549 39.7078 47.5512 48.8681 64.1213 5.0 59.4054 59.1196 27.2947 7.28011 12.8062 32.7567 52.501 1.0 54.0247 47.0913 27.5136 22.8035 52.1411 41.6727 48.5077 27.8569 63.6384 27.4591 48.6522 46.9574 30.6139 64.8156 31.5162 57.8933 45.8803 48.8274 24.7588 56.7333 29.6142 26.9917 27.8944 38.0526 22.3607 11.0 46.4888 54.0373 42.9418 43.9102 26.9072 
24.3554 0.0 14.8102 47.8267 55.8157 67.1193 41.7732 45.8234 19.0263 13.6412 19.0 50.4876 40.1194 28.4258 33.9998 36.2171 42.2966 26.4764 3.60555 18.0278 70.3478 45.1774 26.0192 36.2353 42.4853 41.9423 23.4307 23.7386 48.1041 50.4483 19.7243 60.7289 35.9513 27.0185 30.4757 28.1909 18.0 52.811 24.9452 47.2071 71.2508 17.8885 32.0156 28.3285 17.8601 47.0106 51.8311 39.8259 27.8029 24.8396 52.1536 31.4006 47.4335 47.7483 48.7205 33.0151 25.0149 35.8387 54.5619 29.8329 3.16228 8.544 31.7648 12.2066 31.4722 22.6763 48.2597 48.0937 63.3362 36.4005 
39.2127 14.8102 0.0 62.094 58.0 56.2842 56.5177 32.5576 18.3848 6.40312 30.099 44.2832 54.3868 17.088 45.6495 25.31 36.6742 21.1896 18.4018 17.6918 81.4526 59.4786 23.8537 50.566 57.1199 28.4258 11.1803 9.81025 39.3192 38.5876 33.9917 52.345 22.0229 41.7131 43.3576 42.4583 30.0 44.2832 39.8661 36.3261 81.8816 32.5539 46.3486 16.5529 11.6619 61.8179 62.9359 26.9072 42.4683 13.6015 46.6905 25.9615 34.8281 62.0157 37.8134 41.1555 12.2066 50.1061 44.643 44.5366 14.2801 21.1421 46.4462 27.0 34.0 14.1421 37.4177 42.9535 65.5254 50.704 
31.5945 47.8267 62.094 0.0 38.6264 96.9301 40.1622 87.6999 52.2888 60.925 52.7687 66.768 8.60233 71.8998 28.0706 76.6998 62.3738 58.9371 45.2827 52.6245 25.0599 31.257 53.6111 29.5466 54.1202 86.1429 70.5038 71.0224 74.7303 85.096 34.3933 80.1918 83.2351 35.4683 26.9484 19.8062 52.2524 76.0595 30.6948 84.8208 29.1548 44.429 22.2036 72.5291 65.1439 49.3356 18.9737 81.9534 34.8281 72.1234 65.0521 62.5807 85.7902 1.41421 88.6894 60.8112 72.2987 19.2354 82.4699 35.805 50.463 51.1338 47.8017 42.3528 46.197 66.8769 83.991 62.2981 38.4708 21.9317 
39.2053 55.8157 58.0 38.6264 0.0 67.7422 74.0068 90.5539 39.6232 59.0187 72.6759 37.2156 43.9318 73.8016 31.257 57.7754 35.2278 40.3113 58.0821 40.3113 29.5296 67.7775 35.2278 63.0317 84.7172 86.4107 55.7584 67.7951 47.0106 95.8243 43.7763 49.4773 70.9938 63.6396 34.5254 44.1022 71.7874 47.1699 38.4479 58.5491 26.5707 65.9858 54.0093 73.6869 63.2428 83.006 19.6977 84.8528 63.5059 70.2171 34.5254 38.0789 92.6553 37.3363 65.307 84.365 70.0071 53.2368 54.0833 65.3758 57.9402 64.3596 75.505 61.7687 29.2203 68.059 57.3149 33.0606 8.24621 56.2228 
71.2214 67.1193 56.2842 96.9301 67.7422 0.0 108.173 72.0069 53.0377 62.3593 86.3101 30.5941 94.301 68.6804 77.5863 35.8469 34.9285 43.8634 70.7248 53.7401 96.0469 109.81 48.4149 101.987 109.483 68.0661 45.4147 57.5674 22.8254 83.1505 71.8748 19.105 46.6905 93.3074 75.3634 83.8788 86.2111 20.8806 71.8748 20.1246 93.9415 84.9172 94.0223 67.4463 67.744 114.039 80.2682 70.3491 94.0014 66.4078 33.2415 40.6079 77.0584 95.555 23.1948 97.138 62.6418 95.9061 14.7648 96.1341 66.6434 73.5054 98.8095 79.3221 64.3506 70.2309 18.868 34.9285 75.4255 98.1184 
40.4969 41.7732 56.5177 40.1622 74.0068 108.173 0.0 68.0661 57.0574 55.3486 32.28 86.7791 32.0156 52.6274 43.2897 77.5655 78.8277 65.7511 38.2884 56.1065 65.0 11.4018 62.7318 11.0454 15.6205 66.9403 65.1382 61.5705 88.0908 63.0079 39.3573 99.3512 77.6587 14.8661 40.6079 30.2655 32.573 92.4179 40.1622 88.5268 69.2892 25.9422 20.0 54.0064 59.5675 9.21954 56.4358 62.5859 14.2127 52.9194 87.3212 70.5307 65.3758 40.8044 90.4279 30.4138 57.1621 21.3776 95.0279 12.0416 43.4166 39.4462 16.0 30.0 50.9608 48.5434 89.4142 83.2586 76.3232 18.4391 
69.6359 45.8234 32.5576 87.6999 90.5539 72.0069 68.0661 0.0 50.9313 32.7567 36.1248 72.0902 79.8189 18.9737 79.2804 41.1096 66.1782 52.9368 49.4149 50.2494 115.628 76.1643 56.1595 68.078 59.2368 4.47214 53.8326 23.3452 63.8905 11.7047 65.0049 76.1577 26.9258 57.0837 75.7563 68.8004 36.0555 68.6804 70.2258 54.5894 116.531 44.2174 68.4275 18.3848 32.311 68.3081 97.1116 6.32456 58.083 21.9317 75.191 57.4544 5.38516 87.6216 49.0408 40.7185 20.8087 72.5494 66.0984 59.0762 45.2933 41.2625 52.3927 45.4867 66.4891 27.2029 56.7186 72.2363 98.0816 71.8566 
21.4928 19.0263 18.3848 52.2888 39.6232 53.0377 57.0574 50.9313 0.0 20.1246 38.0132 32.0156 44.5816 34.6699 27.9296 25.31 23.7697 9.21954 22.0227 1.0 62.3691 60.0816 7.0 52.2245 59.7746 46.788 18.2483 28.1725 31.6228 56.6127 22.1462 43.382 38.5259 42.1918 25.6377 34.1502 37.0135 35.8469 22.1462 34.6699 60.9072 35.6931 44.2936 34.4093 24.3677 63.0493 45.216 45.2769 42.8858 31.0644 33.3766 13.4164 53.1507 52.2105 37.6962 52.0 30.4795 46.1774 39.0512 45.0185 20.3961 27.2947 49.0408 29.6142 16.2801 29.1839 35.0 29.2746 47.1557 48.3897 
37.4537 13.6412 6.40312 60.925 59.0187 62.3593 55.3486 32.7567 20.1246 0.0 24.3344 49.0102 53.2178 14.8661 47.0982 31.3852 41.1096 25.1794 17.2327 19.2354 83.4462 58.3095 26.5707 49.397 55.9508 29.0689 17.4929 12.0 44.911 36.8782 32.8227 57.8705 24.2127 40.5441 43.5741 41.2892 24.2354 49.8197 38.0436 42.4012 84.3492 31.3848 44.4574 14.8661 5.38516 60.6488 64.9294 26.6271 41.2992 11.3137 51.1566 30.1496 34.0588 60.8467 43.8885 35.3909 12.083 48.937 50.5964 43.3676 13.1111 19.9731 45.2771 25.831 34.6804 9.21954 43.4929 47.2652 66.5393 48.9123 
33.6155 19.0 30.099 52.7687 72.6759 86.3101 32.28 36.1248 38.0132 24.3344 0.0 69.3542 44.7772 20.3634 42.8019 50.6818 61.2046 45.2769 16.1245 37.0135 77.1646 40.05 45.0111 32.0624 26.8701 34.7131 41.1545 29.3065 66.2995 32.9848 29.0689 79.0955 41.9772 21.095 39.2046 34.2053 1.0 71.1021 34.1321 66.4224 80.1069 8.544 32.8938 21.7423 19.1347 34.1321 60.8725 30.4138 22.0907 20.6554 71.1126 50.2494 34.0588 52.6904 63.8978 14.0357 24.898 37.0 72.5057 23.0 18.2483 11.4018 17.4929 11.4018 43.5206 16.2794 67.514 67.0671 77.1855 36.1386 
46.6476 50.4876 44.2832 66.768 37.2156 30.5941 86.7791 72.0902 32.0156 49.0102 69.3542 0.0 68.5288 61.0 51.7856 31.3847 8.24621 24.0832 53.7587 32.9848 65.521 85.1469 25.2982 77.5242 91.7696 67.624 35.4401 52.2195 11.1803 81.1646 47.5157 13.6015 45.6508 72.8118 49.5627 58.8218 68.3593 10.0 47.1699 24.1868 63.3482 67.6831 69.3397 60.208 54.0093 94.3343 50.1061 68.1174 73.1466 57.7062 3.60555 19.105 76.0162 65.3929 31.9061 83.3847 55.3173 70.8025 17.0294 75.3697 51.1566 58.1378 81.0432 61.6117 37.6431 58.0775 22.3607 4.47214 45.0444 73.2393 
23.8873 40.1194 54.3868 8.60233 43.9318 94.301 32.0156 79.8189 44.5816 53.2178 44.7772 68.5288 0.0 64.0188 20.3634 68.9926 61.0771 51.2299 37.5754 44.9173 33.6155 24.0208 45.9038 21.1896 45.618 78.2343 62.7966 63.3152 71.8073 77.215 26.6861 81.6767 75.5279 26.9072 19.2412 12.099 44.2945 75.1661 22.9876 77.1136 37.5766 36.3593 13.6015 64.6204 57.4367 41.2311 25.02 74.0725 26.2488 64.4162 68.4533 53.6994 77.9092 8.94427 80.9822 52.345 64.5915 10.7703 79.7515 27.2029 42.7558 43.4166 39.2046 34.5398 31.0727 58.9682 77.1261 64.5666 45.0111 13.6015 
52.2383 28.4258 17.088 71.8998 73.8016 68.6804 52.6274 18.9737 34.6699 14.8661 20.3634 61.0 64.0188 0.0 61.8828 33.3766 53.6004 38.2753 32.0173 33.8378 98.2307 60.3642 40.7063 52.2778 46.4004 16.1245 26.0192 11.1803 55.0091 22.0227 47.6073 68.0 22.8254 41.2836 58.3586 52.8646 20.2643 60.0083 52.8281 49.0306 99.1338 28.4173 52.6274 1.41421 13.4164 54.2033 79.714 12.6491 42.2828 3.60555 63.561 43.0116 19.4165 71.8215 45.8803 29.8329 6.08276 56.7493 59.3043 43.2822 27.8956 25.4624 37.5899 29.6865 49.4599 8.24621 50.8035 59.9083 81.3222 56.0565 
10.2956 33.9998 45.6495 28.0706 31.257 77.5863 43.2897 79.2804 27.9296 47.0982 42.8019 51.7856 20.3634 61.8828 0.0 52.3406 44.3338 34.5779 31.4558 28.2653 36.405 38.6264 29.2389 32.5576 53.4603 75.3993 46.1446 55.4519 55.0641 73.7658 15.2643 64.9335 65.5565 32.3883 3.60555 13.0384 42.0119 58.4229 9.43398 60.4616 37.308 35.8469 23.5372 61.7855 51.3171 52.0865 18.0736 73.2829 32.249 58.2966 51.7101 37.0079 74.46 27.9923 64.3302 54.1202 58.4719 23.7697 63.0133 34.1321 36.6362 37.5389 44.3847 31.4006 14.3294 56.1333 60.4741 47.8234 35.1141 26.5707 
45.9037 36.2171 25.31 76.6998 57.7754 35.8469 77.5655 41.1096 25.31 31.3852 50.6818 31.3847 68.9926 33.3766 52.3406 0.0 26.1725 18.4236 39.8086 25.6336 81.5289 80.3102 24.4115 71.38 78.5268 36.6879 14.4405 22.2036 22.8035 50.8035 46.5571 35.3553 14.3178 62.7001 50.0486 58.5611 50.5828 27.6586 46.5571 15.8114 80.1736 53.9608 67.1323 32.249 36.7699 83.2248 65.409 37.6563 63.3852 30.8058 34.6699 19.6977 45.3542 76.6215 14.8661 61.5097 27.2947 70.8898 26.0192 65.5267 35.687 42.549 67.8531 48.4069 40.613 34.6026 17.4642 32.0156 65.9242 71.4878 
38.833 42.2966 36.6742 62.3738 35.2278 34.9285 78.8277 66.1782 23.7697 41.1096 61.2046 8.24621 61.0771 53.6004 44.3338 26.1725 0.0 16.0 45.5412 24.7386 61.8142 77.4209 17.088 69.6419 83.528 61.7122 28.6356 45.0116 12.3693 74.3166 39.5642 20.6155 40.0 64.8603 42.111 51.225 60.208 14.4222 39.4081 23.3452 60.208 59.439 61.6117 52.8867 46.0109 86.3829 45.7118 62.2053 65.1951 50.2195 10.0499 11.0 70.1041 60.9986 30.3645 75.2396 48.0833 63.2535 20.2485 67.4182 43.0465 50.04 72.8011 53.3667 30.4138 50.2494 22.0907 6.32456 43.4166 65.6049 
28.1411 26.4764 21.1896 58.9371 40.3113 43.8634 65.7511 52.9368 9.21954 25.1794 45.2769 24.0832 51.2299 38.2753 34.5779 18.4236 16.0 0.0 29.8329 10.0 63.5865 66.7299 6.0 58.8728 68.352 48.7935 15.6205 30.178 22.4722 59.4811 28.7945 34.5398 31.6395 50.8855 32.2859 40.7984 44.2832 26.8328 28.7945 25.9422 62.2312 43.9659 50.9419 37.6962 30.0167 71.743 47.4666 47.3874 51.5795 34.7851 26.0192 5.0 55.3809 58.8588 29.8329 59.3043 33.1059 52.8257 29.8329 53.7122 27.074 34.0588 57.5847 37.9473 22.561 34.3657 26.0768 22.0907 48.3011 55.038 
21.8114 3.60555 18.4018 45.2827 58.0821 70.7248 38.2884 49.4149 22.0227 17.2327 16.1245 53.7587 37.5754 32.0173 31.4558 39.8086 45.5412 29.8329 0.0 21.0238 67.8038 42.0476 29.0172 33.1059 38.9102 45.5339 27.0223 27.3301 51.6236 45.0134 17.1803 64.195 39.5428 23.6008 27.9317 25.6469 15.1327 56.3028 22.4012 50.8105 68.7068 14.3178 29.4279 31.92 21.4516 43.4166 49.4724 43.4174 24.4131 28.4311 55.3263 34.7131 51.025 45.2043 52.312 30.0167 28.6064 33.2415 58.1378 26.4008 5.38516 7.07107 28.178 8.60233 31.632 26.2678 51.8652 51.2445 65.5257 33.7343 
21.8284 18.0278 17.6918 52.6245 40.3113 53.7401 56.1065 50.2494 1.0 19.2354 37.0135 32.9848 44.9173 33.8378 28.2653 25.6336 24.7386 10.0 21.0238 0.0 62.7047 60.4173 8.0 52.5602 58.8218 46.1106 18.1108 27.4951 32.45 55.8032 22.4818 44.2832 38.8495 41.2409 25.9733 34.4858 36.0139 36.7151 22.4818 35.2278 61.5862 34.7131 44.6293 33.6006 23.4663 62.0984 45.5517 44.5533 41.9349 30.2324 34.3657 14.3178 52.4023 52.5462 38.0789 51.0 29.7321 46.5131 39.8246 44.0677 19.4165 26.3059 48.0833 28.6356 16.6158 28.2825 35.609 30.2655 47.8347 48.7254 
46.1883 70.3478 81.4526 25.0599 29.5296 96.0469 65.0 115.628 62.3691 83.4462 77.1646 65.521 33.6155 98.2307 36.405 81.5289 61.8142 63.5865 67.8038 62.7047 0.0 55.3624 58.1808 54.5619 79.177 111.747 78.7719 91.2551 74.1485 110.114 51.1883 78.4347 99.9959 60.2163 40.0082 44.2022 76.6483 75.1864 45.4309 84.3655 5.09902 68.8249 47.1699 98.1335 87.6651 74.0945 18.4391 109.631 59.6406 94.6446 63.2456 62.0387 110.808 24.6982 90.5006 85.3062 94.8199 44.2945 81.7863 60.7454 72.9842 73.8869 72.6705 67.8035 48.7689 92.4813 83.449 61.131 24.0832 46.9574 
38.6005 45.1774 59.4786 31.257 67.7775 109.81 11.4018 76.1643 60.0816 58.3095 40.05 85.1469 24.0208 60.3642 38.6264 80.3102 77.4209 66.7299 42.0476 60.4173 55.3624 0.0 61.4038 8.94427 27.0185 74.7141 68.1158 68.407 87.457 72.2496 38.8973 98.0051 80.6196 19.4165 36.6742 26.4197 40.1123 91.0899 38.0132 91.277 59.9083 32.3883 15.8114 61.7432 62.5284 19.4165 49.0408 70.4179 18.4391 60.6562 85.235 69.2027 74.0 32.1403 92.8136 40.8044 64.8989 14.8661 95.3221 17.1172 47.4236 44.9222 25.9615 34.7851 47.8853 56.2802 92.1588 81.3019 69.029 12.083 
22.815 26.0192 23.8537 53.6111 35.2278 48.4149 62.7318 56.1595 7.0 26.5707 45.0111 25.2982 45.9038 40.7063 29.2389 24.4115 17.088 6.0 29.0172 8.0 58.1808 61.4038 0.0 53.5467 66.5207 52.0162 20.5913 33.4006 26.1725 62.434 23.4684 37.2156 37.6274 48.7645 26.9258 35.4724 44.0114 30.0 23.4684 31.3847 56.8254 42.5793 45.6158 40.3113 30.9305 70.287 42.0608 50.61 49.0992 37.1214 26.4764 7.81025 58.6003 57.3477 35.6931 59.0 36.0555 47.4996 33.9706 51.3223 27.2947 34.2345 55.7944 36.4966 16.7631 35.7351 31.305 22.3607 43.0465 49.7119 
30.8869 36.2353 50.566 29.5466 63.0317 101.987 11.0454 68.078 52.2245 49.397 32.0624 77.5242 21.1896 52.2778 32.5576 71.38 69.6419 58.8728 33.1059 52.5602 54.5619 8.94427 53.5467 0.0 24.6982 66.6277 59.1855 59.4944 79.5999 64.7765 30.6105 90.1661 71.7071 11.0 30.0832 19.6469 32.0156 83.2328 30.4138 82.3468 58.6941 24.0208 9.05539 53.6568 53.6159 20.2237 45.3982 62.3315 10.0 52.5699 77.8267 61.3456 66.1211 30.0832 83.8834 34.8855 56.8125 10.4403 87.465 9.21954 38.4838 36.1386 20.2485 25.9615 40.8534 48.1939 83.2286 73.8241 65.2786 7.61577 
48.0416 42.4853 57.1199 54.1202 84.7172 109.483 15.6205 59.2368 59.7746 55.9508 26.8701 91.7696 45.618 46.4004 53.4603 78.5268 83.528 68.352 38.9102 58.8218 79.177 27.0185 66.5207 24.6982 0.0 59.0339 65.7404 55.4484 90.471 52.1728 45.3982 102.883 68.1192 21.095 50.2494 40.7922 27.5862 95.0789 48.0104 89.5428 83.1925 24.5967 32.311 47.8017 60.1697 10.0499 70.2064 54.5619 21.2132 46.7973 92.9817 73.0548 55.6597 54.5619 91.0301 18.6815 51.04 34.8855 97.0464 19.4165 43.0465 37.2022 10.7703 30.4631 59.0339 42.4213 90.6168 88.8607 88.0738 32.249 
65.7549 41.9423 28.4258 86.1429 86.4107 68.0661 66.9403 4.47214 46.788 29.0689 34.7131 67.624 78.2343 16.1245 75.3993 36.6879 61.7122 48.7935 45.5339 46.1106 111.747 74.7141 52.0162 66.6277 59.0339 0.0 49.3667 19.105 59.4811 15.1327 61.1238 71.8053 22.561 55.6334 71.8752 69.5904 34.5254 64.2884 66.3447 50.3587 112.176 42.7671 66.9773 15.2971 29.1204 67.7791 93.2306 4.47214 56.6327 18.6815 70.7251 53.3111 9.0 86.0646 45.0 40.8167 17.0 71.0991 61.8142 57.632 41.4122 39.8122 51.5461 44.0364 62.4135 24.3311 52.469 67.7703 93.9394 70.4063 
39.7078 23.4307 11.1803 70.5038 55.7584 45.4147 65.1382 53.8326 18.2483 17.4929 41.1545 35.4401 62.7966 26.0192 46.1446 14.4405 28.6356 15.6205 27.0223 18.1108 78.7719 68.1158 20.5913 59.1855 65.7404 49.3667 0.0 17.0333 29.0 62.907 42.581 42.0119 27.6565 50.3336 43.8527 51.0475 41.0555 34.0 40.3612 25.4566 77.4166 41.1744 54.9378 25.0832 22.8254 70.4384 62.652 49.8598 51.0888 23.0217 38.2753 19.2094 57.7586 70.4255 26.9439 52.211 20.1323 58.6953 33.794 53.1571 22.9006 29.7626 55.0667 35.6205 34.4951 25.0 26.5482 34.9285 63.6318 59.2933 
47.5512 23.7386 9.81025 71.0224 67.7951 57.5674 61.5705 23.3452 28.1725 12.0 29.3065 52.2195 63.3152 11.1803 55.4519 22.2036 45.0116 30.178 27.3301 27.4951 91.2551 68.407 33.4006 59.4944 55.4484 19.105 17.0333 0.0 44.1022 30.4631 42.9201 57.0351 12.7279 50.6415 53.6715 51.3867 29.2074 49.0918 48.141 37.855 91.6841 37.3604 54.5548 10.0499 14.8661 63.1561 72.7383 18.0278 51.3967 8.94427 54.8867 34.6956 26.0768 70.9441 34.9285 39.9625 5.09902 57.9879 48.1664 53.465 23.2085 34.4055 46.5681 35.9284 43.8024 13.4536 39.6232 51.3356 75.3239 59.0097 
48.8681 48.1041 39.3192 74.7303 47.0106 22.8254 88.0908 63.8905 31.6228 44.911 66.2995 11.1803 71.8073 55.0091 55.0641 22.8035 12.3693 22.4722 51.6236 32.45 74.1485 87.457 26.1725 79.5999 90.471 59.4811 29.0 44.1022 0.0 73.5459 49.5215 13.0384 37.0 73.2252 52.8412 61.5255 65.3197 5.0 49.5215 13.0384 72.4431 65.9242 71.669 54.0397 50.2195 94.0827 58.0684 60.4152 73.9192 52.0096 14.7648 18.4391 68.1542 73.3552 20.8087 80.2882 49.0422 73.5527 8.06226 76.0519 48.0845 54.9465 79.7057 60.0083 41.6173 53.4603 11.1803 14.3178 55.0818 75.7651 
64.1213 50.4483 38.5876 85.096 95.8243 83.1505 63.0079 11.7047 56.6127 36.8782 32.9848 81.1646 77.215 22.0227 73.7658 50.8035 74.3166 59.4811 45.0134 55.8032 110.114 72.2496 62.434 64.7765 52.1728 15.1327 62.907 30.4631 73.5459 0.0 59.4903 86.1452 37.1214 53.9351 70.2416 66.1964 33.2415 78.4474 64.7112 65.123 111.017 41.4849 65.8027 22.2036 34.7131 61.8142 91.7824 13.1529 54.9181 25.6125 84.2655 64.0005 6.32456 85.0176 60.0333 33.541 26.4197 69.9214 76.4199 55.5788 49.9181 38.6585 47.0106 42.8827 71.482 29.0689 67.1863 80.6405 103.345 69.1231 
5.0 19.7243 33.9917 34.3933 43.7763 71.8748 39.3573 65.0049 22.1462 32.8227 29.0689 47.5157 26.6861 47.6073 15.2643 46.5571 39.5642 28.7945 17.1803 22.4818 51.1883 38.8973 23.4684 30.6105 45.3982 61.1238 42.581 42.9201 49.5215 59.4903 0.0 60.0877 55.1328 25.2982 12.083 14.8661 28.1803 53.1544 5.83095 54.6781 52.0913 23.5372 23.4307 47.51 37.0416 46.8188 32.8569 59.0073 25.632 44.0211 48.1076 31.2673 60.1845 34.315 58.5467 41.7612 44.1964 26.0768 57.3867 27.8568 22.3607 23.2634 35.0571 18.0278 14.5602 41.8578 54.6907 44.0208 48.9102 27.8029 
59.4054 60.7289 52.345 80.1918 49.4773 19.105 99.3512 76.1577 43.382 57.8705 79.0955 13.6015 81.6767 68.0 64.9335 35.3553 20.6155 34.5398 64.195 44.2832 78.4347 98.0051 37.2156 90.1661 102.883 71.8053 42.0119 57.0351 13.0384 86.1452 60.0877 0.0 49.2443 85.4149 62.7106 71.8401 78.1157 8.06226 60.0 22.3607 75.9605 78.4347 82.201 67.0075 63.1506 106.272 63.5295 72.9932 85.7186 65.0308 15.2315 29.9666 80.604 78.8167 29.6816 93.0592 62.0081 83.8689 10.8167 87.9417 60.8769 67.7425 92.1141 72.45 50.9313 66.4831 20.1246 18.0278 56.8859 86.2148 
59.1196 35.9513 22.0229 83.2351 70.9938 46.6905 77.6587 26.9258 38.5259 24.2127 41.9772 45.6508 75.5279 22.8254 65.5565 14.3178 40.0 31.6395 39.5428 38.8495 99.9959 80.6196 37.6274 71.7071 68.1192 22.561 27.6565 12.7279 37.0 37.1214 55.1328 49.2443 0.0 62.8542 63.2645 63.5993 41.8782 41.7612 59.773 28.0179 93.4055 50.0311 67.4897 21.4709 27.2127 75.8269 82.8429 24.0208 63.6094 21.4009 48.8774 32.9189 31.4006 83.1568 23.5372 52.4309 17.2047 71.2471 39.3192 65.6777 35.4212 47.0762 59.2389 48.1411 53.907 26.1725 30.0666 46.0435 79.1403 71.8451 
27.2947 27.0185 41.7131 35.4683 63.6396 93.3074 14.8661 57.0837 42.1918 40.5441 21.095 72.8118 26.9072 41.2836 32.3883 62.7001 64.8603 50.8855 23.6008 41.2409 60.2163 19.4165 48.7645 11.0 21.095 55.6334 50.3336 50.6415 73.2252 53.9351 25.2982 85.4149 62.8542 0.0 29.1548 19.9249 21.0238 77.7053 27.1662 73.6614 63.8384 13.0384 13.4536 42.6625 44.763 21.5407 49.3943 51.3372 1.0 41.5756 73.4037 55.5055 55.1453 35.609 75.2035 25.6125 45.8182 17.2047 80.1623 2.82843 28.8444 25.632 12.53 15.6525 38.2099 37.1996 74.5486 69.3169 67.1863 15.6525 
7.28011 30.4757 43.3576 26.9484 34.5254 75.3634 40.6079 75.7563 25.6377 43.5741 39.2046 49.5627 19.2412 58.3586 3.60555 50.0486 42.111 32.2859 27.9317 25.9733 40.0082 36.6742 26.9258 30.0832 50.2494 71.8752 43.8527 53.6715 52.8412 70.2416 12.083 62.7106 63.2645 29.1548 0.0 10.4403 38.4187 56.2 6.32456 58.1696 40.9112 32.249 21.1896 58.2614 47.793 49.2544 21.6768 69.7587 29.0689 54.7725 49.4872 34.6699 70.9359 26.8701 62.0382 50.5371 54.9478 21.9545 60.7904 31.0161 33.1121 34.0148 41.0 27.8029 12.1065 52.6092 58.1822 45.6005 38.6264 24.5967 
12.8062 28.1909 42.4583 19.8062 44.1022 83.8788 30.2655 68.8004 34.1502 41.2892 34.2053 58.8218 12.099 52.8646 13.0384 58.5611 51.225 40.7984 25.6469 34.4858 44.2022 26.4197 35.4724 19.6469 40.7922 69.5904 51.0475 51.3867 61.5255 66.1964 14.8661 71.8401 63.5993 19.9249 10.4403 0.0 33.6006 65.1153 12.0416 66.6821 47.8167 26.1725 10.7703 55.9766 45.5081 39.0512 29.4721 64.2647 19.6469 52.4877 58.8303 43.2713 66.8907 19.7279 70.5507 43.6005 52.6629 12.0416 69.3906 21.3776 30.8272 31.6228 32.311 23.3238 21.4709 47.1151 66.6947 54.9181 47.2969 14.4222 
32.7567 18.0 30.0 52.2524 71.7874 86.2111 32.573 36.0555 37.0135 24.2354 1.0 68.3593 44.2945 20.2643 42.0119 50.5828 60.208 44.2832 15.1327 36.0139 76.6483 40.1123 44.0114 32.0156 27.5862 34.5254 41.0555 29.2074 65.3197 33.2415 28.1803 78.1157 41.8782 21.0238 38.4187 33.6006 0.0 70.1223 33.2866 66.3234 79.3123 8.24621 32.573 21.6433 19.0357 34.6699 60.0779 30.2655 22.0227 20.5563 70.1142 49.2544 34.1321 52.1741 63.7988 15.0333 24.799 36.6879 71.5259 23.0217 17.2627 10.4403 18.0278 10.6301 42.632 16.1803 67.415 66.0681 76.3534 35.9026 
52.501 52.811 44.2832 76.0595 47.1699 20.8806 92.4179 68.6804 35.8469 49.8197 71.1021 10.0 75.1661 60.0083 58.4229 27.6586 14.4222 26.8328 56.3028 36.7151 75.1864 91.0899 30.0 83.2328 95.0789 64.2884 34.0 49.0918 5.0 78.4474 53.1544 8.06226 41.7612 77.7053 56.2 65.1153 70.1223 0.0 53.1507 16.2788 73.1642 70.5762 75.3019 59.0347 55.109 98.5628 59.3976 65.307 78.3993 57.0088 13.1529 22.4722 73.0068 74.6844 24.0416 85.0659 54.0372 77.1557 7.07107 80.5321 52.8867 59.7492 84.309 64.622 44.6878 58.4209 14.1421 14.1421 55.0364 79.3977 
1.0 24.9452 39.8661 30.6948 38.4479 71.8748 40.1622 70.2258 22.1462 38.0436 34.1321 47.1699 22.9876 52.8281 9.43398 46.5571 39.4081 28.7945 22.4012 22.4818 45.4309 38.0132 23.4684 30.4138 48.0104 66.3447 40.3612 48.141 49.5215 64.7112 5.83095 60.0 59.773 27.1662 6.32456 12.0416 33.2866 53.1507 0.0 54.6781 46.334 27.8568 22.2036 52.7309 42.2625 48.2701 27.0996 64.2282 27.2947 49.242 47.4131 31.2673 65.4054 30.6165 58.5467 46.2385 49.4173 24.0416 57.3867 29.4279 27.5816 28.4843 38.1182 22.8254 11.0454 47.0787 54.6907 43.4166 43.1528 26.2488 
54.0247 47.2071 36.3261 84.8208 58.5491 20.1246 88.5268 54.5894 34.6699 42.4012 66.4224 24.1868 77.1136 49.0306 60.4616 15.8114 23.3452 25.9422 50.8105 35.2278 84.3655 91.277 31.3847 82.3468 89.5428 50.3587 25.4566 37.855 13.0384 65.123 54.6781 22.3607 28.0179 73.6614 58.1696 66.6821 66.3234 16.2788 54.6781 0.0 83.006 64.9768 76.8256 47.8539 47.7859 94.2022 68.2456 52.0384 74.3609 46.5725 27.7849 24.0416 59.3043 83.5324 7.81025 77.434 42.9535 78.7094 11.7047 76.4853 46.7031 53.5651 78.8691 59.4128 48.1041 50.3691 2.23607 26.9258 66.7533 80.9217 
47.0913 71.2508 81.8816 29.1548 26.5707 93.9415 69.2892 116.531 60.9072 84.3492 80.1069 63.3482 37.5766 99.1338 37.308 80.1736 60.208 62.2312 68.7068 61.5862 5.09902 59.9083 56.8254 58.6941 83.1925 112.176 77.4166 91.6841 72.4431 111.017 52.0913 75.9605 93.4055 63.8384 40.9112 47.8167 79.3123 73.1642 46.334 83.006 0.0 73.1029 51.0 99.0365 88.5681 78.4347 19.2354 110.534 63.2889 95.5476 60.8769 60.6833 111.711 28.6356 89.1453 88.9207 95.2489 48.3322 79.9062 64.4981 73.8872 74.7899 76.3272 68.7065 50.5616 93.3843 82.0549 59.0339 20.2485 51.0784 
27.5136 17.8885 32.5539 44.429 65.9858 84.9172 25.9422 44.2174 35.6931 31.3848 8.544 67.6831 36.3593 28.4173 35.8469 53.9608 59.439 43.9659 14.3178 34.7131 68.8249 32.3883 42.5793 24.0208 24.5967 42.7671 41.1744 37.3604 65.9242 41.4849 23.5372 78.4347 50.0311 13.0384 32.249 26.1725 8.24621 70.5762 27.8568 64.9768 73.1029 0.0 24.3516 29.7963 35.6037 29.6985 53.8685 38.4709 14.0357 28.7093 69.0507 48.7647 42.3077 44.3507 66.4641 18.3848 32.9519 28.4605 72.45 15.2971 18.6011 13.6015 13.8924 6.08276 38.0789 24.3333 66.0508 64.9384 70.6824 27.6586 
22.8035 32.0156 46.3486 22.2036 54.0093 94.0223 20.0 68.4275 44.2936 44.4574 32.8938 69.3397 13.6015 52.6274 23.5372 67.1323 61.6117 50.9419 29.4279 44.6293 47.1699 15.8114 45.6158 9.05539 32.311 66.9773 54.9378 54.5548 71.669 65.8027 23.4307 82.201 67.4897 13.4536 21.1896 10.7703 32.573 75.3019 22.2036 76.8256 51.0 24.3516 0.0 54.0064 48.6763 29.0689 36.7462 62.6811 12.7279 52.9194 69.4622 53.4147 66.5178 22.4722 79.6357 39.0512 55.8311 4.12311 79.5341 13.6015 34.7131 34.0 25.6125 24.0832 32.2025 48.5434 76.8381 65.5134 56.4928 4.47214 
52.1411 28.3285 16.5529 72.5291 73.6869 67.4463 54.0064 18.3848 34.4093 14.8661 21.7423 60.208 64.6204 1.41421 61.7855 32.249 52.8867 37.6962 31.92 33.6006 98.1335 61.7432 40.3113 53.6568 47.8017 15.2971 25.0832 10.0499 54.0397 22.2036 47.51 67.0075 21.4709 42.6625 58.2614 55.9766 21.6433 59.0347 52.7309 47.8539 99.0365 29.7963 54.0064 0.0 13.9284 55.5698 79.6168 12.083 43.6618 3.60555 62.8172 42.3792 19.2094 72.4508 44.5982 31.241 5.0 58.1283 58.2151 44.6612 27.7984 26.8414 39.004 31.0655 49.3609 9.05539 49.6488 59.203 81.2075 57.4355 
41.6727 17.8601 11.6619 65.1439 63.2428 67.744 59.5675 32.311 24.3677 5.38516 19.1347 54.0093 57.4367 13.4164 51.3171 36.7699 46.0109 30.0167 21.4516 23.4663 87.6651 62.5284 30.9305 53.6159 60.1697 29.1204 22.8254 14.8661 50.2195 34.7131 37.0416 63.1506 27.2127 44.763 47.793 45.5081 19.0357 55.109 42.2625 47.7859 88.5681 35.6037 48.6763 13.9284 0.0 64.8678 69.1484 26.0 45.5182 10.4403 56.0357 35.0143 32.7567 65.0656 48.7771 30.1912 13.0 52.1094 55.9732 47.5865 17.33 24.192 49.496 30.0499 38.8993 5.65685 48.8776 52.0865 70.7633 53.1312 
48.5077 47.0106 61.8179 49.3356 83.006 114.039 9.21954 68.3081 63.0493 60.6488 34.1321 94.3343 41.2311 54.2033 52.0865 83.2248 86.3829 71.743 43.4166 62.0984 74.0945 19.4165 70.287 20.2237 10.0499 67.7791 70.4384 63.1561 94.0827 61.8142 46.8188 106.272 75.8269 21.5407 49.2544 39.0512 34.6699 98.5628 48.2701 94.2022 78.4347 29.6985 29.0689 55.5698 64.8678 0.0 65.6201 63.3246 21.1896 54.505 94.9262 76.363 65.0 50.0 95.7282 28.2843 58.7477 30.5941 101.02 18.9737 48.1664 43.1856 16.6433 34.8281 59.2284 50.129 95.2103 90.8394 85.4928 27.6586 
27.8569 51.8311 62.9359 18.9737 19.6977 80.2682 56.4358 97.1116 45.216 64.9294 60.8725 50.1061 25.02 79.714 18.0736 65.409 45.7118 47.4666 49.4724 45.5517 18.4391 49.0408 42.0608 45.3982 70.2064 93.2306 62.652 72.7383 58.0684 91.7824 32.8569 63.5295 82.8429 49.3943 21.6768 29.4721 60.0779 59.3976 27.0996 68.2456 19.2354 53.8685 36.7462 79.6168 69.1484 65.6201 0.0 91.1141 49.1152 76.1279 48.3735 45.9187 92.2913 17.72 74.3806 72.0739 76.3031 35.1283 65.8079 50.7971 54.4674 55.5555 61.7172 49.4721 31.6158 74.1499 67.329 45.6361 20.0 38.1182 
63.6384 39.8259 26.9072 81.9534 84.8528 70.3491 62.5859 6.32456 45.2769 26.6271 30.4138 68.1174 74.0725 12.6491 73.2829 37.6563 62.2053 47.3874 43.4174 44.5533 109.631 70.4179 50.61 62.3315 54.5619 4.47214 49.8598 18.0278 60.4152 13.1529 59.0073 72.9932 24.0208 51.3372 69.7587 64.2647 30.2655 65.307 64.2282 52.0384 110.534 38.4709 62.6811 12.083 26.0 63.3246 91.1141 0.0 52.3365 15.6525 71.2182 51.9049 8.06226 81.8751 47.1699 36.3593 14.8661 66.8029 63.2851 53.3358 39.2957 35.516 47.1275 39.7402 60.6624 20.8806 54.0833 68.2635 92.3733 66.1101 
27.4591 27.8029 42.4683 34.8281 63.5059 94.0014 14.2127 58.083 42.8858 41.2992 22.0907 73.1466 26.2488 42.2828 32.249 63.3852 65.1951 51.5795 24.4131 41.9349 59.6406 18.4391 49.0992 10.0 21.2132 56.6327 51.0888 51.3967 73.9192 54.9181 25.632 85.7186 63.6094 1.0 29.0689 19.6469 22.0227 78.3993 27.2947 74.3609 63.2889 14.0357 12.7279 43.6618 45.5182 21.1896 49.1152 52.3365 0.0 42.5749 73.7385 56.1995 56.1427 35.0 75.8885 26.4008 46.8175 16.4012 80.8563 2.23607 29.6816 26.5707 13.0384 16.5529 38.3275 38.1989 75.2427 69.6517 66.9403 14.7648 
48.6522 24.8396 13.6015 72.1234 70.2171 66.4078 52.9194 21.9317 31.0644 11.3137 20.6554 57.7062 64.4162 3.60555 58.2966 30.8058 50.2195 34.7851 28.4311 30.2324 94.6446 60.6562 37.1214 52.5699 46.7973 18.6815 23.0217 8.94427 52.0096 25.6125 44.0211 65.0308 21.4009 41.5756 54.7725 52.4877 20.5563 57.0088 49.242 46.5725 95.5476 28.7093 52.9194 3.60555 10.4403 54.505 76.1279 15.6525 42.5749 0.0 60.208 39.5601 22.8035 72.0451 43.8634 31.0644 4.24264 57.0413 56.6198 43.5742 24.3095 25.7544 37.917 29.9786 45.8782 6.08276 48.2701 56.5155 77.7376 56.3485 
46.9574 52.1536 46.6905 65.0521 34.5254 33.2415 87.3212 75.191 33.3766 51.1566 71.1126 3.60555 68.4533 63.561 51.7101 34.6699 10.0499 26.0192 55.3263 34.3657 63.2456 85.235 26.4764 77.8267 92.9817 70.7251 38.2753 54.8867 14.7648 84.2655 48.1076 15.2315 48.8774 73.4037 49.4872 58.8303 70.1142 13.1529 47.4131 27.7849 60.8769 69.0507 69.4622 62.8172 56.0357 94.9262 48.3735 71.2182 73.7385 60.208 0.0 21.0238 79.117 63.677 35.5106 85.1469 57.9741 70.7381 20.2237 75.9616 53.0094 60.0083 82.2554 62.9682 37.4433 60.2993 25.9422 4.12311 42.19 73.2462 
30.6139 31.4006 25.9615 62.5807 38.0789 40.6079 70.5307 57.4544 13.4164 30.1496 50.2494 19.105 53.6994 43.0116 37.0079 19.6977 11.0 5.0 34.7131 14.3178 62.0387 69.2027 7.81025 61.3456 73.0548 53.3111 19.2094 34.6956 18.4391 64.0005 31.2673 29.9666 32.9189 55.5055 34.6699 43.2713 49.2544 22.4722 31.2673 24.0416 60.6833 48.7647 53.4147 42.3792 35.0143 76.363 45.9187 51.9049 56.1995 39.5601 21.0238 0.0 59.8985 61.2056 29.0689 64.2806 37.6962 55.2985 26.1725 58.3323 32.0624 39.0512 62.2977 42.72 24.1661 39.3192 23.7697 17.1172 46.2385 57.5108 
64.8156 47.4335 34.8281 85.7902 92.6553 77.0584 65.3758 5.38516 53.1507 34.0588 34.0588 76.0162 77.9092 19.4165 74.46 45.3542 70.1041 55.3809 51.025 52.4023 110.808 74.0 58.6003 66.1211 55.6597 9.0 57.7586 26.0768 68.1542 6.32456 60.1845 80.604 31.4006 55.1453 70.9359 66.8907 34.1321 73.0068 65.4054 59.3043 111.711 42.3077 66.5178 19.2094 32.7567 65.0 92.2913 8.06226 56.1427 22.8035 79.117 59.8985 0.0 85.7119 54.0 37.0 22.6716 70.6397 70.7107 57.0351 46.9033 39.3528 49.4975 43.577 68.397 27.2947 61.4003 76.1622 100.18 69.9469 
31.5162 47.7483 62.0157 1.41421 37.3363 95.555 40.8044 87.6216 52.2105 60.8467 52.6904 65.3929 8.94427 71.8215 27.9923 76.6215 60.9986 58.8588 45.2043 52.5462 24.6982 32.1403 57.3477 30.0832 54.5619 86.0646 70.4255 70.9441 73.3552 85.0176 34.315 78.8167 83.1568 35.609 26.8701 19.7279 52.1741 74.6844 30.6165 83.5324 28.6356 44.3507 22.4722 72.4508 65.0656 50.0 17.72 81.8751 35.0 72.0451 63.677 61.2056 85.7119 0.0 88.6111 60.8276 72.2204 19.6977 81.0948 36.0555 50.3847 51.0555 48.0104 42.2745 44.8219 66.7986 82.6159 60.923 37.3363 22.4722 
57.8933 48.7205 37.8134 88.6894 65.307 23.1948 90.4279 49.0408 37.6962 43.8885 63.8978 31.9061 80.9822 45.8803 64.3302 14.8661 30.3645 29.8329 52.312 38.0789 90.5006 92.8136 35.6931 83.8834 91.0301 45.0 26.9439 34.9285 20.8087 60.0333 58.5467 29.6816 23.5372 75.2035 62.0382 70.5507 63.7988 24.0416 58.5467 7.81025 89.1453 66.4641 79.6357 44.5982 48.7771 95.7282 74.3806 47.1699 75.8885 43.8634 35.5106 29.0689 54.0 88.6111 0.0 74.7258 39.9249 83.3932 18.868 78.03 48.1904 55.0524 80.3564 60.9103 52.3927 47.8187 9.89949 34.4384 73.5459 83.9911 
45.8803 33.0151 41.1555 60.8112 84.365 97.138 30.4138 40.7185 52.0 35.3909 14.0357 83.3847 52.345 29.8329 54.1202 61.5097 75.2396 59.3043 30.0167 51.0 85.3062 40.8044 59.0 34.8855 18.6815 40.8167 52.211 39.9625 80.2882 33.541 41.7612 93.0592 52.4309 25.6125 50.5371 43.6005 15.0333 85.0659 46.2385 77.434 88.9207 18.3848 39.0512 31.241 30.1912 28.2843 72.0739 36.3593 26.4008 31.0644 85.1469 64.2806 37.0 60.8276 74.7258 0.0 35.2278 42.8019 85.7974 26.0768 32.249 25.318 14.8661 23.7697 56.3205 27.313 78.5256 81.0987 89.0505 41.0488 
48.8274 25.0149 12.2066 72.2987 70.0071 62.6418 57.1621 20.8087 30.4795 12.083 24.898 55.3173 64.5915 6.08276 58.4719 27.2947 48.0833 33.1059 28.6064 29.7321 94.8199 64.8989 36.0555 56.8125 51.04 17.0 20.1323 5.09902 49.0422 26.4197 44.1964 62.0081 17.2047 45.8182 54.9478 52.6629 24.799 54.0372 49.4173 42.9535 95.2489 32.9519 55.8311 5.0 13.0 58.7477 76.3031 14.8661 46.8175 4.24264 57.9741 37.6962 22.6716 72.2204 39.9249 35.2278 0.0 59.2641 53.2353 47.8168 24.4848 29.997 42.1597 34.2212 45.7967 9.84886 44.7214 54.4059 77.5285 60.286 
24.7588 35.8387 50.1061 19.2354 53.2368 95.9061 21.3776 72.5494 46.1774 48.937 37.0 70.8025 10.7703 56.7493 23.7697 70.8898 63.2535 52.8257 33.2415 46.5131 44.2945 14.8661 47.4996 10.4403 34.8855 71.0991 58.6953 57.9879 73.5527 69.9214 26.0768 83.8689 71.2471 17.2047 21.9545 12.0416 36.6879 77.1557 24.0416 78.7094 48.3322 28.4605 4.12311 58.1283 52.1094 30.5941 35.1283 66.8029 16.4012 57.0413 70.7381 55.2985 70.6397 19.6977 83.3932 42.8019 59.2641 0.0 81.4179 16.9706 38.4708 38.0132 29.0 28.1603 33.3574 52.6653 78.7219 66.8506 55.0818 3.0 
56.7333 54.5619 44.643 82.4699 54.0833 14.7648 95.0279 66.0984 39.0512 50.5964 72.5057 17.0294 79.7515 59.3043 63.0133 26.0192 20.2485 29.8329 58.1378 39.8246 81.7863 95.3221 33.9706 87.465 97.0464 61.8142 33.794 48.1664 8.06226 76.4199 57.3867 10.8167 39.3192 80.1623 60.7904 69.3906 71.5259 7.07107 57.3867 11.7047 79.9062 72.45 79.5341 58.2151 55.9732 101.02 65.8079 63.2851 80.8563 56.6198 20.2237 26.1725 70.7107 81.0948 18.868 85.7974 53.2353 81.4179 0.0 82.9891 54.2907 61.1528 86.3134 66.6483 49.6488 58.6945 9.48683 21.0238 62.0081 83.6302 
29.6142 29.8329 44.5366 35.805 65.3758 96.1341 12.0416 59.0762 45.0185 43.3676 23.0 75.3697 27.2029 43.2822 34.1321 65.5267 67.4182 53.7122 26.4008 44.0677 60.7454 17.1172 51.3223 9.21954 19.4165 57.632 53.1571 53.465 76.0519 55.5788 27.8568 87.9417 65.6777 2.82843 31.0161 21.3776 23.0217 80.5321 29.4279 76.4853 64.4981 15.2971 13.6015 44.6612 47.5865 18.9737 50.7971 53.3358 2.23607 43.5742 75.9616 58.3323 57.0351 36.0555 78.03 26.0768 47.8168 16.9706 82.9891 0.0 31.6228 28.2312 12.0416 18.3576 40.4475 39.1982 77.3754 71.8748 68.6586 15.0 
26.9917 3.16228 14.2801 50.463 57.9402 66.6434 43.4166 45.2933 20.3961 13.1111 18.2483 51.1566 42.7558 27.8956 36.6362 35.687 43.0465 27.074 5.38516 19.4165 72.9842 47.4236 27.2947 38.4838 43.0465 41.4122 22.9006 23.2085 48.0845 49.9181 22.3607 60.8769 35.4212 28.8444 33.1121 30.8272 17.2627 52.8867 27.5816 46.7031 73.8872 18.6011 34.7131 27.7984 17.33 48.1664 54.4674 39.2957 29.6816 24.3095 53.0094 32.0624 46.9033 50.3847 48.1904 32.249 24.4848 38.4708 54.2907 31.6228 0.0 7.0 32.45 13.4536 33.5967 22.1462 47.777 49.0 65.4607 39.0512 
27.8944 8.544 21.1421 51.1338 64.3596 73.5054 39.4462 41.2625 27.2947 19.9731 11.4018 58.1378 43.4166 25.4624 37.5389 42.549 50.04 34.0588 7.07107 26.3059 73.8869 44.9222 34.2345 36.1386 37.2022 39.8122 29.7626 34.4055 54.9465 38.6585 23.2634 67.7425 47.0762 25.632 34.0148 31.6228 10.4403 59.7492 28.4843 53.5651 74.7899 13.6015 34.0 26.8414 24.192 43.1856 55.5555 35.516 26.5707 25.7544 60.0083 39.0512 39.3528 51.0555 55.0524 25.318 29.997 38.0132 61.1528 28.2312 7.0 0.0 26.9072 10.198 37.7151 21.3784 54.639 56.0 71.8801 38.0526 
38.0526 31.7648 46.4462 47.8017 75.505 98.8095 16.0 52.3927 49.0408 45.2771 17.4929 81.0432 39.2046 37.5899 44.3847 67.8531 72.8011 57.5847 28.178 48.0833 72.6705 25.9615 55.7944 20.2485 10.7703 51.5461 55.0667 46.5681 79.7057 47.0106 35.0571 92.1141 59.2389 12.53 41.0 32.311 18.0278 84.309 38.1182 78.8691 76.3272 13.8924 25.6125 39.004 49.496 16.6433 61.7172 47.1275 13.0384 37.917 82.2554 62.2977 49.4975 48.0104 80.3564 14.8661 42.1597 29.0 86.3134 12.0416 32.45 26.9072 0.0 19.6977 49.0408 33.541 79.9431 78.1343 79.404 26.9072 
22.3607 12.2066 27.0 42.3528 61.7687 79.3221 30.0 45.4867 29.6142 25.831 11.4018 61.6117 34.5398 29.6865 31.4006 48.4069 53.3667 37.9473 8.60233 28.6356 67.8035 34.7851 36.4966 25.9615 30.4631 44.0364 35.6205 35.9284 60.0083 42.8827 18.0278 72.45 48.1411 15.6525 27.8029 23.3238 10.6301 64.622 22.8254 59.4128 68.7065 6.08276 24.0832 31.0655 30.0499 34.8281 49.4721 39.7402 16.5529 29.9786 62.9682 42.72 43.577 42.2745 60.9103 23.7697 34.2212 28.1603 66.6483 18.3576 13.4536 10.198 19.6977 0.0 32.573 25.6025 60.4649 58.8558 65.836 28.0 
11.0 31.4722 34.0 46.197 29.2203 64.3506 50.9608 66.4891 16.2801 34.6804 43.5206 37.6431 31.0727 49.4599 14.3294 40.613 30.4138 22.561 31.632 16.6158 48.7689 47.8853 16.7631 40.8534 59.0339 62.4135 34.4951 43.8024 41.6173 71.482 14.5602 50.9313 53.907 38.2099 12.1065 21.4709 42.632 44.6878 11.0454 48.1041 50.5616 38.0789 32.2025 49.3609 38.8993 59.2284 31.6158 60.6624 38.3275 45.8782 37.4433 24.1661 68.397 44.8219 52.3927 56.3205 45.7967 33.3574 49.6488 40.4475 33.5967 37.7151 49.0408 32.573 0.0 43.7155 47.927 33.6006 36.7409 35.8701 
46.4888 22.6763 14.1421 66.8769 68.059 70.2309 48.5434 27.2029 29.1839 9.21954 16.2794 58.0775 58.9682 8.24621 56.1333 34.6026 50.2494 34.3657 26.2678 28.2825 92.4813 56.2802 35.7351 48.1939 42.4213 24.3311 25.0 13.4536 53.4603 29.0689 41.8578 66.4831 26.1725 37.1996 52.6092 47.1151 16.1803 58.4209 47.0787 50.3691 93.3843 24.3333 48.5434 9.05539 5.65685 50.129 74.1499 20.8806 38.1989 6.08276 60.2993 39.3192 27.2947 66.7986 47.8187 27.313 9.84886 52.6653 58.6945 39.1982 22.1462 21.3784 33.541 25.6025 43.7155 0.0 51.4487 56.4358 75.5795 51.9725 
54.0373 48.2597 37.4177 83.991 57.3149 18.868 89.4142 56.7186 35.0 43.4929 67.514 22.3607 77.1261 50.8035 60.4741 17.4642 22.0907 26.0768 51.8652 35.609 83.449 92.1588 31.305 83.2286 90.6168 52.469 26.5482 39.6232 11.1803 67.1863 54.6907 20.1246 30.0666 74.5486 58.1822 66.6947 67.415 14.1421 54.6907 2.23607 82.0549 66.0508 76.8381 49.6488 48.8776 95.2103 67.329 54.0833 75.2427 48.2701 25.9422 23.7697 61.4003 82.6159 9.89949 78.5256 44.7214 78.7219 9.48683 77.3754 47.777 54.639 79.9431 60.4649 47.927 51.4487 0.0 25.2982 65.4905 80.9342 
42.9418 48.0937 42.9535 62.2981 33.0606 34.9285 83.2586 72.2363 29.2746 47.2652 67.0671 4.47214 64.5666 59.9083 47.8234 32.0156 6.32456 22.0907 51.2445 30.2655 61.131 81.3019 22.3607 73.8241 88.8607 67.7703 34.9285 51.3356 14.3178 80.6405 44.0208 18.0278 46.0435 69.3169 45.6005 54.9181 66.0681 14.1421 43.4166 26.9258 59.0339 64.9384 65.5134 59.203 52.0865 90.8394 45.6361 68.2635 69.6517 56.5155 4.12311 17.1172 76.1622 60.923 34.4384 81.0987 54.4059 66.8506 21.0238 71.8748 49.0 56.0 78.1343 58.8558 33.6006 56.4358 25.2982 0.0 41.0 69.3397 
43.9102 63.3362 65.5254 38.4708 8.24621 75.4255 76.3232 98.0816 47.1557 66.5393 77.1855 45.0444 45.0111 81.3222 35.1141 65.9242 43.4166 48.3011 65.5257 47.8347 24.0832 69.029 43.0465 65.2786 88.0738 93.9394 63.6318 75.3239 55.0818 103.345 48.9102 56.8859 79.1403 67.1863 38.6264 47.2969 76.3534 55.0364 43.1528 66.7533 20.2485 70.6824 56.4928 81.2075 70.7633 85.4928 20.0 92.3733 66.9403 77.7376 42.19 46.2385 100.18 37.3363 73.5459 89.0505 77.5285 55.0818 62.0081 68.6586 65.4607 71.8801 79.404 65.836 36.7409 75.5795 65.4905 41.0 0.0 58.0775 
