NAME  : Jabali_70_2_0.95_1_9
TYPE : SVRP
MODEL : FINITE_SUPPORT
NUMBER_OF_SCENARIOS : 200
DIMENSION : 70
EDGE_WEIGHT_TYPE : MATRIX
CAPACITY : 182
N_VEHICLES : 2
NODE_COORD_SECTION
1 3699 3934
2 3909 2289
3 3386 2536
4 8240 4900
5 4966 324
6 5386 2571
7 3719 1355
8 2924 6153
9 9346 2903
10 6839 1488
11 4519 7410
12 6868 5519
13 4609 4337
14 6906 1936
15 6473 6420
16 2934 3770
17 975 3616
18 5816 3646
19 5206 1130
20 2042 6544
21 4500 18
22 3240 7641
23 7104 1990
24 1171 3800
25 3868 7439
26 2236 2481
27 7892 3504
28 27 5644
29 4613 3176
30 3491 3392
31 3622 253
32 5856 7168
33 4128 5707
34 5357 1716
35 5101 7761
36 5710 1446
37 7261 2318
38 3517 6235
39 4780 1530
40 5046 6399
41 2726 3415
42 7091 3478
43 7078 4888
44 6840 4201
45 8854 2635
46 6616 3397
47 5757 2096
48 357 4025
49 69 5132
50 8764 2981
51 9323 2971
52 6067 3162
53 5314 3319
54 4642 4979
55 615 3596
56 4531 522
57 8408 3803
58 2827 4469
59 4084 1761
60 1490 4482
61 1691 3728
62 2727 1617
63 3780 6259
64 1304 2523
65 6270 2812
66 5695 9147
67 4712 1180
68 8808 3913
69 8740 4494
70 3309 3138
DEMAND_SECTION
1 0.0
2 5.0
3 2.0
4 4.0
5 10.0
6 1.0
7 1.0
8 9.0
9 1.0
10 2.0
11 8.0
12 5.0
13 2.0
14 5.0
15 4.0
16 1.0
17 7.0
18 9.0
19 1.0
20 2.0
21 5.0
22 8.0
23 4.0
24 10.0
25 4.0
26 2.0
27 5.0
28 6.0
29 9.0
30 1.0
31 3.0
32 6.0
33 8.0
34 6.0
35 3.0
36 4.0
37 9.0
38 1.0
39 9.0
40 5.0
41 4.0
42 10.0
43 7.0
44 4.0
45 4.0
46 4.0
47 4.0
48 8.0
49 2.0
50 8.0
51 8.0
52 2.0
53 2.0
54 2.0
55 1.0
56 9.0
57 9.0
58 8.0
59 3.0
60 7.0
61 1.0
62 6.0
63 5.0
64 1.0
65 10.0
66 3.0
67 10.0
68 6.0
69 7.0
70 5.0
DEVIATION_SECTION
1 0.0
2 1.66667
3 0.666667
4 1.33333
5 3.33333
6 0.333333
7 0.333333
8 3.0
9 0.333333
10 0.666667
11 2.66667
12 1.66667
13 0.666667
14 1.66667
15 1.33333
16 0.333333
17 2.33333
18 3.0
19 0.333333
20 0.666667
21 1.66667
22 2.66667
23 1.33333
24 3.33333
25 1.33333
26 0.666667
27 1.66667
28 2.0
29 3.0
30 0.333333
31 1.0
32 2.0
33 2.66667
34 2.0
35 1.0
36 1.33333
37 3.0
38 0.333333
39 3.0
40 1.66667
41 1.33333
42 3.33333
43 2.33333
44 1.33333
45 1.33333
46 1.33333
47 1.33333
48 2.66667
49 0.666667
50 2.66667
51 2.66667
52 0.666667
53 0.666667
54 0.666667
55 0.333333
56 3.0
57 3.0
58 2.66667
59 1.0
60 2.33333
61 0.333333
62 2.0
63 1.66667
64 0.333333
65 3.33333
66 1.0
67 3.33333
68 2.0
69 2.33333
70 1.66667
DISTANCE_MATRIX
0.0 21.6514 18.0278 62.619 52.5268 30.3645 34.4819 31.7805 77.2334 54.4243 50.0499 55.0248 13.3417 52.3259 52.6509 10.4403 36.6428 29.0 44.1022 42.0 54.4346 50.2496 53.2353 34.5636 48.3268 26.9258 57.0088 54.7361 17.2627 7.81025 49.93 49.6261 36.1454 39.1152 55.3268 44.2832 53.535 31.398 37.4694 37.0684 14.0 46.0977 47.9496 42.1574 72.1249 40.3113 38.3275 45.8567 51.9296 70.0928 77.2334 34.2053 23.8537 18.5939 40.964 48.4202 63.5138 14.4222 29.7517 36.8532 27.7864 32.8024 32.9258 36.0139 38.2753 75.9968 40.9924 68.2642 67.7792 11.4018 
21.6514 0.0 8.48528 71.8641 31.0483 22.2154 15.8114 53.3294 74.2449 39.782 83.9755 64.2532 42.2989 40.5786 74.7471 24.7386 45.8039 36.4506 23.0217 63.1269 33.541 71.8993 42.2989 44.1022 85.2895 26.0768 58.2163 71.4834 25.2814 16.1245 31.1448 83.7298 44.4328 20.0499 88.331 25.3142 44.9784 53.0476 16.0312 69.9125 23.2594 48.063 60.3788 51.5348 67.6346 42.1902 24.3677 55.2178 66.6608 67.3299 74.2449 34.3809 29.4664 50.8665 49.8197 27.313 66.1926 33.2415 9.21954 54.8323 37.5899 22.0227 54.5755 38.833 34.0707 108.848 19.4165 71.2545 74.0811 14.8661 
18.0278 8.48528 0.0 73.2491 36.0555 29.6298 16.5529 49.0408 85.8432 47.1964 65.8945 60.8154 27.1226 47.9929 69.2657 18.0 37.4433 37.9248 29.8329 57.8705 37.108 68.0452 49.7133 35.8469 66.1223 17.8885 66.1999 63.5689 22.292 10.7703 31.9061 65.4594 53.9409 27.4642 71.1714 32.7286 52.3927 49.1935 22.561 52.913 15.5242 55.0486 58.5798 52.6896 80.2864 48.9055 31.7821 46.8722 58.6941 78.6375 85.8432 41.8711 31.2457 34.3367 41.4005 31.4006 73.24 27.074 13.0 36.1385 29.5466 16.7631 50.7214 30.5287 45.2856 91.8414 25.0799 78.1727 78.3058 8.06226 
62.619 71.8641 73.2491 0.0 76.1577 49.6488 75.8499 73.8785 30.0 49.2037 59.0931 22.0227 50.5592 43.6005 32.311 72.8146 98.3659 37.0135 65.192 86.8798 82.6378 75.1798 42.0119 96.2867 66.6483 85.619 19.105 112.926 55.1453 66.0576 87.5557 52.909 60.0077 57.8705 55.0818 57.7754 37.6431 66.5737 65.0 49.008 75.2532 24.6982 16.1245 21.0238 30.8058 29.8329 50.5964 111.712 112.927 26.6833 30.0 37.4833 45.0111 55.288 102.687 77.1622 14.8661 76.6376 69.43 97.9365 89.5095 87.3093 63.8127 96.5701 38.6005 65.0308 68.6804 15.0 8.544 68.619 
52.5268 31.0483 36.0555 76.1577 0.0 30.4138 21.587 84.2048 70.0 31.0 95.7706 73.1095 54.1202 35.2278 83.9832 54.037 69.6419 45.2769 11.4018 93.771 7.0 102.079 37.2156 68.884 97.17 46.1736 59.203 97.8621 37.1618 46.3897 17.4929 93.5468 71.6043 19.2094 100.06 18.3848 41.4367 83.893 15.6525 81.6415 51.0392 51.4782 67.6757 57.9828 63.0 47.0106 26.0768 78.7464 92.4175 64.1249 70.0 40.8044 39.8246 62.6498 72.7324 5.83095 66.9403 63.1269 23.0868 71.2531 63.7887 34.0147 81.2102 57.2713 38.0789 120.672 11.7047 71.5891 76.243 44.1022 
30.3645 22.2154 29.6298 49.6488 30.4138 0.0 26.2012 60.0333 53.7122 24.1661 66.9318 43.0116 26.3059 22.8035 53.6961 37.2665 61.2953 15.0 19.2094 71.5681 35.609 75.1332 24.0832 59.0305 69.3758 45.4071 36.4966 84.6227 13.4164 28.6655 38.2753 63.1338 45.0999 11.6619 70.6867 15.5242 25.6125 56.2228 16.1245 52.7504 38.0983 26.0192 38.4838 29.4109 47.4131 20.025 8.06226 70.3369 81.5899 46.6154 53.7122 12.1655 9.84886 34.2053 65.6678 29.4109 44.4072 44.3847 19.7813 66.7398 52.5332 37.6606 54.4518 58.1329 12.3693 90.2585 20.2485 49.4975 52.0 31.0599 
34.4819 15.8114 16.5529 75.8499 21.587 26.2012 0.0 65.5515 77.8845 41.6773 82.1902 68.239 43.4182 43.4626 78.7329 33.7343 48.0833 40.4364 19.799 73.9797 21.095 84.5937 45.31 47.2969 82.9087 24.6982 62.2013 76.2955 29.2672 27.313 15.6205 87.7156 57.3229 21.9317 87.4671 26.0768 48.3839 65.742 13.8924 69.2087 30.1496 52.0488 64.3646 55.5206 71.1688 46.176 27.8927 57.2451 70.8308 71.0634 77.8845 38.3667 33.4522 50.6324 51.264 16.1245 70.1783 42.9535 7.28011 50.01 42.2966 13.4536 67.2699 36.3593 38.0565 108.137 13.4536 75.2396 78.0669 24.3516 
31.7805 53.3294 49.0408 73.8785 84.2048 60.0333 65.5515 0.0 96.7286 82.9227 27.074 56.3457 34.8685 79.8724 45.0087 32.7567 41.565 53.0331 75.6637 13.0384 86.0233 20.5183 80.2541 39.1577 21.1896 50.4671 76.4907 40.4969 48.1664 38.2753 80.5295 41.2025 15.9277 70.1142 36.0139 75.0267 79.241 8.06226 69.1258 27.2947 37.4433 67.7598 57.8017 59.5066 93.5201 63.0494 68.0661 43.566 40.7922 90.3539 96.7286 59.8589 51.3628 29.1804 44.1527 80.0812 80.484 24.2074 61.4003 29.8618 38.7688 60.7454 10.8167 55.5528 64.7599 54.5711 72.6704 84.2021 81.1033 41.2311 
77.2334 74.2449 85.8432 30.0 70.0 53.7122 77.8845 96.7286 0.0 39.0 87.3613 49.0408 65.7974 35.2278 61.1882 86.8332 111.54 48.2701 61.4003 109.736 77.0 102.775 33.2415 109.461 94.3176 98.213 20.6155 130.913 64.6607 78.8162 85.4751 80.4703 82.8578 56.2939 84.3445 53.4603 29.6142 89.5545 64.5368 76.5693 88.2326 31.1448 40.4969 37.4433 7.0 37.0135 50.0 120.754 128.195 7.2111 0.0 44.1022 54.6443 78.1381 115.861 73.171 16.7631 91.2414 71.8108 113.119 102.684 89.6901 86.8332 109.169 41.5933 95.0211 66.9104 15.0 22.2036 81.213 
54.4243 39.782 47.1964 49.2037 31.0 24.1661 41.6773 82.9227 39.0 0.0 85.3288 53.2353 48.3735 5.65685 65.7951 61.4001 84.4405 31.0644 23.0868 94.921 38.0 96.0469 7.2111 83.1641 89.3692 62.9737 30.5287 108.789 37.5766 52.799 46.8722 79.0928 67.3647 20.0 86.6457 15.6525 11.6619 78.1601 27.7849 70.0357 62.2319 26.4008 45.4863 35.8469 32.0 25.0799 16.6433 93.8726 105.723 33.2415 39.0 24.0832 31.5753 55.0091 88.2556 34.3657 37.5766 68.542 37.0135 90.9059 76.6668 54.6443 76.0592 75.6995 19.105 103.47 29.1548 41.7852 47.4131 55.1935 
50.0499 83.9755 65.8945 59.0931 95.7706 66.9318 82.1902 27.074 87.3613 85.3288 0.0 38.3275 41.6773 80.7527 26.8328 55.0304 68.5154 54.5946 85.4283 35.171 99.5381 16.9706 80.5047 66.1081 8.60233 73.4646 68.884 66.0984 58.8303 57.088 97.7025 25.1245 27.8029 78.4196 9.05539 82.4161 78.1601 20.8806 80.1311 15.2971 59.9537 63.0079 47.0744 53.0884 85.703 61.2046 74.2598 70.5762 67.2681 82.0 87.3613 61.3922 57.1179 33.121 71.1032 93.135 70.6045 47.5018 77.4003 56.8122 65.7192 81.6773 19.6977 80.0363 66.2873 28.2312 84.22 73.0548 67.624 60.6155 
55.0248 64.2532 60.8154 22.0227 73.1095 43.0116 68.239 56.3457 49.0408 53.2353 38.3275 0.0 38.1255 47.8539 13.1529 63.6792 90.2753 28.0179 61.7171 66.3014 78.6003 53.7772 47.0106 88.1961 45.3195 72.7569 31.0161 95.393 43.4832 53.6239 80.6041 31.4722 41.7855 53.9073 36.0139 55.8659 43.6578 46.6383 59.0762 27.5712 68.2725 27.5136 9.0 17.4642 47.5184 28.3019 47.3814 95.894 94.9967 43.7379 49.0408 32.5269 34.8855 37.7552 94.5965 72.4224 32.28 66.8513 61.8191 82.1188 81.4189 76.6049 44.0129 89.6274 36.2353 50.5964 63.2456 34.9285 30.2324 56.0161 
13.3417 42.2989 27.1226 50.5592 54.1202 26.3059 43.4182 34.8685 65.7974 48.3735 41.6773 38.1255 0.0 45.1221 43.9723 23.7697 49.9462 18.7883 44.0114 47.2019 57.8615 48.8365 45.607 47.867 43.3244 39.2046 45.2799 65.1153 17.2047 19.105 58.9306 40.166 19.0263 37.3631 46.1334 41.7732 44.9444 30.0167 38.4708 27.7149 27.1662 34.8281 35.8899 30.0976 61.2209 29.6816 34.1321 59.16 62.4131 58.7963 65.7974 25.2982 17.0 8.60233 54.2674 51.4584 51.4857 25.807 39.8648 47.3367 41.0898 42.9121 28.1603 49.163 30.0832 66.6506 42.5441 56.2061 55.7195 22.3607 
52.3259 40.5786 47.9929 43.6005 35.2278 22.8035 43.4626 79.8724 35.2278 5.65685 80.7527 47.8539 45.1221 0.0 60.5392 59.9083 83.9428 27.074 26.1725 91.9312 42.19 92.0054 2.0 81.678 85.0941 63.7702 25.0599 106.972 36.0555 51.313 50.2494 74.307 63.9531 21.5407 81.6827 18.2483 6.32456 74.5453 29.7321 65.4905 60.7458 20.8087 39.9625 30.4138 28.2843 19.9249 16.4012 92.9844 104.237 29.0 35.2278 20.0998 28.7924 51.2445 88.3153 38.0132 32.311 66.6483 38.0789 89.0893 75.1807 55.9464 72.3395 76.4961 15.1327 98.2344 31.7805 36.6879 42.0476 53.7074 
52.6509 74.7471 69.2657 32.311 83.9832 53.6961 78.7329 45.0087 61.1882 65.7951 26.8328 13.1529 43.9723 60.5392 0.0 63.4822 84.0562 38.7174 72.6267 56.6127 89.606 43.2666 59.808 81.6489 34.6699 79.4363 44.0114 85.4217 53.8565 60.2207 91.098 21.8062 36.8271 64.8353 23.1948 67.138 56.6127 36.9723 69.8681 17.9053 67.4033 40.5216 22.0907 30.3645 60.208 40.7185 58.5668 86.1282 85.2309 56.3205 61.1882 43.868 45.2947 35.3813 86.6439 83.3118 44.5533 64.4775 72.313 72.353 81.0636 85.0552 34.3469 89.3825 48.0208 37.6962 74.0926 46.5725 40.8534 63.8064 
10.4403 24.7386 18.0 72.8146 54.037 37.2665 33.7343 32.7567 86.8332 61.4001 55.0304 63.6792 23.7697 59.9083 63.4822 0.0 26.601 38.6005 47.5184 40.2616 54.7449 52.8015 61.0328 24.5219 51.1331 18.868 66.8506 47.9772 23.8537 8.94427 48.1041 59.676 38.9517 44.7642 63.4664 50.0615 61.8466 34.2043 40.3113 47.1183 5.0 55.8032 58.1452 52.353 81.4678 49.8197 44.9021 35.8149 46.8013 79.6492 86.8332 43.1393 32.5269 28.6438 30.9222 49.2544 73.5731 9.21954 31.0 30.0943 17.7447 28.0179 35.7321 26.0768 46.7547 83.2205 43.0465 78.3901 77.9748 10.0499 
36.6428 45.8039 37.4433 98.3659 69.6419 61.2953 48.0833 41.565 111.54 84.4405 68.5154 90.2753 49.9462 83.9428 84.0562 26.601 0.0 63.5648 66.2118 40.4599 68.0661 60.513 85.0616 3.0 62.6708 23.5372 91.8625 29.0 47.8972 32.7248 58.1378 80.2499 53.2665 64.7083 77.3321 69.9727 85.9143 48.0444 59.0339 66.1829 23.3452 80.7263 83.6966 77.903 105.986 74.6016 69.0261 9.43398 23.0868 104.334 111.54 67.5707 56.9188 55.0815 4.47214 64.0312 98.8126 34.1523 48.7545 13.6015 9.84886 36.3456 50.0434 15.8114 70.9851 96.1303 60.5392 103.705 103.526 31.8277 
29.0 36.4506 37.9248 37.0135 45.2769 15.0 40.4364 53.0331 48.2701 31.0644 54.5946 28.0179 18.7883 27.074 38.7174 38.6005 63.5648 0.0 33.9411 66.048 50.6063 65.0077 27.2947 61.4856 58.3509 50.2947 28.3019 83.2406 18.2483 30.8869 52.8015 48.9249 37.108 26.1725 56.4779 28.8444 26.2488 47.5184 31.0644 39.3094 40.3113 17.2047 24.0416 16.0 43.1393 11.3137 20.2485 72.7786 80.4348 41.1096 48.2701 7.0 8.0 24.1868 67.886 44.4072 35.3412 43.1856 34.0165 65.3584 54.7084 51.8959 45.2769 61.2505 12.0 76.2143 35.2278 40.3113 41.0 33.2947 
44.1022 23.0217 29.8329 65.192 11.4018 19.2094 19.799 75.6637 61.4003 23.0868 85.4283 61.7171 44.0114 26.1725 72.6267 47.5184 66.2118 33.9411 0.0 86.0523 17.4642 92.4472 28.1603 65.0 87.3155 43.566 48.8365 93.3006 27.6586 39.1152 24.0832 82.3143 61.9729 7.81025 89.6654 8.0 32.0156 73.146 7.28011 71.247 45.3542 40.4969 56.3028 46.6476 54.4518 35.7771 14.7648 75.5844 88.2553 55.0818 61.4003 29.4109 28.8444 52.3927 69.7711 12.1655 56.7186 56.2228 17.4642 65.9124 59.1354 33.2415 71.5788 55.8032 26.8328 109.439 6.40312 61.5224 65.7343 37.4833 
42.0 63.1269 57.8705 86.8798 93.771 71.5681 73.9797 13.0384 109.736 94.921 35.171 66.3014 47.2019 91.9312 56.6127 40.2616 40.4599 66.048 86.0523 0.0 94.921 22.2036 92.4911 38.2099 27.2947 56.5349 89.498 31.1448 59.0762 47.3814 88.2326 52.8292 28.9426 81.0555 44.1475 86.1452 91.9714 20.5183 79.1581 39.2046 44.2719 80.8327 70.803 72.514 106.692 76.0642 79.6304 40.2492 33.1361 103.361 109.736 72.2851 63.3482 42.1953 42.4382 89.2693 93.4914 31.0483 70.7107 28.952 37.859 67.2474 23.3452 54.643 76.9869 60.0333 82.3893 97.2035 94.1046 49.8197 
54.4346 33.541 37.108 82.6378 7.0 35.609 21.095 86.0233 77.0 38.0 99.5381 78.6003 57.8615 42.19 89.606 54.7449 68.0661 50.6063 17.4642 94.921 0.0 104.682 44.1814 67.6018 100.852 44.5533 65.9697 96.7471 40.844 47.8017 12.0416 98.5887 77.2159 25.0599 103.894 25.0 48.3735 85.8308 19.799 85.4751 51.2445 57.9396 73.5731 64.0078 70.0 53.2259 32.2025 76.9025 91.0824 71.1126 77.0 46.6476 44.5533 66.4292 70.8308 6.40312 73.7564 63.9531 24.6982 71.007 63.0714 31.7805 87.3586 54.7083 44.2832 124.31 15.5563 78.4474 82.9699 45.1221 
50.2496 71.8993 68.0452 75.1798 102.079 75.1332 84.5937 20.5183 102.775 96.0469 16.9706 53.7772 48.8365 92.0054 43.2666 52.8015 60.513 65.0077 92.4472 22.2036 104.682 0.0 92.0489 58.1058 8.60233 70.8383 83.2625 53.0 64.9202 57.3238 99.8614 40.305 30.6757 86.122 24.6982 90.6091 90.2718 19.6977 86.4604 28.4605 57.6281 76.1183 62.3533 66.7083 100.338 73.3348 82.8734 61.6847 55.3263 96.933 102.775 72.0069 65.6201 41.1947 63.0714 98.6681 86.0133 44.5982 79.9996 48.8098 57.7168 80.8022 20.8806 74.5009 77.0065 38.0132 90.4425 88.6896 83.6481 60.5394 
53.2353 42.2989 49.7133 42.0119 37.2156 24.0832 45.31 80.2541 33.2415 7.2111 80.5047 47.0106 45.607 2.0 59.808 61.0328 85.0616 27.2947 28.1603 92.4911 44.1814 92.0489 0.0 82.7968 85.0235 65.4906 23.3238 107.933 37.2022 52.4318 52.2398 73.9384 64.3273 23.4094 81.1082 20.2237 4.47214 74.8131 31.6228 65.2763 61.8646 19.7231 38.9487 29.5466 26.3059 19.4165 18.0278 94.1031 105.127 27.0 33.2415 20.3961 29.5466 51.4782 89.4341 40.0125 30.4631 67.6018 39.8246 90.0503 76.2995 57.7062 72.5603 78.2164 15.5242 97.4987 33.7343 34.7851 40.2492 54.8262 
34.5636 44.1022 35.8469 96.2867 68.884 59.0305 47.2969 39.1577 109.461 83.1641 66.1081 88.1961 47.867 81.678 81.6489 24.5219 3.0 61.4856 65.0 38.2099 67.6018 58.1058 82.7968 0.0 60.2635 23.0868 89.7833 29.1548 45.9124 30.6456 58.0086 77.8427 50.8593 63.2353 74.9248 68.4997 83.9294 45.6372 57.7754 63.7757 21.2675 78.6471 81.6174 75.8238 103.907 72.5224 66.6661 11.3137 23.5372 102.254 109.461 65.4915 54.8396 53.0023 7.28011 63.3482 96.7334 31.745 47.5395 10.7703 7.2111 36.0555 47.6361 17.0 68.9059 93.723 59.4643 101.626 101.447 29.8329 
48.3268 85.2895 66.1223 66.6483 97.17 69.3758 82.9087 21.1896 94.3176 89.3692 8.60233 45.3195 43.3244 85.0941 34.6699 51.1331 62.6708 58.3509 87.3155 27.2947 100.852 8.60233 85.0235 60.2635 0.0 69.5673 75.3021 58.4209 60.0083 55.4009 97.446 31.8473 26.6271 80.6536 17.088 84.8999 83.0241 17.0294 81.5414 20.3961 56.0564 68.469 53.8957 58.8558 92.4821 66.0303 76.9025 64.5368 60.0083 88.817 94.3176 65.3066 59.6657 35.171 65.2586 94.449 77.5556 43.6005 78.1188 50.9676 59.8746 79.0291 17.0294 76.139 70.2644 33.541 85.5352 80.2309 75.1332 58.6165 
26.9258 26.0768 17.8885 85.619 46.1736 45.4071 24.6982 50.4671 98.213 62.9737 73.4646 72.7569 39.2046 63.7702 79.4363 18.868 23.5372 50.2947 43.566 56.5349 44.5533 70.8383 65.4906 23.0868 69.5673 0.0 78.5698 52.2398 34.6619 20.0998 35.0143 75.63 57.3859 43.1856 81.9006 48.2701 68.17 52.6385 36.6197 63.8967 13.8924 67.4185 70.9496 65.0595 90.8263 61.2753 47.5594 32.573 46.5296 91.0074 98.213 54.241 43.6155 45.4222 26.5707 40.5216 85.6099 26.2599 26.4008 28.1603 19.4165 13.0 54.1664 12.8062 57.6554 101.655 37.5899 90.5426 90.6757 17.0 
57.0088 58.2163 66.1999 19.105 59.203 36.4966 62.2013 76.4907 20.6155 30.5287 68.884 31.0161 45.2799 25.0599 44.0114 66.8506 91.8625 28.3019 48.8365 89.498 65.9697 83.2625 23.3238 89.7833 75.3021 78.5698 0.0 110.405 45.6946 59.1692 72.3395 61.7731 62.6199 42.19 67.0298 41.0 18.868 69.3253 50.04 54.906 68.6003 11.1803 22.0227 17.0 17.088 17.4642 35.0571 101.076 107.681 13.8924 20.6155 25.2982 35.3412 49.0954 96.1837 61.0 8.0 70.8378 55.7822 92.6043 83.0061 73.6615 66.6408 89.5256 24.1868 80.4114 53.2353 13.0384 17.088 61.5698 
54.7361 71.4834 63.5689 112.926 97.8621 84.6227 76.2955 40.4969 130.913 108.789 66.0984 95.393 65.1153 106.972 85.4217 47.9772 29.0 83.2406 93.3006 31.1448 96.7471 53.0 107.933 29.1548 58.4209 52.2398 110.405 0.0 71.2181 56.7804 87.0919 81.8209 54.8375 91.0095 75.1332 96.2738 108.267 48.4665 86.0233 67.624 48.3696 99.905 96.849 95.2225 126.254 94.4934 92.3617 21.587 6.32456 123.907 130.913 88.8449 78.5857 68.6855 27.2947 92.3959 116.611 40.332 75.9605 28.178 34.2053 65.192 51.0784 44.2832 93.0042 91.0055 88.0568 121.331 120.151 56.9429 
17.2627 25.2814 22.292 55.1453 37.1618 13.4164 29.2672 48.1664 64.6607 37.5766 58.8303 43.4832 17.2047 36.0555 53.8565 23.8537 47.8972 18.2483 27.6586 59.0762 40.844 64.9202 37.2022 45.9124 60.0083 34.6619 45.6946 71.2181 0.0 15.2675 41.6323 57.3654 34.446 22.0 63.3327 27.074 38.2099 45.6191 21.5407 44.9143 24.7003 34.5398 41.1947 34.1321 58.8218 28.2312 21.1896 57.2054 68.1918 57.4543 64.6607 20.5913 10.4403 25.807 52.2698 34.4409 53.1413 31.0161 22.8473 53.3352 39.1352 38.0816 44.0518 45.6178 23.4307 83.85 25.5272 58.1893 59.2284 17.6619 
7.81025 16.1245 10.7703 66.0576 46.3897 28.6655 27.313 38.2753 78.8162 52.799 57.088 53.6239 19.105 51.313 60.2207 8.94427 32.7248 30.8869 39.1152 47.3814 47.8017 57.3238 52.4318 30.6456 55.4009 20.0998 59.1692 56.7804 15.2675 0.0 42.5441 56.4145 43.2195 36.1632 62.3649 41.4605 53.2845 38.4721 32.0156 44.1065 9.43398 48.0208 51.3882 45.5412 73.2462 41.8808 36.3011 41.9387 52.9251 71.6101 78.8162 34.8281 24.2074 25.632 37.046 41.9762 66.1891 17.1172 23.3452 38.8976 23.8685 25.0 40.0 30.5941 38.261 83.035 35.0571 71.1126 71.1688 3.60555 
49.93 31.1448 31.9061 87.5557 17.4929 38.2753 15.6205 80.5295 85.4751 46.8722 97.7025 80.6041 58.9306 50.2494 91.098 48.1041 58.1378 52.8015 24.0832 88.2326 12.0416 99.8614 52.2398 58.0086 97.446 35.0143 72.3395 87.0919 41.6323 42.5441 0.0 100.081 85.7571 30.1496 102.979 32.0624 56.0803 81.0097 22.561 84.721 43.9659 63.1506 76.6942 67.6757 78.5175 57.7235 37.3363 66.6108 81.2219 79.1581 85.4751 50.2892 45.8172 66.1447 60.531 12.6491 80.3057 57.2451 22.0227 62.6498 54.231 22.0227 82.5376 43.9318 49.0306 123.649 19.105 85.2115 88.955 39.3573 
49.6261 83.7298 65.4594 52.909 93.5468 63.1338 87.7156 41.2025 80.4703 79.0928 25.1245 31.4722 40.166 74.307 21.8062 59.676 80.2499 48.9249 82.3143 52.8292 98.5887 40.305 73.9384 77.8427 31.8473 75.63 61.7731 81.8209 57.3654 56.4145 100.081 0.0 33.0208 74.6311 25.5529 77.4251 71.3939 33.1661 78.8508 14.099 63.597 56.0106 40.0483 46.0135 78.6348 54.5412 68.9333 82.3219 81.4246 74.9697 80.4703 55.4866 54.2774 31.5751 82.8377 92.2944 63.7083 60.6712 81.2957 68.5467 77.2573 81.249 30.5407 85.5762 60.2445 45.1248 83.0753 66.3847 61.3546 60.0002 
36.1454 44.4328 53.9409 60.0077 71.6043 45.0999 57.3229 15.9277 82.8578 67.3647 27.8029 41.7855 19.0263 63.9531 36.8271 38.9517 53.2665 37.108 61.9729 28.9426 77.2159 30.6757 64.3273 50.8593 26.6271 57.3859 62.6199 54.8375 34.446 43.2195 85.7571 33.0208 0.0 55.7406 34.8855 60.407 63.3246 11.1803 55.9861 19.105 43.875 51.9531 43.9309 45.6359 79.6493 47.1846 53.0377 55.3385 54.4412 76.4831 82.8578 43.9318 36.0139 13.4164 55.8543 71.2015 66.6132 31.4231 52.533 41.5633 55.5946 66.8477 9.84886 63.9576 48.8365 55.5698 59.9682 70.3313 67.2326 46.4351 
39.1152 20.0499 27.4642 57.8705 19.2094 11.6619 21.9317 70.1142 56.2939 20.0 78.4196 53.9073 37.3631 21.5407 64.8353 44.7642 64.7083 26.1725 7.81025 81.0555 25.0599 86.122 23.4094 63.2353 80.6536 43.1856 42.19 91.0095 22.0 36.1632 30.1496 74.6311 55.7406 0.0 82.184 5.38516 26.6833 66.9138 8.24621 64.2382 42.8938 33.2415 48.5489 38.9487 49.4773 28.2312 7.28011 74.1405 86.1868 49.6488 56.2939 21.6333 21.4709 45.5412 68.5235 19.3132 50.1597 52.2045 17.0294 74.3505 57.0106 34.6699 65.307 55.8659 19.3132 101.756 11.0454 55.0818 58.8558 34.7386 
55.3268 88.331 71.1714 55.0818 100.06 70.6867 87.4671 36.0139 84.3445 86.6457 9.05539 36.0139 46.1334 81.6827 23.1948 63.4664 77.3321 56.4779 89.6654 44.1475 103.894 24.6982 81.1082 74.9248 17.088 81.9006 67.0298 75.1332 63.3327 62.3649 102.979 25.5529 34.8855 82.184 0.0 85.1541 78.2624 29.4279 84.4405 18.4391 68.3897 62.514 45.0111 52.345 83.3847 61.7592 76.5881 79.404 76.3217 79.511 84.3445 63.0395 61.8303 37.5424 79.9198 97.4905 67.7422 55.9379 85.8969 65.6289 80.1093 86.9543 27.8927 88.4723 67.7975 20.8087 88.5624 69.6348 63.6003 65.8925 
44.2832 25.3142 32.7286 57.7754 18.3848 15.5242 26.0768 75.0267 53.4603 15.6525 82.4161 55.8659 41.7732 18.2483 67.138 50.0615 69.9727 28.8444 8.0 86.1452 25.0 90.6091 20.2237 68.4997 84.8999 48.2701 41.0 96.2738 27.074 41.4605 32.0624 77.4251 60.407 5.38516 85.1541 0.0 24.0208 71.5681 12.2066 68.2347 48.1581 33.1059 49.8197 40.0 46.5296 28.8444 8.60233 79.4048 91.4221 47.0956 53.4603 23.3452 25.2982 49.7293 73.7835 20.0998 48.8365 57.5019 21.9317 79.6478 62.275 39.2046 69.8713 60.8769 20.0 104.55 13.6015 53.6004 57.9741 40.003 
53.535 44.9784 52.3927 37.6431 41.4367 25.6125 48.3839 79.241 29.6142 11.6619 78.1601 43.6578 44.9444 6.32456 56.6127 61.8466 85.9143 26.2488 32.0156 91.9714 48.3735 90.2718 4.47214 83.9294 83.0241 68.17 18.868 108.267 38.2099 53.2845 56.0803 71.3939 63.3246 26.6833 78.2624 24.0208 0.0 73.5459 34.9285 63.0317 62.7174 16.1555 35.3412 26.2488 22.8035 17.0 20.6155 95.2225 105.46 23.0868 29.6142 19.6977 29.6816 50.2195 90.2869 44.0114 26.0 67.9559 42.5441 90.3841 77.1523 60.4236 71.1985 80.8959 15.2643 94.2444 37.3363 30.3645 35.7771 55.679 
31.398 53.0476 49.1935 66.5737 83.893 56.2228 65.742 8.06226 89.5545 78.1601 20.8806 46.6383 30.0167 74.5453 36.9723 34.2043 48.0444 47.5184 73.146 20.5183 85.8308 19.6977 74.8131 45.6372 17.0294 52.6385 69.3253 48.4665 45.6191 38.4721 81.0097 33.1661 11.1803 66.9138 29.4279 71.5681 73.5459 0.0 68.2608 19.2354 39.1276 60.9966 50.4969 52.3413 86.3547 57.2077 64.1249 50.1164 48.5077 83.1865 89.5545 54.4518 47.0106 23.3452 50.6322 79.8164 73.2462 26.6757 61.1479 36.3412 45.2482 62.1003 2.82843 59.2102 59.4138 49.0408 72.2569 76.8975 73.7986 41.6877 
37.4694 16.0312 22.561 65.0 15.6525 16.1245 13.8924 69.1258 64.5368 27.7849 80.1311 59.0762 38.4708 29.7321 69.8681 40.3113 59.0339 31.0644 7.28011 79.1581 19.799 86.4604 31.6228 57.7754 81.5414 36.6197 50.04 86.0233 21.5407 32.0156 22.561 78.8508 55.9861 8.24621 84.4405 12.2066 34.9285 68.2608 0.0 66.022 38.0789 40.6079 54.5619 45.31 57.7235 35.171 15.0 68.4251 80.9938 57.8705 64.5368 27.8568 24.7588 47.0106 62.6498 13.4536 58.0345 49.0918 10.2956 58.6324 51.8652 27.0185 65.592 49.0408 26.4764 105.976 4.24264 63.0079 66.4831 30.2655 
37.0684 69.9125 52.913 49.008 81.6415 52.7504 69.2087 27.2947 76.5693 70.0357 15.2971 27.5712 27.7149 65.4905 17.9053 47.1183 66.1829 39.3094 71.247 39.2046 85.4751 28.4605 65.2763 63.7757 20.3961 63.8967 54.906 67.624 44.9143 44.1065 84.721 14.099 19.105 64.2382 18.4391 68.2347 63.0317 19.2354 66.022 0.0 51.0393 48.1664 36.1474 38.4708 71.9817 46.0435 59.4045 68.2549 67.3573 68.5764 76.5693 46.0977 42.9365 19.124 68.7707 79.072 59.8073 44.3395 67.4784 54.4797 64.6996 68.6958 16.5529 73.0627 50.9902 38.9487 70.144 62.4837 57.4536 47.634 
14.0 23.2594 15.5242 75.2532 51.0392 38.0983 30.1496 37.4433 88.2326 62.2319 59.9537 68.2725 27.1662 60.7458 67.4033 5.0 23.3452 40.3113 45.3542 44.2719 51.2445 57.6281 61.8646 21.2675 56.0564 13.8924 68.6003 48.3696 24.7003 9.43398 43.9659 63.597 43.875 42.8938 68.3897 48.1581 62.7174 39.1276 38.0789 51.0393 0.0 57.4543 60.5839 54.7814 82.6947 51.3128 45.734 32.5606 43.547 81.0247 88.2326 44.2794 33.6539 32.5648 27.6586 46.0109 75.591 13.4164 28.2843 20.9392 14.4903 23.3238 40.6554 22.0227 47.6939 88.1438 40.4475 80.4984 80.4114 8.60233 
46.0977 48.063 55.0486 24.6982 51.4782 26.0192 52.0488 67.7598 31.1448 26.4008 63.0079 27.5136 34.8281 20.8087 40.5216 55.8032 80.7263 17.2047 40.4969 80.8327 57.9396 76.1183 19.7231 78.6471 68.469 67.4185 11.1803 99.905 34.5398 48.0208 63.1506 56.0106 51.9531 33.2415 62.514 33.1059 16.1555 60.9966 40.6079 48.1664 57.4543 0.0 19.2354 10.198 26.4008 6.32456 25.9615 89.9401 97.1439 24.0416 31.1448 14.3178 24.1661 38.6815 85.0475 52.4976 18.6815 60.1082 45.6289 82.0675 71.8699 63.5083 58.3142 78.3743 14.1421 78.1089 44.1475 23.7697 26.0192 50.4185 
47.9496 60.3788 58.5798 16.1245 67.6757 38.4838 64.3646 57.8017 40.4969 45.4863 47.0744 9.0 35.8899 39.9625 22.0907 58.1452 83.6966 24.0416 56.3028 70.803 73.5731 62.3533 38.9487 81.6174 53.8957 70.9496 22.0227 96.849 41.1947 51.3882 76.6942 40.0483 43.9309 48.5489 45.0111 49.8197 35.3412 50.4969 54.5619 36.1474 60.5839 19.2354 0.0 9.89949 38.6394 21.2132 41.6173 97.0424 98.2579 34.9285 40.4969 26.9258 31.7805 39.2112 88.0178 67.6018 23.7697 61.9683 57.9447 83.2672 74.8402 74.3693 47.7359 81.9007 29.8329 59.203 58.5918 26.9258 23.3452 53.7805 
42.1574 51.5348 52.6896 21.0238 57.9828 29.4109 55.5206 59.5066 37.4433 35.8469 53.0884 17.4642 30.0976 30.4138 30.3645 52.353 77.903 16.0 46.6476 72.514 64.0078 66.7083 29.5466 75.8238 58.8558 65.0595 17.0 95.2225 34.1321 45.5412 67.6757 46.0135 45.6359 38.9487 52.345 40.0 26.2488 52.3413 45.31 38.4708 54.7814 10.198 9.89949 0.0 34.0147 11.3137 31.9061 87.1168 92.5513 30.8869 37.4433 17.4642 24.0 40.9161 82.2242 58.1378 21.9317 55.6914 49.1007 77.4749 69.0466 66.98 49.6588 76.0153 20.0 68.0074 49.2443 26.4008 25.632 48.0595 
72.1249 67.6346 80.2864 30.8058 63.0 47.4131 71.1688 93.5201 7.0 32.0 85.703 47.5184 61.2209 28.2843 60.208 81.4678 105.986 43.1393 54.4518 106.692 70.0 100.338 26.3059 103.907 92.4821 90.8263 17.088 126.254 58.8218 73.2462 78.5175 78.6348 79.6493 49.4773 83.3847 46.5296 22.8035 86.3547 57.7235 71.9817 82.6947 26.4008 38.6394 34.0147 0.0 31.8277 43.3244 115.2 123.47 4.12311 7.0 38.4187 49.0408 65.082 110.307 66.1891 16.1245 86.3134 65.2005 108.393 97.1296 83.0798 83.672 103.612 35.5106 95.4254 60.0167 16.5529 24.1661 75.6563 
40.3113 42.1902 48.9055 29.8329 47.0106 20.025 46.176 63.0494 37.0135 25.0799 61.2046 28.3019 29.6816 19.9249 40.7185 49.8197 74.6016 11.3137 35.7771 76.0642 53.2259 73.3348 19.4165 72.5224 66.0303 61.2753 17.4642 94.4934 28.2312 41.8808 57.7235 54.5412 47.1846 28.2312 61.7592 28.8444 17.0 57.2077 35.171 46.0435 51.3128 6.32456 21.2132 11.3137 31.8277 0.0 21.0238 83.8154 91.6932 29.8329 37.0135 8.06226 17.8885 33.9131 78.9228 47.5395 25.0 54.4885 39.7561 76.6168 65.7452 57.6354 54.8548 72.2312 8.94427 78.3901 38.8973 30.0832 32.0156 44.2753 
38.3275 24.3677 31.7821 50.5964 26.0768 8.06226 27.8927 68.0661 50.0 16.6433 74.2598 47.3814 34.1321 16.4012 58.5668 44.9021 69.0261 20.2485 14.7648 79.6304 32.2025 82.8734 18.0278 66.6661 76.9025 47.5594 35.0571 92.3617 21.1896 36.3011 37.3363 68.9333 53.0377 7.28011 76.5881 8.60233 20.6155 64.1249 15.0 59.4045 45.734 25.9615 41.6173 31.9061 43.3244 21.0238 0.0 77.9725 89.2255 43.1741 50.0 14.8661 17.2627 41.7732 72.8413 26.5707 43.0465 52.2015 21.9317 74.4788 60.1689 39.8129 62.2896 60.2852 12.083 96.0581 18.2483 48.0104 51.6236 38.6956 
45.8567 55.2178 46.8722 111.712 78.7464 70.3369 57.2451 43.566 120.754 93.8726 70.5762 95.894 59.16 92.9844 86.1282 35.8149 9.43398 72.7786 75.5844 40.2492 76.9025 61.6847 94.1031 11.3137 64.5368 32.573 101.076 21.587 57.2054 41.9387 66.6108 82.3219 55.3385 74.1405 79.404 79.4048 95.2225 50.1164 68.4251 68.2549 32.5606 89.9401 97.0424 87.1168 115.2 83.8154 77.9725 0.0 15.2971 113.547 120.754 76.7845 66.1327 64.7131 6.08276 73.0821 108.026 36.2243 58.1378 18.4391 18.4391 45.1221 52.1154 23.0 80.199 98.0612 69.857 112.919 116.872 41.1096 
51.9296 66.6608 58.6941 112.927 92.4175 81.5899 70.8308 40.7922 128.195 105.723 67.2681 94.9967 62.4131 104.237 85.2309 46.8013 23.0868 80.4348 88.2553 33.1361 91.0824 55.3263 105.127 23.5372 60.0083 46.5296 107.681 6.32456 68.1918 52.9251 81.2219 81.4246 54.4412 86.1868 76.3217 91.4221 105.46 48.5077 80.9938 67.3573 43.547 97.1439 98.2579 92.5513 123.47 91.6932 89.2255 15.2971 0.0 121.166 128.195 86.0384 75.7792 65.9287 21.095 86.885 113.939 37.5255 70.8378 24.2074 29.1548 59.4138 50.9608 38.1182 90.1977 93.1343 82.8613 118.66 118.087 52.1203 
70.0928 67.3299 78.6375 26.6833 64.1249 46.6154 71.0634 90.3539 7.2111 33.2415 82.0 43.7379 58.7963 29.0 56.3205 79.6492 104.334 41.1096 55.0818 103.361 71.1126 96.933 27.0 102.254 88.817 91.0074 13.8924 123.907 57.4543 71.6101 79.1581 74.9697 76.4831 49.6488 79.511 47.0956 23.0868 83.1865 57.8705 68.5764 81.0247 24.0416 34.9285 30.8869 4.12311 29.8329 43.1741 113.547 121.166 0.0 7.2111 36.8917 47.4342 62.6133 108.655 67.0075 12.0416 84.1487 64.8958 106.089 95.4772 82.7751 80.4984 101.963 34.4384 91.351 60.407 12.53 20.1246 74.0074 
77.2334 74.2449 85.8432 30.0 70.0 53.7122 77.8845 96.7286 0.0 39.0 87.3613 49.0408 65.7974 35.2278 61.1882 86.8332 111.54 48.2701 61.4003 109.736 77.0 102.775 33.2415 109.461 94.3176 98.213 20.6155 130.913 64.6607 78.8162 85.4751 80.4703 82.8578 56.2939 84.3445 53.4603 29.6142 89.5545 64.5368 76.5693 88.2326 31.1448 40.4969 37.4433 7.0 37.0135 50.0 120.754 128.195 7.2111 0.0 44.1022 54.6443 78.1381 115.861 73.171 16.7631 91.2414 71.8108 113.119 102.684 89.6901 86.8332 109.169 41.5933 95.0211 66.9104 15.0 22.2036 81.213 
34.2053 34.3809 41.8711 37.4833 40.8044 12.1655 38.3667 59.8589 44.1022 24.0832 61.3922 32.5269 25.2982 20.0998 43.868 43.1393 67.5707 7.0 29.4109 72.2851 46.6476 72.0069 20.3961 65.4915 65.3066 54.241 25.2982 88.8449 20.5913 34.8281 50.2892 55.4866 43.9318 21.6333 63.0395 23.3452 19.6977 54.4518 27.8568 46.0977 44.2794 14.3178 26.9258 17.4642 38.4187 8.06226 14.8661 76.7845 86.0384 36.8917 44.1022 0.0 10.6301 31.1448 71.8919 40.7063 32.9848 48.6004 31.9468 70.962 58.7143 49.8261 52.2398 65.1969 5.0 81.3649 31.7805 38.0789 40.05 37.241 
23.8537 29.4664 31.2457 45.0111 39.8246 9.84886 33.4522 51.3628 54.6443 31.5753 57.1179 34.8855 17.0 28.7924 45.2947 32.5269 56.9188 8.0 28.8444 63.3482 44.5533 65.6201 29.5466 54.8396 59.6657 43.6155 35.3412 78.5857 10.4403 24.2074 45.8172 54.2774 36.0139 21.4709 61.8303 25.2982 29.6816 47.0106 24.7588 42.9365 33.6539 24.1661 31.7805 24.0 49.0408 17.8885 17.2627 66.1327 75.7792 47.4342 54.6443 10.6301 0.0 24.5153 61.24 38.2099 42.72 38.2753 27.0323 60.7029 48.0625 44.9116 45.0999 54.5714 14.4222 81.4022 29.0 47.7598 48.8365 26.6155 
18.5939 50.8665 34.3367 55.288 62.6498 34.2053 50.6324 29.1804 78.1381 55.0091 33.121 37.7552 8.60233 51.2445 35.3813 28.6438 55.0815 24.1868 52.3927 42.1953 66.4292 41.1947 51.4782 53.0023 35.171 45.4222 49.0954 68.6855 25.807 25.632 66.1447 31.5751 13.4164 45.5412 37.5424 49.7293 50.2195 23.3452 47.0106 19.124 32.5648 38.6815 39.2112 40.9161 65.082 33.9131 41.7732 64.7131 65.9287 62.6133 78.1381 31.1448 24.5153 0.0 59.4027 60.026 61.8935 29.639 48.4324 50.9379 46.2251 50.1262 21.095 54.544 36.1248 58.0596 51.1077 65.6116 62.5128 29.1548 
40.964 49.8197 41.4005 102.687 72.7324 65.6678 51.264 44.1527 115.861 88.2556 71.1032 94.5965 54.2674 88.3153 86.6439 30.9222 4.47214 67.886 69.7711 42.4382 70.8308 63.0714 89.4341 7.28011 65.2586 26.5707 96.1837 27.2947 52.2698 37.046 60.531 82.8377 55.8543 68.5235 79.9198 73.7835 90.2869 50.6322 62.6498 68.7707 27.6586 85.0475 88.0178 82.2242 110.307 78.9228 72.8413 6.08276 21.095 108.655 115.861 71.8919 61.24 59.4027 0.0 67.0522 103.134 36.74 52.3546 17.1172 14.3178 39.0512 52.6311 17.0294 75.2633 98.718 63.9766 108.026 107.847 36.0694 
48.4202 27.313 31.4006 77.1622 5.83095 29.4109 16.1245 80.0812 73.171 34.3657 93.135 72.4224 51.4584 38.0132 83.3118 49.2544 64.0312 44.4072 12.1655 89.2693 6.40312 98.6681 40.0125 63.3482 94.449 40.5216 61.0 92.3959 34.4409 41.9762 12.6491 92.2944 71.2015 19.3132 97.4905 20.0998 44.0114 79.8164 13.4536 79.072 46.0109 52.4976 67.6018 58.1378 66.1891 47.5395 26.5707 73.0821 86.885 67.0075 73.171 40.7063 38.2099 60.026 67.0522 0.0 68.884 58.4209 18.6815 66.0681 58.4209 28.2312 81.3442 51.4782 38.6264 117.925 9.21954 73.6817 77.8781 39.4588 
63.5138 66.1926 73.24 14.8661 66.9403 44.4072 70.1783 80.484 16.7631 37.5766 70.6045 32.28 51.4857 32.311 44.5533 73.5731 98.8126 35.3412 56.7186 93.4914 73.7564 86.0133 30.4631 96.7334 77.5556 85.6099 8.0 116.611 53.1413 66.1891 80.3057 63.7083 66.6132 50.1597 67.7422 48.8365 26.0 73.2462 58.0345 59.8073 75.591 18.6815 23.7697 21.9317 16.1245 25.0 43.0465 108.026 113.939 12.0416 16.7631 32.9848 42.72 61.8935 103.134 68.884 0.0 77.0795 63.7584 98.863 89.9562 81.6378 70.4911 96.5658 32.1403 79.3095 61.2046 5.09902 10.0 68.6099 
14.4222 33.2415 27.074 76.6376 63.1269 44.3847 42.9535 24.2074 91.2414 68.542 47.5018 66.8513 25.807 66.6483 64.4775 9.21954 34.1523 43.1856 56.2228 31.0483 63.9531 44.5982 67.6018 31.745 43.6005 26.2599 70.8378 40.332 31.0161 17.1172 57.2451 60.6712 31.4231 52.2045 55.9379 57.5019 67.9559 26.6757 49.0918 44.3395 13.4164 60.1082 61.9683 55.6914 86.3134 54.4885 52.2015 36.2243 37.5255 84.1487 91.2414 48.6004 38.2753 29.639 36.74 58.4209 77.0795 0.0 40.05 22.4491 24.4682 36.7151 28.2036 32.8312 52.6972 75.6919 52.0 81.7999 81.7979 19.0263 
29.7517 9.21954 13.0 69.43 23.0868 19.7813 7.28011 61.4003 71.8108 37.0135 77.4003 61.8191 39.8648 38.0789 72.313 31.0 48.7545 34.0165 17.4642 70.7107 24.6982 79.9996 39.8246 47.5395 78.1188 26.4008 55.7822 75.9605 22.8473 23.3452 22.0227 81.2957 52.533 17.0294 85.8969 21.9317 42.5441 61.1479 10.2956 67.4784 28.2843 45.6289 57.9447 49.1007 65.2005 39.7561 21.9317 58.1378 70.8378 64.8958 71.8108 31.9468 27.0323 48.4324 52.3546 18.6815 63.7584 40.05 0.0 48.7049 41.7612 17.8885 62.6758 38.9487 31.6366 106.414 12.1655 68.8203 71.647 21.0238 
36.8532 54.8323 36.1385 97.9365 71.2531 66.7398 50.01 29.8618 113.119 90.9059 56.8122 82.1188 47.3367 89.0893 72.353 30.0943 13.6015 65.3584 65.9124 28.952 71.007 48.8098 90.0503 10.7703 50.9676 28.1603 92.6043 28.178 53.3352 38.8976 62.6498 68.5467 41.5633 74.3505 65.6289 79.6478 90.3841 36.3412 58.6324 54.4797 20.9392 82.0675 83.2672 77.4749 108.393 76.6168 74.4788 18.4391 24.2074 106.089 113.119 70.962 60.7029 50.9379 17.1172 66.0681 98.863 22.4491 48.7049 0.0 8.94427 40.7922 38.3402 26.1725 75.1214 84.4271 60.8659 103.583 103.097 40.0588 
27.7864 37.5899 29.5466 89.5095 63.7887 52.5332 42.2966 38.7688 102.684 76.6668 65.7192 81.4189 41.0898 75.1807 81.0636 17.7447 9.84886 54.7084 59.1354 37.859 63.0714 57.7168 76.2995 7.2111 59.8746 19.4165 83.0061 34.2053 39.1352 23.8685 54.231 77.2573 55.5946 57.0106 80.1093 62.275 77.1523 45.2482 51.8652 64.6996 14.4903 71.8699 74.8402 69.0466 97.1296 65.7452 60.1689 18.4391 29.1548 95.4772 102.684 58.7143 48.0625 46.2251 14.3178 58.4209 89.9562 24.4682 41.7612 8.94427 0.0 32.249 47.2472 17.8045 62.1287 93.334 53.8516 94.8484 94.6698 23.0637 
32.8024 22.0227 16.7631 87.3093 34.0147 37.6606 13.4536 60.7454 89.6901 54.6443 81.6773 76.6049 42.9121 55.9464 85.0552 28.0179 36.3456 51.8959 33.2415 67.2474 31.7805 80.8022 57.7062 36.0555 79.0291 13.0 73.6615 65.192 38.0816 25.0 22.0227 81.249 66.8477 34.6699 86.9543 39.2046 60.4236 62.1003 27.0185 68.6958 23.3238 63.5083 74.3693 66.98 83.0798 57.6354 39.8129 45.1221 59.4138 82.7751 89.6901 49.8261 44.9116 50.1262 39.0512 28.2312 81.6378 36.7151 17.8885 40.7922 32.249 0.0 63.6281 23.2594 49.5159 107.624 26.9072 86.6997 89.5263 21.4009 
32.9258 54.5755 50.7214 63.8127 81.2102 54.4518 67.2699 10.8167 86.8332 76.0592 19.6977 44.0129 28.1603 72.3395 34.3469 35.7321 50.0434 45.2769 71.5788 23.3452 87.3586 20.8806 72.5603 47.6361 17.0294 54.1664 66.6408 51.0784 44.0518 40.0 82.5376 30.5407 9.84886 65.307 27.8927 69.8713 71.1985 2.82843 65.592 16.5529 40.6554 58.3142 47.7359 49.6588 83.672 54.8548 62.2896 52.1154 50.9608 80.4984 86.8332 52.2398 45.0999 21.095 52.6311 81.3442 70.4911 28.2036 62.6758 38.3402 47.2472 63.6281 0.0 60.7381 57.2189 47.927 69.5741 74.1365 71.0376 43.2156 
36.0139 38.833 30.5287 96.5701 57.2713 58.1329 36.3593 55.5528 109.169 75.6995 80.0363 89.6274 49.163 76.4961 89.3825 26.0768 15.8114 61.2505 55.8032 54.643 54.7083 74.5009 78.2164 17.0 76.139 12.8062 89.5256 44.2832 45.6178 30.5941 43.9318 85.5762 63.9576 55.8659 88.4723 60.8769 80.8959 59.2102 49.0408 73.0627 22.0227 78.3743 81.9007 76.0153 103.612 72.2312 60.2852 23.0 38.1182 101.963 109.169 65.1969 54.5714 54.544 17.0294 51.4782 96.5658 32.8312 38.9487 26.1725 17.8045 23.2594 60.7381 0.0 68.6113 108.226 49.6488 101.498 101.632 28.1603 
38.2753 34.0707 45.2856 38.6005 38.0789 12.3693 38.0565 64.7599 41.5933 19.105 66.2873 36.2353 30.0832 15.1327 48.0208 46.7547 70.9851 12.0 26.8328 76.9869 44.2832 77.0065 15.5242 68.9059 70.2644 57.6554 24.1868 93.0042 23.4307 38.261 49.0306 60.2445 48.8365 19.3132 67.7975 20.0 15.2643 59.4138 26.4764 50.9902 47.6939 14.1421 29.8329 20.0 35.5106 8.94427 12.083 80.199 90.1977 34.4384 41.5933 5.0 14.4222 36.1248 75.2633 38.6264 32.1403 52.6972 31.6366 75.1214 62.1287 49.5159 57.2189 68.6113 0.0 85.5196 30.0832 37.2156 40.1123 40.6554 
75.9968 108.848 91.8414 65.0308 120.672 90.2585 108.137 54.5711 95.0211 103.47 28.2312 50.5964 66.6506 98.2344 37.6962 83.2205 96.1303 76.2143 109.439 60.0333 124.31 38.0132 97.4987 93.723 33.541 101.655 80.4114 91.0055 83.85 83.035 123.649 45.1248 55.5698 101.756 20.8087 104.55 94.2444 49.0408 105.976 38.9487 88.1438 78.1089 59.203 68.0074 95.4254 78.3901 96.0581 98.0612 93.1343 91.351 95.0211 81.3649 81.4022 58.0596 98.718 117.925 79.3095 75.6919 106.414 84.4271 93.334 107.624 47.927 108.226 85.5196 0.0 109.08 80.025 73.0068 86.5625 
40.9924 19.4165 25.0799 68.6804 11.7047 20.2485 13.4536 72.6704 66.9104 29.1548 84.22 63.2456 42.5441 31.7805 74.0926 43.0465 60.5392 35.2278 6.40312 82.3893 15.5563 90.4425 33.7343 59.4643 85.5352 37.5899 53.2353 88.0568 25.5272 35.0571 19.105 83.0753 59.9682 11.0454 88.5624 13.6015 37.3363 72.2569 4.24264 70.144 40.4475 44.1475 58.5918 49.2443 60.0167 38.8973 18.2483 69.857 82.8613 60.407 66.9104 31.7805 29.0 51.1077 63.9766 9.21954 61.2046 52.0 12.1655 60.8659 53.8516 26.9072 69.5741 49.6488 30.0832 109.08 0.0 66.1211 69.8713 33.0151 
68.2642 71.2545 78.1727 15.0 71.5891 49.4975 75.2396 84.2021 15.0 41.7852 73.0548 34.9285 56.2061 36.6879 46.5725 78.3901 103.705 40.3113 61.5224 97.2035 78.4474 88.6896 34.7851 101.626 80.2309 90.5426 13.0384 121.331 58.1893 71.1126 85.2115 66.3847 70.3313 55.0818 69.6348 53.6004 30.3645 76.8975 63.0079 62.4837 80.4984 23.7697 26.9258 26.4008 16.5529 30.0832 48.0104 112.919 118.66 12.53 15.0 38.0789 47.7598 65.6116 108.026 73.6817 5.09902 81.7999 68.8203 103.583 94.8484 86.6997 74.1365 101.498 37.2156 80.025 66.1211 0.0 7.61577 73.5426 
67.7792 74.0811 78.3058 8.544 76.243 52.0 78.0669 81.1033 22.2036 47.4131 67.624 30.2324 55.7195 42.0476 40.8534 77.9748 103.526 41.0 65.7343 94.1046 82.9699 83.6481 40.2492 101.447 75.1332 90.6757 17.088 120.151 59.2284 71.1688 88.955 61.3546 67.2326 58.8558 63.6003 57.9741 35.7771 73.7986 66.4831 57.4536 80.4114 26.0192 23.3452 25.632 24.1661 32.0156 51.6236 116.872 118.087 20.1246 22.2036 40.05 48.8365 62.5128 107.847 77.8781 10.0 81.7979 71.647 103.097 94.6698 89.5263 71.0376 101.632 40.1123 73.0068 69.8713 7.61577 0.0 73.6757 
