NAME  : Jabali_70_2_0.90_1_7
TYPE : SVRP
MODEL : FINITE_SUPPORT
NUMBER_OF_SCENARIOS : 200
DIMENSION : 70
EDGE_WEIGHT_TYPE : MATRIX
CAPACITY : 201
N_VEHICLES : 2
NODE_COORD_SECTION
1 4121 3827
2 241 836
3 4518 3658
4 481 2815
5 3633 2559
6 6305 2892
7 2014 2385
8 1587 105
9 5114 4406
10 3902 6071
11 5734 1212
12 3565 4334
13 5438 6972
14 2982 711
15 872 4244
16 1150 6826
17 7191 731
18 1217 6950
19 239 3051
20 3728 6520
21 3834 3039
22 3408 1067
23 6419 4326
24 27 5711
25 3823 5672
26 4070 2921
27 476 3838
28 315 2842
29 5152 1086
30 4317 5716
31 6606 3481
32 607 4779
33 6805 2224
34 4131 5038
35 6557 6610
36 2859 1252
37 5457 3940
38 4319 2941
39 633 1867
40 6890 3844
41 6723 1561
42 3238 6696
43 3729 4872
44 6732 1030
45 2638 6050
46 653 5777
47 1961 4486
48 3803 1277
49 4698 986
50 5828 6453
51 6470 915
52 1804 5784
53 5558 6355
54 4441 2035
55 4615 83
56 2214 5646
57 5432 2462
58 7275 2459
59 5935 3369
60 3722 18
61 3610 679
62 7260 5390
63 2150 5116
64 5908 1350
65 5430 3666
66 3067 2055
67 806 1343
68 5890 7376
69 3810 1207
70 1732 3539
DEMAND_SECTION
1 0.0
2 6.0
3 2.0
4 2.0
5 1.0
6 7.0
7 8.0
8 8.0
9 6.0
10 1.0
11 10.0
12 6.0
13 8.0
14 8.0
15 7.0
16 10.0
17 2.0
18 5.0
19 3.0
20 5.0
21 2.0
22 4.0
23 10.0
24 9.0
25 8.0
26 4.0
27 3.0
28 6.0
29 2.0
30 3.0
31 7.0
32 5.0
33 1.0
34 9.0
35 10.0
36 2.0
37 1.0
38 1.0
39 7.0
40 9.0
41 10.0
42 10.0
43 5.0
44 1.0
45 7.0
46 2.0
47 10.0
48 6.0
49 9.0
50 6.0
51 1.0
52 5.0
53 9.0
54 6.0
55 1.0
56 5.0
57 6.0
58 10.0
59 2.0
60 3.0
61 4.0
62 1.0
63 4.0
64 5.0
65 7.0
66 3.0
67 2.0
68 6.0
69 6.0
70 3.0
DEVIATION_SECTION
1 0.0
2 2.0
3 0.666667
4 0.666667
5 0.333333
6 2.33333
7 2.66667
8 2.66667
9 2.0
10 0.333333
11 3.33333
12 2.0
13 2.66667
14 2.66667
15 2.33333
16 3.33333
17 0.666667
18 1.66667
19 1.0
20 1.66667
21 0.666667
22 1.33333
23 3.33333
24 3.0
25 2.66667
26 1.33333
27 1.0
28 2.0
29 0.666667
30 1.0
31 2.33333
32 1.66667
33 0.333333
34 3.0
35 3.33333
36 0.666667
37 0.333333
38 0.333333
39 2.33333
40 3.0
41 3.33333
42 3.33333
43 1.66667
44 0.333333
45 2.33333
46 0.666667
47 3.33333
48 2.0
49 3.0
50 2.0
51 0.333333
52 1.66667
53 3.0
54 2.0
55 0.333333
56 1.66667
57 2.0
58 3.33333
59 0.666667
60 1.0
61 1.33333
62 0.333333
63 1.33333
64 1.66667
65 2.33333
66 1.0
67 0.666667
68 2.0
69 2.0
70 1.0
DISTANCE_MATRIX
0.0 69.9269 5.38516 59.2338 17.088 31.305 36.9741 61.5009 16.5529 31.0 42.9573 10.0 47.4131 44.0369 44.4668 57.4891 59.2058 56.8507 61.7885 37.054 11.1803 38.3275 32.1942 59.0623 26.0192 12.0416 51.5379 60.2695 40.697 26.4764 32.5576 47.0269 41.936 17.1172 50.9117 38.3943 18.0 12.6491 57.7795 35.6954 47.0195 40.7922 15.2971 52.3152 36.2353 52.6972 29.4511 35.3553 39.6232 43.6005 51.3624 40.3113 41.0488 24.5153 51.2445 35.4683 25.0658 45.618 24.3516 51.4782 42.7551 51.0907 31.241 42.9435 17.2627 27.8978 59.9475 54.7083 35.3553 37.9364 
69.9269 0.0 70.3365 26.9258 52.8263 85.2364 33.0151 20.8087 84.0683 85.6562 74.0 65.7379 109.458 37.3363 46.1736 81.5843 93.2631 81.7863 29.4279 89.1052 58.9988 43.0116 95.9541 64.0078 81.4956 60.0169 40.025 27.6586 66.0303 86.3378 93.104 51.788 88.955 77.6742 115.465 36.0555 82.4734 62.3047 14.7648 99.173 87.0919 88.7041 73.2765 87.0517 77.7468 65.6201 54.6428 48.0104 60.075 106.87 84.0952 69.6419 104.105 59.2284 59.9083 70.2529 71.7241 95.3756 87.8242 48.3839 45.3982 116.25 64.6683 76.0066 81.1041 42.0595 10.0 117.282 48.0104 42.022 
5.38516 70.3365 0.0 64.5879 17.8045 25.9422 42.3282 61.9446 13.4536 33.3766 37.6634 14.8661 47.1699 44.2945 49.821 62.2896 53.9118 61.6198 67.1427 39.6232 11.4018 38.0789 26.9412 64.4127 28.6356 10.7703 56.892 65.6236 37.1074 28.0 27.2947 52.3811 36.6197 19.2354 49.1347 38.838 13.1529 10.0499 63.1336 30.4423 41.7255 43.9659 18.7883 47.0212 40.4969 57.9828 34.8053 34.4819 37.0616 42.5441 46.0684 45.2769 40.2492 22.0 49.0 40.3113 19.7718 40.2492 18.9737 50.448 42.0595 47.2372 36.4005 37.6496 12.0416 28.3415 60.9271 54.1295 34.4819 43.2906 
59.2338 26.9258 64.5879 0.0 44.3847 90.5331 21.1896 39.2938 73.3751 65.6308 71.8679 50.9959 88.6902 43.1393 19.3132 54.7449 92.1141 54.9181 3.60555 65.8952 50.5573 45.0 91.7863 38.4708 61.1664 51.5754 13.1529 1.41421 65.307 66.5354 92.1089 25.0799 83.9829 59.9405 98.5951 37.6431 76.4895 53.8631 13.0 95.2875 83.1512 63.3641 54.5738 85.0941 51.3779 39.0512 34.0029 48.0208 60.4152 89.2083 82.6378 42.9535 86.098 52.8867 65.437 43.6959 66.7499 90.4015 83.6564 56.5862 49.679 101.146 38.1113 73.3894 76.9364 35.4683 20.025 96.4865 48.0208 22.2195 
17.088 52.8263 17.8045 44.3847 0.0 41.8327 23.3585 44.4344 31.1448 47.3814 33.7717 24.0 64.405 26.9704 51.0161 74.8318 53.8554 74.3953 47.1347 53.1507 6.40312 21.3776 43.5418 72.9125 42.2966 8.06226 49.0718 45.608 29.0689 43.4166 43.8643 59.3554 45.5534 33.9559 66.9317 21.3278 30.0611 10.7703 43.2383 46.7607 44.7217 56.0357 31.1448 46.7419 57.0759 67.9127 43.8897 19.0263 26.4197 60.208 44.4568 57.4335 57.8014 13.6015 36.6879 53.7719 28.3204 51.972 35.4119 35.0143 26.0768 63.8378 47.5857 35.0671 28.6918 10.8313 43.4169 71.5891 19.0263 35.4703 
31.305 85.2364 25.9422 90.5331 41.8327 0.0 59.08 72.5113 24.7365 53.0232 23.0868 40.4969 56.3205 51.6236 75.7661 87.1149 31.3847 86.3713 93.0878 59.2172 35.9105 44.4185 19.0263 90.3549 49.4065 34.8924 82.8372 91.5688 28.3019 46.2066 8.94427 78.3262 11.4018 40.4599 50.636 49.5955 17.2047 33.8163 77.7075 14.7648 18.9737 64.8999 42.45 25.7099 64.3506 83.863 60.7505 39.1152 32.6497 49.0408 26.1725 70.6045 48.2597 28.7161 43.566 65.437 13.9284 14.3178 7.81025 50.9313 45.607 35.3412 62.1289 21.587 15.5563 44.9704 76.642 61.0 39.1152 69.2357 
36.9741 33.0151 42.3282 21.1896 23.3585 59.08 0.0 32.573 51.1154 55.9525 50.6952 32.785 76.7082 26.0 28.8732 61.9839 70.9366 61.8142 24.1661 60.7915 29.531 25.6125 66.4863 52.3848 50.9914 30.5491 26.9072 22.4722 44.2945 53.8781 66.8088 37.2125 62.8007 44.7214 82.5122 19.2354 53.0056 32.8369 20.8806 69.7052 61.969 59.9696 40.3237 63.9062 49.8197 50.4211 28.0179 27.6586 39.6611 74.1887 61.4654 46.0435 71.3382 31.7805 46.0109 44.1022 45.5677 69.2192 58.3564 38.9487 30.8058 86.7823 37.054 52.2015 51.6363 14.3178 23.0217 84.3291 27.6586 16.7631 
61.5009 20.8087 61.9446 39.2938 44.4344 72.5113 32.573 0.0 75.1394 86.8209 58.2495 63.5295 107.342 21.1896 56.0803 92.0054 76.1643 92.0 42.72 91.6599 50.6069 28.2312 85.2331 77.666 81.8596 51.625 51.6236 40.5216 50.01 84.5991 80.379 63.5059 75.2728 75.3513 111.069 23.6008 74.0815 53.8145 26.9258 85.9061 71.8053 92.4774 71.1196 70.5762 82.2253 77.4145 59.6825 33.6155 43.9318 104.452 67.4759 77.4145 101.966 47.5079 41.1096 76.1183 58.999 81.9329 72.4525 29.1548 28.6356 105.529 69.0507 60.4152 72.7122 33.9706 20.1246 114.984 33.6155 47.2652 
16.5529 84.0683 13.4536 73.3751 31.1448 24.7365 51.1154 75.1394 0.0 28.3019 43.4166 21.0238 35.6931 57.3626 57.2151 63.8201 55.9017 63.0079 75.9299 34.4819 24.7588 51.0302 23.3466 70.214 24.8395 23.7493 64.2862 74.4108 45.0444 21.4709 23.7103 59.5531 36.1308 16.4012 36.2495 52.0541 7.61577 22.6732 71.9208 26.8478 43.382 40.2244 19.6977 49.7695 40.6079 62.9682 42.19 47.2915 46.6905 30.0832 49.6488 48.3011 28.1603 38.3333 58.8558 42.9418 26.0 38.1425 17.0 62.4657 54.8903 36.4085 41.1096 42.7551 10.198 41.5364 74.0889 42.0595 47.2915 50.6847 
31.0 85.6562 33.3766 65.6308 47.3814 53.0232 55.9525 86.8209 28.3019 0.0 70.214 23.7697 24.5967 73.7838 45.6067 39.2173 84.119 38.2753 62.9284 6.32456 42.0476 68.7408 39.862 52.0865 5.09902 43.0116 52.6778 64.0472 70.214 7.07107 51.997 46.8188 64.4175 14.1421 36.3456 67.1863 35.8469 43.1856 71.2385 48.9454 71.5891 12.0416 16.2788 77.8203 17.0294 44.0454 33.6006 66.1891 70.3491 26.3059 77.4726 28.0713 23.1948 55.2268 82.1523 23.3452 52.2015 66.4292 45.2769 82.2982 73.437 44.9222 26.4008 69.8928 38.0132 55.5513 76.1699 32.249 66.1891 44.5533 
42.9573 74.0 37.6634 71.8679 33.7717 23.0868 50.6952 58.2495 43.4166 70.214 0.0 52.528 78.0064 37.3363 79.1506 101.108 20.2485 100.515 74.8465 76.5376 35.3814 31.0161 41.4367 101.047 65.7875 33.3042 77.1604 73.1642 8.24621 64.0312 31.9531 87.49 19.105 56.3028 73.5459 38.0526 36.1248 32.6256 68.2495 37.6962 13.6015 81.3449 56.3737 13.3417 78.1299 96.0473 72.0243 26.0192 14.3178 71.1758 10.7703 83.758 70.0286 20.6551 21.9317 79.1262 18.0278 25.6125 28.0713 31.7648 29.6142 58.3095 74.4536 2.23607 33.2415 36.4005 66.2722 83.2947 26.0192 63.6049 
10.0 65.7379 14.8661 50.9959 24.0 40.4969 32.785 63.5295 21.0238 23.7697 52.528 0.0 44.0454 50.01 36.2289 47.5079 68.7764 46.8615 53.5506 29.2746 19.4165 45.2327 40.3632 50.1597 18.6815 21.1896 43.3 52.0315 50.0384 21.095 40.7269 38.704 51.4004 12.0416 50.4777 43.4166 25.2982 22.3607 53.5904 43.8644 56.5901 32.0624 7.61577 61.8858 26.4008 43.4166 21.2132 43.0116 48.7647 41.8688 60.933 30.4138 38.9487 33.8378 60.0167 25.4951 34.6364 54.7083 33.121 59.0085 50.0406 51.6373 21.6333 52.5142 25.4951 31.7805 55.7585 51.7397 43.0116 29.6985 
47.4131 109.458 47.1699 88.6902 64.405 56.3205 76.7082 107.342 35.6931 24.5967 78.0064 44.0454 0.0 91.2853 70.2024 59.0339 86.885 58.0345 87.5241 24.5153 58.1808 85.235 37.3363 75.3127 28.0179 57.9396 77.2734 89.7258 80.5047 23.3452 49.0306 71.3092 66.2873 32.0156 15.2315 85.6517 42.19 56.9794 95.04 44.9222 74.9667 30.0666 36.7967 81.8841 40.2616 67.2681 57.9828 81.5966 82.3772 8.06226 82.4924 51.6624 8.06226 73.9931 94.541 47.4342 61.4003 64.846 50.01 97.4891 89.1964 31.8904 50.9902 77.0065 45.2769 75.1553 99.6816 7.81025 81.5966 68.3579 
44.0369 37.3363 44.2945 43.1393 26.9704 51.6236 26.0 21.1896 57.3626 73.7838 37.3363 50.01 91.2853 0.0 54.329 87.5557 56.0357 87.3212 46.6905 79.2465 33.1059 7.2111 64.3525 77.8406 68.6947 33.6155 52.1536 44.5533 29.1548 70.3868 59.4984 62.6683 54.0833 60.9262 93.2998 7.07107 56.2783 35.2278 34.9857 65.0255 50.8035 81.3941 57.5959 50.04 73.0068 75.8769 53.1507 12.53 23.0868 86.8332 47.0106 71.0211 84.534 27.0185 23.2594 68.4043 38.1184 60.7454 51.5719 13.4536 8.06226 84.3349 61.5292 39.4588 52.4776 18.2483 31.0161 98.387 12.53 42.72 
44.4668 46.1736 49.821 19.3132 51.0161 75.7661 28.8732 56.0803 57.2151 45.6067 79.1506 36.2289 70.2024 54.329 0.0 36.0555 99.2344 36.1248 17.4929 47.0858 57.1886 54.442 76.3417 23.8537 42.6613 58.2067 7.07107 18.7883 73.3795 48.335 76.6662 8.60233 86.3972 43.6136 80.9077 47.8181 61.7226 55.8211 31.7805 79.8428 90.1007 44.5533 38.5019 92.1209 32.5576 21.587 15.1935 56.5103 69.3719 71.1112 89.8358 23.7065 67.9496 59.5421 74.8754 24.8395 73.6994 90.0795 68.8894 67.5226 59.5815 84.9083 19.3019 80.4461 61.4046 42.8274 38.4708 77.8394 56.5103 28.1932 
57.4891 81.5843 62.2896 54.7449 74.8318 87.1149 61.9839 92.0054 63.8201 39.2173 101.108 47.5079 59.0339 87.5557 36.0555 0.0 116.2 1.0 52.1728 35.6931 65.8114 85.5199 86.1028 21.9317 40.2492 67.8885 41.5933 53.9351 96.5188 45.6946 86.4665 29.8329 98.3514 47.4342 73.437 80.5233 70.4344 69.4165 67.6018 89.6039 104.005 29.2746 44.6878 109.309 23.3238 16.5529 34.4819 85.4473 94.3096 63.6396 108.357 17.4929 60.8276 80.4631 103.937 22.0227 82.06 100.896 79.3977 99.6574 90.9031 84.119 27.2947 99.9378 71.5891 71.8418 74.4312 65.0692 85.4473 45.3982 
59.2058 93.2631 53.9118 92.1141 53.8554 31.3847 70.9366 76.1643 55.9017 84.119 20.2485 68.7764 86.885 56.0357 99.2344 116.2 0.0 115.529 95.0789 90.3549 55.4651 50.3587 49.7293 121.131 80.2621 53.388 97.2763 93.4077 27.4591 77.3692 37.855 107.574 20.6155 71.0211 79.1012 57.7062 48.3011 61.7172 88.295 42.2966 12.53 95.8801 72.2011 7.2111 94.2019 111.861 92.108 45.7056 33.2415 79.2465 9.48683 99.1881 78.8543 40.7389 35.9026 94.2229 34.6554 23.0217 38.9102 47.676 48.0104 61.0737 90.2997 18.7883 46.1411 56.648 85.9884 90.7965 45.7056 83.6886 
56.8507 81.7863 61.6198 54.9181 74.3953 86.3713 61.8142 92.0 63.0079 38.2753 100.515 46.8615 58.0345 87.3212 36.1248 1.0 115.529 0.0 52.3927 34.7131 65.2179 85.2463 85.3351 22.6274 39.3573 67.295 41.7732 54.1295 95.9253 44.7772 85.6988 30.0832 97.6217 46.6154 72.4431 80.2808 69.6563 68.823 67.7422 88.8363 103.325 28.2843 43.9318 108.639 22.4722 17.0 34.2053 85.0108 93.873 62.6498 107.686 17.0 59.8415 79.8696 103.501 21.4009 81.3893 100.125 78.6448 99.3838 90.6295 83.1685 26.8328 99.2671 70.8378 71.5682 74.5453 64.0703 85.0108 45.2769 
61.7885 29.4279 67.1427 3.60555 47.1347 93.0878 24.1661 42.72 75.9299 62.9284 74.8465 53.5506 87.5241 46.6905 17.4929 52.1728 95.0789 52.3927 0.0 64.4075 53.3073 48.4149 94.341 35.2278 59.983 54.3253 10.7703 2.23607 68.4251 65.6567 94.6636 22.3607 86.8593 62.4952 101.15 41.1096 79.0442 56.6131 16.1245 97.8422 86.0276 61.8764 57.1285 88.0227 49.8902 36.2215 32.5152 51.3128 63.6318 91.763 85.6154 41.1825 86.515 55.6597 68.884 42.2019 69.6263 93.2779 86.2111 60.1415 53.1507 103.701 36.6236 76.3217 78.7263 38.4838 23.1948 95.1611 51.3128 24.5166 
37.054 89.1052 39.6232 65.8952 53.1507 59.2172 60.7915 91.6599 34.4819 6.32456 76.5376 29.2746 24.5153 79.2465 47.0858 35.6931 90.3549 34.7131 64.4075 0.0 48.0 74.4816 44.7562 50.8035 11.0454 49.0918 54.1569 65.5263 76.4853 13.0384 58.191 47.4131 70.6115 20.3961 38.0132 72.5672 42.0595 49.366 74.6875 53.8396 77.8267 6.7082 22.0227 84.0952 15.8114 42.7551 36.0694 72.0625 76.531 28.0713 83.7735 27.2029 25.1794 61.4003 88.278 23.2594 58.5235 72.6231 51.4782 88.1419 79.2275 48.8467 27.8029 76.2168 44.2832 61.0 79.6199 31.6228 72.0625 47.8017 
11.1803 58.9988 11.4018 50.5573 6.40312 35.9105 29.531 50.6069 24.7588 42.0476 35.3814 19.4165 58.1808 33.1059 57.1886 65.8114 55.4651 65.2179 53.3073 48.0 0.0 27.2029 37.1637 79.085 37.0135 3.16228 55.2443 51.7806 30.9269 37.6563 37.4862 65.5279 46.5415 28.2843 60.5322 27.5003 23.683 6.08276 49.4108 40.3826 46.3315 51.3517 26.0192 48.3516 45.5435 60.4656 37.2003 24.1868 29.4109 53.8516 46.0665 48.461 51.4782 14.7648 40.6079 43.8292 29.9301 50.2239 29.0338 40.3113 31.5753 57.4597 39.1566 36.6768 22.3137 17.0038 49.5894 65.2993 24.1868 41.6428 
38.3275 43.0116 38.0789 45.0 21.3776 44.4185 25.6125 28.2312 51.0302 68.7408 31.0161 45.2327 85.235 7.2111 54.442 85.5199 50.3587 85.2463 48.4149 74.4816 27.2029 0.0 57.1437 77.9536 63.6523 27.313 52.4976 46.4004 23.0217 64.7611 52.2895 62.7813 47.1275 55.3173 86.9674 7.61577 48.4145 28.6531 38.6264 57.8166 44.2832 77.026 52.4905 44.0454 69.3542 74.5475 51.0414 5.38516 17.1172 80.5184 41.1096 68.6676 78.2943 19.8494 20.5183 65.307 30.9096 53.7587 44.3631 14.3178 5.38516 77.126 58.8224 33.0606 45.2687 14.3178 35.6931 92.1954 5.38516 41.6773 
32.1942 95.9541 26.9412 91.7863 43.5418 19.0263 66.4863 85.2331 23.3466 39.862 41.4367 40.3632 37.3363 64.3525 76.3417 86.1028 49.7293 85.3351 94.341 44.7562 37.1637 57.1437 0.0 90.5224 38.959 36.1456 83.4127 92.822 45.2217 33.2435 12.083 78.7878 29.1204 39.1363 32.28 62.3173 15.8167 35.0695 86.3661 10.0 37.6563 51.3833 41.4271 44.5533 63.1617 83.7138 61.2121 51.8772 48.3322 30.0167 45.1774 69.8929 29.2746 41.438 60.1664 64.6404 26.8328 28.6531 13.6015 65.5134 58.794 20.6155 61.8167 40.1995 14.9398 53.9591 86.5447 42.0119 51.8772 70.4889 
59.0623 64.0078 64.4127 38.4708 72.9125 90.3549 52.3848 77.666 70.214 52.0865 101.047 50.1597 75.3127 77.8406 23.8537 21.9317 121.131 22.6274 35.2278 50.8035 79.085 77.9536 90.5224 0.0 51.0392 68.8885 26.2488 37.3363 95.6966 57.0351 90.886 15.2643 100.993 55.109 88.3629 71.3297 75.3923 70.4165 51.3517 94.0235 106.076 45.607 50.6952 114.017 35.2278 8.06226 30.2324 80.0219 91.2683 78.3135 111.732 24.0208 75.2396 81.4385 98.387 29.0172 84.1224 104.657 83.1925 91.0342 83.0932 95.5249 29.1204 102.342 75.6439 65.6603 58.4209 82.2253 80.0219 51.7048 
26.0192 81.4956 28.6356 61.1664 42.2966 49.4065 50.9914 81.8596 24.8395 5.09902 65.7875 18.6815 28.0179 68.6947 42.6613 40.2492 80.2621 39.3573 59.983 11.0454 37.0135 63.6523 38.959 51.0392 0.0 38.0526 49.7324 62.202 65.526 6.0 48.3825 44.3847 60.803 9.48683 38.3275 62.0967 32.2025 38.3275 67.078 48.0424 67.7422 15.6525 11.1803 73.8241 17.088 43.1045 30.0167 61.131 65.4905 28.4605 73.3485 27.1662 25.2982 50.3587 77.2334 22.0227 47.7598 62.8146 41.6173 77.2334 68.3593 44.7214 23.7697 65.5515 34.1321 50.4621 72.0094 35.805 61.131 40.3958 
12.0416 60.0169 10.7703 51.5754 8.06226 34.8924 30.5491 51.625 23.7493 43.0116 33.3042 21.1896 57.9396 33.6155 58.2067 67.8885 53.388 67.295 54.3253 49.0918 3.16228 27.313 36.1456 68.8885 38.0526 0.0 56.2624 52.7986 28.8498 38.2099 36.4681 66.546 45.5235 29.0172 59.6864 28.4253 22.6649 3.0 50.4289 39.3645 44.2543 52.7731 27.2947 46.2745 47.5395 62.5428 39.2774 23.7697 27.6586 53.2353 43.9894 50.5382 50.9902 12.6491 39.2046 45.9064 27.853 49.2058 28.0157 39.8121 31.3209 56.4416 41.2338 34.5997 21.2956 18.0219 50.6075 64.8845 23.7697 42.6609 
51.5379 40.025 56.892 13.1529 49.0718 82.8372 26.9072 51.6236 64.2862 52.6778 77.1604 43.3 77.2734 52.1536 7.07107 41.5933 97.2763 41.7732 10.7703 54.1569 55.2443 52.4976 83.4127 26.2488 49.7324 56.2624 0.0 12.3693 70.881 55.4061 83.7373 12.0 93.4683 50.6847 87.9787 45.8039 68.7936 58.5501 26.0768 86.9139 88.1427 51.6236 45.573 90.1628 39.6232 26.0 22.2646 54.566 66.4359 78.1822 87.8777 30.5287 75.0206 57.5978 72.9178 31.8904 71.7413 97.1506 75.9605 65.4599 57.6281 91.9794 26.373 78.488 68.4756 40.8831 33.0151 84.9105 54.566 26.2489 
60.2695 27.6586 65.6236 1.41421 45.608 91.5688 22.4722 40.5216 74.4108 64.0472 73.1642 52.0315 89.7258 44.5533 18.7883 53.9351 93.4077 54.1295 2.23607 65.5263 51.7806 46.4004 92.822 37.3363 62.202 52.7986 12.3693 0.0 66.6408 66.3807 93.1445 24.1868 85.2478 60.9762 99.6308 39.0512 77.5252 55.0864 14.0357 96.3232 84.4161 62.9952 55.6094 86.3771 51.009 38.1182 33.634 49.3964 61.7738 90.244 83.9345 42.4853 87.1337 54.1202 66.8431 43.327 68.0148 91.6663 84.6921 58.0 51.0882 102.182 37.7425 74.6726 77.972 36.7696 21.095 97.5222 49.3964 23.2552 
40.697 66.0303 37.1074 65.307 29.0689 28.3019 44.2945 50.01 45.0444 70.214 8.24621 50.0384 80.5047 29.1548 73.3795 96.5188 27.4591 95.9253 68.4251 76.4853 30.9269 23.0217 45.2217 95.6966 65.526 28.8498 70.881 66.6408 0.0 64.4981 37.2156 81.7189 26.6271 56.0892 77.4919 30.2655 38.3275 28.1712 60.8769 43.0465 21.8403 80.9148 55.9919 21.0238 76.363 90.6968 66.6739 18.2483 6.08276 74.2477 18.1108 79.1685 72.6911 16.2007 15.2643 74.6717 19.105 33.2866 31.6228 23.8537 21.3776 63.5295 69.864 10.4403 35.2278 30.0167 58.5491 86.4066 18.2483 57.8338 
26.4764 86.3378 28.0 66.5354 43.4166 46.2066 53.8781 84.5991 21.4709 7.07107 64.0312 21.095 23.3452 70.3868 48.335 45.6946 77.3692 44.7772 65.6567 13.0384 37.6563 64.7611 33.2435 57.0351 6.0 38.2099 55.4061 66.3807 64.4981 0.0 45.1803 50.2195 57.6008 9.48683 32.573 64.3537 29.0689 38.0132 71.9201 42.3269 64.846 19.105 13.6015 71.1758 22.8035 49.0918 35.3412 61.8142 65.0311 22.8473 70.9366 33.1361 19.6977 50.0 77.0 28.0179 46.0977 59.6125 38.4708 77.9295 69.2315 38.833 29.6142 63.6003 31.3847 52.7186 76.8515 31.1448 61.8142 45.238 
32.5576 93.104 27.2947 92.1089 43.8643 8.94427 66.8088 80.379 23.7103 51.997 31.9531 40.7269 49.0306 59.4984 76.6662 86.4665 37.855 85.6988 94.6636 58.191 37.4862 52.2895 12.083 90.886 48.3825 36.4681 83.7373 93.1445 37.2156 45.1803 0.0 79.1515 17.2627 39.4999 42.19 57.4632 16.1803 35.392 86.6887 5.83095 26.0768 63.8776 41.7908 33.0606 63.5253 84.0775 61.5758 47.023 41.4005 41.4367 34.0147 70.2566 41.0 36.5838 52.4786 65.0041 21.4009 16.6433 9.21954 59.5483 53.8145 26.4008 62.1803 30.3645 15.2971 52.838 86.8672 53.1507 47.023 70.8115 
47.0269 51.788 52.3811 25.0799 59.3554 78.3262 37.2125 63.5059 59.5531 46.8188 87.49 38.704 71.3092 62.6683 8.60233 29.8329 107.574 30.0832 22.3607 47.4131 65.5279 62.7813 78.7878 15.2643 44.3847 66.546 12.0 24.1868 81.7189 50.2195 79.1515 0.0 88.9573 46.0435 82.7103 56.1574 63.9406 58.3811 38.0526 82.289 98.44 43.8292 41.0 100.46 31.9061 14.0 17.7536 64.8496 77.7112 72.8011 98.1751 21.2603 69.6419 67.8814 83.2147 24.1868 72.087 92.6396 71.2756 75.8619 67.9209 87.2827 20.6155 88.7854 63.8642 51.1667 45.0111 78.7909 64.8496 36.5325 
41.936 88.955 36.6197 83.9829 45.5534 11.4018 62.8007 75.2728 36.1308 64.4175 19.105 51.4004 66.2873 54.0833 86.3972 98.3514 20.6155 97.6217 86.8593 70.6115 46.5415 47.1275 29.1204 100.993 60.803 45.5235 93.4683 85.2478 26.6271 57.6008 17.2627 88.9573 0.0 51.8556 59.0085 53.1507 28.6007 44.4474 81.4282 22.0 9.05539 76.2981 53.7401 16.0312 75.6902 94.5911 71.3815 41.7612 32.249 58.6941 17.4642 81.6884 58.2495 32.4368 41.0366 76.5768 20.3961 6.7082 19.2094 50.4777 47.0106 41.7732 73.0068 16.9706 26.9072 48.6911 80.3627 70.3491 41.7612 79.8668 
17.1172 77.6742 19.2354 59.9405 33.9559 40.4599 44.7214 75.3513 16.4012 14.1421 56.3028 12.0416 32.0156 60.9262 43.6136 47.4342 71.0211 46.6154 62.4952 20.3961 28.2843 55.3173 39.1363 55.109 9.48683 29.0172 50.6847 60.9762 56.0892 9.48683 39.4999 46.0435 51.8556 0.0 38.9487 55.1052 23.3452 29.0689 65.3253 42.6374 58.5235 25.0799 5.38516 64.4981 24.2074 47.5395 29.6142 52.469 56.2228 30.0 63.9531 32.311 27.0185 41.1096 68.0661 26.9258 38.2753 53.9321 32.6497 68.593 59.8415 41.3261 26.1725 56.0803 25.0 43.47 67.6948 39.6989 52.469 38.6431 
50.9117 115.465 49.1347 98.5951 66.9317 50.636 82.5122 111.069 36.2495 36.3456 73.5459 50.4777 15.2315 93.2998 80.9077 73.437 79.1012 72.4431 101.15 38.0132 60.5322 86.9674 32.28 88.3629 38.3275 59.6864 87.9787 99.6308 77.4919 32.573 42.19 82.7103 59.0085 38.9487 0.0 87.9626 47.72 58.6103 102.587 37.0135 68.0294 44.1814 44.2945 75.0267 53.1507 80.3057 67.7791 83.2286 80.4162 10.0499 76.1643 64.3817 13.1529 73.3414 92.358 59.6825 58.8755 56.2228 45.8803 97.4283 90.8275 19.3132 62.0967 72.1803 46.8431 77.4661 105.486 13.6015 83.2286 77.2977 
38.3943 36.0555 38.838 37.6431 21.3278 49.5955 19.2354 23.6008 52.0541 67.1863 38.0526 43.4166 85.6517 7.07107 47.8181 80.5233 57.7062 80.2808 41.1096 72.5672 27.5003 7.61577 62.3173 71.3297 62.0967 28.4253 45.8039 39.0512 30.2655 64.3537 57.4632 56.1574 53.1507 55.1052 87.9626 0.0 50.9698 30.4138 31.0161 62.9903 51.0392 74.5453 50.9985 51.2445 66.0 69.1975 46.0977 12.0416 24.5153 81.3451 48.3735 63.9531 78.9784 24.1661 27.8029 61.3334 36.0832 59.6657 49.5367 19.7231 12.0416 82.6134 54.4582 40.0125 49.6005 11.7047 28.2843 92.7957 12.0416 35.8469 
18.0 82.4734 13.1529 76.4895 30.0611 17.2047 53.0056 74.0815 7.61577 35.8469 36.1248 25.2982 42.19 56.2783 61.7226 70.4344 48.3011 69.6563 79.0442 42.0595 23.683 48.4145 15.8167 75.3923 32.2025 22.6649 68.7936 77.5252 38.3275 29.0689 16.1803 63.9406 28.6007 23.3452 47.72 50.9698 0.0 21.5889 72.8855 19.3178 35.7771 47.7074 25.807 42.1545 47.4236 68.4471 46.3648 43.148 40.5216 36.0351 42.0595 54.3783 34.3657 32.7089 52.6308 49.0918 19.2354 30.6125 9.43398 56.8413 50.0649 36.1127 46.5188 35.3553 3.16228 40.4785 73.064 48.1164 43.148 55.1921 
12.6491 62.3047 10.0499 53.8631 10.7703 33.8163 32.8369 53.8145 22.6732 43.1856 32.6256 22.3607 56.9794 35.2278 55.8211 69.4165 61.7172 68.823 56.6131 49.366 6.08276 28.6531 35.0695 70.4165 38.3275 3.0 58.5501 55.0864 28.1712 38.0132 35.392 58.3811 44.4474 29.0689 58.6103 30.4138 21.5889 0.0 52.7167 38.2884 49.5308 53.3667 27.8927 54.8266 48.7545 64.0707 40.8054 24.6982 27.1662 52.1614 43.3108 52.0661 49.9381 12.0416 39.0128 47.4343 27.5771 48.1297 26.9396 40.5216 32.311 55.3655 42.7617 33.921 20.2195 20.3097 52.8952 63.8455 24.6982 44.9487 
57.7795 14.7648 63.1336 13.0 43.2383 77.7075 20.8806 26.9258 71.9208 71.2385 68.2495 53.5904 95.04 34.9857 31.7805 67.6018 88.295 67.7422 16.1245 74.6875 49.4108 38.6264 86.3661 51.3517 67.078 50.4289 26.0768 14.0357 60.8769 71.9201 86.6887 38.0526 81.4282 65.3253 102.587 31.0161 72.8855 52.7167 0.0 89.585 80.5047 74.2865 59.9585 81.5843 63.3292 52.0384 40.2251 42.72 55.3624 94.7223 78.8543 55.0273 91.4828 51.0098 58.1808 55.6186 64.1952 87.8468 78.2362 48.0104 42.4853 106.662 50.034 70.0357 71.5161 33.0 7.07107 102.844 42.72 27.6043 
35.6954 99.173 30.4423 95.2875 46.7607 14.7648 69.7052 85.9061 26.8478 48.9454 37.6962 43.8644 44.9222 65.0255 79.8428 89.6039 42.2966 88.8363 97.8422 53.8396 40.3826 57.8166 10.0 94.0235 48.0424 39.3645 86.9139 96.3232 43.0465 42.3269 5.83095 82.289 22.0 42.6374 37.0135 62.9903 19.3178 38.2884 89.585 0.0 31.0161 60.4667 44.9283 38.0132 66.6628 87.215 64.7132 52.5502 47.2017 37.108 39.2046 73.394 37.0 42.111 58.3095 68.1416 26.9072 19.9249 13.8924 65.2993 59.4138 20.6155 65.3178 36.0555 18.4409 57.178 89.7636 48.5077 52.5502 73.9901 
47.0195 87.0919 41.7255 83.1512 44.7217 18.9737 61.969 71.8053 43.382 71.5891 13.6015 56.5901 74.9667 50.8035 90.1007 104.005 12.53 103.325 86.0276 77.8267 46.3315 44.2832 37.6563 106.076 67.7422 44.2543 88.1427 84.4161 21.8403 64.846 26.0768 98.44 9.05539 58.5235 68.0294 51.0392 35.7771 49.5308 80.5047 31.0161 0.0 83.3547 59.8164 7.0 81.8352 99.6746 76.465 39.1152 27.8927 67.4759 8.544 87.0018 66.9104 31.6052 34.6699 82.0366 23.0217 13.8924 26.4008 45.1885 43.1741 50.8035 78.1134 11.4018 33.6155 47.8539 79.0253 79.2275 39.1152 74.555 
40.7922 88.7041 43.9659 63.3641 56.0357 64.8999 59.9696 92.4774 40.2244 12.0416 81.3449 32.0624 30.0666 81.3941 44.5533 29.2746 95.8801 28.2843 61.8764 6.7082 51.3517 77.026 51.3833 45.607 15.6525 52.7731 51.6236 62.9952 80.9148 19.105 63.8776 43.8292 76.2981 25.0799 44.1814 74.5453 47.7074 53.3667 74.2865 60.4667 83.3547 0.0 25.4951 89.4707 12.0416 37.6431 34.6699 75.06 80.4114 34.3657 89.0 22.8254 31.5753 65.307 91.9239 19.8494 63.3246 78.3097 57.1402 91.0055 82.0 55.5428 25.6125 81.1542 49.7393 63.1981 79.2255 36.6742 75.06 47.0106 
15.2971 73.2765 18.7883 54.5738 31.1448 42.45 40.3237 71.1196 19.6977 16.2788 56.3737 7.61577 36.7967 57.5959 38.5019 44.6878 72.2011 43.9318 57.1285 22.0227 26.0192 52.4905 41.4271 50.6952 11.1803 27.2947 45.573 55.6094 55.9919 13.6015 41.7908 41.0 53.7401 5.38516 44.2945 50.9985 25.807 27.8927 59.9585 44.9283 59.8164 25.4951 0.0 65.4599 22.0227 43.3244 24.3311 50.04 54.9181 35.2278 64.6607 28.6531 32.2025 39.8121 66.4831 23.3238 38.4708 56.2228 34.7131 66.1211 57.2189 46.606 21.587 56.356 26.9072 39.3633 63.2971 44.5533 50.04 33.2764 
52.3152 87.0517 47.0212 85.0941 46.7419 25.7099 63.9062 70.5762 49.7695 77.8203 13.3417 61.8858 81.8841 50.04 92.1209 109.309 7.2111 108.639 88.0227 84.0952 48.3516 44.0454 44.5533 114.017 73.8241 46.2745 90.1628 86.3771 21.0238 71.1758 33.0606 100.46 16.0312 64.4981 75.0267 51.2445 42.1545 54.8266 81.5843 38.0132 7.0 89.4707 65.4599 0.0 87.4185 109.018 84.9945 39.2046 27.0 74.4312 3.16228 92.2975 73.8241 33.6254 31.3847 87.3323 27.5862 20.2485 32.8938 42.72 42.107 57.7062 83.4091 11.7047 39.8121 49.6488 79.511 86.209 39.2046 76.5751 
36.2353 77.7468 40.4969 51.3779 57.0759 64.3506 49.8197 82.2253 40.6079 17.0294 78.1299 26.4008 40.2616 73.0068 32.5576 23.3238 94.2019 22.4722 49.8902 15.8114 45.5435 69.3542 63.1617 35.2278 17.088 47.5395 39.6232 51.009 76.363 22.8035 63.5253 31.9061 75.6902 24.2074 53.1507 66.0 47.4236 48.7545 63.3292 66.6628 81.8352 12.0416 22.0227 87.4185 0.0 27.1662 23.2594 68.0661 74.9538 43.1045 86.5332 11.4018 40.05 60.1664 86.026 7.81025 60.2383 77.9575 56.5685 83.6002 74.5453 61.6117 13.8924 78.1161 48.7955 55.1453 68.2682 47.4342 68.0661 35.8469 
52.6972 65.6201 57.9828 39.0512 67.9127 83.863 50.4211 77.4145 62.9682 44.0454 96.0473 43.4166 67.2681 75.8769 21.587 16.5529 111.861 17.0 36.2215 42.7551 60.4656 74.5475 83.7138 8.06226 43.1045 62.5428 26.0 38.1182 90.6968 49.0918 84.0775 14.0 94.5911 47.5395 80.3057 69.1975 68.4471 64.0707 52.0384 87.215 99.6746 37.6431 43.3244 109.018 27.1662 0.0 24.7588 75.2787 86.2685 70.2567 106.732 16.0 67.1863 76.4387 94.126 21.095 77.7208 98.1122 76.5376 88.6082 79.9281 87.6926 21.9317 97.3427 68.884 60.8735 59.0085 74.2159 75.2787 33.7338 
29.4511 54.6428 34.8053 34.0029 43.8897 60.7505 28.0179 59.6825 42.19 33.6006 72.0243 21.2132 57.9828 53.1507 15.1935 34.4819 92.108 34.2053 32.5152 36.0694 37.2003 51.0414 61.2121 30.2324 30.0167 39.2774 22.2646 33.634 66.6739 35.3412 61.5758 17.7536 71.3815 29.6142 67.7791 46.0977 46.3648 40.8054 40.2251 64.7132 76.465 34.6699 24.3311 84.9945 23.2594 24.7588 0.0 51.7685 63.3675 58.1808 82.7095 18.0278 55.0364 52.4157 70.6157 16.4924 54.5113 75.0639 53.6999 65.1789 56.4246 70.9272 9.48683 73.3198 46.2884 37.3633 45.1641 65.7343 51.7685 12.6491 
35.3553 48.0104 34.4819 48.0208 19.0263 39.1152 27.6586 33.6155 47.2915 66.1891 26.0192 43.0116 81.5966 12.53 56.5103 85.4473 45.7056 85.0108 51.3128 72.0625 24.1868 5.38516 51.8772 80.0219 61.131 23.7697 54.566 49.3964 18.2483 61.8142 47.023 64.8496 41.7612 52.469 83.2286 12.0416 43.148 24.6982 42.72 52.5502 39.1152 75.06 50.04 39.2046 68.0661 75.2787 51.7685 0.0 12.6491 76.7797 36.3456 68.0497 74.5564 14.8661 18.868 64.56 25.6431 48.3839 39.0966 16.1245 7.61577 71.8595 58.2045 28.0 40.0022 14.4222 40.3113 88.4638 0.0 42.8019 
39.6232 60.075 37.0616 60.4152 26.4197 32.6497 39.6611 43.9318 46.6905 70.3491 14.3178 48.7647 82.3772 23.0868 69.3719 94.3096 33.2415 93.873 63.6318 76.531 29.4109 17.1172 48.3322 91.2683 65.4905 27.6586 66.4359 61.7738 6.08276 65.0311 41.4005 77.7112 32.249 56.2228 80.4162 24.5153 40.5216 27.1662 55.3624 47.2017 27.8927 80.4114 54.9181 27.0 74.9538 86.2685 63.3675 12.6491 0.0 76.4497 24.0208 76.9113 74.7329 15.1327 12.1655 73.2496 21.5407 38.9487 34.8855 18.4391 15.2971 67.4166 67.0635 16.4924 37.3631 25.6125 52.7731 88.5309 12.6491 53.8261 
43.6005 106.87 42.5441 89.2083 60.208 49.0408 74.1887 104.452 30.0832 26.3059 71.1758 41.8688 8.06226 86.8332 71.1112 63.6396 79.2465 62.6498 91.763 28.0713 53.8516 80.5184 30.0167 78.3135 28.4605 53.2353 78.1822 90.244 74.2477 22.8473 41.4367 72.8011 58.6941 30.0 10.0499 81.3451 36.0351 52.1614 94.7223 37.108 67.4759 34.3657 35.2278 74.4312 43.1045 70.2567 58.1808 76.7797 76.4497 0.0 75.1665 54.3323 3.16228 68.3083 88.5919 49.6488 55.2702 57.0088 43.1045 92.4407 84.3785 24.0416 52.2015 70.0643 39.1566 70.8487 96.8903 12.1655 76.7797 67.9109 
51.3624 84.0952 46.0684 82.6378 44.4568 26.1725 61.4654 67.4759 49.6488 77.4726 10.7703 60.933 82.4924 47.0106 89.8358 108.357 9.48683 107.686 85.6154 83.7735 46.0665 41.1096 45.1774 111.732 73.3485 43.9894 87.8777 83.9345 18.1108 70.9366 34.0147 98.1751 17.4642 63.9531 76.1643 48.3735 42.0595 43.3108 78.8543 39.2046 8.544 89.0 64.6607 3.16228 86.5332 106.732 82.7095 36.3456 24.0208 75.1665 0.0 91.3447 74.4312 31.3403 28.2312 86.3795 26.4008 22.3607 32.9848 39.5601 39.0512 59.2284 82.4563 9.43398 39.5601 47.1699 76.6551 87.0517 36.3456 74.29 
40.3113 69.6419 45.2769 42.9535 57.4335 70.6045 46.0435 77.4145 48.3011 28.0713 83.758 30.4138 51.6624 71.0211 23.7065 17.4929 99.1881 17.0 41.1825 27.2029 48.461 68.6676 69.8929 24.0208 27.1662 50.5382 30.5287 42.4853 79.1685 33.1361 70.2566 21.2603 81.6884 32.311 64.3817 63.9531 54.3783 52.0661 55.0273 73.394 87.0018 22.8254 28.6531 92.2975 11.4018 16.0 18.0278 68.0497 76.9113 54.3323 91.3447 0.0 51.2445 63.1127 86.5397 5.38516 65.048 84.6286 63.0079 82.9552 73.9822 71.8471 9.84886 82.9258 55.2178 54.3498 61.4184 58.8218 68.0497 30.1496 
41.0488 104.105 40.2492 86.098 57.8014 48.2597 71.3382 101.966 28.1603 23.1948 70.0286 38.9487 8.06226 84.534 67.9496 60.8276 78.8543 59.8415 86.515 25.1794 51.4782 78.2943 29.2746 75.2396 25.2982 50.9902 75.0206 87.1337 72.6911 19.6977 41.0 69.6419 58.2495 27.0185 13.1529 78.9784 34.3657 49.9381 91.4828 37.0 66.9104 31.5753 32.2025 73.8241 40.05 67.1863 55.0364 74.5564 74.7329 3.16228 74.4312 51.2445 0.0 66.4868 86.885 46.5296 53.6004 56.921 42.0 90.4478 82.1552 25.6125 49.0408 69.0 37.4833 68.482 94.1254 13.9284 74.5564 64.8006 
24.5153 59.2284 22.0 52.8867 13.6015 28.7161 31.7805 47.5079 38.3333 55.2268 20.6551 33.8378 73.9931 27.0185 59.5421 80.4631 40.7389 79.8696 55.6597 61.4003 14.7648 19.8494 41.438 81.4385 50.3587 12.6491 57.5978 54.1202 16.2007 50.0 36.5838 67.8814 32.4368 41.1096 73.3414 24.1661 32.7089 12.0416 51.0098 42.111 31.6052 65.307 39.8121 33.6254 60.1664 76.4387 52.4157 14.8661 15.1327 68.3083 31.3403 63.1127 66.4868 0.0 27.0 58.4809 15.2039 38.8554 28.6574 29.5466 22.2036 61.4203 53.8083 21.9506 29.563 18.0278 50.3587 80.3633 14.8661 43.9963 
51.2445 59.9083 49.0 65.437 36.6879 43.566 46.0109 41.1096 58.8558 82.1523 21.9317 60.0167 94.541 23.2594 74.8754 103.937 35.9026 103.501 68.884 88.278 40.6079 20.5183 60.1664 98.387 77.2334 39.2046 72.9178 66.8431 15.2643 77.0 52.4786 83.2147 41.0366 68.0661 92.358 27.8029 52.6308 39.0128 58.1808 58.3095 34.6699 91.9239 66.4831 31.3847 86.026 94.126 70.6157 18.868 12.1655 88.5919 28.2312 86.5397 86.885 27.0 0.0 82.8903 33.5261 47.5079 46.6154 12.0 15.8114 78.7718 76.6942 24.0832 49.4773 33.2866 54.231 100.673 18.868 61.6117 
35.4683 70.2529 40.3113 43.6959 53.7719 65.437 44.1022 76.1183 42.9418 23.3452 79.1262 25.4951 47.4342 68.4043 24.8395 22.0227 94.2229 21.4009 42.2019 23.2594 43.8292 65.307 64.6404 29.0172 22.0227 45.9064 31.8904 43.327 74.6717 28.0179 65.0041 24.1868 76.5768 26.9258 59.6825 61.3334 49.0918 47.4343 55.6186 68.1416 82.0366 19.8494 23.3238 87.3323 7.81025 21.095 16.4924 64.56 73.2496 49.6488 86.3795 5.38516 46.5296 58.4809 82.8903 0.0 60.0829 79.404 57.8014 79.6241 70.6116 66.6108 7.07107 77.9606 50.0 50.9902 61.6513 54.7814 64.56 29.1204 
25.0658 71.7241 19.7718 66.7499 28.3204 13.9284 45.5677 58.999 26.0 52.2015 18.0278 34.6364 61.4003 38.1184 73.6994 82.06 34.6554 81.3893 69.6263 58.5235 29.9301 30.9096 26.8328 84.1224 47.7598 27.853 71.7413 68.0148 19.105 46.0977 21.4009 72.087 20.3961 38.2753 58.8755 36.0832 19.2354 27.5771 64.1952 26.9072 23.0217 63.3246 38.4708 27.5862 60.2383 77.7208 54.5113 25.6431 21.5407 55.2702 26.4008 65.048 53.6004 15.2039 33.5261 60.0829 0.0 26.0192 13.6015 38.833 32.5269 46.4004 56.1597 17.8885 16.1245 31.4581 63.1298 67.3515 25.6431 58.1536 
45.618 95.3756 40.2492 90.4015 51.972 14.3178 69.2192 81.9329 38.1425 66.4292 25.6125 54.7083 64.846 60.7454 90.0795 100.896 23.0217 100.125 93.2779 72.6231 50.2239 53.7587 28.6531 104.657 62.8146 49.2058 97.1506 91.6663 33.2866 59.6125 16.6433 92.6396 6.7082 53.9321 56.2228 59.6657 30.6125 48.1297 87.8468 19.9249 13.8924 78.3097 56.2228 20.2485 77.9575 98.1122 75.0639 48.3839 38.9487 57.0088 22.3607 84.6286 56.921 38.8554 47.5079 79.404 26.0192 0.0 21.6333 57.1402 53.7122 38.0526 76.3217 23.4307 29.4109 55.1096 86.7813 68.2495 48.3839 83.5491 
24.3516 87.8242 18.9737 83.6564 35.4119 7.81025 58.3564 72.4525 17.0 45.2769 28.0713 33.121 50.01 51.5719 68.8894 79.3977 38.9102 78.6448 86.2111 51.4782 29.0338 44.3631 13.6015 83.1925 41.6173 28.0157 75.9605 84.6921 31.6228 38.4708 9.21954 71.2756 19.2094 32.6497 45.8803 49.5367 9.43398 26.9396 78.2362 13.8924 26.4008 57.1402 34.7131 32.8938 56.5685 76.5376 53.6999 39.0966 34.8855 43.1045 32.9848 63.0079 42.0 28.6574 46.6154 57.8014 13.6015 21.6333 0.0 52.4309 46.0134 32.8024 54.7083 27.0 7.81025 44.9116 78.4147 55.2268 39.0966 62.359 
51.4782 48.3839 50.448 56.5862 35.0143 50.9313 38.9487 29.1548 62.4657 82.2982 31.7648 59.0085 97.4891 13.4536 67.5226 99.6574 47.676 99.3838 60.1415 88.1419 40.3113 14.3178 65.5134 91.0342 77.2334 39.8121 65.4599 58.0 23.8537 77.9295 59.5483 75.8619 50.4777 68.593 97.4283 19.7231 56.8413 40.5216 48.0104 65.2993 45.1885 91.0055 66.1211 42.72 83.6002 88.6082 65.1789 16.1245 18.4391 92.4407 39.5601 82.9552 90.4478 29.5466 12.0 79.6241 38.833 57.1402 52.4309 0.0 9.05539 85.2115 73.1402 34.0 53.6954 28.6356 43.4166 104.355 16.1245 55.4617 
42.7551 45.3982 42.0595 49.679 26.0768 45.607 30.8058 28.6356 54.8903 73.437 29.6142 50.0406 89.1964 8.06226 59.5815 90.9031 48.0104 90.6295 53.1507 79.2275 31.5753 5.38516 58.794 83.0932 68.3593 31.3209 57.6281 51.0882 21.3776 69.2315 53.8145 67.9209 47.0106 59.8415 90.8275 12.0416 50.0649 32.311 42.4853 59.4138 43.1741 82.0 57.2189 42.107 74.5453 79.9281 56.4246 7.61577 15.2971 84.3785 39.0512 73.9822 82.1552 22.2036 15.8114 70.6116 32.5269 53.7122 46.0134 9.05539 0.0 78.7763 64.137 31.7805 46.919 19.6469 38.8973 96.0627 7.61577 47.0106 
51.0907 116.25 47.2372 101.146 63.8378 35.3412 86.7823 105.529 36.4085 44.9222 58.3095 51.6373 31.8904 84.3349 84.9083 84.119 61.0737 83.1685 103.701 48.8467 57.4597 77.126 20.6155 95.5249 44.7214 56.4416 91.9794 102.182 63.5295 38.833 26.4008 87.2827 41.7732 41.3261 19.3132 82.6134 36.1127 55.3655 106.662 20.6155 50.8035 55.5428 46.606 57.7062 61.6117 87.6926 70.9272 71.8595 67.4166 24.0416 59.2284 71.8471 25.6125 61.4203 78.7718 66.6108 46.4004 38.0526 32.8024 85.2115 78.7763 0.0 67.0907 56.648 35.2358 74.2551 106.841 32.6497 71.8595 79.849 
31.241 64.6683 36.4005 38.1113 47.5857 62.1289 37.054 69.0507 41.1096 26.4008 74.4536 21.6333 50.9902 61.5292 19.3019 27.2947 90.2997 26.8328 36.6236 27.8029 39.1566 58.8224 61.8167 29.1204 23.7697 41.2338 26.373 37.7425 69.864 29.6142 62.1803 20.6155 73.0068 26.1725 62.0967 54.4582 46.5188 42.7617 50.034 65.3178 78.1134 25.6125 21.587 83.4091 13.8924 21.9317 9.48683 58.2045 67.0635 52.2015 82.4563 9.84886 49.0408 53.8083 76.6942 7.07107 56.1597 76.3217 54.7083 73.1402 64.137 67.0907 0.0 75.749 47.0106 44.5046 54.6447 58.5918 58.2045 22.1359 
42.9435 76.0066 37.6496 73.3894 35.0671 21.587 52.2015 60.4152 42.7551 69.8928 2.23607 52.5142 77.0065 39.4588 80.4461 99.9378 18.7883 99.2671 76.3217 76.2168 36.6768 33.0606 40.1995 102.342 65.5515 34.5997 78.488 74.6726 10.4403 63.6003 30.3645 88.7854 16.9706 56.0803 72.1803 40.0125 35.3553 33.921 70.0357 36.0555 11.4018 81.1542 56.356 11.7047 78.1161 97.3427 73.3198 28.0 16.4924 70.0643 9.43398 82.9258 69.0 21.9506 24.0832 77.9606 17.8885 23.4307 27.0 34.0 31.7805 56.648 75.749 0.0 32.5576 37.9473 68.1836 82.1523 28.0 64.9003 
17.2627 81.1041 12.0416 76.9364 28.6918 15.5563 51.6363 72.7122 10.198 38.0132 33.2415 25.4951 45.2769 52.4776 61.4046 71.5891 46.1411 70.8378 78.7263 44.2832 22.3137 45.2687 14.9398 75.6439 34.1321 21.2956 68.4756 77.972 35.2278 31.3847 15.2971 63.8642 26.9072 25.0 46.8431 49.6005 3.16228 20.2195 71.5161 18.4409 33.6155 49.7393 26.9072 39.8121 48.7955 68.884 46.2884 40.0022 37.3631 39.1566 39.5601 55.2178 37.4833 29.563 49.4773 50.0 16.1245 29.4109 7.81025 53.6954 46.919 35.2358 47.0106 32.5576 0.0 39.1091 71.6947 51.2379 40.0022 54.8742 
27.8978 42.0595 28.3415 35.4683 10.8313 44.9704 14.3178 33.9706 41.5364 55.5513 36.4005 31.7805 75.1553 18.2483 42.8274 71.8418 56.648 71.5682 38.4838 61.0 17.0038 14.3178 53.9591 65.6603 50.4621 18.0219 40.8831 36.7696 30.0167 52.7186 52.838 51.1667 48.6911 43.47 77.4661 11.7047 40.4785 20.3097 33.0 57.178 47.8539 63.1981 39.3633 49.6488 55.1453 60.8735 37.3633 14.4222 25.6125 70.8487 47.1699 54.3498 68.482 18.0278 33.2866 50.9902 31.4581 55.1096 44.9116 28.6356 19.6469 74.2551 44.5046 37.9473 39.1091 0.0 32.7567 82.2992 14.4222 28.4253 
59.9475 10.0 60.9271 20.025 43.4169 76.642 23.0217 20.1246 74.0889 76.1699 66.2722 55.7585 99.6816 31.0161 38.4708 74.4312 85.9884 74.5453 23.1948 79.6199 49.5894 35.6931 86.5447 58.4209 72.0094 50.6075 33.0151 21.095 58.5491 76.8515 86.8672 45.0111 80.3627 67.6948 105.486 28.2843 73.064 52.8952 7.07107 89.7636 79.0253 79.2255 63.2971 79.511 68.2682 59.0085 45.1641 40.3113 52.7731 96.8903 76.6551 61.4184 94.1254 50.3587 54.231 61.6513 63.1298 86.7813 78.4147 43.4166 38.8973 106.841 54.6447 68.1836 71.6947 32.7567 0.0 107.303 40.3113 32.5434 
54.7083 117.282 54.1295 96.4865 71.5891 61.0 84.3291 114.984 42.0595 32.249 83.2947 51.7397 7.81025 98.387 77.8394 65.0692 90.7965 64.0703 95.1611 31.6228 65.2993 92.1954 42.0119 82.2253 35.805 64.8845 84.9105 97.5222 86.4066 31.1448 53.1507 78.7909 70.3491 39.6989 13.6015 92.7957 48.1164 63.8455 102.844 48.5077 79.2275 36.6742 44.5533 86.209 47.4342 74.2159 65.7343 88.4638 88.5309 12.1655 87.0517 58.8218 13.9284 80.3633 100.673 54.7814 67.3515 68.2495 55.2268 104.355 96.0627 32.6497 58.5918 82.1523 51.2379 82.2992 107.303 0.0 88.4638 76.1616 
35.3553 48.0104 34.4819 48.0208 19.0263 39.1152 27.6586 33.6155 47.2915 66.1891 26.0192 43.0116 81.5966 12.53 56.5103 85.4473 45.7056 85.0108 51.3128 72.0625 24.1868 5.38516 51.8772 80.0219 61.131 23.7697 54.566 49.3964 18.2483 61.8142 47.023 64.8496 41.7612 52.469 83.2286 12.0416 43.148 24.6982 42.72 52.5502 39.1152 75.06 50.04 39.2046 68.0661 75.2787 51.7685 0.0 12.6491 76.7797 36.3456 68.0497 74.5564 14.8661 18.868 64.56 25.6431 48.3839 39.0966 16.1245 7.61577 71.8595 58.2045 28.0 40.0022 14.4222 40.3113 88.4638 0.0 42.8019 
