NAME  : Jabali_70_2_0.95_1_5
TYPE : SVRP
MODEL : FINITE_SUPPORT
NUMBER_OF_SCENARIOS : 200
DIMENSION : 70
EDGE_WEIGHT_TYPE : MATRIX
CAPACITY : 202
N_VEHICLES : 2
NODE_COORD_SECTION
1 4277 3351
2 2248 2322
3 4054 7267
4 3012 6441
5 4523 6542
6 6568 5349
7 4424 7600
8 5780 3778
9 5950 5364
10 3125 2072
11 4478 18
12 6020 6869
13 6314 6580
14 4141 5664
15 3674 6110
16 4272 4018
17 6879 3428
18 1930 4950
19 5751 337
20 2852 1973
21 5881 7683
22 7155 4908
23 4438 8301
24 3336 6857
25 3502 1145
26 7312 3361
27 6293 6268
28 3958 7649
29 3323 1492
30 5838 1166
31 4119 7864
32 4573 4112
33 27 2519
34 5820 2522
35 2966 2086
36 4636 1353
37 3879 474
38 6751 271
39 220 2898
40 2540 911
41 3940 6656
42 6089 623
43 4628 6014
44 7731 6631
45 3600 2769
46 7848 3822
47 7197 2879
48 2306 6585
49 1491 4378
50 5372 5355
51 2818 6234
52 8525 3478
53 8109 4549
54 4350 5402
55 1357 3641
56 6798 7135
57 2979 1518
58 6341 2534
59 2130 1666
60 8690 4188
61 7808 2712
62 5433 7090
63 3947 8208
64 5691 7772
65 7266 3921
66 3790 8356
67 4049 1895
68 4540 5328
69 2364 4580
70 4381 2012
DEMAND_SECTION
1 0.0
2 4.0
3 4.0
4 1.0
5 4.0
6 7.0
7 8.0
8 3.0
9 1.0
10 5.0
11 5.0
12 8.0
13 6.0
14 9.0
15 10.0
16 9.0
17 7.0
18 2.0
19 3.0
20 6.0
21 6.0
22 5.0
23 8.0
24 5.0
25 5.0
26 3.0
27 2.0
28 2.0
29 3.0
30 5.0
31 8.0
32 8.0
33 9.0
34 4.0
35 1.0
36 1.0
37 6.0
38 7.0
39 2.0
40 9.0
41 8.0
42 8.0
43 7.0
44 6.0
45 10.0
46 6.0
47 7.0
48 2.0
49 1.0
50 1.0
51 6.0
52 10.0
53 4.0
54 4.0
55 6.0
56 8.0
57 5.0
58 8.0
59 6.0
60 1.0
61 9.0
62 5.0
63 5.0
64 10.0
65 1.0
66 10.0
67 9.0
68 6.0
69 9.0
70 5.0
DEVIATION_SECTION
1 0.0
2 1.33333
3 1.33333
4 0.333333
5 1.33333
6 2.33333
7 2.66667
8 1.0
9 0.333333
10 1.66667
11 1.66667
12 2.66667
13 2.0
14 3.0
15 3.33333
16 3.0
17 2.33333
18 0.666667
19 1.0
20 2.0
21 2.0
22 1.66667
23 2.66667
24 1.66667
25 1.66667
26 1.0
27 0.666667
28 0.666667
29 1.0
30 1.66667
31 2.66667
32 2.66667
33 3.0
34 1.33333
35 0.333333
36 0.333333
37 2.0
38 2.33333
39 0.666667
40 3.0
41 2.66667
42 2.66667
43 2.33333
44 2.0
45 3.33333
46 2.0
47 2.33333
48 0.666667
49 0.333333
50 0.333333
51 2.0
52 3.33333
53 1.33333
54 1.33333
55 2.0
56 2.66667
57 1.66667
58 2.66667
59 2.0
60 0.333333
61 3.0
62 1.66667
63 1.66667
64 3.33333
65 0.333333
66 3.33333
67 3.0
68 2.0
69 3.0
70 1.66667
DISTANCE_MATRIX
0.0 32.0379 52.2015 44.6542 42.6773 44.3484 56.0803 33.2215 36.346 23.1052 44.7772 53.2262 50.2058 30.8058 37.4833 8.60233 34.7962 40.0 45.0 25.7823 64.6085 47.2655 65.0 48.1664 31.1448 39.9775 46.8663 57.2014 28.0179 36.2353 59.6406 10.4403 62.2701 23.0 24.4282 27.2029 38.8973 52.8015 58.5089 39.6232 44.0454 43.909 36.2491 65.2237 12.1065 48.2493 39.2173 50.9902 36.1794 30.2479 43.909 56.3686 57.5678 27.7849 43.6592 59.8278 29.4279 29.1548 36.3211 60.4014 47.4342 55.2788 64.405 63.1433 41.6589 66.4003 19.9249 26.8328 33.0151 18.3576 
32.0379 0.0 71.5639 55.2851 67.1303 75.6343 77.53 61.557 68.0644 11.0454 43.0813 86.2948 86.5024 55.9466 55.5765 39.6484 63.1133 32.7784 54.1479 9.05539 88.9777 78.5515 85.6395 62.0274 22.4722 68.1323 83.1629 75.7281 17.72 50.3587 78.7191 42.031 32.249 47.0745 10.0 34.0147 33.1059 66.0076 30.0832 19.4165 63.5398 56.0089 64.453 96.9421 20.3178 76.5848 65.9318 55.0741 38.0902 66.4983 52.555 84.4962 83.8065 56.2449 21.8403 96.1244 14.3178 53.764 9.21954 88.7369 73.6811 79.7318 82.1144 88.2663 69.9944 83.389 24.3311 57.0568 29.0224 27.8927 
52.2015 71.5639 0.0 18.0278 12.6619 43.566 6.32456 53.8358 38.1383 74.0287 96.7988 26.6833 31.4006 21.4009 16.4924 43.6005 66.2513 42.9535 96.2234 76.7057 24.2074 53.4603 14.1421 11.1803 82.3675 70.1854 33.0606 5.0 79.0833 86.6022 7.61577 42.5206 82.3772 72.219 75.3517 79.404 90.4838 102.549 77.4661 90.7342 8.544 94.4106 18.3701 49.98 63.0275 70.428 74.3126 25.0 56.3982 31.9104 21.1896 80.0625 67.1193 24.7588 59.5399 36.2491 80.6435 72.0686 78.8833 76.1052 80.9223 18.6815 12.2066 22.6716 64.8126 14.2127 71.5475 26.1725 43.0465 70.4557 
44.6542 55.2851 18.0278 0.0 20.4165 50.01 24.3516 51.923 42.4264 60.2614 88.327 39.4081 43.123 19.0 10.0499 36.7151 67.4759 25.1794 89.627 62.9385 40.6079 59.8415 31.257 7.07107 71.0007 72.2496 43.7681 21.2132 66.5809 80.7775 24.1868 37.1618 64.6297 65.0047 61.5844 71.1021 80.7125 97.1288 59.6825 73.8678 12.7279 88.5099 23.4094 62.9825 54.5513 75.06 74.9667 9.48683 41.4631 35.2278 3.16228 85.0941 74.1485 23.0217 42.0476 50.448 66.8762 69.8594 62.6045 83.0241 82.6075 32.5576 27.0185 39.4081 68.0 28.1603 63.0713 25.02 26.3059 62.0082 
42.6773 67.1303 12.6619 20.4165 0.0 34.0151 15.4222 43.2488 27.4764 64.7746 87.4523 21.0 24.7065 12.4018 12.6619 34.121 55.5894 41.7063 86.2402 67.4517 23.8473 44.0116 24.3238 16.5242 73.1135 59.5235 25.3516 17.4012 69.8292 76.6191 19.3848 32.6228 80.0569 61.6321 66.0976 69.7968 81.2298 92.8132 75.3303 81.4802 8.28011 84.4275 7.7082 44.566 53.7735 60.5399 63.6507 29.6531 51.2046 21.2485 23.0227 70.3542 58.0351 14.8924 56.9732 32.1448 71.3894 61.4817 77.9905 67.0303 70.2604 14.6015 24.3452 23.1359 54.1507 26.4951 62.2699 16.0 39.8973 61.0333 
44.3484 75.6343 43.566 50.01 34.0151 0.0 43.0116 27.3089 8.06226 66.7016 76.2341 21.4009 16.9706 31.6228 40.025 36.8087 25.4558 62.6817 66.7034 69.3787 32.5576 10.0 49.6588 48.0937 75.4541 28.0179 13.4536 47.2969 72.1635 55.9519 48.0833 33.9616 95.2884 37.284 68.0247 59.7917 75.2862 67.4166 91.0544 83.4048 40.0125 62.7391 27.074 24.3311 56.133 26.9258 33.3017 59.439 64.6111 15.2315 51.6624 36.4966 24.1868 28.2312 73.3063 24.1661 73.2655 36.2353 79.9175 33.1361 38.5876 27.7308 52.811 34.0588 21.4709 55.0273 64.2335 26.4008 57.6868 62.3815 
56.0803 77.53 6.32456 24.3516 15.4222 43.0116 0.0 56.671 39.5612 78.1261 100.846 24.0 29.0172 25.4951 22.0907 47.5079 67.1912 49.2443 99.6624 80.8032 19.2354 52.6308 8.94427 17.4642 86.465 70.4114 31.257 5.38516 83.1808 90.0413 5.09902 46.045 88.6454 75.0543 79.4492 83.2166 94.5813 106.235 83.7437 94.8317 14.0357 97.8497 21.1304 46.3249 67.125 69.9214 75.2248 31.0644 62.1566 34.6707 27.5136 79.3095 65.7647 28.3019 65.7647 32.28 84.741 74.9039 84.8494 74.6726 81.1334 16.0312 9.84886 17.4929 64.2573 12.083 75.645 29.4222 49.163 74.4312 
33.2215 61.557 53.8358 51.923 43.2488 27.3089 56.671 0.0 29.5409 52.241 58.0554 48.0719 44.0269 34.0147 42.72 19.2759 18.0278 54.3271 48.6155 55.0663 62.7046 25.7857 65.5726 53.3104 54.2439 23.4094 40.4349 58.6468 53.4738 37.8477 60.6336 16.0312 94.5829 19.1053 53.6536 41.613 57.1074 50.2864 90.8217 65.9939 47.0106 44.8325 35.7754 49.5412 43.2606 30.2324 24.0832 60.0167 52.453 28.3415 52.1728 39.3573 35.4683 29.9666 61.252 51.4296 56.4896 18.9549 65.8402 41.8688 32.249 55.8503 65.5941 63.9162 22.8035 67.7439 42.1764 28.178 47.9271 38.1243 
36.346 68.0644 38.1383 42.4264 27.4764 8.06226 39.5612 29.5409 0.0 59.1317 78.4662 19.7231 16.7631 23.7697 32.3883 28.8062 28.6531 54.6443 69.0263 61.8088 31.1921 17.4642 46.5677 41.0122 67.4517 32.311 13.3417 43.7127 64.1611 58.2585 44.6025 25.9592 87.286 39.5161 60.4547 62.863 75.1887 69.6596 83.052 75.4024 33.1361 65.2433 20.0998 30.0832 48.1306 33.1361 36.7151 51.788 56.6087 7.28011 43.9318 43.0465 31.7805 20.2485 65.3039 26.1725 65.2631 38.4852 72.3476 40.6079 43.0813 24.8017 49.3965 32.4037 26.6833 51.6237 56.2311 18.3848 49.679 54.3791 
23.1052 11.0454 74.0287 60.2614 64.7746 66.7016 78.1261 52.241 59.1317 0.0 33.6155 75.9378 72.9915 52.7021 58.8941 30.7157 53.7587 44.2953 43.2897 2.82843 84.957 69.4558 87.0647 66.4861 13.4536 58.6941 69.652 79.0216 8.48528 39.3192 81.5327 33.0983 42.5441 37.2022 1.41421 23.0 24.2074 55.0 40.8044 17.0 65.7493 45.0 58.5718 88.0095 11.3852 67.2688 56.2228 62.4479 40.7983 53.0337 57.9763 75.0067 74.4906 49.912 32.3883 82.6136 7.28011 43.8292 13.4536 79.421 63.8201 77.3761 86.2326 85.9105 60.6785 88.1876 13.3417 49.1001 37.6342 17.088 
44.7772 43.0813 96.7988 88.327 87.4523 76.2341 100.846 58.0554 78.4662 33.6155 0.0 97.5901 94.5696 75.4718 81.6687 53.3385 56.5685 73.7383 18.4391 34.4384 108.975 74.0 109.772 92.2175 20.6155 59.439 89.3602 101.789 25.4951 24.1661 104.307 55.0091 68.0 39.0128 34.0 18.0278 10.198 31.0644 68.1836 29.0 88.5239 23.3452 80.9506 98.366 38.8973 68.884 54.1202 91.8527 70.203 74.6118 87.381 72.8011 78.2624 72.5603 64.846 100.355 28.7924 42.5793 38.6394 80.3617 58.6941 100.366 109.0 108.057 64.6297 110.962 25.6125 71.5891 67.0772 26.4197 
53.2262 86.2948 26.6833 39.4081 21.0 21.4009 24.0 48.0719 19.7231 75.9378 97.5901 0.0 5.09902 31.4018 31.6619 44.5054 46.7547 60.7063 87.5572 78.6149 11.4018 29.9666 29.1204 34.8855 84.332 49.4065 8.06226 29.0689 80.9924 76.7895 29.0172 42.8395 99.0569 58.047 77.2609 79.7433 92.069 88.1905 94.3303 92.6434 26.9258 83.7742 26.7082 23.7065 64.9367 47.4236 54.6717 48.5489 70.2046 23.0245 42.0119 56.3028 42.2019 33.8924 75.9732 11.4018 82.2983 57.0161 89.1537 50.9902 59.9083 8.06226 33.2415 12.7279 42.72 35.3553 73.1114 35.0 58.8973 71.2594 
50.2058 86.5024 31.4006 43.123 24.7065 16.9706 29.0172 44.0269 16.7631 72.9915 94.5696 5.09902 0.0 35.1083 35.3684 42.6661 42.4264 64.4128 83.5122 75.6686 15.6205 25.0599 34.2053 39.0 81.3115 44.8219 3.60555 34.0147 78.0209 72.7445 34.0588 39.819 100.99 54.002 74.3146 76.7229 89.0486 84.1455 96.8476 89.6971 30.8707 79.7292 30.4147 20.0 61.9904 42.4853 50.2494 52.3546 70.4122 20.0041 45.7293 51.264 37.108 32.2104 79.0257 10.198 79.3521 52.9711 86.2075 45.8912 55.2178 13.0 38.3275 17.2047 38.0132 40.4475 70.091 30.6111 63.0254 68.2389 
30.8058 55.9466 21.4009 19.0 12.4018 31.6228 25.4951 34.0147 23.7697 52.7021 75.4718 31.4018 35.1083 0.0 9.05539 22.2036 48.6621 33.3017 74.9667 55.3792 34.2491 41.2311 34.4384 19.3132 61.0409 53.3524 31.7688 26.4008 57.7567 65.3483 28.8444 21.2132 69.857 48.8575 54.0251 58.0086 69.1572 81.295 65.307 69.4076 13.4536 73.1567 8.544 50.1262 41.701 56.0803 56.2939 28.1603 39.8617 16.4924 20.2237 66.1211 55.5428 4.12311 46.9574 42.5466 59.3169 52.6195 65.918 64.3273 63.7887 25.0032 33.6006 33.5377 49.0 35.609 50.2209 6.08276 30.0167 49.0918 
37.4833 55.5765 16.4924 10.0499 12.6619 40.025 22.0907 42.72 32.3883 58.8941 81.6687 31.6619 35.3684 9.05539 0.0 29.0689 57.7062 29.0689 82.3286 61.5712 34.4384 49.8197 30.5941 10.8167 67.233 62.4031 36.0135 21.1896 65.2136 73.0068 24.0416 28.8444 67.72 56.6075 60.2171 64.4438 75.3492 89.0449 62.9365 75.5996 8.06226 80.8022 13.8924 55.2279 47.893 65.0308 65.307 19.4165 40.0689 25.1794 11.7047 75.06 64.1327 13.1529 44.643 42.8067 65.5089 61.4456 62.8959 72.9932 72.8354 25.2389 28.2312 33.6155 58.0086 29.9666 56.4129 15.1327 27.6586 55.3499 
8.60233 39.6484 43.6005 36.7151 34.121 36.8087 47.5079 19.2759 28.8062 30.7157 53.3385 44.5054 42.6661 22.2036 29.0689 0.0 36.9993 35.6931 53.2635 33.3928 55.9683 41.2137 56.4358 39.8246 39.0546 42.3215 39.3266 48.6004 35.7703 44.1022 51.0392 3.60555 64.7238 28.8617 32.0388 35.805 47.1699 60.4152 59.804 47.4213 35.4683 51.8652 27.8568 57.684 19.7146 48.1061 42.4632 43.6578 33.3607 22.7082 36.2491 57.731 51.516 19.2354 42.1597 52.2881 37.0762 34.2345 43.9316 58.951 50.7034 46.7225 55.8032 55.2569 40.4918 57.8014 28.2312 18.3848 29.1204 26.9258 
34.7962 63.1133 66.2513 67.4759 55.5894 25.4558 67.1912 18.0278 28.6531 53.7587 56.5685 46.7547 42.4264 48.6621 57.7062 36.9993 0.0 72.0504 44.4072 56.5862 58.0 19.6977 74.1977 67.7906 55.0727 5.38516 38.8973 70.9907 54.6443 34.0588 72.3628 33.7343 96.1577 18.3848 55.1725 41.4367 56.921 42.9535 92.3964 67.1193 60.8 39.8121 47.9701 44.2719 44.8354 13.6015 8.06226 76.1643 70.1764 34.3703 68.1836 21.6333 21.8403 44.5533 77.5467 48.8262 57.8014 14.0357 67.2086 25.807 15.1327 52.4309 77.0265 59.4643 8.06226 79.2537 43.2666 42.5793 65.6504 39.1152 
40.0 32.7784 42.9535 25.1794 41.7063 62.6817 49.2443 54.3271 54.6443 44.2953 73.7383 60.7063 64.4128 33.3017 29.0689 35.6931 72.0504 0.0 80.6536 41.4381 63.5059 71.4274 56.4358 32.249 55.0347 77.3726 64.1426 46.3897 50.6149 73.9797 49.366 38.3275 39.4588 63.0 45.6184 60.1664 65.159 90.7083 34.5254 51.3612 36.0555 81.0432 41.4005 82.5 36.6879 82.8734 78.0983 22.8035 26.2971 47.8017 22.0907 92.6553 85.5385 35.3836 17.0294 71.8511 47.0813 69.0652 40.0979 93.3412 86.3385 54.3077 52.0384 62.6498 75.2728 53.0 49.7695 36.8782 7.07107 51.5461 
45.0 54.1479 96.2234 89.627 86.2402 66.7034 99.6624 48.6155 69.0263 43.2897 18.4391 87.5572 83.5122 74.9667 82.3286 53.2635 44.4072 80.6536 0.0 45.0999 98.9126 63.561 108.564 93.086 33.2415 46.0109 79.9203 101.204 37.0135 10.7703 103.486 53.7587 82.8734 29.9666 44.1814 20.6155 26.0 13.0 82.2982 44.643 88.4138 5.38516 79.4574 88.295 44.0114 55.0364 40.0125 95.5803 76.5515 76.2349 88.7525 57.2713 65.0 71.4768 75.6637 90.8241 41.0488 30.8058 52.2398 65.6201 42.9535 92.9338 108.355 100.283 52.2398 110.422 31.0483 70.2424 73.736 29.1548 
25.7823 9.05539 76.7057 62.9385 67.4517 69.3787 80.8032 55.0663 61.8088 2.82843 34.4384 78.6149 75.6686 55.3792 61.5712 33.3928 56.5862 41.4381 45.0999 0.0 87.634 72.2959 89.7418 69.1632 13.8924 61.5224 72.3291 81.6987 8.94427 41.5933 84.2098 35.7754 39.9249 40.0 1.41421 25.0799 24.6982 57.0351 38.3275 15.1327 68.4264 47.0425 61.2489 90.6866 14.0623 70.0941 59.0339 65.125 43.4754 55.7108 60.6534 77.8332 77.3158 52.5891 30.8058 85.2907 6.40312 46.6154 10.6301 82.2462 66.6108 80.0532 88.9097 88.5876 63.5037 90.8647 15.8114 51.7772 40.3113 19.6977 
64.6085 88.9777 24.2074 40.6079 23.8473 32.5576 19.2354 62.7046 31.1921 84.957 108.975 11.4018 15.6205 34.2491 34.4384 55.9683 58.0 63.5059 98.9126 87.634 0.0 40.4969 21.0238 34.6554 92.807 60.4401 19.105 24.5967 90.0116 88.1449 23.4094 52.4903 101.904 69.4024 86.28 91.1281 103.454 99.5459 97.1777 101.663 28.0179 95.1296 29.5555 28.0713 73.9558 57.8014 65.8559 48.7955 73.0519 34.4093 43.6005 66.2118 51.6236 36.7398 78.8205 14.0 91.3175 68.3715 98.1729 60.0833 70.8025 10.0499 26.4764 2.0 53.6004 28.2843 84.4962 37.8473 61.7446 82.6442 
47.2655 78.5515 53.4603 59.8415 44.0116 10.0 52.6308 25.7857 17.4642 69.4558 74.0 29.9666 25.0599 41.2311 49.8197 41.2137 19.6977 71.4274 63.561 72.2959 40.4969 0.0 58.8727 58.0775 70.1885 20.6155 21.9317 57.0701 69.4185 52.9528 57.7235 37.9232 104.712 35.0143 70.6085 57.5576 73.0521 62.6498 99.7923 81.9386 50.01 59.203 37.054 24.7386 58.2807 17.4642 26.6271 69.2315 73.349 24.7386 61.3922 26.6833 14.3178 37.6431 82.148 29.7321 72.4342 32.7567 82.8347 23.1948 30.4795 37.0 62.3618 42.19 13.4536 64.56 58.121 35.7351 66.4248 54.0689 
65.0 85.6395 14.1421 31.257 24.3238 49.6588 8.94427 65.5726 46.5677 87.0647 109.772 29.1204 34.2053 34.4384 30.5941 56.4358 74.1977 56.4358 108.564 89.7418 21.0238 58.8727 0.0 24.1868 95.4036 77.4145 37.0 10.0499 92.1193 98.9429 7.07107 54.9466 95.8853 83.9559 88.3877 92.1206 103.52 115.137 90.934 103.77 22.561 106.751 30.032 49.0918 76.0636 76.3217 82.2313 36.4005 70.5399 43.5723 34.3657 85.3815 71.3092 37.2156 73.2462 35.0143 93.6795 83.8055 92.9589 80.05 88.1192 21.9317 6.40312 19.0263 71.1126 7.61577 84.5835 38.3238 57.0 83.3547 
48.1664 62.0274 11.1803 7.07107 16.5242 48.0937 17.4642 53.3104 41.0122 66.4861 92.2175 34.8855 39.0 19.3132 10.8167 39.8246 67.7906 32.249 93.086 69.1632 34.6554 58.0775 24.1868 0.0 76.2859 72.2239 39.8497 14.1421 72.8057 83.8153 17.1172 39.6611 71.7008 67.4227 67.8092 74.9926 85.898 99.8602 66.7533 83.1917 8.24621 91.6079 21.0238 58.5918 58.4417 74.108 75.4541 14.1421 47.6879 34.1321 10.198 84.0536 72.2496 23.4094 49.0918 45.4863 73.101 71.9317 69.3469 81.2219 82.916 27.4591 20.0998 33.3017 67.3647 21.3776 66.9617 25.2982 33.1361 65.8987 
31.1448 22.4722 82.3675 71.0007 73.1135 75.4541 86.465 54.2439 67.4517 13.4536 20.6155 84.332 81.3115 61.0409 67.233 39.0546 55.0727 55.0347 33.2415 13.8924 92.807 70.1885 95.4036 76.2859 0.0 59.3633 77.972 87.3605 5.0 32.2025 89.8716 41.4367 49.6488 36.8917 13.6015 15.8114 10.8167 45.8912 49.0918 12.8062 74.0882 36.1386 66.9107 96.3294 21.5407 68.6003 55.6058 73.1873 50.598 61.3536 68.7156 75.0 76.4853 58.2509 44.2719 90.9336 8.24621 42.8019 19.0263 80.7775 62.2896 85.715 94.5715 94.2494 62.6099 96.5265 12.3693 57.439 48.3735 16.1555 
39.9775 68.1323 70.1854 72.2496 59.5235 28.0179 70.4114 23.4094 32.311 58.6941 59.439 49.4065 44.8219 53.3524 62.4031 42.3215 5.38516 77.3726 46.0109 61.5224 60.4401 20.6155 77.4145 72.2239 59.3633 0.0 41.4005 74.5629 59.203 36.1248 75.4527 39.0512 100.344 22.4722 60.1082 45.1885 60.5392 43.0116 97.5777 71.6101 64.7611 41.1096 51.923 44.2832 50.0 9.48683 6.32456 81.0555 75.4986 38.3275 73.0616 16.4012 19.0263 49.2549 82.728 50.3289 62.482 17.088 72.1249 21.4709 10.7703 55.5698 80.2467 62.0081 7.2111 82.4739 47.8017 47.2706 70.9726 43.6005 
46.8663 83.1629 33.0606 43.7681 25.3516 13.4536 31.257 40.4349 13.3417 69.652 89.3602 8.06226 3.60555 31.7688 36.0135 39.3266 38.8973 64.1426 79.9203 72.3291 19.105 21.9317 37.0 39.8497 77.972 41.4005 0.0 36.0555 74.6814 69.1525 36.3456 36.4795 97.6502 50.4101 70.9751 73.3834 85.7091 80.5535 93.5081 86.2032 31.6228 76.1373 31.0598 20.5183 58.6509 39.3954 46.7547 53.0047 67.0727 16.6646 46.3743 48.3839 34.5254 28.8709 75.6862 13.0 76.0126 49.3792 82.868 43.4166 51.8652 15.2971 40.7922 20.6155 34.6699 42.9535 66.7515 27.2716 59.6859 64.8994 
57.2014 75.7281 5.0 21.2132 17.4012 47.2969 5.38516 58.6468 43.7127 79.0216 101.789 29.0689 34.0147 26.4008 21.1896 48.6004 70.9907 46.3897 101.204 81.6987 24.5967 57.0701 10.0499 14.1421 87.3605 74.5629 36.0555 0.0 84.0762 91.583 3.0 47.5079 85.8429 77.03 80.3446 84.4038 95.4768 107.53 80.895 95.7272 13.4164 99.3914 23.1094 51.6624 68.0205 74.2159 79.052 26.8328 60.8197 36.6497 24.3311 83.7437 70.4557 29.7321 63.1981 37.6431 85.6364 76.8797 83.0475 79.404 85.285 21.0238 7.2111 22.8254 68.4108 9.21954 76.5405 31.1127 47.0106 75.452 
28.0179 17.72 79.0833 66.5809 69.8292 72.1635 83.1808 53.4738 64.1611 8.48528 25.4951 80.9924 78.0209 57.7567 65.2136 35.7703 54.6443 50.6149 37.0135 8.94427 90.0116 69.4185 92.1193 72.8057 5.0 59.203 74.6814 84.0762 0.0 34.7851 86.5873 38.1529 46.3249 36.8782 8.60233 18.0278 15.8114 49.366 45.3982 12.53 70.8039 39.4588 63.6264 93.0388 17.4642 68.2422 55.9017 68.7675 47.1178 58.063 64.2958 75.1665 75.7234 54.9666 39.5601 87.643 4.12311 43.1393 15.5242 80.4487 62.9682 82.4307 92.5522 90.9652 61.9113 94.5071 11.4018 54.1548 43.9537 15.6205 
36.2353 50.3587 86.6022 80.7775 76.6191 55.9519 90.0413 37.8477 58.2585 39.3192 24.1661 76.7895 72.7445 65.3483 73.0068 44.1022 34.0588 73.9797 10.7703 41.5933 88.1449 52.9528 98.9429 83.8153 32.2025 36.1248 69.1525 91.583 34.7851 0.0 93.8646 44.2041 81.0432 19.2354 40.4475 16.7631 28.2843 16.7631 79.8311 44.7772 78.8002 7.81025 69.8363 77.666 37.4833 45.3982 30.4138 87.2067 69.6941 65.4672 80.1311 48.7032 55.1453 61.8557 71.0 80.0726 38.8973 20.2237 50.2892 56.5155 34.5398 82.166 98.7339 89.5155 42.0119 100.801 26.0768 60.6212 66.9403 23.0217 
59.6406 78.7191 7.61577 24.1868 19.3848 48.0833 5.09902 60.6336 44.6025 81.5327 104.307 29.0172 34.0588 28.8444 24.0416 51.0392 72.3628 49.366 103.486 84.2098 23.4094 57.7235 7.07107 17.1172 89.8716 75.4527 36.3456 3.0 86.5873 93.8646 0.0 49.8197 88.8144 79.0168 82.8558 86.8389 97.9879 110.198 83.863 98.2383 16.1555 101.673 25.093 50.9902 70.5316 75.0 80.4241 29.5466 63.7731 38.6332 27.2947 84.4038 70.859 32.0156 66.1891 36.8782 88.1476 78.8664 86.0386 79.7621 86.1748 21.095 5.0 21.5407 69.3006 7.2111 79.0516 33.3017 50.01 77.9359 
10.4403 42.031 42.5206 37.1618 32.6228 33.9616 46.045 16.0312 25.9592 33.0983 55.0091 42.8395 39.819 21.2132 28.8444 3.60555 33.7343 38.3275 53.7587 35.7754 52.4903 37.9232 54.9466 39.6611 41.4367 39.0512 36.4795 47.5079 38.1529 44.2041 49.8197 0.0 67.917 27.8568 34.4214 37.2156 49.3356 60.208 62.9972 49.8039 34.6554 52.0096 25.9422 54.837 22.0972 44.7772 40.1123 44.643 36.5539 19.8612 37.0 54.4243 48.2254 17.8045 45.3529 49.4411 39.4588 32.7567 46.3142 55.5698 48.2597 45.2242 54.6717 53.7587 37.1618 56.7274 30.3645 16.6433 31.9531 28.6356 
62.2701 32.249 82.3772 64.6297 80.0569 95.2884 88.6454 94.5829 87.286 42.5441 68.0 99.0569 100.99 69.857 67.72 64.7238 96.1577 39.4588 82.8734 39.9249 101.904 104.712 95.8853 71.7008 49.6488 100.344 97.6502 85.8429 46.3249 81.0432 88.8144 67.917 0.0 79.2862 41.2311 64.2884 58.0345 95.5249 5.0 39.0 75.1864 85.703 78.3901 116.107 52.5296 109.611 98.1435 61.0 53.3631 81.0855 61.5224 116.708 116.142 70.6612 23.0868 110.202 42.2019 85.9757 30.8058 121.763 105.893 92.6584 91.351 101.193 103.02 92.1954 55.7136 71.5891 40.1622 59.6154 
23.0 47.0745 72.219 65.0047 61.6321 37.284 75.0543 19.1053 39.5161 37.2022 39.0128 58.047 54.002 48.8575 56.6075 28.8617 18.3848 63.0 29.9666 40.0 69.4024 35.0143 83.9559 67.4227 36.8917 22.4722 50.4101 77.03 36.8782 19.2354 79.0168 27.8568 79.2862 0.0 38.6005 23.0868 38.6005 33.3017 77.1414 49.2037 62.3094 26.6271 54.1587 59.4138 30.0832 31.7648 19.105 72.4224 59.0937 46.7247 64.846 38.2884 40.1622 45.3649 64.2884 61.4047 40.3113 6.7082 50.448 43.909 26.6271 63.4236 83.9773 70.773 26.2488 86.1271 25.4951 44.1305 56.0089 21.2603 
24.4282 10.0 75.3517 61.5844 66.0976 68.0247 79.4492 53.6536 60.4547 1.41421 34.0 77.2609 74.3146 54.0251 60.2171 32.0388 55.1725 45.6184 44.1814 1.41421 86.28 70.6085 88.3877 67.8092 13.6015 60.1082 70.9751 80.3446 8.60233 40.4475 82.8558 34.4214 41.2311 38.6005 0.0 24.0208 24.4131 56.0089 39.5601 16.0312 67.0724 46.0109 59.8948 89.3325 12.7082 68.6814 57.6281 63.771 42.1213 54.3567 59.2993 76.4199 75.9032 51.2351 31.5753 83.9366 6.7082 45.2217 12.0416 80.8335 65.215 78.6991 87.5557 87.2336 62.0911 89.5106 14.5602 50.4232 38.9572 18.3848 
27.2029 34.0147 79.404 71.1021 69.7968 59.7917 83.2166 41.613 62.863 23.0 18.0278 79.7433 76.7229 58.0086 64.4438 35.805 41.4367 60.1664 20.6155 25.0799 91.1281 57.5576 92.1206 74.9926 15.8114 45.1885 73.3834 84.4038 18.0278 16.7631 86.8389 37.2156 64.2884 23.0868 24.0208 0.0 15.5242 32.0 63.1506 28.6007 71.218 22.0 63.1348 81.9236 23.7065 54.626 40.8167 76.9732 56.1885 56.765 70.1493 60.208 63.2456 54.9181 55.2268 83.9125 22.1359 28.178 33.5261 66.6408 47.0106 82.5191 91.6079 90.21 49.3356 93.6002 10.4403 53.8516 53.3104 9.21954 
38.8973 33.1059 90.4838 80.7125 81.2298 75.2862 94.5813 57.1074 75.1887 24.2074 10.198 92.069 89.0486 69.1572 75.3492 47.1699 56.921 65.159 26.0 24.6982 103.454 73.0521 103.52 85.898 10.8167 60.5392 85.7091 95.4768 15.8114 28.2843 97.9879 49.3356 58.0345 38.6005 24.4131 15.5242 0.0 39.0 58.0775 19.105 82.2045 30.0167 75.0267 97.418 31.0644 70.0071 55.9017 83.3116 61.2494 69.0907 78.4274 75.1798 78.7464 66.3672 54.7814 98.6706 18.7883 43.4626 28.4429 81.939 61.5873 94.8448 102.688 102.536 64.846 104.643 18.9737 65.5515 58.4978 21.2132 
52.8015 66.0076 102.549 97.1288 92.8132 67.4166 106.235 50.2864 69.6596 55.0 31.0644 88.1905 84.1455 81.295 89.0449 60.4152 42.9535 90.7083 13.0 57.0351 99.5459 62.6498 115.137 99.8602 45.8912 43.0116 80.5535 107.53 49.366 16.7631 110.198 60.208 95.5249 33.3017 56.0089 32.0 39.0 0.0 94.7629 57.5674 94.7469 10.0 85.3398 87.0919 54.1295 50.9902 36.6879 103.788 86.4321 77.9059 96.6023 51.0 61.1882 77.8024 87.1436 91.4166 53.4603 31.4006 64.7765 60.075 37.1214 94.6047 115.158 100.916 49.98 117.308 42.107 76.5679 83.678 39.4588 
58.5089 30.0832 77.4661 59.6825 75.3303 91.0544 83.7437 90.8217 83.052 40.8044 68.1836 94.3303 96.8476 65.307 62.9365 59.804 92.3964 34.5254 82.2982 38.3275 97.1777 99.7923 90.934 66.7533 49.0918 97.5777 93.5081 80.895 45.3982 79.8311 83.863 62.9972 5.0 77.1414 39.5601 63.1506 58.0775 94.7629 0.0 39.3192 70.342 84.8528 73.8241 111.866 50.3847 105.849 95.9986 56.0 48.4433 76.844 56.5685 113.969 112.381 66.242 18.3848 105.475 41.3038 83.8308 30.0666 118.002 103.748 87.9318 86.3713 96.4624 99.2591 87.2067 54.1202 67.2309 35.4683 57.8705 
39.6232 19.4165 90.7342 73.8678 81.4802 83.4048 94.8317 65.9939 75.4024 17.0 29.0 92.6434 89.6971 69.4076 75.5996 47.4213 67.1193 51.3612 44.643 15.1327 101.663 81.9386 103.77 83.1917 12.8062 71.6101 86.2032 95.7272 12.53 44.7772 98.2383 49.8039 39.0 49.2037 16.0312 28.6007 19.105 57.5674 39.3192 0.0 82.4549 48.1041 75.2774 104.28 28.0907 80.7094 68.1175 73.6568 57.5038 69.7392 71.1377 87.4586 88.2435 66.6176 38.833 99.1648 10.198 55.3173 11.4018 92.9139 74.9667 94.0816 102.938 102.616 74.4312 104.893 23.8537 65.8057 47.6051 28.0179 
44.0454 63.5398 8.544 12.7279 8.28011 40.0125 14.0357 47.0106 33.1361 65.7493 88.5239 26.9258 30.8707 13.4536 8.06226 35.4683 60.8 36.0555 88.4138 68.4264 28.0179 50.01 22.561 8.24621 74.0882 64.7611 31.6228 13.4164 70.8039 78.8002 16.1555 34.6554 75.1864 62.3094 67.0724 71.218 82.2045 94.7469 70.342 82.4549 0.0 86.6086 13.0384 50.6063 54.7482 66.2722 68.6692 21.6333 48.1214 26.4764 15.6205 76.1643 64.1249 17.2047 52.1728 37.8021 72.3641 65.3612 70.8592 73.1095 75.473 19.8494 20.5913 26.9258 59.6825 22.4722 63.2682 18.868 35.3553 62.2013 
43.909 56.0089 94.4106 88.5099 84.4275 62.7391 97.8497 44.8325 65.2433 45.0 23.3452 83.7742 79.7292 73.1567 80.8022 51.8652 39.8121 81.0432 5.38516 47.0425 95.1296 59.203 106.751 91.6079 36.1386 41.1096 76.1373 99.3914 39.4588 7.81025 101.673 52.0096 85.703 26.6271 46.0109 22.0 30.0167 10.0 84.8528 48.1041 86.6086 0.0 77.6447 83.9345 44.3847 50.0 35.0143 94.8262 76.8027 72.4519 87.818 51.9711 60.0333 69.6641 77.1622 86.8599 43.566 26.5707 54.9181 60.407 37.6563 89.1508 106.542 96.5002 47.5184 108.61 32.1403 68.4296 74.0405 29.6142 
36.2491 64.453 18.3701 23.4094 7.7082 27.074 21.1304 35.7754 20.0998 58.5718 80.9506 26.7082 30.4147 8.544 13.8924 27.8568 47.9701 41.4005 79.4574 61.2489 29.5555 37.054 30.032 21.0238 66.9107 51.923 31.0598 23.1094 63.6264 69.8363 25.093 25.9422 78.3901 54.1587 59.8948 63.1348 75.0267 85.3398 73.8241 75.2774 13.0384 77.6447 0.0 50.2742 47.5707 53.2353 56.0314 32.8938 48.3631 13.6015 25.4951 63.1269 51.2445 9.05539 55.4617 37.853 65.1866 54.0083 71.7877 60.208 62.6418 20.3097 30.0534 28.8441 46.6905 32.2033 56.0803 9.48683 38.4708 54.5619 
65.2237 96.9421 49.98 62.9825 44.566 24.3311 46.3249 49.5412 30.0832 88.0095 98.366 23.7065 20.0 50.1262 55.2279 57.684 44.2719 82.5 88.295 90.6866 28.0713 24.7386 49.0918 58.5918 96.3294 44.2832 20.5183 51.6624 93.0388 77.666 50.9902 54.837 116.107 59.4138 89.3325 81.9236 97.418 87.0919 111.866 104.28 50.6063 83.9345 50.2742 0.0 77.0084 38.0132 50.5668 72.2011 85.4301 35.022 65.5888 43.8634 29.0 47.2283 94.0436 14.1421 94.1409 57.4891 101.225 35.805 52.6972 31.3847 54.4518 30.0666 37.1618 56.3205 85.1089 45.6291 78.0433 78.4349 
12.1065 20.3178 63.0275 54.5513 53.7735 56.133 67.125 43.2606 48.1306 11.3852 38.8973 64.9367 61.9904 41.701 47.893 19.7146 44.8354 36.6879 44.0114 14.0623 73.9558 58.2807 76.0636 58.4417 21.5407 50.0 58.6509 68.0205 17.4642 37.4833 70.5316 22.0972 52.5296 30.0832 12.7082 23.7065 31.0644 54.1295 50.3847 28.0907 54.7482 44.3847 47.5707 77.0084 0.0 58.2885 48.3735 54.1903 32.5407 42.0325 49.7187 66.4003 65.5102 38.9109 34.5254 71.6125 18.0 36.7696 24.6011 70.4406 56.356 66.375 75.2315 74.9094 51.6981 77.1865 13.6015 38.099 29.7321 14.8661 
48.2493 76.5848 70.428 75.06 60.5399 26.9258 69.9214 30.2324 33.1361 67.2688 68.884 47.4236 42.4853 56.0803 65.0308 48.1061 13.6015 82.8734 55.0364 70.0941 57.8014 17.4642 76.3217 74.108 68.6003 9.48683 39.3954 74.2159 68.2422 45.3982 75.0 44.7772 109.611 31.7648 68.6814 54.626 70.0071 50.9902 105.849 80.7094 66.2722 50.0 53.2353 38.0132 58.2885 0.0 15.0333 84.214 81.2831 40.0125 76.2365 10.0499 10.198 52.1536 90.0821 46.2277 71.4003 26.5707 80.7224 12.2066 14.7648 54.4243 79.6994 59.5399 7.61577 81.9085 56.8595 50.1597 76.6942 52.6972 
39.2173 65.9318 74.3126 74.9667 63.6507 33.3017 75.2248 24.0832 36.7151 56.2228 54.1202 54.6717 50.2494 56.2939 65.307 42.4632 8.06226 78.0983 40.0125 59.0339 65.8559 26.6271 82.2313 75.4541 55.6058 6.32456 46.7547 79.052 55.9017 30.4138 80.4241 40.1123 98.1435 19.105 57.6281 40.8167 55.9017 36.6879 95.9986 68.1175 68.6692 35.0143 56.0314 50.5668 48.3735 15.0333 0.0 83.4865 75.0312 42.4316 75.5381 19.4165 25.02 52.1728 81.728 56.2228 59.397 12.8062 69.527 26.2488 8.24621 60.4649 85.2182 67.3573 13.4164 87.4453 44.5533 50.2195 71.3863 40.3113 
50.9902 55.0741 25.0 9.48683 29.6531 59.439 31.0644 60.0167 51.788 62.4479 91.8527 48.5489 52.3546 28.1603 19.4165 43.6578 76.1643 22.8035 95.5803 65.125 48.7955 69.2315 36.4005 14.1421 73.1873 81.0555 53.0047 26.8328 68.7675 87.2067 29.5466 44.643 61.0 72.4224 63.771 76.9732 83.3116 103.788 56.0 73.6568 21.6333 94.8262 32.8938 72.2011 54.1903 84.214 83.4865 0.0 43.6497 44.5533 8.0 94.2603 83.5464 32.0624 39.6232 59.4054 69.0628 77.3875 62.3935 92.3959 91.2688 41.4005 31.0483 47.4236 77.0584 31.5753 67.5352 34.0588 26.4197 67.8794 
36.1794 38.0902 56.3982 41.4631 51.2046 64.6111 62.1566 52.453 56.6087 40.7983 70.203 70.2046 70.4122 39.8617 40.0689 33.3607 70.1764 26.2971 76.5515 43.4754 73.0519 73.349 70.5399 47.6879 50.598 75.4986 67.0727 60.8197 47.1178 69.6941 63.7731 36.5539 53.3631 59.0937 42.1213 56.1885 61.2494 86.4321 48.4433 57.5038 48.1214 76.8027 48.3631 85.4301 32.5407 81.2831 75.0312 43.6497 0.0 50.4081 39.178 90.908 84.7793 40.1548 30.799 80.0342 47.4131 65.3323 54.0142 92.1234 83.2772 63.8061 67.5155 72.3405 73.6688 68.9741 45.8855 40.9666 19.2462 47.4005 
30.2479 66.4983 31.9104 35.2278 21.2485 15.2315 34.6707 28.3415 7.28011 53.0337 74.6118 23.0245 20.0041 16.4924 25.1794 22.7082 34.3703 47.8017 76.2349 55.7108 34.4093 24.7386 43.5723 34.1321 61.3536 38.3275 16.6646 36.6497 58.063 65.4672 38.6332 19.8612 81.0855 46.7247 54.3567 56.765 69.0907 77.9059 76.844 69.7392 26.4764 72.4519 13.6015 35.022 42.0325 40.0125 42.4316 44.5533 50.4081 0.0 36.6742 50.0 39.0512 13.0 59.0339 29.6261 59.3942 46.5743 66.2496 47.8539 49.0408 28.0188 43.5937 35.6208 33.2415 45.7436 50.1331 11.1803 43.1393 48.2811 
43.909 52.555 21.1896 3.16228 23.0227 51.6624 27.5136 52.1728 43.9318 57.9763 87.381 42.0119 45.7293 20.2237 11.7047 36.2491 68.1836 22.0907 88.7525 60.6534 43.6005 61.3922 34.3657 10.198 68.7156 73.0616 46.3743 24.3311 64.2958 80.1311 27.2947 37.0 61.5224 64.846 59.2993 70.1493 78.4274 96.6023 56.5685 71.1377 15.6205 87.818 25.4951 65.5888 49.7187 76.2365 75.5381 8.0 39.178 36.6742 0.0 86.2844 75.71 24.0832 39.0128 53.1507 64.5911 69.7278 59.8744 84.5281 83.2947 35.3553 30.0 42.4382 69.0652 31.0644 62.1185 26.0768 23.5372 61.0554 
56.3686 84.4962 80.0625 85.0941 70.3542 36.4966 79.3095 39.3573 43.0465 75.0067 72.8011 56.3028 51.264 66.1211 75.06 57.731 21.6333 92.6553 57.2713 77.8332 66.2118 26.6833 85.3815 84.0536 75.0 16.4012 48.3839 83.7437 75.1665 48.7032 84.4038 54.4243 116.708 38.2884 76.4199 60.208 75.1798 51.0 113.969 87.4586 76.1643 51.9711 63.1269 43.8634 66.4003 10.0499 19.4165 94.2603 90.908 50.0 86.2844 0.0 15.0 62.2013 99.707 53.8516 78.5684 32.2025 88.4138 9.48683 14.3178 63.6003 89.0225 68.0294 17.4642 91.214 63.7809 60.208 86.3771 59.5483 
57.5678 83.8065 67.1193 74.1485 58.0351 24.1868 65.7647 35.4683 31.7805 74.4906 78.2624 42.2019 37.108 55.5428 64.1327 51.516 21.8403 85.5385 65.0 77.3158 51.6236 14.3178 71.3092 72.2496 76.4853 19.0263 34.5254 70.4557 75.7234 55.1453 70.859 48.2254 116.142 40.1622 75.9032 63.2456 78.7464 61.1882 112.381 88.2435 64.1249 60.0333 51.2445 29.0 65.5102 10.198 25.02 83.5464 84.7793 39.0512 75.71 15.0 0.0 51.923 93.5783 38.9487 78.7391 35.6931 87.9442 9.0 24.6982 49.8197 75.3127 53.4883 13.9284 77.4661 64.4259 50.0 79.9429 60.3738 
27.7849 56.2449 24.7588 23.0217 14.8924 28.2312 28.3019 29.9666 20.2485 49.912 72.5603 33.8924 32.2104 4.12311 13.1529 19.2354 44.5533 35.3836 71.4768 52.5891 36.7398 37.6431 37.2156 23.4094 58.2509 49.2549 28.8709 29.7321 54.9666 61.8557 32.0156 17.8045 70.6612 45.3649 51.2351 54.9181 66.3672 77.8024 66.242 66.6176 17.2047 69.6641 9.05539 47.2283 38.9109 52.1536 52.1728 32.0624 40.1548 13.0 24.0832 62.2013 51.923 0.0 48.0208 45.0373 56.5269 48.5259 63.1279 60.6383 59.6825 27.4939 36.8782 36.0284 45.0111 38.9487 47.4236 2.0 31.4006 46.1411 
43.6592 21.8403 59.5399 42.0476 56.9732 73.3063 65.7647 61.252 65.3039 32.3883 64.846 75.9732 79.0257 46.9574 44.643 42.1597 77.5467 17.0294 75.6637 30.8058 78.8205 82.148 73.2462 49.0918 44.2719 82.728 75.6862 63.1981 39.5601 71.0 66.1891 45.3529 23.0868 64.2884 31.5753 55.2268 54.7814 87.1436 18.3848 38.833 52.1728 77.1622 55.4617 94.0436 34.5254 90.0821 81.728 39.6232 30.799 59.0339 39.0128 99.707 93.5783 48.0208 0.0 87.118 36.0555 70.8802 27.4591 100.922 89.8933 69.5747 69.0072 78.1089 82.4678 70.0071 45.0444 49.0918 17.088 48.0104 
59.8278 96.1244 36.2491 50.448 32.1448 24.1661 32.28 51.4296 26.1725 82.6136 100.355 11.4018 10.198 42.5466 42.8067 52.2881 48.8262 71.8511 90.8241 85.2907 14.0 29.7321 35.0143 45.4863 90.9336 50.3289 13.0 37.6431 87.643 80.0726 36.8782 49.4411 110.202 61.4047 83.9366 83.9125 98.6706 91.4166 105.475 99.1648 37.8021 86.8599 37.853 14.1421 71.6125 46.2277 56.2228 59.4054 80.0342 29.6261 53.1507 53.8516 38.9487 45.0373 87.118 0.0 88.9741 60.3738 95.8295 47.0106 60.1082 18.0278 40.3113 16.0 43.1856 42.19 79.713 40.2332 70.0421 77.861 
29.4279 14.3178 80.6435 66.8762 71.3894 73.2655 84.741 56.4896 65.2631 7.28011 28.7924 82.2983 79.3521 59.3169 65.5089 37.0762 57.8014 47.0813 41.0488 6.40312 91.3175 72.4342 93.6795 73.101 8.24621 62.482 76.0126 85.6364 4.12311 38.8973 88.1476 39.4588 42.2019 40.3113 6.7082 22.1359 18.7883 53.4603 41.3038 10.198 72.3641 43.566 65.1866 94.1409 18.0 71.4003 59.397 69.0628 47.4131 59.3942 64.5911 78.5684 78.7391 56.5269 36.0555 88.9741 0.0 46.6905 11.4018 83.6002 66.6033 83.9909 92.8475 92.5254 64.927 94.8024 14.8661 55.715 43.3252 19.105 
29.1548 53.764 72.0686 69.8594 61.4817 36.2353 74.9039 18.9549 38.4852 43.8292 42.5793 57.0161 52.9711 52.6195 61.4456 34.2345 14.0357 69.0652 30.8058 46.6154 68.3715 32.7567 83.8055 71.9317 42.8019 17.088 49.3792 76.8797 43.1393 20.2237 78.8664 32.7567 85.9757 6.7082 45.2217 28.178 43.4626 31.4006 83.8308 55.3173 65.3612 26.5707 54.0083 57.4891 36.7696 26.5707 12.8062 77.3875 65.3323 46.5743 69.7278 32.2025 35.6931 48.5259 70.8802 60.3738 46.6905 0.0 57.0088 38.4838 20.0 62.3927 83.8269 69.7421 22.0907 85.9768 31.8277 46.669 62.1289 27.5862 
36.3211 9.21954 78.8833 62.6045 77.9905 79.9175 84.8494 65.8402 72.3476 13.4536 38.6394 89.1537 86.2075 65.918 62.8959 43.9316 67.2086 40.0979 52.2398 10.6301 98.1729 82.8347 92.9589 69.3469 19.0263 72.1249 82.868 83.0475 15.5242 50.2892 86.0386 46.3142 30.8058 50.448 12.0416 33.5261 28.4429 64.7765 30.0666 11.4018 70.8592 54.9181 71.7877 101.225 24.6011 80.7224 69.527 62.3935 54.0142 66.2496 59.8744 88.4138 87.9442 63.1279 27.4591 95.8295 11.4018 57.0088 0.0 92.8746 77.0065 90.592 89.4339 99.1265 74.1321 90.7084 25.5539 62.3161 36.3419 29.6816 
60.4014 88.7369 76.1052 83.0241 67.0303 33.1361 74.6726 41.8688 40.6079 79.421 80.3617 50.9902 45.8912 64.3273 72.9932 58.951 25.807 93.3412 65.6201 82.2462 60.0833 23.1948 80.05 81.2219 80.7775 21.4709 43.4166 79.404 80.4487 56.5155 79.7621 55.5698 121.763 43.909 80.8335 66.6408 81.939 60.075 118.002 92.9139 73.1095 60.407 60.208 35.805 70.4406 12.2066 26.2488 92.3959 92.1234 47.8539 84.5281 9.48683 9.0 60.6383 100.922 47.0106 83.6002 38.4838 92.8746 0.0 23.0 58.6941 84.1724 61.9839 19.105 86.3134 69.0652 58.6941 87.2879 64.8999 
47.4342 73.6811 80.9223 82.6075 70.2604 38.5876 81.1334 32.249 43.0813 63.8201 58.6941 59.9083 55.2178 63.7887 72.8354 50.7034 15.1327 86.3385 42.9535 66.6108 70.8025 30.4795 88.1192 82.916 62.2896 10.7703 51.8652 85.285 62.9682 34.5398 86.1748 48.2597 105.893 26.6271 65.215 47.0106 61.5873 37.1214 103.748 74.9667 75.473 37.6563 62.6418 52.6972 56.356 14.7648 8.24621 91.2688 83.2772 49.0408 83.2947 14.3178 24.6982 59.6825 89.8933 60.1082 66.6033 20.0 77.0065 23.0 0.0 66.242 90.9688 72.4224 17.2047 93.1959 51.7397 57.7062 79.6264 47.5079 
55.2788 79.7318 18.6815 32.5576 14.6015 27.7308 16.0312 55.8503 24.8017 77.3761 100.366 8.06226 13.0 25.0032 25.2389 46.7225 52.4309 54.3077 92.9338 80.0532 10.0499 37.0 21.9317 27.4591 85.715 55.5698 15.2971 21.0238 82.4307 82.166 21.095 45.2242 92.6584 63.4236 78.6991 82.5191 94.8448 94.6047 87.9318 94.0816 19.8494 89.1508 20.3097 31.3847 66.375 54.4243 60.4649 41.4005 63.8061 28.0188 35.3553 63.6003 49.8197 27.4939 69.5747 18.0278 83.9909 62.3927 90.592 58.6941 66.242 0.0 25.4951 10.0499 49.1935 27.6586 74.8714 28.6015 52.4988 74.0351 
64.405 82.1144 12.2066 27.0185 24.3452 52.811 9.84886 65.5941 49.3965 86.2326 109.0 33.2415 38.3275 33.6006 28.2312 55.8032 77.0265 52.0384 108.355 88.9097 26.4764 62.3618 6.40312 20.0998 94.5715 80.2467 40.7922 7.2111 92.5522 98.7339 5.0 54.6717 91.351 83.9773 87.5557 91.6079 102.688 115.158 86.3713 102.938 20.5913 106.542 30.0534 54.4518 75.2315 79.6994 85.2182 31.0483 67.5155 43.5937 30.0 89.0225 75.3127 36.8782 69.0072 40.3113 92.8475 83.8269 89.4339 84.1724 90.9688 25.4951 0.0 24.5153 74.0945 2.23607 83.7515 38.2099 53.2353 82.662 
63.1433 88.2663 22.6716 39.4081 23.1359 34.0588 17.4929 63.9162 32.4037 85.9105 108.057 12.7279 17.2047 33.5377 33.6155 55.2569 59.4643 62.6498 100.283 88.5876 2.0 42.19 19.0263 33.3017 94.2494 62.0081 20.6155 22.8254 90.9652 89.5155 21.5407 53.7587 101.193 70.773 87.2336 90.21 102.536 100.916 96.4624 102.616 26.9258 96.5002 28.8441 30.0666 74.9094 59.5399 67.3573 47.4236 72.3405 35.6208 42.4382 68.0294 53.4883 36.0284 78.1089 16.0 92.5254 69.7421 99.1265 61.9839 72.4224 10.0499 24.5153 0.0 55.2178 26.3059 83.5781 37.1359 61.0328 81.7261 
41.6589 69.9944 64.8126 68.0 54.1507 21.4709 64.2573 22.8035 26.6833 60.6785 64.6297 42.72 38.0132 49.0 58.0086 40.4918 8.06226 75.2728 52.2398 63.5037 53.6004 13.4536 71.1126 67.3647 62.6099 7.2111 34.6699 68.4108 61.9113 42.0119 69.3006 37.1618 103.02 26.2488 62.0911 49.3356 64.846 49.98 99.2591 74.4312 59.6825 47.5184 46.6905 37.1618 51.6981 7.61577 13.4164 77.0584 73.6688 33.2415 69.0652 17.4642 13.9284 45.0111 82.4678 43.1856 64.927 22.0907 74.1321 19.105 17.2047 49.1935 74.0945 55.2178 0.0 76.3217 50.6063 43.0116 69.0797 46.5296 
66.4003 83.389 14.2127 28.1603 26.4951 55.0273 12.083 67.7439 51.6237 88.1876 110.962 35.3553 40.4475 35.609 29.9666 57.8014 79.2537 53.0 110.422 90.8647 28.2843 64.56 7.61577 21.3776 96.5265 82.4739 42.9535 9.21954 94.5071 100.801 7.2111 56.7274 92.1954 86.1271 89.5106 93.6002 104.643 117.308 87.2067 104.893 22.4722 108.61 32.2033 56.3205 77.1865 81.9085 87.4453 31.5753 68.9741 45.7436 31.0644 91.214 77.4661 38.9487 70.0071 42.19 94.8024 85.9768 90.7084 86.3134 93.1959 27.6586 2.23607 26.3059 76.3217 0.0 85.7065 40.3113 54.4518 84.6286 
19.9249 24.3311 71.5475 63.0713 62.2699 64.2335 75.645 42.1764 56.2311 13.3417 25.6125 73.1114 70.091 50.2209 56.4129 28.2312 43.2666 49.7695 31.0483 15.8114 84.4962 58.121 84.5835 66.9617 12.3693 47.8017 66.7515 76.5405 11.4018 26.0768 79.0516 30.3645 55.7136 25.4951 14.5602 10.4403 18.9737 42.107 54.1202 23.8537 63.2682 32.1403 56.0803 85.1089 13.6015 56.8595 44.5533 67.5352 45.8855 50.1331 62.1185 63.7809 64.4259 47.4236 45.0444 79.713 14.8661 31.8277 25.5539 69.0652 51.7397 74.8714 83.7515 83.5781 50.6063 85.7065 0.0 46.6154 42.9535 4.24264 
26.8328 57.0568 26.1725 25.02 16.0 26.4008 29.4222 28.178 18.3848 49.1001 71.5891 35.0 30.6111 6.08276 15.1327 18.3848 42.5793 36.8782 70.2424 51.7772 37.8473 35.7351 38.3238 25.2982 57.439 47.2706 27.2716 31.1127 54.1548 60.6212 33.3017 16.6433 71.5891 44.1305 50.4232 53.8516 65.5515 76.5679 67.2309 65.8057 18.868 68.4296 9.48683 45.6291 38.099 50.1597 50.2195 34.0588 40.9666 11.1803 26.0768 60.208 50.0 2.0 49.0918 40.2332 55.715 46.669 62.3161 58.6941 57.7062 28.6015 38.2099 37.1359 43.0116 40.3113 46.6154 0.0 32.6497 45.1774 
33.0151 29.0224 43.0465 26.3059 39.8973 57.6868 49.163 47.9271 49.679 37.6342 67.0772 58.8973 63.0254 30.0167 27.6586 29.1204 65.6504 7.07107 73.736 40.3113 61.7446 66.4248 57.0 33.1361 48.3735 70.9726 59.6859 47.0106 43.9537 66.9403 50.01 31.9531 40.1622 56.0089 38.9572 53.3104 58.4978 83.678 35.4683 47.6051 35.3553 74.0405 38.4708 78.0433 29.7321 76.6942 71.3863 26.4197 19.2462 43.1393 23.5372 86.3771 79.9429 31.4006 17.088 70.0421 43.3252 62.1289 36.3419 87.2879 79.6264 52.4988 53.2353 61.0328 69.0797 54.4518 42.9535 32.6497 0.0 44.5982 
