NAME  : Jabali_70_2_0.93_1_7
TYPE : SVRP
MODEL : FINITE_SUPPORT
NUMBER_OF_SCENARIOS : 200
DIMENSION : 70
EDGE_WEIGHT_TYPE : MATRIX
CAPACITY : 214
N_VEHICLES : 2
NODE_COORD_SECTION
1 4331 3846
2 189 2171
3 2242 3062
4 1160 4020
5 4114 1232
6 1342 1858
7 1884 2877
8 112 3795
9 6652 868
10 6051 18
11 1397 3852
12 5392 426
13 5082 1832
14 6376 2837
15 5635 834
16 3010 245
17 4643 3097
18 6677 3050
19 4557 841
20 505 2444
21 5650 4063
22 4260 5015
23 6954 5921
24 6430 4825
25 5811 3918
26 4083 4139
27 481 1760
28 1035 834
29 4389 1684
30 7288 3932
31 4756 6793
32 7520 1976
33 3439 2928
34 2842 2866
35 27 2322
36 3474 4704
37 7532 5689
38 3919 2511
39 6761 2152
40 3482 6135
41 917 5244
42 4883 6532
43 2076 3364
44 985 5367
45 340 5886
46 6567 1146
47 4448 6396
48 1991 1477
49 6277 7128
50 3299 935
51 7433 6034
52 5587 3484
53 3072 5270
54 3724 5737
55 7322 7061
56 3475 5421
57 130 7153
58 1442 3671
59 4815 4191
60 3369 5810
61 2738 6675
62 1993 6885
63 2332 1331
64 76 4638
65 4711 6206
66 1274 1098
67 656 1955
68 761 5766
69 6097 778
70 1766 5114
DEMAND_SECTION
1 0.0
2 6.0
3 9.0
4 9.0
5 1.0
6 5.0
7 9.0
8 5.0
9 3.0
10 10.0
11 5.0
12 4.0
13 9.0
14 9.0
15 4.0
16 9.0
17 1.0
18 2.0
19 3.0
20 1.0
21 5.0
22 6.0
23 8.0
24 2.0
25 3.0
26 5.0
27 8.0
28 8.0
29 1.0
30 3.0
31 3.0
32 6.0
33 8.0
34 4.0
35 3.0
36 8.0
37 3.0
38 10.0
39 10.0
40 8.0
41 5.0
42 10.0
43 5.0
44 5.0
45 4.0
46 1.0
47 9.0
48 3.0
49 7.0
50 1.0
51 10.0
52 4.0
53 4.0
54 10.0
55 8.0
56 10.0
57 1.0
58 10.0
59 4.0
60 2.0
61 5.0
62 6.0
63 9.0
64 6.0
65 3.0
66 6.0
67 10.0
68 7.0
69 9.0
70 6.0
DEVIATION_SECTION
1 0.0
2 2.0
3 3.0
4 3.0
5 0.333333
6 1.66667
7 3.0
8 1.66667
9 1.0
10 3.33333
11 1.66667
12 1.33333
13 3.0
14 3.0
15 1.33333
16 3.0
17 0.333333
18 0.666667
19 1.0
20 0.333333
21 1.66667
22 2.0
23 2.66667
24 0.666667
25 1.0
26 1.66667
27 2.66667
28 2.66667
29 0.333333
30 1.0
31 1.0
32 2.0
33 2.66667
34 1.33333
35 1.0
36 2.66667
37 1.0
38 3.33333
39 3.33333
40 2.66667
41 1.66667
42 3.33333
43 1.66667
44 1.66667
45 1.33333
46 0.333333
47 3.0
48 1.0
49 2.33333
50 0.333333
51 3.33333
52 1.33333
53 1.33333
54 3.33333
55 2.66667
56 3.33333
57 0.333333
58 3.33333
59 1.33333
60 0.666667
61 1.66667
62 2.0
63 3.0
64 2.0
65 1.0
66 2.0
67 3.33333
68 2.33333
69 3.0
70 2.0
DISTANCE_MATRIX
0.0 62.9334 34.8965 47.3179 35.0 61.1041 40.1866 60.8195 50.9902 56.8243 44.3219 48.4665 29.5466 31.9312 45.1774 50.293 10.7703 35.7053 40.4475 57.9336 18.9256 16.1245 52.2135 35.1991 19.8743 4.47214 63.54 66.6302 29.1548 43.7846 41.9762 49.595 24.7911 30.5568 64.0307 15.8114 55.2622 27.72 39.5421 32.9848 50.3773 39.2938 34.3564 50.4809 59.8202 48.1041 36.3456 44.6459 54.5004 40.5216 57.1308 18.4391 24.6982 27.4591 63.7563 24.3516 71.2941 42.4496 9.84886 29.4109 43.8634 51.3128 42.5595 61.9873 34.9285 62.4263 60.7335 54.4544 48.2597 39.2941 
62.9334 0.0 30.8119 27.2947 52.8715 17.2627 29.6836 21.095 86.9614 82.8224 25.807 72.7154 64.5754 83.0833 74.4237 44.8219 61.9415 86.8573 59.7984 5.0 79.5434 65.6393 103.711 95.8169 80.4921 58.5737 6.40312 20.1246 55.4856 104.402 85.2761 96.8964 48.9188 39.7563 2.23607 56.7639 115.88 60.5398 87.2356 66.8431 41.7732 84.2858 28.6008 42.7551 49.0 85.6659 79.0487 24.5967 105.95 43.382 109.778 76.9595 55.8332 65.7123 115.048 61.2183 66.1211 27.0185 68.6489 63.1759 68.0 66.7308 29.0689 32.1403 80.4647 19.2094 6.7082 47.2652 80.3267 43.382 
34.8965 30.8119 0.0 18.4391 35.3553 28.1607 5.38516 29.347 65.307 65.6049 14.8661 55.4437 40.7185 53.7331 54.9181 39.2938 32.5914 57.5072 43.1393 25.8122 50.1932 37.6023 75.674 66.4667 51.1419 30.5368 31.4185 33.6869 33.8378 75.0522 61.9409 70.4441 19.0 9.21954 31.9093 28.7269 86.5298 31.1896 60.3048 46.2341 35.3553 59.9151 4.12311 36.2353 46.3249 63.1585 55.613 21.2132 77.9132 32.2025 81.7408 47.6093 35.218 43.1422 87.3092 38.3345 63.0635 13.6015 40.612 42.8076 50.4876 53.0848 23.0217 35.609 55.4745 29.4829 28.612 42.0595 60.0333 29.6142 
47.3179 27.2947 18.4391 0.0 53.7587 27.2947 17.7447 15.2971 82.5698 83.7377 3.60555 73.6614 57.9828 70.8188 72.8011 56.6063 49.6771 74.5929 61.5224 22.8473 65.2286 44.4312 81.1405 71.592 66.1773 42.9582 30.3645 42.19 51.8556 90.0876 59.0339 87.5298 34.0147 26.4008 27.4591 35.0241 87.5066 48.2753 77.3905 40.3113 17.72 58.0453 14.8661 18.6815 28.178 80.3229 52.8015 37.6876 78.7968 50.2494 87.2073 64.2107 29.5926 39.4718 90.6905 34.9778 45.31 5.0 53.0334 36.8782 40.7063 40.025 39.5546 17.8885 54.2241 39.0128 27.8927 24.3516 77.666 16.1555 
35.0 52.8715 35.3553 53.7587 0.0 38.6807 37.8021 64.5859 34.1321 30.8869 50.2096 20.5913 14.4222 34.9516 21.587 19.8494 25.318 38.7257 7.81025 51.2501 41.2311 51.0392 73.8562 56.7198 41.1461 39.0512 47.212 41.1096 6.7082 52.5022 76.531 45.8803 25.7526 28.0179 55.1072 48.947 76.1304 28.6815 37.1618 67.4759 70.0 73.6817 38.9487 70.8025 81.2158 33.0 71.1758 28.2843 85.44 11.7047 78.6488 35.8469 57.5145 62.2013 89.6112 58.5754 97.3499 48.8365 40.025 63.6741 77.1452 82.921 24.0832 70.8753 69.4622 38.0 46.1655 76.6094 27.4591 62.2804 
61.1041 17.2627 28.1607 27.2947 38.6807 0.0 23.2 30.6105 72.7706 68.6316 24.0832 58.5246 50.3846 67.7969 60.2329 31.3633 47.7507 71.5709 45.6076 14.3178 65.3526 63.8928 98.6405 81.6261 66.3013 56.7444 13.1529 17.0 41.2948 85.3475 88.7967 82.7056 39.2957 30.7109 19.4165 55.5827 101.689 46.349 73.0448 61.6965 44.911 86.7709 31.7954 45.8912 54.7083 71.4751 82.4688 10.4424 103.955 29.2118 103.558 62.7687 50.6804 69.9979 113.517 65.1903 72.1249 24.0 61.5879 58.0232 64.9189 66.1891 14.8959 40.3113 82.3303 13.0 11.0 51.4198 66.1359 42.0476 
40.1866 29.6836 5.38516 17.7447 37.8021 23.2 0.0 28.2187 69.0797 68.5055 14.145 58.2495 44.5982 58.0386 58.1808 39.0 36.8969 61.8126 45.607 24.6838 54.4987 42.8924 80.9641 70.7722 55.4474 35.8269 30.2902 39.6089 37.1214 79.3577 67.231 74.7495 24.0832 14.0 30.7809 34.0171 90.8353 35.4951 64.6103 49.6428 35.2375 65.2052 7.2111 36.166 45.9074 67.0671 60.9031 19.105 83.2033 33.0151 87.0309 51.9148 38.6267 48.4323 92.5993 44.0119 62.9422 13.3629 45.9021 45.9695 53.3667 55.0364 21.8403 34.5081 60.7646 35.9156 27.4837 41.9297 63.5059 31.0161 
60.8195 21.095 29.347 15.2971 64.5859 30.6105 28.2187 0.0 94.5859 94.937 17.0 84.7618 69.9899 82.9106 84.2648 61.5265 61.7689 86.6847 72.3853 18.9737 78.7302 58.6945 95.4038 85.8553 79.6789 56.4598 26.6833 40.5216 63.1847 103.589 72.9452 99.6216 47.2969 38.2914 20.0 49.2874 101.77 60.3671 89.4823 53.8238 22.3607 72.2011 26.9258 23.2594 28.0713 92.3997 66.888 40.6056 93.0591 59.375 101.471 77.7123 43.8292 53.7122 104.954 49.2411 45.0444 19.0 66.535 50.774 51.7397 48.3735 45.0591 11.0454 68.4763 38.6264 25.2982 26.9258 89.3669 27.6586 
50.9902 86.9614 65.307 82.5698 34.1321 72.7706 69.0797 94.5859 0.0 13.8924 79.2802 17.4642 24.5967 28.4605 13.1529 50.01 41.0366 32.28 28.0713 85.3399 44.8083 63.0537 66.1211 52.345 43.2151 55.3173 81.3018 75.0 32.28 40.1123 83.2186 18.868 51.3655 56.356 89.197 66.7083 63.9531 54.2945 18.0 81.7955 97.3699 80.0662 68.0 98.1111 108.677 3.16228 79.5784 62.3939 83.0963 45.0111 67.7422 37.5766 75.4321 75.9792 81.6149 74.0608 122.24 77.5811 49.5093 78.7975 93.751 102.005 58.2151 100.375 76.7396 72.0625 80.2553 103.855 7.28011 90.2401 
56.8243 82.8224 65.6049 83.7377 30.8869 68.6316 68.5055 94.937 13.8924 0.0 80.2808 10.2956 27.4591 39.0512 11.6619 42.0476 46.1411 43.0465 23.2594 81.2009 54.1295 70.5762 78.7718 64.0078 52.7731 61.2944 77.1622 69.0507 31.8904 52.9528 92.7631 32.7567 53.0384 57.3847 85.058 72.5793 77.1298 55.9674 30.8058 89.1572 99.0232 89.627 68.884 99.7644 110.33 16.1555 88.8182 58.1893 95.0474 39.5601 80.8084 46.8722 81.4927 83.3847 94.541 80.9568 126.085 78.7464 57.0511 85.9069 100.623 108.088 53.7587 101.213 86.122 66.7083 76.1163 105.528 10.0 90.9539 
44.3219 25.807 14.8661 3.60555 50.2096 24.0832 14.145 17.0 79.2802 80.2808 0.0 70.1783 54.7083 67.5292 69.4046 53.0067 46.3875 71.3033 57.9828 21.095 62.2326 44.9826 81.6919 72.1434 63.1813 39.9622 28.2312 39.4588 48.4149 87.0916 59.587 84.2402 31.0161 23.0217 26.2488 35.5755 88.058 44.9857 74.1009 41.1096 21.1896 58.5967 11.4018 22.1359 31.7648 77.0333 53.3595 34.4193 79.3482 46.6476 87.7587 61.2147 30.144 40.0232 91.2419 35.5292 48.8467 2.0 50.0374 37.4833 42.5441 42.5793 35.9549 21.095 54.7755 36.1248 25.632 27.8568 74.3303 18.4391 
48.4665 72.7154 55.4437 73.6614 20.5913 58.5246 58.2495 84.7618 17.4642 10.2956 70.1783 0.0 18.9737 34.7131 5.83095 33.1361 37.6962 38.6394 13.0 71.0939 48.0416 63.0635 75.6902 59.8415 47.0 52.9245 67.0522 59.4138 21.9317 50.6952 86.4696 34.7131 43.3064 47.3814 74.9511 64.0706 75.0267 46.2353 29.6816 81.2712 89.1964 83.3847 58.7963 89.9389 100.499 18.0278 82.0743 48.0833 90.8208 29.6142 78.4347 41.0 72.984 75.5844 91.7606 72.8011 116.353 68.6804 49.8262 77.8332 92.3093 99.5795 43.6807 91.0494 79.636 56.8859 66.0093 95.6833 10.2956 81.2218 
29.5466 64.5754 40.7185 57.9828 14.4222 50.3846 44.5982 69.9899 24.5967 27.4591 54.7083 18.9737 0.0 20.751 15.8114 34.2053 18.7883 24.525 14.3178 62.954 30.2655 44.1475 61.82 44.7141 29.6142 34.0147 58.9159 54.1295 9.21954 38.3015 68.0666 32.3883 26.7942 31.7648 66.8111 45.2243 61.9297 29.7231 23.0868 62.2977 72.7985 65.0308 43.4166 73.5397 84.1054 22.4722 63.3877 40.1995 74.2159 25.9422 65.0333 23.7697 54.1377 56.6127 77.6055 53.8516 99.8408 53.0 31.1448 58.8727 73.4098 80.7332 36.4966 75.8024 61.1372 50.636 57.8693 79.2837 19.8494 64.7096 
31.9312 83.0833 53.7331 70.8188 34.9516 67.7969 58.0386 82.9106 28.4605 39.0512 67.5292 34.7131 20.751 0.0 29.2746 54.8011 24.119 4.0 34.7046 79.3757 23.7853 42.7795 41.1096 25.1794 22.1922 35.8728 76.3281 72.4795 28.8852 17.6918 62.1956 21.9545 39.6145 44.6265 85.3189 46.9927 41.1825 42.5435 12.7279 61.5213 81.8561 59.0432 56.25 81.9597 91.299 25.2982 58.5554 57.923 56.2228 46.0894 44.2832 16.5552 55.4055 55.705 57.2451 53.7867 102.736 65.8301 29.235 58.5233 73.4767 81.8297 54.8011 88.6238 55.7166 68.6672 75.2816 85.9332 29.0689 70.7729 
45.1774 74.4237 54.9181 72.8011 21.587 60.2329 58.1808 84.2648 13.1529 11.6619 69.4046 5.83095 15.8114 29.2746 0.0 36.8782 34.4819 33.2415 15.0 72.8022 43.2897 59.1354 70.0928 54.4518 42.107 49.6488 68.7642 62.0322 21.095 44.9444 81.8841 29.2062 41.7842 46.4004 76.6593 60.9233 69.2892 44.7131 23.8537 77.6209 87.7885 78.7718 58.0086 88.5297 99.0954 13.0 77.7953 49.8197 85.4751 32.0156 72.7324 36.1248 69.8367 71.8679 86.1278 69.3542 114.831 67.8012 45.6716 74.3236 89.0 96.4322 45.5412 90.4434 75.1332 59.2115 67.7176 94.2738 6.0 79.6996 
50.293 44.8219 39.2938 56.6063 19.8494 31.3633 39.0 61.5265 50.01 42.0476 53.0067 33.1361 34.2053 54.8011 36.8782 0.0 42.4853 58.5751 22.4722 43.8406 59.6825 66.3073 92.7129 75.5765 59.9083 53.7862 38.6005 27.8568 26.1725 72.3516 92.2387 64.4748 39.0512 36.0139 47.0106 61.2944 95.7084 42.573 56.4358 80.3057 74.0992 89.5818 43.4166 75.0276 84.769 49.7293 86.5081 21.4009 103.478 9.84886 97.5055 55.0 69.029 75.6637 108.453 71.3442 101.804 52.2015 57.2713 76.2365 88.0511 91.9239 17.4929 71.4963 85.2038 26.4197 38.2884 80.7913 42.7551 68.884 
10.7703 61.9415 32.5914 49.6771 25.318 47.7507 36.8969 61.7689 41.0366 46.1411 46.3875 37.6962 18.7883 24.119 34.4819 42.4853 0.0 27.8931 30.0666 58.234 17.6918 26.0768 50.9902 33.9411 18.4391 15.2315 56.282 53.0791 19.0263 41.6696 51.2445 41.7612 18.4728 23.4848 64.1772 26.4465 54.073 21.4018 31.6228 43.6807 61.0104 48.3735 35.1083 61.114 70.4533 38.2884 46.0109 38.3276 61.2195 32.6497 55.8659 15.2315 35.3599 38.0789 66.4209 35.1141 81.9272 44.6884 14.8661 40.1622 54.626 61.9554 36.2353 67.4821 44.1814 48.9916 55.2355 65.0874 37.8021 49.9272 
35.7053 86.8573 57.5072 74.5929 38.7257 71.5709 61.8126 86.6847 32.28 43.0465 71.3033 38.6394 24.525 4.0 33.2415 58.5751 27.8931 0.0 38.4786 83.1498 27.5594 46.5535 37.3363 21.2132 25.9663 39.6468 80.1022 76.2536 32.6593 15.0 51.053 24.2074 43.3886 48.4006 89.093 50.7668 37.7359 46.3175 15.8114 65.2954 85.6302 47.905 60.0241 85.7338 95.0731 29.1204 62.3295 61.6971 52.2398 49.8635 40.7063 20.3293 59.1796 59.479 53.4883 57.5608 106.51 69.6042 33.0091 62.2973 77.2508 85.6038 58.5751 92.3978 59.4907 72.4412 79.0557 89.7073 33.0606 74.547 
40.4475 59.7984 43.1393 61.5224 7.81025 45.6076 45.607 72.3853 28.0713 23.2594 57.9828 13.0 14.3178 34.7046 15.0 22.4722 30.0666 38.4786 0.0 58.177 44.1475 56.1427 75.7736 58.9363 43.6807 44.7214 54.1202 47.0425 11.4018 52.2015 81.0555 42.0476 32.5662 35.609 62.0341 55.4812 75.8833 35.4951 34.4093 73.3485 77.6209 78.1025 46.6905 78.4092 88.8651 27.4591 76.0066 35.171 88.3233 17.0294 78.9869 37.9473 64.3281 67.897 91.8277 64.5368 104.862 56.5862 44.1022 69.6348 83.7384 89.7704 30.8058 78.6747 74.027 44.2832 53.0924 84.2021 21.0 69.7329 
57.9336 5.0 25.8122 22.8473 51.2501 14.3178 24.6838 18.9737 85.3399 81.2009 21.095 71.0939 62.954 79.3757 72.8022 43.8406 58.234 83.1498 58.177 0.0 75.8358 60.6395 98.7112 92.1094 76.7845 53.5739 8.0 21.587 53.8641 100.695 80.4352 95.2749 43.9191 34.7566 6.32456 51.7641 112.172 56.8323 85.6142 62.0081 38.2099 79.4449 23.6011 39.2046 46.1736 84.0444 74.2077 23.0117 100.95 41.7811 104.778 73.252 50.9922 60.8714 110.049 56.3773 63.5059 22.2036 63.6491 58.3349 63.5059 62.6418 27.4652 29.8329 75.6237 19.6977 6.32456 44.0114 78.7052 39.0 
18.9256 79.5434 50.1932 65.2286 41.2311 65.3526 54.4987 78.7302 44.8083 54.1295 62.2326 48.0416 30.2655 23.7853 43.2897 59.6825 17.6918 27.5594 44.1475 75.8358 0.0 29.1008 33.3017 16.2788 2.23607 22.3777 73.8838 70.6809 34.5398 24.872 38.6394 41.4492 36.0746 41.0866 81.779 33.3248 36.4005 39.0036 31.3963 40.0687 68.288 35.5106 52.2671 68.3916 77.731 41.6739 34.7851 55.9294 44.2719 49.93 38.2099 7.28011 41.7268 42.0263 48.8262 40.1081 89.0943 60.3603 15.5563 44.8446 59.798 68.151 53.8431 79.898 32.0156 66.5935 72.8373 72.3651 44.3847 57.2048 
16.1245 65.6393 37.6023 44.4312 51.0392 63.8928 42.8924 58.6945 63.0537 70.5762 44.9826 63.0635 44.1475 42.7795 59.1354 66.3073 26.0768 46.5535 56.1427 60.6395 29.1008 0.0 38.2957 28.7472 30.0495 12.6491 66.2458 69.419 45.0111 42.7783 25.9615 60.4433 40.8053 33.3563 66.7366 11.4018 44.6618 43.7343 50.3904 18.868 44.3069 23.4094 37.0623 44.4105 53.6004 60.0236 20.2237 55.8202 40.3113 56.5378 44.3625 28.6778 15.8114 13.0384 49.93 12.2066 63.5295 43.6545 13.8924 16.2788 31.241 40.3609 55.6849 55.9169 18.9737 65.215 63.4393 48.2701 61.3341 33.2237 
52.2135 103.711 75.674 81.1405 73.8562 98.6405 80.9641 95.4038 66.1211 78.7718 81.6919 75.6902 61.82 41.1096 70.0928 92.7129 50.9902 37.3363 75.7736 98.7112 33.3017 38.2957 0.0 17.2047 32.8024 49.6704 104.318 103.969 67.1493 26.0192 31.7805 50.3587 69.3625 74.3745 104.808 49.4773 7.61577 72.2915 48.1664 46.1736 80.3057 29.7321 75.1339 80.2247 88.0057 63.1981 33.9559 89.2173 18.7883 83.0292 6.08276 38.1358 51.4782 43.0116 16.1555 46.2709 93.7443 80.3638 48.8443 47.0 57.2713 67.6831 87.131 92.3959 30.5941 99.8814 101.511 83.006 68.884 69.5845 
35.1991 95.8169 66.4667 71.592 56.7198 81.6261 70.7722 85.8553 52.345 64.0078 72.1434 59.8415 44.7141 25.1794 54.4518 75.5765 33.9411 21.2132 58.9363 92.1094 16.2788 28.7472 17.2047 0.0 15.6734 38.6513 90.1574 86.9545 50.0129 15.0 33.0151 39.3954 52.3482 57.3602 98.0525 39.9287 20.2485 55.2771 34.5254 40.2492 71.3132 30.0 68.5407 71.3228 79.8442 49.2544 31.8277 72.2029 31.0644 65.8928 21.9317 20.9995 42.3132 35.4683 33.121 37.424 88.0227 70.8153 31.8299 39.5617 52.8394 63.0635 70.1166 83.0777 28.2843 82.867 89.1108 74.6395 54.0093 60.362 
19.8743 80.4921 51.1419 66.1773 41.1461 66.3013 55.4474 79.6789 43.2151 52.7731 63.1813 47.0 29.6142 22.1922 42.107 59.9083 18.4391 25.9663 43.6807 76.7845 2.23607 30.0495 32.8024 15.6734 0.0 23.3264 74.8325 71.5102 34.4384 24.2548 40.025 39.856 37.0233 42.0353 82.7277 34.2735 35.8053 39.9523 29.8031 41.7106 69.2367 36.8782 53.2158 69.3403 78.6797 40.0807 36.4005 56.7587 44.643 50.2195 37.6023 6.0 42.6755 36.771 48.5489 41.0568 90.043 61.309 16.505 45.7933 54.4534 69.0997 54.6717 80.8467 33.5261 67.4228 73.786 73.3138 42.9535 58.1535 
4.47214 58.5737 30.5368 42.9582 39.0512 56.7444 35.8269 56.4598 55.3173 61.2944 39.9622 52.9245 34.0147 35.8728 49.6488 53.7862 15.2315 39.6468 44.7214 53.5739 22.3777 12.6491 49.6704 38.6513 23.3264 0.0 59.1803 62.2706 33.3766 47.2367 38.6005 53.5366 28.2843 26.1971 59.671 11.4018 56.0365 31.2132 43.4837 28.6356 46.0176 36.0555 29.9967 46.1212 55.4606 52.4023 32.7567 48.6611 52.0497 44.0167 55.7372 21.9547 20.2485 23.1948 61.3056 19.9249 66.9344 38.0899 11.0 25.0 39.3954 46.8722 48.5258 57.6276 31.6228 58.0666 56.3738 50.0947 52.6972 34.9344 
63.54 6.40312 31.4185 30.3645 47.212 13.1529 30.2902 26.6833 81.3018 77.1622 28.2312 67.0522 58.9159 76.3281 68.7642 38.6005 56.282 80.1022 54.1202 8.0 73.8838 66.2458 104.318 90.1574 74.8325 59.1803 0.0 13.9284 49.8261 98.7428 86.9818 91.2368 47.827 39.2421 8.48528 57.3705 110.22 54.8803 81.5761 68.5548 46.1736 88.5586 29.2074 47.1699 54.1479 80.0064 80.7543 18.9737 106.557 37.6962 112.089 71.3 57.5388 67.418 115.953 62.9239 71.4493 29.0689 69.2555 64.8815 70.7743 70.342 23.4094 37.6563 84.118 12.8062 2.82843 52.0096 74.6671 46.4866 
66.6302 20.1246 33.6869 42.19 41.1096 17.0 39.6089 40.5216 75.0 69.0507 39.4588 59.4138 54.1295 72.4795 62.0322 27.8568 53.0791 76.2536 47.0425 21.587 70.6809 69.419 103.969 86.9545 71.5102 62.2706 13.9284 0.0 44.911 90.0301 94.3228 86.4928 44.8219 36.237 21.9545 61.1089 107.017 51.6773 77.1298 78.1053 59.0085 92.297 38.5261 60.0083 67.6018 74.0608 87.9949 14.7648 109.69 30.0167 108.886 68.0955 67.0893 75.5241 119.043 70.7164 85.0 39.8121 66.9162 74.432 81.3204 82.0366 17.72 51.4198 87.8564 4.24264 15.2971 65.123 68.0294 57.8705 
29.1548 55.4856 33.8378 51.8556 6.7082 41.2948 37.1214 63.1847 32.28 31.8904 48.4149 21.9317 9.21954 28.8852 21.095 26.1725 19.0263 32.6593 11.4018 53.8641 34.5398 45.0111 67.1493 50.0129 34.4384 33.3766 49.8261 44.911 0.0 46.4358 70.2567 41.5933 21.4933 25.4951 57.7212 44.0893 70.064 24.4222 32.28 61.9839 67.2681 67.3647 37.0135 68.0147 78.5684 30.5941 65.0308 31.0644 78.7718 17.2047 71.9418 29.1548 53.0027 56.5685 82.9043 53.1507 94.3164 46.8615 33.541 58.2495 72.3465 78.6975 27.2947 69.4046 63.1981 41.4367 48.7795 73.7564 26.4008 59.1851 
43.7846 104.402 75.0522 90.0876 52.5022 85.3475 79.3577 103.589 40.1123 52.9528 87.0916 50.6952 38.3015 17.6918 44.9444 72.3516 41.6696 15.0 52.2015 100.695 24.872 42.7783 26.0192 15.0 24.2548 47.2367 98.7428 90.0301 46.4358 0.0 48.0104 25.0 60.9336 65.9456 106.638 53.9598 24.3516 63.8626 22.2036 54.1102 85.3443 45.0 77.1261 85.3539 93.8753 37.2156 46.6905 75.4736 43.566 63.64 27.8927 29.5809 56.3443 49.1706 41.5933 51.4551 102.054 85.2193 40.4153 53.2636 66.853 76.9241 72.3516 104.757 43.1856 86.2177 97.6963 88.6706 43.1741 74.393 
41.9762 85.2761 61.9409 59.0339 76.531 88.7967 67.231 72.9452 83.2186 92.7631 59.587 86.4696 68.0666 62.1956 81.8841 92.2387 51.2445 51.053 81.0555 80.4352 38.6394 25.9615 31.7805 33.0151 40.025 38.6005 86.9818 94.3228 70.2567 48.0104 0.0 72.0694 66.7368 58.6003 85.8183 33.2866 39.3954 69.6657 65.9446 19.2354 54.7814 3.16228 61.4008 54.4243 60.208 80.0842 6.40312 80.9506 21.3776 82.4692 37.0 45.8912 29.7321 19.799 35.0571 24.7588 63.1981 58.2589 37.0 22.2036 27.0185 37.054 81.0247 68.4471 7.07107 90.1189 84.2245 55.7853 82.9759 45.6508 
49.595 96.8964 70.4441 87.5298 45.8803 82.7056 74.7495 99.6216 18.868 32.7567 84.2402 34.7131 32.3883 21.9545 29.2062 64.4748 41.7612 24.2074 42.0476 95.2749 41.4492 60.4433 50.3587 39.3954 39.856 53.5366 91.2368 86.4928 41.5933 25.0 72.0694 0.0 56.3255 61.3375 99.132 64.6565 47.0106 59.2544 10.198 76.2301 99.5199 68.9638 72.961 99.6235 108.963 17.0294 69.8928 72.5603 68.4471 57.5674 51.0 34.219 73.0693 71.2906 65.0 71.4505 120.399 82.5411 46.8988 76.1871 88.9729 99.4935 68.884 105.335 66.5733 83.0241 90.1903 103.597 24.7588 88.4367 
24.7911 48.9188 19.0 34.0147 25.7526 39.2957 24.0832 47.2969 51.3655 53.0384 31.0161 43.3064 26.7942 39.6145 41.7842 39.0512 18.4728 43.3886 32.5662 43.9191 36.0746 40.8053 69.3625 52.3482 37.0233 28.2843 47.827 44.8219 21.4933 60.9336 66.7368 56.3255 0.0 10.198 50.0162 23.1948 72.4112 17.0711 46.1863 42.0476 48.3836 64.0798 20.3961 49.1248 59.6905 49.1187 61.0062 30.4138 79.1655 29.4279 74.2798 33.4908 31.7805 37.0135 84.7908 33.0606 75.426 29.1548 32.3099 38.1182 51.4198 57.3847 29.2062 51.8941 59.7019 40.6179 46.7804 54.8688 46.4792 40.2947 
30.5568 39.7563 9.21954 26.4008 28.0179 30.7109 14.0 38.2914 56.356 57.3847 23.0217 47.3814 31.7648 44.6265 46.4004 36.0139 23.4848 48.4006 35.609 34.7566 41.0866 33.3563 74.3745 57.3602 42.0353 26.1971 39.2421 36.237 25.4951 65.9456 58.6003 61.3375 10.198 0.0 40.8537 25.9615 77.4232 22.083 51.1983 44.7214 42.0119 56.356 11.6619 42.8019 53.2635 54.1295 52.3927 22.4722 73.6169 27.4591 79.2918 38.5027 33.1361 40.5216 82.9697 35.9026 69.3397 21.4009 36.2723 40.6079 52.0384 56.3107 22.4722 44.1022 51.8845 32.0331 37.5564 48.6004 51.3128 34.4384 
64.0307 2.23607 31.9093 27.4591 55.1072 19.4165 30.7809 20.0 89.197 85.058 26.2488 74.9511 66.8111 85.3189 76.6593 47.0106 64.1772 89.093 62.0341 6.32456 81.779 66.7366 104.808 98.0525 82.7277 59.671 8.48528 21.9545 57.7212 106.638 85.8183 99.132 50.0162 40.8537 0.0 57.8612 111.174 62.7754 89.4713 67.3573 41.2311 84.828 29.6982 42.2019 48.0416 87.9016 79.5909 26.8328 105.58 45.618 110.875 79.1951 56.3754 66.2545 116.146 61.7605 65.0308 27.5862 69.7462 63.7024 68.0955 66.4831 31.305 31.0161 81.0069 21.2603 8.94427 46.5296 82.5623 43.4166 
15.8114 56.7639 28.7269 35.0241 48.947 55.5827 34.0171 49.2874 66.7083 72.5793 35.5755 64.0706 45.2243 46.9927 60.9233 61.2944 26.4465 50.7668 55.4812 51.7641 33.3248 11.4018 49.4773 39.9287 34.2735 11.4018 57.3705 61.1089 44.0893 53.9598 33.2866 64.6565 23.1948 25.9615 57.8612 0.0 55.8434 40.2655 54.6036 19.0263 34.8998 31.4006 28.1869 35.0034 44.3428 63.7809 26.9258 47.927 50.448 52.0384 55.544 32.9017 8.94427 14.5602 60.9016 10.0499 55.8032 34.2474 20.1246 15.0 28.4605 35.5106 48.3839 46.5098 27.0185 56.9049 54.564 38.9769 64.0703 23.8167 
55.2622 115.88 86.5298 87.5066 76.1304 101.689 90.8353 101.77 63.9531 77.1298 88.058 75.0267 61.9297 41.1825 69.2892 95.7084 54.073 37.7359 75.8833 112.172 36.4005 44.6618 7.61577 20.2485 35.8053 56.0365 110.22 107.017 70.064 24.3516 39.3954 47.0106 72.4112 77.4232 111.174 55.8434 0.0 75.3402 46.3249 53.4603 87.0919 37.3363 81.5 87.0517 95.0842 61.1882 41.4849 92.266 25.0 86.0247 4.12311 41.1313 58.1378 50.04 18.0278 53.0377 101.203 86.7299 51.8929 54.0833 64.7611 75.1864 90.2525 98.9782 38.0789 102.93 109.174 90.0222 67.4463 76.2365 
27.72 60.5398 31.1896 48.2753 28.6815 46.349 35.4951 60.3671 54.2945 55.9674 44.9857 46.2353 29.7231 42.5435 44.7131 42.573 21.4018 46.3175 35.4951 56.8323 39.0036 43.7343 72.2915 55.2771 39.9523 31.2132 54.8803 51.6773 24.4222 63.8626 69.6657 59.2544 17.0711 22.083 62.7754 40.2655 75.3402 0.0 49.1152 59.0918 63.0754 67.0088 33.7065 63.8166 74.3823 52.0476 63.9351 36.9258 82.0944 32.8035 77.2088 36.4197 48.833 34.0 87.7197 50.1123 90.1178 43.2866 35.2389 55.1774 68.4637 74.2753 34.8395 66.0803 62.6308 47.5899 53.8337 69.5606 49.4081 54.9865 
39.5421 87.2356 60.3048 77.3905 37.1618 73.0448 64.6103 89.4823 18.0 30.8058 74.1009 29.6816 23.0868 12.7279 23.8537 56.4358 31.6228 15.8114 34.4093 85.6142 31.3963 50.3904 48.1664 34.5254 29.8031 43.4837 81.5761 77.1298 32.28 22.2036 65.9446 10.198 46.1863 51.1983 89.4713 54.6036 46.3249 49.1152 0.0 69.1322 89.2092 62.7966 62.8218 89.5706 98.9099 15.0333 63.4661 62.9682 65.123 48.8467 50.01 24.1661 63.0164 63.3159 63.7887 61.3976 110.347 72.4018 36.8459 66.1342 81.0876 89.4406 59.439 95.1955 60.1709 73.5459 80.5296 93.5441 21.1896 78.3838 
32.9848 66.8431 46.2341 40.3113 67.4759 61.6965 49.6428 53.8238 81.7955 89.1572 41.1096 81.2712 62.2977 61.5213 77.6209 80.3057 43.6807 65.2954 73.3485 62.0081 40.0687 18.868 46.1736 40.2492 41.7106 28.6356 68.5548 78.1053 61.9839 54.1102 19.2354 76.2301 42.0476 44.7214 67.3573 19.0263 53.4603 59.0918 69.1322 0.0 35.7351 18.9737 42.65 35.4401 42.107 78.7655 13.6015 66.1843 40.1622 71.0634 52.0865 47.4196 12.083 5.83095 53.1507 9.0 48.0833 39.8246 32.7567 4.12311 12.8062 22.8254 66.9403 49.2443 16.1245 74.4121 65.7976 37.3363 80.0562 26.4197 
50.3773 41.7732 35.3553 17.72 70.0 44.911 35.2375 22.3607 97.3699 99.0232 21.1896 89.1964 72.7985 81.8561 87.7885 74.0992 61.0104 85.6302 77.6209 38.2099 68.288 44.3069 80.3057 71.3132 69.2367 46.0176 46.1736 59.0085 67.2681 85.3443 54.7814 99.5199 48.3836 42.0119 41.2311 34.8998 87.0919 63.0754 89.2092 35.7351 0.0 54.7083 31.3847 1.0 11.3137 95.123 49.3356 55.3351 75.8947 67.5352 86.3713 67.865 29.0 37.4833 88.7694 34.0588 27.7308 21.9317 54.9701 33.7343 30.6105 26.0768 57.0474 14.2127 51.6624 56.1427 44.0454 6.7082 92.4835 11.1803 
39.2938 84.2858 59.9151 58.0453 73.6817 86.7709 65.2052 72.2011 80.0662 89.627 58.5967 83.3847 65.0308 59.0432 78.7718 89.5818 48.3735 47.905 78.1025 79.4449 35.5106 23.4094 29.7321 30.0 36.8782 36.0555 88.5586 92.297 67.3647 45.0 3.16228 68.9638 64.0798 56.356 84.828 31.4006 37.3363 67.0088 62.7966 18.9737 54.7083 0.0 59.375 54.4059 60.6712 76.9317 5.38516 78.7718 21.1896 79.8123 35.171 42.7551 28.6007 18.6011 34.3657 23.4307 64.4981 57.2686 34.0147 21.4709 28.0713 38.3275 78.721 68.1542 4.47214 88.0931 85.7521 56.0892 79.8311 45.1885 
34.3564 28.6008 4.12311 14.8661 38.9487 31.7954 7.2111 26.9258 68.0 68.884 11.4018 58.7963 43.4166 56.25 58.0086 43.4166 35.1083 60.0241 46.6905 23.6011 52.2671 37.0623 75.1339 68.5407 53.2158 29.9967 29.2074 38.5261 37.0135 77.1261 61.4008 72.961 20.3961 11.6619 29.6982 28.1869 81.5 33.7065 62.8218 42.65 31.3847 59.375 0.0 32.249 42.4382 65.7419 55.0729 25.0799 77.3732 36.2491 81.2007 50.1262 31.634 42.6021 86.7691 37.7944 59.0593 9.89949 40.0719 38.9767 46.6905 49.0408 27.074 32.45 54.9344 33.1176 26.4009 38.0789 62.9682 25.4951 
50.4809 42.7551 36.2353 18.6815 70.8025 45.8912 36.166 23.2594 98.1111 99.7644 22.1359 89.9389 73.5397 81.9597 88.5297 75.0276 61.114 85.7338 78.4092 39.2046 68.3916 44.4105 80.2247 71.3228 69.3403 46.1212 47.1699 60.0083 68.0147 85.3539 54.4243 99.6235 49.1248 42.8019 42.2019 35.0034 87.0517 63.8166 89.5706 35.4401 1.0 54.4059 32.249 0.0 10.6301 95.8642 49.0408 56.313 75.5844 68.4251 86.2844 67.9686 29.0172 37.3363 88.5268 34.0147 26.8328 22.8473 55.0737 33.541 30.0 25.2389 57.9759 14.8661 51.4198 57.1402 45.0444 5.83095 93.2247 11.4018 
59.8202 49.0 46.3249 28.178 81.2158 54.7083 45.9074 28.0713 108.677 110.33 31.7648 100.499 84.1054 91.299 99.0954 84.769 70.4533 95.0731 88.8651 46.1736 77.731 53.6004 88.0057 79.8442 78.6797 55.4606 54.1479 67.6018 78.5684 93.8753 60.208 108.963 59.6905 53.2635 48.0416 44.3428 95.0842 74.3823 98.9099 42.107 11.3137 60.6712 42.4382 10.6301 0.0 106.43 55.4437 65.1461 81.5843 78.3901 94.0 77.3079 37.855 45.0444 95.0368 42.4264 17.4642 32.7567 64.413 41.0122 33.8378 26.0768 67.7173 17.2627 58.2151 65.1153 52.345 5.38516 103.79 21.4709 
48.1041 85.6659 63.1585 80.3229 33.0 71.4751 67.0671 92.3997 3.16228 16.1555 77.0333 18.0278 22.4722 25.2982 13.0 49.7293 38.2884 29.1204 27.4591 84.0444 41.6739 60.0236 63.1981 49.2544 40.0807 52.4023 80.0064 74.0608 30.5941 37.2156 80.0842 17.0294 49.1187 54.1295 87.9016 63.7809 61.1882 52.0476 15.0333 78.7655 95.123 76.9317 65.7419 95.8642 106.43 0.0 76.4439 61.131 80.0562 44.1814 64.9384 34.4384 72.4707 72.9491 78.7718 71.0282 119.331 75.3342 46.4792 75.7674 90.7209 99.0202 57.0351 98.1279 73.6052 71.0 78.9598 101.608 7.81025 87.331 
36.3456 79.0487 55.613 52.8015 71.1758 82.4688 60.9031 66.888 79.5784 88.8182 53.3595 82.0743 63.3877 58.5554 77.7953 86.5081 46.0109 62.3295 76.0066 74.2077 34.7851 20.2237 33.9559 31.8277 36.4005 32.7567 80.7543 87.9949 65.0308 46.6905 6.40312 69.8928 61.0062 52.3927 79.5909 26.9258 41.4849 63.9351 63.4661 13.6015 49.3356 5.38516 55.0729 49.0408 55.4437 76.4439 0.0 74.686 26.5707 76.7387 39.6232 42.0602 23.4307 13.4536 39.6232 18.3848 59.8415 52.0314 32.249 16.1245 23.3452 33.7343 74.8465 62.7694 3.60555 83.791 77.9971 50.8035 79.1359 39.8121 
44.6459 24.5967 21.2132 37.6876 28.2843 10.4424 19.105 40.6056 62.3939 58.1893 34.4193 48.0833 40.1995 57.923 49.8197 21.4009 38.3276 61.6971 35.171 23.0117 55.9294 55.8202 89.2173 72.2029 56.7587 48.6611 18.9737 14.7648 31.0644 75.4736 80.9506 72.5603 30.4138 22.4722 26.8328 47.927 92.266 36.9258 62.9682 66.1843 55.3351 78.7718 25.0799 56.313 65.1461 61.131 74.686 0.0 96.1777 18.7883 94.1346 53.3385 54.3332 62.3939 104.646 57.5889 82.5663 32.4595 52.1647 62.062 71.7008 74.0 4.47214 50.5754 74.3034 10.7703 17.8885 61.8564 55.7315 50.0899 
54.5004 105.95 77.9132 78.7968 85.44 103.955 83.2033 93.0591 83.0963 95.0474 79.3482 90.8208 74.2159 56.2228 85.4751 103.478 61.2195 52.2398 88.3233 100.95 44.2719 40.3113 18.7883 31.0644 44.643 52.0497 106.557 109.69 78.7718 43.566 21.3776 68.4471 79.1655 73.6169 105.58 50.448 25.0 82.0944 65.123 40.1622 75.8947 21.1896 77.3732 75.5844 81.5843 80.0562 26.5707 96.1777 0.0 93.6773 21.2603 50.448 49.2443 39.3573 14.1421 43.909 84.006 78.0201 59.0711 42.5441 48.2597 58.0345 96.0425 89.3197 24.5967 105.486 103.75 77.1298 85.0529 66.3099 
40.5216 43.382 32.2025 50.2494 11.7047 29.2118 33.0151 59.375 45.0111 39.5601 46.6476 29.6142 25.9422 46.0894 32.0156 9.84886 32.6497 49.8635 17.0294 41.7811 49.93 56.5378 83.0292 65.8928 50.2195 44.0167 37.6962 30.0167 17.2047 63.64 82.4692 57.5674 29.4279 27.4591 45.618 52.0384 86.0247 32.8035 48.8467 71.0634 67.5352 79.8123 36.2491 68.4251 78.3901 44.1814 76.7387 18.7883 93.6773 0.0 87.8218 45.4533 60.0333 66.2722 98.737 62.0725 95.2575 45.6508 47.4236 67.0298 79.3095 83.7437 14.3178 67.0129 75.4343 27.2947 36.6742 74.2428 38.0132 61.3514 
57.1308 109.778 81.7408 87.2073 78.6488 103.558 87.0309 101.471 67.7422 80.8084 87.7587 78.4347 65.0333 44.2832 72.7324 97.5055 55.8659 40.7063 78.9869 104.778 38.2099 44.3625 6.08276 21.9317 37.6023 55.7372 112.089 108.886 71.9418 27.8927 37.0 51.0 74.2798 79.2918 110.875 55.544 4.12311 77.2088 50.01 52.0865 86.3713 35.171 81.2007 86.2844 94.0 64.9384 39.6232 94.1346 21.2603 87.8218 0.0 42.9284 57.5587 49.0408 14.0 52.345 99.4636 86.4306 53.7615 53.0094 62.9682 73.3485 92.0482 98.4784 36.3456 104.799 111.042 89.0225 71.0634 75.6637 
18.4391 76.9595 47.6093 64.2107 35.8469 62.7687 51.9148 77.7123 37.5766 46.8722 61.2147 41.0 23.7697 16.5552 36.1248 55.0 15.2315 20.3293 37.9473 73.252 7.28011 28.6778 38.1358 20.9995 6.0 21.9547 71.3 68.0955 29.1548 29.5809 45.8912 34.219 33.4908 38.5027 79.1951 32.9017 41.1313 36.4197 24.1661 47.4196 67.865 42.7551 50.1262 67.9686 77.3079 34.4384 42.0602 53.3385 50.448 45.4533 42.9284 0.0 41.3038 41.6033 53.8909 39.685 88.6712 59.3424 15.1333 44.4216 59.375 67.728 51.0392 78.88 39.2938 64.0096 70.2534 71.9421 37.108 56.7818 
24.6982 55.8332 35.218 29.5926 57.5145 50.6804 38.6267 43.8292 75.4321 81.4927 30.144 72.984 54.1377 55.4055 69.8367 69.029 35.3599 59.1796 64.3281 50.9922 41.7268 15.8114 51.4782 42.3132 42.6755 20.2485 57.5388 67.0893 53.0027 56.3443 29.7321 73.0693 31.7805 33.1361 56.3754 8.94427 58.1378 48.833 63.0164 12.083 29.0 28.6007 31.634 29.0172 37.855 72.4707 23.4307 54.3332 49.2443 60.0333 57.5587 41.3038 0.0 10.0 61.0983 5.38516 48.0208 28.8159 27.8029 8.06226 19.6469 26.6271 55.112 41.0 24.6982 63.396 54.7815 32.5576 72.9452 18.1108 
27.4591 65.7123 43.1422 39.4718 62.2013 69.9979 48.4323 53.7122 75.9792 83.3847 40.0232 75.5844 56.6127 55.705 71.8679 75.6637 38.0789 59.479 67.897 60.8714 42.0263 13.0384 43.0116 35.4683 36.771 23.1948 67.418 75.5241 56.5685 49.1706 19.799 71.2906 37.0135 40.5216 66.2545 14.5602 50.04 34.0 63.3159 5.83095 37.4833 18.6011 42.6021 37.3363 45.0444 72.9491 13.4536 62.3939 39.3573 66.2722 49.0408 41.6033 10.0 0.0 51.5461 5.0 52.5547 38.6951 26.9258 4.12311 18.3848 28.0179 62.9365 50.2892 14.7648 71.3202 64.6607 40.0 74.2496 27.2029 
63.7563 115.048 87.3092 90.6905 89.6112 113.517 92.5993 104.954 81.6149 94.541 91.2419 91.7606 77.6055 57.2451 86.1278 108.453 66.4209 53.4883 91.8277 110.049 48.8262 49.93 16.1555 33.121 48.5489 61.3056 115.953 119.043 82.9043 41.5933 35.0571 65.0 84.7908 82.9697 116.146 60.9016 18.0278 87.7197 63.7887 53.1507 88.7694 34.3657 86.7691 88.5268 95.0368 78.7718 39.6232 104.646 14.1421 98.737 14.0 53.8909 61.0983 51.5461 0.0 55.7136 98.0459 89.9138 64.2725 55.0818 62.0725 72.0 102.559 101.833 37.108 114.839 113.146 90.4268 84.7231 78.7464 
24.3516 61.2183 38.3345 34.9778 58.5754 65.1903 44.0119 49.2411 74.0608 80.9568 35.5292 72.8011 53.8516 53.7867 69.3542 71.3442 35.1141 57.5608 64.5368 56.3773 40.1081 12.2066 46.2709 37.424 41.0568 19.9249 62.9239 70.7164 53.1507 51.4551 24.7588 71.4505 33.0606 35.9026 61.7605 10.0499 53.0377 50.1123 61.3976 9.0 34.0588 23.4307 37.7944 34.0147 42.4264 71.0282 18.3848 57.5889 43.909 62.0725 52.345 39.685 5.38516 5.0 55.7136 0.0 51.4296 34.2011 25.4951 5.09902 19.7231 28.2843 58.2409 46.3249 19.4165 66.5125 60.1667 37.2156 72.0694 23.3452 
71.2941 66.1211 63.0635 45.31 97.3499 72.1249 62.9422 45.0444 122.24 126.085 48.8467 116.353 99.8408 102.736 114.831 101.804 81.9272 106.51 104.862 63.5059 89.0943 63.5295 93.7443 88.0227 90.043 66.9344 71.4493 85.0 94.3164 102.054 63.1981 120.399 75.426 69.3397 65.0308 55.8032 101.203 90.1178 110.347 48.0833 27.7308 64.4981 59.0593 26.8328 17.4642 119.331 59.8415 82.5663 84.006 95.2575 99.4636 88.6712 48.0208 52.5547 98.0459 51.4296 0.0 49.6588 75.7166 48.4665 36.4966 26.1725 84.7521 34.0147 63.1506 82.5651 69.7209 21.0238 119.526 35.4683 
42.4496 27.0185 13.6015 5.0 48.8365 24.0 13.3629 19.0 77.5811 78.7464 2.0 68.6804 53.0 65.8301 67.8012 52.2015 44.6884 69.6042 56.5862 22.2036 60.3603 43.6545 80.3638 70.8153 61.309 38.0899 29.0689 39.8121 46.8615 85.2193 58.2589 82.5411 29.1548 21.4009 27.5862 34.2474 86.7299 43.2866 72.4018 39.8246 21.9317 57.2686 9.89949 22.8473 32.7567 75.3342 52.0314 32.4595 78.0201 45.6508 86.4306 59.3424 28.8159 38.6951 89.9138 34.2011 49.6588 0.0 48.1651 36.1587 41.7852 42.2966 35.1728 22.8254 53.4474 36.3456 26.4008 28.6356 72.6705 18.1108 
9.84886 68.6489 40.612 53.0334 40.025 61.5879 45.9021 66.535 49.5093 57.0511 50.0374 49.8262 31.1448 29.235 45.6716 57.2713 14.8661 33.0091 44.1022 63.6491 15.5563 13.8924 48.8443 31.8299 16.505 11.0 69.2555 66.9162 33.541 40.4153 37.0 46.8988 32.3099 36.2723 69.7462 20.1246 51.8929 35.2389 36.8459 32.7567 54.9701 34.0147 40.0719 55.0737 64.413 46.4792 32.249 52.1647 59.0711 47.4236 53.7615 15.1333 27.8029 26.9258 64.2725 25.4951 75.7166 48.1651 0.0 30.0 45.0 53.7587 50.0783 67.7028 30.0167 62.8288 66.449 59.0471 47.7896 43.8869 
29.4109 63.1759 42.8076 36.8782 63.6741 58.0232 45.9695 50.774 78.7975 85.9069 37.4833 77.8332 58.8727 58.5233 74.3236 76.2365 40.1622 62.2973 69.6348 58.3349 44.8446 16.2788 47.0 39.5617 45.7933 25.0 64.8815 74.432 58.2495 53.2636 22.2036 76.1871 38.1182 40.6079 63.7024 15.0 54.0833 55.1774 66.1342 4.12311 33.7343 21.4709 38.9767 33.541 41.0122 75.7674 16.1245 62.062 42.5441 67.0298 53.0094 44.4216 8.06226 4.12311 55.0818 5.09902 48.4665 36.1587 30.0 0.0 15.0 24.2074 62.8172 46.8188 18.0278 70.7388 62.1243 36.0139 76.9415 23.7697 
43.8634 68.0 50.4876 40.7063 77.1452 64.9189 53.3667 51.7397 93.751 100.623 42.5441 92.3093 73.4098 73.4767 89.0 88.0511 54.626 77.2508 83.7384 63.5059 59.798 31.241 57.2713 52.8394 54.4534 39.3954 70.7743 81.3204 72.3465 66.853 27.0185 88.9729 51.4198 52.0384 68.0955 28.4605 64.7611 68.4637 81.0876 12.8062 30.6105 28.0713 46.6905 30.0 33.8378 90.7209 23.3452 71.7008 48.2597 79.3095 62.9682 59.375 19.6469 18.3848 62.0725 19.7231 36.4966 41.7852 45.0 15.0 0.0 10.4403 73.2462 44.8219 26.6833 77.6345 68.1542 29.9666 91.7878 24.6982 
51.3128 66.7308 53.0848 40.025 82.921 66.1891 55.0364 48.3735 102.005 108.088 42.5793 99.5795 80.7332 81.8297 96.4322 91.9239 61.9554 85.6038 89.7704 62.6418 68.151 40.3609 67.6831 63.0635 69.0997 46.8722 70.342 82.0366 78.6975 76.9241 37.054 99.4935 57.3847 56.3107 66.4831 35.5106 75.1864 74.2753 89.4406 22.8254 26.0768 38.3275 49.0408 25.2389 26.0768 99.0202 33.7343 74.0 58.0345 83.7437 73.3485 67.728 26.6271 28.0179 72.0 28.2843 26.1725 42.2966 53.7587 24.2074 10.4403 0.0 76.1052 39.8246 37.108 78.6384 67.9117 23.3452 99.5691 24.1868 
42.5595 29.0689 23.0217 39.5546 24.0832 14.8959 21.8403 45.0591 58.2151 53.7587 35.9549 43.6807 36.4966 54.8011 45.5412 17.4929 36.2353 58.5751 30.8058 27.4652 53.8431 55.6849 87.131 70.1166 54.6717 48.5258 23.4094 17.72 27.2947 72.3516 81.0247 68.884 29.2062 22.4722 31.305 48.3839 90.2525 34.8395 59.439 66.9403 57.0474 78.721 27.074 57.9759 67.7173 57.0351 74.8465 4.47214 96.0425 14.3178 92.0482 51.0392 55.112 62.9365 102.559 58.2409 84.7521 35.1728 50.0783 62.8172 73.2462 76.1052 0.0 55.0289 74.2496 14.1421 22.3607 63.7395 51.4782 52.469 
61.9873 32.1403 35.609 17.8885 70.8753 40.3113 34.5081 11.0454 100.375 101.213 21.095 91.0494 75.8024 88.6238 90.4434 71.4963 67.4821 92.3978 78.6747 29.8329 79.898 55.9169 92.3959 83.0777 80.8467 57.6276 37.6563 51.4198 69.4046 104.757 68.4471 105.335 51.8941 44.1022 31.0161 46.5098 98.9782 66.0803 95.1955 49.2443 14.2127 68.1542 32.45 14.8661 17.2627 98.1279 62.7694 50.5754 89.3197 67.0129 98.4784 78.88 41.0 50.2892 101.833 46.3249 34.0147 22.8254 67.7028 46.8188 44.8219 39.8246 55.0289 0.0 64.846 49.3356 36.1386 17.0 95.4149 23.0868 
34.9285 80.4647 55.4745 54.2241 69.4622 82.3303 60.7646 68.4763 76.7396 86.122 54.7755 79.636 61.1372 55.7166 75.1332 85.2038 44.1814 59.4907 74.027 75.6237 32.0156 18.9737 30.5941 28.2843 33.5261 31.6228 84.118 87.8564 63.1981 43.1856 7.07107 66.5733 59.7019 51.8845 81.0069 27.0185 38.0789 62.6308 60.1709 16.1245 51.6624 4.47214 54.9344 51.4198 58.2151 73.6052 3.60555 74.3034 24.5967 75.4343 36.3456 39.2938 24.6982 14.7648 37.108 19.4165 63.1506 53.4474 30.0167 18.0278 26.6833 37.108 74.2496 64.846 0.0 83.549 81.3115 53.4603 76.4003 41.7852 
62.4263 19.2094 29.4829 39.0128 38.0 13.0 35.9156 38.6264 72.0625 66.7083 36.1248 56.8859 50.636 68.6672 59.2115 26.4197 48.9916 72.4412 44.2832 19.6977 66.5935 65.215 99.8814 82.867 67.4228 58.0666 12.8062 4.24264 41.4367 86.2177 90.1189 83.0241 40.6179 32.0331 21.2603 56.9049 102.93 47.5899 73.5459 74.4121 56.1427 88.0931 33.1176 57.1402 65.1153 71.0 83.791 10.7703 105.486 27.2947 104.799 64.0096 63.396 71.3202 114.839 66.5125 82.5651 36.3456 62.8288 70.7388 77.6345 78.6384 14.1421 49.3356 83.549 0.0 13.4164 62.3939 65.192 54.4518 
60.7335 6.7082 28.612 27.8927 46.1655 11.0 27.4837 25.2982 80.2553 76.1163 25.632 66.0093 57.8693 75.2816 67.7176 38.2884 55.2355 79.0557 53.0924 6.32456 72.8373 63.4393 101.511 89.1108 73.786 56.3738 2.82843 15.2971 48.7795 97.6963 84.2245 90.1903 46.7804 37.5564 8.94427 54.564 109.174 53.8337 80.5296 65.7976 44.0454 85.7521 26.4009 45.0444 52.345 78.9598 77.9971 17.8885 103.75 36.6742 111.042 70.2534 54.7815 64.6607 113.146 60.1667 69.7209 26.4008 66.449 62.1243 68.1542 67.9117 22.3607 36.1386 81.3115 13.4164 0.0 50.01 73.6206 43.9659 
54.4544 47.2652 42.0595 24.3516 76.6094 51.4198 41.9297 26.9258 103.855 105.528 27.8568 95.6833 79.2837 85.9332 94.2738 80.7913 65.0874 89.7073 84.2021 44.0114 72.3651 48.2701 83.006 74.6395 73.3138 50.0947 52.0096 65.123 73.7564 88.6706 55.7853 103.597 54.8688 48.6004 46.5296 38.9769 90.0222 69.5606 93.5441 37.3363 6.7082 56.0892 38.0789 5.83095 5.38516 101.608 50.8035 61.8564 77.1298 74.2428 89.0225 71.9421 32.5576 40.0 90.4268 37.2156 21.0238 28.6356 59.0471 36.0139 29.9666 23.3452 63.7395 17.0 53.4603 62.3939 50.01 0.0 98.9688 16.1245 
48.2597 80.3267 60.0333 77.666 27.4591 66.1359 63.5059 89.3669 7.28011 10.0 74.3303 10.2956 19.8494 29.0689 6.0 42.7551 37.8021 33.0606 21.0 78.7052 44.3847 61.3341 68.884 54.0093 42.9535 52.6972 74.6671 68.0294 26.4008 43.1741 82.9759 24.7588 46.4792 51.3128 82.5623 64.0703 67.4463 49.4081 21.1896 80.0562 92.4835 79.8311 62.9682 93.2247 103.79 7.81025 79.1359 55.7315 85.0529 38.0132 71.0634 37.108 72.9452 74.2496 84.7231 72.0694 119.526 72.6705 47.7896 76.9415 91.7878 99.5691 51.4782 95.4149 76.4003 65.192 73.6206 98.9688 0.0 84.3946 
