NAME  : Jabali_70_2_0.90_1_4
TYPE : SVRP
MODEL : FINITE_SUPPORT
NUMBER_OF_SCENARIOS : 200
DIMENSION : 70
EDGE_WEIGHT_TYPE : MATRIX
CAPACITY : 209
N_VEHICLES : 2
NODE_COORD_SECTION
1 4418 3940
2 27 5287
3 1613 4548
4 853 3972
5 3290 1948
6 5926 6733
7 3469 2384
8 6314 6812
9 6825 1038
10 603 5077
11 2977 4880
12 7907 1883
13 6538 1622
14 2560 1446
15 1477 4169
16 1998 2553
17 6529 3807
18 4538 5284
19 1406 4173
20 2084 390
21 7022 4133
22 871 595
23 6144 3201
24 4692 6811
25 7846 1343
26 1125 18
27 7098 5001
28 4138 1017
29 4256 753
30 7399 2638
31 1875 1396
32 2018 2349
33 6514 2685
34 1552 2088
35 5578 3056
36 5177 6790
37 6139 7566
38 3128 5419
39 5770 4477
40 1569 2309
41 2501 2452
42 6523 6735
43 429 2167
44 4478 2476
45 7559 1810
46 401 3109
47 2335 4277
48 1570 5630
49 3738 2811
50 453 2576
51 2505 2031
52 6360 7505
53 2518 316
54 7922 1612
55 3620 6099
56 660 2049
57 3151 3747
58 2850 6126
59 3509 6766
60 456 6532
61 4214 5200
62 5227 4498
63 1975 5671
64 4818 5517
65 4006 5574
66 1183 1706
67 2276 2304
68 3506 4154
69 1045 791
70 6409 2415
DEMAND_SECTION
1 0.0
2 10.0
3 4.0
4 4.0
5 9.0
6 5.0
7 4.0
8 5.0
9 4.0
10 4.0
11 7.0
12 4.0
13 4.0
14 6.0
15 5.0
16 9.0
17 5.0
18 3.0
19 6.0
20 3.0
21 8.0
22 10.0
23 9.0
24 8.0
25 8.0
26 1.0
27 2.0
28 4.0
29 5.0
30 4.0
31 5.0
32 1.0
33 4.0
34 10.0
35 9.0
36 1.0
37 5.0
38 3.0
39 3.0
40 7.0
41 5.0
42 3.0
43 8.0
44 8.0
45 4.0
46 10.0
47 2.0
48 9.0
49 8.0
50 9.0
51 8.0
52 4.0
53 9.0
54 4.0
55 2.0
56 4.0
57 2.0
58 7.0
59 10.0
60 4.0
61 7.0
62 8.0
63 1.0
64 1.0
65 8.0
66 2.0
67 5.0
68 8.0
69 6.0
70 3.0
DEVIATION_SECTION
1 0.0
2 3.33333
3 1.33333
4 1.33333
5 3.0
6 1.66667
7 1.33333
8 1.66667
9 1.33333
10 1.33333
11 2.33333
12 1.33333
13 1.33333
14 2.0
15 1.66667
16 3.0
17 1.66667
18 1.0
19 2.0
20 1.0
21 2.66667
22 3.33333
23 3.0
24 2.66667
25 2.66667
26 0.333333
27 0.666667
28 1.33333
29 1.66667
30 1.33333
31 1.66667
32 0.333333
33 1.33333
34 3.33333
35 3.0
36 0.333333
37 1.66667
38 1.0
39 1.0
40 2.33333
41 1.66667
42 1.0
43 2.66667
44 2.66667
45 1.33333
46 3.33333
47 0.666667
48 3.0
49 2.66667
50 3.0
51 2.66667
52 1.33333
53 3.0
54 1.33333
55 0.666667
56 1.33333
57 0.666667
58 2.33333
59 3.33333
60 1.33333
61 2.33333
62 2.66667
63 0.333333
64 0.333333
65 2.66667
66 0.666667
67 1.66667
68 2.66667
69 2.0
70 1.0
DISTANCE_MATRIX
0.0 61.9982 39.9437 50.7461 29.6205 46.0977 24.522 49.4975 52.6157 54.1218 22.5821 60.0973 44.9017 41.3595 44.0322 48.6888 32.9437 19.6977 44.0322 56.5273 40.077 65.7678 33.3839 40.4969 61.7822 68.8124 46.6172 39.4588 42.2966 51.5412 48.8545 50.2669 39.4987 56.3646 29.2812 42.0595 57.0088 25.2942 21.2302 54.2523 38.04 50.2494 66.7652 19.0263 56.3994 63.9565 32.4968 43.8517 19.3417 65.2042 37.606 57.4891 54.4513 61.283 31.0644 65.3938 26.9581 35.1715 40.05 63.4114 18.4391 18.1803 39.8271 23.3238 23.0868 63.4628 49.4915 19.464 63.1458 38.9352 
61.9982 0.0 23.8537 21.9545 62.7083 81.3941 64.1245 86.3713 107.821 8.06226 39.5601 116.311 100.811 61.327 26.9072 46.0652 86.6776 59.6825 26.9072 70.8308 93.811 63.0079 87.1179 65.9242 117.996 71.0282 92.3424 79.9922 82.9945 105.275 57.28 47.8539 95.7128 47.1275 85.4953 71.7008 87.8635 41.1947 74.6324 45.5412 50.774 88.278 41.0 70.5546 112.614 29.0689 32.8702 21.095 60.216 36.0139 54.5894 89.627 74.0405 117.497 49.163 43.0465 46.3573 39.4588 50.6952 17.4642 55.7315 71.9143 26.0768 63.3877 53.1507 49.6488 50.1199 49.6488 61.0737 95.1493 
39.9437 23.8537 0.0 10.8167 43.6728 64.5136 44.754 69.2604 85.2312 15.8114 18.1108 93.4876 77.9867 43.3105 5.0 28.0179 64.6231 39.2046 5.0 56.1427 71.7565 53.4883 65.0634 51.0 95.1725 60.7289 71.9541 61.1026 64.2179 83.2207 42.19 30.0167 72.889 32.5576 62.6715 55.9464 72.9178 22.8473 52.5836 30.4138 33.6367 70.8802 34.4093 47.7308 89.7897 24.0832 10.0463 15.0333 37.3921 29.8329 35.7359 74.3236 58.0086 94.6733 33.6155 34.9857 23.5334 26.8701 38.9487 31.7805 35.2278 49.8598 16.1555 43.4166 34.2053 37.9473 31.333 26.8328 50.9215 72.3255 
50.7461 21.9545 10.8167 0.0 40.7667 75.3361 42.1829 80.0906 95.7994 15.5242 29.0696 104.29 88.2193 39.5601 9.05539 24.1661 75.4255 50.1598 9.05539 50.2494 82.5588 45.1221 79.9814 61.7738 104.791 52.7731 82.9331 58.0506 61.0529 95.8132 36.3456 26.0 83.6913 26.1725 73.4738 66.7506 83.7208 33.6539 63.712 24.3311 28.8444 81.7188 24.5967 58.5331 100.592 13.4536 20.8487 23.2594 48.1945 19.7231 32.6497 85.1286 52.9528 105.476 44.4185 25.632 34.3358 37.5366 49.679 35.2278 46.1745 60.6621 25.807 54.3422 45.054 30.1496 28.178 37.6352 42.7551 83.1278 
29.6205 62.7083 43.6728 40.7667 0.0 74.5283 6.32456 77.4997 49.3964 55.8595 40.05 61.6604 44.1475 12.083 47.7613 18.0278 48.2986 49.1726 47.7613 26.9072 55.6402 37.0 39.8129 68.9061 61.8466 39.4462 65.194 17.4929 20.5913 55.0364 20.3961 17.0 43.1856 22.8035 33.3053 71.3152 85.6186 47.2652 48.5323 22.4722 12.0416 78.1056 37.3631 16.7631 57.7062 40.4969 34.2053 55.0818 12.53 38.0789 10.4403 85.9136 25.0 62.1691 56.5155 34.9285 24.0208 57.0789 65.307 73.2015 46.8995 45.4824 53.9658 52.528 50.0 28.0713 13.8924 29.1204 34.4819 42.0119 
46.0977 81.3941 64.5136 75.3361 74.5283 0.0 69.4298 5.0 77.0065 74.9667 47.0106 69.857 69.029 86.2673 68.6222 78.0915 40.05 27.8029 68.6222 101.435 36.2215 107.808 48.5839 16.2788 75.505 113.497 27.2029 82.8743 85.0438 57.8705 92.4281 79.6696 55.0364 85.7672 50.2892 10.198 11.1803 41.7612 32.573 83.655 76.6843 7.07107 96.1613 61.6875 69.0507 88.5465 59.9333 60.2993 64.2495 94.1881 81.7008 11.4018 99.3591 72.7805 32.249 94.7899 56.3608 42.0476 32.3883 74.4312 31.0644 43.0555 55.3263 23.4307 30.4631 92.8655 78.8942 48.8667 104.987 58.0775 
24.522 64.1245 44.754 42.1829 6.32456 69.4298 0.0 72.4013 50.1199 57.2756 34.0 60.8769 44.0114 17.0489 48.8425 19.8951 46.0334 43.7141 48.8425 32.5576 53.1668 41.4044 37.3395 62.5818 61.6847 44.467 62.7206 22.1359 25.2982 53.1507 24.4911 19.1087 41.0488 25.4558 30.832 65.3888 80.5201 41.1096 43.4338 24.8582 13.6766 72.8974 39.9358 14.0357 57.0088 42.3215 35.291 56.1657 6.40312 40.2982 13.2426 80.8151 31.0644 61.6847 50.2195 37.6193 18.0278 51.0098 59.0339 74.2827 40.5752 40.3839 48.7268 47.4295 43.6757 31.2612 15.9473 22.8035 38.7825 40.3113 
49.4975 86.3713 69.2604 80.0906 77.4997 5.0 72.4013 0.0 77.1038 79.9062 51.6236 68.884 69.3542 89.2388 73.3768 82.2315 40.6079 31.9061 73.3768 104.407 36.0139 111.948 49.482 21.2132 74.6726 117.637 26.1725 85.2605 87.1071 57.2189 96.5681 83.8096 55.4437 89.9072 52.2961 15.1327 10.0 46.5725 34.5892 87.795 80.8243 2.23607 100.227 64.6833 68.3593 93.301 64.4748 65.2763 67.2209 98.666 85.8408 9.21954 102.331 71.8471 37.2156 98.8556 60.5008 47.0425 37.3363 79.404 35.3553 46.0512 60.2993 27.4591 35.1141 97.0055 83.0342 53.0067 109.127 58.5491 
52.6157 107.821 85.2312 95.7994 49.3964 77.0065 50.1199 77.1038 0.0 99.761 75.0207 17.4929 8.544 58.4637 89.0856 67.1193 37.1214 64.2573 89.0856 66.0 41.1096 81.2219 30.0832 81.7863 14.3178 80.025 51.4782 37.1214 36.0 21.9317 67.4685 66.3099 22.2036 72.111 33.121 79.7863 87.0919 77.7328 47.2969 71.8679 60.9121 76.2365 86.6487 37.8021 14.2127 89.557 75.3033 95.3926 49.4065 87.4643 59.808 86.209 61.0328 16.1555 80.1138 84.119 61.7172 87.0871 88.3912 114.092 65.796 58.4782 92.8757 64.846 71.1758 76.6551 63.1585 62.9269 79.404 19.4165 
54.1218 8.06226 15.8114 15.5242 55.8595 74.9667 57.2756 79.9062 99.761 0.0 31.7805 108.252 92.7506 55.0273 19.105 39.5601 78.8012 52.2398 19.105 65.6201 85.9345 59.3043 79.2414 59.9083 109.936 67.1863 84.9923 73.1433 76.1456 97.3987 51.788 41.4367 87.6529 41.5933 77.4354 65.5134 82.0061 34.0 66.7616 39.8121 43.9435 81.7435 37.6563 62.4947 104.554 25.4951 24.8102 15.2315 52.1561 32.5576 47.927 83.678 68.4471 109.437 42.7551 39.3192 38.2974 33.5261 45.31 20.0 48.2597 64.0378 19.9249 56.0803 46.0 45.0111 43.4626 41.5933 57.1402 87.0894 
22.5821 39.5601 18.1108 29.0696 40.05 47.0106 34.0 51.6236 75.0207 31.7805 0.0 77.8401 67.3067 46.8402 22.3558 34.4819 47.2585 21.095 22.3558 62.0322 54.3918 63.8869 47.6987 34.8281 81.7179 69.9714 53.864 55.4437 58.5491 65.856 49.1935 36.2353 56.3009 41.7232 51.6862 39.1152 56.0803 7.61577 35.1141 39.5811 33.8378 53.1413 52.4318 37.8868 75.1741 42.28 13.0384 21.4009 29.2746 47.9217 38.8973 57.3062 62.3618 80.057 18.6011 50.8713 16.0312 17.0294 26.4008 41.1096 17.1172 32.4951 17.6918 25.318 16.5529 48.7866 35.8469 13.4164 61.0823 58.2518 
60.0973 116.311 93.4876 104.29 61.6604 69.857 60.8769 68.884 17.4929 108.252 77.8401 0.0 18.0278 72.111 97.5761 78.8031 33.2866 63.6161 97.5761 81.4985 34.176 96.0469 30.4795 77.9798 6.08276 95.6347 42.7551 52.345 51.788 12.53 81.1542 78.0167 22.2036 84.3445 36.8917 74.6726 78.7718 79.2523 45.3856 83.7437 72.5846 67.6018 98.8433 47.1275 4.0 101.229 83.5598 98.9926 58.5235 99.2061 72.0069 77.5242 76.7919 3.0 80.0092 96.5091 69.9736 87.8635 87.5438 118.375 66.0681 59.345 94.7832 63.2741 71.218 89.6772 74.8553 70.4085 94.0053 21.4709 
44.9017 100.811 77.9867 88.2193 44.1475 69.029 44.0114 69.3542 8.544 92.7506 67.3067 18.0278 0.0 54.231 82.0752 61.5328 29.0 55.7136 82.0752 63.5059 33.541 78.0256 21.587 73.3485 17.72 77.6466 44.1475 34.3657 33.9559 16.9706 63.2851 60.7289 14.0 66.9403 24.6982 71.4493 79.3095 69.8607 38.833 66.4831 55.3143 68.593 81.4923 30.8869 14.0357 83.9591 68.0588 87.6785 42.5441 81.9358 54.5711 78.5175 58.8558 18.1108 71.5891 79.0759 54.4727 78.5625 79.8499 107.153 57.2713 49.9535 85.1616 56.3205 62.6498 72.0069 57.5674 55.2128 76.0 11.0454 
41.3595 61.327 43.3105 39.5601 12.083 86.2673 17.0489 89.2388 58.4637 55.0273 46.8402 72.111 54.231 0.0 38.3345 15.5242 60.1666 60.3845 38.3345 15.8114 67.5081 25.0 51.6809 79.2522 71.7008 27.4591 77.0619 22.3607 24.6982 66.3702 9.05539 13.6015 54.7449 15.5563 45.1733 82.0592 98.3363 54.4059 60.2713 16.4012 13.1529 89.7349 29.1548 28.7924 68.1175 35.4683 38.0526 58.1378 23.4364 31.241 8.06226 97.6526 15.5242 72.3395 64.8311 26.4197 37.1317 63.561 73.0862 74.2159 57.2456 57.2215 58.0086 64.8389 60.3457 18.3848 12.0416 39.3769 22.561 53.3385 
44.0322 26.9072 5.0 9.05539 47.7613 68.6222 48.8425 73.3768 89.0856 19.105 22.3558 97.5761 82.0752 38.3345 0.0 23.0217 68.7116 43.446 0.0 51.1566 75.845 48.8467 73.2675 55.0893 99.261 55.9732 76.2192 65.1911 68.1711 89.0993 37.2156 25.02 76.9775 27.6586 66.76 60.0368 77.0069 26.9401 56.9981 25.4951 26.7131 75.005 30.4795 51.8192 93.8782 21.095 14.1348 20.025 41.4806 26.1725 30.7599 78.4148 53.0094 98.7618 37.7093 30.8058 27.6219 31.0834 43.1213 36.4005 39.4606 53.9483 20.8806 47.6283 38.3402 33.2415 26.357 30.9213 46.2385 76.414 
48.6888 46.0652 28.0179 24.1661 18.0278 78.0915 19.8951 82.2315 67.1193 39.5601 34.4819 78.8031 61.5328 15.5242 23.0217 0.0 64.741 50.3255 23.0217 28.4429 71.8743 29.7321 56.0471 68.1175 79.2528 35.5106 81.4282 34.6554 37.5366 71.6614 14.8661 2.0 59.6638 8.06226 49.5395 71.5404 88.0909 42.0595 61.6547 6.32456 6.32456 83.4281 21.0 32.7697 74.8808 22.4722 23.7697 43.0 26.2826 20.6155 8.60233 89.1426 30.0 79.4412 53.0 19.105 25.6283 50.3289 60.8276 58.6941 47.0227 58.6049 43.309 54.7799 48.9183 15.2643 4.24264 31.0781 26.9072 58.699 
32.9437 86.6776 64.6231 75.4255 48.2986 40.05 46.0334 40.6079 37.1214 78.8012 47.2585 33.2866 29.0 60.1666 68.7116 64.741 0.0 32.5732 68.7116 73.3406 7.2111 85.1654 9.43398 48.5164 38.0132 86.8816 17.2047 48.0833 49.5782 20.8087 68.6947 63.9546 15.0 70.3017 15.2643 42.8417 50.4876 48.6156 14.3426 69.704 58.5225 40.025 91.4446 31.8035 31.305 88.6359 57.1762 68.411 42.9366 89.8836 58.0885 49.8197 69.9734 35.8469 48.9662 82.4652 51.6375 56.921 56.5008 87.7936 35.0527 28.7634 64.2015 32.2312 40.1758 76.107 60.7932 44.1434 82.7118 18.0278 
19.6977 59.6825 39.2046 50.1598 49.1726 27.8029 43.7141 31.9061 64.2573 52.2398 21.095 63.6161 55.7136 60.3845 43.446 50.3255 32.5732 0.0 43.446 75.8978 39.7065 80.0425 34.4384 20.8806 67.9559 85.731 32.8114 58.6941 61.3922 51.3426 64.6621 51.9036 42.9418 58.0012 31.7805 22.4722 38.1838 18.6815 18.4391 55.889 48.9183 33.121 68.365 37.6563 61.2944 63.3702 33.2415 39.5601 38.8938 66.8039 53.9348 38.9487 74.5041 66.0303 16.4012 66.9936 28.5948 25.0 24.1661 57.6975 4.0 20.1529 34.7851 4.47214 7.81025 65.0995 51.1282 21.1007 77.221 45.1885 
44.0322 26.9072 5.0 9.05539 47.7613 68.6222 48.8425 73.3768 89.0856 19.105 22.3558 97.5761 82.0752 38.3345 0.0 23.0217 68.7116 43.446 0.0 51.1566 75.845 48.8467 73.2675 55.0893 99.261 55.9732 76.2192 65.1911 68.1711 89.0993 37.2156 25.02 76.9775 27.6586 66.76 60.0368 77.0069 26.9401 56.9981 25.4951 26.7131 75.005 30.4795 51.8192 93.8782 21.095 14.1348 20.025 41.4806 26.1725 30.7599 78.4148 53.0094 98.7618 37.7093 30.8058 27.6219 31.0834 43.1213 36.4005 39.4606 53.9483 20.8806 47.6283 38.3402 33.2415 26.357 30.9213 46.2385 76.414 
56.5273 70.8308 56.1427 50.2494 26.9072 101.435 32.5576 104.407 66.0 65.6201 62.0322 81.4985 63.5059 15.8114 51.1566 28.4429 73.3406 75.8978 51.1566 0.0 80.5371 16.1555 64.846 94.5087 80.0562 14.1421 90.236 29.1548 30.0 77.6209 14.0 26.4764 66.7308 24.0832 58.3474 97.5725 112.525 69.6419 75.4391 26.0192 28.2312 104.903 32.249 42.72 77.5242 42.3792 52.1728 71.1758 38.9498 36.2491 23.2594 112.82 5.38516 81.2219 80.1517 29.5296 52.4523 78.4474 88.3912 85.4751 72.7589 72.3892 71.751 80.3523 75.7539 21.5407 26.2488 54.8903 15.2643 64.846 
40.077 93.811 71.7565 82.5588 55.6402 36.2215 53.1668 36.0139 41.1096 85.9345 54.3918 34.176 33.541 67.5081 75.845 71.8743 7.2111 39.7065 75.845 80.5371 0.0 92.5069 16.2788 43.8492 39.5601 94.2231 10.7703 55.1725 56.5862 21.8403 76.0362 71.0879 19.9249 77.4351 22.4722 40.4969 46.0109 55.7489 21.476 76.8374 65.6559 35.1283 98.578 39.1451 32.9848 95.7692 64.3095 75.5443 50.0699 97.017 65.2219 45.0999 77.1699 37.0 50.9904 89.5985 58.7709 64.0544 55.8519 94.927 42.1861 35.8967 71.3349 34.1767 47.3091 83.2404 67.9266 51.2768 90.0533 23.0868 
65.7678 63.0079 53.4883 45.1221 37.0 107.808 41.4044 111.948 81.2219 59.3043 63.8869 96.0469 78.0256 25.0 48.8467 29.7321 85.1654 80.0425 48.8467 16.1555 92.5069 0.0 76.6797 97.8366 95.0474 8.06226 102.061 44.1022 45.3982 91.0824 17.0 28.2843 79.6241 22.2036 70.1721 101.257 117.994 71.4209 84.6796 24.4131 32.8024 113.145 22.0227 53.7587 92.0489 34.0147 52.8868 68.0074 47.792 27.0 29.1548 118.86 21.5407 96.0 82.465 20.025 55.3453 79.9132 90.1517 79.2275 76.7397 81.6297 69.6419 84.4969 78.6448 15.6525 29.8329 60.7951 2.82843 78.0897 
33.3839 87.1179 65.0634 79.9814 39.8129 48.5839 37.3395 49.482 30.0832 79.2414 47.6987 30.4795 21.587 51.6809 73.2675 56.0471 9.43398 34.4384 73.2675 64.846 16.2788 76.6797 0.0 51.788 34.0588 78.3959 26.6271 38.9487 40.3113 19.2354 60.209 55.2607 8.60233 61.6078 8.0 50.0899 59.2513 49.1109 17.2627 61.0102 49.8286 49.0408 76.0878 23.3178 27.5862 78.4735 57.6164 68.8512 34.2427 76.4501 49.3946 58.7 61.4003 32.5269 50.6063 73.7713 45.665 57.8126 58.6003 88.2339 36.3593 29.2036 64.6418 34.7851 41.6773 67.4131 52.0993 44.5837 74.2261 10.7703 
40.4969 65.9242 51.0 61.7738 68.9061 16.2788 62.5818 21.2132 81.7863 59.9083 34.8281 77.9798 73.3485 79.2522 55.0893 68.1175 48.5164 20.8806 55.0893 94.5087 43.8492 97.8366 51.788 0.0 83.2324 103.526 37.6431 79.555 82.2253 65.5454 82.457 69.6986 59.6657 75.743 51.0098 6.08276 22.1359 28.3019 34.5254 73.6019 66.7133 23.3452 85.1653 58.4637 76.5841 75.0136 47.8017 44.911 56.6447 80.6552 71.7297 23.7697 93.3718 80.765 17.4642 84.8921 47.2017 26.4764 16.1245 58.2151 22.3607 40.2415 40.025 18.1108 19.2094 82.8074 68.9231 39.9625 95.0158 62.3699 
61.7822 117.996 95.1725 104.791 61.8466 75.505 61.6847 74.6726 14.3178 109.936 81.7179 6.08276 17.72 71.7008 99.261 79.2528 38.0132 67.9559 99.261 80.0562 39.5601 95.0474 34.0588 83.2324 0.0 94.1329 48.5077 51.0 50.0899 17.72 80.7527 78.4474 25.4951 84.6463 39.6989 80.0062 84.5931 83.13 49.7679 84.2021 73.0343 73.437 99.2018 48.3322 6.7082 101.679 85.2446 104.559 59.9333 99.6558 72.2772 83.3847 75.1665 3.16228 84.3149 96.7729 71.6585 91.8314 91.9239 122.253 70.214 63.2228 98.661 67.6564 75.452 89.627 75.2861 72.0934 93.1343 24.0832 
68.8124 71.0282 60.7289 52.7731 39.4462 113.497 44.467 117.637 80.025 67.1863 69.9714 95.6347 77.6466 27.4591 55.9732 35.5106 86.8816 85.731 55.9732 14.1421 94.2231 8.06226 78.3959 103.526 94.1329 0.0 103.777 43.2897 44.0454 91.6788 21.2603 33.8378 80.6536 28.6356 71.8883 107.406 123.683 77.5242 87.7242 30.8707 37.5366 117.188 30.0666 55.9017 91.6624 42.0 58.9928 75.4321 50.8545 35.0143 33.2415 124.548 19.0 95.3362 88.5099 28.0 61.0338 85.6213 96.2577 87.1436 82.592 84.6743 76.844 90.1854 84.3355 22.8035 34.8281 66.4836 10.0499 78.848 
46.6172 92.3424 71.9541 82.9331 65.194 27.2029 62.7206 26.1725 51.4782 84.9923 53.864 42.7551 44.1475 77.0619 76.2192 81.4282 17.2047 32.8114 76.2192 90.236 10.7703 102.061 26.6271 37.6431 48.5077 103.777 0.0 65.1264 66.7083 31.0644 85.59 80.6417 30.6757 86.9889 32.056 33.2866 36.1248 51.1667 30.6775 86.3912 75.2097 25.02 100.037 48.6989 42.19 96.1435 65.6311 71.9006 59.6237 98.4756 74.7757 35.0143 86.8688 45.7056 45.778 98.6652 60.2295 55.7363 50.6063 89.2008 36.8114 45.4505 67.0071 28.9643 39.3486 92.7942 77.4804 52.7354 99.6071 33.8378 
39.4588 79.9922 61.1026 58.0506 17.4929 82.8743 22.1359 85.2605 37.1214 73.1433 55.4437 52.345 34.3657 22.3607 65.1911 34.6554 48.0833 58.6941 65.1911 29.1548 55.1725 44.1022 38.9487 79.555 51.0 43.2897 65.1264 0.0 3.16228 49.0408 31.0161 33.2415 38.9487 37.4433 33.4215 80.3243 93.9887 62.1289 50.6924 37.8021 29.2062 85.5374 51.4782 21.1896 48.3735 56.7274 51.6396 72.5143 26.1725 53.2541 26.1725 94.1545 24.5153 52.0865 70.1142 48.7647 39.8121 72.2496 79.1012 90.6313 57.8705 53.8188 70.6877 61.6847 62.514 40.7185 30.4138 43.0116 42.2966 36.6742 
42.2966 82.9945 64.2179 61.0529 20.5913 85.0438 25.2982 87.1071 36.0 76.1456 58.5491 51.788 33.9559 24.6982 68.1711 37.5366 49.5782 61.3922 68.1711 30.0 56.5862 45.3982 40.3113 82.2253 50.0899 44.0454 66.7083 3.16228 0.0 49.2443 33.1059 36.0694 39.6611 40.0 35.2278 82.8613 96.1686 65.192 52.5389 40.4599 32.2025 87.384 53.8516 23.7697 47.8539 59.4643 54.7549 75.6296 29.2746 55.8032 29.0 96.001 25.0799 51.3517 73.0627 51.1077 42.9535 75.326 82.0549 93.7466 60.6712 56.3356 73.8386 64.2884 65.3758 42.9418 33.3017 46.0435 43.7379 37.2156 
51.5412 105.275 83.2207 95.8132 55.0364 57.8705 53.1507 57.2189 21.9317 97.3987 65.856 12.53 16.9706 66.3702 89.0993 71.6614 20.8087 51.3426 89.0993 77.6209 21.8403 91.0824 19.2354 65.5454 17.72 91.6788 31.0644 49.0408 49.2443 0.0 75.2396 70.875 12.1655 77.2221 26.5707 62.2977 67.1863 67.2681 33.1121 76.6245 65.4429 56.0803 91.7021 39.1152 11.1803 94.3053 75.083 87.0085 50.0745 92.2819 65.0077 66.0681 73.3757 15.2315 67.7356 89.3856 61.4968 75.6902 75.2703 106.391 53.8145 47.3609 82.7991 51.0006 58.9452 83.0 67.7136 62.741 88.8144 13.0384 
48.8545 57.28 42.19 36.3456 20.3961 92.4281 24.4911 96.5681 67.4685 51.788 49.1935 81.1542 63.2851 9.05539 37.2156 14.8661 68.6947 64.6621 37.2156 14.0 76.0362 17.0 60.209 82.457 80.7527 21.2603 85.59 31.0161 33.1059 75.2396 0.0 13.0 63.5059 10.198 53.7014 86.3368 102.614 56.7979 67.7663 12.0416 16.2788 97.7647 21.2603 37.108 77.1622 29.5296 38.6064 57.2189 30.8786 24.2074 12.2066 103.479 16.7631 81.3941 67.6018 18.4391 39.9649 65.192 75.5844 71.5681 61.5232 64.7164 57.9768 69.1165 63.2666 10.0 13.6015 45.4147 14.3178 62.2013 
50.2669 47.8539 30.0167 26.0 17.0 79.6696 19.1087 83.8096 66.3099 41.4367 36.2353 78.0167 60.7289 13.6015 25.02 2.0 63.9546 51.9036 25.02 26.4764 71.0879 28.2843 55.2607 69.6986 78.4474 33.8378 80.6417 33.2415 36.0694 70.875 13.0 0.0 58.8774 7.28011 48.7531 73.1185 89.8554 43.8292 63.2329 6.0 6.0 85.0063 21.095 31.9833 74.0944 23.6008 25.7099 45.0 25.4962 21.1896 7.07107 90.7208 28.0 78.6548 54.7083 19.0 27.2064 52.2015 62.6099 60.6383 48.6008 60.183 45.281 56.358 50.5081 14.3178 3.16228 32.6562 25.4558 57.9126 
39.4987 95.7128 72.889 83.6913 43.1856 55.0364 41.0488 55.4437 22.2036 87.6529 56.3009 22.2036 14.0 54.7449 76.9775 59.6638 15.0 42.9418 76.9775 66.7308 19.9249 79.6241 8.60233 59.6657 25.4951 80.6536 30.6757 38.9487 39.6611 12.1655 63.5059 58.8774 0.0 65.2246 14.7648 57.6075 65.3758 57.7131 25.2982 64.6269 53.4453 54.7449 79.7045 27.0185 19.105 82.1834 62.9611 77.4535 37.9526 80.1601 53.0114 64.6297 62.7694 24.0832 59.1692 77.388 49.375 66.4148 67.082 96.8361 44.9444 37.8058 73.244 43.0813 50.2494 71.0282 55.7161 49.8098 77.2787 3.16228 
56.3646 47.1275 32.5576 26.1725 22.8035 85.7672 25.4558 89.9072 72.111 41.5933 41.7232 84.3445 66.9403 15.5563 27.6586 8.06226 70.3017 58.0012 27.6586 24.0832 77.4351 22.2036 61.6078 75.743 84.6463 28.6356 86.9889 37.4433 40.0 77.2221 10.198 7.28011 65.2246 0.0 55.1003 79.2086 95.7666 49.2572 69.3305 2.23607 13.1529 91.1039 14.5602 38.3304 80.4114 20.0 30.7231 47.5184 31.8433 15.8114 12.3693 96.7059 26.9258 84.9294 60.3013 12.1655 33.304 57.3516 67.988 61.4003 54.6985 66.2806 48.5161 62.4557 56.5862 7.2111 10.0499 38.7539 19.4165 64.2597 
29.2812 85.4953 62.6715 73.4738 33.3053 50.2892 30.832 52.2961 33.121 77.4354 51.6862 36.8917 24.6982 45.1733 66.76 49.5395 15.2643 31.7805 66.76 58.3474 22.4722 70.1721 8.0 51.0098 39.6989 71.8883 32.056 33.4215 35.2278 26.5707 53.7014 48.7531 14.7648 55.1003 0.0 50.2494 61.3654 45.5888 17.72 54.5026 43.321 52.573 69.5802 16.8102 33.6006 71.9659 52.7436 72.058 27.7351 69.9426 42.8871 61.2086 54.9802 38.6005 47.3172 67.2637 39.1575 54.2905 55.6815 91.5327 32.9994 25.6815 69.5411 33.1361 38.3793 60.9056 45.5918 39.5923 67.7185 15.6205 
42.0595 71.7008 55.9464 66.7506 71.3152 10.198 65.3888 15.1327 79.7863 65.5134 39.1152 74.6726 71.4493 82.0592 60.0368 71.5404 42.8417 22.4722 60.0368 97.5725 40.4969 101.257 50.0899 6.08276 80.0062 107.406 33.2866 80.3243 82.8613 62.2977 86.3368 73.1185 57.6075 79.2086 50.2494 0.0 17.0 33.1059 33.0 77.1038 70.593 17.2627 89.7697 59.1354 73.3757 79.961 52.1536 50.636 61.0364 85.6026 75.6095 18.3848 96.1788 77.4919 22.8035 88.3983 50.2494 32.249 22.2036 64.2806 24.8395 40.5261 45.7056 18.7883 22.8035 86.3136 72.3431 42.7754 98.436 60.407 
57.0088 87.8635 72.9178 83.7208 85.6186 11.1803 80.5201 10.0 87.0919 82.0061 56.0803 78.7718 79.3095 98.3363 77.0069 88.0909 50.4876 38.1838 77.0069 112.525 46.0109 117.994 59.2513 22.1359 84.5931 123.683 36.1248 93.9887 96.1686 67.1863 102.614 89.8554 65.3758 95.7666 61.3654 17.0 0.0 50.0899 43.6578 93.6544 86.8701 11.1803 106.299 72.8019 78.3135 96.9312 69.1158 66.9403 75.3397 102.573 91.8865 2.23607 110.449 81.7435 39.5601 104.927 66.5282 48.5077 37.3363 79.0253 41.1096 54.1699 62.0967 33.9706 39.6611 102.865 89.08 59.0525 115.173 68.469 
25.2942 41.1947 22.8473 33.6539 47.2652 41.7612 41.1096 46.5725 77.7328 34.0 7.61577 79.2523 69.8607 54.4059 26.9401 42.0595 48.6156 18.6815 26.9401 69.6419 55.7489 71.4209 49.1109 28.3019 83.13 77.5242 51.1667 62.1289 65.192 67.2681 56.7979 43.8292 57.7131 49.2572 45.5888 33.1059 50.0899 0.0 35.5106 47.1151 41.4367 48.2701 57.0161 43.8853 76.5862 46.8643 19.799 20.8806 36.0139 52.506 46.4866 51.4782 69.9214 81.4691 11.3137 57.5073 23.3452 10.198 18.7883 39.4462 14.8661 33.9072 16.1555 22.2036 12.0 56.3206 43.4626 19.2354 68.6162 59.6639 
21.2302 74.6324 52.5836 63.712 48.5323 32.573 43.4338 34.5892 47.2969 66.7616 35.1141 45.3856 38.833 60.2713 56.9981 61.6547 14.3426 18.4391 56.9981 75.4391 21.476 84.6796 17.2627 34.5254 49.7679 87.7242 30.6775 50.6924 52.5389 33.1121 67.7663 63.2329 25.2982 69.3305 17.72 33.0 43.6578 35.5106 0.0 67.2183 56.9518 34.8661 79.7312 34.0799 43.0865 76.9224 45.1367 55.9017 38.2535 78.1701 56.5178 43.5017 73.3631 47.8 34.8281 78.3598 39.924 43.1856 42.19 74.9466 21.2603 17.0499 51.4782 17.8885 26.1725 76.4288 59.2225 32.43 82.0576 27.8927 
54.2523 45.5412 30.4138 24.3311 22.4722 83.655 24.8582 87.795 71.8679 39.8121 39.5811 83.7437 66.4831 16.4012 25.4951 6.32456 69.704 55.889 25.4951 26.0192 76.8374 24.4131 61.0102 73.6019 84.2021 30.8707 86.3912 37.8021 40.4599 76.6245 12.0416 6.0 64.6269 2.23607 54.5026 77.1038 93.6544 47.1151 67.2183 0.0 12.0 88.9917 15.1327 37.7328 79.8311 19.105 28.581 45.3982 31.2457 15.6525 12.083 94.5937 28.6356 84.4038 58.1592 13.0 31.1918 55.2095 65.8459 59.5399 52.5862 64.1684 46.3407 60.3434 54.4528 9.21954 9.05539 36.6416 21.6333 63.662 
38.04 50.774 33.6367 28.8444 12.0416 76.6843 13.6766 80.8243 60.9121 43.9435 33.8378 72.5846 55.3143 13.1529 26.7131 6.32456 58.5225 48.9183 26.7131 28.2312 65.6559 32.8024 49.8286 66.7133 73.0343 37.5366 75.2097 29.2062 32.2025 65.4429 16.2788 6.0 53.4453 13.1529 43.321 70.593 86.8701 41.4367 56.9518 12.0 0.0 82.021 27.074 26.5512 68.6624 28.6531 25.0 45.3982 20.0641 26.9258 5.09902 87.7354 28.6356 73.2227 51.9205 25.0 24.2211 50.448 60.1664 62.7226 45.7794 53.9019 45.0111 53.3727 47.5228 19.9249 3.16228 29.6709 30.0 52.4805 
50.2494 88.278 70.8802 81.7188 78.1056 7.07107 72.8974 2.23607 76.2365 81.7435 53.1413 67.6018 68.593 89.7349 75.005 83.4281 40.025 33.121 75.005 104.903 35.1283 113.145 49.0408 23.3452 73.437 117.188 25.02 85.5374 87.384 56.0803 97.7647 85.0063 54.7449 91.1039 52.573 17.2627 11.1803 48.2701 34.8661 88.9917 82.021 0.0 101.333 65.4814 67.1863 94.9292 65.9242 67.1863 67.7171 99.7718 87.0374 10.0 102.936 70.5762 39.1152 99.9614 61.6974 49.0102 39.4588 81.4985 36.6742 46.6232 62.2013 28.6531 36.6879 98.2022 84.2308 54.2033 110.324 57.8705 
66.7652 41.0 34.4093 24.5967 37.3631 96.1613 39.9358 100.227 86.6487 37.6563 52.4318 98.8433 81.4923 29.1548 30.4795 21.0 91.4446 68.365 30.4795 32.249 98.578 22.0227 76.0878 85.1653 99.2018 30.0666 100.037 51.4782 53.8516 91.7021 21.2603 21.095 79.7045 14.5602 69.5802 89.7697 106.299 57.0161 79.7312 15.1327 27.074 101.333 0.0 52.8104 94.921 12.1655 44.2108 47.8539 46.3233 5.09902 26.9258 107.207 36.6197 99.4636 67.7853 2.82843 43.8584 61.1594 73.1973 57.4282 65.199 76.6813 50.2494 72.7805 67.1144 11.3137 24.1868 49.3082 20.2237 78.7396 
19.0263 70.5546 47.7308 58.5331 16.7631 61.6875 14.0357 64.6833 37.8021 62.4947 37.8868 47.1275 30.8869 28.7924 51.8192 32.7697 31.8035 37.6563 51.8192 42.72 39.1451 53.7587 23.3178 58.4637 48.3322 55.9017 48.6989 21.1896 23.7697 39.1152 37.108 31.9833 27.0185 38.3304 16.8102 59.1354 72.8019 43.8853 34.0799 37.7328 26.5512 65.4814 52.8104 0.0 43.3244 55.1961 37.8029 57.1402 11.6619 53.1728 26.1172 73.0662 39.8246 48.1041 50.0899 50.4939 24.2074 54.0833 59.0762 76.6094 37.1214 32.632 54.6242 40.5216 42.0119 44.1358 28.8219 24.6754 51.2445 26.3059 
56.3994 112.614 89.7897 100.592 57.7062 69.0507 57.0088 68.3593 14.2127 104.554 75.1741 4.0 14.0357 68.1175 93.8782 74.8808 31.305 61.2944 93.8782 77.5242 32.9848 92.0489 27.5862 76.5841 6.7082 91.6624 42.19 48.3735 47.8539 11.1803 77.1622 74.0944 19.105 80.4114 33.6006 73.3757 78.3135 76.5862 43.0865 79.8311 68.6624 67.1863 94.921 43.3244 0.0 97.3072 79.8618 96.3266 54.7814 95.2839 68.0661 77.1622 72.8354 5.0 77.666 92.5743 66.2757 85.276 85.2447 115.709 63.6003 56.679 92.1172 60.975 68.8186 85.7088 70.9331 66.7106 90.0056 18.0278 
63.9565 29.0689 24.0832 13.4536 40.4969 88.5465 42.3215 93.301 89.557 25.4951 42.28 101.229 83.9591 35.4683 21.095 22.4722 88.6359 63.3702 21.095 42.3792 95.7692 34.0147 78.4735 75.0136 101.679 42.0 96.1435 56.7274 59.4643 94.3053 29.5296 23.6008 82.1834 20.0 71.9659 79.961 96.9312 46.8643 76.9224 19.105 28.6531 94.9292 12.1655 55.1961 97.3072 0.0 34.0591 36.3593 48.709 7.07107 30.6105 98.339 46.0977 101.868 57.6335 14.0 42.487 50.9313 63.0317 45.2769 59.3849 73.8725 39.2046 67.5526 58.2644 20.8806 26.6271 46.7435 32.0156 81.1254 
32.4968 32.8702 10.0463 20.8487 34.2053 59.9333 35.291 64.4748 75.3033 24.8102 13.0384 83.5598 68.0588 38.0526 14.1348 23.7697 57.1762 33.2415 14.1348 52.1728 64.3095 52.8868 57.6164 47.8017 85.2446 58.9928 65.6311 51.6396 54.7549 75.083 38.6064 25.7099 62.9611 30.7231 52.7436 52.1536 69.1158 19.799 45.1367 28.581 25.0 65.9242 44.2108 37.8029 79.8618 34.0591 0.0 20.8806 27.4642 39.7007 30.0167 70.3278 53.3385 84.7454 31.1127 44.702 13.6056 26.8328 38.0132 39.4462 29.4109 42.4128 20.025 37.6431 29.5296 37.7865 26.1725 17.72 50.0822 62.3976 
43.8517 21.095 15.0333 23.2594 55.0818 60.2993 56.1657 65.2763 95.3926 15.2315 21.4009 98.9926 87.6785 58.1378 20.025 43.0 68.411 39.5601 20.025 71.1758 75.5443 68.0074 68.8512 44.911 104.559 75.4321 71.9006 72.5143 75.6296 87.0085 57.2189 45.0 77.4535 47.5184 72.058 50.636 66.9403 20.8806 55.9017 45.3982 45.3982 67.1863 47.8539 57.1402 96.3266 36.3593 20.8806 0.0 46.9939 42.9418 50.2494 68.6586 73.0 101.21 28.0713 48.8467 33.121 18.4391 30.0832 19.799 35.7351 53.6476 5.0 42.9535 32.5576 52.6308 46.0981 33.9706 65.521 81.712 
19.3417 60.216 37.3921 48.1945 12.53 64.2495 6.40312 67.2209 49.4065 52.1561 29.2746 58.5235 42.5441 23.4364 41.4806 26.2826 42.9366 38.8938 41.4806 38.9498 50.0699 47.792 34.2427 56.6447 59.9333 50.8545 59.6237 26.1725 29.2746 50.0745 30.8786 25.4962 37.9526 31.8433 27.7351 61.0364 75.3397 36.0139 38.2535 31.2457 20.0641 67.7171 46.3233 11.6619 54.7814 48.709 27.4642 46.9939 0.0 46.6857 19.6301 75.6348 37.4433 59.6154 44.5533 44.0068 13.9284 46.0977 53.4603 66.2905 34.6381 35.2036 44.9444 42.2491 37.7386 37.6487 22.3348 17.1172 45.17 37.3631 
65.2042 36.0139 29.8329 19.7231 38.0789 94.1881 40.2982 98.666 87.4643 32.5576 47.9217 99.2061 81.9358 31.241 26.1725 20.6155 89.8836 66.8039 26.1725 36.2491 97.017 27.0 76.4501 80.6552 99.6558 35.0143 98.4756 53.2541 55.8032 92.2819 24.2074 21.1896 80.1601 15.8114 69.9426 85.6026 102.573 52.506 78.1701 15.6525 26.9258 99.7718 5.09902 53.1728 95.2839 7.07107 39.7007 42.9418 46.6857 0.0 27.7308 103.981 40.3113 99.8442 63.2751 7.07107 42.2974 56.6392 68.6872 52.345 63.638 75.1203 45.4863 71.2195 63.9061 14.7648 24.3516 47.7472 25.0799 79.102 
37.606 54.5894 35.7359 32.6497 10.4403 81.7008 13.2426 85.8408 59.808 47.927 38.8973 72.0069 54.5711 8.06226 30.7599 8.60233 58.0885 53.9348 30.7599 23.2594 65.2219 29.1548 49.3946 71.7297 72.2772 33.2415 74.7757 26.1725 29.0 65.0077 12.2066 7.07107 53.0114 12.3693 42.8871 75.6095 91.8865 46.4866 56.5178 12.083 5.09902 87.0374 26.9258 26.1172 68.0661 30.6105 30.0167 50.2494 19.6301 27.7308 0.0 92.7519 23.5372 72.5672 56.937 24.5153 29.2376 55.5428 65.192 66.7693 50.7958 53.4679 50.0 58.3892 52.5393 18.0278 4.47214 34.6874 26.4197 52.0384 
57.4891 89.627 74.3236 85.1286 85.9136 11.4018 80.8151 9.21954 86.209 83.678 57.3062 77.5242 78.5175 97.6526 78.4148 89.1426 49.8197 38.9487 78.4148 112.82 45.0999 118.86 58.7 23.7697 83.3847 124.548 35.0143 94.1545 96.001 66.0681 103.479 90.7208 64.6297 96.7059 61.2086 18.3848 2.23607 51.4782 43.5017 94.5937 87.7354 10.0 107.207 73.0662 77.1622 98.339 70.3278 68.6586 75.6348 103.981 92.7519 0.0 110.744 80.5047 41.1096 105.836 67.4119 50.2195 39.2046 81.0062 42.0119 54.4342 63.7887 34.6554 40.8167 103.804 89.9453 59.9178 116.038 67.7422 
54.4513 74.0405 58.0086 52.9528 25.0 99.3591 31.0644 102.331 61.0328 68.4471 62.3618 76.7919 58.8558 15.5242 53.0094 30.0 69.9734 74.5041 53.0094 5.38516 77.1699 21.5407 61.4003 93.3718 75.1665 19.0 86.8688 24.5153 25.0799 73.3757 16.7631 28.0 62.7694 26.9258 54.9802 96.1788 110.449 69.9214 73.3631 28.6356 28.6356 102.936 36.6197 39.8246 72.8354 46.0977 53.3385 73.0 37.4433 40.3113 23.5372 110.744 0.0 76.4199 80.3458 33.8378 52.6464 79.0759 88.6009 88.1192 71.3652 70.3132 73.171 77.3587 74.4653 25.5539 27.1662 53.4965 20.5913 60.7454 
61.283 117.497 94.6733 105.476 62.1691 72.7805 61.6847 71.8471 16.1555 109.437 80.057 3.0 18.1108 72.3395 98.7618 79.4412 35.8469 66.0303 98.7618 81.2219 37.0 96.0 32.5269 80.765 3.16228 95.3362 45.7056 52.0865 51.3517 15.2315 81.3941 78.6548 24.0832 84.9294 38.6005 77.4919 81.7435 81.4691 47.8 84.4038 73.2227 70.5762 99.4636 48.1041 5.0 101.868 84.7454 101.21 59.6154 99.8442 72.5672 80.5047 76.4199 0.0 82.4197 97.0824 71.1593 90.1388 89.9582 120.592 68.4105 61.5619 97.0001 65.6886 73.6003 90.0944 75.4934 71.5941 94.0213 23.0217 
31.0644 49.163 33.6155 44.4185 56.5155 32.249 50.2195 37.2156 80.1138 42.7551 18.6011 80.0092 71.5891 64.8311 37.7093 53.0 48.9662 16.4012 37.7093 80.1517 50.9904 82.465 50.6063 17.4642 84.3149 88.5099 45.778 70.1142 73.0627 67.7356 67.6018 54.7083 59.1692 60.3013 47.3172 22.8035 39.5601 11.3137 34.8281 58.1592 51.9205 39.1152 67.7853 50.0899 77.666 57.6335 31.1127 28.0713 44.5533 63.2751 56.937 41.1096 80.3458 82.4197 0.0 68.2764 33.2415 10.198 9.0 43.6807 14.3178 35.6356 23.0868 17.8045 8.94427 67.3647 54.1202 27.4591 79.6604 61.2944 
65.3938 43.0465 34.9857 25.632 34.9285 94.7899 37.6193 98.8556 84.119 39.3192 50.8713 96.5091 79.0759 26.4197 30.8058 19.105 82.4652 66.9936 30.8058 29.5296 89.5985 20.025 73.7713 84.8921 96.7729 28.0 98.6652 48.7647 51.1077 89.3856 18.4391 19.0 77.388 12.1655 67.2637 88.3983 104.927 57.5073 78.3598 13.0 25.0 99.9614 2.82843 50.4939 92.5743 14.0 44.702 48.8467 44.0068 7.07107 24.5153 105.836 33.8378 97.0824 68.2764 0.0 42.487 61.6506 73.6885 59.2115 63.8276 75.3099 51.0 71.4091 65.743 8.48528 22.0227 47.9368 18.0278 76.4231 
26.9581 46.3573 23.5334 34.3358 24.0208 56.3608 18.0278 60.5008 61.7172 38.2974 16.0312 69.9736 54.4727 37.1317 27.6219 25.6283 51.6375 28.5948 27.6219 52.4523 58.7709 55.3453 45.665 47.2017 71.6585 61.0338 60.2295 39.8121 42.9535 61.4968 39.9649 27.2064 49.375 33.304 39.1575 50.2494 66.5282 23.3452 39.924 31.1918 24.2211 61.6974 43.8584 24.2074 66.2757 42.487 13.6056 33.121 13.9284 42.2974 29.2376 67.4119 52.6464 71.1593 33.2415 42.487 0.0 33.0606 41.7612 52.4318 25.4558 36.8742 31.0161 33.0492 28.0179 40.4023 26.431 8.06226 52.5239 48.8115 
35.1715 39.4588 26.8701 37.5366 57.0789 42.0476 51.0098 47.0425 87.0871 33.5261 17.0294 87.8635 78.5625 63.561 31.0834 50.3289 56.921 25.0 31.0834 78.4474 64.0544 79.9132 57.8126 26.4764 91.8314 85.6213 55.7363 72.2496 75.326 75.6902 65.192 52.2015 66.4148 57.3516 54.2905 32.249 48.5077 10.198 43.1856 55.2095 50.448 49.0102 61.1594 54.0833 85.276 50.9313 26.8328 18.4391 46.0977 56.6392 55.5428 50.2195 79.0759 90.1388 10.198 61.6506 33.0606 0.0 12.2066 33.5261 21.9317 42.609 13.6015 27.2947 17.2047 64.3189 52.2015 29.4279 76.7107 68.3657 
40.05 50.6952 38.9487 49.679 65.307 32.3883 59.0339 37.3363 88.3912 45.31 26.4008 87.5438 79.8499 73.0862 43.1213 60.8276 56.5008 24.1661 43.1213 88.3912 55.8519 90.1517 58.6003 16.1245 91.9239 96.2577 50.6063 79.1012 82.0549 75.2703 75.5844 62.6099 67.082 67.988 55.6815 22.2036 37.3363 18.7883 42.19 65.8459 60.1664 39.4588 73.1973 59.0762 85.2447 63.0317 38.0132 30.0832 53.4603 68.6872 65.192 39.2046 88.6009 89.9582 9.0 73.6885 41.7612 12.2066 0.0 42.107 22.8035 44.0 25.4951 24.4131 17.4642 75.0514 62.2415 36.3456 87.347 69.3542 
63.4114 17.4642 31.7805 35.2278 73.2015 74.4312 74.2827 79.404 114.092 20.0 41.1096 118.375 107.153 74.2159 36.4005 58.6941 87.7936 57.6975 36.4005 85.4751 94.927 79.2275 88.2339 58.2151 122.253 87.1436 89.2008 90.6313 93.7466 106.391 71.5681 60.6383 96.8361 61.4003 91.5327 64.2806 79.0253 39.4462 74.9466 59.5399 62.7226 81.4985 57.4282 76.6094 115.709 45.2769 39.4462 19.799 66.2905 52.345 66.7693 81.0062 88.1192 120.592 43.6807 59.2115 52.4318 33.5261 42.107 0.0 54.1202 73.0303 23.6008 60.5392 50.1597 65.0077 62.3618 53.7587 77.1038 101.187 
18.4391 55.7315 35.2278 46.1745 46.8995 31.0644 40.5752 35.3553 65.796 48.2597 17.1172 66.0681 57.2713 57.2456 39.4606 47.0227 35.0527 4.0 39.4606 72.7589 42.1861 76.7397 36.3593 22.3607 70.214 82.592 36.8114 57.8705 60.6712 53.8145 61.5232 48.6008 44.9444 54.6985 32.9994 24.8395 41.1096 14.8661 21.2603 52.5862 45.7794 36.6742 65.199 37.1214 63.6003 59.3849 29.4109 35.7351 34.6381 63.638 50.7958 42.0119 71.3652 68.4105 14.3178 63.8276 25.4558 21.9317 22.8035 54.1202 0.0 21.3178 31.0161 8.24621 5.38516 61.7967 47.8254 17.9618 73.9183 47.0106 
18.1803 71.9143 49.8598 60.6621 45.4824 43.0555 40.3839 46.0512 58.4782 64.0378 32.4951 59.345 49.9535 57.2215 53.9483 58.6049 28.7634 20.1529 53.9483 72.3892 35.8967 81.6297 29.2036 40.2415 63.2228 84.6743 45.4505 53.8188 56.3356 47.3609 64.7164 60.183 37.8058 66.2806 25.6815 40.5261 54.1699 33.9072 17.0499 64.1684 53.9019 46.6232 76.6813 32.632 56.679 73.8725 42.4128 53.6476 35.2036 75.1203 53.4679 54.4342 70.3132 61.5619 35.6356 75.3099 36.8742 42.609 44.0 73.0303 21.3178 0.0 49.4382 22.1327 26.6977 73.3789 56.1726 29.3801 79.0078 39.7567 
39.8271 26.0768 16.1555 25.807 53.9658 55.3263 48.7268 60.2993 92.8757 19.9249 17.6918 94.7832 85.1616 58.0086 20.8806 43.309 64.2015 34.7851 20.8806 71.751 71.3349 69.6419 64.6418 40.025 98.661 76.844 67.0071 70.6877 73.8386 82.7991 57.9768 45.281 73.244 48.5161 69.5411 45.7056 62.0967 16.1555 51.4782 46.3407 45.0111 62.2013 50.2494 54.6242 92.1172 39.2046 20.025 5.0 44.9444 45.4863 50.0 63.7887 73.171 97.0001 23.0868 51.0 31.0161 13.6015 25.4951 23.6008 31.0161 49.4382 0.0 38.0789 27.6586 54.0833 46.0435 30.8058 67.0671 75.1949 
23.3238 63.3877 43.4166 54.3422 52.528 23.4307 47.4295 27.4591 64.846 56.0803 25.318 63.2741 56.3205 64.8389 47.6283 54.7799 32.2312 4.47214 47.6283 80.3523 34.1767 84.4969 34.7851 18.1108 67.6564 90.1854 28.9643 61.6847 64.2884 51.0006 69.1165 56.358 43.0813 62.4557 33.1361 18.7883 33.9706 22.2036 17.8885 60.3434 53.3727 28.6531 72.7805 40.5216 60.975 67.5526 37.6431 42.9535 42.2491 71.2195 58.3892 34.6554 77.3587 65.6886 17.8045 71.4091 33.0492 27.2947 24.4131 60.5392 8.24621 22.1327 38.0789 0.0 10.4403 69.5539 55.5826 25.5551 81.6755 45.5412 
23.0868 53.1507 34.2053 45.054 50.0 30.4631 43.6757 35.1141 71.1758 46.0 16.5529 71.218 62.6498 60.3457 38.3402 48.9183 40.1758 7.81025 38.3402 75.7539 47.3091 78.6448 41.6773 19.2094 75.452 84.3355 39.3486 62.514 65.3758 58.9452 63.2666 50.5081 50.2494 56.5862 38.3793 22.8035 39.6611 12.0 26.1725 54.4528 47.5228 36.6879 67.1144 42.0119 68.8186 58.2644 29.5296 32.5576 37.7386 63.9061 52.5393 40.8167 74.4653 73.6003 8.94427 65.743 28.0179 17.2047 17.4642 50.1597 5.38516 26.6977 27.6586 10.4403 0.0 63.6583 49.7327 21.0238 75.8222 52.3546 
63.4628 49.6488 37.9473 30.1496 28.0713 92.8655 31.2612 97.0055 76.6551 45.0111 48.7866 89.6772 72.0069 18.3848 33.2415 15.2643 76.107 65.0995 33.2415 21.5407 83.2404 15.6525 67.4131 82.8074 89.627 22.8035 92.7942 40.7185 42.9418 83.0 10.0 14.3178 71.0282 7.2111 60.9056 86.3136 102.865 56.3206 76.4288 9.21954 19.9249 98.2022 11.3137 44.1358 85.7088 20.8806 37.7865 52.6308 37.6487 14.7648 18.0278 103.804 25.5539 90.0944 67.3647 8.48528 40.4023 64.3189 75.0514 65.0077 61.7967 73.3789 54.0833 69.5539 63.6583 0.0 16.7631 45.8521 13.0 70.0071 
49.4915 50.1199 31.333 28.178 13.8924 78.8942 15.9473 83.0342 63.1585 43.4626 35.8469 74.8553 57.5674 12.0416 26.357 4.24264 60.7932 51.1282 26.357 26.2488 67.9266 29.8329 52.0993 68.9231 75.2861 34.8281 77.4804 30.4138 33.3017 67.7136 13.6015 3.16228 55.7161 10.0499 45.5918 72.3431 89.08 43.4626 59.2225 9.05539 3.16228 84.2308 24.1868 28.8219 70.9331 26.6271 26.1725 46.0981 22.3348 24.3516 4.47214 89.9453 27.1662 75.4934 54.1202 22.0227 26.431 52.2015 62.2415 62.3618 47.8254 56.1726 46.0435 55.5826 49.7327 16.7631 0.0 31.8808 27.0185 54.7512 
19.464 49.6488 26.8328 37.6352 29.1204 48.8667 22.8035 53.0067 62.9269 41.5933 13.4164 70.4085 55.2128 39.3769 30.9213 31.0781 44.1434 21.1007 30.9213 54.8903 51.2768 60.7951 44.5837 39.9625 72.0934 66.4836 52.7354 43.0116 46.0435 62.741 45.4147 32.6562 49.8098 38.7539 39.5923 42.7754 59.0525 19.2354 32.43 36.6416 29.6709 54.2033 49.3082 24.6754 66.7106 46.7435 17.72 33.9706 17.1172 47.7472 34.6874 59.9178 53.4965 71.5941 27.4591 47.9368 8.06226 29.4279 36.3456 53.7587 17.9618 29.3801 30.8058 25.5551 21.0238 45.8521 31.8808 0.0 57.9737 49.2463 
63.1458 61.0737 50.9215 42.7551 34.4819 104.987 38.7825 109.127 79.404 57.1402 61.0823 94.0053 76.0 22.561 46.2385 26.9072 82.7118 77.221 46.2385 15.2643 90.0533 2.82843 74.2261 95.0158 93.1343 10.0499 99.6071 42.2966 43.7379 88.8144 14.3178 25.4558 77.2787 19.4165 67.7185 98.436 115.173 68.6162 82.0576 21.6333 30.0 110.324 20.2237 51.2445 90.0056 32.0156 50.0822 65.521 45.17 25.0799 26.4197 116.038 20.5913 94.0213 79.6604 18.0278 52.5239 76.7107 87.347 77.1038 73.9183 79.0078 67.0671 81.6755 75.8222 13.0 27.0185 57.9737 0.0 75.8024 
