NAME  : Jabali_70_2_0.93_1_1
TYPE : SVRP
MODEL : FINITE_SUPPORT
NUMBER_OF_SCENARIOS : 200
DIMENSION : 70
EDGE_WEIGHT_TYPE : MATRIX
CAPACITY : 192
N_VEHICLES : 2
NODE_COORD_SECTION
1 4952 3908
2 4842 3192
3 3246 1338
4 7695 5718
5 8416 4736
6 4295 1914
7 2828 4327
8 5776 3495
9 4671 4035
10 3695 1510
11 3423 1202
12 7096 2391
13 4015 1605
14 7765 2899
15 1093 6199
16 7190 3643
17 6994 6888
18 3818 2625
19 3584 18
20 5277 2956
21 5558 8171
22 7003 5410
23 5844 2108
24 2707 3585
25 4879 4715
26 3203 713
27 4378 7364
28 2001 4168
29 5088 3469
30 5774 8781
31 7032 8022
32 7198 5868
33 4347 2455
34 7662 2994
35 7103 8020
36 4058 7355
37 5128 4478
38 6807 4138
39 6240 5176
40 1951 4811
41 3387 589
42 5678 5987
43 2302 2847
44 3865 671
45 6244 1010
46 8743 4294
47 6440 8072
48 3095 3391
49 7208 7128
50 6662 8980
51 8481 2285
52 7692 1663
53 5642 7460
54 2723 5487
55 7706 6094
56 4264 607
57 2251 3271
58 4212 6000
59 5485 685
60 2295 3727
61 3626 3393
62 8794 3407
63 4210 144
64 3879 2005
65 4972 7895
66 2731 6567
67 4473 5460
68 1140 5207
69 3254 3523
70 27 6123
DEMAND_SECTION
1 0.0
2 6.0
3 2.0
4 5.0
5 2.0
6 4.0
7 9.0
8 8.0
9 4.0
10 10.0
11 4.0
12 9.0
13 3.0
14 3.0
15 1.0
16 10.0
17 1.0
18 6.0
19 3.0
20 8.0
21 8.0
22 10.0
23 6.0
24 7.0
25 10.0
26 7.0
27 4.0
28 3.0
29 5.0
30 9.0
31 2.0
32 1.0
33 5.0
34 2.0
35 9.0
36 1.0
37 2.0
38 7.0
39 4.0
40 6.0
41 6.0
42 9.0
43 5.0
44 2.0
45 3.0
46 8.0
47 6.0
48 3.0
49 1.0
50 7.0
51 3.0
52 4.0
53 3.0
54 3.0
55 5.0
56 3.0
57 1.0
58 3.0
59 6.0
60 9.0
61 1.0
62 6.0
63 10.0
64 9.0
65 2.0
66 5.0
67 8.0
68 8.0
69 3.0
70 8.0
DEVIATION_SECTION
1 0.0
2 2.0
3 0.666667
4 1.66667
5 0.666667
6 1.33333
7 3.0
8 2.66667
9 1.33333
10 3.33333
11 1.33333
12 3.0
13 1.0
14 1.0
15 0.333333
16 3.33333
17 0.333333
18 2.0
19 1.0
20 2.66667
21 2.66667
22 3.33333
23 2.0
24 2.33333
25 3.33333
26 2.33333
27 1.33333
28 1.0
29 1.66667
30 3.0
31 0.666667
32 0.333333
33 1.66667
34 0.666667
35 3.0
36 0.333333
37 0.666667
38 2.33333
39 1.33333
40 2.0
41 2.0
42 3.0
43 1.66667
44 0.666667
45 1.0
46 2.66667
47 2.0
48 1.0
49 0.333333
50 2.33333
51 1.0
52 1.33333
53 1.0
54 1.0
55 1.66667
56 1.0
57 0.333333
58 1.0
59 2.0
60 3.0
61 0.333333
62 2.0
63 3.33333
64 3.0
65 0.666667
66 1.66667
67 2.66667
68 2.66667
69 1.0
70 2.66667
DISTANCE_MATRIX
0.0 9.43398 41.3401 45.3982 49.2648 28.2843 31.832 12.1701 3.60555 36.4005 41.6173 39.5225 33.3017 40.927 66.3034 32.412 50.1199 22.8473 55.1543 13.0384 57.6888 35.5106 27.0414 30.3645 10.2956 48.6004 49.7609 40.0485 6.08276 66.0303 62.8013 41.2311 21.2603 40.1623 62.8013 51.997 7.81025 28.6574 25.0 47.3976 49.0408 29.7321 38.1182 45.9674 42.6259 52.7898 60.1082 25.4951 53.7122 72.1388 53.6746 52.1207 49.2037 41.9557 48.0521 45.607 36.8782 29.3193 43.6807 35.4683 19.105 54.3433 51.4004 29.4109 52.9822 47.3179 21.3851 59.3293 23.5372 80.2666 
9.43398 0.0 33.1059 52.0624 53.0848 19.2094 32.1039 13.1529 11.4018 27.7849 33.121 33.7564 24.4131 39.7321 66.4916 32.0156 58.5235 16.0312 46.0109 6.40312 67.1193 42.4433 18.6522 29.4109 19.7231 39.9625 59.5315 40.3113 4.47214 75.452 71.7008 48.4934 12.53 38.9674 71.7008 61.7676 17.0294 29.0 32.6497 45.0654 40.2244 38.8973 34.7851 36.7967 34.2366 54.9181 69.3109 23.8537 62.1289 81.3941 53.0964 43.991 58.6003 51.1209 55.0921 36.2353 34.8855 38.4845 34.7131 35.0 17.2047 53.3266 42.0119 21.0238 62.4149 56.4831 30.5503 57.1626 22.2036 76.8147 
41.3401 33.1059 0.0 85.1873 83.7257 15.1327 40.8044 45.8803 41.4005 6.0 2.23607 52.469 10.0 63.2851 72.0278 61.3236 91.4166 19.105 17.4642 35.171 97.4737 75.5472 36.1248 31.5753 50.6063 8.06226 92.8332 42.0119 37.5766 105.898 104.043 81.5972 20.6155 63.1981 104.043 86.7896 49.0918 60.6383 65.7419 50.1597 9.48683 70.8025 25.1794 11.4018 39.4462 84.0952 100.896 28.7924 95.0158 112.714 70.342 58.5235 89.3066 55.607 88.1959 15.6525 30.0167 67.6509 30.4795 35.0571 28.8444 79.3095 19.4165 12.083 92.6381 70.6669 60.4356 60.075 29.5466 78.7718 
45.3982 52.0624 85.1873 0.0 17.2627 70.2596 68.884 52.4252 47.0956 79.4381 84.8093 44.8219 75.6364 38.0132 89.5545 29.0689 18.0278 67.6831 95.4226 50.0284 43.9659 10.0 54.9039 74.0608 40.1123 91.1775 46.5873 80.2309 47.5902 48.5077 32.3883 6.40312 64.5895 37.1214 32.3883 48.8234 39.0128 25.2389 21.0238 79.3764 90.9797 26.9258 83.0542 86.3707 66.4831 24.3311 36.0555 70.0071 20.0998 46.2709 47.5395 54.1202 36.2491 66.4831 4.47214 84.6059 81.0247 47.0106 74.6554 78.3135 64.1249 35.0143 90.0742 73.085 46.5296 68.1219 43.6578 88.955 68.0074 103.832 
49.2648 53.0848 83.7257 17.2627 0.0 68.593 76.4086 40.3113 51.923 77.787 83.0632 35.8469 73.8466 26.2488 101.4 22.561 35.2278 69.029 91.3947 49.0408 61.131 21.4009 49.0408 79.555 47.4236 88.8784 62.2828 87.8028 49.2544 65.7647 49.0408 22.4722 64.0703 25.6125 49.0408 64.5189 44.9444 24.1868 30.0 88.2943 88.3008 40.4599 87.1935 82.9699 57.9828 7.07107 53.2353 74.7599 37.0135 63.0317 32.6497 41.7732 53.1413 77.1259 21.0238 80.0062 86.1396 59.4643 67.5352 84.5058 68.3231 18.4391 84.5044 72.2496 63.1585 80.722 54.4059 99.5827 72.8003 115.434 
28.2843 19.2094 15.1327 70.2596 68.593 0.0 37.1214 31.305 29.2062 9.21954 14.5602 38.0789 5.38516 48.6621 71.1969 46.1911 77.666 11.0454 26.8701 20.2485 85.6037 61.5421 21.587 30.3645 38.2884 21.0238 77.5473 42.3792 23.6008 94.0213 90.9065 67.5921 7.2111 48.5077 90.9065 79.7834 36.0694 45.607 51.7492 49.2443 21.095 58.0 29.2062 17.6918 29.0689 69.029 88.3912 25.4951 81.2712 100.419 56.648 45.6508 77.3369 52.1073 74.0612 17.8885 32.249 56.5003 23.4094 35.4683 22.0227 64.6297 23.7065 5.0 80.7686 67.1672 48.5661 60.7289 25.1794 80.3243 
31.832 32.1039 40.8044 68.884 76.4086 37.1214 0.0 42.0591 28.9429 39.4588 42.45 69.4116 39.0512 70.8161 34.4819 62.3011 67.3647 26.0768 58.2409 38.4761 66.19 59.0339 49.1145 10.0 29.1204 48.7032 45.3461 11.4018 33.8692 74.0422 76.0614 63.3877 31.832 70.0514 76.0614 42.0067 31.9057 56.3369 48.0521 13.6015 50.2892 45.0999 20.5183 50.8035 63.2166 80.4693 71.0341 12.1655 70.5762 84.5134 83.5637 74.4533 58.1308 15.0 70.3491 53.2353 15.8114 32.8927 60.0334 10.7703 15.678 84.2324 58.5491 34.0147 57.4894 30.0599 27.2947 25.807 12.0 45.2769 
12.1701 13.1529 45.8803 52.4252 40.3113 31.305 42.0591 0.0 15.6151 40.3113 45.6946 28.3723 36.6742 29.7768 78.1906 20.5913 58.9363 29.1548 57.4282 11.4018 68.4714 42.8062 25.5729 40.177 21.6313 52.3259 60.7367 50.2757 9.0 76.713 72.2631 48.8562 25.2982 29.0 72.2631 62.9728 18.2514 16.1245 33.0133 55.0207 52.3546 39.7207 46.8831 48.2597 41.1573 42.72 70.1028 34.9278 62.5418 82.2375 42.5244 40.9706 59.7683 53.8429 55.4549 46.8615 46.2884 41.2032 42.2688 45.5418 28.2607 42.72 52.4023 33.8378 63.958 59.2051 33.2436 67.1179 33.0711 92.1538 
3.60555 11.4018 41.4005 47.0956 51.923 29.2062 28.9429 15.6151 0.0 36.7967 41.8688 42.9675 33.9706 44.372 64.2949 35.857 50.5668 22.4722 55.9732 16.0312 56.4004 37.1214 29.6973 27.6586 9.21954 48.9183 48.3579 37.1594 9.05539 64.8151 62.6817 42.5793 22.0227 43.6073 62.6817 50.5939 8.24621 31.3225 26.3059 45.3891 49.5177 29.4109 36.0 46.8615 45.2818 55.4549 59.5483 23.0868 54.1295 71.4493 57.1196 55.5657 48.1664 39.9472 49.4975 46.8722 34.3657 27.3109 46.0977 32.5853 17.0294 57.7883 52.6972 29.7321 51.5791 45.3094 19.3766 57.3208 21.095 78.2581 
36.4005 27.7849 6.0 79.4381 77.787 9.21954 39.4588 40.3113 36.7967 0.0 5.38516 46.5296 4.0 57.3149 72.111 55.3846 86.2844 15.2643 19.7231 29.4109 93.0443 70.217 30.1496 31.0 46.0109 12.2066 84.9874 42.2966 32.249 101.469 99.2018 76.267 15.2643 57.2189 99.2018 87.2234 44.2041 54.8179 60.4241 50.04 12.7279 66.0681 26.5707 11.4018 34.4093 78.1025 96.3328 27.2947 89.8888 108.245 64.56 52.9245 84.8772 54.4072 82.8658 14.0357 30.8058 63.9404 26.2488 35.2278 26.0 73.3348 19.105 7.07107 88.2086 69.8788 56.0061 60.6712 27.6586 79.8311 
41.6173 33.121 2.23607 84.8093 83.0632 14.5602 42.45 45.6946 41.8688 5.38516 0.0 51.2445 9.21954 62.1289 74.0068 60.6569 91.586 19.8494 15.8114 34.7851 98.0401 75.5598 35.0143 33.3766 51.0882 7.07107 89.9832 44.0 37.5899 106.465 104.403 81.6098 20.5913 62.0725 104.403 88.2882 49.4065 60.1664 65.7647 52.0865 8.06226 71.218 27.2947 9.21954 37.5899 83.2166 101.415 30.3645 95.1893 113.278 68.884 56.921 89.873 57.2969 88.2085 13.4164 32.0624 69.1496 28.4253 37.0135 30.0167 78.1601 17.2627 12.2066 93.2045 72.3569 61.002 62.1289 31.0161 80.895 
39.5225 33.7564 52.469 44.8219 35.8469 38.0789 69.4116 28.3723 42.9675 46.5296 51.2445 0.0 42.5793 11.0454 105.543 15.8114 59.4811 42.9419 56.8859 29.5375 78.7904 39.3573 16.4924 60.5033 49.7433 56.0 74.4739 72.1214 35.5885 85.7454 74.686 45.2769 36.2491 11.1803 74.686 76.71 46.8011 22.1359 37.3717 82.3731 55.0364 50.5095 63.669 49.163 22.2036 33.8378 75.6108 54.8514 62.6498 87.4643 19.4165 13.3417 69.6133 81.1953 49.2037 45.5412 64.9376 65.2926 31.7805 66.1565 48.7065 27.0 49.4773 42.72 77.3686 86.1331 58.7517 94.4703 53.5394 119.506 
33.3017 24.4131 10.0 75.6364 73.8466 5.38516 39.0512 36.6742 33.9706 4.0 9.21954 42.5793 0.0 53.3385 72.4431 51.502 82.9277 13.6015 22.0227 25.632 90.3133 66.7996 26.1725 31.257 43.1393 15.6525 82.2564 42.9535 28.8444 98.7377 96.0469 72.8496 12.0416 53.2353 96.0469 84.4924 41.1096 50.9608 57.0067 50.3587 15.8114 63.0317 28.178 13.0384 31.241 74.108 93.3809 27.0 86.5332 105.361 60.7289 49.2443 82.134 54.1832 79.438 14.3178 31.9531 61.2094 23.8537 35.9026 24.7386 69.3542 19.9249 5.09902 85.4776 69.2432 53.2751 61.3922 27.074 80.7775 
40.927 39.7321 63.2851 38.0132 26.2488 48.6621 70.8161 29.7768 44.372 57.3149 62.1289 11.0454 53.3385 0.0 106.588 12.1655 54.4059 52.7615 67.897 34.3933 76.1052 34.7131 27.1662 68.7527 47.6079 67.0075 72.3386 79.0326 36.993 82.6075 69.5701 39.8497 46.1752 1.0 69.5701 74.5747 44.6657 20.3961 35.2278 83.7776 66.0681 48.3735 73.4886 60.208 32.2025 23.2594 71.5891 63.3434 57.2451 82.9699 13.0 16.1245 67.0298 82.2401 42.4853 56.5685 74.5476 63.1573 42.3792 74.2066 56.6355 16.0312 60.4152 53.1507 75.1665 83.9978 56.6164 95.8748 61.571 120.551 
66.3034 66.4916 72.0278 89.5545 101.4 71.1969 34.4819 78.1906 64.2949 72.111 74.0068 105.543 72.4431 106.588 0.0 91.2156 81.5397 60.208 89.202 72.8638 65.0308 80.9938 83.5023 41.1947 57.6469 79.2275 47.2969 30.0167 72.3809 71.1126 83.863 83.2406 66.2193 105.948 83.863 44.9222 61.7655 83.3325 71.4003 22.0907 81.1542 62.6498 47.2652 83.006 97.6043 106.527 76.4199 45.7056 83.5583 83.0241 119.695 108.841 63.9531 25.6125 89.4427 86.1452 42.107 42.5441 94.3663 37.0 50.0657 110.781 91.022 67.6018 56.0803 22.8035 47.0106 13.0 46.0977 14.3178 
32.412 32.0156 61.3236 29.0689 22.561 46.1911 62.3011 20.5913 35.857 55.3846 60.6569 15.8114 51.502 12.1655 91.2156 0.0 43.8634 47.5184 68.9493 27.1662 64.2806 23.7697 26.5707 60.4189 35.4585 66.3412 60.1891 70.5176 28.7924 71.0211 59.0931 29.5296 42.0476 11.1803 59.0931 62.4252 32.5163 8.24621 23.0868 75.2626 65.7636 36.2215 66.7608 60.4448 37.4833 23.0868 60.4401 55.1543 46.9574 72.111 25.0 26.6833 55.1453 66.8679 33.4215 57.5847 66.4831 51.0078 46.0435 65.7838 48.4665 22.2036 62.2415 50.01 63.0714 71.8483 44.4669 88.0498 53.3104 105.179 
50.1199 58.5235 91.4166 18.0278 35.2278 77.666 67.3647 58.9363 50.5668 86.2844 91.586 59.4811 82.9277 54.4059 81.5397 43.8634 0.0 72.8972 104.363 60.1114 26.8328 20.1246 74.3959 74.5252 41.7852 98.4784 34.4384 78.1025 54.0833 30.5941 15.2315 14.5602 71.0211 53.4509 15.2315 36.6754 42.4853 37.7359 26.2488 75.1066 98.737 22.3607 84.7711 95.1434 80.264 42.2966 18.0278 72.6831 3.60555 28.6356 64.9384 70.2282 20.5183 61.2944 14.3178 94.3152 81.5843 40.3113 88.3735 77.7817 66.7341 53.0 100.032 79.404 31.1448 58.7366 40.1123 83.1865 69.9162 95.7091 
22.8473 16.0312 19.105 67.6831 69.029 11.0454 26.0768 29.1548 22.4722 15.2643 19.8494 42.9419 13.6015 52.7615 60.208 47.5184 72.8972 0.0 34.9857 20.3961 78.4098 57.9741 27.2029 19.6977 31.6228 26.9072 70.3529 31.7805 20.2237 86.8343 85.1469 63.8905 7.07107 52.4769 85.1469 72.589 30.4138 45.0111 47.7598 38.3275 27.8029 51.8652 20.8087 26.4008 38.5876 70.5762 81.837 14.5602 76.4788 93.6499 62.2656 52.6308 70.2427 41.0662 70.6045 27.8927 22.6716 49.3059 34.2053 25.0599 11.1803 68.3769 33.5261 8.544 73.5742 56.1261 41.3717 49.98 14.1421 69.6419 
55.1543 46.0109 17.4642 95.4226 91.3947 26.8701 58.2409 57.4282 55.9732 19.7231 15.8114 56.8859 22.0227 67.897 89.202 68.9493 104.363 34.9857 0.0 46.0435 112.331 87.3368 42.3792 49.0306 65.1153 10.0 104.274 59.2115 50.3289 120.755 117.686 93.6839 33.9706 68.0661 117.686 106.51 62.9365 70.5488 78.4399 67.4759 8.06226 84.8646 42.0119 9.21954 38.1182 90.471 115.261 46.1736 107.968 127.287 72.0069 59.0762 104.139 73.0635 99.2242 11.4018 47.0956 83.2266 27.1662 52.345 45.618 83.6002 8.24621 26.6271 107.495 88.1234 75.2924 77.0065 46.8188 95.2575 
13.0384 6.40312 35.171 50.0284 49.0408 20.2485 38.4761 11.4018 16.0312 29.4109 34.7851 29.5375 25.632 34.3933 72.8638 27.1662 60.1114 20.3961 46.0435 0.0 69.6465 42.069 14.4333 35.609 22.8035 41.2311 61.7458 46.669 7.0 77.8882 73.4382 48.4161 15.0333 33.6286 73.4382 63.9819 19.4266 25.4951 34.1885 51.4376 41.1461 40.8959 40.3113 36.8917 30.0177 50.2494 71.2779 30.0 63.7169 83.4127 48.8774 39.7721 60.9435 54.9397 53.83 35.4683 40.8167 42.3034 31.1292 41.2311 23.4307 47.9878 41.0366 23.3452 65.1331 60.3019 34.3657 63.5348 28.4253 83.1869 
57.6888 67.1193 97.4737 43.9659 61.131 85.6037 66.19 68.4714 56.4004 93.0443 98.0401 78.7904 90.3133 76.1052 65.0308 64.2806 26.8328 78.4098 112.331 69.6465 0.0 42.107 83.931 73.5787 47.4342 105.105 21.0238 71.7747 63.2851 8.48528 20.5913 38.833 78.4098 75.1066 20.5913 24.5967 50.2494 56.6225 41.7732 66.0984 105.772 29.7321 84.2651 103.241 99.5155 68.1542 12.53 72.3028 26.6271 18.4391 88.0057 90.7966 9.21954 52.2015 40.8534 103.228 80.295 35.0571 100.627 74.6437 74.9186 77.9295 109.041 85.9732 9.05539 43.1856 39.0521 70.7107 71.4259 78.4092 
35.5106 42.4433 75.5472 10.0 21.4009 61.5421 59.0339 42.8062 37.1214 70.217 75.5598 39.3573 66.7996 34.7131 80.9938 23.7697 20.1246 57.9741 87.3368 42.069 42.107 0.0 48.5504 64.0703 30.1496 82.3828 41.1468 70.406 37.9712 48.0937 35.3412 6.40312 54.9705 33.7343 35.3412 43.3828 29.0172 17.8045 11.0454 70.1664 83.0203 19.105 73.0616 78.372 60.1924 27.7849 36.8782 60.0083 23.3238 48.3839 46.0435 50.2892 33.3766 57.2713 12.6491 76.6466 71.0282 38.6005 68.3019 68.3593 54.1479 36.1386 82.1149 63.466 42.72 59.8433 34.4384 79.7311 58.0086 95.1893 
27.0414 18.6522 36.1248 54.9039 49.0408 21.587 49.1145 25.5729 29.6973 30.1496 35.0143 16.4924 26.1725 27.1662 83.5023 26.5707 74.3959 27.2029 42.3792 14.4333 83.931 48.5504 0.0 45.3431 37.0628 40.1995 76.1469 57.0088 20.9716 92.1727 87.7227 54.6578 20.2485 27.074 87.7227 78.383 33.6822 31.0188 48.473 62.0761 39.4588 55.1804 48.0104 33.9559 17.1172 48.5077 85.5625 39.6989 78.0014 97.6972 35.3412 25.4951 75.228 64.0907 59.1458 31.0161 49.5782 56.3607 21.4009 50.9902 33.6006 43.1856 35.7771 26.2488 79.3682 74.3593 48.4265 74.1733 38.4187 93.8254 
30.3645 29.4109 31.5753 74.0608 79.555 30.3645 10.0 40.177 27.6586 31.0 33.3766 60.5033 31.257 68.7527 41.1947 60.4189 74.5252 19.6977 49.0306 35.609 73.5787 64.0703 45.3431 0.0 34.0 39.2938 65.4936 12.083 31.7648 82.0444 84.1546 69.0072 26.4197 67.988 84.1546 59.45 35.2278 58.9476 53.0377 19.105 41.0 52.1728 10.8167 42.107 58.1808 82.8352 79.2144 5.65685 77.8781 90.1499 79.8432 70.7379 66.311 24.3178 76.0066 45.0111 7.07107 40.3113 53.7587 5.65685 12.2066 82.2982 50.04 26.4764 66.8072 39.3573 35.1141 30.3645 7.2111 49.98 
10.2956 19.7231 50.6063 40.1123 47.4236 38.2884 29.1204 21.6313 9.21954 46.0109 51.0882 49.7433 43.1393 47.6079 57.6469 35.4585 41.7852 31.6228 65.1153 22.8035 47.4342 30.1496 37.0628 34.0 0.0 58.1378 39.4729 40.5216 16.1555 55.8032 53.535 35.0143 31.1448 46.6167 53.535 41.709 4.12311 27.5754 19.105 40.8707 58.7282 20.2485 43.4166 55.9732 52.6473 51.6236 50.3289 30.2655 45.31 62.2415 60.3158 62.3415 39.0512 33.2992 42.0119 55.8032 41.0122 20.025 53.7587 38.2099 25.0 55.0236 61.6117 38.9487 42.6942 38.6614 12.0416 52.8024 28.2843 71.6101 
48.6004 39.9625 8.06226 91.1775 88.8784 21.0238 48.7032 52.3259 48.9183 12.2066 7.07107 56.0 15.6525 67.0075 79.2275 66.3412 98.4784 26.9072 10.0 41.2311 105.105 82.3828 40.1995 39.2938 58.1378 0.0 97.0485 49.2544 44.4185 113.53 111.4 88.4328 27.4591 67.0298 111.4 94.8034 56.4004 66.4078 72.5899 57.5587 2.23607 78.2432 32.0156 8.06226 40.1622 88.6848 108.467 36.7696 102.083 120.341 72.8354 60.4152 96.9383 63.4509 94.9791 13.0384 37.1214 75.6648 29.9666 42.4264 36.8917 83.0 14.4222 19.2094 100.27 78.5108 68.0672 67.0075 37.5766 85.2877 
49.7609 59.5315 92.8332 46.5873 62.2828 77.5473 45.3461 60.7367 48.3579 84.9874 89.9832 74.4739 82.2564 72.3386 47.2969 60.1891 34.4384 70.3529 104.274 61.7458 21.0238 41.1468 76.1469 65.4936 39.4729 97.0485 0.0 50.9308 55.4738 29.1548 37.0135 40.3449 70.3529 71.3474 37.0135 3.60555 42.4853 52.3061 37.1045 45.3542 97.7153 23.9776 64.5536 95.1838 91.7314 68.8859 30.1496 64.2177 36.4005 39.2173 84.8982 87.0722 17.0 31.3585 45.0136 95.23 59.4511 26.972 92.7178 53.7998 66.8335 76.9516 101.055 77.9163 12.8062 24.5153 30.967 51.0098 63.3408 61.4003 
40.0485 40.3113 42.0119 80.2309 87.8028 42.3792 11.4018 50.2757 37.1594 42.2966 44.0 72.1214 42.9535 79.0326 30.0167 70.5176 78.1025 31.7805 59.2115 46.669 71.7747 70.406 57.0088 12.083 40.5216 49.2544 50.9308 0.0 42.0858 79.6241 85.9069 74.6726 38.4708 78.268 85.9069 47.5913 43.2999 67.7312 59.439 8.544 51.1566 56.0 17.4642 53.0377 70.2353 91.8636 80.0956 17.4929 81.2307 90.098 91.7802 82.356 66.8576 19.7231 81.6149 56.3205 12.1655 39.0512 65.7875 7.07107 23.4307 92.4489 61.0737 38.3275 63.0714 33.2415 38.0132 18.4391 18.6011 37.9473 
6.08276 4.47214 37.5766 47.5902 49.2544 23.6008 33.8692 9.0 9.05539 32.249 37.5899 35.5885 28.8444 36.993 72.3809 28.7924 54.0833 20.2237 50.3289 7.0 63.2851 37.9712 20.9716 31.7648 16.1555 44.4185 55.4738 42.0858 0.0 71.5612 67.3573 44.0114 17.0 36.2284 67.3573 57.7099 13.0384 25.0799 28.178 46.8308 44.6542 34.7131 38.0789 41.1096 36.5561 51.4198 65.1153 26.4008 57.6888 77.2334 49.7406 46.3104 54.6443 48.0332 50.6199 40.3609 37.6962 35.3968 37.6431 37.2156 19.6977 50.5371 46.0977 25.4951 58.6951 53.3954 27.4626 58.928 24.5967 78.5801 
66.0303 75.452 105.898 48.5077 65.7647 94.0213 74.0422 76.713 64.8151 101.469 106.465 85.7454 98.7377 82.6075 71.1126 71.0211 30.5941 86.8343 120.755 77.8882 8.48528 48.0937 92.1727 82.0444 55.8032 113.53 29.1548 79.6241 71.5612 0.0 20.0 44.0454 86.8332 81.6149 20.0 32.7567 58.5235 63.5775 49.0408 73.736 114.197 37.5766 92.7308 111.665 106.234 72.8354 13.0 80.7685 29.4109 12.1655 94.1329 97.6729 17.0 60.0083 44.911 111.606 88.1472 43.5229 108.869 82.4958 83.3843 83.2166 117.414 94.3977 16.5529 50.01 47.5178 77.666 79.8916 84.0238 
62.8013 71.7008 104.043 32.3883 49.0408 90.9065 76.0614 72.2631 62.6817 99.2018 104.403 74.686 96.0469 69.5701 83.863 59.0931 15.2315 85.1469 117.686 73.4382 20.5913 35.3412 87.7227 84.1546 53.535 111.4 37.0135 85.9069 67.3573 20.0 0.0 29.7321 84.0238 68.6222 0.0 40.0125 55.0 52.8394 40.4599 81.6149 111.826 33.2866 94.7048 108.467 95.42 56.0089 8.06226 82.6209 12.3693 14.0 79.8311 85.44 20.025 67.4759 28.1603 107.642 91.0824 46.8722 104.419 86.7171 78.2162 67.2681 113.358 92.2009 28.4605 61.2944 49.0408 88.0 81.744 97.6729 
41.2311 48.4934 81.5972 6.40312 22.4722 67.5921 63.3877 48.8562 42.5793 76.267 81.6098 45.2769 72.8496 39.8497 83.2406 29.5296 14.5602 63.8905 93.6839 48.4161 38.833 6.40312 54.6578 69.0072 35.0143 88.4328 40.3449 74.6726 44.0114 44.0454 29.7321 0.0 61.0205 38.8973 29.7321 42.581 34.3657 24.0832 16.2788 73.3621 88.6573 20.5913 78.3135 84.7191 66.2997 29.4109 32.1403 65.192 17.4642 43.1741 50.4876 55.7136 30.6757 60.407 7.0 82.9937 76.0263 40.7063 74.4093 73.0616 59.5399 39.2046 88.462 69.516 40.7185 61.7809 37.6431 82.8734 63.1981 97.5295 
21.2603 12.53 20.6155 64.5895 64.0703 7.2111 31.832 25.2982 22.0227 15.2643 20.5913 36.2491 12.0416 46.1752 66.2193 42.0476 71.0211 7.07107 33.9706 15.0333 78.4098 54.9705 20.2485 26.4197 31.1448 27.4591 70.3529 38.4708 17.0 86.8332 84.0238 61.0205 0.0 45.8907 84.0238 72.589 29.0689 40.4475 45.1774 44.5982 27.8029 50.9902 27.8029 24.8395 31.7648 65.123 81.3449 21.0238 74.6257 93.3381 55.4707 45.607 70.1783 46.8081 67.6193 25.0599 29.7321 49.3059 28.2843 31.9061 16.2788 61.8934 30.8869 8.544 73.5742 61.8681 41.3717 56.4624 20.2485 76.1577 
40.1623 38.9674 63.1981 37.1214 25.6125 48.5077 70.0514 29.0 43.6073 57.2189 62.0725 11.1803 53.2353 1.0 105.948 11.1803 53.4509 52.4769 68.0661 33.6286 75.1066 33.7343 27.074 67.988 46.6167 67.0298 71.3474 78.268 36.2284 81.6149 68.6222 38.8973 45.8907 0.0 68.6222 73.5834 43.6745 19.4165 34.2345 83.0129 66.1211 47.3814 73.7263 60.2993 32.6497 22.8473 70.6116 62.5787 56.3028 82.0061 13.9284 17.0 66.0303 81.5999 41.5933 56.7186 73.783 62.1661 42.72 73.4419 55.8708 16.1245 60.6383 52.9528 74.1687 83.0066 55.6252 95.1101 60.8063 119.911 
62.8013 71.7008 104.043 32.3883 49.0408 90.9065 76.0614 72.2631 62.6817 99.2018 104.403 74.686 96.0469 69.5701 83.863 59.0931 15.2315 85.1469 117.686 73.4382 20.5913 35.3412 87.7227 84.1546 53.535 111.4 37.0135 85.9069 67.3573 20.0 0.0 29.7321 84.0238 68.6222 0.0 40.0125 55.0 52.8394 40.4599 81.6149 111.826 33.2866 94.7048 108.467 95.42 56.0089 8.06226 82.6209 12.3693 14.0 79.8311 85.44 20.025 67.4759 28.1603 107.642 91.0824 46.8722 104.419 86.7171 78.2162 67.2681 113.358 92.2009 28.4605 61.2944 49.0408 88.0 81.744 97.6729 
51.997 61.7676 86.7896 48.8234 64.5189 79.7834 42.0067 62.9728 50.5939 87.2234 88.2882 76.71 84.4924 74.5747 44.9222 62.4252 36.6754 72.589 106.51 63.9819 24.5967 43.3828 78.383 59.45 41.709 94.8034 3.60555 47.5913 57.7099 32.7567 40.0125 42.581 72.589 73.5834 40.0125 0.0 44.7214 54.5421 39.3406 42.0147 99.9514 26.2136 61.2141 97.4198 93.9675 71.122 33.3766 58.1741 38.694 42.72 87.2825 89.3082 20.0998 28.019 47.2497 97.4661 56.1116 22.3725 94.9538 50.4603 60.7899 79.1877 103.291 80.1524 16.4012 22.1359 33.2031 48.0104 57.2972 59.1354 
7.81025 17.0294 49.0918 39.0128 44.9444 36.0694 31.9057 18.2514 8.24621 44.2041 49.4065 46.8011 41.1096 44.6657 61.7655 32.5163 42.4853 30.4138 62.9365 19.4266 50.2494 29.0172 33.6822 35.2278 4.12311 56.4004 42.4853 43.2999 13.0384 58.5235 55.0 34.3657 29.0689 43.6745 55.0 44.7214 0.0 24.6332 18.1108 43.8349 56.8507 21.9317 44.0454 53.7401 49.2666 48.7647 52.3259 31.0 46.0652 64.3817 58.604 59.3993 41.6173 37.4178 41.3038 53.2635 42.107 24.0832 50.3781 39.989 25.1794 52.0814 59.0339 37.2022 45.7065 42.78 16.1245 55.7666 29.0 75.7287 
28.6574 29.0 60.6383 25.2389 24.1868 45.607 56.3369 16.1245 31.3225 54.8179 60.1664 22.1359 50.9608 20.3961 83.3325 8.24621 37.7359 45.0111 70.5488 25.4951 56.6225 17.8045 31.0188 58.9476 27.5754 66.4078 52.3061 67.7312 25.0799 63.5775 52.8394 24.0832 40.4475 19.4165 52.8394 54.5421 24.6332 0.0 15.2039 68.235 66.1327 28.3416 63.0069 61.4969 42.6608 26.9258 53.4883 54.1525 41.0488 65.3911 33.2415 34.2345 47.4455 58.9848 29.2062 59.7321 65.5321 43.1248 50.7703 63.9078 44.3844 29.0 65.2004 48.8365 55.2007 63.9652 36.5838 80.1667 52.1929 97.2957 
25.0 32.6497 65.7419 21.0238 30.0 51.7492 48.0521 33.0133 26.3059 60.4241 65.7647 37.3717 57.0067 35.2278 71.4003 23.0868 26.2488 47.7598 78.4399 34.1885 41.7732 11.0454 48.473 53.0377 19.105 72.5899 37.1045 59.439 28.178 49.0408 40.4599 16.2788 45.1774 34.2345 40.4599 39.3406 18.1108 15.2039 0.0 59.3356 72.8144 13.1529 62.1289 69.2204 57.8604 35.3553 39.8246 49.0408 29.8329 51.9711 47.8539 49.3779 32.5576 47.1568 23.1948 68.3922 60.0083 29.7321 65.1689 57.3149 43.2897 41.1825 74.1086 53.6656 40.0125 50.9389 24.4131 69.6135 47.0425 85.4459 
47.3976 45.0654 50.1597 79.3764 88.2943 49.2443 13.6015 55.0207 45.3891 50.04 52.0865 82.3731 50.3587 83.7776 22.0907 75.2626 75.1066 38.3275 67.4759 51.4376 66.0984 70.1664 62.0761 19.105 40.8707 57.5587 45.3542 8.544 46.8308 73.736 81.6149 73.3621 44.5982 83.0129 81.6149 42.0147 43.8349 68.235 59.3356 0.0 59.4138 53.6004 25.9615 61.0082 76.1577 92.365 75.3913 23.7697 78.0256 84.4808 96.5252 87.4149 62.1033 14.1421 80.0971 64.0703 20.6155 35.0143 72.5328 15.1327 28.6356 95.6831 69.0 45.5412 57.2451 25.6125 35.7199 12.2066 24.3516 31.7648 
49.0408 40.2244 9.48683 90.9797 88.3008 21.095 50.2892 52.3546 49.5177 12.7279 8.06226 55.0364 15.8114 66.0681 81.1542 65.7636 98.737 27.8029 8.06226 41.1461 105.772 83.0203 39.4588 41.0 58.7282 2.23607 97.7153 51.1566 44.6542 114.197 111.826 88.6573 27.8029 66.1211 111.826 99.9514 56.8507 66.1327 72.8144 59.4138 0.0 78.7464 34.0 6.32456 38.6005 87.9659 109.041 38.2753 102.343 120.967 71.5681 59.0339 97.6051 65.0818 94.7813 11.1803 39.0512 76.6683 28.2312 44.2832 38.0789 82.0244 12.2066 19.799 100.937 80.1417 68.7341 69.0 39.0 87.367 
29.7321 38.8973 70.8025 26.9258 40.4599 58.0 45.0999 39.7207 29.4109 66.0681 71.218 50.5095 63.0317 48.3735 62.6498 36.2215 22.3607 51.8652 84.8646 40.8959 29.7321 19.105 55.1804 52.1728 20.2485 78.2432 23.9776 56.0 34.7131 37.5766 33.2866 20.5913 50.9902 47.3814 33.2866 26.2136 21.9317 28.3416 13.1529 53.6004 78.7464 0.0 62.4422 75.6637 70.7648 46.6154 30.4138 50.3542 25.7099 42.5206 61.0 62.5157 20.6155 40.2616 26.9258 75.0733 59.2284 20.1246 71.8763 55.4437 44.9614 53.7122 80.8084 59.0339 27.0185 41.1964 18.0278 62.6418 49.4773 76.9415 
38.1182 34.7851 25.1794 83.0542 87.1935 29.2062 20.5183 46.8831 36.0 26.5707 27.2947 63.669 28.178 73.4886 47.2652 66.7608 84.7711 20.8087 42.0119 40.3113 84.2651 73.0616 48.0104 10.8167 43.4166 32.0156 64.5536 17.4642 38.0789 92.7308 94.7048 78.3135 27.8029 73.7263 94.7048 61.2141 44.0454 63.0069 62.1289 25.9615 34.0 62.4422 0.0 36.4966 58.258 89.4986 89.8999 13.1529 88.1514 100.836 83.009 73.4098 76.9975 34.2053 85.2877 40.2616 5.38516 50.9978 51.9711 11.1803 19.0263 88.0854 44.5533 24.4131 76.6968 49.0918 45.6946 35.0 15.1327 53.6004 
45.9674 36.7967 11.4018 86.3707 82.9699 17.6918 50.8035 48.2597 46.8615 11.4018 9.21954 49.163 13.0384 60.208 83.006 60.4448 95.1434 26.4008 9.21954 36.8917 103.241 78.372 33.9559 42.107 55.9732 8.06226 95.1838 53.0377 41.1096 111.665 108.467 84.7191 24.8395 60.2993 108.467 97.4198 53.7401 61.4969 69.2204 61.0082 6.32456 75.6637 36.4966 0.0 32.28 82.3772 106.066 38.6394 98.7489 118.106 65.3758 52.7731 95.0158 65.7315 90.133 5.0 41.1947 74.1368 21.9317 46.0109 37.3363 76.1052 8.06226 17.8885 98.405 81.2724 66.2025 71.2531 39.0512 90.0944 
42.6259 34.2366 39.4462 66.4831 57.9828 29.0689 63.2166 41.1573 45.2818 34.4093 37.5899 22.2036 31.241 32.2025 97.6043 37.4833 80.264 38.5876 38.1182 30.0177 99.5155 60.1924 17.1172 58.1808 52.6473 40.1622 91.7314 70.2353 36.5561 106.234 95.42 66.2997 31.7648 32.6497 95.42 93.9675 49.2666 42.6608 57.8604 76.1577 38.6005 70.7648 58.258 32.28 0.0 55.4617 96.1477 52.7731 83.5141 108.048 34.0588 21.0 90.102 78.1927 70.7672 27.6586 61.0328 71.9452 11.0 63.6318 47.5395 46.8402 30.0167 33.9706 94.9526 89.9437 64.0109 88.1419 51.8941 107.838 
52.7898 54.9181 84.0952 24.3311 7.07107 69.029 80.4693 42.72 55.4549 78.1025 83.2166 33.8378 74.108 23.2594 106.527 23.0868 42.2966 70.5762 90.471 50.2494 68.1542 27.7849 48.5077 82.8352 51.6236 88.6848 68.8859 91.8636 51.4198 72.8354 56.0089 29.4109 65.123 22.8473 56.0089 71.122 48.7647 26.9258 35.3553 92.365 87.9659 46.6154 89.4986 82.3772 55.4617 0.0 60.2993 77.586 44.0454 70.0071 27.2029 37.6431 60.0833 82.1797 28.0713 79.0759 88.9466 65.0692 65.5515 88.0402 70.9189 12.083 83.2406 73.0068 70.0071 86.2912 59.5483 104.297 75.7293 120.491 
60.1082 69.3109 100.896 36.0555 53.2353 88.3912 71.0341 70.1028 59.5483 96.3328 101.415 75.6108 93.3809 71.5891 76.4199 60.4401 18.0278 81.837 115.261 71.2779 12.53 36.8782 85.5625 79.2144 50.3289 108.467 30.1496 80.0956 65.1153 13.0 8.06226 32.1403 81.3449 70.6116 8.06226 33.3766 52.3259 53.4883 39.8246 75.3913 109.041 30.4138 89.8999 106.066 96.1477 60.2993 0.0 77.8972 16.4924 12.2066 82.6075 87.0919 13.3417 61.3956 32.249 105.475 86.0789 41.1096 102.258 81.6898 74.7667 71.007 111.198 89.2749 20.6155 54.037 44.2945 81.0987 77.0203 90.0944 
25.4951 23.8537 28.7924 70.0071 74.7599 25.4951 12.1655 34.9278 23.0868 27.2947 30.3645 54.8514 27.0 63.3434 45.7056 55.1543 72.6831 14.5602 46.1736 30.0 72.3028 60.0083 39.6989 5.65685 30.2655 36.7696 64.2177 17.4929 26.4008 80.7685 82.6209 65.192 21.0238 62.5787 82.6209 58.1741 31.0 54.1525 49.0408 23.7697 38.2753 50.3542 13.1529 38.6394 52.7731 77.586 77.8972 0.0 76.0634 88.874 74.1913 65.0859 65.0352 27.1172 72.1734 41.1096 11.4018 39.0355 48.7647 11.3137 6.7082 76.922 46.3897 22.0227 67.4389 42.1772 33.6356 35.4683 2.0 55.1543 
53.7122 62.1289 95.0158 20.0998 37.0135 81.2712 70.5762 62.5418 54.1295 89.8888 95.1893 62.6498 86.5332 57.2451 83.5583 46.9574 3.60555 76.4788 107.968 63.7169 26.6271 23.3238 78.0014 77.8781 45.31 102.083 36.4005 81.2307 57.6888 29.4109 12.3693 17.4642 74.6257 56.3028 12.3693 38.694 46.0652 41.0488 29.8329 78.0256 102.343 25.7099 88.1514 98.7489 83.5141 44.0454 16.4924 76.0634 0.0 26.1725 67.4685 73.1642 21.4009 64.1249 16.0 97.9207 84.9294 43.1045 91.6236 81.0494 70.24 55.0818 103.637 83.006 31.8904 60.7552 43.2897 85.8429 73.422 97.7276 
72.1388 81.3941 112.714 46.2709 63.0317 100.419 84.5134 82.2375 71.4493 108.245 113.278 87.4643 105.361 82.9699 83.0241 72.111 28.6356 93.6499 127.287 83.4127 18.4391 48.3839 97.6972 90.1499 62.2415 120.341 39.2173 90.098 77.2334 12.1655 14.0 43.1741 93.3381 82.0061 14.0 42.72 64.3817 65.3911 51.9711 84.4808 120.967 42.5206 100.836 118.106 108.048 70.0071 12.2066 88.874 26.1725 0.0 93.5575 98.6712 23.8537 70.5257 42.107 117.593 97.0144 51.6432 114.393 92.967 86.5797 81.2219 123.329 101.178 27.4591 61.5224 55.4707 89.1067 87.9971 96.0833 
53.6746 53.0964 70.342 47.5395 32.6497 56.648 83.5637 42.5244 57.1196 64.56 68.884 19.4165 60.7289 13.0 119.695 25.0 64.9384 62.2656 72.0069 48.8774 88.0057 46.0435 35.3412 79.8432 60.3158 72.8354 84.8982 91.7802 49.7406 94.1329 79.8311 50.4876 55.4707 13.9284 79.8311 87.2825 58.604 33.2415 47.8539 96.5252 71.5681 61.0 83.009 65.3758 34.0588 27.2029 82.6075 74.1913 67.4685 93.5575 0.0 13.1529 79.0569 95.3474 51.923 61.131 84.2775 75.8651 45.0444 85.4965 68.0465 15.5563 64.0078 61.4654 87.5728 96.7056 69.3242 108.622 72.8794 133.658 
52.1207 43.991 58.5235 54.1202 41.7732 45.6508 74.4533 40.9706 55.5657 52.9245 56.921 13.3417 49.2443 16.1245 108.841 26.6833 70.2282 52.6308 59.0762 39.7721 90.7966 50.2892 25.4951 70.7379 62.3415 60.4152 87.0722 82.356 46.3104 97.6729 85.44 55.7136 45.607 17.0 85.44 89.3082 59.3993 34.2345 49.3779 87.4149 59.0339 62.5157 73.4098 52.7731 21.0 37.6431 87.0919 65.0859 73.1642 98.6712 13.1529 0.0 81.6195 93.7935 58.5918 48.3735 75.0733 77.8909 32.0 76.3911 58.9411 27.2947 51.0098 50.6063 89.3748 98.7313 71.3499 99.5121 63.774 119.164 
49.2037 58.6003 89.3066 36.2491 53.1413 77.3369 58.1308 59.7683 48.1664 84.8772 89.873 69.6133 82.134 67.0298 63.9531 55.1453 20.5183 70.2427 104.139 60.9435 9.21954 33.3766 75.228 66.311 39.0512 96.9383 17.0 66.8576 54.6443 17.0 20.025 30.6757 70.1783 66.0303 20.025 20.0998 41.6173 47.4455 32.5576 62.1033 97.6051 20.6155 76.9975 95.0158 90.102 60.0833 13.3417 65.0352 21.4009 23.8537 79.0569 81.6195 0.0 48.1764 33.6155 94.8103 73.1756 27.8766 91.9239 69.1828 63.1725 69.4262 100.603 77.8061 10.6301 41.3038 31.6228 68.0074 64.1583 77.8781 
41.9557 51.1209 55.607 66.4831 77.1259 52.1073 15.0 53.8429 39.9472 54.4072 57.2969 81.1953 54.1832 82.2401 25.6125 66.8679 61.2944 41.0662 73.0635 54.9397 52.2015 57.2713 64.0907 24.3178 33.2992 63.4509 31.3585 19.7231 48.0332 60.0083 67.4759 60.407 46.8081 81.5999 67.4759 28.019 37.4178 58.9848 47.1568 14.1421 65.0818 40.2616 34.2053 65.7315 78.1927 82.1797 61.3956 27.1172 64.1249 70.5257 95.3474 93.7935 48.1764 0.0 67.0522 68.4366 29.0689 21.0238 75.0096 23.3452 30.6542 86.433 73.5059 49.1152 43.4626 15.2315 22.8473 22.4722 27.0 38.9487 
48.0521 55.0921 88.1959 4.47214 21.0238 74.0612 70.3491 55.4549 49.4975 82.8658 88.2085 49.2037 79.438 42.4853 89.4427 33.4215 14.3178 70.6045 99.2242 53.83 40.8534 12.6491 59.1458 76.0066 42.0119 94.9791 45.0136 81.6149 50.6199 44.911 28.1603 7.0 67.6193 41.5933 28.1603 47.2497 41.3038 29.2062 23.1948 80.0971 94.7813 26.9258 85.2877 90.133 70.7672 28.0713 32.249 72.1734 16.0 42.107 51.923 58.5918 33.6155 67.0522 0.0 88.4076 83.0241 47.0106 78.8973 80.0562 66.4831 39.1152 93.8758 76.1147 44.1022 67.9433 44.3847 89.493 70.1783 103.755 
45.607 36.2353 15.6525 84.6059 80.0062 17.8885 53.2353 46.8615 46.8722 14.0357 13.4164 45.5412 14.3178 56.5685 86.1452 57.5847 94.3152 27.8927 11.4018 35.4683 103.228 76.6466 31.0161 45.0111 55.8032 13.0384 95.23 56.3205 40.3609 111.606 107.642 82.9937 25.0599 56.7186 107.642 97.4661 53.2635 59.7321 68.3922 64.0703 11.1803 75.0733 40.2616 5.0 27.6586 79.0759 105.475 41.1096 97.9207 117.593 61.131 48.3735 94.8103 68.4366 88.4076 0.0 44.7214 74.183 17.088 49.2544 39.0512 72.3395 5.83095 19.4165 98.4513 83.4966 66.2488 74.6726 41.3038 93.7443 
36.8782 34.8855 30.0167 81.0247 86.1396 32.249 15.8114 46.2884 34.3657 30.8058 32.0624 64.9376 31.9531 74.5476 42.107 66.4831 81.5843 22.6716 47.0956 40.8167 80.295 71.0282 49.5782 7.07107 41.0122 37.1214 59.4511 12.1655 37.6962 88.1472 91.0824 76.0263 29.7321 73.783 91.0824 56.1116 42.107 65.5321 60.0083 20.6155 39.0512 59.2284 5.38516 41.1947 61.0328 88.9466 86.0789 11.4018 84.9294 97.0144 84.2775 75.0733 73.1756 29.0689 83.0241 44.7214 0.0 47.1759 55.4617 5.83095 18.0278 88.1419 49.2544 27.7308 71.5943 43.8292 42.0595 30.0666 13.3417 49.0306 
29.3193 38.4845 67.6509 47.0106 59.4643 56.5003 32.8927 41.2032 27.3109 63.9404 69.1496 65.2926 61.2094 63.1573 42.5441 51.0078 40.3113 49.3059 83.2266 42.3034 35.0571 38.6005 56.3607 40.3113 20.025 75.6648 26.972 39.0512 35.3968 43.5229 46.8722 40.7063 49.3059 62.1661 46.8722 22.3725 24.0832 43.1248 29.7321 35.0143 76.6683 20.1246 50.9978 74.1368 71.9452 65.0692 41.1096 39.0355 43.1045 51.6432 75.8651 77.8909 27.8766 21.0238 47.0106 74.183 47.1759 0.0 72.9864 41.3463 41.6512 70.4557 80.008 56.8693 30.1933 21.2611 8.0 42.9535 38.1586 56.8243 
43.6807 34.7131 30.4795 74.6554 67.5352 23.4094 60.0334 42.2688 46.0977 26.2488 28.4253 31.7805 23.8537 42.3792 94.3663 46.0435 88.3735 34.2053 27.1662 31.1292 100.627 68.3019 21.4009 53.7587 53.7587 29.9666 92.7178 65.7875 37.6431 108.869 104.419 74.4093 28.2843 42.72 104.419 94.9538 50.3781 50.7703 65.1689 72.5328 28.2312 71.8763 51.9711 21.9317 11.0 65.5515 102.258 48.7647 91.6236 114.393 45.0444 32.0 91.9239 75.0096 78.8973 17.088 55.4617 72.9864 0.0 58.8727 44.5533 57.4891 19.0263 27.7308 96.0641 90.0695 65.0522 84.119 48.2701 103.73 
35.4683 35.0 35.0571 78.3135 84.5058 35.4683 10.7703 45.5418 32.5853 35.2278 37.0135 66.1565 35.9026 74.2066 37.0 65.7838 77.7817 25.0599 52.345 41.2311 74.6437 68.3593 50.9902 5.65685 38.2099 42.4264 53.7998 7.07107 37.2156 82.4958 86.7171 73.0616 31.9061 73.4419 86.7171 50.4603 39.989 63.9078 57.3149 15.1327 44.2832 55.4437 11.1803 46.0109 63.6318 88.0402 81.6898 11.3137 81.0494 92.967 85.4965 76.3911 69.1828 23.3452 80.0562 49.2544 5.83095 41.3463 58.8727 0.0 17.8045 87.7097 54.037 31.3209 65.943 38.0132 37.855 25.4951 12.8062 44.9222 
19.105 17.2047 28.8444 64.1249 68.3231 22.0227 15.678 28.2607 17.0294 26.0 30.0167 48.7065 24.7386 56.6355 50.0657 48.4665 66.7341 11.1803 45.618 23.4307 74.9186 54.1479 33.6006 12.2066 25.0 36.8917 66.8335 23.4307 19.6977 83.3843 78.2162 59.5399 16.2788 55.8708 78.2162 60.7899 25.1794 44.3844 43.2897 28.6356 38.0789 44.9614 19.0263 37.3363 47.5395 70.9189 74.7667 6.7082 70.24 86.5797 68.0465 58.9411 63.1725 30.6542 66.4831 39.0512 18.0278 41.6512 44.5533 17.8045 0.0 70.214 44.643 19.6469 70.0547 45.7141 36.2514 40.7063 5.0 60.3738 
54.3433 53.3266 79.3095 35.0143 18.4391 64.6297 84.2324 42.72 57.7883 73.3348 78.1601 27.0 69.3542 16.0312 110.781 22.2036 53.0 68.3769 83.6002 47.9878 77.9295 36.1386 43.1856 82.2982 55.0236 83.0 76.9516 92.4489 50.5371 83.2166 67.2681 39.2046 61.8934 16.1245 67.2681 79.1877 52.0814 29.0 41.1825 95.6831 82.0244 53.7122 88.0854 76.1052 46.8402 12.083 71.007 76.922 55.0818 81.2219 15.5563 27.2947 69.4262 86.433 39.1152 72.3395 88.1419 70.4557 57.4891 87.7097 70.214 0.0 75.9539 69.0507 78.848 91.4002 64.0312 107.615 75.1332 124.744 
51.4004 42.0119 19.4165 90.0742 84.5044 23.7065 58.5491 52.4023 52.6972 19.105 17.2627 49.4773 19.9249 60.4152 91.022 62.2415 100.032 33.5261 8.24621 41.0366 109.041 82.1149 35.7771 50.04 61.6117 14.4222 101.055 61.0737 46.0977 117.414 113.358 88.462 30.8869 60.6383 113.358 103.291 59.0339 65.2004 74.1086 69.0 12.2066 80.8084 44.5533 8.06226 30.0167 83.2406 111.198 46.3897 103.637 123.329 64.0078 51.0098 100.603 73.5059 93.8758 5.83095 49.2544 80.008 19.0263 54.037 44.643 75.9539 0.0 25.0 104.276 88.9019 72.0738 79.3095 46.6905 98.1529 
29.4109 21.0238 12.083 73.085 72.2496 5.0 34.0147 33.8378 29.7321 7.07107 12.2066 42.72 5.09902 53.1507 67.6018 50.01 79.404 8.544 26.6271 23.3452 85.9732 63.466 26.2488 26.4764 38.9487 19.2094 77.9163 38.3275 25.4951 94.3977 92.2009 69.516 8.544 52.9528 92.2009 80.1524 37.2022 48.8365 53.6656 45.5412 19.799 59.0339 24.4131 17.8885 33.9706 73.0068 89.2749 22.0227 83.006 101.178 61.4654 50.6063 77.8061 49.1152 76.1147 19.4165 27.7308 56.8693 27.7308 31.3209 19.6469 69.0507 25.0 0.0 81.1376 64.1751 48.9351 56.7539 22.0227 76.243 
52.9822 62.4149 92.6381 46.5296 63.1585 80.7686 57.4894 63.958 51.5791 88.2086 93.2045 77.3686 85.4776 75.1665 56.0803 63.0714 31.1448 73.5742 107.495 65.1331 9.05539 42.72 79.3682 66.8072 42.6942 100.27 12.8062 63.0714 58.6951 16.5529 28.4605 40.7185 73.5742 74.1687 28.4605 16.4012 45.7065 55.2007 40.0125 57.2451 100.937 27.0185 76.6968 98.405 94.9526 70.0071 20.6155 67.4389 31.8904 27.4591 87.5728 89.3748 10.6301 43.4626 44.1022 98.4513 71.5943 30.1933 96.0641 65.943 70.0547 78.848 104.276 81.1376 0.0 34.1321 34.1882 61.6604 66.562 69.5845 
47.3179 56.4831 70.6669 68.1219 80.722 67.1672 30.0599 59.2051 45.3094 69.8788 72.3569 86.1331 69.2432 83.9978 22.8035 71.8483 58.7366 56.1261 88.1234 60.3019 43.1856 59.8433 74.3593 39.3573 38.6614 78.5108 24.5153 33.2415 53.3954 50.01 61.2944 61.7809 61.8681 83.0066 61.2944 22.1359 42.78 63.9652 50.9389 25.6125 80.1417 41.1964 49.0918 81.2724 89.9437 86.2912 54.037 42.1772 60.7552 61.5224 96.7056 98.7313 41.3038 15.2315 67.9433 83.4966 43.8292 21.2611 90.0695 38.0132 45.7141 91.4002 88.9019 64.1751 34.1321 0.0 27.4591 27.6586 42.0599 37.0 
21.3851 30.5503 60.4356 43.6578 54.4059 48.5661 27.2947 33.2436 19.3766 56.0061 61.002 58.7517 53.2751 56.6164 47.0106 44.4669 40.1123 41.3717 75.2924 34.3657 39.0521 34.4384 48.4265 35.1141 12.0416 68.0672 30.967 38.0132 27.4626 47.5178 49.0408 37.6431 41.3717 55.6252 49.0408 33.2031 16.1245 36.5838 24.4131 35.7199 68.7341 18.0278 45.6946 66.2025 64.0109 59.5483 44.2945 33.6356 43.2897 55.4707 69.3242 71.3499 31.6228 22.8473 44.3847 66.2488 42.0595 8.0 65.0522 37.855 36.2514 64.0312 72.0738 48.9351 34.1882 27.4591 0.0 45.31 32.7587 61.0328 
59.3293 57.1626 60.075 88.955 99.5827 60.7289 25.807 67.1179 57.3208 60.6712 62.1289 94.4703 61.3922 95.8748 13.0 88.0498 83.1865 49.98 77.0065 63.5348 70.7107 79.7311 74.1733 30.3645 52.8024 67.0075 51.0098 18.4391 58.928 77.666 88.0 82.8734 56.4624 95.1101 88.0 48.0104 55.7666 80.1667 69.6135 12.2066 69.0 62.6418 35.0 71.2531 88.1419 104.297 81.0987 35.4683 85.8429 89.1067 108.622 99.5121 68.0074 22.4722 89.493 74.6726 30.0666 42.9535 84.119 25.4951 40.7063 107.615 79.3095 56.7539 61.6604 27.6586 45.31 0.0 36.2491 19.6977 
23.5372 22.2036 29.5466 68.0074 72.8003 25.1794 12.0 33.0711 21.095 27.6586 31.0161 53.5394 27.074 61.571 46.0977 53.3104 69.9162 14.1421 46.8188 28.4253 71.4259 58.0086 38.4187 7.2111 28.2843 37.5766 63.3408 18.6011 24.5967 79.8916 81.744 63.1981 20.2485 60.8063 81.744 57.2972 29.0 52.1929 47.0425 24.3516 39.0 49.4773 15.1327 39.0512 51.8941 75.7293 77.0203 2.0 73.422 87.9971 72.8794 63.774 64.1583 27.0 70.1783 41.3038 13.3417 38.1586 48.2701 12.8062 5.0 75.1332 46.6905 22.0227 66.562 42.0599 32.7587 36.2491 0.0 55.9464 
