NAME  : Jabali_70_2_0.90_1_0
TYPE : SVRP
MODEL : FINITE_SUPPORT
NUMBER_OF_SCENARIOS : 200
DIMENSION : 70
EDGE_WEIGHT_TYPE : MATRIX
CAPACITY : 201
N_VEHICLES : 2
NODE_COORD_SECTION
1 4537 4184
2 5486 8224
3 2996 5505
4 4736 4923
5 806 3566
6 1816 6745
7 2051 333
8 2466 2641
9 27 6053
10 4004 7297
11 4532 2239
12 6318 3682
13 6982 3404
14 1937 4371
15 1282 3155
16 2616 636
17 6736 7434
18 1589 2310
19 4812 6940
20 4606 7439
21 2414 18
22 4516 6271
23 2527 251
24 7041 4184
25 3314 652
26 1283 3443
27 5020 4149
28 8211 3585
29 936 2133
30 3715 428
31 7823 3446
32 2441 2780
33 4440 2688
34 694 5916
35 5684 3268
36 6268 1122
37 7773 5374
38 366 6400
39 4129 4496
40 1008 5340
41 4685 6570
42 1582 2143
43 3398 5552
44 6946 6415
45 6812 4451
46 3652 3240
47 3459 1949
48 1113 1336
49 5729 7795
50 3708 5853
51 4374 3776
52 7013 5201
53 6909 6548
54 6585 1975
55 5725 3488
56 7283 2658
57 586 5344
58 2336 1094
59 7560 2097
60 2354 3720
61 1519 6342
62 1120 5850
63 6962 5483
64 3972 1029
65 5628 4788
66 4295 5296
67 483 4780
68 2403 5721
69 4947 3540
70 5662 5922
DEMAND_SECTION
1 0.0
2 1.0
3 8.0
4 7.0
5 2.0
6 1.0
7 4.0
8 10.0
9 8.0
10 9.0
11 5.0
12 8.0
13 2.0
14 5.0
15 4.0
16 4.0
17 7.0
18 1.0
19 9.0
20 10.0
21 10.0
22 6.0
23 2.0
24 5.0
25 3.0
26 9.0
27 4.0
28 5.0
29 5.0
30 4.0
31 5.0
32 7.0
33 3.0
34 8.0
35 5.0
36 6.0
37 10.0
38 6.0
39 1.0
40 2.0
41 5.0
42 4.0
43 4.0
44 5.0
45 6.0
46 1.0
47 8.0
48 8.0
49 3.0
50 1.0
51 8.0
52 5.0
53 7.0
54 4.0
55 7.0
56 2.0
57 9.0
58 5.0
59 7.0
60 1.0
61 9.0
62 4.0
63 4.0
64 8.0
65 2.0
66 8.0
67 2.0
68 4.0
69 5.0
70 5.0
DEVIATION_SECTION
1 0.0
2 0.333333
3 2.66667
4 2.33333
5 0.666667
6 0.333333
7 1.33333
8 3.33333
9 2.66667
10 3.0
11 1.66667
12 2.66667
13 0.666667
14 1.66667
15 1.33333
16 1.33333
17 2.33333
18 0.333333
19 3.0
20 3.33333
21 3.33333
22 2.0
23 0.666667
24 1.66667
25 1.0
26 3.0
27 1.33333
28 1.66667
29 1.66667
30 1.33333
31 1.66667
32 2.33333
33 1.0
34 2.66667
35 1.66667
36 2.0
37 3.33333
38 2.0
39 0.333333
40 0.666667
41 1.66667
42 1.33333
43 1.33333
44 1.66667
45 2.0
46 0.333333
47 2.66667
48 2.66667
49 1.0
50 0.333333
51 2.66667
52 1.66667
53 2.33333
54 1.33333
55 2.33333
56 0.666667
57 3.0
58 1.66667
59 2.33333
60 0.333333
61 3.0
62 1.33333
63 1.33333
64 2.66667
65 0.666667
66 2.66667
67 0.666667
68 1.33333
69 1.66667
70 1.66667
DISTANCE_MATRIX
0.0 56.6039 27.5572 10.0 56.9576 50.8254 62.0508 40.8407 67.2632 43.566 25.9615 26.0454 35.2485 43.3743 55.5592 54.8735 53.5876 53.7953 38.0789 44.5982 62.5565 29.4109 59.735 36.6382 51.041 53.6594 7.28011 51.2397 62.8503 52.3546 46.5377 40.0817 20.2485 58.3455 19.4165 48.5077 51.5623 64.7559 7.07107 52.925 33.2415 54.733 24.3516 45.8058 37.3725 19.872 33.4945 63.7266 52.2015 25.1794 5.65685 41.1914 46.7805 41.5933 18.6056 42.6586 57.9407 52.2067 49.7131 37.8084 50.8109 53.0472 40.8021 44.2832 25.198 15.1327 63.6182 35.9545 9.48683 28.4164 
56.6039 0.0 49.2443 46.6476 86.4523 55.1453 116.946 82.8952 80.3057 23.5372 81.9886 61.9198 67.0298 69.4622 85.2486 111.473 20.0 95.7435 19.8494 16.1555 119.156 29.0 116.335 56.0357 107.641 83.3488 55.8195 70.406 100.522 108.908 69.5845 82.1381 76.5629 72.8354 66.7608 96.7035 48.0833 75.1066 55.4437 72.5328 24.7588 96.6812 45.4863 30.3645 53.3385 73.5346 90.0945 109.222 6.08276 40.2244 62.1289 45.0999 30.6757 85.7088 64.56 78.0 77.1298 106.422 86.0233 75.6042 60.531 68.2495 42.19 100.737 49.7695 43.2782 81.9085 53.4883 63.5177 31.3209 
27.5572 49.2443 0.0 24.8395 37.2156 23.3238 72.0149 38.0789 40.7185 27.5862 49.366 53.334 63.2518 20.2485 36.1308 67.7791 55.5788 50.5475 30.0832 33.2866 75.2396 22.3607 72.6154 63.9269 67.9117 34.231 32.8027 78.5284 51.4037 71.1283 73.8264 37.1618 43.4166 31.7805 46.7571 75.9618 61.0983 37.7359 21.4516 27.4591 25.9615 49.2329 5.09902 52.2398 64.6611 32.0624 51.202 61.3368 47.5395 10.0499 39.1194 50.7346 53.2353 69.0992 45.8942 69.9473 32.5576 61.7414 77.0018 27.8029 23.3452 26.4008 50.3289 64.2806 35.258 17.4929 35.0143 8.60233 37.0338 34.5254 
10.0 46.6476 24.8395 0.0 54.2972 47.5079 72.0428 50.8327 65.0 35.0143 35.4683 32.313 41.8791 37.9756 52.8988 64.8655 43.5876 63.7873 28.4605 35.171 72.5485 20.2237 69.727 42.5542 61.0328 50.999 10.0499 57.1557 68.1717 62.2656 52.4537 50.0737 29.9666 56.0803 24.6959 55.3263 41.5623 62.426 11.4018 50.662 23.7697 64.725 20.5183 35.8058 43.2884 29.864 43.4865 73.7186 42.2019 19.2354 15.6205 31.1914 36.7805 47.1496 23.8293 51.9574 55.6776 62.1987 60.0364 41.1871 48.1664 50.774 30.8021 54.1202 15.198 8.06226 56.6476 33.4215 17.2627 18.4164 
56.9576 86.4523 37.2156 54.2972 0.0 43.8292 45.0111 28.0217 36.3456 64.405 51.4645 72.4834 81.5811 17.0 9.21954 44.5533 91.0934 18.6815 67.082 70.4911 50.04 58.6941 48.1664 83.0763 49.6488 6.7082 60.9058 97.5767 17.4642 54.7814 92.7135 28.6786 52.4229 32.1403 64.3296 78.0235 92.2642 39.0 50.4547 24.5153 62.6498 19.4165 41.1461 85.5822 83.8105 39.2739 39.3005 27.8927 84.5281 46.5188 51.5262 81.8932 86.5784 79.5851 64.8225 87.7839 25.0 37.4833 93.9299 22.1746 38.0789 31.0483 81.5039 51.9711 65.8999 48.4048 18.2483 34.6554 55.141 67.5709 
50.8254 55.1453 23.3238 47.5079 43.8292 0.0 86.5852 55.0818 25.1794 32.0156 71.3092 76.6021 83.5696 31.4006 46.8402 84.0791 68.0661 58.9406 41.0 40.05 90.802 37.5766 88.4718 84.2446 86.093 44.2719 56.0357 96.0218 60.9262 90.0 94.1441 54.0833 65.521 18.3848 70.0252 98.3503 80.7775 20.0 44.7197 21.2132 39.2173 60.1664 27.0185 68.7095 84.9789 52.9528 70.1142 71.3092 56.0357 29.0689 61.6879 71.0282 69.6419 92.3674 69.1623 93.2154 24.4131 77.2924 100.27 42.2966 6.40312 15.0 70.1783 84.214 56.8885 39.6232 31.1448 15.8114 60.3019 52.8394 
62.0508 116.946 72.0149 72.0428 45.0111 86.5852 0.0 34.1321 81.0987 98.4784 41.7852 71.3092 76.922 55.5286 39.8121 8.06226 115.629 27.6586 97.1091 102.314 5.83095 87.9586 5.83095 81.2864 17.1172 42.5793 65.4435 91.9837 28.1603 21.8403 87.0976 34.9857 44.2945 77.1038 61.8466 58.4209 100.004 84.006 78.159 69.2604 92.1923 26.4764 73.5731 109.429 82.0206 47.8771 28.6531 18.9737 114.242 77.9359 56.6193 93.0496 110.319 65.0692 63.561 76.6551 70.0071 10.6301 78.0256 45.6542 81.5843 75.5381 102.843 27.0 87.2392 76.1091 63.0317 74.1727 58.0118 90.4575 
40.8407 82.8952 38.0789 50.8327 28.0217 55.0818 34.1321 0.0 62.8705 64.3506 27.853 56.333 63.0766 24.0832 19.3178 29.7321 93.1509 13.0623 63.0588 68.2495 37.1618 53.9082 34.5398 66.4986 31.0161 22.4642 44.7889 78.8828 22.1172 35.1283 73.8889 1.0 28.8114 50.1699 46.8597 54.4119 92.3934 57.7781 44.1086 41.9931 58.142 14.0 39.4462 86.6369 67.2328 23.1569 16.5529 26.5407 79.8627 43.8292 35.4092 82.0224 87.6115 55.9736 48.3844 65.1774 50.8803 23.7065 68.6981 13.1529 51.0392 46.8727 81.6331 30.3645 66.0291 42.0588 45.3113 40.7922 37.9824 69.2474 
67.2632 80.3057 40.7185 65.0 36.3456 25.1794 81.0987 62.8705 0.0 57.0351 79.1312 92.9457 102.149 34.4093 43.6807 80.895 92.4392 54.9181 65.2763 65.0077 86.2844 60.4152 84.4808 103.539 85.6154 40.5216 72.5087 118.14 53.0094 90.5207 113.438 56.243 73.8726 8.94427 84.9881 107.703 101.769 5.83095 61.1576 15.6205 62.8013 55.7315 45.6946 91.6788 104.273 60.3447 73.49 63.0317 81.0062 49.6488 71.9885 91.4285 92.6499 104.139 85.2848 108.281 12.083 73.8241 114.405 44.0931 20.025 14.3178 91.0 86.9394 75.94 58.1378 18.1108 32.311 75.6033 74.6324 
43.566 23.5372 27.5862 35.0143 64.405 32.0156 98.4784 64.3506 57.0351 0.0 69.4262 57.4891 66.7509 47.634 63.6181 93.6314 36.6879 77.1274 11.3137 8.06226 101.249 15.1327 98.5505 55.2228 92.5716 61.7183 45.0 73.9256 78.891 94.7612 71.5542 63.5138 63.561 49.366 59.1354 90.1407 55.2268 52.0096 39.8497 49.0408 13.0 78.0652 25.0 40.0 51.3819 55.5689 74.8087 88.8241 24.0208 20.5913 48.2701 47.7074 40.8044 80.895 57.2189 76.8292 53.6004 87.983 84.9406 55.2268 37.1214 44.7214 45.8039 87.2158 41.1947 28.4429 58.5235 30.4138 52.1536 28.6531 
25.9615 81.9886 49.366 35.4683 51.4645 71.3092 41.7852 27.853 79.1312 69.4262 0.0 29.5466 35.5106 44.7602 42.7606 34.0147 75.9015 35.7481 63.9062 70.5195 41.1825 55.3624 38.4708 39.5014 27.8029 45.9071 26.9258 51.1566 44.3526 27.6586 46.1736 28.6849 6.0 71.2969 20.1246 29.0689 58.2191 78.8386 30.0666 63.5359 59.1354 36.2077 48.0104 65.4048 40.2357 18.7883 14.0357 45.0999 77.5134 50.1597 21.2132 51.2646 66.294 28.6356 21.9545 37.3363 67.4297 32.7567 41.1096 38.9112 68.9493 67.0882 54.3399 19.2094 34.7577 41.0 64.7444 55.5428 18.868 52.9265 
26.0454 61.9198 53.334 32.313 72.4834 76.6021 71.3092 56.333 92.9457 57.4891 29.5466 0.0 10.0 58.9001 70.4396 63.561 52.3958 64.2281 48.2597 55.2268 70.6612 42.45 67.9779 10.7213 56.9386 69.1852 21.2434 25.2982 72.8326 55.8032 20.6155 54.5632 27.6586 84.7547 9.48683 34.9285 29.439 92.1452 33.0681 77.3326 44.7214 64.6877 47.5615 39.3575 11.4556 35.3553 43.0116 73.5821 58.9547 45.0048 26.3097 22.4845 39.826 24.0208 8.06226 19.7231 81.4967 61.9839 27.7308 53.3341 76.5877 80.1662 25.5599 47.4342 17.4929 34.9288 79.1439 61.7312 17.7536 31.0161 
35.2485 67.0298 63.2518 41.8791 81.5811 83.5696 76.922 63.0766 102.149 66.7509 35.5106 10.0 0.0 68.1032 79.6264 68.9638 52.8867 70.9717 55.5757 62.3709 75.6108 51.7761 73.0548 11.0 61.4654 77.7265 30.4465 16.1245 79.5762 59.4811 11.1803 63.9085 35.0 93.9578 17.2627 32.249 26.4008 101.348 42.2712 86.5357 52.8736 71.4313 57.1276 39.5601 14.5602 44.3847 49.4975 80.3258 61.0737 54.5709 35.5128 22.561 39.8497 20.1246 16.7631 11.1803 90.6998 68.2495 19.4165 62.4318 86.5055 89.3693 25.7099 51.4782 27.2267 44.4949 88.347 71.6491 26.9258 37.6563 
43.3743 69.4622 20.2485 37.9756 17.0 31.4006 55.5286 24.0832 34.4093 47.634 44.7602 58.9001 68.1032 0.0 16.1245 52.9715 74.4648 27.9571 50.0899 53.535 59.6948 41.7852 57.3643 69.4929 55.0091 14.2127 47.3225 84.0944 31.4006 59.2115 79.3924 23.0868 39.5016 26.8328 50.9424 73.3321 75.9426 34.4384 34.1331 18.868 45.6946 29.2376 24.1661 69.2604 70.2272 25.9737 40.025 41.3401 67.5426 29.5466 37.9428 65.5716 70.2567 70.0071 51.2392 74.235 22.6716 46.1849 80.3593 11.0 27.0 23.0868 65.1823 54.1295 49.5783 32.0624 20.5913 18.868 41.5576 51.2445 
55.5592 85.2486 36.1308 52.8988 9.21954 46.8402 39.8121 19.3178 43.6807 63.6181 42.7606 70.4396 79.6264 16.1245 0.0 38.0 89.9279 12.1655 65.7653 69.3894 44.2832 57.3072 42.107 81.6708 41.9762 3.16228 59.5074 95.339 15.5563 46.8402 90.6159 19.9747 43.719 38.2099 62.9312 69.3196 90.8658 45.5412 49.0562 30.0666 61.2845 13.3417 39.8247 84.1838 82.405 37.8755 30.5966 25.2389 83.1911 45.1796 50.1277 80.4948 85.18 70.8812 62.9459 86.3855 31.7805 31.0161 83.6057 20.7762 41.7732 36.0139 80.1055 43.382 64.5015 47.0064 26.0 35.0022 53.7426 66.1725 
54.8735 111.473 67.7791 64.8655 44.5533 84.0791 8.06226 29.7321 80.895 93.6314 34.0147 63.561 68.9638 52.9715 38.0 0.0 108.451 26.0768 92.2315 97.4367 7.81025 83.0809 5.0 73.4853 9.48683 41.0122 58.2662 83.9524 29.1548 14.7648 79.0759 30.6757 36.8917 76.1052 54.1295 50.636 92.2029 83.2947 73.2813 68.0294 87.3146 25.1794 68.8767 98.9926 74.2195 40.6999 21.4009 22.0227 107.065 73.0637 49.442 85.2485 99.8818 57.0351 55.9017 68.593 69.3542 7.07107 70.0071 41.8344 79.404 74.0068 92.4063 19.0263 80.0619 71.2315 62.8013 70.342 50.8035 83.2803 
53.5876 20.0 55.5788 43.5876 91.0934 68.0661 115.629 93.1509 92.4392 36.6879 75.9015 52.3958 52.8867 74.4648 89.9279 108.451 0.0 97.9325 27.1662 28.7924 116.134 33.2415 113.313 42.3792 103.415 87.8312 65.198 53.0377 105.201 103.369 53.0848 84.2232 72.4642 84.1487 57.9633 84.5044 30.0666 87.8237 54.2033 82.0549 30.0167 98.8702 50.8035 13.3417 41.1461 73.4499 87.0724 111.411 14.8661 45.5412 59.2031 30.3645 13.1529 72.7324 55.7321 63.1506 87.023 105.785 70.7107 78.2162 72.4431 79.0569 27.2029 94.884 43.1393 43.4626 90.4489 62.0725 61.7082 25.2389 
53.7953 95.7435 50.5475 63.7873 18.6815 58.9406 27.6586 13.0623 54.9181 77.1274 35.7481 64.2281 70.9717 27.9571 12.1655 26.0768 97.9325 0.0 75.9592 81.1718 32.1403 66.7564 30.0167 74.3937 31.0161 15.0333 57.7434 86.7779 9.05539 36.2491 81.7841 13.7191 36.7065 50.04 54.7549 62.1289 98.8703 57.2189 57.0608 42.0 70.9987 1.41421 52.1644 93.1138 75.128 36.1115 23.0217 15.0 92.8149 56.6627 48.3638 88.4994 94.0885 63.8687 56.2795 73.0725 43.2897 19.0263 76.5932 32.5978 53.9351 48.0937 88.1101 34.2053 72.506 55.0109 36.8782 46.8238 50.937 74.1771 
38.0789 19.8494 30.0832 28.4605 67.082 41.0 97.1091 63.0588 65.2763 11.3137 63.9062 48.2597 55.5757 50.0899 65.7653 92.2315 27.1662 75.9592 0.0 7.0 99.8494 9.21954 97.1506 44.9222 88.9789 63.8655 37.9119 63.0635 81.0382 90.3478 60.9262 62.3017 58.3095 57.0351 51.1566 82.0549 43.9318 60.6712 36.0555 55.3263 5.0 76.897 25.9422 28.8444 41.0943 53.6982 71.4323 89.4376 17.4642 20.5913 43.382 36.7151 29.6816 72.111 49.0918 66.7537 60.208 86.5854 74.9921 55.8032 45.2769 52.0 34.6699 82.3468 33.2415 23.8537 64.1327 35.5106 45.607 18.0278 
44.5982 16.1555 33.2866 35.171 70.4911 40.05 102.314 68.2495 65.0077 8.06226 70.5195 55.2268 62.3709 53.535 69.3894 97.4367 28.7924 81.1718 7.0 0.0 105.055 15.2315 102.356 51.6624 95.3787 67.4896 44.7363 69.3542 84.6624 96.7476 67.4166 67.4759 64.846 57.2189 58.1378 89.0505 49.4065 60.0333 42.0595 56.5155 11.4018 82.1095 29.8329 33.2415 47.8894 58.9034 77.8322 94.6502 16.0 24.7588 49.7695 42.9535 33.9706 79.1012 56.0803 73.5488 61.1882 91.7906 81.7873 60.208 45.0444 52.469 40.7063 88.7698 40.1995 29.9666 65.8027 37.3363 52.3927 24.7386 
62.5565 119.156 75.2396 72.5485 50.04 90.802 5.83095 37.1618 86.2844 101.249 41.1825 70.6612 75.6108 59.6948 44.2832 7.81025 116.134 32.1403 99.8494 105.055 0.0 90.6989 2.82843 80.4992 14.3178 47.1699 65.9469 90.2497 33.541 18.0278 85.44 38.0789 44.4072 82.0061 61.2944 55.0364 99.2168 89.0225 80.8993 74.0608 94.9326 31.0644 76.4788 106.377 81.2334 48.3829 29.0689 24.6982 114.748 80.6816 57.125 92.2623 107.266 62.514 63.1348 74.5252 75.0267 13.6015 75.326 49.0183 85.9884 80.2247 99.7903 24.5153 87.7449 78.8494 68.1836 77.5368 58.4123 90.9633 
29.4109 29.0 22.3607 20.2237 58.6941 37.5766 87.9586 53.9082 60.4152 15.1327 55.3624 42.45 51.7761 41.7852 57.3072 83.0809 33.2415 66.7564 9.21954 15.2315 90.6989 0.0 88.0 41.1773 80.1493 55.4074 30.0666 60.2168 72.5801 81.5182 57.5589 53.1511 49.6488 51.788 44.0454 75.06 43.6005 56.3205 26.9258 49.0102 4.24264 67.6941 17.72 31.3209 37.3363 44.5476 62.6028 80.2348 26.0768 12.3693 34.5398 34.6554 32.28 65.7647 42.107 61.8544 54.037 77.4348 69.9659 46.8722 40.8044 46.5296 33.3017 73.5404 26.0768 14.7648 57.2189 29.0172 37.4833 15.6205 
59.735 116.335 72.6154 69.727 48.1664 88.4718 5.83095 34.5398 84.4808 98.5505 38.4708 67.9779 73.0548 57.3643 42.107 5.0 113.313 30.0167 97.1506 102.356 2.82843 88.0 0.0 77.8394 12.0416 45.0444 63.1269 87.8009 32.0156 16.2788 82.9699 35.4683 41.6173 80.0062 58.5918 53.1507 96.5571 87.0919 78.2004 72.0069 92.2338 29.0 73.7902 103.62 78.5737 45.5613 26.2488 23.7065 111.926 77.9828 54.3035 89.6026 104.509 60.2993 60.4152 72.1803 73.1095 11.1803 73.171 46.489 83.7257 78.1025 97.0332 22.2036 84.9233 76.1506 66.3702 75.0075 55.6058 88.1417 
36.6382 56.0357 63.9269 42.5542 83.0763 84.2446 81.2864 66.4986 103.539 55.2228 39.5014 10.7213 11.0 69.4929 81.6708 73.4853 42.3792 74.3937 44.9222 51.6624 80.4992 41.1773 77.8394 0.0 66.666 79.778 31.8363 20.6155 82.9982 65.3448 17.0294 65.2633 37.9132 95.3476 19.6656 42.1545 18.868 102.738 43.6609 87.9255 42.2331 74.8533 57.8026 29.1548 5.0 45.9686 53.1283 83.7477 50.0899 55.246 36.9026 12.083 29.5466 30.3645 18.4853 22.0907 92.0896 72.0856 30.2655 63.927 87.1806 90.7591 15.2315 57.0342 27.9018 45.1699 89.7368 72.3241 28.3464 26.9258 
51.041 107.641 67.9117 61.0328 49.6488 86.093 17.1172 31.0161 85.6154 92.5716 27.8029 56.9386 61.4654 55.0091 41.9762 9.48683 103.415 31.0161 88.9789 95.3787 14.3178 80.1493 12.0416 66.666 0.0 45.1221 53.8145 75.9605 36.0555 5.65685 71.1688 32.0156 31.8277 80.0625 47.7074 41.3038 85.3837 87.4757 71.7507 71.8471 84.0878 30.4631 68.6692 93.2041 67.4003 37.0837 17.8885 30.4795 103.228 72.1374 45.6095 78.4292 94.0934 48.2597 49.6488 60.208 73.7564 14.1421 61.131 44.0114 82.0061 77.4145 81.5046 10.198 62.557 65.5226 67.72 71.5681 45.9674 79.4467 
53.6594 83.3488 34.231 50.999 6.7082 44.2719 42.5793 22.4642 40.5216 61.7183 45.9071 69.1852 77.7265 14.2127 3.16228 41.0122 87.8312 15.0333 63.8655 67.4896 47.1699 55.4074 45.0444 79.778 45.1221 0.0 57.6076 94.2626 17.2047 50.0 89.4153 23.1211 46.8655 35.1283 61.0314 72.466 88.966 42.4264 47.1564 27.0185 59.3846 16.1245 37.9248 82.284 80.5123 35.9756 33.7431 27.2947 81.2913 43.2798 48.2279 78.595 83.2801 74.0276 61.0461 84.4857 28.6356 34.0 90.6317 18.8764 39.0512 33.0606 78.2057 46.5331 62.6016 45.1066 22.8473 33.0151 51.8428 64.2727 
7.28011 55.8195 32.8027 10.0499 60.9058 56.0357 65.4435 44.7889 72.5087 45.0 26.9258 21.2434 30.4465 47.3225 59.5074 58.2662 65.198 57.7434 37.9119 44.7363 65.9469 30.0666 63.1269 31.8363 53.8145 57.6076 0.0 46.4378 66.7984 54.4059 41.7358 44.0298 22.0227 63.591 14.6702 45.2769 59.1613 70.0013 13.8924 58.1705 33.3766 58.6812 29.1548 54.9873 32.5705 23.8202 36.8782 67.6748 51.3443 28.7924 11.1803 48.7903 55.8765 37.1239 13.8036 37.8567 63.1861 55.5994 44.9111 41.7566 56.0564 58.2927 48.401 46.0435 24.3402 17.72 67.5663 41.1999 8.06226 27.5585 
51.2397 70.406 78.5284 57.1557 97.5767 96.0218 91.9837 78.8828 118.14 73.9256 51.1566 25.2982 16.1245 84.0944 95.339 83.9524 53.0377 86.7779 63.0635 69.3542 90.2497 60.2168 87.8009 20.6155 75.9605 94.2626 46.4378 0.0 95.3824 73.3894 5.0 79.7147 51.0392 109.949 33.3766 41.2311 23.0 117.34 58.2625 102.527 61.0574 87.2375 72.4041 40.3113 25.6125 60.4152 65.192 96.1319 64.3273 67.1679 51.403 26.4008 40.1995 29.6816 32.7567 16.6433 106.691 83.7257 20.8087 78.4274 101.782 105.361 28.7924 65.8027 42.5033 59.7714 104.338 86.9256 42.8468 45.2769 
62.8503 100.522 51.4037 68.1717 17.4642 60.9262 28.1603 22.1172 53.0094 78.891 44.3526 72.8326 79.5762 31.4006 15.5563 29.1548 105.201 9.05539 81.0382 84.6624 33.541 72.5801 32.0156 82.9982 36.0555 17.2047 66.7984 95.3824 0.0 41.6173 90.3885 22.7741 45.311 49.4975 63.3593 70.3278 106.139 56.1427 64.3292 41.9762 76.5574 8.24621 55.0976 100.382 83.7324 45.1665 31.305 10.4403 98.464 60.4525 57.4188 95.7677 101.357 72.45 64.884 81.677 42.19 22.3607 85.1977 36.0491 55.3624 48.5077 95.3784 41.0366 79.7744 62.2793 35.0143 50.2195 59.9919 81.4454 
52.3546 108.908 71.1283 62.2656 54.7814 90.0 21.8403 35.1283 90.5207 94.7612 27.6586 55.8032 59.4811 59.2115 46.8402 14.7648 103.369 36.2491 90.3478 96.7476 18.0278 81.5182 16.2788 65.3448 5.65685 50.0 54.4059 73.3894 41.6173 0.0 68.7095 36.1248 32.45 84.7278 46.8615 37.0135 84.0624 92.1954 55.6289 76.4945 85.4567 35.7771 71.0736 92.8725 66.079 39.2959 20.3961 36.1248 104.433 74.3303 46.9784 77.1079 93.7617 44.911 48.9183 57.28 78.5875 19.799 57.5587 48.2597 86.1452 81.9309 80.1833 8.48528 62.2254 66.8915 72.7324 75.1665 46.4004 80.6474 
46.5377 69.5845 73.8264 52.4537 92.7135 94.1441 87.0976 73.8889 113.438 71.5542 46.1736 20.6155 11.1803 79.3924 90.6159 79.0759 53.0848 81.7841 60.9262 67.4166 85.44 57.5589 82.9699 17.0294 71.1688 89.4153 41.7358 5.0 90.3885 68.7095 0.0 74.7209 46.0435 105.247 28.4429 37.4833 23.5372 112.638 53.5604 97.825 58.5918 82.2436 67.7021 40.0 21.9317 55.5428 60.208 91.1381 63.5059 65.1455 46.5853 24.7386 40.0125 25.6125 27.8927 12.7279 101.989 78.7718 18.3848 73.6097 97.0801 100.659 27.4591 61.0328 37.8013 55.0694 99.6363 82.2236 38.0291 42.9535 
40.0817 82.1381 37.1618 50.0737 28.6786 54.0833 34.9857 1.0 56.243 63.5138 28.6849 54.5632 63.9085 23.0868 19.9747 30.6757 84.2232 13.7191 62.3017 67.4759 38.0789 53.1511 35.4683 65.2633 32.0156 23.1211 44.0298 79.7147 22.7741 36.1248 74.7209 0.0 29.6433 49.1884 47.6917 55.2438 85.1611 56.7966 43.3515 41.0116 57.3848 14.6569 38.5876 79.4046 65.9975 22.3979 17.4642 27.1975 79.1056 43.0116 34.6502 74.7901 80.3792 56.8055 47.4683 66.0093 44.2498 24.5967 69.53 12.1655 50.04 45.8912 74.4008 31.3209 58.7967 41.3017 45.9681 39.8121 37.2234 67.4488 
20.2485 76.5629 43.4166 29.9666 52.4229 65.521 44.2945 28.8114 73.8726 63.561 6.0 27.6586 35.0 39.5016 43.719 36.8917 72.4642 36.7065 58.3095 64.846 44.4072 49.6488 41.6173 37.9132 31.8277 46.8655 22.0227 51.0392 45.311 32.45 46.0435 29.6433 0.0 66.0379 18.2483 33.8378 56.6308 73.5731 24.0855 58.2772 53.4883 37.1661 42.0119 62.2535 38.6474 13.6015 15.6525 46.0606 72.0877 44.182 15.2971 49.6763 63.1427 31.6228 19.6469 38.6005 62.1711 34.5407 43.382 33.6525 63.3246 61.7738 55.6672 24.1868 31.6064 35.171 59.4857 49.7293 14.1421 48.3019 
58.3455 72.8354 31.7805 56.0803 32.1403 18.3848 77.1038 50.1699 8.94427 49.366 71.2969 84.7547 93.9578 26.8328 38.2099 76.1052 84.1487 50.04 57.0351 57.2189 82.0061 51.788 80.0062 95.3476 80.0625 35.1283 63.591 109.949 49.4975 84.7278 105.247 49.1884 66.0379 0.0 76.7971 99.8599 92.8493 7.61577 52.2399 8.24621 54.3323 51.0098 36.7696 82.9759 96.0819 52.5103 66.4354 59.8415 73.171 40.8044 63.7975 82.5006 83.9524 95.949 77.0939 101.368 7.61577 69.0652 106.214 37.0386 12.3693 5.38516 82.0792 80.4547 66.9959 49.1935 15.2315 23.4094 67.4123 65.8027 
19.4165 66.7608 46.7571 24.6959 64.3296 70.0252 61.8466 46.8597 84.9881 59.1354 20.1246 9.48683 17.2627 50.9424 62.9312 54.1295 57.9633 54.7549 51.1566 58.1378 61.2944 44.0454 58.5918 19.6656 47.7074 61.0314 14.6702 33.3766 63.3593 46.8615 28.4429 47.6917 18.2483 76.7971 0.0 31.0161 38.3833 84.1875 26.4008 69.375 47.0106 55.2144 43.382 48.3018 20.3999 27.2029 33.5261 64.1089 61.3514 43.3694 19.2094 31.4288 48.7702 22.4722 2.23607 23.6008 73.5391 52.4976 30.4138 45.1803 70.0108 72.2086 34.5041 38.4187 18.0 32.3648 71.1863 55.1543 10.6301 35.4401 
48.5077 96.7035 75.9618 55.3263 78.0235 98.3503 58.4209 54.4119 107.703 90.1407 29.0689 34.9285 32.249 73.3321 69.3196 50.636 84.5044 62.1289 82.0549 89.0505 55.0364 75.06 53.1507 42.1545 41.3038 72.466 45.2769 41.2311 70.3278 37.0135 37.4833 55.2438 33.8378 99.8599 31.0161 0.0 58.5235 107.378 54.7083 92.1078 78.0 62.434 72.8011 71.3092 43.7014 47.4342 39.1152 68.7095 91.1121 73.5459 45.8803 54.231 71.6938 12.2066 33.0 24.7588 96.0016 53.1601 21.9317 67.4831 96.6075 95.5249 57.3847 31.7805 49.0102 62.8013 93.3163 82.5445 39.0512 65.6201 
51.5623 48.0833 61.0983 41.5623 92.2642 80.7775 100.004 92.3934 101.769 55.2268 58.2191 29.439 26.4008 75.9426 90.8658 92.2029 30.0666 98.8703 43.9318 49.4065 99.2168 43.6005 96.5571 18.868 85.3837 88.966 59.1613 23.0 106.139 84.0624 23.5372 85.1611 56.6308 92.8493 38.3833 58.5235 0.0 98.4124 52.2148 88.2554 43.1856 93.5709 56.0803 17.72 21.1896 71.4247 71.846 102.465 42.0595 52.3259 57.1779 11.0454 17.4642 46.3249 37.2029 34.9285 93.3308 90.8033 41.7612 79.1541 83.1865 87.4643 10.7703 75.7519 37.0109 44.0249 94.6063 69.4622 47.0641 28.0179 
64.7559 75.1066 37.7359 62.426 39.0 20.0 84.006 57.7781 5.83095 52.0096 78.8386 92.1452 101.348 34.4384 45.5412 83.2947 87.8237 57.2189 60.6712 60.0333 89.0225 56.3205 87.0919 102.738 87.4757 42.4264 70.0013 117.34 56.1427 92.1954 112.638 56.7966 73.5731 7.61577 84.1875 107.378 98.4124 0.0 58.6503 15.8114 58.4637 58.1378 42.5441 87.6413 103.472 60.052 74.0436 66.3702 76.0263 46.0977 71.1879 88.1716 88.6002 103.339 84.7053 108.758 14.0 76.2365 113.604 44.6468 15.5242 12.0416 87.6641 88.0629 72.9675 55.2268 21.2132 29.1548 74.8027 70.9366 
7.07107 55.4437 21.4516 11.4018 50.4547 44.7197 78.159 44.1086 61.1576 39.8497 30.0666 33.0681 42.2712 34.1331 49.0562 73.2813 54.2033 57.0608 36.0555 42.0595 80.8993 26.9258 78.2004 43.6609 71.7507 47.1564 13.8924 58.2625 64.3292 55.6289 53.5604 43.3515 24.0855 52.2399 26.4008 54.7083 52.2148 58.6503 0.0 46.8194 31.0644 57.9986 18.2961 46.4583 44.3952 34.7481 53.9879 70.5392 51.6236 20.0998 9.05539 41.8438 47.433 48.3735 25.6283 49.6813 51.835 67.6352 56.7274 37.3446 44.7053 46.9416 41.4545 47.6511 25.8505 12.2066 52.805 29.8489 16.1245 29.0689 
52.925 72.5328 27.4591 50.662 24.5153 21.2132 69.2604 41.9931 15.6205 49.0408 63.5359 77.3326 86.5357 18.868 30.0666 68.0294 82.0549 42.0 55.3263 56.5155 74.0608 49.0102 72.0069 87.9255 71.8471 27.0185 58.1705 102.527 41.9762 76.4945 97.825 41.0116 58.2772 8.24621 69.375 92.1078 88.2554 15.8114 46.8194 0.0 52.0384 43.0116 32.5576 79.6304 88.6597 44.7493 58.2586 52.3927 72.1803 37.2156 56.3754 77.8844 80.6226 88.5268 69.6717 92.6675 5.09902 61.0082 98.7919 28.8617 14.8661 6.7082 77.4951 72.2779 62.0632 44.2719 10.0 20.0 59.9902 61.9839 
33.2415 24.7588 25.9615 23.7697 62.6498 39.2173 92.1923 58.142 62.8013 13.0 59.1354 44.7214 52.8736 45.6946 61.2845 87.3146 30.0167 70.9987 5.0 11.4018 94.9326 4.24264 92.2338 42.2331 84.0878 59.3846 33.3766 61.0574 76.5574 85.4567 58.5918 57.3848 53.4883 54.3323 47.0106 78.0 43.1856 58.4637 31.0644 52.0384 0.0 71.9365 21.5407 29.5466 38.3922 48.7814 66.5413 84.4771 21.9545 16.1555 38.4838 35.0 30.4631 68.3593 45.0 63.9863 57.0088 81.6685 72.0977 51.0392 42.9535 49.163 33.3017 77.4726 29.0172 18.868 60.531 32.0624 41.0 15.8114 
54.733 96.6812 49.2329 64.725 19.4165 60.1664 26.4764 14.0 55.7315 78.0652 36.2077 64.6877 71.4313 29.2376 13.3417 25.1794 98.8702 1.41421 76.897 82.1095 31.0644 67.6941 29.0 74.8533 30.4631 16.1245 58.6812 87.2375 8.24621 35.7771 82.2436 14.6569 37.1661 51.0098 55.2144 62.434 93.5709 58.1378 57.9986 43.0116 71.9365 0.0 53.1022 94.0516 75.5875 37.0492 23.3238 13.6015 93.7526 57.6004 49.3015 89.4371 95.0262 64.3283 56.7391 73.5321 44.1814 18.1108 77.0528 33.8782 55.109 49.163 89.0478 34.0588 73.4438 55.9487 37.6563 48.1042 51.8747 75.1148 
24.3516 45.4863 5.09902 20.5183 41.1461 27.0185 73.5731 39.4462 45.6946 25.0 48.0104 47.5615 57.1276 24.1661 39.8247 68.8767 50.8035 52.1644 25.9422 29.8329 76.4788 17.72 73.7902 57.8026 68.6692 37.9248 29.1548 72.4041 55.0976 71.0736 67.7021 38.5876 42.0119 36.7696 43.382 72.8011 56.0803 42.5441 18.2961 32.5576 21.5407 53.1022 0.0 47.1699 58.5369 31.7805 51.0985 65.0306 43.382 5.38516 27.3512 45.734 48.1664 65.7951 42.5157 66.5688 37.6563 63.1348 73.6233 30.4138 27.8029 31.3847 45.31 63.9531 30.4465 12.8062 40.0 13.4164 33.8378 29.4279 
45.8058 30.3645 52.2398 35.8058 85.5822 68.7095 109.429 86.6369 91.6788 40.0 65.4048 39.3575 39.5601 69.2604 84.1838 98.9926 13.3417 93.1138 28.8444 33.2415 106.377 31.3209 103.62 29.1548 93.2041 82.284 54.9873 40.3113 100.382 92.8725 40.0 79.4046 62.2535 82.9759 48.3018 71.3092 17.72 87.6413 46.4583 79.6304 29.5466 94.0516 47.1699 0.0 28.3019 65.6682 77.8951 106.592 24.3516 42.4264 51.4214 17.088 1.0 59.4643 45.2354 49.8197 84.7172 99.5854 57.4282 72.4721 72.1249 77.666 13.9284 84.3872 32.8369 37.2156 87.0919 59.8415 51.4975 18.0278 
37.3725 53.3385 64.6611 43.2884 83.8105 84.9789 82.0206 67.2328 104.273 51.3819 40.2357 11.4556 14.5602 70.2272 82.405 74.2195 41.1461 75.128 41.0943 47.8894 81.2334 37.3363 78.5737 5.0 67.4003 80.5123 32.5705 25.6125 83.7324 66.079 21.9317 65.9975 38.6474 96.0819 20.3999 43.7014 21.1896 103.472 44.3952 88.6597 38.3922 75.5875 58.5369 28.3019 0.0 46.7029 53.8626 84.482 47.5184 55.9802 37.6368 12.0416 28.8444 32.3883 19.2195 25.7099 92.8239 72.8199 33.9559 64.6613 87.9148 91.4933 14.8661 57.7685 28.636 45.9042 90.4711 73.0584 29.0807 23.1948 
19.872 73.5346 32.0624 29.864 39.2739 52.9528 47.8771 23.1569 60.3447 55.5689 18.7883 35.3553 44.3847 25.9737 37.8755 40.6999 73.4499 36.1115 53.6982 58.9034 48.3829 44.5476 45.5613 45.9686 37.0837 35.9756 23.8202 60.4152 45.1665 39.2959 55.5428 22.3979 13.6015 52.5103 27.2029 47.4342 71.4247 60.052 34.7481 44.7493 48.7814 37.0492 31.7805 65.6682 46.7029 0.0 19.3208 49.5899 72.0633 35.1141 14.4405 61.0537 66.6429 44.6878 27.6586 50.0899 48.6431 38.0331 55.7584 20.1246 50.2892 48.3016 60.6644 32.249 45.0604 32.6982 45.9578 37.3363 18.0278 48.2788 
33.4945 90.0945 51.202 43.4865 39.3005 70.1142 28.6531 16.5529 73.49 74.8087 14.0357 43.0116 49.4975 40.025 30.5966 21.4009 87.0724 23.0217 71.4323 77.8322 29.0689 62.6028 26.2488 53.1283 17.8885 33.7431 36.8782 65.192 31.305 20.3961 60.208 17.4642 15.6525 66.4354 33.5261 39.1152 71.846 74.0436 53.9879 58.2586 66.5413 23.3238 51.0985 77.8951 53.8626 19.3208 0.0 31.257 85.6858 54.3745 28.063 64.8915 78.7844 41.4849 35.1141 51.1566 61.4968 18.9737 54.3415 29.4109 66.6108 63.0635 71.3089 14.1421 58.6829 47.9761 56.5901 55.0091 29.4109 61.9012 
63.7266 109.222 61.3368 73.7186 27.8927 71.3092 18.9737 26.5407 63.0317 88.8241 45.0999 73.5821 80.3258 41.3401 25.2389 22.0227 111.411 15.0 89.4376 94.6502 24.6982 80.2348 23.7065 83.7477 30.4795 27.2947 67.6748 96.1319 10.4403 36.1248 91.1381 27.1975 46.0606 59.8415 64.1089 68.7095 102.465 66.3702 70.5392 52.3927 84.4771 13.6015 65.0306 106.592 84.482 49.5899 31.257 0.0 106.293 70.1411 58.2951 101.978 107.567 72.5672 65.6335 82.3893 52.469 16.4012 85.5102 45.9821 65.7875 58.9406 101.588 37.5899 85.9844 68.4893 45.1774 60.208 59.6876 87.6555 
52.2015 6.08276 47.5395 42.2019 84.5281 56.0357 114.242 79.8627 81.0062 24.0208 77.5134 58.9547 61.0737 67.5426 83.1911 107.065 14.8661 92.8149 17.4642 16.0 114.748 26.0768 111.926 50.0899 103.228 81.2913 51.3443 64.3273 98.464 104.433 63.5059 79.1056 72.0877 73.171 61.3514 91.1121 42.0595 76.0263 51.6236 72.1803 21.9545 93.7526 43.382 24.3516 47.5184 72.0633 85.6858 106.293 0.0 38.0132 57.8014 39.0512 24.6982 79.9062 59.1354 72.0069 76.9415 104.398 80.0062 72.9452 61.0328 68.3593 36.1248 96.2614 44.7214 39.6232 81.2527 52.6308 59.0425 26.0 
25.1794 40.2244 10.0499 19.2354 46.5188 29.0689 77.9359 43.8292 49.6488 20.5913 50.1597 45.0048 54.5709 29.5466 45.1796 73.0637 45.5412 56.6627 20.5913 24.7588 80.6816 12.3693 77.9828 55.246 72.1374 43.2798 28.7924 67.1679 60.4525 74.3303 65.1455 43.0116 44.182 40.8044 43.3694 73.5459 52.3259 46.0977 20.0998 37.2156 16.1555 57.6004 5.38516 42.4264 55.9802 35.1141 54.3745 70.1411 38.0132 0.0 29.0172 42.1932 43.4166 65.8231 42.5029 64.6492 42.2966 67.4166 72.7282 35.4683 30.8869 35.4401 41.5933 66.9558 27.8898 11.1803 45.0444 17.4642 34.5254 25.0 
5.65685 62.1289 39.1194 15.6205 51.5262 61.6879 56.6193 35.4092 71.9885 48.2701 21.2132 26.3097 35.5128 37.9428 50.1277 49.442 59.2031 48.3638 43.382 49.7695 57.125 34.5398 54.3035 36.9026 45.6095 48.2279 11.1803 51.403 57.4188 46.9784 46.5853 34.6502 15.2971 63.7975 19.2094 45.8803 57.1779 71.1879 9.05539 56.3754 38.4838 49.3015 27.3512 51.4214 37.6368 14.4405 28.063 58.2951 57.8014 29.0172 0.0 46.8069 52.396 40.2244 18.868 42.8019 60.5395 46.7753 49.5177 32.3769 59.9471 59.209 46.4176 39.0006 30.8136 19.9249 58.1867 45.8821 8.60233 34.0319 
41.1914 45.0999 50.7346 31.1914 81.8932 71.0282 93.0496 82.0224 91.4285 47.7074 51.2646 22.4845 22.561 65.5716 80.4948 85.2485 30.3645 88.4994 36.7151 42.9535 92.2623 34.6554 89.6026 12.083 78.4292 78.595 48.7903 26.4008 95.7677 77.1079 24.7386 74.7901 49.6763 82.5006 31.4288 54.231 11.0454 88.1716 41.8438 77.8844 35.0 89.4371 45.734 17.088 12.0416 61.0537 64.8915 101.978 39.0512 42.1932 46.8069 0.0 17.4642 42.3792 30.2485 33.1361 82.9598 83.8488 41.0122 68.7831 73.0717 77.1165 3.16228 68.7974 26.6399 33.6539 84.2353 59.1361 45.3005 19.2094 
46.7805 30.6757 53.2353 36.7805 86.5784 69.6419 110.319 87.6115 92.6499 40.8044 66.294 39.826 39.8497 70.2567 85.18 99.8818 13.1529 94.0885 29.6816 33.9706 107.266 32.28 104.509 29.5466 94.0934 83.2801 55.8765 40.1995 101.357 93.7617 40.0125 80.3792 63.1427 83.9524 48.7702 71.6938 17.4642 88.6002 47.433 80.6226 30.4631 95.0262 48.1664 1.0 28.8444 66.6429 78.7844 107.567 24.6982 43.4166 52.396 17.4642 0.0 59.808 47.5899 50.01 85.7088 100.475 57.5587 73.4683 73.0821 78.6448 14.3178 85.2765 33.7261 38.2099 88.0909 60.8276 52.3867 19.0263 
41.5933 85.7088 69.0992 47.1496 79.5851 92.3674 65.0692 55.9736 104.139 80.895 28.6356 24.0208 20.1246 70.0071 70.8812 57.0351 72.7324 63.8687 72.111 79.1012 62.514 65.7647 60.2993 30.3645 48.2597 74.0276 37.1239 29.6816 72.45 44.911 25.6125 56.8055 31.6228 95.949 22.4722 12.2066 46.3249 103.339 48.3735 88.5268 68.3593 64.3283 65.7951 59.4643 32.3883 44.6878 41.4849 72.5672 79.9062 65.8231 40.2244 42.3792 59.808 0.0 24.0416 13.0384 92.6553 58.2151 13.0384 64.2181 92.0985 91.3604 45.5412 38.1182 39.8121 54.8185 90.0512 77.4965 32.249 55.0364 
18.6056 64.56 45.8942 23.8293 64.8225 69.1623 63.561 48.3844 85.2848 57.2189 21.9545 8.06226 16.7631 51.2392 62.9459 55.9017 55.7321 56.2795 49.0918 56.0803 63.1348 42.107 60.4152 18.4853 49.6488 61.0461 13.8036 32.7567 64.884 48.9183 27.8927 47.4683 19.6469 77.0939 2.23607 33.0 37.2029 84.7053 25.6283 69.6717 45.0 56.7391 42.5157 45.2354 19.2195 27.6586 35.1141 65.6335 59.1354 42.5029 18.868 30.2485 47.5899 24.0416 0.0 24.0832 73.8359 54.0833 31.241 45.6733 69.1479 72.7264 33.3238 40.4599 16.0312 31.4982 71.4831 54.2914 10.2956 33.2415 
42.6586 78.0 69.9473 51.9574 87.7839 93.2154 76.6551 65.1774 108.281 76.8292 37.3363 19.7231 11.1803 74.235 86.3855 68.593 63.1506 73.0725 66.7537 73.5488 74.5252 61.8544 72.1803 22.0907 60.208 84.4857 37.8567 16.6433 81.677 57.28 12.7279 66.0093 38.6005 101.368 23.6008 24.7588 34.9285 108.758 49.6813 92.6675 63.9863 73.5321 66.5688 49.8197 25.7099 50.0899 51.1566 82.3893 72.0069 64.6492 42.8019 33.1361 50.01 13.0384 24.0832 0.0 96.8317 69.029 8.24621 68.6347 93.201 96.7795 36.2215 50.01 37.2156 54.5732 94.4788 78.3445 34.2053 48.8365 
57.9407 77.1298 32.5576 55.6776 25.0 24.4131 70.0071 50.8803 12.083 53.6004 67.4297 81.4967 90.6998 22.6716 31.7805 69.3542 87.023 43.2897 60.208 61.1882 75.0267 54.037 73.1095 92.0896 73.7564 28.6356 63.1861 106.691 42.19 78.5875 101.989 44.2498 62.1711 7.61577 73.5391 96.0016 93.3308 14.0 51.835 5.09902 57.0088 44.1814 37.6563 84.7172 92.8239 48.6431 61.4968 52.469 76.9415 42.2966 60.5395 82.9598 85.7088 92.6553 73.8359 96.8317 0.0 62.2896 102.956 32.0999 18.0278 9.43398 82.5705 74.9492 67.119 49.3356 7.61577 25.02 64.1543 67.082 
52.2067 106.422 61.7414 62.1987 37.4833 77.2924 10.6301 23.7065 73.8241 87.983 32.7567 61.9839 68.2495 46.1849 31.0161 7.07107 105.785 19.0263 86.5854 91.7906 13.6015 77.4348 11.1803 72.0856 14.1421 34.0 55.5994 83.7257 22.3607 19.799 78.7718 24.5967 34.5407 69.0652 52.4976 53.1601 90.8033 76.2365 67.6352 61.0082 81.6685 18.1108 63.1348 99.5854 72.8199 38.0331 18.9737 16.4012 104.398 67.4166 46.7753 83.8488 100.475 58.2151 54.0833 69.029 62.2896 0.0 71.2531 35.4377 72.5603 67.0298 92.9991 21.5407 77.3951 65.5854 55.7315 63.9562 48.1677 80.6135 
49.7131 86.0233 77.0018 60.0364 93.9299 100.27 78.0256 68.6981 114.405 84.9406 41.1096 27.7308 19.4165 80.3593 83.6057 70.0071 70.7107 76.5932 74.9921 81.7873 75.326 69.9659 73.171 30.2655 61.131 90.6317 44.9111 20.8087 85.1977 57.5587 18.3848 69.53 43.382 106.214 30.4138 21.9317 41.7612 113.604 56.7274 98.7919 72.0977 77.0528 73.6233 57.4282 33.9559 55.7584 54.3415 85.5102 80.0062 72.7282 49.5177 41.0122 57.5587 13.0384 31.241 8.24621 102.956 71.2531 0.0 74.7807 100.255 101.625 44.0454 51.0392 45.1774 62.6521 100.603 85.399 41.0122 57.0701 
37.8084 75.6042 27.8029 41.1871 22.1746 42.2966 45.6542 13.1529 44.0931 55.2268 38.9112 53.3341 62.4318 11.0 20.7762 41.8344 78.2162 32.5978 55.8032 60.208 49.0183 46.8722 46.489 63.927 44.0114 18.8764 41.7566 78.4274 36.0491 48.2597 73.6097 12.1655 33.6525 37.0386 45.1803 67.4831 79.1541 44.6468 37.3446 28.8617 51.0392 33.8782 30.4138 72.4721 64.6613 20.1246 29.4109 45.9821 72.9452 35.4683 32.3769 68.7831 73.4683 64.2181 45.6733 68.6347 32.0999 35.4377 74.7807 0.0 38.0 33.7343 68.3938 43.4166 52.7898 35.2947 28.8617 28.7924 35.9917 54.4608 
50.8109 60.531 23.3452 48.1664 38.0789 6.40312 81.5843 51.0392 20.025 37.1214 68.9493 76.5877 86.5055 27.0 41.7732 79.404 72.4431 53.9351 45.2769 45.0444 85.9884 40.8044 83.7257 87.1806 82.0061 39.0512 56.0564 101.782 55.3624 86.1452 97.0801 50.04 63.3246 12.3693 70.0108 96.6075 83.1865 15.5242 44.7053 14.8661 42.9535 55.109 27.8029 72.1249 87.9148 50.2892 66.6108 65.7875 61.0328 30.8869 59.9471 73.0717 73.0821 92.0985 69.1479 93.201 18.0278 72.5603 100.255 38.0 0.0 8.60233 72.4707 80.7527 58.2085 40.6079 24.7588 14.8661 60.2875 55.5428 
53.0472 68.2495 26.4008 50.774 31.0483 15.0 75.5381 46.8727 14.3178 44.7214 67.0882 80.1662 89.3693 23.0868 36.0139 74.0068 79.0569 48.0937 52.0 52.469 80.2247 46.5296 78.1025 90.7591 77.4145 33.0606 58.2927 105.361 48.5077 81.9309 100.659 45.8912 61.7738 5.38516 72.2086 95.5249 87.4643 12.0416 46.9416 6.7082 49.163 49.163 31.3847 77.666 91.4933 48.3016 63.0635 58.9406 68.3593 35.4401 59.209 77.1165 78.6448 91.3604 72.7264 96.7795 9.43398 67.0298 101.625 33.7343 8.60233 0.0 76.6942 77.1298 61.6276 43.8292 16.2788 18.0278 62.8238 60.4401 
40.8021 42.19 50.3289 30.8021 81.5039 70.1783 102.843 81.6331 91.0 45.8039 54.3399 25.5599 25.7099 65.1823 80.1055 92.4063 27.2029 88.1101 34.6699 40.7063 99.7903 33.3017 97.0332 15.2315 81.5046 78.2057 48.401 28.7924 95.3784 80.1833 27.4591 74.4008 55.6672 82.0792 34.5041 57.3847 10.7703 87.6641 41.4545 77.4951 33.3017 89.0478 45.31 13.9284 14.8661 60.6644 71.3089 101.588 36.1248 41.5933 46.4176 3.16228 14.3178 45.5412 33.3238 36.2215 82.5705 92.9991 44.0454 68.3938 72.4707 76.6942 0.0 71.8728 26.2506 33.2646 83.846 58.6941 44.9112 17.6918 
44.2832 100.737 64.2806 54.1202 51.9711 84.214 27.0 30.3645 86.9394 87.2158 19.2094 47.4342 51.4782 54.1295 43.382 19.0263 94.884 34.2053 82.3468 88.7698 24.5153 73.5404 22.2036 57.0342 10.198 46.5331 46.0435 65.8027 41.0366 8.48528 61.0328 31.3209 24.1868 80.4547 38.4187 31.7805 75.7519 88.0629 47.6511 72.2779 77.4726 34.0588 63.9531 84.3872 57.7685 32.249 14.1421 37.5899 96.2614 66.9558 39.0006 68.7974 85.2765 38.1182 40.4599 50.01 74.9492 21.5407 51.0392 43.4166 80.7527 77.1298 71.8728 0.0 53.7401 58.9137 69.3802 69.0072 38.0132 72.4757 
25.198 49.7695 35.258 15.198 65.8999 56.8885 87.2392 66.0291 75.94 41.1947 34.7577 17.4929 27.2267 49.5783 64.5015 80.0619 43.1393 72.506 33.2415 40.1995 87.7449 26.0768 84.9233 27.9018 62.557 62.6016 24.3402 42.5033 79.7744 62.2254 37.8013 58.7967 31.6064 66.9959 18.0 49.0102 37.0109 72.9675 25.8505 62.0632 29.0172 73.4438 30.4465 32.8369 28.636 45.0604 58.6829 85.9844 44.7214 27.8898 30.8136 26.6399 33.7261 39.8121 16.0312 37.2156 67.119 77.3951 45.1774 52.7898 58.2085 61.6276 26.2506 53.7401 0.0 17.8138 68.2502 43.8135 20.8503 18.868 
15.1327 43.2782 17.4929 8.06226 48.4048 39.6232 76.1091 42.0588 58.1378 28.4429 41.0 34.9288 44.4949 32.0624 47.0064 71.2315 43.4626 55.0109 23.8537 29.9666 78.8494 14.7648 76.1506 45.1699 65.5226 45.1066 17.72 59.7714 62.2793 66.8915 55.0694 41.3017 35.171 49.1935 32.3648 62.8013 44.0249 55.2268 12.2066 44.2719 18.868 55.9487 12.8062 37.2156 45.9042 32.6982 47.9761 68.4893 39.6232 11.1803 19.9249 33.6539 38.2099 54.8185 31.4982 54.5732 49.3356 65.5854 62.6521 35.2947 40.6079 43.8292 33.2646 58.9137 17.8138 0.0 50.636 26.0768 24.0208 19.2354 
63.6182 81.9085 35.0143 56.6476 18.2483 31.1448 63.0317 45.3113 18.1108 58.5235 64.7444 79.1439 88.347 20.5913 26.0 62.8013 90.4489 36.8782 64.1327 65.8027 68.1836 57.2189 66.3702 89.7368 67.72 22.8473 67.5663 104.338 35.0143 72.7324 99.6363 45.9681 59.4857 15.2315 71.1863 93.3163 94.6063 21.2132 52.805 10.0 60.531 37.6563 40.0 87.0919 90.4711 45.9578 56.5901 45.1774 81.2527 45.0444 58.1867 84.2353 88.0909 90.0512 71.4831 94.4788 7.61577 55.7315 100.603 28.8617 24.7588 16.2788 83.846 69.3802 68.2502 50.636 0.0 28.6356 61.8015 69.1809 
35.9545 53.4883 8.60233 33.4215 34.6554 15.8114 74.1727 40.7922 32.311 30.4138 55.5428 61.7312 71.6491 18.868 35.0022 70.342 62.0725 46.8238 35.5106 37.3363 77.5368 29.0172 75.0075 72.3241 71.5681 33.0151 41.1999 86.9256 50.2195 75.1665 82.2236 39.8121 49.7293 23.4094 55.1543 82.5445 69.4622 29.1548 29.8489 20.0 32.0624 48.1042 13.4164 59.8415 73.0584 37.3363 55.0091 60.208 52.6308 17.4642 45.8821 59.1361 60.8276 77.4965 54.2914 78.3445 25.02 63.9562 85.399 28.7924 14.8661 18.0278 58.6941 69.0072 43.8135 26.0768 28.6356 0.0 45.431 42.45 
9.48683 63.5177 37.0338 17.2627 55.141 60.3019 58.0118 37.9824 75.6033 52.1536 18.868 17.7536 26.9258 41.5576 53.7426 50.8035 61.7082 50.937 45.607 52.3927 58.4123 37.4833 55.6058 28.3464 45.9674 51.8428 8.06226 42.8468 59.9919 46.4004 38.0291 37.2234 14.1421 67.4123 10.6301 39.0512 47.0641 74.8027 16.1245 59.9902 41.0 51.8747 33.8378 51.4975 29.0807 18.0278 29.4109 59.6876 59.0425 34.5254 8.60233 45.3005 52.3867 32.249 10.2956 34.2053 64.1543 48.1677 41.0122 35.9917 60.2875 62.8238 44.9112 38.0132 20.8503 24.0208 61.8015 45.431 0.0 39.0192 
