NAME  : Jabali_70_2_0.90_1_9
TYPE : SVRP
MODEL : FINITE_SUPPORT
NUMBER_OF_SCENARIOS : 200
DIMENSION : 70
EDGE_WEIGHT_TYPE : MATRIX
CAPACITY : 222
N_VEHICLES : 2
NODE_COORD_SECTION
1 3726 4998
2 6249 4440
3 2745 4437
4 2519 2960
5 6909 748
6 4221 4824
7 1990 7848
8 2724 277
9 524 1694
10 3774 2410
11 5954 5446
12 2303 1338
13 2313 6359
14 1756 3696
15 4878 5615
16 1683 2332
17 3631 3337
18 7098 2887
19 2619 6782
20 2898 2354
21 5002 3107
22 2108 5515
23 6097 913
24 2198 7868
25 6282 6885
26 4810 3890
27 4512 6035
28 5503 2403
29 7702 6130
30 4801 3155
31 5557 3690
32 2000 1248
33 4070 4596
34 4248 620
35 1094 7626
36 5672 3062
37 5695 1288
38 4392 7079
39 1696 2163
40 8154 6247
41 4556 1424
42 3306 6897
43 5645 6489
44 955 2300
45 1204 8043
46 2804 3761
47 6067 5715
48 5222 4462
49 284 4088
50 6195 4107
51 6299 5541
52 5290 6624
53 821 7672
54 5515 5541
55 6547 18
56 4890 7338
57 2237 6988
58 6477 4136
59 2904 1053
60 3046 7362
61 6546 4537
62 3847 1232
63 27 1102
64 6881 6761
65 3404 5554
66 2341 1870
67 4991 1533
68 3360 7170
69 7224 5086
70 4049 2277
DEMAND_SECTION
1 0.0
2 5.0
3 10.0
4 5.0
5 9.0
6 4.0
7 3.0
8 10.0
9 9.0
10 4.0
11 1.0
12 9.0
13 9.0
14 4.0
15 8.0
16 3.0
17 1.0
18 1.0
19 6.0
20 1.0
21 6.0
22 6.0
23 3.0
24 10.0
25 6.0
26 6.0
27 8.0
28 6.0
29 2.0
30 8.0
31 2.0
32 2.0
33 2.0
34 5.0
35 7.0
36 5.0
37 8.0
38 5.0
39 9.0
40 6.0
41 10.0
42 10.0
43 1.0
44 2.0
45 6.0
46 6.0
47 2.0
48 1.0
49 2.0
50 5.0
51 10.0
52 10.0
53 5.0
54 1.0
55 9.0
56 6.0
57 8.0
58 10.0
59 9.0
60 9.0
61 3.0
62 9.0
63 7.0
64 6.0
65 5.0
66 10.0
67 3.0
68 8.0
69 7.0
70 7.0
DEVIATION_SECTION
1 0.0
2 1.66667
3 3.33333
4 1.66667
5 3.0
6 1.33333
7 1.0
8 3.33333
9 3.0
10 1.33333
11 0.333333
12 3.0
13 3.0
14 1.33333
15 2.66667
16 1.0
17 0.333333
18 0.333333
19 2.0
20 0.333333
21 2.0
22 2.0
23 1.0
24 3.33333
25 2.0
26 2.0
27 2.66667
28 2.0
29 0.666667
30 2.66667
31 0.666667
32 0.666667
33 0.666667
34 1.66667
35 2.33333
36 1.66667
37 2.66667
38 1.66667
39 3.0
40 2.0
41 3.33333
42 3.33333
43 0.333333
44 0.666667
45 2.0
46 2.0
47 0.666667
48 0.333333
49 0.666667
50 1.66667
51 3.33333
52 3.33333
53 1.66667
54 0.333333
55 3.0
56 2.0
57 2.66667
58 3.33333
59 3.0
60 3.0
61 1.0
62 3.0
63 2.33333
64 2.0
65 1.66667
66 3.33333
67 1.0
68 2.66667
69 2.33333
70 2.33333
DISTANCE_MATRIX
0.0 36.0139 14.2127 32.7828 70.8473 7.0 46.2277 67.5678 60.7979 37.6828 31.0 53.8073 27.8029 30.4866 17.2066 44.7409 31.4319 53.7587 29.8329 40.9342 29.0741 23.5372 62.482 45.0 43.5411 20.1246 18.3576 41.1156 56.1077 27.6621 29.7321 55.6205 6.7082 60.0068 52.0096 35.8469 55.6205 27.4642 45.4534 61.9386 49.0179 27.8568 42.2717 50.9758 54.4885 23.4307 33.178 21.0238 47.927 36.1248 35.4631 28.5096 54.4059 25.5913 76.0606 32.3303 34.6554 39.0512 57.3513 34.0147 39.1152 56.9408 71.0912 49.8729 9.21954 46.6849 48.7264 30.6757 48.1741 38.6422 
36.0139 0.0 48.0521 57.2825 50.9215 29.0172 73.856 72.6891 86.6266 42.5206 14.4222 66.6392 60.1664 62.8013 23.7697 69.5839 40.8044 23.4307 59.2368 52.544 24.4131 59.1364 47.3814 72.1364 31.6228 20.5913 30.8869 28.4429 30.4631 25.6125 13.6015 70.0671 30.2655 55.3624 83.006 19.6469 43.0 45.7771 69.0938 35.3553 44.4048 52.4204 27.3754 78.1619 84.0952 46.3256 16.5529 15.0 82.4858 4.0 14.5602 46.8224 85.7963 18.4391 59.6657 41.4894 64.622 4.24264 65.0793 58.5806 3.60555 52.3277 95.6882 32.0624 42.4807 62.4583 42.2019 54.2162 15.6205 42.2019 
14.2127 48.0521 0.0 18.5765 76.2073 20.1246 48.4665 53.3615 46.5916 37.2614 45.2094 39.601 28.2312 16.2788 31.4159 30.5347 21.2636 64.8019 32.9848 26.7279 36.5852 18.4391 66.4013 47.7598 56.0935 29.0 32.0156 47.6527 70.3171 34.6558 39.0128 41.4142 18.0278 55.2471 50.8035 45.1521 59.1991 40.0167 31.2471 76.1479 50.4711 35.0143 45.3137 36.7696 54.3783 9.22446 47.3874 33.5261 34.4819 47.3814 49.6725 41.062 52.6308 39.8006 79.528 44.7214 36.4005 50.4876 43.1451 40.1123 51.4198 44.6091 56.8849 64.0823 16.7631 32.4787 50.4594 38.0132 61.3957 38.2545 
32.7828 57.2825 18.5765 0.0 65.7875 42.1275 65.5241 36.1386 34.6554 18.0278 61.5627 23.0 45.3642 14.8661 49.9844 17.0294 18.1956 66.55 50.6807 8.60233 37.528 34.1784 55.1998 65.0089 79.7048 36.7033 50.5838 40.05 84.3651 35.5505 45.5415 25.1794 40.1667 37.2257 66.2257 46.5789 48.1044 58.547 17.2047 89.8511 38.4187 53.2178 75.0495 25.6125 70.2816 12.5963 64.6011 45.1598 35.5106 55.555 64.2118 59.5923 67.6603 58.3691 67.7766 63.4131 53.6103 58.7051 25.632 58.211 60.8684 26.5877 44.6878 82.6507 35.19 16.0312 38.4187 56.2135 71.9591 21.5407 
70.8473 50.9215 76.2073 65.7875 0.0 65.7647 116.675 54.5711 86.0523 47.7598 65.0 62.0081 98.6434 80.6536 71.5542 73.5527 56.066 30.0666 100.419 59.0818 41.7732 93.3941 11.0454 115.278 82.5409 51.6624 78.9234 29.7321 76.1643 43.2782 44.6542 65.0692 64.3817 36.2215 122.851 36.4005 17.72 94.0071 72.4431 79.0 33.7343 96.933 78.1964 82.2192 125.32 67.6262 67.4166 57.6888 100.999 47.1699 65.4599 95.0525 125.227 67.5636 10.4403 98.8732 105.418 47.1275 53.0377 103.294 51.923 42.7551 91.7878 82.2253 79.9812 63.2851 27.8927 99.5368 60.407 44.2719 
7.0 29.0172 20.1246 42.1275 65.7647 0.0 50.9117 66.5868 66.6483 33.2426 30.2426 57.1666 33.6155 36.337 16.4492 50.5914 26.9917 47.1699 34.7131 43.0689 24.2074 30.4138 57.8014 49.5177 46.1697 14.2127 18.171 36.1248 55.3504 23.0217 23.2594 60.5945 3.16228 55.5666 57.6888 30.0 51.0392 28.2426 55.5182 61.1812 44.5777 31.1685 41.5144 56.8262 59.8164 29.2812 32.4206 14.0357 54.4243 29.1548 34.7057 29.288 60.208 24.8339 71.4003 33.1087 39.8246 32.0624 55.6067 37.4433 32.1403 52.5006 76.9416 49.1155 14.7648 52.9832 44.2862 33.7723 47.4167 34.2021 
46.2277 73.856 48.4665 65.5241 116.675 50.9117 0.0 100.309 86.093 84.8879 64.0833 86.3481 20.2485 56.3205 50.2494 74.5453 68.8902 96.343 16.4012 73.6756 75.0067 31.5753 108.481 2.0 55.2268 65.1081 43.1779 87.0 77.3175 73.6614 73.9637 87.6641 52.4023 102.874 12.6491 80.8743 101.62 48.0789 75.6637 82.0975 98.0977 21.4709 50.5964 77.0 11.0454 56.851 61.4975 73.1436 57.0088 75.8635 64.5554 47.5395 15.5242 56.518 122.06 38.3275 12.083 77.9035 90.0927 15.8114 75.775 92.2357 95.4254 63.0714 37.0135 79.3095 94.7257 20.2485 78.4474 85.8811 
67.5678 72.6891 53.3615 36.1386 54.5711 66.5868 100.309 0.0 34.4819 33.8384 82.4282 15.0 80.1492 46.1411 82.8774 29.7321 50.4619 66.7083 85.4657 28.2843 50.5547 68.9493 44.2719 99.7939 100.57 56.8596 84.5992 45.3332 103.103 50.7752 59.986 15.6205 64.626 19.2354 100.722 53.1424 40.2492 93.5668 28.3196 107.767 28.2843 88.0028 95.915 34.6699 104.924 47.3813 85.4666 66.9307 60.1415 68.9275 85.0773 94.6121 101.98 84.0901 50.0899 98.4328 88.3953 71.0107 11.0 92.9961 75.6082 23.7065 38.0132 103.022 69.9751 21.4709 32.8024 90.9986 87.5633 35.6708 
60.7979 86.6266 46.5916 34.6554 86.0523 66.6483 86.093 34.4819 0.0 45.1885 91.6813 24.0832 67.897 31.6228 77.9995 17.6918 61.0265 90.2534 74.3303 34.1321 63.1348 55.9017 75.1066 86.209 102.639 66.9626 78.599 68.0659 114.484 61.4003 73.2314 21.0 70.426 50.01 82.3893 71.5542 69.4622 86.5621 17.8045 119.97 53.9351 79.404 103.065 9.84886 87.2812 42.8019 94.7197 75.4191 32.8938 83.8616 94.3304 87.6075 82.7345 86.3842 83.2947 91.2414 75.5381 86.7993 33.0151 83.1986 90.1549 45.3542 10.2956 110.666 63.0714 24.6982 59.8415 82.28 102.218 47.1889 
37.6828 42.5206 37.2614 18.0278 47.7598 33.2426 84.8879 33.8384 45.1885 0.0 49.4462 24.4181 64.6395 32.8938 49.5332 28.8617 17.1176 45.2217 69.5814 12.0416 18.4391 54.4482 37.1793 84.231 67.5883 24.1661 51.255 23.3452 72.111 16.9706 29.0 27.846 31.2818 33.6202 86.8863 26.4197 30.0832 61.3266 28.1603 77.4209 20.3981 64.2523 62.933 38.3275 90.5555 28.6778 52.4846 34.6329 53.3667 39.598 52.0953 62.372 88.6487 51.1081 49.7561 66.1927 72.8471 42.45 22.8582 76.8959 46.0109 22.9822 53.8516 70.0403 53.8749 20.5913 20.3981 66.8395 58.1378 3.60555 
31.0 14.4222 45.2094 61.5627 65.0 30.2426 64.0833 82.4282 91.6813 49.4462 0.0 73.371 50.1597 61.4816 14.3178 74.3842 46.0694 37.8021 48.1008 59.2733 32.8035 51.6236 60.6383 62.1893 18.1421 25.6205 19.2354 40.1123 25.6125 33.4094 23.0 76.7989 32.3246 65.5428 71.7652 31.1448 55.5788 34.3311 74.8127 31.4006 54.5539 40.9744 13.4868 82.3013 72.6632 54.4258 3.16228 17.2801 78.8015 17.8885 4.47214 17.0384 74.6202 6.0 73.3757 27.6008 53.4515 18.6011 71.4481 48.2719 14.8661 62.4768 101.86 20.8806 34.5254 69.1876 53.0377 43.8497 18.0 49.8121 
53.8073 66.6392 39.601 23.0 62.0081 57.1666 86.3481 15.0 24.0832 24.4181 73.371 0.0 66.2873 31.305 73.4571 14.8661 41.0416 68.2471 71.7008 16.7631 42.8076 54.8179 51.0392 85.9069 91.5131 48.1417 75.179 46.6441 96.0565 41.2601 53.2247 3.60555 55.2058 26.1725 86.1626 50.8171 45.3982 79.5715 13.4536 101.391 30.0832 74.2423 86.8578 21.1896 90.4765 33.6208 76.4094 58.5569 45.4533 63.8508 76.0201 80.6168 87.3212 75.0329 59.6825 84.4376 74.5252 66.7522 9.05539 79.2231 70.17 21.9317 31.0161 94.459 56.2145 7.07107 35.9026 77.238 82.2236 26.2506 
27.8029 60.1664 28.2312 45.3642 98.6434 33.6155 20.2485 80.1492 67.897 64.6395 50.1597 66.2873 0.0 37.0135 36.6742 55.0364 48.6418 80.608 6.7082 53.5156 56.8702 12.0416 90.2781 19.6469 50.0 47.7074 31.0161 68.9117 71.0211 55.4582 56.8243 67.7422 34.4093 82.6253 24.2074 63.5138 83.4166 36.0 56.0803 76.4853 77.8493 15.0 41.1096 58.4209 26.9072 36.6026 51.0098 46.6469 42.19 61.923 54.037 37.0135 26.6271 44.1814 103.857 34.0147 8.24621 64.0061 69.9327 16.1245 62.5859 71.9873 77.666 58.2409 18.868 59.2284 77.8375 16.9706 68.1175 65.6326 
30.4866 62.8013 16.2788 14.8661 80.6536 36.337 56.3205 46.1411 31.6228 32.8938 61.4816 31.305 37.0135 0.0 47.6882 18.2483 26.1725 74.0608 43.1856 22.4722 45.0111 25.0 70.0646 56.1427 71.8807 42.45 48.1664 54.4632 86.5893 43.0116 51.9711 31.9531 34.1793 50.6063 55.0273 54.037 62.9692 55.8039 19.4165 92.4202 53.2834 47.8017 61.101 21.8403 59.4811 16.4924 63.6596 49.6511 21.0238 61.4003 65.9447 56.8493 56.0803 56.0729 82.5843 60.208 45.0111 64.56 37.0135 51.788 66.3672 39.9684 41.7852 80.3545 31.9061 24.6982 53.2834 50.6952 77.5168 36.4005 
17.2066 23.7697 31.4159 49.9844 71.5542 16.4492 50.2494 82.8774 77.9995 49.5332 14.3178 73.4571 36.6742 47.6882 0.0 61.9425 43.2823 46.132 35.4683 59.3594 40.6319 37.3363 66.6132 48.5489 29.7946 30.6456 7.81025 45.8021 38.9763 39.4095 28.6525 76.8851 18.5311 71.8572 59.2368 36.8657 67.4243 22.2066 62.655 44.8072 60.8683 28.8444 25.1393 68.1774 60.3738 40.6323 16.1555 22.9326 64.846 25.6525 18.6815 23.2519 62.0322 8.544 79.5587 27.0726 40.8534 27.7308 71.8973 35.0 25.9615 68.7912 88.2928 32.7405 20.2237 63.8865 60.5768 30.6456 32.1403 50.4926 
44.7409 69.5839 30.5347 17.0294 73.5527 50.5914 74.5453 29.7321 17.6918 28.8617 74.3842 14.8661 55.0364 18.2483 61.9425 0.0 43.9839 74.0405 61.0082 17.088 46.1088 43.1045 62.514 74.3303 91.663 49.6655 62.542 52.1728 97.1867 44.3625 56.1888 14.4222 53.1289 39.2173 73.0821 54.7814 56.1427 70.5051 1.41421 102.673 40.05 64.7765 87.0077 9.48683 77.6209 25.5585 77.4226 58.1221 30.6105 66.8189 77.0333 71.5505 74.0 70.3272 72.5328 75.1856 63.1269 69.7566 22.8254 69.2604 73.1123 31.0161 27.6586 94.6089 47.1482 10.4403 46.0435 67.7422 84.9213 31.4006 
31.4319 40.8044 21.2636 18.1956 56.066 26.9917 68.8902 50.4619 61.0265 17.1176 46.0694 41.0416 48.6418 26.1725 43.2823 43.9839 0.0 48.3735 53.5837 26.9439 19.4165 38.4505 46.2575 68.2333 64.2115 20.5183 45.0041 28.2908 68.8718 17.4642 28.178 44.4695 25.0309 41.3163 70.8886 28.4429 39.0554 53.9716 43.4937 74.3578 30.3274 55.9049 59.5562 53.4401 74.5578 12.2066 49.1078 30.0 47.1699 38.5876 48.7185 55.017 72.6509 47.7313 59.3843 58.8377 56.8494 41.6773 39.4818 60.8982 44.4072 38.2503 70.0882 67.1574 37.8772 36.8583 30.3157 58.9007 56.0803 18.1108 
53.7587 23.4307 64.8019 66.55 30.0666 47.1699 96.343 66.7083 90.2534 45.2217 37.8021 68.2471 80.608 74.0608 46.132 74.0405 48.3735 0.0 81.5579 57.0088 29.0689 77.201 30.3645 94.62 54.1202 33.9559 53.5012 22.3607 46.0977 31.0644 24.0416 71.7456 47.1275 48.0833 104.613 20.025 29.1548 68.2644 73.3757 49.0408 38.6005 74.898 50.5356 83.5225 106.506 58.0086 39.6611 34.9857 95.0211 20.5183 37.2156 69.3098 107.159 41.7253 40.0125 64.6496 86.6874 19.2094 60.3515 80.9572 23.3238 46.5748 98.76 52.811 61.8466 65.5624 33.9706 76.7035 30.4138 43.0813 
29.8329 59.2368 32.9848 50.6807 100.419 34.7131 16.4012 85.4657 74.3303 69.5814 48.1008 71.7008 6.7082 43.1856 35.4683 61.0082 53.5837 81.5579 0.0 59.048 58.6941 18.4391 92.1384 15.2643 45.7056 48.9183 28.8687 70.7107 67.2681 57.3185 57.7742 73.3348 36.0694 87.5672 23.7697 64.6848 85.2769 33.7697 62.0 72.5603 78.6743 9.48683 38.1182 64.7765 25.2389 41.5445 48.7956 58.3585 48.8774 61.0784 51.8536 34.3657 26.5707 42.2088 105.717 29.1204 5.38516 63.1614 75.4651 9.43398 61.3514 76.9292 84.1724 53.9351 20.6155 64.6297 78.3828 10.8167 65.8205 70.5745 
40.9342 52.544 26.7279 8.60233 59.0818 43.0689 73.6756 28.2843 34.1321 12.0416 59.2733 16.7631 53.5156 22.4722 59.3594 17.088 26.9439 57.0088 59.048 0.0 29.0689 42.3298 48.4829 73.1603 77.4154 34.044 61.0813 35.3553 82.0757 27.3225 39.1488 19.6977 41.1081 28.6345 74.3772 37.6962 41.3874 66.6984 16.5529 87.2932 27.0442 61.3692 72.7601 26.5707 78.433 20.7477 62.3117 44.4592 42.0595 49.779 61.9224 67.7438 75.8118 60.9352 60.6123 71.5645 61.7617 52.7167 17.4642 66.3625 56.0723 17.9965 43.4166 80.3613 43.3415 10.8167 31.7017 64.365 68.1379 15.0333 
29.0741 24.4131 36.5852 37.528 41.7732 24.2074 75.0067 50.5547 63.1348 18.4391 32.8035 42.8076 56.8702 45.0111 40.6319 46.1088 19.4165 29.0689 58.6941 29.0689 0.0 51.5325 33.6006 73.6614 50.9456 10.7703 42.3537 12.0416 54.5894 2.0 10.8167 46.2356 22.6274 33.2593 81.0776 9.05539 26.9258 52.4253 45.618 59.6825 22.2704 55.3512 46.2903 55.565 83.5464 29.1548 35.8419 20.025 66.0 21.2603 35.4401 53.4707 83.4536 34.4654 47.2017 57.2914 63.6553 24.0416 41.2478 61.712 27.8029 30.1933 72.111 53.3667 38.2099 38.833 21.3776 57.955 40.0 17.8045 
23.5372 59.1364 18.4391 34.1784 93.3941 30.4138 31.5753 68.9493 55.9017 54.4482 51.6236 54.8179 12.0416 25.0 37.3363 43.1045 38.4505 77.201 18.4391 42.3298 51.5325 0.0 83.5881 31.257 55.4707 43.3244 33.8378 63.574 75.1536 50.1205 53.1601 56.0892 30.0832 70.849 32.45 58.6941 76.386 39.5466 44.1814 80.7911 67.658 24.6982 44.8436 46.3897 36.2353 26.4008 53.1507 44.1814 31.8904 59.5399 55.9017 40.5919 34.2053 45.7056 96.7149 41.2311 20.025 62.3939 58.747 27.5136 62.0322 60.211 65.7343 63.5059 17.1172 47.8017 67.6463 27.2947 69.4622 55.4413 
62.482 47.3814 66.4013 55.1998 11.0454 57.8014 108.481 44.2719 75.1066 37.1793 60.6383 51.0392 90.2781 70.0646 66.6132 62.514 46.2575 30.3645 92.1384 48.4829 33.6006 83.5881 0.0 107.169 78.6448 44.1022 75.9365 21.9545 75.2396 34.8281 38.6264 54.1479 56.081 25.4951 114.485 30.0832 7.2111 86.0081 61.4003 78.7718 22.8035 88.9339 74.0236 71.1758 116.954 57.8177 63.3482 51.4782 90.3996 43.4166 61.8142 87.0534 116.861 62.6227 13.6015 90.8741 97.0711 44.1022 42.107 95.2947 49.0918 31.7805 81.0494 79.404 71.6203 52.2398 17.088 91.5377 59.1354 33.6729 
45.0 72.1364 47.7598 65.0089 115.278 49.5177 2.0 99.7939 86.209 84.231 62.1893 85.9069 19.6469 56.1427 48.5489 74.3303 68.2333 94.62 15.2643 73.1603 73.6614 31.257 107.169 0.0 53.2353 63.716 41.4583 85.6329 75.326 72.3464 72.5716 87.2983 51.0882 102.217 14.5602 79.4822 100.308 46.3593 75.4255 80.0999 93.7049 19.7231 48.7032 77.026 13.0384 56.1941 59.6036 71.4206 57.5674 74.1405 62.6615 45.6946 17.4642 54.7984 120.748 36.3456 11.4018 76.1839 89.5774 13.9284 74.0555 91.5788 95.6347 61.0737 35.805 78.8543 93.4134 18.3848 76.5376 85.2242 
43.5411 31.6228 56.0935 79.7048 82.5409 46.1697 55.2268 100.57 102.639 67.5883 18.1421 91.5131 50.0 71.8807 29.7946 91.663 64.2115 54.1202 45.7056 77.4154 50.9456 55.4707 78.6448 53.2353 0.0 43.7626 31.1758 58.2443 22.0907 51.5515 41.1421 94.941 48.2516 83.685 67.0075 49.2705 73.682 36.0768 92.9548 27.0185 72.6961 36.3456 13.0384 92.8169 66.2722 70.3528 15.2971 35.4222 86.0768 35.4401 17.088 17.0294 70.0071 21.3532 91.214 17.0 50.3587 35.4683 89.5902 40.0 30.8707 80.6189 118.013 8.24621 40.2189 87.3297 71.1772 36.0555 26.9072 67.9542 
20.1246 20.5913 29.0 36.7033 51.6624 14.2127 65.1081 56.8596 66.9626 24.1661 25.6205 48.1417 47.7074 42.45 30.6456 49.6655 20.5183 33.9559 48.9183 34.044 10.7703 43.3244 44.1022 63.716 43.7626 0.0 32.3675 22.2036 48.4149 10.198 10.0499 51.5697 13.4164 43.6745 71.8471 15.8114 37.5899 42.4391 50.094 53.9073 32.6856 45.3649 39.1073 57.5827 74.027 25.9615 28.6589 10.4403 62.8013 18.9737 28.2696 43.4844 74.3303 27.2824 57.6888 47.3052 54.037 22.1359 45.8794 51.7257 24.1868 40.6085 77.1883 46.2146 28.8444 43.9584 32.0156 47.9687 35.609 25.0 
18.3576 30.8869 32.0156 50.5838 78.9234 18.171 43.1779 84.5992 78.599 51.255 19.2354 75.179 31.0161 48.1664 7.81025 62.542 45.0041 53.5012 28.8687 61.0813 42.3537 33.8378 75.9365 41.4583 31.1758 32.3675 0.0 54.2893 50.706 41.1313 36.0217 78.6069 20.2529 73.579 52.5332 44.2349 69.1461 15.099 63.2544 56.3435 62.5901 21.7423 20.3961 68.7769 53.4312 41.2318 20.0 30.3018 63.5138 33.0217 23.0217 16.1444 55.3882 13.3417 89.5326 19.9651 34.2195 34.9857 73.6191 27.9025 32.6956 70.513 88.8923 39.099 17.4929 65.6084 62.2986 23.5381 37.1214 52.2145 
41.1156 28.4429 47.6527 40.05 29.7321 36.1248 87.0 45.3332 68.0659 23.3452 40.1123 46.6441 68.9117 54.4632 45.8021 52.1728 28.2908 22.3607 70.7107 35.3553 12.0416 63.574 21.9545 85.6329 58.2443 22.2036 54.2893 0.0 58.5235 13.6015 17.2627 50.1426 34.6554 27.7849 93.1191 9.0 15.8114 64.3609 51.4198 62.9682 17.0294 67.2867 53.589 61.6117 95.5877 39.5601 43.0465 29.7321 75.4582 24.5153 42.0119 65.4062 95.4951 41.8115 35.5106 69.2269 75.6902 26.2488 38.7485 73.6475 31.0483 24.9718 76.5726 60.075 50.2494 43.375 13.9284 69.8905 42.72 20.8806 
56.1077 30.4631 70.3171 84.3651 76.1643 55.3504 77.3175 103.103 114.484 72.111 25.6125 96.0565 71.0211 86.5893 38.9763 97.1867 68.8718 46.0977 67.2681 82.0757 54.5894 75.1536 75.2396 75.326 22.0907 48.4149 50.706 58.5235 0.0 55.5698 43.8292 99.4844 57.4323 85.7963 89.0505 49.98 72.0069 55.607 97.6151 5.83095 74.8188 58.0775 30.3645 105.104 88.3629 73.3428 23.0217 40.0825 103.822 34.176 21.2603 34.7851 92.0489 30.5287 86.0233 39.0512 72.111 32.28 94.2426 62.0322 27.5136 82.7417 124.663 14.5602 58.7639 91.99 72.4224 58.0 16.1245 72.2011 
27.6621 25.6125 34.6558 35.5505 43.2782 23.0217 73.6614 50.7752 61.4003 16.9706 33.4094 41.2601 55.4582 43.0116 39.4095 44.3625 17.4642 31.0644 57.3185 27.3225 2.0 50.1205 34.8281 72.3464 51.5515 10.198 41.1313 13.6015 55.5698 0.0 12.0416 44.688 21.2603 33.4798 79.6656 11.0454 28.0179 51.2029 43.8723 60.7454 22.4909 54.1288 46.8962 53.8187 82.1344 27.1662 36.4478 20.025 64.0 22.6274 36.0555 52.2483 82.0416 35.0713 48.4149 56.069 62.2512 25.4951 39.7002 60.4896 29.0689 30.4138 70.4557 54.0035 36.8004 37.2022 21.8403 56.7326 41.2311 16.6433 
29.7321 13.6015 39.0128 45.5415 44.6542 23.2594 73.9637 59.986 73.2314 29.0 23.0 53.2247 56.8243 51.9711 28.6525 56.1888 28.178 24.0416 57.7742 39.1488 10.8167 53.1601 38.6264 72.5716 41.1421 10.0499 36.0217 17.2627 43.8292 12.0416 0.0 56.6526 23.0868 42.6906 80.8297 8.544 32.9848 51.2947 55.6986 48.8774 31.7017 54.2205 36.4868 65.645 82.9004 35.5106 26.0192 13.0384 72.5603 10.6301 25.318 52.34 83.375 24.6619 51.8941 56.1608 62.9037 13.6015 51.6648 60.5813 17.0294 39.6246 82.2931 43.4166 38.0132 49.0632 30.0666 56.8243 29.2062 28.6007 
55.6205 70.0671 41.4142 25.1794 65.0692 60.5945 87.6641 15.6205 21.0 27.846 76.7989 3.60555 67.7422 31.9531 76.8851 14.4222 44.4695 71.7456 73.3348 19.6977 46.2356 56.0892 54.1479 87.2983 94.941 51.5697 78.6069 50.1426 99.4844 44.688 56.6526 0.0 58.6337 29.0172 86.977 54.245 48.6621 81.3847 13.0384 104.819 33.5261 76.0555 90.2857 19.2354 91.3947 35.434 79.8373 61.9848 44.5533 67.2788 79.448 82.4301 88.0227 78.4608 62.3939 86.2508 75.9539 70.1801 12.0416 81.0247 73.5979 25.4951 27.5136 97.8869 58.0278 9.21954 39.2938 79.0512 85.6515 29.6785 
6.7082 30.2655 18.0278 40.1667 64.3817 3.16228 52.4023 64.626 70.426 31.2818 32.3246 55.2058 34.4093 34.1793 18.5311 53.1289 25.0309 47.1275 36.0694 41.1081 22.6274 30.0832 56.081 51.0882 48.2516 13.4164 20.2529 34.6554 57.4323 21.2603 23.0868 58.6337 0.0 53.6059 58.6003 29.1548 49.2195 30.3246 53.5574 63.2631 42.6169 33.121 43.5963 54.6685 60.959 27.1235 34.5026 15.5242 52.4976 30.0 36.7876 31.3699 61.0328 26.9158 69.6596 35.1906 41.0366 33.0151 53.6459 39.4462 33.541 50.5398 80.6049 51.1975 15.6205 51.0224 42.3254 35.7771 43.3948 32.2413 
60.0068 55.3624 55.2471 37.2257 36.2215 55.5666 102.874 19.2354 50.01 33.6202 65.5428 26.1725 82.6253 50.6063 71.8572 39.2173 41.3163 48.0833 87.5672 28.6345 33.2593 70.849 25.4951 102.217 83.685 43.6745 73.579 27.7849 85.7963 33.4798 42.6906 29.0172 53.6059 0.0 102.896 35.8469 21.0238 83.6506 37.9473 90.471 11.4018 86.5764 79.0297 47.0744 108.541 49.2669 68.5812 53.2841 68.884 51.6236 68.0046 84.696 104.331 67.2047 33.541 88.5167 90.8329 53.7122 17.1172 92.9353 58.3095 13.4164 55.5788 86.0906 71.8607 28.7924 14.2127 89.1635 70.2638 27.8807 
52.0096 83.006 50.8035 66.2257 122.851 57.6888 12.6491 100.722 82.3893 86.8863 71.7652 86.1626 24.2074 55.0273 59.2368 73.0821 70.8886 104.613 23.7697 74.3772 81.0776 32.45 114.485 14.5602 67.0075 71.8471 52.5332 93.1191 89.0505 79.6656 80.8297 86.977 58.6003 102.896 0.0 87.6584 107.624 57.4342 74.3303 94.0 100.096 31.5753 61.1882 73.9797 5.09902 58.8218 72.0258 82.1266 51.0882 84.8465 75.0837 57.7235 3.0 65.8733 128.064 50.01 18.3848 86.9296 90.7855 27.0185 85.0941 94.2341 91.0494 75.0067 43.0116 79.3095 100.084 31.1448 89.0507 87.8795 
35.8469 19.6469 45.1521 46.5789 36.4005 30.0 80.8743 53.1424 71.5542 26.4197 31.1448 50.8171 63.5138 54.037 36.8657 54.7814 28.4429 20.025 64.6848 37.6962 9.05539 58.6941 30.0832 79.4822 49.2705 15.8114 44.2349 9.0 49.98 11.0454 8.544 54.245 29.1548 35.8469 87.6584 0.0 24.5153 58.2053 54.231 54.626 24.8582 61.1311 44.6152 64.2573 89.8109 38.0526 34.0588 21.4709 75.0067 15.8114 33.0151 59.2506 90.1388 32.8751 43.382 63.0713 69.814 17.8885 46.5578 67.4919 22.4722 32.7811 80.2621 51.0882 44.6542 47.0106 22.561 63.7349 34.4384 25.0 
55.6205 43.0 59.1991 48.1044 17.72 51.0392 101.62 40.2492 69.4622 30.0832 55.5788 45.3982 83.4166 62.9692 67.4243 56.1427 39.0554 29.1548 85.2769 41.3874 26.9258 76.386 7.2111 100.308 73.682 37.5899 69.1461 15.8114 72.0069 28.0179 32.9848 48.6621 49.2195 21.0238 107.624 24.5153 0.0 79.2178 55.0818 75.9276 16.1245 82.1436 69.0267 65.0077 110.093 50.6155 58.4209 45.5412 83.3042 39.0 57.1402 80.2631 110.0 57.3675 20.5183 84.0838 90.2096 40.1123 36.6742 88.5044 45.0999 25.1794 75.9276 75.0267 64.7588 46.0109 10.198 84.7474 55.9017 26.5775 
27.4642 45.7771 40.0167 58.547 94.0071 28.2426 48.0789 93.5668 86.5621 61.3266 34.3311 79.5715 36.0 55.8039 22.2066 70.5051 53.9716 68.2644 33.7697 66.6984 52.4253 39.5466 86.0081 46.3593 36.0768 42.4391 15.099 64.3609 55.607 51.2029 51.2947 81.3847 30.3246 83.6506 57.4342 58.2053 79.2178 0.0 71.2176 61.2445 72.6617 26.6433 25.2971 76.74 58.3322 49.195 35.02 45.065 70.0 47.7849 38.0713 21.0454 60.2892 28.4391 99.6042 24.8661 39.1204 49.8246 82.5866 32.8035 47.6962 80.5846 96.8554 44.0 24.1421 72.4492 72.3702 28.4391 52.19 62.2861 
45.4534 69.0938 31.2471 17.2047 72.4431 55.5182 75.6637 28.3196 17.8045 28.1603 74.8127 13.4536 56.0803 19.4165 62.655 1.41421 43.4937 73.3757 62.0 16.5529 45.618 44.1814 61.4003 75.4255 92.9548 50.094 63.2544 51.4198 97.6151 43.8723 55.6986 13.0384 53.5574 37.9473 74.3303 54.231 55.0818 71.2176 0.0 103.101 39.0128 65.6201 88.2995 10.198 78.848 25.9869 77.8511 58.5505 32.0156 66.3288 77.4618 72.2629 75.2728 71.0397 71.3092 75.898 64.195 69.2665 21.4709 70.1783 72.6221 30.0 27.5862 95.9007 47.8606 9.21954 45.0111 68.593 85.3497 30.5941 
61.9386 35.3553 76.1479 89.8511 79.0 61.1812 82.0975 107.767 119.97 77.4209 31.4006 101.391 76.4853 92.4202 44.8072 102.673 74.3578 49.0408 72.5603 87.2932 59.6825 80.7911 78.7718 80.0999 27.0185 53.9073 56.3435 62.9682 5.83095 60.7454 48.8774 104.819 63.2631 90.471 94.0 54.626 75.9276 61.2445 103.101 0.0 79.4823 63.2851 36.0555 110.59 93.1343 78.8288 28.8444 45.5685 109.653 38.9102 27.0185 40.4969 97.0 36.3593 89.0505 44.0114 77.3175 36.7696 99.6601 67.0075 32.2025 87.4051 130.149 19.0263 64.5948 97.2075 76.896 63.0714 20.2485 77.3886 
49.0179 44.4048 50.4711 38.4187 33.7343 44.5777 98.0977 28.2843 53.9351 20.3981 54.5539 30.0832 77.8493 53.2834 60.8683 40.05 30.3274 38.6005 78.6743 27.0442 22.2704 67.658 22.8035 93.7049 72.6961 32.6856 62.5901 17.0294 74.8188 22.4909 31.7017 33.5261 42.6169 11.4018 100.096 24.8582 16.1245 72.6617 39.0128 79.4823 0.0 75.5874 68.0408 49.0102 103.765 41.8876 57.5923 42.2952 67.8287 40.6432 57.0157 73.7071 101.858 56.2158 34.4819 77.5278 86.0569 42.7264 21.9317 81.9463 47.324 9.05539 61.0328 75.1017 58.1562 30.0167 6.0 78.1746 59.279 16.8918 
27.8568 52.4204 35.0143 53.2178 96.933 31.1685 21.4709 88.0028 79.404 64.2523 40.9744 74.2423 15.0 47.8017 28.8444 64.7765 55.9049 74.898 9.48683 61.3692 55.3512 24.6982 88.9339 19.7231 36.3456 45.3649 21.7423 67.2867 58.0775 54.1288 54.2205 76.0555 33.121 86.5764 31.5753 61.1311 82.1436 26.6433 65.6201 63.2851 75.5874 0.0 29.6142 69.6419 31.9531 43.8658 40.4655 51.6986 56.4004 54.4185 43.5234 26.2488 34.5254 35.0824 102.53 19.6469 14.0357 56.4679 77.7864 6.40312 54.3395 83.5103 89.493 44.5533 19.4165 67.12 75.2959 3.0 57.4891 65.2118 
42.2717 27.3754 45.3137 75.0495 78.1964 41.5144 50.5964 95.915 103.065 62.933 13.4868 86.8578 41.1096 61.101 25.1393 87.0077 59.5562 50.5356 38.1182 72.7601 46.2903 44.8436 74.0236 48.7032 13.0384 39.1073 20.3961 53.589 30.3645 46.8962 36.4868 90.2857 43.5963 79.0297 61.1882 44.6152 69.0267 25.2971 88.2995 36.0555 68.0408 29.6142 0.0 93.2426 61.4003 65.6975 10.901 30.7669 75.2971 31.0275 13.959 4.47214 64.1327 16.6979 86.6879 14.8661 43.2897 31.4413 84.9349 34.7851 27.2913 75.9636 113.358 19.8494 29.4392 82.6744 66.5219 30.3645 27.8927 63.2989 
50.9758 78.1619 36.7696 25.6125 82.2192 56.8262 77.0 34.6699 9.84886 38.3275 82.3013 21.1896 58.4209 21.8403 68.1774 9.48683 53.4401 83.5225 64.7765 26.5707 55.565 46.3897 71.1758 77.026 92.8169 57.5827 68.7769 61.6117 105.104 53.8187 65.645 19.2354 54.6685 47.0744 73.9797 64.2573 65.0077 76.74 10.198 110.59 49.0102 69.6419 93.2426 0.0 78.7718 33.3017 84.1489 66.0392 26.6271 76.2751 84.9505 77.7854 74.5252 76.5621 80.604 81.4125 66.1891 79.2128 30.0832 73.5459 81.7478 40.05 20.1246 100.844 53.2259 19.0 55.0091 72.5328 92.8384 40.7922 
54.4885 84.0952 54.3783 70.2816 125.32 59.8164 11.0454 104.924 87.2812 90.5555 72.6632 90.4765 26.9072 59.4811 60.3738 77.6209 74.5578 106.506 25.2389 78.433 83.5464 36.2353 116.954 13.0384 66.2722 74.027 53.4312 95.5877 88.3629 82.1344 82.9004 91.3947 60.959 108.541 5.09902 89.8109 110.093 58.3322 78.848 93.1343 103.765 31.9531 61.4003 78.7718 0.0 62.5186 72.2944 83.3064 56.1427 86.0263 75.3523 58.1893 6.40312 66.7713 130.533 49.366 20.0 88.1022 94.8472 26.6833 86.0283 97.9032 96.0208 74.108 45.3431 83.5703 103.753 31.0483 89.2861 91.5486 
23.4307 46.3256 9.22446 12.5963 67.6262 29.2812 56.851 47.3813 42.8019 28.6778 54.4258 33.6208 36.6026 16.4924 40.6323 25.5585 12.2066 58.0086 41.5445 20.7477 29.1548 26.4008 57.8177 56.1941 70.3528 25.9615 41.2318 39.5601 73.3428 27.1662 35.5106 35.434 27.1235 49.2669 58.8218 38.0526 50.6155 49.195 25.9869 78.8288 41.8876 43.8658 65.6975 33.3017 62.5186 0.0 56.6038 34.1375 37.1214 44.9222 53.1895 50.2403 60.6053 49.017 70.9444 54.061 44.8102 48.0833 37.1648 48.859 49.8915 38.6289 53.0094 73.2987 25.838 26.5512 41.8758 46.8615 60.9736 29.6709 
33.178 16.5529 47.3874 64.6011 67.4166 32.4206 61.4975 85.4666 94.7197 52.4846 3.16228 76.4094 51.0098 63.6596 16.1555 77.4226 49.1078 39.6611 48.7956 62.3117 35.8419 53.1507 63.3482 59.6036 15.2971 28.6589 20.0 43.0465 23.0217 36.4478 26.0192 79.8373 34.5026 68.5812 72.0258 34.0588 58.4209 35.02 77.8511 28.8444 57.5923 40.4655 10.901 84.1489 72.2944 56.6038 0.0 20.3185 80.9568 20.2485 3.16228 14.4526 74.9601 7.61577 75.9605 25.0151 54.026 20.5913 74.4865 45.6861 16.4012 65.5152 104.899 17.72 36.1386 72.226 56.0803 41.2639 17.2627 52.8505 
21.0238 15.0 33.5261 45.1598 57.6888 14.0357 73.1436 66.9307 75.4191 34.6329 17.2801 58.5569 46.6469 49.6511 22.9326 58.1221 30.0 34.9857 58.3585 44.4592 20.025 44.1814 51.4782 71.4206 35.4222 10.4403 30.3018 29.7321 40.0825 20.025 13.0384 61.9848 15.5242 53.2841 82.1266 21.4709 45.5412 45.065 58.5505 45.5685 42.2952 51.6986 30.7669 66.0392 83.3064 34.1375 20.3185 0.0 68.0074 15.5242 19.9292 46.1104 73.1975 18.942 64.846 49.9311 63.7425 18.2483 56.997 57.7578 18.1108 50.2181 85.598 37.8742 27.8876 54.3735 41.3038 53.3236 27.8714 35.4401 
47.927 82.4858 34.4819 35.5106 100.999 54.4243 57.0088 60.1415 32.8938 53.3667 78.8015 45.4533 42.19 21.0238 64.846 30.6105 47.1699 95.0211 48.8774 42.0595 66.0 31.8904 90.3996 57.5674 86.0768 62.8013 63.5138 75.4582 103.822 64.0 72.5603 44.5533 52.4976 68.884 51.0882 75.0067 83.3042 70.0 32.0156 109.653 67.8287 56.4004 75.2971 26.6271 56.1427 37.1214 80.9568 68.0074 0.0 81.7186 83.2646 71.0454 51.0 73.3485 101.397 72.8629 48.3322 84.8652 53.2541 58.3095 85.8723 58.781 40.4475 94.0 46.0435 40.4969 73.6184 58.8218 95.8774 56.7539 
36.1248 4.0 47.3814 55.555 47.1699 29.1548 75.8635 68.9275 83.8616 39.598 17.8885 63.8508 61.923 61.4003 25.6525 66.8189 38.5876 20.5183 61.0784 49.779 21.2603 59.5399 43.4166 74.1405 35.4401 18.9737 33.0217 24.5153 34.176 22.6274 10.6301 67.2788 30.0 51.6236 84.8465 15.8114 39.0 47.7849 66.3288 38.9102 40.6432 54.4185 31.0275 76.2751 86.0263 44.9222 20.2485 15.5242 81.7186 0.0 18.4391 48.8302 87.6209 21.2603 55.7853 45.1415 66.4624 3.16228 62.291 60.5884 6.7082 48.5661 92.9232 36.0555 43.328 59.6933 38.3275 56.224 18.868 39.0512 
35.4631 14.5602 49.6725 64.2118 65.4599 34.7057 64.5554 85.0773 94.3304 52.0953 4.47214 76.0201 54.037 65.9447 18.6815 77.0333 48.7185 37.2156 51.8536 61.9224 35.4401 55.9017 61.8142 62.6615 17.088 28.2696 23.0217 42.0119 21.2603 36.0555 25.318 79.448 36.7876 68.0046 75.0837 33.0151 57.1402 38.0713 77.4618 27.0185 57.0157 43.5234 13.959 84.9505 75.3523 53.1895 3.16228 19.9292 83.2646 18.4391 0.0 17.5105 78.018 10.198 74.2159 28.0179 57.0839 18.3848 74.0972 48.744 13.8924 64.9386 104.509 18.1108 38.833 71.8367 55.3263 44.3219 14.1421 52.4612 
28.5096 46.8224 41.062 59.5923 95.0525 29.288 47.5395 94.6121 87.6075 62.372 17.0384 80.6168 37.0135 56.8493 23.2519 71.5505 55.017 69.3098 34.3657 67.7438 53.4707 40.5919 87.0534 45.6946 17.0294 43.4844 16.1444 65.4062 34.7851 52.2483 52.34 82.4301 31.3699 84.696 57.7235 59.2506 80.2631 21.0454 72.2629 40.4969 73.7071 26.2488 4.47214 77.7854 58.1893 50.2403 14.4526 46.1104 71.0454 48.8302 17.5105 0.0 60.6383 29.4844 100.65 14.3178 39.6232 50.87 83.632 31.7805 48.7415 81.63 97.9008 24.2074 25.1875 73.4945 73.4156 27.313 31.4775 63.3314 
54.4059 85.7963 52.6308 67.6603 125.227 60.208 15.5242 101.98 82.7345 88.6487 74.6202 87.3212 26.6271 56.0803 62.0322 74.0 72.6509 107.159 26.5707 75.8118 83.4536 34.2053 116.861 17.4642 70.0071 74.3303 55.3882 95.4951 92.0489 82.0416 83.375 88.0227 61.0328 104.331 3.0 90.1388 110.0 60.2892 75.2728 97.0 101.858 34.5254 64.1327 74.5252 6.40312 60.6053 74.9601 73.1975 51.0 87.6209 78.018 60.6383 0.0 68.7283 130.915 53.0094 21.1896 89.7039 92.1792 30.0167 87.9204 93.693 91.1976 78.0064 45.4863 80.5295 101.847 34.1321 91.985 89.6418 
25.5913 18.4391 39.8006 58.3691 67.5636 24.8339 56.518 84.0901 86.3842 51.1081 6.0 75.0329 44.1814 56.0729 8.544 70.3272 47.7313 41.7253 42.2088 60.9352 34.4654 45.7056 62.6227 54.7984 21.3532 27.2824 13.3417 41.8115 30.5287 35.0713 24.6619 78.4608 26.9158 67.2047 65.8733 32.8751 57.3675 28.4391 71.0397 36.3593 56.2158 35.0824 16.6979 76.5621 66.7713 49.017 7.61577 18.942 73.3485 21.2603 10.198 29.4844 68.7283 0.0 75.5681 30.8119 47.5595 22.6716 73.11 41.2426 19.7231 64.1387 96.6775 24.2991 28.6356 70.8495 54.7084 36.8782 24.0 51.474 
76.0606 59.6657 79.528 67.7766 10.4403 71.4003 122.06 50.0899 83.2947 49.7561 73.3757 59.6825 103.857 82.5843 79.5587 72.5328 59.3843 40.0125 105.717 60.6123 47.2017 96.7149 13.6015 120.748 91.214 57.6888 89.5326 35.5106 86.0233 48.4149 51.8941 62.3939 69.6596 33.541 128.064 43.382 20.5183 99.6042 71.3092 89.0505 34.4819 102.53 86.6879 80.604 130.533 70.9444 75.9605 64.846 101.397 55.7853 74.2159 100.65 130.915 75.5681 0.0 104.47 110.65 56.0892 50.636 108.891 61.0 42.9535 88.0227 91.4112 85.1989 62.0967 29.4109 105.134 70.1142 46.2497 
32.3303 41.4894 44.7214 63.4131 98.8732 33.1087 38.3275 98.4328 91.2414 66.1927 27.6008 84.4376 34.0147 60.208 27.0726 75.1856 58.8377 64.6496 29.1204 71.5645 57.2914 41.2311 90.8741 36.3456 17.0 47.3052 19.9651 69.2269 39.0512 56.069 56.1608 86.2508 35.1906 88.5167 50.01 63.0713 84.0838 24.8661 75.898 44.0114 77.5278 19.6469 14.8661 81.4125 49.366 54.061 25.0151 49.9311 72.8629 45.1415 28.0179 14.3178 53.0094 30.8119 104.47 0.0 33.541 45.5553 87.4527 23.0 41.4053 85.4507 101.533 25.0799 28.3019 77.3152 77.2363 19.105 41.1461 67.1521 
34.6554 64.622 36.4005 53.6103 105.418 39.8246 12.083 88.3953 75.5381 72.8471 53.4515 74.5252 8.24621 45.0111 40.8534 63.1269 56.8494 86.6874 5.38516 61.7617 63.6553 20.025 97.0711 11.4018 50.3587 54.037 34.2195 75.6902 72.111 62.2512 62.9037 75.9539 41.0366 90.8329 18.3848 69.814 90.2096 39.1204 64.195 77.3175 86.0569 14.0357 43.2897 66.1891 20.0 44.8102 54.026 63.7425 48.3322 66.4624 57.0839 39.6232 21.1896 47.5595 110.65 33.541 0.0 68.5454 78.1788 11.6619 66.7308 80.1949 85.1587 58.5491 25.4558 67.4685 83.3155 14.5602 71.0509 73.8403 
39.0512 4.24264 50.4876 58.7051 47.1275 32.0624 77.9035 71.0107 86.7993 42.45 18.6011 66.7522 64.0061 64.56 27.7308 69.7566 41.6773 19.2094 63.1614 52.7167 24.0416 62.3939 44.1022 76.1839 35.4683 22.1359 34.9857 26.2488 32.28 25.4951 13.6015 70.1801 33.0151 53.7122 86.9296 17.8885 40.1123 49.8246 69.2665 36.7696 42.7264 56.4679 31.4413 79.2128 88.1022 48.0833 20.5913 18.2483 84.8652 3.16228 18.3848 50.87 89.7039 22.6716 56.0892 45.5553 68.5454 0.0 65.1923 62.6281 5.0 50.6493 95.8609 35.3553 46.1257 62.6259 40.1622 58.2637 16.5529 41.7732 
57.3513 65.0793 43.1451 25.632 53.0377 55.6067 90.0927 11.0 33.0151 22.8582 71.4481 9.05539 69.9327 37.0135 71.8973 22.8254 39.4818 60.3515 75.4651 17.4642 41.2478 58.747 42.107 89.5774 89.5902 45.8794 73.6191 38.7485 94.2426 39.7002 51.6648 12.0416 53.6459 17.1172 90.7855 46.5578 36.6742 82.5866 21.4709 99.6601 21.9317 77.7864 84.9349 30.0832 94.8472 37.1648 74.4865 56.997 53.2541 62.291 74.0972 83.632 92.1792 73.11 50.636 87.4527 78.1788 65.1923 0.0 82.7796 68.6101 14.8661 39.2938 92.0422 59.7586 12.8062 27.5136 80.7821 80.6637 24.6907 
34.0147 58.5806 40.1123 58.211 103.294 37.4433 15.8114 92.9961 83.1986 76.8959 48.2719 79.2231 16.1245 51.788 35.0 69.2604 60.8982 80.9572 9.43398 66.3625 61.712 27.5136 95.2947 13.9284 40.0 51.7257 27.9025 73.6475 62.0322 60.4896 60.5813 81.0247 39.4462 92.9353 27.0185 67.4919 88.5044 32.8035 70.1783 67.0075 81.9463 6.40312 34.7851 73.5459 26.6833 48.859 45.6861 57.7578 58.3095 60.5884 48.744 31.7805 30.0167 41.2426 108.891 23.0 11.6619 62.6281 82.7796 0.0 60.4997 84.2437 93.145 48.0416 25.2982 72.1536 81.6548 4.47214 62.6418 71.5707 
39.1152 3.60555 51.4198 60.8684 51.923 32.1403 75.775 75.6082 90.1549 46.0109 14.8661 70.17 62.5859 66.3672 25.9615 73.1123 44.4072 23.3238 61.3514 56.0723 27.8029 62.0322 49.0918 74.0555 30.8707 24.1868 32.6956 31.0483 27.5136 29.0689 17.0294 73.5979 33.541 58.3095 85.0941 22.4722 45.0999 47.6962 72.6221 32.2025 47.324 54.3395 27.2913 81.7478 86.0283 49.8915 16.4012 18.1108 85.8723 6.7082 13.8924 48.7415 87.9204 19.7231 61.0 41.4053 66.7308 5.0 68.6101 60.4997 0.0 55.2468 99.2165 30.4138 45.1774 65.9866 44.9222 56.1352 12.2066 45.607 
56.9408 52.3277 44.6091 26.5877 42.7551 52.5006 92.2357 23.7065 45.3542 22.9822 62.4768 21.9317 71.9873 39.9684 68.7912 31.0161 38.2503 46.5748 76.9292 17.9965 30.1933 60.211 31.7805 91.5788 80.6189 40.6085 70.513 24.9718 82.7417 30.4138 39.6246 25.4951 50.5398 13.4164 94.2341 32.7811 25.1794 80.5846 30.0 87.4051 9.05539 83.5103 75.9636 40.05 97.9032 38.6289 65.5152 50.2181 58.781 48.5661 64.9386 81.63 93.693 64.1387 42.9535 85.4507 80.1949 50.6493 14.8661 84.2437 55.2468 0.0 52.9245 83.0709 61.2227 21.095 15.0333 86.0975 67.2019 24.8146 
71.0912 95.6882 56.8849 44.6878 91.7878 76.9416 95.4254 38.0132 10.2956 53.8516 101.86 31.0161 77.666 41.7852 88.2928 27.6586 70.0882 98.76 84.1724 43.4166 72.111 65.7343 81.0494 95.6347 118.013 77.1883 88.8923 76.5726 124.663 70.4557 82.2931 27.5136 80.6049 55.5788 91.0494 80.2621 75.9276 96.8554 27.5862 130.149 61.0328 89.493 113.358 20.1246 96.0208 53.0094 104.899 85.598 40.4475 92.9232 104.509 97.9008 91.1976 96.6775 88.0227 101.533 85.1587 95.8609 39.2938 93.145 99.2165 52.9245 0.0 120.959 73.3485 33.2866 66.7608 92.3472 111.282 55.6956 
49.8729 32.0624 64.0823 82.6507 82.2253 49.1155 63.0714 103.022 110.666 70.0403 20.8806 94.459 58.2409 80.3545 32.7405 94.6089 67.1574 52.811 53.9351 80.3613 53.3667 63.5059 79.404 61.0737 8.24621 46.2146 39.099 60.075 14.5602 54.0035 43.4166 97.8869 51.1975 86.0906 75.0067 51.0882 75.0267 44.0 95.9007 19.0263 75.1017 44.5533 19.8494 100.844 74.108 73.2987 17.72 37.8742 94.0 36.0555 18.1108 24.2074 78.0064 24.2991 91.4112 25.0799 58.5491 35.3553 92.0422 48.0416 30.4138 83.0709 120.959 0.0 48.1421 90.2756 73.437 44.1814 23.3238 70.4062 
9.21954 42.4807 16.7631 35.19 79.9812 14.7648 37.0135 69.9751 63.0714 53.8749 34.5254 56.2145 18.868 31.9061 20.2237 47.1482 37.8772 61.8466 20.6155 43.3415 38.2099 17.1172 71.6203 35.805 40.2189 28.8444 17.4929 50.2494 58.7639 36.8004 38.0132 58.0278 15.6205 71.8607 43.0116 44.6542 64.7588 24.1421 47.8606 64.5948 58.1562 19.4165 29.4392 53.2259 45.3431 25.838 36.1386 27.8876 46.0435 43.328 38.833 25.1875 45.4863 28.6356 85.1989 28.3019 25.4558 46.1257 59.7586 25.2982 45.1774 61.2227 73.3485 48.1421 0.0 49.0922 57.8647 22.3607 52.345 47.7806 
46.6849 62.4583 32.4787 16.0312 63.2851 52.9832 79.3095 21.4709 24.6982 20.5913 69.1876 7.07107 59.2284 24.6982 63.8865 10.4403 36.8583 65.5624 64.6297 10.8167 38.833 47.8017 52.2398 78.8543 87.3297 43.9584 65.6084 43.375 91.99 37.2022 49.0632 9.21954 51.0224 28.7924 79.3095 47.0106 46.0109 72.4492 9.21954 97.2075 30.0167 67.12 82.6744 19.0 83.5703 26.5512 72.226 54.3735 40.4969 59.6933 71.8367 73.4945 80.5295 70.8495 62.0967 77.3152 67.4685 62.6259 12.8062 72.1536 65.9866 21.095 33.2866 90.2756 49.0922 0.0 36.0139 70.1157 78.0523 22.498 
48.7264 42.2019 50.4594 38.4187 27.8927 44.2862 94.7257 32.8024 59.8415 20.3981 53.0377 35.9026 77.8375 53.2834 60.5768 46.0435 30.3157 33.9706 78.3828 31.7017 21.3776 67.6463 17.088 93.4134 71.1772 32.0156 62.2986 13.9284 72.4224 21.8403 30.0666 39.2938 42.3254 14.2127 100.084 22.561 10.198 72.3702 45.0111 76.896 6.0 75.2959 66.5219 55.0091 103.753 41.8758 56.0803 41.3038 73.6184 38.3275 55.3263 73.4156 101.847 54.7084 29.4109 77.2363 83.3155 40.1622 27.5136 81.6548 44.9222 15.0333 66.7608 73.437 57.8647 36.0139 0.0 77.8831 56.648 16.8918 
30.6757 54.2162 38.0132 56.2135 99.5368 33.7723 20.2485 90.9986 82.28 66.8395 43.8497 77.238 16.9706 50.6952 30.6456 67.7422 58.9007 76.7035 10.8167 64.365 57.955 27.2947 91.5377 18.3848 36.0555 47.9687 23.5381 69.8905 58.0 56.7326 56.8243 79.0512 35.7771 89.1635 31.1448 63.7349 84.7474 28.4391 68.593 63.0714 78.1746 3.0 30.3645 72.5328 31.0483 46.8615 41.2639 53.3236 58.8218 56.224 44.3219 27.313 34.1321 36.8782 105.134 19.105 14.5602 58.2637 80.7821 4.47214 56.1352 86.0975 92.3472 44.1814 22.3607 70.1157 77.8831 0.0 58.2409 67.799 
48.1741 15.6205 61.3957 71.9591 60.407 47.4167 78.4474 87.5633 102.218 58.1378 18.0 82.2236 68.1175 77.5168 32.1403 84.9213 56.0803 30.4138 65.8205 68.1379 40.0 69.4622 59.1354 76.5376 26.9072 35.609 37.1214 42.72 16.1245 41.2311 29.2062 85.6515 43.3948 70.2638 89.0507 34.4384 55.9017 52.19 85.3497 20.2485 59.279 57.4891 27.8927 92.8384 89.2861 60.9736 17.2627 27.8714 95.8774 18.868 14.1421 31.4775 91.985 24.0 70.1142 41.1461 71.0509 16.5529 80.6637 62.6418 12.2066 67.2019 111.282 23.3238 52.345 78.0523 56.648 58.2409 0.0 57.8014 
