NAME  : Jabali_70_2_0.95_1_3
TYPE : SVRP
MODEL : FINITE_SUPPORT
NUMBER_OF_SCENARIOS : 200
DIMENSION : 70
EDGE_WEIGHT_TYPE : MATRIX
CAPACITY : 205
N_VEHICLES : 2
NODE_COORD_SECTION
1 4586 5143
2 6666 1797
3 1850 5453
4 7453 4007
5 5017 1198
6 7279 2036
7 2251 5785
8 5764 6868
9 5778 2667
10 3558 4832
11 4284 3307
12 6178 7497
13 3300 2489
14 6546 1121
15 4859 4932
16 6990 2946
17 7132 5399
18 5880 4896
19 2763 4273
20 8031 6049
21 6511 571
22 2068 6047
23 6866 5304
24 7334 7601
25 3016 5073
26 6427 18
27 2082 2036
28 1200 5196
29 7738 5354
30 3490 3630
31 3838 5907
32 27 3409
33 6443 4298
34 689 3928
35 8672 5178
36 3090 7547
37 4466 8086
38 6922 5578
39 5709 8038
40 6576 5578
41 2282 8550
42 1038 5314
43 390 3456
44 4654 1534
45 5824 2722
46 4132 5923
47 8150 5977
48 7616 2849
49 8366 5117
50 1186 4187
51 3725 4566
52 4345 1335
53 3685 7417
54 6009 2499
55 2356 3002
56 7365 6694
57 5298 1233
58 6450 2608
59 6924 5266
60 7318 6222
61 7143 6713
62 2885 7747
63 5645 7692
64 666 4676
65 6411 3656
66 8723 6543
67 7010 1342
68 7815 4796
69 5674 6226
70 1053 4367
DEMAND_SECTION
1 0.0
2 5.0
3 7.0
4 4.0
5 5.0
6 10.0
7 7.0
8 6.0
9 10.0
10 2.0
11 6.0
12 6.0
13 5.0
14 3.0
15 6.0
16 7.0
17 9.0
18 2.0
19 4.0
20 1.0
21 10.0
22 6.0
23 1.0
24 1.0
25 10.0
26 6.0
27 10.0
28 7.0
29 4.0
30 6.0
31 5.0
32 10.0
33 5.0
34 6.0
35 3.0
36 1.0
37 3.0
38 4.0
39 5.0
40 2.0
41 5.0
42 8.0
43 5.0
44 2.0
45 7.0
46 2.0
47 10.0
48 3.0
49 5.0
50 9.0
51 7.0
52 1.0
53 10.0
54 6.0
55 10.0
56 4.0
57 1.0
58 2.0
59 8.0
60 5.0
61 4.0
62 10.0
63 4.0
64 7.0
65 10.0
66 7.0
67 8.0
68 8.0
69 3.0
70 9.0
DEVIATION_SECTION
1 0.0
2 1.66667
3 2.33333
4 1.33333
5 1.66667
6 3.33333
7 2.33333
8 2.0
9 3.33333
10 0.666667
11 2.0
12 2.0
13 1.66667
14 1.0
15 2.0
16 2.33333
17 3.0
18 0.666667
19 1.33333
20 0.333333
21 3.33333
22 2.0
23 0.333333
24 0.333333
25 3.33333
26 2.0
27 3.33333
28 2.33333
29 1.33333
30 2.0
31 1.66667
32 3.33333
33 1.66667
34 2.0
35 1.0
36 0.333333
37 1.0
38 1.33333
39 1.66667
40 0.666667
41 1.66667
42 2.66667
43 1.66667
44 0.666667
45 2.33333
46 0.666667
47 3.33333
48 1.0
49 1.66667
50 3.0
51 2.33333
52 0.333333
53 3.33333
54 2.0
55 3.33333
56 1.33333
57 0.333333
58 0.666667
59 2.66667
60 1.66667
61 1.33333
62 3.33333
63 1.33333
64 2.33333
65 3.33333
66 2.33333
67 2.66667
68 2.66667
69 1.0
70 3.0
DISTANCE_MATRIX
0.0 54.1771 38.6005 41.0122 54.7566 56.5159 34.3657 29.8742 39.1008 15.0 23.7676 39.4151 39.8259 61.8451 4.47214 45.608 33.121 17.2627 27.5862 47.0106 68.5812 37.1214 30.4138 53.4465 21.9317 75.4962 53.1601 49.0408 41.5933 24.7386 14.3178 66.4831 27.0185 56.0803 53.7122 39.6965 43.6654 31.0644 44.681 27.2029 56.6039 47.5395 62.2415 50.5574 39.1008 12.8062 47.8017 50.95 50.1597 49.2037 14.2127 53.2157 34.6975 41.3785 41.6293 45.2685 55.7028 43.4804 30.4138 39.8281 45.1238 42.72 40.5847 54.2033 32.389 57.4997 61.3769 43.0116 21.9475 50.2195 
54.1771 0.0 82.4621 32.0624 23.4307 8.48528 81.2869 69.3372 16.5529 59.6549 38.0789 78.8781 45.2769 9.21954 53.6596 16.1245 49.0408 43.0801 62.9682 60.2993 16.4924 84.7968 47.7598 77.8346 66.7814 23.7697 61.3514 90.0944 50.3587 49.4975 67.2587 92.228 34.0 86.1452 53.3385 92.8559 90.5488 50.9215 84.2288 51.4782 109.695 87.9659 88.8144 27.2947 16.5529 66.3329 60.208 18.9737 51.0882 82.0061 56.05 31.3847 87.8742 13.4164 60.407 65.8027 20.5183 11.4018 47.7598 60.1664 65.6581 95.858 80.1102 90.0888 25.5539 70.0071 7.2111 44.0454 60.8753 84.0238 
38.6005 82.4621 0.0 78.9506 71.477 87.1416 6.7082 54.7321 66.2873 25.0799 44.3847 62.2415 43.0116 86.977 41.9762 78.1025 71.3092 55.7853 20.1246 84.5699 91.5336 8.0 68.7095 77.7946 17.1172 96.6933 45.6508 10.8167 79.8499 33.6155 29.4109 36.6879 64.8119 25.7099 92.1141 33.2415 49.7695 68.948 61.0328 64.9246 42.45 9.89949 32.9848 65.1945 66.2873 33.0151 85.4018 86.0233 88.6002 19.105 28.0 64.0703 36.0555 69.4262 33.6006 75.1951 73.8542 73.8577 68.7095 77.3633 72.9595 34.0147 58.4123 18.868 67.0298 95.0349 89.2861 81.6088 53.5019 18.4391 
41.0122 32.0624 78.9506 0.0 49.6488 27.2029 75.2396 46.245 28.178 54.0994 49.0389 49.4256 59.2902 41.1947 37.1214 16.0 19.2094 24.0832 63.5689 28.2843 48.3735 78.1025 19.105 47.4131 61.8983 55.5788 77.5004 88.9434 18.4391 53.382 54.231 100.688 14.1421 91.7878 22.4722 76.922 68.1148 21.9317 58.8543 24.2074 93.6056 87.169 96.6174 50.0899 28.178 51.4782 28.1603 16.1245 19.6469 85.7963 51.4762 54.1202 69.5701 27.8568 70.9683 35.3553 47.8017 23.5372 19.105 29.5296 35.5106 80.0812 56.1096 92.3472 14.8661 38.0132 36.8782 12.0 38.0132 87.3155 
54.7566 23.4307 71.477 49.6488 0.0 31.8904 73.0187 83.0441 22.2036 53.1018 30.9465 92.585 28.7924 20.8806 54.239 34.8855 62.1289 52.6837 51.8055 75.9539 22.0227 76.5604 60.0333 90.5016 59.6829 25.2982 40.3113 76.6942 66.0984 43.5292 64.8998 73.0 45.0444 68.7314 72.111 89.6732 94.6764 63.0079 97.8509 62.2773 105.907 74.4648 70.0643 6.32456 22.2036 65.2335 76.1183 40.8044 69.2604 65.9697 49.5085 9.05539 85.6896 21.8403 42.7551 78.4697 3.16228 26.4008 60.0333 73.0274 78.325 92.4595 93.7546 74.4648 37.3363 86.6833 26.4008 61.131 70.4789 68.1542 
56.5159 8.48528 87.1416 27.2029 31.8904 0.0 85.4338 68.5932 21.0238 63.0929 43.1045 78.134 52.1728 15.5242 55.9983 12.8062 45.618 42.5206 68.1836 55.3173 22.0907 88.8027 44.7772 74.3236 70.9138 29.0 69.0797 95.3362 45.607 55.0091 69.5974 99.2472 32.5576 92.6703 47.0 95.2119 89.9389 47.8853 83.4848 49.0918 112.123 93.2631 95.7079 35.5106 21.0238 68.6716 55.109 12.0 45.0999 88.1419 59.7348 39.6611 90.2129 18.0 67.2681 62.2415 29.0 13.3417 44.7772 56.4624 62.1898 98.2471 79.3662 96.0208 24.8395 64.3817 10.0 38.833 60.1082 90.0888 
34.3657 81.2869 6.7082 75.2396 73.0187 85.4338 0.0 48.6004 64.9586 22.3607 43.4626 55.8659 44.5533 86.406 38.1182 75.6637 66.4113 51.6236 21.2132 79.6318 91.2414 3.60555 63.8905 71.5052 14.5602 96.5804 49.7695 16.9706 74.9538 33.8378 23.7065 43.3244 61.131 32.28 87.2812 27.0185 43.0813 64.01 54.4059 59.9865 37.6962 16.4012 39.5601 66.7362 64.9586 27.2947 80.4637 83.3847 83.8153 25.4951 25.7099 65.614 29.4109 68.1082 37.1214 69.0639 74.7951 72.1625 63.8905 72.4253 66.8282 28.0713 51.8556 25.5539 64.1249 88.3485 88.2553 77.1298 47.3706 25.0 
29.8742 69.3372 54.7321 46.245 83.0441 68.5932 48.6004 0.0 57.1109 44.8049 52.1031 10.0499 68.6813 78.0697 29.2293 55.8661 29.5118 26.4293 57.4575 32.3883 85.1883 49.93 28.1266 23.6008 43.7136 92.3489 82.0594 65.4599 32.531 53.6002 28.6056 89.1725 36.07 78.032 44.0454 38.0526 25.4951 26.3656 16.5529 22.7533 53.3385 64.6232 85.0654 78.8929 57.1109 30.131 33.3766 60.6298 41.1957 70.825 44.0535 81.5512 30.0167 58.7275 70.8814 20.6155 78.8714 57.9822 28.1266 22.2036 18.3848 41.0122 12.53 73.1664 43.938 39.9249 76.0918 41.8797 8.48528 71.0755 
39.1008 16.5529 66.2873 28.178 22.2036 21.0238 64.9586 57.1109 0.0 43.3266 22.0907 66.6518 32.574 23.3452 38.5832 15.8114 40.0125 30.8539 47.1699 53.7587 29.8329 68.4685 38.0132 68.4831 50.4531 36.6197 50.774 74.3303 43.9318 34.0 52.1176 79.6268 23.0217 72.0069 50.5668 77.6057 78.3226 41.0488 72.0026 40.4475 94.5289 72.2496 75.5715 21.9317 0.0 51.2565 53.9351 23.7065 47.5395 67.2681 39.7217 25.9422 72.621 3.16228 47.6267 56.4512 21.0 8.24621 38.0132 51.0098 56.3065 80.6549 67.884 75.06 15.1327 64.5368 23.7065 39.2173 48.6491 69.1809 
15.0 59.6549 25.0799 54.0994 53.1018 63.0929 22.3607 44.8049 43.3266 0.0 22.2036 50.8979 30.1709 64.9445 17.4642 53.3385 48.0208 31.3847 13.0384 62.0081 70.1783 25.7099 45.2769 68.3772 8.0 75.8024 42.107 34.9285 56.4358 16.1555 15.0333 51.6236 40.9419 41.1096 68.4251 37.4433 44.4072 46.0435 50.9439 42.2019 53.0754 33.2415 47.3814 48.9507 43.3266 17.1172 62.8013 61.131 64.846 34.2053 3.60555 51.609 34.5398 46.4762 29.4279 60.26 54.0481 49.8216 45.2769 54.8197 60.1153 40.0 47.7779 39.3573 42.0 72.4912 66.6233 57.3847 36.8782 35.2278 
23.7676 38.0789 44.3847 49.0389 30.9465 43.1045 43.4626 52.1031 22.0907 22.2036 0.0 61.644 24.4536 42.9535 23.2981 35.6931 52.9788 43.2128 25.0799 67.6968 48.0208 47.0106 50.6934 81.1317 29.0689 53.6004 37.8329 52.2398 58.5249 12.1655 33.9588 59.0931 36.1882 50.9608 67.9663 58.7963 63.7355 53.6065 66.91 52.8064 74.9667 50.1597 55.1543 26.7953 22.0907 34.2925 68.051 43.9318 64.4731 45.7056 18.6011 29.4536 54.7486 25.1794 28.0451 69.0998 31.8927 30.0 50.6934 63.6595 68.9551 61.5549 62.8136 53.2353 30.2449 78.8212 44.9222 55.9279 44.1764 47.5184 
39.4151 78.8781 62.2415 49.4256 92.585 78.134 55.8659 10.0499 66.6518 50.8979 61.644 0.0 78.2222 87.6106 38.7702 65.407 30.5113 35.9702 61.9242 31.4006 94.7292 56.7274 32.1868 15.8114 51.3312 101.89 91.6002 72.8354 34.4384 63.1411 36.2552 96.7901 45.6109 85.6497 44.643 40.8044 24.0208 29.2858 9.43398 31.997 54.1479 72.1388 92.683 88.4338 66.6518 37.7487 32.3883 65.5268 42.3792 78.4427 52.0866 91.0921 32.8938 68.2684 78.9145 18.1108 88.4123 67.5231 32.1868 22.1359 16.2788 43.4166 7.07107 80.8084 53.4789 36.3456 85.6327 40.8301 18.0262 78.6931 
39.8259 45.2769 43.0116 59.2902 28.7924 52.1728 44.5533 68.6813 32.574 30.1709 24.4536 78.2222 0.0 47.1699 39.8763 48.3632 69.5145 59.7486 23.3452 84.2325 50.2195 48.1041 67.2292 92.2537 32.8702 54.0833 19.8494 47.927 75.0607 15.0904 45.1466 47.0744 54.4439 41.0 81.2238 66.4106 74.5906 70.1422 83.4882 69.3422 80.7554 45.6946 43.566 22.4722 32.574 46.8615 84.5867 56.2714 78.0246 37.4833 27.8352 21.095 64.423 34.837 15.1327 85.6355 31.3209 40.6133 67.2292 80.1952 85.4909 68.6379 79.3919 45.8912 44.9316 95.3569 51.0098 69.5211 60.7546 39.6232 
61.8451 9.21954 86.977 41.1947 20.8806 15.5242 86.406 78.0697 23.3452 64.9445 42.9535 87.6106 47.1699 0.0 61.3275 25.318 58.2409 51.8127 67.0522 69.4622 7.28011 89.9611 56.921 87.0323 72.0139 14.5602 61.0 93.9254 59.5399 53.4509 74.8619 93.1933 42.9535 88.0909 62.1289 100.35 99.2814 60.0833 92.9613 60.5392 117.273 91.7566 90.05 26.3059 23.3452 74.0008 69.3542 27.2947 60.0083 84.5931 61.3395 29.8329 95.3653 20.5183 62.0322 75.0004 17.72 20.1246 56.921 69.3758 74.8557 103.399 88.8428 92.9139 34.4384 79.0569 6.40312 53.1507 69.6079 86.7006 
4.47214 53.6596 41.9762 37.1214 54.239 55.9983 38.1182 29.2293 38.5832 17.4642 23.2981 38.7702 39.8763 61.3275 0.0 45.0905 30.8058 13.9284 29.218 45.2769 68.0637 41.0122 28.0179 52.8016 25.0 74.9787 53.2543 52.2015 39.1152 24.7952 18.7883 68.1424 23.0217 58.0114 51.0 44.1581 49.5664 29.0689 44.0361 25.4558 61.0697 50.5964 63.9131 50.0879 38.5832 17.2047 46.0109 52.442 47.4131 51.3128 15.8121 52.7462 39.1591 40.861 42.0763 43.6818 55.1853 42.9629 28.0179 38.2415 43.5372 47.1934 39.9398 56.7979 33.0334 55.9017 60.8593 39.9249 21.3026 52.4786 
45.608 16.1245 78.1025 16.0 34.8855 12.8062 75.6637 55.8661 15.8114 53.3385 35.6931 65.407 48.3632 25.318 45.0905 0.0 33.2415 30.0 60.2102 44.1814 32.5576 78.9177 32.2025 62.0323 61.2944 39.8121 66.5733 87.023 34.2345 47.8539 58.6896 94.2661 19.799 86.5852 37.855 83.6796 77.3369 35.3412 70.7578 36.3593 100.591 85.0529 90.4434 36.4005 15.8114 56.4165 44.1022 8.24621 35.3553 81.3955 50.1597 40.6079 76.7696 14.1421 62.9479 49.98 32.6956 8.60233 32.2025 44.2719 49.8557 86.7148 66.6392 88.8498 12.53 54.0093 21.5407 28.0 47.3814 83.194 
33.121 49.0408 71.3092 19.2094 62.1289 45.618 66.4113 29.5118 40.0125 48.0208 52.9788 30.5113 69.5145 58.2409 30.8058 33.2415 0.0 17.6918 60.0218 15.2643 65.521 68.7291 2.82843 28.7968 55.0091 72.8011 87.7247 81.939 8.544 55.5989 43.3932 98.9461 17.1172 88.8152 20.8806 62.2896 51.3815 3.16228 39.94 7.0 78.2624 80.5295 94.7168 61.0579 40.0125 49.6524 15.8114 35.2278 17.4642 82.0975 46.6154 64.8078 54.4518 41.0488 72.8801 16.7631 61.0082 38.6394 2.82843 11.1803 16.6202 65.3758 37.1953 87.3212 25.02 26.4197 54.7814 12.3693 22.0907 83.2166 
17.2627 43.0801 55.7853 24.0832 52.6837 42.5206 51.6236 26.4293 30.8539 31.3847 43.2128 35.9702 59.7486 51.8127 13.9284 30.0 17.6918 0.0 43.0767 32.8024 58.9313 54.3323 14.8661 43.9431 38.8973 66.0918 77.9588 66.0984 25.6125 38.6539 30.1496 82.0011 10.7703 71.8701 37.2156 53.9659 47.4236 16.6433 41.3209 13.9284 70.7454 64.5136 77.7718 51.5916 30.8539 27.4591 33.4215 35.7771 33.6155 65.1717 29.6708 55.3415 46.7696 32.4705 55.935 31.9112 51.7398 31.7252 14.8661 26.4709 31.7665 57.1275 37.2023 70.6902 17.7012 43.8292 49.8347 26.0 18.0278 66.3416 
27.5862 62.9682 20.1246 63.5689 51.8055 68.1836 21.2132 57.4575 47.1699 13.0384 25.0799 61.9242 23.3452 67.0522 29.218 60.2102 60.0218 43.0767 0.0 74.411 71.5734 24.7588 57.2353 81.0299 11.0454 77.0218 31.257 27.1662 68.3325 13.6015 26.6833 38.9487 50.4244 28.8444 80.2019 44.2719 55.0091 58.258 61.9701 54.5619 57.8014 25.0799 34.7131 45.523 47.1699 29.4109 75.1665 68.3593 76.6125 22.3607 13.4536 44.4008 43.4166 50.2494 18.1108 72.73 54.1828 55.0364 57.2353 67.2896 72.5853 46.2385 58.8042 28.8617 50.2195 84.9612 69.6348 69.0751 49.5308 23.7697 
47.0106 60.2993 84.5699 28.2843 75.9539 55.3173 79.6318 32.3883 53.7587 62.0081 67.6968 31.4006 84.2325 69.4622 45.2769 44.1814 15.2643 32.8024 74.411 0.0 76.6551 81.2324 18.0278 22.8035 68.5414 83.863 102.443 95.246 10.0 70.0261 59.778 113.358 31.6228 103.078 13.8924 70.3491 55.3263 16.2788 40.2616 19.8494 85.0059 93.8912 109.124 75.1864 53.7587 61.2715 1.0 43.6807 12.7279 96.2133 60.959 78.9458 62.2896 54.3323 87.3072 13.3417 74.5453 51.0098 18.0278 10.198 15.1327 73.2462 38.4708 100.983 38.6394 11.1803 65.1153 16.4924 32.6026 97.2008 
68.5812 16.4924 91.5336 48.3735 22.0227 22.0907 91.2414 85.1883 29.8329 70.1783 48.0208 94.7292 50.2195 7.28011 68.0637 32.5576 65.521 58.9313 71.5734 76.6551 0.0 94.8262 64.195 94.3123 77.026 7.28011 62.1289 97.7769 66.7533 57.9723 81.598 95.0053 50.1597 90.6697 69.029 106.686 106.4 67.3573 100.08 67.7791 122.846 95.5553 92.0869 28.1603 29.8329 80.7369 76.531 34.0588 67.0075 87.6641 66.5733 31.0 102.101 27.2029 64.6297 82.2804 19.105 27.313 64.195 76.6551 82.1357 109.437 95.9614 96.1041 41.6293 86.1452 12.1655 60.2993 76.7265 89.822 
37.1214 84.7968 8.0 78.1025 76.5604 88.8027 3.60555 49.93 68.4685 25.7099 47.0106 56.7274 48.1041 89.9611 41.0122 78.9177 68.7291 54.3323 24.7588 81.2324 94.8262 0.0 66.2193 72.4707 18.0278 100.166 52.8015 16.6433 77.2716 37.4433 25.632 44.3847 64.0312 33.541 89.5989 25.318 42.4853 66.3278 54.6717 62.3043 34.7851 16.5529 40.7922 70.2779 68.4685 29.1548 82.0642 86.5794 86.14 27.074 29.1204 69.1557 28.6356 71.618 40.3113 70.4293 78.3807 75.5314 66.2193 74.0258 68.1937 26.0192 52.345 26.0 67.2681 89.714 91.7652 79.6241 48.8297 26.3059 
30.4138 47.7598 68.7095 19.105 60.0333 44.7772 63.8905 28.1266 38.0132 45.2769 50.6934 32.1868 67.2292 56.921 28.0179 32.2025 2.82843 14.8661 57.2353 18.0278 64.195 66.2193 0.0 30.4722 52.3259 71.4703 85.4394 79.3095 11.1803 52.8124 40.8851 96.1596 15.0 86.0287 23.4094 60.531 49.9964 3.16228 41.6155 5.38516 76.6877 77.8781 91.9303 58.9414 38.0132 37.7078 18.6011 34.8281 19.9249 79.3221 43.8293 62.8222 52.7731 39.2046 70.0935 18.4403 59.0085 37.108 0.0 13.0 18.2956 63.6396 38.8707 84.5991 23.1948 29.1548 53.7122 14.0357 20.3961 80.455 
53.4465 77.8346 77.7946 47.4131 90.5016 74.3236 71.5052 23.6008 68.4831 68.3772 81.1317 15.8114 92.2537 87.0323 52.8016 62.0323 28.7968 43.9431 81.0299 22.8035 94.3123 72.4707 30.4722 0.0 67.2859 101.592 105.632 88.459 30.0 77.1725 51.6888 112.745 45.4722 101.083 36.6197 56.0803 37.855 27.5712 21.3776 30.2825 68.2495 87.6926 108.638 89.5105 68.4831 53.1823 23.6008 63.5295 35.4683 93.8763 67.6258 93.2604 48.3322 69.6421 94.4537 12.083 89.4797 67.3832 30.4722 17.8885 12.3693 58.5235 21.5407 96.2496 53.617 23.3452 83.5703 37.2022 32.0576 94.1267 
21.9317 66.7814 17.1172 61.8983 59.6829 70.9138 14.5602 43.7136 50.4531 8.0 29.0689 51.3312 32.8702 72.0139 25.0 61.2944 55.0091 38.8973 11.0454 68.5414 77.026 18.0278 52.3259 67.2859 0.0 82.4144 42.2966 27.2029 63.5059 20.5183 16.5529 46.4004 47.7595 35.4683 75.6439 33.6155 44.0454 52.8394 51.3771 48.8774 48.0104 25.632 42.2019 55.5317 50.4531 19.7231 69.3599 69.1158 72.0902 28.3196 11.1803 53.9043 32.3883 53.6026 29.1548 64.1446 60.6291 57.6425 52.3259 61.3357 61.9089 35.7771 48.2112 32.45 50.0 79.0073 73.7497 64.846 43.3516 29.0 
75.4962 23.7697 96.6933 55.5788 25.2982 29.0 96.5804 92.3489 36.6197 75.8024 53.6004 101.89 54.0833 14.5602 74.9787 39.8121 72.8011 66.0918 77.0218 83.863 7.28011 100.166 71.4703 101.592 82.4144 0.0 64.0703 101.951 73.9797 63.3112 87.505 97.3293 57.3847 93.7443 76.0 112.354 113.561 74.6324 107.241 75.0267 128.514 99.7246 94.6414 31.6228 36.6197 87.1272 83.7257 41.0 74.0608 91.214 72.2011 33.7343 108.314 34.1321 67.9117 89.5605 22.8473 34.5398 71.4703 83.9345 89.4158 115.105 103.122 99.7246 48.8467 93.2631 19.0 67.4759 83.887 93.4077 
53.1601 61.3514 45.6508 77.5004 40.3113 69.0797 49.7695 82.0594 50.774 42.107 37.8329 91.6002 19.8494 61.0 53.2543 66.5733 87.7247 77.9588 31.257 102.443 62.1289 52.8015 85.4394 105.632 42.2966 64.0703 0.0 46.0109 93.2709 28.4605 57.0351 33.3766 67.8233 31.7648 99.434 75.1864 86.0523 88.3524 92.6956 78.6488 87.4643 43.9318 31.0483 34.7131 50.774 59.2115 102.797 74.4312 96.2348 31.8904 40.4475 31.257 74.6726 52.8394 13.1529 103.846 43.4166 58.6686 85.4394 98.4054 103.701 76.922 89.5296 40.0 63.1418 113.567 65.9697 87.7313 74.1326 34.0588 
49.0408 90.0944 10.8167 88.9434 76.6942 95.3362 16.9706 65.4599 74.3303 34.9285 52.2398 72.8354 47.927 93.9254 52.2015 87.023 81.939 66.0984 27.1662 95.246 97.7769 16.6433 79.3095 88.459 27.2029 101.951 46.0109 0.0 90.471 40.6079 40.2244 29.0689 75.7859 19.2354 102.694 41.1096 59.0593 79.6241 71.218 75.6007 47.0425 2.23607 26.0192 70.3847 74.3303 43.8292 96.0779 95.0842 99.1615 14.7648 37.4833 68.8767 45.1774 77.4145 35.805 85.9229 79.1202 82.1523 79.3095 88.0394 83.6873 41.2311 68.7677 10.0499 76.4199 105.711 96.6902 92.0272 64.2296 13.0 
41.5933 50.3587 79.8499 18.4391 66.0984 45.607 74.9538 32.531 43.9318 56.4358 58.5249 34.4384 75.0607 59.5399 39.1152 34.2345 8.544 25.6125 68.3325 10.0 66.7533 77.2716 11.1803 30.0 63.5059 73.9797 93.2709 90.471 0.0 62.8681 51.9357 107.257 22.3607 97.1259 12.3693 70.0643 57.2805 11.1803 43.8292 15.2971 85.7557 89.0505 103.028 65.521 43.9318 58.0518 10.0499 34.176 9.05539 90.4275 54.9266 69.2604 62.1289 44.4072 80.4543 18.3848 64.6297 41.0122 11.1803 12.8062 19.2094 73.1095 41.2311 95.7706 28.8617 20.6155 55.3173 7.2111 30.0167 91.586 
24.7386 49.4975 33.6155 53.382 43.5292 55.0091 33.8378 53.6002 34.0 16.1555 12.1655 63.1411 15.0904 53.4509 24.7952 47.8539 55.5989 38.6539 13.6015 70.0261 57.9723 37.4433 52.8124 77.1725 20.5183 63.3112 28.4605 40.6079 62.8681 0.0 30.8058 47.4131 40.5314 38.8973 72.3094 53.3385 60.3778 53.8393 68.407 50.1896 68.4105 38.4708 43.382 37.2468 34.0 32.249 70.7678 56.0948 68.8163 33.541 13.3417 36.1245 50.6952 37.0135 17.8045 68.3995 41.5259 42.0476 52.8124 62.9592 68.2548 55.7584 64.3107 41.1096 39.4109 80.6034 56.0892 60.2711 45.6735 35.3553 
14.3178 67.2587 29.4109 54.231 64.8998 69.5974 23.7065 28.6056 52.1176 15.0333 33.9588 36.2552 45.1466 74.8619 18.7883 58.6896 43.3932 30.1496 26.6833 59.778 81.598 25.632 40.8851 51.6888 16.5529 87.505 57.0351 40.2244 51.9357 30.8058 0.0 62.6817 40.6079 51.614 64.2631 25.6125 29.7781 40.9919 36.3011 36.9684 42.4382 39.2046 58.5235 60.3523 52.1176 3.60555 60.6099 64.9258 60.8041 44.4072 17.4642 63.0106 20.8087 54.3953 44.1814 49.0686 65.846 56.562 40.8851 52.5714 46.833 28.6007 33.1352 47.3814 46.3648 68.3532 74.4584 54.4518 27.3753 44.8219 
66.4831 92.228 36.6879 100.688 73.0 99.2472 43.3244 89.1725 79.6268 51.6236 59.0931 96.7901 47.0744 93.1933 68.1424 94.2661 98.9461 82.0011 38.9487 113.358 95.0053 44.3847 96.1596 112.745 46.4004 97.3293 33.3766 29.0689 107.257 47.4131 62.6817 0.0 87.8255 11.1803 119.126 69.6348 86.3771 97.1865 96.6488 93.5094 76.0 28.2843 4.24264 67.0298 79.6268 66.0303 114.11 102.495 115.537 18.3576 52.4023 64.0078 72.7324 81.8898 32.0156 111.678 76.0066 87.666 96.1596 106.237 107.368 70.0357 93.6483 19.0263 86.7171 123.909 97.6217 107.565 88.4281 18.3848 
27.0185 34.0 64.8119 14.1421 45.0444 32.5576 61.131 36.07 23.0217 40.9419 36.1882 45.6109 54.4439 42.9535 23.0217 19.799 17.1172 10.7703 50.4244 31.6228 50.1597 64.0312 15.0 45.4722 47.7595 57.3847 67.8233 75.7859 22.3607 40.5314 40.6079 87.8255 0.0 78.7587 31.8277 64.5572 57.6281 18.0278 50.9616 17.72 81.3366 74.0115 83.7367 43.9552 23.0217 38.0789 31.9531 25.0599 28.3196 72.6852 38.3187 47.7051 57.3608 24.3311 58.1176 33.4403 44.0114 22.8473 15.0 28.0 33.2956 67.7187 46.843 79.1899 8.544 42.72 40.4969 19.799 27.5862 74.1818 
56.0803 86.1452 25.7099 91.7878 68.7314 92.6703 32.28 78.032 72.0069 41.1096 50.9608 85.6497 41.0 88.0909 58.0114 86.5852 88.8152 71.8701 28.8444 103.078 90.6697 33.541 86.0287 101.083 35.4683 93.7443 31.7648 19.2354 97.1259 38.8973 51.614 11.1803 78.7587 0.0 108.995 58.8558 75.2728 87.0057 85.4751 83.2406 66.1891 18.0278 7.28011 62.514 72.0069 55.0 103.856 94.8314 105.406 7.2111 42.2019 60.0167 61.6847 74.8131 26.0768 101.347 71.5681 80.2309 86.0287 95.9065 96.2274 59.4138 82.4924 9.84886 77.8774 113.578 92.0054 97.8685 77.9873 7.28011 
53.7122 53.3385 92.1141 22.4722 72.111 47.0 87.2812 44.0454 50.5668 68.4251 67.9663 44.643 81.2238 62.1289 51.0 37.855 20.8806 37.2156 80.2019 13.8924 69.029 89.5989 23.4094 36.6197 75.6439 76.0 99.434 102.694 12.3693 72.3094 64.2631 119.126 31.8277 108.995 0.0 82.0 68.2495 23.5372 53.7587 27.6586 97.3293 101.237 114.897 72.4983 50.5668 70.406 13.0384 35.0 3.60555 102.297 66.7959 76.4853 74.0068 50.3289 89.8957 26.9258 70.214 45.8803 23.4094 22.561 28.4605 85.0059 51.6624 107.782 36.3593 18.3848 57.0 12.0416 42.19 103.467 
39.6965 92.8559 33.2415 76.922 89.6732 95.2119 27.0185 38.0526 77.6057 37.4433 58.7963 40.8044 66.4106 100.35 44.1581 83.6796 62.2896 53.9659 44.2719 70.3491 106.686 25.318 60.531 56.0803 33.6155 112.354 75.1864 41.1096 70.0643 53.3385 25.6125 69.6348 64.5572 58.8558 82.0 0.0 19.8494 59.2115 35.3553 55.3263 17.0 41.4849 66.0984 85.522 77.6057 27.3026 71.3442 89.6167 79.0253 52.345 40.8044 88.1803 8.06226 80.0573 62.0967 57.8705 90.6948 82.1765 60.531 60.208 55.7315 3.16228 34.5398 50.9608 71.3342 76.9025 100.056 74.5453 40.1995 51.6236 
43.6654 90.5488 49.7695 68.1148 94.6764 89.9389 43.0813 25.4951 78.3226 44.4072 63.7355 24.0208 74.5906 99.2814 49.5664 77.3369 51.3815 47.4236 55.0091 55.3263 106.4 42.4853 49.9964 37.855 44.0454 113.561 86.0523 59.0593 57.2805 60.3778 29.7781 86.3771 57.6281 75.2728 68.2495 19.8494 0.0 48.2354 16.4924 44.623 30.4138 59.0339 82.5409 90.1205 78.3226 31.2715 56.3205 82.4197 65.7343 68.3081 47.0531 92.7788 13.8924 79.9392 73.0068 42.107 95.6227 79.1939 49.9964 45.7056 40.1995 21.6333 17.0 68.4471 65.1228 60.1332 97.3034 63.4835 30.2324 68.0074 
31.0644 50.9215 68.948 21.9317 63.0079 47.8853 64.01 26.3656 41.0488 46.0435 53.6065 29.2858 70.1422 60.0833 29.0689 35.3412 3.16228 16.6433 58.258 16.2788 67.3573 66.3278 3.16228 27.5712 52.8394 74.6324 88.3524 79.6241 11.1803 53.8393 40.9919 97.1865 18.0278 87.0057 23.5372 59.2115 48.2354 0.0 38.7145 4.12311 75.1332 78.2624 92.9572 61.9853 41.0488 46.8722 16.9706 37.8021 20.2237 80.2122 44.8219 65.7352 51.3517 42.2966 71.1204 15.5393 62.0322 40.2616 3.16228 10.0499 15.3946 62.2896 35.9697 85.235 26.3059 27.2029 56.8595 15.5242 19.0263 81.2712 
44.681 84.2288 61.0328 58.8543 97.8509 83.4848 54.4059 16.5529 72.0026 50.9439 66.91 9.43398 83.4882 92.9613 44.0361 70.7578 39.94 41.3209 61.9701 40.2616 100.08 54.6717 41.6155 21.3776 51.3771 107.241 92.6956 71.218 43.8292 68.407 36.3011 96.6488 50.9616 85.4751 53.7587 35.3553 16.4924 38.7145 0.0 41.4257 46.8722 70.8025 92.5905 93.6997 72.0026 37.7946 41.2311 75.5214 51.6236 78.2943 53.5762 96.3581 28.0179 73.6191 79.7381 26.9258 93.763 72.8738 41.6155 31.3847 25.2982 37.5766 4.12311 79.8812 58.8297 44.0 90.9834 50.2588 23.3769 78.3901 
27.2029 51.4782 64.9246 24.2074 62.2773 49.0918 59.9865 22.7533 40.4475 42.2019 52.8064 31.997 69.3422 60.5392 25.4558 36.3593 7.0 13.9284 54.5619 19.8494 67.7791 62.3043 5.38516 30.2825 48.8774 75.0267 78.6488 75.6007 15.2971 50.1896 36.9684 93.5094 17.72 83.2406 27.6586 55.3263 44.623 4.12311 41.4257 0.0 71.3863 74.2428 89.2749 61.1852 40.4475 42.7554 20.6155 39.6232 24.3311 76.4003 41.1096 64.9351 47.5184 41.9762 67.4708 18.2506 61.3334 40.4969 5.38516 12.8102 18.1059 58.4209 33.5263 81.3019 26.2488 30.4795 57.7062 19.2354 15.1327 77.4209 
56.6039 109.695 42.45 93.6056 105.907 112.123 37.6962 53.3385 94.5289 53.0754 74.9667 54.1479 80.7554 117.273 61.0697 100.591 78.2624 70.7454 57.8014 85.0059 122.846 34.7851 76.6877 68.2495 48.0104 128.514 87.4643 47.0425 85.7557 68.4105 42.4382 76.0 81.3366 66.1891 97.3293 17.0 30.4138 75.1332 46.8722 71.3863 0.0 48.1664 73.0616 101.755 94.5289 44.2142 86.0058 106.396 94.5304 60.6712 56.5862 101.79 24.0416 96.8066 74.7329 72.0278 106.853 98.9979 76.6877 75.06 70.0071 13.8924 47.2652 57.0088 88.2458 90.4489 116.894 90.6091 56.2939 59.4138 
47.5395 87.9659 9.89949 87.169 74.4648 93.2631 16.4012 64.6232 72.2496 33.2415 50.1597 72.1388 45.6946 91.7566 50.5964 85.0529 80.5295 64.5136 25.0799 93.8912 95.5553 16.5529 77.8781 87.6926 25.632 99.7246 43.9318 2.23607 89.0505 38.4708 39.2046 28.2843 74.0115 18.0278 101.237 41.4849 59.0339 78.2624 70.8025 74.2428 48.1664 0.0 25.02 68.1542 72.2496 42.8019 94.7231 93.1343 97.6934 13.0 35.6931 66.6408 45.1885 75.326 33.6006 85.0862 76.896 80.0999 77.8781 86.6847 82.8506 41.7732 68.2495 9.48683 74.5453 104.356 94.541 90.4765 63.393 11.4018 
62.2415 88.8144 32.9848 96.6174 70.0643 95.7079 39.5601 85.0654 75.5715 47.3814 55.1543 92.683 43.566 90.05 63.9131 90.4434 94.7168 77.7718 34.7131 109.124 92.0869 40.7922 91.9303 108.638 42.2019 94.6414 31.0483 26.0192 103.028 43.382 58.5235 4.24264 83.7367 7.28011 114.897 66.0984 82.5409 92.9572 92.5905 89.2749 73.0616 25.02 0.0 64.0078 75.5715 61.8547 109.877 98.6719 111.308 14.3178 48.1664 61.131 68.9638 78.3246 28.4429 107.44 73.0274 83.8083 91.9303 102.0 103.261 66.6108 89.5545 16.1245 82.6462 119.672 94.3398 103.476 84.1862 14.5602 
50.5574 27.2947 65.1945 50.0899 6.32456 35.5106 66.7362 78.8929 21.9317 48.9507 26.7953 88.4338 22.4722 26.3059 50.0879 36.4005 61.0579 51.5916 45.523 75.1864 28.1603 70.2779 58.9414 89.5105 55.5317 31.6228 34.7131 70.3847 65.521 37.2468 60.3523 67.0298 43.9552 62.514 72.4983 85.522 90.1205 61.9853 93.6997 61.1852 101.755 68.1542 64.0078 0.0 21.9317 61.0823 75.4321 43.1393 69.4622 59.6657 45.3573 4.24264 81.1428 22.4722 36.4966 77.4786 9.05539 27.8029 58.9414 72.0259 77.3339 88.3083 89.6034 68.1542 36.6879 86.1278 31.3209 61.0983 70.9662 61.8466 
39.1008 16.5529 66.2873 28.178 22.2036 21.0238 64.9586 57.1109 0.0 43.3266 22.0907 66.6518 32.574 23.3452 38.5832 15.8114 40.0125 30.8539 47.1699 53.7587 29.8329 68.4685 38.0132 68.4831 50.4531 36.6197 50.774 74.3303 43.9318 34.0 52.1176 79.6268 23.0217 72.0069 50.5668 77.6057 78.3226 41.0488 72.0026 40.4475 94.5289 72.2496 75.5715 21.9317 0.0 51.2565 53.9351 23.7065 47.5395 67.2681 39.7217 25.9422 72.621 3.16228 47.6267 56.4512 21.0 8.24621 38.0132 51.0098 56.3065 80.6549 67.884 75.06 15.1327 64.5368 23.7065 39.2173 48.6491 69.1809 
12.8062 66.3329 33.0151 51.4782 65.2335 68.6716 27.2947 30.131 51.2565 17.1172 34.2925 37.7487 46.8615 74.0008 17.2047 56.4165 49.6524 27.4591 29.4109 61.2715 80.7369 29.1548 37.7078 53.1823 19.7231 87.1272 59.2115 43.8292 58.0518 32.249 3.60555 66.0303 38.0789 55.0 70.406 27.3026 31.2715 46.8722 37.7946 42.7554 44.2142 42.8019 61.8547 61.0823 51.2565 0.0 62.1033 62.632 67.0829 47.8017 19.0263 62.8722 22.3037 53.5342 46.5296 50.562 66.1797 55.6362 37.7078 54.0649 48.3264 30.3379 34.6287 50.9313 44.0711 69.8467 73.5326 51.2753 28.8687 48.2701 
47.8017 60.208 85.4018 28.1603 76.1183 55.109 80.4637 33.3766 53.9351 62.8013 68.051 32.3883 84.5867 69.3542 46.0109 44.1022 15.8114 33.4215 75.1665 1.0 76.531 82.0642 18.6011 23.6008 69.3599 83.7257 102.797 96.0779 10.0499 70.7678 60.6099 114.11 31.9531 103.856 13.0384 71.3442 56.3205 16.9706 41.2311 20.6155 86.0058 94.7231 109.877 75.4321 53.9351 62.1033 0.0 43.4166 12.0416 97.0052 61.7171 79.1835 63.2851 54.4518 88.049 14.3178 74.6726 51.0392 18.6011 11.1803 16.1245 74.2428 39.4588 101.801 38.833 10.7703 64.9384 16.2788 33.4345 98.0051 
50.95 18.9737 86.0233 16.1245 40.8044 12.0 83.3847 60.6298 23.7065 61.131 43.9318 65.5268 56.2714 27.2947 52.442 8.24621 35.2278 35.7771 68.3593 43.6807 34.0588 86.5794 34.8281 63.5295 69.1158 41.0 74.4312 95.0842 34.176 56.0948 64.9258 102.495 25.0599 94.8314 35.0 89.6167 82.4197 37.8021 75.5214 39.6232 106.396 93.1343 98.6719 43.1393 23.7065 62.632 43.4166 0.0 33.1361 89.6356 58.0345 47.3814 82.4204 21.6333 71.1763 51.4782 38.2753 15.8114 34.8281 45.6508 51.6236 92.7783 71.4029 97.0899 19.4165 52.469 22.0 27.2029 52.2015 91.4342 
50.1597 51.0882 88.6002 19.6469 69.2604 45.0999 83.8153 41.1957 47.5395 64.846 64.4731 42.3792 78.0246 60.0083 47.4131 35.3553 17.4642 33.6155 76.6125 12.7279 67.0075 86.14 19.9249 35.4683 72.0902 74.0608 96.2348 99.1615 9.05539 68.8163 60.8041 115.537 28.3196 105.406 3.60555 79.0253 65.7343 20.2237 51.6236 24.3311 94.5304 97.6934 111.308 69.4622 47.5395 67.0829 12.0416 33.1361 0.0 98.7074 63.2066 73.4098 71.0634 47.4342 86.4025 25.0599 67.4463 43.1741 19.9249 20.2485 26.4008 82.0549 49.3356 104.202 33.121 19.4165 55.0818 8.60233 39.0512 99.8774 
49.2037 82.0061 19.105 85.7963 65.9697 88.1419 25.4951 70.825 67.2681 34.2053 45.7056 78.4427 37.4833 84.5931 51.3128 81.3955 82.0975 65.1717 22.3607 96.2133 87.6641 27.074 79.3221 93.8763 28.3196 91.214 31.8904 14.7648 90.4275 33.541 44.4072 18.3576 72.6852 7.2111 102.297 52.345 68.3081 80.2122 78.2943 76.4003 60.6712 13.0 14.3178 59.6657 67.2681 47.8017 97.0052 89.6356 98.7074 0.0 35.5106 57.5674 54.8179 70.1783 23.4094 91.256 68.6586 75.4255 79.3221 89.0238 89.0204 53.0848 75.2928 8.544 72.1249 106.695 88.1419 91.1701 71.0661 2.23607 
14.2127 56.05 28.0 51.4762 49.5085 59.7348 25.7099 44.0535 39.7217 3.60555 18.6011 52.0866 27.8352 61.3395 15.8121 50.1597 46.6154 29.6708 13.4536 60.959 66.5733 29.1204 43.8293 67.6258 11.1803 72.2011 40.4475 37.4833 54.9266 13.3417 17.4642 52.4023 38.3187 42.2019 66.7959 40.8044 47.0531 44.8219 53.5762 41.1096 56.5862 35.6931 48.1664 45.3573 39.7217 19.0263 61.7171 58.0345 63.2066 35.5106 0.0 48.0156 37.5766 42.8713 28.1603 59.2768 50.4547 46.4635 43.8293 53.8365 59.1321 43.4166 50.4103 41.2311 39.0512 71.508 63.0184 55.6692 36.1268 36.7151 
53.2157 31.3847 64.0703 54.1202 9.05539 39.6611 65.614 81.5512 25.9422 51.609 29.4536 91.0921 21.095 29.8329 52.7462 40.6079 64.8078 55.3415 44.4008 78.9458 31.0 69.1557 62.8222 93.2604 53.9043 33.7343 31.257 68.8767 69.2604 36.1245 63.0106 64.0078 47.7051 60.0167 76.4853 88.1803 92.7788 65.7352 96.3581 64.9351 101.79 66.6408 61.131 4.24264 25.9422 62.8722 79.1835 47.3814 73.4098 57.5674 48.0156 0.0 83.8012 26.6271 34.2053 81.2285 12.1655 32.0156 62.8222 75.7758 81.0838 90.9667 92.2618 66.0984 40.4969 89.8788 35.1141 65.0 73.6245 59.7746 
34.6975 87.8742 36.0555 69.5701 85.6896 90.2129 29.4109 30.0167 72.621 34.5398 54.7486 32.8938 64.423 95.3653 39.1591 76.7696 54.4518 46.7696 43.4166 62.2896 102.101 28.6356 52.7731 48.3322 32.3883 108.314 74.6726 45.1774 62.1289 50.6952 20.8087 72.7324 57.3608 61.6847 74.0068 8.06226 13.8924 51.3517 28.0179 47.5184 24.0416 45.1885 68.9638 81.1428 72.621 22.3037 63.2851 82.4204 71.0634 54.8179 37.5766 83.8012 0.0 75.0756 61.5224 49.8197 86.6358 77.1775 52.7731 52.1536 47.676 11.0 26.8328 54.626 64.4561 68.884 95.074 66.7533 32.3883 54.4059 
41.3785 13.4164 69.4262 27.8568 21.8403 18.0 68.1082 58.7275 3.16228 46.4762 25.1794 68.2684 34.837 20.5183 40.861 14.1421 41.0488 32.4705 50.2494 54.3323 27.2029 71.618 39.2046 69.6421 53.6026 34.1321 52.8394 77.4145 44.4072 37.0135 54.3953 81.8898 24.3311 74.8131 50.3289 80.0573 79.9392 42.2966 73.6191 41.9762 96.8066 75.326 78.3246 22.4722 3.16228 53.5342 54.4518 21.6333 47.4342 70.1783 42.8713 26.6271 75.0756 0.0 49.8898 57.6102 20.2237 5.83095 39.2046 52.1536 57.4655 82.9327 69.5006 78.0256 16.0312 64.9384 20.5913 39.2938 50.2657 72.111 
41.6293 60.407 33.6006 70.9683 42.7551 67.2681 37.1214 70.8814 47.6267 29.4279 28.0451 78.9145 15.1327 62.0322 42.0763 62.9479 72.8801 55.935 18.1108 87.3072 64.6297 40.3113 70.0935 94.4537 29.1548 67.9117 13.1529 35.805 80.4543 17.8045 44.1814 32.0156 58.1176 26.0768 89.8957 62.0967 73.0068 71.1204 79.7381 67.4708 74.7329 33.6006 28.4429 36.4966 47.6267 46.5296 88.049 71.1763 86.4025 23.4094 28.1603 34.2053 61.5224 49.8898 0.0 85.6806 45.5412 55.666 70.0935 80.2403 85.536 63.8905 76.5722 31.9531 57.6512 97.8846 66.0681 77.8573 62.9547 25.632 
45.2685 65.8027 75.1951 35.3553 78.4697 62.2415 69.0639 20.6155 56.4512 60.26 69.0998 18.1108 85.6355 75.0004 43.6818 49.98 16.7631 31.9112 72.73 13.3417 82.2804 70.4293 18.4403 12.083 64.1446 89.5605 103.846 85.9229 18.3848 68.3995 49.0686 111.678 33.4403 101.347 26.9258 57.8705 42.107 15.5393 26.9258 18.2506 72.0278 85.0862 107.44 77.4786 56.4512 50.562 14.3178 51.4782 25.0599 91.256 59.2768 81.2285 49.8197 57.6102 85.6806 0.0 77.4478 55.3513 18.4403 5.83095 2.23607 60.6712 25.1794 93.6294 41.5851 19.3132 71.5122 25.4951 28.9163 91.5065 
55.7028 20.5183 73.8542 47.8017 3.16228 29.0 74.7951 78.8714 21.0 54.0481 31.8927 88.4123 31.3209 17.72 55.1853 32.6956 61.0082 51.7398 54.1828 74.5453 19.105 78.3807 59.0085 89.4797 60.6291 22.8473 43.4166 79.1202 64.6297 41.5259 65.846 76.0066 44.0114 71.5681 70.214 90.6948 95.6227 62.0322 93.763 61.3334 106.853 76.896 73.0274 9.05539 21.0 66.1797 74.6726 38.2753 67.4463 68.6586 50.4547 12.1655 86.6358 20.2237 45.5412 77.4478 0.0 24.3516 59.0085 72.0069 77.3031 93.4057 89.5819 77.1298 36.0555 85.1587 23.2594 59.439 69.535 70.8308 
43.4804 11.4018 73.8577 23.5372 26.4008 13.3417 72.1625 57.9822 8.24621 49.8216 30.0 67.5231 40.6133 20.1246 42.9629 8.60233 38.6394 31.7252 55.0364 51.0098 27.313 75.5314 37.108 67.3832 57.6425 34.5398 58.6686 82.1523 41.0122 42.0476 56.562 87.666 22.8473 80.2309 45.8803 82.1765 79.1939 40.2616 72.8738 40.4969 98.9979 80.0999 83.8083 27.8029 8.24621 55.6362 51.0392 15.8114 43.1741 75.4255 46.4635 32.0156 77.1775 5.83095 55.666 55.3513 24.3516 0.0 37.108 49.8197 55.2067 85.2117 68.7553 83.1505 14.3178 61.2944 18.3848 35.3553 49.5204 77.3175 
30.4138 47.7598 68.7095 19.105 60.0333 44.7772 63.8905 28.1266 38.0132 45.2769 50.6934 32.1868 67.2292 56.921 28.0179 32.2025 2.82843 14.8661 57.2353 18.0278 64.195 66.2193 0.0 30.4722 52.3259 71.4703 85.4394 79.3095 11.1803 52.8124 40.8851 96.1596 15.0 86.0287 23.4094 60.531 49.9964 3.16228 41.6155 5.38516 76.6877 77.8781 91.9303 58.9414 38.0132 37.7078 18.6011 34.8281 19.9249 79.3221 43.8293 62.8222 52.7731 39.2046 70.0935 18.4403 59.0085 37.108 0.0 13.0 18.2956 63.6396 38.8707 84.5991 23.1948 29.1548 53.7122 14.0357 20.3961 80.455 
39.8281 60.1664 77.3633 29.5296 73.0274 56.4624 72.4253 22.2036 51.0098 54.8197 63.6595 22.1359 80.1952 69.3758 38.2415 44.2719 11.1803 26.4709 67.2896 10.198 76.6551 74.0258 13.0 17.8885 61.3357 83.9345 98.4054 88.0394 12.8062 62.9592 52.5714 106.237 28.0 95.9065 22.561 60.208 45.7056 10.0499 31.3847 12.8102 75.06 86.6847 102.0 72.0259 51.0098 54.0649 11.1803 45.6508 20.2485 89.0238 53.8365 75.7758 52.1536 52.1536 80.2403 5.83095 72.0069 49.8197 13.0 0.0 6.40312 63.1269 29.1204 93.7769 36.1248 19.2094 65.7875 19.799 25.3961 90.0 
45.1238 65.6581 72.9595 35.5106 78.325 62.1898 66.8282 18.3848 56.3065 60.1153 68.9551 16.2788 85.4909 74.8557 43.5372 49.8557 16.6202 31.7665 72.5853 15.1327 82.1357 68.1937 18.2956 12.3693 61.9089 89.4158 103.701 83.6873 19.2094 68.2548 46.833 107.368 33.2956 96.2274 28.4605 55.7315 40.1995 15.3946 25.2982 18.1059 70.0071 82.8506 103.261 77.3339 56.3065 48.3264 16.1245 51.6236 26.4008 89.0204 59.1321 81.0838 47.676 57.4655 85.536 2.23607 77.3031 55.2067 18.2956 6.40312 0.0 58.5491 23.3452 91.3938 41.4405 21.5407 71.3939 26.1725 26.6807 89.2709 
42.72 95.858 34.0147 80.0812 92.4595 98.2471 28.0713 41.0122 80.6549 40.0 61.5549 43.4166 68.6379 103.399 47.1934 86.7148 65.3758 57.1275 46.2385 73.2462 109.437 26.0192 63.6396 58.5235 35.7771 115.105 76.922 41.2311 73.1095 55.7584 28.6007 70.0357 67.7187 59.4138 85.0059 3.16228 21.6333 62.2896 37.5766 58.4209 13.8924 41.7732 66.6108 88.3083 80.6549 30.3379 74.2428 92.7783 82.0549 53.0848 43.4166 90.9667 11.0 82.9327 63.8905 60.6712 93.4057 85.2117 63.6396 63.1269 58.5491 0.0 37.0 51.1957 74.3694 79.6241 103.058 77.6466 43.2897 52.2398 
40.5847 80.1102 58.4123 56.1096 93.7546 79.3662 51.8556 12.53 67.884 47.7779 62.8136 7.07107 79.3919 88.8428 39.9398 66.6392 37.1953 37.2023 58.8042 38.4708 95.9614 52.345 38.8707 21.5407 48.2112 103.122 89.5296 68.7677 41.2311 64.3107 33.1352 93.6483 46.843 82.4924 51.6624 34.5398 17.0 35.9697 4.12311 33.5263 47.2652 68.2495 89.5545 89.6034 67.884 34.6287 39.4588 71.4029 49.3356 75.2928 50.4103 92.2618 26.8328 69.5006 76.5722 25.1794 89.5819 68.7553 38.8707 29.1204 23.3452 37.0 0.0 77.201 54.7111 43.1856 86.8648 47.514 19.2583 75.4718 
54.2033 90.0888 18.868 92.3472 74.4648 96.0208 25.5539 73.1664 75.06 39.3573 53.2353 80.8084 45.8912 92.9139 56.7979 88.8498 87.3212 70.6902 28.8617 100.983 96.1041 26.0 84.5991 96.2496 32.45 99.7246 40.0 10.0499 95.7706 41.1096 47.3814 19.0263 79.1899 9.84886 107.782 50.9608 68.4471 85.235 79.8812 81.3019 57.0088 9.48683 16.1245 68.1542 75.06 50.9313 101.801 97.0899 104.202 8.544 41.2311 66.0984 54.626 78.0256 31.9531 93.6294 77.1298 83.1505 84.5991 93.7769 91.3938 51.1957 77.201 0.0 79.0759 111.448 96.3448 96.6886 75.7928 6.32456 
32.389 25.5539 67.0298 14.8661 37.3363 24.8395 64.1249 43.938 15.1327 42.0 30.2449 53.4789 44.9316 34.4384 33.0334 12.53 25.02 17.7012 50.2195 38.6394 41.6293 67.2681 23.1948 53.617 50.0 48.8467 63.1418 76.4199 28.8617 39.4109 46.3648 86.7171 8.544 77.8774 36.3593 71.3342 65.1228 26.3059 58.8297 26.2488 88.2458 74.5453 82.6462 36.6879 15.1327 44.0711 38.833 19.4165 33.121 72.1249 39.0512 40.4969 64.4561 16.0312 57.6512 41.5851 36.0555 14.3178 23.1948 36.1248 41.4405 74.3694 54.7111 79.0759 0.0 49.4773 32.2025 24.5967 35.4683 73.7631 
57.4997 70.0071 95.0349 38.0132 86.6833 64.3817 88.3485 39.9249 64.5368 72.4912 78.8212 36.3456 95.3569 79.0569 55.9017 54.0093 26.4197 43.8292 84.9612 11.1803 86.1452 89.714 29.1548 23.3452 79.0073 93.2631 113.567 105.711 20.6155 80.6034 68.3532 123.909 42.72 113.578 18.3848 76.9025 60.1332 27.2029 44.0 30.4795 90.4489 104.356 119.672 86.1278 64.5368 69.8467 10.7703 52.469 19.4165 106.695 71.508 89.8788 68.884 64.9384 97.8846 19.3132 85.1587 61.2944 29.1548 19.2094 21.5407 79.6241 43.1856 111.448 49.4773 0.0 74.3303 26.0192 48.2009 107.672 
61.3769 7.2111 89.2861 36.8782 26.4008 10.0 88.2553 76.0918 23.7065 66.6233 44.9222 85.6327 51.0098 6.40312 60.8593 21.5407 54.7814 49.8347 69.6348 65.1153 12.1655 91.7652 53.7122 83.5703 73.7497 19.0 65.9697 96.6902 55.3173 56.0892 74.4584 97.6217 40.4969 92.0054 57.0 100.056 97.3034 56.8595 90.9834 57.7062 116.894 94.541 94.3398 31.3209 23.7065 73.5326 64.9384 22.0 55.0818 88.1419 63.0184 35.1141 95.074 20.5913 66.0681 71.5122 23.2594 18.3848 53.7122 65.7875 71.3939 103.058 86.8648 96.3448 32.2025 74.3303 0.0 48.6621 67.6299 90.1998 
43.0116 44.0454 81.6088 12.0 61.131 38.833 77.1298 41.8797 39.2173 57.3847 55.9279 40.8301 69.5211 53.1507 39.9249 28.0 12.3693 26.0 69.0751 16.4924 60.2993 79.6241 14.0357 37.2022 64.846 67.4759 87.7313 92.0272 7.2111 60.2711 54.4518 107.565 19.799 97.8685 12.0416 74.5453 63.4835 15.5242 50.2588 19.2354 90.6091 90.4765 103.476 61.0983 39.2173 51.2753 16.2788 27.2029 8.60233 91.1701 55.6692 65.0 66.7533 39.2938 77.8573 25.4951 59.439 35.3553 14.0357 19.799 26.1725 77.6466 47.514 96.6886 24.5967 26.0192 48.6621 0.0 34.3657 92.34 
21.9475 60.8753 53.5019 38.0132 70.4789 60.1082 47.3706 8.48528 48.6491 36.8782 44.1764 18.0262 60.7546 69.6079 21.3026 47.3814 22.0907 18.0278 49.5308 32.6026 76.7265 48.8297 20.3961 32.0576 43.3516 83.887 74.1326 64.2296 30.0167 45.6735 27.3753 88.4281 27.5862 77.9873 42.19 40.1995 30.2324 19.0263 23.3769 15.1327 56.2939 63.393 84.1862 70.9662 48.6491 28.8687 33.4345 52.2015 39.0512 71.0661 36.1268 73.6245 32.3883 50.2657 62.9547 28.9163 69.535 49.5204 20.3961 25.3961 26.6807 43.2897 19.2583 75.7928 35.4683 48.2009 67.6299 34.3657 0.0 72.0208 
