NAME  : Jabali_70_2_0.95_1_2
TYPE : SVRP
MODEL : FINITE_SUPPORT
NUMBER_OF_SCENARIOS : 200
DIMENSION : 70
EDGE_WEIGHT_TYPE : MATRIX
CAPACITY : 191
N_VEHICLES : 2
NODE_COORD_SECTION
1 3928 3059
2 4832 3869
3 5439 7218
4 2872 3093
5 2965 5042
6 4116 502
7 7681 3598
8 5356 3413
9 2233 2310
10 4287 6123
11 5310 8112
12 2983 1741
13 8058 2812
14 4470 3106
15 5901 978
16 313 4258
17 2835 6817
18 4211 8437
19 5801 6574
20 2454 1883
21 4440 7799
22 3743 2699
23 5570 7780
24 3128 6766
25 6789 3985
26 4939 5345
27 3334 5121
28 7775 5724
29 3612 7922
30 4229 2971
31 3018 6419
32 3641 305
33 3527 6500
34 4236 4111
35 6669 4154
36 6557 4791
37 3916 5645
38 4061 7518
39 563 2886
40 5425 1899
41 1664 4933
42 3662 8229
43 5307 7558
44 8024 3739
45 8426 3775
46 2984 7416
47 8136 4941
48 1892 1410
49 3362 6903
50 2495 2959
51 27 3138
52 1574 1400
53 5536 1986
54 2159 2909
55 2491 6904
56 1866 2858
57 5200 721
58 4202 6986
59 2856 4444
60 1652 5103
61 4170 3294
62 5926 6512
63 4137 726
64 3201 366
65 7393 5943
66 7103 2221
67 3542 122
68 130 4472
69 5067 18
70 6479 6926
DEMAND_SECTION
1 0.0
2 10.0
3 4.0
4 6.0
5 6.0
6 7.0
7 2.0
8 8.0
9 4.0
10 1.0
11 7.0
12 5.0
13 4.0
14 6.0
15 10.0
16 1.0
17 5.0
18 7.0
19 10.0
20 4.0
21 2.0
22 2.0
23 7.0
24 10.0
25 2.0
26 8.0
27 9.0
28 9.0
29 4.0
30 1.0
31 8.0
32 6.0
33 3.0
34 2.0
35 9.0
36 5.0
37 1.0
38 3.0
39 1.0
40 9.0
41 4.0
42 4.0
43 4.0
44 5.0
45 1.0
46 5.0
47 2.0
48 9.0
49 7.0
50 4.0
51 2.0
52 1.0
53 4.0
54 8.0
55 2.0
56 2.0
57 9.0
58 4.0
59 10.0
60 7.0
61 2.0
62 7.0
63 9.0
64 6.0
65 10.0
66 10.0
67 3.0
68 4.0
69 4.0
70 6.0
DEVIATION_SECTION
1 0.0
2 3.33333
3 1.33333
4 2.0
5 2.0
6 2.33333
7 0.666667
8 2.66667
9 1.33333
10 0.333333
11 2.33333
12 1.66667
13 1.33333
14 2.0
15 3.33333
16 0.333333
17 1.66667
18 2.33333
19 3.33333
20 1.33333
21 0.666667
22 0.666667
23 2.33333
24 3.33333
25 0.666667
26 2.66667
27 3.0
28 3.0
29 1.33333
30 0.333333
31 2.66667
32 2.0
33 1.0
34 0.666667
35 3.0
36 1.66667
37 0.333333
38 1.0
39 0.333333
40 3.0
41 1.33333
42 1.33333
43 1.33333
44 1.66667
45 0.333333
46 1.66667
47 0.666667
48 3.0
49 2.33333
50 1.33333
51 0.666667
52 0.333333
53 1.33333
54 2.66667
55 0.666667
56 0.666667
57 3.0
58 1.33333
59 3.33333
60 2.33333
61 0.666667
62 2.33333
63 3.0
64 2.0
65 3.33333
66 3.33333
67 1.0
68 1.33333
69 1.33333
70 2.0
DISTANCE_MATRIX
0.0 16.0 59.0339 15.4403 30.4109 34.2296 50.8035 19.2354 24.1661 41.6765 69.5314 22.3617 55.2268 6.40312 38.0526 53.3322 55.7291 72.7853 53.4235 24.3311 64.3374 5.09902 66.1891 53.7123 40.0212 32.7752 33.0164 63.5411 67.0503 3.60555 50.3458 39.0601 48.7975 14.321 39.5726 44.3481 35.9257 60.8391 46.0366 25.1794 41.1947 70.4541 62.6498 55.2178 60.2163 62.1748 61.3482 34.3657 54.1433 19.2127 53.1041 37.6563 25.318 23.3848 56.3367 26.9317 35.7351 53.7123 23.1948 42.107 4.0 53.4592 32.0185 41.5787 62.3223 43.909 41.0542 56.0784 43.382 62.6183 
16.0 0.0 46.5794 30.6641 29.8617 46.3249 39.5237 9.05539 39.537 30.8869 57.1406 38.2351 46.0652 11.7047 42.0476 62.7662 47.8539 61.4533 40.9668 40.1995 52.7373 21.0238 53.7447 45.3542 28.3663 20.3185 26.3059 51.8862 56.8243 14.3178 42.5793 51.1568 39.8497 9.43398 27.9178 32.6932 26.9258 49.9301 61.2603 28.178 47.2796 60.0333 50.254 43.8337 48.8236 53.4509 49.6933 50.2494 45.2217 34.4364 68.3278 53.4603 27.7308 38.6085 51.4782 42.1555 43.4166 42.72 27.9871 47.912 12.0 41.0025 44.1022 53.6754 57.3806 38.4708 53.1509 64.9614 52.4023 50.1616 
59.0339 46.5794 0.0 72.6722 45.0454 91.9533 57.2713 59.1526 81.5451 22.0227 11.4018 80.3309 68.884 56.9718 87.2969 79.8123 35.0 23.0 10.4403 82.2569 15.5242 64.0596 7.2111 31.6228 46.2385 26.4197 41.0 36.6742 26.0 58.7799 34.0 96.8076 27.7308 45.6946 44.3847 42.0132 30.0 18.868 87.1436 75.2654 58.9406 26.9258 4.47214 58.5491 61.131 32.6497 47.1699 92.2985 28.6007 76.4446 90.7965 95.4734 74.4137 74.1132 39.0512 75.4414 91.904 17.2047 51.8557 58.2409 55.4955 11.4018 89.7638 99.3262 31.4006 71.1126 98.8017 80.6536 101.338 14.3178 
15.4403 30.6641 72.6722 0.0 39.6183 42.6512 66.2435 34.6271 15.2971 55.3064 83.1612 19.2412 70.5818 21.8421 51.2445 38.0132 49.5457 86.4152 67.0596 19.2354 77.9672 14.1421 79.8347 62.7015 55.4265 46.4113 42.2239 78.9464 80.6801 18.9256 58.4173 41.873 60.0892 27.9508 54.978 59.7534 49.5555 74.4689 32.45 39.2938 28.1603 84.084 76.3181 70.6566 75.6553 71.1452 76.7535 28.1603 64.4253 6.08276 39.0512 30.5941 39.5601 10.4403 50.4426 13.9284 47.1699 67.3421 22.3801 29.2746 18.9843 67.0952 40.4401 38.5552 82.9428 58.9893 42.7952 40.7185 53.3667 76.2544 
30.4109 29.8617 45.0454 39.6183 0.0 63.6818 67.7999 38.855 38.7972 23.0227 52.4782 47.277 75.6293 33.249 67.9104 39.0789 25.8395 49.7545 43.72 44.5179 43.0595 33.2025 51.04 25.0832 53.8934 26.807 4.60555 65.9302 41.4969 32.7805 20.799 69.9089 22.4709 21.0998 52.0916 50.0 15.1421 37.7696 44.1045 54.3385 19.3848 45.1022 47.0435 71.3239 75.8621 33.5269 70.6982 51.2406 26.807 29.8498 48.0744 52.626 54.2353 31.0678 27.9258 32.396 66.146 32.0483 8.81025 19.4391 29.4429 44.0116 61.4707 66.5911 60.9604 68.2681 70.8311 40.6611 73.6154 53.2015 
34.2296 46.3249 91.9533 42.6512 63.6818 0.0 64.195 43.0813 35.0143 75.1081 102.514 23.5372 62.0967 35.0 24.6982 72.0069 87.5213 106.217 86.3407 29.0172 97.765 30.5349 99.1186 86.765 59.5399 65.6924 66.2874 84.3445 100.482 33.3836 82.4808 6.7082 82.2292 47.7526 59.8415 65.4678 69.3573 94.2707 57.0701 26.0 68.7978 103.886 95.6279 68.3593 72.6911 95.2087 80.0999 31.9531 87.5749 40.3403 64.5368 34.9285 27.0 41.4367 89.6076 43.1045 15.0 87.1439 55.6954 70.0723 36.9096 86.3764 2.23607 11.3137 83.4326 46.8402 8.544 75.0067 14.5602 92.6127 
50.8035 39.5237 57.2713 66.2435 67.7999 64.195 0.0 31.8904 74.6257 57.9164 67.72 71.8298 11.7047 44.4072 43.7379 101.486 78.6502 79.9062 46.8722 73.8019 71.4493 54.3783 62.6418 75.3341 13.9284 44.3847 63.3783 27.5862 80.025 47.4342 74.2159 70.4557 69.2515 48.9456 15.8114 26.561 58.8218 72.0278 96.8398 38.3275 85.1847 82.1523 61.6117 4.47214 9.43398 81.4988 18.3576 83.848 73.9128 70.0159 103.907 87.1269 37.3363 74.188 82.9763 77.7349 52.1536 66.0303 66.7064 85.239 47.634 45.8912 62.2896 73.2543 30.2324 20.6155 72.4431 103.681 60.6712 46.6154 
19.2354 9.05539 59.1526 34.6271 38.855 43.0813 31.8904 0.0 43.382 38.7692 70.3838 41.1545 37.7359 13.0 34.6699 69.9683 56.5685 69.2955 48.9244 43.1266 60.5795 23.4094 65.558 53.9351 20.8126 28.1607 35.3553 44.3325 64.7098 16.1555 51.3517 48.0971 48.2701 18.0278 20.364 25.1395 35.5106 57.7723 65.2233 21.2603 54.4817 67.8913 63.6248 36.2353 41.2311 61.8466 42.1396 53.1728 53.6004 38.3994 72.2908 56.4516 20.6155 42.5715 60.2993 46.1185 37.5366 50.5623 35.1892 55.1141 15.8114 48.0653 40.8534 50.6157 43.1137 29.4279 50.0912 72.1635 46.8615 52.2843 
24.1661 39.537 81.5451 15.2971 38.7972 35.0143 74.6257 43.382 0.0 64.1793 92.0341 12.6491 77.9872 30.4138 52.2601 37.054 59.9867 85.8571 75.9325 6.32456 79.5767 20.2485 88.7076 60.1142 64.1386 55.2842 41.4028 87.8193 77.0847 27.2947 55.6457 32.7567 58.5967 36.8237 63.6901 68.6263 51.9394 74.0944 24.1868 43.0116 35.8469 80.6605 85.191 79.0759 84.0595 68.0255 85.4656 13.0 62.3354 9.84886 31.7648 15.2971 43.6005 7.81025 60.8836 8.24621 45.7185 68.6906 32.8211 37.2156 27.8572 75.9681 34.0147 28.4605 91.8157 65.1153 33.2415 40.05 49.0918 85.1273 
41.6765 30.8869 22.0227 55.3064 23.0227 75.1081 57.9164 38.7692 64.1793 0.0 30.0832 62.9651 68.2642 40.4599 72.8972 58.5235 20.8806 31.1127 21.9545 64.8911 22.8035 46.6937 28.1603 17.4642 44.2832 14.0357 19.0263 47.0106 25.9422 41.7253 17.0 79.9386 11.4018 27.5862 42.2966 39.3553 8.06226 19.2094 65.123 59.0593 37.6962 29.1548 24.1868 60.9195 64.7138 24.0208 54.5894 74.9327 16.0312 50.8725 68.884 73.6487 58.5918 52.0905 25.2982 53.4187 74.0608 12.0416 29.833 37.1618 38.2308 22.4722 72.8642 82.2792 41.8688 65.6201 81.9327 59.6154 82.801 31.305 
69.5314 57.1406 11.4018 83.1612 52.4782 102.514 67.72 70.3838 92.0341 30.0832 0.0 90.8199 79.404 67.5329 98.528 84.8528 37.0 15.6525 21.4709 92.7459 12.53 74.5486 5.09902 34.2053 57.2713 37.2022 48.8365 45.0 22.6716 69.341 37.6563 107.369 32.1403 55.9464 55.4617 53.2443 38.0789 18.3848 94.0851 86.4965 64.2806 22.0227 7.07107 68.6586 70.859 32.249 56.0803 102.787 31.0483 80.3095 97.0464 103.086 85.6449 81.5274 40.3113 82.8556 103.135 21.0238 59.2884 63.3877 66.0379 22.3607 100.325 109.887 40.05 82.2982 109.363 85.3288 109.401 22.0227 
22.3617 38.2351 80.3309 19.2412 47.277 23.5372 71.8298 41.1545 12.6491 62.9651 90.8199 0.0 74.7553 28.1858 48.7568 49.366 67.6215 94.0739 74.7183 8.48528 85.626 17.7481 87.4934 70.3602 61.7818 54.07 49.8826 85.3018 88.3388 25.0239 66.076 22.8254 67.7479 35.6096 61.3333 66.1087 57.2142 82.1276 36.6742 39.5083 45.2612 91.7427 83.9768 76.2959 81.2568 78.8039 83.1088 17.4642 72.084 16.8037 44.2832 21.0238 40.099 18.0278 68.5185 20.0998 42.5823 75.0008 40.456 46.5357 26.3122 74.754 22.2036 19.8494 84.083 61.6852 23.8537 52.345 37.0135 83.9131 
55.2268 46.0652 68.884 70.5818 75.6293 62.0967 11.7047 37.7359 77.9872 68.2642 79.404 74.7553 0.0 48.9183 39.1152 107.704 88.8144 91.4112 58.4637 76.7274 82.8734 58.0 74.3303 85.5862 24.0208 54.4518 71.8266 38.6005 91.1976 51.6624 84.1724 68.6804 79.511 55.4707 26.0192 37.0151 68.4471 83.2166 101.119 37.5766 92.2173 93.4345 73.2462 12.0416 13.4164 92.1358 28.2843 86.7735 84.2912 74.3542 108.245 90.0524 36.6742 78.5175 93.0591 82.0366 48.5077 77.026 72.9249 93.0684 52.6308 57.4891 60.4401 72.111 41.6773 15.2971 70.6045 109.899 56.0357 58.3095 
6.40312 11.7047 56.9718 21.8421 33.249 35.0 44.4072 13.0 30.4138 40.4599 67.5329 28.1858 48.9183 0.0 34.7131 59.7339 54.8246 71.5052 51.3591 30.0832 62.9365 10.4403 64.137 52.8015 33.7261 30.7109 31.1479 57.246 66.0303 3.16228 49.4412 39.8445 47.8853 13.4164 33.2776 38.053 34.9857 59.6657 52.4383 21.095 45.8912 69.4046 60.6463 48.8262 53.8238 61.2699 55.0531 40.204 53.2353 25.6144 59.5058 43.4829 21.0238 29.7865 57.9851 33.3335 34.0 52.4976 27.074 46.6905 4.12311 51.3948 32.8024 42.3631 56.0273 38.0132 41.8385 62.4801 42.4382 60.554 
38.0526 42.0476 87.2969 51.2445 67.9104 24.6982 43.7379 34.6699 52.2601 72.8972 98.528 48.7568 39.1152 34.7131 0.0 87.8009 89.1852 103.424 76.1998 48.6331 94.708 37.1214 93.7022 86.977 43.4166 62.2892 65.6202 68.0294 98.8383 35.2278 83.8153 31.3847 81.7068 47.8017 44.4185 52.4149 68.7095 91.9008 76.4144 13.9284 79.0253 102.02 91.769 47.3814 51.0882 95.2733 61.4003 53.736 87.0919 53.1507 83.969 57.0809 14.3178 56.0446 92.4446 58.8218 9.84886 84.6907 61.2046 80.0062 38.4708 75.3407 23.6008 35.805 68.4763 24.0 33.121 90.7083 17.0294 79.5597 
53.3322 62.7662 79.8123 38.0132 39.0789 72.0069 101.486 69.9683 37.054 58.5235 84.8528 49.366 107.704 59.7339 87.8009 0.0 49.0 77.026 80.2309 43.0 73.2462 51.6236 84.7231 51.0882 90.3281 63.8858 41.6773 103.009 67.0671 56.8175 47.2652 69.1809 52.7731 59.1761 89.379 87.0789 51.4782 67.1863 18.868 76.896 20.8806 70.1783 80.8084 105.796 110.785 56.1427 107.777 43.1741 54.1479 34.7851 15.8114 42.0595 77.2528 31.7805 47.1699 29.2746 82.0366 63.9531 36.1248 21.587 56.8762 80.6226 71.0634 64.3817 98.0393 96.8811 69.3542 3.0 86.1452 89.6939 
55.7291 47.8539 35.0 49.5457 25.8395 87.5213 78.6502 56.5685 59.9867 20.8806 37.0 67.6215 88.8144 54.8246 89.1852 49.0 0.0 28.0713 39.8246 65.7073 24.7386 57.042 38.0132 3.60555 64.9384 34.3657 24.6982 66.888 18.2483 55.7798 5.38516 90.2534 9.48683 41.4367 62.9682 60.0892 21.095 18.6815 61.131 75.2861 29.6142 21.587 34.4819 81.7212 85.5246 8.06226 75.1532 72.43 6.40312 51.0392 62.6498 73.7835 75.0 52.2572 4.47214 53.535 88.8221 17.8045 32.5576 28.4429 52.2834 40.6079 85.3102 86.9356 61.5873 85.0533 91.1756 49.0918 97.193 48.0833 
72.7853 61.4533 23.0 86.4152 49.7545 106.217 79.9062 69.2955 85.8571 31.1127 15.6525 94.0739 91.4112 71.5052 103.424 77.026 28.0713 0.0 33.1361 95.9999 8.94427 77.8025 19.9249 26.4764 68.1542 42.72 47.0106 59.4138 10.0499 72.8354 30.8058 111.047 27.313 58.6941 66.2193 63.4811 37.8021 12.2066 88.8426 89.5974 57.5587 7.61577 19.105 81.3941 84.0952 21.095 70.1142 98.3004 23.7697 76.9097 90.6697 99.6858 89.1211 78.1277 30.0666 79.4558 104.815 19.105 56.5647 56.4358 69.3396 34.1321 103.973 113.388 54.231 92.587 113.042 77.0065 113.701 36.4966 
53.4235 40.9668 10.4403 67.0596 43.72 86.3407 46.8722 48.9244 75.9325 21.9545 21.4709 74.7183 58.4637 51.3591 76.1998 80.2309 39.8246 33.1361 0.0 76.6443 25.02 58.3915 16.6433 36.2353 35.8469 20.7082 39.2938 27.8568 34.7131 53.1672 37.4833 91.195 31.1127 40.2977 34.0147 31.7849 28.7924 26.9258 86.0239 65.0371 59.5063 36.2215 14.8661 48.2597 51.0098 39.3573 37.6563 86.6859 33.6006 70.8319 89.7944 89.8608 64.1855 72.7878 44.2041 74.116 81.6758 22.8254 50.5303 59.0339 49.8829 1.0 84.1512 93.7136 22.4722 60.8276 93.1891 81.4371 91.1096 9.48683 
24.3311 40.1995 82.2569 19.2354 44.5179 29.0172 73.8019 43.1266 6.32456 64.8911 92.7459 8.48528 76.7274 30.0832 48.6331 43.0 65.7073 95.9999 76.6443 0.0 87.5519 19.6469 89.4194 65.8348 63.7539 55.996 47.1235 87.1014 82.8054 26.9258 61.3664 26.4764 64.3173 37.5355 63.3053 67.9084 59.1402 84.0536 28.7924 41.4804 42.0595 86.3812 85.9028 78.268 83.2288 73.7461 85.0809 10.0499 68.0561 14.8661 36.4005 13.3417 42.0711 13.8924 66.6043 14.5602 40.2793 76.9268 38.5418 43.4166 28.2843 76.6799 28.1603 22.1359 85.8826 63.6573 26.9258 46.0 43.2897 85.8391 
64.3374 52.7373 15.5242 77.9672 43.0595 97.765 71.4493 60.5795 79.5767 22.8035 12.53 85.626 82.8734 62.9365 94.708 73.2462 24.7386 8.94427 25.02 87.5519 0.0 69.3546 14.8661 22.2036 59.439 33.8378 39.9249 52.1728 10.8167 64.3817 26.0192 102.595 21.2132 50.3289 57.4891 54.6952 30.0167 6.08276 83.6002 80.8814 53.0 11.4018 12.53 73.1095 76.0 19.7231 62.514 92.02 19.105 70.6293 86.0523 93.4054 80.4051 71.8473 27.8568 73.1754 96.0992 11.1803 49.8697 52.0096 60.8769 26.0192 95.5249 104.94 46.8722 83.8011 104.59 73.5527 104.998 29.7321 
5.09902 21.0238 64.0596 14.1421 33.2025 30.5349 54.3783 23.4094 20.2485 46.6937 74.5486 17.7481 58.0 10.4403 37.1214 51.6236 57.042 77.8025 58.3915 19.6469 69.3546 0.0 71.2221 56.2857 44.0646 37.7432 35.808 67.5845 72.0675 7.28011 52.0015 35.3654 53.8148 19.3382 43.616 48.3915 40.9429 65.8563 43.1856 25.2982 42.0119 75.4713 67.7054 58.8303 63.8122 64.7294 65.3916 29.7664 59.1605 17.0 50.448 33.0452 25.632 20.8087 59.1283 24.2074 33.541 58.7295 25.2982 43.0511 9.05539 58.4271 28.3238 37.884 66.3657 45.8039 37.3595 54.4243 40.4969 67.5863 
66.1891 53.7447 7.2111 79.8347 51.04 99.1186 62.6418 65.558 88.7076 28.1603 5.09902 87.4934 74.3303 64.137 93.7022 84.7231 38.0132 19.9249 16.6433 89.4194 14.8661 71.2221 0.0 34.9285 52.3259 33.6155 47.1699 40.0125 25.6125 65.9451 37.9473 103.973 32.0156 52.8015 50.5371 48.4185 36.2215 20.0 93.0054 81.6707 63.9531 25.5539 4.0 63.561 65.7647 34.2053 51.0392 99.461 31.7805 78.8898 96.3328 102.636 80.8191 80.1078 41.6773 81.4359 98.3093 20.8806 57.8502 63.1506 62.6608 17.4929 96.929 106.491 35.0143 77.4145 105.967 85.3756 107.743 17.0 
53.7123 45.3542 31.6228 62.7015 25.0832 86.765 75.3341 53.9351 60.1142 17.4642 34.2053 70.3602 85.5862 52.8015 86.977 51.0882 3.60555 26.4764 36.2353 65.8348 22.2036 56.2857 34.9285 0.0 61.6604 31.1448 23.4307 63.2851 17.088 53.7629 4.47214 92.992 6.08276 39.3954 59.6825 56.7731 18.4391 16.1245 62.3699 73.0548 31.1448 20.6155 31.305 78.2473 82.0417 8.60233 71.5891 72.5575 3.16228 51.1667 64.2806 73.9429 72.7324 52.3847 8.06226 53.7129 86.8052 14.4222 31.8904 30.0666 50.2665 37.0135 84.5539 89.6743 57.9828 82.1523 93.9143 51.3517 95.1762 44.5533 
40.0212 28.3663 46.2385 55.4265 53.8934 59.5399 13.9284 20.8126 64.1386 44.2832 57.2713 61.7818 24.0208 33.7261 43.4166 90.3281 64.9384 68.1542 35.8469 63.7539 59.439 44.0646 52.3259 61.6604 0.0 30.5941 49.4718 25.0 67.3647 36.8609 60.4152 65.192 55.5788 37.7882 2.0 13.0 44.9222 59.4138 86.0227 33.9559 71.2782 69.7209 50.6952 17.4929 22.2036 68.1175 21.3776 73.8 60.2993 59.1989 93.0902 77.0789 32.9848 63.371 69.2315 66.9179 49.98 53.0848 55.549 71.3325 36.6232 34.9285 57.4282 67.7109 25.0599 25.2389 67.1863 92.2369 59.2368 37.8021 
32.7752 20.3185 26.4197 46.4113 26.807 65.6924 44.3847 28.1607 55.2842 14.0357 37.2022 54.07 54.4518 30.7109 62.2892 63.8858 34.3657 42.72 20.7082 55.996 33.8378 37.7432 33.6155 31.1448 30.5941 0.0 22.2036 42.0918 39.2173 32.519 29.8329 70.5467 25.0799 19.6469 28.6356 25.8403 14.7648 31.7805 69.1109 48.4626 44.0454 42.1545 30.2324 47.4723 51.807 38.0526 49.2523 66.0376 30.0 50.1837 73.6304 69.2125 47.9864 55.8748 38.6394 57.2029 63.6805 24.6982 33.6172 43.9318 29.2346 20.7439 63.5029 73.0653 37.122 51.6236 72.5408 65.4599 72.5794 29.903 
33.0164 26.3059 41.0 42.2239 4.60555 66.2874 63.3783 35.3553 41.4028 19.0263 48.8365 49.8826 71.8266 31.1479 65.6202 41.6773 24.6982 47.0106 39.2938 47.1235 39.9249 35.808 47.1699 23.4307 49.4718 22.2036 0.0 61.3836 39.2046 35.386 19.4165 72.5144 20.0 18.0278 47.67 45.6173 11.0 34.8855 46.7101 51.8178 21.9317 42.8019 43.1856 66.9022 71.4405 32.0156 66.3155 53.8461 24.7588 32.4553 50.68 55.2315 51.6315 33.6733 27.313 35.0015 68.7515 28.7924 11.4158 21.9317 28.6067 39.5601 64.0763 69.1967 56.4138 64.7765 73.4367 43.2666 76.221 48.7647 
63.5411 51.8862 36.6742 78.9464 65.9302 84.3445 27.5862 44.3325 87.8193 47.0106 45.0 85.3018 38.6005 57.246 68.0294 103.009 66.888 59.4138 27.8568 87.1014 52.1728 67.5845 40.0125 63.2851 25.0 42.0918 61.3836 0.0 62.3618 60.3808 63.8201 89.8053 57.6888 59.4742 24.5153 28.0832 51.7848 54.7083 108.234 58.9406 82.5535 63.561 40.3113 26.6271 27.313 67.1193 11.4018 96.896 60.9016 82.7188 112.754 100.367 57.9741 86.8909 71.3442 90.4378 74.9466 50.5668 72.7404 82.2558 60.1432 26.9258 82.201 92.342 5.38516 47.2017 91.7878 104.591 84.1546 23.0217 
67.0503 56.8243 26.0 80.6801 41.4969 100.482 80.025 64.7098 77.0847 25.9422 22.6716 88.3388 91.1976 66.0303 98.8383 67.0671 18.2483 10.0499 34.7131 82.8054 10.8167 72.0675 25.6125 17.088 67.3647 39.2173 39.2046 62.3618 0.0 67.1009 21.5407 105.312 19.2094 52.8015 65.3758 62.4209 31.241 8.0 79.3095 85.0 47.8539 3.60555 23.3238 82.0244 85.2115 11.0454 72.3671 89.5281 14.7648 68.1373 80.895 90.9135 84.534 69.3553 20.025 70.6835 99.8599 14.5602 48.3072 46.6905 63.6045 35.6931 98.2708 107.653 57.0088 90.471 107.306 67.0 108.467 40.3113 
3.60555 14.3178 58.7799 18.9256 32.7805 33.3836 47.4342 16.1555 27.2947 41.7253 69.341 25.0239 51.6624 3.16228 35.2278 56.8175 55.7798 72.8354 53.1672 26.9258 64.3817 7.28011 65.9451 53.7629 36.8609 32.519 35.386 60.3808 67.1009 0.0 50.3964 38.2141 48.8482 14.3716 36.4124 41.1878 35.9763 60.8769 49.5177 22.0227 44.4072 70.5048 62.4544 51.8652 56.8595 62.2254 58.1879 37.0421 54.194 22.698 56.5893 40.3209 22.0907 26.8701 58.9403 30.4138 33.6155 53.7587 26.0192 45.2769 3.60555 53.2029 31.1448 40.7327 59.1621 40.3113 40.2082 59.5637 41.6773 62.3621 
50.3458 42.5793 34.0 58.4173 20.799 82.4808 74.2159 51.3517 55.6457 17.0 37.6563 66.076 84.1724 49.4412 83.8153 47.2652 5.38516 30.8058 37.4833 61.3664 26.0192 52.0015 37.9473 4.47214 60.4152 29.8329 19.4165 63.8201 21.5407 50.3964 0.0 88.7078 6.40312 36.0555 58.4637 55.6624 16.0 20.0 58.0517 69.9214 27.0185 25.0799 34.176 77.2944 81.629 12.7279 71.5891 68.089 7.07107 46.6983 60.1332 69.4745 69.6419 47.9163 9.0 49.2445 83.4387 17.088 27.5862 26.0 46.9 38.1838 80.2697 85.3901 58.6003 80.0062 89.6301 47.676 91.8097 46.2277 
39.0601 51.1568 96.8076 41.873 69.9089 6.7082 70.4557 48.0971 32.7567 79.9386 107.369 22.8254 68.6804 39.8445 31.3847 69.1809 90.2534 111.047 91.195 26.4764 102.595 35.3654 103.973 92.992 65.192 70.5467 72.5144 89.8053 105.312 38.2141 88.7078 0.0 87.0597 52.5831 65.3758 70.7621 74.1878 99.1012 53.2353 32.1403 67.7791 108.716 100.482 74.6726 79.0759 101.436 86.0058 27.4591 92.4054 39.3954 60.531 30.0832 33.1361 39.8497 91.1503 41.0 21.6333 91.9744 63.0878 69.0797 41.7401 91.2306 8.24621 5.38516 88.7293 53.4509 2.0 72.1734 19.7231 97.907 
48.7975 39.8497 27.7308 60.0892 22.4709 82.2292 69.2515 48.2701 58.5967 11.4018 32.1403 67.7479 79.511 47.8853 81.7068 52.7731 9.48683 27.313 31.1127 64.3173 21.2132 53.8148 32.0156 6.08276 55.5788 25.0799 20.0 57.6888 19.2094 48.8482 6.40312 87.0597 0.0 34.4819 53.6004 50.6905 13.0 15.5242 62.3939 67.7791 32.1403 22.8035 28.1603 72.2459 76.0402 13.6015 65.7419 71.04 5.38516 49.6492 65.0 72.4254 67.4166 50.8672 13.9284 52.1954 81.8841 11.1803 29.2812 31.257 45.3518 31.8277 80.0181 87.062 52.4309 76.2365 91.302 53.3667 90.2615 39.8246 
14.321 9.43398 45.6946 27.9508 21.0998 47.7526 48.9456 18.0278 36.8237 27.5862 55.9464 35.6096 55.4707 13.4164 47.8017 59.1761 41.4367 58.6941 40.2977 37.5355 50.3289 19.3382 52.8015 39.3954 37.7882 19.6469 18.0278 59.4742 52.8015 14.3716 36.0555 52.5831 34.4819 0.0 37.3397 39.391 21.6333 46.6905 61.1573 33.9559 43.6895 56.2228 49.1935 53.2557 58.2455 47.8539 60.0892 47.5771 39.8246 31.7232 65.6769 50.7521 33.7343 35.8953 44.643 39.4423 47.4131 39.598 24.397 44.3219 10.8753 40.3334 45.5415 55.1017 56.7115 47.2969 54.5772 61.3713 55.7584 49.4925 
39.5726 27.9178 44.3847 54.978 52.0916 59.8415 15.8114 20.364 63.6901 42.2966 55.4617 61.3333 26.0192 33.2776 44.4185 89.379 62.9682 66.2193 34.0147 63.3053 57.4891 43.616 50.5371 59.6825 2.0 28.6356 47.67 24.5153 65.3758 36.4124 58.4637 65.3758 53.6004 37.3397 0.0 11.0 43.0116 57.4282 85.5742 34.4819 69.4764 67.7422 48.8467 19.2354 23.8537 66.1211 21.8403 73.3515 58.3095 58.7503 92.6417 76.6303 33.5261 62.9224 67.2681 66.4694 50.6952 51.0882 58.9018 69.5307 36.1747 33.1059 57.7062 67.8988 24.1661 26.9258 67.3647 91.7884 60.0083 36.2353 
44.3481 32.6932 42.0132 59.7534 50.0 65.4678 26.561 25.1395 68.6263 39.3553 53.2443 66.1087 37.0151 38.053 52.4149 87.0789 60.0892 63.4811 31.7849 67.9084 54.6952 48.3915 48.4185 56.7731 13.0 25.8403 45.6173 28.0832 62.4209 41.1878 55.6624 70.7621 50.6905 39.391 11.0 0.0 40.4005 54.4876 92.3039 41.1214 67.3848 64.8276 46.4853 29.632 33.9666 63.1354 28.6982 77.703 55.3517 63.5258 96.8235 81.1739 40.2353 67.6979 64.4152 71.2448 57.7122 48.1022 56.8102 67.4114 40.9501 30.9258 63.2826 73.2808 26.2036 37.1059 72.7562 88.6611 67.1348 35.1448 
35.9257 26.9258 30.0 49.5555 15.1421 69.3573 58.8218 35.5106 51.9394 8.06226 38.0789 57.2142 68.4471 34.9857 68.7095 51.4782 21.095 37.8021 28.7924 59.1402 30.0167 40.9429 36.2215 18.4391 44.9222 14.7648 11.0 51.7848 31.241 35.9763 16.0 74.1878 13.0 21.6333 43.0116 40.4005 0.0 25.6125 57.2189 54.7814 30.8869 34.7131 32.249 62.0322 66.3672 26.5707 58.9453 64.3827 18.3848 42.9919 61.1882 65.7681 54.4243 44.2099 25.0 45.5381 68.9638 18.868 21.9524 30.5287 32.4799 29.1548 67.1462 76.5283 46.815 64.0078 76.1819 52.7731 77.3886 38.2753 
60.8391 49.9301 18.868 74.4689 37.7696 94.2707 72.0278 57.7723 74.0944 19.2094 18.3848 82.1276 83.2166 59.6657 91.9008 67.1863 18.6815 12.2066 26.9258 84.0536 6.08276 65.8563 20.0 16.1245 59.4138 31.7805 34.8855 54.7083 8.0 60.8769 20.0 99.1012 15.5242 46.6905 57.4282 54.4876 25.6125 0.0 77.7817 78.0743 47.0106 10.4403 16.9706 74.027 77.2334 14.2127 64.5368 86.5377 13.0384 65.147 80.0999 87.9231 77.598 66.365 21.9317 67.6931 93.2309 7.2111 44.5798 46.0 57.3933 27.8927 92.0596 101.442 49.3356 82.7111 101.095 67.4759 102.005 33.121 
46.0366 61.2603 87.1436 32.45 44.1045 57.0701 96.8398 65.2233 24.1868 65.123 94.0851 36.6742 101.119 52.4383 76.4144 18.868 61.131 88.8426 86.0239 28.7924 83.6002 43.1856 93.0054 62.3699 86.0227 69.1109 46.7101 108.234 79.3095 49.5177 58.0517 53.2353 62.3939 61.1573 85.5742 92.3039 57.2189 77.7817 0.0 67.1193 31.6228 82.7103 89.0056 101.253 106.252 68.9638 107.35 26.0 65.1153 27.0185 7.61577 24.1868 67.6757 22.6716 60.407 19.105 69.0261 73.171 38.3277 32.8938 49.5806 86.3155 56.5155 48.0937 103.264 88.8651 53.0848 21.4709 71.5891 95.5054 
25.1794 28.178 75.2654 39.2938 54.3385 26.0 38.3275 21.2603 43.0116 59.0593 86.4965 39.5083 37.5766 21.095 13.9284 76.896 75.2861 89.5974 65.0371 41.4804 80.8814 25.2982 81.6707 73.0548 33.9559 48.4626 51.8178 58.9406 85.0 22.0227 69.9214 32.1403 67.7791 33.9559 34.4819 41.1214 54.7814 78.0743 67.1193 0.0 66.3702 88.1932 79.7375 42.5793 47.0744 81.3449 54.1479 51.5265 73.1642 42.1545 74.6257 54.8054 1.0 45.618 78.5875 48.7647 16.6433 70.8642 48.0 67.2681 25.02 64.178 24.0208 34.9563 58.5235 23.0217 34.1321 79.712 26.0768 68.397 
41.1947 47.2796 58.9406 28.1603 19.3848 68.7978 85.1847 54.4817 35.8469 37.6962 64.2806 45.2612 92.2173 45.8912 79.0253 20.8806 29.6142 57.5587 59.5063 42.0595 53.0 42.0119 63.9531 31.1448 71.2782 44.0454 21.9317 82.5535 47.8539 44.4072 27.0185 67.7791 32.1403 43.6895 69.4764 67.3848 30.8869 47.0106 31.6228 66.3702 0.0 51.1957 60.0167 88.7086 93.2469 37.3631 87.9516 46.8615 34.0588 28.4605 33.1361 47.3814 66.4831 28.178 28.7924 28.0179 75.326 43.2897 19.3132 1.41421 41.7732 59.9333 68.3482 63.9766 77.5837 83.1685 68.542 21.9317 81.3941 68.942 
70.4541 60.0333 26.9258 84.084 45.1022 103.886 82.1523 67.8913 80.6605 29.1548 22.0227 91.7427 93.4345 69.4046 102.02 70.1783 21.587 7.61577 36.2215 86.3812 11.4018 75.4713 25.5539 20.6155 69.7209 42.1545 42.8019 63.561 3.60555 70.5048 25.0799 108.716 22.8035 56.2228 67.7422 64.8276 34.7131 10.4403 82.7103 88.1932 51.1957 0.0 23.7697 84.006 87.0517 14.0357 73.8241 93.1038 18.3576 71.7131 84.1724 94.4893 87.7169 72.9311 23.0217 74.2593 103.175 17.4642 51.9124 50.01 67.0084 37.2156 101.675 111.057 58.2495 93.1484 110.71 70.0286 111.83 41.1096 
62.6498 50.254 4.47214 76.3181 47.0435 95.6279 61.6117 63.6248 85.191 24.1868 7.07107 83.9768 73.2462 60.6463 91.769 80.8084 34.4819 19.105 14.8661 85.9028 12.53 67.7054 4.0 31.305 50.6952 30.2324 43.1856 40.3113 23.3238 62.4544 34.176 100.482 28.1603 49.1935 48.8467 46.4853 32.249 16.9706 89.0056 79.7375 60.0167 23.7697 0.0 62.8013 65.2763 31.1448 51.0392 95.9444 28.178 74.8933 92.3472 99.1193 78.8859 76.1112 38.2753 77.4394 96.3762 17.088 53.8537 59.2284 59.1692 15.8114 93.4384 103.001 35.1283 75.5844 102.476 81.4923 102.515 17.4642 
55.2178 43.8337 58.5491 70.6566 71.3239 68.3593 4.47214 36.2353 79.0759 60.9195 68.6586 76.2959 12.0416 48.8262 47.3814 105.796 81.7212 81.3941 48.2597 78.268 73.1095 58.8303 63.561 78.2473 17.4929 47.4723 66.9022 26.6271 82.0244 51.8652 77.2944 74.6726 72.2459 53.2557 19.2354 29.632 62.0322 74.027 101.253 42.5793 88.7086 84.006 62.8013 0.0 5.0 84.0119 16.2788 88.3142 76.4951 74.4289 108.32 91.593 41.5933 78.6011 86.0472 82.148 56.0357 68.2642 71.0165 88.7629 52.0096 47.2652 66.4831 77.5285 29.9666 23.7697 76.6551 107.704 64.3817 47.1275 
60.2163 48.8236 61.131 75.6553 75.8621 72.6911 9.43398 41.2311 84.0595 64.7138 70.859 81.2568 13.4164 53.8238 51.0882 110.785 85.5246 84.0952 51.0098 83.2288 76.0 63.8122 65.7647 82.0417 22.2036 51.807 71.4405 27.313 85.2115 56.8595 81.629 79.0759 76.0402 58.2455 23.8537 33.9666 66.3672 77.2334 106.252 47.0744 93.2469 87.0517 65.2763 5.0 0.0 87.6641 16.1245 93.275 80.2808 79.4277 113.319 96.5538 46.0977 83.5998 89.9671 87.1467 60.0083 71.7008 76.0063 93.3012 57.0088 50.01 70.859 82.0287 31.3209 27.1662 81.0494 112.694 68.1175 49.0306 
62.1748 53.4509 32.6497 71.1452 33.5269 95.2087 81.4988 61.8466 68.0255 24.0208 32.249 78.8039 92.1358 61.2699 95.2733 56.1427 8.06226 21.095 39.3573 73.7461 19.7231 64.7294 34.2053 8.60233 68.1175 38.0526 32.0156 67.1193 11.0454 62.2254 12.7279 101.436 13.6015 47.8539 66.1211 63.1354 26.5707 14.2127 68.9638 81.3449 37.3631 14.0357 31.1448 84.0119 87.6641 0.0 76.2168 80.4688 8.24621 59.078 70.214 81.8352 80.9938 60.296 9.0 61.5873 95.2677 16.5529 40.3113 36.1386 58.729 40.2492 92.9976 98.118 61.7414 89.56 102.358 56.0089 103.639 46.6154 
61.3482 49.6933 47.1699 76.7535 70.6982 80.0999 18.3576 42.1396 85.4656 54.5894 56.0803 83.1088 28.2843 55.0531 61.4003 107.777 75.1532 70.1142 37.6563 85.0809 62.514 65.3916 51.0392 71.5891 21.3776 49.2523 66.3155 11.4018 72.3671 58.1879 71.5891 86.0058 65.7419 60.0892 21.8403 28.6982 58.9453 64.5368 107.35 54.1479 87.9516 73.8241 51.0392 16.2788 16.1245 76.2168 0.0 95.1271 69.4622 80.5259 117.522 98.4059 53.1507 84.698 79.6241 88.2449 69.2315 59.7746 77.5084 88.1095 57.9502 36.6742 78.0577 88.5602 16.0312 38.9102 88.0057 109.359 78.1025 34.0588 
34.3657 50.2494 92.2985 28.1603 51.2406 31.9531 83.848 53.1728 13.0 74.9327 102.787 17.4642 86.7735 40.204 53.736 43.1741 72.43 98.3004 86.6859 10.0499 92.02 29.7664 99.461 72.5575 73.8 66.0376 53.8461 96.896 89.5281 37.0421 68.089 27.4591 71.04 47.5771 73.3515 77.703 64.3827 86.5377 26.0 51.5265 46.8615 93.1038 95.9444 88.3142 93.275 80.4688 95.1271 0.0 74.7787 22.8473 33.1361 3.60555 52.1172 20.2485 73.2462 19.105 45.2769 81.1339 45.2644 48.2701 38.3275 86.7215 31.7805 22.2036 95.6772 73.7035 27.1662 46.0977 46.4866 95.8807 
54.1433 45.2217 28.6007 64.4253 26.807 87.5749 73.9128 53.6004 62.3354 16.0312 31.0483 72.084 84.2912 53.2353 87.0919 54.1479 6.40312 23.7697 33.6006 68.0561 19.105 59.1605 31.7805 3.16228 60.2993 30.0 24.7588 60.9016 14.7648 54.194 7.07107 92.4054 5.38516 39.8246 58.3095 55.3517 18.3848 13.0384 65.1153 73.1642 34.0588 18.3576 28.178 76.4951 80.2808 8.24621 69.4622 74.7787 0.0 53.388 67.1863 76.1642 72.8011 54.606 10.6301 55.9341 87.2353 11.4018 33.6172 33.0151 50.6976 34.4093 85.3638 91.3981 55.5698 81.3941 95.6381 54.4518 95.6072 41.7253 
19.2127 34.4364 76.4446 6.08276 29.8498 40.3403 70.0159 38.3994 9.84886 50.8725 80.3095 16.8037 74.3542 25.6144 53.1507 34.7851 51.0392 76.9097 70.8319 14.8661 70.6293 17.0 78.8898 51.1667 59.1989 50.1837 32.4553 82.7188 68.1373 22.698 46.6983 39.3954 49.6492 31.7232 58.7503 63.5258 42.9919 65.147 27.0185 42.1545 28.4605 71.7131 74.8933 74.4289 79.4277 59.078 80.5259 22.8473 53.388 0.0 33.9411 25.0 42.5441 4.47214 51.9362 8.06226 48.0416 59.7432 23.8736 29.7321 22.7567 70.8676 38.9994 35.8469 86.7151 62.6817 40.2492 37.6431 53.3385 80.0268 
53.1041 68.3278 90.7965 39.0512 48.0744 64.5368 103.907 72.2908 31.7648 68.884 97.0464 44.2832 108.245 59.5058 83.969 15.8114 62.6498 90.6697 89.7944 36.4005 86.0523 50.448 96.3328 64.2806 93.0902 73.6304 50.68 112.754 80.895 56.5893 60.1332 60.531 65.0 65.6769 92.6417 96.8235 61.1882 80.0999 7.61577 74.6257 33.1361 84.1724 92.3472 108.32 113.319 70.214 117.522 33.1361 67.1863 33.9411 0.0 31.0 75.1665 29.7321 61.3922 26.2488 76.6155 76.0263 42.8473 34.2345 56.6481 90.086 64.0312 55.3263 107.784 96.2133 60.2993 17.6918 79.0759 99.2759 
37.6563 53.4603 95.4734 30.5941 52.626 34.9285 87.1269 56.4516 15.2971 73.6487 103.086 21.0238 90.0524 43.4829 57.0809 42.0595 73.7835 99.6858 89.8608 13.3417 93.4054 33.0452 102.636 73.9429 77.0789 69.2125 55.2315 100.367 90.9135 40.3209 69.4745 30.0832 72.4254 50.7521 76.6303 81.1739 65.7681 87.9231 24.1868 54.8054 47.3814 94.4893 99.1193 91.593 96.5538 81.8352 98.4059 3.60555 76.1642 25.0 31.0 0.0 55.3961 21.9317 74.4043 20.2485 48.5489 82.5193 46.6498 48.7955 41.5933 89.8965 34.8855 24.7386 104.475 76.9823 29.6142 44.9222 49.3964 99.0556 
25.318 27.7308 74.4137 39.5601 54.2353 27.0 37.3363 20.6155 43.6005 58.5918 85.6449 40.099 36.6742 21.0238 14.3178 77.2528 75.0 89.1211 64.1855 42.0711 80.4051 25.632 80.8191 72.7324 32.9848 47.9864 51.6315 57.9741 84.534 22.0907 69.6419 33.1361 67.4166 33.7343 33.5261 40.2353 54.4243 77.598 67.6757 1.0 66.4831 87.7169 78.8859 41.5933 46.0977 80.9938 53.1507 52.1172 72.8011 42.5441 75.1665 55.3961 0.0 46.0652 78.339 49.2443 17.4929 70.3879 48.0104 67.3647 25.0 63.3264 25.02 35.9378 57.5847 22.2036 35.1283 80.0562 26.9258 67.5454 
23.3848 38.6085 74.1132 10.4403 31.0678 41.4367 74.188 42.5715 7.81025 52.0905 81.5274 18.0278 78.5175 29.7865 56.0446 31.7805 52.2572 78.1277 72.7878 13.8924 71.8473 20.8087 80.1078 52.3847 63.371 55.8748 33.6733 86.8909 69.3553 26.8701 47.9163 39.8497 50.8672 35.8953 62.9224 67.6979 44.2099 66.365 22.6716 45.618 28.178 72.9311 76.1112 78.6011 83.5998 60.296 84.698 20.2485 54.606 4.47214 29.7321 21.9317 46.0652 0.0 53.1507 3.60555 50.3587 60.9612 25.0916 29.5296 26.9288 73.0794 40.1995 35.8469 90.8872 66.6108 40.4969 34.7131 55.0364 82.2693 
56.3367 51.4782 39.0512 50.4426 27.9258 89.6076 82.9763 60.2993 60.8836 25.2982 40.3113 68.5185 93.0591 57.9851 92.4446 47.1699 4.47214 30.0666 44.2041 66.6043 27.8568 59.1283 41.6773 8.06226 69.2315 38.6394 27.313 71.3442 20.025 58.9403 9.0 91.1503 13.9284 44.643 67.2681 64.4152 25.0 21.9317 60.407 78.5875 28.7924 23.0217 38.2753 86.0472 89.9671 9.0 79.6241 73.2462 10.6301 51.9362 61.3922 74.4043 78.339 53.1507 0.0 54.2033 91.9826 21.9317 34.4093 27.5136 55.4439 45.0 87.3965 87.8326 66.0379 89.0056 92.0726 47.0106 99.5412 52.345 
26.9317 42.1555 75.4414 13.9284 32.396 43.1045 77.7349 46.1185 8.24621 53.4187 82.8556 20.0998 82.0366 33.3335 58.8218 29.2746 53.535 79.4558 74.116 14.5602 73.1754 24.2074 81.4359 53.7129 66.9179 57.2029 35.0015 90.4378 70.6835 30.4138 49.2445 41.0 52.1954 39.4423 66.4694 71.2448 45.5381 67.6931 19.105 48.7647 28.0179 74.2593 77.4394 82.148 87.1467 61.5873 88.2449 19.105 55.9341 8.06226 26.2488 20.2485 49.2443 3.60555 54.2033 0.0 52.7804 62.2893 26.4198 29.4109 30.4757 74.4076 42.0119 36.6879 94.4342 70.0 41.4849 32.249 57.0088 83.5975 
35.7351 43.4166 91.904 47.1699 66.146 15.0 52.1536 37.5366 45.7185 74.0608 103.135 42.5823 48.5077 34.0 9.84886 82.0366 88.8221 104.815 81.6758 40.2793 96.0992 33.541 98.3093 86.8052 49.98 63.6805 68.7515 74.9466 99.8599 33.6155 83.4387 21.6333 81.8841 47.4131 50.6952 57.7122 68.9638 93.2309 69.0261 16.6433 75.326 103.175 96.3762 56.0357 60.0083 95.2677 69.2315 45.2769 87.2353 48.0416 76.6155 48.5489 17.4929 50.3587 91.9826 52.7804 0.0 86.0233 58.6941 76.4199 37.1618 80.8167 14.1421 26.2488 74.8465 33.2415 23.3238 85.0 9.43398 85.0357 
53.7123 42.72 17.2047 67.3421 32.0483 87.1439 66.0303 50.5623 68.6906 12.0416 21.0238 75.0008 77.026 52.4976 84.6907 63.9531 17.8045 19.105 22.8254 76.9268 11.1803 58.7295 20.8806 14.4222 53.0848 24.6982 28.7924 50.5668 14.5602 53.7587 17.088 91.9744 11.1803 39.598 51.0882 48.1022 18.868 7.2111 73.171 70.8642 43.2897 17.4642 17.088 68.2642 71.7008 16.5529 59.7746 81.1339 11.4018 59.7432 76.0263 82.5193 70.3879 60.9612 21.9317 62.2893 86.0233 0.0 38.8586 42.4264 50.2665 23.7065 84.9328 94.3149 45.1885 75.9276 93.9685 64.5368 94.8103 30.4795 
23.1948 27.9871 51.8557 22.3801 8.81025 55.6954 66.7064 35.1892 32.8211 29.833 59.2884 40.456 72.9249 27.074 61.2046 36.1248 32.5576 56.5647 50.5303 38.5418 49.8697 25.2982 57.8502 31.8904 55.549 33.6172 11.4158 72.7404 48.3072 26.0192 27.5862 63.0878 29.2812 24.397 58.9018 56.8102 21.9524 44.5798 38.3277 48.0 19.3132 51.9124 53.8537 71.0165 76.0063 40.3113 77.5084 45.2644 33.6172 23.8736 42.8473 46.6498 48.0104 25.0916 34.4093 26.4198 58.6941 38.8586 0.0 19.9249 23.0217 50.8219 53.4843 59.7701 67.7706 63.8905 64.01 38.1838 65.7875 60.0118 
42.107 47.912 58.2409 29.2746 19.4391 70.0723 85.239 55.1141 37.2156 37.1618 63.3877 46.5357 93.0684 46.6905 80.0062 21.587 28.4429 56.4358 59.0339 43.4166 52.0096 43.0511 63.1506 30.0666 71.3325 43.9318 21.9317 82.2558 46.6905 45.2769 26.0 69.0797 31.257 44.3219 69.5307 67.4114 30.5287 46.0 32.8938 67.2681 1.41421 50.01 59.2284 88.7629 93.3012 36.1386 88.1095 48.2701 33.0151 29.7321 34.2345 48.7955 67.3647 29.5296 27.5136 29.4109 76.4199 42.4264 19.9249 0.0 42.5793 59.4811 69.5368 65.307 77.286 83.8153 69.857 22.4722 82.5651 68.4471 
4.0 12.0 55.4955 18.9843 29.4429 36.9096 47.634 15.8114 27.8572 38.2308 66.0379 26.3122 52.6308 4.12311 38.4708 56.8762 52.2834 69.3396 49.8829 28.2843 60.8769 9.05539 62.6608 50.2665 36.6232 29.2346 28.6067 60.1432 63.6045 3.60555 46.9 41.7401 45.3518 10.8753 36.1747 40.9501 32.4799 57.3933 49.5806 25.02 41.7732 67.0084 59.1692 52.0096 57.0088 58.729 57.9502 38.3275 50.6976 22.7567 56.6481 41.5933 25.0 26.9288 55.4439 30.4757 37.1618 50.2665 23.0217 42.5793 0.0 49.9186 34.6554 44.2587 58.9244 42.0476 43.7342 59.6224 45.2769 59.0777 
53.4592 41.0025 11.4018 67.0952 44.0116 86.3764 45.8912 48.0653 75.9681 22.4722 22.3607 74.754 57.4891 51.3948 75.3407 80.6226 40.6079 34.1321 1.0 76.6799 26.0192 58.4271 17.4929 37.0135 34.9285 20.7439 39.5601 26.9258 35.6931 53.2029 38.1838 91.2306 31.8277 40.3334 33.1059 30.9258 29.1548 27.8927 86.3155 64.178 59.9333 37.2156 15.8114 47.2652 50.01 40.2492 36.6742 86.7215 34.4093 70.8676 90.086 89.8965 63.3264 73.0794 45.0 74.4076 80.8167 23.7065 50.8219 59.4811 49.9186 0.0 84.1868 93.7493 21.5407 59.9416 93.2247 81.8596 90.2506 9.21954 
32.0185 44.1022 89.7638 40.4401 61.4707 2.23607 62.2896 40.8534 34.0147 72.8642 100.325 22.2036 60.4401 32.8024 23.6008 71.0634 85.3102 103.973 84.1512 28.1603 95.5249 28.3238 96.929 84.5539 57.4282 63.5029 64.0763 82.201 98.2708 31.1448 80.2697 8.24621 80.0181 45.5415 57.7062 63.2826 67.1462 92.0596 56.5155 24.0208 68.3482 101.675 93.4384 66.4831 70.859 92.9976 78.0577 31.7805 85.3638 38.9994 64.0312 34.8855 25.02 40.1995 87.3965 42.0119 14.1421 84.9328 53.4843 69.5368 34.6554 84.1868 0.0 12.2066 81.2527 45.2217 10.198 74.0608 15.1327 90.4274 
41.5787 53.6754 99.3262 38.5552 66.5911 11.3137 73.2543 50.6157 28.4605 82.2792 109.887 19.8494 72.111 42.3631 35.805 64.3817 86.9356 113.388 93.7136 22.1359 104.94 37.884 106.491 89.6743 67.7109 73.0653 69.1967 92.342 107.653 40.7327 85.3901 5.38516 87.062 55.1017 67.8988 73.2808 76.5283 101.442 48.0937 34.9563 63.9766 111.057 103.001 77.5285 82.0287 98.118 88.5602 22.2036 91.3981 35.8469 55.3263 24.7386 35.9378 35.8469 87.8326 36.6879 26.2488 94.3149 59.7701 65.307 44.2587 93.7493 12.2066 0.0 91.2479 57.0088 5.0 67.3647 25.0599 100.426 
62.3223 57.3806 31.4006 82.9428 60.9604 83.4326 30.2324 43.1137 91.8157 41.8688 40.05 84.083 41.6773 56.0273 68.4763 98.0393 61.5873 54.231 22.4722 85.8826 46.8722 66.3657 35.0143 57.9828 25.0599 37.122 56.4138 5.38516 57.0088 59.1621 58.6003 88.7293 52.4309 56.7115 24.1661 26.2036 46.815 49.3356 103.264 58.5235 77.5837 58.2495 35.1283 29.9666 31.3209 61.7414 16.0312 95.6772 55.5698 86.7151 107.784 104.475 57.5847 90.8872 66.0379 94.4342 74.8465 45.1885 67.7706 77.286 58.9244 21.5407 81.2527 91.2479 0.0 48.8365 90.7233 99.3776 84.1724 18.0278 
43.909 38.4708 71.1126 58.9893 68.2681 46.8402 20.6155 29.4279 65.1153 65.6201 82.2982 61.6852 15.2971 38.0132 24.0 96.8811 85.0533 92.587 60.8276 63.6573 83.8011 45.8039 77.4145 82.1523 25.2389 51.6236 64.7765 47.2017 90.471 40.3113 80.0062 53.4509 76.2365 47.2969 26.9258 37.1059 64.0078 82.7111 88.8651 23.0217 83.1685 93.1484 75.5844 23.7697 27.1662 89.56 38.9102 73.7035 81.3941 62.6817 96.2133 76.9823 22.2036 66.6108 89.0056 70.0 33.2415 75.9276 63.8905 83.8153 42.0476 59.9416 45.2217 57.0088 48.8365 0.0 55.3624 99.6273 41.0122 63.0079 
41.0542 53.1509 98.8017 42.7952 70.8311 8.544 72.4431 50.0912 33.2415 81.9327 109.363 23.8537 70.6045 41.8385 33.121 69.3542 91.1756 113.042 93.1891 26.9258 104.59 37.3595 105.967 93.9143 67.1863 72.5408 73.4367 91.7878 107.306 40.2082 89.6301 2.0 91.302 54.5772 67.3647 72.7562 76.1819 101.095 53.0848 34.1321 68.542 110.71 102.476 76.6551 81.0494 102.358 88.0057 27.1662 95.6381 40.2492 60.2993 29.6142 35.1283 40.4969 92.0726 41.4849 23.3238 93.9685 64.01 69.857 43.7342 93.2247 10.198 5.0 90.7233 55.3624 0.0 72.3395 20.8087 99.901 
56.0784 64.9614 80.6536 40.7185 40.6611 75.0067 103.681 72.1635 40.05 59.6154 85.3288 52.345 109.899 62.4801 90.7083 3.0 49.0918 77.0065 81.4371 46.0 73.5527 54.4243 85.3756 51.3517 92.2369 65.4599 43.2666 104.591 67.0 59.5637 47.676 72.1734 53.3667 61.3713 91.7884 88.6611 52.7731 67.4759 21.4709 79.712 21.9317 70.0286 81.4923 107.704 112.694 56.0089 109.359 46.0977 54.4518 37.6431 17.6918 44.9222 80.0562 34.7131 47.0106 32.249 85.0 64.5368 38.1838 22.4722 59.6224 81.8596 74.0608 67.3647 99.3776 99.6273 72.3395 0.0 89.1403 90.8735 
43.382 52.4023 101.338 53.3667 73.6154 14.5602 60.6712 46.8615 49.0918 82.801 109.401 37.0135 56.0357 42.4382 17.0294 86.1452 97.193 113.701 91.1096 43.2897 104.998 40.4969 107.743 95.1762 59.2368 72.5794 76.221 84.1546 108.467 41.6773 91.8097 19.7231 90.2615 55.7584 60.0083 67.1348 77.3886 102.005 71.5891 26.0768 81.3941 111.83 102.515 64.3817 68.1175 103.639 78.1025 46.4866 95.6072 53.3385 79.0759 49.3964 26.9258 55.0364 99.5412 57.0088 9.43398 94.8103 65.7875 82.5651 45.2769 90.2506 15.1327 25.0599 84.1724 41.0122 20.8087 89.1403 0.0 94.4696 
