NAME  : Jabali_70_2_0.93_1_9
TYPE : SVRP
MODEL : FINITE_SUPPORT
NUMBER_OF_SCENARIOS : 200
DIMENSION : 70
EDGE_WEIGHT_TYPE : MATRIX
CAPACITY : 210
N_VEHICLES : 2
NODE_COORD_SECTION
1 3778 4240
2 3288 5922
3 6369 18
4 2458 3923
5 3987 326
6 3932 6583
7 4480 411
8 5417 1477
9 7872 6322
10 1149 2475
11 7892 3884
12 6208 403
13 7145 4556
14 1671 7458
15 449 830
16 286 1892
17 2684 4913
18 1051 5797
19 5849 2971
20 900 6444
21 3290 5301
22 7529 2527
23 1738 1276
24 638 2638
25 2719 1088
26 6705 6630
27 4171 2584
28 2943 4920
29 2402 5870
30 3685 3259
31 6581 4986
32 6739 4645
33 3810 4582
34 1712 6233
35 4077 6893
36 27 2026
37 2061 5318
38 2749 1226
39 4983 7074
40 3042 3067
41 1079 7792
42 4034 7170
43 806 7313
44 1983 1131
45 3814 3776
46 5375 6933
47 7000 5189
48 5105 471
49 6640 3176
50 5641 4746
51 5062 4788
52 6905 2153
53 2582 5444
54 3430 3606
55 4480 6563
56 1368 2609
57 938 8094
58 3396 7027
59 5092 6630
60 1138 2137
61 5980 2862
62 7574 6647
63 2158 3124
64 1141 7209
65 7852 6737
66 3080 2655
67 4157 1786
68 1127 7480
69 4639 1360
70 1201 7968
DEMAND_SECTION
1 0.0
2 5.0
3 6.0
4 4.0
5 5.0
6 2.0
7 2.0
8 10.0
9 10.0
10 3.0
11 9.0
12 2.0
13 1.0
14 9.0
15 6.0
16 7.0
17 9.0
18 5.0
19 9.0
20 7.0
21 5.0
22 7.0
23 9.0
24 5.0
25 5.0
26 9.0
27 6.0
28 6.0
29 10.0
30 5.0
31 7.0
32 4.0
33 5.0
34 5.0
35 5.0
36 10.0
37 8.0
38 8.0
39 4.0
40 5.0
41 2.0
42 10.0
43 9.0
44 3.0
45 5.0
46 5.0
47 8.0
48 10.0
49 7.0
50 2.0
51 4.0
52 6.0
53 3.0
54 2.0
55 5.0
56 8.0
57 8.0
58 4.0
59 6.0
60 8.0
61 2.0
62 3.0
63 6.0
64 3.0
65 8.0
66 1.0
67 2.0
68 2.0
69 2.0
70 6.0
DEVIATION_SECTION
1 0.0
2 1.66667
3 2.0
4 1.33333
5 1.66667
6 0.666667
7 0.666667
8 3.33333
9 3.33333
10 1.0
11 3.0
12 0.666667
13 0.333333
14 3.0
15 2.0
16 2.33333
17 3.0
18 1.66667
19 3.0
20 2.33333
21 1.66667
22 2.33333
23 3.0
24 1.66667
25 1.66667
26 3.0
27 2.0
28 2.0
29 3.33333
30 1.66667
31 2.33333
32 1.33333
33 1.66667
34 1.66667
35 1.66667
36 3.33333
37 2.66667
38 2.66667
39 1.33333
40 1.66667
41 0.666667
42 3.33333
43 3.0
44 1.0
45 1.66667
46 1.66667
47 2.66667
48 3.33333
49 2.33333
50 0.666667
51 1.33333
52 2.0
53 1.0
54 0.666667
55 1.66667
56 2.66667
57 2.66667
58 1.33333
59 2.0
60 2.66667
61 0.666667
62 1.0
63 2.0
64 1.0
65 2.66667
66 0.333333
67 0.666667
68 0.666667
69 0.666667
70 2.0
DISTANCE_MATRIX
0.0 22.8473 67.4759 23.3264 54.1295 32.0624 53.7587 44.2041 70.9228 43.8924 64.2059 62.482 52.973 51.4291 65.2928 58.0965 21.1035 44.1935 34.2501 49.3325 14.7648 56.428 49.6588 49.2478 45.7056 53.6435 23.4094 19.9752 27.8208 13.0 46.165 47.914 4.12311 38.5906 36.0139 59.9359 29.1669 44.7214 41.4849 19.3132 59.4995 39.0512 57.309 49.3964 6.0 42.2331 51.7265 55.0091 44.2133 33.4918 25.1286 50.7637 22.8924 9.84886 33.3766 41.0954 62.0588 37.3631 37.3584 46.4501 35.2917 68.4867 27.7849 53.8549 71.1173 23.7697 34.4819 56.3306 41.6293 61.6941 
22.8473 0.0 89.9208 28.6356 76.6551 13.0384 76.5506 66.6919 59.4643 55.9836 65.8935 84.9239 52.3927 30.5287 79.5986 69.4921 15.1327 28.8617 56.4626 32.0156 8.24621 75.2304 67.082 58.7295 66.0076 46.8188 46.2385 15.0333 11.7047 35.171 44.5533 47.2969 19.7231 21.0 17.0 69.8752 17.1021 65.0077 27.5862 39.0512 38.9487 19.3132 37.9473 67.6018 28.4605 30.8058 49.163 77.8203 61.8964 33.6674 28.7507 73.8956 11.4018 30.4327 18.4391 53.228 41.0488 15.0333 26.0768 59.4417 57.7927 60.4152 41.2311 34.176 62.0967 44.1059 57.2451 36.2491 64.4748 41.1825 
67.4759 89.9208 0.0 73.4098 32.0156 95.4518 26.0192 23.3452 93.086 77.201 55.109 5.0 61.0082 118.774 81.0062 85.9884 88.4486 107.714 41.1096 114.157 82.0556 37.108 64.3817 84.2021 51.4782 89.3588 46.0977 87.3203 95.1659 58.0517 66.4831 62.2896 70.2142 104.256 98.7175 89.1067 92.687 51.6236 97.4064 60.4649 126.845 101.873 123.753 61.2944 62.9682 94.921 69.0652 18.2483 43.4166 63.9062 72.4166 30.0666 90.2375 63.7024 93.4934 75.8947 129.404 103.492 92.0272 76.1577 39.8497 86.2844 70.2353 120.432 89.3588 56.9386 38.0789 123.676 29.5296 129.039 
23.3264 28.6356 73.4098 0.0 52.8394 41.1096 54.4059 50.4777 86.1893 28.0179 76.409 68.6003 67.2339 48.6982 51.4296 41.8688 13.6015 39.7164 46.4532 42.3881 21.5407 68.5742 38.4708 31.8934 38.6394 69.4929 27.4591 14.7648 24.5153 16.505 61.4316 62.1748 27.3225 32.8237 45.2217 43.1393 20.9176 37.6563 53.9022 13.6015 55.6951 47.8017 51.9832 39.1152 18.6535 56.0838 66.9931 58.0 56.4164 48.7583 40.3951 62.3868 19.0263 13.6766 44.8023 25.2389 58.9059 43.2897 51.095 31.3847 47.4866 83.7533 12.6491 49.0954 86.3838 18.3576 36.0694 51.9832 44.5533 57.7328 
54.1295 76.6551 32.0156 52.8394 0.0 85.9884 6.32456 24.0832 100.801 47.8853 69.814 29.4279 69.4166 101.129 49.0 54.8179 63.2163 82.5124 44.2832 91.423 68.4105 55.2268 32.9848 54.5619 20.6155 93.145 31.1448 73.529 76.5572 41.4849 71.2909 70.5589 57.8705 85.2547 89.8053 57.9741 73.3487 21.0238 93.0 39.3573 108.126 92.9139 102.961 29.8329 48.2701 92.1358 76.7736 14.5602 51.1077 61.8872 61.131 46.0109 70.4092 46.4866 86.209 47.1699 111.337 91.444 88.0227 46.0977 43.8292 95.6181 45.3431 101.526 98.779 34.4819 20.025 104.414 16.1555 110.164 
32.0624 13.0384 95.4518 41.1096 85.9884 0.0 85.1579 73.1333 49.8197 68.7149 63.5295 90.5567 49.6488 33.3766 92.3299 82.2846 27.5136 39.3573 56.0992 40.2616 19.6469 73.0644 79.3097 71.5221 77.2334 37.3363 54.9181 26.6983 23.4307 45.0444 41.1461 44.7772 28.1603 30.0832 4.12311 82.6677 29.8947 76.2365 15.2643 50.2494 41.7732 7.0 43.0116 79.6494 38.0526 19.3132 44.5982 85.7665 61.533 33.2415 29.4109 73.5322 24.4131 41.0488 7.07107 65.9593 42.72 8.94427 15.2971 72.173 57.4293 52.0384 53.7587 39.0128 53.2353 55.1453 66.0984 40.1995 72.6708 43.9318 
53.7587 76.5506 26.0192 54.4059 6.32456 85.1579 0.0 18.868 96.9741 52.3927 64.6375 23.1948 65.0 102.229 55.0364 60.208 64.2321 84.9438 40.1622 93.8544 68.352 49.4975 38.4708 59.2368 25.7099 89.822 30.3645 73.4994 77.5735 41.6293 67.6775 64.4951 57.28 86.3548 88.9043 63.3482 74.4488 25.9615 91.1976 40.8044 109.226 92.0305 105.514 35.3553 48.1041 90.0056 71.9848 8.24621 46.5188 59.1354 59.0339 40.3113 71.425 46.9574 84.8528 51.4296 112.437 91.0934 86.093 50.9215 39.5601 91.2015 48.1664 102.627 94.3624 36.2353 19.3132 105.514 13.0 111.264 
44.2041 66.6919 23.3452 50.4777 24.0832 73.1333 18.868 0.0 78.5875 58.2151 45.8039 18.3848 46.4866 95.5453 67.4463 69.1158 65.2197 84.7311 22.2036 91.175 58.8268 31.4006 49.0306 65.2763 36.4005 72.4431 23.0217 64.0914 71.937 34.8281 49.7703 46.1106 46.9854 81.2731 76.3217 72.0625 69.7045 36.1386 76.7737 38.0132 103.616 79.4796 100.77 46.3249 39.6232 74.8131 53.6004 14.1421 27.8568 43.4166 44.787 22.2036 67.0086 40.4599 71.4927 56.4358 106.175 81.092 71.4291 58.0086 21.3776 72.7324 48.7032 97.4491 75.8947 35.1141 17.1172 100.447 10.4403 105.81 
70.9228 59.4643 93.086 86.1893 100.801 49.8197 96.9741 78.5875 0.0 106.755 39.6232 89.2749 32.3883 82.0975 126.819 120.959 68.5055 88.2326 60.8026 90.0278 60.8276 57.2189 109.855 112.111 102.696 12.6491 75.0403 67.3771 71.1688 71.647 29.5466 32.573 61.8767 79.555 48.2597 122.799 75.6459 101.937 36.0139 80.1293 90.0056 49.0408 92.3472 108.992 68.4375 31.0644 25.0 92.6499 50.9902 42.0119 45.9674 63.0317 69.3542 72.8778 42.7551 103.958 90.05 57.2189 34.5254 109.313 59.3883 7.61577 90.6478 88.3629 5.65685 83.2385 82.7345 89.1403 84.6768 92.0 
43.8924 55.9836 77.201 28.0179 47.8853 68.7149 52.3927 58.2151 106.755 0.0 93.7668 73.2462 88.3648 67.1193 24.0416 14.2127 41.2723 44.4072 63.3246 52.9528 49.3173 84.1724 18.0278 7.07107 27.4591 96.183 39.8121 42.72 48.2701 35.3553 80.9395 82.6884 47.8885 51.0098 72.8032 16.1245 40.2616 26.9258 81.7131 26.8328 71.0211 75.2757 64.5368 20.6155 39.2046 83.8418 86.501 59.1354 72.5713 69.1086 60.9611 76.4199 46.5731 34.2053 72.6132 2.82843 74.9667 69.3758 78.853 4.0 64.0312 104.104 16.2788 63.7887 106.95 25.9615 41.1096 66.9104 48.6621 72.3671 
64.2059 65.8935 55.109 76.409 69.814 63.5295 64.6375 45.8039 39.6232 93.7668 0.0 51.923 13.8924 95.6347 107.452 105.597 72.1254 94.9809 30.6313 97.7663 64.5248 18.1108 88.7044 100.159 77.801 39.8246 52.8029 70.997 76.6157 59.9558 22.4722 18.7883 66.901 86.7212 64.6607 108.165 80.1887 77.201 57.3847 67.4322 104.178 67.1193 103.74 86.6331 61.2043 53.0377 20.5183 58.6686 20.2485 34.1322 41.2397 25.632 73.9143 64.3011 57.9828 91.245 105.702 72.4707 52.6308 93.6056 29.2171 32.249 79.4266 99.93 35.1283 66.6359 56.2228 101.843 54.4885 106.405 
62.482 84.9239 5.0 68.6003 29.4279 90.5567 23.1948 18.3848 89.2749 73.2462 51.923 0.0 57.0351 113.777 78.1601 82.4924 83.4517 102.885 36.4005 109.329 77.0588 34.176 61.0737 80.2808 48.0937 85.1469 41.2311 82.3234 90.169 53.1507 62.2013 58.0775 65.2174 99.4274 93.7411 85.5862 87.8588 48.1664 92.6553 55.7584 121.848 96.897 118.924 58.0345 58.0 90.2497 65.0 15.0333 39.1152 59.1354 67.6259 26.4764 85.2406 58.7963 88.7027 71.8401 124.407 98.5153 87.2812 72.3671 35.171 82.6075 65.7419 115.603 85.7088 52.3546 33.541 118.679 25.0799 124.042 
52.973 52.3927 61.0082 67.2339 69.4166 49.6488 65.0 46.4866 32.3883 88.3648 13.8924 57.0351 0.0 81.9329 105.189 101.864 58.6369 80.2936 28.8284 84.2779 51.0363 26.9258 86.7789 94.7569 77.2012 28.8617 49.7665 57.5085 63.1272 54.5539 8.60233 5.09902 55.6681 73.2327 50.774 104.263 66.7002 76.4003 43.8406 62.0303 90.4765 53.2541 90.2497 84.3303 50.4877 39.6989 8.24621 60.4401 18.6815 21.0454 28.0868 31.1448 59.9115 53.5663 44.1022 85.843 91.9239 58.5918 38.9487 89.7849 27.4142 26.2488 74.0246 86.4002 29.4109 62.4797 54.4253 88.2326 53.4591 92.6984 
51.4291 30.5287 118.774 48.6982 101.129 33.3766 102.229 95.5453 82.0975 67.1193 95.6347 113.777 81.9329 0.0 90.05 76.3217 39.2046 23.0868 86.3541 16.1555 36.8782 105.122 83.1865 66.0681 86.3775 70.0 74.4636 41.1096 25.0 63.5069 73.6817 76.896 48.8365 16.7631 34.0147 75.6637 31.305 85.4431 46.0977 61.7972 8.544 33.0606 10.7703 84.7231 56.8499 51.0392 77.6209 105.354 91.7878 63.5589 58.6421 103.787 31.4006 60.6784 40.1995 65.2763 10.6301 25.02 48.0416 71.1126 87.6842 85.0529 58.2409 7.2111 86.0 66.7862 83.4543 7.07107 91.8194 10.7703 
65.2928 79.5986 81.0062 51.4296 49.0 92.3299 55.0364 67.4463 126.819 24.0416 107.452 78.1601 105.189 90.05 0.0 14.5602 64.8845 67.0075 78.8923 75.06 72.9178 97.3088 18.7883 24.0 31.0483 116.247 55.4707 66.1891 72.2772 55.1725 101.982 100.288 69.2889 74.4312 96.4182 16.5529 64.2884 31.3209 105.301 46.7547 93.1343 98.8907 86.2844 21.1896 60.4401 107.355 106.502 63.1269 87.4595 89.3085 81.025 88.6002 70.6062 55.6058 96.2007 26.5707 97.1288 93.4089 102.493 20.2485 79.2591 124.303 38.9487 86.0523 126.934 43.8634 52.0 89.0898 57.0088 94.2603 
58.0965 69.4921 85.9884 41.8688 54.8179 82.2846 60.208 69.1158 120.959 14.2127 105.597 82.4924 101.864 76.3217 14.5602 0.0 55.0826 53.2353 76.5506 61.0082 63.1277 96.7729 21.8403 10.7703 34.5254 110.387 52.811 56.531 60.1664 49.3964 95.1521 96.9628 62.0926 61.1882 86.0266 3.16228 52.3927 34.3657 95.5234 40.8167 79.0063 87.9126 72.0625 25.0 53.4135 97.7051 100.714 67.7422 85.6049 83.2559 75.1652 88.6454 58.7491 48.4149 86.4236 17.0294 83.006 81.5414 92.7163 12.083 77.1622 118.251 30.4795 72.0069 121.154 39.3954 52.345 75.0 59.0085 80.0562 
21.1035 15.1327 88.4486 13.6015 63.2163 27.5136 64.2321 65.2197 68.5055 41.2723 72.1254 83.4517 58.6369 39.2046 64.8845 55.0826 0.0 27.5583 55.1795 34.0 8.06226 81.4623 51.9711 45.107 51.0882 56.0885 44.3729 3.0 14.2127 33.1726 50.8035 53.5445 18.5248 24.2074 31.6228 56.3791 12.5317 50.0899 40.4969 24.3311 46.6905 34.2053 43.4166 52.469 26.5243 42.6794 55.5436 76.0951 68.1282 39.8993 34.9825 71.6932 7.81025 22.6817 31.3847 38.5167 49.679 30.0167 37.6906 44.7303 56.2211 68.3477 26.2488 40.3609 70.3756 29.4279 45.4576 43.1393 62.6728 48.7955 
44.1935 28.8617 107.714 39.7164 82.5124 39.3573 84.9438 84.7311 88.2326 44.4072 94.9809 102.885 80.2936 23.0868 67.0075 53.2353 27.5583 0.0 78.2695 8.94427 30.0167 104.552 61.131 43.0116 65.7419 75.5844 61.7101 30.2627 17.2627 50.7534 72.4602 75.2013 41.6148 9.89949 42.19 52.6118 16.7631 64.846 54.5894 45.8345 26.6833 43.0116 20.6155 62.9365 49.6143 58.6003 77.2003 89.5342 91.2182 62.7548 57.838 94.7831 21.095 47.925 46.0977 42.7551 30.5941 34.8281 54.231 48.3735 79.3111 89.2693 37.5899 19.4165 90.956 49.1108 67.9616 22.561 76.5603 28.1603 
34.2501 56.4626 41.1096 46.4532 44.2832 56.0992 40.1622 22.2036 60.8026 63.3246 30.6313 36.4005 28.8284 86.3541 78.8923 76.5506 55.1795 78.2695 0.0 83.4085 48.7866 22.8534 60.208 69.857 49.679 50.251 23.7697 54.0512 61.8968 30.0 27.9217 28.3235 36.9452 72.6666 58.4164 79.0569 63.2429 49.0408 56.3028 37.3363 92.9735 61.4008 91.385 58.2495 31.2485 53.8516 35.8133 36.3456 10.6387 22.8473 31.4008 17.5933 56.9684 34.3452 52.4776 60.8769 96.6363 65.2488 50.9215 64.5136 1.41421 55.03 49.366 87.9309 58.1909 37.3631 28.2843 89.5457 28.178 95.119 
49.3325 32.0156 114.157 42.3881 91.423 40.2616 93.8544 91.175 90.0278 52.9528 97.7663 109.329 84.2779 16.1555 75.06 61.0082 34.0 8.94427 83.4085 0.0 35.171 109.691 69.9214 51.0882 74.686 77.4661 68.154 36.6742 21.587 57.1973 76.4199 79.1855 46.7538 11.0454 42.3792 60.1332 23.8537 73.7902 55.0273 54.7451 18.1108 42.5441 11.7047 71.7844 56.0582 59.4811 81.1542 99.0445 96.3572 65.5403 60.6235 99.9221 26.9258 54.3689 47.2969 51.4198 22.0907 34.0147 55.5428 56.8859 84.4501 91.7878 46.5296 11.0 93.2148 58.0213 77.1447 14.0357 85.5098 19.4165 
14.7648 8.24621 82.0556 21.5407 68.4105 19.6469 68.352 58.8268 60.8276 49.3173 64.5248 77.0588 51.0363 36.8782 72.9178 63.1277 8.06226 30.0167 48.7866 35.171 0.0 73.8618 59.6657 53.1521 58.0086 48.3735 38.0789 7.07107 13.6015 26.9258 43.203 45.944 12.0416 24.3516 23.7697 64.4242 15.389 57.0088 32.45 31.0 45.0 26.4764 42.9418 60.0167 20.2485 34.7131 47.9431 69.7711 60.5277 32.2988 27.382 65.3002 9.05539 22.2036 23.3238 46.5617 47.5079 23.1948 29.7321 52.7731 49.8281 60.7472 34.176 39.4462 62.7694 36.0139 49.0408 41.8808 56.3649 47.2017 
56.428 75.2304 37.108 68.5742 55.2268 73.0644 49.4975 31.4006 57.2189 84.1724 18.1108 34.176 26.9258 105.122 97.3088 96.7729 81.4623 104.552 22.8534 109.691 73.8618 0.0 78.5493 90.934 66.6408 55.6597 44.4072 80.334 85.9526 52.0874 34.4819 30.0167 59.1231 98.9494 74.6536 99.4636 89.5257 66.2118 69.4046 59.0339 113.646 77.3588 113.094 76.1577 53.4264 65.7343 35.1141 42.638 16.5529 43.061 50.1686 9.21954 83.2512 56.5232 68.1404 81.8841 115.404 81.9456 64.2028 84.9294 21.4392 50.04 71.0634 109.269 53.0094 58.4209 45.31 111.197 41.3401 115.88 
49.6588 67.082 64.3817 38.4708 32.9848 79.3097 38.4708 49.0306 109.855 18.0278 88.7044 61.0737 86.7789 83.1865 18.7883 21.8403 51.9711 61.131 60.208 69.9214 59.6657 78.5493 0.0 23.3452 13.0 99.2975 37.0135 52.6308 62.0081 38.2753 82.6098 81.8779 53.7122 66.6108 83.4328 25.0 54.0 13.0384 90.8742 30.4138 87.8009 86.122 81.6088 3.16228 44.2945 91.8014 88.0926 46.1736 68.7118 72.4242 64.0703 69.8928 57.2189 39.8121 82.4194 18.7883 91.6788 81.7435 86.9253 14.8661 60.5392 107.419 26.0768 80.5233 110.05 26.6271 33.2415 83.678 38.6394 89.2861 
49.2478 58.7295 84.2021 31.8934 54.5619 71.5221 59.2368 65.2763 112.111 7.07107 100.159 80.2808 94.7569 66.0681 24.0 10.7703 45.107 43.0116 69.857 51.0882 53.1521 90.934 23.3452 0.0 34.0 101.538 46.5296 46.5554 49.3964 41.2311 87.3529 87.6625 53.2439 50.636 75.2641 11.4018 41.6293 33.541 85.5478 32.8938 69.1809 77.1501 62.3939 26.2488 44.5749 87.7295 92.9144 66.0984 79.1965 74.6796 66.3165 83.2947 47.9865 39.598 76.448 9.05539 73.171 70.7743 82.7407 8.60233 70.6116 109.675 21.4709 62.0725 112.305 32.5576 48.1664 65.123 55.7315 70.3491 
45.7056 66.0076 51.4782 38.6394 20.6155 77.2334 25.7099 36.4005 102.696 27.4591 77.801 48.0937 77.2012 86.3775 31.0483 34.5254 51.0882 65.7419 49.679 74.686 58.0086 66.6408 13.0 34.0 0.0 92.6978 28.0179 51.0 63.1506 32.9848 73.2537 72.5217 49.8197 69.6161 81.3019 37.6563 59.5074 1.0 87.0978 27.0185 91.9239 84.214 86.3308 10.0499 39.8121 87.5344 78.7364 33.2415 57.8102 65.7747 57.7754 57.7754 57.5587 36.2215 79.0759 27.0185 95.6347 81.0247 82.9216 25.4951 49.8197 98.2286 28.2312 84.6936 101.261 22.0907 21.6333 87.8465 25.9615 93.6216 
53.6435 46.8188 89.3588 69.4929 93.145 37.3363 89.822 72.4431 12.6491 96.183 39.8246 85.1469 28.8617 70.0 116.247 110.387 56.0885 75.5844 50.251 77.4661 48.3735 55.6597 99.2975 101.538 92.6978 0.0 65.3137 54.9602 58.5235 61.0848 23.0 27.074 49.5359 66.9403 36.0139 112.226 63.0719 91.7986 24.1868 69.557 78.0577 37.054 80.0999 98.4784 57.8652 19.105 20.6155 86.5794 46.0435 32.2025 35.2278 59.8415 56.7979 62.3055 30.2655 93.386 78.3135 45.0111 22.0907 98.7407 51.182 15.2971 80.0755 76.1052 16.0 72.6705 74.4293 77.0065 77.1298 80.0999 
23.4094 46.2385 46.0977 27.4591 31.1448 54.9181 30.3645 23.0217 75.0403 39.8121 52.8029 41.2311 49.7665 74.4636 55.4707 52.811 44.3729 61.7101 23.7697 68.154 38.0789 44.4072 37.0135 46.5296 28.0179 65.3137 0.0 43.2446 49.8083 12.0416 45.5975 44.8656 26.9258 58.5896 58.6941 55.3624 46.6835 27.2029 62.0725 15.5242 81.2733 61.8142 77.7491 35.3836 17.8885 61.5224 51.0802 31.9061 32.8102 38.3906 30.8058 37.0 46.1618 17.6918 55.0833 37.4833 84.601 60.7289 57.2189 40.8044 24.3516 70.5724 27.1662 74.8613 73.6044 14.0357 11.1803 77.4331 18.3576 83.2428 
19.9752 15.0333 87.3203 14.7648 73.529 26.6983 73.4994 64.0914 67.3771 42.72 70.997 82.3234 57.5085 41.1096 66.1891 56.531 3.0 30.2627 54.0512 36.6742 7.07107 80.334 52.6308 46.5554 51.0 54.9602 43.2446 0.0 16.2788 32.0443 49.6751 52.4162 17.3965 26.6271 30.8214 57.8275 15.2361 50.0 39.3694 24.0208 48.7955 33.5418 45.8039 52.9528 25.396 41.5511 54.4153 74.9667 66.9999 38.771 33.8542 70.5648 10.0 27.296 30.2695 39.9625 51.6624 30.0666 36.5623 46.1411 55.0928 67.2194 27.313 42.638 69.2473 29.0731 54.1868 45.3431 61.5445 50.9313 
27.8208 11.7047 95.1659 24.5153 76.5572 23.4307 77.5735 71.937 71.1688 48.2701 76.6157 90.169 63.1272 25.0 72.2772 60.1664 14.2127 17.2627 61.8968 21.587 13.6015 85.9526 62.0081 49.3964 63.1506 58.5235 49.8083 16.2788 0.0 38.8516 55.2938 58.0348 25.2421 10.7703 26.8701 60.4152 8.06226 62.1691 38.6005 37.3363 32.5269 28.4253 29.6816 63.0317 33.2416 42.19 60.0339 80.6988 72.6185 44.3896 39.4728 78.4104 6.40312 36.0231 29.6816 45.8912 35.4683 21.4709 37.5899 52.1728 62.9384 72.0347 36.0139 26.4008 73.7631 42.3792 58.799 29.0689 67.1641 34.6554 
13.0 35.171 58.0517 16.505 41.4849 45.0444 41.6293 34.8281 71.647 35.3553 59.9558 53.1507 54.5539 63.5069 55.1725 49.3964 33.1726 50.7534 30.0 57.1973 26.9258 52.0874 38.2753 41.2311 32.9848 61.0848 12.0416 32.0443 38.8516 0.0 46.8893 49.6529 17.0294 47.6329 49.0102 51.4782 35.7268 32.0156 54.1363 8.60233 70.3166 52.0384 66.7924 37.5899 7.0 54.8347 52.4508 43.8292 39.9632 34.216 25.8629 45.8912 32.7031 5.65685 46.2709 32.6497 73.6443 50.01 49.9601 37.4433 31.0161 69.211 19.9249 63.9046 71.8415 11.6619 22.3607 66.4765 30.2324 72.2861 
46.165 44.5533 66.4831 61.4316 71.2909 41.1461 67.6775 49.7703 29.5466 80.9395 22.4722 62.2013 8.60233 73.6817 101.982 95.1521 50.8035 72.4602 27.9217 76.4199 43.203 34.4819 82.6098 87.3529 73.2537 23.0 45.5975 49.6751 55.2938 46.8893 0.0 4.47214 48.8601 65.3758 42.19 97.8877 58.8669 72.4944 35.3836 55.2275 82.2192 44.6542 82.2253 80.963 43.6798 31.4006 5.83095 63.8679 23.0868 15.2315 21.2788 37.3631 52.0781 48.1201 35.5106 78.1254 83.5703 50.0899 30.4138 83.5469 30.569 25.0 65.8578 78.339 28.0179 58.4807 53.244 80.0812 55.1665 84.4334 
47.914 47.2969 62.2896 62.1748 70.5589 44.7772 64.4951 46.1106 32.573 82.6884 18.7883 58.0775 5.09902 76.896 100.288 96.9628 53.5445 75.2013 28.3235 79.1855 45.944 30.0167 81.8779 87.6625 72.5217 27.074 44.8656 52.4162 58.0348 49.6529 4.47214 0.0 50.609 68.1404 46.0435 98.6317 61.6079 71.7625 39.6989 57.1293 85.44 48.6004 85.1645 80.2311 45.4287 35.805 7.61577 60.208 19.0 16.1245 23.0278 32.9848 54.8191 49.869 39.4081 79.8743 86.9253 53.7122 34.6554 84.8839 26.9093 27.2947 66.4426 81.3204 30.4138 57.5787 52.5121 83.1685 54.4346 87.6641 
4.12311 19.7231 70.2142 27.3225 57.8705 28.1603 57.28 46.9854 61.8767 47.8885 66.901 65.2174 55.6681 48.8365 69.2889 62.0926 18.5248 41.6148 36.9452 46.7538 12.0416 59.1231 53.7122 53.2439 49.8197 49.5359 26.9258 17.3965 25.2421 17.0294 48.8601 50.609 0.0 36.0119 32.0624 63.932 26.5882 48.8365 37.3631 23.4094 56.9207 35.1283 54.7303 53.4883 10.0499 38.1255 54.4216 58.1808 46.9084 36.1868 27.8237 53.4588 20.3137 13.9284 29.2746 45.0915 59.4643 33.8378 33.2508 50.4462 37.9868 61.6849 31.781 51.2762 63.7128 27.8927 38.0789 53.7519 44.9444 59.1154 
38.5906 21.0 104.256 32.8237 85.2547 30.0832 86.3548 81.2731 79.555 51.0098 86.7212 99.4274 73.2327 16.7631 74.4312 61.1882 24.2074 9.89949 72.6666 11.0454 24.3516 98.9494 66.6108 50.636 69.6161 66.9403 58.5896 26.6271 10.7703 47.6329 65.3758 68.1404 36.0119 0.0 32.6497 60.8769 15.0 68.6816 45.1885 45.9226 23.0217 33.2866 19.2094 68.0661 44.0114 49.3964 70.1142 89.4801 85.6153 54.4952 49.5784 89.1802 16.6433 44.8045 37.0 49.0102 26.4197 25.0 45.2217 55.0091 73.7082 81.0494 41.4849 16.2788 82.5651 50.9117 67.5803 19.2094 75.9454 25.0 
36.0139 17.0 98.7175 45.2217 89.8053 4.12311 88.9043 76.3217 48.2597 72.8032 64.6607 93.7411 50.774 34.0147 96.4182 86.0266 31.6228 42.19 58.4164 42.3792 23.7697 74.6536 83.4328 75.2641 81.3019 36.0139 58.6941 30.8214 26.8701 49.0102 42.19 46.0435 32.0624 32.6497 0.0 86.4097 33.6367 80.3057 12.6491 54.3323 42.19 3.16228 44.1022 83.7725 42.0119 17.2627 45.1885 88.9551 61.3196 35.609 32.249 75.5102 28.3019 45.0999 6.7082 70.0476 42.7551 9.0 14.0357 76.2613 59.7465 51.0392 57.8705 40.1123 52.0096 59.2115 69.8713 41.0 76.3833 44.2832 
59.9359 69.8752 89.1067 43.1393 57.9741 82.6677 63.3482 72.0625 122.799 16.1245 108.165 85.5862 104.263 75.6637 16.5529 3.16228 56.3791 52.6118 79.0569 60.1332 64.4242 99.4636 25.0 11.4018 37.6563 112.226 55.3624 57.8275 60.4152 51.4782 97.8877 98.6317 63.932 60.8769 86.4097 0.0 52.7731 37.4833 96.82 42.9418 78.0256 88.2957 71.0 28.1603 55.263 99.0016 103.449 70.859 88.1719 85.2145 77.0046 91.4112 59.1322 50.2195 87.7201 18.868 82.0244 81.8596 94.0128 14.5602 79.6994 120.363 32.2025 71.1126 122.993 41.7852 55.2268 74.0608 62.0 79.0 
29.1669 17.1021 92.687 20.9176 73.3487 29.8947 74.4488 69.7045 75.6459 40.2616 80.1887 87.8588 66.7002 31.305 64.2884 52.3927 12.5317 16.7631 63.2429 23.8537 15.389 89.5257 54.0 41.6293 59.5074 63.0719 46.6835 15.2361 8.06226 35.7268 58.8669 61.6079 26.5882 15.0 33.6367 52.7731 0.0 58.5299 44.686 34.0166 38.0132 35.5227 33.9411 55.0833 34.5877 47.8431 63.1766 77.5741 76.1916 47.9627 43.0459 79.7565 6.35917 32.8984 35.5377 37.855 41.3401 29.1548 43.0405 44.1475 64.2845 75.9178 28.1055 31.241 77.8469 39.0056 55.6743 34.2053 64.0394 40.0 
44.7214 65.0077 51.6236 37.6563 21.0238 76.2365 25.9615 36.1386 101.937 26.9258 77.201 48.1664 76.4003 85.4431 31.3209 34.3657 50.0899 64.846 49.0408 73.7902 57.0088 66.2118 13.0384 33.541 1.0 91.7986 27.2029 50.0 62.1691 32.0156 72.4944 71.7625 48.8365 68.6816 80.3057 37.4833 58.5299 0.0 86.122 26.0192 91.0 83.2166 85.4283 10.198 38.833 86.5946 77.9772 33.3766 57.2167 64.8754 56.8595 57.3847 56.5685 35.2278 78.0897 26.4008 94.7048 80.025 81.9458 25.0799 49.2037 97.4693 27.313 83.7735 100.501 21.095 21.095 86.9253 25.7099 92.7038 
41.4849 27.5862 97.4064 53.9022 93.0 15.2643 91.1976 76.7737 36.0139 81.7131 57.3847 92.6553 43.8406 46.0977 105.301 95.5234 40.4969 54.5894 56.3028 55.0273 32.45 69.4046 90.8742 85.5478 87.0978 24.1868 62.0725 39.3694 38.6005 54.1363 35.3836 39.6989 37.3631 45.1885 12.6491 96.82 44.686 86.122 0.0 60.7289 54.0 13.0384 56.4358 90.7579 47.2969 5.09902 37.0135 90.0969 56.1248 33.5261 32.249 71.0588 38.8973 51.2445 9.21954 78.9375 54.1479 21.3776 5.38516 85.1711 57.5847 39.4588 66.5282 52.469 40.1123 65.2534 73.0068 53.1507 78.2304 56.0089 
19.3132 39.0512 60.4649 13.6015 39.3573 50.2494 40.8044 38.0132 80.1293 26.8328 67.4322 55.7584 62.0303 61.7972 46.7547 40.8167 24.3311 45.8345 37.3363 54.7451 31.0 59.0339 30.4138 32.8938 27.0185 69.557 15.5242 24.0208 37.3363 8.60233 55.2275 57.1293 23.4094 45.9226 54.3323 42.9418 34.0166 26.0192 60.7289 0.0 68.794 57.2189 65.0821 30.0832 13.8924 61.5347 60.789 44.5533 46.9255 42.5542 34.3351 52.1536 31.3209 9.48683 52.3927 24.1661 72.0049 54.0833 56.6601 28.8444 38.2099 77.5492 12.0416 62.1943 80.1797 5.09902 22.6716 65.0821 31.241 70.8317 
59.4995 38.9487 126.845 55.6951 108.126 41.7732 109.226 103.616 90.0056 71.0211 104.178 121.848 90.4765 8.544 93.1343 79.0063 46.6905 26.6833 92.9735 18.1108 45.0 113.646 87.8009 69.1809 91.9239 78.0577 81.2733 48.7955 32.5269 70.3166 82.2192 85.44 56.9207 23.0217 42.19 78.0256 38.0132 91.0 54.0 68.794 0.0 41.0122 7.28011 89.56 64.9202 59.0085 86.1278 112.351 100.312 72.0826 67.1658 112.311 38.8973 67.4882 48.5077 69.4262 4.0 33.2415 56.2228 74.9667 94.015 93.1933 63.6946 7.28011 94.0479 73.7831 90.4517 4.12311 98.6292 2.23607 
39.0512 19.3132 101.873 47.8017 92.9139 7.0 92.0305 79.4796 49.0408 75.2757 67.1193 96.897 53.2541 33.0606 98.8907 87.9126 34.2053 43.0116 61.4008 42.5441 26.4764 77.3588 86.122 77.1501 84.214 37.054 61.8142 33.5418 28.4253 52.0384 44.6542 48.6004 35.1283 33.2866 3.16228 88.2957 35.5227 83.2166 13.0384 57.2189 41.0122 0.0 43.4166 86.4928 45.0444 18.0 47.4131 92.1141 64.0247 38.6005 35.3553 78.577 30.4138 48.0416 9.21954 72.5201 41.3038 8.544 15.5242 78.7338 62.7308 52.2398 60.4401 39.4588 53.0377 62.1289 72.9932 40.1123 79.5423 43.0465 
57.309 37.9473 123.753 51.9832 102.961 43.0116 105.514 100.77 92.3472 64.5368 103.74 118.924 90.2497 10.7703 86.2844 72.0625 43.4166 20.6155 91.385 11.7047 42.9418 113.094 81.6088 62.3939 86.3308 80.0999 77.7491 45.8039 29.6816 66.7924 82.2253 85.1645 54.7303 19.2094 44.1022 71.0 33.9411 85.4283 56.4358 65.0821 7.28011 43.4166 0.0 83.4865 62.7298 61.2944 86.4928 108.64 99.7594 71.5305 66.6138 107.899 35.805 63.964 50.0 63.0635 11.1803 35.1283 58.0345 68.4471 92.4266 95.0053 58.1378 4.0 96.0833 69.5592 86.7399 4.24264 95.105 8.0 
49.3964 67.6018 61.2944 39.1152 29.8329 79.6494 35.3553 46.3249 108.992 20.6155 86.6331 58.0345 84.3303 84.7231 21.1896 25.0 52.469 62.9365 58.2495 71.7844 60.0167 76.1577 3.16228 26.2488 10.0499 98.4784 35.3836 52.9528 63.0317 37.5899 80.963 80.2311 53.4883 68.0661 83.7725 28.1603 55.0833 10.198 90.7579 30.0832 89.56 86.4928 83.4865 0.0 43.8634 91.6114 86.4458 43.1045 66.6405 71.5614 63.2851 67.4166 58.0345 39.5601 82.3077 21.095 93.4077 82.3893 86.7368 17.6918 58.5235 105.938 27.0185 82.28 108.97 25.9422 30.8707 85.44 35.9026 91.0934 
6.0 28.4605 62.9682 18.6535 48.2701 38.0526 48.1041 39.6232 68.4375 39.2046 61.2043 58.0 50.4877 56.8499 60.4401 53.4135 26.5243 49.6143 31.2485 56.0582 20.2485 53.4264 44.2945 44.5749 39.8121 57.8652 17.8885 25.396 33.2416 7.0 43.6798 45.4287 10.0499 44.0114 42.0119 55.263 34.5877 38.833 47.2969 13.8924 64.9202 45.0444 62.7298 43.8634 0.0 47.998 49.2413 49.7393 41.2117 31.0065 22.6433 47.7621 28.3132 5.0 39.3192 36.4005 67.4796 43.1741 43.1234 41.7732 32.2901 66.0015 23.112 59.2757 68.632 18.0278 28.7924 61.7514 36.2353 67.1149 
42.2331 30.8058 94.921 56.0838 92.1358 19.3132 90.0056 74.8131 31.0644 83.8418 53.0377 90.2497 39.6989 51.0392 107.355 97.7051 42.6794 58.6003 53.8516 59.4811 34.7131 65.7343 91.8014 87.7295 87.5344 19.105 61.5224 41.5511 42.19 54.8347 31.4006 35.805 38.1255 49.3964 17.2627 99.0016 47.8431 86.5946 5.09902 61.5347 59.0085 18.0 61.2944 91.6114 47.998 0.0 32.5576 88.4595 52.6815 31.4006 31.0161 67.6155 41.8688 52.0518 12.53 81.1191 59.2115 26.1725 5.0 87.3528 55.0818 34.3657 68.7098 57.3149 35.0571 65.9794 72.2496 58.0775 77.0065 61.0328 
51.7265 49.163 69.0652 66.9931 76.7736 44.5982 71.9848 53.6004 25.0 86.501 20.5183 65.0 8.24621 77.6209 106.502 100.714 55.5436 77.2003 35.8133 81.1542 47.9431 35.1141 88.0926 92.9144 78.7364 20.6155 51.0802 54.4153 60.0339 52.4508 5.83095 7.61577 54.4216 70.1142 45.1885 103.449 63.1766 77.9772 37.0135 60.789 86.1278 47.4131 86.4928 86.4458 49.2413 32.5576 0.0 67.6831 26.1725 21.0238 26.8403 39.3192 56.8182 53.6816 38.4838 83.6869 87.2812 53.4883 32.45 89.1084 34.3991 19.7231 71.4193 82.5651 22.8254 63.7934 58.7268 84.1724 60.6493 88.3233 
55.0091 77.8203 18.2483 58.0 14.5602 85.7665 8.24621 14.1421 92.6499 59.1354 58.6686 15.0333 60.4401 105.354 63.1269 67.7422 76.0951 89.5342 36.3456 99.0445 69.7711 42.638 46.1736 66.0984 33.2415 86.5794 31.9061 74.9667 80.6988 43.8292 63.8679 60.208 58.1808 89.4801 88.9551 70.859 77.5741 33.3766 90.0969 44.5533 112.351 92.1141 108.64 43.1045 49.7393 88.4595 67.6831 0.0 41.7612 57.1402 57.8705 33.6006 74.5503 49.4065 84.4038 57.9396 115.492 91.955 84.8701 57.9741 35.5106 86.6833 53.2541 105.752 89.8443 40.4599 21.9317 108.64 13.6015 114.389 
44.2133 61.8964 43.4166 56.4164 51.1077 61.533 46.5188 27.8568 50.9902 72.5713 20.2485 39.1152 18.6815 91.7878 87.4595 85.6049 68.1282 91.2182 10.6387 96.3572 60.5277 16.5529 68.7118 79.1965 57.8102 46.0435 32.8102 66.9999 72.6185 39.9632 23.0868 19.0 46.9084 85.6153 61.3196 88.1719 76.1916 57.2167 56.1248 46.9255 100.312 64.0247 99.7594 66.6405 41.2117 52.6815 26.1725 41.7612 0.0 29.7269 36.8345 15.2643 69.9171 44.3084 54.8063 70.1801 102.07 70.1229 50.884 73.613 9.22446 44.9222 58.9669 95.9349 48.0833 46.6432 36.2356 97.8633 35.2278 102.546 
33.4918 33.6674 63.9062 48.7583 61.8872 33.2415 59.1354 43.4166 42.0119 69.1086 34.1322 59.1354 21.0454 63.5589 89.3085 83.2559 39.8993 62.7548 22.8473 65.5403 32.2988 43.061 72.4242 74.6796 65.7747 32.2025 38.3906 38.771 44.3896 34.216 15.2315 16.1245 36.1868 54.4952 35.609 85.2145 47.9627 64.8754 33.5261 42.5542 72.0826 38.6005 71.5305 71.5614 31.0065 31.4006 21.0238 57.1402 29.7269 0.0 8.60555 40.2599 41.1739 35.4468 29.6816 66.3465 73.8411 41.8939 28.1603 71.4069 24.1661 38.9487 53.2168 67.706 41.7253 45.8074 48.5166 69.6344 46.1736 74.3168 
25.1286 28.7507 72.4166 40.3951 61.131 29.4109 59.0339 44.787 45.9674 60.9611 41.2397 67.6259 28.0868 58.6421 81.025 75.1652 34.9825 57.838 31.4008 60.6235 27.382 50.1686 64.0703 66.3165 57.7754 35.2278 30.8058 33.8542 39.4728 25.8629 21.2788 23.0278 27.8237 49.5784 32.249 77.0046 43.0459 56.8595 32.249 34.3351 67.1658 35.3553 66.6138 63.2851 22.6433 31.0161 26.8403 57.8705 36.8345 8.60555 0.0 48.8337 36.7714 27.0836 26.9258 58.1641 68.9243 37.5366 27.074 63.0437 32.7308 43.6005 44.8536 62.7892 46.2277 37.4433 41.3038 64.7176 46.0435 69.4 
50.7637 73.8956 30.0666 62.3868 46.0109 73.5322 40.3113 22.2036 63.0317 76.4199 25.632 26.4764 31.1448 103.787 88.6002 88.6454 71.6932 94.7831 17.5933 99.9221 65.3002 9.21954 69.8928 83.2947 57.7754 59.8415 37.0 70.5648 78.4104 45.8912 37.3631 32.9848 53.4588 89.1802 75.5102 91.4112 79.7565 57.3847 71.0588 52.1536 112.311 78.577 107.899 67.4166 47.7621 67.6155 39.3192 33.6006 15.2643 40.2599 48.8337 0.0 73.4821 50.6952 69.8375 74.2428 114.069 82.1221 65.818 76.9415 16.179 56.2228 64.0703 103.352 59.3043 51.0098 36.6879 106.059 32.249 114.545 
22.8924 11.4018 90.2375 19.0263 70.4092 24.4131 71.425 67.0086 69.3542 46.5731 73.9143 85.2406 59.9115 31.4006 70.6062 58.7491 7.81025 21.095 56.9684 26.9258 9.05539 83.2512 57.2189 47.9865 57.5587 56.7979 46.1618 10.0 6.40312 32.7031 52.0781 54.8191 20.3137 16.6433 28.3019 59.1322 6.35917 56.5685 38.8973 31.3209 38.8973 30.4138 35.805 58.0345 28.3132 41.8688 56.8182 74.5503 69.9171 41.1739 36.7714 73.4821 0.0 29.8747 29.6985 44.1481 41.8688 24.7386 37.0135 50.448 58.01 69.5701 31.1448 32.6497 71.5122 36.4005 52.6505 35.3836 61.0156 41.0122 
9.84886 30.4327 63.7024 13.6766 46.4866 41.0488 46.9574 40.4599 72.8778 34.2053 64.3011 58.7963 53.5663 60.6784 55.6058 48.4149 22.6817 47.925 34.3452 54.3689 22.2036 56.5232 39.8121 39.598 36.2215 62.3055 17.6918 27.296 36.0231 5.65685 48.1201 49.869 13.9284 44.8045 45.0999 50.2195 32.8984 35.2278 51.2445 9.48683 67.4882 48.0416 63.964 39.5601 5.0 52.0518 53.6816 49.4065 44.3084 35.4468 27.0836 50.6952 29.8747 0.0 42.9535 31.4006 70.8159 45.3982 47.1771 36.7967 35.3868 70.4418 18.1351 61.0761 73.0723 14.1421 27.7849 63.964 35.805 69.4577 
33.3766 18.4391 93.4934 44.8023 86.209 7.07107 84.8528 71.4927 42.7551 72.6132 57.9828 88.7027 44.1022 40.1995 96.2007 86.4236 31.3847 46.0977 52.4776 47.2969 23.3238 68.1404 82.4194 76.448 79.0759 30.2655 55.0833 30.2695 29.6816 46.2709 35.5106 39.4081 29.2746 37.0 6.7082 87.7201 35.5377 78.0897 9.21954 52.3927 48.5077 9.21954 50.0 82.3077 39.3192 12.53 38.4838 84.4038 54.8063 29.6816 26.9258 69.8375 29.6985 42.9535 0.0 69.8576 49.2443 15.2971 8.24621 76.0713 53.8077 45.0111 57.4283 46.0 46.1736 57.0701 66.1891 47.0956 72.0069 50.636 
41.0954 53.228 75.8947 25.2389 47.1699 65.9593 51.4296 56.4358 103.958 2.82843 91.245 71.8401 85.843 65.2763 26.5707 17.0294 38.5167 42.7551 60.8769 51.4198 46.5617 81.8841 18.7883 9.05539 27.0185 93.386 37.4833 39.9625 45.8912 32.6497 78.1254 79.8743 45.0915 49.0102 70.0476 18.868 37.855 26.4008 78.9375 24.1661 69.4262 72.5201 63.0635 21.095 36.4005 81.1191 83.6869 57.9396 70.1801 66.3465 58.1641 74.2428 44.1481 31.4006 69.8576 0.0 73.3485 66.9508 76.1304 6.32456 61.6117 101.522 13.4536 62.1691 104.153 23.5372 39.3192 65.307 47.0744 70.8308 
62.0588 41.0488 129.404 58.9059 111.337 42.72 112.437 106.175 90.05 74.9667 105.702 124.407 91.9239 10.6301 97.1288 83.006 49.679 30.5941 96.6363 22.0907 47.5079 115.404 91.6788 73.171 95.6347 78.3135 84.601 51.6624 35.4683 73.6443 83.5703 86.9253 59.4643 26.4197 42.7551 82.0244 41.3401 94.7048 54.1479 72.0049 4.0 41.3038 11.1803 93.4077 67.4796 59.2115 87.2812 115.492 102.07 73.8411 68.9243 114.069 41.8688 70.8159 49.2443 73.3485 0.0 33.9559 56.7186 78.9177 97.9664 93.5361 67.4166 11.1803 94.2603 76.9939 93.5918 8.06226 101.957 3.60555 
37.3631 15.0333 103.492 43.2897 91.444 8.94427 91.0934 81.092 57.2189 69.3758 72.4707 98.5153 58.5918 25.02 93.4089 81.5414 30.0167 34.8281 65.2488 34.0147 23.1948 81.9456 81.7435 70.7743 81.0247 45.0111 60.7289 30.0666 21.4709 50.01 50.0899 53.7122 33.8378 25.0 9.0 81.8596 29.1548 80.025 21.3776 54.0833 33.2415 8.544 35.1283 82.3893 43.1741 26.1725 53.4883 91.955 70.1229 41.8939 37.5366 82.1221 24.7386 45.3982 15.2971 66.9508 33.9559 0.0 23.0217 73.2508 66.5789 60.0333 55.7315 31.1448 61.0082 59.139 71.8401 32.0 78.7718 35.3553 
37.3584 26.0768 92.0272 51.095 88.0227 15.2971 86.093 71.4291 34.5254 78.853 52.6308 87.2812 38.9487 48.0416 102.493 92.7163 37.6906 54.231 50.9215 55.5428 29.7321 64.2028 86.9253 82.7407 82.9216 22.0907 57.2189 36.5623 37.5899 49.9601 30.4138 34.6554 33.2508 45.2217 14.0357 94.0128 43.0405 81.9458 5.38516 56.6601 56.2228 15.5242 58.0345 86.7368 43.1234 5.0 32.45 84.8701 50.884 28.1603 27.074 65.818 37.0135 47.1771 8.24621 76.1304 56.7186 23.0217 0.0 82.364 52.2015 37.0135 63.721 54.037 38.0526 61.1048 68.0661 55.0091 73.1095 58.3095 
46.4501 59.4417 76.1577 31.3847 46.0977 72.173 50.9215 58.0086 109.313 4.0 93.6056 72.3671 89.7849 71.1126 20.2485 12.083 44.7303 48.3735 64.5136 56.8859 52.7731 84.9294 14.8661 8.60233 25.4951 98.7407 40.8044 46.1411 52.1728 37.4433 83.5469 84.8839 50.4462 55.0091 76.2613 14.5602 44.1475 25.0799 85.1711 28.8444 74.9667 78.7338 68.4471 17.6918 41.7732 87.3528 89.1084 57.9741 73.613 71.4069 63.0437 76.9415 50.448 36.7967 76.0713 6.32456 78.9177 73.2508 82.364 0.0 65.146 106.402 19.2094 67.7422 109.032 27.313 41.0122 70.859 48.1664 76.2955 
35.2917 57.7927 39.8497 47.4866 43.8292 57.4293 39.5601 21.3776 59.3883 64.0312 29.2171 35.171 27.4142 87.6842 79.2591 77.1622 56.2211 79.3111 1.41421 84.4501 49.8281 21.4392 60.5392 70.6116 49.8197 51.182 24.3516 55.0928 62.9384 31.0161 30.569 26.9093 37.9868 73.7082 59.7465 79.6994 64.2845 49.2037 57.5847 38.2099 94.015 62.7308 92.4266 58.5235 32.2901 55.0818 34.3991 35.5106 9.22446 24.1661 32.7308 16.179 58.01 35.3868 53.8077 61.6117 97.9664 66.5789 52.2015 65.146 0.0 53.6157 50.2494 88.9725 56.7767 38.0789 28.3196 90.5873 27.7849 96.1606 
68.4867 60.4152 86.2844 83.7533 95.6181 52.0384 91.2015 72.7324 7.61577 104.104 32.249 82.6075 26.2488 85.0529 124.303 118.251 68.3477 89.2693 55.03 91.7878 60.7472 50.04 107.419 109.675 98.2286 15.2971 70.5724 67.2194 72.0347 69.211 25.0 27.2947 61.6849 81.0494 51.0392 120.363 75.9178 97.4693 39.4588 77.5492 93.1933 52.2398 95.0053 105.938 66.0015 34.3657 19.7231 86.6833 44.9222 38.9487 43.6005 56.2228 69.5701 70.4418 45.0111 101.522 93.5361 60.0333 37.0135 106.402 53.6157 0.0 88.2117 91.0055 3.16228 80.8024 78.2189 92.0217 79.6606 95.2575 
27.7849 41.2311 70.2353 12.6491 45.3431 53.7587 48.1664 48.7032 90.6478 16.2788 79.4266 65.7419 74.0246 58.2409 38.9487 30.4795 26.2488 37.5899 49.366 46.5296 34.176 71.0634 26.0768 21.4709 28.2312 80.0755 27.1662 27.313 36.0139 19.9249 65.8578 66.4426 31.781 41.4849 57.8705 32.2025 28.1055 27.313 66.5282 12.0416 63.6946 60.4401 58.1378 27.0185 23.112 68.7098 71.4193 53.2541 58.9669 53.2168 44.8536 64.0703 31.1448 18.1351 57.4283 13.4536 67.4166 55.7315 63.721 19.2094 50.2494 88.2117 0.0 56.4624 90.8423 13.6015 32.2025 59.6154 40.7063 65.3911 
53.8549 34.176 120.432 49.0954 101.526 39.0128 102.627 97.4491 88.3629 63.7887 99.93 115.603 86.4002 7.2111 86.0523 72.0069 40.3609 19.4165 87.9309 11.0 39.4462 109.269 80.5233 62.0725 84.6936 76.1052 74.8613 42.638 26.4008 63.9046 78.339 81.3204 51.2762 16.2788 40.1123 71.1126 31.241 83.7735 52.469 62.1943 7.28011 39.4588 4.0 82.28 59.2757 57.3149 82.5651 105.752 95.9349 67.706 62.7892 103.352 32.6497 61.0761 46.0 62.1691 11.1803 31.1448 54.037 67.7422 88.9725 91.0055 56.4624 0.0 92.0869 67.1834 83.852 3.16228 92.2171 8.94427 
71.1173 62.0967 89.3588 86.3838 98.779 53.2353 94.3624 75.8947 5.65685 106.95 35.1283 85.7088 29.4109 86.0 126.934 121.154 70.3756 90.956 58.1909 93.2148 62.7694 53.0094 110.05 112.305 101.261 16.0 73.6044 69.2473 73.7631 71.8415 28.0179 30.4138 63.7128 82.5651 52.0096 122.993 77.8469 100.501 40.1123 80.1797 94.0479 53.0377 96.0833 108.97 68.632 35.0571 22.8254 89.8443 48.0833 41.7253 46.2277 59.3043 71.5122 73.0723 46.1736 104.153 94.2603 61.0082 38.0526 109.032 56.7767 3.16228 90.8423 92.0869 0.0 83.433 81.2509 93.0054 82.8215 96.0833 
23.7697 44.1059 56.9386 18.3576 34.4819 55.1453 36.2353 35.1141 83.2385 25.9615 66.6359 52.3546 62.4797 66.7862 43.8634 39.3954 29.4279 49.1108 37.3631 58.0213 36.0139 58.4209 26.6271 32.5576 22.0907 72.6705 14.0357 29.0731 42.3792 11.6619 58.4807 57.5787 27.8927 50.9117 59.2115 41.7852 39.0056 21.095 65.2534 5.09902 73.7831 62.1289 69.5592 25.9422 18.0278 65.9794 63.7934 40.4599 46.6432 45.8074 37.4433 51.0098 36.4005 14.1421 57.0701 23.5372 76.9939 59.139 61.1048 27.313 38.0789 80.8024 13.6015 67.1834 83.433 0.0 18.868 70.0712 27.4591 75.8208 
34.4819 57.2451 38.0789 36.0694 20.025 66.0984 19.3132 17.1172 82.7345 41.1096 56.2228 33.541 54.4253 83.4543 52.0 52.345 45.4576 67.9616 28.2843 77.1447 49.0408 45.31 33.2415 48.1664 21.6333 74.4293 11.1803 54.1868 58.799 22.3607 53.244 52.5121 38.0789 67.5803 69.8713 55.2268 55.6743 21.095 73.0068 22.6716 90.4517 72.9932 86.7399 30.8707 28.7924 72.2496 58.7268 21.9317 36.2356 48.5166 41.3038 36.6879 52.6505 27.7849 66.1891 39.3192 93.5918 71.8401 68.0661 41.0122 28.3196 78.2189 32.2025 83.852 81.2509 18.868 0.0 86.7399 8.60233 92.4895 
56.3306 36.2491 123.676 51.9832 104.414 40.1995 105.514 100.447 89.1403 66.9104 101.843 118.679 88.2326 7.07107 89.0898 75.0 43.1393 22.561 89.5457 14.0357 41.8808 111.197 83.678 65.123 87.8465 77.0065 77.4331 45.3431 29.0689 66.4765 80.0812 83.1685 53.7519 19.2094 41.0 74.0608 34.2053 86.9253 53.1507 65.0821 4.12311 40.1123 4.24264 85.44 61.7514 58.0775 84.1724 108.64 97.8633 69.6344 64.7176 106.059 35.3836 63.964 47.0956 65.307 8.06226 32.0 55.0091 70.859 90.5873 92.0217 59.6154 3.16228 93.0054 70.0712 86.7399 0.0 95.105 5.83095 
41.6293 64.4748 29.5296 44.5533 16.1555 72.6708 13.0 10.4403 84.6768 48.6621 54.4885 25.0799 53.4591 91.8194 57.0088 59.0085 62.6728 76.5603 28.178 85.5098 56.3649 41.3401 38.6394 55.7315 25.9615 77.1298 18.3576 61.5445 67.1641 30.2324 55.1665 54.4346 44.9444 75.9454 76.3833 62.0 64.0394 25.7099 78.2304 31.241 98.6292 79.5423 95.105 35.9026 36.2353 77.0065 60.6493 13.6015 35.2278 46.1736 46.0435 32.249 61.0156 35.805 72.0069 47.0744 101.957 78.7718 73.1095 48.1664 27.7849 79.6606 40.7063 92.2171 82.8215 27.4591 8.60233 95.105 0.0 100.855 
