NAME  : Jabali_70_2_0.93_1_6
TYPE : SVRP
MODEL : FINITE_SUPPORT
NUMBER_OF_SCENARIOS : 200
DIMENSION : 70
EDGE_WEIGHT_TYPE : MATRIX
CAPACITY : 223
N_VEHICLES : 2
NODE_COORD_SECTION
1 3653 4157
2 5999 2017
3 2661 1506
4 2769 1166
5 3939 4697
6 1374 3765
7 27 4775
8 6092 7218
9 2625 945
10 2402 1912
11 785 5620
12 6664 4881
13 4862 7712
14 4735 4444
15 3130 4821
16 8273 2481
17 8203 4434
18 6822 1760
19 6408 1374
20 1940 4301
21 1071 5241
22 8840 3616
23 7201 3535
24 5123 6152
25 7000 6917
26 2888 1040
27 8372 4414
28 6871 3426
29 7283 2174
30 8426 3030
31 3969 5225
32 2394 815
33 1680 6552
34 5837 7933
35 6415 5888
36 4131 6421
37 8261 4591
38 5469 6476
39 4144 8125
40 2765 6441
41 5802 3814
42 2346 868
43 4657 1464
44 6738 5918
45 8816 3450
46 489 6232
47 2962 18
48 3742 6142
49 3303 7124
50 5941 6596
51 134 5520
52 6576 4244
53 2222 6502
54 972 2356
55 4675 7213
56 8013 3993
57 2653 3510
58 6895 5125
59 2371 6028
60 1213 4067
61 264 6211
62 5992 3597
63 3694 4099
64 4325 6831
65 1735 4379
66 8230 2927
67 8362 3254
68 8111 5098
69 4826 7367
70 3852 6582
DEMAND_SECTION
1 0.0
2 10.0
3 8.0
4 8.0
5 5.0
6 7.0
7 2.0
8 6.0
9 6.0
10 8.0
11 9.0
12 4.0
13 7.0
14 1.0
15 4.0
16 7.0
17 4.0
18 2.0
19 9.0
20 5.0
21 7.0
22 8.0
23 2.0
24 2.0
25 8.0
26 10.0
27 4.0
28 8.0
29 2.0
30 3.0
31 7.0
32 1.0
33 8.0
34 10.0
35 3.0
36 6.0
37 3.0
38 7.0
39 1.0
40 9.0
41 7.0
42 9.0
43 10.0
44 6.0
45 9.0
46 4.0
47 2.0
48 10.0
49 9.0
50 9.0
51 6.0
52 6.0
53 3.0
54 3.0
55 8.0
56 10.0
57 8.0
58 10.0
59 2.0
60 2.0
61 10.0
62 2.0
63 6.0
64 10.0
65 7.0
66 6.0
67 5.0
68 2.0
69 4.0
70 7.0
DEVIATION_SECTION
1 0.0
2 3.33333
3 2.66667
4 2.66667
5 1.66667
6 2.33333
7 0.666667
8 2.0
9 2.0
10 2.66667
11 3.0
12 1.33333
13 2.33333
14 0.333333
15 1.33333
16 2.33333
17 1.33333
18 0.666667
19 3.0
20 1.66667
21 2.33333
22 2.66667
23 0.666667
24 0.666667
25 2.66667
26 3.33333
27 1.33333
28 2.66667
29 0.666667
30 1.0
31 2.33333
32 0.333333
33 2.66667
34 3.33333
35 1.0
36 2.0
37 1.0
38 2.33333
39 0.333333
40 3.0
41 2.33333
42 3.0
43 3.33333
44 2.0
45 3.0
46 1.33333
47 0.666667
48 3.33333
49 3.0
50 3.0
51 2.0
52 2.0
53 1.0
54 1.0
55 2.66667
56 3.33333
57 2.66667
58 3.33333
59 0.666667
60 0.666667
61 3.33333
62 0.666667
63 2.0
64 3.33333
65 2.33333
66 2.0
67 1.66667
68 0.666667
69 1.33333
70 2.33333
DISTANCE_MATRIX
0.0 43.8442 45.6874 45.3934 8.60233 33.1909 49.679 52.9245 52.0857 40.3757 44.1022 45.7509 50.9902 15.2971 12.0416 67.6993 61.2175 54.7607 53.278 23.7496 38.6005 70.459 49.3435 34.4384 57.8706 50.3661 62.515 46.2388 56.3162 64.9572 15.5563 54.713 42.5793 59.1692 44.3742 32.6497 61.5576 40.3113 55.0 34.3657 31.7387 54.713 38.3275 47.9418 70.3771 51.8845 57.262 28.3019 41.2311 45.2217 51.225 43.4708 38.0132 49.8842 44.5982 58.7428 18.4853 48.4708 32.0624 33.1286 53.7122 34.8823 0.0 38.2099 25.6899 67.9411 66.8838 61.4708 46.7547 33.8378 
43.8442 0.0 45.31 44.1475 46.5296 74.3887 91.0852 71.469 47.5395 47.0106 87.1606 37.7596 79.2272 38.0132 55.3909 31.0483 43.6578 11.3137 10.0499 65.0193 81.5462 43.0116 25.4951 59.0867 66.7083 44.643 44.2719 22.4722 17.088 33.0151 52.0865 50.2195 85.6931 80.7244 52.4112 66.3702 44.9444 61.7382 87.1414 75.5381 24.9588 50.2195 19.2354 52.1128 42.0 95.1771 49.0408 65.0077 79.0253 63.3552 94.1156 35.4795 80.4114 66.0303 73.7032 37.6431 50.1772 40.4599 74.7444 74.3264 96.9317 22.2184 43.8442 70.0357 67.2491 34.2345 36.0139 48.7647 75.5778 69.1809 
45.6874 45.31 0.0 7.07107 50.2406 35.0143 56.8859 89.8917 6.40312 6.08276 61.131 76.184 89.3558 49.0393 45.0124 76.2168 84.1741 55.9017 50.774 41.2263 55.2268 86.4928 65.7808 72.3858 93.3871 5.09902 85.0091 62.0052 62.3939 77.1298 54.9222 9.21954 69.6308 97.346 79.8907 70.2173 85.3377 77.6975 91.654 66.7308 71.2625 9.21954 26.9258 83.4583 85.703 70.1142 20.2485 64.8608 76.0263 81.6778 64.1249 74.7149 67.6952 24.1868 82.9952 78.7301 27.7849 78.9039 61.7772 39.0 71.0282 60.0653 45.6874 76.0351 40.7922 78.848 80.05 88.2236 85.223 70.5038 
45.3934 44.1475 7.07107 0.0 52.8394 42.0476 63.6396 93.5079 3.60555 13.1529 68.1836 76.2459 94.5372 52.6555 51.3763 75.1864 84.6774 54.0833 48.3322 48.2864 62.2896 86.4696 66.1274 76.0019 96.721 2.0 85.3558 62.3519 61.131 76.7919 60.0352 6.08276 76.4005 100.962 83.2246 76.5812 85.8411 81.3136 98.0179 73.3553 71.7658 6.08276 25.0 86.7922 85.5862 77.1622 13.4164 71.2247 82.399 85.294 71.0634 73.9658 74.4648 30.0832 88.2663 79.0768 34.4384 78.9658 68.542 46.0109 78.0577 60.5686 45.3934 82.4554 47.8539 78.2624 79.7621 88.7269 90.3102 76.8677 
8.60233 46.5296 50.2406 52.8394 0.0 36.8546 52.4786 44.5982 54.6509 44.9288 44.5533 42.7484 42.45 11.3137 10.6301 65.8927 57.9405 56.0446 56.5685 27.5136 39.6989 67.2681 46.1877 26.0 50.2494 51.9148 59.238 43.083 57.2451 61.8014 7.2111 59.2661 39.5601 50.6063 36.8674 24.4131 58.5551 31.9531 46.8722 29.0689 28.5828 59.2661 44.643 40.4349 67.2086 51.4004 64.7081 20.6155 34.2053 37.108 52.4023 40.4683 33.9559 54.4373 36.0694 55.4683 23.0384 45.4683 28.4605 36.7924 53.4135 31.7264 8.60233 29.8329 29.1548 64.7852 63.7279 58.4683 38.2099 25.9422 
33.1909 74.3887 35.0143 42.0476 36.8546 0.0 23.7065 77.2432 40.3113 29.0 26.1725 78.6274 69.095 47.4196 27.2976 100.877 93.8195 87.1883 75.8614 9.47647 20.3961 103.154 82.0381 59.0623 85.2244 40.05 95.1171 78.9334 89.494 97.6518 39.3193 41.7732 36.8917 80.6295 72.656 50.2642 94.4341 65.071 68.4775 39.4081 64.4333 41.7732 53.8393 76.2235 103.072 35.1283 54.5894 44.2009 50.774 71.0702 29.4279 76.3473 37.4833 19.105 63.144 91.4055 24.2178 81.3473 32.6497 4.12311 36.0139 67.5769 33.1909 55.8639 8.60233 100.636 99.5784 94.3473 65.3423 49.1719 
49.679 91.0852 56.8859 63.6396 52.4786 23.7065 0.0 87.8237 61.2944 51.1957 14.8661 94.9385 76.0263 63.5138 42.0595 117.403 110.131 103.885 99.7209 26.1725 15.0333 119.374 98.2585 71.0634 97.5141 61.6604 111.428 95.4589 106.191 114.177 53.3104 62.0725 32.573 89.0225 86.3771 59.4138 110.745 76.6877 72.0069 43.0465 80.6537 62.0725 77.4269 89.967 119.292 19.799 75.06 53.6004 54.3323 82.9759 10.0 92.6584 37.4833 35.0571 71.0282 107.648 40.9143 93.6386 36.0 19.7231 19.2094 84.1024 49.679 64.1249 24.0832 117.161 115.799 109.792 73.0068 57.1402 
52.9245 71.469 89.8917 93.5079 44.5982 77.2432 87.8237 0.0 95.3194 88.0882 74.9533 33.6155 17.8045 41.0488 50.636 69.1809 46.3897 74.0945 78.9323 68.2642 72.8354 60.531 51.4198 18.6815 12.8062 92.5833 47.5184 51.5461 69.6419 62.0322 39.0512 98.4729 60.1664 10.198 18.9737 28.4429 45.5412 12.6491 28.8444 46.1736 47.3511 98.4729 80.2933 20.2237 61.4003 77.4919 105.37 34.2345 37.5899 8.48528 83.4326 45.8534 53.1413 98.1528 18.868 50.01 66.7539 31.3209 52.3927 77.1622 79.712 49.673 52.9245 24.3516 69.1158 65.0077 62.0081 38.833 17.8045 31.0483 
52.0857 47.5395 6.40312 3.60555 54.6509 40.3113 61.2944 95.3194 0.0 12.083 66.4831 79.2449 95.7541 54.467 51.4107 78.5875 87.6763 57.5847 51.8941 47.0212 60.6712 89.6772 69.283 77.8134 98.1687 3.0 88.5113 65.5074 64.56 80.0625 61.3205 3.16228 75.5737 102.774 84.6724 76.6156 88.84 83.1251 98.0523 73.0616 74.7647 3.16228 28.4605 88.2399 88.8144 75.4255 14.3178 71.2591 82.4197 87.1055 69.0 76.9648 74.019 27.2029 89.3935 82.2324 34.1321 81.9648 68.101 44.1814 76.2365 63.5675 52.0857 82.4334 46.5725 81.5843 83.0241 91.7258 91.6213 76.9021 
40.3757 47.0106 6.08276 13.1529 44.9288 29.0 51.1957 88.0882 12.083 0.0 55.0818 75.5185 84.0441 47.2358 39.6989 77.4726 84.719 57.9828 53.4135 35.1485 49.163 87.0457 66.3257 70.5822 91.5836 11.1803 85.554 62.5501 63.9531 77.8167 49.6105 14.4222 63.7009 93.737 78.0872 64.9056 85.8827 75.894 86.3423 61.1411 59.4065 14.4222 29.7321 81.6548 86.275 64.0703 26.2488 59.5491 70.6045 79.8743 58.2151 74.0494 62.0969 19.8494 77.6835 79.2751 22.2036 78.2384 56.179 33.0151 65.0077 60.6102 40.3757 70.7234 34.7131 79.712 80.6985 89.4131 79.9113 65.1921 
44.1022 87.1606 61.131 68.1836 44.5533 26.1725 14.8661 74.9533 66.4831 55.0818 0.0 87.2113 62.0725 55.8659 33.9706 110.444 102.403 98.3297 96.5944 23.5372 6.08276 111.759 90.7394 59.2368 85.3815 66.1891 103.701 87.6347 100.106 106.353 43.6005 67.897 17.72 75.326 75.591 46.5725 103.018 64.5136 57.4282 29.1548 73.1345 67.897 77.3692 79.177 111.732 9.0 80.7527 41.1096 40.0125 70.8378 8.544 84.9312 23.0217 43.0813 57.4282 99.9312 38.3275 82.8527 22.561 22.3607 10.198 76.2781 44.1022 50.8035 21.3776 109.337 108.28 99.0063 59.3043 43.9318 
45.7509 37.7596 76.184 76.2459 42.7484 78.6274 94.9385 33.6155 79.2449 75.5185 87.2113 0.0 45.0444 31.4875 53.3778 38.833 24.2074 40.5217 45.359 69.1913 82.4466 35.805 19.0263 26.6041 29.6985 76.2459 25.6125 18.2483 36.4966 32.8938 44.2936 82.232 79.9506 43.6578 14.7648 40.139 24.4131 27.0185 55.0818 66.82 19.2801 82.232 52.789 14.8661 36.0555 93.6514 84.1979 53.3778 53.8324 25.9615 95.1436 12.2801 73.318 92.0424 41.1096 23.6008 63.9277 4.12311 68.8918 78.5652 95.7391 18.6819 45.7509 40.5266 71.0923 36.0555 34.0147 22.1359 42.0119 43.7443 
50.9902 79.2272 89.3558 94.5372 42.45 69.095 76.0263 17.8045 95.7541 84.0441 62.0725 45.0444 0.0 43.566 44.7772 83.2166 62.3618 84.5281 88.0568 60.407 61.0737 76.4003 64.0078 20.2485 30.6105 93.6126 63.6003 63.199 81.4282 76.531 35.4683 98.3813 45.7056 13.6015 32.3883 19.2354 61.6847 18.0278 11.1803 33.0 54.4059 98.3813 84.7823 34.9285 77.1298 63.1506 106.406 25.0799 22.3607 20.6155 70.2567 57.1536 39.2046 87.94 6.40312 65.1153 62.1536 44.0454 40.05 68.6804 65.307 57.0088 50.9902 13.4164 60.7289 79.6304 76.9415 55.3624 4.24264 19.9249 
15.2971 38.0132 49.0393 52.6555 11.3137 47.4196 63.5138 41.0488 54.467 47.2358 55.8659 31.4875 43.566 0.0 21.9317 54.579 46.6796 46.5296 48.0 38.0132 50.9902 55.9732 34.8739 24.0832 44.369 51.7309 47.9772 31.7692 47.3327 50.4877 14.5602 57.6205 50.0899 48.8365 30.8727 28.6356 47.2942 29.0689 50.3289 38.3275 17.2691 57.6205 42.72 34.4402 55.9017 62.6259 64.5172 27.0 41.0122 32.7567 63.7024 29.2074 44.0114 63.7597 37.5899 44.2074 32.8473 34.2074 38.9102 47.3573 64.6607 20.4127 15.2971 32.8938 39.8246 53.4715 52.4023 47.2074 39.4462 31.257 
12.0416 55.3909 45.0124 51.3763 10.6301 27.2976 42.0595 50.636 51.4107 39.6989 33.9706 53.3778 44.7772 21.9317 0.0 76.5079 68.5699 65.2389 65.2273 18.1108 29.0689 77.8974 56.8029 32.1403 58.0345 49.691 69.8675 53.6982 66.7822 72.4166 12.0416 54.0379 30.5941 55.0273 45.3594 25.5539 69.1845 38.2099 46.6905 22.8035 39.198 54.0379 50.1597 48.927 77.8332 41.0488 64.7488 20.0 31.0644 44.0454 41.7732 51.0977 26.0 46.1426 38.4708 66.0977 17.6918 52.5986 20.025 27.1662 43.0116 42.3417 12.0416 31.3847 19.4165 75.4004 74.3431 68.7521 40.7063 25.6125 
67.6993 31.0483 76.2168 75.1864 65.8927 100.877 117.403 69.1809 78.5875 77.4726 110.444 38.833 83.2166 54.579 76.5079 0.0 25.4951 22.0 29.0689 91.4359 105.56 15.8114 20.2485 65.3885 60.4152 75.6902 25.0599 22.8254 14.1421 7.61577 68.4763 81.2527 104.317 79.3095 51.0098 77.4951 26.8328 65.3758 93.6483 91.7061 38.0132 81.2527 50.2195 49.0408 14.4222 117.164 79.2275 78.5493 91.3948 63.0079 118.275 37.573 97.949 95.7966 79.7621 19.9249 86.1716 39.2046 93.1504 100.815 119.209 35.0 67.6993 79.3111 93.3762 5.65685 9.21954 33.6155 80.5047 80.9568 
61.2175 43.6578 84.1741 84.6774 57.9405 93.8195 110.131 46.3897 87.6763 84.719 102.403 24.2074 62.3618 46.6796 68.5699 25.4951 0.0 40.2244 47.1699 84.3834 97.6387 14.1421 18.4391 47.5079 36.0555 84.6774 1.41421 22.2036 32.6497 17.8885 59.4857 90.6635 92.8372 56.1427 30.4631 61.2944 1.41421 45.6946 73.3757 78.5866 33.9559 90.6635 61.1882 27.5136 15.0333 108.731 91.5915 64.4478 74.9466 41.7612 110.336 27.4722 85.6989 103.879 60.1664 6.40312 79.1198 21.9317 82.6825 93.7573 110.931 32.3883 61.2175 61.2944 86.2844 20.2485 16.7631 8.24621 60.407 64.8999 
54.7607 11.3137 55.9017 54.0833 56.0446 87.1883 103.885 74.0945 57.5847 57.9828 98.3297 40.5217 84.5281 46.5296 65.2389 22.0 40.2244 0.0 7.28011 77.7471 92.7152 36.1386 24.2074 64.6297 68.6003 54.7814 40.4969 22.8254 8.24621 25.9615 61.0 60.0833 95.5092 84.163 55.1543 74.0068 41.6173 66.7342 93.6483 84.7231 31.0 60.0833 29.1548 54.5619 34.9285 106.08 57.3149 73.34 87.2223 66.4831 105.285 38.2415 89.9889 77.201 79.7621 33.8378 61.4709 42.9535 84.4808 87.1261 107.981 28.0179 54.7607 77.1038 79.6874 26.3059 28.8617 46.7547 81.0494 77.0584 
53.278 10.0499 50.774 48.3322 56.5685 75.8614 99.7209 78.9323 51.8941 53.4135 96.5944 45.359 88.0568 48.0 65.2273 29.0689 47.1699 7.28011 0.0 73.655 90.98 43.4166 30.4138 67.917 74.0608 49.1935 47.5079 28.4253 15.5242 33.2415 62.1289 54.231 95.7056 89.0004 60.0106 76.2365 48.5489 70.5195 96.7507 85.5862 33.789 54.231 23.8537 59.6825 42.2019 104.611 50.636 75.0 89.0056 71.3204 102.676 43.0789 90.4268 73.0 82.9951 40.8167 58.8129 48.0208 84.7568 82.9621 106.366 31.0483 53.278 79.7863 75.8848 33.541 36.1386 53.4135 84.408 79.1012 
23.7496 65.0193 41.2263 48.2864 27.5136 9.47647 26.1725 68.2642 47.0212 35.1485 23.5372 69.1913 60.407 38.0132 18.1108 91.4359 84.3834 77.7471 73.655 0.0 17.4642 93.7123 72.5969 50.01 76.1052 46.3252 85.681 69.4922 80.0528 88.2106 30.1496 48.8484 30.4631 71.8053 63.4492 41.4849 84.998 56.0357 60.0333 31.241 54.992 48.8484 53.8516 67.0168 93.6304 32.3883 61.3225 35.4401 42.4382 62.0 29.0689 66.9112 30.0 28.3215 54.4059 81.9794 14.8661 71.9112 24.7588 9.05539 33.7343 58.1356 23.7496 47.1275 2.23607 91.1944 90.1371 84.9112 56.6127 40.4969 
38.6005 81.5462 55.2268 62.2896 39.6989 20.3961 15.0333 72.8354 60.6712 49.163 6.08276 82.4466 61.0737 50.9902 29.0689 105.56 97.6387 92.7152 90.98 17.4642 0.0 106.963 85.8546 56.3205 82.7103 60.2993 98.9362 82.7499 94.7307 101.468 39.4462 62.1691 19.4165 74.0068 72.0902 44.4072 98.2533 61.8466 57.4891 28.1603 68.2497 62.1691 71.3092 75.6439 106.888 15.0333 74.9667 38.6394 39.6232 68.1542 12.7279 80.1665 23.0868 38.0132 56.0089 95.1665 32.28 79.3295 21.0238 16.7631 16.2788 71.3934 38.6005 49.0918 15.2971 104.452 103.395 95.483 58.0 42.107 
70.459 43.0116 86.4928 86.4696 67.2681 103.154 119.374 60.531 89.6772 87.0457 111.759 35.805 76.4003 55.9732 77.8974 15.8114 14.1421 36.1386 43.4166 93.7123 106.963 0.0 22.3607 60.8358 50.0 86.7006 13.0384 26.4008 27.8927 10.198 68.8412 92.5419 104.498 70.2567 44.2719 74.4513 15.0333 59.4643 87.3613 91.3676 41.3401 92.5419 62.0322 41.4849 1.41421 118.199 92.0489 77.6021 88.1447 55.7853 119.67 36.8277 97.8655 105.844 74.0 12.2066 88.4479 34.4819 93.4393 103.091 120.287 38.9487 70.459 74.7329 95.5659 10.2956 7.28011 22.0 74.3303 78.0566 
49.3435 25.4951 65.7808 66.1274 46.1877 82.0381 98.2585 51.4198 69.283 66.3257 90.7394 19.0263 64.0078 34.8739 56.8029 20.2485 18.4391 24.2074 30.4138 72.5969 85.8546 22.3607 0.0 45.5054 44.7214 66.2841 19.2354 4.12311 18.3848 15.6205 48.5489 72.1536 84.3801 61.6117 32.5576 57.28 19.6469 46.0 74.108 71.5542 19.2094 72.1536 42.7551 31.3209 21.9545 97.4526 73.1642 58.3095 71.1688 44.4072 98.5701 17.3693 77.8974 85.1238 60.1332 13.0 67.3325 20.2237 73.2462 81.9758 99.5036 16.6433 49.3435 59.0598 74.5372 18.6011 17.6918 23.3238 61.0328 60.7289 
34.4384 59.0867 72.3858 76.0019 26.0 59.0623 71.0634 18.6815 77.8134 70.5822 59.2368 26.6041 20.2485 24.0832 32.1403 65.3885 47.5079 64.6297 67.917 50.01 56.3205 60.8358 45.5054 0.0 26.4764 75.0773 48.8774 44.0454 62.0081 59.2161 20.3961 80.967 46.6154 25.0 17.6918 14.1421 47.1699 6.08276 29.0689 32.2025 34.2053 80.967 65.4222 21.2132 61.327 63.1348 87.8636 18.3576 27.4591 12.0416 67.7791 38.1361 39.4081 79.4778 15.1327 48.8467 48.0789 26.5707 37.1214 59.0 65.3682 36.8782 34.4384 13.9284 51.0098 62.3735 60.0833 42.0119 16.4924 17.6918 
57.8706 66.7083 93.3871 96.721 50.2494 85.2244 97.5141 12.8062 98.1687 91.5836 85.3815 29.6985 30.6105 44.369 58.0345 60.4152 36.0555 68.6003 74.0608 76.1052 82.7103 50.0 44.7214 26.4764 0.0 95.6118 37.0135 45.793 63.0714 52.9528 46.0109 101.265 71.5542 20.8806 16.1245 39.0 35.0143 20.8806 41.6173 57.2713 48.2353 101.265 83.1203 14.8661 51.0098 88.6397 112.664 44.2719 49.6488 14.5602 93.9202 41.2353 64.405 104.526 31.241 40.6079 73.1269 26.2488 62.9682 85.1469 90.8735 47.6371 57.8706 35.8469 77.2334 55.7315 52.469 28.0 30.4138 42.0476 
50.3661 44.643 5.09902 2.0 51.9148 40.05 61.6604 92.5833 3.0 11.1803 66.1891 76.2459 93.6126 51.7309 49.691 75.6902 84.6774 54.7814 49.1935 46.3252 60.2993 86.7006 66.2841 75.0773 95.6118 0.0 85.5124 62.5085 61.6847 77.1038 59.6008 6.08276 74.5625 100.038 82.1154 74.8959 85.8411 80.3891 96.3326 71.5891 71.7658 6.08276 25.632 85.683 85.8429 75.1665 15.2315 69.5394 80.7138 84.3694 69.0652 73.9658 72.6269 28.2312 87.3417 79.2334 32.6497 78.9658 66.7083 44.0114 76.0592 60.5686 50.3661 80.7138 45.8912 78.6448 80.0625 88.7269 89.3856 75.1824 
62.515 44.2719 85.0091 85.3558 59.238 95.1171 111.428 47.5184 88.5113 85.554 103.701 25.6125 63.6003 47.9772 69.8675 25.0599 1.41421 40.4969 47.5079 85.681 98.9362 13.0384 19.2354 48.8774 37.0135 85.5124 0.0 23.0868 32.8024 17.4929 60.7832 91.4985 94.223 57.2189 31.7805 62.6817 2.0 47.0106 74.6324 79.9724 35.171 91.4985 61.9839 28.7924 14.0 110.117 92.3959 65.8336 76.3217 43.0116 111.633 28.7697 87.0847 104.714 61.4654 6.7082 80.4173 23.3452 84.0683 95.0548 112.229 33.541 62.515 62.6498 87.582 19.6977 16.1555 9.05539 61.6847 66.2873 
46.2388 22.4722 62.0052 62.3519 43.083 78.9334 95.4589 51.5461 65.5074 62.5501 87.6347 18.2483 63.199 31.7692 53.6982 22.8254 22.2036 22.8254 28.4253 69.4922 82.7499 26.4008 4.12311 44.0454 45.793 62.5085 23.0868 0.0 18.2483 19.105 45.6508 68.378 81.4923 61.6847 32.573 55.3173 23.3452 45.1774 73.0 68.942 15.5563 68.378 39.0512 31.7805 25.9422 94.3545 69.4262 55.9732 69.1231 44.1475 95.4654 16.0454 75.1332 81.3482 59.0 17.0294 64.2278 20.2485 70.3278 78.8711 96.3989 12.8062 46.2388 57.4282 71.4325 21.9317 21.4009 26.4008 60.0343 58.6941 
56.3162 17.088 62.3939 61.131 57.2451 89.494 106.191 69.6419 64.56 63.9531 100.106 36.4966 81.4282 47.3327 66.7822 14.1421 32.6497 8.24621 15.5242 80.0528 94.7307 27.8927 18.3848 62.0081 63.0714 61.6847 32.8024 18.2483 0.0 17.72 61.2854 67.1863 96.7996 79.8123 50.6952 72.5603 34.0588 63.4067 91.0494 84.8599 30.0832 67.1863 36.1386 49.6488 26.6833 107.636 65.123 72.5672 86.1452 62.3699 107.59 34.2746 90.8284 82.6801 77.0584 26.2488 65.9902 38.3275 85.7035 89.4318 109.531 26.9258 56.3162 75.1066 81.9931 18.1108 20.6155 39.6232 78.1601 75.8024 
64.9572 33.0151 77.1298 76.7919 61.8014 97.6518 114.177 62.0322 80.0625 77.8167 106.353 32.8938 76.531 50.4877 72.4166 7.61577 17.8885 25.9615 33.2415 88.2106 101.468 10.198 15.6205 59.2161 52.9528 77.1038 17.4929 19.105 17.72 0.0 64.0703 82.8734 99.8599 72.111 44.1814 72.2168 19.2354 58.8558 87.1321 86.8332 34.6554 82.8734 52.1536 42.0119 9.05539 113.071 82.0061 73.3924 86.1165 56.1427 114.184 32.2947 93.2952 95.9645 73.3485 12.3693 82.9462 32.7567 88.7525 97.5895 115.117 31.8904 64.9572 73.1387 90.1509 3.16228 3.0 26.0 73.9797 75.6786 
15.5563 52.0865 54.9222 60.0352 7.2111 39.3193 53.3104 39.0512 61.3205 49.6105 43.6005 44.2936 35.4683 14.5602 12.0416 68.4763 59.4857 61.0 62.1289 30.1496 39.4462 68.8412 48.5489 20.3961 46.0109 59.6008 60.7832 45.6508 61.2854 64.0703 0.0 63.9477 35.8469 44.2832 33.3861 17.2047 60.1003 26.4764 39.6611 23.7697 31.2218 63.9477 51.5461 36.9536 68.8412 49.4975 71.9039 13.6015 27.4591 32.1403 51.8652 42.0135 29.5466 59.1189 29.0689 57.0135 27.72 40.6252 24.6982 39.2046 51.6236 34.3655 15.5563 22.6716 31.4006 67.1193 65.8027 56.7787 31.241 18.7883 
54.713 50.2195 9.21954 6.08276 59.2661 41.7732 62.0725 98.4729 3.16228 14.4222 67.897 82.232 98.3813 57.6205 54.0379 81.2527 90.6635 60.0833 54.231 48.8484 62.1691 92.5419 72.1536 80.967 101.265 6.08276 91.4985 68.378 67.1863 82.8734 63.9477 0.0 77.4008 105.927 87.769 79.2428 91.8272 86.2787 100.68 75.5463 77.7519 0.0 31.0483 91.3365 91.6624 76.7919 13.0 73.8863 85.0 90.259 70.0643 79.9519 76.5021 27.4591 92.0207 85.1029 36.6197 84.9519 70.5842 45.5412 77.5242 66.5547 54.713 85.0607 48.3839 84.3445 85.8429 94.713 94.2485 79.5293 
42.5793 85.6931 69.6308 76.4005 39.5601 36.8917 32.573 60.1664 75.5737 63.7009 17.72 79.9506 45.7056 50.0899 30.5941 104.317 92.8372 95.5092 95.7056 30.4631 19.4165 104.498 84.3801 46.6154 71.5542 74.5625 94.223 81.4923 96.7996 99.8599 35.8469 77.4008 0.0 59.2284 64.0312 32.7567 92.575 51.1077 40.05 14.4222 67.0223 77.4008 80.0252 67.624 104.498 17.4642 89.7926 28.4253 23.3452 57.3062 25.0799 77.6705 7.2111 55.8032 41.7612 92.6705 42.5793 71.6499 11.1803 34.2053 19.6469 70.166 42.5793 35.8469 29.0689 102.927 101.514 87.8034 43.4166 29.5296 
59.1692 80.7244 97.346 100.962 50.6063 80.6295 89.0225 10.198 102.774 93.737 75.326 43.6578 13.6015 48.8365 55.0273 79.3095 56.1427 84.163 89.0004 71.8053 74.0068 70.2567 61.6117 25.0 20.8806 100.038 57.2189 61.6847 79.8123 72.111 44.2832 105.927 59.2284 0.0 29.1204 30.4138 55.2268 19.799 22.8035 46.1736 56.2437 105.927 89.0169 30.4138 71.1758 76.6877 112.824 36.4966 35.9026 17.8885 83.6002 55.9215 52.6118 99.4745 18.0 60.0083 71.8466 41.4849 53.0377 80.4114 78.8543 58.5656 59.1692 25.0799 72.3671 75.06 72.0069 48.3735 16.0312 32.0624 
44.3742 52.4112 79.8907 83.2246 36.8674 72.656 86.3771 18.9737 84.6724 78.0872 75.591 14.7648 32.3883 30.8727 45.3594 51.0098 30.4631 55.1543 60.0106 63.4492 72.0902 44.2719 32.5576 17.6918 16.1245 82.1154 31.7805 32.573 50.6952 44.1814 33.3861 87.769 64.0312 29.1204 0.0 31.8277 29.9666 15.2315 43.1741 49.679 33.9317 87.769 69.6239 3.60555 44.9222 80.1561 99.1676 35.609 45.0 12.0 84.0773 26.9317 56.8507 94.6112 29.7321 32.7567 59.8489 12.3693 54.0833 72.5937 82.3772 33.3335 44.3742 31.0644 64.767 47.2652 44.5533 24.4131 30.0832 35.3836 
32.6497 66.3702 70.2173 76.5812 24.4131 50.2642 59.4138 28.4429 76.6156 64.9056 46.5725 40.139 19.2354 28.6356 25.5539 77.4951 61.2944 74.0068 76.2365 41.4849 44.4072 74.4513 57.28 14.1421 39.0 74.8959 62.6817 55.3173 72.5603 72.2168 17.2047 79.2428 32.7567 30.4138 31.8277 0.0 61.0328 18.3576 22.4722 18.3576 43.0116 79.2428 68.1907 35.3553 74.9159 49.6588 89.0624 6.08276 13.9284 24.5967 55.0818 49.9222 25.5539 69.1091 13.0 62.4172 43.0151 40.1097 24.0416 50.01 51.8941 46.0435 32.6497 5.83095 41.9762 75.336 73.6182 56.0803 15.2315 3.60555 
61.5576 44.9444 85.3377 85.8411 58.5551 94.4341 110.745 45.5412 88.84 85.8827 103.018 24.4131 61.6847 47.2942 69.1845 26.8328 1.41421 41.6173 48.5489 84.998 98.2533 15.0333 19.6469 47.1699 35.0143 85.8411 2.0 23.3452 34.0588 19.2354 60.1003 91.8272 92.575 55.2268 29.9666 61.0328 0.0 45.1885 72.7324 78.3244 34.7131 91.8272 62.3699 26.9258 16.0 108.469 92.7631 64.1857 74.6257 41.1096 110.95 28.0868 85.4368 105.043 59.6154 7.81025 79.7344 21.9317 82.4204 94.3719 110.684 33.2415 61.5576 60.9016 86.899 21.5407 18.0278 7.07107 59.808 64.6375 
40.3113 61.7382 77.6975 81.3136 31.9531 65.071 76.6877 12.6491 83.1251 75.894 64.5136 27.0185 18.0278 29.0689 38.2099 65.3758 45.6946 66.7342 70.5195 56.0357 61.8466 59.4643 46.0 6.08276 20.8806 80.3891 47.0106 45.1774 63.4067 58.8558 26.4764 86.2787 51.1077 19.799 15.2315 18.3576 45.1885 0.0 28.2843 36.7151 37.1618 86.2787 69.387 18.3576 60.0833 67.9779 93.1754 23.4094 30.4138 6.32456 73.0548 39.1321 43.909 85.5464 14.5602 47.8017 54.1475 26.1725 42.1545 65.0077 70.214 39.5601 40.3113 16.2788 57.0 61.9839 59.439 39.4462 15.1327 21.6333 
55.0 87.1414 91.654 98.0179 46.8722 68.4775 72.0069 28.8444 98.0523 86.3423 57.4282 55.0818 11.1803 50.3289 46.6905 93.6483 73.3757 93.6483 96.7507 60.0333 57.4891 87.3613 74.108 29.0689 41.6173 96.3326 74.6324 73.0 91.0494 87.1321 39.6611 100.68 40.05 22.8035 43.1741 22.4722 72.7324 28.2843 0.0 29.7321 62.9682 100.68 90.532 45.8803 88.0568 57.0351 111.39 26.9072 18.0278 31.6228 65.123 67.0081 34.5254 87.3225 14.0 75.9276 64.3817 54.4518 37.0 67.5426 59.0762 65.7647 55.0 17.4642 59.9416 90.2552 87.6641 66.4831 13.1529 21.2603 
34.3657 75.5381 66.7308 73.3553 29.0689 39.4081 43.0465 46.1736 73.0616 61.1411 29.1548 66.82 33.0 38.3275 22.8035 91.7061 78.5866 84.7231 85.5862 31.241 28.1603 91.3676 71.5542 32.2025 57.2713 71.5891 79.9724 68.942 84.8599 86.8332 23.7697 75.5463 14.4222 46.1736 49.679 18.3576 78.3244 36.7151 29.7321 0.0 54.7962 75.5463 72.6911 53.2635 91.3676 31.3847 86.7698 14.1421 11.7047 42.9418 37.4833 64.5399 7.2111 58.3079 28.2843 79.5399 38.9487 57.3993 7.28011 38.0789 33.6155 57.9399 34.3657 21.8403 30.8058 89.9444 88.3843 73.5528 30.1496 15.2315 
31.7387 24.9588 71.2625 71.7658 28.5828 64.4333 80.6537 47.3511 74.7647 59.4065 73.1345 19.2801 54.4059 17.2691 39.198 38.0132 33.9559 31.0 33.789 54.992 68.2497 41.3401 19.2094 34.2053 48.2353 71.7658 35.171 15.5563 30.0832 34.6554 31.2218 77.7519 67.0223 56.2437 33.9317 43.0116 34.7131 37.1618 62.9682 54.7962 0.0 77.7519 49.2493 33.6333 41.0488 79.8543 79.7178 42.5793 56.3205 38.8744 80.9653 17.0 60.7648 78.5667 49.2443 30.4631 49.7277 22.0 55.8489 64.371 81.8988 3.16228 31.7387 46.1736 56.9323 37.4833 36.8782 35.0 50.6952 46.0977 
54.713 50.2195 9.21954 6.08276 59.2661 41.7732 62.0725 98.4729 3.16228 14.4222 67.897 82.232 98.3813 57.6205 54.0379 81.2527 90.6635 60.0833 54.231 48.8484 62.1691 92.5419 72.1536 80.967 101.265 6.08276 91.4985 68.378 67.1863 82.8734 63.9477 0.0 77.4008 105.927 87.769 79.2428 91.8272 86.2787 100.68 75.5463 77.7519 0.0 31.0483 91.3365 91.6624 76.7919 13.0 73.8863 85.0 90.259 70.0643 79.9519 76.5021 27.4591 92.0207 85.1029 36.6197 84.9519 70.5842 45.5412 77.5242 66.5547 54.713 85.0607 48.3839 84.3445 85.8429 94.713 94.2485 79.5293 
38.3275 19.2354 26.9258 25.0 44.643 53.8393 77.4269 80.2933 28.4605 29.7321 77.3692 52.789 84.7823 42.72 50.1597 50.2195 61.1882 29.1548 23.8537 53.8516 71.3092 62.0322 42.7551 65.4222 83.1203 25.632 61.9839 39.0512 36.1386 52.1536 51.5461 31.0483 80.0252 89.0169 69.6239 68.1907 62.3699 69.387 90.532 72.6911 49.2493 31.0483 0.0 72.2666 61.0737 86.122 30.4138 65.146 78.848 71.8167 82.8126 50.5089 76.1052 49.4975 78.5832 55.5788 39.0512 55.5089 70.0643 57.9479 87.5557 37.1117 38.3275 73.1247 56.0446 53.4603 55.1453 65.27 80.5764 70.2282 
47.9418 52.1128 83.4583 86.7922 40.4349 76.2235 89.967 20.2237 88.2399 81.6548 79.177 14.8661 34.9285 34.4402 48.927 49.0408 27.5136 54.5619 59.6825 67.0168 75.6439 41.4849 31.3209 21.2132 14.8661 85.683 28.7924 31.7805 49.6488 42.0119 36.9536 91.3365 67.624 30.4138 3.60555 35.3553 26.9258 18.3576 45.8803 53.2635 33.6333 91.3365 72.2666 0.0 42.2019 83.7616 102.735 39.2046 48.4149 14.3178 87.6584 26.6333 60.4401 98.1787 32.6956 30.2655 63.4164 11.6619 57.6888 76.1613 85.9826 33.0351 47.9418 34.4093 68.3345 45.0444 42.19 21.095 32.8938 38.8973 
70.3771 42.0 85.703 85.5862 67.2086 103.072 119.292 61.4003 88.8144 86.275 111.732 36.0555 77.1298 55.9017 77.8332 14.4222 15.0333 34.9285 42.2019 93.6304 106.888 1.41421 21.9545 61.327 51.0098 85.8429 14.0 25.9422 26.6833 9.05539 68.8412 91.6624 104.498 71.1758 44.9222 74.9159 16.0 60.0833 88.0568 91.3676 41.0488 91.6624 61.0737 42.2019 0.0 118.199 91.022 78.0666 88.6092 56.5155 119.604 36.8277 97.8655 105.073 74.6324 12.53 88.3661 34.8855 93.4393 103.009 120.287 38.5876 70.3771 75.2396 95.4841 8.94427 6.08276 23.0217 75.0 78.5212 
51.8845 95.1771 70.1142 77.1622 51.4004 35.1283 19.799 77.4919 75.4255 64.0703 9.0 93.6514 63.1506 62.6259 41.0488 117.164 108.731 106.08 104.611 32.3883 15.0333 118.199 97.4526 63.1348 88.6397 75.1665 110.117 94.3545 107.636 113.071 49.4975 76.7919 17.4642 76.6877 80.1561 49.6588 108.469 67.9779 57.0351 31.3847 79.8543 76.7919 86.122 83.7616 118.199 0.0 89.6772 44.7772 40.7922 74.2496 10.0 91.3713 24.3516 51.5461 59.203 106.371 47.0744 87.5437 26.0768 31.257 2.23607 82.998 51.8845 53.1413 30.2655 116.057 114.978 103.697 60.8769 46.6154 
57.262 49.0408 20.2485 13.4164 64.7081 54.5894 75.06 105.37 14.3178 26.2488 80.7527 84.1979 106.406 64.5172 64.7488 79.2275 91.5915 57.3149 50.636 61.3225 74.9667 92.0489 73.1642 87.8636 112.664 15.2315 92.3959 69.4262 65.123 82.0061 71.9039 13.0 89.7926 112.824 99.1676 89.0624 92.7631 93.1754 111.39 86.7698 79.7178 13.0 30.4138 102.735 91.022 89.6772 0.0 84.5972 95.7715 97.1557 83.0542 81.9178 87.857 40.3113 100.135 85.9884 47.8539 86.9178 81.939 58.4209 90.4489 68.5206 57.262 94.3241 60.8769 83.0241 85.0059 95.6493 102.179 90.2402 
28.3019 65.0077 64.8608 71.2247 20.6155 44.2009 53.6004 34.2345 71.2591 59.5491 41.1096 53.3778 25.0799 27.0 20.0 78.5493 64.4478 73.34 75.0 35.4401 38.6394 77.6021 58.3095 18.3576 44.2719 69.5394 65.8336 55.9732 72.5672 73.3924 13.6015 73.8863 28.4253 36.4966 35.609 6.08276 64.1857 23.4094 26.9072 14.1421 42.5793 73.8863 65.146 39.2046 78.0666 44.7772 84.5972 0.0 14.0357 29.7321 49.6488 51.0977 21.2603 63.0459 18.9737 65.5679 37.6431 43.2605 18.7883 43.9318 47.0106 45.7056 28.3019 11.7047 35.9026 76.5115 74.9421 59.414 21.1896 5.65685 
41.2311 79.0253 76.0263 82.399 34.2053 50.774 54.3323 37.5899 82.4197 70.6045 40.0125 53.8324 22.3607 41.0122 31.0644 91.3948 74.9466 87.2223 89.0056 42.4382 39.6232 88.1447 71.1688 27.4591 49.6488 80.7138 76.3217 69.1231 86.1452 86.1165 27.4591 85.0 23.3452 35.9026 45.0 13.9284 74.6257 30.4138 18.0278 11.7047 56.3205 85.0 78.848 48.4149 88.6092 40.7922 95.7715 14.0357 0.0 36.1248 48.0416 63.8218 17.0 69.6273 18.7883 76.1106 48.4149 53.8031 18.9737 49.6488 42.9535 59.4138 41.2311 14.1421 42.19 89.2356 87.3116 69.4046 20.2485 10.4403 
45.2217 63.3552 81.6778 85.294 37.108 71.0702 82.9759 8.48528 87.1055 79.8743 70.8378 25.9615 20.6155 32.7567 44.0454 63.0079 41.7612 66.4831 71.3204 62.0 68.1542 55.7853 44.4072 12.0416 14.5602 84.3694 43.0116 44.1475 62.3699 56.1427 32.1403 90.259 57.3062 17.8885 12.0 24.5967 41.1096 6.32456 31.6228 42.9418 38.8744 90.259 71.8167 14.3178 56.5155 74.2496 97.1557 29.7321 36.1248 0.0 79.3788 38.2415 50.1199 91.0477 18.868 44.5533 59.6488 24.1868 48.4665 71.007 76.4853 41.1964 45.2217 22.0227 63.0317 59.2115 56.4358 34.9285 18.7883 27.7849 
51.225 94.1156 64.1249 71.0634 52.4023 29.4279 10.0 83.4326 69.0 58.2151 8.544 95.1436 70.2567 63.7024 41.7732 118.275 110.336 105.285 102.676 29.0689 12.7279 119.67 98.5701 67.7791 93.9202 69.0652 111.633 95.4654 107.59 114.184 51.8652 70.0643 25.0799 83.6002 84.0773 55.0818 110.95 73.0548 65.123 37.4833 80.9653 70.0643 82.8126 87.6584 119.604 10.0 83.0542 49.6488 48.0416 79.3788 0.0 92.8635 31.0644 43.7379 65.7647 107.864 43.8863 91.3309 31.0483 25.318 9.21954 84.1089 51.225 59.2284 26.8328 117.168 116.11 107.484 67.6018 52.3927 
43.4708 35.4795 74.7149 73.9658 40.4683 76.3473 92.6584 45.8534 76.9648 74.0494 84.9312 12.2801 57.1536 29.2074 51.0977 37.573 27.4722 38.2415 43.0789 66.9112 80.1665 36.8277 17.3693 38.1361 41.2353 73.9658 28.7697 16.0454 34.2746 32.2947 42.0135 79.9519 77.6705 55.9215 26.9317 49.9222 28.0868 39.1321 67.0081 64.5399 17.0 79.9519 50.5089 26.6333 36.8277 91.3713 81.9178 51.0977 63.8218 38.2415 92.8635 0.0 71.0379 90.5733 53.0104 25.0 61.6476 15.0 66.6117 76.2851 93.459 16.4018 43.4708 51.6905 68.8122 35.4138 33.8444 28.0 54.0102 53.3839 
38.0132 80.4114 67.6952 74.4648 33.9559 37.4833 37.4833 53.1413 74.019 62.0969 23.0217 73.318 39.2046 44.0114 26.0 97.949 85.6989 89.9889 90.4268 30.0 23.0868 97.8655 77.8974 39.4081 64.405 72.6269 87.0847 75.1332 90.8284 93.2952 29.5466 76.5021 7.2111 52.6118 56.8507 25.5539 85.4368 43.909 34.5254 7.2111 60.7648 76.5021 76.1052 60.4401 97.8655 24.3516 87.857 21.2603 17.0 50.1199 31.0644 71.0379 0.0 56.5862 34.9285 86.0379 40.1622 64.5116 6.08276 35.4683 26.5707 63.9085 38.0132 28.7924 29.0689 96.3846 94.8823 80.6652 36.6742 22.3607 
49.8842 66.0303 24.1868 30.0832 54.4373 19.105 35.0571 98.1528 27.2029 19.8494 43.0813 92.0424 87.94 63.7597 46.1426 95.7966 103.879 77.201 73.0 28.3215 38.0132 105.844 85.1238 79.4778 104.526 28.2312 104.714 81.3482 82.6801 95.9645 59.1189 27.4591 55.8032 99.4745 94.6112 69.1091 105.043 85.5464 87.3225 58.3079 78.5667 27.4591 49.4975 98.1787 105.073 51.5461 40.3113 63.0459 69.6273 91.0477 43.7379 90.5733 56.5862 0.0 81.989 98.0732 31.6973 94.7623 51.6624 21.6333 51.923 79.7704 49.8842 74.7089 27.5862 97.8611 99.4966 108.573 84.1873 68.0169 
44.5982 73.7032 82.9952 88.2663 36.0694 63.144 71.0282 18.868 89.3935 77.6835 57.4282 41.1096 6.40312 37.5899 38.4708 79.7621 60.1664 79.7621 82.9951 54.4059 56.0089 74.0 60.1332 15.1327 31.241 87.3417 61.4654 59.0 77.0584 73.3485 29.0689 92.0207 41.7612 18.0 29.7321 13.0 59.6154 14.5602 14.0 28.2843 49.2443 92.0207 78.5832 32.6956 74.6324 59.203 100.135 18.9737 18.7883 18.868 65.7647 53.0104 34.9285 81.989 0.0 62.3618 55.793 40.6079 35.0571 62.8172 61.4003 51.9711 44.5982 7.28011 54.8179 76.4853 73.9797 53.6656 2.23607 14.1421 
58.7428 37.6431 78.7301 79.0768 55.4683 91.4055 107.648 50.01 82.2324 79.2751 99.9312 23.6008 65.1153 44.2074 66.0977 19.9249 6.40312 33.8378 40.8167 81.9794 95.1665 12.2066 13.0 48.8467 40.6079 79.2334 6.7082 17.0294 26.2488 12.3693 57.0135 85.1029 92.6705 60.0083 32.7567 62.4172 7.81025 47.8017 75.9276 79.5399 30.4631 85.1029 55.5788 30.2655 12.53 106.371 85.9884 65.5679 76.1106 44.5533 107.864 25.0 86.0379 98.0732 62.3618 0.0 76.7318 22.3607 81.6117 91.3432 108.459 28.4605 58.7428 62.7694 83.8498 15.1327 12.0 13.8924 62.8172 66.0225 
18.4853 50.1772 27.7849 34.4384 23.0384 24.2178 40.9143 66.7539 34.1321 22.2036 38.3275 63.9277 62.1536 32.8473 17.6918 86.1716 79.1198 61.4709 58.8129 14.8661 32.28 88.4479 67.3325 48.0789 73.1269 32.6497 80.4173 64.2278 65.9902 82.9462 27.72 36.6197 42.5793 71.8466 59.8489 43.0151 79.7344 54.1475 64.3817 38.9487 49.7277 36.6197 39.0512 63.4164 88.3661 47.0744 47.8539 37.6431 48.4149 59.6488 43.8863 61.6476 40.1622 31.6973 55.793 76.7318 0.0 66.6476 34.176 24.1555 48.5077 52.8713 18.4853 48.833 17.088 85.9301 84.8728 79.6476 58.0208 43.2782 
48.4708 40.4599 78.9039 78.9658 45.4683 81.3473 93.6386 31.3209 81.9648 78.2384 82.8527 4.12311 44.0454 34.2074 52.5986 39.2046 21.9317 42.9535 48.0208 71.9112 79.3295 34.4819 20.2237 26.5707 26.2488 78.9658 23.3452 20.2485 38.3275 32.7567 40.6252 84.9519 71.6499 41.4849 12.3693 40.1097 21.9317 26.1725 54.4518 57.3993 22.0 84.9519 55.5089 11.6619 34.8855 87.5437 86.9178 43.2605 53.8031 24.1868 91.3309 15.0 64.5116 94.7623 40.6079 22.3607 66.6476 0.0 61.4952 81.2851 89.7585 21.4018 48.4708 40.4969 73.8122 35.9026 33.5261 18.7883 41.3038 43.7151 
32.0624 74.7444 61.7772 68.542 28.4605 32.6497 36.0 52.3927 68.101 56.179 22.561 68.8918 40.05 38.9102 20.025 93.1504 82.6825 84.4808 84.7568 24.7588 21.0238 93.4393 73.2462 37.1214 62.9682 66.7083 84.0683 70.3278 85.7035 88.7525 24.6982 70.5842 11.1803 53.0377 54.0833 24.0416 82.4204 42.1545 37.0 7.28011 55.8489 70.5842 70.0643 57.6888 93.4393 26.0768 81.939 18.7883 18.9737 48.4665 31.0483 66.6117 6.08276 51.6624 35.0571 81.6117 34.176 61.4952 0.0 31.0644 28.3019 58.9925 32.0624 28.2843 24.0832 91.8096 90.4434 77.6487 37.0135 21.3776 
33.1286 74.3264 39.0 46.0109 36.7924 4.12311 19.7231 77.1622 44.1814 33.0151 22.3607 78.5652 68.6804 47.3573 27.1662 100.815 93.7573 87.1261 82.9621 9.05539 16.7631 103.091 81.9758 59.0 85.1469 44.0114 95.0548 78.8711 89.4318 97.5895 39.2046 45.5412 34.2053 80.4114 72.5937 50.01 94.3719 65.0077 67.5426 38.0789 64.371 45.5412 57.9479 76.1613 103.009 31.257 58.4209 43.9318 49.6488 71.007 25.318 76.2851 35.4683 21.6333 62.8172 91.3432 24.1555 81.2851 31.0644 0.0 32.0624 67.5146 33.1286 55.5428 8.06226 100.573 99.5161 94.2851 65.0 48.7647 
53.7122 96.9317 71.0282 78.0577 53.4135 36.0139 19.2094 79.712 76.2365 65.0077 10.198 95.7391 65.307 64.6607 43.0116 119.209 110.931 107.981 106.366 33.7343 16.2788 120.287 99.5036 65.3682 90.8735 76.0592 112.229 96.3989 109.531 115.117 51.6236 77.5242 19.6469 78.8543 82.3772 51.8941 110.684 70.214 59.0762 33.6155 81.8988 77.5242 87.5557 85.9826 120.287 2.23607 90.4489 47.0106 42.9535 76.4853 9.21954 93.459 26.5707 51.923 61.4003 108.459 48.5077 89.7585 28.3019 32.0624 0.0 85.0424 53.7122 55.3624 31.5753 118.101 117.034 105.912 63.0635 48.8467 
34.8823 22.2184 60.0653 60.5686 31.7264 67.5769 84.1024 49.673 63.5675 60.6102 76.2781 18.6819 57.0088 20.4127 42.3417 35.0 32.3883 28.0179 31.0483 58.1356 71.3934 38.9487 16.6433 36.8782 47.6371 60.5686 33.541 12.8062 26.9258 31.8904 34.3655 66.5547 70.166 58.5656 33.3335 46.0435 33.2415 39.5601 65.7647 57.9399 3.16228 66.5547 37.1117 33.0351 38.5876 82.998 68.5206 45.7056 59.4138 41.1964 84.1089 16.4018 63.9085 79.7704 51.9711 28.4605 52.8713 21.4018 58.9925 67.5146 85.0424 0.0 34.8823 49.0918 60.076 34.6554 34.2053 34.1321 53.3667 49.163 
0.0 43.8442 45.6874 45.3934 8.60233 33.1909 49.679 52.9245 52.0857 40.3757 44.1022 45.7509 50.9902 15.2971 12.0416 67.6993 61.2175 54.7607 53.278 23.7496 38.6005 70.459 49.3435 34.4384 57.8706 50.3661 62.515 46.2388 56.3162 64.9572 15.5563 54.713 42.5793 59.1692 44.3742 32.6497 61.5576 40.3113 55.0 34.3657 31.7387 54.713 38.3275 47.9418 70.3771 51.8845 57.262 28.3019 41.2311 45.2217 51.225 43.4708 38.0132 49.8842 44.5982 58.7428 18.4853 48.4708 32.0624 33.1286 53.7122 34.8823 0.0 38.2099 25.6899 67.9411 66.8838 61.4708 46.7547 33.8378 
38.2099 70.0357 76.0351 82.4554 29.8329 55.8639 64.1249 24.3516 82.4334 70.7234 50.8035 40.5266 13.4164 32.8938 31.3847 79.3111 61.2944 77.1038 79.7863 47.1275 49.0918 74.7329 59.0598 13.9284 35.8469 80.7138 62.6498 57.4282 75.1066 73.1387 22.6716 85.0607 35.8469 25.0799 31.0644 5.83095 60.9016 16.2788 17.4642 21.8403 46.1736 85.0607 73.1247 34.4093 75.2396 53.1413 94.3241 11.7047 14.1421 22.0227 59.2284 51.6905 28.7924 74.7089 7.28011 62.7694 48.833 40.4969 28.2843 55.5428 55.3624 49.0918 38.2099 0.0 47.5395 76.2961 74.0058 55.4707 9.48683 7.0 
25.6899 67.2491 40.7922 47.8539 29.1548 8.60233 24.0832 69.1158 46.5725 34.7131 21.3776 71.0923 60.7289 39.8246 19.4165 93.3762 86.2844 79.6874 75.8848 2.23607 15.2971 95.5659 74.5372 51.0098 77.2334 45.8912 87.582 71.4325 81.9931 90.1509 31.4006 48.3839 29.0689 72.3671 64.767 41.9762 86.899 57.0 59.9416 30.8058 56.9323 48.3839 56.0446 68.3345 95.4841 30.2655 60.8769 35.9026 42.19 63.0317 26.8328 68.8122 29.0689 27.5862 54.8179 83.8498 17.088 73.8122 24.0832 8.06226 31.5753 60.076 25.6899 47.5395 0.0 93.1347 92.0774 86.8122 57.0088 40.8044 
67.9411 34.2345 78.848 78.2624 64.7852 100.636 117.161 65.0077 81.5843 79.712 109.337 36.0555 79.6304 53.4715 75.4004 5.65685 20.2485 26.3059 33.541 91.1944 104.452 10.2956 18.6011 62.3735 55.7315 78.6448 19.6977 21.9317 18.1108 3.16228 67.1193 84.3445 102.927 75.06 47.2652 75.336 21.5407 61.9839 90.2552 89.9444 37.4833 84.3445 53.4603 45.0444 8.94427 116.057 83.0241 76.5115 89.2356 59.2115 117.168 35.4138 96.3846 97.8611 76.4853 15.1327 85.9301 35.9026 91.8096 100.573 118.101 34.6554 67.9411 76.2961 93.1347 0.0 3.60555 28.4605 77.1038 78.7977 
66.8838 36.0139 80.05 79.7621 63.7279 99.5784 115.799 62.0081 83.0241 80.6985 108.28 34.0147 76.9415 52.4023 74.3431 9.21954 16.7631 28.8617 36.1386 90.1371 103.395 7.28011 17.6918 60.0833 52.469 80.0625 16.1555 21.4009 20.6155 3.0 65.8027 85.8429 101.514 72.0069 44.5533 73.6182 18.0278 59.439 87.6641 88.3843 36.8782 85.8429 55.1453 42.19 6.08276 114.978 85.0059 74.9421 87.3116 56.4358 116.11 33.8444 94.8823 99.4966 73.9797 12.0 84.8728 33.5261 90.4434 99.5161 117.034 34.2053 66.8838 74.0058 92.0774 3.60555 0.0 25.0 74.5252 77.2235 
61.4708 48.7647 88.2236 88.7269 58.4683 94.3473 109.792 38.833 91.7258 89.4131 99.0063 22.1359 55.3624 47.2074 68.7521 33.6155 8.24621 46.7547 53.4135 84.9112 95.483 22.0 23.3238 42.0119 28.0 88.7269 9.05539 26.4008 39.6232 26.0 56.7787 94.713 87.8034 48.3735 24.4131 56.0803 7.07107 39.4462 66.4831 73.5528 35.0 94.713 65.27 21.095 23.0217 103.697 95.6493 59.414 69.4046 34.9285 107.484 28.0 80.6652 108.573 53.6656 13.8924 79.6476 18.7883 77.6487 94.2851 105.912 34.1321 61.4708 55.4707 86.8122 28.4605 25.0 0.0 53.7122 59.6657 
46.7547 75.5778 85.223 90.3102 38.2099 65.3423 73.0068 17.8045 91.6213 79.9113 59.3043 42.0119 4.24264 39.4462 40.7063 80.5047 60.407 81.0494 84.408 56.6127 58.0 74.3303 61.0328 16.4924 30.4138 89.3856 61.6847 60.0343 78.1601 73.9797 31.241 94.2485 43.4166 16.0312 30.0832 15.2315 59.808 15.1327 13.1529 30.1496 50.6952 94.2485 80.5764 32.8938 75.0 60.8769 102.179 21.1896 20.2485 18.7883 67.6018 54.0102 36.6742 84.1873 2.23607 62.8172 58.0208 41.3038 37.0135 65.0 63.0635 53.3667 46.7547 9.48683 57.0088 77.1038 74.5252 53.7122 0.0 16.2788 
