NAME  : Jabali_70_2_0.95_1_6
TYPE : SVRP
MODEL : FINITE_SUPPORT
NUMBER_OF_SCENARIOS : 200
DIMENSION : 70
EDGE_WEIGHT_TYPE : MATRIX
CAPACITY : 207
N_VEHICLES : 2
NODE_COORD_SECTION
1 4424 3898
2 5336 6841
3 4730 2473
4 2281 5012
5 6738 5768
6 5825 2906
7 3880 6590
8 7083 4986
9 5939 1323
10 27 3012
11 2655 2849
12 2078 3600
13 1535 7655
14 7750 6787
15 2244 4814
16 1094 5054
17 5957 428
18 867 4010
19 1782 7242
20 6154 18
21 276 4664
22 860 1531
23 5746 4627
24 7580 3756
25 1834 7373
26 934 2363
27 5822 3248
28 4326 5626
29 3786 4935
30 4464 7050
31 3330 6971
32 5402 1462
33 1512 3669
34 2233 1215
35 2725 1169
36 2580 775
37 4200 4295
38 2968 2740
39 7670 5565
40 1255 4195
41 3567 2483
42 1077 6679
43 2770 4266
44 7816 5908
45 7402 3654
46 5438 3638
47 2653 5725
48 7033 3704
49 818 4368
50 6863 5447
51 6889 6223
52 3770 5990
53 3605 3042
54 7261 6742
55 4845 6022
56 937 1416
57 2343 4351
58 5155 674
59 1062 7022
60 3149 2330
61 6126 5590
62 6732 4307
63 1111 3490
64 2983 526
65 6574 4142
66 4681 754
67 606 2837
68 1730 4141
69 4556 3798
70 850 7306
DEMAND_SECTION
1 0.0
2 9.0
3 7.0
4 10.0
5 3.0
6 10.0
7 3.0
8 1.0
9 7.0
10 6.0
11 4.0
12 9.0
13 7.0
14 7.0
15 7.0
16 5.0
17 1.0
18 7.0
19 7.0
20 3.0
21 4.0
22 9.0
23 2.0
24 6.0
25 3.0
26 1.0
27 2.0
28 10.0
29 3.0
30 10.0
31 5.0
32 2.0
33 1.0
34 8.0
35 5.0
36 6.0
37 8.0
38 9.0
39 6.0
40 3.0
41 9.0
42 3.0
43 8.0
44 3.0
45 6.0
46 3.0
47 5.0
48 6.0
49 10.0
50 6.0
51 1.0
52 9.0
53 10.0
54 2.0
55 4.0
56 10.0
57 6.0
58 6.0
59 5.0
60 9.0
61 1.0
62 7.0
63 10.0
64 1.0
65 2.0
66 7.0
67 4.0
68 10.0
69 8.0
70 8.0
DEVIATION_SECTION
1 0.0
2 3.0
3 2.33333
4 3.33333
5 1.0
6 3.33333
7 1.0
8 0.333333
9 2.33333
10 2.0
11 1.33333
12 3.0
13 2.33333
14 2.33333
15 2.33333
16 1.66667
17 0.333333
18 2.33333
19 2.33333
20 1.0
21 1.33333
22 3.0
23 0.666667
24 2.0
25 1.0
26 0.333333
27 0.666667
28 3.33333
29 1.0
30 3.33333
31 1.66667
32 0.666667
33 0.333333
34 2.66667
35 1.66667
36 2.0
37 2.66667
38 3.0
39 2.0
40 1.0
41 3.0
42 1.0
43 2.66667
44 1.0
45 2.0
46 1.0
47 1.66667
48 2.0
49 3.33333
50 2.0
51 0.333333
52 3.0
53 3.33333
54 0.666667
55 1.33333
56 3.33333
57 2.0
58 2.0
59 1.66667
60 3.0
61 0.333333
62 2.33333
63 3.33333
64 0.333333
65 0.666667
66 2.33333
67 1.33333
68 3.33333
69 2.66667
70 2.66667
DISTANCE_MATRIX
0.0 41.7732 19.0263 30.6888 43.8542 21.6333 36.6879 40.4997 40.2244 65.9339 27.7312 39.9173 62.9365 62.3691 30.2983 46.2677 51.9711 48.4265 57.28 57.4543 55.759 57.3149 22.2127 39.0161 57.9828 52.5744 19.6977 23.1948 15.8114 42.19 43.382 35.7771 48.9789 47.551 45.0029 50.039 5.83095 25.4951 55.5296 43.5079 21.944 57.9828 26.3312 57.9257 38.1496 13.3417 33.4215 33.0799 48.709 44.8098 48.8434 29.1548 16.4012 57.0918 29.1548 58.0517 28.8508 45.5412 61.0328 26.4909 35.2947 30.2044 53.8799 51.5558 27.9731 43.9318 58.177 37.7413 1.41421 65.215 
41.7732 0.0 60.407 48.2701 23.8537 53.9351 19.9249 32.5269 75.505 86.977 66.2126 63.4114 53.0848 33.0151 49.5782 62.434 87.8635 70.0928 49.0102 92.6499 73.7835 95.619 31.3209 50.7507 49.0 85.5258 50.01 21.095 32.7567 12.0416 27.074 73.437 65.307 88.0227 86.0233 91.0934 37.6431 65.0 35.3412 65.1153 63.0709 57.8705 49.4993 35.7351 48.5361 44.2832 39.4462 46.919 69.029 27.0185 23.0868 23.6008 56.921 27.0 13.0 96.3092 51.7397 84.2912 58.3095 67.3573 21.4009 37.9825 70.208 92.6827 47.2677 84.006 82.2192 60.1082 42.5793 61.0737 
19.0263 60.407 0.0 43.6557 55.9834 18.3848 55.3173 48.056 26.0768 63.992 34.0319 45.0433 78.2315 73.9817 43.2653 59.2346 36.0694 61.1714 72.6194 41.7253 71.5669 51.2714 34.0 42.9418 73.4164 50.632 20.2485 42.19 33.5261 61.2046 61.3514 19.8494 54.1049 34.8873 29.8176 33.9347 24.3311 30.387 59.6985 57.0681 24.8182 71.6341 39.2982 64.1078 43.0465 20.0 48.4164 38.2753 63.148 52.7853 60.9725 47.5395 21.2267 69.5083 48.0416 52.2494 41.8177 27.7849 74.9886 24.7301 47.4236 37.7607 59.0058 33.541 35.5294 25.2982 56.235 51.8343 18.0 79.2263 
30.6888 48.2701 43.6557 0.0 59.9562 52.0336 30.8058 65.7438 68.4492 39.0512 29.1204 19.105 37.5766 76.9675 2.0 16.1245 79.2801 21.9317 32.311 84.911 26.5707 50.6952 52.5402 69.4991 33.2415 39.2173 50.3652 29.0689 20.2237 40.6079 30.6757 62.889 19.4165 51.2445 52.1728 56.8859 26.4764 31.6208 71.7022 17.0294 40.1941 29.0 12.7279 74.0983 68.5009 43.9664 11.4018 63.4697 20.8087 60.9823 63.6946 24.7588 32.372 71.1126 37.2156 50.9608 8.544 71.9152 32.6497 37.2776 52.5601 60.5319 23.7697 60.8769 58.3006 67.0304 35.3553 13.0 31.981 36.8782 
43.8542 23.8537 55.9834 59.9562 0.0 41.2435 39.6232 10.4403 61.2046 96.5769 70.0597 72.3728 74.7329 19.105 60.7074 75.7585 73.0274 80.4294 70.0357 77.026 86.5247 99.5373 22.1359 29.1548 70.214 94.4821 37.4537 31.4006 40.6445 34.9285 48.2701 61.1882 74.5012 89.5677 85.8709 89.988 42.4212 67.5896 12.1655 75.4688 63.9607 77.0584 58.4556 14.1421 26.9258 36.689 54.4518 26.4764 80.3294 4.12311 6.32456 39.0128 58.4293 14.7648 25.02 100.298 60.893 72.1803 78.3135 68.5076 8.56062 19.105 79.4022 89.5206 21.2132 73.5235 91.4249 69.7924 42.9253 81.6149 
21.6333 53.9351 18.3848 52.0336 41.2435 0.0 55.4451 32.6956 21.587 81.1806 42.9779 55.1641 84.2912 58.6941 51.6431 67.6125 33.9559 71.2922 78.6448 38.8973 81.6877 67.6879 23.0217 24.6982 79.3095 67.8211 4.0 41.1156 36.7967 59.3012 63.0547 20.0998 64.2257 51.3038 46.2341 50.2494 27.0185 40.5078 43.909 67.1889 41.2346 79.6116 47.676 48.3735 25.0 10.2956 55.0 20.5183 73.2688 37.6431 47.5451 48.6356 31.3475 55.6597 44.4342 68.6658 50.1956 31.1448 82.662 41.1466 36.1248 22.4722 69.1266 48.9183 20.2485 32.28 73.4237 61.9551 20.2485 86.8389 
36.6879 19.9249 55.3173 30.8058 39.6232 55.4451 0.0 46.2469 76.0263 69.814 54.8479 48.3322 35.171 52.469 32.45 43.4166 88.1419 52.6308 30.4138 93.4719 54.8179 80.695 37.7659 65.0607 30.5941 69.3743 52.6309 14.4222 22.0907 9.89949 8.94427 72.2357 49.3935 77.1271 76.3217 81.3941 31.0483 54.3323 51.788 47.8017 55.0818 38.2099 35.2032 53.2353 64.0625 45.6556 20.5183 59.0313 50.9313 41.4854 41.0122 8.0 48.0104 46.3897 15.2315 80.9823 36.2491 82.2192 39.0 58.0345 33.8378 56.0936 54.2033 84.0536 53.8623 80.5233 66.0379 43.566 37.9473 42.107 
40.4997 32.5269 48.056 65.7438 10.4403 32.6956 46.2469 0.0 51.6236 103.985 66.2588 78.0898 81.4174 26.0 66.495 81.5462 63.1981 86.2171 76.5784 67.0075 92.3124 95.7364 28.6532 18.7883 76.8027 91.102 29.0689 37.221 46.4322 42.5703 55.0532 52.2015 80.2182 82.4665 77.3968 81.5139 48.1382 63.7886 12.0416 81.2564 60.1597 83.2174 64.1726 16.2788 16.5529 28.6532 60.3013 16.1245 86.117 6.32456 16.0312 45.0567 54.6283 23.3452 31.277 96.497 66.6806 63.0635 84.6019 64.7066 14.2777 10.2956 85.1192 80.7835 12.53 64.846 96.2279 75.5801 39.5708 87.9955 
40.2244 75.505 26.0768 68.4492 61.2046 21.587 76.0263 51.6236 0.0 78.6469 48.6869 62.1301 102.728 77.1298 68.0588 84.0282 12.3693 78.4206 97.0824 17.4642 88.8161 65.2763 44.4072 37.5766 97.8366 65.2763 25.4951 61.7414 56.0357 79.9298 83.3547 7.07107 71.3541 47.676 41.7732 43.9659 46.0435 45.0419 61.4003 74.3174 39.4731 96.4277 64.0917 65.8027 39.0 31.6228 72.9178 36.4005 80.3972 57.3149 67.3647 68.9638 46.0202 74.9667 66.0117 66.2722 66.6113 12.8062 99.7732 39.385 57.0351 42.107 72.3255 40.3113 40.05 17.2047 70.89 76.6278 38.833 104.011 
65.9339 86.977 63.992 39.0512 96.5769 81.1806 69.814 103.985 78.6469 0.0 38.2755 32.302 64.6297 113.7 37.5366 29.4109 83.8495 17.2047 61.3922 88.8651 21.0 22.4722 86.5576 102.365 62.3699 13.8924 80.6652 66.7083 55.866 79.6492 68.6003 71.5994 23.7065 36.6197 41.6773 43.6005 60.3286 40.9023 108.252 22.0227 48.7076 51.2445 40.2029 110.648 100.846 75.3673 49.6488 95.8012 19.6977 97.5324 100.276 63.7024 50.2876 108.016 75.1665 21.9545 35.609 72.7324 55.1453 43.0563 89.1102 93.6895 17.8885 49.4065 91.4582 67.0671 8.06226 26.9072 66.0513 58.0086 
27.7312 66.2126 34.0319 29.1204 70.0597 42.9779 54.8479 66.2588 48.6869 38.2755 0.0 13.4536 66.4831 88.5747 27.2029 35.4963 54.6302 29.97 61.3514 59.9729 40.3655 29.6985 48.4182 64.1621 62.2977 24.9159 42.4624 45.3174 33.8588 63.113 57.0351 41.6393 22.9035 23.1948 23.1948 28.0713 29.439 4.12311 77.9012 25.8668 13.1529 56.4358 19.0263 84.1313 63.5882 37.8798 39.3192 58.492 31.9466 71.0153 74.7025 46.9574 12.083 83.2339 53.2263 30.4138 20.6155 43.9393 60.4152 9.43398 61.5002 55.9635 27.8045 31.7805 53.7322 39.0512 30.5185 20.6329 27.8486 64.4981 
39.9173 63.4114 45.0433 19.105 72.3728 55.1641 48.3322 78.0898 62.1301 32.302 13.4536 0.0 54.8283 89.496 17.1172 22.7908 68.0735 17.2645 50.01 73.4161 27.66 41.4996 60.541 75.1511 50.9902 30.1789 54.6486 42.6274 31.6619 57.7062 49.4773 55.0826 10.198 32.7567 34.5398 38.8973 36.1245 17.2047 84.0482 13.1613 25.824 44.0092 14.8661 86.4443 74.8292 49.3507 30.4138 69.7846 19.2412 73.3284 76.0722 41.1825 24.2711 83.8122 51.1127 41.7869 12.083 57.3826 48.0525 22.8035 64.9061 67.673 15.099 43.4626 65.4417 52.4976 27.1217 7.92745 40.0347 52.0564 
62.9365 53.0848 78.2315 37.5766 74.7329 84.2912 35.171 81.4174 102.728 64.6297 66.4831 54.8283 0.0 86.0233 39.3954 36.0 113.851 50.01 5.65685 119.474 43.9318 83.0542 72.4594 100.055 5.0 71.0634 81.6884 46.9574 47.5079 41.0488 26.4764 97.4526 54.3415 87.5843 89.1852 93.6803 57.3149 69.1383 86.885 47.2652 74.3764 13.6015 49.7393 88.1192 99.0573 74.7149 29.8329 94.0261 46.0109 76.6559 75.6637 38.0132 67.1534 80.0562 50.2892 83.0241 46.0977 105.998 10.2956 74.7952 68.9638 91.0884 56.4358 98.0306 88.857 104.548 65.0077 47.2969 64.3506 10.0 
62.3691 33.0151 73.9817 76.9675 19.105 58.6941 52.469 26.0 77.1298 113.7 88.5747 89.496 86.0233 0.0 77.8203 92.477 88.2836 97.6166 82.0244 91.6624 103.47 118.052 40.6509 41.0488 82.0061 111.605 55.0364 47.927 57.8383 45.0 60.075 78.1089 91.6244 108.083 104.386 108.503 59.5444 86.1045 16.0312 92.6607 82.4756 90.6697 75.5788 12.0416 39.1152 54.5788 70.214 40.7922 97.4936 21.6333 13.6015 54.1202 76.9442 6.08276 40.1622 118.813 78.0868 88.8876 91.2688 87.0225 27.0756 36.2491 96.5254 106.709 38.4838 90.824 108.548 86.9862 61.4402 94.0851 
30.2983 49.5782 43.2653 2.0 60.7074 51.6431 32.45 66.495 68.0588 37.5366 27.2029 17.1172 39.3954 77.8203 0.0 16.0 78.8897 20.5183 34.176 84.5206 25.9615 48.7647 52.1552 68.9587 35.1141 37.3363 49.9748 30.0167 20.6155 42.2019 32.573 62.4985 17.4642 49.2544 50.2195 54.9181 26.1744 29.7543 72.4534 15.5563 38.3276 30.4795 11.4018 74.8495 68.1159 43.576 13.3417 63.0847 19.7231 61.7335 64.4748 26.1725 31.9816 72.0069 38.2753 49.0408 6.7082 70.0486 34.2053 35.4111 53.3113 60.1469 21.9317 58.9406 57.9156 65.1639 33.6155 11.1803 31.5905 38.4187 
46.2677 62.434 59.2346 16.1245 75.7585 67.6125 43.4166 81.5462 84.0282 29.4109 35.4963 22.7908 36.0 92.477 16.0 0.0 89.8903 14.0357 32.249 95.2329 11.4018 47.0956 68.1245 84.928 33.2415 35.1283 65.9442 44.5982 36.3456 53.2635 40.4599 76.8994 20.8087 53.5397 57.3803 60.4789 42.1437 38.905 87.5046 12.083 47.4783 23.3452 25.9615 89.9007 84.0852 59.5453 23.0217 78.9917 10.0499 76.7847 79.3788 38.9487 45.9254 86.539 52.3927 47.0425 19.9249 79.1994 27.4591 44.5619 68.3624 76.1163 21.1896 65.934 73.885 74.3147 29.0172 14.8661 47.5599 31.0483 
51.9711 87.8635 36.0694 79.2801 73.0274 33.9559 88.1419 63.1981 12.3693 83.8495 54.6302 68.0735 113.851 88.2836 78.8897 89.8903 0.0 84.364 108.231 5.65685 94.7595 68.2642 56.7186 47.8017 109.018 70.342 37.855 73.9256 67.7422 92.1471 95.2943 16.4012 77.2975 50.1597 44.1814 45.0111 57.8014 50.9853 72.3671 80.2607 45.4165 107.259 74.9226 76.6877 49.4773 43.9659 84.0238 47.5184 86.3406 69.0652 79.1012 80.9506 56.851 86.4696 77.8944 69.2604 77.4421 11.1803 110.613 45.3284 69.1926 54.0 78.2689 40.1995 52.0096 17.1172 76.0925 75.0269 50.6063 114.851 
48.4265 70.0928 61.1714 21.9317 80.4294 71.2922 52.6308 86.2171 78.4206 17.2047 29.97 17.2645 50.01 97.6166 20.5183 14.0357 84.364 0.0 46.0977 89.7066 12.2066 33.0606 70.2833 86.4875 47.0956 21.095 70.7767 50.2195 39.8246 62.482 51.4782 71.3731 11.4018 40.3243 44.1649 47.2635 44.3025 33.3787 92.1755 5.0 41.9521 37.3363 25.0 94.5715 85.3182 61.7041 32.45 80.4178 4.47214 81.4556 84.1994 46.669 40.3992 91.9239 58.6003 33.0151 19.6977 73.2393 41.4367 39.0356 73.0333 78.2751 8.48528 52.7186 76.0437 68.7517 15.1327 10.7703 49.7187 44.911 
57.28 49.0102 72.6194 32.311 70.0357 78.6448 30.4138 76.5784 97.0824 61.3922 61.3514 50.01 5.65685 82.0244 34.176 32.249 108.231 46.0977 0.0 113.851 41.1096 79.0063 67.3575 94.425 1.0 67.0075 76.0592 41.6293 41.8688 37.054 22.0227 91.8314 49.6488 82.7647 84.2021 88.7694 51.6624 63.9267 82.201 43.0116 68.8158 12.0416 44.2945 83.6002 93.4268 69.029 24.2074 88.3956 42.2966 71.8169 71.2531 32.6956 61.5928 76.0066 45.3542 79.0253 40.8534 100.386 10.2956 69.5836 64.0312 85.4579 52.0865 93.0054 83.2265 98.5971 61.2046 42.5793 58.6941 12.1655 
57.4543 92.6499 41.7253 84.911 77.026 38.8973 93.4719 67.0075 17.4642 88.8651 59.9729 73.4161 119.474 91.6624 84.5206 95.2329 5.65685 89.7066 113.851 0.0 100.102 72.6911 61.3922 50.8035 114.634 75.2861 42.72 79.2023 73.2462 97.3929 100.722 22.0227 82.6401 54.5894 48.6621 49.0918 63.2851 56.3279 75.6637 85.6034 50.7591 112.889 80.5535 79.9062 52.6118 49.0408 89.6437 51.0882 91.6832 73.0068 83.0 86.3539 62.482 90.1388 83.3141 73.6817 83.0731 16.1555 116.244 50.671 77.6615 58.1378 83.6115 44.0 56.2228 21.8403 81.1124 80.3695 56.0803 120.482 
55.759 73.7835 71.5669 26.5707 86.5247 81.6877 54.8179 92.3124 88.8161 21.0 40.3655 27.66 43.9318 103.47 25.9615 11.4018 94.7595 12.2066 41.1096 100.102 0.0 41.7612 77.6159 94.4193 42.0595 30.4631 75.4355 55.5428 46.5725 64.6607 51.6624 81.7686 23.2594 51.614 55.5055 58.6003 51.6351 43.7742 98.2708 14.5602 52.3476 30.4138 34.0 100.667 93.5766 69.0367 34.4093 88.4831 8.544 87.5509 90.2497 50.2494 50.7947 97.5756 63.5059 41.4849 28.0179 83.6348 34.2345 49.4311 79.1287 85.6076 20.6155 64.0592 83.3763 79.1472 23.4094 20.2237 57.0512 37.0135 
57.3149 95.619 51.2714 50.6952 99.5373 67.6879 80.695 95.7364 65.2763 22.4722 29.6985 41.4996 83.0542 118.052 48.7647 47.0956 68.2642 33.0606 79.0063 72.6911 41.7612 0.0 77.8958 92.2609 80.0062 12.0 70.3819 74.8298 63.8643 90.2584 81.3227 58.4209 31.3209 18.1108 24.0832 24.0416 59.0306 32.0156 107.379 36.0555 38.9487 70.3491 46.2508 111.788 92.6729 67.3574 62.0967 87.9695 37.2156 100.493 104.18 73.7388 41.2311 112.826 83.3151 1.0 44.8858 57.1402 74.4312 33.121 90.9778 85.4411 27.2947 29.7321 83.2098 51.1566 18.4391 37.855 57.3847 77.7817 
22.2127 31.3209 34.0 52.5402 22.1359 23.0217 37.7659 28.6532 44.4072 86.5576 48.4182 60.541 72.4594 40.6509 52.1552 68.1245 56.7186 70.2833 67.3575 61.3922 77.6159 77.8958 0.0 27.325 67.6766 73.198 19.0263 26.8567 35.6136 37.4433 46.6983 43.0116 69.6026 67.374 63.8143 67.9314 26.2957 45.9481 33.8114 65.3647 41.767 73.2396 48.1881 36.2075 26.3268 14.5602 49.9435 21.2956 70.5658 23.0915 27.1251 35.0468 36.7877 35.6608 22.8825 78.6565 50.7076 54.037 74.8453 46.866 13.6015 18.3579 74.5036 67.5352 16.1266 54.5894 78.8006 59.5982 21.2837 78.3973 
39.0161 50.7507 42.9418 69.4991 29.1548 24.6982 65.0607 18.7883 37.5766 102.365 64.1621 75.1511 100.055 41.0488 68.9587 84.928 47.8017 86.4875 94.425 50.8035 94.4193 92.2609 27.325 0.0 95.0621 89.0053 22.8473 54.1516 52.5725 60.7611 73.9931 40.2244 84.2127 75.8768 70.8025 74.6525 43.0992 61.6919 25.02 81.5689 58.063 96.056 64.9915 29.1548 2.23607 26.3059 71.134 6.08276 86.77 25.0799 34.2053 64.1867 52.5316 40.1995 50.1773 93.2389 67.5111 50.1199 98.9137 65.7196 32.4685 15.2643 89.1137 72.8629 15.2315 53.2541 94.6079 75.8024 38.0526 103.039 
57.9828 49.0 73.4164 33.2415 70.214 79.3095 30.5941 76.8027 97.8366 62.3699 62.2977 50.9902 5.0 82.0061 35.1141 33.2415 109.018 47.0956 1.0 114.634 42.0595 80.0062 67.6766 95.0621 0.0 68.0074 76.6942 42.0476 42.5206 37.0135 22.0907 92.6175 50.636 83.7437 85.1645 89.7385 52.345 64.8607 82.3772 44.0114 69.6517 12.8062 45.1774 83.7257 94.0639 69.7215 25.0 89.0327 43.2897 72.0412 71.3442 33.1059 62.4286 76.0 45.607 80.025 41.7852 101.183 10.8167 70.5175 64.2884 86.0949 53.0848 93.9628 83.8636 99.4329 62.2013 43.566 59.397 12.3693 
52.5744 85.5258 50.632 39.2173 94.4821 67.8211 69.3743 91.102 65.2763 13.8924 24.9159 30.1789 71.0634 111.605 37.3363 35.1283 70.342 21.095 67.0075 75.2861 30.4631 12.0 73.198 89.0053 68.0074 0.0 67.3056 64.7367 53.7712 78.9315 69.8928 58.2151 20.1246 22.8035 27.7849 29.8329 54.2822 27.5427 106.158 24.0832 35.3481 58.4209 38.0799 108.554 88.4314 62.723 50.5964 83.3352 25.318 95.4376 98.1815 62.5232 36.9281 105.921 73.222 12.0416 33.5652 59.203 62.514 29.6968 87.0154 80.8067 15.5242 35.609 78.5754 53.4509 7.2111 26.2488 52.6918 65.9242 
19.6977 50.01 20.2485 50.3652 37.4537 4.0 52.6309 29.0689 25.4951 80.6652 42.4624 54.6486 81.6884 55.0364 49.9748 65.9442 37.855 70.7767 76.0592 42.72 75.4355 70.3819 19.0263 22.8473 76.6942 67.3056 0.0 38.3013 34.2053 55.1594 60.2404 24.0832 63.7102 53.9978 48.9281 53.0377 24.6982 39.9923 40.4969 64.5259 36.3634 77.5242 46.0077 44.9444 22.8254 7.07107 52.6972 18.0278 70.6058 33.8571 43.7552 45.8214 30.832 51.8799 40.5972 71.3599 48.5273 35.1283 80.455 43.8406 32.1403 18.7883 68.6112 52.0096 16.5529 36.1386 72.9082 57.4178 18.3848 84.5991 
23.1948 21.095 42.19 29.0689 31.4006 41.1156 14.4222 37.221 61.7414 66.7083 45.3174 42.6274 46.9574 47.927 30.0167 44.5982 73.9256 50.2195 41.6293 79.2023 55.5428 74.8298 26.8567 54.1516 42.0476 64.7367 38.3013 0.0 11.6619 19.0263 22.6274 58.1893 44.7558 67.3573 65.7343 70.8308 18.0 44.2719 43.1794 45.2217 43.2897 46.6905 28.7102 45.5412 53.1534 31.326 23.0868 48.1222 49.7393 32.4595 34.7851 8.94427 36.6742 42.0476 8.48528 75.5201 31.1448 68.4105 48.5077 47.0744 24.0208 45.1844 49.6232 72.8354 42.9531 67.082 61.6459 39.8246 24.3311 52.2015 
15.8114 32.7567 33.5261 20.2237 40.6445 36.7967 22.0907 46.4322 56.0357 55.866 33.8588 31.6619 47.5079 57.8383 20.6155 36.3456 67.7422 39.8246 41.8688 73.2462 46.5725 63.8643 35.6136 52.5725 42.5206 53.7712 34.2053 11.6619 0.0 29.4279 27.8568 51.4782 33.7903 56.0446 54.7449 59.8415 10.0 32.9848 52.3906 34.8855 33.0151 43.8634 17.7447 54.7867 51.5743 27.2029 18.7883 46.5431 39.9249 41.6707 44.4145 14.1421 26.0192 52.1536 20.0 64.5546 20.2485 60.9262 46.5296 36.2215 33.2485 43.6053 38.6913 62.2013 41.374 58.8218 50.714 29.1548 17.2047 50.6063 
42.19 12.0416 61.2046 40.6079 34.9285 59.3012 9.89949 42.5703 79.9298 79.6492 63.113 57.7062 41.0488 45.0 42.2019 53.2635 92.1471 62.482 37.054 97.3929 64.6607 90.2584 37.4433 60.7611 37.0135 78.9315 55.1594 19.0263 29.4279 0.0 15.2971 76.6551 58.9507 85.3756 84.1724 89.2693 37.0135 62.3699 46.8188 57.6281 62.1289 46.3249 44.1616 47.5395 58.5465 49.5116 30.4138 58.7101 60.8276 37.5899 34.9285 16.5529 55.3263 39.0128 14.7648 90.9487 45.6508 87.0976 46.5296 65.6201 30.8058 55.7724 63.8122 91.5478 53.5411 85.9884 75.7166 53.2541 43.2897 49.163 
43.382 27.074 61.3514 30.6757 48.2701 63.0547 8.94427 55.0532 83.3547 68.6003 57.0351 49.4773 26.4764 60.075 32.573 40.4599 95.2943 51.4782 22.0227 100.722 51.6624 81.3227 46.6983 73.9931 22.0907 69.8928 60.2404 22.6274 27.8568 15.2971 0.0 79.1581 50.0212 80.1561 80.0062 85.0 37.5766 58.0345 60.4152 46.9574 60.0167 31.0483 38.0132 61.6604 72.9949 53.2651 19.3132 67.9637 49.0918 50.2892 49.2544 14.4222 52.7731 54.037 24.1661 81.6088 37.6563 88.7694 31.257 62.2896 42.72 65.026 54.4243 88.1419 62.7947 86.6487 65.7951 43.6578 44.7214 34.0147 
35.7771 73.437 19.8494 62.889 61.1882 20.0998 72.2357 52.2015 7.07107 71.5994 41.6393 55.0826 97.4526 78.1089 62.4985 76.8994 16.4012 71.3731 91.8314 22.0227 81.7686 58.4209 43.0116 40.2244 92.6175 58.2151 24.0832 58.1893 51.4782 76.6551 79.1581 0.0 64.3066 41.0 35.171 37.6962 41.5933 37.9944 62.7694 67.2698 32.4256 90.8674 58.5314 67.2309 41.3401 29.1548 67.624 38.0132 73.3497 57.4891 67.4685 64.8845 40.4599 75.4321 62.4127 59.4138 61.051 11.0454 94.2218 32.3375 56.2228 42.2019 65.278 34.4819 40.025 13.0384 63.8424 62.036 34.4384 98.4595 
48.9789 65.307 54.1049 19.4165 74.5012 64.2257 49.3935 80.2182 71.3541 23.7065 22.9035 10.198 54.3415 91.6244 17.4642 20.8087 77.2975 11.4018 49.6488 82.6401 23.2594 31.3209 69.6026 84.2127 50.636 20.1246 63.7102 44.7558 33.7903 58.9507 50.0212 64.3066 0.0 42.954 44.6591 49.0649 38.2529 26.3122 86.1767 9.21954 34.8856 43.0813 18.099 88.5727 83.8907 58.4123 30.8058 78.8462 14.7648 75.4568 78.2006 42.5423 33.3327 85.9406 53.2411 31.6228 13.5843 66.6066 47.1699 31.9691 67.0345 76.7345 5.83095 53.5655 74.5032 61.6852 17.6918 7.07107 49.0963 51.0784 
47.551 88.0227 34.8873 51.2445 89.5677 51.3038 77.1271 82.4665 47.676 36.6197 23.1948 32.7567 87.5843 108.083 49.2544 53.5397 50.1597 40.3243 82.7647 54.5894 51.614 18.1108 67.374 75.8768 83.7437 22.8035 53.9978 67.3573 56.0446 85.3756 80.1561 41.0 42.954 0.0 6.0 7.07107 50.5668 23.0868 94.1089 41.5131 26.4008 76.6647 42.19 98.5182 76.2888 54.7575 62.0322 71.7998 44.794 90.5233 94.5569 69.2367 31.305 103.093 75.0267 19.105 43.0465 39.0512 80.7853 21.095 81.0082 72.1712 32.3523 12.8062 69.9399 33.0606 29.7321 40.6834 47.434 84.5247 
45.0029 86.0233 29.8176 52.1728 85.8709 46.2341 76.3217 77.3968 41.7732 41.6773 23.1948 34.5398 89.1852 104.386 50.2195 57.3803 44.1814 44.1649 84.2021 48.6621 55.5055 24.0832 63.8143 70.8025 85.1645 27.7849 48.9281 65.7343 54.7449 84.1724 80.0062 35.171 44.6591 6.0 0.0 5.09902 48.3839 22.0227 89.0392 45.3538 23.2594 78.4702 42.0476 93.4485 71.2191 49.6879 62.514 66.7301 48.6346 86.8264 90.86 68.3593 29.1204 99.3958 73.0821 25.0799 43.7379 33.0606 82.5135 18.6815 77.3114 67.1015 36.193 8.94427 64.8702 27.074 34.4093 42.3885 44.8858 86.5175 
50.039 91.0934 33.9347 56.8859 89.988 50.2494 81.3941 81.5139 43.9659 43.6005 28.0713 38.8973 93.6803 108.503 54.9181 60.4789 45.0111 47.2635 88.7694 49.0918 58.6003 24.0416 67.9314 74.6525 89.7385 29.8329 53.0377 70.8308 59.8415 89.2693 85.0 37.6962 49.0649 7.07107 5.09902 0.0 53.4509 27.074 93.1563 48.4524 28.2312 82.876 47.0106 97.5656 75.1665 53.8049 67.3647 70.7672 51.7332 86.2431 94.9771 73.437 34.2053 103.513 78.1601 25.0 48.5077 34.1321 86.9194 23.7697 81.4284 71.2186 39.2916 5.83095 68.9872 28.1603 36.7967 46.7943 49.922 90.9233 
5.83095 37.6431 24.3311 26.4764 42.4212 27.0185 31.0483 48.1382 46.0435 60.3286 29.439 36.1245 57.3149 59.5444 26.1744 42.1437 57.8014 44.3025 51.6624 63.2851 51.6351 59.0306 26.2957 43.0992 52.345 54.2822 24.6982 18.0 10.0 37.0135 37.5766 41.5933 38.2529 50.5668 48.3839 53.4509 0.0 27.7849 54.0966 39.3839 25.4951 52.8394 22.2073 56.4927 42.2564 17.8885 28.0179 37.1629 44.585 43.3767 46.1206 23.4094 19.3132 53.8606 24.7386 59.7606 24.7268 51.264 55.7584 29.7321 34.9545 34.2874 43.1539 55.109 32.0561 49.4773 55.1766 33.6174 7.2111 59.9083 
25.4951 65.0 30.387 31.6208 67.5896 40.5078 54.3323 63.7886 45.0419 40.9023 4.12311 17.2047 69.1383 86.1045 29.7543 38.905 50.9853 33.3787 63.9267 56.3279 43.7742 32.0156 45.9481 61.6919 64.8607 27.5427 39.9923 44.2719 32.9848 62.3699 58.0345 37.9944 26.3122 23.0868 22.0227 27.074 27.7849 0.0 75.4311 29.2755 9.05539 59.4323 20.8562 79.8404 61.118 35.4097 41.4678 56.0218 35.3553 68.5451 72.5787 46.3897 9.21954 80.8271 52.0 32.8024 23.0769 40.2944 63.3677 5.65685 59.0301 53.4933 31.2132 30.1496 51.262 35.3836 33.1453 24.0416 25.4558 67.4891 
55.5296 35.3412 59.6985 71.7022 12.1655 43.909 51.788 12.0416 61.4003 108.252 77.9012 84.0482 86.885 16.0312 72.4534 87.5046 72.3671 92.1755 82.201 75.6637 98.2708 107.379 33.8114 25.02 82.3772 106.158 40.4969 43.1794 52.3906 46.8188 60.4152 62.7694 86.1767 94.1089 89.0392 93.1563 54.0966 75.4311 0.0 87.2148 71.8022 89.1403 70.131 4.47214 23.0868 40.2956 66.2597 25.0 92.0754 11.1803 12.8062 51.0098 66.2707 15.8114 37.1214 108.139 72.639 73.3894 90.4489 76.349 20.2361 22.0227 91.0776 92.4175 24.2074 75.6439 103.1 81.5385 51.2132 93.771 
43.5079 65.1153 57.0681 17.0294 75.4688 67.1889 47.8017 81.2564 74.3174 22.0227 25.8668 13.1613 47.2652 92.6607 15.5563 12.083 80.2607 5.0 43.0116 85.6034 14.5602 36.0555 65.3647 81.5689 44.0114 24.0832 64.5259 45.2217 34.8855 57.6281 46.9574 67.2698 9.21954 41.5131 45.3538 48.4524 39.3839 29.2755 87.2148 0.0 37.8488 35.171 20.3961 89.6109 81.3017 56.7855 27.7849 76.2319 6.08276 76.4949 79.2388 41.7253 36.2959 86.954 53.6004 36.1248 14.8661 69.5698 39.2938 34.9323 68.0727 73.3565 9.21954 53.9074 71.1251 64.6485 18.9737 6.08276 44.8001 43.0116 
21.944 63.0709 24.8182 40.1941 63.9607 41.2346 55.0818 60.1597 39.4731 48.7076 13.1529 25.824 74.3764 82.4756 38.3276 47.4783 45.4165 41.9521 68.8158 50.7591 52.3476 38.9487 41.767 58.063 69.6517 35.3481 36.3634 43.2897 33.0151 62.1289 60.0167 32.4256 34.8856 26.4008 23.2594 28.2312 25.4951 9.05539 71.8022 37.8488 0.0 68.0056 35.2375 76.2115 57.4891 31.7808 44.8072 52.3929 43.9287 64.9162 68.9498 47.0956 7.28011 77.4856 50.2195 39.8246 31.6502 34.7256 71.941 5.83095 55.4012 49.8644 38.8444 29.6142 47.6331 29.8408 40.9507 32.615 21.8269 76.0624 
57.9828 57.8705 71.6341 29.0 77.0584 79.6116 38.2099 83.2174 96.4277 51.2445 56.4358 44.0092 13.6015 90.6697 30.4795 23.3452 107.259 37.3363 12.0416 112.889 30.4138 70.3491 73.2396 96.056 12.8062 58.4209 77.5242 46.6905 43.8634 46.3249 31.0483 90.8674 43.0813 76.6647 78.4702 82.876 52.8394 59.4323 89.1403 35.171 68.0056 0.0 41.7253 91.0055 95.0579 70.7107 25.0799 90.0266 33.1361 78.4559 79.0569 38.2099 60.3505 84.5931 52.0384 70.2567 37.0135 99.7267 4.12311 65.0892 70.3491 87.0889 44.3847 87.3766 84.8576 94.842 52.0865 36.2491 59.3633 8.06226 
26.3312 49.4993 39.2982 12.7279 58.4556 47.676 35.2032 64.1726 64.0917 40.2029 19.0263 14.8661 49.7393 75.5788 11.4018 25.9615 74.9226 25.0 44.2945 80.5535 34.0 46.2508 48.1881 64.9915 45.1774 38.0799 46.0077 28.7102 17.7447 44.1616 38.0132 58.5314 18.099 42.19 42.0476 47.0106 22.2073 20.8562 70.131 20.3961 35.2375 41.7253 0.0 72.5271 64.1488 39.6089 20.8806 59.0553 26.1725 59.4111 62.155 27.6234 28.0145 69.895 37.1955 46.9411 6.08276 67.0643 45.3431 36.6769 50.9889 56.1798 23.0 50.416 53.9485 65.0188 35.0227 14.3178 27.6234 49.5782 
57.9257 35.7351 64.1078 74.0983 14.1421 48.3735 53.2353 16.2788 65.8027 110.648 84.1313 86.4443 88.1192 12.0416 74.8495 89.9007 76.6877 94.5715 83.6002 79.9062 100.667 111.788 36.2075 29.1548 83.7257 108.554 44.9444 45.5412 54.7867 47.5395 61.6604 67.2309 88.5727 98.5182 93.4485 97.5656 56.4927 79.8404 4.47214 89.6109 76.2115 91.0055 72.5271 0.0 27.2947 44.7049 68.593 29.4109 94.4715 14.3178 12.6491 53.0848 70.68 13.0384 39.0128 112.549 75.0351 77.8332 92.1358 80.7583 22.6321 26.4008 93.4737 96.8349 28.6007 80.1124 105.496 83.9346 56.9968 95.3362 
38.1496 48.5361 43.0465 68.5009 26.9258 25.0 64.0625 16.5529 39.0 100.846 63.5882 74.8292 99.0573 39.1152 68.1159 84.0852 49.4773 85.3182 93.4268 52.6118 93.5766 92.6729 26.3268 2.23607 94.0639 88.4314 22.8254 53.1534 51.5743 58.5465 72.9949 41.3401 83.8907 76.2888 71.2191 75.1665 42.2564 61.118 23.0868 81.3017 57.4891 95.0579 64.1488 27.2947 0.0 25.7099 70.1358 5.09902 86.5265 22.8473 32.0156 63.1885 51.9577 38.1182 49.1791 93.6509 66.6683 51.4296 97.9155 62.036 30.2539 13.4164 88.7917 73.5391 13.6015 54.3783 94.034 75.5351 37.2156 102.041 
13.3417 44.2832 20.0 43.9664 36.689 10.2956 45.6556 28.6532 31.6228 75.3673 37.8798 49.3507 74.7149 54.5788 43.576 59.5453 43.9659 61.7041 69.029 49.0408 69.0367 67.3574 14.5602 26.3059 69.7215 62.723 7.07107 31.326 27.2029 49.5116 53.2651 29.1548 58.4123 54.7575 49.6879 53.8049 17.8885 35.4097 40.2956 56.7855 31.7808 70.7107 39.6089 44.7049 25.7099 0.0 45.793 20.6155 61.9866 33.3824 41.6782 38.8461 26.2493 50.2139 34.5301 68.1181 42.1284 40.05 73.5731 36.3276 28.1603 18.3579 63.3133 53.3385 16.1266 40.1995 68.3256 51.019 12.1655 77.6981 
33.4215 39.4462 48.4164 11.4018 54.4518 55.0 20.5183 60.3013 72.9178 49.6488 39.3192 30.4138 29.8329 70.214 13.3417 23.0217 84.0238 32.45 24.2074 89.6437 34.4093 62.0967 49.9435 71.134 25.0 50.5964 52.6972 23.0868 18.7883 30.4138 19.3132 67.624 30.8058 62.0322 62.514 67.3647 28.0179 41.4678 66.2597 27.7849 44.8072 25.0799 20.8806 68.593 70.1358 45.793 0.0 65.1046 30.4795 55.5398 57.4891 16.1555 37.5842 64.195 30.0832 62.3618 19.0 76.1825 27.7849 46.2466 47.0956 62.1669 35.1141 71.0211 59.9356 73.6264 46.5188 24.3516 34.8281 31.9061 
33.0799 46.919 38.2753 63.4697 26.4764 20.5183 59.0313 16.1245 36.4005 95.8012 58.492 69.7846 94.0261 40.7922 63.0847 78.9917 47.5184 80.4178 88.3956 51.0882 88.4831 87.9695 21.2956 6.08276 89.0327 83.3352 18.0278 48.1222 46.5431 58.7101 67.9637 38.0132 78.8462 71.7998 66.7301 70.7672 37.1629 56.0218 25.0 76.2319 52.3929 90.0266 59.0553 29.4109 5.09902 20.6155 65.1046 0.0 81.433 22.3607 32.1403 58.1573 46.8615 39.0512 44.1479 88.7302 61.5748 48.4665 92.8843 56.9398 28.6368 9.89949 83.7472 69.3542 9.43398 51.0 88.9378 70.4654 32.1403 97.0101 
48.709 69.029 63.148 20.8087 80.3294 73.2688 50.9313 86.117 80.3972 19.6977 31.9466 19.2412 46.0109 97.4936 19.7231 10.0499 86.3406 4.47214 42.2966 91.6832 8.544 37.2156 70.5658 86.77 43.2897 25.318 70.6058 49.7393 39.9249 60.8276 49.0918 73.3497 14.7648 44.794 48.6346 51.7332 44.585 35.3553 92.0754 6.08276 43.9287 33.1361 26.1725 94.4715 86.5265 61.9866 30.4795 81.433 0.0 81.3555 84.0952 45.4533 42.3758 91.7061 57.9828 37.1214 20.3961 75.6497 37.2156 41.0122 72.9333 78.5575 12.8062 57.1883 76.3262 70.7284 19.0 12.0 50.0012 40.6079 
44.8098 27.0185 52.7853 60.9823 4.12311 37.6431 41.4854 6.32456 57.3149 97.5324 71.0153 73.3284 76.6559 21.6333 61.7335 76.7847 69.0652 81.4556 71.8169 73.0068 87.5509 100.493 23.0915 25.0799 72.0412 95.4376 33.8571 32.4595 41.6707 37.5899 50.2892 57.4891 75.4568 90.5233 86.8264 86.2431 43.3767 68.5451 11.1803 76.4949 64.9162 78.4559 59.4111 14.3178 22.8473 33.3824 55.5398 22.3607 81.3555 0.0 10.0499 40.2953 59.3848 18.0278 26.5155 101.254 61.9192 68.4471 79.8404 69.4631 9.51618 15.2971 80.3577 85.5127 17.4642 69.9214 92.3805 70.8186 43.8808 83.234 
48.8434 23.0868 60.9725 63.6946 6.32456 47.5451 41.0122 16.0312 67.3647 100.276 74.7025 76.0722 75.6637 13.6015 64.4748 79.3788 79.1012 84.1994 71.2531 83.0 90.2497 104.18 27.1251 34.2053 71.3442 98.1815 43.7552 34.7851 44.4145 34.9285 49.2544 67.4685 78.2006 94.5569 90.86 94.9771 46.1206 72.5787 12.8062 79.2388 68.9498 79.0569 62.155 12.6491 32.0156 41.6782 57.4891 32.1403 84.0952 10.0499 0.0 41.5933 63.4184 8.60233 27.4591 104.941 64.663 78.4474 80.0062 73.4967 13.4536 25.318 83.1016 94.5097 27.4591 79.825 95.1243 73.5624 47.9144 83.0963 
29.1548 23.6008 47.5395 24.7588 39.0128 48.6356 8.0 45.0567 68.9638 63.7024 46.9574 41.1825 38.0132 54.1202 26.1725 38.9487 80.9506 46.669 32.6956 86.3539 50.2494 73.7388 35.0468 64.1867 33.1059 62.5232 45.8214 8.94427 14.1421 16.5529 14.4222 64.8845 42.5423 69.2367 68.3593 73.437 23.4094 46.3897 51.0098 41.7253 47.0956 38.2099 27.6234 53.0848 63.1885 38.8461 16.1555 58.1573 45.4533 40.2953 41.5933 0.0 40.0125 48.0833 14.1421 74.4291 29.1548 74.6726 39.8121 50.04 32.1403 55.2195 47.4342 76.0592 52.9882 72.8011 59.4054 37.0135 30.4631 43.4166 
16.4012 56.921 21.2267 32.372 58.4293 31.3475 48.0104 54.6283 46.0202 50.2876 12.083 24.2711 67.1534 76.9442 31.9816 45.9254 56.851 40.3992 61.5928 62.482 50.7947 41.2311 36.7877 52.5316 62.4286 36.9281 30.832 36.6742 26.0192 55.3263 52.7731 40.4599 33.3327 31.305 29.1204 34.2053 19.3132 9.21954 66.2707 36.2959 7.28011 60.3505 28.0145 70.68 51.9577 26.2493 37.5842 46.8615 42.3758 59.3848 63.4184 40.0125 0.0 71.6668 43.9659 42.0119 30.0973 42.0053 63.7049 10.4403 49.8698 44.333 38.2336 36.2215 42.1017 37.1206 42.5307 31.0621 16.2788 67.9426 
57.0918 27.0 69.5083 71.1126 14.7648 55.6597 46.3897 23.3452 74.9667 108.016 83.2339 83.8122 80.0562 6.08276 72.0069 86.539 86.4696 91.9239 76.0066 90.1388 97.5756 112.826 35.6608 40.1995 76.0 105.921 51.8799 42.0476 52.1536 39.0128 54.037 75.4321 85.9406 103.093 99.3958 103.513 53.8606 80.8271 15.8114 86.954 77.4856 84.5931 69.895 13.0384 38.1182 50.2139 64.195 39.0512 91.7061 18.0278 8.60233 48.0833 71.6668 0.0 34.176 113.556 72.4017 86.3481 85.2115 82.0324 22.0227 33.2415 90.8416 103.045 35.4401 87.9318 102.864 81.3019 56.4501 88.0511 
29.1548 13.0 48.0416 37.2156 25.02 44.4342 15.2315 31.277 66.0117 75.1665 53.2263 51.1127 50.2892 40.1622 38.2753 52.3927 77.8944 58.6003 45.3542 83.3141 63.5059 83.3151 22.8825 50.1773 45.607 73.222 40.5972 8.48528 20.0 14.7648 24.1661 62.4127 53.2411 75.0267 73.0821 78.1601 24.7386 52.0 37.1214 53.6004 50.2195 52.0384 37.1955 39.0128 49.1791 34.5301 30.0832 44.1479 57.9828 26.5155 27.4591 14.1421 43.9659 34.176 0.0 84.0054 39.6232 72.9932 53.3385 54.4059 18.6815 41.2101 58.1041 79.8311 38.9788 72.2496 70.1268 48.2701 30.0666 56.7186 
58.0517 96.3092 52.2494 50.9608 100.298 68.6658 80.9823 96.497 66.2722 21.9545 30.4138 41.7869 83.0241 118.813 49.0408 47.0425 69.2604 33.0151 79.0253 73.6817 41.4849 1.0 78.6565 93.2389 80.025 12.0416 71.3599 75.5201 64.5546 90.9487 81.6088 59.4138 31.6228 19.105 25.0799 25.0 59.7606 32.8024 108.139 36.1248 39.8246 70.2567 46.9411 112.549 93.6509 68.1181 62.3618 88.7302 37.1214 101.254 104.941 74.4291 42.0119 113.556 84.0054 0.0 45.1732 58.1378 74.3303 34.0 91.7385 86.2017 27.4591 30.6757 83.9704 52.1536 18.2483 38.0789 58.1378 77.6466 
28.8508 51.7397 41.8177 8.544 60.893 50.1956 36.2491 66.6806 66.6113 35.609 20.6155 12.083 46.0977 78.0868 6.7082 19.9249 77.4421 19.6977 40.8534 83.0731 28.0179 44.8858 50.7076 67.5111 41.7852 33.5652 48.5273 31.1448 20.2485 45.6508 37.6563 61.051 13.5843 43.0465 43.7379 48.5077 24.7268 23.0769 72.639 14.8661 31.6502 37.0135 6.08276 75.0351 66.6683 42.1284 19.0 61.5748 20.3961 61.9192 64.663 29.1548 30.0973 72.4017 39.6232 45.1732 0.0 63.3713 40.8044 28.7337 53.4969 58.6994 18.4853 52.3927 56.4681 58.4865 30.4795 8.94427 30.143 45.0 
45.5412 84.2912 27.7849 71.9152 72.1803 31.1448 82.2192 63.0635 12.8062 72.7324 43.9393 57.3826 105.998 88.8876 70.0486 79.1994 11.1803 73.2393 100.386 16.1555 83.6348 57.1402 54.037 50.1199 101.183 59.203 35.1283 68.4105 60.9262 87.0976 88.7694 11.0454 66.6066 39.0512 33.0606 34.1321 51.264 40.2944 73.3894 69.5698 34.7256 99.7267 67.0643 77.8332 51.4296 40.05 76.1825 48.4665 75.6497 68.4471 78.4474 74.6726 42.0053 86.3481 72.9932 58.1378 63.3713 0.0 103.662 34.6375 67.2681 53.1507 66.4236 29.6142 50.9902 6.0 64.9881 64.336 44.2719 107.783 
61.0328 58.3095 74.9886 32.6497 78.3135 82.662 39.0 84.6019 99.7732 55.1453 60.4152 48.0525 10.2956 91.2688 34.2053 27.4591 110.613 41.4367 10.2956 116.244 34.2345 74.4312 74.8453 98.9137 10.8167 62.514 80.455 48.5077 46.5296 46.5296 31.257 94.2218 47.1699 80.7853 82.5135 86.9194 55.7584 63.3677 90.4489 39.2938 71.941 4.12311 45.3431 92.1358 97.9155 73.5731 27.7849 92.8843 37.2156 79.8404 80.0062 39.8121 63.7049 85.2115 53.3385 74.3303 40.8044 103.662 0.0 69.0245 71.8471 89.9466 48.5077 91.4199 87.7152 98.7773 56.1427 40.3113 62.426 4.24264 
26.4909 67.3573 24.7301 37.2776 68.5076 41.1466 58.0345 64.7066 39.385 43.0563 9.43398 22.8035 74.7952 87.0225 35.4111 44.5619 45.3284 39.0356 69.5836 50.671 49.4311 33.121 46.866 65.7196 70.5175 29.6968 43.8406 47.0744 36.2215 65.6201 62.2896 32.3375 31.9691 21.095 18.6815 23.7697 29.7321 5.65685 76.349 34.9323 5.83095 65.0892 36.6769 80.7583 62.036 36.3276 46.2466 56.9398 41.0122 69.4631 73.4967 50.04 10.4403 82.0324 54.4059 34.0 28.7337 34.6375 69.0245 0.0 59.9481 54.4113 36.8701 26.0192 52.18 29.7321 35.2994 29.6985 26.3738 73.1459 
35.2947 21.4009 47.4236 52.5601 8.56062 36.1248 33.8378 14.2777 57.0351 89.1102 61.5002 64.9061 68.9638 27.0756 53.3113 68.3624 69.1926 73.0333 64.0312 77.6615 79.1287 90.9778 13.6015 32.4685 64.2884 87.0154 32.1403 24.0208 33.2485 30.8058 42.72 56.2228 67.0345 81.0082 77.3114 81.4284 34.9545 59.0301 20.2361 68.0727 55.4012 70.3491 50.9889 22.6321 30.2539 28.1603 47.0956 28.6368 72.9333 9.51618 13.4536 32.1403 49.8698 22.0227 18.6815 91.7385 53.4969 67.2681 71.8471 59.9481 0.0 19.7003 71.9355 80.9605 21.4715 68.0661 83.9582 62.3964 34.3658 75.3127 
30.2044 37.9825 37.7607 60.5319 19.105 22.4722 56.0936 10.2956 42.107 93.6895 55.9635 67.673 91.0884 36.2491 60.1469 76.1163 54.0 78.2751 85.4579 58.1378 85.6076 85.4411 18.3579 15.2643 86.0949 80.8067 18.7883 45.1844 43.6053 55.7724 65.026 42.2019 76.7345 72.1712 67.1015 71.2186 34.2874 53.4933 22.0227 73.3565 49.8644 87.0889 56.1798 26.4008 13.4164 18.3579 62.1669 9.89949 78.5575 15.2971 25.318 55.2195 44.333 33.2415 41.2101 86.2017 58.6994 53.1507 89.9466 54.4113 19.7003 0.0 81.6355 70.4882 2.23607 54.7083 85.9326 67.5899 29.2755 94.0723 
53.8799 70.208 59.0058 23.7697 79.4022 69.1266 54.2033 85.1192 72.3255 17.8885 27.8045 15.099 56.4358 96.5254 21.9317 21.1896 78.2689 8.48528 52.0865 83.6115 20.6155 27.2947 74.5036 89.1137 53.0848 15.5242 68.6112 49.6232 38.6913 63.8122 54.4243 65.278 5.83095 32.3523 36.193 39.2916 43.1539 31.2132 91.0776 9.21954 38.8444 44.3847 23.0 93.4737 88.7917 63.3133 35.1141 83.7472 12.8062 80.3577 83.1016 47.4342 38.2336 90.8416 58.1041 27.4591 18.4853 66.4236 48.5077 36.8701 71.9355 81.6355 0.0 44.7466 79.4042 60.7458 12.0416 10.7703 53.9973 52.2015 
51.5558 92.6827 33.541 60.8769 89.5206 48.9183 84.0536 80.7835 40.3113 49.4065 31.7805 43.4626 98.0306 106.709 58.9406 65.934 40.1995 52.7186 93.0054 44.0 64.0592 29.7321 67.5352 72.8629 93.9628 35.609 52.0096 72.8354 62.2013 91.5478 88.1419 34.4819 53.5655 12.8062 8.94427 5.83095 55.109 30.1496 92.4175 53.9074 29.6142 87.3766 50.416 96.8349 73.5391 53.3385 71.0211 69.3542 57.1883 85.5127 94.5097 76.0592 36.2215 103.045 79.8311 30.6757 52.3927 29.6142 91.4199 26.0192 80.9605 70.4882 44.7466 0.0 68.2569 23.7697 42.5206 51.2949 50.7187 95.4239 
27.9731 47.2677 35.5294 58.3006 21.2132 20.2485 53.8623 12.53 40.05 91.4582 53.7322 65.4417 88.857 38.4838 57.9156 73.885 52.0096 76.0437 83.2265 56.2228 83.3763 83.2098 16.1266 15.2315 83.8636 78.5754 16.5529 42.9531 41.374 53.5411 62.7947 40.025 74.5032 69.9399 64.8702 68.9872 32.0561 51.262 24.2074 71.1251 47.6331 84.8576 53.9485 28.6007 13.6015 16.1266 59.9356 9.43398 76.3262 17.4642 27.4591 52.9882 42.1017 35.4401 38.9788 83.9704 56.4681 50.9902 87.7152 52.18 21.4715 2.23607 79.4042 68.2569 0.0 52.4976 83.7013 65.3586 27.0442 91.841 
43.9318 84.006 25.2982 67.0304 73.5235 32.28 80.5233 64.846 17.2047 67.0671 39.0512 52.4976 104.548 90.824 65.1639 74.3147 17.1172 68.7517 98.5971 21.8403 79.1472 51.1566 54.5894 53.2541 99.4329 53.4509 36.1386 67.082 58.8218 85.9884 86.6487 13.0384 61.6852 33.0606 27.074 28.1603 49.4773 35.3836 75.6439 64.6485 29.8408 94.842 65.0188 80.1124 54.3783 40.1995 73.6264 51.0 70.7284 69.9214 79.825 72.8011 37.1206 87.9318 72.2496 52.1536 58.4865 6.0 98.7773 29.7321 68.0661 54.7083 60.7458 23.7697 52.4976 0.0 59.3102 59.4513 42.7551 102.899 
58.177 82.2192 56.235 35.3553 91.4249 73.4237 66.0379 96.2279 70.89 8.06226 30.5185 27.1217 65.0077 108.548 33.6155 29.0172 76.0925 15.1327 61.2046 81.1124 23.4094 18.4391 78.8006 94.6079 62.2013 7.2111 72.9082 61.6459 50.714 75.7166 65.7951 63.8424 17.6918 29.7321 34.4093 36.7967 55.1766 33.1453 103.1 18.9737 40.9507 52.0865 35.0227 105.496 94.034 68.3256 46.5188 88.9378 19.0 92.3805 95.1243 59.4054 42.5307 102.864 70.1268 18.2483 30.4795 64.9881 56.1427 35.2994 83.9582 85.9326 12.0416 42.5206 83.7013 59.3102 0.0 22.4722 58.2944 59.4138 
37.7413 60.1082 51.8343 13.0 69.7924 61.9551 43.566 75.5801 76.6278 26.9072 20.6329 7.92745 47.2969 86.9862 11.1803 14.8661 75.0269 10.7703 42.5793 80.3695 20.2237 37.855 59.5982 75.8024 43.566 26.2488 57.4178 39.8246 29.1548 53.2541 43.6578 62.036 7.07107 40.6834 42.3885 46.7943 33.6174 24.0416 81.5385 6.08276 32.615 36.2491 14.3178 83.9346 75.5351 51.019 24.3516 70.4654 12.0 70.8186 73.5624 37.0135 31.0621 81.3019 48.2701 38.0789 8.94427 64.336 40.3113 29.6985 62.3964 67.5899 10.7703 51.2949 65.3586 59.4513 22.4722 0.0 39.0335 44.2832 
1.41421 42.5793 18.0 31.981 42.9253 20.2485 37.9473 39.5708 38.833 66.0513 27.8486 40.0347 64.3506 61.4402 31.5905 47.5599 50.6063 49.7187 58.6941 56.0803 57.0512 57.3847 21.2837 38.0526 59.397 52.6918 18.3848 24.3311 17.2047 43.2897 44.7214 34.4384 49.0963 47.434 44.8858 49.922 7.2111 25.4558 51.2132 44.8001 21.8269 59.3633 27.6234 56.9968 37.2156 12.1655 34.8281 32.1403 50.0012 43.8808 47.9144 30.4631 16.2788 56.4501 30.0666 58.1378 30.143 44.2719 62.426 26.3738 34.3658 29.2755 53.9973 50.7187 27.0442 42.7551 58.2944 39.0335 0.0 66.6108 
