NAME  : Jabali_70_2_0.90_1_8
TYPE : SVRP
MODEL : FINITE_SUPPORT
NUMBER_OF_SCENARIOS : 200
DIMENSION : 70
EDGE_WEIGHT_TYPE : MATRIX
CAPACITY : 203
N_VEHICLES : 2
NODE_COORD_SECTION
1 4198 5009
2 3111 6688
3 4865 354
4 1545 3935
5 1791 5761
6 3708 6331
7 7945 4158
8 8205 4040
9 3426 2468
10 4273 3346
11 6421 3725
12 2984 6724
13 5570 3098
14 4408 8719
15 7148 6585
16 5756 2667
17 2367 4236
18 3221 6921
19 3099 2814
20 6907 6141
21 7206 7181
22 6062 1456
23 3674 8893
24 4660 4902
25 4890 2109
26 4366 5113
27 4879 9528
28 8286 5465
29 8194 6208
30 3464 3808
31 8457 5352
32 9367 5486
33 1332 3983
34 7333 5719
35 27 4534
36 2810 1924
37 4084 9061
38 6477 3089
39 5003 6883
40 3846 8392
41 4785 5597
42 8338 5015
43 8178 4892
44 6319 6899
45 4002 6155
46 7910 5812
47 8882 4054
48 7627 2832
49 4019 4720
50 4497 1437
51 741 4060
52 6034 6501
53 543 4436
54 6741 3052
55 5898 3806
56 5793 7231
57 6983 4878
58 5465 3188
59 5191 4994
60 2578 5198
61 4604 18
62 6197 1984
63 1814 3633
64 2938 1566
65 1361 3513
66 4097 2177
67 4081 574
68 4569 8412
69 6628 2497
70 3100 6064
DEMAND_SECTION
1 0.0
2 1.0
3 6.0
4 9.0
5 5.0
6 10.0
7 5.0
8 4.0
9 7.0
10 2.0
11 5.0
12 2.0
13 9.0
14 1.0
15 3.0
16 2.0
17 6.0
18 3.0
19 5.0
20 3.0
21 4.0
22 10.0
23 6.0
24 9.0
25 2.0
26 10.0
27 1.0
28 6.0
29 2.0
30 1.0
31 4.0
32 8.0
33 7.0
34 7.0
35 9.0
36 9.0
37 5.0
38 8.0
39 8.0
40 3.0
41 5.0
42 5.0
43 8.0
44 1.0
45 1.0
46 9.0
47 1.0
48 9.0
49 10.0
50 1.0
51 10.0
52 8.0
53 2.0
54 8.0
55 10.0
56 1.0
57 2.0
58 5.0
59 5.0
60 1.0
61 9.0
62 5.0
63 5.0
64 10.0
65 1.0
66 1.0
67 7.0
68 7.0
69 2.0
70 10.0
DEVIATION_SECTION
1 0.0
2 0.333333
3 2.0
4 3.0
5 1.66667
6 3.33333
7 1.66667
8 1.33333
9 2.33333
10 0.666667
11 1.66667
12 0.666667
13 3.0
14 0.333333
15 1.0
16 0.666667
17 2.0
18 1.0
19 1.66667
20 1.0
21 1.33333
22 3.33333
23 2.0
24 3.0
25 0.666667
26 3.33333
27 0.333333
28 2.0
29 0.666667
30 0.333333
31 1.33333
32 2.66667
33 2.33333
34 2.33333
35 3.0
36 3.0
37 1.66667
38 2.66667
39 2.66667
40 1.0
41 1.66667
42 1.66667
43 2.66667
44 0.333333
45 0.333333
46 3.0
47 0.333333
48 3.0
49 3.33333
50 0.333333
51 3.33333
52 2.66667
53 0.666667
54 2.66667
55 3.33333
56 0.333333
57 0.666667
58 1.66667
59 1.66667
60 0.333333
61 3.0
62 1.66667
63 1.66667
64 3.33333
65 0.333333
66 0.333333
67 2.33333
68 2.33333
69 0.666667
70 3.33333
DISTANCE_MATRIX
0.0 28.4429 65.1415 40.7833 38.262 19.6977 52.7038 55.6539 41.4005 24.6977 39.8494 27.4591 30.8613 51.6236 45.3542 36.8426 29.5707 29.1204 33.0823 40.1622 50.3587 53.0914 54.4059 5.65685 41.1248 2.0 63.2535 55.0 55.9017 18.2483 56.2228 69.029 42.8495 43.4166 60.0946 45.5437 55.9732 41.4026 28.6356 47.8017 11.0454 54.4885 53.0431 39.0 16.6433 51.1077 63.5345 56.6583 4.47214 50.3431 50.6538 33.0151 54.3323 44.1352 32.8944 37.855 36.8004 29.8668 12.7279 22.9478 69.3506 47.9775 38.2753 49.1624 44.0349 41.3593 62.8014 48.1664 46.5213 22.0 
28.4429 0.0 93.9745 42.2353 19.0263 10.4403 73.7445 76.6946 58.9513 53.5307 61.8402 1.0 57.9237 32.9848 55.1543 63.905 36.9531 3.0 55.5869 52.6308 56.4004 80.1654 31.3847 32.0156 68.1988 28.1603 45.607 72.4017 69.527 41.0402 74.0945 86.267 42.7551 59.0762 49.0306 68.1168 34.9285 66.9162 26.4008 26.0 27.6586 73.8241 72.8972 44.0454 14.5602 66.6108 84.5752 84.3299 31.5707 75.708 46.0109 40.3113 45.1774 69.6487 58.408 37.7359 57.9396 56.9292 37.2156 24.3132 94.1752 75.04 44.2384 71.8552 47.6021 64.3337 85.4253 31.257 72.0349 10.099 
65.1415 93.9745 0.0 66.0303 80.0983 82.7025 66.3702 67.1193 34.5254 42.72 50.6952 92.9745 39.1152 112.639 89.9611 34.4384 61.3922 94.7668 40.4475 83.672 97.509 23.0 116.222 60.8276 24.0416 64.2646 123.746 83.3607 90.9634 50.3322 83.0241 92.1358 68.0074 80.7204 86.1452 34.3657 117.343 43.9659 87.739 109.538 69.2965 78.7718 76.7919 91.0263 79.1152 84.9345 73.0616 50.0 67.4216 15.6525 75.06 85.9395 80.025 45.3542 50.2494 94.2927 67.8255 39.6611 61.5533 72.3561 5.09902 29.2746 61.0328 30.8058 64.0703 26.9258 10.2956 108.977 38.4708 86.7814 
40.7833 42.2353 66.0303 0.0 23.7697 44.0 89.3609 91.5757 32.249 36.6197 65.6783 42.0511 54.6443 75.2092 85.3829 58.6686 12.53 45.1791 26.3059 80.9435 89.2988 69.2604 72.8011 45.9932 51.2445 42.6732 87.8128 95.3029 96.5595 27.6586 96.4838 109.286 2.23607 83.9935 21.1896 32.7567 76.844 66.4517 62.2896 68.0074 50.5608 94.6649 93.2171 77.1298 45.1774 91.6129 100.166 81.6271 37.9192 52.2398 10.2956 71.5787 14.5602 69.2651 58.5595 73.6817 76.9744 53.8238 52.8936 23.0868 67.3647 67.624 5.0 37.108 5.38516 41.7732 57.4282 73.4515 69.9714 36.2215 
38.262 19.0263 80.0983 23.7697 0.0 25.2474 89.2635 92.2136 45.6763 45.2361 77.6575 19.0 63.254 51.788 77.9922 67.4386 18.9331 22.0227 40.0194 73.8197 72.9515 79.5052 49.0408 43.135 61.8342 38.6935 64.3273 90.7615 90.4567 35.5271 92.1431 104.897 24.0416 78.4101 31.0161 50.5053 53.1601 75.0608 43.123 44.3847 43.6053 90.8264 89.5142 60.4652 29.2653 86.2154 100.094 94.4664 40.6084 65.0513 27.0 63.6744 26.4764 77.8742 70.7025 54.7577 73.4107 62.4391 49.7979 15.6227 82.3636 76.9971 26.0768 54.9521 29.1548 53.775 72.8987 50.2494 78.6527 24.5155 
19.6977 10.4403 82.7025 44.0 25.2474 0.0 63.3603 66.3104 51.4477 42.2587 51.4005 9.48683 48.4223 34.1321 46.2277 54.4036 33.541 10.0 48.0833 43.1393 48.3735 70.6524 35.3836 22.3607 58.6858 18.9737 46.5296 62.426 60.1082 33.5366 64.0703 76.4003 45.0444 49.2037 56.1201 60.6132 37.6431 59.6286 18.9737 29.0 17.2627 63.6318 62.6498 35.8469 4.12311 56.8507 74.191 73.8903 23.3238 67.9042 49.8197 31.4006 50.3064 61.5883 50.3289 30.6757 47.5395 47.4278 27.0185 21.095 86.9116 65.5386 44.2832 64.3516 49.0408 56.649 77.7406 31.305 63.4061 8.94427 
52.7038 73.7445 66.3702 89.3609 89.2635 63.3603 0.0 3.16228 65.7951 52.6661 29.552 72.8193 35.8469 77.5242 34.0 35.9026 79.3353 72.6757 68.6459 29.7321 41.3401 43.566 85.0941 46.9593 50.01 51.1996 83.678 17.8885 27.2029 65.8961 17.088 26.0768 91.5782 22.3607 110.467 75.9605 83.4865 24.7386 53.1544 79.0063 46.765 12.6491 10.7703 42.45 59.2942 21.9317 12.2066 17.4642 54.9839 59.4138 100.418 40.3113 103.794 22.3607 34.0799 49.8197 15.8808 36.2602 39.896 73.9493 71.4493 37.1214 85.4054 76.5376 91.0181 58.8218 71.0282 73.437 28.0179 70.8078 
55.6539 76.6946 67.1193 91.5757 92.2136 66.3104 3.16228 0.0 67.9779 54.8809 31.7668 75.7694 38.0132 80.399 36.2491 37.6431 81.5501 75.6259 70.8607 32.28 43.4166 44.1814 88.0511 49.9095 51.6624 54.1497 86.3481 18.6011 28.3196 68.1109 17.4929 25.02 93.793 24.6982 112.682 78.0 86.3713 26.5707 56.1045 82.0 49.7151 13.0384 11.4018 45.1221 62.2443 23.4307 9.21954 17.4642 57.934 60.8276 102.633 43.1856 106.009 24.0416 36.2947 52.6118 18.831 38.4708 42.8461 76.8994 72.1734 38.0 87.6202 78.4347 93.2329 60.7454 72.1734 76.3217 29.0689 73.758 
41.4005 58.9513 34.5254 32.249 45.6763 51.4477 65.7951 67.9779 0.0 17.1172 43.6578 57.9513 29.9666 85.3217 76.0592 31.4006 26.9258 59.7823 6.0 70.0071 82.3893 38.0132 86.8238 37.3631 20.2485 40.5237 97.5462 78.339 82.7345 18.0283 78.848 91.0554 34.3657 70.3539 53.1507 11.0 89.0487 41.6773 64.4184 80.4451 45.8345 75.8545 74.1412 72.3671 49.8518 76.9415 76.5376 55.6058 43.6807 20.025 41.9762 66.2873 46.6905 44.4185 37.855 72.4561 59.2284 29.5466 41.3038 37.9341 36.6879 37.8021 27.2947 13.6015 31.3209 9.84886 27.313 82.2827 42.5206 51.7582 
24.6977 53.5307 42.72 36.6197 45.2361 42.2587 52.6661 54.8809 17.1172 0.0 29.4109 52.5307 18.0278 72.1953 59.0085 22.4722 26.6015 54.323 17.4642 53.0094 65.2763 36.0 75.778 20.6155 19.9249 23.8208 83.353 62.7932 66.3615 13.1623 63.437 75.7226 38.833 53.7727 57.4131 28.0713 76.8991 29.8329 47.7156 69.0941 29.1317 60.5217 58.8084 55.3173 38.6714 60.8903 63.6417 45.0 26.9778 27.2029 46.8722 49.2443 50.7063 32.6497 22.3787 55.7136 43.5372 17.2047 24.1868 47.1916 46.4004 32.5576 32.6497 30.5941 38.2099 17.0294 38.8973 68.5342 33.541 46.3376 
39.8494 61.8402 50.6952 65.6783 77.6575 51.4005 29.552 31.7668 43.6578 29.4109 0.0 60.8803 14.1421 71.3028 39.3573 16.4924 55.6527 61.0977 46.0652 33.121 47.0106 30.7209 77.5859 34.105 30.0666 38.9725 79.8845 35.2325 41.1947 42.2135 35.6239 54.9201 67.8957 30.0832 86.7848 54.1202 76.9839 8.59524 45.0832 71.0892 34.3132 39.9827 38.0132 41.7253 47.28 35.1283 40.5276 22.8569 42.1295 40.3113 75.943 36.8782 80.1118 10.5549 8.06226 46.4004 17.2627 14.3178 27.0416 62.3433 55.7136 23.5771 61.7228 55.109 67.3355 37.4833 52.9528 67.2015 16.5552 57.9535 
27.4591 1.0 92.9745 42.0511 19.0 9.48683 72.8193 75.7694 57.9513 52.5307 60.8803 0.0 56.9257 33.2415 54.4518 62.9071 35.9531 3.16228 54.5869 51.8556 55.8032 79.1654 31.9061 31.0161 67.1988 27.1662 45.8803 71.5612 68.7677 40.0402 73.2462 85.4459 42.5793 58.2495 49.2443 67.1168 35.3412 65.9454 25.807 26.4008 26.6833 72.9452 72.0069 43.4166 13.6015 65.8027 83.65 83.37 30.5707 74.708 46.0 39.598 45.2769 68.678 57.4372 37.2156 57.0088 55.9312 36.2215 23.3132 93.1752 74.042 46.2019 70.8552 47.4178 63.3337 84.4253 31.4006 71.0641 9.09902 
30.8613 57.9237 39.1152 54.6443 63.254 48.4223 35.8469 38.0132 29.9666 18.0278 14.1421 56.9257 0.0 78.2994 51.5461 6.32456 44.6193 58.2495 33.0151 45.2217 58.8727 23.2594 81.9178 26.4511 16.4924 29.9844 89.2585 49.3672 55.0364 31.1801 49.7587 61.2183 56.8595 43.4166 75.4309 40.1622 83.0567 12.0416 53.2355 75.2419 34.8087 46.2809 44.3113 52.0984 44.4882 49.0102 46.6476 27.0185 33.1414 26.9258 64.8999 47.0116 68.7241 14.8661 11.1803 56.4805 31.0161 1.0 27.0499 53.3552 43.909 17.4642 50.6063 41.0 56.0803 23.3452 39.8497 74.5867 15.8114 52.0338 
51.6236 32.9848 112.639 75.2092 51.788 34.1321 77.5242 80.399 85.3217 72.1953 71.3028 33.2415 78.2994 0.0 47.5184 84.2808 66.4929 30.0832 81.9708 49.0102 43.9659 100.53 9.43398 51.8556 88.6172 50.2096 12.6491 69.3542 62.3699 67.424 71.3442 80.8084 75.71 57.0088 80.025 94.5007 6.0 79.5308 26.4008 8.24621 43.6005 73.0616 73.0068 36.0555 35.609 62.3939 87.023 91.5176 55.9017 97.8408 78.5175 37.2156 77.1038 81.4905 70.2311 28.0 62.9682 77.3049 53.0 53.8516 116.848 94.4865 76.7417 98.2391 80.5759 88.8569 110.299 4.12311 87.4908 39.6389 
45.3542 55.1543 89.9611 85.3829 77.9922 46.2277 34.0 36.2491 76.0592 59.0085 39.3573 54.4518 51.5461 47.5184 0.0 55.5428 74.8401 53.0754 76.0592 6.32456 7.81025 70.078 56.2939 40.6079 68.0074 43.4166 51.2445 22.0 15.2315 68.5381 24.0 33.5261 86.8873 11.6619 99.891 87.0517 53.4603 47.9523 29.2062 51.2445 35.1141 26.3059 26.6833 12.083 43.0116 15.0 41.0 49.0416 48.8365 78.4474 93.1075 14.8661 94.3663 49.912 40.5216 20.2485 23.4307 51.2445 35.0571 63.0714 94.9368 62.9342 83.5448 89.2749 89.3043 73.073 91.3947 43.7379 55.9123 55.0 
36.8426 63.905 34.4384 58.6686 67.4386 54.4036 35.9026 37.6431 31.4006 22.4722 16.4924 62.9071 6.32456 84.2808 55.5428 0.0 48.804 64.2309 35.3553 49.2443 63.0714 17.0 87.8992 32.4324 14.1421 35.9657 94.5662 51.0 57.5638 35.3648 51.0392 61.8142 60.9016 46.5725 79.6053 40.7063 89.0381 11.1803 59.2169 81.2232 40.7901 47.1699 45.1774 56.7002 50.4696 51.4847 45.6946 24.2074 39.1227 24.0208 68.9638 51.6134 72.8972 13.6015 16.2788 61.0823 33.7343 7.28011 33.0312 59.3365 39.3954 11.1803 54.3783 40.8534 59.6406 23.2594 36.4966 80.568 11.4018 58.0151 
29.5707 36.9531 61.3922 12.53 18.9331 33.541 79.3353 81.5501 26.9258 26.6015 55.6527 35.9531 44.6193 66.4929 74.8401 48.804 0.0 37.784 21.1896 69.7308 77.3469 60.8276 66.1584 34.7805 43.1856 31.4605 79.1202 84.0902 85.3468 16.8924 85.2711 98.0735 14.4222 72.7809 31.6228 31.6228 69.1687 56.4261 51.0 60.255 39.8782 83.4523 82.0044 65.1868 34.0588 80.4003 90.1403 71.6015 26.7065 46.3897 21.9317 59.6269 25.0 59.2395 48.5339 62.1289 65.7617 43.8044 41.6809 12.6491 63.6003 58.2409 11.0454 36.0555 16.4924 35.1283 54.0833 64.195 60.0181 26.9258 
29.1204 3.0 94.7668 45.1791 22.0227 10.0 72.6757 75.6259 59.7823 54.323 61.0977 3.16228 58.2495 30.0832 53.0754 64.2309 37.784 0.0 56.4178 50.8035 54.037 80.4797 28.8444 32.249 68.5131 28.6356 42.72 70.8308 67.624 41.8712 72.5603 84.5991 45.7056 57.4543 51.9711 68.9478 32.2025 69.3258 24.0832 23.2594 27.1662 72.45 71.5891 41.7732 14.0357 64.8999 83.5065 83.5875 32.311 76.5003 49.0102 38.2884 48.1664 71.2855 60.0261 35.2278 56.921 57.255 37.0135 25.1442 94.9674 75.3658 48.0328 72.6861 50.5459 65.126 86.2176 28.2843 72.8374 10.93 
33.0823 55.5869 40.4475 26.3059 40.0194 48.0833 68.6459 70.8607 6.0 17.4642 46.0652 54.5869 33.0151 81.9708 76.0592 35.3553 21.1896 56.4178 0.0 70.1783 82.0244 43.4626 83.4594 36.2215 25.4951 35.0499 94.1856 80.0113 83.7884 14.867 80.6536 92.9229 28.4429 71.1996 47.2969 12.53 85.6843 45.0 61.3535 77.0806 44.093 77.722 76.0087 71.4493 46.5296 78.3172 79.6116 59.4643 28.8219 26.0192 36.1386 65.3758 40.7922 47.8017 39.5601 70.9331 60.7552 32.45 41.0122 32.2772 42.45 42.72 21.3776 16.4012 25.632 15.5242 32.8938 78.9214 46.6905 48.3937 
40.1622 52.6308 83.672 80.9435 73.8197 43.1393 29.7321 32.28 70.0071 53.0094 33.121 51.8556 45.2217 49.0102 6.32456 49.2443 69.7308 50.8035 70.1783 0.0 13.8924 63.8387 57.3149 35.171 61.6847 38.2753 54.1295 20.8806 16.9706 62.8448 22.8035 34.0 82.4203 8.0 95.7183 81.0062 55.0091 41.713 27.7308 51.788 30.4138 24.0832 24.0 13.0384 39.6232 14.3178 38.1182 44.1662 43.4166 72.1249 88.6407 13.0 90.05 43.6727 34.2053 21.0238 17.6918 44.9222 29.2746 58.6686 88.6397 56.6949 78.4347 83.1505 84.1951 66.7857 85.0706 45.0444 49.6729 51.6624 
50.3587 56.4004 97.509 89.2988 72.9515 48.3735 41.3401 43.4166 82.3893 65.2763 47.0106 55.8032 58.8727 43.9659 7.81025 63.0714 77.3469 54.037 82.0244 13.8924 0.0 77.727 53.1413 46.0435 75.2728 48.3735 46.0109 27.6586 19.0 68.0661 29.6142 37.2156 90.802 19.2094 103.148 93.3435 49.7293 55.6013 30.0 48.7545 39.6232 32.573 33.2415 12.53 45.618 20.8806 47.4342 56.6913 54.1479 85.703 96.7988 17.72 97.6934 57.5609 47.7598 19.105 31.241 58.5235 41.1096 66.7308 102.46 70.5831 88.19 95.7549 93.768 79.8736 98.6813 40.4969 63.5612 57.3062 
53.0914 80.1654 23.0 69.2604 79.5052 70.6524 43.566 44.1814 38.0132 36.0 30.7209 79.1654 23.2594 100.53 70.078 17.0 60.8276 80.4797 43.4626 63.8387 77.727 0.0 104.148 48.6812 18.0278 52.2145 110.161 60.8769 68.9493 47.5695 60.4152 69.1809 71.4703 60.6235 90.4434 44.0454 105.287 23.0217 75.3601 97.472 57.0389 56.0892 54.1295 72.2496 66.7184 62.9682 50.0899 27.0 55.3715 21.2603 79.3788 67.2086 83.8153 23.7065 32.8024 76.6776 53.0009 24.1661 49.28 75.5853 28.0179 7.2111 64.5136 42.4264 69.0797 28.178 29.4109 96.8168 16.1555 74.7313 
54.4059 31.3847 116.222 72.8011 49.0408 35.3836 85.0941 88.0511 86.8238 75.778 77.5859 31.9061 81.9178 9.43398 56.2939 87.8992 66.1584 28.8444 83.4594 57.3149 53.1413 104.148 0.0 55.5698 92.2051 53.2541 17.4642 77.9295 71.3092 68.9127 79.9062 89.7385 73.0548 65.2763 75.2396 95.9893 5.38516 85.814 32.5576 6.7082 47.8539 81.3941 81.2219 44.5533 37.8021 71.0211 95.0474 98.0968 58.4123 101.423 74.9533 45.0111 72.9932 87.7737 76.5143 36.3456 70.2567 80.9233 57.7754 53.5185 120.431 99.0341 74.8774 99.7277 78.1857 91.7537 112.845 12.6491 93.774 39.3043 
5.65685 32.0156 60.8276 45.9932 43.135 22.3607 46.9593 49.9095 37.3631 20.6155 34.105 31.0161 26.4511 51.8556 40.6079 32.4324 34.7805 32.249 36.2215 35.171 46.0435 48.6812 55.5698 0.0 36.7967 4.47214 62.9365 49.4065 50.5668 22.0227 50.6063 63.4114 48.0593 38.0132 64.9676 48.0521 56.6127 36.9925 27.2029 48.8774 8.60233 48.8365 47.3892 35.2278 18.6815 45.6508 57.7901 56.5947 8.24621 46.0977 55.8637 29.1548 59.2053 39.725 28.4843 35.1141 31.1466 25.4566 7.07107 27.8208 65.0692 43.5674 43.4626 50.9608 49.2443 37.2156 58.6003 48.1664 42.1111 26.3059 
41.1248 68.1988 24.0416 51.2445 61.8342 58.6858 50.01 51.6624 20.2485 19.9249 30.0666 67.1988 16.4924 88.6172 68.0074 14.1421 43.1856 68.5131 25.4951 61.6847 75.2728 18.0278 92.2051 36.7967 0.0 40.2479 99.7046 65.0308 71.2531 30.1623 65.123 75.9539 53.4509 59.8415 72.4224 27.8029 93.3262 25.318 63.7039 85.5211 45.2548 61.2944 59.3043 68.4552 55.0984 65.192 59.4643 37.1214 43.4049 10.4403 61.3514 62.6728 65.8027 27.6586 27.5136 70.2576 47.2652 16.7631 37.5183 54.0919 28.4253 17.6918 46.4866 27.2947 51.0784 10.6301 23.4094 84.9588 23.7065 62.7647 
2.0 28.1603 64.2646 42.6732 38.6935 18.9737 51.1996 54.1497 40.5237 23.8208 38.9725 27.1662 29.9844 50.2096 43.4166 35.9657 31.4605 28.6356 35.0499 38.2753 48.3735 52.2145 53.2541 4.47214 40.2479 0.0 61.7171 53.4135 54.1202 20.2237 54.6717 67.4759 44.7393 41.6773 60.526 47.5113 54.6717 40.5258 26.8328 46.6154 9.05539 53.0377 51.6236 37.0 15.6525 49.3964 62.0303 55.7814 6.32456 49.4662 53.3503 31.0161 54.7638 43.2583 32.0175 35.9026 35.3868 28.9899 11.4018 23.3793 68.4737 47.1006 40.1622 54.1231 45.9247 40.4824 61.9245 46.6905 45.6444 22.0907 
63.2535 45.607 123.746 87.8128 64.3273 46.5296 83.678 86.3481 97.5462 83.353 79.8845 45.8803 89.2585 12.6491 51.2445 94.5662 79.1202 42.72 94.1856 54.1295 46.0109 110.161 17.4642 62.9365 99.7046 61.7171 0.0 73.171 65.0077 79.6116 75.1665 83.1505 88.295 61.9839 92.0217 106.716 12.1655 88.1126 36.2353 20.0998 54.4518 77.5242 77.7817 41.2311 47.7074 66.1891 92.0706 97.8048 67.624 108.998 90.934 44.0114 89.3588 89.6112 78.8129 34.176 69.8928 88.264 63.2535 66.4831 128.004 103.068 89.3718 110.454 93.1796 100.015 121.457 15.2643 96.0725 52.2689 
55.0 72.4017 83.3607 95.3029 90.7615 62.426 17.8885 18.6011 78.339 62.7932 35.2325 71.5612 49.3672 69.3542 22.0 51.0 84.0902 70.8308 80.0113 20.8806 27.6586 60.8769 77.9295 49.4065 65.0308 53.4135 73.171 0.0 10.0 74.8006 2.0 14.1421 97.369 13.4164 112.594 89.0505 75.326 40.05 48.4665 72.5672 47.3814 5.65685 7.2111 33.3766 58.6003 7.0 20.1246 35.3412 57.4996 75.0067 105.173 33.8378 106.832 38.2099 40.5216 41.5933 19.3132 49.4975 42.4382 75.4473 88.459 54.1295 92.7636 90.2552 98.5517 72.6911 87.2067 65.4905 44.911 70.4344 
55.9017 69.527 90.9634 96.5595 90.4567 60.1082 27.2029 28.3196 82.7345 66.3615 41.1947 68.7677 55.0364 62.3699 15.2315 57.5638 85.3468 67.624 83.7884 16.9706 19.0 68.9493 71.3092 50.5668 71.2531 54.1202 65.0077 10.0 0.0 77.2028 11.6619 18.4391 98.6256 12.6491 112.33 93.6483 68.2495 47.1583 44.1022 66.4078 46.8722 15.6205 16.9706 27.313 56.5862 6.08276 30.0167 44.4185 58.7583 81.4985 105.158 29.4109 106.571 45.6101 45.0999 35.4683 24.0208 55.0091 44.0114 75.1868 96.0562 61.9839 94.0222 95.2575 99.8098 78.0256 94.0603 58.6941 52.811 68.6222 
18.2483 41.0402 50.3322 27.6586 35.5271 33.5366 65.8961 68.1109 18.0283 13.1623 42.2135 40.0402 31.1801 67.424 68.5381 35.3648 16.8924 41.8712 14.867 62.8448 68.0661 47.5695 68.9127 22.0227 30.1623 20.2237 79.6116 74.8006 77.2028 0.0 75.8947 88.4387 29.8329 64.5626 48.0208 27.3284 71.1376 42.9869 46.4866 62.5339 29.2746 73.2378 71.5245 57.0789 31.9061 71.7855 76.7011 58.1623 14.0357 34.7851 37.8021 51.0392 41.3401 45.8003 35.0948 56.0892 56.3135 30.3652 33.5761 27.7849 53.2522 44.9235 24.0832 30.9472 29.8329 23.4107 44.5023 64.3506 46.5789 33.8471 
56.2228 74.0945 83.0241 96.4838 92.1431 64.0703 17.088 17.4929 78.848 63.437 35.6239 73.2462 49.7587 71.3442 24.0 51.0392 85.2711 72.5603 80.6536 22.8035 29.6142 60.4152 79.9062 50.6063 65.123 54.6717 75.1665 2.0 11.6619 75.8947 0.0 12.8062 98.5499 15.2315 113.976 89.5039 77.3175 40.0 50.3289 74.5252 48.8365 4.47214 6.32456 35.3553 60.2163 9.0 18.3576 34.5398 58.6805 75.0067 106.354 35.7351 108.213 38.0526 41.1096 43.566 20.1246 49.8899 43.6005 76.8289 88.1192 53.7587 93.9445 90.6574 99.7326 73.0828 87.0919 67.4759 44.5533 72.0069 
69.029 86.267 92.1358 109.286 104.897 76.4003 26.0768 25.02 91.0554 75.7226 54.9201 85.4459 61.2183 80.8084 33.5261 61.8142 98.0735 84.5991 92.9229 34.0 37.2156 69.1809 89.7385 63.4114 75.9539 67.4759 83.1505 14.1421 18.4391 88.4387 12.8062 0.0 111.352 27.2029 126.729 101.37 86.6833 50.636 61.7171 84.7703 61.5224 15.2315 17.088 45.5412 72.6223 19.7231 20.6155 42.2966 71.4829 85.4751 119.157 46.9574 120.967 48.3735 53.3629 53.7587 32.7567 61.6283 56.4004 89.5826 97.1854 63.0079 106.747 102.11 112.535 84.4038 97.0824 77.1298 54.0093 84.5044 
42.8495 42.7551 68.0074 2.23607 24.0416 45.0444 91.5782 93.793 34.3657 38.833 67.8957 42.5793 56.8595 75.71 86.8873 60.9016 14.4222 45.7056 28.4429 82.4203 90.802 71.4703 73.0548 48.0593 53.4509 44.7393 88.295 97.369 98.6256 29.8329 98.5499 111.352 0.0 86.0597 18.9737 34.5254 77.201 68.669 63.5059 68.4105 52.0653 96.7311 95.2832 78.5875 46.3897 93.6791 102.383 83.8444 39.9854 54.3323 8.06226 73.0821 12.3693 71.4824 60.7769 74.9667 79.0405 56.0357 54.9598 24.3311 69.2604 69.857 7.07107 38.833 5.65685 43.9318 59.3043 73.9798 72.2011 37.054 
43.4166 59.0762 80.7204 83.9935 78.4101 49.2037 22.3607 24.6982 70.3539 53.7727 30.0832 58.2495 43.4166 57.0088 11.6619 46.5725 72.7809 57.4543 71.1996 8.0 19.2094 60.6235 65.2763 38.0132 59.8415 41.6773 61.9839 13.4164 12.6491 64.5626 15.2315 27.2029 86.0597 0.0 100.243 81.3019 63.0079 38.605 35.1141 59.6825 34.8281 16.1245 16.0 21.0238 45.4533 7.81025 30.1496 37.4833 46.1903 70.214 93.0671 20.6155 94.4806 37.2234 33.0151 29.0172 13.0 43.2897 31.3847 63.0961 85.7459 53.6158 81.4542 83.0542 87.2423 66.0303 82.9759 53.0377 44.4697 57.3847 
60.0946 49.0306 86.1452 21.1896 31.0161 56.1201 110.467 112.682 53.1507 57.4131 86.7848 49.2443 75.4309 80.025 99.891 79.6053 31.6228 51.9711 47.2969 95.7183 103.148 90.4434 75.2396 64.9676 72.4224 60.526 92.0217 112.594 112.33 48.0208 113.976 126.729 18.9737 100.243 0.0 52.0 80.0999 87.2377 73.9957 72.0 65.4599 112.659 111.347 90.6959 57.7128 108.048 121.272 102.413 57.8386 72.9932 11.1803 85.5732 6.7082 90.0511 79.666 85.6304 95.2433 74.616 71.6305 37.2022 87.0 88.7694 25.9615 56.0357 22.0907 62.8172 77.0 79.2275 90.824 55.3882 
45.5437 68.1168 34.3657 32.7567 50.5053 60.6132 75.9605 78.0 11.0 28.0713 54.1202 67.1168 40.1622 94.5007 87.0517 40.7063 31.6228 68.9478 12.53 81.0062 93.3435 44.0454 95.9893 48.0521 27.8029 47.5113 106.716 89.0505 93.6483 27.3284 89.5039 101.37 34.5254 81.3019 52.0 0.0 98.2142 51.4782 73.8149 89.6106 56.5084 86.5097 84.4625 83.1865 59.0593 87.8237 86.3308 64.6607 41.2833 23.3238 41.0488 77.1038 46.0977 54.1295 48.6621 83.1299 70.0357 39.8497 52.2398 43.0986 35.0 45.3431 27.8927 4.47214 30.0666 17.4929 25.0 91.4513 51.3128 57.3842 
55.9732 34.9285 117.343 76.844 53.1601 37.6431 83.4865 86.3713 89.0487 76.8991 76.9839 35.3412 83.0567 6.0 53.4603 89.0381 69.1687 32.2025 85.6843 55.0091 49.7293 105.287 5.38516 56.6127 93.3262 54.6717 12.1655 75.326 68.2495 71.1376 77.3175 86.6833 77.201 63.0079 80.0999 98.2142 0.0 85.2119 31.9531 8.94427 48.5489 79.0569 79.0063 42.0476 39.598 68.3593 93.0215 97.4787 60.1415 102.545 79.4292 43.1856 77.6466 87.1716 75.9123 34.0 68.884 82.0622 58.1808 56.5288 121.552 100.168 78.8585 101.953 82.2192 93.5607 115.003 10.0499 93.1719 42.3146 
41.4026 66.9162 43.9659 66.4517 75.0608 59.6286 24.7386 26.5707 41.6773 29.8329 8.59524 65.9454 12.0416 79.5308 47.9523 11.1803 56.4261 69.3258 45.0 41.713 55.6013 23.0217 85.814 36.9925 25.318 40.5258 88.1126 40.05 47.1583 42.9869 40.0 50.636 68.669 38.605 87.2377 51.4782 85.2119 0.0 53.3113 79.3173 42.5413 36.0555 34.0588 50.134 55.5081 41.1294 34.8855 15.2643 43.6828 35.0143 76.7163 45.1597 80.5309 2.82843 13.0384 54.5711 25.7101 12.7279 35.2697 63.8966 49.0408 15.8114 62.482 51.8652 68.0147 34.176 47.1699 75.4296 8.06226 62.5752 
28.6356 26.4008 87.739 62.2896 43.123 18.9737 53.1544 56.1045 64.4184 47.7156 45.0832 25.807 53.2355 26.4008 29.2062 59.2169 51.0 24.0832 61.3535 27.7308 30.0 75.3601 32.5576 27.2029 63.7039 26.8328 36.2353 48.4665 44.1022 46.4866 50.3289 61.7171 63.5059 35.1141 73.9957 73.8149 31.9531 53.3113 0.0 26.1725 18.6011 50.9608 50.448 17.6918 17.1172 42.0476 63.6396 66.2387 33.1059 73.2462 68.6586 14.7648 69.1723 55.271 44.0116 11.7047 38.0 52.241 27.0185 39.2046 92.0978 68.267 62.0081 77.4337 67.1193 64.3772 85.8021 22.3607 61.2712 27.8568 
47.8017 26.0 109.538 68.0074 44.3847 29.0 79.0063 82.0 80.4451 69.0941 71.0892 26.4008 75.2419 8.24621 51.2445 81.2232 60.255 23.2594 77.0806 51.788 48.7545 97.472 6.7082 48.8774 85.5211 46.6154 20.0998 72.5672 66.4078 62.5339 74.5252 84.7703 68.4105 59.6825 72.0 89.6106 8.94427 79.3173 26.1725 0.0 41.1461 75.8024 75.5381 39.2938 31.241 65.7343 89.202 91.4396 51.8556 94.7395 70.859 39.2046 69.2604 81.277 70.0176 31.0483 64.0703 74.2474 51.0784 47.6152 113.747 92.3582 70.0122 93.3489 73.376 85.5478 106.639 9.21954 87.2772 33.401 
11.0454 27.6586 69.2965 50.5608 43.6053 17.2627 46.765 49.7151 45.8345 29.1317 34.3132 26.6833 34.8087 43.6005 35.1141 40.7901 39.8782 27.1662 44.093 30.4138 39.6232 57.0389 47.8539 8.60233 45.2548 9.05539 54.4518 47.3814 46.8722 29.2746 48.8365 61.5224 52.0653 34.8281 65.4599 56.5084 48.5489 42.5413 18.6011 41.1461 0.0 47.8017 46.6154 28.0179 13.1529 42.638 57.5957 56.803 15.2971 54.6717 58.2856 22.0907 59.6991 44.5009 33.2416 26.9258 30.8869 33.8142 10.198 28.3146 73.5935 51.925 48.5829 59.434 54.3424 45.793 67.2012 39.8246 50.5012 23.7065 
54.4885 73.8241 78.7718 94.6649 90.8264 63.6318 12.6491 13.0384 75.8545 60.5217 39.9827 72.9452 46.2809 73.0616 26.3059 47.1699 83.4523 72.45 77.722 24.0832 32.573 56.0892 81.3941 48.8365 61.2944 53.0377 77.5242 5.65685 15.6205 73.2378 4.47214 15.2315 96.7311 16.1245 112.659 86.5097 79.0569 36.0555 50.9608 75.8024 47.8017 0.0 2.0 37.0135 59.6825 11.7047 14.8661 30.0832 56.8617 71.0634 104.535 36.6742 107.911 34.0 38.162 45.0999 17.8045 46.6909 41.7737 75.5122 83.863 49.4975 92.7471 87.1729 98.3598 69.4664 83.0241 69.1158 40.3113 71.2811 
53.0431 72.8972 76.7919 93.2171 89.5142 62.6498 10.7703 11.4018 74.1412 58.8084 38.0132 72.0069 44.3113 73.0068 26.6833 45.1774 82.0044 71.5891 76.0087 24.0 33.2415 54.1295 81.2219 47.3892 59.3043 51.6236 77.7817 7.2111 16.9706 71.5245 6.32456 17.088 95.2832 16.0 111.347 84.4625 79.0063 34.0588 50.448 75.5381 46.6154 2.0 0.0 37.0135 58.6686 12.53 14.3178 28.2312 55.4138 69.0652 103.088 36.3456 106.463 32.0 36.4487 45.0111 16.2788 44.7214 40.3259 74.2 81.8841 47.5184 91.0338 85.2034 96.6465 67.4969 81.0247 69.029 38.3275 70.1783 
39.0 44.0454 91.0263 77.1298 60.4652 35.8469 42.45 45.1221 72.3671 55.3173 41.7253 43.4166 52.0984 36.0555 12.083 56.7002 65.1868 41.7732 71.4493 13.0384 12.53 72.2496 44.5533 35.2278 68.4552 37.0 41.2311 33.3766 27.313 57.0789 35.3553 45.5412 78.5875 21.0238 90.6959 83.1865 42.0476 50.134 17.6918 39.2938 28.0179 37.0135 37.0135 0.0 33.1059 26.4764 51.1566 56.6146 43.0465 78.3365 84.4334 6.08276 85.2412 52.0936 40.9469 8.24621 29.0689 51.7167 31.3209 54.4059 95.9025 65.1158 76.2278 85.9069 81.6079 70.8378 91.1505 32.1403 58.0939 44.7772 
16.6433 14.5602 79.1152 45.1774 29.2653 4.12311 59.2942 62.2443 49.8518 38.6714 47.28 13.6015 44.4882 35.609 43.0116 50.4696 34.0588 14.0357 46.5296 39.6232 45.618 66.7184 37.8021 18.6815 55.0984 15.6525 47.7074 58.6003 56.5862 31.9061 60.2163 72.6223 46.3897 45.4533 57.7128 59.0593 39.598 55.5081 17.1172 31.241 13.1529 59.6825 58.6686 33.1059 0.0 53.1507 70.1249 69.7698 20.6155 64.3168 51.6624 28.3019 52.2582 57.4678 46.2084 28.6356 43.4626 43.4937 23.0 22.0907 83.3243 61.6045 45.0111 62.7694 50.04 55.333 76.7751 32.45 60.1483 12.0416 
51.1077 66.6108 84.9345 91.6129 86.2154 56.8507 21.9317 23.4307 76.9415 60.8903 35.1283 65.8027 49.0102 62.3939 15.0 51.4847 80.4003 64.8999 78.3172 14.3178 20.8806 62.9682 71.0211 45.6508 65.192 49.3964 66.1891 7.0 6.08276 71.7855 9.0 19.7231 93.6791 7.81025 108.048 87.8237 68.3593 41.1294 42.0476 65.7343 42.638 11.7047 12.53 26.4764 53.1507 0.0 26.5707 38.833 53.8097 75.4255 100.872 27.313 102.286 39.5811 39.2046 34.7131 18.0 49.0 38.9102 70.9012 90.0273 55.9732 89.0737 89.3588 94.8617 72.0625 87.9813 58.5491 46.8188 65.1153 
63.5345 84.5752 73.0616 100.166 100.094 74.191 12.2066 9.21954 76.5376 63.6417 40.5276 83.65 46.6476 87.023 41.0 45.6946 90.1403 83.5065 79.6116 38.1182 47.4342 50.0899 95.0474 57.7901 59.4643 62.0303 92.0706 20.1246 30.0167 76.7011 18.3576 20.6155 102.383 30.1496 121.272 86.3308 93.0215 34.8855 63.6396 89.202 57.5957 14.8661 14.3178 51.1566 70.1249 26.5707 0.0 23.1948 65.8146 68.1542 111.224 50.04 114.599 32.2025 45.0555 59.0339 26.7116 47.1699 50.7267 84.78 78.0256 44.5533 96.2104 86.539 101.823 68.942 78.9177 83.006 36.1386 81.2958 
56.6583 84.3299 50.0 81.6271 94.4664 73.8903 17.4642 17.4642 55.6058 45.0 22.8569 83.37 27.0185 91.5176 49.0416 24.2074 71.6015 83.5875 59.4643 44.1662 56.6913 27.0 98.0968 56.5947 37.1214 55.7814 97.8048 35.3412 44.4185 58.1623 34.5398 42.2966 83.8444 37.4833 102.413 64.6607 97.4787 15.2643 66.2387 91.4396 56.803 30.0832 28.2312 56.6146 69.7698 38.833 23.1948 0.0 58.9384 45.2217 91.8917 54.3071 95.7063 12.53 27.3848 63.8537 29.8726 27.8029 49.5313 79.1522 55.0091 21.3776 77.6209 64.4127 83.0963 47.1699 55.7315 87.4293 13.4164 80.4432 
4.47214 31.5707 67.4216 37.9192 40.6084 23.3238 54.9839 57.934 43.6807 26.9778 42.1295 30.5707 33.1414 55.9017 48.8365 39.1227 26.7065 32.311 28.8219 43.4166 54.1479 55.3715 58.4123 8.24621 43.4049 6.32456 67.624 57.4996 58.7583 14.0357 58.6805 71.4829 39.9854 46.1903 57.8386 41.2833 60.1415 43.6828 33.1059 51.8556 15.2971 56.8617 55.4138 43.0465 20.6155 53.8097 65.8146 58.9384 0.0 52.6232 47.7897 37.0135 51.1656 46.4153 35.1745 42.2019 39.1711 32.1469 15.0904 25.2942 71.6307 50.2577 35.3412 57.2801 41.1461 43.6394 65.0815 52.4976 48.8014 24.4402 
50.3431 75.708 15.6525 52.2398 65.0513 67.9042 59.4138 60.8276 20.025 27.2029 40.3113 74.708 26.9258 97.8408 78.4474 24.0208 46.3897 76.5003 26.0192 72.1249 85.703 21.2603 101.423 46.0977 10.4403 49.4662 108.998 75.0067 81.4985 34.7851 75.0067 85.4751 54.3323 70.214 72.9932 23.3238 102.545 35.0143 73.2462 94.7395 54.6717 71.0634 69.0652 78.3365 64.3168 75.4255 68.1542 45.2217 52.6232 0.0 61.8142 72.3869 66.6108 37.1214 37.9473 79.9718 57.5587 27.2029 47.2324 57.309 19.2094 24.1661 47.2652 21.2603 50.9902 11.4018 13.0 94.1796 32.0156 68.5149 
50.6538 46.0109 75.06 10.2956 27.0 49.8197 100.418 102.633 41.9762 46.8722 75.943 46.0 64.8999 78.5175 93.1075 68.9638 21.9317 49.0102 36.1386 88.6407 96.7988 79.3788 74.9533 55.8637 61.3514 53.3503 90.934 105.173 105.158 37.8021 106.354 119.157 8.06226 93.0671 11.1803 41.0488 79.4292 76.7163 68.6586 70.859 58.2856 104.535 103.088 84.4334 51.6624 100.872 111.224 91.8917 47.7897 61.8142 0.0 79.1202 5.09902 79.5297 68.8242 80.2808 86.8449 64.0947 62.7641 30.0832 76.0263 77.8781 14.8661 45.1774 11.0 51.6624 66.0303 77.1622 80.2621 41.387 
33.0151 40.3113 85.9395 71.5787 63.6744 31.4006 40.3113 43.1856 66.2873 49.2443 36.8782 39.598 47.0116 37.2156 14.8661 51.6134 59.6269 38.2884 65.3758 13.0 17.72 67.2086 45.0111 29.1548 62.6728 31.0161 44.0114 33.8378 29.4109 51.0392 35.7351 46.9574 73.0821 20.6155 85.5732 77.1038 43.1856 45.1597 14.7648 39.2046 22.0907 36.6742 36.3456 6.08276 28.3019 27.313 50.04 54.3071 37.0135 72.3869 79.1202 0.0 80.1124 47.1193 35.8601 9.84886 25.9615 46.6299 25.2982 49.0408 90.8157 60.1082 70.5605 79.8311 76.048 64.846 85.201 33.1361 53.1196 40.2244 
54.3323 45.1774 80.025 14.5602 26.4764 50.3064 103.794 106.009 46.6905 50.7063 80.1118 45.2769 68.7241 77.1038 94.3663 72.8972 25.0 48.1664 40.7922 90.05 97.6934 83.8153 72.9932 59.2053 65.8027 54.7638 89.3588 106.832 106.571 41.3401 108.213 120.967 12.3693 94.4806 6.7082 46.0977 77.6466 80.5309 69.1723 69.2604 59.6991 107.911 106.463 85.2412 52.2582 102.286 114.599 95.7063 51.1656 66.6108 5.09902 80.1124 0.0 83.3443 72.993 80.8215 90.2208 67.9092 65.8682 31.3847 81.0555 82.0792 19.4165 50.2494 16.0312 56.2939 71.0634 76.0 84.119 50.9902 
44.1352 69.6487 45.3542 69.2651 77.8742 61.5883 22.3607 24.0416 44.4185 32.6497 10.5549 68.678 14.8661 81.4905 49.912 13.6015 59.2395 71.2855 47.8017 43.6727 57.5609 23.7065 87.7737 39.725 27.6586 43.2583 89.6112 38.2099 45.6101 45.8003 38.0526 48.3735 71.4824 37.2234 90.0511 54.1295 87.1716 2.82843 55.271 81.277 44.5009 34.0 32.0 52.0936 57.4678 39.5811 32.2025 12.53 46.4153 37.1214 79.5297 47.1193 83.3443 0.0 15.0333 56.5308 29.6007 15.5563 37.2293 66.6291 50.448 16.5529 65.2993 54.4243 70.8378 36.7696 49.0408 77.3893 7.81025 65.3077 
32.8944 58.408 50.2494 58.5595 70.7025 50.3289 34.0799 36.2947 37.855 22.3787 8.06226 57.4372 11.1803 70.2311 40.5216 16.2788 48.5339 60.0261 39.5601 34.2053 47.7598 32.8024 76.5143 28.4843 27.5136 32.0175 78.8129 40.5216 45.0999 35.0948 41.1096 53.3629 60.7769 33.0151 79.666 48.6621 75.9123 13.0384 44.0116 70.0176 33.2416 38.162 36.4487 40.9469 46.2084 39.2046 45.0555 27.3848 35.1745 37.9473 68.8242 35.8601 72.993 15.0333 0.0 45.329 21.3776 10.7703 25.97 55.3883 55.0727 26.0768 54.604 50.1597 60.2168 33.0151 50.9215 66.1299 20.6155 54.0669 
37.855 37.7359 94.2927 73.6817 54.7577 30.6757 49.8197 52.6118 72.4561 55.7136 46.4004 37.2156 56.4805 28.0 20.2485 61.0823 62.1289 35.2278 70.9331 21.0238 19.105 76.6776 36.3456 35.1141 70.2576 35.9026 34.176 41.5933 35.4683 56.0892 43.566 53.7587 74.9667 29.0172 85.6304 83.1299 34.0 54.5711 11.7047 31.0483 26.9258 45.0999 45.0111 8.24621 28.6356 34.7131 59.0339 63.8537 42.2019 79.9718 80.2808 9.84886 80.8215 56.5308 45.329 0.0 35.7351 56.0988 32.7567 50.636 98.6576 69.5844 73.171 86.0555 78.4092 72.0139 92.7858 24.0208 62.531 39.5601 
36.8004 57.9396 67.8255 76.9744 73.4107 47.5395 15.8808 18.831 59.2284 43.5372 17.2627 57.0088 31.0161 62.9682 23.4307 33.7343 65.7617 56.921 60.7552 17.6918 31.241 53.0009 70.2567 31.1466 47.2652 35.3868 69.8928 19.3132 24.0208 56.3135 20.1246 32.7567 79.0405 13.0 95.2433 70.0357 68.884 25.7101 38.0 64.0703 30.8869 17.8045 16.2788 29.0689 43.4626 18.0 26.7116 29.8726 39.1711 57.5587 86.8449 25.9615 90.2208 29.6007 21.3776 35.7351 0.0 31.0 24.0832 58.0965 72.8511 45.9931 74.4351 71.4493 81.4355 54.0833 70.214 58.8558 36.8471 54.5894 
29.8668 56.9292 39.6611 53.8238 62.4391 47.4278 36.2602 38.4708 29.5466 17.2047 14.3178 55.9312 1.0 77.3049 51.2445 7.28011 43.8044 57.255 32.45 44.9222 58.5235 24.1661 80.9233 25.4566 16.7631 28.9899 88.264 49.4975 55.0091 30.3652 49.8899 61.6283 56.0357 43.2897 74.616 39.8497 82.0622 12.7279 52.241 74.2474 33.8142 46.6909 44.7214 51.7167 43.4937 49.0 47.1699 27.8029 32.1469 27.2029 64.0947 46.6299 67.9092 15.5563 10.7703 56.0988 31.0 0.0 26.0554 52.3607 44.4185 18.4391 49.8197 40.7922 55.3173 23.1948 40.1622 73.5922 16.7631 51.0393 
12.7279 37.2156 61.5533 52.8936 49.7979 27.0185 39.896 42.8461 41.3038 24.1868 27.0416 36.2215 27.0499 53.0 35.0571 33.0312 41.6809 37.0135 41.0122 29.2746 41.1096 49.28 57.7754 7.07107 37.5183 11.4018 63.2535 42.4382 44.0114 33.5761 43.6005 56.4004 54.9598 31.3847 71.6305 52.2398 58.1808 35.2697 27.0185 51.0784 10.198 41.7737 40.3259 31.3209 23.0 38.9102 50.7267 49.5313 15.0904 47.2324 62.7641 25.2982 65.8682 37.2293 25.97 32.7567 24.0832 26.0554 0.0 34.4837 65.9183 44.1662 50.3543 54.7449 56.1424 39.5601 60.0465 49.0918 43.2296 32.28 
22.9478 24.3132 72.3561 23.0868 15.6227 21.095 73.9493 76.8994 37.9341 47.1916 62.3433 23.3132 53.3552 53.8516 63.0714 59.3365 12.6491 25.1442 32.2772 58.6686 66.7308 75.5853 53.5185 27.8208 54.0919 23.3793 66.4831 75.4473 75.1868 27.7849 76.8289 89.5826 24.3311 63.0961 37.2022 43.0986 56.5288 63.8966 39.2046 47.6152 28.3146 75.5122 74.2 54.4059 22.0907 70.9012 84.78 79.1522 25.2942 57.309 30.0832 49.0408 31.3847 66.6291 55.3883 50.636 58.0965 52.3607 34.4837 0.0 74.6213 70.4715 23.1948 47.493 28.0 46.0328 65.1565 51.5461 69.0152 14.3178 
69.3506 94.1752 5.09902 67.3647 82.3636 86.9116 71.4493 72.1734 36.6879 46.4004 55.7136 93.1752 43.909 116.848 94.9368 39.3954 63.6003 94.9674 42.45 88.6397 102.46 28.0179 120.431 65.0692 28.4253 68.4737 128.004 88.459 96.0562 53.2522 88.1192 97.1854 69.2604 85.7459 87.0 35.0 121.552 49.0408 92.0978 113.747 73.5935 83.863 81.8841 95.9025 83.3243 90.0273 78.0256 55.0091 71.6307 19.2094 76.0263 90.8157 81.0555 50.448 55.0727 98.6576 72.8511 44.4185 65.9183 74.6213 0.0 34.3657 62.3939 31.0644 65.0308 30.0167 10.0 113.187 43.566 86.982 
47.9775 75.04 29.2746 67.624 76.9971 65.5386 37.1214 38.0 37.8021 32.5576 23.5771 74.042 17.4642 94.4865 62.9342 11.1803 58.2409 75.3658 42.72 56.6949 70.5831 7.2111 99.0341 43.5674 17.6918 47.1006 103.068 54.1295 61.9839 44.9235 53.7587 63.0079 69.857 53.6158 88.7694 45.3431 100.168 15.8114 68.267 92.3582 51.925 49.4975 47.5184 65.1158 61.6045 55.9732 44.5533 21.3776 50.2577 24.1661 77.8781 60.1082 82.0792 16.5529 26.0768 69.5844 45.9931 18.4391 44.1662 70.4715 34.3657 0.0 63.0714 44.4072 68.0 28.3196 34.3657 90.3853 9.21954 69.15 
38.2753 44.2384 61.0328 5.0 26.0768 44.2832 85.4054 87.6202 27.2947 32.6497 61.7228 46.2019 50.6063 76.7417 83.5448 54.3783 11.0454 48.0328 21.3776 78.4347 88.19 64.5136 74.8774 43.4626 46.4866 40.1622 89.3718 92.7636 94.0222 24.0832 93.9445 106.747 7.07107 81.4542 25.9615 27.8927 78.8585 62.482 62.0081 70.0122 48.5829 92.7471 91.0338 76.2278 45.0111 89.0737 96.2104 77.6209 35.3412 47.2652 14.8661 70.5605 19.4165 65.2993 54.604 73.171 74.4351 49.8197 50.3543 23.1948 62.3939 63.0714 0.0 32.28 5.83095 36.8782 52.469 74.4819 65.7343 37.108 
49.1624 71.8552 30.8058 37.108 54.9521 64.3516 76.5376 78.4347 13.6015 30.5941 55.109 70.8552 41.0 98.2391 89.2749 40.8534 36.0555 72.6861 16.4012 83.1505 95.7549 42.4264 99.7277 50.9608 27.2947 54.1231 110.454 90.2552 95.2575 30.9472 90.6574 102.11 38.833 83.0542 56.0357 4.47214 101.953 51.8652 77.4337 93.3489 59.434 87.1729 85.2034 85.9069 62.7694 89.3588 86.539 64.4127 57.2801 21.2603 45.1774 79.8311 50.2494 54.4243 50.1597 86.0555 71.4493 40.7922 54.7449 47.493 31.0644 44.4072 32.28 0.0 34.2345 17.72 21.095 95.1893 51.0 61.7786 
44.0349 47.6021 64.0703 5.38516 29.1548 49.0408 91.0181 93.2329 31.3209 38.2099 67.3355 47.4178 56.0803 80.5759 89.3043 59.6406 16.4924 50.5459 25.632 84.1951 93.768 69.0797 78.1857 49.2443 51.0784 45.9247 93.1796 98.5517 99.8098 29.8329 99.7326 112.535 5.65685 87.2423 22.0907 30.0666 82.2192 68.0147 67.1193 73.376 54.3424 98.3598 96.6465 81.6079 50.04 94.8617 101.823 83.0963 41.1461 50.9902 11.0 76.048 16.0312 70.8378 60.2168 78.4092 81.4355 55.3173 56.1424 28.0 65.0308 68.0 5.83095 34.2345 0.0 41.1096 55.0364 78.8096 71.0282 41.4367 
41.3593 64.3337 26.9258 41.7732 53.775 56.649 58.8218 60.7454 9.84886 17.0294 37.4833 63.3337 23.3452 88.8569 73.073 23.2594 35.1283 65.126 15.5242 66.7857 79.8736 28.178 91.7537 37.2156 10.6301 40.4824 100.015 72.6911 78.0256 23.4107 73.0828 84.4038 43.9318 66.0303 62.8172 17.4929 93.5607 34.176 64.3772 85.5478 45.793 69.4664 67.4969 70.8378 55.333 72.0625 68.942 47.1699 43.6394 11.4018 51.6624 64.846 56.2939 36.7696 33.0151 72.0139 54.0833 23.1948 39.5601 46.0328 30.0167 28.3196 36.8782 17.72 41.1096 0.0 21.9317 85.1958 33.8378 57.1406 
62.8014 85.4253 10.2956 57.4282 72.8987 77.7406 71.0282 72.1734 27.313 38.8973 52.9528 84.4253 39.8497 110.299 91.3947 36.4966 54.0833 86.2176 32.8938 85.0706 98.6813 29.4109 112.845 58.6003 23.4094 61.9245 121.457 87.2067 94.0603 44.5023 87.0919 97.0824 59.3043 82.9759 77.0 25.0 115.003 47.1699 85.8021 106.639 67.2012 83.0241 81.0247 91.1505 76.7751 87.9813 78.9177 55.7315 65.0815 13.0 66.0303 85.201 71.0634 49.0408 50.9215 92.7858 70.214 40.1622 60.0465 65.1565 10.0 34.3657 52.469 21.095 55.0364 21.9317 0.0 106.638 43.1045 78.2322 
48.1664 31.257 108.977 73.4515 50.2494 31.305 73.437 76.3217 82.2827 68.5342 67.2015 31.4006 74.5867 4.12311 43.7379 80.568 64.195 28.2843 78.9214 45.0444 40.4969 96.8168 12.6491 48.1664 84.9588 46.6905 15.2643 65.4905 58.6941 64.3506 67.4759 77.1298 73.9798 53.0377 79.2275 91.4513 10.0499 75.4296 22.3607 9.21954 39.8246 69.1158 69.029 32.1403 32.45 58.5491 83.006 87.4293 52.4976 94.1796 77.1622 33.1361 76.0 77.3893 66.1299 24.0208 58.8558 73.5922 49.0918 51.5461 113.187 90.3853 74.4819 95.1893 78.8096 85.1958 106.638 0.0 83.3896 37.379 
46.5213 72.0349 38.4708 69.9714 78.6527 63.4061 28.0179 29.0689 42.5206 33.541 16.5552 71.0641 15.8114 87.4908 55.9123 11.4018 60.0181 72.8374 46.6905 49.6729 63.5612 16.1555 93.774 42.1111 23.7065 45.6444 96.0725 44.911 52.811 46.5789 44.5533 54.0093 72.2011 44.4697 90.824 51.3128 93.1719 8.06226 61.2712 87.2772 50.5012 40.3113 38.3275 58.0939 60.1483 46.8188 36.1386 13.4164 48.8014 32.0156 80.2621 53.1196 84.119 7.81025 20.6155 62.531 36.8471 16.7631 43.2296 69.0152 43.566 9.21954 65.7343 51.0 71.0282 33.8378 43.1045 83.3896 0.0 67.6938 
