NAME  : Jabali_80_2_0.90_1_5
TYPE : SVRP
MODEL : FINITE_SUPPORT
NUMBER_OF_SCENARIOS : 200
DIMENSION : 80
EDGE_WEIGHT_TYPE : MATRIX
CAPACITY : 238
N_VEHICLES : 2
NODE_COORD_SECTION
1 3740 3823
2 873 1893
3 6584 1952
4 6719 3760
5 2246 5699
6 1400 3267
7 7205 3490
8 1340 6597
9 3577 2710
10 1818 18
11 2322 1077
12 4271 2709
13 931 2105
14 6544 1648
15 5004 6319
16 5458 6182
17 4459 1168
18 7257 4097
19 4933 7675
20 2711 3234
21 2445 1900
22 5690 4528
23 4409 7803
24 5890 3718
25 2122 682
26 6163 1072
27 3160 5340
28 5835 2296
29 7150 1908
30 4341 7314
31 5208 2489
32 6939 5755
33 1020 1590
34 1096 4137
35 1680 4795
36 8094 3612
37 4082 3253
38 1386 7083
39 2073 942
40 4420 7424
41 1376 4414
42 6505 8067
43 5120 486
44 4849 7308
45 6138 917
46 1892 4651
47 6692 1889
48 3984 3955
49 6996 4694
50 1280 2742
51 2745 5973
52 1730 6140
53 6367 2992
54 5475 5091
55 4288 3111
56 4266 5414
57 5593 1866
58 4024 5728
59 2172 254
60 1463 5217
61 5551 7326
62 2251 1416
63 1815 455
64 4824 3416
65 6287 4212
66 2209 4223
67 4973 3113
68 90 6759
69 3723 3078
70 2905 3469
71 6772 1368
72 5966 2870
73 27 6631
74 4836 621
75 6483 6924
76 6214 1322
77 3626 460
78 1189 3558
79 6190 2576
80 6926 789
DEMAND_SECTION
1 0.0
2 6.0
3 2.0
4 4.0
5 6.0
6 2.0
7 2.0
8 5.0
9 8.0
10 6.0
11 3.0
12 9.0
13 7.0
14 6.0
15 1.0
16 6.0
17 8.0
18 10.0
19 7.0
20 1.0
21 8.0
22 6.0
23 2.0
24 8.0
25 8.0
26 5.0
27 1.0
28 9.0
29 3.0
30 6.0
31 1.0
32 4.0
33 2.0
34 3.0
35 5.0
36 2.0
37 2.0
38 6.0
39 5.0
40 10.0
41 7.0
42 4.0
43 1.0
44 9.0
45 6.0
46 4.0
47 5.0
48 10.0
49 6.0
50 3.0
51 3.0
52 1.0
53 7.0
54 8.0
55 8.0
56 7.0
57 10.0
58 7.0
59 9.0
60 2.0
61 5.0
62 6.0
63 8.0
64 7.0
65 2.0
66 10.0
67 4.0
68 2.0
69 10.0
70 4.0
71 6.0
72 7.0
73 3.0
74 6.0
75 8.0
76 9.0
77 7.0
78 2.0
79 8.0
80 3.0
DEVIATION_SECTION
1 0.0
2 2.0
3 0.666667
4 1.33333
5 2.0
6 0.666667
7 0.666667
8 1.66667
9 2.66667
10 2.0
11 1.0
12 3.0
13 2.33333
14 2.0
15 0.333333
16 2.0
17 2.66667
18 3.33333
19 2.33333
20 0.333333
21 2.66667
22 2.0
23 0.666667
24 2.66667
25 2.66667
26 1.66667
27 0.333333
28 3.0
29 1.0
30 2.0
31 0.333333
32 1.33333
33 0.666667
34 1.0
35 1.66667
36 0.666667
37 0.666667
38 2.0
39 1.66667
40 3.33333
41 2.33333
42 1.33333
43 0.333333
44 3.0
45 2.0
46 1.33333
47 1.66667
48 3.33333
49 2.0
50 1.0
51 1.0
52 0.333333
53 2.33333
54 2.66667
55 2.66667
56 2.33333
57 3.33333
58 2.33333
59 3.0
60 0.666667
61 1.66667
62 2.0
63 2.66667
64 2.33333
65 0.666667
66 3.33333
67 1.33333
68 0.666667
69 3.33333
70 1.33333
71 2.0
72 2.33333
73 1.0
74 2.0
75 2.66667
76 3.0
77 2.33333
78 0.666667
79 2.66667
80 1.0
DISTANCE_MATRIX
0.0 48.697 46.669 39.5011 34.7322 32.2187 45.4707 51.4707 15.2315 57.2014 43.2782 16.2788 46.6509 47.5079 42.5052 42.4506 38.0526 47.1225 54.6022 16.7631 33.1448 35.4223 54.2826 29.0921 48.8365 49.7393 21.1896 34.7131 51.7397 48.9 26.6271 53.2606 52.2398 36.2312 32.7588 57.441 9.21954 55.5307 46.2277 49.3179 34.0768 72.0503 48.8365 50.1877 50.1199 29.9317 45.9674 3.16228 46.7017 36.0384 32.28 43.7373 35.8476 32.1081 11.7047 25.1926 36.3593 25.1926 54.4901 38.6105 57.8021 39.6232 52.2015 15.0 37.3839 22.8661 18.3848 67.4054 10.4403 13.3417 51.8556 32.2025 66.6003 46.3897 58.2347 47.7074 46.3249 34.1725 36.2353 58.8218 
48.697 0.0 76.7585 81.7486 52.8394 18.868 86.7788 62.0967 39.3332 30.0832 21.2603 46.8403 2.23607 75.4407 83.7528 87.2355 48.7545 89.5603 93.2635 35.4689 19.9249 77.8904 90.7468 71.4891 21.0238 71.8679 57.3866 65.9425 82.8403 85.8211 57.8542 101.468 4.0 29.1204 38.9102 98.6323 48.7662 68.1542 23.0217 86.5651 33.2415 115.044 59.6825 89.319 71.3092 38.0789 75.7755 51.7424 89.1698 12.7279 58.2495 56.648 74.0802 80.3158 49.5712 69.0008 62.6325 69.0008 22.3607 43.6578 98.8168 19.2094 27.313 57.6872 79.852 35.4683 57.2804 65.0077 44.0439 36.6029 78.4474 69.0102 64.0078 56.0803 106.442 71.7844 41.7732 21.5407 70.8403 82.0792 
46.669 76.7585 0.0 25.318 80.4372 74.9926 23.2594 97.1757 43.382 68.2495 61.0 34.4819 76.4588 3.60555 64.1327 60.407 31.4006 31.0161 81.4985 56.4358 56.8859 37.9473 85.3288 26.9258 66.0681 12.8062 66.9788 12.2066 6.08276 80.8084 21.095 50.9902 75.9539 80.1561 77.3896 30.4138 39.2046 101.07 62.0725 80.604 78.6003 83.0241 28.3019 77.7817 14.2127 74.5625 1.0 45.5087 37.4833 74.1275 78.0627 89.4423 15.1327 45.3542 36.4005 57.8044 14.1421 62.8202 71.2531 83.2412 75.0267 60.1332 64.6297 31.8904 32.0156 67.4969 28.2843 112.036 42.72 54.9181 7.0 15.6525 111.231 29.9666 67.6018 9.89949 45.607 76.9652 11.1803 15.0333 
39.5011 81.7486 25.318 0.0 66.8856 70.7476 7.2111 82.4266 43.4166 80.5295 69.6419 34.9285 81.4489 28.6356 41.7124 37.4374 46.0977 8.06226 57.6952 53.4628 61.8466 19.4165 62.6656 11.0454 75.3923 37.0 56.455 22.8035 26.0768 58.4678 26.0768 25.7099 81.0033 75.243 71.7707 18.4391 35.145 84.8692 71.6938 58.1545 73.0887 57.7062 48.8262 54.9011 38.2753 68.9436 25.4951 38.1423 12.1655 74.5672 61.6181 75.3003 11.6619 24.2579 33.1361 40.8605 29.2062 44.2617 81.1542 76.7551 50.3587 67.3573 76.0263 25.1795 8.81913 61.8779 24.5153 99.4861 40.1172 50.8515 32.249 15.5563 99.6359 49.0408 42.2966 33.8378 60.6053 72.66 17.4929 40.1123 
34.7322 52.8394 80.4372 66.8856 0.0 34.0 74.035 17.2047 44.1475 77.1298 63.1506 49.4997 50.6063 81.4125 37.0135 42.0476 69.3758 72.2288 44.2832 34.0 52.5261 50.0705 40.4969 63.9222 67.1863 84.122 13.5571 68.6068 85.4115 36.2353 60.8715 60.208 56.356 25.4558 14.2127 84.6382 43.9159 21.9317 66.2873 37.1214 20.5183 65.146 81.0047 40.8534 84.5872 14.7648 79.7615 34.9291 70.0089 40.7185 7.28011 9.21954 70.8155 42.6307 46.434 26.0 70.7056 23.5372 71.4703 12.083 48.7647 59.0339 72.5672 48.6202 58.2345 19.2354 52.2069 33.0151 41.2636 32.1403 85.8011 65.8014 32.45 78.1665 58.2151 81.9447 74.1687 31.6228 69.8801 92.9357 
32.2187 18.868 74.9926 70.7476 34.0 0.0 76.7171 44.4072 32.3935 45.0444 32.249 40.5912 16.6433 75.0004 64.2696 70.5593 52.0558 78.7778 74.6554 18.9906 23.7697 67.1518 72.1388 60.3385 35.0143 74.8357 38.7786 62.804 80.6426 67.2131 53.9004 84.7922 22.3607 12.1655 20.2485 88.6874 36.2602 50.4876 35.1283 67.9571 15.1327 94.1617 63.648 70.711 74.82 19.2354 74.1486 35.2641 78.4312 7.07107 39.4081 38.3275 66.5428 63.6396 38.9112 52.3246 62.4053 49.6554 38.4708 25.4951 77.6089 28.4429 41.0122 45.6622 69.1134 17.0294 47.9499 50.2195 32.2754 20.1246 78.9815 62.2587 49.2443 60.065 89.7662 73.5502 48.7545 4.47214 65.7422 84.8417 
45.4707 86.7788 23.2594 7.2111 74.035 76.7171 0.0 89.576 49.0408 84.1724 74.0405 40.1995 86.4791 26.8328 48.8618 43.4256 48.5489 8.06226 62.9365 59.4324 66.9104 26.6271 67.9645 17.72 79.6994 35.8469 63.6044 24.4131 22.3607 64.5906 29.7321 29.0 86.0335 81.0501 77.5778 12.0 41.1096 92.0186 75.8947 64.0548 78.8957 61.0737 49.5177 59.9269 37.2156 74.7506 23.7065 44.1119 16.4924 80.5368 68.7674 82.4497 13.4164 31.4073 39.0128 48.0099 30.6105 51.4111 85.3815 83.9045 55.3173 72.0347 79.8499 31.1491 15.9685 67.685 30.0167 106.635 46.0435 56.821 29.7321 18.3848 106.785 50.2494 46.0109 32.7567 63.2851 78.6296 18.6011 37.108 
51.4707 62.0967 97.1757 82.4266 17.2047 44.4072 89.576 0.0 60.407 89.3588 76.0263 66.0319 59.9083 98.1511 48.7647 54.4059 85.703 87.5819 50.2494 49.0306 66.0681 65.6115 44.7214 79.1597 79.3095 100.861 30.2956 85.3453 102.15 42.107 77.6101 73.736 65.9697 32.9848 25.02 99.9913 60.0691 6.08276 79.0569 43.1045 29.2746 72.2496 97.4987 48.0104 101.021 27.1662 96.5 51.6676 85.4321 51.4782 20.8087 8.06226 86.053 57.9839 62.8943 41.6173 87.4441 38.0789 82.8734 19.0263 57.0088 72.0069 85.1469 65.3587 73.7755 33.7343 68.9454 17.72 57.7958 47.8017 102.54 82.5399 17.4642 94.578 68.593 98.6832 89.2693 40.7922 86.6187 109.674 
15.2315 39.3332 43.382 43.4166 44.1475 32.3935 49.0408 60.407 0.0 42.5206 29.0689 9.21954 39.0335 43.0465 52.2306 52.176 25.2982 51.0445 69.9806 13.4536 19.4929 39.3443 69.3834 33.0141 34.8281 42.45 34.0147 31.3847 49.2443 64.0009 22.4722 63.8831 38.5879 37.6144 37.2156 61.0328 9.43398 65.8027 31.8277 64.4187 36.8782 81.7757 37.1618 65.5363 42.4264 34.4819 42.4853 17.4929 50.6237 36.2132 45.1237 52.4976 37.2156 41.8155 10.4403 40.2934 30.2324 40.2934 40.6079 43.4166 67.5275 25.807 37.5366 18.6815 41.3059 27.2947 19.0263 72.2011 5.0 13.0384 46.8722 32.3883 71.3442 34.176 67.9421 41.2311 31.4006 34.3661 35.171 52.4976 
57.2014 30.0832 68.2495 80.5295 77.1298 45.0444 84.1724 89.3588 42.5206 0.0 14.3178 47.634 31.7805 65.7647 94.7259 94.6714 36.8782 88.5889 110.539 45.1012 25.4951 77.9383 110.084 71.5612 10.0499 59.0762 79.3075 60.407 73.9797 104.724 54.5619 102.477 26.2488 57.0 64.6297 95.2733 51.6236 95.4254 11.1803 105.19 60.1332 124.271 43.0465 106.125 58.0345 62.9682 67.2681 59.8164 89.0759 38.0132 81.0757 82.8734 70.7743 84.3273 51.6624 81.1297 55.0818 81.1297 8.06226 70.3491 110.023 18.3848 5.0 59.0339 79.8812 57.9741 57.4282 94.4299 47.5079 47.9603 67.2681 65.7951 93.4345 40.0 110.454 60.2993 23.0217 49.0 66.1287 68.0294 
43.2782 21.2603 61.0 69.6419 63.1506 32.249 74.0405 76.0263 29.0689 14.3178 0.0 35.3553 22.2036 59.0762 81.2724 81.2179 30.4138 77.6209 96.3002 30.8881 11.1803 66.2643 95.8713 59.9333 5.83095 53.9351 65.0944 51.4782 67.0075 90.5107 44.3847 90.8032 18.4391 44.4072 51.0882 85.6154 38.4187 82.0549 3.16228 90.9784 47.0425 110.818 39.9249 91.8858 53.1507 49.2544 60.0 46.0109 77.5438 25.4951 67.0241 69.2604 60.8769 70.7844 38.833 66.8906 47.0425 66.9198 11.6619 57.0088 96.5694 4.12311 9.48683 46.6476 68.2259 43.9327 45.618 82.3772 33.9706 33.7472 61.4003 55.7853 81.3941 36.4005 97.0019 54.4518 20.8087 36.4966 56.8859 63.7887 
16.2788 46.8403 34.4819 34.9285 49.4997 40.5912 40.1995 66.0319 9.21954 47.634 35.3553 0.0 46.5407 34.4093 49.3964 48.7647 22.0227 42.72 67.3573 21.9545 26.9258 31.0662 68.6586 24.6982 41.1825 34.8281 37.3631 22.3607 40.2492 63.3482 13.4164 55.605 46.095 45.8039 44.0454 52.1536 7.07107 71.2817 37.7359 63.561 44.5982 78.0823 32.5576 62.9365 35.0 41.2311 33.6155 17.0 42.3456 44.4109 48.5077 58.0429 28.0713 38.0874 5.09902 35.3565 21.9317 40.2269 47.0106 50.0 64.405 32.6956 42.8019 11.4018 33.0278 34.0588 10.4403 78.8162 8.48528 20.6155 38.4187 23.1948 78.0064 30.1496 64.214 33.2415 32.2025 42.5638 25.9615 44.5533 
46.6509 2.23607 76.4588 81.4489 50.6063 16.6433 86.4791 59.9083 39.0335 31.7805 22.2036 46.5407 0.0 75.141 81.7066 85.1894 48.7647 89.2607 91.0882 33.4227 19.6977 81.5839 88.5715 71.1894 22.4722 71.6938 55.2113 65.6428 82.5407 83.6458 57.5545 99.4223 6.08276 26.9258 36.6742 98.3326 48.4665 65.9697 24.1868 84.3898 31.0161 112.998 59.9083 87.1437 71.1758 35.8469 75.4758 49.6963 88.8701 10.6301 56.0357 54.4243 73.7805 78.2697 49.2715 66.9546 62.3328 64.5529 24.1868 41.4367 96.7706 19.799 28.7924 57.3876 79.5523 33.3017 56.9807 63.0317 43.7443 34.5568 78.1534 68.7106 62.0322 56.3028 104.396 71.5207 42.4264 19.3132 70.5407 81.939 
47.5079 75.4407 3.60555 28.6356 81.4125 75.0004 26.8328 98.1511 43.0465 65.7647 59.0762 34.4093 75.141 0.0 66.7533 63.1981 29.0689 34.5398 84.2912 56.3028 55.5428 40.2616 87.9659 29.4279 64.0 9.21954 67.9541 12.8062 8.24621 83.3607 21.2603 54.3415 74.5252 80.2122 77.8343 33.9411 39.6232 102.045 60.0 83.1865 78.8733 86.3134 25.0599 80.5047 10.6301 75.0071 3.16228 46.484 40.7922 72.8097 78.7815 90.4176 18.0 47.8539 36.7967 59.6159 13.0 64.6317 69.0652 83.6859 78.0 58.4209 62.2896 33.0151 35.0143 67.9412 29.2062 112.481 42.8019 55.0 4.47214 17.72 111.676 26.9258 70.859 6.40312 42.9535 76.973 13.3417 12.3693 
42.5052 83.7528 64.1327 41.7124 37.0135 64.2696 48.8618 48.7647 52.2306 94.7259 81.2724 49.3964 81.7066 66.7533 0.0 5.83095 70.6045 42.0213 18.2483 52.4897 71.4767 27.0 21.2132 37.3363 87.1685 73.1095 29.7321 56.0357 66.4831 16.7631 52.345 25.5539 86.508 58.6831 47.6419 54.4535 43.382 49.7695 84.0557 16.4924 53.7803 31.4006 78.9177 14.0357 74.0608 46.6142 63.9531 41.1464 32.7085 71.0941 30.0167 43.4166 49.0306 19.0263 44.3847 17.0294 61.0363 15.2315 92.8219 48.3735 15.6205 77.962 89.7497 40.025 32.8938 47.4187 43.7379 66.4831 47.3044 48.8867 71.0211 49.2544 66.2193 77.4661 21.3776 70.1783 81.5414 63.0357 53.4603 79.0759 
42.4506 87.2355 60.407 37.4374 42.0476 70.5593 43.4256 54.4059 52.176 94.6714 81.2179 48.7647 85.1894 63.1981 5.83095 0.0 69.3451 36.3003 21.095 55.9725 71.4221 24.5153 25.2982 34.0 86.9486 70.0071 33.7343 53.0848 62.3699 21.4709 50.4833 19.7231 89.9907 63.201 52.1599 48.7325 43.2666 55.5428 84.0011 21.0238 58.2982 29.7321 77.0434 17.4642 71.0282 51.1321 60.2993 41.0918 26.9875 74.5769 35.2278 48.8365 45.2769 16.4924 43.909 19.6977 58.4209 19.2354 92.7673 53.0848 15.8114 77.8507 89.6951 38.6694 28.6356 51.9366 42.2105 72.1249 47.2498 51.8403 67.3647 46.0 71.8401 75.9295 17.4642 67.0 80.9506 67.5536 50.04 75.4255 
38.0526 48.7545 31.4006 46.0977 69.3758 52.0558 48.5489 85.703 25.2982 36.8782 30.4138 22.0227 48.7647 29.0689 70.6045 69.3451 0.0 54.037 88.7694 37.5899 29.1548 46.325 90.4268 39.2046 35.0571 23.5372 58.6941 24.1868 37.2156 85.1587 20.6155 69.2703 47.1699 61.6781 62.1691 59.0339 29.0 91.0934 31.0644 85.3288 61.0883 97.7627 12.2066 84.4038 22.8035 59.5063 30.4138 39.0128 56.0109 46.6684 69.8713 77.7946 35.2278 58.6328 27.074 57.3149 18.3848 62.2023 40.0125 68.4471 85.1105 30.3645 33.2415 30.6757 47.634 52.3927 27.313 97.0618 28.4429 38.0789 31.0644 30.6105 96.1769 8.94427 82.6255 24.0832 14.7648 56.5279 30.0167 33.5261 
47.1225 89.5603 31.0161 8.06226 72.2288 78.7778 8.06226 87.5819 51.0445 88.5889 77.6209 42.72 89.2607 34.5398 42.0213 36.3003 54.037 0.0 55.7136 61.0842 69.6419 24.8924 60.8358 18.2483 83.3847 43.382 61.7981 30.4138 30.4138 57.4652 34.1321 21.0238 88.815 82.8644 81.126 13.6015 42.7664 89.5684 79.7057 56.9294 80.7101 53.0377 56.2228 52.8015 44.7214 76.565 31.3847 45.7637 9.43398 82.5975 66.8191 80.6434 19.105 29.6011 40.7699 46.2036 36.7967 49.2099 89.1572 82.0982 47.8017 75.2728 84.0773 32.8009 14.1623 69.4993 32.28 104.829 47.7386 58.4729 37.6431 23.4307 104.346 56.6392 38.0526 40.2492 68.6003 80.8057 24.8395 45.1221 
54.6022 93.2635 81.4985 57.6952 44.2832 74.6554 62.9365 50.2494 69.9806 110.539 96.3002 67.3573 91.0882 84.2912 18.2483 21.095 88.7694 55.7136 0.0 67.1473 86.1229 45.0999 6.7082 55.0364 101.815 91.0055 41.7732 74.0068 83.3672 8.24621 70.5762 36.3593 96.8335 68.7968 57.4543 67.5352 61.1325 49.0102 99.3853 7.28011 63.8122 22.0227 97.1648 4.47214 92.0 56.8595 81.3941 58.8964 46.4866 80.6079 37.1214 47.5395 66.3702 37.054 62.2977 33.121 79.1581 29.4109 107.468 56.3649 9.21954 92.6082 105.575 58.2495 49.6488 57.8045 61.9839 67.0 65.0544 63.5443 88.459 67.0298 67.0075 95.7079 22.8035 88.0227 99.368 73.4215 71.1126 96.5194 
16.7631 35.4689 56.4358 53.4628 34.0 18.9906 59.4324 49.0306 13.4536 45.1012 30.8881 21.9545 33.4227 56.3028 52.4897 55.9725 37.5899 61.0842 67.1473 0.0 20.6815 50.6864 66.6791 43.0538 36.3733 55.9017 34.2063 44.2945 62.1772 61.3185 35.3553 68.5247 38.2241 24.2115 24.6982 71.4027 18.4391 54.7449 33.9459 61.7885 23.6008 83.7809 49.7393 62.7329 55.8659 22.1359 55.5698 19.9249 61.9658 22.8102 36.6742 41.4367 48.7647 47.3721 20.8806 37.7377 43.6005 37.7377 42.0268 31.0161 67.5537 27.1668 40.1525 28.2843 51.3456 15.2971 30.0832 59.4811 13.9284 3.60555 60.2163 44.2719 58.5918 46.5296 73.4987 54.6717 40.3113 20.9632 47.5395 65.9469 
33.1448 19.9249 56.8859 61.8466 52.5261 23.7697 66.9104 66.0681 19.4929 25.4951 11.1803 26.9258 19.6977 55.5428 71.4767 71.4221 29.1548 69.6419 86.1229 20.6815 0.0 58.05 85.6648 51.6304 16.4012 52.0 54.8878 46.0977 62.9682 80.3042 38.0132 82.5889 19.105 35.7351 41.0488 78.7718 28.9258 72.0278 14.3178 80.7718 37.6563 101.022 40.6079 81.7084 51.4782 39.0 55.9017 35.9411 69.24 18.0278 57.3173 59.0085 54.231 60.8324 29.5466 56.7133 42.7551 56.7133 21.9317 47.1699 86.7736 7.2111 20.6155 37.6962 59.9222 33.3027 37.3631 73.7631 24.2036 23.5407 58.5235 49.163 72.8011 37.0135 87.2061 51.8652 25.0599 28.2312 51.0 62.2415 
35.4223 77.8904 37.9473 19.4165 50.0705 67.1518 26.6271 65.6115 39.3443 77.9383 66.2643 31.0662 81.5839 40.2616 27.0 24.5153 46.325 24.8924 45.0999 50.6864 58.05 0.0 48.0937 11.1803 72.0723 46.1736 39.6399 29.0689 41.1461 43.2944 26.0384 31.249 77.1451 71.1642 58.9677 37.3018 31.0662 68.6349 68.5091 43.1856 69.0098 52.3546 52.5985 41.0122 47.0956 64.8647 37.6431 34.0635 23.8924 70.9714 44.803 58.4852 23.2594 8.06226 29.0696 24.0454 34.0588 27.4466 77.8844 59.94 40.2616 63.7336 73.2464 21.1007 11.7047 57.7991 20.6542 82.671 36.0384 47.5914 44.643 22.561 82.8208 51.6648 37.4433 43.2897 59.7931 69.1055 26.9258 52.6308 
54.2826 90.7468 85.3288 62.6656 40.4969 72.1388 67.9645 44.7214 69.3834 110.084 95.8713 68.6586 88.5715 87.9659 21.2132 25.2982 90.4268 60.8358 6.7082 66.6791 85.6648 48.0937 0.0 58.5491 101.357 94.2603 39.8246 77.1622 87.5557 5.38516 73.0616 42.2019 93.8837 65.6049 54.2033 73.0616 62.251 43.0465 98.9291 5.09902 60.6053 28.0713 99.4082 8.06226 95.1893 53.9073 85.1587 60.0149 51.5264 78.0912 33.6006 42.72 70.214 40.1995 63.561 33.5261 82.0061 29.1548 107.01 52.4786 15.8114 92.1501 105.13 60.2993 53.8516 55.2878 64.195 61.0737 64.7112 63.076 92.228 70.4557 61.131 97.7394 29.4109 91.351 100.487 70.7672 74.6726 100.285 
29.0921 71.4891 26.9258 11.0454 63.9222 60.3385 17.72 79.1597 33.0141 71.5612 59.9333 24.6982 71.1894 29.4279 37.3363 34.0 39.2046 18.2483 55.0364 43.0538 51.6304 11.1803 58.5491 0.0 65.7419 36.0139 53.1881 19.2354 29.9666 53.9351 18.6011 30.8752 70.7438 64.834 61.3617 29.4279 24.736 82.1831 62.1772 53.7587 62.6796 59.6731 44.3847 51.1566 37.054 58.5345 26.6833 27.7333 17.6158 64.1582 58.3512 72.0334 12.083 18.4391 22.7394 38.0929 25.0 38.2415 71.5542 73.4882 49.2544 57.3847 66.888 14.7705 8.48528 51.4689 14.3178 96.9264 29.7082 40.4425 33.7343 12.0 96.369 43.8292 44.536 33.0 53.0377 62.251 16.1245 41.7732 
48.8365 21.0238 66.0681 75.3923 67.1863 35.0143 79.6994 79.3095 34.8281 10.0499 5.83095 41.1825 22.4722 64.0 87.1685 86.9486 35.0571 83.3847 101.815 36.3733 16.4012 72.0723 101.357 65.7419 0.0 58.4209 70.5797 56.8859 72.0278 95.996 50.0 96.6111 17.4929 47.0106 54.5894 91.214 44.2041 85.3756 4.0 96.4636 50.0899 116.548 43.6807 97.4002 57.5587 52.9528 65.0692 51.6236 83.3517 28.0 71.2083 72.8354 66.4831 76.4684 44.6542 72.4051 52.2398 72.4051 5.83095 60.2993 102.465 9.21954 6.32456 52.4786 74.0339 48.0833 51.4296 84.5931 39.6989 39.2325 66.1211 61.4003 83.6002 40.2616 102.733 59.1354 23.7697 39.0128 62.3699 68.0661 
49.7393 71.8679 12.8062 37.0 84.122 74.8357 35.8469 100.861 42.45 59.0762 53.9351 34.8281 71.6938 9.21954 73.1095 70.0071 23.5372 43.382 91.0055 55.9017 52.0 46.1736 94.2603 36.0139 58.4209 0.0 70.6612 17.1172 16.6433 89.4679 23.2594 62.6418 70.5195 80.0565 78.8733 43.1393 41.0488 104.92 54.4518 89.3592 79.2086 94.3663 16.7631 87.0517 1.41421 76.0592 12.2066 49.1935 49.0408 69.3691 81.4909 93.1271 25.7099 54.0833 38.2753 64.2884 13.4164 69.3758 63.1269 84.8116 85.2115 53.8516 56.0089 36.4005 42.5793 68.884 32.311 113.609 43.2782 55.1725 8.544 24.0208 112.804 19.2354 78.8543 3.16228 36.0555 76.8083 20.2237 10.2956 
21.1896 57.3866 66.9788 56.455 13.5571 38.7786 63.6044 30.2956 34.0147 79.3075 65.0944 37.3631 55.2113 67.9541 29.7321 33.7343 58.6941 61.7981 41.7732 34.2063 54.8878 39.6399 39.8246 53.1881 70.5797 70.6612 0.0 55.1484 71.9531 34.7131 47.4132 50.4998 60.5235 33.192 22.1509 74.2075 30.3645 34.3555 68.1522 35.3836 28.2892 60.4152 69.857 37.6431 71.1126 21.1231 66.3031 21.4709 59.5782 44.731 11.1803 22.5622 55.9589 32.2001 32.8938 15.6471 57.2451 14.5602 74.0054 23.1231 43.909 61.3731 74.3588 35.1618 47.8039 21.9276 38.7485 46.5613 30.2655 31.5822 72.3427 52.343 46.0039 67.2681 50.9608 68.4863 65.1249 37.5447 56.4217 79.4773 
34.7131 65.9425 12.2066 22.8035 68.6068 62.804 24.4131 85.3453 31.3847 60.407 51.4782 22.3607 65.6428 12.8062 56.0357 53.0848 24.1868 30.4138 74.0068 44.2945 46.0977 29.0689 77.1622 19.2354 56.8859 17.1172 55.1484 0.0 17.8885 72.3614 8.94427 47.4236 65.1972 67.9559 65.2187 34.9285 27.0185 89.4052 52.9528 72.2527 66.4003 78.7371 26.0768 70.0071 18.0278 62.3916 11.4018 33.6783 34.0 63.3115 65.9757 77.6119 11.3137 37.0135 24.2074 47.4342 6.40312 52.4976 62.3699 71.0703 68.469 50.0899 56.3205 20.2485 26.5707 55.3259 16.4012 99.8652 30.5287 42.72 17.2047 7.61577 99.0602 26.2488 63.2173 14.3178 38.9487 64.7766 5.83095 24.5967 
51.7397 82.8403 6.08276 26.0768 85.4115 80.6426 22.3607 102.15 49.2443 73.9797 67.0075 40.2492 82.5407 8.24621 66.4831 62.3699 37.2156 30.4138 83.3672 62.1772 62.9682 41.1461 87.5557 29.9666 72.0278 16.6433 71.9531 17.8885 0.0 83.2406 26.8328 51.1566 82.0366 85.7555 82.7675 27.2029 44.6542 106.085 68.0294 82.9699 84.0536 83.2947 33.1059 79.8311 18.0278 79.9403 7.07107 50.483 38.0 80.2094 82.2535 94.4166 17.8885 48.1041 41.8808 61.9952 20.2237 67.011 77.1622 88.6191 76.4199 66.1891 70.4557 36.7967 33.7343 72.8747 33.4215 118.416 48.3735 60.5392 8.48528 19.8494 117.858 35.1141 68.0661 14.3178 51.1957 82.6152 15.5563 14.8661 
48.9 85.8211 80.8084 58.4678 36.2353 67.2131 64.5906 42.107 64.0009 104.724 90.5107 63.3482 83.6458 83.3607 16.7631 21.4709 85.1587 57.4652 8.24621 61.3185 80.3042 43.2944 5.38516 53.9351 95.996 89.4679 34.7131 72.3614 83.2406 0.0 68.0074 39.6232 88.958 61.0328 49.6488 69.8928 56.9277 41.1096 93.5685 1.0 56.0357 30.1496 94.2603 6.32456 90.3772 49.2037 80.604 54.6917 48.1525 73.1655 29.1548 39.2938 65.7343 35.5106 58.2495 28.1603 77.0584 23.7697 101.649 48.3011 15.5242 86.7895 99.7698 55.1453 49.6488 50.3621 59.0762 59.0339 59.3286 57.7154 87.6641 65.7647 59.0085 92.5419 28.6356 86.5813 95.1639 65.9469 70.0357 95.7079 
26.6271 57.8542 21.095 26.0768 60.8715 53.9004 29.7321 77.6101 22.4722 54.5619 44.3847 13.4164 57.5545 21.2603 52.345 50.4833 20.6155 34.1321 70.5762 35.3553 38.0132 26.0384 73.0616 18.6011 50.0 23.2594 47.4132 8.94427 26.8328 68.0074 0.0 48.7153 57.1089 59.0762 56.5865 41.2311 18.3848 81.67 46.1736 68.0294 57.6281 77.4751 26.6833 66.3702 23.7697 53.7594 20.2485 25.943 35.4558 55.2233 58.2405 69.8766 16.4924 34.095 15.5563 41.5933 9.84886 46.6905 55.6597 62.4381 66.1507 42.5793 50.1597 13.3417 27.0185 46.6905 9.21954 91.233 21.6333 33.8378 25.4558 11.4018 90.428 25.632 62.338 21.095 34.7131 55.873 13.0384 32.2025 
53.2606 101.468 50.9902 25.7099 60.208 84.7922 29.0 73.736 63.8831 102.477 90.8032 55.605 99.4223 54.3415 25.5539 19.7231 69.2703 21.0238 36.3593 68.5247 82.5889 31.249 42.2019 30.8752 96.6111 62.6418 50.4998 47.4236 51.1566 39.6232 48.7153 0.0 101.684 80.7039 69.6627 31.3847 55.605 75.1532 93.0479 38.9487 75.8011 32.1403 73.3793 34.2053 63.8905 68.635 51.1957 51.9018 13.6015 88.8098 53.8516 67.72 37.0 24.653 53.6084 35.4603 53.6732 36.7462 102.423 70.635 27.7308 88.2724 97.7852 45.6395 26.4217 75.6374 45.193 91.4166 57.9997 65.4297 57.8705 39.8121 91.0824 73.1894 17.0294 59.4811 83.4009 86.9439 42.72 65.6201 
52.2398 4.0 75.9539 81.0033 56.356 22.3607 86.0335 65.9697 38.5879 26.2488 18.4391 46.095 6.08276 74.5252 86.508 89.9907 47.1699 88.815 96.8335 38.2241 19.105 77.1451 93.8837 70.7438 17.4929 70.5195 60.5235 65.1972 82.0366 88.958 57.1089 101.684 0.0 32.9848 42.5441 97.8869 48.0208 72.0347 19.8494 89.702 37.0 117.799 57.7062 92.889 69.8928 41.5933 74.9667 55.0361 88.4245 15.8114 61.5873 60.407 73.3349 79.9274 48.8259 71.7559 61.8142 71.7559 18.4391 47.4342 101.572 17.0 23.7065 56.9419 79.1066 38.6005 56.5351 69.0072 43.2986 39.3581 77.3692 68.2649 68.0074 54.1202 109.198 70.6045 39.2046 25.2982 70.095 80.6536 
36.2312 29.1204 80.1561 75.243 25.4558 12.1655 81.0501 32.9848 37.6144 57.0 44.4072 45.8039 26.9258 80.2122 58.6831 63.201 61.6781 82.8644 68.7968 24.2115 35.7351 71.1642 65.6049 64.834 47.0106 80.0565 33.192 67.9559 85.7555 61.0328 59.0762 80.7039 32.9848 0.0 11.4018 93.1829 41.1825 39.0512 47.2652 61.8547 5.0 88.5752 73.8555 65.0 80.0408 12.083 79.3221 39.2765 82.4436 19.0263 32.0156 27.7308 71.1758 67.85 43.909 46.0161 67.624 44.0689 50.1597 14.7648 72.0223 40.6079 53.0848 50.1597 73.1258 15.0333 52.7731 38.0789 37.4433 25.2389 84.2021 67.082 37.108 70.6045 80.0591 78.7711 60.5666 8.0 70.7107 90.0626 
32.7588 38.9102 77.3896 71.7707 14.2127 20.2485 77.5778 25.02 37.2156 64.6297 51.0882 44.0454 36.6742 77.8343 47.6419 52.1599 62.1691 81.126 57.4543 24.6982 41.0488 58.9677 54.2033 61.3617 54.5894 78.8733 22.1509 65.2187 82.7675 49.6488 56.5865 69.6627 42.5441 11.4018 0.0 89.7105 38.2125 31.0 54.1479 50.4777 6.40312 77.4726 74.2428 53.7122 79.0253 2.82843 76.6144 35.8042 78.9061 27.2029 20.6155 18.2483 67.7123 51.5279 41.0377 34.975 65.8559 33.0278 58.4637 6.32456 60.9262 47.0425 60.2993 46.6905 67.1317 10.0 49.457 34.9857 35.609 24.1868 82.0389 63.7075 34.1321 71.1126 69.018 77.2334 64.5387 17.4929 67.4789 88.5268 
57.441 98.6323 30.4138 18.4391 84.6382 88.6874 12.0 99.9913 61.0328 95.2733 85.6154 52.1536 98.3326 33.9411 54.4535 48.7325 59.0339 13.6015 67.5352 71.4027 78.7718 37.3018 73.0616 29.4279 91.214 43.1393 74.2075 34.9285 27.2029 69.8928 41.2311 31.3847 97.8869 93.1829 89.7105 0.0 53.0848 101.978 87.3613 69.3397 91.0285 61.6604 58.4123 65.0 44.5533 86.8834 31.1448 56.0822 22.6274 92.5071 79.2285 93.0528 24.7386 42.0105 51.0098 58.613 40.7063 61.6193 96.8401 94.5076 59.0931 83.7437 91.0824 43.1194 26.5717 79.8178 42.0119 117.239 58.0345 68.7914 35.609 29.8329 116.755 59.6406 47.8017 40.3113 73.7902 90.5999 29.1548 41.6773 
9.21954 48.7662 39.2046 35.145 43.9159 36.2602 41.1096 60.0691 9.43398 51.6236 38.4187 7.07107 48.4665 39.6232 43.382 43.2666 29.0 42.7664 61.1325 18.4391 28.9258 31.0662 62.251 24.736 44.2041 41.0488 30.3645 27.0185 44.6542 56.9277 18.3848 55.605 48.0208 41.1825 38.2125 53.0848 0.0 64.7143 41.1096 57.1562 39.4081 72.8011 39.6232 56.6882 41.3401 35.3853 38.4187 10.0499 42.3456 40.0799 41.4849 52.08 30.3645 32.8117 2.82843 28.9118 27.8029 33.7552 50.0 44.0641 58.6686 35.2278 46.669 10.0 33.0278 28.3197 11.7047 72.859 5.09902 16.1555 43.8406 26.0 72.054 37.2156 58.9383 39.2046 38.2753 38.2328 29.5296 50.448 
55.5307 68.1542 101.07 84.8692 21.9317 50.4876 92.0186 6.08276 65.8027 95.4254 82.0549 71.2817 65.9697 102.045 49.7695 55.5428 91.0934 89.5684 49.0102 54.7449 72.0278 68.6349 43.0465 82.1831 85.3756 104.92 34.3555 89.4052 106.085 41.1096 81.67 75.1532 72.0347 39.0512 31.0 101.978 64.7143 0.0 85.0941 42.107 35.3553 71.0 102.787 47.2652 105.386 33.0606 100.394 55.7275 81.934 57.5587 24.0832 13.3417 89.0764 60.6143 67.2324 44.5982 91.504 40.6079 88.955 25.0799 56.4358 78.0256 91.1976 69.4186 76.2181 39.4588 73.0053 18.0278 63.0455 53.3667 106.6 86.4341 18.1108 99.93 68.6586 102.743 95.0368 46.8722 90.5128 113.734 
46.2277 23.0217 62.0725 71.6938 66.2873 35.1283 75.8947 79.0569 31.8277 11.1803 3.16228 37.7359 24.1868 60.0 84.0557 84.0011 31.0644 79.7057 99.3853 33.9459 14.3178 68.5091 98.9291 62.1772 4.0 54.4518 68.1522 52.9528 68.0294 93.5685 46.1736 93.0479 19.8494 47.2652 54.1479 87.3613 41.1096 85.0941 0.0 94.0362 50.01 113.601 39.8497 94.9709 53.6004 52.345 61.0737 48.9183 79.7885 28.2843 70.166 72.3395 62.6418 73.6127 41.4005 69.9757 48.2597 69.9757 9.48683 60.0333 99.3526 7.28011 6.32456 49.0918 70.4707 47.0745 47.8853 85.1587 36.7696 36.805 62.1289 57.5674 84.1724 36.4005 99.7393 55.1453 20.1246 39.3192 58.4637 64.1327 
49.3179 86.5651 80.604 58.1545 37.1214 67.9571 64.0548 43.1045 64.4187 105.19 90.9784 63.561 84.3898 83.1865 16.4924 21.0238 85.3288 56.9294 7.28011 61.7885 80.7718 43.1856 5.09902 53.7587 96.4636 89.3592 35.3836 72.2527 82.9699 1.0 68.0294 38.9487 89.702 61.8547 50.4777 69.3397 57.1562 42.107 94.0362 0.0 56.8595 29.1548 94.3398 5.38516 90.2781 50.0 80.4114 54.9201 47.6167 73.9095 30.0167 40.2616 65.5134 35.3553 58.4637 28.4605 77.026 24.1661 102.117 49.1935 14.5602 87.2571 100.24 55.2268 49.3356 51.1061 59.1354 60.0333 59.7465 58.1855 87.4757 65.6201 60.0083 92.6553 27.7308 86.4696 95.3924 66.7083 69.8713 95.5249 
34.0768 33.2415 78.6003 73.0887 20.5183 15.1327 78.8957 29.2746 36.8782 60.1332 47.0425 44.5982 31.0161 78.8733 53.7803 58.2982 61.0883 80.7101 63.8122 23.6008 37.6563 69.0098 60.6053 62.6796 50.0899 79.2086 28.2892 66.4003 84.0536 56.0357 57.6281 75.8011 37.0 5.0 6.40312 91.0285 39.4081 35.3553 50.01 56.8595 0.0 83.672 73.2657 60.0333 79.2465 7.28011 77.801 37.1222 80.2892 22.2036 27.0185 23.4094 69.0303 57.6663 42.2019 41.1133 66.5282 39.1661 53.6004 10.4403 67.1193 43.1045 56.0089 48.0085 70.9714 11.7047 50.775 36.4005 36.1248 24.0416 82.9759 65.0255 35.4683 70.0147 75.1563 77.7946 62.245 11.7047 68.7968 89.1067 
72.0503 115.044 83.0241 57.7062 65.146 94.1617 61.0737 72.2496 81.7757 124.271 110.818 78.0823 112.998 86.3134 31.4006 29.7321 97.7627 53.0377 22.0227 83.7809 101.022 52.3546 28.0713 59.6731 116.548 94.3663 60.4152 78.7371 83.2947 30.1496 77.4751 32.1403 117.799 88.5752 77.4726 61.6604 72.8011 71.0 113.601 29.1548 83.672 0.0 103.892 24.5153 95.5667 76.5063 83.1865 70.6915 45.5412 102.385 57.8705 69.2315 68.6586 44.9444 73.2821 48.4149 84.6672 46.3249 122.367 77.1622 16.5529 107.45 119.295 67.9521 57.7333 77.3108 72.0918 89.0056 76.8495 80.1779 89.9444 71.124 89.0225 103.09 15.5242 91.2195 110.249 92.9279 74.2179 97.7394 
48.8365 59.6825 28.3019 48.8262 81.0047 63.648 49.5177 97.4987 37.1618 43.0465 39.9249 32.5576 59.9083 25.0599 78.9177 77.0434 12.2066 56.2228 97.1648 49.7393 40.6079 52.5985 99.4082 44.3847 43.6807 16.7631 69.857 26.0768 33.1059 94.2603 26.6833 73.3793 57.7062 73.8555 74.2428 58.4123 39.6232 102.787 39.8497 94.3398 73.2657 103.892 0.0 92.9139 15.5242 71.5542 27.4591 49.366 60.0333 58.2606 81.0247 89.5377 37.2022 60.6551 37.3363 67.0075 19.7231 72.0278 47.8539 80.4984 92.7108 40.7063 40.4475 39.1152 52.3259 64.405 35.2278 109.179 39.8497 50.0899 25.2982 33.6155 108.301 3.60555 88.7543 18.7883 20.2237 68.1201 31.4006 25.0 
50.1877 89.319 77.7817 54.9011 40.8534 70.711 59.9269 48.0104 65.5363 106.125 91.8858 62.9365 87.1437 80.5047 14.0357 17.4642 84.4038 52.8015 4.47214 62.7329 81.7084 41.0122 8.06226 51.1566 97.4002 87.0517 37.6431 70.0071 79.8311 6.32456 66.3702 34.2053 92.889 65.0 53.7122 65.0 56.6882 47.2652 94.9709 5.38516 60.0333 24.5153 92.9139 0.0 88.0227 53.0 77.6466 54.4521 43.4888 76.6634 33.6155 44.7214 62.6498 33.0 57.8705 28.6531 75.0608 25.0 103.054 52.9245 9.21954 88.1937 101.161 53.9351 46.0977 53.86 57.7062 65.123 60.6101 59.1298 84.7172 63.1269 65.0692 91.4112 22.3607 84.0952 94.9244 69.4771 67.2681 92.7793 
50.1199 71.3092 14.2127 38.2753 84.5872 74.82 37.2156 101.021 42.4264 58.0345 53.1507 35.0 71.1758 10.6301 74.0608 71.0282 22.8035 44.7214 92.0 55.8659 51.4782 47.0956 95.1893 37.054 57.5587 1.41421 71.1126 18.0278 18.0278 90.3772 23.7697 63.8905 69.8928 80.0408 79.0253 44.5533 41.3401 105.386 53.6004 90.2781 79.2465 95.5667 15.5242 88.0227 0.0 76.2168 13.6015 49.6588 50.2892 68.8682 81.958 93.0323 26.9258 55.0364 38.5876 65.0 13.9284 70.0928 62.2013 85.0 86.2844 53.1601 55.0364 37.0 43.7379 69.029 32.8938 113.811 43.4166 55.2268 9.84886 25.0799 113.004 18.1108 80.05 4.47214 35.0143 76.7926 21.3776 10.7703 
29.9317 38.0789 74.5625 68.9436 14.7648 19.2354 74.7506 27.1662 34.4819 62.9682 49.2544 41.2311 35.8469 75.0071 46.6142 51.1321 59.5063 76.565 56.8595 22.1359 39.0 64.8647 53.9073 58.5345 52.9528 76.0592 21.1231 62.3916 79.9403 49.2037 53.7594 68.635 41.5933 12.083 2.82843 86.8834 35.3853 33.0606 52.345 50.0 7.28011 76.5063 71.5542 53.0 76.2168 0.0 73.7873 32.9771 77.8783 26.0 20.5183 20.025 64.8852 50.5002 38.2105 33.9472 63.0317 32.0 57.0088 8.94427 59.9535 45.1774 58.5491 43.8634 66.8263 7.2111 46.6299 37.7359 32.8024 21.4709 79.2117 60.8804 36.8917 68.4471 67.9902 74.411 62.1691 17.0294 64.6517 85.703 
45.9674 75.7755 1.0 25.4951 79.7615 74.1486 23.7065 96.5 42.4853 67.2681 60.0 33.6155 75.4758 3.16228 63.9531 60.2993 30.4138 31.3847 81.3941 55.5698 55.9017 37.6431 85.1587 26.6833 65.0692 12.2066 66.3031 11.4018 7.07107 80.604 20.2485 51.1957 74.9667 79.3221 76.6144 31.1448 38.4187 100.394 61.0737 80.4114 77.801 83.1865 27.4591 77.6466 13.6015 73.7873 0.0 44.833 37.6563 73.1445 77.5852 88.7666 15.0333 45.1221 35.609 57.327 13.1529 62.3428 70.2567 82.466 75.0067 59.1354 63.6396 31.241 32.0 66.7216 27.5862 111.261 41.8808 54.0833 7.07107 15.2315 110.456 29.0689 67.7422 9.21954 44.643 76.1212 10.7703 15.1327 
3.16228 51.7424 45.5087 38.1423 34.9291 35.2641 44.1119 51.6676 17.4929 59.8164 46.0109 17.0 49.6963 46.484 41.1464 41.0918 39.0128 45.7637 58.8964 19.9249 35.9411 34.0635 60.0149 27.7333 51.6236 49.1935 21.4709 33.6783 50.483 54.6917 25.943 51.9018 55.0361 39.2765 35.8042 56.0822 10.0499 55.7275 48.9183 54.9201 37.1222 70.6915 49.366 54.4521 49.6588 32.9771 44.833 0.0 45.3429 39.0838 32.311 43.9342 34.4888 30.7493 12.0416 26.6757 35.7771 23.7053 57.28 41.6558 56.4433 42.4264 54.8179 13.6917 36.0251 25.9114 17.2784 67.9333 12.53 16.4924 50.8726 30.8729 69.6457 47.0956 56.8758 47.0162 48.0833 37.2179 34.9516 58.0072 
46.7017 89.1698 37.4833 12.1655 70.0089 78.4312 16.4924 85.4321 50.6237 89.0759 77.5438 42.3456 88.8701 40.7922 32.7085 26.9875 56.0109 9.43398 46.4866 61.9658 69.24 23.8924 51.5264 17.6158 83.3517 49.0408 59.5782 34.0 38.0 48.1525 35.4558 13.6015 88.4245 82.4436 78.9061 22.6274 42.3456 81.934 79.7885 47.6167 80.2892 45.5412 60.0333 43.4888 50.2892 77.8783 37.6563 45.3429 0.0 82.2508 64.6717 78.0074 23.4094 28.6011 40.349 43.9706 40.3113 48.2099 89.1638 79.8783 38.833 75.013 84.5258 32.3801 13.1623 69.0785 31.9336 102.087 47.3178 58.8708 44.4072 26.4197 101.526 59.9083 30.1496 45.8803 70.1415 80.3849 29.1548 52.2398 
36.0384 12.7279 74.1275 74.5672 40.7185 7.07107 80.5368 51.4782 36.2132 38.0132 25.4951 44.4109 10.6301 72.8097 71.0941 74.5769 46.6684 82.5975 80.6079 22.8102 18.0278 70.9714 78.0912 64.1582 28.0 69.3691 44.731 63.3115 80.2094 73.1655 55.2233 88.8098 15.8114 19.0263 27.2029 92.5071 40.0799 57.5587 28.2843 73.9095 22.2036 102.385 58.2606 76.6634 68.8682 26.0 73.1445 39.0838 82.2508 0.0 45.793 45.3542 70.3624 67.6572 42.7308 56.3421 60.0015 54.5525 31.4006 32.5576 84.3685 21.8403 34.0588 49.4819 72.933 22.8035 51.7696 56.8859 36.095 23.9443 75.8221 66.0784 55.9017 54.6777 93.7838 69.1894 43.0465 11.0454 69.5619 79.6246 
32.28 58.2495 78.0627 61.6181 7.28011 39.4081 68.7674 20.8087 45.1237 81.0757 67.0241 48.5077 56.0357 78.7815 30.0167 35.2278 69.8713 66.8191 37.1214 36.6742 57.3173 44.803 33.6006 58.3512 71.2083 81.4909 11.1803 65.9757 82.2535 29.1548 58.2405 53.8516 61.5873 32.0156 20.6155 79.2285 41.4849 24.0832 70.166 30.0167 27.0185 57.8705 81.0247 33.6155 81.958 20.5183 77.5852 32.311 64.6717 45.793 0.0 13.9284 65.2445 37.221 43.9659 20.8087 68.0745 17.4642 75.7694 19.3132 41.4849 62.9051 76.4585 45.9891 52.8248 23.2594 49.5758 38.0132 41.4367 34.2345 83.17 62.4597 37.5766 78.4474 51.0882 79.3136 76.0263 37.5366 66.9073 90.3046 
43.7373 56.648 89.4423 75.3003 9.21954 38.3275 82.4497 8.06226 52.4976 82.8734 69.2604 58.0429 54.4243 90.4176 43.4166 48.8365 77.7946 80.6434 47.5395 41.4367 59.0085 58.4852 42.72 72.0334 72.8354 93.1271 22.5622 77.6119 94.4166 39.2938 69.8766 67.72 60.407 27.7308 18.2483 93.0528 52.08 13.3417 72.3395 40.2616 23.4094 69.2315 89.5377 44.7214 93.0323 20.025 88.7666 43.9342 78.0074 45.3542 13.9284 0.0 79.8206 51.0186 54.9052 34.4819 79.7107 31.3847 76.6877 13.0 53.3385 65.192 78.5175 57.6253 66.6492 26.1725 61.212 24.1868 49.8068 40.025 94.8062 74.8065 23.7065 86.6487 64.0312 90.9498 81.7435 35.1141 78.8852 101.941 
35.8476 74.0802 15.1327 11.6619 70.8155 66.5428 13.4164 86.053 37.2156 70.7743 60.8769 28.0713 73.7805 18.0 49.0306 45.2769 35.2278 19.105 66.3702 48.7647 54.231 23.2594 70.214 12.083 66.4831 25.7099 55.9589 11.3137 17.8885 65.7343 16.4924 37.0 73.3349 71.1758 67.7123 24.7386 30.3645 89.0764 62.6418 65.5134 69.0303 68.6586 37.2022 62.6498 26.9258 64.8852 15.0333 34.4888 23.4094 70.3624 65.2445 79.8206 0.0 30.3645 27.8927 44.9862 17.6918 50.002 72.1249 73.5639 60.0 59.0339 66.4831 21.0238 17.0294 57.8195 18.6815 103.82 34.9285 46.4866 22.0907 5.09902 103.262 37.5366 53.1507 22.561 49.93 68.5154 5.83095 30.1496 
32.1081 80.3158 45.3542 24.2579 42.6307 63.6396 31.4073 57.9839 41.8155 84.3273 70.7844 38.0874 78.2697 47.8539 19.0263 16.4924 58.6328 29.6011 37.054 47.3721 60.8324 8.06226 40.1995 18.4391 76.4684 54.0833 32.2001 37.0135 48.1041 35.5106 34.095 24.653 79.9274 67.85 51.5279 42.0105 32.8117 60.6143 73.6127 35.3553 57.6663 44.9444 60.6551 33.0 55.0364 50.5002 45.1221 30.7493 28.6011 67.6572 37.221 51.0186 30.3645 0.0 33.2872 16.6056 42.107 20.0068 82.174 52.5002 32.28 67.308 79.3485 27.9571 15.6205 54.4849 31.4982 75.1947 36.8471 44.2771 52.1728 30.2655 74.7252 65.2172 30.4795 51.1566 70.2539 65.7913 34.5254 60.208 
11.7047 49.5712 36.4005 33.1361 46.434 38.9112 39.0128 62.8943 10.4403 51.6624 38.833 5.09902 49.2715 36.7967 44.3847 43.909 27.074 40.7699 62.2977 20.8806 29.5466 29.0696 63.561 22.7394 44.6542 38.2753 32.8938 24.2074 41.8808 58.2495 15.5563 53.6084 48.8259 43.909 41.0377 51.0098 2.82843 67.2324 41.4005 58.4637 42.2019 73.2821 37.3363 57.8705 38.5876 38.2105 35.609 12.0416 40.349 42.7308 43.9659 54.9052 27.8927 33.2872 0.0 30.2655 25.0 35.1362 50.4777 46.8893 59.4811 35.8469 46.7547 8.24621 31.0312 31.1448 9.21954 75.6842 7.07107 18.7883 41.0122 23.4094 74.8792 35.0571 59.4138 36.4005 37.1618 40.8838 26.8328 47.634 
25.1926 69.0008 57.8044 40.8605 26.0 52.3246 48.0099 41.6173 40.2934 81.1297 66.8906 35.3565 66.9546 59.6159 17.0294 19.6977 57.3149 46.2036 33.121 37.7377 56.7133 24.0454 33.5261 38.0929 72.4051 64.2884 15.6471 47.4342 61.9952 28.1603 41.5933 35.4603 71.7559 46.0161 34.975 58.613 28.9118 44.5982 69.9757 28.4605 41.1133 48.4149 67.0075 28.6531 65.0 33.9472 57.327 26.6757 43.9706 56.3421 20.8087 34.4819 44.9862 16.6056 30.2655 0.0 51.1957 5.09902 78.0585 35.9472 32.5269 63.1986 76.1659 28.2843 32.2094 34.7517 32.3883 58.6686 35.6212 34.1347 64.0803 42.2014 58.1808 65.0308 37.1618 61.6847 67.148 54.4762 46.649 71.8679 
36.3593 62.6325 14.1421 29.2062 70.7056 62.4053 30.6105 87.4441 30.2324 55.0818 47.0425 21.9317 62.3328 13.0 61.0363 58.4209 18.3848 36.7967 79.1581 43.6005 42.7551 34.0588 82.0061 25.0 52.2398 13.4164 57.2451 6.40312 20.2237 77.0584 9.84886 53.6732 61.8142 67.624 65.8559 40.7063 27.8029 91.504 48.2597 77.026 66.5282 84.6672 19.7231 75.0608 13.9284 63.0317 13.1529 35.7771 40.3113 60.0015 68.0745 79.7107 17.6918 42.107 25.0 51.1957 0.0 56.2939 57.5587 71.7201 73.9797 46.0435 51.1957 23.0868 32.6956 55.9017 18.9737 100.515 30.4138 42.5206 16.6433 13.8924 99.71 19.8494 69.4651 11.4018 33.1059 64.3779 12.0416 22.6716 
25.1926 69.0008 62.8202 44.2617 23.5372 49.6554 51.4111 38.0789 40.2934 81.1297 66.9198 40.2269 64.5529 64.6317 15.2315 19.2354 62.2023 49.2099 29.4109 37.7377 56.7133 27.4466 29.1548 38.2415 72.4051 69.3758 14.5602 52.4976 67.011 23.7697 46.6905 36.7462 71.7559 44.0689 33.0278 61.6193 33.7552 40.6079 69.9757 24.1661 39.1661 46.3249 72.0278 25.0 70.0928 32.0 62.3428 23.7053 48.2099 54.5525 17.4642 31.3847 50.002 20.0068 35.1362 5.09902 56.2939 0.0 78.0585 34.0 30.0 63.1986 76.1659 33.3766 35.6106 32.8045 37.4833 55.4617 35.6212 34.1347 69.0961 47.2172 55.0364 70.0071 36.4005 66.7608 71.5173 48.4215 51.6649 76.896 
54.4901 22.3607 71.2531 81.1542 71.4703 38.4708 85.3815 82.8734 40.6079 8.06226 11.6619 47.0106 24.1868 69.0652 92.8219 92.7673 40.0125 89.1572 107.468 42.0268 21.9317 77.8844 107.01 71.5542 5.83095 63.1269 74.0054 62.3699 77.1622 101.649 55.6597 102.423 18.4391 50.1597 58.4637 96.8401 50.0 88.955 9.48683 102.117 53.6004 122.367 47.8539 103.054 62.2013 57.0088 70.2567 57.28 89.1638 31.4006 75.7694 76.6877 72.1249 82.174 50.4777 78.0585 57.5587 78.0585 0.0 63.9531 108.119 14.8661 7.61577 58.3095 79.846 52.5547 57.2451 87.1436 45.4533 44.8859 71.007 67.0522 86.1452 44.5533 108.484 64.0078 27.6586 42.19 67.9117 72.5603 
38.6105 43.6578 83.2412 76.7551 12.083 25.4951 83.9045 19.0263 43.4166 70.3491 57.0088 50.0 41.4367 83.6859 48.3735 53.0848 68.4471 82.0982 56.3649 31.0161 47.1699 59.94 52.4786 73.4882 60.2993 84.8116 23.1231 71.0703 88.6191 48.3011 62.4381 70.635 47.4342 14.7648 6.32456 94.5076 44.0641 25.0799 60.0333 49.1935 10.4403 77.1622 80.4984 52.9245 85.0 8.94427 82.466 41.6558 79.8783 32.5576 19.3132 13.0 73.5639 52.5002 46.8893 35.9472 71.7201 34.0 63.9531 0.0 60.7289 53.0 66.1211 52.5422 68.104 16.1245 55.3086 28.8444 41.6173 30.4138 87.8905 69.5591 28.0179 77.3886 69.7209 83.1081 70.8441 22.1359 73.3305 94.3913 
