NAME  : Jabali_80_2_0.90_1_4
TYPE : SVRP
MODEL : FINITE_SUPPORT
NUMBER_OF_SCENARIOS : 200
DIMENSION : 80
EDGE_WEIGHT_TYPE : MATRIX
CAPACITY : 273
N_VEHICLES : 2
NODE_COORD_SECTION
1 4521 4876
2 3839 6171
3 2597 3526
4 5872 4879
5 4799 6384
6 4347 1134
7 1051 6000
8 7536 4114
9 3090 2017
10 961 3505
11 2630 375
12 1386 3156
13 582 3998
14 5703 3752
15 4388 757
16 2816 1295
17 4984 6812
18 6465 3452
19 360 5792
20 3862 1110
21 2286 6332
22 5986 4706
23 3779 1669
24 6909 5008
25 4877 3340
26 3965 776
27 2069 5402
28 4012 6885
29 6207 6031
30 4543 2126
31 1668 2264
32 4597 8393
33 3004 4549
34 3447 370
35 6135 4416
36 3197 6887
37 4179 2354
38 2830 6863
39 4185 2868
40 3391 1423
41 5937 3218
42 4481 6574
43 7848 2800
44 4983 4288
45 7827 3174
46 1154 1831
47 6922 4873
48 2981 2906
49 364 2983
50 2710 1860
51 2741 6066
52 4009 334
53 3679 2934
54 4194 8790
55 1201 5526
56 6672 6906
57 3279 1136
58 3729 7179
59 2226 2742
60 7235 5240
61 3560 4398
62 27 5928
63 4218 3116
64 4423 5502
65 5881 2160
66 6460 2430
67 4188 5329
68 5368 1250
69 6045 2622
70 8380 4372
71 2470 3482
72 7257 2507
73 4875 3972
74 5368 3817
75 5909 4272
76 5890 8046
77 2004 1180
78 3213 18
79 4082 954
80 7644 5003
DEMAND_SECTION
1 0.0
2 9.0
3 2.0
4 5.0
5 7.0
6 6.0
7 9.0
8 10.0
9 5.0
10 4.0
11 8.0
12 6.0
13 7.0
14 3.0
15 7.0
16 3.0
17 8.0
18 10.0
19 7.0
20 6.0
21 8.0
22 1.0
23 1.0
24 9.0
25 2.0
26 8.0
27 7.0
28 6.0
29 5.0
30 6.0
31 10.0
32 8.0
33 6.0
34 3.0
35 6.0
36 8.0
37 3.0
38 6.0
39 10.0
40 9.0
41 9.0
42 10.0
43 6.0
44 7.0
45 1.0
46 4.0
47 10.0
48 10.0
49 6.0
50 3.0
51 2.0
52 2.0
53 10.0
54 4.0
55 8.0
56 7.0
57 6.0
58 10.0
59 7.0
60 5.0
61 8.0
62 7.0
63 4.0
64 7.0
65 4.0
66 9.0
67 7.0
68 6.0
69 5.0
70 3.0
71 1.0
72 5.0
73 5.0
74 4.0
75 4.0
76 7.0
77 9.0
78 9.0
79 7.0
80 10.0
DEVIATION_SECTION
1 0.0
2 3.0
3 0.666667
4 1.66667
5 2.33333
6 2.0
7 3.0
8 3.33333
9 1.66667
10 1.33333
11 2.66667
12 2.0
13 2.33333
14 1.0
15 2.33333
16 1.0
17 2.66667
18 3.33333
19 2.33333
20 2.0
21 2.66667
22 0.333333
23 0.333333
24 3.0
25 0.666667
26 2.66667
27 2.33333
28 2.0
29 1.66667
30 2.0
31 3.33333
32 2.66667
33 2.0
34 1.0
35 2.0
36 2.66667
37 1.0
38 2.0
39 3.33333
40 3.0
41 3.0
42 3.33333
43 2.0
44 2.33333
45 0.333333
46 1.33333
47 3.33333
48 3.33333
49 2.0
50 1.0
51 0.666667
52 0.666667
53 3.33333
54 1.33333
55 2.66667
56 2.33333
57 2.0
58 3.33333
59 2.33333
60 1.66667
61 2.66667
62 2.33333
63 1.33333
64 2.33333
65 1.33333
66 3.0
67 2.33333
68 2.0
69 1.66667
70 1.0
71 0.333333
72 1.66667
73 1.66667
74 1.33333
75 1.33333
76 2.33333
77 3.0
78 3.0
79 2.33333
80 3.33333
DISTANCE_MATRIX
0.0 21.0 38.332 25.9733 21.0694 51.0234 51.0882 49.9802 49.5664 56.5446 72.1913 55.1892 56.4678 22.2627 55.376 59.4645 26.7207 31.6849 59.397 52.565 37.5766 28.207 46.1413 36.9188 20.2485 55.9251 35.3553 28.8617 30.1768 36.9545 55.1892 48.1127 22.1329 63.5718 32.2125 34.0588 34.9929 36.4966 29.0256 51.5011 28.2843 23.2594 52.4905 10.198 50.5803 64.2408 35.9403 37.7148 66.9156 52.5432 30.8707 61.5525 36.2698 53.6809 47.3814 41.6305 55.0604 33.541 45.1508 38.7623 17.1821 63.6396 27.0535 9.05539 40.1995 41.1947 8.24621 49.98 36.0139 57.8334 37.7148 48.2788 12.1655 18.1108 31.9674 47.0619 64.4678 68.8267 53.7822 44.5252 
21.0 0.0 45.3443 32.311 12.6491 69.186 37.5899 55.5084 56.7274 50.2636 79.2641 51.99 50.0899 43.1182 73.6475 66.5386 17.0294 51.1957 46.9574 68.6608 20.6155 34.5398 61.0938 42.4471 40.6079 72.6518 25.318 9.89949 31.4006 56.5244 65.4032 32.0156 25.807 78.2368 38.6264 13.1529 52.3103 16.1555 45.378 64.405 49.1636 10.0 70.9588 31.0644 68.6186 71.284 41.4686 44.7271 60.6346 59.5555 14.7648 78.4758 43.6033 36.1248 36.0555 39.2173 67.8012 13.4164 52.1632 43.8292 24.5155 51.0 42.9537 12.0416 61.131 62.1289 13.1529 70.0928 57.0088 62.8013 44.7271 68.4473 33.0606 39.0512 38.6005 37.4833 71.4801 82.801 70.8461 49.2037 
38.332 45.3443 0.0 53.77 51.9396 41.0122 39.0512 67.5731 22.8035 29.468 43.566 22.2579 31.0662 46.7284 45.0111 31.305 57.7685 51.7523 43.4166 38.2099 37.2018 53.3903 31.0161 68.3276 31.5862 42.2966 25.7099 51.8862 61.7472 32.8938 22.2579 73.4427 21.5889 45.2217 52.9087 46.5161 27.5136 44.7691 23.8537 31.7805 45.0791 52.6361 71.0028 46.0984 70.3062 31.3103 67.3491 11.0 36.4225 23.7065 34.1793 47.676 17.8885 75.9171 33.1361 73.2009 34.4819 52.8542 12.2195 70.1712 22.636 47.1275 23.4307 38.3743 48.2597 53.9073 35.2964 49.0408 48.1664 79.2235 1.0 64.3506 38.988 40.6246 49.7906 78.5737 33.3027 48.8467 41.1096 75.9341 
25.9733 32.311 53.77 0.0 26.0 52.846 66.5239 27.7315 52.3562 75.0678 72.4485 67.8578 83.6293 17.0416 56.8635 61.2859 29.4279 20.025 75.3663 55.4582 51.3727 2.23607 49.7377 14.6702 22.2396 58.3665 51.6442 37.3363 17.0294 38.9674 66.7053 51.6624 42.3784 66.631 6.32456 45.2217 38.6123 48.4665 33.2548 55.366 20.6155 30.0666 38.9136 19.1127 36.5734 75.2143 13.6917 47.7244 82.0223 57.2482 44.7583 63.6555 38.553 58.2495 63.5792 30.2324 58.8604 42.4264 57.5684 16.5137 43.2174 79.5785 31.2827 21.186 34.8855 32.9848 23.4566 47.8017 29.1548 35.5848 53.091 37.054 19.1127 13.4536 7.07107 43.8292 70.3652 71.9832 56.1437 22.2766 
21.0694 12.6491 51.9396 26.0 0.0 72.0522 50.0899 47.1275 63.4256 62.0907 86.0505 63.8171 62.0139 40.171 76.4048 73.3237 5.83095 46.0109 59.5063 73.3305 32.7567 28.0179 66.9068 34.5254 41.3104 76.9538 37.855 12.083 19.8494 57.9833 68.7968 27.2947 34.7851 84.764 32.0624 22.0227 56.0217 26.1725 50.0543 70.9422 45.7056 4.47214 63.9531 42.2421 60.4152 77.8484 33.541 51.574 72.4617 66.4024 27.313 82.5812 50.129 33.2415 48.7032 26.5707 74.3571 17.088 58.7584 34.5398 31.0413 63.5059 48.0823 13.6015 59.2126 58.5491 16.6433 71.0383 54.1295 52.8394 51.3223 63.0317 33.1005 36.5852 33.0151 26.9258 78.327 89.3536 74.8109 39.3573 
51.0234 69.186 41.0122 52.846 72.0522 0.0 80.0562 57.5147 20.2485 54.0833 24.3311 47.1275 62.2977 45.8044 4.47214 19.8494 77.7035 42.72 83.916 5.83095 76.2955 52.4309 10.198 67.4037 31.8277 6.08276 66.1891 78.9756 69.8733 14.1421 38.5876 99.0403 47.8539 15.1327 51.1077 80.0562 17.0 80.6536 24.1868 12.8062 36.4005 74.2463 53.2353 44.5533 55.0091 43.1856 66.4252 30.0167 57.8014 23.3238 71.0634 10.8167 25.9615 104.66 74.108 83.0063 13.6015 82.5261 35.4401 69.2472 44.7772 87.3249 26.9258 59.532 26.0192 34.0 59.2563 14.3178 31.4006 69.0507 40.0125 44.2832 40.3113 39.4081 48.0208 96.4102 30.8058 20.3961 4.0 66.1794 
51.0882 37.5899 39.0512 66.5239 50.0899 80.0562 0.0 90.5308 61.131 32.6497 78.848 36.6879 27.0185 71.5737 84.006 68.0661 53.4883 80.9938 9.48683 77.026 17.72 68.7576 70.0071 77.4694 66.0647 81.0555 16.1245 41.4849 68.7968 71.1969 49.98 58.0345 35.2166 82.8917 72.7631 31.4006 65.9242 27.1662 61.1227 70.1783 76.7461 46.6154 101.802 60.2163 99.8914 54.5894 76.4909 50.04 39.6989 60.6882 22.8254 86.209 55.9017 57.7062 6.08276 76.5572 72.4795 39.4588 46.5475 79.2791 44.2945 13.4164 59.7255 45.3431 84.1988 88.6917 43.8406 87.4757 82.8733 98.384 40.05 97.2948 59.7323 66.9166 74.636 71.0211 65.7875 85.703 80.0062 84.9631 
49.9802 55.5084 67.5731 27.7315 47.1275 57.5147 90.5308 0.0 64.199 88.871 80.697 81.6609 97.4325 34.5453 60.4403 71.514 48.8365 15.8255 99.3732 61.9185 75.269 28.2594 58.4403 13.6015 36.3826 63.591 75.651 59.1354 30.0167 46.4403 80.3331 69.0072 65.4902 72.6094 31.5056 68.0294 48.7678 71.5605 46.1754 64.4403 22.8096 51.5461 18.2483 36.6163 14.0357 88.6004 14.4222 61.5187 95.8255 69.2961 68.7127 67.7203 52.2255 76.0263 87.5861 37.6431 67.4754 64.195 71.3665 13.0384 60.5393 103.585 44.9801 45.1928 32.311 25.5539 47.4634 47.0106 26.2488 12.0416 66.8941 21.6333 36.6128 29.5453 26.2517 56.0892 81.8896 77.9088 61.4305 10.7703 
49.5664 56.7274 22.8035 52.3562 63.4256 20.2485 61.131 64.199 0.0 33.8378 22.6716 26.9258 42.0595 45.3146 23.5372 10.0 69.2481 48.5077 64.195 16.1245 59.948 51.9765 10.2956 66.9139 30.1496 20.025 48.5077 66.6033 69.3835 19.2354 19.105 88.3912 32.9848 22.4722 51.495 66.2664 15.5242 66.3102 19.105 9.05539 41.4367 63.8841 64.622 41.9839 65.146 25.5539 65.9354 12.53 38.0132 5.09902 56.9256 25.0799 15.2315 92.8493 55.0818 85.6402 11.7047 69.8192 15.2971 68.7575 33.3017 67.4759 21.3776 50.1324 37.5899 45.1885 46.9702 32.0156 40.4969 75.8494 21.8403 56.3649 37.5743 39.2046 48.3761 91.0716 18.0278 26.4197 19.2354 74.5204 
56.5446 50.2636 29.468 75.0678 62.0907 54.0833 32.6497 88.871 33.8378 0.0 47.3814 7.2111 8.24621 68.0262 57.28 38.1182 67.1256 73.0502 32.5576 49.7293 40.0 74.6881 44.0114 84.5346 52.8841 53.3667 27.4591 58.3926 77.7926 49.6488 18.1108 79.5215 38.4461 53.0848 74.2066 51.9486 44.4559 49.3964 43.2702 42.2019 66.377 60.2089 91.8096 64.311 91.6041 21.9545 83.5561 27.4596 11.0454 31.5753 39.4392 57.7062 36.8918 81.4635 26.9258 87.891 43.566 58.9187 18.7883 86.3781 46.7033 35.1283 43.955 52.6475 66.9175 73.512 50.2429 64.8845 68.0501 100.521 28.7337 84.4513 60.2859 61.9225 71.0885 87.7372 33.7343 55.0364 52.8867 92.141 
72.1913 79.2641 43.566 72.4485 86.0505 24.3311 78.848 80.697 22.6716 47.3814 0.0 42.2019 55.1453 65.407 23.4094 12.7279 91.873 65.4905 79.9062 19.0263 80.5471 72.0689 22.8035 87.0062 50.3289 18.6815 68.6579 89.1502 89.4758 34.5254 29.2746 111.018 55.5086 10.8167 71.4703 88.7902 33.8378 88.1157 39.8121 17.088 58.6941 86.509 77.5242 62.4268 79.1581 28.4429 86.0277 34.7131 46.2709 20.0 77.526 18.0278 37.4433 115.389 72.8011 102.609 13.6015 92.343 33.1059 88.8498 55.9732 82.4924 42.4853 72.7573 50.0899 58.1378 69.5951 38.3275 55.0091 92.3474 42.72 68.593 58.0172 59.1354 68.3081 113.697 14.0357 8.94427 20.3961 89.3616 
55.1892 51.99 22.2579 67.8578 63.8171 47.1275 36.6879 81.6609 26.9258 7.2111 42.2019 0.0 15.2315 60.8162 50.448 32.0156 68.852 65.8401 38.0526 42.9535 41.7833 67.4781 37.0 86.261 45.674 46.6905 29.187 60.3762 79.519 42.4382 13.4164 81.9327 40.1725 47.0106 66.9965 53.675 37.2458 51.1241 36.0601 35.5106 59.1669 61.9353 84.5996 62.9556 84.3941 19.8494 85.2825 20.2495 15.8114 25.0799 41.1656 51.2445 29.6817 84.4071 30.6757 88.6628 37.1214 61.3442 11.7047 88.1046 39.4932 41.0122 36.7449 54.3739 59.7075 66.3019 51.9693 57.7062 60.8401 93.3113 21.5237 77.2412 53.0758 54.7125 63.8784 89.4636 29.1548 49.366 46.0977 93.8675 
56.4678 50.0899 31.0662 83.6293 62.0139 62.2977 27.0185 97.4325 42.0595 8.24621 55.1453 15.2315 0.0 76.5877 65.521 46.2709 67.0298 81.6117 25.2982 57.9741 37.5766 83.2497 52.2015 84.4578 61.4456 61.6117 25.9615 57.8705 77.7158 57.5889 26.0 78.4474 38.3693 61.2046 82.7681 50.5964 52.3854 47.5395 51.1997 50.448 74.9385 60.075 100.862 64.2342 100.166 28.4605 83.4793 35.3891 12.7279 39.8121 38.3275 65.9242 44.8213 79.8499 21.9317 87.8142 51.788 57.9741 26.9258 86.3013 52.8745 27.4591 51.8845 52.5707 74.8471 81.4415 50.1661 72.8972 75.9797 105.372 32.0121 94.0939 63.6202 70.484 79.65 87.4643 41.3038 63.0 61.131 92.0642 
22.2627 43.1182 46.7284 17.0416 40.171 45.8044 71.5737 34.5453 45.3146 68.0262 65.407 60.8162 76.5877 0.0 49.8219 54.2443 44.5601 19.4222 79.3469 48.4166 59.4243 16.6619 42.6962 31.5993 15.198 51.3249 55.4899 50.1774 34.0689 31.9258 59.6637 67.0322 41.1267 59.5894 16.1803 56.2445 31.5707 58.7587 26.2132 48.3244 16.0454 43.6394 40.2278 12.0711 38.3176 68.1727 30.6208 40.6828 74.9807 50.2066 52.7598 56.614 31.5115 73.3081 67.3122 47.2019 51.8188 55.0899 50.5268 33.4428 36.1758 83.5744 24.2412 31.0768 29.0416 29.0208 30.4951 41.0555 24.105 52.5139 46.0494 36.0161 12.0711 6.41421 13.0623 60.6058 63.3236 64.9416 49.1022 39.2057 
55.376 73.6475 45.0111 56.8635 76.4048 4.47214 84.006 60.4403 23.5372 57.28 23.4094 50.448 65.521 49.8219 0.0 21.4009 82.0562 45.8803 87.582 7.61577 80.6042 56.4004 14.0 71.419 36.0694 5.0 70.3491 83.4372 73.8908 18.4391 41.1461 103.393 52.1728 13.1529 54.9181 84.5044 21.4709 85.0706 28.6531 15.2315 39.8121 78.599 55.0091 48.7955 57.0789 45.0 70.4405 34.0147 60.3738 26.0 75.4321 7.28011 30.3645 109.013 78.0256 87.0279 15.0 86.9877 38.833 73.2625 49.2443 90.934 31.3847 63.8846 28.4429 36.2215 63.7178 15.1327 34.2053 71.8053 44.0114 46.0109 44.5982 43.4166 51.8652 100.428 31.8277 18.0 4.47214 69.105 
59.4645 66.5386 31.305 61.2859 73.3237 19.8494 68.0661 71.514 10.0 38.1182 12.7279 32.0156 46.2709 54.2443 21.4009 0.0 79.1462 56.0089 70.0643 14.1421 68.4553 60.9062 13.3417 75.8435 39.0512 16.6433 56.6482 76.4247 78.3132 25.1794 20.6155 98.2904 42.7831 15.0 60.4152 76.0647 23.0868 76.0226 28.1603 7.61577 49.0 73.7822 70.342 50.9824 71.3863 23.6008 74.8651 22.0227 39.5601 7.61577 65.4329 19.9249 25.0599 102.663 61.9839 91.4462 6.40312 79.6175 21.587 77.6871 43.2782 73.0 30.6757 60.0305 42.72 50.6952 56.8683 33.8378 46.6905 83.1644 30.4138 61.6847 46.5728 48.0521 57.2713 100.97 11.1803 17.72 17.0294 83.45 
26.7207 17.0294 57.7685 29.4279 5.83095 77.7035 53.4883 48.8365 69.2481 67.1256 91.873 68.852 67.0298 44.5601 82.0562 79.1462 0.0 49.366 62.9682 79.2451 35.8469 31.257 72.8214 37.0135 46.9617 82.6052 42.2966 12.8062 19.6977 63.6346 74.6258 22.4722 40.4969 92.0689 35.1283 23.6008 61.673 28.0179 55.7057 76.7648 49.7293 7.07107 66.2722 46.6311 62.514 83.6773 36.0139 57.3965 77.4966 72.2249 31.0483 88.2326 55.9515 28.8617 52.6308 23.3238 80.1796 17.0294 64.5873 35.9026 36.8638 66.8506 53.7336 19.4165 63.5689 62.3699 22.4722 75.6156 58.2409 53.3104 57.1513 66.0681 38.7519 40.9743 36.4966 21.1896 84.1495 95.1761 80.4623 40.1622 
31.6849 51.1957 51.7523 20.025 46.0109 42.72 80.9938 15.8255 48.5077 73.0502 65.4905 65.8401 81.6117 19.4222 45.8803 56.0089 49.366 0.0 88.767 46.8722 68.8465 18.1108 43.0465 19.5273 20.5913 48.7647 64.91 57.1402 35.289 31.0644 64.5136 71.3863 50.5468 57.7235 14.3178 64.3273 33.1361 67.2426 30.3645 49.0408 7.07107 50.01 20.8087 21.4933 19.105 72.8011 31.7806 45.6946 80.0047 53.6004 62.182 53.1413 36.4005 78.0897 76.7323 49.6796 52.1536 62.2013 55.5428 23.7427 45.5959 92.9945 29.1548 39.7066 18.6011 13.8924 39.9173 33.2866 12.2066 27.4759 51.0733 17.2627 21.4009 14.2127 13.0 62.5235 66.2722 63.0635 46.5725 24.4901 
59.397 46.9574 43.4166 75.3663 59.5063 83.916 9.48683 99.3732 64.195 32.5576 79.9062 38.0526 25.2982 79.3469 87.582 70.0643 62.9682 88.767 0.0 80.3057 27.2029 77.6 73.7548 86.3118 73.2173 84.214 24.0416 50.9608 78.032 76.243 50.636 67.0075 42.3693 85.0529 81.6055 40.7922 70.8802 36.4966 66.4956 73.1095 84.5192 56.0803 109.564 68.1175 107.649 53.7587 85.3333 54.1295 37.1214 63.0 32.2025 89.0505 61.0328 66.2722 12.0416 86.0058 75.0067 48.8365 49.0408 88.1553 51.6333 4.24264 65.6862 54.2033 90.7102 95.8444 52.4976 92.4446 90.026 107.226 44.3847 105.068 67.5055 74.6898 82.4091 80.4114 66.2873 87.367 83.3847 93.8055 
52.565 68.6608 38.2099 55.4582 73.3305 5.83095 77.026 61.9185 16.1245 49.7293 19.0263 42.9535 57.9741 48.4166 7.61577 14.1421 79.2451 46.8722 80.3057 0.0 74.63 55.0785 7.61577 70.0158 33.8378 4.12311 63.7887 78.4505 72.4855 16.5529 33.541 100.156 46.2072 11.1803 54.1295 79.2023 17.6918 79.4796 24.7588 7.61577 40.2616 75.645 58.5491 46.4004 60.1332 37.6431 69.0374 27.2947 52.7731 18.3848 69.573 9.84886 25.0599 104.688 71.007 85.6185 7.81025 82.001 31.4006 71.8594 44.4185 83.6002 27.5862 61.8934 31.0644 39.1152 58.7311 20.1246 36.0555 73.5527 37.2156 49.6488 42.0119 42.0595 50.9902 99.5863 25.0 16.5529 3.16228 70.5831 
37.5766 20.6155 37.2018 51.3727 32.7567 76.2955 17.72 75.269 59.948 40.0 80.5471 41.7833 37.5766 59.4243 80.6042 68.4553 35.8469 68.8465 27.2029 74.63 0.0 53.6064 67.041 62.2077 53.7589 78.7395 12.7279 23.7697 52.0096 65.123 55.1965 41.5933 28.4429 82.4021 57.6119 14.0 60.2993 10.198 54.037 68.8493 65.146 29.0689 89.6632 47.5395 87.39 61.0773 61.2292 47.7214 49.7393 60.8358 6.7082 84.5969 50.4876 42.3792 18.0278 59.0339 71.6473 22.0227 49.0652 63.8905 34.2345 31.0161 52.0 30.2324 74.9691 77.6209 29.5296 81.0062 72.0347 82.9759 38.137 85.44 48.0833 55.0273 57.3667 53.4603 70.1484 86.0428 77.1927 69.4262 
28.207 34.5398 53.3903 2.23607 28.0179 52.4309 68.7576 28.2594 51.9765 74.6881 72.0689 67.4781 83.2497 16.6619 56.4004 60.9062 31.257 18.1108 77.6 55.0785 53.6064 0.0 49.3581 15.198 21.8599 57.9828 53.8779 39.4588 17.6918 38.5876 66.3256 53.3667 47.7886 66.2513 4.12311 47.4342 38.2326 50.6952 32.8751 54.9863 19.2354 32.1403 36.7767 18.733 41.1386 74.8346 14.2195 47.3447 81.6426 56.8685 46.992 63.2456 38.1734 60.0167 65.8129 30.807 58.4807 44.5533 57.1887 17.0416 42.8377 81.8122 30.9031 23.4197 33.6155 31.3209 25.6903 46.8615 27.7308 36.1127 52.7113 35.0143 18.733 13.0384 5.38516 44.9444 69.9855 71.6035 55.7584 22.8045 
46.1413 61.0938 31.0161 49.7377 66.9068 10.198 70.0071 58.4403 10.2956 44.0114 22.8035 37.0 52.2015 42.6962 14.0 13.3417 72.8214 43.0465 73.7548 7.61577 67.041 49.3581 0.0 64.2954 27.7308 11.7047 56.4358 70.8835 66.765 12.0 29.2062 92.589 38.6181 17.6918 48.7032 71.5891 11.1803 71.8679 17.8045 6.0 36.1248 68.0781 57.0088 39.9982 58.0517 34.8281 63.3169 20.025 48.2597 14.1421 61.9839 17.4642 17.4929 97.121 64.0312 79.898 9.21954 74.4312 25.2982 66.139 36.8917 77.1271 20.6155 54.3264 29.4109 37.3631 51.1642 21.9317 33.3766 70.0907 30.0167 48.3839 35.5885 36.4005 45.5412 93.1626 24.3516 22.8035 10.198 67.105 
36.9188 42.4471 68.3276 14.6702 34.5254 67.4037 77.4694 13.6015 66.9139 84.5346 87.0062 86.261 84.4578 31.5993 71.419 75.8435 37.0135 19.5273 86.3118 70.0158 62.2077 15.198 64.2954 0.0 36.7973 72.9242 62.5896 46.3367 20.2485 53.5251 81.263 58.4209 53.3238 81.1886 18.4443 54.9753 53.1699 58.4992 47.8125 69.9236 34.3848 38.8337 29.4279 33.6703 25.9615 89.772 1.0 62.2821 94.9056 71.8058 55.6513 78.2132 53.1107 65.2763 74.5247 31.4006 73.4181 51.4291 72.1261 7.28011 48.5442 90.5239 45.8404 32.1314 48.7856 29.7626 34.402 62.0536 42.8477 23.3238 67.6486 29.2746 33.6703 28.0025 20.4937 47.927 84.9228 86.5409 70.7014 12.0416 
20.2485 40.6079 31.5862 22.2396 41.3104 31.8277 66.0647 36.3826 30.1496 52.8841 50.3289 45.674 61.4456 15.198 36.0694 39.0512 46.9617 20.5913 73.2173 33.8378 53.7589 21.8599 27.7308 36.7973 0.0 37.0135 50.1736 49.0408 39.2669 17.6918 44.5216 68.3537 30.9258 44.9444 21.3776 53.2353 16.5529 55.0091 11.0454 33.2415 14.2127 43.5093 40.3609 12.7279 39.4081 52.9528 35.8188 25.5407 59.8386 35.0571 47.3814 42.5206 16.2788 73.9219 61.2451 52.3999 36.7696 53.6004 35.3847 38.6409 29.4301 77.5391 9.05539 29.1204 21.2132 24.5967 27.4591 29.7321 18.7883 48.033 30.9072 34.2053 8.60233 9.05539 18.2483 65.8038 48.1664 50.2494 34.8281 44.4038 
55.9251 72.6518 42.2966 58.3665 76.9538 6.08276 81.0555 63.591 20.025 53.3667 18.6815 46.6905 61.6117 51.3249 5.0 16.6433 82.6052 48.7647 84.214 4.12311 78.7395 57.9828 11.7047 72.9242 37.0135 0.0 67.897 82.4415 75.3938 19.4165 36.7696 104.147 50.3166 9.05539 56.8243 83.2586 21.2603 83.5703 28.4253 11.1803 42.3792 79.6361 59.1354 49.679 61.0 40.2244 71.9457 31.4006 55.9464 21.8403 73.6825 5.83095 29.0689 108.679 75.0267 88.5268 10.2956 85.992 35.2278 74.7678 48.3735 87.4643 31.241 65.8844 32.0624 40.0125 62.7222 19.6469 37.4833 75.1332 41.3038 50.1597 45.3431 44.9444 53.7122 102.946 26.8701 14.3178 2.23607 72.2557 
35.3553 25.318 25.7099 51.6442 37.855 66.1891 16.1245 75.651 48.5077 27.4591 68.6579 29.187 25.9615 55.4899 70.3491 56.6482 42.2966 64.91 24.0416 63.7887 12.7279 53.8779 56.4358 62.5896 50.1736 67.897 0.0 32.1403 55.0364 56.2341 42.6002 52.4976 19.4165 70.8802 57.8834 24.6982 51.1165 21.9545 45.5412 57.4891 60.6622 35.2278 85.7075 44.2041 83.8076 48.481 61.6112 36.4966 37.5766 49.0408 12.3693 73.3485 41.066 54.1295 12.0416 64.2884 60.1664 32.0156 37.176 64.4332 28.178 28.2843 43.9318 30.5287 68.3081 72.797 28.6007 72.4469 66.9822 83.5043 26.6833 81.211 43.6485 50.8328 58.5522 62.0322 58.2856 74.3303 66.6108 70.1961 
28.8617 9.89949 51.8862 37.3363 12.083 78.9756 41.4849 59.1354 66.6033 58.3926 89.1502 60.3762 57.8705 50.1774 83.4372 76.4247 12.8062 57.1402 50.9608 78.4505 23.7697 39.4588 70.8835 46.3367 49.0408 82.4415 32.1403 0.0 31.6228 65.3289 73.7894 22.2036 35.609 88.0279 43.566 10.8167 62.0999 15.2643 55.1677 74.2024 56.0803 7.61577 75.7618 38.4069 72.2772 79.6702 45.3582 54.6132 68.7636 69.4416 20.0 88.2655 53.3929 26.2488 41.3038 36.0555 77.6209 5.09902 62.0493 46.6154 34.3052 54.7083 55.4279 19.9249 68.896 69.0652 21.9317 78.7464 64.2824 64.8845 54.6132 74.3303 41.0 46.5916 44.1814 30.0167 81.3662 92.6175 80.6357 51.4296 
30.1768 31.4006 61.7472 17.0294 19.8494 69.8733 68.7968 30.0167 69.3835 77.7926 89.4758 79.519 77.7158 34.0689 73.8908 78.3132 19.6977 35.289 78.032 72.4855 52.0096 17.6918 66.765 20.2485 39.2669 75.3938 55.0364 31.6228 0.0 55.9947 79.8094 39.0 46.5819 83.6583 20.9741 41.8688 55.6395 46.0109 50.2821 72.3932 36.9147 24.2074 48.0416 36.14 44.0 88.8609 19.3132 62.3349 88.1636 77.1633 46.0435 80.6828 55.5803 46.0109 66.6483 13.4164 75.8877 36.3593 69.771 17.0 41.8022 82.1523 48.31 25.0 51.3155 48.7834 27.66 64.5835 45.3776 33.6155 62.3349 49.2443 36.14 30.4795 23.0236 27.7308 89.0879 89.0105 73.171 20.6155 
36.9545 56.5244 32.8938 38.9674 57.9833 14.1421 71.1969 46.4403 19.2354 49.6488 34.5254 42.4382 57.5889 31.9258 18.4391 25.1794 63.6346 31.0644 76.243 16.5529 65.123 38.5876 12.0 53.5251 17.6918 19.4165 56.2341 65.3289 55.9947 0.0 37.8021 85.0266 37.0135 27.7308 37.5766 67.4724 5.38516 68.4471 11.1803 18.0 24.1868 60.1774 45.5412 30.4138 46.3249 44.7772 52.5466 22.8254 55.8659 24.1661 59.4138 24.8395 15.2971 90.591 65.5134 69.1277 21.095 69.7083 31.241 55.3686 32.0156 80.0062 13.6015 45.4631 18.3576 26.0 43.4605 16.2788 21.587 58.0907 31.9531 37.1618 26.1725 25.5539 34.4384 82.5316 35.9026 33.1059 17.2047 55.105 
55.1892 65.4032 22.2579 66.7053 68.7968 38.5876 49.98 80.3331 19.105 18.1108 29.2746 13.4164 26.0 59.6637 41.1461 20.6155 74.6258 64.5136 50.636 33.541 55.1965 66.3256 29.2062 81.263 44.5216 36.7696 42.6002 73.7894 79.8094 37.8021 0.0 95.3459 38.4461 35.3553 65.8441 68.4194 33.2866 64.5373 34.176 25.9422 57.5847 69.4934 82.2982 56.333 82.3468 9.05539 80.2845 19.2354 19.2354 15.2643 54.5788 40.5216 28.1603 97.8203 44.0114 91.263 26.5707 74.7574 10.0499 83.1065 39.4932 53.2353 35.4401 55.2316 56.0357 63.2851 52.1536 51.0882 58.1808 91.9835 21.5237 74.4312 51.9234 53.56 62.726 95.431 15.8114 37.0 36.6742 88.8694 
48.1127 32.0156 73.4427 51.6624 27.2947 99.0403 58.0345 69.0072 88.3912 79.5215 111.018 81.9327 78.4474 67.0322 103.393 98.2904 22.4722 71.3863 67.0075 100.156 41.5933 53.3667 92.589 58.4209 68.3537 104.147 52.4976 22.2036 39.0 85.0266 95.3459 0.0 57.8014 109.733 57.0701 27.8927 83.0098 31.4006 77.0425 95.9117 72.1249 25.0 87.023 69.1033 83.0 101.227 57.4282 76.4993 89.8888 91.3277 40.1622 109.569 75.0985 7.07107 59.5399 35.1141 99.3266 20.6155 83.9354 56.0 56.0107 70.1142 75.0704 40.0 86.0349 84.6463 42.638 98.0816 80.6536 71.1969 76.4993 87.6931 60.1438 63.4465 58.6941 18.4391 103.252 114.323 101.799 59.2115 
22.1329 25.807 21.5889 42.3784 34.7851 47.8539 35.2166 65.4902 32.9848 38.4461 55.5086 40.1725 38.3693 41.1267 52.1728 42.7831 40.4969 50.5468 42.3693 46.2072 28.4429 47.7886 38.6181 53.3238 30.9258 50.3166 19.4165 35.609 46.5819 37.0135 38.4461 57.8014 0.0 54.9134 47.307 33.8378 32.0156 33.541 26.1725 41.0224 44.4187 34.4384 71.3442 29.8993 69.2529 47.4977 52.3453 20.9716 48.8171 35.8001 23.4094 56.0271 22.0907 61.5549 30.3971 58.0345 44.2754 38.1838 28.4077 55.1674 10.8167 46.5746 24.5153 22.2036 49.0408 53.5529 19.105 53.1507 47.7345 74.2385 20.9716 63.7226 29.2853 36.4696 44.1889 61.6847 47.7247 59.2415 48.7699 60.9303 
63.5718 78.2368 45.2217 66.631 84.764 15.1327 82.8917 72.6094 22.4722 53.0848 10.8167 47.0106 61.2046 59.5894 13.1529 15.0 92.0689 57.7235 85.0529 11.1803 82.4021 66.2513 17.6918 81.1886 44.9444 9.05539 70.8802 88.0279 83.6583 27.7308 35.3553 109.733 54.9134 0.0 65.307 88.1949 28.6007 88.2387 35.4683 13.8924 51.2445 85.2225 68.0661 57.4282 70.0071 36.7696 80.2101 34.9285 53.8516 22.2036 78.2792 7.2111 34.8281 114.265 76.8098 96.7913 10.7703 91.526 36.3456 83.0322 54.2033 88.0 38.2884 71.4709 41.1096 49.0408 68.3086 28.2843 46.5296 84.1724 44.2719 59.0762 53.0191 53.2353 62.1691 112.41 22.3607 5.38516 11.1803 81.2741 
32.2125 38.6264 52.9087 6.32456 32.0624 51.1077 72.7631 31.5056 51.495 74.2066 71.4703 66.9965 82.7681 16.1803 54.9181 60.4152 35.1283 14.3178 81.6055 54.1295 57.6119 4.12311 48.7032 18.4443 21.3776 56.8243 57.8834 43.566 20.9741 37.5766 65.8441 57.0701 47.307 65.307 0.0 51.5461 37.6431 54.7814 32.3935 54.4059 16.4012 36.2215 32.6775 18.2514 30.3372 74.3531 17.4658 46.8631 81.1611 56.3869 50.9975 61.9112 37.6918 63.7887 69.8184 34.0532 57.8705 48.6621 56.7072 20.2878 42.3562 85.8177 30.4215 27.4252 30.8058 27.8568 29.6958 44.5533 24.6982 39.3589 52.2297 31.0 18.2514 12.3693 3.16228 48.2087 69.5039 70.6824 54.5894 26.0507 
34.0588 13.1529 46.5161 45.2217 22.0227 80.0562 31.4006 68.0294 66.2664 51.9486 88.7902 53.675 50.5964 56.2445 84.5044 76.0647 23.6008 64.3273 40.7922 79.2023 14.0 47.4342 71.5891 54.9753 53.2353 83.2586 24.6982 10.8167 41.8688 67.4724 68.4194 27.8927 33.8378 88.1949 51.5461 0.0 63.2456 4.47214 56.326 74.3039 62.2896 17.6918 83.9992 44.1814 80.9158 72.9689 53.9968 54.2532 62.2415 69.0816 12.53 89.0505 54.231 29.5296 32.0156 46.8722 77.557 8.06226 58.3809 55.9464 35.4635 44.3847 53.9017 25.1794 74.027 75.2396 26.0 82.3944 70.0643 74.6257 47.4514 81.5843 46.0 52.1536 51.6624 39.6232 79.4641 92.523 81.5414 61.0574 
34.9929 52.3103 27.5136 38.6123 56.0217 17.0 65.9242 48.7678 15.5242 44.4559 33.8378 37.2458 52.3854 31.5707 21.4709 23.0868 61.673 33.1361 70.8802 17.6918 60.2993 38.2326 11.1803 53.1699 16.5529 21.2603 51.1165 62.0999 55.6395 5.38516 33.2866 83.0098 32.0156 28.6007 37.6431 63.2456 0.0 64.0312 7.2111 16.7631 26.0768 58.2158 49.2443 28.8498 49.6488 40.7185 52.1914 17.4929 50.9313 20.6155 54.7449 27.0185 10.0499 88.6294 60.208 68.7726 20.2485 65.6504 26.1725 55.0135 27.8568 74.6324 10.0 43.5015 22.8035 30.0167 42.3806 21.587 25.0799 60.4183 26.5707 41.1825 24.4402 25.2982 34.4819 82.0142 33.1361 33.8378 19.2094 57.4325 
36.4966 16.1555 44.7691 48.4665 26.1725 80.6536 27.1662 71.5605 66.3102 49.3964 88.1157 51.1241 47.5395 58.7587 85.0706 76.0226 28.0179 67.2426 36.4966 79.4796 10.198 50.6952 71.8679 58.4992 55.0091 83.5703 21.9545 15.2643 46.0109 68.4471 64.5373 31.4006 33.541 88.2387 54.7814 4.47214 64.0312 0.0 57.2713 74.3477 64.7765 21.9317 87.0724 46.6905 84.7322 70.4181 57.5207 54.297 59.4811 68.4093 10.6301 89.3197 54.7083 32.311 28.1603 51.3128 77.6008 12.3693 56.6338 59.6825 36.4966 40.025 54.9181 27.8927 76.0263 77.6466 28.2843 83.7456 72.3395 78.492 45.7043 84.4939 48.1664 54.5894 54.7083 43.9318 77.717 92.5668 81.9329 64.8999 
29.0256 45.378 23.8537 33.2548 50.0543 24.1868 61.1227 46.1754 19.105 43.2702 39.8121 36.0601 51.1997 26.2132 28.6531 28.1603 55.7057 30.3645 66.4956 24.7588 54.037 32.8751 17.8045 47.8125 11.0454 28.4253 45.5412 55.1677 50.2821 11.1803 34.176 77.0425 26.1725 35.4683 32.3935 56.326 7.2111 57.2713 0.0 22.8254 23.4094 52.2485 48.5489 22.8825 48.3011 42.45 46.834 15.8114 50.2195 24.0208 48.2597 34.2053 6.40312 82.6621 55.4932 63.4151 26.4197 58.7182 25.5539 49.656 20.8806 70.3847 2.82843 37.5342 24.4131 30.4138 35.4483 27.0185 24.8395 57.8259 23.0217 41.2311 18.4728 20.0998 29.2746 76.0469 37.1214 40.6079 26.4008 55.4189 
51.5011 64.405 31.7805 55.366 70.9422 12.8062 70.1783 64.4403 9.05539 42.2019 17.088 35.5106 50.448 48.3244 15.2315 7.61577 76.7648 49.0408 73.1095 7.61577 68.8493 54.9863 6.0 69.9236 33.2415 11.1803 57.4891 74.2024 72.3932 18.0 25.9422 95.9117 41.0224 13.8924 54.4059 74.3039 16.7631 74.3477 22.8254 0.0 42.107 71.4008 62.8172 45.358 63.9531 30.4138 68.9451 21.1896 45.1774 10.7703 64.3882 16.0312 21.2132 100.444 64.1249 85.5263 3.60555 77.666 24.0832 71.7672 40.4599 76.3217 25.5539 57.6491 35.171 43.1741 54.4868 26.4008 39.3192 76.0907 30.8058 54.1202 40.9483 42.0595 51.2445 98.5883 18.7883 18.4391 10.7703 73.105 
28.2843 49.1636 45.0791 20.6155 45.7056 36.4005 76.7461 22.8096 41.4367 66.377 58.6941 59.1669 74.9385 16.0454 39.8121 49.0 49.7293 7.07107 84.5192 40.2616 65.146 19.2354 36.1248 34.3848 14.2127 42.3792 60.6622 56.0803 36.9147 24.1868 57.5847 72.1249 44.4187 51.2445 16.4012 62.2896 26.0768 64.7765 23.4094 42.107 0.0 49.366 26.1725 18.1108 25.2389 65.8027 33.4063 38.9102 73.2681 46.5296 58.5235 47.0106 29.5466 78.5875 72.4845 49.9937 45.2769 61.0328 48.7545 30.7269 41.3482 88.7468 22.3607 37.1222 14.4222 13.0 36.4966 28.3196 8.544 34.46 44.4001 20.5913 17.088 10.198 13.8924 64.1493 59.2115 56.6127 40.1622 31.4743 
23.2594 10.0 52.6361 30.0666 4.47214 74.2463 46.6154 51.5461 63.8841 60.2089 86.509 61.9353 60.075 43.6394 78.599 73.7822 7.07107 50.01 56.0803 75.645 29.0689 32.1403 68.0781 38.8337 43.5093 79.6361 35.2278 7.61577 24.2074 60.1774 69.4934 25.0 34.4384 85.2225 36.2215 17.6918 58.2158 21.9317 52.2485 71.4008 49.366 0.0 68.2589 45.7104 64.7611 81.2293 37.855 52.0189 70.5799 66.8431 24.0416 84.7754 50.5875 30.4138 45.607 29.9666 74.8156 12.6491 59.455 39.0 31.4998 60.0083 50.2764 15.0 62.681 62.2896 17.6918 73.2372 57.7062 57.3062 52.0189 67.1193 35.2994 40.0536 37.0135 27.6586 78.7719 89.8121 77.0051 43.8292 
52.4905 70.9588 71.0028 38.9136 63.9531 53.2353 101.802 18.2483 64.622 91.8096 77.5242 84.5996 100.862 40.2278 55.0091 70.342 66.2722 20.8087 109.564 58.5491 89.6632 36.7767 57.0088 29.4279 40.3609 59.1354 85.7075 75.7618 48.0416 45.5412 82.2982 87.023 71.3442 68.0661 32.6775 83.9992 49.2443 87.0724 48.5489 62.8172 26.1725 68.2589 0.0 42.2989 4.47214 89.9611 30.4138 64.3506 98.7641 69.6419 83.0488 62.0081 54.9181 94.0053 97.5297 55.7853 65.307 80.8543 74.0945 31.0644 66.3934 113.792 48.0104 59.5435 27.6586 19.6469 61.7471 40.0125 24.1661 22.6716 70.3238 9.0 42.2019 35.0 32.3643 74.3303 81.3204 73.0068 57.2189 28.8617 
10.198 31.0644 46.0984 19.1127 42.2421 44.5533 60.2163 36.6163 41.9839 64.311 62.4268 62.9556 64.2342 12.0711 48.7955 50.9824 46.6311 21.4933 68.1175 46.4004 47.5395 18.733 39.9982 33.6703 12.7279 49.679 44.2041 38.4069 36.14 30.4138 56.333 69.1033 29.8993 57.4282 18.2514 44.1814 28.8498 46.6905 22.8825 45.358 18.1108 45.7104 42.2989 0.0 40.3887 64.842 32.6918 37.352 74.682 46.8758 40.8534 55.2268 28.1807 75.3792 56.0803 49.273 48.9173 43.2019 47.1961 35.5139 24.9485 72.3464 20.9104 19.0263 30.5941 31.0644 18.4391 41.5933 26.0192 54.585 45.4811 38.0872 4.47214 8.0 15.1333 62.6768 59.9928 62.6836 47.5079 41.2768 
50.5803 68.6186 70.3062 36.5734 60.4152 55.0091 99.8914 14.0357 65.146 91.6041 79.1581 84.3941 100.166 38.3176 57.0789 71.3863 62.514 19.105 107.649 60.1332 87.39 41.1386 58.0517 25.9615 39.4081 61.0 83.8076 72.2772 44.0 46.3249 82.3468 83.0 69.2529 70.0071 30.3372 80.9158 49.6488 84.7322 48.3011 63.9531 25.2389 64.7611 4.47214 40.3887 0.0 90.2497 26.9258 64.0078 98.3999 70.214 80.7756 64.195 54.5894 90.0056 95.6138 51.4198 66.6108 77.3692 73.8241 27.0 64.3021 111.876 47.5079 57.2033 29.0689 21.0238 59.4739 42.2966 24.7386 18.3848 69.6273 11.7047 40.3609 33.2415 30.0241 70.0357 82.2253 75.06 59.0085 24.5153 
64.2408 71.284 31.3103 75.2143 77.8484 43.1856 54.5894 88.6004 25.5539 21.9545 28.4429 19.8494 28.4605 68.1727 45.0 23.6008 83.6773 72.8011 53.7587 37.6431 61.0773 74.8346 34.8281 89.772 52.9528 40.2244 48.481 79.6702 88.8609 44.7772 9.05539 101.227 47.4977 36.7696 74.3531 72.9689 40.7185 70.4181 42.45 30.4138 65.8027 81.2293 89.9611 64.842 90.2497 0.0 88.7935 28.0713 18.0 20.8087 60.4595 42.9418 36.6742 103.701 48.8774 100.315 30.0 80.6382 19.105 91.6156 48.5447 55.7853 43.9318 64.2831 63.1348 70.6612 61.2051 56.6392 65.7951 100.251 30.576 81.8413 60.4324 62.069 71.235 104.482 14.5602 37.108 40.6079 97.3785 
35.9403 41.4686 67.3491 13.6917 33.541 66.4252 76.4909 14.4222 65.9354 83.5561 86.0277 85.2825 83.4793 30.6208 70.4405 74.8651 36.0139 31.7806 85.3333 69.0374 61.2292 14.2195 63.3169 1.0 35.8188 71.9457 61.6112 45.3582 19.3132 52.5466 80.2845 57.4282 52.3453 80.2101 17.4658 53.9968 52.1914 57.5207 46.834 68.9451 33.4063 37.855 30.4138 32.6918 26.9258 88.7935 0.0 61.3036 93.9271 70.8273 54.6728 77.2347 52.1322 64.2806 73.5462 30.6105 72.4396 50.4506 71.1476 7.07107 47.5657 89.5454 44.8619 31.1529 47.8071 45.2751 33.4235 61.0751 41.8692 23.8537 66.6701 30.2655 32.6918 27.024 19.5152 47.0106 83.9443 85.5624 69.7229 12.1655 
37.7148 44.7271 11.0 47.7244 51.574 30.0167 50.04 61.5187 12.53 27.4596 34.7131 20.2495 35.3891 40.6828 34.0147 22.0227 57.3965 45.6946 54.1295 27.2947 47.7214 47.3447 20.025 62.2821 25.5407 31.4006 36.4966 54.6132 62.3349 22.8254 19.2354 76.4993 20.9716 34.9285 46.8631 54.2532 17.4929 54.297 15.8114 21.1896 38.9102 52.0189 64.3506 37.352 64.0078 28.0713 61.3036 0.0 34.4093 14.8661 44.3375 36.8782 9.43398 80.8519 44.1022 73.7885 24.1661 57.806 9.84886 64.1256 21.9545 57.7561 16.5529 38.2808 39.6232 46.0977 35.1185 38.6264 40.6079 73.1691 10.0 57.0088 32.9424 34.5791 43.7451 78.4332 26.8328 38.9487 30.1496 69.8885 
66.9156 60.6346 36.4225 82.0223 72.4617 57.8014 39.6989 95.8255 38.0132 11.0454 46.2709 15.8114 12.7279 74.9807 60.3738 39.5601 77.4966 80.0047 37.1214 52.7731 49.7393 81.6426 48.2597 94.9056 59.8386 55.9464 37.5766 68.7636 88.1636 55.8659 19.2354 89.8888 48.8171 53.8516 81.1611 62.2415 50.9313 59.4811 50.2195 45.1774 73.2681 70.5799 98.7641 74.682 98.3999 18.0 93.9271 34.4093 0.0 34.4819 49.7695 59.4643 43.8292 91.7061 34.6554 98.262 45.6946 69.2892 24.8395 96.7491 53.6578 38.6264 50.9095 63.0185 73.6614 80.4301 60.6139 70.0 75.0 107.476 35.6882 91.4002 67.2403 68.877 78.043 98.1082 32.249 54.7449 55.9017 102.512 
52.5432 59.5555 23.7065 57.2482 66.4024 23.3238 60.6882 69.2961 5.09902 31.5753 20.0 25.0799 39.8121 50.2066 26.0 7.61577 72.2249 53.6004 63.0 18.3848 60.8358 56.8685 14.1421 71.8058 35.0571 21.8403 49.0408 69.4416 77.1633 24.1661 15.2643 91.3277 35.8001 22.2036 56.3869 69.0816 20.6155 68.4093 24.0208 10.7703 46.5296 66.8431 69.6419 46.8758 70.214 20.8087 70.8273 14.8661 34.4819 0.0 57.8195 26.1725 19.6469 95.6803 54.6064 88.617 12.0416 72.6344 14.1421 73.6494 36.6197 66.0681 26.1725 53.1092 42.4853 50.1597 49.947 36.0694 45.5412 80.9465 22.8254 61.327 42.4662 44.1029 53.2688 93.2617 13.1529 25.2982 21.5407 79.4123 
30.8707 14.7648 34.1793 44.7583 27.313 71.0634 22.8254 68.7127 56.9256 39.4392 77.526 41.1656 38.3275 52.7598 75.4321 65.4329 31.0483 62.182 32.2025 69.573 6.7082 46.992 61.9839 55.6513 47.3814 73.6825 12.3693 20.0 46.0435 59.4138 54.5788 40.1622 23.4094 78.2792 50.9975 12.53 54.7449 10.6301 48.2597 64.3882 58.5235 24.0416 83.0488 40.8534 80.7756 60.4595 54.6728 44.3375 49.7695 57.8195 0.0 79.3929 45.1221 42.0595 21.587 53.8516 67.6412 19.6469 46.0441 57.3847 28.0179 36.2353 46.0977 23.6008 68.593 71.0634 22.8254 75.1066 65.5134 76.4853 35.1145 78.7759 41.4849 48.3839 50.7523 50.01 67.1273 83.0203 72.1249 62.9682 
61.5525 78.4758 47.676 63.6555 82.5812 10.8167 86.209 67.7203 25.0799 57.7062 18.0278 51.2445 65.9242 56.614 7.28011 19.9249 88.2326 53.1413 89.0505 9.84886 84.5969 63.2456 17.4642 78.2132 42.5206 5.83095 73.3485 88.2655 80.6828 24.8395 40.5216 109.569 56.0271 7.2111 61.9112 89.0505 27.0185 89.3197 34.2053 16.0312 47.0106 84.7754 62.0081 55.2268 64.195 42.9418 77.2347 36.8782 59.4643 26.1725 79.3929 0.0 34.8855 114.503 80.1561 93.8158 14.1421 91.816 40.0125 80.0568 54.2033 92.1954 37.0135 71.7084 35.6931 43.4166 68.5461 22.0 41.4849 79.0759 46.6905 53.0094 50.9313 50.2195 58.8303 107.22 28.8444 11.1803 7.81025 76.385 
36.2698 43.6033 17.8885 38.553 50.129 25.9615 55.9017 52.2255 15.2315 36.8918 37.4433 29.6817 44.8213 31.5115 30.3645 25.0599 55.9515 36.4005 61.0328 25.0599 50.4876 38.1734 17.4929 53.1107 16.2788 29.0689 41.066 53.3929 55.5803 15.2971 28.1603 75.0985 22.0907 34.8281 37.6918 54.231 10.0499 54.7083 6.40312 21.2132 29.5466 50.5875 54.9181 28.1807 54.5894 36.6742 52.1322 9.43398 43.8292 19.6469 45.1221 34.8855 0.0 79.6304 50.2195 72.3436 24.7588 56.9386 19.2354 54.9543 19.4165 64.846 7.28011 36.8359 30.6105 36.7967 33.6736 31.5753 31.241 63.8759 17.0 47.634 23.7711 25.4077 34.5737 77.7751 32.7567 39.6232 27.313 60.7172 
53.6809 36.1248 75.9171 58.2495 33.2415 104.66 57.7062 76.0263 92.8493 81.4635 115.389 84.4071 79.8499 73.3081 109.013 102.663 28.8617 78.0897 66.2722 104.688 42.3792 60.0167 97.121 65.2763 73.9219 108.679 54.1295 26.2488 46.0109 90.591 97.8203 7.07107 61.5549 114.265 63.7887 29.5296 88.6294 32.311 82.6621 100.444 78.5875 30.4138 94.0053 75.3792 90.0056 103.701 64.2806 80.8519 91.7061 95.6803 42.0595 114.503 79.6304 0.0 59.9083 42.0595 103.856 23.4307 87.7819 63.0079 60.5427 69.0652 80.69 45.2769 92.3472 91.2195 47.7074 103.65 87.0919 78.2624 76.8523 94.5368 65.7121 69.7223 65.307 24.6982 107.605 118.849 106.873 66.2722 
47.3814 36.0555 33.1361 63.5792 48.7032 74.108 6.08276 87.5861 55.0818 26.9258 72.8011 30.6757 21.9317 67.3122 78.0256 61.9839 52.6308 76.7323 12.0416 71.007 18.0278 65.8129 64.0312 74.5247 61.2451 75.0267 12.0416 41.3038 66.6483 65.5134 44.0114 59.5399 30.3971 76.8098 69.8184 32.0156 60.208 28.1603 55.4932 64.1249 72.4845 45.607 97.5297 56.0803 95.6138 48.8774 73.5462 44.1022 34.6554 54.6064 21.587 80.1561 50.2195 59.9083 0.0 75.2728 66.4386 40.0 40.4656 76.3682 39.6611 16.2788 54.6838 42.4382 79.3792 83.8722 40.6079 81.7863 78.0538 95.4393 34.1321 93.0332 55.4707 62.655 70.3744 71.2531 59.808 79.6241 74.0 82.0184 
41.6305 39.2173 73.2009 30.2324 26.5707 83.0063 76.5572 37.6431 85.6402 87.891 102.609 88.6628 87.8142 47.2019 87.0279 91.4462 23.3238 49.6796 86.0058 85.6185 59.0339 30.807 79.898 31.4006 52.3999 88.5268 64.2884 36.0555 13.4164 69.1277 91.263 35.1141 58.0345 96.7913 34.0532 46.8722 68.7726 51.3128 63.4151 85.5263 49.9937 29.9666 55.7853 49.273 51.4198 100.315 30.6105 73.7885 98.262 88.617 53.8516 93.8158 72.3436 42.0595 75.2728 0.0 89.0207 39.8246 81.2246 25.9422 53.2559 89.9611 61.4431 36.0139 64.3945 59.915 39.0 77.6625 58.4566 37.0135 73.7885 58.6941 49.273 43.6005 36.1026 19.0 100.542 102.144 86.304 26.9258 
55.0604 67.8012 34.4819 58.8604 74.3571 13.6015 72.4795 67.4754 11.7047 43.566 13.6015 37.1214 51.788 51.8188 15.0 6.40312 80.1796 52.1536 75.0067 7.81025 71.6473 58.4807 9.21954 73.4181 36.7696 10.2956 60.1664 77.6209 75.8877 21.095 26.5707 99.3266 44.2754 10.7703 57.8705 77.557 20.2485 77.6008 26.4197 3.60555 45.2769 74.8156 65.307 48.9173 66.6108 30.0 72.4396 24.1661 45.6946 12.0416 67.6412 14.1421 24.7588 103.856 66.4386 89.0207 0.0 81.0247 26.0192 75.2616 43.9318 78.1025 29.1548 61.064 37.6563 45.7056 57.9017 27.7849 42.107 79.1258 33.5261 56.5155 44.5076 45.5412 54.7083 102.003 17.2047 15.0 10.6301 76.1401 
33.541 13.4164 52.8542 42.4264 17.088 82.5261 39.4588 64.195 69.8192 58.9187 92.343 61.3442 57.9741 55.0899 86.9877 79.6175 17.0294 62.2013 48.8365 82.001 22.0227 44.5533 74.4312 51.4291 53.6004 85.992 32.0156 5.09902 36.3593 69.7083 74.7574 20.6155 38.1838 91.526 48.6621 8.06226 65.6504 12.3693 58.7182 77.666 61.0328 12.6491 80.8543 43.2019 77.3692 80.6382 50.4506 57.806 69.2892 72.6344 19.6469 91.816 56.9386 23.4307 40.0 39.8246 81.0247 0.0 64.719 51.6236 37.8557 52.3927 56.2939 24.5153 73.6817 74.027 26.2488 83.2406 69.1949 69.7711 53.7895 79.404 45.7056 51.1925 49.2544 31.5753 85.8022 96.0208 84.1862 56.3649 
45.1508 52.1632 12.2195 57.5684 58.7584 35.4401 46.5475 71.3665 15.2971 18.7883 33.1059 11.7047 26.9258 50.5268 38.833 21.587 64.5873 55.5428 49.0408 31.4006 49.0652 57.1887 25.2982 72.1261 35.3847 35.2278 37.176 62.0493 69.771 31.241 10.0499 83.9354 28.4077 36.3456 56.7072 58.3809 26.1725 56.6338 25.5539 24.0832 48.7545 59.455 74.0945 47.1961 73.8241 19.105 71.1476 9.84886 24.8395 14.1421 46.0441 40.0125 19.2354 87.7819 40.4656 81.2246 26.0192 64.719 0.0 73.9697 29.4548 52.2398 26.4008 45.1932 48.8365 55.6058 42.1152 46.1411 50.2195 83.0169 11.4853 66.6108 42.7865 44.4231 53.5891 85.3926 21.9317 39.2938 34.5254 79.7326 
38.7623 43.8292 70.1712 16.5137 34.5398 69.2472 79.2791 13.0384 68.7575 86.3781 88.8498 88.1046 86.3013 33.4428 73.2625 77.6871 35.9026 23.7427 88.1553 71.8594 63.8905 17.0416 66.139 7.28011 38.6409 74.7678 64.4332 46.6154 17.0 55.3686 83.1065 56.0 55.1674 83.0322 20.2878 55.9464 55.0135 59.6825 49.656 71.7672 30.7269 39.0 31.0644 35.5139 27.0 91.6156 7.07107 64.1256 96.7491 73.6494 57.3847 80.0568 54.9543 63.0079 76.3682 25.9422 75.2616 51.6236 73.9697 0.0 50.3877 92.3675 47.684 33.9411 40.2893 33.9781 36.2456 55.0318 34.1689 19.105 69.4922 32.8938 35.5139 29.8461 22.3372 43.6807 86.7664 88.3845 72.545 5.83095 
