NAME  : Jabali_80_2_0.95_1_7
TYPE : SVRP
MODEL : FINITE_SUPPORT
NUMBER_OF_SCENARIOS : 200
DIMENSION : 80
EDGE_WEIGHT_TYPE : MATRIX
CAPACITY : 227
N_VEHICLES : 2
NODE_COORD_SECTION
1 3939 3970
2 5444 2384
3 2699 5030
4 5135 2896
5 2074 2777
6 2547 5531
7 570 4431
8 9324 3658
9 5892 7214
10 1331 1824
11 5959 2874
12 2161 5148
13 5449 7430
14 891 4558
15 5730 3385
16 4401 5470
17 5462 7787
18 5606 5661
19 5143 7502
20 7755 4941
21 5217 6350
22 7806 4131
23 3925 8199
24 2907 1996
25 4358 8553
26 6811 3336
27 5336 5268
28 3860 2331
29 613 4751
30 4660 1503
31 7176 4352
32 3038 769
33 2605 2648
34 4385 7781
35 8534 3792
36 4922 5535
37 4424 4335
38 4027 5678
39 5480 6658
40 1544 2567
41 3088 7310
42 8209 2168
43 2552 3237
44 2498 6668
45 5030 1738
46 4086 4999
47 8446 2773
48 6503 5657
49 5870 2404
50 1951 4726
51 2307 1655
52 2716 1116
53 2604 3540
54 4068 2718
55 1816 4702
56 5624 372
57 3917 871
58 1437 3024
59 8024 4117
60 8895 4318
61 4471 4836
62 27 4696
63 945 2328
64 7646 4592
65 3540 4877
66 4552 466
67 7582 2153
68 5722 18
69 5457 3972
70 7391 4609
71 3922 5210
72 1965 4238
73 1528 6050
74 7452 2616
75 4608 1713
76 7275 2208
77 5950 2662
78 4988 4464
79 6328 563
80 6829 5421
DEMAND_SECTION
1 0.0
2 6.0
3 7.0
4 5.0
5 8.0
6 3.0
7 2.0
8 8.0
9 10.0
10 7.0
11 2.0
12 10.0
13 7.0
14 1.0
15 7.0
16 1.0
17 3.0
18 4.0
19 1.0
20 1.0
21 7.0
22 2.0
23 8.0
24 10.0
25 3.0
26 4.0
27 6.0
28 6.0
29 7.0
30 5.0
31 5.0
32 7.0
33 1.0
34 6.0
35 8.0
36 5.0
37 9.0
38 10.0
39 5.0
40 8.0
41 9.0
42 7.0
43 5.0
44 4.0
45 1.0
46 3.0
47 9.0
48 10.0
49 7.0
50 8.0
51 4.0
52 4.0
53 4.0
54 5.0
55 6.0
56 3.0
57 5.0
58 10.0
59 8.0
60 10.0
61 3.0
62 5.0
63 6.0
64 6.0
65 2.0
66 8.0
67 8.0
68 4.0
69 7.0
70 1.0
71 7.0
72 7.0
73 4.0
74 6.0
75 3.0
76 6.0
77 6.0
78 2.0
79 3.0
80 1.0
DEVIATION_SECTION
1 0.0
2 2.0
3 2.33333
4 1.66667
5 2.66667
6 1.0
7 0.666667
8 2.66667
9 3.33333
10 2.33333
11 0.666667
12 3.33333
13 2.33333
14 0.333333
15 2.33333
16 0.333333
17 1.0
18 1.33333
19 0.333333
20 0.333333
21 2.33333
22 0.666667
23 2.66667
24 3.33333
25 1.0
26 1.33333
27 2.0
28 2.0
29 2.33333
30 1.66667
31 1.66667
32 2.33333
33 0.333333
34 2.0
35 2.66667
36 1.66667
37 3.0
38 3.33333
39 1.66667
40 2.66667
41 3.0
42 2.33333
43 1.66667
44 1.33333
45 0.333333
46 1.0
47 3.0
48 3.33333
49 2.33333
50 2.66667
51 1.33333
52 1.33333
53 1.33333
54 1.66667
55 2.0
56 1.0
57 1.66667
58 3.33333
59 2.66667
60 3.33333
61 1.0
62 1.66667
63 2.0
64 2.0
65 0.666667
66 2.66667
67 2.66667
68 1.33333
69 2.33333
70 0.333333
71 2.33333
72 2.33333
73 1.33333
74 2.0
75 1.0
76 2.0
77 2.0
78 0.666667
79 1.0
80 0.333333
DISTANCE_MATRIX
0.0 37.2995 28.6011 33.5913 30.5941 32.4722 55.9674 73.4539 51.2445 46.1736 37.2395 35.807 51.4782 46.8201 29.7946 21.095 55.4617 32.0624 51.0 52.8681 37.0 53.1358 58.392 30.3645 62.5249 41.9013 26.0192 22.5022 50.3295 38.4555 44.7214 44.7772 26.0 52.59 62.6631 25.0 8.06226 22.8062 42.0595 38.0789 51.9839 65.6625 21.8403 43.6999 42.8374 14.2127 65.0488 41.5933 40.6412 39.0 38.6394 42.1545 19.9164 19.2066 39.7321 57.7601 41.2754 36.7857 55.2757 67.2761 13.6015 57.3993 46.5725 50.6525 16.4031 47.9175 58.8381 61.2984 21.7352 47.855 16.7082 32.1213 47.9473 54.2918 37.8383 55.7024 40.4402 15.5242 64.7081 43.6807 
37.2995 0.0 56.5197 9.7082 48.7201 60.3909 72.8665 55.9464 63.8905 56.4958 9.21954 61.758 66.468 68.6428 13.0 42.0399 70.7107 42.5206 67.2681 46.0 51.6624 40.7922 78.6099 35.4418 82.1243 22.8035 37.4833 25.1473 72.1522 15.0333 36.0 39.2046 41.936 72.1498 46.6154 40.8044 32.0861 46.6876 55.8659 56.1147 73.1531 38.4187 42.0918 71.6186 10.198 39.8797 41.8688 45.1885 5.65685 59.1344 43.2413 40.2616 41.7082 21.026 59.0104 32.6158 29.1548 56.9576 42.2019 53.7587 34.6462 79.222 64.397 42.0476 44.3218 29.207 30.0 36.6847 19.8494 40.0 42.8362 53.944 75.866 28.3196 14.0357 26.4008 7.61577 26.7631 30.088 44.2719 
28.6011 56.5197 0.0 52.9483 30.8869 6.7082 27.6586 90.4481 52.345 46.2385 54.5059 7.2111 50.0 26.4197 47.061 23.2594 53.0848 39.8246 48.0937 67.897 39.0512 69.814 46.9574 39.6989 53.3104 59.1677 35.2278 41.8721 29.6816 55.5454 61.0737 56.0848 31.1448 44.9222 79.6339 30.4138 25.6011 19.6469 43.7379 36.0555 30.8058 82.9289 23.4307 21.2603 59.9273 18.4391 82.3153 52.1536 57.9988 11.1803 44.8219 51.6236 19.8494 40.73 12.083 74.85 57.1857 31.7805 72.0069 83.7377 23.3452 36.4005 42.9535 66.5282 12.2066 64.9715 76.1045 78.3883 39.0017 63.7024 16.6433 14.0 21.0238 71.5583 54.9282 72.9689 56.0057 30.8076 83.6223 55.8032 
33.5913 9.7082 52.9483 0.0 45.0119 56.8194 69.6585 59.6127 60.8014 57.5619 13.0 60.1542 63.1415 65.4347 12.0554 38.4685 67.3817 39.4005 63.8276 46.4166 48.2548 42.5601 75.0869 36.8378 78.5529 25.4722 34.1448 21.4391 68.9441 22.3132 36.541 45.0476 38.2278 68.5783 49.6476 37.234 28.5147 43.1162 52.5782 52.4065 69.5816 44.6773 38.3836 68.0471 18.2643 36.3082 46.9318 43.1622 13.0499 55.9263 46.0116 45.19 38.3848 17.3178 55.8023 41.0 36.2415 53.2494 44.2311 56.2259 31.0747 76.0139 60.6888 42.8121 40.7503 37.3658 36.541 45.0689 16.8924 40.4833 39.2648 50.7359 72.2945 33.8058 20.72 32.9666 12.8489 23.1917 38.4722 42.8121 
30.5941 48.7201 30.8869 45.0119 0.0 36.6197 33.541 98.6002 79.511 16.1245 52.0119 31.1448 78.4474 28.2843 49.93 48.2597 82.0 62.1289 77.1298 82.9892 65.2763 80.678 77.8267 15.0333 84.0952 64.405 56.2228 26.6271 31.0644 36.7332 73.6232 29.4109 7.2111 75.4665 88.4816 54.0093 38.6394 47.0744 70.3491 7.61577 61.5873 83.6892 9.0 51.4004 41.1151 41.1096 85.9437 72.1803 52.0618 26.2488 15.2643 23.7697 12.1655 28.2843 25.6125 55.5428 35.0143 8.94427 82.5223 94.6845 43.0465 37.054 16.1555 79.934 34.3657 44.1814 75.5529 59.0339 49.5636 77.342 41.4367 19.8494 44.4072 72.8177 36.116 71.9786 51.8608 46.0977 62.4972 74.2159 
32.4722 60.3909 6.7082 56.8194 36.6197 0.0 26.8328 93.8136 50.4621 51.4296 58.3771 7.0 47.3814 26.9258 50.9322 24.736 50.0899 41.3781 45.0999 70.4106 39.9497 72.9452 41.7852 46.2277 48.3839 63.0388 37.1877 48.4235 29.7321 62.0967 64.1364 62.6259 37.4833 40.6079 83.006 31.9471 29.4722 20.6366 42.923 41.1461 25.0599 86.8 29.6985 14.8661 69.0838 21.095 86.1659 53.9099 61.8699 13.0384 50.9902 58.0517 26.1725 47.2814 14.0357 90.0212 63.7371 36.4005 75.1665 86.7082 26.4197 35.7771 47.4342 69.3341 16.4924 71.5228 79.9757 84.9396 42.8728 66.5246 18.7498 18.0278 15.5242 75.4294 61.4795 76.84 59.8768 34.4384 87.4934 57.7964 
55.9674 72.8665 27.6586 69.6585 33.541 26.8328 0.0 117.814 76.844 41.3401 76.6585 20.8087 73.2462 5.38516 74.3505 50.4777 75.505 67.1193 70.6116 95.5249 66.1249 97.1924 63.0714 48.2597 70.0643 86.534 62.8013 55.7315 4.47214 68.2958 88.488 62.8172 39.0512 64.195 107.0 57.6888 52.9674 46.3783 69.3476 32.6956 46.0 108.336 33.1361 35.0571 72.6777 46.0977 109.682 79.6304 76.7083 17.0294 48.0833 57.0088 31.5753 54.8179 16.4012 87.6004 68.1836 26.9258 99.3809 111.159 50.9313 8.94427 34.2053 94.0479 39.598 77.026 100.199 91.1373 66.368 91.2195 44.2041 19.3132 20.2237 97.4643 67.6785 96.6251 76.5073 58.1739 94.5484 83.4086 
73.4539 55.9464 90.4481 59.6127 98.6002 93.8136 117.814 0.0 68.0 111.175 47.1699 97.654 74.027 115.892 48.9183 71.1126 77.0065 57.5674 77.1038 27.1662 66.4906 21.0238 95.5249 90.9901 95.0474 34.2053 58.6941 75.0518 119.355 69.1334 29.9666 93.5763 91.8405 87.4643 10.8167 65.0 66.2867 76.4853 66.6108 106.019 95.8801 25.1794 91.8425 99.8285 64.0881 72.7186 17.0 46.6905 50.5371 100.847 98.7896 95.4698 91.8131 70.9305 101.579 66.1891 81.7454 106.704 18.7883 10.198 67.4166 126.336 114.302 25.9615 78.2502 76.4853 31.1448 68.0074 52.4976 28.4605 75.2928 101.002 109.268 29.1204 68.942 33.541 48.3735 59.6406 58.0086 41.5933 
51.2445 63.8905 52.345 60.8014 79.511 50.4621 76.844 68.0 0.0 95.6347 58.7282 57.3289 6.32456 77.3746 51.6236 31.257 9.05539 21.4009 9.84886 41.1096 14.3178 49.8197 28.7924 81.6088 27.1662 54.2033 26.9258 71.7045 80.0812 77.1146 43.0116 95.6179 76.5015 21.0238 59.3043 26.2488 44.0114 33.0151 9.21954 86.209 36.1248 75.2728 70.5762 43.909 73.0657 38.4708 70.0928 23.4094 63.6396 63.1148 89.7385 93.3006 67.3647 66.3401 64.1097 91.4831 90.718 83.006 51.6236 58.0345 37.6431 85.703 94.0479 43.566 45.1774 92.1671 72.0139 95.552 44.0454 41.9762 38.1182 66.2722 59.4811 66.2118 75.5214 70.2353 60.8276 38.9487 88.6172 27.8927 
46.1736 56.4958 46.2385 57.5619 16.1245 51.4296 41.3401 111.175 95.6347 0.0 64.5619 45.2769 94.541 36.0555 63.1585 64.3817 98.0612 78.0256 93.1719 96.7678 81.3941 94.0213 93.1075 21.4009 99.5389 77.0341 72.0625 36.8917 37.5899 43.8406 87.3155 26.9258 20.3961 91.0824 101.21 70.0682 54.231 63.1506 86.4696 10.2956 76.4788 93.095 25.0799 65.8635 48.2569 57.2189 97.178 87.6926 61.5813 39.6611 13.6015 21.1896 28.2843 40.2492 38.833 59.5399 37.1214 15.6205 95.7549 107.787 59.0 41.4367 8.06226 93.6376 50.4876 46.5188 84.6217 62.1691 63.353 91.0824 57.5587 33.6155 56.6392 83.5834 43.2578 81.0551 64.4107 61.5224 67.1193 89.4427 
37.2395 9.21954 54.5059 13.0 52.0119 58.3771 76.6585 47.1699 58.7282 64.5619 0.0 61.7118 62.0081 72.4347 7.61577 40.025 66.2193 37.8021 63.2456 37.054 47.7074 31.5753 76.1577 43.8378 79.177 13.6015 33.6155 28.4391 75.9441 24.0208 27.074 48.3735 45.2278 69.3181 37.5766 38.0789 30.0723 44.6738 51.4004 59.4065 70.8831 31.7648 45.3836 69.6048 19.0 37.8659 33.9706 38.2753 5.38516 62.9263 53.0116 49.4773 45.3848 24.3178 62.8023 32.8024 38.0132 60.2494 32.9848 44.5982 32.6324 83.0139 67.6888 33.0 42.308 37.2381 23.7697 36.8782 16.1555 31.0644 40.8224 57.7359 73.8522 20.8087 23.1948 20.2485 2.23607 24.7386 30.0 36.6742 
35.807 61.758 7.2111 60.1542 31.1448 7.0 20.8087 97.654 57.3289 45.2769 61.7118 0.0 54.3323 20.2485 54.2669 29.6816 57.0789 46.3249 52.0865 74.9533 44.9034 77.0065 48.3839 42.19 55.0818 66.3736 42.0119 44.87 23.2594 58.5433 68.2495 58.5235 33.0151 47.5184 86.8398 36.8917 32.807 25.5903 49.5169 34.9857 31.3847 90.1348 25.2389 20.5913 62.9252 25.4558 89.5212 58.8218 65.2047 6.08276 46.0109 53.6004 21.9545 43.7279 7.07107 77.8479 60.1836 29.9666 79.2023 90.9065 30.4795 29.6816 40.8534 73.6614 19.4165 67.9694 83.3104 81.3862 46.2076 70.8378 23.4307 11.6619 15.2971 78.7642 57.926 80.1748 63.2116 38.0135 84.7959 62.6259 
51.4782 66.468 50.0 63.1415 78.4474 47.3814 73.2462 74.027 6.32456 94.541 62.0081 54.3323 0.0 74.1485 54.6717 30.6757 4.24264 24.2074 3.60555 47.0106 15.0 55.4437 22.4722 81.7068 21.0238 58.6003 29.0 73.8015 76.6877 79.6208 48.2701 96.1556 76.423 14.7648 65.123 26.9258 44.7772 31.4006 10.6301 84.8528 30.8058 80.3617 69.6348 39.3954 75.4058 37.9473 75.505 28.6356 66.7083 60.208 89.5868 93.6216 66.2873 68.2782 61.2046 94.6563 92.6561 81.3019 57.3149 64.1249 38.0132 82.0061 92.4392 49.2544 44.1475 94.6733 76.6942 98.7252 46.6905 47.5184 37.108 64.0 55.1543 70.9366 78.0276 74.7329 64.0312 40.6079 92.0054 33.3766 
46.8201 68.6428 26.4197 65.4347 28.2843 26.9258 5.38516 115.892 77.3746 36.0555 72.4347 20.2485 74.1485 0.0 70.1268 49.6488 76.6551 66.242 71.7008 93.7244 65.022 95.2704 65.4905 43.1045 72.4431 84.6578 61.5873 51.1957 3.60555 63.4505 86.566 57.4891 34.0 66.0 105.078 56.8243 51.0454 45.7089 69.6355 27.313 48.2597 104.112 28.4429 37.1214 67.8325 44.6542 106.367 78.5493 72.4846 15.2643 42.72 51.6624 27.2029 50.5964 14.4222 82.7105 63.0714 21.5407 97.4589 109.237 49.2037 10.8167 29.0689 92.1287 37.8021 72.0 95.9758 86.2844 64.446 89.3003 43.0465 15.8114 23.4094 93.2406 62.8333 92.4014 72.2836 56.252 89.7032 82.0975 
29.7946 13.0 47.061 12.0554 49.93 50.9322 74.3505 48.9183 51.6236 63.1585 7.61577 54.2669 54.6717 70.1268 0.0 32.5576 58.8982 30.4795 55.8032 34.3657 40.2244 30.8707 68.542 42.72 71.5891 14.8661 26.0768 27.4591 73.6362 27.6586 24.5153 51.0098 43.4166 61.7171 38.6005 30.4631 22.6274 37.2156 44.0454 57.4543 63.2797 37.0 43.1062 62.1599 23.0868 30.421 37.7359 32.2025 12.0416 57.46 51.923 51.2454 43.0768 23.0868 58.1921 40.0 41.7732 57.9672 32.6497 44.7772 25.1875 80.7059 65.8635 30.8058 34.8631 42.1852 29.6142 44.0689 8.544 28.4429 33.3775 55.4279 66.4073 25.632 26.3059 26.3059 9.43398 17.2627 37.4433 31.3209 
21.095 42.0399 23.2594 38.4685 48.2597 24.736 50.4777 71.1126 31.257 64.3817 40.025 29.6816 30.6757 49.6488 32.5576 0.0 34.5398 16.6433 29.9666 46.4004 17.0294 50.0899 37.6404 51.1053 41.7732 43.1856 12.8062 43.5823 52.8394 54.7817 41.1461 65.8635 45.7057 31.8277 60.4152 7.2111 15.6205 5.38516 22.0907 55.0364 32.1352 67.2681 39.3192 36.081 50.7328 7.28011 65.5134 29.2062 43.519 34.4384 58.982 63.0714 36.1248 40.2866 35.3412 71.6703 62.3555 52.0865 52.3259 63.2851 8.60233 59.3633 63.0079 45.793 14.0 69.8342 61.0 75.7392 24.1868 43.0465 7.07107 36.4005 40.1637 56.0803 53.1885 58.0345 41.4849 15.2971 69.1425 33.2415 
55.4617 70.7107 53.0848 67.3817 82.0 50.0899 75.505 77.0065 9.05539 98.0612 66.2193 57.0789 4.24264 76.6551 58.8982 34.5398 0.0 28.4253 5.0 50.1597 19.2094 58.8558 21.095 85.6196 18.4391 62.6099 33.2415 77.8308 79.0759 83.8505 51.923 100.185 80.0724 14.1421 68.3593 31.0644 48.8774 34.9285 14.8661 88.2836 31.7648 84.119 73.2462 41.1096 79.646 41.7852 79.0759 32.28 70.9366 63.0317 93.4963 97.5756 69.857 72.5079 64.0312 98.8783 96.8858 84.5952 60.6712 67.0075 42.0595 84.1724 95.7549 52.6118 47.8017 98.903 80.6226 102.947 50.9313 50.9902 40.8044 67.0671 56.921 74.8465 82.2573 78.721 68.2495 44.8219 96.2133 36.8782 
32.0624 42.5206 39.8246 39.4005 62.1289 41.3781 67.1193 57.5674 21.4009 78.0256 37.8021 46.3249 24.2074 66.242 30.4795 16.6433 28.4253 0.0 25.5539 31.305 10.4403 36.8782 40.6079 61.9839 42.3792 35.4401 6.08276 50.4891 69.4622 55.7138 28.2843 75.2064 58.0345 32.9848 47.2969 9.43398 24.1868 21.2603 13.6015 69.3796 38.3284 58.5491 53.1507 42.2743 51.6649 22.1359 55.0 12.7279 42.5206 51.0 70.5762 73.3179 50.4079 45.1246 51.8845 70.4533 69.4263 67.082 39.0512 48.8467 19.105 76.0066 77.6696 31.6228 29.4109 70.7663 53.8516 74.5222 22.6716 29.1204 23.2594 52.5547 56.8058 48.2701 54.1206 51.5461 39.8246 18.0278 67.8012 17.2047 
51.0 67.2681 48.0937 63.8276 77.1298 45.0999 70.6116 77.1038 9.84886 93.1719 63.2456 52.0865 3.60555 71.7008 55.8032 29.9666 5.0 25.5539 0.0 50.01 15.6205 58.2151 18.9737 81.071 18.0278 60.5392 29.8329 73.4304 74.1485 80.1832 50.8035 95.7706 75.2622 11.1803 68.0294 27.0185 44.6542 30.0832 12.083 83.3607 27.4591 82.7103 68.4105 36.4005 76.1343 37.1618 78.0897 31.257 67.8012 58.0345 88.9478 93.0376 65.0 70.1348 59.0339 95.8025 93.2185 79.6486 60.1332 67.2681 37.7359 79.3095 90.8086 52.0865 43.0116 95.2358 78.7718 99.8714 47.634 50.2494 36.0555 62.0725 52.2015 73.0548 78.5901 76.6942 65.215 41.0366 93.2309 36.1248 
52.8681 46.0 67.897 46.4166 82.9892 70.4106 95.5249 27.1662 41.1096 96.7678 37.054 74.9533 47.0106 93.7244 34.3657 46.4004 50.1597 31.305 50.01 0.0 39.5601 10.0 68.3593 76.9025 68.0 24.7386 33.6006 61.8142 97.1854 61.0082 10.0 85.0941 76.5997 60.2993 18.2483 39.6611 45.4863 51.614 39.4588 90.5201 69.2892 37.2022 74.5519 73.3226 56.0357 49.4975 30.4138 19.6469 42.19 78.6448 86.122 85.6066 72.7396 57.2713 79.3977 66.7308 75.06 89.6083 11.1803 17.72 44.5982 104.139 98.9601 4.47214 55.9732 72.9932 36.8782 70.0071 33.6155 6.0 51.6624 78.8337 85.8384 31.4006 60.0083 36.6197 39.1152 38.0132 60.8358 14.5602 
37.0 51.6624 39.0512 48.2548 65.2763 39.9497 66.1249 66.4906 14.3178 81.3941 47.7074 44.9034 15.0 65.022 40.2244 17.0294 19.2094 10.4403 15.6205 39.5601 0.0 46.2709 30.2655 67.3573 31.9531 45.8803 14.2127 58.6841 68.1271 64.6622 38.0132 81.4964 62.184 22.561 56.5685 12.083 29.9666 19.4165 5.09902 72.0625 29.9666 68.884 56.3205 34.669 60.5192 24.1868 65.0692 19.9249 52.2015 50.0046 75.4321 79.1202 53.1507 53.3196 50.9608 80.2178 77.6975 69.029 48.3735 57.28 23.4094 75.0098 80.0 40.6079 31.0161 79.7147 64.2884 84.2866 32.0156 38.3275 24.0 52.7731 49.4849 58.6941 63.069 61.9839 49.6488 25.6125 77.666 25.0 
53.1358 40.7922 69.814 42.5601 80.678 72.9452 97.1924 21.0238 49.8197 94.0213 31.5753 77.0065 55.4437 95.2704 30.8707 50.0899 58.8558 36.8782 58.2151 10.0 46.2709 0.0 76.0066 73.3979 76.2365 18.1108 37.6962 57.9992 98.7329 55.4437 8.94427 79.9062 74.2428 68.0 10.4403 44.0114 45.9686 55.4617 47.0 88.209 75.197 27.2029 73.8537 79.1429 50.3587 51.8652 20.6155 27.0185 36.2215 80.225 82.5717 81.0247 72.8245 53.8516 80.9571 58.6941 69.1809 88.7147 2.23607 14.2127 46.6154 105.714 96.6488 6.32456 57.6281 66.1211 27.2029 61.6847 32.6497 8.0 54.3783 80.3798 88.4232 21.9545 54.7449 27.2947 33.3766 39.0512 52.2015 22.0907 
58.392 78.6099 46.9574 75.0869 77.8267 41.7852 63.0714 95.5249 28.7924 93.1075 76.1577 48.3839 22.4722 65.4905 68.542 37.6404 21.095 40.6079 18.9737 68.3593 30.2655 76.0066 0.0 85.7342 7.0 75.9276 43.0116 80.8828 67.1863 91.4001 68.0661 102.12 77.4824 8.06226 86.093 38.0789 53.2557 36.2698 29.0172 82.8553 17.2627 99.1413 69.9793 28.4429 87.3512 44.1868 95.2575 49.0408 80.0562 54.4059 91.3261 97.7124 66.3755 77.5872 55.3624 108.289 99.6561 78.1857 78.0256 85.8429 46.2095 71.007 89.1964 70.0643 49.2666 106.453 94.3663 112.309 60.0083 68.0074 42.5443 59.808 43.0 88.8426 89.8069 91.9239 77.8781 51.8845 105.665 54.0833 
30.3645 35.4418 39.6989 36.8378 15.0333 46.2277 48.2597 90.9901 81.6088 21.4009 43.8378 42.19 81.7068 43.1045 42.72 51.1053 85.6196 61.9839 81.071 76.9025 67.3573 73.3979 85.7342 0.0 92.452 56.3101 55.9017 15.6525 46.0109 22.8035 67.1863 16.4012 9.48683 82.5171 80.4855 55.3624 37.855 52.7312 72.4224 19.6977 70.1784 72.041 17.0 60.959 27.2029 44.1676 76.124 70.0286 40.5273 38.4838 9.21954 12.2066 20.2485 19.6469 38.0789 40.8044 20.0 23.5372 75.0689 87.0638 43.9659 52.0865 26.4008 73.4983 46.3281 29.1548 63.5677 44.1475 44.1814 71.0634 46.6331 32.311 56.7979 62.5295 22.2038 60.0011 43.0124 44.2832 47.7704 71.0634 
62.5249 82.1243 53.3104 78.5529 84.0952 48.3839 70.0643 95.0474 27.1662 99.5389 79.177 55.0818 21.0238 72.4431 71.5891 41.7732 18.4391 42.3792 18.0278 68.0 31.9531 76.2365 7.0 92.452 0.0 77.7946 45.618 85.0157 74.1687 94.8661 68.7314 107.235 83.659 10.0 86.0523 41.3401 57.3847 40.4027 29.6142 89.3197 24.1868 100.439 76.1559 35.3553 90.8172 48.3196 96.026 49.2544 83.3547 61.131 97.5027 104.421 72.5521 81.72 62.0967 111.755 103.789 84.7585 78.1601 85.1469 50.3289 78.0064 95.8175 70.1142 53.3995 109.919 96.1665 115.824 63.1348 68.2642 46.6772 66.4078 50.0 90.5207 93.2729 93.9202 81.0062 55.4707 108.908 54.1479 
41.9013 22.8035 59.1677 25.4722 64.405 63.0388 86.534 34.2053 54.2033 77.0341 13.6015 66.3736 58.6003 84.6578 14.8661 43.1856 62.6099 35.4401 60.5392 24.7386 45.8803 18.1108 75.9276 56.3101 77.7946 0.0 33.2415 40.9113 88.1672 37.3363 15.2315 61.8142 57.6888 68.4105 24.1868 39.0512 34.7341 48.3735 48.4665 71.8471 71.9169 24.0832 57.6373 74.2206 32.249 42.45 23.2594 31.4006 18.1108 69.5666 65.4838 63.0635 57.6079 36.79 70.2988 42.1545 51.0882 72.4983 19.4165 31.0161 37.108 95.237 80.1561 20.3961 46.9698 48.3735 18.4391 45.618 20.2485 18.9737 45.3542 69.959 78.4503 13.0384 36.6742 16.1555 15.2971 28.8617 36.8917 28.2843 
26.0192 37.4833 35.2278 34.1448 56.2228 37.1877 62.8013 58.6941 26.9258 72.0625 33.6155 42.0119 29.0 61.5873 26.0768 12.8062 33.2415 6.08276 29.8329 33.6006 14.2127 37.6962 43.0116 55.9017 45.618 33.2415 0.0 44.7867 64.8999 50.458 28.7924 69.504 52.0096 35.8469 48.1041 6.32456 18.1108 18.0278 18.4391 63.5098 38.7065 57.0351 47.2652 42.6524 46.4092 17.0 54.3323 17.0 38.0132 46.3249 64.4981 67.2426 45.125 39.4222 47.1699 66.0488 63.8001 61.4367 39.9249 50.6063 13.3417 71.6101 71.9108 33.121 24.1661 65.5106 51.6236 70.1176 17.8045 30.4138 18.6011 47.4236 52.6154 46.2709 48.8649 49.0306 35.5106 12.083 63.5138 20.6155 
22.5022 25.1473 41.8721 21.4391 26.6271 48.4235 55.7315 75.0518 71.7045 36.8917 28.4391 44.87 73.8015 51.1957 27.4591 43.5823 77.8308 50.4891 73.4304 61.8142 58.6841 57.9992 80.8828 15.6525 85.0157 40.9113 44.7867 0.0 54.5711 16.4306 51.9711 24.7386 19.4165 75.0808 65.0867 47.0652 29.2693 45.3055 63.1669 33.3017 74.4831 65.6506 22.8035 66.1992 20.8126 36.6964 69.7336 56.7186 34.1369 42.2465 24.6982 24.0 24.1868 5.38516 42.1225 35.7353 19.2527 35.5106 59.6701 71.665 35.7907 61.4003 41.0366 58.2495 38.9024 25.8926 57.1774 39.2735 30.1496 55.9017 39.2074 37.054 59.97 56.1391 15.8134 53.6108 28.2879 33.5267 42.6833 57.1402 
50.3295 72.1522 29.6816 68.9441 31.0644 29.7321 4.47214 119.355 80.0812 37.5899 75.9441 23.2594 76.6877 3.60555 73.6362 52.8394 79.0759 69.4622 74.1485 97.1854 68.1271 98.7329 67.1863 46.0109 74.1687 88.1672 64.8999 54.5711 0.0 66.6478 90.0285 60.0167 37.054 68.0661 108.541 60.0333 54.5079 48.8139 72.5444 29.4109 50.04 107.621 31.7805 39.0 71.0297 48.0104 109.876 81.8352 75.994 18.6011 45.1221 54.1295 30.6757 54.0833 17.8045 85.8733 66.0076 23.7697 100.921 112.7 52.6308 7.2111 30.2324 95.5912 41.2311 75.0267 99.4852 89.4539 67.9085 92.7627 46.3249 19.4165 24.5153 96.75 66.0305 95.9108 75.793 59.7144 92.9004 85.4459 
38.4555 15.0333 55.5454 22.3132 36.7332 62.0967 68.2958 69.1334 77.1146 43.8406 24.0208 58.5433 79.6208 63.4505 27.6586 54.7817 83.8505 55.7138 80.1832 61.0082 64.6622 55.4437 91.4001 22.8035 94.8661 37.3363 50.458 16.4306 66.6478 0.0 51.0098 24.5153 29.8351 84.8915 60.4401 53.5472 44.8279 60.962 69.145 42.3405 90.4364 50.1185 35.2195 82.1525 5.09902 52.6497 54.2015 59.4643 19.2354 55.9197 30.4795 26.4008 37.3798 21.7495 55.7957 24.0095 14.1421 45.6201 56.7186 67.9117 47.388 73.1727 49.2037 57.0088 54.8557 15.5563 41.6452 27.5903 33.2057 55.0091 55.1607 50.4142 73.6433 40.607 2.23607 38.0786 22.0907 39.5049 30.9575 58.9406 
44.7214 36.0 61.0737 36.541 73.6232 64.1364 88.488 29.9666 43.0116 87.3155 27.074 68.2495 48.2701 86.566 24.5153 41.1461 51.923 28.2843 50.8035 10.0 38.0132 8.94427 68.0661 67.1863 68.7314 15.2315 28.7924 51.9711 90.0285 51.0098 0.0 75.1066 67.2309 60.1332 19.3132 35.1141 37.5366 46.5188 39.2046 81.1542 66.5355 32.311 66.4052 70.4814 46.0435 43.0116 27.2947 19.6469 32.249 71.5206 76.4003 75.7311 64.5929 47.5395 72.2527 57.3847 65.0692 81.4616 11.1803 22.6716 37.8021 97.0091 89.5941 6.32456 48.9183 63.1621 30.0 60.8358 24.6982 4.0 45.4863 71.6753 79.5642 24.2074 50.01 29.0 29.1548 30.4138 51.9711 15.2315 
44.7772 39.2046 56.0848 45.0476 29.4109 62.6259 62.8172 93.5763 95.6179 26.9258 48.3735 58.5235 96.1556 57.4891 51.0098 65.8635 100.185 75.2064 95.7706 85.0941 81.4964 79.9062 102.12 16.4012 107.235 61.8142 69.504 24.7386 60.0167 24.5153 75.1066 0.0 25.5539 97.3005 84.9015 69.4192 51.6233 67.5146 86.5013 31.0644 86.6153 71.6321 33.2866 77.345 29.6142 58.951 77.7431 81.3941 43.7379 54.5894 15.0333 6.0 36.6197 30.0832 54.1202 34.0588 12.2066 36.3456 81.2158 92.4175 58.1448 65.3758 34.5254 81.2219 61.1114 20.6155 63.6391 36.0555 54.7449 79.1012 61.4165 48.3011 72.9452 64.7757 25.1794 60.6551 46.5296 58.244 42.4264 81.6149 
26.0 41.936 31.1448 38.2278 7.2111 37.4833 39.0512 91.8405 76.5015 20.3961 45.2278 33.0151 76.423 34.0 43.4166 45.7057 80.0724 58.0345 75.2622 76.5997 62.184 74.2428 77.4824 9.48683 83.659 57.6888 52.0096 19.4165 37.054 29.8351 67.2309 25.5539 0.0 75.5879 81.8352 50.4876 34.0147 45.188 67.282 14.2127 61.8466 76.9052 7.81025 52.3259 34.217 38.768 79.1596 67.3647 45.2777 29.0689 13.8924 20.6155 11.3137 21.2603 28.6356 48.9008 29.1548 16.1245 76.0592 88.193 39.2046 43.4166 22.4722 73.5445 32.2774 38.0 68.7688 52.469 43.1742 70.9526 39.3205 22.8473 47.4131 66.0337 29.2179 65.1945 45.0767 41.1947 56.0877 69.0508 
52.59 72.1498 44.9222 68.5783 75.4665 40.6079 64.195 87.4643 21.0238 91.0824 69.3181 47.5184 14.7648 66.0 61.7171 31.8277 14.1421 32.9848 11.1803 60.2993 22.561 68.0 8.06226 82.5171 10.0 68.4105 35.8469 75.0808 68.0661 84.8915 60.1332 97.3005 75.5879 0.0 78.0577 31.3847 47.4236 30.4678 21.0 80.9568 18.6815 91.4112 67.5193 29.1548 80.8427 38.3848 87.367 41.0122 73.4302 53.6004 89.4798 94.4863 63.9155 71.6607 54.5894 101.78 93.8541 76.6551 70.0071 77.7817 40.3609 72.5603 87.8009 62.0322 43.4646 99.9441 86.8332 105.849 53.2353 60.0 36.7423 58.4637 44.7214 81.2527 83.2984 84.4808 71.1196 45.4863 99.0098 46.0435 
62.6631 46.6154 79.6339 49.6476 88.4816 83.006 107.0 10.8167 59.3043 101.21 37.5766 86.8398 65.123 105.078 38.6005 60.4152 68.3593 47.2969 68.0294 18.2483 56.5685 10.4403 86.093 80.4855 86.0523 24.1868 48.1041 65.0867 108.541 60.4401 19.3132 84.9015 81.8352 78.0577 0.0 54.4243 55.4959 65.7951 57.0789 95.9635 85.6218 22.4722 81.6668 89.5677 55.3624 61.9112 14.2127 37.054 41.4367 90.0328 89.753 86.6487 81.6375 60.9654 90.7649 60.1332 73.8827 96.5279 8.24621 8.06226 56.6039 115.521 104.307 16.0312 67.4359 69.2604 25.7099 62.514 41.7732 18.2483 64.4981 90.1875 98.4576 22.0227 60.0833 27.1662 39.0 48.8262 52.6118 32.0156 
25.0 40.8044 30.4138 37.234 54.0093 31.9471 57.6888 65.0 26.2488 70.0682 38.0789 36.8917 26.9258 56.8243 30.4631 7.2111 31.0644 9.43398 27.0185 39.6611 12.083 44.0114 38.0789 55.3624 41.3401 39.0512 6.32456 47.0652 60.0333 53.5472 35.1141 69.4192 50.4876 31.3847 54.4243 0.0 17.8885 12.0416 17.088 61.0328 32.9994 63.0 45.0111 36.9452 49.4984 13.1529 60.531 22.0227 42.0595 41.5933 63.561 67.0671 42.0119 42.2047 42.4853 70.1774 66.5826 58.4209 46.2385 56.8243 11.4018 66.5733 69.1809 39.3573 20.3961 68.5998 57.3149 74.2463 21.9317 36.6742 13.9284 43.3244 47.3748 52.0865 51.9541 54.5894 39.8121 14.2127 67.6496 26.1725 
8.06226 32.0861 25.6011 28.5147 38.6394 29.4722 52.9674 66.2867 44.0114 54.231 30.0723 32.807 44.7772 51.0454 22.6274 15.6205 48.8774 24.1868 44.6542 45.4863 29.9666 45.9686 53.2557 37.855 57.3847 34.7341 18.1108 29.2693 54.5079 44.8279 37.5366 51.6233 34.0147 47.4236 55.4959 17.8885 0.0 18.7883 34.9285 46.0977 47.7504 58.4953 29.8329 40.6999 40.779 10.4403 57.8816 33.541 33.5652 36.0 46.3897 49.3356 27.8284 25.9737 36.7321 61.7165 48.0425 44.6977 48.1085 60.1082 7.07107 61.4885 54.5711 43.4166 13.4031 59.8804 51.6709 65.7854 14.568 40.6079 13.3417 36.1548 44.9473 47.1246 43.2347 48.5353 31.5721 7.61577 59.1887 35.7351 
22.8062 46.6876 19.6469 43.1162 47.0744 20.6366 46.3783 76.4853 33.0151 63.1506 44.6738 25.5903 31.4006 45.7089 37.2156 5.38516 34.9285 21.2603 30.0832 51.614 19.4165 55.4617 36.2698 52.7312 40.4027 48.3735 18.0278 45.3055 48.8139 60.962 46.5188 67.5146 45.188 30.4678 65.7951 12.0416 18.7883 0.0 24.1868 53.4603 30.7646 72.4431 38.3275 31.8169 55.3805 8.60233 70.8308 33.9706 48.1667 30.6757 59.08 64.7004 34.9285 41.7131 31.6228 76.318 64.0787 50.04 57.6975 68.6003 12.3693 55.2684 61.131 51.1077 13.0 70.424 66.0303 80.3869 29.0172 48.3735 6.40312 33.3766 36.0643 61.2046 60.3448 63.0 46.1736 20.025 73.7902 38.2099 
42.0595 55.8659 43.7379 52.5782 70.3491 42.923 69.3476 66.6108 9.21954 86.4696 51.4004 49.5169 10.6301 69.6355 44.0454 22.0907 14.8661 13.6015 12.083 39.4588 5.09902 47.0 29.0172 72.4224 29.6142 48.4665 18.4391 63.1669 72.5444 69.145 39.2046 86.5013 67.282 21.0 57.0789 17.088 34.9285 24.1868 0.0 77.1038 31.6228 70.8308 61.4003 37.6431 64.8426 29.2746 66.4831 20.025 56.0803 54.618 80.5233 84.1546 58.2151 57.8024 55.575 84.0339 82.1803 74.0068 49.0102 57.0701 28.4605 78.2326 85.0059 41.0488 36.0555 83.944 66.7308 88.1028 36.0694 39.0 29.0172 57.5587 52.6972 61.0328 67.5519 64.622 53.4135 30.2324 81.4002 25.0799 
38.0789 56.1147 36.0555 52.4065 7.61577 41.1461 32.6956 106.019 86.209 10.2956 59.4065 34.9857 84.8528 27.313 57.4543 55.0364 88.2836 69.3796 83.3607 90.5201 72.0625 88.209 82.8553 19.6977 89.3197 71.8471 63.5098 33.3017 29.4109 42.3405 81.1542 31.0644 14.2127 80.9568 95.9635 61.0328 46.0977 53.4603 77.1038 0.0 66.1891 91.5605 16.2788 55.5698 46.7225 48.0 93.3382 79.6241 59.4564 29.4109 16.0312 25.0799 19.0263 35.4683 28.6007 60.407 38.833 5.83095 90.05 102.215 50.2821 34.3657 8.544 87.465 41.0488 48.2701 83.0872 63.6003 57.0946 84.873 48.0937 23.3238 46.669 80.2123 41.7233 79.5207 59.2553 53.6004 67.4166 81.7435 
51.9839 73.1531 30.8058 69.5816 61.5873 25.0599 46.0 95.8801 36.1248 76.4788 70.8831 31.3847 30.8058 48.2597 63.2797 32.1352 31.7648 38.3284 27.4591 69.2892 29.9666 75.197 17.2627 70.1784 24.1868 71.9169 38.7065 74.4831 50.04 90.4364 66.5355 86.6153 61.8466 18.6815 85.6218 32.9994 47.7504 30.7646 31.6228 66.1891 0.0 95.74 54.2033 11.1803 88.5954 38.6815 92.8503 49.7695 74.6279 37.3363 75.6042 82.1566 50.6063 71.1875 38.2753 109.533 87.7163 61.327 77.3757 86.977 40.7043 54.1479 72.2357 69.9214 36.2224 99.8984 90.2497 113.602 54.7371 67.4463 37.0391 42.9535 26.1725 84.9537 89.8192 87.5655 72.5332 46.4124 100.247 54.7814 
65.6625 38.4187 82.9289 44.6773 83.6892 86.8 108.336 25.1794 75.2728 93.095 31.7648 90.1348 80.3617 104.112 37.0 67.2681 84.119 58.5491 82.7103 37.2022 68.884 27.2029 99.1413 72.041 100.439 24.0832 57.0351 65.6506 107.621 50.1185 32.311 71.6321 76.9052 91.4112 22.4722 63.0 58.4953 72.4431 70.8308 91.5605 95.74 0.0 77.0609 98.0278 45.0732 66.2873 8.544 51.8652 32.8024 93.3278 79.6938 75.296 77.0621 55.9952 94.4797 41.7732 59.4811 91.9267 26.2488 29.9666 61.0 114.691 98.4395 33.2866 70.7309 53.1413 8.48528 43.1856 43.9318 34.0 69.2315 89.4132 102.275 11.4018 49.9331 12.0416 31.9061 52.7731 33.2415 47.5395 
21.8403 42.0918 23.4307 38.3836 9.0 29.6985 33.1361 91.8425 70.5762 25.0799 45.3836 25.2389 69.6348 28.4429 43.1062 39.3192 73.2462 53.1507 68.4105 74.5519 56.3205 73.8537 69.9793 17.0 76.1559 57.6373 47.2652 22.8035 31.7805 35.2195 66.4052 33.2866 7.81025 67.5193 81.6668 45.0111 29.8329 38.3275 61.4003 16.2788 54.2033 77.0609 0.0 44.5533 39.6015 32.1403 79.3154 63.3482 45.4335 21.5407 21.4009 28.4253 3.60555 22.8254 21.1896 54.5242 35.9026 15.2643 75.6979 87.8602 34.0588 38.6005 24.7386 72.3363 25.4951 44.2832 68.9246 58.105 43.4191 69.5388 32.5576 15.5242 39.8121 66.1895 34.6023 65.3503 45.2325 37.3631 61.4722 65.521 
43.6999 71.6186 21.2603 68.0471 51.4004 14.8661 35.0571 99.8285 43.909 65.8635 69.6048 20.5913 39.3954 37.1214 62.1599 36.081 41.1096 42.2743 36.4005 73.3226 34.669 79.1429 28.4429 60.959 35.3553 74.2206 42.6524 66.1992 39.0 82.1525 70.4814 77.345 52.3259 29.1548 89.5677 36.9452 40.6999 31.8169 37.6431 55.5698 11.1803 98.0278 44.5533 0.0 80.3115 32.3107 97.3681 53.9324 73.0976 26.4008 65.8559 72.8629 41.0122 62.9035 27.313 101.249 78.4459 50.5371 81.3215 90.9794 37.6116 43.4166 61.327 73.8719 27.9384 91.6145 91.2034 105.318 54.0545 71.3922 29.9301 32.249 15.8114 86.6571 81.5352 88.0677 71.1045 45.6194 98.7211 58.8766 
42.8374 10.198 59.9273 18.2643 41.1151 69.0838 72.6777 64.0881 73.0657 48.2569 19.0 62.9252 75.4058 67.8325 23.0868 50.7328 79.646 51.6649 76.1343 56.0357 60.5192 50.3587 87.3512 27.2029 90.8172 32.249 46.4092 20.8126 71.0297 5.09902 46.0435 29.6142 34.217 80.8427 55.3624 49.4984 40.779 55.3805 64.8426 46.7225 88.5954 45.0732 39.6015 80.3115 0.0 48.5725 49.1562 55.1543 14.1421 60.3016 35.0 31.3847 41.7617 26.1314 60.1776 27.6072 19.0263 50.002 51.6236 62.8172 43.3391 77.5546 53.6015 52.0 53.0147 19.1541 36.6 31.188 29.1548 50.04 51.5291 55.1112 78.0252 35.5617 5.0 33.0334 17.0294 35.456 34.5553 54.4059 
14.2127 39.8797 18.4391 36.3082 41.1096 21.095 46.0977 72.7186 38.4708 57.2189 37.8659 25.4558 37.9473 44.6542 30.421 7.28011 41.7852 22.1359 37.1618 49.4975 24.1868 51.8652 44.1868 44.1676 48.3196 42.45 17.0 36.6964 48.0104 52.6497 43.0116 58.951 38.768 38.3848 61.9112 13.1529 10.4403 8.60233 29.2746 48.0 38.6815 66.2873 32.1403 32.3107 48.5725 0.0 65.4599 34.0 41.3587 29.4109 52.0443 56.1368 29.0172 33.4008 30.2324 69.51 55.4696 45.2769 54.0833 65.6049 5.38516 54.8179 56.0803 48.2701 7.28011 62.1117 59.4645 73.5789 22.3616 45.4533 3.0 30.4631 36.5581 54.9182 52.0325 56.3288 39.3656 13.6015 66.9822 37.4433 
65.0488 41.8688 82.3153 46.9318 85.9437 86.1659 109.682 17.0 70.0928 97.178 33.9706 89.5212 75.505 106.367 37.7359 65.5134 79.0759 55.0 78.0897 30.4138 65.0692 20.6155 95.2575 76.124 96.026 23.2594 54.3323 69.7336 109.876 54.2015 27.2947 77.7431 79.1596 87.367 14.2127 60.531 57.8816 70.8308 66.4831 93.3382 92.8503 8.544 79.3154 97.3681 49.1562 65.4599 0.0 46.8722 36.2353 92.7142 83.9235 80.5379 79.3165 58.2496 93.4463 49.2544 65.5923 94.1811 19.2354 21.4709 60.0833 116.946 101.621 26.9258 70.1173 59.9083 14.3178 51.0098 43.4626 28.1603 68.3081 91.6677 101.592 13.6015 54.0161 17.088 34.6554 51.8652 41.0122 42.2019 
41.5933 45.1885 52.1536 43.1622 72.1803 53.9099 79.6304 46.6905 23.4094 87.6926 38.2753 58.8218 28.6356 78.5493 32.2025 29.2062 32.28 12.7279 31.257 19.6469 19.9249 27.0185 49.0408 70.0286 49.2544 31.4006 17.0 56.7186 81.8352 59.4643 19.6469 81.3941 67.3647 41.0122 37.054 22.0227 33.541 33.9706 20.025 79.6241 49.7695 51.8652 63.3482 53.9324 55.1543 34.0 46.8722 0.0 43.566 63.2851 79.0 80.5047 61.2921 51.4782 64.1405 71.0282 73.4037 78.1614 29.0 37.3631 30.0832 88.4816 88.0738 21.0238 41.1461 74.302 48.7647 75.0 26.6833 19.0263 35.5106 64.405 68.7482 42.9418 57.8822 47.1699 40.4969 26.1725 67.2681 5.09902 
40.6412 5.65685 57.9988 13.0499 52.0618 61.8699 76.7083 50.5371 63.6396 61.5813 5.38516 65.2047 66.7083 72.4846 12.0416 43.519 70.9366 42.5206 67.8012 42.19 52.2015 36.2215 80.0562 40.5273 83.3547 18.1108 38.0132 34.1369 75.994 19.2354 32.249 43.7379 45.2777 73.4302 41.4367 42.0595 33.5652 48.1667 56.0803 59.4564 74.6279 32.8024 45.4335 73.0976 14.1421 41.3587 36.2353 43.566 0.0 62.9762 48.3268 45.2217 45.0499 24.3677 62.8522 28.1623 33.0151 60.2993 37.4833 48.7647 36.1252 83.0638 67.7387 38.0526 45.8008 32.5902 24.4131 32.2312 20.2485 36.2215 44.3153 57.7858 77.345 22.6716 18.6815 20.8087 3.16228 28.2312 25.5539 42.0476 
39.0 59.1344 11.1803 55.9263 26.2488 13.0384 17.0294 100.847 63.1148 39.6611 62.9263 6.08276 60.208 15.2643 57.46 34.4384 63.0317 51.0 58.0345 78.6448 50.0046 80.225 54.4059 38.4838 61.131 69.5666 46.3249 42.2465 18.6011 55.9197 71.5206 54.5894 29.0689 53.6004 90.0328 41.5933 36.0 30.6757 54.618 29.4109 37.3363 93.3278 21.5407 26.4008 60.3016 29.4109 92.7142 63.2851 62.9762 0.0 41.4005 49.3964 18.6815 41.1044 1.0 75.2243 57.28 24.1868 82.4135 94.192 34.0588 25.4951 34.9285 77.0833 22.6716 65.307 86.4674 78.7626 49.4006 74.2548 27.7849 6.40312 18.3576 81.9572 55.3025 82.893 62.7752 41.2066 82.1724 66.8506 
38.6394 43.2413 44.8219 46.0116 15.2643 50.9902 48.0833 98.7896 89.7385 13.6015 53.0116 46.0109 89.5868 42.72 51.923 58.982 93.4963 70.5762 88.9478 86.122 75.4321 82.5717 91.3261 9.21954 97.5027 65.4838 64.4981 24.6982 45.1221 30.4795 76.4003 15.0333 13.8924 89.4798 89.753 63.561 46.3897 59.08 80.5233 16.0312 75.6042 79.6938 21.4009 65.8559 35.0 52.0443 83.9235 79.0 48.3268 41.4005 0.0 9.05539 25.0 28.8617 40.8044 46.0652 23.7697 21.3776 84.2427 96.2376 52.1728 50.3587 20.2485 82.7103 46.1694 33.2415 71.2205 48.8467 53.3385 80.2808 54.5099 35.0 59.6406 70.3289 30.0 67.6539 50.8118 53.0848 53.535 80.1561 
42.1545 40.2616 51.6236 45.19 23.7697 58.0517 57.0088 95.4698 93.3006 21.1896 49.4773 53.6004 93.6216 51.6624 51.2454 63.0714 97.5756 73.3179 93.0376 85.6066 79.1202 81.0247 97.7124 12.2066 104.421 63.0635 67.2426 24.0 54.1295 26.4008 75.7311 6.0 20.6155 94.4863 86.6487 67.0671 49.3356 64.7004 84.1546 25.0799 82.1566 75.296 28.4253 72.8629 31.3847 56.1368 80.5379 80.5047 45.2217 49.3964 9.05539 0.0 31.8904 29.0689 48.8774 38.833 16.4012 30.4138 82.4621 93.9628 55.7136 59.4138 28.6356 81.945 58.2972 25.5539 67.3029 41.1825 54.0833 79.6734 58.6023 43.0465 67.7422 66.9434 26.5707 64.415 47.8017 56.921 46.8615 81.0987 
19.9164 41.7082 19.8494 38.3848 12.1655 26.1725 31.5753 91.8131 67.3647 28.2843 45.3848 21.9545 66.2873 27.2029 43.0768 36.1248 69.857 50.4079 65.0 72.7396 53.1507 72.8245 66.3755 20.2485 72.5521 57.6079 45.125 24.1868 30.6757 37.3798 64.5929 36.6197 11.3137 63.9155 81.6375 42.0119 27.8284 34.9285 58.2151 19.0263 50.6063 77.0621 3.60555 41.0122 41.7617 29.0172 79.3165 61.2921 45.0499 18.6815 25.0 31.8904 0.0 23.4094 18.4391 56.6844 38.6005 17.088 74.9644 86.9648 31.462 37.6962 27.2947 70.524 22.2036 46.6905 68.9258 60.2227 41.6068 67.7265 29.2746 13.0384 36.7696 66.1906 36.7626 65.3514 45.2336 35.4014 63.6325 63.5573 
19.2066 21.026 40.73 17.3178 28.2843 47.2814 54.8179 70.9305 66.3401 40.2492 24.3178 43.7279 68.2782 50.5964 23.0868 40.2866 72.5079 45.1246 70.1348 57.2713 53.3196 53.8516 77.5872 19.6469 81.72 36.79 39.4222 5.38516 54.0833 21.7495 47.5395 30.0832 21.2603 71.6607 60.9654 42.2047 25.9737 41.7131 57.8024 35.4683 71.1875 55.9952 22.8254 62.9035 26.1314 33.4008 58.2496 51.4782 24.3677 41.1044 28.8617 29.0689 23.4094 0.0 40.9804 41.0541 24.5716 36.8782 55.5428 67.5438 32.4951 61.0983 43.6005 53.8516 35.6067 31.2115 47.8588 44.5924 25.02 51.4198 35.9118 35.9139 58.8279 45.1237 21.1323 44.2845 24.1667 28.1623 48.0022 52.0384 
39.7321 59.0104 12.083 55.8023 25.6125 14.0357 16.4012 101.579 64.1097 38.833 62.8023 7.07107 61.2046 14.4222 58.1921 35.3412 64.0312 51.8845 59.0339 79.3977 50.9608 80.9571 55.3624 38.0789 62.0967 70.2988 47.1699 42.1225 17.8045 55.7957 72.2527 54.1202 28.6356 54.5894 90.7649 42.4853 36.7321 31.6228 55.575 28.6007 38.2753 94.4797 21.1896 27.313 60.1776 30.2324 93.4463 64.1405 62.8522 1.0 40.8044 48.8774 18.4391 40.9804 0.0 75.1003 57.0088 23.3238 83.1456 94.9242 34.8281 24.7588 34.0147 77.8154 23.4307 65.1153 86.3434 78.6386 50.1327 74.987 28.6531 5.83095 18.868 83.6082 55.1785 82.769 62.6512 41.9387 82.0484 67.6757 
57.7601 32.6158 74.85 41.0 55.5428 90.0212 87.6004 66.1891 91.4831 59.5399 32.8024 77.8479 94.6563 82.7105 40.0 71.6703 98.8783 70.4533 95.8025 66.7308 80.2178 58.6941 108.289 40.8044 111.755 42.1545 66.0488 35.7353 85.8733 24.0095 57.3847 34.0588 48.9008 101.78 60.1332 70.1774 61.7165 76.318 84.0339 60.407 109.533 41.7732 54.5242 101.249 27.6072 69.51 49.2544 71.0282 28.1623 75.2243 46.0652 38.833 56.6844 41.0541 75.1003 0.0 22.4722 64.2884 59.2284 68.1836 64.2765 92.3161 66.2118 62.2977 73.9521 13.4536 35.0571 4.47214 48.3238 61.0983 72.4666 69.7188 92.9479 38.1182 26.1543 33.0151 30.6569 56.3935 8.94427 69.1158 
41.2754 29.1548 57.1857 36.2415 35.0143 63.7371 68.1836 81.7454 90.718 37.1214 38.0132 60.1836 92.6561 63.0714 41.7732 62.3555 96.8858 69.4263 93.2185 75.06 77.6975 69.1809 99.6561 20.0 103.789 51.0882 63.8001 19.2527 66.0076 14.1421 65.0692 12.2066 29.1548 93.8541 73.8827 66.5826 48.0425 64.0787 82.1803 38.833 87.7163 59.4811 35.9026 78.4459 19.0263 55.4696 65.5923 73.4037 33.0151 57.28 23.7697 16.4012 38.6005 24.5716 57.0088 22.4722 0.0 43.2897 70.3491 81.2796 54.564 72.0625 44.0114 71.007 57.6756 9.48683 51.4782 25.0799 47.134 69.0652 57.9807 51.4198 75.2728 52.6249 15.5242 48.5044 36.0 52.5402 30.4795 73.0068 
36.7857 56.9576 31.7805 53.2494 8.94427 36.4005 26.9258 106.704 83.006 15.6205 60.2494 29.9666 81.3019 21.5407 57.9672 52.0865 84.5952 67.082 79.6486 89.6083 69.029 88.7147 78.1857 23.5372 84.7585 72.4983 61.4367 35.5106 23.7697 45.6201 81.4616 36.3456 16.1245 76.6551 96.5279 58.4209 44.6977 50.04 74.0068 5.83095 61.327 91.9267 15.2643 50.5371 50.002 45.2769 94.1811 78.1614 60.2993 24.1868 21.3776 30.4138 17.088 36.8782 23.3238 64.2884 43.2897 0.0 90.559 102.721 48.1403 29.0689 11.1803 87.3927 38.1182 52.6118 83.7904 67.6831 58.4755 84.5952 45.0444 18.3848 41.0366 81.0552 45.0029 80.216 60.0982 52.2707 71.2369 80.4266 
55.2757 42.2019 72.0069 44.2311 82.5223 75.1665 99.3809 18.7883 51.6236 95.7549 32.9848 79.2023 57.3149 97.4589 32.6497 52.3259 60.6712 39.0512 60.1332 11.1803 48.3735 2.23607 78.0256 75.0689 78.1601 19.4165 39.9249 59.6701 100.921 56.7186 11.1803 81.2158 76.0592 70.0071 8.24621 46.2385 48.1085 57.6975 49.0102 90.05 77.3757 26.2488 75.6979 81.3215 51.6236 54.0833 19.2354 29.0 37.4833 82.4135 84.2427 82.4621 74.9644 55.5428 83.1456 59.2284 70.3491 90.559 0.0 12.2066 48.8262 107.902 98.4886 8.06226 59.8166 67.0298 26.9258 62.0967 34.7131 10.0499 56.6039 82.5682 90.6414 21.9317 56.0892 27.313 34.7131 41.2311 52.4976 24.0208 
67.2761 53.7587 83.7377 56.2259 94.6845 86.7082 111.159 10.198 58.0345 107.787 44.5982 90.9065 64.1249 109.237 44.7772 63.2851 67.0075 48.8467 67.2681 17.72 57.28 14.2127 85.8429 87.0638 85.1469 31.0161 50.6063 71.665 112.7 67.9117 22.6716 92.4175 88.193 77.7817 8.06226 56.8243 60.1082 68.6003 57.0701 102.215 86.977 29.9666 87.8602 90.9794 62.8172 65.6049 21.4709 37.3631 48.7647 94.192 96.2376 93.9628 86.9648 67.5438 94.9242 68.1836 81.2796 102.721 12.2066 0.0 60.4401 119.681 110.639 17.4929 71.5891 77.1622 33.7343 70.5762 46.8615 20.2485 68.0074 94.3468 102.136 30.0666 67.4463 35.2278 46.1736 53.0754 60.6712 32.28 
