NAME  : Jabali_80_2_0.95_1_6
TYPE : SVRP
MODEL : FINITE_SUPPORT
NUMBER_OF_SCENARIOS : 200
DIMENSION : 80
EDGE_WEIGHT_TYPE : MATRIX
CAPACITY : 232
N_VEHICLES : 2
NODE_COORD_SECTION
1 3570 4722
2 5128 5280
3 3544 2229
4 3148 2505
5 3887 2046
6 3904 5381
7 1506 2620
8 4464 1623
9 849 5774
10 6205 6008
11 1036 2675
12 7148 870
13 7078 6835
14 3522 4940
15 4504 6280
16 6291 6957
17 641 4392
18 837 2320
19 5157 7857
20 2227 7543
21 2706 7399
22 1485 6255
23 4770 7726
24 2963 7443
25 1939 6295
26 6240 2147
27 928 5248
28 5524 1857
29 1699 4619
30 6488 5555
31 2584 7575
32 3258 3551
33 5519 2642
34 4891 7535
35 5992 823
36 2903 18
37 4297 6511
38 7148 2990
39 4113 4607
40 678 3307
41 5139 1792
42 479 6785
43 3692 2410
44 776 651
45 6013 5531
46 1846 3476
47 1745 4410
48 5289 7812
49 27 5128
50 6838 6032
51 3798 3904
52 5638 6428
53 6665 6512
54 1474 4733
55 4350 1745
56 6447 7203
57 6613 6465
58 6239 6750
59 6851 1152
60 2086 2769
61 4887 3730
62 7019 527
63 1922 1154
64 6105 6772
65 1239 5882
66 1523 1731
67 368 5863
68 6066 2896
69 3449 826
70 2496 2230
71 2501 3912
72 7229 1079
73 3809 7019
74 4194 474
75 6764 4622
76 4211 1453
77 4821 1781
78 2021 4147
79 2445 6768
80 2575 723
DEMAND_SECTION
1 0.0
2 6.0
3 4.0
4 1.0
5 10.0
6 7.0
7 7.0
8 2.0
9 6.0
10 10.0
11 5.0
12 4.0
13 5.0
14 3.0
15 4.0
16 10.0
17 2.0
18 6.0
19 10.0
20 3.0
21 8.0
22 9.0
23 4.0
24 10.0
25 1.0
26 9.0
27 1.0
28 5.0
29 9.0
30 2.0
31 9.0
32 4.0
33 5.0
34 8.0
35 7.0
36 7.0
37 10.0
38 7.0
39 9.0
40 5.0
41 4.0
42 4.0
43 4.0
44 6.0
45 1.0
46 5.0
47 6.0
48 5.0
49 10.0
50 1.0
51 10.0
52 2.0
53 3.0
54 8.0
55 4.0
56 2.0
57 1.0
58 3.0
59 9.0
60 4.0
61 10.0
62 2.0
63 2.0
64 5.0
65 6.0
66 9.0
67 1.0
68 8.0
69 3.0
70 7.0
71 8.0
72 6.0
73 9.0
74 10.0
75 10.0
76 1.0
77 4.0
78 5.0
79 2.0
80 7.0
DEVIATION_SECTION
1 0.0
2 2.0
3 1.33333
4 0.333333
5 3.33333
6 2.33333
7 2.33333
8 0.666667
9 2.0
10 3.33333
11 1.66667
12 1.33333
13 1.66667
14 1.0
15 1.33333
16 3.33333
17 0.666667
18 2.0
19 3.33333
20 1.0
21 2.66667
22 3.0
23 1.33333
24 3.33333
25 0.333333
26 3.0
27 0.333333
28 1.66667
29 3.0
30 0.666667
31 3.0
32 1.33333
33 1.66667
34 2.66667
35 2.33333
36 2.33333
37 3.33333
38 2.33333
39 3.0
40 1.66667
41 1.33333
42 1.33333
43 1.33333
44 2.0
45 0.333333
46 1.66667
47 2.0
48 1.66667
49 3.33333
50 0.333333
51 3.33333
52 0.666667
53 1.0
54 2.66667
55 1.33333
56 0.666667
57 0.333333
58 1.0
59 3.0
60 1.33333
61 3.33333
62 0.666667
63 0.666667
64 1.66667
65 2.0
66 3.0
67 0.333333
68 2.66667
69 1.0
70 2.33333
71 2.66667
72 2.0
73 3.0
74 3.33333
75 3.33333
76 0.333333
77 1.33333
78 1.66667
79 0.666667
80 2.33333
DISTANCE_MATRIX
0.0 25.3229 31.1448 31.6228 35.0 9.51618 40.6079 41.8032 40.2492 41.7961 44.9444 75.5283 56.4671 2.23607 24.1678 48.3772 41.0 49.6488 46.6433 40.604 38.833 39.0449 43.0527 35.5106 32.2872 52.6875 37.6431 49.2796 27.0185 40.8068 37.3645 16.5529 44.2246 41.8971 63.6448 65.0179 25.2578 54.6106 7.07107 44.5982 45.7005 52.0132 34.3657 67.3573 37.5914 29.5296 26.0192 47.2361 49.2443 49.533 11.0454 37.5914 49.406 29.1548 40.5756 51.6324 49.406 46.5305 70.6679 33.9411 23.5673 76.7661 53.0464 45.6527 36.7648 49.5782 46.5188 43.4783 51.4222 37.2156 19.2354 72.707 30.1287 56.0089 43.4166 43.1856 42.9512 23.5372 30.5242 58.0305 
25.3229 0.0 46.9704 49.1115 55.1959 15.0333 63.506 54.371 58.992 18.868 68.5459 63.9208 34.4093 22.0227 16.5529 28.4253 62.0727 72.9185 35.2278 49.4975 45.4533 50.8176 34.0147 41.8688 44.4939 43.1322 57.5587 45.639 48.0416 19.4165 45.2769 36.7179 35.2791 32.0 59.8489 84.1932 20.1246 40.2492 18.5149 69.4224 47.7439 66.6408 50.4414 87.8069 13.6015 53.7822 47.2021 35.3553 69.4622 26.0 27.7899 18.3576 27.2029 50.0 54.4884 32.0156 27.2029 26.2488 59.2541 55.9483 28.0031 67.2574 72.5174 25.6125 55.448 70.497 65.3141 33.1002 71.0778 56.5036 43.721 62.3193 30.0167 69.4838 23.7697 57.9448 50.1362 48.7656 41.6173 75.284 
31.1448 46.9704 0.0 7.07107 5.0 40.3407 29.6142 14.1421 59.0762 62.7803 35.6931 51.1077 77.2772 33.0606 54.9923 72.7522 49.0408 38.1182 80.7898 71.0907 69.3561 59.6347 73.8772 66.1106 61.7885 34.7131 53.4135 25.632 40.0 58.9839 67.8512 16.4924 25.0799 72.7216 37.6431 34.7261 56.0823 48.0416 31.6509 42.1545 21.0238 72.5603 3.60555 46.2534 56.0935 28.6007 37.8021 80.8591 61.5549 66.7803 20.3961 63.1191 70.7803 42.8019 12.7279 76.3571 70.7803 69.6761 46.5296 22.1359 25.6317 51.614 30.7846 69.9732 57.3062 30.5941 64.2028 33.1361 21.1304 16.0312 26.0768 51.0 60.9532 25.7345 53.3796 13.8924 17.4929 32.8024 61.0109 29.7299 
31.6228 49.1115 7.07107 0.0 11.1803 40.5217 22.561 20.2485 54.5894 64.639 28.6356 57.7062 80.2231 33.2415 55.1733 74.8933 43.1393 31.0644 77.6487 70.4781 68.7435 55.7466 74.0582 65.498 57.9005 41.7732 48.5489 32.573 35.3553 63.7969 67.2386 15.2971 32.0156 72.9026 43.8292 40.2244 56.2633 55.0091 33.6155 35.3412 27.8568 68.4471 6.40312 40.0656 58.8686 22.6274 33.121 78.2415 55.9017 71.5933 21.9545 65.2602 73.0217 38.0789 18.868 78.4982 73.0217 72.6824 53.2259 15.2315 30.2324 57.9828 24.5967 72.1143 53.3104 24.0416 59.3633 40.05 26.6288 9.21954 22.1359 57.6975 61.131 31.2329 58.1936 19.4177 24.1661 28.178 60.3982 29.5809 
35.0 55.1959 5.0 11.1803 0.0 44.2936 33.5261 9.21954 64.0703 65.3583 39.5601 46.5296 79.8553 37.0135 58.9452 77.3057 53.9073 41.5933 89.0153 75.2396 73.505 64.5863 88.0882 70.2595 66.7402 31.1448 58.4123 21.587 45.0 61.5619 72.0001 21.1896 22.8035 86.0204 32.8024 30.0179 60.0352 45.3982 34.9571 46.5188 16.7631 77.5242 5.09902 48.1736 58.6716 33.4215 42.8019 89.0846 66.4831 69.3583 24.0208 71.3446 73.3583 47.8017 7.81025 80.795 73.3583 75.0935 42.0476 26.4008 28.2097 46.8722 31.1204 74.7984 62.2656 33.0606 69.2026 30.8058 16.4222 19.2354 31.0644 46.5188 64.9062 21.0238 52.99 8.94427 13.0 37.8021 65.1597 25.0217 
9.51618 15.0333 40.3407 40.5217 44.2936 0.0 48.3897 51.1727 44.2791 32.28 52.5018 85.0081 47.0106 7.28011 16.1245 39.1152 47.1699 57.2801 38.9487 39.4462 36.7696 37.9529 35.8469 33.2415 31.6291 62.1673 42.5793 58.7595 33.1361 34.1321 35.7771 25.3079 53.7044 34.4384 73.1246 74.3108 18.0278 63.6067 15.8241 51.6648 55.1803 53.7762 43.5017 75.5297 28.1603 36.9618 32.3883 39.4462 54.4518 40.025 20.4331 28.3019 39.9249 35.0143 49.945 42.4382 39.9249 37.2156 80.1477 41.9932 33.0471 86.2459 61.5013 36.3593 40.7351 57.7281 50.6012 52.9581 60.7151 45.7509 26.6966 82.1868 25.0 65.3146 38.6579 52.557 52.3206 30.3669 29.8329 66.4854 
40.6079 63.506 29.6142 22.561 33.5261 48.3897 0.0 42.2383 43.1856 79.0744 6.08276 79.794 94.6914 41.1096 62.9682 87.2507 26.5707 9.48683 84.9588 67.1253 72.1715 47.4796 80.9197 68.926 49.6335 64.3273 36.2215 55.0818 26.4764 78.7909 67.8581 26.9258 54.1479 80.0562 65.7988 38.4838 63.6553 77.1038 45.793 14.1421 50.2892 57.4282 28.4605 28.6356 73.3485 12.53 24.7386 85.6329 39.3954 85.8662 35.8469 76.4649 87.5187 28.1603 40.8842 90.506 87.5187 85.4041 75.4071 8.06226 48.5077 79.969 20.3961 84.5262 44.0114 12.0416 46.0977 62.0725 34.4222 14.7648 21.9317 79.8707 66.0303 45.8228 77.4013 41.3871 46.4866 21.9317 59.4089 28.178 
41.8032 54.371 14.1421 20.2485 9.21954 51.1727 42.2383 0.0 73.0068 64.5335 48.2244 37.5766 77.821 43.8925 70.4925 76.4808 63.1269 50.0384 88.1905 82.2588 80.5213 73.318 87.2633 77.2599 75.4718 24.1868 67.4759 14.0357 54.037 59.5098 79.0192 29.5296 19.2094 85.1955 23.6008 29.8329 74.0895 39.8497 41.5288 55.4753 9.05539 86.2844 13.8924 51.9711 57.8467 42.638 51.8556 88.2598 75.6902 67.0884 30.7584 68.6831 72.5335 56.8507 1.41421 79.9702 72.5335 74.2686 33.2415 35.3569 34.7494 37.7359 35.2278 73.9736 71.0211 40.1995 78.2432 26.4197 17.0 27.7091 40.0 37.6962 71.7852 16.1555 50.2539 3.60555 5.09902 46.8615 72.1789 27.5136 
40.2492 58.992 59.0762 54.5894 64.0703 44.2791 43.1856 73.0068 0.0 73.171 42.0476 107.727 85.1469 38.4838 50.0 75.326 18.6815 46.2709 64.195 29.7321 34.4093 10.7703 59.1354 34.4819 16.1245 89.7526 7.0 81.4787 19.2354 76.8617 31.6228 43.9318 81.2897 59.4811 95.7758 80.6455 48.0937 94.2951 47.0278 33.541 77.8974 14.3178 60.5392 69.4622 71.058 33.5261 21.4709 65.146 13.8924 81.1542 47.0106 66.0076 79.0063 16.5529 71.6101 77.6466 79.0063 74.1687 102.867 43.6807 60.7659 108.965 63.5059 73.171 5.09902 55.0818 6.32456 80.677 76.2939 52.811 33.0151 107.246 43.4166 84.7606 82.7155 72.9452 75.2861 26.4197 24.6982 70.2223 
41.7961 18.868 62.7803 64.639 65.3583 32.28 79.0744 64.5335 73.171 0.0 84.1144 70.1142 15.6205 39.5601 23.5372 12.1655 79.0759 88.4869 27.7308 56.7979 51.4782 63.6396 29.4109 48.3011 57.4282 51.3517 73.0274 55.3624 65.1153 6.7082 52.3259 52.2864 45.0036 27.2029 68.884 94.3557 26.2488 42.7551 34.0833 83.9448 57.4685 78.339 66.3846 103.334 6.7082 69.3506 64.5368 27.313 85.0235 8.0 43.3584 9.21954 8.48528 66.7533 64.6509 15.5242 8.48528 10.0499 66.0076 71.5167 38.1655 74.027 88.0449 10.0 68.2642 86.0654 79.3095 41.5933 81.2403 72.0311 58.9766 68.1836 34.8855 79.6463 19.9249 68.1073 60.2987 62.6469 51.923 90.3527 
44.9444 68.5459 35.6931 28.6356 39.5601 52.5018 6.08276 48.2244 42.0476 84.1144 0.0 85.7802 99.7314 45.2217 66.8431 91.3628 24.1868 5.0 88.3912 67.1875 70.7411 47.5418 84.1724 71.8395 49.6956 70.406 35.0571 61.131 27.313 83.9345 67.9203 32.28 60.208 83.4386 71.7849 42.19 67.2681 83.1505 50.5371 9.84886 56.3205 56.0089 34.4819 27.6586 78.3901 15.6205 25.9422 89.1067 36.4005 90.9066 41.1096 80.577 92.5587 28.4605 46.8704 94.618 92.5587 89.5161 81.3932 14.0 54.1295 85.9552 23.2594 88.6383 43.566 13.9284 44.1814 68.1175 39.105 20.6155 25.807 85.8568 68.9444 50.5056 83.0503 47.3733 52.4976 24.2074 59.471 32.2025 
75.5283 63.9208 51.1077 57.7062 46.5296 85.0081 79.794 37.5766 107.727 70.1142 85.7802 0.0 80.399 77.728 80.0423 82.0244 99.8649 87.2427 96.3379 116.003 114.402 107.572 96.3172 111.105 109.726 21.4709 102.751 26.2488 89.3756 64.0078 112.899 63.8161 33.8378 94.1488 15.1327 57.0789 83.6392 28.2843 74.8969 93.0215 30.2324 120.54 51.4296 85.2115 64.3817 79.6116 87.3212 96.1769 112.004 70.1142 64.1266 76.7919 76.0263 92.1954 38.9102 85.0 76.0263 80.0562 5.0 72.8972 51.8055 4.47214 70.0357 80.0999 105.291 76.6551 113.314 31.0161 49.6488 65.2649 75.2861 2.23607 93.5908 40.0125 51.0392 39.5601 33.6155 82.4621 106.07 60.407 
56.4671 34.4093 77.2772 80.2231 79.8553 47.0106 94.6914 77.821 85.1469 15.6205 99.7314 80.399 0.0 54.231 35.3553 10.198 92.8924 104.104 28.3019 64.7611 58.9406 75.0067 32.2025 56.2939 69.0652 63.6003 85.8494 68.942 79.1202 18.3576 60.4152 67.9034 58.729 30.4631 81.3204 108.853 37.054 52.1536 49.7004 98.6154 71.1939 88.459 80.8815 118.918 21.9317 83.9126 78.7464 27.4591 97.7818 10.7703 58.9754 19.4165 7.2111 80.5233 79.1478 9.43398 7.2111 11.0 76.7919 87.1337 52.6624 84.5931 103.629 12.0 80.0999 101.682 91.0494 54.4243 95.7372 87.6152 73.6475 78.3135 43.4166 92.9338 29.6142 82.6042 73.5862 77.2528 62.1289 104.85 
2.23607 22.0227 33.0606 33.2415 37.0135 7.28011 41.1096 43.8925 38.4838 39.5601 45.2217 77.728 54.231 0.0 21.9317 46.1411 40.05 50.0 44.4072 38.4215 36.6742 37.2468 40.8167 33.3766 30.1047 54.8872 36.1386 51.4794 26.0192 41.3038 35.182 18.0278 46.4243 39.6611 65.8445 67.0307 23.0217 56.3265 8.544 44.3847 47.9002 50.2151 36.2215 68.2495 35.3553 29.6816 25.1794 45.0 47.8539 47.2969 13.1529 35.3553 47.1699 28.0179 42.6649 49.3964 47.1699 44.2945 72.8676 34.7131 25.767 78.9658 54.2212 43.4166 34.9666 50.448 44.7772 45.678 53.435 38.4708 19.4165 74.9067 27.8927 58.0345 44.7214 45.2769 45.0405 23.0868 28.3417 59.2053 
24.1678 16.5529 54.9923 55.1733 58.9452 16.1245 62.9682 70.4925 50.0 23.5372 66.8431 80.0423 35.3553 21.9317 0.0 25.9615 57.8705 71.7008 22.8254 34.4093 29.7321 40.1995 19.9249 26.2488 34.0588 59.2537 50.4973 61.7605 44.3847 28.2312 30.0 39.9595 51.4006 18.3848 75.9704 88.9624 3.60555 56.3028 30.4757 65.0 63.8654 54.8179 58.1533 90.1813 22.8254 51.225 44.2832 23.3238 62.4297 31.4006 35.0847 16.0312 29.0172 45.5412 70.6099 28.7924 29.0172 24.5153 75.3756 56.6448 44.1246 83.3789 76.1529 23.5372 45.0111 72.3797 56.0357 49.2217 75.3667 60.4025 41.1096 78.4408 13.6015 85.6053 37.6431 74.0663 66.2577 43.566 28.4605 81.137 
48.3772 28.4253 72.7522 74.8933 77.3057 39.1152 87.2507 76.4808 75.326 12.1655 91.3628 82.0244 10.198 46.1411 25.9615 0.0 83.8153 96.1411 19.105 54.5711 48.7647 65.0692 22.4722 46.0977 59.2115 63.5059 76.3965 67.4463 70.2282 18.0278 50.2195 62.4997 57.0983 20.5913 81.0494 106.303 27.2947 54.3323 44.2967 90.3383 69.5631 78.3135 76.2232 113.589 18.6815 75.8227 70.0071 18.3848 88.1382 13.4164 53.5717 10.8167 7.2111 71.4703 76.5982 3.60555 7.2111 2.23607 78.0064 80.8542 50.1129 86.0 98.2992 2.82843 70.2567 96.2788 81.1542 53.7587 93.1876 82.2854 65.5576 80.0562 33.2415 91.5936 31.257 80.0546 72.246 68.8767 52.0384 101.066 
41.0 62.0727 49.0408 43.1393 53.9073 47.1699 26.5707 63.1269 18.6815 79.0759 24.1868 99.8649 92.8924 40.05 57.8705 83.8153 0.0 28.0 76.9384 46.6154 50.3289 26.6271 72.4826 49.5816 29.2834 81.4468 12.083 73.7835 14.0357 81.3019 47.5079 37.1618 69.8598 71.9406 86.6833 65.0 57.0088 90.7579 48.0104 15.0333 69.6348 32.0624 49.5177 51.0882 75.326 20.5183 15.0333 77.727 13.0384 86.977 43.4166 73.4983 86.122 12.3693 61.7171 86.6487 86.122 82.28 95.1315 29.4109 57.5197 100.603 46.8402 81.3204 21.4709 37.855 20.025 76.8257 60.7185 38.833 25.632 99.5691 57.1296 72.1192 84.214 62.4379 66.4003 18.6815 39.0588 54.626 
49.6488 72.9185 38.1182 31.0644 41.5933 57.2801 9.48683 50.0384 46.2709 88.4869 5.0 87.2427 104.104 50.0 71.7008 96.1411 28.0 0.0 93.3381 71.848 75.4017 52.2015 89.1403 74.6543 54.3561 72.6911 39.3192 63.1506 32.2025 88.2383 72.5808 36.4005 63.0079 88.3912 72.3767 40.6079 72.1803 86.0058 55.0727 13.0384 58.2495 60.0333 36.4966 23.1948 82.7647 20.5183 30.8869 94.0479 39.6232 95.2791 45.31 85.3553 96.9312 33.2415 48.6844 99.3964 96.9312 94.2945 83.2666 17.4642 57.9741 86.652 21.4009 93.4166 48.0521 12.0416 48.0104 71.0 39.1152 22.3607 30.6105 87.6459 73.9321 50.4777 86.8559 47.871 54.3455 29.2062 64.1315 31.1127 
46.6433 35.2278 80.7898 77.6487 89.0153 38.9487 84.9588 88.1905 64.195 27.7308 88.3912 96.3379 28.3019 44.4072 22.8254 19.105 76.9384 93.3381 0.0 39.0 33.0 53.4509 5.09902 31.1448 48.4665 76.2365 66.7197 78.8423 63.9393 34.4384 35.0571 62.435 68.4823 5.0 93.0522 111.438 21.4009 69.9214 52.9512 85.4283 81.5634 64.2806 80.6287 112.614 32.28 72.8354 64.2165 1.0 77.8332 32.0156 57.5602 19.6469 26.1725 64.7444 88.3079 18.868 26.1725 19.8494 91.9239 79.0253 61.8225 99.985 98.6284 19.2094 59.1354 94.8103 69.3758 66.1891 104.897 82.878 63.0317 94.541 21.0238 103.303 47.5395 91.7643 83.9557 64.4438 39.5601 103.613 
40.604 49.4975 71.0907 70.4781 75.2396 39.4462 67.1253 82.2588 29.7321 56.7979 67.1875 116.003 64.7611 38.4215 34.4093 54.5711 46.6154 71.848 39.0 0.0 6.0 20.0 34.0147 8.544 18.9737 93.1625 34.8281 89.7547 40.9615 62.2656 4.47214 55.2295 84.6996 35.1283 104.266 105.251 31.0644 89.6368 46.8193 60.0317 86.3217 25.7099 74.0901 94.8375 57.1402 55.9947 43.0503 40.0 43.4166 64.0781 51.5563 47.927 60.0833 38.9674 81.0311 55.9017 60.0833 54.1202 111.143 66.1304 64.0423 117.241 86.9258 53.1601 25.4951 79.1657 33.2866 83.9533 91.6557 74.4155 52.3746 113.182 21.9317 96.2598 72.0069 83.629 83.4067 47.5414 11.0454 94.7218 
38.833 45.4533 69.3561 68.7435 73.505 36.7696 72.1715 80.5213 34.4093 51.4782 70.7411 114.402 58.9406 36.6742 29.7321 48.7647 50.3289 75.4017 33.0 6.0 0.0 24.0832 28.0179 3.60555 21.6333 91.5615 38.8973 88.1536 44.5152 57.1402 2.82843 53.4949 83.0985 29.1548 102.519 103.517 26.2488 85.521 45.2182 63.5854 84.5744 31.5753 72.3554 98.3912 52.2015 59.7458 46.604 34.0 48.2597 58.6003 49.8197 42.4853 54.4243 42.5211 79.2937 50.01 54.4243 48.3839 109.542 67.1744 62.4412 115.64 87.9672 47.4342 29.8329 82.8851 38.4708 78.372 89.9211 72.6808 50.6399 107.591 16.6433 94.5252 67.3573 81.8944 81.7147 50.9315 12.083 92.9872 
39.0449 50.8176 59.6347 55.7466 64.5863 37.9529 47.4796 73.318 10.7703 63.6396 47.5418 107.572 75.0067 37.2468 40.1995 65.0692 26.6271 52.2015 53.4509 20.0 24.0832 0.0 48.3839 23.8537 6.32456 88.757 14.8661 81.3233 21.3158 67.6831 21.2603 43.8998 80.294 48.7647 95.6883 83.7853 38.0132 93.5718 44.9725 40.3113 77.7441 16.4012 61.4096 75.1918 61.8466 36.349 23.4046 54.4059 24.5967 71.5681 46.2288 56.0803 69.0652 19.3217 71.9408 67.2681 69.0652 64.0078 102.711 46.4847 59.9055 108.81 67.2801 63.0079 5.83095 59.5199 16.1245 79.8165 80.7616 55.1341 33.6809 107.09 32.7567 85.3657 74.5649 73.5221 75.2875 27.8956 13.9284 73.3621 
43.0527 34.0147 73.8772 74.0582 88.0882 35.8469 80.9197 87.2633 59.1354 29.4109 84.1724 96.3172 32.2025 40.8167 19.9249 22.4722 72.4826 89.1403 5.09902 34.0147 28.0179 48.3839 0.0 26.0768 43.4626 75.8024 61.7458 78.5313 59.4835 36.0555 30.0167 58.8444 68.1713 2.23607 92.7412 107.847 17.8885 70.5762 49.3607 80.9725 80.6362 59.2115 77.0382 108.812 33.1059 68.6804 59.7606 6.08276 72.8011 34.6554 53.9696 20.5913 29.2062 60.2885 87.3807 22.8473 29.2062 22.8035 91.7824 75.213 60.8953 99.8248 95.0379 22.0227 54.0833 91.022 64.2884 65.7647 94.2517 79.2874 59.0339 94.5939 16.1245 102.376 48.7647 90.8371 83.0285 60.1082 34.4819 100.022 
35.5106 41.8688 66.1106 65.498 70.2595 33.2415 68.926 77.2599 34.4819 48.3011 71.8395 111.105 56.2939 33.3766 26.2488 46.0977 49.5816 74.6543 31.1448 8.544 3.60555 23.8537 26.0768 0.0 20.5183 88.2639 38.4187 84.856 43.7678 53.8516 4.12311 50.2494 79.8009 27.0 99.2211 100.271 22.8035 81.9449 41.9206 62.838 81.2768 33.1361 69.11 97.2749 48.8262 56.5003 45.8567 32.1403 48.3735 55.5428 46.5296 39.3954 51.5461 41.7737 76.0323 47.5184 51.5461 45.607 106.244 63.929 59.1436 112.342 84.7217 44.643 29.6816 79.6397 39.0 74.7959 86.6756 69.4353 47.3944 104.015 13.4164 91.2797 63.8905 78.6384 78.4171 47.686 10.6301 89.7417 
32.2872 44.4939 61.7885 57.9005 66.7402 31.6291 49.6335 75.4718 16.1245 57.4282 49.6956 109.726 69.0652 30.1047 34.0588 59.2115 29.2834 54.3561 48.4665 18.9737 21.6333 6.32456 43.4626 20.5183 0.0 84.9919 18.3576 83.4771 23.4696 61.3922 18.868 46.0536 76.529 43.6578 97.8421 85.9392 32.0156 86.4313 38.6487 42.5399 79.8979 22.4722 63.5635 77.3457 55.5428 38.5029 25.5585 49.3964 29.4109 65.3758 48.3827 50.01 63.0079 21.4756 74.0946 61.5224 63.0079 58.0775 104.865 48.6386 55.8717 110.964 69.434 57.0789 11.0454 61.6738 22.0 75.7827 82.9155 57.2879 35.8347 105.011 27.5136 87.5196 68.2412 75.676 77.4413 30.0495 9.89949 75.516 
52.6875 43.1322 34.7131 41.7732 31.1448 62.1673 64.3273 24.1868 89.7526 51.3517 70.406 21.4709 63.6003 54.8872 59.2537 63.5059 81.4468 72.6911 76.2365 93.1625 91.5615 88.757 75.8024 88.2639 84.9919 0.0 83.8648 10.198 70.4909 45.8912 90.0582 44.9304 12.7279 73.6817 17.72 51.8941 62.8507 16.6433 52.0561 76.5376 15.1327 101.725 36.2215 76.1183 45.0999 61.8466 68.4378 76.1643 93.2353 52.8867 43.0441 57.0088 58.2495 73.3121 25.0799 66.7533 58.2495 61.4003 16.5529 56.7539 30.4224 24.3516 59.4138 61.2944 86.4769 64.0078 94.4279 10.0499 40.5216 50.3587 56.4099 20.2485 72.8023 34.9857 34.176 27.4591 19.105 63.6031 83.2289 51.4198 
37.6431 57.5587 53.4135 48.5489 58.4123 42.5793 36.2215 67.4759 7.0 73.0274 35.0571 102.751 85.8494 36.1386 50.4973 76.3965 12.083 39.3192 66.7197 34.8281 38.8973 14.8661 61.7458 38.4187 18.3576 83.8648 0.0 76.5019 13.4536 76.1052 36.0694 38.9487 77.6 61.8687 90.5539 73.8289 49.337 90.4719 44.643 26.6833 72.8354 21.2132 54.6443 62.514 70.1142 26.9258 15.6205 67.6384 12.0 81.0247 43.0465 66.4831 79.404 10.6301 66.0681 79.1582 79.404 75.0041 97.8901 37.0 56.9428 103.966 56.5685 74.0222 9.43398 48.0937 10.8167 76.8538 69.4773 46.2385 27.5862 102.269 45.7138 79.0263 80.86 67.2111 70.0357 20.6155 28.0179 63.4057 
49.2796 45.639 25.632 32.573 21.587 58.7595 55.0818 14.0357 81.4787 55.3624 61.131 26.2488 68.942 51.4794 61.7605 67.4463 73.7835 63.1506 78.8423 89.7547 88.1536 81.3233 78.5313 84.856 83.4771 10.198 76.5019 0.0 63.1269 50.6952 86.6504 37.5674 11.0454 76.4635 15.8114 42.0595 65.3574 26.4008 48.6482 67.7791 5.0 94.2916 26.6833 65.9242 48.7647 53.7122 61.0737 78.8117 85.8021 58.1808 37.8779 59.9511 62.9682 65.9469 15.0 70.8802 62.9682 65.2534 21.4009 47.7598 32.3194 27.6586 49.2544 65.0 79.0428 54.0833 87.0649 15.0 30.3645 40.7922 49.0408 25.807 75.309 25.6125 40.4969 17.2627 9.0 56.2228 79.821 41.2311 
27.0185 48.0416 40.0 35.3553 45.0 33.1361 26.4764 54.037 19.2354 65.1153 27.313 89.3756 79.1202 26.0192 44.3847 70.2282 14.0357 32.2025 63.9393 40.9615 44.5152 21.3158 59.4835 43.7678 23.4696 70.4909 13.4536 63.1269 0.0 67.2681 41.6943 25.6125 58.9039 58.9414 77.1038 62.4698 43.8292 78.0 34.0588 21.9317 59.4138 33.2415 41.3401 54.7083 61.2944 15.0333 2.23607 64.7279 23.2594 72.9932 30.4631 59.7746 72.2772 2.82843 52.6308 73.1642 72.2772 68.6222 84.5161 25.1794 44.4765 90.5539 46.0109 67.6757 18.4391 38.4708 24.2074 64.2572 58.1182 33.9559 14.1421 88.8947 44.1305 65.6417 70.3491 53.8266 56.5862 7.2111 33.245 52.0466 
40.8068 19.4165 58.9839 63.7969 61.5619 34.1321 78.7909 59.5098 76.8617 6.7082 83.9345 64.0078 18.3576 41.3038 28.2312 18.0278 81.3019 88.2383 34.4384 62.2656 57.1402 67.6831 36.0555 53.8516 61.3922 45.8912 76.1052 50.6952 67.2681 0.0 57.8014 51.8941 40.4178 33.8378 63.561 90.5593 31.305 36.3456 33.9989 84.9064 52.8827 82.8613 62.5882 102.863 6.0 69.2604 66.4831 34.0147 88.0909 7.81025 42.9535 15.6205 12.3693 69.1158 59.6272 21.0238 12.3693 16.1245 60.0333 71.1126 34.3691 68.0074 88.3948 16.2788 72.016 85.5533 83.0489 36.4005 77.4439 71.5599 59.203 62.0322 40.4969 74.6226 13.3417 63.0836 55.275 64.2496 56.648 86.5563 
37.3645 45.2769 67.8512 67.2386 72.0001 35.7771 67.8581 79.0192 31.6228 52.3259 67.9203 112.899 60.4152 35.182 30.0 50.2195 47.5079 72.5808 35.0571 4.47214 2.82843 21.2603 30.0167 4.12311 18.868 90.0582 36.0694 86.6504 41.6943 57.8014 0.0 51.99 81.5953 31.0161 101.015 102.012 26.6271 85.3946 43.715 60.7645 83.0712 29.2746 70.8505 95.5703 52.6972 58.2409 43.7831 36.0555 45.4863 59.6154 48.3167 43.4626 55.6597 39.7002 77.7916 51.6236 55.6597 49.7293 108.039 65.6695 60.938 114.137 86.4623 48.7647 27.0185 81.3802 35.7771 78.2456 88.4162 71.1759 49.135 110.078 17.4642 93.0202 67.624 80.3895 80.0562 49.4266 9.48683 91.4823 
16.5529 36.7179 16.4924 15.2971 21.1896 25.3079 26.9258 29.5296 43.9318 52.2864 32.28 63.8161 67.9034 18.0278 39.9595 62.4997 37.1618 36.4005 62.435 55.2295 53.4949 43.8998 58.8444 50.2494 46.0536 44.9304 38.9487 37.5674 25.6125 51.8941 51.99 0.0 33.3435 57.6888 51.8556 51.1046 41.0495 53.8516 19.799 35.0 33.9706 56.8595 19.105 51.6236 46.5296 19.0263 23.6008 63.0278 48.5489 59.0593 8.94427 52.8667 60.7307 28.4253 28.178 66.1047 60.7307 60.2889 58.9556 19.2354 22.0907 65.0538 36.7471 59.7207 41.6173 34.0588 49.4975 39.8621 37.509 20.8087 11.6619 63.3342 45.8803 42.1131 50.9975 30.0832 31.4006 18.868 45.1496 41.7313 
44.2246 35.2791 25.0799 32.0156 22.8035 53.7044 54.1479 19.2094 81.2897 45.0036 60.208 33.8378 58.729 46.4243 51.4006 57.0983 69.8598 63.0079 68.4823 84.6996 83.0985 80.294 68.1713 79.8009 76.529 12.7279 77.6 11.0454 58.9039 40.4178 81.5953 33.3435 0.0 66.1036 26.3059 49.0408 54.9975 23.0 43.5931 65.5134 12.53 93.2624 27.4591 69.583 38.4187 50.3477 56.8509 68.4517 81.6483 47.9964 34.5811 49.5912 52.6416 67.673 19.4165 60.5234 52.6416 54.9109 28.8444 46.2709 21.9595 36.2353 52.5298 54.6732 78.0139 55.5788 87.397 8.06226 36.0555 41.1096 44.823 32.8024 64.9491 34.2053 31.1448 22.8035 14.8661 52.0162 74.7659 46.0652 
41.8971 32.0 72.7216 72.9026 86.0204 34.4384 80.0562 85.1955 59.4811 27.2029 83.4386 94.1488 30.4631 39.6611 18.3848 20.5913 71.9406 88.3912 5.0 35.1283 29.1548 48.7647 2.23607 27.0 43.6578 73.6817 61.8687 76.4635 58.9414 33.8378 31.0161 57.6888 66.1036 0.0 90.6734 106.692 16.6433 68.352 48.2051 80.4301 78.5684 60.075 75.8826 107.801 30.8707 67.897 59.2186 5.83095 73.0548 32.5576 52.814 18.3576 27.2029 59.7465 85.3129 21.1896 27.2029 20.8087 89.627 74.2024 58.8275 97.6729 93.8823 20.0 54.4059 90.0 64.7611 63.6396 93.0961 78.1318 58.1378 92.4175 16.1555 100.308 46.5296 88.7693 80.9607 59.4643 34.9285 98.8664 
63.6448 59.8489 37.6431 43.8292 32.8024 73.1246 65.7988 23.6008 95.7758 68.884 71.7849 15.1327 81.3204 65.8445 75.9704 81.0494 86.6833 72.3767 93.0522 104.266 102.519 95.6883 92.7412 99.2211 97.8421 17.72 90.5539 15.8114 77.1038 63.561 101.015 51.8556 26.3059 90.6734 0.0 42.2966 79.5673 32.2025 63.0133 79.0359 18.0278 108.657 37.4537 70.1142 62.514 66.2193 74.9667 93.0216 99.1564 70.6045 52.243 74.108 75.9276 79.9312 25.0 84.3445 75.9276 78.9177 12.1655 58.9175 46.5563 14.3178 54.9181 78.7718 93.4077 61.6847 101.237 27.2947 34.5254 51.2697 62.9682 16.0 89.5189 25.02 51.8652 25.0599 20.5183 70.0071 94.1861 45.2769 
65.0179 84.1932 34.7261 40.2244 30.0179 74.3108 38.4838 29.8329 80.6455 94.3557 42.19 57.0789 108.853 67.0307 88.9624 106.303 65.0 40.6079 111.438 105.251 103.517 83.7853 107.847 100.271 85.9392 51.8941 73.8289 42.0595 62.4698 90.5593 102.012 51.1046 49.0408 106.692 42.2966 0.0 90.0524 68.4251 64.9607 51.9711 37.7359 94.9632 33.8488 29.4109 87.6689 47.4384 60.4071 118.082 77.8781 98.3557 54.0371 100.342 102.356 64.6629 29.7321 109.792 102.356 104.091 54.4518 37.3516 58.2002 55.0091 19.2094 103.796 80.7874 28.6007 84.119 56.0357 13.6015 31.4227 53.2133 58.2151 94.9233 17.4642 80.0761 26.2488 34.4093 56.3672 95.1715 10.4403 
25.2578 20.1246 56.0823 56.2633 60.0352 18.0278 63.6553 74.0895 48.0937 26.2488 67.2681 83.6392 37.054 23.0217 3.60555 27.2947 57.0088 72.1803 21.4009 31.0644 26.2488 38.0132 17.8885 22.8035 32.0156 62.8507 49.337 65.3574 43.8292 31.305 26.6271 41.0495 54.9975 16.6433 79.5673 90.0524 0.0 59.9083 31.5657 64.8999 67.4623 52.1728 59.2433 91.214 26.0768 51.6624 43.909 22.0227 60.8436 33.9559 36.1747 18.1108 31.0644 44.7772 74.2069 29.8329 31.0644 26.0768 78.9726 57.6281 47.7215 86.9758 77.2429 25.0799 43.0465 73.4098 54.0093 52.8186 76.4568 61.4925 41.7253 82.0378 10.0 81.0562 41.1096 68.2987 69.8547 43.6005 25.7099 82.227 
54.6106 40.2492 48.0416 55.0091 45.3982 63.6067 77.1038 39.8497 94.2951 42.7551 83.1505 28.2843 52.1536 56.3265 56.3028 54.3323 90.7579 86.0058 69.9214 89.6368 85.521 93.5718 70.5762 81.9449 86.4313 16.6433 90.4719 26.4008 78.0 36.3456 85.3946 53.8516 23.0 68.352 32.2025 68.4251 59.9083 0.0 47.8165 88.2007 31.0161 108.578 50.2494 91.6788 37.6431 72.5997 76.3217 69.6419 101.237 42.0 47.5395 50.2892 48.0416 80.6226 40.5216 57.1402 48.0416 52.469 25.0 69.1809 34.0 32.5576 74.7329 52.6118 91.2917 78.4092 100.339 15.0333 56.648 64.0703 65.146 26.1725 69.8928 51.6236 23.0868 43.3244 34.7851 72.111 81.8424 67.3573 
7.07107 18.5149 31.6509 33.6155 34.9571 15.8241 45.793 41.5288 47.0278 34.0833 50.5371 74.8969 49.7004 8.544 30.4757 44.2967 48.0104 55.0727 52.9512 46.8193 45.2182 44.9725 49.3607 41.9206 38.6487 52.0561 44.643 48.6482 34.0588 33.9989 43.715 19.799 43.5931 48.2051 63.0133 64.9607 31.5657 47.8165 0.0 50.9608 45.069 60.7958 35.1219 71.4213 28.3619 35.4683 33.0 53.544 56.2939 40.8756 11.6619 34.6636 42.5276 36.2215 40.3012 47.9016 42.5276 42.0858 70.0364 38.6005 22.9359 76.1346 56.4522 41.5177 43.5107 53.8145 53.3212 39.6234 51.365 40.4599 25.2982 72.0755 36.4367 55.8244 36.3456 42.9137 42.6767 30.2655 36.8857 59.696 
44.5982 69.4224 42.1545 35.3412 46.5188 51.6648 14.1421 55.4753 33.541 83.9448 9.84886 93.0215 98.6154 44.3847 65.0 90.3383 15.0333 13.0384 85.4283 60.0317 63.5854 40.3113 80.9725 62.838 42.5399 76.5376 26.6833 67.7791 21.9317 84.9064 60.7645 35.0 65.5134 80.4301 79.0359 51.9711 64.8999 88.2007 50.9608 0.0 63.1585 47.0956 41.5933 36.0555 79.2694 16.0312 21.2603 86.2148 26.6833 91.7831 43.1856 79.6241 91.5546 22.2036 54.1202 93.4773 91.5546 88.5664 88.5664 20.1246 57.0351 93.2061 33.1059 87.6641 35.7351 23.7697 35.0 73.1953 48.4253 28.6007 25.7099 93.0376 65.6195 59.826 85.4751 54.6242 59.5063 21.4709 52.3153 41.8808 
45.7005 47.7439 21.0238 27.8568 16.7631 55.1803 50.2892 9.05539 77.8974 57.4685 56.3205 30.2324 71.1939 47.9002 63.8654 69.5631 69.6348 58.2495 81.5634 86.3217 84.5744 77.7441 80.6362 81.2768 79.8979 15.1327 72.8354 5.0 59.4138 52.8827 83.0712 33.9706 12.53 78.5684 18.0278 37.7359 67.4623 31.0161 45.069 63.1585 0.0 90.7124 21.8403 61.0 50.8836 49.3964 57.3149 81.6326 81.8352 60.4612 34.2987 62.056 65.1065 62.2415 10.0 72.9882 65.1065 67.3757 25.5539 43.0813 34.4243 31.1448 44.2832 67.3465 75.4636 49.0918 83.4506 18.4391 25.632 35.9026 45.2769 30.0167 75.7928 21.9317 43.4166 12.3693 4.0 52.4023 76.2418 36.4005 
52.0132 66.6408 72.5603 68.4471 77.5242 53.7762 57.4282 86.2844 14.3178 78.339 56.0089 120.54 88.459 50.2151 54.8179 78.3135 32.0624 60.0333 64.2806 25.7099 31.5753 16.4012 59.2115 33.1361 22.4722 101.725 21.2132 94.2916 33.2415 82.8613 29.2746 56.8595 93.2624 60.075 108.657 94.9632 52.1728 108.578 60.7958 47.0956 90.7124 0.0 74.2428 83.1505 77.1622 47.8017 35.4683 65.2763 22.8473 86.122 59.1971 70.214 83.0241 30.6757 84.9058 80.0999 83.0241 77.5242 115.68 57.9741 72.8738 121.778 77.7817 76.531 15.2643 69.2604 12.3693 92.7849 90.6116 67.0522 46.5296 120.058 45.0999 98.2854 90.377 86.4523 88.2558 40.3113 26.4764 84.54 
34.3657 50.4414 3.60555 6.40312 5.09902 43.5017 28.4605 13.8924 60.5392 66.3846 34.4819 51.4296 80.8815 36.2215 58.1533 76.2232 49.5177 36.4966 80.6287 74.0901 72.3554 61.4096 77.0382 69.11 63.5635 36.2215 54.6443 26.6833 41.3401 62.5882 70.8505 19.105 27.4591 75.8826 37.4537 33.8488 59.2433 50.2494 35.1219 41.5933 21.8403 74.2428 0.0 52.0045 59.6978 29.0 39.1152 84.3301 62.2415 70.3846 23.7697 66.5901 74.3846 44.1022 12.53 79.8281 74.3846 73.1471 47.0106 21.4709 29.2359 51.624 34.9514 73.4442 59.0339 28.1603 65.4599 35.5106 20.2532 14.1421 27.7308 51.4782 64.1142 24.8572 56.9838 13.0421 18.0278 34.1321 64.0102 28.8527 
67.3573 87.8069 46.2534 40.0656 48.1736 75.5297 28.6356 51.9711 69.4622 103.334 27.6586 85.2115 118.918 68.2495 90.1813 113.589 51.0882 23.1948 112.614 94.8375 98.3912 75.1918 108.812 97.2749 77.3457 76.1183 62.514 65.9242 54.7083 102.863 95.5703 51.6236 69.583 107.801 70.1142 29.4109 91.214 91.6788 71.4213 36.0555 61.0 83.1505 52.0045 0.0 97.564 41.1461 53.1413 113.23 62.1289 110.091 60.208 103.956 111.82 56.0446 51.1957 117.194 111.82 111.378 82.0244 33.6006 70.2061 83.6002 17.088 110.81 71.1969 17.8045 71.0282 77.4919 36.0555 31.4006 49.93 86.093 94.3398 45.2769 98.2592 48.6621 57.0701 50.5668 87.1211 25.02 
37.5914 13.6015 56.0935 58.8686 58.6716 28.1603 73.3485 57.8467 71.058 6.7082 78.3901 64.3817 21.9317 35.3553 22.8254 18.6815 75.326 82.7647 32.28 57.1402 52.2015 61.8466 33.1059 48.8262 55.5428 45.0999 70.1142 48.7647 61.2944 6.0 52.6972 46.5296 38.4187 30.8707 62.514 87.6689 26.0768 37.6431 28.3619 79.2694 50.8836 77.1622 59.6978 97.564 0.0 63.6291 60.531 32.0156 82.0975 12.53 37.5899 12.6491 15.0 63.1269 57.9641 22.1359 15.0 16.4924 60.1332 65.7647 31.4787 68.1836 82.2745 16.2788 66.1277 80.2541 77.1605 35.2278 74.5535 66.2607 53.568 62.514 35.609 72.9595 15.8114 61.4205 53.6119 58.6126 51.0784 83.6659 
29.5296 53.7822 28.6007 22.6274 33.4215 36.9618 12.53 42.638 33.5261 69.3506 15.6205 79.6116 83.9126 29.6816 51.225 75.8227 20.5183 20.5183 72.8354 55.9947 59.7458 36.349 68.6804 56.5003 38.5029 61.8466 26.9258 53.7122 15.0333 69.2604 58.2409 19.0263 50.3477 67.897 66.2193 47.4384 51.6624 72.5997 35.4683 16.0312 49.3964 47.8017 29.0 41.1461 63.6291 0.0 13.0 73.5391 33.3017 76.1428 27.1662 65.037 76.8515 17.2627 41.2311 79.078 76.8515 73.9761 74.9466 10.198 41.0122 80.2122 31.0644 73.0982 33.3766 24.0416 37.5766 58.6097 43.0868 19.3132 10.2956 79.404 53.6004 53.7394 69.4622 41.9242 46.0435 9.48683 51.4005 37.0152 
26.0192 47.2021 37.8021 33.121 42.8019 32.3883 24.7386 51.8556 21.4709 64.5368 25.9422 87.3212 78.7464 25.1794 44.2832 70.0071 15.0333 30.8869 64.2165 43.0503 46.604 23.4046 59.7606 45.8567 25.5585 68.4378 15.6205 61.0737 2.23607 66.4831 43.7831 23.6008 56.8509 59.2186 74.9667 60.4071 43.909 76.3217 33.0 21.2603 57.3149 35.4683 39.1152 53.1413 60.531 13.0 0.0 65.0 25.0599 72.3671 28.7924 59.4643 71.8401 5.0 50.448 73.0068 71.8401 68.352 82.4621 23.0868 42.8412 88.459 44.0454 67.4166 20.6155 36.6742 26.4008 62.5163 56.0555 31.7805 12.0416 86.8332 44.4076 63.4335 69.1809 51.6183 54.4518 5.0 35.3339 49.9839 
47.2361 35.3553 80.8591 78.2415 89.0846 39.4462 85.6329 88.2598 65.146 27.313 89.1067 96.1769 27.4591 45.0 23.3238 18.3848 77.727 94.0479 1.0 40.0 34.0 54.4059 6.08276 32.1403 49.3964 76.1643 67.6384 78.8117 64.7279 34.0147 36.0555 63.0278 68.4517 5.83095 93.0216 118.082 22.0227 69.6419 53.544 86.2148 81.6326 65.2763 84.3301 113.23 32.0156 73.5391 65.0 0.0 78.7718 31.4006 58.1529 19.4165 25.4951 65.533 88.3772 18.0278 25.4951 19.2094 91.7878 79.6492 61.8918 99.8499 99.2212 18.6011 60.0833 95.4254 70.342 66.1211 104.967 83.4708 63.7024 94.3663 21.9317 103.373 47.1699 91.8335 84.025 65.192 40.5216 104.205 
49.2443 69.4622 61.5549 55.9017 66.4831 54.4518 39.3954 75.6902 13.8924 85.0235 36.4005 112.004 97.7818 47.8539 62.4297 88.1382 13.0384 39.6232 77.8332 43.4166 48.2597 24.5967 72.8011 48.3735 29.4109 93.2353 12.0 85.8021 23.2594 88.0909 45.4863 48.5489 81.6483 73.0548 99.1564 77.8781 60.8436 101.237 56.2939 26.6833 81.8352 22.8473 62.2415 62.1289 82.0975 33.3017 25.0599 78.7718 0.0 93.0215 53.7122 78.4159 91.351 20.6155 74.2765 90.61 91.351 86.8792 107.201 42.4382 67.7083 112.929 59.4643 85.8865 18.7883 50.2892 10.8167 87.5165 73.6656 51.8652 36.8917 111.606 56.921 85.0663 92.5753 75.0934 78.7464 29.6816 38.4838 67.5426 
49.533 26.0 66.7803 71.5933 69.3583 40.025 85.8662 67.0884 81.1542 8.0 90.9066 70.1142 10.7703 47.2969 31.4006 13.4164 86.977 95.2791 32.0156 64.0781 58.6003 71.5681 34.6554 55.5428 65.3758 52.8867 81.0247 58.1808 72.9932 7.81025 59.6154 59.0593 47.9964 32.5576 70.6045 98.3557 33.9559 42.0 40.8756 91.7831 60.4612 86.122 70.3846 110.091 12.53 76.1428 72.3671 31.4006 93.0215 0.0 50.1199 16.1555 6.32456 74.6726 67.2058 15.5242 6.32456 12.2066 66.3702 78.2943 42.1655 74.2428 96.1912 12.8062 76.2365 92.7808 87.2812 43.6578 85.2403 78.7874 66.0817 68.0661 42.1545 82.2011 19.105 70.6622 62.8536 70.3837 59.6657 94.3527 
11.0454 27.7899 20.3961 21.9545 24.0208 20.4331 35.8469 30.7584 47.0106 43.3584 41.1096 64.1266 58.9754 13.1529 35.0847 53.5717 43.4166 45.31 57.5602 51.5563 49.8197 46.2288 53.9696 46.5296 48.3827 43.0441 43.0465 37.8779 30.4631 42.9535 48.3167 8.94427 34.5811 52.814 52.243 54.0371 36.1747 47.5395 11.6619 43.1856 34.2987 59.1971 23.7697 60.208 37.5899 27.1662 28.7924 58.1529 53.7122 50.1199 0.0 43.9386 51.8027 33.1059 29.5308 57.1766 51.8027 51.3608 59.2661 28.178 14.1421 65.3643 45.0136 50.7927 43.9487 42.8019 53.0094 33.8349 40.4414 29.0 18.1108 63.6447 41.0456 45.0 42.2966 32.1403 31.9064 24.7386 41.4764 49.041 
37.5914 18.3576 63.1191 65.2602 71.3446 28.3019 76.4649 68.6831 66.0076 9.21954 80.577 76.7919 19.4165 35.3553 16.0312 10.8167 73.4983 85.3553 19.6469 47.927 42.4853 56.0803 20.5913 39.3954 50.01 57.0088 66.4831 59.9511 59.7746 15.6205 43.4626 52.8667 49.5912 18.3576 74.108 100.342 18.1108 50.2892 34.6636 79.6241 62.056 70.214 66.5901 103.956 12.6491 65.037 59.4643 19.4165 78.4159 16.1555 43.9386 0.0 13.0 61.131 68.8005 14.2127 13.0 8.94427 72.4431 70.0684 42.3152 80.5047 88.6661 8.06226 61.0 86.6457 72.0069 47.0 87.2265 72.6523 54.7718 74.9667 26.0 83.7959 28.178 72.2569 64.4483 58.1808 43.7379 91.4327 
49.406 27.2029 70.7803 73.0217 73.3583 39.9249 87.5187 72.5335 79.0063 8.48528 92.5587 76.0263 7.2111 47.1699 29.0172 7.2111 86.122 96.9312 26.1725 60.0833 54.4243 69.0652 29.2062 51.5461 63.0079 58.2495 79.404 62.9682 72.2772 12.3693 55.6597 60.7307 52.6416 27.2029 75.9276 102.356 31.0644 48.0416 42.5276 91.5546 65.1065 83.0241 74.3846 111.82 15.0 76.8515 71.8401 25.4951 91.351 6.32456 51.8027 13.0 0.0 73.7564 72.6509 9.21954 0.0 6.40312 72.1734 79.961 46.1655 80.0999 96.4276 7.2111 74.0 94.5097 85.0059 48.7647 89.2403 80.4138 66.5864 74.0068 38.3275 86.8464 25.0 76.1073 67.4988 70.2282 56.5685 98.3527 
29.1548 50.0 42.8019 38.0789 47.8017 35.0143 28.1603 56.8507 16.5529 66.7533 28.4605 92.1954 80.5233 28.0179 45.5412 71.4703 12.3693 33.2415 64.7444 38.9674 42.5211 19.3217 60.2885 41.7737 21.4756 73.3121 10.6301 65.9469 2.82843 69.1158 39.7002 28.4253 67.673 59.7465 79.9312 64.6629 44.7772 80.6226 36.2215 22.2036 62.2415 30.6757 44.1022 56.0446 63.1269 17.2627 5.0 65.533 20.6155 74.6726 33.1059 61.131 73.7564 0.0 55.4437 74.3303 73.7564 69.9214 87.3373 27.4591 47.094 93.3809 48.0104 68.9638 16.1245 40.1995 21.4009 66.9267 60.3113 36.4005 16.9706 91.7159 44.9355 68.4328 72.5603 56.6176 59.4138 10.0 31.251 54.2397 
40.5756 54.4884 12.7279 18.868 7.81025 49.945 40.8842 1.41421 71.6101 64.6509 46.8704 38.9102 79.1478 42.6649 70.6099 76.5982 61.7171 48.6844 88.3079 81.0311 79.2937 71.9408 87.3807 76.0323 74.0946 25.0799 66.0681 15.0 52.6308 59.6272 77.7916 28.178 19.4165 85.3129 25.0 29.7321 74.2069 40.5216 40.3012 54.1202 10.0 84.9058 12.53 51.1957 57.9641 41.2311 50.448 88.3772 74.2765 67.2058 29.5308 68.8005 72.6509 55.4437 0.0 80.0876 72.6509 74.386 34.5398 34.0 33.5218 39.1152 34.3657 74.091 69.6419 39.1152 76.8375 26.8328 16.6433 26.3551 38.6005 39.0 70.5576 16.7631 50.3713 3.60555 6.0 45.4533 70.9513 26.9258 
51.6324 32.0156 76.3571 78.4982 80.795 42.4382 90.506 79.9702 77.6466 15.5242 94.618 85.0 9.43398 49.3964 28.7924 3.60555 86.6487 99.3964 18.868 55.9017 50.01 67.2681 22.8473 47.5184 61.5224 66.7533 79.1582 70.8802 73.1642 21.0238 51.6236 66.1047 60.5234 21.1896 84.3445 109.792 29.8329 57.1402 47.9016 93.4773 72.9882 80.0999 79.8281 117.194 22.1359 79.078 73.0068 18.0278 90.61 15.5242 57.1766 14.2127 9.21954 74.3303 80.0876 0.0 9.21954 5.83095 81.0555 84.1095 53.6022 89.0225 101.904 6.40312 72.5603 99.8837 83.3847 57.0701 96.677 85.8903 68.8128 83.006 35.0143 95.083 34.0588 83.544 75.7354 72.0069 54.0093 104.671 
49.406 27.2029 70.7803 73.0217 73.3583 39.9249 87.5187 72.5335 79.0063 8.48528 92.5587 76.0263 7.2111 47.1699 29.0172 7.2111 86.122 96.9312 26.1725 60.0833 54.4243 69.0652 29.2062 51.5461 63.0079 58.2495 79.404 62.9682 72.2772 12.3693 55.6597 60.7307 52.6416 27.2029 75.9276 102.356 31.0644 48.0416 42.5276 91.5546 65.1065 83.0241 74.3846 111.82 15.0 76.8515 71.8401 25.4951 91.351 6.32456 51.8027 13.0 0.0 73.7564 72.6509 9.21954 0.0 6.40312 72.1734 79.961 46.1655 80.0999 96.4276 7.2111 74.0 94.5097 85.0059 48.7647 89.2403 80.4138 66.5864 74.0068 38.3275 86.8464 25.0 76.1073 67.4988 70.2282 56.5685 98.3527 
46.5305 26.2488 69.6761 72.6824 75.0935 37.2156 85.4041 74.2686 74.1687 10.0499 89.5161 80.0562 11.0 44.2945 24.5153 2.23607 82.28 94.2945 19.8494 54.1202 48.3839 64.0078 22.8035 45.607 58.0775 61.4003 75.0041 65.2534 68.6222 16.1245 49.7293 60.2889 54.9109 20.8087 78.9177 104.091 26.0768 52.469 42.0858 88.5664 67.3757 77.5242 73.1471 111.378 16.4924 73.9761 68.352 19.2094 86.8792 12.2066 51.3608 8.94427 6.40312 69.9214 74.386 5.83095 6.40312 0.0 76.0 79.5192 47.9007 84.006 96.0883 1.0 69.1158 94.0679 80.0562 51.6236 90.9754 80.0745 63.711 78.1025 32.5576 89.3814 29.4279 77.8424 70.0338 67.1193 51.1566 98.8549 
70.6679 59.2541 46.5296 53.2259 42.0476 80.1477 75.4071 33.2415 102.867 66.0076 81.3932 5.0 76.7919 72.8676 75.3756 78.0064 95.1315 83.2666 91.9239 111.143 109.542 102.711 91.7824 106.244 104.865 16.5529 97.8901 21.4009 84.5161 60.0333 108.039 58.9556 28.8444 89.627 12.1655 54.4518 78.9726 25.0 70.0364 88.5664 25.5539 115.68 47.0106 82.0244 60.1332 74.9466 82.4621 91.7878 107.201 66.3702 59.2661 72.4431 72.1734 87.3373 34.5398 81.0555 72.1734 76.0 0.0 68.4471 46.9411 8.06226 66.4831 76.0066 100.431 72.7805 108.453 26.2488 46.1736 60.8779 70.4344 4.47214 88.9242 37.1214 47.2652 35.4401 29.0689 77.6209 101.209 57.0789 
33.9411 55.9483 22.1359 15.2315 26.4008 41.9932 8.06226 35.3569 43.6807 71.5167 14.0 72.8972 87.1337 34.7131 56.6448 80.8542 29.4109 17.4642 79.0253 66.1304 67.1744 46.4847 75.213 63.929 48.6386 56.7539 37.0 47.7598 25.1794 71.1126 65.6695 19.2354 46.2709 74.2024 58.9175 37.3516 57.6281 69.1809 38.6005 20.1246 43.0813 57.9741 21.4709 33.6006 65.7647 10.198 23.0868 79.6492 42.4382 78.2943 28.178 70.0684 79.961 27.4591 34.0 84.1095 79.961 79.5192 68.4471 0.0 40.5216 73.0877 21.3776 78.1297 43.566 15.8114 47.5395 54.1479 33.0 9.43398 16.5529 72.9178 60.9016 44.4006 69.3938 34.5058 39.3954 19.0263 58.8292 26.9284 
