NAME  : Jabali_80_2_0.90_1_6
TYPE : SVRP
MODEL : FINITE_SUPPORT
NUMBER_OF_SCENARIOS : 200
DIMENSION : 80
EDGE_WEIGHT_TYPE : MATRIX
CAPACITY : 244
N_VEHICLES : 2
NODE_COORD_SECTION
1 3598 4810
2 3869 5903
3 1977 18
4 2673 4050
5 3143 3631
6 8433 2721
7 2413 3810
8 2996 643
9 7388 3340
10 1970 5629
11 3412 5409
12 7377 4006
13 6259 3740
14 4352 835
15 1743 982
16 4657 4437
17 4752 2278
18 6484 7441
19 6266 6782
20 1889 2611
21 5694 2762
22 2862 1962
23 4601 7438
24 2544 6006
25 2531 5258
26 5737 6890
27 5402 1350
28 1883 4926
29 6842 1764
30 1969 2500
31 4554 7960
32 5915 4553
33 3240 7652
34 2817 3416
35 2076 4498
36 179 4968
37 3814 3590
38 6904 6463
39 2246 3945
40 3202 6572
41 2012 1854
42 1994 7134
43 4025 3612
44 1140 3790
45 8124 3710
46 3782 8009
47 5430 7913
48 7478 2474
49 3170 6269
50 935 6052
51 6011 871
52 5444 6474
53 4722 6399
54 3470 7259
55 5006 7105
56 7270 6284
57 2352 6941
58 502 3911
59 5472 3504
60 27 6454
61 5255 7350
62 7503 5424
63 4862 2475
64 6394 7847
65 5537 5740
66 6459 2355
67 7014 5996
68 8244 3903
69 1167 6446
70 4554 3761
71 7023 4866
72 2231 4654
73 6564 4902
74 2668 5268
75 3883 7179
76 1425 6670
77 2821 5630
78 3752 2287
79 2643 7641
80 4241 1164
DEMAND_SECTION
1 0.0
2 8.0
3 1.0
4 4.0
5 8.0
6 3.0
7 5.0
8 8.0
9 4.0
10 1.0
11 9.0
12 10.0
13 5.0
14 2.0
15 9.0
16 6.0
17 2.0
18 2.0
19 4.0
20 5.0
21 8.0
22 9.0
23 6.0
24 7.0
25 4.0
26 2.0
27 1.0
28 3.0
29 4.0
30 2.0
31 10.0
32 7.0
33 6.0
34 9.0
35 1.0
36 3.0
37 4.0
38 9.0
39 8.0
40 8.0
41 2.0
42 5.0
43 8.0
44 4.0
45 5.0
46 9.0
47 10.0
48 5.0
49 1.0
50 4.0
51 2.0
52 10.0
53 9.0
54 5.0
55 4.0
56 8.0
57 9.0
58 6.0
59 2.0
60 3.0
61 1.0
62 4.0
63 1.0
64 3.0
65 9.0
66 6.0
67 7.0
68 9.0
69 10.0
70 4.0
71 10.0
72 10.0
73 2.0
74 5.0
75 10.0
76 2.0
77 3.0
78 8.0
79 8.0
80 10.0
DEVIATION_SECTION
1 0.0
2 2.66667
3 0.333333
4 1.33333
5 2.66667
6 1.0
7 1.66667
8 2.66667
9 1.33333
10 0.333333
11 3.0
12 3.33333
13 1.66667
14 0.666667
15 3.0
16 2.0
17 0.666667
18 0.666667
19 1.33333
20 1.66667
21 2.66667
22 3.0
23 2.0
24 2.33333
25 1.33333
26 0.666667
27 0.333333
28 1.0
29 1.33333
30 0.666667
31 3.33333
32 2.33333
33 2.0
34 3.0
35 0.333333
36 1.0
37 1.33333
38 3.0
39 2.66667
40 2.66667
41 0.666667
42 1.66667
43 2.66667
44 1.33333
45 1.66667
46 3.0
47 3.33333
48 1.66667
49 0.333333
50 1.33333
51 0.666667
52 3.33333
53 3.0
54 1.66667
55 1.33333
56 2.66667
57 3.0
58 2.0
59 0.666667
60 1.0
61 0.333333
62 1.33333
63 0.333333
64 1.0
65 3.0
66 2.0
67 2.33333
68 3.0
69 3.33333
70 1.33333
71 3.33333
72 3.33333
73 0.666667
74 1.66667
75 3.33333
76 0.666667
77 1.0
78 2.66667
79 2.66667
80 3.33333
DISTANCE_MATRIX
0.0 16.1554 66.8463 16.2788 20.4164 69.8168 20.3961 57.1291 53.8763 25.0 9.05539 51.2185 37.6238 60.0254 55.8664 14.4164 42.963 54.6155 46.5725 37.1229 40.4904 39.6653 47.6252 21.8403 15.6205 42.7219 58.1311 23.3238 60.1069 38.0132 47.1704 30.8707 37.9473 19.8195 20.8806 47.0106 23.712 51.1566 21.095 24.5153 41.4458 38.4708 27.0179 36.1248 61.6865 43.2809 51.8566 60.3738 21.2132 40.6079 64.3132 36.1915 30.4152 32.7678 41.2292 54.0 34.1321 43.7379 30.8807 54.037 44.0576 53.3667 41.2732 57.9648 30.2655 51.2714 50.04 62.6201 40.3113 22.636 45.8803 19.3132 40.1622 15.0 32.7678 39.3954 15.8114 42.6113 40.3113 56.0254 
16.1554 0.0 81.9013 30.0167 35.4714 79.6335 34.0 72.1841 63.6115 26.2488 9.48683 60.2488 47.4355 69.9446 70.9214 24.3356 52.8822 41.5933 35.0 51.8653 50.4096 54.7203 31.58 18.3576 20.0 29.2746 68.0503 30.0 70.0261 52.6972 33.9177 39.1015 24.7437 34.8745 30.5941 52.1728 38.767 41.7732 34.0147 13.0 56.5008 30.5287 36.9371 46.8722 70.8507 30.0282 35.8113 70.293 11.4018 40.3113 74.2324 23.0217 14.3178 19.5152 25.1839 45.642 25.5539 53.1507 40.7999 53.2541 28.0124 49.6801 51.1924 43.6807 22.9112 61.1906 42.6052 71.5928 37.8021 32.5552 53.0041 28.4429 47.1736 19.0 19.5152 35.3836 15.2971 57.6663 28.4429 65.9446 
66.8463 81.9013 0.0 53.535 60.4299 91.0494 50.6063 16.2788 83.7257 74.3236 73.2794 89.0505 75.775 48.6962 13.1529 70.6571 47.746 117.18 108.202 33.2415 61.6383 28.2843 114.08 79.2591 69.4622 106.236 45.2769 65.0 65.123 32.8938 111.705 80.9568 101.514 47.0307 59.5063 71.1126 57.9412 109.179 51.8845 87.6584 47.4005 94.4299 63.5978 51.788 94.6414 107.801 118.311 78.0 84.0536 82.4621 48.3735 99.7391 96.1611 97.2008 107.684 110.023 92.1303 56.0357 65.9242 90.6697 110.132 103.484 49.8617 121.087 91.3918 65.192 105.551 96.7471 86.6833 62.1886 93.6694 61.2699 90.0777 69.9714 97.3025 88.8651 74.6257 43.4166 101.213 44.6962 
16.2788 30.0167 53.535 0.0 12.0 78.4092 4.12311 44.1476 63.8122 23.0217 20.8087 63.6941 48.382 52.9463 41.8688 29.1603 37.3809 70.8493 62.8172 22.0227 42.4502 26.6838 53.866 26.0 16.1555 58.9556 55.3999 15.5242 62.1683 22.8035 58.6393 45.6079 48.0104 8.0 9.84886 36.0694 15.2643 67.3647 5.09902 34.2053 28.4642 42.2019 16.7047 20.8806 73.4251 54.5619 65.7377 66.5282 30.6105 36.1386 65.8 52.4252 44.2963 43.9318 55.1103 70.0643 39.2173 29.1548 37.7359 48.4665 57.9388 68.6078 36.3836 73.4219 46.5296 54.0113 66.0076 74.7782 38.2099 24.3132 60.9017 10.198 55.0861 16.5529 44.2368 39.0 21.095 29.6298 47.8539 48.9463 
20.4164 35.4714 60.4299 12.0 0.0 80.4098 15.2462 50.7127 65.8303 33.1725 26.8494 65.6941 50.382 54.9859 49.45 31.0208 39.4204 74.8743 66.7746 30.7065 44.4897 33.2489 66.9412 34.6586 25.1108 62.9807 57.4395 26.6977 64.2079 31.5967 65.2988 47.6079 55.3735 13.4031 21.4222 48.0122 17.2956 70.7887 16.8489 41.4819 35.0294 51.4072 18.7047 32.632 75.4251 61.4092 71.1726 68.5549 37.8869 47.1622 67.8396 56.4503 49.7312 50.8962 60.5452 73.2722 48.0 41.0147 39.7567 59.8015 63.3736 71.2806 38.4232 78.2237 50.1741 56.0509 69.1289 76.7782 48.7732 26.3132 62.9017 21.3178 57.4876 25.2483 50.8962 49.19 29.1359 36.1949 56.0408 50.9859 
69.8168 79.6335 91.0494 78.4092 80.4098 0.0 81.0247 75.2396 16.1245 93.8837 75.0 22.3607 32.2025 69.5235 90.4268 55.6058 50.271 70.1783 63.0079 86.2153 36.7151 74.679 81.1587 88.8144 84.8257 67.3647 46.6905 93.1075 26.0192 87.1569 86.6901 42.0476 101.548 74.006 87.832 114.422 63.2535 55.2268 83.006 88.4536 87.1603 104.045 62.3699 98.2642 14.3178 94.1571 81.2219 13.3417 85.4608 109.438 43.1045 65.307 72.865 96.3195 74.7627 51.6236 99.3482 106.841 41.0366 122.883 75.8024 39.4588 48.4009 75.2396 57.28 27.2029 49.163 15.8114 108.41 55.1725 35.1283 87.7276 38.833 84.059 96.3195 106.832 83.4189 64.4133 105.259 65.5235 
20.3961 34.0 50.6063 4.12311 15.2462 81.0247 0.0 41.9762 66.7308 24.5153 24.6982 66.8506 51.4782 55.4081 38.6005 33.0624 39.8426 74.9724 66.9403 18.3848 44.9119 24.5153 57.4615 28.6531 18.868 63.0787 48.6001 16.0 64.6301 19.105 62.2348 48.8541 51.225 8.06226 10.0 34.2053 18.3848 71.4493 2.23607 37.5366 26.2971 44.2719 19.9249 17.4642 76.4853 58.0 69.7451 68.9926 33.9706 36.3456 58.8975 56.5483 48.3011 47.3814 59.1177 74.108 41.6293 25.9422 40.7063 48.0833 61.9462 72.5268 38.8454 77.4293 50.636 56.4731 70.0286 77.8781 39.0 27.5136 64.1479 11.1803 58.7338 19.4165 47.8323 40.1995 24.2074 27.4626 50.6063 42.1465 
57.1291 72.1841 16.2788 44.1476 50.7127 75.2396 41.9762 0.0 67.4759 66.4906 63.5621 72.7805 60.1961 32.9545 17.2047 55.9777 32.0044 102.45 93.4077 28.2843 45.3847 17.4642 99.2944 70.146 60.2988 91.3612 29.0689 57.7062 49.4975 28.4429 104.826 65.3711 92.0863 37.3135 51.788 69.0507 48.6431 93.8136 43.7379 78.1946 37.6833 86.1644 48.9184 48.5077 78.4092 98.122 102.943 62.0725 74.5996 77.1038 33.2415 84.9537 86.4439 87.5419 92.8983 94.4252 83.3314 54.8179 50.1857 87.1436 95.3469 87.742 34.12 106.405 76.6942 49.0408 89.9545 80.5047 80.5047 47.5091 77.9277 53.1507 74.3472 60.698 87.6089 82.0366 65.1541 30.0 91.9903 28.9545 
53.8763 63.6115 83.7257 63.8122 65.8303 16.1245 66.7308 67.4759 0.0 77.9432 59.0339 8.94427 16.2788 59.0937 81.0247 39.6989 38.2224 57.4891 49.4975 73.7631 24.3311 63.6396 66.1198 72.8011 68.8852 53.0094 38.4708 77.175 23.4307 74.7262 71.6512 26.0 85.526 59.9344 73.2525 99.8425 48.5489 43.0116 68.6003 72.4316 74.6003 88.0231 47.4342 84.119 11.0 79.1182 67.0298 12.083 69.4388 93.4976 38.9102 50.2494 57.2781 80.2975 59.7237 40.3113 83.3262 92.6607 26.0768 106.943 61.0737 28.6531 36.3456 62.5859 41.7732 18.9737 37.0 13.0384 92.4554 40.0 21.587 73.1481 24.0 68.1185 80.2975 90.802 67.4759 51.5461 89.2372 55.0937 
25.0 26.2488 74.3236 23.0217 33.1725 93.8837 24.5153 66.4906 77.9432 0.0 19.4165 75.1665 61.6908 74.1584 61.7171 38.4833 58.5929 66.0076 60.531 41.1461 63.6623 49.0306 42.5793 9.05539 9.43398 54.1479 76.612 9.43398 83.3804 41.5933 46.1736 54.2033 31.3847 31.0161 14.8661 26.1725 36.4681 67.9117 22.8035 20.3961 50.8121 20.1246 37.8772 27.0185 85.703 39.3573 55.9017 84.4408 18.0278 15.6205 87.0121 48.5077 38.0526 29.7321 46.0435 71.846 18.4391 30.4631 54.9476 29.0689 50.1597 74.4722 57.5957 67.1193 49.1152 75.2234 68.8091 86.5563 15.8114 46.7029 68.2642 13.3417 62.434 10.0 32.5576 16.0312 11.1803 51.9776 28.2843 70.1584 
9.05539 9.48683 73.2794 20.8087 26.8494 75.0 24.6982 63.5621 59.0339 19.4165 0.0 55.9017 42.8019 65.2101 62.2254 19.6011 48.1476 50.9902 44.1022 42.8019 45.675 46.0984 33.8173 13.8924 11.4018 38.6394 63.3157 21.2132 65.2915 43.6005 38.5906 34.8281 29.1548 26.2526 21.2132 44.2719 30.1451 50.3322 24.5967 15.5242 47.8788 29.8329 32.2025 37.4833 66.4831 34.7011 45.2831 65.5585 12.1655 34.7131 69.4978 32.249 23.7697 24.1868 34.6558 53.7982 25.318 44.0114 36.0653 48.1041 37.4842 55.1543 46.4579 53.1601 29.4682 56.4561 50.2367 67.2681 33.4215 27.8206 48.8774 19.105 43.0465 10.4403 24.1881 31.9061 8.48528 49.0443 31.257 61.2101 
51.2185 60.2488 89.0505 63.6941 65.6941 22.3607 66.8506 72.7805 8.94427 75.1665 55.9017 0.0 15.5242 63.2398 85.2115 37.2022 42.19 48.8365 41.1096 75.9628 28.2843 67.0075 58.8004 69.4389 66.2193 45.0999 44.2719 74.5172 31.8277 76.9451 64.3319 21.2603 78.938 60.7289 71.9781 98.2173 48.4665 34.2053 68.542 67.5779 76.7647 84.6605 47.0106 84.309 10.6301 71.7988 59.0339 21.0238 66.0761 90.6091 46.3249 42.9535 50.7404 73.7094 52.4044 31.3847 79.9635 92.7088 26.6833 104.005 53.4603 19.7231 40.1123 53.9351 35.1141 26.0768 28.1603 11.4018 89.1625 39.3954 13.0384 70.4977 16.4924 65.437 73.7094 87.447 64.3817 53.6004 82.6492 59.2398 
37.6238 47.4355 75.775 48.382 50.382 32.2025 51.4782 60.1961 16.2788 61.6908 42.8019 15.5242 0.0 49.0789 70.7107 23.4307 28.1603 50.1199 41.1461 60.5568 15.2643 52.0865 54.0812 56.6127 52.6328 42.72 32.45 60.9226 27.8927 61.5391 59.6126 12.0416 69.35 45.2217 57.8042 84.6227 33.1059 37.6431 53.2259 56.2556 61.3587 71.8471 31.7648 68.942 25.0599 67.0796 56.5155 23.7697 53.2628 77.2452 37.6431 38.4708 44.1955 64.1215 47.6852 36.7967 67.1502 77.3886 11.1803 90.6905 49.6488 28.178 25.9615 55.0091 29.1548 19.3132 32.5269 26.4008 76.2168 24.1868 18.3576 56.903 16.2788 51.8661 64.1215 74.6324 51.2259 38.2099 73.0612 45.0789 
60.0254 69.9446 48.6962 52.9463 54.9859 69.5235 55.4081 32.9545 59.0937 74.1584 65.2101 63.2398 49.0789 0.0 44.0151 45.8281 21.0499 91.8084 82.7008 39.6007 35.0208 27.1555 89.0509 75.6445 66.0966 81.0071 24.4536 67.0444 45.9857 40.4109 94.5823 54.4166 91.8591 48.3894 62.2507 88.998 38.5453 82.8679 57.404 77.4148 41.8494 92.3931 38.8206 56.4033 70.0762 97.1436 92.6991 56.2217 75.0695 88.148 34.8537 74.7024 78.8195 86.6306 82.6549 83.4707 88.9859 64.45 39.2312 99.9289 85.1035 76.7875 23.1655 95.8999 54.2311 42.3209 79.0 72.0328 89.759 37.4008 66.9732 61.8036 63.3927 66.2341 86.6306 90.1759 70.1218 24.0384 93.1385 4.0 
55.8664 70.9214 13.1529 41.8688 49.45 90.4268 38.6005 17.2047 81.0247 61.7171 62.2254 85.2115 70.7107 44.0151 0.0 63.0976 43.0465 109.274 100.345 20.5913 57.0351 19.3132 102.391 67.1193 57.4282 97.8106 43.7379 52.3259 65.2534 20.1246 100.441 74.3303 89.8109 36.1248 47.0106 58.0345 47.1532 101.855 39.6611 76.0592 36.6125 81.8413 49.3822 38.6394 92.0217 96.4261 106.623 77.1038 72.4707 69.3758 49.7695 91.2802 85.1812 85.7963 95.9952 103.121 79.7559 43.0 60.208 77.5242 98.5958 97.7446 45.0999 113.054 83.3879 63.5059 98.6813 94.0053 73.6817 54.629 88.0738 48.8774 83.9345 58.0086 86.0386 75.9605 62.8013 34.9285 89.0449 40.0151 
14.4164 24.3356 70.6571 29.1603 31.0208 55.6058 33.0624 55.9777 39.6989 38.4833 19.6011 37.2022 23.4307 45.8281 63.0976 0.0 28.6356 46.8722 38.0789 46.0977 26.0768 43.7925 43.3434 33.45 29.4253 35.4683 43.7173 37.7151 45.7056 47.0744 48.8748 17.088 46.2502 28.2843 35.176 61.4152 15.5242 40.5216 34.2415 33.1557 48.0 48.7473 13.3417 49.8365 47.634 51.5346 46.9916 46.0652 30.1629 54.0377 49.8994 29.0 33.1121 41.0216 36.9474 42.5793 44.0503 57.7539 16.4924 67.4831 39.396 40.3113 26.9258 50.6063 21.095 36.8782 38.3275 48.6004 53.0096 8.48528 32.28 33.6956 26.6833 28.6586 41.0216 51.4777 28.0185 28.4443 49.1401 41.8281 
42.963 52.8822 47.746 37.3809 39.4204 50.271 39.8426 32.0044 38.2224 58.5929 48.1476 42.19 28.1603 21.0499 43.0465 28.6356 0.0 72.8354 63.6396 36.6742 14.0 25.4951 71.0605 60.0791 50.5312 62.6259 23.5035 51.479 45.0356 37.5766 76.5919 34.4093 74.7967 32.824 46.6853 73.4326 22.9799 63.0079 41.8385 60.3524 37.9258 76.8277 23.2552 52.4797 49.164 80.0812 74.7087 37.6365 58.0071 72.5826 33.9036 56.6127 60.8291 69.5682 64.6645 63.2851 73.4204 60.5264 18.868 84.3635 67.113 56.0803 2.23607 77.1557 47.634 24.8523 58.8303 51.0882 74.1936 20.8806 46.2385 46.2382 42.9418 50.6687 69.5682 74.6105 54.5564 16.2788 76.0761 17.0499 
54.6155 41.5933 117.18 70.8493 74.8743 70.1783 74.9724 102.45 57.4891 66.0076 50.9902 48.8365 50.1199 91.8084 109.274 46.8722 72.8354 0.0 9.21954 91.5809 63.8201 90.868 25.2982 57.0351 61.4003 12.3693 81.2808 71.3442 77.4726 92.4711 26.6271 39.4081 42.5441 74.2775 72.1803 92.0869 62.1363 15.0 75.1959 46.2709 94.6612 60.0833 59.9264 88.459 56.0357 36.3593 15.5563 69.3758 48.0416 77.1038 87.367 18.9737 28.0179 39.5601 20.2237 19.2354 56.0446 94.6414 54.6717 88.0568 16.7631 31.0161 70.7248 5.09902 25.807 69.3181 21.0238 55.0 72.7805 55.2178 35.9026 70.0357 34.5398 60.407 34.7131 69.1231 56.1427 74.9668 50.5668 87.8084 
46.5725 35.0 108.202 62.8172 66.7746 63.0079 66.9403 93.4077 49.4975 60.531 44.1022 41.1096 41.1461 82.7008 100.345 38.0789 63.6396 9.21954 0.0 83.4811 54.6443 81.3374 23.4307 51.788 55.0 7.2111 72.114 65.0 68.7095 84.3713 27.2029 30.2324 40.8044 66.1777 65.2763 86.7006 53.4013 10.0 67.4742 42.3215 85.7329 57.4407 51.1914 81.5059 49.163 36.0694 18.6815 61.1882 42.9535 72.8639 78.2304 12.0416 22.8035 36.8352 17.2047 15.0 53.1477 88.0909 45.4533 85.0718 15.6205 25.0 61.5224 13.8924 17.0 60.4152 14.8661 48.3735 69.3838 46.3249 28.0713 63.1981 25.9615 54.0 31.6228 66.1006 50.0899 65.9893 48.8262 78.7008 
37.1229 51.8653 33.2415 22.0227 30.7065 86.2153 18.3848 28.2843 73.7631 41.1461 42.8019 75.9628 60.5568 39.6007 20.5913 46.0977 36.6742 91.5809 83.4811 0.0 49.6488 13.6015 75.8266 46.6154 37.0135 79.6872 42.0119 31.7805 63.5864 1.0 80.5999 61.131 69.527 18.0278 26.4197 40.7922 30.5941 86.5866 19.2094 55.9017 21.198 61.2699 32.7567 20.2237 84.4038 76.3806 87.5665 73.5808 52.345 49.6488 51.6236 73.1568 66.1251 65.7647 76.9391 88.6454 59.1692 26.9258 49.4026 59.0085 79.7676 85.1469 38.0789 94.9302 66.9162 59.9216 84.3445 86.122 53.6004 39.2046 76.0066 28.3019 71.1126 37.6431 66.1973 55.6597 42.5206 22.3636 68.5055 35.6007 
40.4904 50.4096 61.6383 42.4502 44.4897 36.7151 44.9119 45.3847 24.3311 63.6623 45.675 28.2843 15.2643 35.0208 57.0351 26.0768 14.0 63.8201 54.6443 49.6488 0.0 39.3192 64.7312 59.5239 55.6005 55.0091 17.6433 57.1875 19.9249 50.5964 70.2627 24.4131 72.3241 37.8933 51.912 78.5019 27.8029 52.3259 46.9079 59.2297 50.5601 74.6134 27.4591 62.1515 35.2278 77.6086 68.1542 24.2074 56.2369 77.6519 23.7065 49.7695 54.5047 67.0956 58.3352 51.8556 69.794 70.7286 10.198 90.2913 60.7454 43.4166 12.0416 68.5055 40.3113 11.6619 47.5079 37.1214 79.0836 21.5407 33.6155 51.8076 31.241 54.7326 67.0956 77.5517 54.0925 27.7308 75.2141 31.0208 
39.6653 54.7203 28.2843 26.6838 33.2489 74.679 24.5153 17.4642 63.6396 49.0306 46.0984 67.0075 52.0865 27.1555 19.3132 43.7925 25.4951 90.868 81.3374 13.6015 39.3192 0.0 87.215 52.6822 42.835 79.3712 29.1548 40.3113 51.0 14.2127 84.5477 55.0818 74.4116 19.8497 34.3657 53.4509 30.7602 82.55 26.3059 60.5323 20.2195 68.7006 32.9893 32.8938 74.5453 80.6582 91.4464 61.3772 56.927 60.0 38.2099 72.8744 68.9801 70.0781 80.819 83.8153 65.8676 40.2492 41.3038 70.5762 83.2676 78.6448 27.2947 94.543 64.5271 47.4764 79.3788 76.4199 63.1981 35.3239 69.0507 35.6931 64.7611 43.2342 70.1452 64.6297 47.6903 15.6525 74.5265 23.1555 
47.6252 31.58 114.08 53.866 66.9412 81.1587 57.4615 99.2944 66.1198 42.5793 33.8173 58.8004 54.0812 89.0509 102.391 43.3434 71.0605 25.2982 23.4307 75.8266 64.7312 87.215 0.0 33.541 40.0495 16.2788 82.3269 49.3357 81.79 76.5641 7.28011 42.0447 17.4929 66.3444 51.6896 68.1175 58.4834 33.2415 56.9384 22.2036 91.0083 34.7851 56.2735 67.4643 68.2503 13.0384 13.3417 76.8175 24.7386 52.2398 88.509 15.8725 17.2971 14.3178 6.40312 38.1838 30.8058 72.5328 54.629 62.8172 8.544 46.3978 69.1192 25.1794 24.9275 72.9255 37.0164 67.8935 47.676 51.8255 46.4108 49.4545 42.3356 39.1602 10.0499 43.9318 34.2427 71.8669 25.5539 85.0509 
21.8403 18.3576 79.2591 26.0 34.6586 88.8144 28.6531 70.146 72.8011 9.05539 13.8924 69.4389 56.6127 75.6445 67.1193 33.45 60.0791 57.0351 51.788 46.6154 59.5239 52.6822 33.541 0.0 9.84886 45.2769 78.0981 16.6433 79.1404 47.2017 37.3363 48.2917 23.4307 33.5261 20.5183 35.0571 37.9543 59.4811 27.4591 11.4018 55.688 17.0 39.3633 34.9857 80.0408 31.0644 46.8722 79.4074 9.0 21.9545 88.4982 39.8121 29.1548 21.0238 37.0135 63.5689 13.3417 39.2173 49.9142 35.0 41.1096 67.6415 59.0818 58.0775 40.8727 70.3049 60.5666 80.7829 19.799 41.6695 62.1942 18.4391 56.3637 9.48683 23.5372 18.0278 6.08276 56.8535 21.9545 71.6445 
15.6205 20.0 69.4622 16.1555 25.1108 84.8257 18.868 60.2988 68.8852 9.43398 11.4018 66.2193 52.6328 66.0966 57.4282 29.4253 50.5312 61.4003 55.0 37.0135 55.6005 42.835 40.0495 9.84886 0.0 49.163 68.5502 10.0 75.3186 37.6431 44.7772 45.4863 32.5576 23.7697 11.6619 32.8938 28.4064 61.5552 17.8045 19.2094 46.1402 26.3059 29.8155 27.5136 76.6954 39.6989 53.3662 75.3828 15.8114 25.0 78.9503 43.0116 33.541 29.2062 44.3677 65.1962 23.0868 33.2415 45.8896 38.4187 47.1961 66.4831 49.534 63.1506 40.8661 67.1616 61.6346 77.6209 25.0799 37.6449 59.9416 9.43398 54.1202 1.0 30.4138 24.7386 5.83095 47.3057 31.7648 62.0966 
42.7219 29.2746 106.236 58.9556 62.9807 67.3647 63.0787 91.3612 53.0094 54.1479 38.6394 45.0999 42.72 81.0071 97.8106 35.4683 62.6259 12.3693 7.2111 79.6872 55.0091 79.3712 16.2788 45.2769 49.163 0.0 72.545 59.1354 70.6045 80.5775 20.5913 31.0161 33.6006 62.3838 59.8415 80.3057 50.6732 16.9706 62.8285 35.6433 83.1645 50.2316 48.4632 76.1183 53.9351 29.0689 14.0357 64.2806 36.3456 66.1857 78.7147 6.7082 16.1245 29.6261 10.0 21.9317 45.9386 82.3893 45.2769 77.8627 8.94427 30.8707 60.6053 15.2643 15.0 61.9839 21.095 53.3667 62.454 43.9318 32.249 57.7062 29.0172 48.1664 24.4137 58.8915 44.0114 64.0231 41.6175 77.0071 
58.1311 68.0503 45.2769 55.3999 57.4395 46.6905 48.6001 29.0689 38.4708 76.612 63.3157 44.2719 32.45 24.4536 43.7379 43.7173 23.5035 81.2808 72.114 42.0119 17.6433 29.1548 82.3269 78.0981 68.5502 72.545 0.0 69.498 21.9317 42.8019 87.8583 41.8822 89.9648 43.9332 64.7044 78.9977 40.999 69.681 50.4203 75.5205 44.3031 94.8467 41.2742 58.8569 49.366 95.2493 85.723 33.3766 73.1752 89.2998 11.4018 67.3385 72.0955 84.7363 75.9309 69.1409 91.4395 66.9037 27.8237 102.383 78.3795 60.5392 28.8088 85.9831 57.8744 20.0 64.8097 51.4782 92.2127 39.1155 50.774 64.2572 48.5338 68.6878 84.7363 92.6295 72.5754 26.492 91.2442 20.4536 
23.3238 30.0 65.0 15.5242 26.6977 93.1075 16.0 57.7062 77.175 9.43398 21.2132 74.5172 60.9226 67.0444 52.3259 37.7151 51.479 71.3442 65.0 31.7805 57.1875 40.3113 49.3357 16.6433 10.0 59.1354 69.498 0.0 76.9056 32.2025 53.7122 54.1202 40.0 23.3452 6.0 23.7065 29.9933 71.501 14.0357 27.7308 42.1448 29.5296 31.4024 18.3576 84.9852 47.7074 62.6524 81.2526 24.6982 20.6155 79.8981 53.0094 43.4166 37.5899 54.1873 74.9667 27.8029 23.3452 52.4544 33.1059 57.0157 75.8947 51.1209 72.9932 50.6369 68.7486 71.3863 85.9188 23.0 39.0109 68.942 5.38516 63.1585 11.0 39.5601 24.3311 15.2971 43.3103 37.5366 63.0444 
60.1069 70.0261 65.123 62.1683 64.2079 26.0192 64.6301 49.4975 23.4307 83.3804 65.2915 31.8277 27.8927 45.9857 65.2534 45.7056 45.0356 77.4726 68.7095 63.5864 19.9249 51.0 81.79 79.1404 75.3186 70.6045 21.9317 76.9056 0.0 64.3966 87.3214 39.8121 91.9406 57.6114 71.4728 98.2201 47.5744 64.0078 66.626 78.8462 65.8351 94.2299 47.2756 80.389 32.6497 94.7884 84.4038 13.6015 75.8534 97.37 17.1172 66.2873 71.7113 86.7121 75.3939 62.1289 89.4105 88.4357 29.2746 110.009 77.4661 51.225 31.1392 82.4621 56.8859 9.0 58.3095 34.8855 98.9811 41.4459 42.72 71.5257 42.9535 75.4562 86.7121 97.1682 73.709 47.1517 94.8306 41.9857 
38.0132 52.6972 32.8938 22.8035 31.5967 87.1569 19.105 28.4429 74.7262 41.5933 43.6005 76.9451 61.5391 40.4109 20.1246 47.0744 37.5766 92.4711 84.3713 1.0 50.5964 14.2127 76.5641 47.2017 37.6431 80.5775 42.8019 32.2025 64.3966 0.0 81.3374 62.1289 70.1783 18.9737 26.9258 40.6079 31.5753 87.5586 19.8494 56.5862 22.1803 61.7171 33.7343 20.0998 85.3756 77.0779 88.3986 74.5224 53.0377 49.8197 52.3259 74.0471 66.9572 66.468 77.7712 89.627 59.6825 26.5707 50.3849 59.0 80.5996 86.1452 39.0 95.8204 67.8882 60.7318 85.3288 87.0976 53.8516 40.1995 77.0065 28.8444 72.111 38.2884 66.9348 55.9732 43.1856 23.3452 69.0652 36.4109 
47.1704 33.9177 111.705 58.6393 65.2988 86.6901 62.2348 104.826 71.6512 46.1736 38.5906 64.3319 59.6126 94.5823 100.441 48.8748 76.5919 26.6271 27.2029 80.5999 70.2627 84.5477 7.28011 37.3363 44.7772 20.5913 87.8583 53.7122 87.3214 81.3374 0.0 47.5761 17.1172 64.6982 56.4358 70.859 64.0148 37.2022 61.7117 26.0 86.3282 35.2278 61.8049 72.0139 73.7631 9.84886 11.7047 82.3489 29.0689 54.037 94.0404 21.4039 22.8285 16.4924 12.1655 42.2019 32.0 76.5506 60.1605 63.5059 11.6619 51.4296 74.6506 25.0799 30.4589 78.4569 41.6773 73.3757 49.0102 57.3569 51.923 54.2033 47.867 43.909 14.4222 45.0444 38.9487 77.3983 24.7386 90.5823 
30.8707 39.1015 80.9568 45.6079 47.6079 42.0476 48.8541 65.3711 26.0 54.2033 34.8281 21.2603 12.0416 54.4166 74.3303 17.088 34.4093 39.4081 30.2324 61.131 24.4131 55.0818 42.0447 48.2917 45.4863 31.0161 41.8822 54.1202 39.8121 62.1289 47.5761 0.0 61.0161 44.0454 51.6403 77.8267 31.0644 28.6007 50.4567 47.9217 62.3517 63.5132 29.1548 66.3007 31.8904 55.0431 44.643 35.3553 44.9288 69.527 48.0208 26.4764 32.1803 55.7875 35.6487 29.0689 58.8163 74.2181 15.6205 82.8794 37.6563 24.0208 32.2025 44.1022 17.1172 31.0483 24.5967 32.5269 68.0152 22.0 15.2971 50.1598 10.0 44.6542 55.7875 66.2997 43.2782 39.8242 64.7273 50.4166 
37.9473 24.7437 101.514 48.0104 55.3735 101.548 51.225 92.0863 85.526 31.3847 29.1548 78.938 69.35 91.8591 89.8109 46.2502 74.7967 42.5441 40.8044 69.527 72.3241 74.4116 17.4929 23.4307 32.5576 33.6006 89.9648 40.0 91.9406 70.1783 17.1172 61.0161 0.0 54.7083 43.8634 54.5711 58.6692 50.4951 50.3289 13.8924 76.4029 18.1108 58.8464 58.2495 89.0367 8.24621 28.6356 92.2076 17.4929 37.2156 96.1469 33.0623 34.4868 6.08276 23.6008 55.4138 15.1327 61.7171 62.7144 46.3897 25.9422 63.5876 73.1069 41.7612 42.1172 83.1051 54.2062 85.0833 32.0156 54.4697 63.6005 41.7253 62.6373 31.8904 11.1803 28.0 27.0185 77.5685 8.06226 87.8591 
19.8195 34.8745 47.0307 8.0 13.4031 74.006 8.06226 37.3135 59.9344 31.0161 26.2526 60.7289 45.2217 48.3894 36.1248 28.2843 32.824 74.2775 66.1777 18.0278 37.8933 19.8497 66.3444 33.5261 23.7697 62.3838 43.9332 23.3452 57.6114 18.9737 64.6982 44.0454 54.7083 0.0 17.4642 42.2019 13.0 68.7046 10.2956 40.8167 21.6301 50.01 15.0333 24.4131 70.0071 60.803 70.5757 61.9739 37.2156 43.9318 54.2306 55.8534 49.1343 50.2195 59.9483 70.859 46.8402 33.0151 34.176 55.9732 62.7768 68.0074 31.8267 77.6268 49.0342 49.4544 66.6108 71.5122 46.1736 22.0907 59.2115 18.1108 54.037 24.0416 50.2956 47.0 28.2312 22.7957 55.1543 37.4796 
20.8806 30.5941 59.5063 9.84886 21.4222 87.832 10.0 51.788 73.2525 14.8661 21.2132 71.9781 57.8042 62.2507 47.0106 35.176 46.6853 72.1803 65.2763 26.4197 51.912 34.3657 51.6896 20.5183 11.6619 59.8415 64.7044 6.0 71.4728 26.9258 56.4358 51.6403 43.8634 17.4642 0.0 27.0185 24.7178 71.0282 8.06226 30.8058 36.1794 34.9285 26.1269 16.2788 82.8473 51.225 65.0063 75.9771 27.4591 26.4764 75.1045 53.4603 44.643 40.8044 55.5345 74.2428 32.7567 23.0868 47.1789 38.6264 58.3629 74.2159 45.6881 74.2159 50.04 63.4731 70.4557 83.3797 29.0 33.7354 66.7308 2.23607 61.0328 12.53 42.0595 30.2655 17.4929 37.3449 42.2019 58.2507 
47.0106 52.1728 71.1126 36.0694 48.0122 114.422 34.2053 69.0507 99.8425 26.1725 44.2719 98.2173 84.6227 88.998 58.0345 61.4152 73.4326 92.0869 86.7006 40.7922 78.5019 53.4509 68.1175 35.0571 32.8938 80.3057 78.9977 23.7065 98.2201 40.6079 70.859 77.8267 54.5711 42.2019 27.0185 0.0 51.3078 93.9415 32.0156 46.0109 56.6946 38.0789 52.7169 20.6155 108.685 62.8172 81.3019 102.567 44.0454 18.3576 89.2951 74.6726 64.195 54.4518 72.0069 97.8146 39.5601 15.1327 73.7689 20.2485 76.0066 99.368 72.4354 93.0054 73.7401 90.0631 94.5086 109.619 24.1868 60.3254 92.6121 28.0179 86.8159 33.8378 58.0775 28.178 36.8782 57.8602 49.0408 72.5441 
23.712 38.767 57.9412 15.2643 17.2956 63.2535 18.3848 48.6431 48.5489 36.4681 30.1451 48.4665 33.1059 38.5453 47.1532 15.5242 22.9799 62.1363 53.4013 30.5941 27.8029 30.7602 58.4834 37.9543 28.4064 50.6732 40.999 29.9933 47.5744 31.5753 64.0148 31.0644 58.6692 13.0 24.7178 51.3078 0.0 56.0446 20.1246 44.7775 32.5407 54.7028 2.23607 35.8469 58.1378 64.7049 62.7147 51.6236 41.1825 50.4578 51.3991 44.1427 53.0268 54.1919 52.0874 58.0517 51.2956 44.2832 22.4722 63.0971 54.5359 55.0091 21.9827 65.9161 36.4026 39.4174 53.7587 59.5063 52.0688 9.21954 46.2709 24.6135 41.0488 28.5439 54.1919 52.4857 32.4316 21.1098 59.3364 34.5453 
51.1566 41.7732 109.179 67.3647 70.7887 55.2268 71.4493 93.8136 43.0116 67.9117 50.3322 34.2053 37.6431 82.8679 101.855 40.5216 63.0079 15.0 10.0 86.5866 52.3259 82.55 33.2415 59.4811 61.5552 16.9706 69.681 71.501 64.0078 87.5586 37.2022 28.6007 50.4951 68.7046 71.0282 93.9415 56.0446 0.0 72.2496 50.4812 88.4919 67.1244 53.8516 87.0057 41.0488 46.0109 28.2312 55.0273 50.9215 80.9938 75.2861 20.1246 31.305 46.5189 26.9072 5.0 62.8314 94.0851 44.2041 93.1959 25.6125 16.0312 60.803 20.025 21.0 56.3028 6.08276 40.0 77.5435 48.1041 21.5407 69.0652 21.4009 60.5608 41.3065 74.5405 57.0701 67.2019 58.5102 78.8679 
21.095 34.0147 51.8845 5.09902 16.8489 83.006 2.23607 43.7379 68.6003 22.8035 24.5967 68.542 53.2259 57.404 39.6611 34.2415 41.8385 75.1959 67.4742 19.2094 46.9079 26.3059 56.9384 27.4591 17.8045 62.8285 50.4203 14.0357 66.626 19.8494 61.7117 50.4567 50.3289 10.2956 8.06226 32.0156 20.1246 72.2496 0.0 36.7696 28.1172 42.72 21.5536 15.8114 78.2624 57.28 69.817 70.9885 33.2415 34.2345 60.7177 56.3537 48.3322 46.6905 59.1896 75.0267 40.2492 24.1661 42.5441 45.8803 62.0181 73.689 40.8413 77.5223 51.3517 58.469 71.0 79.6241 37.0135 29.1548 65.7506 9.48683 60.1674 18.4391 47.3091 38.3275 23.3452 29.2828 49.3964 43.9667 
24.5153 13.0 87.6584 34.2053 41.4819 88.4536 37.5366 78.1946 72.4316 20.3961 15.5242 67.5779 56.2556 77.4148 76.0592 33.1557 60.3524 46.2709 42.3215 55.9017 59.2297 60.5323 22.2036 11.4018 19.2094 35.6433 75.5205 27.7308 78.8462 56.5862 26.0 47.9217 13.8924 40.8167 30.8058 46.0109 44.7775 50.4812 36.7696 0.0 62.5113 17.8045 44.4073 46.0652 77.6767 20.5183 35.5106 79.1132 3.60555 31.0483 83.0525 30.4915 19.5397 10.0 26.0768 54.8094 12.8062 50.5964 49.62 42.9535 30.0 59.2589 60.0125 47.0 32.49 70.0107 52.1279 77.6666 27.313 41.3753 56.3198 28.6007 51.2773 18.4391 12.1655 24.1868 13.4536 63.6768 16.0 73.4148 
41.4458 56.5008 47.4005 28.4642 35.0294 87.1603 26.2971 37.6833 74.6003 50.8121 47.8788 76.7647 61.3587 41.8494 36.6125 48.0 37.9258 94.6612 85.7329 21.198 50.5601 20.2195 91.0083 55.688 46.1402 83.1645 44.3031 42.1448 65.8351 22.1803 86.3282 62.3517 76.4029 21.6301 36.1794 56.6946 32.5407 88.4919 28.1172 62.5113 0.0 72.4366 34.7697 36.5539 85.2159 82.4386 95.2397 74.5258 58.9163 62.0392 54.6005 76.6677 70.7606 71.9256 84.6123 90.3095 69.0294 44.6006 50.2046 72.9839 87.0609 86.326 39.178 98.3363 68.7754 61.7416 85.9533 86.9276 65.0833 40.6142 77.0681 37.4764 72.2944 46.2777 71.9256 66.4437 50.1653 23.1655 77.0702 37.8494 
38.4708 30.5287 94.4299 42.2019 51.4072 104.045 44.2719 86.1644 88.0231 20.1246 29.8329 84.6605 71.8471 92.3931 81.8413 48.7473 76.8277 60.0833 57.4407 61.2699 74.6134 68.7006 34.7851 17.0 26.3059 50.2316 94.8467 29.5296 94.2299 61.7171 35.2278 63.5132 18.1108 50.01 34.9285 38.0789 54.7028 67.1244 42.72 17.8045 72.4366 0.0 56.1119 46.0977 95.002 26.0 46.6905 94.7047 19.2354 19.9249 105.247 49.6916 37.3198 20.6155 40.3113 72.0431 5.0 47.634 65.0037 28.2843 43.3244 77.1174 75.8304 59.6657 50.3486 85.3944 69.908 94.9919 14.3178 56.759 74.1784 33.2415 68.6025 26.1725 25.9422 10.198 23.0217 73.6021 11.1803 88.3931 
27.0179 36.9371 63.5978 16.7047 18.7047 62.3699 19.9249 48.9184 47.4342 37.8772 32.2025 47.0106 31.7648 38.8206 49.3822 13.3417 23.2552 59.9264 51.1914 32.7567 27.4591 32.9893 56.2735 39.3633 29.8155 48.4632 41.2742 31.4024 47.2756 33.7343 61.8049 29.1548 58.8464 15.0333 26.1269 52.7169 2.23607 53.8516 21.5536 44.4073 34.7697 56.1119 0.0 37.3363 56.8243 64.1361 60.5048 50.9902 42.062 51.8669 51.6743 41.9328 51.1969 53.6231 49.8774 55.9017 52.7047 45.7194 21.4009 64.5062 52.326 53.0377 22.2579 63.6015 34.1927 39.1152 51.6236 58.1378 53.4779 7.61577 44.4072 26.0225 39.1152 29.953 53.6231 53.8947 33.8406 21.3851 60.131 34.8206 
36.1248 46.8722 51.788 20.8806 32.632 98.2642 17.4642 48.5077 84.119 27.0185 37.4833 84.309 68.942 56.4033 38.6394 49.8365 52.4797 88.459 81.5059 20.2237 62.1515 32.8938 67.4643 34.9857 27.5136 76.1183 58.8569 18.3576 80.389 20.0998 72.0139 66.3007 58.2495 24.4131 16.2788 20.6155 35.8469 87.0057 15.8114 46.0652 36.5539 46.0977 37.3363 0.0 93.9415 66.0379 80.781 86.2321 42.9535 31.0161 69.1543 69.7209 60.8769 55.9464 71.7562 90.05 45.2769 8.60233 58.1378 39.0512 74.5847 89.2693 53.7319 90.471 66.0076 73.7126 86.1452 95.3415 35.7771 44.9444 81.4095 18.4391 75.7623 28.4605 57.7754 38.5876 33.2415 37.7194 55.2268 52.4033 
61.6865 70.8507 94.6414 73.4251 75.4251 14.3178 76.4853 78.4092 11.0 85.703 66.4831 10.6301 25.0599 70.0762 92.0217 47.634 49.164 56.0357 49.163 84.4038 35.2278 74.5453 68.2503 80.0408 76.6954 53.9351 49.366 84.9852 32.6497 85.3756 73.7631 31.8904 89.0367 70.0071 82.8473 108.685 58.1378 41.0488 78.2624 77.6767 85.2159 95.002 56.8243 93.9415 0.0 81.2487 67.6018 19.4165 76.678 101.178 49.0408 52.4976 60.8392 83.8082 61.8543 37.3363 90.1187 102.416 35.8469 114.586 62.5859 25.1794 47.2652 61.0737 45.1885 29.6142 35.0143 2.23607 99.7644 49.2443 21.8403 80.9656 26.4008 75.9276 83.8082 98.0489 74.9667 62.0967 92.7479 66.0762 
43.2809 30.0282 107.801 54.5619 61.4092 94.1571 58.0 98.122 79.1182 39.3573 34.7011 71.7988 67.0796 97.1436 96.4261 51.5346 80.0812 36.3593 36.0694 76.3806 77.6086 80.6582 13.0384 31.0644 39.6989 29.0689 95.2493 47.7074 94.7884 77.0779 9.84886 55.0431 8.24621 60.803 51.225 62.8172 64.7049 46.0109 57.28 20.5183 82.4386 26.0 64.1361 66.0379 81.2487 0.0 21.5407 89.8159 24.0416 45.3982 101.431 28.8709 30.2955 10.6301 19.4165 50.9902 23.3452 69.7782 67.9989 54.1479 20.5183 59.3962 78.3914 34.9285 37.9259 85.9239 50.0 80.8919 40.1123 59.7542 59.4092 49.0408 55.334 38.9487 12.3693 36.0555 33.9706 83.6042 15.1327 93.1436 
51.8566 35.8113 118.311 65.7377 71.1726 81.2219 69.7451 102.943 67.0298 55.9017 45.2831 59.0339 56.5155 92.6991 106.623 46.9916 74.7087 15.5563 18.6815 87.5665 68.1542 91.4464 13.3417 46.8722 53.3662 14.0357 85.723 62.6524 84.4038 88.3986 11.7047 44.643 28.6356 70.5757 65.0063 81.3019 62.7147 28.2312 69.817 35.5106 95.2397 46.6905 60.5048 80.781 67.6018 21.5407 0.0 78.3135 38.0789 65.0308 91.9051 18.3848 21.5284 27.0 12.0416 33.1059 43.1856 85.8662 58.1808 74.9667 7.81025 43.6807 72.7674 13.4164 27.8568 75.6902 33.5261 66.9104 60.208 55.4737 46.0977 62.7712 43.0465 52.4769 23.3452 56.3205 47.5594 76.0983 36.4005 88.6991 
60.3738 70.293 78.0 66.5282 68.5549 13.3417 68.9926 62.0725 12.083 84.4408 65.5585 21.0238 23.7697 56.2217 77.1038 46.0652 37.6365 69.3758 61.1882 73.5808 24.2074 61.3772 76.8175 79.4074 75.3828 64.2806 33.3766 81.2526 13.6015 74.5224 82.3489 35.3553 92.2076 61.9739 75.9771 102.567 51.6236 55.0273 70.9885 79.1132 74.5258 94.7047 50.9902 86.2321 19.4165 89.8159 78.3135 0.0 76.1203 99.9951 30.5941 61.0 67.4031 86.979 70.4215 52.3927 90.0078 94.8093 30.2324 113.441 72.0278 40.7063 35.7664 74.4648 52.0865 13.9284 49.0408 21.6333 98.967 44.2041 33.5261 75.8727 35.3553 74.6161 86.979 97.4351 73.9759 51.7789 95.9188 52.2217 
21.2132 11.4018 84.0536 30.6105 37.8869 85.4608 33.9706 74.5996 69.4388 18.0278 12.1655 66.0761 53.2628 75.0695 72.4707 30.1629 58.0071 48.0416 42.9535 52.345 56.2369 56.927 24.7386 9.0 15.8114 36.3456 73.1752 24.6982 75.8534 53.0377 29.0689 44.9288 17.4929 37.2156 27.4591 44.0454 41.1825 50.9215 33.2415 3.60555 58.9163 19.2354 42.062 42.9535 76.678 24.0416 38.0789 76.1203 0.0 30.0832 79.3573 31.0483 20.2237 13.4536 28.0179 55.1543 14.3178 47.8017 46.6272 42.5441 32.1403 59.419 56.3173 49.0918 32.6501 67.0179 52.3259 77.4201 26.9258 37.68 56.4799 25.2389 51.4374 15.0 14.8661 24.2074 10.0 60.0818 19.105 71.0695 
40.6079 40.3113 82.4621 36.1386 47.1622 109.438 36.3456 77.1038 93.4976 15.6205 34.7131 90.6091 77.2452 88.148 69.3758 54.0377 72.5826 77.1038 72.8639 49.6488 77.6519 60.0 52.2398 21.9545 25.0 66.1857 89.2998 20.6155 97.37 49.8197 54.037 69.527 37.2156 43.9318 26.4764 18.3576 50.4578 80.9938 34.2345 31.0483 62.0392 19.9249 51.8669 31.0161 101.178 45.3982 65.0308 99.9951 30.0832 0.0 99.6999 61.0328 50.0821 38.0526 56.8859 85.235 22.0907 30.0 70.502 13.4536 60.531 89.4218 71.5854 77.4145 62.6529 89.213 82.3468 101.98 5.83095 62.2573 83.4361 25.9615 77.6055 25.6125 42.4264 9.84886 26.2488 63.2047 31.0483 82.8462 
64.3132 74.2324 48.3735 65.8 67.8396 43.1045 58.8975 33.2415 38.9102 87.0121 69.4978 46.3249 37.6431 34.8537 49.7695 49.8994 33.9036 87.367 78.2304 51.6236 23.7065 38.2099 88.509 88.4982 78.9503 78.7147 11.4018 79.8981 17.1172 52.3259 94.0404 48.0208 96.1469 54.2306 75.1045 89.2951 51.3991 75.2861 60.7177 83.0525 54.6005 105.247 51.6743 69.1543 49.0408 101.431 91.9051 30.5941 79.3573 99.6999 0.0 73.5206 78.2777 90.9184 82.113 74.2765 101.84 77.201 34.0058 112.783 84.5101 64.5368 34.9909 92.1141 64.0565 20.2485 70.0928 51.264 102.613 45.2976 55.1725 74.6573 53.9073 79.0879 90.9184 103.03 82.9755 36.8921 99.0369 30.8537 
36.1915 23.0217 99.7391 52.4252 56.4503 65.307 56.5483 84.9537 50.2494 48.5077 32.249 42.9535 38.4708 74.7024 91.2802 29.0 56.6127 18.9737 12.0416 73.1568 49.7695 72.8744 15.8725 39.8121 43.0116 6.7082 67.3385 53.0094 66.2873 74.0471 21.4039 26.4764 33.0623 55.8534 53.4603 74.6726 44.1427 20.1246 56.3537 30.4915 76.6677 49.6916 41.9328 69.7209 52.4976 28.8709 18.3848 61.0 31.0483 61.0328 73.5206 0.0 11.1803 29.0861 9.47647 24.6982 43.2782 76.1643 39.8121 73.2062 11.1803 31.4006 54.6443 21.9545 9.48683 57.4891 22.6716 52.2015 57.5538 37.4833 30.6757 51.3517 26.4764 42.0119 23.8736 54.5508 38.0526 57.5263 41.0774 70.7024 
30.4152 14.3178 96.1611 44.2963 49.7312 72.865 48.3011 86.4439 57.2781 38.0526 23.7697 50.7404 44.1955 78.8195 85.1812 33.1121 60.8291 28.0179 22.8035 66.1251 54.5047 68.9801 17.2971 29.1548 33.541 16.1245 72.0955 43.4166 71.7113 66.9572 22.8285 32.1803 34.4868 49.1343 44.643 64.195 53.0268 31.305 48.3322 19.5397 70.7606 37.3198 51.1969 60.8769 60.8392 30.2955 21.5284 67.4031 20.2237 50.0821 78.2777 11.1803 0.0 30.5106 10.901 35.8469 32.3264 66.7533 44.4219 62.2545 13.7295 41.7253 58.8878 29.6142 15.6525 62.804 33.6006 60.8276 46.602 41.5942 39.4462 42.45 34.4397 32.5576 25.2982 43.599 28.1603 71.9261 42.502 74.8195 
32.7678 19.5152 97.2008 43.9318 50.8962 96.3195 47.3814 87.5419 80.2975 29.7321 24.1868 73.7094 64.1215 86.6306 85.7963 41.0216 69.5682 39.5601 36.8352 65.7647 67.0956 70.0781 14.3178 21.0238 29.2062 29.6261 84.7363 37.5899 86.7121 66.468 16.4924 55.7875 6.08276 50.2195 40.8044 54.4518 54.1919 46.5189 46.6905 10.0 71.9256 20.6155 53.6231 55.9464 83.8082 10.6301 27.0 86.979 13.4536 38.0526 90.9184 29.0861 30.5106 0.0 19.6977 51.4376 16.4924 60.1664 57.4859 48.5077 22.8035 59.6114 67.8784 39.4588 38.6215 77.8766 50.23 83.7981 33.3766 49.2412 62.4513 38.6005 57.4088 28.4253 5.65685 29.6142 23.4307 73.0911 12.8062 82.6306 
41.2292 25.1839 107.684 55.1103 60.5452 74.7627 59.1177 92.8983 59.7237 46.0435 34.6558 52.4044 47.6852 82.6549 95.9952 36.9474 64.6645 20.2237 17.2047 76.9391 58.3352 80.819 6.40312 37.0135 44.3677 10.0 75.9309 54.1873 75.3939 77.7712 12.1655 35.6487 23.6008 59.9483 55.5345 72.0069 52.0874 26.9072 59.1896 26.0768 84.6123 40.3113 49.8774 71.7562 61.8543 19.4165 12.0416 70.4215 28.0179 56.8859 82.113 9.47647 10.901 19.6977 0.0 31.8277 36.0555 77.5325 48.233 68.0074 4.47214 40.0018 62.7231 21.095 18.5315 66.5295 30.6204 61.4975 52.6308 45.4295 40.0147 53.3372 35.9396 43.3904 14.5602 49.0408 38.8975 65.4709 31.6228 78.6549 
54.0 45.642 110.023 70.0643 73.2722 51.6236 74.108 94.4252 40.3113 71.846 53.7982 31.3847 36.7967 83.4707 103.121 42.5793 63.2851 19.2354 15.0 88.6454 51.8556 83.8153 38.1838 63.5689 65.1962 21.9317 69.1409 74.9667 62.1289 89.627 42.2019 29.0689 55.4138 70.859 74.2428 97.8146 58.0517 5.0 75.0267 54.8094 90.3095 72.0431 55.9017 90.05 37.3363 50.9902 33.1059 52.3927 55.1543 85.235 74.2765 24.6982 35.8469 51.4376 31.8277 0.0 67.5962 97.3293 44.4185 97.5242 30.6105 12.1655 61.0574 24.0832 24.3311 54.8179 4.47214 36.1248 81.8717 49.7293 19.4165 72.3395 20.6155 64.2374 46.2252 78.8687 60.9372 68.4683 63.429 79.4707 
34.1321 25.5539 92.1303 39.2173 48.0 99.3482 41.6293 83.3314 83.3262 18.4391 25.318 79.9635 67.1502 88.9859 79.7559 44.0503 73.4204 56.0446 53.1477 59.1692 69.794 65.8676 30.8058 13.3417 23.0868 45.9386 91.4395 27.8029 89.4105 59.6825 32.0 58.8163 15.1327 46.8402 32.7567 39.5601 51.2956 62.8314 40.2492 12.8062 69.0294 5.0 52.7047 45.2769 90.1187 23.3452 43.1856 90.0078 14.3178 22.0907 101.84 43.2782 32.3264 16.4924 36.0555 67.5962 0.0 47.7074 60.5146 32.0156 39.2938 72.1241 70.5768 55.9017 45.3552 80.575 64.9147 90.1086 17.0294 51.9396 68.7618 30.8869 63.7193 22.8035 21.5407 13.1529 19.105 70.1949 10.0 84.9859 
43.7379 53.1507 56.0357 29.1548 41.0147 106.841 25.9422 54.8179 92.6607 30.4631 44.0114 92.7088 77.3886 64.45 43.0 57.7539 60.5264 94.6414 88.0909 26.9258 70.7286 40.2492 72.5328 39.2173 33.2415 82.3893 66.9037 23.3452 88.4357 26.5707 76.5506 74.2181 61.7171 33.0151 23.0868 15.1327 44.2832 94.0851 24.1661 50.5964 44.6006 47.634 45.7194 8.60233 102.416 69.7782 85.8662 94.8093 47.8017 30.0 77.201 76.1643 66.7533 60.1664 77.5325 97.3293 47.7074 0.0 66.6483 35.171 80.361 97.0824 61.7786 96.3379 73.1095 82.2897 93.5361 103.788 35.4683 53.3279 89.3268 25.02 83.6797 34.2345 62.6418 38.8973 38.6394 45.7661 57.6888 60.45 
30.8807 40.7999 65.9242 37.7359 39.7567 41.0366 40.7063 50.1857 26.0768 54.9476 36.0653 26.6833 11.1803 39.2312 60.208 16.4924 18.868 54.6717 45.4533 49.4026 10.198 41.3038 54.629 49.9142 45.8896 45.2769 27.8237 52.4544 29.2746 50.3849 60.1605 15.6205 62.7144 34.176 47.1789 73.7689 22.4722 44.2041 42.5441 49.62 50.2046 65.0037 21.4009 58.1378 35.8469 67.9989 58.1808 30.2324 46.6272 70.502 34.0058 39.8121 44.4219 57.4859 48.233 44.4185 60.5146 66.6483 0.0 83.9473 50.6952 37.6431 16.6433 59.203 30.4138 20.3961 39.9625 37.3363 69.4739 14.1421 27.8927 47.0745 24.1661 45.1229 57.4859 67.942 44.4828 27.074 65.6044 35.2312 
54.037 53.2541 90.6697 48.4665 59.8015 122.883 48.0833 87.1436 106.943 29.0689 48.1041 104.005 90.6905 99.9289 77.5242 67.4831 84.3635 88.0568 85.0718 59.0085 90.2913 70.5762 62.8172 35.0 38.4187 77.8627 102.383 33.1059 110.009 59.0 63.5059 82.8794 46.3897 55.9732 38.6264 20.2485 63.0971 93.1959 45.8803 42.9535 72.9839 28.2843 64.5062 39.0512 114.586 54.1479 74.9667 113.441 42.5441 13.4536 112.783 73.2062 62.2545 48.5077 68.0074 97.5242 32.0156 35.171 83.9473 0.0 71.3092 101.952 84.2247 87.8635 75.1828 101.852 94.8262 115.365 15.6525 75.7026 96.7832 38.4838 90.9527 39.0512 53.4509 18.9737 39.6232 74.1494 39.0512 95.9289 
