NAME  : Jabali_80_2_0.95_1_2
TYPE : SVRP
MODEL : FINITE_SUPPORT
NUMBER_OF_SCENARIOS : 200
DIMENSION : 80
EDGE_WEIGHT_TYPE : MATRIX
CAPACITY : 199
N_VEHICLES : 2
NODE_COORD_SECTION
1 4659 2106
2 5570 5968
3 5295 3046
4 708 3140
5 7837 1290
6 8514 582
7 8186 6211
8 3095 7180
9 7168 5509
10 3034 2567
11 4573 4434
12 7658 18
13 1243 3275
14 5341 2105
15 7296 2306
16 7083 2082
17 5957 3206
18 2482 2642
19 2938 6152
20 3035 6253
21 6817 4573
22 5782 4440
23 4155 7465
24 6118 3926
25 6669 5466
26 2026 3001
27 6785 3917
28 2883 3654
29 3697 2852
30 1737 2624
31 5738 1586
32 8382 849
33 6623 3577
34 859 2673
35 3984 6029
36 7553 2660
37 8314 440
38 3659 5300
39 2520 3405
40 2387 6260
41 4269 3808
42 6206 1518
43 4392 6167
44 7289 401
45 6338 4171
46 7195 721
47 3260 7311
48 5493 5926
49 1823 5477
50 3660 2693
51 2497 4665
52 6098 3207
53 4283 2753
54 4976 1959
55 5286 3900
56 2173 3928
57 8337 373
58 7328 3386
59 7636 2212
60 3004 2631
61 7058 6209
62 7338 6044
63 27 2842
64 6662 5606
65 7669 4159
66 1426 4973
67 7312 1472
68 7459 3026
69 6506 2905
70 1122 2348
71 5185 5194
72 2526 3741
73 1998 5250
74 7728 894
75 3502 3735
76 2722 4643
77 8766 562
78 6902 1174
79 2822 2272
80 7422 198
DEMAND_SECTION
1 0.0
2 2.0
3 3.0
4 6.0
5 5.0
6 2.0
7 10.0
8 5.0
9 8.0
10 10.0
11 8.0
12 1.0
13 5.0
14 3.0
15 4.0
16 4.0
17 9.0
18 3.0
19 4.0
20 2.0
21 9.0
22 8.0
23 1.0
24 3.0
25 6.0
26 9.0
27 2.0
28 10.0
29 6.0
30 3.0
31 6.0
32 1.0
33 2.0
34 6.0
35 2.0
36 2.0
37 2.0
38 7.0
39 3.0
40 2.0
41 1.0
42 10.0
43 3.0
44 5.0
45 9.0
46 4.0
47 5.0
48 7.0
49 1.0
50 1.0
51 2.0
52 4.0
53 1.0
54 1.0
55 6.0
56 8.0
57 9.0
58 8.0
59 4.0
60 8.0
61 7.0
62 8.0
63 8.0
64 1.0
65 5.0
66 4.0
67 3.0
68 2.0
69 6.0
70 3.0
71 5.0
72 2.0
73 7.0
74 8.0
75 1.0
76 3.0
77 6.0
78 8.0
79 9.0
80 2.0
DEVIATION_SECTION
1 0.0
2 0.666667
3 1.0
4 2.0
5 1.66667
6 0.666667
7 3.33333
8 1.66667
9 2.66667
10 3.33333
11 2.66667
12 0.333333
13 1.66667
14 1.0
15 1.33333
16 1.33333
17 3.0
18 1.0
19 1.33333
20 0.666667
21 3.0
22 2.66667
23 0.333333
24 1.0
25 2.0
26 3.0
27 0.666667
28 3.33333
29 2.0
30 1.0
31 2.0
32 0.333333
33 0.666667
34 2.0
35 0.666667
36 0.666667
37 0.666667
38 2.33333
39 1.0
40 0.666667
41 0.333333
42 3.33333
43 1.0
44 1.66667
45 3.0
46 1.33333
47 1.66667
48 2.33333
49 0.333333
50 0.333333
51 0.666667
52 1.33333
53 0.333333
54 0.333333
55 2.0
56 2.66667
57 3.0
58 2.66667
59 1.33333
60 2.66667
61 2.33333
62 2.66667
63 2.66667
64 0.333333
65 1.66667
66 1.33333
67 1.0
68 0.666667
69 2.0
70 1.0
71 1.66667
72 0.666667
73 2.33333
74 2.66667
75 0.333333
76 1.0
77 2.0
78 2.66667
79 3.0
80 0.666667
DISTANCE_MATRIX
0.0 63.8223 30.2955 59.1658 46.0518 59.1411 84.1627 61.5873 70.0739 30.9577 24.8395 54.6456 55.4274 8.06226 33.1361 31.5753 30.6108 35.7356 49.6588 50.0899 56.3602 49.5656 63.6396 37.2166 65.2778 45.2327 36.9304 29.7353 21.8561 46.365 16.6433 55.8653 32.5017 56.2415 44.6878 35.0571 58.768 35.8469 51.5499 53.7587 37.4046 30.4906 46.6905 48.3735 48.8513 44.0155 62.6817 49.6588 50.1597 21.1915 37.0 25.7374 19.7825 4.47214 25.9615 54.6093 58.768 35.4217 37.2156 30.9577 74.9848 75.9033 68.181 65.9179 45.7766 51.1566 39.7438 34.7135 36.9561 54.4312 39.3573 50.935 47.0956 46.9915 21.2132 35.0143 61.6945 36.2077 35.4868 51.1846 
63.8223 0.0 45.2769 55.109 84.3445 96.0469 32.0 107.043 21.0238 45.4821 77.4223 88.0227 47.0744 57.4367 58.5235 60.7289 89.513 52.2239 93.3172 94.086 26.6271 22.2036 113.018 96.1188 15.8114 43.382 34.0147 59.4185 44.6542 50.5668 61.4161 93.3916 37.0 59.7746 93.6483 54.626 94.6414 82.6801 36.0555 94.5009 26.4197 68.9744 97.0842 81.9329 28.4605 78.7464 108.622 103.813 85.4461 46.0435 72.7057 39.3192 46.1825 60.4198 82.4068 31.9531 94.6414 44.7214 60.9262 45.4821 18.0 21.095 63.3877 15.2643 38.2884 80.7965 78.19 49.6588 95.8584 65.0 93.3867 33.121 82.4237 84.4038 59.6406 71.8813 98.9545 72.2772 54.3873 84.5044 
30.2955 45.2769 0.0 72.7588 50.4934 63.0914 54.6624 76.889 39.9423 45.552 43.8954 58.258 65.6047 21.9547 30.8058 31.1448 55.7061 35.2818 64.0703 64.6375 26.8599 23.0911 80.8087 62.3119 37.5159 56.2543 20.2357 36.3456 20.0 61.2602 25.934 60.0378 17.1176 72.6557 61.4165 29.9666 62.2656 51.2225 47.2269 67.1193 30.4563 34.9777 64.3747 51.8556 19.351 47.8017 78.1933 70.2859 61.0328 21.0238 47.4342 10.198 12.3693 24.9378 49.5014 51.2573 62.2656 25.1794 34.6699 45.552 47.6818 47.0685 82.5579 38.4663 31.1913 60.0167 44.2308 27.2029 62.0515 56.5182 59.8599 47.6739 57.8705 51.4782 31.3847 45.8803 65.8149 40.2244 46.6984 54.6717 
59.1658 55.109 72.7588 0.0 104.497 117.586 86.7006 74.8131 73.0274 29.0689 65.0 113.091 8.06226 75.9089 86.576 86.2018 83.006 23.4307 62.1289 63.1269 69.8713 58.0517 86.093 86.764 67.0298 17.0 70.8802 33.6155 38.9487 12.8062 75.6212 114.311 70.3128 7.61577 70.3491 86.5069 117.213 59.8415 25.632 58.8558 42.72 88.9361 75.5381 106.057 65.0 101.905 76.7919 88.295 45.8912 38.8973 41.1947 66.8657 47.0398 78.892 74.2428 24.0 117.213 79.6618 90.625 29.0689 72.8354 75.5381 9.84886 67.0671 81.0247 38.3275 98.1892 82.9388 89.8888 15.2315 79.404 25.4951 44.4072 105.437 42.9418 42.4264 120.14 94.2474 26.6853 108.883 
46.0518 84.3445 50.4934 104.497 0.0 13.4536 84.7231 80.025 74.108 75.5992 45.607 17.0294 100.376 38.529 28.4429 25.1794 26.0192 82.2685 73.6817 73.5527 61.0 62.1691 74.3303 31.5753 74.027 90.1812 52.0096 71.3131 66.1971 92.2203 29.9479 10.0 48.0937 103.299 62.0322 33.7343 13.6015 60.4152 90.1236 80.2309 69.7177 22.7567 60.075 14.3178 56.3205 12.0416 80.0999 50.9608 82.5845 66.7337 72.5787 45.1221 57.6743 43.519 35.5106 92.0053 13.6015 43.2897 28.4605 75.5992 83.0542 81.2219 114.076 75.0267 54.9181 86.7521 7.2111 38.4708 21.3776 96.7687 46.1736 90.5706 80.1603 5.09902 61.5324 70.3503 15.8114 13.3417 78.4832 15.5242 
59.1411 96.0469 63.0914 117.586 13.4536 0.0 93.3435 89.3588 84.1487 88.6885 57.3847 13.6015 113.465 51.6183 38.2099 35.5106 36.6879 95.3578 84.4038 84.1724 71.5681 74.0405 82.0975 40.1995 84.7172 103.27 62.8013 84.4024 79.2864 105.31 42.5006 3.60555 59.2284 116.388 72.0069 43.0465 2.82843 71.7844 103.213 91.214 82.3157 35.846 69.3542 16.4924 67.6831 18.0 89.202 58.1378 94.541 79.823 84.6677 57.2451 70.7636 56.6083 46.8188 104.558 2.82843 53.1507 37.0 88.6885 93.1933 91.0494 127.165 85.7088 64.0078 98.841 20.6155 48.0937 30.5941 109.858 55.3263 103.123 92.1954 11.7047 74.6217 82.4393 3.0 23.7697 91.5725 15.2315 
84.1627 32.0 54.6624 86.7006 84.7231 93.3435 0.0 129.774 15.8114 70.6902 97.7627 82.0 78.6384 65.5166 56.2939 59.6657 99.268 76.9957 116.283 116.986 27.8029 36.4005 134.676 106.757 21.0238 73.4983 35.8469 84.22 67.9559 80.7775 68.4251 91.6624 40.3113 90.802 115.284 50.9902 91.1976 104.429 65.146 118.246 50.5371 72.4532 118.242 77.1038 35.4683 75.4255 131.26 118.68 110.277 69.3397 97.0979 47.4342 68.2456 68.4997 94.6667 62.9682 91.1976 41.7612 56.5685 70.6902 14.0 11.1803 95.2575 20.6155 29.8329 107.331 79.8569 46.3249 105.613 95.3362 108.537 63.0635 107.187 82.8734 82.3505 95.9635 96.3328 71.3863 69.3504 79.0253 
61.5873 107.043 76.889 74.8131 80.025 89.3588 129.774 0.0 113.962 64.1405 38.6264 97.0464 77.3692 68.0 90.5303 87.3408 54.0833 61.7414 13.8924 13.0384 102.954 93.454 13.8924 49.163 109.166 70.9366 96.3295 49.2443 62.482 66.7608 85.5542 86.209 93.2638 67.4759 18.4391 93.9337 91.1976 25.807 77.2909 16.0312 80.9197 71.1688 20.025 93.3435 95.4448 89.56 2.0 33.2415 29.0689 61.0737 36.2491 84.8727 65.7951 66.0379 45.7056 82.4711 91.1976 96.1769 93.6474 64.1405 118.873 119.792 78.0256 109.806 106.539 37.0135 76.4199 94.8472 59.0339 60.208 34.0588 79.889 30.4138 85.0529 47.5079 36.2353 89.6772 84.349 68.4763 95.1893 
70.0739 21.0238 39.9423 73.0274 74.108 84.1487 15.8114 113.962 0.0 55.1543 83.6739 74.1485 65.0077 51.5249 46.0109 49.0102 85.2763 61.4659 100.472 101.174 13.6015 20.6155 120.587 92.7654 6.0 58.8558 22.561 68.4763 52.1536 66.0984 55.0273 82.0244 26.9258 76.531 101.195 41.1096 82.2982 89.0515 50.2195 102.434 34.9285 60.2597 104.153 68.593 20.5913 66.1891 115.449 104.688 94.5145 53.535 81.3019 33.1059 52.4342 54.508 80.675 49.0408 82.2982 31.0161 47.2652 55.1543 9.05539 7.28011 82.0244 6.08276 20.8806 91.7061 68.6062 36.0555 91.6216 80.604 93.7915 48.5077 91.4166 73.0068 66.5391 80.1561 87.1436 61.0082 53.8207 70.859 
30.9577 45.4821 45.552 29.0689 75.5992 88.6885 70.6902 64.1405 55.1543 0.0 41.1096 84.193 24.948 47.0109 57.6996 57.3062 56.0803 7.07107 50.2494 51.1077 47.676 35.9026 71.8679 61.131 49.6667 14.7533 46.0109 15.0 9.89949 16.6433 47.4132 85.4127 44.2832 27.7308 53.1601 57.6883 88.3155 41.7612 21.0705 50.448 20.2485 60.0381 57.4891 77.1586 41.1096 73.5629 65.8635 67.0298 40.4599 10.0 28.4253 39.6589 18.0278 49.994 48.5077 26.2506 88.3155 52.989 61.7486 0.0 58.513 60.0083 38.6005 50.1139 57.0088 36.7151 69.2912 55.3926 62.6607 28.4429 57.0088 23.6686 37.5366 76.5389 19.105 28.0179 91.2419 65.7551 5.0 79.9853 
24.8395 77.4223 43.8954 65.0 45.607 57.3847 97.7627 38.6264 83.6739 41.1096 0.0 62.0176 63.3246 30.0 52.0897 48.9001 21.095 43.1741 29.0689 29.1548 67.9798 63.1656 38.9487 22.2036 78.8778 53.3674 59.6465 31.3847 34.2345 52.811 47.1135 53.8516 55.2178 59.9416 20.5913 55.5406 58.5235 15.0333 59.6846 35.0571 50.9034 32.7567 21.9317 57.3192 61.0999 53.1507 39.3954 26.4764 37.1618 33.1361 28.3196 48.4535 33.3824 29.0 10.8167 64.8648 58.5235 57.9828 55.2067 41.1096 88.5847 89.5032 72.4707 79.5179 68.4927 41.8808 40.551 56.4554 28.0179 55.4707 16.1245 62.2827 34.8855 50.2209 22.561 26.1725 58.6003 47.0106 46.0977 59.6337 
54.6456 88.0227 58.258 113.091 17.0294 13.6015 82.0 97.0464 74.1485 84.193 62.0176 0.0 108.324 47.1228 29.5466 27.7849 43.0 90.8623 90.4489 90.3549 62.3618 66.6408 91.2414 48.5077 75.4321 98.1289 54.0833 83.8808 74.7909 100.814 38.5418 14.2127 51.0784 111.893 79.0063 33.5261 10.8167 76.9415 98.0714 96.8762 75.2526 34.1321 77.1038 6.40312 59.6154 10.6301 97.1288 67.6831 98.5589 75.3275 87.3155 50.774 65.622 52.1128 52.2398 96.0535 10.8167 43.6807 27.2029 84.193 83.1865 80.7527 122.67 76.4003 53.4603 101.843 21.587 38.6005 38.3275 109.039 63.1981 97.7925 95.9158 12.0 74.1001 85.0941 16.1245 18.4391 86.4309 3.60555 
55.4274 47.0744 65.6047 8.06226 100.376 113.465 78.6384 77.3692 65.0077 24.948 63.3246 108.324 0.0 71.7877 81.3888 82.0805 80.0597 20.2485 64.1327 65.1153 62.1691 50.448 87.8237 84.5044 59.0085 11.4018 63.5689 32.3883 34.8361 11.0 75.767 110.189 63.1585 13.6015 71.007 79.3528 112.106 60.0333 18.868 61.6847 35.4683 84.8148 76.0066 101.935 57.5674 97.7842 79.3095 87.8237 49.0408 34.8361 42.19 59.7116 42.9185 74.7708 71.8679 16.0312 112.106 72.5076 84.8336 24.948 64.7765 67.4759 17.2627 59.0339 73.4983 42.0476 94.068 75.7421 86.7885 20.5183 78.4474 18.0278 47.1275 101.316 40.8044 43.0465 116.019 90.1262 22.564 104.762 
8.06226 57.4367 21.9547 75.9089 38.529 51.6183 65.5166 68.0 51.5249 47.0109 30.0 47.1228 71.7877 0.0 25.0799 23.5372 33.8664 53.6802 56.648 57.0088 38.0289 35.2509 68.884 40.4721 49.5472 61.5929 29.6956 37.7127 37.6088 63.632 10.0 48.3425 25.2669 74.7106 50.4777 27.1662 50.2588 42.5441 61.5354 61.131 42.6161 22.9679 51.8556 40.8508 31.1491 36.4928 68.9638 53.2782 58.0775 38.1455 45.0111 18.5026 29.0861 5.0 29.265 63.4171 50.2588 28.178 29.1548 47.0109 59.6084 58.7574 85.4877 50.5122 38.5418 59.2115 32.221 27.2029 40.2117 62.4087 43.1353 61.9824 55.0364 39.4687 29.2746 43.0 54.1718 28.6849 49.8949 43.6618 
33.1361 58.5235 30.8058 86.576 28.4429 38.2099 56.2939 90.5303 46.0109 57.6996 52.0897 29.5466 81.3888 25.0799 0.0 3.60555 44.8077 64.4748 80.0778 80.3362 33.3766 37.1214 88.6294 52.2968 46.5296 72.26 24.7386 62.5397 48.4665 74.2998 19.9249 36.0139 21.5407 85.4293 72.1738 5.38516 36.4966 65.7764 63.011 85.1587 46.2404 19.363 72.1316 23.4094 30.0832 20.3961 91.1473 68.8493 83.006 49.0408 70.0643 21.9317 39.9249 29.4279 45.6881 67.0414 36.4966 15.0 4.12311 57.6996 55.0364 53.0094 96.1548 47.5184 26.4764 84.2912 23.7767 10.0499 43.174 85.44 60.2083 63.458 80.0 27.0 54.3323 68.0294 41.1947 15.1327 60.562 26.0 
31.5753 60.7289 31.1448 86.2018 25.1794 35.5106 59.6657 87.3408 49.0102 57.3062 48.9001 27.7849 82.0805 23.5372 3.60555 0.0 41.5529 63.9755 77.7458 77.915 36.1248 39.0 85.4225 49.0421 49.2544 71.8858 27.2947 61.2485 47.9041 73.9256 17.2627 33.1361 23.7697 85.0 68.9843 8.94427 33.9559 63.4492 71.8283 82.739 47.4777 16.1734 68.942 21.4709 32.28 18.0278 87.9578 65.5946 81.0247 48.4408 68.2642 23.0217 39.3814 28.1603 42.4853 68.2787 33.9559 18.1108 6.32456 57.3062 58.0 56.0803 95.7806 50.2494 29.8329 82.6075 20.2638 13.3417 39.6611 84.8406 56.9541 64.6954 78.0577 24.0832 52.7731 66.1891 38.4708 12.0 60.1878 24.1868 
30.6108 89.513 55.7061 83.006 26.0192 36.6879 99.268 54.0833 85.2763 56.0803 21.095 43.0 80.0597 33.8664 44.8077 41.5529 0.0 59.9416 47.8539 47.676 71.7803 69.0023 49.3356 8.60233 83.2986 69.865 63.447 50.0 47.1544 70.3278 39.8315 33.2415 59.0183 78.8162 36.0139 49.4611 38.0789 35.1141 76.8481 54.5711 63.0953 25.6721 34.2345 39.3192 64.9005 35.6931 54.231 27.4591 58.1378 46.4866 49.2037 52.254 45.4565 33.8291 10.2956 79.9075 38.0789 56.366 47.7773 56.0803 93.3598 92.5088 91.2634 84.2636 68.4435 62.9682 22.561 52.5779 7.07107 75.1665 20.6155 76.2332 55.9464 31.0 40.2244 47.0106 37.6962 31.8519 60.7454 41.1096 
35.7356 52.2239 35.2818 23.4307 82.2685 95.3578 76.9957 61.7414 61.4659 7.07107 43.1741 90.8623 20.2485 53.6802 64.4748 63.9755 59.9416 0.0 47.927 48.8467 54.4518 42.5793 70.6045 64.2573 55.9722 10.2059 53.0377 13.1529 16.1245 10.6301 52.1911 92.082 51.3517 21.095 52.6118 64.5203 94.9848 41.3038 16.5231 47.1699 26.6833 66.7074 57.3149 84.5902 48.0416 80.2322 63.561 68.1836 36.1248 15.8114 25.4951 46.7283 24.5967 56.6633 51.6236 21.7033 94.9848 60.0585 68.542 7.07107 64.8185 66.3138 32.5576 56.4194 64.0 31.4006 75.9605 62.2246 66.7308 21.3776 58.5491 19.1212 33.4215 83.2082 20.6155 25.632 97.9112 72.4244 8.06226 87.4013 
49.6588 93.3172 64.0703 62.1289 73.6817 84.4038 116.283 13.8924 100.472 50.2494 29.0689 90.4489 64.1327 56.648 80.0778 77.7458 47.8539 47.927 0.0 1.0 90.0056 79.9635 24.0 44.9444 95.6757 57.2451 83.5158 35.3553 48.8365 53.3667 60.4159 81.0247 80.0362 55.0091 13.6015 83.2406 85.9069 14.3178 63.5816 7.2111 67.2681 61.6604 18.3848 86.093 82.4967 82.0244 15.6525 33.9411 17.72 47.4236 22.4722 72.059 52.6308 54.1295 38.2099 68.7618 85.9069 84.7466 83.8435 50.2494 105.38 106.301 66.1891 96.3159 94.345 25.7099 69.1158 83.8153 53.8516 48.0416 30.4138 66.1797 18.1108 78.5175 33.9411 22.3607 85.1645 76.0592 54.5894 88.2043 
50.0899 94.086 64.6375 63.1269 73.5527 84.1724 116.986 13.0384 101.174 51.1077 29.1548 90.3549 65.1153 57.0088 80.3362 77.915 47.676 48.8467 1.0 0.0 90.5231 80.6659 23.0 44.5982 96.3781 58.1893 84.0784 36.2353 49.5782 54.3415 60.6742 80.8084 80.5988 56.0089 13.0384 83.5225 85.703 14.5602 64.5236 7.81025 68.0147 61.8142 17.6918 86.0523 83.0143 82.0061 14.7648 33.2415 18.6815 48.1664 23.4094 72.6216 53.2635 54.5619 38.1182 69.7038 85.703 85.1246 84.1019 51.1077 106.085 107.004 67.1863 97.0183 94.9076 26.6833 69.0652 84.1546 53.6004 49.0408 29.9666 67.1217 19.105 78.4092 34.6554 23.2594 84.8999 76.1052 55.4707 88.1419 
56.3602 26.6271 26.8599 69.8713 61.0 71.5681 27.8029 102.954 13.6015 47.676 67.9798 62.3618 62.1691 38.0289 33.3766 36.1248 71.7803 54.4518 90.0056 90.5231 0.0 12.0 106.873 79.2695 13.1529 54.0833 9.05539 59.4643 42.72 61.0082 41.4367 69.2604 13.3417 72.111 87.4813 28.8617 69.8713 77.2872 45.0444 92.6962 28.0179 46.7721 90.4394 56.5155 7.81025 53.7587 104.258 91.1922 85.1198 44.0114 71.6962 19.7231 42.6962 41.012 67.179 46.3249 69.8713 18.6815 35.171 47.676 22.2036 20.8806 79.4292 14.1421 12.2066 83.1685 55.3209 23.7697 78.1257 75.06 81.0492 44.4072 81.9793 60.208 56.8011 70.4528 74.5453 48.0937 47.0956 58.9406 
49.5656 22.2036 23.0911 58.0517 62.1691 74.0405 36.4005 93.454 20.6155 35.9026 63.1656 66.6408 50.448 35.2509 37.1214 39.0 69.0023 42.5793 79.9635 80.6659 12.0 0.0 100.079 75.6081 16.4012 42.107 14.2127 48.3322 31.7648 49.0102 39.2302 71.3092 15.8114 60.1332 80.6867 33.8378 72.7324 68.5431 33.0606 81.9258 16.0312 46.7721 83.6448 60.4152 7.81025 57.0088 94.9405 89.556 74.2428 33.121 60.9016 17.1172 31.9258 38.234 64.4009 34.7851 72.7324 24.7588 39.9625 35.9026 26.6271 26.9072 67.6831 17.2047 23.0868 71.8679 55.9948 29.2062 75.3476 63.0717 79.13 32.5576 71.1196 62.3618 46.0308 59.6825 76.922 50.2892 35.1283 63.0714 
63.6396 113.018 80.8087 86.093 74.3303 82.0975 134.676 13.8924 120.587 71.8679 38.9487 91.2414 87.8237 68.884 88.6294 85.4225 49.3356 70.6045 24.0 23.0 106.873 100.079 0.0 42.7551 115.791 80.2808 98.4708 57.5674 68.4763 76.9415 83.6533 79.2275 94.0421 79.0063 19.4165 93.2828 84.214 30.4138 86.598 28.6356 86.6083 69.3542 17.0294 88.295 99.3645 84.8999 12.2066 24.0 41.3038 67.1193 45.7056 87.2778 70.214 67.897 42.9418 91.7782 84.214 96.7837 91.6788 71.8679 125.498 126.416 90.1388 116.431 107.317 49.366 71.8401 95.2557 52.9528 72.0278 28.7924 89.1961 42.0476 79.4292 53.6656 45.1221 82.0061 81.186 76.5506 89.822 
37.2166 96.1188 62.3119 86.764 31.5753 40.1995 106.757 49.163 92.7654 61.131 22.2036 48.5077 84.5044 40.4721 52.2968 49.0421 8.60233 64.2573 44.9444 44.5982 79.2695 75.6081 42.7551 0.0 90.7878 74.3513 70.9361 53.2353 52.7731 74.3236 47.3207 37.054 66.5075 81.9878 32.0156 56.9502 42.0476 33.8378 80.6685 52.0 68.3653 33.1613 29.1548 45.607 72.3896 42.3792 49.0408 19.6977 57.4282 51.9711 50.2494 59.7431 50.7431 40.4349 12.6491 84.4391 42.0476 63.8551 53.7772 61.131 100.849 99.998 94.5145 91.7528 75.9326 63.1269 29.5466 60.067 10.198 77.666 15.1327 80.7648 55.6058 36.6742 43.8634 48.1664 40.6079 39.1152 65.9697 47.0744 
65.2778 15.8114 37.5159 67.0298 74.027 84.7172 21.0238 109.166 6.0 49.6667 78.8778 75.4321 59.0085 49.5472 46.5296 49.2544 83.2986 55.9722 95.6757 96.3781 13.1529 16.4012 115.791 90.7878 0.0 52.9528 22.0227 63.2851 47.2017 60.208 53.3667 82.3893 26.0192 70.5762 96.3988 41.9762 83.0241 84.2553 44.3847 97.6166 29.5296 59.4753 99.357 69.6348 18.4391 66.9104 110.653 101.485 89.3588 48.6004 76.2758 31.0483 47.638 52.5303 78.6973 43.0465 83.0241 31.7805 48.2701 49.6667 10.2956 10.6301 76.0263 1.0 23.3238 86.3134 68.2436 36.8782 89.6439 74.7329 91.8139 42.5793 86.2844 73.3348 61.743 75.213 87.6926 61.2046 48.327 72.0347 
45.2327 43.382 56.2543 17.0 90.1812 103.27 73.4983 70.9366 58.8558 14.7533 53.3674 98.1289 11.4018 61.5929 72.26 71.8858 69.865 10.2059 57.2451 58.1893 54.0833 42.107 80.2808 74.3513 52.9528 0.0 54.3936 23.0868 24.6414 7.28011 65.5723 99.9947 53.8083 18.0278 62.514 70.0025 101.911 51.2445 9.05539 55.9017 26.3059 74.6201 67.2681 91.7406 48.6621 87.5895 72.8011 78.366 44.1022 24.6414 34.7851 50.3612 32.7238 64.5761 61.7078 12.0416 101.911 63.1573 76.309 14.7533 60.0833 62.3618 26.8328 53.1507 64.7765 38.2884 83.8732 66.4343 76.5988 21.8403 68.7528 10.4403 41.6773 91.1209 30.8064 35.171 105.824 79.9314 12.3693 94.5673 
36.9304 34.0147 20.2357 70.8802 52.0096 62.8013 35.8469 96.3295 22.561 46.0109 59.6465 54.0833 63.5689 29.6956 24.7386 27.2947 63.447 53.0377 83.5158 84.0784 9.05539 14.2127 98.4708 70.9361 22.0227 54.3936 0.0 56.206 39.4647 60.9139 32.6956 60.407 4.47214 72.3094 80.1568 20.6155 61.1882 70.663 45.3662 86.7647 28.1603 37.7252 81.4497 48.0833 6.40312 45.1221 97.6339 82.8589 81.1017 40.6902 67.5009 12.0416 32.5579 32.6787 58.8456 48.3322 61.1882 10.8167 26.9258 46.0109 31.257 29.8329 80.6536 23.0217 11.1803 79.9727 46.2815 15.6525 69.7923 74.2428 72.7159 45.5412 77.9411 51.3517 51.3425 65.8887 65.7647 39.2046 46.3897 50.5964 
29.7353 59.4185 36.3456 33.6155 71.3131 84.4024 84.22 49.2443 68.4763 15.0 31.3847 83.8808 32.3883 37.7127 62.5397 61.2485 50.0 13.1529 35.3553 36.2353 59.4643 48.3322 57.5674 53.2353 63.2851 23.0868 56.206 0.0 16.7631 21.587 46.0977 81.1266 53.4603 28.8444 39.4588 63.5059 84.0294 28.1603 29.4666 35.4683 33.8378 60.1762 44.1814 78.0591 52.2015 73.7011 51.0 55.4437 26.0768 15.5242 13.4536 46.0977 24.0832 33.2869 40.8167 34.6468 84.0294 61.0328 66.6528 15.0 72.4224 73.7835 41.3401 63.8122 67.3815 23.7697 65.0052 62.0725 57.0088 25.4951 46.0977 32.0647 23.0217 73.3992 9.89949 13.0384 85.6091 65.8932 19.2354 80.8702 
21.8561 44.6542 20.0 38.9487 66.1971 79.2864 67.9559 62.482 52.1536 9.89949 34.2345 74.7909 34.8361 37.6088 48.4665 47.9041 47.1544 16.1245 48.8365 49.5782 42.72 31.7648 68.4763 52.7731 47.2017 24.6414 39.4647 16.7631 0.0 26.4008 38.3116 76.0106 37.0795 37.2156 49.1935 48.7647 78.9134 38.0789 30.9586 50.448 18.4391 50.636 52.9245 67.7565 35.4401 64.1608 64.0312 60.6712 42.4853 1.41421 29.1548 30.0666 8.544 40.5919 40.3113 35.0824 78.9134 45.0999 52.5547 9.89949 56.7274 57.8014 48.4149 47.8017 50.6402 40.5216 59.8891 46.6905 53.6425 37.0 50.3587 31.4081 39.3573 67.1368 15.0 28.0179 81.8398 56.353 13.8924 71.3299 
46.365 50.5668 61.2602 12.8062 92.2203 105.31 80.7775 66.7608 66.0984 16.6433 52.811 100.814 11.0 63.632 74.2998 73.9256 70.3278 10.6301 53.3667 54.3415 61.0082 49.0102 76.9415 74.3236 60.208 7.28011 60.9139 21.587 26.4008 0.0 62.8204 102.034 59.6912 11.4018 60.0083 74.2885 104.937 49.0408 16.0312 51.264 33.0606 76.6592 65.0077 93.7797 55.3846 90.184 68.6804 76.9415 38.9102 26.2488 31.257 55.3671 34.6699 66.6151 61.7414 18.868 104.937 68.6864 78.3488 16.6433 67.3573 69.6419 22.0227 60.4152 71.5033 32.45 85.9123 71.4402 77.1751 14.5602 67.6831 17.72 36.7696 93.16 30.4631 32.0624 107.863 82.3762 14.5708 97.3531 
16.6433 61.4161 25.934 75.6212 29.9479 42.5006 68.4251 85.5542 55.0273 47.4132 47.1135 38.5418 75.767 10.0 19.9249 17.2627 39.8315 52.1911 60.4159 60.6742 41.4367 39.2302 83.6533 47.3207 53.3667 65.5723 32.6956 46.0977 38.3116 62.8204 0.0 39.7615 28.2312 72.6969 67.1977 23.7065 41.6777 46.1144 65.5148 65.5287 46.5955 14.3868 67.1554 32.2697 34.9285 27.9117 86.1712 63.5059 64.195 37.6469 51.788 22.3607 33.0654 14.8661 40.7119 67.3964 41.6777 28.3196 23.5372 47.4132 63.3246 62.2977 84.6364 54.3415 40.0 66.2873 23.64 25.6125 46.1768 70.8867 55.2322 65.9618 61.2944 30.8877 37.0 49.6488 45.5907 20.1039 53.8743 35.0808 
55.8653 93.3916 60.0378 114.311 10.0 3.60555 91.6624 86.209 82.0244 85.4127 53.8516 14.2127 110.189 48.3425 36.0139 33.1361 33.2415 92.082 81.0247 80.8084 69.2604 71.3092 79.2275 37.054 82.3893 99.9947 60.407 81.1266 76.0106 102.034 39.7615 0.0 56.7186 113.112 68.7314 41.0122 5.0 68.3081 99.9372 87.8009 79.262 32.5702 66.1891 15.6525 65.1153 16.2788 86.093 55.3263 91.0 76.5473 81.0927 54.4059 67.4878 53.3325 43.3244 101.819 5.0 51.0098 35.1283 85.4127 91.0494 89.0 123.889 83.3847 62.1289 95.266 17.2047 46.0 27.2947 106.582 52.1536 100.384 88.6397 9.05539 71.3459 78.8643 5.83095 21.2132 88.2967 15.0 
32.5017 37.0 17.1176 70.3128 48.0937 59.2284 40.3113 93.2638 26.9258 44.2832 55.2178 51.0784 63.1585 25.2669 21.5407 23.7697 59.0183 51.3517 80.0362 80.5988 13.3417 15.8114 94.0421 66.5075 26.0192 53.8083 4.47214 53.4603 37.0795 59.6912 28.2312 56.7186 0.0 71.0867 75.7282 18.0278 57.7235 67.1834 44.7809 83.2884 27.7308 33.4907 77.021 44.9444 8.544 41.7612 94.2306 78.4302 77.8845 38.1289 64.2884 8.06226 29.4279 28.25 54.417 48.3735 57.7235 9.43398 24.1868 44.2832 35.5106 34.2053 80.1119 27.0185 14.3178 77.1038 42.2361 13.4536 65.3637 72.6911 68.2872 45.1885 74.7262 47.676 48.0833 62.6418 62.1691 35.5106 45.1221 47.5395 
56.2415 59.7746 72.6557 7.61577 103.299 116.388 90.802 67.4759 76.531 27.7308 59.9416 111.893 13.6015 74.7106 85.4293 85.0 78.8162 21.095 55.0091 56.0089 72.111 60.1332 79.0063 81.9878 70.5762 18.0278 72.3094 28.8444 37.2156 11.4018 72.6969 113.112 71.0867 0.0 63.7887 85.418 116.015 53.6004 27.074 51.4782 44.2832 87.7377 69.0507 105.621 66.6217 101.263 69.4622 82.28 38.4708 36.8917 34.7131 66.7626 45.6508 77.6937 69.6419 27.8927 116.015 80.0819 89.4783 27.7308 77.1298 79.6241 12.53 70.7107 82.7405 30.8058 96.9909 82.8357 85.8021 7.61577 73.736 28.0713 37.1214 101.139 38.6005 36.1386 118.942 93.4547 25.9663 108.432 
44.6878 93.6483 61.4165 70.3491 62.0322 72.0069 115.284 18.4391 101.195 53.1601 20.5913 79.0063 71.007 50.4777 72.1738 68.9843 36.0139 52.6118 13.6015 13.0384 87.4813 80.6867 19.4165 32.0156 96.3988 62.514 80.1568 39.4588 49.1935 60.0083 67.1977 68.7314 75.7282 63.7887 0.0 76.1129 73.6817 11.4018 68.8612 20.8087 67.2309 52.811 5.38516 75.1066 79.9724 71.2531 18.9737 20.6155 29.6816 47.8539 29.1548 68.9638 50.8035 49.0408 27.2947 74.0414 73.6817 78.5493 75.2909 53.1601 104.824 107.024 75.71 97.039 89.003 37.1214 58.1378 77.0276 41.4367 57.4891 17.088 71.4593 29.0689 67.0075 34.5398 28.0179 72.5672 65.9242 57.9741 77.026 
35.0571 54.626 29.9666 86.5069 33.7343 43.0465 50.9902 93.9337 41.1096 57.6883 55.5406 33.5261 79.3528 27.1662 5.38516 8.94427 49.4611 64.5203 83.2406 83.5225 28.8617 33.8378 93.2828 56.9502 41.9762 70.0025 20.6155 63.5059 48.7647 74.2885 23.7065 41.0122 18.0278 85.418 76.1129 0.0 41.1947 68.9638 60.9751 88.0738 44.2041 24.0164 76.785 27.6586 26.4197 25.0799 94.799 73.5027 85.2115 49.4773 72.0278 20.2485 40.2616 31.0 50.3415 65.0 41.1947 10.198 6.32456 57.6883 50.1597 48.0104 96.306 42.9535 21.2132 86.0233 29.1619 5.09902 48.5591 85.7263 64.8617 61.4221 82.1523 32.0624 56.0089 70.0643 46.0435 20.3961 60.4466 30.0832 
58.768 94.6414 62.2656 117.213 13.6015 2.82843 91.1976 91.1976 82.2982 88.3155 58.5235 10.8167 112.106 50.2588 36.4966 33.9559 38.0789 94.9848 85.9069 85.703 69.8713 72.7324 84.214 42.0476 83.0241 101.911 61.1882 84.0294 78.9134 104.937 41.6777 5.0 57.7235 116.015 73.6817 41.1947 0.0 73.0821 101.853 92.6499 80.6377 35.4683 71.1758 14.1421 66.2193 16.1245 91.0879 60.2993 95.6347 79.45 85.6495 56.0803 69.4041 55.2488 48.0833 103.735 0.0 51.3517 35.0571 88.3155 91.351 89.1403 126.792 84.0119 62.0081 99.8229 20.5183 46.2709 32.249 109.485 57.1402 102.3 93.2309 10.8167 74.2487 83.4211 5.38516 22.4722 90.213 12.6491 
35.8469 82.6801 51.2225 59.8415 60.4152 71.7844 104.429 25.807 89.0515 41.7612 15.0333 76.9415 60.0333 42.5441 65.7764 63.4492 35.1141 41.3038 14.3178 14.5602 77.2872 68.5431 30.4138 33.8378 84.2553 51.2445 70.663 28.1603 38.0789 49.0408 46.1144 68.3081 67.1834 53.6004 11.4018 68.9638 73.0821 0.0 57.6102 20.025 56.3028 47.3814 16.0312 72.3473 69.7783 68.1836 27.0185 28.7924 23.6008 36.7151 18.9737 59.2062 40.3609 40.3113 25.0 62.7904 73.0821 70.6914 69.5421 41.7612 93.9623 94.8808 65.8027 84.8955 81.0463 29.7321 55.4751 69.6419 41.6293 47.7598 21.4009 60.2083 21.9317 65.1153 23.2594 17.4642 72.8011 62.0 46.5725 74.5783 
51.5499 36.0555 47.2269 25.632 90.1236 103.213 65.146 77.2909 50.2195 21.0705 59.6846 98.0714 18.868 61.5354 63.011 71.8283 76.8481 16.5231 63.5816 64.5236 45.0444 33.0606 86.598 80.6685 44.3847 9.05539 45.3662 29.4666 30.9586 16.0312 65.5148 99.9372 44.7809 27.074 68.8612 60.9751 101.853 57.6102 0.0 62.3248 17.2627 74.5625 73.6384 91.6831 39.6232 87.5319 79.1498 84.6832 50.6647 30.9586 41.116 41.3338 32.9193 64.5185 68.025 9.0 101.853 54.1299 66.4558 21.0705 52.0 54.0833 35.4683 44.643 55.7315 45.0958 83.8157 57.4069 83.3363 30.4138 75.07 4.12311 48.1762 91.0634 37.1236 41.4887 105.766 79.8739 18.6865 94.5097 
53.7587 94.5009 67.1193 58.8558 80.2309 91.214 118.246 16.0312 102.434 50.448 35.0571 96.8762 61.6847 61.131 85.1587 82.739 54.5711 47.1699 7.2111 7.81025 92.6962 81.9258 28.6356 52.0 97.6166 55.9017 86.7647 35.4683 50.448 51.264 65.5287 87.8009 83.2884 51.4782 20.8087 88.0738 92.6499 20.025 62.3248 0.0 68.6804 67.1863 25.4951 92.361 85.88 88.2043 18.0278 41.0366 13.0384 49.0408 22.0227 75.3112 55.2268 58.1893 44.7214 67.505 92.6499 89.0884 88.955 50.448 107.168 108.231 62.0081 98.2344 97.5972 21.0 75.4318 88.3233 60.7289 44.1814 37.5899 64.9229 14.5602 85.0 36.0555 22.6274 92.0489 82.0061 54.4059 94.5351 
37.4046 26.4197 30.4563 42.72 69.7177 82.3157 50.5371 80.9197 34.9285 20.2485 50.9034 75.2526 35.4683 42.6161 46.2404 47.4777 63.0953 26.6833 67.2681 68.0147 28.0179 16.0312 86.6083 68.3653 29.5296 26.3059 28.1603 33.8378 18.4391 33.0606 46.5955 79.262 27.7308 44.2832 67.2309 44.2041 80.6377 56.3028 17.2627 68.6804 0.0 54.2019 70.6612 68.9088 22.3607 65.2301 82.4621 77.395 59.9083 19.8494 47.0106 24.5632 19.7648 45.5992 55.9891 20.8087 80.6377 37.1214 49.6852 20.2485 38.6005 39.9625 52.4976 30.0167 38.4708 56.7979 63.4551 40.4969 69.4407 47.0425 66.969 17.4642 56.8595 70.1041 33.4215 46.0977 85.0391 58.1705 19.105 71.6503 
30.4906 68.9744 34.9777 88.9361 22.7567 35.846 72.4532 71.1688 60.2597 60.0381 32.7567 34.1321 84.8148 22.9679 19.363 16.1734 25.6721 66.7074 61.6604 61.8142 46.7721 46.7721 69.3542 33.1613 59.4753 74.6201 37.7252 60.1762 50.636 76.6592 14.3868 32.5702 33.4907 87.7377 52.811 24.0164 35.4683 47.3814 74.5625 67.1863 54.2019 0.0 52.8015 28.178 41.3246 23.7065 71.7844 49.7138 66.4843 51.1726 54.5113 29.6698 42.1132 27.9579 26.4197 76.4442 35.4683 30.9213 22.48 60.0381 68.9744 67.5128 98.5148 60.4725 42.9988 69.0715 16.4487 27.1332 32.0175 84.8844 41.0488 75.0095 63.652 24.7588 51.2467 52.316 38.3994 16.1555 62.9221 30.8869 
46.6905 97.0842 64.3747 75.5381 60.075 69.3542 118.242 20.025 104.153 57.4891 21.9317 77.1038 76.0066 51.8556 72.1316 68.942 34.2345 57.3149 18.3848 17.6918 90.4394 83.6448 17.0294 29.1548 99.357 67.2681 81.4497 44.1814 52.9245 65.0077 67.1554 66.1891 77.021 69.0507 5.38516 76.785 71.1758 16.0312 73.6384 25.4951 70.6612 52.8015 0.0 73.5527 82.9306 69.8713 20.025 15.5563 34.9857 51.6236 34.3657 70.2567 53.8516 50.9117 26.5707 78.8186 71.1758 79.7588 75.2396 57.4891 109.064 109.982 81.0247 99.9972 90.2959 42.4853 56.7186 78.2308 39.0128 62.8172 14.0357 76.2365 34.4384 65.123 38.6005 33.1361 69.7209 65.1989 62.3699 75.326 
48.3735 81.9329 51.8556 106.057 14.3178 16.4924 77.1038 93.3435 68.593 77.1586 57.3192 6.40312 101.935 40.8508 23.4094 21.4709 39.3192 84.5902 86.093 86.0523 56.5155 60.4152 88.295 45.607 69.6348 91.7406 48.0833 78.0591 67.7565 93.7797 32.2697 15.6525 44.9444 105.621 75.1066 27.6586 14.1421 72.3473 91.6831 92.361 68.9088 28.178 73.5527 0.0 53.4883 4.47214 93.5361 65.146 93.3916 69.0555 81.9085 44.4185 59.2337 45.8407 48.0 89.7098 14.1421 37.855 21.3776 77.1586 77.6466 75.326 115.635 70.6116 48.0937 96.4624 17.0 32.7567 35.4401 102.767 59.8415 91.4931 90.7083 9.43398 68.5629 79.6994 19.4165 12.2066 80.0426 2.82843 
48.8513 28.4605 19.351 65.0 56.3205 67.6831 35.4683 95.4448 20.5913 41.1096 61.0999 59.6154 57.5674 31.1491 30.0832 32.28 64.9005 48.0416 82.4967 83.0143 7.81025 7.81025 99.3645 72.3896 18.4391 48.6621 6.40312 52.2015 35.4401 55.3846 34.9285 65.1153 8.544 66.6217 79.9724 26.4197 66.2193 69.7783 39.6232 85.88 22.3607 41.3246 82.9306 53.4883 0.0 50.2892 96.7492 84.3123 77.7881 36.6879 64.3645 12.6491 35.3645 34.1322 60.2991 42.1545 66.2193 17.0294 32.6497 41.1096 28.4605 27.7308 74.7262 19.4165 16.1245 75.9605 50.3297 21.6333 71.2458 69.029 73.4157 39.5601 74.6476 56.0892 49.4694 63.1211 70.6116 43.9318 41.0488 56.0803 
44.0155 78.7464 47.8017 101.905 12.0416 18.0 75.4255 89.56 66.1891 73.5629 53.1507 10.6301 97.7842 36.4928 20.3961 18.0278 35.6931 80.2322 82.0244 82.0061 53.7587 57.0088 84.8999 42.3792 66.9104 87.5895 45.1221 73.7011 64.1608 90.184 27.9117 16.2788 41.7612 101.263 71.2531 25.0799 16.1245 68.1836 87.5319 88.2043 65.2301 23.7065 69.8713 4.47214 50.2892 0.0 89.8053 62.0322 89.0505 64.6975 77.4919 40.7063 55.0826 41.4827 44.0454 86.0311 16.1245 35.2278 19.0 73.5629 75.2396 73.0616 112.04 67.897 46.0109 92.0489 13.1529 30.1496 32.311 98.4093 56.2939 87.9789 86.3481 8.06226 64.1313 75.2861 21.0 7.81025 75.8915 7.2111 
62.6817 108.622 78.1933 76.7919 80.0999 89.202 131.26 2.0 115.449 65.8635 39.3954 97.1288 79.3095 68.9638 91.1473 87.9578 54.231 63.561 15.6525 14.7648 104.258 94.9405 12.2066 49.0408 110.653 72.8011 97.6339 51.0 64.0312 68.6804 86.1712 86.093 94.2306 69.4622 18.9737 94.799 91.0879 27.0185 79.1498 18.0278 82.4621 71.7844 20.025 93.5361 96.7492 89.8053 0.0 32.573 31.0644 62.6259 38.0789 87.4663 67.1789 67.1193 46.0977 84.33 91.0879 97.1288 94.2644 65.8635 120.36 121.278 80.025 111.293 107.505 39.0128 76.6551 95.7138 59.0 62.2013 34.0 81.7479 32.3883 85.1469 49.0408 38.0132 89.4539 84.7553 70.2353 95.3362 
49.6588 103.813 70.2859 88.295 50.9608 58.1378 118.68 33.2415 104.688 67.0298 26.4764 67.6831 87.8237 53.2782 68.8493 65.5946 27.4591 68.1836 33.9411 33.2415 91.1922 89.556 24.0 19.6977 101.485 78.366 82.8589 55.4437 60.6712 76.9415 63.5059 55.3263 78.4302 82.28 20.6155 73.5027 60.2993 28.7924 84.6832 41.0366 77.395 49.7138 15.5563 65.146 84.3123 62.0322 32.573 0.0 50.2195 59.5399 47.7598 71.6659 59.7729 53.2353 24.4131 89.8633 60.2993 80.0404 71.819 67.0298 111.546 111.921 94.5569 102.45 91.7051 57.4543 49.2443 76.6195 29.7321 76.5506 10.4403 87.2812 49.3964 56.0446 48.0 46.1736 58.0086 58.8004 72.0278 66.4831 
50.1597 85.4461 61.0328 45.8912 82.5845 94.541 110.277 29.0689 94.5145 40.4599 37.1618 98.5589 49.0408 58.0775 83.006 81.0247 58.1378 36.1248 17.72 18.6815 85.1198 74.2428 41.3038 57.4282 89.3588 44.1022 81.1017 26.0768 42.4853 38.9102 64.195 91.0 77.8845 38.4708 29.6816 85.2115 95.6347 23.6008 50.6647 13.0384 59.9083 66.4843 34.9857 93.3916 77.7881 89.0505 31.0644 50.2195 0.0 41.1461 13.6015 70.0928 48.7032 54.3323 47.8539 55.8449 95.6347 84.5281 87.0 40.4599 98.4733 99.8599 49.0 89.8888 92.0573 8.06226 79.6053 84.7923 64.8845 31.1448 44.5533 53.2628 3.16228 87.1809 29.8329 15.2971 95.7549 82.201 43.8406 95.8019 
21.1915 46.0435 21.0238 38.8973 66.7337 79.823 69.3397 61.0737 53.535 10.0 33.1361 75.3275 34.8361 38.1455 49.0408 48.4408 46.4866 15.8114 47.4236 48.1664 44.0114 33.121 67.1193 51.9711 48.6004 24.6414 40.6902 15.5242 1.41421 26.2488 37.6469 76.5473 38.1289 36.8917 47.8539 49.4773 79.45 36.7151 30.9586 49.0408 19.8494 51.1726 51.6236 69.0555 36.6879 64.6975 62.6259 59.5399 41.1461 0.0 27.7849 31.0161 9.21954 41.1286 39.4588 36.4668 79.45 46.0435 53.1413 10.0 58.1378 59.203 48.2701 49.2037 51.8657 39.2938 60.4258 47.5184 52.9779 36.4005 49.2544 32.7926 38.0132 67.6735 13.6015 26.6271 82.3765 56.8896 14.3178 71.8666 
37.0 72.7057 47.4342 41.1947 72.5787 84.6677 97.0979 36.2491 81.3019 28.4253 28.3196 87.3155 42.19 45.0111 70.0643 68.2642 49.2037 25.4951 22.4722 23.4094 71.6962 60.9016 45.7056 50.2494 76.2758 34.7851 67.5009 13.4536 29.1548 31.257 51.788 81.0927 64.2884 34.7131 29.1548 72.0278 85.6495 18.9737 41.116 22.0227 47.0106 54.5113 34.3657 81.9085 64.3645 77.4919 38.0789 47.7598 13.6015 27.7849 0.0 56.5155 35.1141 41.0488 39.0512 46.2962 85.6495 71.0211 74.108 28.4253 85.6037 86.8389 46.8402 76.844 78.4565 14.5602 68.3647 71.3459 56.2228 28.7924 39.8246 43.7141 10.4403 76.7588 16.2788 2.23607 86.0958 70.3564 32.45 84.4334 
25.7374 39.3192 10.198 66.8657 45.1221 57.2451 47.4342 84.8727 33.1059 39.6589 48.4535 50.774 59.7116 18.5026 21.9317 23.0217 52.254 46.7283 72.059 72.6216 19.7231 17.1172 87.2778 59.7431 31.0483 50.3612 12.0416 46.0977 30.0666 55.3671 22.3607 54.4059 8.06226 66.7626 68.9638 20.2485 56.0803 59.2062 41.3338 75.3112 24.5632 29.6698 70.2567 44.4185 12.6491 40.7063 87.4663 71.6659 70.0928 31.0161 56.5155 0.0 22.0227 21.4857 47.6526 45.3642 56.0803 15.0333 25.4951 39.6589 41.1096 40.3113 76.6648 32.0156 22.3607 69.5845 38.9103 17.088 58.5993 68.1007 61.5229 41.7808 66.9403 45.5412 40.2616 54.8179 60.0833 33.6155 40.8053 47.1699 
19.7825 46.1825 12.3693 47.0398 57.6743 70.7636 68.2456 65.7951 52.4342 18.0278 33.3824 65.622 42.9185 29.0861 39.9249 39.3814 45.4565 24.5967 52.6308 53.2635 42.6962 31.9258 70.214 50.7431 47.638 32.7238 32.5579 24.0832 8.544 34.6699 33.0654 67.4878 29.4279 45.6508 50.8035 40.2616 69.4041 40.3609 32.9193 55.2268 19.7648 42.1132 53.8516 59.2337 35.3645 55.0826 67.1789 59.7729 48.7032 9.21954 35.1141 22.0227 0.0 32.0692 38.367 37.0406 69.4041 37.0 44.0114 18.0278 57.345 58.2635 56.6127 48.2782 43.5135 47.676 51.3664 38.3275 51.8185 45.5412 49.3469 33.3663 45.5412 58.614 19.2354 33.6155 73.3171 47.4246 21.2132 62.0604 
4.47214 60.4198 24.9378 78.892 43.519 56.6083 68.4997 66.0379 54.508 49.994 29.0 52.1128 74.7708 5.0 29.4279 28.1603 33.8291 56.6633 54.1295 54.5619 41.012 38.234 67.897 40.4349 52.5303 64.5761 32.6787 33.2869 40.5919 66.6151 14.8661 53.3325 28.25 77.6937 49.0408 31.0 55.2488 40.3113 64.5185 58.1893 45.5992 27.9579 50.9117 45.8407 34.1322 41.4827 67.1193 53.2353 54.3323 41.1286 41.0488 21.4857 32.0692 0.0 29.2278 66.4002 55.2488 31.17 33.541 49.994 62.5915 61.7405 88.4708 53.4953 41.5249 55.0364 37.211 30.4618 40.1745 57.9828 43.0465 64.9655 51.2445 44.4587 25.02 39.1152 59.1617 33.6749 52.878 48.6518 
25.9615 82.4068 49.5014 74.2428 35.5106 46.8188 94.6667 45.7056 80.675 48.5077 10.8167 52.2398 71.8679 29.265 45.6881 42.4853 10.2956 51.6236 38.2099 38.1182 67.179 64.4009 42.9418 12.6491 78.6973 61.7078 58.8456 40.8167 40.3113 61.7414 40.7119 43.3244 54.417 69.6419 27.2947 50.3415 48.0833 25.0 68.025 44.7214 55.9891 26.4197 26.5707 48.0 60.2991 44.0454 46.0977 24.4131 47.8539 39.4588 39.0512 47.6526 38.367 29.2278 0.0 72.587 48.0833 57.1514 48.7545 48.5077 88.7584 87.9075 82.1523 79.6623 67.6918 52.6972 31.0 53.4583 17.2047 65.6049 14.8661 68.9128 45.6508 40.3113 31.305 36.8782 47.927 38.66 53.3667 50.04 
54.6093 31.9531 51.2573 24.0 92.0053 104.558 62.9682 82.4711 49.0408 26.2506 64.8648 96.0535 16.0312 63.4171 67.0414 68.2787 79.9075 21.7033 68.7618 69.7038 46.3249 34.7851 91.7782 84.4391 43.0465 12.0416 48.3322 34.6468 35.0824 18.868 67.3964 101.819 48.3735 27.8927 74.0414 65.0 103.735 62.7904 9.0 67.505 20.8087 76.4442 78.8186 89.7098 42.1545 86.0311 84.33 89.8633 55.8449 36.4668 46.2962 45.3642 37.0406 66.4002 72.587 0.0 103.735 57.8014 70.4862 26.2506 49.2443 51.788 33.2415 43.1045 57.8705 50.2494 85.6974 61.2944 86.3956 33.1059 80.2502 5.09902 53.3564 92.9451 42.3038 46.6688 107.648 81.7556 23.8667 92.4513 
58.768 94.6414 62.2656 117.213 13.6015 2.82843 91.1976 91.1976 82.2982 88.3155 58.5235 10.8167 112.106 50.2588 36.4966 33.9559 38.0789 94.9848 85.9069 85.703 69.8713 72.7324 84.214 42.0476 83.0241 101.911 61.1882 84.0294 78.9134 104.937 41.6777 5.0 57.7235 116.015 73.6817 41.1947 0.0 73.0821 101.853 92.6499 80.6377 35.4683 71.1758 14.1421 66.2193 16.1245 91.0879 60.2993 95.6347 79.45 85.6495 56.0803 69.4041 55.2488 48.0833 103.735 0.0 51.3517 35.0571 88.3155 91.351 89.1403 126.792 84.0119 62.0081 99.8229 20.5183 46.2709 32.249 109.485 57.1402 102.3 93.2309 10.8167 74.2487 83.4211 5.38516 22.4722 90.213 12.6491 
35.4217 44.7214 25.1794 79.6618 43.2897 53.1507 41.7612 96.1769 31.0161 52.989 57.9828 43.6807 72.5076 28.178 15.0 18.1108 56.366 60.0585 84.7466 85.1246 18.6815 24.7588 96.7837 63.8551 31.7805 63.1573 10.8167 61.0328 45.0999 68.6864 28.3196 51.0098 9.43398 80.0819 78.5493 10.198 51.3517 70.6914 54.1299 89.0884 37.1214 30.9213 79.7588 37.855 17.0294 35.2278 97.1288 80.0404 84.5281 46.0435 71.0211 15.0333 37.0 31.17 57.1514 57.8014 51.3517 0.0 16.4924 52.989 40.05 38.0132 89.4608 32.7567 12.083 84.3801 38.1387 5.09902 57.536 81.4309 71.0217 54.5619 81.3941 42.0 54.7449 69.2315 56.1427 30.0666 54.1202 40.2616 
37.2156 60.9262 34.6699 90.625 28.4605 37.0 56.5685 93.6474 47.2652 61.7486 55.2067 27.2029 84.8336 29.1548 4.12311 6.32456 47.7773 68.542 83.8435 84.1019 35.171 39.9625 91.6788 53.7772 48.2701 76.309 26.9258 66.6528 52.5547 78.3488 23.5372 35.1283 24.1868 89.4783 75.2909 6.32456 35.0571 69.5421 66.4558 88.955 49.6852 22.48 75.2396 21.3776 32.6497 19.0 94.2644 71.819 87.0 53.1413 74.108 25.4951 44.0114 33.541 48.7545 70.4862 35.0571 16.4924 0.0 61.7486 56.3205 54.0833 100.204 49.2443 27.0185 88.3629 24.6982 11.4018 44.1055 89.5377 63.1785 66.9028 84.006 26.3059 58.4209 72.0625 40.0 15.2315 64.611 23.7697 
30.9577 45.4821 45.552 29.0689 75.5992 88.6885 70.6902 64.1405 55.1543 0.0 41.1096 84.193 24.948 47.0109 57.6996 57.3062 56.0803 7.07107 50.2494 51.1077 47.676 35.9026 71.8679 61.131 49.6667 14.7533 46.0109 15.0 9.89949 16.6433 47.4132 85.4127 44.2832 27.7308 53.1601 57.6883 88.3155 41.7612 21.0705 50.448 20.2485 60.0381 57.4891 77.1586 41.1096 73.5629 65.8635 67.0298 40.4599 10.0 28.4253 39.6589 18.0278 49.994 48.5077 26.2506 88.3155 52.989 61.7486 0.0 58.513 60.0083 38.6005 50.1139 57.0088 36.7151 69.2912 55.3926 62.6607 28.4429 57.0088 23.6686 37.5366 76.5389 19.105 28.0179 91.2419 65.7551 5.0 79.9853 
