NAME  : Jabali_80_2_0.95_1_0
TYPE : SVRP
MODEL : FINITE_SUPPORT
NUMBER_OF_SCENARIOS : 200
DIMENSION : 80
EDGE_WEIGHT_TYPE : MATRIX
CAPACITY : 264
N_VEHICLES : 2
NODE_COORD_SECTION
1 3646 4185
2 3113 1302
3 4310 5557
4 6691 8526
5 6916 4632
6 4096 1098
7 918 6623
8 6628 2822
9 6191 2537
10 3917 997
11 722 3504
12 6672 1166
13 6101 3277
14 8138 2646
15 3655 7670
16 945 2099
17 3953 6381
18 1350 6401
19 6418 6590
20 5963 8041
21 2268 18
22 4547 3798
23 27 5452
24 2022 127
25 1945 4062
26 6346 4824
27 2507 4870
28 7952 1497
29 1029 4235
30 8004 3966
31 131 5813
32 6452 5477
33 740 5948
34 4984 6472
35 1955 6884
36 6172 2098
37 4818 1249
38 435 6320
39 7060 6909
40 4527 8054
41 2238 3612
42 3688 3978
43 6321 5429
44 6156 7600
45 6791 6439
46 5036 2396
47 6911 7835
48 1165 510
49 4728 942
50 5892 5651
51 2927 7613
52 6627 2279
53 1970 5780
54 1102 1598
55 2975 7050
56 1848 4368
57 7987 4531
58 2763 2905
59 4595 7424
60 1318 6670
61 1320 7079
62 7527 3954
63 7505 4592
64 5667 6491
65 3919 2533
66 2480 7210
67 5556 5389
68 6765 7920
69 6078 2418
70 5144 7728
71 3033 6646
72 1847 4503
73 4837 3087
74 2188 4185
75 7794 5290
76 3165 281
77 2134 426
78 2460 1137
79 807 2104
80 6170 6932
DEMAND_SECTION
1 0.0
2 10.0
3 8.0
4 8.0
5 7.0
6 9.0
7 1.0
8 2.0
9 9.0
10 4.0
11 5.0
12 9.0
13 10.0
14 8.0
15 10.0
16 1.0
17 7.0
18 7.0
19 1.0
20 6.0
21 10.0
22 2.0
23 4.0
24 4.0
25 3.0
26 8.0
27 2.0
28 7.0
29 10.0
30 9.0
31 4.0
32 5.0
33 10.0
34 10.0
35 10.0
36 5.0
37 3.0
38 2.0
39 10.0
40 6.0
41 10.0
42 3.0
43 3.0
44 10.0
45 8.0
46 8.0
47 9.0
48 7.0
49 7.0
50 6.0
51 3.0
52 10.0
53 1.0
54 7.0
55 2.0
56 6.0
57 3.0
58 5.0
59 7.0
60 6.0
61 10.0
62 2.0
63 10.0
64 10.0
65 4.0
66 7.0
67 9.0
68 9.0
69 8.0
70 6.0
71 9.0
72 10.0
73 6.0
74 7.0
75 6.0
76 4.0
77 2.0
78 5.0
79 8.0
80 4.0
DEVIATION_SECTION
1 0.0
2 3.33333
3 2.66667
4 2.66667
5 2.33333
6 3.0
7 0.333333
8 0.666667
9 3.0
10 1.33333
11 1.66667
12 3.0
13 3.33333
14 2.66667
15 3.33333
16 0.333333
17 2.33333
18 2.33333
19 0.333333
20 2.0
21 3.33333
22 0.666667
23 1.33333
24 1.33333
25 1.0
26 2.66667
27 0.666667
28 2.33333
29 3.33333
30 3.0
31 1.33333
32 1.66667
33 3.33333
34 3.33333
35 3.33333
36 1.66667
37 1.0
38 0.666667
39 3.33333
40 2.0
41 3.33333
42 1.0
43 1.0
44 3.33333
45 2.66667
46 2.66667
47 3.0
48 2.33333
49 2.33333
50 2.0
51 1.0
52 3.33333
53 0.333333
54 2.33333
55 0.666667
56 2.0
57 1.0
58 1.66667
59 2.33333
60 2.0
61 3.33333
62 0.666667
63 3.33333
64 3.33333
65 1.33333
66 2.33333
67 3.0
68 3.0
69 2.66667
70 2.0
71 3.0
72 3.33333
73 2.0
74 2.33333
75 2.0
76 1.33333
77 0.666667
78 1.66667
79 2.66667
80 1.33333
DISTANCE_MATRIX
0.0 41.5933 20.1488 71.5192 48.7385 43.566 53.7641 45.4225 40.5854 43.9318 42.478 56.7652 41.9516 66.1924 47.3814 49.7814 29.6142 48.6688 59.958 60.4155 61.0328 14.9124 54.3002 60.6053 24.3311 42.3762 20.3961 68.0919 35.3535 65.3285 55.0199 47.7226 49.8213 35.7188 45.3496 43.09 43.1045 55.5412 68.0684 52.8016 24.1868 2.0 46.843 57.5844 61.0466 29.7535 66.6724 61.7171 46.0109 45.1534 48.1664 46.9331 36.5988 50.7054 41.3038 24.5159 63.2933 22.8035 45.2047 50.0604 52.6156 59.8672 56.9717 42.549 23.3452 45.3542 40.1388 66.289 40.2897 51.3313 36.3456 24.9629 21.754 21.3776 62.3765 54.626 57.0088 46.4004 48.7866 51.4796 
41.5933 0.0 61.3737 108.853 73.7815 13.4164 77.4139 50.9902 44.5533 11.6619 42.0595 48.5077 48.6619 70.1142 87.6413 32.2025 70.5762 73.5527 84.1724 99.1788 20.6155 38.9487 68.942 21.095 41.3038 66.3341 49.4975 65.9242 54.3982 73.6434 71.8679 71.6805 70.3481 75.5467 78.0 43.0465 22.8035 75.9605 92.0784 94.0265 34.3657 39.8246 70.8008 94.8281 85.0377 30.3645 101.98 28.1603 21.9317 69.3109 86.4431 49.0918 63.0317 27.7308 79.3442 45.1774 78.6007 23.0217 86.4297 76.531 81.3941 68.8938 75.4951 78.4286 20.5183 81.3941 64.4438 102.069 43.4166 92.5563 74.3907 46.1736 35.5106 41.0488 85.4683 13.3417 17.8885 9.0 31.4006 86.5563 
20.1488 61.3737 0.0 51.4004 36.6197 61.9409 46.5296 49.7859 50.0622 62.5732 55.8028 69.175 40.2492 66.4916 30.0666 66.9673 12.1655 40.7063 31.7805 40.3609 80.2621 25.02 57.1246 79.6144 37.6649 28.8444 33.7208 75.5581 48.6783 53.6004 55.3524 28.1603 47.5837 15.6205 36.1248 54.6262 60.208 51.7474 41.0 33.8378 38.3888 22.1098 27.2029 37.4433 35.2278 45.0444 46.5296 79.4244 63.3877 21.3776 33.2415 55.5428 31.1246 67.8913 27.2947 37.8406 50.6063 40.831 26.0 42.19 44.2041 48.2701 44.4185 22.4722 42.2239 33.0151 17.088 46.1411 50.7461 31.6228 23.0217 38.2876 35.1283 34.7031 46.4866 74.5405 76.0093 65.5134 65.9725 31.3847 
71.5192 108.853 51.4004 0.0 53.1507 106.962 82.4924 77.1298 82.0933 107.954 102.524 99.2472 71.1728 81.0247 43.0116 119.201 47.0106 77.9295 26.0 11.7047 129.199 70.0 98.4886 129.199 89.0353 49.98 85.0912 96.0469 95.399 63.0317 95.7079 41.4367 87.6641 35.805 68.3593 86.8705 102.316 89.8053 22.0227 30.0167 89.7593 82.571 41.7852 14.1421 27.6586 86.8206 9.0 130.795 105.919 40.3113 53.0 84.1724 73.3757 119.262 54.4518 85.1718 56.0803 92.2014 31.7805 77.5242 76.1052 62.1289 54.0833 30.4795 88.6002 60.1332 44.6542 8.06226 83.5004 23.5372 55.3173 84.3692 76.7963 86.0735 46.0977 121.017 125.689 115.137 117.343 22.4722 
48.7385 73.7815 36.6197 53.1507 0.0 65.9877 83.006 24.0416 29.2504 67.5874 88.27 46.0977 29.5555 31.7805 60.208 86.2443 45.9674 77.1751 28.0179 48.0 93.5794 33.8886 100.092 94.5569 70.1322 7.81025 66.1881 44.7214 81.1455 17.0294 91.8317 13.3417 84.0629 35.8469 72.6223 34.0277 54.4701 88.2267 31.6228 56.3028 66.1909 46.8422 13.6015 42.0119 25.4951 43.4897 44.3847 101.543 57.8473 19.2354 66.8431 31.0483 67.6039 87.1088 62.2415 70.3078 14.5602 58.8874 49.2443 78.7718 80.8022 12.2066 8.24621 30.3645 56.8813 68.593 20.5183 45.1221 30.6576 48.5077 58.7282 70.7549 45.3838 67.1704 15.2315 82.2678 91.5629 82.3885 85.2496 33.0151 
43.566 13.4164 61.9409 106.962 65.9877 0.0 86.0233 41.2311 34.5398 2.0 53.6004 35.5106 40.8044 58.8558 90.934 45.4863 73.1676 81.7435 81.8559 97.949 28.8617 37.6962 79.863 30.4138 49.98 60.1064 55.2268 53.2353 63.0833 64.405 82.6097 68.1628 80.0255 75.0267 84.8528 32.0156 10.0 85.848 89.516 95.6129 43.4626 41.5933 67.6769 93.1622 82.5777 22.6716 99.7408 40.1123 8.544 66.9903 91.0494 38.0789 70.406 41.1461 84.0238 53.4509 68.8499 31.0161 87.6413 84.6463 89.2693 59.6657 65.7443 76.9415 20.2237 87.0929 62.3075 99.8949 33.2415 92.1141 79.0253 54.4059 30.8058 49.0408 75.7175 16.5529 28.0713 21.8403 44.6542 84.5049 
53.7641 77.4139 46.5296 82.4924 83.006 86.0233 0.0 94.084 91.4029 85.44 39.4588 107.166 84.5522 112.687 39.8121 58.2495 40.2616 5.83095 73.5459 71.1758 89.0225 65.73 19.105 87.0919 36.1386 75.2928 34.2053 119.856 41.0156 99.918 15.0 74.3236 8.94427 54.3415 14.1421 93.8154 89.5545 7.61577 82.0366 52.9528 43.061 54.3364 73.4098 72.0069 78.1025 79.6216 82.0 80.2309 91.5478 67.2309 30.3645 97.7506 17.6918 64.9384 28.0713 32.573 97.1288 55.0818 51.0392 5.0 7.81025 94.4694 90.9175 63.561 68.4471 22.561 63.5059 81.0062 91.0494 59.1354 28.1603 31.6228 72.566 37.0 92.7038 89.6772 84.0238 76.1643 58.0517 70.7107 
45.4225 50.9902 49.7859 77.1298 24.0416 41.2311 94.084 0.0 6.7082 43.0813 78.3692 22.2036 9.53663 20.8806 78.4128 76.531 61.5225 88.2556 51.6236 71.3442 69.8928 34.3681 96.5939 71.1688 64.5392 28.0179 62.872 25.807 77.2688 23.3238 97.4959 36.2215 92.2972 55.6015 84.8007 10.6301 32.249 98.0171 55.6597 77.501 60.7836 43.5262 36.1248 65.4905 49.4773 21.0238 68.4105 79.0759 35.5106 40.05 82.9408 7.07107 78.6644 75.0267 77.0713 66.605 28.3196 50.8679 69.7388 89.868 92.4232 19.105 25.807 52.0384 35.2278 82.5843 39.174 69.1231 8.06226 70.1783 72.6639 67.1847 23.7351 62.1434 35.805 57.7754 68.4105 59.8415 75.5381 56.3205 
40.5854 44.5533 50.0622 82.0933 29.2504 34.5398 91.4029 6.7082 0.0 36.4005 73.1833 19.2354 11.0454 26.1725 79.3095 71.0211 61.9872 88.497 56.4131 75.1657 63.2456 29.531 91.3512 64.56 59.7021 32.8801 58.0349 27.6586 71.9264 30.0167 92.4297 40.9285 87.4601 57.2189 85.042 5.09902 25.5539 93.18 60.8274 79.2275 55.9464 38.6891 40.4549 69.5362 54.4864 15.1327 73.4553 72.6911 28.8444 43.1856 83.2889 6.40312 74.2376 69.1809 77.3219 61.3838 34.8281 45.8803 71.3442 90.1093 92.6645 25.6125 31.8904 55.1453 29.8329 82.843 41.0122 74.1231 1.41421 73.0068 72.9085 62.0354 18.898 57.3063 41.8688 51.0784 61.8466 53.4603 70.0357 60.3229 
43.9318 11.6619 62.5732 107.954 67.5874 2.0 85.44 43.0813 36.4005 0.0 52.4309 37.4833 42.4382 60.8276 91.2414 43.8292 73.5459 81.2527 82.848 98.8838 26.9258 38.4838 78.7978 28.4429 49.3356 61.7061 55.0818 55.2268 62.4509 66.2118 81.5445 69.7624 79.3932 75.7694 84.5931 33.9559 12.0 85.2157 90.7462 96.2451 42.72 41.9762 69.4687 94.1541 83.7055 24.2074 100.733 38.1182 10.4403 67.9824 91.1373 40.025 70.0357 39.3573 84.0952 52.8867 70.6483 30.3645 88.2742 84.1724 88.8426 61.4641 67.5427 77.8974 20.6155 87.023 63.2996 100.887 35.1141 92.8493 79.1012 53.8516 32.0156 48.5077 77.5159 14.7648 26.0768 19.9249 43.0116 85.4971 
42.478 42.0595 55.8028 102.524 88.27 53.6004 39.4588 78.3692 73.1833 52.4309 0.0 83.6943 80.9225 99.1384 65.0692 18.9737 55.2275 37.6431 87.3349 90.2127 50.1597 53.8833 27.2029 48.0416 20.2476 81.7523 29.726 99.1384 25.1245 104.86 30.5941 82.3601 31.0644 69.5719 45.618 73.815 60.1576 36.0139 96.5443 75.9622 27.1699 43.0503 81.3725 90.0033 90.5797 58.2603 99.9705 40.7922 60.959 75.991 59.4054 79.1308 31.6228 25.4951 53.2635 18.1245 102.825 28.5404 70.7134 40.5216 45.607 99.3987 96.5032 78.203 43.3962 52.1536 71.185 99.221 72.5048 78.7607 49.5177 18.3606 57.3158 21.7814 100.42 52.811 45.1774 38.6005 18.6815 87.1336 
56.7652 48.5077 69.175 99.2472 46.0977 35.5106 107.166 22.2036 19.2354 37.4833 83.6943 0.0 30.0666 28.0179 98.4886 79.3095 81.1 102.071 73.8241 93.5361 63.0079 46.0652 106.258 65.0077 74.2496 50.1597 73.7984 18.0278 86.8332 41.0488 107.564 58.4209 103.078 76.4199 102.093 14.5602 25.7099 108.853 77.6209 98.4124 69.4262 54.8689 58.3095 87.6926 71.5891 27.6586 90.471 75.5381 27.1662 62.0081 102.402 15.1327 90.0011 75.8947 96.0932 76.4853 47.5079 57.8014 90.5539 104.746 109.359 38.9102 46.6154 74.0068 41.2311 101.048 60.1332 91.2195 18.4391 92.0217 91.3464 77.2334 35.3553 72.1803 56.3649 50.01 63.1269 57.2713 78.3901 78.5175 
41.9516 48.6619 40.2492 71.1728 29.5555 40.8044 84.5522 9.53663 11.0454 42.4382 80.9225 30.0666 0.0 30.1176 68.9638 73.0622 52.0 78.7238 45.1741 64.1395 68.4251 31.993 93.3053 69.4373 61.9251 21.8538 59.4012 35.3089 73.798 30.8743 94.025 29.9102 88.8264 46.3897 75.2688 16.1245 33.2415 94.5463 51.2634 68.3593 57.3128 40.0553 29.4286 58.5099 44.3251 18.3576 62.9696 76.423 36.7967 32.1403 73.4098 15.5242 69.1325 71.6619 67.5352 63.1341 35.3089 47.397 60.531 80.3361 82.8913 26.1247 32.2033 44.1022 31.7617 73.0616 30.0666 63.4368 12.1655 62.0 63.1348 63.7138 20.2642 59.2962 42.1765 57.1402 66.4433 57.2689 72.0689 49.2966 
66.1924 70.1142 66.4916 81.0247 31.7805 58.8558 112.687 20.8806 26.1725 60.8276 99.1384 28.0179 30.1176 0.0 91.7878 97.1648 76.6351 106.858 58.2495 78.0897 87.6641 63.2347 117.546 89.2693 86.1659 38.9487 83.6419 15.8114 98.0387 18.0 118.266 44.9444 113.067 67.5352 102.614 27.074 49.0306 117.89 59.0762 88.0227 81.5535 64.2961 45.31 72.0069 54.5894 41.3038 72.0278 98.2497 51.6624 50.9902 97.9081 21.0238 97.2671 95.3362 92.87 87.3749 25.02 71.6378 81.0247 108.471 110.673 19.9249 27.4591 62.0322 55.9017 99.0409 51.6236 73.0616 27.074 80.0062 89.0824 87.9546 44.505 83.537 35.0143 74.9533 86.8332 79.1012 96.1769 63.561 
47.3814 87.6413 30.0666 43.0116 60.208 90.934 39.8121 78.4128 79.3095 91.2414 65.0692 98.4886 68.9638 91.7878 0.0 82.6221 18.0 35.7351 40.2244 32.1403 105.457 55.0091 57.0088 104.584 52.4776 52.8394 40.5429 103.206 58.8197 76.6094 53.7587 47.8017 45.8803 24.4131 25.7099 83.9524 90.05 47.2969 46.9574 13.1529 58.6032 49.366 47.2017 34.2053 45.2217 75.1066 43.7379 102.621 93.1344 41.0488 10.0499 84.4808 34.2053 87.8985 12.53 48.6044 71.7008 65.6484 13.4164 34.9285 33.1361 72.4017 66.4003 31.8277 70.7107 17.2627 40.2492 42.5793 80.05 20.3961 15.5563 47.8017 65.192 50.9975 64.3506 100.96 100.995 90.7133 82.0222 35.8469 
49.7814 32.2025 66.9673 119.201 86.2443 45.4863 58.2495 76.531 71.0211 43.8292 18.9737 79.3095 73.0622 97.1648 82.6221 0.0 72.512 56.6127 98.2531 107.497 33.5261 53.2075 44.0454 31.0483 36.9255 80.6713 46.4039 95.8175 41.8024 98.5664 48.0 86.0177 49.6488 82.5373 64.4748 71.0634 54.1202 54.231 106.364 93.2467 43.8478 48.7528 85.138 104.403 99.3417 55.9017 113.491 22.0907 53.8516 83.4485 77.6981 76.6877 50.1199 7.07107 71.2811 34.8024 100.366 27.2947 87.9979 59.4811 64.56 93.8168 94.0446 89.3675 41.3038 70.7107 78.4339 113.107 70.214 96.0452 67.2012 35.0385 56.0 38.4593 99.8823 39.4081 28.7924 25.4951 1.0 98.2981 
29.6142 70.5762 12.1655 47.0106 45.9674 73.1676 40.2616 61.5225 61.9872 73.5459 55.2275 81.1 52.0 76.6351 18.0 72.512 0.0 34.7131 33.3766 35.3412 89.0056 37.0135 53.0848 88.193 42.3556 38.2099 41.5827 87.2948 48.7096 62.9365 51.0098 35.2278 43.0465 14.1421 27.7308 66.5513 72.0625 46.5296 42.107 23.8537 46.2508 31.5759 34.4093 34.2053 37.855 57.1402 44.1475 87.3731 75.1665 28.0179 21.4709 67.4166 27.1662 75.8393 16.2788 38.4824 59.0339 49.2443 16.9706 35.4401 36.2491 58.0517 53.1507 23.3452 52.9534 22.6716 25.4558 43.4166 62.6711 24.4131 13.0384 37.6798 47.2652 40.8756 53.3385 83.8153 84.5991 74.2428 71.9121 31.0 
48.6688 73.5527 40.7063 77.9295 77.1751 81.7435 5.83095 88.2556 88.497 81.2527 37.6431 102.071 78.7238 106.858 35.7351 56.6127 34.7131 0.0 68.0661 66.4831 86.2844 63.3387 21.4709 84.4808 32.249 69.4622 28.8444 114.028 37.1603 94.0896 18.0278 68.542 10.2956 48.8365 10.2956 88.7201 84.8646 12.0 76.6551 48.7647 39.2056 49.2411 67.624 67.0298 72.5672 74.5263 77.0584 78.339 86.977 61.4654 26.8328 93.9794 12.2066 63.0635 23.5372 28.4429 91.3017 50.9902 46.2709 3.0 8.06226 88.641 85.0882 58.0517 63.6946 18.7883 57.6975 76.1052 85.9541 54.4518 23.0 27.4591 67.4708 32.7567 86.9253 86.2186 81.3019 73.0 56.3205 65.3758 
59.958 84.1724 31.7805 26.0 28.0179 81.8559 73.5459 51.6236 56.4131 82.848 87.3349 73.8241 45.1741 58.2495 40.2244 98.2531 33.3766 68.0661 0.0 20.025 104.652 45.2548 86.0233 104.69 69.197 24.0416 65.2529 72.3395 80.2104 40.8044 84.214 15.5242 76.3217 19.2354 60.4401 61.1903 76.3331 79.9062 9.21954 32.0156 69.921 58.0617 15.8114 14.0 5.0 60.8377 18.0278 107.827 79.9365 14.8661 49.2443 58.6941 60.0333 99.1771 47.1699 69.3727 34.5398 70.8952 27.0185 68.6586 68.9638 38.4708 30.8058 10.0499 63.7027 53.8516 19.8494 18.3576 57.3396 23.0217 45.607 69.8197 51.6906 66.2352 25.5539 95.9786 101.178 90.6273 97.2583 5.38516 
60.4155 99.1788 40.3609 11.7047 48.0 97.949 71.1758 71.3442 75.1657 98.8838 90.2127 93.5361 64.1395 78.0897 32.1403 107.497 35.3412 66.4831 20.025 0.0 119.523 60.5392 86.885 119.523 77.9317 43.4166 73.9876 92.3472 83.6948 60.4152 84.1724 35.1283 76.1183 24.7588 57.0789 80.2569 94.0558 78.4092 20.5913 19.6469 78.6556 72.8946 35.2278 6.08276 23.5372 77.7486 12.083 119.691 97.5241 32.28 42.19 78.4092 61.6847 108.158 43.1045 73.4676 53.8516 81.0977 20.2237 66.1891 65.0 58.4209 50.636 21.0238 79.0759 49.0 35.8469 10.7703 76.305 12.0416 43.7379 72.665 67.81 74.9699 44.2719 111.517 116.013 105.46 106.897 15.0333 
61.0328 20.6155 80.2621 129.199 93.5794 28.8617 89.0225 69.8928 63.2456 26.9258 50.1597 63.0079 68.4251 87.6641 105.457 33.5261 89.0056 86.2844 104.652 119.523 0.0 59.397 76.9415 2.82843 62.9789 86.8493 66.1287 81.0247 67.8558 92.8756 80.6226 92.1957 81.0247 95.8321 92.3968 60.8769 38.6394 86.1452 112.594 112.77 48.4785 59.4054 91.3161 115.172 105.553 50.0899 122.381 15.6205 36.2215 89.8053 102.786 66.9403 77.2948 26.5707 95.8176 60.8558 97.3102 39.8121 105.309 89.2749 94.3398 88.126 95.293 98.7729 41.1096 97.0518 84.8646 122.441 61.9839 111.445 91.1866 61.0918 56.0357 55.8362 105.266 13.0 5.0 14.7648 33.2415 106.912 
14.9124 38.9487 25.02 70.0 33.8886 37.6962 65.73 34.3681 29.531 38.4838 53.8833 46.0652 31.993 63.2347 55.0091 53.2075 37.0135 63.3387 45.2548 60.5392 59.397 0.0 66.2661 59.4643 34.8859 27.5263 32.362 57.0375 46.7588 50.4786 66.9858 32.8727 61.7872 37.3363 60.2403 32.0416 35.2278 67.5071 53.2635 58.2495 32.3648 13.0161 31.993 56.0357 46.2277 20.2237 63.0317 62.7694 38.4708 30.4138 57.0738 35.8787 48.5647 53.7587 50.5209 36.0949 48.4434 25.8497 50.2195 64.9511 67.5063 45.0173 42.1218 39.6611 18.6011 55.4666 25.4951 63.1269 29.2354 54.4243 45.7701 36.6746 10.7703 32.257 47.5265 51.0392 55.9732 45.4533 52.2128 47.634 
54.3002 68.942 57.1246 98.4886 100.092 79.863 19.105 96.5939 91.3512 78.7978 27.2029 106.258 93.3053 117.546 57.0088 44.0454 53.0848 21.4709 86.0233 86.885 76.9415 66.2661 0.0 74.6726 32.5484 85.8774 37.6962 118.858 37.4253 116.682 4.47214 85.1041 11.1803 67.0075 31.7648 93.6056 86.6061 12.2066 95.0 69.8928 39.4707 54.8725 84.1699 86.8332 90.2353 78.6349 96.8762 66.0 87.1119 78.1096 48.3011 97.6989 26.0 51.0882 44.5982 30.0 107.711 51.5121 66.7083 23.0217 26.9072 111.221 101.498 76.0066 65.8686 40.2492 74.1618 96.026 91.0555 74.9533 43.1741 29.4109 72.8011 34.0588 103.483 80.0062 72.0069 65.8027 44.1022 84.0536 
60.6053 21.095 79.6144 129.199 94.5569 30.4138 87.0919 71.1688 64.56 28.4429 48.0416 65.0077 69.4373 89.2693 104.584 31.0483 88.193 84.4808 104.69 119.523 2.82843 59.4643 74.6726 0.0 61.3944 86.9624 65.0 83.0 66.2713 94.0589 78.4092 92.3088 79.0 95.1844 90.802 62.3699 40.3113 84.0536 112.707 112.004 47.2144 59.0339 91.4291 115.172 105.666 51.0784 122.381 12.8062 38.0526 89.8721 101.533 68.4471 75.7104 24.0416 94.583 59.2713 98.4935 38.9487 104.623 87.4643 92.5419 89.3093 96.2705 98.7729 41.4005 95.7877 84.8646 122.441 63.3246 110.797 89.9522 59.5074 56.6039 54.5721 106.244 15.1327 3.60555 14.2127 30.8058 106.912 
24.3311 41.3038 37.6649 89.0353 70.1322 49.98 36.1386 64.5392 59.7021 49.3356 20.2476 74.2496 61.9251 86.1659 52.4776 36.9255 42.3556 32.249 69.197 77.9317 62.9789 34.8859 32.5484 61.3944 0.0 63.6144 14.4222 87.2009 13.1231 85.302 33.8552 64.2222 30.0653 53.2349 37.3363 61.8466 54.2033 35.8879 78.4065 63.0903 7.0 24.7386 63.2346 75.1006 72.4418 46.6905 84.1885 56.9246 55.9017 57.8532 48.3322 66.0498 22.2036 42.202 41.5933 4.12311 83.2668 18.9737 57.8416 35.2278 40.1123 79.8407 76.9452 60.0651 33.6006 42.0595 53.0471 83.8051 59.4054 65.8889 37.2156 5.09902 41.3401 3.0 82.2819 54.037 58.0583 41.2382 36.3256 68.9957 
42.3762 66.3341 28.8444 49.98 7.81025 60.1064 75.2928 28.0179 32.8801 61.7061 81.7523 50.1597 21.8538 38.9487 52.8394 80.6713 38.2099 69.4622 24.0416 43.4166 86.8493 27.5263 85.8774 86.9624 63.6144 0.0 59.6703 50.9608 74.6278 24.8395 84.1052 8.544 76.3365 28.6356 64.8151 37.9712 53.1038 80.5002 29.6816 49.7293 59.8286 40.4799 8.24621 37.6563 22.8254 37.6084 41.6293 90.219 56.7072 12.3693 59.203 35.0571 59.8774 81.2715 54.4885 63.7901 21.9317 53.3135 42.3792 71.0211 73.0068 19.8494 15.6525 24.1868 45.8567 60.8112 12.8062 42.1545 34.0194 42.4264 50.9313 64.2371 39.5026 60.6526 20.025 76.3865 83.4818 72.9752 79.6765 28.4429 
20.3961 49.4975 33.7208 85.0912 66.1881 55.2268 34.2053 62.872 58.0349 55.0818 29.726 73.7984 59.4012 83.6419 40.5429 46.4039 41.5827 28.8444 65.2529 73.9876 66.1287 32.362 37.6962 65.0 14.4222 59.6703 0.0 85.5414 22.6015 82.778 37.5899 60.2781 31.4006 49.2908 29.8329 60.4474 57.0382 36.8782 74.4624 51.1556 19.2094 20.9684 59.2905 71.1565 68.4977 46.2536 80.2444 63.4283 59.4423 53.9091 36.9456 64.3826 16.6433 51.6803 29.9535 11.7047 80.7429 26.6833 58.2085 31.3847 35.3412 77.3168 74.4213 56.121 35.908 32.0156 49.103 79.861 57.6814 64.7599 25.3225 11.4018 39.198 12.0416 78.3378 62.8013 61.4654 51.5461 45.804 65.0517 
68.0919 65.9242 75.5581 96.0469 44.7214 53.2353 119.856 25.807 27.6586 55.2268 99.1384 18.0278 35.3089 15.8114 103.206 95.8175 87.2948 114.028 72.3395 92.3472 81.0247 57.0375 118.858 83.0 87.2009 50.9608 85.5414 0.0 99.4329 33.3766 119.936 58.0517 114.967 79.3788 110.573 25.5539 43.2897 120.686 74.027 100.688 83.2166 66.1956 58.2495 86.2844 69.0652 41.1825 87.0517 93.3435 45.0444 63.3246 108.713 21.2603 104.437 92.8924 102.844 88.8903 40.4475 72.4707 93.3006 115.64 118.195 34.0147 42.0 74.9533 55.9017 108.357 62.98 88.0227 27.8029 93.1719 98.4362 89.5418 46.4044 84.8128 50.3587 68.0294 81.0555 74.8131 94.8683 77.5242 
35.3535 54.3982 48.6783 95.399 81.1455 63.0833 41.0156 77.2688 71.9264 62.4509 25.1245 86.8332 73.798 98.0387 58.8197 41.8024 48.7096 37.1603 80.2104 83.6948 67.8558 46.7588 37.4253 66.2713 13.1231 74.6278 22.6015 99.4329 0.0 97.7355 38.7321 75.2356 34.9422 62.4474 42.541 74.192 67.1808 40.7648 89.4198 69.4443 20.0454 35.9258 74.2479 82.8787 83.4552 59.2096 92.846 61.8015 68.9333 68.8665 54.1774 78.2741 27.4391 47.0789 47.5876 11.0 95.7003 32.0868 64.1955 40.1448 45.0555 92.2742 89.3787 71.0785 46.4433 47.6264 64.0605 92.0965 71.6308 72.2428 43.4093 11.2361 53.4072 14.6569 93.2953 67.0775 62.9351 54.0999 41.2025 80.0091 
65.3285 73.6434 53.6004 63.0317 17.0294 64.405 99.918 23.3238 30.0167 66.2118 104.86 41.0488 30.8743 18.0 76.6094 98.5664 62.9365 94.0896 40.8044 60.4152 92.8756 50.4786 116.682 94.0589 85.302 24.8395 82.778 33.3766 97.7355 0.0 108.726 28.8444 100.957 52.2015 89.6437 33.6006 55.5698 105.121 41.1096 71.5542 82.7808 63.4322 29.4109 54.3415 36.8782 43.4015 54.037 101.927 58.8303 35.609 83.6301 28.3196 84.4983 97.1661 79.196 86.8978 7.07107 72.9012 65.0 95.6922 97.8008 6.08276 10.2956 45.6508 57.2658 85.5862 37.4833 55.0818 31.3847 63.1585 75.743 87.3448 45.7684 82.6731 17.0294 80.9568 91.2183 82.4156 97.573 46.1736 
55.0199 71.8679 55.3524 95.7079 91.8317 82.6097 15.0 97.4959 92.4297 81.5445 30.5941 107.564 94.025 118.266 53.7587 48.0 51.0098 18.0278 84.214 84.1724 80.6226 66.9858 4.47214 78.4092 33.8552 84.1052 37.5899 119.936 38.7321 108.726 0.0 83.3319 8.06226 65.0692 28.2312 94.7945 87.9129 7.81025 93.086 66.7608 40.7775 55.5922 82.3977 84.3801 88.459 79.9312 94.4299 70.0286 89.6654 76.3374 44.7772 98.7774 24.3311 55.0091 41.4849 31.1127 105.939 52.8189 63.9531 19.2354 22.8035 111.941 99.7259 74.1687 67.1754 36.7696 72.3896 93.5361 92.134 72.1803 40.4475 30.4138 73.7564 35.3836 101.711 83.2406 75.6637 69.1231 48.0104 82.0061 
47.7226 71.6805 28.1603 41.4367 13.3417 68.1628 74.3236 36.2215 40.9285 69.7624 82.3601 58.4209 29.9102 44.9444 47.8017 86.0177 35.2278 68.542 15.5242 35.1283 92.1957 32.8727 85.1041 92.3088 64.2222 8.544 60.2781 58.0517 75.2356 28.8444 83.3319 0.0 75.5631 23.4307 62.7694 45.7057 61.1602 79.712 21.4009 43.0813 64.2944 45.8263 1.0 29.2746 14.4222 45.6648 33.1059 95.5654 64.7636 7.2111 55.1543 43.2897 59.1041 86.6179 51.225 64.3979 24.0416 58.6599 36.2353 69.7782 71.1969 25.0799 18.6011 17.088 51.203 57.8014 11.1803 33.6155 42.0757 35.171 48.2597 64.8449 39.191 61.2604 18.3848 83.479 88.8282 78.3216 85.0229 20.0998 
49.8213 70.3481 47.5837 87.6641 84.0629 80.0255 8.94427 92.2972 87.4601 79.3932 31.0644 103.078 88.8264 113.067 45.8803 49.6488 43.0465 10.2956 76.3217 76.1183 81.0247 61.7872 11.1803 79.0 30.0653 76.3365 31.4006 114.967 34.9422 100.957 8.06226 75.5631 0.0 57.1402 20.5913 89.8721 84.119 5.83095 85.1469 58.8218 36.9876 50.3936 74.629 76.3217 80.6226 75.4321 86.3713 71.7008 85.8755 68.5687 37.1214 93.8078 16.7631 56.4358 33.5261 26.9258 98.1697 49.029 55.9017 12.0416 16.4012 95.5088 91.9571 66.2722 63.2851 29.0689 64.6209 85.4751 87.1066 64.1327 32.3883 26.0768 68.6232 31.3847 93.9421 82.3772 76.0263 68.593 49.4975 74.027 
35.7188 75.5467 15.6205 35.805 35.8469 75.0267 54.3415 55.6015 57.2189 75.7694 69.5719 76.4199 46.3897 67.5352 24.4131 82.5373 14.1421 48.8365 19.2354 24.7588 95.8321 37.3363 67.0075 95.1844 53.2349 28.6356 49.2908 79.3788 62.4474 52.2015 65.0692 23.4307 57.1402 0.0 41.4367 62.1289 72.0347 60.6712 28.0179 22.0227 53.9588 37.6798 22.8035 21.9545 23.7697 55.9017 31.3847 94.9944 75.4321 16.6433 31.8904 61.8142 41.0122 83.4613 28.6531 53.4106 47.4236 56.4009 14.1421 49.4773 49.98 48.0208 42.0119 9.21954 55.4834 35.3553 16.4924 30.8707 58.1378 17.088 26.5707 51.4176 45.8912 50.2731 40.6079 87.8885 91.5793 81.0834 81.5425 17.1172 
45.3496 78.0 36.1248 68.3593 72.6223 84.8528 14.1421 84.8007 85.042 84.5931 45.618 102.093 75.2688 102.614 25.7099 64.4748 27.7308 10.2956 60.4401 57.0789 92.3968 60.2403 31.7648 90.802 37.3363 64.8151 29.8329 110.573 42.541 89.6437 28.2312 62.7694 20.5913 41.4367 0.0 88.744 86.8651 21.587 68.6586 38.833 44.2832 47.225 61.9112 58.0775 65.146 75.0814 68.0294 85.703 89.2693 55.5698 16.5529 90.5245 15.1327 70.5762 14.0 33.2415 86.267 55.0091 37.0 9.21954 8.544 84.386 80.2122 50.5964 65.7349 8.544 52.4309 67.0075 85.7259 45.0444 14.8661 32.249 67.0819 37.054 81.0062 91.0494 87.4757 78.5281 64.0781 57.2713 
43.09 43.0465 54.6262 86.8705 34.0277 32.0156 93.8154 10.6301 5.09902 33.9559 73.815 14.5602 16.1245 27.074 83.9524 71.0634 66.5513 88.7201 61.1903 80.2569 60.8769 32.0416 93.6056 62.3699 61.8466 37.9712 60.4474 25.5539 74.192 33.6006 94.7945 45.7057 89.8721 62.1289 88.744 0.0 22.4722 95.5925 65.6046 84.1487 57.6888 41.1937 45.546 74.6273 59.2636 15.6525 78.2326 71.1758 25.4951 48.2597 87.853 6.08276 76.6501 68.7314 82.0666 63.7024 38.8973 46.9574 76.2365 93.8113 96.3665 29.6985 36.4005 60.208 30.4631 87.0217 46.0 78.9004 4.0 78.0256 77.3198 64.3817 21.4086 59.5483 46.4004 48.3839 59.8415 52.0384 70.0928 65.414 
43.1045 22.8035 60.208 102.316 54.4701 10.0 89.5545 32.249 25.5539 12.0 60.1576 25.7099 33.2415 49.0306 90.05 54.1202 72.0625 84.8646 76.3331 94.0558 38.6394 35.2278 86.6061 40.3113 54.2033 53.1038 57.0382 43.2897 67.1808 55.5698 87.9129 61.1602 84.119 72.0347 86.8651 22.4722 0.0 89.9444 82.5134 93.3809 48.2597 41.1096 60.6744 89.2707 75.5751 16.5529 94.2105 50.0899 3.60555 62.3658 91.2688 28.4605 73.0548 50.3289 84.3801 57.2451 60.2163 35.805 85.3288 87.6641 92.0272 51.0392 57.1179 73.0348 21.1896 88.1192 58.3881 94.6536 24.1868 89.0225 79.404 58.1378 26.2488 52.7731 67.0911 25.9615 38.0526 31.5753 53.2353 80.1432 
55.5412 75.9605 51.7474 89.8053 88.2267 85.848 7.61577 98.0171 93.18 85.2157 36.0139 108.853 94.5463 117.89 47.2969 54.231 46.5296 12.0 79.9062 78.4092 86.1452 67.5071 12.2066 84.0536 35.8879 80.5002 36.8782 120.686 40.7648 105.121 7.81025 79.712 5.83095 60.6712 21.587 95.5925 89.9444 0.0 88.5664 60.4152 42.8101 56.1135 78.7718 79.0253 84.3445 81.2158 89.0505 76.3217 91.6981 72.7324 37.9473 99.5277 21.4709 61.131 35.3553 32.7567 102.333 54.8516 58.2151 12.3693 15.2643 99.6725 96.1208 69.8713 69.1158 30.0832 68.7846 88.0909 92.8265 66.3702 35.0 31.9061 74.3431 37.2156 98.1059 87.8635 81.1542 73.9797 54.1479 77.3175 
68.0684 92.0784 41.0 22.0227 31.6228 89.516 82.0366 55.6597 60.8274 90.7462 96.5443 77.6209 51.2634 59.0762 46.9574 106.364 42.107 76.6551 9.21954 20.5913 112.594 53.2635 95.0 112.707 78.4065 29.6816 74.4624 74.027 89.4198 41.1096 93.086 21.4009 85.1469 28.0179 68.6586 65.6046 82.5134 88.5664 0.0 37.0135 78.4786 66.1721 22.0227 15.0 7.07107 67.018 13.0384 115.938 86.1168 23.0217 56.4624 62.6418 69.0 107.288 55.0818 78.5822 34.2345 79.0057 33.541 77.1038 77.1298 40.1123 32.0624 19.0263 71.601 61.6847 28.3019 14.0 62.2345 27.8029 53.9351 79.0292 59.5889 75.4447 24.3311 103.877 109.226 98.7168 105.369 11.4018 
52.8016 94.0265 33.8378 30.0167 56.3028 95.6129 52.9528 77.501 79.2275 96.2451 75.9622 98.4124 68.3593 88.0227 13.1529 93.2467 23.8537 48.7647 32.0156 19.6469 112.77 58.2495 69.8928 112.004 63.0903 49.7293 51.1556 100.688 69.4443 71.5542 66.7608 43.0813 58.8218 22.0227 38.833 84.1487 93.3809 60.4152 37.0135 0.0 70.0929 54.7626 42.72 22.8254 36.8782 77.5242 31.6228 111.215 96.6902 37.3631 23.0217 83.7257 46.1411 98.5231 25.2982 59.2171 65.8635 73.0616 8.06226 48.0521 46.2709 68.1542 61.2699 26.0 75.8958 30.4138 38.3275 30.3645 80.1561 9.21954 27.2947 58.4144 67.4759 61.6103 57.4282 107.193 108.407 98.0051 92.6467 26.9072 
24.1868 34.3657 38.3888 89.7593 66.1909 43.4626 43.061 60.7836 55.9464 42.72 27.1699 69.4262 57.3128 81.5535 58.6032 43.8478 46.2508 39.2056 69.921 78.6556 48.4785 32.3648 39.4707 47.2144 7.0 59.8286 19.2094 83.2166 20.0454 82.7808 40.7775 64.2944 36.9876 53.9588 44.2832 57.6888 48.2597 42.8101 78.4786 70.0929 0.0 24.0208 63.3067 75.8245 72.514 42.2019 84.9124 45.596 49.7393 57.9253 54.7814 62.2656 29.1548 34.0622 47.927 11.0454 80.7457 12.53 62.8765 42.19 47.0956 77.3196 74.4241 60.7891 28.2843 48.7647 53.1193 84.529 55.5698 69.428 43.3828 12.0416 38.0789 7.61577 79.8288 47.0425 43.7141 34.2516 43.2478 69.7197 
2.0 39.8246 22.1098 82.571 46.8422 41.5933 54.3364 43.5262 38.6891 41.9762 43.0503 54.8689 40.0553 64.2961 49.366 48.7528 31.5759 49.2411 58.0617 72.8946 59.4054 13.0161 54.8725 59.0339 24.7386 40.4799 20.9684 66.1956 35.9258 63.4322 55.5922 45.8263 50.3936 37.6798 47.225 41.1937 41.1096 56.1135 66.1721 54.7626 24.0208 0.0 44.9467 68.544 59.1503 27.8572 75.7526 60.4401 44.0114 43.2571 50.1597 45.0368 37.1711 49.6488 43.2897 25.0882 61.397 21.6333 47.1657 51.9164 54.491 57.9709 55.0754 52.1445 21.3776 47.2969 38.2425 75.8121 38.3934 53.2923 38.3275 25.5352 19.8577 21.8403 60.4802 52.8015 55.4437 44.8219 47.7581 60.2837 
46.843 70.8008 27.2029 41.7852 13.6015 67.6769 73.4098 36.1248 40.4549 69.4687 81.3725 58.3095 29.4286 45.31 47.2017 85.138 34.4093 67.624 15.8114 35.2278 91.3161 31.993 84.1699 91.4291 63.2346 8.24621 59.2905 58.2495 74.2479 29.4109 82.3977 1.0 74.629 22.8035 61.9112 45.546 60.6744 78.7718 22.0227 42.72 63.3067 44.9467 0.0 29.4279 15.0 45.179 33.541 94.6858 64.2777 6.40312 54.4518 43.1856 58.1699 85.7382 50.448 63.4103 24.7588 57.7802 35.7771 68.8767 70.3278 25.4951 19.2094 16.7631 50.3234 57.0088 10.198 34.0147 41.5942 34.9285 47.4342 63.8573 38.3113 60.2728 19.3132 82.5993 87.9485 77.4419 84.1433 20.2237 
57.5844 94.8281 37.4433 14.1421 42.0119 93.1622 72.0069 65.4905 69.5362 94.1541 90.0033 87.6926 58.5099 72.0069 34.2053 104.403 34.2053 67.0298 14.0 6.08276 115.172 56.0357 86.8332 115.172 75.1006 37.6563 71.1565 86.2844 82.8787 54.3415 84.3801 29.2746 76.3217 21.9545 58.0775 74.6273 89.2707 79.0253 15.0 22.8254 75.8245 68.544 29.4279 0.0 17.4642 73.7753 10.0499 116.86 92.7111 26.9258 44.1475 72.5603 61.1882 105.327 44.1022 72.6516 47.8017 78.2666 21.2132 67.0075 66.2722 52.345 44.5533 16.4012 74.6324 50.3587 30.8869 9.21954 70.6755 13.9284 44.0454 71.8489 62.997 72.1388 38.2753 107.075 111.662 101.11 103.408 9.21954 
61.0466 85.0377 35.2278 27.6586 25.4951 82.5777 78.1025 49.4773 54.4864 83.7055 90.5797 71.5891 44.3251 54.5894 45.2217 99.3417 37.855 72.5672 5.0 23.5372 105.553 46.2277 90.2353 105.666 72.4418 22.8254 68.4977 69.0652 83.4552 36.8782 88.459 14.4222 80.6226 23.7697 65.146 59.2636 75.5751 84.3445 7.07107 36.8782 72.514 59.1503 15.0 17.4642 0.0 60.0797 18.9737 108.916 79.1785 16.1245 54.2033 56.5155 64.195 100.266 52.0 72.6175 30.3645 71.9839 32.0156 73.2462 73.6817 35.0571 27.1662 14.5602 64.5603 58.6941 21.4709 19.6469 55.8935 27.8029 50.2892 73.0645 52.5482 69.48 21.0238 96.8362 102.185 91.6788 98.3469 10.0 
29.7535 30.3645 45.0444 86.8206 43.4897 22.6716 79.6216 21.0238 15.1327 24.2074 58.2603 27.6586 18.3576 41.3038 75.1066 55.9017 57.1402 74.5263 60.8377 77.7486 50.0899 20.2237 78.6349 51.0784 46.6905 37.6084 46.2536 41.1825 59.2096 43.4015 79.9312 45.6648 75.4321 55.9017 75.0814 15.6525 16.5529 81.2158 67.018 77.5242 42.2019 27.8572 45.179 73.7753 60.0797 0.0 78.7151 58.2495 20.1246 46.8704 77.2924 20.8806 62.4563 54.0833 70.7396 48.8365 47.8361 31.305 69.4622 77.2016 81.3656 38.6519 44.7305 56.7275 14.8661 75.0985 42.0808 79.1582 14.3178 72.7807 65.9887 49.5782 10.0499 44.5533 55.1765 38.833 48.1041 39.0512 54.9181 64.6478 
66.6724 101.98 46.5296 9.0 44.3847 99.7408 82.0 68.4105 73.4553 100.733 99.9705 90.471 62.9696 72.0278 43.7379 113.491 44.1475 77.0584 18.0278 12.083 122.381 63.0317 96.8762 122.381 84.1885 41.6293 80.2444 87.0517 92.846 54.037 94.4299 33.1059 86.3713 31.3847 68.0294 78.2326 94.2105 89.0505 13.0384 31.6228 84.9124 75.7526 33.541 10.0499 18.9737 78.7151 0.0 125.518 97.8139 32.8024 53.7587 75.4321 71.1969 114.415 54.037 84.3642 47.0956 87.3546 31.0644 77.0 76.1643 53.1507 45.0999 24.4131 81.5659 60.208 37.5366 1.41421 74.8625 23.3452 54.0833 81.8162 69.5756 81.2267 37.1214 113.864 118.871 108.318 112.496 15.6205 
61.7171 28.1603 79.4244 130.795 101.543 40.1123 80.2309 79.0759 72.6911 38.1182 40.7922 75.5381 76.423 98.2497 102.621 22.0907 87.3731 78.339 107.827 119.691 15.6205 62.7694 66.0 12.8062 56.9246 90.219 63.4283 93.3435 61.8015 101.927 70.0286 95.5654 71.7008 94.9944 85.703 71.1758 50.0899 76.3217 115.938 111.215 45.596 60.4401 94.6858 116.86 108.916 58.2495 125.518 0.0 48.3735 93.0226 97.9789 77.2334 70.9366 15.2971 91.3891 54.8015 106.362 38.9487 103.999 81.2527 86.3481 97.1776 103.256 101.825 46.2385 91.3893 88.008 125.565 71.5681 110.545 87.2108 55.0376 62.0322 58.4584 113.229 26.9258 13.0 19.2354 22.2036 110.049 
46.0109 21.9317 63.3877 105.919 57.8473 8.544 91.5478 35.5106 28.8444 10.4403 60.959 27.1662 36.7967 51.6624 93.1344 53.8516 75.1665 86.977 79.9365 97.5241 36.2215 38.4708 87.1119 38.0526 55.9017 56.7072 59.4423 45.0444 68.9333 58.8303 89.6654 64.7636 85.8755 75.4321 89.2693 25.4951 3.60555 91.6981 86.1168 96.6902 49.7393 44.0114 64.2777 92.7111 79.1785 20.1246 97.8139 48.3735 0.0 65.9691 94.1329 31.3847 75.2861 49.6588 87.2067 59.0931 63.6003 37.2156 88.6454 89.8109 94.255 54.4059 60.4951 76.503 23.5372 90.7965 61.8564 98.257 27.4591 92.4446 82.2192 60.0083 29.7321 54.626 70.4683 23.3452 36.0139 30.3645 53.0 83.7466 
45.1534 69.3109 21.3776 40.3113 19.2354 66.9903 67.2309 40.05 43.1856 67.9824 75.991 62.0081 32.1403 50.9902 41.0488 83.4485 28.0179 61.4654 14.8661 32.28 89.8053 30.4138 78.1096 89.8721 57.8532 12.3693 53.9091 63.3246 68.8665 35.609 76.3374 7.2111 68.5687 16.6433 55.5698 48.2597 62.3658 72.7324 23.0217 37.3631 57.9253 43.2571 6.40312 26.9258 16.1245 46.8704 32.8024 93.0226 65.9691 0.0 48.1041 47.0106 52.1096 84.0487 44.0454 58.0289 31.1448 56.0907 30.0832 62.6498 64.0078 31.3847 25.4951 12.0 48.8371 50.6063 5.38516 33.0151 44.2832 30.1496 41.0488 58.4759 36.825 54.8914 25.4951 81.113 86.3713 75.8222 82.4537 17.8885 
48.1664 86.4431 33.2415 53.0 66.8431 91.0494 30.3645 82.9408 83.2889 91.1373 59.4054 102.402 73.4098 97.9081 10.0499 77.6981 21.4709 26.8328 49.2443 42.19 102.786 57.0738 48.3011 101.533 48.3322 59.203 36.9456 108.713 54.1774 83.6301 44.7772 55.1543 37.1214 31.8904 16.5529 87.853 91.2688 37.9473 56.4624 23.0217 54.7814 50.1597 54.4518 44.1475 54.2033 77.2924 53.7587 97.9789 94.1329 48.1041 0.0 88.7694 27.8029 83.2406 7.07107 44.2832 79.196 63.5957 23.0868 25.632 23.3452 79.0253 73.5935 40.2244 71.0 8.06226 46.4004 52.6118 83.9728 30.4138 12.0416 43.382 67.6831 47.1699 72.4707 99.745 98.033 88.3233 77.1751 45.1885 
46.9331 49.0918 55.5428 84.1724 31.0483 38.0789 97.7506 7.07107 6.40312 40.025 79.1308 15.1327 15.5242 21.0238 84.4808 76.6877 67.4166 93.9794 58.6941 78.4092 66.9403 35.8787 97.6989 68.4471 66.0498 35.0571 64.3826 21.2603 78.2741 28.3196 98.7774 43.2897 93.8078 61.8142 90.5245 6.08276 28.4605 99.5277 62.6418 83.7257 62.2656 45.0368 43.1856 72.5603 56.5155 20.8806 75.4321 77.2334 31.3847 47.0106 88.7694 0.0 84.3881 74.5453 82.8043 67.7315 34.0588 52.0 75.9539 95.5917 98.147 25.0 32.249 59.0085 35.7351 88.3255 45.3982 76.1577 6.7082 77.1215 78.391 68.3831 25.2456 63.654 42.19 54.4059 65.9242 58.0775 75.71 63.3877 
36.5988 63.0317 31.1246 73.3757 67.6039 70.406 17.6918 78.6644 74.2376 70.0357 31.6228 90.0011 69.1325 97.2671 34.2053 50.1199 27.1662 12.2066 60.0333 61.6847 77.2948 48.5647 26.0 75.7104 22.2036 59.8774 16.6433 104.437 27.4391 84.4983 24.3311 59.1041 16.7631 41.0122 15.1327 76.6501 73.0548 21.4709 69.0 46.1411 29.1548 37.1711 58.1699 61.1882 64.195 62.4563 71.1969 70.9366 75.2861 52.1096 27.8029 84.3881 0.0 55.9464 21.9317 18.1108 81.7107 40.1123 41.7852 14.7648 18.9737 79.0497 75.4981 50.01 51.8652 20.5913 48.1618 70.406 73.8841 49.98 18.868 17.1172 55.4008 22.0 77.4831 76.0066 72.3742 63.4032 49.6488 58.0775 
50.7054 27.7308 67.8913 119.262 87.1088 41.1461 64.9384 75.0267 69.1809 39.3573 25.4951 75.8947 71.6619 95.3362 87.8985 7.07107 75.8393 63.0635 99.1771 108.158 26.5707 53.7587 51.0882 24.0416 42.202 81.2715 51.6803 92.8924 47.0789 97.1661 55.0091 86.6179 56.4358 83.4613 70.5762 68.7314 50.3289 61.131 107.288 98.5231 34.0622 49.6488 85.7382 105.327 100.266 54.0833 114.415 15.2971 49.6588 84.0487 83.2406 74.5453 55.9464 0.0 76.6664 40.0789 101.601 28.2312 92.465 65.9697 71.0634 92.4165 95.342 90.2916 40.05 76.4853 79.3579 114.032 68.2642 99.011 72.4882 40.3149 55.4437 43.7357 100.747 33.3017 21.9317 20.0 7.0 99.2222 
41.3038 79.3442 27.2947 54.4518 62.2415 84.0238 28.0713 77.0713 77.3219 84.0952 53.2635 96.0932 67.5352 92.87 12.53 71.2811 16.2788 23.5372 47.1699 43.1045 95.8176 50.5209 44.5982 94.583 41.5933 54.4885 29.9535 102.844 47.5876 79.196 41.4849 51.225 33.5261 28.6531 14.0 82.0666 84.3801 35.3553 55.0818 25.2982 47.927 43.2897 50.448 44.1022 52.0 70.7396 54.037 91.3891 87.2067 44.0454 7.07107 82.8043 21.9317 76.6664 0.0 37.5899 75.1665 56.6035 23.0 23.0868 22.2036 74.3303 69.3542 37.5766 64.0078 6.7082 41.7253 53.0094 78.0058 31.0644 5.0 36.7151 61.1451 40.3113 69.0652 92.7529 91.0824 81.3324 70.7248 43.6807 
24.5159 45.1774 37.8406 85.1718 70.3078 53.4509 32.573 66.605 61.3838 52.8867 18.1245 76.4853 63.1341 87.3749 48.6044 34.8024 38.4824 28.4429 69.3727 73.4676 60.8558 36.0949 30.0 59.2713 4.12311 63.7901 11.7047 88.8903 11.0 86.8978 31.1127 64.3979 26.9258 53.4106 33.2415 63.7024 57.2451 32.7567 78.5822 59.2171 11.0454 25.0882 63.4103 72.6516 72.6175 48.8365 84.3642 54.8015 59.0931 58.0289 44.2832 67.7315 18.1108 40.0789 37.5899 0.0 84.8626 22.561 53.9684 31.4006 36.2215 81.4365 78.5411 60.2408 36.3593 37.9473 53.2228 83.9808 61.0882 62.0157 33.2866 1.0 42.8019 4.47214 82.4576 58.0086 55.9351 45.2964 34.2025 69.1714 
63.2933 78.6007 50.6063 56.0803 14.5602 68.8499 97.1288 28.3196 34.8281 70.6483 102.825 47.5079 35.3089 25.02 71.7008 100.366 59.0339 91.3017 34.5398 53.8516 97.3102 48.4434 107.711 98.4935 83.2668 21.9317 80.7429 40.4475 95.7003 7.07107 105.939 24.0416 98.1697 47.4236 86.267 38.8973 60.2163 102.333 34.2345 65.8635 80.7457 61.397 24.7588 47.8017 30.3645 47.8361 47.0956 106.362 63.6003 31.1448 79.196 34.0588 81.7107 101.601 75.1665 84.8626 0.0 73.4422 59.6406 92.7847 94.578 9.21954 6.32456 40.2244 61.7005 81.6884 33.8378 48.1664 36.2353 57.2451 72.0069 85.3096 50.203 81.7252 10.0 85.3986 96.3821 87.2077 99.4035 39.9249 
22.8035 23.0217 40.831 92.2014 58.8874 31.0161 55.0818 50.8679 45.8803 30.3645 28.5404 57.8014 47.397 71.6378 65.6484 27.2947 49.2443 50.9902 70.8952 81.0977 39.8121 25.8497 51.5121 38.9487 18.9737 53.3135 26.6833 72.4707 32.0868 72.9012 52.8189 58.6599 49.029 56.4009 55.0091 46.9574 35.805 54.8516 79.0057 73.0616 12.53 21.6333 57.7802 78.2666 71.9839 31.305 87.3546 38.9487 37.2156 56.0907 63.5957 52.0 40.1123 28.2312 56.6035 22.561 73.4422 0.0 65.7343 53.9351 58.6941 68.1516 67.1206 63.2312 16.6433 58.4209 51.076 86.9711 45.31 72.0135 51.9725 23.5372 29.2746 18.2483 72.5253 36.2215 35.3553 25.0799 26.3059 72.1618 
45.2047 86.4297 26.0 31.7805 49.2443 87.6413 51.0392 69.7388 71.3442 88.2742 70.7134 90.5539 60.531 81.0247 13.4164 87.9979 16.9706 46.2709 27.0185 20.2237 105.309 50.2195 66.7083 104.623 57.8416 42.3792 58.2085 93.3006 64.1955 65.0 63.9531 36.2353 55.9017 14.1421 37.0 76.2365 85.3288 58.2151 33.541 8.06226 62.8765 47.1657 35.7771 21.2132 32.0156 69.4622 31.0644 103.999 88.6454 30.0832 23.0868 75.9539 41.7852 92.465 23.0 53.9684 59.6406 65.7343 0.0 46.0435 45.0999 61.2699 54.7083 19.4165 67.925 29.1548 30.5941 30.0167 72.2496 8.24621 23.5372 53.1657 59.4138 56.3615 51.7397 99.5964 101.02 90.5539 87.398 22.4722 
50.0604 76.531 42.19 77.5242 78.7718 84.6463 5.0 89.868 90.1093 84.1724 40.5216 104.746 80.3361 108.471 34.9285 59.4811 35.4401 3.0 68.6586 66.1891 89.2749 64.9511 23.0217 87.4643 35.2278 71.0211 31.3847 115.64 40.1448 95.6922 19.2354 69.7782 12.0416 49.4773 9.21954 93.8113 87.6641 12.3693 77.1038 48.0521 42.19 51.9164 68.8767 67.0075 73.2462 77.2016 77.0 81.2527 89.8109 62.6498 25.632 95.5917 14.7648 65.9697 23.0868 31.4006 92.7847 53.9351 46.0435 0.0 5.09902 90.2503 86.6083 58.6941 66.4831 17.72 59.0593 76.0066 90.7932 54.1479 23.1948 30.4138 70.1461 35.6931 88.1419 89.2139 84.2912 76.0 59.203 65.7647 
