NAME  : Jabali_80_2_0.90_1_7
TYPE : SVRP
MODEL : FINITE_SUPPORT
NUMBER_OF_SCENARIOS : 200
DIMENSION : 80
EDGE_WEIGHT_TYPE : MATRIX
CAPACITY : 241
N_VEHICLES : 2
NODE_COORD_SECTION
1 4618 3812
2 5552 5022
3 5773 334
4 280 3115
5 4686 6144
6 6857 5772
7 964 2347
8 6770 4255
9 7391 1266
10 3411 3736
11 7761 3504
12 9000 6602
13 2282 3897
14 8614 5231
15 3435 8046
16 1375 4097
17 6925 18
18 5919 4906
19 3816 8289
20 4566 7845
21 4489 2587
22 2418 7437
23 5762 5774
24 7447 5242
25 2562 5386
26 4002 7592
27 3649 3499
28 4285 8251
29 3856 1188
30 7327 4164
31 3355 5761
32 6643 1628
33 4224 1477
34 8182 7054
35 7111 3876
36 4818 3723
37 6827 4537
38 2160 6012
39 4593 6732
40 2278 7441
41 5066 973
42 2094 2897
43 2114 5609
44 6499 800
45 2790 8488
46 2409 8378
47 2322 5205
48 7322 2234
49 5108 5009
50 1440 2440
51 3189 5607
52 5137 3374
53 4150 6683
54 3190 5747
55 3012 8620
56 3162 3826
57 8217 3579
58 1929 2915
59 5383 2195
60 2397 7975
61 6103 5522
62 8294 6486
63 7766 2231
64 6764 6405
65 27 2389
66 1948 5189
67 5975 2690
68 2337 5877
69 2701 7100
70 5818 6896
71 2038 4681
72 970 1896
73 2734 1774
74 1913 2318
75 7656 3042
76 3509 4423
77 1741 3402
78 6013 1443
79 5913 2656
80 3026 7027
DEMAND_SECTION
1 0.0
2 10.0
3 1.0
4 4.0
5 9.0
6 3.0
7 7.0
8 1.0
9 10.0
10 7.0
11 4.0
12 10.0
13 3.0
14 9.0
15 7.0
16 7.0
17 7.0
18 4.0
19 1.0
20 8.0
21 7.0
22 1.0
23 10.0
24 6.0
25 10.0
26 9.0
27 1.0
28 7.0
29 4.0
30 8.0
31 8.0
32 1.0
33 10.0
34 5.0
35 6.0
36 3.0
37 6.0
38 3.0
39 1.0
40 5.0
41 7.0
42 7.0
43 5.0
44 9.0
45 4.0
46 4.0
47 5.0
48 1.0
49 6.0
50 5.0
51 1.0
52 8.0
53 1.0
54 2.0
55 10.0
56 8.0
57 9.0
58 4.0
59 6.0
60 4.0
61 7.0
62 2.0
63 4.0
64 8.0
65 6.0
66 2.0
67 10.0
68 6.0
69 10.0
70 4.0
71 4.0
72 4.0
73 1.0
74 3.0
75 2.0
76 5.0
77 9.0
78 5.0
79 8.0
80 6.0
DEVIATION_SECTION
1 0.0
2 3.33333
3 0.333333
4 1.33333
5 3.0
6 1.0
7 2.33333
8 0.333333
9 3.33333
10 2.33333
11 1.33333
12 3.33333
13 1.0
14 3.0
15 2.33333
16 2.33333
17 2.33333
18 1.33333
19 0.333333
20 2.66667
21 2.33333
22 0.333333
23 3.33333
24 2.0
25 3.33333
26 3.0
27 0.333333
28 2.33333
29 1.33333
30 2.66667
31 2.66667
32 0.333333
33 3.33333
34 1.66667
35 2.0
36 1.0
37 2.0
38 1.0
39 0.333333
40 1.66667
41 2.33333
42 2.33333
43 1.66667
44 3.0
45 1.33333
46 1.33333
47 1.66667
48 0.333333
49 2.0
50 1.66667
51 0.333333
52 2.66667
53 0.333333
54 0.666667
55 3.33333
56 2.66667
57 3.0
58 1.33333
59 2.0
60 1.33333
61 2.33333
62 0.666667
63 1.33333
64 2.66667
65 2.0
66 0.666667
67 3.33333
68 2.0
69 3.33333
70 1.33333
71 1.33333
72 1.33333
73 0.333333
74 1.0
75 0.666667
76 1.66667
77 3.0
78 1.66667
79 2.66667
80 2.0
DISTANCE_MATRIX
0.0 26.4548 51.4799 60.208 39.0479 41.075 54.9075 29.2278 51.0784 17.8885 42.2019 70.355 32.8938 56.5557 59.946 44.9222 60.7227 25.5819 61.9102 56.7515 26.8948 57.3482 35.5524 42.2608 36.1386 52.7342 15.0 61.2752 43.6769 35.7771 32.0175 40.7063 40.8241 66.2274 33.2415 2.23607 30.387 44.5982 43.0759 58.1042 42.6009 41.0488 42.2019 48.6822 67.8223 67.9783 37.4833 42.7551 29.6952 49.6088 31.774 8.60233 40.7726 32.2844 68.3345 20.6155 47.8017 41.0488 25.6113 63.626 43.62 62.1709 47.3814 47.4752 65.7629 41.1947 23.7697 42.3792 51.6264 57.2314 38.0526 61.9529 39.1863 48.2136 42.19 18.0278 40.3113 38.0562 23.7697 48.8 
26.4548 0.0 61.8851 74.7003 20.1246 20.6155 70.7279 20.0998 55.9732 34.8087 36.6742 52.345 45.7436 42.4853 51.1417 56.6039 69.2026 5.09902 51.1417 43.4267 37.9509 55.687 10.2983 26.4197 40.7922 41.8003 35.2485 48.866 57.2638 27.0185 32.0 47.5079 51.5321 45.793 26.4764 25.245 19.0263 47.0425 28.9342 56.642 53.6569 56.8692 46.5296 57.4282 61.0663 63.0637 43.4166 44.6542 6.08276 65.4291 33.0606 25.1215 30.4141 33.0151 60.5348 35.9009 41.1947 56.8692 36.5756 60.0115 10.2361 43.2782 47.8853 24.7083 81.4694 47.8017 31.0644 45.0999 50.0377 26.3944 47.0106 74.8506 60.7707 64.0339 39.2173 28.0587 54.9616 47.5079 31.0644 46.202 
51.4799 61.8851 0.0 82.2982 81.7038 73.1642 69.029 54.3323 24.8395 56.3028 50.01 94.5304 68.0476 75.9539 112.721 78.9823 16.0312 60.7454 112.721 104.355 38.1838 106.844 70.9366 69.0652 81.6088 103.38 52.4309 110.445 28.1603 55.0091 81.6328 20.6155 26.2488 95.0211 51.0 49.2478 57.4282 90.802 90.5135 107.481 13.0 61.131 87.0919 11.4018 119.291 119.447 81.5414 32.8938 66.5385 64.2806 80.6066 42.9711 91.9933 81.4004 122.114 58.8303 54.1202 61.8466 26.0768 113.602 71.1645 89.0225 36.6742 80.8084 81.0555 83.863 31.3209 88.6002 101.4 85.147 78.2943 67.0671 45.5412 58.5491 44.3847 63.442 68.6804 15.1327 31.3209 99.1078 
60.208 74.7003 82.2982 0.0 72.0591 95.0945 13.9284 89.3845 98.732 42.4382 101.607 126.865 29.0 116.712 80.8084 20.6155 98.1835 79.5117 85.6154 86.1626 58.964 67.2681 84.5476 101.099 44.0114 79.3788 45.2769 88.2326 54.1479 95.8801 54.5619 87.9659 57.0088 120.051 93.1259 61.4003 90.5437 47.8539 75.4302 67.1863 70.0286 24.6982 43.1741 89.0225 82.2982 79.0569 40.4969 96.0493 70.7107 18.0278 52.3259 64.7863 71.5542 53.2259 84.4808 40.0 107.332 23.4094 69.6348 74.108 84.4853 117.595 101.399 98.9575 10.0499 37.3631 76.7389 47.2969 64.9384 90.2425 32.6956 18.0278 37.0 24.0208 100.129 46.669 20.0 80.399 76.7389 65.7343 
39.0479 20.1246 81.7038 72.0591 0.0 28.6356 70.778 37.0 74.4748 38.3877 53.7587 59.055 44.0093 53.7587 31.241 51.9216 88.4291 21.9317 31.2785 23.5635 57.1188 35.9026 15.0 38.1182 30.8058 21.9371 39.9494 29.0028 70.6444 43.4166 19.7231 66.8618 67.7915 57.1909 43.6578 41.284 35.171 34.176 9.07107 36.8782 72.8249 56.9787 35.3553 76.6136 41.0488 42.9418 34.2053 62.8885 24.9596 65.5387 21.6333 44.2894 10.2956 21.095 40.6079 38.3322 57.7235 56.9787 55.8353 39.9249 25.8885 49.6469 65.9094 29.0809 80.1977 38.6005 50.2341 32.6956 30.4138 23.2266 40.3113 74.9602 66.1537 64.1435 56.8595 29.3137 53.8578 66.6882 50.2341 26.4764 
41.075 20.6155 73.1642 95.0945 28.6356 0.0 91.1221 19.3132 60.4152 55.2029 32.5269 31.8277 66.0731 25.1794 53.8516 76.9626 76.6942 17.0 51.264 39.9249 51.965 63.0317 14.3178 10.4403 58.3495 44.1475 55.6427 46.0977 71.2779 22.0227 47.7598 55.0273 65.5463 25.4951 24.6982 39.8652 16.1555 62.6418 35.0151 64.0312 67.0075 77.2634 63.3246 66.0984 64.2884 67.4685 61.6481 47.5079 25.5102 85.8234 49.3964 39.7417 37.0135 49.0408 62.9365 56.2952 34.4093 77.2634 50.01 65.6201 26.4391 22.6716 48.6004 8.06226 101.864 66.0855 42.19 61.0328 58.0086 18.6815 67.1936 95.2449 81.1649 84.4282 37.6431 48.4391 75.3558 58.0517 42.19 54.0093 
54.9075 70.7279 69.029 13.9284 70.778 91.1221 0.0 84.0496 86.6833 37.3137 92.0337 122.893 26.9258 111.378 84.0952 24.5153 85.0059 75.5393 88.3629 87.0976 49.0982 72.3395 80.7453 97.127 46.0977 81.0494 39.9365 90.0944 41.0122 89.5837 55.109 76.1577 44.4072 116.249 85.8325 56.0518 85.2088 52.1536 74.7324 72.4431 57.0789 17.2047 47.0956 76.3217 87.2067 84.5931 43.0116 85.0941 66.7582 6.40312 52.9528 67.1995 71.5681 53.9351 89.0898 35.1561 97.859 15.8114 58.5235 79.511 79.9528 113.793 90.4765 94.425 13.0 41.1096 66.2118 51.0392 69.029 89.0209 35.0 5.38516 24.5153 12.53 89.8944 43.0181 17.2627 68.2495 66.2118 69.029 
29.2278 20.0998 54.3323 89.3845 37.0 19.3132 84.0496 0.0 41.3401 47.1163 16.7631 43.0813 62.0499 27.6586 67.6701 74.0007 57.3847 15.2971 66.7273 55.5943 36.2654 72.8011 23.3238 15.2971 60.2993 58.3287 44.1133 61.9328 55.5428 7.07107 52.0384 35.7351 49.7695 41.1947 6.7082 28.0179 3.16228 67.0 45.4626 73.7631 49.366 70.1909 66.1891 46.8402 77.5947 79.7118 62.6498 28.6007 26.1725 78.7509 53.0 26.9072 47.1699 53.0094 77.0632 49.8261 21.095 70.1909 32.9848 76.896 27.4165 35.9026 30.4138 27.313 94.905 66.9104 24.1868 65.0077 67.1863 34.1619 65.2818 85.9983 62.3733 72.554 20.2485 45.8891 69.5236 39.2046 24.1868 63.3246 
51.0784 55.9732 24.8395 98.732 74.4748 60.4152 86.6833 41.3401 0.0 64.1327 30.5941 75.2396 78.5175 56.1427 105.492 90.2718 18.0 53.0377 105.492 97.4121 43.7379 107.681 63.0317 53.4883 86.977 96.1505 60.0167 102.851 46.8188 39.0 83.0759 11.0454 42.45 78.1025 35.7771 48.8467 44.4185 95.6347 83.2844 108.545 31.305 75.06 92.9846 13.4536 115.416 117.333 88.0008 13.0 61.2209 81.0494 82.8324 42.72 84.7642 83.3428 114.885 67.082 33.0151 76.1052 30.1496 113.31 64.5862 71.3863 14.0 68.4763 99.4636 91.408 27.313 93.4077 101.85 75.2216 86.8851 85.8662 62.1691 74.8131 24.5153 68.3556 82.0 18.4391 27.313 98.4996 
17.8885 34.8087 56.3028 42.4382 38.3877 55.2029 37.3137 47.1163 64.1327 0.0 59.7746 86.9734 15.2971 74.4443 57.8705 27.4591 69.7782 39.6201 60.6383 56.0912 20.3961 51.8652 44.8261 61.2078 25.4951 51.788 4.12311 60.531 33.8378 53.6656 27.313 53.1507 31.8277 80.3299 51.0784 19.3132 48.2755 34.7131 42.4156 52.4309 43.6005 23.455 30.8058 58.3095 64.405 63.6318 25.2389 58.0 30.839 32.015 25.9422 23.1948 40.1123 26.8328 65.3911 3.0 65.4599 23.455 34.2053 58.8303 44.7638 77.8734 63.0317 59.236 48.169 27.7308 38.0132 32.5576 46.6476 56.5711 22.8035 41.4365 28.8498 30.6198 59.2284 9.21954 22.4722 47.7598 38.0132 44.7214 
42.2019 36.6742 50.01 101.607 53.7587 32.5269 92.0337 16.7631 30.5941 59.7746 0.0 45.0 75.0 26.0768 84.3739 87.0919 48.3735 32.0156 82.215 71.082 43.2203 89.56 39.8121 23.8537 76.0066 75.0325 56.3028 77.4205 59.6657 10.8167 68.3593 29.4279 53.9073 47.5395 10.198 40.5216 18.7883 83.1505 62.1664 90.5207 49.1935 82.387 82.0 40.1123 94.2985 96.4156 78.1025 18.0278 42.7551 85.7838 69.1809 37.1618 63.9062 69.2604 93.6144 62.6418 5.83095 82.387 36.1248 93.6376 44.1386 40.7922 17.088 40.3609 105.002 82.2192 26.8701 81.0987 83.9345 49.6488 79.9062 92.9139 69.2026 79.5088 6.08276 59.6825 81.8141 36.0555 26.8701 80.0812 
70.355 52.345 94.5304 126.865 59.055 31.8277 122.893 43.0813 75.2396 86.9734 45.0 0.0 97.8436 19.105 75.4255 108.733 93.1933 48.2701 71.1126 60.407 79.3123 88.295 45.607 28.178 89.0569 67.082 87.4132 65.0692 98.6154 40.025 78.4081 74.1687 92.8493 12.0416 44.1475 69.1451 40.7185 92.4454 62.5392 89.2693 91.6788 109.034 94.0341 85.0529 85.1469 89.3588 92.3965 63.0079 57.2806 117.594 80.1267 68.9638 64.2573 79.7194 83.0542 88.0656 42.2966 109.034 75.8947 88.955 58.2096 9.43398 61.2944 30.8869 133.634 96.8338 66.7608 91.3451 84.2021 44.3847 98.3748 127.015 109.395 116.199 51.0098 80.2096 107.126 79.9062 66.7608 80.3617 
32.8938 45.7436 68.0476 29.0 44.0093 66.0731 26.9258 62.0499 78.5175 15.2971 75.0 97.8436 0.0 88.1449 58.0775 12.1655 82.5409 50.555 62.0081 60.208 35.0143 48.0833 55.6963 72.1427 20.3961 54.3323 19.105 63.3877 44.0278 68.5992 28.2843 67.4759 42.4012 91.2001 66.1287 34.4819 63.2091 28.2312 47.8803 48.3839 55.0689 13.6056 23.2594 71.5681 62.3699 60.4401 18.0278 73.0616 41.7253 22.0907 26.1725 38.4708 44.643 27.1662 63.9531 12.3693 80.6536 13.6056 48.3735 55.3624 55.634 88.7436 78.1601 70.1062 36.3593 18.0278 53.0377 26.5707 43.9318 62.1927 11.4018 31.4006 30.2485 20.7703 74.5252 17.6918 9.84886 61.3922 53.0377 43.2897 
56.5557 42.4853 75.9539 116.712 53.7587 25.1794 111.378 27.6586 56.1427 74.4443 26.0768 19.105 88.1449 0.0 77.7817 99.0091 74.108 37.5899 74.5252 63.1506 63.4676 88.0057 39.0512 16.1555 83.0476 68.3593 71.4413 68.884 82.365 22.8254 72.5328 55.4437 76.5376 24.4131 26.8328 55.3459 26.1725 87.5557 60.1378 89.0056 74.0 97.5189 88.0227 66.1891 88.1192 91.6624 85.6407 44.0114 47.7896 106.079 74.0949 54.5619 62.1289 73.7631 86.4928 78.3023 23.1948 97.5189 59.0339 90.1998 48.7185 17.2047 42.19 29.2746 122.233 90.0541 49.6588 85.8662 83.0963 43.0465 89.4707 113.2 89.5754 99.7561 32.0156 70.4601 96.8515 61.6117 49.6588 79.1012 
59.946 51.1417 112.721 80.8084 31.241 53.8516 84.0952 67.6701 105.492 57.8705 84.3739 75.4255 58.0775 77.7817 0.0 60.6712 119.446 52.8605 5.65685 15.0333 74.5686 16.2788 44.823 64.2884 38.0132 9.84886 60.1664 11.1803 90.879 73.559 30.8058 97.8789 88.0262 63.6396 74.3672 62.182 65.6441 32.9848 26.2074 16.9706 98.957 71.6717 37.6563 107.631 10.4403 14.0 41.1096 93.9056 55.9767 80.0062 32.5576 68.4841 21.2132 31.5753 9.43398 57.0088 87.1345 71.6717 86.8524 13.9284 56.9056 67.0671 96.9261 48.5077 90.4268 43.566 81.2512 33.541 16.1555 35.171 49.163 89.0225 86.2026 78.8365 87.7133 48.7032 67.0075 97.7053 81.2512 15.1327 
44.9222 56.6039 78.9823 20.6155 51.9216 76.9626 24.5153 74.0007 90.2718 27.4591 87.0919 108.733 12.1655 99.0091 60.6712 0.0 93.4909 61.4192 65.307 65.5515 47.0106 48.0416 66.5858 83.006 23.4094 58.8218 31.257 67.72 51.584 80.55 34.0 79.2275 52.7497 101.816 78.1089 46.5725 74.3066 28.0179 55.0 48.0937 66.0846 18.0278 23.0868 82.7647 63.0079 60.208 19.9249 85.1469 52.2015 22.3607 31.7648 50.636 51.0 32.6497 65.0077 24.5153 92.72 17.8045 60.1332 55.1453 66.5235 99.6331 90.2718 80.0085 29.8329 17.1172 65.123 27.1662 45.0999 70.105 12.083 29.8329 34.6707 24.0832 86.6833 28.6531 10.6301 72.8354 65.123 45.5412 
60.7227 69.2026 16.0312 98.1835 88.4291 76.6942 85.0059 57.3847 18.0 69.7782 48.3735 93.1933 82.5409 74.108 119.446 93.4909 0.0 67.1193 119.446 111.405 50.2494 118.06 77.3886 70.6045 94.6452 110.105 65.7419 116.844 44.0454 56.0446 92.7289 21.9545 41.5933 95.7079 52.4976 58.4907 60.5392 103.821 97.2388 118.816 28.2843 76.4853 100.26 12.0416 129.371 128.162 94.8262 30.4138 73.9146 80.1561 92.4854 52.214 98.7186 92.9958 128.839 72.4983 51.0098 77.2787 36.6197 124.337 78.5406 89.1067 32.0 84.6936 97.0824 97.509 38.2884 101.615 112.338 90.4659 92.3093 83.0963 61.2944 74.3303 42.2966 76.4543 83.9542 22.8035 38.2884 109.511 
25.5819 5.09902 60.7454 79.5117 21.9317 17.0 75.5393 15.2971 53.0377 39.6201 32.0156 48.2701 50.555 37.5899 52.8605 61.4192 67.1193 0.0 52.8605 45.1455 37.0762 57.5674 10.2956 21.6333 45.8912 43.5192 40.0599 50.5848 56.3891 22.0907 37.0135 45.2217 50.6575 42.4853 21.8403 24.3721 14.0 52.0865 30.6531 58.5235 52.7731 61.6806 51.6236 55.5698 62.7852 64.846 48.5077 41.2311 11.0 70.2406 38.1182 24.2486 32.2025 38.0526 62.2537 40.7124 36.3456 61.6806 35.6931 61.8466 12.1231 39.4081 44.1022 22.3607 86.3947 52.8867 29.5466 50.1597 51.923 24.8523 52.0 79.6621 65.5821 68.8454 34.9285 32.8702 59.773 46.0977 29.5466 48.0833 
61.9102 51.1417 112.721 85.6154 31.2785 51.264 88.3629 66.7273 105.492 60.6383 82.215 71.1126 62.0081 74.5252 5.65685 65.307 119.446 52.8605 0.0 11.4018 76.8579 21.9317 49.7851 61.6847 42.2966 9.43398 62.6418 6.08276 93.1684 71.3999 34.1321 97.3205 90.3155 59.2115 73.1142 64.1463 63.9003 37.9473 26.2074 22.6274 103.842 75.6125 42.45 107.631 14.0357 18.4391 45.5412 93.8422 55.9767 84.0536 36.0555 70.4483 21.9545 35.0571 12.0416 60.0167 84.9753 75.6125 86.8524 19.2354 56.9056 63.0079 96.9261 45.3542 95.1262 48.2701 81.2512 38.3275 21.4709 32.6956 53.6004 93.1933 88.6228 82.7773 86.6602 51.4198 71.1758 97.7053 81.2512 19.9249 
56.7515 43.4267 104.355 86.1626 23.5635 39.9249 87.0976 55.5943 97.4121 56.0912 71.082 60.407 60.208 63.1506 15.0333 65.5515 111.405 45.1455 11.4018 0.0 80.4209 29.0689 38.6522 50.3289 42.1545 7.81025 57.6529 6.40312 88.0482 60.2669 32.0156 89.6055 85.1953 48.6621 61.9812 58.9875 52.7673 40.2244 18.4924 29.9666 96.127 73.6413 43.909 99.7141 25.0799 29.0172 45.6946 84.1046 48.2617 82.201 34.2053 67.5915 16.0 33.2415 23.3452 56.0 73.8241 73.6413 79.1374 28.6356 49.1906 52.0384 85.9891 33.9559 95.1893 49.1935 73.4396 39.9625 26.4008 21.4709 53.4883 91.5915 83.5576 80.806 75.5272 47.0106 69.857 89.9903 73.4396 23.3452 
26.8948 37.9509 38.1838 58.964 57.1188 51.965 49.0982 36.2654 43.7379 20.3961 43.2203 79.3123 35.0143 63.4676 74.5686 47.0106 50.2494 37.0762 76.8579 80.4209 0.0 70.0039 47.0484 51.2672 44.7927 67.7205 16.2788 85.8602 24.0208 40.7703 44.7927 32.7567 19.105 76.5046 37.0191 24.6628 38.6271 53.9683 65.9285 70.6405 26.6271 39.7442 50.4071 38.4708 81.7912 81.4108 44.974 38.2099 42.6043 42.8483 43.7664 18.3861 55.7589 44.5602 82.5602 23.3452 49.0456 39.7442 13.9284 76.7615 47.2303 71.8031 43.4166 58.7703 62.0666 47.8018 18.2483 51.7624 64.5602 61.9016 43.1741 50.0177 26.9072 36.5734 41.2334 26.6018 39.8121 27.7308 18.2483 62.2677 
57.3482 55.687 106.844 67.2681 35.9026 63.0317 72.3395 72.8011 107.681 51.8652 89.56 88.295 48.0833 88.0057 16.2788 48.0416 118.06 57.5674 21.9317 29.0689 70.0039 0.0 50.636 73.1882 27.8568 21.5407 55.0 27.0185 85.703 79.3095 25.4558 98.052 83.4086 76.922 79.404 59.5842 71.0634 20.2237 32.1496 1.0 94.3923 61.329 25.318 106.019 15.0333 12.3693 30.0832 97.1798 60.522 69.0507 26.2488 65.8863 26.1725 25.4951 17.2627 50.2494 93.6216 61.329 82.9482 7.28011 61.4509 79.4292 101.027 59.2115 77.1622 31.257 81.0936 21.587 5.83095 45.0999 37.6563 77.5242 77.9719 68.4938 92.4509 43.4166 55.9017 95.3931 81.0936 9.48683 
35.5524 10.2983 70.9366 84.5476 15.0 14.3178 80.7453 23.3238 63.0317 44.8261 39.8121 45.607 55.6963 39.0512 44.823 66.5858 77.3886 10.2956 49.7851 38.6522 47.0484 50.636 0.0 23.1948 44.0747 35.4816 45.2659 44.9907 66.3613 29.1548 33.5261 55.4707 60.6297 37.6431 30.0167 34.3425 21.0238 48.5077 22.6155 51.6236 62.7438 66.8866 49.0498 65.8635 54.7476 56.8647 47.3733 50.9313 15.1333 75.4465 35.1219 34.219 24.5153 34.7851 54.2161 45.9183 43.3244 66.8866 45.6731 54.1416 16.0623 36.2353 53.4135 15.8371 90.8693 51.8107 39.8121 46.8402 45.2769 17.2198 53.3516 84.868 70.7881 74.0513 43.566 38.0623 64.6485 56.3649 39.8121 41.3038 
42.2608 26.4197 69.0652 101.099 38.1182 10.4403 97.127 15.2971 53.4883 61.2078 23.8537 28.178 72.1427 16.1555 64.2884 83.006 70.6045 21.6333 61.6847 50.3289 51.2672 73.1882 23.1948 0.0 66.7986 54.5711 57.1464 56.4624 70.5801 14.5602 56.5155 49.6488 64.846 26.0192 18.2483 41.051 12.6491 71.5891 45.0465 74.1867 64.6297 83.2683 71.9951 60.8276 74.7262 77.8781 69.5189 40.4969 31.6678 91.8283 58.0673 40.8167 47.0425 57.7372 73.3757 62.3001 24.7588 83.2683 48.2701 75.9539 32.5967 20.6155 40.7063 17.2047 107.982 73.9323 39.4588 69.857 68.0294 29.1204 73.3512 104.068 79.2523 90.6236 29.5296 54.4579 81.3607 54.0093 39.4588 64.0312 
36.1386 40.7922 81.6088 44.0114 30.8058 58.3495 46.0977 60.2993 86.977 25.4951 76.0066 89.0569 20.3961 83.0476 38.0132 23.4094 94.6452 45.8912 42.2966 42.1545 44.7927 27.8568 44.0747 66.7986 0.0 35.4401 29.2062 44.3847 59.0643 67.3647 11.3137 76.462 57.28 80.5994 66.0681 38.3275 59.6825 9.21954 32.4795 28.2312 69.029 33.871 6.08276 83.0339 41.9762 40.1622 3.60555 78.8543 35.171 42.0476 9.21954 44.2719 28.0179 9.89949 43.566 23.3452 81.0987 33.871 58.6929 35.1141 50.2019 79.6488 83.3607 59.0827 53.1601 7.81025 59.7746 7.07107 23.5372 46.635 11.4018 51.0098 50.5139 41.0358 77.1622 18.7883 29.0 72.3869 59.7746 23.0217 
52.7342 41.8003 103.38 79.3788 21.9371 44.1475 81.0494 58.3287 96.1505 51.788 75.0325 67.082 54.3323 68.3593 9.84886 58.8218 110.105 43.5192 9.43398 7.81025 67.7205 21.5407 35.4816 54.5711 35.4401 0.0 53.6004 9.05539 84.031 63.753 26.0768 87.9791 81.1781 55.5428 65.0258 54.9703 56.3028 32.7567 16.8661 22.4722 94.5006 67.8862 36.6742 98.2893 20.2485 23.3452 38.8973 84.5008 46.6353 76.4199 28.1603 61.2723 12.53 27.1662 19.2354 51.3517 77.3284 67.8862 77.511 22.0227 47.5642 58.4209 87.5847 39.1152 88.6002 42.1545 71.9098 32.6497 18.6011 25.4951 46.8402 85.7088 79.5215 75.051 78.372 42.5793 63.7887 88.3639 71.9098 15.5563 
15.0 35.2485 52.4309 45.2769 39.9494 55.6427 39.9365 44.1133 60.0167 4.12311 56.3028 87.4132 19.105 71.4413 60.1664 31.257 65.7419 40.0599 62.6418 57.6529 16.2788 55.0 45.2659 57.1464 29.2062 53.6004 0.0 62.1767 30.8869 50.6063 30.0167 49.0306 28.4253 80.7696 47.8539 16.1245 45.2725 38.4187 43.9773 55.6058 39.8246 26.0778 34.6699 54.231 67.1193 66.5733 29.1548 54.0093 31.2788 34.6377 28.8444 19.4987 41.674 29.6816 67.9779 7.07107 62.0322 26.0778 30.0832 61.8547 45.2036 78.3132 59.0798 59.6758 50.7918 31.7805 34.0 36.2353 49.6488 58.815 26.9258 44.0592 26.0384 33.2425 55.6027 11.6619 25.4951 43.6578 34.0 47.5079 
61.2752 48.866 110.445 88.2326 29.0028 46.0977 90.0944 61.9328 102.851 60.531 77.4205 65.0692 63.3877 68.884 11.1803 67.72 116.844 50.5848 6.08276 6.40312 85.8602 27.0185 44.9907 56.4624 44.3847 9.05539 62.1767 0.0 92.572 66.6054 35.1283 95.0448 89.7191 53.1507 68.3197 63.5113 59.1058 41.1461 23.9317 27.8029 101.566 76.9404 45.31 105.355 20.0998 24.5153 47.8017 90.4431 53.701 85.4751 37.2156 73.0308 20.6155 36.2215 18.0 60.208 80.1311 76.9404 84.5767 25.0799 54.6299 57.0351 92.3277 39.8497 97.5295 50.9215 78.9755 41.2311 25.6125 27.7849 55.7853 94.7629 88.0644 84.1052 81.8657 51.3517 72.8354 95.4296 78.9755 23.3238 
43.6769 57.2638 28.1603 54.1479 70.6444 71.2779 41.0122 55.5428 46.8188 33.8378 59.6657 98.6154 44.0278 82.365 90.879 51.584 44.0454 56.3891 93.1684 88.0482 24.0208 85.703 66.3613 70.5801 59.0643 84.031 30.8869 92.572 0.0 59.5399 60.9016 37.1214 5.83095 95.8175 55.5698 43.9757 57.94 68.2373 74.6723 86.267 16.1245 33.6155 64.0386 35.5106 98.0051 97.4166 58.3886 48.0104 61.2917 36.1248 59.6825 37.699 72.0694 60.5392 98.8383 35.7196 65.192 34.176 23.6008 92.6499 75.2164 91.116 53.2541 78.0832 53.3385 60.2297 33.0151 66.1318 80.455 88.8278 54.3871 39.4588 17.4642 30.4138 55.8659 42.5441 41.2311 28.6356 33.0151 78.3901 
35.7771 27.0185 55.0091 95.8801 43.4166 22.0227 89.5837 7.07107 39.0 53.6656 10.8167 40.025 68.5992 22.8254 73.559 80.55 56.0446 22.0907 71.3999 60.2669 40.7703 79.3095 29.1548 14.5602 67.3647 63.753 50.6063 66.6054 59.5399 0.0 59.0085 35.2278 53.7122 40.1123 4.12311 34.4819 8.24621 74.0068 51.6488 80.2808 51.6624 76.6773 73.2462 46.3897 83.7809 85.8979 69.7209 26.0 33.0606 83.3338 60.0083 32.6497 53.4509 60.0 82.7992 56.3754 14.3178 76.6773 36.2491 83.1685 34.1725 34.0147 26.6271 30.0 101.391 73.9797 26.9258 72.0278 73.7564 38.833 72.325 90.5032 66.8782 77.0589 15.6205 52.9323 76.0592 40.1123 26.9258 69.857 
32.0175 32.0 81.6328 54.5619 19.7231 47.7598 55.109 52.0384 83.0759 27.313 68.3593 78.4081 28.2843 72.5328 30.8058 34.0 92.7289 37.0135 34.1321 32.0156 44.7927 25.4558 33.5261 56.5155 11.3137 26.0768 30.0167 35.1283 60.9016 59.0085 0.0 72.7213 58.2503 69.3292 58.2151 34.2536 51.0098 15.1327 21.2094 26.1725 69.1811 41.8155 15.6525 80.6884 37.1214 36.6197 14.8661 73.6275 26.0192 50.3587 2.23607 40.5556 17.0 1.41421 38.0789 26.2488 73.1095 41.8155 57.6176 32.0156 41.0606 69.0 77.5216 48.434 63.3246 19.105 55.7629 13.3417 19.8494 35.3649 21.9545 59.6825 55.9802 48.9803 70.214 18.3576 37.855 70.0624 55.7629 17.4929 
40.7063 47.5079 20.6155 87.9659 66.8618 55.0273 76.1577 35.7351 11.0454 53.1507 29.4279 74.1687 67.4759 55.4437 97.8789 79.2275 21.9545 45.2217 97.3205 89.6055 32.7567 98.052 55.4707 49.6488 76.462 87.9791 49.0306 95.0448 37.1214 35.2278 72.7213 0.0 32.311 75.326 31.4006 38.4708 38.8973 85.136 75.1131 98.808 22.6716 64.1249 82.4673 11.1803 107.804 108.388 77.4834 12.53 52.3473 70.406 72.4778 32.2025 77.1513 72.9882 107.272 56.0892 33.5261 65.192 19.105 104.365 56.9733 69.0652 17.0294 62.9682 89.0225 80.5385 17.2047 82.9063 92.3302 68.5228 75.9276 75.5844 51.6624 64.1327 23.7697 57.8383 71.007 8.60233 17.2047 89.5546 
40.8241 51.5321 26.2488 57.0088 67.7915 65.5463 44.4072 49.7695 42.45 31.8277 53.9073 92.8493 42.4012 76.5376 88.0262 52.7497 41.5933 50.6575 90.3155 85.1953 19.105 83.4086 60.6297 64.846 57.28 81.1781 28.4253 89.7191 5.83095 53.7122 58.2503 32.311 0.0 90.0859 49.7393 38.244 52.2015 66.4831 71.8195 84.0238 13.3417 34.9285 62.3699 32.0156 95.2488 94.8684 56.7274 42.72 56.1855 39.0512 57.2014 31.9674 69.2165 58.0086 96.0179 33.9706 59.4643 35.6931 17.8045 90.2109 60.8115 85.3844 48.0208 72.3516 57.0701 58.6003 27.2029 64.3506 78.0064 75.4829 52.7605 43.4166 20.025 33.0 50.2096 40.0 42.45 24.0416 27.2029 75.7253 
66.2274 45.793 95.0211 120.051 57.1909 25.4951 116.249 41.1947 78.1025 80.3299 47.5395 12.0416 91.2001 24.4131 63.6396 101.816 95.7079 42.4853 59.2115 48.6621 76.5046 76.922 37.6431 26.0192 80.5994 55.5428 80.7696 53.1507 95.8175 40.1123 69.3292 75.326 90.0859 0.0 44.0454 65.0175 38.3275 82.026 52.1199 77.8845 90.5539 102.39 84.1786 86.4696 73.2462 77.5242 84.1786 65.307 50.6371 110.95 71.5208 64.894 53.6656 70.7354 71.1126 81.4221 46.2385 102.39 73.9797 77.2787 51.566 7.2111 64.56 21.9317 126.373 88.3298 65.3758 80.9257 73.0548 34.1321 90.2076 120.372 106.292 109.555 53.6004 73.566 100.152 80.0 65.3758 69.2892 
33.2415 26.4764 51.0 93.1259 43.6578 24.6982 85.8325 6.7082 35.7771 51.0784 10.198 44.1475 66.1287 26.8328 74.3672 78.1089 52.4976 21.8403 73.1142 61.9812 37.0191 79.404 30.0167 18.2483 66.0681 65.0258 47.8539 68.3197 55.5698 4.12311 58.2151 31.4006 49.7393 44.0454 0.0 31.7805 9.21954 73.0616 52.1597 80.3617 47.5395 73.9217 72.0278 42.5793 84.2918 86.4089 68.2642 22.8254 32.5576 79.5826 59.0762 29.4109 53.8516 59.1354 83.7603 53.8516 15.0333 73.9217 32.2025 83.5703 33.9615 38.0526 24.0832 32.7567 98.6358 72.4431 22.8473 71.0282 73.7631 40.5488 70.5608 86.752 63.127 73.3077 13.6015 50.3387 73.3485 36.0555 22.8473 69.9214 
2.23607 25.245 49.2478 61.4003 41.284 39.8652 56.0518 28.0179 48.8467 19.3132 40.5216 69.1451 34.4819 55.3459 62.182 46.5725 58.4907 24.3721 64.1463 58.9875 24.6628 59.5842 34.3425 41.051 38.3275 54.9703 16.1245 63.5113 43.9757 34.4819 34.2536 38.4708 38.244 65.0175 31.7805 0.0 29.1771 46.8188 45.312 60.3403 40.3688 42.1931 44.3847 46.4501 70.0584 70.2144 39.6232 40.6079 29.8984 50.7531 34.01 6.40312 43.0087 34.5204 70.5706 22.1359 46.1736 42.1931 23.3793 65.862 34.5244 60.961 45.2769 46.2653 66.9072 43.2897 21.5407 44.5982 53.8624 49.1957 40.0125 63.0391 40.2725 49.5948 40.3113 20.0998 41.5933 35.8242 21.5407 51.0361 
30.387 19.0263 57.4282 90.5437 35.171 16.1555 85.2088 3.16228 44.4185 48.2755 18.7883 40.7185 63.2091 26.1725 65.6441 74.3066 60.5392 14.0 63.9003 52.7673 38.6271 71.0634 21.0238 12.6491 59.6825 56.3028 45.2725 59.1058 57.94 8.24621 51.0098 38.8973 52.2015 38.3275 9.21954 29.1771 0.0 66.0681 43.4367 72.0347 52.2398 71.3501 65.4905 50.0 75.5688 77.6858 62.1691 31.6228 25.0 79.9101 52.0865 28.6007 45.2217 52.0384 75.0373 50.9853 22.561 71.3501 35.6931 74.9466 26.0278 33.2415 33.2415 24.1661 96.0642 66.4906 27.074 64.1249 65.5134 31.3349 65.146 88.36 64.735 74.9156 22.8035 45.7576 70.6828 42.2966 27.074 61.6117 
44.5982 47.0425 90.802 47.8539 34.176 62.6418 52.1536 67.0 95.6347 34.7131 83.1505 92.4454 28.2312 87.5557 32.9848 28.0179 103.821 52.0865 37.9473 40.2244 53.9683 20.2237 48.5077 71.5891 9.21954 32.7567 38.4187 41.1461 68.2373 74.0068 15.1327 85.136 66.4831 82.026 73.0616 46.8188 66.0681 0.0 33.9061 20.3961 78.2432 41.2486 5.09902 92.2096 35.0571 32.5576 10.2956 87.1062 41.1096 48.8365 14.0 52.9245 28.6007 14.0357 37.0 32.5269 88.0227 41.2486 67.8686 27.4591 56.1664 83.1701 91.5289 61.9893 57.5587 11.0454 68.352 2.23607 17.1172 48.0616 17.4642 57.3149 57.8915 48.4134 84.7172 27.7849 35.6931 81.5626 68.352 18.0278 
43.0759 28.9342 90.5135 75.4302 9.07107 35.0151 74.7324 45.4626 83.2844 42.4156 62.1664 62.5392 47.8803 60.1378 26.2074 55.0 97.2388 30.6531 26.2074 18.4924 65.9285 32.1496 22.6155 45.0465 32.4795 16.8661 43.9773 23.9317 74.6723 51.6488 21.2094 75.1131 71.8195 52.1199 52.1597 45.312 43.4367 33.9061 0.0 33.1448 81.6345 60.968 36.0588 85.4232 36.1321 38.2491 36.0588 71.6982 33.7692 69.528 23.4009 53.099 6.0 22.6155 35.6006 42.3602 65.8905 60.968 64.645 35.5261 34.6982 53.264 74.7186 32.0832 83.8596 40.2099 59.0438 32.8058 27.0 18.1555 43.0488 78.9495 70.1817 68.1328 65.5059 33.3417 57.7136 75.4979 59.0438 23.0 
58.1042 56.642 107.481 67.1863 36.8782 64.0312 72.4431 73.7631 108.545 52.4309 90.5207 89.2693 48.3839 89.0056 16.9706 48.0937 118.816 58.5235 22.6274 29.9666 70.6405 1.0 51.6236 74.1867 28.2312 22.4722 55.6058 27.8029 86.267 80.2808 26.1725 98.808 84.0238 77.8845 80.3617 60.3403 72.0347 20.3961 33.1448 0.0 95.029 61.5797 25.4951 106.775 15.1327 12.1655 30.3645 98.0442 61.4769 69.2315 26.9072 66.6423 27.1662 26.1725 17.4642 50.774 94.5939 61.5797 83.7043 7.07107 62.4059 80.4114 101.891 60.208 77.1038 31.4006 81.8496 21.8403 6.7082 46.0977 37.855 77.6466 78.2226 68.7445 93.4059 44.0454 56.0892 96.1492 81.8496 10.4403 
42.6009 53.6569 13.0 70.0286 72.8249 67.0075 57.0789 49.366 31.305 43.6005 49.1935 91.6788 55.0689 74.0 98.957 66.0846 28.2843 52.7731 103.842 96.127 26.6271 94.3923 62.7438 64.6297 69.029 94.5006 39.8246 101.566 16.1245 51.6624 69.1811 22.6716 13.3417 90.5539 47.5395 40.3688 52.2398 78.2432 81.6345 95.029 0.0 48.2701 74.4043 19.4165 106.18 105.799 68.8186 34.7131 58.3103 52.0096 68.1548 34.0922 83.1144 68.9487 106.949 46.0435 54.2033 49.0306 17.1172 101.15 62.9364 85.1587 39.598 74.1687 69.4622 71.0211 25.1794 76.0592 88.9487 77.6077 65.3682 55.5788 33.0606 46.0977 44.4185 50.9903 55.7853 14.1421 25.1794 86.6561 
41.0488 56.8692 61.131 24.6982 56.9787 77.2634 17.2047 70.1909 75.06 23.455 82.387 109.034 13.6056 97.5189 71.6717 18.0278 76.4853 61.6806 75.6125 73.6413 39.7442 61.329 66.8866 83.2683 33.871 67.8862 26.0778 76.9404 33.6155 76.6773 41.8155 64.1249 34.9285 102.39 73.9217 42.1931 71.3501 41.2486 60.968 61.5797 48.2701 0.0 36.1785 66.3702 75.7859 73.6983 31.2642 77.7541 52.8995 11.1803 39.7303 45.5664 57.9471 40.727 77.4297 21.2974 88.1118 1.41421 45.4261 68.6056 66.0941 99.9339 83.0348 80.5663 29.0689 30.5314 57.9471 39.7442 57.3643 75.1622 23.854 20.6155 16.6433 8.06226 80.9088 29.1594 7.61577 57.0088 57.9471 56.8409 
42.2019 46.5296 87.0919 43.1741 35.3553 63.3246 47.0956 66.1891 92.9846 30.8058 82.0 94.0341 23.2594 88.0227 37.6563 23.0868 100.26 51.6236 42.45 43.909 50.4071 25.318 49.0498 71.9951 6.08276 36.6742 34.6699 45.31 64.0386 73.2462 15.6525 82.4673 62.3699 84.1786 72.0278 44.3847 65.4905 5.09902 36.0588 25.4951 74.4043 36.1785 0.0 88.6484 40.1123 37.6563 5.65685 84.9294 40.7922 43.7379 13.9284 50.2892 31.1127 14.3178 42.0119 28.4253 87.0517 36.1785 64.3074 32.5576 55.8539 84.626 89.4427 64.06 52.7731 6.0 65.8027 4.12311 22.0227 50.2143 12.3693 52.2398 52.8215 43.3433 83.2166 24.6982 30.5941 78.0014 65.8027 22.561 
48.6822 57.4282 11.4018 89.0225 76.6136 66.0984 76.3217 46.8402 13.4536 58.3095 40.1123 85.0529 71.5681 66.1891 107.631 82.7647 12.0416 55.5698 107.631 99.7141 38.4708 106.019 65.8635 60.8276 83.0339 98.2893 54.231 105.355 35.5106 46.3897 80.6884 11.1803 32.0156 86.4696 42.5793 46.4501 50.0 92.2096 85.4232 106.775 19.4165 66.3702 88.6484 0.0 117.555 116.174 83.2153 22.3607 62.099 71.0634 80.4448 40.1734 86.903 80.9552 117.024 61.0983 43.7379 67.2681 24.6982 112.297 66.725 80.1561 25.632 74.0 88.8144 86.0058 26.4008 90.0037 100.297 79.2637 80.9938 74.9667 52.0384 65.0077 34.2345 64.8431 73.7076 10.8167 26.4008 97.4709 
67.8223 61.0663 119.291 82.2982 41.0488 64.2884 87.2067 77.5947 115.416 64.405 94.2985 85.1469 62.3699 88.1192 10.4403 63.0079 129.371 62.7852 14.0357 25.0799 81.7912 15.0333 54.7476 74.7262 41.9762 20.2485 67.1193 20.0998 98.0051 83.7809 37.1214 107.804 95.2488 73.2462 84.2918 70.0584 75.5688 35.0571 36.1321 15.1327 106.18 75.7859 40.1123 117.555 0.0 5.0 44.5533 103.83 65.9013 83.7257 38.4838 76.3604 30.8058 37.5766 2.82843 63.1585 97.5665 75.7859 93.4224 8.544 66.8303 77.0 106.851 58.8558 92.1954 46.0977 91.1759 36.2215 18.4391 45.607 52.345 92.3472 93.1009 82.9507 97.638 55.4707 70.5762 105.209 91.1759 19.6977 
67.9783 63.0637 119.447 79.0569 42.9418 67.4685 84.5931 79.7118 117.333 63.6318 96.4156 89.3588 60.4401 91.6624 14.0 60.208 128.162 64.846 18.4391 29.0172 81.4108 12.3693 56.8647 77.8781 40.1622 23.3452 66.5733 24.5153 97.4166 85.8979 36.6197 108.388 94.8684 77.5242 86.4089 70.2144 77.6858 32.5576 38.2491 12.1655 105.799 73.6983 37.6563 116.174 5.0 0.0 42.45 105.828 67.8987 81.3941 37.7359 76.5164 32.6497 36.8917 7.81025 62.1772 100.14 73.6983 93.5784 5.09902 68.8276 81.0555 108.848 62.3939 89.0225 43.566 91.7599 33.9559 17.0 48.8365 50.01 89.8053 92.4424 80.8631 99.7447 54.9181 68.2495 106.023 91.7599 19.2094 
37.4833 43.4166 81.5414 40.4969 34.2053 61.6481 43.0116 62.6498 88.0008 25.2389 78.1025 92.3965 18.0278 85.6407 41.1096 19.9249 94.8262 48.5077 45.5412 45.6946 44.974 30.0832 47.3733 69.5189 3.60555 38.8973 29.1548 47.8017 58.3886 69.7209 14.8661 77.4834 56.7274 84.1786 68.2642 39.6232 62.1691 10.2956 36.0588 30.3645 68.8186 31.2642 5.65685 83.2153 44.5533 42.45 0.0 80.2309 37.9473 39.2046 12.7279 45.3542 31.6228 13.4536 46.2709 22.8035 83.2947 31.2642 58.8743 37.3631 52.9222 82.9884 84.8528 62.2734 49.7293 4.47214 60.8769 8.544 26.1725 50.2143 8.06226 48.0104 47.9071 38.429 79.0253 19.6469 26.0768 72.5683 60.8769 26.0192 
42.7551 44.6542 32.8938 96.0493 62.8885 47.5079 85.0941 28.6007 13.0 58.0 18.0278 63.0079 73.0616 44.0114 93.9056 85.1469 30.4138 41.2311 93.8422 84.1046 38.2099 97.1798 50.9313 40.4969 78.8543 84.5008 54.0093 90.4431 48.0104 26.0 73.6275 12.53 42.72 65.307 22.8254 40.6079 31.6228 87.1062 71.6982 98.0442 34.7131 77.7541 84.9294 22.3607 103.83 105.828 80.2309 0.0 50.2494 79.0569 74.1429 35.1283 73.178 74.3369 103.299 61.0 21.3776 72.8988 26.5707 102.809 53.0 58.6941 5.38516 55.5698 98.0816 83.863 20.025 84.9057 91.349 62.6722 80.2247 85.0882 60.9262 72.7324 12.0 60.6712 77.9295 20.6155 20.025 87.9987 
29.6952 6.08276 66.5385 70.7107 24.9596 25.5102 66.7582 26.1725 61.2209 30.839 42.7551 57.2806 41.7253 47.7896 55.9767 52.2015 73.9146 11.0 55.9767 48.2617 42.6043 60.522 15.1333 31.6678 35.171 46.6353 31.2788 53.701 61.2917 33.0606 26.0192 52.3473 56.1855 50.6371 32.5576 29.8984 25.0 41.1096 33.7692 61.4769 58.3103 52.8995 40.7922 62.099 65.9013 67.8987 37.9473 50.2494 0.0 61.4595 27.1662 29.7749 35.2491 27.074 65.3698 31.9313 47.2652 52.8995 41.3208 64.8465 15.0711 48.1807 53.6656 29.5433 77.4997 42.3792 35.7196 39.2046 54.8727 31.2294 42.0595 70.881 56.801 60.0643 45.2217 24.0416 50.9902 52.1737 35.7196 51.037 
49.6088 65.4291 64.2806 18.0278 65.5387 85.8234 6.40312 78.7509 81.0494 32.015 85.7838 117.594 22.0907 106.079 80.0062 22.3607 80.1561 70.2406 84.0536 82.201 42.8483 69.0507 75.4465 91.8283 42.0476 76.4199 34.6377 85.4751 36.1248 83.3338 50.3587 70.406 39.0512 110.95 79.5826 50.7531 79.9101 48.8365 69.528 69.2315 52.0096 11.1803 43.7379 71.0634 83.7257 81.3941 39.2046 79.0569 61.4595 0.0 48.2597 60.9496 66.4906 49.2544 85.4751 29.8573 91.6091 9.84886 52.4976 76.2955 74.6541 108.494 84.4334 89.1263 19.2354 37.855 60.0083 47.5184 65.3758 83.7222 31.4006 9.48683 19.0263 6.32456 83.6447 37.7194 13.1529 62.6498 60.0083 65.0692 
31.774 33.0606 80.6066 52.3259 21.6333 49.3964 52.9528 53.0 82.8324 25.9422 69.1809 80.1267 26.1725 74.0949 32.5576 31.7648 92.4854 38.1182 36.0555 34.2053 43.7664 26.2488 35.1219 58.0673 9.21954 28.1603 28.8444 37.2156 59.6825 60.0083 2.23607 72.4778 57.2014 71.5208 59.0762 34.01 52.0865 14.0 23.4009 26.9072 68.1548 39.7303 13.9284 80.4448 38.4838 37.7359 12.7279 74.1429 27.1662 48.2597 0.0 40.3113 19.2354 1.0 39.5601 24.6982 74.027 39.7303 57.374 33.0151 42.2345 70.7185 78.0 50.1525 61.0983 17.0294 55.5194 12.0416 20.8087 37.5564 19.7231 57.5587 54.7157 46.8951 70.859 17.2047 35.6931 69.8189 55.5194 18.7883 
8.60233 25.1215 42.9711 64.7863 44.2894 39.7417 67.1995 26.9072 42.72 23.1948 37.1618 68.9638 38.4708 54.5619 68.4841 50.636 52.214 24.2486 70.4483 67.5915 18.3861 65.8863 34.219 40.8167 44.2719 61.2723 19.4987 73.0308 37.699 32.6497 40.5556 32.2025 31.9674 64.894 29.4109 6.40312 28.6007 52.9245 53.099 66.6423 34.0922 45.5664 50.2892 40.1734 76.3604 76.5164 45.3542 35.1283 29.7749 60.9496 40.3113 0.0 49.3107 40.8225 76.8726 26.1725 42.9535 45.5664 17.1026 72.1641 34.4009 60.8358 40.0125 46.1418 80.1679 48.8365 15.5242 50.6952 60.1644 49.0722 45.0999 68.119 44.494 54.6746 36.1386 25.7099 44.9935 29.5475 15.5242 57.3381 
40.7726 30.4141 91.9933 71.5542 10.2956 37.0135 71.5681 47.1699 84.7642 40.1123 63.9062 64.2573 44.643 62.1289 21.2132 51.0 98.7186 32.2025 21.9545 16.0 55.7589 26.1725 24.5153 47.0425 28.0179 12.53 41.674 20.6155 72.0694 53.4509 17.0 77.1513 69.2165 53.6656 53.8516 43.0087 45.2217 28.6007 6.0 27.1662 83.1144 57.9471 31.1127 86.903 30.8058 32.6497 31.6228 73.178 35.2491 66.4906 19.2354 49.3107 0.0 18.3576 30.4795 40.0 67.72 57.9471 66.1248 29.7321 36.178 55.0273 76.1988 33.9559 80.2309 35.609 60.5236 27.6586 21.0 19.9249 38.9487 75.9276 67.5787 65.1118 67.1193 31.0161 54.4059 76.9777 60.5236 17.0 
32.2844 33.0151 81.4004 53.2259 21.095 49.0408 53.9351 53.0094 83.3428 26.8328 69.2604 79.7194 27.1662 73.7631 31.5753 32.6497 92.9958 38.0526 35.0571 33.2415 44.5602 25.4951 34.7851 57.7372 9.89949 27.1662 29.6816 36.2215 60.5392 60.0 1.41421 72.9882 58.0086 70.7354 59.1354 34.5204 52.0384 14.0357 22.6155 26.1725 68.9487 40.727 14.3178 80.9552 37.5766 36.8917 13.4536 74.3369 27.074 49.2544 1.0 40.8225 18.3576 0.0 38.6264 25.632 74.0608 40.727 57.8844 32.2025 42.1321 70.3113 78.2311 49.7453 62.0322 17.6918 56.0298 12.1655 20.0 36.771 20.5913 58.5491 55.5825 47.8918 71.0211 18.0278 36.6742 70.3293 56.0298 17.8885 
68.3345 60.5348 122.114 84.4808 40.6079 62.9365 89.0898 77.0632 114.885 65.3911 93.6144 83.0542 63.9531 86.4928 9.43398 65.0077 128.839 62.2537 12.0416 23.3452 82.5602 17.2627 54.2161 73.3757 43.566 19.2354 67.9779 18.0 98.8383 82.7992 38.0789 107.272 96.0179 71.1126 83.7603 70.5706 75.0373 37.0 35.6006 17.4642 106.949 77.4297 42.0119 117.024 2.82843 7.81025 46.2709 103.299 65.3698 85.4751 39.5601 76.8726 30.4795 38.6264 0.0 64.2573 96.3747 77.4297 96.2456 11.1803 66.2988 75.0267 106.319 57.2713 94.3398 48.0104 90.6444 38.0526 20.0998 44.2719 54.1479 94.1913 93.9952 84.5944 97.1065 56.3649 72.3395 107.098 90.6444 20.8806 
20.6155 35.9009 58.8303 40.0 38.3322 56.2952 35.1561 49.8261 67.082 3.0 62.6418 88.0656 12.3693 78.3023 57.0088 24.5153 72.4983 40.7124 60.0167 56.0 23.3452 50.2494 45.9183 62.3001 23.3452 51.3517 7.07107 60.208 35.7196 56.3754 26.2488 56.0892 33.9706 81.4221 53.8516 22.1359 50.9853 32.5269 42.3602 50.774 46.0435 21.2974 28.4253 61.0983 63.1585 62.1772 22.8035 61.0 31.9313 29.8573 24.6982 26.1725 40.0 25.632 64.2573 0.0 68.3081 21.2974 37.108 57.3062 45.8561 78.9657 66.0303 60.3283 46.0109 25.0599 41.0122 30.4138 45.1774 56.5157 19.9249 39.2788 30.7302 28.4621 62.1691 9.05539 20.0 50.5964 41.0122 43.4626 
47.8017 41.1947 54.1202 107.332 57.7235 34.4093 97.859 21.095 33.0151 65.4599 5.83095 42.2966 80.6536 23.1948 87.1345 92.72 51.0098 36.3456 84.9753 73.8241 49.0456 93.6216 43.3244 24.7588 81.0987 77.3284 62.0322 80.1311 65.192 14.3178 73.1095 33.5261 59.4643 46.2385 15.0333 46.1736 22.561 88.0227 65.8905 94.5939 54.2033 88.1118 87.0517 43.7379 97.5665 100.14 83.2947 21.3776 47.2652 91.6091 74.027 42.9535 67.72 74.0608 96.3747 68.3081 0.0 88.1118 41.7253 97.4166 48.4475 39.2173 19.0263 41.8688 110.827 87.4643 32.5576 86.0058 88.0738 52.3546 85.3491 98.737 75.0 85.3342 9.84886 65.1269 87.5389 40.7185 32.5576 84.1724 
41.0488 56.8692 61.8466 23.4094 56.9787 77.2634 15.8114 70.1909 76.1052 23.455 82.387 109.034 13.6056 97.5189 71.6717 17.8045 77.2787 61.6806 75.6125 73.6413 39.7442 61.329 66.8866 83.2683 33.871 67.8862 26.0778 76.9404 34.176 76.6773 41.8155 65.192 35.6931 102.39 73.9217 42.1931 71.3501 41.2486 60.968 61.5797 49.0306 1.41421 36.1785 67.2681 75.7859 73.6983 31.2642 72.8988 52.8995 9.84886 39.7303 45.5664 57.9471 40.727 77.4297 21.2974 88.1118 0.0 46.5347 68.6056 66.0941 99.9339 78.2482 80.5663 27.6586 30.5314 57.9471 39.7442 57.3643 75.1622 23.854 19.3132 17.0 7.28011 80.9088 29.1594 7.2111 58.0 57.9471 56.8409 
25.6113 36.5756 26.0768 69.6348 55.8353 50.01 58.5235 32.9848 30.1496 34.2053 36.1248 75.8947 48.3735 59.0339 86.8524 60.1332 36.6197 35.6931 86.8524 79.1374 13.9284 82.9482 45.6731 48.2701 58.6929 77.511 30.0832 84.5767 23.6008 36.2491 57.6176 19.105 17.8045 73.9797 32.2025 23.3793 35.6931 67.8686 64.645 83.7043 17.1172 45.4261 64.3074 24.6982 93.4224 93.5784 58.8743 26.5707 41.3208 52.4976 57.374 17.1026 66.1248 57.8844 96.2456 37.108 41.7253 46.5347 0.0 89.226 45.9468 68.884 31.9531 57.0789 71.5122 61.702 9.43398 65.6626 77.2264 60.5264 57.0088 58.6003 34.4384 46.1736 32.6497 40.5021 52.0865 13.8924 9.43398 74.4001 
63.626 60.0115 113.602 74.108 39.9249 65.6201 79.511 76.896 113.31 58.8303 93.6376 88.955 55.3624 90.1998 13.9284 55.1453 124.337 61.8466 19.2354 28.6356 76.7615 7.28011 54.1416 75.9539 35.1141 22.0227 61.8547 25.0799 92.6499 83.1685 32.0156 104.365 90.2109 77.2787 83.5703 65.862 74.9466 27.4591 35.5261 7.07107 101.15 68.6056 32.5576 112.297 8.544 5.09902 37.3631 102.809 64.8465 76.2955 33.0151 72.1641 29.7321 32.2025 11.1803 57.3062 97.4166 68.6056 89.226 0.0 65.7754 80.399 105.796 61.0328 84.0536 38.4708 87.7368 28.8617 12.2066 47.1699 44.911 84.7172 87.6641 75.7703 96.7729 50.2195 63.1506 101.671 87.7368 14.8661 
