NAME  : Jabali_80_2_0.93_1_2
TYPE : SVRP
MODEL : FINITE_SUPPORT
NUMBER_OF_SCENARIOS : 200
DIMENSION : 80
EDGE_WEIGHT_TYPE : MATRIX
CAPACITY : 235
N_VEHICLES : 2
NODE_COORD_SECTION
1 4562 4293
2 3914 2794
3 6625 1943
4 4564 4571
5 4104 4824
6 5302 202
7 4878 2308
8 2595 1153
9 5836 6526
10 4769 809
11 3137 1771
12 666 2385
13 3617 7669
14 2752 8396
15 2888 2035
16 530 3588
17 1496 6308
18 7504 5209
19 3135 1608
20 4222 340
21 2907 4692
22 2037 8054
23 6459 6427
24 3327 5516
25 2477 1583
26 1692 3705
27 3150 5853
28 172 2440
29 2697 6407
30 6481 4126
31 4579 18
32 969 6010
33 2816 3472
34 5353 5151
35 4891 6783
36 2001 4989
37 1128 3863
38 3035 5682
39 3158 8756
40 1459 7091
41 2921 4173
42 3913 7141
43 6904 4262
44 7364 3839
45 6713 6487
46 1415 4398
47 5826 4772
48 4677 4643
49 2866 7398
50 1378 3443
51 5310 5278
52 4007 6266
53 4667 7490
54 27 3028
55 6009 3330
56 2924 3160
57 2393 8971
58 1566 2255
59 3949 3971
60 1577 1477
61 6714 6778
62 4597 5939
63 3595 5662
64 6377 1362
65 5204 5963
66 798 4395
67 343 5182
68 3569 533
69 5673 1085
70 1830 2728
71 4920 7565
72 5150 4823
73 3042 8511
74 3110 2364
75 2843 3920
76 5304 4545
77 4182 5488
78 2099 1980
79 5892 7112
80 6881 4635
DEMAND_SECTION
1 0.0
2 9.0
3 3.0
4 1.0
5 4.0
6 8.0
7 2.0
8 5.0
9 1.0
10 6.0
11 2.0
12 8.0
13 8.0
14 2.0
15 8.0
16 8.0
17 9.0
18 4.0
19 8.0
20 5.0
21 4.0
22 7.0
23 2.0
24 7.0
25 8.0
26 1.0
27 4.0
28 4.0
29 5.0
30 9.0
31 4.0
32 1.0
33 9.0
34 3.0
35 9.0
36 10.0
37 1.0
38 3.0
39 3.0
40 4.0
41 5.0
42 3.0
43 3.0
44 1.0
45 1.0
46 9.0
47 8.0
48 8.0
49 8.0
50 6.0
51 8.0
52 9.0
53 4.0
54 6.0
55 6.0
56 7.0
57 3.0
58 6.0
59 7.0
60 6.0
61 6.0
62 5.0
63 2.0
64 4.0
65 2.0
66 10.0
67 2.0
68 7.0
69 10.0
70 8.0
71 4.0
72 10.0
73 2.0
74 7.0
75 5.0
76 7.0
77 6.0
78 8.0
79 8.0
80 10.0
DEVIATION_SECTION
1 0.0
2 3.0
3 1.0
4 0.333333
5 1.33333
6 2.66667
7 0.666667
8 1.66667
9 0.333333
10 2.0
11 0.666667
12 2.66667
13 2.66667
14 0.666667
15 2.66667
16 2.66667
17 3.0
18 1.33333
19 2.66667
20 1.66667
21 1.33333
22 2.33333
23 0.666667
24 2.33333
25 2.66667
26 0.333333
27 1.33333
28 1.33333
29 1.66667
30 3.0
31 1.33333
32 0.333333
33 3.0
34 1.0
35 3.0
36 3.33333
37 0.333333
38 1.0
39 1.0
40 1.33333
41 1.66667
42 1.0
43 1.0
44 0.333333
45 0.333333
46 3.0
47 2.66667
48 2.66667
49 2.66667
50 2.0
51 2.66667
52 3.0
53 1.33333
54 2.0
55 2.0
56 2.33333
57 1.0
58 2.0
59 2.33333
60 2.0
61 2.0
62 1.66667
63 0.666667
64 1.33333
65 0.666667
66 3.33333
67 0.666667
68 2.33333
69 3.33333
70 2.66667
71 1.33333
72 3.33333
73 0.666667
74 2.33333
75 1.66667
76 2.33333
77 2.0
78 2.66667
79 2.66667
80 3.33333
DISTANCE_MATRIX
0.0 22.0907 53.4315 3.16228 9.48683 71.9807 42.3254 50.04 35.0143 49.7882 40.0 58.2972 47.3814 60.6053 38.2099 55.8445 49.6514 42.8201 41.0122 55.0952 27.53 60.8311 39.0512 23.5753 46.3897 43.1244 27.827 63.6156 37.53 30.2433 59.3368 53.8724 26.095 15.2971 34.176 38.3369 49.3047 27.5633 62.9682 55.9466 29.5803 39.6989 34.7146 42.3556 41.4996 47.3638 19.0684 4.12311 47.7074 44.2072 16.2788 27.5862 43.382 63.1244 31.365 26.8328 69.4046 48.7545 11.4018 55.3624 44.1475 22.3607 22.3788 65.2696 24.1868 55.8861 62.4371 53.0801 62.0447 42.5441 44.3847 10.6338 60.959 33.2415 27.8032 12.8251 16.9706 45.8803 42.0476 33.9177 
22.0907 0.0 37.855 25.1794 27.313 39.9625 14.0357 28.2843 57.0088 30.0 18.1108 43.6005 66.4797 79.8887 17.088 44.643 57.4844 57.7515 19.0263 34.2053 28.6015 76.5697 60.407 40.9145 25.2982 31.9258 44.4884 49.6488 52.8061 39.4006 38.8973 60.2483 17.0294 37.0135 55.7853 40.0087 38.1062 42.7562 81.802 66.4681 22.0868 59.1726 44.9666 50.2334 62.6498 41.7919 36.1386 26.1725 66.2987 33.0086 38.0132 46.9952 64.5136 50.9902 38.5107 14.1421 87.8039 31.8277 18.6011 35.8469 65.4905 43.6807 40.7196 38.0 46.2709 45.3106 57.3889 31.3847 32.9848 27.4591 65.8027 32.0156 79.6662 12.53 20.2485 29.1548 36.7696 26.6271 64.1249 46.3679 
53.4315 37.855 0.0 50.9201 56.7419 29.1548 24.0416 54.5619 62.0081 29.0689 46.8722 79.6241 86.6908 101.272 49.2443 82.4621 94.4175 44.1475 46.6154 38.4838 65.5345 103.343 60.0333 68.2951 55.2178 69.7769 72.2119 85.9069 81.4275 28.8444 37.3631 98.1032 54.5819 46.2277 68.6804 77.8636 75.9573 72.2833 102.478 104.325 59.0198 78.6313 30.4631 26.3059 60.8276 79.643 38.8973 50.0429 89.4832 70.8439 46.8615 67.7723 78.5684 88.2553 23.7065 51.9744 110.216 67.082 51.7182 67.424 63.9531 59.7652 66.2346 8.06226 56.6392 83.1617 95.24 44.6542 16.7631 64.2573 78.492 43.6105 100.938 47.0106 57.2427 40.8085 58.5297 60.0333 69.4046 34.9285 
3.16228 25.1794 50.9201 0.0 8.0 69.4693 39.8141 53.0094 32.0624 61.2701 43.0116 60.4616 44.5533 58.0086 41.1096 61.0852 47.5617 40.3088 44.0454 58.2108 25.4403 58.6003 36.4005 21.4857 49.2544 45.2888 25.7374 65.78 35.4403 27.732 71.5927 51.7828 28.2594 12.6491 31.0161 36.2473 52.0664 25.4736 60.208 53.8569 29.414 36.7967 32.2033 39.8443 38.8973 45.2742 16.5571 1.0 45.2769 46.3716 13.6015 24.7588 40.2492 65.2888 28.8537 29.1548 66.8506 51.0784 12.8062 57.9741 41.4849 19.2354 20.2485 57.1064 21.095 53.7964 60.3475 56.1956 59.5334 44.7303 41.2311 8.06226 58.258 36.1248 29.9676 10.3138 14.2127 48.5077 39.0128 31.4064 
9.48683 27.313 56.7419 8.0 0.0 65.1405 36.3266 53.4603 33.5261 55.7505 43.9318 61.9657 39.2145 51.8756 41.3038 54.2504 40.727 46.0435 45.1221 61.0574 18.6056 51.9067 39.3573 14.6509 49.0918 45.9419 18.9026 66.7488 28.6056 33.5538 65.2991 44.948 30.9002 16.9706 29.1548 29.4125 45.2317 18.6388 54.5369 47.0221 22.5792 31.9061 38.0251 45.666 42.0595 38.4394 22.3607 8.06226 38.8334 47.0246 17.6918 19.7231 37.3631 64.4642 34.6754 27.1778 60.6143 54.5957 10.0 56.4504 44.2832 17.0294 13.4544 59.8759 21.8403 46.9616 53.5127 58.6941 56.651 47.753 38.833 13.8924 52.401 36.3456 25.4459 16.1355 9.48683 47.1699 39.6232 37.2281 
71.9807 39.9625 29.1548 69.4693 65.1405 0.0 29.7321 38.6394 85.4986 10.4403 36.1248 69.1809 104.353 117.014 40.3113 77.5242 96.5193 72.3395 35.0571 14.3178 68.2353 116.198 85.3815 79.789 42.107 66.6117 83.194 75.326 92.897 54.5711 9.89949 100.205 55.5428 68.0132 89.687 79.9654 72.7805 82.9303 119.675 106.102 61.7206 97.1289 57.7062 55.0091 86.6833 76.4778 61.337 68.5921 103.971 67.2681 68.6716 84.8621 99.3808 80.0062 43.8634 51.6236 125.752 57.0088 57.6281 52.9528 89.8443 79.04 78.5925 21.3776 78.5653 79.9965 92.0748 23.4094 13.1529 57.3149 99.9767 63.2751 117.539 41.2311 59.9416 59.7472 74.4592 49.0102 93.1113 61.9839 
42.3254 14.0357 24.0416 39.8141 36.3266 29.7321 0.0 34.1321 58.0214 21.4709 24.8395 55.9464 75.5387 88.1998 26.2488 58.4637 71.0491 51.6624 25.0 28.8617 42.1662 88.2309 59.551 50.9751 33.3017 45.7922 55.2268 62.1772 64.9297 31.7805 31.7805 74.7348 31.0 38.2753 60.0317 54.4952 51.9725 54.963 90.8611 80.0328 35.6514 68.2317 36.6879 38.0789 61.3715 55.6582 34.4851 38.9368 75.1576 46.8749 39.2173 56.0482 69.7256 64.2573 18.1108 28.1603 96.9385 43.566 28.833 45.2548 64.4374 49.3847 49.7786 24.0208 48.8467 59.1769 71.2552 30.0666 20.1246 40.3113 70.3215 33.6155 88.7252 23.3238 33.8744 30.0832 45.6454 37.0135 65.5606 40.025 
50.04 28.2843 54.5619 53.0094 53.4603 38.6394 34.1321 0.0 85.0529 29.7321 10.198 31.0644 89.5377 98.4635 12.1655 42.1545 72.9628 85.3522 9.48683 25.02 47.5395 94.6881 88.6848 60.407 5.65685 35.4138 63.6946 37.0 71.1849 65.4386 31.0 67.8049 31.7805 65.2182 82.6075 51.9545 40.2244 61.8466 102.883 83.6418 40.8534 83.5225 70.4694 72.2011 90.934 45.2769 64.3273 54.0093 84.9754 34.4093 66.2065 72.0745 90.6745 42.4264 51.6342 27.8568 106.126 19.9249 43.566 14.3178 93.771 70.4557 62.6418 50.4777 74.0068 48.0104 59.9083 16.0312 41.1825 23.0217 92.2292 60.5497 100.18 17.1172 38.0789 57.4282 62.8014 12.53 92.0 73.9686 
35.0143 57.0088 62.0081 32.0624 33.5261 85.4986 58.0214 85.0529 0.0 79.4308 75.0067 89.7333 34.0147 49.0408 73.171 80.7854 58.5235 28.6356 76.0 86.8332 46.0652 55.4437 8.544 36.2353 81.3019 73.7095 37.4833 94.5165 42.19 33.3017 89.8 65.0 59.3415 20.0998 13.3417 55.0 71.7667 38.8973 47.676 59.6154 50.3584 27.4591 33.4215 41.0488 11.1803 64.8999 24.1661 31.0644 41.9762 72.8798 19.105 25.0 20.3961 90.9991 41.6499 60.4152 57.3149 82.1983 43.1741 89.627 12.0416 18.6011 32.6497 69.0652 11.7047 73.4628 74.4209 86.977 72.8972 75.5322 18.9737 25.0799 47.2652 68.1836 53.225 28.2843 26.4197 80.2309 7.61577 29.4109 
49.7882 30.0 29.0689 61.2701 55.7505 10.4403 21.4709 29.7321 79.4308 0.0 26.0 59.5399 94.9626 107.304 30.0666 67.2681 86.5309 69.0652 25.02 9.48683 58.0465 106.015 79.8311 70.0792 32.5576 56.1957 74.3309 65.7647 82.2511 50.0899 10.4403 90.2167 45.1885 59.7621 81.4877 69.977 62.3699 72.2012 110.285 95.9131 51.5318 87.6556 54.0093 52.7731 81.3941 66.0618 55.2692 60.3928 94.2617 56.8859 60.7065 75.4721 91.1816 70.1142 37.855 41.2311 116.043 47.1699 48.1041 43.9659 84.5281 70.8407 69.2025 22.8035 70.322 69.5805 81.6588 16.2788 12.8062 47.0956 91.7775 55.0912 108.149 30.8058 49.7393 51.5633 65.0693 39.2046 87.0311 58.0086 
40.0 18.1108 46.8722 43.0116 43.9318 36.1248 24.8395 10.198 75.0067 26.0 0.0 33.9559 81.0591 90.7359 4.47214 41.4367 68.9498 75.2191 1.41421 24.6982 39.4462 87.0364 78.5175 51.9097 8.48528 31.4008 55.4707 40.2616 63.5138 56.8681 30.6757 64.3194 24.2074 55.1236 72.9932 51.3825 37.3363 53.7122 94.8947 76.9201 32.7567 74.8859 60.9211 62.6987 80.7527 41.2668 54.1295 44.0114 77.1751 31.6228 56.1119 63.4214 81.2528 44.1814 42.0858 20.0 98.4739 21.3776 34.2053 20.6155 83.6002 60.8276 54.0076 43.8634 64.0703 44.7772 56.8595 17.8045 35.4401 21.2132 82.7647 50.0999 92.2822 8.06226 30.2324 47.2652 53.3667 13.6015 82.0244 63.8354 
58.2972 43.6005 79.6241 60.4616 61.9657 69.1809 55.9464 31.0644 89.7333 59.5399 33.9559 0.0 82.0 86.3134 30.6757 16.1245 53.1601 99.7277 34.7131 56.0089 44.369 78.848 96.096 56.0892 27.074 23.7697 57.4282 6.32456 61.0328 81.3918 62.0322 47.5395 32.45 73.049 82.8291 39.0128 21.095 55.4437 91.9288 63.5689 39.4086 78.3135 86.9578 93.1474 98.857 29.0689 77.0177 61.3682 74.3424 18.2483 73.9717 69.4262 88.1192 11.7047 80.5018 31.8904 91.9239 12.6491 48.3825 17.72 100.904 71.9846 59.4559 77.4919 78.0578 27.2029 36.3593 47.0956 69.3758 16.2788 90.4268 68.5071 88.9576 32.6497 36.6742 70.7743 63.7438 20.3961 95.3541 88.3284 
47.3814 66.4797 86.6908 44.5533 39.2145 104.353 75.5387 89.5377 34.0147 94.9626 81.0591 82.0 0.0 15.2971 77.6209 68.4694 34.4384 62.2013 82.4046 100.27 42.0595 21.8403 42.19 29.1548 84.4334 59.3043 25.9615 84.2142 21.095 60.9262 104.511 42.0476 57.8705 40.7063 21.095 43.0116 61.0328 27.8927 15.8114 30.4138 48.7032 8.06226 63.2456 71.4703 44.4072 53.0377 48.7545 43.8634 10.6301 64.0703 40.2492 19.799 14.8661 78.7718 64.6243 61.6847 24.0416 78.9367 48.7619 88.6871 43.9318 26.9258 27.2947 92.877 31.6228 56.5685 54.4243 97.8505 95.8631 72.1836 17.4642 43.2666 14.3178 73.0153 51.5461 46.6154 30.4138 80.5233 32.0156 60.1664 
60.6053 79.8887 101.272 58.0086 51.8756 117.014 88.1998 98.4635 49.0408 107.304 90.7359 86.3134 15.2971 0.0 86.954 71.3442 34.0 77.4145 92.1141 112.298 51.3128 10.8167 57.0088 39.6989 93.1508 65.4599 35.609 87.4643 27.2947 75.9605 117.089 41.1096 66.7311 55.5428 36.3456 48.7032 65.4721 37.2022 6.32456 25.7099 57.9828 23.0868 78.4474 86.6833 59.0762 57.7428 63.6946 57.4282 13.6015 69.4236 55.1543 33.6155 29.0689 81.0987 79.2052 70.8308 8.94427 85.3815 61.423 95.5196 58.3095 41.6293 38.8973 107.458 46.8402 59.4138 54.1479 107.688 108.524 78.7718 31.257 57.7062 3.60555 82.6801 60.5392 60.9117 43.8292 88.8293 46.2709 75.4321 
38.2099 17.088 49.2443 41.1096 41.3038 40.3113 26.2488 12.1655 73.171 30.0666 4.47214 30.6757 77.6209 86.954 0.0 37.2156 64.4807 74.7955 5.83095 29.1548 35.7771 83.1858 77.2143 48.4665 8.24621 26.9317 51.8941 37.0 59.6826 56.4446 35.1141 59.8504 20.2485 53.4642 70.4557 43.4724 32.8938 50.0899 91.2414 75.1597 29.0689 71.4788 62.0106 63.7618 79.5012 36.7978 53.1601 42.107 73.4302 27.2029 54.4518 60.0226 78.5092 40.4475 55.5546 16.1245 94.6233 18.0278 31.4006 19.2094 82.3099 58.3095 50.6005 46.8188 62.0081 40.3113 52.3927 22.2036 38.833 17.0294 80.0639 48.7956 88.5889 5.0 26.4197 45.9733 50.6361 10.8167 80.025 63.4119 
55.8445 44.643 82.4621 61.0852 54.2504 77.5242 58.4637 42.1545 80.7854 67.2681 41.4367 16.1245 68.4694 71.3442 37.2156 0.0 37.6563 97.5871 42.5793 65.7343 37.7386 63.3482 87.8188 45.1885 37.0 16.6433 45.5425 16.1245 47.3934 79.8993 71.8053 31.6228 29.7616 67.2882 72.0902 26.5708 9.21954 43.6578 77.1622 47.8017 36.1048 65.8342 89.4816 92.293 90.6242 16.1555 73.8354 60.8429 60.0083 11.7047 67.8495 58.3095 76.2647 10.4403 79.6474 30.72 76.4853 22.3607 45.9298 31.4006 92.4372 62.2656 48.7545 81.8841 69.4205 12.0 20.2485 57.5674 75.1066 20.2237 78.7569 65.2051 74.1687 37.0135 33.3725 67.5921 54.4241 29.7321 85.4225 88.6847 
49.6514 57.4844 94.4175 47.5617 40.727 96.5193 71.0491 72.9628 58.5235 86.5309 68.9498 53.1601 34.4384 34.0 64.4807 37.6563 0.0 81.2712 70.2799 89.8798 29.5651 25.7099 66.888 26.3059 67.3078 38.4292 22.8035 53.7587 16.4012 71.3825 95.0251 7.61577 43.8557 52.3927 46.2277 22.3607 32.6956 22.3607 40.05 10.8167 35.3977 34.8281 75.8024 83.4865 69.6419 32.7033 59.8415 47.3195 24.3516 38.1307 52.6308 33.6155 46.2277 47.1699 72.5042 47.9704 38.833 54.6319 55.0633 64.8509 70.4557 41.6293 28.8617 95.0815 49.6588 25.9615 20.3961 86.458 90.4555 49.4915 49.0408 51.4782 37.054 59.9075 37.7047 53.9643 37.108 60.1216 60.3075 74.5252 
42.8201 57.7515 44.1475 40.3088 46.0435 72.3395 51.6624 85.3522 28.6356 69.0652 75.2191 99.7277 62.2013 77.4145 74.7955 97.5871 81.2712 0.0 75.8681 78.2304 61.1411 83.006 21.9317 55.5428 82.9392 89.2786 58.5235 106.088 65.9697 19.9249 79.0 86.539 68.5672 29.5296 41.1096 71.9481 88.5684 59.2368 76.2955 84.7231 65.9159 55.0091 15.1327 18.0278 21.095 80.975 24.0832 39.4315 69.0652 90.3613 29.0689 48.8365 49.0306 107.801 33.8378 68.267 85.8429 88.6371 53.0171 93.5496 23.6008 40.025 52.5547 52.1728 32.3883 89.4972 95.1245 81.3941 59.2115 83.4513 47.5395 32.2025 75.8024 70.2702 70.2754 32.5576 44.3847 84.22 33.6155 11.7047 
41.0122 19.0263 46.6154 44.0454 45.1221 35.0571 25.0 9.48683 76.0 25.02 1.41421 34.7131 82.4046 92.1141 5.83095 42.5793 70.2799 75.8681 0.0 23.4094 40.8167 88.4274 79.404 53.2552 8.60233 32.7308 56.8243 41.0 64.8999 56.16 29.4109 65.6495 25.6125 56.0359 74.1485 52.7735 38.6264 55.0727 96.2549 78.3111 34.1321 76.2314 61.1909 62.9682 81.6149 42.5969 54.9181 45.0444 78.5493 32.8938 57.0353 64.6322 82.4621 45.0999 42.3556 21.4009 99.8649 22.2036 35.4401 20.8087 84.4808 61.9839 55.3531 43.382 65.123 46.0977 58.1808 16.4012 34.7851 22.3607 83.9524 51.0392 93.6483 9.43398 31.6228 48.1664 54.5711 14.3178 83.0542 64.4845 
55.0952 34.2053 38.4838 58.2108 61.0574 14.3178 28.8617 25.02 86.8332 9.48683 24.6982 56.0089 100.27 112.298 29.1548 65.7343 89.8798 78.2304 23.4094 0.0 61.0109 108.979 88.1304 73.3239 29.1548 56.0784 76.8978 62.0081 85.2155 59.0 6.08276 88.997 47.2017 67.0522 88.6105 73.3259 62.0322 75.1656 115.592 98.8636 54.4885 92.9626 63.1269 62.1691 89.8053 65.9444 63.2974 67.5156 98.7081 56.3028 68.0074 80.7775 97.9021 67.1863 46.2709 43.0116 120.213 44.2832 52.8015 39.2046 92.9139 76.9625 74.5095 31.9061 77.4919 69.4622 81.5414 9.21954 21.9545 45.607 98.9003 62.2977 113.456 31.3847 52.4976 58.8218 70.3763 36.3456 94.3716 67.0298 
27.53 28.6015 65.5345 25.4403 18.6056 68.2353 42.1662 47.5395 46.0652 58.0465 39.4462 44.369 42.0595 51.3128 35.7771 37.7386 29.5651 61.1411 40.8167 61.0109 0.0 48.0833 52.6972 13.1529 42.3792 24.3469 16.1555 51.5573 24.2074 49.3655 66.225 33.307 15.8114 31.6433 38.833 13.0674 28.7199 14.3178 55.4707 38.4708 6.7082 36.4966 53.8368 61.4777 55.4707 21.9276 38.1905 25.198 37.7359 29.833 32.2047 26.0192 45.0111 47.9523 50.4871 19.6977 59.203 38.0132 26.1803 47.1699 57.4543 27.8568 16.0 66.1986 34.4819 30.4498 41.8717 56.4004 61.5725 31.0161 47.0956 29.5602 52.8394 31.3847 9.48683 31.9472 19.6977 38.6394 51.264 53.0398 
60.8311 76.5697 103.343 58.6003 51.9067 116.198 88.2309 94.6881 55.4437 106.015 87.0364 78.848 21.8403 10.8167 83.1858 63.3482 25.7099 83.006 88.4274 108.979 48.0833 0.0 63.7887 38.2753 89.3605 59.7629 33.8378 79.4292 24.2074 79.0759 114.193 32.1403 62.9558 58.4637 42.19 43.0865 58.2309 35.0 17.0 16.0 54.4885 28.0713 82.201 90.4268 66.0984 58.2309 66.7083 58.1808 14.1421 63.6582 58.2495 35.9026 36.6879 72.6911 81.2764 67.0704 13.1529 79.6659 61.4541 89.8457 65.7343 44.7214 38.4708 111.78 51.1566 51.6624 45.0444 104.264 108.555 73.1372 39.2173 59.7746 14.4222 79.0075 56.8048 62.741 44.9444 83.2028 53.8516 79.6304 
39.0512 60.407 60.0333 36.4005 39.3573 85.3815 59.551 88.6848 8.544 79.8311 78.5175 96.096 42.19 57.0088 77.2143 87.8188 66.888 21.9317 79.404 88.1304 52.6972 63.7887 0.0 43.8406 85.4116 80.0722 45.4533 100.879 50.6063 31.305 90.2441 73.2393 64.4643 23.7697 21.8403 62.3699 78.8001 46.7547 55.2268 68.1542 56.7096 35.9026 30.0 36.7696 2.82843 72.0069 25.0799 35.4401 50.448 81.155 22.8035 33.2866 28.0179 98.0325 41.9762 65.4599 65.0692 87.3211 48.4665 94.3716 5.09902 26.1725 40.3113 67.5352 18.4391 80.5234 82.4646 89.1403 72.45 80.9352 26.1725 28.6356 55.0364 72.2593 59.5763 31.257 33.4215 84.8999 11.7047 25.6125 
23.5753 40.9145 68.2951 21.4857 14.6509 79.789 50.9751 60.407 36.2353 70.0792 51.9097 56.0892 29.1548 39.6989 48.4665 45.1885 26.3059 55.5428 53.2552 73.3239 13.1529 38.2753 43.8406 0.0 55.3624 32.3883 4.47214 59.4811 14.3178 45.0999 79.864 31.0161 28.8617 26.2488 26.9258 18.868 36.4005 4.0 43.2666 32.3883 19.6469 23.3452 49.4975 57.2189 46.669 29.0689 33.541 21.2434 26.1725 37.855 26.5707 13.3417 32.1403 55.5428 46.2287 32.573 48.0833 51.0098 24.1983 60.2993 48.1664 17.6918 3.60555 74.5244 25.4951 37.6641 39.5862 68.7135 71.2995 44.0114 34.3657 25.1794 40.8044 43.8634 22.561 27.6887 11.1803 51.788 40.3113 48.2701 
46.3897 25.2982 55.2178 49.2544 49.0918 42.107 33.3017 5.65685 81.3019 32.5576 8.48528 27.074 84.4334 93.1508 8.24621 37.0 67.3078 82.9392 8.60233 29.1548 42.3792 89.3605 85.4116 55.3624 0.0 29.7588 58.5235 33.2415 65.8722 64.5883 35.2278 62.2014 26.5707 61.6604 78.2304 46.2995 34.6699 56.648 97.5787 77.9868 35.7351 78.5875 70.1543 71.097 87.7471 39.6232 61.4003 50.2494 79.6628 28.8444 62.6498 67.2681 86.0016 38.0526 50.4841 22.8035 100.813 15.1327 39.1152 12.2066 90.5073 66.1211 57.7235 51.8845 70.0643 42.4382 54.3783 20.6155 43.0813 17.4929 87.7472 56.993 94.8671 13.1529 32.8938 54.2192 58.3226 7.28011 88.0909 71.5555 
43.1244 31.9258 69.7769 45.2888 45.9419 66.6117 45.7922 35.4138 73.7095 56.1957 31.4008 23.7697 59.3043 65.4599 26.9317 16.6433 38.4292 89.2786 32.7308 56.0784 24.3469 59.7629 80.0722 32.3883 29.7588 0.0 34.0147 27.7308 38.833 67.1793 62.0088 33.7989 17.0416 58.9796 59.121 16.7631 8.24621 32.0156 70.6045 49.1082 23.3848 55.0091 72.818 79.573 82.8332 10.0 65.5268 46.1955 52.6308 5.83095 59.541 45.7188 64.4981 25.4951 66.9274 18.0 72.14 19.9249 33.2097 30.0832 84.8804 48.8768 35.7479 69.3817 62.0088 14.3178 26.3535 48.909 63.0086 13.4164 66.7533 56.8965 67.72 25.3961 20.6525 59.2835 41.0324 23.6008 72.1179 80.3762 
27.827 44.4884 72.2119 25.7374 18.9026 83.194 55.2268 63.6946 37.4833 74.3309 55.4707 57.4282 25.9615 35.609 51.8941 45.5425 22.8035 58.5235 56.8243 76.8978 16.1555 33.8378 45.4533 4.47214 58.5235 34.0147 0.0 60.4152 9.84886 49.0102 82.1119 28.178 31.9531 29.6142 26.9258 18.9737 37.108 2.0 39.4462 28.1603 22.8473 21.0 53.2353 61.0737 48.2701 29.4109 37.2156 25.4951 22.0227 39.2046 29.8329 13.0384 30.8058 55.9732 50.1455 35.8469 43.8634 53.2574 28.45 62.8013 49.5177 19.4165 6.08276 78.7761 27.4591 37.961 37.0322 72.2874 75.5512 46.2825 33.2415 29.0172 36.8917 47.4131 25.632 31.6056 14.3178 54.5711 40.8044 51.788 
63.6156 49.6488 85.9069 65.78 66.7488 75.326 62.1772 37.0 94.5165 65.7647 40.2616 6.32456 84.2142 87.4643 37.0 16.1245 53.7587 106.088 41.0 62.0081 51.5573 79.4292 100.879 59.4811 33.2415 27.7308 60.4152 0.0 63.1295 87.195 68.0 47.5395 37.6431 79.7866 86.3308 41.5933 23.3452 58.4637 93.2631 63.7887 44.1918 81.0494 92.761 98.9507 103.64 31.257 82.3361 66.6867 76.0066 21.9317 80.3479 72.8011 91.2195 7.81025 86.3051 37.4833 92.5743 18.9737 53.7009 23.1948 105.687 76.0873 62.9365 83.8153 82.8157 28.0713 35.4683 53.0094 75.6902 22.2036 93.6216 73.8255 90.2718 38.9102 41.4595 76.0928 68.2428 26.6833 99.3283 94.1317 
37.53 52.8061 81.4275 35.4403 28.6056 92.897 64.9297 71.1849 42.19 82.2511 63.5138 61.0328 21.095 27.2947 59.6826 47.3934 16.4012 65.9697 64.8999 85.2155 24.2074 24.2074 50.6063 14.3178 65.8722 38.833 9.84886 63.1295 0.0 58.0775 90.4296 23.3452 39.4526 38.0526 29.8329 22.2036 40.0 10.8167 31.9531 19.0263 30.8058 19.2354 62.0081 70.0071 53.3385 32.0 46.0 35.171 13.9284 43.2897 38.1182 17.4642 30.5287 57.7062 59.3611 43.566 35.0 58.6941 38.1529 68.7148 54.0833 25.9615 15.2971 88.479 33.8378 35.5106 34.4819 80.604 85.0394 51.9606 33.2866 38.1182 29.1548 55.4707 33.2866 40.8211 23.0217 61.6166 43.9318 60.208 
30.2433 39.4006 28.8444 27.732 33.5538 54.5711 31.7805 65.4386 33.3017 50.0899 56.8681 81.3918 60.9262 75.9605 56.4446 79.8993 71.3825 19.9249 56.16 59.0 49.3655 79.0759 31.305 45.0999 64.5883 67.1793 49.0102 87.195 58.0775 0.0 60.2993 75.7019 51.3155 20.6155 41.3401 60.1724 75.9916 49.0918 76.4853 77.026 53.3391 52.9245 5.65685 12.1655 32.311 69.1993 12.3693 26.8547 65.0 68.9001 20.8806 43.1741 51.0392 87.666 13.9284 49.931 84.8646 70.3012 40.4403 75.1987 35.4683 34.4819 43.0 36.2353 29.5296 77.7216 84.2726 61.6604 41.4849 65.1154 50.6063 20.0 75.2396 51.9193 57.6986 18.2483 35.0571 65.8698 40.6079 8.24621 
59.3368 38.8973 37.3631 71.5927 65.2991 9.89949 31.7805 31.0 89.8 10.4403 30.6757 62.0322 104.511 117.089 35.1141 71.8053 95.0251 79.0 29.4109 6.08276 66.225 114.193 90.2441 79.864 35.2278 62.0088 82.1119 68.0 90.4296 60.2993 0.0 94.9274 52.6972 70.0702 91.8103 78.4712 68.0074 80.3798 119.75 104.009 59.7103 97.2042 64.0312 62.2896 91.7824 71.8748 65.6981 70.7155 104.046 62.2977 71.0147 85.0207 101.504 73.2462 48.2701 48.5489 125.427 50.3587 57.3847 45.0999 94.921 81.1633 78.6675 30.0832 80.6302 75.3923 87.4643 15.0333 20.6155 51.6624 102.1 65.3994 117.614 37.1214 57.8014 61.8715 74.6179 42.4264 97.3393 68.1175 
53.8724 60.2483 98.1032 51.7828 44.948 100.205 74.7348 67.8049 65.0 90.2167 64.3194 47.5395 42.0476 41.1096 59.8504 31.6228 7.61577 86.539 65.6495 88.997 33.307 32.1403 73.2393 31.0161 62.2014 33.7989 28.178 47.5395 23.3452 75.7019 94.9274 0.0 47.5414 57.2451 53.0754 26.0464 28.0179 27.313 47.2652 16.2788 39.0834 42.2019 80.173 87.8142 76.0263 28.073 64.3433 51.5405 31.9531 33.5003 57.5847 40.0 53.6004 40.6079 76.8236 50.9187 45.2769 50.0 58.749 60.2163 77.0065 47.5079 34.0147 98.7672 55.5698 20.5913 13.0384 81.8277 94.1412 44.8611 56.4004 55.8661 44.2832 58.3147 41.3904 58.2837 42.1545 55.4913 67.2086 79.1202 
26.095 17.0294 54.5819 28.2594 30.9002 55.5428 31.0 31.7805 59.3415 45.1885 24.2074 32.45 57.8705 66.7311 20.2485 29.7616 43.8557 68.5672 25.6125 47.2017 15.8114 62.9558 64.4643 28.8617 26.5707 17.0416 31.9531 37.6431 39.4526 51.3155 52.6972 47.5414 0.0 40.8469 53.0848 27.3018 23.2219 30.0832 71.1126 52.8394 9.21954 52.1728 56.8815 63.0711 67.0322 26.9077 44.8155 29.1661 53.2353 18.1244 41.7696 41.1947 60.1332 37.0416 50.4255 4.24264 74.3933 23.7697 16.1803 32.0156 69.5136 41.3038 31.4006 55.0091 46.9924 30.4264 42.5047 41.7253 49.8197 17.088 62.0322 36.305 68.4251 16.2788 6.32456 38.5722 33.1361 23.0868 64.4026 58.2521 
15.2971 37.0135 46.2277 12.6491 16.9706 68.0132 38.2753 65.2182 20.0998 59.7621 55.1236 73.049 40.7063 55.5428 53.4642 67.2882 52.3927 29.5296 56.0359 67.0522 31.6433 58.4637 23.7697 26.2488 61.6604 58.9796 29.6142 79.7866 38.0526 20.6155 70.0702 57.2451 40.8469 0.0 22.6716 42.4382 58.2695 30.0832 56.4358 57.0789 35.617 32.6497 24.0208 32.1403 26.2488 51.4772 8.24621 11.7047 44.3847 60.0624 1.0 22.561 32.5576 77.5019 24.1645 41.7852 64.4748 63.6946 25.0599 70.6045 28.8617 13.9284 23.5372 52.4172 10.8167 59.9994 65.81 66.9104 55.4451 57.3178 32.8024 5.0 55.0091 48.5077 38.4836 8.24621 15.2971 61.131 27.4591 22.2036 
34.176 55.7853 68.6804 31.0161 29.1548 89.687 60.0317 82.6075 13.3417 81.4877 72.9932 82.8291 21.095 36.3456 70.4557 72.0902 46.2277 41.1096 74.1485 88.6105 38.833 42.19 21.8403 26.9258 78.2304 59.121 26.9258 86.3308 29.8329 41.3401 91.8103 53.0754 53.0848 22.6716 0.0 45.618 63.3246 28.6531 35.7351 46.5188 44.2832 14.1421 42.9535 51.0784 24.3516 55.9464 29.8329 30.0832 28.6356 64.6072 21.9317 13.8924 9.89949 82.4621 46.7278 56.0 44.911 76.531 39.1152 85.0941 24.5967 12.1655 23.4094 74.9805 12.0416 64.5383 63.2535 86.9881 78.0084 69.5845 10.2956 26.6271 34.9285 65.4905 47.2652 30.2324 20.0 76.0066 14.1421 39.5601 
38.3369 40.0087 77.8636 36.2473 29.4125 79.9654 54.4952 51.9545 55.0 69.977 51.3825 39.0128 43.0116 48.7032 43.4724 26.5708 22.3607 71.9481 52.7735 73.3259 13.0674 43.0865 62.3699 18.868 46.2995 16.7631 18.9737 41.5933 22.2036 60.1724 78.4712 26.0464 27.3018 42.4382 45.618 0.0 18.2483 17.088 53.8516 31.4288 18.8438 39.4588 64.6437 72.2847 65.192 10.4403 48.8938 36.005 35.9026 21.095 43.0116 31.7805 49.7293 37.0 61.2941 31.4165 55.4617 36.6879 38.5094 46.8188 66.8431 36.4005 22.4722 78.5276 43.9318 18.9892 34.6111 68.61 73.9016 30.0832 52.2015 40.3672 50.9608 43.3536 21.1508 42.7542 29.0 40.1417 59.1692 63.8468 
49.3047 38.1062 75.9573 52.0664 45.2317 72.7805 51.9725 40.2244 71.7667 62.3699 37.3363 21.095 61.0328 65.4721 32.8938 9.21954 32.6956 88.5684 38.6264 62.0322 28.7199 58.2309 78.8001 36.4005 34.6699 8.24621 37.108 23.3452 40.0 75.9916 68.0074 28.0179 23.2219 58.2695 63.3246 18.2483 0.0 35.171 71.0829 43.382 34.4962 57.7062 80.4629 89.7589 81.6055 8.0 64.8167 51.8242 53.2507 5.83095 58.8308 49.6488 67.9117 19.2354 77.1133 24.1803 71.2329 22.0227 39.3901 32.2025 83.4185 53.2498 39.9249 75.562 60.4018 7.81025 19.7231 54.5619 69.189 17.2047 70.342 56.1864 68.1117 31.5753 26.8328 58.5733 45.4054 27.8029 76.4853 79.666 
27.5633 42.7562 72.2833 25.4736 18.6388 82.9303 54.963 61.8466 38.8973 72.2012 53.7122 55.4437 27.8927 37.2022 50.0899 43.6578 22.3607 59.2368 55.0727 75.1656 14.3178 35.0 46.7547 4.0 56.648 32.0156 2.0 58.4637 10.8167 49.0918 80.3798 27.313 30.0832 30.0832 28.6531 17.088 35.171 0.0 41.1825 28.4429 21.0238 23.0 53.4603 61.2046 49.5782 27.5136 37.4833 25.2313 23.6008 37.2156 30.3645 14.7648 32.7567 54.0833 50.2168 34.0147 45.3431 51.2807 28.1862 60.8276 50.9117 20.6155 6.7082 78.5123 28.6007 36.0762 35.9607 70.5552 75.0727 44.3058 35.171 29.1548 38.5876 45.6508 23.7697 31.6769 14.8661 52.6308 42.4382 52.1728 
62.9682 81.802 102.478 60.208 54.5369 119.675 90.8611 102.883 47.676 110.285 94.8947 91.9288 15.8114 6.32456 91.2414 77.1622 40.05 76.2955 96.2549 115.592 55.4707 17.0 55.2268 43.2666 97.5787 70.6045 39.4462 93.2631 31.9531 76.4853 119.75 47.2652 71.1126 56.4358 35.7351 53.8516 71.0829 41.1825 0.0 32.0156 62.1772 23.8537 78.5493 86.7295 57.0789 63.0532 64.4127 59.5483 18.0278 74.7329 55.9464 35.4683 27.2947 87.023 80.4119 75.1332 10.198 90.5207 64.0843 100.584 56.0 42.72 42.0119 108.665 47.0106 65.192 60.2993 111.728 111.185 83.8301 29.0689 59.0762 3.0 86.8332 64.846 62.426 46.0109 93.3231 44.0114 75.2728 
55.9466 66.4681 104.325 53.8569 47.0221 106.102 80.0328 83.6418 59.6154 95.9131 76.9201 63.5689 30.4138 25.7099 75.1597 47.8017 10.8167 84.7231 78.3111 98.8636 38.4708 16.0 68.1542 32.3883 77.9868 49.1082 28.1603 63.7887 19.0263 77.026 104.009 16.2788 52.8394 57.0789 46.5188 31.4288 43.382 28.4429 32.0156 0.0 44.3814 33.2866 81.0247 89.0 70.7743 43.3823 65.0077 53.6146 19.799 48.8096 57.1402 35.9026 44.2041 56.8859 78.2258 56.9541 29.0689 65.3109 64.047 75.5298 71.1126 44.7214 34.0588 104.989 52.3927 36.4005 29.0689 94.1476 99.4392 60.1704 47.0106 57.0351 29.1204 68.8912 46.6884 59.6859 42.0 70.8006 60.0333 79.2275 
29.5803 22.0868 59.0198 29.414 22.5792 61.7206 35.6514 40.8534 50.3584 51.5318 32.7567 39.4086 48.7032 57.9828 29.0689 36.1048 35.3977 65.9159 34.1321 54.4885 6.7082 54.4885 56.7096 19.6469 35.7351 23.3848 22.8473 44.1918 30.8058 53.3391 59.7103 39.0834 9.21954 35.617 44.2832 18.8438 34.4962 21.0238 62.1772 44.3814 0.0 42.9535 57.8104 67.1064 59.4706 27.704 42.1642 29.1717 44.4185 24.4675 36.1783 32.0624 51.0392 43.3848 54.4608 13.0 65.8027 32.249 19.6656 41.0122 61.5178 32.7567 22.2036 59.6839 38.6714 36.2262 47.6481 49.8197 55.0578 25.318 53.0 33.5339 59.5399 24.6982 3.0 35.9209 24.5153 32.249 56.0446 57.0135 
39.6989 59.1726 78.6313 36.7967 31.9061 97.1289 68.2317 83.5225 27.4591 87.6556 74.8859 78.3135 8.06226 23.0868 71.4788 65.8342 34.8281 55.0091 76.2314 92.9626 36.4966 28.0713 35.9026 23.3452 78.5875 55.0091 21.0 81.0494 19.2354 52.9245 97.2042 42.2019 52.1728 32.6497 14.1421 39.4588 57.7062 23.0 23.8537 33.2866 42.9535 0.0 55.3624 63.6003 38.3275 49.8197 40.7185 36.0694 14.5602 60.1332 32.2025 12.2066 11.4018 76.2654 56.5648 55.7853 31.9531 74.1687 41.4549 83.6002 38.2753 18.868 20.8806 84.8176 23.7697 54.3614 53.7122 90.5434 88.5561 67.1863 14.2127 35.2278 22.3607 66.8421 45.8912 38.6005 22.8035 75.1332 26.8328 52.3927 
34.7146 44.9666 30.4631 32.2033 38.0251 57.7062 36.6879 70.4694 33.4215 54.0093 60.9211 86.9578 63.2456 78.4474 62.0106 89.4816 75.8024 15.1327 61.1909 63.1269 53.8368 82.201 30.0 49.4975 70.1543 72.818 53.2353 92.761 62.0081 5.65685 64.0312 80.173 56.8815 24.0208 42.9535 64.6437 80.4629 53.4603 78.5493 81.0247 57.8104 55.3624 0.0 8.24621 30.5287 73.6706 16.0312 31.326 68.0661 73.9008 24.0832 46.3897 52.3546 92.6667 19.2354 55.497 87.2812 75.8672 44.9116 80.7647 33.6155 37.4833 47.1699 38.2753 31.6228 82.1929 88.7439 66.2873 44.5533 70.6814 51.6236 24.3311 77.4919 57.4853 62.1699 23.0868 39.0512 71.4358 40.3113 4.47214 
42.3556 50.2334 26.3059 39.8443 45.666 55.0091 38.0789 72.2011 41.0488 52.7731 62.6987 93.1474 71.4703 86.6833 63.7618 92.293 83.4865 18.0278 62.9682 62.1691 61.4777 90.4268 36.7696 57.2189 71.097 79.573 61.0737 98.9507 70.0071 12.1655 62.2896 87.8142 63.0711 32.1403 51.0784 72.2847 89.7589 61.2046 86.7295 89.0 67.1064 63.6003 8.24621 0.0 36.8782 82.9666 24.0208 38.967 76.2955 80.6557 32.249 54.5894 60.3738 99.4216 22.6716 61.6867 95.5092 80.7209 54.2076 82.9026 39.8246 45.7056 55.0364 34.3657 39.8497 91.4888 96.3849 66.4078 42.0119 76.871 59.5399 32.0624 85.703 60.4926 71.4659 30.4138 47.0 74.4284 47.634 11.6619 
41.4996 62.6498 60.8276 38.8973 42.0595 86.6833 61.3715 90.934 11.1803 81.3941 80.7527 98.857 44.4072 59.0762 79.5012 90.6242 69.6419 21.095 81.6149 89.8053 55.4707 66.0984 2.82843 46.669 87.7471 82.8332 48.2701 103.64 53.3385 32.311 91.7824 76.0263 67.0322 26.2488 24.3516 65.192 81.6055 49.5782 57.0789 70.7743 59.4706 38.3275 30.5287 36.8782 0.0 74.8131 27.0 37.9473 52.8867 83.916 25.2982 36.0555 30.0167 100.838 43.566 68.0074 67.0075 89.889 51.0784 96.8401 3.16228 29.0 43.1393 68.4471 21.2603 83.3254 85.2773 91.0494 73.6817 83.5032 28.0179 31.0483 57.0 74.7064 62.3372 33.541 36.2353 87.3613 13.1529 26.0768 
47.3638 41.7919 79.643 45.2742 38.4394 76.4778 55.6582 45.2769 64.8999 66.0618 41.2668 29.0689 53.0377 57.7428 36.7978 16.1555 32.7033 80.975 42.5969 65.9444 21.9276 58.2309 72.0069 29.0689 39.6232 10.0 29.4109 31.257 32.0 69.1993 71.8748 28.073 26.9077 51.4772 55.9464 10.4403 8.0 27.5136 63.0532 43.3823 27.704 49.8197 73.6706 82.9666 74.8131 0.0 58.0244 45.0319 45.2791 12.083 52.0385 42.1545 60.1664 26.5707 70.321 27.8661 71.2329 28.6531 43.0758 38.9487 76.6094 46.3249 32.6497 79.2477 53.6004 8.59524 20.6276 58.7751 72.8747 22.8035 62.6418 49.3941 60.1247 35.2621 30.011 51.7811 38.6005 33.3017 69.3542 72.8737 
19.0684 36.1386 38.8973 16.5571 22.3607 61.337 34.4851 64.3273 24.1661 55.2692 54.1295 77.0177 48.7545 63.6946 53.1601 73.8354 59.8415 24.0832 54.9181 63.2974 38.1905 66.7083 25.0799 33.541 61.4003 65.5268 37.2156 82.3361 46.0 12.3693 65.6981 64.3433 44.8155 8.24621 29.8329 48.8938 64.8167 37.4833 64.4127 65.0077 42.1642 40.7185 16.0312 24.0208 27.0 58.0244 0.0 15.6798 52.6308 66.6096 8.544 30.8058 39.6989 84.0491 17.4883 45.6958 72.6154 67.6243 29.2653 71.4585 30.0167 22.1359 31.1448 45.4533 17.8045 66.5466 72.9939 64.0703 48.7647 61.2864 39.598 8.544 63.0714 48.3845 46.5237 8.48528 23.0217 62.0605 31.7805 14.8661 
4.12311 26.1725 50.0429 1.0 8.06226 68.5921 38.9368 54.0093 31.0644 60.3928 44.0114 61.3682 43.8634 57.4282 42.107 60.8429 47.3195 39.4315 45.0444 67.5156 25.198 58.1808 35.4401 21.2434 50.2494 46.1955 25.4951 66.6867 35.171 26.8547 70.7155 51.5405 29.1661 11.7047 30.0832 36.005 51.8242 25.2313 59.5483 53.6146 29.1717 36.0694 31.326 38.967 37.9473 45.0319 15.6798 0.0 44.7772 47.2782 12.6491 24.0832 39.3573 66.1955 27.9764 30.0832 66.2873 52.0 13.6015 58.9406 40.5216 18.3576 19.9249 56.2292 20.0998 53.5541 60.1052 57.1827 58.6561 45.637 40.3113 7.2111 57.6281 37.1214 30.8743 9.4365 13.6015 49.4773 38.0132 30.5291 
47.7074 66.2987 89.4832 45.2769 38.8334 103.971 75.1576 84.9754 41.9762 94.2617 77.1751 74.3424 10.6301 13.6015 73.4302 60.0083 24.3516 69.0652 78.5493 98.7081 37.7359 14.1421 50.448 26.1725 79.6628 52.6308 22.0227 76.0066 13.9284 65.0 104.046 31.9531 53.2353 44.3847 28.6356 35.9026 53.2507 23.6008 18.0278 19.799 44.4185 14.5602 68.0661 76.2955 52.8867 45.2791 52.6308 44.7772 0.0 56.8859 44.1475 21.8403 24.6982 70.1142 67.4167 57.3062 21.9317 72.5328 48.3808 82.5782 52.811 30.5941 25.6125 95.6695 37.054 48.0104 44.643 94.0977 95.482 65.824 27.4591 45.8803 15.2315 69.1158 47.0106 48.9156 31.305 75.4071 41.2311 65.4905 
44.2072 33.0086 70.8439 46.3716 47.0246 67.2681 46.8749 34.4093 72.8798 56.8859 31.6228 18.2483 64.0703 69.4236 27.2029 11.7047 38.1307 90.3613 32.8938 56.3028 29.833 63.6582 81.155 37.855 28.8444 5.83095 39.2046 21.9317 43.2897 68.9001 62.2977 33.5003 18.1244 60.0624 64.6072 21.095 5.83095 37.2156 74.7329 48.8096 24.4675 60.1332 73.9008 80.6557 83.916 12.083 66.6096 47.2782 56.8859 0.0 60.6237 51.1957 69.8713 19.799 68.0101 19.0828 76.0637 16.6433 34.2925 26.9258 85.9632 54.363 41.2341 70.4557 63.0915 13.6015 25.5539 48.7545 64.0 11.4018 72.1803 57.9793 71.8055 26.1725 21.7352 60.3663 46.5186 22.0227 77.604 81.4589 
16.2788 38.0132 46.8615 13.6015 17.6918 68.6716 39.2173 66.2065 19.105 60.7065 56.1119 73.9717 40.2492 55.1543 54.4518 67.8495 52.6308 29.0689 57.0353 68.0074 32.2047 58.2495 22.8035 26.5707 62.6498 59.541 29.8329 80.3479 38.1182 20.8806 71.0147 57.5847 41.7696 1.0 21.9317 43.0116 58.8308 30.3645 55.9464 57.1402 36.1783 32.2025 24.0832 32.249 25.2982 52.0385 8.544 12.6491 44.1475 60.6237 0.0 22.3607 31.8277 78.0633 24.8228 42.72 64.0781 64.622 25.9422 71.5681 27.8927 13.6015 23.7697 53.0756 10.0 60.5607 66.1508 67.897 56.1034 58.2405 32.0156 6.0 54.5619 49.4975 39.045 9.21954 15.5242 62.0967 26.4764 22.0907 
27.5862 46.9952 67.7723 24.7588 19.7231 84.8621 56.0482 72.0745 25.0 75.4721 63.4214 69.4262 19.799 33.6155 60.0226 58.3095 33.6155 48.8365 64.6322 80.7775 26.0192 35.9026 33.2866 13.3417 67.2681 45.7188 13.0384 72.8011 17.4642 43.1741 85.0207 40.0 41.1947 22.561 13.8924 31.7805 49.6488 14.7648 35.4683 35.9026 32.0624 12.2066 46.3897 54.5894 36.0555 42.1545 30.8058 24.0832 21.8403 51.1957 22.3607 0.0 19.0 68.7095 45.7058 44.5533 42.5441 64.0312 29.2775 73.0616 37.0135 9.0 10.0499 73.9585 16.4924 50.7386 49.6033 78.366 76.3726 57.0351 21.095 24.1661 33.6006 55.3859 35.0571 27.3121 10.6301 64.2806 27.8029 44.0454 
43.382 64.5136 78.5684 40.2492 37.3631 99.3808 69.7256 90.6745 20.3961 91.1816 81.2528 88.1192 14.8661 29.0689 78.5092 76.2647 46.2277 49.0306 82.4621 97.9021 45.0111 36.6879 28.0179 32.1403 86.0016 64.4981 30.8058 91.2195 30.5287 51.0392 101.504 53.6004 60.1332 32.5576 9.89949 49.7293 67.9117 32.7567 27.2947 44.2041 51.0392 11.4018 52.3546 60.3738 30.0167 60.1664 39.6989 39.3573 24.6982 69.8713 31.8277 19.0 0.0 86.696 56.6273 63.3877 37.054 83.0241 47.1088 92.0489 29.2746 21.0238 29.0172 84.88 21.9317 65.3928 65.0 95.8593 87.9079 76.0263 2.82843 36.4005 27.0185 73.5791 54.037 40.0 27.8927 83.2166 17.2627 48.7545 
63.1244 50.9902 88.2553 65.2888 64.4642 80.0062 64.2573 42.4264 90.9991 70.1142 44.1814 11.7047 78.7718 81.0987 40.4475 10.4403 47.1699 107.801 45.0999 67.1863 47.9523 72.6911 98.0325 55.5428 38.0526 25.4951 55.9732 7.81025 57.7062 87.666 73.2462 40.6079 37.0416 77.5019 82.4621 37.0 19.2354 54.0833 87.023 56.8859 43.3848 76.2654 92.6667 99.4216 100.838 26.5707 84.0491 66.1955 70.1142 19.799 78.0633 68.7095 86.696 0.0 86.776 37.7359 85.8429 23.0 53.2097 29.4109 102.651 72.4823 59.0931 86.8332 79.6342 22.2036 28.1603 58.4209 79.2465 24.0416 89.1882 75.4188 84.0238 41.4849 40.6525 77.8058 64.6379 31.0 95.7079 98.8984 
31.365 38.5107 23.7065 28.8537 34.6754 43.8634 18.1108 51.6342 41.6499 37.855 42.0858 80.5018 64.6243 79.2052 55.5546 79.6474 72.5042 33.8378 42.3556 46.2709 50.4871 81.2764 41.9762 46.2287 50.4841 66.9274 50.1455 86.3051 59.3611 13.9284 48.2701 76.8236 50.4255 24.1645 46.7278 61.2941 77.1133 50.2168 80.4119 78.2258 54.4608 56.5648 19.2354 22.6716 43.566 70.321 17.4883 27.9764 67.4167 68.0101 24.8228 45.7058 56.6273 86.776 0.0 49.041 88.1493 69.4112 41.562 74.3087 46.6905 37.6988 44.1682 29.0689 34.7165 78.8432 85.3943 48.1664 31.3847 64.2254 56.7104 21.544 78.8718 51.0293 58.8203 18.742 36.4633 64.9798 49.2625 22.1359 
26.8328 14.1421 51.9744 29.1548 27.1778 51.6236 28.1603 27.8568 60.4152 41.2311 20.0 31.8904 61.6847 70.8308 16.1245 30.72 47.9704 68.267 21.4009 43.0116 19.6977 67.0704 65.4599 32.573 22.8035 18.0 35.8469 37.4833 43.566 49.931 48.5489 50.9187 4.24264 41.7852 56.0 31.4165 24.1803 34.0147 75.1332 56.9541 13.0 55.7853 55.497 61.6867 68.0074 27.8661 45.6958 30.0832 57.3062 19.0828 42.72 44.5533 63.3877 37.7359 49.041 0.0 78.5079 21.9317 17.2627 29.2746 70.5195 44.0523 34.9285 52.0384 48.8365 31.3848 43.4631 37.4833 46.3897 15.8114 65.192 37.2611 72.4707 12.0416 10.2956 39.4524 36.0 20.025 66.754 56.8677 
69.4046 87.8039 110.216 66.8506 60.6143 125.752 96.9385 106.126 57.3149 116.043 98.4739 91.9239 24.0416 8.94427 94.6233 76.4853 38.833 85.8429 99.8649 120.213 59.203 13.1529 65.0692 48.0833 100.813 72.14 43.8634 92.5743 35.0 84.8646 125.427 45.2769 74.3933 64.4748 44.911 55.4617 71.2329 45.3431 10.198 29.0689 65.8027 31.9531 87.2812 95.5092 67.0075 71.2329 72.6154 66.2873 21.9317 76.0637 64.0781 42.5441 37.054 85.8429 88.1493 78.5079 0.0 92.043 70.1617 102.223 66.0303 50.5668 47.5079 116.402 55.6597 64.7611 58.1378 115.603 117.263 85.5142 39.0 66.6483 10.0499 90.4434 68.2422 69.8475 52.6972 95.5798 54.0093 84.2021 
48.7545 31.8277 67.082 51.0784 54.5957 57.0088 43.566 19.9249 82.1983 47.1699 21.3776 12.6491 78.9367 85.3815 18.0278 22.3607 54.6319 88.6371 22.2036 44.2832 38.0132 79.6659 87.3211 51.0098 15.1327 19.9249 53.2574 18.9737 58.6941 70.3012 50.3587 50.0 23.7697 63.6946 76.531 36.6879 22.0227 51.2807 90.5207 65.3109 32.249 74.1687 75.8672 80.7209 89.889 28.6531 67.6243 52.0 72.5328 16.6433 64.622 64.0312 83.0241 23.0 69.4112 21.9317 92.043 0.0 39.0371 10.2956 92.3703 64.9384 54.0093 64.846 70.6879 29.7321 41.1096 35.6931 56.7539 7.0 85.0941 59.1896 87.6413 20.2485 29.2746 61.381 56.7186 8.0 88.0981 77.2379 
11.4018 18.6011 51.7182 12.8062 10.0 57.6281 28.833 43.566 43.1741 48.1041 34.2053 48.3825 48.7619 61.423 31.4006 45.9298 55.0633 53.0171 35.4401 52.8015 26.1803 61.4541 48.4665 24.1983 39.1152 33.2097 28.45 53.7009 38.1529 40.4403 57.3847 58.749 16.1803 25.0599 39.1152 38.5094 39.3901 28.1862 64.0843 64.047 19.6656 41.4549 44.9116 54.2076 51.0784 43.0758 29.2653 13.6015 48.3808 34.2925 25.9422 29.2775 47.1088 53.2097 41.562 17.2627 70.1617 39.0371 0.0 46.5296 53.4883 27.0185 23.0018 52.3823 31.5753 46.5945 58.6728 49.6488 48.9427 32.6513 48.6635 20.8087 61.9484 26.4764 17.8885 23.022 19.2357 37.2156 49.4975 44.1147 
55.3624 35.8469 67.424 57.9741 56.4504 52.9528 45.2548 14.3178 89.627 43.9659 20.6155 17.72 88.6871 95.5196 19.2094 31.4006 64.8509 93.5496 20.8087 39.2046 47.1699 89.8457 94.3716 60.2993 12.2066 30.0832 62.8013 23.1948 68.7148 75.1987 45.0999 60.2163 32.0156 70.6045 85.0941 46.8188 32.2025 60.8276 100.584 75.5298 41.0122 83.6002 80.7647 82.9026 96.8401 38.9487 71.4585 58.9406 82.5782 26.9258 71.5681 73.0616 92.0489 29.4109 74.3087 29.2746 102.223 10.2956 46.5296 0.0 99.4585 73.2462 63.1269 64.0078 78.0897 39.8246 50.9117 30.0666 55.0364 16.7631 94.0053 65.9743 97.719 23.3238 38.0132 68.1656 65.123 9.48683 96.026 82.166 
