NAME  : Jabali_80_2_0.93_1_5
TYPE : SVRP
MODEL : FINITE_SUPPORT
NUMBER_OF_SCENARIOS : 200
DIMENSION : 80
EDGE_WEIGHT_TYPE : MATRIX
CAPACITY : 226
N_VEHICLES : 2
NODE_COORD_SECTION
1 3688 4187
2 4412 722
3 8123 5882
4 4742 720
5 4073 1315
6 6689 2448
7 913 2866
8 6337 4905
9 5654 6054
10 6383 6455
11 4876 703
12 1888 995
13 3593 1162
14 4610 3376
15 4497 1075
16 599 2749
17 7021 6116
18 2736 1253
19 3705 6935
20 3175 6661
21 5066 4014
22 27 1816
23 5284 2068
24 623 4081
25 5557 2901
26 623 4707
27 6793 5546
28 2770 4694
29 335 1376
30 3977 1556
31 1208 1749
32 7962 5037
33 4204 1357
34 3128 7191
35 217 3688
36 7510 5209
37 5132 4767
38 6018 18
39 3402 2206
40 6308 6710
41 5461 5955
42 1011 2641
43 4564 6760
44 982 5782
45 3749 7288
46 953 2922
47 8051 4352
48 6555 4078
49 6532 1917
50 5386 2461
51 7709 3517
52 2150 1659
53 5409 6694
54 5452 37
55 1547 5364
56 4275 2685
57 2401 4836
58 7704 5422
59 7854 4241
60 2363 7052
61 1390 6566
62 5962 6378
63 2058 2314
64 155 2898
65 2863 3517
66 2768 5743
67 1370 1772
68 1769 1589
69 5055 6597
70 750 5224
71 5004 2587
72 5927 694
73 5710 6767
74 6727 1841
75 3134 5135
76 5012 2807
77 4846 323
78 3283 507
79 2640 2926
80 6634 5496
DEMAND_SECTION
1 0.0
2 8.0
3 1.0
4 6.0
5 10.0
6 4.0
7 7.0
8 4.0
9 6.0
10 6.0
11 6.0
12 3.0
13 9.0
14 3.0
15 8.0
16 6.0
17 2.0
18 10.0
19 6.0
20 2.0
21 8.0
22 5.0
23 3.0
24 9.0
25 4.0
26 9.0
27 2.0
28 2.0
29 8.0
30 1.0
31 1.0
32 1.0
33 5.0
34 4.0
35 9.0
36 3.0
37 8.0
38 7.0
39 3.0
40 4.0
41 6.0
42 6.0
43 4.0
44 10.0
45 5.0
46 8.0
47 9.0
48 3.0
49 7.0
50 3.0
51 8.0
52 10.0
53 8.0
54 1.0
55 3.0
56 9.0
57 7.0
58 2.0
59 5.0
60 2.0
61 5.0
62 1.0
63 8.0
64 9.0
65 6.0
66 2.0
67 2.0
68 2.0
69 7.0
70 3.0
71 7.0
72 2.0
73 3.0
74 3.0
75 7.0
76 4.0
77 3.0
78 7.0
79 9.0
80 10.0
DEVIATION_SECTION
1 0.0
2 2.66667
3 0.333333
4 2.0
5 3.33333
6 1.33333
7 2.33333
8 1.33333
9 2.0
10 2.0
11 2.0
12 1.0
13 3.0
14 1.0
15 2.66667
16 2.0
17 0.666667
18 3.33333
19 2.0
20 0.666667
21 2.66667
22 1.66667
23 1.0
24 3.0
25 1.33333
26 3.0
27 0.666667
28 0.666667
29 2.66667
30 0.333333
31 0.333333
32 0.333333
33 1.66667
34 1.33333
35 3.0
36 1.0
37 2.66667
38 2.33333
39 1.0
40 1.33333
41 2.0
42 2.0
43 1.33333
44 3.33333
45 1.66667
46 2.66667
47 3.0
48 1.0
49 2.33333
50 1.0
51 2.66667
52 3.33333
53 2.66667
54 0.333333
55 1.0
56 3.0
57 2.33333
58 0.666667
59 1.66667
60 0.666667
61 1.66667
62 0.333333
63 2.66667
64 3.0
65 2.0
66 0.666667
67 0.666667
68 0.666667
69 2.33333
70 1.0
71 2.33333
72 0.666667
73 1.0
74 1.0
75 2.33333
76 1.33333
77 1.0
78 2.33333
79 3.0
80 3.33333
DISTANCE_MATRIX
0.0 47.4856 64.2097 48.5034 39.9085 47.3814 45.084 37.8021 40.5777 51.8546 49.0737 48.3327 49.4434 16.7631 43.423 49.3169 54.714 44.2405 40.6641 35.617 18.9737 60.9909 35.3553 43.962 30.5941 43.1766 47.0107 14.0357 60.0935 37.9154 46.9784 58.8218 40.023 42.2753 52.8088 54.037 22.8876 64.0312 33.6868 52.1846 38.5881 44.9831 42.5225 43.2897 44.7147 45.084 59.0339 39.5601 49.7293 32.311 55.7853 39.2896 43.2956 60.1082 34.1321 21.9317 19.0 56.8222 57.2713 42.8158 45.31 46.2105 33.5632 54.5888 15.6808 23.8537 45.6344 42.6247 40.137 43.1045 27.7308 56.0357 46.1562 51.6624 13.8924 26.0 53.4971 58.0443 22.0285 45.807 
47.4856 0.0 84.9294 4.12311 9.21954 37.7359 55.4437 61.0737 77.1041 79.706 5.09902 32.9848 13.3417 34.7851 4.12311 58.1378 79.0569 24.5153 84.6354 82.8722 44.911 60.0167 21.3776 69.3854 32.1403 74.6301 71.1126 68.1828 54.8179 12.0416 44.1814 75.0 8.48528 89.5305 69.2385 73.5459 56.2939 23.0868 25.0 82.369 75.1145 53.2353 79.0489 82.1602 88.1899 55.4437 69.0797 52.9528 32.6497 26.1725 58.5918 33.0151 79.822 16.4924 73.6163 25.6155 65.0694 76.6877 66.8506 90.0197 88.9706 78.4474 38.9975 64.0703 46.4353 71.0636 43.1045 37.054 77.2978 78.3027 26.0768 19.9249 82.6826 33.9706 61.0773 28.1603 7.61577 15.6525 38.9566 70.0643 
64.2097 84.9294 0.0 83.1865 80.9568 51.0392 105.783 26.6271 34.4384 25.4951 83.0241 108.309 86.1755 57.8014 81.2527 110.016 15.5242 108.198 61.1882 67.4463 47.4342 121.558 63.561 106.011 53.1601 103.046 18.4391 79.2142 120.331 79.712 107.158 11.4018 80.6536 69.0507 113.319 11.4018 42.5291 85.1469 81.7288 27.1662 36.2353 105.679 49.0306 96.6644 61.5224 105.783 20.6155 32.0156 58.0775 58.9406 32.28 99.4677 37.855 87.023 89.4707 67.9779 79.5099 8.24621 22.1359 78.8543 91.3947 30.3645 93.7457 115.288 76.3797 72.45 105.813 102.803 42.2019 100.24 60.407 77.0065 34.5254 58.2151 72.0427 58.8727 86.7006 95.5196 82.508 19.8494 
48.5034 4.12311 83.1865 0.0 12.083 34.8855 59.3043 60.0083 77.6909 78.7739 1.0 37.108 17.1172 35.3412 5.83095 62.0725 78.0064 28.2843 85.2222 83.89 44.9222 64.1327 20.0 72.5895 31.0161 77.8332 70.0 60.1484 58.9406 14.7648 48.2597 73.0068 11.1803 90.5483 73.0406 71.8471 56.3205 19.2354 27.7849 81.4369 75.7013 57.1402 79.6357 85.1936 88.7767 59.3043 66.7308 51.3517 29.4109 25.02 55.9464 37.0 80.4088 13.0 76.6941 26.6333 68.1029 74.9667 64.5136 91.0375 92.0041 77.5153 42.7997 68.0294 49.4688 72.0814 47.1699 41.1096 77.8846 81.4371 25.7099 15.8114 83.2694 30.6105 62.0951 27.8927 5.0 19.6977 42.0476 69.0072 
39.9085 9.21954 80.9568 12.083 0.0 37.4833 48.0104 55.9017 69.5734 74.2871 13.0 28.6531 6.7082 27.3562 6.32456 51.0392 73.6817 17.0294 80.3422 75.2951 38.0526 54.7083 18.6011 60.6383 27.8568 65.7875 65.9242 59.145 50.1597 2.82843 38.3275 71.6938 1.0 81.9534 61.4003 69.5701 49.2599 31.0483 15.8114 76.9501 67.5838 46.0109 71.5182 73.1224 84.3927 48.0104 66.7308 49.0408 33.8378 22.3607 57.2014 26.4764 72.2913 25.0799 64.5786 18.0384 56.0317 72.7324 64.4981 82.4426 79.9329 75.2062 31.0644 57.0789 37.3976 63.4865 37.108 31.0483 69.7671 69.3542 20.6155 26.0 75.1519 35.5106 53.5002 22.3607 16.6433 14.7648 29.9666 64.7765 
47.3814 37.7359 51.0392 34.8855 37.4833 0.0 79.3784 33.6155 49.9624 53.3385 34.4384 65.7757 43.9318 31.0161 35.0 83.0722 49.98 69.9832 73.2462 74.686 31.3847 90.1657 19.4165 86.8332 17.0 89.0898 42.1545 61.2046 87.1225 37.6431 74.0754 40.0125 36.7696 80.1311 90.0278 40.3113 39.4081 34.1321 43.5198 56.0803 49.9933 77.9982 66.0776 90.6697 76.3128 79.3784 32.5576 22.3607 7.07107 18.0278 21.1896 65.0323 58.8378 36.2215 81.4985 33.5261 66.2722 43.1856 30.4138 86.0058 91.9376 52.2769 62.8238 89.1116 54.1479 70.0283 72.6612 68.4773 61.1325 90.05 22.8035 26.0192 57.8795 7.61577 60.4152 23.3452 37.3363 51.7397 55.5428 41.6293 
45.084 55.4437 105.783 59.3043 48.0104 79.3784 0.0 79.2968 77.8177 89.0946 60.2993 27.4591 42.19 51.1077 54.0833 4.24264 97.2139 31.0644 65.307 58.5491 59.0339 18.4391 60.6383 17.0294 63.2786 25.2389 88.584 35.6276 21.095 46.0109 15.5563 100.005 49.0102 64.195 14.3178 95.5648 65.2574 78.5175 35.9026 89.4246 75.8281 2.82843 71.039 39.0 69.0507 0.0 99.0454 79.0569 78.1025 61.5461 93.5361 22.8035 78.4168 71.8471 34.5254 46.166 32.5143 98.393 97.0824 59.1354 50.0 83.4505 17.0294 9.84886 29.6985 44.7214 15.6205 20.1246 74.4306 31.7648 56.7481 74.0068 81.8591 80.05 42.3038 56.3067 62.8013 43.3244 24.1868 87.3802 
37.8021 61.0737 26.6271 60.0083 55.9017 33.6155 79.2968 0.0 17.4642 19.7231 60.0333 82.6463 60.7581 31.305 57.1402 83.5297 18.0 82.5353 46.0977 50.1597 20.8087 95.0158 40.0125 80.7425 29.0 79.7756 10.0499 50.4131 93.787 54.3415 80.614 21.095 55.7315 53.9351 86.6455 16.2788 16.1555 66.0984 56.0657 22.4722 17.72 79.196 35.1141 75.2429 48.0833 79.2968 23.1948 11.4018 40.2492 35.0 25.632 72.9237 26.0768 66.2873 67.082 41.7852 54.7776 19.105 22.0227 62.2013 72.4144 19.105 67.2017 88.8016 49.8936 51.0725 79.2685 76.2588 28.6356 77.5583 35.3553 57.28 24.8395 41.1825 49.002 33.541 64.1249 70.0928 55.9732 9.0 
40.5777 77.1041 34.4384 77.6909 69.5734 49.9624 77.8177 17.4642 0.0 11.6619 78.1132 86.1839 73.9305 42.3556 73.0043 81.4988 19.4165 82.0917 29.1548 34.1321 34.0665 96.2564 60.2404 71.8066 44.1959 68.8186 17.2627 45.0099 97.9549 67.5803 84.8311 34.2345 69.6879 37.1214 78.4264 28.2843 24.8893 81.9121 69.1841 12.6491 2.23607 79.4186 17.72 62.2415 30.8058 77.8177 39.2046 28.1661 56.4358 50.1833 43.0813 77.1408 9.21954 81.8588 55.0727 52.6192 45.3055 29.8329 38.4708 46.0435 57.4891 6.32456 71.4185 84.6754 53.5442 38.0132 83.4856 80.4759 11.1803 65.8635 52.7687 73.0455 9.48683 57.4646 37.8383 50.5422 82.5845 83.2894 59.8807 16.1245 
51.8546 79.706 25.4951 78.7739 74.2871 53.3385 89.0946 19.7231 11.6619 0.0 78.8332 97.4609 79.0695 49.2443 75.7334 92.7758 10.0499 93.3686 35.6931 42.0595 38.5657 107.533 58.8129 82.8076 47.7691 79.6492 13.0384 56.2868 109.232 72.6505 96.108 28.6356 74.1495 43.566 89.4275 22.8035 33.6261 85.4853 74.323 2.82843 13.8924 90.6956 23.5372 72.0694 36.1248 89.0946 35.8469 31.0644 59.9416 53.7565 42.8019 88.4177 12.3693 85.432 65.4599 59.8599 56.3065 23.1948 35.7771 53.3667 66.1287 5.65685 82.6955 95.9523 64.8212 48.2597 94.7625 91.7528 16.7631 76.2758 53.8298 76.6187 9.05539 60.9016 48.8393 51.9467 82.9828 88.4082 71.1577 12.8062 
49.0737 5.09902 83.0241 1.0 13.0 34.4384 60.2993 60.0333 78.1132 78.8332 0.0 38.0789 18.1108 35.7771 6.7082 63.0714 78.0256 29.2746 85.6456 84.4603 45.2217 65.1153 20.025 73.5349 31.0644 78.7718 70.0071 60.7187 59.9083 15.6525 49.2544 72.7805 12.083 91.1186 74.0323 71.7008 56.6127 18.2483 28.6531 81.4961 76.1236 58.1378 80.0591 86.0905 89.2001 60.2993 66.4078 51.2445 28.8444 25.0799 55.5428 38.0 80.8311 12.083 77.591 27.2036 68.9997 74.8131 64.195 91.6077 92.9009 77.5745 43.7913 69.029 50.3656 72.6517 48.1664 42.107 78.307 82.3468 25.9615 14.8661 83.6917 30.0 62.6654 28.1603 4.47214 20.6155 42.9535 69.029 
48.3327 32.9848 108.309 37.108 28.6531 65.7757 27.4591 82.6463 86.1839 97.4609 38.0789 0.0 21.9545 53.5476 33.2415 28.6356 100.311 15.2643 84.53 76.4471 61.2657 27.1662 46.5951 44.0454 55.1457 51.6236 92.6077 53.329 21.8403 28.3129 12.6491 99.645 29.5296 82.3978 41.6773 97.0052 68.4776 55.3263 30.7855 97.7908 84.1943 24.6982 88.7404 63.6003 88.5805 27.4591 95.6301 76.8196 62.434 49.9305 85.1107 9.05539 88.9018 48.1664 56.9386 44.2298 50.2156 100.156 93.4331 78.8666 73.0616 91.8168 17.088 33.8378 36.1421 62.4955 12.083 7.81025 85.7432 57.3847 47.6175 52.8867 91.7624 64.1405 60.0052 49.5254 39.3192 18.0278 27.074 91.404 
49.4434 13.3417 86.1755 17.1172 6.7082 43.9318 42.19 60.7581 73.9305 79.0695 18.1108 21.9545 0.0 31.7134 12.0416 45.0111 78.4767 11.1803 90.7301 85.6829 42.4156 48.0833 24.7588 56.1417 33.3115 67.2109 70.7622 60.6211 43.4626 6.40312 31.7805 77.1604 7.61577 92.3413 55.9263 74.8188 53.6171 36.3456 17.6963 81.7325 71.9409 40.05 75.8754 74.7338 94.7806 42.19 72.5068 54.4024 40.4969 28.0179 63.2535 20.0998 76.6485 29.8329 66.0973 22.3956 57.5078 77.9787 70.2805 92.8304 81.4089 79.5634 25.6853 51.0 39.016 73.8743 30.5941 24.5153 74.1243 70.8835 25.7833 32.1403 79.5091 42.19 63.8881 27.3294 20.8806 10.0499 31.5373 69.5684 
16.7631 34.7851 57.8014 35.3412 27.3562 31.0161 51.1077 31.305 42.3556 49.2443 35.7771 53.5476 31.7134 0.0 30.6757 55.2268 48.6515 53.4366 49.887 50.2173 11.1803 65.5997 19.2094 56.5155 14.0357 58.2151 40.9483 30.2655 64.3541 25.3632 51.1811 50.448 27.4708 56.036 60.407 46.8722 22.0227 48.7955 26.9669 51.9073 40.366 50.4777 44.3004 59.8415 53.4415 51.1077 48.2701 28.3196 32.9848 15.6525 42.4853 43.4908 45.0735 45.8039 50.636 11.0454 35.3553 49.93 46.2277 59.2784 62.0322 47.9885 37.7688 60.9016 23.5372 40.317 49.8356 46.8259 42.5494 59.0339 11.4018 40.3609 47.9341 34.9285 30.4631 9.43398 40.2492 41.0722 26.9258 39.7446 
43.423 4.12311 81.2527 5.83095 6.32456 35.0 54.0833 57.1402 73.0043 75.7334 6.7082 33.2415 12.0416 30.6757 0.0 57.0 75.1066 23.0217 80.5357 78.8096 40.7922 59.9083 17.72 66.9403 28.2843 72.111 67.1863 65.4053 55.0273 8.94427 43.7379 71.4703 5.38516 85.468 67.6404 69.857 52.1728 24.7386 21.9545 78.3964 71.0148 52.0096 74.9492 79.3828 84.0902 54.0833 65.7951 49.2443 30.4138 22.3607 55.5698 32.1403 75.7223 18.7883 70.8389 21.5529 62.292 73.0068 63.561 85.9571 86.1932 74.4748 37.2909 63.0079 43.6579 67.001 42.5793 36.4966 73.1981 75.6439 22.0227 20.0998 78.5829 31.8904 57.0147 24.0832 10.6301 17.0294 36.2491 66.1211 
49.3169 58.1378 110.016 62.0725 51.0392 83.0722 4.24264 83.5297 81.4988 92.7758 63.0714 28.6356 45.0111 55.2268 57.0 0.0 100.895 34.0147 68.884 61.9839 63.2535 15.0333 64.2884 17.8885 67.353 26.4008 92.8168 39.3087 18.6815 49.1631 16.1245 104.235 52.0384 67.4759 13.4536 99.7977 69.4903 81.2219 39.5601 93.1057 79.5092 5.09902 74.7202 40.8044 72.5672 4.24264 103.228 83.2346 81.7435 65.2399 97.6184 25.1794 82.098 74.4312 37.1214 57.2015 36.1954 102.626 101.257 62.0081 52.1728 87.1317 20.3961 6.08276 33.9411 48.2701 16.5529 21.8403 78.1117 33.2415 61.4211 77.026 85.5402 83.678 45.985 60.3811 65.3758 45.3542 28.3019 91.6131 
54.714 79.0569 15.5242 78.0064 73.6817 49.98 97.2139 18.0 19.4165 10.0499 78.0256 100.311 78.4767 48.6515 75.1066 100.895 0.0 100.2 45.7056 51.923 37.9729 112.062 58.0086 91.2028 47.0 88.2326 8.06226 64.4061 110.851 72.0578 97.678 19.3132 73.5527 53.6004 97.8227 13.8924 33.0334 83.4326 73.7303 12.0416 21.4009 98.8149 33.541 81.3941 46.1736 97.2139 27.4591 27.8927 56.921 53.0 36.1248 89.9877 22.3607 84.0119 74.4312 59.2671 64.7017 13.6015 27.8029 63.3482 75.8947 14.8661 84.2657 104.072 66.8839 57.3062 96.3325 93.3228 26.6833 85.235 53.2353 74.7329 19.105 57.5847 57.2345 51.3517 82.0975 87.8154 73.0123 9.0 
44.2405 24.5153 108.198 28.2843 17.0294 69.9832 31.0644 82.5353 82.0917 93.3686 29.2746 15.2643 11.1803 53.4366 23.0217 34.0147 100.2 0.0 84.1364 77.6883 64.1388 38.4838 50.9033 44.9784 56.1481 51.3899 92.4967 49.881 34.6699 16.2717 21.9317 99.534 18.0278 84.3416 44.763 96.8942 64.3853 47.5184 26.6932 93.6985 80.1021 29.0 84.0365 61.6735 88.1869 31.0644 95.5191 76.7087 50.395 52.1094 86.4501 9.84886 84.8096 41.0 54.2539 44.1188 46.7677 100.045 93.3221 75.4186 70.2662 87.7245 14.522 40.05 32.4224 59.0475 20.6155 14.7648 81.6509 56.2776 48.3383 43.0116 87.6702 52.1145 57.2944 49.4144 32.0156 15.6205 23.0499 91.293 
40.6641 84.6354 61.1882 85.2222 80.3422 73.2462 65.307 46.0977 29.1548 35.6931 85.6456 84.53 90.7301 49.887 80.5357 68.884 45.7056 84.1364 0.0 7.81025 42.638 83.7437 68.077 56.3649 59.5483 50.774 46.0 34.0147 85.8093 78.3492 75.9757 63.0079 80.4568 8.0 63.561 57.0088 34.0375 97.9089 73.5827 34.2053 28.4429 66.9236 12.1655 39.598 4.12311 65.307 68.3593 55.9104 78.0064 63.6554 71.5876 75.9224 23.3452 95.4008 35.5106 60.1505 33.2415 58.1378 67.6018 17.72 31.3847 31.1448 65.9524 71.4703 55.5767 20.6155 75.1359 75.6394 19.105 45.607 60.4624 89.2173 26.6833 79.6304 26.8493 58.2563 90.1171 97.9403 60.6636 45.0111 
35.617 82.8722 67.4463 83.89 75.2951 74.686 58.5491 50.1597 34.1321 42.0595 84.4603 76.4471 85.6829 50.2173 78.8096 61.9839 51.923 77.6883 7.81025 0.0 43.4166 76.9415 68.4073 48.8467 59.9857 43.0465 51.3517 28.6356 79.2275 73.302 69.3987 68.3593 75.4096 6.7082 56.0803 62.3939 36.4005 99.5776 68.5355 40.8534 33.0151 60.2993 18.7883 31.8277 10.7703 58.5491 73.0068 58.4637 78.8923 63.9857 75.1513 67.8395 29.7321 95.4982 27.7849 57.262 27.0185 63.7887 72.0625 12.0416 24.1661 37.108 59.3754 64.2884 49.1286 14.0 68.559 69.0624 25.2982 37.8021 60.7927 89.5476 33.2415 80.6226 21.8021 58.5866 88.8837 92.8931 52.5807 50.2494 
18.9737 44.911 47.4342 44.9222 38.0526 31.3847 59.0339 20.8087 34.0665 38.5657 45.2217 61.2657 42.4156 11.1803 40.7922 63.2535 37.9729 64.1388 42.638 43.4166 0.0 74.3314 26.4197 62.4281 16.9706 62.0967 30.2697 32.7567 73.0858 36.0654 59.9128 41.0366 38.1182 49.0918 66.8401 36.8782 11.4018 56.0357 37.6691 41.2286 32.0769 58.7963 36.0251 61.0082 46.0109 59.0339 40.3113 20.6155 35.5106 21.6333 36.8782 52.2225 36.7845 54.1202 52.0865 22.2036 37.4833 39.8246 38.4708 54.626 61.1558 39.6994 46.5005 68.6003 29.7121 38.8095 58.5673 55.5576 34.2603 61.6604 19.3132 47.2017 39.6451 37.2156 30.0167 17.088 49.6488 51.7744 35.3553 29.066 
60.9909 60.0167 121.558 64.1327 54.7083 90.1657 18.4391 95.0158 96.2564 107.533 65.1153 27.1662 48.0833 65.5997 59.9083 15.0333 112.062 38.4838 83.7437 76.9415 74.3314 0.0 71.0858 31.7805 76.3307 40.2616 104.359 54.0663 6.7082 54.1013 16.5529 115.314 55.6597 82.4924 25.632 111.198 81.1596 82.4924 46.8757 107.863 94.2668 17.088 89.4778 55.109 87.4757 18.4391 113.771 93.7744 88.2245 72.2919 107.405 28.6356 96.8556 75.326 52.0384 64.3013 50.953 114.11 111.761 77.0 66.7533 101.889 28.3196 14.8661 46.3249 63.1506 17.8885 23.7697 92.8693 47.2969 68.5209 79.8311 100.298 89.9441 60.7426 69.5969 66.4831 45.1774 39.0512 103.155 
35.3553 21.3776 63.561 20.0 18.6011 19.4165 60.6383 40.0125 60.2404 58.8129 20.025 46.5951 24.7588 19.2094 17.72 64.2884 58.0086 50.9033 68.077 68.4073 26.4197 71.0858 0.0 70.0071 11.0454 73.3348 50.0 47.8771 67.9419 18.3848 54.9955 53.7587 18.0278 74.226 72.4648 52.1728 37.5766 29.8329 24.7386 61.4759 58.2508 59.203 62.199 77.6009 71.6315 60.6383 48.3011 31.5753 17.4642 5.09902 38.6005 45.9524 62.9583 27.7308 68.2629 16.0312 52.9717 55.3173 46.0652 78.1437 80.5295 57.5543 43.9659 70.342 38.6394 59.1692 53.5813 49.3974 60.4342 75.3127 7.81025 21.2132 63.1568 19.4165 49.2443 9.89949 24.1868 33.2866 38.0526 49.0102 
43.962 69.3854 106.011 72.5895 60.6383 86.8332 17.0294 80.7425 71.8066 82.8076 73.5349 44.0454 56.1417 56.5155 66.9403 17.8885 91.2028 44.9784 56.3649 48.8467 62.4281 31.7805 70.0071 0.0 70.0357 8.544 88.1551 30.3452 36.4005 58.2495 32.5576 101.816 61.6117 53.4509 7.28011 96.9721 65.7634 91.6788 46.2709 82.7641 69.817 19.8494 64.0703 23.3452 59.6154 17.0294 102.555 82.8362 87.1436 69.2604 98.3741 38.0789 72.3464 85.5803 21.587 54.037 26.9072 99.7462 100.88 46.5296 35.1283 77.1576 30.4631 17.1172 32.9848 36.3593 32.5269 36.4005 68.2495 15.5242 64.2806 86.1452 75.8222 89.1403 36.7967 63.5059 76.9047 58.5918 32.0156 88.7311 
30.5941 32.1403 53.1601 31.0161 27.8568 17.0 63.2786 29.0 44.1959 47.7691 31.0644 55.1457 33.3115 14.0357 28.2843 67.353 47.0 56.1481 59.5483 59.9857 16.9706 76.3307 11.0454 70.0357 0.0 72.111 39.0128 44.2832 73.6845 26.8328 60.2404 43.8634 27.5136 65.8044 73.4983 41.7612 27.4591 39.4462 29.6785 50.432 49.0266 62.5752 52.9748 73.8241 62.9682 63.2786 39.4081 21.1896 19.3132 6.0 31.241 51.1973 53.7341 38.2753 64.6297 18.0278 49.366 44.9222 37.2022 71.0977 75.5844 46.5104 48.9825 73.1134 37.2156 53.6977 58.8262 54.6423 51.2099 73.0616 7.81025 30.5287 52.113 21.1896 43.9659 7.2111 35.2278 42.5441 39.2173 38.0 
43.1766 74.6301 103.046 77.8332 65.7875 89.0898 25.2389 79.7756 68.8186 79.6492 78.7718 51.6236 67.2109 58.2151 72.111 26.4008 88.2326 51.3899 50.774 43.0465 62.0967 40.2616 73.3348 8.544 72.111 0.0 85.1905 29.4109 44.9444 63.2456 40.6079 100.89 66.7308 47.0106 15.0333 96.0051 64.7964 96.7678 50.6952 79.3977 66.8524 28.0179 59.5483 15.0333 53.7122 25.2389 101.601 82.5651 90.05 72.0278 98.9545 45.0 68.6222 90.825 15.2643 57.3149 25.0799 97.8209 99.96 39.2938 27.0 74.027 36.8917 25.4951 35.0 31.8277 40.4599 43.8634 64.3506 7.07107 67.0298 90.7083 72.1803 92.0489 34.4819 66.0 82.2036 65.192 36.1386 83.8925 
47.0107 71.1126 18.4391 70.0 65.9242 42.1545 88.584 10.0499 17.2627 13.0384 70.0071 92.6077 70.7622 40.9483 67.1863 92.8168 8.06226 92.4967 46.0 51.3517 30.2697 104.359 50.0 88.1551 39.0128 85.1905 0.0 59.6054 103.148 64.3273 89.9748 17.0294 65.7647 54.0 96.1201 11.0454 25.3301 75.4321 66.027 15.8114 18.6815 88.4796 34.0588 79.1202 47.1699 88.584 23.0868 19.9249 49.0408 45.0111 29.8329 82.2845 23.3452 75.9539 71.6401 51.5461 61.654 12.6491 22.8473 63.1981 74.7329 15.2971 76.5625 98.0887 59.1807 54.7814 88.6293 85.6196 27.074 82.3901 45.3982 66.7083 20.8806 49.7695 54.1868 43.566 74.0608 80.0921 65.3091 1.41421 
14.0357 68.1828 79.2142 60.1484 59.145 61.2046 35.6276 50.4131 45.0099 56.2868 60.7187 53.329 60.6211 30.2655 65.4053 39.3087 64.4061 49.881 34.0147 28.6356 32.7567 54.0663 47.8771 30.3452 44.2832 29.4109 59.6054 0.0 56.1142 56.4621 46.2806 71.5274 60.0359 35.171 36.5305 66.6427 35.434 75.8978 43.6161 55.9674 43.0203 37.2285 38.2312 29.6142 38.0526 35.6276 72.2357 53.1601 63.1506 45.3542 69.6348 44.7214 45.609 71.7567 20.3961 33.5218 5.09902 69.4168 70.5762 34.1321 33.2866 50.6427 36.2573 42.4853 24.7557 15.2315 45.4408 45.9443 41.6228 29.0689 40.5341 68.1161 49.0512 65.1153 8.24621 39.0512 75.7442 63.6849 29.4626 58.4016 
60.0935 54.8179 120.331 58.9406 50.1597 87.1225 21.095 93.787 97.9549 109.232 59.9083 21.8403 43.4626 64.3541 55.0273 18.6815 110.851 34.6699 85.8093 79.2275 73.0858 6.7082 67.9419 36.4005 73.6845 44.9444 103.148 56.1142 0.0 49.6597 13.4536 114.069 51.0784 85.0529 30.8869 109.953 80.2621 76.9415 44.2295 109.562 95.9653 19.0 91.5256 59.4811 89.5963 21.095 113.055 92.5287 83.7829 69.6457 104.759 25.0 98.9034 69.7209 55.5788 61.6551 53.0009 112.872 110.858 80.2247 70.8308 103.588 26.6271 20.2485 46.0977 65.2807 14.8661 20.0 94.9172 51.8652 65.8747 74.7262 103.533 85.5025 62.7904 66.9507 61.0 39.6232 38.0789 101.944 
37.9154 12.0416 79.712 14.7648 2.82843 37.6431 46.0109 54.3415 67.5803 72.6505 15.6525 28.3129 6.40312 25.3632 8.94427 49.1631 72.0578 16.2717 78.3492 73.302 36.0654 54.1013 18.3848 58.2495 26.8328 63.2456 64.3273 56.4621 49.6597 0.0 37.6762 70.6824 3.60555 79.9604 59.2115 68.352 47.2669 33.5261 13.0384 75.3135 65.5907 44.1022 69.5251 70.4395 82.3997 46.0109 66.0379 47.927 34.4819 21.6333 56.8507 25.7733 70.2982 27.7308 61.8956 16.0454 53.3488 71.5122 63.8122 80.4495 77.25 73.2132 29.0 55.2295 34.7146 61.4934 36.4413 30.3963 67.7741 66.7083 19.3132 28.0713 73.1588 36.2353 51.5072 20.8806 19.4165 15.8114 27.313 63.1506 
46.9784 44.1814 107.158 48.2597 38.3275 74.0754 15.5563 80.614 84.8311 96.108 49.2544 12.6491 31.7805 51.1811 43.7379 16.1245 97.678 21.9317 75.9757 69.3987 59.9128 16.5529 54.9955 32.5576 60.2404 40.6079 89.9748 46.2806 13.4536 37.6762 0.0 100.896 39.2938 75.3495 29.4109 96.7801 67.1248 67.0298 30.7855 96.4379 82.8415 12.7279 81.692 53.7122 79.7627 15.5563 99.3521 79.3557 71.7994 56.2016 91.3151 12.083 85.7783 60.0 48.1041 48.211 43.1673 99.6986 97.4143 71.5891 64.0781 90.4639 13.4164 21.1896 33.5261 55.4471 1.41421 7.28011 85.0836 46.8722 52.4306 63.7887 90.4096 73.519 52.9568 53.5066 51.0098 30.1496 25.0799 88.7711 
58.8218 75.0 11.4018 73.0068 71.6938 40.0125 100.005 21.095 34.2345 28.6356 72.7805 99.645 77.1604 50.448 71.4703 104.235 19.3132 99.534 63.0079 68.3593 41.0366 115.314 53.7587 101.816 43.8634 100.89 17.0294 71.5274 114.069 70.6824 100.896 0.0 71.3092 71.007 107.717 6.0 37.2522 74.027 73.0643 31.0483 35.5106 99.8248 51.0098 95.587 64.0703 100.005 9.43398 22.8254 47.0 49.3964 20.8806 94.5831 40.1123 76.1643 88.1698 59.9083 75.8919 5.83095 10.7703 80.2247 91.5915 32.0624 87.4833 109.511 70.6032 71.239 99.5501 96.5404 44.0114 98.6744 51.4296 66.0303 37.3363 47.0425 70.1181 50.1199 76.2955 86.406 76.3806 18.1108 
40.023 8.48528 80.6536 11.1803 1.0 36.7696 49.0102 55.7315 69.6879 74.1495 12.083 29.5296 7.61577 27.4708 5.38516 52.0384 73.5527 18.0278 80.4568 75.4096 38.1182 55.6597 18.0278 61.6117 27.5136 66.7308 65.7647 60.0359 51.0784 3.60555 39.2938 71.3092 0.0 82.068 62.3939 69.2604 49.366 30.0832 16.6433 76.8125 67.6983 47.0106 71.6327 74.0133 80.7738 49.0102 66.242 48.7032 33.0151 21.9317 56.6127 27.4591 72.4058 24.1661 65.4694 18.1529 56.9226 72.4224 64.0078 82.5571 80.8237 72.8909 32.0624 58.0775 38.2884 63.601 38.0789 32.0156 69.8816 70.2638 20.3961 25.0 75.2664 34.6699 53.6148 22.2036 15.8114 15.2643 30.8707 64.6297 
42.2753 89.5305 69.0507 90.5483 81.9534 80.1311 64.195 53.9351 37.1214 43.566 91.1186 82.3978 92.3413 56.036 85.468 67.4759 53.6004 84.3416 8.0 6.7082 49.0918 82.4924 74.226 53.4509 65.8044 47.0106 54.0 35.171 85.0529 79.9604 75.3495 71.007 82.068 0.0 60.7289 65.0077 41.2311 104.058 75.1939 41.9762 36.3456 66.0681 20.0998 34.4093 8.06226 64.195 76.3217 63.1106 84.5991 69.8044 79.3757 73.7902 31.257 102.157 31.9531 63.9204 33.2415 66.1211 75.5381 10.2956 24.8395 39.1152 65.3262 69.4262 55.7819 20.2237 74.5097 75.0132 27.074 41.1825 66.6114 95.3663 34.5254 86.2844 28.4604 64.4053 95.5421 99.5514 58.5314 53.0094 
52.8088 69.2385 113.319 73.0406 61.4003 90.0278 14.3178 86.6455 78.4264 89.4275 74.0323 41.6773 55.9263 60.407 67.6404 13.4536 97.8227 44.763 63.561 56.0803 66.8401 25.632 72.4648 7.28011 73.4983 15.0333 96.1201 36.5305 30.8869 59.2115 29.4109 107.717 62.3939 60.7289 0.0 103.157 71.9487 92.2718 48.0416 89.384 76.4368 17.0 71.0211 30.0666 66.8506 14.3178 107.106 87.2482 89.8351 72.1803 102.694 37.0 79.0253 85.703 28.8617 56.7203 33.3017 105.932 105.225 53.7587 42.0119 83.7775 30.4138 10.7703 37.1618 43.4166 29.6816 34.4384 75.0 22.0907 67.2681 87.2812 82.4678 91.8229 43.1856 66.7083 76.6877 57.5847 34.5254 94.9164 
54.037 73.5459 11.4018 71.8471 69.5701 40.3113 95.5648 16.2788 28.2843 22.8035 71.7008 97.0052 74.8188 46.8722 69.857 99.7977 13.8924 96.8942 57.0088 62.3939 36.8782 111.198 52.1728 96.9721 41.7612 96.0051 11.0454 66.6427 109.953 68.352 96.7801 6.0 69.2604 65.0077 103.157 0.0 32.3675 74.4312 70.4245 25.2982 29.6142 95.462 45.0111 89.8297 58.0775 95.5648 13.6015 20.6155 47.3814 47.5395 23.3238 89.0898 34.1321 76.0066 82.335 56.8243 71.0071 3.16228 14.1421 74.2428 85.703 26.0768 83.3678 105.07 66.1615 65.4817 95.4346 92.4249 38.0132 93.085 49.0408 66.1211 31.4006 47.676 65.2334 47.5395 75.4255 84.1546 72.1803 12.1655 
22.8876 56.2939 42.5291 56.3205 49.2599 39.4081 65.2574 16.1555 24.8893 33.6261 56.6127 68.4776 53.6171 22.0227 52.1728 69.4903 33.0334 64.3853 34.0375 36.4005 11.4018 81.1596 37.5766 65.7634 27.4591 64.7964 25.3301 35.434 80.2621 47.2669 67.1248 37.2522 49.366 41.2311 71.9487 32.3675 0.0 66.888 48.8707 36.4962 22.8997 65.1565 26.8479 59.2284 37.083 65.2574 39.0512 22.2036 44.5982 32.6497 39.1152 59.4345 27.6072 65.307 50.9638 33.0 39.7984 35.1416 37.6563 48.2701 57.0 30.5221 53.7125 74.7622 35.8541 35.2278 65.7793 62.7696 25.083 61.4679 30.6757 57.9828 30.4678 46.0977 32.9116 28.4605 61.0328 62.976 42.19 24.1264 
64.0312 23.0868 85.1469 19.2354 31.0483 34.1321 78.5175 66.0984 81.9121 85.4853 18.2483 55.3263 36.3456 48.7955 24.7386 81.2219 83.4326 47.5184 97.9089 99.5776 56.0357 82.4924 29.8329 91.6788 39.4462 96.7678 75.4321 75.8978 76.9415 33.5261 67.0298 74.027 30.0832 104.058 92.2718 74.4312 66.888 0.0 46.2385 88.1482 88.0177 76.3217 91.9659 103.817 101.463 78.5175 66.0681 55.5428 27.074 34.4093 54.1479 56.0803 92.7252 7.28011 95.3177 42.4382 86.7264 77.3175 64.0312 106.776 108.599 84.2266 62.0308 87.1436 64.9569 87.8009 66.0076 60.0 90.201 100.104 37.5366 8.94427 89.8292 27.0 77.801 39.6989 16.0312 37.3363 60.7454 74.7262 
33.6868 25.0 81.7288 27.7849 15.8114 43.5198 35.9026 56.0657 69.1841 74.323 28.6531 30.7855 17.6963 26.9669 21.9545 39.5601 73.7303 26.6932 73.5827 68.5355 37.6691 46.8757 24.7386 46.2709 29.6785 50.6952 66.027 43.6161 44.2295 13.0384 30.7855 73.0643 16.6433 75.1939 48.0416 70.4245 48.8707 46.2385 0.0 80.7909 67.1945 34.4819 71.1289 57.5935 77.6332 35.9026 69.0495 50.239 42.2019 25.6875 60.7532 21.7423 71.902 40.7063 49.0497 17.6491 40.5028 73.5753 66.8524 75.683 64.404 74.8169 19.3132 45.607 21.8687 56.7269 29.3712 25.1873 68.7433 53.8802 21.8687 40.025 74.7626 44.1475 46.7407 22.9447 32.45 27.0551 14.5602 64.8233 
52.1846 82.369 27.1662 81.4369 76.9501 56.0803 89.4246 22.4722 12.6491 2.82843 81.4961 97.7908 81.7325 51.9073 78.3964 93.1057 12.0416 93.6985 34.2053 40.8534 41.2286 107.863 61.4759 82.7641 50.432 79.3977 15.8114 55.9674 109.562 75.3135 96.4379 31.0483 76.8125 41.9762 89.384 25.2982 36.4962 88.1482 80.7909 0.0 14.8661 91.0255 22.1359 71.3442 34.3657 89.4246 38.4838 33.8378 62.6498 56.4195 45.607 88.7477 11.1803 88.095 65.0 62.5229 56.263 25.4951 38.4708 51.923 65.0 6.32456 83.0254 95.6329 65.1511 47.8017 95.0924 92.0827 15.6525 75.8024 56.4928 79.2817 7.61577 63.6318 48.7958 54.6097 85.6457 91.0711 71.4876 15.6205 
38.5881 75.1145 36.2353 75.7013 67.5838 49.9933 75.8281 17.72 2.23607 13.8924 76.1236 84.1943 71.9409 40.366 71.0148 79.5092 21.4009 80.1021 28.4429 33.0151 32.0769 94.2668 58.2508 69.817 49.0266 66.8524 18.6815 43.0203 95.9653 65.5907 82.8415 35.5106 67.6983 36.3456 76.4368 29.6142 22.8997 88.0177 67.1945 14.8661 0.0 77.429 17.4642 60.5392 30.3645 75.8281 40.05 28.1971 56.4668 53.6185 43.3244 75.1512 10.2956 85.7633 53.2353 50.6296 43.3159 31.3209 39.2046 45.0 56.0892 8.544 69.4289 82.6858 51.5546 36.2491 81.496 78.4863 11.4018 64.0078 50.7791 79.2272 11.1803 57.4955 35.8487 48.5526 80.5949 81.2998 57.8912 17.4642 
44.9831 53.2353 105.679 57.1402 46.0109 77.9982 2.82843 79.196 79.4186 90.6956 58.1378 24.6982 40.05 50.4777 52.0096 5.09902 98.8149 29.0 66.9236 60.2993 58.7963 17.088 59.203 19.8494 62.5752 28.0179 88.4796 37.2285 19.0 44.1022 12.7279 99.8248 47.0106 66.0681 17.0 95.462 65.1565 76.3217 34.4819 91.0255 77.429 0.0 72.64 41.6293 70.7107 2.82843 98.6002 78.6003 76.6551 60.1659 92.8406 20.3961 80.0178 69.5845 36.8782 52.1275 34.1152 98.2904 96.6075 61.2944 52.4976 85.0515 15.2971 11.1803 29.8329 46.3897 12.8062 17.4642 76.0316 34.4819 56.347 72.0069 83.46 78.5875 43.9048 55.6033 60.531 40.8044 23.6008 87.2759 
42.5225 79.0489 49.0306 79.6357 71.5182 66.0776 71.039 35.1141 17.72 23.5372 80.0591 88.7404 75.8754 44.3004 74.9492 74.7202 33.541 84.0365 12.1655 18.7883 36.0251 89.4778 62.199 64.0703 52.9748 59.5483 34.0588 38.2312 91.5256 69.5251 81.692 51.0098 71.6327 20.0998 71.0211 45.0111 26.8479 91.9659 71.1289 22.1359 17.4642 72.64 0.0 50.0 13.1529 71.039 56.7186 45.6571 70.9876 57.5667 60.7454 80.1328 11.1803 89.6939 44.5533 54.564 38.4838 46.0435 56.0892 29.8329 42.9535 19.0263 71.6687 77.8203 59.7871 27.8029 80.8523 81.3557 7.0 55.1725 54.7083 83.1753 14.5602 72.5662 31.0596 52.4786 84.5306 85.2342 64.874 33.1361 
43.2897 82.1602 96.6644 85.1936 73.1224 90.6697 39.0 75.2429 62.2415 72.0694 86.0905 63.6003 74.7338 59.8415 79.3828 40.8044 81.3941 61.6735 39.598 31.8277 61.0082 55.109 77.6009 23.3452 73.8241 15.0333 79.1202 29.6142 59.4811 70.4395 53.7122 95.587 74.0133 34.4093 30.0666 89.8297 59.2284 103.817 57.5935 71.3442 60.5392 41.6293 50.0 0.0 41.8688 39.0 98.27 80.5191 92.7631 74.9595 97.4339 55.9732 60.208 98.1703 9.21954 61.8599 24.5153 91.7606 96.8814 25.4951 12.0416 66.6483 47.4236 40.4475 39.0708 24.3516 53.3385 55.8032 55.7584 8.0 70.1394 96.5504 63.8122 94.7259 31.0644 68.6588 89.7216 75.4774 43.2666 77.8332 
44.7147 88.1899 61.5224 88.7767 84.3927 76.3128 69.0507 48.0833 30.8058 36.1248 89.2001 88.5805 94.7806 53.4415 84.0902 72.5672 46.1736 88.1869 4.12311 10.7703 46.0109 87.4757 71.6315 59.6154 62.9682 53.7122 47.1699 38.0526 89.5963 82.3997 79.7627 64.0703 80.7738 8.06226 66.8506 58.0775 37.083 101.463 77.6332 34.3657 30.3645 70.7107 13.1529 41.8688 0.0 69.0507 69.8713 58.5282 81.2158 67.2086 73.6817 79.9729 24.0 98.9553 38.4708 63.705 37.1214 59.0 69.2315 18.3576 32.8024 32.0156 69.7394 75.0 59.6273 24.3311 78.923 79.4264 20.0998 48.2597 64.0169 92.7718 27.074 82.801 30.8998 61.8108 93.6716 101.991 64.7141 46.2709 
45.084 55.4437 105.783 59.3043 48.0104 79.3784 0.0 79.2968 77.8177 89.0946 60.2993 27.4591 42.19 51.1077 54.0833 4.24264 97.2139 31.0644 65.307 58.5491 59.0339 18.4391 60.6383 17.0294 63.2786 25.2389 88.584 35.6276 21.095 46.0109 15.5563 100.005 49.0102 64.195 14.3178 95.5648 65.2574 78.5175 35.9026 89.4246 75.8281 2.82843 71.039 39.0 69.0507 0.0 99.0454 79.0569 78.1025 61.5461 93.5361 22.8035 78.4168 71.8471 34.5254 46.166 32.5143 98.393 97.0824 59.1354 50.0 83.4505 17.0294 9.84886 29.6985 44.7214 15.6205 20.1246 74.4306 31.7648 56.7481 74.0068 81.8591 80.05 42.3038 56.3067 62.8013 43.3244 24.1868 87.3802 
59.0339 69.0797 20.6155 66.7308 66.7308 32.5576 99.0454 23.1948 39.2046 35.8469 66.4078 95.6301 72.5068 48.2701 65.7951 103.228 27.4591 95.5191 68.3593 73.0068 40.3113 113.771 48.3011 102.555 39.4081 101.601 23.0868 72.2357 113.055 66.0379 99.3521 9.43398 66.242 76.3217 107.106 13.6015 39.0512 66.0681 69.0495 38.4838 40.05 98.6002 56.7186 98.27 69.8713 99.0454 0.0 20.0 39.3192 44.4185 12.0416 90.5683 46.3249 68.7314 90.0037 56.6392 76.603 14.8661 2.23607 85.0235 95.4339 38.3275 85.9398 108.724 69.9714 74.1485 98.0066 94.0132 49.8197 100.508 47.2017 58.4209 43.9659 39.1152 71.9515 46.2277 69.6419 81.4923 75.0 23.7697 
39.5601 52.9528 32.0156 51.3517 49.0408 22.3607 79.0569 11.4018 28.1661 31.0644 51.2445 76.8196 54.4024 28.3196 49.2443 83.2346 27.8927 76.7087 55.9104 58.4637 20.6155 93.7744 31.5753 82.8362 21.1896 82.5651 19.9249 53.1601 92.5287 47.927 79.3557 22.8254 48.7032 63.1106 87.2482 20.6155 22.2036 55.5428 50.239 33.8378 28.1971 78.6003 45.6571 80.5191 58.5282 79.0569 20.0 0.0 29.1548 26.9258 17.0 71.7578 37.0416 56.3205 71.8663 37.2022 57.7235 23.7697 18.0278 70.406 79.0569 30.4138 65.9434 88.7525 50.1199 57.0088 78.0102 75.2028 39.3363 81.7863 28.6356 46.8722 36.0694 29.9666 49.5498 27.2947 55.0818 63.6946 55.0 19.3132 
49.7293 32.6497 58.0775 29.4109 33.8378 7.07107 78.1025 40.2492 56.4358 59.9416 28.8444 62.434 40.4969 32.9848 30.4138 81.7435 56.921 50.395 78.0064 78.8923 35.5106 88.2245 17.4642 87.1436 19.3132 90.05 49.0408 63.1506 83.7829 34.4819 71.7994 47.0 33.0151 84.5991 89.8351 47.3814 44.5982 27.074 42.2019 62.6498 56.4668 76.6551 70.9876 92.7631 81.2158 78.1025 39.3192 29.1548 0.0 18.0278 27.6586 59.8965 65.3113 29.4279 83.5464 33.1361 68.2495 50.2494 37.2156 90.0067 94.8683 58.7504 61.4003 87.8009 55.0818 72.9986 70.9173 64.5196 69.2228 91.5478 23.0217 19.105 64.3529 2.0 63.2456 24.1868 31.305 47.4236 55.3263 48.4665 
32.311 26.1725 58.9406 25.02 22.3607 18.0278 61.5461 35.0 50.1833 53.7565 25.0799 49.9305 28.0179 15.6525 22.3607 65.2399 53.0 52.1094 63.6554 63.9857 21.6333 72.2919 5.09902 69.2604 6.0 72.0278 45.0111 45.3542 69.6457 21.6333 56.2016 49.3964 21.9317 69.8044 72.1803 47.5395 32.6497 34.4093 25.6875 56.4195 53.6185 60.1659 57.5667 74.9595 67.2086 61.5461 44.4185 26.9258 18.0278 0.0 35.3836 47.1585 58.326 32.6956 65.7399 15.5242 50.4488 50.6952 42.19 74.927 77.6209 52.4979 44.9915 71.2793 37.054 55.9656 54.7874 50.6035 55.8019 73.5527 5.0 25.6125 58.1004 20.025 46.0977 6.32456 29.2746 37.1214 37.6563 44.0 
55.7853 58.5918 32.28 55.9464 57.2014 21.1896 93.5361 25.632 43.0813 42.8019 55.5428 85.1107 63.2535 42.4853 55.5698 97.6184 36.1248 86.4501 71.5876 75.1513 36.8782 107.405 38.6005 98.3741 31.241 98.9545 29.8329 69.6348 104.759 56.8507 91.3151 20.8806 56.6127 79.3757 102.694 23.3238 39.1152 54.1479 60.7532 45.607 43.3244 92.8406 60.7454 97.4339 73.6817 93.5361 12.0416 17.0 27.6586 35.3836 0.0 82.272 51.4296 57.0701 88.6848 49.2037 74.3303 25.4951 10.198 87.1321 96.0469 43.909 80.1317 103.354 65.5515 74.0068 89.9009 85.7169 54.231 98.4784 38.9487 46.6905 49.7393 27.2947 66.3739 38.4187 58.5235 71.8471 69.3542 30.0 
39.2896 33.0151 99.4677 37.0 26.4764 65.0323 22.8035 72.9237 77.1408 88.4177 38.0 9.05539 20.0998 43.4908 32.1403 25.1794 89.9877 9.84886 75.9224 67.8395 52.2225 28.6356 45.9524 38.0789 51.1973 45.0 82.2845 44.7214 25.0 25.7733 12.083 94.5831 27.4591 73.7902 37.0 89.0898 59.4345 56.0803 21.7423 88.7477 75.1512 20.3961 80.1328 55.9732 79.9729 22.8035 90.5683 71.7578 59.8965 47.1585 82.272 0.0 79.8587 49.2544 48.8262 39.1679 41.608 92.0083 88.3712 70.259 64.8999 82.7736 8.60233 31.0644 27.0185 53.8879 10.7703 5.0 76.7001 50.2494 43.3874 52.2398 82.7193 61.6161 51.3976 44.4635 40.1995 20.6155 18.0278 81.0808 
43.2956 79.822 37.855 80.4088 72.2913 58.8378 78.4168 26.0768 9.21954 12.3693 80.8311 88.9018 76.6485 45.0735 75.7223 82.098 22.3607 84.8096 23.3452 29.7321 36.7845 96.8556 62.9583 72.3464 53.7341 68.6222 23.3452 45.609 98.9034 70.2982 85.7783 40.1123 72.4058 31.257 79.0253 34.1321 27.6072 92.7252 71.902 11.1803 10.2956 80.0178 11.1803 60.208 24.0 78.4168 46.3249 37.0416 65.3113 58.326 51.4296 79.8587 0.0 90.4708 54.037 55.3371 45.9046 35.0 45.8803 41.0 53.8516 8.06226 72.3658 85.2745 54.4915 36.8782 84.4328 83.1938 4.47214 64.8151 55.4867 83.9347 3.60555 66.3401 38.4374 53.2601 85.3024 86.0073 60.828 22.561 
60.1082 16.4924 87.023 13.0 25.0799 36.2215 71.8471 66.2873 81.8588 85.432 12.083 48.1664 29.8329 45.8039 18.7883 74.4312 84.0119 41.0 95.4008 95.4982 54.1202 75.326 27.7308 85.5803 38.2753 90.825 75.9539 71.7567 69.7209 27.7308 60.0 76.1643 24.1661 102.157 85.703 76.0066 65.307 7.28011 40.7063 88.095 85.7633 69.5845 89.6939 98.1703 98.9553 71.8471 68.7314 56.3205 29.4279 32.6956 57.0701 49.2544 90.4708 0.0 89.6709 38.2415 81.0796 79.0 66.6108 102.697 104.981 84.1734 55.4623 80.3057 62.4455 83.6896 59.0085 53.0377 87.9466 94.4299 34.9857 10.4403 89.7759 29.8329 73.7033 37.2156 9.05539 30.1496 55.0364 75.1332 
34.1321 73.6163 89.4707 76.6941 64.5786 81.4985 34.5254 67.082 55.0727 65.4599 77.591 56.9386 66.0973 50.636 70.8389 37.1214 74.4312 54.2539 35.5106 27.7849 52.0865 52.0384 68.2629 21.587 64.6297 15.2643 71.6401 20.3961 55.5788 61.8956 48.1041 88.1698 65.4694 31.9531 28.8617 82.335 50.9638 95.3177 49.0497 65.0 53.2353 36.8782 44.5533 9.21954 38.4708 34.5254 90.0037 71.8663 83.5464 65.7399 88.6848 48.8262 54.037 89.6709 0.0 53.0227 15.2971 84.2705 88.5637 25.0799 16.1245 59.9083 40.2244 38.1182 30.2336 17.2047 47.5395 49.2443 49.679 10.8167 60.9198 87.7132 57.6281 85.5102 22.3607 59.4392 81.1778 68.0578 34.8281 70.3421 
21.9317 25.6155 67.9779 26.6333 18.0384 33.5261 46.166 41.7852 52.6192 59.8599 27.2036 44.2298 22.3956 11.0454 21.5529 57.2015 59.2671 44.1188 60.1505 57.262 22.2036 64.3013 16.0312 54.037 18.0278 57.3149 51.5461 33.5218 61.6551 16.0454 48.211 59.9083 18.1529 63.9204 56.7203 56.8243 33.0 42.4382 17.6491 62.5229 50.6296 52.1275 54.564 61.8599 63.705 46.166 56.6392 37.2022 33.1361 15.5242 49.2037 39.1679 55.3371 38.2415 53.0227 0.0 38.6164 59.9416 54.4885 64.4609 66.2229 58.252 36.9531 56.0008 22.8035 45.4547 46.7968 42.6129 52.8129 59.439 10.7703 34.8855 58.1977 35.1283 35.4683 10.8167 31.6271 31.7544 22.2036 50.3602 
19.0 65.0694 79.5099 68.1029 56.0317 66.2722 32.5143 54.7776 45.3055 56.3065 68.9997 50.2156 57.5078 35.3553 62.292 36.1954 64.7017 46.7677 33.2415 27.0185 37.4833 50.953 52.9717 26.9072 49.366 25.0799 61.654 5.09902 53.0009 53.3488 43.1673 75.8919 56.9226 33.2415 33.3017 71.0071 39.7984 86.7264 40.5028 56.263 43.3159 34.1152 38.4838 24.5153 37.1214 32.5143 76.603 57.7235 68.2495 50.4488 74.3303 41.608 45.9046 81.0796 15.2971 38.6164 0.0 73.7813 74.9627 30.8707 28.6007 50.6565 33.144 39.372 21.6423 13.0384 42.3275 42.831 41.9184 24.1868 45.6287 73.2107 49.3469 70.214 9.89949 44.1475 72.6309 60.5716 26.3492 60.356 
56.8222 76.6877 8.24621 74.9667 72.7324 43.1856 98.393 19.105 29.8329 23.1948 74.8131 100.156 77.9787 49.93 73.0068 102.626 13.6015 100.045 58.1378 63.7887 39.8246 114.11 55.3173 99.7462 44.9222 97.8209 12.6491 69.4168 112.872 71.5122 99.6986 5.83095 72.4224 66.1211 105.932 3.16228 35.1416 77.3175 73.5753 25.4951 31.3209 98.2904 46.0435 91.7606 59.0 98.393 14.8661 23.7697 50.2494 50.6952 25.4951 92.0083 35.0 79.0 84.2705 59.9416 73.7813 0.0 15.8114 75.5381 87.3212 27.0185 86.2863 107.9 68.9898 67.4166 98.3531 95.3434 39.0512 95.0205 52.2015 69.0652 32.0624 50.4876 66.8172 50.6952 78.5175 87.3155 75.0733 13.9284 
57.2713 66.8506 22.1359 64.5136 64.4981 30.4138 97.0824 22.0227 38.4708 35.7771 64.195 93.4331 70.2805 46.2277 63.561 101.257 27.8029 93.3221 67.6018 72.0625 38.4708 111.761 46.0652 100.88 37.2022 99.96 22.8473 70.5762 110.858 63.8122 97.4143 10.7703 64.0078 75.5381 105.225 14.1421 37.6563 64.0312 66.8524 38.4708 39.2046 96.6075 56.0892 96.8814 69.2315 97.0824 2.23607 18.0278 37.2156 42.19 10.198 88.3712 45.8803 66.6108 88.5637 54.4885 74.9627 15.8114 0.0 84.0952 94.2615 37.9473 83.9302 106.78 68.0955 72.8354 96.0001 91.8162 49.2443 98.9397 45.0 56.3205 43.6578 37.054 70.5115 44.0454 67.4463 79.2591 73.0068 23.4094 
42.8158 90.0197 78.8543 91.0375 82.4426 86.0058 59.1354 62.2013 46.0435 53.3667 91.6077 78.8666 92.8304 59.2784 85.9571 62.0081 63.3482 75.4186 17.72 12.0416 54.626 77.0 78.1437 46.5296 71.0977 39.2938 63.1981 34.1321 80.2247 80.4495 71.5891 80.2247 82.5571 10.2956 53.7587 74.2428 48.2701 106.776 75.683 51.923 45.0 61.2944 29.8329 25.4951 18.3576 59.1354 85.0235 70.406 90.0067 74.927 87.1321 70.259 41.0 102.697 25.0799 64.4609 30.8707 75.5381 84.0952 0.0 14.8661 48.6621 61.7949 63.1981 50.2933 19.2094 70.8308 71.4703 36.6742 32.8938 70.467 98.843 44.3847 91.7486 29.0 68.6578 96.0312 89.2225 55.0002 62.1289 
