NAME  : Jabali_80_2_0.90_1_9
TYPE : SVRP
MODEL : FINITE_SUPPORT
NUMBER_OF_SCENARIOS : 200
DIMENSION : 80
EDGE_WEIGHT_TYPE : MATRIX
CAPACITY : 253
N_VEHICLES : 2
NODE_COORD_SECTION
1 4934 3865
2 4482 1255
3 5801 3297
4 4596 3582
5 9072 4671
6 2873 2112
7 3597 1265
8 1776 6927
9 6333 1364
10 3225 4384
11 1691 6026
12 4158 4234
13 6713 7267
14 1607 5180
15 6389 2150
16 3203 7521
17 2028 3849
18 3886 2332
19 6478 2831
20 6195 6199
21 3300 2432
22 2104 6378
23 5598 8039
24 5337 7720
25 4448 8581
26 7258 2032
27 7766 5392
28 7214 3863
29 3126 1462
30 3030 4100
31 5801 6576
32 6596 7189
33 3992 1283
34 5794 8994
35 27 4588
36 1912 5559
37 5794 7930
38 4117 8674
39 4616 3108
40 4674 8757
41 5346 575
42 4628 4832
43 6452 6160
44 2226 3398
45 8480 4613
46 4833 5510
47 8082 4675
48 6943 3558
49 5365 4121
50 4064 18
51 2251 5673
52 5639 5726
53 4406 6952
54 2550 2975
55 3331 2778
56 3610 620
57 3318 3355
58 1652 5584
59 6283 5416
60 5501 5401
61 7151 6563
62 3658 5838
63 1963 3283
64 4336 429
65 5689 2878
66 3166 5125
67 8890 4260
68 7998 3526
69 4750 529
70 5212 3079
71 8722 3576
72 8265 5909
73 4572 1552
74 3753 6238
75 9496 4396
76 6071 2039
77 7653 3410
78 8170 5321
79 4278 8789
80 4846 6910
DEMAND_SECTION
1 0.0
2 3.0
3 9.0
4 4.0
5 3.0
6 5.0
7 2.0
8 6.0
9 2.0
10 8.0
11 6.0
12 1.0
13 9.0
14 2.0
15 3.0
16 8.0
17 6.0
18 8.0
19 6.0
20 5.0
21 7.0
22 6.0
23 8.0
24 4.0
25 2.0
26 2.0
27 1.0
28 5.0
29 5.0
30 10.0
31 5.0
32 7.0
33 9.0
34 7.0
35 7.0
36 4.0
37 10.0
38 9.0
39 8.0
40 9.0
41 7.0
42 1.0
43 8.0
44 9.0
45 1.0
46 3.0
47 4.0
48 2.0
49 7.0
50 6.0
51 8.0
52 6.0
53 5.0
54 5.0
55 1.0
56 9.0
57 7.0
58 10.0
59 4.0
60 7.0
61 9.0
62 7.0
63 1.0
64 10.0
65 10.0
66 4.0
67 7.0
68 9.0
69 1.0
70 4.0
71 2.0
72 10.0
73 9.0
74 10.0
75 6.0
76 2.0
77 1.0
78 7.0
79 8.0
80 8.0
DEVIATION_SECTION
1 0.0
2 1.0
3 3.0
4 1.33333
5 1.0
6 1.66667
7 0.666667
8 2.0
9 0.666667
10 2.66667
11 2.0
12 0.333333
13 3.0
14 0.666667
15 1.0
16 2.66667
17 2.0
18 2.66667
19 2.0
20 1.66667
21 2.33333
22 2.0
23 2.66667
24 1.33333
25 0.666667
26 0.666667
27 0.333333
28 1.66667
29 1.66667
30 3.33333
31 1.66667
32 2.33333
33 3.0
34 2.33333
35 2.33333
36 1.33333
37 3.33333
38 3.0
39 2.66667
40 3.0
41 2.33333
42 0.333333
43 2.66667
44 3.0
45 0.333333
46 1.0
47 1.33333
48 0.666667
49 2.33333
50 2.0
51 2.66667
52 2.0
53 1.66667
54 1.66667
55 0.333333
56 3.0
57 2.33333
58 3.33333
59 1.33333
60 2.33333
61 3.0
62 2.33333
63 0.333333
64 3.33333
65 3.33333
66 1.33333
67 2.33333
68 3.0
69 0.333333
70 1.33333
71 0.666667
72 3.33333
73 3.0
74 3.33333
75 2.0
76 0.666667
77 0.333333
78 2.33333
79 2.66667
80 2.66667
DISTANCE_MATRIX
0.0 36.2353 16.1554 6.0 57.2812 37.0135 40.3113 58.1022 41.0765 23.6008 51.4788 15.0623 51.1563 47.8869 31.0778 55.1819 39.2046 25.9615 26.6276 35.5074 30.0167 50.2523 64.1031 60.1743 70.121 40.1049 43.9318 34.2223 41.2311 25.4558 38.8814 50.2585 38.0789 77.5274 67.2681 46.3376 57.425 71.9386 11.1803 71.7989 46.0253 17.1176 36.6879 37.5899 49.4813 27.4787 44.7343 32.765 6.32456 53.4135 43.2333 27.5142 45.8108 34.7851 27.074 47.8853 23.4094 48.9157 27.4591 25.6618 46.8722 31.4717 40.7063 47.5079 17.06 28.4583 54.8217 46.6192 45.3907 11.2111 56.6176 52.6118 32.6497 35.7931 62.6538 31.4197 42.2111 47.8017 69.7111 46.9768 
36.2353 0.0 34.5763 31.8277 77.1622 23.7697 11.4018 82.9699 23.7065 44.2719 73.1642 45.4187 86.656 65.192 27.1662 83.4337 47.0956 16.2788 35.0143 71.0042 22.0907 74.7262 94.4595 90.5308 100.172 37.6962 72.5107 51.1566 17.6918 42.2019 74.2957 85.7669 6.40312 107.884 74.9533 66.9104 92.8392 101.989 25.4558 102.155 14.5602 47.4741 71.955 41.3038 71.0 57.8352 68.1175 46.1736 40.1812 17.2047 65.7343 62.9284 75.8617 34.3657 25.02 14.0 31.5753 68.593 62.3047 61.076 81.0204 61.0574 42.7551 11.3137 29.3403 53.8516 72.3395 56.3205 10.4403 27.2947 65.1153 81.4933 3.60555 65.7343 79.7621 24.0 52.1536 74.6754 99.762 77.3333 
16.1554 34.5763 0.0 15.2688 48.4665 41.9762 41.4367 71.976 27.6011 35.8701 65.0335 28.9443 53.9758 60.5679 17.6023 69.064 49.3051 29.1548 12.3693 39.5142 35.171 64.0895 73.4411 69.8544 84.003 27.1662 39.0128 21.0238 44.0 36.7292 53.9308 53.262 38.0789 86.687 78.3489 59.6394 72.4743 85.8206 14.8661 85.6809 42.2866 30.9997 39.164 46.5873 41.1096 41.3608 37.108 16.6433 19.7146 51.7088 56.7982 42.5635 59.6928 42.5597 33.2415 47.8017 31.7478 62.1044 29.5308 40.7111 46.5091 45.3537 49.5522 45.632 6.40312 42.1858 44.7214 30.6105 43.4365 8.0 40.6079 48.0416 31.0161 49.6751 52.7731 17.9443 26.2488 42.107 83.5932 60.8588 
6.0 31.8277 15.2688 0.0 63.7092 31.0161 34.8855 57.0 40.19 20.6155 49.8197 14.2801 56.8925 45.31 30.1912 54.366 34.6554 20.2485 25.741 41.2436 24.0208 49.0408 63.3209 59.3922 69.3389 39.8372 49.8197 36.2912 35.4401 21.6333 45.5554 55.9947 33.0151 76.7452 63.4114 44.3847 62.6472 71.1564 6.40312 71.0167 42.0399 16.3355 42.45 32.45 56.3046 26.6966 50.537 31.8784 12.1655 48.8365 41.5933 33.2504 45.0287 29.1548 21.095 42.72 17.8885 46.8402 33.3766 31.398 52.7731 30.6757 35.5106 43.1393 16.1734 27.074 59.9902 45.7327 41.4005 10.198 55.731 58.5491 28.3196 35.011 68.0417 30.5332 41.3246 53.6092 68.929 46.1947 
57.2812 77.1622 48.4665 63.7092 0.0 90.1388 86.8472 106.7 56.3205 79.1343 100.794 70.5138 48.0416 100.959 50.04 86.0438 95.6013 76.922 42.4264 44.0114 83.4865 98.719 65.3758 65.1153 82.201 42.9535 19.9249 27.5136 90.802 81.4997 50.9215 48.0937 82.4924 74.0608 122.928 97.4897 63.2851 85.5102 63.3246 81.7435 73.5527 72.5692 41.4367 94.5813 7.81025 59.0339 12.7279 32.28 50.9608 91.1373 93.4639 49.0918 69.3542 91.0001 81.7068 91.1373 80.1882 100.307 39.6611 49.8197 37.1214 76.3984 97.7275 85.0529 50.6952 79.8626 5.38516 21.0238 80.1561 55.9732 14.7648 20.2237 74.3303 74.8592 6.32456 53.2353 25.02 15.2971 83.7437 64.0781 
37.0135 23.7697 41.9762 31.0161 90.1388 0.0 15.0 65.7647 44.5982 30.4795 54.626 40.9559 86.5852 45.2217 45.0073 70.7107 25.7099 13.4164 49.0199 71.4392 7.0 57.8014 87.7571 82.7782 91.0509 57.2088 80.4137 62.6418 9.48683 26.8701 72.1249 85.6154 18.4391 100.648 51.6236 48.3322 87.9522 90.7736 27.2947 93.602 38.2753 43.0112 73.0828 19.4165 82.9699 52.5547 79.0759 57.8705 43.0116 32.3883 48.3735 60.6383 67.4166 12.6491 10.4403 22.561 17.4929 49.3964 64.2806 56.3165 83.6002 50.8035 20.025 30.0167 39.5601 40.3113 86.0349 70.7743 32.5576 34.2053 80.5543 89.2749 23.3238 55.8032 93.984 41.2513 66.3099 83.8643 88.8846 68.8912 
40.3113 11.4018 41.4367 34.8855 86.8472 15.0 0.0 79.3095 34.9857 41.8808 68.6222 47.2244 91.4321 59.6657 37.3631 82.0968 40.4475 15.0 44.4288 75.7833 16.5529 71.1758 96.2652 91.9768 100.643 48.7545 80.3057 60.075 6.7082 38.9487 78.4997 90.5343 5.0 109.33 66.4831 62.2977 95.5915 102.46 29.1548 102.321 24.6982 49.2798 76.896 34.2345 80.3142 59.6406 77.0584 55.0818 45.2217 17.72 61.8466 67.79 76.5062 27.2947 20.5913 8.60233 28.3019 63.6003 67.3573 65.9376 86.6833 60.8769 35.0143 15.0333 37.0135 51.8652 82.2011 66.2873 18.0278 33.541 75.4321 89.3588 13.0 65.7951 89.822 33.7343 61.9839 83.0542 100.233 77.6722 
58.1022 82.9699 71.976 57.0 106.7 65.7647 79.3095 0.0 96.8972 38.833 12.0416 57.04 64.6375 22.6716 86.8984 20.6155 41.4005 66.7608 82.4482 61.7949 62.7694 8.24621 52.0 47.8539 41.1947 95.9255 87.09 94.134 75.1332 40.8044 54.9075 63.844 80.6536 59.0339 39.6232 17.8045 53.7122 39.0128 62.1289 44.1814 95.7079 50.2243 64.3691 47.4342 99.713 48.053 94.9112 93.9453 63.4936 96.933 17.4642 61.5368 42.5423 53.3385 58.8727 87.7268 51.5461 17.6918 68.5078 65.5161 71.6486 29.7517 48.4149 92.9731 72.8806 30.0666 106.616 105.144 93.4077 67.0298 112.737 89.0669 80.2808 30.1982 112.981 87.2403 102.17 92.0621 38.1182 42.5423 
41.0765 23.7065 27.6011 40.19 56.3205 44.5982 34.9857 96.8972 0.0 60.7912 89.9546 53.8654 76.3675 80.9232 10.0 93.9851 64.2341 32.8494 18.4391 61.919 40.4407 89.0107 87.5177 84.5266 100.094 14.3178 55.9017 33.541 40.8044 56.9034 67.8522 75.6637 30.0167 99.9547 93.2388 84.5606 86.2272 102.574 38.4001 100.901 17.2627 55.9208 61.5689 59.0668 51.1957 66.2819 49.3356 29.1548 44.6357 35.0143 81.7194 58.3216 84.614 52.545 41.9854 36.6879 46.9234 83.8572 51.9357 56.6887 68.2495 70.2748 61.0805 29.1548 24.2579 67.107 51.1566 35.3553 24.0208 30.6427 43.0116 64.4748 22.2036 74.5963 58.0 11.4018 31.7805 57.0088 100.425 77.0803 
23.6008 44.2719 35.8701 20.6155 79.1343 30.4795 41.8808 38.833 60.7912 0.0 30.0167 22.6205 61.0082 24.6982 50.7925 40.3609 17.72 28.2312 46.3423 47.3814 25.6125 30.5941 58.8218 53.7587 60.6847 60.4384 64.0734 56.2569 38.9487 4.12311 46.0109 60.0083 42.4853 71.3092 43.8406 24.1868 59.203 60.4075 24.3311 63.3901 56.8859 21.9545 49.6488 19.0263 71.3789 26.0192 66.7282 56.0681 29.0741 59.0593 22.0227 36.4966 37.5766 20.6155 21.4009 50.4777 13.6015 26.4764 43.3244 32.9848 60.8276 20.5913 22.0 54.626 36.7747 10.0 76.8563 67.2668 54.7083 30.6757 76.0362 71.3967 41.4849 25.5539 84.6884 51.1344 61.9258 68.858 58.5185 39.8497 
51.4788 73.1642 65.0335 49.8197 100.794 54.626 68.6222 12.0416 89.9546 30.0167 0.0 50.4166 69.2624 10.6301 79.9559 28.0 29.6816 56.8859 75.5057 60.1967 52.2015 7.0 58.2495 53.6004 50.1597 89.6018 83.9126 82.1607 64.0781 31.1448 55.5011 68.4602 70.342 67.0671 30.0167 6.32456 59.6657 48.5077 54.231 53.1507 86.4696 45.618 63.0251 35.8469 93.6212 43.8135 88.6215 81.972 56.8702 86.3308 8.24621 58.3594 47.1585 42.0476 48.5077 76.896 41.5933 5.65685 62.7702 51.973 73.0941 27.5862 36.6197 82.7103 65.9381 23.0868 99.9212 93.1707 83.5464 60.0167 101.94 88.5071 70.7107 28.6778 107.219 80.2978 90.1966 88.8847 47.2652 47.1585 
15.0623 45.4187 28.9443 14.2801 70.5138 40.9559 47.2244 57.04 53.8654 22.6205 50.4166 0.0 59.6308 46.8246 43.8667 54.1197 38.9061 32.2389 39.4165 44.4833 34.2029 49.19 63.0408 59.1121 69.0588 52.8938 56.6488 47.6364 46.8121 24.8045 45.2753 58.6624 45.9487 76.4651 66.4138 45.2753 62.3671 70.8763 20.4164 70.7366 55.9678 16.0554 46.2046 38.0161 62.7584 26.4165 58.1077 47.4476 20.4536 62.1725 42.171 33.6833 44.7486 36.2746 30.5372 55.4149 25.0278 47.8534 38.0644 29.3607 57.04 30.4094 41.176 56.679 29.8489 27.3961 68.2358 58.6463 55.2597 24.0 67.4157 64.9741 42.0 34.7308 76.0679 44.2086 55.6722 60.8516 68.6489 45.9146 
51.1563 86.656 53.9758 56.8925 48.0416 86.5852 91.4321 64.6375 76.3675 61.0082 69.2624 59.6308 0.0 73.3757 66.4833 44.6878 78.1025 77.0941 58.0 15.6525 79.8337 62.6712 17.72 18.868 35.1141 69.6348 29.2746 45.793 92.3285 65.0308 15.0 1.0 89.0 26.4764 96.7678 68.0164 15.5242 38.6264 62.2776 34.2053 91.3855 43.6807 15.0 80.025 43.1856 35.0571 39.6232 48.6004 46.5296 103.937 63.5693 25.9615 30.8869 80.5047 76.1577 98.8433 70.0357 70.6349 25.0 30.3645 11.0454 43.9318 83.006 97.8606 59.415 55.4437 50.0899 52.5547 95.6651 61.2451 56.0892 28.4429 83.0521 40.8044 54.1479 67.0431 52.3259 33.0151 37.1618 25.4951 
47.8869 65.192 60.5679 45.31 100.959 45.2217 59.6657 22.6716 80.9232 24.6982 10.6301 46.8246 73.3757 0.0 75.4903 36.6742 19.6977 49.0408 71.0401 63.6117 43.566 16.5529 65.192 60.2993 59.0339 85.1363 83.5212 81.8469 54.7083 24.5153 59.2368 72.4224 61.8142 75.1066 23.4094 6.08276 66.3702 57.7235 48.7647 61.9839 79.0063 44.0454 66.4401 26.0 93.3074 43.4997 88.3077 81.6582 53.2782 77.3692 10.0499 54.4913 53.4726 32.573 40.1995 67.72 34.0147 5.0 62.4564 51.6592 76.5376 29.9666 26.4197 74.1485 61.4725 21.2132 99.6074 92.8568 75.4255 55.3624 101.626 90.6078 63.0317 32.573 106.906 75.8322 89.8828 88.3017 56.2939 48.2758 
31.0778 27.1662 17.6023 30.1912 50.04 45.0073 37.3631 86.8984 10.0 50.7925 79.9559 43.8667 66.4833 75.4903 0.0 83.9863 64.046 33.2485 8.94427 52.0217 40.8397 79.0119 77.519 74.5279 90.0948 13.6015 47.1699 25.0 42.1802 51.6516 57.6356 65.7696 32.7567 90.0574 93.2309 74.5618 76.0106 92.5754 28.4013 90.9025 25.4951 45.922 51.6716 60.9282 44.1022 56.2832 41.5933 20.2485 34.637 41.5933 71.7206 48.3228 74.6152 56.2363 46.0456 41.1096 46.0857 77.0268 42.0384 46.69 58.6003 60.2761 63.7748 35.3553 14.2592 57.1082 45.1774 29.1548 30.8058 20.6439 38.0789 55.9732 24.5153 64.5975 52.6118 4.24264 25.02 48.7647 90.4265 67.0815 
55.1819 83.4337 69.064 54.366 86.0438 70.7107 82.0968 20.6155 93.9851 40.3609 28.0 54.1197 44.6878 36.6742 83.9863 0.0 50.6063 67.9412 81.6564 42.0434 65.9469 21.0 31.3847 27.2947 22.3607 94.6563 66.1583 72.8382 79.3095 43.8406 35.1561 43.9318 82.3525 39.1152 58.0086 30.5941 33.1059 21.1896 60.1418 25.318 95.0036 46.0923 44.6176 55.4707 79.3765 43.9211 75.1597 74.1938 60.5733 98.9937 27.2029 41.7853 22.7908 59.6657 61.7171 90.6987 53.9073 32.249 48.7563 45.7646 51.8971 25.3076 57.4543 94.2294 69.9685 30.4138 86.8643 82.7638 93.751 64.1197 89.6247 69.3154 80.3416 25.7541 92.3644 84.3283 80.7656 71.0022 19.6469 22.7908 
39.2046 47.0956 49.3051 34.6554 95.6013 25.7099 40.4475 41.4005 64.2341 17.72 29.6816 38.9061 78.1025 19.6977 64.046 50.6063 0.0 31.5753 59.6657 64.9384 25.02 33.9706 74.1485 69.0507 72.0902 73.692 81.7766 70.3275 35.171 14.3178 63.1269 77.1038 43.0465 86.0636 29.5296 23.6008 74.8131 71.5542 35.805 74.8465 61.4003 39.3954 67.2681 6.32456 87.8015 43.4166 83.0545 65.9147 45.2217 58.0517 24.7588 54.1295 52.1728 13.1529 22.3607 48.2701 18.3576 24.1868 61.0328 50.6952 78.4474 35.3553 7.07107 55.2268 49.8197 23.1948 93.1419 79.769 57.0 43.4166 89.7673 89.0999 45.3982 39.8121 100.974 64.3879 75.3609 85.7578 69.7782 55.4437 
25.9615 16.2788 29.1548 20.2485 76.922 13.4164 15.0 66.7608 32.8494 28.2312 56.8859 32.2389 77.0941 49.0408 33.2485 67.9412 31.5753 0.0 35.6274 61.4453 7.81025 58.5235 81.0514 76.6675 85.67 45.45 68.0294 49.4773 15.2971 25.9615 63.5142 76.1964 14.4222 94.4757 60.407 50.636 80.606 87.4876 15.1327 87.6026 30.0167 34.2942 62.6418 26.2488 69.857 44.6542 66.0984 44.643 31.4006 31.0644 49.4773 51.9222 61.6145 19.6977 9.21954 23.3452 15.2971 52.345 53.3667 51.5996 72.7805 46.2277 28.2312 26.4008 26.2488 38.0132 72.7324 57.3847 26.6833 21.2132 67.1618 77.0065 14.0 51.0882 80.6536 29.4924 52.9245 71.2531 85.2602 62.7805 
26.6276 35.0143 12.3693 25.741 42.4264 49.0199 44.4288 82.4482 18.4391 46.3423 75.5057 39.4165 58.0 71.0401 8.94427 81.6564 59.6657 35.6274 0.0 43.6373 42.7134 74.5618 68.9167 65.9256 81.4925 15.0 38.2753 16.2788 49.1537 47.2014 49.2512 57.3149 40.1123 81.6729 88.8144 70.1117 67.6262 83.9731 24.0416 82.3002 34.4384 41.4719 43.2782 56.5685 36.0139 47.217 33.1361 11.4018 30.1868 50.2195 67.2704 39.7205 63.4544 51.8556 41.6859 49.0102 41.7253 72.5766 33.6539 38.0877 49.8197 55.8259 59.4138 43.9318 9.89949 52.658 37.855 22.1359 39.5601 16.2788 31.7805 47.1275 32.0156 60.1473 45.607 11.0454 17.72 40.025 81.8242 58.4792 
35.5074 71.0042 39.5142 41.2436 44.0114 71.4392 75.7833 61.7949 61.919 47.3814 60.1967 44.4833 15.6525 63.6117 52.0217 42.0434 64.9384 61.4453 43.6373 0.0 64.6863 55.2195 25.632 23.3452 40.05 56.356 24.1661 33.5261 76.6797 51.2445 7.07107 14.7648 73.3485 38.0789 86.9774 58.6642 24.1661 43.0 46.6288 40.3113 76.9239 28.4429 2.82843 66.1891 37.3631 21.587 32.7567 35.3412 30.8869 88.2087 54.194 11.0 25.5539 66.0303 61.0205 83.1925 55.2268 61.3776 10.0 15.1327 13.6015 33.6692 69.2604 82.2088 44.9534 43.9871 44.3847 42.2966 80.0133 45.5933 48.0937 28.3196 67.4002 31.5328 50.3289 52.5815 41.0 29.0689 41.0122 20.1246 
30.0167 22.0907 35.171 24.0208 83.4865 7.0 16.5529 62.7694 40.4407 25.6125 52.2015 34.2029 79.8337 43.566 40.8397 65.9469 25.02 7.81025 42.7134 64.6863 0.0 54.626 81.7379 76.7591 86.0103 53.0412 73.4442 55.9732 13.4536 22.4722 65.4599 78.8653 18.2483 94.6313 53.1601 45.8803 81.9331 86.006 20.3961 87.6882 36.4966 36.2583 66.1601 19.2354 76.243 46.0977 72.2772 51.264 36.0139 34.176 45.31 53.8863 61.6117 12.3693 4.24264 25.0599 12.0416 47.2969 57.3149 49.5636 76.6551 45.3431 20.8806 30.5941 33.1059 35.609 79.4796 64.405 32.0156 27.5136 74.2428 82.2982 20.6155 50.3289 87.4643 47.415 59.9333 76.964 84.117 62.8721 
50.2523 74.7262 64.0895 49.0408 98.719 57.8014 71.1758 8.24621 89.0107 30.5941 7.0 49.19 62.6712 16.5529 79.0119 21.0 33.9706 58.5235 74.5618 55.2195 54.626 0.0 51.4198 46.8402 43.1856 88.039 79.1085 79.221 67.1193 32.573 50.6969 61.8691 72.45 60.075 37.0135 10.8167 52.8867 41.5933 54.037 46.1736 87.4757 43.0116 58.221 39.8246 90.0895 40.8738 85.1275 79.0323 55.6437 88.7694 9.43398 53.5553 40.5673 45.4863 50.6952 79.6241 43.3244 11.7047 60.5263 49.0333 68.29 23.3238 41.0366 84.7585 64.9941 22.0 95.975 90.2309 85.1645 59.1354 97.8237 83.703 72.0347 23.8736 103.593 79.3539 87.2569 84.0806 40.3113 40.5673 
64.1031 94.4595 73.4411 63.3209 65.3758 87.7571 96.2652 52.0 87.5177 58.8218 58.2495 63.0408 17.72 65.192 77.519 31.3847 74.1485 81.0514 68.9167 25.632 81.7379 51.4198 0.0 5.09902 17.4642 81.8596 46.0109 59.1354 95.0766 62.9365 19.7231 17.4642 94.9895 13.4536 87.9659 59.3043 2.23607 21.0238 69.4572 16.4924 102.203 47.532 26.9258 77.3692 60.0083 37.4874 56.0357 60.9262 53.8455 111.213 55.1453 31.241 22.0907 79.3788 77.5947 104.456 70.2954 61.5224 35.3412 35.3836 28.2843 38.833 80.05 105.72 74.3457 50.9902 67.0298 67.4685 102.714 68.4968 72.2496 46.0977 91.0408 34.3657 71.5681 77.8609 66.4831 50.1597 19.7231 18.9737 
60.1743 90.5308 69.8544 59.3922 65.1153 82.7782 91.9768 47.8539 84.5266 53.7587 53.6004 59.1121 18.868 60.2993 74.5279 27.2947 69.0507 76.6675 65.9256 23.3452 76.7591 46.8402 5.09902 0.0 17.1172 78.9255 45.3982 56.7539 90.0977 57.8705 16.7631 18.3576 91.0607 18.0278 83.1865 54.4518 6.08276 20.3961 65.5285 17.0294 101.08 43.6033 25.0799 72.2772 59.3043 33.5586 55.0818 58.1893 50.2588 107.285 50.2494 27.4591 17.0294 74.3303 72.6159 100.527 65.3166 56.7186 32.573 31.4581 28.4605 33.7343 74.9533 101.791 70.759 45.8912 66.3702 65.6201 100.445 64.9102 71.007 46.4866 87.1121 29.2746 71.3863 74.8698 64.3273 49.8197 18.6815 13.9284 
70.121 100.172 84.003 69.3389 82.201 91.0509 100.643 41.1947 100.094 60.6847 50.1597 69.0588 35.1141 59.0339 90.0948 22.3607 72.0902 85.67 81.4925 40.05 86.0103 43.1856 17.4642 17.1172 0.0 94.4924 62.514 72.9932 99.3535 64.1857 33.1361 34.7851 100.143 18.3848 80.0562 52.9528 19.6977 3.60555 75.4752 3.0 111.027 60.1103 42.0 76.4788 76.4199 57.939 72.1734 73.9797 65.1664 116.625 49.4773 42.2675 24.8221 80.2151 81.852 108.998 74.4314 54.5894 48.6621 46.2469 45.3542 41.859 78.721 111.341 84.9076 50.7411 83.4865 82.2982 110.318 79.0588 88.0057 63.3246 97.0588 37.1873 88.459 90.4367 80.7527 66.9104 3.16228 24.5967 
40.1049 37.6962 27.1662 39.8372 42.9535 57.2088 48.7545 95.9255 14.3178 60.4384 89.6018 52.8938 69.6348 85.1363 13.6015 94.6563 73.692 45.45 15.0 56.356 53.0412 88.039 81.8596 78.9255 94.4924 0.0 45.607 24.0832 54.2033 61.2975 62.2415 69.0652 43.8634 94.414 102.877 84.2078 80.4984 96.973 38.0473 95.3002 31.0 54.9492 55.5698 70.5742 38.6264 60.2169 37.5899 21.095 43.6641 49.163 81.3666 52.7204 76.4543 65.8823 55.6916 50.9608 55.7316 86.6728 46.5188 51.0876 60.3075 69.3032 73.4207 43.4166 23.9051 66.7542 37.6563 22.4722 38.2099 30.2899 29.0689 53.535 35.7771 73.6246 44.1022 17.8045 19.7231 45.793 94.8242 71.4791 
43.9318 72.5107 39.0128 49.8197 19.9249 80.4137 80.3057 87.09 55.9017 64.0734 83.9126 56.6488 29.2746 83.5212 47.1699 66.1583 81.7766 68.0294 38.2753 24.1661 73.4442 79.1085 46.0109 45.3982 62.514 45.607 0.0 22.3607 83.006 67.4533 31.0161 29.1548 76.6551 55.7315 105.948 80.0524 44.0 65.7647 53.1784 62.2013 72.6154 43.0511 21.5407 80.6649 14.0 41.1096 10.4403 26.9258 37.6563 88.3233 76.0265 30.4138 49.6488 78.5875 70.859 86.1494 67.1863 82.8692 21.2603 32.0156 18.2483 57.3852 83.8248 82.0061 43.4166 62.426 21.0238 25.0 77.7946 47.0106 26.9258 9.05539 69.1739 55.2488 26.2488 49.0408 26.1725 5.0 63.9531 44.2832 
34.2223 51.1566 21.0238 36.2912 27.5136 62.6418 60.075 94.134 33.541 56.2569 82.1607 47.6364 45.793 81.8469 25.0 72.8382 70.3275 49.4773 16.2788 33.5261 55.9732 79.221 59.1354 56.7539 72.9932 24.0832 22.3607 0.0 63.6396 58.4408 40.025 45.2769 56.0 71.1758 100.05 78.3781 57.5847 75.6637 35.8469 73.5459 50.3289 49.6917 32.311 67.6097 20.3961 39.774 17.0 5.0 27.9019 66.4906 74.3522 32.0156 55.2707 63.5821 54.231 65.123 52.7702 81.1949 24.3311 30.6446 36.2353 57.7648 70.5745 60.208 23.3452 60.751 23.7065 11.1803 55.7853 28.4605 20.6155 31.0161 48.0416 62.1236 31.7648 27.2947 8.06226 23.7697 73.5527 50.2956 
41.2311 17.6918 44.0 35.4401 90.802 9.48683 6.7082 75.1332 40.8044 38.9487 64.0781 46.8121 92.3285 54.7083 42.1802 79.3095 35.171 15.2971 49.1537 76.6797 13.4536 67.1193 95.0766 90.0977 99.3535 54.2033 83.006 63.6396 0.0 35.609 78.0874 91.4307 11.4018 107.97 60.208 57.7754 95.1698 99.3557 30.4138 101.031 31.3847 48.8674 77.8845 28.8617 84.0119 59.0593 80.5047 58.6941 46.6905 23.0868 57.7062 66.4954 75.0 22.1359 17.6918 13.1529 25.4558 58.8727 68.6586 62.1727 88.0738 58.7963 29.2746 21.3776 40.3113 48.9183 86.396 70.911 24.6982 36.0 80.1726 92.0217 18.6011 63.7809 94.2466 38.4241 66.4517 86.0523 97.4667 76.2107 
25.4558 42.2019 36.7292 21.6333 81.4997 26.8701 38.9487 40.8044 56.9034 4.12311 31.1448 24.8045 65.0308 24.5153 51.6516 43.8406 14.3178 25.9615 47.2014 51.2445 22.4722 32.573 62.9365 57.8705 64.1857 61.2975 67.4533 58.4408 35.609 0.0 50.04 64.0312 39.9249 75.3923 41.8688 25.02 63.3246 63.9084 24.3516 66.8911 55.3263 25.0799 53.4603 15.0 73.6999 30.0 68.9122 53.3388 31.241 56.3649 23.5372 40.3113 41.6293 16.5529 18.3576 47.5079 10.7703 27.0185 46.8402 36.6742 64.6297 24.5967 18.0278 52.2015 37.5899 13.4536 79.0403 67.193 52.6308 31.305 77.1914 74.9013 39.6232 29.5296 86.8724 51.9935 62.7849 71.6561 62.0194 43.9659 
38.8814 74.2957 53.9308 45.5554 50.9215 72.1249 78.4997 54.9075 67.8522 46.0109 55.5011 45.2753 15.0 59.2368 57.6356 35.1561 63.1269 63.5142 49.2512 7.07107 65.4599 50.6969 19.7231 16.7631 33.1361 62.2415 31.0161 40.025 78.0874 50.04 0.0 14.0 76.7257 32.8024 82.6378 54.1295 18.6011 36.0139 50.0028 33.541 82.5378 29.5466 9.48683 65.0308 44.3847 20.0998 39.8121 41.4367 34.3351 91.4753 49.6588 12.2066 19.2094 65.6201 61.6847 86.5685 55.3173 56.7979 15.8114 16.6433 17.8045 29.4109 68.0074 85.5944 50.5674 40.6079 51.4198 49.163 83.4065 48.9865 55.1453 34.4093 70.6918 26.8328 57.2451 58.1954 47.676 35.8469 34.0 13.6015 
50.2585 85.7669 53.262 55.9947 48.0937 85.6154 90.5343 63.844 75.6637 60.0083 68.4602 58.6624 1.0 72.4224 65.7696 43.9318 77.1038 76.1964 57.3149 14.7648 78.8653 61.8691 17.4642 18.3576 34.7851 69.0652 29.1548 45.2769 91.4307 64.0312 14.0 0.0 88.1028 26.6833 95.8175 67.073 15.2971 38.2753 61.3799 33.9559 90.6717 42.72 14.2127 79.0253 43.1045 34.0588 39.4588 48.0104 45.6508 103.048 62.6259 25.0 30.0167 79.511 75.1864 97.9456 69.0507 69.6915 24.2074 29.4109 11.0 42.9535 82.0061 96.9715 58.7013 54.4518 50.04 52.2015 94.776 60.356 55.9017 28.6356 82.163 39.8497 54.231 66.3294 51.8941 33.0 36.7696 24.5967 
38.0789 6.40312 38.0789 33.0151 82.4924 18.4391 5.0 80.6536 30.0167 42.4853 70.342 45.9487 89.0 61.8142 32.7567 82.3525 43.0465 14.4222 40.1123 73.3485 18.2483 72.45 94.9895 91.0607 100.143 43.8634 76.6551 56.0 11.4018 39.9249 76.7257 88.1028 0.0 108.414 70.0357 64.0312 94.3158 101.472 26.9258 101.821 20.1246 48.0041 74.3236 37.0 76.1052 58.3652 73.0 51.0 42.5441 16.6433 63.2456 65.3584 75.833 30.0 21.8403 9.84886 29.1548 65.5134 64.6743 63.506 83.982 60.6053 38.1182 12.3693 33.2415 52.3546 77.7817 61.8142 14.1421 30.3645 70.8308 85.7088 8.24621 65.437 85.3288 29.2746 57.5587 79.2275 99.2444 76.999 
77.5274 107.884 86.687 76.7452 74.0608 100.648 109.33 59.0339 99.9547 71.3092 67.0671 76.4651 26.4764 75.1066 90.0574 39.1152 86.0636 94.4757 81.6729 38.0789 94.6313 60.075 13.4536 18.0278 18.3848 94.414 55.7315 71.1758 107.97 75.3923 32.8024 26.6833 108.414 0.0 97.0824 69.0652 14.2127 21.4709 82.8815 15.6525 114.96 60.9563 38.9102 89.5213 69.5845 50.9117 66.0984 73.3553 67.0913 124.638 65.192 44.5982 33.8914 91.9239 90.4881 117.88 83.1865 71.007 48.0208 48.7955 37.4833 50.9283 92.1169 119.144 87.5915 62.9976 76.4199 78.7464 115.96 81.7427 82.5651 54.0 104.465 46.2566 80.0062 90.6172 78.1857 59.3043 21.5407 31.7648 
67.2681 74.9533 78.3489 63.4114 122.928 51.6236 66.4831 39.6232 93.2388 43.8406 30.0167 66.4138 96.7678 23.4094 93.2309 58.0086 29.5296 60.407 88.8144 86.9774 53.1601 37.0135 87.9659 83.1865 80.0562 102.877 105.948 100.05 60.208 41.8688 82.6378 95.8175 70.0357 97.0824 0.0 28.8617 89.2693 78.2304 65.192 83.0542 89.4986 65.2993 89.8058 34.176 115.172 65.9564 110.738 94.9585 72.8674 83.0542 33.2415 76.948 76.4853 40.8044 51.264 73.0616 47.8853 26.4764 84.9132 74.116 99.9033 53.3104 32.28 81.4985 79.0569 43.566 120.65 108.813 84.1724 72.6705 119.829 113.065 73.7631 55.9732 128.482 93.5729 104.405 110.738 77.1038 71.6205 
46.3376 66.9104 59.6394 44.3847 97.4897 48.3322 62.2977 17.8045 84.5606 24.1868 6.32456 45.2753 68.0164 6.08276 74.5618 30.5941 23.6008 50.636 70.1117 58.6642 45.8803 10.8167 59.3043 54.4518 52.9528 84.2078 80.0524 78.3781 57.7754 25.02 54.1295 67.073 64.0312 69.0652 28.8617 0.0 60.531 51.6624 48.5077 55.9017 80.3057 41.3401 61.4927 29.6816 89.8386 40.0309 84.8389 78.1894 51.7289 80.0062 4.47214 51.0225 47.6784 35.7771 42.2019 70.5762 35.3553 2.82843 58.9876 48.1904 71.5891 25.2389 30.6105 76.4003 60.544 18.3576 96.1386 89.3881 77.2787 54.5711 98.1575 86.9747 64.4981 27.313 103.437 74.9038 86.414 84.8329 50.2195 42.8504 
57.425 92.8392 72.4743 62.6472 63.2851 87.9522 95.5915 53.7122 86.2272 59.203 59.6657 62.3671 15.5242 66.3702 76.0106 33.1059 74.8131 80.606 67.6262 24.1661 81.9331 52.8867 2.23607 6.08276 19.6977 80.4984 44.0 57.5847 95.1698 63.3246 18.6011 15.2971 94.3158 14.2127 89.2693 60.531 0.0 23.2594 68.7835 18.6815 100.913 46.8583 25.2982 77.8781 58.0 36.8137 54.0833 59.5063 52.8787 110.019 56.3205 30.4138 23.0 79.6994 77.7899 103.782 70.4906 62.8013 34.0 34.6554 26.1725 39.4588 80.604 103.911 73.3789 51.6236 65.0077 65.7343 101.747 67.53 70.3491 43.9318 89.2353 35.1283 69.4622 76.5704 64.846 48.0937 21.9545 19.4165 
71.9386 101.989 85.8206 71.1564 85.5102 90.7736 102.46 39.0128 102.574 60.4075 48.5077 70.8763 38.6264 57.7235 92.5754 21.1896 71.5542 87.4876 83.9731 43.0 86.006 41.5933 21.0238 20.3961 3.60555 96.973 65.7647 75.6637 99.3557 63.9084 36.0139 38.2753 101.472 21.4709 78.2304 51.6624 23.2594 0.0 77.2927 5.83095 112.844 61.9278 45.0444 76.1577 79.6304 59.7565 75.326 76.4863 67.6354 117.718 48.3839 44.7365 26.6397 79.9378 81.7814 110.816 73.9713 53.1507 51.3517 48.7158 48.7647 45.3517 78.2943 113.159 86.7252 50.4638 86.7006 85.1469 112.136 80.8763 91.0494 66.7608 98.6503 45.7982 91.7824 92.9174 83.4865 70.214 2.23607 26.5707 
11.1803 25.4558 14.8661 6.40312 63.3246 27.2947 29.1548 62.1289 38.4001 24.3311 54.231 20.4164 62.2776 48.7647 28.4013 60.1418 35.805 15.1327 24.0416 46.6288 20.3961 54.037 69.4572 65.5285 75.4752 38.0473 53.1784 35.8469 30.4138 24.3516 50.0028 61.3799 26.9258 82.8815 65.192 48.5077 68.7835 77.2927 0.0 77.153 35.6437 22.4718 47.7598 32.5269 55.9732 32.8329 51.923 31.305 16.2788 42.5206 46.0977 38.6355 51.165 28.0179 18.3848 36.7151 17.6918 50.8035 38.3275 36.7831 57.7235 36.7696 35.3836 36.7696 14.1421 32.0624 59.5063 44.9444 35.0 7.81025 54.9181 62.0791 21.9317 41.1461 67.5426 28.7433 40.4969 56.5704 75.0653 52.331 
71.7989 102.155 85.6809 71.0167 81.7435 93.602 102.321 44.1814 100.901 63.3901 53.1507 70.7366 34.2053 61.9839 90.9025 25.318 74.8465 87.6026 82.3002 40.3113 87.6882 46.1736 16.4924 17.0294 3.0 95.3002 62.2013 73.5459 101.031 66.8911 33.541 33.9559 101.821 15.6525 83.0542 55.9017 18.6815 5.83095 77.153 0.0 112.704 61.7881 42.107 79.1893 76.1643 59.6168 72.0278 74.7262 66.0752 118.303 52.3927 43.1764 26.5 82.9204 83.5298 110.941 76.1093 57.5587 49.2443 47.1557 44.7214 43.5369 81.4371 113.416 86.5855 53.4465 83.2166 82.6075 111.996 80.7366 88.0227 62.5859 98.7366 38.8652 87.9659 91.2445 81.2158 66.4831 6.08276 26.0768 
46.0253 14.5602 42.2866 42.0399 73.5527 38.2753 24.6982 95.7079 17.2627 56.8859 86.4696 55.9678 91.3855 79.0063 25.4951 95.0036 61.4003 30.0167 34.4384 76.9239 36.4966 87.4757 102.203 101.08 111.027 31.0 72.6154 50.3289 31.3847 55.3263 82.5378 90.6717 20.1246 114.96 89.4986 80.3057 100.913 112.844 35.6437 112.704 0.0 58.0231 76.5737 55.7315 68.4471 68.3843 66.4831 45.6946 49.8249 18.4391 78.7718 73.0071 86.7163 48.8365 39.1152 22.8035 45.0444 82.1523 66.9406 70.6187 83.7644 72.1047 57.2713 13.4164 38.9435 65.9697 68.3593 52.6118 8.06226 36.7966 60.0333 81.3449 16.0312 76.6198 75.06 24.4131 49.0306 74.0 110.617 87.8823 
17.1176 47.4741 30.9997 16.3355 72.5692 43.0112 49.2798 50.2243 55.9208 21.9545 45.618 16.0554 43.6807 44.0454 45.922 46.0923 39.3954 34.2942 41.4719 28.4429 36.2583 43.0116 47.532 43.6033 60.1103 54.9492 43.0511 49.6917 48.8674 25.0799 29.5466 42.72 48.0041 60.9563 65.2993 41.3401 46.8583 61.9278 22.4718 61.7881 58.0231 0.0 30.1496 39.2938 64.8138 12.2066 60.1631 49.503 22.509 64.2278 37.5899 17.72 35.8001 38.1182 32.5926 57.4703 27.0 44.1022 22.3134 13.3417 41.0122 21.5889 42.45 58.7344 31.9042 23.0217 69.6607 60.7017 57.3886 26.0554 69.4711 50.3745 44.0554 25.7857 77.6557 46.264 57.7276 62.907 59.7004 35.3671 
36.6879 71.955 39.164 42.45 41.4367 73.0828 76.896 64.3691 61.5689 49.6488 63.0251 46.2046 15.0 66.4401 51.6716 44.6176 67.2681 62.6418 43.2782 2.82843 66.1601 58.221 26.9258 25.0799 42.0 55.5698 21.5407 32.311 77.8845 53.4603 9.48683 14.2127 74.3236 38.9102 89.8058 61.4927 25.2982 45.0444 47.7598 42.107 76.5737 30.1496 0.0 68.3593 34.9285 24.0416 30.4138 34.4819 31.7805 89.2364 57.0224 13.1529 28.3019 68.0 62.7418 84.1724 57.0789 64.2061 10.0 17.0 11.1803 36.4977 71.4493 83.1596 44.6033 46.4118 41.9762 40.6079 80.9641 46.5441 46.0109 25.4951 68.3511 34.3612 47.7598 52.2314 39.5601 26.4008 43.1045 22.8254 
37.5899 41.3038 46.5873 32.45 94.5813 19.4165 34.2345 47.4342 59.0668 19.0263 35.8469 38.0161 80.025 26.0 60.9282 55.4707 6.32456 26.2488 56.5685 66.1891 19.2354 39.8246 77.3692 72.2772 76.4788 70.5742 80.6649 67.6097 28.8617 15.0 65.0308 79.0253 37.0 89.5213 34.176 29.6816 77.8781 76.1577 32.5269 79.1893 55.7315 39.2938 68.3593 0.0 86.7815 45.0 82.0345 63.1969 43.8292 51.788 30.4795 55.2268 55.6597 7.0 17.088 41.9762 14.8661 30.4138 61.4096 51.4782 79.511 38.6005 3.16228 49.0918 46.669 26.5707 91.3087 77.0512 51.0392 40.3113 87.0495 88.9903 39.8121 43.3244 99.3602 61.2702 72.6431 84.8646 74.3034 58.4637 
49.4813 71.0 41.1096 56.3046 7.81025 82.9699 80.3142 99.713 51.1957 71.3789 93.6212 62.7584 43.1856 93.3074 44.1022 79.3765 87.8015 69.857 36.0139 37.3631 76.243 90.0895 60.0083 59.3043 76.4199 38.6264 14.0 20.3961 84.0119 73.6999 44.3847 43.1045 76.1052 69.5845 115.172 89.8386 58.0 79.6304 55.9732 76.1643 68.4471 64.8138 34.9285 86.7815 0.0 51.4004 5.0 25.318 43.1609 85.5862 85.8127 41.6773 62.3939 83.5955 74.3303 85.0 72.8726 92.6554 32.249 42.2019 32.1403 68.6333 89.9277 79.404 43.7379 72.2114 7.07107 16.1555 74.6726 48.7647 13.8924 17.4929 68.0294 67.8718 13.6015 47.0 19.4165 10.4403 77.7817 57.2451 
27.4787 57.8352 41.3608 26.6966 59.0339 52.5547 59.6406 48.053 66.2819 26.0192 43.8135 26.4165 35.0571 43.4997 56.2832 43.9211 43.4166 44.6542 47.217 21.587 46.0977 40.8738 37.4874 33.5586 57.939 60.2169 41.1096 39.774 59.0593 30.0 20.0998 34.0588 58.3652 50.9117 65.9564 40.0309 36.8137 59.7565 32.8329 59.6168 68.3843 12.2066 24.0416 45.0 51.4004 0.0 46.4004 39.7544 30.2448 74.5889 36.005 11.1803 33.6288 45.5412 42.1545 67.8314 35.4401 42.8477 19.8494 9.21954 35.171 19.4176 48.0104 69.0955 42.2653 22.4046 57.6888 50.4796 67.6762 36.4165 58.5459 47.7074 54.4165 23.6144 65.0 56.6251 47.979 46.0109 57.5291 34.7948 
44.7343 68.1175 37.108 50.537 12.7279 79.0759 77.0584 94.9112 49.3356 66.7282 88.6215 58.1077 39.6232 88.3077 41.5933 75.1597 83.0545 66.0984 33.1361 32.7567 72.2772 85.1275 56.0357 55.0818 72.1734 37.5899 10.4403 17.0 80.5047 68.9122 39.8121 39.4588 73.0 66.0984 110.738 84.8389 54.0833 75.326 51.923 72.0278 66.4831 60.1631 30.4138 82.0345 5.0 46.4004 0.0 22.0 38.4139 83.1865 80.813 36.7151 57.5847 79.5134 70.2319 82.0975 68.1256 87.6557 27.2947 37.2022 28.6356 63.6714 85.1807 76.9415 40.1995 67.2117 11.7047 15.6205 72.3671 44.911 16.4924 16.2788 65.0308 63.07 18.6011 44.1814 17.8885 8.48528 73.437 52.4976 
32.765 46.1736 16.6433 31.8784 32.28 57.8705 55.0818 93.9453 29.1548 56.0681 81.972 47.4476 48.6004 81.6582 20.2485 74.1938 65.9147 44.643 11.4018 35.3412 51.264 79.0323 60.9262 58.1893 73.9797 21.095 26.9258 5.0 58.6941 53.3388 41.4367 48.0104 51.0 73.3553 94.9585 78.1894 59.5063 76.4863 31.305 74.7262 45.6946 49.503 34.4819 63.1969 25.318 39.7544 22.0 0.0 27.7132 61.6117 74.1635 32.2579 55.9918 59.1692 49.6588 60.1332 48.3574 81.0062 25.632 30.6251 39.598 57.5761 66.1617 55.3173 18.4391 60.5622 28.2312 14.1421 50.9608 23.7697 24.0832 35.7351 43.0465 62.1041 36.2491 22.3607 10.0 28.6356 74.3374 51.0166 
6.32456 40.1812 19.7146 12.1655 50.9608 43.0116 45.2217 63.4936 44.6357 29.0741 56.8702 20.4536 46.5296 53.2782 34.637 60.5733 45.2217 31.4006 30.1868 30.8869 36.0139 55.6437 53.8455 50.2588 65.1664 43.6641 37.6563 27.9019 46.6905 31.241 34.3351 45.6508 42.5441 67.0913 72.8674 51.7289 52.8787 67.6354 16.2788 66.0752 49.8249 22.509 31.7805 43.8292 43.1609 30.2448 38.4139 27.7132 0.0 57.3858 48.6246 22.9679 47.1166 41.1096 33.2415 52.3927 29.7321 54.307 22.1359 21.1155 41.4849 36.863 46.9574 51.3859 20.6192 33.8497 48.5013 38.9118 49.1904 14.7703 47.6812 46.3897 36.5773 41.1845 56.3334 34.9789 35.9378 41.4849 65.4865 42.1415 
53.4135 17.2047 51.7088 48.8365 91.1373 32.3883 17.72 96.933 35.0143 59.0593 86.3308 62.1725 103.937 77.3692 41.5933 98.9937 58.0517 31.0644 50.2195 88.2087 34.176 88.7694 111.213 107.285 116.625 49.163 88.3233 66.4906 23.0868 56.3649 91.4753 103.048 16.6433 124.638 83.0542 80.0062 110.019 117.718 42.5206 118.303 18.4391 64.2278 89.2364 51.788 85.5862 74.5889 83.1865 61.6117 57.3858 0.0 79.4796 80.108 92.3147 44.911 38.0789 10.0 45.618 81.3204 79.5861 78.2556 98.153 77.201 52.345 6.32456 46.4729 68.9638 86.0523 70.1142 11.0 44.4344 78.0256 97.2677 20.8087 82.0061 93.0054 39.2938 66.2722 90.2441 116.215 94.087 
43.2333 65.7343 56.7982 41.5933 93.4639 48.3735 61.8466 17.4642 81.7194 22.0227 8.24621 42.171 63.5693 10.0499 71.7206 27.2029 24.7588 49.4773 67.2704 54.194 45.31 9.43398 55.1453 50.2494 49.4773 81.3666 76.0265 74.3522 57.7062 23.5372 49.6588 62.6259 63.2456 65.192 33.2415 4.47214 56.3205 48.3839 46.0977 52.3927 78.7718 37.5899 57.0224 30.4795 85.8127 36.005 80.813 74.1635 48.6246 79.4796 0.0 52.3567 43.4266 36.0555 41.4367 70.2638 34.2053 7.2111 54.9617 44.1645 67.1193 20.8087 31.8277 75.5844 57.7028 14.8661 92.1127 85.3622 76.1577 51.788 94.1316 82.5044 63.1506 22.8473 99.411 72.0626 82.3881 80.807 46.8402 38.4033 
27.5142 62.9284 42.5635 33.2504 49.0918 60.6383 67.79 61.5368 58.3216 36.4966 58.3594 33.6833 25.9615 54.4913 48.3228 41.7853 54.1295 51.9222 39.7205 11.0 53.8863 53.5553 31.241 27.4591 42.2675 52.7204 30.4138 32.0156 66.4954 40.3113 12.2066 25.0 65.3584 44.5982 76.948 51.0225 30.4138 44.7365 38.6355 43.1764 73.0071 17.72 13.1529 55.2268 41.6773 11.1803 36.7151 32.2579 22.9679 80.108 52.3567 0.0 24.2178 55.0364 50.2195 75.2013 44.2832 59.5404 9.43398 4.47214 24.3311 31.832 58.3095 74.0003 43.4681 33.3962 48.3011 42.4264 72.0393 37.6192 50.0 36.6197 59.3246 29.6956 55.2268 48.6648 40.05 35.3836 42.5876 19.2426 
45.8108 75.8617 59.6928 45.0287 69.3542 67.4166 76.5062 42.5423 84.614 37.5766 47.1585 44.7486 30.8869 53.4726 74.6152 22.7908 52.1728 61.6145 63.4544 25.5539 61.6117 40.5673 22.0907 17.0294 24.8221 76.4543 49.6488 55.2707 75.0 41.6293 19.2094 30.0167 75.833 33.8914 76.4853 47.6784 23.0 26.6397 51.165 26.5 86.7163 35.8001 28.3019 55.6597 62.3939 33.6288 57.5847 55.9918 47.1166 92.3147 43.4266 24.2178 0.0 58.1808 57.4282 84.9531 49.93 50.01 31.1888 28.1971 36.7696 17.088 58.2409 87.0311 60.5974 29.1204 69.2892 65.1963 86.0083 54.7486 72.0572 53.6004 72.7486 12.3693 75.6439 74.9572 63.198 54.5894 24.4122 5.65685 
34.7851 34.3657 42.5597 29.1548 91.0001 12.6491 27.2947 53.3385 52.545 20.6155 42.0476 36.2746 80.5047 32.573 56.2363 59.6657 13.1529 19.6977 51.8556 66.0303 12.3693 45.4863 79.3788 74.3303 80.2151 65.8823 78.5875 63.5821 22.1359 16.5529 65.6201 79.511 30.0 91.9239 40.8044 35.7771 79.6994 79.9378 28.0179 82.9204 48.8365 38.1182 68.0 7.0 83.5955 45.5412 79.5134 59.1692 41.1096 44.911 36.0555 55.0364 58.1808 0.0 10.8167 35.171 11.4018 36.7696 60.339 51.0 79.0253 41.1461 8.544 42.107 42.0119 29.6816 87.2811 72.9452 44.0454 35.805 82.9277 87.0976 32.9848 46.0652 95.3326 56.5783 68.5055 82.5651 78.0488 60.407 
27.074 25.02 33.2415 21.095 81.7068 10.4403 20.5913 58.8727 41.9854 21.4009 48.5077 30.5372 76.1577 40.1995 46.0456 61.7171 22.3607 9.21954 41.6859 61.0205 4.24264 50.6952 77.5947 72.6159 81.852 55.6916 70.859 54.231 17.6918 18.3576 61.6847 75.1864 21.8403 90.4881 51.264 42.2019 77.7899 81.7814 18.3848 83.5298 39.1152 32.5926 62.7418 17.088 74.3303 42.1545 70.2319 49.6588 33.2415 38.0789 41.4367 50.2195 57.4282 10.8167 0.0 29.1548 7.81025 43.7379 54.0833 45.8979 73.3348 41.1096 19.2354 34.2053 31.9061 31.4006 77.8781 63.1348 35.2278 25.9422 73.0616 79.6304 23.0868 46.0977 85.9069 46.3876 58.6686 74.6018 79.8923 58.7288 
47.8853 14.0 47.8017 42.72 91.1373 22.561 8.60233 87.7268 36.6879 50.4777 76.896 55.4149 98.8433 67.72 41.1096 90.6987 48.2701 23.3452 49.0102 83.1925 25.0599 79.6241 104.456 100.527 108.998 50.9608 86.1494 65.123 13.1529 47.5079 86.5685 97.9456 9.84886 117.88 73.0616 70.5762 103.782 110.816 36.7151 110.941 22.8035 57.4703 84.1724 41.9762 85.0 67.8314 82.0975 60.1332 52.3927 10.0 70.2638 75.2013 84.9531 35.171 29.1548 0.0 36.8917 71.7844 74.5231 73.3488 93.8308 69.4262 42.4264 10.0 42.7551 60.4649 86.2844 70.2567 14.8661 40.1622 78.9177 95.1961 17.1172 74.3303 93.6483 38.0 66.1211 88.6 108.588 86.1191 
23.4094 31.5753 31.7478 17.8885 80.1882 17.4929 28.3019 51.5461 46.9234 13.6015 41.5933 25.0278 70.0357 34.0147 46.0857 53.9073 18.3576 15.2971 41.7253 55.2268 12.0416 43.3244 70.2954 65.3166 74.4314 55.7316 67.1863 52.7702 25.4558 10.7703 55.3173 69.0507 29.1548 83.1865 47.8853 35.3553 70.4906 73.9713 17.6918 76.1093 45.0444 27.0 57.0789 14.8661 72.8726 35.4401 68.1256 48.3574 29.7321 45.618 34.2053 44.2832 49.93 11.4018 7.81025 36.8917 0.0 37.1214 49.0918 40.1123 68.0074 33.4215 17.8045 41.4367 31.8277 23.6008 76.4691 62.2116 41.9762 25.4558 72.21 75.71 29.1548 38.4187 84.5206 46.4276 57.8035 71.1688 72.0822 51.4296 
48.9157 68.593 62.1044 46.8402 100.307 49.3964 63.6003 17.6918 83.8572 26.4764 5.65685 47.8534 70.6349 5.0 77.0268 32.249 24.1868 52.345 72.5766 61.3776 47.2969 11.7047 61.5224 56.7186 54.5894 86.6728 82.8692 81.1949 58.8727 27.0185 56.7979 69.6915 65.5134 71.007 26.4764 2.82843 62.8013 53.1507 50.8035 57.5587 82.1523 44.1022 64.2061 30.4138 92.6554 42.8477 87.6557 81.0062 54.307 81.3204 7.2111 59.5404 50.01 36.7696 43.7379 71.7844 37.1214 0.0 61.8044 51.0072 74.3034 28.0179 31.0644 77.8781 63.009 21.095 98.9554 92.2049 78.9177 57.0088 100.974 89.6881 66.2722 29.9666 106.254 77.3687 89.2308 87.6497 51.788 45.4689 
27.4591 62.3047 29.5308 33.3766 39.6611 64.2806 67.3573 68.5078 51.9357 43.3244 62.7702 38.0644 25.0 62.4564 42.0384 48.7563 61.0328 53.3667 33.6539 10.0 57.3149 60.5263 35.3412 32.573 48.6621 46.5188 21.2603 24.3311 68.6586 46.8402 15.8114 24.2074 64.6743 48.0208 84.9132 58.9876 34.0 51.3517 38.3275 49.2443 66.9406 22.3134 10.0 61.4096 32.249 19.8494 27.2947 25.632 22.1359 79.5861 54.9617 9.43398 31.1888 60.339 54.0833 74.5231 49.0918 61.8044 0.0 10.8167 19.4165 38.3743 64.5514 73.5093 34.9701 41.3613 38.9102 34.0147 71.3138 36.8938 41.0 28.178 58.7007 36.6666 45.793 42.5982 32.1403 26.1725 49.2544 26.1725 
25.6618 61.076 40.7111 31.398 49.8197 56.3165 65.9376 65.5161 56.6887 32.9848 51.973 29.3607 30.3645 51.6592 46.69 45.7646 50.6952 51.5996 38.0877 15.1327 49.5636 49.0333 35.3836 31.4581 46.2469 51.0876 32.0156 30.6446 62.1727 36.6742 16.6433 29.4109 63.506 48.7955 74.116 48.1904 34.6554 48.7158 36.7831 47.1557 70.6187 13.3417 17.0 51.4782 42.2019 9.21954 37.2022 30.6251 21.1155 78.2556 44.1645 4.47214 28.1971 51.0 45.8979 73.3488 40.1123 51.0072 10.8167 0.0 28.0713 27.5771 54.5894 72.1478 41.6157 30.5641 48.5489 41.3503 69.9841 35.7668 49.3964 38.9487 57.4721 33.6749 55.8032 47.0319 38.7066 36.8782 46.5669 23.2219 
