NAME  : Jabali_80_2_0.93_1_9
TYPE : SVRP
MODEL : FINITE_SUPPORT
NUMBER_OF_SCENARIOS : 200
DIMENSION : 80
EDGE_WEIGHT_TYPE : MATRIX
CAPACITY : 235
N_VEHICLES : 2
NODE_COORD_SECTION
1 4564 3358
2 5446 2905
3 3824 2727
4 6652 7402
5 3398 3371
6 5426 2216
7 2714 4961
8 5932 326
9 4640 2767
10 5468 5995
11 4271 3923
12 5002 377
13 5784 5878
14 5960 1013
15 5163 7224
16 8121 3966
17 4346 1154
18 4178 1746
19 27 4829
20 6217 1383
21 5181 244
22 7619 1588
23 715 4740
24 6972 3728
25 2126 1473
26 2172 2146
27 4372 6957
28 1920 2791
29 4508 389
30 3852 6288
31 6265 1167
32 5421 7292
33 6157 6484
34 7186 7215
35 4914 7116
36 4328 7339
37 6934 5822
38 1867 1661
39 2375 6330
40 3317 893
41 8469 5272
42 5318 2386
43 7354 4561
44 7760 3777
45 5872 3557
46 5945 2432
47 4254 2045
48 6504 2270
49 8552 2191
50 8030 2158
51 8351 2838
52 4575 18
53 2135 1612
54 1851 5880
55 5578 5586
56 6373 4015
57 7306 5430
58 5712 1649
59 5908 7381
60 3556 6585
61 5149 6956
62 8957 2746
63 7482 6509
64 6112 6178
65 8410 2568
66 7558 6810
67 3365 5138
68 6292 4459
69 1248 5551
70 1610 2501
71 1510 4459
72 3081 6326
73 2873 1109
74 4074 4109
75 7781 3556
76 8967 2008
77 1201 4055
78 6555 5640
79 4017 7302
80 2857 2252
DEMAND_SECTION
1 0.0
2 9.0
3 6.0
4 3.0
5 8.0
6 3.0
7 1.0
8 5.0
9 4.0
10 8.0
11 10.0
12 8.0
13 1.0
14 7.0
15 6.0
16 2.0
17 8.0
18 8.0
19 6.0
20 7.0
21 7.0
22 8.0
23 4.0
24 6.0
25 8.0
26 3.0
27 6.0
28 2.0
29 3.0
30 2.0
31 2.0
32 7.0
33 7.0
34 7.0
35 6.0
36 5.0
37 7.0
38 5.0
39 4.0
40 8.0
41 10.0
42 8.0
43 6.0
44 2.0
45 10.0
46 9.0
47 4.0
48 8.0
49 7.0
50 10.0
51 7.0
52 2.0
53 7.0
54 5.0
55 3.0
56 2.0
57 6.0
58 1.0
59 9.0
60 2.0
61 5.0
62 5.0
63 2.0
64 6.0
65 2.0
66 7.0
67 6.0
68 8.0
69 1.0
70 1.0
71 3.0
72 9.0
73 2.0
74 6.0
75 8.0
76 8.0
77 2.0
78 10.0
79 2.0
80 7.0
DEVIATION_SECTION
1 0.0
2 3.0
3 2.0
4 1.0
5 2.66667
6 1.0
7 0.333333
8 1.66667
9 1.33333
10 2.66667
11 3.33333
12 2.66667
13 0.333333
14 2.33333
15 2.0
16 0.666667
17 2.66667
18 2.66667
19 2.0
20 2.33333
21 2.33333
22 2.66667
23 1.33333
24 2.0
25 2.66667
26 1.0
27 2.0
28 0.666667
29 1.0
30 0.666667
31 0.666667
32 2.33333
33 2.33333
34 2.33333
35 2.0
36 1.66667
37 2.33333
38 1.66667
39 1.33333
40 2.66667
41 3.33333
42 2.66667
43 2.0
44 0.666667
45 3.33333
46 3.0
47 1.33333
48 2.66667
49 2.33333
50 3.33333
51 2.33333
52 0.666667
53 2.33333
54 1.66667
55 1.0
56 0.666667
57 2.0
58 0.333333
59 3.0
60 0.666667
61 1.66667
62 1.66667
63 0.666667
64 2.0
65 0.666667
66 2.33333
67 2.0
68 2.66667
69 0.333333
70 0.333333
71 1.0
72 3.0
73 0.666667
74 2.0
75 2.66667
76 2.66667
77 0.666667
78 3.33333
79 0.666667
80 2.33333
DISTANCE_MATRIX
0.0 13.4164 14.0357 60.0738 14.1421 19.0263 35.4138 44.7214 8.06226 36.9693 9.21954 41.1461 40.4253 37.054 51.8688 47.4236 29.8329 21.9317 64.2106 35.1283 42.5441 47.8539 55.2444 34.8035 42.4853 35.6488 49.8121 34.9907 40.2244 41.865 37.054 53.1393 45.9593 63.3775 50.8044 54.2832 48.1337 43.2114 50.04 37.5729 56.8182 17.0294 39.9208 42.9418 17.8885 22.4722 18.4391 29.9666 56.0803 50.0 51.6624 44.6542 42.0563 50.3387 36.6716 25.9615 45.3342 28.0 55.6283 45.9144 49.0512 59.4643 59.5354 46.3537 53.0377 63.1327 29.0 29.2066 54.2968 39.5411 43.8658 45.3982 39.9232 12.1655 43.0465 61.8466 46.0109 48.7319 54.9444 29.5586 
13.4164 0.0 22.8254 64.6319 27.2029 8.60233 48.4166 34.9285 11.1803 42.544 21.3776 34.6554 43.9208 26.2488 57.8537 37.855 27.313 22.2036 77.4209 23.1948 35.4683 34.4384 68.5055 29.088 48.5999 47.4146 57.2451 46.7565 35.805 51.6236 25.318 58.8395 52.4741 62.1612 57.2451 61.6847 42.4182 51.9897 62.514 38.3275 50.2494 7.07107 33.2415 32.9848 10.7703 9.21954 20.0 16.5529 43.1393 36.8782 39.4081 39.8246 49.1868 63.3414 40.4974 19.6469 39.6187 17.088 61.2029 56.4358 55.095 47.2017 53.8199 52.8685 40.4599 57.4172 41.4367 23.4911 67.5816 51.3069 57.1402 57.0 40.6792 24.3311 32.573 48.8365 59.0339 43.0164 62.6418 41.3244 
14.0357 22.8254 0.0 73.1743 11.7047 23.4307 37.28 43.4166 11.6619 50.0699 18.868 36.2215 53.5259 37.9473 64.9556 60.0833 22.561 14.1421 57.7278 38.0132 38.1182 54.6717 49.3964 48.3456 33.131 26.2945 59.5051 25.6364 33.2415 49.5131 39.3954 66.2261 59.0598 75.6584 63.8912 63.5359 61.6757 33.8571 52.3927 28.7024 70.3603 21.9317 53.4628 55.3624 30.8058 29.7321 11.0 37.4833 65.2993 58.7963 62.1289 37.6431 32.702 50.0899 49.7721 39.4588 58.8763 30.4138 68.7288 53.4493 62.138 69.8928 73.0775 59.4543 63.0079 77.1069 34.939 42.7487 51.3517 30.1868 38.6005 50.8811 31.0526 20.6155 55.1543 70.8378 38.9483 75.728 62.7796 20.2043 
60.0738 64.6319 73.1743 0.0 69.4906 72.242 62.0351 94.4267 67.7178 23.1052 56.7957 98.1502 22.8191 85.2391 19.7231 48.8365 91.9285 81.9774 93.8616 80.3059 98.632 77.4726 85.703 59.5439 98.7899 91.1054 30.4138 91.2478 100.022 39.5601 82.4519 16.6433 15.6525 7.2111 22.8254 30.8058 22.8035 99.516 58.3095 97.6461 35.2278 71.2504 38.2753 50.0 53.8684 67.2161 78.5099 67.6742 72.7805 71.4703 64.5368 103.847 98.3609 66.4078 26.3224 45.2774 26.0 78.6566 10.0 42.1545 20.6155 68.469 15.0333 21.72 67.6831 13.6015 52.1077 42.6155 75.2861 95.8442 77.4145 49.0408 99.9964 58.5728 52.2015 77.1038 83.2166 45.6155 34.4093 85.8632 
14.1421 27.2029 11.7047 69.4906 0.0 31.0161 25.6155 54.037 18.0278 46.3862 14.0189 47.676 49.8422 47.676 61.272 60.9925 34.2053 25.7099 50.2195 46.8402 49.4975 61.4003 41.3401 47.9497 30.4229 23.5864 54.5065 22.3607 44.9222 44.5145 48.5077 62.5424 55.3762 72.7944 60.2075 58.5373 65.1123 31.1491 40.7922 37.5919 69.9644 29.1548 53.0669 56.6525 31.642 35.8469 22.3607 43.566 70.1783 64.0312 65.7951 49.3356 29.994 39.0128 46.0884 39.112 58.4804 39.2938 65.0452 48.4507 58.4544 73.5935 72.3619 55.7706 67.1789 74.2428 25.7145 42.3528 41.2311 27.1662 30.0167 39.2166 33.6748 15.6227 56.8808 75.9276 31.8904 72.8639 57.781 17.4962 
19.0263 8.60233 23.4307 72.242 31.0161 0.0 54.366 26.5707 13.0 51.0881 28.0179 26.1725 51.531 18.2483 66.3978 42.0119 20.3961 17.4642 80.6226 16.1245 26.9072 31.241 72.0069 36.6982 43.8296 44.4165 65.5515 48.7039 27.7849 59.5025 18.0278 67.3836 60.0842 69.7714 65.7647 70.0071 50.0283 47.2194 69.0652 33.0606 56.2939 2.0 39.5601 37.0135 18.6011 7.28011 16.5529 14.4222 42.4382 35.805 40.3113 31.6228 44.4165 69.1265 48.1076 26.8328 47.0731 9.05539 70.6913 64.289 63.6391 47.8539 61.2743 60.4787 40.7063 64.8715 48.0104 31.1013 72.1249 53.2543 60.8358 64.195 35.9089 31.0161 36.1248 47.8017 61.9112 50.6266 70.8378 36.1795 
35.4138 48.4166 37.28 62.0351 25.6155 54.366 0.0 79.0608 42.0135 41.7697 27.1359 73.2495 46.6356 72.0671 45.7922 75.9726 59.8179 51.3249 44.9625 70.4905 75.0357 82.4919 35.8869 68.6264 50.2769 42.5366 37.311 36.3847 70.521 26.0238 72.3647 48.566 49.4982 66.6621 43.0789 40.7771 59.2343 49.8219 25.2237 59.2278 80.9499 52.3814 67.5035 71.9936 48.4192 57.6308 47.9535 64.7746 88.7305 83.2624 83.0982 74.9214 49.5982 24.9249 44.0768 53.8961 67.7119 63.2151 54.163 27.8035 43.4708 90.707 66.4839 49.8927 84.9919 68.3649 10.099 57.1369 30.0 41.2353 25.8806 23.6011 55.3107 24.3132 72.606 94.5602 31.3059 71.1096 39.1321 39.1322 
44.7214 34.9285 43.4166 94.4267 54.037 26.5707 79.0608 0.0 37.2156 77.4207 53.9351 12.2066 75.2477 9.21954 92.7304 56.3649 23.7065 30.0832 99.9361 14.2127 10.2956 29.0172 92.2874 60.4149 52.4309 55.0091 92.1141 62.7694 18.6011 86.0386 12.2066 93.7162 83.8009 91.956 92.1358 96.566 72.2129 56.0357 94.1913 36.1248 73.9256 28.4605 59.203 51.8845 43.2666 28.0179 32.5576 27.0185 44.0114 38.2099 46.8722 18.3848 53.2541 93.0484 71.8243 49.5782 69.3109 17.8885 94.408 90.576 89.9717 52.1536 83.4865 84.1954 45.3982 87.046 73.437 54.8179 94.7629 63.9531 81.8278 90.0944 42.0119 56.8859 50.0899 47.1699 81.3709 72.8112 97.4064 47.4388 
8.06226 11.1803 11.6619 67.7178 18.0278 13.0 42.0135 37.2156 0.0 44.6134 17.088 33.1059 48.0694 30.0666 59.5483 48.7647 21.9317 14.4222 67.7422 28.8617 34.5398 43.8292 59.0593 38.0192 40.5376 36.7845 57.5039 36.1264 32.2025 49.714 30.5941 60.8276 53.6033 71.0924 58.4962 61.975 51.3494 43.9274 57.0351 30.2667 60.0 11.1803 43.0116 43.9659 20.025 18.4391 11.1803 26.2488 53.8145 47.3814 50.4777 36.6197 41.1245 56.4358 44.3156 29.0 48.5499 21.3776 63.2723 53.7634 56.7274 58.2495 62.7511 53.9978 51.4004 66.3484 36.2215 32.4223 59.203 40.6768 47.8539 52.9528 32.6169 19.9249 43.6578 59.4138 49.0918 51.9476 62.6362 30.6943 
36.9693 42.544 50.0699 23.1052 46.3862 51.0881 41.7697 77.4207 44.6134 0.0 33.6913 76.5514 5.0 67.3648 17.72 43.1766 66.5268 58.8729 75.2396 62.8301 77.6092 64.6297 66.4831 40.1603 75.6854 68.8489 21.587 68.1433 76.5587 24.0832 65.052 17.8885 8.99072 26.409 18.1108 25.1794 18.7268 76.4115 43.1856 74.5417 42.0048 49.3607 30.6233 41.7732 34.4848 48.6785 55.4055 51.0076 64.2806 61.0 56.5685 80.8904 75.2565 49.6488 5.0 28.4429 25.6336 59.5342 19.105 28.6007 15.2971 62.586 25.9764 9.38516 59.4138 27.8574 31.832 22.3607 57.8014 72.7398 57.3107 33.9411 76.892 35.4684 43.566 69.5845 63.0756 34.561 27.6586 62.7587 
9.21954 21.3776 18.868 56.7957 14.0189 28.0179 27.1359 53.9351 17.088 33.6913 0.0 50.1597 37.1473 46.1736 48.577 50.2389 38.2753 30.0 64.0161 44.0114 51.6236 55.3624 55.0499 37.1473 43.3181 36.4816 46.5203 35.776 48.8774 32.657 46.0 49.8475 42.6812 60.0995 47.5126 50.9914 52.4173 44.0442 41.1947 45.3831 59.162 26.0192 42.2645 46.2277 22.0227 30.5941 26.4008 37.6431 62.1289 56.4358 56.8507 53.3385 42.8891 42.0595 33.3935 28.1623 47.678 37.054 52.3502 36.7064 45.7595 64.5368 59.6669 43.0757 58.6003 61.5479 20.0998 31.5504 47.1359 40.3725 43.6713 36.2215 47.7334 3.0 46.7547 67.9559 45.8257 60.169 45.9235 30.3914 
41.1461 34.6554 36.2215 98.1502 47.676 26.1725 73.2495 12.2066 33.1059 76.5514 50.1597 0.0 77.4391 16.0 91.8368 63.3246 14.0357 22.0907 90.471 21.095 2.23607 39.4588 83.1865 62.6063 41.1825 44.5982 90.0614 52.8867 6.40312 82.6846 20.0 92.8468 85.9924 95.2151 90.9725 94.5326 75.9365 44.7772 88.459 24.4131 79.8499 27.5862 63.9531 58.5235 44.6878 30.5287 25.318 32.573 54.3323 48.0937 56.0357 7.0 42.0595 86.2844 76.2536 52.4309 72.6705 20.1246 95.2103 86.7295 89.0505 62.0725 86.8738 86.3868 55.0091 90.471 68.4594 57.0094 87.023 53.4883 73.3348 85.4438 30.5287 52.9245 57.0088 58.0517 72.1803 76.5347 95.1938 38.3275 
40.4253 43.9208 53.5259 22.8191 49.8422 51.531 46.6356 75.2477 48.0694 5.0 37.1473 77.4391 0.0 66.0374 20.025 48.8369 69.9828 62.3289 80.1124 61.5027 77.921 62.3699 71.3557 38.8328 79.1414 72.3049 25.632 71.5993 80.0147 29.0 63.7245 19.4168 8.70457 26.1228 21.095 28.8617 18.4407 79.8675 48.1664 77.9977 41.7187 50.5394 36.356 38.2617 33.1574 47.3511 58.8615 49.6588 61.0328 58.1378 53.1584 83.1356 78.7125 54.6443 4.47214 26.5707 25.3475 57.9455 19.3117 33.4215 18.0278 68.7386 25.6903 9.09902 56.0803 27.5712 36.6979 20.6155 62.7694 76.1958 62.1767 38.8973 80.348 38.9244 40.1213 66.1962 67.9415 31.0263 31.6228 66.2147 
37.054 26.2488 37.9473 85.2391 47.676 18.2483 72.0671 9.21954 30.0666 67.3648 46.1736 16.0 66.0374 0.0 83.8621 48.1041 22.0227 26.0768 95.6606 5.38516 15.1327 23.7697 87.3296 51.2046 50.9117 52.2015 83.4865 59.4054 21.3776 77.6885 4.0 84.8478 74.5906 82.7685 83.2677 87.9204 63.0254 54.4518 87.0 36.0555 65.2993 20.2237 50.2195 43.4626 34.1321 18.868 27.7308 18.0278 38.4708 32.1403 40.05 23.0 51.6236 86.4696 62.614 40.3609 60.1415 9.21954 85.1978 82.475 81.1034 46.0977 74.3303 74.9851 39.0128 77.8974 66.0303 45.607 88.8426 61.0408 76.5376 82.3893 41.2311 49.163 41.7852 42.45 76.8812 63.6236 88.8876 43.966 
51.8688 57.8537 64.9556 19.7231 61.272 66.3978 45.7922 92.7304 59.5483 17.72 48.577 91.8368 20.025 83.8621 0.0 58.5491 81.4921 73.7593 75.1332 80.1565 92.9139 82.201 67.3647 57.8803 88.6031 82.8867 10.7703 72.1769 91.6788 21.0238 82.3772 3.16228 17.2627 26.4008 3.16228 11.3137 28.1603 90.0967 38.8973 89.4325 49.6588 64.6704 46.1736 58.0775 52.2048 65.2904 70.2942 68.7276 81.0062 78.1601 73.0616 96.0469 88.4099 47.2969 22.561 46.0977 34.7131 74.8439 9.84886 22.8035 2.82843 78.5175 30.8058 19.0 76.0263 31.1448 36.1386 40.025 56.2939 77.0275 60.0333 29.8329 93.823 50.3541 60.0333 86.093 66.1211 27.0 14.8661 77.6445 
47.4236 37.855 60.0833 48.8365 60.9925 42.0119 75.9726 56.3649 48.7647 43.1766 50.2389 63.3246 48.8369 48.1041 58.5491 0.0 62.0725 59.2115 110.935 42.72 62.9365 31.8277 101.86 37.2389 85.6177 83.0668 64.763 82.4086 67.2681 65.7419 44.3847 57.2189 41.3038 43.9659 60.0167 68.0894 30.4138 89.0075 83.4166 75.06 18.3848 42.107 12.6491 5.0 29.5466 35.0143 57.5587 30.8058 24.0416 23.8537 15.8114 70.0928 86.2046 88.7257 38.3356 22.2036 24.0208 43.7379 54.0093 70.6824 56.8859 20.025 34.4819 47.7379 18.9737 37.3363 69.9179 25.4951 96.265 86.9591 91.8532 74.8013 77.697 52.1632 6.32456 28.2843 92.7993 32.6155 70.835 76.9766 
29.8329 27.313 22.561 91.9285 34.2053 20.3961 59.8179 23.7065 21.9317 66.5268 38.2753 14.0357 69.9828 22.0227 81.4921 62.0725 0.0 8.544 76.6551 25.0599 16.1245 44.7214 69.2315 56.3847 29.0689 31.305 79.4353 39.2173 10.7703 70.2977 25.2389 82.7587 75.5167 89.4579 80.4276 83.9064 69.7148 32.6497 74.9533 14.3178 76.6877 20.8806 59.9083 57.0789 38.0789 27.074 12.083 32.249 58.5235 51.8652 58.2495 15.2315 29.8329 72.4439 66.229 46.8188 66.9154 19.6469 85.1857 74.2496 78.6745 65.2534 81.1166 75.9111 57.9741 84.7138 55.7397 50.7878 73.0068 40.2492 59.3043 72.7241 19.2094 40.8167 56.0089 63.1585 58.2495 70.3131 83.5643 24.3311 
21.9317 22.2036 14.1421 81.9774 25.7099 17.4642 51.3249 30.0832 14.4222 58.8729 30.0 22.0907 62.3289 26.0768 73.7593 59.2115 8.544 0.0 71.2604 27.5862 24.0208 46.4004 63.6117 51.0512 26.4131 27.0 71.7025 34.2025 19.3132 61.8167 28.4253 75.0297 67.8629 84.1245 72.6948 75.8395 64.3814 29.8029 66.4906 16.1245 72.4431 17.1172 55.4437 54.231 32.7567 24.7386 3.60555 31.3847 59.0593 52.3546 57.5847 23.7697 27.0 64.195 58.5751 41.7732 61.582 20.6155 77.5319 65.7541 70.9417 65.0 75.7831 68.2573 57.7754 79.3804 47.2437 45.4544 65.123 35.8378 53.4782 64.2281 18.4924 32.45 53.4603 64.1405 52.6952 64.9796 75.0832 18.7631 
64.2106 77.4209 57.7278 93.8616 50.2195 80.6226 44.9625 99.9361 67.7422 75.2396 64.0161 90.471 80.1124 95.6606 75.1332 110.935 76.6551 71.2604 0.0 95.7119 92.6499 111.517 9.21954 103.589 52.0096 46.3897 64.6297 37.6563 85.5102 54.3415 97.1172 78.2624 82.6378 99.3277 72.0069 66.1891 92.7125 49.0102 37.0135 68.3593 114.428 78.8923 102.466 106.956 81.6392 85.9826 68.335 93.7443 120.291 114.202 115.814 89.1067 51.0098 28.0713 77.555 88.8585 101.19 88.1022 84.7231 52.469 73.5459 123.609 99.7114 83.1202 117.228 101.592 44.7772 92.0994 19.0263 38.0526 20.5183 45.3982 62.2013 59.2757 107.568 126.057 18.7883 104.588 63.0714 52.4976 
35.1283 23.1948 38.0132 80.3059 46.8402 16.1245 70.4905 14.2127 28.8617 62.8301 44.0114 21.095 61.5027 5.38516 80.1565 42.72 25.0599 27.5862 95.7119 0.0 20.3961 19.6977 87.3212 46.6699 53.2635 54.0 80.0812 61.2025 26.0768 74.8131 2.23607 80.5502 70.0559 77.8332 79.5622 84.4808 58.0922 56.7274 85.1469 39.3573 59.9416 18.1108 45.0 38.0789 29.9666 14.8661 28.6007 12.8062 33.9559 27.4591 35.0 28.0713 53.9073 85.1898 58.0793 35.609 55.1543 7.61577 80.663 79.6304 77.3978 41.3038 69.3109 70.4504 34.1321 72.8629 64.0703 41.0488 88.0568 62.8378 76.3217 80.0562 44.1022 47.0106 36.4005 38.2753 76.9325 58.6905 85.6154 45.7631 
42.5441 35.4683 38.1182 98.632 49.4975 26.9072 75.0357 10.2956 34.5398 77.6092 51.6236 2.23607 77.921 15.1327 92.9139 62.9365 16.1245 24.0208 92.6499 20.3961 0.0 38.2099 85.3288 63.0882 43.4166 46.8188 91.2902 55.0818 8.48528 84.206 19.105 93.9047 86.4742 95.5498 92.1141 95.7613 76.4183 47.0106 90.2552 26.6271 79.7057 28.4253 64.0078 58.1893 45.2769 30.8058 27.1662 32.311 53.1507 47.0106 55.1453 8.24621 44.2945 88.2043 74.4976 52.8015 73.0068 20.2485 96.2681 88.2553 90.1388 61.0082 87.2009 86.8687 54.0093 90.802 70.1097 57.4913 89.0516 55.7136 75.4255 87.0919 32.7567 54.4243 56.6127 56.7186 74.3303 77.0165 96.4226 40.4475 
47.8539 34.4384 54.6717 77.4726 61.4003 31.241 82.4919 29.0172 43.8292 64.6297 55.3624 39.4588 62.3699 23.7697 82.201 31.8277 44.7214 46.4004 111.517 19.6977 38.2099 0.0 102.728 49.0135 72.4224 73.0104 85.0941 79.8661 45.1221 82.2982 19.9249 81.7863 66.4755 73.8241 82.7345 89.202 55.6736 75.8133 95.8172 59.0339 50.2096 32.8024 39.3573 28.6007 35.3553 25.5539 46.7547 17.8885 15.0 9.48683 18.7883 46.3897 73.0104 97.4064 59.6825 36.2215 51.4782 25.807 80.4105 87.367 79.9062 23.1948 64.4981 71.4685 16.7631 67.7422 75.0 42.2966 101.957 81.8483 91.4166 89.2693 63.6318 58.1893 26.4008 18.6815 92.9139 56.2719 91.0494 64.7735 
55.2444 68.5055 49.3964 85.703 41.3401 72.0069 35.8869 92.2874 59.0593 66.4831 55.0499 83.1865 71.3557 87.3296 67.3647 101.86 69.2315 63.6117 9.21954 87.3212 85.3288 102.728 0.0 94.5133 46.3897 40.0125 57.0789 31.0 78.5175 46.3897 88.7694 70.4557 74.0 90.956 64.2806 59.0085 83.9543 43.7379 30.4138 62.0 105.67 70.2353 93.3904 97.8804 72.673 77.1751 60.004 84.9058 111.325 105.236 106.848 82.2982 45.3982 21.3776 68.7968 79.7829 92.432 79.7057 76.7919 45.0111 65.6201 114.643 91.1108 74.5195 108.262 92.9731 35.7771 83.0238 13.0 32.3883 11.4018 38.0 56.0357 50.2001 98.4929 117.09 11.0454 95.8296 56.0803 44.911 
34.8035 29.088 48.3456 59.5439 47.9497 36.6982 68.6264 60.4149 38.0192 40.1603 37.1473 62.6063 38.8328 51.2046 57.8803 37.2389 56.3847 51.0512 103.589 46.6699 63.0882 49.0135 94.5133 0.0 77.2489 70.4124 60.0937 69.7068 64.4786 57.7056 48.8917 57.8803 47.386 57.0732 58.0977 64.2398 37.3301 77.975 72.9262 67.1421 46.0147 35.7065 29.1172 33.2603 18.3246 32.5183 48.4966 34.8473 51.5601 46.9285 45.121 68.3028 76.8199 77.4965 35.4094 15.1623 34.5307 43.1127 57.9932 62.8035 55.4166 52.4969 48.7319 47.7805 47.3412 52.3291 58.6887 18.4031 85.0357 74.3033 84.507 65.4509 69.4924 38.9244 33.9317 57.31 89.9323 37.9284 66.037 64.3222 
42.4853 48.5999 33.131 98.7899 30.4229 43.8296 50.2769 52.4309 40.5376 75.6854 43.3181 41.1825 79.1414 50.9117 88.6031 85.6177 29.0689 26.4131 52.0096 53.2635 43.4166 72.4224 46.3897 77.2489 0.0 7.81025 77.5879 16.1555 35.3412 66.3007 53.8145 89.8736 84.6754 102.094 87.5387 81.054 94.4115 3.60555 62.426 17.088 99.2636 43.5181 82.1979 80.6359 59.1262 51.0964 29.4131 57.6547 85.2407 78.5333 83.8774 38.2753 1.0 56.8243 75.3876 68.243 87.7796 46.6154 94.3444 68.0804 85.7855 91.2637 101.661 85.0698 84.0285 103.542 50.3759 71.652 54.0833 14.0357 39.2173 63.6553 10.7703 44.9219 79.8568 90.2766 35.6931 102.163 79.409 15.1327 
35.6488 47.4146 26.2945 91.1054 23.5864 44.4165 42.5366 55.0091 36.7845 68.8489 36.4816 44.5982 72.3049 52.2015 82.8867 83.0668 31.305 27.0 46.3897 54.0 46.8188 73.0104 40.0125 70.4124 7.81025 0.0 69.8476 9.05539 39.2938 58.5604 54.7321 84.1572 77.8389 95.2571 75.6155 73.3137 87.575 7.61577 54.6443 22.0227 92.4271 44.105 75.3614 78.5876 53.5373 51.6833 30.0 58.2415 85.8276 79.1202 84.4643 42.7551 7.07107 49.1935 68.5511 61.4065 80.9431 47.2036 86.6599 60.3402 80.0691 91.8506 94.8246 78.2333 84.6154 96.7055 42.6357 64.8155 46.8402 8.94427 32.0156 55.8659 16.0312 38.0854 78.659 90.8635 29.0689 95.3267 71.6687 10.7703 
49.8121 57.2451 59.5051 30.4138 54.5065 65.5515 37.311 92.1141 57.5039 21.587 46.5203 90.0614 25.632 83.4865 10.7703 64.763 79.4353 71.7025 64.6297 80.0812 91.2902 85.0941 57.0789 60.0937 77.5879 69.8476 0.0 63.6957 89.6317 11.4018 82.28 13.9284 24.6982 36.8917 7.61577 4.47214 34.8126 77.1329 28.1603 86.9219 57.9828 63.6946 52.2097 63.3482 50.8035 65.2534 68.2374 70.0357 85.7088 82.1523 78.0897 94.0154 76.9092 36.6742 26.4764 49.0 41.7194 74.3303 20.6155 12.1655 10.0 84.1724 40.3113 25.4709 80.895 41.1096 28.178 43.0116 45.7056 68.5463 50.3587 19.2354 87.0575 39.7823 65.1153 91.0824 56.5685 56.1475 6.08276 70.879 
34.9907 46.7565 25.6364 91.2478 22.3607 48.7039 36.3847 62.7694 36.1264 68.1433 35.776 52.8867 71.5993 59.4054 72.1769 82.4086 39.2173 34.2025 37.6563 61.2025 55.0818 79.8661 31.0 69.7068 16.1555 9.05539 63.6957 0.0 47.8539 52.4085 61.9346 74.9508 77.1333 94.5515 69.4636 67.1618 86.8694 14.4222 46.8615 31.0 91.7215 47.0686 74.702 77.9295 52.8792 54.5649 37.2025 62.374 89.8327 83.4591 86.084 51.4782 15.2315 40.8167 67.8456 60.747 80.2375 54.4061 80.5477 54.0833 69.8555 93.8914 94.119 77.5277 87.2125 95.9999 36.4837 64.11 37.9473 5.09902 23.0868 49.0408 25.0799 37.3798 78.0008 95.4762 20.025 94.6211 65.5134 15.8114 
40.2244 35.805 33.2415 100.022 44.9222 27.7849 70.521 18.6011 32.2025 76.5587 48.8774 6.40312 80.0147 21.3776 91.6788 67.2681 10.7703 19.3132 85.5102 26.0768 8.48528 45.1221 78.5175 64.4786 35.3412 39.2938 89.6317 47.8539 0.0 81.0306 25.318 92.8493 87.8646 97.5518 90.6241 94.1029 77.8087 38.9102 85.6218 18.3576 83.1685 28.8444 66.8506 62.3699 46.3249 33.2415 22.8473 36.4966 59.8415 53.4603 61.0328 4.47214 36.2491 82.9045 76.2609 54.5894 74.8443 23.5372 95.2176 85.0 88.8651 67.3647 89.0455 85.9431 60.208 92.6427 66.4907 58.8817 83.0542 48.0833 69.029 83.4751 24.5967 51.4782 61.0 63.7887 67.4759 78.407 94.2971 34.0 
41.865 51.6236 49.5131 39.5601 44.5145 59.5025 26.0238 86.0386 49.714 24.0832 32.657 82.6846 29.0 77.6885 21.0238 65.7419 70.2977 61.8167 54.3415 74.8131 84.206 82.2982 46.3897 57.7056 66.3007 58.5604 11.4018 52.4085 81.0306 0.0 76.9415 24.0832 30.0 45.31 18.0 14.7648 39.7424 65.8457 19.4165 75.2516 63.0204 57.5827 53.2397 63.6946 47.0425 60.2993 58.2297 66.0076 85.0581 80.6341 77.8346 85.5027 65.622 26.9258 28.0179 48.8679 46.6492 68.4695 30.4138 5.09902 19.2354 84.5044 46.8722 30.4008 80.4463 48.3735 17.2047 41.8887 35.7351 57.2591 39.1152 10.0 71.3345 29.7903 65.192 90.6264 45.2769 57.1774 13.4536 55.156 
37.054 25.318 39.3954 82.4519 48.5077 18.0278 72.3647 12.2066 30.5941 65.052 46.0 20.0 63.7245 4.0 82.3772 44.3847 25.2389 28.4253 97.1172 2.23607 19.105 19.9249 88.7694 48.8917 53.8145 54.7321 82.28 61.9346 25.318 76.9415 0.0 82.772 72.2778 79.9812 81.7829 86.6833 60.2382 57.3149 87.0919 39.4462 61.7738 20.025 47.0106 39.8121 32.2025 17.088 29.6816 14.8661 34.5254 28.1603 36.0555 27.0 54.4885 86.9826 60.3011 37.8021 57.28 9.21954 82.8849 81.7441 79.6185 42.107 71.4213 72.6722 35.0143 74.9667 66.0303 43.2666 89.7385 63.57 77.8332 82.0975 44.4072 49.0 38.0789 38.6005 78.3378 60.8365 87.8009 46.4952 
53.1393 58.8395 66.2261 16.6433 62.5424 67.3836 48.566 93.7162 60.8276 17.8885 49.8475 92.8468 19.4168 84.8478 3.16228 57.2189 82.7587 75.0297 78.2624 80.5502 93.9047 81.7863 70.4557 57.8803 89.8736 84.1572 13.9284 74.9508 92.8493 24.0832 82.772 0.0 16.0 23.4307 6.32456 14.2127 27.0 91.3671 42.0595 90.703 47.5395 65.6561 45.0111 57.0 52.2048 66.3986 71.5647 68.7276 80.025 77.4374 72.0 97.1854 89.6803 50.448 22.4722 45.8803 33.2415 75.8297 6.7082 25.9615 5.09902 77.2334 28.3019 18.3178 75.0067 28.4253 38.833 39.8497 59.439 79.8014 63.0079 32.9848 95.0935 51.6246 59.0085 85.0059 69.0652 50.1182 17.8045 78.915 
45.9593 52.4741 59.0598 15.6525 55.3762 60.0842 49.4982 83.8009 53.6033 8.99072 42.6812 85.9924 8.70457 74.5906 17.2627 41.3038 75.5167 67.8629 82.6378 70.0559 86.4742 66.4755 74.0 47.386 84.6754 77.8389 24.6982 77.1333 87.8646 30.0 72.2778 16.0 0.0 18.0278 18.9737 27.313 11.0 85.4015 49.4065 83.5316 33.2866 59.0926 29.0172 41.0 41.7106 55.9043 64.3954 58.2316 64.0312 61.5224 56.0 91.6888 84.2464 56.4358 12.2079 35.2283 17.4642 66.4987 14.3178 33.9706 15.8114 61.2944 17.0 7.60555 59.0085 18.9737 39.5605 29.2376 64.846 81.7297 65.0392 40.0 85.8819 44.4583 43.0116 69.0072 70.7028 34.2036 30.4138 71.7487 
63.3775 62.1612 75.6584 7.2111 72.7944 69.7714 66.6621 91.956 71.0924 26.409 60.0995 95.2151 26.1228 82.7685 26.4008 43.9659 89.4579 84.1245 99.3277 77.8332 95.5498 73.8241 90.956 57.0732 102.094 95.2571 36.8917 94.5515 97.5518 45.31 79.9812 23.4307 18.0278 0.0 29.4109 37.6431 21.6333 102.82 64.405 100.215 29.0 68.7798 34.4819 45.6946 51.3978 64.7454 81.5698 65.192 68.0074 67.2309 59.7746 101.376 101.665 72.2357 29.6261 42.8067 22.8035 75.3489 16.9706 48.3011 26.9258 63.1506 9.48683 25.0238 62.9365 7.0 56.7244 40.1448 80.9938 99.148 82.201 55.0364 102.566 61.8766 47.927 72.0347 87.8667 43.1448 41.2311 89.1669 
50.8044 57.2451 63.8912 22.8254 60.2075 65.7647 43.0789 92.1358 58.4962 18.1108 47.5126 90.9725 21.095 83.2677 3.16228 60.0167 80.4276 72.6948 72.0069 79.5622 92.1141 82.7345 64.2806 58.0977 87.5387 75.6155 7.61577 69.4636 90.6241 18.0 81.7829 6.32456 18.9737 29.4109 0.0 8.60233 29.6142 82.9007 35.7351 88.3681 51.8845 64.0078 47.5358 59.3477 49.9427 64.6961 69.2298 68.945 82.0975 79.0253 74.2444 95.0077 87.3454 44.1475 23.0868 46.5296 36.4005 74.2496 13.0 19.6469 3.16228 79.9184 33.4215 20.2788 77.1622 33.9411 33.5261 40.4475 53.1507 74.3142 57.0789 26.6833 92.7586 49.2897 61.2074 87.2822 63.1981 52.1123 12.0416 76.5801 
54.2832 61.6847 63.5359 30.8058 58.5373 70.0071 40.7771 96.566 61.975 25.1794 50.9914 94.5326 28.8617 87.9204 11.3137 68.0894 83.9064 75.8395 66.1891 84.4808 95.7613 89.202 59.0085 64.2398 81.054 73.3137 4.47214 67.1618 94.1029 14.7648 86.6833 14.2127 27.313 37.6431 8.60233 0.0 37.6933 80.599 29.2746 90.9528 60.4152 68.1542 55.7382 66.9104 55.109 69.6419 72.2526 74.3303 89.4539 86.0523 81.7435 98.4865 80.3753 38.1182 30.1496 53.0377 44.5982 78.7718 20.8087 14.1421 11.6619 87.701 42.0119 28.3516 84.5931 42.45 31.9061 47.0106 47.1699 72.0124 52.9528 21.0238 86.0878 43.8132 68.7314 94.7629 59.2284 59.676 3.60555 69.9092 
48.1337 42.4182 61.6757 22.8035 65.1123 50.0283 59.2343 72.2129 51.3494 18.7268 52.4173 75.9365 18.4407 63.0254 28.1603 30.4138 69.7148 64.3814 92.7125 58.0922 76.4183 55.6736 83.9543 37.3301 94.4115 87.575 34.8126 86.8694 77.8087 39.7424 60.2382 27.0 11.0 21.6333 29.6142 37.6933 0.0 95.1376 59.1456 80.4723 24.7588 49.0367 18.0278 30.0 31.6547 45.0023 61.8267 45.4605 53.0377 50.636 45.0 81.6329 93.9825 66.181 21.944 23.0637 7.2111 55.6058 24.7386 43.7555 26.4764 50.3587 15.2971 17.3417 48.0104 18.6815 49.2966 20.4018 74.6116 91.4658 75.1149 49.7422 82.8226 54.1944 32.0156 58.0086 80.5402 23.4018 40.6547 81.4848 
43.2114 51.9897 33.8571 99.516 31.1491 47.2194 49.8219 56.0357 43.9274 76.4115 44.0442 44.7772 79.8675 54.4518 90.0967 89.0075 32.6497 29.8029 49.0102 56.7274 47.0106 75.8133 43.7379 77.975 3.60555 7.61577 77.1329 14.4222 38.9102 65.8457 57.3149 91.3671 85.4015 102.82 82.9007 80.599 95.1376 0.0 61.2209 20.6155 99.9897 46.9079 82.9241 84.0256 61.0999 54.4862 32.8029 61.0444 88.6305 81.9231 87.2672 41.7852 2.82843 55.2268 76.1138 68.9691 88.5057 50.0065 93.8699 67.6254 87.2791 94.6535 102.387 85.7959 87.4183 104.268 49.9209 72.3782 52.0 11.4018 37.1618 62.9682 14.3178 45.648 83.2465 93.6664 33.2415 102.889 78.954 17.0294 
50.04 62.514 52.3927 58.3095 40.7922 69.0652 25.2237 94.1913 57.0351 43.1856 41.1947 88.459 48.1664 87.0 38.8973 83.4166 74.9533 66.4906 37.0135 85.1469 90.2552 95.8172 30.4138 72.9262 62.426 54.6443 28.1603 46.8615 85.6218 19.4165 87.0919 42.0595 49.4065 64.405 35.7351 29.2746 59.1456 61.2209 0.0 73.4098 82.4236 67.0671 71.0644 81.2311 61.2466 71.7008 63.1506 78.4474 100.546 95.7364 94.1081 90.0271 61.6117 9.05539 46.6905 64.1494 66.0524 78.0256 48.7032 16.1555 37.6962 101.423 66.2873 49.8039 96.3283 67.7422 21.095 59.4165 18.0 50.9313 26.9258 9.43398 68.884 38.2099 82.8579 106.297 33.121 75.0079 26.0768 53.3104 
37.5729 38.3275 28.7024 97.6461 37.5919 33.0606 59.2278 36.1248 30.2667 74.5417 45.3831 24.4131 77.9977 36.0555 89.4325 75.06 14.3178 16.1245 68.3593 39.3573 26.6271 59.0339 62.0 67.1421 17.088 22.0227 86.9219 31.0 18.3576 75.2516 39.4462 90.703 83.5316 100.215 88.3681 90.9528 80.4723 20.6155 73.4098 0.0 88.5664 33.0 71.5681 70.0643 48.8365 40.1995 19.1421 46.0977 72.8011 66.1287 72.2772 21.1896 18.0278 69.2604 74.2439 57.8705 77.6728 33.8378 93.2006 77.0313 86.6149 79.404 91.874 83.9261 72.1249 95.4713 59.3268 61.5453 68.0661 30.4138 53.4603 72.8289 6.32456 47.7427 69.1809 77.4726 51.0098 81.0705 88.3599 20.1246 
56.8182 50.2494 70.3603 35.2278 69.9644 56.2939 80.9499 73.9256 60.0 42.0048 59.162 79.8499 41.7187 65.2993 49.6588 18.3848 76.6877 72.4431 114.428 59.9416 79.7057 50.2096 105.67 46.0147 99.2636 92.4271 57.9828 91.7215 83.1685 63.0204 61.7738 47.5395 33.2866 29.0 51.8845 60.4152 24.7588 99.9897 82.4236 88.5664 0.0 55.9017 17.0294 22.2036 40.0125 50.0 70.1783 47.4236 41.1825 42.0119 33.2866 86.3771 98.8347 89.7815 45.222 31.0 17.8045 59.808 42.72 67.0335 48.7647 35.1141 20.2237 40.6197 36.3593 22.0 71.0122 30.5941 97.3592 96.318 96.8306 73.0202 90.9236 60.9391 24.2074 44.3847 102.256 33.8403 63.6318 86.3369 
17.0294 7.07107 21.9317 71.2504 29.1548 2.0 52.3814 28.4605 11.1803 49.3607 26.0192 27.5862 50.5394 20.2237 64.6704 42.107 20.8806 17.1172 78.8923 18.1108 28.4253 32.8024 70.2353 35.7065 43.5181 44.105 63.6946 47.0686 28.8444 57.5827 20.025 65.6561 59.0926 68.7798 64.0078 68.1542 49.0367 46.9079 67.0671 33.0 55.9017 0.0 39.0512 37.1214 17.4929 8.06226 15.8114 15.6205 43.6005 37.0135 41.1461 32.8024 44.105 67.1863 47.1159 26.0 46.1789 11.0454 68.0196 62.3692 61.9117 48.7647 60.4384 59.487 41.6773 64.0357 46.0109 30.1097 70.214 51.619 59.0339 62.2013 35.5974 29.0172 36.3456 49.0408 60.208 49.6349 68.9493 41.6365 
39.9208 33.2415 53.4628 38.2753 53.0669 39.5601 67.5035 59.203 43.0116 30.6233 42.2645 63.9531 36.356 50.2195 46.1736 12.6491 59.9083 55.4437 102.466 45.0 64.0078 39.3573 93.3904 29.1172 82.1979 75.3614 52.2097 74.702 66.8506 53.2397 47.0106 45.0111 29.0172 34.4819 47.5358 55.7382 18.0278 82.9241 71.0644 71.5681 17.0294 39.0512 0.0 12.0416 23.0 33.6155 53.1507 32.2025 35.1283 33.2415 27.0185 70.2638 81.769 76.3736 25.7823 14.0357 12.3693 43.8292 42.2966 58.1522 44.4099 32.3883 25.2389 35.257 30.0666 28.6007 57.5658 14.7648 83.9128 79.2537 83.3842 62.434 73.9206 44.0416 14.1421 40.0 88.8094 20.0623 58.2818 69.2712 
42.9418 32.9848 55.3624 50.0 56.6525 37.0135 71.9936 51.8845 43.9659 41.7732 46.2277 58.5235 38.2617 43.4626 58.0775 5.0 57.0789 54.231 106.956 38.0789 58.1893 28.6007 97.8804 33.2603 80.6359 78.5876 63.3482 77.9295 62.3699 63.6946 39.8121 57.0 41.0 45.6946 59.3477 66.9104 30.0 84.0256 81.2311 70.0643 22.2036 37.1214 12.0416 0.0 25.0599 30.0167 52.6118 25.9615 23.0868 21.5407 15.0 65.2534 81.2228 86.5402 36.8782 18.3848 24.3311 38.833 54.3323 68.7095 56.2575 20.8806 36.2491 47.1045 18.0278 39.3573 67.7324 22.4722 91.8525 82.4799 87.8742 72.6158 72.7152 48.1841 2.23607 28.0179 88.4593 31.2354 69.4262 72.4974 
17.8885 10.7703 30.8058 53.8684 31.642 18.6011 48.4192 43.2666 20.025 34.4848 22.0227 44.6878 33.1574 34.1321 52.2048 29.5466 38.0789 32.7567 81.6392 29.9666 45.2769 35.3553 72.673 18.3246 59.1262 53.5373 50.8035 52.8792 46.3249 47.0425 32.2025 52.2048 41.7106 51.3978 49.9427 55.109 31.6547 61.0999 61.2466 48.8365 40.0125 17.4929 23.0 25.0599 0.0 15.2643 30.2655 19.2354 40.3113 34.9285 34.8281 50.2195 59.9449 63.1352 29.734 9.05539 28.8508 25.6125 52.3177 52.0865 47.7784 42.5206 43.0565 42.1051 36.6197 46.6537 40.4761 12.7277 68.4192 57.4296 61.2944 53.9351 51.2055 24.4131 25.2389 46.1411 63.4488 32.2529 56.5685 47.4471 
22.4722 9.21954 29.7321 67.2161 35.8469 7.28011 57.6308 28.0179 18.4391 48.6785 30.5941 30.5287 47.3511 18.868 65.2904 35.0143 27.074 24.7386 85.9826 14.8661 30.8058 25.5539 77.1751 32.5183 51.0964 51.6833 65.2534 54.5649 33.2415 60.2993 17.088 66.3986 55.9043 64.7454 64.6961 69.6419 45.0023 54.4862 71.7008 40.1995 50.0 8.06226 33.6155 30.0167 15.2643 0.0 23.7697 7.81025 35.609 29.0689 33.1059 36.6742 51.6833 72.5556 43.9277 22.0227 42.2019 10.6301 66.5115 65.192 62.5317 40.7063 56.4004 56.2988 33.6155 60.0 50.636 26.9072 76.4532 59.1154 65.8635 66.0303 43.1758 33.541 29.0172 41.1096 67.424 46.4467 70.8308 49.1328 
18.4391 20.0 11.0 78.5099 22.3607 16.5529 47.9535 32.5576 11.1803 55.4055 26.4008 25.318 58.8615 27.7308 70.2942 57.5587 12.083 3.60555 68.335 28.6007 27.1662 46.7547 60.004 48.4966 29.4131 30.0 68.2374 37.2025 22.8473 58.2297 29.6816 71.5647 64.3954 81.5698 69.2298 72.2526 61.8267 32.8029 63.1506 19.1421 70.1783 15.8114 53.1507 52.6118 30.2655 23.7697 0.0 30.8869 58.8303 52.1536 56.8595 27.313 30.0 61.0737 55.1077 39.3192 59.0273 21.2603 74.0644 62.1691 67.4766 64.405 73.2285 64.7899 57.2451 76.8257 43.6618 42.8997 62.2896 38.8378 49.2702 60.6462 21.4924 28.8444 51.9711 64.0703 49.5556 62.425 71.4963 21.7631 
29.9666 16.5529 37.4833 67.6742 43.566 14.4222 64.7746 27.0185 26.2488 51.0076 37.6431 32.573 49.6588 18.0278 68.7276 30.8058 32.249 31.3847 93.7443 12.8062 32.311 17.8885 84.9058 34.8473 57.6547 58.2415 70.0357 62.374 36.4966 66.0076 14.8661 68.7276 58.2316 65.192 68.945 74.3303 45.4605 61.0444 78.4474 46.0977 47.4236 15.6205 32.2025 25.9615 19.2354 7.81025 30.8869 0.0 28.0179 21.4009 26.2488 39.2938 58.2415 79.6994 46.2567 23.3238 42.45 13.0384 68.8387 71.0 66.2639 33.6155 56.5685 58.626 26.4008 60.1082 57.4891 29.0689 84.0764 66.9244 73.5731 72.3516 49.6488 40.5216 24.5153 33.4215 75.213 46.0588 75.8024 56.9419 
56.0803 43.1393 65.2993 72.7805 70.1783 42.4382 88.7305 44.0114 53.8145 64.2806 62.1289 54.3323 61.0328 38.4708 81.0062 24.0416 58.5235 59.0593 120.291 33.9559 53.1507 15.0 111.325 51.5601 85.2407 85.8276 85.7088 89.8327 59.8415 85.0581 34.5254 80.025 64.0312 68.0074 82.0975 89.4539 53.0377 88.6305 100.546 72.8011 41.1825 43.6005 35.1283 23.0868 40.3113 35.609 58.8303 28.0179 0.0 6.7082 8.24621 61.2944 85.8276 103.446 59.3043 37.6431 47.3814 39.0 77.4145 90.0996 79.0569 8.544 58.5235 70.0076 5.09902 61.3514 80.7874 43.1741 108.73 94.3831 99.946 93.011 76.9675 64.6607 21.0238 5.83095 102.069 54.0119 91.7878 84.4006 
50.0 36.8782 58.7963 71.4703 64.0312 35.805 83.2624 38.2099 47.3814 61.0 56.4358 48.0937 58.1378 32.1403 78.1601 23.8537 51.8652 52.3546 114.202 27.4591 47.0106 9.48683 105.236 46.9285 78.5333 79.1202 82.1523 83.4591 53.4603 80.6341 28.1603 77.4374 61.5224 67.2309 79.0253 86.0523 50.636 81.9231 95.7364 66.1287 42.0119 37.0135 33.2415 21.5407 34.9285 29.0689 52.1536 21.4009 6.7082 0.0 9.43398 55.0818 79.1202 98.0008 56.0 33.3766 45.607 32.311 75.3127 85.732 76.0592 14.0 57.7754 67.1981 7.28011 60.8358 75.3418 39.2046 103.262 88.0095 93.8569 88.3233 70.2638 59.0593 19.3132 12.0416 95.901 51.3192 88.2043 78.027 
51.6624 39.4081 62.1289 64.5368 65.7951 40.3113 83.0982 46.8722 50.4777 56.5685 56.8507 56.0357 53.1584 40.05 73.0616 15.8114 58.2495 57.5847 115.814 35.0 55.1453 18.7883 106.848 45.121 83.8774 84.4643 78.0897 86.084 61.0328 77.8346 36.0555 72.0 56.0 59.7746 74.2444 81.7435 45.0 87.2672 94.1081 72.2772 33.2866 41.1461 27.0185 15.0 34.8281 33.1059 56.8595 26.2488 8.24621 9.43398 0.0 63.0317 84.4643 97.8142 51.6236 30.8707 39.2046 38.6394 69.2604 82.8761 71.1861 7.81025 50.2892 62.0775 3.16228 53.1413 75.1551 36.0555 103.098 90.6345 95.4693 86.5719 75.8947 59.203 13.0384 13.0384 97.6237 46.1321 84.1724 80.652 
44.6542 39.8246 37.6431 103.847 49.3356 31.6228 74.9214 18.3848 36.6197 80.8904 53.3385 7.0 83.1356 23.0 96.0469 70.0928 15.2315 23.7697 89.1067 28.0713 8.24621 46.3897 82.2982 68.3028 38.2753 42.7551 94.0154 51.4782 4.47214 85.5027 27.0 97.1854 91.6888 101.376 95.0077 98.4865 81.6329 41.7852 90.0271 21.1896 86.3771 32.8024 70.2638 65.2534 50.2195 36.6742 27.313 39.2938 61.2944 55.0818 63.0317 0.0 39.2173 87.1374 80.5926 58.3095 78.5493 26.5707 99.5493 89.4707 93.2363 69.0652 92.7749 92.0833 62.0081 96.3722 70.9608 62.7059 87.1436 51.4198 73.0 87.9452 27.5136 55.9464 63.7887 64.9384 71.2531 82.2311 98.7692 38.0526 
42.0563 49.1868 32.702 98.3609 29.994 44.4165 49.5982 53.2541 41.1245 75.2565 42.8891 42.0595 78.7125 51.6236 88.4099 86.2046 29.8329 27.0 51.0098 53.9073 44.2945 73.0104 45.3982 76.8199 1.0 7.07107 76.9092 15.2315 36.2491 65.622 54.4885 89.6803 84.2464 101.665 87.3454 80.3753 93.9825 2.82843 61.6117 18.0278 98.8347 44.105 81.769 81.2228 59.9449 51.6833 30.0 58.2415 85.8276 79.1202 84.4643 39.2173 0.0 55.9464 74.9587 67.814 87.3507 47.2036 93.9154 67.4017 85.5923 91.8506 101.232 84.6409 84.6154 103.113 49.6972 71.2231 53.1413 13.0384 38.2753 62.9365 11.7047 44.4929 80.4437 90.8635 34.7131 101.734 78.7303 15.0333 
50.3387 63.3414 50.0899 66.4078 39.0128 69.1265 24.9249 93.0484 56.4358 49.6488 42.0595 86.2844 54.6443 86.4696 47.2969 88.7257 72.4439 64.195 28.0713 85.1898 88.2043 97.4064 21.3776 77.4965 56.8243 49.1935 36.6742 40.8167 82.9045 26.9258 86.9826 50.448 56.4358 72.2357 44.1475 38.1182 66.181 55.2268 9.05539 69.2604 89.7815 67.1863 76.3736 86.5402 63.1352 72.5556 61.0737 79.6994 103.446 98.0008 97.8142 87.1374 55.9464 0.0 52.6308 68.6588 76.5435 77.7823 57.0088 24.5153 45.8803 105.993 73.4302 56.8394 99.7079 75.1332 22.8254 71.8996 9.05539 44.4072 19.105 17.4642 64.2573 39.2173 87.4282 109.276 25.0 79.9412 35.0143 49.4773 
36.6716 40.4974 49.7721 26.3224 46.0884 48.1076 44.0768 71.8243 44.3156 5.0 33.3935 76.2536 4.47214 62.614 22.561 38.3356 66.229 58.5751 77.555 58.0793 74.4976 59.6825 68.7968 35.4094 75.3876 68.5511 26.4764 67.8456 76.2609 28.0179 60.3011 22.4722 12.2079 29.6261 23.0868 30.1496 21.944 76.1138 46.6905 74.2439 45.222 47.1159 25.7823 36.8782 29.734 43.9277 55.1077 46.2567 59.3043 56.0 51.6236 80.5926 74.9587 52.6308 0.0 23.5372 26.3224 54.5221 22.815 32.7567 20.2237 57.7235 29.1936 12.6023 54.4518 31.0745 34.1391 17.4642 60.4649 72.442 59.9574 37.6431 76.5942 35.1706 38.6394 64.6297 65.3827 29.72 32.5576 62.4609 
25.9615 19.6469 39.4588 45.2774 39.112 26.8328 53.8961 49.5782 29.0 28.4429 28.1623 52.4309 26.5707 40.3609 46.0977 22.2036 46.8188 41.7732 88.8585 35.609 52.8015 36.2215 79.7829 15.1623 68.243 61.4065 49.0 60.747 54.5894 48.8679 37.8021 45.8803 35.2283 42.8067 46.5296 53.0377 23.0637 68.9691 64.1494 57.8705 31.0 26.0 14.0357 18.3848 9.05539 22.0227 39.3192 23.3238 37.6431 33.3766 30.8707 58.3095 67.814 68.6588 23.5372 0.0 20.2485 32.6497 45.8354 53.9658 43.7379 38.0789 34.4654 35.6228 33.2415 38.0627 45.953 6.08276 73.755 65.2988 69.7767 56.6132 60.2303 30.0866 19.2094 43.3244 70.9188 23.6619 55.0091 55.3163 
45.3342 39.6187 58.8763 26.0 58.4804 47.0731 67.7119 69.3109 48.5499 25.6336 47.678 72.6705 25.3475 60.1415 34.7131 24.0208 66.9154 61.582 101.19 55.1543 73.0068 51.4782 92.432 34.5307 87.7796 80.9431 41.7194 80.2375 74.8443 46.6492 57.28 33.2415 17.4642 22.8035 36.4005 44.5982 7.2111 88.5057 66.0524 77.6728 17.8045 46.1789 12.3693 24.3311 28.8508 42.2019 59.0273 42.45 47.3814 45.607 39.2046 78.5493 87.3507 76.5435 26.3224 20.2485 0.0 52.8015 30.0666 50.6623 33.2415 44.0454 14.2127 24.2485 42.2966 17.8045 57.7742 17.6023 83.609 84.834 83.5925 56.649 80.0231 49.4551 26.4764 52.0865 89.0178 20.6023 47.5615 74.8529 
28.0 17.088 30.4138 78.6566 39.2938 9.05539 63.2151 17.8885 21.3776 59.5342 37.054 20.1246 57.9455 9.21954 74.8439 43.7379 19.6469 20.6155 88.1022 7.61577 20.2485 25.807 79.7057 43.1127 46.6154 47.2036 74.3303 54.4061 23.5372 68.4695 9.21954 75.8297 66.4987 75.3489 74.2496 78.7718 55.6058 50.0065 78.0256 33.8378 59.808 11.0454 43.8292 38.833 25.6125 10.6301 21.2603 13.0384 39.0 32.311 38.6394 26.5707 47.2036 77.7823 54.5221 32.6497 52.8015 0.0 77.1059 73.256 72.0852 45.607 67.0075 66.8932 38.3275 70.6045 57.0 37.4833 80.5233 56.0415 68.7095 73.2462 38.0132 40.05 37.4833 43.8292 69.3241 57.0411 79.6994 38.9667 
55.6283 61.2029 68.7288 10.0 65.0452 70.6913 54.163 94.408 63.2723 19.105 52.3502 95.2103 19.3117 85.1978 9.84886 54.0093 85.1857 77.5319 84.7231 80.663 96.2681 80.4105 76.7919 57.9932 94.3444 86.6599 20.6155 80.5477 95.2176 30.4138 82.8849 6.7082 14.3178 16.9706 13.0 20.8087 24.7386 93.8699 48.7032 93.2006 42.72 68.0196 42.2966 54.3323 52.3177 66.5115 74.0644 68.8387 77.4145 75.3127 69.2604 99.5493 93.9154 57.0088 22.815 45.8354 30.0666 77.1059 0.0 32.573 11.1803 74.0 22.8473 18.2127 72.3395 22.4722 44.2838 39.8447 65.9697 85.3983 69.029 39.5601 97.5962 54.1273 56.4358 82.1523 75.0 48.1386 24.4131 81.4177 
45.9144 56.4358 53.4493 42.1545 48.4507 64.289 27.8035 90.576 53.7634 28.6007 36.7064 86.7295 33.4215 82.475 22.8035 70.6824 74.2496 65.7541 52.469 79.6304 88.2553 87.367 45.0111 62.8035 68.0804 60.3402 12.1655 54.0833 85.0 5.09902 81.7441 25.9615 33.9706 48.3011 19.6469 14.1421 43.7555 67.6254 16.1555 77.0313 67.0335 62.3692 58.1522 68.7095 52.0865 65.192 62.1691 71.0 90.0996 85.732 82.8761 89.4707 67.4017 24.5153 32.7567 53.9658 50.6623 73.256 32.573 0.0 21.5407 89.5377 50.6063 34.4138 85.4878 51.8652 19.8494 46.9301 33.541 58.8303 38.833 7.07107 73.1142 33.8397 70.2282 95.6679 45.1221 62.0899 11.7047 56.9357 
