NAME  : Jabali_80_2_0.93_1_7
TYPE : SVRP
MODEL : FINITE_SUPPORT
NUMBER_OF_SCENARIOS : 200
DIMENSION : 80
EDGE_WEIGHT_TYPE : MATRIX
CAPACITY : 228
N_VEHICLES : 2
NODE_COORD_SECTION
1 3657 4465
2 7030 1313
3 2544 3128
4 3297 5423
5 3983 4285
6 2633 1356
7 4316 5421
8 3358 4452
9 3974 1058
10 6041 4316
11 2396 6449
12 1158 1955
13 2108 7499
14 4133 2530
15 2695 6334
16 4262 1198
17 2059 6963
18 3851 6960
19 7040 5964
20 5293 4300
21 4683 4660
22 4041 444
23 1192 3714
24 6366 2864
25 2684 18
26 4873 3790
27 2567 7650
28 1792 3010
29 475 5008
30 4745 6945
31 3187 5931
32 389 448
33 6756 279
34 1660 4318
35 248 3295
36 1798 7112
37 4684 4273
38 6350 6034
39 2564 6607
40 1384 2535
41 4269 6061
42 5144 5474
43 2304 6694
44 901 1120
45 444 7445
46 299 1776
47 374 5334
48 2494 3001
49 2958 579
50 6424 1611
51 7260 6321
52 6972 2472
53 1026 4970
54 4749 2969
55 2976 3162
56 3495 559
57 4214 1331
58 5662 4403
59 3335 5055
60 3543 4352
61 3550 4780
62 3387 4578
63 27 1617
64 6535 3393
65 2358 7595
66 501 5588
67 2059 1395
68 724 3262
69 930 1458
70 5948 1686
71 6668 3853
72 661 3885
73 6861 3082
74 5898 2506
75 6404 5813
76 3838 5300
77 5893 6127
78 1277 6414
79 1823 4053
80 3483 3380
DEMAND_SECTION
1 0.0
2 6.0
3 4.0
4 9.0
5 7.0
6 6.0
7 4.0
8 6.0
9 4.0
10 6.0
11 8.0
12 1.0
13 1.0
14 3.0
15 5.0
16 10.0
17 2.0
18 8.0
19 7.0
20 5.0
21 7.0
22 3.0
23 7.0
24 8.0
25 1.0
26 1.0
27 1.0
28 6.0
29 4.0
30 4.0
31 8.0
32 1.0
33 6.0
34 3.0
35 9.0
36 6.0
37 6.0
38 10.0
39 4.0
40 8.0
41 10.0
42 3.0
43 9.0
44 9.0
45 1.0
46 6.0
47 7.0
48 7.0
49 4.0
50 1.0
51 4.0
52 2.0
53 5.0
54 2.0
55 5.0
56 10.0
57 4.0
58 7.0
59 6.0
60 5.0
61 6.0
62 4.0
63 5.0
64 9.0
65 9.0
66 3.0
67 6.0
68 5.0
69 6.0
70 8.0
71 1.0
72 5.0
73 8.0
74 2.0
75 4.0
76 10.0
77 4.0
78 7.0
79 1.0
80 7.0
DEVIATION_SECTION
1 0.0
2 2.0
3 1.33333
4 3.0
5 2.33333
6 2.0
7 1.33333
8 2.0
9 1.33333
10 2.0
11 2.66667
12 0.333333
13 0.333333
14 1.0
15 1.66667
16 3.33333
17 0.666667
18 2.66667
19 2.33333
20 1.66667
21 2.33333
22 1.0
23 2.33333
24 2.66667
25 0.333333
26 0.333333
27 0.333333
28 2.0
29 1.33333
30 1.33333
31 2.66667
32 0.333333
33 2.0
34 1.0
35 3.0
36 2.0
37 2.0
38 3.33333
39 1.33333
40 2.66667
41 3.33333
42 1.0
43 3.0
44 3.0
45 0.333333
46 2.0
47 2.33333
48 2.33333
49 1.33333
50 0.333333
51 1.33333
52 0.666667
53 1.66667
54 0.666667
55 1.66667
56 3.33333
57 1.33333
58 2.33333
59 2.0
60 1.66667
61 2.0
62 1.33333
63 1.66667
64 3.0
65 3.0
66 1.0
67 2.0
68 1.66667
69 2.0
70 2.66667
71 0.333333
72 1.66667
73 2.66667
74 0.666667
75 1.33333
76 3.33333
77 1.33333
78 2.33333
79 0.333333
80 2.33333
DISTANCE_MATRIX
0.0 61.3258 30.0168 13.9284 5.0 49.0149 15.8114 3.0 45.9948 33.0606 33.541 56.1234 46.5188 26.7627 29.9666 43.6864 40.8167 34.0115 53.2193 23.1948 16.1245 53.9128 34.2273 42.5441 64.2078 18.4391 46.4866 41.1681 43.9318 42.2903 21.1896 77.4406 69.2832 27.0185 47.5475 44.1022 15.2971 46.1611 32.7567 49.2448 23.4152 37.0045 35.8469 65.7858 60.1082 67.4255 45.8803 30.8877 55.7958 52.6605 58.159 51.8941 36.8782 23.6828 24.1868 53.6168 42.6875 28.1603 8.94427 1.41421 4.47214 3.16228 71.0305 42.2019 46.2385 45.8803 60.2405 42.061 62.4227 47.6855 42.19 40.6079 47.1275 39.685 45.6651 12.1655 40.8715 42.5206 25.318 17.2818 
61.3258 0.0 66.7496 73.5527 57.3847 59.3043 71.3937 64.0338 41.1096 42.72 92.7278 80.2247 105.294 46.5188 89.1403 38.0132 100.449 91.1174 64.0703 48.0208 57.2014 42.45 86.0542 22.8473 60.1664 45.3431 104.488 73.7631 102.477 76.7083 79.9312 89.2693 14.3178 83.7752 95.8019 103.966 52.6308 64.1327 92.6337 78.2624 74.4999 60.0222 95.483 82.1523 121.165 91.022 105.321 66.5136 55.5788 8.94427 68.0 16.0312 95.887 38.0132 61.2256 48.8365 38.0 45.618 69.4262 61.8075 65.2993 64.4438 94.0 28.8617 104.714 106.217 66.2722 89.9889 82.0061 14.8661 34.5254 93.3059 24.1868 21.9317 61.9839 68.2315 65.521 103.711 80.8194 59.3633 
30.0168 66.7496 0.0 32.8917 26.4266 26.8835 41.8805 32.7248 33.4771 48.1041 46.1418 26.2488 58.1808 28.1858 43.34 34.0637 51.2876 53.3135 70.5671 39.3573 35.8469 40.1082 21.8403 51.0392 43.6373 31.9531 60.1247 11.4018 39.2046 68.3595 38.083 47.6329 69.9782 20.5183 33.0 53.6763 32.5846 64.1658 44.083 19.2354 48.1524 54.3522 47.0973 35.978 64.8845 37.4433 42.5206 1.0 35.1297 57.8957 75.5067 59.4324 33.2415 29.0172 5.83095 35.9 33.3809 43.8634 29.7749 30.4985 29.083 33.1348 41.0488 53.2353 59.083 43.8406 30.5606 27.0 32.615 51.8848 55.109 29.1204 57.0088 45.6478 63.0129 36.9225 66.9407 47.4236 17.0294 13.4536 
13.9284 73.5527 32.8917 0.0 16.4012 58.5845 14.1421 13.1529 58.7412 39.7501 19.7231 52.5734 32.6497 39.5091 16.1245 56.4328 27.2029 21.0147 51.6624 29.8249 19.9896 66.6592 35.609 53.2541 75.3383 28.6007 32.573 36.0402 38.2099 27.286 7.28011 74.9381 82.0061 26.0768 48.8262 30.6105 22.3607 42.72 19.2094 44.1325 15.8114 24.0208 22.2036 63.3527 47.8017 62.0081 39.0 32.5134 68.5422 65.0692 55.6597 62.6817 31.4006 36.4005 33.6149 66.3632 55.4339 34.6542 5.09902 14.5602 9.48683 12.1655 65.437 51.4296 32.311 38.1182 57.885 44.0454 59.7188 60.3075 50.0539 40.3113 56.8243 51.6624 43.1741 7.07107 37.0 30.8869 26.2488 30.0282 
5.0 57.3847 26.4266 16.4012 0.0 45.4248 15.5441 8.0 42.4047 28.0713 36.0555 52.5333 48.8774 23.1726 32.45 40.0963 43.6005 35.1682 48.5286 18.2483 12.0416 50.3226 39.1237 38.0132 60.6177 13.6015 48.3322 37.578 48.8365 42.0231 23.3238 73.8505 65.6049 32.0156 52.4439 47.0106 10.4403 42.1273 35.609 45.6547 23.1479 32.3137 38.6005 62.1957 63.7809 63.8354 50.6952 27.2976 52.2057 48.7955 53.4682 47.4131 41.7732 20.0 20.5967 50.0267 39.0974 23.1948 12.0416 6.08276 8.06226 8.06226 67.4404 37.3631 48.3011 50.5964 56.6504 46.9574 58.8326 43.9318 37.2156 45.5412 42.3792 35.609 40.9744 12.3693 40.6043 46.4004 30.2655 13.6917 
49.0149 59.3043 26.8835 58.5845 45.4248 0.0 60.8787 51.723 20.1246 56.4201 71.8346 21.0 83.8736 23.2462 69.0329 22.1359 76.9804 79.0063 82.1691 50.675 52.5305 24.7588 44.8659 52.2121 22.0227 42.116 85.8175 31.57 64.1121 87.3576 63.7759 35.805 59.4643 45.8893 52.8444 78.4602 47.7473 76.2374 69.7759 22.4491 68.4825 66.4239 72.7901 25.4951 90.6113 32.249 67.66 26.274 14.5602 51.0392 87.1676 58.8558 58.5751 32.6593 32.4577 18.6011 21.8403 53.6 55.4677 49.4967 52.9942 52.133 35.5106 56.5784 84.7759 69.2052 7.0 47.2462 24.0416 45.0111 60.2174 51.8123 58.8427 45.1221 75.0845 57.7157 74.1587 73.0922 42.305 40.2038 
15.8114 71.3937 41.8805 14.1421 15.5441 60.8787 0.0 17.1412 57.8585 37.1304 30.6105 61.943 42.45 38.6265 27.2029 55.5502 38.4187 27.7872 39.0 27.2052 17.3699 65.7765 46.5738 50.7318 76.0716 26.174 41.1573 45.4098 52.0384 26.9706 18.3576 84.3078 80.3853 37.9473 59.9902 42.0119 19.741 30.4138 31.0644 53.5021 11.0454 10.0499 33.6006 72.7224 60.5392 71.4093 53.0377 42.7515 67.6596 63.052 43.382 60.1483 45.0999 34.9777 36.0505 65.4806 54.5513 32.0345 13.3417 17.0949 13.3956 16.3246 74.8661 48.8098 41.3837 52.2398 72.1043 54.6981 69.0884 58.5261 47.4342 52.2048 54.2098 49.4639 30.4631 7.07107 25.2389 44.3847 37.1953 29.1456 
3.0 64.0338 32.7248 13.1529 8.0 51.723 17.1412 0.0 48.7029 36.0555 32.311 46.325 45.31 29.4708 28.7924 46.3945 39.3573 33.8167 56.1267 26.1725 18.7883 56.6208 31.3233 45.3102 66.9159 21.3776 45.607 29.7918 41.0 43.6202 20.3961 80.1487 71.9912 24.0208 44.6434 42.5441 18.2483 47.4909 31.305 37.884 24.5967 27.0955 34.4384 68.4938 58.0 55.7913 43.0116 33.5958 58.5039 55.3685 60.4755 54.6338 33.9559 26.3908 26.8948 56.3249 45.3956 31.1448 8.06226 2.23607 4.12311 1.0 59.248 45.1221 45.2217 43.0813 62.9486 39.157 53.4704 50.3936 45.1774 37.6563 50.0 42.3931 47.5862 13.0 42.2014 40.3113 22.3607 19.9899 
45.9948 41.1096 33.4771 58.7412 42.4047 20.1246 57.8585 48.7029 0.0 50.2494 78.4294 40.025 90.9402 23.0217 74.8243 3.60555 84.0471 77.5415 77.026 46.8188 49.4975 8.0 51.4857 40.0 21.4009 38.6005 90.734 38.1899 70.732 79.0832 65.7174 48.5077 39.5601 52.4976 59.4643 86.4357 44.7214 72.0902 76.8425 42.0597 65.4624 62.3957 79.8568 41.0488 97.6818 50.2494 74.2799 33.241 14.8661 33.7343 81.9878 44.2832 65.192 26.9258 39.0512 9.21954 4.24264 48.7545 54.2113 46.4765 49.9741 49.1129 53.0848 46.0109 90.7056 75.8222 26.5707 53.8661 41.0488 28.1603 50.9313 58.4321 46.6154 32.2025 70.6824 54.6956 70.1305 80.1837 48.9183 41.3604 
33.0606 42.72 48.1041 39.7501 28.0713 56.4201 37.1304 36.0555 50.2494 0.0 56.177 73.9769 67.8205 34.1679 53.083 47.0106 63.9587 44.3114 26.8328 10.0499 19.9249 57.2451 66.9946 19.9249 70.6045 16.1555 65.8641 59.4643 76.3217 34.1868 44.9547 91.7399 55.3173 60.075 79.8341 67.5643 18.0278 23.1948 57.1466 67.2337 32.2413 17.7635 59.3095 81.7893 86.6082 85.28 77.7817 49.0408 62.482 36.6742 31.7648 27.7849 69.2604 24.0832 42.3792 59.0762 46.1411 5.09902 37.4833 34.1321 35.0571 36.0139 88.8847 14.4222 66.7385 77.2787 63.3066 73.9797 80.4539 35.0143 10.8167 73.5535 20.0 24.0 21.3776 33.9681 23.1948 71.2034 58.3095 35.9026 
33.541 92.7278 46.1418 19.7231 36.0555 71.8346 30.6105 32.311 78.4294 56.177 0.0 64.2884 13.0 59.1974 3.60555 76.1211 7.81025 18.1108 60.1332 48.5392 38.704 85.5324 42.9535 72.0658 88.5884 47.5081 14.0 48.6621 35.0 28.0179 12.8062 86.6833 101.607 33.2415 54.0833 11.4018 41.075 51.2445 2.82843 55.7853 24.9378 38.4892 3.16228 75.4321 30.4631 71.6938 33.6155 45.7635 80.0808 84.386 63.0 81.4824 30.4138 56.0357 46.865 81.3241 75.1222 53.0402 24.5967 34.0147 29.0689 31.3847 74.7329 70.1439 13.1529 31.305 71.1351 51.0 71.5681 79.8123 66.8069 44.6542 75.5439 70.7979 52.469 24.7588 45.2769 17.1172 35.4401 49.7165 
56.1234 80.2247 26.2488 52.5734 52.5333 21.0 61.943 46.325 40.025 73.9769 64.2884 0.0 74.9667 40.4993 61.9839 42.5793 67.897 72.9938 96.6737 65.39 61.9536 42.5441 23.0217 72.6533 31.1127 57.8229 77.8781 16.6433 42.45 88.422 57.6975 22.4722 79.555 31.4006 21.4009 69.4622 58.6913 90.2724 61.8466 8.544 67.8341 80.4589 64.5368 11.1803 74.8131 11.7047 46.5725 25.4951 28.6531 72.0278 101.613 79.8163 40.1995 51.5588 32.0156 35.3412 42.4264 69.8254 49.4566 56.6052 48.7648 46.6308 15.2315 76.2653 76.4853 49.2443 14.0 18.3848 7.28011 66.0076 79.1628 26.2488 79.1415 65.9161 89.1195 56.6042 87.0032 60.0 28.8617 39.6989 
46.5188 105.294 58.1808 32.6497 48.8774 83.8736 42.45 45.31 90.9402 67.8205 13.0 74.9667 0.0 72.039 16.5529 88.9627 7.07107 25.0799 66.9403 65.8121 51.772 97.5713 52.6308 85.1339 100.627 60.0738 5.38516 60.075 40.2244 35.4683 25.5539 97.0824 114.285 43.566 62.2415 6.40312 53.6408 58.5235 14.3178 66.6108 36.5405 50.0918 11.1803 86.1452 23.0 81.3204 37.6431 57.8024 92.1198 96.9518 69.0507 94.5504 37.5766 68.7968 58.904 93.3631 87.9638 64.6838 37.5766 47.0106 42.0476 44.3847 84.119 82.2018 3.16228 34.7131 81.559 60.0833 82.201 92.4175 78.4504 52.9245 87.8072 83.3637 60.0833 37.2022 52.811 18.4391 46.2709 62.5581 
26.7627 46.5188 28.1858 39.5091 23.1726 23.2462 38.6265 29.4708 23.0217 34.1679 59.1974 40.4993 72.039 0.0 55.5922 21.3776 66.7109 58.3095 59.9169 28.4228 30.2784 31.0161 49.8204 33.0151 39.3954 19.8638 71.502 29.0 65.0323 60.8592 46.4854 58.566 51.7397 46.3301 51.0887 70.1009 25.4951 53.9853 58.7005 35.5106 46.2303 44.1717 61.7121 48.6155 88.8091 52.2021 67.7488 29.1822 30.8707 37.5766 64.9154 41.1947 58.3343 11.1803 23.7806 29.6142 20.3961 31.3478 34.9793 27.2445 30.7421 29.8808 55.7296 35.9026 71.4736 68.7722 30.1327 45.1031 46.5159 31.7648 38.7145 57.0702 39.2046 27.2947 52.8065 35.4635 51.9065 71.3109 43.3743 22.1284 
29.9666 89.1403 43.34 16.1245 32.45 69.0329 27.2029 28.7924 74.8243 53.083 3.60555 61.9839 16.5529 55.5922 0.0 72.5159 11.3137 16.7631 58.0086 44.9638 35.1286 82.7422 41.1825 68.4904 85.7866 43.9326 17.1172 46.0977 34.9857 26.0768 9.21954 84.4334 98.0051 31.305 52.8015 14.8661 37.4996 49.0408 4.12311 53.4509 21.8157 35.3412 6.40312 73.0821 33.541 69.7782 34.0147 42.9617 77.2791 80.8084 61.0737 77.907 29.8329 52.4309 44.0632 78.5224 71.517 49.9462 21.0238 30.4631 25.4951 27.8568 72.8972 66.5685 16.4924 31.9531 68.3333 49.3964 69.2604 76.2168 63.7129 43.4166 71.9685 67.2086 50.1597 21.2132 43.0465 19.0263 33.2415 46.1113 
43.6864 38.0132 34.0637 56.4328 40.0963 22.1359 55.5502 46.3945 3.60555 47.0106 76.1211 42.5793 88.9627 21.3776 72.5159 0.0 83.6346 75.2332 73.8241 43.9659 47.1699 10.4403 52.4309 36.4005 25.0 35.9026 88.4257 39.1352 71.5052 76.1531 63.4091 51.923 37.3363 53.088 60.4096 87.0224 42.2966 69.0797 75.6242 42.4947 63.154 59.4655 78.6358 44.1814 98.2685 53.0848 74.9667 33.8277 18.3848 30.4138 78.7718 40.7185 65.7982 24.0416 39.6379 12.8062 1.0 45.6946 51.903 44.1682 47.6658 46.8045 56.0089 42.45 88.3973 76.4259 28.8617 54.8114 44.0 24.7386 47.4236 59.3774 43.0116 28.6007 67.624 52.3872 67.2003 80.7703 49.5195 39.0521 
40.8167 100.449 51.2876 27.2029 43.6005 76.9804 38.4187 39.3573 84.0471 63.9587 7.81025 67.897 7.07107 66.7109 11.3137 83.6346 0.0 24.1868 66.6108 56.2642 46.429 90.6782 45.607 79.7908 92.4463 55.233 10.8167 53.0377 34.0588 34.5254 20.5183 90.0278 109.202 36.4966 55.4617 3.60555 48.8 57.8705 8.06226 59.5399 32.6787 46.2301 5.0 79.0759 23.0868 74.3303 31.8277 50.9093 85.2267 92.0978 69.1809 89.2074 30.8869 63.6003 52.0108 86.47 82.6357 60.6721 31.9061 41.1825 36.3593 38.4708 77.1622 77.8689 8.94427 29.0689 74.4959 53.1413 75.1332 87.4586 74.5886 46.0977 83.2689 78.5175 59.2284 32.5269 51.9711 13.0384 39.2046 57.23 
34.0115 91.1174 53.3135 21.0147 35.1682 79.0063 27.7872 33.8167 77.5415 44.3114 18.1108 72.9938 25.0799 58.3095 16.7631 75.2332 24.1868 0.0 42.4264 42.5673 37.0936 85.4595 54.5619 63.988 95.7546 45.8976 21.6333 56.462 51.4296 10.4403 15.6205 95.3599 100.109 44.5982 67.1789 27.4591 39.4646 33.7343 20.3961 64.5288 21.862 31.305 21.0238 83.7746 47.0744 82.0975 50.6952 52.9352 87.3426 82.7756 45.0444 72.0958 45.793 54.7013 54.0367 85.1636 74.2343 41.4389 25.85 34.8998 29.843 32.8167 85.4459 58.7122 22.8254 48.7032 78.3068 63.0317 80.1406 78.2497 54.3299 58.0517 64.2268 69.1875 35.171 22.8997 27.8927 35.2278 45.607 48.8286 
53.2193 64.0703 70.5671 51.6624 48.5286 82.1691 39.0 56.1267 77.026 26.8328 60.1332 96.6737 66.9403 59.9169 58.0086 73.8241 66.6108 42.4264 0.0 31.8277 37.7972 84.0773 85.5593 43.4166 97.0824 40.3609 62.6418 81.7184 89.627 32.1403 52.347 117.489 78.0 76.896 98.9757 69.8713 38.1752 9.05539 62.0322 89.7951 37.2252 29.5296 63.1981 106.336 89.4427 107.975 89.9444 71.438 88.8144 60.208 5.0 48.0416 82.9759 50.4777 64.7371 85.7555 72.9452 28.6007 52.2015 54.491 52.3811 55.31 111.58 36.2215 64.2884 88.5684 89.0556 93.6836 102.973 60.0167 30.1496 91.1811 40.0 49.4773 8.544 45.2217 15.0333 77.026 76.1807 57.8321 
23.1948 48.0208 39.3573 29.8249 18.2483 50.675 27.2052 26.1725 46.8188 10.0499 48.5392 65.39 65.8121 28.4228 44.9638 43.9659 56.2642 42.5673 31.8277 0.0 10.2956 54.4059 57.3709 25.6125 65.8635 8.60233 64.5038 50.5668 66.2722 32.4426 35.7467 85.9948 59.2368 50.1597 70.615 59.7779 8.0 25.5539 48.4668 58.5918 30.2328 15.7551 51.2944 76.0443 77.4933 76.6931 67.7422 40.2492 57.4543 40.7185 36.7967 34.6554 59.2115 19.9249 33.541 55.0364 43.0116 5.0 27.4591 24.3311 25.02 26.0768 80.2977 22.2036 64.7301 67.2681 57.5615 64.7612 71.6892 37.6431 20.2485 63.7887 27.8029 26.9258 24.4131 24.0429 23.4899 60.7052 48.5077 26.6838 
16.1245 57.2014 35.8469 19.9896 12.0416 52.5305 17.3699 18.7883 49.4975 19.9249 38.704 61.9536 51.772 30.2784 35.1286 47.1699 46.429 37.0936 37.7972 10.2956 0.0 57.4282 49.98 35.3553 67.7235 12.6491 50.4637 46.9983 57.0088 38.27 25.9114 83.2708 67.5352 41.9762 63.3248 49.9427 5.09902 31.396 38.6316 55.075 24.9737 21.5824 41.4592 71.616 67.6581 73.2557 58.2151 36.7179 59.3115 49.3964 42.7369 44.5982 50.0 24.1868 30.017 57.1324 46.1736 14.8661 18.0 17.4929 16.4924 18.3848 76.8607 32.45 50.69 57.5749 66.0707 57.8383 68.2529 45.618 30.4631 56.0446 38.0132 35.5106 30.2431 14.2076 29.3172 50.87 40.8044 23.112 
53.9128 42.45 40.1082 66.6592 50.3226 24.7588 65.7765 56.6208 8.0 57.2451 85.5324 42.5441 97.5713 31.0161 82.7422 10.4403 90.6782 85.4595 84.0773 54.4059 57.4282 0.0 58.0906 45.2548 17.72 46.3249 98.652 44.7947 77.3368 86.583 73.6354 47.1699 38.1182 59.114 62.3794 93.0669 52.6118 79.4796 83.4736 45.2732 73.3804 69.8955 86.4879 41.4367 104.061 51.6624 80.8847 39.8721 14.3178 36.2491 89.0056 48.2597 71.7998 34.4819 45.6824 7.28011 11.4018 56.0803 62.1293 54.3945 57.8921 57.0308 54.1295 51.7397 98.6236 82.4299 30.2324 58.1581 42.2019 31.3847 57.0088 65.037 51.6624 37.4833 78.0 62.6136 77.6303 86.8148 55.5297 49.2784 
34.2273 86.0542 21.8403 35.609 39.1237 44.8659 46.5738 31.3233 51.4857 66.9946 42.9535 23.0217 52.6308 49.8204 41.1825 52.4309 45.607 54.5619 85.5593 57.3709 49.98 58.0906 0.0 72.4431 51.2512 51.2445 55.9732 13.4536 20.5913 60.9514 38.9487 44.5533 89.0674 10.0 13.4164 46.8722 49.5197 76.9235 40.3113 15.5242 51.4004 56.528 42.72 34.0147 51.9711 28.7924 24.5967 20.8806 47.4528 77.2003 89.9081 81.0494 17.2627 50.4876 26.1725 53.8823 51.8652 62.3042 33.6155 33.0419 33.6155 31.6228 31.7805 74.0068 54.4059 26.9258 31.0599 8.48528 30.0167 71.1894 75.1665 7.28011 78.1601 67.2824 77.0188 40.8167 71.5891 37.0135 9.43398 31.1448 
42.5441 22.8473 51.0392 53.2541 38.0132 52.2121 50.7318 45.3102 40.0 19.9249 72.0658 72.6533 85.1339 33.0151 68.4904 36.4005 79.7908 63.988 43.4166 25.6125 35.3553 45.2548 72.4431 0.0 61.4003 24.6982 83.8255 62.0081 86.2022 53.8634 59.2733 86.8159 35.5106 67.9294 84.0238 83.3045 31.241 42.107 71.9934 68.3593 51.6574 37.1796 74.821 77.4919 101.02 84.3561 88.2986 52.0384 54.3783 17.0294 47.8539 9.43398 79.1829 22.0227 46.2709 49.2037 35.805 22.8254 49.7393 43.0838 46.0652 45.6946 87.7038 7.28011 84.0519 88.3915 59.0986 78.0256 76.2459 16.7631 13.3417 79.6304 6.7082 7.81025 40.05 47.5695 42.9535 84.0595 65.307 42.45 
64.2078 60.1664 43.6373 75.3383 60.6177 22.0227 76.0716 66.9159 21.4009 70.6045 88.5884 31.1127 100.627 39.3954 85.7866 25.0 92.4463 95.7546 97.0824 65.8635 67.7235 17.72 51.2512 61.4003 0.0 57.3062 102.571 42.06 71.5654 98.2932 80.5296 30.0167 55.0364 58.4109 52.4023 95.214 62.9402 91.4166 86.5296 35.7354 83.6754 81.6056 89.5439 26.4008 103.167 37.5899 75.6494 43.0278 8.544 53.8516 102.078 65.3682 68.4621 46.6154 49.2115 12.2066 25.6125 68.5055 72.4244 64.6896 68.1872 67.3259 39.3954 67.3573 101.53 78.1141 23.4094 48.6004 28.3019 48.7545 72.1388 55.8306 68.0074 53.6004 90.2109 72.9086 89.3404 87.626 55.4877 56.9576 
18.4391 45.3431 31.9531 28.6007 13.6015 42.116 26.174 21.3776 38.6005 16.1555 47.5081 57.8229 60.0738 19.8638 43.9326 35.9026 55.233 45.8976 40.3609 8.60233 12.6491 46.3249 51.2445 24.6982 57.3062 0.0 59.2678 43.3244 62.3699 41.0429 34.7155 77.4358 55.0727 45.0999 63.9531 58.7467 7.61577 34.1321 47.4236 51.0797 33.7778 24.3554 50.2632 67.4853 76.4003 69.126 64.2884 32.8938 48.8774 37.2022 45.3431 34.1321 55.3173 12.0416 26.2488 46.6154 34.9285 12.2066 25.0599 19.2354 21.5407 21.587 72.7307 23.7697 59.2956 64.195 49.0025 58.0517 66.1498 33.121 24.0 58.0775 28.7924 23.4307 33.0151 23.0117 32.0902 59.3633 43.0 20.0998 
46.4866 104.488 60.1247 32.573 48.3322 85.8175 41.1573 45.607 90.734 65.8641 14.0 77.8781 5.38516 71.502 17.1172 88.4257 10.8167 21.6333 62.6418 64.5038 50.4637 98.652 55.9732 83.8255 102.571 59.2678 0.0 62.514 44.8219 31.7648 25.2982 100.17 113.479 46.5725 66.1891 11.4018 52.8347 54.4243 16.1245 69.4262 35.2321 48.7835 13.3417 89.0505 28.0713 84.7585 42.45 59.7463 94.0637 96.1457 64.5368 93.2421 41.6773 68.0 60.8479 95.307 87.4268 63.3754 37.6431 47.1275 42.0595 44.643 87.6641 80.8935 2.23607 39.598 85.118 63.6946 85.1469 91.6199 75.8826 56.7979 86.4988 82.5576 56.0803 36.2353 48.8467 23.3452 49.0306 62.0211 
41.1681 73.7631 11.4018 36.0402 37.578 31.57 45.4098 29.7918 38.1899 59.4643 48.6621 16.6433 60.075 29.0 46.0977 39.1352 53.0377 56.462 81.7184 50.5668 46.9983 44.7947 13.4536 62.0081 42.06 43.3244 62.514 0.0 33.6006 71.8888 41.2311 38.9102 76.0263 17.4642 22.2036 55.0091 43.736 75.3172 46.3897 8.48528 51.3009 65.5036 49.2544 27.313 63.2456 26.9072 37.4433 10.4403 38.2616 65.0 86.6581 70.1142 29.0689 40.0665 17.088 40.5865 38.5881 55.1543 32.9234 41.6499 32.2315 30.0976 30.4795 64.4981 61.2944 39.4462 21.8687 16.2788 23.7065 58.9406 66.4906 20.2485 68.1274 56.1427 74.1643 40.071 70.47 46.8722 14.1421 24.1868 
43.9318 102.477 39.2046 38.2099 48.8365 64.1121 52.0384 41.0 70.732 76.3217 35.0 42.45 40.2244 65.0323 34.9857 71.5052 34.0588 51.4296 89.627 66.2722 57.0088 77.3368 20.5913 86.2022 71.5654 62.3699 44.8219 33.6006 0.0 59.4643 37.6431 62.0725 107.441 18.868 24.0832 33.8378 58.3095 80.604 32.2025 35.8469 52.6308 62.0725 33.3017 52.7731 33.0 45.0 4.12311 38.4187 67.767 93.5488 93.406 95.552 7.07107 65.1244 41.6773 73.1286 70.8378 71.2531 39.0128 43.1741 41.3038 40.7922 47.0956 86.122 42.8019 7.0 51.374 24.3311 48.8365 87.9511 85.9884 16.2788 90.9561 82.2102 81.2158 45.0999 74.7329 21.9545 22.2036 44.2016 
42.2903 76.7083 68.3595 27.286 42.0231 87.3576 26.9706 43.6202 79.0832 34.1868 28.0179 88.422 35.4683 60.8592 26.0768 76.1531 34.5254 10.4403 32.1403 32.4426 38.27 86.583 60.9514 53.8634 98.2932 41.0429 31.7648 71.8888 59.4643 0.0 22.088 110.787 88.8319 51.0291 73.7272 37.855 38.648 23.3452 30.0167 79.981 23.0384 21.1803 31.0644 99.2013 57.4891 88.3691 59.203 69.2304 89.8922 70.1537 35.0143 61.9711 53.3371 52.1574 62.5295 87.4007 75.2115 31.3143 39.1548 43.5738 39.8746 42.8035 91.7204 48.5876 33.1059 57.4891 98.5832 69.433 95.5674 67.8109 44.2053 64.722 54.1022 56.8069 24.7386 31.9545 17.4642 45.0111 51.9162 55.6245 
21.1896 79.9312 38.083 7.28011 23.3238 63.7759 18.3576 20.3961 65.7174 44.9547 12.8062 57.6975 25.5539 46.4854 9.21954 63.4091 20.5183 15.6205 52.347 35.7467 25.9114 73.6354 38.9487 59.2733 80.5296 34.7155 25.2982 41.2311 37.6431 22.088 0.0 80.1124 88.8144 29.0 51.6624 24.0416 28.2825 43.293 12.8062 49.1935 15.1327 27.2029 15.5563 68.542 42.19 66.5733 37.6563 37.7047 72.0221 71.5891 56.0529 68.6899 31.3847 43.2666 38.8062 73.3394 62.4102 41.8179 12.3693 21.8403 16.7631 19.4165 69.8928 57.3514 25.0799 36.2215 63.0763 47.4236 64.8845 67.0075 55.5846 42.638 62.7513 58.0 44.1022 12.0416 37.3798 26.2488 30.0 37.0044 
77.4406 89.2693 47.6329 74.9381 73.8505 35.805 84.3078 80.1487 48.5077 91.7399 86.6833 22.4722 97.0824 58.566 84.4334 51.923 90.0278 95.3599 117.489 85.9948 83.2708 47.1699 44.5533 86.8159 30.0167 77.4358 100.17 38.9102 62.0725 110.787 80.1124 0.0 85.0059 53.6004 38.3275 91.4112 79.934 111.557 84.2021 31.0161 90.1989 101.744 86.8332 11.6619 95.0474 17.2627 66.1211 46.938 33.7343 82.2253 122.898 92.358 61.131 67.9792 53.3349 40.4475 52.2015 88.9198 71.8213 77.9224 71.1295 68.9955 16.1555 91.7061 98.7168 69.0652 30.4138 38.0132 15.2315 76.6551 95.5249 46.0 93.5201 79.3095 110.404 78.969 109.479 81.3941 51.2445 61.081 
69.2832 14.3178 69.9782 82.0061 65.6049 59.4643 80.3853 71.9912 39.5601 55.3173 101.607 79.555 114.285 51.7397 98.0051 37.3363 109.202 100.109 78.0 59.2368 67.5352 38.1182 89.0674 35.5106 55.0364 55.0727 113.479 76.0263 107.441 88.8319 88.8144 85.0059 0.0 89.0024 97.3997 112.614 62.6498 77.5242 101.213 79.4848 87.9892 72.1443 104.202 79.511 129.162 89.4427 110.881 69.7422 52.345 18.6815 82.0549 30.0666 101.713 45.607 67.477 45.2769 37.6962 57.5674 77.4997 69.7649 73.2625 72.4013 92.0706 42.19 113.507 112.081 66.0984 91.8015 80.0625 21.9545 48.0937 96.1769 38.0 32.311 75.4255 77.2231 78.4474 111.669 85.434 65.8249 
27.0185 83.7752 20.5183 26.0768 32.0156 45.8893 37.9473 24.0208 52.4976 60.075 33.2415 31.4006 43.566 46.3301 31.305 53.088 36.4966 44.5982 76.896 50.1597 41.9762 59.114 10.0 67.9294 58.4109 45.0999 46.5725 17.4642 18.868 51.0291 29.0 53.6004 89.0024 0.0 22.8035 38.1182 42.19 68.1542 30.6757 23.0868 41.8808 47.9016 33.2415 42.5793 45.8803 38.4838 22.0227 19.799 54.1355 74.8465 81.1542 76.922 12.7279 46.4866 22.8254 54.9057 52.4051 55.1453 24.6982 26.0 25.4951 24.0832 41.5933 68.6574 45.1221 23.3452 38.2195 18.4391 38.6394 69.2489 69.0652 14.3178 73.2416 63.5689 68.352 31.7805 62.6498 29.4279 3.60555 25.5731 
47.5475 95.8019 33.0 48.8262 52.4439 52.8444 59.9902 44.6434 59.4643 79.8341 54.0833 21.4009 62.2415 51.0887 52.8015 60.4096 55.4617 67.1789 98.9757 70.615 63.3248 62.3794 13.4164 84.0238 52.4023 63.9531 66.1891 22.2036 24.0832 73.7272 51.6624 38.3275 97.3997 22.8035 0.0 56.0803 62.8399 90.3399 51.3128 18.3576 64.6375 69.9445 53.3385 30.0832 57.0351 21.095 28.0179 32.0 49.0408 87.0976 103.324 92.2659 24.6982 62.0081 38.1182 55.3369 59.8625 75.2867 47.0106 46.362 47.0106 44.9493 23.0217 86.1452 64.405 31.0644 32.6503 6.0 26.4008 81.0247 87.6926 9.43398 90.0056 78.3135 90.4352 54.2033 85.0 44.9222 22.8254 43.9318 
44.1022 103.966 53.6763 30.6105 47.0106 78.4602 42.0119 42.5441 86.4357 67.5643 11.4018 69.4622 6.40312 70.1009 14.8661 87.0224 3.60555 27.4591 69.8713 59.7779 49.9427 93.0669 46.8722 83.3045 95.214 58.7467 11.4018 55.0091 33.8378 37.855 24.0416 91.4112 112.614 38.1182 56.0803 0.0 52.3137 61.1882 11.4018 61.2046 36.2842 49.8356 8.48528 80.6226 19.6469 75.4321 31.241 53.298 87.6153 95.5877 72.3395 92.7211 31.3847 67.0075 54.3995 88.8586 86.3396 64.2635 35.2278 44.4185 39.6611 41.6773 78.1601 81.3826 9.21954 28.3196 76.2867 54.1202 76.6551 90.9065 78.1942 46.8188 86.7826 82.0366 62.5859 36.0694 55.3173 12.0416 41.0122 60.6199 
15.2971 52.6308 32.5846 22.3607 10.4403 47.7473 19.741 18.2483 44.7214 18.0278 41.075 58.6913 53.6408 25.4951 37.4996 42.2966 48.8 39.4646 38.1752 8.0 5.09902 52.6118 49.5197 31.241 62.9402 7.61577 52.8347 43.736 58.3095 38.648 28.2825 79.934 62.6498 42.19 62.8399 52.3137 0.0 31.774 41.0026 51.8127 27.3448 21.9604 43.8302 68.2791 70.0291 69.9934 59.8415 33.4556 54.5282 44.6542 43.1149 40.6079 51.2445 19.105 26.7547 52.3492 41.3038 13.0 19.6469 16.4924 17.0294 18.1108 73.5984 29.0689 53.0611 59.439 62.7338 57.3534 64.916 40.7063 27.8927 55.9017 34.4819 30.8058 30.6211 16.5787 29.6952 53.2353 40.6079 19.8497 
46.1611 64.1327 64.1658 42.72 42.1273 76.2374 30.4138 47.4909 72.0902 23.1948 51.2445 90.2724 58.5235 53.9853 49.0408 69.0797 57.8705 33.7343 9.05539 25.5539 31.396 79.4796 76.9235 42.107 91.4166 34.1321 54.4243 75.3172 80.604 23.3452 43.293 111.557 77.5242 68.1542 90.3399 61.1882 31.774 0.0 53.0848 83.3938 28.1712 21.4009 54.3323 99.9348 80.8084 101.574 80.895 65.0367 83.006 59.1354 13.0 48.2701 73.9797 45.1885 58.3358 80.4984 68.1542 23.4094 43.4626 47.4446 43.7453 46.6742 105.179 35.3553 55.9732 79.5144 83.124 85.0478 96.5717 58.0345 29.6142 82.4621 40.025 47.0956 2.23607 36.4005 6.0 68.0661 67.5426 51.4308 
32.7567 92.6337 44.083 19.2094 35.609 69.7759 31.0644 31.305 76.8425 57.1466 2.82843 61.8466 14.3178 58.7005 4.12311 75.6242 8.06226 20.3961 62.0322 48.4668 38.6316 83.4736 40.3113 71.9934 86.5296 47.4236 16.1245 46.3897 32.2025 30.0167 12.8062 84.2021 101.213 30.6757 51.3128 11.4018 41.0026 53.0848 0.0 53.3667 25.9114 39.3954 3.16228 73.0068 29.5296 69.0797 30.8869 43.7047 78.0221 84.22 65.0308 81.41 27.5862 55.6058 44.8062 79.2654 74.6253 54.0098 23.8537 33.121 28.3019 30.4138 72.0902 70.0715 15.0 28.6356 68.0753 48.3011 69.1231 79.511 67.7765 41.8808 75.4715 70.7107 54.231 24.8395 47.0956 15.0 32.9848 49.2195 
49.2448 78.2624 19.2354 44.1325 45.6547 22.4491 53.5021 37.884 42.0597 67.2337 55.7853 8.544 66.6108 35.5106 53.4509 42.4947 59.5399 64.5288 89.7951 58.5918 55.075 45.2732 15.5242 68.3593 35.7354 51.0797 69.4262 8.48528 35.8469 79.981 49.1935 31.0161 79.4848 23.0868 18.3576 61.2046 51.8127 83.3938 53.3667 0.0 59.3932 73.5802 56.0892 19.6469 67.4685 18.4391 39.9249 18.3576 31.9371 69.7209 94.7347 76.0263 32.7567 46.6905 25.0599 38.2307 41.9477 63.0714 41.0156 49.7265 40.3238 38.1899 22.0227 71.4137 68.0661 42.3792 15.5441 13.4536 15.8114 63.6396 73.9797 20.2485 74.6726 62.0322 82.2409 48.1633 78.5622 52.0865 20.3961 32.45 
23.4152 74.4999 48.1524 15.8114 23.1479 68.4825 11.0454 24.5967 65.4624 32.2413 24.9378 67.8341 36.5405 46.2303 21.8157 63.154 32.6787 21.862 37.2252 30.2328 24.9737 73.3804 51.4004 51.6574 83.6754 33.7778 35.2321 51.3009 52.6308 23.0384 15.1327 90.1989 87.9892 41.8808 64.6375 36.2842 27.3448 28.1712 25.9114 59.3932 0.0 14.8661 28.0454 78.6135 55.3285 77.3004 52.7731 47.7741 75.2634 67.9439 40.9311 59.9135 46.1736 42.5815 42.1437 73.0844 62.1551 29.1045 18.4391 24.6982 20.5913 23.7065 80.7572 46.6226 35.4585 51.3517 78.1975 59.8164 74.9795 66.1299 42.8712 56.0803 52.2279 54.597 29.0172 11.6619 22.2579 40.4732 42.0119 36.7494 
37.0045 60.0222 54.3522 24.0208 32.3137 66.4239 10.0499 27.0955 62.3957 17.7635 38.4892 80.4589 50.0918 44.1717 35.3412 59.4655 46.2301 31.305 29.5296 15.7551 21.5824 69.8955 56.528 37.1796 81.6056 24.3554 48.7835 65.5036 62.0725 21.1803 27.2029 101.744 72.1443 47.9016 69.9445 49.8356 21.9604 21.4009 39.3954 73.5802 14.8661 0.0 41.5933 90.1212 68.8767 91.7606 63.0079 55.2231 73.2047 53.4662 34.1321 45.4357 55.1453 35.4698 48.5222 70.7131 58.524 14.6268 23.3452 38.2761 23.3499 26.2788 95.3657 32.1449 49.0099 62.1289 73.3104 64.6524 86.7582 51.1233 28.3934 62.1591 37.7502 40.1193 21.095 17.0 17.0294 53.4509 47.1495 41.6173 
35.8469 95.483 47.0973 22.2036 38.6005 72.7901 33.6006 34.4384 79.8568 59.3095 3.16228 64.5368 11.1803 61.7121 6.40312 78.6358 5.0 21.0238 63.1981 51.2944 41.4592 86.4879 42.72 74.821 89.5439 50.2632 13.3417 49.2544 33.3017 31.0644 15.5563 86.8332 104.202 33.2415 53.3385 8.48528 43.8302 54.3323 3.16228 56.0892 28.0454 41.5933 0.0 75.71 27.313 71.5122 31.6228 46.719 81.0364 87.1149 66.0076 84.2376 29.2062 58.6003 47.8205 82.2796 77.6369 56.1727 26.9258 36.2353 31.3847 33.541 74.4648 72.8991 12.0416 29.1548 70.8799 50.5668 71.8053 82.4621 69.9394 43.909 78.2991 73.5527 55.5788 27.5862 48.3735 14.3178 35.6931 52.2312 
65.7858 82.1523 35.978 63.3527 62.1957 25.4951 72.7224 68.4938 41.0488 81.7893 75.4321 11.1803 86.1452 48.6155 73.0821 44.1814 79.0759 83.7746 106.336 76.0443 71.616 41.4367 34.0147 77.4919 26.4008 67.4853 89.0505 27.313 52.7731 99.2013 68.542 11.6619 79.511 42.5793 30.0832 80.6226 68.2791 99.9348 73.0068 19.6469 78.6135 90.1212 75.71 0.0 85.4751 11.4018 56.8859 35.2831 27.1662 74.5453 111.276 83.678 51.0392 58.0286 41.68 34.2345 44.2832 78.9693 60.2359 66.2675 59.5441 57.4102 13.0 81.9477 87.6641 59.6825 19.4165 28.4429 4.0 68.7314 85.5866 36.4966 84.1546 70.214 98.7819 67.3836 97.8561 71.0282 40.025 49.4261 
60.1082 121.165 64.8845 47.8017 63.7809 90.6113 60.5392 58.0 97.6818 86.6082 30.4631 74.8131 23.0 88.8091 33.541 98.2685 23.0868 47.0744 89.4427 77.4933 67.6581 104.061 51.9711 101.02 103.167 76.4003 28.0713 63.2456 33.0 57.4891 42.19 95.0474 129.162 45.8803 57.0351 19.6469 70.0291 80.8084 29.5296 67.4685 55.3285 68.8767 27.313 85.4751 0.0 78.0 29.0172 64.4127 98.8575 112.539 91.7878 110.436 34.7131 83.5617 65.6456 99.6277 97.5857 83.4714 51.7397 60.1082 55.9017 57.28 80.0562 99.098 26.0192 26.0 82.9759 57.1402 81.4985 107.564 97.2381 49.0918 104.498 99.3579 82.2253 54.0833 74.9533 17.8045 49.3964 77.1607 
67.4255 91.022 37.4433 62.0081 63.8354 32.249 71.4093 55.7913 50.2494 85.28 71.6938 11.7047 81.3204 52.2021 69.7782 53.0848 74.3303 82.0975 107.975 76.6931 73.2557 51.6624 28.7924 84.3561 37.5899 69.126 84.7585 26.9072 45.0 88.3691 66.5733 17.2627 89.4427 38.4838 21.095 75.4321 69.9934 101.574 69.0797 18.4391 77.3004 91.7606 71.5122 11.4018 78.0 0.0 49.0102 36.6197 37.3631 83.0241 112.915 91.0835 44.5533 63.2616 43.2666 44.3847 53.0377 81.1285 58.9229 67.9073 58.2311 56.0971 3.60555 87.9682 83.1685 52.0 25.318 21.3776 9.48683 77.0584 90.8657 29.1548 90.8444 77.3257 100.421 66.0705 96.4695 64.9384 36.7151 50.8035 
45.8803 105.321 42.5206 39.0 50.6952 67.66 53.0377 43.0116 74.2799 77.7817 33.6155 46.5725 37.6431 67.7488 34.0147 74.9667 31.8277 50.6952 89.9444 67.7422 58.2151 80.8847 24.5967 88.2986 75.6494 64.2884 42.45 37.4433 4.12311 59.203 37.6563 66.1211 110.881 22.0227 28.0179 31.241 59.8415 80.895 30.8869 39.9249 52.7731 63.0079 31.6228 56.8859 29.0172 49.0102 0.0 41.7732 71.851 96.3923 93.6574 97.6221 9.43398 67.9616 44.6542 76.6765 74.2765 72.6911 40.3113 45.2217 42.9535 42.72 51.0392 88.0568 40.3609 3.16228 55.4581 28.4429 52.9528 90.7947 87.6641 20.3961 93.0054 85.0474 81.6149 46.0109 74.9843 19.2094 25.4951 47.0389 
30.8877 66.5136 1.0 32.5134 27.2976 26.274 42.7515 33.5958 33.241 49.0408 45.7635 25.4951 57.8024 29.1822 42.9617 33.8277 50.9093 52.9352 71.438 40.2492 36.7179 39.8721 20.8806 52.0384 43.0278 32.8938 59.7463 10.4403 38.4187 69.2304 37.7047 46.938 69.7422 19.799 32.0 53.298 33.4556 65.0367 43.7047 18.3576 47.7741 55.2231 46.719 35.2831 64.4127 36.6197 41.7732 0.0 34.5202 57.6597 76.3776 60.4288 32.5269 30.0167 6.7082 35.2904 33.1448 44.7772 29.3965 31.3694 28.7047 26.5708 40.2244 54.231 58.7047 43.1393 29.7378 26.0 31.92 51.6488 56.0892 28.1603 58.0086 46.6442 63.8838 36.5442 67.8116 47.0106 16.2788 14.2127 
55.7958 55.5788 35.1297 68.5422 52.2057 14.5602 67.6596 58.5039 14.8661 62.482 80.0808 28.6531 92.1198 30.8707 77.2791 18.3848 85.2267 87.3426 88.8144 57.4543 59.3115 14.3178 47.4528 54.3783 8.544 48.8774 94.0637 38.2616 67.767 89.8922 72.0221 33.7343 52.345 54.1355 49.0408 87.6153 54.5282 83.006 78.0221 31.9371 75.2634 73.2047 81.0364 27.1662 98.8575 37.3631 71.851 34.5202 0.0 48.5077 93.8136 59.0931 64.6637 38.4187 40.7039 7.07107 18.7883 60.2163 64.0124 56.2776 59.7752 58.9139 39.8121 60.0 93.0221 74.3157 17.8045 44.8219 27.8927 43.0116 64.5368 52.0322 61.0574 46.6476 81.8352 64.4966 80.9395 81.3384 50.5512 48.45 
52.6605 8.94427 57.8957 65.0692 48.7955 51.0392 63.052 55.3685 33.7343 36.6742 84.386 72.0278 96.9518 37.5766 80.8084 30.4138 92.0978 82.7756 60.208 40.7185 49.3964 36.2491 77.2003 17.0294 53.8516 37.2022 96.1457 65.0 93.5488 70.1537 71.5891 82.2253 18.6815 74.8465 87.0976 95.5877 44.6542 59.1354 84.22 69.7209 67.9439 53.4662 87.1149 74.5453 112.539 83.0241 96.3923 57.6597 48.5077 0.0 64.4981 13.8924 86.9584 29.2062 52.297 42.0595 30.2655 38.8973 60.8276 53.1422 56.6398 55.7785 86.093 24.0208 96.1736 97.2886 58.0345 81.2527 74.1687 6.08276 30.0666 84.452 20.6155 13.8924 57.0789 59.8897 59.8415 95.0462 71.8908 50.4777 
58.159 68.0 75.5067 55.6597 53.4682 87.1676 43.382 60.4755 81.9878 31.7648 63.0 101.613 69.0507 64.9154 61.0737 78.7718 69.1809 45.0444 5.0 36.7967 42.7369 89.0056 89.9081 47.8539 102.078 45.3431 64.5368 86.6581 93.406 35.0143 56.0529 122.898 82.0549 81.1542 103.324 72.3395 43.1149 13.0 65.0308 94.7347 40.9311 34.1321 66.0076 111.276 91.7878 112.915 93.6574 76.3776 93.8136 64.4981 0.0 52.0096 86.8332 55.4707 69.6767 90.7359 77.8974 33.6006 56.4624 59.4306 56.7299 59.6588 116.52 40.6079 66.2873 92.086 94.4649 98.0324 107.913 64.5368 34.5254 95.462 44.1022 54.1202 13.0384 49.3964 18.6815 80.025 80.5295 62.7718 
51.8941 16.0312 59.4324 62.6817 47.4131 58.8558 60.1483 54.6338 44.2832 27.7849 81.4824 79.8163 94.5504 41.1947 77.907 40.7185 89.2074 72.0958 48.0416 34.6554 44.5982 48.2597 81.0494 9.43398 65.3682 34.1321 93.2421 70.1142 95.552 61.9711 68.6899 92.358 30.0666 76.922 92.2659 92.7211 40.6079 48.2701 81.41 76.0263 59.9135 45.4357 84.2376 83.678 110.436 91.0835 97.6221 60.4288 59.0931 13.8924 52.0096 0.0 88.5065 30.5941 54.9181 53.2353 40.3113 31.4006 59.1692 52.4074 55.4707 55.0364 94.3663 13.4164 93.4684 97.7151 65.7687 86.2844 82.7647 17.0294 18.6815 88.2836 8.24621 14.0 46.0977 56.9861 49.98 93.4933 74.2159 51.5461 
36.8782 95.887 33.2415 31.4006 41.7732 58.5751 45.0999 33.9559 65.192 69.2604 30.4138 40.1995 37.5766 58.3343 29.8329 65.7982 30.8869 45.793 82.9759 59.2115 50.0 71.7998 17.2627 79.1829 68.4621 55.3173 41.6773 29.0689 7.07107 53.3371 31.3847 61.131 101.713 12.7279 24.6982 31.3847 51.2445 73.9797 27.5862 32.7567 46.1736 55.1453 29.2062 51.0392 34.7131 44.5533 9.43398 32.5269 64.6637 86.9584 86.8332 88.5065 0.0 58.5277 35.2278 67.5916 65.1154 64.195 32.0 36.1386 34.2345 33.7343 47.0744 79.0759 39.8246 10.6301 48.2708 23.1948 47.0425 81.3608 78.9177 15.5242 83.9345 75.6135 74.5252 38.2099 68.1542 20.3961 16.2788 37.605 
23.6828 38.0132 29.0172 36.4005 20.0 32.6593 34.9777 26.3908 26.9258 24.0832 56.0357 51.5588 68.7968 11.1803 52.4309 24.0416 63.6003 54.7013 50.4777 19.9249 24.1868 34.4819 50.4876 22.0227 46.6154 12.0416 68.0 40.0665 65.1244 52.1574 43.2666 67.9792 45.607 46.4866 62.0081 67.0075 19.105 45.1885 55.6058 46.6905 42.5815 35.4698 58.6003 58.0286 83.5617 63.2616 67.9616 30.0167 38.4187 29.2062 55.4707 30.5941 58.5277 0.0 24.3311 35.3553 23.0868 21.9545 31.8993 24.1645 27.6621 26.8008 66.7891 24.7386 68.0955 68.858 39.5459 56.0089 56.6931 24.0416 27.7308 57.7062 28.0713 17.088 43.8292 31.7648 43.2046 66.0685 43.6807 21.4709 
24.1868 61.2256 5.83095 33.6149 20.5967 32.4577 36.0505 26.8948 39.0512 42.3792 46.865 32.0156 58.904 23.7806 44.0632 39.6379 52.0108 54.0367 64.7371 33.541 30.017 45.6824 26.1725 46.2709 49.2115 26.2488 60.8479 17.088 41.6773 62.5295 38.8062 53.3349 67.477 22.8254 38.1182 54.3995 26.7547 58.3358 44.8062 25.0599 42.1437 48.5222 47.8205 41.68 65.6456 43.2666 44.6542 6.7082 40.7039 52.297 69.6767 54.9181 35.2278 24.3311 0.0 41.4741 38.9551 38.0789 32.4033 24.6685 28.1661 27.3049 46.8722 48.0416 59.8062 45.607 36.1348 32.1403 38.317 46.6994 49.6488 33.3766 52.0384 41.2311 57.1829 32.8876 61.1107 48.1474 19.6977 7.81025 
53.6168 48.8365 35.9 66.3632 50.0267 18.6011 65.4806 56.3249 9.21954 59.0762 81.3241 35.3412 93.3631 29.6142 78.5224 12.8062 86.47 85.1636 85.7555 55.0364 57.1324 7.28011 53.8823 49.2037 12.2066 46.6154 95.307 40.5865 73.1286 87.4007 73.3394 40.4475 45.2769 54.9057 55.3369 88.8586 52.3492 80.4984 79.2654 38.2307 73.0844 70.7131 82.2796 34.2345 99.6277 44.3847 76.6765 35.2904 7.07107 42.0595 90.7359 53.2353 67.5916 35.3553 41.4741 0.0 13.4536 57.3062 61.8334 54.0986 57.5962 56.7349 46.8722 55.2268 94.2654 78.2217 23.4307 51.1155 34.9285 36.7696 60.1082 58.3258 55.8032 41.4005 79.177 62.3176 78.4479 82.1086 51.3214 49.2202 
42.6875 38.0 33.3809 55.4339 39.0974 21.8403 54.5513 45.3956 4.24264 46.1411 75.1222 42.4264 87.9638 20.3961 71.517 1.0 82.6357 74.2343 72.9452 43.0116 46.1736 11.4018 51.8652 35.805 25.6125 34.9285 87.4268 38.5881 70.8378 75.2115 62.4102 52.2015 37.6962 52.4051 59.8625 86.3396 41.3038 68.1542 74.6253 41.9477 62.1551 58.524 77.6369 44.2832 97.5857 53.0377 74.2765 33.1448 18.7883 30.2655 77.8974 40.3113 65.1154 23.0868 38.9551 13.4536 0.0 44.7772 50.9041 43.1693 46.6669 45.8056 56.0 41.7732 87.3984 75.743 28.6356 54.2643 44.0114 24.5153 46.6905 58.8303 42.4382 28.0179 66.7083 51.3883 66.2588 80.0875 48.8366 38.0532 
28.1603 45.618 43.8634 34.6542 23.1948 53.6 32.0345 31.1448 48.7545 5.09902 53.0402 69.8254 64.6838 31.3478 49.9462 45.6946 60.6721 41.4389 28.6007 5.0 14.8661 56.0803 62.3042 22.8254 68.5055 12.2066 63.3754 55.1543 71.2531 31.3143 41.8179 88.9198 57.5674 55.1453 75.2867 64.2635 13.0 23.4094 54.0098 63.0714 29.1045 14.6268 56.1727 78.9693 83.4714 81.1285 72.6911 44.7772 60.2163 38.8973 33.6006 31.4006 64.195 21.9545 38.0789 57.3062 44.7772 0.0 32.3883 29.2746 30.0167 31.0644 84.7332 18.3848 63.6018 72.1803 60.4865 69.4329 77.6338 36.4966 15.6525 68.7314 24.0416 25.4951 21.9317 28.8722 22.0907 65.5345 53.4603 31.3555 
8.94427 69.4262 29.7749 5.09902 12.0416 55.4677 13.3417 8.06226 54.2113 37.4833 24.5967 49.4566 37.5766 34.9793 21.0238 51.903 31.9061 25.85 52.2015 27.4591 18.0 62.1293 33.6155 49.7393 72.4244 25.0599 37.6431 32.9234 39.0128 39.1548 12.3693 71.8213 77.4997 24.6982 47.0106 35.2278 19.6469 43.4626 23.8537 41.0156 18.4391 23.3452 26.9258 60.2359 51.7397 58.9229 40.3113 29.3965 64.0124 60.8276 56.4624 59.1692 32.0 31.8993 32.4033 61.8334 50.9041 32.3883 0.0 9.48683 4.47214 7.07107 62.3796 48.4665 37.3363 39.8121 54.7681 41.8808 56.602 55.9017 47.5395 39.0 53.7122 47.634 43.6578 7.2111 38.0132 34.4093 24.1868 25.4984 
1.41421 61.8075 30.4985 14.5602 6.08276 49.4967 17.0949 2.23607 46.4765 34.1321 34.0147 56.6052 47.0106 27.2445 30.4631 44.1682 41.1825 34.8998 54.491 24.3311 17.4929 54.3945 33.0419 43.0838 64.6896 19.2354 47.1275 41.6499 43.1741 43.5738 21.8403 77.9224 69.7649 26.0 46.362 44.4185 16.4924 47.4446 33.121 49.7265 24.6982 38.2761 36.2353 66.2675 60.1082 67.9073 45.2217 31.3694 56.2776 53.1422 59.4306 52.4074 36.1386 24.1645 24.6685 54.0986 43.1693 29.2746 9.48683 0.0 5.09902 2.82843 71.5122 42.9535 46.8188 45.31 60.7222 40.8756 62.9045 48.1672 43.1045 39.4588 47.8017 40.1668 46.9368 13.3417 42.155 42.45 24.1868 17.7635 
