NAME  : Jabali_80_2_0.95_1_5
TYPE : SVRP
MODEL : FINITE_SUPPORT
NUMBER_OF_SCENARIOS : 200
DIMENSION : 80
EDGE_WEIGHT_TYPE : MATRIX
CAPACITY : 218
N_VEHICLES : 2
NODE_COORD_SECTION
1 5186 4248
2 9134 6118
3 7060 3410
4 2505 3578
5 8286 5500
6 4785 5195
7 5576 937
8 2821 2338
9 6901 1931
10 7896 4945
11 4796 5496
12 2461 4330
13 6284 18
14 4310 6361
15 3297 6192
16 444 2782
17 3273 2410
18 1046 4603
19 2481 5625
20 6613 5727
21 1916 1323
22 4404 4980
23 8257 3270
24 4768 5698
25 6009 5057
26 3789 7757
27 7493 3630
28 27 2600
29 2609 3131
30 1334 5232
31 6680 7118
32 5872 5975
33 826 3513
34 1338 5965
35 1394 6443
36 5054 7758
37 2341 6676
38 7064 1425
39 3967 2614
40 1788 1782
41 4768 5064
42 7354 3233
43 8001 4169
44 2882 5021
45 952 4112
46 4262 7486
47 2757 6267
48 4999 5208
49 2280 5170
50 5951 4185
51 5711 7040
52 2439 5210
53 8101 3588
54 5881 154
55 6090 5800
56 6205 3751
57 3813 5701
58 8446 3974
59 8716 5872
60 5523 4112
61 4186 5822
62 1575 6572
63 5655 3132
64 4859 6790
65 8460 5825
66 2186 2195
67 5028 4009
68 4864 2621
69 6150 1342
70 3751 6342
71 2613 1700
72 3301 4828
73 7340 4624
74 483 4565
75 6872 3657
76 2732 4435
77 2734 6432
78 6318 6743
79 5783 2493
80 7131 5018
DEMAND_SECTION
1 0.0
2 5.0
3 1.0
4 8.0
5 1.0
6 1.0
7 3.0
8 5.0
9 1.0
10 2.0
11 8.0
12 8.0
13 2.0
14 6.0
15 2.0
16 8.0
17 1.0
18 8.0
19 8.0
20 5.0
21 8.0
22 6.0
23 1.0
24 1.0
25 10.0
26 4.0
27 6.0
28 4.0
29 1.0
30 10.0
31 3.0
32 1.0
33 9.0
34 10.0
35 6.0
36 8.0
37 10.0
38 5.0
39 2.0
40 1.0
41 8.0
42 10.0
43 4.0
44 8.0
45 10.0
46 7.0
47 3.0
48 10.0
49 3.0
50 3.0
51 5.0
52 10.0
53 3.0
54 1.0
55 2.0
56 1.0
57 8.0
58 7.0
59 10.0
60 7.0
61 6.0
62 8.0
63 9.0
64 4.0
65 1.0
66 10.0
67 4.0
68 1.0
69 8.0
70 3.0
71 10.0
72 5.0
73 3.0
74 4.0
75 8.0
76 7.0
77 2.0
78 9.0
79 1.0
80 3.0
DEVIATION_SECTION
1 0.0
2 1.66667
3 0.333333
4 2.66667
5 0.333333
6 0.333333
7 1.0
8 1.66667
9 0.333333
10 0.666667
11 2.66667
12 2.66667
13 0.666667
14 2.0
15 0.666667
16 2.66667
17 0.333333
18 2.66667
19 2.66667
20 1.66667
21 2.66667
22 2.0
23 0.333333
24 0.333333
25 3.33333
26 1.33333
27 2.0
28 1.33333
29 0.333333
30 3.33333
31 1.0
32 0.333333
33 3.0
34 3.33333
35 2.0
36 2.66667
37 3.33333
38 1.66667
39 0.666667
40 0.333333
41 2.66667
42 3.33333
43 1.33333
44 2.66667
45 3.33333
46 2.33333
47 1.0
48 3.33333
49 1.0
50 1.0
51 1.66667
52 3.33333
53 1.0
54 0.333333
55 0.666667
56 0.333333
57 2.66667
58 2.33333
59 3.33333
60 2.33333
61 2.0
62 2.66667
63 3.0
64 1.33333
65 0.333333
66 3.33333
67 1.33333
68 0.333333
69 2.66667
70 1.0
71 3.33333
72 1.66667
73 1.0
74 1.33333
75 2.66667
76 2.33333
77 0.666667
78 3.0
79 0.333333
80 1.0
DISTANCE_MATRIX
0.0 59.4138 27.4769 40.7194 46.0977 14.2127 46.6798 40.399 47.9426 38.2753 18.0278 40.8433 65.3768 31.241 36.3266 70.7308 35.0821 64.4892 42.6398 28.6356 58.4052 14.7705 42.7637 20.2485 16.5529 51.0882 31.7282 76.3301 42.1944 57.4587 44.5533 26.0768 63.66 58.4976 59.4514 48.1041 49.803 53.0398 26.6833 56.0178 13.4536 31.5659 37.7566 38.3266 64.6827 46.0435 42.562 13.8924 44.7275 9.7082 39.3192 43.3266 39.7234 57.9651 25.4951 15.6525 26.9258 43.3824 53.0754 5.0 25.4951 58.3409 19.8612 35.3412 50.2494 48.7758 3.16228 21.587 47.0195 34.2053 48.0224 35.4921 30.0167 71.9482 23.9843 38.5266 43.7227 38.2099 28.6627 29.0689 
59.4138 0.0 46.2385 94.8584 13.6015 60.0333 83.678 98.6668 63.1506 22.8254 59.0339 94.4941 89.3588 65.2534 78.7464 124.87 93.3499 108.977 88.6397 34.4384 116.673 65.5134 40.0125 59.0931 44.4072 76.0263 40.8044 130.469 96.3334 103.486 36.1248 43.6578 117.799 104.178 104.043 60.1332 92.1792 67.3647 84.4224 114.286 60.5392 45.8803 30.8058 84.3542 118.334 69.0652 86.0233 57.8014 90.7551 50.9902 48.0416 89.3542 37.2156 89.9444 41.2311 51.0392 71.3092 31.0161 6.40312 56.2 66.4831 102.489 61.8547 58.6941 9.21954 107.044 62.2254 73.2011 74.9533 72.8011 106.273 81.5197 31.0644 116.216 45.618 92.1775 86.6833 39.1152 63.7649 30.4138 
27.4769 46.2385 0.0 66.4642 33.2415 37.3479 38.2099 61.8227 19.6469 23.7697 39.8121 66.5882 46.8722 52.8394 61.0667 96.4757 55.9951 90.234 68.3847 31.305 77.723 40.1734 16.2788 41.5933 25.4951 71.8471 6.40312 102.075 67.9392 83.2036 49.7695 36.8782 89.4048 84.2425 84.4071 63.7024 74.6138 26.0 46.1696 76.7701 37.0267 4.12311 16.4012 64.0715 90.4276 65.6049 67.3728 35.847 70.4724 17.8138 51.4004 69.0715 14.3178 46.1736 34.2053 13.0009 51.5817 20.0 40.1622 23.931 48.8468 83.2966 23.1721 53.2635 37.6431 70.3852 29.9883 34.1696 30.0 57.7754 67.1402 61.237 17.0 97.6931 3.60555 64.2715 68.5335 45.6508 29.4161 21.3776 
40.7194 94.8584 66.4642 0.0 82.0535 37.5367 54.7814 18.0278 60.2592 75.2012 40.834 10.4403 69.857 44.911 37.1214 30.2659 19.2094 28.0623 26.8982 61.7206 32.1403 32.2901 81.8485 42.406 50.4616 59.1354 70.8901 35.8651 6.40312 34.463 74.2107 55.9506 23.195 44.6819 50.7823 66.0984 41.318 65.2763 23.7697 27.0 36.6383 70.5532 76.7439 20.0 24.2178 58.0775 36.4379 39.3363 21.9364 48.6955 64.1284 21.7069 79.0722 65.307 56.6958 54.6398 34.5254 82.3698 88.6928 45.3062 38.3275 51.9713 46.1946 53.8516 85.9112 20.2237 41.8767 34.0147 56.2939 41.0488 26.0 21.1896 67.4422 32.7604 62.9716 12.0 37.7127 67.5033 47.0973 65.3068 
46.0977 13.6015 33.2415 82.0535 0.0 47.927 71.1969 85.2523 51.1566 9.48683 47.4342 81.3681 78.0 55.3263 68.2495 112.065 79.9354 97.4938 77.1622 23.3452 103.259 53.2259 29.8329 47.8017 31.7648 68.593 28.2843 117.664 83.5285 92.0026 31.305 33.2415 104.994 93.0054 93.3916 54.1202 82.0366 56.0089 71.0079 100.871 48.3322 33.3766 19.0263 72.8705 105.208 61.5224 75.505 45.6946 79.2715 37.4833 41.0 77.8705 26.3059 78.1601 30.4138 37.4433 60.1664 21.1896 7.2111 42.7855 55.5428 91.9837 48.2597 50.04 4.47214 93.6291 48.8365 59.6686 62.6498 62.6498 92.8586 70.0361 17.4929 104.732 32.311 79.0515 76.2955 32.0156 50.2382 17.0294 
14.2127 60.0333 37.3479 37.5367 47.927 0.0 60.1807 47.0744 58.2344 42.2019 4.12311 36.1053 74.9644 17.0294 23.7697 67.5481 43.2897 50.6686 30.3586 25.807 65.2534 5.65685 51.9711 6.32456 16.4924 36.8782 41.0 73.1474 39.3954 45.1775 36.6742 18.6011 60.9115 46.2164 47.1701 34.9285 37.4833 63.3316 37.1472 61.3514 1.0 41.4368 45.0 26.0454 54.3235 31.9061 30.2655 2.23607 32.4463 19.6977 28.2843 31.0454 48.5077 71.466 19.799 25.9422 14.3178 51.0098 54.1202 17.8045 11.6619 46.0596 30.1529 21.8403 51.4296 53.7587 16.1245 34.9285 57.3113 20.5913 55.9017 23.2109 35.2278 57.9069 33.8378 32.9771 31.4006 29.9666 38.9545 32.0156 
46.6798 83.678 38.2099 54.7814 71.1969 60.1807 0.0 41.3038 21.0238 61.8142 64.2349 61.7738 15.2643 76.8712 81.8769 73.0 36.8782 76.5155 75.251 66.7602 49.4773 59.7257 45.618 66.4688 57.0088 96.6179 42.9535 77.1038 49.3356 82.5661 85.3288 68.9638 70.859 88.1276 92.2295 93.7656 89.4409 19.799 31.305 51.4782 59.2778 37.855 52.8867 65.4922 72.671 91.9662 83.5073 60.3078 70.7594 44.9222 83.4865 70.4557 47.1699 11.3137 67.1863 39.8121 71.5652 53.8516 77.8781 49.0426 70.7093 92.3641 33.1059 81.6853 75.505 48.0 44.1527 25.4951 8.94427 78.9461 41.1947 62.6577 55.1453 81.2137 40.0125 60.208 84.9015 80.05 24.5153 59.0 
40.399 98.6668 61.8227 18.0278 85.2523 47.0744 41.3038 0.0 51.923 77.2518 50.8035 28.178 55.5428 59.0085 53.6004 32.3883 5.83095 36.1245 44.3625 68.9788 18.3848 42.4264 73.0913 52.6118 56.9055 75.3127 66.2486 37.108 11.6619 42.5253 83.1837 64.5741 29.6142 52.7442 58.8445 80.025 58.7822 55.7315 15.8114 15.6205 46.0977 65.9117 73.93 36.4005 32.2025 73.3348 53.8516 48.5077 39.4006 48.6291 75.3127 39.1711 74.4307 50.6952 64.9912 54.5733 49.163 78.9051 92.2981 42.5332 52.0 60.0335 39.8334 67.1193 89.4697 8.60233 37.2371 27.7849 45.0999 56.5685 9.0 35.1283 68.9529 40.7185 58.3301 28.7924 55.1543 76.5376 40.7063 68.2565 
47.9426 63.1506 19.6469 60.2592 51.1566 58.2344 21.0238 51.923 0.0 42.0119 57.2624 65.2827 27.2947 70.3369 81.7608 84.1724 46.3249 84.3191 78.3801 50.6952 64.8845 60.2047 24.5967 59.0599 43.499 89.4649 23.0 89.0225 56.211 85.7001 69.2892 55.2924 79.4336 91.2617 95.3636 81.9106 92.5699 7.07107 37.3449 65.3911 57.7874 18.0278 32.3883 68.6212 80.4746 83.318 86.6364 53.2911 73.8935 35.258 70.0043 73.5847 26.2488 27.0185 52.8448 30.4451 72.3644 32.8938 57.5587 44.3967 71.1883 95.4981 29.1949 71.0708 55.3263 60.0833 44.6317 26.3077 12.083 79.7453 55.0364 65.7867 36.3456 89.0173 22.4722 63.4168 88.0305 64.8845 19.4456 41.0 
38.2753 22.8254 23.7697 75.2012 9.48683 42.2019 61.8142 77.2518 42.0119 0.0 42.4264 75.3251 69.0652 52.0865 64.1249 107.33 71.9349 97.3987 72.0863 20.6155 93.9497 47.1275 22.3607 43.1856 25.7099 67.4463 19.0263 112.929 78.7933 86.9052 33.9706 30.4138 98.1418 87.9441 88.8144 54.5619 78.1025 47.1699 62.3964 92.8706 42.45 24.0832 10.7703 67.7731 99.1646 60.4401 71.2531 40.025 74.174 29.2062 41.1461 72.7731 18.3848 69.029 27.2947 28.4253 55.4437 14.8661 16.5529 34.7851 51.1566 87.5728 39.2046 48.2701 13.9284 85.6287 40.8044 50.3964 53.3385 59.0 83.3669 64.9386 8.48528 104.858 22.8473 73.0085 72.1734 32.7567 40.971 10.198 
18.0278 59.0339 39.8121 40.834 47.4342 4.12311 64.2349 50.8035 57.2624 42.4264 0.0 35.5002 78.6686 13.4536 22.0907 71.4358 47.1699 50.0635 29.7321 24.5967 68.884 8.544 53.8516 2.23607 17.0 33.2415 43.0116 76.8193 42.7207 44.5724 33.6155 16.2788 60.3064 45.607 46.3897 30.8058 36.0555 64.1086 41.2111 64.846 5.09902 43.8634 46.1736 25.4403 53.7185 28.0179 29.0 4.24264 31.8412 22.4722 24.5153 30.4403 50.2195 75.5202 18.0278 28.8444 13.0384 52.2398 53.3104 21.2132 9.21954 45.1774 33.1529 17.72 50.6952 57.28 20.1246 39.0 60.3113 18.0278 59.6825 22.6058 36.0 57.3018 36.2491 32.372 30.0167 26.9258 41.9545 32.249 
40.8433 94.4941 66.5882 10.4403 81.3681 36.1053 61.7738 28.178 65.2827 75.3251 35.5002 0.0 77.026 36.0555 27.0 48.2171 28.4253 27.0711 16.505 59.9884 42.4264 33.6623 81.9724 35.3556 50.3493 49.0102 71.014 53.6006 16.5529 23.3499 66.9288 51.1367 37.0877 28.9114 33.0133 57.0088 30.9248 70.3799 30.5287 37.1214 36.2403 70.6771 76.8678 10.4403 30.5018 48.3735 26.0447 38.0599 11.5432 48.8123 55.9464 11.3137 78.8346 72.7186 53.2379 54.7637 25.632 82.4937 88.2247 45.4302 29.9666 33.1479 51.1446 45.31 85.4117 30.5941 42.0006 38.9674 62.0322 31.4006 36.4005 14.1421 67.5661 34.5301 63.0955 3.60555 27.3195 60.4435 52.0473 64.3671 
65.3768 89.3588 46.8722 69.857 78.0 74.9644 15.2643 55.5428 27.2947 69.0652 78.6686 77.026 0.0 91.655 96.0656 86.3713 51.5461 91.1688 90.5009 77.4919 61.131 74.5094 49.4975 80.6913 69.5314 111.402 50.1597 90.0888 64.2573 97.8202 96.1665 81.5469 85.1469 103.382 107.484 106.636 104.691 22.0227 46.5296 64.0078 74.0616 45.2769 59.0085 80.7421 87.3243 106.092 98.7572 74.4799 86.0135 57.5384 96.1647 85.7343 52.1536 5.0 79.331 52.2427 86.6692 58.4209 84.0952 61.8308 85.493 107.618 46.6154 94.4736 82.0244 61.5224 58.9364 40.3609 18.3576 94.05 54.1479 77.9076 63.6396 95.867 49.4773 75.4718 100.151 91.471 36.9618 68.2495 
31.241 65.2534 52.8394 44.911 55.3263 17.0294 76.8712 59.0085 70.3369 52.0865 13.4536 36.0555 91.655 0.0 13.8924 71.1126 56.3205 48.6004 26.1725 32.0624 76.2365 18.3848 66.1287 11.4018 28.4605 19.8494 55.5428 76.4788 49.2544 41.7253 33.6006 22.0907 59.9416 39.9625 39.0 21.2132 26.9258 77.183 51.923 71.5681 17.8045 56.8243 57.4891 25.632 53.0 15.2315 21.0238 17.6918 30.2324 35.805 21.2132 28.8444 62.2977 88.1565 25.02 42.2019 10.4403 63.561 60.208 34.6554 7.07107 37.3363 46.5745 9.43398 57.8705 64.2806 33.0151 51.5846 73.7328 7.61577 68.0074 24.0832 46.8722 55.3173 49.2443 33.2415 21.5407 27.7849 55.376 42.2966 
36.3266 78.7464 61.0667 37.1214 68.2495 23.7697 81.8769 53.6004 81.7608 64.1249 22.0907 27.0 96.0656 13.8924 0.0 60.0833 52.2015 36.2353 13.4164 44.911 69.2604 21.6023 75.71 21.0 39.0512 22.0227 64.7611 65.192 42.5793 28.6007 47.4342 35.171 48.7032 26.0768 25.2982 31.7648 14.0 86.858 51.1837 64.0703 24.0416 65.1556 68.2642 17.2627 41.2311 21.8403 7.28011 25.4951 18.6815 43.3244 34.8281 17.4642 72.1803 93.0495 37.855 49.4412 9.48683 74.3303 73.4983 40.7308 13.0 23.7697 53.6499 22.6716 71.0634 57.3149 37.4839 58.6906 79.2678 6.40312 62.3699 19.7231 58.0345 42.4382 57.5674 25.1794 8.06226 41.6773 62.4514 54.037 
70.7308 124.87 96.4757 30.2659 112.065 67.5481 73.0 32.3883 84.1724 107.33 71.4358 48.2171 86.3713 71.1126 60.0833 0.0 37.855 25.0799 46.8402 91.732 27.7308 62.3015 111.86 71.2911 80.4731 81.0247 100.902 5.65685 30.0167 34.0588 102.864 85.962 11.4018 43.1045 49.2544 91.5478 57.2189 88.1192 47.1275 23.0868 66.6498 100.565 106.755 46.1461 19.2354 81.9085 56.2939 69.3477 41.4367 78.707 91.6238 42.72 109.084 81.3941 86.7073 84.6512 60.8692 113.558 118.704 75.3177 65.5592 51.1566 71.2636 80.5034 115.923 25.0 71.8881 59.1354 77.4145 65.5515 32.249 52.5478 99.0308 22.561 92.983 47.5492 57.0701 96.3791 72.1663 95.3182 
35.0821 93.3499 55.9951 19.2094 79.9354 43.2897 36.8782 5.83095 46.3249 71.9349 47.1699 28.4253 51.5461 56.3205 52.2015 37.855 0.0 39.6469 44.1022 63.6619 23.3238 39.0128 67.4468 49.0918 51.5886 73.5114 60.4209 42.72 13.0384 46.0476 79.0535 60.444 34.1321 56.2665 60.6121 77.0584 58.5235 50.3587 10.0 21.2132 42.2966 60.084 68.1024 35.3412 35.8024 71.0905 53.2353 44.5533 39.142 43.3121 71.5681 38.9125 68.603 46.8188 60.465 49.2564 47.0531 73.0775 86.9812 37.2156 49.2544 60.7467 34.0058 64.0078 84.1528 14.4222 31.9202 21.9545 40.0 54.6149 13.0 33.0461 63.6359 44.3451 52.5024 28.3019 54.5894 72.4094 34.8855 62.9396 
64.4892 108.977 90.234 28.0623 97.4938 50.6686 76.5155 36.1245 84.3191 97.3987 50.0635 27.0711 91.1688 48.6004 36.2353 25.0799 39.6469 0.0 22.8254 74.5517 43.566 48.2256 105.618 49.9189 66.7894 56.3205 94.6599 29.6142 28.2462 9.0 81.3449 65.7 14.0357 18.6815 25.0 68.0 32.1403 89.0072 47.0185 37.7359 50.8036 94.323 100.514 25.0 6.08276 57.7754 31.6228 52.6232 18.4391 72.4581 69.6563 19.8494 102.842 86.4078 67.8012 78.4096 38.9487 106.14 103.318 69.076 43.8634 26.6833 70.6392 58.0086 100.722 33.9706 65.6465 58.4708 79.2115 42.19 41.7253 31.4018 91.212 7.61577 86.7414 26.4031 32.28 74.9533 71.5419 88.0129 
42.6398 88.6397 68.3847 26.8982 77.1622 30.3586 75.251 44.3625 78.3801 72.0863 29.7321 16.505 90.5009 26.1725 13.4164 46.8402 44.1022 22.8254 0.0 54.231 58.3498 27.9155 83.6715 29.5466 46.4794 34.3657 72.6301 51.8652 32.8434 15.5563 59.5483 45.1774 35.4401 16.1245 18.4391 45.1774 14.4222 83.4772 44.5533 52.7843 30.4935 72.4736 75.3221 10.2956 27.8568 35.1141 10.0499 32.3132 6.08276 50.6088 47.3814 5.38516 78.8531 86.3705 47.4236 56.5602 17.4929 81.3455 83.006 47.2267 22.4722 18.0278 64.2419 35.4683 80.4114 47.0903 43.7971 52.0648 75.1373 19.4165 52.7583 16.7631 65.4109 29.2062 64.892 15.8114 11.1803 53.4135 65.1446 61.8925 
28.6356 34.4384 31.305 61.7206 23.3452 25.807 66.7602 68.9788 50.6952 20.6155 24.5967 59.9884 77.4919 32.0624 44.911 91.732 63.6619 74.5517 54.231 0.0 86.9851 31.4006 39.0512 24.6982 12.083 46.8402 30.6105 97.3313 63.201 69.0606 18.6815 10.0 84.6611 69.8928 70.0928 34.6699 58.6941 57.2713 55.0273 84.6117 26.4008 34.1321 28.3019 49.9285 78.2067 39.8497 52.1728 23.6008 56.3294 23.1948 21.4009 54.9285 34.8281 76.181 7.07107 27.074 37.0 34.0 28.7924 26.9258 32.28 68.6586 36.2215 27.6586 26.2488 76.9959 31.7805 48.3814 59.6958 39.3192 76.6023 47.094 17.8045 81.79 28.2312 56.8602 52.9528 14.4222 42.2966 12.2066 
58.4052 116.673 77.723 32.1403 103.259 65.2534 49.4773 18.3848 64.8845 93.9497 68.884 42.4264 61.131 76.2365 69.2604 27.7308 23.3238 43.566 58.3498 86.9851 0.0 60.4152 86.7766 70.6116 74.9117 91.2688 82.1488 30.0832 27.0185 51.4296 101.514 82.9052 31.8277 61.7171 67.9779 97.4166 71.8401 67.2309 32.8024 5.83095 64.2884 76.3605 89.8303 52.0865 38.0132 90.0 68.3879 66.7608 52.2674 66.6353 93.3916 53.1277 87.1356 56.1427 83.3222 66.094 66.0681 94.8054 110.304 60.5392 69.3797 69.3542 55.7337 84.7307 107.476 12.0 55.2433 43.8406 55.7136 73.0068 10.6301 52.1536 85.7359 45.3431 74.2303 44.1022 69.5276 94.8683 56.0803 86.2627 
14.7705 65.5134 40.1734 32.2901 53.2259 5.65685 59.7257 42.4264 60.2047 47.1275 8.544 33.6623 74.5094 18.3848 21.6023 62.3015 39.0128 48.2256 27.9155 31.4006 60.4152 0.0 55.3263 10.198 21.5407 37.7359 44.2832 67.9008 34.1768 42.7344 42.0595 24.2074 58.4684 43.7733 44.7271 38.2099 35.0787 65.3018 33.7343 56.3205 5.0 44.2623 49.163 23.6023 51.8805 33.6155 27.8377 7.81025 30.0033 22.3607 32.9848 28.6023 52.0865 71.011 25.4558 28.3608 12.2079 55.0818 59.5399 19.3132 11.6619 43.6166 32.5694 25.0799 56.8243 48.7647 15.9277 34.4391 57.7116 19.799 51.3517 20.7679 39.8121 55.4638 36.6807 30.534 28.9984 35.3553 41.371 37.0 
42.7637 40.0125 16.2788 81.8485 29.8329 51.9711 45.618 73.0913 24.5967 22.3607 53.8516 81.9724 49.4975 66.1287 75.71 111.86 67.4468 105.618 83.6715 39.0512 86.7766 55.3263 0.0 55.3624 37.6962 84.0773 11.0454 117.459 83.3234 98.5878 55.4437 47.1699 104.789 99.5293 99.093 73.6003 89.4427 27.6586 61.5539 86.9072 51.788 12.6491 11.6619 79.3583 105.812 77.4145 82.2036 50.2195 85.7592 33.0606 60.4401 84.3583 4.24264 50.448 44.1022 28.3852 66.2873 9.0 35.1283 39.2178 63.0635 97.9825 38.5563 64.8845 33.3766 81.3456 45.3725 47.3837 36.6742 71.8401 76.6581 76.5238 21.2603 113.077 19.0263 79.6557 83.3607 53.0377 40.5217 26.9072 
20.2485 59.0931 41.5933 42.406 47.8017 6.32456 66.4688 52.6118 59.0599 43.1856 2.23607 35.3556 80.6913 11.4018 21.0 71.2911 49.0918 49.9189 29.5466 24.6982 70.6116 10.198 55.3624 0.0 18.1108 31.1127 44.5982 76.6746 44.2928 44.4185 32.45 15.8114 60.1617 45.2217 45.7056 28.6356 35.0 65.9061 43.2984 66.4831 7.28011 45.618 47.3814 25.2956 53.5738 25.807 28.0713 6.40312 31.6966 24.4131 22.8035 30.2956 51.6624 77.7541 17.8885 30.8058 12.3693 53.4603 53.4883 23.3452 8.0 44.4072 35.1757 15.5242 50.9215 58.9406 22.3607 41.2311 62.334 16.4924 61.5224 22.4612 37.054 57.1571 38.0132 32.2273 29.0172 25.807 43.9772 33.0606 
16.5529 44.4072 25.4951 50.4616 31.7648 16.4924 57.0088 56.9055 43.499 25.7099 17.0 50.3493 69.5314 28.4605 39.0512 80.4731 51.5886 66.7894 46.4794 12.083 74.9117 21.5407 37.6962 18.1108 0.0 46.6476 27.2947 86.0723 51.9366 61.2983 29.0 12.083 73.1659 62.3372 63.2851 38.4187 53.0377 50.3452 43.0116 72.5243 16.7631 29.2062 29.2746 42.1662 74.1887 40.2244 46.0 14.3178 48.5671 12.1655 26.8328 47.1662 33.8378 67.1627 10.198 17.4642 30.0167 35.3553 38.2753 15.1327 26.0768 62.1289 25.02 27.8029 35.5106 65.7315 19.6977 36.0624 51.2515 34.5254 64.529 39.3317 19.0 74.0277 21.9317 48.0326 47.0106 23.1948 32.573 15.5242 
51.0882 76.0263 71.8471 59.1354 68.593 36.8782 96.6179 75.3127 89.4649 67.4463 33.2415 49.0102 111.402 19.8494 22.0227 81.0247 73.5114 56.3205 34.3657 46.8402 91.2688 37.7359 84.0773 31.1127 46.6476 0.0 73.9256 85.8662 64.4981 47.7598 40.3113 37.3363 69.6348 41.6773 37.8021 17.088 25.5539 96.3111 70.4636 86.093 37.6431 75.7166 74.4648 39.2046 61.8466 7.07107 24.7386 37.4833 40.1995 55.3173 28.0 39.1152 80.0562 107.903 40.4969 61.7171 26.9258 80.4114 72.0625 54.4518 26.0768 35.609 66.2284 19.3132 70.1783 79.3095 52.8015 71.3313 93.3867 18.9737 84.1724 40.5216 63.6946 61.4654 68.2422 47.1699 24.0416 37.0135 75.0299 58.5235 
31.7282 40.8044 6.40312 70.8901 28.2843 41.0 42.9535 66.2486 23.0 19.0263 43.0116 71.014 50.1597 55.5428 64.7611 100.902 60.4209 94.6599 72.6301 30.6105 82.1488 44.2832 11.0454 44.5982 27.2947 73.9256 0.0 106.501 72.365 87.4548 48.3735 37.6431 93.8307 88.4937 88.0959 64.4438 78.4476 28.4429 50.5955 81.1959 40.7922 5.09902 10.2956 68.3227 94.8534 67.4166 71.2065 39.2938 74.7237 22.0227 51.6236 73.3227 8.24621 50.01 34.7131 17.4268 55.3173 13.6015 34.9285 28.1823 52.2015 86.9854 27.5979 54.9181 32.5576 74.811 34.2395 38.5955 34.3657 61.0328 71.566 65.4883 13.9284 102.119 8.24621 68.6973 72.3671 45.0 35.011 19.2354 
76.3301 130.469 102.075 35.8651 117.664 73.1474 77.1038 37.108 89.0225 112.929 76.8193 53.6006 90.0888 76.4788 65.192 5.65685 42.72 29.6142 51.8652 97.3313 30.0832 67.9008 117.459 76.6746 86.0723 85.8662 106.501 0.0 35.5106 38.4708 108.248 91.5613 16.5529 47.0106 53.0094 96.7729 61.6604 92.7631 52.2015 26.1725 72.2491 106.164 112.355 51.5296 24.0416 86.977 61.131 74.947 46.6154 84.3062 97.0073 47.927 114.683 85.0941 92.3065 90.2505 66.2526 119.157 124.304 80.9169 70.9427 55.0 76.3724 85.8836 121.522 29.2746 77.4874 64.2573 81.8841 70.7743 36.0 57.9313 104.63 26.0192 98.5823 52.9327 61.8466 101.763 77.2751 100.917 
42.1944 96.3334 67.9392 6.40312 83.5285 39.3954 49.3356 11.6619 56.211 78.7933 42.7207 16.5529 64.2573 49.2544 42.5793 30.0167 13.0384 28.2462 32.8434 63.201 27.0185 34.1768 83.3234 44.2928 51.9366 64.4981 72.365 35.5106 0.0 34.647 76.0592 57.7062 23.379 44.8659 50.9662 70.4557 47.2631 61.0082 19.0263 22.3607 38.4838 72.0281 78.2189 25.318 24.4017 63.0079 42.3792 41.1461 27.8815 50.1705 67.0885 27.652 80.5472 59.6154 58.3095 56.1148 39.0512 85.0216 90.1678 42.0053 42.4353 52.1552 42.4373 57.9518 87.3862 15.0333 43.3516 30.2655 51.4782 46.0435 19.9249 25.1794 70.4943 32.9444 64.4466 17.4642 43.6579 69.3542 43.34 66.7818 
57.4587 103.486 83.2036 34.463 92.0026 45.1775 82.5661 42.5253 85.7001 86.9052 44.5724 23.3499 97.8202 41.7253 28.6007 34.0588 46.0476 9.0 15.5563 69.0606 51.4296 42.7344 98.5878 44.4185 61.2983 47.7598 87.4548 38.4708 34.647 0.0 75.0733 60.208 23.0217 10.2956 16.5529 60.208 23.1948 90.7973 51.7471 45.618 45.3124 87.2925 92.9625 20.8806 15.0333 49.6488 23.2594 47.1321 13.0 65.4277 62.9365 14.3178 95.45 93.6997 62.3101 71.3791 32.8024 98.7624 97.8267 62.0455 37.8021 18.0278 71.562 50.9902 95.2304 41.0488 58.616 59.3849 82.0207 34.8281 48.4149 27.6586 80.2298 13.8924 79.7109 22.6819 23.7697 68.884 72.4647 76.7114 
44.5533 36.1248 49.7695 74.2107 31.305 36.6742 85.3288 83.1837 69.2892 33.9706 33.6155 66.9288 96.1665 33.6006 47.4342 102.864 79.0535 81.3449 59.5483 18.6815 101.514 42.0595 55.4437 32.45 29.0 40.3113 48.3735 108.248 76.0592 75.0733 0.0 18.6815 91.7349 73.4983 72.0694 24.0208 59.4811 75.7694 71.1969 97.8621 37.5766 52.3259 43.9318 56.8688 85.1469 33.541 54.3783 34.9285 62.9365 41.0488 13.0 61.5224 51.225 94.8625 19.105 45.5412 42.4264 48.7955 32.9848 44.0454 37.4833 70.2353 54.0093 25.0599 31.6228 90.2497 47.676 65.0308 78.3773 41.0488 91.8565 54.0344 34.6699 88.3912 46.8188 63.8006 54.7083 6.7082 60.8276 29.1548 
26.0768 43.6578 36.8782 55.9506 33.2415 18.6011 68.9638 64.5741 55.2924 30.4138 16.2788 51.1367 81.5469 22.0907 35.171 85.962 60.444 65.7 45.1774 10.0 82.9052 24.2074 47.1699 15.8114 12.083 37.3363 37.6431 91.5613 57.7062 60.208 18.6815 0.0 75.9429 60.5392 60.4401 26.8701 48.8365 62.1385 52.6118 79.3095 19.4165 40.3113 37.1618 41.0768 69.355 30.4631 42.45 16.6433 47.4777 24.0416 14.7648 46.0768 43.0465 79.1782 3.16228 29.5466 27.7308 43.0813 38.3275 26.1725 22.8473 58.9406 36.4982 18.0278 35.9026 71.6938 29.1548 47.0956 63.267 29.4279 73.247 38.2423 26.4008 72.9383 33.4215 48.0085 43.1741 12.1655 44.5982 21.1896 
63.66 117.799 89.4048 23.195 104.994 60.9115 70.859 29.6142 79.4336 98.1418 60.3064 37.0877 85.1469 59.9416 48.7032 11.4018 34.1321 14.0357 35.4401 84.6611 31.8277 58.4684 104.789 60.1617 73.1659 69.6348 93.8307 16.5529 23.379 23.0217 91.7349 75.9429 0.0 32.5576 38.833 80.2309 46.0435 84.0536 42.107 26.1725 59.5789 93.4938 99.6845 35.0167 8.0 70.5195 44.911 62.2769 30.0832 71.6361 80.4944 31.3847 102.013 80.2808 78.0441 77.5804 49.7393 105.31 111.633 68.2468 54.4298 40.6079 65.7719 69.3542 108.852 24.5967 64.8173 53.6035 74.0608 54.231 32.6497 41.4184 90.3828 13.6015 85.9122 36.4198 45.7056 85.2497 66.6746 88.2474 
58.4976 104.178 84.2425 44.6819 93.0054 46.2164 88.1276 52.7442 91.2617 87.9441 45.607 28.9114 103.382 39.9625 26.0768 43.1045 56.2665 18.6815 16.1245 69.8928 61.7171 43.7733 99.5293 45.2217 62.3372 41.6773 88.4937 47.0106 44.8659 10.2956 73.4983 60.5392 32.5576 0.0 6.32456 55.9732 16.1245 96.3588 57.3086 55.9017 46.3514 88.3314 91.1799 25.1794 24.7386 44.8219 19.2094 48.171 17.4642 66.4666 60.803 18.2483 94.7109 99.2613 62.9682 72.418 32.8938 97.2033 98.6813 63.0845 37.6962 8.06226 77.1235 48.6004 96.1353 51.3128 59.6549 64.9464 88.0189 32.45 58.6424 32.1403 81.2687 21.095 80.7498 28.2435 19.105 67.7422 78.0262 77.7503 
59.4514 104.043 84.4071 50.7823 93.3916 47.1701 92.2295 58.8445 95.3636 88.8144 46.3897 33.0133 107.484 39.0 25.2982 49.2544 60.6121 25.0 18.4391 70.0928 67.9779 44.7271 99.093 45.7056 63.2851 37.8021 88.0959 53.0094 50.9662 16.5529 72.0694 60.4401 38.833 6.32456 0.0 53.0754 12.8062 100.461 61.4105 62.1691 47.3051 88.4961 92.1337 28.4605 31.0483 41.7253 18.0278 49.0918 21.4709 66.4892 59.1692 21.9317 95.6647 103.363 63.0635 72.5827 33.3766 98.157 98.7623 64.0382 37.855 2.23607 81.2254 47.0106 96.3016 57.4543 60.6087 69.0483 92.1208 31.3847 64.7427 35.171 82.2192 27.0 80.9145 32.3454 17.4642 66.6408 82.1281 78.6384 
48.1041 60.1332 63.7024 66.0984 54.1202 34.9285 93.7656 80.025 81.9106 54.5619 30.8058 57.0088 106.636 21.2132 31.7648 91.5478 77.0584 68.0 45.1774 34.6699 97.4166 38.2099 73.6003 28.6356 38.4187 17.088 64.4438 96.7729 70.4557 60.208 24.0208 26.8701 80.2309 55.9732 53.0754 0.0 40.3113 88.7568 71.8471 92.7793 35.9026 67.1789 62.9682 46.5725 72.9178 11.4018 37.2022 34.4819 50.1597 49.3964 13.4164 48.8467 69.4046 104.25 29.7321 55.4707 31.5753 68.6003 56.7186 50.0899 28.0713 50.9902 61.0382 13.1529 55.109 85.4751 50.5964 69.5701 88.3559 26.0 89.0225 45.2769 52.4309 74.0945 60.208 54.3415 37.0135 22.1359 69.8355 46.8722 
49.803 92.1792 74.6138 41.318 82.0366 37.4833 89.4409 58.7822 92.5699 78.1025 36.0555 30.9248 104.691 26.9258 14.0 57.2189 58.5235 32.1403 14.4222 58.6941 71.8401 35.0787 89.4427 35.0 53.0377 25.5539 78.4476 61.6604 47.2631 23.1948 59.4811 48.8365 46.0435 16.1245 12.8062 40.3113 0.0 97.667 58.7477 66.2193 37.6563 78.7027 82.2192 24.0416 38.0526 29.0 7.28011 39.3192 20.1246 56.8409 46.5296 19.7231 85.9884 100.613 51.6236 62.9343 23.1948 88.278 87.0976 54.2073 27.0 10.8167 67.143 34.4384 84.7231 60.6451 50.9603 66.2546 90.0769 19.4165 67.1781 29.4109 72.0278 36.4005 71.1211 30.2324 6.08276 54.231 79.3345 68.0294 
53.0398 67.3647 26.0 65.2763 56.0089 63.3316 19.799 55.7315 7.07107 47.1699 64.1086 70.3799 22.0227 77.183 86.858 88.1192 50.3587 89.0072 83.4772 57.2713 67.2309 65.3018 27.6586 65.9061 50.3452 96.3111 28.4429 92.7631 61.0082 90.7973 75.7694 62.1385 84.0536 96.3588 100.461 88.7568 97.667 0.0 42.0 68.3081 62.8845 23.7697 37.0 73.7184 85.1627 90.1642 91.7335 60.1373 78.9906 42.1042 76.8505 78.6819 30.1496 22.8035 59.6825 37.2913 77.4616 36.4966 62.0725 49.4938 76.2854 100.595 34.2921 77.917 60.0083 63.561 49.7288 31.4006 11.6619 84.8424 57.8705 70.8839 42.2019 93.7054 29.0689 68.514 93.1277 71.5542 24.5428 47.1275 
26.6833 84.4224 46.1696 23.7697 71.0079 37.1472 31.305 15.8114 37.3449 62.3964 41.2111 30.5287 46.5296 51.923 51.1837 47.1275 10.0 47.0185 44.5533 55.0273 32.8024 33.7343 61.5539 43.2984 43.0116 70.4636 50.5955 52.2015 19.0263 51.7471 71.1969 52.6118 42.107 57.3086 61.4105 71.8471 58.7477 42.0 0.0 31.1448 36.1494 50.2586 58.2769 34.799 43.174 67.0522 52.8141 38.0132 39.9404 34.3847 65.0077 39.6989 58.7776 42.19 52.1728 34.5407 44.1025 63.252 78.0538 28.2312 44.9222 61.5451 24.1803 58.6941 75.2253 24.4131 23.5372 12.083 32.5576 51.8987 22.2036 31.9645 54.1825 51.7167 42.677 29.2062 54.2083 64.7765 25.083 54.0121 
56.0178 114.286 76.7701 27.0 100.871 61.3514 51.4782 15.6205 65.3911 92.8706 64.846 37.1214 64.0078 71.5681 64.0703 23.0868 21.2132 37.7359 52.7843 84.6117 5.83095 56.3205 86.9072 66.4831 72.5243 86.093 81.1959 26.1725 22.3607 45.618 97.8621 79.3095 26.1725 55.9017 62.1691 92.7793 66.2193 68.3081 31.1448 0.0 60.407 80.859 88.8774 47.0 32.2025 85.0529 62.8225 62.9682 46.702 64.2478 89.2861 47.5622 89.3781 59.0085 79.7295 70.1921 61.2944 93.8525 107.917 58.152 64.7815 63.561 54.7808 80.298 105.088 7.61577 52.8559 42.8019 57.0088 68.0294 10.4403 47.5184 84.5716 39.6232 73.2774 39.0 63.9621 91.1811 55.4707 83.8753 
13.4536 60.5392 37.0267 36.6383 48.3322 1.0 59.2778 46.0977 57.7874 42.45 5.09902 36.2403 74.0616 17.8045 24.0416 66.6498 42.2966 50.8036 30.4935 26.4008 64.2884 5.0 51.788 7.28011 16.7631 37.6431 40.7922 72.2491 38.4838 45.3124 37.5766 19.4165 59.5789 46.3514 47.3051 35.9026 37.6563 62.8845 36.1494 60.407 0.0 41.1156 45.0111 26.1803 54.4585 32.7567 30.4157 2.82843 32.5813 19.3132 29.2746 31.1803 48.3735 70.5631 20.5183 25.4972 14.5602 51.0 54.5894 17.2047 12.2066 46.1946 29.7059 22.8035 51.8845 52.811 15.2643 34.0147 56.8642 21.095 54.9181 23.3459 35.3553 58.0418 33.5261 33.1121 31.5753 30.8707 38.5074 32.28 
31.5659 45.8803 4.12311 70.5532 33.3766 41.4368 37.855 65.9117 18.0278 24.0832 43.8634 70.6771 45.2769 56.8243 65.1556 100.565 60.084 94.323 72.4736 34.1321 76.3605 44.2623 12.6491 45.618 29.2062 75.7166 5.09902 106.164 72.0281 87.2925 52.3259 40.3113 93.4938 88.3314 88.4961 67.1789 78.7027 23.7697 50.2586 80.859 41.1156 0.0 15.2315 68.1604 94.5165 69.4046 71.4617 39.9249 74.5613 21.9027 54.6717 73.1604 11.4018 45.0 37.5366 17.0899 55.6706 17.6918 40.025 28.0199 52.9245 87.3856 27.261 57.0088 37.6563 74.4742 34.0772 38.2586 29.2746 61.8466 66.242 65.3259 18.4391 101.782 7.61577 68.3604 72.6224 48.5489 30.1055 23.4094 
37.7566 30.8058 16.4012 76.7439 19.0263 45.0 52.8867 73.93 32.3883 10.7703 46.1736 76.8678 59.0085 57.4891 68.2642 106.755 68.1024 100.514 75.3221 28.3019 89.8303 49.163 11.6619 47.3814 29.2746 74.4648 10.2956 112.355 78.2189 92.9625 43.9318 37.1618 99.6845 91.1799 92.1337 62.9682 82.2192 37.0 58.2769 88.8774 45.0111 15.2315 0.0 71.0089 100.707 67.624 75.1066 43.0116 77.4099 28.1603 49.6488 76.0089 7.61577 59.3043 34.0147 25.0599 59.0762 6.08276 25.1794 34.2106 55.3263 91.0232 35.2794 55.1543 23.0217 82.4925 40.2679 46.2769 44.1475 63.7887 79.2475 70.9959 10.7703 107.973 17.0294 74.0304 76.1643 41.8688 45.2933 16.1245 
38.3266 84.3542 64.0715 20.0 72.8705 26.0454 65.4922 36.4005 68.6212 67.7731 25.4403 10.4403 80.7421 25.632 17.2627 46.1461 35.3412 25.0 10.2956 49.9285 52.0865 23.6023 79.3583 25.2956 42.1662 39.2046 68.3227 51.5296 25.318 20.8806 56.8688 41.0768 35.0167 25.1794 28.4605 46.5725 24.0416 73.7184 34.799 47.0 26.1803 68.1604 71.0089 0.0 28.4307 38.1182 18.0278 28.0 8.06226 46.2956 45.793 7.0 76.2643 76.6648 43.178 52.247 15.2315 77.0322 78.6946 42.9134 19.7231 28.2312 54.4831 34.9285 76.0983 40.1123 39.4839 42.3059 65.3784 21.095 45.1221 7.0 61.0977 32.45 60.5788 8.0 19.4165 50.3836 55.3858 57.5793 
64.6827 118.334 90.4276 24.2178 105.208 54.3235 72.671 32.2025 80.4746 99.1646 53.7185 30.5018 87.3243 53.0 41.2311 19.2354 35.8024 6.08276 27.8568 78.2067 38.0132 51.8805 105.812 53.5738 74.1887 61.8466 94.8534 24.0416 24.4017 15.0333 85.1469 69.355 8.0 24.7386 31.0483 72.9178 38.0526 85.1627 43.174 32.2025 54.4585 94.5165 100.707 28.4307 0.0 62.9682 37.108 56.2782 22.8254 72.6589 73.8173 24.1868 103.036 82.5409 71.4562 78.6031 43.0116 106.333 112.064 69.2696 47.8017 32.7567 66.7947 62.434 109.251 29.0689 65.84 54.6263 75.367 46.9574 37.0135 34.8325 91.4055 8.544 86.9349 29.8339 37.855 78.6618 67.6974 89.2701 
46.0435 69.0652 65.6049 58.0775 61.5224 31.9061 91.9662 73.3348 83.318 60.4401 28.0179 48.3735 106.092 15.2315 21.8403 81.9085 71.0905 57.7754 35.1141 39.8497 90.0 33.6155 77.4145 25.807 40.2244 7.07107 67.4166 86.977 63.0079 49.6488 33.541 30.4631 70.5195 44.8219 41.7253 11.4018 29.0 90.1642 67.0522 85.0529 32.7567 69.4046 67.624 38.1182 62.9682 0.0 26.4197 32.2025 40.5216 49.4975 21.0238 39.2938 73.3553 103.251 33.6155 55.8659 24.1868 73.5391 65.0308 49.0408 22.1359 39.6232 60.5766 12.53 63.1269 78.0 48.0208 66.6795 87.7349 17.0294 82.2982 38.2099 56.8595 63.5295 62.0081 46.0977 26.0768 30.0 69.3781 51.6236 
42.562 86.0233 67.3728 36.4379 75.505 30.2655 83.5073 53.8516 86.6364 71.2531 29.0 26.0447 98.7572 21.0238 7.28011 56.2939 53.2353 31.6228 10.0499 52.1728 68.3879 27.8377 82.2036 28.0713 46.0 24.7386 71.2065 61.131 42.3792 23.2594 54.3783 42.45 44.911 19.2094 18.0278 37.2022 7.28011 91.7335 52.8141 62.8225 30.4157 71.4617 75.1066 18.0278 37.108 26.4197 0.0 32.1403 16.1245 49.5998 41.6173 15.2971 78.7718 94.6799 45.1221 55.6933 16.0312 81.1542 80.7775 46.9662 20.0998 16.4924 59.902 29.4109 78.339 56.63 43.7193 60.3211 84.1433 13.4164 62.2977 22.6716 65.0 37.1214 63.8801 25.0799 1.41421 48.7647 73.4009 61.131 
13.8924 57.8014 35.847 39.3363 45.6946 2.23607 60.3078 48.5077 53.2911 40.025 4.24264 38.0599 74.4799 17.6918 25.4951 69.3477 44.5533 52.6232 32.3132 23.6008 66.7608 7.81025 50.2195 6.40312 14.3178 37.4833 39.2938 74.947 41.1461 47.1321 34.9285 16.6433 62.2769 48.171 49.0918 34.4819 39.3192 60.1373 38.0132 62.9682 2.82843 39.9249 43.0116 28.0 56.2782 32.2025 32.1403 0.0 34.4009 18.3576 27.074 33.0 46.6905 71.5931 17.6918 24.6982 16.1245 49.0408 51.8845 16.9706 13.0 48.0104 28.9643 21.5407 49.1935 55.3624 16.1555 35.1141 56.1227 21.9317 57.2713 25.1655 33.1361 59.8615 32.311 34.9317 33.2415 28.2312 37.7659 29.8329 
44.7275 90.7551 70.4724 21.9364 79.2715 32.4463 70.7594 39.4006 73.8935 74.174 31.8412 11.5432 86.0135 30.2324 18.6815 41.4367 39.142 18.4391 6.08276 56.3294 52.2674 30.0033 85.7592 31.6966 48.5671 40.1995 74.7237 46.6154 27.8815 13.0 62.9365 47.4777 30.0832 17.4642 21.4709 50.1597 20.1246 78.9906 39.9404 46.702 32.5813 74.5613 77.4099 8.06226 22.8254 40.5216 16.1245 34.4009 0.0 52.6965 51.225 1.41421 82.7188 81.8931 49.5789 58.6479 20.5183 83.4332 85.0955 49.3144 25.4558 21.6333 59.7553 39.6611 82.4992 41.0707 45.8848 47.5782 70.6507 24.1661 47.7965 15.0333 67.4987 25.4951 66.9797 10.8753 17.2627 56.5862 60.658 63.9803 
9.7082 50.9902 17.8138 48.6955 37.4833 19.6977 44.9222 48.6291 35.258 29.2062 22.4722 48.8123 57.5384 35.805 43.3244 78.707 43.3121 72.4581 50.6088 23.1948 66.6353 22.3607 33.0606 24.4131 12.1655 55.3173 22.0227 84.3062 50.1705 65.4277 41.0488 24.0416 71.6361 66.4666 66.4892 49.3964 56.8409 42.1042 34.3847 64.2478 19.3132 21.9027 28.1603 46.2956 72.6589 49.4975 49.5998 18.3576 52.6965 0.0 38.6264 51.2956 30.0167 55.1698 22.3607 6.40312 33.8378 33.7343 44.5982 6.16228 31.305 65.3787 13.0384 37.6431 41.7732 57.0059 12.2195 25.1868 39.2585 40.2492 56.2353 43.4611 20.8087 79.9172 14.3211 46.4956 50.7605 35.3553 20.6155 20.6155 
39.3192 48.0416 51.4004 64.1284 41.0 28.2843 83.4865 75.3127 70.0043 41.1461 24.5153 55.9464 96.1647 21.2132 34.8281 91.6238 71.5681 69.6563 47.3814 21.4009 93.3916 32.9848 60.4401 22.8035 26.8328 28.0 51.6236 97.0073 67.0885 62.9365 13.0 14.7648 80.4944 60.803 59.1692 13.4164 46.5296 76.8505 65.0077 89.2861 29.2746 54.6717 49.6488 45.793 73.8173 21.0238 41.6173 27.074 51.225 38.6264 0.0 49.8197 56.2228 93.7961 17.2047 44.2832 30.8058 55.2268 44.1022 40.2616 26.0768 57.3062 50.796 12.2066 42.2966 81.7435 42.19 60.8276 77.8848 28.4253 84.1724 43.0524 39.2046 76.4853 48.0104 52.8186 41.8808 9.05539 59.2368 33.6006 
43.3266 89.3542 69.0715 21.7069 77.8705 31.0454 70.4557 39.1711 73.5847 72.7731 30.4403 11.3137 85.7343 28.8444 17.4642 42.72 38.9125 19.8494 5.38516 54.9285 53.1277 28.6023 84.3583 30.2956 47.1662 39.1152 73.3227 47.927 27.652 14.3178 61.5224 46.0768 31.3847 18.2483 21.9317 48.8467 19.7231 78.6819 39.6989 47.5622 31.1803 73.1604 76.0089 7.0 24.1868 39.2938 15.2971 33.0 1.41421 51.2956 49.8197 0.0 81.2643 81.6088 48.178 57.247 19.105 82.0322 83.6946 47.9134 24.0416 21.9545 59.4466 38.2753 81.0983 41.899 44.4839 47.2694 70.3419 22.8473 47.567 14.0 66.0977 26.9072 65.5788 10.6458 16.4924 55.1725 60.3493 62.5793 
39.7234 37.2156 14.3178 79.0722 26.3059 48.5077 47.1699 74.4307 26.2488 18.3848 50.2195 78.8346 52.1536 62.2977 72.1803 109.084 68.603 102.842 78.8531 34.8281 87.1356 52.0865 4.24264 51.6624 33.8378 80.0562 8.24621 114.683 80.5472 95.45 51.225 43.0465 102.013 94.7109 95.6647 69.4046 85.9884 30.1496 58.7776 89.3781 48.3735 11.4018 7.61577 76.2643 103.036 73.3553 78.7718 46.6905 82.7188 30.0167 56.2228 81.2643 0.0 52.7731 39.9625 25.6089 62.8013 6.7082 32.0 36.1774 59.439 94.5542 35.7801 60.8276 30.0666 82.9932 42.2347 46.7776 38.2753 68.1542 77.0172 73.4834 17.0294 110.301 16.4924 76.5179 79.9062 48.7955 40.8807 22.6716 
57.9651 89.9444 46.1736 65.307 78.1601 71.466 11.3137 50.6952 27.0185 69.029 75.5202 72.7186 5.0 88.1565 93.0495 81.3941 46.8188 86.4078 86.3705 76.181 56.1427 71.011 50.448 77.7541 67.1627 107.903 50.01 85.0941 59.6154 93.6997 94.8625 79.1782 80.2808 99.2613 103.363 104.25 100.613 22.8035 42.19 59.0085 70.5631 45.0 59.3043 76.6648 82.5409 103.251 94.6799 71.5931 81.8931 55.1698 93.7961 81.6088 52.7731 0.0 77.313 49.874 83.1708 59.2284 84.4808 59.5272 81.9946 103.498 43.909 92.1699 82.2982 56.5685 55.438 36.7967 16.4924 90.5516 49.163 73.8303 63.1269 91.0824 48.5077 71.2811 96.0741 90.1302 34.5931 67.4759 
25.4951 41.2311 34.2053 56.6958 30.4138 19.799 67.1863 64.9912 52.8448 27.2947 18.0278 53.2379 79.331 25.02 37.855 86.7073 60.465 67.8012 47.4236 7.07107 83.3222 25.4558 44.1022 17.8885 10.198 40.4969 34.7131 92.3065 58.3095 62.3101 19.105 3.16228 78.0441 62.9682 63.0635 29.7321 51.6236 59.6825 52.1728 79.7295 20.5183 37.5366 34.0147 43.178 71.4562 33.6155 45.1221 17.6918 49.5789 22.3607 17.2047 48.178 39.9625 77.313 0.0 27.5136 30.0832 39.9249 35.7351 25.0 25.2982 61.6117 35.1283 21.1896 33.2415 72.1138 28.6356 46.0 61.4018 32.249 73.4053 40.3435 23.2594 75.0395 30.8058 50.1097 45.8912 13.0384 42.72 18.0278 
15.6525 51.0392 13.0009 54.6398 37.4433 25.9422 39.8121 54.5733 30.4451 28.4253 28.8444 54.7637 52.2427 42.2019 49.4412 84.6512 49.2564 78.4096 56.5602 27.074 66.094 28.3608 28.3852 30.8058 17.4642 61.7171 17.4268 90.2505 56.1148 71.3791 45.5412 29.5466 77.5804 72.418 72.5827 55.4707 62.9343 37.2913 34.5407 70.1921 25.4972 17.0899 25.0599 52.247 78.6031 55.8659 55.6933 24.6982 58.6479 6.40312 44.2832 57.247 25.6089 49.874 27.5136 0.0 39.9604 30.0832 44.6542 12.1065 37.5899 71.4722 10.8167 43.9318 41.8808 62.9502 18.1638 22.5407 33.9628 46.5296 55.5112 49.4125 20.0 85.8687 9.50827 52.4471 56.854 40.2616 15.2971 21.5407 
26.9258 71.3092 51.5817 34.5254 60.1664 14.3178 71.5652 49.163 72.3644 55.4437 13.0384 25.632 86.6692 10.4403 9.48683 60.8692 47.0531 38.9487 17.4929 37.0 66.0681 12.2079 66.2873 12.3693 30.0167 26.9258 55.3173 66.2526 39.0512 32.8024 42.4264 27.7308 49.7393 32.8938 33.3766 31.5753 23.1948 77.4616 44.1025 61.2944 14.5602 55.6706 59.0762 15.2315 43.0116 24.1868 16.0312 16.1245 20.5183 33.8378 30.8058 19.105 62.8013 83.1708 30.0832 39.9604 0.0 65.123 65.7875 31.305 5.0 32.1403 44.1691 19.6977 63.2456 54.0833 28.0875 46.5988 69.8714 8.06226 58.1378 14.0357 49.0102 45.9674 48.0833 22.8035 17.1172 36.1248 52.9706 45.2769 
43.3824 31.0161 20.0 82.3698 21.1896 51.0098 53.8516 78.9051 32.8938 14.8661 52.2398 82.4937 58.4209 63.561 74.3303 113.558 73.0775 106.14 81.3455 34.0 94.8054 55.0818 9.0 53.4603 35.3553 80.4114 13.6015 119.157 85.0216 98.7624 48.7955 43.0813 105.31 97.2033 98.157 68.6003 88.278 36.4966 63.252 93.8525 51.0 17.6918 6.08276 77.0322 106.333 73.5391 81.1542 49.0408 83.4332 33.7343 55.2268 82.0322 6.7082 59.2284 39.9249 30.0832 65.123 0.0 26.1725 39.8365 61.4003 97.0465 40.2545 61.0983 24.5153 87.4676 45.8938 51.252 44.9444 69.8713 84.2226 76.7958 16.7631 113.599 21.4709 80.177 82.2192 47.2017 47.5045 21.9317 
53.0754 6.40312 40.1622 88.6928 7.2111 54.1202 77.8781 92.2981 57.5587 16.5529 53.3104 88.2247 84.0952 60.208 73.4983 118.704 86.9812 103.318 83.006 28.7924 110.304 59.5399 35.1283 53.4883 38.2753 72.0625 34.9285 124.304 90.1678 97.8267 32.9848 38.3275 111.633 98.6813 98.7623 56.7186 87.0976 62.0725 78.0538 107.917 54.5894 40.025 25.1794 78.6946 112.064 65.0308 80.7775 51.8845 85.0955 44.5982 44.1022 83.6946 32.0 84.4808 35.7351 44.6542 65.7875 26.1725 0.0 49.8313 61.0328 97.2677 55.4707 54.1479 2.82843 100.675 55.8659 66.8635 69.2315 67.6831 99.9044 75.8601 24.6982 110.556 39.3954 85.908 81.4923 35.0571 57.4285 24.0416 
5.0 56.2 23.931 45.3062 42.7855 17.8045 49.0426 42.5332 44.3967 34.7851 21.2132 45.4302 61.8308 34.6554 40.7308 75.3177 37.2156 69.076 47.2267 26.9258 60.5392 19.3132 39.2178 23.3452 15.1327 54.4518 28.1823 80.9169 42.0053 62.0455 44.0454 26.1725 68.2468 63.0845 64.0382 50.0899 54.2073 49.4938 28.2312 58.152 17.2047 28.0199 34.2106 42.9134 69.2696 49.0408 46.9662 16.9706 49.3144 6.16228 40.2616 47.9134 36.1774 59.5272 25.0 12.1065 31.305 39.8365 49.8313 0.0 29.4109 62.9277 16.3152 37.7359 47.0029 50.91 6.7082 21.0 43.6329 38.2753 50.1199 40.079 26.4861 76.5351 20.4383 43.1135 48.1269 38.0132 25.1168 25.7897 
