NAME  : Jabali_80_2_0.90_1_3
TYPE : SVRP
MODEL : FINITE_SUPPORT
NUMBER_OF_SCENARIOS : 200
DIMENSION : 80
EDGE_WEIGHT_TYPE : MATRIX
CAPACITY : 220
N_VEHICLES : 2
NODE_COORD_SECTION
1 3852 5850
2 4768 9217
3 3950 4196
4 6427 5491
5 2392 7882
6 7611 4075
7 1522 6477
8 2264 4002
9 1600 4320
10 4629 2610
11 5915 3965
12 3852 4100
13 4189 7276
14 5560 7539
15 3572 3516
16 4837 9815
17 4553 1114
18 8337 4313
19 550 4983
20 4796 5908
21 4008 18
22 3888 8165
23 2851 7153
24 5686 4318
25 5314 8211
26 1253 5802
27 3435 8042
28 4482 3122
29 3635 9263
30 3049 3062
31 3456 5690
32 4494 5628
33 6095 5914
34 2304 4450
35 2112 7499
36 2772 6756
37 4395 4640
38 5923 8479
39 6050 8586
40 4606 8338
41 5089 1894
42 1995 6632
43 3306 7803
44 4850 3610
45 27 6230
46 640 5487
47 5460 2318
48 1228 4802
49 5525 5087
50 7219 4250
51 6842 2628
52 5286 3405
53 1923 6845
54 7193 5618
55 8202 3358
56 5191 9483
57 4047 6749
58 2220 3364
59 4402 8326
60 3614 6576
61 4306 9246
62 5993 6818
63 8343 4143
64 4209 2433
65 8237 5270
66 7768 5555
67 3361 4051
68 3644 1776
69 5659 4064
70 4394 2502
71 6845 2939
72 4932 4522
73 7087 3465
74 7342 6922
75 9206 4593
76 5070 3716
77 8936 4084
78 2101 4809
79 3149 5068
80 5161 9319
DEMAND_SECTION
1 0.0
2 7.0
3 3.0
4 5.0
5 5.0
6 5.0
7 7.0
8 7.0
9 9.0
10 8.0
11 2.0
12 6.0
13 9.0
14 7.0
15 9.0
16 2.0
17 4.0
18 7.0
19 10.0
20 2.0
21 9.0
22 9.0
23 7.0
24 10.0
25 6.0
26 1.0
27 7.0
28 2.0
29 4.0
30 10.0
31 2.0
32 5.0
33 1.0
34 6.0
35 1.0
36 8.0
37 1.0
38 3.0
39 7.0
40 2.0
41 4.0
42 8.0
43 10.0
44 2.0
45 2.0
46 9.0
47 6.0
48 5.0
49 1.0
50 2.0
51 3.0
52 3.0
53 8.0
54 7.0
55 3.0
56 7.0
57 7.0
58 1.0
59 3.0
60 4.0
61 2.0
62 9.0
63 1.0
64 2.0
65 7.0
66 2.0
67 4.0
68 10.0
69 4.0
70 3.0
71 7.0
72 2.0
73 6.0
74 5.0
75 2.0
76 4.0
77 3.0
78 3.0
79 7.0
80 4.0
DEVIATION_SECTION
1 0.0
2 2.33333
3 1.0
4 1.66667
5 1.66667
6 1.66667
7 2.33333
8 2.33333
9 3.0
10 2.66667
11 0.666667
12 2.0
13 3.0
14 2.33333
15 3.0
16 0.666667
17 1.33333
18 2.33333
19 3.33333
20 0.666667
21 3.0
22 3.0
23 2.33333
24 3.33333
25 2.0
26 0.333333
27 2.33333
28 0.666667
29 1.33333
30 3.33333
31 0.666667
32 1.66667
33 0.333333
34 2.0
35 0.333333
36 2.66667
37 0.333333
38 1.0
39 2.33333
40 0.666667
41 1.33333
42 2.66667
43 3.33333
44 0.666667
45 0.666667
46 3.0
47 2.0
48 1.66667
49 0.333333
50 0.666667
51 1.0
52 1.0
53 2.66667
54 2.33333
55 1.0
56 2.33333
57 2.33333
58 0.333333
59 1.0
60 1.33333
61 0.666667
62 3.0
63 0.333333
64 0.666667
65 2.33333
66 0.666667
67 1.33333
68 3.33333
69 1.33333
70 1.0
71 2.33333
72 0.666667
73 2.0
74 1.66667
75 0.666667
76 1.33333
77 1.0
78 1.0
79 2.33333
80 1.33333
DISTANCE_MATRIX
0.0 50.1509 29.1571 33.9706 33.1361 53.8359 32.45 32.249 36.3456 50.3781 37.2864 28.6674 21.41 34.4187 30.9034 57.8583 65.3618 62.4559 46.0652 11.7047 78.8923 30.8059 22.0227 32.2315 40.2934 35.4683 28.0944 44.5521 45.7839 37.7508 5.09902 8.48528 29.6816 28.0 32.1403 19.2354 23.9113 48.7276 49.4967 39.8582 59.174 27.7308 26.0666 35.5798 52.345 43.8292 53.4506 38.2753 23.3869 48.4557 60.6789 37.1545 29.1548 44.6878 64.802 53.7708 13.0924 39.2938 41.0429 10.2956 47.9929 32.5576 62.8129 47.0793 58.6941 52.4023 24.1952 54.393 34.4102 47.0793 57.0927 23.8685 51.768 49.98 72.8011 34.1401 70.5161 27.4591 13.3417 52.3566 
50.1509 0.0 72.3305 53.6004 35.2278 78.2624 56.0357 77.4447 77.7946 88.6163 72.0522 73.2556 29.8976 24.3311 80.7474 7.81025 109.361 82.1523 79.404 45.2462 125.984 20.5913 37.6563 67.2232 15.0333 65.2763 23.7697 82.7903 14.4222 87.5941 53.7648 50.6249 46.8402 72.0992 41.1096 42.2019 63.4196 17.8885 19.2354 12.7279 97.3736 50.1597 26.6833 73.818 74.5453 74.108 91.4433 75.71 55.5615 73.7564 88.9237 75.3837 49.0408 58.1378 90.2552 6.0 37.1255 85.5866 14.2127 40.8956 5.83095 35.5106 83.2166 92.9406 71.0634 64.0078 74.0392 104.779 69.9757 91.1823 85.3375 62.6638 80.0062 46.8722 87.2067 72.3784 89.0056 69.2892 61.2017 5.09902 
29.1571 72.3305 0.0 37.3363 56.8576 48.4364 46.4475 24.4131 33.2415 25.6845 26.5775 1.0 50.2602 51.5024 10.198 80.0379 43.404 57.8892 48.6004 27.8266 57.0275 58.1593 46.1491 22.5307 59.1936 43.9159 55.4477 21.3026 73.1372 20.0998 25.7128 24.7386 37.054 24.0832 53.7059 41.6365 8.94427 65.8925 66.2664 62.0378 37.2624 44.7893 53.4199 22.9838 61.0576 49.2443 37.1629 39.2046 24.0832 43.1462 48.6092 24.5585 46.9173 47.2969 59.2826 75.9504 41.9425 27.2029 63.2225 38.5029 73.6902 45.607 57.9747 25.1215 58.2116 53.7587 8.06226 32.6986 23.4152 25.1215 47.5775 13.1529 46.2486 59.0085 69.3721 21.5442 65.7849 27.4591 17.4962 74.5362 
33.9706 53.6004 37.3363 0.0 66.1057 25.02 65.9469 60.1214 67.7448 45.8803 23.3238 38.3275 40.8853 29.4109 47.0956 60.7289 64.7723 31.0483 79.3438 23.6008 81.7097 50.8606 53.7394 20.2485 38.8973 69.4262 59.2716 41.4367 61.0459 57.0789 38.4187 25.4951 7.0 58.6042 64.141 51.4762 30.3645 41.6773 41.3401 43.931 52.2316 60.7899 57.2438 33.0151 86.267 77.6209 46.2017 70.9683 13.3417 20.2237 35.8799 32.0156 62.0078 10.8167 37.054 55.3624 44.1999 64.3273 45.1157 41.4213 55.5788 18.3848 31.7805 50.6952 24.8395 18.4391 44.911 63.0635 22.8473 48.7647 32.2937 24.1868 26.8328 22.8035 39.8246 31.1448 38.8973 59.3654 43.3932 54.0833 
33.1361 35.2278 56.8576 66.1057 0.0 85.5594 21.8403 50.9313 48.0104 75.3429 69.0249 56.3679 26.6838 44.1584 58.6003 40.05 93.0624 95.4004 45.607 41.4184 106.471 22.0227 11.1803 63.97 38.9487 31.6228 15.6205 70.961 23.3452 63.5138 32.9848 39.8655 59.5123 45.2769 6.08276 15.2315 54.8903 47.4236 48.7545 29.0689 86.9208 17.0 13.4536 66.5589 39.3192 39.8121 84.4297 43.8292 55.0965 80.1764 92.4174 68.1336 15.2315 73.4708 96.5405 41.1947 28.2346 59.4138 27.2947 24.0832 30.0167 51.3026 95.8054 74.7798 87.9201 80.6481 51.8941 81.8841 66.1487 74.7798 88.8312 54.8475 83.5065 69.486 105.453 65.1192 103.462 41.0366 39.3954 40.3113 
53.8359 78.2624 48.4364 25.02 85.5594 0.0 86.2835 72.5868 80.9084 44.643 25.934 49.374 65.9053 53.9351 57.0193 85.1469 56.2228 10.2956 95.9162 45.8803 72.1803 75.7834 74.5691 26.4224 63.3482 89.0107 80.1013 44.6433 85.9687 62.9232 57.9081 45.6946 32.0156 71.5215 84.9707 72.3058 44.3063 64.846 64.2573 68.8538 44.0 81.4539 78.0735 41.6233 106.073 96.5362 37.054 86.5444 30.4631 5.38516 20.3961 38.3406 82.7754 21.4709 12.0416 79.555 65.0296 73.7065 70.0385 62.251 80.5047 42.7551 10.0 49.4773 18.0278 19.8494 56.4397 60.6712 27.4939 47.5395 18.0278 36.5199 11.0454 38.6005 22.3607 38.9723 17.6918 74.7393 64.7738 78.339 
32.45 56.0357 46.4475 65.9469 21.8403 86.2835 0.0 34.0147 28.4253 63.8508 69.7341 45.9578 36.5325 56.4624 47.1699 61.5224 81.2158 94.9036 23.7697 42.6428 92.6553 38.833 19.6469 64.6792 56.5441 9.84886 33.2415 59.4689 45.1221 49.0408 29.0689 40.8044 61.0739 28.7924 15.8114 17.0 50.615 65.5134 66.7119 47.5184 75.4287 6.32456 30.2655 68.2725 21.095 18.1108 76.4112 22.8035 55.8346 80.9034 93.8979 69.8473 7.0 76.4958 97.2496 62.0322 35.805 42.0595 45.5412 29.2062 51.2445 60.9365 95.2606 63.2878 90.7855 84.2787 41.0122 68.4105 66.8578 63.2878 92.8662 56.3161 84.2157 79.1199 105.209 66.8329 102.964 23.7697 30.4138 61.0082 
32.249 77.4447 24.4131 60.1214 50.9313 72.5868 34.0147 0.0 9.84886 34.5398 50.728 23.6008 51.264 66.6671 18.868 84.534 49.0 82.0396 26.5707 43.0 58.9406 57.1709 42.0119 46.6812 71.3092 27.4591 54.2033 30.2433 71.0282 16.0 27.4591 38.0526 58.4325 5.65685 46.2277 37.0135 29.757 79.8311 80.6043 70.5705 45.607 35.2278 51.6236 47.1343 42.19 29.2746 46.0977 17.4642 46.8312 67.2967 60.647 39.8121 37.4433 70.5762 80.0577 83.0466 44.1475 8.48528 64.2253 39.2173 74.3034 64.0312 82.1251 32.9848 82.2982 77.4726 16.4012 35.2278 47.5657 33.5261 59.9725 36.6742 64.4647 80.0667 93.5225 45.6946 89.9354 10.2956 19.0263 81.7765 
36.3456 77.7946 33.2415 67.7448 48.0104 80.9084 28.4253 9.84886 0.0 44.3847 59.0495 32.5269 52.7731 70.0 28.6531 84.5044 58.1378 90.3612 16.7631 47.8539 66.9104 57.7263 40.7185 55.0028 73.5527 20.1246 54.0833 40.0902 69.7711 25.318 31.257 43.4166 64.5136 9.43398 42.638 35.8469 37.8089 82.3893 83.2947 66.7454 55.3624 31.241 51.264 55.4558 33.0 20.0 55.9464 8.0 54.8832 75.6183 70.4939 49.659 33.3017 78.6317 91.7546 83.5225 47.0106 15.1327 64.7808 41.1947 74.0945 68.884 90.4467 42.72 90.4494 85.5344 25.4951 44.0 55.8873 43.3244 69.8194 44.7987 78.7207 85.8662 101.844 54.0162 98.257 9.0 24.3516 82.28 
50.3781 88.6163 25.6845 45.8803 75.3429 44.643 63.8508 34.5398 44.3847 0.0 24.0208 24.7818 69.9044 67.1319 16.7637 96.3237 21.4009 54.7083 61.0983 45.3826 37.5366 76.6446 64.6344 25.7099 75.4794 59.7751 73.933 7.61577 91.6225 20.6155 44.1981 42.2946 48.3322 37.108 72.1912 60.1218 34.1494 81.4818 81.6551 78.3236 12.0416 63.2746 71.9052 16.2788 75.9713 63.3246 11.6619 51.8652 34.8855 41.5933 28.0179 13.9284 65.4026 53.4603 48.3735 91.5459 61.5868 32.2025 79.5083 57.2765 89.976 59.1692 54.0833 5.0 60.2993 58.0086 23.4503 17.2627 23.3452 3.0 28.178 26.8537 33.8378 68.6804 66.7308 16.4012 60.9262 41.8857 35.9815 90.1555 
37.2864 72.0522 26.5775 23.3238 69.0249 25.934 69.7341 50.728 59.0495 24.0208 0.0 27.5152 58.2827 49.4065 33.6254 79.6492 42.274 35.3868 74.0573 31.5753 59.2115 68.7467 57.6375 5.09902 58.5235 69.3346 63.5668 21.8403 78.932 39.9249 41.3587 29.203 27.5862 49.6626 68.2539 55.7556 22.9447 63.1269 63.0317 61.8171 29.7334 64.9045 61.539 17.0294 86.4764 74.6773 23.7035 64.2727 16.5529 20.6439 32.6571 11.7047 66.226 29.6142 36.7802 74.9466 48.4951 50.3125 63.0018 45.7165 73.4695 39.6232 35.4723 29.0172 36.7802 34.0 34.5808 41.1964 3.16228 27.0185 29.071 15.5242 23.7463 45.6946 46.8697 14.2127 43.2826 52.8805 42.915 73.5731 
28.6674 73.2556 1.0 38.3275 56.3679 49.374 45.9578 23.6008 32.5269 24.7818 27.5152 0.0 49.7705 52.4275 9.21954 80.963 42.5013 58.8268 48.0104 28.7518 56.1247 57.6695 45.6594 23.4684 60.1187 43.4262 54.958 20.3999 72.6475 19.105 25.2231 25.6638 38.0526 23.4307 53.2162 41.1468 9.84886 66.8176 67.1915 62.9629 36.3597 44.2996 52.9302 23.9215 60.5392 48.7647 36.2602 38.6005 25.0799 44.0839 49.5469 25.4962 46.4276 48.2701 60.2202 76.8756 41.4528 26.2488 64.1476 38.0132 74.6153 46.5725 58.9123 24.2187 59.1492 54.7083 7.2111 31.7959 24.3529 24.2187 48.5152 14.1421 47.1863 60.0083 70.3097 22.4818 66.7226 26.9258 17.0065 75.4613 
21.41 29.8976 50.2602 40.8853 26.6838 65.9053 36.5325 51.264 52.7731 69.9044 58.2827 49.7705 0.0 20.1246 52.0066 37.605 90.6489 71.3019 57.4282 29.2062 99.9955 22.5612 17.7048 53.4536 21.0 43.9318 19.8497 64.0785 37.5391 58.8218 24.6982 27.6534 33.8924 46.1736 28.0875 19.6599 43.4376 30.0167 31.0644 19.6049 78.7004 30.2433 17.8219 55.1061 57.5207 53.1507 72.9769 52.0096 41.7919 61.0397 75.5066 56.6808 30.3146 47.8509 77.9375 33.5175 9.43398 59.0931 20.7896 12.083 39.7482 25.6827 72.181 68.1824 62.3002 55.0282 45.2984 75.4961 56.2061 68.1824 71.9204 43.3948 66.5958 43.8406 78.4664 53.6665 78.8192 43.9318 33.6155 32.1033 
34.4187 24.3311 51.5024 29.4109 44.1584 53.9351 56.4624 66.6671 70.0 67.1319 49.4065 52.4275 20.1246 0.0 61.5626 31.3209 87.8635 58.0086 76.6877 24.6982 104.499 22.8035 37.64 44.8219 9.48683 63.6003 28.866 61.3059 32.9848 71.1485 39.3107 30.0832 22.8473 62.2121 48.0227 39.5601 42.5916 14.4222 14.7648 15.8739 75.6637 50.1786 31.6502 52.3336 77.4559 72.8011 69.6447 70.4557 33.3017 49.4773 65.0002 53.8145 50.2498 34.0 65.9242 26.0 23.0217 73.5532 17.0586 29.2746 27.0185 11.1803 59.0339 71.4562 47.5184 40.3113 57.6323 83.5895 47.634 69.6979 61.4141 41.4005 56.0803 25.5539 63.7887 50.8939 65.0692 61.0 47.7051 24.6982 
30.9034 80.7474 10.198 47.0956 58.6003 57.0193 47.1699 18.868 28.6531 16.7637 33.6254 9.21954 52.0066 61.5626 0.0 88.4548 34.4832 67.2404 45.1885 37.8868 48.0208 59.9056 47.8955 32.9951 69.2538 43.2897 57.1941 12.3818 74.8836 10.0 27.4592 34.7988 47.1699 20.8806 55.3624 43.382 18.9737 75.9526 76.3266 70.4547 28.3416 46.0977 55.1121 18.1956 59.6657 47.1275 28.2422 35.8469 34.0 53.8241 42.7855 21.9506 48.2701 56.7358 62.1962 84.3673 43.6889 18.868 71.6394 40.2492 77.0926 55.7853 66.7313 16.2007 69.923 63.0445 6.7082 23.6008 31.6228 16.2007 42.111 23.0 46.6032 69.0652 79.3206 20.425 73.8977 25.4951 19.2426 82.9531 
57.8583 7.81025 80.0379 60.7289 40.05 85.1469 61.5224 84.534 84.5044 96.3237 79.6492 80.963 37.605 31.3209 88.4548 0.0 117.068 88.5664 85.1587 52.9535 133.691 28.0179 43.9659 74.8229 21.8403 71.0211 30.4631 90.4977 17.1172 93.7817 59.9156 58.3323 54.0833 79.1581 46.0977 48.7032 71.127 22.2036 23.3452 20.5183 105.081 55.9017 33.2415 81.5254 79.0569 79.6304 99.1507 82.0061 63.1612 80.7775 96.2264 83.0911 54.5894 64.6297 97.0824 6.08276 44.8329 92.6774 21.9317 47.9864 10.4403 42.45 89.6772 100.648 77.026 70.1142 81.7466 112.487 77.5754 98.8897 92.6402 70.3712 87.3155 52.1536 93.0054 80.0857 95.1893 76.1577 68.2925 7.0 
65.3618 109.361 43.404 64.7723 93.0624 56.2228 81.2158 49.0 58.1378 21.4009 42.274 42.5013 90.6489 87.8635 34.4832 117.068 0.0 65.0 74.5453 66.1271 17.0 94.364 82.3539 44.5503 96.2218 76.1643 91.6525 28.8444 109.342 33.0 61.9176 63.0391 67.9684 53.1507 89.8444 77.8412 54.8938 102.176 102.303 99.0681 13.0 80.5233 89.6247 37.6431 91.0879 78.1025 20.2485 66.1211 55.0 54.9181 36.0139 34.0588 82.7103 70.25 55.4437 112.29 82.3312 43.4166 100.253 74.7076 110.72 79.404 64.0078 18.7883 73.8241 73.2462 41.1698 14.5602 41.9371 19.7231 38.2099 47.5982 45.3982 87.3758 76.1643 37.4833 69.3542 58.2151 53.701 110.9 
62.4559 82.1523 57.8892 31.0483 95.4004 10.2956 94.9036 82.0396 90.3612 54.7083 35.3868 58.8268 71.3019 58.0086 67.2404 88.5664 65.0 0.0 105.369 53.7122 80.399 80.4307 83.0341 35.8752 67.1193 97.6308 88.5663 54.8644 90.616 73.1443 66.5282 54.2033 37.855 80.9743 93.4357 80.7709 53.759 67.2681 66.4906 73.5011 53.2353 90.05 86.5385 51.0761 114.693 105.989 46.5296 95.9972 39.1152 14.8661 29.0172 48.5616 91.3017 24.0208 12.2066 82.7345 73.4946 83.9276 74.6858 70.716 85.0 47.0106 1.41421 59.4811 13.6015 18.9737 65.8925 70.406 36.9467 57.5674 27.2947 45.9727 20.8806 38.6264 12.083 48.4251 8.06226 84.1921 74.2266 81.6149 
46.0652 79.404 48.6004 79.3438 45.607 95.9162 23.7697 26.5707 16.7631 61.0983 74.0573 48.0104 57.4282 76.6877 45.1885 85.1587 74.5453 105.369 0.0 57.6975 82.2192 61.0328 42.0119 70.0105 78.3263 14.1421 56.0357 56.759 68.884 41.9762 41.1825 54.2033 75.6637 24.6982 39.5601 38.0526 52.8061 87.3749 88.459 70.0071 72.1249 29.2746 53.0377 69.883 17.72 6.40312 72.6154 9.43398 68.3205 90.626 87.1627 66.3278 30.5941 90.1553 106.182 85.3756 54.1202 31.1448 68.0074 47.5395 74.8131 77.9364 105.454 59.4811 103.831 97.7481 41.3401 60.208 70.895 60.0833 86.4881 59.7959 93.1479 95.8541 116.852 68.4434 113.265 21.2603 36.8782 84.2912 
11.7047 45.2462 27.8266 23.6008 41.4184 45.8803 42.6428 43.0 47.8539 45.3826 31.5753 28.7518 29.2062 24.6982 37.8868 52.9535 66.1271 53.7122 57.6975 0.0 82.7498 41.8831 30.4281 26.4764 32.1093 46.6154 35.9603 39.5567 52.0684 47.4727 16.7631 5.38516 18.4391 39.2046 40.8296 28.1648 18.9158 38.9102 39.3954 34.9535 54.1206 37.4786 33.9325 30.5843 63.0641 55.2268 48.3735 49.98 16.0312 40.5216 53.1732 32.1011 38.6964 33.9706 57.2713 48.1757 20.8886 49.366 36.1382 18.11 46.6058 21.095 54.231 49.7069 48.4149 41.7732 33.1078 60.5222 28.8617 47.9486 49.587 18.868 44.2623 38.2753 63.2851 29.0867 61.7414 39.0512 24.0208 46.7854 
78.8923 125.984 57.0275 81.7097 106.471 72.1803 92.6553 58.9406 66.9104 37.5366 59.2115 56.1247 99.9955 104.499 48.0208 133.691 17.0 80.399 82.2192 82.7498 0.0 107.895 95.8801 61.4877 112.847 86.3481 105.183 44.5533 122.872 43.6578 75.4481 79.6618 84.9058 63.8905 102.883 91.3017 65.9682 118.849 119.017 115.691 29.9666 92.8493 103.155 53.7587 99.6092 86.7006 37.1618 74.8131 71.8471 71.3092 51.788 50.8035 95.0789 87.0919 70.0071 128.913 91.6778 51.788 116.876 88.2381 127.343 96.2601 79.3095 33.9706 90.0278 89.8443 54.7083 24.5967 58.8746 35.3553 54.3415 64.2209 61.6117 104.22 91.0494 53.9073 84.006 68.9638 67.2309 127.523 
30.8059 20.5913 58.1593 50.8606 22.0227 75.7834 38.833 57.1709 57.7263 76.6446 68.7467 57.6695 22.5612 22.8035 59.9056 28.0179 94.364 80.4307 61.0328 41.8831 107.895 0.0 19.2354 63.9177 17.7263 47.1699 6.40312 72.2626 18.9737 66.4171 32.551 47.2619 43.9594 51.8254 26.4197 23.0 52.9031 26.6833 27.8927 9.05539 94.0106 32.5576 8.94427 70.4549 59.1354 56.3205 88.0802 56.3205 52.256 71.0842 85.8689 72.0206 32.0156 56.5016 87.8216 26.0 24.112 65.3128 7.07107 20.6218 18.3848 33.4245 81.4089 76.0815 70.2575 63.0254 53.1974 83.3951 66.6702 76.0815 82.2828 59.3007 76.9227 48.076 86.535 69.0153 87.6382 49.0768 40.9279 24.6982 
22.0227 37.6563 46.1491 53.7394 11.1803 74.5691 19.6469 42.0119 40.7185 64.6344 57.6375 45.6594 17.7048 37.64 47.8955 43.9659 82.3539 83.0341 42.0119 30.4281 95.8801 19.2354 0.0 52.5826 36.9187 28.0179 14.0357 60.2525 29.1548 53.4135 21.8403 28.8752 48.8592 36.4005 10.7703 5.0 44.2623 45.8912 47.0865 28.0713 76.2123 13.3417 11.0454 55.9308 40.3113 37.1214 73.8017 38.0789 44.1062 69.186 81.0299 57.5056 13.0 64.2811 85.5501 43.566 18.868 50.448 26.0768 13.6015 33.5261 42.2173 83.439 64.0713 78.5746 72.064 41.1873 71.3442 54.7612 64.0713 77.4438 44.2195 72.5162 60.507 93.0871 54.4912 91.0957 32.7567 28.6531 42.4264 
32.2315 67.2232 22.5307 20.2485 63.97 26.4224 64.6792 46.6812 55.0028 25.7099 5.09902 23.4684 53.4536 44.8219 32.9951 74.8229 44.5503 35.8752 70.0105 26.4764 61.4877 63.9177 52.5826 0.0 53.8238 65.2878 58.5119 22.0227 74.103 39.3197 36.3038 24.1481 23.6008 45.6158 63.1991 50.7007 18.868 58.7282 58.6941 56.9881 32.0096 59.8496 56.4841 15.2315 82.4296 70.6305 25.9797 60.6388 11.6619 21.1323 33.1455 12.0416 61.1711 28.0179 37.2686 70.1783 43.4402 49.7119 58.1728 40.6616 68.6405 35.3836 35.9607 30.5941 37.0 33.3766 30.534 42.9535 2.82843 28.6356 29.5594 11.1803 24.2347 43.0116 47.3581 12.6491 43.771 48.8337 38.8682 68.7968 
40.2934 15.0333 59.1936 38.8973 38.9487 63.3482 56.5441 71.3092 73.5527 75.4794 58.5235 60.1187 21.0 9.48683 69.2538 21.8403 96.2218 67.1193 78.3263 32.1093 112.847 17.7263 36.9187 53.8238 0.0 64.7454 23.7697 69.6535 25.4951 78.5063 43.9659 37.4881 32.311 66.4906 43.8634 40.4567 50.2828 9.05539 10.198 10.0 84.22 50.2563 26.5707 60.6811 76.8441 73.9263 78.2652 73.0068 42.2019 58.9406 74.4672 62.2415 49.7411 43.1045 75.3127 16.5529 27.2029 78.7474 11.6619 32.3883 18.4391 20.6155 68.1836 79.8037 56.1427 49.0408 64.9506 91.6426 56.6127 78.0454 70.881 49.5177 65.5515 32.573 72.3395 59.2394 74.0 64.6297 52.8434 15.2315 
35.4683 65.2763 43.9159 69.4262 31.6228 89.0107 9.84886 27.4591 20.1246 59.7751 69.3346 43.4262 43.9318 63.6003 43.2897 71.0211 76.1643 97.6308 14.1421 46.6154 86.3481 47.1699 28.0179 65.2878 64.7454 0.0 42.0 55.3931 54.8179 43.2897 31.1127 43.9318 65.0 23.0217 25.632 24.3311 48.0833 73.7179 74.9133 56.0803 71.3442 15.1327 39.0 65.7409 17.4929 9.21954 71.2535 13.4536 58.5618 83.6306 91.3663 67.3156 16.4924 80.1561 102.04 71.2531 41.6293 34.7851 54.0833 34.9285 60.6712 66.5487 97.9878 59.0762 94.0691 87.8635 37.855 62.6498 66.1723 59.2115 90.3346 55.0731 89.0057 84.4721 107.987 64.3013 105.691 18.0 29.5296 70.1783 
28.0944 23.7697 55.4477 59.2716 15.6205 80.1013 33.2415 54.2033 54.0833 73.933 63.5668 54.958 19.8497 28.866 57.1941 30.4631 91.6525 88.5663 56.0357 35.9603 105.183 6.40312 14.0357 58.5119 23.7697 42.0 0.0 69.5511 17.8045 63.7056 29.8395 34.4074 52.6782 48.7647 20.1246 18.4391 50.1916 32.573 33.8378 14.3178 83.5976 27.074 3.0 61.8601 53.1601 51.0392 79.731 51.9711 49.6384 74.7183 86.9592 63.4349 26.3059 66.6367 91.0823 29.6142 21.4005 62.434 12.3693 17.9103 20.1246 39.487 88.9713 73.37 81.086 73.814 50.4859 80.6836 60.6905 73.37 83.3731 50.1488 78.0484 54.1385 98.6193 60.4205 96.6279 45.6946 38.2164 28.4429 
44.5521 82.7903 21.3026 41.4367 70.961 44.6433 59.4689 30.2433 40.0902 7.61577 21.8403 20.3999 64.0785 61.3059 12.3818 90.4977 28.8444 54.8644 56.759 39.5567 44.5533 72.2626 60.2525 22.0227 69.6535 55.3931 69.5511 0.0 87.2406 18.3576 39.8162 36.4687 43.0116 32.7567 67.8093 55.7398 28.3234 75.6559 75.8291 72.4977 19.4165 58.8927 67.5233 9.43398 71.5894 58.9488 17.2627 47.4949 29.4109 41.2346 30.4795 10.198 61.0207 50.0 49.8197 85.7199 55.7608 29.0689 73.6824 51.4506 84.15 53.3831 54.3552 10.6301 58.4729 55.3263 19.0684 22.3607 20.2237 9.21954 29.7321 21.0278 34.2272 64.1327 66.9445 10.4403 61.5216 37.5038 31.5996 84.3296 
45.7839 14.4222 73.1372 61.0459 23.3452 85.9687 45.1221 71.0282 69.7711 91.6225 78.932 72.6475 37.5391 32.9848 74.8836 17.1172 109.342 90.616 68.884 52.0684 122.872 18.9737 29.1548 74.103 25.4951 54.8179 17.8045 87.2406 0.0 81.3204 47.529 52.0969 54.1447 65.4599 29.4279 34.1321 67.8811 31.241 32.6497 17.2627 101.287 39.8497 19.799 79.5496 62.0081 63.1506 97.4204 66.4831 62.4412 81.2695 96.0542 81.1243 38.3275 66.6869 98.0069 19.6977 39.0899 79.404 17.0294 35.5997 8.60233 43.6097 91.5942 91.0594 80.4428 73.2107 68.1754 98.3731 76.8555 91.0594 92.4681 67.8383 87.108 57.9396 96.7202 78.11 97.8235 61.9112 55.8659 19.2354 
37.7508 87.5941 20.0998 57.0789 63.5138 62.9232 49.0408 16.0 25.318 20.6155 39.9249 19.105 58.8218 71.1485 10.0 93.7817 33.0 73.1443 41.9762 47.4727 43.6578 66.4171 53.4135 39.3197 78.5063 43.2897 63.7056 18.3576 81.3204 0.0 34.2053 44.3847 57.1402 20.3961 59.5399 48.6004 28.6356 85.3106 85.7972 77.3014 30.4631 49.2443 61.5224 24.5201 58.1378 45.1774 32.2025 33.2415 44.0 60.1484 48.1664 28.2312 51.4782 66.6771 68.0074 91.214 50.5356 11.6619 78.4861 47.0106 83.6041 65.5134 72.6351 17.8885 76.243 72.6374 14.3178 19.4165 37.9473 18.868 47.8017 33.0 52.5071 79.0569 85.2244 26.7495 79.8015 25.4951 25.4951 89.7998 
5.09902 53.7648 25.7128 38.4187 32.9848 57.9081 29.0689 27.4591 31.257 44.1981 41.3587 25.2231 24.6982 39.3107 27.4592 59.9156 61.9176 66.5282 41.1825 16.7631 75.4481 32.551 21.8403 36.3038 43.9659 31.1127 29.8395 39.8162 47.529 34.2053 0.0 13.0384 34.4819 23.0217 31.0644 18.1108 27.9835 52.4022 53.1713 43.4721 55.776 25.0 27.8029 47.5378 48.2701 39.2046 55.6765 33.2415 27.4592 52.528 64.7511 41.2268 26.6833 49.2037 68.8742 57.3848 16.7631 34.7851 44.6569 12.8062 49.738 37.6563 66.8851 43.635 62.9693 56.8507 20.751 50.9487 38.4824 43.635 61.165 27.9407 55.8403 55.0273 76.8841 38.2124 74.5883 22.3607 8.94427 55.9706 
8.48528 50.6249 24.7386 25.4951 39.8655 45.6946 40.8044 38.0526 43.4166 42.2946 29.203 25.6638 27.6534 30.0832 34.7988 58.3323 63.0391 54.2033 54.2033 5.38516 79.6618 47.2619 28.8752 24.1481 37.4881 43.9318 34.4074 36.4687 52.0969 44.3847 13.0384 0.0 21.4709 34.5254 39.2767 26.5707 15.8278 44.2924 44.7772 40.3322 51.0906 35.8469 32.3796 27.4963 60.8276 52.2015 45.3672 46.0977 15.2315 40.3113 52.5954 29.0711 37.1214 36.2353 56.6917 54.2449 19.3357 44.1814 41.517 16.5571 51.9846 26.0 54.5894 46.6189 50.2096 43.9318 27.8174 57.4342 26.3267 44.8606 49.0093 15.785 43.6846 42.45 64.405 26.0567 62.2656 34.7851 19.2354 52.8307 
29.6816 46.8402 37.054 7.0 59.5123 32.0156 61.0739 58.4325 64.5136 48.3322 27.5862 38.0526 33.8924 22.8473 47.1699 54.0833 67.9684 37.855 75.6637 18.4391 84.9058 43.9594 48.8592 23.6008 32.311 65.0 52.6782 43.0116 54.1447 57.1402 34.4819 21.4709 0.0 55.3742 59.2607 46.5959 29.0689 35.805 35.609 37.0298 55.4277 55.9097 50.6504 34.0554 81.4952 73.4983 49.3978 67.5426 13.6015 27.1662 42.1562 34.4384 57.1276 15.8114 44.0454 48.8467 39.3197 63.2851 38.2145 36.5411 48.6621 12.2066 38.6394 52.9245 30.5287 23.6008 44.0454 65.192 26.4008 51.0784 38.57 24.3311 33.2415 22.0227 46.0977 32.573 45.607 56.0803 40.1622 47.5395 
28.0 72.0992 24.0832 58.6042 45.2769 71.5215 28.7924 5.65685 9.43398 37.108 49.6626 23.4307 46.1736 62.2121 20.8806 79.1581 53.1507 80.9743 24.6982 39.2046 63.8905 51.8254 36.4005 45.6158 66.4906 23.0217 48.7647 32.7567 65.4599 20.3961 23.0217 34.5254 55.3742 0.0 40.6079 31.4006 28.4675 75.1332 75.9539 60.8444 48.6621 29.6816 46.1411 46.0689 38.833 26.2488 48.6171 15.2643 45.5418 66.2314 63.1604 42.3255 31.9061 69.2903 82.3677 77.7011 39.4588 14.1421 58.8798 34.2053 68.884 60.2993 81.0598 36.2215 81.108 76.1931 16.6433 39.8121 46.5003 36.4966 62.4859 35.4573 69.3337 76.9025 92.5133 44.6293 88.87 5.09902 15.2971 76.4311 
32.1403 41.1096 53.7059 64.141 6.08276 84.9707 15.8114 46.2277 42.638 72.1912 68.2539 53.2162 28.0875 48.0227 55.3624 46.0977 89.8444 93.4357 39.5601 40.8296 102.883 26.4197 10.7703 63.1991 43.8634 25.632 20.1246 67.8093 29.4279 59.5399 31.0644 39.2767 59.2607 40.6079 0.0 13.0 54.8788 52.5547 53.8516 34.176 83.7691 11.4018 17.4929 75.5309 33.541 33.7343 83.6696 38.0789 54.5078 79.5876 91.6464 68.122 9.43398 73.997 95.9517 47.0956 29.5296 54.6717 32.311 24.3516 36.0 52.7063 93.8406 71.6281 88.4464 81.1744 48.7032 78.2943 65.3777 71.6281 88.0602 54.836 82.7355 70.8897 103.489 65.1077 101.497 36.1248 36.4005 46.1736 
19.2354 42.2019 41.6365 51.4762 15.2315 72.3058 17.0 37.0135 35.8469 60.1218 55.7556 41.1468 19.6599 39.5601 43.382 48.7032 77.8412 80.7709 38.0526 28.1648 91.3017 23.0 5.0 50.7007 40.4567 24.3311 18.4391 55.7398 34.1321 48.6004 18.1108 26.5707 46.5959 31.4006 13.0 0.0 42.3804 49.4292 50.6398 32.0156 71.6997 10.8167 15.5242 63.4615 38.0789 33.541 71.6002 33.541 41.8429 66.9228 79.148 55.6237 11.3137 62.0179 83.2711 48.0521 19.105 45.4533 30.0167 12.8062 38.2753 43.9376 81.1758 59.5587 76.3114 69.8008 36.6742 66.7308 52.8793 59.5587 75.5619 42.3376 70.2372 62.121 90.8238 52.6093 88.8325 27.7849 24.1661 46.8722 
23.9113 63.4196 8.94427 30.3645 54.8903 44.3063 50.615 29.757 37.8089 34.1494 22.9447 9.84886 43.4376 42.5916 18.9737 71.127 54.8938 53.759 52.8061 18.9158 65.9682 52.9031 44.2623 18.868 50.2828 48.0833 50.1916 28.3234 67.8811 28.6356 27.9835 15.8278 29.0689 28.4675 54.8788 42.3804 0.0 56.9816 57.3555 53.127 42.9453 51.5293 48.1638 19.351 65.2251 53.4261 37.2219 43.4343 17.088 39.0161 44.9765 20.9258 52.8508 40.8534 55.1524 67.0396 35.1199 34.2345 54.3117 32.3413 64.7793 36.8782 53.8446 34.0622 53.0 47.8539 15.0 41.6393 19.7825 36.7153 43.9447 7.81025 42.6159 51.0882 65.1153 17.9114 61.6548 31.6292 21.6637 65.6254 
48.7276 17.8885 65.8925 41.6773 47.4236 64.846 65.5134 79.8311 82.3893 81.4818 63.1269 66.8176 30.0167 14.4222 75.9526 22.2036 102.176 67.2681 87.3749 38.9102 118.849 26.6833 45.8912 58.7282 9.05539 73.7179 32.573 75.6559 31.241 85.3106 52.4022 44.2924 35.805 75.1332 52.5547 49.4292 56.9816 0.0 1.41421 18.3848 89.8721 59.2284 35.4401 66.6835 85.7263 82.8988 83.8422 82.0 47.3814 60.9262 77.5541 68.1175 58.6941 43.6807 76.5376 16.1245 35.6931 87.1815 20.2485 41.1947 23.0217 23.6008 68.4471 85.8061 55.2268 48.5077 71.755 97.9394 61.5549 84.0478 73.9679 55.8032 68.4763 30.0167 71.0282 65.2439 73.5527 73.437 61.2776 15.2971 
49.4967 19.2354 66.2664 41.3401 48.7545 64.2573 66.7119 80.6043 83.2947 81.6551 63.0317 67.1915 31.0644 14.7648 76.3266 23.3452 102.303 66.4906 88.459 39.3954 119.017 27.8927 47.0865 58.6941 10.198 74.9133 33.8378 75.8291 32.6497 85.7972 53.1713 44.7772 35.609 75.9539 53.8516 50.6398 57.3555 1.41421 0.0 19.6977 89.9414 60.4242 36.6879 66.8568 86.977 84.0942 83.9115 83.006 47.4236 60.4152 77.2194 68.2495 59.9083 43.0116 75.8947 17.2627 36.4966 87.9507 21.5407 42.107 24.4131 23.4307 67.6831 85.9794 54.3323 47.676 72.2416 98.1127 61.5224 84.2211 73.6333 56.0357 68.0955 29.0 70.0643 65.4172 72.6911 74.3303 62.0467 16.4924 
39.8582 12.7279 62.0378 43.931 29.0689 68.8538 47.5184 70.5705 66.7454 78.3236 61.8171 62.9629 19.6049 15.8739 70.4547 20.5183 99.0681 73.5011 70.0071 34.9535 115.691 9.05539 28.0713 56.9881 10.0 56.0803 14.3178 72.4977 17.2627 77.3014 43.4721 40.3322 37.0298 60.8444 34.176 32.0156 53.127 18.3848 19.6977 0.0 87.0809 41.3038 17.2627 63.5253 67.4463 65.192 81.1506 65.3758 45.3263 64.1546 78.9393 65.091 40.6079 49.572 80.892 17.4929 26.8328 78.2082 2.0 31.398 12.6491 26.4949 74.4793 82.6479 63.3279 56.0958 63.7465 94.4868 59.7406 80.8896 75.3532 52.3711 69.9931 41.1464 79.6054 62.0857 80.7086 58.0958 52.3992 16.1245 
59.174 97.3736 37.2624 52.2316 86.9208 44.0 75.4287 45.607 55.3624 12.0416 29.7334 36.3597 78.7004 75.6637 28.3416 105.081 13.0 53.2353 72.1249 54.1206 29.9666 94.0106 76.2123 32.0096 84.22 71.3442 83.5976 19.4165 101.287 30.4631 55.776 51.0906 55.4277 48.6621 83.7691 71.6997 42.9453 89.8721 89.9414 87.0809 0.0 74.8525 81.5698 26.8328 87.4757 74.7329 7.28011 63.0635 42.5313 42.2966 24.3311 22.0227 76.9805 57.2821 44.643 100.303 70.3827 42.0476 88.2657 67.6041 98.7333 66.8955 52.345 12.6491 61.2944 60.4152 35.0282 18.3576 29.3965 12.1655 26.0192 35.6497 33.0151 74.4079 64.7765 26.0768 58.2495 53.4603 47.5594 98.9129 
27.7308 50.1597 44.7893 60.7899 17.0 81.4539 6.32456 35.2278 31.241 63.2746 64.9045 44.2996 30.2433 50.1786 46.0977 55.9017 80.5233 90.05 29.2746 37.4786 92.8493 32.5576 13.3417 59.8496 50.2563 15.1327 27.074 58.8927 39.8497 49.2443 25.0 35.8469 55.9097 29.6816 11.4018 10.8167 51.5293 59.2284 60.4242 41.3038 74.8525 0.0 24.0832 66.6143 27.2947 24.0 74.753 26.8328 51.005 76.0738 88.2969 68.1891 2.23607 71.3316 92.42 56.1427 29.8329 43.6005 39.3192 23.3452 45.5412 54.7257 90.4268 62.2827 85.6251 79.1145 39.6232 68.352 62.0282 62.2827 84.7108 51.4865 79.3861 72.909 100.125 65.1747 98.1122 25.0 28.0179 55.0818 
26.0666 26.6833 53.4199 57.2438 13.4536 78.0735 30.2655 51.6236 51.264 71.9052 61.539 52.9302 17.8219 31.6502 55.1121 33.2415 89.6247 86.5385 53.0377 33.9325 103.155 8.94427 11.0454 56.4841 26.5707 39.0 3.0 67.5233 19.799 61.5224 27.8029 32.3796 50.6504 46.1411 17.4929 15.5242 48.1638 35.4401 36.6879 17.2627 81.5698 24.0832 0.0 59.8323 50.2892 48.0416 77.7032 49.0306 47.6106 72.6905 84.9314 61.4071 23.3452 64.6089 89.0545 32.5576 19.3727 59.9083 15.2971 15.8824 22.8473 42.4407 86.9434 71.3422 79.0582 71.7862 48.4039 78.6016 58.6627 71.3422 81.3453 48.121 76.0206 60.6241 96.5915 58.3927 94.6001 42.9535 36.0694 31.4006 
35.5798 73.818 22.9838 33.0151 66.5589 41.6233 68.2725 47.1343 55.4558 16.2788 17.0294 23.9215 55.1061 52.3336 18.1956 81.5254 37.6431 51.0761 69.883 30.5843 53.7587 70.4549 55.9308 15.2315 60.6811 65.7409 61.8601 9.43398 79.5496 24.5201 47.5378 27.4963 34.0554 46.0689 75.5309 63.4615 19.351 66.6835 66.8568 63.5253 26.8328 66.6143 59.8323 0.0 82.8826 71.0836 22.561 60.679 20.4571 36.3332 31.4581 7.28011 68.7423 42.2966 50.4603 76.7475 46.7884 50.165 64.71 44.0098 75.1777 44.4107 51.1616 20.0 52.2015 48.2701 30.9871 31.7648 14.4222 18.4391 30.4264 12.0554 34.867 55.445 62.559 2.82843 58.9718 48.6534 39.3212 75.3572 
52.345 74.5453 61.0576 86.267 39.3192 106.073 21.095 42.19 33.0 75.9713 86.4764 60.5392 57.5207 77.4559 59.6657 79.0569 91.0879 114.693 17.72 63.0641 99.6092 59.1354 40.3113 82.4296 76.8441 17.4929 53.1601 71.5894 62.0081 58.1378 48.2701 60.8276 81.4952 38.833 33.541 38.0789 65.2251 85.7263 86.977 67.4463 87.4757 27.2947 50.2892 82.8826 0.0 13.0 87.4497 25.0 75.6241 100.693 108.508 84.4574 27.313 96.8969 119.181 80.5047 56.8595 48.0416 65.521 50.2195 69.2604 82.0136 115.05 74.9667 111.036 104.661 54.7083 77.0 83.3141 75.3127 107.476 72.2149 106.147 100.197 125.049 81.443 122.753 34.2053 47.0106 79.6304 
43.8292 74.108 49.2443 77.6209 39.8121 96.5362 18.1108 29.2746 20.0 63.3246 74.6773 48.7647 53.1507 72.8011 47.1275 79.6304 78.1025 105.989 6.40312 55.2268 86.7006 56.3205 37.1214 70.6305 73.9263 9.21954 51.0392 58.9488 63.1506 45.1774 39.2046 52.2015 73.4983 26.2488 33.7343 33.541 53.4261 82.8988 84.0942 65.192 74.7329 24.0 48.0416 71.0836 13.0 0.0 74.8091 12.0 66.624 91.2461 89.3525 71.2354 25.0799 88.4081 107.382 80.0999 50.6952 35.0571 63.1981 44.0114 69.3542 75.2299 106.074 62.1691 102.134 96.0469 42.5441 64.0 71.5151 62.5859 94.2544 60.4159 94.3484 93.1533 116.049 69.644 113.885 21.9317 36.2353 79.0569 
53.4506 91.4433 37.1629 46.2017 84.4297 37.054 76.4112 46.0977 55.9464 11.6619 23.7035 36.2602 72.9769 69.6447 28.2422 99.1507 20.2485 46.5296 72.6154 48.3735 37.1618 88.0802 73.8017 25.9797 78.2652 71.2535 79.731 17.2627 97.4204 32.2025 55.6765 45.3672 49.3978 48.6171 83.6696 71.6002 37.2219 83.8422 83.9115 81.1506 7.28011 74.753 77.7032 22.561 87.4497 74.8091 0.0 63.3552 36.5014 35.1283 18.0278 16.5529 76.881 50.0076 38.6264 94.3728 64.6593 43.8292 82.3353 61.8807 92.803 60.8656 45.7056 14.8661 54.1479 53.1507 34.9287 24.0416 23.3666 13.4536 19.2354 29.9262 26.0192 67.1333 58.2495 21.1896 51.923 53.3641 47.46 92.9825 
38.2753 75.71 39.2046 70.9683 43.8292 86.5444 22.8035 17.4642 8.0 51.8652 64.2727 38.6005 52.0096 70.4557 35.8469 82.0061 66.1211 95.9972 9.43398 49.98 74.8131 56.3205 38.0789 60.6388 73.0068 13.4536 51.9711 47.4949 66.4831 33.2415 33.2415 46.0977 67.5426 15.2643 38.0789 33.541 43.4343 82.0 83.006 65.3758 63.0635 26.8328 49.0306 60.679 25.0 12.0 63.3552 0.0 59.9451 81.2543 77.8985 57.0636 28.6531 81.7799 96.9778 81.5843 47.5184 23.0868 63.3877 41.1947 71.5681 70.6045 96.0827 50.448 95.4552 89.3726 31.9061 52.0 61.5233 50.9608 77.224 50.4241 83.9439 88.2553 107.48 59.2394 103.893 12.0416 28.0179 80.4114 
23.3869 55.5615 24.0832 13.3417 55.0965 30.4631 55.8346 46.8312 54.8832 34.8855 16.5529 25.0799 41.7919 33.3017 34.0 63.1612 55.0 39.1152 68.3205 16.0312 71.8471 52.256 44.1062 11.6619 42.2019 58.5618 49.6384 29.4109 62.4412 44.0 27.4592 15.2315 13.6015 45.5418 54.5078 41.8429 17.088 47.3814 47.4236 45.3263 42.5313 51.005 47.6106 20.4571 75.6241 66.624 36.5014 59.9451 0.0 25.0799 37.3786 21.095 52.3259 23.7697 41.5017 58.5235 34.5667 50.9902 46.5111 31.7881 56.9787 24.4131 39.4462 39.3954 36.4005 30.8869 31.5753 51.6236 14.4222 37.5766 33.7924 11.0 28.4678 35.1283 49.679 18.9737 47.1699 48.3421 32.37 57.1402 
48.4557 73.7564 43.1462 20.2237 80.1764 5.38516 80.9034 67.2967 75.6183 41.5933 20.6439 44.0839 61.0397 49.4773 53.8241 80.7775 54.9181 14.8661 90.626 40.5216 71.3092 71.0842 69.186 21.1323 58.9406 83.6306 74.7183 41.2346 81.2695 60.1484 52.528 40.3113 27.1662 66.2314 79.5876 66.9228 39.0161 60.9262 60.4152 64.1546 42.2966 76.0738 72.6905 36.3332 100.693 91.2461 35.1283 81.2543 25.0799 0.0 20.1246 32.1395 77.3952 18.4391 17.0294 75.2861 59.6466 70.5112 65.3393 56.8679 75.8024 38.3275 14.8661 46.5296 19.0263 18.7883 51.1496 58.1378 22.2038 44.5533 17.088 31.2297 9.84886 36.0694 26.6271 33.6822 22.6716 69.4492 59.4837 74.0405 
60.6789 88.9237 48.6092 35.8799 92.4174 20.3961 93.8979 60.647 70.4939 28.0179 32.6571 49.5469 75.5066 65.0002 42.7855 96.2264 36.0139 29.0172 87.1627 53.1732 51.788 85.8689 81.0299 33.1455 74.4672 91.3663 86.9592 30.4795 96.0542 48.1664 64.7511 52.5954 42.1562 63.1604 91.6464 79.148 44.9765 77.5541 77.2194 78.9393 24.3311 88.2969 84.9314 31.4581 108.508 89.3525 18.0278 77.8985 37.3786 20.1246 0.0 24.5155 89.6184 37.8021 20.6155 91.0002 71.8875 59.397 80.124 69.1089 90.5917 54.1565 28.0713 32.249 38.3275 38.9102 49.4721 42.0595 31.1212 30.5287 3.60555 37.305 10.2956 55.4437 40.4475 29.4664 33.9559 67.9075 64.9467 89.6952 
37.1545 75.3837 24.5585 32.0156 68.1336 38.3406 69.8473 39.8121 49.659 13.9284 11.7047 25.4962 56.6808 53.8145 21.9506 83.0911 34.0588 48.5616 66.3278 32.1011 50.8035 72.0206 57.5056 12.0416 62.2415 67.3156 63.4349 10.198 81.1243 28.2312 41.2268 29.0711 34.4384 42.3255 68.122 55.6237 20.9258 68.1175 68.2495 65.091 22.0227 68.1891 61.4071 7.28011 84.4574 71.2354 16.5529 57.0636 21.095 32.1395 24.5155 0.0 70.3171 40.05 43.5178 78.3132 48.3632 38.6377 66.2757 45.5846 76.7434 45.4863 48.0525 18.6815 48.2758 45.1774 28.6372 31.0483 10.0499 16.7631 23.4838 13.6301 27.9244 54.8179 60.6418 5.0 55.2189 50.2281 40.896 76.9229 
29.1548 49.0408 46.9173 62.0078 15.2315 82.7754 7.0 37.4433 33.3017 65.4026 66.226 46.4276 30.3146 50.2498 48.2701 54.5894 82.7103 91.3017 30.5941 38.6964 95.0789 32.0156 13.0 61.1711 49.7411 16.4924 26.3059 61.0207 38.3275 51.4782 26.6833 37.1214 57.1276 31.9061 9.43398 11.3137 52.8508 58.6941 59.9083 40.6079 76.9805 2.23607 23.3452 68.7423 27.313 25.0799 76.881 28.6531 52.3259 77.3952 89.6184 70.3171 0.0 72.5495 93.7415 55.0364 30.4138 45.8039 38.6394 24.0832 44.2832 54.9188 91.7061 64.4582 86.843 80.3324 41.7732 70.5762 63.3497 64.4582 86.0322 52.808 80.7076 73.1022 101.355 67.3027 99.363 27.2029 30.0666 54.0093 
44.6878 58.1378 47.2969 10.8167 73.4708 21.4709 76.4958 70.5762 78.6317 53.4603 29.6142 48.2701 47.8509 34.0 56.7358 64.6297 70.25 24.0208 90.1553 33.9706 87.0919 56.5016 64.2811 28.0179 43.1045 80.1561 66.6367 50.0 66.6869 66.6771 49.2037 36.2353 15.8114 69.2903 73.997 62.0179 40.8534 43.6807 43.0116 49.572 57.2821 71.3316 64.6089 42.2966 96.8969 88.4081 50.0076 81.7799 23.7697 18.4391 37.8021 40.05 72.5495 0.0 32.8938 58.8558 54.7417 74.4648 50.7567 51.963 61.0082 23.0868 25.0799 58.4209 14.7648 7.81025 55.0818 70.7107 30.1496 56.4358 34.4093 34.2053 27.6586 17.6918 30.6757 40.1123 31.1448 70.177 54.2048 57.7062 
64.802 90.2552 59.2826 37.054 96.5405 12.0416 97.2496 80.0577 91.7546 48.3735 36.7802 60.2202 77.9375 65.9242 62.1962 97.0824 55.4437 12.2066 106.182 57.2713 70.0071 87.8216 85.5501 37.2686 75.3127 102.04 91.0823 49.8197 98.0069 68.0074 68.8742 56.6917 44.0454 82.3677 95.9517 83.2711 55.1524 76.5376 75.8947 80.892 44.643 92.42 89.0545 50.4603 119.181 107.382 38.6264 96.9778 41.5017 17.0294 20.6155 43.5178 93.7415 32.8938 0.0 91.444 76.0106 78.8733 82.0767 73.232 92.5419 54.7449 10.8167 52.7731 25.4558 29.6816 67.2859 62.6259 38.3401 51.0 20.2485 47.3661 16.4012 49.2443 21.095 48.4686 14.0 85.5855 75.62 90.2441 
53.7708 6.0 75.9504 55.3624 41.1947 79.555 62.0322 83.0466 83.5225 91.5459 74.9466 76.8756 33.5175 26.0 84.3673 6.08276 112.29 82.7345 85.3756 48.1757 128.913 26.0 43.566 70.1783 16.5529 71.2531 29.6142 85.7199 19.6977 91.214 57.3848 54.2449 48.8467 77.7011 47.0956 48.0521 67.0396 16.1245 17.2627 17.4929 100.303 56.1427 32.5576 76.7475 80.5047 80.0999 94.3728 81.5843 58.5235 75.2861 91.0002 78.3132 55.0364 58.8558 91.444 0.0 40.7455 91.1885 19.2354 45.3106 11.4018 37.0 83.863 95.8702 71.0634 64.195 77.6591 108.399 72.9452 94.1118 87.414 65.5934 82.0792 46.0977 87.0 75.3079 89.2749 74.9466 66.3118 1.41421 
13.0924 37.1255 41.9425 44.1999 28.2346 65.0296 35.805 44.1475 47.0106 61.5868 48.4951 41.4528 9.43398 23.0217 43.6889 44.8329 82.3312 73.4946 54.1202 20.8886 91.6778 24.112 18.868 43.4402 27.2029 41.6293 21.4005 55.7608 39.0899 50.5356 16.7631 19.3357 39.3197 39.4588 29.5296 19.105 35.1199 35.6931 36.4966 26.8328 70.3827 29.8329 19.3727 46.7884 56.8595 50.6952 64.6593 47.5184 34.5667 59.6466 71.8875 48.3632 30.4138 54.7417 76.0106 40.7455 0.0 51.5461 28.0175 6.7082 38.4852 26.1137 73.8996 59.8648 69.0351 62.5246 36.9807 67.1784 45.6188 59.8648 68.3014 35.0771 62.9767 44.2971 83.5476 45.3488 81.5562 38.0132 25.6423 39.3312 
39.2938 85.5866 27.2029 64.3273 59.4138 73.7065 42.0595 8.48528 15.1327 32.2025 50.3125 26.2488 59.0931 73.5532 18.868 92.6774 43.4166 83.9276 31.1448 49.366 51.788 65.3128 50.448 49.7119 78.7474 34.7851 62.434 29.0689 79.404 11.6619 34.7851 44.1814 63.2851 14.1421 54.6717 45.4533 34.2345 87.1815 87.9507 78.2082 42.0476 43.6005 59.9083 50.165 48.0416 35.0571 43.8292 23.0868 50.9902 70.5112 59.397 38.6377 45.8039 74.4648 78.8733 91.1885 51.5461 0.0 79.3929 47.0106 82.4924 70.1142 83.4184 29.5296 85.3928 80.9568 19.4165 29.0689 48.3099 30.5287 58.7963 40.2616 63.2904 85.2877 96.0077 37.1121 90.5848 18.6011 25.9615 89.9185 
41.0429 14.2127 63.2225 45.1157 27.2947 70.0385 45.5412 64.2253 64.7808 79.5083 63.0018 64.1476 20.7896 17.0586 71.6394 21.9317 100.253 74.6858 68.0074 36.1382 116.876 7.07107 26.0768 58.1728 11.6619 54.0833 12.3693 73.6824 17.0294 78.4861 44.6569 41.517 38.2145 58.8798 32.311 30.0167 54.3117 20.2485 21.5407 2.0 88.2657 39.3192 15.2971 64.71 65.521 63.1981 82.3353 63.3877 46.5111 65.3393 80.124 66.2757 38.6394 50.7567 82.0767 19.2354 28.0175 79.3929 0.0 32.5827 13.4164 27.6796 75.664 83.8326 64.5126 57.2805 64.9312 95.6715 60.9253 82.0743 76.5379 53.5558 71.1778 42.3311 80.7901 63.2704 81.8933 56.1312 53.5839 17.8885 
10.2956 40.8956 38.5029 41.4213 24.0832 62.251 29.2062 39.2173 41.1947 57.2765 45.7165 38.0132 12.083 29.2746 40.2492 47.9864 74.7076 70.716 47.5395 18.11 88.2381 20.6218 13.6015 40.6616 32.3883 34.9285 17.9103 51.4506 35.5997 47.0106 12.8062 16.5571 36.5411 34.2053 24.3516 12.8062 32.3413 41.1947 42.107 31.398 67.6041 23.3452 15.8824 44.0098 50.2195 44.0114 61.8807 41.1947 31.7881 56.8679 69.1089 45.5846 24.0832 51.963 73.232 45.3106 6.7082 47.0106 32.5827 0.0 37.8088 32.657 71.1209 56.4251 66.2565 59.7459 33.541 63.7388 42.8402 56.4251 65.5228 32.2985 60.1981 50.8403 80.769 42.5702 78.7776 32.249 21.6333 43.8964 
