NAME  : Jabali_80_2_0.93_1_8
TYPE : SVRP
MODEL : FINITE_SUPPORT
NUMBER_OF_SCENARIOS : 200
DIMENSION : 80
EDGE_WEIGHT_TYPE : MATRIX
CAPACITY : 219
N_VEHICLES : 2
NODE_COORD_SECTION
1 3884 4968
2 3870 2464
3 8952 3586
4 1737 6084
5 6004 1694
6 2022 1817
7 5518 1696
8 2132 3753
9 93 4785
10 2756 7408
11 2714 5292
12 1531 2384
13 5726 6312
14 5686 5149
15 8032 2406
16 3706 729
17 2792 6695
18 2737 1406
19 2341 6780
20 2850 3778
21 2067 4678
22 1777 4746
23 4252 5930
24 7015 4670
25 1898 7270
26 6095 2756
27 4205 1037
28 7889 3390
29 5443 2331
30 5959 6770
31 6804 2778
32 4630 5527
33 4565 5503
34 3888 1894
35 2561 1534
36 3904 446
37 1920 1617
38 5775 4513
39 3536 1165
40 3453 4792
41 2999 7262
42 4929 5851
43 6975 6371
44 6251 7171
45 2346 4982
46 5279 8067
47 5504 7028
48 5054 4125
49 3981 792
50 7920 4466
51 3685 4301
52 6524 6610
53 1924 5562
54 5442 737
55 7242 5166
56 3722 5767
57 3826 5452
58 7953 2928
59 3795 2728
60 3990 8584
61 4476 8237
62 6511 3965
63 7336 2718
64 542 4730
65 4558 5259
66 998 5370
67 4228 7871
68 1561 5860
69 4893 4495
70 1563 3231
71 2924 344
72 7086 1538
73 5258 6577
74 27 5421
75 2988 3216
76 4010 8059
77 7945 5458
78 5134 449
79 2559 2322
80 2748 18
DEMAND_SECTION
1 0.0
2 2.0
3 10.0
4 1.0
5 3.0
6 5.0
7 3.0
8 5.0
9 9.0
10 2.0
11 9.0
12 9.0
13 1.0
14 10.0
15 5.0
16 6.0
17 10.0
18 3.0
19 7.0
20 1.0
21 2.0
22 6.0
23 1.0
24 2.0
25 10.0
26 7.0
27 3.0
28 9.0
29 9.0
30 8.0
31 10.0
32 4.0
33 2.0
34 10.0
35 2.0
36 1.0
37 2.0
38 8.0
39 4.0
40 8.0
41 10.0
42 1.0
43 2.0
44 6.0
45 5.0
46 2.0
47 1.0
48 2.0
49 10.0
50 10.0
51 10.0
52 2.0
53 6.0
54 4.0
55 4.0
56 1.0
57 5.0
58 9.0
59 2.0
60 3.0
61 5.0
62 10.0
63 4.0
64 7.0
65 1.0
66 10.0
67 6.0
68 6.0
69 8.0
70 9.0
71 2.0
72 2.0
73 5.0
74 4.0
75 1.0
76 9.0
77 3.0
78 3.0
79 1.0
80 7.0
DEVIATION_SECTION
1 0.0
2 0.666667
3 3.33333
4 0.333333
5 1.0
6 1.66667
7 1.0
8 1.66667
9 3.0
10 0.666667
11 3.0
12 3.0
13 0.333333
14 3.33333
15 1.66667
16 2.0
17 3.33333
18 1.0
19 2.33333
20 0.333333
21 0.666667
22 2.0
23 0.333333
24 0.666667
25 3.33333
26 2.33333
27 1.0
28 3.0
29 3.0
30 2.66667
31 3.33333
32 1.33333
33 0.666667
34 3.33333
35 0.666667
36 0.333333
37 0.666667
38 2.66667
39 1.33333
40 2.66667
41 3.33333
42 0.333333
43 0.666667
44 2.0
45 1.66667
46 0.666667
47 0.333333
48 0.666667
49 3.33333
50 3.33333
51 3.33333
52 0.666667
53 2.0
54 1.33333
55 1.33333
56 0.333333
57 1.66667
58 3.0
59 0.666667
60 1.0
61 1.66667
62 3.33333
63 1.33333
64 2.33333
65 0.333333
66 3.33333
67 2.0
68 2.0
69 2.66667
70 3.0
71 0.666667
72 0.666667
73 1.66667
74 1.33333
75 0.333333
76 3.0
77 1.0
78 1.0
79 0.333333
80 2.33333
DISTANCE_MATRIX
0.0 35.8569 70.56 31.3847 49.2545 50.1597 47.5284 29.0172 51.3128 37.088 15.6205 48.0521 31.0161 24.1868 64.9676 59.5675 27.7182 51.2524 30.4297 21.2132 24.7038 27.7308 13.6015 43.7131 39.1787 39.8498 55.3634 59.2284 40.2498 37.2156 47.785 12.0416 12.0416 43.3515 50.575 62.4399 52.3929 27.0185 54.8717 6.0 35.4728 18.1108 45.7056 43.4166 20.1246 45.793 35.4401 19.3132 58.2212 53.8181 10.6301 42.0476 26.9072 61.1267 44.9444 10.7703 6.7082 62.0355 33.3737 49.1631 44.6987 41.9932 54.7096 45.793 10.0499 38.9487 40.2077 32.2025 15.2643 40.0125 68.2993 60.5701 28.8617 52.4023 28.0799 42.468 54.5894 65.1267 40.3442 72.7316 
35.8569 0.0 70.2638 61.5446 35.1074 26.4764 31.3184 27.5136 57.7754 68.951 44.5149 30.8869 57.2451 43.0116 56.0133 24.2074 59.5811 21.3776 62.2185 22.5772 40.0832 40.8999 46.3982 55.0435 71.0409 30.4138 20.627 55.5428 26.0776 63.9531 39.8246 41.3633 41.3633 8.06226 22.0907 27.4591 28.2843 37.2156 19.105 38.0135 67.3358 46.6154 67.1863 70.214 48.4426 76.7972 64.3506 27.8927 23.3238 61.0 35.2938 66.1287 56.161 34.0148 58.0086 46.0307 41.9315 55.0727 3.16228 81.9513 77.487 39.0 46.6527 52.5547 38.5349 53.17 72.9959 61.8548 30.4631 31.241 32.45 47.5865 57.6888 63.0681 18.2971 75.2562 68.0074 33.4606 17.4642 36.8917 
70.56 70.2638 0.0 101.146 47.2652 96.2263 52.7731 92.6861 121.688 94.6726 86.1758 101.079 56.5155 47.8853 19.4165 79.6304 96.925 88.7734 99.6366 87.4362 94.9468 97.9834 70.2353 44.8469 105.785 39.9249 72.6911 14.7648 51.8652 58.4209 30.6757 63.6318 63.6318 71.8117 90.5446 79.2275 97.8021 45.0664 79.6241 75.255 91.702 61.7414 46.0109 60.0083 90.3888 78.1601 64.7765 59.2726 76.531 18.4391 74.7268 52.0384 97.3693 60.0333 30.5941 75.508 72.8604 16.1245 70.6612 94.3663 86.977 38.2884 24.5153 116.134 63.0498 109.686 85.9069 102.375 56.4382 99.3227 91.6624 36.4966 63.0635 123.114 83.1561 89.0505 28.2843 65.0692 87.7268 95.4254 
31.3847 61.5446 101.146 0.0 80.1009 55.7584 78.3749 31.1304 27.0185 22.561 17.4642 48.2701 54.791 53.7587 95.0221 75.4718 17.2627 61.8281 13.1529 39.9638 19.3132 17.4929 33.6544 74.2993 16.2788 70.6978 75.3976 89.8146 71.0963 58.2073 78.4551 38.2968 38.2968 68.2703 60.255 79.4586 57.6888 58.2495 69.4116 28.7943 23.0868 42.651 71.231 62.661 18.1108 55.0818 52.8231 50.5371 76.3124 84.2912 35.6819 65.7351 7.28011 91.9732 74.3303 26.528 28.3196 92.09 58.8967 45.607 47.2652 72.5794 84.7641 23.1948 38.2099 13.0384 42.107 3.16228 46.6476 36.8782 77.0051 91.384 49.1888 24.3516 49.2475 41.4367 83.2766 95.9732 49.889 80.3019 
49.2545 35.1074 47.2652 80.1009 0.0 51.9546 6.40312 59.5534 89.7036 86.1304 63.0713 59.6126 63.464 51.0317 29.4109 32.3883 76.7606 42.9418 79.4721 54.4918 72.3566 73.1733 58.7564 47.9487 88.2211 14.1421 25.4951 34.0588 12.1655 68.1034 18.6815 52.4764 52.4764 29.677 44.7772 32.0156 53.0129 48.1682 32.8938 51.4111 85.6603 56.158 63.1269 72.5642 66.9989 86.2928 72.9045 33.5475 29.2746 44.9222 48.6914 65.3494 74.7174 14.7648 48.0208 59.4138 55.3263 31.1448 35.9565 93.7073 88.6536 32.5576 23.0 84.8288 49.8858 85.4434 84.6572 80.4112 38.1383 63.6327 44.4072 15.5563 66.1753 95.3414 50.2117 87.0156 55.9464 19.6977 46.6489 48.1664 
50.1597 26.4764 96.2263 55.7584 51.9546 0.0 45.6361 27.0185 48.0937 74.4697 53.8793 10.0499 80.0051 67.4759 81.0268 26.4008 65.7344 10.2956 65.669 30.2324 37.4591 38.2757 63.5059 81.0625 71.6631 56.3038 30.0 81.5966 51.8829 86.6785 65.6484 61.7677 61.7677 25.0599 8.06226 30.0832 2.23607 63.0079 21.6333 44.7214 73.5025 67.7999 91.7878 92.9965 41.7769 95.7131 85.4868 53.0377 28.6531 87.4757 40.3769 89.822 48.86 46.8615 84.1041 58.3095 55.4707 80.8808 27.074 96.6858 94.0458 65.192 72.458 44.5533 59.2851 49.0408 89.5548 53.3385 54.4518 19.9249 23.0217 67.2012 78.8386 55.4437 28.0799 90.9924 94.1913 44.6542 10.198 25.4951 
47.5284 31.3184 52.7731 78.3749 6.40312 45.6361 0.0 57.8022 87.9524 84.4044 61.3452 53.2942 62.3865 46.6979 35.4683 27.0185 75.0345 36.6742 77.7461 52.7406 70.6054 71.4221 57.0088 49.4969 86.4951 16.1555 20.025 39.0512 8.544 68.9475 23.0217 50.6191 50.6191 23.3585 38.4708 27.1662 46.6944 49.7165 26.9258 49.6851 82.7892 54.4251 64.7044 74.1124 65.2729 84.5598 70.7108 31.8145 24.0 48.8365 46.9654 66.8977 72.9914 13.6015 50.5668 57.7023 53.6031 36.6742 34.2053 91.8132 86.9206 33.6006 28.2843 83.0776 48.0896 83.6922 82.7109 78.6851 36.4053 57.3142 39.0512 21.9317 64.4423 93.5903 48.4605 85.1378 59.1354 17.6918 40.3304 43.0 
29.0172 27.5136 92.6861 31.1304 59.5534 27.0185 57.8022 0.0 30.4138 49.8391 23.0769 21.095 60.0 51.6624 80.4122 45.3982 41.1037 32.311 41.0384 8.94427 12.8284 13.6451 40.7723 69.1311 47.0325 54.2553 45.0111 77.9899 50.5235 66.0681 63.5202 41.0 41.0 33.3766 30.8707 49.366 29.0689 51.3696 39.3192 23.0217 48.8719 47.0106 74.5453 72.1734 17.1462 75.9958 63.684 41.9531 46.0977 79.2361 22.4722 71.0634 24.2294 59.1473 71.5132 38.5216 32.531 78.5981 25.0799 71.9443 71.3177 67.4112 70.5817 25.3006 39.0512 25.9152 65.9349 28.7707 39.5689 11.1803 47.5395 72.0324 57.3186 35.8133 15.53 66.3618 81.5966 58.5931 20.2485 50.9902 
51.3128 57.7754 121.688 27.0185 89.7036 48.0937 87.9524 30.4138 0.0 49.163 35.8469 38.2099 78.7718 75.4718 110.877 72.4431 44.1814 57.0351 40.0125 39.3928 27.5862 24.0832 57.5847 94.8411 40.2616 84.7205 73.5459 108.986 81.0576 83.5403 93.9854 61.2699 61.2699 62.9365 55.0091 76.4199 49.2544 77.7703 66.6108 46.9915 50.01 66.3099 95.0789 88.9073 31.4006 82.0975 79.2571 69.0681 73.8241 104.946 53.8791 90.1388 26.2488 88.4148 96.2549 50.3289 50.9902 109.063 55.4617 71.8471 74.108 93.1212 101.047 5.65685 60.4152 14.1421 69.029 24.0832 65.7609 29.1548 71.1126 102.567 74.0683 8.06226 45.9952 68.1836 105.816 87.8009 46.5296 73.437 
37.088 68.951 94.6726 22.561 86.1304 74.4697 84.4044 49.8391 49.163 0.0 28.4253 67.6262 39.8246 48.1603 94.8263 89.7094 9.43398 78.5685 9.48683 47.012 37.0135 36.8917 30.6301 68.8121 11.6619 78.9175 88.0196 84.3273 77.1257 41.7732 83.5186 36.1555 36.1555 75.6766 77.8911 93.5037 76.4215 57.0135 83.7372 36.0 3.16228 34.0 55.8659 45.2217 33.2415 33.9559 35.609 55.7351 89.7926 76.4624 43.0868 49.5177 26.8328 98.0026 64.7214 31.6619 33.4536 88.8809 66.303 23.0868 25.0 67.0922 86.4954 45.7056 38.7883 35.5106 20.0998 25.7099 50.6757 56.6127 94.4583 99.6378 33.3017 45.0999 56.6539 19.0263 71.614 103.38 67.5855 98.4758 
15.6205 44.5149 86.1758 17.4642 63.0713 53.8793 61.3452 23.0769 35.8469 28.4253 0.0 40.864 43.9318 39.6611 78.7859 65.2734 19.105 55.3904 21.0238 23.8339 11.0454 13.1529 23.0868 59.3289 29.1204 53.6681 63.5835 73.49 54.0666 49.366 61.6032 25.632 25.632 51.2406 54.713 69.0676 49.6593 42.45 59.3011 11.7646 26.8701 31.0483 59.7746 55.1453 6.08276 53.0663 46.0 33.8412 65.3565 69.4339 18.6522 55.3173 11.6619 74.9435 60.4649 16.0 15.5242 75.0646 41.867 49.534 48.7966 57.609 68.5278 30.4138 24.5967 23.3452 43.4138 17.4642 30.4795 30.0973 70.0223 74.3543 40.1123 36.7967 32.2179 43.8406 69.9714 78.9435 44.4074 74.0397 
48.0521 30.8869 101.079 48.2701 59.6126 10.0499 53.2942 21.095 38.2099 67.6262 40.864 0.0 78.7718 68.0294 86.8982 36.0555 58.8908 19.9249 58.7963 26.9258 30.6155 31.1127 60.7289 83.1485 64.4438 61.2944 38.9487 86.3308 56.9625 85.1587 70.7107 60.0167 60.0167 31.8277 17.72 39.8497 11.0454 64.9384 30.8707 42.2019 66.659 66.0984 92.0217 91.4112 34.9333 92.6263 83.4326 54.5894 38.0789 90.802 39.1152 89.3588 41.7253 55.4707 86.1452 55.0979 52.4976 85.9593 30.4631 89.7314 89.1048 67.8124 77.5376 34.9285 57.7062 40.2492 83.722 45.607 55.0818 11.4018 33.0 74.8632 76.9025 45.7056 27.0 84.1489 96.3379 53.7122 13.6015 35.2278 
31.0161 57.2451 56.5155 54.791 63.464 80.0051 62.3865 60.0 78.7718 39.8246 43.9318 78.7718 0.0 16.4012 59.3043 79.9255 38.6377 78.0 44.5476 52.1536 54.5894 57.0701 21.1896 33.5153 50.9621 49.3548 75.6633 48.0 55.1078 6.7082 48.2218 19.0 19.0 64.1405 78.1857 82.7398 82.1726 26.0768 75.8024 37.0135 36.8782 13.0384 16.6433 13.0 49.6488 24.3516 9.48683 30.6105 78.5211 38.0789 39.8121 11.4018 52.5547 75.9847 25.9615 28.4605 28.4429 53.0848 55.0364 38.1182 31.0 31.7954 51.1957 73.6817 21.095 65.0048 29.4279 56.3261 26.9258 71.0282 89.5545 65.6614 6.7082 78.0038 58.109 32.5576 31.9061 79.9847 69.8081 94.0213 
24.1868 43.0116 47.8853 53.7587 51.0317 67.4759 46.6979 51.6624 75.4718 48.1603 39.6611 68.0294 16.4012 0.0 47.0973 64.6907 49.5274 64.2884 52.239 42.9535 48.8528 51.8894 22.3607 21.083 59.273 36.9225 60.4652 36.5983 39.4193 22.6274 35.7896 15.8114 15.8114 49.2443 64.7611 67.5416 69.5845 9.84886 60.8358 29.5466 45.1896 14.3178 24.3311 28.4253 44.2945 40.2492 25.5539 15.2315 63.3229 30.6105 29.4279 23.2594 50.448 60.2962 20.8087 27.8029 25.4558 41.1519 41.2311 51.4782 45.1221 19.3632 38.7664 69.9714 15.5563 62.8013 42.2966 55.1725 13.0384 61.9839 74.7329 53.2291 20.2485 76.2168 47.0454 45.1774 30.4138 64.2962 57.3149 79.2023 
64.9676 56.0133 19.4165 95.0221 29.4109 81.0268 35.4683 80.4122 110.877 94.8263 78.7859 86.8982 59.3043 47.0973 0.0 61.6117 92.323 72.0902 95.0345 75.1624 87.2715 90.3081 69.4526 44.0143 103.784 26.1725 54.8179 12.53 36.6197 63.1506 17.2047 62.7992 62.7992 58.7491 73.8614 60.8276 82.0851 44.2338 62.2977 67.1257 91.8557 61.2631 53.8516 66.4831 82.7135 83.1865 68.593 48.9519 58.4637 26.6271 64.406 58.5235 90.432 41.0488 36.4005 74.6753 70.898 6.7082 56.8623 97.0464 90.1998 33.541 10.2956 105.619 62.2172 102.011 88.0057 96.1017 53.5427 86.4523 73.5459 17.1172 65.0692 115.438 70.8823 91.0232 39.4081 46.0109 73.4161 77.1038 
59.5675 24.2074 79.6304 75.4718 32.3883 26.4008 27.0185 45.3982 72.4431 89.7094 65.2734 36.0555 79.9255 64.6907 61.6117 0.0 80.3396 16.1555 82.9769 43.3244 57.1699 57.9866 70.1089 73.8951 91.7994 42.2966 7.0 66.0681 30.8058 86.5897 50.0 65.0692 65.0692 16.2788 18.3848 4.0 26.4197 57.9056 6.08276 55.7786 88.0942 70.1783 88.3141 92.7312 69.201 100.499 87.6193 49.5214 3.16228 75.4255 59.0045 87.9503 68.5708 22.4722 75.7329 69.7414 65.6422 63.5059 27.2029 105.662 101.132 57.7539 55.2268 68.1175 62.2415 70.2567 96.7066 73.1121 53.0306 43.2897 12.0416 45.8803 81.0555 79.1012 39.0555 98.9669 84.9294 19.105 26.0192 16.0312 
27.7182 59.5811 96.925 17.2627 76.7606 65.7344 75.0345 41.1037 44.1814 9.43398 19.105 58.8908 38.6377 49.5274 92.323 80.3396 0.0 70.4566 6.40312 38.9001 28.3019 28.6356 29.4184 70.0781 14.8661 67.3574 78.6498 85.5934 67.7559 41.2605 75.1404 34.0609 34.0609 66.3068 69.7792 84.1338 67.6862 54.1962 74.3673 26.6301 7.81025 32.7883 54.9131 45.6946 24.2074 38.0 35.8469 47.0307 80.4227 75.2507 33.7169 48.7883 19.4165 88.6328 63.5097 22.292 24.0838 89.3909 56.9332 30.8869 31.0483 68.3582 82.065 40.0 33.9754 30.0666 25.7099 20.0998 42.8326 48.0208 85.0885 88.0436 32.2419 41.4849 47.2841 25.632 70.4022 94.0097 58.2772 89.1059 
51.2524 21.3776 88.7734 61.8281 42.9418 10.2956 36.6742 32.311 57.0351 78.5685 55.3904 19.9249 78.0 64.2884 72.0902 16.1555 70.4566 0.0 71.7361 32.8024 43.5261 44.3428 64.6433 76.2681 77.7302 49.1519 19.8494 74.4457 44.731 84.6936 58.2564 61.6541 61.6541 17.2627 2.23607 19.9249 10.6301 58.5493 11.4018 45.8956 78.2112 66.9064 88.5268 91.0 47.8439 96.8832 84.6853 49.2443 18.3576 81.3019 41.4696 87.2812 54.927 36.7967 79.1581 59.7731 56.7012 72.8267 23.0868 100.875 95.337 60.1332 64.3044 53.0377 58.8256 56.2939 90.846 59.4684 51.5461 28.0179 15.2315 57.9828 78.0038 64.0312 29.1725 93.1062 89.0505 34.4093 12.083 18.868 
30.4297 62.2185 99.6366 13.1529 79.4721 65.669 77.7461 41.0384 40.0125 9.48683 21.0238 58.7963 44.5476 52.239 95.0345 82.9769 6.40312 71.7361 0.0 41.5374 28.2843 27.8029 32.13 72.7897 9.05539 70.0689 81.2871 88.305 70.4674 47.1704 77.8519 36.7724 36.7724 68.9441 70.163 86.7711 67.6208 56.9077 77.0046 29.3417 10.0 38.6982 60.823 51.4296 25.0 42.2966 41.5933 49.7422 83.06 82.7679 36.4285 54.6982 17.4929 91.3443 69.4195 25.0036 26.7953 92.1024 59.5705 32.573 34.1321 71.0698 84.7765 36.3456 36.6869 26.1725 29.0172 16.2788 45.5441 47.634 87.7258 90.7551 38.1518 36.4966 49.9214 28.2843 76.3121 96.7212 59.797 91.7433 
21.2132 22.5772 87.4362 39.9638 54.4918 30.2324 52.7406 8.94427 39.3928 47.012 23.8339 26.9258 52.1536 42.9535 75.1624 43.3244 38.9001 32.8024 41.5374 0.0 21.6619 22.4786 33.8378 60.2648 50.3599 49.0054 41.6458 72.74 45.462 58.4209 58.2703 33.2415 33.2415 29.3028 31.8904 47.1275 32.45 42.5033 37.3363 15.2971 46.6547 39.3192 66.1891 64.6297 27.7615 65.7951 56.5155 33.0868 43.4187 70.3698 13.6015 63.0079 33.0628 55.2886 62.6469 28.27 25.632 73.3483 19.9292 69.3187 64.0251 58.5449 65.3318 34.1341 31.0644 34.7487 59.5341 37.6041 30.7026 19.105 47.7074 66.9709 50.01 44.6467 10.2801 63.6253 72.7356 54.7345 21.2132 51.614 
24.7038 40.0832 94.9468 19.3132 72.3566 37.4591 70.6054 12.8284 27.5862 37.0135 11.0454 30.6155 54.5894 48.8528 87.2715 57.1699 28.3019 43.5261 28.2843 21.6619 0.0 3.60555 34.0147 68.0999 34.6699 66.9896 57.0956 82.2447 63.3268 60.208 70.0889 35.9026 35.9026 45.6931 41.9531 61.1566 39.4109 51.0291 51.1096 20.2503 36.0555 41.5933 70.0928 66.0681 5.0 64.0655 57.0088 42.3269 58.0104 78.2049 27.1379 65.9242 12.083 71.3906 69.5666 27.0185 26.1725 83.5503 37.7308 59.1692 58.6941 66.38 77.0135 21.9317 34.4819 18.0278 53.3104 17.4642 39.0197 19.7231 58.7032 84.8357 51.0392 30.5287 28.2643 53.6656 79.2652 70.8276 31.587 62.0 
27.7308 40.8999 97.9834 17.4929 73.1733 38.2757 71.4221 13.6451 24.0832 36.8917 13.1529 31.1127 57.0701 51.8894 90.3081 57.9866 28.6356 44.3428 27.8029 22.4786 3.60555 0.0 36.2215 71.1365 33.4215 67.8063 57.9123 85.2813 64.1434 62.514 73.1255 38.6005 38.6005 46.5098 42.7697 61.9733 40.2244 54.0657 51.9263 23.2869 36.2353 44.1475 72.8011 68.2642 7.61577 65.1221 59.0339 45.3635 58.8271 81.2415 30.1745 68.4471 10.6301 72.2072 72.6032 29.0689 28.6356 86.5869 38.5475 59.4811 59.4643 69.4166 80.0501 18.4391 37.3363 14.5602 54.0833 15.2315 42.0563 19.8494 59.5198 85.6523 53.2353 26.9258 29.081 54.231 82.3018 71.6443 32.4037 62.8167 
13.6015 46.3982 70.2353 33.6544 58.7564 63.5059 57.0088 40.7723 57.5847 30.6301 23.0868 60.7289 21.1896 22.3607 69.4526 70.1089 29.4184 64.6433 32.13 33.8378 34.0147 36.2215 0.0 43.4384 41.7428 49.0431 65.9048 58.9537 49.7301 26.3059 56.9782 7.07107 7.07107 53.8929 63.9659 72.9813 65.7419 29.6142 65.4131 18.7883 27.6595 9.21954 37.5766 32.0624 29.0172 32.249 23.0868 26.3059 68.7626 52.6972 24.2074 32.573 31.3847 70.607 41.8688 7.28011 8.24621 63.5072 43.9151 35.71 31.241 41.7185 61.1217 52.4976 9.05539 43.8634 26.7547 35.1895 21.2132 51.9231 78.8407 69.7634 17.0294 56.8672 41.4708 29.0149 50.2494 74.607 53.7351 83.273 
43.7131 55.0435 44.8469 74.2993 47.9487 81.0625 49.4969 69.1311 94.8411 68.8121 59.3289 83.1485 33.5153 21.083 44.0143 73.8951 70.0781 76.2681 72.7897 60.2648 68.0999 71.1365 43.4384 0.0 81.5387 33.8395 67.1269 33.5153 43.0898 38.1548 32.7065 36.7849 36.7849 59.8035 77.1175 75.0222 83.027 18.2195 70.8466 48.4081 65.8414 35.2488 33.2074 42.6155 63.5419 57.7647 42.9559 28.6469 71.2467 28.105 46.6648 35.4008 70.5224 62.4135 21.0416 48.6611 46.0135 38.0689 54.0111 71.0322 64.2268 16.2801 35.6833 89.2872 36.2029 82.8396 62.0 75.5282 29.5913 78.9306 84.7176 50.1461 39.0666 96.2667 62.6952 65.0089 31.2036 67.0086 71.2013 89.1444 
39.1787 71.0409 105.785 16.2788 88.2211 71.6631 86.4951 47.0325 40.2616 11.6619 29.1204 64.4438 50.9621 59.273 103.784 91.7994 14.8661 77.7302 9.05539 50.3599 34.6699 33.4215 41.7428 81.5387 0.0 78.818 90.1095 97.054 79.2165 53.2635 86.601 45.5215 45.5215 77.7666 76.1572 95.5936 73.615 65.6568 85.8271 38.0907 14.2127 45.1127 67.2086 56.8595 32.2025 45.2217 47.2017 58.4913 91.8825 87.5751 45.1775 60.959 22.8035 101.469 75.8341 33.7526 35.5443 100.851 68.393 32.0156 35.5106 79.8188 93.5256 37.6962 45.436 27.7308 31.0483 19.2094 54.2932 53.0754 92.9073 99.5042 44.5533 35.1283 58.7439 29.4279 82.7266 105.469 65.7911 96.2041 
39.8498 30.4138 39.9249 70.6978 14.1421 56.3038 16.1555 54.2553 84.7205 78.9175 53.6681 61.2944 49.3548 36.9225 26.1725 42.2966 67.3574 49.1519 70.0689 49.0054 66.9896 67.8063 49.0431 33.8395 78.818 0.0 35.3553 25.2982 12.1655 53.9942 9.43398 42.7631 42.7631 31.8892 50.5202 42.9535 57.8796 34.059 41.0122 42.008 75.9469 46.4447 49.0408 58.455 57.5958 73.6042 58.7953 23.8341 39.4588 33.1361 39.2883 51.2402 65.3143 28.6007 34.4384 49.8236 45.7803 24.6982 31.0644 83.994 78.9402 18.4391 16.4012 79.4618 40.1725 76.8935 74.9438 71.008 28.425 60.4401 54.1479 21.0238 54.9061 89.9745 44.7253 77.3023 43.0116 33.2866 47.8539 58.3095 
55.3634 20.627 72.6911 75.3976 25.4951 30.0 20.025 45.0111 73.5459 88.0196 63.5835 38.9487 75.6633 60.4652 54.8179 7.0 78.6498 19.8494 81.2871 41.6458 57.0956 57.9123 65.9048 67.1269 90.1095 35.3553 0.0 59.0762 24.0416 82.3275 43.0 60.8699 60.8699 12.6491 22.0227 8.06226 30.4795 67.3464 8.48528 57.5201 86.4044 65.9287 82.3343 88.469 67.5112 96.2709 83.3571 45.2591 4.12311 68.469 54.8004 83.6881 68.4966 16.9706 68.9638 65.5373 61.4381 56.5685 23.7755 101.458 96.9275 50.9857 48.2597 68.884 58.0415 70.1824 92.5025 73.0379 48.7684 44.643 19.0263 39.3954 76.7935 79.7621 37.3657 94.7628 78.1025 14.7648 27.2029 23.0217 
59.2284 55.5428 14.7648 89.8146 34.0588 81.5966 39.0512 77.9899 108.986 84.3273 73.49 86.3308 48.0 36.5983 12.53 66.0681 85.5934 74.4457 88.305 72.74 82.2447 85.2813 58.9537 33.5153 97.054 25.2982 59.0762 0.0 37.3631 51.3517 16.2788 52.3002 52.3002 57.1831 75.814 66.0076 83.1734 33.7348 65.6201 61.9947 81.3567 50.7641 41.4367 54.3415 77.6867 71.4493 57.0789 44.7141 63.0317 14.2127 60.1683 46.3249 85.0667 47.8539 24.0416 64.1764 61.5288 5.83095 55.9017 86.0523 79.0 25.0599 11.1803 103.432 51.7182 96.9844 77.1622 91.0435 45.1066 84.5991 78.1025 26.4197 54.0833 110.412 68.4599 80.2247 27.0185 52.9528 73.0068 82.0244 
40.2498 26.0776 51.8652 71.0963 12.1655 51.8829 8.544 50.5235 81.0576 77.1257 54.0666 56.9625 55.1078 39.4193 36.6197 30.8058 67.7559 44.731 70.4674 45.462 63.3268 64.1434 49.7301 43.0898 79.2165 12.1655 24.0416 37.3631 0.0 61.6688 21.1896 43.3404 43.3404 27.4683 46.0993 31.9531 53.4587 43.3093 29.0172 42.4065 75.5105 47.1464 58.2972 67.6843 57.9942 77.2812 63.4321 24.5358 28.1603 45.0111 39.6867 60.4905 65.7127 21.9545 44.9222 50.394 46.3132 36.2491 26.9266 84.5345 79.6419 26.9485 27.7308 75.799 40.811 76.4136 75.4323 71.4065 29.1267 56.5254 42.4264 26.4197 57.1636 86.3116 41.1819 77.8591 54.1295 25.6125 43.4804 46.6905 
37.2156 63.9531 58.4209 58.2073 68.1034 86.6785 68.9475 66.0681 83.5403 41.7732 49.366 85.1587 6.7082 22.6274 63.1506 86.5897 41.2605 84.6936 47.1704 58.4209 60.208 62.514 26.3059 38.1548 53.2635 53.9942 82.3275 51.3517 61.6688 0.0 52.8613 25.1794 25.1794 70.8308 84.8646 89.404 88.8459 32.0156 82.4924 43.1856 39.0512 19.105 14.4222 6.32456 55.2268 20.0998 6.7082 37.2022 85.1852 40.1123 46.3249 7.81025 57.2921 82.5682 28.0179 33.541 34.0588 56.7186 61.7414 36.1386 28.6356 36.4349 55.6597 78.5875 27.4591 69.7229 28.2312 60.7997 33.6155 77.1622 96.2549 70.3008 9.48683 82.5555 64.6117 31.3847 31.9531 86.5457 76.4814 100.722 
47.785 39.8246 30.6757 78.4551 18.6815 65.6484 23.0217 63.5202 93.9854 83.5186 61.6032 70.7107 48.2218 35.7896 17.2047 50.0 75.1404 58.2564 77.8519 58.2703 70.0889 73.1255 56.9782 32.7065 86.601 9.43398 43.0 16.2788 21.1896 52.8613 0.0 50.6982 50.6982 41.2338 59.8647 50.1597 67.2241 32.9261 49.366 49.9431 80.548 49.9553 46.8615 57.3062 65.5309 72.4713 57.6624 31.7692 47.0106 26.2488 47.2234 49.93 73.2494 33.2415 30.4795 57.7587 53.7154 15.2643 40.4969 85.7388 78.9333 19.4165 7.07107 88.7267 48.1076 84.8286 76.7065 78.9432 36.3601 69.814 62.0081 17.4642 53.7731 98.2558 53.9902 79.7155 37.5899 38.2753 57.2451 66.0076 
12.0416 41.3633 63.6318 38.2968 52.4764 61.7677 50.6191 41.0 61.2699 36.1555 25.632 60.0167 19.0 15.8114 62.7992 65.0692 34.0609 61.6541 36.7724 33.2415 35.9026 38.6005 7.07107 36.7849 45.5215 42.7631 60.8699 52.3002 43.3404 25.1794 50.6982 0.0 0.0 48.858 61.7949 67.9464 64.0009 22.561 60.3782 18.0278 33.1849 6.08276 34.2053 31.4006 31.0483 35.4683 23.7697 19.6469 63.7277 46.4004 21.5407 30.1496 35.5106 64.2173 36.0694 12.0416 10.2956 56.8538 38.8802 41.2311 36.3593 35.065 54.4682 55.9464 2.82843 48.0208 32.2025 39.8246 14.5602 52.0384 73.8058 63.4833 17.088 61.2944 39.6879 34.5398 45.0 68.2173 51.9522 78.2381 
12.0416 41.3633 63.6318 38.2968 52.4764 61.7677 50.6191 41.0 61.2699 36.1555 25.632 60.0167 19.0 15.8114 62.7992 65.0692 34.0609 61.6541 36.7724 33.2415 35.9026 38.6005 7.07107 36.7849 45.5215 42.7631 60.8699 52.3002 43.3404 25.1794 50.6982 0.0 0.0 48.858 61.7949 67.9464 64.0009 22.561 60.3782 18.0278 33.1849 6.08276 34.2053 31.4006 31.0483 35.4683 23.7697 19.6469 63.7277 46.4004 21.5407 30.1496 35.5106 64.2173 36.0694 12.0416 10.2956 56.8538 38.8802 41.2311 36.3593 35.065 54.4682 55.9464 2.82843 48.0208 32.2025 39.8246 14.5602 52.0384 73.8058 63.4833 17.088 61.2944 39.6879 34.5398 45.0 68.2173 51.9522 78.2381 
43.3515 8.06226 71.8117 68.2703 29.677 25.0599 23.3585 33.3766 62.9365 75.6766 51.2406 31.8277 64.1405 49.2443 58.7491 16.2788 66.3068 17.2627 68.9441 29.3028 45.6931 46.5098 53.8929 59.8035 77.7666 31.8892 12.6491 57.1831 27.4683 70.8308 41.2338 48.858 48.858 0.0 18.6815 19.4165 26.4008 42.6464 11.6619 45.5082 74.0614 54.037 73.0548 77.026 55.1682 84.2912 71.6101 34.0147 15.2643 64.1249 42.7885 72.4983 62.8867 26.0548 62.514 53.5254 49.4262 59.4855 11.1803 89.446 84.9156 43.566 50.9633 57.9741 46.0109 58.7799 80.4906 61.6354 37.2156 34.8855 25.4951 44.9275 65.0 68.6586 25.0227 82.7509 72.2496 25.5007 18.4391 29.9666 
50.575 22.0907 90.5446 60.255 44.7772 8.06226 38.4708 30.8707 55.0091 77.8911 54.713 17.72 78.1857 64.7611 73.8614 18.3848 69.7792 2.23607 70.163 31.8904 41.9531 42.7697 63.9659 77.1175 76.1572 50.5202 22.0227 75.814 46.0993 84.8646 59.8647 61.7949 61.7949 18.6815 0.0 22.1359 8.48528 59.3043 13.6015 45.2182 77.5338 67.0472 89.0505 91.1811 46.2709 96.2058 84.8261 49.8197 20.5913 82.4924 40.7922 87.6413 53.354 38.9487 80.0562 59.0957 56.0238 74.5978 23.5372 100.198 94.6596 61.0328 66.0755 51.0882 58.9664 54.5711 90.1686 57.8953 51.923 26.0768 16.7631 59.9083 78.1446 62.0725 28.4951 92.4288 90.0056 36.6197 10.8167 20.1246 
62.4399 27.4591 79.2275 79.4586 32.0156 30.0832 27.1662 49.366 76.4199 93.5037 69.0676 39.8497 82.7398 67.5416 60.8276 4.0 84.1338 19.9249 86.7711 47.1275 61.1566 61.9733 72.9813 75.0222 95.5936 42.9535 8.06226 66.0076 31.9531 89.404 50.1597 67.9464 67.9464 19.4165 22.1359 0.0 29.9666 75.2417 10.0499 59.5728 91.8884 73.0052 90.2296 95.5455 72.9952 103.347 90.4336 52.3356 4.24264 75.9539 61.8769 90.7646 72.5576 20.6155 76.844 72.6138 68.5146 63.1269 30.5287 108.534 104.004 58.8809 55.0091 72.111 65.118 74.2434 99.579 77.0989 55.8449 47.2652 13.0 44.643 83.87 83.0963 42.8497 101.839 85.8662 16.6433 30.0167 16.2788 
52.3929 28.2843 97.8021 57.6888 53.0129 2.23607 46.6944 29.0689 49.2544 76.4215 49.6593 11.0454 82.1726 69.5845 82.0851 26.4197 67.6862 10.6301 67.6208 32.45 39.4109 40.2244 65.7419 83.027 73.615 57.8796 30.4795 83.1734 53.4587 88.8459 67.2241 64.0009 64.0009 26.4008 8.48528 29.9666 0.0 65.0 22.0227 46.9574 75.4543 70.033 93.9042 95.1639 43.7287 97.949 87.72 55.0818 28.8444 89.2693 42.6101 91.9837 50.8118 47.4236 86.0539 60.5392 57.7062 82.4566 29.0172 98.6376 96.2793 67.1193 74.0338 45.8912 61.5183 50.6952 91.7882 55.2268 56.5685 21.5407 22.0227 68.2422 81.0717 56.7186 30.313 92.9442 96.1301 45.0 12.3693 24.1868 
27.0185 37.2156 45.0664 58.2495 48.1682 63.0079 49.7165 51.3696 77.7703 57.0135 42.45 64.9384 26.0768 9.84886 44.2338 57.9056 54.1962 58.5493 56.9077 42.5033 51.0291 54.0657 29.6142 18.2195 65.6568 34.059 67.3464 33.7348 43.3093 32.0156 32.9261 22.561 22.561 42.6464 59.3043 75.2417 65.0 0.0 54.1327 31.1448 54.0429 23.0217 30.8707 37.4833 46.4711 50.0899 35.3553 10.4403 56.5011 28.3245 28.9033 31.4006 53.9073 62.633 21.2132 33.6155 30.4138 38.2884 36.0139 61.0 54.8179 16.4997 35.9029 72.2164 21.1896 65.7647 51.788 59.203 12.0416 60.7203 68.0572 50.3656 30.0832 79.196 44.4849 54.5894 31.4006 67.2282 53.0848 72.5174 
54.8717 19.105 79.6241 69.4116 32.8938 21.6333 26.9258 39.3192 66.6108 83.7372 59.3011 30.8707 75.8024 60.8358 62.2977 6.08276 74.3673 11.4018 77.0046 37.3363 51.1096 51.9263 65.4131 70.8466 85.8271 41.0122 8.48528 65.6201 29.0172 82.4924 49.366 60.3782 60.3782 11.6619 13.6015 10.0499 22.0227 54.1327 0.0 49.8063 82.1219 65.6049 84.5412 88.6848 55.4274 95.8121 83.2346 45.618 7.28011 74.027 54.3087 84.0952 62.5105 25.4558 73.3522 65.0456 60.9464 63.561 21.9317 100.966 96.5018 54.5711 55.109 62.2013 57.5498 64.1964 92.0108 67.0519 48.8774 37.4833 13.9284 47.4131 76.6094 73.171 33.0832 94.2711 82.9013 23.0217 20.0998 18.3848 
6.0 38.0135 75.255 28.7943 51.4111 44.7214 49.6851 23.0217 46.9915 36.0 11.7646 42.2019 37.0135 29.5466 67.1257 55.7786 26.6301 45.8956 29.3417 15.2971 20.2503 23.2869 18.7883 48.4081 38.0907 42.008 57.5201 61.9947 42.4065 43.1856 49.9431 18.0278 18.0278 45.5082 45.2182 59.5728 46.9574 31.1448 49.8063 0.0 34.3848 24.0832 51.6236 49.366 15.6922 51.0 41.2311 22.2036 60.3779 58.5131 7.28011 48.0416 23.4107 63.2834 50.1199 14.1421 10.8167 64.1936 35.5304 53.9243 49.4599 46.6882 56.8677 41.4376 16.0312 34.9899 44.9689 29.1045 19.105 34.0147 60.5275 62.6942 34.7131 48.4171 22.7231 47.2292 59.9333 67.2834 34.9874 64.545 
35.4728 67.3358 91.702 23.0868 85.6603 73.5025 82.7892 48.8719 50.01 3.16228 26.8701 66.659 36.8782 45.1896 91.8557 88.0942 7.81025 78.2112 10.0 46.6547 36.0555 36.2353 27.6595 65.8414 14.2127 75.9469 86.4044 81.3567 75.5105 39.0512 80.548 33.1849 33.1849 74.0614 77.5338 91.8884 75.4543 54.0429 82.1219 34.3848 0.0 31.0294 53.0377 42.72 32.0156 32.3883 33.0151 52.7645 88.1773 73.4918 41.4716 46.7547 26.5707 96.3874 61.7507 30.0467 31.8384 85.9103 64.6878 23.2594 24.1868 64.1216 83.5248 46.2709 35.8177 36.1248 19.0263 26.1725 47.7051 55.7584 92.8431 96.6672 30.4138 46.3897 55.0387 18.4391 68.6433 101.764 67.2282 96.8606 
18.1108 46.6154 61.7414 42.651 56.158 67.7999 54.4251 47.0106 66.3099 34.0 31.0483 66.0984 13.0384 14.3178 61.2631 70.1783 32.7883 66.9064 38.6982 39.3192 41.5933 44.1475 9.21954 35.2488 45.1127 46.4447 65.9287 50.7641 47.1464 19.105 49.9553 6.08276 6.08276 54.037 67.0472 73.0052 70.033 23.0217 65.6049 24.0832 31.0294 0.0 28.7924 25.318 36.6742 30.4138 17.8885 22.8254 68.7864 43.909 27.5136 24.3311 40.2492 68.0233 32.8024 16.1245 15.5242 55.3177 44.1325 38.3275 32.6956 33.5289 52.9321 61.0983 8.544 52.7731 29.1204 44.1861 18.0278 58.0775 79.0569 67.3949 11.1803 65.8635 45.72 31.7805 41.0366 71.4853 57.9844 83.4865 
45.7056 67.1863 46.0109 71.231 63.1269 91.7878 64.7044 74.5453 95.0789 55.8659 59.7746 92.0217 16.6433 24.3311 53.8516 88.3141 54.9131 88.5268 60.823 66.1891 70.0928 72.8011 37.5766 33.2074 67.2086 49.0408 82.3343 41.4367 58.2972 14.4222 46.8615 34.2053 34.2053 73.0548 89.0505 90.2296 93.9042 30.8707 84.5412 51.6236 53.0377 28.7924 0.0 14.1421 65.2534 32.5576 21.095 39.2938 86.4541 28.4429 53.0094 6.7082 68.942 77.6209 17.4642 44.7772 44.2719 47.1699 65.5134 49.98 42.3792 31.4875 48.0208 89.8888 35.6931 81.4371 42.4853 72.7661 37.3363 85.2877 98.4657 63.8201 22.6716 94.4437 71.0294 45.618 18.2483 82.2161 81.6149 102.926 
43.4166 70.214 60.0083 62.661 72.5642 92.9965 74.1124 72.1734 88.9073 45.2217 55.1453 91.4112 13.0 28.4253 66.4831 92.7312 45.6946 91.0 51.4296 64.6297 66.0681 68.2642 32.0624 42.6155 56.8595 58.455 88.469 54.3415 67.6843 6.32456 57.3062 31.4006 31.4006 77.026 91.1811 95.5455 95.1639 37.4833 88.6848 49.366 42.72 25.318 14.1421 0.0 61.0737 18.4391 9.84886 43.2666 91.3267 42.107 52.6308 8.06226 62.6591 87.029 30.4138 39.2046 40.0 59.9083 68.0294 36.2491 28.6356 40.8956 59.6154 83.9659 33.7343 74.9779 29.4109 65.2534 39.8246 83.2947 102.474 74.7061 15.0333 87.0091 70.9117 32.45 32.3883 91.6241 82.7994 106.944 
20.1246 48.4426 90.3888 18.1108 66.9989 41.7769 65.2729 17.1462 31.4006 33.2415 6.08276 34.9333 49.6488 44.2945 82.7135 69.201 24.2074 47.8439 25.0 27.7615 5.0 7.61577 29.0172 63.5419 32.2025 57.5958 67.5112 77.6867 57.9942 55.2268 65.5309 31.0483 31.0483 55.1682 46.2709 72.9952 43.7287 46.4711 55.4274 15.6922 32.0156 36.6742 65.2534 61.0737 0.0 59.1464 52.0096 37.7688 69.2841 73.6468 22.5798 61.0 11.0 78.8711 65.0085 22.0227 21.2132 78.9923 45.7946 54.9181 54.2037 61.822 72.4555 25.807 29.7321 20.2485 48.8209 17.0294 34.4617 24.1661 63.021 78.2819 46.0435 33.4215 36.1455 49.2478 74.7061 82.8711 35.9049 66.3178 
45.793 76.7972 78.1601 55.0818 86.2928 95.7131 84.5598 75.9958 82.0975 33.9559 53.0663 92.6263 24.3516 40.2492 83.1865 100.499 38.0 96.8832 42.2966 65.7951 64.0655 65.1221 32.249 57.7647 45.2217 73.6042 96.2709 71.4493 77.2812 20.0998 72.4713 35.4683 35.4683 84.2912 96.2058 103.347 97.949 50.0899 95.8121 51.0 32.3883 30.4138 32.5576 18.4391 59.1464 0.0 14.8661 52.8015 99.1286 60.0083 56.3028 26.1725 57.1402 98.158 48.0104 37.6962 40.2492 76.7919 74.314 18.6011 11.3137 56.0449 75.4321 78.0 38.2884 68.0294 14.3178 58.0345 48.2701 83.0162 109.24 89.9108 20.2485 78.7718 73.7107 16.6433 50.8035 102.158 85.975 113.672 
35.4401 64.3506 64.7765 52.8231 72.9045 85.4868 70.7108 63.684 79.2571 35.609 46.0 83.4326 9.48683 25.5539 68.593 87.6193 35.8469 84.6853 41.5933 56.5155 57.0088 59.0339 23.0868 42.9559 47.2017 58.7953 83.3571 57.0789 63.4321 6.7082 57.6624 23.7697 23.7697 71.6101 84.8261 90.4336 87.72 35.3553 83.2346 41.2311 33.0151 17.8885 21.095 9.84886 52.0096 14.8661 0.0 38.8973 86.2149 46.3897 45.31 14.4222 53.0966 84.309 34.2345 30.0 31.257 62.2896 61.9112 29.6142 22.2036 41.236 60.6383 74.4034 26.4008 65.1401 21.5407 55.4155 34.7131 74.8348 96.7988 75.1019 6.7082 77.1713 63.407 24.6982 38.6264 88.309 75.6713 101.242 
19.3132 27.8927 59.2726 50.5371 33.5475 53.0377 31.8145 41.9531 69.0681 55.7351 33.8412 54.5894 30.6105 15.2315 48.9519 49.5214 47.0307 49.2443 49.7422 33.0868 42.3269 45.3635 26.3059 28.6469 58.4913 23.8341 45.2591 44.7141 24.5358 37.2022 31.7692 19.6469 19.6469 34.0147 49.8197 52.3356 55.0818 10.4403 45.618 22.2036 52.7645 22.8254 39.2938 43.2666 37.7688 52.8015 38.8973 0.0 48.1169 38.7519 19.4868 38.4838 45.4863 45.4127 31.5753 28.1603 24.3311 46.0198 26.3059 60.7454 55.4617 26.927 38.6938 63.5142 17.2627 57.0665 51.6236 51.1077 5.09902 50.2837 59.5063 44.5544 32.6497 70.4937 34.0483 54.0833 41.7732 49.4127 43.0 63.9766 
58.2212 23.3238 76.531 76.3124 29.2746 28.6531 24.0 46.0977 73.8241 89.7926 65.3565 38.0789 78.5211 63.3229 58.4637 3.16228 80.4227 18.3576 83.06 43.4187 58.0104 58.8271 68.7626 71.2467 91.8825 39.4588 4.12311 63.0317 28.1603 85.1852 47.0106 63.7277 63.7277 15.2643 20.5913 4.24264 28.8444 56.5011 7.28011 60.3779 88.1773 68.7864 86.4541 91.3267 69.2841 99.1286 86.2149 48.1169 0.0 72.5603 57.6581 86.5458 69.4114 19.4165 73.0844 68.3951 64.2958 60.407 26.4197 104.316 99.7853 55.1054 52.1536 69.3542 60.8992 71.0972 95.3603 73.9527 51.6261 44.7214 15.1327 42.72 79.6513 80.3057 39.1386 97.6205 82.2253 16.2788 27.2947 19.0 
53.8181 61.0 18.4391 84.2912 44.9222 87.4757 48.8365 79.2361 104.946 76.4624 69.4339 90.802 38.0789 30.6105 26.6271 75.4255 75.2507 81.3019 82.7679 70.3698 78.2049 81.2415 52.6972 28.105 87.5751 33.1361 68.469 14.2127 45.0111 40.1123 26.2488 46.4004 46.4004 64.1249 82.4924 75.9539 89.2693 28.3245 74.027 58.5131 73.4918 43.909 28.4429 42.107 73.6468 60.0083 46.3897 38.7519 72.5603 0.0 56.7698 34.0588 80.6226 59.4643 12.1655 58.4123 55.9732 20.0 60.6383 75.9539 68.593 23.7065 23.8537 99.3922 46.0977 92.7664 67.4685 85.5862 39.6962 87.5756 87.2812 40.0 44.643 106.22 71.3402 70.6116 12.8062 64.5136 78.1025 91.444 
10.6301 35.2938 74.7268 35.6819 48.6914 40.3769 46.9654 22.4722 53.8791 43.0868 18.6522 39.1152 39.8121 29.4279 64.406 59.0045 33.7169 41.4696 36.4285 13.6015 27.1379 30.1745 24.2074 46.6648 45.1775 39.2883 54.8004 60.1683 39.6867 46.3249 47.2234 21.5407 21.5407 42.7885 40.7922 61.8769 42.6101 28.9033 54.3087 7.28011 41.4716 27.5136 53.0094 52.6308 22.5798 56.3028 45.31 19.4868 57.6581 56.7698 0.0 50.2494 30.2983 60.5636 49.0469 20.8087 17.0294 61.4739 32.8106 59.793 55.3286 44.9449 54.148 48.3252 18.9737 41.8775 50.8376 35.9921 17.1026 32.5576 67.7363 59.9745 38.6264 55.3047 18.2971 53.0979 59.1356 64.5636 30.5614 72.1686 
42.0476 66.1287 52.0384 65.7351 65.3494 89.822 66.8977 71.0634 90.1388 49.5177 55.3173 89.3588 11.4018 23.2594 58.5235 87.9503 48.7883 87.2812 54.6982 63.0079 65.9242 68.4471 32.573 35.4008 60.959 51.2402 83.6881 46.3249 60.4905 7.81025 49.93 30.1496 30.1496 72.4983 87.6413 90.7646 91.9837 31.4006 84.0952 48.0416 46.7547 24.3311 6.7082 8.06226 61.0 26.1725 14.4222 38.4838 86.5458 34.0588 50.2494 0.0 63.9062 79.8142 22.3607 39.8497 39.8121 51.923 64.195 43.3244 35.7351 33.6809 51.8941 85.0706 32.0156 76.3439 35.7771 67.6652 35.7351 82.0061 97.9898 67.2309 16.6433 89.3429 68.4905 38.9102 24.7386 84.4094 79.6241 102.46 
26.9072 56.161 97.3693 7.28011 74.7174 48.86 72.9914 24.2294 26.2488 26.8328 11.6619 41.7253 52.5547 50.448 90.432 68.5708 19.4165 54.927 17.4929 33.0628 12.083 10.6301 31.3847 70.5224 22.8035 65.3143 68.4966 85.0667 65.7127 57.2921 73.2494 35.5106 35.5106 62.8867 53.354 72.5576 50.8118 53.9073 62.5105 23.4107 26.5707 40.2492 68.942 62.6591 11.0 57.1402 53.0966 45.4863 69.4114 80.6226 30.2983 63.9062 0.0 86.5896 71.218 24.1661 25.2389 86.7108 53.5131 49.7695 50.448 68.8025 80.174 21.3776 35.0 12.53 45.1221 6.08276 42.0119 30.4138 70.1041 86.0004 47.8201 25.807 43.864 44.9222 80.4487 90.5896 42.988 73.4009 
61.1267 34.0148 60.0333 91.9732 14.7648 46.8615 13.6015 59.1473 88.4148 98.0026 74.9435 55.4707 75.9847 60.2962 41.0488 22.4722 88.6328 36.7967 91.3443 55.2886 71.3906 72.2072 70.607 62.4135 101.469 28.6007 16.9706 47.8539 21.9545 82.5682 33.2415 64.2173 64.2173 26.0548 38.9487 20.6155 47.4236 62.633 25.4558 63.2834 96.3874 68.0233 77.6209 87.029 78.8711 98.158 84.309 45.4127 19.4165 59.4643 60.5636 79.8142 86.5896 0.0 62.7694 71.3006 67.2013 44.1814 37.1633 105.411 100.153 46.7547 36.6742 83.5434 61.6879 84.4773 96.3092 92.2834 50.0036 60.0083 33.6155 24.3311 78.0405 94.2988 51.0085 98.736 70.6824 5.09902 42.9418 36.6879 
44.9444 58.0086 30.5941 74.3303 48.0208 84.1041 50.5668 71.5132 96.2549 64.7214 60.4649 86.1452 25.9615 20.8087 36.4005 75.7329 63.5097 79.1581 69.4195 62.6469 69.5666 72.6032 41.8688 21.0416 75.8341 34.4384 68.9638 24.0416 44.9222 28.0179 30.4795 36.0694 36.0694 62.514 80.0562 76.844 86.0539 21.2132 73.3522 50.1199 61.7507 32.8024 17.4642 30.4138 65.0085 48.0104 34.2345 31.5753 73.0844 12.1655 49.0469 22.3607 71.218 62.7694 0.0 48.0833 46.0977 29.7321 57.0377 63.7887 56.4358 19.0263 30.8058 90.7359 36.2353 83.6002 55.3173 75.8222 31.9531 81.5363 87.2195 46.8615 32.573 97.0052 65.5859 58.4637 10.198 67.6018 74.2429 91.608 
10.7703 46.0307 75.508 26.528 59.4138 58.3095 57.7023 38.5216 50.3289 31.6619 16.0 55.0979 28.4605 27.8029 74.6753 69.7414 22.292 59.7731 25.0036 28.27 27.0185 29.0689 7.28011 48.6611 33.7526 49.8236 65.5373 64.1764 50.394 33.541 57.7587 12.0416 12.0416 53.5254 59.0957 72.6138 60.5392 33.6155 65.0456 14.1421 30.0467 16.1245 44.7772 39.2046 22.0227 37.6962 30.0 28.1603 68.3951 58.4123 20.8087 39.8497 24.1661 71.3006 48.0833 0.0 4.12311 68.7299 43.5476 40.3114 35.8471 46.9412 64.6833 45.2217 12.53 36.6742 31.3561 28.0631 23.3452 45.542 74.405 70.5439 24.1868 49.7393 36.6006 33.6163 56.8507 75.3006 48.8262 78.4225 
6.7082 41.9315 72.8604 28.3196 55.3263 55.4707 53.6031 32.531 50.9902 33.4536 15.5242 52.4976 28.4429 25.4558 70.898 65.6422 24.0838 56.7012 26.7953 25.632 26.1725 28.6356 8.24621 46.0135 35.5443 45.7803 61.4381 61.5288 46.3132 34.0588 53.7154 10.2956 10.2956 49.4262 56.0238 68.5146 57.7062 30.4138 60.9464 10.8167 31.8384 15.5242 44.2719 40.0 21.2132 40.2492 31.257 24.3311 64.2958 55.9732 17.0294 39.8121 25.2389 67.2013 46.0977 4.12311 0.0 66.0824 39.4483 43.1076 38.6433 44.2936 60.64 45.6946 9.89949 37.7359 34.1523 29.7321 19.6469 43.6818 71.3331 66.5006 25.02 51.0392 33.5287 36.4125 55.2178 71.2013 45.793 75.3505 
62.0355 55.0727 16.1245 92.09 31.1448 80.8808 36.6742 78.5981 109.063 88.8809 75.0646 85.9593 53.0848 41.1519 6.7082 63.5059 89.3909 72.8267 92.1024 73.3483 83.5503 86.5869 63.5072 38.0689 100.851 24.6982 56.5685 5.83095 36.2491 56.7186 15.2643 56.8538 56.8538 59.4855 74.5978 63.1269 82.4566 38.2884 63.561 64.1936 85.9103 55.3177 47.1699 59.9083 78.9923 76.7919 62.2896 46.0198 60.407 20.0 61.4739 51.923 86.7108 44.1814 29.7321 68.7299 66.0824 0.0 55.7584 91.0 84.0536 28.4605 8.544 103.805 56.2718 98.29 82.0244 92.2591 50.6106 85.0 75.5381 21.5407 59.0 111.717 69.0681 85.0529 32.8024 49.2544 72.4783 79.3095 
33.3737 3.16228 70.6612 58.8967 35.9565 27.074 34.2053 25.0799 55.4617 66.303 41.867 30.4631 55.0364 41.2311 56.8623 27.2029 56.9332 23.0868 59.5705 19.9292 37.7308 38.5475 43.9151 54.0111 68.393 31.0644 23.7755 55.9017 26.9266 61.7414 40.4969 38.8802 38.8802 11.1803 23.5372 30.5287 29.0172 36.0139 21.9317 35.5304 64.6878 44.1325 65.5134 68.0294 45.7946 74.314 61.9112 26.3059 26.4197 60.6383 32.8106 64.195 53.5131 37.1633 57.0377 43.5476 39.4483 55.7584 0.0 79.4681 75.0038 38.1182 47.4342 50.2031 36.0517 50.8176 70.5128 59.2069 28.4605 29.6985 35.0 48.4355 55.2268 60.7157 15.6491 72.773 67.1193 36.6091 17.4642 39.4081 
