NAME  : Jabali_80_2_0.95_1_3
TYPE : SVRP
MODEL : FINITE_SUPPORT
NUMBER_OF_SCENARIOS : 200
DIMENSION : 80
EDGE_WEIGHT_TYPE : MATRIX
CAPACITY : 217
N_VEHICLES : 2
NODE_COORD_SECTION
1 4494 3138
2 3101 2539
3 3244 809
4 4307 6958
5 6022 5589
6 8214 4421
7 1426 4980
8 2853 2585
9 7908 5641
10 6114 5858
11 6153 1399
12 3861 2412
13 4580 7851
14 2041 2329
15 8124 4526
16 5658 3701
17 6562 6799
18 7106 1195
19 2914 4214
20 7608 5542
21 863 2370
22 3020 3313
23 668 1854
24 3304 5164
25 5223 5190
26 3956 6779
27 5616 6285
28 5881 1300
29 2788 2922
30 3729 793
31 75 2679
32 3045 1420
33 2790 3803
34 4756 7002
35 1832 1882
36 4866 6920
37 5929 1079
38 8799 4541
39 6419 4022
40 27 3454
41 2652 218
42 2246 3081
43 3006 7242
44 4140 3145
45 1450 2186
46 883 2107
47 5872 4507
48 4550 4167
49 6723 5902
50 6453 2494
51 5895 2424
52 9723 4234
53 7814 3442
54 6908 3793
55 3483 5363
56 6946 3544
57 3133 5620
58 3461 6567
59 5994 574
60 3900 7966
61 8046 4415
62 4437 8127
63 5968 1586
64 6292 2038
65 4546 6705
66 2322 5939
67 5933 7166
68 5375 6404
69 7776 4020
70 6454 4531
71 7396 5904
72 4435 18
73 6478 729
74 166 3477
75 7013 4047
76 3412 4732
77 8749 4340
78 2053 3797
79 4073 4664
80 6735 5636
DEMAND_SECTION
1 0.0
2 3.0
3 6.0
4 10.0
5 3.0
6 8.0
7 4.0
8 2.0
9 2.0
10 7.0
11 5.0
12 7.0
13 7.0
14 1.0
15 7.0
16 5.0
17 10.0
18 1.0
19 6.0
20 10.0
21 9.0
22 1.0
23 4.0
24 2.0
25 7.0
26 4.0
27 7.0
28 1.0
29 4.0
30 6.0
31 1.0
32 5.0
33 7.0
34 4.0
35 3.0
36 1.0
37 1.0
38 10.0
39 9.0
40 5.0
41 7.0
42 3.0
43 4.0
44 3.0
45 9.0
46 1.0
47 8.0
48 1.0
49 8.0
50 8.0
51 6.0
52 6.0
53 2.0
54 8.0
55 8.0
56 9.0
57 2.0
58 4.0
59 3.0
60 5.0
61 10.0
62 2.0
63 1.0
64 2.0
65 10.0
66 3.0
67 10.0
68 9.0
69 10.0
70 6.0
71 4.0
72 3.0
73 2.0
74 3.0
75 3.0
76 8.0
77 8.0
78 5.0
79 10.0
80 5.0
DEVIATION_SECTION
1 0.0
2 1.0
3 2.0
4 3.33333
5 1.0
6 2.66667
7 1.33333
8 0.666667
9 0.666667
10 2.33333
11 1.66667
12 2.33333
13 2.33333
14 0.333333
15 2.33333
16 1.66667
17 3.33333
18 0.333333
19 2.0
20 3.33333
21 3.0
22 0.333333
23 1.33333
24 0.666667
25 2.33333
26 1.33333
27 2.33333
28 0.333333
29 1.33333
30 2.0
31 0.333333
32 1.66667
33 2.33333
34 1.33333
35 1.0
36 0.333333
37 0.333333
38 3.33333
39 3.0
40 1.66667
41 2.33333
42 1.0
43 1.33333
44 1.0
45 3.0
46 0.333333
47 2.66667
48 0.333333
49 2.66667
50 2.66667
51 2.0
52 2.0
53 0.666667
54 2.66667
55 2.66667
56 3.0
57 0.666667
58 1.33333
59 1.0
60 1.66667
61 3.33333
62 0.666667
63 0.333333
64 0.666667
65 3.33333
66 1.0
67 3.33333
68 3.0
69 3.33333
70 2.0
71 1.33333
72 1.0
73 0.666667
74 1.0
75 1.0
76 2.66667
77 2.66667
78 1.66667
79 3.33333
80 1.66667
DISTANCE_MATRIX
0.0 24.7437 41.115 55.3782 38.7421 55.4707 47.0956 27.2473 57.5674 41.9009 31.5753 20.2195 67.5735 39.2195 54.6443 18.868 56.1604 47.0425 25.0799 54.1202 55.4472 18.0278 58.015 33.3824 32.36 55.3011 47.2494 36.3456 23.8587 38.2164 58.2521 32.6521 23.1948 55.9284 42.4611 55.7934 35.9026 60.959 30.5287 57.7266 50.415 27.8766 65.2507 4.24264 47.5079 55.2304 26.6966 16.4997 47.2926 30.6757 24.5153 74.5185 47.4236 36.2353 38.6648 36.0694 38.6431 55.4214 42.0595 70.2431 54.0833 70.8249 33.1361 31.257 52.3638 47.4384 59.1639 49.9099 48.4149 33.2415 53.9706 41.904 44.7214 57.079 38.0132 28.1858 63.2851 31.6228 26.5155 45.3983 
24.7437 0.0 24.7149 60.0654 64.0958 81.471 39.6232 2.82843 83.1598 67.2546 39.2046 26.5242 72.4182 16.6433 80.6723 44.9122 81.5141 56.2939 21.1626 79.7107 32.6497 9.84886 36.3593 34.0149 54.5908 56.382 67.2518 44.2832 6.08276 27.3131 43.1856 16.252 16.5571 63.3726 21.5407 63.5569 43.0465 77.1115 56.4714 44.7772 34.0149 13.9284 61.2492 24.1667 25.2389 33.0151 52.2871 42.0901 73.0284 42.7271 35.7726 90.6907 62.7259 53.1008 36.7747 52.2393 38.6933 52.393 48.0937 71.6133 80.0723 74.9442 41.5933 41.5242 59.2653 44.8489 76.2034 64.7612 65.1729 58.8706 81.067 42.5444 52.0384 44.2945 64.1116 28.8763 89.1733 22.0 35.179 71.7106 
41.115 24.7149 0.0 83.4674 76.8065 82.3254 59.9333 24.0856 90.462 80.0627 33.4306 42.8955 95.8202 24.5153 81.3397 54.0991 94.3222 50.6065 44.5646 90.4446 36.4966 33.2508 36.0555 57.4169 70.8955 79.784 85.4111 37.6615 27.6586 5.83095 48.0521 8.48528 39.6989 86.7746 23.0217 86.9589 35.0 84.4086 61.5786 54.0833 12.0416 31.305 84.6512 42.3358 29.0689 34.9285 63.9111 55.0434 85.0462 46.7657 40.7323 97.395 69.5614 63.4969 60.1767 61.6781 62.0953 75.7949 36.6742 95.0153 81.1778 98.3462 37.0167 41.8963 82.6673 68.1175 97.3257 88.1631 74.2718 69.2318 90.9717 19.2354 42.5441 54.037 66.4412 52.2783 90.5497 41.5933 58.581 82.9347 
55.3782 60.0654 83.4674 0.0 29.1548 62.2013 46.8188 59.4361 50.0 28.0 78.0542 73.0265 12.6491 66.9041 62.1289 48.6433 28.6531 88.1027 39.7053 47.2969 76.0263 50.2165 82.0975 26.0238 26.909 5.0 19.0263 81.6513 56.0475 90.351 80.5047 75.0044 45.0654 5.83095 72.9468 6.7082 82.4772 71.1758 49.4799 74.7329 92.7674 57.1624 18.0278 59.2784 72.6474 78.1027 41.2352 43.8791 34.5254 68.4056 66.1999 80.604 66.6108 55.5428 24.1861 57.9771 23.0868 12.2066 89.4464 15.0 61.131 15.6525 78.0468 72.8073 4.12311 29.5296 20.6155 16.0312 61.0737 44.1475 42.72 94.0387 90.0342 73.7564 53.9351 31.6539 65.307 51.0098 42.6826 36.2215 
38.7421 64.0958 76.8065 29.1548 0.0 33.9559 66.6814 63.4664 25.4951 3.16228 55.0 55.911 36.2491 72.2469 33.7343 25.0599 17.4642 60.803 45.8755 22.0227 82.8979 54.2469 90.6475 43.0807 13.9292 32.0156 10.198 57.3847 60.0779 71.7284 89.7149 68.3435 50.3684 24.7386 78.2677 23.7697 59.0339 42.7551 21.6333 85.9223 86.1065 62.3412 46.0977 42.6423 79.742 84.6017 14.4222 30.3852 10.2956 41.7732 42.0119 53.4883 37.4833 26.9258 41.243 29.5466 41.6343 36.6742 66.0681 42.72 32.7567 39.8121 53.9073 47.3814 25.0799 53.8516 20.6155 13.1529 32.0 15.6525 19.2094 75.3923 65.0538 85.14 25.0 38.4913 38.4838 59.1068 29.5518 9.89949 
55.4707 81.471 82.3254 62.2013 33.9559 0.0 92.2323 80.8417 16.6433 34.3657 52.0 68.2713 66.3702 87.2713 1.0 36.6197 38.0789 46.8188 71.6337 17.088 103.007 71.6221 106.067 71.3099 42.1595 65.6201 43.4166 51.2445 77.4531 76.5543 111.847 80.7038 75.8526 57.0351 90.5128 56.0357 54.1479 9.0 25.0 111.226 92.001 81.471 79.7621 59.6406 95.5597 104.195 32.0156 53.0377 28.0179 36.0555 41.5933 20.2485 14.5602 19.6977 69.4722 20.8806 69.9154 70.6116 59.6825 74.108 1.41421 69.5845 49.0408 42.0 58.3095 82.082 46.6905 46.3897 8.06226 24.2074 22.1359 78.1601 55.5428 110.608 17.4929 64.01 8.24621 84.591 55.0705 26.0192 
47.0956 39.6232 59.9333 46.8188 66.6814 92.2323 0.0 38.0789 89.4481 65.3907 78.0577 65.0833 57.2713 36.6197 91.6649 60.1674 71.1454 94.1329 22.561 85.5037 36.7151 30.1496 42.9418 27.5862 52.7668 42.0595 56.811 83.0241 33.9559 63.3246 36.6742 52.0 24.0 51.4782 41.1096 51.8941 82.1546 99.85 69.3542 29.0 65.215 28.6356 38.0132 44.0 37.5366 39.4462 60.4152 42.0586 73.3323 77.1038 71.4493 112.471 89.1572 76.5572 29.7321 77.6209 25.2389 35.171 87.5728 53.1507 90.8399 58.6941 80.0 78.3135 47.4236 18.1108 65.3682 54.1218 87.2353 68.1057 82.3647 78.5493 91.1373 28.0 76.922 28.3019 98.7504 18.3848 37.2156 74.2963 
27.2473 2.82843 24.0856 59.4361 63.4664 80.8417 38.0789 0.0 82.5304 66.6253 41.4367 29.0278 71.7889 13.8924 80.0429 44.2829 80.8848 58.6941 20.5333 79.0814 29.8329 9.21954 33.6155 33.3856 53.9615 55.7527 66.6225 46.5296 4.12311 26.6838 40.3609 15.6227 15.8114 62.7433 18.9737 62.9276 45.1774 79.6151 55.8421 42.0595 33.121 11.4018 60.6199 23.5374 22.4722 30.2324 51.6578 41.4608 72.3991 45.2307 38.2762 93.1942 65.2295 61.9398 36.1454 54.7429 38.064 51.7636 50.01 70.984 79.443 74.3149 43.9318 44.0278 58.636 44.2041 75.5741 64.1318 74.0145 58.2413 80.4377 41.9151 54.1479 41.5933 63.4823 28.247 88.544 20.0998 34.5497 71.0813 
57.5674 83.1598 90.462 50.0 25.4951 16.6433 89.4481 82.5304 0.0 24.4131 62.5859 72.8142 52.0384 91.3109 17.2047 39.6232 23.0 60.9016 68.0533 3.60555 104.696 73.3109 109.711 65.8474 36.3469 54.0833 32.6497 62.9365 79.1418 84.6909 111.893 85.2467 72.5462 44.3847 97.3317 43.4166 65.521 24.6982 29.0172 108.821 100.138 82.1168 68.0074 61.4695 98.806 105.884 31.0161 51.8845 16.1245 46.5725 50.4876 31.0644 29.2062 27.6586 64.0097 30.0832 64.0224 60.0083 71.7844 60.208 16.4012 55.0 60.1664 52.8867 46.4866 74.1882 32.0156 35.3412 21.4009 24.5153 7.28011 87.4643 68.542 107.983 24.5153 60.6691 16.0312 81.2846 51.7296 15.6205 
41.9009 67.2546 80.0627 28.0 3.16228 34.3657 65.3907 66.6253 24.4131 0.0 58.0086 59.1672 34.176 75.4057 34.2345 28.178 14.3178 63.4114 49.0343 21.095 86.0567 57.4057 91.7371 41.79 17.088 31.257 9.05539 60.3075 63.2367 74.8874 92.8737 71.5997 53.5272 23.1948 81.4266 22.2036 62.0081 43.2897 24.2074 89.0812 89.3627 65.5001 45.3982 45.8012 82.9008 87.7605 17.4929 33.544 8.48528 44.5533 45.0 53.4509 39.0512 29.0689 39.9523 31.7648 39.9651 36.4005 69.029 41.0 33.2415 37.6962 56.8507 50.2494 24.0208 50.1308 17.6918 12.0416 33.1361 18.0278 17.6918 78.5493 67.897 88.2988 26.9258 41.6501 38.2753 62.2656 32.7107 8.94427 
31.5753 39.2046 33.4306 78.0542 55.0 52.0 78.0577 41.4367 62.5859 58.0086 0.0 35.0 90.131 51.264 51.0 30.4138 71.3442 17.8885 56.5685 60.1664 67.018 48.0 68.9235 62.145 53.0754 77.9784 63.7121 5.09902 45.2769 27.6595 78.5188 36.4459 54.0833 78.6044 53.6151 77.1327 4.47214 52.7731 35.3412 82.2192 43.0116 52.7731 89.7406 34.1321 58.9696 66.5425 40.6079 41.0 59.9416 16.1245 13.0384 65.2534 38.2099 34.9285 63.1652 32.5576 68.4684 79.0595 11.4018 92.9191 51.0098 93.5008 3.60555 10.0 75.0398 78.9226 75.6042 66.3726 44.0114 41.5933 62.6259 26.4764 13.1529 81.9085 38.0789 57.2756 60.0333 61.131 50.9902 57.2451 
20.2195 26.5242 42.8955 73.0265 55.911 68.2713 65.0833 29.0278 72.8142 59.1672 35.0 0.0 85.2218 41.0 67.3649 33.2036 73.4267 51.7922 43.9848 69.5491 57.2277 13.0 59.7955 53.0761 50.0 72.9494 64.5157 40.0172 32.587 45.4936 68.4282 34.4325 41.1496 73.5767 44.2415 73.4417 39.0713 72.5873 44.2415 70.9333 52.1955 40.4109 82.899 21.4403 49.2884 57.0109 43.0156 34.1479 64.1507 38.2029 31.2485 86.1665 58.2017 48.5766 56.3131 47.7151 58.3368 73.0697 44.7343 87.8914 66.9464 88.4731 37.1725 37.0 70.0121 67.0803 76.4302 67.5581 60.6488 48.3363 70.0762 43.7026 48.054 70.5063 50.9249 47.8795 76.3911 48.2156 44.1638 62.0392 
67.5735 72.4182 95.8202 12.6491 36.2491 66.3702 57.2713 71.7889 52.0384 34.176 90.131 85.2218 0.0 79.2569 66.4831 60.0344 29.0689 96.614 52.0582 50.01 88.2043 62.5694 94.3398 38.3766 48.8553 16.0312 26.4197 92.6563 68.4003 102.546 92.1358 87.3573 57.4183 12.7279 85.2997 13.4536 94.2186 75.326 57.7062 85.8429 105.12 69.5153 22.2036 71.4737 85.0003 90.3549 49.5308 56.0744 38.4708 77.3248 77.1895 83.0963 73.0821 63.1585 36.5389 65.7951 35.0571 22.2036 101.27 8.544 65.4905 3.60555 89.1478 82.7613 15.2643 39.2938 20.025 23.8537 66.7083 51.8941 45.0 106.234 100.453 84.8528 61.0983 44.0068 68.0074 63.1981 54.8779 40.7922 
39.2195 16.6433 24.5153 66.9041 72.2469 87.2713 36.6197 13.8924 91.3109 75.4057 51.264 41.0 79.2569 0.0 86.3649 52.2036 89.6652 69.0797 27.2029 87.8619 16.2788 18.0 19.7231 41.2311 62.742 63.3445 75.403 56.3028 13.3417 29.0689 27.4591 18.0278 21.8403 70.996 6.08276 71.1803 54.45 91.5873 64.6226 31.0483 28.6007 9.84886 66.6483 40.4403 8.60233 16.4012 60.4382 50.2413 81.1796 57.2014 50.2195 105.166 77.2017 67.5766 44.1475 66.7151 44.9444 58.8727 58.2169 78.4347 85.9464 81.7829 54.231 55.5698 66.8887 48.0104 83.8268 72.3845 79.6488 67.0217 89.2182 43.7379 63.1727 30.8058 69.9249 36.4966 97.3245 19.105 42.8024 79.8617 
54.6443 80.6723 81.3397 62.1289 33.7343 1.0 91.6649 80.0429 17.2047 34.2345 51.0 67.3649 66.4831 86.3649 0.0 35.805 38.3275 45.8803 71.046 17.4642 102.208 70.8234 105.16 70.9242 41.7855 65.4905 43.2897 50.2494 76.6544 75.5686 111.048 79.7974 75.2649 57.0088 89.6064 56.0089 53.1507 9.05539 24.2074 110.428 91.0152 80.6723 79.6304 58.8218 94.6533 103.396 31.4006 52.345 28.0713 35.0571 40.6079 20.8087 13.6015 18.7883 69.0865 19.9249 69.5298 70.406 58.6941 74.1687 1.0 69.7209 48.0416 41.0 58.2151 81.7068 46.8722 46.2709 7.07107 23.6008 22.4722 77.1622 54.5711 109.81 16.6433 63.4425 9.21954 84.0033 54.5031 26.0 
18.868 44.9122 54.0991 48.6433 25.0599 36.6197 60.1674 44.2829 39.6232 28.178 30.4138 33.2036 60.0344 52.2036 35.805 0.0 42.1545 39.5601 39.0725 36.3456 66.448 35.0633 70.9991 37.0 22.8035 48.7545 33.6155 33.4215 40.8943 47.0307 75.2877 45.6361 38.9674 47.9543 55.4451 47.0361 34.6554 42.4264 11.6619 74.6675 63.3991 44.9122 61.0328 23.0217 60.492 67.6363 10.7703 18.3848 31.7805 19.9249 17.8045 55.9017 29.6816 17.6918 37.1214 18.0278 43.0465 50.2892 41.7253 63.5083 35.2278 63.6321 29.8329 24.1868 45.6289 55.0091 45.5301 36.276 29.7321 15.1327 37.0 50.5964 41.6173 74.0497 19.2094 33.2415 44.4185 48.2769 25.0 29.4279 
56.1604 81.5141 94.3222 28.6531 17.4642 38.0789 71.1454 80.8848 23.0 14.3178 71.3442 73.4267 29.0689 89.6652 38.3275 42.1545 0.0 74.9533 61.4247 21.2132 100.316 71.6652 105.997 47.7432 31.3475 33.2866 16.1555 73.2393 77.4962 89.0648 102.585 85.8592 67.7867 22.8254 95.6861 21.9545 75.1665 46.8722 36.4005 97.4515 103.622 79.7596 46.5188 60.0607 95.7369 102.02 31.3847 48.1667 12.0416 57.0088 58.3095 54.037 47.0106 39.6232 45.9054 42.45 45.9182 40.0 82.0975 37.3363 37.3631 32.0 69.8928 63.0079 25.807 55.8659 9.05539 17.4929 39.8121 30.0 16.1245 92.6984 80.4301 96.5019 36.8782 53.3733 39.0128 72.7432 46.9702 14.8661 
47.0425 56.2939 50.6065 88.1027 60.803 46.8188 94.1329 58.6941 60.9016 63.4114 17.8885 51.7922 96.614 69.0797 45.8803 39.5601 74.9533 0.0 72.0 59.3633 84.836 64.4981 86.0994 75.3127 61.7171 88.2383 70.1952 13.0384 62.3699 44.8219 96.3368 53.6218 70.1783 84.5339 71.4331 83.6158 15.6205 44.5533 39.2046 99.96 59.4138 70.0928 100.568 50.2494 76.7876 84.3605 47.5079 54.4518 62.9365 19.6977 23.1948 55.0091 32.311 35.3836 75.9276 32.5576 81.5843 89.8109 16.5529 102.541 46.2385 100.212 14.8661 16.1245 85.0883 92.9139 80.9197 72.8557 39.8121 45.4533 63.0079 39.9625 10.4403 99.6243 38.2884 70.7107 53.8516 78.0077 63.561 60.1082 
25.0799 21.1626 44.5646 39.7053 45.8755 71.6337 22.561 20.5333 68.0533 49.0343 56.5685 43.9848 52.0582 27.2029 71.046 39.0725 61.4247 72.0 0.0 64.7218 37.2156 11.3137 43.0465 14.1421 36.3705 36.1458 46.8918 61.4003 17.0294 47.1627 43.6578 36.1016 5.38516 43.0126 33.2415 43.1968 60.8276 79.0771 48.3162 40.4969 53.0094 17.4642 40.2244 22.561 33.1361 39.0512 39.6688 20.9637 54.8081 54.5894 49.0918 91.8542 68.0724 55.4898 17.1172 56.5261 17.8885 31.7805 66.7083 51.264 70.2359 54.5842 58.2151 56.0357 38.9053 23.8537 55.8434 44.4011 66.3702 47.4483 62.8467 62.3941 69.7209 39.6611 55.9508 10.198 78.1862 13.0 17.2047 53.4903 
54.1202 79.7107 90.4446 47.2969 22.0227 17.088 85.5037 79.0814 3.60555 21.095 60.1664 69.5491 50.01 87.8619 17.4642 36.3456 21.2132 59.3633 64.7218 0.0 101.247 69.8619 106.262 61.903 32.7514 51.2445 29.5466 60.7454 75.6928 81.806 108.287 81.9816 68.9407 41.7732 93.8827 40.7922 63.2456 25.7099 26.0192 105.216 97.2526 78.6678 65.2534 58.0205 95.357 102.435 27.5136 48.3011 13.0 44.2719 47.8539 33.3766 28.2843 25.2982 60.0653 27.8568 60.4566 57.0088 69.6419 58.0345 16.5529 53.0848 57.8705 50.5964 43.6807 71.0407 30.0666 32.311 20.5183 21.2132 5.09902 84.7172 66.6408 104.377 22.1359 57.0636 18.1108 77.6791 48.1242 12.2066 
55.4472 32.6497 36.4966 76.0263 82.8979 103.007 36.7151 29.8329 104.696 86.0567 67.018 57.2277 88.2043 16.2788 102.208 66.448 100.316 84.836 37.2156 101.247 0.0 31.3847 6.32456 51.0392 73.3929 72.1734 86.0539 72.0609 28.3019 41.9762 11.7047 32.311 32.5576 79.3401 13.9284 79.5244 70.1472 107.815 78.0073 18.2483 35.5106 21.5407 72.5328 45.7025 8.06226 2.82843 73.8229 63.626 91.8305 73.4098 66.4003 121.394 93.4294 84.1049 54.037 82.9428 53.1507 66.6108 72.4224 86.1452 101.608 90.4489 69.9929 71.5612 75.2328 52.4976 92.1709 80.7287 96.1796 80.4064 99.8691 55.0818 77.9469 18.4391 85.6474 47.3814 110.709 25.02 53.9811 90.5127 
18.0278 9.84886 33.2508 50.2165 54.2469 71.6221 30.1496 9.21954 73.3109 57.4057 48.0 13.0 62.5694 18.0 70.8234 35.0633 71.6652 64.4981 11.3137 69.8619 31.3847 0.0 36.4005 24.1661 44.742 46.5331 57.403 53.0094 5.83095 35.849 40.2244 24.7879 6.7082 53.5238 24.0208 53.708 52.0384 77.4735 46.6226 39.6989 41.8808 9.84886 51.4004 14.3178 25.4951 32.573 42.4382 32.2413 63.1796 48.7032 42.45 90.9629 64.4222 52.7202 26.9258 52.8546 28.8444 42.5441 57.4282 61.7644 70.2234 65.0954 50.0899 49.0306 49.4165 35.0 66.3545 54.9123 64.7949 49.0217 71.2182 51.0803 61.0328 39.0512 54.2627 19.0274 79.3245 13.6015 25.3301 61.8617 
58.015 36.3593 36.0555 82.0975 90.6475 106.067 42.9418 33.6155 109.711 91.7371 68.9235 59.7955 94.3398 19.7231 105.16 70.9991 105.997 86.0994 43.0465 106.262 6.32456 36.4005 0.0 57.0 79.0733 78.3135 91.7343 73.1544 32.6956 41.7852 13.1529 33.2866 38.2099 85.4048 15.5563 85.589 70.4952 110.383 82.037 21.9317 33.0 26.6833 78.848 59.2358 11.1803 4.0 78.8388 68.6418 99.5801 75.7594 68.7058 123.962 95.9972 86.3721 60.0 85.5106 59.3043 72.8354 72.6154 92.3959 104.742 96.6282 72.1389 73.7084 81.2975 58.8218 100.686 89.2436 98.4443 85.4223 107.619 53.7587 78.2943 22.3607 88.7204 53.1507 114.187 31.1448 59.6615 98.2623 
33.3824 34.0149 57.4169 26.0238 43.0807 71.3099 27.5862 33.3856 65.8474 41.79 62.145 53.0761 38.3766 41.2311 70.9242 37.0 47.7432 75.3127 14.1421 61.903 51.0392 24.1661 57.0 0.0 29.1661 22.4642 33.2103 66.42 29.997 60.0151 56.5155 48.954 19.4165 29.3311 47.2969 29.5153 66.6136 79.6726 44.1811 52.0 66.0469 31.5753 28.3196 31.7665 47.2652 53.0 34.794 21.1896 49.7316 56.3205 52.1728 91.3612 64.0976 51.4608 3.0 52.9529 6.32456 18.6015 73.3063 37.6956 70.0 40.9026 62.9365 59.2284 25.2237 18.0278 42.1618 30.7196 61.6268 42.4726 58.764 74.7787 74.9627 51.0784 51.4608 5.65685 76.8108 26.1725 12.0 50.6956 
32.36 54.5908 70.8955 26.909 13.9292 42.1595 52.7668 53.9615 36.3469 17.088 53.0754 50.0 48.8553 62.742 41.7855 22.8035 31.3475 61.7171 36.3705 32.7514 73.3929 44.742 79.0733 29.1661 0.0 27.0492 22.4364 56.2228 50.5729 67.066 80.2099 62.4325 40.8634 36.7752 68.7628 35.857 57.3847 50.5964 24.3311 76.4174 80.1955 52.8363 40.3113 36.2602 68.8136 75.0967 14.5602 21.2434 22.8618 42.0595 40.6079 62.2096 43.0465 31.0644 27.3284 33.2415 27.7716 30.0167 64.4438 41.7739 40.855 52.453 52.6308 46.8722 23.8946 39.9249 34.351 25.0969 38.833 20.025 30.9047 70.7536 64.405 75.635 30.0167 28.9863 47.6592 49.6019 20.0469 21.544 
55.3011 56.382 79.784 5.0 32.0156 65.6201 42.0595 55.7527 54.0833 31.257 77.9784 72.9494 16.0312 63.3445 65.4905 48.7545 33.2866 88.2383 36.1458 51.2445 72.1734 46.5331 78.3135 22.4642 27.0492 0.0 22.2036 81.6333 52.3641 82.3822 76.2365 71.321 41.5059 10.6301 69.3873 11.4018 82.4054 74.5453 51.3782 70.214 88.4139 53.6029 14.1421 59.2014 69.0507 74.3303 41.5762 43.802 38.3275 68.542 66.242 84.4038 69.1809 57.7717 20.6265 60.196 19.0263 7.2111 89.3694 15.8114 64.4981 18.4391 78.032 72.8972 7.61577 24.5967 25.4951 19.2354 64.0078 46.4 46.8188 93.9616 90.05 69.2315 56.3205 28.0944 69.1231 47.1699 42.6055 39.8121 
47.2494 67.2518 85.4111 19.0263 10.198 43.4166 56.811 66.6225 32.6497 9.05539 63.7121 64.5157 26.4197 75.403 43.2897 33.6155 16.1555 70.1952 46.8918 29.5466 86.0539 57.403 91.7343 33.2103 22.4364 22.2036 0.0 66.2375 63.2339 80.2361 88.0517 76.9482 53.5245 14.5602 81.4238 13.6015 67.7998 52.345 31.305 82.9186 94.7111 65.4973 36.3456 51.1496 81.4746 87.7578 23.112 39.2556 16.5529 50.906 50.7706 62.3618 47.676 37.0 31.3725 39.5601 31.3853 27.5136 74.8514 32.573 42.2966 30.0167 62.7289 56.3424 15.0 41.5511 14.3178 3.0 42.0476 25.632 25.5539 83.8996 74.0339 81.969 35.171 38.8404 47.1275 58.2103 38.0591 17.72 
36.3456 44.2832 37.6615 81.6513 57.3847 51.2445 83.0241 46.5296 62.9365 60.3075 5.09902 40.0172 92.6563 56.3028 50.2494 33.4215 73.2393 13.0384 61.4003 60.7454 72.0609 53.0094 73.1544 66.42 56.2228 81.6333 66.2375 0.0 50.3587 31.8904 83.5618 40.6768 59.0339 80.5762 58.6581 79.658 3.16228 51.1566 36.8917 87.2812 46.8615 57.8705 93.4756 39.0512 64.0125 71.5892 43.1393 45.2751 61.5873 16.5529 15.6205 63.1506 37.0135 35.4683 67.4166 32.8938 72.7434 82.7152 8.94427 96.5162 50.3587 96.254 3.60555 10.2956 78.6369 83.58 77.9872 68.898 43.4166 43.2666 63.561 28.7924 8.544 86.977 38.6264 61.5506 59.0762 66.1891 55.1543 58.8303 
23.8587 6.08276 27.6586 56.0475 60.0779 77.4531 33.9559 4.12311 79.1418 63.2367 45.2769 32.587 68.4003 13.3417 76.6544 40.8943 77.4962 62.3699 17.0294 75.6928 28.3019 5.83095 32.6956 29.997 50.5729 52.3641 63.2339 50.3587 0.0 30.2705 38.2099 19.2094 12.0416 59.3547 19.105 59.539 49.0918 83.3045 52.4535 39.1152 36.0555 8.06226 57.2014 20.1488 21.5407 29.0689 48.2692 38.0722 69.0105 48.79 41.8355 96.7938 70.2532 58.5512 32.7568 58.6855 34.6699 48.375 54.037 67.5954 76.0544 70.9263 47.676 47.587 55.2474 40.4599 72.1855 60.7433 70.6259 54.8527 77.0491 45.5018 58.0775 38.5876 60.0937 24.8584 85.1554 16.0312 31.1611 67.6927 
38.2164 27.3131 5.83095 90.351 71.7284 76.5543 63.3246 26.6838 84.6909 74.8874 27.6595 45.4936 102.546 29.0689 75.5686 47.0307 89.0648 44.8219 47.1627 81.806 41.9762 35.849 41.7852 60.0151 67.066 82.3822 80.2361 31.8904 30.2705 0.0 53.6004 11.4018 42.3037 90.8863 28.2843 90.7513 29.2062 78.6375 55.8076 59.3043 16.1555 34.7851 87.2494 39.4552 34.3657 40.5216 57.7576 51.4725 78.7844 40.9946 34.9612 91.624 63.7903 57.7258 62.7748 55.9071 64.6934 78.3931 30.8707 97.6135 75.4067 105.798 31.2457 36.1252 87.3366 70.7277 92.1507 82.8966 68.5007 61.2661 83.3213 15.2315 36.7151 59.2115 60.6701 54.8764 84.7786 44.9444 61.4883 76.3645 
58.2521 43.1856 48.0521 80.5047 89.7149 111.847 36.6742 40.3609 111.893 92.8737 78.5188 68.4282 92.1358 27.4591 111.048 75.2877 102.585 96.3368 43.6578 108.287 11.7047 40.2244 13.1529 56.5155 80.2099 76.2365 88.0517 83.5618 38.2099 53.6004 0.0 44.0114 39.8121 84.1724 25.632 84.3445 81.8466 117.698 86.8469 9.89949 46.0435 30.6105 74.4312 54.5422 19.6977 13.1529 81.7061 71.5092 98.6475 84.6312 77.666 131.187 104.647 92.9446 59.439 93.079 57.4282 70.0286 84.119 89.0505 110.448 94.0213 81.4938 83.006 80.0625 54.231 97.0033 85.561 105.019 89.2461 106.686 66.3702 89.6463 10.6301 94.4871 53.7587 119.549 30.6757 60.7981 97.3297 
32.6521 16.252 8.48528 75.0044 68.3435 80.7038 52.0 15.6227 85.2467 71.5997 36.4459 34.4325 87.3573 18.0278 79.7974 45.6361 85.8592 53.6218 36.1016 81.9816 32.311 24.7879 33.2866 48.954 62.4325 71.321 76.9482 40.6768 19.2094 11.4018 44.0114 0.0 31.2426 78.3117 18.3848 78.4959 38.0176 85.0198 56.6741 48.8365 18.6815 23.4094 76.1883 33.8728 24.3516 31.305 55.4481 46.5804 76.5832 50.3349 43.2813 98.599 70.6342 61.0091 51.7137 60.1476 53.6323 67.332 40.2971 86.5523 79.3789 89.8833 46.7144 48.2839 74.2044 59.6666 88.8627 79.7002 73.0813 60.7688 82.5087 26.5707 45.8172 48.6621 63.3574 43.8153 88.8236 33.6155 50.118 74.4717 
23.1948 16.5571 39.6989 45.0654 50.3684 75.8526 24.0 15.8114 72.5462 53.5272 54.0833 41.1496 57.4183 21.8403 75.2649 38.9674 67.7867 70.1783 5.38516 68.9407 32.5576 6.7082 38.2099 19.4165 40.8634 41.5059 53.5245 59.0339 12.0416 42.3037 39.8121 31.2426 0.0 48.3727 27.8927 48.5569 58.2151 83.296 50.5267 37.6431 47.8017 12.1655 45.4863 20.0 28.0179 34.2345 43.8877 36.1454 59.301 53.6004 47.676 96.0731 68.3263 56.6243 22.3607 56.7587 23.2594 37.1618 63.8839 56.648 74.4548 59.9443 56.0 54.4518 44.2654 28.4253 61.2034 49.7612 70.5891 51.6672 67.3396 57.5351 67.1863 36.8782 58.1668 15.0 82.4051 9.89949 21.4516 57.9832 
55.9284 63.3726 86.7746 5.83095 24.7386 57.0351 51.4782 62.7433 44.3847 23.1948 78.6044 73.5767 12.7279 70.996 57.0088 47.9543 22.8254 84.5339 43.0126 41.7732 79.3401 53.5238 85.4048 29.3311 36.7752 10.6301 14.5602 80.5762 59.3547 90.8863 84.1724 78.3117 48.3727 0.0 77.0787 1.0 83.0274 66.0303 45.6946 78.848 96.0746 60.4697 23.7697 59.8286 75.9547 81.4099 37.4507 44.4293 29.1548 65.2447 65.1094 75.1332 62.1691 51.5461 27.4933 54.0833 26.9258 17.6918 89.9966 18.0278 56.0089 16.2788 77.0677 70.6812 4.12311 34.6699 14.8661 11.7047 56.3205 40.1622 37.108 94.5739 88.3727 77.8845 49.7293 34.9612 59.8415 54.3311 43.2328 31.0161 
42.4611 21.5407 23.0217 72.9468 78.2677 90.5128 41.1096 18.9737 97.3317 81.4266 53.6151 44.2415 85.2997 6.08276 89.6064 55.4451 95.6861 71.4331 33.2415 93.8827 13.9284 24.0208 15.5563 47.2969 68.7628 69.3873 81.4238 58.6581 19.105 28.2843 25.632 18.3848 27.8927 77.0787 0.0 77.263 56.2441 94.8289 66.4831 31.0644 24.5967 15.8114 72.45 43.6818 6.08276 13.0384 66.459 56.2621 87.2004 60.208 53.1507 108.408 80.4432 70.8181 50.2195 69.9567 50.9215 64.846 58.5235 84.4334 89.1879 87.8257 56.5901 58.1596 72.9714 53.535 90.3754 78.9331 82.8903 70.5778 95.239 42.0476 64.0438 31.0161 73.1665 42.5793 98.6327 24.4131 49.351 85.8826 
55.7934 63.5569 86.9589 6.7082 23.7697 56.0357 51.8941 62.9276 43.4166 22.2036 77.1327 73.4417 13.4536 71.1803 56.0089 47.0361 21.9545 83.6158 43.1968 40.7922 79.5244 53.708 85.589 29.5153 35.857 11.4018 13.6015 79.658 59.539 90.7513 84.3445 78.4959 48.5569 1.0 77.263 0.0 81.2203 65.0308 44.7772 79.1202 96.2589 60.6539 24.6982 59.6936 76.1389 81.5942 36.5325 44.2943 28.1603 64.3265 64.1912 74.1485 61.1882 50.5964 27.6776 53.1413 27.2029 18.3848 88.272 18.9737 55.0091 17.0294 76.1495 69.763 4.47214 35.2278 14.1421 10.7703 55.3263 39.2173 36.1386 94.439 87.4545 78.1601 48.7647 35.1454 58.8558 54.5153 43.0978 30.0167 
35.9026 43.0465 35.0 82.4772 59.0339 54.1479 82.1546 45.1774 65.521 62.0081 4.47214 39.0713 94.2186 54.45 53.1507 34.6554 75.1665 15.6205 60.8276 63.2456 70.1472 52.0384 70.4952 66.6136 57.3847 82.4054 67.7998 3.16228 49.0918 29.2062 81.8466 38.0176 58.2151 83.0274 56.2441 81.2203 0.0 54.231 38.9487 85.4438 43.9318 56.4358 94.205 38.3275 62.1549 68.93 44.6878 45.4687 63.6318 18.9737 17.0294 66.2873 40.0 37.9473 67.6338 35.4401 72.937 83.4866 7.07107 97.3422 53.2353 97.8163 5.38516 12.6491 79.4628 83.2922 79.6492 70.4603 46.2709 45.2769 65.9242 25.632 9.0 85.1645 41.1096 61.7442 62.0322 65.0308 55.4617 60.9016 
60.959 77.1115 84.4086 71.1758 42.7551 9.0 99.85 79.6151 24.6982 43.2897 52.7731 72.5873 75.326 91.5873 9.05539 42.4264 46.8722 44.5533 79.0771 25.7099 107.815 77.4735 110.383 79.6726 50.5964 74.5453 52.345 51.1566 83.3045 78.6375 117.698 85.0198 83.296 66.0303 94.8289 65.0308 54.231 0.0 31.241 117.078 94.0842 87.3224 88.6848 65.192 99.8757 107.598 39.4462 59.8164 37.0135 37.6431 44.0114 13.6015 14.8661 24.7588 77.8349 25.0 78.2782 79.4292 59.0 83.0963 10.0499 78.5175 49.4975 42.9535 67.2681 90.4765 55.5788 55.3263 12.8062 31.7648 30.8058 79.2465 54.1479 116.46 23.4307 71.6277 10.6301 90.6872 62.6882 35.0143 
30.5287 56.4714 61.5786 49.4799 21.6333 25.0 69.3542 55.8421 29.0172 24.2074 35.3412 44.2415 57.7062 64.6226 24.2074 11.6619 36.4005 39.2046 48.3162 26.0192 78.0073 46.6226 82.037 44.1811 24.3311 51.3782 31.305 36.8917 52.4535 55.8076 86.8469 56.6741 50.5267 45.6946 66.4831 44.7772 38.9487 31.241 0.0 86.2267 71.2542 56.4714 64.6297 34.6699 72.1177 79.1956 10.0 28.6007 24.6982 20.6155 22.4722 44.5533 19.9249 7.28011 49.5519 9.0 49.9952 54.231 45.793 63.7028 23.6008 61.2944 33.6155 26.6271 45.3569 62.1227 41.7732 34.0147 18.4391 6.40312 27.6586 58.8558 44.0454 85.6089 7.81025 41.4367 32.7567 59.8362 32.573 21.9545 
57.7266 44.7772 54.0833 74.7329 85.9223 111.226 29.0 42.0595 108.821 89.0812 82.2192 70.9333 85.8429 31.0483 110.428 74.6675 97.4515 99.96 40.4969 105.216 18.2483 39.6989 21.9317 52.0 76.4174 70.214 82.9186 87.2812 39.1152 59.3043 9.89949 48.8365 37.6431 78.848 31.0644 79.1202 85.4438 117.078 86.2267 0.0 53.7587 31.0644 67.0075 54.0167 25.02 20.6155 80.1628 71.8454 94.855 87.1362 80.1818 130.567 104.121 92.3244 54.7814 92.5535 51.923 63.6396 89.1302 82.0975 109.828 87.4643 85.0941 85.9069 74.7262 47.0425 91.8701 80.4279 104.399 87.9422 103.615 73.0 94.1664 1.0 93.8669 50.1199 118.68 27.8029 57.7267 94.2583 
50.415 34.0149 12.0416 92.7674 86.1065 92.001 65.215 33.121 100.138 89.3627 43.0116 52.1955 105.12 28.6007 91.0152 63.3991 103.622 59.4138 53.0094 97.2526 35.5106 41.8808 33.0 66.0469 80.1955 88.4139 94.7111 46.8615 36.0555 16.1555 46.0435 18.6815 47.8017 96.0746 24.5967 96.2589 43.9318 94.0842 71.2542 53.7587 0.0 37.4833 93.2309 51.6358 29.7321 33.2415 73.2111 64.3434 94.3462 56.4413 50.4079 107.071 79.2369 73.1725 68.8066 71.3537 70.7248 84.4249 44.0454 103.645 90.8533 106.976 46.6154 51.5719 91.9673 75.743 106.626 97.4632 83.9474 78.5318 100.272 21.9317 50.3289 53.9351 76.1168 60.9082 100.225 47.5079 67.881 92.2347 
27.8766 13.9284 31.305 57.1624 62.3412 81.471 28.6356 11.4018 82.1168 65.5001 52.7731 40.4109 69.5153 9.84886 80.6723 44.9122 79.7596 70.0928 17.4642 78.6678 21.5407 9.84886 26.6833 31.5753 52.8363 53.6029 65.4973 57.8705 8.06226 34.7851 30.6105 23.4094 12.1655 60.4697 15.8114 60.6539 56.4358 87.3224 56.4714 31.0644 37.4833 0.0 56.8243 24.1667 16.0312 22.8035 52.2871 42.0901 71.2739 56.6138 49.6593 100.812 74.2711 62.5691 34.5254 62.7035 35.1141 49.0408 61.0328 68.6222 80.0723 72.0413 55.3173 55.4109 56.3624 38.4187 74.4489 63.0066 74.6438 58.8706 79.3125 49.98 65.3758 30.5287 64.1116 27.074 89.1733 10.2956 33.4245 69.9561 
65.2507 61.2492 84.6512 18.0278 46.0977 79.7621 38.0132 60.6199 68.0074 45.3982 89.7406 82.899 22.2036 66.6483 79.6304 61.0328 46.5188 100.568 40.2244 65.2534 72.5328 51.4004 78.848 28.3196 40.3113 14.1421 36.3456 93.4756 57.2014 87.2494 74.4312 76.1883 45.4863 23.7697 72.45 24.6982 94.205 88.6848 64.6297 67.0075 93.2309 56.8243 0.0 59.6809 70.9366 75.0 54.7449 48.9258 52.3927 80.9568 78.1392 98.4886 83.0542 71.3442 26.593 73.5527 22.6716 10.7703 100.819 15.8114 78.6384 22.3607 89.8751 84.9095 21.587 20.2237 38.0789 33.3766 78.0577 60.1387 60.7289 104.602 101.904 66.0076 70.1266 33.9706 83.1986 48.4665 38.9549 53.9351 
4.24264 24.1667 42.3358 59.2784 42.6423 59.6406 44.0 23.5374 61.4695 45.8012 34.1321 21.4403 71.4737 40.4403 58.8218 23.0217 60.0607 50.2494 22.561 58.0205 45.7025 14.3178 59.2358 31.7665 36.2602 59.2014 51.1496 39.0512 20.1488 39.4552 54.5422 33.8728 20.0 59.8286 43.6818 59.6936 38.3275 65.192 34.6699 54.0167 51.6358 24.1667 59.6809 0.0 39.8129 46.8908 30.5968 20.3999 51.1928 34.5398 28.1603 78.7464 51.6624 40.4599 34.4709 40.3113 37.0273 50.3153 44.1475 74.1434 58.2495 74.7251 36.0 34.7131 56.2641 45.6946 63.0641 53.8101 52.6308 37.1803 57.8708 43.1429 47.2652 53.3691 42.2019 26.5699 67.4166 27.9193 30.4157 49.2986 
47.5079 25.2389 29.0689 72.6474 79.742 95.5597 37.5366 22.4722 98.806 82.9008 58.9696 49.2884 85.0003 8.60233 94.6533 60.492 95.7369 76.7876 33.1361 95.357 8.06226 25.4951 11.1803 47.2652 68.8136 69.0507 81.4746 64.0125 21.5407 34.3657 19.6977 24.3516 28.0179 75.9547 6.08276 76.1389 62.1549 99.8757 72.1177 25.02 29.7321 16.0312 70.9366 39.8129 0.0 7.81025 67.9333 57.7364 88.6747 65.437 58.4123 113.455 85.4901 75.865 50.2494 75.0035 50.2195 64.0312 64.5613 83.678 94.2348 87.4757 61.9446 63.5138 71.8474 51.4296 90.4261 78.9839 87.9371 74.5168 96.7133 48.0104 70.0814 25.0 78.2133 43.0116 104.82 22.4722 49.4018 87.3568 
55.2304 33.0151 34.9285 78.1027 84.6017 104.195 39.4462 30.2324 105.884 87.7605 66.5425 57.0109 90.3549 16.4012 103.396 67.6363 102.02 84.3605 39.0512 102.435 2.82843 32.573 4.0 53.0 75.0967 74.3303 87.7578 71.5892 29.0689 40.5216 13.1529 31.305 34.2345 81.4099 13.0384 81.5942 68.93 107.598 79.1956 20.6155 33.2415 22.8035 75.0 46.8908 7.81025 0.0 75.0112 64.8143 95.7526 73.1095 66.0681 121.177 93.2126 83.5875 56.0 82.726 55.3263 68.884 71.1688 88.459 102.796 92.6553 69.5175 71.0869 77.3026 55.0273 94.2407 85.2671 95.6596 81.5947 103.791 53.2353 76.7297 20.8806 85.9358 49.163 111.897 27.1662 55.6849 94.4347 
26.6966 52.2871 63.9111 41.2352 14.4222 32.0156 60.4152 51.6578 31.0161 17.4929 40.6079 43.0156 49.5308 60.4382 31.4006 10.7703 31.3847 47.5079 39.6688 27.5136 73.8229 42.4382 78.8388 34.794 14.5602 41.5762 23.112 43.1393 48.2692 57.7576 81.7061 55.4481 43.8877 37.4507 66.459 36.5325 44.6878 39.4462 10.0 80.1628 73.2111 52.2871 54.7449 30.5968 67.9333 75.0112 0.0 21.4009 21.2132 28.0179 27.6586 52.2015 29.6142 17.1172 39.6589 19.0 40.1021 44.2832 51.7397 55.4581 30.6105 53.1285 39.6232 33.3017 37.1122 52.308 35.0 25.7725 26.8328 7.81025 27.2947 61.3514 50.9902 79.3241 16.7631 32.2047 38.8973 52.6261 23.2653 19.0263 
16.4997 42.0901 55.0434 43.8791 30.3852 53.0377 42.0586 41.4608 51.8845 33.544 41.0 34.1479 56.0744 50.2413 52.345 18.3848 48.1667 54.4518 20.9637 48.3011 63.626 32.2413 68.6418 21.1896 21.2434 43.802 39.2556 45.2751 38.0722 51.4725 71.5092 46.5804 36.1454 44.4293 56.2621 44.2943 45.4687 59.8164 28.6007 71.8454 64.3434 42.0901 48.9258 20.3999 57.7364 64.8143 21.4009 0.0 39.3178 36.0139 31.257 73.0 47.8853 35.5106 22.3607 36.2353 27.5136 39.0966 52.1614 58.7441 51.6236 59.3258 41.7925 38.3275 40.8647 38.4708 51.1702 41.9161 47.0106 29.0689 47.1699 55.1601 53.8178 71.2276 36.4005 16.2788 60.208 45.4549 10.6301 37.9473 
47.2926 73.0284 85.0462 34.5254 10.2956 28.0179 73.3323 72.3991 16.1245 8.48528 59.9416 64.1507 38.4708 81.1796 28.0713 31.7805 12.0416 62.9365 54.8081 13.0 91.8305 63.1796 99.5801 49.7316 22.8618 38.3275 16.5529 61.5873 69.0105 78.7844 98.6475 76.5832 59.301 29.1548 87.2004 28.1603 63.6318 37.0135 24.6982 94.855 94.3462 71.2739 52.3927 51.1928 88.6747 95.7526 21.2132 39.3178 0.0 45.2217 46.9574 46.0977 35.3412 27.5862 47.8939 30.4138 47.9067 44.0114 70.4911 46.0977 27.074 41.7732 58.3095 51.3128 30.8058 58.0724 19.3132 19.3132 28.4605 18.3576 9.21954 82.28 68.6003 94.0726 24.8395 47.4239 30.8058 68.0395 38.4845 2.82843 
30.6757 42.7271 46.7657 68.4056 41.7732 36.0555 77.1038 45.2307 46.5725 44.5533 16.1245 38.2029 77.3248 57.2014 35.0571 19.9249 57.0088 19.6977 54.5894 44.2719 73.4098 48.7032 75.7594 56.3205 42.0595 68.542 50.906 16.5529 48.79 40.9946 84.6312 50.3349 53.6004 65.2447 60.208 64.3265 18.9737 37.6431 20.6155 87.1362 56.4413 56.6138 80.9568 34.5398 65.437 73.1095 28.0179 36.0139 45.2217 0.0 7.07107 50.6952 22.8035 18.9737 56.7186 16.4924 62.514 70.214 25.4951 83.252 35.0143 80.9225 13.6015 6.32456 65.3912 74.1687 62.2254 53.5665 28.0179 27.0185 47.0106 42.107 23.4307 86.7092 22.1359 52.0384 44.1814 62.2977 44.4072 42.4382 
24.5153 35.7726 40.7323 66.1999 42.0119 41.5933 71.4493 38.2762 50.4876 45.0 13.0384 31.2485 77.1895 50.2195 40.6079 17.8045 58.3095 23.1948 49.0918 47.8539 66.4003 42.45 68.7058 52.1728 40.6079 66.242 50.7706 15.6205 41.8355 34.9612 77.666 43.2813 47.676 65.1094 53.1507 64.1912 17.0294 44.0114 22.4722 80.1818 50.4079 49.6593 78.1392 28.1603 58.4123 66.0681 27.6586 31.257 46.9574 7.07107 0.0 57.2713 29.1548 23.0217 52.8867 21.0238 58.4637 67.3789 24.0832 81.0649 40.4475 80.7872 12.0416 7.07107 63.1855 69.7209 62.6259 53.4311 33.541 28.6356 50.0 37.054 23.8537 79.7548 26.0768 47.5184 49.8197 56.0514 40.5216 44.2832 
74.5185 90.6907 97.395 80.604 53.4883 20.2485 112.471 93.1942 31.0644 53.4509 65.2534 86.1665 83.0963 105.166 20.8087 55.9017 54.037 55.0091 91.8542 33.3766 121.394 90.9629 123.962 91.3612 62.2096 84.4038 62.3618 63.1506 96.7938 91.624 131.187 98.599 96.0731 75.1332 108.408 74.1485 66.2873 13.6015 44.5533 130.567 107.071 100.812 98.4886 78.7464 113.455 121.177 52.2015 73.0 46.0977 50.6952 57.2713 0.0 28.178 38.2884 89.5235 38.6005 89.9667 89.8443 70.4557 91.2688 21.6333 86.0233 61.8466 55.6597 76.9025 102.132 63.0714 65.2534 26.1725 44.4072 38.2099 91.6788 65.123 129.949 36.7696 84.2482 15.2971 104.812 75.3088 44.643 
47.4236 62.7259 69.5614 66.6108 37.4833 14.5602 89.1572 65.2295 29.2062 39.0512 38.2099 58.2017 73.0821 77.2017 13.6015 29.6816 47.0106 32.311 68.0724 28.2843 93.4294 64.4222 95.9972 64.0976 43.0465 69.1809 47.676 37.0135 70.2532 63.7903 104.647 70.6342 68.3263 62.1691 80.4432 61.1882 40.0 14.8661 19.9249 104.121 79.2369 74.2711 83.0542 51.6624 85.4901 93.2126 29.6142 47.8853 35.3412 22.8035 29.1548 28.178 0.0 12.6491 69.2607 11.6619 69.704 73.0068 45.2769 80.05 13.9284 76.5376 35.0571 28.2843 62.514 81.9098 54.626 50.636 7.81025 23.0217 32.6497 64.6297 41.0 103.473 13.0384 61.3514 22.0907 77.6358 52.4976 32.6956 
36.2353 53.1008 63.4969 55.5428 26.9258 19.6977 76.5572 61.9398 27.6586 29.0689 34.9285 48.5766 63.1585 67.5766 18.7883 17.6918 39.6232 35.3836 55.4898 25.2982 84.1049 52.7202 86.3721 51.4608 31.0644 57.7717 37.0 35.4683 58.5512 57.7258 92.9446 61.0091 56.6243 51.5461 70.8181 50.5964 37.9473 24.7588 7.28011 92.3244 73.1725 62.5691 71.3442 40.4599 75.865 83.5875 17.1172 35.5106 27.5862 18.9737 23.0217 38.2884 12.6491 0.0 56.7627 2.82843 57.2059 61.0737 44.3847 69.5701 18.3848 66.7083 32.573 25.2982 51.4198 69.4118 46.0435 39.8497 12.2066 11.4018 28.178 60.075 41.6773 91.7065 3.16228 48.7032 27.8568 65.9338 39.8497 24.7588 
38.6648 36.7747 60.1767 24.1861 41.243 69.4722 29.7321 36.1454 64.0097 39.9523 63.1652 56.3131 36.5389 44.1475 69.0865 37.1214 45.9054 75.9276 17.1172 60.0653 54.037 26.9258 60.0 3.0 27.3284 20.6265 31.3725 67.4166 32.7568 62.7748 59.439 51.7137 22.3607 27.4933 50.2195 27.6776 67.6338 77.8349 49.5519 54.7814 68.8066 34.5254 26.593 34.4709 50.2494 56.0 39.6589 22.3607 47.8939 56.7186 52.8867 89.5235 69.2607 56.7627 0.0 58.4886 6.08276 16.7637 74.3265 35.8578 68.1623 39.0649 63.9062 59.9083 23.386 18.4391 40.3241 28.8819 65.8041 46.5789 56.9263 78.0157 75.9605 53.8516 56.313 8.06226 74.9731 29.1548 12.3693 48.8578 
36.0694 52.2393 61.6781 57.9771 29.5466 20.8806 77.6209 54.7429 30.0832 31.7648 32.5576 47.7151 65.7951 66.7151 19.9249 18.0278 42.45 32.5576 56.5261 27.8568 82.9428 52.8546 85.5106 52.9529 33.2415 60.196 39.5601 32.8938 58.6855 55.9071 93.079 60.1476 56.7587 54.0833 69.9567 53.1413 35.4401 25.0 9.0 92.5535 71.3537 62.7035 73.5527 40.3113 75.0035 82.726 19.0 36.2353 30.4138 16.4924 21.0238 38.6005 11.6619 2.82843 58.4886 0.0 58.9319 63.1981 41.7852 72.111 19.6469 69.3542 30.0832 22.8035 53.8542 70.8945 48.8262 42.3792 13.0 13.9284 30.8869 58.0086 38.9487 91.9058 5.83095 50.0 29.1204 66.0682 41.2311 27.5862 
38.6431 38.6933 62.0953 23.0868 41.6343 69.9154 25.2389 38.064 64.0224 39.9651 68.4684 58.3368 35.0571 44.9444 69.5298 43.0465 45.9182 81.5843 17.8885 60.4566 53.1507 28.8444 59.3043 6.32456 27.7716 19.0263 31.3853 72.7434 34.6699 64.6934 57.4282 53.6323 23.2594 26.9258 50.9215 27.2029 72.937 78.2782 49.9952 51.923 70.7248 35.1141 22.6716 37.0273 50.2195 55.3263 40.1021 27.5136 47.9067 62.514 58.4637 89.9667 69.704 57.2059 6.08276 58.9319 0.0 13.9284 79.6297 33.5261 68.6056 37.3363 69.2604 65.5134 22.8035 12.3693 40.2492 28.8946 66.2474 47.0221 56.939 80.0394 81.2861 50.9608 56.7563 11.6619 75.3644 28.1603 18.1108 49.2491 
55.4214 52.393 75.7949 12.2066 36.6742 70.6116 35.171 51.7636 60.0083 36.4005 79.0595 73.0697 22.2036 58.8727 70.406 50.2892 40.0 89.8109 31.7805 57.0088 66.6108 42.5441 72.8354 18.6015 30.0167 7.2111 27.5136 82.7152 48.375 78.3931 70.0286 67.332 37.1618 17.6918 64.846 18.3848 83.4866 79.4292 54.231 63.6396 84.4249 49.0408 10.7703 50.3153 64.0312 68.884 44.2832 39.0966 44.0114 70.214 67.3789 89.8443 73.0068 61.0737 16.7637 63.1981 13.9284 0.0 90.4506 19.6469 69.4262 24.0 79.1148 74.1491 14.2127 17.4642 32.5269 24.6982 68.3731 50.0 52.8015 94.7723 91.144 62.6498 60.0 24.2316 74.6324 41.7732 29.1256 45.2217 
42.0595 48.0937 36.6742 89.4464 66.0681 59.6825 87.5728 50.01 71.7844 69.029 11.4018 44.7343 101.27 58.2169 58.6941 41.7253 82.0975 16.5529 66.7083 69.6419 72.4224 57.4282 72.6154 73.3063 64.4438 89.3694 74.8514 8.94427 54.037 30.8707 84.119 40.2971 63.8839 89.9966 58.5235 88.272 7.07107 59.0 45.793 89.1302 44.0454 61.0328 100.819 44.1475 64.5613 71.1688 51.7397 52.1614 70.4911 25.4951 24.0832 70.4557 45.2769 44.3847 74.3265 41.7852 79.6297 90.4506 0.0 104.311 58.8558 104.868 12.2066 19.2354 86.432 89.4976 86.6833 77.5119 51.9711 52.1536 72.4983 23.6008 6.40312 88.9468 47.5395 68.4369 67.3647 70.0643 62.1772 67.7422 
70.2431 71.6133 95.0153 15.0 42.72 74.108 53.1507 70.984 60.208 41.0 92.9191 87.8914 8.544 78.4347 74.1687 63.5083 37.3363 102.541 51.264 58.0345 86.1452 61.7644 92.3959 37.6956 41.7739 15.8114 32.573 96.5162 67.5954 97.6135 89.0505 86.5523 56.648 18.0278 84.4334 18.9737 97.3422 83.0963 63.7028 82.0975 103.645 68.6222 15.8114 74.1434 83.678 88.459 55.4581 58.7441 46.0977 83.252 81.0649 91.2688 80.05 69.5701 35.8578 72.111 33.5261 19.6469 104.311 0.0 73.171 7.07107 92.9117 87.6723 18.868 35.0571 28.2843 29.7321 73.9797 58.1893 53.0848 108.904 104.899 81.0987 67.72 43.3257 76.1052 61.3922 57.5476 48.2597 
