NAME  : Jabali_80_2_0.95_1_8
TYPE : SVRP
MODEL : FINITE_SUPPORT
NUMBER_OF_SCENARIOS : 200
DIMENSION : 80
EDGE_WEIGHT_TYPE : MATRIX
CAPACITY : 234
N_VEHICLES : 2
NODE_COORD_SECTION
1 4634 4244
2 5795 7451
3 1877 3620
4 3600 3463
5 8222 3457
6 57 2706
7 3407 5768
8 5735 6356
9 5753 2710
10 2236 6028
11 27 6046
12 6063 2104
13 6550 2284
14 3442 18
15 6922 5423
16 3423 4490
17 8444 3472
18 6415 5459
19 3030 6993
20 4454 4484
21 1863 5205
22 4669 4452
23 5072 8942
24 8507 3053
25 1795 2192
26 2364 2468
27 2518 4808
28 6043 1547
29 853 5175
30 7461 3856
31 4044 6098
32 2890 1535
33 6525 3932
34 4276 8271
35 53 5599
36 708 5718
37 2129 3194
38 513 3745
39 4492 7144
40 4622 7762
41 5973 3298
42 160 3612
43 5292 8500
44 4075 7442
45 7714 2837
46 7471 2448
47 2879 4644
48 8820 2526
49 3842 8184
50 7400 4119
51 4356 2747
52 6538 6890
53 4265 3005
54 1908 2572
55 1954 6172
56 3106 1945
57 5210 5442
58 3986 5089
59 4173 1046
60 7234 4132
61 5617 4494
62 6723 6515
63 3129 812
64 6704 2223
65 5376 2134
66 223 4135
67 1626 4943
68 6578 3290
69 6638 2813
70 2260 3612
71 7273 3211
72 4523 2760
73 39 3510
74 2980 532
75 2004 861
76 1499 631
77 2542 3359
78 5496 896
79 1042 3183
80 5477 5142
DEMAND_SECTION
1 0.0
2 7.0
3 10.0
4 9.0
5 7.0
6 9.0
7 6.0
8 5.0
9 4.0
10 5.0
11 8.0
12 6.0
13 10.0
14 9.0
15 9.0
16 3.0
17 3.0
18 2.0
19 2.0
20 8.0
21 7.0
22 5.0
23 1.0
24 9.0
25 4.0
26 9.0
27 1.0
28 8.0
29 5.0
30 7.0
31 10.0
32 10.0
33 7.0
34 4.0
35 9.0
36 4.0
37 9.0
38 2.0
39 1.0
40 1.0
41 5.0
42 10.0
43 5.0
44 1.0
45 2.0
46 1.0
47 2.0
48 4.0
49 4.0
50 6.0
51 9.0
52 6.0
53 4.0
54 2.0
55 8.0
56 4.0
57 8.0
58 6.0
59 7.0
60 6.0
61 6.0
62 8.0
63 10.0
64 7.0
65 7.0
66 6.0
67 5.0
68 1.0
69 1.0
70 4.0
71 5.0
72 8.0
73 10.0
74 1.0
75 5.0
76 1.0
77 8.0
78 9.0
79 3.0
80 5.0
DEVIATION_SECTION
1 0.0
2 2.33333
3 3.33333
4 3.0
5 2.33333
6 3.0
7 2.0
8 1.66667
9 1.33333
10 1.66667
11 2.66667
12 2.0
13 3.33333
14 3.0
15 3.0
16 1.0
17 1.0
18 0.666667
19 0.666667
20 2.66667
21 2.33333
22 1.66667
23 0.333333
24 3.0
25 1.33333
26 3.0
27 0.333333
28 2.66667
29 1.66667
30 2.33333
31 3.33333
32 3.33333
33 2.33333
34 1.33333
35 3.0
36 1.33333
37 3.0
38 0.666667
39 0.333333
40 0.333333
41 1.66667
42 3.33333
43 1.66667
44 0.333333
45 0.666667
46 0.333333
47 0.666667
48 1.33333
49 1.33333
50 2.0
51 3.0
52 2.0
53 1.33333
54 0.666667
55 2.66667
56 1.33333
57 2.66667
58 2.0
59 2.33333
60 2.0
61 2.0
62 2.66667
63 3.33333
64 2.33333
65 2.33333
66 2.0
67 1.66667
68 0.333333
69 0.333333
70 1.33333
71 1.66667
72 2.66667
73 3.33333
74 0.333333
75 1.66667
76 0.333333
77 2.66667
78 3.0
79 1.0
80 1.66667
DISTANCE_MATRIX
0.0 45.2098 42.4459 21.0238 54.9634 73.9436 26.5707 30.939 26.0192 43.0574 68.8192 35.0143 37.1327 60.208 44.4779 18.0736 57.0475 31.5517 44.0114 3.60555 41.0605 2.0 63.3938 60.203 47.8592 39.8584 30.2448 41.1096 53.9623 42.8685 26.0768 44.2832 31.1921 54.626 66.0991 58.8231 43.1027 59.6489 39.3954 47.4446 30.8803 64.3689 58.016 44.2719 52.3958 52.9246 25.2634 67.2398 54.7083 41.5509 20.5183 42.9535 18.4391 44.9959 46.6441 38.4838 16.5655 15.6525 44.6878 40.2025 16.0153 41.1738 51.8652 38.4182 30.8058 59.6873 42.6704 36.7699 41.7857 38.8444 44.8313 20.6155 65.088 55.4707 58.5235 64.8583 40.1643 47.1275 60.0324 17.3852 
45.2098 0.0 78.0593 62.2656 62.0322 98.7992 42.2966 15.0 65.4936 50.8035 79.404 72.6205 70.5762 104.894 30.4138 53.6656 63.1269 29.1548 36.7696 44.2041 59.0787 43.4302 22.2036 68.0661 92.3701 84.3692 57.4991 79.8267 71.4493 52.2398 31.257 87.9204 48.7032 22.8254 80.05 71.5891 79.3239 84.5045 18.0278 16.2788 57.0083 89.2245 16.1245 22.4722 66.4831 70.214 60.8554 76.1052 27.2029 49.2544 65.4371 12.6491 63.1699 88.5628 53.3667 82.0975 29.0 43.0813 89.6443 48.3735 41.6113 17.2627 96.2133 71.1688 73.284 84.2449 63.1504 57.2451 63.5689 74.4578 60.0167 65.6316 89.9366 99.8098 101.747 108.066 75.6382 89.6 85.4329 32.5269 
42.4459 78.0593 0.0 31.4695 87.5532 35.4561 40.0825 65.2664 54.6596 33.6006 41.5097 60.6505 66.3743 52.6214 72.8635 25.3062 89.7811 66.5735 48.1664 39.1553 21.9545 41.3864 83.8808 91.0336 19.0554 16.0312 19.7231 62.9682 26.0192 78.2574 47.1203 31.1448 67.382 70.3923 37.1692 33.0 6.32456 31.5276 60.0971 67.2843 57.1839 34.5505 80.8857 59.7283 80.2895 77.6775 20.8806 95.7217 67.2012 78.0849 36.0603 77.8964 34.6241 14.0554 34.9857 28.0713 51.9526 36.0769 46.6905 77.1049 52.4628 76.131 41.4437 67.7855 51.6566 37.2334 19.3132 65.0849 66.0438 5.38516 74.4456 37.4552 35.9626 43.9839 37.6561 41.613 10.0 61.4654 21.1384 53.1616 
21.0238 62.2656 31.4695 0.0 64.6745 51.5248 41.762 48.8467 33.3017 40.1995 58.8559 40.4969 45.4533 45.8911 61.6628 15.2643 66.9023 49.6771 50.1024 19.4165 32.3883 21.2132 77.8353 68.1548 30.1768 22.176 23.0217 43.8634 43.3395 55.3787 35.6572 27.0323 44.5032 66.8671 55.538 49.0432 25.4203 47.8925 52.3509 60.8351 34.3052 50.9154 73.1095 55.6555 57.8014 55.9017 19.4165 73.4098 65.6072 55.2062 15.6525 61.0788 13.0384 27.3135 43.0465 21.2172 34.7851 20.6647 33.9559 54.2262 34.3999 59.2991 35.9354 46.8615 32.2025 53.5983 32.4942 42.2062 43.9318 27.3135 51.5668 17.0 52.3275 39.4434 40.8573 47.1759 22.4818 44.5533 37.5033 35.7697 
54.9634 62.0322 87.5532 64.6745 0.0 107.608 72.3864 51.1957 34.5254 88.6115 118.245 34.1321 27.2947 80.399 32.7567 67.392 2.23607 37.3363 84.1093 54.0504 90.3789 53.1838 84.006 6.08276 86.0349 78.1857 79.5632 39.0512 103.281 12.2066 67.4372 76.1183 24.0832 83.0241 115.418 108.249 81.504 103.976 70.6045 75.1332 30.4631 106.999 78.0 76.922 10.7703 16.5529 74.5818 14.1421 85.9069 14.7648 51.8652 50.04 52.9245 83.3847 92.1982 71.8053 51.9377 62.4131 64.0312 16.1245 39.1009 45.0111 78.0577 26.4764 42.0476 109.682 91.9888 22.4722 23.0868 83.3972 13.3417 50.5964 108.411 81.0062 90.7965 97.8673 78.5656 50.6952 93.587 55.4033 
73.9436 98.7992 35.4561 51.5248 107.608 0.0 62.0339 96.7641 74.6257 51.4782 43.382 79.8123 86.0233 56.6127 104.361 56.8039 109.836 98.0712 68.0132 70.653 39.9438 72.8841 105.404 110.991 23.3452 30.0 45.9762 80.6598 33.9411 98.3127 69.0716 39.6611 87.4372 91.552 38.0132 39.8246 30.6434 14.4222 82.0484 89.2356 77.2392 10.6301 102.837 81.4149 100.344 97.6371 50.142 115.763 87.7099 98.1402 56.0803 109.394 54.6793 24.4131 51.3128 40.3609 83.4503 67.5746 58.2495 97.1602 83.9605 107.629 47.0106 87.4185 70.4344 17.8045 35.8387 85.1402 86.093 35.6203 94.4758 57.4543 10.8167 47.7598 34.7131 33.0 35.8876 76.0592 19.0 84.6593 
26.5707 42.2966 40.0825 41.762 72.3864 62.0339 0.0 33.7343 51.9711 16.4997 45.5554 60.8276 63.3819 87.7037 44.9865 21.5894 74.516 38.6964 20.6155 23.0868 22.3134 24.6982 52.4786 77.5237 56.9033 52.3087 20.7337 66.2722 34.9387 60.5034 11.0454 66.3794 48.5489 39.8246 44.8567 36.349 42.6637 47.7392 27.313 35.3553 48.3205 52.4592 48.7545 28.6007 69.8355 70.3649 22.5117 84.5991 37.4833 58.867 40.3121 46.5296 37.341 51.9033 20.0864 61.7335 25.807 11.1803 62.8119 57.5186 33.2866 46.5725 76.7423 64.6674 55.0364 47.4796 26.3851 54.2101 59.226 37.6939 62.2656 41.1947 53.1713 79.7898 75.3977 79.461 39.076 70.1783 48.6676 30.4795 
30.939 15.0 65.2664 48.8467 51.1957 96.7641 33.7343 0.0 51.3136 46.0652 75.591 58.2467 56.3205 90.6507 18.4391 40.8727 52.6308 15.1327 36.0694 30.0167 52.7295 29.1594 36.0555 57.2713 77.1504 69.1496 51.1498 65.453 65.3548 40.1995 23.4094 73.9256 34.7131 32.0624 75.2396 66.7083 66.531 82.4694 19.6977 24.0832 42.6346 87.1894 30.0832 26.0 54.0093 57.1402 48.0625 65.307 34.7131 37.2156 51.194 13.0 48.9267 75.7699 49.2443 68.0955 14.4222 31.257 75.4012 36.1248 26.9721 13.0 81.9542 57.0088 58.6448 77.8957 56.8011 43.1741 49.4773 61.6649 47.0425 51.3885 87.9085 85.5539 87.8309 94.1495 62.8452 74.9608 82.8529 17.8877 
26.0192 65.4936 54.6596 33.3017 34.5254 74.6257 51.9711 51.3136 0.0 67.6308 90.4268 9.0 12.2066 48.0833 37.4833 40.4969 36.6742 36.3519 70.0286 29.1548 63.0714 28.0179 85.6743 37.0 52.3259 44.7772 52.3927 15.5242 74.9542 27.2947 52.0096 41.5933 18.868 78.848 87.1527 80.5295 48.6103 71.0825 63.7887 71.1688 8.48528 74.1054 79.9431 69.2315 26.0 23.0217 47.5395 41.1825 79.6241 27.8927 18.6011 57.0011 20.5183 50.2494 70.984 37.3631 37.6431 40.7922 31.0483 27.2029 24.3516 52.4486 44.1022 13.6015 8.94427 76.7883 64.0078 13.1529 11.7047 50.5036 21.2132 17.2047 75.5176 47.2652 56.3205 63.3877 45.6719 24.2074 60.6934 33.6155 
43.0574 50.8035 33.6006 40.1995 88.6115 51.4782 16.4997 46.0652 67.6308 0.0 29.5296 76.2183 79.5697 83.8153 59.5606 27.2947 90.7411 53.2706 16.7631 39.584 12.0416 41.1726 54.5711 93.7488 51.6773 47.8539 17.2627 81.2158 21.0238 76.7285 23.0217 62.3939 64.7893 40.5216 29.4109 20.8806 37.5899 37.1214 33.1361 39.1152 66.641 41.6293 52.469 31.1448 86.1611 86.7256 21.0 100.806 36.4005 75.0921 54.0833 57.9396 51.0882 46.6773 3.60555 57.8705 41.0122 27.6586 73.9948 73.7437 49.5308 59.0339 72.8011 80.8552 69.7209 35.7351 15.8114 70.5709 76.408 32.6497 78.5737 55.1453 42.1545 75.7694 70.278 74.235 35.1141 84.0536 38.1152 46.0109 
68.8192 79.404 41.5097 58.8559 118.245 43.382 45.5554 75.591 90.4268 29.5296 0.0 98.3912 102.577 93.0215 88.7696 50.8035 120.374 82.4795 42.9535 65.5134 27.8029 67.7477 79.0063 123.377 56.0803 57.2189 38.6005 102.339 15.8114 106.362 52.4786 72.0625 94.3664 65.0692 5.38516 10.0 47.6896 31.7805 61.4003 65.9242 90.0048 33.2415 78.3135 58.0517 115.57 111.813 43.6005 130.414 60.0083 104.725 74.1663 87.3212 71.3254 53.0094 26.4008 69.4848 70.103 62.4289 88.1368 103.377 79.1896 88.5494 82.0 103.942 90.6341 26.2488 26.4197 97.9058 99.7719 44.3847 108.006 75.4311 32.6956 84.0536 73.9797 74.4648 49.0408 102.201 39.0 75.0721 
35.0143 72.6205 60.6505 40.4969 34.1321 79.8123 60.8276 58.2467 9.0 76.2183 98.3912 0.0 7.07107 46.2709 44.2041 49.0408 36.0555 43.4788 79.0253 38.1182 71.3092 37.0135 94.2831 35.1283 56.8595 49.8197 60.7454 7.2111 82.8747 29.9666 61.0082 44.0114 24.8395 87.5557 95.0732 88.5664 54.6012 76.924 72.5672 79.8123 16.1555 79.9469 88.2773 78.0897 24.0208 19.4165 55.9732 37.6431 88.459 31.3847 25.0 64.0703 27.4591 55.4437 79.5715 40.7063 46.3249 49.6488 30.0167 31.0644 32.9848 59.4054 44.4072 8.24621 9.43398 82.7792 72.0139 17.0294 12.083 56.4945 21.8403 23.6008 81.3591 47.1699 57.9741 65.0 51.6628 18.0278 66.5349 42.0595 
37.1327 70.5762 66.3743 45.4533 27.2947 86.0233 63.3819 56.3205 12.2066 79.5697 102.577 7.07107 0.0 53.1507 41.1825 52.3927 29.1548 41.4367 80.5047 40.3884 75.1332 39.1228 92.3472 28.0713 63.2851 56.0357 64.405 12.083 87.1342 24.4131 62.2896 50.9215 21.9317 87.1471 99.3327 92.6607 60.3251 82.7973 72.4431 79.3136 16.0312 85.8202 86.3308 78.2304 17.0 12.3693 59.5063 30.6757 88.459 26.2488 30.4138 61.2944 32.5576 61.6117 82.8555 47.4236 46.1736 52.233 37.054 26.1725 33.0151 56.4358 51.4782 1.41421 16.1555 88.5031 76.1577 13.4164 7.2111 62.2183 15.6525 29.0 87.2323 54.231 65.0 72.0347 57.3867 23.7697 72.4081 41.4367 
60.208 104.894 52.6214 45.8911 80.399 56.6127 87.7037 90.6507 48.0833 83.8153 93.0215 46.2709 53.1507 0.0 83.9348 61.1007 82.2982 82.7959 96.0441 60.8112 73.4983 61.5549 122.577 81.0247 37.0135 36.6742 67.0191 42.0119 78.3135 75.1864 81.0247 21.587 66.4831 112.201 88.0 85.3756 47.0744 62.2013 97.4526 105.891 55.7136 62.8013 117.456 101.02 70.1142 65.0077 65.2011 82.2192 110.975 75.9605 39.8246 102.638 41.7732 40.1123 86.0233 26.0 76.2495 66.0329 17.088 75.2861 68.9424 98.8926 11.1803 54.0833 39.2938 68.2642 71.5891 61.131 57.8705 51.6624 67.897 40.0 63.9531 9.05539 22.3607 27.0185 48.7032 31.4006 54.037 77.0692 
44.4779 30.4138 72.8635 61.6628 32.7567 104.361 44.9865 18.4391 37.4833 59.5606 88.7696 44.2041 41.1825 83.9348 0.0 48.4698 34.2053 6.7082 52.6972 36.9272 65.5275 42.6983 52.6118 38.833 83.0531 75.1766 60.641 51.4004 78.1529 22.0 36.7696 74.4566 19.4165 50.3587 88.0708 79.5631 74.1281 90.0665 37.9473 42.4264 29.0 94.7866 46.5296 44.2719 36.1248 39.8121 55.6596 46.8722 53.1507 19.0 48.9491 20.1246 49.9209 80.3837 63.0349 69.5781 21.2974 39.7825 66.895 18.0278 28.5085 15.2643 78.5544 41.5933 46.1171 90.1049 69.5992 27.7849 34.0 69.262 29.6142 47.7537 95.5056 81.9339 89.4654 96.4566 70.4424 61.5549 90.4501 24.7629 
18.0736 53.6656 25.3062 15.2643 67.392 56.8039 21.5894 40.8727 40.4969 27.2947 50.8035 49.0408 52.3927 61.1007 48.4698 0.0 69.4762 42.1798 41.8352 14.7678 23.0217 17.0021 68.8538 72.6317 40.8097 36.1178 12.2066 53.9351 36.0694 55.2971 26.6757 42.2419 43.6208 57.8856 48.1664 40.8044 26.5708 42.5092 43.3694 51.8536 39.5374 47.2292 64.1379 46.674 63.0391 61.3456 7.2111 79.6685 56.6258 53.9796 27.0185 53.5027 24.0208 35.8097 30.5941 36.4269 27.5589 11.6832 48.7032 52.6311 28.4439 51.7373 51.145 53.7122 42.4264 42.1932 24.7588 47.4384 49.3044 21.7047 57.26 28.0 47.9483 54.6531 56.067 63.3673 22.885 57.0088 42.8927 29.6515 
57.0475 63.1269 89.7811 66.9023 2.23607 109.836 74.516 52.6308 36.6742 90.7411 120.374 36.0555 29.1548 82.2982 34.2053 69.4762 0.0 39.0 85.867 56.1345 92.6155 55.2679 85.0059 5.09902 88.2553 80.4114 81.6473 40.7922 105.365 14.2127 69.1949 78.2624 26.2488 84.3445 117.502 110.378 83.7318 106.204 72.1249 76.4853 32.6956 109.227 79.0253 78.4474 12.3693 18.0278 76.6659 13.0 87.3212 16.6433 54.0833 51.0 55.1543 85.6154 94.3278 73.9797 53.6955 64.5427 66.0076 18.0278 41.2305 46.0109 80.0999 28.2843 44.1022 111.91 94.0729 24.6982 25.1794 85.6251 15.5242 52.811 110.639 83.0241 92.9139 99.985 80.7934 52.3927 95.8149 57.161 
31.5517 29.1548 66.5735 49.6771 37.3363 98.0712 38.6964 15.1327 36.3519 53.2706 82.4795 43.4788 41.4367 82.7959 6.7082 42.1798 39.0 0.0 47.0106 30.6371 59.2375 29.7721 50.9608 43.3244 77.792 69.7912 54.351 50.685 71.8628 25.7099 30.5067 74.5365 19.6469 47.0 81.7808 73.2731 67.8381 83.7765 33.541 39.0 27.8667 88.4965 44.9222 39.8121 39.1152 42.0476 49.3696 51.2445 49.2544 22.8035 47.8102 21.2132 49.5118 74.9287 56.7449 68.7079 15.0073 33.4925 65.7561 21.587 27.3696 17.2047 77.4155 42.0595 44.9783 83.8149 63.3092 28.1603 34.4819 62.972 32.0 46.6148 89.2156 80.795 88.4725 94.791 64.1523 60.4847 84.16 18.4728 
44.0114 36.7696 48.1664 50.1024 84.1093 68.0132 20.6155 36.0694 70.0286 16.7631 42.9535 79.0253 80.5047 96.0441 52.6972 41.8352 85.867 47.0106 0.0 41.0122 28.178 42.0119 37.855 90.0081 65.2268 60.6485 29.0689 85.0235 37.4833 72.1776 18.2483 74.7198 62.713 23.7697 44.1814 36.0139 50.9902 53.7122 18.7883 23.0868 64.4981 58.3095 36.0555 15.1327 84.2409 85.6154 30.852 97.8093 19.6977 69.3926 60.4152 46.0435 57.4891 60.2268 18.1108 70.0739 36.4005 30.5941 83.0577 68.0881 48.0521 48.2701 85.0827 81.6149 74.2428 52.4976 32.2025 69.6348 75.1332 46.0109 76.6257 61.1882 58.8727 88.1302 83.7377 87.7844 47.4164 89.9444 54.6469 41.7852 
3.60555 44.2041 39.1553 19.4165 54.0504 70.653 23.0868 30.0167 29.1548 39.584 65.5134 38.1182 40.3884 60.8112 36.9272 14.7678 56.1345 30.6371 41.0122 0.0 37.7547 2.23607 62.0081 59.29 47.1578 39.157 26.9389 44.0114 50.6565 41.9555 23.3452 43.909 30.2791 52.7731 62.7932 55.5173 40.4199 56.3584 37.5899 45.793 27.4597 61.0784 56.7274 42.1545 51.4828 52.0116 21.9575 66.3268 52.5547 40.6379 21.6333 42.0389 19.2094 44.2945 43.1707 38.0789 15.6525 12.083 45.8039 39.2895 15.1023 40.2592 52.0096 41.6739 33.3766 56.3968 39.3645 35.8568 37.2267 35.5539 43.9183 21.9545 61.7974 55.6058 57.8383 64.1568 36.7342 49.4773 56.7419 16.4721 
41.0605 59.0787 21.9545 32.3883 90.3789 39.9438 22.3134 52.7295 63.0714 12.0416 27.8029 71.3092 75.1332 73.4983 65.5275 23.0217 92.6155 59.2375 28.178 37.7547 0.0 39.989 65.4599 95.6186 40.4631 37.0 10.8167 75.5844 13.8924 78.6029 29.3511 51.923 66.6077 51.6236 25.4951 17.8045 26.5707 25.632 42.2966 49.2443 62.4052 30.3645 62.8172 41.4849 87.8114 84.2134 15.8114 102.655 47.8539 76.9665 47.5395 65.0333 44.643 35.4631 13.0384 47.8539 46.861 34.6702 65.0692 75.6181 51.4309 65.7285 62.3618 76.4788 63.8905 25.1794 4.12311 70.3062 72.1723 21.8403 80.2469 48.7647 31.0483 65.146 59.0638 63.0207 25.1794 76.9415 26.5775 51.83 
2.0 43.4302 41.3864 21.2132 53.1838 72.8841 24.6982 29.1594 28.0179 41.1726 67.7477 37.0135 39.1228 61.5549 42.6983 17.0021 55.2679 29.7721 42.0119 2.23607 39.989 0.0 61.6117 58.4234 48.561 40.5602 29.1733 43.1045 52.8908 41.4077 24.0832 45.1774 29.4125 52.8015 65.0276 57.7516 43.8045 58.5894 37.5766 45.6508 29.1006 63.3094 56.2228 42.3792 50.6162 51.145 24.1919 65.4602 52.811 39.7713 22.0227 41.1739 19.799 45.6977 44.7593 39.3573 14.7859 13.8924 46.2277 38.4229 14.2357 39.3942 53.0094 40.4082 32.7567 58.6278 41.5988 34.9903 40.0061 37.7849 43.0517 22.2036 64.0285 56.6127 59.2415 65.5601 38.9652 49.0408 58.9729 15.6056 
63.3938 22.2036 83.8808 77.8353 84.006 105.404 52.4786 36.0555 85.6743 54.5711 79.0063 94.2831 92.3472 122.577 52.6118 68.8538 85.0059 50.9608 37.855 62.0081 65.4599 61.6117 0.0 90.0 100.702 99.5574 64.532 101.151 75.3127 74.4312 42.8019 104.414 70.6045 14.1421 81.0987 73.3348 86.462 91.0824 25.6125 17.2047 78.671 95.8175 6.08276 24.1661 88.6848 92.3959 66.3099 98.0051 19.0 71.4493 83.6002 34.0147 81.2158 95.7016 55.9017 98.4543 48.3735 57.3847 107.801 70.5762 61.3329 39.0 113.146 93.0054 92.9337 90.2497 69.5701 79.1202 85.44 81.4922 82.201 83.8153 96.4624 116.675 118.239 124.557 90.8264 109.25 92.4658 52.2485 
60.203 68.0661 91.0336 68.1548 6.08276 110.991 77.5237 57.2713 37.0 93.7488 123.377 35.1283 28.0713 81.0247 38.833 72.6317 5.09902 43.3244 90.0081 59.29 95.6186 58.4234 90.0 0.0 89.1572 81.4371 84.8029 39.1152 108.52 17.8885 73.336 78.339 29.0689 89.1067 120.657 113.381 84.9844 107.457 76.6551 81.2158 34.1321 110.479 84.006 82.9699 11.1803 16.0312 79.8214 8.06226 91.9837 20.6155 55.0364 56.0089 56.356 86.764 97.3355 74.3303 57.8365 67.5458 65.123 21.9317 44.2382 51.0 79.511 27.0185 43.7379 113.162 97.2284 26.0768 25.2982 86.8776 16.6433 53.7122 111.892 82.2982 92.7631 99.8248 82.0459 50.4876 97.0674 61.3021 
47.8592 92.3701 19.0554 30.1768 86.0349 23.3452 56.9033 77.1504 52.3259 51.6773 56.0803 56.8595 63.2851 37.0135 83.0531 40.8097 88.2553 77.792 65.2268 47.1578 40.4631 48.561 100.702 89.1572 0.0 8.06226 36.1725 57.3847 41.7732 76.7689 65.3802 17.088 65.8935 87.2131 51.0098 48.8365 14.2426 25.318 82.0739 84.1051 55.6597 26.5707 102.842 76.549 78.2943 75.1798 36.3851 93.4773 84.0325 76.5964 34.176 88.8709 33.2415 5.0 53.382 17.0294 62.8103 50.3877 35.3553 75.6164 62.2601 87.414 26.1725 64.6607 47.4342 31.4006 38.1603 63.5689 63.9766 19.2195 72.8011 35.4683 27.8568 28.0 19.2354 22.6274 19.2354 52.8015 17.2627 63.6299 
39.8584 84.3692 16.0312 22.176 78.1857 30.0 52.3087 69.1496 44.7772 47.8539 57.2189 49.8197 56.0357 36.6742 75.1766 36.1178 80.4114 69.7912 60.6485 39.157 37.0 40.5602 99.5574 81.4371 8.06226 0.0 31.6228 50.9313 42.0 68.8925 57.3794 15.1327 58.0171 82.6185 52.469 49.0102 10.4403 28.6356 74.073 82.5572 47.7598 31.0644 94.8415 77.3776 70.6612 67.7422 31.6932 85.9593 79.4379 68.72 26.4008 80.8701 25.2982 5.65685 49.7695 12.3693 54.8094 42.3869 31.3209 67.74 54.2592 79.4132 25.4951 57.4282 40.4599 34.5398 34.9285 55.7136 56.356 15.2315 65.0 27.7308 32.45 28.1603 23.3452 28.3019 13.4536 47.5079 18.6815 55.6291 
30.2448 57.4991 19.7231 23.0217 79.5632 45.9762 20.7337 51.1498 52.3927 17.2627 38.6005 60.7454 64.405 67.0191 60.641 12.2066 81.6473 54.351 29.0689 26.9389 10.8167 29.1733 64.532 84.8029 36.1725 31.6228 0.0 65.2534 24.0832 67.7871 27.7714 45.6949 55.792 51.0435 36.0694 28.6007 21.9317 31.6815 40.7483 47.9355 51.6286 36.4016 61.5369 40.3794 75.1303 73.4368 5.0 91.8396 47.8629 66.1507 37.4833 63.4536 34.5254 31.1725 20.025 41.049 39.7301 23.8544 56.7419 64.8023 40.6151 63.9085 56.0578 65.7419 53.6004 31.7199 12.8062 59.5296 61.3956 16.9706 69.4311 38.6394 37.1206 59.1052 54.6717 58.7301 18.3914 67.2681 32.6099 41.8227 
41.1096 79.8267 62.9682 43.8634 39.0512 80.6598 66.2722 65.453 15.5242 81.2158 102.339 7.2111 12.083 42.0119 51.4004 53.9351 40.7922 50.685 85.0235 44.0114 75.5844 43.1045 101.151 39.1152 57.3847 50.9313 65.2534 0.0 86.8222 36.3593 67.1863 43.0465 32.0156 94.3716 98.9232 92.5259 56.8595 78.695 79.3095 86.6833 23.2594 81.6884 95.4194 84.7302 28.4429 23.0868 60.6383 40.3113 95.1282 38.0132 28.2312 71.2811 31.0161 56.5862 84.5281 40.6079 53.1601 55.1453 26.9258 37.8021 39.8497 66.6108 41.7612 12.6491 11.7047 84.4008 75.9769 24.0416 18.6011 58.8129 27.7308 26.9258 83.0963 44.1475 56.0803 62.9682 53.9813 11.7047 68.3058 49.0408 
53.9623 71.4493 26.0192 43.3395 103.281 33.9411 34.9387 65.3548 74.9542 21.0238 15.8114 82.8747 87.1342 78.3135 78.1529 36.0694 105.365 71.8628 37.4833 50.6565 13.8924 52.8908 75.3127 108.52 41.7732 42.0 24.0832 86.8222 0.0 91.5047 41.9765 57.0351 79.5095 61.1882 12.2066 7.07107 32.1403 20.0 54.037 60.1332 74.7338 23.3452 73.437 52.1536 98.2355 96.542 29.0 113.839 56.7539 89.8683 58.6498 77.6586 55.8089 38.2099 19.4165 54.0833 59.4863 47.572 72.5603 88.5199 64.3327 78.3538 67.1863 88.5108 75.1176 16.4012 11.3137 82.6348 84.5008 28.6356 91.9954 59.9147 23.4307 69.4622 60.4401 61.8466 33.2415 86.4002 24.5153 65.5402 
42.8685 52.2398 78.2574 55.3787 12.2066 98.3127 60.5034 40.1995 27.2947 76.7285 106.362 29.9666 24.4131 75.1864 22.0 55.2971 14.2127 25.7099 72.1776 41.9555 78.6029 41.4077 74.4312 17.8885 76.7689 68.8925 67.7871 36.3593 91.5047 0.0 55.5055 68.0661 12.53 72.2496 103.641 96.3655 72.2082 94.6804 59.2284 64.2806 21.095 97.7033 68.3593 65.5134 14.3178 18.7883 62.8057 25.632 74.8131 3.0 42.6649 41.0 43.6368 74.0995 80.3152 63.2851 40.0061 50.5301 58.2495 4.12311 27.2179 35.9026 71.3442 24.2074 35.9026 96.9322 80.2127 14.1421 17.8885 74.1014 9.21954 41.4367 99.1154 74.5453 83.0241 90.05 69.2698 47.8853 84.2912 43.4716 
26.0768 31.257 47.1203 35.6572 67.4372 69.0716 11.0454 23.4094 52.0096 23.0217 52.4786 61.0082 62.2896 81.0247 36.7696 26.6757 69.1949 30.5067 18.2483 23.3452 29.3511 24.0832 42.8019 73.336 65.3802 57.3794 27.7714 67.1863 41.9765 55.5055 0.0 62.2356 44.6343 31.241 51.8941 43.382 52.334 54.7769 17.2047 25.6125 46.2709 59.4969 38.5876 20.0 66.1622 67.4463 29.5494 80.6591 30.0167 52.7204 44.0114 35.9026 41.2311 61.5729 26.4008 56.4206 18.868 15.0 67.5352 51.416 29.8329 36.4005 71.1387 63.3877 56.7186 54.5173 33.4228 51.4198 56.8859 47.4679 58.5469 44.5982 60.209 74.6468 76.0607 82.3792 48.6483 72.7805 55.7053 24.1868 
44.2832 87.9204 31.1448 27.0323 76.1183 39.6611 66.3794 73.9256 41.5933 62.3939 72.0625 44.0114 50.9215 21.587 74.4566 42.2419 78.2624 74.5365 74.7198 43.909 51.923 45.1774 104.414 78.339 17.088 15.1327 45.6949 43.0465 57.0351 68.0661 62.2356 0.0 57.2971 93.4455 67.1863 64.0712 25.4951 42.2019 78.9293 87.4134 47.0106 43.6578 99.3977 82.2339 67.1863 63.2456 45.7639 81.5966 92.1856 68.0 26.3059 85.9383 26.9258 19.105 64.5136 5.83095 59.5399 47.2431 18.6011 67.02 59.0037 84.1586 10.4403 52.2015 34.7851 48.2701 50.01 54.231 53.1507 30.0832 62.8013 27.1662 44.9444 13.4164 15.0333 22.0 27.313 36.7696 33.1361 60.3735 
31.1921 48.7032 67.382 44.5032 24.0832 87.4372 48.5489 34.7131 18.868 64.7893 94.3664 24.8395 21.9317 66.4831 19.4165 43.6208 26.2488 19.6469 62.713 30.2791 66.6077 29.4125 70.6045 29.0689 65.8935 58.0171 55.792 32.0156 79.5095 12.53 44.6343 57.2971 0.0 66.1891 91.6463 84.3703 61.3327 83.8049 52.0096 58.2151 10.7703 86.8278 64.56 58.0775 21.5407 23.1948 50.8105 36.0555 68.0 11.4018 31.7895 39.4462 32.7613 63.2241 68.376 52.4185 26.6757 38.5349 49.3964 10.198 15.2643 34.6699 61.3922 22.4722 27.7849 89.5107 68.2175 8.544 14.8661 63.226 13.9284 30.5941 88.24 64.7611 72.3058 79.2971 58.3943 42.45 73.4158 21.5015 
54.626 22.8254 70.3923 66.8671 83.0241 91.552 39.8246 32.0624 78.848 40.5216 65.0692 87.5557 87.1471 112.201 50.3587 57.8856 84.3445 47.0 23.7697 52.7731 51.6236 52.8015 14.1421 89.1067 87.2131 82.6185 51.0435 94.3716 61.1882 72.2496 31.241 93.4455 66.1891 0.0 67.0298 59.2115 72.9735 77.2528 15.2315 8.0 71.5891 81.9329 13.6015 11.3137 86.0523 89.0225 52.8214 97.1648 5.38516 69.2604 74.3034 35.3412 71.6938 82.2131 41.7732 87.6305 41.2311 46.2277 98.27 68.1836 54.5711 39.5601 102.349 88.0053 85.3829 76.243 55.7136 74.4312 80.6422 68.0037 79.0 74.7061 82.5409 105.857 107.271 109.771 69.3858 101.742 78.1857 45.7104 
66.0991 80.05 37.1692 55.538 115.418 38.0132 44.8567 75.2396 87.1527 29.4109 5.38516 95.0732 99.3327 88.0 88.0708 48.1664 117.502 81.7808 44.1814 62.7932 25.4951 65.0276 81.0987 120.657 51.0098 52.469 36.0694 98.9232 12.2066 103.641 51.8941 67.1863 91.6463 67.0298 0.0 8.544 43.3491 26.4764 62.1691 67.2681 86.9403 27.8568 80.025 59.3043 110.442 108.749 41.0366 127.694 62.1289 102.005 70.8483 87.3155 68.0075 48.0937 26.6833 64.7765 69.4042 59.7087 83.6201 100.657 76.4694 88.2383 77.026 100.709 87.6109 20.8806 23.4307 94.8413 96.7074 40.1622 104.202 72.1132 27.313 79.0063 68.7314 69.1231 44.9444 98.0306 34.0588 74.3733 
58.8231 71.5891 33.0 49.0432 108.249 39.8246 36.349 66.7083 80.5295 20.8806 10.0 88.5664 92.6607 85.3756 79.5631 40.8044 110.378 73.2731 36.0139 55.5173 17.8045 57.7516 73.3348 113.381 48.8365 49.0102 28.6007 92.5259 7.07107 96.3655 43.382 64.0712 84.3703 59.2115 8.544 0.0 39.0512 26.4197 53.7587 59.0762 80.0457 29.2062 72.0069 51.0882 105.574 101.854 33.6006 120.418 54.4518 94.7291 64.3535 78.7718 61.5126 45.2769 18.2483 61.0328 60.8965 52.4328 79.404 93.3807 69.1935 79.7057 74.2428 94.0213 80.8213 22.0227 16.5529 87.9466 89.8127 35.3553 98.0095 65.6183 29.0689 76.531 67.4463 68.7095 39.8121 92.8986 31.5753 65.8656 
43.1027 79.3239 6.32456 25.4203 81.504 30.6434 42.6637 66.531 48.6103 37.5899 47.6896 54.6012 60.3251 47.0744 74.1281 26.5708 83.7318 67.8381 50.9902 40.4199 26.5707 43.8045 86.462 84.9844 14.2426 10.4403 21.9317 56.8595 32.1403 72.2082 52.334 25.4951 61.3327 72.9735 43.3491 39.0512 0.0 26.7148 62.6783 69.8655 51.1347 29.7377 89.7961 62.3094 74.2403 71.6283 22.1462 89.6724 69.7929 72.0357 30.011 79.161 28.5748 9.24264 39.3954 22.0 53.2172 37.3415 40.4475 71.0557 53.7274 77.4601 35.9026 61.7363 45.607 32.4206 24.5153 59.0357 59.9945 5.0 68.3964 31.406 31.1499 38.6005 32.8024 36.8003 6.0 55.1543 16.3257 54.4261 
59.6489 84.5045 31.5276 47.8925 103.976 14.4222 47.7392 82.4694 71.0825 37.1214 31.7805 76.924 82.7973 62.2013 90.0665 42.5092 106.204 83.7765 53.7122 56.3584 25.632 58.5894 91.0824 107.457 25.318 28.6356 31.6815 78.695 20.0 94.6804 54.7769 42.2019 83.8049 77.2528 26.4764 26.4197 26.7148 0.0 67.7537 74.8466 73.6069 5.0 88.4321 67.1202 96.7125 94.1005 35.8473 112.145 73.4098 94.7941 52.4833 95.0994 51.047 23.4094 36.8917 40.8534 69.1556 53.2799 59.808 93.3811 70.0406 93.334 51.4782 84.2085 67.7491 6.08276 21.5407 81.5079 82.4667 31.6917 90.8686 53.8782 6.08276 53.1507 42.2966 42.72 31.959 76.0592 10.6301 71.2482 
39.3954 18.0278 60.0971 52.3509 70.6045 82.0484 27.313 19.6977 63.7887 33.1361 61.4003 72.5672 72.4431 97.4526 37.9473 43.3694 72.1249 33.541 18.7883 37.5899 42.2966 37.5766 25.6125 76.6551 82.0739 74.073 40.7483 79.3095 54.037 59.2284 17.2047 78.9293 52.0096 15.2315 62.1691 53.7587 62.6783 67.7537 0.0 8.48528 56.7186 72.4738 21.4709 6.32456 72.5603 75.1066 42.5262 84.6463 16.0312 56.2939 59.1692 27.6586 56.6039 78.2666 35.5106 73.1143 26.3059 31.8277 83.2166 55.109 39.6232 30.4795 87.7838 73.3348 70.1533 67.4759 46.3897 60.0347 66.1211 57.7085 65.2763 59.5399 73.1642 91.2919 92.7544 99.0729 65.342 86.5123 68.6821 31.0644 
47.4446 16.2788 67.2843 60.8351 75.1332 89.2356 35.3553 24.0832 71.1688 39.1152 65.9242 79.8123 79.3136 105.891 42.4264 51.8536 76.4853 39.0 23.0868 45.793 49.2443 45.6508 17.2047 81.2158 84.1051 82.5572 47.9355 86.6833 60.1332 64.2806 25.6125 87.4134 58.2151 8.0 67.2681 59.0762 69.8655 74.8466 8.48528 0.0 63.7887 79.555 13.6015 8.0 78.0577 81.0247 49.7134 89.2693 11.1803 61.2944 67.4166 28.3019 64.8999 79.1051 41.0 81.5984 33.5261 40.3113 91.526 60.208 46.8402 32.2025 96.2601 80.1617 78.4077 74.3303 53.3667 66.4831 72.7001 64.8957 71.0 67.7422 80.2808 99.7688 101.238 107.557 73.8261 94.5571 75.8693 37.8769 
30.8803 57.0083 57.1839 34.3052 30.4631 77.2392 48.3205 42.6346 8.48528 66.641 90.0048 16.1555 16.0312 55.7136 29.0 39.5374 32.6956 27.8667 64.4981 27.4597 62.4052 29.1006 78.671 34.1321 55.6597 47.7598 51.6286 23.2594 74.7338 21.095 46.2709 47.0106 10.7703 71.5891 86.9403 80.0457 51.1347 73.6069 56.7186 63.7887 0.0 76.6298 72.6652 62.3939 24.0832 23.0217 46.6923 39.6989 72.6911 21.0238 21.587 48.5159 22.4722 53.026 69.9942 42.19 30.4138 39.3043 38.6264 20.0998 17.1172 43.9634 50.8035 17.1172 17.2047 79.3127 63.6225 8.06226 11.1803 53.0279 17.4929 20.3961 78.0419 54.1295 62.0 69.0072 48.1963 32.6497 63.2177 25.9615 
64.3689 89.2245 34.5505 50.9154 106.999 10.6301 52.4592 87.1894 74.1054 41.6293 33.2415 79.9469 85.8202 62.8013 94.7866 47.2292 109.227 88.4965 58.3095 61.0784 30.3645 63.3094 95.8175 110.479 26.5707 31.0644 36.4016 81.6884 23.3452 97.7033 59.4969 43.6578 86.8278 81.9329 27.8568 29.2062 29.7377 5.0 72.4738 79.555 76.6298 0.0 93.145 71.8401 99.7354 97.1234 40.5674 115.168 78.0 97.5308 55.5061 99.8195 54.0699 25.5539 41.1825 42.9418 73.8757 58.0 61.7414 97.7263 74.3859 98.0541 52.3927 87.2314 70.7672 7.2111 26.2488 84.5308 85.4896 34.7146 93.8915 56.9011 1.41421 53.7587 42.0 41.5933 34.9819 78.5493 14.4222 75.9682 
58.016 16.1245 80.8857 73.1095 78.0 102.837 48.7545 30.0832 79.9431 52.469 78.3135 88.2773 86.3308 117.456 46.5296 64.1379 79.0253 44.9222 36.0555 56.7274 62.8172 56.2228 6.08276 84.006 102.842 94.8415 61.5369 95.4194 73.437 68.3593 38.5876 99.3977 64.56 13.6015 80.025 72.0069 89.7961 88.4321 21.4709 13.6015 72.6652 93.145 0.0 21.3776 82.6075 86.3134 63.3148 92.0217 18.9737 65.3758 78.2432 28.0713 75.9276 99.035 54.1479 93.5827 42.72 52.8015 102.45 64.4981 55.6017 33.0151 108.208 86.977 87.2743 87.8635 66.9403 73.0821 79.404 78.4971 76.1183 78.4378 93.8616 111.759 113.523 119.841 86.1104 103.59 89.4707 46.5172 
44.2719 22.4722 59.7283 55.6555 76.922 81.4149 28.6007 26.0 69.2315 31.1448 58.0517 78.0897 78.2304 101.02 44.2719 46.674 78.4474 39.8121 15.1327 42.1545 41.4849 42.3792 24.1661 82.9699 76.549 77.3776 40.3794 84.7302 52.1536 65.5134 20.0 82.2339 58.0775 11.3137 59.3043 51.0882 62.3094 67.1202 6.32456 8.0 62.3939 71.8401 21.3776 0.0 78.7718 81.2219 42.1574 90.956 10.4403 62.5859 63.5059 33.2415 60.8276 71.549 33.0 76.4189 32.0624 35.0 87.3212 61.3922 45.2769 36.4005 91.137 79.1581 75.0359 66.4906 45.607 66.0 72.0278 57.3396 71.4493 63.9766 72.5328 94.6451 96.059 99.1067 58.7217 91.3947 68.3133 37.0 
52.3958 66.4831 80.2895 57.8014 10.7703 100.344 69.8355 54.0093 26.0 86.1611 115.57 24.0208 17.0 70.1142 36.1248 63.0391 12.3693 39.1152 84.2409 51.4828 87.8114 50.6162 88.6848 11.1803 78.2943 70.6612 75.1303 28.4429 98.2355 14.3178 66.1622 67.1863 21.5407 86.0523 110.442 105.574 74.2403 96.7125 72.5603 78.0577 24.0832 99.7354 82.6075 78.7718 0.0 5.83095 70.194 15.6205 88.3629 17.2627 44.2945 55.3173 45.793 76.0592 89.7835 63.2456 48.2036 59.7386 54.037 18.1108 36.6742 50.2195 68.3593 16.0312 32.5576 102.814 87.1242 16.2788 14.3178 76.5296 7.61577 42.9418 101.148 71.1758 81.5843 88.6454 71.3019 40.025 86.3233 56.1017 
52.9246 70.214 77.6775 55.9017 16.5529 97.6371 70.3649 57.1402 23.0217 86.7256 111.813 19.4165 12.3693 65.0077 39.8121 61.3456 18.0278 42.0476 85.6154 52.0116 84.2134 51.145 92.3959 16.0312 75.1798 67.7422 73.4368 23.0868 96.542 18.7883 67.4463 63.2456 23.1948 89.0225 108.749 101.854 71.6283 94.1005 75.1066 81.0247 23.0217 97.1234 86.3134 81.2219 5.83095 0.0 68.5005 18.3848 91.0494 21.5407 41.6173 59.4811 43.4166 73.2462 90.3124 59.6154 49.6627 60.2674 49.2544 22.1359 37.6431 54.4059 63.7887 11.1803 28.4605 99.8063 85.4307 16.1555 12.0416 73.5215 10.198 40.2244 98.5355 66.4831 77.3692 84.4038 68.6899 34.5254 83.7113 44.4884 
25.2634 60.8554 20.8806 19.4165 74.5818 50.142 22.5117 48.0625 47.5395 21.0 43.6005 55.9732 59.5063 65.2011 55.6596 7.2111 76.6659 49.3696 30.852 21.9575 15.8114 24.1919 66.3099 79.8214 36.3851 31.6932 5.0 60.6383 29.0 62.8057 29.5494 45.7639 50.8105 52.8214 41.0366 33.6006 22.1462 35.8473 42.5262 49.7134 46.6923 40.5674 63.3148 42.1574 70.194 68.5005 0.0 86.8582 49.6408 61.1693 33.1361 60.6925 30.1496 31.3851 24.0832 41.118 34.7487 18.873 53.3667 59.8209 35.6337 58.9271 56.1268 60.8358 49.0306 35.8857 17.6918 54.5933 56.4593 17.2801 64.4497 34.2345 41.2864 59.1742 54.788 58.9427 18.4604 63.0714 37.89 36.8413 
67.2398 76.1052 95.7217 73.4098 14.1421 115.763 84.5991 65.307 41.1825 100.806 130.414 37.6431 30.6757 82.2192 46.8722 79.6685 13.0 51.2445 97.8093 66.3268 102.655 65.4602 98.0051 8.06226 93.4773 85.9593 91.8396 40.3113 113.839 25.632 80.6591 81.5966 36.0555 97.1648 127.694 120.418 89.6724 112.145 84.6463 89.2693 39.6989 115.168 92.0217 90.956 15.6205 18.3848 86.8582 0.0 100.02 28.4605 59.6825 64.0 61.2944 91.4166 104.392 78.0 65.6378 74.5826 67.082 29.7321 51.3128 59.0085 81.7863 29.4109 46.8188 118.418 102.728 31.8277 29.6816 92.133 22.6716 58.3095 116.58 84.3445 95.6033 102.616 86.734 51.0098 101.755 69.1033 
54.7083 27.2029 67.2012 65.6072 85.9069 87.7099 37.4833 34.7131 79.6241 36.4005 60.0083 88.459 88.459 110.975 53.1507 56.6258 87.3212 49.2544 19.6977 52.5547 47.8539 52.811 19.0 91.9837 84.0325 79.4379 47.8629 95.1282 56.7539 74.8131 30.0167 92.1856 68.0 5.38516 62.1289 54.4518 69.7929 73.4098 16.0312 11.1803 72.6911 78.0 18.9737 10.4403 88.3629 91.0494 49.6408 100.02 0.0 71.8471 73.8241 39.4462 71.1126 79.0325 37.3631 86.3706 42.2966 44.9444 97.5295 70.7107 55.5788 43.382 101.089 89.3588 85.4742 72.111 51.8941 76.0639 82.1523 64.8231 81.1542 74.3236 78.5493 104.597 102.527 106.59 66.2052 101.833 74.3436 47.0956 
41.5509 49.2544 78.0849 55.2062 14.7648 98.1402 58.867 37.2156 27.8927 75.0921 104.725 31.3847 26.2488 75.9605 19.0 53.9796 16.6433 22.8035 69.3926 40.6379 76.9665 39.7713 71.4493 20.6155 76.5964 68.72 66.1507 38.0132 89.8683 3.0 52.7204 68.0 11.4018 69.2604 102.005 94.7291 72.0357 94.7941 56.2939 61.2944 21.0238 97.5308 65.3758 62.5859 17.2627 21.5407 61.1693 28.4605 71.8471 0.0 42.4924 38.0789 43.4642 73.927 78.6788 63.1214 37.221 48.8937 58.9406 1.41421 25.5815 32.9848 71.7008 26.1725 36.6879 94.8325 78.5763 14.8661 19.4165 73.9289 11.6619 41.2971 100.233 74.9667 83.006 90.0 69.0973 49.3964 84.1187 40.6865 
20.5183 65.4371 36.0603 15.6525 51.8652 56.0803 40.3121 51.194 18.6011 54.0833 74.1663 25.0 30.4138 39.8246 48.9491 27.0185 54.0833 47.8102 60.4152 21.6333 47.5395 22.0227 83.6002 55.0364 34.176 26.4008 37.4833 28.2312 58.6498 42.6649 44.0114 26.3059 31.7895 74.3034 70.8483 64.3535 30.011 52.4833 59.1692 67.4166 21.587 55.5061 78.2432 63.5059 44.2945 41.6173 33.1361 59.6825 73.8241 42.4924 0.0 63.1808 3.0 31.7648 57.2189 21.0238 36.7928 29.8329 24.2074 41.5124 36.2426 61.4011 32.2025 31.8277 16.5529 58.1891 47.8045 29.4109 30.0167 31.9043 38.6264 1.41421 56.9183 35.7771 41.3038 48.1664 27.0726 30.0 42.0941 37.6125 
42.9535 12.6491 77.8964 61.0788 50.04 109.394 46.5296 13.0 57.0011 57.9396 87.3212 64.0703 61.2944 102.638 20.1246 53.5027 51.0 21.2132 46.0435 42.0389 65.0333 41.1739 34.0147 56.0089 88.8709 80.8701 63.4536 71.2811 77.6586 41.0 35.9026 85.9383 39.4462 35.3412 87.3155 78.7718 79.161 95.0994 27.6586 28.3019 48.5159 99.8195 28.0713 33.2415 55.3173 59.4811 60.6925 64.0 39.4462 38.0789 63.1808 0.0 60.9136 85.1378 60.9262 80.1097 26.4091 44.1814 87.388 37.3631 38.959 5.09902 93.9687 61.7171 65.6275 90.1995 69.105 47.8853 54.1202 74.2949 49.3356 63.3753 100.539 97.5683 99.8743 106.193 75.4753 81.1339 95.483 29.8746 
18.4391 63.1699 34.6241 13.0384 52.9245 54.6793 37.341 48.9267 20.5183 51.0882 71.3254 27.4591 32.5576 41.7732 49.9209 24.0208 55.1543 49.5118 57.4891 19.2094 44.643 19.799 81.2158 56.356 33.2415 25.2982 34.5254 31.0161 55.8089 43.6368 41.2311 26.9258 32.7613 71.6938 68.0075 61.5126 28.5748 51.047 56.6039 64.8999 22.4722 54.0699 75.9276 60.8276 45.793 43.4166 30.1496 61.2944 71.1126 43.4642 3.0 60.9136 0.0 30.4631 54.231 21.3776 34.5256 26.9258 26.6271 42.4842 33.9754 59.1339 33.6155 33.9706 19.3132 56.7528 44.9637 30.4631 31.6228 30.468 39.8121 4.12311 55.4821 37.2156 41.7732 48.5077 25.6364 33.0 40.6579 35.3452 
44.9959 88.5628 14.0554 27.3135 83.3847 24.4131 51.9033 75.7699 50.2494 46.6773 53.0094 55.4437 61.6117 40.1123 80.3837 35.8097 85.6154 74.9287 60.2268 44.2945 35.4631 45.6977 95.7016 86.764 5.0 5.65685 31.1725 56.5862 38.2099 74.0995 61.5729 19.105 63.2241 82.2131 48.0937 45.2769 9.24264 23.4094 78.2666 79.1051 53.026 25.5539 99.035 71.549 76.0592 73.2462 31.3851 91.4166 79.0325 73.927 31.7648 85.1378 30.4631 0.0 48.382 17.4642 59.9469 46.5804 36.4005 72.947 59.3967 84.5507 29.0172 63.0079 46.0977 29.4109 33.1603 60.9262 61.7738 14.2195 70.2638 33.121 26.9258 31.257 23.8537 27.5862 14.3178 53.0 14.0357 60.7666 
46.6441 53.3667 34.9857 43.0465 92.1982 51.3128 20.0864 49.2443 70.984 3.60555 26.4008 79.5715 82.8555 86.0233 63.0349 30.5941 94.3278 56.7449 18.1108 43.1707 13.0384 44.7593 55.9017 97.3355 53.382 49.7695 20.025 84.5281 19.4165 80.3152 26.4008 64.5136 68.376 41.7732 26.6833 18.2483 39.3954 36.8917 35.5106 41.0 69.9942 41.1825 54.1479 33.0 89.7835 90.3124 24.0832 104.392 37.3631 78.6788 57.2189 60.9262 54.231 48.382 0.0 60.1664 44.5533 31.2453 76.7258 77.3304 53.1175 62.1772 74.9466 84.2084 72.9932 34.9285 16.2788 74.1576 79.7612 34.5398 82.1604 58.3095 41.5933 77.8332 71.9827 76.0919 37.3631 87.1436 38.1358 49.5782 
38.4838 82.0975 28.0713 21.2172 71.8053 40.3609 61.7335 68.0955 37.3631 57.8705 69.4848 40.7063 47.4236 26.0 69.5781 36.4269 73.9797 68.7079 70.0739 38.0789 47.8539 39.3573 98.4543 74.3303 17.0294 12.3693 41.049 40.6079 54.0833 63.2851 56.4206 5.83095 52.4185 87.6305 64.7765 61.0328 22.0 40.8534 73.1143 81.5984 42.19 42.9418 93.5827 76.4189 63.2456 59.6154 41.118 78.0 86.3706 63.1214 21.0238 80.1097 21.3776 17.4642 60.1664 0.0 53.7122 41.4281 18.9737 62.1414 53.1742 78.33 15.2643 48.7545 31.305 46.8188 46.2709 49.6488 49.0408 26.1725 58.4637 22.0 44.2945 18.6011 20.3961 27.1662 22.8035 35.805 31.0483 54.5441 
16.5655 29.0 51.9526 34.7851 51.9377 83.4503 25.807 14.4222 37.6431 41.0122 70.103 46.3249 46.1736 76.2495 21.2974 27.5589 53.6955 15.0073 36.4005 15.6525 46.861 14.7859 48.3735 57.8365 62.8103 54.8094 39.7301 53.1601 59.4863 40.0061 18.868 59.5399 26.6757 41.2311 69.4042 60.8965 53.2172 69.1556 26.3059 33.5261 30.4138 73.8757 42.72 32.0624 48.2036 49.6627 34.7487 65.6378 42.2966 37.221 36.7928 26.4091 34.5256 59.9469 44.5533 53.7122 0.0 19.4165 61.0 35.9165 13.3417 24.6293 67.5807 47.0956 44.8884 69.194 52.1557 34.0588 40.0 48.3511 40.5884 36.9873 74.5947 71.1803 73.4908 79.8093 47.6769 61.2044 69.5391 5.38516 
15.6525 43.0813 36.0769 20.6647 62.4131 67.5746 11.1803 31.257 40.7922 27.6586 62.4289 49.6488 52.233 66.0329 39.7825 11.6832 64.5427 33.4925 30.5941 12.083 34.6702 13.8924 57.3847 67.5458 50.3877 42.3869 23.8544 55.1453 47.572 50.5301 15.0 47.2431 38.5349 46.2277 59.7087 52.4328 37.3415 53.2799 31.8277 40.3113 39.3043 58.0 52.8015 35.0 59.7386 60.2674 18.873 74.5826 44.9444 48.8937 29.8329 44.1814 26.9258 46.5804 31.2453 41.4281 19.4165 0.0 52.8015 47.5453 23.3581 43.0116 56.1462 53.5185 44.0 53.3183 36.28 44.1126 49.0713 32.4754 52.1741 30.5941 58.719 59.6543 61.0682 67.3867 33.6558 59.4138 53.6635 22.8473 
44.6878 89.6443 46.6905 33.9559 64.0312 58.2495 62.8119 75.4012 31.0483 73.9948 88.1368 30.0167 37.054 17.088 66.895 48.7032 66.0076 65.7561 83.0577 45.8039 65.0692 46.2277 107.801 65.123 35.3553 31.3209 56.7419 26.9258 72.5603 58.2495 67.5352 18.6011 49.3964 98.27 83.6201 79.404 40.4475 59.808 83.2166 91.526 38.6264 61.7414 102.45 87.3212 54.037 49.2544 53.3667 67.082 97.5295 58.9406 24.2074 87.388 26.6271 36.4005 76.7258 18.9737 61.0 52.8015 0.0 58.2409 51.9026 81.8528 14.8661 38.1182 22.3607 65.7875 64.0078 44.1475 41.1947 44.1022 51.2445 24.0832 63.0714 17.2627 29.5296 36.2491 40.0 18.6011 50.0 61.8197 
40.2025 48.3735 77.1049 54.2262 16.1245 97.1602 57.5186 36.1248 27.2029 73.7437 103.377 31.0644 26.1725 75.2861 18.0278 52.6311 18.0278 21.587 68.0881 39.2895 75.6181 38.4229 70.5762 21.9317 75.6164 67.74 64.8023 37.8021 88.5199 4.12311 51.416 67.02 10.198 68.1836 100.657 93.3807 71.0557 93.3811 55.109 60.208 20.0998 97.7263 64.4981 61.3922 18.1108 22.1359 59.8209 29.7321 70.7107 1.41421 41.5124 37.3631 42.4842 72.947 77.3304 62.1414 35.9165 47.5453 58.2409 0.0 24.2331 32.28 70.859 26.1725 36.0555 94.2662 77.2279 14.3178 19.2094 72.9489 12.083 40.3171 98.8202 74.1485 82.0288 89.02 68.1172 49.0918 83.1387 39.3821 
