NAME  : Jabali_80_2_0.93_1_0
TYPE : SVRP
MODEL : FINITE_SUPPORT
NUMBER_OF_SCENARIOS : 200
DIMENSION : 80
EDGE_WEIGHT_TYPE : MATRIX
CAPACITY : 248
N_VEHICLES : 2
NODE_COORD_SECTION
1 4694 5153
2 2222 4141
3 6576 4356
4 1360 4404
5 2676 4960
6 3424 6653
7 5031 6992
8 3729 4533
9 536 4416
10 1696 3400
11 8654 4638
12 6484 5216
13 4838 9143
14 5982 7371
15 3092 1799
16 5144 806
17 5237 1266
18 5892 8557
19 6419 2212
20 3820 8590
21 4878 1924
22 6164 5742
23 5724 923
24 6449 1855
25 2440 7294
26 6681 7123
27 4599 9284
28 2904 7706
29 27 4358
30 4970 1340
31 1693 2562
32 6863 6797
33 6176 857
34 1944 3271
35 3492 6674
36 5496 7604
37 4944 5261
38 43 5111
39 4875 2803
40 5936 2890
41 3057 2182
42 2218 5954
43 5093 4335
44 8402 4768
45 2871 2909
46 5489 8086
47 7380 3582
48 6462 3235
49 3482 1047
50 4421 1696
51 1570 4957
52 4577 8462
53 1862 2559
54 4816 7806
55 6207 7535
56 4575 1646
57 4596 18
58 6083 1958
59 5413 8710
60 4872 4377
61 3132 899
62 7558 5938
63 5608 3703
64 739 5170
65 5144 2304
66 8850 4271
67 5950 5817
68 5485 7003
69 4042 2916
70 4599 6147
71 1170 3497
72 3954 6012
73 6345 4114
74 2752 4243
75 6829 7672
76 4553 714
77 5014 2954
78 261 4100
79 7398 4488
80 3342 5771
DEMAND_SECTION
1 0.0
2 6.0
3 1.0
4 7.0
5 4.0
6 1.0
7 5.0
8 5.0
9 10.0
10 3.0
11 9.0
12 2.0
13 8.0
14 7.0
15 7.0
16 6.0
17 4.0
18 4.0
19 9.0
20 4.0
21 5.0
22 2.0
23 5.0
24 9.0
25 1.0
26 9.0
27 9.0
28 9.0
29 6.0
30 10.0
31 10.0
32 5.0
33 9.0
34 9.0
35 2.0
36 10.0
37 9.0
38 8.0
39 3.0
40 3.0
41 5.0
42 8.0
43 6.0
44 9.0
45 2.0
46 6.0
47 10.0
48 8.0
49 6.0
50 7.0
51 5.0
52 9.0
53 1.0
54 2.0
55 9.0
56 5.0
57 1.0
58 1.0
59 4.0
60 8.0
61 7.0
62 4.0
63 5.0
64 7.0
65 10.0
66 5.0
67 2.0
68 4.0
69 6.0
70 4.0
71 2.0
72 6.0
73 7.0
74 3.0
75 1.0
76 9.0
77 9.0
78 5.0
79 7.0
80 10.0
DEVIATION_SECTION
1 0.0
2 2.0
3 0.333333
4 2.33333
5 1.33333
6 0.333333
7 1.66667
8 1.66667
9 3.33333
10 1.0
11 3.0
12 0.666667
13 2.66667
14 2.33333
15 2.33333
16 2.0
17 1.33333
18 1.33333
19 3.0
20 1.33333
21 1.66667
22 0.666667
23 1.66667
24 3.0
25 0.333333
26 3.0
27 3.0
28 3.0
29 2.0
30 3.33333
31 3.33333
32 1.66667
33 3.0
34 3.0
35 0.666667
36 3.33333
37 3.0
38 2.66667
39 1.0
40 1.0
41 1.66667
42 2.66667
43 2.0
44 3.0
45 0.666667
46 2.0
47 3.33333
48 2.66667
49 2.0
50 2.33333
51 1.66667
52 3.0
53 0.333333
54 0.666667
55 3.0
56 1.66667
57 0.333333
58 0.333333
59 1.33333
60 2.66667
61 2.33333
62 1.33333
63 1.66667
64 2.33333
65 3.33333
66 1.66667
67 0.666667
68 1.33333
69 2.0
70 1.33333
71 0.666667
72 2.0
73 2.33333
74 1.0
75 0.333333
76 3.0
77 3.0
78 1.66667
79 2.33333
80 3.33333
DISTANCE_MATRIX
0.0 40.0135 27.2029 51.7644 34.1369 27.1662 24.5226 18.0278 63.077 49.2587 53.6164 25.8594 53.2635 35.0019 50.9752 58.7638 53.1511 47.3184 46.4866 48.2597 44.081 26.7547 58.8218 50.3289 43.0116 51.5133 55.2268 42.9535 69.4526 51.7398 53.4778 47.5223 61.4003 47.136 27.1662 33.7184 3.16228 70.0124 32.4795 35.1141 46.049 36.692 12.083 50.6787 42.4188 39.7849 41.7732 35.2278 63.0775 48.5073 49.413 44.5533 52.3427 35.4683 38.16 47.9438 69.5947 47.4236 47.7516 10.8167 64.4877 43.1193 23.0868 61.0349 39.0512 57.0636 24.5226 27.06 37.7296 13.0384 55.5846 16.0 26.3059 32.8236 46.5923 60.4962 30.4795 66.7594 37.1459 22.8806 
40.0135 0.0 58.0 12.53 12.3693 36.6879 52.9892 22.8254 23.6008 12.1655 86.2786 58.9266 75.1864 65.5367 31.3847 59.5399 56.0803 75.3467 62.3618 63.6946 47.0106 61.5354 64.0346 64.5368 42.638 73.1512 75.9605 48.5489 29.8329 53.1507 21.4709 78.4954 69.0072 12.083 36.6879 62.8025 42.2893 32.311 40.2616 53.6107 27.2029 24.0416 38.1838 83.4865 25.0278 67.3546 69.6871 58.6048 43.382 45.2769 14.0357 65.7343 21.095 59.4138 68.6948 46.1736 63.5689 60.208 73.4758 36.0694 43.566 76.1866 45.6291 24.5153 46.5296 89.1403 59.3033 57.5948 29.4279 42.1173 16.4924 33.517 55.3173 7.2111 77.1271 55.7853 40.8044 26.8701 69.2965 28.3059 
27.2029 58.0 0.0 70.1783 53.0 53.2353 41.7612 36.8917 81.4678 66.192 28.4253 12.2066 69.4631 40.7455 58.5313 50.9215 45.2217 56.3979 29.2062 68.6804 39.3192 20.6155 47.4131 33.4215 69.3542 35.3836 72.0198 68.0074 87.7838 45.3542 70.2979 31.241 47.4342 63.9772 53.2353 46.8453 25.4951 88.8144 30.1496 21.1896 58.9662 63.8946 19.8494 25.807 59.8584 52.3995 15.0 15.0 59.2483 45.0999 68.2422 62.0428 71.2432 52.6338 41.4065 44.1814 63.6003 32.7567 60.4443 22.0227 63.561 24.5153 15.5242 79.8812 33.2415 31.1448 22.1359 42.0458 40.3668 37.0135 72.7351 42.7551 4.0 50.9902 42.638 55.3173 28.1603 84.8646 11.4018 50.0833 
51.7644 12.53 70.1783 0.0 19.6977 41.0 59.44 34.0588 11.3137 14.3178 98.3107 70.7264 79.3095 71.9875 40.4475 70.0286 67.0671 81.4985 74.6324 66.2873 58.6205 67.9862 75.1066 76.6551 42.1545 79.602 79.6304 49.3356 17.6918 64.0312 24.6982 81.4656 80.3057 16.7631 41.0 69.2315 54.0402 19.9249 52.4976 65.9476 37.054 23.7697 50.3289 95.462 36.4279 73.5527 82.1005 71.0182 51.6624 56.0089 7.61577 70.1142 25.0599 65.123 75.1456 57.0351 72.5672 72.2772 79.0569 48.1664 50.9215 88.7398 58.0425 13.0384 58.4637 101.316 65.7541 64.0456 41.4849 48.5681 12.2066 39.9678 67.624 19.2094 83.5779 65.4905 53.1413 15.2643 81.3941 34.7567 
34.1369 12.3693 53.0 19.6977 0.0 24.3516 40.719 16.1245 30.5287 24.5153 80.7403 53.1019 62.8172 53.2665 40.0 65.2249 60.8769 63.0765 63.1981 51.4782 51.1957 49.2652 68.4471 66.0303 31.8904 60.8809 63.6003 37.0135 36.8917 58.2409 33.6155 62.7446 72.8354 24.3516 24.3516 50.5322 36.4127 36.1248 42.0476 52.6118 35.2278 14.8661 33.541 77.9212 31.6982 55.0844 66.2118 56.3205 52.2015 51.8402 15.5563 53.3667 33.1059 47.1699 56.4246 51.8402 71.217 62.0 61.2046 31.305 53.1507 70.0188 43.0116 27.0185 49.2544 83.9346 47.0331 45.3246 32.7567 29.8471 28.0179 21.2468 51.0 9.21954 64.8568 62.9735 42.0 34.8855 63.9393 16.0357 
27.1662 36.6879 53.2353 41.0 24.3516 0.0 21.4009 27.5572 49.6488 48.7647 75.9605 44.643 38.6394 34.4093 61.784 83.3348 78.6604 41.0 73.2462 27.2947 68.8405 36.4005 85.2765 76.922 16.1245 42.468 39.2938 16.1555 55.3173 76.2337 57.9396 44.3316 87.2891 48.7032 0.0 29.9666 28.0 50.6952 58.6234 61.8466 56.8578 18.9737 38.833 72.8011 53.2299 33.2415 68.1836 62.3939 73.8885 69.9692 34.1321 29.2746 57.3847 24.3311 37.4433 69.9692 91.6475 73.7167 38.1182 37.108 75.2861 57.4649 50.01 42.0595 65.2258 80.3243 34.176 26.9116 50.6551 16.4924 51.4782 11.4018 53.0094 32.6497 46.0435 82.6611 56.6234 54.5894 61.6155 13.4018 
24.5226 52.9892 41.7612 59.44 40.719 21.4009 0.0 42.4394 69.2604 65.1541 58.8938 30.4138 29.0 13.0384 75.3869 83.2133 77.5949 23.3452 69.8388 26.9258 68.5305 21.3776 83.095 73.8257 34.6699 21.2603 31.1448 30.0832 75.2728 76.1893 73.8108 23.3238 85.4536 64.7622 21.4009 10.0 23.3264 71.5542 56.929 58.6138 70.4607 39.8246 36.096 55.7741 66.8305 15.5242 56.2939 54.8748 87.4891 72.9568 53.4509 20.8087 73.1699 11.4018 16.1245 72.3933 94.0442 71.1986 23.2594 35.1527 88.8994 37.0 46.5421 62.6498 63.4707 63.6933 19.6469 5.83095 62.1413 13.3417 68.6833 20.0998 43.0904 48.224 24.6982 84.9457 54.929 74.0405 47.0956 28.6833 
18.0278 22.8254 36.8917 34.0588 16.1245 27.5572 42.4394 0.0 45.3431 33.2415 64.6312 36.9927 65.1963 52.4739 37.6923 57.2765 52.602 64.5288 49.0918 54.7431 42.7821 44.7457 57.7735 52.345 40.1622 60.0883 66.1355 42.7825 51.7397 50.1753 39.0128 56.5615 61.0735 31.5753 27.5572 51.0659 20.3035 52.0096 31.1204 38.0 32.7661 28.1603 17.4642 61.748 29.2859 57.3462 50.1597 40.7922 49.9446 43.9109 31.4006 55.7156 38.0 49.2916 55.6319 43.9109 65.8182 48.6621 63.3254 15.2315 51.2048 54.2527 27.4591 43.0116 37.7228 67.8254 42.5136 44.532 24.5967 30.6661 39.0 23.3666 34.8855 15.6525 64.0642 56.6027 29.1204 49.2037 47.8302 18.1555 
63.077 23.6008 81.4678 11.3137 30.5287 49.6488 69.2604 45.3431 0.0 21.095 109.622 82.0377 87.0057 81.9391 48.0416 78.2304 75.8024 90.6091 84.8646 73.171 67.755 77.9495 83.863 86.6515 47.676 89.5536 87.023 55.4437 6.40312 72.6911 29.4279 91.4173 89.2693 24.1868 49.6488 78.848 65.3527 11.1803 62.7694 76.3672 45.3982 31.0644 61.6198 106.775 46.2173 82.7647 93.2796 82.1973 58.2151 64.6297 15.8114 78.1025 30.2655 73.9797 85.0972 65.7647 79.3095 82.229 87.6926 59.4643 56.7186 98.7032 69.2216 10.2956 68.3378 112.61 75.7174 73.9972 51.6236 58.5314 15.1327 49.9311 78.8733 30.4795 93.5295 73.0 63.561 5.0 92.6984 44.72 
49.2587 12.1655 66.192 14.3178 24.5153 48.7647 65.1541 33.2415 21.095 0.0 94.5628 67.6524 87.3212 77.7016 27.0 57.1402 54.7449 87.5116 65.1111 75.6108 46.8701 73.7003 62.8013 66.8507 53.535 85.316 88.0568 59.9416 25.9615 51.6236 10.6301 87.2212 68.2495 3.16228 48.7647 74.9673 51.5344 32.0 43.123 56.9209 24.3311 34.6699 46.5041 91.8315 26.4165 79.5195 77.4013 64.1147 37.6563 43.566 20.6155 77.8781 10.8167 71.6069 80.8597 44.7214 58.6941 62.4281 85.6407 44.4993 36.6879 84.9124 53.7144 26.9258 48.5369 97.3018 71.4682 69.7597 31.9465 54.2822 7.2111 45.6819 63.4195 18.1108 89.2919 52.0384 44.1147 22.1359 77.5441 40.4708 
53.6164 86.2786 28.4253 98.3107 80.7403 75.9605 58.8938 64.6312 109.622 94.5628 0.0 31.7648 78.7718 51.0098 82.5504 70.0071 65.123 63.3482 45.0 84.0536 62.3699 39.5601 64.1249 48.0937 91.7061 42.19 81.7435 88.5739 115.974 66.3702 98.6269 38.0526 61.6604 92.348 75.9605 58.0 51.5912 116.616 56.0803 43.4166 85.0369 90.1996 48.1041 3.16228 85.9292 62.2013 22.2036 35.171 83.678 68.6586 96.0164 75.0267 97.3139 67.0671 50.1597 67.4685 83.0 50.01 68.884 50.2096 88.0568 23.0868 43.0465 107.638 56.7539 5.09902 41.7852 53.4603 66.4375 59.6154 101.106 67.5844 31.6228 79.196 46.3249 76.2365 54.231 113.146 17.0294 76.3882 
25.8594 58.9266 12.2066 70.7264 53.1019 44.643 30.4138 36.9927 82.0377 67.6524 31.7648 0.0 57.7866 29.0689 66.0778 61.2699 55.4617 44.7214 41.0366 57.2713 48.3839 9.05539 58.5235 45.2769 60.6383 23.7376 60.5599 58.3095 88.416 55.1543 71.7583 19.7466 59.0339 65.4376 44.643 35.1687 23.8341 88.9773 37.6931 31.9061 66.5126 58.7547 21.3889 28.6531 67.4049 40.7229 25.9615 26.8701 67.2967 53.6004 68.3779 50.4841 70.6232 41.075 29.7299 52.8867 73.5391 44.2041 48.7677 23.1956 71.6094 17.72 22.8035 79.9998 42.3792 35.8469 11.0 30.4871 47.9133 28.1603 74.1904 36.0832 14.8661 51.7589 31.1213 64.846 35.6931 85.7158 17.1172 45.1466 
53.2635 75.1864 69.4631 79.3095 62.8172 38.6394 29.0 65.1963 87.0057 87.3212 78.7718 57.7866 0.0 28.7924 99.4253 111.959 106.34 16.1245 96.8185 15.2315 97.2761 49.161 111.841 101.049 41.0 36.6742 3.0 32.9848 92.1358 104.935 96.1665 41.0 115.642 87.0919 38.6394 22.8254 52.072 85.8429 85.6746 86.9627 94.4991 56.0089 64.8416 75.9539 95.6478 17.088 81.9491 82.9835 116.306 102.069 72.111 9.48683 95.5092 17.8045 28.8617 100.951 122.602 99.5601 10.0 63.8983 112.931 55.7315 75.2877 78.2304 92.2162 83.863 47.5675 30.8058 90.9586 41.0488 90.0944 44.7772 71.198 70.5815 33.0 113.503 83.6746 92.0054 71.1688 51.0408 
35.0019 65.5367 40.7455 71.9875 53.2665 34.4093 13.0384 52.4739 81.9391 77.7016 51.0098 29.0689 28.7924 0.0 85.4213 93.6926 88.0742 16.2788 69.8686 33.2415 79.0098 30.1709 93.5744 74.1004 46.8615 9.48683 31.6228 41.3401 88.0232 86.6687 86.3583 13.0384 87.9656 77.3097 34.4093 7.07107 33.8058 84.534 67.4084 60.9482 80.4951 52.8394 46.5754 48.0416 76.865 11.7047 53.2259 55.6623 98.0427 83.4361 66.1328 24.0208 85.7174 16.4924 3.16228 82.8726 104.524 73.1642 19.7231 45.6321 99.4529 28.0179 57.0215 75.5844 73.95 56.0357 27.8583 8.24621 72.6948 24.7703 81.2308 32.3574 43.7616 60.7715 11.6619 95.425 65.4084 86.665 42.3792 41.2308 
50.9752 31.3847 58.5313 40.4475 40.0 61.784 75.3869 37.6923 48.0416 27.0 82.5504 66.0778 99.4253 85.4213 0.0 30.2655 28.4605 98.2564 42.4852 88.9721 22.2036 71.8129 36.4005 42.8019 71.8401 89.6375 100.364 76.3806 52.469 25.2982 20.2485 85.6466 42.0595 24.0208 61.784 84.6554 53.2509 59.0 28.4311 39.1653 5.0 54.3783 48.1074 80.8181 22.5563 90.2936 60.6871 47.3938 12.2066 17.4642 44.9222 89.9446 18.9737 86.4021 88.5794 18.7883 32.28 38.4187 98.4724 46.1027 13.6015 82.4095 43.4095 53.4603 25.9737 83.158 75.461 77.4794 28.0863 63.6135 33.2415 57.5956 54.5578 30.8058 97.0213 25.0799 30.3711 48.5077 68.6986 52.3845 
58.7638 59.5399 50.9215 70.0286 65.2249 83.3348 83.2133 57.2765 78.2304 57.1402 70.0071 61.2699 111.959 93.6926 30.2655 0.0 5.83095 106.009 25.02 106.885 15.0 67.3956 7.81025 22.3607 95.2896 85.0073 113.919 98.5601 82.7345 7.2111 50.2195 81.0163 13.4536 54.0833 83.3348 92.4091 60.1082 89.0898 26.9072 29.7321 33.0 80.0695 47.4236 69.029 48.5933 98.5748 48.0416 36.8782 22.8254 14.3178 73.5527 103.251 49.0306 94.1603 90.9997 13.6015 13.0384 20.0 106.776 48.0833 26.6271 75.2861 39.1152 83.0542 19.8494 69.2604 68.4818 85.7507 32.6956 71.7346 63.5059 79.1441 47.1699 57.0241 92.391 7.81025 28.2843 78.7718 57.8705 73.933 
53.1511 56.0803 45.2217 67.0671 60.8769 78.6604 77.5949 52.602 75.8024 54.7449 65.123 55.4617 106.34 88.0742 28.4605 5.83095 0.0 100.391 20.3961 101.272 9.84886 61.571 8.06226 18.3848 90.6152 79.1985 108.301 93.8857 80.604 3.16228 48.7032 75.2075 13.6015 51.6236 78.6604 86.7907 54.4518 86.4696 21.4009 24.0416 30.4138 75.6902 41.7253 64.0078 45.0526 92.9564 43.0116 31.4006 23.3452 11.1803 70.115 97.6436 47.4342 88.5419 85.1909 10.0499 18.4391 15.2971 101.158 42.45 27.5862 69.6419 33.2866 80.025 14.1421 64.6297 62.6572 80.1323 28.1603 66.0882 61.3922 67.153 41.4367 52.7731 86.5822 11.1803 22.6716 76.6877 52.469 69.2586 
47.3184 75.3467 56.3979 81.4985 63.0765 41.0 23.3452 64.5288 90.6091 87.5116 63.3482 44.7214 16.1245 16.2788 98.2564 106.009 100.391 0.0 85.521 27.2029 91.3263 45.8234 105.891 89.7529 48.8774 21.9317 19.105 41.6173 96.3172 98.9851 96.1683 26.4008 103.618 87.1197 41.0 13.6015 46.1222 91.3947 79.7248 76.6007 92.5501 59.9083 58.8919 60.6383 89.7001 8.0 68.6003 71.3148 110.359 95.7526 74.9667 17.0294 95.5274 16.7631 15.0 95.1891 116.84 88.8167 6.32456 57.9486 111.769 40.5216 69.3379 82.9699 86.2665 68.4471 40.1748 21.9317 85.0113 36.6742 91.0408 43.0465 59.4141 70.5815 17.1172 107.741 77.7248 95.5249 57.2451 51.0408 
46.4866 62.3618 29.2062 74.6324 63.1981 73.2462 69.8388 49.0918 84.8646 65.1111 45.0 41.0366 96.8185 69.8686 42.4852 25.02 20.3961 85.521 0.0 94.0253 20.6155 48.2745 19.4165 4.24264 88.5184 64.5368 99.1414 89.2861 90.4719 22.1359 62.171 60.4401 18.3576 62.0959 73.2462 75.8258 46.6154 94.5569 22.1359 11.4018 42.9201 77.0 34.4819 44.1022 52.6946 81.9915 23.1948 14.2127 41.6773 26.6271 75.7165 89.1339 60.8112 79.7515 70.5296 25.2389 38.0 5.09902 90.1927 36.1386 46.1411 52.3259 23.4094 86.8332 17.2047 44.2832 49.3607 69.1674 33.2415 59.2368 72.3217 61.8466 26.1725 57.0976 71.8401 31.5753 21.587 86.8407 33.8378 66.6297 
48.2597 63.6946 68.6804 66.2873 51.4782 27.2947 26.9258 54.7431 73.171 75.6108 84.0536 57.2713 15.2315 33.2415 88.9721 106.885 101.272 27.2029 94.0253 0.0 92.2023 48.2701 107.075 98.0122 26.1725 42.5793 14.3178 18.1108 78.0064 99.8611 85.0882 46.2709 109.604 75.7694 27.2947 26.1725 47.5079 71.2531 80.6008 82.8002 84.0459 42.5793 60.208 81.0247 80.4157 23.4094 83.1986 81.7595 101.074 96.6286 58.8558 10.2956 84.5813 17.0 34.7131 96.0651 117.716 95.3834 21.2603 59.0762 102.478 61.2046 70.7285 64.0 87.2009 89.0225 46.5725 31.257 77.8409 35.2278 77.6209 36.1248 69.9321 59.9416 41.4367 108.618 78.6003 78.1601 73.7346 40.5876 
44.081 47.0106 39.3192 58.6205 51.1957 68.8405 68.5305 42.7821 67.755 46.8701 62.3699 48.3839 97.2761 79.0098 22.2036 15.0 9.84886 91.3263 20.6155 92.2023 0.0 54.2429 17.2627 20.6155 80.7953 72.0567 99.2362 84.0657 72.8314 7.81025 42.0595 68.0657 22.0 43.7127 68.8405 77.7263 45.4291 78.2206 12.0416 19.105 22.8473 65.9697 32.8108 60.8276 36.0689 83.892 40.2616 27.2947 21.5407 6.32456 61.0 88.5681 40.7063 79.4775 82.1679 5.09902 25.5539 16.2788 92.0932 33.4005 26.0 63.7887 25.632 71.2589 6.08276 62.6418 55.3291 71.0679 18.4391 57.0518 53.769 58.0829 35.3553 43.2897 79.4404 16.5529 13.6015 68.9855 48.0416 59.4387 
26.7547 61.5354 20.6155 67.9862 49.2652 36.4005 21.3776 44.7457 77.9495 73.7003 39.5601 9.05539 49.161 30.1709 71.8129 67.3956 61.571 45.8234 48.2745 48.2701 54.2429 0.0 65.0078 52.5051 52.2015 24.8396 51.484 49.4975 84.0762 61.1384 77.4935 20.8487 65.8817 73.3084 36.4005 28.1684 25.5585 81.2729 43.4419 38.4187 72.2478 50.8376 27.1241 36.4005 73.1401 34.334 34.9285 34.4093 73.0318 59.3788 62.1553 41.507 76.3584 32.0979 30.832 58.6865 79.5146 51.0162 42.5353 28.9308 77.3446 21.4117 28.6176 72.1212 48.2745 43.9659 2.23607 21.51 53.6484 20.1246 77.2295 28.1661 22.4722 56.7701 32.2234 70.7459 41.4419 82.6637 26.0192 37.2295 
58.8218 64.0346 47.4131 75.1066 68.4471 85.2765 83.095 57.7735 83.863 62.8013 64.1249 58.5235 111.841 93.5744 36.4005 7.81025 8.06226 105.891 19.4165 107.075 17.2627 65.0078 0.0 16.0312 97.9182 82.2214 113.801 100.502 88.6454 11.1803 56.6127 78.2304 5.83095 59.6825 85.2765 92.2909 59.8164 94.5304 27.7308 26.6271 38.4708 83.1986 47.0106 63.3877 53.0109 98.4565 42.5793 32.6956 30.2324 19.2354 78.0584 103.144 55.3624 94.0421 88.2138 18.1108 19.4165 14.8661 106.658 48.0104 34.2053 71.3092 37.4833 88.0511 20.1246 63.0079 66.094 85.6325 35.6931 71.8471 69.4262 73.0342 43.909 60.531 89.6051 15.6205 28.6531 84.7231 53.1601 75.8748 
50.3289 64.5368 33.4215 76.6551 66.0303 76.922 73.8257 52.345 86.6515 66.8507 48.0937 45.2769 101.049 74.1004 42.8019 22.3607 18.3848 89.7529 4.24264 98.0122 20.6155 52.5051 16.0312 0.0 92.1078 68.7677 103.372 93.0054 92.2114 20.5913 62.5221 64.6607 14.3178 63.8354 76.922 80.0564 50.5668 96.566 24.3311 15.2315 43.2712 80.0562 38.2753 47.3814 54.4342 86.222 26.6833 18.4391 40.8044 26.1725 78.0897 93.3645 61.1623 83.982 74.7615 24.7588 35.1283 4.47214 94.4233 39.8497 45.2217 56.356 27.313 89.0505 18.3848 47.0425 53.5913 73.398 35.171 63.1585 74.0612 65.521 30.4138 59.5399 76.0592 29.4109 24.0832 88.5802 37.6962 70.0661 
43.0116 42.638 69.3542 42.1545 31.8904 16.1245 34.6699 40.1622 47.676 53.535 91.7061 60.6383 41.0 46.8615 71.8401 95.2896 90.6152 48.8774 88.5184 26.1725 80.7953 52.2015 97.9182 92.1078 0.0 55.8032 40.4475 8.06226 52.1536 88.1885 63.8201 57.9828 101.213 54.4059 16.1245 41.0122 44.0454 45.0999 71.2604 77.1326 67.0075 18.868 54.3323 88.5438 63.4004 42.2019 84.2912 78.1601 84.0238 81.922 34.5398 33.2415 63.6003 32.8024 49.5782 81.922 102.919 88.5784 44.2832 52.469 85.0412 71.5738 65.4905 38.1182 77.8627 96.1665 50.0 40.4969 62.6099 32.5576 54.1295 27.0185 69.0652 41.1096 58.0 94.6138 69.2604 52.6118 77.666 26.0416 
51.5133 73.1512 35.3836 79.602 60.8809 42.468 21.2603 60.0883 89.5536 85.316 42.19 23.7376 36.6742 9.48683 89.6375 85.0073 79.1985 21.9317 64.5368 42.5793 72.0567 24.8396 82.2214 68.7677 55.8032 0.0 39.6232 50.6063 95.6376 78.876 93.9728 4.47214 82.6343 84.9241 42.468 16.4924 50.3171 92.2089 61.2665 55.6169 90.0724 60.5748 44.9487 39.3192 90.9647 20.025 46.8722 50.3289 90.8565 77.2034 73.7472 33.0606 93.3318 25.9615 8.0 76.5111 97.2603 67.8329 26.9258 46.7554 95.1692 19.105 46.4403 83.2307 66.0702 47.2652 27.0294 15.5563 71.4731 32.3848 88.8453 39.9718 38.4303 68.3859 7.61577 88.5416 59.2665 94.2794 35.3553 48.8453 
55.2268 75.9605 72.0198 79.6304 63.6003 39.2938 31.1448 66.1355 87.023 88.0568 81.7435 60.5599 3.0 31.6228 100.364 113.919 108.301 19.105 99.1414 14.3178 99.2362 51.484 113.801 103.372 40.4475 39.6232 0.0 32.3883 92.0217 106.895 97.0824 43.9318 116.159 87.9318 39.2938 25.4951 54.0322 85.4751 87.6348 88.8976 95.4383 56.1427 66.8018 78.9177 91.8081 19.9249 84.7223 85.3064 118.236 103.998 72.3395 10.8167 96.4624 19.799 31.7805 103.435 125.086 101.495 13.0 65.8585 113.871 58.6941 77.2479 78.0577 94.1764 86.8332 49.8904 33.2866 92.8884 42.8019 90.6091 46.0652 73.521 71.5122 36.0 115.987 85.6348 92.0217 74.0 51.98 
42.9535 48.5489 68.0074 49.3356 37.0135 16.1555 30.0832 42.7825 55.4437 59.9416 88.5739 58.3095 32.9848 41.3401 76.3806 98.5601 93.8857 41.6173 89.2861 18.1108 84.0657 49.4975 100.502 93.0054 8.06226 50.6063 32.3883 0.0 60.075 91.459 69.9714 53.2259 103.393 60.5392 16.1555 35.0 43.4166 53.1507 73.8487 77.8845 71.4493 25.632 54.8179 85.4143 67.8276 35.3836 83.006 78.0897 88.4863 85.1945 41.7612 25.4951 69.6419 26.1725 43.8292 85.1945 106.832 89.8206 36.7151 53.1601 89.8053 67.0794 65.9697 46.0435 80.4511 93.1719 47.3814 35.8469 65.872 31.0644 61.0983 27.5136 68.1836 46.0977 52.0096 97.878 71.8487 60.407 75.4255 28.6271 
69.4526 29.8329 87.7838 17.6918 36.8917 55.3173 75.2728 51.7397 6.40312 25.9615 115.974 88.416 92.1358 88.0232 52.469 82.7345 80.604 96.3172 90.4719 78.0064 72.8314 84.0762 88.6454 92.2114 52.1536 95.6376 92.0217 60.075 0.0 77.4661 33.0 97.5013 94.1488 29.1204 55.3173 84.7703 71.7283 9.89949 68.4471 82.1244 50.2195 36.4966 67.9412 113.137 51.7772 88.5268 99.5185 88.4362 62.0 69.4262 21.9317 83.3847 34.0147 79.6241 91.1811 70.6116 83.0241 87.7889 93.2148 65.7951 60.1332 104.83 75.4605 14.0357 73.8977 118.929 81.8441 80.0813 57.2713 64.6581 19.2354 56.0578 85.1469 36.7967 99.6135 77.1622 69.3181 4.0 99.0353 50.8467 
51.7398 53.1507 45.3542 64.0312 58.2409 76.2337 76.1893 50.1753 72.6911 51.6236 66.3702 55.1543 104.935 86.6687 25.2982 7.2111 3.16228 98.9851 22.1359 99.8611 7.81025 61.1384 11.1803 20.5913 88.1885 78.876 106.895 91.459 77.4661 0.0 45.5412 74.885 16.7631 48.5077 76.2337 85.3852 53.088 83.3847 19.799 24.3311 27.2947 73.0821 40.4599 65.123 42.1283 91.5508 44.1814 32.0624 20.5183 8.06226 67.1863 96.227 44.2719 87.1363 89.8267 7.0 18.3848 17.088 99.7521 41.0593 24.8395 69.857 32.6497 77.0065 13.0384 66.0984 62.2246 78.7268 25.632 64.7106 58.2495 72.043 41.4849 50.0411 86.2597 10.0499 21.2603 73.5459 53.1507 66.8319 
53.4778 21.4709 70.2979 24.6982 33.6155 57.9396 73.8108 39.0128 29.4279 10.6301 98.6269 71.7583 96.1665 86.3583 20.2485 50.2195 48.7032 96.1683 62.171 85.0882 42.0595 77.4935 56.6127 62.5221 63.8201 93.9728 97.0824 69.9714 33.0 45.5412 0.0 91.3271 62.2977 9.43398 57.9396 83.6241 55.7535 40.6079 43.4043 57.141 19.4165 45.0 50.61 96.5974 26.6977 88.1762 77.6825 64.3959 29.0 37.6962 31.241 86.6833 1.41421 80.2636 89.5164 39.0 50.04 58.1161 94.2974 48.6053 27.2947 89.0183 57.4343 36.7696 45.6594 99.8666 77.9636 78.4164 32.2277 62.9389 14.3178 54.3386 68.5827 25.7099 97.9487 44.2832 44.3959 29.0 82.7234 49.1275 
47.5223 78.4954 31.241 81.4656 62.7446 44.3316 23.3238 56.5615 91.4173 87.2212 38.0526 19.7466 41.0 13.0384 85.6466 81.0163 75.2075 26.4008 60.4401 46.2709 68.0657 20.8487 78.2304 64.6607 57.9828 4.47214 43.9318 53.2259 97.5013 74.885 91.3271 0.0 78.6003 85.0064 44.3316 20.0998 46.3261 94.0726 57.2755 51.626 86.0814 62.4385 40.9577 35.1283 86.9737 24.1868 42.4382 46.2277 86.8655 73.2124 75.6109 37.0 90.192 29.4279 12.1655 72.5202 93.2693 63.8201 31.3209 42.7644 91.1782 15.0 42.4493 85.0944 62.0792 43.1045 23.0384 17.4929 67.4821 34.2485 93.7592 41.8355 34.4093 71.3277 11.4018 84.5506 55.2755 96.1431 30.8869 50.709 
61.4003 69.0072 47.4342 80.3057 72.8354 87.2891 85.4536 61.0735 89.2693 68.2495 61.6604 59.0339 115.642 87.9656 42.0595 13.4536 13.6015 103.618 18.3576 109.604 22.0 65.8817 5.83095 14.3178 101.213 82.6343 116.159 103.393 94.1488 16.7631 62.2977 78.6003 0.0 65.1153 87.2891 94.6495 62.1289 99.8499 31.3209 27.5862 43.9318 87.4757 49.3964 61.1882 58.0392 100.815 40.8044 32.45 36.0555 24.7386 83.0 105.502 61.0328 96.4006 88.6266 23.5372 23.7697 14.8661 109.016 50.6063 40.0 70.6612 39.2046 93.1951 23.7697 60.1332 66.9679 87.9911 40.1995 74.4312 74.9533 75.8897 44.2041 65.192 90.0 21.2132 31.9531 90.2441 52.0 79.1748 
47.136 12.083 63.9772 16.7631 24.3516 48.7032 64.7622 31.5753 24.1868 3.16228 92.348 65.4376 87.0919 77.3097 24.0208 54.0833 51.6236 87.1197 62.0959 75.7694 43.7127 73.3084 59.6825 63.8354 54.4059 84.9241 87.9318 60.5392 29.1204 48.5077 9.43398 85.0064 65.1153 0.0 48.7032 74.5754 49.4118 35.0143 40.1078 53.9056 21.2132 35.609 44.2892 89.6167 23.4012 79.1276 74.386 61.0994 34.9285 40.4475 22.4722 77.6209 9.21954 71.2149 80.4678 41.5933 55.9017 59.4128 85.2488 42.2845 34.176 82.6976 51.4996 29.6142 45.5217 95.087 71.0763 69.3678 28.9312 53.8903 10.2956 45.29 61.2047 17.0294 88.9 49.0918 41.0994 25.2982 75.3293 40.0789 
27.1662 36.6879 53.2353 41.0 24.3516 0.0 21.4009 27.5572 49.6488 48.7647 75.9605 44.643 38.6394 34.4093 61.784 83.3348 78.6604 41.0 73.2462 27.2947 68.8405 36.4005 85.2765 76.922 16.1245 42.468 39.2938 16.1555 55.3173 76.2337 57.9396 44.3316 87.2891 48.7032 0.0 29.9666 28.0 50.6952 58.6234 61.8466 56.8578 18.9737 38.833 72.8011 53.2299 33.2415 68.1836 62.3939 73.8885 69.9692 34.1321 29.2746 57.3847 24.3311 37.4433 69.9692 91.6475 73.7167 38.1182 37.108 75.2861 57.4649 50.01 42.0595 65.2258 80.3243 34.176 26.9116 50.6551 16.4924 51.4782 11.4018 53.0094 32.6497 46.0435 82.6611 56.6234 54.5894 61.6155 13.4018 
33.7184 62.8025 46.8453 69.2315 50.5322 29.9666 10.0 51.0659 78.848 74.9673 58.0 35.1687 22.8254 7.07107 84.6554 92.4091 86.7907 13.6015 75.8258 26.1725 77.7263 28.1684 92.2909 80.0564 41.0122 16.4924 25.4951 35.0 84.7703 85.3852 83.6241 20.0998 94.6495 74.5754 29.9666 0.0 32.5223 80.6226 66.1249 65.97 79.0871 48.8467 45.2919 55.0091 76.099 6.40312 59.3312 61.9908 96.7592 82.1526 63.0635 17.1172 82.9831 9.48683 8.94427 81.5891 103.24 78.5675 14.8661 44.3486 98.1679 35.0571 55.738 71.8679 72.6665 63.0079 26.5748 8.60233 71.4113 23.1948 78.4966 30.0666 50.2054 58.0372 17.0294 94.1415 64.1249 83.678 48.7647 38.4966 
3.16228 42.2893 25.4951 54.0402 36.4127 28.0 23.3264 20.3035 65.3527 51.5344 51.5912 23.8341 52.072 33.8058 53.2509 60.1082 54.4518 46.1222 46.6154 47.5079 45.4291 25.5585 59.8164 50.5668 44.0454 50.3171 54.0322 43.4166 71.7283 53.088 55.7535 46.3261 62.1289 49.4118 28.0 32.5223 0.0 68.8908 33.8277 35.3412 48.3247 38.6587 12.8062 48.6535 44.6946 38.6879 40.3113 34.7131 64.0871 49.8554 51.6887 43.3751 54.6184 34.2735 36.9638 49.2919 70.9429 47.8853 46.5554 12.0416 65.4973 46.3122 23.2594 59.7391 40.3113 55.0384 23.3264 25.8639 38.7393 12.6491 57.8604 17.2627 25.02 35.0993 45.3961 61.8443 31.8277 69.0351 35.1206 24.8473 
70.0124 32.311 88.8144 19.9249 36.1248 50.6952 71.5542 52.0096 11.1803 32.0 116.616 88.9773 85.8429 84.534 59.0 89.0898 86.4696 91.3947 94.5569 71.2531 78.2206 81.2729 94.5304 96.566 45.0999 92.2089 85.4751 53.1507 9.89949 83.3847 40.6079 94.0726 99.8499 35.0143 50.6952 80.6226 68.8908 0.0 72.4224 85.861 56.1427 31.7805 69.0652 113.797 56.2443 83.8153 101.356 90.3954 69.3542 75.326 20.6155 77.4661 41.4367 74.6324 87.6584 76.4199 90.4489 92.1792 87.8009 66.8506 67.897 102.604 77.4145 9.21954 78.339 119.808 79.0409 76.6525 61.4003 61.8548 26.3059 53.2541 86.5332 38.4708 96.1769 84.0238 73.0548 13.0384 99.8098 48.0435 
32.4795 40.2616 30.1496 52.4976 42.0476 58.6234 56.929 31.1204 62.7694 43.123 56.0803 37.6931 85.6746 67.4084 28.4311 26.9072 21.4009 79.7248 22.1359 80.6008 12.0416 43.4419 27.7308 24.3311 71.2604 61.2665 87.6348 73.8487 68.4471 19.799 43.4043 57.2755 31.3209 40.1078 58.6234 66.1249 33.8277 72.4224 0.0 14.1421 28.866 56.4715 21.2094 54.0833 30.7065 72.2905 34.9857 21.6333 29.65 16.1555 53.7587 76.9667 42.0913 67.8761 70.5664 15.6525 37.4433 20.0998 80.4918 21.799 33.9628 54.0384 15.0384 64.7611 7.61577 57.2451 44.5281 59.4665 11.1803 45.4166 50.3336 46.4815 26.1725 35.2278 68.6502 28.3019 2.0 64.846 40.2616 49.2217 
35.1141 53.6107 21.1896 65.9476 52.6118 61.8466 58.6138 38.0 76.3672 56.9209 43.4166 31.9061 86.9627 60.9482 39.1653 29.7321 24.0416 76.6007 11.4018 82.8002 19.105 38.4187 26.6271 15.2315 77.1326 55.6169 88.8976 77.8845 82.1244 24.3311 57.141 51.626 27.5862 53.9056 61.8466 65.97 35.3412 85.861 14.1421 0.0 39.6002 66.0681 23.0868 41.7732 44.4433 72.1357 21.5407 8.24621 40.2616 25.318 65.9446 78.6625 55.8281 69.5608 61.6093 24.1868 42.45 12.8062 80.3369 24.7386 44.643 45.607 12.083 77.4726 13.3417 44.0114 39.5049 59.3116 25.0 47.927 64.1315 50.448 17.4642 47.4585 63.0007 34.3657 12.8062 78.571 29.0 55.3385 
46.049 27.2029 58.9662 37.054 35.2278 56.8578 70.4607 32.7661 45.3982 24.3311 85.0369 66.5126 94.4991 80.4951 5.0 33.0 30.4138 92.5501 42.9201 84.0459 22.8473 72.2478 38.4708 43.2712 67.0075 90.0724 95.4383 71.4493 50.2195 27.2947 19.4165 86.0814 43.9318 21.2132 56.8578 79.0871 48.3247 56.1427 28.866 39.6002 0.0 49.7393 43.1812 83.0074 17.6301 85.3674 61.122 47.8287 17.0294 19.2354 41.0 85.0184 18.0278 81.4759 83.6532 20.3961 36.4005 38.8652 93.5462 41.1765 18.6011 82.8444 43.8443 50.0899 26.4085 86.2766 70.5348 72.5532 23.1601 58.6873 31.0483 52.6694 54.9927 26.0768 92.0854 28.6356 30.8059 46.3249 69.1334 47.4583 
36.692 24.0416 63.8946 23.7697 14.8661 18.9737 39.8246 28.1603 31.0644 34.6699 90.1996 58.7547 56.0089 52.8394 54.3783 80.0695 75.6902 59.9083 77.0 42.5793 65.9697 50.8376 83.1986 80.0562 18.868 60.5748 56.1427 25.632 36.4966 73.0821 45.0 62.4385 87.4757 35.609 18.9737 48.8467 38.6587 31.7805 56.4715 66.0681 49.7393 0.0 45.1221 87.2619 46.3573 52.2015 77.6389 68.884 66.5733 66.6847 16.2788 47.0425 44.8219 43.1741 55.9464 66.6847 85.8762 76.1643 56.7186 42.9535 67.2012 72.1683 55.5788 23.0868 63.7887 93.6468 48.6056 45.0185 47.5395 31.1127 35.4683 22.6716 62.245 23.7065 64.4981 77.6327 56.2228 36.0555 73.729 17.8114 
12.083 38.1838 19.8494 50.3289 33.541 38.833 36.096 17.4642 61.6198 46.5041 48.1041 21.3889 64.8416 46.5754 48.1074 47.4236 41.7253 58.8919 34.4819 60.208 32.8108 27.1241 47.0106 38.2753 54.3323 44.9487 66.8018 54.8179 67.9412 40.4599 50.61 40.9577 49.3964 44.2892 38.833 45.2919 12.8062 69.0652 21.2094 23.0868 43.1812 45.1221 0.0 45.3431 39.551 51.4575 32.6956 24.0208 50.7993 37.2371 48.5489 56.1447 49.4749 47.0431 49.7335 36.6736 58.3246 35.3412 59.6588 2.23607 55.1121 38.6489 11.1803 60.208 27.5862 50.9902 28.2103 38.6335 31.4159 25.0599 53.0472 27.4591 17.4929 31.1448 52.3324 49.226 19.2094 65.0538 31.1127 33.0161 
50.6787 83.4865 25.807 95.462 77.9212 72.8011 55.7741 61.748 106.775 91.8315 3.16228 28.6531 75.9539 48.0416 80.8181 69.029 64.0078 60.6383 44.1022 81.0247 60.8276 36.4005 63.3877 47.3814 88.5438 39.3192 78.9177 85.4143 113.137 65.123 96.5974 35.1283 61.1882 89.6167 72.8011 55.0091 48.6535 113.797 54.0833 41.7732 83.0074 87.2619 45.3431 0.0 83.8997 59.3043 21.0 33.541 82.0 67.082 93.1332 72.0625 95.2845 64.0312 47.2652 65.9242 82.0549 49.0408 66.0984 47.4236 86.3481 20.2237 40.7063 104.819 55.109 8.0 38.6264 50.3587 64.4081 56.4624 98.3747 64.4343 29.1548 76.3806 43.6807 75.06 52.2015 110.345 14.4222 73.4505 
42.4188 25.0278 59.8584 36.4279 31.6982 53.2299 66.8305 29.2859 46.2173 26.4165 85.9292 67.4049 95.6478 76.865 22.5563 48.5933 45.0526 89.7001 52.6946 80.4157 36.0689 73.1401 53.0109 54.4342 63.4004 90.9647 91.8081 67.8276 51.7772 42.1283 26.6977 86.9737 58.0392 23.4012 53.2299 76.099 44.6946 56.2443 30.7065 44.4433 17.6301 46.3573 39.551 83.8997 0.0 81.7373 64.9848 51.6982 34.6586 34.2947 39.0624 81.3882 25.3848 77.8457 80.023 35.1603 53.5188 50.0116 89.9161 37.5463 36.0689 83.7366 44.7366 49.19 36.1204 87.1689 66.9047 68.9231 19.53 55.0572 33.6271 49.0393 55.885 22.6525 88.4553 45.2753 31.6982 48.1461 70.0257 43.8281 
39.7849 67.3546 52.3995 73.5527 55.0844 33.2415 15.5242 57.3462 82.7647 79.5195 62.2013 40.7229 17.088 11.7047 90.2936 98.5748 92.9564 8.0 81.9915 23.4094 83.892 34.334 98.4565 86.222 42.2019 20.025 19.9249 35.3836 88.5268 91.5508 88.1762 24.1868 100.815 79.1276 33.2415 6.40312 38.6879 83.8153 72.2905 72.1357 85.3674 52.2015 51.4575 59.3043 81.7373 0.0 64.8854 68.1565 102.826 88.3183 67.082 13.3417 87.5353 9.43398 12.0416 87.7548 109.406 84.7331 8.48528 50.5142 103.806 39.1152 61.9036 75.2861 78.8322 67.2681 32.7405 15.0 77.4778 28.8617 83.0488 35.0571 56.371 62.5894 18.0278 100.307 70.2905 87.6641 54.0833 43.0488 
41.7732 69.6871 15.0 82.1005 66.2118 68.1836 56.2939 50.1597 93.2796 77.4013 22.2036 25.9615 81.9491 53.2259 60.6871 48.0416 43.0116 68.6003 23.1948 83.1986 40.2616 34.9285 42.5793 26.6833 84.2912 46.8722 84.7223 83.006 99.5185 44.1814 77.6825 42.4382 40.8044 74.386 68.1836 59.3312 40.3113 101.356 34.9857 21.5407 61.122 77.6389 32.6956 21.0 64.9848 64.8854 0.0 13.4164 61.6847 46.5725 81.0062 76.2249 76.3696 67.0168 53.7122 45.3542 61.0737 28.0713 72.8972 34.9285 66.0984 31.241 24.2074 92.6607 34.7851 22.4722 36.6742 56.4288 45.4932 52.0096 84.3156 57.5587 15.5242 62.9682 53.4135 54.0833 33.2866 96.4886 12.0416 64.5859 
35.2278 58.6048 15.0 71.0182 56.3205 62.3939 54.8748 40.7922 82.1973 64.1147 35.171 26.8701 82.9835 55.6623 47.3938 36.8782 31.4006 71.3148 14.2127 81.7595 27.2947 34.4093 32.6956 18.4391 78.1601 50.3289 85.3064 78.0897 88.4362 32.0624 64.3959 46.2277 32.45 61.0994 62.3939 61.9908 34.7131 90.3954 21.6333 8.24621 47.8287 68.884 24.0208 33.541 51.6982 68.1565 13.4164 0.0 48.5077 33.541 70.3847 75.2989 63.083 65.9165 56.3234 32.3883 49.8197 17.8885 75.3611 26.0768 52.8867 38.6264 13.3417 81.939 21.587 35.8469 35.5258 55.3324 32.2066 47.2969 71.3252 51.1566 12.0416 51.9254 57.6281 42.107 20.0 85.7647 21.095 57.0364 
63.0775 43.382 59.2483 51.6624 52.2015 73.8885 87.4891 49.9446 58.2151 37.6563 83.678 67.2967 116.306 98.0427 12.2066 22.8254 23.3452 110.359 41.6773 101.074 21.5407 73.0318 30.2324 40.8044 84.0238 90.8565 118.236 88.4863 62.0 20.5183 29.0 86.8655 36.0555 34.9285 73.8885 96.7592 64.0871 69.3542 29.65 40.2616 17.0294 66.5733 50.7993 82.0 34.6586 102.826 61.6847 48.5077 0.0 15.2315 56.648 107.529 28.0179 98.5044 101.201 16.5529 21.095 36.8917 110.575 51.3889 4.47214 83.6284 44.6284 64.5368 26.9258 84.119 74.118 90.1008 32.5661 75.7158 43.1045 69.6979 55.2483 43.0116 98.2402 15.8114 31.59 58.0 68.7314 64.4868 
48.5073 45.2769 45.0999 56.0089 51.8402 69.9692 72.9568 43.9109 64.6297 43.566 68.6586 53.6004 102.069 83.4361 17.4642 14.3178 11.1803 95.7526 26.6271 96.6286 6.32456 59.3788 19.2354 26.1725 81.922 77.2034 103.998 85.1945 69.4262 8.06226 37.6962 73.2124 24.7386 40.4475 69.9692 82.1526 49.8554 75.326 16.1555 25.318 19.2354 66.6847 37.2371 67.082 34.2947 88.3183 46.5725 33.541 15.2315 0.0 59.3043 93.291 36.4005 84.2666 86.5942 1.41421 21.9317 22.0227 96.1857 37.8267 19.6977 69.4622 30.8058 69.0 12.0416 68.9638 60.465 75.4942 19.3178 61.478 50.2195 65.7786 41.1096 42.9472 84.5871 12.7279 18.0278 65.5134 54.1479 60.5675 
49.413 14.0357 68.2422 7.61577 15.5563 34.1321 53.4509 31.4006 15.8114 20.6155 96.0164 68.3779 72.111 66.1328 44.9222 73.5527 70.115 74.9667 75.7165 58.8558 61.0 62.1553 78.0584 78.0897 34.5398 73.7472 72.3395 41.7612 21.9317 67.1863 31.241 75.6109 83.0 22.4722 34.1321 63.0635 51.6887 20.6155 53.7587 65.9446 41.0 16.2788 48.5489 93.1332 39.0624 67.082 81.0062 70.3847 56.648 59.3043 0.0 63.0079 31.4006 58.4209 69.2908 60.208 77.201 73.8241 72.2496 46.3249 56.3649 82.909 57.2713 11.6619 60.2993 99.2107 59.9232 58.1909 43.1856 42.7372 19.7231 34.1369 66.0379 18.6815 77.7231 69.6348 54.1295 20.6155 79.2154 28.9258 
44.5533 65.7343 62.0428 70.1142 53.3667 29.2746 20.8087 55.7156 78.1025 77.8781 75.0267 50.4841 9.48683 24.0208 89.9446 103.251 97.6436 17.0294 89.1339 10.2956 88.5681 41.507 103.144 93.3645 33.2415 33.0606 10.8167 25.4951 83.3847 96.227 86.6833 37.0 105.502 77.6209 29.2746 17.1172 43.3751 77.4661 76.9667 78.6625 85.0184 47.0425 56.1447 72.0625 81.3882 13.3417 76.2249 75.2989 107.529 93.291 63.0079 0.0 86.0466 9.43398 25.0799 92.7275 114.378 91.2473 11.4018 55.2014 103.451 52.0 66.5908 69.5845 83.5193 80.0562 39.9134 23.7697 82.1809 32.0156 80.7527 35.3412 63.544 61.1007 31.3209 105.28 74.9667 83.0963 65.7343 41.5601 
52.3427 21.095 71.2432 25.0599 33.1059 57.3847 73.1699 38.0 30.2655 10.8167 97.3139 70.6232 95.5092 85.7174 18.9737 49.0306 47.4342 95.5274 60.8112 84.5813 40.7063 76.3584 55.3624 61.1623 63.6003 93.3318 96.4624 69.6419 34.0147 44.2719 1.41421 90.192 61.0328 9.21954 57.3847 82.9831 54.6184 41.4367 42.0913 55.8281 18.0278 44.8219 49.4749 95.2845 25.3848 87.5353 76.3696 63.083 28.0179 36.4005 31.4006 86.0466 0.0 79.6226 88.8754 37.6962 49.0918 56.7563 93.6565 47.4701 26.4764 87.8832 56.1214 37.3363 44.2996 98.5537 76.8285 77.7755 30.9147 62.2979 15.1327 53.6977 67.2697 25.0 97.3077 43.1856 43.083 30.0167 81.4105 48.4866 
35.4683 59.4138 52.6338 65.123 47.1699 24.3311 11.4018 49.2916 73.9797 71.6069 67.0671 41.075 17.8045 16.4924 86.4021 94.1603 88.5419 16.7631 79.7515 17.0 79.4775 32.0979 94.0421 83.982 32.8024 25.9615 19.799 26.1725 79.6241 87.1363 80.2636 29.4279 96.4006 71.2149 24.3311 9.48683 34.2735 74.6324 67.8761 69.5608 81.4759 43.1741 47.0431 64.0312 77.8457 9.43398 67.0168 65.9165 98.5044 84.2666 58.4209 9.43398 79.6226 0.0 18.3848 83.229 104.88 82.1457 14.0357 46.0998 99.9146 44.2832 57.4891 66.2193 74.4177 72.0278 30.5044 14.5602 73.1566 23.3238 75.06 27.8927 54.1295 54.6767 26.0768 95.7814 65.8761 78.9177 56.8927 35.1361 
38.16 68.6948 41.4065 75.1456 56.4246 37.4433 16.1245 55.6319 85.0972 80.8597 50.1597 29.7299 28.8617 3.16228 88.5794 90.9997 85.1909 15.0 70.5296 34.7131 82.1679 30.832 88.2138 74.7615 49.5782 8.0 31.7805 43.8292 91.1811 89.8267 89.5164 12.1655 88.6266 80.4678 37.4433 8.94427 36.9638 87.6584 70.5664 61.6093 83.6532 55.9464 49.7335 47.2652 80.023 12.0416 53.7122 56.3234 101.201 86.5942 69.2908 25.0799 88.8754 18.3848 0.0 86.0307 107.682 73.8253 19.3132 48.7902 102.611 27.074 52.4326 78.721 77.1081 55.2268 31.0164 11.4018 75.8529 27.9284 84.3889 35.5154 44.4227 63.9295 8.60233 98.5831 68.5664 89.8231 42.5441 44.3889 
47.9438 46.1736 44.1814 57.0351 51.8402 69.9692 72.3933 43.9109 65.7647 44.7214 67.4685 52.8867 100.951 82.8726 18.7883 13.6015 10.0499 95.1891 25.2389 96.0651 5.09902 58.6865 18.1108 24.7588 81.922 76.5111 103.435 85.1945 70.6116 7.0 39.0 72.5202 23.5372 41.5933 69.9692 81.5891 49.2919 76.4199 15.6525 24.1868 20.3961 66.6847 36.6736 65.9242 35.1603 87.7548 45.3542 32.3883 16.5529 1.41421 60.208 92.7275 37.6962 83.229 86.0307 0.0 22.0227 20.6155 95.956 37.2632 21.0238 68.593 30.0832 70.0071 11.0 67.72 59.7727 74.9307 19.3178 60.9145 51.4198 65.7786 40.1995 43.6394 83.8949 12.8062 17.4642 66.7083 53.0848 60.5675 
69.5947 63.5689 63.6003 72.5672 71.217 91.6475 94.0442 65.8182 79.3095 58.6941 83.0 73.5391 122.602 104.524 32.28 13.0384 18.4391 116.84 38.0 117.716 25.5539 79.5146 19.4165 35.1283 102.919 97.2603 125.086 106.832 83.0241 18.3848 50.04 93.2693 23.7697 55.9017 91.6475 103.24 70.9429 90.4489 37.4433 42.45 36.4005 85.8762 58.3246 82.0549 53.5188 109.406 61.0737 49.8197 21.095 21.9317 77.201 114.378 49.0918 104.88 107.682 22.0227 0.0 33.0151 117.607 58.9142 23.0868 88.0568 50.9902 85.5102 31.305 82.1523 80.6008 96.5817 41.2251 82.5655 64.195 87.4569 59.7746 62.1691 104.644 9.21954 39.1152 79.0253 70.859 82.2458 
47.4236 60.208 32.7567 72.2772 62.0 73.7167 71.1986 48.6621 82.229 62.4281 50.01 44.2041 99.5601 73.1642 38.4187 20.0 15.2971 88.8167 5.09902 95.3834 16.2788 51.0162 14.8661 4.47214 88.5784 67.8329 101.495 89.8206 87.7889 17.088 58.1161 63.8201 14.8661 59.4128 73.7167 78.5675 47.8853 92.1792 20.0998 12.8062 38.8652 76.1643 35.3412 49.0408 50.0116 84.7331 28.0713 17.8885 36.8917 22.0227 73.8241 91.2473 56.7563 82.1457 73.8253 20.6155 33.0151 0.0 92.9344 36.7696 41.3401 56.4624 24.6982 84.7231 13.9284 49.366 52.1024 71.9091 30.8058 60.3738 69.6387 62.3173 29.4109 55.3263 75.213 26.4764 20.0 84.1577 38.3275 66.5368 
47.7516 73.4758 60.4443 79.0569 61.2046 38.1182 23.2594 63.3254 87.6926 85.6407 68.884 48.7677 10.0 19.7231 98.4724 106.776 101.158 6.32456 90.1927 21.2603 92.0932 42.5353 106.658 94.4233 44.2832 26.9258 13.0 36.7151 93.2148 99.7521 94.2974 31.3209 109.016 85.2488 38.1182 14.8661 46.5554 87.8009 80.4918 80.3369 93.5462 56.7186 59.6588 66.0984 89.9161 8.48528 72.8972 75.3611 110.575 96.1857 72.2496 11.4018 93.6565 14.0357 19.3132 95.956 117.607 92.9344 0.0 58.7155 111.985 45.8912 70.1048 79.6241 87.0334 73.9797 40.9417 23.4307 85.2269 36.4005 89.0898 41.7732 63.4604 68.7106 23.0 108.508 78.4918 92.6553 61.8466 49.1699 
10.8167 36.0694 22.0227 48.1664 31.305 37.108 35.1527 15.2315 59.4643 44.4993 50.2096 23.1956 63.8983 45.6321 46.1027 48.0833 42.45 57.9486 36.1386 59.0762 33.4005 28.9308 48.0104 39.8497 52.469 46.7554 65.8585 53.1601 65.7951 41.0593 48.6053 42.7644 50.6063 42.2845 37.108 44.3486 12.0416 66.8506 21.799 24.7386 41.1765 42.9535 2.23607 47.4236 37.5463 50.5142 34.9285 26.0768 51.3889 37.8267 46.3249 55.2014 47.4701 46.0998 48.7902 37.2632 58.9142 36.7696 58.7155 0.0 55.7017 40.4556 13.0384 57.9828 28.3196 53.1507 30.017 37.6902 32.8571 23.8537 51.0425 25.7099 19.7231 29.0 54.1391 49.8157 19.799 62.9365 33.2415 27.0 
