NAME  : Jabali_80_2_0.95_1_9
TYPE : SVRP
MODEL : FINITE_SUPPORT
NUMBER_OF_SCENARIOS : 200
DIMENSION : 80
EDGE_WEIGHT_TYPE : MATRIX
CAPACITY : 220
N_VEHICLES : 2
NODE_COORD_SECTION
1 3405 4044
2 4950 7440
3 1762 3144
4 2823 6917
5 4594 1293
6 3311 5065
7 3643 4384
8 5422 4244
9 5674 2258
10 5897 6054
11 7557 4660
12 6978 6555
13 7310 3049
14 7355 4644
15 3643 1467
16 6484 2075
17 5832 5596
18 794 6115
19 6561 4816
20 3500 529
21 1139 1928
22 2398 3490
23 2792 5584
24 3178 6922
25 670 5211
26 645 3762
27 7180 6449
28 6369 8017
29 708 2095
30 4886 742
31 3009 18
32 7132 5734
33 2526 3791
34 834 2330
35 3851 5868
36 4525 1832
37 6884 1445
38 27 5415
39 3547 2674
40 1918 3287
41 7689 1490
42 3360 1239
43 274 3970
44 7238 6414
45 6836 6394
46 3883 1106
47 2397 4332
48 7322 1674
49 732 4153
50 3234 1673
51 5653 5141
52 5251 7335
53 2371 4647
54 1652 256
55 7673 4846
56 670 5999
57 1943 1855
58 6938 6089
59 2103 2684
60 4789 3971
61 7356 5725
62 7200 6156
63 2588 2306
64 3488 3486
65 2301 4900
66 2022 4693
67 5700 3951
68 1100 4635
69 3330 1029
70 5547 5622
71 1864 3632
72 4086 6627
73 6078 8000
74 616 5081
75 3856 3882
76 3538 3228
77 1028 2000
78 2805 681
79 2589 5222
80 4648 5570
DEMAND_SECTION
1 0.0
2 4.0
3 3.0
4 1.0
5 3.0
6 1.0
7 10.0
8 4.0
9 6.0
10 9.0
11 4.0
12 4.0
13 4.0
14 2.0
15 8.0
16 6.0
17 10.0
18 8.0
19 6.0
20 8.0
21 7.0
22 1.0
23 1.0
24 9.0
25 5.0
26 4.0
27 10.0
28 8.0
29 1.0
30 4.0
31 9.0
32 7.0
33 4.0
34 6.0
35 4.0
36 7.0
37 5.0
38 2.0
39 10.0
40 8.0
41 3.0
42 6.0
43 4.0
44 5.0
45 9.0
46 4.0
47 4.0
48 3.0
49 6.0
50 3.0
51 6.0
52 9.0
53 9.0
54 6.0
55 5.0
56 4.0
57 5.0
58 2.0
59 4.0
60 8.0
61 1.0
62 3.0
63 3.0
64 2.0
65 3.0
66 10.0
67 6.0
68 6.0
69 10.0
70 8.0
71 4.0
72 9.0
73 5.0
74 1.0
75 10.0
76 3.0
77 3.0
78 2.0
79 5.0
80 6.0
DEVIATION_SECTION
1 0.0
2 1.33333
3 1.0
4 0.333333
5 1.0
6 0.333333
7 3.33333
8 1.33333
9 2.0
10 3.0
11 1.33333
12 1.33333
13 1.33333
14 0.666667
15 2.66667
16 2.0
17 3.33333
18 2.66667
19 2.0
20 2.66667
21 2.33333
22 0.333333
23 0.333333
24 3.0
25 1.66667
26 1.33333
27 3.33333
28 2.66667
29 0.333333
30 1.33333
31 3.0
32 2.33333
33 1.33333
34 2.0
35 1.33333
36 2.33333
37 1.66667
38 0.666667
39 3.33333
40 2.66667
41 1.0
42 2.0
43 1.33333
44 1.66667
45 3.0
46 1.33333
47 1.33333
48 1.0
49 2.0
50 1.0
51 2.0
52 3.0
53 3.0
54 2.0
55 1.66667
56 1.33333
57 1.66667
58 0.666667
59 1.33333
60 2.66667
61 0.333333
62 1.0
63 1.0
64 0.666667
65 1.0
66 3.33333
67 2.0
68 2.0
69 3.33333
70 2.66667
71 1.33333
72 3.0
73 1.66667
74 0.333333
75 3.33333
76 1.0
77 1.0
78 0.666667
79 1.66667
80 2.0
DISTANCE_MATRIX
0.0 52.4023 30.8708 40.3113 41.9762 14.5602 5.83095 36.1264 42.2442 45.6719 62.6259 61.7382 63.3735 60.7463 36.1248 53.0081 41.94 44.4456 49.6511 47.676 44.7316 25.4982 22.0227 40.025 40.8251 42.2345 63.3738 68.6899 48.3766 50.2195 54.48 59.8772 21.6206 46.3178 26.9258 35.4401 61.2684 49.2212 19.0263 29.5822 70.5368 38.6394 47.1928 63.3738 59.5874 41.0122 17.1485 65.562 42.3358 32.7567 38.0609 53.0377 17.5114 56.7442 64.2017 44.3814 36.6785 59.0475 28.3178 28.9848 61.9086 62.036 26.5244 7.0 18.5026 21.6206 38.1223 37.3691 40.7922 39.0528 27.4109 37.7359 66.8757 40.8667 7.61577 10.0499 45.7185 46.0983 18.6815 28.2825 
52.4023 0.0 70.4732 30.0167 84.119 39.8246 46.8615 43.7379 70.5762 22.8035 49.6588 29.7321 66.2873 48.8467 84.2576 76.0066 27.1662 61.131 41.0 96.2596 89.527 62.6677 39.8121 26.0 65.0 74.8518 32.5576 20.0998 90.638 91.214 104.796 36.6197 58.982 87.8528 26.4008 77.1622 85.1469 72.0069 69.3611 68.4172 88.2836 88.1808 75.4736 32.5576 29.0 87.7268 54.4059 84.7172 69.8521 83.6366 32.0156 3.60555 53.0 107.854 49.6488 62.2013 87.7886 32.0156 75.5866 47.0106 38.6005 33.9706 77.6345 57.8915 51.4782 55.9464 47.2652 61.9949 90.3832 26.0 64.7722 16.5529 17.2627 65.2534 51.2445 60.0037 90.2516 97.1241 45.1774 25.9422 
30.8708 70.4732 0.0 52.3259 43.4166 30.7338 33.3017 49.4209 51.1135 67.2249 80.9306 87.1657 73.7415 79.0669 32.6497 61.8774 68.0363 42.7551 67.9623 41.2311 19.2094 10.4403 33.6155 53.3385 31.6228 17.0294 87.6931 88.4363 21.0238 51.0392 45.0444 81.1851 14.3178 18.3848 44.0725 38.8973 69.8928 38.4708 22.4722 2.23607 79.404 32.8938 21.9317 87.6931 84.9588 38.0132 16.6433 74.4313 18.7883 27.313 61.6978 71.7633 19.6977 39.9249 82.5225 41.9762 17.72 82.7066 7.07107 41.7333 82.7056 85.2613 14.8661 24.1687 22.4722 19.4775 50.8708 22.0227 34.4819 66.6777 5.83095 54.4992 86.3033 30.6757 31.419 22.2098 20.0 36.0555 28.178 49.3549 
40.3113 30.0167 52.3259 0.0 81.0987 26.0192 37.0 49.1935 76.7008 42.72 68.6804 56.0803 79.6028 67.2086 76.4199 83.006 43.2782 31.4006 56.5862 87.9659 70.824 45.8803 18.9737 4.12311 37.1214 48.4194 58.6941 50.01 71.313 89.202 94.3966 59.6825 42.2287 69.0869 19.2354 74.1687 92.8493 43.0116 59.1354 50.5668 98.8392 78.9204 49.0412 58.6941 54.626 81.2219 35.8469 94.3716 43.4197 73.0285 43.9318 33.1361 32.6497 92.1954 69.527 32.5576 69.857 56.356 58.3095 45.3542 61.9112 59.0339 63.6003 47.2652 30.0167 33.8378 54.1202 35.5625 81.0658 40.3609 46.5188 17.0 47.0425 37.5899 43.0465 50.1597 71.521 85.6194 24.1661 30.0 
41.9762 84.119 43.4166 81.0987 0.0 55.2268 44.1814 41.2491 19.7231 66.4816 58.7993 79.8231 41.7852 57.3459 13.0 27.2947 60.6622 84.3844 56.391 18.0278 47.4131 40.7185 63.7887 80.0 74.0027 60.4401 78.9551 94.2319 52.3546 8.24621 27.313 70.5198 42.6995 51.6236 64.195 7.07107 31.4006 81.5414 23.4094 43.0116 41.5933 16.2788 65.2993 78.9551 78.0815 10.0 51.3869 37.2156 61.8547 18.3576 54.2769 83.2166 55.5081 42.107 60.9629 84.3203 36.2353 74.4503 37.4833 37.6563 70.7475 75.8483 29.7321 35.171 58.4083 57.7778 42.2491 63.4487 17.0294 59.9557 45.793 73.8241 93.5553 73.1121 38.0526 32.0156 48.3011 25.0799 60.6383 58.6941 
14.5602 39.8246 30.7338 26.0192 55.2268 0.0 11.0454 29.3225 54.2642 37.1214 55.7136 53.2353 61.4759 53.8516 50.4876 61.6506 34.0588 36.6197 42.72 62.1691 49.7875 22.9283 9.43398 25.4951 33.9317 39.8565 55.0818 57.7062 50.8641 63.3877 69.0239 52.2398 19.2426 48.0623 13.4536 48.3735 71.4969 42.3278 33.1361 28.6778 77.9733 53.1507 44.8147 55.0818 51.1566 55.2268 14.7648 73.3123 39.9577 47.2969 30.8058 41.0488 14.3178 69.836 57.2451 36.8917 47.5084 51.0 35.8471 22.9283 54.3323 54.0 40.6353 21.3776 14.0 18.1108 34.2348 30.4757 55.3173 31.0161 25.0328 24.0832 55.5698 33.9733 17.2627 24.1868 50.5122 60.6422 9.84886 19.105 
5.83095 46.8615 33.3017 37.0 44.1814 11.0454 0.0 30.4798 42.4674 40.0254 56.9794 56.0917 62.6332 55.0998 39.8121 53.2314 36.2935 44.5533 44.0046 51.6624 49.2021 29.9686 19.9249 36.2215 41.0 42.4244 57.7273 63.0433 53.432 52.345 58.8727 54.2307 21.8105 50.6301 21.9317 37.3363 61.4917 49.3961 22.3607 31.2457 70.76 42.72 47.3826 57.7273 53.9409 44.4072 17.3383 65.7852 42.5256 37.0 32.4144 47.4033 17.7012 61.2147 58.5551 44.5533 41.149 53.401 32.7883 24.0856 56.2621 56.3895 30.9948 11.1803 18.6924 21.8105 35.392 37.544 44.9222 33.4063 27.6007 32.6497 61.2292 41.0416 6.32456 13.6015 50.1889 50.5668 18.0278 22.636 
36.1264 43.7379 49.4209 49.1935 41.2491 29.3225 30.4798 0.0 27.0185 25.2389 31.4288 37.8021 32.8727 29.5651 43.8634 34.2053 19.4165 65.9145 18.4604 55.4437 63.2818 44.0483 38.2099 46.6154 63.2269 67.0545 38.2753 53.0 66.9267 48.0116 64.4438 31.7959 46.4406 64.868 29.9666 34.5296 43.9659 71.623 30.0167 48.1323 49.6488 48.0833 72.0128 38.2753 35.609 46.4004 41.9685 45.1885 67.1557 44.0454 13.0384 42.45 42.3314 72.111 33.0207 66.2047 54.3081 33.2866 46.868 11.0 33.3163 35.8469 43.868 31.9064 42.6378 46.4406 5.0 59.7709 50.2096 18.7883 49.8385 36.6742 52.3546 63.2685 30.5727 29.6383 64.2686 58.0517 39.1488 20.3961 
42.2442 70.5762 51.1135 76.7008 19.7231 54.2642 42.4674 27.0185 0.0 50.2892 39.0966 60.1203 22.561 37.6431 29.4279 11.6619 44.643 86.1951 36.6883 37.5766 60.6997 45.8664 63.1725 74.8033 79.9036 67.4885 59.2523 77.7013 65.2995 23.4307 46.9574 50.8171 47.839 63.9208 58.1378 16.2788 20.5183 87.4801 28.6558 49.9504 29.4109 33.7343 72.4881 59.2523 58.3787 28.7924 58.9328 24.4131 67.9369 33.0151 38.833 69.0507 59.2956 60.4152 41.2311 86.1657 49.9121 54.7476 47.0133 31.3565 51.0448 56.1456 40.8366 36.8915 60.2868 63.4049 23.3452 79.1533 35.171 44.911 51.6566 63.2863 77.4956 79.013 36.1444 34.0637 61.6751 43.6807 60.2168 47.0956 
45.6719 22.8035 67.2249 42.72 66.4816 37.1214 40.0254 25.2389 50.2892 0.0 27.4591 16.1245 43.566 26.4197 68.884 54.231 5.83095 69.3758 18.2483 80.604 87.5531 68.3196 42.2966 38.833 69.3149 76.3475 18.0 27.7849 91.1981 73.2661 89.4986 17.0 55.7337 84.5533 27.6586 59.7621 63.0079 77.6466 54.3196 65.1689 65.6201 73.0 81.3058 18.0 14.0357 71.6101 51.2615 62.2013 76.4488 68.593 12.2066 20.2237 51.3517 96.3934 27.8029 70.0928 79.5 14.3178 71.1393 32.6497 19.2354 17.2627 68.1393 51.0543 51.0882 55.2268 27.313 65.8589 75.1665 7.2111 61.5239 25.807 27.313 69.3565 44.4073 53.9096 88.5399 82.7587 46.0109 18.0278 
62.6259 49.6588 80.9306 68.6804 58.7993 55.7136 56.9794 31.4288 39.0966 27.4591 0.0 25.02 21.5407 2.0 68.6012 36.8917 25.4558 91.6788 13.0 76.6477 94.6608 75.558 63.5059 65.0692 89.6209 93.554 23.1948 47.0106 98.4364 62.2415 86.0278 15.0 72.9402 96.3777 51.0392 55.4486 43.0813 98.017 61.5549 79.642 42.4264 72.8818 98.5123 23.1948 24.0208 67.8771 68.468 40.2616 93.6553 72.3065 25.5539 46.6154 68.7836 99.5559 2.23607 92.1358 85.7086 20.025 78.3777 41.8355 14.1421 20.0998 75.2772 63.4161 69.1374 72.8397 31.6502 86.1649 74.2913 28.3196 81.3482 52.345 48.1664 89.6625 62.0824 61.148 95.6546 82.7914 65.5515 39.6611 
61.7382 29.7321 87.1657 56.0803 79.8231 53.2353 56.0917 37.8021 60.1203 16.1245 25.02 0.0 45.8912 25.1794 81.5353 59.808 20.2485 84.5281 23.8537 93.086 101.027 81.7931 58.0775 52.0 85.0941 92.4655 2.82843 22.0907 104.671 83.7311 102.102 10.0499 71.8516 102.613 43.1856 72.1677 67.1863 93.3435 67.7931 85.8771 67.3647 85.7773 97.4237 2.82843 2.23607 84.0385 67.3794 64.9384 92.5667 81.8352 25.9422 26.1725 67.4759 109.859 24.0208 85.3288 92.0528 5.38516 84.6127 47.0106 11.0454 5.09902 81.6127 69.6511 67.1863 71.3442 38.309 81.6535 87.8928 22.8035 77.6418 39.2173 23.5372 85.1511 68.3174 67.383 102.013 95.7887 62.0081 34.1321 
63.3735 66.2873 73.7415 79.6028 41.7852 61.4759 62.6332 32.8727 22.561 43.566 21.5407 45.8912 0.0 20.8806 52.0333 16.2788 39.2938 98.0679 25.318 59.808 83.2023 68.3689 70.3 76.3565 95.3803 90.3382 44.3847 67.3647 87.8021 43.566 69.0797 35.9026 78.594 86.4233 60.9824 38.833 21.5407 103.776 51.1583 72.4529 22.0907 56.2939 95.2965 44.3847 44.5533 51.2445 74.1219 19.105 90.4394 55.7386 35.863 63.7887 74.4847 82.9759 23.2594 98.3581 72.4146 40.6079 69.5159 40.1955 35.4401 41.2311 63.3392 58.6074 74.7912 78.594 27.9547 91.9243 57.7235 41.1096 74.1592 64.5101 68.1175 95.4219 57.2737 56.3393 84.1777 66.2193 71.3022 49.673 
60.7463 48.8467 79.0669 67.2086 57.3459 53.8516 55.0998 29.5651 37.6431 26.4197 2.0 25.1794 20.8806 0.0 67.1477 35.8469 24.0832 89.8944 11.1803 75.1942 92.7972 73.6943 61.7171 63.6396 87.7694 91.6745 23.5372 47.0106 96.5728 60.8112 84.5744 15.1327 71.0606 94.514 49.4065 53.9952 42.3792 96.1655 59.6913 77.7783 42.19 71.4283 96.6327 23.5372 24.0208 66.4237 66.5885 39.8121 91.7757 73.4008 23.8537 45.8803 66.9041 98.1025 4.12311 90.3383 83.8449 20.025 76.514 39.9718 14.5602 20.3961 73.4135 61.5524 67.2578 70.9602 29.7865 84.3134 72.8379 26.8701 79.4845 50.9902 48.0416 87.811 60.2187 59.2843 93.7909 81.338 63.6946 38.0132 
36.1248 84.2576 32.6497 76.4199 13.0 50.4876 39.8121 43.8634 29.4279 68.884 68.6012 81.5353 52.0333 67.1477 0.0 39.0128 63.1269 74.6994 61.9888 12.083 34.4819 32.3883 58.0345 75.9539 64.0781 49.3964 81.9089 96.4002 39.4462 19.105 20.6155 75.3242 35.0571 38.833 61.4003 13.1529 44.1475 71.1196 17.4642 32.6956 54.3415 4.47214 54.0833 81.9089 79.3572 5.38516 43.4166 49.8197 51.4296 5.65685 56.7274 83.783 47.5184 31.0483 70.7647 74.0242 23.3238 76.9105 26.0768 37.2571 76.8446 79.4069 18.0278 29.1548 50.4876 49.2443 44.8973 53.6151 6.40312 62.0081 36.0555 71.853 95.4411 63.1585 34.4819 26.3059 35.3553 14.7648 54.037 58.3878 
53.0081 76.0066 61.8774 83.006 27.2947 61.6506 53.2314 34.2053 11.6619 54.231 36.8917 59.808 16.2788 35.8469 39.0128 0.0 49.05 96.9591 36.8782 45.1221 71.3092 56.6303 70.5589 80.6536 93.3733 78.2524 58.6941 80.2808 75.9605 27.7308 54.1202 50.1597 58.6029 74.6324 63.9062 26.1725 9.84886 98.244 39.4197 60.7143 17.8045 43.0116 83.2521 58.6941 58.1893 37.2156 69.6967 12.8062 78.7008 43.2897 44.0454 74.027 70.0596 69.3542 38.833 96.9296 60.4152 54.4243 57.7772 40.329 50.0899 55.5428 51.5461 47.6554 71.0507 74.1688 29.6142 89.9173 44.1022 50.01 62.4205 70.8308 80.604 89.777 46.9083 44.8277 72.2772 52.345 70.9807 54.5711 
41.94 27.1662 68.0363 43.2782 60.6622 34.0588 36.2935 19.4165 44.643 5.83095 25.4558 20.2485 39.2938 24.0832 63.1269 49.05 0.0 68.0074 14.3178 74.8131 81.8971 62.6637 40.2616 39.6232 67.109 72.843 21.587 33.6155 85.5421 67.5745 83.7377 18.2483 52.2291 83.4833 26.4008 53.9428 58.0345 75.505 48.6637 66.7477 61.1882 67.2681 77.8012 21.587 18.0278 65.8027 47.757 57.5587 72.9442 62.9365 6.40312 25.0 48.0104 90.7374 26.2488 68.6222 73.844 17.1172 65.4833 27.2029 20.3961 20.0998 62.4833 50.5217 48.0416 52.0 21.5407 63.653 69.4262 3.16228 58.0193 26.9072 33.1059 67.1506 49.188 48.2537 82.884 77.0779 43.4166 15.5242 
44.4456 61.131 42.7551 31.4006 84.3844 36.6197 44.5533 65.9145 86.1951 69.3758 91.6788 84.5281 98.0679 89.8944 74.6994 96.9591 68.0074 0.0 78.7147 83.9524 54.4518 43.7808 28.178 35.2278 12.1655 29.1548 86.885 81.2219 52.1728 92.534 87.5728 86.0233 42.0213 49.8197 41.7612 78.6916 105.219 12.8062 61.241 42.2019 114.133 75.4321 26.9258 86.885 82.7647 80.0831 33.0847 109.158 25.0 69.6431 66.2118 64.0312 29.0369 79.3095 93.0376 1.41421 59.0762 83.678 49.8197 59.5203 88.2326 86.5852 57.4891 51.268 26.4372 26.8008 70.8267 21.1896 77.1298 64.846 38.7773 46.0977 78.3135 13.1529 50.3718 60.4947 54.5894 78.6384 27.0185 52.5547 
49.6511 41.0 67.9623 56.5862 56.391 42.72 44.0046 18.4604 36.6883 18.2483 13.0 23.8537 25.318 11.1803 61.9888 36.8782 14.3178 78.7147 0.0 73.5395 81.8231 62.5897 50.5371 53.1507 76.622 80.5793 23.4307 43.4166 85.4681 60.2991 82.5558 15.6205 59.9654 83.4093 38.4187 53.0403 45.1774 85.0181 48.5866 66.6737 47.3814 66.2308 85.5375 23.4307 21.9545 64.492 55.4933 44.0454 80.6805 62.2961 12.8062 38.4708 55.8089 90.5081 14.5602 79.1581 72.8494 18.6011 65.4093 28.8671 16.6433 20.5183 62.4093 50.4477 56.1626 59.8649 18.6819 73.166 68.3463 16.6433 68.3799 40.8044 43.7379 76.6636 49.114 48.1796 82.81 76.2422 52.5547 27.0185 
47.676 96.2596 41.2311 87.9659 18.0278 62.1691 51.6624 55.4437 37.5766 80.604 76.6477 93.086 59.808 75.1942 12.083 45.1221 74.8131 83.9524 73.5395 0.0 37.5366 43.0 69.3844 87.6641 72.8011 57.0088 93.4596 108.227 42.45 19.105 9.43398 86.8749 46.0977 42.638 73.3757 22.2036 48.0104 79.1202 29.4109 41.7732 58.0086 9.05539 61.327 93.4596 90.9078 9.21954 54.0093 54.037 59.7746 15.0333 68.4105 95.785 58.0345 25.1794 78.8112 83.1986 27.4591 88.4611 34.2053 49.2592 88.5959 90.9576 26.4764 40.7922 61.0328 59.3043 56.448 62.9682 7.0 73.8173 45.5412 83.853 107.336 71.8401 46.4866 38.0789 38.2099 8.94427 65.0692 70.3899 
44.7316 89.527 19.2094 70.824 47.4131 49.7875 49.2021 63.2818 60.6997 87.5531 94.6608 101.027 83.2023 92.7972 34.4819 71.3092 81.8971 54.4518 81.8231 37.5366 0.0 29.1548 52.2179 71.9287 42.2966 25.318 101.554 107.49 5.0 53.2541 37.1214 95.046 33.2866 5.38516 63.1262 45.5412 77.8332 46.0977 34.0 21.4009 87.9204 32.2025 28.0 101.554 98.8197 38.833 35.3836 83.1685 29.8329 29.0689 75.5586 90.817 38.1752 25.0 96.2527 53.3385 11.1803 96.5674 16.7631 55.5942 96.5664 99.1221 20.0998 38.0296 40.9143 37.9118 64.601 36.7696 32.6497 80.5386 24.7588 73.553 105.357 41.3038 45.2799 36.0707 1.0 29.4109 46.7133 68.4086 
25.4982 62.6677 10.4403 45.8803 40.7185 22.9283 29.9686 44.0483 45.8664 68.3196 75.558 81.7931 68.3689 73.6943 32.3883 56.6303 62.6637 43.7808 62.5897 43.0 29.1548 0.0 26.9258 46.2508 35.3768 23.3088 82.3205 80.6308 31.3847 48.8467 48.6621 75.8125 4.24264 28.7924 36.267 35.0341 64.7807 42.9533 17.5835 8.24621 74.159 34.0147 28.2671 82.3205 79.5862 37.6563 11.0454 69.1842 23.4101 28.0179 56.3252 63.9578 15.1327 47.1699 77.1499 43.7166 25.0 77.334 13.4536 36.3607 77.3329 79.8887 17.72 18.7961 18.1108 17.088 45.4982 24.8228 36.0 61.3051 7.28011 46.6937 78.4978 34.4862 26.0464 16.8372 30.0167 39.8121 22.2036 41.5494 
22.0227 39.8121 33.6155 18.9737 63.7887 9.43398 19.9249 38.2099 63.1725 42.2966 63.5059 58.0775 70.3 61.7171 58.0345 70.5589 40.2616 28.178 50.5371 69.3844 52.2179 26.9258 0.0 19.7231 27.0185 36.4342 60.208 59.1354 53.266 72.0069 75.505 58.4637 23.3452 50.4808 15.0333 57.0701 80.4052 35.3553 41.0488 31.7648 86.8816 60.3319 37.056 60.208 56.1427 63.0 17.0 82.2207 31.4345 54.3556 38.0789 41.7852 14.2127 73.3485 64.8845 28.6356 50.9902 56.5685 39.3954 31.8366 60.6383 59.5399 44.643 29.0172 12.0416 16.4012 43.1393 23.5773 62.4149 37.108 27.7849 23.2594 56.648 27.0749 26.2488 32.0624 52.9149 66.7083 5.65685 24.7386 
40.025 26.0 53.3385 4.12311 80.0 25.4951 36.2215 46.6154 74.8033 38.833 65.0692 52.0 76.3565 63.6396 75.9539 80.6536 39.6232 35.2278 53.1507 87.6641 71.9287 46.2508 19.7231 0.0 40.3113 51.0826 54.626 46.0435 72.9769 88.0227 94.5037 55.7584 42.565 70.1916 16.7631 73.0068 90.4765 46.5725 58.5491 51.4782 96.2074 78.6448 51.7044 54.626 50.5668 80.6226 36.7151 91.7878 46.0829 72.7805 40.6079 29.0689 33.8378 93.0215 65.8559 36.3456 70.6612 52.3546 59.0339 43.566 57.9828 55.0091 63.9577 46.8722 31.4006 35.4683 51.4782 38.2256 80.8084 36.7696 47.5079 13.0384 43.1045 40.7185 42.0476 49.6488 72.6257 85.9558 25.2389 26.9258 
40.8251 65.0 31.6228 37.1214 74.0027 33.9317 41.0 63.2269 79.9036 69.3149 89.6209 85.0941 95.3803 87.7694 64.0781 93.3733 67.109 12.1655 76.622 72.8011 42.2966 35.3768 27.0185 40.3113 0.0 17.0294 87.2067 84.9294 40.025 81.9055 75.9539 85.3485 37.8328 37.6563 42.0 68.8447 98.818 8.94427 51.5917 31.3847 110.536 64.5136 14.8661 87.2067 83.1505 69.4622 29.4642 105.927 13.1529 58.8727 64.4976 67.4685 25.4164 67.1863 91.1202 11.0454 47.2652 83.5681 38.6005 56.8327 87.505 86.5453 46.4866 52.8334 22.8167 23.1803 68.1392 12.0416 66.0984 63.9711 28.247 48.8365 82.2253 1.0 46.786 50.8744 42.4264 67.082 24.083 51.6232 
42.2345 74.8518 17.0294 48.4194 60.4401 39.8565 42.4244 67.0545 67.4885 76.3475 93.554 92.4655 90.3382 91.6745 49.3964 78.2524 72.843 29.1548 80.5793 57.0088 25.318 23.3088 36.4342 51.0826 17.0294 0.0 94.1881 97.5589 23.4094 68.0074 59.439 90.8027 25.7648 20.8806 53.1951 55.8659 86.4028 22.1359 39.0512 17.6918 95.7811 49.1935 5.0 94.1881 90.3433 54.7083 25.395 90.8063 5.0 43.909 68.989 77.1862 28.1812 50.1597 95.1298 28.0713 30.5941 89.932 23.3238 58.3299 92.827 92.9252 31.3847 40.7654 30.9203 27.9178 67.4674 13.4536 50.5668 69.9124 16.1245 58.5089 95.426 16.0312 48.0157 38.8065 25.4951 50.6952 33.484 58.4775 
63.3738 32.5576 87.6931 58.6941 78.9551 55.0818 57.7273 38.2753 59.2523 18.0 23.1948 2.82843 44.3847 23.5372 81.9089 58.6941 21.587 86.885 23.4307 93.4596 101.554 82.3205 60.208 54.626 87.2067 94.1881 0.0 24.3311 105.199 82.4204 102.476 8.544 73.5742 103.14 45.3982 75.6044 65.8027 95.5249 68.3205 86.4045 65.6201 86.1509 99.1464 0.0 4.12311 84.4121 69.1021 63.3482 94.2894 82.2162 26.9258 29.0 69.2604 110.386 22.0227 87.6641 92.5803 5.0 85.1402 47.8539 9.05539 3.16228 82.1402 70.1786 69.0652 73.171 38.6047 83.7836 88.2665 24.3311 79.3645 41.7852 25.9615 87.2812 68.8449 67.9105 102.541 96.1624 64.0078 36.0139 
68.6899 20.0998 88.4363 50.01 94.2319 57.7062 63.0433 53.0 77.7013 27.7849 47.0106 22.0907 67.3647 47.0106 96.4002 80.2808 33.6155 81.2219 43.4166 108.227 107.49 80.6308 59.1354 46.0435 84.9294 97.5589 24.3311 0.0 108.567 100.733 117.004 32.0156 76.9451 105.765 44.7772 87.5124 88.2836 92.0706 81.6147 86.3803 89.1403 100.424 95.2689 24.3311 23.0 99.2975 72.4707 86.4696 89.6474 95.8902 39.9625 17.4642 71.5891 123.688 46.0977 82.2982 103.969 27.0 95.6087 59.5483 33.1361 27.1662 93.8152 74.0722 70.3847 74.8465 55.0091 81.7902 102.616 34.4093 82.7353 36.1386 3.16228 85.1469 67.4253 76.1845 108.215 110.058 64.2573 40.6079 
48.3766 90.638 21.0238 71.313 52.3546 50.8641 53.432 66.9267 65.2995 91.1981 98.4364 104.671 87.8021 96.5728 39.4462 75.9605 85.5421 52.1728 85.4681 42.45 5.0 31.3847 53.266 72.9769 40.025 23.4094 105.199 108.567 0.0 58.2495 41.6773 98.691 35.3412 2.82843 64.2373 50.3289 82.6378 43.0116 38.1182 23.2594 92.6984 37.2022 25.318 105.199 102.465 43.8292 36.4371 87.9204 28.2312 34.0 79.2036 91.8936 39.2234 28.2843 100.028 50.9902 16.1245 100.212 20.0998 59.2391 100.211 102.767 24.5153 41.6745 41.9625 38.9599 68.3766 35.8469 37.6431 84.1836 26.0768 74.6434 106.434 39.0512 48.9248 39.7156 4.24264 34.2053 47.7615 69.4852 
50.2195 91.214 51.0392 89.202 8.24621 63.3877 52.345 48.0116 23.4307 73.2661 62.2415 83.7311 43.566 60.8112 19.105 27.7308 67.5745 92.534 60.2991 19.105 53.2541 48.8467 72.0069 88.0227 81.9055 68.0074 82.4204 100.733 58.2495 0.0 27.1662 73.9851 50.8491 57.8014 72.0625 15.0333 29.1548 89.3588 31.6228 50.774 39.0128 21.095 72.8011 82.4204 81.9895 14.4222 59.5365 35.2278 69.6419 24.7588 61.0394 90.1388 63.6577 44.2832 64.3817 91.7606 42.2019 78.3584 44.8219 45.2769 74.2128 79.3136 36.8782 43.4166 66.5579 65.9242 46.1396 71.3515 21.0238 66.7182 53.7122 81.4985 100.521 81.0149 46.1736 40.2616 54.0833 27.6586 68.884 66.0984 
54.48 104.796 45.0444 94.3966 27.313 69.0239 58.8727 64.4438 46.9574 89.4986 86.0278 102.102 69.0797 84.5744 20.6155 54.1202 83.7377 87.5728 82.5558 9.43398 37.1214 48.6621 75.505 94.5037 75.9539 59.439 102.476 117.004 41.6773 27.1662 0.0 95.8912 52.1728 42.4853 80.7775 31.6228 56.3205 81.4923 37.1214 46.0 66.1211 16.6433 63.3246 102.476 99.9241 18.6011 59.4138 62.3939 62.8013 21.9317 77.3369 104.322 63.2851 18.7883 88.1914 86.7006 28.8617 97.4774 38.0132 57.7958 97.976 99.9738 31.1448 47.7598 66.2722 64.0312 65.4643 67.0671 14.4222 82.6196 50.01 91.3893 116.017 74.9667 54.1295 45.31 37.5899 9.0 70.859 78.9264 
59.8772 36.6197 81.1851 59.6825 70.5198 52.2398 54.2307 31.7959 50.8171 17.0 15.0 10.0499 35.9026 15.1327 75.3242 50.1597 18.2483 86.0233 15.6205 86.8749 95.046 75.8125 58.4637 55.7584 85.3485 90.8027 8.544 32.0156 98.691 73.9851 95.8912 0.0 70.1888 96.6322 44.2719 67.1691 57.28 93.7443 61.798 79.8965 57.3149 79.5662 95.7609 8.544 9.05539 79.5976 65.7167 54.9181 90.9039 75.6315 22.0907 33.2866 66.0303 103.844 14.1421 86.6833 86.0723 5.09902 78.6322 42.0595 2.23607 5.38516 75.6322 63.6706 66.1891 70.0643 32.0173 81.8925 81.6818 21.3776 75.979 42.72 33.2415 85.3901 62.3369 61.4025 96.0328 89.5776 61.6604 33.7343 
21.6206 58.982 14.3178 42.2287 42.6995 19.2426 21.8105 46.4406 47.839 55.7337 72.9402 71.8516 78.594 71.0606 35.0571 58.6029 52.2291 42.0213 59.9654 46.0977 33.2866 4.24264 23.3452 42.565 37.8328 25.7648 73.5742 76.9451 35.3412 50.8491 52.1728 70.1888 0.0 32.6956 32.5813 37.0067 66.7533 45.4093 19.5561 12.083 76.1316 37.054 30.7231 73.5742 69.7295 40.1995 8.94427 71.1568 25.8661 31.0644 48.3752 60.2721 13.0 51.3128 74.5159 41.9571 29.2062 69.3181 17.6918 40.0464 72.2131 72.3113 21.5407 20.7687 15.8114 15.8114 51.3528 34.9448 39.1152 49.2986 10.0499 43.008 74.8121 36.9422 27.5816 18.8098 34.1321 43.4166 19.0 37.8637 
46.3178 87.8528 18.3848 69.0869 51.6236 48.0623 50.6301 64.868 63.9208 84.5533 96.3777 102.613 86.4233 94.514 38.833 74.6324 83.4833 49.8197 83.4093 42.638 5.38516 28.7924 50.4808 70.1916 37.6563 20.8806 103.14 105.765 2.82843 57.8014 42.4853 96.6322 32.6956 0.0 61.452 49.2443 81.5414 41.0122 36.3456 20.6155 91.5478 36.8782 23.0868 103.14 100.406 43.4166 33.6519 86.7295 25.632 33.2866 77.1448 89.0918 36.4381 30.0666 97.9695 48.6621 15.6205 98.1536 18.0 57.1803 98.1526 100.708 23.0868 39.6158 39.1772 36.1747 66.3178 33.121 37.4833 82.1248 23.3238 71.8582 103.632 36.6742 46.8661 37.6569 5.09902 34.6699 44.9762 66.6833 
26.9258 26.4008 44.0725 19.2354 64.195 13.4536 21.9317 29.9666 58.1378 27.6586 51.0392 43.1856 60.9824 49.4065 61.4003 63.9062 26.4008 41.7612 38.4187 73.3757 63.1262 36.267 15.0333 16.7631 42.0 53.1951 45.3982 44.7772 64.2373 72.0625 80.7775 44.2719 32.5813 61.452 0.0 57.1402 73.736 50.1597 43.9659 42.0165 79.6076 64.5136 52.0227 45.3982 41.3038 65.7343 28.0179 75.1532 46.4012 58.8727 25.6125 27.7849 26.8328 83.145 52.1536 42.45 60.8471 41.9762 49.1858 27.074 46.4866 44.911 52.9251 33.1059 25.632 30.0832 34.8855 38.544 66.7308 23.2594 38.3715 10.8167 42.4853 42.0416 26.9258 35.4683 63.8509 72.4983 19.6469 11.4018 
35.4401 77.1622 38.8973 74.1687 7.07107 48.3735 37.3363 34.5296 16.2788 59.7621 55.4486 72.1677 38.833 53.9952 13.1529 26.1725 53.9428 78.6916 53.0403 22.2036 45.5412 35.0341 57.0701 73.0068 68.8447 55.8659 75.6044 87.5124 50.3289 15.0333 31.6228 67.1691 37.0067 49.2443 57.1402 0.0 32.311 76.4212 17.4929 38.2099 42.3792 17.4642 60.8112 75.6044 69.9895 13.0384 45.6941 37.6431 56.8507 17.1172 47.5574 76.3217 49.8152 44.1475 57.6122 78.6274 34.4819 71.0996 33.6006 30.5941 67.3968 72.4976 26.4197 28.7924 52.7155 52.0849 35.5296 58.2907 18.9737 53.2353 40.6079 66.7533 86.8358 67.9541 31.1448 25.632 46.4866 27.5136 54.1202 51.6624 
61.2684 85.1469 69.8928 92.8493 31.4006 71.4969 61.4917 43.9659 20.5183 63.0079 43.0813 67.1863 21.5407 42.3792 44.1475 9.84886 58.0345 105.219 45.1774 48.0104 77.8332 64.7807 80.4052 90.4765 98.818 86.4028 65.8027 88.2836 82.6378 29.1548 56.3205 57.28 66.7533 81.5414 73.736 32.311 0.0 106.394 47.4342 68.8186 10.198 47.676 91.4025 65.8027 65.7343 41.3038 77.957 6.08276 86.8512 49.0408 53.3445 83.0241 78.3199 73.0274 44.7772 105.19 66.7308 61.8466 65.3682 50.1753 56.921 62.6418 58.6003 55.9157 79.311 82.4291 39.2938 98.1776 48.3735 59.2612 70.5709 80.5233 88.8144 97.9274 55.1686 53.088 78.7718 56.0803 79.241 64.2884 
49.2212 72.0069 38.4708 43.0116 81.5414 42.3278 49.3961 71.623 87.4801 77.6466 98.017 93.3435 103.776 96.1655 71.1196 98.244 75.505 12.8062 85.0181 79.1202 46.0977 42.9533 35.3553 46.5725 8.94427 22.1359 95.5249 92.0706 43.0116 89.3588 81.4923 93.7443 45.4093 41.0122 50.1597 76.4212 106.394 0.0 59.1681 38.5876 115.773 71.1758 18.2483 95.5249 91.444 76.4788 37.8603 110.798 19.7231 65.7419 72.8937 74.6726 33.8125 71.0634 99.5162 11.4018 52.6308 91.9239 45.1885 65.2288 95.901 94.8947 53.2259 60.4099 31.2127 31.5764 76.5352 20.8087 72.6154 72.3671 35.8235 56.2228 89.2693 9.43398 55.1821 58.4509 46.0435 72.8011 32.4791 60.0167 
19.0263 69.3611 22.4722 59.1354 23.4094 33.1361 22.3607 30.0167 28.6558 54.3196 61.5549 67.7931 51.1583 59.6913 17.4642 39.4197 48.6637 61.241 48.5866 29.4109 34.0 17.5835 41.0488 58.5491 51.5917 39.0512 68.3205 81.6147 38.1182 31.6228 37.1214 61.798 19.5561 36.3456 43.9659 17.4929 47.4342 59.1681 0.0 21.4009 56.9386 20.6155 44.0454 68.3205 65.5862 22.0907 28.2435 51.9711 39.6249 15.2643 42.3252 68.8865 32.3646 42.2019 63.1468 61.1768 24.5153 63.334 18.6815 22.3607 63.4424 65.8635 14.1421 12.0416 35.2649 34.6343 31.4951 41.0377 22.8473 47.3051 23.3452 54.4455 80.585 50.7011 17.088 9.0 35.0 29.4109 37.5208 43.4913 
29.5822 68.4172 2.23607 50.5668 43.0116 28.6778 31.2457 48.1323 49.9504 65.1689 79.642 85.8771 72.4529 77.7783 32.6956 60.7143 66.7477 42.2019 66.6737 41.7732 21.4009 8.24621 31.7648 51.4782 31.3847 17.6918 86.4045 86.3803 23.2594 50.774 46.0 79.8965 12.083 20.6155 42.0165 38.2099 68.8186 38.5876 21.4009 0.0 78.2361 33.2415 22.6716 86.4045 83.6702 38.0789 14.7648 73.2613 18.868 27.5136 60.4092 69.7073 18.0278 41.6293 81.2339 41.4849 19.3132 81.418 8.06226 40.4447 81.4169 83.9727 15.2971 22.8801 20.8806 18.1108 49.5822 21.2132 34.9285 65.3891 4.12311 52.4432 84.2473 30.4631 30.1304 20.9212 22.2036 37.0 26.4008 47.2989 
70.5368 88.2836 79.404 98.8392 41.5933 77.9733 70.76 49.6488 29.4109 65.6201 42.4264 67.3647 22.0907 42.19 54.3415 17.8045 61.1882 114.133 47.3814 58.0086 87.9204 74.159 86.8816 96.2074 110.536 95.7811 65.6201 89.1403 92.6984 39.0128 66.1211 57.3149 76.1316 91.5478 79.6076 42.3792 10.198 115.773 56.9386 78.2361 0.0 57.8705 100.781 65.6201 66.1891 51.4782 87.2254 5.0 96.2295 59.203 57.4034 85.8429 87.5882 83.0963 43.7379 114.458 76.844 62.2013 75.1332 56.6517 56.5685 62.514 68.542 65.1841 88.5794 91.6975 44.731 107.08 58.5491 62.8172 79.9492 85.7454 90.0222 110.578 64.437 62.3563 88.8651 66.1891 87.7996 69.6147 
38.6394 88.1808 32.8938 78.9204 16.2788 53.1507 42.72 48.0833 33.7343 73.0 72.8818 85.7773 56.2939 71.4283 4.47214 43.0116 67.2681 75.4321 66.2308 9.05539 32.2025 34.0147 60.3319 78.6448 64.5136 49.1935 86.1509 100.424 37.2022 21.095 16.6433 79.5662 37.054 36.8782 64.5136 17.4642 47.676 71.1758 20.6155 33.2415 57.8705 0.0 53.7122 86.1509 83.5992 6.7082 45.0444 53.4603 51.6236 6.0 60.8769 87.7062 49.0918 26.6833 75.0453 74.7262 21.2603 81.1525 26.0 41.1803 81.0866 83.6489 18.0278 31.7805 52.0865 50.4876 49.1393 54.3577 2.23607 66.0681 36.8782 75.0338 99.4032 63.5689 37.6962 29.1204 33.0151 10.2956 56.0357 62.311 
47.1928 75.4736 21.9317 49.0412 65.2993 44.8147 47.3826 72.0128 72.4881 81.3058 98.5123 97.4237 95.2965 96.6327 54.0833 83.2521 77.8012 26.9258 85.5375 61.327 28.0 28.2671 37.056 51.7044 14.8661 5.0 99.1464 95.2689 25.318 72.8011 63.3246 95.7609 30.7231 23.0868 52.0227 60.8112 91.4025 18.2483 44.0454 22.6716 100.781 53.7122 0.0 99.1464 95.3016 59.3633 30.3532 95.8059 7.07107 48.5489 73.9473 77.808 33.1395 53.0 100.088 25.7099 34.4819 94.8902 28.0179 63.2882 97.7852 97.8835 36.0555 45.7236 32.8394 32.876 72.4257 15.2315 55.0091 74.8707 21.095 59.1307 92.6272 13.9284 52.9739 43.7647 28.0179 54.7083 34.1058 63.4358 
63.3738 32.5576 87.6931 58.6941 78.9551 55.0818 57.7273 38.2753 59.2523 18.0 23.1948 2.82843 44.3847 23.5372 81.9089 58.6941 21.587 86.885 23.4307 93.4596 101.554 82.3205 60.208 54.626 87.2067 94.1881 0.0 24.3311 105.199 82.4204 102.476 8.544 73.5742 103.14 45.3982 75.6044 65.8027 95.5249 68.3205 86.4045 65.6201 86.1509 99.1464 0.0 4.12311 84.4121 69.1021 63.3482 94.2894 82.2162 26.9258 29.0 69.2604 110.386 22.0227 87.6641 92.5803 5.0 85.1402 47.8539 9.05539 3.16228 82.1402 70.1786 69.0652 73.171 38.6047 83.7836 88.2665 24.3311 79.3645 41.7852 25.9615 87.2812 68.8449 67.9105 102.541 96.1624 64.0078 36.0139 
59.5874 29.0 84.9588 54.626 78.0815 51.1566 53.9409 35.609 58.3787 14.0357 24.0208 2.23607 44.5533 24.0208 79.3572 58.1893 18.0278 82.7647 21.9545 90.9078 98.8197 79.5862 56.1427 50.5668 83.1505 90.3433 4.12311 23.0 102.465 81.9895 99.9241 9.05539 69.7295 100.406 41.3038 69.9895 65.7343 91.444 65.5862 83.6702 66.1891 83.5992 95.3016 4.12311 0.0 81.8603 65.2573 63.6396 90.4446 79.6492 23.7065 25.4951 65.3758 107.66 23.1948 83.5464 89.846 4.0 82.4059 44.7772 10.4403 5.0 79.4059 67.4443 65.123 69.2604 36.1606 79.7198 85.7147 20.6155 75.5197 37.6962 24.1868 83.2174 66.1106 65.1762 99.8065 93.6106 60.0 32.0624 
41.0122 87.7268 38.0132 81.2219 10.0 55.2268 44.4072 46.4004 28.7924 71.6101 67.8771 84.0385 51.2445 66.4237 5.38516 37.2156 65.8027 80.0831 64.492 9.21954 38.833 37.6563 63.0 80.6226 69.4622 54.7083 84.4121 99.2975 43.8292 14.4222 18.6011 79.5976 40.1995 43.4166 65.7343 13.0384 41.3038 76.4788 22.0907 38.0789 51.4782 6.7082 59.3633 84.4121 81.8603 0.0 48.6621 47.1699 56.7979 10.8167 59.4054 87.2067 52.7731 32.1403 70.0407 79.4079 27.8029 79.4136 31.3847 40.7185 79.8253 81.91 23.3238 34.0147 55.7315 54.5711 47.4005 58.9988 7.07107 64.8999 41.4367 76.1625 98.4784 68.542 38.833 31.0644 39.6611 15.1327 59.1364 61.8576 
17.1485 54.4059 16.6433 35.8469 51.3869 14.7648 17.3383 41.9685 58.9328 51.2615 68.468 67.3794 74.1219 66.5885 43.4166 69.6967 47.757 33.0847 55.4933 54.0093 35.3836 11.0454 17.0 36.7151 29.4642 25.395 69.1021 72.4707 36.4371 59.5365 59.4138 65.7167 8.94427 33.6519 28.0179 45.6941 77.957 37.8603 28.2435 14.7648 87.2254 45.0444 30.3532 69.1021 65.2573 48.6621 0.0 82.2506 25.4962 39.0512 43.903 55.7584 4.12311 56.3649 70.0438 33.0206 34.0147 64.846 22.4722 35.5743 67.741 67.8392 28.2843 29.4561 7.07107 7.07107 46.8807 26.0083 47.0106 44.8264 10.8167 38.2884 70.3278 29.5058 23.1094 27.4972 36.0694 50.4876 11.7047 33.3915 
65.562 84.7172 74.4313 94.3716 37.2156 73.3123 65.7852 45.1885 24.4131 62.2013 40.2616 64.9384 19.105 39.8121 49.8197 12.8062 57.5587 109.158 44.0454 54.037 83.1685 69.1842 82.2207 91.7878 105.927 90.8063 63.3482 86.4696 87.9204 35.2278 62.3939 54.9181 71.1568 86.7295 75.1532 37.6431 6.08276 110.798 51.9711 73.2613 5.0 53.4603 95.8059 63.3482 63.6396 47.1699 82.2506 0.0 91.2547 54.5711 53.5804 82.3893 82.6134 79.0063 41.7612 109.483 72.1249 59.6825 70.214 51.9908 54.3415 60.208 63.6946 60.2093 83.6046 86.7227 40.3113 102.471 54.231 59.0339 74.9744 81.3371 87.2067 105.969 59.4622 57.3815 84.119 62.0322 83.1386 65.2064 
42.3358 69.8521 18.7883 43.4197 61.8547 39.9577 42.5256 67.1557 67.9369 76.4488 93.6553 92.5667 90.4394 91.7757 51.4296 78.7008 72.9442 25.0 80.6805 59.7746 29.8329 23.4101 31.4345 46.0829 13.1529 5.0 94.2894 89.6474 28.2312 69.6419 62.8013 90.9039 25.8661 25.632 46.4012 56.8507 86.8512 19.7231 39.6249 18.868 96.2295 51.6236 7.07107 94.2894 90.4446 56.7979 25.4962 91.2547 0.0 46.0977 69.0903 72.1865 28.2825 54.4518 95.231 24.0208 34.1321 90.0332 25.632 58.4312 92.9282 93.0265 33.6155 40.8666 27.2179 28.019 67.5687 8.60233 53.1413 70.0137 16.2803 53.5092 87.0058 12.1655 48.1169 38.9077 30.0832 53.9351 28.4843 58.5788 
32.7567 83.6366 27.313 73.0285 18.3576 47.2969 37.0 44.0454 33.0151 68.593 72.3065 81.8352 55.7386 73.4008 5.65685 43.2897 62.9365 69.6431 62.2961 15.0333 29.0689 28.0179 54.3556 72.7805 58.8727 43.909 82.2162 95.8902 34.0 24.7588 21.9317 75.6315 31.0644 33.2866 58.8727 17.1172 49.0408 65.7419 15.2643 27.5136 59.203 6.0 48.5489 82.2162 79.6492 10.8167 39.0512 54.5711 46.0977 0.0 56.5862 83.162 43.1045 28.6356 74.47 68.9638 17.8885 77.2177 20.5913 36.6362 77.1519 79.7142 12.53 25.9615 46.0977 44.5533 45.2046 48.5588 8.06226 61.5806 31.0483 69.4622 94.8605 57.9396 32.2025 23.4094 29.9666 14.2127 50.04 57.7668 
38.0609 32.0156 61.6978 43.9318 54.2769 30.8058 32.4144 13.0384 38.833 12.2066 25.5539 25.9422 35.863 23.8537 56.7274 44.0454 6.40312 66.2118 12.8062 68.4105 75.5586 56.3252 38.0789 40.6079 64.4976 68.989 26.9258 39.9625 79.2036 61.0394 77.3369 22.0907 48.3752 77.1448 25.6125 47.5574 53.3445 72.8937 42.3252 60.4092 57.4034 60.8769 73.9473 26.9258 23.7065 59.4054 43.903 53.5804 69.0903 56.5862 0.0 30.2655 44.1814 84.3989 26.8328 66.7083 66.5849 22.1359 59.1448 21.095 24.0208 25.0 56.1448 44.1832 44.5533 48.2597 15.5242 61.0416 63.0317 6.08276 54.1654 28.6531 39.3573 64.5392 42.8495 41.9152 76.5455 70.7107 40.5216 14.2127 
53.0377 3.60555 71.7633 33.1361 83.2166 41.0488 47.4033 42.45 69.0507 20.2237 46.6154 26.1725 63.7887 45.8803 83.783 74.027 25.0 64.0312 38.4708 95.785 90.817 63.9578 41.7852 29.0689 67.4685 77.1862 29.0 17.4642 91.8936 90.1388 104.322 33.2866 60.2721 89.0918 27.7849 76.3217 83.0241 74.6726 68.8865 69.7073 85.8429 87.7062 77.808 29.0 25.4951 87.2067 55.7584 82.3893 72.1865 83.162 30.2655 0.0 54.5894 108.395 46.5188 65.0692 88.3293 28.6007 79.9687 46.5296 35.2278 30.4795 78.1752 58.4322 53.2259 57.6975 45.7056 64.3293 89.9086 24.1868 66.0623 18.6815 14.8661 67.6831 51.7852 60.5444 91.5417 97.3294 47.0106 25.807 
17.5114 53.0 19.6977 32.6497 55.5081 14.3178 17.7012 42.3314 59.2956 51.3517 68.7836 67.4759 74.4847 66.9041 47.5184 70.0596 48.0104 29.0369 55.8089 58.0345 38.1752 15.1327 14.2127 33.8378 25.4164 28.1812 69.2604 71.5891 39.2234 63.6577 63.2851 66.0303 13.0 36.4381 26.8328 49.8152 78.3199 33.8125 32.3646 18.0278 87.5882 49.0918 33.1395 69.2604 65.3758 52.7731 4.12311 82.6134 28.2825 43.1045 44.1814 54.5894 0.0 59.6154 70.3594 28.9728 37.3363 65.0692 25.9615 35.9371 68.0661 68.0661 32.1403 24.3337 3.0 4.12311 47.2436 21.9604 51.0392 45.0444 13.9284 36.6197 69.3181 25.458 23.4723 31.6184 38.8723 54.3323 8.60233 33.3766 
56.7442 107.854 39.9249 92.1954 42.107 69.836 61.2147 72.111 60.4152 96.3934 99.5559 109.859 82.9759 98.1025 31.0483 69.3542 90.7374 79.3095 90.5081 25.1794 25.0 47.1699 73.3485 93.0215 67.1863 50.1597 110.386 123.688 28.2843 44.2832 18.7883 103.844 51.3128 30.0666 83.145 44.1475 73.0274 71.0634 42.2019 41.6293 83.0963 26.6833 53.0 110.386 107.66 32.1403 56.3649 79.0063 54.4518 28.6356 84.3989 108.395 59.6154 0.0 101.719 78.2304 22.3607 105.394 34.0 64.4344 105.364 107.915 30.4795 50.0422 62.3939 59.3915 73.4166 60.6383 25.318 89.3789 45.6946 93.6014 121.666 66.1891 57.28 48.0833 25.02 17.0294 68.0294 83.6277 
64.2017 49.6488 82.5225 69.527 60.9629 57.2451 58.5551 33.0207 41.2311 27.8029 2.23607 24.0208 23.2594 4.12311 70.7647 38.833 26.2488 93.0376 14.5602 78.8112 96.2527 77.1499 64.8845 65.8559 91.1202 95.1298 22.0227 46.0977 100.028 64.3817 88.1914 14.1421 74.5159 97.9695 52.1536 57.6122 44.7772 99.5162 63.1468 81.2339 43.7379 75.0453 100.088 22.0227 23.1948 70.0407 70.0438 41.7612 95.231 74.47 26.8328 46.5188 70.3594 101.719 0.0 93.5201 87.3005 19.2354 79.9695 43.4274 13.0 19.0 76.8691 65.0079 70.7131 74.4155 33.2421 87.6642 76.4549 29.2062 82.9401 53.0377 47.3814 91.1618 63.6742 62.7399 97.2465 84.955 67.0671 40.8167 
44.3814 62.2013 41.9762 32.5576 84.3203 36.8917 44.5533 66.2047 86.1657 70.0928 92.1358 85.3288 98.3581 90.3383 74.0242 96.9296 68.6222 1.41421 79.1581 83.1986 53.3385 43.7166 28.6356 36.3456 11.0454 28.0713 87.6641 82.2982 50.9902 91.7606 86.7006 86.6833 41.9571 48.6621 42.45 78.6274 105.19 11.4018 61.1768 41.4849 114.458 74.7262 25.7099 87.6641 83.5464 79.4079 33.0206 109.483 24.0208 68.9638 66.7083 65.0692 28.9728 78.2304 93.5201 0.0 58.1378 84.4038 49.0306 59.8105 88.8876 87.3212 56.7539 51.2038 26.373 26.7367 71.1169 20.6155 76.4003 65.4599 38.1021 47.0425 79.404 12.0416 50.3423 60.4305 53.4603 77.7817 27.2029 53.1413 
36.6785 87.7886 17.72 69.857 36.2353 47.5084 41.149 54.3081 49.9121 79.5 85.7086 92.0528 72.4146 83.8449 23.3238 60.4152 73.844 59.0762 72.8494 27.4591 11.1803 25.0 50.9902 70.6612 47.2652 30.5941 92.5803 103.969 16.1245 42.2019 28.8617 86.0723 29.2062 15.6205 60.8471 34.4819 66.7308 52.6308 24.5153 19.3132 76.844 21.2603 34.4819 92.5803 89.846 27.8029 34.0147 72.1249 34.1321 17.8885 66.5849 88.3293 37.3363 22.3607 87.3005 58.1378 0.0 87.5937 11.6619 46.6204 87.5927 90.1484 10.4403 29.9765 40.1622 37.1946 55.6488 39.2046 21.9317 72.4855 23.4094 71.2738 102.155 46.2709 37.2267 28.0175 12.083 20.2485 45.6946 63.562 
59.0475 32.0156 82.7066 56.356 74.4503 51.0 53.401 33.2866 54.7476 14.3178 20.025 5.38516 40.6079 20.025 76.9105 54.4243 17.1172 83.678 18.6011 88.4611 96.5674 77.334 56.5685 52.3546 83.5681 89.932 5.0 27.0 100.212 78.3584 97.4774 5.09902 69.3181 98.1536 41.9762 71.0996 61.8466 91.9239 63.334 81.418 62.2013 81.1525 94.8902 5.0 4.0 79.4136 64.846 59.6825 90.0332 77.2177 22.1359 28.6007 65.0692 105.394 19.2354 84.4038 87.5937 0.0 80.1536 42.9535 6.7082 3.0 77.1536 65.192 65.0 69.029 33.6054 80.1122 83.268 20.025 75.1083 39.3573 28.1603 83.6097 63.8583 62.9239 97.5543 91.1639 60.1332 32.0624 
28.3178 75.5866 7.07107 58.3095 37.4833 35.8471 32.7883 46.868 47.0133 71.1393 78.3777 84.6127 69.5159 76.514 26.0768 57.7772 65.4833 49.8197 65.4093 34.2053 16.7631 13.4536 39.3954 59.0339 38.6005 23.3238 85.1402 95.6087 20.0998 44.8219 38.0132 78.6322 17.6918 18.0 49.1858 33.6006 65.3682 45.1885 18.6815 8.06226 75.1332 26.0 28.0179 85.1402 82.4059 31.3847 22.4722 70.214 25.632 20.5913 59.1448 79.9687 25.9615 34.0 79.9695 49.0306 11.6619 80.1536 0.0 39.1803 80.1526 82.7083 8.06226 21.6158 28.8617 26.1725 48.3178 29.0689 27.5136 64.1248 12.1655 59.6125 93.7945 37.6431 28.8661 19.6569 17.72 29.0172 34.176 55.2013 
28.9848 47.0106 41.7333 45.3542 37.6563 22.9283 24.0856 11.0 31.3565 32.6497 41.8355 47.0106 40.1955 39.9718 37.2571 40.329 27.2029 59.5203 28.8671 49.2592 55.5942 36.3607 31.8366 43.566 56.8327 58.3299 47.8539 59.5483 59.2391 45.2769 57.7958 42.0595 40.0464 57.1803 27.074 30.5941 50.1753 65.2288 22.3607 40.4447 56.6517 41.1803 63.2882 47.8539 44.7772 40.7185 35.5743 51.9908 58.4312 36.6362 21.095 46.5296 35.9371 64.4344 43.4274 59.8105 46.6204 42.9535 39.1803 0.0 43.6807 45.6946 36.1803 24.2187 36.2436 40.0464 14.5602 53.3767 43.3828 25.4951 42.1509 36.2215 58.4123 56.8743 22.885 21.9507 56.581 50.8036 32.7546 21.1896 
