NAME  : Jabali_80_2_0.90_1_1
TYPE : SVRP
MODEL : FINITE_SUPPORT
NUMBER_OF_SCENARIOS : 200
DIMENSION : 80
EDGE_WEIGHT_TYPE : MATRIX
CAPACITY : 238
N_VEHICLES : 2
NODE_COORD_SECTION
1 3710 2865
2 6519 3618
3 7131 1979
4 5000 2028
5 6258 4457
6 546 1580
7 7034 6682
8 7447 25
9 1961 3496
10 2896 3604
11 5244 2394
12 352 475
13 3763 7235
14 2656 1922
15 2584 2267
16 5658 2982
17 7103 2248
18 103 1416
19 5130 6893
20 3856 6244
21 5259 6668
22 5738 222
23 7027 446
24 736 4741
25 905 6013
26 4440 7423
27 4970 1000
28 4797 2666
29 6440 5618
30 7125 4220
31 4338 2370
32 1794 321
33 7109 3136
34 4454 3910
35 3011 5151
36 2945 5611
37 1576 2688
38 7008 6206
39 5891 4727
40 888 18
41 4854 6833
42 2863 6187
43 2208 835
44 4641 912
45 6260 5434
46 3705 3186
47 4916 531
48 3271 2876
49 3294 5981
50 3934 6544
51 397 4825
52 6190 3778
53 4572 512
54 4117 5374
55 4259 3864
56 3264 1589
57 4599 2579
58 2966 5999
59 5073 7358
60 1261 4514
61 4392 1145
62 4027 4960
63 2121 4977
64 3904 3379
65 4167 4189
66 4624 4033
67 2542 5453
68 5424 1380
69 5569 2410
70 5086 1521
71 3315 639
72 4736 1731
73 7255 5443
74 6286 6792
75 7298 2555
76 2486 6674
77 27 669
78 3728 1405
79 1311 5854
80 7037 858
DEMAND_SECTION
1 0.0
2 3.0
3 4.0
4 5.0
5 2.0
6 4.0
7 2.0
8 1.0
9 7.0
10 8.0
11 10.0
12 5.0
13 3.0
14 3.0
15 3.0
16 1.0
17 5.0
18 3.0
19 5.0
20 5.0
21 9.0
22 4.0
23 9.0
24 2.0
25 4.0
26 7.0
27 7.0
28 4.0
29 3.0
30 8.0
31 5.0
32 8.0
33 3.0
34 4.0
35 10.0
36 7.0
37 8.0
38 6.0
39 10.0
40 8.0
41 4.0
42 4.0
43 6.0
44 2.0
45 5.0
46 10.0
47 6.0
48 4.0
49 10.0
50 10.0
51 6.0
52 6.0
53 4.0
54 4.0
55 1.0
56 6.0
57 8.0
58 5.0
59 5.0
60 2.0
61 9.0
62 4.0
63 4.0
64 10.0
65 3.0
66 10.0
67 8.0
68 6.0
69 4.0
70 2.0
71 9.0
72 5.0
73 8.0
74 8.0
75 8.0
76 7.0
77 1.0
78 1.0
79 7.0
80 2.0
DEVIATION_SECTION
1 0.0
2 1.0
3 1.33333
4 1.66667
5 0.666667
6 1.33333
7 0.666667
8 0.333333
9 2.33333
10 2.66667
11 3.33333
12 1.66667
13 1.0
14 1.0
15 1.0
16 0.333333
17 1.66667
18 1.0
19 1.66667
20 1.66667
21 3.0
22 1.33333
23 3.0
24 0.666667
25 1.33333
26 2.33333
27 2.33333
28 1.33333
29 1.0
30 2.66667
31 1.66667
32 2.66667
33 1.0
34 1.33333
35 3.33333
36 2.33333
37 2.66667
38 2.0
39 3.33333
40 2.66667
41 1.33333
42 1.33333
43 2.0
44 0.666667
45 1.66667
46 3.33333
47 2.0
48 1.33333
49 3.33333
50 3.33333
51 2.0
52 2.0
53 1.33333
54 1.33333
55 0.333333
56 2.0
57 2.66667
58 1.66667
59 1.66667
60 0.666667
61 3.0
62 1.33333
63 1.33333
64 3.33333
65 1.0
66 3.33333
67 2.66667
68 2.0
69 1.33333
70 0.666667
71 3.0
72 1.66667
73 2.66667
74 2.66667
75 2.66667
76 2.33333
77 0.333333
78 0.333333
79 2.33333
80 0.666667
DISTANCE_MATRIX
0.0 40.5216 48.2701 20.1246 42.9719 47.3793 71.7231 62.9813 25.2982 14.2127 21.3776 57.529 57.2898 24.1082 20.098 27.1662 47.676 53.2075 56.4713 47.1145 55.2687 44.4548 55.3447 48.0208 56.6392 63.8772 29.9681 15.0 56.9103 50.7368 10.7703 46.9348 47.1699 18.1108 31.6228 37.6431 29.1548 68.3399 43.2579 56.8871 55.5728 44.3847 39.3542 29.5598 54.2579 4.0 35.1931 5.38516 40.7973 49.7126 51.9711 37.341 34.2622 34.3657 16.1265 25.3455 13.0384 42.2019 62.4401 40.4969 26.0615 28.4429 35.609 7.28011 18.2749 20.2357 37.5766 29.4626 25.318 25.2231 32.3175 20.346 63.4615 64.958 49.163 52.4976 59.013 22.8367 51.8556 52.5103 
40.5216 0.0 23.4094 29.0 11.7047 87.5985 41.3038 50.2195 63.0714 50.04 23.4307 94.9368 58.1856 56.5743 60.6143 14.4222 20.6155 93.2601 46.0652 47.7026 43.382 46.5725 43.4166 81.2158 83.0411 55.7584 40.4969 26.4008 26.0768 11.3137 32.6497 76.9291 10.6301 29.0172 52.5783 56.515 69.4262 35.3553 16.6433 90.3094 46.6476 62.2796 68.8726 43.6005 24.3311 39.6232 46.1411 45.8803 58.3404 48.1496 85.3288 4.47214 48.2597 42.313 31.0161 50.6063 28.6356 60.0483 51.8941 73.8241 43.1856 40.2131 63.3246 37.2289 31.257 27.0 59.7108 33.121 20.5183 33.6006 55.4558 33.9411 26.5707 42.2966 18.0278 69.2317 97.1506 46.6154 77.6582 38.4708 
48.2701 23.4094 0.0 29.0689 35.1141 90.3554 63.0714 27.1662 73.4983 61.3514 26.9258 93.8616 81.1988 60.0 61.131 24.4131 3.0 95.6476 69.3542 82.0886 66.7083 30.4795 21.095 95.0789 100.852 78.8298 32.311 33.8378 49.0306 30.0 37.6563 74.3303 15.0 59.2151 70.5488 74.7339 76.4199 57.0789 39.8121 87.5957 69.7711 79.7105 67.4685 36.4005 47.5395 49.3356 35.8469 52.7762 75.7714 71.1628 99.1615 26.8328 39.3573 64.3089 57.2308 52.0865 35.4401 77.4792 75.2396 87.4643 38.3275 58.3625 79.9926 48.4665 47.7599 42.8851 77.753 25.0 23.0868 28.4429 54.4536 32.0624 47.0106 65.307 7.28011 88.2916 97.2934 46.2709 95.4969 16.1245 
20.1246 29.0 29.0689 0.0 35.3553 61.8142 66.3099 43.1856 45.3564 34.1321 5.83095 66.9293 81.9144 31.0644 32.0624 15.0 29.0172 67.2681 65.564 63.3594 62.9716 26.5707 35.4683 68.0955 75.743 74.9959 14.0357 9.48683 49.7695 40.3113 9.43398 48.3735 31.7805 33.8142 48.4654 54.3054 47.3814 60.8358 36.1793 61.7738 65.944 60.8143 40.3607 15.8114 47.17 22.2036 20.0998 24.3333 57.0422 74.3372 72.0694 27.8029 20.8806 50.0768 31.8299 23.5372 9.43398 58.5967 71.5156 60.5392 14.4222 44.1753 54.4885 22.6274 33.9784 35.9392 54.9913 10.2956 8.60233 7.07107 26.9439 5.0 54.0833 64.4448 31.4006 69.1435 70.0901 18.3848 70.7248 32.45 
42.9719 11.7047 35.1141 35.3553 0.0 88.6884 31.3209 61.8466 60.6383 47.8017 29.5296 98.3006 47.3814 59.9381 61.407 20.6155 32.311 94.5166 34.4819 37.1213 31.7648 56.5685 54.9181 76.0598 75.6902 44.4072 48.4665 29.8548 15.1327 12.3693 36.2507 81.643 21.6333 27.7308 45.7056 48.0833 68.7095 25.632 5.83095 96.5745 35.2278 52.3341 79.0417 50.9902 13.0 41.4996 54.4243 48.9305 48.395 37.5683 80.1054 9.0 55.9464 32.311 29.5466 54.2034 32.0217 50.1028 40.2492 69.0 49.7393 30.5941 57.3389 38.6366 27.8927 25.4951 52.3927 41.7612 27.8568 41.2311 60.1697 40.3113 19.105 31.0161 29.5296 58.6504 100.322 51.0567 70.342 50.01 
47.3793 87.5985 90.3554 61.8142 88.6884 0.0 112.338 94.921 33.0151 42.5206 65.7343 15.0333 86.093 31.0483 31.3847 73.4086 90.6697 5.83095 95.416 76.1746 95.7119 71.5891 88.955 44.0454 61.2046 92.9373 60.1332 61.2224 98.5515 98.0646 55.0818 23.6008 92.8924 61.209 59.0762 63.6318 21.2603 108.955 86.3561 21.1896 92.3614 69.7711 24.7386 56.2228 95.9215 48.7754 59.8415 42.0672 69.6419 78.7727 45.0444 84.6688 55.9017 71.5052 59.2247 38.3275 58.9911 68.4763 98.292 41.9762 53.0377 67.1789 51.4782 51.9711 61.2944 63.334 59.4811 66.0076 69.6348 62.0738 36.0139 58.3095 106.56 105.436 93.2148 74.0945 13.9284 44.1168 59.8415 88.3629 
71.7231 41.3038 63.0714 66.3099 31.3209 112.338 0.0 90.1998 80.9938 69.814 60.5392 123.666 43.1045 90.2456 86.2354 51.8652 60.075 118.094 26.0 43.0116 24.0832 87.6641 84.006 89.1852 82.6075 35.5106 79.712 60.4643 16.5529 33.1361 66.8601 113.072 48.0937 56.0562 60.1591 57.28 91.4002 6.0 30.4138 123.024 29.0172 55.7315 105.492 82.0792 19.2354 67.7668 85.703 75.1977 51.4198 41.0 92.72 40.025 87.0919 43.5502 57.7563 84.8128 62.6311 55.109 27.6586 83.8647 80.5517 45.793 70.4509 64.9038 56.0479 53.8358 62.6418 73.0821 59.1354 72.45 90.7791 71.1767 16.4924 10.0499 56.2228 60.0333 124.88 81.6661 77.9295 79.0063 
62.9813 50.2195 27.1662 43.1856 61.8466 94.921 90.1998 0.0 88.665 77.0588 44.6878 94.0851 114.213 68.5482 71.1126 47.0106 30.1496 99.2975 95.5797 105.661 92.9731 23.3452 7.81025 110.976 118.929 105.012 36.2491 51.6624 76.1183 57.0789 52.4976 74.1687 42.107 76.9524 91.6035 97.4436 86.406 84.214 66.0984 86.0058 95.9598 103.283 70.214 39.5601 74.5252 65.2993 35.171 67.19 99.3441 108.259 114.939 53.1601 39.0512 87.8815 74.968 60.0083 52.3259 101.052 101.514 103.433 43.4626 81.9352 97.6729 65.7951 77.1165 66.3883 98.1294 33.6006 42.2019 38.0132 60.407 43.0116 74.027 92.3959 34.0147 111.864 98.1835 53.7122 113.899 12.083 
25.2982 63.0714 73.4983 45.3564 60.6383 33.0151 80.9938 88.665 0.0 13.0384 46.5725 46.5188 53.2353 21.9545 18.0278 51.2445 72.7805 38.4187 62.4383 43.197 63.1705 66.8531 80.5764 24.0416 36.7696 59.9596 52.5011 39.8121 67.5557 71.8471 36.0555 41.0 71.1126 34.0588 26.0768 30.8707 12.083 77.8974 58.0446 48.5077 59.3837 37.3363 33.6239 49.65 64.9257 24.3311 55.0301 21.4709 36.7151 45.7951 27.6586 59.2115 52.2463 38.9487 32.0624 29.2883 38.0789 35.8469 65.3143 17.2047 45.4867 35.2278 20.0998 26.0192 32.7567 36.1248 27.2029 54.6943 50.448 50.4548 45.6812 45.5778 77.5069 73.6904 73.9797 42.7551 46.6476 35.2309 33.2415 77.7421 
14.2127 50.04 61.3514 34.1321 47.8017 42.5206 69.814 77.0588 13.0384 0.0 34.5398 54.2033 47.9102 21.5442 17.5339 38.4708 60.4401 48.2701 54.9285 37.735 53.2151 58.5323 69.4222 34.0 42.638 54.4976 44.0455 27.5136 56.0374 58.8558 24.6982 44.3557 58.2151 21.0238 21.0238 27.0 21.6333 66.4412 45.3244 54.1202 53.9217 34.0 36.7752 43.6373 53.4074 12.083 49.2705 12.53 31.4006 40.3331 38.0132 46.1736 48.3397 29.6816 19.0263 28.7945 26.0 32.0156 59.8523 26.4197 40.139 24.8395 21.9545 13.1529 19.9249 23.0868 25.4951 43.54 38.2753 39.3005 45.1874 34.4235 65.528 62.9389 61.3922 41.3038 55.2268 34.737 38.0132 66.5733 
21.3776 23.4307 26.9258 5.83095 29.5296 65.7343 60.5392 44.6878 46.5725 34.5398 0.0 72.0625 76.2026 34.7131 35.1283 9.21954 26.3059 71.3092 59.8522 66.0274 57.2599 30.5941 36.8782 68.4471 74.9419 69.2842 19.4165 7.2111 44.0114 34.7131 11.0 53.5504 27.2029 32.9091 47.5603 53.4003 50.01 55.0364 30.4605 66.9307 60.2323 59.9092 45.4939 21.5407 41.4367 22.4722 25.4951 26.0768 59.7102 68.6255 72.4983 22.0227 26.5707 48.2477 30.9248 27.8568 8.544 57.6916 65.8038 60.8358 20.2485 42.3013 53.6866 21.9545 33.0733 26.7544 54.0862 14.1421 4.0 12.1655 32.0771 10.8167 48.2597 58.733 28.0 68.2384 74.9388 23.3238 69.8646 33.2415 
57.529 94.9368 93.8616 66.9293 98.3006 15.0333 123.666 94.0851 46.5188 54.2033 72.0625 0.0 99.7296 38.6005 40.3609 80.7274 94.6414 12.6491 108.881 89.6173 107.167 71.0 89.0225 59.0762 76.2365 106.38 61.9839 68.5607 109.879 105.775 62.3427 20.025 98.6996 71.4929 72.4707 77.3886 34.4384 120.283 96.64 9.43398 105.804 83.7735 26.5707 57.8705 107.375 58.9251 60.208 52.2169 83.1865 92.2154 60.0083 92.4046 56.2228 83.8153 69.5086 45.0656 66.3294 82.3468 111.735 56.8859 55.5428 79.0253 65.7875 62.1316 71.647 73.6178 73.5391 68.884 75.4605 65.521 40.3113 62.6259 116.844 116.859 97.719 88.5438 4.47214 50.455 74.8131 89.2749 
57.2898 58.1856 81.1988 81.9144 47.3814 86.093 43.1045 114.213 53.2353 47.9102 76.2026 99.7296 0.0 69.2313 65.2211 68.9257 78.541 91.2688 17.2627 16.1245 19.6469 105.648 106.424 51.614 41.1096 8.544 84.5529 65.4191 40.2492 58.4123 64.5872 91.8218 68.6804 52.6018 27.313 22.4722 65.2993 43.9318 41.7253 101.02 14.5602 16.9706 84.2413 83.8899 39.4462 53.3722 89.6292 58.6681 16.5529 12.3693 54.3783 54.366 88.3359 32.7811 50.6322 76.4816 64.3963 17.8045 16.2788 48.1041 80.0967 35.0377 35.4683 51.0119 47.2465 52.4167 27.0185 89.6751 75.6012 79.5816 86.9138 74.8526 50.6952 33.0606 76.2008 17.72 99.8499 77.4331 37.1618 95.3872 
24.1082 56.5743 60.0 31.0644 59.9381 31.0483 90.2456 68.5482 21.9545 21.5442 34.7131 38.6005 69.2313 0.0 4.12311 42.3844 60.075 36.6879 75.5026 59.0561 73.7892 46.3879 61.6847 45.607 58.6003 75.8187 32.311 30.1982 76.4586 67.4129 24.0416 26.9412 61.8466 38.0721 42.1411 47.9271 17.8885 86.8624 63.2192 36.8935 74.6041 54.881 19.3607 29.1939 73.9543 25.5043 34.5946 18.7961 52.7378 61.6542 48.9183 54.0421 31.776 51.0324 36.0878 8.544 27.9669 53.014 81.1734 39.1152 25.0998 45.8911 40.1734 28.7108 38.2262 40.197 45.6158 36.6742 38.6394 32.3883 25.2109 28.0713 83.4228 83.4805 62.3939 61.6158 40.8167 14.8661 54.7857 60.1664 
20.098 60.6143 61.131 32.0624 61.407 31.3847 86.2354 71.1126 18.0278 17.5339 35.1283 40.3609 65.2211 4.12311 0.0 42.4521 61.0082 37.1618 71.4923 55.0459 69.7789 49.0918 64.0781 41.8688 54.5957 71.8085 34.8855 30.2659 72.4484 70.7833 24.1868 28.9308 62.0157 34.0619 38.1309 43.9168 15.5242 82.8522 59.209 38.8831 70.5939 50.8708 21.3503 31.9061 69.9441 21.4941 37.3071 14.7859 48.7276 57.644 45.2769 57.3875 34.4885 47.0221 32.0776 11.4018 28.0346 49.0038 77.1632 35.2278 27.7849 41.8809 36.1632 24.7006 34.216 36.1868 41.6056 38.6005 39.1152 34.2053 27.9233 29.6142 79.4126 79.4703 63.0714 57.6056 42.2019 17.4929 50.7755 62.2977 
27.1662 14.4222 24.4131 15.0 20.6155 73.4086 51.8652 47.0106 51.2445 38.4708 9.21954 80.7274 68.9257 42.3844 42.4521 0.0 22.8254 79.0702 51.6085 58.7505 49.0161 37.0 39.3573 71.6277 77.4442 61.0404 27.8568 12.3693 35.4401 25.6125 18.3848 62.5443 20.025 35.7387 47.1412 51.3263 56.3205 46.2385 22.2237 75.9246 51.9885 56.3724 54.4878 30.4138 32.9848 27.0185 33.8378 32.3883 52.4333 61.3486 75.7241 12.8062 35.3412 40.9708 33.7544 36.2353 14.5602 54.1411 57.5601 64.0196 29.4109 35.0244 57.0197 25.318 24.3523 19.4775 54.3454 21.3776 7.28011 20.6155 41.071 20.0 39.1152 50.4892 23.0868 64.9535 82.9411 32.2025 72.0893 34.9857 
47.676 20.6155 3.0 29.0172 32.311 90.6697 60.075 30.1496 72.7805 60.4401 26.3059 94.6414 78.541 60.075 61.0082 22.8254 0.0 96.0609 66.6408 80.2255 63.9766 32.8024 24.0832 93.9852 98.9225 76.1577 33.541 32.9848 46.0977 27.0 37.2156 75.2728 12.0 58.0962 68.6195 72.8013 76.1653 54.0833 37.1214 88.6002 67.1193 77.8474 68.1542 37.5766 44.643 48.5077 37.4433 52.345 73.9083 68.5049 98.0816 24.1868 40.8167 62.4458 56.1119 52.345 34.7131 75.6161 72.4983 86.3771 39.2173 56.4994 78.498 47.4342 45.8306 40.9558 75.8237 26.0 22.3607 29.1204 54.9466 32.3883 44.0114 62.3699 4.47214 86.4285 97.9847 46.6905 93.5676 19.105 
53.2075 93.2601 95.6476 67.2681 94.5166 5.83095 118.094 99.2975 38.4187 48.2701 71.3092 12.6491 91.2688 36.6879 37.1618 79.0702 96.0609 0.0 100.71 81.4685 101.433 75.9539 93.5361 47.5184 64.7765 98.2293 65.0077 66.884 104.307 103.893 60.7289 26.4008 98.4937 67.0381 64.405 68.7968 26.8701 114.711 92.1852 20.8087 97.6552 74.793 29.1548 61.0328 101.677 54.6037 64.3817 47.8955 74.8866 84.0666 48.0937 90.4971 60.407 77.1038 65.0538 43.7379 64.6527 73.5731 103.586 46.1736 58.0086 72.8629 56.356 57.8014 67.1193 69.1631 64.4981 71.1126 75.1864 67.2681 41.1947 63.692 112.389 111.156 98.656 78.7909 10.0 51.6636 63.7887 93.1343 
56.4713 46.0652 69.3542 65.564 34.4819 95.416 26.0 95.5797 62.4383 54.9285 59.8522 108.881 17.2627 75.5026 71.4923 51.6085 66.6408 100.71 0.0 19.8494 2.82843 89.2973 88.3935 64.8845 56.8859 10.8167 79.2356 59.7044 24.2074 43.9318 63.2273 98.3291 56.0803 46.6621 36.3898 33.121 74.4589 26.6833 29.5466 107.868 3.16228 30.3645 90.7486 81.3649 24.0416 52.9855 85.302 59.9402 26.8328 16.6433 68.1542 42.5441 86.4129 28.1967 46.2136 78.582 63.0364 30.0832 6.08276 60.0333 78.7368 30.4534 46.6476 49.652 41.3068 46.477 38.4708 73.3248 59.2508 71.9607 85.554 70.4169 34.0 16.0312 64.0078 34.0588 109.086 76.0732 52.3927 83.5862 
47.1145 47.7026 82.0886 63.3594 37.1213 76.1746 43.0116 105.661 43.197 37.735 66.0274 89.6173 16.1245 59.0561 55.0459 58.7505 80.2255 81.4685 19.8494 0.0 20.2485 88.8499 98.0439 46.1736 41.1096 19.9249 74.3776 55.2439 34.0588 48.7997 54.412 81.6466 58.1977 42.4266 17.1485 14.3178 55.2175 41.5933 31.3472 90.8517 16.9706 14.5602 74.0661 73.7147 32.249 43.197 79.454 48.4929 9.05539 4.12311 49.7293 43.8829 78.1606 22.6058 40.457 66.3064 54.2211 13.1529 23.6008 40.8541 69.9215 24.8625 27.4403 40.8366 37.0713 42.2415 19.6469 79.4999 65.4259 69.4064 76.7386 64.6774 45.0999 34.0147 65.7177 21.9545 89.8443 67.2578 36.0139 93.6085 
55.2687 43.382 66.7083 62.9716 31.7648 95.7119 24.0832 92.9731 63.1705 53.2151 57.2599 107.167 19.6469 73.7892 69.7789 49.0161 63.9766 101.433 2.82843 20.2485 0.0 86.7049 85.8011 65.9242 58.5491 13.6015 76.6433 57.1121 21.4009 41.1096 62.0247 96.6157 53.3385 44.9487 37.122 34.0147 74.6254 24.3311 26.9258 106.485 5.09902 31.7805 89.0352 78.7725 21.2132 51.3123 82.7097 58.6602 27.8568 17.4642 69.2892 39.9249 83.8206 26.4833 44.5002 77.3793 59.2789 31.3209 8.544 60.8276 77.1994 28.74 47.4131 48.4493 39.5934 44.7636 39.3954 70.7324 56.6584 69.3683 84.3513 67.8245 31.305 14.3178 61.2944 36.0 108.387 74.8705 53.9351 80.9939 
44.4548 46.5725 30.4795 26.5707 56.5685 71.5891 87.6641 23.3452 66.8531 58.5323 30.5941 71.0 105.648 46.3879 49.0918 37.0 32.8024 75.9539 89.2973 88.8499 86.7049 0.0 18.1108 90.7193 100.564 98.7292 14.8661 36.0555 71.7008 56.648 34.4819 51.0098 42.9418 59.3048 73.9559 79.796 64.2471 81.7863 59.0789 63.1981 89.6773 86.3049 46.8722 17.2047 69.4622 46.8243 12.083 48.6635 82.5327 98.0705 94.1562 47.676 15.8114 77.6927 57.3204 37.8482 35.8469 84.0872 95.2489 84.0537 21.4009 69.6659 79.374 48.0208 59.4689 61.4297 80.455 16.4924 30.0666 19.6977 37.5766 24.1868 73.0821 87.2812 37.2022 94.6341 75.0267 31.6228 95.6521 19.3132 
55.3447 43.4166 21.095 35.4683 54.9181 88.955 84.006 7.81025 80.5764 69.4222 36.8782 89.0225 106.424 61.6847 64.0781 39.3573 24.0832 93.5361 88.3935 98.0439 85.8011 18.1108 0.0 103.339 111.198 97.8254 29.4109 43.8634 69.4622 51.0392 44.8219 69.0072 36.0555 69.1969 83.848 89.6881 79.4796 78.0064 58.9406 81.3019 88.7735 95.6659 64.3817 32.9848 67.7422 57.6281 29.1548 59.5534 91.7267 100.642 107.302 46.0977 33.1361 80.2642 67.2126 53.1413 44.5533 93.4346 94.3451 95.7968 36.6879 74.3178 89.9389 58.0517 69.361 58.7709 90.3739 26.0768 34.4093 30.5287 53.8516 35.5106 68.0661 85.7088 28.2843 104.247 93.0 46.8188 106.151 5.0 
48.0208 81.2158 95.0789 68.0955 76.0598 44.0454 89.1852 110.976 24.0416 34.0 68.4471 59.0762 51.614 45.607 41.8688 71.6277 93.9852 47.5184 64.8845 46.1736 65.9242 90.7193 103.339 0.0 17.2627 59.9083 76.3672 61.327 78.9177 88.2043 58.6686 60.4401 90.471 53.1601 31.4006 31.9531 30.4631 87.7063 71.0 64.195 61.7414 34.9857 54.626 73.5162 76.6551 46.0652 78.8963 45.0 38.0789 48.4665 4.12311 76.9415 76.1125 46.8722 51.2445 53.1544 59.9333 34.8855 66.7308 7.61577 69.3528 46.0977 19.2354 46.6154 50.01 54.8179 26.5707 77.4568 72.0902 73.2174 69.5474 68.3403 89.6772 80.0562 94.6737 35.3553 57.4282 59.097 17.0 100.505 
56.6392 83.0411 100.852 75.743 75.6902 61.2046 82.6075 118.929 36.7696 42.638 74.9419 76.2365 41.1096 58.6003 54.5957 77.4442 98.9225 64.7765 56.8859 41.1096 58.5491 100.564 111.198 17.2627 0.0 49.6488 86.0776 67.7315 75.1665 88.0568 66.4831 76.2955 93.1075 57.6888 30.4631 27.6586 45.8912 82.0975 70.0928 81.0247 53.7587 27.0185 69.675 85.6694 73.3348 53.7401 91.3026 55.0 32.0624 42.0119 17.4642 78.6028 88.5268 43.7408 56.0357 65.8563 66.7087 28.0179 57.28 20.3961 82.1711 45.2217 21.2603 53.1507 53.3385 58.8303 23.4094 85.5628 78.3828 81.3204 82.2492 76.4556 86.209 72.8354 98.4124 23.4094 74.6726 71.7988 5.38516 107.939 
63.8772 55.7584 78.8298 74.9959 44.4072 92.9373 35.5106 105.012 59.9596 54.4976 69.2842 106.38 8.544 75.8187 71.8085 61.0404 76.1577 98.2293 10.8167 19.9249 13.6015 98.7292 97.8254 59.9083 49.6488 0.0 88.6676 69.1364 35.0 54.4518 71.1746 98.4092 66.0303 54.0403 33.9111 29.7321 71.9802 37.0 39.1152 107.614 9.21954 25.0 90.8287 90.4773 34.7131 59.9596 96.2166 65.2555 23.4307 15.8114 62.7694 51.9711 94.9233 39.3685 53.5917 83.069 70.9837 25.4951 8.0 56.0803 86.6841 37.8316 43.1393 57.5993 48.685 53.8552 34.6554 82.7567 68.6827 81.3927 93.5012 79.8488 44.7772 25.4951 73.7835 26.2488 106.607 84.0205 45.6946 93.0182 
29.9681 40.4969 32.311 14.0357 48.4665 60.1332 79.712 36.2491 52.5011 44.0455 19.4165 61.9839 84.5529 32.311 34.8855 27.8568 33.541 65.0077 79.2356 74.3776 76.6433 14.8661 29.4109 76.3672 86.0776 88.6676 0.0 23.0868 63.2456 51.614 20.2485 42.2019 40.3609 44.8325 59.4811 65.3237 50.1597 74.0945 49.8017 55.3624 79.6157 71.8326 36.0555 4.12311 60.7289 32.3375 6.08276 34.1767 68.0604 76.9757 79.8042 40.2492 7.81025 61.0951 42.8482 23.7697 22.3607 69.6149 85.1872 69.7016 7.28011 55.1936 64.8872 33.541 44.9966 46.9574 65.9682 7.81025 20.6155 7.28011 24.5153 10.198 66.6483 78.1164 37.2156 80.1618 65.6201 17.4642 81.1653 28.2843 
15.0 26.4008 33.8378 9.48683 29.8548 61.2224 60.4643 51.6624 39.8121 27.5136 7.2111 68.5607 65.4191 30.1982 30.2659 12.3693 32.9848 66.884 59.7044 55.2439 57.1121 36.0555 43.8634 61.327 67.7315 69.1364 23.0868 0.0 43.9167 37.2156 6.40312 51.9296 32.249 25.6987 40.3499 46.1899 44.1022 55.0469 30.3197 65.3099 60.0845 52.6988 43.8731 24.0832 41.3104 15.5242 29.0172 20.0998 48.9267 57.842 65.3911 23.8537 29.1548 41.9613 23.7144 24.4131 2.23607 50.4812 65.656 53.7122 21.587 36.0598 46.4762 14.7648 25.8629 27.8237 46.8757 19.6977 10.7703 16.4924 30.4563 13.0 48.9219 58.5852 34.2345 61.028 70.7745 21.2603 62.6542 40.3609 
56.9103 26.0768 49.0306 49.7695 15.1327 98.5515 16.5529 76.1183 67.5557 56.0374 44.0114 109.879 40.2492 76.4586 72.4484 35.4401 46.0977 104.307 24.2074 34.0588 21.4009 71.7008 69.4622 78.9177 75.1665 35.0 63.2456 43.9167 0.0 20.5913 50.3125 99.2852 34.4819 39.5062 47.5184 48.0104 77.6152 11.4018 13.8924 109.237 26.0768 48.3735 91.7047 65.5515 2.82843 52.954 69.2604 60.3849 43.1045 33.541 82.7345 24.0832 70.5762 32.1403 41.2063 68.2652 46.0836 47.1699 29.0 72.5672 64.0041 33.2415 59.6825 50.091 42.2609 37.2858 53.0848 56.7539 42.72 55.9732 74.2316 54.6292 11.0454 16.2788 42.72 54.5711 111.363 65.1185 70.0643 64.4981 
50.7368 11.3137 30.0 40.3113 12.3693 98.0646 33.1361 57.0789 71.8471 58.8558 34.7131 105.775 58.4123 67.4129 70.7833 25.6125 27.0 103.893 43.9318 48.7997 41.1096 56.648 51.0392 88.2043 88.0568 54.4518 51.614 37.2156 20.5913 0.0 43.566 88.1568 15.0 38.0789 58.0721 60.4401 79.3854 27.1662 18.0278 101.537 45.2548 63.3436 80.1003 54.8179 20.0 49.6612 57.1402 56.1192 60.7358 49.2443 92.2659 13.4164 59.4054 44.5982 40.025 61.5873 39.4462 62.4437 49.2037 81.0555 54.4885 42.9593 69.6376 49.3105 39.2046 35.9026 64.7611 44.1022 31.8277 44.8219 66.6835 45.2548 17.0294 36.4005 23.0868 70.3288 107.989 57.8014 82.7103 46.0435 
10.7703 32.6497 37.6563 9.43398 36.2507 55.0818 66.8601 52.4976 36.0555 24.6982 11.0 62.3427 64.5872 24.0416 24.1868 18.3848 37.2156 60.7289 63.2273 54.412 62.0247 34.4819 44.8219 58.6686 66.4831 71.1746 20.2485 6.40312 50.3125 43.566 0.0 45.793 37.855 24.8668 39.5179 45.358 39.0128 61.4427 36.7155 59.1733 62.3288 51.8669 37.7365 20.2237 47.7062 12.8062 25.7099 15.1327 48.0947 57.01 62.6498 30.2324 25.0799 41.1294 22.8825 18.0278 4.24264 49.6492 69.1961 51.1077 17.0 35.2279 45.2548 13.6015 25.0309 26.9917 46.0438 19.105 15.0 15.0 24.3197 10.2956 55.3177 64.981 39.0 60.1961 64.5565 15.0 61.5224 41.8808 
46.9348 76.9291 74.3303 48.3735 81.643 23.6008 113.072 74.1687 41.0 44.3557 53.5504 20.025 91.8218 26.9412 28.9308 62.5443 75.2728 26.4008 98.3291 81.6466 96.6157 51.0098 69.0072 60.4401 76.2955 98.4092 42.2019 51.9296 99.2852 88.1568 45.793 0.0 80.0625 60.8987 64.6322 70.254 30.4138 109.689 86.0458 13.4164 97.4307 77.1038 9.43398 38.0789 96.7809 48.3309 40.1995 41.6227 75.3276 84.2447 62.6259 75.1269 36.2215 73.8307 58.9143 38.1444 49.9452 75.3529 103.764 55.9017 36.0555 68.7177 61.0328 51.5374 61.0528 63.0236 67.4759 49.3356 56.9386 46.2385 22.6716 43.8292 100.71 106.307 78.5493 83.3847 24.0208 31.9429 73.5527 69.2604 
47.1699 10.6301 15.0 31.7805 21.6333 92.8924 48.0937 42.107 71.1126 58.2151 27.2029 98.6996 68.6804 61.8466 62.0157 20.025 12.0 98.4937 56.0803 58.1977 53.3385 42.9418 36.0555 90.471 93.1075 66.0303 40.3609 32.249 34.4819 15.0 37.855 80.0625 0.0 37.5943 62.6498 66.5894 76.3217 42.107 27.0185 93.4773 56.8595 72.7747 72.131 44.0454 33.2415 47.0 45.2769 52.345 68.8355 58.6447 94.5939 15.0 48.1041 52.8081 39.5904 55.0273 34.3657 69.4042 61.7738 82.9759 44.6542 50.2875 73.0548 45.0999 40.5216 35.714 69.7852 32.5576 23.4094 34.4093 58.7142 36.2353 32.0156 50.6952 8.24621 79.7268 101.86 50.1597 87.7268 31.0644 
18.1108 29.0172 59.2151 33.8142 27.7308 61.209 56.0562 76.9524 34.0588 21.0238 32.9091 71.4929 52.6018 38.0721 34.0619 35.7387 58.0962 67.0381 46.6621 42.4266 44.9487 59.3048 69.1969 53.1601 57.6888 54.0403 44.8325 25.6987 39.5062 38.0789 24.8668 60.8987 37.5943 0.0 28.2843 33.4215 41.3664 50.7795 25.8537 70.851 45.7636 39.1267 53.3181 44.1695 36.8537 14.1544 49.9088 21.5853 35.1876 45.0247 57.28 25.1794 48.6155 24.6468 2.0 40.2214 24.6759 36.8954 52.6309 45.607 40.3763 18.7005 36.7151 11.2915 5.38516 2.23607 35.3836 43.8835 36.3501 39.8612 47.1934 35.1322 46.0573 54.638 58.7847 47.7078 72.9769 37.7127 52.4309 65.9061 
31.6228 52.5783 70.5488 48.4654 45.7056 59.0762 60.1591 91.6035 26.0768 21.0238 47.5603 72.4707 27.313 42.1411 38.1309 47.1412 68.6195 64.405 36.3898 17.1485 37.122 73.9559 83.848 31.4006 30.4631 33.9111 59.4811 40.3499 47.5184 58.0721 39.5179 64.6322 62.6498 28.2843 0.0 6.08276 38.0789 56.451 40.3113 73.736 33.3353 13.0384 57.0517 59.0869 45.2769 27.8568 64.7202 32.3883 10.7703 19.7466 35.2278 48.14 63.7893 15.5242 26.9072 49.3914 39.327 11.0 39.2658 25.2982 55.5886 15.1327 12.1655 25.9422 23.4307 29.0689 7.2111 58.5347 51.0012 54.5124 61.8446 49.7833 58.3095 51.0929 68.0955 20.8806 72.7186 52.3638 25.0799 80.5572 
37.6431 56.515 74.7339 54.3054 48.0833 63.6318 57.28 97.4436 30.8707 27.0 53.4003 77.3886 22.4722 47.9271 43.9168 51.3263 72.8013 68.7968 33.121 14.3178 34.0147 79.796 89.6881 31.9531 27.6586 29.7321 65.3237 46.1899 48.0104 60.4401 45.358 70.254 66.5894 33.4215 6.08276 0.0 42.9535 55.9017 42.45 79.0569 30.0167 7.0 62.6735 64.9269 46.0109 33.8378 70.5602 38.4708 6.40312 16.5529 35.4401 52.0767 69.6294 16.1245 32.2025 55.1774 45.1671 5.09902 35.609 26.9258 61.4286 17.8885 13.6015 31.7826 28.3196 33.9706 5.38516 64.3747 58.0018 60.3524 67.6846 55.6234 59.0 48.1041 72.1749 14.8661 77.4145 58.2038 22.3607 86.3973 
29.1548 69.4262 76.4199 47.3814 68.7095 21.2603 91.4002 86.406 12.083 21.6333 50.01 34.4384 65.2993 17.8885 15.5242 56.3205 76.1653 26.8701 74.4589 55.2175 74.6254 64.2471 79.4796 30.4631 45.8912 71.9802 50.1597 44.1022 77.6152 79.3854 39.0128 30.4138 76.3217 41.3664 38.0789 42.9535 0.0 88.0189 66.4748 36.6742 71.4043 49.3964 24.1661 47.0531 74.9852 29.8329 52.4538 24.0208 48.7647 57.8156 33.121 66.0876 49.6352 50.2494 39.3821 26.4008 42.0476 47.927 77.3349 25.4951 42.9535 46.0109 31.7805 32.573 41.1461 43.4913 39.2173 54.1202 54.0093 49.7293 43.0701 45.1221 86.6784 84.3492 78.0064 54.5711 34.6699 32.6956 43.1856 77.7946 
68.3399 35.3553 57.0789 60.8358 25.632 108.955 6.0 84.214 77.8974 66.4412 55.0364 120.283 43.9318 86.8624 82.8522 46.2385 54.0833 114.711 26.6833 41.5933 24.3311 81.7863 78.0064 87.7063 82.0975 37.0 74.0945 55.0469 11.4018 27.1662 61.4427 109.689 42.107 50.7795 56.451 55.9017 88.0189 0.0 25.2389 119.641 29.4279 55.0818 102.108 76.5572 14.2127 64.3836 80.0562 71.8145 50.3587 40.1123 91.2649 34.2053 81.5414 40.9579 52.4797 79.3954 57.2138 54.231 29.5466 81.679 75.1332 42.9535 68.6044 61.5206 52.6647 48.5591 61.1907 67.3573 53.4883 66.8506 85.3618 65.7419 10.7703 12.2066 50.2494 60.1332 121.767 76.2487 77.2334 73.0068 
43.2579 16.6433 39.8121 36.1793 5.83095 86.3561 30.4138 66.0984 58.0446 45.3244 30.4605 96.64 41.7253 63.2192 59.209 22.2237 37.1214 92.1852 29.5466 31.3472 26.9258 59.0789 58.9406 71.0 70.0928 39.1152 49.8017 30.3197 13.8924 18.0278 36.7155 86.0458 27.0185 25.8537 40.3113 42.45 66.4748 25.2389 0.0 95.998 30.0167 46.6628 78.4652 51.9802 11.1803 39.3015 55.8516 46.7324 42.7236 31.7942 75.0067 13.0 57.0282 26.5707 27.5539 54.6682 32.4866 44.4315 35.4683 64.0703 50.4071 25.1794 52.0865 36.4386 25.4094 23.6333 46.8722 43.5933 29.4591 42.5216 60.6346 41.0322 21.095 28.2843 34.6699 52.8763 98.124 51.5215 64.7611 54.1202 
56.8871 90.3094 87.5957 61.7738 96.5745 21.1896 123.024 86.0058 48.5077 54.1202 66.9307 9.43398 101.02 36.8935 38.8831 75.9246 88.6002 20.8087 107.868 90.8517 106.485 63.1981 81.3019 64.195 81.0247 107.614 55.3624 65.3099 109.237 101.537 59.1733 13.4164 93.4773 70.851 73.736 79.0569 36.6742 119.641 95.998 0.0 106.97 85.7263 22.0227 51.2445 106.733 58.2832 52.9528 51.575 84.5044 93.4498 65.6201 88.5072 49.0306 83.7257 68.8666 51.5248 63.3255 84.119 112.969 61.0328 49.3964 78.5866 68.4471 61.4897 71.0051 72.9759 75.6902 62.6259 70.3278 59.6154 35.805 57.2451 116.202 116.259 91.9239 91.2195 13.8924 45.3232 79.0569 81.8841 
55.5728 46.6476 69.7711 65.944 35.2278 92.3614 29.0172 95.9598 59.3837 53.9217 60.2323 105.804 14.5602 74.6041 70.5939 51.9885 67.1193 97.6552 3.16228 16.9706 5.09902 89.6773 88.7735 61.7414 53.7587 9.21954 79.6157 60.0845 26.0768 45.2548 62.3288 97.4307 56.8595 45.7636 33.3353 30.0167 71.4043 29.4279 30.0167 106.97 0.0 27.2029 89.8501 81.6316 25.6125 51.3681 85.6821 59.0417 23.7065 13.6015 65.0 42.9418 86.0775 27.2983 45.3151 77.6835 62.138 26.9258 7.28011 56.9386 77.8384 29.555 43.566 48.7535 40.4083 45.5785 35.3553 73.7048 59.6308 72.3407 84.6555 70.7969 36.2491 19.105 64.6607 31.0161 106.031 75.1747 49.2443 83.9663 
44.3847 62.2796 79.7105 60.8143 52.3341 69.7711 55.7315 103.283 37.3363 34.0 59.9092 83.7735 16.9706 54.881 50.8708 56.3724 77.8474 74.793 30.3645 14.5602 31.7805 86.3049 95.6659 34.9857 27.0185 25.0 71.8326 52.6988 48.3735 63.3436 51.8669 77.1038 72.7747 39.1267 13.0384 7.0 49.3964 55.0818 46.6628 85.7263 27.2029 0.0 69.544 71.4359 46.6905 40.5216 77.0691 45.3982 5.83095 15.0 38.0132 58.4599 76.1383 20.2278 38.0789 62.1313 51.676 2.23607 31.7648 31.1448 67.9376 22.4845 18.6011 38.2916 33.8692 39.4629 10.2956 70.8837 63.0479 66.8614 74.1935 62.1323 59.4138 46.0977 77.221 8.60233 83.6301 64.7128 22.2036 91.2304 
39.3542 68.8726 67.4685 40.3607 79.0417 24.7386 105.492 70.214 33.6239 36.7752 45.4939 26.5707 84.2413 19.3607 21.3503 54.4878 68.1542 29.1548 90.7486 74.0661 89.0352 46.8722 64.3817 54.626 69.675 90.8287 36.0555 43.8731 91.7047 80.1003 37.7365 9.43398 72.131 53.3181 57.0517 62.6735 24.1661 102.108 78.4652 22.0227 89.8501 69.544 0.0 32.0156 89.2004 40.7504 35.2278 34.0422 67.747 76.6642 57.2451 67.0704 31.257 66.2502 51.3338 30.088 41.8887 67.7724 96.1834 49.3484 29.2746 61.1371 53.544 43.9568 53.4723 55.4431 59.8957 42.5793 48.8919 39.0512 13.8924 36.0555 98.6688 98.7265 71.1688 75.8121 29.8329 23.8864 66.5957 64.0312 
29.5598 43.6005 36.4005 15.8114 50.9902 56.2228 82.0792 39.5601 49.65 43.6373 21.5407 57.8705 83.8899 29.1939 31.9061 30.4138 37.5766 61.0328 81.3649 73.7147 78.7725 17.2047 32.9848 73.5162 85.6694 90.4773 4.12311 24.0832 65.5515 54.8179 20.2237 38.0789 44.0454 44.1695 59.0869 64.9269 47.0531 76.5572 51.9802 51.2445 81.6316 71.4359 32.0156 0.0 62.9682 31.9292 5.83095 33.7685 67.3975 76.3128 76.9531 43.0465 5.09902 60.4321 42.1852 20.6542 23.0 69.2182 87.3165 66.8506 4.24264 54.5306 64.479 33.1455 44.3336 46.2944 65.5599 11.6619 23.3238 10.0 20.8806 11.1803 69.4622 80.2457 41.1825 79.765 61.5224 14.4222 80.757 32.1403 
54.2579 24.3311 47.5395 47.17 13.0 95.9215 19.2354 74.5252 64.9257 53.4074 41.4367 107.375 39.4462 73.9543 69.9441 32.9848 44.643 101.677 24.0416 32.249 21.2132 69.4622 67.7422 76.6551 73.3348 34.7131 60.7289 41.3104 2.82843 20.0 47.7062 96.7809 33.2415 36.8537 45.2769 46.0109 74.9852 14.2127 11.1803 106.733 25.6125 46.6905 89.2004 62.9682 0.0 50.3015 66.7608 57.7324 41.3038 32.0156 80.5047 22.0 68.0074 30.0167 38.5539 65.6589 43.4773 45.3982 29.2062 70.214 61.3978 30.8058 57.4282 47.4386 39.6309 34.6333 51.0098 54.3415 40.2616 53.4509 71.6253 52.0229 13.0384 18.0278 41.4367 53.1601 108.859 62.5122 68.1836 62.8013 
4.0 39.6232 49.3356 22.2036 41.4996 48.7754 67.7668 65.2993 24.3311 12.083 22.4722 58.9251 53.3722 25.5043 21.4941 27.0185 48.5077 54.6037 52.9855 43.197 51.3123 46.8243 57.6281 46.0652 53.7401 59.9596 32.3375 15.5242 52.954 49.6612 12.8062 48.3309 47.0 14.1544 27.8568 33.8378 29.8329 64.3836 39.3015 58.2832 51.3681 40.5216 40.7504 31.9292 50.3015 0.0 37.5625 7.81025 36.8798 45.7951 50.0899 36.2654 36.6317 30.4138 12.1701 27.7149 13.9284 38.3275 58.2353 38.4708 28.431 24.5153 32.5576 3.60555 14.3186 16.2794 34.0 31.8277 26.2488 27.5862 34.6869 22.6716 59.5051 61.0017 49.6488 48.7032 60.4091 25.2062 48.8365 54.6443 
35.1931 46.1411 35.8469 20.0998 54.4243 59.8415 85.703 35.171 55.0301 49.2705 25.4951 60.208 89.6292 34.5946 37.3071 33.8378 37.4433 64.3817 85.302 79.454 82.7097 12.083 29.1548 78.8963 91.3026 96.2166 6.08276 29.0172 69.2604 57.1402 25.7099 40.1995 45.2769 49.9088 64.7202 70.5602 52.4538 80.0562 55.8516 52.9528 85.6821 77.0691 35.2278 5.83095 66.7608 37.5625 0.0 39.4018 73.1368 82.0521 82.3332 46.0977 4.0 66.1714 47.9245 26.0549 28.1603 74.8515 91.2536 72.2307 10.0 60.2699 70.1122 38.7788 50.0729 52.0337 71.1932 13.0384 26.5707 13.3417 25.4951 16.0312 72.45 84.1828 41.4005 85.3983 64.0703 19.8494 86.3903 29.0689 
5.38516 45.8803 52.7762 24.3333 48.9305 42.0672 75.1977 67.19 21.4709 12.53 26.0768 52.2169 58.6681 18.7961 14.7859 32.3883 52.345 47.8955 59.9402 48.4929 58.6602 48.6635 59.5534 45.0 55.0 65.2555 34.1767 20.0998 60.3849 56.1192 15.1327 41.6227 52.345 21.5853 32.3883 38.4708 24.0208 71.8145 46.7324 51.575 59.0417 45.3982 34.0422 33.7685 57.7324 7.81025 39.4018 0.0 42.1757 51.091 48.8262 42.7234 38.4709 37.3631 19.601 26.0464 18.0278 43.2897 65.909 37.6431 30.2702 31.6228 34.4819 11.4018 21.7495 23.7103 37.6431 33.6712 30.0666 29.4318 42.4393 24.5547 66.9361 68.4326 54.037 53.1507 53.7009 31.989 50.4777 56.719 
40.7973 58.3404 75.7714 57.0422 48.395 69.6419 51.4198 99.3441 36.7151 31.4006 59.7102 83.1865 16.5529 52.7378 48.7276 52.4333 73.9083 74.8866 26.8328 9.05539 27.8568 82.5327 91.7267 38.0789 32.0624 23.4307 68.0604 48.9267 43.1045 60.7358 48.0947 75.3276 68.8355 35.1876 10.7703 6.40312 48.7647 50.3587 42.7236 84.5044 23.7065 5.83095 67.747 67.3975 41.3038 36.8798 73.1368 42.1757 0.0 10.4403 41.4367 54.5208 72.3662 16.2886 34.1398 59.9881 47.9039 4.12311 29.2062 33.2866 64.1654 18.5453 20.0 34.5194 29.9301 35.5237 11.6619 67.1115 59.1087 63.0892 70.4214 58.3602 54.1479 42.0595 73.2819 14.1421 83.3547 60.9406 27.0 87.2912 
49.7126 48.1496 71.1628 74.3372 37.5683 78.7727 41.0 108.259 45.7951 40.3331 68.6255 92.2154 12.3693 61.6542 57.644 61.3486 68.5049 84.0666 16.6433 4.12311 17.4642 98.0705 100.642 48.4665 42.0119 15.8114 76.9757 57.842 33.541 49.2443 57.01 84.2447 58.6447 45.0247 19.7466 16.5529 57.8156 40.1123 31.7942 93.4498 13.6015 15.0 76.6642 76.3128 32.0156 45.7951 82.0521 51.091 10.4403 0.0 51.8652 44.3299 80.7587 25.2039 44.5761 68.9045 56.8192 14.1421 19.8494 43.4166 72.5196 27.4606 30.0167 43.4347 39.6694 44.8396 21.9317 82.098 68.024 72.0045 79.3367 67.2755 44.5533 31.6228 66.1647 21.1896 92.4424 69.8559 37.1214 96.2065 
51.9711 85.3288 99.1615 72.0694 80.1054 45.0444 92.72 114.939 27.6586 38.0132 72.4983 60.0083 54.3783 48.9183 45.2769 75.7241 98.0816 48.0937 68.1542 49.7293 69.2892 94.1562 107.302 4.12311 17.4642 62.7694 79.8042 65.3911 82.7345 92.2659 62.6498 62.6259 94.5939 57.28 35.2278 35.4401 33.121 91.2649 75.0067 65.6201 65.0 38.0132 57.2451 76.9531 80.5047 50.0899 82.3332 48.8262 41.4367 51.8652 0.0 81.0494 79.5494 50.636 55.3624 56.5914 63.9766 38.0789 69.7711 11.7047 72.7897 50.04 23.0868 50.6952 54.1295 58.9406 30.0832 81.4198 76.1577 77.1804 72.9843 72.3033 93.5361 83.4865 98.7701 37.6431 58.0775 62.5339 18.4391 104.468 
37.341 4.47214 26.8328 27.8029 9.0 84.6688 40.025 53.1601 59.2115 46.1736 22.0227 92.4046 54.366 54.0421 57.3875 12.8062 24.1868 90.4971 42.5441 43.8829 39.9249 47.676 46.0977 76.9415 78.6028 51.9711 40.2492 23.8537 24.0832 13.4164 30.2324 75.1269 15.0 25.1794 48.14 52.0767 66.0876 34.2053 13.0 88.5072 42.9418 58.4599 67.0704 43.0465 22.0 36.2654 46.0977 42.7234 54.5208 44.3299 81.0494 0.0 47.8853 38.4933 27.1662 48.2597 26.0768 56.2286 48.4665 69.5845 42.2019 35.7747 58.9406 36.4706 27.074 23.0868 55.2725 33.2415 19.7231 33.121 53.6536 32.8024 26.4197 40.0125 22.0227 65.412 94.6183 44.6878 73.2198 41.2311 
34.2622 48.2597 39.3573 20.8806 55.9464 55.9017 87.0919 39.0512 52.2463 48.3397 26.5707 56.2228 88.3359 31.776 34.4885 35.3412 40.8167 60.407 86.4129 78.1606 83.8206 15.8114 33.1361 76.1125 88.5268 94.9233 7.81025 29.1548 70.5762 59.4054 25.0799 36.2215 48.1041 48.6155 63.7893 69.6294 49.6352 81.5414 57.0282 49.0306 86.0775 76.1383 31.257 5.09902 68.0074 36.6317 4.0 38.4709 72.3662 80.7587 79.5494 47.8853 0.0 64.8781 46.6311 23.2363 28.0179 73.9206 92.3645 69.1594 8.24621 58.9766 69.1814 37.8479 48.7796 50.7404 70.2624 15.5563 28.178 14.7648 21.9545 16.2788 74.3034 85.2937 44.6542 84.4675 60.075 17.0294 84.7066 33.0606 
34.3657 42.313 64.3089 50.0768 32.311 71.5052 43.5502 87.8815 38.9487 29.6816 48.2477 83.8153 32.7811 51.0324 47.0221 40.9708 62.4458 77.1038 28.1967 22.6058 26.4833 77.6927 80.2642 46.8722 43.7408 39.3685 61.0951 41.9613 32.1403 44.5982 41.1294 73.8307 52.8081 24.6468 15.5242 16.1245 50.2494 40.9579 26.5707 83.7257 27.2983 20.2278 66.2502 60.4321 30.0167 30.4138 66.1714 37.3631 16.2886 25.2039 50.636 38.4933 64.8781 0.0 24.1983 56.484 40.9385 17.9965 34.1655 40.8044 56.6389 6.0 27.6586 27.554 19.2916 24.4618 21.0 61.7202 47.6462 56.1238 63.456 51.3948 43.0465 36.2072 61.8194 28.8088 84.6463 53.9752 38.4708 75.8287 
16.1265 31.0161 57.2308 31.8299 29.5466 59.2247 57.7563 74.968 32.0624 19.0263 30.9248 69.5086 50.6322 36.0878 32.0776 33.7544 56.1119 65.0538 46.2136 40.457 44.5002 57.3204 67.2126 51.2445 56.0357 53.5917 42.8482 23.7144 41.2063 40.025 22.8825 58.9143 39.5904 2.0 26.9072 32.2025 39.3821 52.4797 27.5539 68.8666 45.3151 38.0789 51.3338 42.1852 38.5539 12.1701 47.9245 19.601 34.1398 44.5761 55.3624 27.1662 46.6311 24.1983 0.0 38.2371 22.6916 35.8469 52.1823 43.6807 38.392 18.2483 34.9857 9.30714 5.0 4.12311 33.9411 41.8992 34.3658 37.8769 45.2091 33.1479 47.7575 54.1895 56.8003 46.6476 70.9926 35.7283 50.8035 63.9217 
25.3455 50.6063 52.0865 23.5372 54.2034 38.3275 84.8128 60.0083 29.2883 28.7945 27.8568 45.0656 76.4816 8.544 11.4018 36.2353 52.345 43.7379 78.582 66.3064 77.3793 37.8482 53.1413 53.1544 65.8563 83.069 23.7697 24.4131 68.2652 61.5873 18.0278 38.1444 55.0273 40.2214 49.3914 55.1774 26.4008 79.3954 54.6682 51.5248 77.6835 62.1313 30.088 20.6542 65.6589 27.7149 26.0549 26.0464 59.9881 68.9045 56.5914 48.2597 23.2363 56.484 38.2371 0.0 22.2036 60.2643 84.5508 46.4888 16.5529 50.5825 47.4237 28.9312 40.3856 42.3464 52.8661 28.2843 31.6228 24.0832 16.6712 20.025 73.2704 87.0687 54.9181 68.8661 47.2793 6.32456 62.036 51.6624 
13.0384 28.6356 35.4401 9.43398 32.0217 58.9911 62.6311 52.3259 38.0789 26.0 8.544 66.3294 64.3963 27.9669 28.0346 14.5602 34.7131 64.6527 63.0364 54.2211 59.2789 35.8469 44.5533 59.9333 66.7087 70.9837 22.3607 2.23607 46.0836 39.4462 4.24264 49.9452 34.3657 24.6759 39.327 45.1671 42.0476 57.2138 32.4866 63.3255 62.138 51.676 41.8887 23.0 43.4773 13.9284 28.1603 18.0278 47.9039 56.8192 63.9766 26.0768 28.0179 40.9385 22.6916 22.2036 0.0 49.4583 69.0052 52.3259 20.2237 35.037 45.4533 13.6015 24.84 26.8008 45.8529 19.7231 12.3693 16.1555 28.4719 12.1655 51.0888 60.7521 36.1248 60.0052 68.5432 19.2094 61.6314 41.2311 
42.2019 60.0483 77.4792 58.5967 50.1028 68.4763 55.109 101.052 35.8469 32.0156 57.6916 82.3468 17.8045 53.014 49.0038 54.1411 75.6161 73.5731 30.0832 13.1529 31.3209 84.0872 93.4346 34.8855 28.0179 25.4951 69.6149 50.4812 47.1699 62.4437 49.6492 75.3529 69.4042 36.8954 11.0 5.09902 47.927 54.231 44.4315 84.119 26.9258 2.23607 67.7724 69.2182 45.3982 38.3275 74.8515 43.2897 4.12311 14.1421 38.0789 56.2286 73.9206 17.9965 35.8469 60.2643 49.4583 0.0 31.9061 30.6105 65.7199 20.2532 17.6918 36.0739 31.6379 37.2316 9.21954 68.666 60.8166 64.6437 71.9759 59.9147 58.2151 45.607 74.9897 10.8167 82.2982 62.4951 23.0217 88.9991 
62.4401 51.8941 75.2396 71.5156 40.2492 98.292 27.6586 101.514 65.3143 59.8523 65.8038 111.735 16.2788 81.1734 77.1632 57.5601 72.4983 103.586 6.08276 23.6008 8.544 95.2489 94.3451 66.7308 57.28 8.0 85.1872 65.656 29.0 49.2037 69.1961 103.764 61.7738 52.6309 39.2658 35.609 77.3349 29.5466 35.4683 112.969 7.28011 31.7648 96.1834 87.3165 29.2062 58.2353 91.2536 65.909 29.2062 19.8494 69.7711 48.4665 92.3645 34.1655 52.1823 84.5508 69.0052 31.9061 0.0 62.426 84.7056 36.4222 49.2037 55.6208 47.2756 52.4458 40.8044 79.2764 65.2024 77.9123 91.5227 76.3685 38.0132 17.72 69.7711 33.9559 111.962 82.042 53.1413 89.5378 
40.4969 73.8241 87.4643 60.5392 69.0 41.9762 83.8647 103.433 17.2047 26.4197 60.8358 56.8859 48.1041 39.1152 35.2278 64.0196 86.3771 46.1736 60.0333 40.8541 60.8276 84.0537 95.7968 7.61577 20.3961 56.0803 69.7016 53.7122 72.5672 81.0555 51.1077 55.9017 82.9759 45.607 25.2982 26.9258 25.4951 81.679 64.0703 61.0328 56.9386 31.1448 49.3484 66.8506 70.214 38.4708 72.2307 37.6431 33.2866 43.4166 11.7047 69.5845 69.1594 40.8044 43.6807 46.4888 52.3259 30.6105 62.426 0.0 62.6872 39.4588 13.4164 39.0 42.5793 47.2969 21.6333 69.9146 64.4748 65.6752 62.8818 60.7981 83.1865 74.7985 87.0656 33.2866 55.7853 52.4314 18.0278 92.9624 
