NAME  : Jabali_80_2_0.93_1_3
TYPE : SVRP
MODEL : FINITE_SUPPORT
NUMBER_OF_SCENARIOS : 200
DIMENSION : 80
EDGE_WEIGHT_TYPE : MATRIX
CAPACITY : 245
N_VEHICLES : 2
NODE_COORD_SECTION
1 3230 4531
2 1970 5963
3 245 4024
4 2884 6942
5 5122 1024
6 3028 993
7 6888 3343
8 1507 4533
9 5004 3381
10 2026 1290
11 6223 4781
12 976 3396
13 3523 7540
14 7510 3641
15 2632 6433
16 2932 1460
17 2977 419
18 5155 3166
19 2217 5306
20 2060 6299
21 6695 5033
22 3118 5947
23 3757 7695
24 5030 3590
25 6282 5368
26 7340 1825
27 3761 4309
28 1790 7572
29 6094 7744
30 863 4162
31 6085 3375
32 6645 6739
33 8567 2326
34 2721 2791
35 1399 2630
36 5128 4351
37 4012 729
38 3230 7756
39 1763 3645
40 1566 2203
41 4160 5084
42 2214 1986
43 5009 5103
44 3628 4703
45 6092 4609
46 5087 7899
47 3534 6069
48 1704 4329
49 4108 2238
50 6104 3746
51 6897 3936
52 2011 4900
53 6352 5812
54 1052 5699
55 27 4382
56 6106 1909
57 1159 3489
58 5615 8008
59 5765 2963
60 4233 7570
61 6538 1443
62 1202 1613
63 5599 3591
64 3948 3490
65 7729 3293
66 4696 2938
67 936 5216
68 6528 2830
69 3410 2065
70 1756 7051
71 8012 2525
72 7402 2828
73 2272 2881
74 4943 1638
75 2588 1011
76 257 6135
77 2672 18
78 5385 6234
79 1530 3366
80 5623 5022
DEMAND_SECTION
1 0.0
2 5.0
3 9.0
4 2.0
5 9.0
6 7.0
7 10.0
8 4.0
9 6.0
10 3.0
11 3.0
12 6.0
13 8.0
14 9.0
15 8.0
16 4.0
17 7.0
18 9.0
19 8.0
20 1.0
21 9.0
22 10.0
23 6.0
24 1.0
25 7.0
26 7.0
27 7.0
28 6.0
29 9.0
30 3.0
31 7.0
32 5.0
33 4.0
34 10.0
35 2.0
36 4.0
37 6.0
38 1.0
39 3.0
40 4.0
41 6.0
42 1.0
43 7.0
44 8.0
45 6.0
46 5.0
47 2.0
48 3.0
49 4.0
50 5.0
51 5.0
52 10.0
53 5.0
54 8.0
55 5.0
56 8.0
57 4.0
58 8.0
59 3.0
60 4.0
61 6.0
62 10.0
63 1.0
64 2.0
65 3.0
66 8.0
67 2.0
68 9.0
69 2.0
70 10.0
71 5.0
72 7.0
73 9.0
74 9.0
75 2.0
76 6.0
77 5.0
78 4.0
79 9.0
80 10.0
DEVIATION_SECTION
1 0.0
2 1.66667
3 3.0
4 0.666667
5 3.0
6 2.33333
7 3.33333
8 1.33333
9 2.0
10 1.0
11 1.0
12 2.0
13 2.66667
14 3.0
15 2.66667
16 1.33333
17 2.33333
18 3.0
19 2.66667
20 0.333333
21 3.0
22 3.33333
23 2.0
24 0.333333
25 2.33333
26 2.33333
27 2.33333
28 2.0
29 3.0
30 1.0
31 2.33333
32 1.66667
33 1.33333
34 3.33333
35 0.666667
36 1.33333
37 2.0
38 0.333333
39 1.0
40 1.33333
41 2.0
42 0.333333
43 2.33333
44 2.66667
45 2.0
46 1.66667
47 0.666667
48 1.0
49 1.33333
50 1.66667
51 1.66667
52 3.33333
53 1.66667
54 2.66667
55 1.66667
56 2.66667
57 1.33333
58 2.66667
59 1.0
60 1.33333
61 2.0
62 3.33333
63 0.333333
64 0.666667
65 1.0
66 2.66667
67 0.666667
68 3.0
69 0.666667
70 3.33333
71 1.66667
72 2.33333
73 3.0
74 3.0
75 0.666667
76 2.0
77 1.66667
78 1.33333
79 3.0
80 3.33333
DISTANCE_MATRIX
0.0 28.7341 42.5793 38.5461 56.8157 50.0899 53.7096 24.7386 28.8544 49.5782 39.2173 36.3456 50.3707 61.4099 31.5103 44.2945 57.6975 31.5633 18.7047 32.1008 45.607 27.0551 53.348 28.2648 41.4367 67.1012 8.06226 48.2013 55.7915 34.3657 42.656 52.9528 79.2337 27.6586 38.9102 31.9558 54.1661 50.3707 26.6833 41.8808 12.1655 40.3113 23.3452 19.0554 37.751 50.7631 25.3062 23.1948 36.9723 42.1764 52.9188 18.1078 44.0114 34.1769 44.643 54.205 34.3657 54.7111 40.2464 43.3977 62.4287 51.0392 35.6824 19.105 64.8138 33.5229 32.965 50.7807 35.3464 40.348 71.4252 62.3189 29.2062 58.2944 50.774 46.3746 63.5295 35.171 31.0483 31.7805 
28.7341 0.0 34.9285 18.0278 75.6983 67.082 74.4705 20.5183 54.5127 62.3939 58.0086 36.7696 27.313 79.5942 11.1803 61.0 74.5252 57.2219 10.0499 4.24264 63.2851 15.6525 30.4631 53.9306 57.7062 92.7598 35.6305 19.6469 59.2115 28.8444 66.5163 63.1334 100.671 42.7551 45.4863 51.6777 73.0383 26.0768 31.3847 50.6063 34.6835 53.1413 41.4069 44.7212 57.026 48.2701 19.9458 22.2036 55.8549 63.0556 70.3757 14.3178 58.3095 13.1529 34.2053 79.8636 35.3836 54.9181 65.905 35.4401 88.0873 59.3633 61.4253 43.4491 84.0946 59.1815 17.2627 76.4465 54.0429 20.544 93.3031 84.3057 41.1096 68.6301 66.2193 23.3238 79.555 45.652 35.2278 49.6488 
42.5793 34.9285 0.0 51.683 74.6525 55.7136 89.8944 18.0278 64.4777 44.911 81.5331 13.4164 62.2415 97.9898 44.643 50.5668 61.4003 67.1866 31.257 38.9102 88.0738 46.5296 65.3911 64.405 84.0119 101.78 48.0833 49.5782 93.0987 8.24621 78.7147 94.0479 115.389 36.8782 25.0 64.9853 67.1193 60.8276 20.6155 30.8058 54.7449 38.6264 65.9242 55.8803 80.0643 82.8613 51.6236 19.4165 55.8659 78.7909 89.6939 26.0192 86.3716 24.8395 5.09902 84.7833 14.4222 89.2861 75.8697 70.2282 90.9155 36.0 72.0139 51.1077 101.074 69.1462 18.6011 86.4087 50.0 53.4849 107.109 98.0635 31.4006 68.1316 52.2015 28.6356 64.1327 76.0263 19.2094 74.3303 
38.5461 18.0278 51.683 0.0 85.5102 77.0609 76.5861 35.258 68.2071 73.3709 60.0177 51.2468 13.8924 81.7098 7.07107 70.9888 84.5648 70.916 21.5998 15.5242 65.1162 17.4091 16.4012 63.4081 59.4423 95.7051 45.4424 23.8537 41.4367 44.7379 68.6319 45.1905 102.786 52.8029 58.3021 53.7933 82.8503 15.5242 44.1392 62.8288 36.7991 63.9628 43.4997 58.4081 59.1163 31.3847 21.5998 36.005 65.6668 65.1712 72.4913 27.4027 43.211 31.1448 51.6236 86.6181 49.6062 37.6431 71.603 19.4165 94.419 71.9151 63.5409 53.261 86.2102 68.9935 35.0571 78.0223 63.8549 22.198 95.4188 86.4213 51.9013 78.4421 76.4901 40.1622 89.7778 29.1421 48.408 51.5985 
56.8157 75.6983 74.6525 85.5102 0.0 27.6586 37.1214 63.9531 36.0438 40.4969 49.8304 61.6198 91.7519 45.31 78.4745 28.6356 30.0167 33.4441 65.6689 79.065 55.1543 80.8245 91.6236 37.4935 57.8552 31.257 53.2846 95.1655 89.7467 68.2422 31.8277 77.2717 49.163 37.8021 52.4976 46.6482 15.0333 95.8225 54.6443 48.8262 62.7174 39.6611 54.3185 59.679 47.8663 91.6533 79.0755 60.8276 21.0508 36.0694 43.2666 63.2438 63.6762 79.4898 79.2023 16.4924 60.3075 92.5202 25.7897 89.2524 19.4165 51.8941 33.8078 45.019 44.643 34.1674 76.1123 29.0689 24.7588 87.3122 43.0116 37.855 43.2782 10.0499 32.9848 91.1732 35.3553 68.5077 55.4437 52.3596 
50.0899 67.082 55.7136 77.0609 27.6586 0.0 61.0 51.0392 43.0465 13.6015 67.1193 42.3792 88.8856 69.8713 70.0251 6.08276 7.61577 41.5955 57.0701 70.6116 73.7968 68.2473 92.7011 44.9444 74.0945 58.8558 46.5772 86.6833 102.188 51.4198 53.367 92.399 76.6551 24.3311 30.8707 55.25 13.8924 88.8856 39.2046 25.5539 56.01 17.088 65.1346 52.9716 64.8845 97.5335 72.3681 48.0104 23.8537 55.9528 65.6881 53.3385 79.3397 68.0074 60.7454 43.0465 41.7612 101.7 47.3098 90.3298 47.0744 25.6125 49.7021 38.3116 70.2567 37.2022 63.1981 53.4603 15.6205 78.8628 70.1783 64.0312 27.0185 28.2843 5.38516 78.4092 13.6015 79.874 37.855 65.3916 
53.7096 74.4705 89.8944 76.5861 37.1214 61.0 0.0 73.7835 25.4951 71.0664 21.0238 79.6438 70.0584 9.0 69.5504 59.2115 65.521 24.3516 69.346 74.1541 22.8035 59.3234 69.9214 25.5539 28.1603 21.095 48.2598 88.5917 61.0 81.8841 11.1803 46.1736 26.4008 57.4891 74.9533 29.2062 51.264 74.129 69.9141 73.8241 42.9428 66.1891 33.541 54.6542 20.2237 66.0076 57.0224 71.3442 40.05 12.0416 7.61577 68.6959 33.541 84.8182 93.1504 21.4009 77.7543 65.2763 16.1245 66.4906 25.2389 80.1561 18.0278 39.2021 11.1803 31.9531 83.6063 8.06226 50.01 78.3881 18.868 9.84886 63.0787 32.7567 65.6201 97.0159 71.4703 43.1856 73.0064 27.8927 
24.7386 20.5183 18.0278 35.258 63.9531 51.0392 73.7835 0.0 48.6159 43.9318 63.8936 16.2788 46.8722 81.5093 28.2222 45.0999 58.0086 51.3248 13.9284 24.7588 70.342 29.1204 49.93 48.2597 66.0984 86.8628 30.8707 38.9487 75.6997 10.0499 62.6817 76.1052 99.0573 27.6586 25.4951 56.6297 59.6657 46.2277 12.1655 31.0161 36.8782 35.2278 48.0521 39.1548 62.4249 66.4966 34.2053 3.16228 44.1112 62.2757 73.0182 8.24621 68.3798 17.0294 19.9249 72.9026 14.8661 72.8616 60.0079 54.1288 79.6704 39.3573 55.7584 36.0694 84.9058 53.2845 12.3693 70.5469 40.8044 37.0599 91.2471 82.2017 24.0208 56.8864 49.0918 27.6586 62.2896 58.0775 15.2315 56.5155 
28.8544 54.5127 64.4777 68.2071 36.0438 43.0465 25.4951 48.6159 0.0 50.0 24.1661 54.2252 60.0233 33.8378 61.1714 39.3954 49.4362 3.0 44.4833 65.7751 31.0161 50.9444 59.895 2.23607 31.0644 38.2753 23.4045 80.2127 59.6406 56.4869 14.3178 49.5782 50.448 33.0822 50.6687 13.0 40.0181 64.0939 44.4955 50.0 32.8374 43.4166 22.5898 29.799 21.9317 59.9247 49.1955 46.0684 19.2354 15.1327 26.3059 43.8406 36.4005 59.9555 67.7844 25.4164 52.3357 61.4878 11.4018 57.2171 33.6402 57.3149 8.06226 13.7835 36.6742 7.0 58.6942 21.9317 28.7924 70.0091 42.638 33.6006 38.6298 32.45 46.5188 72.1532 55.8386 37.3293 47.5878 22.6274 
49.5782 62.3939 44.911 73.3709 40.4969 13.6015 71.0664 43.9318 50.0 0.0 74.0338 32.1403 85.1956 80.0562 66.3352 12.1655 17.0 49.2443 52.8015 66.3099 80.9568 64.5573 88.1729 51.5717 80.7203 71.3092 47.651 81.9329 103.451 42.0119 61.5224 97.8105 88.8426 21.9317 20.0998 59.4122 27.4591 85.1956 31.7805 14.1421 57.0838 9.43398 70.1805 54.0454 71.8078 98.498 69.355 41.2311 31.4006 64.1327 74.6726 48.1041 85.3987 60.8276 50.01 54.9181 32.0156 102.728 55.2268 91.4161 59.7746 12.0416 57.4891 39.8284 81.0247 43.3244 55.3263 64.0078 21.3776 75.1729 82.0366 75.2396 21.4709 39.2046 8.48528 70.0643 19.2354 81.6353 29.1548 71.1168 
39.2173 58.0086 81.5331 60.0177 49.8304 67.1193 21.0238 63.8936 24.1661 74.0338 0.0 73.437 50.0908 23.2594 52.982 63.561 73.4537 25.5539 54.4109 57.6299 7.07107 42.638 49.7695 22.4722 8.06226 42.0119 33.7441 69.2665 40.8044 73.2874 18.3576 27.4591 45.31 55.5788 72.111 17.1172 62.5583 54.1614 63.3877 72.6911 27.313 67.1672 16.6433 46.2215 2.23607 45.0 39.598 62.1264 43.382 13.8924 14.5602 57.3246 13.8924 70.1171 83.8179 37.5766 71.4493 44.5533 24.2074 45.8803 43.9659 80.6106 17.8045 35.5106 28.2312 30.7809 72.1818 25.7099 52.9245 61.8197 38.6005 30.4138 60.208 43.3584 70.6824 81.2761 79.8561 22.2036 67.1863 8.48528 
36.3456 36.7696 13.4164 51.2468 61.6198 42.3792 79.6438 16.2788 54.2252 32.1403 73.437 0.0 63.0079 87.9251 44.211 37.1618 48.2701 56.9341 29.6816 41.0122 80.3201 44.2832 66.0303 54.4059 77.0065 88.4274 40.05 54.6443 90.4765 10.198 68.4635 89.2693 103.267 24.0832 12.0416 56.3205 53.7122 62.482 10.0499 18.0278 48.0937 25.2982 59.0085 47.2156 71.5681 82.4855 49.2443 15.2643 43.4166 68.9638 80.0812 23.8537 80.0999 30.8707 18.3848 71.431 2.0 87.9478 64.5906 70.1176 78.1988 24.7386 61.9839 40.4969 90.8241 58.8937 24.6982 75.0758 36.8782 53.0488 95.5668 87.1447 18.3848 55.4149 39.0512 38.4708 51.3517 71.4067 6.7082 67.0298 
50.3707 27.313 62.2415 13.8924 91.7519 88.8856 70.0584 46.8722 60.0233 85.1956 50.0908 63.0079 0.0 73.35 19.105 82.8135 96.3895 62.5417 33.4215 23.4094 52.6972 29.2338 3.16228 57.8186 46.0435 89.9828 46.5085 21.5407 34.5254 55.9464 63.0339 43.0465 95.3582 64.6275 70.1268 48.2038 96.8871 4.24264 55.9638 74.6535 38.0132 75.7875 37.6752 59.8577 50.1923 22.0 28.9941 47.8017 79.6934 59.3903 64.4992 39.2046 43.9318 39.0512 61.3514 81.0286 61.4003 29.0172 66.0135 9.05539 88.8295 83.7398 57.9514 59.9076 78.3023 74.3253 44.2719 72.3711 75.6795 34.0227 88.4536 79.8475 63.726 85.28 88.3148 45.0111 101.603 29.8329 60.2327 42.2231 
61.4099 79.5942 97.9898 81.7098 45.31 69.8713 9.0 81.5093 33.8378 80.0562 23.2594 87.9251 73.35 0.0 74.674 68.1836 74.2159 32.9848 77.0464 79.2777 22.2036 64.4471 73.0068 33.6155 28.6356 23.7065 55.9601 93.7153 60.0333 89.8999 19.6469 44.2832 22.1359 66.2873 83.7437 35.4683 59.7746 77.4206 78.1857 82.7345 48.0665 75.1665 38.4187 62.3546 23.3238 66.7533 62.0081 79.177 49.0408 19.2354 9.21954 76.4495 33.1361 92.5186 101.074 29.0689 86.0356 65.0692 25.0799 68.9493 31.1448 89.1403 26.0 47.4834 5.09902 40.5216 91.3067 16.4924 59.0085 83.5117 16.0312 10.2956 71.8509 41.5933 74.5453 102.859 80.0812 44.9222 81.2877 31.3847 
31.5103 11.1803 44.643 7.07107 78.4745 70.0251 69.5504 28.2222 61.1714 66.3352 52.982 44.211 19.105 74.674 0.0 63.9531 77.5291 63.8803 14.564 9.43398 58.0804 10.3734 22.0227 56.3724 52.4066 88.6693 38.4067 21.8403 48.5077 37.7021 61.5961 57.7517 95.7507 45.7671 51.2663 46.7575 75.8145 19.4165 37.1034 55.7931 29.7633 56.927 36.4639 51.3724 52.0806 38.2753 14.564 28.9693 58.6311 58.1354 65.4556 20.3669 52.9317 24.3311 44.5533 79.5823 42.5704 44.643 64.5672 25.9422 87.3832 64.8794 56.5051 46.2253 79.1745 61.9577 28.0179 70.9866 56.8191 15.1623 88.383 79.3855 44.8655 71.4063 69.4544 34.0147 82.7421 40.2702 41.3722 44.5628 
44.2945 61.0 50.5668 70.9888 28.6356 6.08276 59.2115 45.0999 39.3954 12.1655 63.561 37.1618 82.8135 68.1836 63.9531 0.0 13.6015 38.2753 50.9902 64.5368 70.3847 62.1752 85.7908 41.1461 70.2949 59.203 40.8834 80.604 96.6832 45.8803 50.0144 88.9547 76.6877 18.2483 26.0768 51.4401 17.0294 82.8135 33.3766 21.2603 50.3162 12.2066 61.3247 47.2778 61.327 91.8397 66.6743 42.0476 20.2485 52.8867 63.1604 47.2652 75.5298 62.0322 55.5428 42.7551 36.4005 96.006 43.6184 84.7659 47.7598 23.2594 46.4866 32.6178 69.0 33.121 57.3149 52.0096 10.8167 72.7908 69.8713 63.1269 21.095 27.074 7.2111 72.5603 19.2354 76.0642 32.28 61.5817 
57.6975 74.5252 61.4003 84.5648 30.0167 7.61577 65.521 58.0086 49.4362 17.0 73.4537 48.2701 96.3895 74.2159 77.5291 13.6015 0.0 47.9275 64.5368 78.1025 80.1288 75.7512 100.3 51.4037 80.5001 61.0737 54.176 94.1488 108.671 57.7062 58.2603 98.8828 79.0569 31.7805 36.4005 61.7338 15.0 96.3895 46.0109 30.6757 63.6088 23.1948 71.6184 60.5704 71.2195 105.132 79.9669 55.0364 30.4795 62.4944 70.5815 60.6712 85.8115 75.0267 66.4831 46.2709 47.8539 109.299 52.2031 97.9286 49.0918 28.6007 56.0341 45.9103 74.1485 43.9318 70.0286 57.7235 23.0217 86.3668 73.0274 67.6018 34.0588 32.8938 9.21954 85.1469 6.40312 86.3578 44.2832 71.8754 
31.5633 57.2219 67.1866 70.916 33.4441 41.5955 24.3516 51.3248 3.0 49.2443 25.5539 56.9341 62.5417 32.9848 63.8803 38.2753 47.9275 0.0 47.1925 60.5886 32.2025 53.6533 62.4134 5.09902 32.8024 35.805 26.1134 82.9216 62.1289 59.1958 13.3417 51.6236 48.6004 33.3766 50.8131 15.8114 38.5094 66.6123 47.2044 50.0899 35.5463 43.1045 25.1082 32.5079 23.3238 62.4431 51.9044 48.7773 18.0278 15.0333 26.0192 46.5495 38.2884 62.6647 70.4933 22.8167 55.0446 64.0063 9.21954 59.7356 31.0404 57.0789 8.24621 16.4924 35.4683 7.61577 61.4031 20.0 27.8927 72.718 40.8044 31.9061 38.9194 26.9721 45.31 74.8624 54.3299 39.8246 50.2967 24.8395 
18.7047 10.0499 31.257 21.5998 65.6689 57.0701 69.346 13.9284 44.4833 52.8015 54.4109 29.6816 33.4215 77.0464 14.564 50.9902 64.5368 47.1925 0.0 13.6015 59.8855 15.2971 36.4018 43.9012 54.7321 82.7304 25.6011 29.6142 61.8945 23.7697 58.2924 63.0079 94.8702 32.7567 36.8782 50.6605 63.0079 33.2415 22.6716 41.6173 30.7697 43.4626 37.8062 34.6918 56.4557 52.8385 20.3961 14.4222 45.8255 57.8128 68.5552 5.83095 56.2939 16.9706 32.0156 69.8342 28.0179 59.2034 55.8756 40.4706 78.0579 50.6063 51.3189 33.4197 80.4502 49.1521 17.4642 66.4171 44.0114 23.4018 87.0617 77.9553 31.3847 58.6007 56.3205 29.0689 69.6419 45.0444 26.8701 46.095 
32.1008 4.24264 38.9102 15.5242 79.065 70.6116 74.1541 24.7588 65.7751 66.3099 57.6299 41.0122 23.4094 79.2777 9.43398 64.5368 78.1025 60.5886 13.6015 0.0 62.7284 15.0214 26.5707 60.9761 57.0545 93.273 38.9972 16.1245 56.0357 33.0151 66.1998 60.6625 100.354 46.3249 49.6488 51.3612 76.405 21.9545 35.5106 54.7083 34.367 57.0088 41.1119 55.9761 56.7285 44.7214 19.212 26.4008 59.2216 62.7391 70.0593 18.3576 57.5797 16.0312 37.9473 83.2303 39.6232 51.4782 69.1709 31.7805 91.454 63.5138 61.1088 46.8158 83.7782 62.5482 20.8806 75.5903 57.4096 19.8102 92.9867 83.9892 44.9444 71.9968 69.9214 24.6982 83.2406 44.9182 39.4081 49.2107 
45.607 63.2851 88.0738 65.1162 55.1543 73.7968 22.8035 70.342 31.0161 80.9568 7.07107 80.3201 52.6972 22.2036 58.0804 70.3847 80.1288 32.2025 59.8855 62.7284 0.0 47.7074 51.9711 29.4109 6.7082 43.7379 40.3304 72.0303 38.3275 79.8311 23.3452 23.4094 44.1475 62.6498 79.1581 24.0208 67.8823 56.8595 70.2707 79.7621 33.5261 74.2313 22.4722 53.1045 9.21954 44.5533 44.2041 68.6586 50.1597 19.105 15.2971 63.6831 11.0 75.591 90.2497 41.8808 78.3324 43.0 29.7321 47.4236 47.4236 87.6748 24.1868 42.5793 27.2947 37.7055 77.2648 29.0689 59.808 66.9181 38.2099 31.0644 67.2681 48.6824 77.4726 86.6083 86.5312 23.2594 74.108 13.9284 
27.0551 15.6525 46.5296 17.4091 80.8245 68.2473 59.3234 29.1204 50.9444 64.5573 42.638 44.2832 29.2338 64.4471 10.3734 62.1752 75.7512 53.6533 15.2971 15.0214 47.7074 0.0 32.2111 46.1454 42.0595 78.4424 27.6663 29.4147 46.5993 39.0512 51.3692 48.1664 85.5237 43.9893 49.9182 36.5306 78.1748 29.2338 36.0555 54.1525 19.5364 55.1492 26.1725 41.1454 41.7732 38.9574 5.09902 29.1548 60.9811 47.9085 55.228 20.8806 42.72 28.4605 47.0425 69.3554 42.4853 43.993 54.3403 36.28 77.1563 63.3047 46.2782 41.1953 68.9475 55.613 31.257 60.7596 55.0413 19.2111 78.1561 69.1586 43.0877 81.7478 67.6765 38.9487 80.9642 30.4138 40.4969 34.2053 
53.348 30.4631 65.3911 16.4012 91.6236 92.7011 69.9214 49.93 59.895 88.1729 49.7695 66.0303 3.16228 73.0068 22.0227 85.7908 100.3 62.4134 36.4018 26.5707 51.9711 32.2111 0.0 57.6903 45.2769 89.8545 46.3802 24.0416 31.7805 59.0593 62.9056 41.0488 95.0789 67.6048 73.1041 48.0755 96.7588 6.32456 58.9411 77.6308 37.8849 78.7647 37.5469 59.7294 49.98 19.0263 28.8658 50.8035 79.5651 59.262 64.2573 42.2019 42.8019 42.2019 64.5136 80.9003 64.405 26.0768 65.8852 6.32456 88.7012 86.7171 57.8231 59.7793 78.0 74.197 47.4342 72.2428 77.9392 37.0 88.2553 79.6994 66.7032 85.1517 91.2921 48.0 104.58 28.8444 63.2099 42.0595 
28.2648 53.9306 64.405 63.4081 37.4935 44.9444 25.5539 48.2597 2.23607 51.5717 22.4722 54.4059 57.8186 33.6155 56.3724 41.1461 51.4037 5.09902 43.9012 60.9761 29.4109 46.1454 57.6903 0.0 29.1548 39.4462 22.8149 75.4137 57.4282 56.356 14.4222 47.5079 50.9902 34.0 51.1566 10.7703 41.9856 61.8892 44.5982 51.0392 32.2478 44.8154 20.3852 29.2094 20.2485 57.72 44.3965 45.793 21.095 14.5602 25.7099 43.251 34.4093 59.3734 67.6018 26.8661 52.4976 59.2832 12.53 55.0125 35.0898 58.6719 7.61577 14.1421 36.7151 8.31883 58.1067 22.6716 30.4631 65.2101 43.1856 34.0588 39.1152 34.4175 48.3011 71.5711 57.8061 35.1246 47.8017 20.5183 
41.4367 57.7062 84.0119 59.4423 57.8552 74.0945 28.1603 66.0984 31.0644 80.7203 8.06226 77.0065 46.0435 28.6356 52.4066 70.2949 80.5001 32.8024 54.7321 57.0545 6.7082 42.0595 45.2769 29.1548 0.0 49.2544 37.0135 65.4386 32.9848 75.8024 26.4197 19.4165 50.6952 60.8769 76.8098 21.587 71.082 50.2195 67.0 77.8781 29.2746 72.7641 18.1108 50.1123 10.0 38.2099 38.2753 64.6297 50.2494 21.9545 21.0 59.3559 5.83095 70.2638 85.9377 45.618 75.0067 37.1214 32.2025 40.7185 51.8652 86.1278 25.4558 41.1096 33.7343 37.4675 72.1114 33.5261 59.6159 61.2443 44.5533 37.0135 65.1153 51.3833 77.4499 81.0062 86.9025 16.5529 71.0282 10.0499 
67.1012 92.7598 101.78 95.7051 31.257 58.8558 21.095 86.8628 38.2753 71.3092 42.0119 88.4274 89.9828 23.7065 88.6693 59.203 61.0737 35.805 82.7304 93.273 43.7379 78.4424 89.8545 39.4462 49.2544 0.0 61.6514 107.711 82.0366 94.7188 27.2029 66.9403 18.0 64.3475 80.5443 46.8188 46.0977 94.0534 81.2215 77.8781 62.0618 69.0797 52.6821 68.0458 41.0122 87.0057 76.1413 86.772 46.9915 30.5941 28.4429 82.0875 54.5894 98.2026 105.975 17.0 86.9685 86.3713 26.9258 86.8332 12.0 82.2192 33.6155 52.0304 20.0 42.6918 96.9411 17.72 52.8015 97.507 13.0 13.4164 70.078 33.1059 64.1327 110.4 66.0076 64.0312 82.013 48.2597 
8.06226 35.6305 48.0833 45.4424 53.2846 46.5772 48.2598 30.8707 23.4045 47.651 33.7441 40.05 46.5085 55.9601 38.4067 40.8834 54.176 26.1134 25.6011 38.9972 40.3304 27.6663 46.3802 22.8149 37.0135 61.6514 0.0 57.448 55.8032 39.8497 37.2061 50.9215 73.7839 26.0768 40.2616 22.7105 50.6349 57.2671 30.0167 42.1545 9.43398 38.8334 19.2354 13.6056 37.9712 51.0882 25.9174 28.7924 33.4412 36.7265 47.469 25.0 40.4475 41.0733 50.6952 48.7552 38.0526 55.1725 34.7966 44.0089 56.9789 50.9902 30.2326 13.6554 59.364 28.0731 39.8614 45.3308 31.8153 47.2444 65.9754 56.869 29.1548 54.2079 47.6534 53.2709 60.0811 34.0 34.0147 27.0 
48.2013 19.6469 49.5782 23.8537 95.1655 86.6833 88.5917 38.9487 80.2127 81.9329 69.2665 54.6443 21.5407 93.7153 21.8403 80.604 94.1488 82.9216 29.6142 16.1245 72.0303 29.4147 24.0416 75.4137 65.4386 107.711 57.448 0.0 55.7853 45.4533 80.6374 64.4127 114.792 62.3699 64.4127 65.7989 92.5055 17.72 50.5668 69.7782 48.8047 72.7324 55.5053 70.4137 69.368 42.7551 33.6054 41.1461 75.322 77.1767 84.4969 33.8378 63.897 24.7588 47.2017 98.6236 53.535 49.8197 83.6085 30.3645 106.425 78.2943 75.5464 62.9163 98.2158 80.9991 31.1127 90.0279 73.5101 34.2036 107.424 98.4268 60.7289 88.0973 85.8662 25.9615 99.2018 49.8197 54.1202 61.3988 
55.7915 59.2115 93.0987 41.4367 89.7467 102.188 61.0 75.6997 59.6406 103.451 40.8044 90.4765 34.5254 60.0333 48.5077 96.6832 108.671 62.1289 61.8945 56.0357 38.3275 46.5993 31.7805 57.4282 32.9848 82.0366 55.8032 55.7853 0.0 85.6494 58.8727 16.2788 81.1542 81.8413 94.5828 47.8234 99.0329 38.0789 81.9339 97.2627 46.4004 94.6256 39.6989 69.4054 42.3792 13.4164 41.5019 75.5844 78.3355 54.4243 53.6004 67.454 27.4591 72.0625 93.0591 78.1857 88.6044 7.07107 63.9766 25.4951 84.7703 106.33 56.356 69.4553 65.0077 65.5503 76.4199 66.4831 87.6151 63.6236 76.0066 69.3542 84.3801 83.2748 103.453 79.3095 115.074 22.6716 86.3784 37.5899 
34.3657 28.8444 8.24621 44.7379 68.2422 51.4198 81.8841 10.0499 56.4869 42.0119 73.2874 10.198 55.9464 89.8999 37.7021 45.8803 57.7062 59.1958 23.7697 33.0151 79.8311 39.0512 59.0593 56.356 75.8024 94.7188 39.8497 45.4533 85.6494 0.0 70.7107 86.1452 106.928 30.5287 22.0227 56.8011 61.8466 54.9181 13.6015 28.0179 46.5296 34.5254 57.7062 47.6962 71.8186 75.9765 44.1475 11.1803 48.9183 70.6824 81.5414 18.2483 78.2304 21.095 11.4018 77.7224 10.0 82.3415 67.8789 63.561 84.4902 34.9285 63.9531 43.2666 93.0591 61.1554 14.7648 78.4179 43.909 46.5398 99.1181 90.0727 25.4951 61.423 48.5077 28.2843 61.131 68.1175 13.6015 66.0984 
42.656 66.5163 78.7147 68.6319 31.8277 53.367 11.1803 62.6817 14.3178 61.5224 18.3576 68.4635 63.0339 19.6469 61.5961 50.0144 58.2603 13.3417 58.2924 66.1998 23.3452 51.3692 62.9056 14.4222 26.4197 27.2029 37.2061 80.6374 58.8727 70.7107 0.0 45.793 36.7696 46.6905 64.1345 19.6977 44.5749 67.1045 58.7338 63.2851 34.9886 56.0 25.6089 43.6006 16.5529 61.6604 49.0682 60.208 30.1496 4.47214 13.1529 57.6422 32.249 73.7646 81.9878 19.3132 66.574 62.0967 6.7082 60.1332 26.3059 70.0 7.07107 28.0218 22.3607 20.8806 72.4979 9.48683 40.1995 70.4338 29.0 19.799 52.2408 25.375 56.8735 85.9623 64.3739 38.4708 61.8261 22.2036 
52.9528 63.1334 94.0479 45.1905 77.2717 92.399 46.1736 76.1052 49.5782 97.8105 27.4591 89.2693 43.0465 44.2832 57.7517 88.9547 98.8828 51.6236 63.0079 60.6625 23.4094 48.1664 41.0488 47.5079 19.4165 66.9403 50.9215 64.4127 16.2788 86.1452 45.793 0.0 65.0308 76.8965 91.0934 38.4003 89.4481 47.1699 79.6241 93.0507 41.7612 89.6647 32.2025 64.4243 29.4109 26.6271 43.2897 75.326 68.5469 41.3401 38.6005 68.0294 13.6015 76.1764 95.0211 64.8845 87.2983 22.4722 51.614 35.0 70.7743 101.848 44.6878 58.095 49.163 55.7617 79.404 52.3927 78.2757 66.5894 60.1332 53.9351 80.0563 70.7998 96.1097 85.1645 105.285 18.0278 83.9524 27.0185 
79.2337 100.671 115.389 102.786 49.163 76.6551 26.4008 99.0573 50.448 88.8426 45.31 103.267 95.3582 22.1359 95.7507 76.6877 79.0569 48.6004 94.8702 100.354 44.1475 85.5237 95.0789 50.9902 50.6952 18.0 73.7839 114.792 81.1542 106.928 36.7696 65.0308 0.0 80.0243 97.1221 55.6058 64.0703 99.4288 94.8305 94.583 69.1431 86.0233 59.6825 80.1783 45.1885 88.6454 83.2227 96.5098 63.5692 38.4187 30.8707 94.22 54.9181 110.342 118.226 33.9559 101.614 86.5794 39.4081 91.0824 30.0 99.4585 43.8406 64.2249 17.088 56.0357 109.076 28.6007 69.5701 104.588 7.81025 16.9706 85.7575 50.0 81.8841 122.54 84.006 67.0522 96.6161 53.2259 
27.6586 42.7551 36.8782 52.8029 37.8021 24.3311 57.4891 27.6586 33.0822 21.9317 55.5788 24.0832 64.6275 66.2873 45.7671 18.2483 31.7805 33.3766 32.7567 46.3249 62.6498 43.9893 67.6048 34.0 60.8769 64.3475 26.0768 62.3699 81.8413 30.5287 46.6905 76.8965 80.0243 0.0 17.4642 39.2938 32.0156 64.6275 17.0 17.1172 35.5106 12.8062 45.0332 32.4722 53.4603 76.7028 48.7869 24.5153 19.4165 48.1746 59.3068 29.0689 65.2586 44.2832 41.4005 47.3511 22.6274 80.9342 41.4849 69.6209 54.1189 25.2982 41.1228 20.0998 68.4105 26.09 40.025 51.8652 13.4164 54.6048 72.3236 63.9089 5.83095 31.3349 23.7697 55.3173 37.0 60.0621 17.6918 50.9676 
38.9102 45.4863 25.0 58.3021 52.4976 30.8707 74.9533 25.4951 50.6687 20.0998 72.111 12.0416 70.1268 83.7437 51.2663 26.0768 36.4005 50.8131 36.8782 49.6488 79.1581 49.9182 73.1041 51.1566 76.8098 80.5443 40.2616 64.4127 94.5828 22.0227 64.1345 91.0934 97.1221 17.4642 0.0 55.3263 43.0116 70.0928 14.2127 6.0 49.3356 13.8924 59.439 46.8782 70.0643 88.2556 54.7159 23.3238 36.2491 65.5333 76.7135 31.4006 80.616 41.7612 30.0832 63.5479 12.0416 93.1603 58.9406 77.1729 70.1783 13.8924 58.474 37.054 85.8662 43.5229 35.9026 69.2604 28.0179 60.1041 89.7087 81.294 12.0416 47.5079 27.2029 50.2494 39.3192 73.736 10.2956 66.8555 
31.9558 51.6777 64.9853 53.7933 46.6482 55.25 29.2062 56.6297 13.0 59.4122 17.1172 56.3205 48.2038 35.4683 46.7575 51.4401 61.7338 15.8114 50.6605 51.3612 24.0208 36.5306 48.0755 10.7703 21.587 46.8188 22.7105 65.7989 47.8234 56.8011 19.6977 38.4003 55.6058 39.2938 55.3263 0.0 52.3157 52.2744 46.2709 56.2939 20.15 51.2663 10.7703 29.105 15.2971 48.1052 34.2296 45.9378 31.3979 17.2047 26.4008 50.0636 26.0 66.1327 76.554 36.0208 54.3328 49.6683 21.095 45.3977 44.1814 64.56 13.3417 19.6977 39.598 18.6127 64.9208 29.1548 40.7612 55.5953 48.0104 38.833 43.566 44.0582 58.5951 74.9422 68.1362 25.5098 50.0899 11.7047 
54.1661 73.0383 67.1193 82.8503 15.0333 13.8924 51.264 59.6657 40.0181 27.4591 62.5583 53.7122 96.8871 59.7746 75.8145 17.0294 15.0 38.5094 63.0079 76.405 67.8823 78.1748 96.7588 41.9856 71.082 46.0977 50.6349 92.5055 99.0329 61.8466 44.5749 89.4481 64.0703 32.0156 43.0116 52.3157 0.0 94.675 48.7032 38.2884 60.0678 29.2062 61.9799 57.0294 60.5942 99.3147 76.4259 56.5155 21.5407 48.809 56.7979 60.2993 76.3934 76.1183 72.0069 31.4006 52.7731 100.878 38.5176 94.3876 34.1321 39.4081 46.5357 42.3693 59.439 34.6636 72.0347 43.3244 19.105 84.6522 58.0345 52.7731 36.4005 19.4165 19.2354 87.3212 20.3961 76.7193 48.3322 62.4302 
50.3707 26.0768 60.8276 15.5242 95.8225 88.8856 74.129 46.2277 64.0939 85.1956 54.1614 62.482 4.24264 77.4206 19.4165 82.8135 96.3895 66.6123 33.2415 21.9545 56.8595 29.2338 6.32456 61.8892 50.2195 94.0534 57.2671 17.72 38.0789 54.9181 67.1045 47.1699 99.4288 64.6275 70.0928 52.2744 94.675 0.0 55.9017 74.6535 42.0838 75.7875 41.7458 63.9283 54.2629 25.1794 33.4245 47.4236 77.4915 63.4609 68.5698 38.8973 48.1664 37.0 59.6154 85.0992 60.959 32.249 70.0841 12.6491 92.9001 83.7377 62.022 65.0857 82.3729 78.3959 42.5441 76.4417 75.6795 34.0227 92.5242 83.9181 63.726 89.3506 88.3148 42.0476 101.603 34.0588 60.1082 46.2937 
26.6833 31.3847 20.6155 44.1392 54.6443 39.2046 69.9141 12.1655 44.4955 31.7805 63.3877 10.0499 55.9638 78.1857 37.1034 33.3766 46.0109 47.2044 22.6716 35.5106 70.2707 36.0555 58.9411 44.5982 67.0 81.2215 30.0167 50.5668 81.9339 13.6015 58.7338 79.6241 94.8305 17.0 14.2127 46.2709 48.7032 55.9017 0.0 19.2354 38.2099 23.0868 49.0408 37.1662 61.5224 74.3929 40.8532 9.48683 35.3836 59.1354 70.214 17.2047 70.1783 29.1548 24.7588 64.2251 8.06226 79.4285 55.8876 63.01 70.6141 28.0179 52.2015 30.8707 81.0945 49.1641 24.0208 66.6388 30.4138 45.9411 87.1298 78.0813 12.3693 47.8302 37.0135 39.2046 50.1597 61.8466 4.47214 57.0088 
41.8808 50.6063 30.8058 62.8288 48.8262 25.5539 73.8241 31.0161 50.0 14.1421 72.6911 18.0278 74.6535 82.7345 55.7931 21.2603 30.6757 50.0899 41.6173 54.7083 79.7621 54.1525 77.6308 51.0392 77.8781 77.8781 42.1545 69.7782 97.2627 28.0179 63.2851 93.0507 94.583 17.1172 6.0 56.2939 38.2884 74.6535 19.2354 0.0 51.4782 9.21954 61.1874 48.6264 70.5762 92.2343 58.9502 28.6356 34.2053 65.0308 76.1052 36.3593 82.2272 47.5395 35.9026 60.9262 18.0278 96.1823 57.7062 81.6997 67.1193 9.21954 58.0086 37.2156 84.5281 43.0 41.7732 67.7116 25.0799 64.6308 87.3362 79.7435 13.0 44.7772 21.5407 56.2228 33.3766 76.0592 15.8114 67.9362 
12.1655 34.6835 54.7449 36.7991 62.7174 56.01 42.9428 36.8782 32.8374 57.0838 27.313 48.0937 38.0132 48.0665 29.7633 50.3162 63.6088 35.5463 30.7697 34.367 33.5261 19.5364 37.8849 32.2478 29.2746 62.0618 9.43398 48.8047 46.4004 46.5296 34.9886 41.7612 69.1431 35.5106 49.3356 20.15 60.0678 42.0838 38.2099 51.4782 0.0 48.2662 11.1803 23.0384 25.9422 42.2019 17.7875 35.3553 42.874 31.5279 38.848 30.1729 32.0156 46.789 56.7539 58.188 46.0977 45.9674 37.9597 35.5136 66.4118 60.3738 29.8976 23.0883 52.5669 37.5059 45.03 44.379 41.2481 38.601 61.7755 52.778 38.4838 63.6408 57.0863 57.948 69.514 24.5967 42.4264 19.6469 
40.3113 53.1413 38.6264 63.9628 39.6611 17.088 66.1891 35.2278 43.4166 9.43398 67.1672 25.2982 75.7875 75.1665 56.927 12.2066 23.1948 43.1045 43.4626 57.0088 74.2313 55.1492 78.7647 44.8154 72.7641 69.0797 38.8334 72.7324 94.6256 34.5254 56.0 89.6647 86.0233 12.8062 13.8924 51.2663 29.2062 75.7875 23.0868 9.21954 48.2662 0.0 57.7889 45.2278 65.0188 89.509 59.9468 32.3883 26.1725 58.1378 69.029 38.8973 77.265 52.2398 43.6578 52.2015 24.7386 93.7404 50.0899 82.4271 58.1378 14.0 51.2445 31.6825 76.6607 36.4966 47.0106 59.8063 16.4924 65.7647 78.848 71.4155 12.083 36.0555 14.0357 62.0322 27.074 72.8177 21.095 62.971 
23.3452 41.4069 65.9242 43.4997 54.3185 65.1346 33.541 48.0521 22.5898 70.1805 16.6433 59.0085 37.6752 38.4187 36.4639 61.3247 71.6184 25.1082 37.8062 41.1119 22.4722 26.1725 37.5469 20.3852 18.1108 52.6821 19.2354 55.5053 39.6989 57.7062 25.6089 32.2025 59.6825 45.0332 59.439 10.7703 61.9799 41.7458 49.0408 61.1874 11.1803 57.7889 0.0 32.561 15.6205 38.6264 23.6008 46.5296 41.2825 22.1482 29.2062 41.3316 21.2132 53.5125 67.9133 43.5951 57.0088 40.8167 28.58 35.0143 51.396 69.9847 20.5179 30.465 43.0116 28.4973 55.1855 34.9994 50.6457 45.3017 52.3546 43.382 48.193 47.8466 68.4797 64.6715 78.0207 17.0294 53.1507 8.544 
19.0554 44.7212 55.8803 58.4081 59.679 52.9716 54.6542 39.1548 29.799 54.0454 46.2215 47.2156 59.8577 62.3546 51.3724 47.2778 60.5704 32.5079 34.6918 55.9761 53.1045 41.1454 59.7294 29.2094 50.1123 68.0458 13.6056 70.4137 69.4054 47.6962 43.6006 64.4243 80.1783 32.4722 46.8782 29.105 57.0294 63.9283 37.1662 48.6264 23.0384 45.2278 32.561 0.0 44.3657 64.5619 39.3965 36.8328 39.8356 43.121 53.8634 34.0949 53.7379 50.164 58.7545 55.1496 45.2278 68.7282 41.191 57.3582 63.3733 57.4236 36.6271 20.0499 65.7584 34.4675 48.9521 51.7253 38.2097 60.2101 72.3699 63.2635 35.632 60.6024 54.0479 62.3617 66.4756 47.5899 41.0161 40.0666 
37.751 57.026 80.0643 59.1163 47.8663 64.8845 20.2237 62.4249 21.9317 71.8078 2.23607 71.5681 50.1923 23.3238 52.0806 61.327 71.2195 23.3238 56.4557 56.7285 9.21954 41.7732 49.98 20.2485 10.0 41.0122 37.9712 69.368 42.3792 71.8186 16.5529 29.4109 45.1885 53.4603 70.0643 15.2971 60.5942 54.2629 61.5224 70.5762 25.9422 65.0188 15.6205 44.3657 0.0 46.0435 38.9487 60.6576 41.1461 12.083 14.3178 55.8588 15.8114 69.1316 82.3492 35.8469 69.5845 45.8912 22.2036 46.3249 42.45 78.4623 15.6205 33.3766 28.178 28.555 70.7159 24.3311 50.6952 60.9183 38.2753 29.8329 58.1378 41.3944 68.4471 80.2906 77.6218 23.0217 65.2763 8.06226 
50.7631 48.2701 82.8613 31.3847 91.6533 97.5335 66.0076 66.4966 59.9247 98.498 45.0 82.4855 22.0 66.7533 38.2753 91.8397 105.132 62.4431 52.8385 44.7214 44.5533 38.9574 19.0263 57.72 38.2099 87.0057 51.0882 42.7551 13.4164 75.9765 61.6604 26.6271 88.6454 76.7028 88.2556 48.1052 99.3147 25.1794 74.3929 92.2343 42.2019 89.509 38.6264 64.5619 46.0435 0.0 33.8599 67.2437 84.3975 57.4282 59.1354 58.6413 33.7343 60.6712 82.4621 80.604 81.0575 7.07107 65.7343 13.0384 87.9659 101.302 57.7235 64.6118 71.8471 65.8322 65.5134 70.2567 82.7716 53.4367 82.7345 75.1665 79.3516 85.1814 98.6098 67.0075 111.037 23.1948 78.8374 39.4588 
25.3062 19.9458 51.6236 21.5998 79.0755 72.3681 57.0224 34.2053 49.1955 69.355 39.598 49.2443 28.9941 62.0081 14.564 66.6743 79.9669 51.9044 20.3961 19.212 44.2041 5.09902 28.8658 44.3965 38.2753 76.1413 25.9174 33.6054 41.5019 44.1475 49.0682 43.2897 83.2227 48.7869 54.7159 34.2296 76.4259 33.4245 40.8532 58.9502 17.7875 59.9468 23.6008 39.3965 38.9487 33.8599 0.0 34.176 59.2321 45.6075 52.8015 25.9615 38.4838 32.9848 52.0865 67.6065 47.4236 38.8955 52.5913 26.4946 75.4074 68.1024 44.5293 39.4464 66.6108 53.864 36.1248 58.4586 57.6062 23.4018 75.855 66.8576 47.8854 79.9989 73.4444 43.1665 85.8721 25.7099 45.2976 31.1127 
23.1948 22.2036 19.4165 36.005 60.8276 48.0104 71.3442 3.16228 46.0684 41.2311 62.1264 15.2643 47.8017 79.177 28.9693 42.0476 55.0364 48.7773 14.4222 26.4008 68.6586 29.1548 50.8035 45.793 64.6297 86.772 28.7924 41.1461 75.5844 11.1803 60.208 75.326 96.5098 24.5153 23.3238 45.9378 56.5155 47.4236 9.48683 28.6356 35.3553 32.3883 46.5296 36.8328 60.6576 67.2437 34.176 0.0 40.9843 59.9416 70.6962 8.60233 67.1193 20.0 21.9317 69.7756 13.6015 72.988 57.4605 54.8759 76.5434 37.2156 53.3385 33.3017 82.4924 50.737 15.5242 67.9995 37.6431 37.807 88.6997 79.6542 21.0 53.7595 46.1736 30.8058 59.4138 57.3149 13.0384 54.9181 
36.9723 55.8549 55.8659 65.6668 21.0508 23.8537 40.05 44.1112 19.2354 31.4006 43.382 43.4166 79.6934 49.0408 58.6311 20.2485 30.4795 18.0278 45.8255 59.2216 50.1597 60.9811 79.5651 21.095 50.2494 46.9915 33.4412 75.322 78.3355 48.9183 30.1496 68.5469 63.5692 19.4165 36.2491 31.3979 21.5407 77.4915 35.3836 34.2053 42.874 26.1725 41.2825 39.8356 41.1461 84.3975 59.2321 40.9843 0.0 32.7567 43.2897 43.4004 55.4876 59.6464 60.1415 29.9951 41.8688 80.1805 24.0 77.1938 36.7629 40.1123 26.2488 25.1756 50.4895 13.4536 56.2689 33.6351 10.0499 67.4688 56.3224 45.667 25.2389 13.9789 27.313 71.3297 36.8782 56.022 36.8782 41.5395 
42.1764 63.0556 78.7909 65.1712 36.0694 55.9528 12.0416 62.2757 15.1327 64.1327 13.8924 68.9638 59.3903 19.2354 58.1354 52.8867 62.4944 15.0333 57.8128 62.7391 19.105 47.9085 59.262 14.5602 21.9545 30.5941 36.7265 77.1767 54.4243 70.6824 4.47214 41.3401 38.4187 48.1746 65.5333 17.2047 48.809 63.4609 59.1354 65.0308 31.5279 58.1378 22.1482 43.121 12.083 57.4282 45.6075 59.9416 32.7567 0.0 11.1803 57.1626 27.7849 73.285 81.8413 23.7697 67.0522 57.7235 10.6301 56.3205 30.5941 72.111 7.07107 28.6356 22.8035 22.0907 72.0731 13.0384 42.7551 66.9731 30.8058 21.6333 53.4944 29.6091 59.7801 85.4827 68.608 34.2345 62.3618 18.0278 
52.9188 70.3757 89.6939 72.4913 43.2666 65.6881 7.61577 73.0182 26.3059 74.6726 14.5602 80.0812 64.4992 9.21954 65.4556 63.1604 70.5815 26.0192 68.5552 70.0593 15.2971 55.228 64.2573 25.7099 21.0 28.4429 47.469 84.4969 53.6004 81.5414 13.1529 38.6005 30.8707 59.3068 76.7135 26.4008 56.7979 68.5698 70.214 76.1052 38.848 69.029 29.2062 53.8634 14.3178 59.1354 52.8015 70.6962 43.2897 11.1803 0.0 67.9584 26.1725 84.0274 92.6179 28.2843 78.1601 58.0775 19.6469 60.4401 32.7567 83.0241 18.2483 39.8121 13.8924 33.2415 82.8155 14.8661 53.3385 74.2933 24.0416 16.0312 64.6746 37.6962 70.0196 93.6402 76.6942 36.6742 73.4983 22.3607 
18.1078 14.3178 26.0192 27.4027 63.2438 53.3385 68.6959 8.24621 43.8406 48.1041 57.3246 23.8537 39.2046 76.4495 20.3669 47.2652 60.6712 46.5495 5.83095 18.3576 63.6831 20.8806 42.2019 43.251 59.3559 82.0875 25.0 33.8378 67.454 18.2483 57.6422 68.0294 94.22 29.0689 31.4006 50.0636 60.2993 38.8973 17.2047 36.3593 30.1729 38.8973 41.3316 34.0949 55.8588 58.6413 25.9615 8.60233 43.4004 57.1626 67.9584 0.0 60.6752 16.5529 27.2947 69.1912 22.2036 64.8476 55.2327 46.2735 77.415 45.2217 50.6687 32.45 79.8 48.5092 14.8661 65.7647 41.1947 29.2047 86.4115 77.3051 26.9258 56.1756 52.1728 28.6531 65.5134 50.01 21.2603 49.8197 
44.0114 58.3095 86.3716 43.211 63.6762 79.3397 33.541 68.3798 36.4005 85.3987 13.8924 80.0999 43.9318 33.1361 52.9317 75.5298 85.8115 38.2884 56.2939 57.5797 11.0 42.72 42.8019 34.4093 5.83095 54.5894 40.4475 63.897 27.4591 78.2304 32.249 13.6015 54.9181 65.2586 80.616 26.0 76.3934 48.1664 70.1783 82.2272 32.0156 77.265 21.2132 53.7379 15.8114 33.7343 38.4838 67.1193 55.4876 27.7849 26.1725 60.6752 0.0 71.1688 87.9692 51.4296 78.1025 32.0 38.0132 37.7359 57.5847 90.5369 31.1448 45.6946 38.2099 42.7024 73.4983 39.2173 64.8509 61.7695 49.163 42.0476 69.3699 57.2042 82.6848 81.5342 92.2139 14.1421 74.3303 14.3178 
34.1769 13.1529 24.8395 31.1448 79.4898 68.0074 84.8182 17.0294 59.9555 60.8276 70.1171 30.8707 39.0512 92.5186 24.3311 62.0322 75.0267 62.6647 16.9706 16.0312 75.591 28.4605 42.2019 59.3734 70.2638 98.2026 41.0733 24.7588 72.0625 21.095 73.7646 76.1764 110.342 44.2832 41.7612 66.1327 76.1183 37.0 29.1548 47.5395 46.789 52.2398 53.5125 50.164 69.1316 60.6712 32.9848 20.0 59.6464 73.285 84.0274 16.5529 71.1688 0.0 22.8254 85.0229 30.0832 67.4759 71.3478 47.676 93.2466 55.3624 66.7911 48.8774 95.9224 64.3408 6.40312 81.8893 57.0701 33.587 102.534 93.4275 41.0 72.4216 66.1211 12.2066 79.3095 58.6941 31.7805 61.8013 
44.643 34.2053 5.09902 51.6236 79.2023 60.7454 93.1504 19.9249 67.7844 50.01 83.8179 18.3848 61.3514 101.074 44.5533 55.5428 66.4831 70.4933 32.0156 37.9473 90.2497 47.0425 64.5136 67.6018 85.9377 105.975 50.6952 47.2017 93.0591 11.4018 81.9878 95.0211 118.226 41.4005 30.0832 76.554 72.0069 59.6154 24.7588 35.9026 56.7539 43.6578 67.9133 58.7545 82.3492 82.4621 52.0865 21.9317 60.1415 81.8413 92.6179 27.2947 87.9692 22.8254 0.0 88.9791 19.2354 89.0505 79.1764 69.6419 95.7468 41.0122 75.1798 54.6443 104.317 72.4529 17.088 89.7154 54.6443 53.4367 110.416 101.37 36.0555 72.5338 57.28 24.6982 69.2315 77.0584 23.8537 76.4003 
54.205 79.8636 84.7833 86.6181 16.4924 43.0465 21.4009 72.9026 25.4164 54.9181 37.5766 71.431 81.0286 29.0689 79.5823 42.7551 46.2709 22.8167 69.8342 83.2303 41.8808 69.3554 80.9003 26.8661 45.618 17.0 48.7552 98.6236 78.1857 77.7224 19.3132 64.8845 33.9559 47.3511 63.5479 36.0208 31.4006 85.0992 64.2251 60.9262 58.188 52.2015 43.5951 55.1496 35.8469 80.604 67.6065 69.7756 29.9951 23.7697 28.2843 69.1912 51.4296 85.0229 88.9791 0.0 69.9721 81.3204 15.0333 78.2224 8.544 65.521 23.0868 39.1341 28.1603 29.6918 85.0603 13.4536 35.8469 88.42 27.1662 21.3776 53.0816 16.1555 48.1664 97.1992 51.788 57.4891 65.0166 41.2311 
34.3657 35.3836 14.4222 49.6062 60.3075 41.7612 77.7543 14.8661 52.3357 32.0156 71.4493 2.0 61.4003 86.0356 42.5704 36.4005 47.8539 55.0446 28.0179 39.6232 78.3324 42.4853 64.405 52.4976 75.0067 86.9685 38.0526 53.535 88.6044 10.0 66.574 87.2983 101.614 22.6274 12.0416 54.3328 52.7731 60.959 8.06226 18.0278 46.0977 24.7386 57.0088 45.2278 69.5845 81.0575 47.4236 13.6015 41.8688 67.0522 78.1601 22.2036 78.1025 30.0832 19.2354 69.9721 0.0 86.0931 62.937 68.477 76.7399 25.2982 60.0833 38.6264 88.9347 57.0043 24.0416 73.4222 35.609 51.4081 93.9132 85.4912 17.0294 53.956 38.6394 38.2099 51.1566 69.441 5.0 65.0308 
54.7111 54.9181 89.2861 37.6431 92.5202 101.7 65.2763 72.8616 61.4878 102.728 44.5533 87.9478 29.0172 65.0692 44.643 96.006 109.299 64.0063 59.2034 51.4782 43.0 43.993 26.0768 59.2832 37.1214 86.3713 55.1725 49.8197 7.07107 82.3415 62.0967 22.4722 86.5794 80.9342 93.1603 49.6683 100.878 32.249 79.4285 96.1823 45.9674 93.7404 40.8167 68.7282 45.8912 7.07107 38.8955 72.988 80.1805 57.7235 58.0775 64.8476 32.0 67.4759 89.0505 81.3204 86.0931 0.0 66.7308 20.0 88.295 105.25 58.8727 68.7781 70.1142 67.3953 72.1803 70.214 86.9379 59.8017 81.0987 74.027 83.2997 86.7446 102.776 74.027 115.204 24.1661 83.873 40.1622 
40.2464 65.905 75.8697 71.603 25.7897 47.3098 16.1245 60.0079 11.4018 55.2268 24.2074 64.5906 66.0135 25.0799 64.5672 43.6184 52.2031 9.21954 55.8756 69.1709 29.7321 54.3403 65.8852 12.53 32.2025 26.9258 34.7966 83.6085 63.9766 67.8789 6.7082 51.614 39.4081 41.4849 58.9406 21.095 38.5176 70.0841 55.8876 57.7062 37.9597 50.0899 28.58 41.191 22.2036 65.7343 52.5913 57.4605 24.0 10.6301 19.6469 55.2327 38.0132 71.3478 79.1764 15.0333 62.937 66.7308 0.0 63.2073 23.0868 64.0703 8.06226 25.1756 26.9258 16.6433 70.0863 10.8167 34.0147 73.4049 31.6228 22.8254 47.1275 19.3178 50.4776 83.5455 58.3166 42.72 57.9392 26.5707 
