NAME  : Jabali_80_2_0.95_1_1
TYPE : SVRP
MODEL : FINITE_SUPPORT
NUMBER_OF_SCENARIOS : 200
DIMENSION : 80
EDGE_WEIGHT_TYPE : MATRIX
CAPACITY : 201
N_VEHICLES : 2
NODE_COORD_SECTION
1 4895 4146
2 2483 6615
3 6980 6430
4 2522 28
5 5168 1648
6 4940 8262
7 2810 7001
8 782 4004
9 3380 158
10 4745 2099
11 5426 8110
12 983 2996
13 2720 1757
14 1883 6320
15 27 5994
16 7422 1748
17 5073 5797
18 1018 3573
19 6352 8240
20 4058 4203
21 5126 3654
22 7906 1847
23 6687 8474
24 3048 5741
25 8302 2836
26 2147 2583
27 4971 2223
28 2295 4514
29 1363 2781
30 4526 6395
31 3564 1910
32 1808 1136
33 2150 1813
34 1630 6604
35 7432 2019
36 7338 5559
37 3604 18
38 2798 4047
39 2854 282
40 5715 764
41 4488 4254
42 6036 1468
43 4887 3559
44 8078 4823
45 6429 2793
46 4993 4927
47 4180 3780
48 5033 2195
49 909 3318
50 4315 399
51 4586 4840
52 7061 4770
53 5852 1831
54 6511 4143
55 1668 4769
56 6179 8696
57 3693 5299
58 4591 5190
59 3117 6925
60 4523 5172
61 6117 7963
62 1006 3975
63 5644 2529
64 4849 6513
65 3686 4676
66 3587 7693
67 5365 2123
68 7364 5146
69 5391 3627
70 2497 3579
71 6946 2057
72 2885 7452
73 5038 2006
74 5920 6398
75 4999 7751
76 6450 1706
77 6011 8705
78 6460 4971
79 1859 1957
80 5357 4371
DEMAND_SECTION
1 0.0
2 1.0
3 1.0
4 2.0
5 6.0
6 6.0
7 5.0
8 9.0
9 4.0
10 2.0
11 1.0
12 5.0
13 2.0
14 5.0
15 2.0
16 2.0
17 8.0
18 5.0
19 3.0
20 4.0
21 9.0
22 5.0
23 8.0
24 4.0
25 5.0
26 3.0
27 7.0
28 9.0
29 8.0
30 1.0
31 10.0
32 8.0
33 6.0
34 8.0
35 1.0
36 3.0
37 3.0
38 5.0
39 6.0
40 9.0
41 6.0
42 7.0
43 3.0
44 8.0
45 9.0
46 6.0
47 2.0
48 2.0
49 4.0
50 3.0
51 8.0
52 2.0
53 1.0
54 4.0
55 4.0
56 7.0
57 6.0
58 1.0
59 5.0
60 2.0
61 3.0
62 5.0
63 4.0
64 1.0
65 9.0
66 5.0
67 6.0
68 6.0
69 2.0
70 9.0
71 7.0
72 1.0
73 1.0
74 2.0
75 8.0
76 9.0
77 4.0
78 2.0
79 9.0
80 8.0
DEVIATION_SECTION
1 0.0
2 0.333333
3 0.333333
4 0.666667
5 2.0
6 2.0
7 1.66667
8 3.0
9 1.33333
10 0.666667
11 0.333333
12 1.66667
13 0.666667
14 1.66667
15 0.666667
16 0.666667
17 2.66667
18 1.66667
19 1.0
20 1.33333
21 3.0
22 1.66667
23 2.66667
24 1.33333
25 1.66667
26 1.0
27 2.33333
28 3.0
29 2.66667
30 0.333333
31 3.33333
32 2.66667
33 2.0
34 2.66667
35 0.333333
36 1.0
37 1.0
38 1.66667
39 2.0
40 3.0
41 2.0
42 2.33333
43 1.0
44 2.66667
45 3.0
46 2.0
47 0.666667
48 0.666667
49 1.33333
50 1.0
51 2.66667
52 0.666667
53 0.333333
54 1.33333
55 1.33333
56 2.33333
57 2.0
58 0.333333
59 1.66667
60 0.666667
61 1.0
62 1.66667
63 1.33333
64 0.333333
65 3.0
66 1.66667
67 2.0
68 2.0
69 0.666667
70 3.0
71 2.33333
72 0.333333
73 0.333333
74 0.666667
75 2.66667
76 3.0
77 1.33333
78 0.666667
79 3.0
80 2.66667
DISTANCE_MATRIX
0.0 47.0106 43.6584 66.7904 33.7343 55.1543 47.8017 55.7626 62.4406 27.9571 53.7604 58.6478 45.1553 50.4777 70.2922 45.5512 21.9317 54.9637 58.7521 11.7047 7.0 50.9419 63.0732 33.121 50.6442 56.0394 26.9258 35.1385 56.641 30.5941 38.0623 59.418 52.0041 54.9181 47.0494 41.9159 63.1349 31.4064 62.734 47.1699 5.83095 39.1152 7.61577 51.0549 27.5299 9.84886 11.6678 26.9258 57.5346 52.3694 10.0499 37.4271 34.0588 28.6932 43.9336 63.1712 22.3607 14.0 45.1221 14.0 54.533 53.7154 24.0832 31.6228 17.6918 51.0 28.1603 39.2076 8.544 39.2077 39.8706 51.9711 28.8617 33.7164 48.8467 39.0512 63.308 29.6218 55.1937 18.0623 
47.0106 0.0 60.8358 89.8475 76.9415 40.7922 6.7082 43.2782 89.822 69.5845 45.1774 52.6308 68.7343 9.05539 35.0571 92.549 36.2353 46.6905 57.0088 39.8121 53.4883 97.7754 62.0322 14.3178 93.6432 53.9004 70.0727 29.5466 53.535 28.178 66.3702 74.2496 64.622 11.4018 94.0472 65.8027 91.4112 36.3456 87.631 91.2414 42.3792 84.8999 52.4976 76.6942 74.5277 41.0488 45.8912 70.0727 49.5782 89.1428 37.5899 64.3506 79.8123 61.4003 28.3196 57.4282 24.6982 34.6699 9.05539 34.6699 53.0094 42.45 70.214 31.7805 31.5753 20.6155 72.8445 66.1725 55.5428 41.4849 86.8684 12.0416 72.0069 46.5188 38.0526 85.703 56.5685 56.5862 62.6498 53.4166 
43.6584 60.8358 0.0 103.824 66.4299 37.1618 56.9386 88.0227 95.9411 63.1324 31.6228 90.0339 85.0353 68.7095 94.255 57.4891 27.1662 87.4057 27.074 49.0396 50.9496 59.5399 28.8617 53.3667 48.0104 95.9194 60.9748 67.0075 88.539 32.6956 77.5405 99.298 91.8842 72.0902 60.8769 13.1529 95.7806 63.8484 98.8979 76.3424 44.3816 65.7125 53.1393 23.3452 48.3375 33.8114 51.5821 60.9748 88.9207 87.2148 37.6563 22.3607 62.7413 31.0781 74.1687 33.0606 46.0977 36.1248 53.3385 36.1248 25.0799 86.0523 53.9288 29.0689 49.2544 49.5177 60.0359 33.0227 48.5245 70.5938 56.3028 57.2014 62.4826 14.3178 32.7567 61.3524 34.0147 21.9317 95.0737 57.9765 
66.7904 89.8475 103.824 0.0 41.9762 115.996 94.9814 57.1402 11.4018 41.2311 115.762 44.1814 23.7065 86.3481 87.2067 71.0634 84.22 51.0882 121.696 59.1374 62.1717 76.0 126.12 78.3802 85.7088 36.0555 44.0114 60.4401 40.0 90.2014 29.0689 18.2483 25.4951 89.822 69.0 96.978 13.9284 54.971 5.09902 44.2832 62.3337 51.0882 68.1622 96.0209 63.6003 73.1504 55.1725 44.0114 48.1664 24.3311 70.0928 91.1642 50.636 75.3476 64.7765 125.936 74.6778 73.7593 94.5281 73.7593 117.422 56.0357 53.1413 92.51 65.4612 105.056 47.1275 92.9447 62.8843 51.1275 65.2763 100.793 43.3244 96.7627 109.928 57.1402 125.992 83.3589 28.1603 68.7282 
33.7343 76.9415 66.4299 41.9762 0.0 88.6883 79.2308 66.6333 32.311 7.61577 86.8927 58.7527 32.311 77.8845 91.0768 30.5941 55.4559 63.0278 89.1873 37.2156 26.9258 36.1386 92.6499 62.6498 44.0454 42.6995 7.0 54.8692 53.1474 64.3273 21.4709 44.911 39.3954 82.28 29.4109 59.4405 31.305 44.3251 36.8782 14.3178 36.0555 11.6619 26.3059 54.4426 21.9317 43.4166 31.1448 7.0 61.9965 21.4009 43.4166 53.6268 9.05539 36.7967 63.1982 94.4434 53.0964 47.5184 77.0612 47.5184 85.501 64.4165 12.7279 65.2534 45.3982 84.2912 6.40312 55.4072 26.9258 42.72 24.1868 84.0547 5.0 63.573 82.3766 16.7631 94.878 45.8214 42.585 44.0147 
55.1543 40.7922 37.1618 115.996 88.6883 0.0 34.3657 81.3941 112.161 83.0851 6.40312 87.9204 94.2878 49.8197 75.2396 90.0222 33.2415 83.3547 18.3848 56.8595 61.7629 93.2631 22.8035 43.0465 83.5464 84.2208 81.9786 62.6817 87.0057 25.807 87.6641 104.947 94.9721 51.2445 93.0 48.7647 112.872 63.3474 112.089 101.141 54.5894 91.7824 62.7694 60.0833 75.4255 45.31 61.4003 81.9786 85.7555 107.45 46.5296 54.231 87.0976 57.0789 65.7419 17.0294 43.8406 42.5441 31.7805 42.5441 15.8114 80.0625 77.3714 23.7065 51.7397 21.0 82.8934 59.0416 62.1863 70.0928 87.0919 31.0 83.8857 28.0713 6.32456 89.8053 16.0 49.0102 93.2889 67.8014 
47.8017 6.7082 56.9386 94.9814 79.2308 34.3657 0.0 49.8197 94.1116 72.0625 39.0128 58.7963 73.214 15.5242 41.0122 92.4987 34.0588 53.0377 51.0392 42.0476 54.5711 97.1328 56.0089 17.2627 92.0711 59.0343 72.3432 34.9857 59.4054 24.8395 70.3014 79.6492 69.7857 17.0 94.7198 63.0317 95.5667 40.5216 92.1457 93.4433 43.7379 86.4928 53.9351 74.2496 75.2862 40.7185 48.0937 72.3432 55.8659 92.6553 37.9473 62.6259 81.3941 60.5392 34.6554 51.1566 26.1725 34.5398 3.60555 34.5398 47.1699 48.9183 71.5891 28.0179 34.0 13.9284 74.6726 64.6004 56.3205 46.2385 87.6269 5.83095 74.2799 42.72 32.0156 86.8332 50.2494 55.0 68.0 55.2769 
55.7626 43.2782 88.0227 57.1402 66.6333 81.3941 49.8197 0.0 61.8466 59.2764 84.309 13.0 39.0 36.1248 30.0666 93.2884 61.2046 6.08276 94.5569 44.5181 60.07 99.1091 99.6243 38.6264 103.974 28.0179 61.2565 21.0238 17.4642 59.9083 48.4954 39.0128 33.2415 38.0132 93.0727 86.9741 64.2884 29.1204 56.7186 79.9428 49.9324 77.6065 58.1902 96.1131 79.4267 56.3824 49.6655 61.2565 9.0 67.1193 51.2882 82.4853 73.2569 82.6261 15.6525 96.566 42.2966 52.0096 51.0392 52.0096 90.1388 2.23607 68.4527 63.7887 39.1267 63.2456 65.4739 84.2658 62.9689 25.0599 86.5809 55.3173 62.7429 75.4255 77.0779 81.0471 96.0052 74.68 29.8329 58.7563 
62.4406 89.822 95.9411 11.4018 32.311 112.161 94.1116 61.8466 0.0 33.0151 111.58 49.3356 24.0 87.4718 91.5915 60.2993 79.8734 55.7853 117.449 55.4707 54.2891 65.0692 121.77 76.9295 75.3127 37.0135 35.5106 61.3082 44.3847 86.4523 24.5967 25.2389 28.6356 91.2793 58.0775 89.0954 2.82843 53.6004 7.2111 33.0606 57.9839 40.4475 53.1636 86.7332 54.231 68.8005 50.774 35.5106 53.1601 13.0384 65.7801 83.2816 40.5216 67.424 67.0075 121.868 70.4704 69.6419 93.0602 69.6419 113.229 60.4152 44.2945 88.5099 61.9282 103.036 38.0132 85.0621 55.0016 48.5077 54.7449 99.7265 34.4819 92.4128 106.0 46.5296 122.005 75.4763 32.0156 64.3783 
27.9571 69.5845 63.1324 41.2311 7.61577 83.0851 72.0625 59.2764 33.0151 0.0 81.6834 53.7215 27.4591 70.342 83.6011 35.4683 49.8441 55.6708 85.7129 30.0167 21.4941 41.2311 89.1892 55.3263 47.2652 37.6682 3.0 47.3934 48.1161 58.4234 16.2788 41.0488 34.3642 74.7262 34.8855 56.143 32.6497 36.8494 36.2491 21.8403 29.7781 18.3848 20.3686 55.2349 23.0868 37.7816 24.0 3.0 55.8913 24.4131 37.3398 50.3293 14.4222 34.4093 55.7225 90.9691 46.0 41.4605 70.0 41.4605 82.0266 57.0595 12.1655 59.5788 38.1182 77.7099 7.28011 52.1097 22.2036 35.2278 28.7924 77.0 3.60555 60.0987 76.7698 22.4722 91.2311 42.5239 37.5537 37.074 
53.7604 45.1774 31.6228 115.762 86.8927 6.40312 39.0128 84.309 111.58 81.6834 0.0 90.05 94.0537 54.231 80.025 86.0523 31.9061 85.8662 12.3693 56.7274 60.3589 89.0225 17.1172 45.6946 78.7718 85.5902 80.5746 64.8845 88.7525 26.2488 87.2009 106.316 96.3416 56.0089 89.1403 43.7379 112.274 64.7168 111.826 98.6712 53.8238 89.0225 61.375 54.8179 72.1803 43.909 60.803 80.5746 88.1192 106.096 45.8039 50.0 84.4808 53.6087 68.7095 12.3693 45.0 42.0119 36.1248 42.0119 9.43398 82.8553 74.9466 23.3452 52.4023 26.3059 80.5689 55.5533 68.954 71.4622 83.4921 36.2215 82.4817 24.1868 7.28011 86.6833 11.7047 45.3982 94.6583 67.2014 
58.6478 52.6308 90.0339 44.1814 58.7527 87.9204 58.7963 13.0 49.3356 53.7215 90.05 0.0 27.4591 46.6476 43.0465 88.8303 63.6996 7.07107 99.3177 46.3474 61.8993 94.6372 104.278 45.0 100.503 18.868 56.6652 25.2389 5.65685 64.405 37.4524 26.0192 21.0238 49.1935 89.0911 88.8034 51.8652 28.4429 43.9318 68.905 51.7617 70.3522 60.0196 97.9424 75.8211 58.2117 51.3454 56.6652 4.0 55.5698 53.1175 84.3146 67.4815 84.4554 24.4131 102.0 45.6946 53.9176 59.397 53.9176 94.8472 12.1655 64.8472 68.0294 40.956 71.4493 60.9867 86.0951 64.7982 22.0227 82.2306 64.5368 57.0988 78.0158 83.006 75.4447 101.597 76.5093 17.4642 60.5856 
45.1553 68.7343 85.0353 23.7065 32.311 94.2878 73.214 39.0 24.0 27.4591 94.0537 27.4591 0.0 63.6456 68.1542 62.6418 62.5405 33.1059 100.061 37.429 48.4067 68.3081 104.442 56.1413 74.6726 13.0384 30.4138 37.5284 21.9545 68.493 11.1803 14.3178 7.2111 67.3647 61.6847 81.7637 26.0768 32.7321 20.8806 42.0119 40.6615 43.8634 46.527 81.9498 50.0899 51.4168 33.6139 30.4138 30.8869 28.178 48.4012 75.9499 41.1096 60.2349 43.0116 104.266 52.439 52.0509 72.2892 52.0509 95.7818 37.3363 39.1152 70.8016 47.4628 82.8171 34.7131 77.7304 51.3057 27.3311 56.0446 78.8947 30.8058 75.0933 88.2198 49.0408 104.301 68.1446 10.6301 47.093 
50.4777 9.05539 68.7095 86.3481 77.8845 49.8197 15.5242 36.1248 87.4718 70.342 54.231 46.6476 63.6456 0.0 26.1725 95.7632 43.0465 40.2244 66.0303 41.6293 56.4358 101.154 71.0634 17.6918 100.856 50.636 71.1688 26.1725 48.3322 36.0555 65.0308 69.8928 60.8769 4.47214 97.2471 72.7186 89.2749 35.2278 84.3445 92.1792 45.2769 87.1029 55.0091 83.2346 77.7419 45.9674 47.5395 71.1688 43.2666 88.0909 41.8688 70.2933 82.0185 66.6779 22.3607 66.4831 28.4253 39.598 18.1108 39.598 62.0 35.609 72.5438 39.8497 33.541 29.4109 75.0784 72.0737 58.8303 39.0512 90.05 20.1246 73.0821 54.4243 47.0956 88.1621 65.6201 62.4879 58.5235 55.618 
70.2922 35.0571 94.255 87.2067 91.0768 75.2396 41.0122 30.0666 91.5915 83.6011 80.025 43.0465 68.1542 26.1725 0.0 114.262 67.7791 36.1248 92.0054 59.4138 74.969 119.736 97.0 41.2311 119.476 55.9732 85.5183 37.0135 47.3814 61.8466 73.7218 69.0652 62.9682 24.0208 115.521 97.0824 93.9415 48.4149 86.7006 104.709 64.5368 101.878 73.0893 106.944 96.305 68.2642 64.5685 85.5183 39.0512 95.8896 63.5138 93.4395 97.5579 89.4965 28.0179 92.1358 50.6063 62.2656 44.0114 62.2656 88.0511 31.257 92.7417 65.7343 52.6308 54.3323 89.7629 95.22 77.8332 48.3735 108.31 44.4072 87.0227 80.0812 73.0 105.363 91.1976 85.6342 59.6825 73.6553 
45.5512 92.549 57.4891 71.0634 30.5941 90.0222 92.4987 93.2884 60.2993 35.4683 86.0523 88.8303 62.6418 95.7632 114.262 0.0 60.6383 89.6828 84.3445 54.849 39.4081 5.83095 86.3481 78.5802 16.1245 72.9275 32.6956 78.7384 83.3754 71.0634 51.5461 75.505 69.6234 100.223 3.60555 44.3847 58.5491 75.0063 66.0303 28.1603 50.4907 20.0 41.2311 37.1214 18.0278 55.3774 54.2119 32.6956 89.9034 47.5184 55.3925 36.1248 21.587 33.4724 87.5335 90.2552 67.8719 58.9723 89.3905 58.9723 81.7435 91.0716 25.807 70.2271 62.426 92.8924 28.2312 53.19 37.0079 69.2207 6.7082 95.8613 31.9531 62.0 84.0952 14.0357 91.0824 41.1096 72.813 60.6063 
21.9317 36.2353 27.1662 84.22 55.4559 33.2415 34.0588 61.2046 79.8734 49.8441 31.9061 63.6996 62.5405 43.0465 67.7791 60.6383 0.0 61.0 37.6431 25.6125 28.5304 65.0492 42.2019 26.5707 58.1939 58.3874 48.7462 40.1995 61.6927 10.4403 55.4951 76.8032 69.3894 46.8722 63.1506 29.6816 80.5678 37.514 80.1561 68.543 22.0227 59.3043 29.5466 40.4599 44.1814 12.083 29.0689 48.7462 62.5859 74.2564 14.1421 28.6007 54.4547 27.5136 47.0425 41.7253 19.0 10.8167 30.6105 10.8167 33.3017 59.3043 44.6433 10.0499 23.4094 32.28 49.6609 30.7231 28.9538 44.2595 56.5685 36.3593 50.6533 14.3178 26.9258 58.0 41.7732 21.095 67.4555 35.4951 
54.9637 46.6905 87.4057 51.0882 63.0278 83.3547 53.0377 6.08276 55.7853 55.6708 85.8662 7.07107 33.1059 40.2244 36.1248 89.6828 61.0 0.0 95.6347 43.7191 59.271 95.5036 100.658 40.3113 103.175 22.6716 57.651 21.1896 11.4018 60.7454 42.7281 33.0 27.2029 42.5441 89.4672 86.1752 58.2409 27.074 50.636 74.1807 49.1335 74.001 57.3913 95.3141 75.8211 55.5835 51.3454 57.651 3.16228 61.2699 50.4892 81.6864 69.6514 81.8271 18.3848 97.9898 42.45 51.2893 53.9073 51.2893 91.1811 5.09902 64.8472 64.5136 38.3277 66.0681 61.8684 83.4668 62.17 21.8403 82.9753 58.6941 59.1374 75.3127 78.7147 77.4416 97.509 73.881 23.7697 57.9573 
58.7521 57.0088 27.074 121.696 89.1873 18.3848 51.0392 94.5569 117.449 85.7129 12.3693 99.3177 100.061 66.0303 92.0054 84.3445 37.6431 95.6347 0.0 63.2535 65.3506 86.5794 5.09902 56.0446 75.0067 94.2299 83.5553 74.4648 97.5295 34.9285 93.0703 114.324 106.91 68.0294 87.6641 40.1995 118.143 73.3565 117.742 100.225 59.4138 90.1329 66.3668 50.04 72.8471 48.7955 66.5738 83.5553 97.6934 109.795 51.7397 48.5077 85.9069 54.2439 79.1202 6.0 53.6656 48.4149 48.0 48.4149 4.47214 92.9731 76.9415 31.305 60.208 38.6394 82.8553 56.1885 71.2487 80.102 82.7103 48.5077 85.0729 25.807 19.0263 87.3904 7.07107 45.6946 103.298 73.0703 
11.7047 39.8121 49.0396 59.1374 37.2156 56.8595 42.0476 44.5181 55.4707 30.0167 56.7274 46.3474 37.429 41.6293 59.4138 54.849 25.6125 43.7191 63.2535 0.0 15.5563 60.3229 67.8012 25.4951 60.0634 48.3131 30.3284 23.8939 44.3405 31.0644 30.8869 51.6917 44.2778 46.0977 56.1079 47.2971 56.3649 20.1618 55.2299 51.4972 6.08276 45.7276 13.6766 56.4361 36.8923 15.8114 6.08276 30.3284 45.2341 51.6624 11.6619 42.8083 40.6432 38.1124 32.689 67.2086 16.0312 14.8661 40.0125 14.8661 58.8982 42.4709 31.1685 33.4215 8.24621 48.2701 33.6705 44.5888 18.4391 26.9072 48.8969 47.0106 32.2652 38.9487 50.8035 46.7867 67.1789 35.003 47.4674 14.2426 
7.0 53.4883 50.9496 62.1717 26.9258 61.7629 54.5711 60.07 54.2891 21.4941 60.3589 61.8993 48.4067 56.4358 74.969 39.4081 28.5304 59.271 65.3506 15.5563 0.0 44.8219 69.6717 39.3954 44.526 59.2908 20.2485 39.4458 59.8924 37.4833 41.3137 62.6694 55.2556 60.9016 40.8167 44.1038 54.0133 35.7137 57.2459 40.1995 11.1803 32.1403 3.0 51.9179 21.4009 16.4924 14.9193 20.2485 60.786 45.9064 17.0294 38.2901 27.074 22.5751 48.2409 69.7697 28.7924 21.0 51.9711 21.0 61.1315 58.0228 17.1172 38.3275 23.0217 58.0 21.2132 40.0705 3.16228 42.4591 33.6155 58.8558 22.1359 40.3148 55.4511 32.28 69.9065 30.4848 58.4451 21.3137 
50.9419 97.7754 59.5399 76.0 36.1386 93.2631 97.1328 99.1091 65.0692 41.2311 89.0225 94.6372 68.3081 101.154 119.736 5.83095 65.0492 95.5036 86.5794 60.3229 44.8219 0.0 88.2836 83.9709 14.2127 78.6129 38.4838 84.2124 89.0608 75.4781 57.2451 81.0247 75.2728 105.614 7.0 46.3897 63.1981 80.4803 71.007 32.3883 55.8815 25.1794 46.7547 37.9473 23.4307 60.0115 59.6859 38.4838 95.7241 52.1536 63.8582 39.0512 27.2029 37.8806 93.0075 92.5419 73.2626 63.6064 94.0246 63.6064 84.214 96.8923 31.6228 74.3517 67.8194 97.3121 34.0147 56.8912 42.3987 75.0414 12.53 100.468 37.6962 65.192 87.4643 19.4165 93.4345 44.7214 78.4983 66.0803 
63.0732 62.0322 28.8617 126.12 92.6499 22.8035 56.0089 99.6243 121.77 89.1892 17.1172 104.278 104.442 71.0634 97.0 86.3481 42.2019 100.658 5.09902 67.8012 69.6717 88.2836 0.0 61.131 76.2365 99.1357 87.0315 79.4796 102.441 39.9249 97.3914 118.705 111.291 73.0068 89.7385 41.9762 122.464 78.2624 122.063 103.41 63.7809 93.318 70.6879 51.0882 76.9364 53.2263 70.9628 87.0315 102.694 113.272 56.2228 50.9215 89.0921 57.4289 84.2021 7.07107 58.6003 53.0094 53.0094 53.0094 9.48683 98.0306 80.2621 36.2491 65.0 43.4166 86.2844 59.3735 74.7249 85.0078 85.0706 53.3385 88.5491 29.7321 24.0 89.9513 8.48528 48.7647 108.204 77.3914 
33.121 14.3178 53.3667 78.3802 62.6498 43.0465 17.2627 38.6264 76.9295 55.3263 45.6946 45.0 56.1413 17.6918 41.2311 78.5802 26.5707 40.3113 56.0446 25.4951 39.3954 83.9709 61.131 0.0 83.1784 42.8031 55.7741 19.8494 44.5533 22.0227 53.1086 63.5289 53.5545 22.0227 80.0784 55.9017 78.3747 23.4094 75.073 76.9428 28.2312 70.6054 38.2753 66.0379 60.5589 28.2843 31.5753 55.7741 42.72 75.4255 24.2074 52.82 65.521 49.0596 23.0868 57.9396 10.8167 21.9317 16.1555 21.9317 51.6624 37.1618 55.9732 26.0192 17.2627 27.2029 58.5483 54.6005 41.5933 29.5296 72.8972 22.8035 57.7108 39.4588 38.4838 71.5122 57.3847 45.0147 51.8652 39.1204 
50.6442 93.6432 48.0104 85.7088 44.0454 83.5464 92.0711 103.974 75.3127 47.2652 78.7718 100.503 74.6726 100.856 119.476 16.1245 58.1939 103.175 75.0067 60.0634 44.526 14.2127 76.2365 83.1784 0.0 84.9353 44.2832 83.9529 95.3832 68.4251 63.5059 88.278 81.5496 105.316 19.4165 35.1283 73.7564 80.2208 80.6226 44.0114 55.5837 34.9285 46.7151 25.1794 25.0 57.7558 59.4263 44.2832 100.723 62.8172 61.6025 30.0832 35.1283 47.5262 92.7479 81.0062 72.9649 61.3507 88.6903 61.3507 73.0616 101.927 35.6931 66.7083 67.5216 89.9611 40.1123 49.4708 42.1009 86.3632 20.6155 94.5511 44.1022 55.7853 78.1025 28.8617 82.0 37.1214 84.8208 65.2178 
56.0394 53.9004 95.9194 36.0555 42.6995 84.2208 59.0343 28.0179 37.0135 37.6682 85.5902 18.868 13.0384 50.636 55.9732 72.9275 58.3874 22.6716 94.2299 48.3131 59.2908 78.6129 99.1357 42.8031 84.9353 0.0 40.612 24.522 13.4164 59.4877 21.3992 21.9317 11.4018 54.3323 72.0257 95.5019 39.0128 21.9507 33.7343 52.8518 51.5456 54.299 57.4111 103.316 60.2536 62.3009 44.498 40.612 21.2603 40.0788 59.2853 89.6881 51.4283 70.3958 30.0666 97.2235 40.62 48.6054 58.6882 48.6054 89.7587 26.0768 49.2796 62.9369 35.6438 70.0021 44.9334 91.4686 62.1898 15.1803 66.3131 64.846 41.0456 85.8911 78.8066 59.3915 96.9213 81.8828 10.8167 57.9771 
26.9258 70.0727 60.9748 44.0114 7.0 81.9786 72.3432 61.2565 35.5106 3.0 80.5746 56.6652 30.4138 71.1688 85.5183 32.6956 48.7462 57.651 83.5553 30.3284 20.2485 38.4838 87.0315 55.7741 44.2832 40.612 0.0 49.3106 51.0599 57.4891 19.2354 44.0454 37.3079 75.5844 32.249 53.9854 35.0 48.1449 39.0 21.2132 29.0689 16.4012 19.4165 52.2834 20.0998 36.6879 24.2573 0.0 57.8715 26.2488 36.4966 48.1716 12.0416 32.0156 57.6397 88.8114 46.1235 40.6079 70.065 40.6079 79.869 59.0397 9.21954 58.5235 38.5176 77.3175 4.47214 49.9521 20.5913 37.1616 26.0 77.0585 2.0 57.941 75.6669 20.0 89.246 40.3663 40.4975 37.0185 
35.1385 29.5466 67.0075 60.4401 54.8692 62.6817 34.9857 21.0238 61.3082 47.3934 64.8845 25.2389 37.5284 26.1725 37.0135 78.7384 40.1995 21.1896 74.4648 23.8939 39.4458 84.2124 79.4796 19.8494 83.9529 24.522 49.3106 0.0 24.7588 39.5601 39.3192 44.7214 35.1141 30.0167 79.9973 66.1784 63.1269 11.4018 58.2527 68.6044 29.3083 65.9007 37.5661 75.3174 60.7818 35.6931 29.0414 49.3106 23.2594 62.3939 30.5941 61.6896 61.3502 57.7465 9.21954 76.922 21.3776 31.0644 35.0 31.0644 70.0071 19.105 56.534 43.3244 18.4391 46.7547 53.5552 63.4701 42.3448 13.0384 72.7863 40.8167 50.8151 54.4518 57.8014 69.1557 76.4788 53.8843 33.1059 38.1321 
56.641 53.535 88.539 40.0 53.1474 87.0057 59.4054 17.4642 44.3847 48.1161 88.7525 5.65685 21.9545 48.3322 47.3814 83.3754 61.6927 11.4018 97.5295 44.3405 59.8924 89.0608 102.441 44.5533 95.3832 13.4164 51.0599 24.7588 0.0 62.7694 31.8471 22.2036 15.8114 51.264 82.4736 86.7966 46.8402 25.632 39.3192 63.2997 49.7549 64.7469 58.0127 95.9355 70.7015 56.2049 48.1837 51.0599 8.94427 50.1199 51.1106 82.3078 61.8762 82.4485 26.0 100.499 43.909 51.9107 59.6657 51.9107 93.0591 16.1245 59.7275 66.242 38.9491 71.5052 55.3813 84.0882 62.7914 18.8661 76.761 65.215 51.4935 76.0089 81.8413 69.8394 100.17 74.5024 12.3693 58.5787 
30.5941 28.178 32.6956 90.2014 64.3273 25.807 24.8395 59.9083 86.4523 58.4234 26.2488 64.405 68.493 36.0555 61.8466 71.0634 10.4403 60.7454 34.9285 31.0644 37.4833 75.4781 39.9249 22.0227 68.4251 59.4877 57.4891 39.5601 62.7694 0.0 61.9112 80.2134 70.239 39.3954 73.5459 38.2099 87.2353 38.6143 86.2939 77.6466 29.1548 69.0663 38.0789 49.5177 54.4518 21.095 35.7771 57.4891 62.7694 81.8513 21.1896 38.5876 64.1249 37.9473 44.7214 37.7359 18.868 17.088 21.2603 17.088 30.4631 58.2409 54.1479 4.0 26.1725 21.8403 58.6941 40.9666 38.1182 45.3597 66.9104 26.4008 59.439 18.3848 19.8494 68.0661 37.4433 31.305 68.5558 42.2025 
38.0623 66.3702 77.5405 29.0689 21.4709 87.6641 70.3014 48.4954 24.5967 16.2788 87.2009 37.4524 11.1803 65.0308 73.7218 51.5461 55.4951 42.7281 93.0703 30.8869 41.3137 57.2451 97.3914 53.1086 63.5059 21.3992 19.2354 39.3192 31.8471 61.9112 0.0 25.02 18.0278 69.1158 50.6952 70.6948 25.632 30.0666 24.7588 32.5576 33.6056 33.121 39.434 70.8809 39.0128 44.4222 26.4008 19.2354 40.6962 23.0868 41.4005 64.8811 30.0832 49.166 46.5725 97.2086 45.8938 45.2217 69.0892 45.2217 88.6941 46.73 28.0179 64.0703 37.3516 78.4599 23.5372 66.6615 36.6011 26.3059 44.9222 75.9056 19.6469 68.0345 81.5414 38.0789 97.2681 57.0757 21.2846 40.0 
59.418 74.2496 99.298 18.2483 44.911 104.947 79.6492 39.0128 25.2389 41.0488 106.316 26.0192 14.3178 69.8928 69.0652 75.505 76.8032 33.0 114.324 51.6917 62.6694 81.0247 118.705 63.5289 88.278 21.9317 44.0454 44.7214 22.2036 80.2134 25.02 0.0 10.6301 73.0821 74.2159 95.7064 28.0179 42.6764 18.7883 52.3259 54.9242 56.0446 60.7897 95.8926 64.0 65.6795 47.8766 44.0454 30.0167 34.8281 62.6639 89.8927 53.9351 74.1777 47.8017 117.949 61.3457 66.3136 79.404 66.3136 110.045 38.0132 53.0 83.6627 56.3696 90.7279 48.1664 91.6731 65.5684 35.9061 69.0507 85.4751 44.1814 89.2697 99.5323 61.6117 117.647 82.0874 11.6619 61.3557 
52.0041 64.622 91.8842 25.4951 39.3954 94.9721 69.7857 33.2415 28.6356 34.3642 96.3416 21.0238 7.2111 60.8769 62.9682 69.6234 69.3894 27.2029 106.91 44.2778 55.2556 75.2728 111.291 53.5545 81.5496 11.4018 37.3079 35.1141 15.8114 70.239 18.0278 10.6301 0.0 64.3273 68.7095 91.4667 31.0483 32.702 24.0 49.2037 47.5104 50.9902 53.3759 99.2807 56.9495 58.2657 40.4627 37.3079 24.6982 34.6699 55.2501 85.6529 48.1041 67.0917 39.3192 107.975 51.3713 58.8997 69.4396 58.8997 102.631 31.7805 45.9736 73.6883 46.3952 80.7535 41.6294 87.4334 58.1546 25.9317 63.009 75.5973 37.7415 81.8558 89.5579 56.0803 107.673 77.8476 3.60555 53.9419 
54.9181 11.4018 72.0902 89.822 82.28 51.2445 17.0 38.0132 91.2793 74.7262 56.0089 49.1935 67.3647 4.47214 24.0208 100.223 46.8722 42.5441 68.0294 46.0977 60.9016 105.614 73.0068 22.0227 105.316 54.3323 75.5844 30.0167 51.264 39.3954 69.1158 73.0821 64.3273 0.0 101.71 76.5506 93.1343 39.4588 87.9659 96.566 49.7393 91.5749 59.4811 87.2009 82.2018 50.2494 52.0 75.5844 45.6508 92.1954 46.2277 74.411 86.4905 70.8984 25.2982 68.1175 32.8024 43.8634 20.0998 43.8634 64.1249 37.7359 77.0157 43.0813 38.0132 30.4138 79.4934 76.192 63.2851 43.0 94.5145 20.6155 77.4919 57.7754 49.0102 92.634 67.1863 66.6062 61.8466 60.0899 
47.0494 94.0472 60.8769 69.0 29.4109 93.0 94.7198 93.0727 58.0775 34.8855 89.1403 89.0911 61.6847 97.2471 115.521 3.60555 63.1506 89.4672 87.6641 56.1079 40.8167 7.0 89.7385 80.0784 19.4165 72.0257 32.249 79.9973 82.4736 73.5459 50.6952 74.2159 68.7095 101.71 0.0 47.8017 56.2228 76.2652 64.0078 25.4951 51.9711 18.2483 42.4382 40.7063 19.6977 57.5985 55.4708 32.249 89.3116 45.1774 56.8907 39.3192 20.6155 36.1283 88.7924 93.5575 69.3701 61.1934 91.6116 61.1934 85.0 90.8559 26.1725 72.8354 63.8122 95.3415 27.7849 56.0444 38.5062 69.005 7.2111 98.0825 31.305 65.0308 87.023 12.6491 94.3663 44.0114 71.9111 61.8652 
41.9159 65.8027 13.1529 96.978 59.4405 48.7647 63.0317 86.9741 89.0954 56.143 43.7379 88.8034 81.7637 72.7186 97.0824 44.3847 29.6816 86.1752 40.1995 47.2971 44.1038 46.3897 41.9762 55.9017 35.1283 95.5019 53.9854 66.1784 86.7966 38.2099 70.6948 95.7064 91.4667 76.5506 47.8017 0.0 88.7912 62.6179 92.0521 63.8679 42.6391 53.2379 46.2936 11.6619 35.863 32.0689 51.1646 53.9854 87.6902 80.2254 35.9156 10.6301 50.5557 24.0887 74.2159 46.1736 46.8188 35.4401 59.4643 35.4401 38.0 84.9269 46.9394 35.3836 47.8606 58.0086 53.0465 26.0333 41.6788 69.3633 43.4626 64.3817 55.4932 21.9545 43.6578 48.8774 47.0956 14.1421 94.6562 65.3986 
63.1349 91.4112 95.7806 13.9284 31.305 112.872 95.5667 64.2884 2.82843 32.6497 112.274 51.8652 26.0768 89.2749 93.9415 58.5491 80.5678 58.2409 118.143 56.3649 54.0133 63.1981 122.464 78.3747 73.7564 39.0128 35.0 63.1269 46.8402 87.2353 25.632 28.0179 31.0483 93.1343 56.2228 88.7912 0.0 55.109 10.0 31.0 58.6782 38.833 52.8878 85.7403 53.2259 69.4949 51.4782 35.0 55.6597 11.0454 66.4744 82.9775 39.2173 67.0075 69.0652 122.562 71.5202 70.3278 94.5055 70.3278 113.924 62.8172 43.566 89.2048 62.978 104.086 37.2156 84.7579 54.7259 50.2494 53.1507 101.172 33.8378 93.1072 106.696 44.911 122.699 75.1721 34.4819 65.0727 
31.4064 36.3456 63.8484 54.971 44.3251 63.3474 40.5216 29.1204 53.6004 36.8494 64.7168 28.4429 32.7321 35.2278 48.4149 75.0063 37.514 27.074 73.3565 20.1618 35.7137 80.4803 78.2624 23.4094 80.2208 21.9507 48.1449 11.4018 25.632 38.6143 30.0666 42.6764 32.702 39.4588 76.2652 62.6179 55.109 0.0 51.6638 58.0603 25.5762 64.4 33.834 71.7568 57.0497 32.0262 25.3093 48.1449 28.0179 53.0 26.932 58.1291 59.8496 58.2698 20.5183 76.3501 19.7466 27.732 39.5601 27.732 68.8854 26.9258 55.0334 42.0635 14.7705 50.1199 52.0546 59.9095 38.6127 7.2111 69.0542 46.1736 40.271 51.8303 57.9332 67.6551 76.0479 50.3237 31.0188 34.4 
62.734 87.631 98.8979 5.09902 36.8782 112.089 92.1457 56.7186 7.2111 36.2491 111.826 43.9318 20.8806 84.3445 86.7006 66.0303 80.1561 50.636 117.742 55.2299 57.2459 71.007 122.063 75.073 80.6226 33.7343 39.0 58.2527 39.3192 86.2939 24.7588 18.7883 24.0 87.9659 64.0078 92.0521 10.0 51.6638 0.0 39.4588 58.2773 46.0435 64.1057 90.953 58.5235 69.094 51.0882 39.0 47.8539 19.6469 66.0681 86.2384 45.5412 70.4218 63.1981 121.88 70.0959 69.814 91.221 69.814 113.366 55.4437 48.1041 88.6002 61.5537 101.749 42.0595 88.0188 57.9584 46.2628 60.208 97.8264 38.2753 92.7063 106.021 52.0865 121.94 78.4331 27.074 64.6717 
47.1699 91.2414 76.3424 44.2832 14.3178 101.141 93.4433 79.9428 33.0606 21.8403 98.6712 68.905 42.0119 92.1792 104.709 28.1603 68.543 74.1807 100.225 51.4972 40.1995 32.3883 103.41 76.9428 44.0114 52.8518 21.2132 68.6044 63.2997 77.6466 32.5576 52.3259 49.2037 96.566 25.4951 63.8679 31.0 58.0603 39.4588 0.0 50.01 10.6301 40.0125 60.1415 28.6007 56.5685 45.4261 21.2132 72.1488 20.025 57.0789 54.0263 14.3178 46.5296 76.922 105.702 67.2714 61.131 91.1976 61.131 96.7729 77.726 23.7697 78.341 59.6864 98.0816 19.0263 66.0364 39.6232 56.356 23.7065 98.1835 19.2354 75.0267 94.8367 15.8114 106.231 56.4506 52.6308 58.1664 
5.83095 42.3792 44.3816 62.3337 36.0555 54.5894 43.7379 49.9324 57.9839 29.7781 53.8238 51.7617 40.6615 45.2769 64.5368 50.4907 22.0227 49.1335 59.4138 6.08276 11.1803 55.8815 63.7809 28.2312 55.5837 51.5456 29.0689 29.3083 49.7549 29.1548 33.6056 54.9242 47.5104 49.7393 51.9711 42.6391 58.6782 25.5762 58.2773 50.01 0.0 42.7551 10.198 51.7781 32.4694 10.8167 7.2111 29.0689 50.6485 53.2543 8.06226 38.1503 37.6563 34.2072 38.1033 63.7024 17.72 12.083 41.3038 12.083 55.1543 47.8852 27.8927 30.8869 12.0416 48.2597 31.0644 39.9308 13.6015 32.3216 44.7772 48.2597 31.0644 34.4093 48.3735 43.3244 63.7809 30.345 50.6999 13.6056 
39.1152 84.8999 65.7125 51.0882 11.6619 91.7824 86.4928 77.6065 40.4475 18.3848 89.0225 70.3522 43.8634 87.1029 101.878 20.0 59.3043 74.001 90.1329 45.7276 32.1403 25.1794 93.318 70.6054 34.9285 54.299 16.4012 65.9007 64.7469 69.0663 33.121 56.0446 50.9902 91.5749 18.2483 53.2379 38.833 64.4 46.0435 10.6301 42.7551 0.0 32.5576 49.5782 18.0278 48.0104 45.0905 16.4012 74.2215 27.8927 49.163 43.3964 5.09902 36.2491 73.9996 95.6396 60.4152 53.0848 84.0119 53.0848 86.7295 75.3897 15.0333 69.3542 53.568 90.05 12.53 55.9444 31.0 53.5215 14.3178 90.934 14.8661 65.146 85.5102 6.08276 96.2081 46.3586 54.1845 51.4849 
7.61577 52.4976 53.1393 68.1622 26.3059 62.7694 53.9351 58.1902 53.1636 20.3686 61.375 60.0196 46.527 55.0091 73.0893 41.2311 29.5466 57.3913 66.3668 13.6766 3.0 46.7547 70.6879 38.2753 46.7151 57.4111 19.4165 37.5661 58.0127 38.0789 39.434 60.7897 53.3759 59.4811 42.4382 46.2936 52.8878 33.834 64.1057 40.0125 10.198 32.5576 0.0 54.1076 23.3452 17.4642 13.0395 19.4165 58.9063 44.7809 17.1172 40.4798 27.4591 24.7648 46.3612 70.7859 27.8927 21.2132 51.4782 21.2132 62.1477 56.143 17.72 39.2173 21.4709 58.0775 21.0 42.2603 6.08276 40.5794 35.2278 58.4209 21.3776 41.331 56.4624 33.2415 70.9227 32.6745 56.5654 19.434 
51.0549 76.6942 23.3452 96.0209 54.4426 60.0833 74.2496 96.1131 86.7332 55.2349 54.8179 97.9424 81.9498 83.2346 106.944 37.1214 40.4599 95.3141 50.04 56.4361 51.9179 37.9473 51.0882 66.0379 25.1794 103.316 52.2834 75.3174 95.9355 49.5177 70.8809 95.8926 99.2807 87.2009 40.7063 11.6619 85.7403 71.7568 90.953 60.1415 51.7781 49.5782 54.1076 0.0 32.5152 41.2079 58.9786 52.2834 96.8291 75.5463 45.0546 14.3178 47.2017 31.9027 83.3565 56.0357 56.356 44.7214 70.7107 44.7214 48.3735 94.0659 43.0697 46.8615 56.9996 69.6348 48.8938 33.8473 49.4928 78.5023 37.8021 75.8222 52.7328 33.6155 55.1543 44.5533 57.0789 21.5407 102.47 73.2126 
27.5299 74.5277 48.3375 63.6003 21.9317 75.4255 75.2862 79.4267 54.231 23.0868 72.1803 75.8211 50.0899 77.7419 96.305 18.0278 44.1814 75.8211 72.8471 36.8923 21.4009 23.4307 76.9364 60.5589 25.0 60.2536 20.0998 60.7818 70.7015 54.4518 39.0128 64.0 56.9495 82.2018 19.6977 35.863 53.2259 57.0497 58.5235 28.6007 32.4694 18.0278 23.3452 32.5152 0.0 38.1387 36.2552 20.0998 76.0416 43.0465 37.3712 26.0214 14.8661 18.6815 69.5768 78.3538 49.8506 41.7336 72.1518 41.7336 69.4438 77.2098 11.0 54.0833 44.4072 76.1183 16.4924 38.6586 18.9866 63.7951 12.6491 78.6227 20.3961 48.0521 69.2604 14.5602 78.9227 29.0728 60.139 42.6497 
9.84886 41.0488 33.8114 73.1504 43.4166 45.31 40.7185 56.3824 68.8005 37.7816 43.909 58.2117 51.4168 45.9674 68.2642 55.3774 12.083 55.5835 48.7955 15.8114 16.4924 60.0115 53.2263 28.2843 57.7558 62.3009 36.6879 35.6931 56.2049 21.095 44.4222 65.6795 58.2657 50.2494 57.5985 32.0689 69.4949 32.0262 69.094 56.5685 10.8167 48.0104 17.4642 41.2079 38.1387 0.0 18.0278 36.6879 57.0985 62.1939 5.09902 27.5801 43.0465 23.637 43.9659 53.2635 17.8045 6.40312 37.6962 6.40312 44.5982 54.3352 33.0606 21.8403 17.2627 42.19 37.6563 29.3606 17.0294 38.7716 50.7438 44.2719 38.6005 23.8694 39.0 51.3991 53.4135 19.7748 61.4552 24.4222 
11.6678 45.8912 51.5821 55.1725 31.1448 61.4003 48.0937 49.6655 50.774 24.0 60.803 51.3454 33.6139 47.5395 64.5685 54.2119 29.0689 51.3454 66.5738 6.08276 14.9193 59.6859 70.9628 31.5753 59.4263 44.498 24.2573 29.0414 48.1837 35.7771 26.4008 47.8766 40.4627 52.0 55.4708 51.1646 51.4782 25.3093 51.0882 45.4261 7.2111 45.0905 13.0395 58.9786 36.2552 18.0278 0.0 24.2573 51.5659 46.1736 15.0 45.3508 40.0061 37.4753 37.8365 70.7672 22.0 18.868 46.0 18.868 62.2997 47.6183 30.5314 37.7359 14.3178 53.9351 33.0334 47.1313 17.8182 30.856 48.2598 53.0 26.194 41.6401 55.2268 46.1496 70.8378 37.5455 43.6523 13.6056 
26.9258 70.0727 60.9748 44.0114 7.0 81.9786 72.3432 61.2565 35.5106 3.0 80.5746 56.6652 30.4138 71.1688 85.5183 32.6956 48.7462 57.651 83.5553 30.3284 20.2485 38.4838 87.0315 55.7741 44.2832 40.612 0.0 49.3106 51.0599 57.4891 19.2354 44.0454 37.3079 75.5844 32.249 53.9854 35.0 48.1449 39.0 21.2132 29.0689 16.4012 19.4165 52.2834 20.0998 36.6879 24.2573 0.0 57.8715 26.2488 36.4966 48.1716 12.0416 32.0156 57.6397 88.8114 46.1235 40.6079 70.065 40.6079 79.869 59.0397 9.21954 58.5235 38.5176 77.3175 4.47214 49.9521 20.5913 37.1616 26.0 77.0585 2.0 57.941 75.6669 20.0 89.246 40.3663 40.4975 37.0185 
57.5346 49.5782 88.9207 48.1664 61.9965 85.7555 55.8659 9.0 53.1601 55.8913 88.1192 4.0 30.8869 43.2666 39.0512 89.9034 62.5859 3.16228 97.6934 45.2341 60.786 95.7241 102.694 42.72 100.723 21.2603 57.8715 23.2594 8.94427 62.7694 40.6962 30.0167 24.6982 45.6508 89.3116 87.6902 55.6597 28.0179 47.8539 72.1488 50.6485 74.2215 58.9063 96.8291 76.0416 57.0985 51.5659 57.8715 0.0 59.0593 52.0042 83.2014 69.8719 83.3421 21.2603 100.18 44.2719 52.8043 56.6392 52.8043 93.2309 8.24621 65.0677 66.4831 39.8428 68.7677 62.0889 84.9818 63.685 22.2036 83.1958 61.5549 59.3579 76.9025 81.0062 77.6621 99.7296 75.396 21.1896 59.4723 
52.3694 89.1428 87.2148 24.3311 21.4009 107.45 92.6553 67.1193 13.0384 24.4131 106.096 55.5698 28.178 88.0909 95.8896 47.5184 74.2564 61.2699 109.795 51.6624 45.9064 52.1536 113.272 75.4255 62.8172 40.0788 26.2488 62.3939 50.1199 81.8513 23.0868 34.8281 34.6699 92.1954 45.1774 80.2254 11.0454 53.0 19.6469 20.025 53.2543 27.8927 44.7809 75.5463 43.0465 62.1939 46.1736 26.2488 59.0593 0.0 61.0505 74.4116 28.6356 58.0 69.4265 115.507 67.4685 64.9131 91.0824 64.9131 106.109 65.3911 34.0588 83.7809 59.0339 99.925 27.6586 76.1921 46.6154 49.366 42.2019 98.0051 24.7588 84.181 101.182 33.9559 115.643 66.6063 38.2753 59.6488 
10.0499 37.5899 37.6563 70.0928 43.4166 46.5296 37.9473 51.2882 65.7801 37.3398 45.8039 53.1175 48.4012 41.8688 63.5138 55.3925 14.1421 50.4892 51.7397 11.6619 17.0294 63.8582 56.2228 24.2074 61.6025 59.2853 36.4966 30.5941 51.1106 21.1896 41.4005 62.6639 55.2501 46.2277 56.8907 35.9156 66.4744 26.932 66.0681 57.0789 8.06226 49.163 17.1172 45.0546 37.3712 5.09902 15.0 36.4966 52.0042 61.0505 0.0 31.4268 44.1022 27.4837 38.8973 55.8659 13.4536 4.12311 35.171 4.12311 47.4236 49.241 34.1321 22.8254 12.1655 41.0122 38.0526 33.2073 18.4391 33.6774 49.712 41.9762 38.4708 27.2947 40.3113 49.0306 55.9017 23.6215 58.4396 21.4018 
37.4271 64.3506 22.3607 91.1642 53.6268 54.231 62.6259 82.4853 83.2816 50.3293 50.0 84.3146 75.9499 70.2933 93.4395 36.1248 28.6007 81.6864 48.5077 42.8083 38.2901 39.0512 50.9215 52.82 30.0832 89.6881 48.1716 61.6896 82.3078 38.5876 64.8811 89.8927 85.6529 74.411 39.3192 10.6301 82.9775 58.1291 86.2384 54.0263 38.1503 43.3964 40.4798 14.3178 26.0214 27.5801 45.3508 48.1716 83.2014 74.4116 31.4268 0.0 40.7141 18.2749 69.7287 54.3415 42.835 31.174 59.203 31.174 45.7056 80.4381 41.1257 36.6742 43.3718 59.9333 47.2327 20.2195 35.865 64.8745 34.2053 64.8999 49.6794 26.1725 48.5077 39.0363 55.109 7.81025 88.8425 59.5848 
34.0588 79.8123 62.7413 50.636 9.05539 87.0976 81.3941 73.2569 40.5216 14.4222 84.4808 67.4815 41.1096 82.0185 97.5579 21.587 54.4547 69.6514 85.9069 40.6432 27.074 27.2029 89.0921 65.521 35.1283 51.4283 12.0416 61.3502 61.8762 64.1249 30.0832 53.9351 48.1041 86.4905 20.6155 50.5557 39.2173 59.8496 45.5412 14.3178 37.6563 5.09902 27.4591 47.2017 14.8661 43.0465 40.0061 12.0416 69.8719 28.6356 44.1022 40.7141 0.0 32.249 69.6793 91.3893 55.3173 48.0416 78.9177 48.0416 82.4621 71.0401 10.0 64.5029 48.4836 85.0235 7.81025 51.7185 26.0192 49.1702 15.1327 85.8429 10.8167 60.7454 80.8084 8.06226 91.9239 42.1328 51.3137 46.4005 
28.6932 61.4003 31.0781 75.3476 36.7967 57.0789 60.5392 82.6261 67.424 34.4093 53.6087 84.4554 60.2349 66.6779 89.4965 33.4724 27.5136 81.8271 54.2439 38.1124 22.5751 37.8806 57.4289 49.0596 47.5262 70.3958 32.0156 57.7465 82.4485 37.9473 49.166 74.1777 67.0917 70.8984 36.1283 24.0887 67.0075 58.2698 70.4218 46.5296 34.2072 36.2491 24.7648 31.9027 18.6815 23.637 37.4753 32.0156 83.3421 58.0 27.4837 18.2749 32.249 0.0 65.7856 59.7506 38.8938 27.2319 57.3062 27.2319 50.8405 80.5788 24.0832 36.8782 39.4287 59.7746 30.4138 20.0554 20.15 65.0152 30.0167 63.5059 33.3017 29.4515 51.0098 33.2415 60.3194 10.4696 70.2813 43.8698 
43.9336 28.3196 74.1687 64.7765 63.1982 65.7419 34.6554 15.6525 67.0075 55.7225 68.7095 24.4131 43.0116 22.3607 28.0179 87.5335 47.0425 18.3848 79.1202 32.689 48.2409 93.0075 84.2021 23.0868 92.7479 30.0666 57.6397 9.21954 26.0 44.7214 46.5725 47.8017 39.3192 25.2982 88.7924 74.2159 69.0652 20.5183 63.1981 76.922 38.1033 73.9996 46.3612 83.3565 69.5768 43.9659 37.8365 57.6397 21.2603 69.4265 38.8973 69.7287 69.6793 65.7856 0.0 80.9938 28.0713 38.833 35.609 38.833 74.7262 14.4222 64.8631 48.6621 26.9258 47.8017 61.8843 71.5092 51.1399 20.6155 81.5814 40.3113 59.1441 61.0082 61.4654 77.4848 80.4114 61.9234 36.6742 46.9272 
63.1712 57.4282 33.0606 125.936 94.4434 17.0294 51.1566 96.566 121.868 90.9691 12.3693 102.0 104.266 66.4831 92.1358 90.2552 41.7253 97.9898 6.0 67.2086 69.7697 92.5419 7.07107 57.9396 81.0062 97.2235 88.8114 76.922 100.499 37.7359 97.2086 117.949 107.975 68.1175 93.5575 46.1736 122.562 76.3501 121.88 105.702 63.7024 95.6396 70.7859 56.0357 78.3538 53.2635 70.7672 88.8114 100.18 115.507 55.8659 54.3415 91.3893 59.7506 80.9938 0.0 56.6039 52.345 48.3735 52.345 8.94427 95.0789 82.2922 34.4093 63.6003 38.0132 88.1196 61.6952 76.5048 83.0956 88.5268 48.0104 90.329 30.8869 19.6469 92.8971 1.41421 51.264 106.292 77.4894 
22.3607 24.6982 46.0977 74.6778 53.0964 43.8406 26.1725 42.2966 70.4704 46.0 45.0 45.6946 52.439 28.4253 50.6063 67.8719 19.0 42.45 53.6656 16.0312 28.7924 73.2626 58.6003 10.8167 72.9649 40.62 46.1235 21.3776 43.909 18.868 45.8938 61.3457 51.3713 32.8024 69.3701 46.8188 71.5202 19.7466 70.0959 67.2714 17.72 60.4152 27.8927 56.356 49.8506 17.8045 22.0 46.1235 44.2719 67.4685 13.4536 42.835 55.3173 38.8938 28.0713 56.6039 0.0 11.6619 24.0 11.6619 49.1935 40.4475 45.607 22.3607 8.544 32.573 48.5077 44.6155 30.8707 26.492 62.1914 31.0 48.1455 33.1361 38.2884 61.0328 56.3028 35.0297 49.6881 29.105 
14.0 34.6699 36.1248 73.7593 47.5184 42.5441 34.5398 52.0096 69.6419 41.4605 42.0119 53.9176 52.0509 39.598 62.2656 58.9723 10.8167 51.2893 48.4149 14.8661 21.0 63.6064 53.0094 21.9317 61.3507 48.6054 40.6079 31.0644 51.9107 17.088 45.2217 66.3136 58.8997 43.8634 61.1934 35.4401 70.3278 27.732 69.814 61.131 12.083 53.0848 21.2132 44.7214 41.7336 6.40312 18.868 40.6079 52.8043 64.9131 4.12311 31.174 48.0416 27.2319 38.833 52.345 11.6619 0.0 31.6228 0.0 44.0454 50.0 38.0526 18.868 13.1529 37.0 42.107 32.9545 22.2036 34.4774 54.3387 38.3275 42.5793 24.6982 36.3593 52.7731 52.3259 23.3687 57.6735 25.2643 
45.1221 9.05539 53.3385 94.5281 77.0612 31.7805 3.60555 51.0392 93.0602 70.0 36.1248 59.397 72.2892 18.1108 44.0114 89.3905 30.6105 53.9073 48.0 40.0125 51.9711 94.0246 53.0094 16.1555 88.6903 58.6882 70.065 35.0 59.6657 21.2603 69.0892 79.404 69.4396 20.0998 91.6116 59.4643 94.5055 39.5601 91.221 91.1976 41.3038 84.0119 51.4782 70.7107 72.1518 37.6962 46.0 70.065 56.6392 91.0824 35.171 59.203 78.9177 57.3062 35.609 48.3735 24.0 31.6228 0.0 31.6228 44.0454 50.0 69.0507 24.4131 32.1403 12.2066 72.3395 61.2195 53.6004 45.618 84.7569 7.0 72.0637 39.1152 29.0172 84.1724 47.5184 51.614 67.7422 53.0465 
14.0 34.6699 36.1248 73.7593 47.5184 42.5441 34.5398 52.0096 69.6419 41.4605 42.0119 53.9176 52.0509 39.598 62.2656 58.9723 10.8167 51.2893 48.4149 14.8661 21.0 63.6064 53.0094 21.9317 61.3507 48.6054 40.6079 31.0644 51.9107 17.088 45.2217 66.3136 58.8997 43.8634 61.1934 35.4401 70.3278 27.732 69.814 61.131 12.083 53.0848 21.2132 44.7214 41.7336 6.40312 18.868 40.6079 52.8043 64.9131 4.12311 31.174 48.0416 27.2319 38.833 52.345 11.6619 0.0 31.6228 0.0 44.0454 50.0 38.0526 18.868 13.1529 37.0 42.107 32.9545 22.2036 34.4774 54.3387 38.3275 42.5793 24.6982 36.3593 52.7731 52.3259 23.3687 57.6735 25.2643 
