NAME  : Jabali_80_2_0.95_1_4
TYPE : SVRP
MODEL : FINITE_SUPPORT
NUMBER_OF_SCENARIOS : 200
DIMENSION : 80
EDGE_WEIGHT_TYPE : MATRIX
CAPACITY : 224
N_VEHICLES : 2
NODE_COORD_SECTION
1 5237 5211
2 5393 2581
3 3699 4720
4 4362 2465
5 6909 3485
6 2649 5588
7 5064 1368
8 3780 7016
9 7844 7304
10 1538 3635
11 6375 4052
12 2553 7541
13 9586 5033
14 4710 692
15 4874 7501
16 3713 2913
17 3943 2645
18 6094 7806
19 4619 3682
20 5457 3017
21 4850 6347
22 27 5732
23 8449 6843
24 5300 9982
25 6775 2476
26 5465 1265
27 46 5874
28 7136 6693
29 2783 1706
30 6671 2384
31 3386 4444
32 7648 4129
33 5819 8261
34 2756 2583
35 7695 7231
36 6088 7151
37 2928 6210
38 4742 5779
39 2235 7520
40 4575 654
41 5891 6946
42 4792 8904
43 3893 7505
44 6882 2036
45 3409 6834
46 2282 3787
47 8106 4148
48 7740 7825
49 8016 3142
50 6808 3745
51 5858 4394
52 6713 4410
53 3970 1658
54 665 5528
55 4355 18
56 6624 3214
57 7655 6476
58 3205 2580
59 5056 9017
60 5594 8593
61 2240 5461
62 2533 2151
63 2064 4216
64 6195 9335
65 1938 3332
66 6036 2253
67 1826 6724
68 5759 9017
69 7262 2452
70 5078 2338
71 1627 5846
72 7311 3714
73 4926 8119
74 9000 5463
75 3907 840
76 4989 3657
77 1331 4846
78 5841 6258
79 6031 4825
80 6359 2922
DEMAND_SECTION
1 0.0
2 4.0
3 9.0
4 4.0
5 2.0
6 4.0
7 8.0
8 8.0
9 7.0
10 5.0
11 2.0
12 3.0
13 10.0
14 8.0
15 9.0
16 7.0
17 10.0
18 10.0
19 7.0
20 7.0
21 8.0
22 3.0
23 8.0
24 2.0
25 9.0
26 9.0
27 1.0
28 2.0
29 3.0
30 8.0
31 7.0
32 8.0
33 3.0
34 2.0
35 5.0
36 9.0
37 1.0
38 2.0
39 6.0
40 8.0
41 2.0
42 7.0
43 4.0
44 1.0
45 10.0
46 9.0
47 1.0
48 6.0
49 6.0
50 6.0
51 1.0
52 8.0
53 2.0
54 4.0
55 10.0
56 10.0
57 5.0
58 1.0
59 2.0
60 1.0
61 3.0
62 5.0
63 5.0
64 3.0
65 5.0
66 2.0
67 7.0
68 5.0
69 4.0
70 10.0
71 2.0
72 4.0
73 8.0
74 9.0
75 6.0
76 2.0
77 10.0
78 2.0
79 1.0
80 9.0
DEVIATION_SECTION
1 0.0
2 1.33333
3 3.0
4 1.33333
5 0.666667
6 1.33333
7 2.66667
8 2.66667
9 2.33333
10 1.66667
11 0.666667
12 1.0
13 3.33333
14 2.66667
15 3.0
16 2.33333
17 3.33333
18 3.33333
19 2.33333
20 2.33333
21 2.66667
22 1.0
23 2.66667
24 0.666667
25 3.0
26 3.0
27 0.333333
28 0.666667
29 1.0
30 2.66667
31 2.33333
32 2.66667
33 1.0
34 0.666667
35 1.66667
36 3.0
37 0.333333
38 0.666667
39 2.0
40 2.66667
41 0.666667
42 2.33333
43 1.33333
44 0.333333
45 3.33333
46 3.0
47 0.333333
48 2.0
49 2.0
50 2.0
51 0.333333
52 2.66667
53 0.666667
54 1.33333
55 3.33333
56 3.33333
57 1.66667
58 0.333333
59 0.666667
60 0.333333
61 1.0
62 1.66667
63 1.66667
64 1.0
65 1.66667
66 0.666667
67 2.33333
68 1.66667
69 1.33333
70 3.33333
71 0.666667
72 1.33333
73 2.66667
74 3.0
75 2.0
76 0.666667
77 3.33333
78 0.666667
79 0.333333
80 3.0
DISTANCE_MATRIX
0.0 35.2278 20.1246 38.5558 32.1403 34.8465 51.7397 32.0 46.727 52.4139 22.0907 48.976 58.258 60.8374 33.8914 46.6057 42.8804 36.6128 32.6274 29.6816 16.6433 70.0071 47.6547 66.7431 42.5793 53.0094 70.7844 36.8124 61.8169 42.7551 24.9596 35.7771 43.09 50.6849 45.3551 27.4697 34.0686 11.0454 52.442 61.5761 24.5824 52.1376 36.3456 47.8539 33.4526 42.9684 40.8167 52.2888 46.5725 29.2746 14.0357 22.4722 50.4842 61.5549 70.2614 33.0606 36.4023 48.8463 54.2695 47.6425 39.6749 56.8769 43.1868 57.8217 49.8885 41.2311 51.0292 53.0783 46.0435 38.2884 49.0588 34.2053 41.8308 50.4777 61.0982 27.6274 51.8652 16.5231 11.7047 34.7131 
35.2278 0.0 36.0555 13.6015 23.1948 55.0818 17.2047 64.2756 69.4272 52.8583 23.0868 77.8235 65.4905 27.2947 68.6324 22.0915 18.3661 70.0071 23.6015 5.65685 51.8652 83.8083 69.2604 100.166 18.3848 17.8045 84.7197 59.5125 35.8469 17.6918 36.1248 36.1248 76.5131 33.3017 68.0553 60.8112 59.2115 44.5749 79.404 28.178 58.0 86.8786 70.3736 21.095 63.821 45.2831 41.4367 75.5351 35.7771 24.0 24.2074 29.1204 22.2036 75.396 37.1214 18.4391 59.0931 27.5862 87.6926 81.0656 57.5587 36.8917 50.2709 91.2195 46.7115 9.84886 74.0608 86.5014 24.7588 5.0 67.082 29.2746 76.5717 62.0081 30.4138 18.6015 62.7712 49.9462 30.0 13.9284 
20.1246 36.0555 0.0 32.0832 46.5192 19.6469 48.7032 30.8058 70.235 32.7567 37.2218 41.9762 78.0384 55.8902 42.3449 25.7404 36.4078 57.1707 33.0868 32.0624 33.5245 52.8015 67.7214 74.3273 53.0396 51.6624 53.6004 56.879 41.7047 52.872 5.0 53.4611 58.2696 30.5727 65.4218 46.6217 23.1948 25.7734 43.4166 56.484 43.7344 58.6893 37.0135 54.8673 29.0689 23.1948 58.9635 71.4408 62.1777 44.2955 28.8631 39.8791 43.4852 44.2041 66.2666 45.5604 56.469 28.7341 60.8817 60.0494 23.2594 36.7646 23.7697 72.4169 30.0167 45.0444 38.3275 65.7063 58.0214 36.6742 33.1059 50.2569 49.5057 70.5003 54.2488 28.0868 33.3017 35.6751 29.8223 45.1895 
38.5558 13.6015 32.0832 0.0 35.7351 47.8529 18.2483 62.6249 77.4365 39.8246 33.0151 73.8401 77.666 24.6982 71.409 10.0499 6.0 74.3034 25.9284 15.5242 55.1026 72.5328 78.1183 104.911 31.8904 22.0 73.4983 67.5219 22.8035 31.1448 30.6356 48.2701 80.7805 19.799 76.0646 65.1603 54.8867 47.3515 75.0068 25.2389 62.273 89.6552 68.7903 34.0588 61.0931 32.573 53.8516 83.5445 49.2443 35.9026 30.8617 39.0 12.083 64.5368 33.3017 31.3847 67.1118 14.2127 91.31 89.1135 49.0918 23.3238 38.0789 95.5123 33.6155 22.6716 66.5096 90.7689 38.2884 10.0 58.0086 41.7612 79.3484 73.3348 23.0217 20.9284 51.4198 54.2136 36.4819 27.2947 
32.1403 23.1948 46.5192 35.7351 0.0 63.561 37.6563 64.0703 51.7397 71.1302 10.0499 80.915 42.2966 48.0521 61.1882 43.8877 40.1624 59.2884 34.8395 20.2485 46.3897 97.5467 49.2443 90.3883 14.1421 35.7351 98.3202 42.3252 58.5235 14.8661 51.3542 13.0 66.243 55.0981 50.3289 50.1597 64.56 43.1856 83.3607 49.0306 48.1041 78.7464 68.0294 19.2094 65.5896 61.7537 18.2483 58.0517 15.8114 3.16228 18.4391 12.083 45.3982 88.971 57.7235 5.09902 41.1096 49.3942 78.7718 71.1758 67.607 58.8978 64.8906 80.4782 67.0705 19.9249 81.2712 76.1763 14.8661 28.1603 77.4042 6.08276 68.4105 39.2046 53.0377 29.8395 77.3181 41.7759 21.0238 10.198 
34.8465 55.0818 19.6469 47.8529 63.561 0.0 66.0663 23.7697 73.6578 29.5466 54.1202 26.0768 93.0876 71.1688 38.0526 37.8054 41.8805 52.94 52.5793 51.4782 36.9706 35.4683 82.4185 68.352 70.1168 69.4622 36.1248 66.3203 50.8035 69.7823 19.0 69.8928 54.037 39.6611 73.477 51.3999 8.94427 40.4605 26.4008 71.4703 50.2198 52.811 29.7321 74.3598 19.3132 24.0832 75.213 74.8636 79.1581 61.2699 45.6508 56.3028 55.3624 27.2029 78.0 62.6376 71.1661 39.8121 55.3624 55.4437 5.38516 44.8219 19.7231 67.7422 30.8058 64.3817 19.0 60.8276 75.0985 55.0364 14.2127 67.1193 44.7214 85.3243 65.7951 47.5793 20.2237 50.3622 45.8039 62.2667 
51.7397 17.2047 48.7032 18.2483 37.6563 66.0663 0.0 79.1733 86.3943 55.3624 39.8121 90.5207 79.0253 10.4403 84.6868 28.2843 24.1868 87.0 39.2062 22.8035 68.2495 89.4427 85.7963 117.13 27.1662 5.0 90.4268 76.4797 30.6105 26.1725 47.3172 50.4876 93.4773 33.8378 85.0224 77.8332 71.5682 60.6293 91.6884 11.4018 74.9698 102.933 85.3388 26.2488 77.6419 49.4975 55.1453 92.5023 46.3897 39.2938 41.4005 45.6946 15.2643 81.7435 20.2485 32.5576 76.0263 29.6142 104.588 98.0298 67.2681 34.4819 55.3263 108.209 49.0408 18.0278 84.723 103.466 32.7567 13.4536 76.0263 43.4166 92.6262 76.7919 16.7631 34.2062 68.593 66.9104 47.2017 27.4591 
32.0 64.2756 30.8058 62.6249 64.0703 23.7697 79.1733 0.0 51.823 53.1413 54.037 18.3576 84.1148 86.4319 15.5242 55.0479 66.7398 31.0161 60.6741 59.339 20.1246 52.811 61.4471 44.7772 74.3303 81.561 53.1413 44.4855 70.8378 74.4328 33.9706 65.9697 31.257 59.5483 51.6421 29.5651 15.1327 21.0238 21.6333 87.0257 28.385 29.1548 6.40312 79.5156 5.09902 46.5296 70.214 52.3629 77.9295 61.131 46.0109 53.6004 72.7927 46.0977 95.0707 65.0308 51.9801 58.0416 31.6228 32.0156 28.2843 65.437 43.0813 44.1814 53.6656 72.0152 26.4197 37.2156 78.0256 66.4855 32.3883 65.6201 21.095 75.2873 83.5563 55.6741 43.1045 36.7585 43.1856 66.3712 
46.727 69.4272 70.235 77.4365 51.7397 73.6578 86.3943 51.823 0.0 102.189 46.6489 68.6804 39.1152 96.6794 37.4833 85.6812 81.9558 23.0217 71.7029 64.1763 53.6811 104.549 10.7703 48.0104 65.8559 85.7555 104.9 13.0384 100.37 66.6033 75.07 42.8019 28.2312 96.8916 1.41421 23.6178 65.822 54.2442 72.2496 97.5803 26.6757 43.6578 50.2494 70.7248 56.7982 93.0788 42.5441 6.40312 55.7584 49.0408 46.5901 41.0488 89.2493 97.6515 106.523 56.2228 10.6301 91.1876 41.7612 32.573 78.6558 100.691 92.0086 34.0588 99.9989 70.4557 78.2326 34.3657 65.1153 74.0195 83.8168 48.1041 38.2753 30.0 99.2039 66.7029 93.6804 36.5214 41.1948 60.803 
52.4139 52.8583 32.7567 39.8246 71.1302 29.5466 55.3624 53.1413 102.189 0.0 65.7019 53.2635 111.242 56.3205 66.6185 32.0156 34.6699 81.471 56.7283 54.4181 65.4783 35.0 100.011 97.8621 71.2305 60.0833 36.0 89.1683 29.1548 70.5151 27.8927 82.5054 82.5699 21.587 102.008 78.911 38.4838 58.0627 52.345 56.2228 76.0237 82.28 59.2368 73.6191 48.8467 9.84886 88.3215 103.395 86.8334 70.582 61.861 71.2436 40.7922 28.4429 60.075 68.7065 88.7583 26.0 84.7585 84.2009 26.0768 23.0217 10.198 96.5598 6.32456 62.2176 41.1096 89.7385 77.6134 49.7393 29.2062 76.9607 73.7631 102.79 48.0 51.7283 16.5529 67.9643 62.1116 66.3705 
22.0907 23.0868 37.2218 33.0151 10.0499 54.1202 39.8121 54.037 46.6489 65.7019 0.0 70.905 45.5412 50.1597 51.7439 41.066 37.3407 50.8567 28.9737 18.2483 36.6742 88.2492 46.1736 81.8841 21.9317 39.1152 89.0227 36.7342 55.7548 22.3607 42.0568 17.2047 57.8014 52.2764 45.2769 41.6773 54.7083 33.1361 73.3518 51.0784 39.3573 69.6419 58.0775 27.313 55.5398 55.8878 23.0217 52.7568 25.0799 7.28011 8.544 6.08276 44.1814 79.6735 60.0083 11.7047 36.2353 46.5725 69.857 62.6498 58.3095 56.0761 59.0248 72.0465 61.6423 24.0832 71.5122 67.7422 24.3311 27.8927 68.0955 13.0384 59.1354 40.4475 53.3667 23.9737 69.191 32.3316 11.1803 15.0 
48.976 77.8235 41.9762 73.8401 80.915 26.0768 90.5207 18.3576 68.6804 53.2635 70.905 0.0 101.946 96.6785 31.241 63.28 67.3551 46.6154 74.3817 73.3348 38.4708 41.0122 78.4967 50.04 90.0222 93.6216 41.0488 61.5351 76.844 90.0056 43.3244 83.8153 44.7214 65.7343 68.6222 46.6905 18.9737 37.9363 3.60555 97.0041 45.5243 36.3456 18.4391 95.0 15.5242 49.679 88.2553 68.6003 95.3707 78.1702 62.514 71.0736 81.0247 36.4966 103.788 81.3019 69.0297 65.7647 39.4588 43.6578 27.5862 70.8025 44.5533 54.3415 55.8659 86.2844 14.3178 47.5395 94.2603 78.6448 25.4951 83.0115 33.1059 93.1185 91.6788 69.3817 38.9487 54.9295 60.4598 82.0244 
58.258 65.4905 78.0384 77.666 42.2966 93.0876 79.0253 84.1148 39.1152 111.242 45.5412 101.946 0.0 89.1403 71.8917 85.7598 82.0345 60.1664 74.5136 62.1691 64.4844 128.315 29.0172 87.0919 52.2398 76.2365 129.025 41.2311 100.439 53.2353 82.8734 29.4279 66.4906 96.9703 38.2099 57.4945 91.8514 66.4831 105.333 90.1388 60.5524 82.0 83.922 54.9181 86.9801 100.882 24.0832 44.0114 33.9559 41.7732 51.4296 40.3113 87.6926 119.847 98.4124 47.1699 33.8378 91.2663 80.4114 71.1969 97.916 100.77 101.101 73.0068 107.182 61.0082 107.157 73.437 47.8539 70.4557 107.3 36.2215 74.9466 9.48683 95.0474 69.5136 110.0 57.2014 48.5489 52.0865 
60.8374 27.2947 55.8902 24.6982 48.0521 71.1688 10.4403 86.4319 96.6794 56.3205 50.1597 96.6785 89.1403 0.0 93.6906 34.0147 29.9666 96.4648 48.2099 32.7567 77.2612 91.1976 96.2081 127.192 37.0 13.0384 92.1954 86.7647 28.4605 36.0 54.6453 60.8276 102.942 35.0143 95.3075 87.3216 77.848 69.6331 97.4142 1.0 84.4344 111.937 92.5973 35.3553 84.9001 52.0865 65.3758 102.787 56.0803 49.7293 51.3128 56.0803 16.1245 84.006 9.84886 42.9535 86.3308 32.249 113.592 107.494 71.8053 33.7343 58.1378 117.674 50.1597 28.2843 89.4986 112.93 42.19 23.0217 79.9062 53.7587 101.63 87.1321 10.0 43.2099 71.007 76.375 57.1402 37.855 
33.8914 68.6324 42.3449 71.409 61.1882 38.0526 84.6868 15.5242 37.4833 66.6185 51.7439 31.241 71.8917 93.6906 0.0 66.8862 78.4461 15.6525 65.4806 63.2368 18.1374 68.3081 47.5079 34.0588 73.5992 86.277 68.6222 30.6775 82.7981 73.9616 45.7237 60.0083 16.0 71.5509 37.4833 16.1245 30.0666 24.5155 34.8281 94.4293 15.8114 19.2094 12.8062 78.9834 20.6155 59.3418 63.2851 37.4433 73.0616 58.0517 47.549 49.4975 84.631 61.6117 103.115 63.4424 38.1721 69.8799 20.5183 17.72 43.0 77.5428 56.4383 30.0832 66.5773 75.1062 41.6293 23.4094 75.9431 71.2902 47.8539 61.2944 8.48528 62.4268 95.3946 60.4806 58.0086 19.4165 40.7266 66.2136 
46.6057 22.0915 25.7404 10.0499 43.8877 37.8054 28.2843 55.0479 85.6812 32.0156 41.066 63.28 85.7598 34.0147 66.8862 0.0 4.12311 82.3533 33.9783 23.6513 59.2524 63.2456 86.6089 100.388 40.4637 32.0156 64.195 75.7665 23.3452 39.7484 21.2468 56.3748 82.811 15.5242 84.3092 73.2101 44.4495 51.5014 64.0157 34.4384 70.3229 83.2307 61.4171 42.8523 52.4544 23.7065 61.9729 91.7891 57.5578 44.0057 39.111 48.4936 19.2094 55.0818 41.8808 39.5964 75.3565 10.0499 86.7872 84.5907 39.0512 21.095 28.7924 96.9582 26.1725 31.4508 56.4621 90.2477 46.8466 18.9941 48.0416 49.8996 74.8256 83.2066 30.4795 28.9783 42.0595 62.2635 44.5938 35.6037 
42.8804 18.3661 36.4078 6.0 40.1624 41.8805 24.1868 66.7398 81.9558 34.6699 37.3407 67.3551 82.0345 29.9666 78.4461 4.12311 0.0 78.6279 30.2529 19.926 59.4271 66.7608 82.7669 111.948 36.7384 28.0 67.72 72.0412 22.0 36.023 25.3219 52.6495 85.1051 16.1245 80.5839 69.4848 48.5246 51.6761 68.0908 30.4138 66.5976 96.6923 73.1149 39.127 65.4177 26.9258 58.2476 88.0638 53.8324 40.2804 35.3857 43.3246 15.5563 58.6941 38.0132 35.8711 71.6312 10.2956 98.3471 96.1506 43.1045 20.8806 32.28 99.8369 28.6007 27.7255 60.5372 101.808 43.1213 15.2688 52.0096 46.1743 86.3855 77.6688 26.8701 25.2529 45.607 58.5382 40.8685 31.8784 
36.6128 70.0071 57.1707 74.3034 59.2884 52.94 87.0 31.0161 23.0217 81.471 50.8567 46.6154 60.1664 96.4648 15.6525 82.3533 78.6279 0.0 68.375 64.3506 32.9633 83.8153 33.6155 31.3847 72.6948 87.7268 84.1546 20.0 96.5773 73.1784 60.5495 54.7654 7.28011 85.4453 23.3238 9.21954 45.1042 39.3413 50.2195 97.2359 12.0416 22.0907 28.3019 78.0456 36.0555 74.1943 56.5685 22.0227 68.3611 56.1424 46.0977 47.2057 86.2318 76.9336 105.985 62.3996 26.4764 83.6067 21.0238 12.3693 57.938 91.6372 71.2908 21.2132 81.4297 74.2024 57.2713 17.0 74.1201 73.5961 63.0989 58.0994 15.2643 50.6952 96.8458 63.375 72.9626 21.6333 40.6079 65.793 
32.6274 23.6015 33.0868 25.9284 34.8395 52.5793 39.2062 60.6741 71.7029 56.7283 28.9737 74.3817 74.5136 48.2099 65.4806 33.9783 30.2529 68.375 0.0 19.0 49.1742 83.3553 72.6306 98.9821 37.5136 40.8869 84.2428 61.7882 48.667 37.2029 34.0416 45.7771 74.8521 45.1887 70.331 59.2319 56.0109 41.4231 76.1211 48.9487 56.3446 83.7268 66.7721 41.7805 60.2195 46.9142 51.5933 84.051 50.3113 33.8537 25.1327 34.5153 37.8568 74.846 57.634 32.0227 61.3782 39.4847 85.3816 83.1851 55.607 48.9883 50.0511 89.5839 52.6686 32.0 71.4003 88.8421 43.1059 25.8114 65.3624 40.2324 73.42 69.2284 48.4708 5.0 62.4786 48.2852 30.6155 30.1246 
29.6816 5.65685 32.0624 15.5242 20.2485 51.4782 22.8035 59.339 64.1763 54.4181 18.2483 73.3348 62.1691 32.7567 63.2368 23.6513 19.926 64.3506 19.0 0.0 46.3249 81.4371 64.2884 94.5127 19.2354 23.4307 82.3468 54.2617 38.3275 18.7883 32.7567 32.7567 70.8596 34.8618 62.8044 55.1543 55.0091 39.1862 75.1066 33.6155 52.345 81.483 64.8951 23.0868 59.0339 44.7631 38.3275 70.2843 34.4093 20.3961 18.6011 24.3311 26.0192 73.0068 42.5441 16.1245 53.8516 29.1578 82.0392 75.4121 54.3415 38.6614 47.9001 85.5628 48.2713 13.0 70.3491 80.848 25.2389 9.84886 64.0312 26.2488 71.1762 58.0775 35.171 14.0 60.4003 44.2927 24.4131 12.7279 
16.6433 51.8652 33.5245 55.1026 46.3897 36.9706 68.2495 20.1246 53.6811 65.4783 36.6742 38.4708 64.4844 77.2612 18.1374 59.2524 59.4271 32.9633 49.1742 46.3249 0.0 69.2965 63.3052 51.6389 58.2409 69.6348 69.7437 46.3436 75.2168 58.5235 38.3595 46.5559 34.0622 64.0847 53.5002 28.0747 29.6197 10.4403 41.6773 77.9999 25.1875 36.3836 22.3607 63.6003 23.6008 58.2016 50.6054 54.8869 59.0762 43.2897 29.7321 35.0143 67.0309 61.915 86.8082 48.2701 40.2548 62.2462 38.0384 35.8419 42.0504 70.2767 55.2981 48.2094 63.2884 57.6975 44.5568 41.4989 61.0 54.8179 47.9867 47.0 26.0768 55.657 77.6449 44.0512 57.0829 17.1281 25.4951 50.5964 
70.0071 83.8083 52.8015 72.5328 97.5467 35.4683 89.4427 52.811 104.549 35.0 88.2492 41.0122 128.315 91.1976 68.3081 63.2456 66.7608 83.8153 83.3553 81.4371 69.2965 0.0 114.173 91.0055 100.648 93.9415 1.0 97.2113 64.0703 100.225 49.93 104.488 83.678 56.2228 104.368 82.291 39.8246 75.6876 38.0132 91.1373 81.1108 77.2334 56.5155 104.418 47.7598 40.025 109.986 105.089 113.205 95.323 79.8905 90.9066 75.4255 8.60233 95.0474 95.378 106.393 59.8415 80.3057 83.5464 30.4138 58.0086 34.4819 94.8947 41.0488 93.5784 27.2947 87.9659 106.438 82.0264 21.6333 101.284 72.5672 120.551 83.0 78.3553 21.1896 85.5892 80.7217 93.4773 
47.6547 69.2604 67.7214 78.1183 49.2443 82.4185 85.7963 61.4471 10.7703 100.011 46.1736 78.4967 29.0172 96.2081 47.5079 86.6089 82.7669 33.6155 72.6306 64.2884 63.3052 114.173 0.0 58.2151 62.9682 84.5813 114.524 19.2354 101.181 63.8122 72.5564 38.4187 39.0 97.8193 10.2956 33.2419 75.4461 54.0383 82.0372 97.1442 36.2998 54.4243 60.1415 67.424 66.4222 90.5652 36.7967 15.0 50.2494 46.9574 47.3814 40.1622 89.822 107.276 106.042 54.1202 12.3693 92.1153 52.4976 43.3244 87.2469 101.619 90.7836 44.0454 97.4853 68.8767 87.8566 44.911 61.2209 74.0405 93.4408 44.6542 48.8774 20.3961 99.4585 67.514 99.4372 44.2263 42.107 59.0339 
66.7431 100.166 74.3273 104.911 90.3883 68.352 117.13 44.7772 48.0104 97.8621 81.8841 50.04 87.0919 127.192 34.0588 100.388 111.948 31.3847 98.9821 94.5127 51.6389 91.0055 58.2151 0.0 103.769 117.923 91.0 50.448 114.781 104.235 77.7061 85.7519 24.1661 103.533 49.0 40.2492 59.4643 58.017 53.0 127.931 42.5441 15.6525 38.6264 109.128 49.0408 91.236 87.3212 43.2897 99.3477 87.2423 76.5506 78.3056 118.133 86.3713 136.616 93.4773 55.4437 101.862 13.6015 19.2354 72.4224 109.525 87.8465 14.3178 98.4124 104.848 64.195 14.5602 105.22 103.726 74.1485 89.1993 25.6125 78.0064 128.896 93.9821 86.5852 50.8035 71.3442 96.7471 
42.5793 18.3848 53.0396 31.8904 14.1421 70.1168 27.1662 74.3303 65.8559 71.2305 21.9317 90.0222 52.2398 37.0 73.5992 40.4637 36.7384 72.6948 37.5136 19.2354 58.2409 100.648 62.9682 103.769 0.0 24.0208 101.553 56.4573 53.3385 1.0 51.5553 25.0799 79.6492 51.6624 64.4438 63.5295 72.4431 53.3385 92.1358 38.0 61.2699 91.5478 78.9177 5.38516 75.0267 63.9824 28.8617 72.1803 19.2354 17.0294 28.6356 25.807 38.4838 92.1954 46.1736 10.2956 55.2268 45.9674 91.7878 84.534 73.1206 55.0 67.1193 93.8845 65.0837 9.84886 88.4599 89.5827 6.40312 22.2036 82.8761 18.3576 80.9978 50.9608 43.7379 32.5136 79.6196 54.1868 32.8938 8.0 
53.0094 17.8045 51.6624 22.0 35.7351 69.4622 5.0 81.561 85.7555 60.0833 39.1152 93.6216 76.2365 13.0384 86.277 32.0156 28.0 87.7268 40.8869 23.4307 69.6348 93.9415 84.5813 117.923 24.0208 0.0 94.921 75.841 35.609 23.0217 50.636 48.2701 94.2695 38.6264 84.3801 78.5175 74.7329 62.2195 94.921 14.0357 75.743 104.523 87.659 22.3607 80.4731 53.9351 52.6118 91.8636 43.0465 37.6962 41.7253 44.7772 20.2485 86.1452 22.2036 30.6757 75.2928 34.2053 106.178 98.822 71.0634 39.4462 59.6825 108.931 53.7587 15.8114 88.3629 104.258 29.1548 15.2315 80.0062 41.2311 94.2164 74.5252 21.0238 35.8869 72.9932 67.7026 47.4236 25.632 
70.7844 84.7197 53.6004 73.4983 98.3202 36.1248 90.4268 53.1413 104.9 36.0 89.0227 41.0488 129.025 92.1954 68.6222 64.195 67.72 84.1546 84.2428 82.3468 69.7437 1.0 114.524 91.0 101.553 94.921 0.0 97.5625 65.0692 101.134 50.774 105.262 83.9345 57.2189 104.719 82.6421 40.3113 76.3984 38.0 92.1358 81.4619 77.3175 56.7539 105.33 48.1041 41.0 110.752 105.44 113.979 96.0965 80.6641 91.6788 76.4199 9.43398 96.0469 96.2656 107.104 60.8276 80.399 83.7437 31.1127 59.0085 35.4401 95.0368 42.0476 94.4898 27.4591 88.1192 107.331 82.9848 22.2036 102.058 72.7805 121.262 84.0 79.2428 22.1359 86.3 81.4678 94.3663 
36.8124 59.5125 56.879 67.5219 42.3252 66.3203 76.4797 44.4855 13.0384 89.1683 36.7342 61.5351 41.2311 86.7647 30.6775 75.7665 72.0412 20.0 61.7882 54.2617 46.3436 97.2113 19.2354 50.448 56.4573 75.841 97.5625 0.0 90.4552 57.1477 61.714 35.4683 27.074 86.9769 12.0 16.2803 58.4845 43.196 65.0756 87.6656 19.3382 42.0476 43.1857 61.5093 49.4607 79.7228 36.8782 18.0278 49.0408 39.4646 36.6754 31.1803 79.3346 90.3139 96.6087 46.564 7.81025 81.273 41.0122 32.1403 71.3183 90.7765 79.9412 38.0789 86.643 60.5868 70.895 35.9026 56.402 64.1048 76.4792 39.4823 33.9559 31.7805 89.2892 56.7882 88.5948 29.1839 31.2801 51.005 
61.8169 35.8469 41.7047 22.8035 58.5235 50.8035 30.6105 70.8378 100.37 29.1548 55.7548 76.844 100.439 28.4605 82.7981 23.3452 22.0 96.5773 48.667 38.3275 75.2168 64.0703 101.181 114.781 53.3385 35.609 65.0692 90.4552 0.0 52.4786 37.2022 71.0634 98.7229 11.3137 98.998 87.4342 58.8982 67.4658 76.8505 28.1603 84.5469 99.1425 77.2334 54.4059 67.8823 27.7308 76.6551 112.253 71.5891 58.6941 53.7998 61.7386 15.5563 57.5587 31.0 54.0833 90.0452 13.9284 101.335 100.503 49.7393 6.32456 33.6155 112.87 23.5372 43.566 67.082 106.16 59.6825 31.305 56.0803 64.56 89.9589 96.0829 19.2354 43.667 45.1221 76.4876 59.2826 49.7695 
42.7551 17.6918 52.872 31.1448 14.8661 69.7823 26.1725 74.4328 66.6033 70.5151 22.3607 90.0056 53.2353 36.0 73.9616 39.7484 36.023 73.1784 37.2029 18.7883 58.5235 100.225 63.8122 104.235 1.0 23.0217 101.134 57.1477 52.4786 0.0 51.2445 26.0 80.1311 50.9313 65.192 64.0078 72.3395 53.4603 92.0869 37.0 61.7171 91.9239 79.0759 5.09902 75.06 63.5513 29.8329 72.9178 20.2237 17.6918 28.8617 26.4008 37.5766 91.7878 45.1774 10.8167 55.9732 45.2548 92.1954 85.0 72.81 54.2033 66.6882 94.3682 64.3684 8.94427 88.2923 90.0664 7.2111 21.4009 82.5651 19.2354 81.3603 51.923 42.7551 32.2029 79.1885 54.5492 33.2415 8.06226 
24.9596 36.1248 5.0 30.6356 51.3542 19.0 47.3172 33.9706 75.07 27.8927 42.0568 43.3244 82.8734 54.6453 45.7237 21.2468 25.3219 60.5495 34.0416 32.7567 38.3595 49.93 72.5564 77.7061 51.5553 50.636 50.774 61.714 37.2022 51.2445 0.0 58.2961 61.6484 26.0768 70.2568 51.4567 24.3516 30.6084 44.3847 54.9709 48.5694 62.0681 40.3113 55.7853 31.6228 18.2483 63.7985 76.2758 67.0127 49.1305 33.6981 44.7141 38.9916 41.3401 61.773 46.0643 61.304 24.2405 64.2605 63.4281 21.587 32.249 19.2354 75.7956 25.02 45.5412 38.0 69.0851 57.1475 36.0555 31.3209 55.0919 52.8844 75.3353 49.7552 29.0416 29.7321 40.5101 34.6573 44.1662 
35.7771 36.1248 53.4611 48.2701 13.0 69.8928 50.4876 65.9697 42.8019 82.5054 17.2047 83.8153 29.4279 60.8276 60.0083 56.3748 52.6495 54.7654 45.7771 32.7567 46.5559 104.488 38.4187 85.7519 25.0799 48.2701 105.262 35.4683 71.0634 26.0 58.2961 0.0 62.0079 67.5852 41.4005 46.5296 69.4118 46.2385 86.6648 61.8142 45.1774 75.8024 68.8872 29.1548 68.3081 72.6913 5.83095 49.2037 13.6015 12.3693 24.7588 13.6015 58.3095 95.9128 70.406 18.0278 32.45 61.8813 75.3346 67.1067 74.4043 71.3849 75.8282 73.5391 78.4457 32.5576 86.3723 71.1917 22.8035 41.1096 84.0536 7.07107 66.1891 26.3059 66.0303 40.7771 85.4303 41.3038 24.1868 23.0868 
43.09 76.5131 58.2696 80.7805 66.243 54.037 93.4773 31.257 28.2312 82.5699 57.8014 44.7214 66.4906 102.942 16.0 82.811 85.1051 7.28011 74.8521 70.8596 34.0622 83.678 39.0 24.1661 79.6492 94.2695 83.9345 27.074 98.7229 80.1311 61.6484 62.0079 0.0 87.4757 28.7924 16.1245 46.0435 40.4403 48.3011 103.713 18.6011 15.5242 27.2029 85.0 36.3456 75.2933 63.7887 25.807 75.6037 63.097 52.8015 54.1603 92.7089 77.2787 112.462 69.3542 33.1361 85.8047 14.0357 5.09902 59.0 93.4676 72.3897 15.2643 82.5287 81.0247 56.6127 10.0 81.0747 80.0733 63.6396 65.054 11.6619 57.0701 103.323 69.8521 74.0068 27.5862 47.4342 72.7186 
50.6849 33.3017 30.5727 19.799 55.0981 39.6611 33.8378 59.5483 96.8916 21.587 52.2764 65.7343 96.9703 35.0143 71.5509 15.5242 16.1245 85.4453 45.1887 34.8618 64.0847 56.2228 97.8193 103.533 51.6624 38.6264 57.2189 86.9769 11.3137 50.9313 26.0768 67.5852 87.4757 0.0 95.5196 76.3021 47.634 56.3337 65.8635 35.0 73.4149 87.8954 65.9469 53.8145 56.5685 17.4642 73.1833 101.121 68.7682 55.2161 50.3214 59.704 19.2354 49.0 39.8121 50.8069 86.5669 5.83095 90.0877 89.2554 38.9102 6.32456 23.5372 101.623 15.2971 42.45 56.4624 94.9124 58.0517 29.7321 45.8803 61.11 78.7117 94.4171 27.4591 40.1887 36.0555 65.3555 55.8042 46.8142 
45.3551 68.0553 65.4218 76.0646 50.3289 73.477 85.0224 51.6421 1.41421 102.008 45.2769 68.6222 38.2099 95.3075 37.4833 84.3092 80.5839 23.3238 70.331 62.8044 53.5002 104.368 10.2956 49.0 64.4438 84.3801 104.719 12.0 98.998 65.192 70.2568 41.4005 28.7924 95.5196 0.0 23.4369 65.6412 54.0633 72.1803 96.2084 26.4949 44.2719 50.2096 69.3109 56.6173 88.2656 41.1825 7.81025 54.3783 47.634 45.2182 39.6611 87.8773 97.4706 105.151 54.8179 9.21954 89.8157 42.45 33.2415 78.475 99.3193 91.8277 35.1283 95.1857 69.0652 78.0517 35.2278 63.7024 72.6476 83.6359 46.6905 38.5876 29.0172 97.832 65.331 93.4995 36.3405 39.8228 59.4054 
27.4697 60.8112 46.6217 65.1603 50.1597 51.3999 77.8332 29.5651 23.6178 78.911 41.6773 46.6905 57.4945 87.3216 16.1245 73.2101 69.4848 9.21954 59.2319 55.1543 28.0747 82.291 33.2419 40.2492 63.5295 78.5175 82.6421 16.2803 87.4342 64.0078 51.4567 46.5296 16.1245 76.3021 23.4369 0.0 43.5641 30.6309 50.2096 88.0927 3.16228 29.2746 28.4253 68.884 34.5403 69.4655 49.0408 24.8236 60.0167 47.0106 36.8782 38.0789 77.0886 75.3935 96.8417 53.2353 23.7749 74.4636 28.8617 21.0238 56.3979 82.4941 69.6838 30.4138 76.3856 65.0 55.9747 26.0768 65.0 64.4438 61.5588 49.0408 20.0998 48.0297 87.7026 54.2319 71.4225 13.0 31.4006 56.6039 
34.0686 59.2115 23.1948 54.8867 64.56 8.94427 71.5682 15.1327 65.822 38.4838 54.7083 18.9737 91.8514 77.848 30.0666 44.4495 48.5246 45.1042 56.0109 55.0091 29.6197 39.8246 75.4461 59.4643 72.4431 74.7329 40.3113 58.4845 58.8982 72.3395 24.3516 69.4118 46.0435 47.634 65.6412 43.5641 0.0 39.6826 20.2237 78.1736 42.384 43.9659 20.8806 77.2334 10.4403 32.8024 74.5652 66.3619 79.712 61.9839 46.1736 55.9582 62.1943 32.311 84.9757 64.3273 68.2782 47.1699 46.5725 47.0956 13.1529 53.0754 28.6531 59.3043 39.6611 68.0074 17.0 52.345 77.1038 59.8415 18.3848 67.4166 36.2215 83.6221 72.9452 51.0109 28.0179 45.1516 45.2279 64.4981 
11.0454 44.5749 25.7734 47.3515 43.1856 40.4605 60.6293 21.0238 54.2442 58.0627 33.1361 37.9363 66.4831 69.6331 24.5155 51.5014 51.6761 39.3413 41.4231 39.1862 10.4403 75.6876 54.0383 58.017 53.3385 62.2195 76.3984 43.196 67.4658 53.4603 30.6084 46.2385 40.4403 56.3337 54.0633 30.6309 39.6826 0.0 40.7648 70.3718 27.7436 42.7617 25.7099 58.5491 22.4129 48.6172 50.9902 55.45 57.4891 40.3113 25.0 33.2415 59.2799 67.2195 79.0572 44.0114 42.786 54.4951 44.4165 42.22 45.2889 62.5257 48.8356 54.5875 55.5374 51.279 42.719 47.877 57.0088 47.2327 54.6728 45.1221 32.4549 58.0517 69.8939 36.4231 57.4793 19.6842 22.561 45.3982 
52.442 79.404 43.4166 75.0068 83.3607 26.4008 91.6884 21.6333 72.2496 52.345 73.3518 3.60555 105.333 97.4142 34.8281 64.0157 68.0908 50.2195 76.1211 75.1066 41.6773 38.0132 82.0372 53.0 92.1358 94.921 38.0 65.0756 76.8505 92.0869 44.3847 86.6648 48.3011 65.8635 72.1803 50.2096 20.2237 40.7648 0.0 97.7394 49.0323 39.6232 22.0227 97.0464 18.3848 49.4065 91.1811 72.2011 98.1992 80.617 64.9384 73.9021 81.7068 33.9559 104.389 83.6002 72.5702 66.2118 42.7551 47.1699 27.2029 70.7248 44.0454 57.7235 55.3173 88.0909 12.083 50.9608 96.5194 80.0625 23.8537 85.84 36.6742 96.5057 92.1954 71.1211 37.4433 57.9769 63.2884 84.1487 
61.5761 28.178 56.484 25.2389 49.0306 71.4703 11.4018 87.0257 97.5803 56.2228 51.0784 97.0041 90.1388 1.0 94.4293 34.4384 30.4138 97.2359 48.9487 33.6155 77.9999 91.1373 97.1442 127.931 38.0 14.0357 92.1358 87.6656 28.1603 37.0 54.9709 61.8142 103.713 35.0 96.2084 88.0927 78.1736 70.3718 97.7394 0.0 85.2055 112.676 93.1911 36.3456 85.4939 52.1536 66.3702 103.688 57.0789 50.6952 52.1536 57.0088 16.2788 84.0 8.94427 43.9318 87.2353 32.3883 114.33 108.266 72.0347 33.541 58.2151 118.445 50.0899 29.2746 89.7385 113.701 43.1856 23.8537 80.0625 54.7449 102.369 88.1192 9.43398 43.9487 71.0282 77.1461 57.9828 38.833 
24.5824 58.0 43.7344 62.273 48.1041 50.2198 74.9698 28.385 26.6757 76.0237 39.3573 45.5243 60.5524 84.4344 15.8114 70.3229 66.5976 12.0416 56.3446 52.345 25.1875 81.1108 36.2998 42.5441 61.2699 75.743 81.4619 19.3382 84.5469 61.7171 48.5694 45.1774 18.6011 73.4149 26.4949 3.16228 42.384 27.7436 49.0323 85.2055 0.0 30.8058 27.4591 66.6408 33.3601 66.5782 48.0104 27.8815 58.5491 44.9444 34.2053 36.0555 74.2014 74.2134 93.9544 50.9902 26.8328 71.5763 30.6757 23.3238 55.2178 79.6069 66.7966 33.2415 73.4984 62.426 54.7945 28.6007 62.9682 61.5658 60.3787 47.2969 21.0238 51.0876 84.8154 51.3446 70.2424 9.84886 28.8444 54.2033 
52.1376 86.8786 58.6893 89.6552 78.7464 52.811 102.933 29.1548 43.6578 82.28 69.6419 36.3456 82.0 111.937 19.2094 83.2307 96.6923 22.0907 83.7268 81.483 36.3836 77.2334 54.4243 15.6525 91.5478 104.523 77.3175 42.0476 99.1425 91.9239 62.0681 75.8024 15.5242 87.8954 44.2719 29.2746 43.9659 42.7617 39.6232 112.676 30.8058 0.0 23.0868 96.933 33.5261 75.5844 78.2502 40.7063 89.2693 75.5844 63.7111 66.7608 102.877 72.0069 121.361 81.3449 48.5077 86.2244 3.16228 11.1803 57.0088 93.8873 72.2357 18.3848 82.7647 92.0116 50.04 12.2066 93.6056 89.5364 59.3043 78.1025 10.8167 72.5672 113.641 78.7268 71.3863 37.5766 58.6942 84.1812 
36.3456 70.3736 37.0135 68.7903 68.0294 29.7321 85.3388 6.40312 50.2494 59.2368 58.0775 18.4391 83.922 92.5973 12.8062 61.4171 73.1149 28.3019 66.7721 64.8951 22.3607 56.5155 60.1415 38.6264 78.9177 87.659 56.7539 43.1857 77.2334 79.0759 40.3113 68.8872 27.2029 65.9469 50.2096 28.4253 20.8806 25.7099 22.0227 93.1911 27.4591 23.0868 0.0 84.1724 10.4403 52.8394 72.9367 50.2195 81.3019 65.0077 50.3587 57.0789 79.1619 50.3587 101.174 69.3542 50.6803 64.4108 25.7099 27.1662 33.9559 71.8401 49.2443 39.0 59.9416 76.988 29.4109 32.0 82.2982 72.5835 37.0135 69.1158 16.1245 74.9351 89.9255 61.7721 48.5077 39.4594 47.0106 71.0211 
47.8539 21.095 54.8673 34.0588 19.2094 74.3598 26.2488 79.5156 70.7248 73.6191 27.313 95.0 54.9181 35.3553 78.9834 42.8523 39.127 78.0456 41.7805 23.0868 63.6003 104.418 67.424 109.128 5.38516 22.3607 105.33 61.5093 54.4059 5.09902 55.7853 29.1548 85.0 53.8145 69.3109 68.884 77.2334 58.5491 97.0464 36.3456 66.6408 96.933 84.1724 0.0 80.0999 66.044 32.311 77.0779 21.095 22.2036 33.9559 31.0644 39.1152 96.0061 44.0114 15.6525 60.1082 48.2701 97.17 89.8944 77.3692 56.6392 70.881 99.2353 67.4723 11.4018 93.1 94.9335 7.07107 24.0832 87.0919 22.8035 86.3821 54.4243 43.0116 36.7805 83.3813 59.5711 38.2753 13.1529 
33.4526 63.821 29.0689 61.0931 65.5896 19.3132 77.6419 5.09902 56.7982 48.8467 55.5398 15.5242 86.9801 84.9001 20.6155 52.4544 65.4177 36.0555 60.2195 59.0339 23.6008 47.7598 66.4222 49.0408 75.0267 80.4731 48.1041 49.4607 67.8823 75.06 31.6228 68.3081 36.3456 56.5685 56.6173 34.5403 10.4403 22.4129 18.3848 85.4939 33.3601 33.5261 10.4403 80.0999 0.0 42.72 72.8011 57.338 79.8473 62.7238 47.189 55.5502 70.1992 41.0 92.9806 66.0681 56.9553 55.4437 36.1386 37.0 23.5372 62.2896 38.9102 49.0918 49.7393 71.8471 21.6333 42.107 79.0569 65.3919 27.2947 67.4881 26.0192 78.1526 80.9628 55.2195 38.2099 39.6238 44.9365 67.0298 
42.9684 45.2831 23.1948 32.573 61.7537 24.0832 49.4975 46.5296 93.0788 9.84886 55.8878 49.679 100.882 52.0865 59.3418 23.7065 26.9258 74.1943 46.9142 44.7631 58.2016 40.025 90.5652 91.236 63.9824 53.9351 41.0 79.7228 27.7308 63.5513 18.2483 72.6913 75.2933 17.4642 88.2656 69.4655 32.8024 48.6172 49.4065 52.1536 66.5782 75.5844 52.8394 66.044 42.72 0.0 78.5074 94.2846 77.0193 60.7679 52.0469 61.4295 36.0139 32.249 57.2713 58.8924 79.3128 20.025 77.8781 76.9242 22.2036 21.4709 6.08276 89.4405 7.28011 54.6425 39.3573 82.4621 69.8388 42.1858 28.4605 67.1466 66.5293 93.3441 44.911 41.9142 19.105 58.5189 52.6661 56.9389 
40.8167 41.4367 58.9635 53.8516 18.2483 75.213 55.1453 70.214 42.5441 88.3215 23.0217 88.2553 24.0832 65.3758 63.2851 61.9729 58.2476 56.5685 51.5933 38.3275 50.6054 109.986 36.7967 87.3212 28.8617 52.6118 110.752 36.8782 76.6551 29.8329 63.7985 5.83095 63.7887 73.1833 41.1825 49.0408 74.5652 50.9902 91.1811 66.3702 48.0104 78.2502 72.9367 32.311 72.8011 78.5074 0.0 48.8774 13.4536 18.0278 30.4138 19.105 63.6396 101.415 74.8131 23.0868 32.6956 67.4794 77.5242 68.884 79.8123 76.9829 81.6444 74.6324 84.2619 37.1214 91.5258 72.7805 25.4951 46.3897 89.4036 12.1655 69.0 22.1359 71.007 46.5933 90.9327 45.1221 29.4109 28.0179 
52.2888 75.5351 71.4408 83.5445 58.0517 74.8636 92.5023 52.3629 6.40312 103.395 52.7568 68.6003 44.0114 102.787 37.4433 91.7891 88.0638 22.0227 84.051 70.2843 54.8869 105.089 15.0 43.2897 72.1803 91.8636 105.44 18.0278 112.253 72.9178 76.2758 49.2037 25.807 101.121 7.81025 24.8236 66.3619 55.45 72.2011 103.688 27.8815 40.7063 50.2195 77.0779 57.338 94.2846 48.8774 0.0 62.1289 55.3173 52.698 47.2017 95.3572 98.1913 112.631 62.482 16.9706 99.2827 38.4838 29.5296 79.8616 107.313 93.2144 29.0689 101.205 76.6094 78.7724 30.3645 71.5052 80.1274 84.3566 54.4885 36.7967 35.2278 105.312 72.8108 94.8862 37.7272 47.3027 67.0075 
46.5725 35.7771 62.1777 49.2443 15.8114 79.1581 46.3897 77.9295 55.7584 86.8334 25.0799 95.3707 33.9559 56.0803 73.0616 57.5578 53.8324 68.3611 50.3113 34.4093 59.0762 113.205 50.2494 99.3477 19.2354 43.0465 113.979 49.0408 71.5891 20.2237 67.0127 13.6015 75.6037 68.7682 54.3783 60.0167 79.712 57.4891 98.1992 57.0789 58.5491 89.2693 81.3019 21.095 79.8473 77.0193 13.4536 62.1289 0.0 17.8885 33.6155 24.3311 57.2451 104.629 65.0077 18.4391 45.6508 63.0642 88.8469 80.7024 83.2654 72.5603 80.3624 87.0919 82.7737 28.8617 96.566 84.7875 14.0357 40.3113 93.0626 12.3693 79.511 34.4819 62.9682 45.3113 92.7899 54.0093 34.9285 21.9545 
29.2746 24.0 44.2955 35.9026 3.16228 61.2699 39.2938 61.131 49.0408 70.582 7.28011 78.1702 41.7732 49.7293 58.0517 44.0057 40.2804 56.1424 33.8537 20.3961 43.2897 95.323 46.9574 87.2423 17.0294 37.6962 96.0965 39.4646 58.6941 17.6918 49.1305 12.3693 63.097 55.2161 47.634 47.0106 61.9839 40.3113 80.617 50.6952 44.9444 75.5844 65.0077 22.2036 62.7238 60.7679 18.0278 55.3173 17.8885 0.0 15.8114 8.94427 46.0977 86.7473 59.4811 7.2111 38.4187 49.5122 75.6108 68.0294 65.3833 59.0158 63.9048 77.3322 66.5223 21.9317 78.7718 73.0304 18.0278 29.0 75.1805 6.40312 65.2534 38.0132 54.231 28.8537 76.3323 38.6404 18.0 12.083 
14.0357 24.2074 28.8631 30.8617 18.4391 45.6508 41.4005 46.0109 46.5901 61.861 8.544 62.514 51.4296 51.3128 47.549 39.111 35.3857 46.0977 25.1327 18.6011 29.7321 79.8905 47.3814 76.5506 28.6356 41.7253 80.6641 36.6754 53.7998 28.8617 33.6981 24.7588 52.8015 50.3214 45.2182 36.8782 46.1736 25.0 64.9384 52.1536 34.2053 63.7111 50.3587 33.9559 47.189 52.0469 30.4138 52.698 33.6155 15.8114 0.0 11.4018 42.72 71.3149 61.0574 19.0263 36.2654 44.6175 64.0777 57.4282 49.93 54.1211 51.9253 67.2884 57.8014 28.3019 62.9682 62.8013 32.0156 28.3019 59.6825 21.4709 53.1422 45.2217 52.9245 20.1327 60.8323 26.3312 5.83095 20.8806 
22.4722 29.1204 39.8791 39.0 12.083 56.3028 45.6946 53.6004 41.0488 71.2436 6.08276 71.0736 40.3113 56.0803 49.4975 48.4936 43.3246 47.2057 34.5153 24.3311 35.0143 90.9066 40.1622 78.3056 25.807 44.7772 91.6788 31.1803 61.7386 26.4008 44.7141 13.6015 54.1603 59.704 39.6611 38.0789 55.9582 33.2415 73.9021 57.0088 36.0555 66.7608 57.0789 31.0644 55.5502 61.4295 19.105 47.2017 24.3311 8.94427 11.4018 0.0 50.2494 82.3309 65.9242 15.6205 30.5287 52.5563 66.7308 59.0931 60.803 62.0599 62.9413 68.3954 67.1839 29.4109 72.9178 64.0936 26.9258 33.9559 70.4557 12.0416 56.5155 34.7131 59.439 29.5153 71.8483 30.1496 10.7703 19.8494 
50.4842 22.2036 43.4852 12.083 45.3982 55.3624 15.2643 72.7927 89.2493 40.7922 44.1814 81.0247 87.6926 16.1245 84.631 19.2094 15.5563 86.2318 37.8568 26.0192 67.0309 75.4255 89.822 118.133 38.4838 20.2485 76.4199 79.3346 15.5563 37.5766 38.9916 58.3095 92.7089 19.2354 87.8773 77.0886 62.1943 59.2799 81.7068 16.2788 74.2014 102.877 79.1619 39.1152 70.1992 36.0139 63.6396 95.3572 57.2451 46.0977 42.72 50.2494 0.0 68.0661 22.8254 40.6079 78.9246 16.1245 104.532 102.336 55.7853 19.2354 42.0476 107.441 34.5254 28.6356 73.4983 107.993 44.7214 17.2627 63.7887 51.4782 92.5704 84.0238 11.3137 32.8568 55.0091 66.142 48.3839 35.9026 
61.5549 75.396 44.2041 64.5368 88.971 27.2029 81.7435 46.0977 97.6515 28.4429 79.6735 36.4966 119.847 84.006 61.6117 55.0818 58.6941 76.9336 74.846 73.0068 61.915 8.60233 107.276 86.3713 92.1954 86.1452 9.43398 90.3139 57.5587 91.7878 41.3401 95.9128 77.2787 49.0 97.4706 75.3935 32.311 67.2195 33.9559 84.0 74.2134 72.0069 50.3587 96.0061 41.0 32.249 101.415 98.1913 104.629 86.7473 71.3149 82.3309 68.0661 0.0 88.3629 86.8687 97.9251 52.2398 75.0 77.5242 22.0227 51.3517 26.4764 89.202 34.1321 85.1661 22.2036 82.2192 97.9439 73.9443 13.9284 92.7086 66.4831 112.083 76.1643 69.846 13.1529 77.1212 72.1803 84.9706 
70.2614 37.1214 66.2666 33.3017 57.7235 78.0 20.2485 95.0707 106.523 60.075 60.0083 103.788 98.4124 9.84886 103.115 41.8808 38.0132 105.985 57.634 42.5441 86.8082 95.0474 106.042 136.616 46.1736 22.2036 96.0469 96.6087 31.0 45.1774 61.773 70.406 112.462 39.8121 105.151 96.8417 84.9757 79.0572 104.389 8.94427 93.9544 121.361 101.174 44.0114 92.9806 57.2713 74.8131 112.631 65.0077 59.4811 61.0574 65.9242 22.8254 88.3629 0.0 52.6308 96.1769 38.2753 123.016 117.014 78.1089 37.054 63.3482 127.194 54.231 37.855 95.8175 122.45 51.0 32.7567 85.6154 63.3482 111.054 96.6902 12.3693 52.634 75.6637 85.895 66.888 47.5395 
33.0606 18.4391 45.5604 31.3847 5.09902 62.6376 32.5576 65.0308 56.2228 68.7065 11.7047 81.3019 47.1699 42.9535 63.4424 39.5964 35.8711 62.3996 32.0227 16.1245 48.2701 95.378 54.1202 93.4773 10.2956 30.6757 96.2656 46.564 54.0833 10.8167 46.0643 18.0278 69.3542 50.8069 54.8179 53.2353 64.3273 44.0114 83.6002 43.9318 50.9902 81.3449 69.3542 15.6525 66.0681 58.8924 23.0868 62.482 18.4391 7.2111 19.0263 15.6205 40.6079 86.8687 52.6308 0.0 45.607 45.1029 81.5414 74.2428 66.6482 54.6065 62.0738 83.5894 64.6469 14.8661 80.7775 79.2876 13.0 23.3452 76.4453 11.0 70.8378 44.2832 48.0104 27.0227 74.5013 44.0301 22.8035 5.09902 
36.4023 59.0931 56.469 67.1118 41.1096 71.1661 76.0263 51.9801 10.6301 88.7583 36.2353 69.0297 33.8378 86.3308 38.1721 75.3565 71.6312 26.4764 61.3782 53.8516 40.2548 106.393 12.3693 55.4437 55.2268 75.2928 107.104 7.81025 90.0452 55.9732 61.304 32.45 33.1361 86.5669 9.21954 23.7749 68.2782 42.786 72.5702 87.2353 26.8328 48.5077 50.6803 60.1082 56.9553 79.3128 32.6956 16.9706 45.6508 38.4187 36.2654 30.5287 78.9246 97.9251 96.1769 45.607 0.0 80.8629 47.1699 38.0526 75.9945 90.3665 79.5312 42.2019 86.233 59.9083 78.3897 41.1096 54.5619 63.6946 85.3784 37.5366 41.1096 24.3516 88.8792 56.3782 88.1848 32.9739 30.8701 50.2195 
48.8463 27.5862 28.7341 14.2127 49.3942 39.8121 29.6142 58.0416 91.1876 26.0 46.5725 65.7647 91.2663 32.249 69.8799 10.0499 10.2956 83.6067 39.4847 29.1578 62.2462 59.8415 92.1153 101.862 45.9674 34.2053 60.8276 81.273 13.9284 45.2548 24.2405 61.8813 85.8047 5.83095 89.8157 74.4636 47.1699 54.4951 66.2118 32.3883 71.5763 86.2244 64.4108 48.2701 55.4437 20.025 67.4794 99.2827 63.0642 49.5122 44.6175 52.5563 16.1245 52.2398 38.2753 45.1029 80.8629 0.0 88.4167 87.5844 39.8497 11.0454 26.0 99.9519 19.6977 36.8782 57.5674 93.2414 52.345 24.2074 47.676 55.4061 77.0407 86.9006 26.0 34.4847 39.1152 63.5169 50.1003 41.1102 
54.2695 87.6926 60.8817 91.31 78.7718 55.3624 104.588 31.6228 41.7612 84.7585 69.857 39.4588 80.4114 113.592 20.5183 86.7872 98.3471 21.0238 85.3816 82.0392 38.0384 80.3057 52.4976 13.6015 91.7878 106.178 80.399 41.0122 101.335 92.1954 64.2605 75.3346 14.0357 90.0877 42.45 28.8617 46.5725 44.4165 42.7551 114.33 30.6757 3.16228 25.7099 97.17 36.1386 77.8781 77.5242 38.4838 88.8469 75.6108 64.0777 66.7308 104.532 75.0 123.016 81.5414 47.1699 88.4167 0.0 9.21954 59.6657 96.0796 74.6726 15.2315 85.0882 92.3782 53.0848 9.21954 93.6376 91.1912 62.2013 77.8845 12.0416 71.0211 115.296 80.3816 74.1485 38.0789 59.0339 84.5281 
47.6425 81.0656 60.0494 89.1135 71.1758 55.4437 98.0298 32.0156 32.573 84.2009 62.6498 43.6578 71.1969 107.494 17.72 84.5907 96.1506 12.3693 83.1851 75.4121 35.8419 83.5464 43.3244 19.2354 84.534 98.822 83.7437 32.1403 100.503 85.0 63.4281 67.1067 5.09902 89.2554 33.2415 21.0238 47.0956 42.22 47.1699 108.266 23.3238 11.1803 27.1662 89.8944 37.0 76.9242 68.884 29.5296 80.7024 68.0294 57.4282 59.0931 102.336 77.5242 117.014 74.2428 38.0526 87.5844 9.21954 0.0 60.208 95.2473 74.0207 12.3693 84.1596 85.703 56.2939 5.83095 86.0058 84.6258 64.1249 69.9869 11.0454 61.8142 113.099 74.4046 75.1066 31.8904 52.1536 77.5242 
