NAME  : Jabali_50_3_0.85_1_5
TYPE : SVRP
MODEL : FINITE_SUPPORT
NUMBER_OF_SCENARIOS : 200
DIMENSION : 50
EDGE_WEIGHT_TYPE : MATRIX
CAPACITY : 108
N_VEHICLES : 3
NODE_COORD_SECTION
1 3464 4549
2 6413 5247
3 3519 2566
4 5403 2843
5 442 4045
6 1038 1836
7 5971 1535
8 3683 3069
9 1495 18
10 1297 278
11 6888 7142
12 1223 6056
13 7224 855
14 2036 4427
15 4434 7484
16 5426 3978
17 2858 1859
18 7628 3082
19 6152 7474
20 1400 6196
21 482 2661
22 3030 159
23 1934 6602
24 7950 1133
25 2456 4227
26 2056 5910
27 4680 6117
28 6877 2562
29 1057 6838
30 2455 7148
31 27 6624
32 4000 7778
33 7918 1344
34 3396 3115
35 3507 192
36 5780 2093
37 5482 5548
38 6750 3836
39 6449 2902
40 5032 1034
41 2030 3347
42 6878 7854
43 1305 4310
44 4568 1367
45 2486 305
46 6173 651
47 4717 4883
48 6193 1851
49 4575 7777
50 6006 3518
DEMAND_SECTION
1 0.0
2 4.0
3 9.0
4 10.0
5 1.0
6 7.0
7 9.0
8 10.0
9 2.0
10 8.0
11 7.0
12 4.0
13 6.0
14 10.0
15 10.0
16 7.0
17 4.0
18 1.0
19 1.0
20 2.0
21 9.0
22 9.0
23 3.0
24 6.0
25 6.0
26 4.0
27 9.0
28 1.0
29 4.0
30 10.0
31 4.0
32 10.0
33 1.0
34 8.0
35 1.0
36 5.0
37 8.0
38 5.0
39 9.0
40 6.0
41 1.0
42 10.0
43 3.0
44 5.0
45 6.0
46 6.0
47 7.0
48 2.0
49 3.0
50 3.0
DEVIATION_SECTION
1 0.0
2 1.33333
3 3.0
4 3.33333
5 0.333333
6 2.33333
7 3.0
8 3.33333
9 0.666667
10 2.66667
11 2.33333
12 1.33333
13 2.0
14 3.33333
15 3.33333
16 2.33333
17 1.33333
18 0.333333
19 0.333333
20 0.666667
21 3.0
22 3.0
23 1.0
24 2.0
25 2.0
26 1.33333
27 3.0
28 0.333333
29 1.33333
30 3.33333
31 1.33333
32 3.33333
33 0.333333
34 2.66667
35 0.333333
36 1.66667
37 2.66667
38 1.66667
39 3.0
40 2.0
41 0.333333
42 3.33333
43 1.0
44 1.66667
45 2.0
46 2.0
47 2.33333
48 0.666667
49 1.0
50 1.0
DISTANCE_MATRIX
0.0 40.1995 25.8801 48.2013 42.0119 49.679 61.7456 20.6192 66.3702 64.8999 63.6003 36.7967 79.3614 20.025 45.2946 27.7627 36.4195 58.1671 58.2541 36.0694 48.3322 58.6853 35.0024 76.135 15.1327 27.0185 29.6982 52.3455 44.8219 40.8174 54.6717 48.1882 74.5625 18.9042 57.9425 63.0374 29.9799 43.6578 45.2769 51.9183 25.5539 68.8122 30.0167 44.9167 58.552 67.601 16.1245 58.0374 48.8032 50.5444 
40.1995 0.0 51.8652 35.1865 82.1523 86.2476 46.9698 46.2144 96.253 95.7224 26.9258 70.6956 58.0775 60.075 39.6611 21.9317 65.2528 32.311 30.0167 68.8884 87.3613 82.4523 62.6498 57.4891 55.3263 60.2279 25.5539 35.0143 74.7329 58.5235 87.7537 45.8039 55.5428 48.5519 78.9372 48.2616 13.0 19.0263 30.2655 58.8627 64.2884 35.7351 70.0643 60.5945 85.7045 59.0339 24.0832 43.1741 41.1825 37.5296 
25.8801 51.8652 0.0 25.02 45.793 35.6931 35.294 6.7082 44.5533 43.9318 76.4327 55.4617 55.0469 31.0644 68.1848 30.9108 13.4536 55.0091 77.1118 55.5428 41.3038 33.5261 56.7539 63.4336 25.9422 48.0833 54.3979 44.4072 65.0 62.5906 71.5612 72.2578 61.9409 7.0 32.249 42.4819 47.7156 45.4542 39.0128 27.6586 22.4722 84.3206 37.4833 20.6155 34.4819 43.2865 39.7226 37.4819 71.7896 37.1548 
48.2013 35.1865 25.02 0.0 69.1506 60.2993 18.7498 24.0016 64.0078 64.405 62.0217 79.4012 35.0633 57.0864 65.2693 15.7067 35.9026 30.0 63.631 79.1691 66.2722 47.4264 79.4675 40.4599 51.2748 71.048 45.4749 19.6469 88.4723 76.1207 96.4902 69.9882 39.2046 26.7992 43.9114 20.0416 36.7213 21.9545 14.0 30.6427 46.0281 70.6569 59.8042 25.5687 51.16 31.0679 31.6794 15.0416 67.9465 13.6569 
42.0119 82.1523 45.793 69.1506 0.0 31.257 80.6621 45.6946 56.5685 53.3385 96.7678 30.0167 100.415 22.0907 71.0211 67.9877 43.9318 97.2677 90.4551 31.9061 19.105 63.0635 39.8246 108.225 27.0185 33.3017 62.6418 88.6617 38.6264 49.5782 36.0 69.2026 107.083 42.5441 66.0379 87.6241 70.7107 84.2312 81.9391 72.6223 23.3238 101.151 12.1655 65.6049 58.3095 88.6002 58.0775 82.6241 74.3303 79.1688 
49.679 86.2476 35.6931 60.2993 31.257 0.0 65.6201 40.1622 25.318 22.0907 107.515 58.0517 83.9345 37.5899 90.5042 66.0984 25.0799 90.1998 103.464 59.439 13.4164 35.3553 65.4599 93.1719 37.8021 57.0088 74.9077 79.0063 67.7422 73.9256 67.1193 90.3927 92.7631 37.6962 39.8246 76.0661 77.8291 80.8543 74.2428 54.8179 24.8395 114.022 33.9559 48.8365 29.2062 70.5195 63.8742 68.2642 94.0127 72.7765 
61.7456 46.9698 35.294 18.7498 80.6621 65.6201 0.0 41.1845 63.0635 64.3273 73.7604 92.9455 20.6155 69.4066 79.8496 30.3596 40.6079 29.1548 76.5795 92.7134 74.0405 43.0813 93.0118 28.2312 63.8277 84.5923 60.1277 17.2047 102.017 98.8268 110.034 84.6411 27.5136 43.8296 37.5766 14.7082 50.7536 29.5296 17.4929 13.0 57.4493 82.6687 72.752 17.0 49.0408 13.1529 46.3322 4.24264 82.5993 28.3097 
20.6192 46.2144 6.7082 24.0016 45.6946 40.1622 41.1845 0.0 50.9902 50.2096 70.7756 51.6236 58.8003 28.2843 62.9239 25.9615 19.8494 52.4784 71.4546 51.4782 44.0114 40.1622 51.8652 63.0769 22.6716 43.4626 48.7407 43.6305 60.8276 57.6918 68.4105 66.9969 61.9353 3.16228 38.6394 42.4762 42.0584 41.1947 36.9428 31.3007 22.8035 78.6634 36.0555 24.2991 41.1825 46.9209 33.5958 37.4762 66.5288 34.1725 
66.3702 96.253 44.5533 64.0078 56.5685 25.318 63.0635 50.9902 0.0 3.60555 120.828 82.2982 77.0584 59.6657 108.72 75.2894 31.1448 91.4454 121.507 83.4865 38.3275 21.0 88.6454 87.1436 58.1893 79.8311 93.1233 79.3788 92.1954 96.3016 92.3472 111.613 87.2812 49.8197 27.0 75.6757 92.1109 85.9593 76.9718 50.2195 45.607 128.716 58.1378 46.8188 14.1421 63.0714 79.4293 66.7608 112.228 77.4622 
64.8999 95.7224 43.9318 64.405 53.3385 22.0907 64.3273 50.2096 3.60555 0.0 120.297 79.511 79.0 57.28 107.025 74.7588 30.4795 92.4501 120.976 80.7527 34.9285 23.1948 86.122 89.0225 56.0803 77.3692 91.429 80.3851 89.3588 93.9628 89.202 109.919 89.0898 48.8365 29.1548 76.6804 91.5803 86.3134 77.4186 51.6236 43.3244 130.264 55.3263 47.8017 16.0312 65.0 78.0432 67.9117 110.534 77.7711 
63.6003 26.9258 76.4327 62.0217 96.7678 107.515 73.7604 70.7756 120.828 120.297 0.0 77.1038 83.2947 75.3923 32.9848 48.0208 89.8278 55.0364 10.2956 75.06 106.108 108.115 67.0075 81.0555 72.0167 67.4759 34.176 60.6712 78.2304 59.4138 92.1954 38.8973 79.0569 75.0857 105.772 75.0522 29.7321 44.911 56.7539 85.6533 84.0954 9.05539 84.7585 87.4297 110.28 85.6154 43.6735 69.9214 31.9531 64.3649 
36.7967 70.6956 55.4617 79.4012 30.0167 58.0517 92.9455 51.6236 82.2982 79.511 77.1038 0.0 110.561 25.0 46.5725 64.1411 60.6383 94.5403 68.593 2.23607 48.1041 83.1865 11.1803 114.838 29.5466 10.7703 45.7056 88.7239 10.0499 21.095 18.0278 43.0813 110.639 49.2443 84.4038 94.2373 57.6213 79.8175 81.6554 82.6889 38.3275 79.0759 24.1868 75.6637 80.3057 98.8009 57.7779 89.2373 49.3356 81.7443 
79.3614 58.0775 55.0469 35.0633 100.415 83.9345 20.6155 58.8003 77.0584 79.0 83.2947 110.561 0.0 87.0224 94.3716 45.6946 59.4643 29.4109 88.0227 110.329 93.4077 56.0803 110.628 10.198 81.4435 102.208 75.2728 23.0868 119.632 106.02 127.65 99.6243 10.7703 60.8287 50.0899 31.0217 64.7611 39.0512 28.8617 29.1204 77.2023 92.3472 92.505 35.4683 63.0079 14.0 62.1691 20.6155 96.7729 44.2353 
20.025 60.075 31.0644 57.0864 22.0907 37.5899 69.4066 28.2843 59.6657 57.28 75.3923 25.0 87.0224 0.0 54.356 47.062 35.6931 77.3915 69.3674 25.4951 31.8904 58.4209 29.1548 91.2991 5.83095 20.2237 41.2311 69.0564 34.9285 36.6879 40.4969 52.8479 90.1574 25.4951 59.439 70.6984 48.6633 63.0714 62.3306 58.6003 14.1421 80.0625 10.0 51.614 56.0 74.2401 36.0139 65.6984 57.6886 59.4296 
45.2946 39.6611 68.1848 65.2693 71.0211 90.5042 79.8496 62.9239 108.72 107.025 32.9848 46.5725 94.3716 54.356 0.0 49.4975 79.5884 71.5891 23.1948 44.3847 85.1618 100.929 35.6931 95.6347 53.3921 38.4838 20.0 71.7844 46.0435 27.0185 60.0333 6.40312 93.7763 61.209 104.517 81.214 29.7321 56.8595 65.521 91.815 65.7878 33.0151 60.237 91.5571 101.695 92.1677 38.5212 75.9932 3.60555 67.6125 
27.7627 21.9317 30.9108 15.7067 67.9877 66.0984 30.3596 25.9615 75.2894 74.7588 48.0208 64.1411 45.6946 47.062 49.4975 0.0 44.2892 30.4138 48.7032 63.3633 69.4622 62.9725 62.2533 48.8262 41.5241 54.3087 29.8329 24.8395 72.0826 60.4799 82.0703 54.3415 47.2017 28.6356 59.4575 31.6513 21.2132 16.2788 17.8045 42.2524 47.0106 56.356 56.8211 41.1147 66.706 42.6776 16.6433 26.5372 52.2398 18.0499 
36.4195 65.2528 13.4536 35.9026 43.9318 25.0799 40.6079 19.8494 31.1448 30.4795 89.8278 60.6383 59.4643 35.6931 79.5884 44.2892 0.0 65.4905 90.5069 61.1882 34.0147 23.0 64.1249 68.4105 32.0624 55.1453 67.793 54.0833 70.6116 70.4165 74.8465 82.4819 67.9117 18.868 23.7697 51.0116 61.1107 57.3574 49.6488 30.4631 22.8473 97.7157 38.9102 24.0416 22.1359 46.5188 49.3961 43.1856 83.0969 48.8044 
58.1671 32.311 55.0091 30.0 97.2677 90.1998 29.1548 52.4784 91.4454 92.4501 55.0364 94.5403 29.4109 77.3915 71.5891 30.4138 65.4905 0.0 61.0 94.051 96.1873 72.0139 92.6525 26.0192 71.5619 84.7079 54.8179 12.083 102.482 87.0 112.469 77.5242 24.0208 55.5805 66.6483 31.7697 42.4382 15.5563 16.0 42.0595 75.1332 64.0078 86.3803 44.6503 77.6209 36.2353 45.607 25.0599 73.3485 34.3059 
58.2541 30.0167 77.1118 63.631 90.4551 103.464 76.5795 71.4546 121.507 120.976 10.2956 68.593 88.0227 69.3674 23.1948 48.7032 90.5069 61.0 0.0 66.4831 100.703 108.136 58.1378 86.8332 66.5733 59.439 28.6007 65.0 69.0072 50.04 83.006 28.8617 84.8528 73.2889 106.196 77.8713 28.178 49.0 60.208 90.1767 78.7492 10.7703 78.4932 89.039 109.719 88.8144 41.4407 72.8354 21.8403 65.9741 
36.0694 68.8884 55.5428 79.1691 31.9061 59.439 92.7134 51.4782 83.4865 80.7527 75.06 2.23607 110.329 25.4951 44.3847 63.3633 61.1882 94.051 66.4831 0.0 49.7695 83.863 8.94427 111.212 29.7321 9.43398 43.9318 87.9462 9.48683 18.868 19.2354 40.8534 109.64 49.1935 84.9294 94.0052 55.8962 79.3282 80.8776 82.6378 39.1152 76.9415 25.4951 75.591 81.1542 98.5688 56.7857 89.0052 47.1275 81.5122 
48.3322 87.3613 41.3038 66.2722 19.105 13.4164 74.0405 44.0114 38.3275 34.9285 106.108 48.1041 93.4077 31.8904 85.1618 69.4622 34.0147 96.1873 100.703 49.7695 0.0 48.2701 56.8243 102.142 34.1321 49.0918 72.2011 85.7088 57.28 66.0379 55.0364 83.6537 101.533 41.0488 52.3259 83.505 77.8916 85.1469 80.2247 64.4748 23.0868 111.306 25.2389 57.9396 42.4382 80.5295 63.9062 76.3883 88.4944 78.0286 
58.6853 82.4523 33.5261 47.4264 63.0635 35.3553 43.0813 40.1622 21.0 23.1948 108.115 83.1865 56.0803 58.4209 100.929 62.9725 23.0 72.0139 108.136 83.863 48.2701 0.0 87.0919 66.1891 55.0364 78.1025 86.6625 59.9333 93.2148 93.4165 96.4624 105.002 66.3702 40.2616 6.0 56.3011 79.9802 69.3802 59.1178 30.0832 44.911 115.545 60.4401 28.0179 7.28011 42.107 71.9872 47.0106 104.534 60.9226 
35.0024 62.6498 56.7539 79.4675 39.8246 65.4599 93.0118 51.8652 88.6454 86.122 67.0075 11.1803 110.628 29.1548 35.6931 62.2533 64.1249 92.6525 58.1378 8.94427 56.8243 87.0919 0.0 110.626 32.0624 9.0 37.3363 86.8362 12.083 10.0 25.4951 31.9531 109.053 50.0 87.5728 94.3036 49.659 77.9297 79.7676 83.1846 43.2897 68.469 31.7805 76.1775 85.0529 98.8673 55.3872 89.3036 38.3275 81.8107 
76.135 57.4891 63.4336 40.4599 108.225 93.1719 28.2312 63.0769 87.1436 89.0225 81.0555 114.838 10.198 91.2991 95.6347 48.8262 68.4105 26.0192 86.8332 111.212 102.142 66.1891 110.626 0.0 85.7202 102.646 77.3692 24.1868 120.455 108.486 131.927 101.237 2.0 65.8745 60.208 36.6007 65.9242 38.8973 31.0644 38.4708 85.0631 90.0222 98.8795 44.3847 73.0616 24.0832 65.4599 26.9258 97.7394 48.3609 
15.1327 55.3263 25.9422 51.2748 27.0185 37.8021 63.8277 22.6716 58.1893 56.0803 72.0167 29.5466 81.4435 5.83095 53.3921 41.5241 32.0624 71.5619 66.5733 29.7321 34.1321 55.0364 32.0624 85.7202 0.0 23.0868 38.0789 63.2268 39.2173 38.5215 45.8039 54.4886 84.5786 20.0 55.5788 65.1195 44.817 57.5335 56.501 53.3279 13.0384 77.1751 15.2971 46.3249 53.2353 68.9481 31.257 60.1195 56.9007 53.618 
27.0185 60.2279 48.0833 71.048 33.3017 57.0088 84.5923 43.4626 79.8311 77.3692 67.4759 10.7703 102.208 20.2237 38.4838 54.3087 55.1453 84.7079 59.439 9.43398 49.0918 78.1025 9.0 102.646 23.0868 0.0 35.2278 78.8562 17.8045 17.0 28.6531 36.0555 101.073 41.4367 78.6384 85.8841 47.4301 69.9851 71.7876 74.765 34.3657 70.0928 23.8537 67.7503 76.0592 90.4477 47.4426 80.8841 41.5933 73.3911 
29.6982 25.5539 54.3979 45.4749 62.6418 74.9077 60.1277 48.7407 93.1233 91.429 34.176 45.7056 75.2728 41.2311 20.0 29.8329 67.793 54.8179 28.6007 43.9318 72.2011 86.6625 37.3363 77.3692 38.0789 35.2278 0.0 53.2259 49.3964 33.0151 62.6418 24.5153 75.591 50.5751 84.7223 61.4195 12.8062 39.4081 46.6154 72.0206 50.1933 39.1152 50.5964 71.7627 88.2447 72.4458 18.7268 56.3667 23.0868 47.8181 
52.3455 35.0143 44.4072 19.6469 88.6617 79.0063 17.2047 43.6305 79.3788 80.3851 60.6712 88.7239 23.0868 69.0564 71.7844 24.8395 54.0833 12.083 65.0 87.9462 85.7088 59.9333 86.8362 24.1868 63.2268 78.8562 53.2259 0.0 96.6655 84.2987 106.44 77.2528 22.4722 46.4281 54.5894 19.7047 42.0595 16.0 7.07107 30.0167 65.657 69.7209 78.0321 32.5853 65.5515 25.9422 41.4005 13.0384 74.0405 25.4929 
44.8219 74.7329 65.0 88.4723 38.6264 67.7422 102.017 60.8276 92.1954 89.3588 78.2304 10.0499 119.632 34.9285 46.0435 72.0826 70.6116 102.482 69.0072 9.48683 57.28 93.2148 12.083 120.455 39.2173 17.8045 49.3964 96.6655 0.0 19.0263 14.0 41.4367 118.882 58.6003 94.3663 103.308 61.7418 87.759 89.5969 92.033 48.3735 79.0569 34.0588 85.0314 90.3549 107.872 65.2165 98.3084 48.2597 90.8154 
40.8174 58.5235 62.5906 76.1207 49.5782 73.9256 98.8268 57.6918 96.3016 93.9628 59.4138 21.095 106.02 36.6879 27.0185 60.4799 70.4165 87.0 50.04 18.868 66.0379 93.4165 10.0 108.486 38.5215 17.0 33.0151 84.2987 19.0263 0.0 33.0151 22.561 106.757 55.817 93.6593 100.119 45.8039 71.4497 77.5285 88.9996 50.6952 60.0333 40.8167 81.998 91.756 104.682 49.3726 87.0124 29.2746 87.6257 
54.6717 87.7537 71.5612 96.4902 36.0 67.1193 110.034 68.4105 92.3472 89.202 92.1954 18.0278 127.65 40.4969 60.0333 82.0703 74.8465 112.469 83.006 19.2354 55.0364 96.4624 25.4951 131.927 45.8039 28.6531 62.6418 106.44 14.0 33.0151 0.0 55.3263 130.785 65.8027 98.4327 111.326 74.7615 97.7467 99.3715 99.0891 52.0 93.0484 36.0555 92.0869 92.6499 115.441 75.9178 106.326 62.2013 98.8333 
48.1882 45.8039 72.2578 69.9882 69.2026 90.3927 84.6411 66.9969 111.613 109.919 38.8973 43.0813 99.6243 52.8479 6.40312 54.3415 82.4819 77.5242 28.8617 40.8534 83.6537 105.002 31.9531 101.237 54.4886 36.0555 24.5153 77.2528 41.4367 22.561 55.3263 0.0 99.4032 65.282 104.32 85.9329 35.3412 62.6099 70.8378 96.5339 66.7045 38.1182 58.7288 96.276 104.588 96.9592 43.2402 80.88 7.07107 72.3314 
74.5625 55.5428 61.9409 39.2046 107.083 92.7631 27.5136 61.9353 87.2812 89.0898 79.0569 110.639 10.7703 90.1574 93.7763 47.2017 67.9117 24.0208 84.8528 109.64 101.533 66.3702 109.053 2.0 84.5786 101.073 75.591 22.4722 118.882 106.757 130.785 99.4032 0.0 64.7329 60.407 35.4591 64.0781 37.0 29.4109 38.2099 83.9214 88.0227 97.7379 43.9318 73.171 24.3311 63.8201 25.9422 95.8593 46.8973 
18.9042 48.5519 7.0 26.7992 42.5441 37.6962 43.8296 3.16228 49.8197 48.8365 75.0857 49.2443 60.8287 25.4951 61.209 28.6356 18.868 55.5805 73.2889 49.1935 41.0488 40.2616 50.0 65.8745 20.0 41.4367 50.5751 46.4281 58.6003 55.817 65.8027 65.282 64.7329 0.0 39.2046 45.1214 45.7705 44.1022 40.0449 33.4481 19.6469 82.5765 33.0151 26.4197 40.7185 49.0683 31.8808 40.2738 64.8138 37.2746 
57.9425 78.9372 32.249 43.9114 66.0379 39.8246 37.5766 38.6394 27.0 29.1548 105.772 84.4038 50.0899 59.439 104.517 59.4575 23.7697 66.6483 106.196 84.9294 52.3259 6.0 87.5728 60.208 55.5788 78.6384 84.7223 54.5894 94.3663 93.6593 98.4327 104.32 60.407 39.2046 0.0 51.0465 78.0399 65.8719 53.8631 24.5967 46.4866 114.408 62.3939 23.3452 13.1529 36.1248 70.0469 41.5933 107.395 57.4076 
63.0374 48.2616 42.4819 20.0416 87.6241 76.0661 14.7082 42.4762 75.6757 76.6804 75.0522 94.2373 31.0217 70.6984 81.214 31.6513 51.0116 31.7697 77.8713 94.0052 83.505 56.3011 94.3036 36.6007 65.1195 85.8841 61.4195 19.7047 103.308 100.119 111.326 85.9329 35.4591 45.1214 51.0465 0.0 52.6659 30.8254 18.8167 26.6011 64.4624 83.9605 78.2788 28.8806 61.8516 27.0263 47.624 11.0 84.0918 29.6015 
29.9799 13.0 47.7156 36.7213 70.7107 77.8291 50.7536 42.0584 92.1109 91.5803 29.7321 57.6213 64.7611 48.6633 29.7321 21.2132 61.1107 42.4382 28.178 55.8962 77.8916 79.9802 49.659 65.9242 44.817 47.4301 12.8062 42.0595 61.7418 45.8039 74.7615 35.3412 64.0781 45.7705 78.0399 52.6659 0.0 27.2947 35.9026 63.267 54.8408 37.0135 58.5491 62.1293 81.5624 63.0717 13.9875 47.0454 32.0156 39.0644 
43.6578 19.0263 45.4542 21.9545 84.2312 80.8543 29.5296 41.1947 85.9593 86.3134 44.911 79.8175 39.0512 63.0714 56.8595 16.2788 57.3574 15.5563 49.0 79.3282 85.1469 69.3802 77.9297 38.8973 57.5335 69.9851 39.4081 16.0 87.759 71.4497 97.7467 62.6099 37.0 44.1022 65.8719 30.8254 27.2947 0.0 12.083 41.4265 63.0317 53.9351 72.8305 47.5224 73.1137 40.8044 30.2324 25.4951 58.8727 24.5529 
45.2769 30.2655 39.0128 14.0 81.9391 74.2428 17.4929 36.9428 76.9718 77.4186 56.7539 81.6554 28.8617 62.3306 65.521 17.8045 49.6488 16.0 60.208 80.8776 80.2247 59.1178 79.7676 31.0644 56.501 71.7876 46.6154 7.07107 89.5969 77.5285 99.3715 70.8378 29.4109 40.0449 53.8631 18.8167 35.9026 12.083 0.0 29.4177 59.6068 65.7343 71.3092 31.6973 64.6683 28.8617 34.4093 13.4164 67.9117 18.7703 
51.9183 58.8627 27.6586 30.6427 72.6223 54.8179 13.0 31.3007 50.2195 51.6236 85.6533 82.6889 29.1204 58.6003 91.815 42.2524 30.4631 42.0595 90.1767 82.6378 64.4748 30.0832 83.1846 38.4708 53.3279 74.765 72.0206 30.0167 92.033 88.9996 99.0891 96.5339 38.2099 33.4481 24.5967 26.6011 63.267 41.4265 29.4177 0.0 49.5782 94.5616 65.0692 7.07107 36.1386 16.1245 58.2251 17.0 94.6928 40.2025 
25.5539 64.2884 22.4722 46.0281 23.3238 24.8395 57.4493 22.8035 45.607 43.3244 84.0954 38.3275 77.2023 14.1421 65.7878 47.0106 22.8473 75.1332 78.7492 39.1152 23.0868 44.911 43.2897 85.0631 13.0384 34.3657 50.1933 65.657 48.3735 50.6952 52.0 66.7045 83.9214 19.6469 46.4866 64.4624 54.8408 63.0317 59.6068 49.5782 0.0 89.3073 16.1245 42.5206 42.0476 65.437 40.8534 59.4624 69.2964 56.8365 
68.8122 35.7351 84.3206 70.6569 101.151 114.022 82.6687 78.6634 128.716 130.264 9.05539 79.0759 92.3472 80.0625 33.0151 56.356 97.7157 64.0078 10.7703 76.9415 111.306 115.545 68.469 90.0222 77.1751 70.0928 39.1152 69.7209 79.0569 60.0333 93.0484 38.1182 88.0227 82.5765 114.408 83.9605 37.0135 53.9351 65.7343 94.5616 89.3073 0.0 89.1888 96.0648 118.167 94.5939 50.7283 78.848 31.0644 73.0 
30.0167 70.0643 37.4833 59.8042 12.1655 33.9559 72.752 36.0555 58.1378 55.3263 84.7585 24.1868 92.505 10.0 60.237 56.8211 38.9102 86.3803 78.4932 25.4951 25.2389 60.4401 31.7805 98.8795 15.2971 23.8537 50.5964 78.0321 34.0588 40.8167 36.0555 58.7288 97.7379 33.0151 62.3939 78.2788 58.5491 72.8305 71.3092 65.0692 16.1245 89.1888 0.0 58.0 56.8859 80.7446 46.0109 73.2788 63.5696 68.5392 
44.9167 60.5945 20.6155 25.5687 65.6049 48.8365 17.0 24.2991 46.8188 47.8017 87.4297 75.6637 35.4683 51.614 91.5571 41.1147 24.0416 44.6503 89.039 75.591 57.9396 28.0179 76.1775 44.3847 46.3249 67.7503 71.7627 32.5853 85.0314 81.998 92.0869 96.276 43.9318 26.4197 23.3452 28.8806 62.1293 47.5224 31.6973 7.07107 42.5206 96.0648 58.0 0.0 33.1059 23.0217 57.0873 20.2237 94.4349 39.0648 
58.552 85.7045 34.4819 51.16 58.3095 29.2062 49.0408 41.1825 14.1421 16.0312 110.28 80.3057 63.0079 56.0 101.695 66.706 22.1359 77.6209 109.719 81.1542 42.4382 7.28011 85.0529 73.0616 53.2353 76.0592 88.2447 65.5515 90.3549 91.756 92.6499 104.588 73.171 40.7185 13.1529 61.8516 81.5624 73.1137 64.6683 36.1386 42.0476 118.167 56.8859 33.1059 0.0 49.0102 73.5694 52.811 104.12 64.6562 
67.601 59.0339 43.2865 31.0679 88.6002 70.5195 13.1529 46.9209 63.0714 65.0 85.6154 98.8009 14.0 74.2401 92.1677 42.6776 46.5188 36.2353 88.8144 98.5688 80.5295 42.107 98.8673 24.0832 68.9481 90.4477 72.4458 25.9422 107.872 104.682 115.441 96.9592 24.3311 49.0683 36.1248 27.0263 63.0717 40.8044 28.8617 16.1245 65.437 94.5939 80.7446 23.0217 49.0102 0.0 58.6503 16.0312 94.9174 40.6278 
16.1245 24.0832 39.7226 31.6794 58.0775 63.8742 46.3322 33.5958 79.4293 78.0432 43.6735 57.7779 62.1691 36.0139 38.5212 16.6433 49.3961 45.607 41.4407 56.7857 63.9062 71.9872 55.3872 65.4599 31.257 47.4426 18.7268 41.4005 65.2165 49.3726 75.9178 43.2402 63.8201 31.8808 70.0469 47.624 13.9875 30.2324 34.4093 58.2251 40.8534 50.7283 46.0109 57.0873 73.5694 58.6503 0.0 42.624 41.3991 34.0225 
58.0374 43.1741 37.4819 15.0416 82.6241 68.2642 4.24264 37.4762 66.7608 67.9117 69.9214 89.2373 20.6155 65.6984 75.9932 26.5372 43.1856 25.0599 72.8354 89.0052 76.3883 47.0106 89.3036 26.9258 60.1195 80.8841 56.3667 13.0384 98.3084 87.0124 106.326 80.88 25.9422 40.2738 41.5933 11.0 47.0454 25.4951 13.4164 17.0 59.4624 78.848 73.2788 20.2237 52.811 16.0312 42.624 0.0 78.6637 24.6015 
48.8032 41.1825 71.7896 67.9465 74.3303 94.0127 82.5993 66.5288 112.228 110.534 31.9531 49.3356 96.7729 57.6886 3.60555 52.2398 83.0969 73.3485 21.8403 47.1275 88.4944 104.534 38.3275 97.7394 56.9007 41.5933 23.0868 74.0405 48.2597 29.2746 62.2013 7.07107 95.8593 64.8138 107.395 84.0918 32.0156 58.8727 67.9117 94.6928 69.2964 31.0644 63.5696 94.4349 104.12 94.9174 41.3991 78.6637 0.0 70.4903 
50.5444 37.5296 37.1548 13.6569 79.1688 72.7765 28.3097 34.1725 77.4622 77.7711 64.3649 81.7443 44.2353 59.4296 67.6125 18.0499 48.8044 34.3059 65.9741 81.5122 78.0286 60.9226 81.8107 48.3609 53.618 73.3911 47.8181 25.4929 90.8154 87.6257 98.8333 72.3314 46.8973 37.2746 57.4076 29.6015 39.0644 24.5529 18.7703 40.2025 56.8365 73.0 68.5392 39.0648 64.6562 40.6278 34.0225 24.6015 70.4903 0.0 
DEMAND_SCENARIO_SECTION
0 0 0 0 0 0 0 0 0 0 0 0 0 0 0 0 0 0 0 0 0 0 0 0 0 0 0 0 0 0 0 0 0 0 0 0 0 0 0 0 0 0 0 0 0 0 0 0 0 0 0 0 0 0 0 0 0 0 0 0 0 0 0 0 0 0 0 0 0 0 0 0 0 0 0 0 0 0 0 0 0 0 0 0 0 0 0 0 0 0 0 0 0 0 0 0 0 0 0 0 0 0 0 0 0 0 0 0 0 0 0 0 0 0 0 0 0 0 0 0 0 0 0 0 0 0 0 0 0 0 0 0 0 0 0 0 0 0 0 0 0 0 0 0 0 0 0 0 0 0 0 0 0 0 0 0 0 0 0 0 0 0 0 0 0 0 0 0 0 0 0 0 0 0 0 0 0 0 0 0 0 0 0 0 0 0 0 0 0 0 0 0 0 0 0 0 0 0 0 0 
4 4 3 5 4 5 3 4 4 6 3 4 3 6 3 5 5 3 5 1 3 5 5 3 5 2 4 6 5 2 5 3 4 6 1 4 4 8 3 5 3 4 4 3 3 5 4 6 2 3 4 6 7 2 6 4 3 2 1 2 3 6 4 4 5 3 3 4 4 5 0 2 7 4 2 5 4 4 3 3 4 5 0 4 4 4 5 5 4 6 3 5 6 4 2 4 2 3 5 5 5 6 4 3 3 6 6 4 2 6 3 5 3 2 2 4 4 1 3 5 3 2 3 2 3 3 3 4 4 6 6 2 2 2 4 3 4 4 3 8 5 3 2 3 3 2 6 0 4 4 5 3 4 7 3 5 4 4 2 4 3 5 3 3 2 1 4 2 6 5 4 4 4 5 6 3 5 3 5 1 5 4 6 4 4 4 5 3 4 4 3 5 4 4 4 4 3 5 2 1 
13 11 6 10 8 12 7 15 10 9 15 8 11 4 8 12 1 5 6 12 10 9 13 11 8 4 8 13 7 8 11 12 12 11 9 6 6 5 11 10 12 8 6 12 12 7 7 2 14 8 12 10 10 12 6 8 9 12 10 6 11 10 5 6 7 7 10 6 9 9 13 7 8 10 6 13 10 10 8 8 8 11 9 8 10 6 8 6 9 9 7 13 11 7 10 9 13 14 8 12 11 7 11 8 8 11 10 5 13 7 7 5 6 5 8 10 10 9 9 7 15 14 9 6 1 11 6 7 10 11 9 9 6 12 9 1 10 14 10 17 7 11 7 11 9 10 13 8 8 9 5 8 14 11 14 8 5 9 8 2 9 5 6 6 8 10 13 7 13 7 7 13 7 16 18 7 2 7 4 10 12 14 6 9 8 14 9 13 7 8 13 8 11 12 11 10 7 7 12 13 
8 14 9 12 6 10 7 7 10 7 6 12 7 15 10 6 11 13 8 12 4 12 9 11 8 10 13 11 6 12 8 11 12 2 10 9 8 9 5 9 10 6 15 14 7 1 7 10 8 9 14 9 11 8 11 4 13 8 11 9 12 13 11 12 11 12 16 9 8 4 6 15 10 8 10 11 12 7 8 6 11 12 7 9 12 15 15 12 12 13 4 5 13 14 10 12 10 13 9 9 9 8 13 15 13 7 8 2 14 12 13 11 9 8 8 11 6 11 10 13 10 7 6 4 4 10 9 11 10 10 7 9 15 7 14 13 11 13 7 17 9 7 18 8 10 8 11 7 5 14 13 10 14 13 12 11 11 9 5 5 10 12 13 11 10 9 11 13 11 16 3 12 7 11 10 9 14 9 11 11 9 7 8 13 9 9 10 14 12 13 6 11 15 8 13 9 10 7 15 10 
1 1 1 1 1 1 2 1 0 1 1 2 1 1 0 1 1 1 0 1 1 1 1 2 1 0 1 1 2 1 2 1 1 1 1 1 1 1 2 1 1 1 1 2 1 1 1 1 1 1 1 0 1 1 1 1 1 1 1 1 1 1 1 1 0 1 1 1 1 1 1 1 1 1 1 0 2 1 1 1 1 2 2 1 1 1 0 1 0 1 1 1 1 1 1 0 1 2 1 1 1 1 1 1 1 0 1 1 1 1 1 1 1 1 1 0 1 2 1 1 1 0 1 1 1 1 1 1 1 1 1 1 1 1 2 1 2 1 1 1 1 1 1 1 1 1 1 2 1 1 1 1 1 0 2 1 1 1 1 1 1 2 1 1 0 1 1 1 1 1 1 1 1 1 1 1 1 1 1 1 1 0 1 1 1 1 1 1 1 1 1 1 1 1 1 1 1 1 1 1 
6 6 8 3 7 4 8 4 3 8 7 9 6 7 7 8 5 12 7 8 7 7 8 6 4 9 8 6 5 8 7 8 9 10 10 6 10 6 7 5 8 6 11 10 12 10 8 11 10 6 9 15 5 9 8 5 6 8 4 8 6 2 4 3 9 7 7 7 9 8 8 8 9 4 5 9 8 8 9 8 4 8 9 7 9 5 3 4 6 6 8 7 6 8 8 9 6 4 8 7 5 5 8 13 4 8 7 6 2 5 9 8 8 7 4 10 10 6 10 8 8 6 11 5 5 8 11 4 7 9 7 8 10 5 4 6 4 8 3 6 7 8 5 4 10 9 7 7 5 9 6 7 7 10 3 6 3 8 3 6 7 7 10 5 10 7 9 5 8 6 9 8 9 7 3 6 8 7 7 8 9 8 7 7 11 7 7 2 8 9 8 3 5 6 6 7 5 3 8 8 
18 14 12 8 7 9 4 11 6 9 15 5 8 5 11 6 6 8 4 5 7 9 10 8 11 6 10 5 8 9 9 9 12 12 8 9 5 6 7 6 9 7 13 10 9 10 7 12 10 8 10 9 13 10 7 8 7 15 11 7 11 18 10 9 14 8 14 9 9 6 9 11 10 7 10 5 10 18 8 12 16 4 9 10 13 11 12 11 6 11 15 13 12 11 4 9 8 10 11 9 7 12 9 8 6 11 11 11 13 8 12 10 7 10 10 6 9 9 10 8 7 9 9 12 8 9 4 10 12 12 7 9 11 4 10 8 6 13 6 10 11 11 4 6 6 6 8 15 7 11 14 6 11 9 4 7 5 4 13 13 5 8 4 15 9 9 10 13 10 9 8 7 13 10 8 8 10 4 15 5 5 11 8 13 8 10 6 11 11 7 11 6 9 13 4 11 5 6 13 9 
14 13 9 15 12 12 11 7 16 13 10 10 7 6 6 15 6 6 11 15 9 10 11 16 9 9 14 11 10 13 8 12 12 9 11 10 11 12 8 7 12 8 10 10 5 15 3 11 14 12 8 9 6 7 7 7 11 10 8 10 4 10 10 11 11 14 8 9 7 12 9 11 10 15 15 6 10 11 8 6 10 5 8 6 2 9 9 12 13 9 6 10 12 5 8 9 11 4 13 12 10 9 12 15 13 10 13 6 4 5 11 8 8 10 8 14 7 12 13 8 10 14 14 10 14 11 13 15 10 12 6 11 9 14 9 4 12 12 10 9 10 5 10 9 8 10 11 6 7 15 9 6 13 11 13 11 5 12 6 9 11 12 13 12 11 8 6 11 10 3 10 9 10 9 7 13 14 6 3 11 9 8 9 9 12 9 8 13 14 2 9 12 14 9 11 12 3 12 10 9 
1 2 2 2 2 3 3 3 2 3 1 2 1 2 3 2 2 2 1 3 2 2 2 2 2 2 2 1 2 1 2 3 3 1 2 3 2 3 2 3 1 1 1 2 2 2 2 3 2 3 2 2 3 2 1 3 3 2 2 2 2 2 2 1 2 1 2 1 2 2 1 1 1 2 2 2 1 1 2 1 2 2 2 2 2 2 2 1 2 1 2 2 3 2 3 2 2 2 2 2 2 2 2 3 1 2 3 2 2 3 1 2 2 2 2 2 2 0 2 1 2 1 1 2 1 2 1 2 2 3 3 3 1 2 2 1 2 3 3 4 1 1 3 0 2 3 2 1 2 2 2 1 4 2 2 4 1 1 3 2 3 2 2 2 2 3 2 2 1 2 2 3 3 2 2 2 2 2 2 2 2 2 2 0 1 1 1 2 1 1 2 2 1 3 3 2 3 2 2 1 
9 7 9 9 13 6 10 7 12 7 14 13 9 9 2 4 5 6 9 5 6 10 10 10 6 6 7 8 5 11 10 11 7 7 10 6 10 8 3 8 10 5 5 1 6 5 4 9 7 11 8 8 9 8 7 10 8 5 6 8 9 6 6 8 4 2 10 6 4 7 8 6 4 7 10 3 6 8 5 11 8 6 10 6 4 13 10 12 10 9 8 10 9 5 5 5 5 9 11 10 3 10 11 9 9 9 9 6 7 9 7 7 9 8 7 7 8 4 9 10 8 5 4 10 9 8 6 5 7 6 8 11 10 8 8 4 10 7 14 12 6 5 4 10 5 9 3 10 8 11 9 8 10 6 8 4 9 11 8 7 8 10 7 8 6 6 8 10 8 9 5 11 8 5 8 6 10 9 7 7 8 7 3 7 9 7 7 8 9 7 12 13 11 9 6 7 7 10 5 11 
5 3 6 8 8 3 8 8 6 11 9 11 8 9 8 7 7 7 5 8 4 6 7 7 11 5 8 8 10 7 8 5 6 9 8 6 5 7 11 3 6 9 8 8 8 11 9 8 6 11 6 4 9 10 4 11 3 7 8 8 5 6 3 9 4 9 6 11 7 7 8 10 5 10 4 11 13 8 5 8 8 6 8 9 7 5 10 5 6 6 6 8 7 5 7 8 9 2 5 5 7 8 6 6 5 9 7 13 2 5 11 5 5 7 10 5 13 8 11 9 5 8 3 1 9 8 11 4 2 5 12 9 8 8 5 6 8 8 5 8 4 9 4 2 4 6 9 8 7 11 6 7 9 1 5 11 8 7 9 5 6 9 8 5 10 5 3 6 9 4 12 8 3 5 9 4 10 8 8 4 9 9 7 2 7 7 6 9 8 5 6 10 7 12 6 3 8 11 5 7 
6 5 2 4 6 5 3 6 5 2 4 2 3 4 4 6 4 5 4 4 3 3 3 5 4 4 5 4 6 4 4 3 5 5 4 7 3 4 4 6 4 2 1 5 2 5 4 5 3 3 4 4 3 5 4 3 5 3 6 1 1 4 4 5 5 5 4 4 3 3 6 4 5 3 3 4 3 6 4 6 4 4 6 2 5 3 4 6 5 2 5 3 4 4 3 5 4 4 5 7 4 5 1 3 6 5 6 2 1 5 4 3 4 4 3 6 3 5 4 5 4 5 5 3 4 2 7 3 3 2 5 2 6 4 7 3 2 3 5 4 3 7 3 4 5 3 6 5 6 3 3 3 2 4 3 4 4 6 4 3 3 4 4 6 4 5 6 4 6 3 3 6 4 4 6 4 5 4 5 4 4 4 4 2 4 5 2 5 4 5 5 3 5 6 3 4 3 2 2 6 
5 9 2 7 8 10 5 6 5 3 7 5 11 7 7 11 1 3 3 7 6 5 8 6 7 10 6 7 3 7 9 5 8 6 6 9 4 6 8 6 4 7 4 10 7 4 8 7 4 6 11 6 8 4 6 4 4 3 3 4 1 8 3 4 6 9 10 6 8 6 6 9 7 7 4 8 6 5 4 5 7 6 6 5 8 4 6 7 5 4 2 7 5 5 6 4 4 6 4 1 6 5 10 6 7 5 6 5 6 6 5 3 4 7 4 10 6 5 9 8 2 8 8 6 5 5 6 6 4 4 7 8 5 8 6 5 4 3 4 7 9 5 9 8 5 9 7 5 4 5 5 7 9 4 4 10 6 6 5 4 6 5 6 3 5 6 9 4 5 6 3 4 9 9 6 6 4 6 4 5 6 4 7 6 4 9 4 3 6 6 6 5 5 10 4 8 5 6 6 7 
14 7 14 6 10 12 10 9 13 12 13 8 2 8 7 12 8 12 7 10 12 9 8 12 9 7 6 14 7 7 9 15 7 15 7 12 7 15 6 13 5 6 10 7 12 11 9 7 1 12 7 13 9 7 10 6 16 11 11 11 10 13 5 12 10 16 8 9 16 15 3 10 11 14 12 9 8 8 12 9 13 6 6 8 16 8 14 7 9 15 7 5 16 9 8 9 8 10 11 15 11 16 12 16 11 8 12 7 15 5 10 12 6 13 10 13 9 9 17 10 7 9 15 11 13 13 3 8 9 9 13 13 13 20 5 9 8 13 4 8 16 10 6 8 12 13 8 6 9 6 7 4 11 12 8 8 6 12 7 10 8 7 9 7 11 10 12 16 15 14 7 14 7 12 6 13 13 4 12 8 13 10 10 15 8 10 11 10 13 9 14 12 6 13 14 12 8 8 10 10 
18 10 11 16 7 1 17 8 7 12 11 11 11 7 7 7 10 4 18 14 15 8 7 10 13 6 10 14 7 10 10 6 4 9 12 6 7 11 18 11 11 10 13 8 14 14 15 13 10 14 11 11 8 8 9 3 15 15 10 11 12 8 7 14 9 8 7 2 15 5 16 8 10 15 9 15 13 10 14 4 10 15 7 6 6 1 9 9 10 12 6 8 15 9 2 4 11 7 5 10 10 9 12 18 12 12 16 8 5 8 5 5 12 3 6 6 6 8 9 6 14 9 13 8 11 9 6 12 17 7 8 13 10 13 5 14 10 8 10 10 14 11 9 8 8 5 12 11 9 9 10 7 14 18 7 10 9 11 15 10 7 5 10 12 12 8 13 9 5 7 10 7 12 11 5 6 6 14 19 7 13 11 8 10 14 10 7 9 12 8 11 5 12 12 5 16 7 4 6 7 
9 8 7 11 7 2 7 8 7 8 7 10 3 6 9 9 7 9 5 9 7 5 9 7 3 9 9 9 8 7 5 9 6 4 1 10 5 7 5 7 11 6 4 3 8 5 6 14 6 3 6 10 9 10 4 7 5 10 7 6 8 6 9 4 9 8 6 9 3 2 5 6 8 5 12 5 10 10 9 9 7 7 7 7 6 6 11 8 3 8 7 7 7 7 7 6 4 8 5 12 3 8 7 7 9 4 6 9 7 7 0 7 8 2 9 7 7 5 9 8 9 10 5 6 8 4 8 7 4 6 10 8 10 8 6 6 3 8 11 8 9 1 6 7 6 7 2 5 8 7 6 9 7 4 8 8 7 8 4 12 13 4 9 5 7 7 7 5 5 5 9 7 9 7 9 6 4 5 8 6 5 6 8 9 7 6 4 10 9 9 4 10 6 7 3 11 11 12 8 8 
5 2 7 3 5 5 3 2 5 5 6 4 5 6 4 6 2 6 4 6 3 3 5 5 4 3 2 5 3 3 4 5 5 4 3 2 5 5 2 5 6 3 2 4 4 5 2 4 4 5 6 5 5 4 4 3 2 3 6 1 2 5 4 6 3 3 2 3 3 4 3 6 3 4 3 2 3 4 5 5 7 5 3 4 3 5 2 4 4 2 5 4 4 7 4 5 6 3 4 5 2 5 4 7 3 5 3 6 5 2 5 3 2 5 5 5 7 3 6 4 3 6 3 4 3 4 1 2 3 3 2 3 5 3 3 2 3 5 4 3 5 5 4 4 4 2 4 3 6 2 5 6 2 5 4 2 5 4 4 3 5 6 3 3 2 2 6 4 3 6 5 4 4 4 4 3 5 4 3 4 5 6 2 3 2 3 6 2 6 3 4 5 4 5 3 4 4 2 4 1 
1 1 1 1 1 0 1 1 1 1 1 1 1 1 1 1 1 1 1 1 1 2 1 1 0 2 1 1 1 1 1 1 1 1 1 2 1 1 1 1 1 1 1 1 0 1 1 2 2 1 1 1 1 1 1 2 1 1 1 1 1 1 1 1 1 1 2 1 1 1 1 1 1 1 1 1 1 1 2 1 0 1 1 1 1 2 1 1 1 1 1 1 1 2 1 1 1 1 1 2 1 1 1 1 1 1 1 1 1 1 1 1 1 1 1 1 1 1 1 0 1 1 1 0 1 1 1 1 1 1 1 1 2 1 1 1 1 1 1 1 1 1 1 1 1 1 1 1 1 1 0 1 0 1 1 1 1 1 1 1 1 1 1 1 1 1 1 1 1 1 1 1 1 1 1 1 1 1 1 1 1 1 1 1 1 1 1 1 1 1 1 1 1 1 1 1 1 1 1 1 
1 0 1 1 1 2 1 2 1 2 1 0 1 1 1 1 1 1 2 1 1 1 1 1 1 1 1 1 1 1 1 1 1 1 0 1 1 1 1 1 1 1 1 1 1 1 1 1 2 1 1 1 1 2 1 1 1 1 1 1 1 1 0 1 1 0 1 0 1 1 0 0 1 1 0 1 1 1 2 1 1 1 0 1 0 1 1 1 1 1 1 1 1 1 1 0 1 1 1 1 1 1 1 1 1 1 1 1 1 0 1 1 1 1 0 1 1 1 1 1 1 1 1 1 1 1 1 1 1 1 1 1 1 1 0 1 1 1 1 2 0 1 0 1 1 1 1 1 1 1 1 1 1 0 1 1 1 1 1 1 1 1 1 1 1 1 1 1 1 1 1 1 1 1 1 1 1 1 1 1 1 1 1 1 1 1 1 1 1 2 1 1 0 1 1 1 1 2 1 1 
2 3 2 1 1 2 2 3 1 2 2 2 3 2 2 2 2 1 1 1 2 3 3 2 2 3 1 1 2 1 2 1 1 2 3 3 1 2 1 1 3 2 2 1 2 3 2 2 1 2 2 2 2 2 2 3 2 2 2 3 1 2 1 1 3 1 2 2 2 3 1 2 1 1 2 1 2 1 2 2 2 2 2 2 2 2 2 2 4 2 3 2 2 2 2 3 2 3 2 2 2 1 3 2 3 2 2 2 3 2 2 3 3 2 2 2 2 2 2 2 3 3 1 3 3 1 1 2 1 2 2 2 1 2 2 3 2 2 2 2 2 2 3 1 2 2 1 2 1 2 3 2 2 3 2 1 1 2 1 2 3 2 3 2 3 2 2 2 2 1 2 1 2 2 2 2 2 2 2 3 3 3 1 2 1 2 3 3 2 2 4 1 2 3 2 1 3 2 2 1 
7 11 13 8 7 5 3 17 12 11 10 12 4 10 7 7 12 3 18 3 11 7 11 7 7 6 12 10 4 7 12 8 13 9 7 12 7 10 9 10 7 6 7 10 8 11 11 13 6 5 9 8 8 10 8 9 11 14 9 7 14 13 8 10 8 11 12 6 9 8 6 6 9 9 8 12 9 13 7 10 14 10 9 2 8 20 9 13 6 12 9 7 4 10 9 4 5 16 6 9 12 11 9 4 11 3 6 15 10 15 7 6 7 8 2 4 13 8 13 8 4 7 6 8 7 13 7 10 11 12 13 12 11 4 5 6 2 6 11 12 10 4 14 5 4 12 8 2 9 9 12 14 6 8 12 8 8 4 11 16 11 10 8 9 12 17 8 9 10 11 8 9 8 8 8 6 13 6 10 9 9 3 11 13 15 8 15 8 10 7 11 8 8 12 11 10 5 11 11 6 
4 9 8 4 9 5 8 7 10 8 12 11 9 12 12 9 7 11 5 13 8 6 9 10 9 14 7 16 7 11 10 5 15 11 11 7 12 9 9 6 13 7 10 9 8 6 10 4 7 6 9 9 11 8 5 8 8 6 8 9 8 6 12 10 10 6 14 12 8 14 12 12 8 12 10 13 10 11 5 13 18 4 14 2 4 8 7 6 10 5 7 3 5 14 7 8 7 14 6 9 4 3 8 2 13 10 11 8 14 10 9 9 10 7 6 8 11 10 10 5 6 12 13 11 6 7 6 16 10 15 9 11 10 9 13 5 8 12 7 12 10 8 17 1 7 7 11 4 7 7 6 11 7 9 7 5 6 11 9 9 8 5 7 7 9 6 6 8 6 11 11 13 10 6 8 8 6 13 6 11 7 3 9 8 10 5 9 3 11 6 13 11 10 9 9 4 5 9 10 8 
2 3 5 4 4 2 3 3 4 3 3 3 3 3 0 4 4 4 5 3 4 4 2 3 3 3 3 3 5 3 5 4 3 3 4 5 2 4 0 4 3 3 2 3 5 2 3 5 3 3 4 3 3 3 2 3 2 2 4 3 4 3 4 1 2 4 3 3 4 2 1 4 3 4 3 4 3 4 1 4 2 3 2 4 2 4 4 4 1 1 3 2 4 4 2 3 4 3 3 4 2 4 2 3 3 4 3 3 3 2 4 2 4 2 5 4 5 3 2 3 4 3 3 3 2 3 4 4 4 5 4 5 1 1 3 3 5 4 4 2 6 2 4 3 2 4 6 4 4 3 3 3 1 2 3 3 3 1 3 4 2 2 5 4 3 4 3 3 2 3 3 4 1 1 2 2 6 1 4 3 1 3 1 2 3 3 2 4 2 2 2 4 5 2 4 4 2 2 4 3 
7 5 8 1 6 6 5 9 4 6 6 5 6 7 4 8 4 7 8 7 7 4 4 6 8 5 4 5 8 7 7 8 3 3 5 7 5 11 5 10 4 7 5 6 6 8 6 6 5 6 9 7 8 9 8 7 7 4 6 9 9 8 8 6 8 7 3 6 3 6 2 4 9 7 5 7 8 5 9 6 2 6 4 8 2 5 7 7 5 3 7 3 5 6 4 7 5 6 6 5 4 7 2 6 7 6 5 6 8 11 3 10 12 7 6 5 5 7 6 6 4 8 4 2 6 5 7 6 7 6 8 7 5 5 8 1 10 8 8 8 7 7 4 8 3 6 7 9 7 8 2 4 4 3 7 6 5 5 6 5 6 7 8 6 5 4 8 5 7 4 2 5 7 8 8 3 2 5 5 9 5 5 4 2 8 9 7 7 6 4 7 4 5 7 6 7 5 6 4 5 
9 5 7 6 6 4 5 5 2 1 4 3 6 8 7 9 12 5 8 6 4 4 5 7 7 7 10 10 7 9 8 4 6 6 3 4 9 8 6 4 7 6 7 8 3 7 8 8 9 8 3 4 5 7 6 7 8 4 4 7 8 5 8 6 8 7 6 8 5 9 6 7 8 4 8 7 4 4 4 2 7 9 3 7 7 7 4 5 6 10 7 6 6 10 4 5 9 0 3 5 2 5 7 8 5 6 6 6 4 7 4 6 4 4 4 6 6 3 5 8 5 6 7 6 8 7 3 7 7 5 7 11 8 6 10 8 6 6 5 8 1 5 5 6 7 6 10 8 8 5 2 6 4 10 6 7 7 6 7 6 6 6 6 6 6 8 5 7 5 6 5 6 8 9 8 5 3 5 9 4 5 5 5 8 8 9 5 2 6 6 3 7 7 5 8 7 4 3 4 2 
3 3 5 4 6 5 5 4 4 2 3 2 2 2 5 4 5 2 5 4 1 4 1 4 4 5 4 6 3 4 4 6 5 6 4 4 3 4 5 4 5 4 5 4 5 2 2 3 3 4 5 2 5 7 4 2 1 3 6 3 4 5 3 5 4 6 5 3 5 4 5 4 4 4 5 4 3 5 4 4 2 3 5 5 5 2 5 3 2 5 3 3 5 3 6 3 6 5 5 4 3 4 5 1 6 7 4 3 4 3 4 3 4 5 5 6 4 3 4 4 2 4 5 5 4 4 4 5 4 2 5 5 3 6 4 5 4 4 3 5 4 3 4 4 3 6 4 5 4 3 3 5 4 5 5 4 7 2 3 2 5 4 5 4 4 4 6 4 6 3 4 4 6 3 4 3 4 5 3 4 4 4 3 3 3 4 3 2 4 3 4 5 3 3 3 5 4 2 7 6 
7 8 10 12 8 8 3 9 9 11 7 9 15 16 7 5 6 5 7 13 6 7 9 8 13 4 12 10 10 7 11 8 8 6 16 8 12 6 9 12 5 12 9 9 10 7 2 8 4 6 7 10 15 13 6 8 7 11 16 5 9 11 8 11 15 12 13 14 10 11 6 11 10 8 9 6 13 11 3 8 4 1 10 11 9 13 8 7 8 13 5 12 11 12 11 7 12 9 5 7 9 4 9 9 6 7 2 11 6 12 7 3 11 16 13 10 10 12 9 14 12 4 11 10 14 8 10 10 14 8 9 7 6 11 10 9 8 5 5 6 13 8 9 13 7 6 10 14 3 9 5 8 13 5 15 7 13 12 10 12 6 7 6 10 7 8 5 13 10 11 7 11 10 11 10 6 9 5 7 8 9 10 6 11 8 12 9 8 9 11 9 14 12 6 7 8 11 11 8 10 
0 1 1 1 1 1 1 0 1 1 1 1 1 1 1 1 1 1 1 1 1 1 1 1 1 1 1 1 1 1 1 1 1 1 2 1 0 1 1 1 1 1 2 1 1 1 1 1 1 1 1 1 1 1 1 1 1 1 1 1 1 1 1 2 1 1 2 2 1 1 0 1 1 1 1 1 1 1 1 1 1 2 1 1 1 1 1 1 2 1 1 1 1 1 1 1 1 1 1 1 1 1 1 1 1 1 1 1 1 1 1 1 1 1 1 1 1 1 1 1 2 2 1 1 1 1 1 1 2 1 1 1 1 1 1 1 1 1 1 1 1 1 1 1 1 1 1 0 1 2 1 2 1 2 1 1 1 1 1 0 1 1 1 0 1 1 1 1 1 1 2 1 1 1 1 1 1 1 1 1 1 1 1 2 1 1 1 2 1 1 1 0 2 1 2 1 1 1 1 1 
3 3 6 4 3 5 4 3 2 3 3 3 2 6 2 4 4 5 4 2 5 4 3 4 3 4 3 5 3 2 5 3 2 6 3 4 4 3 3 5 4 5 5 5 5 3 4 5 4 4 4 4 4 3 3 3 4 4 1 4 4 5 4 4 4 2 3 3 4 3 7 3 5 3 5 6 4 4 5 3 5 4 7 4 3 5 4 5 6 4 7 7 3 4 4 5 3 6 5 3 5 6 4 4 6 4 4 5 5 4 4 4 3 5 6 5 5 2 6 3 6 7 2 5 4 3 6 5 6 5 2 5 1 5 6 4 7 2 3 3 5 5 3 4 7 6 5 7 1 6 4 5 5 6 3 2 4 4 3 3 5 5 5 4 3 3 3 4 3 5 4 2 2 7 4 5 3 6 5 5 3 3 4 7 4 3 3 3 4 5 5 3 5 5 5 2 3 5 5 5 
16 11 10 5 14 10 9 9 13 7 10 3 14 9 7 10 11 5 7 8 9 12 10 7 11 4 8 6 6 16 3 12 14 13 5 13 16 8 15 11 16 11 6 4 13 11 6 9 8 13 12 6 12 17 14 9 13 7 8 11 10 15 9 9 8 10 13 12 11 13 14 10 12 6 16 15 6 9 9 10 10 8 11 8 9 10 8 7 9 6 7 9 7 2 11 1 12 17 13 11 4 5 13 13 11 6 10 9 11 13 14 15 10 11 12 12 8 7 14 17 11 7 14 8 6 11 6 7 13 10 13 9 6 15 12 8 12 4 8 9 4 12 13 7 8 12 8 13 8 10 9 9 12 13 7 12 8 7 12 6 10 11 9 12 5 9 7 12 10 11 12 14 12 8 4 8 8 11 10 13 10 11 13 13 10 9 10 7 15 7 14 7 9 8 13 12 11 9 7 9 
5 5 5 1 4 4 2 4 3 3 2 3 3 5 4 4 2 6 3 2 6 5 3 6 5 5 3 4 3 3 5 5 4 5 4 3 6 5 6 5 6 4 5 4 5 5 5 5 5 1 2 2 4 5 6 4 4 4 4 6 4 6 3 6 2 4 3 1 2 7 7 3 4 4 6 3 3 7 5 5 3 5 4 5 5 5 5 5 4 3 5 4 2 4 5 2 6 2 2 4 3 1 3 6 5 4 4 3 5 4 4 4 3 3 4 3 5 2 7 5 6 5 3 4 4 5 5 4 5 4 4 4 6 4 2 2 3 6 3 6 4 4 6 2 4 4 4 4 6 4 5 4 1 5 5 4 6 5 5 3 5 4 1 8 4 5 3 6 4 3 4 3 3 4 4 5 2 2 5 3 4 2 5 3 4 5 3 5 5 4 4 6 3 5 3 4 3 5 3 4 
13 10 5 10 3 9 14 9 13 9 8 8 10 15 9 10 7 13 15 13 12 6 7 7 11 9 14 8 19 3 12 6 11 12 14 8 9 11 8 10 13 9 5 7 14 16 13 7 12 15 13 12 9 10 11 17 6 6 6 10 9 10 9 9 8 16 9 11 10 13 8 9 14 8 17 12 12 9 11 0 14 10 9 10 12 5 9 2 8 14 6 8 13 7 12 11 9 2 16 10 6 10 8 12 13 11 8 11 11 8 13 3 3 10 6 4 12 5 8 10 6 8 8 2 7 6 12 9 8 8 11 13 8 8 11 7 11 3 9 12 8 6 9 9 7 11 8 15 11 10 9 13 10 12 8 3 13 14 8 8 7 12 5 10 7 17 9 9 8 6 4 11 11 11 9 12 9 7 8 3 8 5 6 4 16 16 1 8 14 13 12 12 7 7 14 9 12 8 14 8 
1 1 1 0 1 1 1 1 0 1 0 1 1 1 1 1 1 1 1 1 1 1 1 1 1 2 1 1 1 1 1 1 1 1 1 1 1 0 1 1 1 1 1 1 1 1 1 1 1 1 1 1 1 1 1 1 2 1 1 1 1 2 1 1 1 1 1 1 1 1 1 1 1 1 1 1 1 1 1 1 2 1 1 1 1 1 1 2 1 0 1 1 1 1 2 1 1 1 1 1 0 1 1 1 1 1 1 1 1 1 1 1 1 1 0 1 1 1 1 1 1 1 1 0 1 0 1 1 2 1 1 1 1 1 1 1 1 1 1 2 1 2 1 1 1 1 2 1 1 1 1 1 1 0 0 2 1 1 1 1 1 1 1 1 0 1 2 1 1 2 0 2 1 1 1 1 1 1 1 1 1 1 1 2 1 1 2 1 1 2 1 1 1 1 1 1 1 1 1 1 
6 12 5 5 5 6 8 7 7 7 14 6 7 11 11 7 11 8 7 4 6 13 5 6 5 11 8 9 9 11 4 8 8 8 10 5 11 6 10 9 9 9 5 6 8 10 8 13 9 7 7 7 10 3 11 9 12 10 7 7 11 9 8 8 12 5 9 11 8 7 7 7 9 9 6 8 12 8 2 11 10 10 7 15 8 9 3 4 6 13 3 6 5 5 6 8 5 7 3 7 8 9 4 12 5 8 6 10 7 11 3 4 10 9 9 8 12 9 9 5 11 11 7 8 6 5 11 6 13 11 9 7 9 8 11 4 10 11 7 7 8 11 9 6 10 7 12 9 7 6 7 10 5 10 12 6 10 11 5 9 6 2 9 7 4 6 7 10 11 8 7 11 6 14 10 8 8 5 10 9 10 8 1 4 10 8 8 13 10 6 7 6 9 8 2 7 5 8 8 5 
1 1 0 1 0 1 1 1 2 1 0 1 1 1 1 1 1 1 1 1 1 1 1 1 0 1 1 1 1 1 1 1 1 1 1 1 1 1 1 1 1 1 0 1 1 1 1 1 1 1 1 1 1 1 1 1 1 1 1 1 0 1 1 1 1 1 1 1 1 1 0 1 1 1 1 1 0 1 1 2 1 1 1 1 1 1 1 1 1 1 1 1 1 1 1 1 0 1 1 1 1 1 1 1 1 1 1 1 1 1 1 1 1 1 1 1 1 1 1 1 1 1 1 1 1 1 1 1 1 1 1 1 1 0 1 1 1 1 1 1 1 1 1 1 1 1 0 2 1 1 1 1 1 1 1 1 1 1 1 1 1 1 1 1 1 1 1 2 1 1 0 1 0 1 1 1 1 1 1 1 0 2 1 1 1 1 1 1 1 1 1 1 1 0 1 1 1 1 1 1 
3 2 7 5 5 6 6 5 4 4 4 5 4 5 4 5 6 4 6 4 6 2 5 5 1 4 3 4 3 6 2 5 6 7 3 6 4 2 5 6 1 3 6 6 6 2 5 6 6 4 4 4 5 9 4 4 7 4 5 4 5 6 6 3 3 5 4 3 4 4 4 4 5 7 6 6 4 5 6 5 5 4 5 2 6 6 5 4 8 4 4 4 6 6 6 5 5 3 6 5 4 4 6 6 4 5 2 7 7 7 4 5 7 2 5 5 5 3 3 4 7 2 7 8 5 6 7 4 5 6 6 8 5 5 6 5 7 4 5 2 5 4 6 4 4 5 8 7 8 7 3 3 7 3 4 7 8 5 4 7 5 7 7 3 5 7 5 5 4 6 6 5 6 6 3 1 4 5 7 5 5 4 6 7 2 7 5 5 4 8 5 3 7 3 7 3 4 2 1 4 
3 8 15 10 5 10 6 7 8 7 7 9 9 7 5 7 7 10 13 11 5 7 12 11 5 7 13 9 4 7 11 9 11 4 6 6 7 4 4 9 10 6 7 10 4 10 6 7 11 10 8 9 11 11 14 8 6 6 7 5 7 5 11 10 10 12 14 10 10 12 9 5 7 10 2 9 3 7 13 9 4 8 3 3 9 3 7 7 8 14 7 6 10 5 8 7 7 7 7 7 13 6 10 8 7 7 6 7 9 9 6 7 6 8 9 9 5 5 5 7 10 8 5 5 8 5 7 7 3 9 10 8 9 8 8 7 13 9 11 8 9 8 7 7 9 7 12 9 12 10 9 10 8 7 6 10 10 8 7 9 8 11 11 11 10 8 11 7 9 9 6 11 7 10 8 3 14 10 7 9 8 12 5 11 11 6 11 7 12 11 10 14 9 7 10 10 12 12 3 6 
4 4 9 7 3 6 4 3 4 7 4 6 6 3 7 4 5 3 5 4 7 3 5 7 4 3 7 6 4 6 6 6 5 3 2 5 4 7 5 5 5 1 4 5 3 6 3 3 5 4 4 3 7 4 4 7 4 6 3 4 4 6 4 5 6 3 7 4 10 4 3 6 4 7 8 3 3 5 5 7 9 6 4 7 4 6 6 5 5 8 3 7 6 5 5 7 6 6 4 6 4 3 4 5 6 5 5 3 4 6 6 5 5 5 7 4 5 4 4 7 2 7 4 6 7 5 3 5 4 4 5 4 3 6 5 1 3 4 9 4 5 2 2 4 8 5 5 6 5 3 4 5 5 7 8 4 4 4 4 4 6 4 6 2 9 3 7 3 4 7 7 7 7 5 4 7 4 6 4 4 5 6 5 4 4 5 4 5 3 5 5 6 8 3 7 4 6 4 3 6 
6 10 9 11 8 12 7 13 8 11 12 8 13 13 7 7 10 7 8 9 9 17 10 13 6 7 9 4 11 10 13 10 7 11 8 8 9 9 13 7 7 10 2 9 7 9 12 12 9 5 7 11 16 9 7 12 9 11 6 15 12 12 7 4 12 6 13 9 13 10 10 10 10 13 10 14 7 14 12 9 8 7 13 6 7 7 7 11 8 11 10 6 5 7 7 5 11 11 10 8 9 7 8 6 8 8 10 9 12 6 14 11 10 12 4 9 10 15 5 7 10 4 12 13 8 9 9 9 9 12 11 13 5 9 4 12 8 12 6 11 10 13 6 8 14 7 12 10 12 11 8 9 13 10 10 8 12 7 12 7 7 9 15 5 10 11 11 2 8 8 11 11 11 8 10 13 10 8 4 8 5 12 10 8 12 13 6 12 4 14 6 3 10 13 9 8 8 11 7 8 
2 3 6 8 9 3 5 4 7 5 5 6 6 5 7 4 8 9 4 7 1 7 6 7 8 8 2 7 8 5 4 4 8 9 5 10 4 6 7 6 8 6 6 4 7 10 5 9 10 5 8 7 6 5 7 6 8 5 3 8 7 5 6 9 6 3 2 5 8 7 7 8 7 0 5 5 4 9 4 5 5 3 6 6 7 6 4 10 3 8 6 5 7 2 6 4 2 5 7 5 2 8 7 6 5 6 5 8 1 7 7 6 6 4 6 6 8 6 6 5 7 6 8 8 4 5 11 5 5 3 8 10 4 8 4 12 3 3 8 6 7 10 7 7 9 7 4 7 4 6 7 4 4 7 8 1 6 4 7 8 8 5 3 6 6 8 5 6 7 5 2 7 5 8 10 5 10 3 4 6 6 10 5 8 4 7 9 6 5 6 3 5 4 7 6 4 4 6 5 7 
1 1 0 1 1 1 1 1 1 1 1 2 1 0 2 0 1 1 0 1 1 1 1 1 1 1 1 1 1 1 1 1 1 1 1 1 1 1 1 2 1 1 1 1 1 1 1 1 1 1 1 1 1 2 1 1 1 1 1 1 1 1 1 0 2 1 1 1 0 1 0 2 1 1 1 1 1 1 1 1 1 1 1 1 1 1 1 1 0 1 1 1 1 1 1 0 2 1 1 1 1 2 1 1 1 1 1 1 1 1 1 2 1 1 0 1 1 1 0 1 1 1 1 1 1 1 1 1 1 0 1 0 1 1 1 1 1 1 1 1 1 1 1 0 1 1 1 1 1 1 1 1 1 0 1 2 1 1 1 1 1 0 1 1 1 1 2 1 1 1 1 1 1 1 1 1 1 1 1 1 1 1 2 1 1 1 1 1 1 1 2 1 1 1 1 1 1 1 1 1 
8 11 3 10 14 10 8 12 15 12 11 8 16 5 1 9 14 8 9 6 11 8 4 11 9 8 7 11 3 6 6 10 7 8 7 7 14 10 8 11 7 12 5 11 6 7 9 14 11 10 17 16 9 10 7 11 16 11 11 9 5 14 7 9 3 11 12 10 3 9 9 8 10 7 11 8 3 15 5 7 9 6 6 10 14 10 8 10 7 7 13 12 13 10 14 14 7 5 11 14 11 12 10 9 15 7 14 8 12 16 10 12 16 14 7 14 10 11 17 12 9 13 2 14 10 12 13 10 11 13 16 10 10 12 8 15 13 12 13 6 14 12 8 3 11 15 6 0 9 10 17 8 11 10 17 17 12 5 8 13 9 8 10 8 7 8 6 14 11 5 6 15 9 5 9 11 5 15 14 15 12 19 10 8 10 10 7 11 13 4 11 9 4 9 13 14 9 11 15 9 
3 3 1 3 2 5 2 1 4 4 3 5 3 3 3 3 2 3 3 4 2 4 3 1 3 3 3 4 2 4 3 4 2 3 4 5 4 3 5 2 4 5 3 2 3 4 3 3 2 2 3 3 3 2 4 2 2 3 2 1 5 3 4 4 2 1 1 2 4 2 2 3 4 1 4 1 2 5 3 1 3 2 3 4 3 3 3 3 3 1 1 4 3 3 4 3 3 2 2 2 3 5 4 4 4 2 3 4 3 3 3 4 2 4 3 5 3 3 5 3 3 4 2 3 4 2 3 2 3 3 3 3 3 2 3 3 1 4 3 3 1 3 4 3 4 1 5 3 3 2 2 2 4 2 4 4 4 5 0 3 4 2 4 4 4 4 4 2 2 2 3 4 3 3 3 2 3 1 3 3 2 3 1 3 4 2 2 2 2 4 5 2 1 3 5 3 2 3 2 5 
