NAME  : Jabali_50_3_0.85_1_2
TYPE : SVRP
MODEL : FINITE_SUPPORT
NUMBER_OF_SCENARIOS : 200
DIMENSION : 50
EDGE_WEIGHT_TYPE : MATRIX
CAPACITY : 100
N_VEHICLES : 3
NODE_COORD_SECTION
1 4406 4659
2 5043 6912
3 6656 1715
4 1603 3833
5 8085 2823
6 278 4430
7 5926 1478
8 1166 5418
9 1451 3649
10 4338 2982
11 27 5163
12 6404 5799
13 3770 786
14 2729 282
15 6122 3802
16 4650 2144
17 5551 6449
18 3590 7047
19 3172 4136
20 5544 2859
21 2068 5195
22 2572 3145
23 5833 3777
24 3020 785
25 6191 5136
26 3986 7745
27 6563 2782
28 7705 1616
29 6698 2175
30 7403 2338
31 4572 6296
32 2036 3704
33 1092 5160
34 506 4994
35 2968 1721
36 28 5306
37 3429 1020
38 3987 7518
39 4479 656
40 3481 271
41 1096 4075
42 3514 5088
43 4197 1192
44 6292 6654
45 6708 7077
46 2691 18
47 8217 2257
48 5779 3022
49 7527 4936
50 3978 1467
DEMAND_SECTION
1 0.0
2 10.0
3 3.0
4 2.0
5 1.0
6 9.0
7 3.0
8 9.0
9 6.0
10 4.0
11 3.0
12 4.0
13 7.0
14 2.0
15 4.0
16 5.0
17 1.0
18 10.0
19 6.0
20 6.0
21 9.0
22 1.0
23 2.0
24 8.0
25 8.0
26 4.0
27 2.0
28 2.0
29 9.0
30 7.0
31 2.0
32 7.0
33 1.0
34 9.0
35 10.0
36 6.0
37 2.0
38 8.0
39 5.0
40 7.0
41 9.0
42 3.0
43 9.0
44 3.0
45 2.0
46 2.0
47 1.0
48 8.0
49 10.0
50 6.0
DEVIATION_SECTION
1 0.0
2 3.33333
3 1.0
4 0.666667
5 0.333333
6 3.0
7 1.0
8 3.0
9 2.0
10 1.33333
11 1.0
12 1.33333
13 2.33333
14 0.666667
15 1.33333
16 1.66667
17 0.333333
18 3.33333
19 2.0
20 2.0
21 3.0
22 0.333333
23 0.666667
24 2.66667
25 2.66667
26 1.33333
27 0.666667
28 0.666667
29 3.0
30 2.33333
31 0.666667
32 2.33333
33 0.333333
34 3.0
35 3.33333
36 2.0
37 0.666667
38 2.66667
39 1.66667
40 2.33333
41 3.0
42 1.0
43 3.0
44 1.0
45 0.666667
46 0.666667
47 0.333333
48 2.66667
49 3.33333
50 2.0
DISTANCE_MATRIX
0.0 34.9516 56.2735 43.4166 55.5717 56.3649 51.174 47.0319 41.7732 24.1297 59.8643 31.3607 54.0475 63.8478 25.4929 33.3437 34.0187 35.278 19.105 34.1289 38.0876 32.5576 25.1086 56.7491 26.0768 43.4721 40.5146 62.0462 48.509 52.4214 24.9904 36.2215 46.4217 53.6155 44.1332 60.5227 54.0299 41.2417 53.0226 61.8527 46.1736 14.2127 46.9882 38.7619 46.2144 66.5869 60.9555 35.3553 41.7612 44.9373 
34.9516 0.0 69.5023 66.4831 67.2681 72.0 72.4193 56.2228 64.0338 56.6461 70.7107 29.025 85.7249 95.1261 42.1609 65.8601 8.94427 18.868 45.6508 55.0107 46.2709 60.9016 42.3857 88.0274 26.4764 17.8885 56.5216 77.025 64.7463 67.0356 10.2956 60.407 58.0775 66.1891 75.4115 70.859 85.7073 16.6433 85.539 93.5301 65.7847 32.6956 79.5046 17.2047 22.1359 97.8652 73.8241 52.6746 40.7063 76.6147 
56.2735 69.5023 0.0 79.0861 24.0832 97.3303 10.8167 89.7463 78.9041 38.6462 102.25 58.4773 40.1123 55.0091 27.5976 28.9301 61.8466 89.1163 58.4051 22.2148 80.8021 63.0585 28.5131 49.366 44.9444 86.5852 13.4164 15.0 5.65685 13.0384 67.505 72.524 89.1361 95.8581 48.4665 102.996 43.566 84.9174 32.0624 46.0435 85.2503 63.5456 33.541 63.1585 68.884 57.0088 22.561 21.1487 43.8634 35.4401 
43.4166 66.4831 79.0861 0.0 90.7359 19.6977 69.5677 24.3516 2.82843 40.4599 28.6356 74.0308 48.7647 49.0408 62.46 51.6612 68.7314 55.8176 24.3311 56.8595 22.2766 16.2788 59.2978 44.1814 69.4622 65.6898 70.1783 89.7239 74.5036 82.2109 56.5155 7.28011 21.8403 23.0868 32.9848 29.6142 44.1475 63.8697 56.1329 52.469 8.06226 34.3657 48.6001 78.4092 85.7088 51.1566 93.0055 58.8303 84.9294 44.7321 
55.5717 67.2681 24.0832 90.7359 0.0 107.615 33.2415 100.422 90.1388 50.9902 112.932 56.5395 64.0078 79.0063 31.4006 47.8459 58.6941 82.0213 69.0694 34.0 91.4779 75.1798 34.0588 73.1095 40.7922 84.6463 20.5913 16.2788 20.0998 11.0454 65.5672 83.7616 99.812 106.548 70.9724 113.668 67.1863 82.9795 56.1427 70.1142 96.0208 69.3199 57.1402 56.0089 59.5399 81.0555 7.28011 31.9061 30.5941 58.5491 
56.3649 72.0 97.3303 19.6977 107.615 0.0 87.8119 16.7631 18.868 58.7963 10.198 84.6902 68.3081 67.2681 78.7117 69.9054 76.4199 56.8859 38.833 74.3303 26.4764 35.5106 75.5494 63.1506 81.5601 65.9697 87.3212 107.171 92.145 99.8248 63.1981 25.0 14.3178 7.81025 52.4976 11.1803 63.6003 64.5368 75.7971 71.5891 12.2066 43.9659 68.2643 86.5794 93.2631 69.1158 110.535 75.9276 97.8689 64.3964 
51.174 72.4193 10.8167 69.5677 33.2415 87.8119 0.0 80.7213 69.3857 29.1278 94.3409 61.3943 31.1448 46.2709 30.4801 18.4521 64.7636 84.0168 50.2243 25.0972 71.8687 53.5401 31.3956 40.0 47.8376 92.2109 16.612 25.807 13.1529 22.561 70.4221 63.0056 79.6003 87.9482 38.0013 95.157 34.0147 89.9805 24.3516 37.855 75.7318 58.4461 24.0 66.0815 71.9092 48.5077 32.8938 24.0312 47.8376 25.318 
47.0319 56.2228 89.7463 24.3516 100.422 16.7631 80.7213 0.0 21.8403 54.1295 14.8661 71.2776 70.2746 72.6911 72.5241 64.8609 61.3922 40.3113 31.4442 67.6197 14.1421 35.1283 72.1399 67.1193 69.4887 49.2443 80.1894 100.384 85.3585 92.9093 48.0521 25.02 2.82843 10.0 55.0 15.2315 66.0303 47.8539 77.44 75.0067 17.4929 34.297 69.9072 71.5891 77.9295 74.9667 103.499 68.8463 86.3608 66.0392 
41.7732 64.0338 78.9041 2.82843 90.1388 18.868 69.3857 21.8403 0.0 40.3113 27.2029 72.1269 50.2195 51.1566 61.5336 51.4792 66.4831 53.0132 22.8035 56.4004 19.4721 16.6433 58.3713 46.0435 67.7422 62.8853 69.6348 89.5419 74.128 81.8352 54.1295 6.40312 19.4165 21.3776 34.5254 28.1603 45.7056 61.0652 57.4491 54.231 6.7082 32.1403 49.9163 76.2365 83.4865 53.3385 92.6175 58.2495 83.4326 46.0483 
24.1297 56.6461 38.6462 40.4599 50.9902 58.7963 29.1278 54.1295 40.3113 0.0 65.4599 52.9196 31.9252 45.2829 27.1662 11.2213 56.2889 56.6234 23.0868 17.088 45.1907 24.4131 24.3311 37.6056 42.1932 65.114 30.4631 49.284 34.2584 41.961 46.6849 33.9411 53.2353 59.0762 29.9114 66.2873 31.9075 62.8799 30.9002 39.7303 46.6905 31.1448 24.8658 59.6343 66.6381 48.024 52.7556 19.6469 52.6118 22.8149 
59.8643 70.7107 102.25 28.6356 112.932 10.198 94.3409 14.8661 27.2029 65.4599 0.0 86.1366 77.3692 77.1038 85.3565 76.4344 76.1577 54.0 43.8634 80.0562 28.3019 43.4626 84.7196 72.6911 84.3477 62.2896 92.6988 112.888 97.8622 105.418 62.8172 32.6956 13.8924 6.40312 61.6117 1.0 72.7805 61.131 84.6416 81.0494 20.6155 47.1294 77.1088 86.3481 92.5743 79.0253 116.008 81.3449 101.22 73.2409 
31.3607 29.025 58.4773 74.0308 56.5395 84.6902 61.3943 71.2776 72.1269 52.9196 86.1366 0.0 78.9826 92.7286 31.1359 57.3654 21.3693 43.4819 50.0488 43.9857 66.1029 63.9181 31.3607 85.0592 16.2111 46.108 45.4966 66.0 53.7214 56.0106 27.0278 49.0 72.4928 81.6308 74.3823 86.5061 79.3346 44.4401 76.0907 86.7728 75.7533 40.7805 71.5665 25.4012 32.8537 95.4586 62.9351 41.6497 33.0832 70.0898 
54.0475 85.7249 40.1123 48.7647 64.0078 68.3081 31.1448 70.2746 50.2195 31.9252 77.3692 78.9826 0.0 15.1327 51.0 21.6333 82.3519 86.0431 47.0203 37.1618 62.9121 35.2666 48.8774 9.48683 68.2422 94.1071 47.6592 53.3667 44.0114 53.0377 75.7637 45.3982 68.3984 71.5891 15.8114 78.339 5.0 91.8885 9.43398 7.81025 56.7539 60.0398 7.61577 85.6973 92.7011 17.4642 62.514 40.3113 75.7694 9.21954 
63.8478 95.1261 55.0091 49.0408 79.0063 67.2681 46.2709 72.6911 51.1566 45.2829 77.1038 92.7286 15.1327 0.0 65.3911 35.8469 96.0979 91.9203 51.9717 51.8652 66.5688 39.2173 63.0714 7.81025 82.0022 101.388 62.0947 67.7422 59.0762 68.0 85.1649 47.8539 70.4557 72.0 19.7231 78.1025 13.4164 99.1868 23.1948 9.48683 57.0088 64.9912 22.561 100.13 106.447 2.82843 77.2334 55.0273 90.4765 22.8473 
25.4929 42.1609 27.5976 62.46 31.4006 78.7117 30.4801 72.5241 61.5336 27.1662 85.3565 31.1359 51.0 65.3911 0.0 29.5466 34.4819 56.6178 40.1643 14.2127 63.5799 48.2701 3.16228 57.9396 18.6011 59.2439 15.0333 36.6742 23.0217 27.2029 40.1637 55.2649 71.914 79.0211 50.8212 86.015 52.0 57.576 47.1791 58.6686 67.179 39.241 43.4166 36.8917 43.4166 68.0294 36.2353 11.3137 25.4951 42.5441 
33.3437 65.8601 28.9301 51.6612 47.8459 69.9054 18.4521 64.8609 51.4792 11.2213 76.4344 57.3654 21.6333 35.8469 29.5466 0.0 60.7347 65.8374 33.6158 16.2788 55.9171 35.6336 27.2947 28.4605 46.6154 74.3806 28.1603 43.6727 30.8089 38.5162 55.8989 45.0991 64.0516 70.0417 23.1948 77.2505 22.4722 72.1501 19.7231 29.4109 57.8253 40.6158 14.2127 64.0801 71.0839 38.4838 49.3108 19.4165 54.7083 13.0 
34.0187 8.94427 61.8466 68.7314 58.6941 76.4199 64.7636 61.3922 66.4831 56.2889 76.1577 21.3693 82.3519 96.0979 34.4819 60.7347 0.0 26.9072 46.1736 47.355 50.0899 61.0983 34.73 88.4285 18.0278 26.8328 48.8365 69.0652 57.0701 59.0339 13.3417 62.1691 62.9682 71.1969 74.4786 76.4003 82.7039 25.5539 79.46 90.1421 69.029 34.3657 74.9358 10.198 17.0294 98.8279 65.3758 45.019 31.7648 73.4591 
35.278 18.868 89.1163 55.8176 82.0213 56.8859 84.0168 40.3113 53.0132 56.6234 54.0 43.4819 86.0431 91.9203 56.6178 65.8374 26.9072 0.0 40.2414 66.9716 33.541 55.1914 59.8226 84.7637 41.6773 10.0 70.9785 91.4819 84.7285 81.4925 16.5529 52.778 42.5793 50.2494 72.2056 54.0093 82.6757 8.06226 85.0182 91.8625 52.9245 26.9258 78.9838 36.0555 40.7185 94.6593 88.417 68.1981 57.8014 76.9329 
19.105 45.6508 58.4051 24.3311 69.0694 38.833 50.2243 31.4442 22.8035 23.0868 43.8634 50.0488 47.0203 51.9717 40.1643 33.6158 46.1736 40.2414 0.0 36.2353 22.4999 15.2643 37.002 44.8729 45.1774 49.7244 48.8366 69.0429 54.0173 61.5549 35.3553 17.1172 30.8058 37.4833 32.257 44.5982 42.7849 47.5368 53.2947 51.9717 27.7308 13.4536 47.2603 55.3173 62.8172 54.7083 72.1461 37.4833 60.6383 42.7849 
34.1289 55.0107 22.2148 56.8595 34.0 74.3303 25.0972 67.6197 56.4004 17.088 80.0562 43.9857 37.1618 51.8652 14.2127 16.2788 47.355 66.9716 36.2353 0.0 58.6755 41.1825 12.8062 44.643 32.5576 75.1658 13.4164 32.8525 17.8269 25.4951 53.0135 50.0 67.0075 73.6614 39.0 80.8084 38.6005 72.9353 33.0492 44.7214 62.482 41.4009 29.5466 50.6063 57.3847 54.4243 36.2353 3.16228 38.6264 29.1204 
38.0876 46.2709 80.8021 22.2766 91.4779 26.4764 71.8687 14.1421 19.4721 45.1907 28.3019 66.1029 62.9121 66.5688 63.5799 55.9171 50.0899 33.541 22.4999 58.6755 0.0 27.667 63.1956 60.3738 63.0744 43.4166 71.2452 91.4398 76.4143 83.965 37.0 19.237 14.4222 22.3607 47.8887 28.8444 58.6767 41.5933 70.0775 67.8598 19.6469 25.3527 62.5447 60.208 67.0298 69.0322 94.5546 59.902 79.3832 58.6767 
32.5576 60.9016 63.0585 16.2788 75.1798 35.5106 53.5401 35.1283 16.6433 24.4131 43.4626 63.9181 35.2666 39.2173 48.2701 35.6336 61.0983 55.1914 15.2643 41.1825 27.667 0.0 45.1221 32.7567 58.1378 64.6745 54.5894 73.6963 58.6707 66.3413 50.6063 10.7703 33.3766 37.3363 20.2237 44.3847 31.0312 62.4868 42.432 40.1995 23.3238 28.6007 34.8992 69.9503 77.5031 41.7852 77.1359 43.382 72.275 31.0312 
25.1086 42.3857 28.5131 59.2978 34.0588 75.5494 31.3956 72.1399 58.3713 24.3311 84.7196 31.3607 48.8774 63.0714 3.16228 27.2947 34.73 59.8226 37.002 12.8062 63.1956 45.1221 0.0 55.5428 19.799 59.4686 16.4924 38.3275 24.0832 29.1548 40.3884 52.1026 71.5298 78.6369 48.1462 85.6308 49.6588 57.8008 45.3892 56.6039 64.0167 38.8568 41.3401 37.8021 44.5982 65.7419 38.5876 10.2956 28.2843 40.2492 
56.7491 88.0274 49.366 44.1814 73.1095 63.1506 40.0 67.1193 46.0435 37.6056 72.6911 85.0592 9.48683 7.81025 57.9396 28.4605 88.4285 84.7637 44.8729 44.643 60.3738 32.7567 55.5428 0.0 74.3328 94.289 55.3263 62.8172 53.0377 62.2013 78.0661 42.107 65.0308 67.2681 12.6491 73.6817 6.08276 92.088 18.7883 8.544 52.2398 57.8924 16.0 92.4604 98.7777 10.6301 71.8471 47.8017 83.1685 15.5242 
26.0768 26.4764 44.9444 69.4622 40.7922 81.5601 47.8376 69.4887 67.7422 42.1932 84.3477 16.2111 68.2422 82.0022 18.6011 46.6154 18.0278 41.6773 45.1774 32.5576 63.0744 58.1378 19.799 74.3328 0.0 43.9659 31.6228 51.1566 39.8497 41.1096 25.2389 62.2896 70.7039 78.6023 67.2398 84.7172 68.6003 42.3792 65.1346 76.0263 71.8097 38.5351 60.803 18.3576 24.8395 84.7231 47.3814 29.8329 17.2047 59.3633 
43.4721 17.8885 86.5852 65.6898 84.6463 65.9697 92.2109 49.2443 62.8853 65.114 62.2896 46.108 94.1071 101.388 59.2439 74.3806 26.8328 10.0 49.7244 75.1658 43.4166 64.6745 59.4686 94.289 43.9659 0.0 73.6045 94.108 81.8293 84.1186 21.0238 62.6501 51.6624 59.0339 81.6732 62.2013 92.201 2.23607 94.0595 101.388 62.6498 36.4005 87.0478 34.0588 37.0135 104.127 91.0431 69.7576 58.5918 84.9969 
40.5146 56.5216 13.4164 70.1783 20.5913 87.3212 16.612 80.1894 69.6348 30.4631 92.6988 45.4966 47.6592 62.0947 15.0333 28.1603 48.8365 70.9785 48.8366 13.4164 71.2452 54.5894 16.4924 55.3263 31.6228 73.6045 0.0 21.8403 8.24621 13.0384 54.5243 63.2456 79.5776 86.3156 51.3517 93.4349 49.2544 71.9367 40.9305 54.4622 75.6042 53.9706 39.5355 49.7695 55.4707 65.0703 23.3452 11.4018 31.241 40.05 
62.0462 77.025 15.0 89.7239 16.2788 107.171 25.807 100.384 89.5419 49.284 112.888 66.0 53.3667 67.7422 36.6742 43.6727 69.0652 91.4819 69.0429 32.8525 91.4398 73.6963 38.3275 62.8172 51.1566 94.108 21.8403 0.0 15.2643 10.0499 75.0278 83.1618 99.7738 106.496 63.0714 113.634 57.28 92.4401 44.5533 58.4209 95.2911 74.1834 47.4342 68.2495 72.8011 69.4622 10.7703 31.7865 44.7772 49.7695 
48.509 64.7463 5.65685 74.5036 20.0998 92.145 13.1529 85.3585 74.128 34.2584 97.8622 53.7214 44.0114 59.0762 23.0217 30.8089 57.0701 84.7285 54.0173 17.8269 76.4143 58.6707 24.0832 53.0377 39.8497 81.8293 8.24621 15.2643 0.0 9.48683 62.7491 67.7249 84.7483 91.4703 51.1271 98.6084 47.0956 80.1614 36.4966 50.3587 80.2655 59.1578 37.054 57.9396 63.5059 61.2046 20.1246 16.7609 38.2099 38.4708 
52.4214 67.0356 13.0384 82.2109 11.0454 99.8248 22.561 92.9093 81.8352 41.961 105.418 56.0106 53.0377 68.0 27.2029 38.5162 59.0339 81.4925 61.5549 25.4951 83.965 66.3413 29.1548 62.2013 41.1096 84.1186 13.0384 10.0499 9.48683 0.0 65.0384 75.4321 92.2975 99.0353 60.5605 106.151 56.3205 82.4507 45.0999 59.0762 87.9659 66.6905 46.2709 58.2495 62.9365 70.0286 10.8167 24.0832 35.3553 47.8539 
24.9904 10.2956 67.505 56.5155 65.5672 63.1981 70.4221 48.0521 54.1295 46.6849 62.8172 27.0278 75.7637 85.1649 40.1637 55.8989 13.3417 16.5529 35.3553 53.0135 37.0 50.6063 40.3884 78.0661 25.2389 21.0238 54.5243 75.0278 62.7491 65.0384 0.0 50.2892 49.6488 57.8705 65.3491 63.0635 75.7461 19.0 75.5778 83.5689 56.2325 22.4722 69.5434 23.5372 30.0666 87.904 71.9629 50.6774 41.7732 66.6535 
36.2215 60.407 72.524 7.28011 83.7616 25.0 63.0056 25.02 6.40312 33.9411 32.6956 49.0 45.3982 47.8539 55.2649 45.0991 62.1691 52.778 17.1172 50.0 19.237 10.7703 52.1026 42.107 62.2896 62.6501 63.2456 83.1618 67.7249 75.4321 50.2892 0.0 23.0217 26.5707 30.0167 33.6155 41.1096 60.634 52.5733 50.0 12.8062 27.8927 45.0405 71.7008 79.0759 50.2195 86.2148 51.8652 77.666 41.1725 
46.4217 58.0775 89.1361 21.8403 99.812 14.3178 79.6003 2.82843 19.4165 53.2353 13.8924 72.4928 68.3984 70.4557 71.914 64.0516 62.9682 42.5793 30.8058 67.0075 14.4222 33.3766 71.5298 65.0308 70.7039 51.6624 79.5776 99.7738 84.7483 92.2975 49.6488 23.0217 0.0 8.24621 53.0377 14.4222 64.1249 50.2195 75.5638 73.0068 14.7648 33.6869 68.031 73.1642 79.6304 72.6911 102.889 68.2344 87.7173 64.163 
53.6155 66.1891 95.8581 23.0868 106.548 7.81025 87.9482 10.0 21.3776 59.0762 6.40312 81.6308 71.5891 72.0 79.0211 70.0417 71.1969 50.2494 37.4833 73.6614 22.3607 37.3363 78.6369 67.2681 78.6023 59.0339 86.3156 106.496 91.4703 99.0353 57.8705 26.5707 8.24621 0.0 55.9017 7.2111 67.082 57.7062 78.7935 75.5381 15.0333 40.8806 71.2607 81.3941 87.8237 74.027 109.625 74.9667 94.9111 67.3927 
44.1332 75.4115 48.4665 32.9848 70.9724 52.4976 38.0013 55.0 34.5254 29.9114 61.6117 74.3823 15.8114 19.7231 50.8212 23.1948 74.4786 72.2056 32.257 39.0 47.8887 20.2237 48.1462 12.6491 67.2398 81.6732 51.3517 63.0714 51.1271 60.5605 65.3491 30.0167 53.0377 55.9017 0.0 62.5859 11.1803 79.4721 23.8537 20.025 41.0 45.2765 16.9706 81.7835 89.236 22.4722 70.8537 42.0119 76.3159 13.6015 
60.5227 70.859 102.996 29.6142 113.668 11.1803 95.157 15.2315 28.1603 66.2873 1.0 86.5061 78.339 78.1025 86.015 77.2505 76.4003 54.0093 44.5982 80.8084 28.8444 44.3847 85.6308 73.6817 84.7172 62.2013 93.4349 113.634 98.6084 106.151 63.0635 33.6155 14.4222 7.2111 62.5859 0.0 73.7564 61.0737 85.6038 82.0366 21.587 47.7879 78.071 86.5852 92.7631 80.025 116.744 82.0917 101.589 74.203 
54.0299 85.7073 43.566 44.1475 67.1863 63.6003 34.0147 66.0303 45.7056 31.9075 72.7805 79.3346 5.0 13.4164 52.0 22.4722 82.7039 82.6757 42.7849 38.6005 58.6767 31.0312 49.6588 6.08276 68.6003 92.201 49.2544 57.28 47.0956 56.3205 75.7461 41.1096 64.1249 67.082 11.1803 73.7564 0.0 90.0 14.2127 9.48683 52.1728 55.8044 10.0499 86.0493 93.0531 16.1245 66.0984 41.7612 77.1622 9.48683 
41.2417 16.6433 84.9174 63.8697 82.9795 64.5368 89.9805 47.8539 61.0652 62.8799 61.131 44.4401 91.8885 99.1868 57.576 72.1501 25.5539 8.06226 47.5368 72.9353 41.5933 62.4868 57.8008 92.088 42.3792 2.23607 71.9367 92.4401 80.1614 82.4507 19.0 60.634 50.2195 57.7062 79.4721 61.0737 90.0 0.0 91.8291 99.1868 60.9262 34.2053 84.8292 33.2415 36.6197 101.926 89.3752 68.0897 57.3062 82.7782 
53.0226 85.539 32.0624 56.1329 56.1427 75.7971 24.3516 77.44 57.4491 30.9002 84.6416 76.0907 9.43398 23.1948 47.1791 19.7231 79.46 85.0182 53.2947 33.0492 70.0775 42.432 45.3892 18.7883 65.1346 94.0595 40.9305 44.5533 36.4966 45.0999 75.5778 52.5733 75.5638 78.7935 23.8537 85.6038 14.2127 91.8291 0.0 14.0 64.0438 60.2947 8.06226 82.8054 89.8059 25.02 54.0833 36.1476 71.5028 12.1655 
61.8527 93.5301 46.0435 52.469 70.1142 71.5891 37.855 75.0067 54.231 39.7303 81.0494 86.7728 7.81025 9.48683 58.6686 29.4109 90.1421 91.8625 51.9717 44.7214 67.8598 40.1995 56.6039 8.544 76.0263 101.388 54.4622 58.4209 50.3587 59.0762 83.5689 50.0 73.0068 75.5381 20.025 82.0366 9.48683 99.1868 14.0 0.0 60.531 64.9912 15.2643 93.4874 100.491 11.0454 68.0661 47.8539 83.2586 16.9706 
46.1736 65.7847 85.2503 8.06226 96.0208 12.2066 75.7318 17.4929 6.7082 46.6905 20.6155 75.7533 56.7539 57.0088 67.179 57.8253 69.029 52.9245 27.7308 62.482 19.6469 23.3238 64.0167 52.2398 71.8097 62.6498 75.6042 95.2911 80.2655 87.9659 56.2325 12.8062 14.7648 15.0333 41.0 21.587 52.1728 60.9262 64.0438 60.531 0.0 35.1283 56.511 79.0 86.0523 59.0762 98.7168 64.2028 87.9318 52.6431 
14.2127 32.6956 63.5456 34.3657 69.3199 43.9659 58.4461 34.297 32.1403 31.1448 47.1294 40.7805 60.0398 64.9912 39.241 40.6158 34.3657 26.9258 13.4536 41.4009 25.3527 28.6007 38.8568 57.8924 38.5351 36.4005 53.9706 74.1834 59.1578 66.6905 22.4722 27.8927 33.6869 40.8806 45.2765 47.7879 55.8044 34.2053 60.2947 64.9912 35.1283 0.0 54.2603 44.1022 51.3517 67.7302 74.7036 42.6274 54.8439 52.2094 
46.9882 79.5046 33.541 48.6001 57.1402 68.2643 24.0 69.9072 49.9163 24.8658 77.1088 71.5665 7.61577 22.561 43.4166 14.2127 74.9358 78.9838 47.2603 29.5466 62.5447 34.8992 41.3401 16.0 60.803 87.0478 39.5355 47.4342 37.054 46.2709 69.5434 45.0405 68.031 71.2607 16.9706 78.071 10.0499 84.8292 8.06226 15.2643 56.511 54.2603 0.0 78.2812 85.285 25.0 56.0892 32.6956 68.1542 4.12311 
38.7619 17.2047 63.1585 78.4092 56.0089 86.5794 66.0815 71.5891 76.2365 59.6343 86.3481 25.4012 85.6973 100.13 36.8917 64.0801 10.198 36.0555 55.3173 50.6063 60.208 69.9503 37.8021 92.4604 18.3576 34.0588 49.7695 68.2495 57.9396 58.2495 23.5372 71.7008 73.1642 81.3941 81.7835 86.5852 86.0493 33.2415 82.8054 93.4874 79.0 44.1022 78.2812 0.0 7.61577 102.173 63.0714 48.0104 26.4764 76.8044 
46.2144 22.1359 68.884 85.7088 59.5399 93.2631 71.9092 77.9295 83.4865 66.6381 92.5743 32.8537 92.7011 106.447 43.4166 71.0839 17.0294 40.7185 62.8172 57.3847 67.0298 77.5031 44.5982 98.7777 24.8395 37.0135 55.4707 72.8011 63.5059 62.9365 30.0666 79.0759 79.6304 87.8237 89.236 92.7631 93.0531 36.6197 89.8059 100.491 86.0523 51.3517 85.285 7.61577 0.0 109.177 66.7533 54.6717 29.0689 83.8083 
66.5869 97.8652 57.0088 51.1566 81.0555 69.1158 48.5077 74.9667 53.3385 48.024 79.0253 95.4586 17.4642 2.82843 68.0294 38.4838 98.8279 94.6593 54.7083 54.4243 69.0322 41.7852 65.7419 10.6301 84.7231 104.127 65.0703 69.4622 61.2046 70.0286 87.904 50.2195 72.6911 74.027 22.4722 80.025 16.1245 101.926 25.02 11.0454 59.0762 67.7302 25.0 102.173 109.177 0.0 79.1012 57.5847 93.0484 25.4951 
60.9555 73.8241 22.561 93.0055 7.28011 110.535 32.8938 103.499 92.6175 52.7556 116.008 62.9351 62.514 77.2334 36.2353 49.3108 65.3758 88.417 72.1461 36.2353 94.5546 77.1359 38.5876 71.8471 47.3814 91.0431 23.3452 10.7703 20.1246 10.8167 71.9629 86.2148 102.889 109.625 70.8537 116.744 66.0984 89.3752 54.0833 68.0661 98.7168 74.7036 56.0892 63.0714 66.7533 79.1012 0.0 34.6554 37.855 57.9741 
35.3553 52.6746 21.1487 58.8303 31.9061 75.9276 24.0312 68.8463 58.2495 19.6469 81.3449 41.6497 40.3113 55.0273 11.3137 19.4165 45.019 68.1981 37.4833 3.16228 59.902 43.382 10.2956 47.8017 29.8329 69.7576 11.4018 31.7865 16.7609 24.0832 50.6774 51.8652 68.2344 74.9667 42.0119 82.0917 41.7612 68.0897 36.1476 47.8539 64.2028 42.6274 32.6956 48.0104 54.6717 57.5847 34.6554 0.0 35.4683 32.28 
41.7612 40.7063 43.8634 84.9294 30.5941 97.8689 47.8376 86.3608 83.4326 52.6118 101.22 33.0832 75.7694 90.4765 25.4951 54.7083 31.7648 57.8014 60.6383 38.6264 79.3832 72.275 28.2843 83.1685 17.2047 58.5918 31.241 44.7772 38.2099 35.3553 41.7732 77.666 87.7173 94.9111 76.3159 101.589 77.1622 57.3062 71.5028 83.2586 87.9318 54.8439 68.1542 26.4764 29.0689 93.0484 37.855 35.4683 0.0 67.6757 
44.9373 76.6147 35.4401 44.7321 58.5491 64.3964 25.318 66.0392 46.0483 22.8149 73.2409 70.0898 9.21954 22.8473 42.5441 13.0 73.4591 76.9329 42.7849 29.1204 58.6767 31.0312 40.2492 15.5242 59.3633 84.9969 40.05 49.7695 38.4708 47.8539 66.6535 41.1725 64.163 67.3927 13.6015 74.203 9.48683 82.7782 12.1655 16.9706 52.6431 52.2094 4.12311 76.8044 83.8083 25.4951 57.9741 32.28 67.6757 0.0 
DEMAND_SCENARIO_SECTION
0 0 0 0 0 0 0 0 0 0 0 0 0 0 0 0 0 0 0 0 0 0 0 0 0 0 0 0 0 0 0 0 0 0 0 0 0 0 0 0 0 0 0 0 0 0 0 0 0 0 0 0 0 0 0 0 0 0 0 0 0 0 0 0 0 0 0 0 0 0 0 0 0 0 0 0 0 0 0 0 0 0 0 0 0 0 0 0 0 0 0 0 0 0 0 0 0 0 0 0 0 0 0 0 0 0 0 0 0 0 0 0 0 0 0 0 0 0 0 0 0 0 0 0 0 0 0 0 0 0 0 0 0 0 0 0 0 0 0 0 0 0 0 0 0 0 0 0 0 0 0 0 0 0 0 0 0 0 0 0 0 0 0 0 0 0 0 0 0 0 0 0 0 0 0 0 0 0 0 0 0 0 0 0 0 0 0 0 0 0 0 0 0 0 0 0 0 0 0 0 
14 8 13 9 15 7 11 8 5 4 4 8 10 12 7 11 11 14 13 6 11 6 7 6 8 5 10 13 12 9 9 12 4 9 11 10 8 8 10 13 12 13 7 14 6 9 13 12 11 5 10 12 9 12 9 13 10 11 7 7 6 11 10 11 10 14 17 15 9 13 13 8 15 11 14 4 10 9 9 9 12 6 12 4 14 12 5 13 14 12 4 11 11 12 11 13 14 8 17 6 14 15 5 5 12 10 9 7 10 14 10 7 6 7 12 4 13 7 5 11 15 16 10 12 4 15 6 10 8 6 4 11 5 10 11 10 9 6 10 2 6 12 10 12 14 14 5 12 10 14 9 11 9 9 12 15 10 11 12 13 5 14 8 12 11 10 7 10 13 11 15 7 8 17 5 9 10 12 12 6 4 7 11 4 15 12 10 8 10 7 11 1 10 14 9 7 10 7 7 11 
4 3 4 4 4 4 2 3 2 3 1 4 3 4 2 4 4 3 3 1 3 3 3 5 1 3 3 3 3 5 2 3 3 3 4 4 2 4 2 4 3 4 2 4 2 4 1 4 2 4 3 4 4 5 4 3 4 3 4 4 3 6 3 3 3 4 3 2 2 1 2 3 4 3 3 3 3 3 5 4 3 4 3 2 4 4 2 3 2 2 2 2 3 2 3 4 3 3 3 2 2 2 1 5 1 4 4 4 6 2 4 3 2 4 4 4 2 3 4 4 5 3 4 5 4 4 3 4 2 5 2 3 2 3 3 3 3 2 1 1 3 4 4 4 2 3 1 1 2 2 3 3 3 2 1 3 2 3 4 3 4 3 3 3 2 3 2 3 4 1 4 3 2 5 3 1 5 2 4 5 4 3 2 2 4 2 1 2 4 3 3 3 3 2 3 4 3 1 3 5 
2 2 0 2 2 2 3 2 3 1 2 2 2 1 2 2 3 2 2 1 1 2 1 3 2 3 1 2 3 2 2 2 2 2 2 1 2 3 2 1 2 3 3 1 2 2 2 1 1 1 2 2 2 1 2 3 2 2 2 2 2 1 2 2 2 3 2 3 2 2 2 2 2 1 2 1 2 2 4 1 2 3 4 2 2 2 3 3 2 1 2 2 1 3 2 3 2 1 2 2 2 1 3 2 2 2 2 2 1 2 2 3 2 2 2 3 1 1 2 2 2 1 2 3 2 2 2 2 2 2 2 2 2 3 1 2 3 2 2 4 3 2 2 2 3 1 1 2 2 1 2 2 2 1 2 1 3 2 1 2 3 2 2 3 2 2 2 3 3 1 3 2 0 2 2 2 1 2 3 2 3 3 2 2 1 2 1 2 2 3 2 2 2 1 2 2 2 2 1 2 
1 1 1 1 1 1 1 1 1 2 1 1 1 0 1 2 1 1 1 1 1 1 2 1 1 1 0 1 1 1 1 1 1 0 1 1 1 1 1 1 1 0 1 0 1 1 1 1 1 1 1 1 1 1 1 1 1 1 1 1 1 1 1 1 1 1 1 1 2 1 1 1 1 0 1 1 1 1 2 1 2 1 1 1 1 1 1 1 1 1 1 2 1 1 1 1 1 1 1 0 1 1 1 1 1 1 0 1 1 1 1 2 1 1 1 0 1 1 1 1 1 1 1 1 1 1 1 0 1 1 1 1 1 2 1 2 2 1 1 1 1 1 1 1 1 1 1 1 1 1 0 1 1 1 1 1 1 1 1 1 1 1 1 1 1 1 1 1 1 1 1 1 1 1 1 1 1 1 1 1 1 2 1 1 2 1 1 2 1 1 1 1 1 1 1 1 1 1 1 0 
9 8 4 12 9 10 8 7 8 9 3 3 10 11 10 8 11 8 11 11 5 10 7 6 13 6 10 13 12 5 8 12 7 7 9 12 12 10 6 4 8 8 9 9 9 8 7 7 7 12 5 6 10 13 7 7 14 10 11 11 9 8 6 6 13 11 9 6 11 13 12 3 13 3 6 9 9 10 18 7 9 10 13 8 13 10 12 9 8 6 9 13 13 17 12 11 8 9 11 8 7 14 6 4 8 10 9 1 5 6 7 8 7 9 15 10 15 11 13 11 9 10 11 13 6 11 7 9 11 11 4 11 9 6 6 8 10 12 4 8 14 8 5 9 10 6 12 12 10 8 10 7 9 9 7 5 13 13 7 8 13 13 2 14 13 9 10 6 8 5 9 7 13 6 10 8 8 1 13 9 6 13 16 9 10 9 11 6 5 11 16 14 10 19 15 10 14 12 8 9 
3 4 2 2 3 5 4 3 3 3 4 4 3 3 3 2 5 3 3 4 3 3 3 3 3 5 3 5 3 1 4 3 5 4 3 1 3 2 5 3 2 3 1 4 2 3 4 4 2 2 3 3 3 2 3 3 5 4 4 4 2 3 2 3 2 3 4 3 3 3 4 3 4 4 2 2 3 1 3 2 2 4 2 4 3 2 5 3 2 3 3 3 4 2 3 2 3 3 2 3 4 3 4 4 2 3 3 2 2 3 3 4 2 4 3 3 5 4 1 3 4 3 3 4 2 3 5 2 3 3 2 3 3 3 2 2 3 3 4 1 4 4 4 3 3 2 2 2 4 3 4 2 2 3 3 2 3 3 3 2 3 3 3 3 2 1 3 5 3 3 4 2 2 4 4 2 3 3 3 3 3 3 5 2 2 4 2 3 2 5 4 3 3 4 3 3 2 3 5 2 
6 10 8 7 6 14 10 8 9 6 3 8 11 1 8 8 8 14 13 8 11 12 12 12 11 8 7 13 15 6 6 12 12 12 15 9 11 5 10 6 10 5 15 9 7 9 9 10 10 5 9 9 11 12 7 12 7 9 15 6 9 12 13 9 9 14 11 14 12 13 9 4 11 9 5 12 5 6 10 9 9 9 6 3 11 11 8 10 14 9 9 17 7 10 5 6 10 8 5 9 7 12 7 11 12 10 9 13 7 8 5 9 8 9 17 6 5 11 9 8 12 7 5 11 11 12 7 8 6 6 9 12 14 12 8 7 12 11 11 7 9 9 9 14 4 3 10 7 12 11 7 6 10 8 6 13 12 8 9 14 6 9 7 8 9 9 9 10 2 12 4 9 7 9 9 9 8 10 11 10 13 11 12 11 6 9 14 6 9 13 8 9 7 10 8 5 6 13 8 7 
8 2 6 8 7 8 9 5 9 8 7 8 5 6 6 5 7 5 7 8 9 9 4 3 3 1 8 5 8 1 7 7 5 4 4 10 8 6 8 5 9 7 8 4 3 2 6 2 9 5 5 5 5 8 6 5 7 1 8 7 6 10 5 5 4 6 3 6 5 7 6 7 8 7 7 7 5 8 6 8 4 8 5 10 7 5 2 7 5 11 5 6 5 1 4 4 9 9 7 3 8 7 7 10 6 5 6 5 10 6 4 6 8 4 8 7 7 5 6 6 5 4 7 9 8 10 4 8 3 6 8 8 4 9 6 6 7 11 3 8 6 9 1 7 3 6 6 5 6 6 4 6 7 9 4 5 7 6 4 7 4 6 4 4 9 8 9 6 8 5 6 7 5 9 7 5 5 3 7 7 7 7 7 7 5 2 4 6 8 2 7 7 6 4 7 5 9 3 6 10 
5 4 6 3 6 3 3 4 3 3 3 5 5 3 3 3 6 3 4 6 2 4 2 4 5 6 7 6 6 3 3 6 1 5 4 3 3 3 2 3 3 4 4 3 4 3 5 4 2 6 5 6 2 3 4 4 3 4 5 2 5 1 2 4 5 2 4 2 4 4 6 2 5 4 5 5 4 5 5 3 4 5 2 3 5 5 3 3 5 6 4 3 6 2 5 4 3 4 5 2 4 5 3 5 5 4 3 4 5 4 3 3 6 3 3 6 3 5 5 4 4 4 5 4 3 5 3 4 5 3 1 5 4 3 2 5 1 3 4 7 6 4 5 4 4 4 4 4 3 4 4 3 2 3 4 4 4 3 3 4 6 5 5 4 4 3 4 3 6 6 6 5 3 1 6 2 4 2 3 1 4 4 5 7 5 6 2 4 4 1 5 1 3 5 4 2 5 8 2 4 
3 3 3 5 5 4 2 3 4 1 3 3 1 2 5 2 4 3 2 5 2 4 4 4 5 3 3 2 3 4 3 2 2 3 3 3 3 3 2 2 4 4 2 3 3 3 3 3 4 3 3 2 4 4 2 2 4 4 1 4 3 4 2 3 3 4 4 2 3 4 4 4 4 3 4 4 4 3 4 3 4 4 5 2 2 4 3 2 4 2 2 3 4 4 4 3 5 1 4 3 3 3 3 3 3 3 5 3 5 3 3 2 3 4 4 3 2 2 2 3 4 2 3 4 3 3 4 3 6 3 3 4 4 3 2 4 3 4 3 3 3 3 4 2 5 2 3 5 5 3 2 2 2 2 4 2 3 2 3 3 4 2 2 3 2 2 3 3 4 1 3 3 1 4 4 3 5 4 4 2 1 4 4 2 4 3 4 3 4 5 3 5 4 4 2 2 2 3 2 1 
4 4 3 4 4 3 4 7 5 5 7 5 5 6 4 3 7 4 5 6 3 3 4 3 3 5 5 5 6 2 4 2 5 6 5 3 4 6 3 3 3 2 4 4 6 6 5 4 2 4 4 5 3 4 5 5 3 3 5 4 4 4 5 3 2 4 6 4 5 4 4 3 4 4 3 5 6 5 4 9 3 4 3 5 5 3 4 4 6 3 3 4 4 4 5 3 5 4 3 5 5 4 4 3 3 6 3 2 4 4 6 4 7 4 4 6 4 7 4 4 4 5 2 6 4 4 5 2 7 2 4 5 5 4 3 5 2 5 5 4 4 3 4 4 3 3 2 4 3 6 0 2 6 5 4 3 5 6 4 5 3 5 4 4 6 6 3 8 4 3 2 5 6 5 1 5 3 7 3 4 4 4 3 3 4 3 1 1 5 3 6 6 5 4 2 4 2 4 5 4 
8 7 7 6 6 10 8 5 4 6 8 7 11 5 8 6 8 2 9 8 6 5 6 6 1 10 6 9 8 8 6 6 4 8 7 5 10 11 8 4 7 7 6 3 4 7 8 8 9 6 6 4 6 12 9 9 6 12 7 5 3 5 7 5 10 8 8 8 0 11 5 6 9 13 5 6 11 8 10 8 4 2 3 6 7 5 10 7 4 6 6 5 7 7 6 6 9 3 11 6 8 8 8 9 5 10 7 9 11 6 9 4 8 6 8 9 7 9 8 11 5 10 8 9 6 9 5 10 5 5 11 5 4 5 5 12 8 7 8 9 10 11 6 7 11 8 9 9 11 9 8 6 12 8 3 10 9 6 7 0 2 7 9 2 9 8 7 5 7 6 8 10 9 8 5 3 9 5 7 7 7 4 6 9 9 9 6 7 8 6 9 10 5 9 7 6 6 5 6 8 
2 3 1 3 1 1 2 2 3 4 1 1 3 3 2 2 1 2 1 1 2 1 2 2 3 2 2 4 1 1 2 1 1 3 2 2 1 1 2 2 3 2 3 2 2 2 2 2 3 2 2 2 2 1 1 2 3 2 1 1 2 2 3 2 2 2 2 2 3 1 2 3 1 2 3 2 2 2 3 3 2 2 3 2 3 3 2 1 2 3 1 3 3 1 2 2 1 2 2 3 2 2 2 2 3 1 2 2 2 2 2 2 1 1 3 2 2 3 2 2 2 2 2 2 2 2 1 3 1 2 2 2 1 2 2 2 2 1 3 2 2 3 2 3 2 1 1 3 2 2 1 2 2 2 2 2 2 3 2 2 1 3 2 1 2 2 2 2 2 3 3 3 2 2 2 2 2 2 2 2 1 2 2 3 3 2 1 3 1 2 1 1 2 2 3 3 2 2 2 2 
5 4 2 2 3 6 4 4 7 3 6 5 4 4 3 3 4 4 3 4 2 5 3 4 6 4 4 5 5 5 3 2 3 3 3 5 4 3 7 4 3 6 5 5 3 3 3 6 2 5 4 6 3 4 3 4 4 3 5 5 4 5 5 3 6 6 6 3 4 4 2 4 3 2 5 4 3 3 3 3 0 4 4 4 5 4 4 2 4 3 5 5 2 4 4 3 1 3 3 2 4 2 7 4 6 4 3 3 6 4 2 1 7 3 4 6 4 2 4 5 4 5 3 5 5 6 5 6 3 4 4 3 6 4 5 6 4 3 0 2 5 2 4 2 7 5 5 7 5 2 4 5 4 2 4 6 2 2 6 4 4 2 4 4 5 3 4 4 4 4 2 4 3 3 1 2 5 4 4 4 3 2 5 4 6 4 6 5 2 2 1 5 1 6 5 4 3 3 4 5 
6 7 4 3 7 4 3 6 7 5 5 5 5 3 7 5 6 4 3 3 6 6 2 4 6 1 5 6 5 4 5 5 4 4 5 9 5 3 4 5 8 4 6 4 3 4 5 6 7 4 3 4 2 5 6 5 7 8 5 3 8 5 5 5 5 5 4 6 4 8 7 3 6 5 5 6 6 4 5 2 3 6 5 5 4 7 1 4 5 3 5 4 4 1 5 6 4 3 5 8 6 6 6 1 6 5 8 7 5 7 4 2 6 4 4 3 9 6 7 9 6 7 6 5 5 4 6 6 4 5 4 5 7 7 5 6 6 2 2 5 5 6 5 5 5 5 4 2 6 7 3 5 5 6 5 7 6 3 5 7 6 5 7 6 4 6 7 4 6 3 5 5 4 8 3 7 8 7 3 5 4 4 5 6 6 8 4 6 5 5 4 7 7 5 6 3 7 6 8 3 
1 1 1 1 1 1 1 1 1 1 1 1 1 2 1 0 1 1 1 1 1 1 1 1 1 1 1 1 1 1 1 1 0 1 1 1 1 1 1 1 1 1 1 1 1 0 1 1 1 1 1 1 2 0 1 1 1 1 1 1 1 0 1 1 1 1 1 1 1 1 1 1 1 1 1 1 1 1 1 1 2 1 1 1 0 1 1 1 1 1 1 1 1 1 0 1 1 1 1 0 1 1 1 1 1 1 2 1 2 1 1 1 1 1 2 1 1 1 1 1 2 1 1 1 1 1 0 2 1 1 1 1 1 1 1 1 1 1 1 1 1 1 1 1 1 1 0 1 1 1 1 1 1 2 1 1 2 1 1 1 1 1 1 1 1 1 1 1 1 1 1 1 1 1 2 1 1 2 1 1 0 1 1 1 1 2 1 1 1 1 1 1 1 1 1 1 2 1 1 1 
15 9 10 12 18 10 11 4 15 13 13 11 7 8 11 11 7 8 11 11 11 8 3 3 5 8 7 12 5 10 8 8 5 7 11 16 15 15 16 16 18 8 11 8 12 6 10 10 17 12 12 16 7 9 13 14 6 7 12 8 8 10 6 3 7 8 12 11 13 12 4 13 3 14 7 16 10 8 10 8 11 9 10 15 9 11 14 7 11 13 8 8 13 10 6 5 15 11 11 11 8 10 8 13 11 10 14 12 5 12 3 11 4 8 12 7 9 12 6 5 12 3 13 7 14 11 6 15 2 14 12 13 14 10 9 11 12 15 11 10 18 8 13 12 5 11 4 3 10 17 11 11 10 14 12 13 11 5 9 14 11 12 13 11 8 15 7 5 12 5 10 9 4 7 7 10 16 8 12 11 11 5 8 5 10 9 7 15 10 13 14 12 6 9 6 1 3 12 7 7 
4 7 7 2 7 5 5 5 9 6 8 9 7 4 7 10 3 4 8 5 5 8 6 7 7 7 6 9 9 5 8 7 5 9 7 5 4 4 6 7 6 6 10 5 8 10 7 5 7 5 7 4 6 7 8 8 9 5 8 8 8 6 4 2 0 6 5 5 7 9 6 6 6 6 3 4 5 2 5 7 6 8 4 8 6 3 9 6 6 7 7 4 6 3 6 10 7 6 3 3 5 6 9 4 11 8 9 5 5 6 6 4 3 6 6 5 5 8 6 5 6 9 6 7 4 6 6 5 8 4 4 6 3 4 3 9 4 7 4 9 7 8 5 6 6 7 9 2 3 6 4 6 6 8 8 6 4 6 7 7 3 5 8 3 9 5 7 3 6 5 7 6 12 7 7 11 8 4 9 3 6 5 6 3 5 6 7 7 5 4 5 6 2 2 4 8 7 5 10 7 
9 7 6 4 8 7 6 6 9 8 7 6 4 5 5 8 6 4 9 7 8 8 8 8 5 8 5 5 6 6 9 4 4 12 3 6 4 7 8 4 6 4 6 2 8 6 3 5 7 4 2 11 4 5 7 6 6 4 7 4 5 1 8 2 7 5 6 4 5 5 4 7 6 4 10 5 4 5 3 6 5 6 9 3 6 5 7 5 7 7 3 6 8 9 3 7 7 5 7 5 4 7 6 7 8 7 4 11 9 9 8 9 7 4 4 8 8 6 2 7 9 7 6 5 7 3 8 4 6 6 5 5 5 5 7 2 6 5 6 3 8 9 10 2 6 6 6 4 9 3 2 4 8 5 8 8 6 5 3 6 3 5 5 4 4 8 8 7 4 8 8 4 7 5 7 7 6 7 8 8 7 7 5 3 7 1 7 3 5 5 9 10 8 7 8 5 7 8 7 6 
9 13 14 11 22 12 8 6 9 11 8 6 20 4 4 11 11 10 5 12 12 15 2 10 14 9 12 9 14 5 3 10 10 8 12 12 7 11 9 11 8 14 11 13 6 11 10 5 13 13 10 6 10 15 8 6 7 10 8 7 8 14 13 10 7 11 9 5 4 6 12 12 3 11 8 13 12 5 8 10 11 6 13 9 10 10 10 9 4 9 10 7 8 11 8 8 9 19 11 8 11 7 10 9 9 4 12 9 10 7 9 17 13 9 10 8 6 11 10 8 9 13 6 9 13 13 10 10 7 7 7 9 7 14 8 8 13 11 9 15 8 5 13 9 13 9 8 8 6 12 8 12 16 13 13 10 5 14 12 4 6 13 14 7 12 10 8 9 8 7 7 7 13 8 11 11 12 8 12 7 7 4 9 13 6 10 11 10 1 12 10 8 8 10 8 9 11 10 14 8 
1 2 1 1 1 1 2 1 1 2 1 1 1 1 1 1 1 1 1 1 1 2 1 1 0 0 1 1 1 1 1 1 1 1 1 1 0 1 1 1 1 1 1 1 1 1 1 0 1 1 1 1 1 1 1 1 1 1 1 1 1 1 1 1 1 0 1 1 1 1 1 1 1 1 1 1 1 1 1 1 1 1 1 1 1 1 1 1 1 1 1 1 1 2 1 1 1 1 1 1 1 0 0 1 1 1 1 1 1 1 1 1 1 1 1 1 1 1 2 1 2 1 1 1 1 2 1 1 1 0 0 1 1 1 2 1 1 1 2 1 1 1 1 1 1 2 2 2 1 1 1 1 1 1 1 2 1 1 1 1 1 1 1 1 2 1 1 1 1 0 1 0 1 1 1 1 1 1 1 1 1 1 1 1 1 1 0 1 1 1 2 1 0 1 0 1 1 1 1 1 
2 3 2 2 3 1 2 3 2 2 1 2 3 1 3 2 2 1 1 1 1 2 3 2 2 2 3 2 2 3 2 2 2 2 2 1 2 2 1 2 1 3 2 2 1 2 3 1 2 2 2 1 2 2 1 2 2 2 4 1 1 2 0 3 3 3 2 1 2 2 2 2 2 2 2 1 2 2 3 1 3 2 2 2 3 3 2 3 1 3 2 2 2 1 2 3 2 1 2 2 2 1 2 3 2 3 2 2 2 0 3 2 1 3 2 2 1 1 3 3 1 2 1 3 0 1 2 2 2 2 2 2 3 2 2 1 2 3 3 3 1 2 1 3 3 1 1 2 3 2 2 1 2 3 2 2 3 2 2 3 3 2 4 3 2 2 2 3 1 3 3 2 2 1 1 1 2 3 2 1 1 3 2 1 2 1 2 2 0 2 1 3 2 2 2 2 2 2 2 3 
13 4 8 17 8 7 6 7 6 8 7 6 14 7 6 7 11 7 5 7 9 8 2 9 6 7 10 4 7 7 4 6 10 6 9 8 6 9 8 7 7 10 5 10 8 5 6 6 8 9 5 6 10 9 12 9 10 4 10 5 7 8 7 14 10 4 10 7 10 10 10 9 15 10 6 6 6 7 4 10 6 6 10 11 8 10 6 5 13 0 7 10 8 4 5 8 6 10 13 7 7 3 8 7 7 9 4 8 9 14 13 10 5 5 9 12 9 8 8 4 11 7 15 5 8 7 10 3 9 6 8 7 3 8 10 8 1 11 5 6 7 8 3 9 11 12 13 5 13 8 7 8 5 2 11 8 5 7 9 11 9 7 9 6 4 9 7 5 6 4 9 7 8 7 7 8 6 5 7 9 10 12 11 8 8 13 7 4 6 6 2 6 14 7 3 12 5 8 8 10 
8 10 9 6 9 10 11 9 8 7 12 9 5 10 7 6 11 13 8 5 5 9 10 7 9 10 12 4 9 6 12 8 5 9 9 7 6 4 8 9 12 12 11 7 8 9 9 11 12 7 6 8 8 6 8 3 8 7 6 7 12 10 11 8 7 7 4 9 4 9 7 8 5 9 7 4 6 6 6 9 11 10 8 7 7 8 8 8 8 8 8 11 10 9 6 6 7 8 7 9 6 11 8 10 2 8 5 8 11 4 8 7 10 10 7 8 5 12 8 3 9 8 12 7 8 5 6 8 7 7 9 4 6 5 3 7 10 9 12 9 9 15 5 5 7 6 10 7 8 9 9 13 8 9 9 9 9 10 9 9 8 1 9 3 9 9 10 9 8 3 13 7 17 15 11 8 9 4 0 9 9 5 9 12 9 10 10 8 10 6 5 9 9 11 8 10 9 2 12 5 
4 2 3 1 5 5 4 2 5 4 6 2 4 6 3 4 2 3 5 3 2 6 4 4 4 4 3 5 3 5 3 4 3 4 3 4 4 3 5 3 4 3 5 5 5 4 5 5 2 4 5 4 4 2 3 5 4 2 5 6 6 4 4 4 2 4 6 5 4 5 2 4 4 0 5 6 3 1 5 3 4 4 5 5 5 5 3 6 3 2 2 4 3 4 4 5 4 4 4 6 5 3 4 3 4 3 2 3 7 4 2 5 5 6 6 5 5 3 5 5 2 6 2 4 6 4 6 2 4 4 3 4 4 3 3 6 4 1 6 5 3 5 3 5 2 4 5 4 4 4 3 3 4 4 3 3 4 4 5 2 5 4 3 4 5 4 4 2 4 3 2 6 4 4 4 6 5 5 5 4 2 3 4 5 3 5 6 5 7 5 6 4 3 5 6 4 7 6 4 5 
2 4 2 2 3 2 2 0 2 3 2 1 1 1 1 2 2 3 4 3 2 2 1 2 3 2 2 1 1 3 2 1 3 1 2 2 2 2 1 1 2 2 2 3 2 1 1 1 2 2 2 2 3 2 1 3 1 3 1 2 2 2 1 2 1 2 2 2 1 1 3 1 1 1 3 2 2 2 3 2 2 1 2 2 2 3 3 1 2 2 2 2 2 2 3 2 3 3 2 2 1 3 2 2 2 2 2 3 3 3 2 4 2 2 1 2 1 2 3 3 1 1 2 2 3 1 1 1 2 1 3 3 2 3 2 2 1 2 2 1 1 2 2 2 3 2 2 1 2 2 2 0 1 3 2 3 2 2 2 2 2 2 1 2 3 1 2 3 2 2 2 3 3 2 2 3 2 1 1 2 1 2 3 2 1 3 1 1 2 3 3 1 2 2 1 2 1 2 2 2 
2 4 1 2 2 2 1 2 2 3 0 2 4 3 1 1 2 3 2 1 2 2 2 2 3 3 1 2 2 2 2 2 2 3 2 2 2 2 1 2 3 2 2 2 2 2 3 2 3 1 1 2 2 1 3 2 1 2 3 2 3 2 1 2 2 2 2 1 2 2 2 3 2 1 1 2 2 2 2 2 3 3 2 2 2 2 2 2 2 2 2 3 2 1 2 2 3 1 2 1 2 2 1 1 3 0 3 2 3 3 1 3 2 2 2 2 3 1 2 2 3 2 1 2 2 1 2 3 3 3 3 2 3 2 2 2 3 2 2 1 1 2 3 1 2 3 2 2 2 3 2 2 1 2 1 2 2 3 2 1 2 2 1 1 3 1 3 2 2 2 2 2 3 3 2 2 1 2 3 1 2 1 1 2 1 0 2 3 1 2 2 1 2 2 2 2 2 3 2 1 
9 7 13 11 13 11 9 9 8 10 11 13 9 11 7 10 7 7 11 8 12 17 6 8 9 11 8 13 9 10 6 4 7 10 7 8 13 6 9 13 9 9 13 7 7 9 8 12 16 8 4 7 11 14 4 15 8 5 7 5 11 13 14 12 8 7 7 12 10 11 9 12 5 8 12 13 7 13 13 4 10 11 2 12 9 8 7 12 14 10 13 6 10 7 5 9 8 5 5 10 8 7 14 9 13 12 7 5 9 9 11 8 13 11 8 8 12 3 12 10 12 11 12 12 14 10 6 16 9 17 9 10 0 5 10 8 8 9 10 10 13 10 6 5 6 10 12 10 7 9 12 9 14 8 15 10 13 13 8 11 5 11 10 10 11 12 10 11 17 14 11 8 5 10 7 5 10 9 12 10 10 8 5 7 8 7 9 6 14 15 11 10 11 10 11 7 10 10 4 11 
9 3 7 9 5 2 11 5 7 12 9 4 5 8 6 10 6 6 8 3 9 11 6 6 6 12 6 8 12 10 9 5 10 8 6 6 7 6 6 3 5 7 5 5 6 10 5 9 6 4 7 8 3 4 3 7 5 7 3 9 11 5 7 9 6 5 11 9 9 6 10 9 10 8 5 10 7 9 13 9 10 8 4 10 5 7 5 7 8 2 8 4 11 2 6 7 4 3 8 8 10 8 8 12 6 5 9 7 5 3 4 4 10 6 6 10 4 9 6 9 9 7 7 10 5 6 4 9 6 7 1 8 8 8 6 8 7 11 4 6 4 8 1 8 4 8 6 8 7 7 6 8 12 7 9 7 10 4 9 9 6 8 9 8 7 6 9 8 9 9 7 5 10 4 8 8 10 4 0 6 3 11 2 9 5 7 5 9 5 7 8 11 9 6 2 6 3 7 4 11 
3 1 3 1 2 1 2 3 2 1 2 2 3 0 2 2 2 2 3 2 3 3 2 3 1 3 1 3 1 2 3 2 1 2 3 3 2 3 1 2 2 2 2 2 1 2 2 2 2 2 2 3 2 2 1 3 2 2 2 3 1 1 2 1 2 1 1 2 2 3 3 2 1 2 2 3 2 3 2 2 2 2 0 3 1 2 2 2 2 2 3 3 2 2 3 2 2 2 3 3 1 2 1 1 2 2 2 2 2 2 2 2 2 2 3 2 3 1 1 2 1 2 3 2 3 2 1 2 1 3 2 2 2 2 2 2 2 2 1 1 2 2 1 2 3 2 2 1 3 2 2 2 3 2 1 3 3 2 2 2 2 3 1 1 3 2 2 1 1 3 0 2 2 3 2 3 2 2 2 1 2 2 2 2 2 3 2 2 1 1 2 2 2 2 3 2 2 1 1 1 
6 6 5 8 10 3 7 3 6 7 12 7 7 12 11 3 7 5 7 10 7 7 5 5 3 8 8 9 9 9 8 10 8 8 9 11 4 11 4 6 5 9 8 5 4 9 3 6 3 8 6 9 9 5 8 8 7 9 8 6 4 6 8 5 7 11 7 8 4 10 8 6 8 9 8 8 6 8 7 7 7 8 7 6 11 6 6 8 8 12 9 5 6 7 12 8 9 7 7 4 9 7 7 9 7 8 9 9 8 8 3 4 7 7 8 5 5 2 8 6 4 8 6 7 13 8 7 8 8 8 5 11 7 8 2 3 7 9 6 7 7 9 3 3 8 8 7 7 10 12 6 10 10 6 8 8 7 7 5 7 9 7 8 6 5 10 8 4 9 9 12 10 10 11 6 4 11 7 5 8 12 4 3 5 6 8 16 2 8 7 7 9 10 10 7 6 5 9 5 9 
2 1 1 1 0 1 1 1 1 1 1 1 1 1 1 0 1 1 1 1 1 1 1 1 0 1 1 0 1 1 1 1 1 0 1 1 1 1 1 1 1 1 1 1 1 1 1 1 1 1 1 1 1 1 2 1 0 1 1 1 1 1 1 1 1 1 1 1 1 2 1 1 1 1 1 1 1 1 1 1 0 1 1 1 1 1 1 1 1 1 1 0 1 1 1 0 2 1 1 1 1 0 1 1 1 1 1 2 1 1 2 1 1 1 1 1 1 1 1 1 1 1 1 1 1 1 1 1 1 1 1 1 1 2 1 1 1 1 1 1 1 1 1 1 1 2 1 1 1 1 1 1 1 1 1 1 1 1 1 1 1 1 1 1 1 1 1 1 1 1 1 1 1 1 1 1 1 1 1 1 1 1 1 1 1 1 1 1 1 1 1 1 1 1 1 1 1 1 1 1 
7 9 10 11 9 9 3 7 8 9 8 11 11 13 10 13 13 9 12 8 16 7 8 9 9 6 13 10 6 11 9 14 10 10 9 9 11 11 8 9 8 7 3 12 11 6 5 14 7 6 6 9 4 10 8 14 10 6 13 11 8 12 3 14 8 10 6 9 10 6 6 9 10 5 6 5 1 13 6 8 5 8 13 9 11 4 13 7 2 9 11 8 15 8 3 6 8 8 12 9 7 11 9 11 7 8 10 8 8 13 13 7 7 12 13 15 7 12 4 5 5 9 6 10 6 7 11 9 7 11 10 8 13 12 6 5 5 11 8 7 12 9 8 9 9 11 14 7 6 6 4 9 6 10 8 13 10 10 12 2 16 11 8 7 8 11 6 8 9 6 8 8 11 13 10 12 8 10 3 10 10 7 11 9 6 7 4 10 7 4 6 8 11 8 7 10 8 12 8 12 
9 13 9 4 15 7 11 5 12 8 8 10 6 6 12 11 12 14 8 9 15 7 7 13 12 11 7 12 8 14 13 10 2 15 6 9 6 9 13 4 11 9 16 10 8 13 7 15 13 12 11 9 12 11 7 9 9 8 8 8 10 7 6 9 9 5 12 12 11 7 13 9 4 3 6 15 10 13 6 10 9 9 8 9 7 11 4 10 16 5 8 10 11 11 16 14 11 6 9 12 8 13 14 11 7 8 3 9 4 7 10 6 11 14 11 13 10 5 10 4 7 11 5 16 8 13 7 6 10 8 11 17 6 12 7 10 7 2 20 10 5 14 12 11 13 12 13 13 3 9 8 12 3 5 12 13 8 9 14 10 10 10 9 11 18 8 10 10 6 7 12 8 9 4 9 2 11 8 7 9 8 13 9 8 8 9 7 13 10 6 11 10 14 0 13 7 5 10 8 10 
6 4 6 2 6 7 7 5 4 6 2 5 5 1 7 7 3 10 5 8 7 4 6 4 10 6 4 5 7 5 7 6 8 5 3 10 5 5 7 8 8 6 5 9 9 5 7 5 9 7 5 8 7 6 7 4 6 9 5 6 8 7 2 6 6 6 6 4 4 7 6 5 7 5 2 6 6 6 10 10 6 6 6 8 3 9 4 9 7 5 6 8 11 4 4 5 9 6 7 8 7 9 6 6 4 6 9 3 5 6 3 7 4 8 6 9 6 6 4 7 5 8 5 3 11 7 7 7 6 5 7 8 4 5 6 6 6 6 8 5 5 8 6 5 4 6 7 5 7 7 7 5 9 5 4 1 6 7 6 5 6 3 8 6 8 9 4 4 9 6 4 6 0 9 5 7 8 9 6 5 5 8 5 5 4 3 5 6 6 4 7 6 4 7 4 8 4 7 6 4 
2 2 2 2 2 3 2 3 2 2 1 3 1 1 2 2 3 2 2 2 2 2 1 2 1 2 2 1 3 2 2 3 2 2 2 2 2 3 1 3 3 2 0 2 1 1 2 2 2 2 2 2 1 1 2 1 2 1 3 2 2 2 3 3 2 2 2 2 2 2 3 3 3 1 1 2 2 1 3 2 3 3 2 3 2 2 3 3 2 2 1 2 3 2 2 3 0 2 2 2 2 2 1 2 2 1 2 2 2 1 3 2 1 1 1 3 2 2 3 2 2 3 3 1 2 3 2 3 2 2 2 1 2 2 3 2 3 2 2 2 2 2 3 2 2 2 3 2 2 2 2 0 1 2 3 2 3 2 3 1 2 4 2 2 2 2 2 3 2 1 3 2 2 2 2 3 3 3 2 2 2 2 3 3 2 1 3 3 1 1 2 1 1 3 3 3 2 2 2 2 
9 11 9 7 9 9 4 7 9 8 7 6 9 9 5 9 6 5 6 9 9 13 7 8 10 11 7 7 6 8 1 7 12 10 6 8 3 9 14 10 12 5 5 8 8 10 9 4 8 10 5 8 7 6 7 10 6 5 9 12 10 10 6 7 7 5 14 10 9 10 9 5 10 6 10 8 9 6 5 12 6 10 7 7 10 5 11 8 6 10 10 12 5 12 7 8 5 9 10 11 8 3 10 1 12 8 16 2 4 11 12 10 7 8 3 7 6 6 7 8 6 9 11 16 10 6 8 7 9 10 7 8 8 5 8 6 6 9 2 3 10 11 6 7 9 10 9 11 14 7 10 10 11 5 7 7 9 6 9 5 11 9 8 10 11 9 5 5 10 6 11 8 11 10 8 6 10 7 11 10 7 5 3 13 10 6 7 7 9 7 4 5 6 12 6 4 7 7 6 9 
5 4 5 2 5 4 8 3 6 4 5 4 7 5 9 5 8 6 3 3 6 6 4 3 4 3 6 5 5 3 3 6 7 6 7 2 3 5 4 6 8 6 6 6 3 5 2 6 6 7 8 6 5 5 6 5 3 4 4 7 3 3 6 3 4 4 5 5 7 8 6 4 3 4 3 3 3 6 6 4 5 5 4 6 6 4 3 0 5 3 3 8 6 5 5 6 2 4 4 5 7 5 6 5 4 8 3 6 5 6 4 4 5 5 6 6 8 7 5 6 5 7 4 2 7 7 4 5 7 4 4 4 8 3 3 1 4 5 3 5 3 9 6 6 5 7 7 6 5 5 6 4 9 7 2 2 5 2 10 6 3 1 8 8 3 3 4 6 6 6 3 5 3 6 7 5 5 6 5 5 2 7 2 4 5 6 6 5 4 1 3 6 8 5 5 4 5 5 3 4 
8 7 3 9 3 5 3 8 7 4 4 6 6 8 7 8 7 5 10 6 6 7 8 11 8 9 8 9 8 9 7 9 7 5 8 3 10 7 7 11 8 5 7 7 8 7 12 0 8 7 2 10 10 9 8 2 6 9 10 4 2 10 11 7 7 9 11 3 9 6 9 8 5 8 2 5 7 13 8 5 5 16 7 8 8 3 3 6 7 6 6 5 7 7 6 10 11 10 10 10 4 4 7 9 6 7 9 4 9 10 11 3 8 7 6 9 6 8 5 10 9 6 5 14 6 9 8 9 12 6 4 4 7 5 5 5 3 8 11 4 4 10 6 5 8 6 6 8 7 11 5 8 7 7 9 8 6 4 7 4 8 8 12 9 5 8 8 11 7 6 12 7 0 7 6 4 7 9 15 7 3 3 8 5 6 6 10 8 9 5 9 2 8 7 5 6 7 6 6 3 
11 8 11 7 12 10 7 13 5 11 13 8 14 12 9 2 11 11 8 12 14 14 14 11 13 10 7 15 7 8 7 8 6 5 12 7 12 9 10 7 14 9 8 7 11 8 9 11 6 6 7 7 10 7 8 10 10 11 3 9 3 7 5 1 10 11 12 11 7 10 11 5 7 17 10 8 12 4 7 13 10 13 19 14 15 13 11 13 10 4 6 9 8 5 13 9 9 10 8 15 3 15 15 7 10 9 8 15 5 12 10 10 10 6 11 11 9 12 3 11 13 10 7 11 8 10 10 11 8 11 10 7 12 10 9 6 5 14 7 12 8 15 7 12 5 5 6 5 8 8 14 8 11 6 8 8 6 7 15 12 7 13 7 11 5 10 9 15 6 7 4 15 6 9 8 13 4 6 11 13 10 5 8 16 2 6 17 11 8 7 11 12 6 15 13 10 14 7 7 5 
4 3 4 6 3 3 3 4 2 2 3 4 2 5 3 3 3 4 1 1 2 4 3 4 3 3 2 4 4 3 3 2 4 2 1 4 4 3 3 4 4 3 3 3 2 3 3 2 3 3 3 4 2 2 2 3 2 4 4 2 3 3 3 1 3 2 1 4 2 4 3 2 2 4 3 1 4 3 4 3 3 4 3 4 5 2 2 3 3 2 5 4 3 3 2 3 3 2 5 3 4 2 2 2 3 2 2 3 2 3 5 4 3 3 3 3 3 2 4 4 3 3 4 4 3 2 3 3 1 3 3 4 2 3 2 4 4 4 4 3 5 4 4 1 3 3 3 4 4 2 1 2 4 2 3 2 3 3 5 2 3 2 6 2 4 2 3 3 2 2 3 1 3 3 2 2 2 4 3 4 1 3 2 5 4 4 3 3 2 5 4 3 4 3 6 3 3 3 3 3 
6 8 6 8 5 9 3 6 9 8 11 7 6 12 3 10 12 10 8 10 9 6 5 14 9 10 9 6 11 13 5 11 13 7 9 3 11 11 11 6 9 6 15 4 8 10 8 9 13 12 11 10 13 7 12 8 7 10 6 14 11 6 9 12 13 8 15 13 10 9 8 8 7 12 1 7 5 12 8 3 9 12 11 10 9 7 11 12 5 14 7 6 13 15 10 7 12 7 5 10 5 12 2 15 12 5 12 7 8 11 4 9 5 12 13 11 13 5 11 11 9 11 9 6 7 9 9 12 13 11 14 7 5 6 7 6 6 10 8 5 11 9 9 13 11 9 8 8 7 9 5 13 8 10 8 10 6 11 7 10 9 7 11 12 10 12 2 12 8 10 12 3 3 12 10 5 6 8 8 9 9 9 8 6 4 12 2 11 10 11 3 9 10 11 13 6 10 14 5 6 
