NAME  : Jabali_50_3_0.90_1_6
TYPE : SVRP
MODEL : FINITE_SUPPORT
NUMBER_OF_SCENARIOS : 200
DIMENSION : 50
EDGE_WEIGHT_TYPE : MATRIX
CAPACITY : 102
N_VEHICLES : 3
NODE_COORD_SECTION
1 4114 3776
2 7753 2933
3 1566 2459
4 7917 4080
5 6616 5346
6 6378 3783
7 4074 971
8 3868 3524
9 2948 4103
10 6667 6260
11 1880 4514
12 4162 240
13 4211 1968
14 2814 6058
15 27 4984
16 2644 7533
17 7050 2192
18 3417 164
19 4350 18
20 5036 7073
21 2093 5475
22 3241 5643
23 1615 4502
24 3494 5972
25 5558 2919
26 8438 3460
27 7722 3476
28 3764 7465
29 5606 7401
30 4754 5174
31 4278 3732
32 5152 6182
33 7623 5704
34 6947 4312
35 4503 963
36 7934 3913
37 3590 5877
38 7016 6406
39 3141 7676
40 3426 7202
41 2123 2432
42 3702 5635
43 5962 6576
44 4256 7532
45 2715 3256
46 1668 6252
47 2531 2065
48 3594 7081
49 4713 5488
50 7172 3666
DEMAND_SECTION
1 0.0
2 6.0
3 2.0
4 3.0
5 3.0
6 2.0
7 5.0
8 8.0
9 7.0
10 6.0
11 9.0
12 7.0
13 9.0
14 5.0
15 7.0
16 4.0
17 2.0
18 5.0
19 6.0
20 2.0
21 8.0
22 1.0
23 10.0
24 5.0
25 9.0
26 8.0
27 2.0
28 8.0
29 9.0
30 9.0
31 9.0
32 6.0
33 7.0
34 3.0
35 1.0
36 3.0
37 7.0
38 4.0
39 1.0
40 8.0
41 6.0
42 10.0
43 10.0
44 8.0
45 5.0
46 4.0
47 7.0
48 4.0
49 2.0
50 6.0
DEVIATION_SECTION
1 0.0
2 2.0
3 0.666667
4 1.0
5 1.0
6 0.666667
7 1.66667
8 2.66667
9 2.33333
10 2.0
11 3.0
12 2.33333
13 3.0
14 1.66667
15 2.33333
16 1.33333
17 0.666667
18 1.66667
19 2.0
20 0.666667
21 2.66667
22 0.333333
23 3.33333
24 1.66667
25 3.0
26 2.66667
27 0.666667
28 2.66667
29 3.0
30 3.0
31 3.0
32 2.0
33 2.33333
34 1.0
35 0.333333
36 1.0
37 2.33333
38 1.33333
39 0.333333
40 2.66667
41 2.0
42 3.33333
43 3.33333
44 2.66667
45 1.66667
46 1.33333
47 2.33333
48 1.33333
49 0.666667
50 2.0
DISTANCE_MATRIX
0.0 49.7393 32.2859 50.9313 46.5556 30.4138 40.9599 4.12311 17.4642 51.0937 33.2415 50.8131 30.7602 36.8903 59.5063 55.9017 44.3847 51.1462 53.7661 46.5296 38.0132 28.9004 35.8469 30.8869 21.587 57.6281 48.4149 50.3289 52.5915 21.6977 1.41421 35.5091 56.1479 38.848 39.2607 50.9117 30.0167 55.5615 54.9181 48.0104 32.1854 26.9258 45.6977 50.9902 20.0 49.0918 31.1479 46.4004 24.5967 41.1096 
49.7393 0.0 80.7699 14.4222 35.7351 21.3776 57.3847 52.6972 66.6408 46.5296 82.7345 61.8466 49.4439 79.3708 109.128 93.0 14.0 70.5195 62.1691 66.9403 85.2837 71.6305 85.4225 70.7135 29.7321 11.1803 7.07107 81.3941 66.4831 51.2445 48.3735 56.6833 36.7967 20.8806 53.1413 13.0384 69.7264 46.8722 89.1403 82.0549 79.7889 67.0023 54.4243 78.1615 68.7419 94.601 75.0525 80.0562 54.0833 12.1655 
32.2859 80.7699 0.0 82.89 78.8143 62.2903 38.8617 28.3417 29.7231 80.4088 35.632 47.6962 31.8403 53.5661 57.1699 73.0958 69.7995 45.0 50.8534 74.1198 46.8917 56.0857 36.9258 55.8956 51.5197 89.1976 79.9809 75.7705 81.0835 51.0128 33.6373 64.3323 88.2088 70.9089 42.249 82.8059 55.0405 84.8766 75.2142 71.0205 19.8995 51.9839 75.0128 76.9769 17.0711 58.3735 19.0 71.6408 53.1856 72.8391 
50.9313 14.4222 82.89 0.0 26.0192 20.6155 66.4906 54.5619 66.5311 34.4819 82.6285 72.3395 56.6537 74.6726 109.193 85.8429 27.2029 80.2309 73.1095 57.1402 83.2906 67.624 85.3936 65.7875 34.9285 10.0499 7.61577 73.1095 55.3173 46.2385 49.5177 48.1664 23.0217 13.4164 62.8013 1.41421 64.846 34.0147 81.3019 74.5453 82.7895 62.3939 43.566 69.0072 70.8378 90.6201 81.7519 72.5603 48.3845 10.7703 
46.5556 35.7351 78.8143 26.0192 0.0 20.6143 68.8033 50.2753 54.3562 13.0384 69.9729 76.8139 57.9978 51.1724 90.3019 60.0167 42.2364 82.793 78.517 31.4006 61.4575 45.7631 72.7873 42.3756 35.7399 36.0 29.6142 47.0956 30.8707 27.8084 45.144 22.2036 15.6525 14.8661 66.4042 27.0 41.6025 15.8114 55.3263 48.6621 78.7138 40.1083 18.7883 43.0465 64.0359 67.2408 78.311 46.6905 26.6119 23.7697 
30.4138 21.3776 62.2903 20.6155 20.6143 0.0 49.0102 33.9706 46.3249 33.1121 62.434 56.3205 38.2884 58.1864 88.8369 72.111 23.2594 63.0079 57.7062 48.7035 64.4127 50.4461 65.192 49.385 16.0312 27.4591 18.3576 61.1882 51.4296 30.0167 29.0 37.0 29.6142 10.0499 46.0977 20.5183 48.3979 35.0341 68.593 61.4003 62.1898 45.6738 39.3583 58.5235 50.2494 73.4165 61.1523 59.4138 33.0151 10.8167 
40.9599 57.3847 38.8617 66.4906 68.8033 49.0102 0.0 37.0156 44.9444 81.301 54.4059 9.89949 14.7648 70.2232 75.06 89.753 44.7772 14.0 12.8062 85.1608 64.8845 62.997 55.7853 66.0565 33.0 68.352 60.4401 85.9314 91.1287 60.2349 41.0488 74.0463 78.1601 59.0339 5.0 65.7343 65.2014 83.223 90.1627 83.347 35.0 62.1448 85.789 87.1379 35.1141 76.5572 28.0713 81.8017 63.2349 55.9017 
4.12311 52.6972 28.3417 54.5619 50.2753 33.9706 37.0156 0.0 16.0 54.4828 31.0483 46.8688 24.3132 38.4378 57.0088 57.4493 46.4866 47.2019 49.8219 49.6588 37.1214 30.448 33.5261 32.451 23.7697 60.959 51.7397 52.3259 55.9732 25.0868 5.38516 38.8973 59.8676 42.5677 38.6155 54.4885 31.5959 58.9506 56.5571 49.7414 28.2412 28.5393 49.0868 53.4135 16.2788 48.5077 27.2036 48.1962 27.8568 44.5533 
17.4642 66.6408 29.7231 66.5311 54.3562 46.3249 44.9444 16.0 0.0 55.9507 16.1245 54.6443 32.8938 25.3181 42.5441 44.8479 61.8466 53.7401 57.6888 49.3491 21.2132 27.8377 18.868 31.1248 39.0512 73.7835 64.6607 50.9997 56.3128 26.5345 18.6815 39.562 67.426 54.4259 46.9574 66.5683 30.2697 60.4185 46.9662 42.7726 29.6226 27.2131 50.453 52.2062 13.0 32.7567 28.7231 46.87 28.4311 57.1402 
51.0937 46.5296 80.4088 34.4819 13.0384 33.1121 81.301 54.4828 55.9507 0.0 71.5674 89.3116 70.4956 51.6236 91.3728 56.4624 54.5619 95.2907 91.0147 24.7386 62.5284 47.0106 74.3436 43.1856 48.2376 44.3847 39.8121 42.3792 21.095 29.4029 50.6313 20.5183 14.3178 26.4008 78.9019 35.7351 42.5206 4.47214 50.9215 45.1885 80.3083 41.4005 10.4403 37.108 65.6305 67.3573 79.4064 43.382 28.178 35.2278 
33.2415 82.7345 35.632 82.6285 69.9729 62.434 54.4059 31.0483 16.1245 71.5674 0.0 63.3246 45.0999 23.3454 26.4197 41.5933 77.4919 60.632 66.4831 55.21 13.0384 25.865 2.82843 29.4692 54.7083 89.8888 80.7775 45.5469 63.7492 42.1513 34.5398 52.2627 83.0427 70.5232 57.4891 82.6657 30.0689 76.0353 44.5982 40.7922 27.3848 31.4753 64.1348 50.2627 19.4165 23.4307 34.632 40.4575 44.0479 73.2462 
50.8131 61.8466 47.6962 72.3395 76.8139 56.3205 9.89949 46.8688 54.6443 89.3116 63.3246 0.0 24.4131 79.8662 82.6075 99.396 48.3839 9.89949 3.16228 93.296 74.2428 72.8925 64.622 75.9097 40.6079 73.0068 65.7647 95.7846 99.264 68.3702 49.1841 82.1816 85.8429 66.1891 10.4403 71.4493 75.0546 91.2336 100.016 93.2002 42.5793 71.9981 93.9242 96.9911 44.2832 85.8662 35.3553 91.655 71.3702 62.0725 
30.7602 49.4439 31.8403 56.6537 57.9978 38.2884 14.7648 24.3132 32.8938 70.4956 45.0999 24.4131 0.0 58.0915 68.7435 78.3524 38.9487 27.8927 27.0185 74.3553 53.8516 51.3511 47.0106 53.3541 22.2579 59.8259 51.2671 73.229 80.3233 49.4295 30.2433 63.2409 67.3573 48.3348 14.8661 56.0383 52.499 72.4176 77.4602 70.6445 30.8707 49.4424 74.9835 80.1561 26.0192 65.521 25.807 69.0993 52.4295 45.9074 
36.8903 79.3708 53.5661 74.6726 51.1724 58.1864 70.2232 38.4378 25.3181 51.6236 23.3454 79.8662 58.0915 0.0 40.7063 20.5183 78.0 78.4292 82.9333 32.6956 12.3693 8.06226 25.0799 8.94427 56.3205 83.8153 75.4321 22.2036 41.2311 28.4605 37.4146 31.1127 64.2028 61.3514 72.3938 75.2728 9.84886 55.8659 21.9545 17.4642 53.4656 12.3693 42.638 27.0185 36.4966 16.1245 52.5661 17.1172 26.4008 67.9176 
59.5063 109.128 57.1699 109.193 90.3019 88.8369 75.06 57.0088 42.5441 91.3728 26.4197 82.6075 68.7435 40.7063 0.0 50.1597 103.465 76.9025 85.7088 73.3485 28.8444 44.6578 23.7065 48.2597 80.7775 116.284 107.187 60.1664 81.8596 66.0722 60.8358 71.0555 103.372 97.0878 79.0 109.06 48.8618 95.7212 55.5788 55.0818 40.1123 50.2682 82.9277 66.0984 42.9535 28.4429 47.2652 55.6597 64.6562 99.6444 
55.9017 93.0 73.0958 85.8429 60.0167 72.111 89.753 57.4493 44.8479 56.4624 41.5933 99.396 78.3524 20.5183 50.1597 0.0 94.0575 97.9589 102.463 32.249 28.6356 27.4591 42.5441 25.0799 73.7631 95.6564 88.1419 14.4222 39.2046 42.2966 56.3649 37.855 70.5762 73.2462 92.6547 86.7063 26.0 59.9333 6.40312 11.4018 72.9953 29.1548 46.0977 20.6155 56.0263 22.0227 72.0958 13.3417 39.1152 81.0247 
44.3847 14.0 69.7995 27.2029 42.2364 23.2594 44.7772 46.4866 61.8466 54.5619 77.4919 48.3839 38.9487 78.0 103.465 94.0575 0.0 57.3847 48.5077 71.8794 81.8841 70.0071 80.0062 70.1142 22.8035 25.0799 19.6469 83.9345 73.0517 51.9758 43.1741 60.1664 47.4342 28.2843 40.2492 25.9615 69.1158 55.8659 91.0433 83.7944 69.279 66.0681 60.9804 81.5966 62.0089 92.3662 64.661 81.8278 55.1873 20.0 
51.1462 70.5195 45.0 80.2309 82.793 63.0079 14.0 47.2019 53.7401 95.2907 60.632 9.89949 27.8927 78.4292 76.9025 97.9589 57.3847 0.0 11.6619 94.4034 71.8917 74.0228 61.9258 76.0258 47.0 81.6088 73.9797 95.9007 101.143 70.5078 52.4975 84.1781 92.1358 73.0274 17.4642 79.4292 75.1707 97.2127 100.132 93.3163 37.6962 72.1141 99.7787 97.3241 42.0119 83.3735 30.4631 91.771 73.0077 69.7209 
53.7661 62.1691 50.8534 73.1095 78.517 57.7062 12.8062 49.8219 57.6888 91.0147 66.4831 3.16228 27.0185 82.9333 85.7088 102.463 48.5077 11.6619 0.0 95.219 77.3692 75.7028 67.7792 78.8628 42.2019 73.3485 66.3702 98.7377 101.187 70.2932 51.107 84.1046 87.2983 67.4759 12.53 72.1734 78.0077 92.9368 102.969 96.1532 45.7056 74.9511 95.8472 99.9441 47.4236 89.0 38.4708 94.608 73.2932 63.0 
46.5296 66.9403 74.1198 57.1402 31.4006 48.7035 85.1608 49.6588 49.3491 24.7386 55.21 93.296 74.3553 32.6956 73.3485 32.249 71.8794 94.4034 95.219 0.0 44.9444 31.4006 56.9736 26.4764 58.3758 67.1863 61.0 17.8885 8.544 25.2389 46.1411 12.0416 39.0512 46.0977 82.8558 58.2151 26.3059 27.8568 26.4008 21.4009 74.0193 27.0185 14.3178 12.3693 59.0424 46.6154 73.1198 19.8494 21.9545 54.8219 
38.0132 85.2837 46.8917 83.2906 61.4575 64.4127 64.8845 37.1214 21.2132 62.5284 13.0384 74.2428 53.8516 12.3693 28.8444 28.6356 81.8841 71.8917 77.3692 44.9444 0.0 15.8134 13.9284 19.4165 59.3043 92.2532 83.8194 34.0 53.4883 37.2278 39.0512 42.2019 74.5273 69.8955 67.4166 83.8194 20.0 66.8431 32.0156 29.0172 39.5744 21.4238 54.0833 39.2046 30.0167 11.7047 45.8917 29.0172 35.8118 76.3663 
28.9004 71.6305 56.0857 67.624 45.7631 50.4461 62.997 30.448 27.8377 47.0106 25.865 72.8925 51.3511 8.06226 44.6578 27.4591 70.0071 74.0228 75.7028 31.4006 15.8134 0.0 27.6286 5.0 48.2597 76.5887 68.155 25.4951 39.8121 21.4709 29.4247 26.9258 58.8329 54.231 65.6533 68.1542 5.09902 51.4004 27.5862 21.6333 55.9851 5.65685 38.9487 28.8617 39.0161 23.0868 55.0857 20.5913 20.0 60.6405 
35.8469 85.4225 36.9258 85.3936 72.7873 65.192 55.7853 33.5261 18.868 74.3436 2.82843 64.622 47.0106 25.0799 23.7065 42.5441 80.0062 61.9258 67.7792 56.9736 13.9284 27.6286 0.0 31.2329 57.2451 92.6499 83.5284 47.2652 65.5129 44.9656 37.1618 54.0263 85.8571 73.2883 59.0339 85.4307 31.8325 78.692 45.8803 42.4264 25.6649 33.239 65.8985 52.0263 21.095 23.3452 32.9121 42.19 46.8623 76.0066 
30.8869 70.7135 55.8956 65.7875 42.3756 49.385 66.0565 32.451 31.1248 43.1856 29.4692 75.9097 53.3541 8.94427 48.2597 25.0799 70.1142 76.0258 78.8628 26.4764 19.4165 5.0 31.2329 0.0 49.0306 75.0 66.7083 21.095 34.9285 19.6469 31.305 22.8035 55.4437 52.4976 67.6564 66.4078 1.0 47.5079 24.2074 17.6918 55.7951 4.12311 34.6699 24.0416 40.8181 25.0599 54.8956 16.4012 17.4642 59.2284 
21.587 29.7321 51.5197 34.9285 35.7399 16.0312 33.0 23.7697 39.0512 48.2376 54.7083 40.6079 22.2579 56.3205 80.7775 73.7631 22.8035 47.0 42.2019 58.3758 59.3043 48.2597 57.2451 49.0306 0.0 39.2046 30.2324 65.3215 61.9814 33.7805 20.3961 46.578 45.2769 26.0768 30.2655 34.4384 48.0521 50.1596 71.5122 64.2573 50.5387 44.911 53.3865 64.5829 39.4917 70.0286 47.8666 62.3939 36.7805 24.1661 
57.6281 11.1803 89.1976 10.0499 36.0 27.4591 68.352 60.959 73.7835 44.3847 89.8888 73.0068 59.8259 83.8153 116.284 95.6564 25.0799 81.6088 73.3485 67.1863 92.2532 76.5887 92.6499 75.0 39.2046 0.0 9.21954 83.0542 65.307 55.3624 56.2228 58.0775 32.2025 22.561 64.195 9.0 74.0405 43.6578 91.1976 84.3801 89.0971 71.4703 53.6004 79.0253 77.1557 99.631 85.4345 82.3893 57.7235 16.6433 
48.4149 7.07107 79.9809 7.61577 29.6142 18.3576 60.4401 51.7397 64.6607 39.8121 80.7775 65.7647 51.2671 75.4321 107.187 88.1419 19.6469 73.9797 66.3702 61.0 83.8194 68.155 83.5284 66.7083 30.2324 9.21954 0.0 76.0601 60.0833 47.0744 47.0106 51.0882 29.7321 15.0333 56.5155 6.32456 65.7343 39.9625 84.0 77.026 79.8804 63.0635 48.0833 72.4431 67.9412 91.1972 76.8757 75.0267 49.6488 7.61577 
50.3289 81.3941 75.7705 73.1095 47.0956 61.1882 85.9314 52.3259 50.9997 42.3792 45.5469 95.7846 73.229 22.2036 60.1664 14.4222 83.9345 95.9007 98.7377 17.8885 34.0 25.4951 47.2652 21.095 65.3215 83.0542 76.0601 0.0 24.8395 32.6956 50.448 25.0 56.6127 61.0328 87.5313 74.0608 21.6333 45.6946 8.544 5.09902 75.67 24.2074 31.9531 6.40312 58.6981 31.9531 74.7705 5.09902 29.1548 69.2604 
52.5915 66.4831 81.0835 55.3173 30.8707 51.4296 91.1287 55.9732 56.3128 21.095 63.7492 99.264 80.3233 41.2311 81.8596 39.2046 73.0517 101.143 101.187 8.544 53.4883 39.8121 65.5129 34.9285 61.9814 65.307 60.0833 24.8395 0.0 31.0161 52.1292 17.088 35.0143 45.6946 88.8238 56.5155 34.7131 23.0868 33.0151 29.0 80.983 35.2278 12.083 18.6011 66.006 54.9181 80.0835 27.6586 28.1603 54.626 
21.6977 51.2445 51.0128 46.2385 27.8084 30.0167 60.2349 25.0868 26.5345 29.4029 42.1513 68.3702 49.4295 28.4605 66.0722 42.2966 51.9758 70.5078 70.2932 25.2389 37.2278 21.4709 44.9656 19.6469 33.7805 55.3624 47.0744 32.6956 31.0161 0.0 21.2354 13.9284 40.8782 32.8938 57.93 46.8188 18.6815 33.8708 39.2938 32.0156 50.9123 16.1555 24.0 31.6228 36.2215 44.3847 50.0104 30.0832 3.60555 39.6232 
1.41421 48.3735 33.6373 49.5177 45.144 29.0 41.0488 5.38516 18.6815 50.6313 34.5398 49.1841 30.2433 37.4146 60.8358 56.3649 43.1741 52.4975 51.107 46.1411 39.0512 29.4247 37.1618 31.305 20.3961 56.2228 47.0106 50.448 52.1292 21.2354 0.0 35.0468 54.7363 37.4364 38.7438 49.4975 30.4138 55.0992 55.2268 48.2597 33.5368 27.2947 45.2354 50.9313 21.4009 50.04 32.4992 46.6154 24.1868 39.6989 
35.5091 56.6833 64.3323 48.1664 22.2036 37.0 74.0463 38.8973 39.562 20.5183 52.2627 82.1816 63.2409 31.1127 71.0555 37.855 60.1664 84.1781 84.1046 12.0416 42.2019 26.9258 54.0263 22.8035 46.578 58.0775 51.0882 25.0 17.088 13.9284 35.0468 0.0 33.6155 36.0555 71.7414 49.0918 22.2036 24.7588 33.1361 26.4764 64.2318 21.4709 12.083 21.587 49.2553 46.8615 63.2851 24.5153 11.1803 44.5345 
56.1479 36.7967 88.2088 23.0217 15.6525 29.6142 78.1601 59.8676 67.426 14.3178 83.0427 85.8429 67.3573 64.2028 103.372 70.5762 47.4342 92.1358 87.2983 39.0512 74.5273 58.8329 85.8571 55.4437 45.2769 32.2025 29.7321 56.6127 35.0143 40.8782 54.7363 33.6155 0.0 20.2485 75.5381 24.4131 54.6717 12.0416 65.146 59.2368 88.1083 53.1781 24.7386 51.4198 77.1058 80.2122 87.0707 57.3847 39.6817 27.4591 
38.848 20.8806 70.9089 13.4164 14.8661 10.0499 59.0339 42.5677 54.4259 26.4008 70.5232 66.1891 48.3348 61.3514 97.0878 73.2462 28.2843 73.0274 67.4759 46.0977 69.8955 54.231 73.2883 52.4976 26.0768 22.561 15.0333 61.0328 45.6946 32.8938 37.4364 36.0555 20.2485 0.0 56.0357 13.9284 51.5461 27.5862 69.0072 62.0725 70.8084 49.0408 33.6155 57.4282 58.8103 77.2528 69.7709 60.075 35.171 8.94427 
39.2607 53.1413 42.249 62.8013 66.4042 46.0977 5.0 38.6155 46.9574 78.9019 57.4891 10.4403 14.8661 72.3938 79.0 92.6547 40.2492 17.4642 12.53 82.8558 67.4166 65.6533 59.0339 67.6564 30.2655 64.195 56.5155 87.5313 88.8238 57.93 38.7438 71.7414 75.5381 56.0357 0.0 61.9839 66.8013 80.8239 91.7625 84.9468 39.1152 63.7447 83.484 88.6566 38.0789 79.1202 32.3883 83.4016 60.93 52.345 
50.9117 13.0384 82.8059 1.41421 27.0 20.5183 65.7343 54.4885 66.5683 35.7351 82.6657 71.4493 56.0383 75.2728 109.06 86.7063 25.9615 79.4292 72.1734 58.2151 83.8194 68.1542 85.4307 66.4078 34.4384 9.0 6.32456 74.0608 56.5155 46.8188 49.4975 49.0918 24.4131 13.9284 61.9839 0.0 65.4599 35.3412 82.2192 75.4255 82.7054 62.9682 44.7214 70.0286 70.7672 91.1811 81.6679 73.437 49.0408 10.2956 
30.0167 69.7264 55.0405 64.846 41.6025 48.3979 65.2014 31.5959 30.2697 42.5206 30.0689 75.0546 52.499 9.84886 48.8618 26.0 69.1158 75.1707 78.0077 26.3059 20.0 5.09902 31.8325 1.0 48.0521 74.0405 65.7343 21.6333 34.7131 18.6815 30.4138 22.2036 54.6717 51.5461 66.8013 65.4599 0.0 46.8615 25.0 18.3848 54.94 3.16228 34.1321 24.3516 39.963 25.9422 54.0405 17.0294 16.5529 58.2495 
55.5615 46.8722 84.8766 34.0147 15.8114 35.0341 83.223 58.9506 60.4185 4.47214 76.0353 91.2336 72.4176 55.8659 95.7212 59.9333 55.8659 97.2127 92.9368 27.8568 66.8431 51.4004 78.692 47.5079 50.1596 43.6578 39.9625 45.6946 23.0868 33.8708 55.0992 24.7588 12.0416 27.5862 80.8239 35.3412 46.8615 0.0 54.231 48.7647 84.7761 45.8039 13.8924 40.1622 70.0983 71.5052 83.8742 47.0106 32.6497 36.1248 
54.9181 89.1403 75.2142 81.3019 55.3263 68.593 90.1627 56.5571 46.9662 50.9215 44.5982 100.016 77.4602 21.9545 55.5788 6.40312 91.0433 100.132 102.969 26.4008 32.0156 27.5862 45.8803 24.2074 71.5122 91.1976 84.0 8.544 33.0151 39.2938 55.2268 33.1361 65.146 69.0072 91.7625 82.2192 25.0 54.231 0.0 7.28011 75.1137 28.0179 40.4969 14.4222 58.1447 27.1662 74.2142 9.21954 35.9026 77.0584 
48.0104 82.0549 71.0205 74.5453 48.6621 61.4003 83.347 49.7414 42.7726 45.1885 40.7922 93.2002 70.6445 17.4642 55.0818 11.4018 83.7944 93.3163 96.1532 21.4009 29.0172 21.6333 42.4264 17.6918 64.2573 84.3801 77.026 5.09902 29.0 32.0156 48.2597 26.4764 59.2368 62.0725 84.9468 75.4255 18.3848 48.7647 7.28011 0.0 70.92 21.2603 34.8855 11.1803 53.951 26.9258 70.0205 2.0 28.6356 70.0071 
32.1854 79.7889 19.8995 82.7895 78.7138 62.1898 35.0 28.2412 29.6226 80.3083 27.3848 42.5793 30.8707 53.4656 40.1123 72.9953 69.279 37.6962 45.7056 74.0193 39.5744 55.9851 25.6649 55.7951 50.5387 89.0971 79.8804 75.67 80.983 50.9123 33.5368 64.2318 88.1083 70.8084 39.1152 82.7054 54.94 84.7761 75.1137 70.92 0.0 51.8834 74.9123 76.8764 16.9706 48.3848 7.28011 71.5403 53.0851 72.7386 
26.9258 67.0023 51.9839 62.3939 40.1083 45.6738 62.1448 28.5393 27.2131 41.4005 31.4753 71.9981 49.4424 12.3693 50.2682 29.1548 66.0681 72.1141 74.9511 27.0185 21.4238 5.65685 33.239 4.12311 44.911 71.4703 63.0635 24.2074 35.2278 16.1555 27.2947 21.4709 53.1781 49.0408 63.7447 62.9682 3.16228 45.8039 28.0179 21.2603 51.8834 0.0 33.541 26.4008 36.9064 28.2312 50.9839 19.799 14.4222 55.5492 
45.6977 54.4243 75.0128 43.566 18.7883 39.3583 85.789 49.0868 50.453 10.4403 64.1348 93.9242 74.9835 42.638 82.9277 46.0977 60.9804 99.7787 95.8472 14.3178 54.0833 38.9487 65.8985 34.6699 53.3865 53.6004 48.0833 31.9531 12.083 24.0 45.2354 12.083 24.7386 33.6155 83.484 44.7214 34.1321 13.8924 40.4969 34.8855 74.9123 33.541 0.0 26.6833 60.1463 57.9828 74.0104 33.121 22.2036 42.5441 
50.9902 78.1615 76.9769 69.0072 43.0465 58.5235 87.1379 53.4135 52.2062 37.108 50.2627 96.9911 80.1561 27.0185 66.0984 20.6155 81.5966 97.3241 99.9441 12.3693 39.2046 28.8617 52.0263 24.0416 64.5829 79.0253 72.4431 6.40312 18.6011 31.6228 50.9313 21.587 51.4198 57.4282 88.6566 70.0286 24.3516 40.1622 14.4222 11.1803 76.8764 26.4008 26.6833 0.0 61.8994 38.0789 75.9769 10.4403 28.0179 66.0384 
20.0 68.7419 17.0711 70.8378 64.0359 50.2494 35.1141 16.2788 13.0 65.6305 19.4165 44.2832 26.0192 36.4966 42.9535 56.0263 62.0089 42.0119 47.4236 59.0424 30.0167 39.0161 21.095 40.8181 39.4917 77.1557 67.9412 58.6981 66.006 36.2215 21.4009 49.2553 77.1058 58.8103 38.0789 70.7672 39.963 70.0983 58.1447 53.951 16.9706 36.9064 60.1463 61.8994 0.0 41.5933 16.0711 53.6086 38.1244 60.8112 
49.0918 94.601 58.3735 90.6201 67.2408 73.4165 76.5572 48.5077 32.7567 67.3573 23.4307 85.8662 65.521 16.1245 28.4429 22.0227 92.3662 83.3735 89.0 46.6154 11.7047 23.0868 23.3452 25.0599 70.0286 99.631 91.1972 31.9531 54.9181 44.3847 50.04 46.8615 80.2122 77.2528 79.1202 91.1811 25.9422 71.5052 27.1662 26.9258 48.3848 28.2312 57.9828 38.0789 41.5933 0.0 57.3735 27.7308 42.4853 83.6828 
31.1479 75.0525 19.0 81.7519 78.311 61.1523 28.0713 27.2036 28.7231 79.4064 34.632 35.3553 25.807 52.5661 47.2652 72.0958 64.661 30.4631 38.4708 73.1198 45.8917 55.0857 32.9121 54.8956 47.8666 85.4345 76.8757 74.7705 80.0835 50.0104 32.4992 63.2851 87.0707 69.7709 32.3883 81.6679 54.0405 83.8742 74.2142 70.0205 7.28011 50.9839 74.0104 75.9769 16.0711 57.3735 0.0 70.6408 52.1536 71.7011 
46.4004 80.0562 71.6408 72.5603 46.6905 59.4138 81.8017 48.1962 46.87 43.382 40.4575 91.655 69.0993 17.1172 55.6597 13.3417 81.8278 91.771 94.608 19.8494 29.0172 20.5913 42.19 16.4012 62.3939 82.3893 75.0267 5.09902 27.6586 30.0832 46.6154 24.5153 57.3847 60.075 83.4016 73.437 17.0294 47.0106 9.21954 2.0 71.5403 19.799 33.121 10.4403 53.6086 27.7308 70.6408 0.0 26.6833 68.0074 
24.5967 54.0833 53.1856 48.3845 26.6119 33.0151 63.2349 27.8568 28.4311 28.178 44.0479 71.3702 52.4295 26.4008 64.6562 39.1152 55.1873 73.0077 73.2932 21.9545 35.8118 20.0 46.8623 17.4642 36.7805 57.7235 49.6488 29.1548 28.1603 3.60555 24.1868 11.1803 39.6817 35.171 60.93 49.0408 16.5529 32.6497 35.9026 28.6356 53.0851 14.4222 22.2036 28.0179 38.1244 42.4853 52.1536 26.6833 0.0 42.2966 
41.1096 12.1655 72.8391 10.7703 23.7697 10.8167 55.9017 44.5533 57.1402 35.2278 73.2462 62.0725 45.9074 67.9176 99.6444 81.0247 20.0 69.7209 63.0 54.8219 76.3663 60.6405 76.0066 59.2284 24.1661 16.6433 7.61577 69.2604 54.626 39.6232 39.6989 44.5345 27.4591 8.94427 52.345 10.2956 58.2495 36.1248 77.0584 70.0071 72.7386 55.5492 42.5441 66.0384 60.8112 83.6828 71.7011 68.0074 42.2966 0.0 
DEMAND_SCENARIO_SECTION
0 0 0 0 0 0 0 0 0 0 0 0 0 0 0 0 0 0 0 0 0 0 0 0 0 0 0 0 0 0 0 0 0 0 0 0 0 0 0 0 0 0 0 0 0 0 0 0 0 0 0 0 0 0 0 0 0 0 0 0 0 0 0 0 0 0 0 0 0 0 0 0 0 0 0 0 0 0 0 0 0 0 0 0 0 0 0 0 0 0 0 0 0 0 0 0 0 0 0 0 0 0 0 0 0 0 0 0 0 0 0 0 0 0 0 0 0 0 0 0 0 0 0 0 0 0 0 0 0 0 0 0 0 0 0 0 0 0 0 0 0 0 0 0 0 0 0 0 0 0 0 0 0 0 0 0 0 0 0 0 0 0 0 0 0 0 0 0 0 0 0 0 0 0 0 0 0 0 0 0 0 0 0 0 0 0 0 0 0 0 0 0 0 0 0 0 0 0 0 0 
6 5 6 3 7 3 8 9 6 5 4 10 7 6 7 3 8 8 8 8 4 8 2 8 4 9 4 11 8 6 11 3 10 5 7 9 6 4 6 3 4 4 3 5 4 8 9 9 6 8 2 7 11 6 5 7 9 5 5 7 4 6 5 7 6 4 8 9 8 6 6 6 5 4 7 6 6 8 6 12 3 6 7 1 6 5 3 6 8 7 6 5 4 5 6 6 7 10 5 11 5 7 6 2 8 6 7 4 7 7 5 4 3 3 3 5 8 7 5 8 4 6 2 7 5 4 6 8 5 10 2 4 6 5 5 3 4 9 8 4 8 10 5 4 6 4 7 8 7 5 4 6 3 7 7 8 1 5 7 6 7 6 7 5 8 6 7 7 5 7 4 8 8 7 6 8 6 7 6 7 4 7 10 5 3 7 6 5 9 6 6 6 4 4 6 4 8 6 6 3 
1 2 2 3 3 3 3 2 2 2 1 2 1 1 1 2 3 2 3 2 1 1 2 2 1 2 2 3 1 2 1 2 1 1 2 3 3 1 3 1 2 1 2 2 2 2 2 2 3 1 3 2 3 1 1 4 3 2 2 0 3 2 2 1 2 1 1 1 1 2 3 3 2 2 3 2 2 1 2 3 2 1 1 2 1 3 3 1 2 2 1 1 2 1 3 2 1 3 2 3 3 2 2 2 3 2 2 2 3 3 2 2 3 2 3 2 1 1 2 1 1 1 2 3 3 3 2 2 2 2 2 3 2 2 2 2 3 2 1 2 2 2 3 2 2 3 2 2 2 2 1 2 2 2 3 1 3 1 2 2 2 1 2 2 3 2 1 2 3 1 2 1 1 1 3 2 3 2 2 3 1 3 2 3 2 2 2 1 3 2 2 2 3 2 3 1 1 2 3 3 
3 4 4 4 3 3 5 4 4 3 4 4 3 2 4 2 4 3 3 2 3 1 2 3 3 2 2 1 4 3 2 4 2 3 3 2 4 4 2 3 5 2 5 2 2 1 1 3 4 2 4 2 3 4 1 3 3 5 4 4 2 2 4 2 4 1 3 2 4 3 2 1 2 4 3 5 2 3 3 3 4 4 2 2 1 3 3 3 4 3 3 3 3 2 2 2 4 4 4 3 3 3 3 3 2 3 2 4 2 2 4 2 5 3 5 4 2 2 3 1 3 2 4 2 4 3 6 3 3 2 3 2 4 4 2 5 3 4 3 3 3 3 4 4 3 3 5 2 3 3 4 3 4 3 5 3 3 4 3 3 2 2 2 1 2 3 3 2 3 2 4 4 2 3 1 3 3 2 5 3 2 3 3 1 6 3 2 2 2 1 3 1 0 2 4 3 3 2 2 3 
4 4 1 4 4 5 4 4 2 3 4 4 5 3 3 2 5 3 4 4 4 2 3 4 3 4 6 3 3 4 2 3 4 4 3 4 3 3 5 3 3 3 3 2 3 4 4 3 2 2 4 3 2 3 4 4 2 3 3 4 4 5 3 3 3 3 3 3 3 3 3 3 1 4 3 3 4 4 3 2 2 3 3 2 4 4 3 4 3 2 3 4 3 3 3 3 2 4 5 3 1 2 3 4 2 2 3 2 3 3 3 3 3 2 3 3 3 3 3 2 2 1 3 5 4 3 3 2 3 4 3 1 3 1 3 3 4 4 2 3 3 3 3 5 3 2 2 3 3 4 2 4 2 3 3 3 4 3 4 4 2 4 4 4 4 4 3 5 2 2 3 3 5 3 4 2 2 3 2 3 3 3 1 3 2 2 2 4 2 2 3 1 4 2 3 2 2 2 6 3 
2 2 2 2 2 2 2 1 2 1 1 2 1 2 1 2 3 1 3 2 1 2 2 1 4 2 2 1 2 3 1 1 2 2 3 2 2 1 1 2 2 1 2 0 2 3 2 3 2 2 2 2 1 2 2 2 1 3 1 2 1 1 3 2 2 2 2 1 1 2 0 3 3 3 2 1 3 3 1 1 2 2 2 1 2 2 2 2 0 2 2 1 2 2 1 3 2 3 2 3 1 2 3 1 2 2 1 1 2 1 3 3 1 3 3 2 2 1 2 2 2 2 3 3 2 2 1 1 2 3 1 4 2 2 1 1 2 2 1 3 2 2 1 2 3 2 2 2 2 1 3 3 1 2 2 2 2 2 2 1 2 2 3 2 1 2 1 3 3 3 2 2 2 1 2 3 1 2 2 2 2 3 2 2 2 2 2 3 3 2 1 2 1 3 3 2 2 2 3 2 
3 5 6 4 6 5 8 6 6 5 6 7 5 6 4 7 6 6 6 2 5 5 2 6 5 3 4 5 6 3 6 4 4 6 7 3 2 3 8 7 4 7 4 5 6 5 6 6 1 8 3 2 5 6 3 6 4 3 4 8 3 3 5 7 9 7 4 7 7 5 2 4 5 6 6 4 8 6 5 6 5 7 5 5 2 6 5 5 3 4 5 6 4 6 3 4 5 6 6 5 5 9 8 4 0 7 4 5 3 6 5 4 6 6 4 7 6 4 12 7 7 4 5 4 6 3 4 3 6 1 5 3 7 6 6 9 6 8 8 2 4 5 3 7 5 3 4 4 6 3 4 6 4 5 4 5 2 4 4 8 5 5 5 3 5 5 7 2 7 3 5 5 6 2 5 5 3 2 5 3 3 4 6 3 3 4 5 6 6 8 3 4 4 2 2 7 5 5 0 6 
8 4 3 10 11 5 9 11 5 9 9 13 13 8 7 6 9 15 8 8 9 6 5 10 6 10 10 7 10 12 11 8 11 7 12 11 8 12 8 9 4 8 12 7 6 6 8 4 10 10 11 11 9 10 5 7 5 6 10 7 1 9 9 4 8 9 7 7 8 8 12 8 12 9 10 7 7 5 6 6 8 9 9 6 10 4 10 7 7 9 11 8 10 13 10 5 7 6 7 6 12 5 10 10 10 9 9 6 6 6 9 1 3 13 10 5 9 8 12 4 8 7 7 9 8 11 7 5 10 6 7 11 11 7 9 10 7 8 9 7 7 8 10 17 8 8 3 7 7 11 12 10 9 7 8 6 10 8 8 9 11 8 11 7 6 10 12 11 10 4 10 6 4 6 15 11 10 10 10 5 9 5 11 4 10 7 5 7 9 9 7 6 5 7 7 8 1 5 7 11 
9 5 6 4 13 2 8 7 9 4 6 5 7 7 10 7 7 6 6 6 4 5 13 7 7 6 9 6 9 9 9 8 9 4 6 9 7 5 8 6 6 5 10 4 7 5 8 7 5 6 5 10 9 6 7 5 8 6 6 7 5 8 7 8 9 7 8 8 6 8 3 10 10 7 10 7 10 7 5 7 6 6 9 6 9 3 8 7 5 8 6 6 6 9 7 7 7 9 6 8 6 9 1 13 13 5 4 7 10 5 3 3 2 7 7 6 1 3 9 9 7 8 6 11 5 7 9 9 9 8 6 7 7 5 13 4 9 10 9 6 8 5 4 6 9 8 10 7 8 9 6 10 9 7 4 5 10 5 6 5 3 6 7 8 6 10 4 6 5 9 10 9 8 8 8 8 6 8 8 10 3 5 7 10 9 2 7 8 5 8 9 9 8 5 6 13 7 4 7 1 
7 7 5 8 7 9 3 6 5 9 7 7 4 4 8 6 4 7 5 5 5 5 7 7 7 8 8 6 7 8 7 3 8 10 6 6 3 7 6 7 4 5 3 6 4 7 7 5 7 8 4 5 4 6 4 6 7 6 5 4 1 7 5 4 7 5 4 3 4 1 7 5 4 6 5 5 5 8 7 7 6 6 6 4 4 8 4 5 5 8 5 7 6 5 9 6 12 4 5 7 5 6 5 5 7 8 8 5 7 3 7 5 8 6 5 3 4 7 7 6 1 2 10 8 7 9 6 6 5 10 3 7 8 5 10 3 9 8 9 7 9 7 7 6 8 5 8 6 6 8 5 8 5 2 5 5 4 8 4 2 7 5 7 5 9 8 7 7 10 7 7 6 6 8 4 6 9 6 7 3 5 3 5 2 4 6 3 5 4 5 8 8 7 5 5 5 11 7 6 9 
7 10 4 8 10 12 9 13 9 5 10 11 11 13 11 9 9 5 7 10 12 14 3 9 7 12 6 16 11 7 12 13 6 6 7 7 7 6 6 7 9 7 11 8 10 13 10 10 12 10 5 7 15 6 7 8 13 9 6 6 8 8 9 7 13 10 12 10 6 10 14 7 12 16 3 12 11 5 13 14 11 9 6 5 13 13 5 11 10 10 10 8 11 12 9 12 12 9 9 12 14 2 8 5 9 8 10 13 15 12 10 8 8 6 15 9 8 8 3 7 11 8 6 12 10 9 11 5 7 11 8 9 1 3 10 15 6 10 7 10 7 8 13 7 6 7 7 9 9 10 6 8 11 7 12 9 13 12 7 6 10 16 9 10 3 13 9 3 8 7 8 5 8 10 8 14 11 10 6 7 8 11 13 10 4 16 8 8 7 9 9 7 9 12 14 9 11 8 10 11 
10 10 7 7 12 6 7 8 7 6 5 8 11 6 7 4 9 3 7 9 13 8 9 9 6 7 11 8 7 9 7 5 3 11 12 8 5 10 5 4 7 9 10 9 8 7 7 8 8 6 9 3 8 12 7 8 7 9 7 8 7 8 7 8 6 11 7 12 7 4 9 8 4 7 4 5 14 10 6 13 7 7 5 11 4 10 7 3 7 4 1 8 9 6 7 4 6 9 7 8 1 9 6 4 4 5 5 10 6 6 6 10 7 7 9 4 4 8 11 11 9 8 6 4 4 6 6 8 8 6 1 6 8 7 7 5 10 4 4 9 7 7 5 10 10 10 8 9 12 4 9 9 7 5 11 11 8 13 9 11 3 5 5 8 4 8 8 8 8 6 7 5 8 7 10 10 5 9 5 6 5 4 7 1 8 7 9 4 6 14 9 7 6 6 9 8 5 10 7 8 
12 11 7 12 9 13 12 5 14 14 8 6 11 13 6 9 7 13 10 16 13 8 10 9 11 7 5 10 11 7 7 14 9 7 11 12 13 9 6 0 7 7 10 12 10 10 9 5 15 16 6 8 12 13 11 7 14 11 3 10 5 13 12 11 7 14 2 9 13 8 6 12 10 9 10 7 7 9 5 9 9 2 12 11 6 6 13 14 15 12 12 10 8 9 8 6 16 4 7 9 12 15 7 10 6 13 10 11 9 6 10 11 10 8 11 10 11 9 9 8 4 14 7 10 8 14 7 7 9 14 5 16 7 12 10 8 10 12 8 12 8 10 8 3 12 14 6 5 1 11 4 5 10 7 12 12 5 8 11 7 12 13 10 11 10 8 15 13 10 7 4 7 11 7 8 11 12 13 8 14 8 13 12 12 9 11 13 11 8 9 7 6 13 7 6 7 14 5 7 6 
6 4 5 8 5 5 5 6 8 5 3 5 7 5 4 8 5 8 7 6 7 3 7 5 7 9 5 6 3 3 5 3 6 4 5 3 6 5 4 5 4 6 7 7 7 7 8 1 7 4 1 4 5 4 5 6 6 8 7 8 2 5 7 7 6 3 2 5 8 6 3 5 2 5 3 6 4 5 4 6 3 5 4 5 6 4 3 5 7 6 3 4 7 2 9 3 3 5 6 3 4 6 5 3 6 5 5 5 8 6 5 4 4 4 7 5 3 7 6 8 3 6 2 2 7 4 4 6 6 4 7 7 5 4 5 6 7 2 6 1 5 3 9 7 4 5 4 2 3 8 5 9 5 5 9 3 6 6 6 3 4 5 2 4 4 6 5 5 5 5 5 6 7 5 3 6 5 7 7 3 2 9 7 5 5 7 3 5 3 4 3 5 6 6 7 4 5 3 5 4 
5 4 9 9 10 9 8 5 7 4 12 5 7 6 9 10 7 7 4 8 8 8 8 7 11 8 4 6 8 9 9 7 4 7 1 9 2 9 7 7 5 7 12 4 5 6 8 6 9 9 8 8 8 8 5 9 10 9 7 4 8 5 10 8 5 9 6 7 11 6 7 3 3 8 7 7 5 4 6 3 8 6 11 6 10 7 7 8 10 7 8 8 5 8 6 5 6 7 7 1 7 6 6 2 7 8 6 9 7 6 9 4 9 5 7 9 9 9 6 6 6 6 8 7 6 4 5 8 8 7 10 2 6 8 10 9 9 4 4 7 6 3 12 5 5 7 5 9 6 6 7 9 6 2 7 6 12 9 7 9 11 9 8 5 5 4 8 5 8 7 6 7 2 12 5 5 6 6 5 1 10 7 6 5 6 9 11 7 6 7 7 7 6 6 7 7 9 9 8 6 
2 5 5 4 3 3 6 5 5 6 3 3 4 3 1 2 4 4 4 5 2 6 3 4 6 6 4 3 4 3 4 3 5 3 3 2 5 2 7 3 5 2 1 4 4 4 2 4 3 5 1 4 3 4 2 5 4 3 5 3 5 2 3 4 2 5 3 5 2 3 6 5 2 6 2 5 1 6 3 4 5 4 3 1 4 4 3 5 3 3 3 4 5 4 3 2 6 3 1 4 6 2 5 2 5 2 3 4 3 4 8 6 5 5 3 4 2 6 3 2 2 3 4 4 3 3 3 4 4 3 4 2 3 2 6 4 3 3 3 4 4 4 2 4 5 4 5 5 9 5 5 4 7 5 3 3 6 3 4 3 3 5 4 5 2 5 7 7 4 2 7 2 3 2 6 5 4 3 4 3 3 2 5 5 5 4 3 3 5 3 4 3 4 6 6 5 5 4 5 6 
2 2 2 2 2 2 3 2 1 2 2 2 1 2 2 2 2 1 1 3 3 1 2 3 2 3 2 2 1 2 2 2 1 1 2 2 4 2 3 2 2 2 2 1 2 2 3 2 1 2 2 2 2 3 1 2 1 2 2 2 2 2 1 2 2 3 3 2 1 0 3 1 1 1 1 2 2 1 2 2 3 1 2 2 1 2 2 1 2 2 3 3 0 1 1 2 1 1 1 3 2 2 3 2 2 2 1 1 2 2 2 2 1 1 1 4 2 3 1 1 1 2 2 3 3 3 3 2 2 2 1 1 3 3 3 3 1 3 2 2 1 2 2 2 2 2 3 2 2 2 3 3 2 2 2 1 2 2 2 3 2 2 1 2 2 2 3 3 1 2 2 2 2 3 2 3 2 2 2 2 2 2 2 2 2 2 1 2 1 1 3 3 3 2 2 1 2 2 3 1 
5 9 5 6 5 2 5 7 3 5 6 6 8 6 6 3 7 4 1 4 6 5 5 5 5 7 9 8 5 8 6 7 6 6 6 2 6 4 4 1 4 3 8 6 5 5 5 4 4 1 8 2 3 7 3 6 7 4 4 6 4 4 4 7 4 4 7 6 4 6 5 5 4 6 2 4 4 3 5 3 8 7 6 5 5 5 6 4 5 5 5 0 8 5 2 5 5 6 7 2 3 7 2 5 4 4 5 5 3 5 6 6 6 4 3 7 5 5 7 7 7 7 5 3 2 3 6 9 5 8 7 4 7 3 5 5 7 4 6 4 5 7 4 6 4 8 8 4 5 7 6 6 4 2 3 8 5 5 2 5 8 5 3 7 4 6 7 4 8 1 4 2 6 7 3 5 4 4 7 4 3 6 5 4 2 10 5 5 5 4 4 5 4 3 7 9 6 4 7 5 
8 4 6 3 4 6 7 5 6 9 3 4 4 3 7 8 7 7 5 7 2 5 5 9 5 7 4 8 8 7 5 7 6 2 4 4 6 6 8 8 8 7 4 6 4 6 6 4 8 5 2 6 5 6 7 7 7 9 7 6 3 7 6 9 6 7 8 3 4 3 7 8 4 7 7 7 7 5 6 8 7 9 9 3 8 6 7 5 8 6 4 10 8 8 9 9 7 7 4 4 6 10 2 6 7 4 6 3 9 3 7 7 5 8 8 7 8 5 5 6 9 9 5 7 5 6 9 2 5 4 7 6 6 6 3 5 11 7 7 8 3 5 8 3 7 8 11 5 6 8 4 6 11 7 5 7 7 6 3 7 8 4 9 8 7 5 8 9 3 6 6 6 4 6 8 5 9 3 7 8 8 5 5 8 7 5 10 9 7 7 4 6 8 10 6 6 5 6 5 9 
3 3 3 4 3 1 2 2 3 1 3 2 2 3 1 1 1 1 2 1 1 2 1 4 2 3 1 1 1 1 2 2 3 2 1 2 2 3 1 3 2 3 2 2 1 2 1 1 1 2 2 2 3 1 3 1 3 2 2 3 2 2 3 2 3 2 2 2 2 1 2 2 2 2 2 2 2 2 3 2 2 2 1 3 3 2 1 2 2 2 1 2 2 4 2 3 2 0 2 1 3 2 2 2 2 3 2 2 1 1 3 2 2 1 1 3 2 3 1 3 2 2 2 3 1 2 4 2 3 3 2 1 2 2 2 2 2 1 2 1 3 2 1 2 2 1 2 1 3 1 0 3 3 1 1 3 2 3 1 2 2 2 3 2 2 2 2 1 2 1 2 1 3 3 2 3 2 2 1 2 2 2 2 3 2 2 0 3 2 1 1 2 3 3 3 2 3 4 3 3 
5 9 8 8 8 10 5 5 10 5 13 6 9 6 9 4 8 5 8 6 8 10 10 8 7 8 9 5 6 9 10 7 8 13 9 9 10 8 5 6 11 5 8 7 6 7 14 8 12 8 8 7 8 4 5 8 8 8 7 4 13 5 6 5 5 11 13 7 10 12 11 3 5 11 13 5 8 10 7 9 5 7 9 12 10 10 11 0 7 3 5 8 5 11 9 7 6 1 9 11 8 14 9 9 6 12 6 9 5 2 9 5 8 10 2 10 9 12 2 7 12 12 7 10 10 12 12 3 8 8 12 9 2 9 10 6 5 7 7 4 10 7 7 6 7 6 11 0 10 8 5 5 8 6 7 6 9 8 9 8 7 3 11 5 6 7 10 5 6 9 10 9 6 7 3 7 10 11 8 11 9 3 6 7 10 9 9 10 7 8 7 5 9 8 7 10 7 12 8 12 
1 1 1 1 1 1 1 1 1 1 1 0 0 1 0 1 1 1 1 1 1 1 1 1 1 1 1 0 1 1 1 1 0 1 1 1 1 1 1 1 1 1 1 1 1 1 1 1 1 1 1 0 1 1 1 1 1 1 1 1 1 1 1 1 1 1 1 1 1 1 1 1 1 1 1 1 1 1 1 1 1 1 1 1 1 1 1 1 1 2 1 1 1 1 1 1 1 1 1 1 1 1 1 1 1 1 1 1 1 1 1 1 1 0 1 1 1 1 1 1 1 1 1 1 1 1 1 1 2 1 1 2 1 1 1 1 1 1 1 1 1 2 0 1 0 1 2 2 1 1 1 1 1 1 1 2 1 2 1 1 1 1 0 2 1 1 0 1 2 1 1 1 1 1 1 1 1 1 1 1 1 0 0 1 2 1 2 1 1 1 1 1 1 1 1 2 1 1 1 1 
5 9 15 10 14 11 15 10 8 10 7 15 11 8 4 11 16 15 13 9 4 17 7 11 11 10 13 11 5 10 6 12 7 13 13 11 8 9 12 19 10 7 9 8 9 8 10 16 12 9 13 10 12 4 5 13 12 19 7 13 12 7 14 11 10 7 6 10 9 4 8 8 1 12 6 9 8 7 8 12 11 11 12 15 9 14 11 8 16 9 12 11 13 17 12 11 8 8 11 10 14 15 3 14 12 12 8 6 8 11 8 9 6 15 13 6 11 12 9 13 11 11 9 8 5 12 8 11 9 13 12 10 7 9 7 16 12 10 10 8 12 9 12 5 3 8 8 7 6 8 9 3 5 6 7 6 7 17 3 15 8 5 11 8 7 9 6 11 11 10 9 13 10 10 11 7 10 11 6 11 7 9 9 8 14 7 11 7 10 13 10 12 6 14 2 6 11 10 15 9 
5 5 4 7 6 5 3 2 3 3 4 7 5 5 4 4 5 4 6 5 3 5 6 3 2 5 4 1 5 5 3 4 7 7 6 4 8 4 5 4 5 7 6 3 5 5 4 5 4 4 7 4 2 6 7 3 8 8 3 2 3 7 6 7 5 6 5 8 4 5 5 8 4 4 6 7 6 6 6 7 6 7 5 7 4 6 5 6 6 4 5 7 8 6 6 4 4 7 7 5 4 5 5 5 4 5 4 4 5 5 5 6 2 5 8 6 7 7 7 6 3 5 2 2 6 3 2 8 8 5 7 6 3 4 3 5 5 6 3 7 5 6 3 6 4 4 4 9 6 4 4 7 6 3 5 10 4 3 5 4 3 6 6 5 3 6 7 6 4 5 6 5 3 9 6 7 7 5 7 3 4 4 8 4 4 4 6 4 7 4 6 2 6 5 6 5 8 7 5 5 
7 9 10 11 13 8 10 4 11 6 10 13 12 9 6 7 5 9 8 3 9 6 11 9 6 8 3 5 3 9 13 4 8 6 11 4 9 9 6 14 7 9 9 6 12 10 6 7 11 11 7 7 11 8 7 5 4 10 6 11 15 3 9 15 8 9 11 10 13 12 10 7 8 9 13 5 12 8 7 7 14 9 0 11 4 6 8 6 8 13 8 8 10 6 11 8 17 8 9 9 9 2 9 13 9 12 10 4 4 9 9 8 9 8 5 7 11 8 9 11 10 10 14 8 10 5 9 11 10 4 8 9 9 10 13 7 10 16 4 10 9 10 6 8 15 8 7 4 9 14 8 12 9 7 12 12 9 10 12 11 7 13 8 15 12 10 11 9 15 13 12 4 12 16 13 9 10 8 5 6 12 8 11 7 8 11 9 9 7 16 10 8 10 3 8 7 9 8 5 15 
9 7 9 6 4 7 4 10 5 9 8 8 5 3 3 11 6 5 9 10 9 9 4 6 11 9 6 6 9 6 4 8 7 11 11 11 7 7 12 11 8 6 11 8 5 7 11 8 11 11 7 6 9 9 8 11 9 8 10 10 6 12 10 8 10 10 8 8 4 6 10 10 10 10 4 11 9 9 10 5 4 11 8 6 7 3 4 6 10 6 10 7 8 7 7 6 8 10 5 11 11 9 8 7 7 13 11 8 12 9 2 6 9 8 11 9 9 12 10 7 13 9 8 11 7 6 7 6 4 3 11 10 13 10 4 8 10 7 5 5 6 5 4 7 8 6 2 10 5 6 8 7 2 7 12 3 5 8 11 5 7 4 12 7 11 11 9 11 5 10 10 12 10 6 10 9 6 9 8 7 9 11 9 4 9 4 5 7 10 9 10 4 9 15 8 9 9 7 13 8 
2 1 3 2 2 2 1 1 2 4 2 2 1 2 2 1 2 2 3 4 1 3 1 2 2 2 2 3 2 3 1 2 2 1 2 0 2 2 3 2 2 2 2 2 2 3 2 2 2 3 1 1 1 1 1 3 2 2 2 1 2 2 1 1 1 2 2 2 2 1 1 2 2 3 3 3 2 0 3 3 2 2 2 2 2 2 3 2 3 2 1 1 1 2 2 2 1 2 2 2 3 3 2 3 2 1 2 3 1 2 2 2 2 2 3 3 2 2 3 3 2 1 2 2 2 3 2 3 2 2 3 1 3 1 2 3 1 1 1 2 2 2 1 1 2 2 2 1 2 2 2 3 1 1 2 2 3 2 2 2 2 2 2 2 1 2 2 3 2 1 2 2 1 2 3 0 2 1 1 3 2 2 3 2 3 2 3 2 2 1 2 2 2 2 2 2 2 1 2 2 
7 12 10 6 2 5 6 9 9 9 6 3 8 9 6 9 6 10 9 6 7 9 5 10 8 5 7 9 4 8 7 9 0 4 12 9 7 9 10 13 11 5 6 8 10 10 11 4 11 5 10 10 9 9 10 8 9 6 9 8 10 10 8 10 11 12 7 7 8 7 7 5 9 12 8 9 3 10 12 9 9 8 11 7 13 10 8 10 6 2 9 14 3 4 6 9 9 7 10 8 6 6 4 6 1 6 9 11 4 7 4 6 13 4 9 3 7 13 6 10 12 7 9 9 5 9 7 5 10 5 8 9 7 9 11 9 4 4 9 6 8 8 7 4 2 8 7 7 7 8 4 9 7 5 8 6 11 12 8 4 12 8 12 6 13 9 9 12 8 10 9 11 5 12 5 4 8 6 10 8 8 9 9 3 9 8 10 14 12 10 5 7 6 6 7 5 5 6 6 8 
11 9 8 12 8 6 11 7 13 8 8 10 6 12 14 4 13 3 10 9 12 7 5 7 10 10 5 3 8 8 11 10 13 14 1 11 11 11 10 8 3 10 7 5 15 12 5 10 7 11 6 15 8 11 11 11 9 9 7 13 11 3 11 9 8 7 11 18 5 6 9 11 7 9 8 8 10 14 11 6 9 13 6 11 6 5 9 11 8 10 5 11 17 16 6 8 9 8 11 6 10 12 6 13 8 10 7 7 15 11 12 8 15 13 12 9 12 11 5 2 11 7 11 18 13 11 14 11 1 8 7 13 10 9 8 9 10 10 8 10 10 11 5 12 11 7 9 8 11 9 9 5 7 9 12 14 5 11 11 14 15 11 7 9 7 9 10 13 8 10 7 5 7 9 8 7 9 9 13 14 9 4 9 4 13 6 8 8 10 10 11 8 8 12 10 13 10 12 4 9 
6 5 8 5 11 13 17 6 16 10 13 5 6 10 7 7 9 5 12 8 5 11 12 8 7 7 8 8 8 9 9 8 8 11 12 12 12 11 13 10 8 6 11 12 11 9 9 6 8 10 4 12 13 12 14 5 12 4 9 7 6 17 11 14 5 8 12 9 8 13 9 11 10 4 8 9 10 9 4 9 6 7 8 8 16 11 14 8 13 9 8 9 15 9 4 7 9 10 5 12 10 13 10 14 3 3 6 6 12 11 11 11 10 10 4 9 11 9 2 7 12 10 12 6 13 7 12 11 9 4 10 7 9 7 8 3 8 12 9 6 12 7 12 11 7 14 9 10 9 14 6 8 10 12 12 13 9 10 7 9 11 9 12 8 11 11 15 7 10 12 11 9 12 0 4 11 7 12 13 8 11 10 6 9 9 10 10 9 10 6 6 8 12 5 4 12 12 8 10 9 
10 6 11 11 5 12 10 7 10 9 5 8 8 6 9 5 13 13 14 8 9 8 8 4 4 12 10 10 13 7 8 3 11 10 9 9 6 7 7 7 10 8 6 15 12 13 11 8 13 6 8 6 9 5 10 11 12 7 7 5 13 12 10 6 8 10 10 7 14 11 11 8 10 11 10 8 13 5 6 12 9 7 6 14 5 12 7 9 4 12 6 9 5 9 6 5 13 5 9 11 9 13 11 7 9 7 9 7 2 10 5 10 12 16 11 6 9 5 6 9 6 11 10 14 9 11 9 3 13 9 2 5 9 12 9 9 8 10 13 5 10 10 9 8 12 12 4 3 4 7 13 13 7 13 7 14 5 10 12 8 12 14 13 9 5 9 9 5 9 8 10 6 12 9 9 9 16 11 12 5 14 9 6 5 10 8 6 6 7 6 6 14 11 11 8 10 5 11 8 9 
10 8 6 7 7 7 8 4 5 10 9 10 6 4 6 5 8 8 7 12 7 6 6 2 8 9 8 4 6 4 6 8 6 5 7 3 4 7 5 6 6 8 6 5 3 4 6 6 9 10 5 6 6 8 4 6 4 8 7 5 5 6 4 3 11 6 4 4 5 5 7 6 7 7 7 7 11 6 4 6 7 4 8 2 6 7 8 5 3 2 5 3 7 3 7 3 7 5 6 4 7 6 5 1 10 5 6 8 7 8 5 6 6 6 4 7 8 6 8 7 8 6 3 7 8 4 5 7 8 6 6 7 10 8 9 6 5 6 9 8 4 7 5 7 6 5 8 7 6 4 6 6 5 2 5 7 2 1 9 5 8 7 3 6 5 7 6 7 7 8 7 7 6 7 4 7 10 7 8 7 5 7 5 3 8 3 6 5 4 8 5 4 7 2 5 4 3 7 7 7 
10 8 6 8 9 2 3 7 8 6 3 0 7 7 6 6 5 4 5 11 5 6 7 3 10 7 9 12 9 6 7 6 10 8 2 8 8 7 7 15 5 10 5 3 7 7 7 8 8 9 8 3 6 7 11 12 5 6 8 8 11 4 8 2 6 7 4 9 8 5 7 8 8 11 4 11 5 8 6 3 5 6 9 12 4 6 11 8 6 6 6 5 6 7 10 7 5 7 6 8 8 5 11 4 9 12 4 7 5 4 6 6 5 5 7 8 9 8 4 6 11 9 10 6 6 7 3 4 8 6 10 4 5 9 8 2 6 4 6 1 10 6 8 7 6 9 4 9 10 9 9 6 8 10 7 7 4 8 3 4 7 10 3 8 9 7 8 4 6 4 4 4 6 4 9 11 7 4 10 6 9 5 5 10 6 6 3 7 7 8 8 12 8 4 5 9 6 8 7 6 
3 2 2 3 3 5 3 2 4 3 3 4 1 3 3 4 3 2 3 3 2 2 3 2 2 3 3 2 2 3 5 2 5 5 2 1 4 3 4 1 3 3 3 1 3 2 4 2 4 3 3 2 3 2 1 4 1 4 2 4 3 3 3 3 2 3 4 3 3 3 5 3 4 3 1 2 4 4 4 2 3 3 3 3 2 3 3 6 4 3 2 2 4 4 3 5 4 3 3 4 3 2 2 2 5 2 3 3 3 4 5 4 3 3 2 4 5 3 2 4 3 3 2 2 4 4 2 4 4 3 3 3 3 5 3 3 3 2 5 5 2 5 1 3 3 3 1 4 3 4 1 4 3 3 2 2 4 3 1 3 2 3 3 2 2 4 3 5 4 4 3 4 1 4 3 3 4 4 3 4 3 4 4 4 4 2 3 2 3 1 3 3 4 4 3 3 3 2 4 3 
1 1 1 1 1 1 2 1 1 1 2 1 1 1 1 1 1 1 1 1 1 1 1 1 1 1 1 1 1 1 1 1 1 0 1 1 2 1 1 1 1 1 1 1 1 1 2 0 1 1 1 1 1 1 1 1 1 1 1 1 1 1 1 1 1 1 1 1 2 2 1 1 1 1 1 1 1 1 1 1 1 1 1 1 1 1 1 1 1 1 1 1 1 2 1 1 1 1 1 1 1 1 1 0 1 1 1 1 1 1 1 1 1 1 1 1 1 1 1 1 1 1 1 1 0 1 1 1 1 1 1 1 1 1 1 1 1 1 1 0 1 1 1 1 2 1 1 1 1 1 1 1 1 1 1 1 1 1 1 1 0 1 0 1 1 1 1 1 1 1 2 0 1 1 1 1 1 1 1 1 1 1 1 1 1 1 1 1 1 1 1 1 1 2 1 1 1 1 1 2 
4 2 4 3 3 3 4 4 4 2 3 2 2 3 4 3 3 4 4 2 3 3 1 3 4 2 2 3 3 2 2 2 3 4 1 3 5 4 2 3 3 2 2 5 2 3 2 2 3 4 4 4 3 3 5 3 4 4 3 3 4 2 2 1 4 3 3 3 3 2 4 2 5 4 3 2 3 4 2 2 4 3 3 5 2 3 4 3 1 2 3 3 4 3 3 1 1 4 4 3 1 3 2 4 5 3 4 3 2 2 4 3 1 3 4 3 2 4 4 2 2 2 3 3 3 4 2 4 3 4 5 2 3 2 1 3 4 4 2 4 6 2 2 4 2 5 4 3 3 4 5 4 2 4 4 2 4 4 3 2 2 2 4 4 3 3 3 2 2 5 2 2 2 2 3 4 2 2 3 3 3 3 3 1 2 2 3 1 3 3 1 3 3 3 3 1 1 3 1 3 
7 9 6 5 5 9 6 4 2 10 7 9 9 5 5 7 4 5 3 5 10 12 9 8 4 7 8 7 5 5 5 3 4 9 5 6 3 8 8 8 9 3 10 9 5 12 6 9 5 8 3 3 9 6 2 6 9 8 4 6 9 7 6 10 7 7 8 7 6 6 6 5 2 7 3 9 7 7 8 3 6 4 3 10 6 9 4 10 7 6 9 5 5 9 12 10 9 9 8 5 4 5 9 6 9 11 8 7 4 6 7 8 4 13 7 8 10 8 8 9 3 4 6 7 5 10 5 10 10 8 6 10 9 11 11 9 9 9 4 9 9 6 6 8 7 9 8 6 10 10 10 8 4 7 8 6 8 4 8 8 3 6 9 10 1 4 11 11 8 10 8 7 2 6 7 6 8 8 6 9 7 9 9 9 8 5 3 9 6 7 4 9 9 10 9 5 4 6 10 5 
5 4 4 5 5 6 5 3 4 5 4 2 3 5 3 2 4 4 2 4 4 5 6 3 4 6 6 5 5 4 4 6 2 5 5 5 2 3 4 6 4 1 3 6 4 4 5 3 2 4 5 5 5 3 6 5 6 2 4 4 4 4 4 2 4 7 4 7 3 4 5 5 3 5 5 3 5 6 5 3 3 3 6 4 4 6 4 6 5 3 2 5 4 4 6 5 1 4 4 5 5 6 4 4 4 3 3 3 5 5 4 3 5 2 4 4 3 5 2 6 5 3 2 3 1 4 3 3 5 5 4 6 3 3 5 3 3 5 5 5 5 4 4 4 5 5 6 7 6 4 7 5 3 5 5 5 4 4 5 5 5 4 3 5 4 6 4 4 6 5 6 3 3 1 3 2 5 4 3 6 4 5 4 6 6 3 2 2 2 5 4 2 4 4 3 3 2 6 4 4 
1 1 0 1 1 1 1 1 1 1 1 1 1 1 2 1 1 1 1 1 0 1 2 1 1 1 1 1 1 2 1 1 1 1 1 1 1 1 1 1 1 1 1 1 2 2 1 1 0 1 1 1 1 1 1 1 0 1 1 1 0 1 2 1 1 0 1 1 1 1 1 1 1 1 2 1 1 1 1 1 1 1 1 1 1 1 1 1 1 1 0 2 1 1 2 1 1 1 1 1 1 1 1 1 1 1 1 1 1 1 1 1 2 1 2 1 1 1 1 1 1 1 1 0 1 1 1 1 1 1 1 1 1 1 1 1 1 1 1 1 1 1 1 1 1 1 1 1 2 1 1 1 1 1 0 1 1 1 1 1 1 1 1 1 1 1 1 1 1 1 1 1 1 1 1 1 1 1 1 0 1 1 1 1 1 1 1 1 0 1 1 1 1 0 1 1 1 1 1 1 
11 9 6 7 9 6 11 9 10 10 12 7 5 11 8 8 6 6 10 5 7 7 8 10 9 11 4 7 9 11 12 8 8 9 7 7 7 5 4 2 4 6 8 7 6 8 14 4 8 11 9 7 8 8 10 12 10 9 7 9 9 6 7 7 11 9 6 8 7 4 5 7 5 7 4 11 3 9 9 9 9 5 8 9 8 6 9 9 10 5 4 6 9 12 9 5 11 5 5 13 6 8 10 8 9 9 9 8 10 6 6 10 8 10 12 15 10 8 13 9 1 7 12 7 5 9 12 10 10 6 7 7 7 7 3 12 14 6 10 6 9 7 10 7 8 10 12 2 8 7 11 5 10 5 10 9 11 7 9 5 6 4 6 10 7 4 2 0 2 6 4 7 7 11 7 6 7 7 6 6 4 11 10 9 5 7 11 8 5 11 11 11 11 8 9 9 7 9 12 3 
14 5 9 9 4 6 5 5 3 3 3 5 7 4 5 10 6 12 5 6 6 3 3 7 5 11 3 6 5 5 4 7 8 5 6 4 6 5 6 7 3 4 5 4 5 4 3 3 5 7 10 4 6 6 4 9 8 4 7 3 10 8 7 6 4 7 3 4 7 5 7 5 5 8 5 6 8 5 8 5 6 5 5 8 0 7 5 5 2 7 9 4 5 7 7 8 4 5 4 3 10 7 3 6 9 7 5 6 3 5 9 4 5 6 4 6 7 8 9 2 8 5 10 3 4 7 8 7 4 5 7 5 6 4 7 2 5 6 8 6 7 7 6 6 6 5 5 5 5 10 3 8 9 4 3 3 5 10 5 6 1 8 8 6 4 5 5 6 8 6 6 5 7 10 6 8 5 8 4 5 4 11 5 7 8 4 9 7 6 8 5 5 5 6 5 5 7 5 8 5 
7 5 13 14 14 19 14 12 14 9 8 8 10 17 11 6 10 19 17 4 10 12 10 12 10 9 14 18 8 8 14 8 13 13 9 6 8 11 12 10 8 4 11 13 9 8 14 10 5 9 11 10 8 11 13 6 11 3 11 11 5 15 10 13 14 9 11 11 5 10 12 8 9 6 10 6 10 13 4 6 8 9 7 10 13 12 4 7 13 8 10 6 12 8 10 9 5 11 11 7 8 14 15 8 5 5 14 13 10 11 12 14 8 3 15 6 10 8 1 7 10 7 8 10 6 3 9 11 10 9 5 7 13 10 6 10 10 15 1 10 10 12 13 18 8 10 11 12 8 15 10 7 12 15 7 9 8 10 12 17 8 7 6 10 12 13 11 11 12 6 7 8 9 13 9 14 4 9 9 8 14 7 17 10 5 12 13 5 6 15 12 8 12 10 10 8 10 12 7 3 
14 18 14 10 12 16 9 10 7 8 15 8 12 6 9 9 9 16 11 8 14 13 19 7 13 10 11 10 9 11 9 10 12 9 11 11 12 12 14 11 14 9 8 8 12 16 10 14 9 9 8 7 12 10 1 8 10 11 10 5 13 12 12 9 9 14 7 9 10 12 1 13 10 9 7 14 9 7 17 16 14 8 14 6 8 7 8 22 13 9 11 3 11 11 12 8 18 8 13 6 13 11 8 7 12 8 9 11 12 9 11 14 10 13 6 10 16 6 8 13 7 9 10 4 17 8 6 7 7 12 13 8 14 10 10 7 7 10 9 11 10 10 10 11 15 11 10 5 8 9 10 5 8 12 14 8 11 8 9 10 7 7 5 9 11 14 9 7 12 13 4 7 10 1 11 11 13 5 8 12 11 13 16 9 11 9 3 16 11 5 11 7 13 10 12 2 10 9 4 15 
