NAME  : Jabali_50_3_0.90_1_7
TYPE : SVRP
MODEL : FINITE_SUPPORT
NUMBER_OF_SCENARIOS : 200
DIMENSION : 50
EDGE_WEIGHT_TYPE : MATRIX
CAPACITY : 110
N_VEHICLES : 3
NODE_COORD_SECTION
1 5405 4029
2 5148 7892
3 2180 3436
4 6587 3840
5 6789 4638
6 6632 7283
7 5734 5837
8 1266 3912
9 5643 3037
10 3400 3022
11 1125 4814
12 3358 2110
13 6367 6814
14 3419 4679
15 4235 5459
16 5736 5350
17 6438 6466
18 2685 2850
19 2053 2299
20 5519 7651
21 6653 2780
22 228 3786
23 6239 6187
24 6788 6984
25 27 4097
26 8030 2587
27 5523 1388
28 4571 4238
29 5124 3315
30 6378 1281
31 1823 4480
32 5735 204
33 7748 6065
34 4342 6886
35 4220 3612
36 6316 665
37 6160 7229
38 6365 8223
39 4885 7011
40 621 4048
41 5653 4069
42 1375 4488
43 4968 3782
44 5219 5670
45 2531 3767
46 4981 6425
47 5837 18
48 6148 6486
49 7245 2031
50 7852 2929
DEMAND_SECTION
1 0.0
2 5.0
3 7.0
4 7.0
5 10.0
6 6.0
7 4.0
8 3.0
9 8.0
10 10.0
11 8.0
12 3.0
13 6.0
14 1.0
15 6.0
16 9.0
17 5.0
18 6.0
19 3.0
20 3.0
21 5.0
22 7.0
23 7.0
24 5.0
25 10.0
26 1.0
27 2.0
28 2.0
29 4.0
30 1.0
31 6.0
32 8.0
33 9.0
34 7.0
35 9.0
36 9.0
37 8.0
38 7.0
39 9.0
40 3.0
41 10.0
42 8.0
43 7.0
44 7.0
45 7.0
46 2.0
47 4.0
48 10.0
49 10.0
50 4.0
DEVIATION_SECTION
1 0.0
2 1.66667
3 2.33333
4 2.33333
5 3.33333
6 2.0
7 1.33333
8 1.0
9 2.66667
10 3.33333
11 2.66667
12 1.0
13 2.0
14 0.333333
15 2.0
16 3.0
17 1.66667
18 2.0
19 1.0
20 1.0
21 1.66667
22 2.33333
23 2.33333
24 1.66667
25 3.33333
26 0.333333
27 0.666667
28 0.666667
29 1.33333
30 0.333333
31 2.0
32 2.66667
33 3.0
34 2.33333
35 3.0
36 3.0
37 2.66667
38 2.33333
39 3.0
40 1.0
41 3.33333
42 2.66667
43 2.33333
44 2.33333
45 2.33333
46 0.666667
47 1.33333
48 3.33333
49 3.33333
50 1.33333
DISTANCE_MATRIX
0.0 47.0425 46.639 18.9148 26.9567 44.3794 25.7196 64.966 13.4536 31.7648 64.8468 38.833 40.8048 29.7106 28.1603 20.307 39.0161 41.6773 52.3259 43.4166 25.3475 73.8498 35.4683 40.9133 74.0975 44.0182 36.4005 13.0 10.0499 40.0 55.6923 53.1507 57.2451 42.8641 18.4391 47.5079 47.0211 53.5394 39.6232 68.0389 2.82843 61.0464 7.2111 23.0217 43.6505 32.9848 54.6717 36.261 36.373 41.3435 
47.0425 0.0 86.0349 46.6154 38.0789 23.2594 25.9615 86.5563 58.2517 76.2402 91.8096 85.2115 28.8444 62.6259 51.1077 32.28 32.8024 85.1721 96.3475 5.65685 63.0386 106.84 34.6554 20.8087 109.613 62.2415 79.6994 53.0472 57.0789 79.3406 86.0349 94.6139 53.3104 18.3848 61.9435 87.3505 31.3847 16.2788 12.0416 101.997 45.1774 91.2313 53.0377 24.1868 80.0562 18.0278 96.4234 31.1448 67.1483 58.0517 
46.639 86.0349 0.0 60.5463 68.6705 71.4493 60.2068 30.8869 46.6476 17.088 21.3776 23.3452 65.192 23.4094 37.1214 53.9176 61.0737 10.198 15.2643 80.9568 61.9233 27.313 57.1402 70.0357 27.4591 80.4984 53.2353 36.4478 40.0569 63.7887 13.4164 66.2722 63.2456 88.6294 28.3027 67.0671 69.0 85.0 84.3478 21.5407 49.439 16.1245 39.4392 67.276 6.08276 78.4651 66.4831 60.2993 70.5762 77.9193 
18.9148 46.6154 60.5463 0.0 10.0499 52.876 42.2675 82.9489 15.6525 44.5533 79.7305 48.3735 54.0924 47.6934 46.7319 39.1756 57.8847 54.4885 64.2028 44.7772 16.5008 87.8394 54.3781 48.4038 88.0048 35.1715 33.541 30.3173 20.5183 32.8027 70.6119 48.076 76.1597 36.0139 33.3016 40.8126 59.7261 57.3661 36.1386 82.0285 18.6097 75.0492 22.6469 25.1082 57.64 29.1204 49.8855 55.1295 27.5263 32.4968 
26.9567 38.0789 68.6705 10.0499 0.0 46.1913 35.5829 91.531 25.2982 52.8981 87.7724 57.6975 47.4077 55.7353 54.749 41.9042 49.3978 62.8865 72.9457 37.0135 26.194 95.8813 49.1834 41.7192 96.129 30.2326 43.2986 38.3592 28.8508 46.6172 78.6538 62.8086 72.4049 26.0768 41.3435 54.5271 53.0414 50.2096 26.9258 90.0704 26.6516 83.0911 30.6888 18.4236 65.6819 20.1246 64.7366 46.551 34.1342 25.8092 
44.3794 23.2594 71.4493 52.876 46.1913 0.0 20.5183 66.0379 57.7088 65.4905 73.0068 76.4853 6.7082 49.0 34.3657 24.1868 11.1803 73.0274 84.0 18.0278 69.7419 88.3912 14.5602 4.47214 91.4166 73.1459 80.4649 43.4166 52.7731 84.463 68.0074 98.0521 30.0832 38.1182 52.1728 92.078 8.24621 13.9284 30.0666 83.8153 45.2639 73.0548 47.0106 27.8885 65.3758 31.4006 98.8088 11.1803 80.7674 68.7224 
25.7196 25.9615 60.2068 42.2675 35.5829 20.5183 0.0 63.8905 49.4346 50.3587 68.0682 60.0083 19.2354 36.7998 26.8701 6.32456 19.6469 59.2284 70.406 21.2132 60.5204 83.0293 18.0278 16.4012 84.5341 62.773 72.1261 27.1662 34.1172 75.2415 62.6548 88.8306 42.19 31.8769 36.1248 82.8565 25.5539 29.4109 24.4848 77.3403 35.7406 68.009 28.519 17.2801 54.2388 22.5772 90.4204 16.4924 71.5459 58.3495 
64.966 86.5563 30.8869 82.9489 91.531 66.0379 63.8905 0.0 74.5752 43.9318 12.53 53.4883 59.3633 41.1156 37.2022 58.6003 54.9181 40.7185 44.8219 80.9197 89.0459 26.0768 52.2015 66.6108 30.2655 107.717 80.8806 52.9885 66.8782 90.9194 17.4929 95.3415 45.5412 94.6325 58.3438 94.9757 60.3738 79.7559 87.2404 24.0416 67.3033 17.0294 61.0211 80.0357 29.4109 85.3328 95.8019 55.8032 100.069 105.042 
13.4536 58.2517 46.6476 15.6525 25.2982 57.7088 49.4346 74.5752 0.0 30.0 65.7558 32.7567 54.1342 39.3197 39.2173 33.6364 52.3455 39.6989 48.9183 55.1552 15.5393 73.8647 48.8365 54.2427 74.0945 34.21 23.0217 21.587 8.0 26.9258 56.6372 39.6989 69.9714 50.3587 21.3776 34.2053 60.3505 65.861 49.0408 68.0538 13.8924 61.0745 13.6015 34.0922 43.6653 42.0119 41.2311 49.5903 26.0192 31.5353 
31.7648 76.2402 17.088 44.5533 52.8981 65.4905 50.3587 43.9318 30.0 0.0 37.054 12.2066 60.0167 20.3961 36.1474 44.1814 56.5434 10.0 20.6155 71.5681 45.0615 44.3847 52.4209 63.1269 44.2945 63.5295 37.0135 23.1948 24.0832 47.1699 28.0 51.4198 66.6884 74.3342 14.3178 51.0882 65.0552 78.0577 70.5195 38.6264 34.4819 32.249 24.5967 53.4509 15.0 64.2573 51.923 54.9181 53.4883 61.0574 
64.8468 91.8096 21.3776 79.7305 87.7724 73.0068 68.0682 12.53 65.7558 37.054 0.0 44.7214 66.3099 35.5454 41.3415 62.7135 61.8466 31.5753 33.6155 86.2844 81.0686 15.5242 58.6003 72.8972 19.105 99.7393 74.0068 52.8692 59.1588 84.214 9.21954 87.5728 56.0089 99.056 47.4047 88.0057 68.3081 86.9253 91.6639 12.0416 67.1841 5.38516 60.9019 79.5851 22.0907 90.7743 87.8237 62.1691 90.0109 97.0646 
38.833 85.2115 23.3452 48.3735 57.6975 76.4853 60.0083 53.4883 32.7567 12.2066 44.7214 0.0 71.3092 31.5759 47.0 54.0833 68.0074 13.1529 17.4929 81.0247 46.2086 48.5077 63.8905 73.8241 47.2969 63.2535 31.3209 33.2415 29.4109 42.3792 36.4005 43.0465 77.8682 81.6621 24.3311 44.5533 76.5376 88.5664 78.4474 43.1856 41.2311 39.4588 32.249 61.6604 24.1661 71.8053 43.1856 66.2193 51.8652 61.5549 
40.8048 28.8444 65.192 54.0924 47.4077 6.7082 19.2354 59.3633 54.1342 60.0167 66.3099 71.3092 0.0 43.1045 28.0713 21.2132 4.47214 67.1863 78.0577 23.3238 66.1673 81.7068 8.06226 8.06226 84.7585 74.3677 76.8903 38.6264 49.0918 80.8884 61.4003 93.7573 25.4951 41.9762 47.1275 88.5034 6.40312 20.6155 33.9559 77.1622 41.6893 66.4078 43.0465 29.105 59.1354 34.0147 95.2342 5.09902 77.1928 69.9442 
29.7106 62.6259 23.4094 47.6934 55.7353 49.0 36.7998 41.1156 39.3197 20.3961 35.5454 31.5759 43.1045 0.0 15.8114 30.5106 39.3192 24.0832 35.0 57.5674 53.7904 46.7653 35.2278 47.1699 48.2702 72.4612 58.8832 17.733 31.6228 65.5671 26.3908 75.7741 47.2017 66.0912 23.0883 72.0967 47.676 62.2013 61.5207 41.0763 32.0479 31.745 25.7657 44.4489 17.4642 55.6381 76.9109 38.0526 64.8131 69.7864 
28.1603 51.1077 37.1214 46.7319 54.749 34.3657 26.8701 37.2022 39.2173 36.1474 41.3415 47.0 28.0713 15.8114 0.0 21.4009 24.0 39.6232 50.2494 45.6508 53.1511 56.3681 20.025 33.2415 59.1414 71.8218 59.3633 17.8885 31.7805 65.7951 35.5631 76.2758 32.5269 58.0183 23.6015 72.4707 32.1403 48.0521 50.6262 51.5256 30.0167 40.7595 25.632 43.4215 31.0644 48.7186 77.4209 23.1948 64.1766 69.1471 
20.307 32.28 53.9176 39.1756 41.9042 24.1868 6.32456 58.6003 33.6364 44.1814 62.7135 54.0833 21.2132 30.5106 21.4009 0.0 20.2485 52.9528 64.1327 27.4591 45.6695 76.7957 17.4642 20.6155 78.3005 69.0943 56.3925 21.0238 28.7047 60.3906 56.4212 73.2596 41.2311 38.1982 30.0167 68.0056 27.5862 34.7131 30.8061 71.1067 21.1915 61.7754 23.0868 23.6015 47.9496 28.8985 74.7364 17.2047 56.695 64.6709 
39.0161 32.8024 61.0737 57.8847 49.3978 11.1803 19.6469 54.9181 52.3455 56.5434 61.8466 68.0074 4.47214 39.3192 24.0 20.2485 0.0 63.3877 74.1687 27.2029 64.3786 77.2528 4.12311 12.0416 80.3243 76.5879 75.0733 35.7771 47.0106 79.0997 57.0088 91.9674 23.0217 44.9222 44.0114 86.4941 8.544 25.0799 37.0 72.7324 39.9006 61.9839 40.8044 31.095 55.0364 36.3456 93.4345 3.16228 75.4041 72.1644 
41.6773 85.1721 10.198 54.4885 62.8865 73.0274 59.2284 40.7185 39.6989 10.0 31.5753 13.1529 67.1863 24.0832 39.6232 52.9528 63.3877 0.0 11.1803 80.4114 54.5055 36.1386 59.3043 71.0282 35.4683 72.7186 43.566 32.28 34.0588 54.3415 23.4094 56.1427 70.1119 84.0952 23.7697 57.2189 71.7008 86.0529 80.0562 30.5941 44.4185 26.3059 34.4819 62.9682 12.0416 73.9256 56.3205 62.1289 62.1691 70.4557 
52.3259 96.3475 15.2643 64.2028 72.9457 84.0 70.406 44.8219 48.9183 20.6155 33.6155 17.4929 78.0577 35.0 50.2494 64.1327 74.1687 11.1803 0.0 91.5915 63.099 33.0606 70.1142 82.0975 31.0644 80.604 48.4665 43.4166 44.1022 59.6154 27.5862 58.4209 78.2212 94.9494 34.7851 61.131 82.3893 97.1288 91.0824 28.4429 55.0091 28.3019 45.1885 74.0 20.2485 84.8646 58.2151 73.0274 69.3397 78.7464 
43.4166 5.65685 80.9568 44.7772 37.0135 18.0278 21.2132 80.9197 55.1552 71.5681 86.2844 81.0247 23.3238 57.5674 45.6508 27.4591 27.2029 80.4114 91.5915 0.0 61.0296 101.311 29.0 15.2643 104.084 62.3699 77.5575 48.3735 53.4603 77.3316 80.5061 92.6025 48.1041 21.2132 57.3149 85.3415 26.2488 13.8924 13.6015 96.4686 41.7732 85.7025 49.0408 21.1896 74.9466 17.8045 94.4141 25.4951 66.5981 58.0517 
25.3475 63.0386 61.9233 16.5008 26.194 69.7419 60.5204 89.0459 15.5393 45.0615 81.0686 46.2086 66.1673 53.7904 53.1511 45.6695 64.3786 54.5055 63.099 61.0296 0.0 89.1775 60.8721 66.2758 89.319 21.3776 27.074 36.1635 23.3473 25.0599 71.95 40.8534 82.6536 42.3715 36.8795 33.121 72.3836 73.6128 52.6385 83.3666 25.1036 76.3873 28.1207 41.3549 58.9781 45.6206 42.72 61.6235 16.5529 18.0278 
73.8498 106.84 27.313 87.8394 95.8813 88.3912 83.0293 26.0768 73.8647 44.3847 15.5242 48.5077 81.7068 46.7653 56.3681 76.7957 77.2528 36.1386 33.0606 101.311 89.1775 0.0 73.9256 88.1419 4.47214 107.787 79.6241 64.0892 67.2677 90.471 21.4009 91.1373 71.1758 112.447 55.5136 93.0591 83.8153 102.318 106.69 5.83095 76.6498 15.8114 66.65 90.8051 31.0644 101.994 91.0494 77.4726 97.8621 105.173 
35.4683 34.6554 57.1402 54.3781 49.1834 14.5602 18.0278 52.2015 48.8365 52.4209 58.6003 63.8905 8.06226 35.2278 20.025 17.4642 4.12311 59.3043 70.1142 29.0 60.8721 73.9256 0.0 14.4222 76.896 76.3735 71.4493 31.7648 43.2782 75.5077 53.4509 88.3912 24.1868 45.31 39.9249 82.9759 12.6491 28.4605 37.5766 69.2892 36.3941 58.5235 37.0135 30.8806 51.0882 36.1386 89.8276 3.60555 71.8976 71.95 
40.9133 20.8087 70.0357 48.4038 41.7192 4.47214 16.4012 66.6108 54.2427 63.1269 72.8972 73.8241 8.06226 47.1699 33.2415 20.6155 12.0416 71.0282 82.0975 15.2643 66.2758 88.1419 14.4222 0.0 91.0 68.6746 76.9988 40.6079 49.311 80.9969 67.4283 94.586 33.2415 34.3657 49.4975 88.6119 12.0 15.0333 26.3059 83.3847 41.7978 72.6154 43.6578 23.4164 63.9531 27.1662 96.1757 10.8167 77.3013 64.2512 
74.0975 109.613 27.4591 88.0048 96.129 91.4166 84.5341 30.2655 74.0945 44.2945 19.105 47.2969 84.7585 48.2702 59.1414 78.3005 80.3243 35.4683 31.0644 104.084 89.319 4.47214 76.896 91.0 0.0 107.824 78.5875 65.594 67.5154 89.56 23.7065 89.4539 75.06 113.952 55.7613 91.7824 87.0919 105.342 108.888 7.61577 76.8975 18.3848 66.8977 92.3099 31.8904 103.499 89.2749 80.4114 97.5756 105.315 
44.0182 62.2415 80.4984 35.1715 30.2326 73.1459 62.773 107.717 34.21 63.5295 99.7393 63.2535 74.3677 72.4612 71.8218 69.0943 76.5879 72.7186 80.604 62.3699 21.3776 107.787 76.3735 68.6746 107.824 0.0 36.3593 54.8342 42.018 27.5136 90.6207 42.4264 99.595 46.0435 55.5502 33.3766 80.0013 76.0592 50.2494 101.98 43.7743 95.058 46.7915 45.6007 77.5925 44.5982 44.4072 73.7411 12.53 4.47214 
36.4005 79.6994 53.2353 33.541 43.2986 80.4649 72.1261 80.8806 23.0217 37.0135 74.0068 31.3209 76.8903 58.8832 59.3633 56.3925 75.0733 43.566 48.4665 77.5575 27.074 79.6241 71.4493 76.9988 78.5875 36.3593 0.0 41.6173 28.3196 11.1803 65.0077 17.0294 91.4002 69.3735 37.1618 14.1421 83.1066 88.775 69.6348 74.1485 36.8917 69.0652 34.7131 57.8828 52.0096 62.5859 18.3848 72.3464 23.8537 36.2491 
13.0 53.0472 36.4478 30.3173 38.3592 43.4166 27.1662 52.9885 21.587 23.1948 52.8692 33.2415 38.6264 17.733 17.8885 21.0238 35.7771 32.28 43.4166 48.3735 36.1635 64.0892 31.7648 40.6079 65.594 54.8342 41.6173 0.0 13.9284 47.927 43.7147 58.6003 49.8197 52.4786 9.0 54.5894 44.2832 55.3263 47.9499 58.4002 15.6525 49.0689 8.06226 30.8781 33.4593 42.0595 59.8164 33.6155 47.1699 52.1595 
10.0499 57.0789 40.0569 20.5183 28.8508 52.7731 34.1172 66.8782 8.0 24.0832 59.1588 29.4109 49.0918 31.6228 31.7805 28.7047 47.0106 34.0588 44.1022 53.4603 23.3473 67.2677 43.2782 49.311 67.5154 42.018 28.3196 13.9284 0.0 34.0147 50.0402 45.3431 63.2456 52.5341 13.6015 40.8167 55.2178 63.3249 49.366 61.4569 12.0416 54.4776 6.40312 33.0 37.0684 42.581 46.6905 44.4072 34.0147 39.3433 
40.0 79.3406 63.7887 32.8027 46.6172 84.463 75.2415 90.9194 26.9258 47.1699 84.214 42.3792 80.8884 65.5671 65.7951 60.3906 79.0997 54.3415 59.6154 77.3316 25.0599 90.471 75.5077 80.9969 89.56 27.5136 11.1803 47.927 34.0147 0.0 75.1082 16.2788 96.8969 66.2193 45.1221 8.06226 87.1046 89.9147 68.0716 84.9294 39.8247 79.404 40.2492 57.6568 62.1289 61.6127 18.2483 76.3445 15.2971 28.4429 
55.6923 86.0349 13.4164 70.6119 78.6538 68.0074 62.6548 17.4929 56.6372 28.0 9.21954 36.4005 61.4003 26.3908 35.5631 56.4212 57.0088 23.4094 27.5862 80.5061 71.95 21.4009 53.4509 67.4283 23.7065 90.6207 65.0077 43.7147 50.0402 75.1082 0.0 78.9177 54.5894 92.0729 38.2861 79.0569 64.1327 81.9085 87.0089 16.1245 58.0295 5.65685 49.4225 70.4306 13.0 81.6197 79.2465 56.921 80.8923 87.946 
53.1507 94.6139 66.2722 48.076 62.8086 98.0521 88.8306 95.3415 39.6989 51.4198 87.5728 43.0465 93.7573 75.7741 76.2758 73.2596 91.9674 56.1427 58.4209 92.6025 40.8534 91.1373 88.3912 94.586 89.4539 42.4264 17.0294 58.6003 45.3431 16.2788 78.9177 0.0 108.407 82.4621 53.7122 9.05539 99.9736 105.257 84.2137 86.0233 53.4135 82.3893 51.7397 72.9277 66.0984 77.1958 2.0 89.2135 31.0 44.0454 
57.2451 53.3104 63.2456 76.1597 72.4049 30.0832 42.19 45.5412 69.9714 66.6884 56.0089 77.8682 25.4951 47.2017 32.5269 41.2311 23.0217 70.1119 78.2212 48.1041 82.6536 71.1758 24.1868 33.2415 75.06 99.595 91.4002 49.8197 63.2456 96.8969 54.5894 108.407 0.0 67.4685 56.0514 104.01 21.9317 40.8044 59.439 68.0 58.2413 58.1378 56.8595 54.1022 58.1413 59.3043 109.636 26.0 93.6791 95.1716 
42.8641 18.3848 88.6294 36.0139 26.0768 38.1182 31.8769 94.6325 50.3587 74.3342 99.056 81.6621 41.9762 66.0912 58.0183 38.1982 44.9222 84.0952 94.9494 21.2132 42.3715 112.447 45.31 34.3657 113.952 46.0435 69.3735 52.4786 52.5341 66.2193 92.0729 82.4621 67.4685 0.0 60.3738 74.0405 46.2709 34.4819 8.06226 106.758 40.4403 97.4271 49.8162 22.0227 83.5302 10.6301 84.4038 42.3792 52.9245 42.19 
18.4391 61.9435 28.3027 33.3016 41.3435 52.1728 36.1248 58.3438 21.3776 14.3178 47.4047 24.3311 47.1275 23.0883 23.6015 30.0167 44.0114 23.7697 34.7851 57.3149 36.8795 55.5136 39.9249 49.4975 55.7613 55.5502 37.1618 9.0 13.6015 45.1221 38.2861 53.7122 56.0514 60.3738 0.0 50.9215 52.5547 64.2806 56.3028 49.7027 21.2603 42.7234 11.3137 39.2173 25.3142 50.1597 54.7083 42.0595 47.2652 52.8755 
47.5079 87.3505 67.0671 40.8126 54.5271 92.078 82.8565 94.9757 34.2053 51.0882 88.0057 44.5533 88.5034 72.0967 72.4707 68.0056 86.4941 57.2189 61.131 85.3415 33.121 93.0591 82.9759 88.6119 91.7824 33.3766 14.1421 54.5894 40.8167 8.06226 79.0569 9.05539 104.01 74.0405 50.9215 0.0 94.7197 97.9246 75.9814 87.6926 47.4397 83.006 47.1699 65.6667 66.0681 69.5226 11.0454 83.7389 22.0227 35.0143 
47.0211 31.3847 69.0 59.7261 53.0414 8.24621 25.5539 60.3738 60.3505 65.0552 68.3081 76.5376 6.40312 47.676 32.1403 27.5862 8.544 71.7008 82.3893 26.2488 72.3836 83.8153 12.6491 12.0 87.0919 80.0013 83.1066 44.2832 55.2178 87.1046 64.1327 99.9736 21.9317 46.2709 52.5547 94.7197 0.0 19.8494 38.2099 79.555 47.9056 68.884 49.0918 34.7386 63.0079 39.1152 101.45 10.8167 83.4091 75.5779 
53.5394 16.2788 85.0 57.3661 50.2096 13.9284 29.4109 79.7559 65.861 78.0577 86.9253 88.5664 20.6155 62.2013 48.0521 34.7131 25.0799 86.0529 97.1288 13.8924 73.6128 102.318 28.4605 15.0333 105.342 76.0592 88.775 55.3263 63.3249 89.9147 81.9085 105.257 40.8044 34.4819 64.2806 97.9246 19.8494 0.0 27.313 97.7394 52.167 86.977 57.7267 33.0151 78.9177 31.6228 106.847 25.0 80.1069 71.7008 
39.6232 12.0416 84.3478 36.1386 26.9258 30.0666 24.4848 87.2404 49.0408 70.5195 91.6639 78.4474 33.9559 61.5207 50.6262 30.8061 37.0 80.0562 91.0824 13.6015 52.6385 106.69 37.5766 26.3059 108.888 50.2494 69.6348 47.9499 49.366 68.0716 87.0089 84.2137 59.439 8.06226 56.3028 75.9814 38.2099 27.313 0.0 101.694 37.3363 91.0818 46.3249 17.088 78.9597 7.07107 86.0232 34.5398 55.5698 46.0977 
68.0389 101.997 21.5407 82.0285 90.0704 83.8153 77.3403 24.0416 68.0538 38.6264 12.0416 43.1856 77.1622 41.0763 51.5256 71.1067 72.7324 30.5941 28.4429 96.4686 83.3666 5.83095 69.2892 83.3847 7.61577 101.98 74.1485 58.4002 61.4569 84.9294 16.1245 86.0233 68.0 106.758 49.7027 87.6926 79.555 97.7394 101.694 0.0 70.8389 10.7703 60.8391 85.1161 25.2389 96.3053 86.0 72.8011 92.1141 99.3626 
2.82843 45.1774 49.439 18.6097 26.6516 45.2639 35.7406 67.3033 13.8924 34.4819 67.1841 41.2311 41.6893 32.0479 30.0167 21.1915 39.9006 44.4185 55.0091 41.7732 25.1036 76.6498 36.3941 41.7978 76.8975 43.7743 36.8917 15.6525 12.0416 39.8247 58.0295 53.4135 58.2413 40.4403 21.2603 47.4397 47.9056 52.167 37.3363 70.8389 0.0 63.3837 10.0 21.0238 46.4504 30.5941 55.0 37.1455 36.1291 41.0996 
61.0464 91.2313 16.1245 75.0492 83.0911 73.0548 68.009 17.0294 61.0745 32.249 5.38516 39.4588 66.4078 31.745 40.7595 61.7754 61.9839 26.3059 28.3019 85.7025 76.3873 15.8114 58.5235 72.6154 18.3848 95.058 69.0652 49.0689 54.4776 79.404 5.65685 82.3893 58.1378 97.4271 42.7234 83.006 68.884 86.977 91.0818 10.7703 63.3837 0.0 53.8598 75.7847 17.4642 86.9739 82.6075 62.0322 85.3296 92.3833 
7.2111 53.0377 39.4392 22.6469 30.6888 47.0106 28.519 61.0211 13.6015 24.5967 60.9019 32.249 43.0465 25.7657 25.632 23.0868 40.8044 34.4819 45.1885 49.0408 28.1207 66.65 37.0135 43.6578 66.8977 46.7915 34.7131 8.06226 6.40312 40.2492 49.4225 51.7397 56.8595 49.8162 11.3137 47.1699 49.0918 57.7267 46.3249 60.8391 10.0 53.8598 0.0 29.4279 36.4506 39.8497 53.0754 38.2753 39.1152 44.1168 
23.0217 24.1868 67.276 25.1082 18.4236 27.8885 17.2801 80.0357 34.0922 53.4509 79.5851 61.6604 29.105 44.4489 43.4215 23.6015 31.095 62.9682 74.0 21.1896 41.3549 90.8051 30.8806 23.4164 92.3099 45.6007 57.8828 30.8781 33.0 57.6568 70.4306 72.9277 54.1022 22.0227 39.2173 65.6667 34.7386 33.0151 17.088 85.1161 21.0238 75.7847 29.4279 0.0 61.8879 11.4018 74.7393 28.2483 49.5023 41.1773 
43.6505 80.0562 6.08276 57.64 65.6819 65.3758 54.2388 29.4109 43.6653 15.0 22.0907 24.1661 59.1354 17.4642 31.0644 47.9496 55.0364 12.0416 20.2485 74.9466 58.9781 31.0644 51.0882 63.9531 31.8904 77.5925 52.0096 33.4593 37.0684 62.1289 13.0 66.0984 58.1413 83.5302 25.3142 66.0681 63.0079 78.9177 78.9597 25.2389 46.4504 17.4642 36.4506 61.8879 0.0 73.0771 66.4906 54.231 67.9204 74.9741 
32.9848 18.0278 78.4651 29.1204 20.1246 31.4006 22.5772 85.3328 42.0119 64.2573 90.7743 71.8053 34.0147 55.6381 48.7186 28.8985 36.3456 73.9256 84.8646 17.8045 45.6206 101.994 36.1386 27.1662 103.499 44.5982 62.5859 42.0595 42.581 61.6127 81.6197 77.1958 59.3043 10.6301 50.1597 69.5226 39.1152 31.6228 7.07107 96.3053 30.5941 86.9739 39.8497 11.4018 73.0771 0.0 79.0054 33.541 49.1298 40.3113 
54.6717 96.4234 66.4831 49.8855 64.7366 98.8088 90.4204 95.8019 41.2311 51.923 87.8237 43.1856 95.2342 76.9109 77.4209 74.7364 93.4345 56.3205 58.2151 94.4141 42.72 91.0494 89.8276 96.1757 89.2749 44.4072 18.3848 59.8164 46.6905 18.2483 79.2465 2.0 109.636 84.4038 54.7083 11.0454 101.45 106.847 86.0232 86.0 55.0 82.6075 53.0754 74.7393 66.4906 79.0054 0.0 90.6863 33.0 46.0435 
36.261 31.1448 60.2993 55.1295 46.551 11.1803 16.4924 55.8032 49.5903 54.9181 62.1691 66.2193 5.09902 38.0526 23.1948 17.2047 3.16228 62.1289 73.0274 25.4951 61.6235 77.4726 3.60555 10.8167 80.4114 73.7411 72.3464 33.6155 44.4072 76.3445 56.921 89.2135 26.0 42.3792 42.0595 83.7389 10.8167 25.0 34.5398 72.8011 37.1455 62.0322 38.2753 28.2483 54.231 33.541 90.6863 0.0 72.649 69.3177 
36.373 67.1483 70.5762 27.5263 34.1342 80.7674 71.5459 100.069 26.0192 53.4883 90.0109 51.8652 77.1928 64.8131 64.1766 56.695 75.4041 62.1691 69.3397 66.5981 16.5529 97.8621 71.8976 77.3013 97.5756 12.53 23.8537 47.1699 34.0147 15.2971 80.8923 31.0 93.6791 52.9245 47.2652 22.0227 83.4091 80.1069 55.5698 92.1141 36.1291 85.3296 39.1152 49.5023 67.9204 49.1298 33.0 72.649 0.0 13.1529 
41.3435 58.0517 77.9193 32.4968 25.8092 68.7224 58.3495 105.042 31.5353 61.0574 97.0646 61.5549 69.9442 69.7864 69.1471 64.6709 72.1644 70.4557 78.7464 58.0517 18.0278 105.173 71.95 64.2512 105.315 4.47214 36.2491 52.1595 39.3433 28.4429 87.946 44.0454 95.1716 42.19 52.8755 35.0143 75.5779 71.7008 46.0977 99.3626 41.0996 92.3833 44.1168 41.1773 74.9741 40.3113 46.0435 69.3177 13.1529 0.0 
DEMAND_SCENARIO_SECTION
0 0 0 0 0 0 0 0 0 0 0 0 0 0 0 0 0 0 0 0 0 0 0 0 0 0 0 0 0 0 0 0 0 0 0 0 0 0 0 0 0 0 0 0 0 0 0 0 0 0 0 0 0 0 0 0 0 0 0 0 0 0 0 0 0 0 0 0 0 0 0 0 0 0 0 0 0 0 0 0 0 0 0 0 0 0 0 0 0 0 0 0 0 0 0 0 0 0 0 0 0 0 0 0 0 0 0 0 0 0 0 0 0 0 0 0 0 0 0 0 0 0 0 0 0 0 0 0 0 0 0 0 0 0 0 0 0 0 0 0 0 0 0 0 0 0 0 0 0 0 0 0 0 0 0 0 0 0 0 0 0 0 0 0 0 0 0 0 0 0 0 0 0 0 0 0 0 0 0 0 0 0 0 0 0 0 0 0 0 0 0 0 0 0 0 0 0 0 0 0 
5 6 5 2 6 4 5 2 4 8 4 5 4 5 5 7 5 6 3 3 6 5 5 4 5 9 5 4 3 3 4 8 10 4 5 8 5 4 6 4 3 7 4 6 4 8 3 5 5 9 7 3 9 3 2 6 6 6 3 3 3 3 5 6 5 2 4 2 6 2 3 4 4 3 4 8 6 5 4 2 4 4 4 7 6 5 7 5 7 6 4 5 6 5 1 7 7 4 2 4 4 6 4 9 6 2 4 6 3 8 5 4 4 8 5 4 4 5 4 3 3 4 7 8 3 0 6 8 1 4 3 5 3 7 4 4 5 5 3 4 4 4 7 6 6 5 7 3 5 4 5 5 3 4 5 7 6 3 5 8 7 4 5 3 9 5 4 4 9 8 8 6 4 5 6 4 5 5 4 6 4 7 5 4 5 4 3 5 6 4 4 7 4 4 4 4 7 5 2 7 
11 8 6 4 8 5 5 8 10 11 8 7 11 6 9 6 5 7 8 8 6 8 4 4 14 6 6 5 8 10 10 5 8 10 9 6 6 9 9 5 7 6 4 6 9 8 3 6 5 8 8 4 6 10 4 9 6 9 11 4 8 6 2 7 11 6 3 6 1 12 1 10 8 8 6 9 8 7 7 7 6 8 9 10 4 4 9 8 5 9 6 8 7 9 9 5 9 5 4 4 7 10 10 5 3 6 8 7 9 6 7 3 8 6 8 11 10 6 8 14 2 5 9 9 7 6 10 6 6 8 2 5 8 4 4 1 5 10 6 8 6 7 8 10 9 12 5 5 4 6 9 8 11 5 6 8 9 10 8 7 3 7 0 7 8 10 5 1 8 6 7 10 9 8 5 5 10 5 8 7 8 5 6 5 8 8 4 6 2 8 7 10 7 7 6 8 9 6 5 5 
4 3 6 10 8 7 8 6 8 5 8 7 10 9 9 6 5 3 5 3 4 6 4 3 5 9 2 9 8 4 8 6 6 7 6 7 4 9 9 6 8 3 8 9 5 13 10 6 7 11 6 5 11 5 7 10 9 8 6 7 8 2 9 4 5 7 3 7 3 12 10 10 7 5 4 5 3 5 8 9 9 6 6 8 6 10 7 7 11 7 6 9 10 8 4 4 15 8 10 8 8 5 5 7 8 5 4 5 8 7 7 9 8 2 12 5 11 9 8 5 6 4 3 5 5 6 4 10 8 6 7 5 6 10 9 7 10 10 9 6 12 5 8 4 6 8 10 4 7 7 10 5 5 9 8 3 8 4 9 3 6 5 12 8 6 3 7 9 7 8 6 4 8 6 7 14 4 8 7 3 6 8 6 7 6 9 6 8 11 10 5 8 7 8 10 7 2 6 4 7 
14 4 9 8 6 7 7 8 11 8 13 6 13 9 9 8 13 7 10 16 13 15 7 14 15 7 8 7 14 14 14 12 15 18 11 14 14 5 11 9 14 7 7 9 12 13 10 11 12 7 12 10 7 10 11 5 6 13 11 12 8 8 11 9 7 8 8 3 9 12 7 10 8 10 13 2 11 8 12 15 10 4 4 9 15 9 10 13 9 7 7 14 8 13 12 16 8 9 8 12 10 8 8 16 13 4 10 7 6 9 7 11 10 15 11 10 12 11 2 10 13 11 12 16 2 8 8 11 6 8 9 8 10 11 12 9 8 15 12 10 12 10 10 13 9 12 11 12 11 12 12 11 11 7 9 12 8 9 11 11 15 10 9 12 19 17 15 10 12 9 7 10 10 14 8 9 9 11 9 12 13 14 4 14 9 11 9 11 9 11 7 16 9 9 11 15 4 4 12 8 
3 6 6 5 4 2 6 8 6 6 5 10 6 5 3 11 4 4 5 7 4 4 7 7 8 2 9 7 9 7 7 4 5 6 7 9 7 5 2 3 6 3 5 7 5 7 9 6 8 8 9 5 5 6 5 9 4 6 7 10 6 8 5 5 7 6 6 8 6 10 5 6 8 6 10 4 5 7 6 6 4 7 3 8 6 6 3 6 4 7 14 5 5 10 6 4 5 6 3 6 6 6 6 9 5 7 6 6 4 10 7 5 7 7 4 7 10 2 5 8 8 5 11 7 9 0 5 2 5 6 8 7 9 7 4 2 7 5 3 4 7 5 6 7 6 6 7 10 5 4 5 8 9 3 6 6 4 3 4 8 5 5 2 3 6 5 4 4 4 7 6 5 4 12 6 7 5 7 8 11 4 8 6 6 7 5 7 10 6 9 5 6 3 10 6 5 6 4 9 1 
5 3 3 6 4 5 5 5 4 3 3 6 6 3 5 6 6 3 2 3 6 6 3 2 2 3 4 4 4 4 3 7 4 3 4 7 4 2 6 3 4 4 3 3 5 5 3 1 3 4 6 5 5 4 1 3 2 5 4 5 4 3 5 1 4 3 5 4 3 4 6 5 3 4 2 4 3 4 4 3 5 5 5 5 3 4 4 3 5 3 3 6 2 7 4 2 4 4 3 5 5 3 6 4 2 4 6 4 4 3 5 5 4 4 6 4 4 5 3 5 2 4 2 4 6 3 5 5 5 5 3 5 6 4 4 5 5 4 4 3 3 5 5 5 6 4 3 5 3 6 3 2 3 3 3 2 2 6 3 3 3 4 6 4 5 4 4 6 6 6 4 3 5 5 5 4 5 3 3 4 5 4 3 6 4 3 4 4 5 3 3 4 6 4 6 4 4 6 6 4 
3 4 3 2 3 3 2 3 4 5 5 1 4 3 2 4 3 3 2 3 4 3 4 4 3 3 3 3 4 3 2 3 3 3 3 3 5 2 3 4 4 4 4 5 2 5 3 3 4 3 2 4 1 3 4 4 2 3 4 3 4 3 3 3 3 3 2 5 2 4 1 4 4 1 3 3 2 3 2 2 2 2 2 2 2 3 4 3 4 4 3 2 3 3 4 3 2 3 3 1 2 2 3 4 3 1 3 3 5 3 3 2 5 3 3 1 3 3 4 3 2 3 3 3 4 3 3 4 3 4 4 2 4 3 2 4 4 2 2 3 3 3 3 3 2 3 3 2 5 4 3 3 2 2 5 4 3 4 3 3 4 3 4 3 3 3 3 4 4 2 3 3 3 3 3 3 3 2 4 4 3 2 3 4 3 4 3 3 2 1 3 2 3 3 3 1 4 2 2 1 
8 14 9 9 4 8 6 11 10 4 7 8 11 7 11 6 9 8 6 8 6 8 3 7 7 12 6 4 15 6 9 8 13 11 13 3 5 10 10 8 3 7 8 5 6 12 12 4 8 3 4 4 4 7 8 7 8 7 5 7 9 7 13 7 11 7 11 10 8 9 7 11 12 8 7 7 9 7 12 12 8 3 2 10 3 13 7 7 9 9 4 5 7 9 12 6 3 7 11 6 3 8 9 7 6 11 7 3 6 9 7 12 4 8 12 7 10 8 7 10 10 6 9 8 7 7 9 5 7 9 10 5 2 6 4 8 12 6 10 5 10 6 5 9 6 9 5 7 6 11 9 4 13 6 10 15 6 6 10 11 10 11 7 11 4 12 8 4 12 3 5 6 7 9 8 10 12 4 6 7 7 5 6 10 8 8 6 14 10 10 13 13 7 1 8 10 11 10 8 9 
7 10 11 10 9 18 13 10 12 16 7 16 12 14 10 12 4 12 7 7 6 8 11 9 5 8 3 10 6 7 7 15 10 12 11 13 9 11 17 11 7 11 5 12 14 4 6 15 15 7 8 8 9 6 5 14 8 7 17 13 14 12 10 10 9 9 9 12 5 7 10 7 8 8 13 8 9 11 5 10 14 6 10 12 6 5 8 5 6 10 10 10 7 13 1 14 12 9 11 7 13 14 13 9 12 12 12 7 11 12 12 13 11 5 8 11 11 9 7 9 14 11 8 10 1 5 3 11 9 5 8 8 15 11 13 16 6 11 9 14 4 10 13 10 9 11 9 12 9 11 10 10 9 10 11 11 10 14 16 9 12 12 12 14 9 7 11 10 10 13 11 7 8 9 6 14 13 11 14 10 6 10 12 8 0 7 12 8 8 8 11 17 6 8 10 5 9 13 12 9 
6 5 11 8 12 7 5 11 5 5 6 9 10 6 10 10 6 8 10 9 6 12 11 9 9 7 8 12 10 8 8 11 7 12 9 5 4 8 5 7 9 5 7 10 7 7 11 5 4 9 12 8 13 6 9 5 10 9 7 6 7 6 7 7 7 11 5 11 6 7 3 6 6 11 2 13 3 10 8 8 9 7 8 6 13 4 7 8 4 12 7 5 6 7 3 9 7 9 12 9 9 11 8 11 4 5 8 11 9 9 11 7 12 4 11 14 10 8 8 9 12 6 9 8 6 11 10 10 10 6 12 12 8 10 6 7 7 9 7 11 10 11 9 9 6 12 9 7 6 11 8 10 4 11 9 10 9 4 9 6 8 6 13 7 11 6 8 9 8 9 6 7 7 13 4 8 10 11 7 10 6 6 10 5 7 9 10 12 9 7 3 8 6 6 9 6 8 11 9 4 
2 4 3 2 3 2 2 4 3 2 3 3 2 2 3 4 3 2 4 2 4 4 4 3 4 2 3 4 2 3 3 4 2 2 4 4 3 2 2 2 3 2 2 3 4 5 4 4 1 2 4 2 2 2 0 4 1 4 1 2 4 4 2 4 3 3 1 3 3 2 1 3 4 3 2 4 3 4 2 4 4 4 1 2 4 4 3 3 2 2 3 4 4 2 5 2 1 2 2 2 3 2 1 1 3 4 3 4 3 2 4 3 5 3 5 5 2 4 4 3 3 5 3 3 4 3 2 2 3 2 3 5 3 1 3 2 4 4 3 2 2 2 2 2 3 3 3 2 2 3 2 2 4 3 2 3 2 3 4 2 3 2 4 2 2 2 2 4 4 5 3 3 2 2 2 3 2 3 3 2 2 3 3 3 4 3 2 4 4 2 2 3 2 3 4 3 3 3 5 4 
9 7 5 8 6 5 6 6 5 5 8 8 5 9 6 5 7 8 6 6 10 5 11 8 5 4 7 6 6 5 5 3 5 7 6 5 6 4 6 6 5 7 7 5 9 7 4 7 6 3 8 7 7 3 6 7 7 4 5 5 6 8 8 7 10 8 7 5 8 5 6 5 6 7 6 6 7 4 6 7 7 9 2 6 6 7 6 6 5 5 5 5 7 3 4 7 4 9 4 8 11 4 6 5 6 6 5 7 4 7 5 9 6 8 7 3 8 3 4 9 8 3 3 6 7 5 6 0 6 6 7 8 5 5 8 6 7 3 5 4 7 6 7 3 8 6 8 8 6 5 7 8 7 6 7 4 2 4 9 7 5 7 6 5 10 6 8 10 2 6 9 7 5 8 8 4 11 5 6 4 5 5 5 7 11 4 8 4 5 5 5 6 8 8 5 8 7 9 4 4 
1 1 2 1 0 0 1 1 1 1 0 1 1 1 1 1 1 1 1 1 1 0 1 1 1 1 1 1 1 1 1 1 1 1 1 1 1 1 1 1 1 1 1 1 1 1 1 2 1 1 1 1 1 1 0 1 1 1 1 1 1 1 1 1 1 1 1 1 1 1 1 1 2 1 1 1 1 1 1 1 1 0 1 1 1 1 1 2 1 1 1 1 1 1 1 1 1 1 1 1 1 1 0 1 1 1 1 1 1 1 1 0 2 1 1 1 1 1 1 1 0 1 1 1 1 1 2 1 1 1 1 1 1 1 1 1 1 1 1 1 1 0 1 2 1 1 1 1 1 1 1 1 2 1 1 1 1 1 1 1 2 1 2 1 1 1 1 1 1 1 1 0 1 1 0 1 1 1 1 1 1 1 1 1 2 1 1 1 1 1 1 1 1 1 1 1 1 1 1 1 
5 7 4 9 7 6 9 5 7 7 7 5 4 6 7 7 9 8 7 7 8 5 7 7 3 4 9 4 7 7 4 5 9 5 7 4 6 3 8 8 3 8 8 4 6 4 5 7 7 3 3 4 5 6 4 4 4 4 5 4 4 7 7 8 7 5 7 7 6 9 4 3 7 9 5 7 5 10 7 7 2 6 7 4 7 9 5 10 6 2 5 3 6 8 9 6 6 5 8 7 7 6 6 8 6 7 6 6 7 6 7 4 5 5 4 5 8 3 6 3 7 8 7 8 5 7 3 8 6 5 8 4 7 7 3 5 5 3 6 8 8 7 5 1 7 7 8 6 6 6 7 8 6 7 3 5 7 8 5 5 8 5 5 6 5 6 8 3 4 7 4 7 7 9 6 7 4 5 8 4 9 8 3 5 4 2 6 5 7 6 9 3 5 3 5 6 6 7 5 5 
9 9 9 20 8 8 9 9 3 12 12 5 10 10 10 5 7 6 11 5 8 13 6 9 6 6 7 8 10 13 7 10 9 11 10 8 12 8 10 8 7 9 12 12 9 12 8 5 7 12 9 9 6 13 9 11 7 9 6 8 4 10 10 12 10 9 9 13 14 18 11 5 10 11 10 7 9 10 11 9 7 7 14 6 9 1 10 13 14 8 8 8 6 5 7 9 9 7 8 12 10 10 9 6 10 11 8 13 15 6 10 10 10 9 10 11 9 11 5 13 12 10 8 15 17 9 7 11 8 7 6 8 12 13 6 11 4 12 6 11 12 10 9 9 9 3 11 5 11 9 8 8 6 7 7 11 11 10 10 8 13 10 9 14 10 11 10 12 7 10 8 13 8 10 7 12 9 9 6 7 4 9 15 9 10 9 10 6 4 3 4 7 9 10 13 11 5 11 7 8 
2 5 6 3 5 2 7 4 4 7 6 3 7 7 6 7 5 9 7 7 7 2 4 7 5 4 1 7 5 6 5 5 8 4 3 9 6 4 7 3 7 6 5 5 4 3 5 5 5 3 6 5 8 5 2 2 6 5 6 7 7 10 6 3 6 8 6 4 4 4 4 7 7 7 3 5 4 6 6 4 4 4 5 8 1 3 3 8 6 5 6 1 4 5 6 4 4 3 4 7 5 3 1 4 5 7 3 6 5 6 6 6 6 7 7 7 4 2 7 5 5 7 6 6 4 5 5 3 4 6 5 6 6 5 5 7 8 7 6 2 6 4 6 4 5 5 1 9 5 6 7 6 3 7 3 6 3 7 7 5 6 3 5 3 8 3 7 3 5 8 7 1 7 6 2 4 3 3 5 6 4 7 5 6 6 5 6 6 2 2 7 7 3 5 2 6 7 4 4 3 
9 4 4 6 8 5 5 6 7 7 4 2 5 4 4 3 6 6 6 8 6 6 8 4 4 6 4 7 5 10 7 4 8 8 12 9 4 10 6 3 7 9 6 0 10 9 7 3 7 6 7 5 5 7 5 6 4 4 6 5 4 5 5 9 8 4 10 9 10 2 9 6 8 7 6 5 4 5 5 5 6 4 5 5 8 7 4 6 6 8 5 3 5 5 6 5 6 8 11 5 7 7 3 5 6 5 6 6 2 7 5 3 4 6 5 4 5 4 6 8 6 6 5 5 7 4 5 5 8 4 7 6 6 7 8 5 4 5 5 8 6 8 6 6 6 7 1 6 1 5 7 8 4 3 4 6 4 7 9 9 7 8 4 5 8 6 6 8 6 8 7 7 5 6 7 6 7 6 7 1 3 7 6 4 6 5 7 7 2 6 7 10 8 8 5 7 7 6 8 8 
5 1 3 5 3 4 3 3 6 2 3 4 5 3 3 4 3 3 3 2 2 3 1 4 3 4 4 4 3 2 0 3 5 2 2 3 4 3 2 4 2 2 3 2 3 3 2 1 2 4 3 3 1 4 2 4 4 4 2 4 3 3 4 2 4 2 1 2 4 4 1 4 2 3 3 3 3 3 4 2 2 3 1 3 2 2 5 3 5 3 5 2 4 3 4 5 3 2 2 4 5 3 3 3 3 5 3 4 5 3 3 2 4 2 3 4 5 3 3 2 2 2 1 3 3 2 4 2 2 4 4 3 3 4 3 3 2 2 3 3 3 3 2 3 2 2 4 3 3 4 2 3 2 3 3 2 3 3 1 3 2 4 4 3 2 4 3 2 3 1 4 4 1 4 3 6 3 3 2 3 2 3 4 2 2 4 1 2 2 4 2 2 3 4 3 4 3 3 2 3 
3 5 3 4 2 4 3 2 1 3 2 4 4 4 3 3 4 4 2 4 1 3 4 4 2 5 4 4 3 3 4 3 2 2 3 4 3 4 3 5 3 2 2 2 2 5 4 4 5 4 5 2 2 4 2 3 4 2 3 2 4 2 2 1 3 4 4 1 4 4 4 4 4 3 5 3 2 3 1 3 3 4 3 2 0 2 3 2 4 4 4 3 4 4 3 2 3 2 3 3 4 4 2 1 3 3 2 2 2 3 2 2 5 2 2 2 3 2 3 2 3 3 5 3 2 3 3 3 4 3 5 5 3 3 2 1 5 2 3 3 2 3 2 3 3 1 3 3 4 4 4 3 2 2 5 1 4 3 4 3 3 3 4 5 1 4 3 1 3 2 3 3 2 4 3 3 4 2 4 4 4 5 4 4 4 2 3 3 3 1 2 4 3 2 5 4 3 1 4 3 
7 7 6 5 8 3 4 6 6 2 7 7 3 3 7 7 5 5 2 7 4 6 5 6 5 5 6 6 7 5 5 4 5 4 6 4 6 5 6 5 1 5 6 7 4 5 1 4 4 9 5 6 5 5 8 6 7 7 4 5 3 4 5 8 6 6 6 7 4 4 7 9 5 5 3 4 5 5 5 6 6 2 1 4 7 4 4 5 6 6 6 3 1 7 6 7 2 8 5 4 6 5 6 2 3 2 5 3 3 7 5 5 3 6 6 4 4 2 5 4 4 5 8 2 7 5 3 7 7 6 5 5 5 5 5 3 5 6 2 4 10 2 4 7 7 6 6 4 7 7 6 3 5 4 5 7 2 3 7 1 4 2 5 4 6 6 6 2 3 6 3 2 6 5 6 6 4 3 5 2 8 5 4 4 4 5 5 6 7 6 3 5 6 3 4 3 4 6 1 7 
8 8 7 4 7 11 8 8 5 5 8 6 10 5 12 5 6 7 7 7 6 9 7 5 8 9 5 4 8 8 4 6 6 9 7 9 8 6 3 6 10 7 6 3 7 9 4 8 10 2 7 7 7 8 7 11 3 7 8 5 7 7 5 8 7 5 5 4 6 7 6 8 10 9 5 7 6 9 6 9 7 6 9 7 10 12 14 7 6 6 7 6 6 3 6 6 8 5 9 9 6 10 10 4 8 7 7 9 11 5 8 11 4 8 9 10 6 9 11 10 7 8 4 10 8 6 9 8 8 7 8 5 7 10 7 6 7 9 10 6 4 10 6 6 7 7 9 8 6 8 8 6 8 6 8 8 2 11 4 6 7 9 8 5 6 5 5 4 5 8 6 6 7 6 6 6 8 10 9 9 8 10 7 8 5 9 10 9 6 6 5 8 6 7 7 6 3 6 10 6 
10 1 7 7 7 8 5 5 8 9 7 5 7 5 10 8 9 8 7 5 6 10 11 5 5 9 5 8 8 7 9 8 9 5 5 4 9 6 6 8 4 7 10 5 8 8 8 8 6 6 5 6 1 4 8 7 4 8 6 5 5 5 6 12 7 9 5 6 7 2 7 11 2 3 5 5 4 9 6 6 7 8 6 10 11 7 7 8 9 5 8 7 10 7 8 5 8 7 8 2 8 5 9 6 9 8 7 11 10 5 8 6 8 9 8 8 6 6 4 7 7 8 9 7 7 6 8 4 4 7 4 6 4 7 7 7 6 11 6 5 8 10 6 6 6 6 7 5 11 5 9 7 4 9 5 3 8 5 6 8 6 5 4 7 13 10 3 5 8 7 10 4 6 9 6 2 6 8 5 6 10 8 9 3 6 6 3 6 8 7 8 6 10 8 7 4 7 9 9 7 
6 6 5 5 7 3 3 5 4 4 3 4 6 6 7 5 6 4 7 3 6 6 8 3 7 4 4 6 6 7 4 3 5 6 3 8 7 7 8 4 5 3 6 6 3 4 8 7 4 3 4 5 1 1 4 5 6 8 7 7 2 7 2 2 4 5 6 5 4 6 7 7 3 6 4 3 5 7 5 5 6 6 7 8 3 5 7 4 5 5 3 4 5 6 6 4 5 5 6 7 4 8 5 3 5 8 5 5 4 4 6 7 4 4 5 6 3 4 6 4 5 4 5 1 4 4 4 5 1 7 4 5 7 8 4 5 3 4 6 3 4 2 7 5 4 4 7 4 6 8 5 6 3 5 2 6 3 5 3 5 6 4 6 8 5 5 3 5 4 5 6 2 5 6 4 5 8 7 7 5 4 6 5 3 9 7 4 5 2 2 2 5 5 8 3 1 5 7 6 4 
11 9 11 9 8 12 16 8 12 6 5 9 6 11 11 8 7 8 18 7 8 9 9 9 13 11 11 10 7 6 8 7 8 11 7 10 10 8 9 8 14 14 10 7 6 10 10 10 10 12 2 10 8 9 13 4 15 12 6 8 11 11 13 14 11 11 13 10 14 6 11 12 8 8 7 11 12 8 14 8 8 13 8 12 13 10 4 13 8 8 13 8 10 8 3 10 9 12 3 8 4 10 12 15 9 12 13 13 9 14 8 10 12 9 7 5 14 6 4 9 11 14 6 12 14 11 12 9 14 13 7 9 11 15 6 8 6 9 6 9 11 15 12 8 6 8 9 12 16 9 7 9 8 3 10 11 11 6 15 10 13 11 6 12 8 11 11 15 9 13 6 10 12 12 12 11 11 9 9 8 11 9 9 10 8 6 7 14 11 14 6 16 9 8 6 14 8 9 8 8 
1 2 0 1 1 1 1 1 1 1 1 1 0 2 1 1 1 1 1 1 1 1 1 1 0 1 1 0 1 1 1 1 1 1 1 1 1 1 1 2 1 1 1 1 2 1 1 1 1 2 1 1 1 1 0 0 1 1 1 2 1 1 1 1 1 1 1 1 1 1 1 1 1 1 0 1 1 1 1 2 1 1 1 1 1 2 1 1 1 1 1 1 2 0 1 1 1 1 1 1 1 1 1 1 1 1 1 1 0 0 1 1 0 1 1 1 1 1 1 1 1 1 1 1 1 2 1 1 1 1 1 1 2 1 1 1 1 1 1 2 1 2 1 1 1 1 1 1 0 1 1 2 1 0 1 1 1 1 1 1 1 1 1 1 1 1 1 1 1 1 1 1 1 0 1 2 1 1 1 1 2 1 1 1 1 1 0 1 1 1 1 2 1 1 1 1 1 1 1 1 
3 2 3 2 3 2 3 2 3 2 3 2 3 2 2 2 3 1 3 1 3 1 3 2 4 1 2 2 2 2 1 1 2 2 1 3 3 1 1 0 2 2 3 1 2 3 1 2 3 1 1 1 2 2 1 3 1 3 4 3 2 2 1 3 2 2 3 3 1 2 2 1 3 3 2 1 2 2 2 2 2 1 1 1 3 1 1 1 1 2 1 2 2 1 3 3 2 2 3 2 1 2 2 2 1 1 2 2 1 2 1 3 2 2 2 2 1 2 3 3 1 3 1 2 1 2 1 1 3 2 1 2 2 2 3 2 2 3 1 2 2 2 3 2 2 2 4 2 3 3 2 2 1 3 3 1 2 3 1 3 1 2 3 4 2 2 2 4 2 1 1 2 1 1 2 2 1 2 2 1 3 1 1 2 2 3 2 4 3 3 1 3 3 1 2 2 2 2 2 2 
3 1 3 2 3 2 1 1 3 1 2 1 1 1 2 2 2 2 2 2 1 1 1 3 1 1 2 1 2 2 1 3 0 2 3 3 2 1 1 2 3 2 2 1 2 2 3 3 2 1 2 1 3 3 2 2 1 2 2 3 2 2 2 2 1 2 1 1 2 2 2 2 2 1 3 3 1 2 1 1 1 2 3 2 1 3 1 1 3 2 2 1 3 1 1 2 2 2 3 2 2 1 1 3 2 2 2 3 2 3 2 2 2 2 2 2 2 1 2 2 3 2 2 2 3 1 1 1 2 2 2 3 2 0 2 3 1 2 2 1 2 1 2 3 0 2 2 2 3 2 1 3 0 2 3 2 2 3 1 4 3 2 2 3 1 2 1 3 3 2 1 2 3 3 1 3 1 2 2 2 3 1 1 2 2 1 2 3 3 2 2 2 1 1 2 4 2 1 3 2 
2 5 5 3 3 4 5 5 4 4 4 5 6 5 3 3 4 2 7 3 3 5 3 6 6 5 6 3 5 3 5 4 3 2 1 3 2 0 6 3 5 3 3 4 2 3 5 3 4 5 3 5 6 6 5 6 5 3 3 6 5 4 4 5 5 3 5 5 2 5 4 3 4 4 6 5 3 3 5 5 3 4 8 2 3 7 2 3 5 6 3 4 6 4 5 3 3 4 5 6 5 2 2 2 4 3 4 3 5 4 3 6 4 5 3 4 7 4 5 3 5 4 4 3 3 3 4 3 3 3 4 3 7 1 3 1 4 4 4 5 4 3 5 7 4 7 4 6 4 5 2 3 3 6 4 4 5 4 1 3 6 5 5 4 4 2 4 1 5 3 1 5 5 3 5 4 2 6 6 3 5 5 5 5 3 2 2 2 4 3 1 5 4 4 6 4 3 4 2 5 
1 1 1 1 1 1 1 1 1 0 1 1 1 1 1 1 1 1 2 1 1 1 1 1 1 1 1 1 1 1 1 0 1 1 1 1 1 1 1 1 0 1 1 1 1 1 1 1 1 1 0 1 1 1 1 2 1 1 1 1 1 1 1 1 1 1 1 1 1 1 1 1 1 1 2 1 1 1 1 1 1 1 1 1 1 1 1 1 1 1 1 1 1 1 1 1 1 1 1 1 1 1 0 0 1 1 1 1 1 1 1 1 0 1 1 1 1 1 1 1 1 1 0 0 1 0 1 1 1 1 0 1 1 1 1 1 1 1 1 0 1 1 1 1 1 1 1 1 1 1 1 0 1 1 1 1 1 1 1 1 1 0 1 1 1 1 1 1 1 1 2 1 1 1 1 1 1 1 1 1 1 1 1 2 1 0 1 1 1 1 1 1 1 1 1 1 2 1 1 1 
5 6 5 6 6 7 9 4 9 8 8 6 6 6 9 5 11 5 5 5 3 6 4 1 6 8 5 7 5 3 9 9 5 6 9 5 7 5 2 7 4 7 4 9 6 5 3 8 6 7 5 8 7 10 6 7 5 6 6 7 6 8 7 5 6 5 2 5 10 6 7 8 6 8 7 8 4 5 5 4 3 8 6 7 4 7 8 5 8 9 7 3 7 6 9 3 6 6 6 6 3 4 5 5 3 8 7 5 11 5 6 8 5 7 6 7 4 9 3 12 6 9 8 6 8 6 7 9 5 7 5 6 4 10 10 6 4 7 2 4 6 5 2 9 7 7 4 8 3 5 7 7 6 7 7 4 3 5 7 6 4 5 5 6 4 6 8 6 3 6 6 8 9 5 5 8 5 5 7 3 3 8 6 7 5 9 7 5 8 5 7 9 6 3 6 4 8 4 6 5 
4 7 4 11 8 9 12 5 8 11 11 6 8 10 9 9 11 6 9 9 8 6 9 11 7 10 7 15 6 8 5 12 6 10 12 10 6 9 11 10 7 10 8 11 6 3 8 7 10 11 8 3 3 5 9 6 8 6 8 8 12 11 5 7 11 9 9 7 11 13 6 9 5 8 8 9 9 4 14 5 5 5 2 6 11 8 6 9 7 12 8 7 2 3 9 15 8 9 8 11 7 8 6 7 10 10 8 10 4 8 7 10 7 4 11 9 8 9 10 11 3 5 9 10 9 7 8 9 10 8 7 7 5 10 9 8 7 11 2 10 7 5 9 6 7 7 5 8 7 5 6 8 7 5 4 8 7 4 8 9 10 13 10 8 11 3 10 5 7 9 11 7 11 7 5 9 13 15 14 6 13 3 8 7 7 6 6 9 11 1 11 9 2 9 7 12 5 8 7 7 
7 6 17 11 7 11 5 8 9 10 12 11 9 7 11 7 5 13 9 11 12 8 8 12 5 7 11 9 8 12 10 9 8 11 7 11 8 3 12 6 8 9 9 11 6 11 12 7 12 2 7 6 8 10 3 12 7 11 12 14 5 9 10 10 10 8 6 11 15 9 10 13 9 11 12 8 2 10 11 10 9 13 10 13 3 16 7 9 7 6 9 7 8 8 6 16 11 11 10 5 6 10 6 13 8 11 7 11 7 10 10 6 11 11 9 14 15 12 10 10 5 9 14 8 9 9 9 15 14 12 6 11 13 13 8 11 8 12 11 10 4 5 9 9 11 8 7 8 10 12 11 7 6 6 8 10 10 10 9 11 7 8 10 0 11 7 14 9 14 9 5 10 9 13 7 9 9 11 10 6 7 13 9 5 9 14 7 9 7 7 14 8 9 12 11 8 10 13 12 8 
6 11 7 7 8 6 7 12 8 5 4 6 11 6 8 7 9 10 7 7 8 9 9 9 6 6 9 8 9 4 9 7 7 7 2 10 10 7 3 7 10 9 4 6 10 3 2 4 13 6 8 7 8 5 8 6 5 9 8 10 10 7 8 6 3 6 8 5 2 10 9 5 9 4 9 3 9 8 4 5 11 7 6 7 9 6 10 7 10 10 6 3 4 9 3 7 6 5 4 10 6 8 6 8 7 5 4 7 10 8 6 3 9 7 5 3 6 6 6 8 9 3 4 6 10 6 4 10 6 7 8 6 5 7 8 5 8 9 5 10 8 3 4 8 5 5 7 2 6 8 11 9 10 5 13 10 11 3 7 4 3 5 6 6 9 5 8 8 8 5 8 8 7 5 6 7 4 11 7 2 8 4 6 7 10 10 8 4 9 9 7 6 7 9 9 4 5 4 3 5 
13 11 10 13 8 13 6 8 4 11 10 13 10 12 2 16 8 8 16 4 8 6 8 7 11 10 6 6 5 10 6 9 12 9 11 7 14 10 12 13 8 11 5 0 7 7 5 5 13 11 8 12 4 6 8 5 11 5 12 13 11 8 8 13 11 9 6 6 11 4 12 6 7 7 7 1 6 11 8 12 5 10 13 6 9 6 9 4 9 9 14 4 15 6 14 8 6 7 13 9 8 10 7 9 16 8 5 4 6 8 8 7 9 11 12 8 5 4 11 12 7 12 10 5 13 3 7 7 10 12 7 4 9 10 9 5 10 7 3 7 6 8 4 15 10 9 11 3 10 12 11 7 11 13 8 4 8 11 14 4 7 6 11 14 6 14 7 12 13 7 8 7 9 5 8 8 7 11 5 13 10 3 15 10 5 11 5 11 12 13 9 9 11 13 9 9 3 5 9 12 
6 6 8 10 8 14 4 8 9 6 6 11 18 11 15 9 8 5 9 9 8 5 8 11 9 5 8 4 10 9 8 8 9 10 6 4 12 10 8 9 11 11 9 6 5 7 10 11 6 11 8 16 5 8 12 9 12 9 8 12 6 10 6 9 11 11 4 6 10 6 14 8 12 7 9 11 10 8 4 9 11 12 7 2 7 8 10 9 8 9 11 12 11 8 11 9 9 9 9 5 4 12 2 6 10 5 7 11 11 5 13 11 10 9 11 11 14 8 11 8 11 12 14 8 12 8 9 12 7 5 12 12 6 7 13 13 9 6 9 9 9 10 9 2 9 8 15 6 7 5 8 5 9 5 10 7 7 5 4 6 6 12 9 4 5 5 13 12 9 8 11 13 9 4 13 10 4 12 9 8 12 10 14 13 6 7 5 11 7 11 7 10 8 12 4 7 5 7 2 11 
5 9 9 6 11 7 10 3 7 8 6 10 7 6 6 7 8 12 8 9 10 8 6 7 13 9 11 11 7 12 11 1 6 4 7 9 6 9 7 13 8 10 9 6 13 9 10 9 3 11 6 10 9 1 6 7 7 8 8 11 5 6 9 6 8 6 10 7 6 4 7 9 7 9 7 11 8 5 6 5 9 7 12 3 5 8 6 9 9 8 3 8 4 8 11 9 4 6 3 8 12 9 11 10 11 8 10 12 9 18 11 9 10 4 15 5 9 7 6 7 9 13 10 7 13 7 9 6 7 10 7 5 7 7 10 8 6 6 10 8 7 4 9 10 7 12 9 10 11 6 5 6 9 8 8 10 12 10 12 12 7 9 13 5 13 11 8 0 5 12 7 9 10 9 6 4 8 11 5 3 9 10 10 8 12 8 8 8 6 7 7 5 10 6 10 8 10 10 5 9 
8 6 7 5 6 5 6 2 3 9 5 7 6 9 10 8 9 9 9 9 7 7 5 7 10 6 9 8 5 10 9 9 9 1 3 8 5 9 7 5 6 5 8 5 6 9 3 11 6 10 1 5 6 6 8 8 7 7 8 4 6 11 12 4 9 8 3 10 10 4 6 7 7 6 9 10 5 5 8 9 9 9 8 12 14 4 6 3 8 8 6 7 7 8 6 10 11 7 3 8 5 7 8 6 2 9 4 5 6 4 3 7 2 5 7 9 10 9 8 5 2 11 6 4 7 9 12 8 8 8 5 7 6 9 6 7 6 7 8 3 7 6 8 11 9 11 6 6 5 12 5 10 8 8 10 5 9 5 6 5 5 7 6 6 8 5 6 8 6 6 6 8 12 9 9 3 7 10 10 6 8 8 8 8 6 4 11 11 9 8 5 10 7 4 11 8 6 7 6 3 
13 7 10 4 8 12 10 11 15 6 7 10 8 11 9 12 8 12 8 11 6 9 8 11 11 12 8 12 5 7 9 15 6 5 10 9 7 8 9 7 12 10 4 10 7 8 12 18 4 6 3 7 3 9 5 5 7 10 2 8 10 5 15 9 8 9 1 7 9 7 9 7 4 7 9 12 7 9 11 7 11 13 7 7 11 9 10 12 12 10 8 11 9 13 14 7 15 10 15 11 3 10 9 10 14 9 13 11 16 9 10 8 9 4 7 9 13 4 9 8 10 11 11 8 7 9 11 7 7 7 9 3 11 8 12 10 11 9 10 10 9 11 8 13 11 11 12 7 11 8 11 9 5 4 8 5 8 17 11 5 5 11 10 8 6 7 6 10 13 10 7 9 12 7 6 8 8 10 11 6 16 8 11 9 5 10 4 10 12 5 8 9 10 9 7 5 13 8 9 10 
3 1 4 3 4 4 4 3 1 2 0 3 2 5 2 2 3 3 3 2 3 4 4 4 4 3 3 4 3 4 4 3 3 3 1 3 3 3 2 4 2 3 1 1 2 3 4 2 3 4 2 5 4 1 3 2 4 3 5 4 4 3 4 2 3 3 2 4 4 3 2 4 4 4 4 3 4 2 2 3 3 3 2 3 2 3 3 3 2 3 4 3 3 2 3 2 1 4 4 4 3 2 2 4 3 2 5 2 4 4 3 2 2 3 3 3 4 3 3 3 3 3 4 4 3 1 4 3 3 3 2 1 5 2 3 2 2 3 5 4 3 3 4 2 2 3 2 3 1 4 4 5 2 4 4 3 3 3 3 4 3 2 3 2 3 3 3 3 1 2 2 4 2 3 4 3 2 4 5 3 4 4 4 5 4 1 3 3 2 4 4 3 4 3 2 4 4 2 2 3 
5 11 10 6 13 6 8 10 10 9 8 12 12 3 7 2 13 10 10 7 8 16 12 1 9 8 15 11 14 10 12 13 9 6 16 13 5 10 9 10 10 14 8 9 9 10 9 12 6 11 5 16 14 10 5 7 8 15 13 11 13 21 4 14 8 9 8 7 12 13 9 10 3 9 12 8 18 15 6 13 6 8 14 16 9 12 13 17 15 14 10 2 11 11 14 6 6 8 6 8 8 11 10 2 9 6 5 12 9 11 13 7 12 4 9 3 9 10 3 8 8 9 13 11 14 7 7 8 9 13 15 9 12 10 12 3 11 9 8 4 8 10 9 10 8 12 5 12 14 13 7 9 8 8 8 8 11 18 11 14 12 7 11 1 6 18 12 12 11 11 8 6 3 10 7 5 10 7 13 13 10 13 6 9 8 8 11 9 10 18 15 5 16 13 9 11 15 13 15 11 
12 11 11 13 12 9 10 6 4 12 4 3 10 8 6 7 6 3 7 3 10 9 8 7 13 8 4 6 8 7 9 13 2 6 7 6 7 6 12 6 5 5 8 7 7 5 7 8 9 5 5 10 10 10 2 14 5 6 9 5 11 7 8 5 11 8 8 6 8 9 7 12 7 10 7 9 9 10 13 7 8 3 12 4 12 6 6 9 10 10 7 9 14 4 6 4 6 11 7 7 7 8 4 8 10 2 8 8 8 9 6 13 8 6 6 6 11 11 2 8 8 7 8 7 13 10 12 6 10 7 10 13 14 11 4 9 8 6 7 9 6 6 7 6 10 6 8 10 5 9 12 8 11 8 7 2 12 6 10 6 4 5 8 6 8 12 5 9 4 7 11 6 8 4 8 12 4 11 4 13 8 7 13 5 12 11 7 15 8 11 10 6 12 9 7 5 11 6 10 8 
7 10 8 10 7 6 5 9 5 6 8 7 8 7 10 8 5 11 5 9 2 7 8 9 7 3 7 10 8 7 9 6 10 8 9 5 7 5 9 5 4 6 8 5 9 11 5 4 10 6 10 3 7 6 9 7 9 8 12 7 8 5 8 10 9 9 10 9 7 8 8 5 7 7 10 7 7 5 5 8 5 11 9 6 8 8 10 7 5 8 9 6 6 10 4 9 9 9 11 8 7 8 7 7 8 3 4 9 5 10 7 10 11 3 5 9 8 4 5 8 5 5 8 6 6 4 8 7 5 6 8 8 8 6 7 6 9 11 9 10 8 6 7 7 8 11 7 4 9 4 6 13 5 9 5 8 6 8 5 8 13 6 10 4 6 11 5 8 10 7 10 4 6 6 4 8 6 7 7 8 11 5 5 8 6 6 5 7 7 3 12 7 5 8 6 10 7 9 4 4 
