NAME  : Jabali_50_3_0.88_1_1
TYPE : SVRP
MODEL : FINITE_SUPPORT
NUMBER_OF_SCENARIOS : 200
DIMENSION : 50
EDGE_WEIGHT_TYPE : MATRIX
CAPACITY : 122
N_VEHICLES : 3
NODE_COORD_SECTION
1 3356 4504
2 5858 5814
3 3425 1203
4 4926 5820
5 5079 6038
6 6202 1265
7 4038 3048
8 4258 352
9 3071 5070
10 7631 906
11 3970 5593
12 260 1143
13 4256 424
14 5468 4753
15 1842 3600
16 4810 499
17 2124 1744
18 92 5468
19 1259 4168
20 1600 3072
21 1412 1948
22 3800 1456
23 2264 3860
24 7139 3012
25 5762 2314
26 1548 18
27 6555 7448
28 3033 3036
29 7606 1475
30 3741 4489
31 4618 2954
32 1260 3027
33 237 3380
34 2364 2202
35 2158 5920
36 1436 6929
37 6221 3428
38 4373 6906
39 2045 6245
40 5497 330
41 27 2846
42 4499 3122
43 3924 4212
44 5731 676
45 5807 5187
46 6192 4121
47 1196 1428
48 2657 1912
49 6660 2296
50 1894 4484
DEMAND_SECTION
1 0.0
2 2.0
3 4.0
4 7.0
5 7.0
6 6.0
7 9.0
8 1.0
9 3.0
10 9.0
11 5.0
12 5.0
13 6.0
14 6.0
15 9.0
16 10.0
17 9.0
18 4.0
19 9.0
20 2.0
21 3.0
22 9.0
23 7.0
24 5.0
25 10.0
26 5.0
27 7.0
28 7.0
29 9.0
30 7.0
31 9.0
32 9.0
33 7.0
34 6.0
35 7.0
36 1.0
37 5.0
38 9.0
39 6.0
40 2.0
41 9.0
42 9.0
43 7.0
44 7.0
45 9.0
46 10.0
47 4.0
48 4.0
49 10.0
50 10.0
DEVIATION_SECTION
1 0.0
2 0.666667
3 1.33333
4 2.33333
5 2.33333
6 2.0
7 3.0
8 0.333333
9 1.0
10 3.0
11 1.66667
12 1.66667
13 2.0
14 2.0
15 3.0
16 3.33333
17 3.0
18 1.33333
19 3.0
20 0.666667
21 1.0
22 3.0
23 2.33333
24 1.66667
25 3.33333
26 1.66667
27 2.33333
28 2.33333
29 3.0
30 2.33333
31 3.0
32 3.0
33 2.33333
34 2.0
35 2.33333
36 0.333333
37 1.66667
38 3.0
39 2.0
40 0.666667
41 3.0
42 3.0
43 2.33333
44 2.33333
45 3.0
46 3.33333
47 1.33333
48 1.33333
49 3.33333
50 3.33333
DISTANCE_MATRIX
0.0 37.3363 41.6193 27.4591 30.2324 57.6918 27.2029 54.8325 8.91119 74.0608 15.8114 61.8547 54.8325 28.0 24.7386 57.5148 39.8246 51.1296 30.153 31.3847 43.4166 39.3114 18.2483 53.3385 42.6759 64.0792 58.8218 18.9866 69.0955 5.0 32.4549 35.1141 46.2709 33.4215 28.3657 44.407 39.8246 34.9857 31.8312 66.3666 51.1957 30.8182 8.60233 62.9654 33.3766 37.3631 50.3289 35.0724 51.9741 24.9191 
37.3363 0.0 69.6213 12.1655 10.7703 60.2993 42.3152 77.4752 40.2616 70.0357 26.0 98.4886 77.4752 14.7648 61.988 71.714 75.4931 76.8603 65.7647 68.7095 79.773 64.4981 55.4006 41.4849 45.8912 97.7586 24.6982 54.6295 63.3482 34.8855 43.6005 72.45 83.0517 69.0937 46.7189 58.1808 32.0 24.0416 48.5077 71.4442 88.3854 42.0119 36.0555 67.4685 8.24621 23.0217 86.4464 69.5591 48.0937 55.7315 
41.6193 69.6213 0.0 66.7567 69.2418 36.8782 28.5864 15.0 50.5018 56.6127 57.4287 44.1814 15.0 55.6487 37.1214 20.0 19.6977 71.5891 47.8853 34.8281 29.5466 5.83095 37.6431 54.3545 33.7565 32.2025 95.0487 23.1948 55.9017 42.4401 40.2147 37.4833 51.7397 19.105 65.6209 78.8856 46.5188 80.8797 69.0864 29.4109 51.3128 29.693 51.5356 31.305 62.2191 52.0394 31.5753 14.2127 45.2066 46.4862 
27.4591 12.1655 66.7567 0.0 2.82843 62.2896 38.6305 77.4314 29.5466 74.9466 14.1421 89.3085 77.4314 15.8114 51.9011 73.6513 66.7087 64.7143 54.3415 58.7129 70.8025 64.4543 45.3137 47.8853 47.0956 90.9376 31.4006 45.845 68.7095 26.1725 39.9642 62.3943 71.8402 60.3093 34.5729 46.5296 36.0555 15.8114 36.4005 72.2581 77.7109 38.3276 28.4253 68.2884 14.1421 28.178 77.6209 61.9308 52.2015 44.3847 
30.2324 10.7703 69.2418 2.82843 0.0 64.1249 41.1156 78.6006 32.2025 76.243 16.4924 92.0869 78.6006 17.2627 54.662 75.8834 69.527 66.3702 56.7539 61.4738 73.6003 66.9393 48.0746 48.7545 49.0102 93.7559 28.6007 48.6633 69.8928 29.0 42.4493 65.1552 74.3303 63.1276 36.2215 47.4236 37.3631 14.7648 37.855 74.2577 80.2063 40.8126 31.241 70.2881 14.4222 29.1548 80.4301 64.7491 53.6004 46.8402 
57.6918 60.2993 36.8782 62.2896 64.1249 0.0 41.7232 27.2947 63.4631 20.1246 63.2456 80.895 27.2947 47.0106 69.1333 20.3961 56.3205 103.094 79.7576 69.7807 66.0984 32.8938 67.659 26.2488 15.2971 65.2763 83.1986 52.3948 19.105 52.6975 35.2779 72.0762 86.7114 54.3823 82.9176 98.9589 28.6356 77.7817 86.3831 15.0 87.0317 35.8502 49.98 10.0 52.1536 37.6563 68.4471 49.9889 15.0 76.8537 
27.2029 42.3152 28.5864 38.6305 41.1156 41.7232 0.0 41.3463 36.8924 59.1639 36.7047 59.4643 41.3463 27.9835 30.3645 44.0253 34.0 61.7753 39.6783 34.1321 40.8044 25.8229 26.4077 42.72 27.2735 55.9036 66.9225 15.0333 54.9317 26.1269 8.06226 38.1182 51.9711 28.2312 56.3469 72.3883 30.2655 52.7535 59.8125 50.8202 55.1453 6.40312 23.4094 46.8505 35.0499 31.4006 46.6154 27.4591 38.5876 35.5349 
54.8325 77.4752 15.0 77.4314 78.6006 27.2947 41.3463 0.0 63.715 45.2769 75.5055 55.3624 0.0 62.7959 51.9711 7.0 33.6006 86.4523 62.7694 49.8197 43.2666 15.5242 52.0 50.1199 31.462 38.0526 102.01 37.0 46.0435 64.9277 47.3619 52.4023 66.4831 33.9706 83.1695 93.4086 47.1718 91.5543 86.6351 15.8114 65.6049 47.9342 62.2102 19.105 69.3663 55.6234 43.8634 29.0 39.3954 61.0092 
8.91119 40.2616 50.5018 29.5466 32.2025 63.4631 36.8924 63.715 0.0 79.832 16.4012 70.7202 63.715 32.1403 33.2857 66.3974 48.7208 42.5441 26.0 40.0975 52.3105 48.1939 26.6983 58.78 48.4471 72.9617 60.5392 27.8691 74.8667 11.4679 38.2261 43.7789 54.5905 42.3181 21.0984 37.1397 45.198 35.1056 24.5639 72.7062 59.6831 36.5895 15.5696 68.7366 37.054 42.1383 59.2335 43.9549 57.7454 16.0312 
74.0608 70.0357 56.6127 74.9466 76.243 20.1246 59.1639 45.2769 79.832 0.0 78.7718 100.225 45.2769 59.1354 87.7859 38.3275 76.2168 120.661 98.4101 88.4332 86.0349 52.9245 85.0647 29.0172 31.8904 83.0542 90.0056 71.0473 7.07107 69.0665 52.7186 92.0743 106.8 74.4017 99.2865 115.328 38.8973 90.7579 102.752 30.0 107.051 53.2909 66.349 26.1725 62.5859 47.2969 88.0568 70.0071 22.8473 94.4206 
15.8114 26.0 57.4287 14.1421 16.4924 63.2456 36.7047 75.5055 16.4012 78.7718 0.0 77.6759 75.5055 23.0217 40.2413 72.7883 55.6764 51.1957 40.2616 47.0531 59.2661 62.5284 33.6539 54.4885 48.1041 79.8886 44.2945 34.796 73.2462 16.7631 38.0384 50.7346 57.8705 49.2737 26.1666 40.055 41.2311 19.2354 29.4268 72.5185 63.7645 36.4018 20.3961 68.5489 25.2982 35.4683 66.1891 50.8818 56.0803 30.3645 
61.8547 98.4886 44.1814 89.3085 92.0869 80.895 59.4643 55.3624 70.7202 100.225 77.6759 0.0 55.3624 87.4476 39.6232 62.0967 26.3059 59.8415 43.4166 31.8277 18.7883 49.0102 45.9674 97.3293 77.0584 23.4307 120.673 45.1885 99.985 63.6318 61.4391 29.2062 30.4138 31.3209 68.8186 79.2023 87.6221 96.8875 71.5612 71.1688 24.0208 61.8466 62.8458 74.2159 93.2557 90.5207 13.1529 33.3766 89.0 49.8391 
54.8325 77.4752 15.0 77.4314 78.6006 27.2947 41.3463 0.0 63.715 45.2769 75.5055 55.3624 0.0 62.7959 51.9711 7.0 33.6006 86.4523 62.7694 49.8197 43.2666 15.5242 52.0 50.1199 31.462 38.0526 102.01 37.0 46.0435 64.9277 47.3619 52.4023 66.4831 33.9706 83.1695 93.4086 47.1718 91.5543 86.6351 15.8114 65.6049 47.9342 62.2102 19.105 69.3663 55.6234 43.8634 29.0 39.3954 61.0092 
28.0 14.7648 55.6487 15.8114 17.2627 47.0106 27.9835 62.7959 32.1403 59.1354 23.0217 87.4476 62.7959 0.0 52.345 57.7339 61.8968 73.0548 58.1022 58.2495 68.1717 49.8188 46.0977 32.45 32.0624 83.427 39.4462 43.0282 52.9245 24.1868 29.0689 62.1691 74.1687 56.2038 48.3828 59.4287 20.2485 31.6228 48.8005 57.464 78.7718 27.5862 24.0416 53.4603 7.07107 12.8062 74.5883 55.2275 36.4005 48.1664 
24.7386 61.988 37.1214 51.9011 54.662 69.1333 30.3645 51.9711 33.2857 87.7859 40.2413 39.6232 51.9711 52.345 0.0 55.8032 25.02 34.4819 10.8167 7.81025 23.2594 37.2022 6.7082 73.0821 57.2456 48.5077 83.2386 17.2047 84.7858 28.1603 36.6742 10.8167 22.0227 20.2237 30.2093 43.4166 60.5009 58.8129 33.3261 64.6997 26.4764 35.8469 29.0172 65.6053 58.0517 60.1332 30.4138 24.7386 68.5699 11.0746 
57.5148 71.714 20.0 73.6513 75.8834 20.3961 44.0253 7.0 66.3974 38.3275 72.7883 62.0967 7.0 57.7339 55.8032 0.0 39.4462 90.1388 66.6108 54.4518 49.2443 18.6011 55.1141 44.1022 25.9034 45.0444 95.4649 39.9027 39.0512 62.2105 44.6447 57.3149 71.7008 39.0512 85.8519 100.626 41.6133 88.8371 89.3174 9.43398 71.2811 45.217 59.493 12.1655 63.4717 50.0649 50.3289 34.2053 33.121 64.2288 
39.8246 75.4931 19.6977 66.7087 69.527 56.3205 34.0 33.6006 48.7208 76.2168 55.6764 26.3059 33.6006 61.8968 25.02 39.4462 0.0 57.28 34.3657 19.4165 9.84886 23.5372 28.8617 71.1126 51.0098 24.5967 98.0889 21.2132 75.1864 40.671 35.3318 20.6155 33.4215 6.40312 55.0992 68.3639 61.3164 74.888 58.216 48.8774 32.0156 35.7498 39.8503 50.9902 68.9632 64.514 13.1529 7.07107 63.1269 35.9645 
51.1296 76.8603 71.5891 64.7143 66.3702 103.094 61.7753 86.4523 42.5441 120.661 51.1957 59.8415 86.4523 73.0548 34.4819 90.1388 57.28 0.0 23.7065 37.9473 51.4782 71.5612 35.4683 100.998 88.7707 77.1622 89.56 50.6063 116.429 53.6863 68.4223 36.8782 29.4279 53.8516 30.1496 26.4197 87.4164 59.3043 29.0172 98.9934 36.1386 67.4092 57.788 100.329 76.4003 84.1724 57.0789 58.6941 100.095 29.0 
30.153 65.7647 47.8853 54.3415 56.7539 79.7576 39.6783 62.7694 26.0 98.4101 40.2616 43.4166 62.7694 58.1022 10.8167 66.6108 34.3657 23.7065 0.0 15.0333 30.2655 48.0104 13.4164 82.0833 66.5765 56.3205 83.969 27.5862 94.2348 34.5254 46.3249 15.2971 17.8885 30.3645 26.1725 36.0555 68.6988 55.9131 28.4253 75.4951 24.4131 45.3122 36.4005 76.4008 63.0317 67.2681 36.8782 35.1141 77.998 10.0499 
31.3847 68.7095 34.8281 58.7129 61.4738 69.7807 34.1321 49.8197 40.0975 88.4332 47.0531 31.8277 49.8197 58.2495 7.81025 54.4518 19.4165 37.9473 15.0333 0.0 15.8114 36.1248 14.2127 76.4853 58.8484 41.5933 90.0504 19.4165 85.4332 34.2053 39.2938 4.0 18.3848 16.1245 37.6156 50.2195 64.3817 66.2647 40.7185 63.6553 21.0238 38.833 34.3657 64.6891 64.2884 65.0361 22.8473 21.095 71.2175 18.4809 
43.4166 79.773 29.5466 70.8025 73.6003 66.0984 40.8044 43.2666 52.3105 86.0349 59.2661 18.7883 43.2666 68.1717 23.2594 49.2443 9.84886 51.4782 30.2655 15.8114 0.0 33.2415 28.8444 80.0 60.208 26.0768 102.201 26.4008 84.9174 44.9444 43.2897 15.0333 25.0599 13.0384 53.3478 65.9697 69.4622 78.4777 56.4646 58.6686 22.6274 43.566 44.1301 60.8358 74.54 72.0347 7.2111 16.2788 72.4431 34.2131 
39.3114 64.4981 5.83095 64.4543 66.9393 32.8938 25.8229 15.5242 48.1939 52.9245 62.5284 49.0102 15.5242 49.8188 37.2022 18.6011 23.5372 71.5612 48.0104 36.1248 33.2415 0.0 36.6742 48.8365 28.2843 38.0132 89.0327 21.5407 51.7133 40.1321 34.3848 39.2046 53.8238 21.4709 67.6484 78.1697 40.7185 78.5772 71.1139 27.5862 54.1202 34.9571 49.2331 28.6007 56.3893 46.2095 36.1248 17.088 40.0125 45.7702 
18.2483 55.4006 37.6431 45.3137 48.0746 67.659 26.4077 52.0 26.6983 85.0647 33.6539 45.9674 52.0 46.0977 6.7082 55.1141 28.8617 35.4683 13.4164 14.2127 28.8444 36.6742 0.0 69.1268 53.403 53.1413 76.6512 15.2643 81.0613 22.0 33.0547 17.4929 28.0713 23.1948 28.3662 41.631 55.544 56.9698 31.483 63.9659 32.9848 32.0416 23.3452 65.0273 51.6236 54.4518 36.0555 27.0 64.7274 9.23155 
53.3385 41.4849 54.3545 47.8853 48.7545 26.2488 42.72 50.1199 58.78 29.0172 54.4885 97.3293 50.1199 32.45 73.0821 44.1022 71.1126 100.998 82.0833 76.4853 80.0 48.8365 69.1268 0.0 20.6155 86.2628 61.0328 57.0701 22.0907 48.3735 37.3363 80.4114 94.5939 67.0075 77.808 91.6786 13.6015 63.5059 81.2735 41.0122 97.3242 37.6563 45.7047 36.0694 34.5398 19.7231 84.214 64.0703 11.3137 76.9906 
42.6759 45.8912 33.7565 47.0956 49.0102 15.2971 27.2735 31.462 48.4471 31.8904 48.1041 77.0584 31.462 32.0624 57.2456 25.9034 51.0098 88.7707 66.5765 58.8484 60.208 28.2843 53.403 20.6155 0.0 67.4819 69.5701 40.7134 27.8029 37.6816 20.8282 62.4787 77.2041 47.3814 67.9016 83.943 15.8114 62.514 71.3672 25.632 78.8558 21.4005 34.9641 21.587 37.6563 24.1661 64.0078 44.0454 12.3693 62.5302 
64.0792 97.7586 32.2025 90.9376 93.7559 65.2763 55.9036 38.0526 72.9617 83.0542 79.8886 23.4307 38.0526 83.427 48.5077 45.0444 24.5967 77.1622 56.3205 41.5933 26.0768 38.0132 53.1413 86.2628 67.4819 0.0 122.366 45.2217 84.0952 64.8999 72.3752 41.1096 49.0306 30.8869 78.717 91.7824 78.721 99.128 81.8337 53.0848 44.2719 57.0102 64.0792 57.0 90.4934 84.1999 20.0998 29.2062 76.1577 59.5823 
58.8218 24.6982 95.0487 31.4006 28.6007 83.1986 66.9225 102.01 60.5392 90.0056 44.2945 120.673 102.01 39.4462 83.2386 95.4649 98.0889 89.56 83.969 90.0504 102.201 89.0327 76.6512 61.0328 69.5701 122.366 0.0 77.2253 83.0 57.4891 68.2422 93.7319 101.777 91.6895 60.4152 66.0681 54.5711 30.2655 60.6712 95.1893 107.838 66.6108 59.4138 91.0934 32.6497 45.607 109.018 93.311 69.7209 74.3236 
18.9866 54.6295 23.1948 45.845 48.6633 52.3948 15.0333 37.0 27.8691 71.0473 34.796 45.1885 37.0 43.0282 17.2047 39.9027 21.2132 50.6063 27.5862 19.4165 26.4008 21.5407 15.2643 57.0701 40.7134 45.2217 77.2253 0.0 68.0473 19.8074 19.9249 23.3452 37.6431 14.8661 43.5964 56.8611 45.0999 54.0354 47.0619 48.7545 40.3113 19.4165 18.9866 49.7631 49.3965 46.3897 32.7567 16.1245 52.0377 24.4617 
69.0955 63.3482 55.9017 68.7095 69.8928 19.105 54.9317 46.0435 74.8667 7.07107 73.2462 99.985 46.0435 52.9245 84.7858 39.0512 75.1864 116.429 94.2348 85.4332 84.9174 51.7133 81.0613 22.0907 27.8029 84.0952 83.0 68.0473 0.0 64.1012 48.4864 89.0743 103.8 73.1578 94.3212 110.363 32.6956 84.5044 97.7867 31.7805 105.268 49.0587 61.3837 27.2947 56.0446 40.8044 87.4757 68.7905 17.2047 90.1884 
5.0 34.8855 42.4401 26.1725 29.0 52.6975 26.1269 64.9277 11.4679 69.0665 16.7631 63.6318 64.9277 24.1868 28.1603 62.2105 40.671 53.6863 34.5254 34.2053 44.9444 40.1321 22.0 48.3735 37.6816 64.8999 57.4891 19.8074 64.1012 0.0 27.4606 38.0789 50.04 34.2716 30.9224 46.9638 34.8855 35.8469 34.3879 61.9407 54.5894 25.824 4.12311 57.9711 30.0832 32.7567 51.6244 35.8931 46.9798 29.3048 
32.4549 43.6005 40.2147 39.9642 42.4493 35.2779 8.06226 47.3619 38.2261 52.7186 38.0384 61.4391 47.3619 29.0689 36.6742 44.6447 35.3318 68.4223 46.3249 39.2938 43.2897 34.3848 33.0547 37.3363 20.8282 72.3752 68.2422 19.9249 48.4864 27.4606 0.0 43.1741 57.5674 30.2655 57.6806 73.722 26.1725 54.0872 61.1462 44.3749 60.0167 2.0 24.7431 40.4052 36.1248 29.5466 48.3474 28.46 32.1525 42.1819 
35.1141 72.45 37.4833 62.3943 65.1552 72.0762 38.1182 52.4023 43.7789 92.0743 50.7346 29.2062 52.4023 62.1691 10.8167 57.3149 20.6155 36.8782 15.2971 4.0 15.0333 39.2046 17.4929 80.4114 62.4787 41.1096 93.7319 23.3452 89.0743 38.0789 43.1741 0.0 14.7648 18.4391 39.6611 51.2445 68.3593 68.3712 42.5441 66.6033 17.0294 42.7551 38.3275 67.8012 68.1542 69.0314 21.587 23.4307 74.8478 20.6329 
46.2709 83.0517 51.7397 71.8402 74.3303 86.7114 51.9711 66.4831 54.5905 106.8 57.8705 30.4138 66.4831 74.1687 22.0227 71.7008 33.4215 29.4279 17.8885 18.3848 25.0599 53.8238 28.0713 94.5939 77.2041 49.0306 101.777 37.6431 103.8 50.04 57.5674 14.7648 0.0 32.6497 43.6005 50.4777 82.201 73.4659 45.3431 81.0555 7.2111 57.0088 51.0392 82.4197 79.6304 82.1523 29.1204 37.5366 89.6745 27.5136 
33.4215 69.0937 19.105 60.3093 63.1276 54.3823 28.2312 33.9706 42.3181 74.4017 49.2737 31.3209 33.9706 56.2038 20.2237 39.0512 6.40312 53.8516 30.3645 16.1245 13.0384 21.4709 23.1948 67.0075 47.3814 30.8869 91.6895 14.8661 73.1578 34.2716 30.2655 18.4391 32.6497 0.0 49.981 63.2457 56.4358 68.4853 53.0977 48.4149 32.6497 30.5941 33.4509 49.93 63.2702 59.203 18.3848 5.0 59.6825 30.8463 
28.3657 46.7189 65.6209 34.5729 36.2215 82.9176 56.3469 83.1695 21.0984 99.2865 26.1666 68.8186 83.1695 48.3828 30.2093 85.8519 55.0992 30.1496 26.1725 37.6156 53.3478 67.6484 28.3662 77.808 67.9016 78.717 60.4152 43.5964 94.3212 30.9224 57.6806 39.6611 43.6005 49.981 0.0 17.4642 64.2108 30.3645 4.12311 92.1607 50.448 56.044 35.0241 88.1911 51.4072 60.0414 60.4469 54.2121 77.1754 19.258 
44.407 58.1808 78.8856 46.5296 47.4236 98.9589 72.3883 93.4086 37.1397 115.328 40.055 79.2023 93.4086 59.4287 43.4166 100.626 68.3639 26.4197 36.0555 50.2195 65.9697 78.1697 41.631 91.6786 83.943 91.7824 66.0681 56.8611 110.363 46.9638 73.722 51.2445 50.4777 63.2457 17.4642 0.0 78.772 36.6742 13.4164 108.202 57.6888 72.0853 51.0654 104.232 60.208 72.2065 72.8011 67.4769 93.2167 33.0606 
39.8246 32.0 46.5188 36.0555 37.3631 28.6356 30.2655 47.1718 45.198 38.8973 41.2311 87.6221 47.1718 20.2485 60.5009 41.6133 61.3164 87.4164 68.6988 64.3817 69.4622 40.7185 55.544 13.6015 15.8114 78.721 54.5711 45.0999 32.6956 34.8855 26.1725 68.3593 82.201 56.4358 64.2108 78.772 0.0 51.8652 67.6763 41.1461 85.3756 26.0192 32.3202 36.7696 24.0832 9.05539 74.4692 54.2464 16.2788 63.6061 
34.9857 24.0416 80.8797 15.8114 14.7648 77.7817 52.7535 91.5543 35.1056 90.7579 19.2354 96.8875 91.5543 31.6228 58.8129 88.8371 74.888 59.3043 55.9131 66.2647 78.4777 78.5772 56.9698 63.5059 62.514 99.128 30.2655 54.0354 84.5044 35.8469 54.0872 68.3712 73.4659 68.4853 30.3645 36.6742 51.8652 0.0 30.4138 88.1861 81.435 52.4505 39.2173 83.5469 29.1548 43.8634 85.4007 70.0199 68.0074 47.9071 
31.8312 48.5077 69.0864 36.4005 37.855 86.3831 59.8125 86.6351 24.5639 102.752 29.4268 71.5612 86.6351 48.8005 33.3261 89.3174 58.216 29.0172 28.4253 40.7185 56.4646 71.1139 31.483 81.2735 71.3672 81.8337 60.6712 47.0619 97.7867 34.3879 61.1462 42.5441 45.3431 53.0977 4.12311 13.4164 67.6763 30.4138 0.0 95.6263 52.345 59.5095 38.4896 91.6566 49.5955 63.5069 63.561 57.6777 80.6409 22.4722 
66.3666 71.4442 29.4109 72.2581 74.2577 15.0 50.8202 15.8114 72.7062 30.0 72.5185 71.1688 15.8114 57.464 64.6997 9.43398 48.8774 98.9934 75.4951 63.6553 58.6686 27.5862 63.9659 41.0122 25.632 53.0848 95.1893 48.7545 31.7805 61.9407 44.3749 66.6033 81.0555 48.4149 92.1607 108.202 41.1461 88.1861 95.6263 0.0 80.7094 44.9472 59.2232 5.0 63.2019 49.7695 59.6154 43.6005 29.6985 73.1008 
51.1957 88.3854 51.3128 77.7109 80.2063 87.0317 55.1453 65.6049 59.6831 107.051 63.7645 24.0208 65.6049 78.7718 26.4764 71.2811 32.0156 36.1386 24.4131 21.0238 22.6274 54.1202 32.9848 97.3242 78.8558 44.2719 107.838 40.3113 105.268 54.5894 60.0167 17.0294 7.2111 32.6497 50.448 57.6888 85.3756 81.435 52.345 80.7094 0.0 59.6825 55.1453 82.4924 84.5281 86.0058 25.0599 37.2156 91.2248 33.541 
30.8182 42.0119 29.693 38.3276 40.8126 35.8502 6.40312 47.9342 36.5895 53.2909 36.4018 61.8466 47.9342 27.5862 35.8469 45.217 35.7498 67.4092 45.3122 38.833 43.566 34.9571 32.0416 37.6563 21.4005 57.0102 66.6108 19.4165 49.0587 25.824 2.0 42.7551 57.0088 30.5941 56.044 72.0853 26.0192 52.4505 59.5095 44.9472 59.6825 0.0 23.1065 40.9775 34.6554 28.7924 48.7647 28.878 32.7248 41.1688 
8.60233 36.0555 51.5356 28.4253 31.241 49.98 23.4094 62.2102 15.5696 66.349 20.3961 62.8458 62.2102 24.0416 29.0172 59.493 39.8503 57.788 36.4005 34.3657 44.1301 49.2331 23.3452 45.7047 34.9641 64.0792 59.4138 18.9866 61.3837 4.12311 24.7431 38.3275 51.0392 33.4509 35.0241 51.0654 32.3202 39.2173 38.4896 59.2232 55.1453 23.1065 0.0 55.2536 30.4631 31.1448 50.8036 35.0724 44.2623 31.2889 
62.9654 67.4685 31.305 68.2884 70.2881 10.0 46.8505 19.105 68.7366 26.1725 68.5489 74.2159 19.105 53.4603 65.6053 12.1655 50.9902 100.329 76.4008 64.6891 60.8358 28.6007 65.0273 36.0694 21.587 57.0 91.0934 49.7631 27.2947 57.9711 40.4052 67.8012 82.4197 49.93 88.1911 104.232 36.7696 83.5469 91.6566 5.0 82.4924 40.9775 55.2536 0.0 59.2284 45.5412 62.2977 45.2769 24.7588 74.222 
33.3766 8.24621 62.2191 14.1421 14.4222 52.1536 35.0499 69.3663 37.054 62.5859 25.2982 93.2557 69.3663 7.07107 58.0517 63.4717 68.9632 76.4003 63.0317 64.2884 74.54 56.3893 51.6236 34.5398 37.6563 90.4934 32.6497 49.3965 56.0446 30.0832 36.1248 68.1542 79.6304 63.2702 51.4072 60.208 24.0832 29.1548 49.5955 63.2019 84.5281 34.6554 30.4631 59.2284 0.0 15.2971 81.6548 62.2939 40.3113 53.0094 
37.3631 23.0217 52.0394 28.178 29.1548 37.6563 31.4006 55.6234 42.1383 47.2969 35.4683 90.5207 55.6234 12.8062 60.1332 50.0649 64.514 84.1724 67.2681 65.0361 72.0347 46.2095 54.4518 19.7231 24.1661 84.1999 45.607 46.3897 40.8044 32.7567 29.5466 69.0314 82.1523 59.203 60.0414 72.2065 9.05539 43.8634 63.5069 49.7695 86.0058 28.7924 31.1448 45.5412 15.2971 0.0 77.4919 57.6422 25.0799 62.0568 
50.3289 86.4464 31.5753 77.6209 80.4301 68.4471 46.6154 43.8634 59.2335 88.0568 66.1891 13.1529 43.8634 74.5883 30.4138 50.3289 13.1529 57.0789 36.8782 22.8473 7.2111 36.1248 36.0555 84.214 64.0078 20.0998 109.018 32.7567 87.4757 51.6244 48.3474 21.587 29.1204 18.3848 60.4469 72.8011 74.4692 85.4007 63.561 59.6154 25.0599 48.7647 50.8036 62.2977 81.6548 77.4919 0.0 20.2237 76.0263 41.3122 
35.0724 69.5591 14.2127 61.9308 64.7491 49.9889 27.4591 29.0 43.9549 70.0071 50.8818 33.3766 29.0 55.2275 24.7386 34.2053 7.07107 58.6941 35.1141 21.095 16.2788 17.088 27.0 64.0703 44.0454 29.2062 93.311 16.1245 68.7905 35.8931 28.46 23.4307 37.5366 5.0 54.2121 67.4769 54.2464 70.0199 57.6777 43.6005 37.2156 28.878 35.0724 45.2769 62.2939 57.6422 20.2237 0.0 56.2228 35.0775 
51.9741 48.0937 45.2066 52.2015 53.6004 15.0 38.5876 39.3954 57.7454 22.8473 56.0803 89.0 39.3954 36.4005 68.5699 33.121 63.1269 100.095 77.998 71.2175 72.4431 40.0125 64.7274 11.3137 12.3693 76.1577 69.7209 52.0377 17.2047 46.9798 32.1525 74.8478 89.6745 59.6825 77.1754 93.2167 16.2788 68.0074 80.6409 29.6985 91.2248 32.7248 44.2623 24.7588 40.3113 25.0799 76.0263 56.2228 0.0 73.8545 
24.9191 55.7315 46.4862 44.3847 46.8402 76.8537 35.5349 61.0092 16.0312 94.4206 30.3645 49.8391 61.0092 48.1664 11.0746 64.2288 35.9645 29.0 10.0499 18.4809 34.2131 45.7702 9.23155 76.9906 62.5302 59.5823 74.3236 24.4617 90.1884 29.3048 42.1819 20.6329 27.5136 30.8463 19.258 33.0606 63.6061 47.9071 22.4722 73.1008 33.541 41.1688 31.2889 74.222 53.0094 62.0568 41.3122 35.0775 73.8545 0.0 
DEMAND_SCENARIO_SECTION
0 0 0 0 0 0 0 0 0 0 0 0 0 0 0 0 0 0 0 0 0 0 0 0 0 0 0 0 0 0 0 0 0 0 0 0 0 0 0 0 0 0 0 0 0 0 0 0 0 0 0 0 0 0 0 0 0 0 0 0 0 0 0 0 0 0 0 0 0 0 0 0 0 0 0 0 0 0 0 0 0 0 0 0 0 0 0 0 0 0 0 0 0 0 0 0 0 0 0 0 0 0 0 0 0 0 0 0 0 0 0 0 0 0 0 0 0 0 0 0 0 0 0 0 0 0 0 0 0 0 0 0 0 0 0 0 0 0 0 0 0 0 0 0 0 0 0 0 0 0 0 0 0 0 0 0 0 0 0 0 0 0 0 0 0 0 0 0 0 0 0 0 0 0 0 0 0 0 0 0 0 0 0 0 0 0 0 0 0 0 0 0 0 0 0 0 0 0 0 0 
2 3 2 1 2 1 1 1 1 2 3 2 2 2 2 2 2 1 2 2 3 2 2 2 2 3 3 2 2 3 0 2 1 1 3 3 3 3 2 2 1 1 3 1 2 2 2 3 2 3 2 1 2 3 1 2 2 2 2 2 3 2 2 2 2 2 3 2 1 2 3 2 2 1 2 3 2 2 2 3 3 1 2 3 2 2 2 3 1 2 2 1 3 2 0 4 2 2 2 2 1 1 2 3 2 1 3 1 2 2 2 2 3 2 2 2 2 1 0 0 2 0 1 1 2 3 1 1 2 2 2 3 3 1 2 2 1 3 3 1 1 1 3 1 2 1 2 3 1 2 1 3 2 2 3 2 2 2 2 3 2 1 1 2 2 1 2 3 2 1 2 3 3 2 2 2 3 3 2 2 2 2 2 1 2 2 2 2 2 2 3 3 2 3 2 3 3 3 3 1 
3 3 3 4 3 5 4 4 6 3 6 4 2 4 3 2 2 5 2 3 3 5 2 2 1 4 4 6 5 5 3 2 3 4 3 5 5 3 1 5 4 6 4 4 3 7 3 4 5 4 5 3 3 2 4 3 4 4 3 7 5 2 5 8 4 3 5 6 4 7 4 4 4 4 5 3 4 4 3 5 2 3 4 4 3 6 5 4 3 5 6 6 3 2 5 4 3 6 3 4 5 5 4 4 6 4 5 2 4 4 4 3 5 6 3 4 6 3 4 3 3 2 4 3 5 5 4 6 4 5 3 2 6 6 6 5 4 4 4 3 2 3 5 5 5 4 4 2 3 3 2 2 1 4 6 4 5 5 4 2 4 5 5 4 5 3 5 4 5 3 5 5 3 2 1 2 2 5 4 5 1 7 6 5 2 5 6 5 2 3 3 7 3 4 6 4 5 2 3 4 
8 6 8 9 5 9 4 9 6 4 4 6 8 5 10 11 7 5 7 6 6 5 5 9 9 9 3 8 10 5 10 8 5 6 8 10 8 7 7 5 6 1 8 3 5 7 6 10 4 4 6 9 5 10 9 10 5 2 10 9 6 7 5 6 7 9 5 9 11 3 9 7 5 4 6 8 6 6 7 6 3 8 7 10 4 9 9 5 8 10 8 7 4 10 6 8 8 7 7 11 8 5 7 5 4 9 6 7 6 8 6 6 6 10 11 8 7 10 8 7 5 6 6 7 7 11 8 8 5 8 6 11 8 6 10 6 10 5 7 6 11 9 8 5 10 11 8 6 7 7 7 5 7 9 7 3 5 3 8 11 6 6 7 3 8 7 6 11 7 7 6 5 7 12 4 11 5 8 8 7 6 5 6 5 10 8 5 5 4 8 10 5 4 9 4 5 8 8 6 7 
6 7 6 4 8 3 7 6 9 4 7 6 7 5 8 11 5 6 6 10 5 5 8 4 4 5 8 6 12 10 7 5 3 7 7 6 8 6 6 9 9 4 9 4 5 6 9 7 9 6 7 6 5 5 10 6 6 4 10 8 8 7 6 10 6 6 9 5 8 7 10 7 7 8 13 6 7 7 10 3 5 7 6 2 6 8 4 7 6 8 11 8 8 5 7 10 6 4 7 10 9 6 5 5 7 10 6 6 7 7 5 5 7 8 3 5 8 11 6 9 9 7 9 2 7 1 7 9 7 10 8 2 11 10 6 6 5 11 11 9 5 6 9 2 8 6 6 8 9 7 4 9 12 10 10 9 8 11 8 8 8 4 6 6 2 8 9 9 10 8 4 5 8 8 6 9 5 6 6 7 9 11 8 6 6 7 8 8 6 7 6 7 7 12 8 4 8 7 6 3 
9 5 10 6 3 1 5 7 4 6 5 7 7 5 8 7 8 4 6 11 4 6 7 10 7 8 6 6 6 6 8 7 6 7 8 6 7 2 6 6 11 4 9 7 5 6 7 8 4 5 4 3 6 6 5 9 7 6 7 10 7 9 7 2 6 2 8 3 6 8 4 8 8 5 5 4 9 5 4 6 10 8 6 5 7 5 7 4 9 5 9 6 5 4 0 5 6 4 3 5 3 6 5 6 6 8 8 5 2 5 7 5 3 8 8 2 4 5 7 9 5 7 6 10 10 7 2 3 11 11 1 10 5 6 9 7 6 7 5 9 7 7 4 7 5 7 3 6 8 6 9 5 6 5 7 4 6 4 8 5 7 8 9 6 6 4 6 6 4 5 8 7 7 6 7 2 7 8 8 8 7 6 8 7 6 8 6 6 2 9 5 5 7 7 8 7 7 4 6 7 
9 5 11 10 14 8 9 7 12 13 7 15 12 8 11 11 10 8 10 7 7 2 9 8 7 14 7 8 11 12 7 12 9 8 4 16 8 8 9 9 11 4 9 11 6 9 12 8 10 4 8 10 14 6 10 7 10 10 16 3 7 16 10 4 9 8 5 9 6 11 7 9 11 6 11 12 7 17 7 12 12 12 8 6 7 12 15 6 9 5 11 8 12 11 14 10 5 11 9 10 12 3 10 8 10 10 7 8 5 11 0 10 11 15 12 6 13 13 11 14 9 7 10 10 11 11 5 11 7 11 14 10 13 2 8 12 9 7 6 3 6 8 13 2 2 9 8 14 11 10 4 3 7 7 10 12 7 10 6 4 4 11 11 11 10 6 12 3 8 5 7 10 4 10 4 5 5 11 11 12 8 7 8 8 12 8 12 8 10 9 15 7 9 9 11 9 14 9 11 9 
1 1 1 1 1 1 1 1 1 1 1 1 1 1 1 1 1 1 1 2 1 1 0 1 1 1 2 1 1 1 1 1 1 1 1 1 1 1 1 2 1 1 1 2 1 1 2 2 1 2 1 1 1 0 1 1 0 1 1 1 1 1 1 1 1 2 1 1 1 1 1 1 0 1 1 1 1 0 1 1 1 1 1 1 1 2 0 1 1 1 1 1 1 1 1 0 1 1 1 1 1 0 1 1 1 1 1 1 0 1 0 1 1 1 1 1 1 1 1 1 1 1 1 1 1 1 1 1 1 1 1 1 0 0 0 1 1 1 0 1 1 1 1 1 1 2 1 1 1 1 1 2 1 1 1 1 1 1 1 1 2 1 2 1 0 1 1 1 1 1 1 1 1 1 1 1 1 2 1 1 1 1 1 1 1 1 0 1 1 1 1 1 1 1 1 1 1 1 1 1 
4 3 3 3 3 3 2 4 3 4 5 3 4 4 4 2 3 2 2 3 3 3 5 2 4 3 2 4 3 3 2 2 2 3 1 3 3 4 4 2 2 5 1 4 5 2 4 2 3 3 4 0 3 3 2 3 3 3 3 3 4 1 3 3 2 3 3 2 3 4 5 3 2 2 3 5 0 2 3 3 1 2 3 3 2 4 3 1 3 2 4 3 4 4 4 2 2 3 3 4 3 4 2 3 3 2 4 5 3 1 5 3 1 3 3 4 2 2 2 4 2 5 3 1 4 2 4 2 4 3 4 4 4 1 4 3 2 3 2 2 2 3 4 1 4 3 3 4 3 2 4 3 4 5 4 2 2 3 3 3 4 3 3 3 2 3 3 4 3 4 3 3 4 4 4 3 4 4 4 1 3 5 4 4 3 4 3 4 3 4 2 2 3 1 2 2 4 3 3 2 
5 10 9 6 10 9 4 5 7 10 12 6 5 5 11 4 10 5 10 7 12 13 11 6 9 5 6 7 12 12 7 8 6 7 11 14 12 8 9 10 10 10 8 8 9 6 10 11 4 10 6 14 12 7 13 9 5 11 7 9 12 15 10 8 9 14 11 12 10 10 7 14 5 7 14 8 12 9 9 9 8 8 10 8 8 9 10 7 13 10 9 6 12 7 7 6 9 10 6 10 4 10 9 11 5 9 8 3 12 12 10 11 13 14 10 11 5 7 11 11 12 9 11 8 6 8 5 11 9 7 16 3 12 11 8 14 7 9 8 10 7 12 7 5 9 11 11 7 9 11 3 12 5 10 11 12 5 9 8 15 9 7 5 6 8 10 11 7 12 5 10 4 14 11 9 7 5 13 5 4 13 11 11 12 11 16 7 9 7 7 12 4 12 10 7 5 7 9 11 5 
6 3 1 7 5 7 4 3 6 5 5 4 4 3 6 5 5 1 2 7 4 3 3 4 8 7 6 6 4 3 4 4 7 5 7 9 5 6 7 2 3 8 8 2 2 7 3 5 6 7 4 3 5 4 6 6 8 6 6 7 6 7 5 5 6 6 6 6 3 6 4 7 3 4 8 6 7 8 5 0 6 8 6 5 3 3 6 6 5 7 6 8 6 1 5 3 6 6 8 4 2 0 3 7 5 2 3 6 5 5 6 6 5 5 6 4 5 4 4 8 4 1 6 3 2 9 4 6 5 7 6 6 5 6 7 7 5 7 3 4 4 7 4 4 6 5 6 4 8 4 6 3 6 5 5 5 4 5 7 5 6 6 6 4 5 6 2 6 6 7 6 4 6 4 4 4 6 8 4 5 3 3 4 3 7 4 6 4 4 7 5 7 6 6 6 6 4 5 6 5 
8 2 5 7 3 5 6 4 5 6 5 8 5 7 5 5 4 4 3 3 5 2 5 4 5 4 7 9 4 5 3 6 5 5 2 5 8 7 4 5 4 6 4 4 3 1 6 5 2 4 5 5 4 7 7 6 6 4 6 4 2 6 3 6 5 3 3 5 6 2 5 5 5 4 6 3 9 6 7 5 6 3 5 5 5 4 6 5 3 5 3 3 4 4 4 7 5 7 4 7 2 5 6 3 5 2 5 3 5 6 6 4 3 4 4 3 5 9 7 5 4 4 7 4 6 6 5 5 4 4 7 5 5 5 6 6 5 6 5 4 3 6 6 5 6 6 5 5 6 5 5 7 9 7 3 6 5 2 2 3 8 5 3 5 5 5 4 6 5 7 5 7 4 4 3 5 3 6 4 6 6 6 3 6 6 5 3 5 4 5 6 6 5 7 4 6 6 6 5 3 
6 3 2 8 9 4 9 3 7 6 8 5 5 4 7 6 7 4 8 5 7 5 7 7 5 9 3 6 7 4 5 3 7 7 6 7 8 5 9 8 6 5 4 5 4 5 5 4 3 6 0 7 5 5 6 6 5 5 7 7 7 8 4 2 5 5 6 3 4 11 7 6 6 6 6 4 7 2 8 7 9 5 3 7 7 3 4 5 8 8 6 7 6 9 4 4 7 7 9 9 5 5 10 4 6 4 8 6 6 9 6 5 2 7 6 7 3 3 6 7 4 3 6 8 4 6 9 8 7 5 3 3 6 6 2 8 5 4 3 6 7 7 5 8 8 7 7 7 6 4 8 8 3 10 5 5 7 6 7 3 5 6 6 5 2 7 4 6 5 5 5 9 3 5 6 8 7 8 6 7 6 3 7 4 4 7 6 8 10 9 4 7 8 9 5 2 5 8 7 3 
9 8 7 5 5 5 7 3 2 6 6 8 6 6 4 5 4 9 10 6 2 7 8 6 6 9 7 7 7 5 6 5 4 3 7 5 6 7 6 5 8 1 4 7 6 2 7 5 3 5 6 5 4 9 5 3 5 5 12 6 6 4 8 8 12 6 6 5 7 7 5 5 8 7 7 1 5 8 6 8 4 3 3 7 6 5 5 5 8 6 4 9 9 5 4 8 7 4 7 5 5 7 7 4 6 6 6 4 8 5 5 6 6 7 11 2 4 5 5 8 6 4 7 8 3 5 5 5 6 7 4 8 6 5 7 8 5 5 6 7 10 6 3 2 3 4 8 7 3 4 1 9 9 5 8 4 9 4 9 6 7 6 6 2 6 5 6 9 10 7 6 5 6 2 7 7 8 5 6 6 4 7 4 8 3 8 5 6 2 9 7 7 10 4 5 9 5 7 6 5 
13 7 14 8 10 15 6 8 7 6 5 7 10 12 11 7 11 12 11 9 11 13 11 5 8 8 14 8 9 1 10 10 9 8 8 11 9 6 14 10 10 9 4 5 6 12 9 6 8 8 8 5 8 11 2 7 12 9 10 8 11 11 10 9 12 9 8 10 6 7 10 4 11 10 10 10 11 10 8 7 9 9 8 8 12 9 3 15 8 8 11 8 12 9 2 4 9 8 4 4 10 11 13 6 11 9 11 4 10 9 13 9 12 10 12 6 12 9 3 10 2 8 13 9 10 8 14 8 9 8 11 11 10 14 8 9 17 8 9 6 12 4 10 4 12 9 13 8 11 8 8 7 9 12 7 6 8 4 4 12 11 11 10 9 9 11 9 9 9 12 11 8 13 11 9 11 11 9 6 8 5 8 11 6 7 10 12 11 10 11 7 6 7 12 7 9 10 11 7 15 
3 15 7 12 18 11 16 9 8 6 13 13 10 9 10 11 15 5 11 15 11 11 11 10 13 5 10 2 13 13 7 16 2 10 9 11 9 7 9 7 12 12 4 9 6 6 11 11 12 11 8 4 10 15 11 8 7 12 10 5 9 14 3 16 14 15 16 12 7 14 11 12 12 16 13 8 3 7 7 12 12 12 7 2 8 10 12 7 10 13 10 16 9 7 11 10 8 12 17 10 10 7 8 8 16 6 10 8 11 7 11 9 5 13 15 7 8 11 6 5 8 18 5 12 9 4 7 7 9 15 9 2 12 7 10 9 15 3 13 12 8 9 9 12 15 10 4 15 13 15 14 3 3 7 17 14 12 7 12 14 9 15 14 13 13 8 10 6 11 17 15 9 10 5 8 15 8 7 5 6 15 7 11 13 5 9 11 11 8 22 14 10 9 5 8 7 9 17 13 11 
6 10 8 13 13 14 10 9 12 10 6 8 11 4 8 2 7 4 13 9 11 12 12 7 12 12 6 5 4 9 7 12 3 7 17 12 13 9 10 3 15 6 8 12 7 8 9 6 11 3 7 10 10 6 13 10 12 6 8 8 10 10 9 5 11 5 10 14 8 14 12 6 8 11 13 9 7 8 3 9 13 9 12 17 10 16 11 6 14 14 7 8 8 17 11 8 8 10 11 5 10 9 13 9 8 11 11 9 7 9 5 10 11 12 5 8 7 7 9 7 0 14 4 11 9 11 10 10 3 7 9 10 15 7 10 8 11 13 10 8 9 6 13 5 2 11 10 8 12 8 13 13 12 6 7 9 7 13 13 12 7 12 7 3 6 6 10 10 10 10 10 7 5 4 14 9 9 11 3 5 10 6 10 11 12 9 5 13 10 9 7 0 11 9 7 9 6 11 13 12 
7 6 3 5 5 2 5 4 5 4 4 6 6 4 4 4 7 2 4 2 2 4 1 2 5 6 6 3 5 5 4 5 5 4 3 3 2 2 6 7 4 4 5 3 6 3 5 4 7 4 4 4 2 5 6 3 4 4 2 3 7 4 3 0 5 5 3 5 5 4 2 4 7 3 4 4 4 4 3 4 6 4 3 2 4 5 3 4 2 4 5 5 3 4 5 3 2 5 5 2 5 7 3 4 4 5 7 6 3 5 2 4 6 5 4 5 4 3 4 2 2 5 5 6 4 4 3 2 2 4 1 4 3 4 3 4 3 3 2 5 8 4 3 5 7 3 4 3 5 2 4 3 4 3 4 3 2 7 6 5 4 6 5 5 5 4 4 4 4 5 5 6 4 2 4 6 4 2 5 3 1 2 4 3 5 3 4 4 3 3 4 5 3 3 4 5 6 5 3 2 
12 8 6 6 10 9 12 4 7 9 11 7 9 10 11 18 12 12 14 7 9 9 11 8 9 6 10 8 11 15 3 5 5 8 11 6 9 11 7 9 10 8 8 10 10 3 9 14 10 7 13 13 11 10 10 12 7 11 8 5 4 4 11 13 13 13 7 7 8 8 7 6 12 7 12 6 6 4 5 13 10 15 10 17 5 3 9 17 9 8 5 13 13 12 10 7 9 14 6 8 9 8 10 8 10 9 9 11 10 10 8 10 6 13 6 7 2 13 9 4 10 16 15 9 6 9 7 8 10 4 6 8 5 11 11 11 7 7 5 11 7 14 10 11 15 9 11 11 8 20 5 12 7 8 9 15 8 8 11 14 4 16 5 7 10 5 7 11 5 7 7 16 16 9 1 6 9 8 12 6 15 2 8 10 3 4 11 11 9 9 4 12 10 13 12 7 9 10 11 10 
3 2 3 2 4 2 3 2 2 3 2 2 2 2 2 4 2 3 1 2 1 3 2 2 1 1 1 3 3 2 2 2 1 1 2 2 3 2 2 2 2 1 1 1 1 2 4 2 3 1 2 1 2 2 2 2 2 3 2 1 3 2 1 2 2 1 3 1 0 2 2 2 1 1 1 2 1 2 2 3 3 0 1 2 2 3 3 3 2 2 2 4 2 2 2 2 2 2 2 1 2 1 1 3 2 1 2 3 2 1 1 3 2 2 1 3 2 2 2 1 2 2 1 2 2 3 1 2 2 2 3 1 1 1 3 2 1 3 1 3 2 2 3 1 3 2 2 2 2 1 2 2 2 2 2 2 3 2 2 2 2 2 3 1 2 3 2 1 2 2 1 2 1 2 2 2 2 2 2 2 2 1 2 2 1 3 2 2 3 3 2 2 2 2 2 1 2 2 1 2 
4 4 4 2 4 3 3 3 4 2 4 4 2 2 4 4 5 3 2 2 2 3 4 2 4 3 3 3 2 3 1 3 3 3 4 4 2 2 2 3 4 4 2 3 5 2 1 1 3 3 2 3 3 4 4 3 4 3 4 3 4 2 4 3 4 2 2 4 2 2 2 3 2 3 2 5 3 3 2 3 1 4 4 5 3 4 4 4 1 3 2 4 3 2 4 4 5 3 2 3 3 3 3 5 2 4 4 4 2 4 1 2 4 0 3 3 3 2 3 3 3 2 1 3 1 3 3 3 4 4 4 3 3 3 2 3 4 3 2 2 4 3 3 3 2 2 2 3 5 2 3 2 3 4 0 1 3 3 3 4 3 4 4 3 3 2 4 2 3 3 2 2 3 2 4 2 2 2 2 2 3 5 3 1 2 3 3 3 2 2 1 3 3 4 4 2 4 4 5 3 
11 14 12 12 13 5 15 10 13 16 5 11 15 7 11 9 13 11 7 11 3 12 11 8 5 6 7 7 8 8 6 10 8 10 9 6 13 4 5 9 11 8 6 3 14 10 9 7 9 6 4 9 9 7 10 6 6 11 9 11 9 9 11 9 12 9 11 11 12 9 9 13 6 9 10 5 11 6 19 7 9 8 1 16 13 8 15 11 9 12 11 7 7 12 8 13 2 10 8 3 12 9 8 8 13 13 8 10 10 10 11 7 13 9 9 11 6 13 4 8 6 12 8 10 11 10 13 5 9 7 9 7 9 5 10 12 8 9 12 7 7 7 12 9 9 12 9 8 6 13 9 8 9 11 2 6 13 14 9 13 6 12 8 11 7 7 6 9 8 13 11 0 11 6 13 9 5 3 16 11 11 5 7 7 6 11 10 5 12 12 13 12 9 10 11 10 8 14 15 5 
12 8 7 8 9 7 9 9 6 8 3 7 3 5 6 9 4 6 8 10 7 8 4 8 10 8 8 12 7 10 8 6 5 8 8 6 8 6 7 11 8 5 9 4 7 8 2 7 6 5 5 5 4 6 9 10 6 5 4 7 8 10 10 9 7 4 5 11 6 8 7 5 6 7 10 10 10 6 11 12 5 10 8 8 7 9 10 6 6 4 5 5 4 13 5 7 6 5 10 7 6 6 8 10 7 8 7 8 5 7 6 8 8 6 10 8 5 6 7 7 8 7 4 9 4 9 8 6 7 9 6 11 6 5 7 4 10 6 9 9 6 6 7 8 5 3 3 11 9 4 7 5 4 4 5 4 10 11 9 6 8 8 7 12 8 6 9 4 7 7 7 8 8 8 6 7 6 6 9 8 6 6 10 7 7 3 6 9 10 10 6 8 5 7 4 8 10 9 9 7 
3 8 3 8 5 5 4 5 3 5 5 5 4 7 4 4 4 11 6 7 6 6 5 1 7 6 7 3 7 5 6 5 5 3 2 5 8 4 6 6 6 5 4 5 5 3 5 7 5 4 4 6 4 4 5 5 5 6 3 5 1 6 9 4 5 5 8 6 7 7 2 8 5 4 3 6 6 5 6 0 6 6 7 5 4 2 4 6 5 5 5 6 10 3 8 5 6 3 2 5 7 3 7 6 6 3 7 8 6 5 4 6 5 3 3 5 4 4 3 7 3 6 6 7 3 4 6 4 7 5 8 7 5 6 6 6 5 6 7 10 5 2 4 5 4 5 4 4 7 4 5 4 4 6 3 7 4 7 7 5 5 8 3 5 6 5 4 5 5 7 5 7 7 0 5 4 5 6 6 6 7 6 5 7 4 6 3 9 7 7 4 3 5 6 6 4 5 7 4 6 
8 5 7 11 8 10 11 7 11 8 12 13 19 7 11 11 14 14 8 11 7 11 16 7 10 11 7 8 7 11 13 13 15 13 9 10 12 17 11 13 10 9 12 14 11 16 10 13 7 5 13 12 10 9 8 12 8 8 14 10 14 8 12 6 8 11 3 11 10 7 14 10 8 17 13 5 17 4 5 6 9 13 9 10 15 11 10 10 11 10 9 9 7 16 8 13 9 14 9 12 8 5 5 12 8 10 8 12 8 14 10 14 11 6 18 3 10 7 11 10 9 12 16 15 10 8 10 15 10 7 10 11 6 11 6 13 11 9 7 21 5 10 10 9 5 6 6 10 9 13 13 13 10 17 9 13 7 4 4 12 17 5 13 13 7 6 12 16 6 8 8 12 12 9 9 6 9 6 12 4 19 8 15 11 9 10 10 8 6 12 17 13 12 6 13 8 9 13 11 7 
3 1 4 7 5 3 2 4 5 5 7 3 4 8 5 4 2 6 3 4 4 5 8 7 4 6 3 3 7 3 0 4 4 8 4 1 3 6 4 4 7 3 5 7 1 6 6 4 0 5 3 3 8 3 4 7 8 3 7 5 3 5 7 4 5 6 5 8 2 5 4 5 7 6 8 2 6 6 7 7 5 4 4 4 7 5 4 5 3 5 5 3 4 4 3 7 7 8 5 9 6 6 5 5 3 2 6 5 6 5 6 5 9 4 4 5 5 7 4 5 10 7 6 6 2 3 6 5 7 2 3 6 3 7 8 4 6 7 5 4 5 6 7 4 6 7 6 6 6 8 8 7 4 8 4 9 9 8 4 3 2 6 4 5 4 8 5 7 1 7 6 5 5 2 5 9 4 5 4 6 8 6 5 4 8 4 5 5 5 4 8 5 7 8 5 5 5 5 5 7 
6 6 6 6 9 7 7 8 8 10 5 7 6 9 7 10 5 8 5 8 4 7 9 8 11 8 7 9 3 8 6 6 7 7 10 8 8 11 7 7 6 5 8 4 10 9 4 9 9 6 7 5 6 8 8 8 8 10 7 9 6 9 5 7 12 7 6 7 8 8 5 9 4 9 5 3 7 5 6 10 7 11 8 13 7 11 10 8 6 8 7 3 8 8 4 9 5 7 8 3 8 6 7 8 8 1 9 5 8 6 4 7 8 8 6 9 5 5 8 8 11 8 8 7 11 7 4 4 6 10 3 9 10 8 8 9 10 7 9 11 2 5 6 8 5 3 9 8 7 5 9 10 12 6 5 5 6 7 7 7 6 4 5 5 10 7 10 9 8 8 6 4 4 11 7 5 8 2 6 4 7 7 10 7 10 7 7 3 6 4 8 9 3 7 5 8 9 5 5 7 
5 4 10 4 6 12 8 8 9 5 8 7 2 5 4 7 6 8 4 7 7 5 9 7 6 7 3 9 3 9 5 6 6 7 11 9 9 5 13 7 9 6 8 6 8 7 5 10 5 3 9 6 10 4 6 9 4 8 9 8 3 6 11 3 5 7 9 6 7 7 8 8 4 5 10 12 10 5 7 3 6 6 8 8 7 8 7 9 8 7 7 9 7 8 5 5 8 5 11 8 5 10 6 6 7 10 8 8 4 11 9 6 12 4 5 7 7 8 5 5 6 4 5 7 7 7 7 8 9 8 4 6 5 4 5 7 13 7 8 6 7 10 9 9 2 9 8 5 6 11 10 9 9 4 10 7 3 10 7 7 7 7 7 5 3 6 8 9 6 9 8 10 7 7 6 7 5 9 8 8 9 8 5 5 5 5 7 10 9 7 10 4 7 12 6 6 2 8 13 7 
4 8 9 9 6 10 9 13 11 9 12 5 11 10 3 2 7 8 13 11 10 7 8 8 7 6 8 7 14 10 9 6 9 5 9 10 13 10 6 15 4 7 11 15 7 11 10 14 7 10 8 11 9 12 10 8 8 10 5 6 4 10 12 3 8 10 9 5 10 9 8 6 11 11 10 9 9 8 10 7 8 8 7 7 9 11 5 8 7 9 10 14 9 14 11 15 9 9 5 7 13 12 7 3 11 8 6 10 11 4 12 13 9 8 13 11 12 15 5 5 11 14 13 8 6 10 12 10 7 11 6 13 8 11 9 9 12 9 9 12 10 5 4 16 9 8 13 13 5 10 11 3 10 6 12 11 3 8 13 11 6 10 10 17 11 9 6 8 5 5 8 8 8 5 7 14 8 5 9 8 5 11 7 8 11 7 9 5 8 6 7 13 3 3 9 10 10 10 10 7 
6 9 10 9 8 6 7 4 3 5 7 7 8 11 4 8 9 4 11 8 11 7 4 6 10 5 9 9 5 4 4 7 10 8 8 10 8 4 3 9 4 8 6 8 9 8 8 5 11 5 7 8 7 4 4 9 4 9 4 8 11 7 9 8 7 9 9 8 5 8 8 10 4 8 7 10 8 5 6 8 7 11 8 10 5 7 9 6 4 9 4 8 8 12 8 7 6 8 7 7 8 7 10 5 8 8 7 5 6 5 11 6 3 7 6 4 7 10 6 7 3 7 7 9 11 6 7 5 1 9 9 7 7 8 9 4 8 9 7 8 5 8 7 4 12 9 8 10 7 6 5 7 8 7 7 10 7 9 5 6 9 8 8 5 9 7 10 7 8 11 5 3 3 7 9 4 7 8 7 8 2 11 8 2 2 3 7 10 7 7 9 5 5 6 8 6 12 7 6 10 
12 9 10 9 7 8 2 10 6 6 11 5 9 9 8 15 13 16 11 9 9 13 10 7 9 10 8 9 11 4 7 3 9 12 7 8 5 10 11 10 12 1 7 7 12 11 7 7 12 12 7 8 13 7 8 9 8 8 7 4 11 10 12 8 7 12 8 3 14 14 6 1 6 14 6 8 12 6 9 10 5 9 5 9 12 13 10 11 7 12 11 8 8 8 6 6 4 9 11 5 5 4 13 7 5 12 11 12 6 10 8 5 11 8 5 12 15 6 10 5 10 4 10 4 9 12 4 7 7 7 5 7 8 9 3 6 3 6 12 7 5 9 11 7 14 9 13 9 9 11 9 10 7 10 2 7 9 8 11 7 10 12 10 9 5 9 13 9 13 11 10 7 11 6 7 10 11 11 12 11 2 13 10 7 11 5 8 8 15 8 5 9 9 6 9 4 7 5 8 8 
8 6 10 9 12 12 9 16 13 7 11 5 11 10 16 8 11 5 9 9 9 8 8 6 12 8 13 8 12 10 5 8 9 8 11 10 9 13 12 11 8 4 13 12 5 12 5 3 10 2 12 7 11 6 7 9 3 10 7 5 10 15 4 4 13 4 10 13 14 7 8 7 11 11 5 9 8 11 9 10 6 7 7 9 9 11 5 8 8 16 10 12 7 6 13 0 6 11 5 11 5 3 2 11 15 4 10 13 10 12 11 12 6 10 4 10 7 9 0 5 5 9 12 10 12 4 15 11 11 6 7 9 12 8 14 4 10 8 7 11 8 12 13 12 11 7 7 10 7 11 9 11 9 12 8 10 9 8 10 10 10 9 8 10 11 8 12 9 13 7 11 15 7 6 16 11 14 7 14 5 8 6 12 9 9 12 13 6 17 7 12 9 8 9 9 9 12 6 10 11 
10 8 6 9 8 8 11 8 7 10 9 9 12 7 10 7 7 5 7 7 6 11 9 8 2 6 9 6 12 8 7 9 4 9 7 9 5 11 7 8 4 8 7 7 6 5 8 9 4 9 6 8 5 13 10 8 3 11 4 6 6 4 3 6 11 9 7 5 8 6 7 11 8 5 9 2 9 5 4 10 7 8 0 9 6 2 6 8 5 4 7 9 8 5 6 7 7 9 16 5 1 7 5 11 9 8 8 9 3 11 9 6 7 5 6 4 9 10 8 5 7 6 6 7 8 14 10 7 9 8 7 9 5 6 12 6 8 10 8 11 8 4 7 5 6 8 7 5 7 6 6 9 5 6 12 6 3 3 6 5 7 7 5 6 2 8 9 9 9 2 6 8 5 6 9 11 8 9 8 10 8 6 7 6 6 8 4 6 8 7 8 4 8 7 7 10 11 4 7 6 
7 4 4 9 5 3 6 6 3 3 3 4 1 6 3 4 9 2 6 9 4 7 3 7 6 9 9 5 9 7 11 4 6 5 9 7 7 7 7 6 4 6 6 4 9 10 7 9 5 5 6 6 5 7 6 4 8 6 2 8 9 6 4 8 3 5 10 10 5 6 7 4 5 5 9 6 5 2 6 7 7 4 7 6 5 6 6 4 5 8 2 8 2 3 9 5 4 5 8 8 7 2 8 5 4 7 5 8 2 10 9 4 5 9 5 7 6 9 7 8 5 5 8 8 5 7 8 7 7 7 6 3 8 6 7 10 6 7 3 3 7 5 7 7 6 9 8 10 6 6 5 7 12 5 4 7 4 10 4 8 5 8 7 4 7 5 7 3 6 2 11 6 9 9 4 7 3 5 3 7 7 7 7 9 4 9 6 3 8 6 4 6 7 10 10 6 4 1 7 3 
9 5 5 7 8 7 7 8 10 7 7 11 6 7 6 4 7 4 4 7 9 4 6 9 5 9 4 8 7 6 4 5 8 8 7 5 4 5 9 7 6 8 9 10 9 6 10 8 7 4 6 8 11 7 12 9 6 8 7 7 5 8 5 5 5 9 5 12 5 8 11 10 7 11 6 9 5 8 6 11 10 7 5 11 6 10 10 14 7 5 7 3 12 10 6 7 6 4 10 6 5 8 9 5 6 4 7 6 6 4 5 8 4 7 7 9 8 6 2 5 6 7 5 7 7 4 3 7 10 6 7 6 7 5 7 5 6 5 5 6 11 8 8 8 5 9 7 7 11 6 9 2 7 7 5 8 2 4 7 5 8 6 3 7 10 10 7 5 9 9 10 4 6 10 4 7 7 4 6 10 6 6 4 5 3 9 6 9 6 7 1 12 5 8 4 9 6 9 14 8 
0 1 1 1 1 1 1 2 1 1 1 1 1 1 1 1 1 1 1 1 1 1 1 1 1 1 1 1 1 1 1 1 1 1 0 1 1 1 0 1 1 1 1 1 1 1 1 1 1 1 1 1 1 1 1 1 1 1 1 1 1 1 2 1 1 1 1 1 1 1 1 1 1 1 2 1 2 1 1 1 1 1 1 1 1 1 1 1 2 1 1 1 0 1 2 2 1 1 1 1 1 2 1 1 1 2 1 1 1 1 1 1 1 1 1 1 1 1 1 1 0 1 1 1 1 1 1 1 1 1 2 1 1 1 1 1 0 2 1 1 1 1 1 1 1 1 1 1 2 1 2 1 1 1 1 0 1 1 0 1 0 0 1 1 1 1 1 1 1 1 1 1 1 1 1 1 1 1 2 1 1 1 1 1 0 1 1 1 1 1 1 2 2 1 1 1 1 1 1 1 
4 3 5 5 3 4 4 6 3 3 4 5 5 6 5 5 4 5 6 6 4 4 5 8 8 4 2 4 3 6 3 6 5 5 2 6 7 5 3 5 9 8 6 4 6 6 6 6 5 4 5 3 7 7 4 6 5 5 4 2 5 3 5 4 3 4 2 4 6 5 3 5 5 6 2 5 5 2 8 8 4 2 5 3 4 4 6 5 2 5 4 7 6 5 5 6 5 5 6 3 5 4 5 7 4 8 5 9 3 4 3 3 10 4 8 3 5 7 6 7 6 5 5 8 6 1 7 7 8 5 4 6 7 5 6 5 3 5 3 5 4 6 6 7 3 6 4 7 5 4 1 6 8 5 6 6 5 6 5 6 5 4 7 4 3 6 6 5 7 3 7 4 4 8 1 3 4 4 5 4 4 3 5 2 4 6 5 8 4 2 6 3 5 4 6 8 2 7 6 5 
10 7 11 10 9 9 9 11 13 9 4 9 10 7 8 10 9 14 12 7 6 9 10 11 9 7 14 8 12 7 10 6 8 3 9 9 9 10 4 9 6 9 8 10 7 10 8 9 11 10 10 9 8 15 9 9 4 13 13 16 0 13 4 14 8 10 11 6 9 4 7 12 8 13 11 9 13 7 7 11 9 12 7 9 5 9 14 7 4 8 10 7 2 10 15 7 8 13 10 11 11 12 10 9 8 10 10 8 9 13 12 12 8 11 13 7 6 4 7 7 8 12 4 8 8 7 5 13 4 8 14 3 7 9 7 12 10 12 10 7 8 7 10 6 19 10 9 8 15 6 6 11 10 6 5 12 12 6 5 7 10 15 11 4 9 9 5 12 6 8 7 8 10 4 12 10 9 11 11 6 7 7 11 12 14 6 10 9 11 10 13 8 12 12 10 3 9 7 13 10 
6 6 6 10 7 7 6 4 4 4 4 7 5 7 10 9 4 6 5 8 5 5 2 6 4 3 2 8 6 6 7 6 7 7 5 6 5 6 5 4 6 4 7 3 2 5 5 6 7 5 0 3 2 7 7 4 8 7 8 6 4 5 6 6 6 1 10 6 5 8 5 5 7 10 9 5 7 5 6 6 4 7 7 4 9 6 5 8 4 5 4 8 6 7 5 1 9 4 6 8 7 8 11 8 4 6 6 7 9 5 0 5 5 6 4 4 10 6 5 7 8 6 4 7 6 5 5 4 7 9 8 7 6 9 8 8 6 6 2 5 5 4 7 6 8 8 8 6 6 6 3 5 6 4 6 6 6 4 5 4 7 6 7 6 8 5 6 7 5 5 4 8 7 5 1 5 5 1 6 6 9 6 3 7 9 5 7 5 0 8 7 5 4 7 4 6 2 6 4 2 
2 3 2 3 2 2 2 2 2 2 2 2 2 1 2 2 1 1 2 2 2 3 1 3 2 2 2 2 1 2 3 2 1 3 2 3 2 1 0 1 1 2 1 2 2 2 2 2 3 2 1 1 2 2 3 2 2 2 3 1 1 2 2 1 2 2 2 2 2 1 2 2 2 3 2 2 2 1 3 2 1 3 1 2 2 2 3 3 2 2 1 3 2 1 3 2 2 3 1 2 4 2 2 2 1 2 2 2 3 1 2 1 2 3 1 2 2 1 1 1 2 1 2 2 1 1 1 2 2 1 3 2 3 2 2 2 3 3 2 2 2 2 3 3 2 1 3 2 2 2 2 2 2 2 1 2 2 2 2 2 3 1 2 1 2 2 2 1 2 3 2 1 2 2 2 3 1 0 1 3 1 2 3 2 2 2 3 2 1 4 2 2 1 1 3 1 2 2 1 1 
5 12 5 11 11 9 14 8 8 8 16 8 8 13 5 10 9 9 11 9 8 10 4 12 11 16 9 7 11 4 13 6 4 7 6 4 4 11 6 8 15 8 7 8 16 7 10 9 4 7 9 12 17 14 9 9 12 8 15 14 15 10 12 16 13 10 10 4 3 4 15 7 11 7 4 11 11 8 13 12 6 12 10 10 9 11 8 16 12 9 10 5 10 10 13 7 4 3 12 10 4 9 11 3 9 8 13 14 6 8 4 9 11 8 13 4 11 11 13 9 9 10 6 9 9 4 7 9 6 12 10 11 9 9 16 12 5 11 8 15 8 10 6 13 13 9 5 7 10 9 15 3 10 8 1 9 3 7 6 12 4 7 8 8 8 10 11 9 11 10 6 10 10 9 7 10 12 10 5 11 10 13 12 12 10 8 4 10 4 7 12 5 11 10 6 8 8 7 10 8 
12 8 10 10 5 10 8 6 11 12 5 11 9 11 9 6 12 12 1 13 12 11 12 12 5 9 6 8 15 3 10 11 11 9 14 14 9 10 8 1 11 9 10 8 10 12 5 9 12 13 9 4 4 13 8 13 9 8 8 6 11 12 11 13 5 10 7 12 7 7 8 10 7 13 12 11 5 5 3 8 12 5 16 7 12 6 6 15 4 9 4 7 12 11 8 10 5 10 10 10 10 7 10 8 8 6 13 9 6 11 12 5 6 10 3 8 6 13 5 6 6 7 9 9 10 15 6 13 12 14 9 6 9 10 10 4 8 9 5 8 4 6 12 7 10 9 7 6 4 10 12 13 9 12 9 9 9 7 10 8 15 5 11 8 8 5 2 7 12 14 11 11 9 7 4 10 6 7 10 4 11 11 5 3 9 9 17 8 9 7 5 6 9 8 4 7 12 6 5 8 
10 5 6 8 6 6 5 8 4 6 9 7 9 9 7 10 8 6 6 5 6 12 9 11 1 9 7 5 7 9 6 7 5 10 1 6 7 10 2 3 10 8 6 8 7 5 7 8 8 9 5 10 11 9 7 10 8 6 8 5 9 9 11 8 6 8 6 7 7 5 8 9 8 6 9 8 6 8 6 8 6 6 6 6 10 10 7 0 9 8 2 4 7 4 7 11 7 7 5 6 7 6 7 6 5 6 7 6 4 5 7 6 7 7 6 9 10 1 13 5 7 5 7 8 7 5 6 2 8 6 5 9 7 7 8 3 10 5 6 8 9 3 8 6 3 8 7 7 6 7 11 7 8 6 7 8 1 8 8 4 10 10 8 6 4 9 7 8 7 9 5 9 4 4 7 6 4 3 5 6 4 7 6 7 7 9 9 6 9 10 5 7 7 8 10 9 8 6 7 8 
