NAME  : Jabali_50_3_0.90_1_4
TYPE : SVRP
MODEL : FINITE_SUPPORT
NUMBER_OF_SCENARIOS : 200
DIMENSION : 50
EDGE_WEIGHT_TYPE : MATRIX
CAPACITY : 93
N_VEHICLES : 3
NODE_COORD_SECTION
1 3833 3868
2 1053 831
3 5953 3999
4 6260 6096
5 2239 6355
6 8107 5349
7 2347 139
8 3483 18
9 2469 4313
10 6810 2358
11 8242 5608
12 1188 919
13 2646 7050
14 4999 6670
15 2521 4446
16 927 222
17 1748 4943
18 2772 2522
19 4172 1426
20 688 4619
21 3752 717
22 3686 4088
23 7956 4471
24 6604 1768
25 6637 5417
26 7804 5554
27 1608 2758
28 1042 3369
29 5302 3642
30 6204 568
31 1725 3859
32 5081 5557
33 5598 1296
34 1630 485
35 6704 594
36 1411 449
37 7194 1877
38 4345 5910
39 1967 5306
40 6686 5840
41 7342 3204
42 4722 2652
43 2136 4604
44 5333 5923
45 2255 7277
46 6511 3498
47 7498 5192
48 6032 2672
49 5923 3347
50 27 2248
DEMAND_SECTION
1 0.0
2 5.0
3 2.0
4 10.0
5 3.0
6 8.0
7 10.0
8 6.0
9 9.0
10 9.0
11 8.0
12 10.0
13 4.0
14 9.0
15 1.0
16 1.0
17 1.0
18 7.0
19 10.0
20 8.0
21 4.0
22 1.0
23 5.0
24 7.0
25 2.0
26 2.0
27 3.0
28 6.0
29 4.0
30 9.0
31 6.0
32 8.0
33 3.0
34 2.0
35 2.0
36 4.0
37 7.0
38 3.0
39 3.0
40 9.0
41 2.0
42 1.0
43 2.0
44 3.0
45 1.0
46 8.0
47 2.0
48 8.0
49 7.0
50 8.0
DEVIATION_SECTION
1 0.0
2 1.66667
3 0.666667
4 3.33333
5 1.0
6 2.66667
7 3.33333
8 2.0
9 3.0
10 3.0
11 2.66667
12 3.33333
13 1.33333
14 3.0
15 0.333333
16 0.333333
17 0.333333
18 2.33333
19 3.33333
20 2.66667
21 1.33333
22 0.333333
23 1.66667
24 2.33333
25 0.666667
26 0.666667
27 1.0
28 2.0
29 1.33333
30 3.0
31 2.0
32 2.66667
33 1.0
34 0.666667
35 0.666667
36 1.33333
37 2.33333
38 1.0
39 1.0
40 3.0
41 0.666667
42 0.333333
43 0.666667
44 1.0
45 0.333333
46 2.66667
47 0.666667
48 2.66667
49 2.33333
50 2.66667
DISTANCE_MATRIX
0.0 55.0364 28.4429 43.0381 41.9409 60.5392 54.231 50.01 19.0263 46.8817 62.9682 56.3649 50.6936 39.9536 19.105 63.3246 30.5941 23.7697 34.6466 43.0465 41.1162 2.82843 56.3028 49.8475 42.638 57.6888 33.9706 38.0132 21.2132 57.0498 28.1603 27.7351 46.0498 55.3624 60.4806 56.921 54.3763 28.0598 31.2115 45.2936 49.0 21.0705 24.1868 33.1085 54.5454 37.0135 52.4786 36.2583 30.1496 56.0803 
55.0364 0.0 76.3121 97.2471 76.1643 111.162 18.4391 33.0151 51.1566 77.4145 113.904 1.41421 86.0233 94.3205 52.1536 9.0 56.4358 31.305 41.6158 52.0 37.0 56.0803 104.018 73.2173 95.2144 108.894 27.074 34.7851 66.48 66.2873 42.19 82.102 69.4152 7.61577 72.3671 6.40312 80.8188 82.4267 61.2944 98.737 88.7348 55.8783 53.0094 87.4754 88.278 80.0069 103.276 71.1856 74.2892 24.4131 
28.4429 76.3121 0.0 29.0689 60.8063 35.3836 76.1236 65.2254 47.1699 24.7588 38.2884 77.7076 61.4003 38.2753 47.0956 83.8674 58.0086 45.9585 45.248 71.3442 59.2029 30.1496 28.6531 30.5287 22.561 33.6006 59.9416 65.7875 10.6301 44.2719 56.5155 24.8395 35.3801 75.2353 45.618 77.0527 32.5269 33.0151 57.3149 27.2947 21.587 27.6595 52.0384 27.7849 66.7308 9.84886 27.8029 17.088 8.24621 81.9878 
43.0381 97.2471 29.0689 0.0 54.5894 26.1725 93.6372 87.4204 56.8204 50.6952 27.0 98.6154 51.0392 19.2354 55.9827 105.119 63.4008 66.0379 71.9424 78.4008 78.5777 43.7718 30.8869 57.8705 9.89949 22.0907 77.001 79.9002 37.3363 72.7805 68.5086 17.2047 64.335 96.6075 73.3757 98.387 57.6975 26.9258 59.9664 6.32456 41.0488 56.538 59.0504 13.0 56.1427 34.7851 20.2485 45.7056 37.2156 99.1184 
41.9409 76.1643 60.8063 54.5894 0.0 80.1561 83.2406 84.0773 26.5707 83.1542 81.3941 77.1038 10.4403 36.6879 25.632 85.1469 20.0998 51.6236 71.4258 31.7648 75.9875 39.5382 81.3019 86.7824 61.0082 76.2365 49.0918 43.4166 57.2196 99.4206 34.0147 40.05 86.8488 79.9062 102.851 80.6226 90.7563 29.0689 15.0333 60.2993 81.4953 63.4412 23.3452 42.107 12.1655 70.5651 73.0068 72.6402 65.352 63.7887 
60.5392 111.162 35.3836 26.1725 80.1561 0.0 107.076 95.3078 78.7957 44.5533 3.16228 112.558 77.1622 45.3982 77.8349 120.274 85.7263 80.8086 76.2008 100.568 90.1557 61.3834 12.0416 52.6118 19.4165 4.12311 94.0479 98.4886 46.0109 68.7314 88.3077 40.6079 66.3329 111.305 67.1193 113.277 49.0102 51.4782 83.4779 20.025 31.1448 58.6123 80.9938 38.0526 82.2982 33.541 8.06226 45.6946 40.4969 116.25 
54.231 18.4391 76.1236 93.6372 83.2406 107.076 0.0 15.8114 56.7539 66.4214 110.195 19.2354 92.1954 92.0323 57.7235 18.6815 65.0 32.249 30.9396 64.405 23.3452 56.0803 95.8846 59.5673 91.1399 106.245 36.8917 47.0106 62.4055 49.98 50.9902 79.8311 58.7435 11.0454 55.9732 13.0 66.795 80.2662 69.2892 94.7094 78.0631 49.6511 60.0833 85.1469 95.3362 72.8303 100.478 60.5138 67.8809 42.0476 
50.01 33.0151 65.2254 87.4204 84.0773 95.3078 15.8114 0.0 57.8014 51.0458 98.4608 34.0588 92.8397 86.3227 58.6686 34.4819 68.0074 33.0151 22.9128 70.8378 11.1803 52.3927 84.9865 44.1918 86.9409 95.3464 43.6005 54.4059 63.0641 34.176 55.2268 73.7109 47.8454 26.3059 40.1622 28.4429 51.4195 74.5338 71.5612 91.8963 64.2777 43.1503 62.1289 78.979 95.9417 61.9322 89.5799 49.6157 56.9828 54.5711 
19.0263 51.1566 47.1699 56.8204 26.5707 78.7957 56.7539 57.8014 0.0 65.6696 80.8173 52.2398 35.5106 49.6478 1.0 60.1332 12.083 25.0799 45.9674 24.1868 50.0036 17.0294 74.3588 66.7308 59.6659 75.4323 24.7386 23.4307 40.1995 72.6971 12.0416 39.7623 62.7122 54.0833 77.1429 55.0091 72.6357 37.7539 14.1421 60.9474 68.0074 37.9539 5.38516 44.7555 38.6005 56.0 70.8539 55.0462 49.163 44.1022 
46.8817 77.4145 24.7588 50.6952 83.1542 44.5533 66.4214 51.0458 65.6696 0.0 47.676 78.7718 85.592 62.8013 65.8563 82.4678 77.452 54.7449 35.8469 88.6848 49.8197 49.3479 32.9848 8.06226 41.7612 45.0999 70.7107 79.1012 26.0 24.1868 72.1734 49.5782 26.0 73.2495 23.1948 75.4322 7.81025 57.4891 78.0912 46.8402 13.6015 28.0713 70.9553 52.2015 90.9176 16.1245 40.0 11.1803 18.0278 91.0566 
62.9682 113.904 38.2884 27.0 81.3941 3.16228 110.195 98.4608 80.8173 47.676 0.0 115.299 78.0256 46.0977 79.8565 121.459 87.5957 83.5464 79.3194 102.528 93.2743 63.7708 15.0 55.7315 21.1896 5.38516 96.6075 100.878 48.9183 71.8471 90.6951 42.2019 69.4515 114.424 70.1783 116.395 52.0384 52.9528 85.3096 21.095 34.2345 61.7309 83.006 39.3192 83.0963 36.6742 10.6301 48.8467 43.566 118.811 
56.3649 1.41421 77.7076 98.6154 77.1038 112.558 19.2354 34.0588 52.2398 78.7718 115.299 0.0 87.0057 95.6729 53.2353 8.06226 57.3149 32.6497 42.9711 52.5547 38.2753 57.3847 105.433 74.5727 96.6099 110.289 28.0179 35.4401 67.8755 67.4685 43.1045 83.4544 70.7738 8.24621 73.5459 6.7082 82.1741 83.779 62.2013 100.125 90.0934 57.2925 54.0 88.8277 89.202 81.4211 104.672 72.5441 75.7034 24.2074 
50.6936 86.0233 61.4003 51.0392 10.4403 77.1622 92.1954 92.8397 35.5106 85.592 78.0256 87.0057 0.0 32.0156 34.5254 95.0211 30.4138 60.241 80.1784 42.0476 84.7401 48.2909 79.8311 90.14 58.6941 73.1095 59.0 53.7587 61.3865 106.61 44.0454 38.8973 95.6014 89.4539 110.041 90.2718 93.398 28.6356 25.318 57.1402 82.2922 70.6304 33.0151 39.6232 5.38516 71.1969 70.5762 75.9979 67.6354 74.2159 
39.9536 94.3205 38.2753 19.2354 36.6879 45.3982 92.0323 86.3227 49.6478 62.8013 46.0977 95.6729 32.0156 0.0 48.2025 102.407 48.4813 63.0303 70.8447 63.4435 77.4799 40.6874 49.3964 68.7968 27.8568 41.3038 73.9166 70.2813 42.3792 82.0161 59.4054 13.9284 80.4197 94.1756 83.7257 95.838 70.4344 14.3178 44.4072 25.4951 55.9732 55.4403 48.0139 10.6301 37.0135 46.8615 39.2938 55.0727 46.1411 93.5455 
19.105 52.1536 47.0956 55.9827 25.632 77.8349 57.7235 58.6686 1.0 65.8563 79.8565 53.2353 34.5254 48.2025 0.0 61.131 11.7047 26.0 46.669 24.3311 50.8103 17.0 75.5294 67.0741 58.7051 74.4715 25.7099 24.2074 40.3113 73.366 12.8062 38.8015 63.1295 55.0818 77.5602 56.0089 72.9788 36.7931 13.4536 59.9866 68.0294 38.2971 5.09902 43.7946 37.6431 56.0089 69.8931 55.2328 49.2544 44.9444 
63.3246 9.0 83.8674 105.119 85.1469 120.274 18.6815 34.4819 60.1332 82.4678 121.459 8.06226 95.0211 102.407 61.131 0.0 65.3758 39.5601 46.667 60.407 40.8167 64.5136 110.808 77.8911 102.77 116.449 36.0555 43.4166 74.0353 68.6222 51.1566 90.1886 74.4709 9.21954 74.6324 7.07107 85.1188 90.5133 70.2567 106.339 93.7905 62.6677 62.0081 95.562 97.2522 86.7963 110.832 76.2413 81.0787 30.4795 
30.5941 56.4358 58.0086 63.4008 20.0998 85.7263 65.0 68.0074 12.083 77.452 87.5957 57.3149 30.4138 48.4813 11.7047 65.3758 0.0 35.0 57.4891 15.2643 60.8917 28.2843 84.0119 78.7774 66.4078 82.2192 29.4279 23.3452 51.788 84.3954 14.3178 46.2195 74.7951 60.6383 89.2259 61.1882 84.6821 37.1594 5.09902 67.4138 79.2279 50.0004 6.7082 51.0639 32.0 67.1869 77.8845 66.8286 60.6712 43.9659 
23.7697 31.305 45.9585 66.0379 51.6236 80.8086 32.249 33.0151 25.0799 54.7449 83.5464 32.6497 60.241 63.0303 26.0 39.5601 35.0 0.0 24.6982 39.4462 26.4008 25.0 74.5988 53.0094 64.5368 78.5175 16.0312 25.4951 36.1264 53.1601 22.8035 50.8117 48.0128 31.7805 58.6941 33.2415 60.1332 51.1364 38.5876 67.8012 62.077 28.2312 29.1548 56.1851 63.5689 52.5812 72.9178 44.3847 47.4783 36.7696 
34.6466 41.6158 45.248 71.9424 71.4258 76.2008 30.9396 22.9128 45.9674 35.8469 79.3194 42.9711 80.1784 70.8447 46.669 46.667 57.4891 24.6982 0.0 63.9531 14.0189 37.1578 65.0091 31.6228 66.9635 75.369 39.8121 50.0 43.0867 28.6644 47.0106 58.2329 27.868 37.4486 34.3657 39.6314 39.2173 59.1326 60.1082 71.9189 47.1876 27.6723 50.9902 63.501 84.0302 41.9548 69.6025 29.6383 37.0054 57.2189 
43.0465 52.0 71.3442 78.4008 31.7648 100.568 64.405 70.8378 24.1868 88.6848 102.528 52.5547 42.0476 63.4435 24.3311 60.407 15.2643 39.4462 63.9531 0.0 65.7343 41.1947 98.3286 89.0505 81.3449 97.1442 27.6586 17.4929 64.0078 91.9239 17.088 61.2195 84.4321 57.7062 97.1529 57.6975 95.352 52.1216 19.105 82.4138 92.0217 60.6712 19.6469 66.2127 42.0595 80.0562 92.6553 77.5249 73.0068 34.0 
41.1162 37.0 59.2029 78.5777 75.9875 90.1557 23.3452 11.1803 50.0036 49.8197 93.2743 38.2753 84.7401 77.4799 50.8103 40.8167 60.8917 26.4008 14.0189 65.7343 0.0 43.5111 78.9639 37.8013 80.9183 89.3238 39.9249 50.5668 57.0416 30.0167 49.2037 64.8682 41.8228 31.7648 36.0555 34.0 45.029 65.7678 64.0312 85.8737 61.1424 34.3076 54.6732 70.1363 87.8422 55.9096 83.5574 43.5931 50.9602 55.0364 
2.82843 56.0803 30.1496 43.7718 39.5382 61.3834 56.0803 52.3927 17.0294 49.3479 63.7708 57.3847 48.2909 40.6874 17.0 64.5136 28.2843 25.0 37.1578 41.1947 43.5111 0.0 57.5674 52.671 43.3722 58.474 33.9706 37.2156 23.5372 59.8733 26.9258 28.4689 48.8733 56.7539 63.3041 58.2409 56.8426 28.7935 28.8088 46.0273 51.0392 23.8939 22.0227 33.8422 52.1426 39.0128 53.3212 38.7245 32.3883 55.9017 
56.3028 104.018 28.6531 30.8869 81.3019 12.0416 95.8846 84.9865 74.3588 32.9848 15.0 105.433 79.8311 49.3964 75.5294 110.808 84.0119 74.5988 65.0091 98.3286 78.9639 57.5674 0.0 41.0 21.5407 13.9284 88.5889 94.1541 38.833 57.0701 84.4334 41.3038 55.1411 101.839 55.2268 103.811 37.054 52.2398 82.3893 24.6982 19.4165 49.146 78.6917 40.2616 85.1469 24.0832 11.3137 35.5106 31.8277 110.639 
49.8475 73.2173 30.5287 57.8705 86.7824 52.6118 59.5673 44.1918 66.7308 8.06226 55.7315 74.5727 90.14 68.7968 67.0741 77.8911 78.7774 53.0094 31.6228 89.0505 37.8013 52.671 41.0 0.0 49.2443 53.1507 69.029 78.1025 29.5651 16.1245 72.1803 55.2178 23.0 69.0799 15.5242 71.3093 7.61577 62.2415 79.9253 54.3415 21.587 28.7924 72.111 58.3095 95.4656 23.0868 48.0104 14.1421 22.8035 88.2836 
42.638 95.2144 22.561 9.89949 61.0082 19.4165 91.1399 86.9409 59.6659 41.7612 21.1896 96.6099 58.6941 27.8568 58.7051 102.77 66.4078 64.5368 66.9635 81.3449 80.9183 43.3722 21.5407 49.2443 0.0 15.8114 76.5768 80.479 32.311 64.6297 70.2964 21.2132 57.0955 94.1376 64.7611 95.955 48.4665 32.1403 64.124 5.09902 31.3847 54.0408 61.8466 19.105 63.9531 26.3059 12.0 38.0132 30.1496 98.7168 
57.6888 108.894 33.6006 22.0907 76.2365 4.12311 106.245 95.3464 75.4323 45.0999 5.38516 110.289 73.1095 41.3038 74.4715 116.449 82.2192 78.5175 75.369 97.1442 89.3238 58.474 13.9284 53.1507 15.8114 0.0 91.4002 95.5808 44.2041 69.2604 85.3982 36.8782 65.501 107.817 68.0 109.635 50.0899 47.676 79.9348 16.0 32.0156 57.7804 77.6209 34.1321 78.2304 32.8938 5.83095 45.2217 39.3573 113.6 
33.9706 27.074 59.9416 77.001 49.0918 94.0479 36.8917 43.6005 24.7386 70.7107 96.6075 28.0179 59.0 73.9166 25.7099 36.0555 29.4279 16.0312 39.8121 27.6586 39.9249 33.9706 88.5889 69.029 76.5768 91.4002 0.0 10.8167 50.2073 68.4719 15.1327 61.6981 64.0364 31.3209 74.1485 31.7805 76.1643 62.0227 34.2345 79.2565 77.6718 43.6807 26.0192 67.0714 61.2046 66.6621 86.0233 60.208 58.8784 22.2036 
38.0132 34.7851 65.7875 79.9002 43.4166 98.4886 47.0106 54.4059 23.4307 79.1012 100.878 35.4401 53.7587 70.2813 24.2074 43.4166 23.3452 25.4951 50.0 17.4929 50.5668 37.2156 94.1541 78.1025 80.479 95.5808 10.8167 0.0 56.7539 78.5881 11.4018 62.7135 73.1249 40.2492 84.1724 40.3113 85.0059 60.8337 28.4429 83.1342 84.7313 51.3517 22.3607 67.8353 55.1453 73.2462 90.4268 68.2642 65.5134 21.0238 
21.2132 66.48 10.6301 37.3363 57.2196 46.0109 62.4055 63.0641 40.1995 26.0 48.9183 67.8755 61.3865 42.3792 40.3113 74.0353 51.788 36.1264 43.0867 64.0078 57.0416 23.5372 38.833 29.5651 32.311 44.2041 50.2073 56.7539 0.0 42.1965 48.2597 28.4605 33.2187 65.4032 43.937 67.2206 33.541 33.6006 52.342 36.6879 28.1603 25.3064 45.3982 32.7567 66.712 16.4924 38.4187 15.423 9.0 72.1723 
57.0498 66.2873 44.2719 72.7805 99.4206 68.7314 49.98 34.176 72.6971 24.1868 71.8471 67.4685 106.61 82.0161 73.366 68.6222 84.3954 53.1601 28.6644 91.9239 30.0167 59.8733 57.0701 16.1245 64.6297 69.2604 68.4719 78.5881 42.1965 0.0 74.8465 68.2317 29.0 60.1664 6.08276 62.3618 21.0238 74.8795 86.8191 69.7209 37.6563 36.4012 77.8142 71.7347 110.462 38.3275 64.0703 27.2029 36.0555 85.0059 
28.1603 42.19 56.5155 68.5086 34.0147 88.3077 50.9902 55.2268 12.0416 72.1734 90.6951 43.1045 44.0454 59.4054 12.8062 51.1566 14.3178 22.8035 47.0106 17.088 49.2037 26.9258 84.4334 72.1803 70.2964 85.3982 15.1327 11.4018 48.2597 74.8465 0.0 51.322 67.4637 46.3249 80.0665 46.8722 78.6384 49.4422 19.105 72.6357 76.4199 44.1022 11.4018 56.4437 46.0977 64.6297 80.2455 61.0737 57.2189 32.249 
27.7351 82.102 24.8395 17.2047 40.05 40.6079 79.8311 73.7109 39.7623 49.5782 42.2019 83.4544 38.8973 13.9284 38.8015 90.1886 46.2195 50.8117 58.2329 61.2195 64.8682 28.4689 41.3038 55.2178 21.2132 36.8782 61.6981 62.7135 28.4605 68.2317 51.322 0.0 67.808 81.9329 69.9714 83.6194 57.3149 11.0 43.9327 21.5407 44.1022 42.8286 41.8692 5.38516 44.2719 33.9706 33.1361 41.3401 32.45 83.8154 
46.0498 69.4152 35.3801 64.335 86.8488 66.3329 58.7435 47.8454 62.7122 26.0 69.4515 70.7738 95.6014 80.4197 63.1295 74.4709 74.7951 48.0128 27.868 84.4321 41.8228 48.8733 55.1411 23.0 57.0955 65.501 64.0364 73.1249 33.2187 29.0 67.4637 67.808 0.0 65.2526 32.4307 67.4353 30.2132 68.7076 76.1193 62.0509 37.3196 25.4012 68.0931 73.076 99.4532 32.0868 59.7346 19.7703 27.1374 83.5252 
55.3624 7.61577 75.2353 96.6075 79.9062 111.305 11.0454 26.3059 54.0833 73.2495 114.424 8.24621 89.4539 94.1756 55.0818 9.21954 60.6383 31.7805 37.4486 57.7062 31.7648 56.7539 101.839 69.0799 94.1376 107.817 31.3209 40.2492 65.4032 60.1664 46.3249 81.9329 65.2526 0.0 66.2193 2.23607 76.3077 82.2818 65.307 97.707 84.5722 53.699 56.5685 87.3155 92.0706 77.8276 102.199 67.0229 72.11 31.9061 
60.4806 72.3671 45.618 73.3757 102.851 67.1193 55.9732 40.1622 77.1429 23.1948 70.1783 73.5459 110.041 83.7257 77.5602 74.6324 89.2259 58.6941 34.3657 97.1529 36.0555 63.3041 55.2268 15.5242 64.7611 68.0 74.1485 84.1724 43.937 6.08276 80.0665 69.9714 32.4307 66.2193 0.0 68.4105 18.2483 76.6201 90.55 69.857 36.0139 39.832 82.5239 73.3553 113.892 38.6005 63.0714 28.6531 37.5899 91.0 
56.921 6.40312 77.0527 98.387 80.6226 113.277 13.0 28.4429 55.0091 75.4322 116.395 6.7082 90.2718 95.838 56.0089 7.07107 61.1882 33.2415 39.6314 57.6975 34.0 58.2409 103.811 71.3093 95.955 109.635 31.7805 40.3113 67.2206 62.3618 46.8722 83.6194 67.4353 2.23607 68.4105 0.0 78.537 83.9441 65.9242 99.5245 86.7549 55.6705 57.3149 88.9928 92.7793 79.7991 104.017 69.2056 74.0814 30.8058 
54.3763 80.8188 32.5269 57.6975 90.7563 49.0102 66.795 51.4195 72.6357 7.81025 52.0384 82.1741 93.398 70.4344 72.9788 85.1188 84.6821 60.1332 39.2173 95.352 45.029 56.8426 37.054 7.61577 48.4665 50.0899 76.1643 85.0059 33.541 21.0238 78.6384 57.3149 30.2132 76.3077 18.2483 78.537 0.0 65.2993 85.5858 53.4883 18.1108 34.7131 78.0158 59.8164 98.7236 23.6008 45.3982 18.3848 25.807 95.7079 
28.0598 82.4267 33.0151 26.9258 29.0689 51.4782 80.2662 74.5338 37.7539 57.4891 52.9528 83.779 28.6356 14.3178 36.7931 90.5133 37.1594 51.1364 59.1326 52.1216 65.7678 28.7935 52.2398 62.2415 32.1403 47.676 62.0227 60.8337 33.6006 74.8795 49.4422 11.0 68.7076 82.2818 76.6201 83.9441 65.2993 0.0 33.0872 32.0156 53.6656 43.7282 39.8608 13.9284 34.0147 42.72 44.1022 48.1041 39.6232 81.6516 
31.2115 61.2944 57.3149 59.9664 15.0333 83.4779 69.2892 71.5612 14.1421 78.0912 85.3096 62.2013 25.318 44.4072 13.4536 70.2567 5.09902 38.5876 60.1082 19.105 64.0312 28.8088 82.3893 79.9253 64.124 79.9348 34.2345 28.4429 52.342 86.8191 19.105 43.9327 76.1193 65.307 90.55 65.9242 85.5858 33.0872 0.0 65.0932 78.7718 51.1483 9.43398 46.9916 27.0185 66.7533 75.7131 67.4678 60.8088 49.0408 
45.2936 98.737 27.2947 6.32456 60.2993 20.025 94.7094 91.8963 60.9474 46.8402 21.095 100.125 57.1402 25.4951 59.9866 106.339 67.4138 67.8012 71.9189 82.4138 85.8737 46.0273 24.6982 54.3415 5.09902 16.0 79.2565 83.1342 36.6879 69.7209 72.6357 21.5407 62.0509 97.707 69.857 99.5245 53.4883 32.0156 65.0932 0.0 36.2353 57.6102 63.0635 18.2483 62.2896 31.4006 13.9284 43.0465 35.0571 101.374 
49.0 88.7348 21.587 41.0488 81.4953 31.1448 78.0631 64.2777 68.0074 13.6015 34.2345 90.0934 82.2922 55.9732 68.0294 93.7905 79.2279 62.077 47.1876 92.0217 61.1424 51.0392 19.4165 21.587 31.3847 32.0156 77.6718 84.7313 28.1603 37.6563 76.4199 44.1022 37.3196 84.5722 36.0139 86.7549 18.1108 53.6656 78.7718 36.2353 0.0 34.0155 73.0616 45.4533 87.6641 12.0416 27.2947 18.6011 19.2354 98.8179 
21.0705 55.8783 27.6595 56.538 63.4412 58.6123 49.6511 43.1503 37.9539 28.0713 61.7309 57.2925 70.6304 55.4403 38.2971 62.6677 50.0004 28.2312 27.6723 60.6712 34.3076 23.8939 49.146 28.7924 54.0408 57.7804 43.6807 51.3517 25.3064 36.4012 44.1022 42.8286 25.4012 53.699 39.832 55.6705 34.7131 43.7282 51.1483 57.6102 34.0155 0.0 43.3341 48.0966 74.4821 25.1345 52.014 17.0 19.4168 65.0 
24.1868 53.0094 52.0384 59.0504 23.3452 80.9938 60.0833 62.1289 5.38516 70.9553 83.006 54.0 33.0151 48.0139 5.09902 62.0081 6.7082 29.1548 50.9902 19.6469 54.6732 22.0227 78.6917 72.111 61.8466 77.6209 26.0192 22.3607 45.3982 77.8142 11.4018 41.8692 68.0931 56.5685 82.5239 57.3149 78.0158 39.8608 9.43398 63.0635 73.0616 43.3341 0.0 46.8623 35.5106 61.0328 73.0548 60.3319 54.3323 43.382 
33.1085 87.4754 27.7849 13.0 42.107 38.0526 85.1469 78.979 44.7555 52.2015 39.3192 88.8277 39.6232 10.6301 43.7946 95.562 51.0639 56.1851 63.501 66.2127 70.1363 33.8422 40.2616 58.3095 19.105 34.1321 67.0714 67.8353 32.7567 71.7347 56.4437 5.38516 73.076 87.3155 73.3553 88.9928 59.8164 13.9284 46.9916 18.2483 45.4533 48.0966 46.8623 0.0 44.911 36.2353 31.0644 44.7214 35.7771 88.0208 
54.5454 88.278 66.7308 56.1427 12.1655 82.2982 95.3362 95.9417 38.6005 90.9176 83.0963 89.202 5.38516 37.0135 37.6431 97.2522 32.0 63.5689 84.0302 42.0595 87.8422 52.1426 85.1469 95.4656 63.9531 78.2304 61.2046 55.1453 66.712 110.462 46.0977 44.2719 99.4532 92.0706 113.892 92.7793 98.7236 34.0147 27.0185 62.2896 87.6641 74.4821 35.5106 44.911 0.0 76.5376 75.8024 81.3235 72.9609 75.1332 
37.0135 80.0069 9.84886 34.7851 70.5651 33.541 72.8303 61.9322 56.0 16.1245 36.6742 81.4211 71.1969 46.8615 56.0089 86.7963 67.1869 52.5812 41.9548 80.0562 55.9096 39.0128 24.0832 23.0868 26.3059 32.8938 66.6621 73.2462 16.4924 38.3275 64.6297 33.9706 32.0868 77.8276 38.6005 79.7991 23.6008 42.72 66.7533 31.4006 12.0416 25.1345 61.0328 36.2353 76.5376 0.0 27.2029 12.3693 8.06226 88.6271 
52.4786 103.276 27.8029 20.2485 73.0068 8.06226 100.478 89.5799 70.8539 40.0 10.6301 104.672 70.5762 39.2938 69.8931 110.832 77.8845 72.9178 69.6025 92.6553 83.5574 53.3212 11.3137 48.0104 12.0 5.83095 86.0233 90.4268 38.4187 64.0703 80.2455 33.1361 59.7346 102.199 63.0714 104.017 45.3982 44.1022 75.7131 13.9284 27.2947 52.014 73.0548 31.0644 75.8024 27.2029 0.0 39.5601 33.541 108.227 
36.2583 71.1856 17.088 45.7056 72.6402 45.6946 60.5138 49.6157 55.0462 11.1803 48.8467 72.5441 75.9979 55.0727 55.2328 76.2413 66.8286 44.3847 29.6383 77.5249 43.5931 38.7245 35.5106 14.1421 38.0132 45.2217 60.208 68.2642 15.423 27.2029 61.0737 41.3401 19.7703 67.0229 28.6531 69.2056 18.3848 48.1041 67.4678 43.0465 18.6011 17.0 60.3319 44.7214 81.3235 12.3693 39.5601 0.0 8.94427 80.9568 
30.1496 74.2892 8.24621 37.2156 65.352 40.4969 67.8809 56.9828 49.163 18.0278 43.566 75.7034 67.6354 46.1411 49.2544 81.0787 60.6712 47.4783 37.0054 73.0068 50.9602 32.3883 31.8277 22.8035 30.1496 39.3573 58.8784 65.5134 9.0 36.0555 57.2189 32.45 27.1374 72.11 37.5899 74.0814 25.807 39.6232 60.8088 35.0571 19.2354 19.4168 54.3323 35.7771 72.9609 8.06226 33.541 8.94427 0.0 80.8434 
56.0803 24.4131 81.9878 99.1184 63.7887 116.25 42.0476 54.5711 44.1022 91.0566 118.811 24.2074 74.2159 93.5455 44.9444 30.4795 43.9659 36.7696 57.2189 34.0 55.0364 55.9017 110.639 88.2836 98.7168 113.6 22.2036 21.0238 72.1723 85.0059 32.249 83.8154 83.5252 31.9061 91.0 30.8058 95.7079 81.6516 49.0408 101.374 98.8179 65.0 43.382 88.0208 75.1332 88.6271 108.227 80.9568 80.8434 0.0 
DEMAND_SCENARIO_SECTION
0 0 0 0 0 0 0 0 0 0 0 0 0 0 0 0 0 0 0 0 0 0 0 0 0 0 0 0 0 0 0 0 0 0 0 0 0 0 0 0 0 0 0 0 0 0 0 0 0 0 0 0 0 0 0 0 0 0 0 0 0 0 0 0 0 0 0 0 0 0 0 0 0 0 0 0 0 0 0 0 0 0 0 0 0 0 0 0 0 0 0 0 0 0 0 0 0 0 0 0 0 0 0 0 0 0 0 0 0 0 0 0 0 0 0 0 0 0 0 0 0 0 0 0 0 0 0 0 0 0 0 0 0 0 0 0 0 0 0 0 0 0 0 0 0 0 0 0 0 0 0 0 0 0 0 0 0 0 0 0 0 0 0 0 0 0 0 0 0 0 0 0 0 0 0 0 0 0 0 0 0 0 0 0 0 0 0 0 0 0 0 0 0 0 0 0 0 0 0 0 
4 6 6 5 4 5 6 5 4 6 2 5 6 8 7 5 1 6 6 5 6 5 3 2 7 4 6 7 9 4 5 3 2 7 5 4 7 6 4 5 3 9 4 5 5 8 5 5 5 4 9 6 4 8 2 6 6 5 8 8 6 8 6 8 5 5 4 5 5 5 4 7 6 5 4 5 6 3 3 6 4 6 3 6 8 4 4 3 5 5 5 3 3 5 7 4 5 7 6 3 5 4 2 3 7 4 5 5 4 8 3 4 2 6 6 1 3 5 8 3 3 4 3 4 9 5 3 9 5 8 6 6 3 5 5 5 2 5 3 5 2 4 4 5 6 3 5 7 7 4 3 3 6 3 5 4 5 5 3 4 4 4 7 7 6 2 7 6 4 7 6 7 3 2 5 4 4 3 4 3 5 5 4 4 5 3 4 7 7 3 2 5 5 4 6 5 8 9 5 4 
2 2 3 1 2 2 2 1 2 2 1 1 2 2 2 3 3 2 3 2 3 2 3 3 2 2 1 2 3 2 2 2 1 3 2 2 1 2 2 0 3 3 2 1 2 1 3 3 3 2 2 3 2 3 1 2 2 3 2 3 1 4 1 3 2 1 1 2 1 2 3 2 1 2 2 2 1 2 1 2 2 2 2 1 3 1 2 2 3 2 2 2 2 3 2 2 3 2 1 3 2 3 2 3 3 2 2 2 2 1 1 2 2 1 2 1 1 2 2 1 1 1 2 3 2 1 3 2 2 3 2 3 1 2 1 2 2 1 2 1 2 2 1 2 2 2 3 3 1 3 2 2 3 1 3 3 1 2 1 2 1 3 2 3 2 3 3 2 1 1 2 3 3 2 2 2 3 1 3 2 3 3 2 2 2 2 2 3 2 4 2 2 2 1 1 1 1 2 3 2 
9 12 13 6 9 7 8 16 4 13 6 10 14 13 7 3 8 11 11 7 12 17 7 13 8 9 6 7 12 9 12 10 9 10 13 9 9 5 16 6 12 5 6 21 14 11 6 16 10 10 13 15 6 9 14 7 11 10 17 9 8 7 16 9 5 8 12 14 13 13 7 9 13 12 12 11 16 8 7 4 7 14 13 0 13 16 6 11 7 16 10 8 8 12 12 7 6 8 10 14 11 12 8 8 7 7 8 8 15 5 8 10 12 11 8 12 6 11 9 10 16 12 14 9 8 8 11 10 10 9 14 12 5 5 19 8 7 17 12 7 5 9 7 7 13 12 9 8 18 12 16 11 7 10 15 13 5 9 11 10 12 4 8 3 10 10 12 11 10 12 4 9 7 9 11 8 5 2 10 11 17 6 9 9 1 12 11 9 17 4 6 8 12 11 7 7 10 6 16 13 
4 3 3 2 3 3 5 2 4 4 4 2 3 5 4 4 4 4 3 2 4 5 4 1 4 3 4 3 3 6 2 4 3 2 2 2 2 3 3 3 2 3 4 3 4 4 5 4 3 4 3 3 3 4 4 1 4 2 3 4 4 2 3 4 4 1 3 3 6 3 2 1 4 3 3 3 3 2 4 3 4 3 4 3 5 2 4 3 2 5 4 3 3 3 5 3 2 3 3 3 4 3 3 5 4 5 3 3 2 3 2 3 1 3 3 2 4 1 3 5 3 5 3 2 5 3 2 3 3 3 4 2 3 3 3 3 2 2 5 3 3 3 2 1 5 2 5 3 1 4 4 4 3 3 1 3 2 4 2 4 2 4 2 3 3 4 2 1 1 2 2 5 3 3 4 3 5 2 3 2 3 2 4 4 3 2 5 0 3 3 3 4 2 2 4 1 3 4 3 1 
10 5 7 9 10 13 13 8 6 7 8 8 11 8 5 8 11 6 9 10 7 10 6 7 7 1 9 6 9 8 5 10 8 5 6 8 12 5 11 4 5 11 6 11 9 11 9 7 7 9 9 9 9 10 4 9 6 11 8 7 1 9 5 12 9 7 3 15 9 8 10 5 6 10 7 11 11 7 6 7 10 11 15 6 8 11 11 7 8 7 9 11 7 13 16 10 6 9 7 5 13 12 8 8 4 9 8 7 7 8 7 8 12 7 6 10 11 7 12 8 7 12 9 6 7 7 9 6 9 9 5 5 1 9 3 12 7 5 7 10 7 10 9 7 9 9 11 9 8 9 7 11 6 6 4 9 11 8 8 5 9 6 11 6 7 5 7 9 8 7 9 13 5 3 9 4 11 7 5 10 7 4 10 5 15 9 12 6 6 10 10 2 10 3 6 4 9 8 8 4 
12 13 6 12 3 9 11 4 5 9 14 9 7 4 10 6 14 8 8 9 3 11 7 9 6 5 6 9 9 9 9 8 4 14 15 5 10 10 9 11 12 11 14 7 12 10 7 11 12 10 7 13 16 8 10 11 7 7 11 14 12 6 9 13 10 8 4 8 8 11 15 12 9 10 20 10 13 3 12 4 14 12 5 10 12 7 10 7 10 17 8 11 12 5 12 8 17 8 12 8 5 5 14 15 9 14 11 6 14 1 15 4 7 8 10 8 18 6 12 7 10 11 11 12 9 8 7 5 11 15 11 7 8 10 14 6 6 14 13 8 7 9 17 12 10 11 12 6 11 9 4 9 9 13 6 7 7 12 12 10 13 7 10 21 7 14 6 9 15 9 6 10 11 7 2 7 7 9 10 8 13 10 14 2 5 9 9 14 15 18 14 12 9 10 9 8 8 16 15 10 
6 5 2 4 3 7 6 9 7 10 9 8 6 7 8 3 5 7 8 8 4 6 9 7 6 4 7 8 3 10 3 7 7 4 2 4 4 6 6 10 8 4 6 7 11 9 6 6 7 4 6 7 4 9 8 4 2 3 8 3 7 3 5 3 8 5 9 5 7 6 2 6 5 4 7 7 5 3 7 10 4 4 2 7 3 3 7 8 8 9 7 10 6 10 5 9 6 5 5 7 3 6 10 6 4 6 4 7 6 3 6 7 5 6 9 1 7 4 2 8 5 3 6 6 6 6 6 3 4 7 11 6 8 6 6 7 9 8 3 9 3 9 8 2 6 4 8 7 8 6 8 7 5 5 5 6 4 6 7 6 5 6 7 7 7 6 8 5 7 4 5 3 3 5 7 4 5 3 3 8 9 8 6 8 6 5 1 3 6 8 6 7 7 5 8 8 6 6 8 7 
9 3 16 11 10 6 8 15 8 8 10 8 9 10 11 7 13 10 6 15 7 7 9 14 10 12 7 9 10 10 11 6 10 9 15 7 11 5 10 12 9 10 7 11 12 12 9 7 8 11 6 9 10 10 6 16 5 7 8 5 6 11 9 12 11 11 7 13 8 4 12 6 10 4 6 11 12 7 9 6 14 8 10 10 4 9 10 8 4 8 10 5 3 9 7 8 3 16 6 9 10 11 11 5 11 9 10 16 11 7 9 10 4 8 15 2 6 10 8 8 7 6 6 10 3 10 8 12 5 14 9 4 9 8 8 5 11 8 7 13 7 13 14 8 12 8 12 7 6 9 8 0 5 11 9 12 7 13 9 6 7 8 14 12 9 7 6 8 11 8 10 8 9 9 6 8 12 4 11 12 12 14 7 9 6 9 3 8 3 14 10 11 7 13 0 15 15 8 8 21 
4 8 6 13 11 11 8 2 8 5 14 9 7 11 7 10 9 6 6 12 6 11 9 6 11 8 12 11 10 11 15 4 11 10 5 15 10 9 9 5 9 7 8 6 9 10 6 12 9 9 9 12 9 13 11 10 8 8 10 2 3 9 8 6 5 7 7 4 10 7 5 7 7 14 8 7 2 13 11 7 14 7 11 13 12 6 11 10 7 10 6 9 11 13 8 7 7 8 9 10 6 10 8 9 7 1 11 6 5 9 10 3 7 11 11 15 12 9 8 8 5 13 9 15 8 10 6 6 7 9 4 7 7 14 7 7 7 4 10 10 10 7 6 10 9 5 10 7 8 8 7 10 8 11 10 8 9 10 9 9 8 6 13 14 6 6 6 0 12 6 10 5 9 14 7 11 10 8 8 10 10 13 10 3 9 12 15 10 7 6 9 7 10 8 9 7 8 12 7 4 
9 11 13 6 10 8 5 11 6 6 10 6 8 9 6 9 4 7 8 1 9 8 8 11 9 9 0 8 6 11 8 4 6 5 3 11 10 7 9 8 6 5 7 8 10 8 8 8 9 11 8 3 8 10 10 6 6 10 5 10 3 9 5 10 6 8 9 2 8 9 3 11 8 7 5 5 9 7 15 5 13 11 12 5 10 10 8 4 10 7 8 8 11 10 13 9 1 15 11 7 5 6 9 3 9 8 12 6 10 6 6 11 11 6 9 9 6 7 6 11 7 8 8 13 12 11 6 10 7 6 9 6 7 7 8 9 9 8 11 8 5 11 6 9 10 10 15 2 7 8 5 10 9 3 4 6 10 8 7 11 6 0 7 8 10 2 10 6 12 5 6 6 11 10 5 6 9 4 9 7 6 13 6 7 10 4 12 4 6 6 13 3 2 13 7 5 5 5 4 8 
11 6 7 10 8 5 15 10 12 13 11 9 7 13 6 11 10 16 14 10 7 15 6 4 9 6 9 12 11 18 17 10 18 8 7 11 7 7 15 10 13 9 8 14 9 9 19 17 12 14 8 18 9 9 9 10 4 11 7 12 10 11 7 17 16 5 7 7 10 10 8 11 4 14 10 15 5 13 10 11 11 13 11 7 8 10 10 5 7 6 16 9 8 7 10 8 8 6 15 12 15 6 7 13 12 13 13 12 8 10 9 14 13 15 9 13 7 6 3 9 13 9 14 5 13 6 13 11 15 7 15 12 5 10 9 9 12 0 9 13 6 14 8 7 15 17 11 5 10 13 10 8 11 11 15 10 15 7 10 8 3 13 16 11 9 11 9 15 8 15 5 2 8 12 6 17 5 9 9 11 6 16 9 9 8 12 10 13 16 10 9 18 10 10 7 6 10 14 7 12 
4 2 4 5 4 3 5 3 3 4 5 4 2 5 3 4 3 6 3 5 4 5 6 5 4 4 3 4 4 3 2 3 3 7 2 5 5 5 3 5 3 5 6 6 2 5 5 5 6 4 4 4 5 4 5 6 6 3 3 3 5 4 4 4 4 3 3 1 3 5 5 6 3 4 6 2 7 3 3 2 4 5 4 4 3 4 2 5 7 2 4 3 4 3 3 4 5 4 1 5 4 3 1 6 3 2 4 2 3 4 3 5 4 5 4 2 5 3 4 6 5 4 7 5 5 2 4 4 4 3 5 3 5 6 4 6 5 3 6 4 3 6 5 8 3 2 2 4 3 4 5 3 4 4 7 4 6 4 2 0 4 4 7 4 5 4 6 5 4 5 5 3 3 2 3 6 5 6 4 4 4 3 3 4 3 3 4 6 4 5 5 4 5 5 4 4 4 6 2 3 
9 10 13 7 10 10 8 9 9 4 7 5 5 5 8 9 6 11 5 13 9 11 11 6 7 11 17 10 6 6 5 7 5 9 10 12 8 10 11 6 10 10 13 8 7 7 9 4 13 5 10 10 8 9 9 7 7 11 14 10 5 8 13 5 10 10 3 8 17 8 7 6 10 8 10 12 6 8 7 12 13 10 9 8 12 5 10 9 12 6 9 8 9 9 11 7 7 11 10 8 12 11 5 7 0 5 13 6 10 14 12 12 12 6 11 5 12 9 7 7 12 13 13 12 7 13 8 6 11 8 10 11 13 7 7 4 9 12 5 9 11 7 13 9 7 6 6 10 6 12 10 8 11 8 15 12 14 11 9 8 12 4 14 9 11 14 4 13 13 8 11 10 10 14 13 11 4 10 8 8 11 7 6 16 11 10 10 10 8 10 10 8 13 13 13 10 8 8 5 10 
1 1 1 1 1 1 2 1 1 1 1 1 1 1 1 1 1 1 1 1 1 2 2 1 1 1 1 1 1 1 1 1 1 1 1 1 1 1 1 1 1 1 1 1 1 1 1 1 1 1 1 1 1 1 1 1 1 1 1 1 1 1 1 1 1 1 1 1 1 0 1 1 2 1 1 1 1 1 2 1 1 1 1 0 1 1 1 1 1 1 1 1 1 1 1 2 1 1 1 1 1 1 1 1 1 0 1 1 1 2 1 1 1 2 1 1 1 1 1 1 1 1 1 1 1 1 1 0 1 1 1 1 1 1 1 2 0 1 2 1 1 1 1 1 1 1 1 1 1 1 1 1 1 1 1 1 1 2 1 1 1 1 1 1 2 2 1 1 1 1 1 1 1 1 1 1 1 1 1 1 1 1 1 1 1 1 1 1 1 0 1 2 1 1 1 1 1 1 1 1 
1 1 1 1 1 1 1 1 1 0 1 1 1 1 1 1 1 1 1 1 1 1 1 1 1 1 1 1 1 1 1 1 1 1 2 2 1 1 1 1 1 1 2 1 1 1 1 1 1 1 1 1 1 0 0 1 1 1 1 1 1 2 1 2 1 1 1 1 1 1 1 1 1 1 1 1 1 1 1 1 1 1 1 0 1 1 1 1 1 0 1 1 1 1 1 1 1 1 2 1 1 1 1 1 1 1 1 1 1 1 1 1 1 1 0 1 1 2 1 1 1 1 1 1 1 1 1 1 1 1 1 1 1 1 1 1 1 1 1 1 2 1 1 1 1 1 2 1 1 1 1 1 1 0 2 0 2 1 1 1 1 1 2 1 1 1 1 1 1 1 1 1 2 1 1 1 2 1 1 1 1 0 1 1 1 1 1 0 1 2 0 1 1 1 1 2 1 1 1 1 
0 1 1 1 1 1 1 1 1 1 1 1 1 1 0 1 1 1 1 1 1 1 1 2 1 1 1 1 1 1 1 0 1 1 1 1 1 1 2 1 1 1 1 1 1 1 1 1 1 1 1 1 1 1 1 1 2 1 1 2 1 1 1 1 1 0 1 1 1 1 1 1 1 1 1 1 1 1 1 1 1 1 1 1 1 1 1 1 1 1 1 2 1 1 0 1 1 1 1 1 1 1 1 1 0 1 1 1 1 1 1 1 1 0 1 1 1 1 1 2 1 1 2 1 1 1 1 2 1 0 1 0 2 1 1 1 1 1 0 1 0 1 1 1 0 2 1 1 1 1 1 1 1 1 0 1 1 0 1 1 1 1 1 1 1 1 1 2 2 1 1 1 1 0 1 1 1 1 1 1 0 1 1 1 1 1 1 1 1 1 1 1 1 1 1 1 1 1 1 1 
6 8 10 6 9 10 3 4 1 8 8 4 11 5 6 5 6 3 6 4 9 5 5 12 4 10 8 3 8 6 5 8 8 4 8 8 6 2 5 10 3 7 4 6 4 7 6 11 3 8 6 11 8 11 10 6 8 12 5 5 9 6 10 9 7 10 10 9 5 4 8 8 4 1 7 6 9 7 6 7 9 6 9 5 6 7 7 8 5 5 11 8 8 5 7 8 8 5 7 4 7 3 4 11 6 9 9 9 5 9 8 1 5 4 6 9 4 7 8 1 8 9 7 5 11 5 7 10 9 6 8 7 5 6 6 8 11 10 11 6 3 4 11 9 7 9 9 4 7 6 9 10 9 5 9 14 5 4 7 8 5 3 5 8 3 9 4 5 5 6 4 9 6 6 8 5 7 8 7 6 7 4 7 10 7 4 9 8 9 8 5 7 5 10 8 5 11 10 10 6 
8 12 15 10 12 7 8 14 12 11 11 10 12 11 16 13 2 12 5 9 15 11 10 10 12 8 8 11 12 8 13 11 8 13 6 3 10 11 7 10 9 11 18 8 14 7 8 5 11 11 10 4 10 7 11 5 10 8 11 12 9 6 10 9 6 3 18 11 15 11 11 8 9 8 12 13 12 8 11 13 11 9 11 10 6 11 12 6 7 11 9 15 10 11 10 10 11 10 13 18 7 18 21 10 11 11 12 10 11 11 11 3 11 12 11 14 13 13 5 11 6 8 9 12 7 9 11 7 10 10 7 4 9 12 13 11 9 13 11 12 12 11 11 15 12 8 12 14 8 13 12 12 7 4 14 7 14 13 8 15 12 5 11 5 9 15 10 7 8 9 7 9 9 8 11 10 8 11 6 7 12 15 17 11 8 15 12 10 8 13 11 7 7 12 12 11 6 15 8 7 
9 7 8 10 13 8 14 6 6 7 10 14 7 6 6 14 8 7 7 8 7 9 8 8 10 8 9 9 10 2 11 9 11 5 14 7 9 10 11 12 9 8 8 7 7 5 6 5 10 5 12 2 11 12 8 13 10 10 4 8 12 10 4 14 7 9 7 9 5 7 11 9 5 12 7 10 12 7 8 10 8 10 6 9 9 11 4 12 5 4 4 7 9 11 10 8 9 5 5 8 12 10 3 7 8 8 7 10 4 7 6 5 6 11 7 11 6 11 8 6 7 5 3 10 7 12 3 10 5 9 9 11 6 8 11 10 3 11 4 8 6 3 9 10 6 12 7 11 7 12 7 12 8 8 7 5 11 11 6 4 9 9 8 9 8 5 12 10 9 2 5 8 6 6 11 10 15 7 8 6 11 9 6 6 7 10 7 10 9 9 8 6 11 7 10 10 4 8 8 6 
6 3 5 3 4 2 4 3 4 5 3 3 3 5 1 3 5 3 5 6 4 4 4 6 5 5 4 6 5 3 6 3 1 4 3 5 6 5 3 4 5 3 4 5 2 3 4 2 6 5 3 5 5 3 4 6 2 3 4 5 4 4 6 4 3 5 5 4 3 7 5 3 5 4 5 3 4 5 4 5 3 4 5 5 6 4 3 4 3 2 0 5 6 4 4 4 5 5 2 5 4 2 2 4 3 3 4 4 2 6 2 7 5 3 3 3 3 3 3 3 4 5 3 4 3 3 2 2 3 4 3 3 3 5 4 5 3 3 4 3 6 4 6 5 6 3 5 4 6 4 4 4 4 4 4 5 4 4 5 3 3 3 3 1 5 4 2 5 2 3 2 3 5 5 5 4 4 4 2 7 3 3 7 5 5 4 3 4 5 4 7 6 1 3 6 3 4 8 4 3 
1 1 1 1 1 1 1 0 1 1 1 1 1 1 1 1 1 1 1 1 1 1 1 1 1 1 1 1 1 1 1 1 1 1 1 1 1 1 1 1 1 1 0 1 0 1 1 1 1 1 1 1 1 1 1 1 1 2 1 1 1 1 2 1 1 1 1 1 1 1 1 1 2 1 1 1 1 0 1 0 1 1 2 1 1 1 1 1 1 1 1 2 1 1 1 1 1 1 1 1 1 1 1 1 1 1 1 1 1 1 1 1 1 2 1 1 1 1 1 2 1 1 2 1 1 1 1 1 1 1 1 1 1 0 1 1 1 1 1 1 0 1 1 1 1 0 1 1 1 2 1 1 1 2 2 0 1 1 1 0 1 1 0 2 2 1 1 1 1 2 1 1 1 1 1 1 1 1 2 1 1 1 2 1 0 1 1 1 1 1 1 1 1 0 0 1 1 1 1 1 
3 2 7 4 5 6 5 5 5 5 5 5 4 8 4 5 6 7 5 5 4 7 5 4 7 8 4 5 4 6 5 8 6 4 4 3 7 3 7 7 2 6 7 8 10 10 3 6 7 6 5 4 6 5 6 6 6 2 4 4 4 5 4 3 4 1 8 3 9 3 3 7 6 4 4 3 5 6 8 6 5 6 3 8 6 5 4 4 1 6 4 2 5 5 6 6 7 3 4 4 7 6 6 7 5 6 2 1 5 7 4 6 3 5 2 7 5 3 3 6 4 7 7 3 6 7 7 4 5 5 7 4 5 9 5 6 3 3 7 2 6 5 1 4 6 5 4 8 5 4 8 3 4 5 6 2 6 5 4 6 6 4 4 4 6 3 5 4 6 9 5 4 7 5 5 5 4 6 6 4 4 6 4 8 5 5 4 5 5 3 8 5 7 5 4 4 7 2 4 5 
7 7 8 10 5 4 10 5 12 11 9 7 8 4 5 5 10 11 4 5 8 7 10 4 5 5 8 6 4 7 7 9 7 7 10 6 3 10 8 13 9 8 6 4 4 7 8 4 6 9 8 7 10 7 9 9 6 10 5 7 10 9 6 6 8 11 6 11 9 7 6 8 9 8 7 7 7 9 3 5 7 5 8 7 6 8 8 9 13 11 5 7 5 8 7 2 7 6 6 7 9 9 7 11 6 9 5 7 3 6 7 6 9 6 8 7 3 9 9 4 9 10 6 10 8 9 7 5 5 8 8 9 6 9 6 6 9 3 9 9 9 12 10 7 11 7 4 9 7 12 6 6 6 9 6 2 12 4 7 11 8 6 8 8 8 5 5 7 7 8 8 8 5 8 8 10 5 5 6 2 5 9 5 6 8 4 7 6 2 12 5 6 4 3 8 5 9 9 7 5 
2 2 3 2 1 1 2 2 3 1 2 2 2 1 2 2 3 2 2 3 1 3 3 2 2 3 2 2 1 3 2 2 2 1 1 2 1 2 3 1 2 2 1 0 2 3 3 2 2 3 1 3 4 1 1 2 2 2 1 2 2 2 2 2 2 3 3 1 2 2 0 2 2 2 3 2 3 2 2 2 1 2 2 3 2 2 3 1 2 1 2 2 3 2 3 2 2 1 3 3 1 1 1 2 2 3 2 3 1 2 1 2 2 2 3 2 2 1 3 2 1 2 3 1 3 3 3 3 2 2 3 2 2 2 2 0 2 2 3 2 3 2 2 2 3 2 1 2 1 2 2 2 3 2 1 1 3 3 2 2 1 1 0 2 3 2 1 2 4 3 2 2 2 3 2 3 2 2 3 2 3 3 2 1 2 2 2 1 1 2 1 2 1 2 3 2 3 2 2 2 
1 2 3 2 3 3 2 3 1 2 1 4 3 2 2 2 2 2 2 2 1 1 2 2 3 2 2 3 2 2 0 2 2 1 2 2 3 1 1 2 3 3 2 3 1 2 2 1 2 2 1 3 3 2 2 2 2 2 2 2 1 2 2 1 2 3 2 1 2 1 2 4 1 2 2 2 2 3 1 2 2 3 2 3 2 2 1 2 3 2 2 2 3 2 4 3 2 1 1 3 3 1 2 2 2 2 3 1 1 1 2 3 2 2 2 2 2 1 2 2 3 3 2 1 2 2 2 3 2 2 4 2 3 2 2 2 2 2 2 1 3 1 2 3 1 1 2 3 2 2 3 1 2 3 2 3 3 2 2 2 2 3 2 2 1 3 1 2 2 2 1 2 2 3 2 3 2 3 2 1 1 1 2 1 2 1 4 2 2 3 1 2 2 1 3 3 2 2 2 2 
2 2 5 3 4 4 3 3 2 2 4 4 4 2 2 5 2 2 4 5 3 4 3 3 3 2 3 3 3 3 3 5 3 1 4 4 2 5 4 3 3 2 3 6 3 5 4 3 4 3 2 4 3 3 2 2 4 3 3 2 0 2 4 2 5 1 2 1 3 3 4 4 3 2 3 4 3 4 2 4 4 3 2 2 3 3 1 1 4 3 2 2 3 4 3 2 4 3 2 3 4 4 3 2 2 3 3 4 2 3 3 4 4 2 2 4 3 3 2 3 3 4 4 1 3 3 3 2 3 4 4 5 3 1 2 2 3 3 3 1 1 3 2 3 1 0 3 3 3 4 2 2 3 3 3 2 2 3 5 4 5 3 2 1 2 3 3 3 2 2 2 2 4 4 2 1 4 4 2 3 2 2 3 3 3 2 3 3 1 2 4 3 5 3 2 3 4 4 2 3 
9 4 7 6 10 8 8 3 7 7 6 7 6 5 5 8 3 6 8 8 3 9 7 8 4 6 5 8 6 4 4 8 8 5 5 5 4 6 6 5 5 8 6 10 1 5 8 5 4 3 8 5 5 5 8 7 8 8 8 5 9 4 6 7 8 8 6 8 7 6 7 6 6 5 5 8 11 10 4 5 5 8 4 3 7 8 7 5 9 4 4 4 5 7 9 8 6 5 5 5 6 3 1 8 6 8 11 5 7 8 7 6 5 9 6 5 5 2 10 4 4 8 4 5 5 4 11 4 9 5 7 5 6 4 7 2 8 4 7 8 9 4 7 6 3 1 6 5 5 10 5 6 12 7 5 8 6 6 6 5 9 7 9 8 4 7 4 4 5 5 3 4 7 6 6 5 9 4 7 5 6 9 8 8 5 3 5 3 6 8 8 6 6 9 6 6 6 6 3 4 
4 4 3 3 4 4 6 5 4 4 3 5 3 4 2 5 3 4 5 2 4 5 4 5 3 3 6 4 5 2 3 4 7 5 4 4 7 3 5 7 5 3 5 5 4 6 5 5 5 4 4 4 7 3 3 6 4 6 3 5 2 3 3 3 3 4 5 3 2 2 5 4 5 1 4 5 4 3 1 5 5 4 3 6 3 2 0 5 6 3 2 5 5 5 4 3 5 2 4 4 3 5 5 4 5 4 5 4 4 6 5 5 3 4 3 2 4 6 4 5 4 3 3 3 5 4 5 5 4 4 6 4 4 4 3 3 4 2 4 4 4 3 6 4 7 6 3 5 2 5 6 4 5 5 3 3 3 3 6 1 4 2 3 4 6 6 4 5 5 6 6 5 3 4 4 5 1 2 4 5 6 2 2 3 3 1 5 5 4 4 7 5 5 4 0 5 4 3 2 6 
8 5 12 8 6 11 11 6 13 10 13 9 14 9 15 10 11 11 10 6 7 5 7 13 10 4 13 12 3 9 14 9 14 6 5 5 7 8 7 12 16 9 10 11 10 10 5 7 8 4 10 12 7 11 8 10 10 10 12 4 5 8 11 4 9 9 13 8 9 2 11 12 9 11 9 11 8 9 9 11 10 9 6 8 11 11 9 11 14 13 8 6 4 11 8 9 6 11 11 9 6 13 5 7 11 8 5 13 6 8 11 7 6 11 6 8 8 13 4 9 3 7 12 11 7 8 8 12 13 9 9 10 7 13 10 8 5 2 7 6 14 9 6 6 10 11 8 13 5 8 15 6 9 13 9 16 12 10 8 4 5 11 12 7 10 7 11 10 13 3 12 5 6 10 6 12 10 6 13 7 8 9 10 10 10 9 6 7 8 5 3 9 13 11 10 10 5 13 10 7 
3 5 5 8 6 6 7 4 5 4 5 3 9 6 6 6 4 5 6 10 7 4 6 10 4 7 8 8 5 6 5 6 6 2 4 7 8 11 7 4 5 6 8 8 3 4 8 4 4 6 8 11 6 3 12 6 7 5 5 5 6 6 4 3 8 4 6 7 7 11 4 4 4 5 2 5 6 6 7 4 5 9 9 5 10 5 9 6 5 8 6 7 3 6 6 4 2 7 10 10 9 5 6 6 6 4 8 6 3 4 9 3 8 10 8 8 6 3 2 10 4 4 7 7 4 8 7 5 3 4 5 3 8 1 7 7 6 5 9 7 5 3 8 4 7 7 6 6 7 4 6 9 3 6 7 8 5 6 7 5 6 4 7 5 3 3 3 3 5 6 7 5 6 8 9 6 6 5 5 8 2 5 11 9 9 9 6 5 7 8 7 3 7 6 5 7 7 8 5 8 
7 4 5 8 10 11 12 13 7 8 6 3 7 11 10 6 16 9 5 9 8 8 10 6 5 8 9 11 6 8 11 11 8 9 15 7 9 6 8 1 4 10 12 4 11 9 7 11 5 7 14 12 11 7 7 8 13 11 10 10 7 6 5 8 10 6 9 5 11 7 8 5 12 9 9 11 8 12 10 13 7 10 7 9 9 8 6 9 5 10 5 3 7 10 4 9 7 12 7 1 15 14 4 3 5 5 8 9 10 10 7 7 11 4 11 12 13 6 8 7 7 10 6 9 7 7 9 5 8 9 12 12 15 10 11 6 10 13 7 5 13 10 10 7 8 6 7 10 8 10 10 8 8 6 11 9 3 8 10 9 6 12 7 4 10 6 6 9 10 4 2 5 11 9 11 8 16 7 9 9 9 7 1 11 8 3 5 9 11 13 7 10 6 8 6 11 12 7 4 8 
4 4 0 4 2 2 2 3 3 3 4 3 3 3 4 3 3 2 2 1 3 5 1 1 5 3 1 2 4 5 5 3 3 4 3 5 4 2 3 4 3 3 3 5 1 3 3 4 4 4 5 2 2 3 1 4 3 4 4 1 3 3 2 3 5 3 1 2 3 2 3 2 3 2 3 2 3 4 2 3 4 3 2 4 4 2 2 2 4 3 3 4 4 2 4 3 3 1 4 3 2 2 2 3 5 3 3 4 2 3 3 3 4 4 2 3 3 2 3 5 4 3 2 1 3 3 6 4 3 3 2 3 4 3 4 4 3 3 3 2 4 3 2 4 2 1 4 5 4 1 3 2 3 4 2 3 2 2 3 4 4 3 2 3 4 2 3 3 4 3 3 4 4 2 3 2 2 3 3 3 4 3 3 3 4 4 4 3 4 4 4 4 2 5 4 4 3 1 1 2 
1 2 2 2 2 2 3 1 3 3 2 1 3 2 3 2 2 3 1 4 2 3 2 3 1 2 2 3 3 3 2 2 2 1 3 2 1 3 2 2 2 1 2 2 1 2 3 1 2 1 2 2 3 2 2 3 2 2 2 3 2 2 1 2 2 3 3 2 3 1 2 1 2 1 2 2 2 1 1 3 2 2 2 2 2 1 2 2 2 3 3 2 3 3 2 1 2 1 3 1 1 2 3 3 2 2 3 2 2 2 2 2 2 3 3 2 1 2 2 2 0 2 2 2 2 3 3 2 3 2 2 2 2 2 2 2 2 2 2 1 2 1 1 2 2 3 2 2 2 2 1 3 2 4 2 3 2 1 1 3 2 2 2 2 1 2 2 2 2 2 1 1 3 2 2 2 2 1 2 2 1 2 2 2 1 2 1 3 2 3 2 1 2 2 1 2 2 1 2 1 
1 3 1 2 3 2 3 2 1 3 2 3 3 3 2 3 2 3 3 2 2 3 2 1 2 2 1 2 2 3 3 2 3 1 1 1 1 2 1 3 2 2 2 2 1 2 3 2 3 3 1 2 1 2 2 2 1 1 2 1 3 1 3 3 2 1 2 2 2 2 3 1 2 1 2 2 3 1 1 2 2 1 4 2 3 2 1 1 1 3 0 3 2 1 2 2 0 1 1 2 2 2 1 2 2 1 2 1 1 2 1 2 2 1 3 1 2 1 3 2 3 1 0 3 3 2 2 2 1 2 2 2 2 1 2 1 2 2 3 2 3 3 2 2 1 1 2 2 2 3 0 2 2 2 4 2 1 2 2 2 3 2 3 2 1 1 2 3 1 4 2 1 2 3 3 2 1 2 1 2 2 3 2 2 3 1 2 2 2 1 2 1 1 2 2 2 2 1 1 2 
3 5 4 3 1 5 5 6 4 4 6 3 3 3 4 6 4 4 5 6 5 2 2 5 5 2 5 4 3 2 5 4 6 3 3 3 8 4 5 5 2 5 4 6 4 2 2 4 2 5 3 2 3 3 2 4 5 6 5 4 4 5 4 6 2 2 5 6 2 4 4 7 4 6 5 7 5 3 3 5 6 2 2 4 4 4 2 4 5 5 6 3 3 5 4 6 3 6 3 5 5 1 2 6 4 2 4 4 6 4 5 2 3 4 3 4 3 4 6 5 2 5 5 4 2 2 3 4 3 5 3 3 5 4 5 6 1 4 4 3 5 6 3 7 4 2 3 2 5 5 4 6 3 5 5 4 4 6 4 2 3 5 7 5 4 7 4 4 6 3 2 4 3 4 1 2 6 3 4 4 5 5 4 4 6 5 4 4 4 3 5 1 3 6 4 4 2 2 5 2 
8 13 7 3 7 8 5 11 7 7 8 6 5 10 7 6 7 7 5 7 8 7 6 8 4 13 7 8 7 8 8 9 5 7 8 9 7 11 7 6 5 7 2 9 7 6 9 12 7 4 8 6 6 7 3 5 3 5 7 7 7 10 9 7 6 7 11 5 4 11 9 4 13 5 6 6 6 14 5 3 10 6 7 3 9 9 6 7 3 7 7 2 9 7 4 9 5 8 9 3 7 5 11 2 6 9 4 9 6 7 9 6 12 4 7 3 4 8 4 4 5 8 11 7 2 8 3 8 8 9 7 6 7 10 11 9 7 5 5 4 9 4 10 7 5 6 8 8 8 8 9 10 3 11 7 7 8 6 5 5 7 7 9 8 13 9 5 8 5 6 11 12 6 7 7 11 9 7 6 9 4 6 6 9 8 12 6 7 5 6 10 7 5 8 10 7 8 12 9 8 
2 3 3 2 2 3 2 2 3 3 4 2 5 2 2 5 3 3 3 2 2 3 2 1 1 5 3 3 4 2 2 2 2 3 3 4 2 4 2 3 3 3 4 1 4 3 2 4 4 1 4 3 4 4 3 3 4 2 3 5 2 3 4 4 3 3 4 1 4 3 2 2 4 3 3 2 3 1 4 3 3 4 3 2 1 2 4 4 3 1 2 3 4 3 4 1 5 5 2 4 4 3 4 3 3 2 4 5 4 3 2 0 3 3 3 4 3 5 3 3 4 3 3 4 4 2 2 5 5 3 4 3 3 3 3 3 4 3 3 3 6 2 3 3 3 3 4 2 4 2 3 3 2 2 3 4 3 5 4 3 4 4 3 4 2 3 2 1 3 6 3 5 5 4 4 5 3 2 3 3 3 2 3 3 3 2 4 3 2 3 3 3 4 3 3 3 3 4 3 3 
3 3 5 2 3 3 3 2 4 1 2 2 4 2 2 3 3 2 1 4 1 4 4 3 2 3 3 3 4 1 4 4 4 2 3 3 4 3 2 3 1 2 3 3 6 3 2 1 3 3 4 3 1 3 4 2 2 2 2 5 4 3 3 3 5 4 3 6 3 5 1 3 1 4 2 3 3 4 5 2 5 3 3 3 4 3 1 2 3 3 2 1 3 2 4 2 3 3 3 3 3 5 4 4 4 3 4 3 3 4 4 3 4 4 2 2 1 4 3 3 4 3 3 2 4 4 4 4 1 2 3 4 5 2 3 3 3 4 4 3 2 2 4 3 4 4 4 2 4 4 3 4 3 3 2 3 2 3 3 2 4 3 1 2 4 3 3 2 3 2 3 3 4 3 3 3 2 3 3 4 5 4 1 3 4 2 3 4 3 3 3 5 3 3 3 1 3 2 2 3 
11 7 11 9 13 15 10 10 15 4 9 11 9 10 3 7 8 9 6 10 9 7 6 8 6 11 6 8 10 7 4 7 9 15 9 6 10 15 8 15 7 14 10 8 11 9 1 10 9 7 13 4 8 4 9 7 10 13 4 9 9 9 6 9 15 10 10 11 12 8 12 8 9 7 9 11 4 13 13 3 9 8 12 9 8 13 11 11 10 13 10 7 5 14 10 9 13 16 3 7 8 7 7 10 4 7 13 12 8 11 11 11 10 10 11 13 13 8 8 6 14 11 12 7 11 8 10 9 8 9 8 5 12 3 7 10 8 7 12 4 9 11 8 10 11 10 13 6 8 5 4 10 11 8 12 8 2 14 16 9 8 9 10 16 10 10 12 5 11 8 11 7 8 9 4 5 14 12 11 11 6 9 10 10 7 12 4 10 12 6 4 5 6 9 4 12 20 12 10 7 
3 2 1 1 2 3 2 3 2 1 3 2 2 2 2 1 2 2 1 2 2 1 1 2 3 2 2 3 2 3 1 2 2 2 3 1 3 1 2 2 3 1 2 2 1 2 3 1 2 2 1 2 2 4 2 2 1 1 1 2 1 3 3 2 3 1 3 2 3 2 2 2 2 2 2 2 2 2 3 1 2 4 3 2 2 2 2 2 3 2 2 2 2 2 2 2 3 2 1 2 1 2 2 2 1 2 1 2 3 2 2 1 1 1 2 2 2 2 3 1 2 1 3 1 2 3 3 1 2 2 1 2 2 3 1 2 2 2 2 2 2 2 2 1 2 2 2 2 2 3 2 3 1 2 2 2 2 1 2 1 2 3 2 2 3 2 1 1 2 3 1 2 2 2 2 1 3 3 2 2 3 1 1 3 1 3 2 2 2 1 0 3 3 3 2 2 2 3 1 2 
1 2 1 1 2 1 1 1 1 1 1 1 1 1 1 1 1 2 1 1 1 0 1 0 1 1 1 1 1 1 1 1 1 1 1 1 1 0 1 1 1 1 1 1 2 1 1 1 1 1 1 0 1 1 1 1 0 1 1 1 1 1 1 1 1 1 1 1 1 1 1 1 1 1 1 0 1 1 1 1 1 1 1 1 1 1 1 1 2 1 1 2 1 1 1 1 1 1 1 1 1 1 1 1 1 1 1 1 2 1 0 1 1 1 1 1 2 1 1 1 1 0 1 1 1 1 1 1 1 1 1 1 1 1 1 1 1 1 1 1 1 1 1 1 1 1 1 1 1 1 1 1 1 1 1 1 0 1 1 1 2 1 1 1 1 1 1 1 1 1 2 1 1 1 1 1 2 1 2 0 1 2 1 1 1 1 1 1 1 1 1 2 1 1 1 1 0 1 1 1 
3 3 3 2 2 3 1 3 2 3 2 3 2 1 2 2 3 2 1 1 0 2 3 2 3 0 2 1 3 3 1 3 2 1 1 3 1 3 1 0 1 2 2 2 3 1 3 2 2 3 2 2 2 1 3 2 1 1 3 2 2 2 2 2 1 2 1 2 2 2 2 4 1 2 3 2 3 1 1 1 2 0 1 2 2 2 3 2 2 2 1 1 2 2 2 2 1 2 2 2 3 2 2 2 2 2 2 2 1 1 2 2 2 3 2 3 1 2 2 2 2 1 2 2 2 2 1 2 2 1 3 1 1 2 2 2 3 2 1 1 2 2 3 2 3 3 2 2 2 1 2 2 2 2 1 1 1 2 3 3 1 3 2 2 3 1 1 2 2 1 3 1 2 1 2 3 2 1 2 2 2 3 2 2 2 2 2 3 2 3 2 2 3 2 1 2 2 1 3 2 
2 2 4 4 2 2 4 4 3 3 3 4 2 3 3 3 4 4 2 3 4 2 3 4 2 3 5 1 4 2 4 3 4 5 3 3 4 3 2 4 3 6 4 2 5 3 3 3 4 4 1 3 3 3 4 4 2 3 2 4 3 2 2 2 0 2 3 3 3 3 3 2 2 2 3 2 2 3 4 3 3 2 3 3 2 3 2 4 4 2 3 3 3 4 3 5 3 3 4 4 2 3 3 5 4 3 3 4 3 3 6 3 5 1 4 3 3 2 2 4 1 5 4 4 4 2 2 2 3 4 2 4 3 4 3 3 3 3 3 3 1 3 3 3 3 3 3 4 4 1 2 5 2 2 2 3 2 4 4 2 5 3 4 2 2 4 4 3 3 4 3 3 4 2 2 2 5 3 3 2 4 3 2 4 4 5 4 5 3 2 1 2 5 3 4 5 4 4 4 3 
