NAME  : Jabali_50_3_0.85_1_6
TYPE : SVRP
MODEL : FINITE_SUPPORT
NUMBER_OF_SCENARIOS : 200
DIMENSION : 50
EDGE_WEIGHT_TYPE : MATRIX
CAPACITY : 98
N_VEHICLES : 3
NODE_COORD_SECTION
1 3212 3268
2 2864 2237
3 7071 219
4 2493 6860
5 6586 3479
6 4905 5740
7 6887 3214
8 5393 1228
9 608 18
10 1368 1138
11 6076 6834
12 2511 6031
13 2672 2127
14 6506 3261
15 6098 3956
16 6693 2406
17 4053 4545
18 419 1007
19 4003 781
20 1136 1333
21 6151 5800
22 4990 6961
23 4073 3929
24 7275 5902
25 5451 4992
26 4356 2135
27 7234 1291
28 860 4982
29 4266 3248
30 3870 1611
31 958 5121
32 4197 6129
33 3402 3508
34 7472 5131
35 1965 3650
36 4131 4983
37 2835 2522
38 871 3642
39 3313 5321
40 416 1438
41 1419 3653
42 1782 5664
43 3666 7158
44 375 3896
45 6499 713
46 2166 1631
47 27 5216
48 3046 4707
49 6462 4782
50 1193 3138
DEMAND_SECTION
1 0.0
2 4.0
3 10.0
4 1.0
5 5.0
6 4.0
7 9.0
8 7.0
9 3.0
10 3.0
11 7.0
12 4.0
13 5.0
14 8.0
15 1.0
16 4.0
17 3.0
18 3.0
19 4.0
20 5.0
21 5.0
22 6.0
23 4.0
24 2.0
25 8.0
26 10.0
27 2.0
28 8.0
29 9.0
30 9.0
31 3.0
32 6.0
33 4.0
34 3.0
35 3.0
36 9.0
37 6.0
38 3.0
39 8.0
40 6.0
41 6.0
42 7.0
43 5.0
44 1.0
45 3.0
46 1.0
47 10.0
48 9.0
49 5.0
50 1.0
DEVIATION_SECTION
1 0.0
2 1.33333
3 3.33333
4 0.333333
5 1.66667
6 1.33333
7 3.0
8 2.33333
9 1.0
10 1.0
11 2.33333
12 1.33333
13 1.66667
14 2.66667
15 0.333333
16 1.33333
17 1.0
18 1.0
19 1.33333
20 1.66667
21 1.66667
22 2.0
23 1.33333
24 0.666667
25 2.66667
26 3.33333
27 0.666667
28 2.66667
29 3.0
30 3.0
31 1.0
32 2.0
33 1.33333
34 1.0
35 1.0
36 3.0
37 2.0
38 1.0
39 2.66667
40 2.0
41 2.0
42 2.33333
43 1.66667
44 0.333333
45 1.0
46 0.333333
47 3.33333
48 3.0
49 1.66667
50 0.333333
DISTANCE_MATRIX
0.0 14.7648 68.4526 50.1597 41.4381 40.7526 46.5303 43.2984 56.7454 41.2318 62.4548 39.3192 16.6433 43.2553 39.3263 47.7121 21.2603 51.4493 35.5106 40.4926 52.4496 55.2268 14.4222 65.7865 36.6174 31.0498 61.0828 39.598 12.791 24.5153 39.6232 40.7185 3.60555 65.6527 17.8885 26.4008 11.6619 31.6228 27.2947 45.8539 24.6982 38.6047 53.3667 38.6264 58.5804 26.1725 50.448 20.025 51.678 27.1662 
14.7648 0.0 63.4119 63.0714 56.2258 55.4791 60.2646 37.0167 42.4288 26.9152 76.5672 52.0384 2.23607 58.9453 52.3485 55.0406 35.805 37.1327 25.5539 26.176 65.5091 69.9714 28.3196 78.846 49.677 23.6813 61.3122 46.0652 25.8132 16.2788 46.5188 55.4617 18.3576 76.5185 22.8473 41.0488 3.16228 32.5269 41.4849 37.1327 27.2029 48.6621 67.72 39.6232 53.9778 12.53 55.2178 33.541 64.7375 25.6125 
68.4526 63.4119 0.0 108.718 42.4264 79.2432 41.0122 26.6271 88.3629 78.6904 89.0898 99.6444 64.5035 44.1814 52.8867 30.1496 70.2638 88.5268 42.45 77.8845 75.2396 94.7259 64.3506 74.5453 74.7338 49.2037 14.3178 105.786 56.2228 47.4131 105.648 88.2553 66.842 64.6297 85.4567 74.4596 64.7024 95.8471 84.7231 88.9079 90.1963 103.938 104.062 102.984 9.89949 70.3847 117.014 81.6088 61.4003 89.0225 
50.1597 63.0714 108.718 0.0 73.9798 35.2278 76.3235 86.0349 95.462 74.6332 47.5184 11.0454 64.1964 72.3104 71.8314 83.1994 38.4708 82.7647 85.5862 78.7499 49.6588 33.1361 44.9444 63.9062 48.1041 67.1272 98.8072 32.5576 54.4059 74.5453 31.1448 24.6982 47.3814 68.0 43.6807 35.2278 60.0333 47.7074 24.3516 77.8203 45.1885 18.6011 16.1245 48.1664 99.2824 70.406 39.3573 30.1496 56.2228 52.3259 
41.4381 56.2258 42.4264 73.9798 0.0 38.1438 5.09902 31.3847 89.1602 74.801 47.0425 65.6017 57.3175 2.82843 12.0416 12.3693 36.0674 85.0185 46.7547 74.0618 33.0 52.3927 31.6001 35.3412 32.6127 35.1141 29.4109 78.0607 29.0689 41.1825 78.0254 48.7268 39.6232 26.6271 58.2495 51.379 51.6342 72.3671 50.6114 85.0185 65.307 70.4405 63.5691 79.0765 35.0143 64.1557 89.1493 48.9844 19.0263 68.4159 
40.7526 55.4791 79.2432 35.2278 38.1438 0.0 41.044 61.0 97.4139 81.9004 22.2036 31.3209 57.3955 37.0309 39.8277 50.4799 20.0112 85.8952 67.7694 81.1612 16.0312 17.4642 28.2187 31.0644 14.3178 49.4165 67.5511 53.7274 35.6094 57.9948 52.5364 10.6301 37.1472 33.2415 47.9406 14.6268 52.4077 61.9069 21.2132 81.4479 54.8852 40.3113 25.5539 68.3131 70.6116 66.688 64.1559 28.0145 21.2132 59.7658 
46.5303 60.2646 41.0122 76.3235 5.09902 41.044 0.0 33.4215 93.199 78.8398 48.0937 71.1786 61.3563 4.24264 16.4012 11.1803 41.1657 89.0573 50.0 78.1006 34.3657 54.7083 36.6984 34.4819 35.5128 39.5601 27.2947 83.159 34.1321 45.1885 83.1237 51.627 44.7214 25.0799 63.3482 53.7226 56.7263 77.4661 55.7097 89.0573 70.406 75.5388 66.4693 84.1748 34.5254 68.1945 94.2475 54.0826 20.8806 73.508 
43.2984 37.0167 26.6271 86.0349 31.3847 61.0 33.4215 0.0 66.3702 54.0812 76.1577 76.1577 38.1084 34.1321 36.9039 24.2074 48.2701 64.2806 19.4165 53.342 62.0967 78.1025 41.1096 66.6483 48.3735 22.6716 25.02 80.6322 31.7805 21.1896 80.4938 68.5455 41.6877 57.9828 58.6287 52.7731 38.3073 69.452 61.6847 64.2987 63.8012 79.8004 84.015 76.5887 17.0 44.643 91.6789 57.2451 48.3839 62.6274 
56.7454 42.4288 88.3629 95.462 89.1602 97.4139 93.199 66.3702 0.0 22.0227 118.875 85.0 40.2944 91.8797 89.8282 87.8009 77.9956 13.1529 47.0956 18.3848 107.912 111.805 70.7052 121.249 92.0796 56.6157 91.1976 67.2681 68.2158 48.0833 68.4471 95.8652 60.3373 113.996 52.3546 83.1402 45.2555 49.2443 80.082 18.2483 50.3289 77.4919 105.998 52.2398 81.0062 30.9396 70.0286 71.517 107.14 43.3244 
41.2318 26.9152 78.6904 74.6332 74.801 81.9004 78.8398 54.0812 22.0227 0.0 103.361 63.9362 24.7808 77.5205 75.469 73.6158 62.482 12.6491 36.2707 4.12311 92.3982 96.2919 55.1917 105.735 76.566 42.2565 79.0633 49.0102 52.7022 33.8871 50.0 81.3833 44.8238 99.6371 31.1052 67.6266 29.742 31.1448 58.8244 11.0454 30.2655 57.2713 84.74 36.1386 70.1801 15.426 54.3415 50.2593 91.6266 24.0 
62.4548 76.5672 89.0898 47.5184 47.0425 22.2036 48.0937 76.1577 118.875 103.361 0.0 48.1664 78.7823 45.0 39.2938 59.0085 41.7133 107.597 86.3564 102.622 14.1421 14.5602 52.5602 19.8494 28.8056 68.6003 75.326 72.5772 54.8439 77.026 71.3863 26.6833 58.8493 28.178 69.6427 36.3289 74.0992 83.6091 42.1545 103.15 76.5873 58.5491 32.28 85.6601 82.0549 88.3902 82.7345 49.6488 28.1603 81.4679 
39.3192 52.0384 99.6444 11.0454 65.6017 31.3209 71.1786 76.1577 85.0 63.9362 48.1664 0.0 53.1534 67.1656 66.6865 74.267 29.8329 72.4707 74.8131 68.053 47.0744 34.9285 35.3553 61.9839 42.9706 56.6773 89.8874 25.4951 44.3847 63.7887 24.1661 22.0907 36.6742 64.5136 32.8938 27.6586 49.0102 38.2884 15.0 67.6018 34.9857 10.7703 21.4009 39.8246 90.05 59.4753 34.7131 19.4165 51.395 42.19 
16.6433 2.23607 64.5035 64.1964 57.3175 57.3955 61.3563 38.1084 40.2944 24.7808 78.7823 53.1534 0.0 60.037 54.4568 56.1322 37.8021 34.9983 25.807 24.0416 67.6174 71.8679 30.4138 80.9542 51.7852 24.773 62.4039 46.0977 27.9214 17.2047 46.6154 57.2451 20.2485 78.6267 23.0868 43.0116 5.0 31.8904 43.0116 34.9983 26.9258 49.366 69.2604 38.8973 55.0694 10.2956 54.9181 34.9285 66.8458 24.7588 
43.2553 58.9453 44.1814 72.3104 2.82843 37.0309 4.24264 34.1321 91.8797 77.5205 45.0 67.1656 60.037 0.0 12.2066 14.0357 37.8479 87.738 49.5782 76.7813 31.0644 50.9608 33.3806 32.6956 31.4998 37.6962 30.8058 79.8412 31.0 43.909 79.8059 47.614 41.4138 23.8537 60.0306 49.7096 53.4513 74.1506 52.3919 87.738 67.0892 72.221 62.4563 80.857 37.1214 66.8751 90.9297 50.7648 17.2627 70.2115 
39.3263 52.3485 52.8867 71.8314 12.0416 39.8277 16.4012 36.9039 89.8282 75.469 39.2938 66.6865 54.4568 12.2066 0.0 23.7065 33.9189 85.6865 49.083 74.7298 25.2982 42.2087 29.4517 32.5269 22.1284 34.856 40.7185 76.4614 27.0711 41.8992 76.4261 48.8562 37.4849 26.4197 56.9642 49.2305 49.5224 71.0903 48.4629 85.6865 64.0259 68.292 64.6558 77.5697 44.5533 64.4846 87.5499 46.8359 12.2066 66.2826 
47.7121 55.0406 30.1496 83.1994 12.3693 50.4799 11.1803 24.2074 87.8009 73.6158 59.0085 74.267 56.1322 14.0357 23.7065 0.0 44.7327 83.8333 42.4853 72.8766 45.0999 64.7611 40.0 45.607 44.9487 36.0 17.088 85.1175 34.9285 39.8121 85.0822 60.2243 46.0977 36.0555 64.7161 60.5986 56.3312 78.7373 59.2767 83.8333 71.7125 79.1058 76.0238 85.5952 23.3452 62.9704 96.206 57.6281 31.257 74.6899 
21.2603 35.805 70.2638 38.4708 36.0674 20.0112 41.1657 48.2701 77.9956 62.482 41.7133 29.8329 37.8021 37.8479 33.9189 44.7327 0.0 68.5635 51.6236 61.7428 35.9284 34.5196 8.24621 58.2226 29.0536 32.5576 60.3531 48.6055 18.1108 41.2263 47.4146 21.2132 17.6918 58.0889 31.1913 5.38516 32.8024 45.1577 14.8661 64.1162 38.1359 35.2647 36.0555 51.5638 60.8375 47.4236 59.0341 15.5242 44.1141 43.0116 
51.4493 37.1327 88.5268 82.7647 85.0185 85.8952 89.0573 64.2806 13.1529 12.6491 107.597 72.4707 34.9983 87.738 85.6865 83.8333 68.5635 0.0 46.0977 11.0 101.812 99.3557 65.4092 115.953 86.7836 52.474 89.2749 54.1295 62.9197 44.1046 55.3173 83.8888 52.7434 109.855 40.2244 72.7722 39.9595 36.1386 68.1057 5.09902 37.5766 64.622 93.112 39.1152 80.2309 25.6435 57.0 59.5406 101.844 30.4631 
35.5106 25.5539 42.45 85.5862 46.7547 67.7694 50.0 19.4165 47.0956 36.2707 86.3564 74.8131 25.807 49.5782 49.083 42.4853 51.6236 46.0977 0.0 35.4401 74.0516 85.2335 43.4166 80.4301 57.6975 19.105 44.1022 71.5891 33.541 11.0454 72.0069 72.8354 38.2099 72.8629 48.3011 56.8859 27.7308 57.6281 62.0322 46.4883 52.6972 73.0821 87.2067 64.5697 34.2345 28.8444 80.7094 55.4437 60.8002 50.4483 
40.4926 26.176 77.8845 78.7499 74.0618 81.1612 78.1006 53.342 18.3848 4.12311 102.622 68.053 24.0416 76.7813 74.7298 72.8766 61.7428 11.0 35.4401 0.0 91.659 95.5527 54.4525 104.996 75.8269 41.5173 78.3241 53.0 51.963 33.1479 54.0093 80.6442 44.0846 98.8979 35.222 66.8875 29.0028 35.0571 65.6714 11.1803 34.3657 61.3922 88.8568 39.8121 69.4262 14.6868 58.0517 57.2308 90.8874 28.0179 
52.4496 65.5091 75.2396 49.6588 33.0 16.0312 34.3657 62.0967 107.912 92.3982 14.1421 47.0744 67.6174 31.0644 25.2982 45.0999 35.9284 101.812 74.0516 91.659 0.0 21.6333 40.4185 15.0333 16.5008 56.3462 61.6604 69.7534 42.6428 64.7403 68.5625 25.2982 49.9199 18.6011 63.8578 30.544 62.683 77.8242 37.1327 97.3652 70.8024 56.3205 37.0135 84.2303 68.0074 77.6452 80.182 43.9317 14.0357 75.6831 
55.2268 69.9714 94.7259 33.1361 52.3927 17.4642 54.7083 78.1025 111.805 96.2919 14.5602 34.9285 71.8679 50.9608 42.2087 64.7611 34.5196 99.3557 85.2335 95.5527 21.6333 0.0 42.7272 33.0151 30.0666 66.8806 81.7435 60.0833 52.3718 75.459 58.8218 15.6205 51.6236 39.6232 61.4004 29.1353 66.888 71.1533 32.0156 94.9083 68.345 45.607 17.72 73.2963 86.7006 81.0247 69.6348 40.3609 33.8378 73.2256 
14.4222 28.3196 64.3506 44.9444 31.6001 28.2187 36.6984 41.1096 70.7052 55.1917 52.5602 35.3553 30.4138 33.3806 29.4517 40.0 8.24621 65.4092 43.4166 54.4525 40.4185 42.7272 0.0 53.7553 24.5863 24.3311 55.1725 47.3459 10.0 32.9895 47.3106 29.4279 11.1803 53.6216 28.0 13.6015 25.4558 42.0476 20.6155 59.2407 35.0143 39.6468 44.0 48.4542 54.7083 40.3609 58.4344 17.6918 39.6469 39.3192 
65.7865 78.846 74.5453 63.9062 35.3412 31.0644 34.4819 66.6483 121.249 105.735 19.8494 61.9839 80.9542 32.6956 32.5269 45.607 58.2226 115.953 80.4301 104.996 15.0333 33.0151 53.7553 0.0 29.8377 66.2036 60.2993 84.7851 55.9796 73.2469 83.5942 40.025 63.2568 10.0 81.5008 45.5575 76.0199 95.4672 52.1463 111.506 88.4455 71.3442 50.1199 101.873 68.884 90.982 95.2137 58.9452 20.6155 92.183 
36.6174 49.677 74.7338 48.1041 32.6127 14.3178 35.5128 48.3735 92.0796 76.566 28.8056 42.9706 51.7852 31.4998 22.1284 44.9487 29.0536 86.7836 57.6975 75.8269 16.5008 30.0666 24.5863 29.8377 0.0 40.2244 62.02 64.8635 26.8701 48.5489 63.6725 24.4131 34.0878 29.4301 52.0989 25.5146 46.8509 66.2982 32.1033 82.3373 59.2765 51.5227 39.8246 72.7043 66.6214 61.813 75.2921 38.9023 15.7292 63.014 
31.0498 23.6813 49.2037 67.1272 35.1141 49.4165 39.5601 22.6716 56.6157 42.2565 68.6003 56.6773 24.773 37.6962 34.856 36.0 32.5576 52.474 19.105 41.5173 56.3462 66.8806 24.3311 66.2036 40.2244 0.0 44.9444 68.5745 14.5602 8.69432 68.8674 53.7587 21.5894 59.0259 45.2933 37.855 24.9719 56.1166 43.1856 52.474 50.4658 69.0229 68.1175 63.2533 39.4081 31.6112 78.3435 37.3657 46.5732 49.292 
61.0828 61.3122 14.3178 98.8072 29.4109 67.5511 27.2947 25.02 91.1976 79.0633 75.326 89.8874 62.4039 30.8058 40.7185 17.088 60.3531 89.2749 44.1022 78.3241 61.6604 81.7435 55.1725 60.2993 62.02 44.9444 0.0 98.5839 48.4149 45.7056 98.5486 76.7709 59.4054 50.3587 78.0868 64.5489 62.6028 92.108 74.8971 89.2808 85.0832 94.6985 92.5704 98.9659 12.2066 69.2315 109.644 72.8354 48.0521 86.9229 
39.598 46.0652 105.786 32.5576 78.0607 53.7274 83.159 80.6322 67.2681 49.0102 72.5772 25.4951 46.0977 79.8412 76.4614 85.1175 48.6055 54.1295 71.5891 53.0 69.7534 60.0833 47.3459 84.7851 64.8635 68.5745 98.5839 0.0 50.2741 61.5873 1.41421 45.9181 39.1363 86.4934 23.3238 47.5293 43.909 18.1108 34.117 49.0306 19.6469 14.7648 46.6476 16.1245 95.9142 48.0685 11.7047 35.9049 73.2879 25.02 
12.791 25.8132 56.2228 54.4059 29.0689 35.6094 34.1321 31.7805 68.2158 52.7022 54.8439 44.3847 27.9214 31.0 27.0711 34.9285 18.1108 62.9197 33.541 51.963 42.6428 52.3718 10.0 55.9796 26.8701 14.5602 48.4149 50.2741 0.0 23.2545 50.2388 39.3192 11.1803 51.241 29.7321 23.3452 22.987 43.8162 30.0832 62.9197 36.7914 48.0708 54.0 50.6741 46.4004 37.9492 61.3626 25.5539 38.7883 39.7688 
24.5153 16.2788 47.4131 74.5453 41.1825 57.9948 45.1885 21.1896 48.0833 33.8871 77.026 63.7887 17.2047 43.909 41.8992 39.8121 41.2263 44.1046 11.0454 33.1479 64.7403 75.459 32.9895 73.2469 48.5489 8.69432 45.7056 61.5873 23.2545 0.0 61.9112 62.4142 27.1662 66.0681 38.2753 46.5363 17.8045 48.7955 51.0098 44.1046 43.2782 62.317 76.6538 55.9017 38.0789 23.5372 71.218 44.4072 53.6164 41.8688 
39.6232 46.5188 105.648 31.1448 78.0254 52.5364 83.1237 80.4938 68.4471 50.0 71.3863 24.1661 46.6154 79.8059 76.4261 85.0822 47.4146 55.3173 72.0069 54.0093 68.5625 58.8218 47.3106 83.5942 63.6725 68.8674 98.5486 1.41421 50.2388 61.9112 0.0 44.7271 39.1009 85.3025 23.7065 46.3383 44.2945 19.2354 32.926 50.2195 20.3961 13.4164 45.2769 17.4929 95.7758 48.838 12.3693 34.7139 72.0969 26.0 
40.7185 55.4617 88.2553 24.6982 48.7268 10.6301 51.627 68.5455 95.8652 81.3833 26.6833 22.0907 57.2451 47.614 48.8562 60.2243 21.2132 83.8888 72.8354 80.6442 25.2982 15.6205 29.4279 40.025 24.4131 53.7587 76.7709 45.9181 39.3192 62.4142 44.7271 0.0 37.1618 43.382 45.9336 16.0312 52.3259 56.858 16.4012 79.4415 52.8782 32.0624 15.8114 59.0009 79.404 66.0379 56.2228 24.7588 31.8277 57.7588 
3.60555 18.3576 66.842 47.3814 39.6232 37.1472 44.7214 41.6877 60.3373 44.8238 58.8493 36.6742 20.2485 41.4138 37.4849 46.0977 17.6918 52.7434 38.2099 44.0846 49.9199 51.6236 11.1803 63.2568 34.0878 21.5894 59.4054 39.1363 11.1803 27.1662 39.1009 37.1618 0.0 63.1231 18.6815 22.8035 15.2643 32.7567 24.0832 48.296 25.7099 38.0196 50.01 39.5601 56.9698 29.7321 50.2248 17.2627 49.1483 29.0 
65.6527 76.5185 64.6297 68.0 26.6271 33.2415 25.0799 57.9828 113.996 99.6371 28.178 64.5136 78.6267 23.8537 26.4197 36.0555 58.0889 109.855 72.8629 98.8979 18.6011 39.6232 53.6216 10.0 29.4301 59.0259 50.3587 86.4934 51.241 66.0681 85.3025 43.382 63.1231 0.0 81.1342 47.1445 73.6923 95.3334 53.7333 109.855 88.3117 73.1259 55.6058 101.74 59.203 88.6545 96.922 60.5322 16.2788 92.0493 
17.8885 22.8473 85.4567 43.6807 58.2495 47.9406 63.3482 58.6287 52.3546 31.1052 69.6427 32.8938 23.0868 60.0306 56.9642 64.7161 31.1913 40.2244 48.3011 35.222 63.8578 61.4004 28.0 81.5008 52.0989 45.2933 78.0868 23.3238 29.7321 38.2753 23.7065 45.9336 18.6815 81.1342 0.0 34.9976 20.5913 14.1421 30.1504 35.609 7.07107 27.0185 53.4407 20.8806 75.5844 27.074 33.2415 21.5853 67.1594 12.083 
26.4008 41.0488 74.4596 35.2278 51.379 14.6268 53.7226 52.7731 83.1402 67.6266 36.3289 27.6586 43.0116 49.7096 49.2305 60.5986 5.38516 72.7722 56.8859 66.8875 30.544 29.1353 13.6015 45.5575 25.5146 37.855 64.5489 47.5293 23.3452 46.5363 46.3383 16.0312 22.8035 47.1445 34.9976 0.0 38.0132 48.964 13.4164 68.3249 41.9422 34.1885 31.257 55.3701 65.0333 52.4976 57.9579 17.0294 33.939 46.8229 
11.6619 3.16228 64.7024 60.0333 51.6342 52.4077 56.7263 38.3073 45.2555 29.742 74.0992 49.0102 5.0 53.4513 49.5224 56.3312 32.8024 39.9595 27.7308 29.0028 62.683 66.888 25.4558 76.0199 46.8509 24.9719 62.6028 43.909 22.987 17.8045 44.2945 52.3259 15.2643 73.6923 20.5913 38.0132 0.0 31.241 38.3275 39.9595 25.4951 45.8912 64.56 38.4187 55.2684 15.0 53.4135 30.4138 61.9114 24.6982 
31.6228 32.5269 95.8471 47.7074 72.3671 61.9069 77.4661 69.452 49.2443 31.1448 83.6091 38.2884 31.8904 74.1506 71.0903 78.7373 45.1577 36.1386 57.6281 35.0571 77.8242 71.1533 42.0476 95.4672 66.2982 56.1166 92.108 18.1108 43.8162 48.7955 19.2354 56.858 32.7567 95.3334 14.1421 48.964 31.241 0.0 44.1168 31.0483 7.07107 29.1548 59.397 7.2111 86.4131 32.2627 23.7697 35.5517 81.3587 7.61577 
27.2947 41.4849 84.7231 24.3516 50.6114 21.2132 55.7097 61.6847 80.082 58.8244 42.1545 15.0 43.0116 52.3919 48.4629 59.2767 14.8661 68.1057 62.0322 65.6714 37.1327 32.0156 20.6155 52.1463 32.1033 43.1856 74.8971 34.117 30.0832 51.0098 32.926 16.4012 24.0832 53.7333 30.1504 13.4164 38.3275 44.1168 0.0 63.545 37.095 20.7762 26.2488 47.1998 75.1798 50.9902 44.5456 8.60233 40.5277 41.9756 
45.8539 37.1327 88.9079 77.8203 85.0185 81.4479 89.0573 64.2987 18.2483 11.0454 103.15 67.6018 34.9983 87.738 85.6865 83.8333 64.1162 5.09902 46.4883 11.1803 97.3652 94.9083 59.2407 111.506 82.3373 52.474 89.2808 49.0306 62.9197 44.1046 50.2195 79.4415 48.296 109.855 35.609 68.3249 39.9595 31.0483 63.545 0.0 32.6497 59.6154 88.2704 34.0588 80.3976 25.6435 52.0096 54.9799 97.3978 25.4951 
24.6982 27.2029 90.1963 45.1885 65.307 54.8852 70.406 63.8012 50.3289 30.2655 76.5873 34.9857 26.9258 67.0892 64.0259 71.7125 38.1359 37.5766 52.6972 34.3657 70.8024 68.345 35.0143 88.4455 59.2765 50.4658 85.0832 19.6469 36.7914 43.2782 20.3961 52.8782 25.7099 88.3117 7.07107 41.9422 25.4951 7.07107 37.095 32.6497 0.0 27.2029 55.7145 13.9284 80.7622 28.4429 28.0179 28.53 74.337 7.2111 
38.6047 48.6621 103.938 18.6011 70.4405 40.3113 75.5388 79.8004 77.4919 57.2713 58.5491 10.7703 49.366 72.221 68.292 79.1058 35.2647 64.622 73.0821 61.3922 56.3205 45.607 39.6468 71.3442 51.5227 69.0229 94.6985 14.7648 48.0708 62.317 13.4164 32.0624 38.0196 73.1259 27.0185 34.1885 45.8912 29.1548 20.7762 59.6154 27.2029 0.0 31.9061 29.6985 94.2288 54.0833 24.1868 22.564 59.9203 34.176 
53.3667 67.72 104.062 16.1245 63.5691 25.5539 66.4693 84.015 105.998 84.74 32.28 21.4009 69.2604 62.4563 64.6558 76.0238 36.0555 93.112 87.2067 88.8568 37.0135 17.72 44.0 50.1199 39.8246 68.1175 92.5704 46.6476 54.0 76.6538 45.2769 15.8114 50.01 55.6058 53.4407 31.257 64.56 59.397 26.2488 88.2704 55.7145 31.9061 0.0 61.2209 95.2103 77.0779 54.7814 34.5398 46.4004 62.9256 
38.6264 39.6232 102.984 48.1664 79.0765 68.3131 84.1748 76.5887 52.2398 36.1386 85.6601 39.8246 38.8973 80.857 77.5697 85.5952 51.5638 39.1152 64.5697 39.8121 84.2303 73.2963 48.4542 101.873 72.7043 63.2533 98.9659 16.1245 50.6741 55.9017 17.4929 59.0009 39.5601 101.74 20.8806 55.3701 38.4187 7.2111 47.1998 34.0588 13.9284 29.6985 61.2209 0.0 93.5498 39.1944 18.2483 41.9578 87.7649 14.2127 
58.5804 53.9778 9.89949 99.2824 35.0143 70.6116 34.5254 17.0 81.0062 70.1801 82.0549 90.05 55.0694 37.1214 44.5533 23.3452 60.8375 80.2309 34.2345 69.4262 68.0074 86.7006 54.7083 68.884 66.6214 39.4081 12.2066 95.9142 46.4004 38.0789 95.7758 79.404 56.9698 59.203 75.5844 65.0333 55.2684 86.4131 75.1798 80.3976 80.7622 94.2288 95.2103 93.5498 0.0 61.3514 107.142 71.8471 54.0 79.5885 
26.1725 12.53 70.3847 70.406 64.1557 66.688 68.1945 44.643 30.9396 15.426 88.3902 59.4753 10.2956 66.8751 64.4846 62.9704 47.4236 25.6435 28.8444 14.6868 77.6452 81.0247 40.3609 90.982 61.813 31.6112 69.2315 48.0685 37.9492 23.5372 48.838 66.0379 29.7321 88.6545 27.074 52.4976 15.0 32.2627 50.9902 25.6435 28.4429 54.0833 77.0779 39.1944 61.3514 0.0 55.7334 42.5441 76.8735 25.0729 
50.448 55.2178 117.014 39.3573 89.1493 64.1559 94.2475 91.6789 70.0286 54.3415 82.7345 34.7131 54.9181 90.9297 87.5499 96.206 59.0341 57.0 80.7094 58.0517 80.182 69.6348 58.4344 95.2137 75.2921 78.3435 109.644 11.7047 61.3626 71.218 12.3693 56.2228 50.2248 96.922 33.2415 57.9579 53.4135 23.7697 44.5456 52.0096 28.0179 24.1868 54.7814 18.2483 107.142 55.7334 0.0 46.3334 83.7165 31.3847 
20.025 33.541 81.6088 30.1496 48.9844 28.0145 54.0826 57.2451 71.517 50.2593 49.6488 19.4165 34.9285 50.7648 46.8359 57.6281 15.5242 59.5406 55.4437 57.2308 43.9317 40.3609 17.6918 58.9452 38.9023 37.3657 72.8354 35.9049 25.5539 44.4072 34.7139 24.7588 17.2627 60.5322 21.5853 17.0294 30.4138 35.5517 8.60233 54.9799 28.53 22.564 34.5398 41.9578 71.8471 42.5441 46.3334 0.0 47.3267 33.4106 
51.678 64.7375 61.4003 56.2228 19.0263 21.2132 20.8806 48.3839 107.14 91.6266 28.1603 51.395 66.8458 17.2627 12.2066 31.257 44.1141 101.844 60.8002 90.8874 14.0357 33.8378 39.6469 20.6155 15.7292 46.5732 48.0521 73.2879 38.7883 53.6164 72.0969 31.8277 49.1483 16.2788 67.1594 33.939 61.9114 81.3587 40.5277 97.3978 74.337 59.9203 46.4004 87.7649 54.0 76.8735 83.7165 47.3267 0.0 78.0745 
27.1662 25.6125 89.0225 52.3259 68.4159 59.7658 73.508 62.6274 43.3244 24.0 81.4679 42.19 24.7588 70.2115 66.2826 74.6899 43.0116 30.4631 50.4483 28.0179 75.6831 73.2256 39.3192 92.183 63.014 49.292 86.9229 25.02 39.7688 41.8688 26.0 57.7588 29.0 92.0493 12.083 46.8229 24.6982 7.61577 41.9756 25.4951 7.2111 34.176 62.9256 14.2127 79.5885 25.0729 31.3847 33.4106 78.0745 0.0 
DEMAND_SCENARIO_SECTION
0 0 0 0 0 0 0 0 0 0 0 0 0 0 0 0 0 0 0 0 0 0 0 0 0 0 0 0 0 0 0 0 0 0 0 0 0 0 0 0 0 0 0 0 0 0 0 0 0 0 0 0 0 0 0 0 0 0 0 0 0 0 0 0 0 0 0 0 0 0 0 0 0 0 0 0 0 0 0 0 0 0 0 0 0 0 0 0 0 0 0 0 0 0 0 0 0 0 0 0 0 0 0 0 0 0 0 0 0 0 0 0 0 0 0 0 0 0 0 0 0 0 0 0 0 0 0 0 0 0 0 0 0 0 0 0 0 0 0 0 0 0 0 0 0 0 0 0 0 0 0 0 0 0 0 0 0 0 0 0 0 0 0 0 0 0 0 0 0 0 0 0 0 0 0 0 0 0 0 0 0 0 0 0 0 0 0 0 0 0 0 0 0 0 0 0 0 0 0 0 
3 5 6 2 3 3 5 2 6 7 5 3 4 5 3 5 4 4 3 6 5 4 2 5 7 6 4 4 5 3 5 1 4 3 3 3 3 4 3 4 3 3 5 2 7 5 4 6 4 6 5 4 4 7 4 4 3 6 5 5 3 4 7 4 3 4 2 3 5 6 6 6 6 4 4 1 3 4 2 4 3 0 3 7 5 5 5 3 4 4 4 5 4 5 6 1 3 5 2 5 3 6 2 6 5 5 1 4 4 1 4 5 5 5 5 3 7 4 1 3 3 2 6 5 5 6 6 2 6 5 4 1 4 3 5 4 5 5 5 5 4 4 4 5 2 5 3 6 3 5 5 3 3 4 3 6 5 5 3 5 4 2 4 4 5 6 4 3 3 4 5 4 3 2 5 6 2 5 4 4 4 4 2 4 6 2 7 4 4 6 3 3 5 4 4 4 5 5 3 3 
12 3 17 9 5 12 5 12 5 12 8 13 12 10 6 11 14 8 10 6 10 10 9 6 8 15 9 11 11 4 9 7 12 10 10 13 12 8 8 1 12 14 15 13 10 11 6 11 7 12 7 5 9 6 16 9 6 14 10 12 17 11 7 13 11 6 11 9 9 6 12 9 9 8 4 10 12 6 9 8 9 8 11 13 10 14 10 9 6 12 12 11 7 12 4 11 10 4 9 7 7 14 8 14 9 14 3 10 12 12 10 12 6 9 7 12 11 9 10 12 13 5 8 9 12 12 8 13 13 10 13 10 10 11 4 9 6 8 10 8 10 11 11 14 10 13 11 8 10 5 8 13 10 3 11 12 10 12 9 9 13 11 10 15 9 15 6 8 7 9 15 12 7 6 21 12 11 11 14 8 11 10 10 15 7 15 13 12 2 8 10 11 11 14 9 10 17 15 9 8 
1 1 1 1 1 1 1 1 1 1 1 0 1 1 1 1 1 1 1 1 1 1 1 1 1 1 1 1 1 1 1 2 1 1 1 2 1 1 1 0 1 1 1 1 1 1 0 1 2 1 0 1 1 1 1 1 0 0 1 1 1 1 0 1 1 1 1 1 1 1 2 1 1 1 1 1 1 1 1 1 1 2 1 1 1 1 1 2 1 2 1 1 1 0 1 1 1 1 1 1 1 1 1 1 2 1 1 1 1 1 1 1 1 1 1 1 1 1 2 1 1 1 0 1 1 1 1 1 1 0 1 1 1 1 1 1 1 1 1 1 2 1 1 1 1 1 1 1 2 1 1 1 1 1 1 1 1 1 1 0 0 1 2 1 1 2 1 1 1 1 1 1 1 1 1 0 1 1 2 1 1 1 1 1 1 1 1 1 1 1 1 1 2 1 1 1 1 0 0 2 
7 6 5 7 6 4 6 4 4 6 3 7 6 4 6 7 1 5 5 3 5 5 8 2 3 5 4 6 4 5 4 7 3 5 6 2 4 7 2 5 7 3 4 6 3 5 5 5 6 5 4 7 3 4 2 5 3 4 4 6 4 5 6 5 1 9 4 2 5 5 6 5 5 5 4 3 6 4 4 6 7 5 2 7 9 3 8 2 5 8 9 6 5 3 3 6 3 4 4 6 7 3 2 4 5 6 5 6 2 2 5 3 5 5 2 5 3 5 5 4 2 6 7 7 3 5 4 8 6 5 2 9 3 6 6 4 4 3 9 8 4 9 5 1 5 5 4 5 5 9 6 3 5 6 7 2 6 7 4 6 4 3 2 4 3 7 5 3 3 6 8 6 0 5 7 5 8 5 7 4 6 3 6 4 5 5 7 7 6 5 4 2 6 4 5 7 5 3 5 8 
1 2 4 3 6 3 4 4 5 2 4 5 4 7 4 2 4 1 2 5 3 2 3 6 4 4 3 3 3 5 3 3 3 7 3 8 2 3 5 5 3 4 7 3 4 7 5 4 5 7 2 5 5 5 5 4 4 5 4 3 7 5 6 4 2 2 5 4 1 6 3 4 2 3 7 3 5 3 4 4 6 3 7 5 7 3 4 3 3 4 5 3 5 3 1 4 6 2 2 5 3 5 5 5 3 4 5 6 4 5 4 2 5 4 3 4 2 6 3 4 4 4 2 4 5 5 4 4 6 5 3 5 5 2 4 6 4 5 6 3 4 5 3 4 3 5 4 4 5 1 6 5 4 3 3 4 5 4 4 3 4 4 5 5 1 4 3 5 5 5 4 4 5 3 5 2 5 4 5 4 3 5 6 1 3 4 2 2 3 4 5 5 3 4 5 4 3 8 3 5 
9 7 9 8 9 4 11 11 8 15 10 12 15 10 8 8 8 8 11 6 7 6 14 6 9 17 10 3 9 9 5 10 10 11 9 3 14 11 9 10 7 7 10 9 3 6 10 11 13 12 13 13 10 9 5 7 5 0 6 9 11 11 10 6 12 9 8 4 4 8 13 4 7 10 6 8 8 8 11 3 10 12 13 9 6 6 6 7 11 5 11 14 10 10 8 7 13 12 6 13 9 9 7 9 8 7 6 8 16 12 9 9 10 7 8 10 6 12 10 6 13 11 11 10 11 14 4 11 10 5 4 5 12 10 7 17 9 3 9 11 11 9 8 4 11 7 13 6 12 8 12 8 11 8 12 13 8 8 9 9 5 9 7 4 7 6 7 9 10 7 7 3 4 13 7 9 6 7 2 5 12 7 6 10 8 15 8 9 3 8 10 11 8 8 11 7 9 8 15 12 
6 7 11 5 7 8 6 6 7 6 5 10 9 4 7 7 5 6 9 4 8 4 6 6 5 9 6 9 7 5 6 7 8 10 10 7 10 6 8 3 5 7 6 8 9 2 7 6 11 4 10 4 11 5 9 9 6 5 6 9 5 8 10 10 7 7 5 1 10 11 10 6 8 9 4 6 8 6 4 5 12 2 7 10 10 7 9 5 11 3 5 6 9 6 10 9 8 5 5 10 7 5 6 5 7 8 6 6 6 4 2 9 7 6 6 0 7 7 6 3 7 6 6 6 7 9 6 6 7 7 7 7 7 7 6 7 10 10 2 6 4 6 6 4 4 7 8 5 8 6 6 3 6 7 10 6 7 11 10 4 6 9 5 9 8 9 6 5 8 5 9 5 8 9 8 9 6 9 3 6 5 10 9 6 9 7 9 10 8 6 7 8 4 6 4 10 2 6 7 12 
3 5 4 2 5 4 2 3 3 2 3 3 4 3 3 3 5 2 2 3 2 2 3 4 2 4 3 4 3 3 3 2 3 2 3 3 4 3 4 2 3 4 3 3 2 2 4 3 0 4 3 4 5 4 3 3 2 3 4 1 4 3 3 1 2 4 2 4 3 3 3 4 3 4 2 3 3 3 2 1 4 5 3 3 3 3 2 3 3 4 3 4 5 4 4 4 3 3 2 3 2 1 3 3 3 3 4 2 2 4 2 3 2 3 3 4 3 2 4 3 2 2 2 2 3 1 3 5 4 2 3 2 2 3 2 2 4 5 3 2 2 2 1 2 5 2 3 2 3 4 4 3 3 3 4 4 3 3 3 3 2 1 3 4 3 3 3 4 2 4 4 4 3 4 2 2 3 2 4 3 3 5 4 3 4 3 3 3 4 1 5 4 1 3 4 3 2 5 4 1 
3 4 3 5 2 3 4 2 3 3 3 2 2 2 3 3 5 2 3 3 4 4 3 4 3 4 4 5 3 2 3 3 2 2 3 5 4 3 6 3 4 3 2 3 2 3 3 3 3 3 2 4 3 3 3 4 3 3 4 5 4 2 3 1 4 3 4 4 3 2 1 3 2 1 4 4 3 2 2 3 3 1 1 3 3 3 3 3 3 4 1 4 4 4 4 2 3 3 3 2 2 1 4 2 3 4 3 3 5 3 2 3 2 2 3 3 2 2 3 4 5 4 3 3 5 2 2 3 3 2 3 3 3 2 3 3 4 1 2 1 2 4 3 2 4 4 2 5 4 4 3 4 4 2 3 5 3 3 4 2 1 3 3 5 1 3 3 2 2 4 3 4 2 3 2 3 3 4 4 2 4 5 4 3 3 4 4 2 4 3 3 2 2 1 4 3 3 2 4 2 
9 6 2 8 5 8 9 8 11 5 7 4 6 9 7 10 4 9 4 8 8 8 5 6 6 6 4 10 9 8 7 11 4 10 6 7 8 9 10 5 8 8 8 5 9 6 9 8 7 7 5 8 6 5 6 6 8 7 7 6 5 4 6 4 4 9 10 9 3 6 8 9 8 5 10 4 9 10 7 7 11 8 10 4 9 6 8 4 7 7 9 4 7 5 6 6 8 13 8 7 5 6 12 6 6 6 8 3 12 9 6 5 8 6 8 6 9 5 4 7 9 6 10 10 7 10 7 6 8 6 9 4 3 5 10 8 4 7 5 7 5 11 11 8 9 7 6 4 11 10 7 4 3 10 2 8 8 6 6 6 3 3 6 5 7 4 9 4 4 11 9 6 7 9 5 5 7 4 2 8 6 5 4 6 6 11 6 5 7 5 12 6 5 10 8 6 6 8 8 10 
4 1 4 4 5 4 5 5 5 4 5 3 6 5 5 2 1 4 3 4 3 4 5 5 4 5 4 3 6 2 2 3 3 7 2 1 4 5 5 5 4 6 4 4 5 7 4 4 5 4 3 5 2 3 6 6 5 4 3 5 3 1 5 4 5 1 4 4 7 5 3 8 7 5 4 4 4 3 6 3 3 4 5 4 5 3 6 5 4 3 5 5 8 4 4 5 4 3 7 6 4 2 6 3 4 7 2 2 7 3 2 1 5 3 2 3 2 4 4 3 5 2 6 4 2 3 5 4 4 4 4 3 4 3 5 4 4 4 5 5 5 4 3 6 4 3 4 5 5 7 3 3 3 5 4 4 6 3 4 3 6 5 3 7 1 8 3 6 5 4 3 3 5 4 4 3 2 4 2 4 2 4 5 4 4 2 4 2 3 2 4 4 4 5 6 5 4 6 3 5 
6 5 6 6 5 7 4 5 5 3 6 4 6 4 3 3 7 5 4 6 7 5 4 5 5 6 6 5 5 5 9 5 5 4 3 8 7 5 7 7 5 4 9 6 4 6 7 4 4 5 5 3 3 3 4 5 3 7 4 2 7 1 7 7 7 2 5 6 3 4 5 4 5 6 6 6 4 6 2 5 5 3 7 4 7 5 6 3 6 4 7 7 9 4 5 4 5 9 6 5 6 6 4 6 4 5 4 4 2 7 5 4 3 9 4 7 4 8 7 6 7 8 4 7 7 4 9 6 6 7 6 6 3 6 7 2 4 1 4 7 6 5 4 1 4 5 9 5 6 6 5 4 8 8 5 6 5 7 3 5 3 5 4 5 2 8 5 4 5 4 7 3 5 3 4 7 2 5 7 4 4 4 5 5 5 6 4 7 4 6 3 8 4 4 2 4 6 5 3 1 
7 11 9 5 16 8 4 10 3 11 9 12 11 10 6 10 9 7 5 8 11 5 8 7 10 6 7 9 7 10 11 6 9 7 5 5 6 6 8 4 4 6 4 5 14 11 8 8 7 12 4 10 9 9 8 5 5 8 11 8 9 5 9 9 8 6 10 10 7 12 16 9 7 5 5 9 6 6 7 5 9 7 8 5 8 10 10 9 7 12 9 5 11 9 5 7 9 8 7 12 8 5 6 5 8 6 8 5 7 9 4 8 14 10 13 10 13 7 8 8 7 9 4 9 10 7 6 14 8 5 9 9 7 12 8 8 10 7 6 8 6 8 9 8 8 9 8 9 5 7 8 10 11 4 11 5 7 3 8 11 8 9 9 11 9 2 2 7 8 12 7 13 6 10 3 7 7 12 6 8 9 9 11 7 8 7 8 8 7 6 5 5 9 11 8 6 8 10 5 9 
1 1 1 1 1 1 2 1 1 1 2 1 1 1 1 1 1 1 1 1 1 1 1 1 1 1 1 1 1 1 1 1 1 2 1 1 1 1 1 1 1 1 1 2 1 1 1 1 1 1 1 0 1 1 1 1 1 1 1 1 1 2 1 1 1 1 1 1 1 1 1 1 0 1 1 1 1 1 1 1 1 1 1 1 1 1 1 1 1 2 1 1 1 1 1 1 2 2 1 0 1 1 1 1 1 1 1 1 1 1 1 1 1 1 1 0 1 1 1 1 1 1 1 1 1 1 1 1 1 1 1 2 1 1 1 1 1 1 1 1 1 1 1 1 1 1 0 1 1 1 1 1 1 1 1 1 0 1 1 1 1 1 1 1 1 1 1 1 1 1 1 1 1 1 1 1 1 1 1 2 1 2 2 1 1 1 1 1 1 1 1 1 1 1 0 1 0 1 1 1 
2 3 4 5 6 3 4 3 4 3 4 2 5 3 4 6 6 5 5 2 5 3 3 3 6 4 3 3 3 4 6 4 3 4 5 6 3 3 2 4 3 3 2 6 7 4 4 5 2 4 8 5 7 3 4 6 3 4 3 7 5 6 1 4 4 2 3 3 3 3 6 3 6 3 5 3 4 3 6 5 6 3 5 3 4 6 8 7 6 2 6 2 4 6 6 6 5 4 3 2 4 3 5 4 4 2 5 5 6 4 5 4 6 5 6 2 4 3 2 5 4 6 5 6 3 4 4 3 2 3 2 3 4 5 6 7 2 5 3 2 4 6 3 3 4 4 3 3 3 3 3 4 3 3 5 6 2 3 4 4 5 3 3 4 6 3 4 3 4 3 4 4 1 4 2 5 4 8 5 5 4 4 1 5 2 3 4 5 4 4 4 7 4 2 3 6 5 2 6 2 
2 4 2 2 4 3 2 3 3 3 1 3 1 3 3 1 1 2 4 4 5 1 4 1 3 3 2 3 3 2 3 2 2 3 4 4 3 2 2 2 3 3 2 4 3 3 3 3 3 1 4 2 3 1 2 4 4 4 5 2 3 1 1 4 4 4 4 1 2 1 3 4 4 2 4 4 3 3 2 4 2 4 3 3 3 1 4 3 4 1 3 3 3 4 3 3 0 4 2 3 4 5 3 2 3 4 3 4 4 5 3 4 4 3 2 4 5 1 4 3 3 3 2 4 2 4 6 5 3 4 4 1 3 2 2 3 3 2 3 2 2 4 1 3 3 3 2 4 2 2 3 3 3 2 3 3 2 1 3 4 4 3 3 4 2 2 4 2 2 3 4 3 4 4 3 2 4 3 3 2 3 3 3 3 3 4 4 3 2 2 2 2 4 4 2 3 4 3 3 2 
2 2 4 3 2 2 2 3 4 3 4 3 1 3 3 4 4 2 4 2 2 3 4 2 3 4 4 3 2 3 3 2 2 4 4 3 4 3 4 2 4 3 2 4 3 3 3 3 3 3 4 3 2 2 3 4 3 3 4 2 2 2 3 3 1 4 2 4 4 1 2 3 2 5 3 3 2 3 4 3 5 4 4 3 3 2 2 4 3 6 2 3 3 2 3 3 3 3 2 3 4 2 0 3 3 4 3 4 3 4 2 3 2 4 4 4 5 3 4 4 4 3 4 2 3 2 3 4 4 3 4 1 3 3 3 4 2 1 4 2 3 3 2 5 2 2 4 4 4 2 1 3 3 3 3 2 2 4 3 4 3 3 1 4 4 4 2 2 4 3 3 3 3 4 4 3 3 3 2 4 3 2 2 2 2 4 2 4 4 4 3 5 3 2 4 3 3 1 3 1 
4 3 6 5 4 3 5 3 4 2 5 4 4 4 3 3 5 4 4 3 4 6 4 4 3 4 3 5 3 3 5 4 3 5 4 3 6 3 5 2 5 5 4 6 3 4 5 5 2 5 5 2 4 3 2 3 6 5 6 4 6 7 5 3 3 4 5 6 4 3 4 6 3 2 3 6 3 7 4 3 3 4 8 5 4 5 2 5 5 2 7 3 3 4 4 5 4 3 5 4 2 6 3 5 3 5 4 3 3 3 4 6 5 5 3 6 4 3 2 3 3 4 3 4 2 4 4 2 5 1 5 4 4 5 3 5 3 7 5 5 5 5 4 5 2 3 3 6 3 6 5 5 3 4 5 3 2 6 4 7 6 5 3 3 5 5 5 6 5 5 5 3 4 5 3 4 7 3 4 4 3 3 4 7 3 3 4 4 3 3 4 4 5 4 3 4 2 6 4 6 
5 6 5 7 5 7 4 6 4 5 6 4 6 7 4 5 7 5 8 6 4 5 7 5 4 7 6 6 6 5 3 6 6 7 5 6 5 6 1 6 2 5 6 4 5 7 6 7 9 6 6 3 5 5 5 6 6 5 6 3 3 4 5 4 5 3 7 2 4 4 5 3 9 9 7 5 5 4 6 6 5 8 3 7 7 3 5 4 6 2 5 3 7 7 7 4 2 3 3 4 5 5 6 4 4 6 4 2 5 5 5 7 3 2 4 3 4 5 8 7 7 2 3 5 2 5 5 7 6 6 5 3 4 4 5 6 6 6 6 3 7 3 6 5 6 7 4 4 5 5 8 7 6 5 5 3 4 6 4 3 7 5 4 4 5 7 6 3 4 6 6 2 4 2 6 6 5 5 2 6 4 6 5 4 7 7 6 3 4 7 6 2 6 5 8 3 3 7 4 7 
5 9 4 5 6 6 4 4 6 7 4 7 7 6 3 8 5 8 4 6 4 6 6 3 6 6 5 5 4 4 7 5 5 2 4 5 4 3 6 7 6 5 4 5 3 7 3 4 6 5 7 5 2 3 8 6 5 2 6 4 5 6 4 3 5 3 6 4 4 4 6 2 7 5 6 4 7 5 7 6 5 6 8 5 7 9 5 7 3 9 5 4 6 5 7 7 6 4 7 4 5 4 5 6 5 4 3 4 5 6 6 8 6 6 6 2 5 6 7 6 7 2 3 6 6 2 6 8 4 5 0 4 7 7 4 6 7 7 4 3 7 3 7 4 5 5 4 3 4 9 4 7 7 3 6 3 4 5 9 6 6 8 6 2 6 4 7 6 5 5 3 6 7 6 3 3 4 7 4 2 4 4 5 4 5 5 6 2 5 2 7 6 4 6 5 4 5 4 5 5 
4 5 5 7 6 8 6 7 2 9 10 7 8 5 6 6 8 6 4 4 3 4 3 10 7 5 4 8 7 3 7 7 5 7 7 6 6 8 7 6 7 10 2 11 5 7 9 5 11 6 6 8 7 3 4 4 5 5 4 5 7 10 8 3 6 4 8 10 7 3 11 6 4 9 6 4 8 6 4 8 7 6 7 8 7 6 7 8 6 9 5 8 6 6 2 9 8 5 3 4 9 3 5 6 3 5 6 7 4 7 4 6 5 5 3 12 10 5 3 4 8 8 8 10 7 3 4 7 9 9 5 6 7 6 9 6 5 8 5 5 10 6 5 5 9 10 8 7 8 5 5 6 9 3 10 6 9 2 3 6 6 2 4 7 5 10 6 10 6 4 9 6 7 8 5 7 6 7 6 6 8 5 13 5 5 9 5 7 7 3 6 7 6 6 3 5 8 8 8 5 
6 3 4 4 5 4 7 4 3 5 4 4 4 5 4 4 5 5 3 5 3 3 6 3 1 4 5 3 4 4 4 4 3 4 3 5 6 2 6 2 3 6 7 5 4 2 5 6 5 4 5 5 3 6 5 4 2 5 5 5 4 3 6 5 5 6 4 4 3 1 6 3 6 3 4 2 3 5 6 5 7 5 4 4 2 6 5 6 7 5 3 6 4 5 2 3 3 5 3 4 5 8 4 5 3 3 4 4 3 4 4 3 5 3 5 1 3 3 4 5 4 3 2 3 5 4 6 3 3 5 3 4 3 5 4 5 4 4 2 6 5 5 3 4 4 7 3 5 2 5 3 6 5 3 5 5 5 3 4 5 6 3 5 6 5 5 3 4 3 4 5 5 2 4 3 6 2 5 4 5 2 6 3 4 5 6 4 3 5 1 5 4 3 5 2 1 4 3 7 3 
2 2 2 3 2 3 0 2 2 2 2 1 2 3 2 2 2 3 2 2 3 1 2 1 1 0 1 3 1 2 3 2 2 1 2 2 1 2 2 3 3 1 3 3 2 2 1 2 1 2 3 1 2 2 3 1 2 3 2 2 2 1 2 1 1 3 1 2 1 2 3 3 3 1 2 1 2 2 2 2 1 2 2 3 2 2 1 1 3 3 2 1 2 2 1 2 3 2 1 2 2 3 3 2 3 2 2 2 3 2 0 3 1 2 2 2 1 3 2 2 3 2 2 1 1 2 2 2 2 3 2 2 2 1 1 1 2 2 1 2 3 2 3 2 2 2 2 2 2 2 2 3 2 1 2 2 3 0 3 2 3 3 4 2 2 2 2 2 3 1 2 3 2 2 3 2 1 3 3 1 4 2 3 3 2 2 2 1 2 2 2 3 2 2 2 3 2 2 2 1 
5 10 0 12 9 9 5 2 8 6 6 6 8 11 11 11 8 8 11 7 7 9 8 9 8 7 6 6 5 6 10 3 12 9 15 10 6 2 11 9 8 5 6 6 8 6 7 7 7 6 11 2 10 7 13 16 12 10 8 9 10 13 7 8 9 10 9 5 13 5 5 8 4 8 8 7 7 5 7 10 9 6 7 7 6 3 9 13 9 8 8 7 6 11 7 7 6 5 10 6 7 2 5 9 5 8 13 7 6 12 10 7 4 10 4 5 10 9 5 7 9 9 8 7 8 3 10 3 10 6 7 8 8 8 9 8 12 13 8 11 12 6 9 7 7 11 6 15 8 9 7 12 6 6 11 8 6 8 6 6 8 6 13 7 14 7 11 7 4 3 10 5 12 10 9 6 4 8 12 6 10 11 7 5 5 6 9 12 5 6 9 8 4 5 8 8 7 5 11 10 
10 15 8 17 6 9 10 13 6 11 16 11 13 10 12 11 10 12 13 14 11 16 5 10 8 15 13 7 7 5 8 9 8 7 12 12 14 10 7 7 11 15 11 1 13 10 9 8 16 8 8 11 8 7 5 11 13 10 10 20 6 7 5 14 6 10 9 10 10 12 3 6 13 13 18 7 8 11 7 12 9 16 10 12 9 11 10 8 2 11 11 11 4 10 1 10 14 12 12 7 15 16 10 8 8 13 11 16 8 8 14 11 10 8 5 10 8 7 7 9 13 9 6 13 9 9 8 11 8 13 7 7 7 5 12 13 13 13 6 12 9 14 10 9 9 10 8 9 11 4 12 15 8 9 12 19 11 6 10 4 7 5 13 10 7 6 6 12 16 4 12 5 15 14 8 8 9 10 13 8 14 8 10 12 13 9 12 11 9 8 19 9 5 15 9 10 8 4 7 8 
2 3 3 2 2 1 2 3 3 3 1 2 1 3 1 3 2 2 2 3 3 2 1 2 2 1 1 2 1 3 2 2 2 2 2 2 2 1 2 2 1 2 2 2 2 3 2 2 1 1 2 1 2 2 3 2 1 2 3 2 2 3 3 2 4 3 1 2 3 1 3 2 2 2 2 3 2 2 2 1 3 2 1 2 2 3 2 2 2 1 2 2 2 2 3 1 2 2 2 2 1 3 1 3 2 2 2 1 2 4 2 2 2 2 2 3 2 2 2 1 2 2 3 2 3 3 2 2 1 1 2 2 2 0 1 3 2 3 2 2 1 3 4 2 1 2 2 2 2 2 0 3 3 3 1 2 2 2 3 4 2 1 2 2 2 1 1 2 2 2 2 2 1 1 1 1 2 1 2 1 1 2 1 2 1 2 3 3 2 2 2 2 3 2 1 1 2 2 1 2 
10 4 10 12 8 6 14 8 10 7 9 7 9 8 7 5 9 11 6 11 7 11 7 8 5 8 5 6 8 19 11 10 9 11 10 10 4 9 10 9 7 9 12 5 11 9 13 6 8 9 8 11 6 13 8 2 4 10 11 9 8 10 3 10 10 8 9 9 8 6 7 11 10 11 9 8 9 11 7 7 12 8 7 9 6 10 8 8 13 10 8 12 7 7 10 12 7 9 5 12 10 9 6 9 11 7 6 7 6 9 8 7 2 7 11 10 4 8 10 11 8 8 7 10 5 6 7 6 8 6 12 10 8 2 9 8 10 4 1 9 7 11 7 6 8 5 9 8 6 11 6 12 8 7 4 4 8 8 11 10 7 11 12 10 5 7 12 11 12 11 8 6 8 2 11 6 11 7 6 8 14 9 10 9 10 9 6 7 9 10 6 6 12 6 13 8 7 13 11 13 
14 10 9 4 7 13 12 3 8 9 9 1 12 12 14 12 5 9 9 17 10 8 15 11 11 9 11 9 5 15 7 15 7 12 9 8 6 12 8 6 11 10 12 12 8 7 15 11 9 8 8 9 2 14 5 7 14 14 10 9 11 14 12 12 9 8 13 11 7 11 6 11 9 11 7 14 11 0 10 8 9 6 9 8 10 14 11 18 5 14 13 7 13 14 12 10 8 5 9 9 7 8 5 6 10 8 9 13 4 5 5 11 10 11 10 8 9 6 9 12 10 9 4 13 13 8 10 11 10 12 7 12 1 9 10 11 3 10 1 16 7 7 4 13 7 10 8 16 13 7 12 10 13 12 8 5 4 14 8 8 8 8 8 7 11 8 10 9 5 9 6 11 4 9 7 9 11 9 10 5 13 7 6 14 8 6 15 4 13 14 7 10 15 9 11 12 12 11 7 11 
6 8 12 8 4 13 5 10 6 10 12 11 9 7 11 1 14 6 2 11 13 10 8 7 8 8 8 11 11 7 4 11 12 7 10 12 13 4 11 11 8 7 7 7 8 9 7 12 10 9 17 7 8 12 12 4 7 7 2 5 15 7 9 12 13 12 14 8 9 11 10 8 10 8 3 9 7 17 8 8 9 11 7 8 14 7 11 11 11 7 6 9 7 2 4 4 10 11 7 6 14 6 12 12 2 6 9 9 6 13 0 11 10 6 3 15 8 11 6 6 9 6 6 11 10 9 11 15 9 12 8 8 9 9 7 7 7 15 10 5 13 11 8 9 7 11 6 8 8 10 5 9 12 10 14 7 12 7 16 9 12 6 11 5 7 8 8 11 9 8 11 6 12 7 5 9 10 12 11 7 8 12 7 9 9 8 11 11 10 7 8 6 7 13 10 10 12 10 7 12 
2 3 3 2 4 1 3 3 3 1 3 3 2 3 2 3 2 3 3 3 2 2 2 3 5 3 2 4 4 3 4 4 3 4 4 2 3 2 2 0 2 5 6 4 2 2 2 2 6 4 3 2 2 4 1 2 2 2 2 1 4 4 2 4 1 4 2 4 2 0 3 3 3 5 3 1 3 2 2 3 1 2 2 4 3 2 3 3 4 3 4 4 1 2 4 3 2 5 2 2 4 3 4 4 5 3 3 4 3 3 4 3 2 4 3 3 3 2 2 2 4 2 3 2 3 4 1 5 3 4 1 4 2 5 4 2 2 4 3 3 3 2 4 4 4 4 2 2 3 3 2 3 3 2 2 3 2 3 5 3 4 4 2 5 2 3 4 4 3 3 2 4 5 2 4 3 4 3 3 2 4 3 3 2 6 2 3 5 3 4 0 2 3 2 3 4 3 3 4 5 
10 3 5 10 7 6 6 2 8 4 6 6 4 4 6 6 6 4 7 9 1 3 5 6 8 5 4 8 4 5 10 5 6 9 6 5 8 8 6 7 2 6 8 5 5 5 5 4 2 9 2 7 8 3 7 5 5 5 3 5 7 6 4 4 5 10 7 6 4 5 0 2 8 5 5 5 6 5 9 8 9 3 6 7 3 3 5 5 1 7 6 2 8 5 3 4 5 6 4 5 8 9 4 3 7 5 5 5 6 4 6 5 1 5 5 10 6 5 5 9 10 6 5 6 8 4 6 5 4 9 7 8 4 4 5 7 5 6 8 6 6 9 11 9 8 6 5 2 5 6 8 6 6 5 8 6 6 6 5 10 5 2 4 5 4 7 2 6 9 1 8 4 11 5 4 10 4 3 8 6 5 3 5 5 6 6 5 7 4 5 2 8 5 7 5 5 7 8 3 5 
5 2 5 1 6 5 4 3 7 5 3 6 4 3 5 2 5 2 2 2 2 6 6 3 4 4 4 4 3 2 4 2 4 2 4 4 5 3 2 2 3 3 4 5 3 4 4 3 4 5 5 4 2 4 4 6 3 2 5 4 7 3 4 4 4 5 4 4 1 3 5 4 2 4 5 4 5 3 5 4 5 4 4 2 5 4 4 5 3 5 4 4 5 3 4 3 4 4 4 3 4 6 2 4 5 5 5 4 2 4 5 2 1 1 4 5 5 2 2 2 5 4 3 4 4 4 1 3 3 4 4 6 4 4 4 4 4 4 2 3 4 2 4 5 4 6 4 3 5 5 4 2 3 5 4 4 6 4 6 4 4 4 3 5 4 4 3 3 2 5 5 5 3 6 2 6 3 1 2 4 3 3 7 5 4 3 4 3 4 5 4 4 4 6 3 6 6 2 4 3 
4 1 3 3 4 3 3 4 3 1 2 1 2 2 2 3 3 2 3 3 3 3 3 2 3 4 3 3 2 6 4 2 2 4 5 4 2 4 4 4 5 2 3 3 4 1 4 4 2 3 4 3 2 3 1 3 3 2 2 4 3 3 4 4 3 1 3 2 3 1 1 2 2 1 3 3 1 3 5 4 2 3 4 4 3 3 2 3 3 3 2 3 2 4 4 2 3 3 3 4 4 2 3 4 2 3 1 3 6 4 4 1 5 2 3 2 4 2 2 4 3 2 4 5 3 2 2 3 1 4 3 2 4 3 2 3 2 2 4 1 3 4 2 3 3 2 4 2 4 2 3 4 4 3 4 4 4 2 4 3 3 4 4 4 4 3 4 3 3 2 3 4 2 3 2 3 3 4 2 3 3 2 3 3 4 4 3 4 4 3 4 4 2 3 2 3 2 3 1 3 
4 1 5 2 4 3 3 3 2 2 1 2 3 5 3 4 4 4 2 1 2 2 3 2 3 4 2 2 4 3 4 3 3 6 3 4 2 4 3 4 2 2 2 2 4 3 3 5 3 5 3 4 3 4 3 3 3 3 3 3 3 3 2 2 5 4 3 3 4 4 6 2 3 4 1 3 3 3 2 4 3 4 2 1 2 4 2 1 3 2 3 4 3 3 2 3 4 4 3 4 4 3 1 2 3 3 3 2 4 5 2 2 3 3 4 2 4 4 3 3 2 3 3 3 3 3 4 3 2 4 2 4 5 4 1 3 3 3 3 3 2 3 3 3 3 2 3 3 1 3 3 5 3 3 3 3 0 2 3 5 2 2 4 4 4 4 2 3 4 4 2 3 4 3 2 4 2 3 3 2 4 4 3 2 4 4 3 3 3 1 2 2 4 3 2 3 3 3 4 2 
8 6 10 4 12 13 7 9 9 11 12 11 10 8 9 10 8 10 8 11 9 7 15 13 13 6 13 7 13 6 14 4 10 6 8 9 11 11 7 15 5 8 10 6 12 10 9 7 14 8 6 9 9 10 10 4 8 12 11 10 14 8 12 9 12 6 5 8 12 8 11 12 5 5 9 11 13 7 9 14 8 5 9 12 8 10 8 12 9 10 7 9 14 10 9 1 10 7 8 8 12 7 4 7 4 3 11 9 7 8 14 11 8 12 12 7 14 14 12 5 8 10 7 8 10 6 8 9 11 6 8 14 3 4 6 5 6 8 12 10 10 10 7 12 12 15 11 3 6 8 7 7 14 5 10 10 5 5 12 7 14 8 11 13 10 9 3 7 4 8 11 6 12 10 6 12 7 11 14 5 9 6 10 4 7 7 11 11 12 5 6 5 8 10 9 14 12 7 8 7 
6 3 6 6 3 6 8 6 8 6 2 6 7 9 6 3 3 11 5 10 10 9 6 6 8 6 3 7 6 6 5 8 9 7 7 5 6 4 5 7 6 5 7 3 5 5 5 9 9 7 10 6 6 8 9 7 8 5 9 6 8 7 8 3 9 8 7 5 8 5 7 4 9 8 3 8 8 3 9 5 3 6 5 9 3 5 2 3 1 6 3 6 6 7 4 7 7 6 6 4 6 8 4 9 4 6 8 8 4 9 11 6 4 6 6 6 6 4 7 4 3 6 4 7 2 3 6 2 5 7 6 8 4 11 11 5 8 4 7 7 3 7 6 7 4 9 4 3 8 5 5 8 7 4 7 10 3 9 6 6 7 8 6 7 7 11 7 6 5 6 5 1 9 8 5 5 5 7 4 3 7 9 9 6 4 3 4 7 5 4 5 8 5 4 7 6 11 8 5 8 
1 3 1 2 3 4 2 5 2 3 2 2 3 4 1 5 4 4 4 4 3 3 2 3 3 3 2 1 3 3 3 4 2 3 1 3 4 2 4 2 3 4 2 4 4 3 2 4 3 3 3 2 3 2 5 2 2 4 2 2 2 2 3 3 4 4 4 3 2 3 4 4 3 3 4 3 3 3 3 2 0 4 1 3 1 4 5 3 3 4 2 4 3 4 3 1 3 5 3 3 2 4 2 3 3 1 5 3 3 2 3 4 3 2 4 3 3 1 3 3 2 1 4 2 3 4 4 3 4 4 2 3 3 2 1 3 3 1 2 4 3 3 2 4 2 3 4 2 3 3 3 2 5 4 2 4 4 5 3 3 4 2 4 3 4 2 5 3 3 3 2 0 3 3 3 2 2 3 3 2 4 2 4 2 3 3 5 2 3 4 4 2 3 2 3 1 3 4 3 4 
6 6 11 10 10 5 10 10 9 8 7 10 8 9 11 2 3 8 5 9 8 6 11 5 9 3 5 13 5 8 8 7 9 7 12 2 5 7 6 11 9 13 4 7 2 8 10 13 8 10 11 5 8 9 12 5 9 6 9 8 12 12 6 6 8 14 6 12 10 12 11 10 7 11 10 6 2 9 9 11 13 6 11 2 12 10 7 11 9 11 9 6 7 7 7 15 9 12 5 10 7 11 10 6 5 5 7 8 12 9 11 11 9 9 3 6 5 10 10 5 4 8 8 1 8 5 6 10 13 9 6 10 7 11 4 11 8 10 9 6 1 12 5 7 6 6 7 10 6 16 6 9 13 10 5 8 8 8 7 7 13 6 7 13 10 6 10 10 5 9 7 10 8 7 6 15 9 9 7 9 14 5 7 3 8 6 12 5 9 14 10 1 5 12 9 10 4 10 8 3 
7 6 9 4 7 7 7 6 1 3 5 8 6 7 6 3 8 4 6 7 7 9 7 4 6 7 5 4 7 4 7 6 7 5 8 6 5 6 9 7 8 9 5 7 5 7 9 9 5 6 5 8 6 3 5 5 6 4 5 2 7 4 9 9 4 6 5 4 6 7 5 7 5 4 8 8 5 4 6 6 4 4 9 4 5 5 6 4 5 7 8 2 3 7 4 6 3 4 6 7 5 8 4 7 7 3 5 5 3 6 4 2 7 7 5 3 7 5 6 2 2 5 5 2 8 9 3 7 9 5 5 0 7 7 6 6 8 8 4 1 7 7 4 3 7 2 6 4 5 10 8 8 9 5 5 8 6 7 8 4 7 7 6 8 6 8 7 7 6 6 7 5 6 11 6 9 9 1 8 5 4 3 8 7 7 5 7 4 4 9 4 7 5 6 5 4 9 7 10 8 
6 6 6 7 7 3 9 6 8 2 6 7 8 7 6 4 7 9 7 6 3 7 5 5 6 8 9 6 1 10 6 5 7 8 4 9 6 6 6 7 6 6 7 4 4 6 6 6 8 8 7 6 5 7 6 3 5 5 7 7 4 6 5 4 8 8 4 3 5 6 8 6 7 7 3 5 4 6 4 10 8 6 4 5 5 8 4 6 6 6 6 6 8 9 8 6 9 9 9 10 6 6 4 4 5 5 6 7 8 9 8 4 5 6 2 3 5 5 7 4 9 1 8 9 3 8 7 5 5 8 6 9 7 7 9 4 10 7 8 6 5 6 7 6 6 8 6 3 5 8 3 6 3 9 4 8 4 2 7 6 8 6 9 6 5 7 5 3 3 6 2 1 7 4 10 4 7 6 8 9 6 6 6 4 3 8 2 4 5 4 7 9 8 8 7 8 2 5 3 8 
10 9 11 13 6 6 8 6 8 7 4 5 4 8 9 9 10 2 6 4 10 9 7 10 6 7 6 10 6 8 10 8 5 8 7 5 5 12 6 9 10 9 7 5 5 9 4 5 5 6 8 7 10 8 10 7 4 10 3 7 12 5 12 5 7 8 5 8 7 7 7 9 4 10 7 5 10 7 10 9 7 8 7 9 7 12 5 9 8 12 7 7 7 4 9 12 8 5 6 8 11 10 7 8 3 5 7 7 5 8 9 6 6 7 8 3 8 7 10 7 8 7 10 7 7 8 11 12 10 6 7 8 7 9 10 9 4 7 4 8 6 8 7 8 14 3 2 8 7 9 10 9 9 10 8 8 9 7 5 6 6 9 11 5 3 5 11 6 9 6 7 9 4 4 5 6 5 7 6 8 8 8 6 7 10 9 5 4 7 11 11 5 8 5 7 14 7 7 10 5 
4 5 5 6 9 5 8 8 4 7 6 6 4 6 9 5 5 3 6 6 4 2 5 7 5 7 6 6 3 2 4 5 5 4 5 2 5 4 5 5 6 3 5 5 5 5 4 2 3 5 7 7 6 5 6 7 7 5 4 2 4 8 7 5 2 6 6 5 5 3 7 5 2 3 2 8 1 4 1 5 6 2 4 2 4 4 5 5 8 6 5 3 5 3 6 6 3 8 6 6 4 7 5 6 8 6 6 6 5 6 5 1 5 3 4 2 5 3 3 7 5 4 4 7 4 3 4 8 4 6 5 5 6 4 3 6 7 3 3 5 6 3 5 5 8 5 6 3 4 5 6 6 4 6 5 7 6 4 3 6 3 6 5 4 6 3 5 5 4 5 3 4 4 2 4 4 4 6 4 7 4 4 5 4 5 4 4 6 6 5 5 3 6 6 5 7 7 5 4 6 
2 1 1 1 1 1 1 1 1 1 1 1 1 2 1 1 2 1 1 1 1 1 1 2 1 1 1 1 1 1 1 1 1 1 1 0 2 1 1 0 1 1 1 1 1 1 1 1 1 1 1 1 1 1 1 2 1 1 0 1 1 1 0 1 1 1 1 1 1 1 1 1 1 1 1 1 1 1 1 1 1 1 1 0 1 1 1 1 1 1 2 1 0 1 1 1 1 1 1 1 0 1 1 1 0 1 1 1 1 1 1 0 1 1 1 1 1 1 1 2 0 1 1 2 1 1 1 1 1 1 1 1 1 1 1 1 1 1 1 1 1 1 1 1 1 1 1 1 1 1 1 1 1 1 1 1 1 1 1 1 1 0 1 1 1 1 1 1 1 1 2 1 1 1 1 0 1 1 1 1 1 0 1 1 0 1 1 1 1 1 1 2 0 1 1 1 1 1 1 1 
