NAME  : Jabali_50_3_0.88_1_3
TYPE : SVRP
MODEL : FINITE_SUPPORT
NUMBER_OF_SCENARIOS : 200
DIMENSION : 50
EDGE_WEIGHT_TYPE : MATRIX
CAPACITY : 94
N_VEHICLES : 3
NODE_COORD_SECTION
1 4038 4280
2 5298 18
3 5335 3664
4 7256 5112
5 6446 7367
6 4691 1290
7 5574 394
8 643 2434
9 2080 4652
10 7438 2016
11 6226 3362
12 4597 5418
13 3735 1808
14 8242 1400
15 1732 1830
16 4960 7472
17 6306 2949
18 27 5697
19 6767 5388
20 235 5668
21 2327 2000
22 4279 335
23 6210 6128
24 7362 2733
25 2713 3467
26 3017 3940
27 4469 6849
28 1285 1345
29 1185 468
30 281 4410
31 6279 7093
32 4372 4410
33 7932 1056
34 4856 3158
35 7726 2183
36 5423 7135
37 7292 2457
38 4066 5643
39 4083 3227
40 1778 4423
41 1874 4023
42 5247 6872
43 1187 5498
44 2610 1459
45 5230 2680
46 4429 2341
47 4203 5670
48 3480 5702
49 7731 996
50 6761 6465
DEMAND_SECTION
1 0.0
2 1.0
3 1.0
4 3.0
5 8.0
6 7.0
7 8.0
8 3.0
9 4.0
10 7.0
11 4.0
12 1.0
13 2.0
14 10.0
15 9.0
16 2.0
17 3.0
18 6.0
19 10.0
20 7.0
21 6.0
22 3.0
23 5.0
24 1.0
25 3.0
26 5.0
27 9.0
28 8.0
29 9.0
30 8.0
31 6.0
32 8.0
33 2.0
34 5.0
35 7.0
36 1.0
37 4.0
38 1.0
39 4.0
40 6.0
41 8.0
42 5.0
43 5.0
44 2.0
45 9.0
46 3.0
47 4.0
48 7.0
49 2.0
50 6.0
DEVIATION_SECTION
1 0.0
2 0.333333
3 0.333333
4 1.0
5 2.66667
6 2.33333
7 2.66667
8 1.0
9 1.33333
10 2.33333
11 1.33333
12 0.333333
13 0.666667
14 3.33333
15 3.0
16 0.666667
17 1.0
18 2.0
19 3.33333
20 2.33333
21 2.0
22 1.0
23 1.66667
24 0.333333
25 1.0
26 1.66667
27 3.0
28 2.66667
29 3.0
30 2.66667
31 2.0
32 2.66667
33 0.666667
34 1.66667
35 2.33333
36 0.333333
37 1.33333
38 0.333333
39 1.33333
40 2.0
41 2.66667
42 1.66667
43 1.66667
44 0.666667
45 3.0
46 1.0
47 1.33333
48 2.33333
49 0.666667
50 2.0
DISTANCE_MATRIX
0.0 60.5555 29.2118 44.0 50.3428 41.1392 57.7998 55.6597 29.1204 59.375 34.5808 21.6313 35.1291 74.9641 48.8262 50.1179 42.6055 58.2782 39.3192 56.5633 41.8688 54.0502 37.0324 51.3426 23.7697 17.4642 39.9631 57.4282 67.3604 53.1507 46.7951 4.0 73.5769 22.0554 62.4796 41.8246 53.3164 26.4228 14.8489 32.5576 32.0156 39.0441 43.2203 46.4281 29.6983 27.0018 27.3233 22.4322 72.319 45.0889 
60.5555 0.0 53.3597 72.4912 99.269 19.4165 5.65685 69.2026 76.467 43.382 44.9283 78.0186 33.541 42.4264 52.2015 99.7945 40.0973 102.302 74.4739 101.437 46.6905 13.8924 83.0032 43.6005 60.0019 60.9845 94.7895 55.4707 55.0818 88.4081 95.9174 62.7482 37.1214 45.5391 38.9102 94.7065 41.0488 83.1541 45.7999 75.0361 70.1702 91.926 91.7546 39.8246 40.7941 33.5707 82.3493 76.4186 35.1283 88.7998 
29.2118 53.3597 0.0 32.9121 51.2915 33.9434 50.2982 66.2722 46.5281 40.3113 14.8661 28.669 31.6228 52.2015 55.7531 50.4449 18.6011 87.3426 30.881 85.5744 48.3318 47.2292 35.4581 32.5576 35.0571 31.0456 45.44 64.2281 72.3133 69.1172 47.777 25.6377 51.9711 8.60233 39.2046 45.3569 33.9706 33.8045 17.2627 48.882 46.8494 42.5765 72.1646 48.1476 13.6015 21.2132 32.9997 51.6376 51.0 42.5079 
44.0 72.4912 32.9121 0.0 32.9848 63.6994 66.8808 98.4784 72.4555 40.1123 29.0 37.3363 63.9531 53.0 88.6652 43.2782 32.8024 99.0404 7.07107 97.1236 81.2439 76.9851 19.4165 33.7343 66.6108 61.131 39.8859 97.0823 104.702 96.6357 30.6757 40.0 56.2228 41.2311 42.5793 36.4005 36.8782 41.4849 50.1473 76.2387 76.0066 35.3836 83.9345 80.5368 42.4382 52.8394 40.5216 50.0 56.4358 20.3961 
50.3428 99.269 51.2915 32.9848 0.0 83.8235 93.6586 102.148 68.352 72.1734 54.3415 39.7277 83.4714 85.3756 98.552 20.025 59.2284 87.0919 27.1662 85.0941 91.3003 97.1092 16.2788 65.0077 72.7499 65.6883 26.9258 107.127 116.842 90.471 3.60555 46.553 88.0511 59.6638 74.0068 14.3178 68.0 39.492 62.8126 72.8011 74.8534 17.088 73.6817 95.7358 62.6124 71.8142 38.546 44.4589 88.0057 12.6491 
41.1392 19.4165 33.9434 63.6994 83.8235 0.0 17.0 55.9464 57.8363 43.0 35.5128 61.201 15.5563 47.8017 39.8497 82.9769 33.5595 85.9017 63.099 85.0364 32.6956 14.4222 67.9901 39.6232 43.6015 41.5682 74.5331 45.5412 49.163 72.0119 80.309 43.332 44.0114 26.1228 39.0512 77.8889 38.2099 66.3365 26.3836 58.6356 53.7697 75.1085 74.3602 27.6586 21.3778 14.1544 65.5317 57.0023 42.1545 74.9131 
57.7998 5.65685 50.2982 66.8808 93.6586 17.0 0.0 70.1783 74.669 38.0789 39.3178 72.4081 32.2025 38.0526 53.3385 94.184 34.4868 101.869 68.8634 101.004 47.2017 16.2788 77.3927 38.0132 59.5689 58.4009 89.1791 57.3847 58.0517 87.9793 90.307 59.9925 33.0151 42.9555 33.6155 89.096 35.5106 77.5436 43.2163 74.603 69.7371 86.3156 91.1929 40.8167 38.2105 30.9871 76.7388 73.835 31.0161 83.1893 
55.6597 69.2026 66.2722 98.4784 102.148 55.9464 70.1783 0.0 35.3553 96.7733 77.1038 77.285 41.7612 103.465 17.0294 85.2115 77.5504 45.0444 94.5939 45.1774 23.2594 55.4437 92.497 91.4122 32.0156 38.2753 75.2228 17.088 27.074 28.0179 99.3643 59.4811 99.925 59.0085 93.622 88.1272 91.0055 63.5059 49.0918 31.1448 27.6586 85.0641 42.1545 29.4109 62.4249 51.7901 64.4069 57.9828 98.0867 100.352 
29.1204 76.467 46.5281 72.4555 68.352 57.8363 74.669 35.3553 0.0 84.0536 59.874 35.1283 44.8314 94.3663 37.9473 50.6063 62.1676 30.4795 67.0671 29.0 35.2278 64.0666 61.5224 76.9188 18.0278 16.2788 41.4367 45.1885 56.8595 24.1868 65.461 32.9848 92.8507 41.6173 82.0061 54.231 77.666 32.1403 32.5576 4.47214 8.06226 51.264 16.6433 42.0119 48.9183 43.6989 33.1361 24.7386 91.5928 69.0507 
59.375 43.382 40.3113 40.1123 72.1734 43.0 38.0789 96.7733 84.0536 0.0 25.4951 58.6947 55.1409 13.3417 81.9395 77.1713 22.0227 114.461 45.0444 112.902 74.2159 52.3927 56.5685 8.06226 70.214 68.2642 72.1663 88.278 92.0869 106.066 69.3542 55.8009 16.1245 42.4382 4.47214 71.5681 6.40312 63.8302 51.9711 86.2844 83.7257 69.2604 99.9212 70.2567 35.7771 45.2217 63.0254 72.2149 16.4924 60.0083 
34.5808 44.9283 14.8661 29.0 54.3415 35.5128 39.3178 77.1038 59.874 25.4951 0.0 34.038 37.855 37.7359 64.3817 55.1406 5.0 90.2795 30.0167 88.7211 56.3205 48.7986 38.0789 17.6918 47.5395 44.3847 50.1356 72.0069 78.4474 82.4621 50.9902 31.0067 38.0789 18.6815 24.6982 50.04 19.2094 39.1735 28.8617 62.2279 60.1664 47.2721 75.74 54.5711 15.2971 26.4764 38.3687 47.5582 37.3363 44.0114 
21.6313 78.0186 28.669 37.3363 39.7277 61.201 72.4081 77.285 35.1283 58.6947 34.038 0.0 55.466 71.4838 69.8405 36.2974 38.8531 62.3939 32.0 60.5392 62.5888 74.4868 28.2312 50.6371 45.3464 39.0867 28.9284 78.4153 88.1302 59.3043 36.1799 17.8414 72.0841 37.0414 58.5006 31.2094 52.7219 6.7082 34.2747 39.0128 39.233 28.4289 47.1699 67.1979 39.99 46.4276 6.32456 14.2127 71.3689 36.2491 
35.1291 33.541 31.6228 63.9531 83.4714 15.5563 32.2025 41.7612 44.8314 55.1409 37.855 55.466 0.0 61.9908 27.0185 79.5889 37.1214 70.6665 62.1884 69.8012 19.105 23.1948 70.8456 50.1597 28.3663 34.8894 69.4341 34.2345 40.8534 56.7767 79.9315 38.2329 58.6193 23.0217 51.9896 75.6593 49.4975 55.8938 21.2846 43.4005 38.5346 72.8788 60.119 16.7631 22.561 11.4018 56.7943 51.9032 56.8393 73.8154 
74.9641 42.4264 52.2015 53.0 85.3756 47.8017 38.0526 103.465 94.3663 13.3417 37.7359 71.4838 61.9908 0.0 87.6413 90.4638 33.6006 124.844 58.2151 123.329 80.3243 54.0093 69.8713 21.1896 79.4796 78.2432 85.4588 93.1719 95.4254 115.534 82.6075 68.4774 5.83095 53.0377 13.0384 84.8999 18.7883 76.6193 61.8466 96.2136 93.2764 82.5651 110.39 75.4321 45.4533 53.9043 75.8145 85.004 7.61577 73.1095 
48.8262 52.2015 55.7531 88.6652 98.552 39.8497 53.3385 17.0294 37.9473 81.9395 64.3817 69.8405 27.0185 87.6413 0.0 82.9814 64.0312 57.0701 85.9279 56.7186 8.06226 38.4187 85.235 77.1622 26.1725 33.2415 72.8266 8.60233 19.4165 40.8044 95.0043 52.1536 83.8153 47.7892 78.2642 85.731 76.4199 59.5159 38.6409 34.9285 30.0832 82.6679 50.0899 12.53 49.163 38.0526 60.4164 55.3173 81.9329 93.2952 
50.1179 99.7945 50.4449 43.2782 20.025 82.9769 94.184 85.2115 50.6063 77.1713 55.1406 36.2974 79.5889 90.4638 82.9814 0.0 60.1345 67.1863 36.2353 65.192 77.3373 96.2627 24.0416 69.2895 56.8856 49.8902 12.083 91.3513 102.326 71.4703 18.4391 43.1227 92.0413 58.8173 77.9649 7.2111 71.9059 32.5685 58.3212 55.0727 57.6888 8.06226 54.1295 82.2455 61.7659 71.0105 33.3027 27.6887 91.6132 27.2947 
42.6055 40.0973 18.6011 32.8024 59.2284 33.5595 34.4868 77.5504 62.1676 22.0227 5.0 38.8531 37.1214 33.6006 64.0312 60.1345 0.0 92.5731 34.4384 91.0147 56.0089 44.8422 42.9535 14.7648 49.0408 46.5296 55.1295 71.3442 77.1298 84.5281 55.9017 35.8218 33.541 20.5913 20.6155 55.0364 15.6205 43.9886 30.4631 64.4981 62.1691 52.266 78.0336 53.6004 15.1327 26.0 43.1838 52.3733 32.6956 48.7032 
58.2782 102.302 87.3426 99.0404 87.0919 85.9017 101.869 45.0444 30.4795 114.461 90.2795 62.3939 70.6665 124.844 57.0701 67.1863 92.5731 0.0 92.8924 2.0 58.1893 89.8944 84.8528 107.324 47.0106 46.6905 62.2896 61.131 72.0 17.0294 85.0059 62.0681 123.33 72.0069 112.446 73.0068 108.076 57.5674 63.0317 29.0689 33.0151 71.0282 15.2315 65.7875 79.3977 74.0071 58.5235 49.0408 122.072 91.351 
39.3192 74.4739 30.881 7.07107 27.1662 63.099 68.8634 94.5939 67.0671 45.0444 30.0167 32.0 62.1884 58.2151 85.9279 36.2353 34.4384 92.8924 0.0 90.956 78.5858 76.3848 12.53 38.0526 62.5859 56.7186 32.8917 94.466 102.867 91.1976 24.5153 35.3553 61.0 39.2533 47.0425 29.4109 41.1096 35.5106 50.2217 71.007 71.1126 28.3196 77.8781 78.7013 41.7253 51.4004 34.5254 43.9318 61.0328 15.0333 
56.5633 101.437 85.5744 97.1236 85.0941 85.0364 101.004 45.1774 29.0 112.902 88.7211 60.5392 69.8012 123.329 56.7186 65.192 91.0147 2.0 90.956 0.0 57.5674 89.0364 82.8734 105.766 45.8039 45.2548 60.2993 61.0328 72.0278 17.2627 83.006 60.3532 121.834 70.4646 110.887 71.007 106.518 55.6597 61.5549 27.8029 31.9061 69.029 13.4164 65.146 77.8974 72.6222 56.6127 47.1275 120.576 89.3588 
41.8688 46.6905 48.3318 81.2439 91.3003 32.6956 47.2017 23.2594 35.2278 74.2159 56.3205 62.5888 19.105 80.3243 8.06226 77.3373 56.0089 58.1893 78.5858 57.5674 0.0 33.3017 77.9886 69.2604 20.5913 27.4591 67.1825 16.1555 25.4951 42.9418 87.7526 45.0124 76.6942 40.3679 70.6911 82.782 68.593 53.6656 31.2196 33.0 28.0 80.0016 49.2544 7.61577 41.1096 30.0167 54.5661 49.6488 74.8465 86.0407 
54.0502 13.8924 47.2292 76.9851 97.1092 14.4222 16.2788 55.4437 64.0666 52.3927 48.7986 74.4868 23.1948 54.0093 38.4187 96.2627 44.8422 89.8944 76.3848 89.0364 33.3017 0.0 81.2759 50.6952 47.6015 54.1246 87.444 41.5933 41.7732 75.7166 93.5948 56.2429 49.163 39.4086 48.0521 91.1747 48.7032 79.6223 39.2946 62.6356 57.7697 88.3942 79.3542 26.1725 34.6636 27.2029 78.8175 69.9132 47.1699 88.1988 
37.0324 83.0032 35.4581 19.4165 16.2788 67.9901 77.3927 92.497 61.5224 56.5685 38.0789 28.2312 70.8456 69.8713 85.235 24.0416 42.9535 84.8528 12.53 82.8734 77.9886 81.2759 0.0 49.163 60.7475 54.4878 22.8035 93.8136 103.51 85.1469 13.0384 33.2425 72.2496 43.8305 58.1378 17.0294 52.0865 29.4279 49.6542 65.7647 66.7083 16.4012 70.2568 82.5774 46.7791 55.9809 28.4429 37.054 72.111 8.06226 
51.3426 43.6005 32.5576 33.7343 65.0077 39.6232 38.0132 91.4122 76.9188 8.06226 17.6918 50.6371 50.1597 21.1896 77.1622 69.2895 14.7648 107.324 38.0526 105.766 69.2604 50.6952 49.163 0.0 63.6946 61.2944 64.2846 84.0 88.6848 99.2824 62.0725 47.7684 23.0868 35.3553 9.0 63.7887 3.16228 55.7726 45.1885 79.2591 76.922 61.4003 92.7848 66.0076 29.4109 39.6232 54.9678 64.1573 23.0 53.0848 
23.7697 60.0019 35.0571 66.6108 72.7499 43.6015 59.5689 32.0156 18.0278 70.214 47.5395 45.3464 28.3663 79.4796 26.1725 56.8856 49.0408 47.0106 62.5859 45.8039 20.5913 47.6015 60.7475 63.6946 0.0 7.07107 46.7308 34.6554 45.4533 36.0555 69.2022 27.5136 77.932 28.8617 67.6018 59.6353 63.9766 33.3443 18.6815 18.0278 14.1421 56.5722 34.4384 25.9708 34.4384 27.8537 34.2448 29.2062 76.6742 68.804 
17.4642 60.9845 31.0456 61.131 65.6883 41.5682 58.4009 38.2753 16.2788 68.2642 44.3847 39.0867 34.8894 78.2432 33.2415 49.8902 46.5296 46.6905 56.7186 45.2548 27.4591 54.1246 54.4878 61.2944 7.07107 0.0 39.7354 41.7253 52.4976 38.0789 62.1405 21.3776 76.6994 25.9422 66.0303 52.6398 61.9112 26.2826 16.4012 18.0278 15.8114 49.5767 32.8024 32.4939 32.8024 27.4307 27.1831 22.2036 75.4416 63.1278 
39.9631 94.7895 45.44 39.8859 26.9258 74.5331 89.1791 75.2228 41.4367 72.1663 50.1356 28.9284 69.4341 85.4588 72.8266 12.083 55.1295 62.2896 32.8917 60.2993 67.1825 87.444 22.8035 64.2846 46.7308 39.7354 0.0 81.1965 92.1716 63.9531 24.0416 43.7529 87.0364 53.8123 72.96 13.0384 66.9009 22.4137 48.1664 45.8803 47.9284 9.84886 48.0 72.0907 56.7609 60.3957 23.1479 17.5339 86.6082 29.0689 
57.4282 55.4707 64.2281 97.0823 107.127 45.5412 57.3847 17.088 45.1885 88.278 72.0069 78.4153 34.2345 93.1719 8.60233 91.3513 71.3442 61.131 94.466 61.0328 16.1555 41.5933 93.8136 84.0 34.6554 41.7253 81.1965 0.0 11.7047 44.2832 103.579 60.7454 89.0225 56.3249 84.4808 94.1009 83.0582 67.9784 47.1159 41.7852 37.1618 91.0378 55.9017 18.0278 56.7186 45.5412 68.8788 63.7024 87.0919 101.872 
67.3604 55.0818 72.3133 104.702 116.842 49.163 58.0517 27.074 56.8595 92.0869 78.4474 88.1302 40.8534 95.4254 19.4165 102.326 77.1298 72.0 102.867 72.0278 25.4951 41.7732 103.51 88.6848 45.4533 52.4976 92.1716 11.7047 0.0 55.0091 113.294 70.5038 90.7965 63.7122 88.0227 105.076 87.367 78.7793 56.7111 53.4883 48.8467 105.543 67.4685 24.1661 63.2456 52.2015 79.6798 74.6525 88.8144 111.553 
53.1507 88.4081 69.1172 96.6357 90.471 72.0119 87.9793 28.0179 24.1868 106.066 82.4621 59.3043 56.7767 115.534 40.8044 71.4703 84.5281 17.0294 91.1976 17.2627 42.9418 75.7166 85.1469 99.2824 36.0555 38.0789 63.9531 44.2832 55.0091 0.0 87.8635 57.0701 113.987 63.9766 103.586 76.1577 99.7647 56.0 54.1202 20.6155 22.3607 73.5459 18.6011 50.5371 70.3278 63.9083 57.0 48.0937 112.729 92.4657 
46.7951 95.9174 47.777 30.6757 3.60555 80.309 90.307 99.3643 65.461 69.3542 50.9902 36.1799 79.9315 82.6075 95.0043 18.4391 55.9017 85.0059 24.5153 83.006 87.7526 93.5948 13.0384 62.0725 69.2022 62.1405 24.0416 103.579 113.294 87.8635 0.0 42.786 85.1469 56.1494 71.0634 12.0 65.0308 35.9442 59.2192 69.9004 71.9473 14.3178 71.3442 92.1424 59.098 68.2998 34.9983 41.5529 85.0529 10.8167 
4.0 62.7482 25.6377 40.0 46.553 43.332 59.9925 59.4811 32.9848 55.8009 31.0067 17.8414 38.2329 68.4774 52.1536 43.1227 35.8218 62.0681 35.3553 60.3532 45.0124 56.2429 33.2425 47.7684 27.5136 21.3776 43.7529 60.7454 70.5038 57.0701 42.786 0.0 69.0527 24.2482 55.479 38.0347 49.7423 22.9769 17.0416 36.4966 36.0139 35.2542 47.0102 49.5715 31.891 29.1945 22.1721 26.2221 68.3376 41.299 
73.5769 37.1214 51.9711 56.2228 88.0511 44.0114 33.0151 99.925 92.8507 16.1245 38.0789 72.0841 58.6193 5.83095 83.8153 92.0413 33.541 123.33 61.0 121.834 76.6942 49.163 72.2496 23.0868 77.932 76.6994 87.0364 89.0225 90.7965 113.987 85.1469 69.0527 0.0 51.8556 14.1421 86.6833 20.2237 77.2195 60.3083 94.6661 91.8804 84.1724 108.979 71.4703 43.9375 52.3568 76.4147 89.7077 2.0 76.0066 
22.0554 45.5391 8.60233 41.2311 59.6638 26.1228 42.9555 59.0085 41.6173 42.4382 18.6815 37.0414 23.0217 53.0377 47.7892 58.8173 20.5913 72.0069 39.2533 70.4646 40.3679 39.4086 43.8305 35.3553 28.8617 25.9422 53.8123 56.3249 63.7122 63.9766 56.1494 24.2482 51.8556 0.0 40.4599 53.7293 36.0555 42.1769 10.198 43.909 41.6293 50.9488 57.4835 39.5466 8.544 12.8062 41.3721 38.1863 50.6082 50.8803 
62.4796 38.9102 39.2046 42.5793 74.0068 39.0512 33.6155 93.622 82.0061 4.47214 24.6982 58.5006 51.9896 13.0384 78.2642 77.9649 20.6155 112.446 47.0425 110.887 70.6911 48.0521 58.1378 9.0 67.6018 66.0303 72.96 84.4808 88.0227 103.586 71.0634 55.479 14.1421 40.4599 0.0 72.5672 6.08276 63.6361 49.6488 84.0536 81.3019 70.0928 97.9077 66.4831 33.2866 42.1624 62.8313 72.0208 14.0 62.0725 
41.8246 94.7065 45.3569 36.4005 14.3178 77.8889 89.096 88.1272 54.231 71.5681 50.04 31.2094 75.6593 84.8999 85.731 7.2111 55.0364 73.0068 29.4109 71.007 82.782 91.1747 17.0294 63.7887 59.6353 52.6398 13.0384 94.1009 105.076 76.1577 12.0 38.0347 86.6833 53.7293 72.5672 0.0 66.4906 35.3181 54.4679 58.6941 60.8328 3.60555 59.4138 87.3911 56.6779 65.9225 30.0278 30.4384 86.3134 20.1246 
53.3164 41.0488 33.9706 36.8782 68.0 38.2099 35.5106 91.0055 77.666 6.40312 19.2094 52.7219 49.4975 18.7883 76.4199 71.9059 15.6205 108.076 41.1096 106.518 68.593 48.7032 52.0865 3.16228 63.9766 61.9112 66.9009 83.0582 87.367 99.7647 65.0308 49.7423 20.2237 36.0555 6.08276 66.4906 0.0 57.8574 45.6508 79.925 77.4145 64.0312 93.5366 65.032 29.5466 39.2938 57.0526 66.2421 20.025 56.1427 
26.4228 83.1541 33.8045 41.4849 39.492 66.3365 77.5436 63.5059 32.1403 63.8302 39.1735 6.7082 55.8938 76.6193 59.5159 32.5685 43.9886 57.5674 35.5106 55.6597 53.6656 79.6223 29.4279 55.7726 33.3443 26.2826 22.4137 67.9784 78.7793 56.0 35.9442 22.9769 77.2195 42.1769 63.6361 35.3181 57.8574 0.0 34.6261 36.3456 37.3631 28.1932 42.45 58.5505 45.1255 51.5631 1.0 8.544 76.5044 37.108 
14.8489 45.7999 17.2627 50.1473 62.8126 26.3836 43.2163 49.0918 32.5576 51.9711 28.8617 34.2747 21.2846 61.8466 38.6409 58.3212 30.4631 63.0317 50.2217 61.5549 31.2196 39.2946 49.6542 45.1885 18.6815 16.4012 48.1664 47.1159 56.7111 54.1202 59.2192 17.0416 60.3083 10.198 49.6488 54.4679 45.6508 34.6261 0.0 34.4093 31.7648 51.6875 48.8365 35.7787 16.4012 12.2462 38.6054 30.6356 59.0504 57.6972 
32.5576 75.0361 48.882 76.2387 72.8011 58.6356 74.603 31.1448 4.47214 86.2844 62.2279 39.0128 43.4005 96.2136 34.9285 55.0727 64.4981 29.0689 71.007 27.8029 33.0 62.6356 65.7647 79.2591 18.0278 18.0278 45.8803 41.7852 53.4883 20.6155 69.9004 36.4966 94.6661 43.909 84.0536 58.6941 79.925 36.3456 34.4093 0.0 5.0 55.7136 16.7631 40.1123 50.8035 45.0366 37.3363 29.1204 93.4082 73.3485 
32.0156 70.1702 46.8494 76.0066 74.8534 53.7697 69.7371 27.6586 8.06226 83.7257 60.1664 39.233 38.5346 93.2764 30.0832 57.6888 62.1691 33.0151 71.1126 31.9061 28.0 57.7697 66.7083 76.922 14.1421 15.8114 47.9284 37.1618 48.8467 22.3607 71.9473 36.0139 91.8804 41.6293 81.3019 60.8328 77.4145 37.3631 31.7648 5.0 0.0 57.7697 21.587 35.1283 48.0208 41.8021 38.3275 30.8707 90.6226 74.4648 
39.0441 91.926 42.5765 35.3836 17.088 75.1085 86.3156 85.0641 51.264 69.2604 47.2721 28.4289 72.8788 82.5651 82.6679 8.06226 52.266 71.0282 28.3196 69.029 80.0016 88.3942 16.4012 61.4003 56.5722 49.5767 9.84886 91.0378 105.543 73.5459 14.3178 35.2542 84.1724 50.9488 70.0928 3.60555 64.0312 28.1932 51.6875 55.7136 57.7697 0.0 57.1402 84.6107 53.8974 63.142 27.2473 27.3753 83.7447 20.8806 
43.2203 91.7546 72.1646 83.9345 73.6817 74.3602 91.1929 42.1545 16.6433 99.9212 75.74 47.1699 60.119 110.39 50.0899 54.1295 78.0336 15.2315 77.8781 13.4164 49.2544 79.3542 70.2568 92.7848 34.4384 32.8024 48.0 55.9017 67.4685 18.6011 71.3442 47.0102 108.979 57.4835 97.9077 59.4138 93.5366 42.45 48.8365 16.7631 21.587 57.1402 0.0 56.5685 65.0538 60.2228 43.4166 33.9559 107.721 77.026 
46.4281 39.8246 48.1476 80.5368 95.7358 27.6586 40.8167 29.4109 42.0119 70.2567 54.5711 67.1979 16.7631 75.4321 12.53 82.2455 53.6004 65.7875 78.7013 65.146 7.61577 26.1725 82.5774 66.0076 25.9708 32.4939 72.0907 18.0278 24.1661 50.5371 92.1424 49.5715 71.4703 39.5466 66.4831 87.3911 65.032 58.5505 35.7787 40.1123 35.1283 84.6107 56.5685 0.0 39.2938 28.1603 59.4509 54.5599 69.5701 90.6204 
29.6983 40.7941 13.6015 42.4382 62.6124 21.3778 38.2105 62.4249 48.9183 35.7771 15.2971 39.99 22.561 45.4533 49.163 61.7659 15.1327 79.3977 41.7253 77.8974 41.1096 34.6636 46.7791 29.4109 34.4384 32.8024 56.7609 56.7186 63.2456 70.3278 59.098 31.891 43.9375 8.544 33.2866 56.6779 29.5466 45.1255 16.4012 50.8035 48.0208 53.8974 65.0538 39.2938 0.0 11.1803 44.3207 45.8292 42.6796 53.8238 
27.0018 33.5707 21.2132 52.8394 71.8142 14.1544 30.9871 51.7901 43.6989 45.2217 26.4764 46.4276 11.4018 53.9043 38.0526 71.0105 26.0 74.0071 51.4004 72.6222 30.0167 27.2029 55.9809 39.6232 27.8537 27.4307 60.3957 45.5412 52.2015 63.9083 68.2998 29.1945 52.3568 12.8062 42.1624 65.9225 39.2938 51.5631 12.2462 45.0366 41.8021 63.142 60.2228 28.1603 11.1803 0.0 50.7583 42.8648 54.2328 63.0307 
27.3233 82.3493 32.9997 40.5216 38.546 65.5317 76.7388 64.4069 33.1361 63.0254 38.3687 6.32456 56.7943 75.8145 60.4164 33.3027 43.1838 58.5235 34.5254 56.6127 54.5661 78.8175 28.4429 54.9678 34.2448 27.1831 23.1479 68.8788 79.6798 57.0 34.9983 22.1721 76.4147 41.3721 62.8313 30.0278 57.0526 1.0 38.6054 37.3363 38.3275 27.2473 43.4166 59.4509 44.3207 50.7583 0.0 9.48683 75.6996 36.1386 
22.4322 76.4186 51.6376 50.0 44.4589 57.0023 73.835 57.9828 24.7386 72.2149 47.5582 14.2127 51.9032 85.004 55.3173 27.6887 52.3733 49.0408 43.9318 47.1275 49.6488 69.9132 37.054 64.1573 29.2062 22.2036 17.5339 63.7024 74.6525 48.0937 41.5529 26.2221 89.7077 38.1863 72.0208 30.4384 66.2421 8.544 30.6356 29.1204 30.8707 27.3753 33.9559 54.5599 45.8292 42.8648 9.48683 0.0 88.4499 44.4208 
72.319 35.1283 51.0 56.4358 88.0057 42.1545 31.0161 98.0867 91.5928 16.4924 37.3363 71.3689 56.8393 7.61577 81.9329 91.6132 32.6956 122.072 61.0328 120.576 74.8465 47.1699 72.111 23.0 76.6742 75.4416 86.6082 87.0919 88.8144 112.729 85.0529 68.3376 2.0 50.6082 14.0 86.3134 20.025 76.5044 59.0504 93.4082 90.6226 83.7447 107.721 69.5701 42.6796 54.2328 75.6996 88.4499 0.0 76.0592 
45.0889 88.7998 42.5079 20.3961 12.6491 74.9131 83.1893 100.352 69.0507 60.0083 44.0114 36.2491 73.8154 73.1095 93.2952 27.2947 48.7032 91.351 15.0333 89.3588 86.0407 88.1988 8.06226 53.0848 68.804 63.1278 29.0689 101.872 111.553 92.4657 10.8167 41.299 76.0066 50.8803 62.0725 20.1246 56.1427 37.108 57.6972 73.3485 74.4648 20.8806 77.026 90.6204 53.8238 63.0307 36.1386 44.4208 76.0592 0.0 
DEMAND_SCENARIO_SECTION
0 0 0 0 0 0 0 0 0 0 0 0 0 0 0 0 0 0 0 0 0 0 0 0 0 0 0 0 0 0 0 0 0 0 0 0 0 0 0 0 0 0 0 0 0 0 0 0 0 0 0 0 0 0 0 0 0 0 0 0 0 0 0 0 0 0 0 0 0 0 0 0 0 0 0 0 0 0 0 0 0 0 0 0 0 0 0 0 0 0 0 0 0 0 0 0 0 0 0 0 0 0 0 0 0 0 0 0 0 0 0 0 0 0 0 0 0 0 0 0 0 0 0 0 0 0 0 0 0 0 0 0 0 0 0 0 0 0 0 0 0 0 0 0 0 0 0 0 0 0 0 0 0 0 0 0 0 0 0 0 0 0 0 0 0 0 0 0 0 0 0 0 0 0 0 0 0 0 0 0 0 0 0 0 0 0 0 0 0 0 0 0 0 0 0 0 0 0 0 0 
1 1 2 1 1 1 1 1 1 1 1 1 1 1 1 1 1 2 1 1 1 1 1 1 1 1 1 1 1 1 1 1 1 1 1 1 2 1 1 1 1 1 1 1 1 1 1 1 1 1 1 2 1 1 1 1 1 1 1 1 1 1 1 1 1 0 1 1 1 1 1 1 1 0 1 1 1 2 1 1 1 1 1 1 1 2 1 1 1 1 0 1 1 1 1 2 1 1 1 1 1 1 1 1 1 1 1 1 1 1 0 2 1 0 1 1 1 1 1 1 1 1 1 1 1 1 1 1 1 1 1 1 1 1 1 1 1 1 1 1 1 1 1 1 1 1 1 1 1 2 1 1 1 1 1 1 1 0 1 1 1 0 1 1 1 1 1 1 1 1 2 0 1 1 1 1 1 1 1 1 1 2 1 1 1 1 1 1 1 1 1 1 1 1 0 1 2 1 1 1 
1 1 0 1 1 0 1 1 1 2 1 1 1 1 2 1 1 1 1 1 1 1 1 1 2 1 1 1 1 1 1 1 1 1 1 1 1 1 1 1 1 1 1 1 1 1 1 1 1 1 1 1 1 1 2 1 1 1 1 1 2 1 1 1 1 1 1 0 1 1 1 1 0 1 1 1 1 1 1 1 1 1 1 0 1 2 1 1 1 1 1 1 1 1 1 1 1 1 1 1 2 1 1 1 1 1 1 1 1 1 1 1 1 1 1 1 1 1 1 1 1 1 1 1 2 1 1 1 1 1 1 1 1 1 1 1 1 1 1 1 1 1 1 1 1 1 1 1 1 1 1 1 1 1 1 1 1 1 1 1 1 1 1 1 1 2 1 1 1 1 1 1 0 1 1 0 2 1 1 1 1 1 1 1 1 1 1 1 1 1 1 1 1 1 1 1 1 1 1 1 
2 3 1 2 2 2 4 3 3 1 3 4 3 3 3 2 3 5 3 3 3 2 2 3 2 4 4 4 4 3 2 3 2 2 3 4 3 2 3 1 4 2 3 5 3 4 1 3 3 1 2 4 3 4 1 3 5 2 2 4 2 3 3 3 5 1 3 3 3 3 4 1 3 2 3 2 2 4 3 5 3 3 4 4 4 3 3 2 3 3 4 3 1 3 2 4 2 3 3 4 1 5 3 3 3 5 5 3 3 4 3 2 2 4 3 4 3 3 3 3 3 4 3 3 5 2 2 5 3 5 3 4 2 5 3 5 3 4 3 3 5 3 2 1 2 2 3 4 5 3 4 3 3 2 4 2 3 3 2 3 3 2 3 4 3 1 4 2 3 4 5 1 4 3 2 4 4 4 2 3 3 4 2 3 2 4 2 3 4 5 3 2 4 2 2 4 3 4 3 5 
9 9 7 6 7 9 10 9 8 9 4 8 9 10 6 6 6 7 11 7 11 10 9 8 5 8 5 12 7 11 10 7 11 13 6 5 11 3 6 7 6 7 4 8 13 7 9 11 6 8 8 10 3 5 6 10 15 4 6 15 7 10 6 10 6 10 10 10 8 10 6 7 10 6 11 10 8 6 7 11 7 10 14 10 11 8 7 7 4 7 9 10 5 11 7 10 5 4 9 6 10 12 7 10 5 4 8 8 9 6 11 9 10 10 8 5 6 4 12 4 11 7 5 6 5 7 14 9 11 5 8 4 5 12 3 8 9 10 8 11 12 10 11 5 10 8 10 7 6 13 7 7 10 10 6 7 7 5 7 7 12 9 4 10 7 7 7 10 11 10 7 2 10 11 8 7 10 7 7 8 1 5 13 5 10 5 12 6 10 6 6 10 11 10 9 8 6 7 11 8 
5 15 2 2 8 7 9 5 1 6 9 7 5 6 6 6 7 4 10 9 4 7 6 4 5 9 6 4 6 6 5 8 8 5 8 6 5 10 6 7 4 9 8 5 7 7 1 7 1 6 4 7 6 9 10 7 8 8 6 9 7 9 8 5 5 8 9 5 9 9 4 6 11 6 9 5 6 6 4 7 7 9 6 13 10 4 6 8 8 8 7 10 8 10 7 10 8 5 8 10 5 3 9 8 7 8 9 5 6 7 10 9 6 5 10 7 8 7 9 9 11 9 6 5 4 4 5 6 6 8 7 6 12 9 4 3 6 8 4 4 6 9 5 7 5 7 6 9 4 3 9 10 5 6 2 10 11 4 8 7 4 9 9 8 6 2 2 6 10 6 8 8 6 5 10 11 4 7 9 9 7 4 6 4 10 4 6 7 6 6 6 2 10 10 5 4 5 10 4 10 
7 6 11 4 7 8 12 8 5 13 13 11 10 10 6 9 4 10 9 6 5 6 8 7 10 8 11 13 11 11 6 9 8 10 9 11 10 9 11 7 8 12 11 7 6 7 3 7 8 11 10 11 9 12 10 2 9 9 14 9 7 8 5 10 11 9 9 4 10 9 15 12 10 9 3 9 10 8 11 9 10 11 6 6 8 10 8 10 9 4 9 8 10 7 3 10 10 11 7 7 10 4 15 7 8 7 12 7 12 13 9 8 9 7 12 11 7 2 8 8 7 12 8 8 8 5 12 6 7 10 11 6 6 4 12 5 10 9 8 7 12 10 9 11 6 8 8 6 8 8 9 9 11 10 6 9 10 10 9 5 11 16 7 2 13 4 9 11 7 11 6 11 7 5 7 2 5 10 5 9 4 5 9 5 12 6 11 8 9 6 13 11 10 10 9 4 8 6 6 8 
2 4 4 2 1 2 5 4 3 4 2 3 4 3 4 3 4 3 2 2 3 4 3 2 3 4 5 3 3 2 2 5 1 1 2 4 4 4 4 3 2 3 4 3 4 5 4 3 2 5 3 4 5 2 4 2 2 2 3 3 4 3 3 4 2 3 5 3 1 3 4 4 4 2 3 4 2 5 4 3 4 4 3 2 2 3 3 4 3 3 2 3 4 5 4 4 3 3 3 4 3 4 3 2 2 2 4 3 2 3 3 5 2 2 4 4 2 3 2 2 4 4 3 2 4 3 3 3 2 2 3 5 4 3 5 4 4 3 1 2 4 3 3 3 5 3 3 3 3 3 3 3 2 4 3 3 3 2 3 5 4 3 5 4 2 2 2 5 3 4 2 2 2 4 3 3 4 3 3 4 3 1 3 2 3 3 3 4 4 4 2 4 5 3 3 0 1 4 4 4 
6 1 3 4 4 6 6 2 2 3 4 5 6 3 6 5 4 5 4 8 6 1 6 5 3 4 4 4 6 4 4 3 4 5 3 5 5 1 3 5 2 5 2 5 5 7 5 5 4 5 6 5 7 4 6 3 4 1 5 4 4 4 4 3 4 2 4 4 4 4 5 6 4 3 4 7 3 5 4 6 3 4 4 5 4 3 3 1 4 5 6 5 4 5 2 3 4 4 5 6 4 5 3 4 4 5 5 5 4 3 5 6 3 2 4 5 4 0 2 6 1 3 5 3 3 3 4 5 5 2 3 5 3 5 2 3 4 4 6 5 4 4 6 6 4 4 6 2 1 5 4 5 5 5 5 4 3 4 3 3 3 3 3 3 5 3 2 2 3 7 3 1 5 6 3 5 4 4 5 4 5 2 6 3 4 5 3 4 4 5 3 5 5 2 4 6 4 4 3 4 
6 6 10 5 5 2 7 5 6 7 7 7 8 6 7 3 4 6 9 8 12 10 8 6 7 8 7 10 7 4 8 7 7 8 6 8 10 5 10 7 6 8 10 8 9 6 10 8 5 9 10 5 7 7 7 4 10 7 7 6 5 8 4 7 9 8 7 6 7 7 6 9 10 7 7 7 3 11 3 5 8 5 8 12 5 8 13 5 8 9 10 1 6 6 4 8 11 6 10 13 11 6 12 8 10 10 6 10 6 4 11 7 7 7 9 5 10 6 5 10 10 5 1 5 6 8 12 9 11 8 6 9 2 8 7 8 8 5 7 9 9 8 7 7 6 8 4 7 8 9 7 7 11 8 7 7 10 12 4 4 5 7 5 7 4 4 6 5 9 7 9 8 8 7 5 9 9 5 10 7 6 7 9 5 11 11 10 11 5 6 6 10 10 7 7 5 8 9 5 10 
2 3 3 2 6 4 2 5 4 5 4 6 4 4 4 2 5 2 2 4 5 5 5 2 5 5 5 2 3 5 5 3 2 2 4 5 6 2 3 5 6 4 3 5 3 3 4 5 6 5 4 2 3 5 4 8 1 2 4 6 3 4 7 3 3 2 8 5 6 3 4 4 6 6 4 6 5 5 3 7 5 3 5 4 5 4 3 4 3 4 2 5 4 6 5 7 4 4 5 5 3 4 3 6 4 3 4 4 5 5 5 3 6 5 6 1 5 4 5 2 5 3 4 5 5 3 4 5 5 4 4 3 5 4 3 4 3 5 5 2 3 6 3 3 5 3 5 7 2 4 3 5 5 5 4 3 5 4 2 5 5 3 5 2 5 4 5 3 5 5 4 5 4 5 3 5 5 5 3 4 5 4 2 6 5 6 3 6 4 6 4 3 2 6 5 5 5 3 6 4 
1 1 1 1 1 1 1 1 1 1 1 2 1 1 1 1 0 2 1 1 0 1 1 1 1 1 0 1 1 1 1 1 1 1 1 1 1 1 1 1 2 1 1 1 1 2 1 1 1 1 1 1 2 1 1 1 1 1 1 2 1 1 1 1 1 1 1 1 2 1 1 1 1 1 1 1 1 1 1 1 1 1 1 0 1 1 1 1 0 1 1 1 1 1 1 1 1 1 1 1 1 1 1 1 1 1 1 1 1 1 1 1 1 1 2 1 1 1 1 1 1 0 1 1 1 1 1 1 1 1 1 1 1 1 0 1 1 1 1 0 1 1 2 1 1 1 1 1 1 2 1 1 1 1 1 1 1 1 1 1 1 1 1 1 1 1 1 1 1 1 1 1 1 1 1 1 1 1 1 1 1 1 1 1 1 1 1 1 1 0 2 1 1 0 1 1 2 1 1 1 
2 3 3 1 2 1 3 1 3 2 2 2 2 3 2 2 2 3 2 2 2 2 2 3 2 1 2 2 2 1 2 3 2 4 3 2 2 2 3 1 2 3 2 2 3 2 2 1 1 2 3 1 1 3 1 2 2 1 3 2 1 2 2 2 1 1 2 3 2 3 1 2 2 3 2 3 1 1 2 1 1 2 3 3 2 3 2 2 2 2 3 2 2 1 2 3 4 2 3 1 1 2 2 2 2 2 3 2 2 1 2 2 2 3 3 1 2 3 2 3 2 3 2 1 1 1 2 2 2 2 2 2 2 3 3 2 3 2 2 1 3 2 4 1 2 2 2 1 3 1 2 1 1 2 2 3 1 1 1 1 3 1 3 4 1 1 2 2 3 2 2 2 3 3 3 2 2 2 3 2 3 3 2 2 2 3 1 2 2 3 3 2 2 3 3 2 2 2 3 2 
10 12 9 15 9 9 14 7 8 10 9 13 15 12 12 13 9 19 5 10 13 11 8 14 13 10 15 11 6 10 2 11 8 4 13 5 10 1 9 10 4 7 14 14 12 10 11 14 13 6 11 11 5 9 11 10 9 14 9 13 9 13 11 8 11 7 12 3 9 15 6 10 9 9 5 11 11 2 11 7 15 9 11 19 13 12 13 8 8 12 16 15 9 8 15 7 5 6 11 8 13 4 9 8 11 12 8 16 11 12 9 8 15 10 12 9 9 5 11 15 7 8 8 18 10 11 11 8 8 10 9 9 13 4 15 8 10 10 10 11 11 11 9 10 10 10 11 11 9 9 7 9 21 9 11 11 11 12 10 8 8 9 7 13 11 13 10 10 13 11 8 7 11 13 4 17 11 12 13 3 8 18 6 14 13 10 10 10 11 12 6 7 5 11 10 8 12 12 9 13 
13 10 10 3 6 5 7 13 5 6 8 6 11 6 5 11 3 6 9 5 7 13 9 6 11 2 9 6 13 9 7 10 9 10 8 11 7 7 8 13 6 10 9 11 11 5 13 10 10 7 7 6 10 5 9 11 12 7 13 5 10 14 8 12 9 9 8 10 12 7 8 8 11 7 8 10 10 8 9 13 10 8 8 9 10 10 12 8 5 7 7 10 15 7 13 11 15 9 10 10 7 9 9 15 12 11 10 6 5 8 9 9 12 13 12 7 10 8 13 13 7 7 5 6 11 10 11 12 7 10 7 7 13 13 12 10 10 6 7 8 9 3 13 6 10 6 9 7 10 6 7 13 8 13 7 6 7 10 7 9 8 9 10 12 7 3 8 8 12 12 8 9 16 5 8 10 12 6 8 6 13 11 5 9 7 8 11 8 9 12 7 10 10 6 10 10 11 9 8 9 
1 2 1 1 1 3 3 1 2 3 2 3 2 2 2 1 1 1 1 1 3 2 0 1 1 2 2 2 3 2 2 2 2 2 1 2 2 1 1 1 1 3 2 3 3 1 1 2 3 1 3 3 2 3 1 1 2 2 2 1 2 2 2 2 2 2 2 2 1 2 2 3 1 1 2 2 2 3 2 1 1 2 2 1 3 2 3 3 4 3 2 2 3 2 2 1 3 2 2 2 2 1 3 2 2 3 2 2 2 1 2 1 3 2 1 1 3 1 0 3 1 2 1 2 2 3 2 2 2 2 2 1 2 0 3 1 1 3 2 3 2 2 1 2 1 2 2 2 1 2 2 2 1 1 1 2 3 2 3 2 2 3 2 3 1 3 3 2 2 2 2 0 2 1 1 3 3 2 2 4 1 2 2 2 2 2 2 3 3 2 2 2 2 3 2 2 2 2 1 2 
2 2 4 3 3 4 4 3 2 3 2 3 3 3 3 3 4 4 3 3 4 4 2 3 3 2 2 4 2 4 3 3 2 3 3 4 2 4 4 2 3 4 3 2 3 3 4 6 1 3 4 4 4 3 2 4 4 3 3 3 3 4 3 3 2 2 1 3 5 3 3 3 4 2 3 4 3 3 3 4 3 4 3 3 4 3 2 6 4 3 3 4 4 3 3 3 2 2 4 4 2 3 3 4 5 3 2 4 3 3 2 2 3 3 2 4 3 5 4 4 4 4 3 3 4 4 2 3 4 2 3 1 0 1 3 2 2 3 4 2 3 2 1 3 3 3 3 2 5 3 3 4 4 3 1 3 1 3 4 2 3 3 3 3 4 3 1 3 3 1 2 3 4 2 2 3 1 4 2 2 3 3 2 4 2 1 4 4 2 4 1 4 3 2 2 3 3 4 3 3 
8 6 4 8 4 9 8 5 5 6 6 9 9 8 6 3 5 5 3 2 3 6 6 2 7 4 6 8 6 6 5 4 6 2 9 8 9 2 9 8 5 5 3 5 9 5 3 6 4 8 5 8 5 9 6 4 5 6 7 5 3 6 1 4 6 5 8 7 5 9 8 5 6 5 5 8 2 5 8 9 4 4 5 5 6 4 4 5 7 6 8 4 7 5 3 7 7 5 10 5 4 4 7 5 8 8 10 4 4 6 3 5 8 7 5 2 5 9 6 8 8 5 8 7 9 8 4 5 6 6 7 7 6 5 6 8 2 6 5 4 6 4 5 9 4 7 9 4 7 7 8 3 4 2 6 5 7 9 7 5 6 5 6 8 7 7 7 5 5 7 5 8 6 5 4 8 5 3 5 2 6 5 8 8 4 8 10 6 8 5 1 8 5 8 4 4 4 2 6 0 
9 11 3 5 6 15 7 9 11 12 11 8 10 4 11 13 9 11 8 8 12 11 8 11 6 7 8 7 12 11 6 9 4 11 12 10 10 10 3 8 14 16 10 9 4 14 13 7 10 11 11 9 9 14 14 18 11 15 10 8 9 7 13 11 2 10 14 9 13 6 15 9 10 14 8 9 13 13 3 6 12 11 14 14 5 9 7 11 12 12 8 10 8 11 9 11 14 10 7 17 12 11 5 15 4 14 10 9 17 11 11 14 8 9 7 13 8 9 13 9 7 14 8 12 19 16 10 12 12 4 10 10 7 19 7 8 12 12 6 13 15 15 12 12 13 11 8 5 11 12 4 8 6 8 13 12 14 13 5 6 9 12 8 14 10 8 6 13 16 13 13 9 7 10 6 11 3 11 6 5 18 9 10 13 10 7 8 7 7 9 9 7 11 13 14 9 16 11 10 11 
9 12 9 6 7 8 6 4 7 6 7 10 8 7 8 5 7 6 6 7 7 8 10 4 10 4 7 5 7 9 6 5 8 7 7 8 10 5 9 3 5 7 8 7 9 7 6 5 13 9 7 3 7 11 4 3 9 9 7 7 6 5 7 8 5 7 9 5 7 5 7 3 10 8 8 7 5 6 3 4 6 10 10 8 5 5 7 2 5 5 6 5 7 7 9 6 7 8 5 5 10 8 9 3 10 2 3 2 5 9 9 11 6 9 2 4 8 9 8 8 1 3 11 10 7 4 6 5 6 7 6 6 9 5 9 9 9 5 5 7 8 7 9 6 8 5 11 6 10 9 6 6 5 6 6 10 7 6 11 6 4 7 6 6 7 5 9 7 1 8 9 6 9 6 8 12 5 11 5 5 0 7 7 5 8 4 9 6 6 3 8 3 8 6 3 8 7 7 5 5 
4 7 6 7 6 7 10 7 9 5 7 8 3 5 8 6 6 5 10 10 9 6 6 7 5 1 4 6 9 3 3 4 8 6 6 7 5 5 5 5 5 10 7 7 5 5 8 6 8 9 3 8 8 6 4 4 8 8 7 8 10 6 6 8 7 5 6 4 6 5 5 6 7 2 3 7 5 3 3 4 7 7 3 10 10 5 6 7 5 4 6 8 11 5 5 4 3 8 7 8 8 8 3 8 9 7 2 10 5 4 6 6 10 5 7 9 9 6 4 6 3 7 7 5 2 5 3 5 6 7 8 3 7 9 5 3 8 8 5 5 5 6 8 4 5 5 7 5 7 9 3 9 5 4 6 9 9 6 6 6 7 7 3 9 3 3 9 10 4 7 6 10 6 6 7 7 1 4 5 7 7 9 6 3 3 5 9 1 5 5 6 8 5 6 4 4 8 8 3 7 
3 2 4 4 2 4 1 3 2 4 2 3 2 3 3 2 4 4 3 1 4 4 2 2 3 3 3 3 2 3 2 4 4 3 2 4 4 3 4 4 5 3 3 2 3 3 4 2 2 3 1 4 4 2 3 2 3 4 1 3 3 3 2 4 3 3 2 3 2 4 2 3 2 3 3 4 1 3 3 4 3 4 2 5 1 2 3 3 4 2 2 4 2 2 3 2 3 4 3 2 2 1 3 2 2 3 4 4 3 4 5 2 3 4 3 4 3 4 3 4 2 3 4 4 3 3 4 2 4 3 4 2 2 4 2 2 2 3 2 5 4 4 4 3 4 2 3 3 3 2 4 3 4 3 4 2 3 3 2 3 4 5 4 3 2 3 3 1 5 2 1 1 2 2 2 3 5 2 2 3 5 2 3 4 4 3 3 2 4 4 3 4 2 3 1 2 4 4 3 2 
5 6 7 6 5 3 4 4 4 6 4 8 1 3 7 6 3 4 6 4 6 6 6 3 5 5 5 2 3 6 4 4 4 3 4 7 1 7 6 4 4 6 4 6 7 3 7 8 3 5 7 5 7 4 5 4 2 4 8 6 7 2 3 3 3 7 6 0 5 2 7 7 6 5 5 4 6 5 3 3 4 5 7 4 3 4 6 5 4 4 4 7 9 7 6 5 4 4 2 2 7 9 7 2 1 5 0 6 4 3 6 7 5 7 6 4 5 3 4 5 4 5 4 5 3 4 5 5 2 7 5 6 6 10 7 5 6 2 5 4 5 6 7 3 1 9 3 2 4 4 4 7 8 4 9 4 7 6 4 5 4 7 5 3 6 3 4 4 6 7 5 5 7 4 5 3 7 7 5 7 5 4 5 3 3 4 4 1 7 4 6 6 3 6 7 7 4 6 5 5 
1 2 0 1 0 1 1 0 1 1 1 1 1 1 1 1 1 1 1 1 1 1 1 1 1 1 1 1 1 1 1 1 1 1 1 2 2 1 1 1 1 1 1 1 1 0 1 1 2 1 1 1 1 1 1 2 0 1 1 1 0 1 1 1 1 1 1 1 1 1 0 1 1 2 1 1 1 1 1 1 2 1 1 0 1 1 2 1 1 0 2 1 1 1 1 1 1 1 1 1 1 1 1 1 1 1 1 2 1 1 1 1 1 1 1 1 1 0 0 0 2 1 1 1 1 1 1 1 1 1 1 1 1 1 1 1 2 2 1 1 1 1 1 1 1 1 2 1 1 1 0 1 1 1 1 1 1 1 1 1 1 1 0 1 1 1 1 1 1 1 1 1 0 1 1 2 1 1 1 1 0 1 1 1 1 1 1 1 1 1 1 1 1 1 0 1 0 1 1 1 
3 2 3 1 3 4 3 2 3 5 3 2 1 3 3 2 2 5 4 2 5 3 3 3 2 3 1 3 5 4 2 1 2 2 3 3 3 2 4 2 4 4 4 3 3 4 3 4 3 4 0 3 2 3 2 2 4 5 4 3 5 3 3 4 3 2 4 4 4 4 4 2 3 5 4 4 3 2 3 4 1 1 4 4 4 3 4 3 4 4 5 4 3 5 3 3 4 3 3 3 1 3 4 3 3 2 4 2 3 3 5 5 4 4 3 1 6 2 4 6 4 3 3 5 3 3 2 4 3 3 2 2 4 4 3 3 2 4 5 3 4 4 4 1 2 2 4 1 4 3 4 2 1 3 1 4 1 3 3 1 3 4 5 1 2 2 4 4 5 3 2 1 2 4 2 1 3 1 2 2 4 4 2 2 3 4 3 4 3 2 3 3 4 2 4 3 4 6 4 2 
4 7 3 3 4 4 5 4 5 5 4 7 6 5 3 5 8 4 4 4 6 3 4 3 6 6 4 7 4 4 3 8 4 4 5 3 5 5 4 4 4 5 6 4 4 4 7 5 2 4 7 6 5 6 7 3 7 5 5 5 8 5 5 7 6 6 4 3 5 6 3 2 6 9 6 7 4 3 3 5 4 6 5 6 6 5 5 2 5 9 3 5 3 7 3 2 6 1 4 4 7 6 4 3 4 6 2 6 7 5 4 7 7 7 7 6 4 5 6 4 5 4 6 1 6 6 5 5 4 7 7 5 3 8 4 5 7 5 7 5 10 6 5 4 5 9 6 4 6 7 8 7 5 6 6 2 3 6 6 7 5 4 5 6 3 4 4 5 5 6 2 4 3 6 5 5 6 6 8 4 6 3 5 3 4 7 2 4 6 4 6 2 7 7 3 6 5 6 5 6 
8 6 9 10 8 10 11 11 7 10 8 7 8 11 14 7 9 8 14 5 12 11 6 7 7 12 12 12 5 9 12 13 10 11 8 10 9 7 9 6 8 11 8 5 7 8 8 7 3 6 9 7 10 9 13 13 13 13 9 7 8 11 12 5 3 7 12 11 11 9 10 17 8 7 8 4 11 5 13 8 5 12 7 7 9 8 4 14 9 10 12 11 8 7 14 7 3 11 13 10 8 11 10 10 12 11 4 9 11 3 11 9 10 12 6 19 10 14 11 8 6 8 6 10 14 11 10 8 8 13 5 9 11 12 6 12 9 11 12 3 11 5 10 7 8 10 12 8 10 10 11 6 8 10 11 10 11 7 7 6 4 5 11 9 15 5 6 13 5 10 7 5 8 11 7 7 4 9 9 8 11 12 7 9 9 4 6 10 9 7 5 3 2 8 7 10 13 17 9 14 
7 10 5 10 8 8 6 9 4 10 7 7 14 7 7 10 8 6 7 10 5 7 10 7 5 7 9 7 7 3 8 10 13 9 14 7 9 8 5 9 7 8 8 9 9 10 9 5 9 12 11 6 4 11 10 6 6 7 7 5 6 8 8 7 5 4 8 9 9 13 3 8 2 9 5 9 8 9 6 10 10 13 7 9 6 10 8 7 6 6 7 6 9 6 4 3 9 10 4 7 9 10 6 9 8 9 10 10 11 7 12 4 10 10 10 5 10 7 7 7 7 5 7 5 9 8 6 9 6 8 14 11 10 8 10 12 11 8 5 10 11 9 10 6 8 6 9 9 3 6 6 10 7 8 8 11 9 12 10 9 10 9 11 9 6 7 4 8 7 4 6 7 13 5 10 7 9 6 7 6 8 10 10 8 9 10 6 8 4 6 13 10 11 7 7 7 9 8 3 9 
5 11 10 7 10 12 9 12 9 7 10 7 14 7 10 8 0 14 7 9 12 12 10 7 9 8 7 12 1 10 7 0 12 7 6 10 7 10 11 8 17 8 8 6 8 5 13 5 7 13 6 5 8 9 9 11 11 11 6 5 10 12 6 8 12 11 6 8 5 10 10 2 2 7 8 8 7 9 11 11 16 6 5 1 11 6 11 8 9 8 6 9 6 7 12 9 12 11 8 12 10 7 12 11 8 16 9 9 6 10 13 3 15 12 9 5 7 14 8 9 7 8 8 7 5 3 10 13 11 13 6 8 12 7 14 6 8 7 11 5 11 5 6 8 8 10 8 10 5 4 9 9 6 5 8 6 10 7 7 10 5 8 11 15 11 11 14 14 10 10 14 3 11 7 6 5 10 4 15 9 7 9 5 9 9 5 11 11 10 7 10 11 5 7 6 4 7 7 12 5 
10 8 13 3 10 8 16 3 10 6 12 6 9 10 8 0 9 4 9 11 6 10 4 3 8 11 10 6 9 6 7 10 12 8 9 11 9 11 8 5 8 8 7 6 9 6 8 8 10 5 8 4 7 4 7 11 8 7 5 11 2 11 10 8 12 7 7 10 7 6 4 12 6 8 3 10 13 8 7 5 7 11 9 8 3 10 11 8 7 15 4 10 5 11 3 10 7 9 9 10 9 9 6 13 6 9 6 6 8 14 9 5 10 6 10 9 7 14 10 12 10 9 9 12 9 7 7 6 8 9 10 10 2 12 10 2 9 11 5 6 8 9 4 8 9 13 4 4 7 3 8 5 9 1 7 9 8 8 10 7 4 11 14 10 4 9 12 7 10 0 1 10 8 12 7 10 9 10 5 9 14 10 4 8 9 10 5 7 9 7 10 10 10 7 10 5 10 8 13 7 
10 7 5 6 5 6 6 5 6 7 2 4 7 4 5 5 5 7 7 7 6 7 8 6 7 9 6 5 2 6 7 3 6 6 6 8 5 3 7 4 4 10 4 5 6 4 5 4 5 7 4 2 8 6 7 7 6 10 6 3 7 3 4 6 5 5 6 1 7 5 7 5 5 7 3 6 9 5 4 10 7 2 2 5 7 4 7 6 5 5 5 6 7 9 3 10 6 4 7 7 5 6 5 5 3 9 7 6 6 8 6 7 9 5 5 7 4 6 3 5 9 5 10 5 7 4 9 10 7 6 6 7 8 10 9 4 4 6 3 10 8 7 5 8 6 6 5 5 7 6 4 10 3 5 6 4 8 6 7 8 4 6 7 8 2 6 5 2 10 6 6 3 7 4 7 6 7 5 11 6 4 4 6 5 6 9 3 7 5 6 6 6 5 7 6 6 5 4 8 6 
10 10 12 5 8 8 10 7 7 7 11 8 3 10 7 7 11 3 8 11 6 7 11 5 11 7 8 7 7 6 8 8 8 9 5 10 13 6 8 8 6 12 8 8 7 7 9 9 7 5 7 14 10 5 5 7 7 5 8 3 10 8 5 7 8 8 7 11 13 13 3 6 6 7 6 6 8 8 7 12 11 5 3 6 13 9 6 5 6 8 15 6 7 11 6 7 6 10 6 7 8 9 14 4 9 10 5 5 11 3 7 2 6 3 5 10 11 5 10 4 5 8 9 9 9 10 6 5 9 6 12 6 10 11 8 7 10 6 10 4 9 11 4 13 6 9 8 9 11 9 6 11 8 6 10 5 6 12 8 5 7 10 9 9 8 6 8 5 8 7 6 12 7 8 6 9 11 8 10 12 10 8 8 16 7 10 8 5 6 6 10 9 9 7 6 11 8 9 12 6 
2 2 2 3 2 2 1 3 2 3 3 2 2 3 2 3 3 3 1 2 4 3 2 3 2 2 1 2 1 2 2 2 2 1 0 2 3 1 2 1 3 1 2 2 3 2 2 2 3 1 2 3 2 2 3 3 2 2 0 1 2 2 1 1 1 1 3 3 3 2 2 3 2 2 2 1 3 2 1 2 2 2 2 3 2 1 2 2 2 1 3 2 1 2 3 1 1 2 2 3 3 2 2 2 2 2 3 2 3 1 2 3 2 2 1 1 2 2 3 2 2 2 2 1 2 2 2 2 1 3 2 3 2 3 2 1 2 1 1 2 3 3 2 2 1 3 1 4 3 1 3 2 1 3 2 1 2 1 3 3 0 1 3 1 2 3 2 3 3 3 3 1 1 1 2 3 3 2 2 3 3 2 1 2 2 1 2 1 2 2 2 2 2 3 1 2 3 2 2 2 
5 4 3 4 6 6 3 7 7 6 8 3 6 7 5 4 4 5 7 3 6 4 4 5 4 5 6 5 5 6 4 6 5 5 4 5 4 3 4 6 6 4 3 3 1 5 5 4 6 5 5 5 3 6 7 6 7 4 3 4 7 5 6 9 6 6 7 6 6 9 7 9 5 5 2 2 7 4 7 6 7 5 5 5 1 5 5 2 5 3 6 3 5 4 5 5 5 5 4 5 7 5 4 5 7 5 6 3 3 6 4 7 4 3 6 6 3 1 4 6 4 1 6 9 5 6 7 4 4 6 5 6 9 7 3 3 8 5 6 6 2 5 5 4 3 5 3 5 8 6 6 4 4 6 5 2 4 5 6 6 5 4 1 5 5 5 4 5 8 4 6 5 2 4 5 6 5 4 5 7 4 2 7 5 4 3 2 2 8 3 6 4 7 7 8 6 6 6 4 6 
3 5 7 9 6 9 6 9 11 4 7 8 7 5 5 2 11 7 4 7 9 9 8 7 13 5 0 3 7 6 6 7 11 5 10 5 8 10 5 10 9 7 6 10 4 8 10 5 8 5 11 8 6 8 6 8 5 3 10 6 3 8 9 5 5 9 9 7 2 7 10 4 4 7 8 8 5 2 7 7 4 7 12 8 12 5 11 12 10 4 10 6 7 7 5 11 11 5 6 4 3 8 8 4 9 4 6 11 5 8 7 6 13 6 4 8 5 2 5 6 8 6 8 7 8 4 5 8 9 8 9 8 4 7 4 4 6 9 5 9 8 6 8 8 5 8 7 8 7 6 11 8 5 7 8 9 6 3 8 3 11 10 7 9 11 8 8 6 11 9 4 2 12 8 2 7 7 11 9 7 12 5 8 8 3 6 7 8 9 8 11 8 4 6 8 4 4 4 8 9 
1 2 1 1 1 1 1 1 1 1 1 1 1 2 0 1 1 1 1 1 2 1 0 1 1 1 1 1 1 1 1 1 1 1 1 1 1 1 1 1 1 1 1 1 1 1 1 1 1 1 1 1 1 2 1 1 1 1 1 1 1 1 1 1 1 1 1 1 1 1 1 1 1 2 1 0 0 1 0 1 2 1 1 1 1 1 1 1 1 1 1 1 1 1 1 1 1 1 1 1 1 1 1 1 1 1 1 1 1 1 0 1 1 1 1 1 0 0 1 2 1 1 1 0 1 1 1 1 1 1 1 2 1 1 1 1 0 1 2 0 1 0 1 1 1 1 1 1 1 1 1 1 1 1 1 2 1 1 1 1 1 0 1 1 1 1 2 1 1 2 0 1 1 1 1 1 1 1 2 2 0 1 1 1 1 0 1 1 1 1 1 1 0 1 1 1 1 1 1 1 
3 3 3 6 6 3 5 4 4 7 5 3 5 1 5 5 5 3 2 3 6 1 2 6 6 1 5 5 3 5 6 4 6 4 3 2 4 6 3 6 7 3 1 3 4 4 5 2 3 2 6 3 5 5 4 6 3 4 5 4 2 3 4 4 4 3 0 4 3 4 2 5 5 7 3 3 3 1 4 2 4 4 3 3 6 4 6 4 4 3 4 3 4 2 5 3 7 3 3 4 4 3 4 3 4 3 2 5 6 3 5 3 4 5 3 7 6 5 3 6 3 6 4 2 6 2 3 4 3 3 2 6 4 2 1 4 4 0 5 6 6 5 2 1 5 3 5 5 3 4 4 3 1 4 3 4 3 3 3 4 3 4 2 4 6 5 4 2 7 3 2 5 4 2 4 7 3 7 4 4 5 3 4 2 6 5 4 1 6 2 6 5 4 3 2 2 4 3 3 5 
1 1 1 1 1 1 1 1 1 2 1 1 2 1 1 1 1 2 1 0 1 1 1 1 1 1 1 1 1 1 1 1 1 1 1 2 1 1 0 1 0 1 0 2 1 1 2 1 1 2 1 1 0 1 1 1 1 1 1 1 0 1 1 1 1 1 1 1 1 1 1 1 1 1 1 1 1 1 1 1 1 1 1 2 1 1 2 1 1 1 1 1 1 1 1 1 1 1 1 1 1 1 1 1 0 2 1 1 1 1 1 0 1 1 2 2 1 1 2 1 1 2 1 1 1 1 1 1 1 1 1 1 1 2 1 1 2 1 1 1 1 1 1 1 1 2 1 1 1 1 1 1 1 1 1 1 1 1 1 1 1 1 1 0 0 1 1 1 1 1 1 1 1 1 1 1 0 0 1 2 2 1 1 1 1 1 1 1 1 1 1 1 1 1 1 1 1 1 1 2 
3 3 5 2 5 1 5 5 5 5 6 5 6 5 4 1 2 4 3 6 3 2 6 5 4 4 4 5 3 5 4 4 4 3 5 4 3 4 4 3 4 5 6 5 4 5 5 3 5 5 2 3 5 5 5 5 3 4 4 3 4 5 8 1 6 3 2 2 5 4 2 5 5 5 3 3 4 3 2 5 4 2 5 3 5 6 5 3 3 4 5 2 4 4 5 6 5 3 4 4 4 3 4 6 3 3 1 3 5 5 4 2 4 3 2 4 4 5 4 3 4 4 3 5 3 2 4 4 5 4 4 4 3 6 5 5 1 4 5 2 3 4 0 3 3 5 5 3 3 3 4 3 4 3 4 4 3 2 5 3 5 5 4 4 3 3 5 6 4 7 5 3 5 2 2 2 2 4 8 4 5 2 4 5 3 4 2 6 5 3 2 3 2 2 3 3 6 2 3 1 
7 6 6 5 10 6 1 5 4 9 7 7 9 7 5 5 6 7 5 6 7 10 7 3 5 4 9 4 7 10 5 7 9 6 5 7 4 5 6 6 3 5 3 6 6 5 6 4 6 7 4 2 6 7 8 7 7 5 7 9 6 5 8 4 4 3 3 8 6 5 5 7 10 8 9 5 7 6 1 5 5 8 6 8 5 4 6 9 5 5 5 8 5 6 6 8 4 5 9 3 3 3 2 3 10 4 7 6 8 3 9 6 6 6 7 6 8 7 6 2 6 8 8 7 6 3 6 6 6 4 5 5 5 7 6 13 2 6 7 8 7 6 7 4 4 9 6 6 4 9 3 6 5 7 2 4 3 4 7 9 8 7 2 9 7 8 5 6 6 5 3 3 6 6 4 7 9 5 6 4 4 5 7 6 8 7 4 6 8 6 6 5 4 5 9 8 3 2 4 8 
12 7 4 11 9 12 4 7 12 10 12 3 13 8 12 11 10 14 6 12 9 5 9 9 11 11 7 11 4 13 9 8 7 11 3 4 11 7 6 6 9 8 9 8 10 7 9 11 13 8 3 13 11 6 8 13 6 5 4 7 11 4 9 7 7 9 10 10 10 5 11 12 5 7 8 5 5 11 11 11 7 5 11 2 14 11 8 6 7 6 10 7 5 10 6 4 2 7 7 10 9 12 9 9 5 7 11 14 7 0 3 8 7 6 6 13 7 11 6 3 8 7 10 6 12 4 10 8 9 9 6 7 8 9 7 10 7 6 3 8 11 8 5 9 10 7 5 8 9 10 11 15 5 7 9 8 10 10 6 10 10 6 8 11 9 5 13 16 10 4 5 13 12 1 9 7 10 7 7 7 10 7 7 11 8 8 9 8 6 8 3 12 3 11 4 10 5 4 13 5 
3 4 5 3 5 4 2 5 4 5 4 6 5 3 3 4 6 5 5 4 2 4 7 6 6 3 3 5 3 3 5 6 7 4 4 5 3 5 3 5 4 3 5 4 6 4 5 3 8 5 7 4 3 7 4 6 7 3 7 5 8 3 3 9 3 7 7 5 2 6 6 4 5 4 5 5 6 6 7 3 3 3 6 7 5 4 3 5 6 8 7 4 2 8 5 5 8 5 6 7 2 6 4 5 4 5 6 6 8 6 6 4 2 4 4 6 4 4 8 4 5 5 5 3 6 6 5 6 4 6 5 6 3 8 4 4 7 7 4 2 8 9 7 3 5 4 4 1 5 6 7 9 4 7 4 5 7 7 5 4 3 2 6 5 7 5 5 4 6 7 7 5 2 8 5 7 6 5 4 7 6 2 5 7 4 3 6 3 6 6 2 5 6 5 4 6 6 6 7 6 
6 2 6 4 3 5 6 5 5 2 2 5 10 3 6 8 6 7 8 7 6 6 2 5 4 8 7 6 1 7 2 5 7 5 2 4 5 1 5 6 4 3 4 2 5 6 3 6 3 4 3 5 6 1 5 4 4 5 3 5 6 4 6 7 6 1 3 2 7 6 5 4 5 9 4 4 2 6 4 6 2 4 5 5 5 7 9 6 9 2 3 4 7 4 3 6 4 4 6 5 6 3 8 6 4 3 5 3 7 4 5 3 7 8 4 3 5 2 6 3 7 6 5 4 3 5 4 6 5 4 9 4 6 5 6 4 6 4 4 2 6 0 4 5 4 2 5 5 7 4 6 5 8 5 7 5 6 4 6 4 5 5 7 7 3 3 7 5 6 10 4 3 8 6 6 7 6 5 3 7 6 7 5 7 5 4 3 6 5 4 4 4 6 5 7 5 5 6 3 4 
1 1 1 1 3 2 2 2 2 2 2 3 2 2 2 2 4 2 2 2 1 2 2 2 2 2 2 3 3 2 2 2 2 2 2 2 1 2 2 2 3 1 1 2 2 2 2 2 1 1 2 2 2 1 1 2 2 1 4 2 1 2 1 2 2 2 2 2 2 2 2 1 2 2 2 1 3 2 2 2 2 3 2 2 2 2 3 1 2 3 2 2 2 2 2 1 3 1 2 1 1 2 2 1 2 2 2 2 2 3 3 0 4 2 1 2 1 1 3 2 2 2 2 3 1 2 2 3 2 1 2 2 3 4 3 2 2 2 3 2 3 3 2 1 2 2 3 2 2 1 3 3 2 1 2 1 1 2 2 3 2 1 2 3 3 3 2 2 2 1 1 2 2 3 1 2 1 2 2 3 1 3 2 3 3 2 3 2 2 3 2 1 1 2 2 2 2 2 3 1 
