NAME  : Jabali_50_3_0.88_1_5
TYPE : SVRP
MODEL : FINITE_SUPPORT
NUMBER_OF_SCENARIOS : 200
DIMENSION : 50
EDGE_WEIGHT_TYPE : MATRIX
CAPACITY : 108
N_VEHICLES : 3
NODE_COORD_SECTION
1 4644 4455
2 4782 433
3 6973 3418
4 4636 2863
5 1649 1996
6 4040 1243
7 6174 3200
8 6380 4922
9 7497 1850
10 4780 1304
11 113 4827
12 260 4298
13 4156 5424
14 5389 2780
15 1732 2315
16 7809 2017
17 4684 1890
18 5806 7903
19 3845 7578
20 2050 4447
21 3555 2975
22 6802 6731
23 5575 8664
24 3483 1278
25 5578 5765
26 2918 18
27 4891 6357
28 1605 2252
29 810 6108
30 7085 4837
31 3283 4880
32 5299 6144
33 5977 1706
34 4760 4529
35 3654 6212
36 7594 3055
37 2097 1514
38 5712 2033
39 910 3221
40 1458 5808
41 5821 5360
42 1688 6228
43 3264 242
44 2933 5766
45 27 5239
46 3861 410
47 1283 4188
48 1570 3941
49 7271 4109
50 6231 7896
DEMAND_SECTION
1 0.0
2 10.0
3 8.0
4 9.0
5 8.0
6 7.0
7 7.0
8 6.0
9 5.0
10 5.0
11 4.0
12 7.0
13 9.0
14 4.0
15 9.0
16 3.0
17 6.0
18 8.0
19 10.0
20 2.0
21 10.0
22 7.0
23 3.0
24 6.0
25 6.0
26 4.0
27 1.0
28 8.0
29 9.0
30 9.0
31 3.0
32 7.0
33 7.0
34 4.0
35 7.0
36 1.0
37 2.0
38 3.0
39 1.0
40 10.0
41 7.0
42 1.0
43 3.0
44 7.0
45 9.0
46 6.0
47 4.0
48 10.0
49 3.0
50 1.0
DEVIATION_SECTION
1 0.0
2 3.33333
3 2.66667
4 3.0
5 2.66667
6 2.33333
7 2.33333
8 2.0
9 1.66667
10 1.66667
11 1.33333
12 2.33333
13 3.0
14 1.33333
15 3.0
16 1.0
17 2.0
18 2.66667
19 3.33333
20 0.666667
21 3.33333
22 2.33333
23 1.0
24 2.0
25 2.0
26 1.33333
27 0.333333
28 2.66667
29 3.0
30 3.0
31 1.0
32 2.33333
33 2.33333
34 1.33333
35 2.33333
36 0.333333
37 0.666667
38 1.0
39 0.333333
40 3.33333
41 2.33333
42 0.333333
43 1.0
44 2.33333
45 3.0
46 2.0
47 1.33333
48 3.33333
49 1.0
50 0.333333
DISTANCE_MATRIX
0.0 55.4707 35.8323 22.8254 56.1138 45.4533 27.5136 28.3245 52.811 43.8292 70.6752 66.5332 14.1421 26.1725 54.7857 54.2769 36.2353 48.2742 43.4166 43.8997 26.3919 45.1229 57.3149 46.7777 21.3851 64.7174 24.4131 55.5608 57.9828 37.6449 27.329 22.821 42.107 1.0 27.0185 44.8978 53.7563 37.2156 56.6918 48.7986 20.9242 47.7957 60.8897 29.5651 66.6906 56.7274 52.2505 48.0951 44.2195 50.0193 
55.4707 0.0 50.5668 32.6497 47.0106 14.3178 41.8808 62.9682 43.0116 11.6619 86.6833 80.3243 67.6848 32.5269 47.4236 47.0106 19.2354 103.553 98.2993 66.0681 38.1182 87.0006 112.77 20.1246 73.8905 25.2982 79.7559 47.8539 94.4299 66.0303 62.9682 78.0995 24.0416 55.0091 80.3423 52.6308 39.4081 25.0599 63.6946 87.0517 68.0803 90.0222 20.6155 77.2787 91.214 12.53 69.4309 65.1449 59.9416 103.101 
35.8323 50.5668 0.0 32.0156 72.487 49.4975 11.1803 22.0 22.2036 41.4849 94.9814 90.6951 48.3263 23.0868 71.1589 22.0227 37.2156 62.0967 70.5762 68.2059 46.2385 43.0813 72.5328 55.0818 37.054 71.1969 48.3735 71.934 93.6282 18.7883 55.7464 43.1045 26.9258 36.1893 58.8727 9.43398 69.8713 25.632 80.7765 84.4645 31.1448 83.6159 66.2873 64.6034 98.1742 58.9406 76.4125 72.257 9.89949 60.407 
22.8254 32.6497 32.0156 0.0 40.5612 23.4307 20.8806 35.0672 41.0366 21.0238 67.2012 62.4144 35.1885 10.0 39.233 43.8634 13.4164 70.9607 65.7875 41.1461 15.0 59.047 80.0102 26.4008 44.0716 44.2945 47.1699 40.0081 69.3659 40.0662 33.2415 45.5076 23.4094 22.3607 48.1268 39.3954 38.1182 18.3848 52.0908 60.983 40.0881 62.3753 39.9625 47.0106 70.7248 34.7131 48.6004 44.2041 38.0132 72.7059 
56.1138 47.0106 72.487 40.5612 0.0 33.6006 61.311 75.1621 78.2304 42.45 42.0476 35.1283 63.9284 49.6785 3.60555 81.6333 40.0 103.639 79.0325 32.0156 30.0195 102.636 110.452 26.9258 77.4848 33.0151 79.3107 2.82843 54.8179 80.1611 50.6249 82.1807 57.2014 55.4339 62.421 79.3903 9.0 53.535 18.0278 50.1597 77.024 55.0091 33.2415 51.7296 47.0106 37.0 28.4605 25.4951 78.4907 106.605 
45.4533 14.3178 49.4975 23.4307 33.6006 0.0 39.0512 57.1618 48.3839 9.84886 72.4224 66.1287 62.2933 27.5136 33.6155 52.2015 12.3693 93.7264 87.2682 52.0 24.7386 81.1417 102.776 7.2111 66.8373 21.8403 69.8143 34.1321 80.2247 61.8466 50.0 68.2732 26.9258 44.8219 68.1243 54.0093 26.9072 25.0799 49.6588 73.0 62.1828 76.1643 17.088 64.2884 76.922 11.3137 55.1133 50.8274 57.7235 95.4715 
27.5136 41.8808 11.1803 20.8806 61.311 39.0512 0.0 22.8254 25.2982 31.7805 84.9596 80.8084 41.5025 12.0 59.9828 26.8328 26.6833 64.0178 68.0294 58.1841 35.3412 46.6154 74.4017 44.2832 36.1386 60.8769 46.2709 60.758 84.2619 24.2074 46.3801 41.7732 20.0 27.8568 54.0402 18.868 58.6941 17.0294 70.6762 75.0983 30.0832 75.2912 56.0446 57.0606 88.1523 49.0408 66.5282 62.3699 18.6815 63.1348 
28.3245 62.9682 22.0 35.0672 75.1621 57.1618 22.8254 0.0 44.1022 51.8556 82.844 82.4113 29.7351 30.4795 73.8339 44.0114 45.2636 41.2311 48.8365 61.6728 47.4187 24.0832 51.6236 61.1289 15.1327 78.7307 26.6833 74.609 75.0067 9.43398 44.4505 21.2132 42.72 29.0045 39.1152 30.4138 72.8045 39.2046 83.3769 65.8597 9.48683 64.3817 74.1694 45.9674 83.812 68.0539 70.8865 70.3956 16.5529 40.3113 
52.811 43.0116 22.2036 41.0366 78.2304 48.3839 25.2982 44.1022 0.0 38.6005 108.074 103.408 66.8007 31.241 76.9376 4.0 38.4708 84.1724 92.1954 81.4367 55.8659 64.846 94.5939 55.3624 59.0085 67.6018 70.0643 77.7128 108.541 40.5216 70.7849 65.0 21.5407 53.1413 79.2413 16.1245 73.7902 24.6982 91.8144 99.5031 53.0 100.166 62.6498 82.3492 111.4 54.4518 89.4986 85.1469 30.6757 82.28 
43.8292 11.6619 41.4849 21.0238 42.45 9.84886 31.7805 51.8556 38.6005 0.0 79.6371 73.4809 56.1269 21.4009 42.0119 42.45 7.61577 91.894 86.7414 56.7186 28.1603 75.8431 101.111 17.0 62.6944 30.0666 68.0955 42.638 85.3288 55.5698 52.2398 66.4408 17.2627 43.382 69.151 45.0999 36.4005 16.1245 57.4543 77.5242 56.8842 80.0999 25.0799 66.4831 84.0774 17.4642 61.6941 57.2357 50.3289 93.6391 
70.6752 86.6833 94.9814 67.2012 42.0476 72.4224 84.9596 82.844 108.074 79.6371 0.0 7.07107 53.1688 76.8375 40.3113 110.635 74.6044 87.023 62.514 27.8029 53.0412 90.0315 90.3549 66.9403 73.4264 75.0067 66.4906 40.1995 19.4165 92.1644 44.656 70.6045 89.9043 69.9952 50.4876 103.639 51.0392 85.1472 24.0208 22.3607 75.1227 27.8927 75.2396 39.6232 5.09902 78.2624 18.6011 23.0217 98.5545 91.1373 
66.5332 80.3243 90.6951 62.4144 35.1283 66.1287 80.8084 82.4113 103.408 73.4809 7.07107 0.0 52.7361 72.1844 33.541 106.104 69.8587 88.1419 64.7611 25.0799 48.1775 89.9159 92.228 60.4401 73.1539 68.0294 66.3748 33.3766 24.7588 91.7317 44.2234 70.2192 85.0406 65.8532 51.0 99.4887 44.1022 80.2835 17.1172 25.4951 75.0111 31.305 68.3593 40.0 12.1655 71.5891 14.4222 18.4391 94.3109 92.0217 
14.1421 67.6848 48.3263 35.1885 63.9284 62.2933 41.5025 29.7351 66.8007 56.1269 53.1688 52.7361 0.0 40.0125 60.3815 68.2648 48.5129 42.0476 30.8707 31.9975 38.08 40.0253 49.6488 61.4007 20.6155 78.0321 17.088 61.1017 45.2769 39.0512 14.7752 19.0263 56.0089 14.0357 13.0384 57.6408 64.6328 51.0392 53.7017 36.1248 21.9545 34.8281 75.1707 16.4012 54.1368 72.913 41.2113 40.7204 45.6301 44.5982 
26.1725 32.5269 23.0868 10.0 49.6785 27.5136 12.0 30.4795 31.241 21.4009 76.8375 72.1844 40.0125 0.0 48.3503 33.9411 15.2315 71.9699 69.4262 50.2998 25.0 54.4901 81.1872 32.3883 41.3636 49.3356 49.4696 49.1254 78.4986 34.4384 40.8044 46.5658 16.0 26.0768 53.0377 29.7321 46.8722 11.0454 61.8609 69.4543 35.5533 70.214 44.5982 53.7822 80.2122 38.0132 58.258 53.9073 30.4138 70.591 
54.7857 47.4236 71.1589 39.233 3.60555 33.6155 59.9828 73.8339 76.9376 42.0119 40.3113 33.541 60.3815 48.3503 0.0 80.3145 38.9487 100.092 75.5458 28.6007 28.6913 99.0888 105.572 27.313 74.5678 35.2278 75.7637 1.0 52.1728 78.8329 47.078 78.6337 56.0803 54.1057 58.9343 78.0622 11.4018 52.2572 16.4924 47.1699 75.6958 51.8941 35.0143 48.2429 45.1774 38.0789 25.7099 22.4722 77.1626 103.058 
54.2769 47.0106 22.0227 43.8634 81.6333 52.2015 26.8328 44.0114 4.0 42.45 110.635 106.104 68.2648 33.9411 80.3145 0.0 42.0476 83.3607 92.5419 83.896 58.7963 63.7887 93.7443 59.1354 59.0762 71.5681 70.3491 81.0896 110.735 39.6232 72.8534 65.123 25.2982 54.6339 80.1303 14.5602 77.3886 28.178 95.7802 101.572 53.1507 102.026 66.6108 83.83 113.864 58.4209 92.0978 87.7838 29.6142 81.2527 
36.2353 19.2354 37.2156 13.4164 40.0 12.3693 26.6833 45.2636 38.4708 7.61577 74.6044 69.8587 48.5129 15.2315 38.9487 42.0476 0.0 84.3315 79.1274 50.448 21.8403 69.2434 93.5489 18.0278 57.4425 34.2053 60.5392 39.6989 79.0759 49.6588 45.0444 58.8784 17.2047 35.7771 61.6719 42.19 35.3412 13.9284 53.8378 71.0211 50.2845 73.3348 29.4109 59.2115 78.3898 22.8254 56.0469 51.5885 45.3542 86.0767 
48.2742 103.553 62.0967 70.9607 103.639 93.7264 64.0178 41.2311 84.1724 91.894 87.023 88.1419 42.0476 71.9699 100.092 83.3607 84.3315 0.0 26.9258 67.9703 74.5441 20.0 10.4403 94.977 30.8136 112.87 25.0599 100.812 72.1803 43.7379 54.4855 25.6155 83.8773 48.9183 37.3363 68.884 104.343 80.3113 89.6744 65.2763 36.8943 60.6712 109.089 48.2597 86.2844 105.002 77.1841 76.6932 53.7587 5.0 
43.4166 98.2993 70.5762 65.7875 79.0325 87.2682 68.0294 48.8365 92.1954 86.7414 62.514 64.7611 30.8707 69.4262 75.5458 92.5419 79.1274 26.9258 0.0 47.2487 63.0549 39.0512 28.0 86.3756 33.7343 103.005 22.2036 76.2078 46.0977 55.7465 38.9487 27.6586 85.1587 43.6807 19.2094 79.2465 86.0922 80.4114 68.884 40.1995 39.4588 35.0143 100.146 27.4591 61.0737 97.8879 55.9464 55.9464 65.3182 31.7805 
43.8997 66.0681 68.2059 41.1461 32.0156 52.0 58.1841 61.6728 81.4367 56.7186 27.8029 25.0799 31.9975 50.2998 28.6007 83.896 50.448 67.9703 47.2487 0.0 28.6356 69.1773 73.0864 48.3766 52.4154 61.6918 45.6362 29.2062 28.6356 70.9931 23.4848 50.2498 64.4748 43.2198 30.6371 77.1859 39.4462 59.5063 22.1359 21.0 54.2725 24.5153 60.2476 19.9458 30.4138 60.5404 11.1803 9.21954 71.779 71.6097 
26.3919 38.1182 46.2385 15.0 30.0195 24.7386 35.3412 47.4187 55.8659 28.1603 53.0412 48.1775 38.08 25.0 28.6913 58.7963 21.8403 74.5441 63.0549 28.6356 0.0 71.3985 83.7011 23.3238 47.7629 40.3609 50.6977 29.4664 57.2713 52.4177 25.2982 49.0501 36.8917 25.712 43.909 54.1202 27.6619 32.2025 37.8539 49.366 47.3021 52.0096 37.2022 39.5601 56.8243 34.9285 34.4837 30.0252 50.9902 76.3364 
45.1229 87.0006 43.0813 59.047 102.636 81.1417 46.6154 24.0832 64.846 75.8431 90.0315 89.9159 40.0253 54.4901 99.0888 63.7887 69.2434 20.0 39.0512 69.1773 71.3985 0.0 30.1496 85.1087 27.6623 102.711 23.547 99.809 78.2943 24.3516 53.4825 22.4642 66.6108 45.7839 39.9365 49.2443 103.34 63.2535 92.4089 70.019 31.8892 66.6408 98.1492 50.4491 90.2653 92.0337 78.3911 77.9001 34.2053 17.4642 
57.3149 112.77 72.5328 80.0102 110.452 102.776 74.4017 51.6236 94.5939 101.111 90.3549 92.228 49.6488 81.1872 105.572 93.7443 93.5489 10.4403 28.0 73.0864 83.7011 30.1496 0.0 104.087 40.0309 122.027 33.3017 106.292 74.0608 54.1295 61.2944 34.8281 94.2612 58.0 42.72 79.2465 111.156 90.82 94.7906 68.1175 46.1117 63.0079 118.199 53.1601 89.0505 114.051 82.28 81.8093 64.1327 13.0384 
46.7777 20.1246 55.0818 26.4008 26.9258 7.2111 44.2832 61.1289 55.3624 17.0 66.9403 60.4401 61.4007 32.3883 27.313 59.1354 18.0278 94.977 86.3756 48.3766 23.3238 85.1087 104.087 0.0 68.1487 18.0278 71.0834 27.7308 76.0 66.0984 48.3667 69.5846 33.8378 46.0977 67.2309 60.208 19.799 31.5753 43.6578 69.2874 67.6879 72.8354 14.1421 62.5986 71.5891 12.1655 50.2494 46.0977 62.8013 96.7222 
21.3851 73.8905 37.054 44.0716 77.4848 66.8373 36.1386 15.1327 59.0085 62.6944 73.4264 73.1539 20.6155 41.3636 74.5678 59.0762 57.4425 30.8136 33.7343 52.4154 47.7629 27.6623 40.0309 68.1487 0.0 86.0884 11.7047 75.3429 64.0703 24.1421 35.1931 6.08276 55.1543 22.065 26.1725 45.5428 75.1273 50.9963 74.1195 55.2268 6.08276 52.8015 82.2607 34.9857 74.3236 78.1125 61.6292 61.1382 31.6064 32.5587 
64.7174 25.2982 71.1969 44.2945 33.0151 21.8403 60.8769 78.7307 67.6018 30.0666 75.0067 68.0294 78.0321 49.3356 35.2278 71.5681 34.2053 112.87 103.005 61.6918 40.3609 102.711 122.027 18.0278 86.0884 0.0 89.0231 35.1283 87.2983 83.5703 64.7319 87.5243 47.0106 64.0374 83.8187 75.1665 24.0208 46.1736 51.0 81.7435 85.6276 86.0233 5.0 80.8664 80.0 13.1529 60.8276 57.2713 79.555 114.662 
24.4131 79.7559 48.3735 47.1699 79.3107 69.8143 46.2709 26.6833 70.0643 68.0955 66.4906 66.3748 17.088 49.4696 75.7637 70.3491 60.5392 25.0599 22.2036 45.6362 50.6977 23.547 33.3017 71.0834 11.7047 89.0231 0.0 76.4839 55.0091 35.7099 30.1575 5.83095 64.4256 25.0 16.5529 57.0701 80.0151 60.3864 67.3404 46.6154 17.2627 43.4166 85.1955 26.9258 66.7608 81.0668 54.85 54.3591 43.1742 27.5136 
55.5608 47.8539 71.934 40.0081 2.82843 34.1321 60.758 74.609 77.7128 42.638 40.1995 33.3766 61.1017 49.1254 1.0 81.0896 39.6989 100.812 76.2078 29.2062 29.4664 99.809 106.292 27.7308 75.3429 35.1283 76.4839 0.0 52.3927 79.608 47.7982 79.3539 56.8507 54.8808 59.5963 78.8373 11.1803 53.0094 16.2788 47.5395 76.4709 52.3259 35.0571 48.9049 45.0999 38.3275 25.9615 22.8473 77.9377 103.778 
57.9828 94.4299 93.6282 69.3659 54.8179 80.2247 84.2619 75.0067 108.541 85.3288 19.4165 24.7588 45.2769 78.4986 52.1728 110.735 79.0759 72.1803 46.0977 28.6356 57.2713 78.2943 74.0608 76.0 64.0703 87.2983 55.0091 52.3927 0.0 84.3303 37.89 60.0333 92.7442 57.6257 38.4708 102.694 63.561 87.7455 38.0789 9.21954 66.8431 11.7047 86.5794 29.2062 16.1555 88.0227 26.4764 30.1496 90.9017 76.6877 
37.6449 66.0303 18.7883 40.0662 80.1611 61.8466 24.2074 9.43398 40.5216 55.5698 92.1644 91.7317 39.0512 34.4384 78.8329 39.6232 49.6588 43.7379 55.7465 70.9931 52.4177 24.3516 54.1295 66.0984 24.1421 83.5703 35.7099 79.608 84.3303 0.0 53.7708 36.0483 43.8406 38.3248 48.2753 25.1794 77.8035 41.2311 85.8592 75.1665 18.544 73.6553 78.924 55.2548 93.1324 72.45 80.2069 79.716 10.0499 41.7612 
27.329 62.9682 55.7464 33.2415 50.6249 50.0 46.3801 44.4505 70.7849 52.2398 44.656 44.2234 14.7752 40.8044 47.078 72.8534 45.0444 54.4855 38.9487 23.4848 25.2982 53.4825 61.2944 48.3667 35.1931 64.7319 30.1575 47.7982 37.89 53.7708 0.0 33.0275 56.2939 26.972 19.799 64.8119 51.3293 51.1957 45.1889 28.7264 37.0502 29.4109 61.9492 14.3178 45.6241 60.1669 32.6986 32.2077 60.3455 57.452 
22.821 78.0995 43.1045 45.5076 82.1807 68.2732 41.7732 21.2132 65.0 66.4408 70.6045 70.2192 19.0263 46.5658 78.6337 65.123 58.8784 25.6155 27.6586 50.2498 49.0501 22.4642 34.8281 69.5846 6.08276 87.5243 5.83095 79.3539 60.0333 36.0483 33.0275 0.0 60.4085 23.501 21.6333 51.6236 76.4144 56.1985 71.9539 51.4296 12.0 48.5489 83.6966 31.3847 71.1688 79.5484 59.4635 58.9726 37.688 27.3607 
42.107 24.0416 26.9258 23.4094 57.2014 26.9258 20.0 42.72 21.5407 17.2627 89.9043 85.0406 56.0089 16.0 56.0803 25.2982 17.2047 83.8773 85.1587 64.4748 36.8917 66.6108 94.2612 33.8378 55.1543 47.0106 64.4256 56.8507 92.7442 43.8406 56.2939 60.4085 0.0 42.0476 69.029 28.6356 52.3546 5.09902 70.9574 84.3613 49.2443 85.6154 42.0119 69.5845 93.6483 34.0147 71.3442 66.8883 36.6197 83.0122 
1.0 55.0091 36.1893 22.3607 55.4339 44.8219 27.8568 29.0045 53.1413 43.382 69.9952 65.8532 14.0357 26.0768 54.1057 54.6339 35.7771 48.9183 43.6807 43.2198 25.712 45.7839 58.0 46.0977 22.065 64.0374 25.0 54.8808 57.6257 38.3248 26.972 23.501 42.0476 0.0 27.0 45.2548 53.0763 37.1214 56.0119 48.4416 21.6042 47.4386 60.2097 29.2081 73.188 56.0803 51.5706 47.4151 39.7623 50.6803 
27.0185 80.3423 58.8727 48.1268 62.421 68.1243 54.0402 39.1152 79.2413 69.151 50.4876 51.0 13.0384 53.0377 58.9343 80.1303 61.6719 37.3363 19.2094 30.6371 43.909 39.9365 42.72 67.2309 26.1725 83.8187 16.5529 59.5963 38.4708 48.2753 19.799 21.6333 69.029 27.0 0.0 68.1542 70.4161 64.0703 52.3413 30.0832 30.0 26.9258 80.9938 11.0 50.448 78.7439 39.8121 39.36 55.5698 41.0488 
44.8978 52.6308 9.43398 39.3954 79.3903 54.0093 18.868 30.4138 16.1245 45.0999 103.639 99.4887 57.6408 29.7321 78.0622 14.5602 42.19 68.884 79.2465 77.1859 54.1202 49.2443 79.2465 60.208 45.5428 75.1665 57.0701 78.8373 102.694 25.1794 64.8119 51.6236 28.6356 45.2548 68.1542 0.0 76.4003 29.0172 89.4638 93.5301 39.8121 92.6815 70.1783 73.9179 107.154 62.3939 85.2143 81.0555 15.1327 66.7083 
53.7563 39.4081 69.8713 38.1182 9.0 26.9072 58.6941 72.8045 73.7902 36.4005 51.0392 44.1022 64.6328 46.8722 11.4018 77.3886 35.3412 104.343 86.0922 39.4462 27.6619 103.34 111.156 19.799 75.1273 24.0208 80.0151 11.1803 63.561 77.8035 51.3293 76.4144 52.3546 53.0763 70.4161 76.4003 0.0 49.2443 27.0185 58.5235 74.6664 63.1585 24.3311 58.7893 56.0089 28.6356 37.108 33.8378 76.1052 107.31 
37.2156 25.0599 25.632 18.3848 53.535 25.0799 17.0294 39.2046 24.6982 16.1245 85.1472 80.2835 51.0392 11.0454 52.2572 28.178 13.9284 80.3113 80.4114 59.5063 32.2025 63.2535 90.82 31.5753 50.9963 46.1736 60.3864 53.0094 87.7455 41.2311 51.1957 56.1985 5.09902 37.1214 64.0703 29.0172 49.2443 0.0 67.1339 79.3625 45.1774 80.5233 41.1947 64.4981 88.8369 33.541 66.5733 62.1289 34.8855 79.4462 
56.6918 63.6946 80.7765 52.0908 18.0278 49.6588 70.6762 83.3769 91.8144 57.4543 24.0208 17.1172 53.7017 61.8609 16.4924 95.7802 53.8378 89.6744 68.884 22.1359 37.8539 92.4089 94.7906 43.6578 74.1195 51.0 67.3404 16.2788 38.0789 85.8592 45.1889 71.9539 70.9574 56.0119 52.3413 89.4638 27.0185 67.1339 0.0 35.0 75.9766 40.4599 51.2445 41.6293 29.0 54.5711 13.4536 13.0 84.4332 93.3139 
48.7986 87.0517 84.4645 60.983 50.1597 73.0 75.0983 65.8597 99.5031 77.5242 22.3607 25.4951 36.1248 69.4543 47.1699 101.572 71.0211 65.2763 40.1995 21.0 49.366 70.019 68.1175 69.2874 55.2268 81.7435 46.6154 47.5395 9.21954 75.1665 28.7264 51.4296 84.3613 48.4416 30.0832 93.5301 58.5235 79.3625 35.0 0.0 57.8014 5.83095 80.604 20.2485 21.0238 81.4167 21.9545 24.6982 81.7547 69.5845 
20.9242 68.0803 31.1448 40.0881 77.024 62.1828 30.0832 9.48683 53.0 56.8842 75.1227 75.0111 21.9545 35.5533 75.6958 53.1507 50.2845 36.8943 39.4588 54.2725 47.3021 31.8892 46.1117 67.6879 6.08276 85.6276 17.2627 76.4709 66.8431 18.544 37.0502 12.0 49.2443 21.6042 30.0 39.8121 74.6664 45.1774 75.9766 57.8014 0.0 55.9017 81.7999 37.6431 76.0907 73.0748 63.4863 62.9954 26.0 38.6395 
47.7957 90.0222 83.6159 62.3753 55.0091 76.1643 75.2912 64.3817 100.166 80.0999 27.8927 31.305 34.8281 70.214 51.8941 102.026 73.3348 60.6712 35.0143 24.5153 52.0096 66.6408 63.0079 72.8354 52.8015 86.0233 43.4166 52.3259 11.7047 73.6553 29.4109 48.5489 85.6154 47.4386 26.9258 92.6815 63.1585 80.5233 40.4599 5.83095 55.9017 0.0 84.6483 18.4391 26.0768 85.0 27.2029 29.5296 80.3431 65.1153 
60.8897 20.6155 66.2873 39.9625 33.2415 17.088 56.0446 74.1694 62.6498 25.0799 75.2396 68.3593 75.1707 44.5982 35.0143 66.6108 29.4109 109.089 100.146 60.2476 37.2022 98.1492 118.199 14.1421 82.2607 5.0 85.1955 35.0571 86.5794 78.924 61.9492 83.6966 42.0119 60.2097 80.9938 70.1783 24.3311 41.1947 51.2445 80.604 81.7999 84.6483 0.0 76.1811 80.1561 8.24621 60.208 56.4358 74.7262 110.834 
29.5651 77.2787 64.6034 47.0106 51.7296 64.2884 57.0606 45.9674 82.3492 66.4831 39.6232 40.0 16.4012 53.7822 48.2429 83.83 59.2115 48.2597 27.4591 19.9458 39.5601 50.4491 53.1601 62.5986 34.9857 80.8664 26.9258 48.9049 29.2062 55.2548 14.3178 31.3847 69.5845 29.2081 11.0 73.9179 58.7893 64.4981 41.6293 20.2485 37.6431 18.4391 76.1811 0.0 39.8497 74.3988 29.1204 28.6356 61.9072 52.0384 
66.6906 91.214 98.1742 70.7248 47.0106 76.922 88.1523 83.812 111.4 84.0774 5.09902 12.1655 54.1368 80.2122 45.1774 113.864 78.3898 86.2844 61.0737 30.4138 56.8243 90.2653 89.0505 71.5891 74.3236 80.0 66.7608 45.0999 16.1555 93.1324 45.6241 71.1688 93.6483 73.188 50.448 107.154 56.0089 88.8369 29.0 21.0238 76.0907 26.0768 80.1561 39.8497 0.0 83.0241 22.3607 26.8328 99.7071 90.5539 
56.7274 12.53 58.9406 34.7131 37.0 11.3137 49.0408 68.0539 54.4518 17.4642 78.2624 71.5891 72.913 38.0132 38.0789 58.4209 22.8254 105.002 97.8879 60.5404 34.9285 92.0337 114.051 12.1655 78.1125 13.1529 81.0668 38.3275 88.0227 72.45 60.1669 79.5484 34.0147 56.0803 78.7439 62.3939 28.6356 33.541 54.5711 81.4167 73.0748 85.0 8.24621 74.3988 83.0241 0.0 62.0725 58.0086 67.6757 106.747 
52.2505 69.4309 76.4125 48.6004 28.4605 55.1133 66.5282 70.8865 89.4986 61.6941 18.6011 14.4222 41.2113 58.258 25.7099 92.0978 56.0469 77.1841 55.9464 11.1803 34.4837 78.3911 82.28 50.2494 61.6292 60.8276 54.85 25.9615 26.4764 80.2069 32.6986 59.4635 71.3442 51.5706 39.8121 85.2143 37.108 66.5733 13.4536 21.9545 63.4863 27.2029 60.208 29.1204 22.3607 62.0725 0.0 4.47214 80.0282 80.8235 
48.0951 65.1449 72.257 44.2041 25.4951 50.8274 62.3699 70.3956 85.1469 57.2357 23.0217 18.4391 40.7204 53.9073 22.4722 87.7838 51.5885 76.6932 55.9464 9.21954 30.0252 77.9001 81.8093 46.0977 61.1382 57.2713 54.3591 22.8473 30.1496 79.716 32.2077 58.9726 66.8883 47.4151 39.36 81.0555 33.8378 62.1289 13.0 24.6982 62.9954 29.5296 56.4358 28.6356 26.8328 58.0086 4.47214 0.0 75.8728 80.3326 
44.2195 59.9416 9.89949 38.0132 78.4907 57.7235 18.6815 16.5529 30.6757 50.3289 98.5545 94.3109 45.6301 30.4138 77.1626 29.6142 45.3542 53.7587 65.3182 71.779 50.9902 34.2053 64.1327 62.8013 31.6064 79.555 43.1742 77.9377 90.9017 10.0499 60.3455 37.688 36.6197 39.7623 55.5698 15.1327 76.1052 34.8855 84.4332 81.7547 26.0 80.3431 74.7262 61.9072 99.7071 67.6757 80.0282 75.8728 0.0 51.6624 
50.0193 103.101 60.407 72.7059 106.605 95.4715 63.1348 40.3113 82.28 93.6391 91.1373 92.0217 44.5982 70.591 103.058 81.2527 86.0767 5.0 31.7805 71.6097 76.3364 17.4642 13.0384 96.7222 32.5587 114.662 27.5136 103.778 76.6877 41.7612 57.452 27.3607 83.0122 50.6803 41.0488 66.7083 107.31 79.4462 93.3139 69.5845 38.6395 65.1153 110.834 52.0384 90.5539 106.747 80.8235 80.3326 51.6624 0.0 
DEMAND_SCENARIO_SECTION
0 0 0 0 0 0 0 0 0 0 0 0 0 0 0 0 0 0 0 0 0 0 0 0 0 0 0 0 0 0 0 0 0 0 0 0 0 0 0 0 0 0 0 0 0 0 0 0 0 0 0 0 0 0 0 0 0 0 0 0 0 0 0 0 0 0 0 0 0 0 0 0 0 0 0 0 0 0 0 0 0 0 0 0 0 0 0 0 0 0 0 0 0 0 0 0 0 0 0 0 0 0 0 0 0 0 0 0 0 0 0 0 0 0 0 0 0 0 0 0 0 0 0 0 0 0 0 0 0 0 0 0 0 0 0 0 0 0 0 0 0 0 0 0 0 0 0 0 0 0 0 0 0 0 0 0 0 0 0 0 0 0 0 0 0 0 0 0 0 0 0 0 0 0 0 0 0 0 0 0 0 0 0 0 0 0 0 0 0 0 0 0 0 0 0 0 0 0 0 0 
14 9 8 12 5 14 6 17 12 7 9 10 9 7 12 11 6 12 11 13 12 10 10 9 9 8 5 10 10 9 7 11 12 13 10 12 10 1 12 8 8 8 5 7 7 7 8 7 15 10 12 5 11 10 6 11 6 12 9 5 8 12 10 13 6 13 11 12 5 8 11 7 5 9 10 10 13 16 3 14 11 9 3 11 8 12 12 9 11 15 9 8 7 9 9 17 8 9 9 11 12 10 13 7 13 9 10 5 9 6 14 11 12 7 12 13 13 9 5 9 7 9 11 12 10 3 13 6 10 10 2 13 7 16 7 10 9 7 16 8 8 7 14 11 10 6 7 7 14 20 15 8 9 10 11 8 16 5 5 11 7 12 9 12 6 7 17 11 7 6 15 7 9 9 6 8 10 13 10 13 11 7 9 10 10 4 15 6 13 9 14 11 17 12 8 8 12 10 2 14 
7 10 7 8 9 3 8 9 10 6 9 9 8 5 10 10 10 3 4 13 9 6 6 11 6 13 12 10 5 5 9 11 4 12 10 9 4 10 16 5 8 9 6 9 11 11 8 10 6 0 11 12 5 9 7 8 7 10 12 11 11 10 5 6 5 12 10 11 6 8 9 7 13 8 4 7 13 13 5 6 8 10 8 14 9 5 12 9 6 3 6 16 4 6 5 5 2 8 12 7 7 9 7 12 3 7 5 6 8 7 8 8 6 7 7 9 6 6 10 7 5 9 12 12 11 10 8 9 12 10 8 9 6 7 9 11 10 10 7 9 9 7 9 6 11 3 7 6 10 5 9 11 4 10 11 8 6 7 11 10 9 6 8 10 6 14 9 8 8 12 5 6 6 9 9 6 7 7 6 4 7 11 8 11 3 9 12 10 5 7 13 5 7 9 7 9 8 7 7 13 
12 8 8 9 8 5 8 12 6 7 15 11 11 11 13 8 9 8 9 6 9 10 9 7 6 9 17 4 15 12 8 12 8 10 14 8 11 5 9 12 9 7 7 11 5 2 8 11 11 13 14 9 12 11 9 5 12 10 6 14 15 6 8 12 8 8 13 11 8 6 14 12 13 10 5 11 16 2 6 11 9 11 13 9 5 6 11 10 7 10 7 9 15 4 7 6 11 7 6 3 13 7 4 8 12 13 13 14 9 12 11 12 8 9 5 9 8 8 5 5 10 7 13 6 8 10 4 9 10 12 13 8 13 9 10 13 13 9 10 5 6 8 7 11 9 10 14 9 10 9 8 7 9 14 9 10 13 8 8 14 8 12 6 15 6 9 6 9 12 12 2 3 2 8 10 10 12 11 6 10 11 12 6 6 6 6 10 12 7 7 6 6 10 11 10 7 4 6 8 6 
8 7 4 10 8 10 5 3 3 13 8 9 9 5 4 10 3 9 10 7 7 9 8 7 6 2 9 9 7 10 5 11 2 10 9 9 9 8 9 9 12 9 10 7 9 14 11 6 8 12 6 10 15 5 7 11 3 11 7 9 12 9 7 12 6 9 8 10 3 10 5 6 8 9 7 12 9 6 9 8 10 4 7 1 5 8 3 6 8 7 13 11 8 8 9 9 10 9 9 6 7 9 10 4 9 7 10 8 11 7 5 8 4 6 8 15 7 4 8 8 8 8 9 6 10 3 12 10 9 6 7 6 3 11 9 2 11 9 10 3 10 10 8 8 8 10 7 10 11 9 8 8 8 9 12 6 7 6 11 9 5 6 5 10 4 9 9 5 4 6 8 2 2 7 8 15 9 11 9 10 15 9 11 9 8 7 5 6 9 10 5 12 8 9 13 7 6 11 10 7 
7 11 8 7 10 9 7 5 13 4 9 9 5 6 9 7 5 5 6 6 9 9 6 4 10 2 5 6 11 3 10 8 8 5 7 7 6 3 9 8 12 3 3 13 9 7 4 5 6 5 4 7 7 6 6 5 6 6 9 7 11 8 10 7 5 9 11 9 5 4 5 4 5 3 9 9 11 10 7 11 6 7 6 7 5 7 7 8 5 6 6 7 6 7 8 9 9 5 5 5 5 6 6 9 2 5 7 6 10 7 6 6 3 10 5 2 7 7 9 5 7 10 4 7 10 8 3 8 9 6 5 3 5 7 7 8 13 6 9 8 3 11 8 9 8 6 8 8 8 6 6 4 5 9 5 8 3 7 5 10 6 10 9 7 8 8 7 10 7 8 7 4 8 5 5 6 5 5 3 3 3 7 6 9 8 6 7 7 8 6 13 10 6 4 6 4 10 8 6 10 
5 6 7 7 6 7 9 7 7 12 7 11 9 6 8 11 4 5 5 9 9 10 11 8 5 6 9 9 4 7 4 12 6 5 3 9 13 7 7 8 10 10 3 11 9 7 7 6 6 10 7 9 5 7 4 8 7 2 5 10 9 3 8 9 4 5 6 5 9 6 11 5 9 10 6 9 10 4 8 7 8 8 8 6 9 9 2 15 7 6 4 5 4 9 8 0 6 7 9 11 7 6 6 3 10 7 11 3 5 10 2 8 5 5 3 6 6 8 8 14 7 0 9 10 8 2 2 10 12 5 5 8 3 4 7 8 3 8 4 6 5 9 7 6 6 4 8 6 9 8 11 8 11 8 7 10 3 6 9 9 5 8 8 10 7 6 5 10 9 8 8 5 3 10 9 7 8 7 9 1 9 8 11 1 6 8 9 8 9 7 9 4 6 8 12 7 8 5 6 5 
5 7 8 9 7 6 4 7 5 6 7 4 6 6 7 7 9 5 6 6 10 6 5 6 6 6 4 5 6 7 7 5 7 7 5 5 8 7 6 3 6 6 2 3 7 6 6 5 10 6 3 8 5 4 2 6 7 0 5 4 5 6 7 8 4 6 7 6 8 7 8 5 5 10 7 8 5 3 6 6 4 6 6 7 6 5 5 9 4 9 3 0 6 8 4 6 7 9 5 6 4 7 9 4 2 3 7 5 4 3 6 6 5 7 4 5 5 3 7 8 4 5 2 5 3 8 6 4 8 5 7 5 4 6 4 6 8 6 8 8 8 5 8 8 6 7 8 7 6 4 7 8 4 10 5 6 5 7 7 4 7 6 6 5 6 3 4 7 5 3 5 6 9 4 3 1 10 5 5 4 6 6 1 8 8 5 6 7 5 6 6 7 4 7 9 6 4 9 8 7 
4 5 1 6 6 4 6 3 4 5 4 2 4 5 5 2 6 5 4 6 6 7 7 7 4 8 4 5 6 8 6 6 7 6 6 3 5 8 7 2 8 6 4 5 6 4 4 4 4 3 4 5 3 1 4 4 4 5 7 4 1 6 6 5 8 1 5 2 3 8 4 5 5 4 6 2 1 2 5 5 7 5 5 8 6 4 6 5 3 3 4 7 3 5 5 4 3 3 6 6 3 3 3 2 1 3 5 6 5 4 2 4 4 5 3 5 6 4 5 5 7 5 3 3 5 3 4 6 6 2 4 3 8 2 7 5 4 6 2 5 6 2 4 6 8 7 5 5 6 6 7 7 8 7 6 4 5 6 5 5 5 5 4 4 4 7 7 6 6 6 4 5 4 6 5 5 8 4 7 3 5 7 1 6 3 6 4 7 5 2 5 4 5 4 5 6 3 5 3 7 
7 7 6 6 6 6 3 6 6 9 6 9 7 7 5 3 2 6 8 6 5 4 4 4 5 7 6 4 2 4 5 7 5 7 6 3 5 9 6 6 7 4 5 8 3 6 3 8 1 5 6 4 2 9 4 5 3 5 5 6 4 4 5 5 6 10 2 3 3 8 5 6 4 4 6 7 3 7 9 2 5 6 5 4 8 5 6 5 6 4 3 6 6 4 7 5 7 6 6 5 7 6 5 6 9 3 4 4 3 4 1 6 5 6 4 7 5 6 3 5 5 8 4 6 4 5 9 4 2 4 5 4 4 3 4 5 5 4 5 5 0 5 4 7 6 4 5 4 6 4 3 4 4 8 6 3 6 5 5 4 6 8 4 2 6 7 5 5 5 4 4 7 5 5 5 5 5 6 4 2 5 5 6 4 6 5 2 5 7 5 2 6 6 4 6 6 5 3 4 3 
2 4 4 5 3 4 5 4 3 6 4 4 4 5 4 4 4 4 4 4 4 7 3 5 3 4 5 7 4 3 4 3 4 5 6 6 4 5 5 4 4 4 8 5 3 2 4 5 4 4 3 3 5 3 3 4 6 1 4 4 3 3 7 3 2 4 5 2 5 4 3 4 4 3 3 2 5 2 5 6 5 7 3 5 4 5 3 4 1 4 5 5 6 4 6 6 4 6 5 5 4 5 6 3 3 5 5 3 3 4 4 4 4 6 5 5 4 4 5 6 4 4 5 5 2 4 4 4 5 3 4 4 4 6 5 4 4 2 4 5 5 4 6 3 5 4 4 3 4 3 6 1 3 4 4 4 5 4 7 5 6 5 6 3 3 3 4 4 6 5 4 5 2 4 3 6 4 6 5 4 4 3 4 5 2 3 1 7 3 5 3 3 4 5 6 3 3 5 6 3 
6 8 4 10 8 6 5 5 5 6 8 6 4 7 8 9 9 8 13 7 5 8 7 8 9 5 6 5 7 7 12 9 2 6 10 9 4 6 10 8 7 4 8 7 8 8 5 7 12 10 7 7 8 12 8 8 10 5 11 7 5 9 6 5 10 10 7 5 3 7 6 11 3 7 2 8 6 4 6 7 5 6 6 6 12 4 10 5 2 4 9 6 5 7 8 8 5 8 9 7 8 4 3 8 7 10 6 4 6 8 6 6 5 8 8 10 4 5 5 7 10 7 6 7 8 6 5 5 9 11 6 8 9 11 11 5 6 10 9 7 7 9 9 2 6 6 8 7 5 10 6 6 7 8 9 6 10 10 10 6 8 11 7 4 8 12 8 6 7 5 3 8 11 9 10 7 5 8 5 7 7 8 9 5 6 9 7 8 3 8 11 9 10 5 9 2 10 6 9 5 
14 12 4 15 11 4 8 8 4 13 9 10 9 7 11 14 9 11 7 11 8 7 13 13 5 12 4 13 9 12 7 3 6 8 5 10 4 9 8 7 11 9 6 9 9 8 7 8 9 11 10 6 11 7 8 9 6 9 10 6 6 5 9 10 15 3 9 4 15 7 11 11 8 11 11 11 10 7 8 12 9 13 6 6 11 9 7 6 12 8 12 6 8 9 9 12 9 8 8 9 9 6 6 3 12 5 10 8 4 15 7 11 9 5 8 7 7 9 7 9 9 9 8 10 11 9 8 11 9 7 8 9 7 5 6 11 3 7 8 7 11 6 7 11 4 7 10 9 9 12 8 12 9 10 7 7 11 14 9 14 12 15 5 8 6 9 7 5 11 7 7 14 8 14 13 9 4 3 9 3 11 9 8 6 5 7 7 7 7 10 11 12 11 14 10 9 7 4 11 12 
5 5 3 1 5 6 3 2 2 4 7 3 2 3 6 2 5 6 3 6 6 5 4 3 5 2 1 3 4 3 5 4 3 3 5 3 6 5 4 4 5 4 4 4 5 6 5 4 5 3 5 4 5 5 5 5 4 2 6 3 5 4 4 4 5 3 5 4 4 1 3 5 3 2 4 4 4 5 4 6 2 4 6 4 3 5 5 6 3 4 4 2 5 4 5 3 3 4 5 3 4 7 3 4 4 4 3 4 4 5 4 5 4 4 5 3 3 6 6 6 5 5 4 5 5 3 5 6 5 4 3 4 5 3 2 3 4 5 4 5 4 1 2 4 5 5 3 6 3 7 4 3 4 6 3 4 2 5 4 3 5 4 4 4 2 3 3 3 4 5 3 2 6 5 4 6 4 5 6 3 4 3 4 4 6 5 3 4 4 4 3 4 5 5 3 4 2 5 4 3 
11 9 10 9 5 8 11 11 10 9 7 10 5 9 5 14 8 5 7 8 9 8 12 5 6 16 15 8 7 13 8 8 10 16 4 9 11 6 13 5 14 10 11 15 16 7 9 8 10 8 11 9 10 5 8 6 8 12 5 9 4 12 7 9 8 10 13 11 7 10 13 12 10 9 9 10 11 7 7 6 12 9 13 10 8 11 5 9 12 8 5 8 10 9 10 10 9 10 7 9 7 3 5 7 9 12 9 9 11 13 11 5 12 4 7 12 15 4 13 8 9 13 6 7 8 14 6 8 17 9 11 7 12 8 5 10 5 8 13 4 13 10 11 10 9 10 8 12 11 9 11 5 7 15 11 9 11 3 8 9 7 13 6 14 11 9 12 6 3 6 6 7 9 12 11 13 8 11 11 2 9 10 6 12 15 8 13 7 11 13 7 12 8 8 9 10 5 8 12 7 
2 3 4 3 4 2 2 2 2 3 3 2 2 2 2 3 4 3 4 4 4 4 4 2 2 2 4 2 4 2 2 4 4 4 3 4 3 3 2 2 4 4 3 2 3 5 3 1 2 3 3 3 3 3 3 1 5 2 3 4 3 3 3 1 2 4 3 3 5 3 3 4 3 1 3 3 2 2 2 5 1 4 3 3 2 5 3 3 1 2 4 3 3 2 3 4 5 2 1 2 3 3 2 3 3 4 2 2 3 4 4 3 3 3 4 3 3 2 3 3 3 4 4 4 3 2 3 4 3 4 5 1 3 3 3 5 2 2 3 4 2 2 1 3 3 2 4 3 3 3 2 1 4 1 4 3 3 3 2 3 3 4 2 5 3 0 1 3 1 3 2 2 3 2 5 1 2 3 3 4 4 2 3 3 3 3 2 2 3 5 1 3 5 1 3 3 4 3 3 3 
9 7 6 10 5 3 7 7 7 8 5 5 4 7 9 6 5 4 6 8 8 6 6 8 3 9 6 7 5 10 4 8 4 7 3 6 7 7 7 6 6 8 8 5 5 6 8 8 9 5 3 5 5 5 7 5 7 10 1 6 8 5 9 7 6 4 5 9 7 6 6 5 7 4 8 4 5 5 8 7 7 8 9 5 7 5 6 5 4 3 5 5 8 4 7 7 6 7 9 6 6 6 8 3 7 4 6 5 7 6 7 9 3 8 7 10 8 6 4 5 9 6 8 5 4 6 10 6 5 7 9 7 7 5 3 9 4 3 5 10 3 7 8 8 5 6 6 6 9 6 6 6 4 4 4 9 7 5 4 6 10 6 6 8 6 6 6 5 4 1 4 3 5 12 6 8 3 6 4 8 7 3 10 9 11 5 8 5 7 9 8 9 8 5 10 7 5 5 8 6 
7 8 5 6 7 10 9 8 11 10 8 6 4 9 7 3 12 12 4 6 7 9 8 8 5 13 10 7 14 7 10 9 8 5 8 10 12 11 3 9 7 7 6 11 9 13 9 11 5 9 7 1 8 7 6 5 3 6 7 12 8 11 6 4 11 11 10 8 2 3 11 9 9 11 8 11 9 10 4 1 4 10 9 9 9 4 9 10 7 11 8 10 5 13 9 8 9 9 11 8 4 10 12 12 14 4 8 8 8 6 15 9 8 7 7 3 5 9 15 13 6 7 8 9 9 7 4 11 3 3 5 8 6 6 8 10 11 5 11 12 10 10 13 7 8 8 10 5 8 9 8 11 12 10 3 9 7 9 9 10 4 8 6 10 7 10 9 9 9 9 8 6 10 12 7 12 9 7 7 8 8 11 7 6 4 7 7 7 4 5 4 4 9 9 5 12 11 7 7 11 
13 15 6 18 11 12 13 13 6 11 13 11 14 5 6 7 11 8 7 7 17 8 8 12 11 11 12 12 12 9 6 13 9 7 12 17 5 12 12 13 12 12 16 8 10 11 8 4 3 12 6 7 5 14 10 6 9 8 15 10 6 14 12 9 10 11 8 13 5 11 10 10 6 12 6 4 4 6 8 10 8 4 11 14 4 12 6 8 11 13 10 5 14 10 6 18 6 6 9 10 19 12 8 12 12 9 3 9 13 7 11 12 7 13 8 7 3 7 11 16 0 5 10 11 12 8 14 15 9 8 6 12 11 14 7 10 8 12 13 12 10 9 11 14 9 7 13 13 11 14 8 11 8 19 11 12 1 5 5 11 4 11 9 9 10 7 15 8 9 7 8 16 9 15 9 15 8 8 9 7 12 7 11 14 6 7 16 11 7 5 11 7 9 7 6 9 9 6 5 7 
1 2 2 3 2 2 2 2 1 2 1 3 3 2 1 2 1 2 2 2 3 1 2 3 1 2 1 2 2 2 2 2 2 1 3 2 2 1 2 2 2 2 1 1 1 2 2 3 2 2 2 3 2 2 3 3 3 2 3 3 2 2 2 2 1 2 1 4 2 2 3 2 1 1 1 3 3 2 3 3 1 2 2 3 2 2 3 1 1 2 3 1 2 3 1 3 2 3 2 2 2 2 1 2 2 2 3 3 2 1 1 2 2 2 2 1 3 2 1 2 3 2 2 2 2 2 2 2 2 2 2 1 2 3 3 3 2 1 2 2 2 2 3 2 3 2 3 2 1 1 1 2 2 2 3 1 3 3 1 2 1 1 1 3 2 2 2 2 2 2 2 3 2 2 2 2 2 2 2 2 2 1 2 2 3 2 3 1 1 4 1 2 3 3 2 3 1 1 3 3 
7 12 12 7 11 7 11 9 17 10 8 11 19 10 9 14 5 12 10 8 9 4 5 14 11 14 7 8 17 11 11 9 9 8 7 9 5 8 6 13 13 12 15 15 13 5 11 8 3 9 11 11 6 6 7 7 7 10 13 12 5 9 10 11 10 9 12 9 9 10 10 5 14 12 7 8 11 9 3 11 15 15 8 17 12 7 8 8 18 14 11 14 5 10 13 13 10 11 7 11 9 10 12 12 10 14 9 10 14 17 14 7 6 10 11 5 9 8 8 7 0 16 7 12 10 12 9 6 10 10 11 17 12 6 8 8 14 9 12 12 5 5 8 13 7 14 17 14 12 4 10 14 3 10 8 6 11 14 14 17 15 5 13 6 11 8 7 11 9 14 8 12 7 16 8 9 9 11 14 14 12 16 10 6 5 5 16 12 11 9 10 12 12 4 8 4 6 7 9 15 
10 7 8 6 6 6 8 5 0 7 6 4 3 4 5 7 6 7 7 5 4 7 6 10 8 7 6 9 13 5 4 7 9 10 7 2 6 8 11 3 11 8 3 5 11 5 8 5 3 6 9 5 8 9 6 9 7 7 9 11 4 6 7 7 7 3 4 4 9 3 6 2 4 9 6 3 9 8 3 10 7 4 9 1 5 8 8 4 8 11 8 3 6 7 7 9 6 11 10 7 6 9 4 4 3 8 2 7 9 7 7 9 6 5 10 7 6 5 8 6 12 4 10 4 7 4 9 5 5 6 3 5 9 3 3 6 8 8 8 7 7 4 7 5 6 9 8 6 7 4 6 9 2 12 8 13 5 4 5 8 8 5 5 6 8 9 12 8 9 5 7 6 6 7 13 9 7 3 9 13 7 12 9 8 6 7 7 7 4 7 5 6 7 5 12 7 5 5 2 7 
1 3 5 2 1 3 3 4 2 1 3 3 3 2 4 4 2 4 4 4 4 5 4 3 2 3 2 3 2 4 2 3 4 4 5 3 3 5 3 2 3 4 2 5 4 4 4 3 2 3 5 4 3 4 4 4 3 3 3 3 4 2 2 3 2 4 5 3 4 3 4 1 1 5 2 2 3 3 3 2 4 4 4 4 3 3 5 3 5 3 4 4 4 4 4 2 3 3 4 3 4 1 2 1 3 3 3 4 1 3 2 4 2 3 3 4 5 3 3 2 3 4 3 3 4 4 4 4 2 3 6 1 2 3 3 1 5 3 3 2 3 2 2 4 1 4 2 4 3 2 4 3 2 3 3 3 4 4 3 2 3 3 4 5 4 3 2 4 1 5 5 2 2 5 2 5 3 2 4 1 4 3 3 5 3 3 2 3 5 4 3 2 3 2 1 2 2 3 3 2 
8 7 5 7 6 2 6 4 3 6 4 4 8 5 5 7 8 5 8 6 9 5 6 8 2 7 6 10 6 2 5 7 7 4 10 9 5 7 6 6 6 7 8 8 4 5 7 5 5 5 4 6 5 10 7 6 4 4 7 6 6 5 5 8 2 4 6 8 6 9 6 5 4 8 7 5 5 7 7 7 7 4 7 4 4 4 8 5 4 5 2 7 6 2 8 4 8 7 7 3 5 4 7 6 8 3 5 9 7 6 6 7 7 8 8 8 9 6 4 6 8 2 9 6 3 3 5 6 8 6 5 3 9 5 6 5 8 4 7 7 4 12 6 5 3 6 8 4 5 6 8 5 7 4 7 5 5 6 4 7 4 4 10 5 3 5 5 10 4 10 8 8 7 8 8 5 6 4 6 7 6 7 6 2 5 6 4 8 0 6 6 6 8 9 9 7 3 8 3 4 
4 4 8 6 7 4 4 7 6 6 4 8 4 8 6 5 7 5 5 3 3 10 9 10 6 6 4 5 8 6 7 5 6 10 5 8 6 9 11 9 10 6 5 7 6 5 7 7 6 9 7 3 7 4 7 9 5 6 7 6 7 5 9 9 8 6 7 7 8 2 5 9 5 5 5 5 10 5 6 4 10 5 9 7 6 9 5 5 6 5 5 7 4 8 10 4 3 11 2 6 5 7 8 8 2 2 4 7 2 4 9 6 6 9 5 3 7 6 8 3 4 3 5 3 3 8 8 8 4 6 6 6 10 4 5 9 7 7 6 4 5 9 5 7 1 9 7 3 4 6 7 6 5 5 2 7 4 4 9 6 7 9 2 5 4 4 4 5 3 5 7 6 7 5 9 6 9 9 9 6 6 6 5 8 8 3 1 5 6 8 7 6 9 5 5 3 6 9 6 7 
3 6 4 4 5 6 5 4 4 5 5 4 4 7 4 4 5 5 2 3 2 4 2 1 4 5 6 4 3 4 6 4 1 5 5 3 3 4 4 4 5 4 3 5 6 5 2 1 3 2 3 3 3 3 4 5 4 4 4 3 5 7 1 1 1 3 6 4 6 5 5 5 2 6 7 4 4 3 3 4 5 5 5 6 5 6 6 5 6 5 5 4 4 5 4 5 3 4 4 5 6 6 4 3 4 4 3 5 2 3 4 2 5 3 4 3 3 4 3 5 5 7 4 4 2 2 2 4 5 4 3 5 5 5 2 4 4 3 1 5 5 3 5 3 3 4 4 1 3 4 4 3 5 3 2 5 5 4 4 3 1 5 3 2 3 2 3 3 4 1 6 5 4 4 5 4 4 3 2 3 3 7 5 4 1 4 4 5 4 3 4 2 2 5 3 4 4 3 5 5 
1 1 1 2 1 1 1 1 1 2 1 1 1 1 1 1 1 1 1 1 1 1 1 1 1 1 1 1 1 1 1 1 1 1 1 1 1 1 1 1 1 1 1 1 1 2 1 2 1 1 1 1 1 1 1 1 1 1 1 1 1 1 1 1 1 1 1 1 1 1 1 1 1 1 1 1 1 1 1 1 1 1 1 1 1 1 1 1 1 1 1 1 1 1 1 1 1 1 1 1 1 1 1 1 1 1 1 0 1 1 1 1 1 1 1 1 1 1 1 1 1 1 1 1 1 1 1 1 1 1 1 1 1 1 1 1 1 1 1 1 1 1 0 1 1 1 1 1 1 1 1 1 1 1 1 0 1 1 1 1 1 1 2 1 1 1 1 1 2 1 1 1 1 1 1 1 1 2 1 1 0 1 1 1 1 1 1 1 1 1 1 1 1 0 1 1 1 0 1 0 
5 11 7 10 10 9 3 4 8 10 8 6 5 10 10 9 6 5 8 8 9 3 6 5 14 11 2 7 9 9 7 10 8 9 8 9 6 4 10 8 8 8 10 8 5 7 4 5 10 6 9 11 8 11 10 4 6 3 12 9 8 10 7 9 3 5 5 5 7 5 8 5 4 11 9 10 7 12 6 7 12 7 8 6 11 8 9 7 10 4 13 5 7 9 12 9 11 9 3 5 9 5 8 6 4 7 11 12 10 8 8 12 4 9 11 7 3 0 7 5 11 8 11 6 11 11 10 6 15 8 7 4 13 8 6 7 8 10 8 13 7 11 8 10 12 10 7 16 8 11 5 12 7 2 9 6 9 8 13 6 8 9 8 10 8 3 6 7 5 9 9 7 6 6 11 7 7 4 5 8 10 10 11 6 6 5 6 7 7 8 9 8 9 4 9 6 5 8 10 12 
8 10 8 12 10 6 7 11 4 10 7 9 14 14 9 12 11 10 4 7 11 7 7 11 7 11 4 5 11 8 5 11 13 12 7 8 12 12 8 8 6 15 17 6 8 9 9 8 10 7 13 5 6 5 9 9 8 10 8 15 4 9 10 12 10 7 11 8 10 15 10 10 8 10 13 13 10 12 15 12 10 8 7 7 9 8 7 7 11 10 11 6 9 9 8 13 10 7 12 11 5 5 9 9 4 6 11 7 10 11 9 8 6 7 8 7 10 8 3 11 14 2 8 11 7 13 6 6 8 11 14 8 8 11 9 10 11 4 8 4 8 10 12 6 8 3 6 10 8 8 4 12 8 7 15 12 3 6 16 16 7 11 6 6 10 6 8 6 10 12 7 9 10 16 7 9 11 11 8 10 12 11 11 17 15 8 7 7 10 13 9 4 8 10 3 7 6 13 8 7 
11 9 12 14 9 8 8 7 9 12 7 9 9 12 11 16 5 9 8 6 5 11 10 3 8 17 10 9 7 8 10 6 5 7 9 10 14 11 7 14 6 10 12 8 11 9 8 6 7 13 6 9 8 10 12 5 14 11 3 3 8 8 9 12 11 5 12 5 11 11 13 4 7 6 12 9 12 3 12 13 8 6 8 12 9 4 9 7 9 5 7 6 14 15 13 16 7 7 13 6 7 8 12 3 13 9 16 6 10 15 9 9 8 7 10 10 8 10 12 13 6 8 10 5 8 8 9 5 8 9 5 7 12 6 15 14 10 11 7 7 6 8 3 10 11 7 8 9 11 5 11 13 10 7 15 15 6 9 6 15 9 10 7 7 9 17 9 12 7 8 6 9 12 11 14 8 12 3 7 8 10 11 11 12 10 7 7 4 12 7 8 17 9 10 14 10 3 7 8 9 
4 3 4 3 5 1 3 2 3 4 2 2 5 2 4 4 3 2 3 4 5 1 4 3 5 2 4 1 1 2 4 4 3 3 6 4 3 4 3 3 3 1 3 2 4 3 3 4 4 4 3 2 2 4 3 3 3 1 4 1 3 5 4 3 2 1 2 3 3 4 2 3 1 3 2 4 2 3 2 3 3 3 5 4 4 4 3 3 3 2 4 3 2 2 4 5 5 0 4 2 2 3 3 5 2 1 3 3 3 3 2 3 2 2 1 2 1 0 2 2 1 4 4 3 2 2 2 6 3 3 3 2 4 2 3 3 2 0 3 4 2 4 3 3 4 4 5 4 5 3 1 4 2 3 1 4 3 2 3 2 3 3 5 3 3 3 4 2 4 4 5 3 3 2 2 2 4 3 4 3 2 3 2 3 3 3 4 2 5 1 3 2 2 4 3 3 3 4 2 3 
12 6 7 7 3 5 5 8 5 12 7 8 5 9 7 9 7 9 6 7 8 4 9 9 6 5 9 8 4 9 9 11 7 7 10 9 7 6 5 5 7 6 9 11 9 5 7 13 8 5 9 6 6 11 2 8 3 4 6 2 8 8 7 7 4 11 4 9 7 6 10 8 6 8 11 11 6 11 4 3 8 4 9 6 6 10 10 7 4 6 0 4 7 3 9 10 12 6 8 10 5 9 2 7 9 9 8 10 8 9 5 9 6 7 6 8 11 6 7 6 8 3 7 4 4 10 1 9 3 4 8 6 9 6 7 10 7 6 9 6 5 7 8 7 5 7 6 14 5 7 6 11 10 7 3 7 9 5 8 7 6 6 5 5 6 5 6 5 9 4 7 7 9 5 4 9 10 4 9 12 5 6 7 3 10 10 9 8 2 7 11 1 5 6 5 9 9 10 10 4 
6 8 8 11 8 6 8 4 2 6 6 8 6 9 10 6 5 9 8 9 8 9 7 7 10 6 6 5 8 7 9 7 11 6 6 11 11 10 1 4 8 4 7 7 2 5 7 7 9 3 12 8 3 7 6 5 9 8 7 4 9 5 4 11 3 6 5 6 9 5 7 4 11 8 8 11 8 1 6 3 6 6 11 7 8 5 6 8 10 3 3 3 9 7 7 8 11 8 7 8 6 2 7 7 7 6 5 10 9 8 5 7 10 6 3 3 9 7 9 8 9 7 11 6 7 8 7 6 6 9 5 6 6 6 8 8 8 8 9 6 11 10 11 10 7 10 5 8 6 5 11 11 2 2 6 9 6 10 6 4 9 6 3 3 9 7 7 4 8 7 7 2 7 6 5 7 2 8 6 10 10 6 7 7 7 6 9 9 7 10 8 6 5 6 8 4 6 8 5 7 
4 4 5 3 5 4 3 5 3 3 2 4 5 3 2 3 3 5 5 5 4 3 5 1 2 5 3 4 5 4 4 6 4 5 4 7 4 5 4 3 6 4 3 2 4 4 4 2 6 4 6 3 4 4 4 3 3 4 6 3 7 3 3 7 4 0 2 4 7 6 5 5 4 2 5 5 4 2 2 3 4 3 4 5 5 4 2 1 5 2 5 3 3 4 5 2 2 3 6 5 4 5 4 7 1 3 1 6 5 5 3 4 4 6 6 3 3 3 4 4 5 4 2 3 5 6 6 5 3 4 5 2 2 3 6 2 5 3 4 4 2 3 3 3 1 4 4 3 3 6 5 2 5 5 3 3 3 3 6 5 3 6 4 3 4 6 5 6 4 5 5 4 4 5 5 3 4 5 6 4 5 2 2 4 3 2 3 4 3 5 4 4 4 4 5 5 3 7 6 4 
6 8 9 7 7 6 12 10 2 7 8 3 7 3 7 8 6 6 5 9 9 9 6 7 9 4 7 6 5 3 9 9 7 9 11 8 8 5 6 9 7 6 5 10 5 7 7 6 7 4 7 5 10 6 0 7 11 5 2 8 5 10 8 6 6 7 7 5 8 3 5 4 7 12 2 7 3 5 8 11 4 2 12 11 9 2 6 4 9 9 6 8 6 8 7 6 7 7 5 8 8 8 8 10 7 8 5 10 2 2 5 5 5 10 3 7 8 7 5 6 3 6 10 6 6 8 13 12 5 6 3 6 6 5 8 5 6 7 7 4 5 6 2 9 7 8 8 10 7 7 8 7 6 6 4 7 7 7 9 8 8 7 9 1 12 7 12 8 6 8 3 7 10 12 11 7 10 6 10 7 5 11 9 9 8 10 7 4 7 6 13 6 9 5 10 6 1 7 10 12 
1 1 1 2 1 1 1 1 1 1 1 1 2 1 1 1 1 1 2 1 1 1 1 1 1 1 1 1 1 1 1 1 0 2 1 1 1 1 1 1 2 1 1 2 1 1 2 1 1 1 1 1 1 1 1 1 1 1 1 1 0 1 1 1 1 1 2 1 1 2 1 0 1 1 1 1 1 1 1 1 1 1 1 1 1 1 1 1 1 1 0 2 1 1 1 1 1 1 2 1 1 1 1 1 1 1 0 1 1 1 1 0 1 1 1 1 1 1 1 1 0 1 1 1 1 1 1 1 1 1 1 1 0 1 2 2 0 1 1 1 1 1 1 1 1 1 1 2 1 1 1 1 1 1 1 1 1 1 1 1 1 1 1 1 1 1 1 1 1 1 0 1 1 1 1 1 1 1 1 1 1 1 1 1 1 1 1 1 0 0 1 1 1 1 1 1 1 1 1 2 
2 2 2 2 2 1 2 3 2 2 2 3 0 1 2 3 2 4 3 3 1 2 2 2 3 2 1 2 1 2 1 2 0 2 2 2 3 1 2 2 2 2 3 1 3 1 2 2 3 2 1 2 2 0 3 2 2 3 3 3 2 3 2 1 2 2 1 2 1 2 3 3 2 2 2 1 3 3 4 2 2 3 2 1 2 2 1 2 2 2 2 2 2 1 2 2 2 2 2 2 2 2 2 2 2 1 3 2 0 3 2 1 3 2 3 2 3 2 3 2 2 3 3 1 2 2 3 3 2 2 3 1 1 2 2 2 2 3 1 1 1 3 1 2 2 2 3 2 2 3 3 2 2 2 2 1 2 2 2 2 2 2 2 2 2 2 1 2 2 2 3 1 2 1 1 2 1 3 3 2 2 2 3 2 2 3 1 2 2 2 3 1 2 1 1 5 2 3 3 2 
1 3 4 1 4 2 4 3 3 5 4 3 3 2 4 4 2 4 4 2 1 3 5 2 3 2 3 2 3 3 4 2 2 2 2 1 3 5 3 3 2 5 3 2 4 4 3 2 3 3 3 3 3 4 5 3 3 0 3 1 2 5 3 3 6 2 3 1 3 2 4 6 2 4 3 4 3 2 2 3 2 4 3 4 4 4 4 4 3 4 3 2 3 2 2 3 4 4 3 3 3 5 3 2 4 3 3 3 3 5 4 2 3 3 4 3 3 6 3 2 3 1 4 1 3 3 3 5 3 3 1 3 2 3 5 3 3 3 2 4 2 2 5 4 3 3 3 3 3 5 2 3 2 3 1 2 2 2 3 4 2 4 5 3 3 3 4 5 3 5 2 0 4 2 3 3 4 3 4 2 5 4 3 3 3 2 4 2 3 3 5 3 2 3 4 4 3 1 1 3 
1 1 1 1 1 1 1 2 1 1 1 0 1 1 1 1 1 1 0 1 2 1 2 1 1 1 2 1 1 1 1 1 1 1 1 1 1 2 1 1 1 2 1 1 1 1 1 1 1 1 1 1 1 1 1 1 1 1 1 1 1 1 1 1 1 1 1 1 1 1 0 1 1 1 1 1 1 0 1 0 1 1 1 1 1 1 1 1 1 0 1 1 1 1 1 1 1 1 1 1 1 1 1 0 1 1 1 1 1 1 1 1 1 1 1 0 1 2 1 1 1 1 1 1 1 1 1 1 0 1 2 1 2 1 1 1 1 1 1 1 1 1 1 1 1 1 1 2 1 1 1 1 1 0 1 1 2 1 1 1 0 1 1 1 1 1 1 1 1 1 2 1 1 1 1 1 2 1 1 1 1 1 1 1 1 1 1 1 0 1 1 1 2 1 1 1 1 1 1 1 
16 11 13 14 11 12 6 8 9 7 10 15 12 7 11 9 14 13 6 13 10 12 10 12 12 12 17 8 17 4 11 7 11 12 17 5 8 4 11 11 10 8 13 11 11 7 10 10 10 16 10 12 10 13 12 9 9 2 8 7 15 10 5 10 15 13 13 4 8 3 9 11 11 8 12 16 11 11 3 5 14 7 12 10 12 6 15 15 13 14 11 10 9 6 11 9 10 6 11 14 14 11 12 9 11 9 9 13 10 6 16 12 6 11 9 12 6 13 12 11 7 15 7 9 11 13 11 3 6 7 11 6 6 8 7 10 15 11 9 14 14 13 8 14 9 13 9 11 10 6 14 7 11 11 14 8 1 9 12 11 11 13 9 10 8 8 6 8 13 7 8 9 9 8 8 11 17 17 8 9 14 8 11 15 11 12 11 4 13 17 9 10 6 10 7 11 4 15 9 7 
7 6 7 9 1 6 5 8 4 8 9 10 6 8 9 6 10 4 1 5 10 7 5 5 7 7 7 7 7 8 7 5 5 5 3 10 5 4 11 11 6 7 5 5 4 8 11 8 5 6 7 6 7 7 5 6 6 5 6 7 6 5 3 7 5 8 12 2 9 7 4 7 8 5 11 6 8 7 7 6 5 10 8 7 2 8 8 6 5 10 7 7 8 10 8 7 11 5 10 10 9 8 7 5 7 6 5 7 3 9 5 8 2 6 12 7 4 10 7 8 0 9 6 10 8 7 5 7 9 11 8 10 5 9 4 5 3 6 8 4 9 3 8 3 3 4 4 5 5 5 6 4 9 7 7 8 5 14 10 12 8 12 10 12 4 5 7 10 6 8 6 10 4 7 5 8 10 7 9 5 11 6 4 4 4 3 3 13 7 2 6 6 6 5 9 2 6 9 9 7 
1 1 1 1 1 1 1 1 1 1 1 1 2 0 1 1 1 2 1 1 1 1 1 1 1 1 0 0 1 1 1 1 1 1 1 1 1 1 1 1 1 1 2 0 1 1 0 1 0 1 1 1 0 1 1 1 0 1 1 1 1 1 1 1 1 1 0 1 1 1 1 1 1 1 1 1 1 1 2 1 1 1 1 1 0 1 1 1 1 1 1 1 1 1 1 0 1 1 1 2 1 1 1 1 1 1 1 1 0 1 1 1 1 1 1 1 1 1 0 1 2 1 1 1 1 1 1 1 1 1 1 1 1 1 1 1 1 1 1 1 0 0 1 1 1 1 2 1 1 1 2 1 1 1 1 1 1 2 1 1 1 1 1 1 1 1 1 1 1 1 1 1 2 1 1 1 1 1 1 1 1 1 1 1 1 1 1 1 1 1 0 1 1 1 1 1 1 1 1 1 
2 3 4 3 2 3 3 3 1 2 3 4 3 5 3 3 3 3 1 5 3 4 3 3 4 3 2 4 2 4 4 2 2 1 3 3 2 2 4 1 1 3 5 3 2 3 3 3 3 3 3 3 3 3 3 5 3 3 3 3 3 2 2 5 1 5 3 3 2 3 1 3 3 2 3 3 2 3 3 0 3 5 4 4 3 2 3 2 3 1 3 3 4 4 1 3 3 4 3 1 5 4 3 4 3 6 5 2 3 4 2 3 3 2 3 3 2 3 4 4 2 4 2 4 2 1 4 3 4 4 3 5 4 3 4 2 4 3 4 3 3 4 3 3 2 2 5 3 5 2 1 3 4 4 2 1 4 3 4 4 2 2 3 3 4 3 2 3 5 3 3 3 3 2 3 4 3 3 3 3 4 3 3 3 5 2 3 3 2 4 3 2 4 1 2 2 2 3 3 2 
