NAME  : Jabali_50_3_0.90_1_8
TYPE : SVRP
MODEL : FINITE_SUPPORT
NUMBER_OF_SCENARIOS : 200
DIMENSION : 50
EDGE_WEIGHT_TYPE : MATRIX
CAPACITY : 92
N_VEHICLES : 3
NODE_COORD_SECTION
1 4107 5144
2 4856 8533
3 3844 7226
4 7713 5753
5 7298 5584
6 4920 3859
7 4162 1269
8 2592 2418
9 1142 4483
10 5570 8723
11 5277 4840
12 3475 263
13 946 6173
14 7907 5469
15 395 4211
16 2578 4807
17 5847 2656
18 273 3842
19 5096 8190
20 463 5395
21 4437 18
22 3107 4388
23 2986 7965
24 7421 6297
25 5245 6384
26 27 3999
27 4008 3037
28 766 3674
29 4030 777
30 7002 6740
31 5742 8499
32 4049 6010
33 4625 896
34 5962 3289
35 6153 2471
36 2015 4542
37 8554 4963
38 3184 6577
39 8361 3720
40 1330 5779
41 4538 3573
42 3612 7277
43 1001 6533
44 7430 2575
45 4493 8436
46 3745 7103
47 7291 2412
48 5846 4952
49 2592 3566
50 5978 7388
DEMAND_SECTION
1 0.0
2 5.0
3 2.0
4 1.0
5 7.0
6 10.0
7 4.0
8 8.0
9 8.0
10 4.0
11 7.0
12 9.0
13 3.0
14 7.0
15 4.0
16 4.0
17 9.0
18 6.0
19 1.0
20 5.0
21 2.0
22 3.0
23 3.0
24 4.0
25 2.0
26 5.0
27 2.0
28 5.0
29 9.0
30 2.0
31 3.0
32 1.0
33 1.0
34 10.0
35 7.0
36 5.0
37 8.0
38 1.0
39 8.0
40 7.0
41 4.0
42 7.0
43 3.0
44 6.0
45 10.0
46 10.0
47 1.0
48 6.0
49 9.0
50 1.0
DEVIATION_SECTION
1 0.0
2 1.66667
3 0.666667
4 0.333333
5 2.33333
6 3.33333
7 1.33333
8 2.66667
9 2.66667
10 1.33333
11 2.33333
12 3.0
13 1.0
14 2.33333
15 1.33333
16 1.33333
17 3.0
18 2.0
19 0.333333
20 1.66667
21 0.666667
22 1.0
23 1.0
24 1.33333
25 0.666667
26 1.66667
27 0.666667
28 1.66667
29 3.0
30 0.666667
31 1.0
32 0.333333
33 0.333333
34 3.33333
35 2.33333
36 1.66667
37 2.66667
38 0.333333
39 2.66667
40 2.33333
41 1.33333
42 2.33333
43 1.0
44 2.0
45 3.33333
46 3.33333
47 0.333333
48 2.0
49 3.0
50 0.333333
DISTANCE_MATRIX
0.0 46.6154 26.6271 53.7569 48.3735 20.2237 52.7501 41.7852 42.1053 52.3259 17.5491 66.4831 51.3556 55.4753 52.3929 25.8297 40.05 54.708 43.909 53.5109 69.2846 16.2788 39.6688 48.6095 23.0217 57.0976 28.3196 49.4438 58.9005 46.0977 51.0784 11.3137 58.8299 34.9522 44.0238 30.1894 63.3483 21.8622 66.4921 44.4162 21.9317 27.7849 54.2734 57.4243 44.6878 28.0179 56.7589 24.7056 29.1548 40.4475 
46.6154 0.0 23.5372 53.2353 51.0 63.5804 98.6925 87.8589 74.4312 9.84886 60.4182 112.805 60.8276 57.2189 84.0952 59.1354 81.8899 88.2043 5.0 72.3395 115.227 68.3534 26.0 45.5412 30.0167 89.0505 74.5185 85.8429 104.843 37.6563 11.4018 35.5106 104.772 73.511 83.7308 65.7651 68.3593 34.5254 79.2275 60.075 66.5518 24.1868 58.4637 86.0233 4.47214 22.3607 86.6897 50.7899 74.282 21.095 
26.6271 23.5372 0.0 55.5698 51.4296 45.755 79.2802 66.7193 51.0882 32.0156 42.5927 92.9335 39.9249 59.0593 61.0082 35.8469 65.2851 65.0077 23.0 50.448 95.8147 45.1972 15.0333 50.0 22.4722 66.0303 54.8674 62.3939 85.4693 43.8634 32.0624 15.6525 85.3601 60.1872 69.2588 42.2988 69.7782 11.0454 76.1761 37.855 48.3735 2.23607 38.4708 80.5109 20.2485 1.41421 81.1763 45.0764 51.1258 29.6816 
53.7569 53.2353 55.5698 0.0 5.38516 46.5192 77.4661 82.7539 91.7668 49.163 36.2491 93.1719 90.9987 4.0 102.054 75.4911 47.1275 104.369 48.2597 98.6897 88.2553 65.9431 69.3542 8.24621 33.6006 106.759 62.2013 98.9206 83.1986 16.1245 46.1736 48.8011 77.201 39.8121 47.5395 79.8508 15.1327 61.0737 28.2312 89.5949 52.345 57.8014 90.6239 42.45 55.7315 55.9464 43.9318 29.4109 75.5844 32.1403 
48.3735 51.0 51.4296 5.38516 0.0 41.3513 73.0068 77.5867 86.3834 47.8539 30.8707 88.7694 86.2395 7.81025 96.671 70.1078 43.0813 98.9861 46.0 93.8494 84.309 60.5597 65.5515 9.21954 29.1548 101.376 57.0789 93.5372 78.848 15.6525 44.911 43.9608 73.0548 35.4401 43.8292 74.4675 18.3848 56.4004 28.6356 84.7546 47.1775 53.6656 85.8647 40.4599 53.1507 51.8941 41.7732 24.0416 70.214 30.0666 
20.2237 63.5804 45.755 46.5192 41.3513 0.0 37.5919 36.3456 51.0882 68.1198 15.8114 52.0019 62.9492 47.1471 60.8112 35.0485 20.025 62.3699 60.2831 62.5863 54.1264 26.4197 59.4811 48.0416 36.4188 65.1153 16.0312 56.2228 43.7423 49.0306 66.5008 30.1134 43.6718 15.6525 24.0832 39.4081 52.3927 41.7411 47.4236 56.0098 6.0 47.1889 65.867 38.0789 62.2273 47.0875 37.3363 18.2483 31.0644 50.9814 
52.7501 98.6925 79.2802 77.4661 73.0068 37.5919 0.0 26.6833 60.075 103.232 53.3392 15.8114 78.7718 76.7919 65.307 51.7821 31.0161 64.2884 95.3951 75.0067 16.5529 47.1699 93.0196 81.3594 71.5309 67.4463 24.4635 57.7235 6.40312 84.3292 101.613 64.0355 7.28011 37.6563 32.1403 53.4603 78.0 74.5487 65.9242 71.8471 32.4754 80.4647 82.201 47.1275 97.1577 80.6846 45.2217 55.4254 38.2099 88.5201 
41.7852 87.8589 66.7193 82.7539 77.5867 36.3456 26.6833 0.0 34.1321 94.0213 49.163 32.28 54.7083 83.3607 38.6394 31.1499 45.6569 37.6431 85.4283 49.2544 41.0122 29.2062 76.5562 84.0536 64.0312 40.8044 20.8806 31.0483 30.0167 84.1487 92.8493 52.3498 33.9559 47.0106 49.719 29.9666 87.9318 58.0853 80.0625 48.1041 30.4138 66.7319 58.5235 65.9672 85.7234 68.0533 64.7557 54.037 15.6205 81.7435 
42.1053 74.4312 51.0882 91.7668 86.3834 51.0882 60.075 34.1321 0.0 83.0963 55.559 66.0984 22.8035 93.4852 10.7703 21.095 68.1085 14.1421 74.0608 15.1327 75.1066 25.9034 53.1413 89.322 61.6847 15.8114 43.4626 11.7047 64.0312 86.0349 83.006 45.3542 67.1863 66.4003 72.1707 12.2066 101.358 40.05 98.4277 17.8045 47.4342 50.2494 27.0185 88.2043 70.7107 52.1536 87.1321 62.7083 23.0868 77.1038 
52.3259 9.84886 32.0156 49.163 47.8539 68.1198 103.232 94.0213 83.0963 0.0 53.3102 117.479 70.406 53.1507 93.0 66.7083 82.5667 97.0206 9.05539 81.7435 119.766 75.7272 35.8469 41.0488 32.5576 98.0051 79.3221 94.3525 109.382 33.0606 3.0 41.7852 109.312 74.1878 83.3614 73.8241 64.0312 43.0465 76.4853 69.3542 71.0912 33.0151 68.1542 85.4927 14.3178 31.0 86.3308 51.4668 80.5243 18.3848 
17.5491 60.4182 42.5927 36.2491 30.8707 15.8114 53.3392 49.163 55.559 53.3102 0.0 67.7491 68.1644 38.0789 65.8465 39.2833 33.8924 68.1617 57.1209 70.3198 68.7991 29.7353 56.327 35.6931 24.5166 70.5513 30.6757 62.7128 59.4896 35.0143 50.906 26.9511 56.9887 28.7945 37.8661 43.643 46.1334 38.6416 48.6812 61.225 21.0238 44.0267 67.487 51.2666 59.0651 43.9252 50.6012 7.81025 39.8121 35.8153 
66.4831 112.805 92.9335 93.1719 88.7694 52.0019 15.8114 32.28 66.0984 117.479 67.7491 0.0 86.977 92.3959 69.029 61.9488 46.3897 67.0298 109.636 81.2158 12.8062 58.5235 106.634 97.1406 85.7778 70.0643 38.2884 61.0082 10.0499 100.11 115.86 77.7946 17.1172 53.3667 47.0425 62.0322 93.1343 88.1633 80.2247 80.3243 46.8722 94.0794 90.7579 60.6712 111.126 94.3285 58.6941 69.8353 47.0106 102.93 
51.3556 60.8276 39.9249 90.9987 86.2395 62.9492 78.7718 54.7083 22.8035 70.406 68.1644 86.977 0.0 94.0491 27.7849 29.2746 80.9901 32.249 61.8466 12.3693 94.7259 37.5285 36.0 86.7644 57.6976 31.7805 58.0775 33.3017 83.5464 81.8413 71.0634 42.9728 85.4751 78.4683 85.0682 25.318 104.212 30.5287 110.223 7.0 59.8742 38.2753 4.24264 100.62 56.5685 40.4969 99.6786 75.3209 40.6079 69.3181 
55.4753 57.2189 59.0593 4.0 7.81025 47.1471 76.7919 83.3607 93.4852 53.1507 38.0789 92.3959 94.0491 0.0 103.773 77.2096 46.0977 106.082 52.2398 101.659 86.977 67.6615 73.0068 12.1655 36.8917 108.478 62.6498 100.623 82.3772 20.0998 50.1597 51.7706 76.1577 39.2046 46.1736 81.5693 11.1803 64.2028 24.5967 92.5644 52.9528 61.2944 93.6742 39.8246 59.6825 59.4811 41.4005 30.8707 76.959 36.1248 
52.3929 84.0952 61.0082 102.054 96.671 60.8112 65.307 38.6394 10.7703 93.0 65.8465 69.029 27.7849 103.773 0.0 31.7648 76.9222 4.47214 84.006 16.2788 79.2275 36.191 61.6117 100.087 72.4224 5.09902 51.6236 8.06226 68.469 96.7988 93.0484 56.0446 72.5672 75.8222 80.9843 22.8254 111.567 50.04 108.208 25.0 56.7274 60.0083 31.9061 97.2008 80.2247 62.0 96.0209 72.9959 31.0644 87.6641 
25.8297 59.1354 35.8469 75.4911 70.1078 35.0485 51.7821 31.1499 21.095 66.7083 39.2833 61.9488 29.2746 77.2096 31.7648 0.0 53.0893 34.5398 57.7235 30.5287 68.1332 9.62781 45.637 74.405 41.6093 36.6742 30.3195 29.8329 57.0536 65.8114 66.0984 26.0 58.1968 50.5676 57.1674 8.94427 85.0825 27.1661 82.322 22.3607 31.9735 35.828 32.2208 72.7189 56.0803 37.1618 71.7778 46.4327 15.5563 58.0345 
40.05 81.8899 65.2851 47.1275 43.0813 20.025 31.0161 45.6569 68.1085 82.5667 33.8924 46.3897 80.9901 46.0977 76.9222 53.0893 0.0 77.7716 77.2491 80.6226 41.2311 45.2217 79.0194 51.8941 53.7731 80.7352 25.8132 71.245 36.3456 55.7584 78.9085 49.6435 30.0832 8.48528 4.12311 57.2713 47.0106 61.334 36.0555 74.0506 21.1896 66.7191 83.9078 20.5183 82.6324 66.6176 19.2094 40.3449 45.9128 63.3067 
54.708 88.2043 65.0077 104.369 98.9861 62.3699 64.2884 37.6431 14.1421 97.0206 68.1617 67.0298 32.249 106.082 4.47214 34.5398 77.7716 0.0 88.0057 20.6155 77.6466 38.5062 65.9697 103.283 75.6902 3.16228 52.2015 6.7082 67.082 99.9606 97.0052 59.439 71.5681 77.0779 81.8337 25.632 113.952 54.0 109.786 29.4109 57.9828 64.0703 36.3593 98.0819 84.3801 66.0303 96.8703 75.2928 31.8904 91.2414 
43.909 5.0 23.0 48.2597 46.0 60.2831 95.3951 85.4283 74.0608 9.05539 57.1209 109.636 61.8466 52.2398 84.006 57.7235 77.2491 88.0057 0.0 72.9932 111.93 66.7855 28.3019 40.6079 25.807 89.0225 71.4003 85.3039 101.546 32.7567 9.21954 33.1059 101.475 68.8702 79.0901 64.7765 63.3877 34.0147 74.2428 60.531 63.2545 24.0832 59.7746 81.2712 8.06226 22.0227 81.9329 46.1492 71.895 16.1245 
53.5109 72.3395 50.448 98.6897 93.8494 62.5863 75.0067 49.2544 15.1327 81.7435 70.3198 81.2158 12.3693 101.659 16.2788 30.5287 80.6226 20.6155 72.9932 0.0 90.1998 37.1657 48.0937 95.5637 66.7262 19.7231 57.0088 23.0217 79.1012 90.8798 82.201 50.9924 82.0549 78.1054 84.696 23.4094 111.821 40.1622 109.86 12.6491 59.5063 49.0306 16.1555 100.257 68.1836 51.1957 99.3157 77.4762 37.3363 79.1202 
69.2846 115.227 95.8147 88.2553 84.309 54.1264 16.5529 41.0122 75.1066 119.766 68.7991 12.8062 94.7259 86.977 79.2275 68.1332 41.2311 77.6466 111.93 90.1998 0.0 63.6946 109.554 93.1075 93.23 80.7527 40.998 71.3442 11.1803 96.6488 119.619 80.57 12.0416 49.1935 40.8044 69.4262 86.3134 91.0831 72.111 87.8635 49.0099 96.9992 98.27 52.0096 113.874 97.2191 50.01 71.4339 54.1295 104.529 
16.2788 68.3534 45.1972 65.9431 60.5597 26.4197 47.1699 29.2062 25.9034 75.7272 29.7353 58.5235 37.5285 67.6615 36.191 9.62781 45.2217 38.5062 66.7855 37.1657 63.6946 0.0 55.0341 64.8107 39.0512 40.8957 24.1868 33.2415 52.8015 62.3699 65.5915 24.9359 53.3595 42.0595 49.3356 13.9875 75.5252 36.5632 73.5789 30.4052 24.0416 45.2098 40.4463 64.405 65.3935 46.5312 63.561 36.8917 14.3178 56.0803 
39.6688 26.0 15.0333 69.3542 65.5515 59.4811 93.0196 76.5562 53.1413 35.8469 56.327 106.634 36.0 73.0068 61.6117 45.637 79.0194 65.9697 28.3019 48.0937 109.554 55.0341 0.0 63.1348 37.108 66.2873 67.8966 64.846 99.17 56.3028 37.1214 29.6142 98.428 73.9215 82.9931 47.434 83.9345 18.868 90.8783 36.6742 61.5687 13.0 33.1361 95.213 21.5407 14.1421 95.7282 59.7786 60.9626 40.4599 
48.6095 45.5412 50.0 8.24621 9.21954 48.0416 81.3594 84.0536 89.322 41.0488 35.6931 97.1406 86.7644 12.1655 100.087 74.405 51.8941 103.283 40.6079 95.5637 93.1075 64.8107 63.1348 0.0 29.0689 105.13 64.0703 98.0191 87.2812 8.0 38.0526 45.2217 81.7068 44.0114 52.8394 78.7647 23.0 56.5862 36.4005 83.1975 54.037 52.2015 86.3713 49.5782 48.2701 50.2195 50.9313 30.0167 75.505 24.5153 
23.0217 30.0167 22.4722 33.6006 29.1548 36.4188 71.5309 64.0312 61.6847 32.5576 24.5166 85.7778 57.6976 36.8917 72.4224 41.6093 53.7731 75.6902 25.807 66.7262 93.23 39.0512 37.108 29.0689 0.0 77.4919 47.6234 71.3863 77.6813 24.5967 30.6105 16.5529 81.4195 45.3942 55.614 50.2195 47.4131 27.5862 53.7729 54.1307 39.3902 24.6982 57.3149 58.1076 30.0832 23.0868 58.773 22.6732 52.1536 17.72 
57.0976 89.0505 66.0303 106.759 101.376 65.1153 67.4463 40.8044 15.8114 98.0051 70.5513 70.0643 31.7805 108.478 5.09902 36.6742 80.7352 3.16228 89.0225 19.7231 80.7527 40.8957 66.2873 105.13 77.4919 0.0 55.2178 9.84886 70.214 101.843 98.0816 61.131 74.7262 79.9312 84.7974 27.7308 116.34 55.0818 112.539 29.6142 60.8276 65.0 35.7771 101.045 85.1469 67.0075 99.834 77.6981 34.8281 92.7631 
28.3196 74.5185 54.8674 62.2013 57.0789 16.0312 24.4635 20.8806 43.4626 79.3221 30.6757 38.2884 58.0775 62.6498 51.6236 30.3195 25.8132 52.2015 71.4003 57.0088 40.998 24.1868 67.8966 64.0703 47.6234 55.2178 0.0 45.607 30.6105 64.9384 77.7054 39.6232 30.5434 26.4197 29.8753 33.7343 67.0522 50.0972 59.6825 51.0882 10.0499 56.0133 61.1379 46.1235 72.8629 56.2624 44.9119 34.2345 20.5913 65.2904 
49.4438 85.8429 62.3939 98.9206 93.5372 56.2228 57.7235 31.0483 11.7047 94.3525 62.7128 61.0082 33.3017 100.623 8.06226 29.8329 71.245 6.7082 85.3039 23.0217 71.3442 33.2415 64.846 98.0191 71.3863 9.84886 45.607 0.0 60.6712 95.5399 94.1329 55.4437 65.0 70.7248 75.3071 21.2132 108.447 51.3517 103.586 29.1548 51.6624 61.6604 37.5366 91.5553 82.201 63.5059 90.3438 69.7711 25.4558 87.4643 
58.9005 104.843 85.4693 83.1986 78.848 43.7423 6.40312 30.0167 64.0312 109.382 59.4896 10.0499 83.5464 82.3772 68.469 57.0536 36.3456 67.082 101.546 79.1012 11.1803 52.8015 99.17 87.2812 77.6813 70.214 30.6105 60.6712 0.0 90.2525 107.763 70.1859 7.61577 43.4166 37.0135 58.2495 83.0963 80.6991 70.3491 76.6877 38.6258 86.6152 87.0976 50.9902 103.308 86.8643 49.0306 61.5758 42.9535 94.6705 
46.0977 37.6563 43.8634 16.1245 15.6525 49.0306 84.3292 84.1487 86.0349 33.0606 35.0143 100.11 81.8413 20.0998 96.7988 65.8114 55.7584 99.9606 32.7567 90.8798 96.6488 62.3699 56.3028 8.0 24.5967 101.843 64.9384 95.5399 90.2525 0.0 30.0666 41.1461 84.9706 47.5079 57.2014 74.4311 31.0 51.4004 43.9659 78.2844 54.9181 46.0109 81.2158 55.8032 40.5216 43.9318 57.0088 30.8058 74.3307 16.7631 
51.0784 11.4018 32.0624 46.1736 44.911 66.5008 101.613 92.8493 83.006 3.0 50.906 115.86 71.0634 50.1597 93.0484 66.0984 78.9085 97.0052 9.21954 82.201 119.619 65.5915 37.1214 38.0526 30.6105 98.0816 77.7054 94.1329 107.763 30.0666 0.0 40.8044 107.809 70.5296 80.7494 73.437 61.0328 43.0116 73.5459 69.7209 69.4721 33.2415 68.9638 82.7647 15.8114 31.1448 83.6301 49.0626 79.4714 15.6525 
11.3137 35.5106 15.6525 48.8011 43.9608 30.1134 64.0355 52.3498 45.3542 41.7852 26.9511 77.7946 42.9728 51.7706 56.0446 26.0 49.6435 59.439 33.1059 50.9924 80.57 24.9359 29.6142 45.2217 16.5529 61.131 39.6232 55.4437 70.1859 41.1461 40.8044 0.0 70.1153 44.5456 53.6172 34.2345 61.9328 13.6015 67.8986 39.406 32.7567 17.088 42.598 67.0177 33.4215 17.0 66.3523 34.1076 38.8158 32.0624 
58.8299 104.772 85.3601 77.201 73.0548 43.6718 7.28011 33.9559 67.1863 109.312 56.9887 17.1172 85.4751 76.1577 72.5672 58.1968 30.0832 71.5681 101.475 82.0549 12.0416 53.3595 98.428 81.7068 81.4195 74.7262 30.5434 65.0 7.61577 84.9706 107.809 70.1153 0.0 37.6962 30.2655 60.208 76.3217 80.6285 63.1269 78.5175 38.5552 86.3432 88.8144 43.566 103.419 86.7644 41.5933 59.6235 45.0444 92.7183 
34.9522 73.511 60.1872 39.8121 35.4401 15.6525 37.6563 47.0106 66.4003 74.1878 28.7945 53.3667 78.4683 39.2046 75.8222 50.5676 8.48528 77.0779 68.8702 78.1054 49.1935 42.0595 73.9215 44.0114 45.3942 79.9312 26.4197 70.7248 43.4166 47.5079 70.5296 44.5456 37.6962 0.0 11.1803 54.9181 41.5933 56.2361 33.2866 71.5289 19.105 61.6212 81.3861 22.4722 74.2535 61.5197 21.8403 31.966 45.2769 54.9278 
44.0238 83.7308 69.2588 47.5395 43.8292 24.0832 32.1403 49.719 72.1707 83.3614 37.8661 47.0425 85.0682 46.1736 80.9843 57.1674 4.12311 81.8337 79.0901 84.696 40.8044 49.3356 82.9931 52.8394 55.614 84.7974 29.8753 75.3071 37.0135 57.2014 80.7494 53.6172 30.2655 11.1803 0.0 61.3371 46.0977 65.3077 33.9559 78.1287 25.2982 70.6928 87.9859 17.0294 84.4734 70.5913 15.5563 42.1858 49.9749 65.1477 
30.1894 65.7651 42.2988 79.8508 74.4675 39.4081 53.4603 29.9666 12.2066 73.8241 43.643 62.0322 25.318 81.5693 22.8254 8.94427 57.2713 25.632 64.7765 23.4094 69.4262 13.9875 47.434 78.7647 50.2195 27.7308 33.7343 21.2132 58.2495 74.4311 73.437 34.2345 60.208 54.9181 61.3371 0.0 89.4422 33.5941 86.6817 18.4391 36.2353 42.256 28.8617 77.026 62.5472 43.5941 76.0592 50.7924 15.2971 66.2722 
63.3483 68.3593 69.7782 15.1327 18.3848 52.3927 78.0 87.9318 101.358 64.0312 46.1334 93.1343 104.212 11.1803 111.567 85.0825 47.0106 113.952 63.3877 111.821 86.3134 75.5252 83.9345 23.0 47.4131 116.34 67.0522 108.447 83.0963 31.0 61.0328 61.9328 76.3217 41.5933 46.0977 89.4422 0.0 74.3926 17.0294 102.727 57.9396 72.0139 103.837 35.8469 70.859 70.2638 37.6962 38.6764 83.4464 47.2652 
21.8622 34.5254 11.0454 61.0737 56.4004 41.7411 74.5487 58.0853 40.05 43.0465 38.6416 88.1633 30.5287 64.2028 50.04 27.1661 61.334 54.0 34.0147 40.1622 91.0831 36.5632 18.868 56.5862 27.5862 55.0818 50.0972 51.3517 80.6991 51.4004 43.0116 13.6015 80.6285 56.2361 65.3077 33.5941 74.3926 0.0 80.3584 27.5136 43.7621 10.4403 29.8329 78.7083 31.0483 12.1655 78.0428 45.7981 42.4917 39.0 
66.4921 79.2275 76.1761 28.2312 28.6356 47.4236 65.9242 80.0625 98.4277 76.4853 48.6812 80.2247 110.223 24.5967 108.208 82.322 36.0555 109.786 74.2428 109.86 72.111 73.5789 90.8783 36.4005 53.7729 112.539 59.6825 103.586 70.3491 43.9659 73.5459 67.8986 63.1269 33.2866 33.9559 86.6817 17.0294 80.3584 0.0 103.283 52.0096 78.3912 109.803 20.2237 81.0247 76.8334 22.2036 41.2243 78.2432 58.5491 
44.4162 60.075 37.855 89.5949 84.7546 56.0098 71.8471 48.1041 17.8045 69.3542 61.225 80.3243 7.0 92.5644 25.0 22.3607 74.0506 29.4109 60.531 12.6491 87.8635 30.4052 36.6742 83.1975 54.1307 29.6142 51.0882 29.1548 76.6877 78.2844 69.7209 39.406 78.5175 71.5289 78.1287 18.4391 102.727 27.5136 103.283 0.0 52.9348 36.4966 10.4403 93.6802 56.0089 38.6394 92.7391 68.3815 33.7343 66.4831 
21.9317 66.5518 48.3735 52.345 47.1775 6.0 32.4754 30.4138 47.4342 71.0912 21.0238 46.8722 59.8742 52.9528 56.7274 31.9735 21.1896 57.9828 63.2545 59.5063 49.0099 24.0416 61.5687 54.037 39.3902 60.8276 10.0499 51.6624 38.6258 54.9181 69.4721 32.7567 38.5552 19.105 25.2982 36.2353 57.9396 43.7621 52.0096 52.9348 0.0 49.6488 62.792 40.8167 65.1987 49.7393 39.8246 24.1868 26.2488 56.5738 
27.7849 24.1868 2.23607 57.8014 53.6656 47.1889 80.4647 66.7319 50.2494 33.0151 44.0267 94.0794 38.2753 61.2944 60.0083 35.828 66.7191 64.0703 24.0832 49.0306 96.9992 45.2098 13.0 52.2015 24.6982 65.0 56.0133 61.6604 86.6152 46.0109 33.2415 17.088 86.3432 61.6212 70.6928 42.256 72.0139 10.4403 78.3912 36.4966 49.6488 0.0 36.6742 82.7259 20.6155 2.23607 83.4279 47.2915 51.1383 31.6228 
54.2734 58.4637 38.4708 90.6239 85.8647 65.867 82.201 58.5235 27.0185 68.1542 67.487 90.7579 4.24264 93.6742 31.9061 32.2208 83.9078 36.3593 59.7746 16.1555 98.27 40.4463 33.1361 86.3713 57.3149 35.7771 61.1379 37.5366 87.0976 81.2158 68.9638 42.598 88.8144 81.3861 87.9859 28.8617 103.837 29.8329 109.803 10.4403 62.792 36.6742 0.0 103.537 54.1295 38.9102 102.596 74.6435 44.1475 68.0955 
57.4243 86.0233 80.5109 42.45 40.4599 38.0789 47.1275 65.9672 88.2043 85.4927 51.2666 60.6712 100.62 39.8246 97.2008 72.7189 20.5183 98.0819 81.2712 100.257 52.0096 64.405 95.213 49.5782 58.1076 101.045 46.1235 91.5553 50.9902 55.8032 82.7647 67.0177 43.566 22.4722 17.0294 77.026 35.8469 78.7083 20.2237 93.6802 40.8167 82.7259 103.537 0.0 86.9308 81.1681 2.0 44.6794 66.2193 67.1193 
44.6878 4.47214 20.2485 55.7315 53.1507 62.2273 97.1577 85.7234 70.7107 14.3178 59.0651 111.126 56.5685 59.6825 80.2247 56.0803 82.6324 84.3801 8.06226 68.1836 113.874 65.3935 21.5407 48.2701 30.0832 85.1469 72.8629 82.201 103.308 40.5216 15.8114 33.4215 103.419 74.2535 84.4734 62.5472 70.859 31.0483 81.0247 56.0089 65.1987 20.6155 54.1295 86.9308 0.0 18.9737 87.6324 51.5325 71.322 23.7697 
28.0179 22.3607 1.41421 55.9464 51.8941 47.0875 80.6846 68.0533 52.1536 31.0 43.9252 94.3285 40.4969 59.4811 62.0 37.1618 66.6176 66.0303 22.0227 51.1957 97.2191 46.5312 14.1421 50.2195 23.0868 67.0075 56.2624 63.5059 86.8643 43.9318 31.1448 17.0 86.7644 61.5197 70.5913 43.5941 70.2638 12.1655 76.8334 38.6394 49.7393 2.23607 38.9102 81.1681 18.9737 0.0 81.8335 45.7336 52.4598 29.4109 
56.7589 86.6897 81.1763 43.9318 41.7732 37.3363 45.2217 64.7557 87.1321 86.3308 50.6012 58.6941 99.6786 41.4005 96.0209 71.7778 19.2094 96.8703 81.9329 99.3157 50.01 63.561 95.7282 50.9313 58.773 99.834 44.9119 90.3438 49.0306 57.0088 83.6301 66.3523 41.5933 21.8403 15.5563 76.0592 37.6962 78.0428 22.2036 92.7391 39.8246 83.4279 102.596 2.0 87.6324 81.8335 0.0 45.3448 65.0116 67.9779 
24.7056 50.7899 45.0764 29.4109 24.0416 18.2483 55.4254 54.037 62.7083 51.4668 7.81025 69.8353 75.3209 30.8707 72.9959 46.4327 40.3449 75.2928 46.1492 77.4762 71.4339 36.8917 59.7786 30.0167 22.6732 77.6981 34.2345 69.7711 61.5758 30.8058 49.0626 34.1076 59.6235 31.966 42.1858 50.7924 38.6764 45.7981 41.2243 68.3815 24.1868 47.2915 74.6435 44.6794 51.5325 45.7336 45.3448 0.0 46.1736 33.9706 
29.1548 74.282 51.1258 75.5844 70.214 31.0644 38.2099 15.6205 23.0868 80.5243 39.8121 47.0106 40.6079 76.959 31.0644 15.5563 45.9128 31.8904 71.895 37.3363 54.1295 14.3178 60.9626 75.505 52.1536 34.8281 20.5913 25.4558 42.9535 74.3307 79.4714 38.8158 45.0444 45.2769 49.9749 15.2971 83.4464 42.4917 78.2432 33.7343 26.2488 51.1383 44.1475 66.2193 71.322 52.4598 65.0116 46.1736 0.0 69.5845 
40.4475 21.095 29.6816 32.1403 30.0666 50.9814 88.5201 81.7435 77.1038 18.3848 35.8153 102.93 69.3181 36.1248 87.6641 58.0345 63.3067 91.2414 16.1245 79.1202 104.529 56.0803 40.4599 24.5153 17.72 92.7631 65.2904 87.4643 94.6705 16.7631 15.6525 32.0624 92.7183 54.9278 65.1477 66.2722 47.2652 39.0 58.5491 66.4831 56.5738 31.6228 68.0955 67.1193 23.7697 29.4109 67.9779 33.9706 69.5845 0.0 
DEMAND_SCENARIO_SECTION
0 0 0 0 0 0 0 0 0 0 0 0 0 0 0 0 0 0 0 0 0 0 0 0 0 0 0 0 0 0 0 0 0 0 0 0 0 0 0 0 0 0 0 0 0 0 0 0 0 0 0 0 0 0 0 0 0 0 0 0 0 0 0 0 0 0 0 0 0 0 0 0 0 0 0 0 0 0 0 0 0 0 0 0 0 0 0 0 0 0 0 0 0 0 0 0 0 0 0 0 0 0 0 0 0 0 0 0 0 0 0 0 0 0 0 0 0 0 0 0 0 0 0 0 0 0 0 0 0 0 0 0 0 0 0 0 0 0 0 0 0 0 0 0 0 0 0 0 0 0 0 0 0 0 0 0 0 0 0 0 0 0 0 0 0 0 0 0 0 0 0 0 0 0 0 0 0 0 0 0 0 0 0 0 0 0 0 0 0 0 0 0 0 0 0 0 0 0 0 0 
3 3 7 6 6 6 5 3 5 5 4 6 5 5 4 3 5 4 4 8 5 8 2 5 4 6 5 2 8 8 3 6 3 4 5 6 4 4 4 8 9 3 6 3 7 6 3 3 4 5 8 6 7 6 2 6 3 2 4 4 8 5 6 5 5 4 8 7 5 4 5 5 7 4 5 3 8 3 6 4 8 8 3 3 3 5 5 5 7 4 4 6 4 1 8 7 5 6 3 5 7 8 5 4 3 2 8 7 4 1 3 2 5 3 5 9 5 4 7 6 6 5 8 4 7 7 4 6 3 4 4 1 6 3 4 6 6 4 6 6 3 5 9 6 5 4 3 3 3 6 5 6 5 5 5 7 1 2 5 5 6 5 4 5 8 6 4 4 4 7 6 4 5 6 3 3 5 1 5 2 5 3 6 4 4 3 5 7 8 6 4 6 6 4 5 8 7 6 8 7 
1 3 2 2 2 2 1 1 2 1 3 3 2 2 3 2 3 2 2 1 3 4 2 1 2 3 2 2 1 2 2 2 4 2 1 4 2 2 2 2 2 2 2 2 2 1 2 3 1 1 2 3 2 1 2 3 4 2 2 2 1 2 4 2 2 2 2 2 2 2 2 2 1 1 3 3 2 2 3 1 1 2 2 2 1 2 2 2 2 1 2 2 1 2 2 2 2 2 2 1 2 3 3 1 3 2 2 2 1 3 3 2 2 2 2 2 3 0 2 1 2 2 3 2 3 2 2 3 2 2 3 2 2 3 2 2 2 2 3 2 1 2 3 2 1 2 2 1 1 2 1 3 3 2 2 2 2 2 1 1 3 2 2 3 1 3 2 2 2 3 2 3 1 1 3 2 1 1 2 2 3 2 2 3 1 2 3 3 1 2 1 2 1 3 3 1 4 3 3 2 
1 1 1 1 1 1 2 1 2 1 1 1 1 1 1 1 1 1 1 1 1 2 1 1 0 1 1 1 2 1 0 1 1 1 1 1 1 1 2 1 1 1 2 0 1 1 0 1 0 1 1 1 1 1 2 1 0 1 2 1 1 1 1 1 1 1 1 1 1 1 2 1 1 1 1 2 1 1 1 1 2 1 2 1 1 1 1 1 1 1 1 1 1 1 1 0 1 1 1 1 1 1 2 1 1 1 1 0 1 1 1 1 1 1 2 1 0 1 0 1 1 2 1 1 1 1 0 0 1 1 1 0 0 1 1 2 1 1 0 1 1 1 1 1 1 2 1 1 1 1 1 1 1 1 1 1 0 2 1 1 1 1 1 1 1 1 1 0 1 1 1 1 1 1 1 1 1 1 1 1 1 0 1 1 1 1 1 1 1 1 1 1 2 1 1 2 1 1 1 1 
9 5 8 10 4 10 9 7 2 9 5 8 6 5 7 11 10 12 7 8 6 2 11 8 1 10 12 7 8 7 4 9 7 5 4 7 8 7 6 6 5 7 7 11 7 7 5 10 5 6 7 7 7 9 4 10 6 8 9 9 5 3 6 5 11 7 6 6 9 5 8 6 4 4 9 5 12 5 5 6 12 5 7 6 8 6 6 4 4 10 8 11 7 7 7 6 8 9 12 7 8 10 12 8 8 7 8 7 4 8 7 8 10 8 2 6 8 9 8 10 6 5 9 7 11 3 10 5 7 10 4 5 8 7 7 7 8 5 7 5 9 4 9 5 4 10 11 3 7 5 5 11 5 7 8 5 7 9 8 12 14 5 7 3 7 10 5 6 12 8 10 10 8 11 10 7 7 9 5 10 5 6 11 11 9 6 7 1 7 6 6 8 10 4 5 3 10 7 7 9 
3 11 7 11 5 4 10 14 7 6 9 12 13 12 6 11 9 11 6 13 10 3 12 10 8 8 7 13 11 12 17 9 11 6 3 11 8 6 9 12 5 6 16 8 6 2 12 10 4 8 10 4 9 9 7 11 15 16 10 6 8 9 7 6 13 11 9 14 7 16 11 13 4 11 10 10 6 10 7 5 11 11 9 10 15 12 11 12 9 4 10 11 13 4 11 13 7 11 6 7 9 13 5 8 10 9 10 13 12 10 15 10 14 5 9 11 5 5 8 11 10 8 12 9 7 11 13 6 13 9 12 11 16 8 11 16 2 12 6 13 6 4 11 1 3 10 9 12 8 16 8 12 11 8 11 12 8 11 12 8 10 11 7 7 9 9 5 6 4 7 6 10 3 13 4 8 11 10 8 9 14 13 10 13 10 2 8 10 12 6 1 9 16 4 9 9 6 14 5 9 
6 3 4 2 3 4 6 5 4 5 7 7 4 2 5 5 5 5 2 3 3 5 3 4 5 5 1 3 5 5 4 5 3 5 3 6 5 5 3 5 4 3 3 4 4 2 5 5 4 6 4 4 4 2 5 3 3 4 4 2 3 6 2 5 2 4 3 3 5 4 2 2 3 3 3 5 5 2 4 3 5 6 4 6 2 3 3 1 5 5 4 4 4 2 3 4 5 5 2 3 2 3 5 3 0 3 3 3 3 5 6 5 4 3 3 4 5 3 3 1 4 4 4 5 5 5 5 6 4 5 4 3 3 3 4 5 4 3 2 4 4 3 3 4 3 3 4 3 4 5 3 3 5 4 4 4 3 5 4 2 5 4 4 3 5 5 3 5 2 3 5 4 5 2 2 2 4 3 4 5 4 4 6 3 3 4 4 2 4 4 4 4 4 4 4 3 4 5 4 3 
7 6 9 10 10 13 8 10 4 8 11 12 10 11 5 8 11 7 5 14 10 12 10 8 10 10 6 6 8 11 8 8 9 8 10 6 6 7 9 10 14 7 7 2 8 6 10 9 4 5 6 11 6 11 9 7 9 8 7 9 8 12 14 11 10 7 6 8 4 7 10 7 7 10 4 6 10 8 9 10 6 9 4 7 11 6 10 6 6 10 6 11 9 5 3 6 5 2 10 12 10 8 11 9 4 7 14 7 7 9 11 5 11 8 6 11 13 5 6 7 6 7 10 10 10 6 9 10 10 10 7 9 11 8 7 6 6 8 9 11 9 6 10 9 14 3 3 3 5 9 4 8 7 2 6 8 8 13 5 12 10 8 8 11 10 11 6 6 9 10 14 7 10 9 9 8 3 13 8 13 7 6 6 7 11 7 6 4 6 10 9 9 11 8 7 9 3 7 4 12 
7 10 7 7 10 6 12 8 7 8 7 9 7 9 9 12 9 11 9 8 10 8 5 12 10 6 10 5 14 9 6 8 10 10 6 5 4 8 8 10 4 6 8 7 8 8 5 11 12 7 10 11 11 11 6 7 15 10 6 10 8 8 10 9 9 7 14 6 4 2 5 15 7 8 11 6 5 6 14 11 3 6 11 6 13 2 7 6 10 13 10 10 6 8 10 9 14 8 13 6 4 4 6 9 10 12 10 8 9 11 7 12 12 10 11 11 9 12 8 4 9 8 8 2 8 7 7 15 7 6 2 5 7 12 10 9 7 12 5 8 13 6 8 9 5 8 14 7 9 7 10 8 7 4 9 10 11 1 11 5 9 8 6 10 11 7 8 7 9 7 9 9 8 6 6 7 8 8 6 6 5 5 8 11 9 4 11 9 3 11 4 4 5 14 6 6 10 13 3 8 
4 3 5 4 4 5 5 5 5 3 2 3 4 1 3 4 3 4 5 5 4 5 4 4 6 2 4 5 7 2 4 4 4 4 6 3 4 4 3 6 6 4 3 5 3 5 5 6 6 6 3 1 3 4 7 5 3 6 4 7 5 6 4 3 3 2 5 4 4 6 6 5 4 4 3 3 2 5 5 4 3 3 2 3 5 3 4 6 5 4 5 3 4 3 5 3 5 5 2 2 1 5 4 5 4 2 6 2 5 4 5 4 3 5 4 4 2 5 6 1 3 5 4 2 5 5 3 5 3 2 4 6 6 4 5 3 4 1 3 3 4 5 3 5 5 2 5 4 4 3 2 6 5 3 2 5 4 4 6 6 3 6 4 3 6 6 2 4 5 5 3 4 5 4 2 5 4 4 4 5 3 1 4 5 4 3 4 5 4 5 6 3 5 4 3 5 6 2 6 6 
8 7 1 6 4 6 7 6 9 3 10 4 4 7 6 9 5 10 7 7 8 5 7 8 8 10 3 5 8 7 6 9 10 2 6 8 9 11 13 8 6 3 7 10 7 9 8 4 6 5 10 8 10 5 6 8 3 9 7 11 8 6 13 5 11 11 9 7 9 9 8 5 9 10 9 9 10 6 4 9 5 7 2 1 7 9 11 9 11 7 7 5 7 7 6 10 7 9 3 4 8 9 9 3 8 7 9 9 4 5 7 10 10 5 4 6 10 2 6 9 8 5 6 8 5 2 7 7 9 8 5 9 9 5 7 10 7 7 5 11 3 7 7 5 11 2 9 5 7 6 9 7 5 9 4 8 9 7 9 6 7 8 3 8 7 13 6 7 8 7 6 11 9 5 10 12 7 5 1 6 5 6 7 5 9 6 7 8 5 7 10 3 11 6 10 7 8 6 9 2 
10 7 9 11 2 9 10 7 9 13 9 8 8 8 13 4 13 6 9 7 12 16 9 8 7 4 9 9 9 9 6 12 10 6 3 9 6 7 7 14 9 6 10 5 10 10 6 10 8 12 7 7 7 8 9 8 6 11 8 2 13 4 8 11 11 11 7 11 8 7 4 9 10 3 7 4 7 12 4 7 12 10 7 8 7 4 8 6 7 10 9 12 6 12 12 11 10 9 7 9 9 6 7 11 6 8 6 9 3 12 10 12 7 8 10 7 7 8 15 8 12 13 3 15 3 7 12 8 7 6 6 6 9 3 4 10 7 8 7 9 8 12 12 8 4 9 8 13 12 5 10 11 11 11 6 10 10 9 6 11 7 10 6 6 11 8 7 12 5 8 14 11 8 18 8 10 8 7 11 4 7 9 13 5 11 9 9 6 8 9 11 13 10 8 4 17 11 7 11 15 
2 5 4 3 5 5 5 1 3 1 3 3 2 2 5 2 2 3 3 3 3 4 4 3 3 6 4 4 2 2 3 2 3 3 5 5 3 3 3 3 2 4 3 3 3 3 3 2 3 3 3 3 2 2 2 2 5 5 4 2 3 3 2 1 4 2 3 3 4 3 4 2 2 5 4 3 2 4 2 2 3 3 6 1 2 5 4 3 4 4 3 6 3 3 3 2 1 2 4 3 4 2 5 2 3 4 3 4 4 2 3 4 2 3 3 2 5 3 3 1 2 1 2 4 3 4 2 2 3 4 3 4 2 3 2 4 2 2 3 2 2 2 4 1 1 3 3 3 3 4 4 2 4 3 2 5 3 4 4 2 3 3 3 3 5 4 4 4 2 3 4 3 3 4 4 5 3 3 5 4 3 3 3 5 3 4 2 4 3 2 2 4 4 2 3 4 5 3 4 3 
5 7 9 8 6 9 9 8 11 6 6 8 12 8 10 9 5 5 3 10 12 6 7 2 7 8 6 7 3 5 9 4 11 8 6 6 4 8 7 4 6 9 6 7 7 8 4 6 13 6 11 5 5 9 7 10 7 9 5 7 8 5 10 5 6 10 4 7 5 5 6 9 4 5 7 7 8 6 9 9 5 7 10 5 8 4 7 6 3 9 7 4 2 6 8 3 7 9 7 1 8 6 7 4 7 9 10 9 4 7 10 4 7 11 8 14 5 9 7 8 8 10 6 3 5 7 9 7 4 6 9 9 5 5 5 10 5 4 7 6 8 7 9 7 7 7 3 3 10 9 7 7 6 9 8 6 8 7 7 6 8 7 5 7 10 3 7 8 5 8 10 10 5 7 7 8 9 5 4 11 10 4 7 10 7 5 8 6 5 8 3 5 8 7 5 9 9 6 8 4 
5 3 5 3 4 4 2 4 5 6 3 2 4 5 4 3 4 3 4 4 5 2 5 4 1 6 5 6 6 5 2 3 5 6 1 3 2 4 4 1 6 5 1 1 6 5 7 3 6 3 5 2 4 5 5 4 4 1 2 5 4 3 5 4 6 4 6 4 3 2 5 5 4 2 2 4 5 6 4 8 4 4 4 4 4 3 2 4 3 3 5 5 2 5 6 2 4 3 3 5 4 4 3 3 4 5 4 6 5 3 4 4 5 5 3 2 5 5 2 5 2 6 3 4 6 6 5 4 4 6 5 4 4 2 2 2 3 5 5 1 6 5 4 4 4 4 4 5 4 4 3 6 3 2 4 4 6 4 2 3 6 5 7 3 2 4 4 3 5 2 2 5 2 5 2 2 4 4 3 6 4 5 2 5 4 3 4 2 4 4 3 5 2 6 6 5 5 4 3 6 
6 3 5 4 3 4 4 5 4 2 2 3 3 5 6 3 4 2 7 3 4 3 3 5 6 6 3 5 6 3 3 4 2 7 4 3 4 5 6 3 5 3 6 5 1 4 4 5 4 6 5 4 4 7 7 6 5 5 5 5 2 3 4 3 1 2 2 5 3 4 3 2 4 4 3 6 7 3 2 6 3 5 6 3 5 4 6 3 3 4 3 4 6 4 4 2 4 5 3 4 5 5 4 4 4 4 3 4 3 3 3 4 3 4 6 4 4 4 3 6 3 4 3 6 5 4 2 5 3 3 2 5 2 7 4 2 4 3 3 7 7 5 1 4 4 4 3 2 5 4 7 4 5 3 3 4 5 5 5 6 3 2 2 6 4 5 4 3 4 5 5 3 6 5 4 3 3 5 2 4 4 4 4 4 4 4 5 5 3 4 4 1 5 5 3 7 5 4 4 4 
10 10 13 10 7 7 8 12 9 9 8 9 5 12 6 8 13 13 10 7 8 13 8 8 7 9 7 9 7 14 12 14 14 11 10 9 5 16 14 12 9 8 8 11 8 10 7 16 7 8 11 14 10 11 9 7 13 11 8 8 15 11 8 9 12 5 12 6 10 10 7 7 6 13 9 12 14 5 11 8 12 5 6 14 8 4 8 10 15 13 5 8 12 11 9 16 11 9 10 12 14 10 10 10 4 11 9 15 8 13 8 14 10 9 11 11 5 7 7 7 10 8 2 11 12 6 11 12 6 10 5 8 3 10 10 10 10 8 6 11 8 7 12 4 8 10 9 10 11 9 15 7 4 10 9 5 5 5 10 11 6 10 10 12 9 4 8 6 10 10 6 7 6 7 10 8 5 10 8 8 3 9 12 8 13 11 14 9 9 10 10 5 17 13 3 15 6 13 12 7 
10 5 2 6 7 7 10 11 2 7 7 4 6 8 8 8 3 7 7 4 8 10 8 2 4 5 1 6 6 6 3 9 2 5 9 7 6 8 2 5 7 10 5 8 7 5 3 6 7 4 12 9 6 7 11 5 5 9 4 6 6 2 4 6 7 8 6 3 11 7 7 6 5 6 6 7 6 7 8 6 3 10 7 5 6 6 6 6 8 6 5 6 8 4 4 8 6 2 9 1 3 3 5 6 8 0 8 2 5 6 6 6 5 6 6 7 7 5 3 6 7 4 8 4 4 7 8 6 6 4 4 3 9 8 5 4 8 6 6 7 5 4 7 5 6 9 6 5 8 5 6 5 7 7 8 4 4 10 7 9 8 6 5 7 7 9 7 8 6 7 8 9 3 5 3 5 7 6 7 6 9 6 4 3 9 6 6 7 4 6 5 6 6 4 7 8 0 8 4 8 
1 1 1 1 1 1 1 1 1 1 1 1 1 2 1 1 1 1 1 1 1 1 1 1 1 1 2 1 1 1 1 1 1 1 1 1 2 1 1 2 1 1 1 1 1 1 1 1 1 1 1 1 1 1 1 1 1 1 2 1 1 1 1 1 1 1 1 1 1 1 1 0 1 1 1 1 1 0 1 0 1 1 0 1 1 1 1 1 1 1 1 1 1 1 1 1 1 1 1 1 1 1 0 1 1 2 0 1 1 1 1 1 1 1 1 1 1 1 1 1 1 0 1 1 2 1 1 0 1 1 1 1 1 1 1 1 0 1 1 1 1 1 1 1 1 1 1 1 0 1 1 1 1 1 1 1 1 1 1 0 1 1 1 2 1 1 0 1 1 1 1 1 1 1 0 1 1 1 1 1 1 1 1 1 1 1 1 1 1 1 2 1 2 1 1 1 1 1 1 1 
4 4 6 5 3 2 5 5 5 4 4 5 6 3 2 5 4 5 6 7 6 6 5 6 7 6 4 3 6 7 3 2 2 3 3 5 5 6 7 5 3 2 3 5 5 5 4 4 6 4 6 5 2 5 7 5 6 2 5 3 6 6 5 4 5 3 8 4 4 5 6 4 1 7 4 4 4 3 3 4 5 5 6 5 2 6 6 4 0 3 5 3 6 7 6 4 5 5 4 5 5 3 2 2 1 6 5 7 5 9 4 9 6 6 3 6 3 4 5 6 4 7 4 7 7 6 5 5 2 3 4 5 4 7 5 5 8 4 6 7 4 3 4 4 4 3 3 4 7 6 5 5 4 6 7 3 4 2 5 5 3 2 7 6 3 7 4 7 3 4 8 5 6 4 7 6 5 8 3 4 6 5 3 8 2 3 7 2 4 7 5 5 5 6 4 6 8 2 7 5 
3 2 2 3 1 3 2 2 2 2 3 2 3 2 2 2 2 2 2 2 2 2 3 1 2 2 3 2 2 1 3 1 3 2 2 1 2 2 2 2 1 2 2 2 3 1 1 2 2 2 3 1 2 4 3 1 4 3 2 3 2 3 3 2 2 3 1 2 2 1 1 2 2 2 2 2 2 2 3 2 2 2 2 2 2 2 2 4 3 1 2 1 2 2 2 2 2 1 2 2 3 2 2 2 2 2 2 3 3 3 1 3 2 2 2 2 1 1 2 2 2 1 2 3 1 1 1 1 1 2 3 3 3 2 3 2 1 1 2 3 2 2 3 2 3 2 1 2 1 2 1 3 2 1 1 2 2 2 2 3 1 2 3 1 2 2 2 1 1 2 1 1 2 1 3 1 2 2 2 2 3 3 2 2 3 2 1 3 3 2 2 1 2 2 3 2 2 2 2 3 
2 4 3 3 3 3 4 2 3 3 4 2 3 4 2 3 4 3 2 4 3 4 3 2 1 2 2 4 3 1 4 3 3 5 3 4 3 2 3 4 4 4 6 5 3 2 5 4 2 4 3 1 2 1 4 5 3 4 4 2 3 2 3 3 3 3 3 3 4 3 2 4 1 3 2 4 4 2 3 3 4 3 3 2 3 5 4 3 1 3 4 3 4 2 3 2 1 5 3 3 2 3 3 3 3 3 2 4 2 4 2 3 2 3 4 3 3 3 3 3 4 4 4 3 2 3 4 2 3 3 3 3 3 2 2 1 2 2 3 2 3 2 1 5 3 3 3 3 3 2 2 2 3 4 3 2 3 3 3 2 2 3 3 2 3 3 2 3 4 3 4 5 4 5 4 3 3 3 3 1 4 1 0 3 3 3 4 3 4 2 3 4 4 2 1 5 2 3 3 3 
4 5 2 3 1 3 2 2 2 3 3 4 2 0 2 4 2 2 4 4 3 4 3 3 3 3 2 2 3 3 4 4 4 4 3 2 2 3 3 4 4 4 2 2 3 2 2 2 3 3 2 3 3 3 4 1 3 2 2 4 5 3 4 3 2 3 5 3 3 3 3 4 2 2 3 3 2 2 4 3 3 2 3 3 3 3 3 2 2 4 4 4 5 4 4 3 3 3 2 2 3 1 5 4 3 3 3 3 3 3 3 3 4 2 4 3 2 2 3 3 4 3 4 2 4 2 4 3 5 1 1 3 4 4 4 4 2 3 3 4 4 3 3 2 5 3 2 3 4 2 2 0 2 5 3 3 2 1 1 4 2 6 3 4 3 2 3 4 1 3 3 2 4 3 3 4 4 3 2 4 3 1 4 2 2 2 3 2 3 3 4 0 1 3 4 4 2 4 2 2 
4 3 3 5 3 4 3 4 2 3 6 4 5 3 4 4 5 3 5 3 4 2 6 5 5 4 4 5 6 2 8 5 2 4 4 4 2 5 4 5 5 5 4 3 6 5 5 2 3 2 4 4 5 5 3 4 3 6 4 3 7 0 3 1 5 5 5 1 4 4 2 6 4 5 5 5 3 4 3 5 5 7 4 4 2 5 0 5 2 3 6 5 3 3 4 4 8 4 1 6 3 3 5 4 7 3 6 5 4 3 4 6 2 3 4 3 4 6 2 3 5 3 3 5 4 4 3 5 4 3 5 4 5 5 5 4 6 4 5 3 3 3 6 2 4 2 6 3 3 4 5 5 5 6 4 7 3 3 6 3 5 2 7 6 5 3 4 4 5 7 4 5 6 0 4 6 4 3 7 5 4 4 2 3 5 7 4 2 4 6 3 3 6 7 3 3 4 1 4 2 
2 2 2 3 0 3 3 2 2 2 3 3 1 2 2 2 1 3 2 1 2 3 2 2 2 2 1 3 4 3 2 2 3 2 0 2 2 2 2 2 3 2 2 2 2 1 2 1 2 4 1 2 3 2 4 2 1 2 0 2 1 2 2 3 2 2 2 3 2 1 2 1 3 1 1 1 2 0 2 2 1 2 2 3 2 1 2 3 2 3 2 2 2 1 1 1 1 2 2 1 2 1 3 2 1 2 1 1 1 3 2 2 2 2 2 3 2 2 2 3 2 2 2 2 3 2 1 2 2 2 2 3 3 2 2 1 3 2 2 2 2 3 3 3 3 2 2 1 2 1 3 2 2 2 2 2 1 2 3 2 2 2 3 2 3 3 2 2 2 2 2 2 3 4 3 2 2 2 2 2 3 2 2 1 1 2 3 1 1 3 2 2 3 3 1 2 3 1 1 3 
7 6 5 4 5 6 5 5 2 4 3 5 7 3 4 5 4 7 6 5 7 5 7 6 4 5 4 3 6 5 3 6 5 3 7 5 5 5 8 5 7 3 5 7 3 5 3 6 4 7 6 6 3 8 8 6 3 2 5 3 6 4 4 4 8 7 2 6 6 7 8 4 5 6 5 2 4 4 7 6 5 7 4 4 5 7 4 4 7 1 7 6 5 4 2 6 5 7 4 2 6 7 8 7 3 5 3 4 7 7 4 7 6 6 2 3 8 4 6 2 6 4 4 7 6 4 7 4 6 5 8 5 3 6 2 6 5 7 5 6 1 4 8 7 5 7 5 5 4 9 5 4 5 5 6 8 4 4 4 4 7 6 6 10 5 4 5 3 6 4 6 3 5 6 6 7 6 3 5 5 7 5 3 7 3 7 4 6 8 4 4 4 6 2 5 3 4 6 4 4 
2 2 3 3 1 3 2 2 1 2 2 1 2 2 3 1 2 2 2 2 3 2 2 3 2 2 2 2 2 2 2 1 2 2 1 2 2 2 1 2 2 2 2 2 2 3 1 1 2 1 1 2 0 1 3 3 2 2 2 2 4 2 1 2 3 2 3 2 2 3 1 2 2 3 2 1 2 1 3 2 3 3 2 2 2 2 2 3 2 2 1 3 2 1 3 2 2 2 2 4 1 2 2 3 2 2 2 2 2 2 2 2 3 2 2 2 2 1 2 2 2 2 3 1 3 2 2 2 3 0 2 2 2 2 4 2 2 3 2 2 2 1 2 1 2 2 2 2 2 2 2 1 0 2 3 3 1 2 2 3 2 2 3 1 3 2 2 2 3 1 1 3 3 2 2 2 3 2 2 1 2 1 3 1 2 2 2 3 2 1 2 1 2 3 2 2 2 1 2 2 
6 5 3 5 6 5 6 7 3 2 6 6 6 3 5 4 5 3 5 3 6 5 6 3 3 3 7 5 5 3 5 4 4 5 5 2 7 6 5 7 4 4 6 5 1 3 5 5 6 1 7 3 4 5 9 4 5 4 8 5 5 4 6 3 5 4 5 5 8 3 8 5 5 5 4 5 7 4 3 2 5 6 6 5 4 5 5 6 3 2 6 6 4 5 2 4 6 6 6 5 8 7 6 8 5 3 4 5 4 7 6 6 4 5 5 7 4 4 6 7 4 7 0 5 4 5 5 5 5 6 6 3 7 7 8 5 6 2 5 6 10 5 2 5 3 7 5 8 4 7 6 5 6 6 6 0 3 6 8 6 5 5 7 6 6 7 4 5 5 8 7 0 6 6 3 6 6 3 5 3 4 4 4 7 7 6 1 2 7 5 6 4 6 6 5 5 6 3 8 2 
12 12 10 6 8 9 7 11 11 7 11 16 11 5 7 12 6 10 8 10 9 10 14 6 3 13 11 7 8 12 10 8 10 3 11 6 10 8 8 8 6 13 3 8 10 8 11 13 8 8 5 10 3 13 14 4 9 8 10 14 11 5 9 9 10 8 12 12 7 15 3 9 10 10 12 9 7 11 7 6 9 12 4 15 1 10 4 8 7 2 4 9 8 12 11 13 7 10 4 12 8 7 10 8 11 11 18 10 8 9 7 11 12 10 9 8 7 8 12 11 8 7 12 9 12 6 8 11 12 15 8 12 10 11 13 13 7 13 13 6 10 12 7 14 7 13 10 6 5 12 9 5 9 4 7 12 12 10 8 6 8 7 15 8 9 10 11 9 10 14 9 6 7 7 5 13 9 12 7 8 10 7 13 8 11 11 5 11 8 14 5 8 10 5 9 7 8 10 10 9 
2 3 1 2 1 0 2 4 2 2 2 3 4 3 3 2 3 2 3 1 1 1 1 2 2 2 3 3 2 2 2 2 2 2 1 2 3 0 3 1 2 1 2 2 1 2 2 2 2 2 2 2 4 2 2 2 2 2 3 3 2 1 1 2 2 2 2 3 1 3 2 2 2 3 2 3 1 2 3 2 2 2 1 2 2 1 2 1 2 3 2 2 2 2 3 3 2 1 2 1 2 2 3 2 3 2 4 3 2 2 3 3 2 3 2 2 2 1 2 1 2 1 1 2 2 3 2 2 3 1 1 3 2 1 2 1 1 3 3 2 2 2 2 3 1 2 2 2 2 3 2 3 2 2 1 2 3 3 3 3 2 1 2 2 2 2 0 3 2 1 3 2 2 2 3 2 0 3 2 2 1 2 1 0 2 3 3 2 2 3 1 1 3 3 1 1 2 1 2 2 
5 3 2 4 2 4 3 2 3 2 1 2 3 2 2 3 4 3 2 3 3 3 5 4 2 4 3 3 2 5 3 5 2 3 3 3 2 3 3 2 3 4 3 1 3 3 4 3 3 3 3 5 4 3 3 3 3 2 3 4 5 1 2 2 1 3 4 1 3 2 2 5 3 2 3 1 1 3 3 4 3 1 3 4 4 3 3 2 2 3 2 5 5 1 4 4 4 2 3 3 4 3 5 4 2 4 1 3 3 2 3 5 3 3 4 2 1 2 3 2 2 1 2 3 4 4 3 3 3 5 3 3 3 3 4 2 2 3 3 2 2 3 3 5 1 3 3 2 2 3 4 4 2 2 4 1 4 4 2 3 3 2 2 3 3 3 5 2 0 5 2 3 3 4 4 3 3 4 3 2 4 3 2 4 4 2 3 4 2 5 5 5 2 2 3 1 3 4 4 3 
1 1 1 1 1 1 1 1 1 1 1 0 2 1 1 1 1 1 1 0 1 1 1 1 1 1 1 1 1 1 1 1 0 1 1 1 1 1 1 1 1 1 1 1 2 1 1 1 1 1 2 1 0 1 1 1 1 1 1 1 1 1 1 0 0 1 1 1 1 1 1 1 1 1 1 1 0 1 1 1 0 1 1 1 1 1 0 1 1 2 0 1 1 1 1 1 1 1 1 1 1 1 1 1 1 1 1 1 1 0 1 1 1 1 1 1 1 1 1 1 0 1 1 1 1 1 1 0 1 1 1 0 2 1 1 1 1 1 1 1 1 2 1 2 1 1 1 1 1 1 0 1 1 1 1 1 1 2 1 1 1 1 1 1 1 1 1 1 2 1 1 1 1 1 1 1 1 1 1 1 1 1 1 1 1 1 1 1 1 1 1 0 1 1 1 1 1 1 1 1 
1 1 1 1 2 0 1 1 1 1 1 1 1 1 1 1 1 1 1 1 1 0 1 1 1 1 1 1 1 1 1 1 1 0 1 1 1 1 1 1 1 1 1 1 1 1 1 1 1 1 1 1 1 1 1 1 1 1 1 1 1 1 1 1 1 0 1 0 1 1 1 1 1 1 1 1 1 1 1 1 2 1 1 1 1 0 1 0 1 1 1 1 1 1 1 1 1 1 1 1 1 1 0 1 2 1 1 1 1 1 1 1 2 1 1 0 1 1 1 1 1 1 1 1 1 1 1 1 2 1 1 2 1 1 1 1 1 1 2 1 1 1 1 1 1 1 1 2 1 1 0 0 1 2 1 1 1 1 2 1 1 1 1 1 1 1 1 1 1 1 1 1 0 1 1 1 1 2 1 1 0 1 1 1 1 1 1 1 1 1 1 1 1 0 1 1 1 1 1 2 
14 5 7 4 9 5 3 8 12 8 10 9 11 8 7 7 8 11 15 15 5 11 4 13 8 8 12 10 12 8 17 15 13 8 11 12 3 10 17 3 9 7 10 8 7 19 8 5 13 12 12 9 5 13 9 11 9 4 17 4 18 10 15 13 10 8 14 6 17 10 10 5 11 9 10 9 13 14 4 15 8 13 17 11 13 6 10 11 14 10 9 7 9 4 5 12 7 9 13 9 11 6 14 12 14 6 20 17 7 11 6 15 9 10 8 12 9 11 16 10 13 11 14 3 14 10 7 0 14 12 5 4 12 7 13 13 7 13 11 7 16 11 7 17 14 14 8 11 6 12 9 11 16 14 13 8 3 9 17 9 13 11 8 5 9 12 9 11 7 6 8 11 7 11 10 4 8 16 10 11 6 10 14 7 12 9 15 14 5 9 9 13 4 11 7 6 7 9 9 15 
9 6 6 10 10 10 7 8 5 7 8 6 6 7 3 9 5 5 8 7 6 9 7 10 11 7 5 5 5 6 9 7 7 8 5 3 5 8 6 5 8 9 10 5 11 2 6 5 4 9 4 8 8 4 6 7 8 12 2 5 8 3 7 11 6 7 8 7 8 8 6 4 8 7 11 7 10 9 9 8 8 5 8 8 6 4 6 10 1 8 8 9 6 8 9 6 13 7 7 3 11 4 6 10 3 5 7 8 8 9 7 8 7 8 12 10 9 9 4 9 7 9 6 7 8 7 11 10 9 6 6 9 7 6 6 9 6 10 5 7 7 3 9 6 5 7 10 7 6 9 9 8 8 8 8 3 12 8 3 8 4 4 9 8 7 6 9 6 7 10 7 7 6 6 7 7 9 6 7 8 3 9 7 2 5 6 6 4 9 8 4 6 12 6 5 6 9 7 8 11 
4 6 7 3 2 7 7 6 5 8 5 5 6 4 7 5 5 5 5 5 7 4 7 3 6 6 3 3 6 5 6 3 5 4 6 5 4 6 5 7 6 7 5 9 6 4 4 5 4 2 5 6 6 5 3 6 5 4 3 4 8 7 5 5 4 5 5 8 6 4 8 5 6 3 5 4 5 2 6 4 7 5 5 7 8 8 6 4 4 3 6 3 4 4 4 5 4 2 8 6 7 4 5 6 6 5 8 2 7 4 7 4 7 1 4 5 4 6 5 3 7 7 4 6 6 7 2 7 5 4 6 9 6 7 5 8 6 8 8 5 6 3 8 8 2 6 4 5 6 5 5 5 8 4 7 3 5 6 4 4 5 5 6 3 4 4 4 2 8 5 2 1 5 4 5 6 2 6 4 3 4 3 4 4 6 6 8 6 4 8 4 5 4 6 5 6 4 6 8 4 
13 13 12 3 9 10 8 4 7 9 7 6 8 8 10 8 8 7 5 12 8 8 8 11 6 5 6 5 11 8 11 9 11 5 11 8 7 4 6 7 9 8 12 6 6 4 8 7 11 8 8 8 10 7 7 11 11 6 6 8 10 7 10 11 10 8 7 12 5 7 10 11 11 8 6 6 8 11 6 8 3 13 7 12 7 12 8 8 6 5 5 8 11 5 10 10 11 9 7 5 11 11 4 11 7 7 11 6 6 5 7 5 3 10 4 4 4 6 5 8 6 10 7 10 6 8 10 11 8 10 6 5 8 8 9 0 11 8 8 8 5 8 12 9 7 4 7 3 11 11 6 7 11 7 11 9 9 10 6 9 11 5 7 5 13 4 9 6 8 7 5 12 8 10 9 13 13 5 11 8 7 6 10 9 5 6 7 13 5 7 11 10 11 4 11 6 11 10 8 5 
1 1 1 1 1 1 1 1 1 1 1 2 1 1 1 1 1 1 1 1 2 1 1 2 1 1 1 1 1 1 1 1 1 2 1 1 2 1 1 1 1 1 1 1 1 1 1 1 1 1 1 1 1 0 1 1 1 1 1 0 1 1 1 1 2 1 1 1 1 1 1 0 1 1 1 1 1 1 1 1 1 1 0 1 1 1 1 1 1 1 1 1 1 0 1 1 1 1 1 1 1 1 1 1 1 1 1 1 0 1 1 1 0 1 1 1 0 1 1 1 1 1 1 1 1 1 1 1 1 1 1 1 1 1 1 1 2 1 0 2 1 1 1 1 1 1 1 1 1 1 1 1 1 1 1 0 1 1 0 1 1 1 1 1 1 1 1 1 2 0 1 2 2 1 1 1 1 1 1 1 1 1 1 1 1 1 1 1 1 1 0 1 1 1 1 1 1 1 1 1 
8 11 6 10 9 10 5 1 9 12 5 12 7 14 9 11 3 7 11 12 5 5 7 8 8 9 7 8 11 10 10 3 11 8 9 8 6 6 9 8 11 9 8 7 8 4 11 4 9 6 7 10 1 8 6 9 6 3 11 7 9 5 6 12 11 9 9 8 8 5 5 10 4 4 9 5 5 11 8 8 6 6 7 9 9 4 5 11 9 7 8 10 12 8 8 10 9 7 9 9 8 4 3 11 8 10 3 4 8 9 12 12 12 7 9 11 12 8 4 6 9 7 0 9 10 5 9 14 6 9 7 7 8 7 6 9 11 11 10 3 7 5 8 8 13 7 9 7 11 8 8 4 9 5 6 4 9 6 5 9 8 4 12 5 11 10 5 8 13 10 8 5 7 9 4 7 1 7 7 11 11 5 7 8 4 8 8 11 4 4 8 3 10 6 3 15 10 7 13 11 
5 7 10 7 7 7 7 9 9 8 7 6 6 10 6 6 9 4 7 9 7 4 7 5 12 6 8 8 7 9 6 6 5 8 7 7 6 9 8 5 5 6 9 6 7 7 8 2 7 7 9 6 12 3 11 6 6 11 1 3 7 4 7 8 10 7 9 10 6 8 6 4 6 7 6 6 9 4 7 6 6 9 6 7 8 11 6 6 6 5 9 5 9 7 6 4 6 5 11 5 9 6 9 6 6 8 5 7 9 9 8 15 8 6 6 9 8 5 9 9 6 8 5 8 10 7 3 5 10 8 7 8 7 7 7 9 8 10 5 8 10 8 5 7 8 6 4 6 7 6 6 10 9 8 10 11 9 8 5 8 8 6 8 8 5 7 9 8 10 9 7 11 8 6 5 12 11 9 5 10 6 9 3 8 3 7 9 9 8 8 7 6 8 5 7 6 8 6 11 5 
4 4 3 5 1 7 5 1 8 7 5 2 2 2 5 3 5 3 0 6 5 3 4 2 4 3 5 4 4 4 4 4 4 2 6 4 3 4 4 4 6 5 6 2 5 5 6 3 5 4 6 3 1 4 6 2 5 2 5 6 4 3 5 2 5 4 4 3 5 4 2 4 5 3 5 3 4 3 4 2 4 3 5 4 2 5 5 7 6 4 2 4 4 4 6 8 5 7 4 6 3 3 2 6 4 5 4 3 4 5 6 5 3 3 1 4 2 1 2 2 4 1 5 5 0 2 6 2 5 5 3 4 3 2 1 5 4 4 6 4 4 4 5 3 4 3 4 3 3 8 4 6 4 4 5 3 4 4 1 4 5 5 7 3 4 4 4 5 5 3 6 6 4 6 3 2 4 4 1 5 3 2 6 6 4 5 2 4 1 3 2 3 4 1 3 8 3 3 7 4 
4 7 7 8 7 12 10 5 11 6 5 12 7 8 3 6 5 5 3 7 8 4 8 3 11 11 8 6 6 5 15 0 9 6 9 4 11 6 4 11 8 8 7 11 7 3 6 10 7 6 8 9 1 10 4 7 5 7 9 6 9 8 6 9 4 10 8 7 4 9 7 6 10 7 7 10 10 7 11 9 6 8 12 9 8 7 9 7 6 5 10 7 5 7 4 12 6 8 8 7 3 11 6 9 9 5 3 7 5 2 10 3 5 9 8 6 4 7 6 7 7 6 7 1 5 7 7 7 1 10 8 5 7 11 7 6 7 5 10 6 10 4 9 7 4 5 8 8 3 10 2 5 11 12 7 9 11 7 10 5 9 3 10 7 5 6 6 11 12 4 6 8 7 6 5 9 11 7 3 5 5 5 8 8 5 9 9 7 7 11 6 11 7 8 11 7 9 11 9 9 
2 5 3 4 3 3 5 4 3 2 2 4 4 3 4 4 2 2 4 4 4 3 4 4 2 3 3 5 2 4 4 3 5 4 2 2 2 2 2 3 2 4 4 3 4 3 3 4 4 4 4 2 2 3 2 4 3 3 2 1 2 4 4 4 3 4 2 4 3 3 3 3 4 3 4 2 3 4 2 1 3 4 3 3 3 3 4 2 2 4 4 1 2 3 1 3 2 5 2 5 1 5 5 4 1 3 2 3 2 2 2 4 3 3 2 2 3 4 2 3 3 4 3 4 4 3 4 3 2 3 2 4 3 4 5 3 4 4 3 2 2 2 3 1 3 3 4 4 2 2 3 3 2 3 1 4 2 2 3 4 4 5 3 3 3 3 3 2 5 4 1 3 3 2 3 3 2 4 3 3 3 1 4 4 2 3 2 2 2 2 5 2 4 4 3 2 1 1 1 3 
4 6 8 2 5 5 4 5 3 9 6 6 4 7 3 5 4 7 8 7 8 4 4 4 8 7 8 3 4 6 7 8 4 2 4 8 9 8 4 7 6 6 8 6 5 5 9 5 6 7 8 7 7 6 8 7 3 5 4 9 6 2 6 6 8 9 5 6 6 7 7 10 4 8 5 6 5 5 8 6 9 8 7 10 11 3 6 7 7 3 7 9 6 9 6 6 5 8 7 3 5 8 9 3 5 4 6 5 7 6 7 6 7 8 6 10 5 7 7 5 7 6 7 7 3 7 7 6 4 7 5 5 5 7 6 8 6 5 3 5 9 3 5 5 7 5 3 8 4 4 6 4 4 5 4 3 4 6 4 7 9 7 1 8 4 8 5 7 8 7 5 5 8 4 8 4 3 4 8 7 8 9 5 5 5 8 6 6 11 8 4 4 5 4 7 6 3 8 7 5 
