NAME  : Jabali_50_3_0.85_1_3
TYPE : SVRP
MODEL : FINITE_SUPPORT
NUMBER_OF_SCENARIOS : 200
DIMENSION : 50
EDGE_WEIGHT_TYPE : MATRIX
CAPACITY : 111
N_VEHICLES : 3
NODE_COORD_SECTION
1 3528 4524
2 6711 5701
3 752 1897
4 1750 5750
5 4168 6829
6 4287 5302
7 1898 2698
8 5908 1793
9 541 1160
10 5928 5461
11 6603 6980
12 2549 7640
13 4685 986
14 7855 6663
15 3738 4134
16 8004 5542
17 424 2048
18 1775 5149
19 3434 1363
20 2993 2855
21 2451 4306
22 7152 5025
23 5313 5028
24 5508 18
25 2450 5126
26 6913 1683
27 968 2624
28 5284 4552
29 4590 794
30 2882 7138
31 734 3550
32 5983 293
33 2566 5603
34 5483 3967
35 904 1166
36 3672 2720
37 1583 8107
38 27 3144
39 3769 6212
40 6804 6175
41 4444 3168
42 333 3660
43 3278 471
44 7701 5344
45 5708 5458
46 5055 518
47 3401 6410
48 6302 456
49 7401 5999
50 6687 1248
DEMAND_SECTION
1 0.0
2 7.0
3 5.0
4 10.0
5 10.0
6 10.0
7 6.0
8 6.0
9 9.0
10 9.0
11 10.0
12 9.0
13 7.0
14 7.0
15 6.0
16 8.0
17 8.0
18 5.0
19 7.0
20 7.0
21 6.0
22 1.0
23 2.0
24 4.0
25 6.0
26 1.0
27 5.0
28 3.0
29 9.0
30 9.0
31 4.0
32 10.0
33 5.0
34 1.0
35 10.0
36 3.0
37 1.0
38 2.0
39 2.0
40 6.0
41 8.0
42 8.0
43 5.0
44 1.0
45 10.0
46 6.0
47 3.0
48 2.0
49 5.0
50 1.0
DEVIATION_SECTION
1 0.0
2 2.33333
3 1.66667
4 3.33333
5 3.33333
6 3.33333
7 2.0
8 2.0
9 3.0
10 3.0
11 3.33333
12 3.0
13 2.33333
14 2.33333
15 2.0
16 2.66667
17 2.66667
18 1.66667
19 2.33333
20 2.33333
21 2.0
22 0.333333
23 0.666667
24 1.33333
25 2.0
26 0.333333
27 1.66667
28 1.0
29 3.0
30 3.0
31 1.33333
32 3.33333
33 1.66667
34 0.333333
35 3.33333
36 1.0
37 0.333333
38 0.666667
39 0.666667
40 2.0
41 2.66667
42 2.66667
43 1.66667
44 0.333333
45 3.33333
46 2.0
47 1.0
48 0.666667
49 1.66667
50 0.333333
DISTANCE_MATRIX
0.0 48.6752 51.2468 38.5176 33.0606 15.8114 32.5587 53.2064 59.8468 37.1177 54.818 44.6216 54.0833 67.211 6.32456 65.2387 52.851 31.8313 43.9659 24.0832 17.4091 54.3011 29.8461 68.0147 26.8414 65.9867 42.7754 31.6969 53.0094 36.9456 51.2483 67.9999 32.5587 34.2673 57.2087 25.4951 56.944 61.6184 24.0208 51.6423 23.8103 54.329 55.7853 61.4852 35.5245 59.8164 25.8468 68.6409 58.5108 65.7515 
48.6752 0.0 95.9181 64.56 37.4833 33.1068 76.8799 54.1479 103.251 11.6619 16.7631 61.8142 72.5725 20.0 55.8344 17.1172 98.256 64.6449 74.2552 63.0079 66.6115 10.6301 21.2603 78.2304 56.4653 54.7083 88.8386 25.6125 70.475 55.2268 88.0999 73.8241 53.782 29.5466 100.0 57.3062 76.1183 98.7778 40.1123 6.0 45.753 91.1807 84.7829 14.0357 13.6015 74.027 45.0444 71.3863 10.0 60.1664 
51.2468 95.9181 0.0 53.0377 81.911 66.5438 19.105 70.0928 10.0 85.3646 105.278 81.0555 55.0091 115.918 52.2015 109.187 4.12311 46.2709 38.0526 33.6006 41.7194 96.8857 75.4599 70.3491 50.5506 83.1986 10.0499 70.3263 56.0089 76.531 22.3607 75.0267 55.5492 68.8559 9.84886 41.6773 84.7172 19.2094 72.4317 100.83 53.2541 23.7697 40.2616 105.122 83.1331 62.0725 71.6611 78.0064 105.598 81.0494 
38.5176 64.56 53.0377 0.0 34.6554 32.6324 40.7595 77.0846 63.0317 53.3675 66.3702 28.0179 75.6637 81.4371 39.6333 81.4923 52.345 7.61577 62.455 41.4005 21.2132 70.953 46.607 90.6895 13.0 89.8649 43.0116 48.4795 74.9667 24.0416 31.5753 91.5652 11.0454 55.8473 62.0322 46.6905 33.6155 40.4969 26.6271 66.4831 49.6972 32.8938 73.2215 77.8809 52.0008 82.0731 23.3452 92.4601 74.0 89.6297 
33.0606 37.4833 81.911 34.6554 0.0 21.1896 64.5368 72.6705 91.1158 29.5466 33.5261 24.3311 83.0077 50.01 35.2278 54.1479 82.285 38.0132 75.8024 57.0 40.2616 46.8402 29.0 94.8154 31.7805 79.5112 72.2184 33.4215 81.4344 18.0278 63.1348 92.5004 26.9258 41.4005 89.0225 56.7186 38.6394 73.2462 9.48683 37.0 50.1442 65.7343 87.8237 51.4782 29.5296 87.6057 11.3137 91.526 45.0 83.0963 
15.8114 33.1068 66.5438 32.6324 21.1896 0.0 47.8539 54.3562 75.1439 21.5493 39.0512 39.2046 64.2199 51.614 15.2971 49.6702 68.148 32.6787 55.1453 37.6563 32.7062 38.7326 14.2777 76.4954 24.499 61.7887 58.0725 16.1285 62.6467 31.4006 56.1337 74.1804 21.8157 23.4964 72.4983 36.0555 52.4786 66.5038 14.8661 36.0555 31.3565 59.2144 67.1863 45.9167 19.9561 68.8179 19.2094 73.2063 42.9418 65.1725 
32.5587 76.8799 19.105 40.7595 64.5368 47.8539 0.0 55.0818 27.2947 66.3264 86.6623 67.7941 44.5982 96.8798 33.2866 90.129 21.4009 33.29 27.7308 15.2315 24.3311 77.7085 56.4217 60.7454 34.0147 68.1836 12.6491 51.2882 44.9222 62.1289 18.7883 64.0312 40.0 49.8615 24.6982 24.0416 74.1391 25.02 55.109 81.7923 34.8855 23.4094 35.3836 85.9447 64.095 51.8652 55.3263 66.2873 86.5598 67.0075 
53.2064 54.1479 70.0928 77.0846 72.6705 54.3562 55.0818 0.0 73.1642 50.022 70.5762 92.3445 22.2036 70.4557 47.7743 57.4891 73.7564 70.3983 33.541 41.1096 55.9761 47.1699 44.7214 24.0832 65.4083 13.1529 67.3647 39.4462 20.0 84.5701 72.3523 20.2485 75.8905 31.3847 69.0797 32.249 107.922 80.025 67.7406 60.1332 30.4157 77.2699 39.6232 53.9351 48.3845 20.8806 72.3686 18.868 60.1332 12.6491 
59.8468 103.251 10.0 63.0317 91.1158 75.1439 27.2947 73.1642 0.0 92.6976 113.955 91.0494 55.7315 123.251 60.5392 116.368 11.7047 56.2228 39.8497 40.3609 50.9215 103.948 82.7929 70.0643 59.9503 86.0349 20.025 77.6593 57.0701 86.4696 32.249 75.4255 65.3369 75.9178 4.12311 47.5079 94.6414 27.7308 81.6365 108.163 59.4643 33.2415 39.0 112.184 90.4662 62.3939 81.4793 78.7718 112.929 83.2406 
37.1177 11.6619 85.3646 53.3675 29.5466 21.5493 66.3264 50.022 92.6976 0.0 22.561 53.4509 66.0076 31.1127 36.0763 28.1603 87.7025 53.4138 65.0 52.4902 53.819 18.0278 10.0 73.7564 45.2341 54.2832 78.2851 15.2315 64.0312 46.3249 76.8688 70.2657 42.5508 21.095 89.4473 47.5395 67.72 88.2242 30.1496 15.6205 36.4005 79.9495 76.5052 24.5153 2.23607 68.469 35.2278 68.6249 21.6333 59.3964 
54.818 16.7631 105.278 66.3702 33.5261 39.0512 86.6623 70.5762 113.955 22.561 0.0 56.3205 88.0909 17.0 53.7766 26.0768 106.961 67.8012 87.5557 74.4187 71.5193 26.4197 31.9531 94.6414 59.6813 71.4703 96.8856 37.6431 86.0523 51.1957 91.316 90.4268 56.6127 43.566 111.376 69.8928 70.0643 101.686 39.8246 11.1803 58.9406 94.3967 99.0656 25.4951 24.7386 90.05 43.8634 88.0738 16.4012 76.922 
44.6216 61.8142 81.0555 28.0179 24.3311 39.2046 67.7941 92.3445 91.0494 53.4509 56.3205 0.0 97.5988 73.2462 48.368 78.4092 80.3057 35.0571 86.4196 65.5515 45.2217 71.0634 51.0 111.038 34.7851 99.777 71.0282 54.0833 96.3618 7.81025 59.4138 110.592 28.7924 61.4847 90.0056 69.4631 14.3178 67.6831 24.6982 61.131 66.7185 60.208 97.8621 75.8024 53.1413 102.996 20.0 111.203 69.1158 103.161 
54.0833 72.5725 55.0091 75.6637 83.0077 64.2199 44.5982 22.2036 55.7315 66.0076 88.0909 97.5988 0.0 90.471 49.2443 78.4347 59.0339 68.7674 17.2627 35.0 54.4518 67.1863 58.4209 16.1555 64.0669 32.8024 55.109 52.469 2.23607 89.9228 63.3246 20.025 69.7843 45.0999 51.6236 29.0689 107.888 68.884 75.8801 78.5175 32.8938 68.0074 18.3576 74.6324 64.0312 7.28011 78.7348 23.0868 79.8311 28.6531 
67.211 20.0 115.918 81.4371 50.01 51.614 96.8798 70.4557 123.251 31.1127 17.0 73.2462 90.471 0.0 66.1695 14.8661 118.256 82.0485 93.5096 83.006 83.9123 23.3452 41.0366 94.1913 73.8689 68.1836 108.838 45.607 88.295 67.897 105.504 89.0056 71.1196 49.2443 120.0 77.1937 87.0517 115.874 55.3624 15.6205 65.6401 108.584 104.037 17.1172 33.2415 91.0824 59.7746 86.0233 10.7703 74.108 
6.32456 55.8344 52.2015 39.6333 35.2278 15.2971 33.2866 47.7743 60.5392 36.0763 53.7766 48.368 49.2443 66.1695 0.0 69.1042 53.9073 32.947 40.6079 22.3607 18.5248 56.6837 35.3762 62.6975 27.957 60.5546 43.8634 30.2426 48.0208 40.6921 45.4626 62.5977 28.6589 28.8352 57.7062 21.587 60.6904 53.5055 26.9258 50.6009 18.3783 50.3802 52.6118 64.9198 43.0495 54.6557 29.5466 63.2088 65.5143 60.3195 
65.2387 17.1172 109.187 81.4923 54.1479 49.6702 90.129 57.4891 116.368 28.1603 26.0768 78.4092 78.4347 14.8661 69.1042 0.0 111.464 81.5416 83.2897 76.0079 79.8813 12.7279 36.6742 80.7527 73.3619 54.0 102.108 39.6611 76.2168 72.0625 104.005 75.2396 70.6786 41.6286 112.977 69.87 92.6553 112.048 57.2189 17.4642 58.3163 108.077 93.0215 4.24264 29.7321 78.339 62.1289 72.0625 9.84886 60.0083 
52.851 98.256 4.12311 52.345 82.285 68.148 21.4009 73.7564 11.7047 87.7025 106.961 80.3057 59.0339 118.256 53.9073 111.464 0.0 45.8912 42.0119 36.3593 43.052 99.0439 77.7978 74.4312 50.675 86.885 10.2956 72.6642 60.0 76.1183 21.0 79.0569 55.6597 71.2495 12.8062 44.7214 83.2947 16.1245 72.925 103.168 56.0803 21.587 44.3847 107.28 85.471 66.1211 71.7855 82.0 107.936 84.8528 
31.8313 64.6449 46.2709 7.61577 38.0132 32.6787 33.29 70.3983 56.2228 53.4138 67.8012 35.0571 68.7674 82.0485 32.947 81.5416 45.8912 0.0 55.4797 34.4317 14.4222 70.9993 46.6533 83.9334 9.21954 83.1786 36.2215 48.5258 68.1206 30.2655 25.632 84.8764 11.3137 54.0345 55.0091 39.8897 41.2311 35.3553 29.0689 66.8218 43.0109 27.7849 66.2462 77.9272 52.0471 75.2572 26.9258 85.7738 74.188 82.9435 
43.9659 74.2552 38.0526 62.455 75.8024 55.1453 27.7308 33.541 39.8497 65.0 87.5557 86.4196 17.2627 93.5096 40.6079 83.2897 42.0119 55.4797 0.0 21.095 41.6773 71.6202 55.9017 33.2415 51.8845 46.2385 37.855 50.01 18.0278 79.6131 46.5188 37.2156 57.6975 46.4166 35.7351 19.105 95.5249 51.6624 67.4685 79.6657 28.6356 51.0784 12.0416 79.2882 62.8172 24.5153 69.6788 40.0125 82.7959 43.4166 
24.0832 63.0079 33.6006 41.4005 57.0 37.6563 15.2315 41.1096 40.3609 52.4902 74.4187 65.5515 35.0 83.006 22.3607 76.0079 36.3593 34.4317 21.095 0.0 20.5913 63.5874 42.5856 50.774 30.8707 54.0093 27.8568 37.4433 34.6699 58.8218 31.3472 52.8015 36.7696 35.5576 37.0135 9.05539 74.4312 39.3192 48.0937 67.9559 19.7231 36.2648 32.311 71.8236 50.2494 41.8808 49.788 54.4243 72.6223 53.4603 
17.4091 66.6115 41.7194 21.2132 40.2616 32.7062 24.3311 55.9761 50.9215 53.819 71.5193 45.2217 54.4518 83.9123 18.5248 79.8813 43.052 14.4222 41.6773 20.5913 0.0 67.4608 46.1533 69.527 10.4403 68.7564 32.9764 41.0198 53.7587 38.833 33.8412 70.4557 16.4924 39.6123 48.7647 25.4951 53.8516 44.2113 30.8058 68.3436 28.5887 36.9219 52.8015 75.697 53.8266 60.8769 31.0644 71.3516 76.2914 68.5212 
54.3011 10.6301 96.8857 70.953 46.8402 38.7326 77.7085 47.1699 103.948 18.0278 26.4197 71.0634 67.1863 23.3452 56.6837 12.7279 99.0439 70.9993 71.6202 63.5874 67.4608 0.0 25.0 71.0282 62.8196 45.8912 89.6879 27.3049 65.0 64.1327 91.5842 66.0681 60.1363 29.2081 100.557 57.4495 85.3756 99.6271 48.1664 15.2643 45.8958 96.5018 81.2128 8.48528 19.0263 67.7422 53.2353 63.2851 13.0 51.6236 
29.8461 21.2603 75.4599 46.607 29.0 14.2777 56.4217 44.7214 82.7929 10.0 31.9531 51.0 58.4209 41.0366 35.3762 36.6742 77.7978 46.6533 55.9017 42.5856 46.1533 25.0 0.0 67.6757 38.4736 50.9163 68.3804 6.0 56.5685 43.382 70.2767 64.8845 35.7903 13.6015 79.5426 37.9473 64.8845 78.3196 26.4008 25.6125 27.2947 73.189 67.6018 32.6956 7.81025 61.6117 31.3847 63.5295 31.241 54.5022 
68.0147 78.2304 70.3491 90.6895 94.8154 76.4954 60.7454 24.0832 70.0643 73.7564 94.6414 111.038 16.1555 94.1913 62.6975 80.7527 74.4312 83.9334 33.2415 50.774 69.527 71.0282 67.6757 0.0 79.0132 28.2312 71.0634 62.0322 16.1245 103.362 79.4796 7.07107 84.7305 54.0833 66.0303 44.0454 122.835 84.8999 89.8798 84.214 45.3856 84.1546 31.1448 77.4145 72.0347 8.94427 92.1736 11.3137 84.0238 22.3607 
26.8414 56.4653 50.5506 13.0 31.7805 24.499 34.0147 65.4083 59.9503 45.2341 59.6813 34.7851 64.0669 73.8689 27.957 73.3619 50.675 9.21954 51.8845 30.8707 10.4403 62.8196 38.4736 79.0132 0.0 78.1886 40.6084 40.3461 63.3124 28.4429 31.642 79.8889 6.08276 47.7139 57.9102 35.0281 43.8292 42.0121 22.3607 58.6421 38.0209 34.7131 63.1585 69.7475 43.8674 70.402 21.587 80.7838 66.0084 77.9535 
65.9867 54.7083 83.1986 89.8649 79.5112 61.7887 68.1836 13.1529 86.0349 54.2832 71.4703 99.777 32.8024 68.1836 60.5546 54.0 86.885 83.1786 46.2385 54.0093 68.7564 45.8912 50.9163 28.2312 78.1886 0.0 80.5047 46.0998 30.8058 92.0026 85.3178 21.8403 83.3229 38.2931 81.9329 45.054 113.265 93.086 75.1684 60.4401 43.196 90.2354 51.0392 51.0882 54.132 29.0689 79.8011 18.2483 58.6941 6.08276 
42.7754 88.8386 10.0499 43.0116 72.2184 58.0725 12.6491 67.3647 20.025 78.2851 96.8856 71.0282 55.109 108.838 43.8634 102.108 10.2956 36.2215 37.855 27.8568 32.9764 89.6879 68.3804 71.0634 40.6084 80.5047 0.0 63.2468 55.7315 66.4831 13.0 74.9667 45.607 61.8218 19.2354 36.6879 74.9667 13.9284 62.8584 93.2432 47.4236 15.6205 42.9418 97.9241 76.0537 62.3699 61.7189 77.5242 98.5185 79.0569 
31.6969 25.6125 70.3263 48.4795 33.4215 16.1285 51.2882 39.4462 77.6593 15.2315 37.6431 54.0833 52.469 45.607 30.2426 39.6611 72.6642 48.5258 50.01 37.4433 41.0198 27.3049 6.0 62.0322 40.3461 46.0998 63.2468 0.0 50.636 46.3249 65.1431 59.4811 37.6628 8.06226 74.4043 32.311 67.6018 73.186 29.4109 30.5287 21.3776 70.0607 61.6604 35.5106 13.0 55.7853 34.1321 58.3095 35.3836 49.679 
53.0094 70.475 56.0089 74.9667 81.4344 62.6467 44.9222 20.0 57.0701 64.0312 86.0523 96.3618 2.23607 88.295 48.0208 76.2168 60.0 68.1206 18.0278 34.6699 53.7587 65.0 56.5685 16.1245 63.3124 30.8058 55.7315 50.636 0.0 88.6858 63.5689 19.2354 69.0297 43.1856 52.9528 28.2843 107.134 69.4262 74.6431 76.4203 31.3847 68.3081 20.2485 72.4224 62.0725 7.2111 77.4977 22.0 77.666 26.8328 
36.9456 55.2268 76.531 24.0416 18.0278 31.4006 62.1289 84.5701 86.4696 46.3249 51.1957 7.81025 89.9228 67.897 40.6921 72.0625 76.1183 30.2655 79.6131 58.8218 38.833 64.1327 43.382 103.362 28.4429 92.0026 66.4831 46.3249 88.6858 0.0 55.5428 103.094 22.3607 53.7103 85.1469 62.0209 21.5407 64.5136 17.0 55.0091 58.8742 56.921 91.0907 69.2604 45.8803 95.3199 12.2066 103.42 63.0079 95.3864 
51.2483 88.0999 22.3607 31.5753 63.1348 56.1337 18.7883 72.3523 32.249 76.8688 91.316 59.4138 63.3246 105.504 45.4626 104.005 21.0 25.632 46.5188 31.3472 33.8412 91.5842 70.2767 79.4796 31.642 85.3178 13.0 65.1431 63.5689 55.5428 0.0 82.5651 36.2353 63.6428 32.0156 40.3946 62.3939 10.6301 53.8516 90.2768 50.053 5.0 53.6004 99.8203 75.5021 70.5762 52.3259 84.6463 97.643 84.5745 
67.9999 73.8241 75.0267 91.5652 92.5004 74.1804 64.0312 20.2485 75.4255 70.2657 90.4268 110.592 20.025 89.0056 62.5977 75.2396 79.0569 84.8764 37.2156 52.8015 70.4557 66.0681 64.8845 7.07107 79.8889 21.8403 74.9667 59.4811 19.2354 103.094 82.5651 0.0 85.6062 51.4296 71.3442 45.2769 123.26 88.6454 87.5649 79.7621 45.2391 87.3613 36.8782 72.0625 68.6282 13.0384 92.1928 4.24264 79.0569 15.8114 
32.5587 53.782 55.5492 11.0454 26.9258 21.8157 40.0 75.8905 65.3369 42.5508 56.6127 28.7924 69.7843 71.1196 28.6589 70.6786 55.6597 11.3137 57.6975 36.7696 16.4924 60.1363 35.7903 84.7305 6.08276 83.3229 45.607 37.6628 69.0297 22.3607 36.2353 85.6062 0.0 45.0306 63.7468 40.7455 38.4187 46.3249 17.8045 55.9464 47.0093 38.833 69.0797 67.0642 41.1841 76.1194 16.1555 86.5012 63.3251 86.7068 
34.2673 29.5466 68.8559 55.8473 41.4005 23.4964 49.8615 31.3847 75.9178 21.095 43.566 61.4847 45.0999 49.2443 28.8352 41.6286 71.2495 54.0345 46.4166 35.5576 39.6123 29.2081 13.6015 54.0833 47.7139 38.2931 61.8218 8.06226 43.1856 53.7103 63.6428 51.4296 45.0306 0.0 72.527 29.4197 74.9725 71.6856 36.8782 35.1141 17.8661 68.5603 55.8095 37.4442 19.0263 48.0521 41.5087 50.2494 38.5876 41.7732 
57.2087 100.0 9.84886 62.0322 89.0225 72.4983 24.6982 69.0797 4.12311 89.4473 111.376 90.0056 51.6236 120.0 57.7062 112.977 12.8062 55.0091 35.7351 37.0135 48.7647 100.557 79.5426 66.0303 57.9102 81.9329 19.2354 74.4043 52.9528 85.1469 32.0156 71.3442 63.7468 72.527 0.0 43.8634 94.2019 28.8444 79.555 104.913 55.8659 33.6155 35.0143 108.793 87.2158 58.3095 79.4392 74.6726 109.636 79.1202 
25.4951 57.3062 41.6773 46.6905 56.7186 36.0555 24.0416 32.249 47.5079 47.5395 69.8928 69.4631 29.0689 77.1937 21.587 69.87 44.7214 39.8897 19.105 9.05539 25.4951 57.4495 37.9473 44.0454 35.0281 45.054 36.6879 32.311 28.2843 62.0209 40.3946 45.2769 40.7455 29.4197 43.8634 0.0 78.8496 48.3735 48.5077 62.6099 12.0416 45.3122 31.1448 65.6856 45.31 35.3836 50.9215 46.5188 66.6441 44.7214 
56.944 76.1183 84.7172 33.6155 38.6394 52.4786 74.1391 107.922 94.6414 67.72 70.0643 14.3178 107.888 87.0517 60.6904 92.6553 83.2947 41.2311 95.5249 74.4312 53.8516 85.3756 64.8845 122.835 43.8292 113.265 74.9667 67.6018 107.134 21.5407 62.3939 123.26 38.4187 74.9725 94.2019 78.8496 0.0 69.0072 38.4838 75.326 79.0408 62.0322 106.471 90.0944 67.3573 114.224 33.541 123.871 83.2947 116.649 
61.6184 98.7778 19.2094 40.4969 73.2462 66.5038 25.02 80.025 27.7308 88.2242 101.686 67.6831 68.884 115.874 53.5055 112.048 16.1245 35.3553 51.6624 39.3192 44.2113 99.6271 78.3196 84.8999 42.0121 93.086 13.9284 73.186 69.4262 64.5136 10.6301 88.6454 46.3249 71.6856 28.8444 48.3735 69.0072 0.0 64.0703 100.647 58.0958 7.61577 56.7979 107.863 85.9928 76.1577 62.2656 91.0824 108.458 92.0217 
24.0208 40.1123 72.4317 26.6271 9.48683 14.8661 55.109 67.7406 81.6365 30.1496 39.8246 24.6982 75.8801 55.3624 26.9258 57.2189 72.925 29.0689 67.4685 48.0937 30.8058 48.1664 26.4008 89.8798 22.3607 75.1684 62.8584 29.4109 74.6431 17.0 53.8516 87.5649 17.8045 36.8782 79.555 48.5077 38.4838 64.0703 0.0 41.0 44.9998 56.6127 79.4292 54.037 29.4279 81.2772 5.09902 86.5907 48.8365 78.557 
51.6423 6.0 100.83 66.4831 37.0 36.0555 81.7923 60.1332 108.163 15.6205 11.1803 61.131 78.5175 15.6205 50.6009 17.4642 103.168 66.8218 79.6657 67.9559 68.3436 15.2643 25.6125 84.214 58.6421 60.4401 93.2432 30.5287 76.4203 55.0091 90.2768 79.7621 55.9464 35.1141 104.913 62.6099 75.326 100.647 41.0 0.0 51.1152 93.3575 90.5634 15.6525 17.8045 80.025 45.7056 77.2787 8.0 65.9697 
23.8103 45.753 53.2541 49.6972 50.1442 31.3565 34.8855 30.4157 59.4643 36.4005 58.9406 66.7185 32.8938 65.6401 18.3783 58.3163 56.0803 43.0109 28.6356 19.7231 28.5887 45.8958 27.2947 45.3856 38.0209 43.196 47.4236 21.3776 31.3847 58.8742 50.053 45.2391 47.0093 17.8661 55.8659 12.0416 79.0408 58.0958 44.9998 51.1152 0.0 54.9705 40.3113 54.132 34.2053 37.6 47.8544 45.8502 55.0904 42.9608 
54.329 91.1807 23.7697 32.8938 65.7343 59.2144 23.4094 77.2699 33.2415 79.9495 94.3967 60.208 68.0074 108.584 50.3802 108.077 21.587 27.7849 51.0784 36.2648 36.9219 96.5018 73.189 84.1546 34.7131 90.2354 15.6205 70.0607 68.3081 56.921 5.0 87.3613 38.833 68.5603 33.6155 45.3122 62.0322 7.61577 56.6127 93.3575 54.9705 0.0 57.6888 104.463 78.5829 75.2728 54.7083 89.4986 100.724 89.4921 
55.7853 84.7829 40.2616 73.2215 87.8237 67.1863 35.3836 39.6232 39.0 76.5052 99.0656 97.8621 18.3576 104.037 52.6118 93.0215 44.3847 66.2462 12.0416 32.311 52.8015 81.2128 67.6018 31.1448 63.1585 51.0392 42.9418 61.6604 20.2485 91.0907 53.6004 36.8782 69.0797 55.8095 35.0143 31.1448 106.471 56.7979 79.4292 90.5634 40.3113 57.6888 0.0 89.0209 74.3346 24.0416 81.5617 40.5216 93.3236 47.0106 
61.4852 14.0357 105.122 77.8809 51.4782 45.9167 85.9447 53.9351 112.184 24.5153 25.4951 75.8024 74.6324 17.1172 64.9198 4.24264 107.28 77.9272 79.2882 71.8236 75.697 8.48528 32.6956 77.4145 69.7475 51.0882 97.9241 35.5106 72.4224 69.2604 99.8203 72.0625 67.0642 37.4442 108.793 65.6856 90.0944 107.863 54.037 15.6525 54.132 104.463 89.0209 0.0 25.9615 74.7329 59.0085 69.0 9.21954 57.0351 
35.5245 13.6015 83.1331 52.0008 29.5296 19.9561 64.095 48.3845 90.4662 2.23607 24.7386 53.1413 64.0312 33.2415 43.0495 29.7321 85.471 52.0471 62.8172 50.2494 53.8266 19.0263 7.81025 72.0347 43.8674 54.132 76.0537 13.0 62.0725 45.8803 75.5021 68.6282 41.1841 19.0263 87.2158 45.31 67.3573 85.9928 29.4279 17.8045 34.2053 78.5829 74.3346 25.9615 0.0 66.6108 34.5254 66.9875 23.6008 57.8362 
59.8164 74.027 62.0725 82.0731 87.6057 68.8179 51.8652 20.8806 62.3939 68.469 90.05 102.996 7.28011 91.0824 54.6557 78.339 66.1211 75.2572 24.5153 41.8808 60.8769 67.7422 61.6117 8.94427 70.402 29.0689 62.3699 55.7853 7.2111 95.3199 70.5762 13.0384 76.1194 48.0521 58.3095 35.3836 114.224 76.1577 81.2772 80.025 37.6 75.2728 24.0416 74.7329 66.6108 0.0 84.1318 16.4924 80.6226 24.0832 
25.8468 45.0444 71.6611 23.3452 11.3137 19.2094 55.3263 72.3686 81.4793 35.2278 43.8634 20.0 78.7348 59.7746 29.5466 62.1289 71.7855 26.9258 69.6788 49.788 31.0644 53.2353 31.3847 92.1736 21.587 79.8011 61.7189 34.1321 77.4977 12.2066 52.3259 92.1928 16.1555 41.5087 79.4392 50.9215 33.541 62.2656 5.09902 45.7056 47.8544 54.7083 81.5617 59.0085 34.5254 84.1318 0.0 91.2186 53.6004 83.1849 
68.6409 71.3863 78.0064 92.4601 91.526 73.2063 66.2873 18.868 78.7718 68.6249 88.0738 111.203 23.0868 86.0233 63.2088 72.0625 82.0 85.7738 40.0125 54.4243 71.3516 63.2851 63.5295 11.3137 80.7838 18.2483 77.5242 58.3095 22.0 103.42 84.6463 4.24264 86.5012 50.2494 74.6726 46.5188 123.871 91.0824 86.5907 77.2787 45.8502 89.4986 40.5216 69.0 66.9875 16.4924 91.2186 0.0 76.2365 12.1655 
58.5108 10.0 105.598 74.0 45.0 42.9418 86.5598 60.1332 112.929 21.6333 16.4012 69.1158 79.8311 10.7703 65.5143 9.84886 107.936 74.188 82.7959 72.6223 76.2914 13.0 31.241 84.0238 66.0084 58.6941 98.5185 35.3836 77.666 63.0079 97.643 79.0569 63.3251 38.5876 109.636 66.6441 83.2947 108.458 48.8365 8.0 55.0904 100.724 93.3236 9.21954 23.6008 80.6226 53.6004 76.2365 0.0 64.4981 
65.7515 60.1664 81.0494 89.6297 83.0963 65.1725 67.0075 12.6491 83.2406 59.3964 76.922 103.161 28.6531 74.108 60.3195 60.0083 84.8528 82.9435 43.4166 53.4603 68.5212 51.6236 54.5022 22.3607 77.9535 6.08276 79.0569 49.679 26.8328 95.3864 84.5745 15.8114 86.7068 41.7732 79.1202 44.7214 116.649 92.0217 78.557 65.9697 42.9608 89.4921 47.0106 57.0351 57.8362 24.0832 83.1849 12.1655 64.4981 0.0 
DEMAND_SCENARIO_SECTION
0 0 0 0 0 0 0 0 0 0 0 0 0 0 0 0 0 0 0 0 0 0 0 0 0 0 0 0 0 0 0 0 0 0 0 0 0 0 0 0 0 0 0 0 0 0 0 0 0 0 0 0 0 0 0 0 0 0 0 0 0 0 0 0 0 0 0 0 0 0 0 0 0 0 0 0 0 0 0 0 0 0 0 0 0 0 0 0 0 0 0 0 0 0 0 0 0 0 0 0 0 0 0 0 0 0 0 0 0 0 0 0 0 0 0 0 0 0 0 0 0 0 0 0 0 0 0 0 0 0 0 0 0 0 0 0 0 0 0 0 0 0 0 0 0 0 0 0 0 0 0 0 0 0 0 0 0 0 0 0 0 0 0 0 0 0 0 0 0 0 0 0 0 0 0 0 0 0 0 0 0 0 0 0 0 0 0 0 0 0 0 0 0 0 0 0 0 0 0 0 
6 7 4 8 3 2 7 5 6 10 7 7 12 7 5 7 7 10 9 5 5 4 6 9 7 5 9 9 10 5 8 10 6 8 6 6 6 5 5 8 8 7 8 4 11 8 5 8 6 2 6 8 6 10 6 7 9 3 5 8 6 10 9 4 5 6 9 4 8 8 6 5 9 6 7 8 11 8 8 8 7 4 3 5 5 8 6 5 8 7 6 12 8 4 3 8 6 5 7 7 6 10 4 8 7 3 3 7 6 9 7 6 8 7 6 8 9 6 6 10 8 5 6 2 8 11 7 9 9 5 6 6 6 6 3 12 9 9 12 9 8 5 10 6 3 4 9 6 10 4 9 8 8 0 8 7 9 7 7 8 5 10 8 9 3 8 5 8 2 9 8 7 8 4 6 7 8 8 7 6 6 6 7 6 7 7 8 5 8 5 9 4 6 7 6 7 8 9 4 8 
3 7 9 3 3 6 9 5 4 5 2 6 8 5 5 7 6 5 5 7 6 4 7 3 5 5 6 6 5 5 5 5 3 8 1 4 10 6 3 6 7 7 2 7 4 4 8 8 4 4 2 8 3 4 7 5 3 5 4 5 4 5 7 4 5 3 6 5 5 9 3 6 2 4 6 3 4 3 6 3 6 7 7 7 4 6 6 4 7 8 6 3 6 1 4 7 3 2 3 6 3 5 4 5 2 3 6 4 6 2 5 7 3 6 5 6 3 4 5 4 4 4 4 5 5 6 4 9 4 6 7 6 7 6 5 3 8 6 8 5 5 2 6 5 5 4 2 6 2 6 6 7 6 8 3 4 5 7 3 6 1 4 4 7 7 2 8 3 4 6 4 7 4 6 5 6 6 3 6 9 8 5 4 3 6 5 6 4 4 3 3 3 7 6 5 7 8 5 4 6 
11 10 9 15 7 12 12 13 20 16 12 8 10 9 11 15 13 7 7 8 10 9 5 5 11 20 2 16 9 17 15 7 7 8 13 12 9 8 8 6 11 8 7 8 7 11 7 15 14 9 10 9 6 9 9 7 6 8 13 15 8 15 13 9 8 11 10 9 12 10 9 6 12 10 9 5 9 8 5 8 11 8 5 8 11 6 9 10 10 8 13 9 12 8 8 11 15 11 10 14 9 12 10 12 6 8 7 12 16 11 10 14 9 14 7 17 16 2 14 11 10 5 8 8 12 15 9 9 10 10 13 5 17 11 15 9 14 8 12 7 11 13 13 8 18 11 16 10 6 8 9 6 8 12 8 12 12 11 13 12 3 9 13 6 11 12 11 15 8 11 10 9 9 10 7 11 5 6 14 10 10 11 14 7 12 11 8 8 11 6 6 7 12 11 8 8 6 9 10 3 
15 11 12 6 11 14 9 6 18 7 12 15 8 3 10 4 14 14 10 15 11 9 12 10 11 12 15 15 13 9 5 12 8 10 7 9 6 9 9 16 10 9 13 11 11 5 4 5 12 7 13 4 11 12 12 13 13 6 5 13 12 12 14 11 9 7 12 8 11 9 3 12 2 8 10 5 12 11 8 11 12 14 12 14 13 16 12 10 2 7 10 12 6 16 10 15 4 8 13 8 4 5 16 12 12 11 14 11 5 15 18 12 8 2 7 12 13 5 13 9 14 8 10 9 1 9 12 14 5 8 9 11 14 13 7 8 9 3 9 11 4 13 15 9 10 12 9 9 8 10 13 7 10 12 13 4 12 1 8 9 13 15 10 6 12 7 13 5 12 13 5 10 8 9 9 13 8 13 12 12 9 6 5 8 12 4 14 12 14 3 8 15 15 12 16 14 9 18 6 12 
9 14 12 5 13 10 10 10 14 9 6 11 16 6 10 9 5 6 7 10 14 16 6 4 4 9 10 14 11 10 6 9 8 4 13 7 12 7 4 13 12 10 12 8 17 10 7 10 9 12 14 10 11 13 13 10 8 21 14 12 5 11 4 6 11 5 7 11 12 8 5 14 14 15 10 8 12 7 13 4 10 5 9 10 15 4 15 18 11 14 6 15 4 18 8 6 12 6 17 7 11 14 11 8 8 12 9 11 3 12 8 15 11 12 10 11 10 11 16 16 6 5 4 10 17 12 6 13 7 11 17 13 12 8 12 12 17 7 11 10 10 14 6 14 5 0 12 9 15 6 12 10 14 16 9 7 14 7 4 13 13 10 10 8 10 8 11 9 13 7 9 9 7 11 15 11 12 12 13 11 15 10 10 5 15 10 6 7 4 5 17 8 11 14 5 9 11 8 12 13 
4 7 7 7 3 6 8 5 4 5 7 4 9 6 6 7 4 5 4 6 6 6 3 6 4 3 7 7 5 5 3 8 8 2 8 7 8 7 10 9 8 7 5 3 3 7 7 5 4 3 4 2 7 6 7 6 4 7 7 5 6 5 5 10 6 8 6 8 8 3 6 7 7 4 4 6 5 7 8 4 6 4 3 10 9 7 7 2 8 4 9 3 1 5 10 6 5 4 7 7 2 8 6 7 5 4 6 6 8 4 6 8 8 6 4 5 7 5 6 8 4 9 3 6 7 3 8 5 6 4 8 6 6 5 8 4 5 5 6 6 6 10 7 4 8 8 4 7 1 8 3 6 5 5 7 4 9 3 6 6 4 2 6 6 7 5 7 6 6 9 5 4 9 6 4 4 8 4 6 6 6 1 6 4 3 7 7 10 5 7 3 8 6 6 6 7 6 6 5 6 
4 6 6 5 7 6 5 4 5 7 7 4 5 6 8 7 2 4 3 7 5 4 8 8 0 5 6 3 9 10 6 7 7 5 3 7 7 9 9 6 6 8 5 8 6 4 7 6 5 7 5 0 10 3 6 6 6 4 3 7 6 5 7 7 9 7 4 6 8 7 4 4 6 3 10 4 6 5 6 8 8 1 5 6 3 7 7 8 7 11 8 0 5 4 5 4 8 9 7 10 6 7 3 6 5 10 7 4 6 6 6 7 6 6 6 6 5 5 8 6 6 5 3 6 6 3 8 6 5 5 9 12 5 8 9 7 7 3 2 2 6 5 5 6 6 7 6 4 8 7 6 7 7 9 9 7 7 6 8 6 8 8 7 5 10 5 5 6 7 8 5 6 7 8 5 7 6 5 5 5 7 5 4 2 4 7 4 6 5 6 8 8 6 6 6 7 6 8 4 5 
10 10 11 7 9 9 7 8 6 11 11 5 8 9 6 9 14 9 11 5 8 10 9 11 6 11 8 14 10 5 6 9 10 15 8 5 7 10 4 7 6 8 9 3 8 12 13 10 7 12 9 14 13 8 12 7 18 16 7 11 9 14 8 8 13 9 13 7 10 10 5 15 6 7 9 8 9 7 12 10 6 5 14 10 11 8 7 15 5 16 11 13 6 7 11 13 8 9 15 13 11 12 9 7 11 5 8 12 11 5 5 8 9 12 7 12 7 2 7 8 8 12 13 9 8 18 11 11 11 11 8 11 20 10 9 6 5 8 7 5 6 7 14 10 12 9 7 7 7 7 6 10 13 8 10 6 12 4 9 10 9 6 5 11 12 6 12 11 11 8 12 12 9 8 14 2 9 11 7 8 11 7 3 4 11 8 10 11 10 7 7 6 12 7 6 11 12 10 10 3 
11 8 7 12 6 10 9 2 15 9 7 7 11 9 10 14 9 11 9 5 6 4 8 8 9 4 13 7 8 11 10 11 9 5 15 5 9 11 10 8 8 9 3 4 9 11 11 10 3 5 10 9 6 9 13 4 6 4 8 9 9 12 13 11 12 7 9 9 7 5 11 9 14 6 9 2 7 7 10 3 8 5 15 5 12 10 6 5 12 3 13 9 8 10 13 11 5 4 11 12 18 12 8 11 14 13 6 3 10 9 14 11 5 9 10 6 13 11 6 6 10 10 13 10 14 4 9 6 12 9 10 13 9 6 9 12 11 10 10 7 13 13 11 14 17 8 10 10 11 6 8 13 17 8 12 10 7 5 4 13 10 8 9 9 9 9 9 7 9 6 10 5 7 9 12 14 9 11 10 10 5 9 14 8 10 5 10 11 7 8 10 8 10 11 13 14 6 5 2 3 
8 12 15 9 8 9 7 6 11 14 13 7 11 7 12 12 15 12 10 9 9 7 14 10 11 7 7 12 4 11 13 6 5 4 16 17 11 9 13 10 1 11 11 6 11 16 5 12 13 14 6 8 3 8 6 12 12 9 11 9 13 10 17 15 10 11 10 9 16 9 9 10 16 16 17 11 5 9 8 15 9 5 12 7 6 9 11 10 11 7 6 12 12 8 8 4 5 11 7 9 16 12 1 4 6 10 9 4 8 13 12 8 13 10 1 10 17 18 15 14 8 10 3 11 3 12 8 8 11 13 15 13 6 9 3 12 14 7 8 7 12 14 1 11 4 13 12 17 8 8 10 14 9 10 14 4 11 11 13 18 8 12 8 17 12 8 7 7 6 12 9 11 14 16 12 13 8 7 7 12 11 5 15 7 9 9 10 9 11 14 8 7 8 14 10 13 12 11 10 10 
10 6 7 11 8 15 11 8 11 12 6 8 10 7 14 6 10 7 10 10 8 9 5 11 15 10 13 11 11 9 10 8 6 8 9 8 11 5 9 4 9 5 12 11 16 10 11 3 11 16 6 0 10 10 13 8 14 12 13 1 11 10 7 13 7 2 10 11 7 10 10 7 11 11 12 6 9 9 14 9 10 11 8 11 10 7 7 10 6 9 11 10 12 10 7 12 10 7 6 8 8 9 11 7 16 11 8 9 12 12 9 8 6 12 5 14 12 6 12 7 9 7 3 7 7 7 10 10 10 9 6 11 8 9 8 13 3 17 6 8 12 7 8 6 12 14 9 11 11 13 8 12 10 8 9 9 7 4 12 13 6 7 5 6 7 10 2 7 3 12 11 11 10 9 6 6 7 12 6 12 10 6 8 10 10 8 6 10 5 7 8 7 4 10 12 11 9 10 13 6 
7 7 10 6 6 5 5 5 7 7 6 8 3 9 10 10 7 5 0 5 7 6 6 9 5 12 9 7 7 6 12 13 5 5 1 3 3 9 9 7 8 11 7 6 10 9 7 9 11 7 12 12 10 7 9 8 8 6 7 6 8 8 8 10 10 12 9 9 5 9 6 5 4 6 10 6 11 3 7 6 5 6 7 7 6 10 1 6 3 9 10 3 4 6 8 4 6 7 7 8 6 5 9 9 7 5 9 10 12 2 9 8 2 6 10 5 4 5 8 8 5 5 3 10 9 6 8 5 7 9 5 8 4 4 7 5 9 7 6 6 5 4 6 5 6 7 5 6 5 12 7 5 6 6 7 2 5 13 7 5 14 11 7 7 7 11 8 6 9 5 5 7 9 9 9 7 5 10 8 4 9 7 6 8 8 6 11 6 10 8 9 5 5 4 6 7 5 6 6 8 
11 8 7 10 5 5 5 9 8 8 2 7 6 7 5 6 5 6 7 7 6 6 10 9 4 10 5 7 10 5 10 6 7 10 10 10 5 10 11 10 7 9 9 1 5 7 2 7 6 4 7 5 10 6 6 6 2 11 9 12 4 4 7 9 12 8 7 5 5 8 9 8 5 4 12 5 9 6 6 7 9 9 7 7 4 6 9 8 6 11 6 8 2 8 8 5 3 5 5 3 5 7 6 8 9 7 6 6 4 3 6 9 7 6 6 8 8 8 7 6 6 4 5 5 12 9 11 8 12 5 9 9 7 10 8 2 9 7 11 8 9 7 10 6 4 5 9 10 6 8 6 11 4 5 6 11 10 9 5 8 12 5 9 14 7 8 9 9 6 8 6 6 6 8 9 8 4 6 5 7 6 6 7 7 6 9 8 3 7 9 8 7 7 5 4 13 10 14 7 7 
6 9 4 6 4 11 6 6 7 9 4 3 7 6 8 10 9 4 4 7 5 6 6 3 3 3 4 8 6 3 3 6 8 7 5 10 5 6 5 5 4 5 5 6 6 9 3 7 8 8 11 4 8 6 9 5 4 8 7 5 0 7 6 6 7 9 3 5 5 4 4 10 4 4 6 7 6 11 5 9 5 5 6 5 8 1 7 6 7 4 6 11 3 4 5 7 4 3 7 8 7 2 4 5 7 4 0 7 5 6 7 6 5 5 5 8 1 9 5 5 6 5 9 6 4 6 12 4 6 8 4 7 5 5 7 7 10 7 9 4 6 8 6 5 6 4 2 11 7 4 5 6 4 7 8 4 5 4 8 10 3 3 5 4 6 10 4 5 7 5 3 5 9 6 9 4 7 3 5 6 7 7 4 7 6 6 6 5 4 2 5 8 6 6 7 6 7 5 4 6 
10 7 8 5 6 4 9 11 8 11 7 11 5 11 9 10 13 9 10 8 11 10 13 6 11 11 8 7 7 5 5 5 7 12 10 11 8 10 9 12 8 7 8 11 7 6 5 5 7 10 6 7 12 7 8 14 6 15 12 8 6 6 6 5 8 12 9 4 8 7 12 8 12 8 13 11 10 10 5 8 11 8 9 8 6 5 4 8 5 5 9 6 4 10 5 6 6 7 8 10 8 5 7 10 14 12 5 10 9 8 8 9 8 5 10 6 9 8 5 10 14 12 9 10 10 5 10 4 9 7 6 7 6 10 8 6 12 9 9 8 8 9 9 9 4 6 9 4 8 7 7 13 9 5 9 7 6 12 5 14 9 9 8 12 7 5 11 10 4 7 4 6 7 5 8 7 7 6 7 9 8 11 5 1 12 7 7 5 7 9 13 9 9 8 4 7 7 6 7 9 
9 6 10 10 11 7 8 10 9 7 7 8 6 9 9 11 9 4 11 8 8 8 10 6 5 9 11 7 14 10 6 4 9 7 9 9 15 5 10 3 12 12 10 5 8 7 9 9 4 5 7 8 5 6 8 8 6 6 8 3 9 6 11 11 5 14 8 10 9 6 5 12 4 7 7 4 10 7 7 10 8 4 6 11 8 11 7 5 4 6 10 5 6 5 11 9 7 8 8 10 13 7 8 11 9 7 6 8 7 5 5 9 7 2 4 11 8 10 9 5 9 6 7 7 5 5 3 6 10 6 10 4 4 10 11 8 6 9 1 4 7 8 12 8 8 6 10 12 6 7 10 12 11 10 4 8 13 8 6 16 14 7 5 7 6 6 12 10 5 7 10 9 8 10 10 8 9 8 8 6 6 12 7 8 10 14 9 7 11 8 6 10 8 8 6 10 5 7 13 7 
6 5 4 8 6 6 6 6 5 6 6 4 4 4 7 4 7 7 3 7 6 3 5 7 4 4 7 8 5 7 7 4 6 6 5 7 5 3 5 5 7 5 3 4 6 4 5 8 4 2 7 3 7 5 6 3 5 8 7 6 5 6 5 5 5 8 2 5 5 7 5 4 2 3 7 7 5 4 6 5 2 3 7 8 5 6 5 6 5 8 7 6 4 6 1 4 5 6 2 5 1 4 6 6 5 4 4 5 2 4 6 7 4 1 6 6 8 5 3 4 7 5 7 5 4 3 2 3 6 8 0 5 4 4 6 4 7 2 5 7 4 8 5 6 7 2 2 6 4 6 5 6 4 5 6 6 3 5 6 6 5 4 5 4 5 4 7 1 5 4 6 6 3 3 6 5 3 8 5 1 6 6 3 0 3 5 3 5 6 5 8 6 4 5 5 4 4 7 4 7 
7 4 7 6 1 6 7 6 7 5 10 10 3 11 10 10 5 10 7 3 7 7 10 6 10 1 2 6 7 7 5 5 7 8 7 8 4 11 5 8 11 4 5 10 10 4 8 7 3 10 6 6 12 7 5 5 10 10 8 10 12 11 4 4 1 4 10 6 8 8 6 5 2 10 5 6 4 7 6 8 9 5 5 8 11 7 9 7 3 8 10 5 5 4 9 7 7 9 6 6 7 8 10 8 3 7 7 7 7 6 7 8 7 8 5 5 4 5 10 8 4 4 6 7 9 3 7 8 8 8 9 7 7 7 5 14 4 5 8 9 6 7 9 8 8 12 5 7 4 5 5 7 10 8 9 7 10 9 9 7 7 8 7 10 10 5 8 6 6 5 4 5 7 11 9 8 2 9 9 5 8 8 6 8 0 9 8 8 6 9 9 5 3 7 8 8 9 6 8 7 
7 10 3 7 9 6 11 7 6 5 4 4 7 11 7 6 7 9 6 6 8 8 7 3 10 9 9 9 10 3 5 7 7 8 9 8 4 4 10 3 4 7 10 12 2 10 8 2 5 4 5 6 5 7 10 5 3 4 4 6 9 6 7 10 6 9 5 5 9 6 6 2 8 8 10 8 6 6 8 5 6 7 8 5 9 8 6 7 5 5 8 10 10 4 6 7 12 5 11 4 8 5 6 6 7 7 8 4 7 6 6 4 8 7 10 7 6 2 10 5 10 4 6 6 6 1 3 5 6 9 6 9 11 8 9 3 11 12 3 11 8 5 11 5 5 10 4 8 9 4 7 7 4 7 10 4 6 4 7 8 10 6 7 5 9 8 5 6 6 3 10 8 11 9 12 9 2 5 6 8 4 5 9 6 6 6 4 6 3 7 6 9 4 14 9 7 5 9 11 9 
6 5 6 9 6 11 5 5 8 6 5 5 7 6 6 7 5 7 4 6 5 3 7 5 7 4 6 8 7 5 2 5 5 4 2 9 6 7 5 7 7 1 10 7 5 5 5 8 3 3 8 5 8 3 8 6 11 4 8 7 8 5 5 8 5 3 9 8 6 4 5 6 3 5 8 5 6 4 7 2 6 4 7 5 5 8 4 6 7 7 7 6 9 6 8 7 7 7 5 4 4 6 10 9 9 4 6 5 4 3 5 7 5 4 5 12 6 8 6 8 8 11 8 6 3 4 6 6 4 5 3 5 7 6 3 8 2 7 9 4 7 8 10 7 5 9 7 6 7 7 9 10 5 6 7 5 6 4 9 5 5 4 7 7 10 6 8 7 5 4 7 6 6 3 3 2 6 10 10 6 8 6 2 6 6 6 5 4 6 7 9 7 6 5 7 5 11 6 10 9 
1 1 1 1 1 1 1 1 1 1 1 1 1 1 1 1 1 1 0 1 1 1 1 1 1 1 1 1 1 1 1 1 1 0 1 1 2 1 0 2 1 1 1 1 1 1 1 1 1 0 1 1 1 2 2 1 1 1 1 1 1 1 1 1 1 1 1 1 1 1 0 1 1 0 1 1 1 2 1 1 1 1 1 1 2 1 1 1 2 1 1 1 1 1 1 1 1 1 1 0 1 1 1 1 0 1 1 1 1 1 1 1 1 1 1 1 1 1 1 1 1 1 0 0 2 1 1 0 1 1 1 1 1 1 1 1 1 1 0 1 1 0 1 2 1 2 1 1 1 1 1 1 1 1 1 2 1 1 1 0 1 1 1 1 1 2 1 0 1 1 1 1 0 1 1 1 1 1 1 1 1 1 1 1 1 1 0 1 1 1 1 1 1 1 1 1 1 0 2 1 
2 2 1 3 2 1 2 2 2 2 2 0 2 2 0 2 3 1 2 2 3 2 2 2 3 1 2 2 2 3 2 2 3 1 2 2 2 1 2 1 3 2 3 3 1 1 2 2 3 1 2 2 2 1 3 1 1 3 2 2 3 2 2 2 2 2 1 2 3 0 2 1 1 2 2 2 2 2 3 0 2 2 2 2 2 2 3 2 2 3 3 1 2 3 1 2 2 1 2 2 2 3 3 3 2 2 1 1 2 2 2 2 2 2 2 2 2 2 2 2 2 2 2 1 2 2 2 3 1 2 2 1 3 2 2 3 3 3 2 2 2 2 2 2 0 2 2 2 2 2 2 2 2 1 1 2 2 0 2 2 2 2 3 1 2 1 1 2 1 3 2 2 2 2 3 2 2 2 2 3 3 3 2 2 2 2 2 3 2 3 2 2 3 2 2 2 1 2 1 2 
5 5 2 5 6 3 5 8 6 4 3 3 5 2 4 5 1 5 4 5 6 5 4 2 3 2 5 4 3 5 6 5 4 4 3 5 4 4 4 4 3 3 5 4 6 4 5 3 6 5 2 3 5 4 5 5 5 3 4 5 3 4 5 3 5 6 3 4 5 4 1 5 5 4 4 3 3 4 5 3 4 4 1 5 3 5 3 4 5 4 5 6 3 5 3 3 5 3 4 4 5 4 7 4 2 3 5 4 4 5 4 3 3 5 3 6 7 3 3 3 5 2 5 3 3 4 6 5 2 2 5 4 5 5 6 3 3 2 3 5 4 4 5 6 3 5 4 3 3 6 5 5 5 5 4 3 7 4 5 2 4 2 5 5 5 2 6 3 5 5 3 6 3 4 4 6 2 4 7 5 2 2 5 4 2 5 7 3 8 4 5 4 6 7 2 6 4 4 4 4 
6 7 7 10 1 6 5 3 8 2 6 5 7 8 10 2 4 9 7 5 6 7 4 4 2 8 2 5 6 9 3 8 7 7 8 5 5 6 7 5 4 9 3 5 8 3 6 1 6 6 8 8 4 8 8 4 5 8 8 9 8 5 3 9 3 7 8 3 4 8 7 8 7 5 10 2 2 3 9 5 4 7 5 2 6 8 8 4 6 9 7 7 2 6 6 8 5 7 6 7 7 4 9 8 6 7 6 8 7 5 6 2 5 7 10 5 4 6 6 3 6 7 5 6 7 9 5 8 8 6 6 6 6 7 9 6 4 4 6 7 5 6 9 4 8 1 11 6 2 8 3 5 4 2 6 4 4 10 7 5 7 7 6 8 4 6 8 0 5 2 7 6 5 8 6 5 8 7 6 4 8 7 7 4 7 5 9 7 7 8 7 10 6 6 8 5 10 5 9 8 
1 1 1 1 1 1 1 0 1 1 1 1 1 0 1 1 1 1 1 1 1 1 0 1 1 2 2 1 1 1 1 1 1 1 1 1 1 1 1 1 1 1 1 1 2 1 1 1 1 2 1 1 1 1 1 1 1 1 1 1 0 1 1 1 1 1 1 1 1 2 1 1 1 0 1 0 1 1 1 1 1 1 1 1 1 1 1 1 1 1 2 1 1 1 1 1 1 1 1 0 1 1 1 1 1 1 1 1 1 1 1 0 1 1 1 1 1 1 1 1 1 1 1 1 1 1 1 1 1 1 1 1 1 1 1 1 1 1 2 2 1 1 1 1 1 1 1 1 1 1 1 1 0 1 0 1 1 1 1 1 1 1 1 1 1 1 1 1 1 1 2 1 0 2 1 1 2 1 1 1 1 1 1 1 1 1 1 1 1 1 1 1 1 1 1 1 1 1 1 1 
3 6 6 7 6 5 5 4 5 4 8 5 8 6 6 9 7 5 6 7 6 7 8 8 7 4 6 6 5 5 7 6 6 7 6 2 5 5 5 6 6 3 5 5 5 7 6 4 4 1 2 4 6 7 4 3 4 6 6 9 6 5 4 7 6 3 5 4 6 7 5 3 3 5 7 4 5 8 6 4 5 4 6 5 7 6 5 2 5 9 4 5 7 6 3 6 5 3 3 6 2 6 2 3 6 4 5 4 4 7 3 5 8 5 5 6 5 3 5 6 4 5 4 7 5 8 7 5 5 6 5 5 5 6 8 7 7 7 6 6 2 4 7 4 5 4 5 7 3 4 5 4 5 7 5 5 3 3 7 4 6 5 5 3 3 8 6 4 5 6 3 5 3 3 5 5 6 4 5 3 3 3 6 7 6 4 5 5 5 2 4 6 2 2 5 1 4 7 5 3 
2 4 3 2 3 2 3 2 4 4 1 4 3 2 3 1 3 3 5 4 3 3 2 4 2 4 1 3 5 4 4 3 6 3 0 2 4 2 2 3 4 4 1 4 4 3 4 3 2 2 4 4 3 4 3 3 3 4 3 3 2 4 2 3 4 2 3 4 4 3 5 3 3 2 4 3 2 4 3 5 5 4 3 2 4 3 4 5 3 3 4 4 3 2 2 5 2 2 3 2 3 5 3 3 3 3 3 2 2 0 3 4 3 4 4 4 3 1 3 2 4 3 3 3 3 3 2 3 3 3 2 3 3 3 3 1 2 5 3 3 4 2 2 3 4 3 3 4 4 3 4 4 4 3 3 3 2 1 4 3 4 2 3 4 3 3 3 2 2 4 4 4 4 3 3 3 2 1 2 2 4 2 3 1 4 2 3 2 3 1 4 2 1 4 3 5 4 2 3 0 
6 9 16 11 6 10 7 16 4 9 12 6 5 5 10 10 7 10 12 11 4 14 4 11 12 11 11 1 14 10 8 8 10 9 14 10 8 7 10 14 10 12 3 8 11 8 7 8 8 14 9 7 11 10 9 10 13 7 9 8 16 7 10 11 9 9 11 12 9 13 11 10 7 10 9 6 8 11 9 13 14 10 8 11 10 10 4 7 5 8 10 6 13 10 14 11 13 9 7 14 16 6 12 12 6 8 14 6 10 7 8 0 5 9 13 7 5 12 11 9 10 11 11 8 14 10 6 11 9 7 13 13 8 12 4 9 11 11 8 11 14 12 11 7 7 10 9 5 7 13 8 10 11 12 11 9 10 8 11 10 7 10 5 6 11 7 10 11 15 5 10 3 4 11 6 7 5 5 7 6 11 10 10 11 7 8 12 9 11 12 8 11 13 10 5 9 5 9 8 12 
8 14 13 9 8 5 10 8 10 13 9 5 8 12 9 7 8 12 12 13 9 11 4 12 6 10 5 13 12 6 8 7 11 11 3 12 8 9 14 14 3 14 7 9 11 6 10 10 2 8 10 10 12 8 9 9 14 6 12 12 13 7 10 8 7 7 3 8 8 6 10 12 8 9 5 5 5 6 14 12 5 10 15 8 7 15 11 8 9 10 15 11 6 4 15 10 5 8 5 7 8 6 10 6 10 12 6 11 11 10 9 10 6 9 10 14 11 12 10 6 10 7 9 4 6 10 12 8 7 7 9 8 9 5 6 6 8 12 14 8 10 10 10 5 8 9 13 6 12 11 11 9 7 12 8 9 16 7 11 6 10 12 9 5 11 8 7 10 10 11 12 4 5 14 8 1 13 12 7 9 10 16 8 12 7 6 10 12 5 10 9 11 2 5 11 10 10 6 8 8 
6 3 4 7 4 5 3 4 6 5 2 4 2 2 3 4 5 2 5 4 4 5 3 2 3 2 7 3 2 5 6 6 3 4 3 2 5 2 3 4 4 4 4 3 4 4 3 2 2 3 5 5 3 4 6 4 4 3 3 5 5 4 6 3 5 3 4 3 3 5 1 5 6 5 3 4 4 5 6 3 3 5 2 2 2 4 2 6 3 6 4 4 4 5 6 3 3 5 4 3 2 2 5 3 4 5 4 4 7 3 2 1 4 6 4 4 4 4 4 4 2 4 4 3 5 2 5 5 5 6 3 3 4 5 3 3 5 4 5 4 6 6 3 2 4 6 2 5 3 5 5 3 3 4 3 3 5 5 6 3 4 5 6 4 3 5 5 5 3 3 4 4 6 2 5 5 2 3 4 3 7 3 4 3 5 3 4 5 5 3 4 4 3 3 2 4 5 3 3 4 
13 8 8 6 10 10 8 8 10 11 12 8 7 6 9 12 14 10 13 2 11 2 14 6 10 16 7 11 8 11 9 11 5 10 7 12 12 12 10 12 16 10 5 12 10 7 12 9 13 11 10 6 9 4 13 14 9 7 13 11 4 13 9 14 9 9 8 5 12 5 4 8 16 8 12 9 9 9 9 13 12 14 4 8 9 9 12 11 5 5 9 13 18 12 18 18 6 10 7 10 7 11 5 12 5 7 5 8 9 11 12 9 9 9 14 9 15 9 5 5 5 6 13 7 12 8 12 17 14 9 16 11 9 11 9 13 3 15 10 10 10 11 10 11 7 11 8 13 7 7 6 12 13 13 8 6 7 12 13 10 12 17 9 14 5 10 8 9 8 13 6 9 13 11 11 14 7 11 12 12 11 11 7 12 6 10 16 5 5 8 11 10 6 9 9 10 13 9 8 8 
4 6 5 7 9 6 5 6 4 4 5 5 3 4 5 9 6 7 4 9 4 6 2 4 4 9 5 6 4 5 7 5 6 5 6 6 5 8 7 4 5 5 4 5 3 6 4 8 4 7 4 4 5 5 5 7 4 3 5 4 6 4 5 4 3 6 4 2 3 4 2 5 6 4 5 2 7 2 5 6 6 3 6 5 3 5 3 4 6 7 7 1 3 4 3 7 5 5 7 7 6 6 5 6 2 3 4 5 5 4 5 5 3 4 2 6 7 7 3 6 4 3 4 7 3 5 6 2 4 6 5 6 6 4 2 3 3 3 2 5 7 5 6 4 5 7 5 2 8 4 5 3 9 2 6 3 5 3 3 5 2 4 8 7 3 6 5 7 5 4 6 4 7 4 6 5 6 5 4 8 6 6 6 4 6 7 5 3 5 6 7 4 7 4 2 5 6 5 4 5 
1 0 1 1 1 1 1 0 1 1 1 1 1 1 1 1 1 1 1 1 0 1 1 1 1 1 1 1 1 1 1 1 1 1 1 1 0 1 1 1 1 1 1 1 1 1 1 1 1 1 0 1 1 1 2 1 1 1 2 1 1 1 1 1 0 1 0 1 1 1 1 1 1 1 1 1 1 1 1 1 1 0 1 1 1 1 1 1 1 1 1 1 1 1 1 1 1 0 1 1 1 1 1 1 1 1 0 1 1 1 1 1 1 1 1 0 1 1 1 1 1 1 1 0 1 1 0 1 1 1 1 0 1 1 1 2 1 1 2 1 1 2 2 1 1 1 1 1 1 1 1 1 0 1 1 1 1 1 1 1 2 2 1 1 1 1 1 2 1 1 1 1 1 1 1 0 1 1 0 0 1 1 2 2 1 1 1 1 1 1 2 1 1 1 1 1 1 1 1 1 
6 5 9 8 11 13 14 13 11 10 7 11 3 11 13 7 8 10 8 13 14 11 6 9 13 5 16 13 8 10 10 11 10 11 13 10 8 9 14 10 10 10 13 13 11 5 13 11 9 10 7 9 10 2 6 10 9 13 11 9 4 4 9 6 9 10 17 10 8 13 2 11 10 3 5 13 10 18 7 8 4 8 14 9 6 11 15 17 9 10 11 6 15 6 10 16 9 11 11 9 13 8 13 16 7 6 9 7 8 16 10 14 12 16 13 6 7 9 14 12 14 9 6 6 12 11 13 11 7 10 5 16 11 11 6 8 8 19 6 6 18 6 4 10 14 12 13 11 9 11 11 12 11 6 9 12 10 4 5 12 4 11 12 9 13 11 10 0 10 8 10 17 10 14 4 12 10 9 8 9 15 11 11 8 10 12 11 10 8 11 11 11 12 10 8 10 11 5 9 13 
4 5 3 2 3 3 4 3 3 4 2 2 4 2 2 3 4 3 2 5 3 3 2 2 4 3 3 2 2 4 3 3 1 4 1 3 4 2 4 3 3 3 3 3 3 3 2 4 3 1 3 4 3 3 2 4 4 4 1 3 4 3 1 4 2 2 4 3 3 4 3 1 5 3 2 3 3 5 3 2 3 2 3 3 4 3 3 3 4 2 4 4 2 3 4 3 3 4 5 2 3 2 2 0 3 1 1 3 3 4 3 1 2 3 3 3 3 3 2 3 3 2 2 3 3 3 3 5 3 3 3 4 2 3 3 2 4 2 1 2 2 1 1 3 3 4 3 3 2 3 3 3 5 2 3 4 4 3 4 3 4 4 4 2 3 2 4 3 3 1 2 2 2 2 5 3 2 3 1 3 2 2 3 4 3 3 3 2 3 3 3 3 3 4 3 3 4 4 3 3 
1 1 1 1 1 2 1 1 1 1 1 1 1 1 1 1 1 1 1 1 1 1 1 0 1 2 1 0 1 0 1 1 1 1 1 2 1 1 1 1 1 1 1 1 1 1 1 1 0 1 1 1 1 1 1 0 1 1 1 1 1 1 1 1 1 1 1 1 1 1 0 0 1 1 0 1 1 1 1 1 1 1 1 1 1 2 0 1 1 1 1 1 1 1 1 1 1 1 1 1 2 1 1 1 1 1 1 1 1 1 1 2 1 0 1 1 1 1 0 1 1 1 1 2 2 1 1 0 1 1 1 1 1 1 1 1 1 1 1 1 1 1 1 1 1 1 1 1 1 1 1 1 1 1 1 1 2 1 0 1 1 2 1 1 1 1 1 1 1 1 1 1 1 1 1 0 1 1 1 1 1 1 1 1 1 1 1 1 1 1 1 1 1 0 1 1 1 0 1 1 
2 2 2 2 1 2 1 2 2 2 2 3 1 2 3 2 1 2 2 2 2 2 2 2 1 2 1 1 2 2 3 2 3 1 1 2 3 2 2 1 2 2 3 2 1 2 2 3 2 2 2 1 1 1 3 2 2 2 1 3 4 3 2 2 2 3 2 2 1 1 2 1 2 2 2 1 2 2 2 1 1 2 1 2 2 2 2 1 2 1 3 1 2 2 2 2 2 2 2 2 2 0 1 1 3 2 2 0 1 3 1 2 2 2 3 2 2 2 3 3 2 1 2 2 2 3 2 2 2 1 2 2 3 3 3 0 1 2 2 3 2 2 3 3 2 1 3 2 3 2 2 1 1 2 3 0 2 2 2 1 2 2 2 3 2 2 1 2 2 2 2 2 2 2 2 1 1 2 2 3 1 2 3 2 2 2 2 2 2 3 2 2 1 1 3 2 4 2 3 3 
2 1 1 1 1 2 2 1 3 1 2 2 3 0 2 1 1 2 2 2 3 3 3 2 2 2 2 3 3 3 3 2 2 2 1 2 3 2 3 1 1 1 1 2 1 2 2 1 3 3 3 2 2 2 1 2 2 2 2 3 2 2 3 1 4 2 2 2 2 2 1 2 1 2 3 1 3 1 3 1 1 2 2 2 2 3 3 2 1 3 2 2 2 3 1 2 3 1 2 1 2 3 2 2 2 2 3 3 2 1 3 2 1 4 1 2 2 2 3 2 1 3 2 3 2 2 1 1 2 2 2 1 3 1 1 2 2 3 3 2 2 2 3 2 3 2 2 2 3 2 2 3 1 1 2 3 1 3 1 3 2 2 2 2 3 1 3 3 1 2 2 2 2 2 3 2 1 2 2 1 1 2 3 4 2 1 3 1 1 1 1 2 2 2 2 2 2 1 2 2 
10 6 6 8 9 2 6 7 6 10 8 8 10 10 9 6 7 4 11 4 7 4 5 3 3 4 5 7 7 6 8 4 6 7 7 7 7 8 4 5 9 3 7 7 10 4 5 5 10 3 8 5 8 5 2 5 9 9 6 3 3 1 6 7 5 7 5 12 7 4 7 9 6 5 10 9 6 4 6 4 3 5 8 4 5 9 6 9 6 1 5 6 7 8 6 8 8 9 3 7 9 6 7 6 7 5 2 4 5 8 9 7 5 8 6 5 7 7 9 8 3 9 7 7 5 4 7 8 8 3 0 8 4 7 7 6 5 11 3 8 7 4 3 6 7 5 2 7 10 5 7 5 2 4 8 3 5 7 8 5 7 8 3 5 6 6 5 5 5 6 6 7 7 8 6 7 5 6 7 5 9 9 2 6 7 9 5 4 7 8 9 7 6 9 7 3 4 5 4 5 
10 3 5 6 14 5 5 8 14 5 12 9 7 8 8 7 6 13 9 11 13 9 5 8 6 9 11 6 10 10 10 5 8 8 6 6 5 8 7 7 8 4 11 8 6 8 5 9 11 9 11 10 5 9 2 9 8 7 6 10 11 1 4 8 10 8 9 3 7 9 11 7 6 10 12 5 4 11 9 10 10 7 11 7 9 9 10 4 6 8 12 14 7 10 13 11 13 14 12 5 8 4 8 9 10 3 8 6 9 12 2 15 10 4 11 8 8 6 8 7 6 7 7 11 10 6 11 8 5 6 13 5 11 12 7 7 8 4 10 5 9 6 8 7 9 4 14 8 11 8 6 10 6 9 8 10 9 8 8 10 5 6 8 11 6 9 11 9 5 9 7 10 11 6 5 9 9 11 6 8 9 9 5 10 8 10 8 6 3 6 10 4 9 14 9 7 10 6 8 5 
8 9 5 10 8 10 11 7 6 9 6 8 5 7 9 8 5 6 6 13 11 7 8 6 4 7 10 11 6 10 13 3 4 3 7 8 11 4 10 10 6 9 1 4 0 3 7 6 8 6 7 11 9 10 10 4 4 6 9 7 11 11 7 6 11 10 8 6 9 10 8 12 6 6 11 7 4 6 6 10 5 8 7 5 1 10 5 9 12 10 9 8 11 8 7 4 7 7 8 7 10 5 11 11 9 6 7 15 5 9 9 4 10 7 11 8 7 6 9 4 8 8 7 4 10 8 13 4 12 8 9 5 5 7 4 5 7 7 5 11 10 8 6 6 8 12 13 4 11 7 8 8 8 6 12 4 10 9 11 12 8 8 7 6 7 9 9 8 9 8 11 6 5 9 6 10 10 8 13 7 7 8 7 7 6 13 9 10 13 6 12 11 8 6 7 4 9 9 10 6 
5 6 7 5 3 9 2 5 4 6 5 8 8 4 4 4 7 4 6 5 6 5 6 6 4 2 5 3 5 6 5 4 3 3 4 5 7 7 4 2 6 2 2 3 4 3 3 4 4 4 7 6 6 1 6 6 2 5 7 6 2 4 6 4 4 3 3 5 5 6 3 5 6 5 4 5 7 6 2 5 5 2 4 7 4 5 3 3 3 5 2 4 5 3 4 7 4 5 6 4 6 4 5 8 7 6 5 4 5 6 6 6 2 5 5 3 3 7 6 5 5 5 4 4 6 9 6 4 7 6 5 6 5 4 5 6 5 4 5 4 5 7 5 6 9 4 3 7 3 1 4 7 6 3 8 5 7 4 5 1 3 6 4 5 3 3 4 8 2 5 4 2 6 2 4 6 6 6 4 4 5 1 1 4 5 6 5 3 4 7 4 4 5 2 5 5 5 3 5 9 
