NAME  : Jabali_50_3_0.88_1_2
TYPE : SVRP
MODEL : FINITE_SUPPORT
NUMBER_OF_SCENARIOS : 200
DIMENSION : 50
EDGE_WEIGHT_TYPE : MATRIX
CAPACITY : 99
N_VEHICLES : 3
NODE_COORD_SECTION
1 5197 4493
2 2439 5816
3 3307 3016
4 6055 3479
5 7372 4182
6 1474 4556
7 2388 3467
8 6597 2718
9 5460 5121
10 2376 18
11 4206 7170
12 3566 5602
13 5904 4849
14 6145 7568
15 7478 5271
16 27 6677
17 7095 2676
18 4045 513
19 5221 5321
20 2614 646
21 5998 8108
22 6214 905
23 5929 2416
24 3568 413
25 3107 5577
26 2410 6713
27 7593 2192
28 6726 5906
29 1562 3290
30 4946 6235
31 4806 6896
32 4227 6280
33 2483 4177
34 3680 2836
35 7468 6901
36 7969 3084
37 2393 7398
38 2635 4100
39 6082 3994
40 2748 5426
41 4140 6954
42 1022 6752
43 5420 5839
44 2088 1598
45 4211 4183
46 4204 1619
47 7564 6704
48 4516 3435
49 1632 3444
50 1863 4968
DEMAND_SECTION
1 0.0
2 6.0
3 8.0
4 5.0
5 2.0
6 6.0
7 9.0
8 2.0
9 3.0
10 3.0
11 10.0
12 3.0
13 9.0
14 8.0
15 9.0
16 1.0
17 1.0
18 5.0
19 4.0
20 5.0
21 5.0
22 6.0
23 1.0
24 8.0
25 6.0
26 5.0
27 8.0
28 8.0
29 4.0
30 3.0
31 3.0
32 4.0
33 10.0
34 5.0
35 7.0
36 1.0
37 10.0
38 5.0
39 10.0
40 4.0
41 4.0
42 7.0
43 6.0
44 5.0
45 4.0
46 6.0
47 4.0
48 10.0
49 1.0
50 3.0
DEVIATION_SECTION
1 0.0
2 2.0
3 2.66667
4 1.66667
5 0.666667
6 2.0
7 3.0
8 0.666667
9 1.0
10 1.0
11 3.33333
12 1.0
13 3.0
14 2.66667
15 3.0
16 0.333333
17 0.333333
18 1.66667
19 1.33333
20 1.66667
21 1.66667
22 2.0
23 0.333333
24 2.66667
25 2.0
26 1.66667
27 2.66667
28 2.66667
29 1.33333
30 1.0
31 1.0
32 1.33333
33 3.33333
34 1.66667
35 2.33333
36 0.333333
37 3.33333
38 1.66667
39 3.33333
40 1.33333
41 1.33333
42 2.33333
43 2.0
44 1.66667
45 1.33333
46 2.0
47 1.33333
48 3.33333
49 0.333333
50 1.0
DISTANCE_MATRIX
0.0 40.6462 30.8869 20.8682 30.498 52.1602 37.7515 34.6217 8.94427 70.7248 38.3275 33.3053 9.68831 43.909 31.6234 77.9128 38.9609 56.356 11.1803 62.2254 50.0899 51.2445 30.4498 59.3633 33.8708 48.5168 48.024 27.7849 48.7316 24.0832 33.0606 27.8927 37.3132 29.2062 43.909 47.1791 53.9204 35.9114 14.6509 37.4746 36.4966 66.4739 18.0278 58.3912 19.0454 41.1825 44.1022 15.6205 48.0022 48.964 
40.6462 0.0 39.0606 62.442 70.6594 27.1896 31.9422 66.9093 47.0937 79.3832 34.2843 15.0554 49.9969 57.1152 71.7909 49.2666 73.211 74.0074 38.5579 71.1608 60.5271 81.2396 62.6039 74.3593 9.16228 24.6815 81.752 57.0047 38.5269 33.9045 36.8869 26.1246 22.5529 42.0555 69.8763 84.105 33.2947 23.088 54.964 8.82843 32.1725 37.8277 38.8938 57.1563 37.6008 60.231 68.8765 39.541 37.1127 20.3178 
30.8869 39.0606 0.0 38.4216 61.3743 31.6228 14.1421 42.72 38.6005 42.19 57.3847 33.8378 40.5646 72.3485 62.5152 66.3702 49.0408 35.0143 38.9521 33.6155 77.873 48.1664 35.3412 35.3553 34.3989 51.0882 57.0088 58.6686 23.3003 49.4383 57.6323 46.8879 18.6815 5.0 74.793 59.9606 60.0333 17.4642 45.5272 35.0 55.1543 58.8727 46.0191 29.1573 29.2603 22.1359 74.9466 17.2627 22.8254 32.311 
20.8682 62.442 38.4216 0.0 26.099 66.1136 51.0784 14.4222 23.0868 67.1557 54.1409 51.5362 18.2483 55.3624 34.7564 99.7086 19.799 47.9271 26.3059 59.5099 62.0967 36.0139 15.0333 52.4376 55.6801 74.4479 29.0 34.1321 61.3745 39.2046 48.1664 44.1885 51.2666 33.9217 49.4552 28.4854 70.9269 49.8648 6.32456 59.2704 52.4337 88.2697 32.0 58.128 40.8546 34.5416 50.1369 24.017 60.7571 65.1037 
30.498 70.6594 61.3743 26.099 0.0 82.1735 68.1179 19.2354 27.3089 85.0683 55.5698 55.908 20.9635 48.0104 15.2643 101.586 19.2354 64.3702 30.5358 77.7986 55.0091 44.7772 27.4939 69.4622 59.8024 71.1194 26.1725 24.0208 79.0981 39.9693 47.8539 47.863 67.3264 53.1983 35.3412 17.4929 76.1339 65.9247 30.1713 64.3765 54.3894 88.8163 31.9202 77.0637 49.0586 52.5189 36.7696 45.9974 78.1671 78.9773 
52.1602 27.1896 31.6228 66.1136 82.1735 0.0 17.8885 70.5809 58.6077 62.1289 48.2597 30.245 61.511 72.2357 83.3049 34.8855 76.8826 63.9096 53.7473 55.0091 75.1332 79.6492 64.6607 62.5811 24.3516 29.1548 85.4237 72.1941 16.2788 49.0939 51.8941 41.2311 15.2643 36.4005 85.0657 87.7767 37.5766 16.6433 66.4781 20.1246 46.3249 29.1548 54.0833 40.0 49.1149 53.2353 84.0659 42.4043 15.1327 7.2111 
37.7515 31.9422 14.1421 51.0784 68.1179 17.8885 0.0 55.5428 44.4005 47.5395 54.2265 34.9976 47.3037 77.0575 69.2433 52.7731 61.8466 46.3249 44.5995 39.6337 80.4694 62.2896 48.8774 45.2769 29.1045 41.5933 70.214 64.9865 11.0 53.8467 57.2095 46.0669 9.43398 19.105 81.0371 72.7414 50.636 9.21954 52.2708 26.9258 52.1147 46.3249 51.6665 25.2982 34.9077 35.3553 81.0279 27.8927 10.0499 20.0998 
34.6217 66.9093 42.72 14.4222 19.2354 70.5809 55.5428 0.0 36.4005 67.4166 67.72 56.0034 30.4138 65.5655 34.4819 104.176 6.32456 46.1411 39.8497 60.4401 72.4855 25.632 9.48683 51.4296 60.1473 78.9152 15.0 42.2633 65.7875 52.3927 61.1882 57.9419 55.7338 38.0789 54.5619 18.1108 84.6803 54.3321 20.5913 63.7377 66.0984 92.7369 44.7214 60.4073 45.3219 35.171 55.9464 28.4843 65.192 69.5709 
8.94427 47.0937 38.6005 23.0868 27.3089 58.6077 44.4005 36.4005 0.0 79.3095 31.3209 29.0235 7.07107 34.9857 27.4591 74.7015 40.3732 65.2993 3.60555 70.7672 41.1461 59.0085 38.0132 68.2642 32.9179 44.2349 49.5156 20.8806 55.3807 16.1245 25.0799 21.9545 43.7607 37.4833 36.7696 44.8011 49.5782 42.3589 17.0 37.492 29.7321 61.9317 9.21954 66.7564 25.4929 50.1199 36.6742 24.4131 54.4496 55.4115 
70.7248 79.3832 42.19 67.1557 85.0683 62.1289 47.5395 67.4166 79.3095 0.0 99.3939 75.7598 80.3323 113.851 102.283 93.771 72.4224 23.0217 80.2808 8.60233 119.414 54.0 57.9396 17.0294 76.5455 89.0505 76.4853 98.4364 46.0109 90.9793 99.6654 88.921 56.833 42.0119 114.561 85.0706 98.0612 56.455 85.2949 74.4327 97.1594 91.0055 87.4586 22.3607 70.8013 32.6497 114.746 55.1543 47.0425 66.7533 
38.3275 34.2843 57.3847 54.1409 55.5698 48.2597 54.2265 67.72 31.3209 99.3939 0.0 23.7065 37.6962 27.0 50.2096 56.1427 71.6311 90.6807 27.8927 90.8288 27.8927 89.56 68.7772 92.116 25.4951 25.0799 80.7735 37.6431 60.8112 15.6525 8.60233 11.1803 44.8372 58.8755 45.8803 73.0616 25.0 45.3723 47.9235 28.4253 2.23607 43.0465 23.7065 82.8635 47.4588 75.5975 44.2719 50.2494 59.397 41.0488 
33.3053 15.0554 33.8378 51.5362 55.908 30.245 34.9976 56.0034 29.0235 75.7598 23.7065 0.0 36.0945 44.0594 54.3291 51.4782 68.4044 67.7422 25.5021 67.1948 47.4713 71.1792 51.8025 68.884 6.32456 23.6008 77.4676 43.9489 41.5823 20.8487 24.2115 13.4536 25.6083 35.6931 56.8205 76.6226 30.8707 26.1434 44.0945 11.4018 21.4709 39.4081 25.838 59.2295 26.6815 53.1507 55.8207 29.6142 40.1681 23.3732 
9.68831 49.9969 40.5646 18.2483 20.9635 61.511 47.3037 30.4138 7.07107 80.3323 37.6962 36.0945 0.0 37.3363 22.0 81.7726 34.0238 65.6227 10.6301 71.8475 43.9659 54.1479 33.2415 68.7645 39.989 51.306 43.1662 18.6011 58.2839 22.1359 30.8058 28.8444 46.6639 38.8852 34.6699 38.4558 56.6392 45.2621 13.0 44.5631 36.2491 69.0028 14.3178 68.0523 28.3961 50.5012 35.0 25.1877 57.3529 58.3147 
43.909 57.1152 72.3485 55.3624 48.0104 72.2357 77.0575 65.5655 34.9857 113.851 27.0 44.0594 37.3363 0.0 36.1386 83.0963 67.0298 100.24 33.6006 105.262 7.0 90.6091 70.0928 103.247 47.927 52.0384 74.108 24.0832 83.6421 24.4131 20.6155 31.0161 67.6682 71.8401 22.6274 63.7887 51.4782 68.2032 50.3289 52.2015 28.0713 70.0286 26.4008 101.019 59.0882 85.0882 20.5183 59.3633 82.2279 65.192 
31.6234 71.7909 62.5152 34.7564 15.2643 83.3049 69.2433 34.4819 27.4591 102.283 50.2096 54.3291 22.0 36.1386 0.0 100.007 33.8378 82.6393 30.0832 93.798 42.9535 59.9333 42.7562 87.1499 58.2235 69.3542 39.3192 13.0384 80.2235 35.805 41.7253 44.9444 68.4579 60.8357 20.2485 28.0179 73.2393 67.0561 31.3121 62.7976 49.5782 87.2374 28.6531 90.0029 50.19 69.2538 21.8403 47.1383 79.2925 80.1087 
77.9128 49.2666 66.3702 99.7086 101.586 34.8855 52.7731 104.176 74.7015 93.771 56.1427 51.4782 81.7726 83.0963 100.007 0.0 110.478 98.6664 71.1801 87.6641 83.0542 114.039 98.4187 96.4752 45.2769 31.5753 119.019 89.493 48.7647 65.521 63.6396 56.0446 48.6004 71.0211 101.0 121.372 32.1403 50.0 92.2306 40.4969 55.3263 13.1529 71.5122 72.7805 74.8675 88.1192 99.6393 76.1555 48.0833 34.8281 
38.9609 73.211 49.0408 19.799 19.2354 76.8826 61.8466 6.32456 40.3732 72.4224 71.6311 68.4044 34.0238 67.0298 33.8378 110.478 0.0 50.5668 43.9092 65.7343 74.027 26.6271 15.0333 56.0803 72.2989 83.6159 9.21954 43.1856 72.111 56.1455 64.8161 62.1917 62.0356 44.3847 54.0833 12.6491 89.0195 60.6338 25.6125 70.0394 70.0945 99.0387 48.3239 66.2 57.6732 40.6079 55.6597 34.786 71.5122 75.8727 
56.356 74.0074 35.0143 47.9271 64.3702 63.9096 46.3249 46.1411 65.2993 23.0217 90.6807 67.7422 65.6227 100.24 82.6393 98.6664 50.5668 0.0 67.1193 18.9737 106.438 31.0161 36.8917 6.0 69.1158 86.093 53.8516 81.9886 50.5408 79.1202 87.5957 80.182 53.3385 32.1403 97.3381 63.1585 95.0474 52.2398 70.5853 70.0071 88.4536 92.6499 74.2496 28.3196 59.2445 15.2315 98.0198 41.2311 51.1731 66.2873 
11.1803 38.5579 38.9521 26.3059 30.5358 53.7473 44.5995 39.8497 3.60555 80.2808 27.8927 25.5021 10.6301 33.6006 30.0832 71.1801 43.9092 67.1193 0.0 71.7008 39.4462 62.0931 41.1178 69.8355 29.3965 40.7135 53.0515 22.2036 55.5796 13.0 22.0 18.3576 43.9596 38.2884 37.6431 48.028 46.0109 42.5579 20.1007 33.9706 26.2488 58.4104 7.2111 67.6229 25.6918 51.8941 37.3363 25.9422 54.6486 46.8122 
62.2254 71.1608 33.6155 59.5099 77.7986 55.0091 39.6337 60.4401 70.7672 8.60233 90.8288 67.1948 71.8475 105.262 93.798 87.6641 65.7343 18.9737 71.7008 0.0 110.816 49.4975 50.9608 13.4164 68.323 81.2158 70.4557 89.9515 39.2046 82.3813 91.1003 80.356 48.927 33.4215 106.076 78.339 90.2552 48.2231 76.8101 66.5267 88.5943 84.0952 78.8733 15.0333 62.2033 25.2982 106.262 46.6905 40.1123 59.2115 
50.0899 60.5271 77.873 62.0967 55.0091 75.1332 80.4694 72.4855 41.1461 119.414 27.8927 47.4713 43.9659 7.0 42.9535 83.0542 74.027 106.438 39.4462 110.816 0.0 97.4936 76.9025 109.275 51.1077 52.7731 81.0987 31.0644 87.054 29.0 23.3238 34.1321 71.0801 77.4209 28.0179 70.7107 51.0 71.6151 56.921 55.0091 29.4109 70.1783 32.249 106.544 64.6127 91.2414 25.807 65.3682 85.6398 67.9779 
51.2445 81.2396 48.1664 36.0139 44.7772 79.6492 62.2896 25.632 59.0085 54.0 89.56 71.1792 54.1479 90.6091 59.9333 114.039 26.6271 31.0161 62.0931 49.4975 97.4936 0.0 21.0 37.0135 75.0267 93.7763 25.807 67.8943 70.8786 75.0604 84.0536 78.9177 65.4599 43.2782 80.1124 37.4833 101.843 64.0703 42.0119 78.068 87.6926 105.513 68.0074 54.626 60.4976 29.1548 81.5414 41.7852 70.4039 79.3221 
30.4498 62.6039 35.3412 15.0333 27.4939 64.6607 48.8774 9.48683 38.0132 57.9396 68.7772 51.8025 33.2415 70.0928 42.7562 98.4187 15.0333 36.8917 41.1178 50.9608 76.9025 21.0 0.0 42.0595 55.9464 74.7143 21.8403 48.2601 58.6243 54.0833 63.0714 58.2562 49.8205 30.4631 62.795 27.4591 82.5173 48.4187 21.0238 59.4323 66.9403 88.4315 47.0106 51.1668 41.121 25.7099 64.1683 23.4307 58.1378 63.6576 
59.3633 74.3593 35.3553 52.4376 69.4622 62.5811 45.2769 51.4296 68.2642 17.0294 92.116 68.884 68.7645 103.247 87.1499 96.4752 56.0803 6.0 69.8355 13.4164 109.275 37.0135 42.0595 0.0 69.7327 86.0233 59.6657 86.8685 47.7598 81.4371 89.711 81.6174 53.0 33.2415 101.849 68.7095 95.0474 52.0096 73.7271 70.1783 89.8889 91.4467 77.026 24.6982 61.3104 18.4391 102.023 43.909 48.3922 65.3758 
33.8708 9.16228 34.3989 55.6801 59.8024 24.3516 29.1045 60.1473 32.9179 76.5455 25.4951 6.32456 39.989 47.927 58.2235 45.2769 72.2989 69.1158 29.3965 68.323 51.1077 75.0267 55.9464 69.7327 0.0 18.7883 81.362 47.8433 35.6892 24.7431 27.7849 17.0 19.7152 37.0135 60.7149 80.5171 26.9258 20.2503 47.9889 5.09902 23.3452 33.4215 29.7325 54.3185 30.8254 55.0364 59.7151 33.2415 34.275 17.4642 
48.5168 24.6815 51.0882 74.4479 71.1194 29.1548 41.5933 78.9152 44.2349 89.0505 25.0799 23.6008 51.306 52.0384 69.3542 31.5753 83.6159 86.093 40.7135 81.2158 52.7731 93.7763 74.7143 86.0233 18.7883 0.0 92.6791 58.3095 44.7772 34.176 32.1403 24.6982 33.0606 54.4621 69.4262 88.6117 9.05539 34.0147 59.3059 16.2788 24.0 18.4391 40.7063 66.7083 49.5933 72.7104 68.0661 52.0 43.4626 22.8473 
48.024 81.752 57.0088 29.0 26.1725 85.4237 70.214 15.0 49.5156 76.4853 80.7735 77.4676 43.1662 74.108 39.3192 119.019 9.21954 53.8516 53.0515 70.4557 81.0987 25.807 21.8403 59.6657 81.362 92.6791 0.0 50.04 80.2325 65.2879 73.3085 71.3341 70.5766 52.2015 59.2284 12.53 98.0827 69.1749 34.8281 78.5805 79.2369 107.58 57.3215 72.1325 66.7363 46.0 61.0 43.327 79.7057 84.4137 
27.7849 57.0047 58.6686 34.1321 24.0208 72.1941 64.9865 42.2633 20.8806 98.4364 37.6431 43.9489 18.6011 24.0832 13.0384 89.493 43.1856 81.9886 22.2036 89.9515 31.0644 67.8943 48.2601 86.8685 47.8433 58.3095 50.04 0.0 75.9667 24.1661 29.0689 33.6155 64.3467 56.9892 16.1245 39.8121 61.4003 62.9449 30.4795 52.4174 37.2022 76.5506 18.2483 86.1564 46.0789 68.6052 16.4012 43.2917 75.0357 65.2591 
48.7316 38.5269 23.3003 61.3745 79.0981 16.2788 11.0 65.7875 55.3807 46.0109 60.8112 41.5823 58.2839 83.6421 80.2235 48.7647 72.111 50.5408 55.5796 39.2046 87.054 70.8786 58.6243 47.7598 35.6892 44.7772 80.2325 75.9667 0.0 60.4314 63.4138 52.6515 17.8885 28.2632 92.0173 83.0375 53.4883 18.3848 63.251 32.6497 58.6941 45.0 65.4207 24.1868 45.8878 43.2203 92.008 38.6394 1.41421 21.9317 
24.0832 33.9045 49.4383 39.2046 39.9693 49.0939 53.8467 52.3927 16.1245 90.9793 15.6525 20.8487 22.1359 24.4131 35.805 65.521 56.1455 79.1202 13.0 82.3813 29.0 75.0604 54.0833 81.4371 24.7431 34.176 65.2879 24.1661 60.4314 0.0 9.0 9.48683 44.4574 48.9867 36.0555 57.4615 37.4433 44.9925 33.0606 29.2746 14.4222 52.4976 8.06226 78.1091 36.178 63.9062 35.0 37.9473 59.0172 42.1588 
33.0606 36.8869 57.6323 48.1664 47.8539 51.8941 57.2095 61.1882 25.0799 99.6654 8.60233 24.2115 30.8058 20.6155 41.7253 63.6396 64.8161 87.5957 22.0 91.1003 23.3238 84.0536 63.0714 89.711 27.7849 32.1403 73.3085 29.0689 63.4138 9.0 0.0 10.8167 47.8202 57.2092 37.6431 65.2993 33.2415 48.3553 42.0476 31.7805 8.544 50.4876 16.4924 83.135 44.4005 72.4224 36.1386 46.5725 61.9996 44.7772 
27.8927 26.1246 46.8879 44.1885 47.863 41.2311 46.0669 57.9419 21.9545 88.921 11.1803 13.4536 28.8444 31.0161 44.9444 56.0446 62.1917 80.182 18.3576 80.356 34.1321 78.9177 58.2562 81.6174 17.0 24.6982 71.3341 33.6155 52.6515 9.48683 10.8167 0.0 36.6776 48.3769 45.2769 65.3553 28.4253 37.2126 37.9712 21.1896 9.05539 43.0116 16.4012 72.3906 36.2843 64.4229 44.1022 39.1152 51.2373 34.176 
37.3132 22.5529 18.6815 51.2666 67.3264 15.2643 9.43398 55.7338 43.7607 56.833 44.8372 25.6083 46.6639 67.6682 68.4579 48.6004 62.0356 53.3385 43.9596 48.927 71.0801 65.4599 49.8205 53.0 19.7152 33.0606 70.5766 64.3467 17.8885 44.4574 47.8202 36.6776 0.0 22.8473 80.3973 72.9296 42.107 1.41421 51.631 17.72 42.7255 40.3113 49.4468 34.606 34.2678 40.8044 80.3881 27.5572 16.5529 13.8924 
29.2062 42.0555 5.0 33.9217 53.1983 36.4005 19.105 38.0789 37.4833 42.0119 58.8755 35.6931 38.8852 71.8401 60.8357 71.0211 44.3847 32.1403 38.2884 33.4215 77.4209 43.2782 30.4631 33.2415 37.0135 54.4621 52.2015 56.9892 28.2632 48.9867 57.2092 48.3769 22.8473 0.0 73.1137 55.4437 63.3221 21.5407 43.8478 38.2423 56.6484 63.1585 45.4533 29.2755 28.8087 18.2483 73.2994 14.3178 27.7885 36.6742 
43.909 69.8763 74.793 49.4552 35.3412 85.0657 81.0371 54.5619 36.7696 114.561 45.8803 56.8205 34.6699 22.6274 20.2485 101.0 54.0833 97.3381 37.6431 106.076 28.0179 80.1124 62.795 101.849 60.7149 69.4262 59.2284 16.1245 92.0173 36.0555 37.6431 45.2769 80.3973 73.1137 0.0 47.3814 70.8378 78.9955 46.0109 65.289 46.1736 87.8635 32.3883 102.281 62.1295 83.9526 2.23607 59.4163 91.0863 78.1306 
47.1791 84.105 59.9606 28.4854 17.4929 87.7767 72.7414 18.1108 44.8011 85.0706 73.0616 76.6226 38.4558 63.7887 28.0179 121.372 12.6491 63.1585 48.028 78.339 70.7107 37.4833 27.4591 68.7095 80.5171 88.6117 12.53 39.8121 83.0375 57.4615 65.2993 65.3553 72.9296 55.4437 47.3814 0.0 93.6262 71.5279 33.9706 84.3206 71.8816 109.531 49.4125 78.5179 65.8913 53.1507 49.2544 45.68 82.4201 86.7667 
53.9204 33.2947 60.0333 70.9269 76.1339 37.5766 50.636 84.6803 49.5782 98.0612 25.0 30.8707 56.6392 51.4782 73.2393 32.1403 89.0195 95.0474 46.0109 90.2552 51.0 101.843 82.5173 95.0474 26.9258 9.05539 98.0827 61.4003 53.4883 37.4433 33.2415 28.4253 42.107 63.3221 70.8378 93.6262 0.0 43.0465 64.7096 25.0799 24.6982 19.6469 44.8219 75.71 57.3964 81.5257 69.2604 60.0833 52.2015 31.6228 
35.9114 23.088 17.4642 49.8648 65.9247 16.6433 9.21954 54.3321 42.3589 56.455 45.3723 26.1434 45.2621 68.2032 67.0561 50.0 60.6338 52.2398 42.5579 48.2231 71.6151 64.0703 48.4187 52.0096 20.2503 34.0147 69.1749 62.9449 18.3848 44.9925 48.3553 37.2126 1.41421 21.5407 78.9955 71.5279 43.0465 0.0 50.2293 18.4391 43.2605 41.6293 49.9818 34.228 32.8661 39.5601 78.9863 26.1555 17.088 15.2643 
14.6509 54.964 45.5272 6.32456 30.1713 66.4781 52.2708 20.5913 17.0 85.2949 47.9235 44.0945 13.0 50.3289 31.3121 92.2306 25.6125 70.5853 20.1007 76.8101 56.921 42.0119 21.0238 73.7271 47.9889 59.3059 34.8281 30.4795 63.251 33.0606 42.0476 37.9712 51.631 43.8478 46.0109 33.9706 64.7096 50.2293 0.0 51.7925 46.2164 77.0028 26.0768 73.0149 33.3632 55.4638 46.669 30.1503 62.32 63.2819 
37.4746 8.82843 35.0 59.2704 64.3765 20.1246 26.9258 63.7377 37.492 74.4327 28.4253 11.4018 44.5631 52.2015 62.7976 40.4969 70.0394 70.0071 33.9706 66.5267 55.0091 78.068 59.4323 70.1783 5.09902 16.2788 78.5805 52.4174 32.6497 29.2746 31.7805 21.1896 17.72 38.2423 65.289 84.3206 25.0799 18.4391 51.7925 0.0 26.4008 29.0 34.3066 52.2015 34.4293 56.4906 64.2892 36.3694 31.241 13.0 
36.4966 32.1725 55.1543 52.4337 54.3894 46.3249 52.1147 66.0984 29.7321 97.1594 2.23607 21.4709 36.2491 28.0713 49.5782 55.3263 70.0945 88.4536 26.2488 88.5943 29.4109 87.6926 66.9403 89.8889 23.3452 24.0 79.2369 37.2022 58.6941 14.4222 8.544 9.05539 42.7255 56.6484 46.1736 71.8816 24.6982 43.2605 46.2164 26.4008 0.0 42.19 22.4722 80.629 45.3363 73.6109 44.643 48.1664 57.28 39.1152 
66.4739 37.8277 58.8727 88.2697 88.8163 29.1548 46.3249 92.7369 61.9317 91.0055 43.0465 39.4081 69.0028 70.0286 87.2374 13.1529 99.0387 92.6499 58.4104 84.0952 70.1783 105.513 88.4315 91.4467 33.4215 18.4391 107.58 76.5506 45.0 52.4976 50.4876 43.0116 40.3113 63.1585 87.8635 109.531 19.6469 41.6293 77.0028 29.0 42.19 0.0 58.6941 69.0652 63.4285 80.9938 86.4928 65.3687 44.0114 26.5707 
18.0278 38.8938 46.0191 32.0 31.9202 54.0833 51.6665 44.7214 9.21954 87.4586 23.7065 25.838 14.3178 26.4008 28.6531 71.5122 48.3239 74.2496 7.2111 78.8733 32.249 68.0074 47.0106 77.026 29.7325 40.7063 57.3215 18.2483 65.4207 8.06226 16.4924 16.4012 49.4468 45.4533 32.3883 49.4125 44.8219 49.9818 26.0768 34.3066 22.4722 58.6941 0.0 74.6899 32.7588 59.0339 31.7805 33.121 64.0065 47.1482 
58.3912 57.1563 29.1573 58.128 77.0637 40.0 25.2982 60.4073 66.7564 22.3607 82.8635 59.2295 68.0523 101.019 90.0029 72.7805 66.2 28.3196 67.6229 15.0333 106.544 54.626 51.1668 24.6982 54.3185 66.7083 72.1325 86.1564 24.1868 78.1091 83.135 72.3906 34.606 29.2755 102.281 78.5179 75.71 34.228 73.0149 52.2015 80.629 69.0652 74.6899 0.0 57.9311 26.3105 102.264 43.0623 25.0799 44.4072 
19.0454 37.6008 29.2603 40.8546 49.0586 49.1149 34.9077 45.3219 25.4929 70.8013 47.4588 26.6815 28.3961 59.0882 50.19 74.8675 57.6732 59.2445 25.6918 62.2033 64.6127 60.4976 41.121 61.3104 30.8254 49.5933 66.7363 46.0789 45.8878 36.178 44.4005 36.2843 34.2678 28.8087 62.1295 65.8913 57.3964 32.8661 33.3632 34.4293 45.3363 63.4285 32.7588 57.9311 0.0 44.1386 62.1202 19.0454 44.9568 45.9187 
41.1825 60.231 22.1359 34.5416 52.5189 53.2353 35.3553 35.171 50.1199 32.6497 75.5975 53.1507 50.5012 85.0882 69.2538 88.1192 40.6079 15.2315 51.8941 25.2982 91.2414 29.1548 25.7099 18.4391 55.0364 72.7104 46.0 68.6052 43.2203 63.9062 72.4224 64.4229 40.8044 18.2483 83.9526 53.1507 81.5257 39.5601 55.4638 56.4906 73.6109 80.9938 59.0339 26.3105 44.1386 0.0 84.1272 26.0 42.7456 54.4243 
44.1022 68.8765 74.9466 50.1369 36.7696 84.0659 81.0279 55.9464 36.6742 114.746 44.2719 55.8207 35.0 20.5183 21.8403 99.6393 55.6597 98.0198 37.3363 106.262 25.807 81.5414 64.1683 102.023 59.7151 68.0661 61.0 16.4012 92.008 35.0 36.1386 44.1022 80.3881 73.2994 2.23607 49.2544 69.2604 78.9863 46.669 64.2892 44.643 86.4928 31.7805 102.264 62.1202 84.1272 0.0 59.6019 91.077 77.1309 
15.6205 39.541 17.2627 24.017 45.9974 42.4043 27.8927 28.4843 24.4131 55.1543 50.2494 29.6142 25.1877 59.3633 47.1383 76.1555 34.786 41.2311 25.9422 46.6905 65.3682 41.7852 23.4307 43.909 33.2415 52.0 43.327 43.2917 38.6394 37.9473 46.5725 39.1152 27.5572 14.3178 59.4163 45.68 60.0833 26.1555 30.1503 36.3694 48.1664 65.3687 33.121 43.0623 19.0454 26.0 59.6019 0.0 37.855 41.3944 
48.0022 37.1127 22.8254 60.7571 78.1671 15.1327 10.0499 65.192 54.4496 47.0425 59.397 40.1681 57.3529 82.2279 79.2925 48.0833 71.5122 51.1731 54.6486 40.1123 85.6398 70.4039 58.1378 48.3922 34.275 43.4626 79.7057 75.0357 1.41421 59.0172 61.9996 51.2373 16.5529 27.7885 91.0863 82.4201 52.2015 17.088 62.32 31.241 57.28 44.0114 64.0065 25.0799 44.9568 42.7456 91.077 37.855 0.0 20.6155 
48.964 20.3178 32.311 65.1037 78.9773 7.2111 20.0998 69.5709 55.4115 66.7533 41.0488 23.3732 58.3147 65.192 80.1087 34.8281 75.8727 66.2873 46.8122 59.2115 67.9779 79.3221 63.6576 65.3758 17.4642 22.8473 84.4137 65.2591 21.9317 42.1588 44.7772 34.176 13.8924 36.6742 78.1306 86.7667 31.6228 15.2643 63.2819 13.0 39.1152 26.5707 47.1482 44.4072 45.9187 54.4243 77.1309 41.3944 20.6155 0.0 
DEMAND_SCENARIO_SECTION
0 0 0 0 0 0 0 0 0 0 0 0 0 0 0 0 0 0 0 0 0 0 0 0 0 0 0 0 0 0 0 0 0 0 0 0 0 0 0 0 0 0 0 0 0 0 0 0 0 0 0 0 0 0 0 0 0 0 0 0 0 0 0 0 0 0 0 0 0 0 0 0 0 0 0 0 0 0 0 0 0 0 0 0 0 0 0 0 0 0 0 0 0 0 0 0 0 0 0 0 0 0 0 0 0 0 0 0 0 0 0 0 0 0 0 0 0 0 0 0 0 0 0 0 0 0 0 0 0 0 0 0 0 0 0 0 0 0 0 0 0 0 0 0 0 0 0 0 0 0 0 0 0 0 0 0 0 0 0 0 0 0 0 0 0 0 0 0 0 0 0 0 0 0 0 0 0 0 0 0 0 0 0 0 0 0 0 0 0 0 0 0 0 0 0 0 0 0 0 0 
6 7 4 6 10 7 5 0 6 9 9 5 4 4 8 6 3 5 10 6 7 6 4 3 6 6 4 7 7 11 5 3 3 3 7 8 6 4 5 5 6 6 7 6 6 9 7 5 9 6 8 7 10 7 10 6 6 3 5 4 6 7 5 3 5 8 5 7 6 7 2 4 6 6 5 6 5 5 4 6 4 4 6 6 4 7 1 7 8 5 4 8 6 7 6 4 5 7 6 4 7 6 6 5 6 7 8 8 8 5 6 5 8 6 7 8 6 6 8 7 3 7 8 3 7 8 9 5 11 4 7 4 7 4 4 6 3 10 7 8 4 7 5 4 5 9 5 3 7 6 8 7 4 5 8 7 2 9 6 5 6 5 8 6 4 7 7 5 7 3 3 6 5 4 7 5 4 7 6 4 3 4 5 8 8 5 6 6 5 2 10 9 11 4 7 4 8 9 3 4 
7 13 9 7 11 8 7 7 11 6 13 8 8 9 7 6 11 8 8 6 12 11 6 1 10 9 9 7 14 8 4 13 5 10 11 8 10 6 6 10 8 10 12 9 10 9 6 5 10 11 14 10 8 13 10 3 12 10 8 8 5 10 9 7 8 10 10 13 6 5 5 10 7 12 9 3 11 10 10 10 6 8 6 14 9 5 10 12 5 9 5 10 5 5 10 9 11 6 4 13 5 8 10 15 10 5 7 12 8 8 2 8 2 6 10 14 11 9 6 8 9 6 11 5 6 6 5 7 8 8 7 10 8 11 6 8 9 4 11 10 5 9 6 7 6 9 3 7 3 9 8 9 9 7 6 9 7 9 11 6 2 7 11 11 6 8 10 8 6 11 8 7 7 9 8 7 8 4 7 14 12 10 4 10 10 12 8 8 8 6 5 6 7 14 9 11 8 7 5 11 
5 5 5 6 6 5 5 5 8 4 5 4 4 3 7 6 4 5 5 7 6 6 4 7 5 5 5 8 4 6 7 5 4 6 7 4 5 6 6 5 5 4 6 5 6 7 8 6 4 4 6 3 6 5 4 2 6 5 4 6 7 8 3 4 2 6 4 5 3 3 7 4 5 3 5 3 6 8 7 8 6 5 4 6 5 5 4 5 5 8 5 7 7 5 6 4 6 8 5 9 4 5 3 2 5 4 3 6 6 5 7 5 6 7 6 6 6 7 5 1 6 6 3 5 6 5 4 5 6 5 3 5 7 5 6 4 3 7 4 3 5 5 5 4 5 5 6 5 3 3 9 5 3 5 6 6 6 4 4 5 2 3 2 4 6 5 6 7 4 4 7 7 3 5 4 7 4 7 7 7 7 5 5 5 5 9 3 5 7 6 5 3 5 5 8 5 4 6 6 3 
2 2 1 2 1 1 4 3 1 2 3 1 4 2 2 2 1 2 2 1 2 2 2 2 2 3 1 1 3 2 1 1 2 3 1 3 2 2 1 2 2 1 1 1 2 2 2 3 2 1 4 2 2 3 2 3 2 2 2 2 3 2 2 1 2 3 2 3 3 2 2 3 2 2 3 1 2 2 3 2 3 2 2 2 1 2 2 2 2 2 2 2 1 1 2 1 1 1 2 2 2 2 2 1 1 3 2 2 1 2 1 3 2 3 2 1 2 1 2 4 2 2 2 2 3 1 1 3 3 2 3 3 2 2 2 2 2 3 3 2 4 2 1 2 2 3 2 2 1 3 3 2 3 2 2 2 2 2 1 1 2 2 3 2 2 1 3 1 1 3 3 1 2 2 3 2 2 2 1 2 2 2 2 2 3 1 2 3 2 2 3 1 1 1 2 2 1 2 3 2 
7 5 5 8 9 11 6 8 4 3 7 8 2 5 5 8 9 7 4 6 5 7 4 7 6 7 6 5 5 4 9 6 6 6 4 5 6 4 6 5 7 9 3 10 3 4 4 4 6 4 6 7 4 5 8 7 5 9 4 3 6 2 7 8 9 4 7 6 11 8 4 6 10 7 10 6 5 6 7 7 5 6 6 6 5 8 6 8 8 3 6 6 7 10 5 3 4 4 3 8 6 4 10 3 5 4 1 9 9 10 7 5 5 8 7 7 4 6 10 5 5 5 8 9 3 8 5 7 6 3 8 6 9 9 5 8 9 7 4 9 3 6 3 8 8 5 7 8 8 6 4 8 5 4 5 5 3 4 3 5 6 8 8 2 5 3 4 10 8 6 3 7 6 6 4 6 7 5 8 6 6 7 6 6 5 5 8 6 10 6 5 6 6 12 6 6 1 12 8 4 
10 12 14 6 13 12 8 6 7 9 9 2 9 1 11 8 15 12 6 7 9 9 1 11 8 7 7 9 4 9 8 9 5 13 10 10 11 13 9 10 15 6 9 10 5 10 13 10 11 8 9 10 9 14 14 4 6 15 7 12 10 9 10 10 11 8 6 8 4 13 10 8 7 5 14 10 6 11 7 11 11 9 9 2 11 8 12 13 6 3 8 6 9 8 10 9 10 6 9 8 10 9 12 9 7 12 11 8 7 9 13 8 14 12 9 11 14 6 6 7 7 13 9 6 4 10 7 9 9 5 13 5 14 8 9 12 6 8 7 10 11 10 10 4 5 11 4 11 7 8 13 8 5 10 10 7 8 14 15 12 12 6 5 8 10 8 9 10 8 8 6 7 9 5 11 9 12 8 6 9 10 7 4 7 8 10 10 10 6 11 11 12 7 10 5 6 8 11 11 9 
1 2 1 1 3 3 2 2 2 3 3 2 2 2 3 2 3 2 3 2 1 2 2 2 2 1 2 2 2 2 3 2 2 2 2 1 2 3 1 2 2 1 1 2 2 1 2 2 2 2 2 4 2 2 2 2 2 2 1 2 1 3 2 3 2 1 3 2 3 3 2 4 2 2 2 2 2 1 1 2 1 1 3 1 2 1 1 3 1 1 1 3 1 2 2 2 2 2 2 2 2 2 2 2 2 1 1 2 3 2 3 2 3 2 2 2 3 2 1 2 2 2 1 3 3 2 2 2 3 2 3 2 2 1 3 4 1 2 2 1 2 1 2 2 2 3 2 2 2 3 2 3 1 1 3 2 1 2 2 2 2 2 1 3 2 2 2 3 1 2 3 2 1 2 2 2 3 2 1 2 2 2 2 2 1 1 3 1 3 2 2 3 2 2 2 1 1 2 2 2 
4 3 2 4 4 4 3 2 3 3 4 2 4 4 3 4 3 3 3 4 3 2 2 4 2 5 3 3 2 2 4 4 3 3 4 3 4 3 3 2 2 2 3 4 2 2 3 3 5 4 3 3 3 4 2 3 5 3 3 3 2 3 4 3 2 4 1 3 3 3 2 5 3 4 2 3 3 1 3 4 3 5 4 3 2 4 3 3 4 4 4 2 3 4 4 1 3 3 1 2 1 3 2 3 3 2 2 3 4 3 3 3 4 4 4 3 3 1 4 5 4 4 4 3 5 4 3 3 3 2 4 4 3 3 4 3 5 3 5 5 4 4 2 2 4 2 4 1 2 3 6 3 4 4 3 2 3 3 4 4 3 3 3 5 1 3 2 3 2 2 3 3 1 4 4 3 2 1 5 4 3 2 2 1 4 3 5 6 2 2 3 4 3 2 3 4 1 3 3 5 
4 5 3 4 2 4 3 3 3 2 3 4 4 3 3 3 4 4 1 4 3 3 4 3 2 4 5 2 4 4 5 4 2 3 3 2 2 3 4 4 4 5 3 2 3 2 1 2 3 4 1 3 4 3 4 1 4 4 3 4 2 3 4 2 2 2 4 2 3 1 3 4 4 4 3 3 3 5 3 3 2 4 1 4 1 3 3 4 4 5 2 3 4 3 5 3 4 2 4 2 2 4 2 2 3 5 2 1 2 3 4 4 4 3 3 3 2 4 4 4 3 2 6 2 2 3 4 4 3 4 2 4 5 3 3 3 3 3 2 4 4 2 4 3 4 4 3 4 3 3 2 3 3 3 2 4 3 2 4 3 2 4 4 3 3 5 2 5 2 5 1 3 3 3 3 3 3 3 3 3 4 3 4 2 2 3 3 3 3 2 4 3 4 2 1 4 2 1 3 2 
8 6 6 10 9 11 11 8 12 13 8 14 13 14 9 12 13 11 15 12 11 17 6 10 13 14 10 7 8 6 9 7 7 12 8 8 5 14 9 10 10 12 9 14 9 12 12 10 6 8 11 9 14 13 6 6 9 8 6 12 11 8 11 9 8 9 5 12 9 14 9 12 8 10 13 11 7 14 11 7 7 6 10 10 7 12 10 8 9 10 10 11 14 13 12 16 12 10 14 12 9 11 10 10 13 8 14 8 13 5 12 7 11 12 11 8 12 10 5 8 7 8 10 7 10 17 6 12 8 11 7 12 9 10 12 8 7 11 12 7 6 14 12 13 12 0 4 13 16 5 8 9 15 10 12 9 4 10 6 7 12 15 12 3 11 7 10 15 9 12 14 10 6 10 12 7 11 11 16 12 12 9 14 10 9 9 11 7 13 14 7 12 8 11 12 10 11 7 14 8 
3 2 3 4 5 3 3 3 3 2 4 2 2 3 4 4 3 1 4 1 2 2 3 3 2 2 3 4 5 6 3 3 2 4 3 3 3 3 3 3 4 4 1 2 2 2 3 3 3 4 3 3 2 2 3 3 4 2 4 3 4 3 2 3 3 3 3 3 3 4 4 3 2 1 2 1 2 5 3 1 2 3 4 5 3 3 2 2 5 3 4 3 3 2 4 3 4 4 5 2 4 4 2 2 2 2 2 2 4 3 2 3 3 3 2 3 3 2 2 4 4 3 2 4 2 3 5 2 2 1 4 6 3 2 2 1 2 3 3 4 4 2 2 3 3 4 3 2 4 3 1 4 4 4 3 3 4 4 4 1 2 3 2 4 2 1 3 1 3 4 4 4 2 3 3 3 2 3 3 4 3 3 2 2 3 2 4 3 4 5 3 5 2 4 2 3 1 4 5 3 
9 13 11 3 12 5 4 11 4 9 9 10 9 15 7 6 13 10 14 11 8 8 9 7 13 12 11 13 9 9 9 13 6 8 11 6 9 11 13 14 9 10 9 9 11 7 12 10 13 7 12 6 13 12 8 13 6 6 8 6 7 13 7 10 10 11 9 14 14 9 9 14 6 11 8 12 5 8 9 4 11 5 7 7 7 11 5 10 9 5 10 10 6 12 10 7 2 8 11 11 8 9 10 4 14 10 13 5 12 5 7 9 7 12 7 13 6 13 9 9 7 3 8 7 5 12 6 13 7 9 11 8 6 9 7 11 10 6 9 4 6 12 12 14 8 9 10 13 14 7 11 7 11 8 14 8 6 11 9 11 8 8 4 12 10 12 11 10 5 10 6 7 7 12 6 12 14 9 12 7 9 9 6 9 9 10 14 8 15 12 3 9 6 7 6 3 13 9 10 11 
6 5 7 10 7 3 10 9 6 2 8 8 6 9 10 11 2 9 8 13 10 8 8 10 4 13 6 9 3 7 11 7 10 9 9 11 12 11 11 8 15 2 16 12 4 8 4 6 7 6 8 10 7 6 7 13 5 10 9 8 8 11 5 7 13 7 7 10 7 2 9 7 8 10 9 4 8 8 8 12 7 7 3 8 10 5 11 10 5 5 10 5 12 12 6 12 10 2 5 13 12 5 6 2 14 2 5 10 7 5 6 7 10 6 6 12 6 8 9 9 7 10 7 5 10 10 8 9 10 10 5 8 4 7 8 9 11 7 7 9 6 8 8 8 9 6 6 9 9 7 5 7 11 4 12 8 3 13 6 7 8 9 15 8 8 7 2 11 13 8 3 7 11 7 10 10 7 9 12 7 9 11 12 7 6 7 13 6 3 11 9 12 12 8 8 8 6 11 9 9 
11 3 9 2 6 5 12 13 9 14 7 8 17 11 9 15 7 9 9 7 9 11 14 15 11 5 8 11 10 11 10 2 10 12 13 9 5 13 6 7 5 4 5 13 7 10 6 13 8 7 7 5 5 9 3 7 11 8 6 10 5 10 9 9 7 12 10 11 14 2 9 11 13 12 8 6 17 11 13 9 7 6 13 11 8 10 10 8 7 7 10 8 6 3 10 10 7 13 8 10 17 10 6 9 4 4 10 7 9 9 6 12 6 7 10 11 4 11 9 6 6 11 9 9 6 11 6 16 6 7 6 7 8 9 10 11 10 15 14 16 12 5 8 5 5 6 18 7 11 10 1 4 11 7 10 12 11 9 11 6 10 8 7 5 7 9 5 5 11 10 10 5 10 8 9 7 9 7 8 10 12 10 10 14 10 9 15 7 9 11 10 9 6 7 7 13 6 10 4 9 
1 1 0 1 1 1 2 1 1 1 0 1 1 1 1 1 0 1 1 0 1 2 1 1 1 1 1 1 1 1 1 1 1 1 2 1 1 1 1 1 1 1 1 1 1 0 1 1 1 1 1 1 1 1 1 1 1 1 1 1 0 1 1 1 1 1 1 1 1 1 2 1 1 1 1 1 1 1 0 1 1 1 1 1 1 1 1 2 1 2 1 1 1 1 1 1 1 1 0 1 0 1 1 0 1 1 1 2 1 1 0 1 0 1 1 1 1 0 2 1 2 1 1 1 1 1 2 1 2 1 1 1 1 1 1 0 1 1 1 1 1 1 1 1 1 1 1 1 1 1 1 2 1 1 1 1 0 1 1 1 1 1 1 1 0 1 1 1 1 1 1 1 2 1 1 1 1 1 1 1 1 0 1 1 1 1 1 1 1 0 1 0 1 1 1 1 1 1 1 1 
0 1 1 1 1 1 1 1 1 1 2 1 1 1 1 1 0 1 1 1 1 1 1 1 1 1 0 1 1 1 1 1 1 1 1 1 1 1 1 1 1 1 0 1 1 1 1 2 1 1 1 1 1 1 1 1 1 2 0 1 1 1 1 1 1 1 0 1 1 1 1 1 2 1 1 1 1 1 1 1 1 0 1 1 1 1 1 1 1 2 1 1 1 1 1 1 1 1 1 1 1 1 1 1 1 1 1 1 1 1 1 1 1 0 1 1 1 1 1 1 0 1 1 1 1 0 1 1 1 1 1 1 1 0 1 1 1 0 1 1 1 0 1 1 1 2 1 1 1 1 1 1 1 1 1 1 1 0 1 2 1 1 1 1 1 1 1 1 1 1 2 1 1 1 1 2 1 1 1 2 1 2 1 1 1 0 1 1 1 1 0 1 1 0 1 1 0 1 1 1 
5 4 4 6 8 4 7 5 5 4 5 6 3 6 5 6 5 9 3 6 5 6 7 8 4 5 6 7 2 5 5 5 5 5 8 2 7 4 3 5 5 6 4 8 4 6 2 4 9 3 5 3 8 6 3 7 6 6 5 5 3 2 7 4 6 5 4 3 4 5 5 6 4 6 4 5 3 3 6 4 4 9 3 4 5 5 9 6 5 6 3 3 5 4 4 5 6 5 6 6 5 3 2 6 8 3 2 2 4 8 1 8 4 4 7 4 2 6 7 8 6 5 8 4 6 4 5 2 5 7 3 6 6 6 6 2 4 7 5 7 6 7 6 6 2 6 5 5 6 6 5 5 5 5 4 3 5 3 5 2 4 2 6 6 6 2 7 3 4 6 3 5 4 7 4 2 7 3 4 5 3 5 3 3 9 4 6 8 8 4 3 6 7 4 5 9 6 5 6 6 
3 6 2 3 6 4 4 4 4 5 2 3 4 3 4 5 4 6 5 4 3 4 2 6 5 4 5 4 3 6 2 6 5 2 4 2 5 3 4 5 4 5 6 2 5 3 4 8 6 3 3 5 2 5 3 6 5 4 4 6 6 4 4 4 3 4 6 1 6 4 4 4 3 4 4 3 3 5 2 4 3 5 5 4 3 4 4 4 4 5 3 3 4 2 4 3 3 4 2 3 6 5 4 4 5 4 5 4 4 3 5 5 4 4 4 3 4 6 3 4 4 3 4 2 4 3 5 5 6 5 6 4 6 5 7 6 3 3 5 2 6 1 6 4 3 5 5 6 6 3 3 6 5 1 5 6 5 3 3 3 4 5 5 5 4 3 3 3 4 5 6 4 2 6 3 5 3 4 5 5 1 4 4 3 3 4 5 2 3 4 4 3 4 4 4 5 3 4 2 3 
5 2 1 3 4 5 8 8 2 5 9 5 7 6 4 5 7 1 4 5 3 5 7 5 5 4 3 4 2 7 5 9 4 6 6 8 5 6 3 6 7 2 8 4 7 6 5 2 5 7 5 7 2 5 6 8 6 3 5 3 5 4 7 4 6 1 4 4 4 5 7 5 3 2 3 5 4 6 3 3 10 6 3 4 7 7 6 7 4 5 4 5 6 6 6 7 5 8 3 6 6 6 6 1 4 6 3 5 9 3 6 5 5 3 3 6 5 6 6 2 6 6 4 3 5 8 5 5 9 6 6 6 2 3 6 4 4 3 5 6 3 5 4 2 6 5 5 4 8 5 4 5 3 6 4 4 7 3 6 4 4 3 8 8 9 2 5 5 5 5 7 3 6 7 6 3 4 6 4 2 7 2 3 6 4 2 5 10 5 6 5 6 7 5 5 7 7 10 5 7 
6 2 6 6 4 5 5 5 5 4 5 6 5 4 4 6 10 5 5 4 5 4 4 2 7 5 7 8 4 4 4 3 7 6 5 4 3 4 2 5 5 4 3 4 7 6 7 8 3 5 4 6 7 5 4 7 7 7 5 3 4 5 6 3 6 5 3 5 5 3 3 4 4 8 7 3 4 6 7 5 3 7 5 5 5 6 9 6 4 6 5 3 4 5 6 3 6 3 6 7 1 2 3 7 7 8 5 4 5 4 6 6 5 5 6 3 6 7 2 5 6 5 4 7 7 5 6 3 3 2 6 5 5 5 3 6 6 4 4 3 4 4 5 6 8 6 6 5 5 2 3 5 7 7 2 5 6 9 1 8 8 5 5 5 4 5 4 6 6 8 6 5 5 4 4 3 5 5 5 6 3 5 7 5 7 5 2 3 5 4 6 5 6 6 3 4 7 5 8 5 
9 5 2 6 4 5 6 5 6 8 5 8 9 7 7 6 6 8 3 7 6 7 6 8 4 4 5 7 5 6 7 8 7 8 10 7 10 10 6 9 7 6 5 4 8 4 5 6 7 5 7 4 7 8 6 5 6 6 4 9 6 7 3 7 7 5 8 8 5 4 7 6 8 7 7 5 5 7 5 7 7 4 6 4 8 9 7 5 1 12 6 8 4 5 4 6 7 6 6 9 6 7 7 7 6 6 4 6 7 4 7 7 3 6 6 6 8 7 5 3 3 5 4 7 7 9 8 6 6 2 4 6 9 3 9 1 7 5 4 9 4 7 5 8 5 7 3 8 8 5 7 7 6 5 6 6 3 4 7 5 6 6 4 6 4 9 9 7 4 5 5 9 7 5 7 5 6 4 5 7 4 6 7 6 0 7 5 5 6 7 9 6 5 3 5 5 2 7 4 9 
1 2 1 1 1 1 2 1 1 1 2 1 1 1 1 1 2 1 1 1 1 0 1 1 1 1 1 1 1 1 1 1 1 1 1 1 1 1 1 1 1 0 1 1 1 0 1 1 1 1 0 1 0 1 0 2 1 1 1 1 1 1 0 1 1 1 0 1 1 1 1 1 1 1 1 1 0 1 1 1 1 1 1 1 1 1 2 1 1 1 1 1 1 1 1 1 0 1 0 1 1 1 1 1 1 1 1 1 1 1 1 1 1 2 0 1 1 2 1 1 1 1 1 1 2 1 1 1 1 1 2 1 1 1 1 0 1 1 1 1 1 1 1 1 1 1 1 2 2 2 1 2 1 1 1 1 1 1 1 0 2 1 1 1 1 1 1 1 1 1 1 1 1 1 1 1 1 1 1 1 1 1 1 1 1 1 1 1 1 1 1 1 1 1 1 1 1 1 1 1 
5 4 5 7 5 6 4 8 8 7 9 4 11 10 7 8 6 7 9 7 9 11 11 9 5 6 12 11 7 0 6 7 7 11 9 8 10 7 10 3 8 9 8 6 6 5 10 7 7 9 11 12 5 8 9 7 12 5 11 7 6 10 9 6 9 5 10 6 5 11 9 10 8 9 9 7 8 13 9 10 11 11 9 9 10 8 9 7 7 10 9 11 3 7 8 10 4 10 10 6 8 7 11 10 13 9 9 10 9 6 8 11 7 8 6 9 12 8 4 10 10 5 10 4 9 8 10 8 5 8 8 4 11 13 9 12 10 5 9 8 10 3 11 6 6 10 8 10 8 9 7 9 4 9 5 4 5 9 8 6 5 11 13 12 14 17 5 9 8 3 13 3 8 10 11 7 10 12 8 8 8 9 9 4 11 10 10 3 10 8 11 4 7 6 6 9 11 9 5 12 
8 7 10 7 5 10 11 7 2 7 8 7 4 7 4 8 6 5 8 5 3 7 8 7 4 8 7 8 7 6 8 5 5 5 6 4 5 7 3 6 5 9 7 10 8 8 6 9 6 7 4 6 7 6 4 8 3 7 7 9 4 3 6 4 7 4 3 8 2 5 5 5 6 6 6 6 5 8 4 10 7 4 6 6 9 5 5 7 7 8 5 5 5 9 7 3 8 7 5 9 5 3 7 9 1 5 2 4 5 6 11 6 4 5 6 2 5 6 6 5 5 5 8 6 6 7 7 5 7 3 6 3 4 4 4 8 8 5 2 3 7 5 8 5 6 7 8 7 2 4 8 8 6 7 6 4 6 6 9 5 8 7 6 10 11 10 9 7 3 9 9 4 5 5 6 4 6 8 6 6 6 7 8 5 8 4 7 6 4 6 7 7 4 8 5 5 5 7 4 5 
7 5 9 3 6 4 7 5 4 6 4 5 7 3 6 7 6 7 4 4 8 4 5 6 5 4 5 5 7 4 5 2 7 6 4 7 4 3 5 3 7 4 5 3 4 3 5 5 7 5 6 4 5 5 5 6 7 2 5 8 4 4 8 5 4 6 3 5 4 5 5 5 4 3 6 5 6 5 6 6 8 7 3 6 7 8 6 6 2 5 4 6 5 8 3 5 5 6 4 3 4 7 3 4 5 6 5 7 3 6 6 6 7 4 7 1 3 3 6 3 4 4 3 8 5 5 6 4 6 2 5 5 6 3 5 3 6 5 1 6 6 4 5 6 8 5 6 4 6 7 6 3 5 7 3 6 4 4 5 8 6 4 3 7 3 4 5 8 6 2 6 5 5 4 6 5 4 3 7 8 4 6 5 2 9 4 6 2 6 1 7 7 4 6 6 3 5 5 5 3 
12 5 9 5 12 10 9 7 11 11 7 10 11 8 7 10 9 6 2 5 5 7 8 9 9 9 8 12 10 12 8 7 10 7 9 10 9 9 8 8 7 9 7 9 10 12 5 13 5 6 12 6 10 3 12 5 6 8 12 12 8 9 12 11 12 8 6 6 10 11 8 14 9 11 7 7 9 8 10 9 9 8 8 8 5 4 9 7 7 7 13 8 11 8 9 5 6 10 7 8 9 6 8 12 10 11 8 7 6 3 7 6 12 9 13 7 7 11 8 7 11 8 2 8 11 10 10 9 3 9 9 7 6 13 10 10 7 6 4 7 9 8 10 8 4 9 8 9 12 12 4 11 11 6 6 11 10 10 7 11 10 8 2 6 6 8 11 8 9 6 11 9 7 6 9 6 9 9 7 8 7 9 11 3 7 6 6 10 12 13 4 5 8 3 11 7 9 9 11 14 
9 11 7 10 9 7 9 6 14 4 7 6 7 1 11 11 7 7 9 11 9 6 15 9 5 10 7 10 6 0 9 11 9 9 7 8 11 7 4 8 7 11 7 10 9 3 7 9 10 3 7 5 12 9 4 6 10 7 11 11 3 5 7 8 8 11 9 8 8 6 5 9 6 12 5 10 6 7 6 6 5 11 5 10 8 7 12 12 7 12 6 8 4 7 13 10 8 5 6 6 10 6 6 6 6 4 6 6 6 7 9 6 7 12 12 6 10 10 9 7 7 6 11 13 8 6 10 7 4 7 10 9 5 7 5 5 8 11 13 12 9 10 7 4 8 5 9 7 5 13 5 11 12 4 8 11 8 14 8 8 9 9 8 6 10 6 12 11 8 7 6 8 4 11 6 6 13 13 10 4 9 6 3 10 13 12 6 7 9 6 10 5 7 9 4 9 10 11 10 6 
5 6 4 6 3 4 4 3 4 3 0 4 4 3 5 5 4 5 4 3 4 6 4 5 7 3 5 5 5 5 4 4 4 4 6 6 2 2 4 6 4 4 5 4 4 2 4 5 2 3 2 5 1 2 5 5 4 4 5 3 3 4 5 2 3 4 3 4 5 4 3 2 3 6 4 4 5 4 6 5 3 6 4 3 2 4 3 3 7 5 2 6 3 6 4 2 3 5 2 4 5 3 0 5 4 6 5 4 6 6 7 5 4 4 3 3 5 3 3 4 4 6 2 5 4 4 5 5 5 1 4 4 1 3 5 2 3 3 3 3 3 5 4 4 3 5 4 4 2 5 6 5 2 4 5 5 2 3 3 1 4 2 5 4 4 2 5 4 5 3 4 7 4 5 1 3 3 4 5 4 4 5 4 5 5 3 5 5 4 4 3 5 6 3 7 4 3 6 4 2 
3 2 4 2 3 2 3 3 6 3 5 4 3 2 2 4 4 2 4 2 3 2 5 2 2 3 4 4 3 3 3 2 3 3 2 3 4 4 4 4 3 3 4 2 2 5 3 0 3 3 5 6 3 5 2 5 2 2 2 5 3 3 3 1 0 5 2 6 2 4 4 3 2 3 2 4 4 2 2 1 1 7 4 4 3 5 3 2 3 4 2 3 2 3 3 4 3 3 5 3 1 3 2 3 5 3 3 3 5 4 2 3 2 3 5 1 2 2 2 2 3 4 3 2 3 2 2 3 3 3 3 2 3 4 5 3 3 3 0 3 4 3 4 4 3 3 2 3 4 4 2 3 2 3 3 4 1 3 4 2 1 4 3 3 4 3 2 3 2 3 3 3 3 1 3 2 3 5 4 3 2 3 3 4 3 3 4 0 3 4 3 4 2 4 3 3 3 3 3 2 
3 1 3 4 3 3 2 4 2 4 3 3 4 4 2 4 4 3 4 2 3 3 5 4 1 3 3 3 4 5 4 2 2 3 3 3 5 3 3 4 4 4 3 2 4 4 3 3 4 3 4 1 3 3 3 5 3 1 1 4 4 4 2 3 3 2 4 3 1 4 2 4 3 4 3 1 2 3 4 3 2 2 4 3 3 2 2 1 4 3 5 4 2 4 4 2 3 3 1 4 6 4 3 2 3 2 3 5 3 3 1 1 4 2 4 4 4 4 5 3 3 4 4 4 1 2 4 1 2 3 2 1 2 3 3 3 4 3 3 2 3 3 3 3 3 3 4 4 2 3 2 2 3 2 4 3 2 4 3 2 3 2 4 3 2 2 3 3 4 3 4 1 3 4 3 4 1 3 1 4 3 2 4 3 1 4 3 3 3 7 2 2 2 3 2 2 3 4 3 1 
6 6 3 4 4 4 4 5 4 2 2 6 4 3 3 5 5 2 3 4 5 2 5 4 4 6 4 6 5 2 4 2 2 3 3 2 6 5 2 5 6 5 6 4 4 4 3 3 4 6 2 4 3 5 3 5 5 4 4 5 3 3 7 6 3 6 5 4 3 4 6 2 6 2 6 4 4 6 3 4 3 4 4 7 5 3 4 2 4 5 4 4 5 5 5 2 6 5 4 6 8 6 3 5 3 3 4 4 4 6 3 4 6 2 3 1 4 4 4 4 2 4 5 6 4 4 5 4 5 5 3 3 6 4 3 1 2 1 6 4 5 4 5 2 4 6 4 4 3 6 3 3 4 4 2 6 3 4 4 4 4 4 5 4 4 3 4 4 3 0 8 5 3 6 4 3 2 3 4 6 4 4 4 2 6 2 4 4 5 5 3 5 5 5 6 1 3 3 3 6 
18 10 9 14 12 6 18 5 11 8 0 4 13 9 7 8 7 6 9 7 9 11 7 11 11 9 12 9 8 11 11 1 12 11 9 6 12 10 9 8 10 8 5 6 0 3 10 10 7 11 13 8 14 4 4 9 15 15 12 13 12 12 6 6 6 9 11 7 10 11 10 14 4 9 10 11 5 11 18 5 3 17 9 2 12 12 5 8 10 12 10 15 12 6 9 17 11 7 8 10 12 11 11 11 11 6 9 12 9 11 12 18 7 12 13 11 6 8 12 5 12 15 6 13 9 8 14 3 7 11 7 14 7 7 8 10 9 9 12 10 12 5 6 7 14 9 11 15 12 9 6 12 6 12 7 10 12 12 10 9 5 14 16 8 10 8 12 8 15 18 9 6 9 15 11 7 9 17 10 18 6 7 12 5 8 13 12 11 12 5 12 14 5 10 8 8 9 9 11 9 
7 5 2 5 0 6 5 7 3 6 4 2 5 7 8 1 6 5 4 6 7 3 9 3 8 2 6 4 6 6 4 5 4 7 5 4 5 6 5 4 6 6 8 6 6 10 6 7 4 3 5 7 3 4 2 5 5 4 6 3 5 3 2 4 4 3 4 4 3 8 6 6 4 6 4 4 6 5 7 4 7 6 8 7 5 2 4 5 8 8 8 5 7 6 7 4 7 2 5 4 2 7 7 8 5 4 2 1 5 2 6 6 5 5 4 5 5 4 3 6 5 4 6 7 4 2 3 3 5 5 5 3 4 4 5 6 4 10 7 3 5 3 4 6 3 6 6 5 5 5 7 6 6 7 6 5 6 6 9 6 6 4 2 7 2 4 4 7 5 5 7 7 7 4 5 6 5 5 5 5 4 1 4 5 5 7 7 5 5 6 6 3 8 3 6 6 5 5 5 3 
8 6 8 4 7 9 7 8 7 5 8 3 12 1 12 12 11 6 6 9 7 9 10 5 3 7 6 12 7 3 10 6 10 5 1 5 3 6 6 7 8 6 4 6 11 7 7 10 6 8 12 6 10 7 8 6 6 13 7 9 6 6 7 6 7 8 8 5 4 8 5 10 6 7 7 5 5 9 8 9 8 6 5 12 10 4 9 5 1 9 6 8 4 5 2 7 7 7 8 6 7 5 8 5 12 8 5 9 4 5 5 6 5 9 7 10 8 7 8 4 6 7 8 11 10 5 9 7 9 4 8 8 11 3 6 9 6 6 4 11 10 3 5 3 5 6 9 4 9 5 11 1 8 7 9 7 7 6 8 2 7 8 9 8 7 5 10 10 10 7 5 5 6 4 3 8 9 6 5 12 7 11 6 7 3 5 7 6 6 4 10 13 11 5 9 5 6 11 10 9 
1 1 1 1 1 1 1 1 1 1 1 0 1 0 1 1 1 1 0 1 1 1 0 1 1 1 1 2 1 1 1 1 1 1 1 1 1 2 1 1 1 1 1 1 1 1 2 1 2 1 1 1 1 1 1 1 0 1 1 1 1 1 1 1 1 1 1 1 1 1 1 1 0 1 1 1 1 1 0 1 1 1 1 2 1 1 1 1 0 0 1 0 1 1 1 1 2 1 1 1 1 1 2 1 1 1 1 1 1 1 1 1 1 1 1 1 1 1 1 1 1 1 1 1 1 1 1 0 1 1 2 1 1 1 1 1 1 1 1 1 1 1 1 1 1 2 2 1 1 1 1 1 2 1 1 1 1 1 1 1 1 1 1 1 1 2 2 0 0 0 1 1 1 1 1 1 1 1 1 2 1 1 0 1 1 1 1 1 1 1 1 1 1 1 1 1 1 1 1 1 
8 10 14 7 13 10 12 8 13 10 14 15 7 13 14 9 9 12 11 9 6 9 8 9 15 8 11 5 13 13 13 3 12 14 9 11 14 18 6 5 13 7 15 14 8 8 13 2 15 16 13 12 9 13 12 11 11 11 11 12 12 4 11 13 18 18 4 10 5 13 10 9 16 7 9 9 6 8 8 5 13 7 13 9 11 10 12 10 16 5 14 16 19 12 4 13 11 12 9 7 10 6 13 13 7 7 13 12 11 10 1 11 10 5 7 14 14 11 10 10 8 11 13 7 5 11 4 9 12 14 8 7 8 5 11 5 6 7 12 9 11 8 9 8 14 9 12 6 8 11 10 7 8 10 11 9 8 9 7 15 5 11 23 9 10 7 7 14 16 11 8 9 1 17 14 14 12 11 15 10 12 4 6 6 14 6 12 11 6 15 11 16 10 11 10 10 8 12 11 8 
2 5 5 3 3 2 6 4 6 3 6 5 8 7 5 4 3 6 3 5 6 4 4 3 5 6 1 6 1 9 3 5 6 6 4 6 4 2 7 4 7 4 7 5 2 7 5 5 6 5 5 5 3 6 7 6 7 6 4 6 7 3 2 7 6 9 5 5 3 3 2 4 6 2 5 2 6 3 5 3 5 4 6 5 5 5 5 4 4 8 5 5 7 5 4 6 4 5 6 7 7 4 5 6 7 6 8 7 8 4 3 6 4 5 4 6 5 3 4 5 3 5 5 8 4 7 4 5 5 5 6 6 6 4 7 7 5 4 2 6 5 7 8 3 5 7 4 6 3 5 4 1 3 4 3 6 6 7 6 6 5 5 5 6 3 5 5 6 3 5 3 3 7 4 5 5 7 6 4 4 5 6 3 7 4 5 10 2 5 5 5 4 6 3 5 3 8 2 5 6 
6 8 13 11 11 8 12 11 14 9 11 12 5 16 4 15 10 12 13 9 8 9 9 6 15 8 9 13 7 17 9 10 12 10 10 16 12 5 10 7 6 5 14 11 14 3 9 11 8 13 10 13 13 9 14 9 15 12 13 16 7 11 10 5 9 11 8 10 8 10 5 16 11 7 12 15 12 7 10 5 14 10 5 12 13 8 11 9 11 9 5 17 12 10 9 16 10 10 11 12 8 7 11 7 9 13 11 8 14 11 10 17 17 2 12 16 10 13 8 4 9 7 12 4 0 9 12 11 11 9 13 8 13 8 5 8 14 10 16 10 11 6 9 10 9 8 10 15 9 12 7 11 15 9 17 8 15 8 12 9 14 10 18 7 14 12 5 5 14 13 10 12 16 12 10 9 7 9 12 6 15 10 16 14 12 8 12 6 5 11 13 10 12 9 9 6 7 9 12 5 
4 2 4 3 2 5 4 5 4 3 5 5 3 3 3 5 4 5 6 3 3 4 4 3 4 6 4 4 5 5 4 3 3 5 3 5 3 4 4 4 6 3 4 2 3 5 1 4 1 6 3 5 6 4 4 2 3 5 1 3 5 4 2 3 4 5 3 2 6 5 4 6 2 2 2 5 3 6 1 4 3 5 5 4 3 4 4 3 6 2 5 4 3 3 5 3 5 4 4 3 4 4 3 3 2 4 3 5 3 5 6 3 4 4 2 5 6 5 4 6 3 5 5 4 3 3 4 3 2 4 4 6 3 3 6 6 5 4 6 5 6 6 4 3 5 5 3 6 3 4 2 2 5 4 3 5 5 4 3 6 5 3 4 4 6 4 5 7 2 3 4 7 4 5 4 1 6 3 4 6 1 5 7 2 1 4 3 5 2 4 3 5 3 5 4 4 4 5 5 4 
2 4 3 3 4 5 2 4 6 3 3 3 4 5 3 6 4 2 4 3 2 1 5 5 5 3 4 6 5 4 3 7 4 4 1 2 3 5 5 4 4 4 3 4 5 5 4 4 5 3 3 5 5 6 2 2 4 3 4 5 4 5 3 5 3 3 5 2 3 3 5 5 5 2 3 4 3 5 7 5 4 3 7 5 4 5 3 4 4 6 3 5 3 4 3 3 4 5 6 5 5 4 3 4 4 4 3 4 3 5 3 3 5 2 6 2 1 4 4 2 5 2 2 6 5 4 2 5 6 5 5 5 5 0 5 4 6 4 6 3 8 8 6 5 2 5 6 3 7 3 2 4 4 2 4 7 4 5 6 6 2 2 4 5 3 6 4 5 4 4 6 6 3 4 3 6 4 4 6 3 6 3 5 3 5 4 2 4 3 7 3 5 4 0 6 6 5 5 5 4 
3 8 8 10 8 6 8 4 6 5 4 10 10 4 10 3 8 3 6 7 8 4 5 7 6 6 8 9 4 6 12 2 10 11 6 7 7 6 7 3 9 6 9 5 7 5 5 3 9 8 3 11 6 8 5 5 8 11 6 7 11 9 8 5 5 8 6 3 8 5 8 4 5 4 8 7 5 7 4 3 7 8 1 9 6 10 5 8 8 11 7 5 9 5 10 0 5 9 6 3 8 7 5 8 13 6 4 8 8 8 10 4 8 5 6 5 6 5 8 8 8 9 6 9 11 8 9 11 5 3 10 7 5 4 6 9 4 4 9 3 5 4 1 5 5 8 8 7 6 7 5 8 1 7 8 6 10 2 7 11 8 9 4 8 6 2 6 7 9 8 9 6 8 4 4 7 7 7 7 6 7 11 10 7 11 8 4 7 7 7 7 6 7 8 10 8 5 6 6 7 
7 7 8 2 1 5 6 7 6 6 8 8 5 6 5 6 9 3 5 6 7 9 5 9 7 4 6 8 4 8 4 11 8 1 11 9 5 5 6 7 7 7 7 6 6 5 5 11 6 7 3 5 5 6 7 8 4 6 7 6 0 6 5 9 8 6 5 6 3 3 6 8 7 6 10 3 8 4 6 4 6 8 7 9 8 5 9 8 5 6 8 6 4 5 7 8 11 10 8 9 6 5 6 5 7 2 7 10 5 6 7 5 6 5 6 8 6 5 10 4 8 6 4 6 8 8 3 5 7 5 6 4 7 6 5 8 6 6 6 10 1 6 7 8 5 4 5 2 9 7 9 8 6 4 4 6 7 3 8 3 7 4 5 5 6 7 8 10 4 6 5 4 6 5 7 6 5 5 4 4 6 6 7 9 5 5 7 10 9 5 3 5 2 6 5 8 2 5 6 5 
5 7 6 5 3 4 8 5 3 4 3 4 2 1 6 4 5 3 4 4 5 7 5 5 6 6 5 5 4 6 2 4 4 4 3 4 6 2 5 8 4 4 4 5 1 6 4 5 7 6 6 5 6 4 10 4 5 3 7 5 6 5 4 4 3 3 5 7 6 7 5 3 8 6 8 9 7 5 4 4 5 6 7 5 2 8 5 9 6 6 3 5 4 7 3 2 5 5 3 5 3 6 6 4 7 6 8 8 5 4 0 4 1 4 6 7 5 2 5 6 5 4 5 6 5 4 3 4 5 4 9 6 5 6 5 6 4 4 4 5 4 4 7 3 4 3 4 7 5 5 6 4 2 4 8 8 5 6 7 4 7 4 5 4 3 6 3 5 4 5 5 6 4 5 9 6 7 8 1 4 7 3 5 5 2 6 4 5 8 3 3 6 6 1 3 6 6 7 4 5 
