NAME  : Jabali_50_3_0.85_1_1
TYPE : SVRP
MODEL : FINITE_SUPPORT
NUMBER_OF_SCENARIOS : 200
DIMENSION : 50
EDGE_WEIGHT_TYPE : MATRIX
CAPACITY : 105
N_VEHICLES : 3
NODE_COORD_SECTION
1 4113 4585
2 6696 5408
3 5028 3129
4 3667 5199
5 5591 4317
6 3575 2267
7 4648 2493
8 3665 434
9 7208 4316
10 3538 3972
11 1405 1497
12 5890 5596
13 2769 3508
14 5476 4510
15 1200 3149
16 7449 3529
17 6756 3351
18 717 4621
19 302 2720
20 2286 5043
21 8478 6000
22 675 4856
23 2985 651
24 27 4592
25 7510 5499
26 1649 4950
27 7096 6185
28 2618 4168
29 1736 1641
30 3185 3654
31 5645 5877
32 3524 1673
33 1893 4398
34 4029 2577
35 5075 4815
36 7732 4532
37 670 4925
38 4803 4256
39 6794 6105
40 624 4433
41 3634 4976
42 6274 6235
43 5491 2504
44 3488 18
45 2396 2773
46 2753 4658
47 7837 4184
48 5967 3744
49 190 4800
50 6978 4836
DEMAND_SECTION
1 0.0
2 10.0
3 2.0
4 10.0
5 8.0
6 2.0
7 3.0
8 2.0
9 5.0
10 10.0
11 3.0
12 4.0
13 8.0
14 4.0
15 3.0
16 8.0
17 2.0
18 8.0
19 3.0
20 3.0
21 3.0
22 3.0
23 1.0
24 2.0
25 6.0
26 8.0
27 10.0
28 5.0
29 4.0
30 8.0
31 3.0
32 10.0
33 8.0
34 4.0
35 9.0
36 2.0
37 4.0
38 10.0
39 6.0
40 7.0
41 4.0
42 6.0
43 7.0
44 6.0
45 5.0
46 6.0
47 9.0
48 1.0
49 7.0
50 8.0
DEVIATION_SECTION
1 0.0
2 3.33333
3 0.666667
4 3.33333
5 2.66667
6 0.666667
7 1.0
8 0.666667
9 1.66667
10 3.33333
11 1.0
12 1.33333
13 2.66667
14 1.33333
15 1.0
16 2.66667
17 0.666667
18 2.66667
19 1.0
20 1.0
21 1.0
22 1.0
23 0.333333
24 0.666667
25 2.0
26 2.66667
27 3.33333
28 1.66667
29 1.33333
30 2.66667
31 1.0
32 3.33333
33 2.66667
34 1.33333
35 3.0
36 0.666667
37 1.33333
38 3.33333
39 2.0
40 2.33333
41 1.33333
42 2.0
43 2.33333
44 2.0
45 1.66667
46 2.0
47 3.0
48 0.333333
49 2.33333
50 2.66667
DISTANCE_MATRIX
0.0 39.3413 39.5689 24.6452 19.3132 38.2924 44.4255 61.7177 39.8246 13.8924 55.7853 40.5087 23.5372 17.8885 44.728 44.3847 37.2156 44.5075 55.6082 26.0005 63.8237 46.2163 58.6003 52.8927 48.2609 33.2283 51.4321 19.4165 52.2015 19.3132 41.9034 48.6073 27.8642 41.4556 14.1421 46.6476 46.2163 10.0 48.8444 44.3309 22.4818 50.8036 48.4692 66.5767 34.4819 16.8353 47.8539 45.6171 50.5576 37.8013 
39.3413 0.0 44.0114 52.3453 23.3452 49.2544 54.0093 67.2681 17.0294 41.1674 77.6735 12.0416 51.4782 22.8035 85.0683 28.3196 30.0167 80.8537 96.7165 65.2355 26.2488 83.1446 69.1809 88.5483 11.1803 72.4632 12.1655 54.1116 73.5555 46.1411 15.8114 70.3302 65.1922 57.0956 26.0076 18.9737 83.1446 32.4548 10.0499 80.0639 51.765 13.6015 48.8365 72.5672 58.5235 56.0702 22.8473 31.7805 85.7599 9.21954 
39.5689 44.0114 0.0 19.105 21.587 66.4227 10.198 89.848 35.1141 43.1334 81.9329 46.8421 49.8416 23.0868 44.3853 32.0156 22.8035 61.7013 53.418 37.6471 63.8905 62.7062 86.9611 70.1364 49.8197 47.4264 56.0089 43.1741 78.5685 46.8192 51.5935 27.6155 47.0 14.8661 27.2947 41.6293 62.7062 20.1457 54.037 62.3947 20.0 55.7315 8.94427 94.707 61.022 37.3363 40.3113 65.3696 68.6078 38.4708 
24.6452 52.3453 19.105 0.0 28.4347 52.6392 35.9812 76.0592 46.8101 28.2097 65.2993 53.3011 34.2053 29.4301 34.0863 47.4342 38.5876 42.5964 44.9665 18.5422 74.2865 43.2606 72.1249 51.0316 59.2382 28.0291 64.4361 25.9422 62.2656 31.8277 58.0525 35.9048 28.0713 28.7531 33.1496 53.8531 43.2606 26.0005 61.8483 43.2899 2.23607 62.487 27.0749 80.8084 45.2217 19.3132 53.7587 63.0807 49.5029 47.9313 
19.3132 23.3452 21.587 28.4347 0.0 51.7666 31.1448 72.609 20.8087 30.0 72.3395 25.2982 41.0488 2.23607 61.1576 25.318 19.2354 63.8176 72.8058 45.4052 46.6476 65.5263 72.3069 72.2027 31.305 52.5383 35.5106 38.6005 68.469 36.0 30.0832 47.0034 47.1743 34.0208 8.544 27.8029 65.5263 10.6301 33.1361 63.6409 27.8544 34.2345 28.178 77.9847 51.0882 36.1454 28.6531 43.8803 69.8676 20.2485 
38.2924 49.2544 66.4227 52.6392 51.7666 0.0 72.4292 24.7588 64.6123 24.7594 29.1548 37.4833 21.0611 50.2945 66.4142 73.5945 69.4304 49.4663 76.3809 47.5878 72.4224 52.4044 22.3607 54.5555 59.8415 48.6794 53.7587 30.8251 25.0799 21.1373 35.4401 74.4445 39.6242 69.4593 53.3773 67.0075 52.4044 46.3586 50.2892 47.7392 50.4855 44.0114 74.4111 29.7321 16.2803 37.2611 70.1174 26.9072 51.3942 56.0089 
44.4255 54.0093 10.198 35.9812 31.1448 72.4292 0.0 95.8545 45.2217 47.9901 84.9086 56.236 54.6932 32.3883 36.2997 41.3401 32.249 59.0085 45.2217 35.2278 74.0405 59.0339 91.9822 67.0298 60.0167 44.0114 66.0681 46.0308 83.3393 51.6758 60.9874 19.53 46.0977 8.06226 36.1424 51.6236 59.0339 28.9933 64.0 60.075 23.5589 65.3758 11.6619 100.591 65.8719 38.9674 50.0899 74.7635 66.0076 48.6621 
61.7177 67.2681 89.848 76.0592 72.609 24.7588 95.8545 0.0 82.5651 48.1664 30.6757 55.3173 43.4166 71.1369 88.0227 92.6984 89.9012 66.2722 97.1236 69.7782 86.093 69.2604 8.544 69.029 76.4199 69.2604 68.0074 53.2353 28.6356 44.4072 51.6236 97.802 60.407 92.8737 74.2197 86.122 69.2604 69.7839 65.0692 64.195 73.8783 58.0345 97.8363 5.38516 34.7851 60.0333 89.7385 37.0 66.0076 75.4321 
39.8246 17.0294 35.1141 46.8101 20.8087 64.6123 45.2217 82.5651 0.0 49.3947 89.1403 27.7308 59.8933 21.9545 78.8454 11.3137 15.1327 84.3048 88.0093 63.7807 28.8617 86.0136 83.5464 92.69 16.2788 73.0256 25.4951 58.6941 85.0941 54.5082 32.249 62.2068 67.6615 49.3954 26.6983 7.07107 86.0136 31.4006 25.2389 84.1282 46.2298 30.4138 37.2156 87.9318 68.593 56.6326 8.24621 48.3735 90.3549 7.81025 
13.8924 41.1674 43.1334 28.2097 30.0 24.7594 47.9901 48.1664 49.3947 0.0 42.5793 32.5576 11.1803 28.0179 46.2736 55.1453 49.0918 39.6989 57.1402 27.074 67.2685 42.0119 44.8219 47.3814 52.3045 31.9531 50.2102 13.0384 38.833 6.0 33.8378 51.8494 24.1868 45.0202 22.2036 55.3861 42.0119 23.0868 46.669 38.8973 26.0464 42.8019 52.0337 53.0377 21.2132 16.1245 57.628 38.0237 44.5982 44.8742 
55.7853 77.6735 81.9329 65.2993 72.3395 29.1548 84.9086 30.6757 89.1403 42.5793 0.0 66.4961 32.28 70.2567 67.624 97.0464 91.5478 40.3113 74.4312 52.4976 101.539 43.0813 22.1359 40.7922 88.6333 48.2701 82.884 39.3573 4.12311 36.6742 64.5446 84.666 41.0366 77.6805 64.1255 94.5304 43.0813 65.5134 79.4029 38.0789 63.5059 73.1642 90.824 31.4006 21.3776 46.1411 97.2522 55.2268 38.0789 83.6002 
40.5087 12.0416 46.8421 53.3011 25.2982 37.4833 56.236 55.3173 27.7308 32.5576 66.4961 0.0 42.0119 23.8806 77.5635 38.5876 38.1838 72.2504 88.4437 58.4826 35.7771 74.5413 57.1402 79.9062 22.3607 64.0691 17.8045 45.5083 62.4091 36.8782 5.0 71.8698 56.5889 59.0584 26.9634 30.8058 74.5413 33.4106 14.2127 71.4493 52.7208 10.7703 53.3104 60.6383 47.8539 47.7879 34.4819 20.8087 77.0779 20.2485 
23.5372 51.4782 49.8416 34.2053 41.0488 21.0611 54.6932 43.4166 59.8933 11.1803 32.28 42.0119 0.0 39.1152 45.3542 66.2722 60.0083 31.7648 55.4437 26.5707 77.3886 34.4384 38.4187 38.6005 62.6498 28.0 59.8164 9.84886 28.7924 5.38516 42.4264 55.1041 19.0263 48.1231 33.3766 65.8848 34.4384 33.3766 56.2228 30.5287 32.2025 51.6236 58.7419 47.7074 11.1803 16.6433 68.1266 46.1054 35.609 55.3728 
17.8885 22.8035 23.0868 29.4301 2.23607 50.2945 32.3883 71.1369 21.9545 28.0179 70.2567 23.8806 39.1152 0.0 62.1531 27.1662 21.3776 62.3868 73.8013 43.8799 46.8722 64.0956 70.8348 70.772 31.3847 51.1076 34.9285 37.0 66.3702 34.0147 28.632 47.9989 45.7436 35.1875 6.32456 28.8444 64.0956 10.0 32.3883 62.2102 28.8499 33.0666 30.0167 76.5126 49.0408 34.7146 29.9666 42.4081 68.4369 20.6155 
44.728 85.0683 44.3853 34.0863 61.1576 66.4142 36.2997 88.0227 78.8454 46.2736 67.624 77.5635 45.3542 62.1531 0.0 76.4593 67.2398 30.5287 11.7047 19.2195 107.009 29.0689 81.8596 36.4005 91.9611 19.4165 97.159 35.6931 66.0303 46.3897 78.9582 30.7697 27.7308 29.6007 58.5131 85.9079 29.0689 58.7235 94.5713 32.45 33.5749 95.21 47.9565 91.7878 53.3104 30.2195 84.5255 83.4931 36.6742 80.6543 
44.3847 28.3196 32.0156 47.4342 25.318 73.5945 41.3401 92.6984 11.3137 55.1453 97.0464 38.5876 66.2722 27.1662 76.4593 0.0 9.21954 88.0531 85.492 64.8845 36.0139 89.1451 93.1494 96.5968 26.4008 74.251 36.3593 63.7887 93.086 61.131 43.2666 59.6896 71.9796 46.8615 33.0151 13.3417 89.1451 34.7851 36.4005 88.3514 47.1699 41.7253 31.3847 98.0816 76.0066 61.1426 10.0 59.3633 94.6756 19.105 
37.2156 30.0167 22.8035 38.5876 19.2354 69.4304 32.249 89.9012 15.1327 49.0918 91.5478 38.1838 60.0083 21.3776 67.2398 9.21954 0.0 79.712 76.2725 56.3649 43.2897 80.7775 89.9707 88.2553 31.4006 65.7951 40.1622 56.5685 87.6926 55.0818 43.1393 50.47 63.6396 37.6431 27.6586 20.2237 80.7775 27.2947 39.3954 80.0114 38.4708 43.566 22.8035 95.2768 70.2567 52.7649 18.0278 58.7963 86.3356 21.5407 
44.5075 80.8537 61.7013 42.5964 63.8176 49.4663 59.0085 66.2722 84.3048 39.6989 40.3113 72.2504 31.7648 62.3868 30.5287 88.0531 79.712 0.0 34.8281 24.1868 106.955 3.0 58.6941 8.544 91.9908 15.0 89.8965 26.8701 39.8497 36.0555 73.4098 55.5077 16.6433 51.0392 58.2495 91.0951 3.0 54.1544 86.3553 2.23607 41.9762 82.4621 69.1809 68.884 33.3766 27.7849 92.3534 77.244 7.0 82.2023 
55.6082 96.7165 53.418 44.9665 72.8058 76.3809 45.2217 97.1236 88.0093 57.1402 74.4312 88.4437 55.4437 73.8013 11.7047 85.492 76.2725 34.8281 0.0 30.0666 118.658 32.5576 90.4765 38.4187 103.609 27.8927 108.807 46.0977 73.3553 57.0351 89.8384 39.8024 36.8782 38.6334 69.3933 94.679 32.5576 70.3717 106.22 37.0135 44.4551 106.858 56.8595 100.568 62.3618 41.0488 93.5582 94.3733 39.6232 92.3025 
26.0005 65.2355 37.6471 18.5422 45.4052 47.5878 35.2278 69.7782 63.7807 27.074 52.4976 58.4826 26.5707 43.8799 19.2195 64.8845 56.3649 24.1868 30.0666 0.0 89.7178 24.7386 64.1405 32.5576 74.155 9.48683 77.3262 16.7631 50.2096 27.2947 59.8773 33.0 11.6619 27.4591 39.7857 70.8236 24.7386 42.9711 74.7385 25.02 18.0278 68.7775 45.0444 73.8241 35.5106 11.0 70.739 64.4122 31.1448 63.3848 
63.8237 26.2488 63.8905 74.2865 46.6476 72.4224 74.0405 86.093 28.8617 67.2685 101.539 35.7771 77.3886 46.8722 107.009 36.0139 43.2897 106.955 118.658 89.7178 0.0 109.246 89.8053 114.649 15.6205 96.9455 18.6815 80.2128 97.4515 72.111 37.0 90.8187 91.2933 78.0074 50.49 23.0868 109.246 56.8595 22.1359 106.165 73.7062 28.6356 65.9242 91.022 83.6301 80.5526 26.0192 49.163 111.861 26.4197 
46.2163 83.1446 62.7062 43.2606 65.5263 52.4044 59.0339 69.2604 86.0136 42.0119 43.0813 74.5413 34.4384 64.0956 29.0689 89.1451 80.7775 3.0 32.5576 24.7386 109.246 0.0 61.6604 8.0 94.3708 15.2971 92.1874 29.0689 42.72 38.5876 75.8024 55.1664 18.4391 51.0098 60.0 92.8038 0.0 55.8632 88.6462 5.09902 42.72 84.8116 69.4622 71.8471 36.3456 29.4109 94.0622 79.7002 7.61577 83.9111 
58.6003 69.1809 86.9611 72.1249 72.3069 22.3607 91.9822 8.544 83.5464 44.8219 22.1359 57.1402 38.4187 70.8348 81.8596 93.1494 89.9707 58.6941 90.4765 64.1405 89.8053 61.6604 0.0 61.0082 79.0 62.7694 71.3442 48.0104 20.2237 40.3113 54.0 93.4523 54.1295 86.5408 73.9175 87.6926 61.6604 66.888 68.1836 56.5685 70.0071 61.2944 94.9495 10.198 28.6531 55.0 91.0824 40.7922 58.0345 76.7919 
52.8927 88.5483 70.1364 51.0316 72.2027 54.5555 67.0298 69.029 92.69 47.3814 40.7922 79.9062 38.6005 70.772 36.4005 96.5968 88.2553 8.544 38.4187 32.5576 114.649 8.0 61.0082 0.0 99.6853 23.1948 97.5911 34.8281 41.1947 43.2782 80.8084 63.1427 25.0599 59.0085 66.5733 99.4802 8.0 62.5396 94.0479 8.60233 50.448 89.9389 77.4145 71.0634 38.2753 36.2353 100.739 81.4609 3.16228 90.5859 
48.2609 11.1803 49.8197 59.2382 31.305 59.8415 60.0167 76.4199 16.2788 52.3045 88.6333 22.3607 62.6498 31.3847 91.9611 26.4008 31.4006 91.9908 103.609 74.155 15.6205 94.3708 79.0 99.6853 0.0 81.3827 10.6301 65.2487 84.5152 57.3062 25.0 77.8069 76.0187 63.6004 34.9272 13.6015 94.3708 41.3401 12.083 91.201 58.6579 18.9737 53.0094 81.6149 69.6419 64.9898 17.8045 39.8121 96.897 11.4018 
33.2283 72.4632 47.4264 28.0291 52.5383 48.6794 44.0114 69.2604 73.0256 31.9531 48.2701 64.0691 28.0 51.1076 19.4165 74.251 65.7951 15.0 27.8927 9.48683 96.9455 15.2971 62.7694 23.1948 81.3827 0.0 81.7151 19.4165 46.6154 30.4138 65.4638 40.7343 9.05539 36.0555 47.0134 79.8158 15.2971 52.3371 78.174 16.1245 27.5136 74.364 54.231 72.8011 34.4819 16.6433 80.105 69.9306 22.0 70.9231 
51.4321 12.1655 56.0089 64.4361 35.5106 53.7587 66.0681 68.0074 25.4951 50.2102 82.884 17.8045 59.8164 34.9285 97.159 36.3593 40.1622 89.8965 108.807 77.3262 18.6815 92.1874 71.3442 97.5911 10.6301 81.7151 0.0 63.1544 78.797 54.6717 18.3848 83.0048 74.235 69.2115 38.0984 24.0832 92.1874 44.5456 3.60555 89.1067 63.8558 10.0499 60.407 73.0616 65.4891 65.434 28.3196 31.0161 94.7945 18.6815 
19.4165 54.1116 43.1741 25.9422 38.6005 30.8251 46.0308 53.2353 58.6941 13.0384 39.3573 45.5083 9.84886 37.0 35.6931 63.7887 56.5685 26.8701 46.0977 16.7631 80.2128 29.0689 48.0104 34.8281 65.2487 19.4165 63.1544 0.0 36.3593 11.0454 46.8722 45.9487 11.1803 38.8027 32.2025 65.3736 29.0689 29.2746 59.6133 26.2488 24.1661 55.8032 51.923 57.4543 19.799 7.07107 66.8506 51.0001 32.2025 56.4636 
52.2015 73.5555 78.5685 62.2656 68.469 25.0799 83.3393 28.6356 85.0941 38.833 4.12311 62.4091 28.7924 66.3702 66.0303 93.086 87.6926 39.8497 73.3553 50.2096 97.4515 42.72 20.2237 41.1947 84.5152 46.6154 78.797 36.3593 0.0 32.9848 60.4576 82.0 38.9487 74.9155 60.2178 90.4489 42.72 61.8466 75.3158 37.6431 60.4152 69.0798 87.4688 30.0167 17.72 43.2666 93.1933 51.3128 38.3275 79.511 
19.3132 46.1411 46.8192 31.8277 36.0 21.1373 51.6758 44.4072 54.5082 6.0 36.6742 36.8782 5.38516 34.0147 46.3897 61.131 55.0818 36.0555 57.0351 27.2947 72.111 38.5876 40.3113 43.2782 57.3062 30.4138 54.6717 11.0454 32.9848 0.0 37.5366 53.4004 21.8403 46.9924 28.1603 60.4996 38.5876 28.8617 51.0882 35.0 29.6985 46.6905 55.7195 49.0408 15.2971 16.4924 62.7415 41.2581 40.3609 49.9877 
41.9034 15.8114 51.5935 58.0525 30.0832 35.4401 60.9874 51.6236 32.249 33.8378 64.5446 5.0 42.4264 28.632 78.9582 43.2666 43.1393 73.4098 89.8384 59.8773 37.0 75.8024 54.0 80.8084 25.0 65.4638 18.3848 46.8722 60.4576 37.5366 0.0 76.6212 57.9828 63.8098 31.7148 34.7851 75.8024 38.162 14.8661 72.4707 57.4722 9.21954 58.1808 56.8859 47.7588 49.1826 38.6264 16.1245 77.8974 24.5967 
48.6073 70.3302 27.6155 35.9048 47.0034 74.4445 19.53 97.802 62.2068 51.8494 84.666 71.8698 55.1041 47.9989 30.7697 59.6896 50.47 55.5077 39.8024 33.0 90.8187 55.1664 93.4523 63.1427 77.8069 40.7343 83.0048 45.9487 82.0 53.4004 76.6212 0.0 44.5766 12.831 51.7183 68.8766 55.1664 44.5693 80.4171 56.8197 35.3934 81.0558 31.1868 102.425 65.7282 38.8904 67.7558 87.8641 62.4437 66.5001 
27.8642 65.1922 47.0 28.0713 47.1743 39.6242 46.0977 60.407 67.6615 24.1868 41.0366 56.5889 19.0263 45.7436 27.7308 71.9796 63.6396 16.6433 36.8782 11.6619 91.2933 18.4391 54.1295 25.0599 76.0187 9.05539 74.235 11.1803 38.9487 21.8403 57.9828 44.5766 0.0 38.6005 41.6173 74.4518 18.4391 37.5111 70.6938 16.5529 27.0 66.8838 55.1461 64.0781 25.632 11.1803 75.7102 62.1772 22.8473 65.5591 
41.4556 57.0956 14.8661 28.7531 34.0208 69.4593 8.06226 92.8737 49.3954 45.0202 77.6805 59.0584 48.1231 35.1875 29.6007 46.8615 37.6431 51.0392 38.6334 27.4591 78.0074 51.0098 86.5408 59.0085 63.6004 36.0555 69.2115 38.8027 74.9155 46.9924 63.8098 12.831 38.6005 0.0 38.907 56.0652 51.0098 31.7579 67.3278 52.1536 28.2417 68.2444 19.3132 95.724 58.595 31.7393 54.9181 79.8911 58.0345 52.2019 
14.1421 26.0076 27.2947 33.1496 8.544 53.3773 36.1424 74.2197 26.6983 22.2036 64.1255 26.9634 33.3766 6.32456 58.5131 33.0151 27.6586 58.2495 69.3933 39.7857 50.49 60.0 73.9175 66.5733 34.9272 47.0134 38.0984 32.2025 60.2178 28.1603 31.7148 51.7183 41.6173 38.907 0.0 33.3775 60.0 10.0 35.5106 57.9828 32.5693 36.1494 35.0 79.5953 43.0 30.6205 34.8751 45.4909 64.1405 24.4675 
46.6476 18.9737 41.6293 53.8531 27.8029 67.0075 51.6236 86.122 7.07107 55.3861 94.5304 30.8058 65.8848 28.8444 85.9079 13.3417 20.2237 91.0951 94.679 70.8236 23.0868 92.8038 87.6926 99.4802 13.6015 79.8158 24.0832 65.3736 90.4489 60.4996 34.7851 68.8766 74.4518 56.0652 33.3775 0.0 92.8038 38.4187 24.8395 90.9175 53.2728 31.0644 42.9535 91.444 74.3303 63.4229 4.24264 50.6952 97.1288 11.0 
46.2163 83.1446 62.7062 43.2606 65.5263 52.4044 59.0339 69.2604 86.0136 42.0119 43.0813 74.5413 34.4384 64.0956 29.0689 89.1451 80.7775 3.0 32.5576 24.7386 109.246 0.0 61.6604 8.0 94.3708 15.2971 92.1874 29.0689 42.72 38.5876 75.8024 55.1664 18.4391 51.0098 60.0 92.8038 0.0 55.8632 88.6462 5.09902 42.72 84.8116 69.4622 71.8471 36.3456 29.4109 94.0622 79.7002 7.61577 83.9111 
10.0 32.4548 20.1457 26.0005 10.6301 46.3586 28.9933 69.7839 31.4006 23.0868 65.5134 33.4106 33.3766 10.0 58.7235 34.7851 27.2947 54.1544 70.3717 42.9711 56.8595 55.8632 66.888 62.5396 41.3401 52.3371 44.5456 29.2746 61.8466 28.8617 38.162 44.5693 37.5111 31.7579 10.0 38.4187 55.8632 0.0 41.9578 53.9778 25.4203 42.5966 28.1341 74.6429 44.1475 26.4822 39.1152 51.9381 60.2045 30.6105 
48.8444 10.0499 54.037 61.8483 33.1361 50.2892 64.0 65.0692 25.2389 46.669 79.4029 14.2127 56.2228 32.3883 94.5713 36.4005 39.3954 86.3553 106.22 74.7385 22.1359 88.6462 68.1836 94.0479 12.083 78.174 3.60555 59.6133 75.3158 51.0882 14.8661 80.4171 70.6938 67.3278 35.5106 24.8395 88.6462 41.9578 0.0 85.5655 61.268 7.07107 58.8558 70.1783 61.8841 61.8928 29.0689 28.1603 91.2414 17.8885 
44.3309 80.0639 62.3947 43.2899 63.6409 47.7392 60.075 64.195 84.1282 38.8973 38.0789 71.4493 30.5287 62.2102 32.45 88.3514 80.0114 2.23607 37.0135 25.02 106.165 5.09902 56.5685 8.60233 91.201 16.1245 89.1067 26.2488 37.6431 35.0 72.4707 56.8197 16.5529 52.1536 57.9828 90.9175 5.09902 53.9778 85.5655 0.0 42.5793 81.5659 70.0643 66.7533 31.5753 27.7308 92.1768 74.6445 6.32456 82.0165 
22.4818 51.765 20.0 2.23607 27.8544 50.4855 23.5589 73.8783 46.2298 26.0464 63.5059 52.7208 32.2025 28.8499 33.5749 47.1699 38.4708 41.9762 44.4551 18.0278 73.7062 42.72 70.0071 50.448 58.6579 27.5136 63.8558 24.1661 60.4152 29.6985 57.4722 35.3934 27.0 28.2417 32.5693 53.2728 42.72 25.4203 61.268 42.5793 0.0 61.9068 28.2843 78.6448 43.2666 17.72 53.1881 60.9174 48.8365 47.3511 
50.8036 13.6015 55.7315 62.487 34.2345 44.0114 65.3758 58.0345 30.4138 42.8019 73.1642 10.7703 51.6236 33.0666 95.21 41.7253 43.566 82.4621 106.858 68.7775 28.6356 84.8116 61.2944 89.9389 18.9737 74.364 10.0499 55.8032 69.0798 46.6905 9.21954 81.0558 66.8838 68.2444 36.1494 31.0644 84.8116 42.5966 7.07107 81.5659 61.9068 0.0 61.4003 63.1269 56.9613 58.0828 35.2278 21.095 87.046 22.6716 
48.4692 48.8365 8.94427 27.0749 28.178 74.4111 11.6619 97.8363 37.2156 52.0337 90.824 53.3104 58.7419 30.0167 47.9565 31.3847 22.8035 69.1809 56.8595 45.0444 65.9242 69.4622 94.9495 77.4145 53.0094 54.231 60.407 51.923 87.4688 55.7195 58.1808 31.1868 55.1461 19.3132 35.0 42.9535 69.4622 28.1341 58.8558 70.0643 28.2843 61.4003 0.0 102.695 69.9223 45.8912 40.8044 72.0578 76.1643 42.0476 
66.5767 72.5672 94.707 80.8084 77.9847 29.7321 100.591 5.38516 87.9318 53.0377 31.4006 60.6383 47.7074 76.5126 91.7878 98.0816 95.2768 68.884 100.568 73.8241 91.022 71.8471 10.198 71.0634 81.6149 72.8011 73.0616 57.4543 30.0167 49.0408 56.8859 102.425 64.0781 95.724 79.5953 91.444 71.8471 74.6429 70.1783 66.7533 78.6448 63.1269 102.695 0.0 38.4838 64.3506 95.0789 42.0476 68.1175 80.7775 
34.4819 58.5235 61.022 45.2217 51.0882 16.2803 65.8719 34.7851 68.593 21.2132 21.3776 47.8539 11.1803 49.0408 53.3104 76.0066 70.2567 33.3766 62.3618 35.5106 83.6301 36.3456 28.6531 38.2753 69.6419 34.4819 65.4891 19.799 17.72 15.2971 47.7588 65.7282 25.632 58.595 43.0 74.3303 36.3456 44.1475 61.8841 31.5753 43.2666 56.9613 69.9223 38.4838 0.0 26.8701 76.7919 43.1857 35.1141 63.561 
16.8353 56.0702 37.3363 19.3132 36.1454 37.2611 38.9674 60.0333 56.6326 16.1245 46.1411 47.7879 16.6433 34.7146 30.2195 61.1426 52.7649 27.7849 41.0488 11.0 80.5526 29.4109 55.0 36.2353 64.9898 16.6433 65.434 7.07107 43.2666 16.4924 49.1826 38.8904 11.1803 31.7393 30.6205 63.4229 29.4109 26.4822 61.8928 27.7308 17.72 58.0828 45.8912 64.3506 26.8701 0.0 64.6812 53.7175 34.0147 54.5301 
47.8539 22.8473 40.3113 53.7587 28.6531 70.1174 50.0899 89.7385 8.24621 57.628 97.2522 34.4819 68.1266 29.9666 84.5255 10.0 18.0278 92.3534 93.5582 70.739 26.0192 94.0622 91.0824 100.739 17.8045 80.105 28.3196 66.8506 93.1933 62.7415 38.6264 67.7558 75.7102 54.9181 34.8751 4.24264 94.0622 39.1152 29.0689 92.1768 53.1881 35.2278 40.8044 95.0789 76.7919 64.6812 0.0 54.626 98.4035 14.3178 
45.6171 31.7805 65.3696 63.0807 43.8803 26.9072 74.7635 37.0 48.3735 38.0237 55.2268 20.8087 46.1054 42.4081 83.4931 59.3633 58.7963 77.244 94.3733 64.4122 49.163 79.7002 40.7922 81.4609 39.8121 69.9306 31.0161 51.0001 51.3128 41.2581 16.1245 87.8641 62.1772 79.8911 45.4909 50.6952 79.7002 51.9381 28.1603 74.6445 60.9174 21.095 72.0578 42.0476 43.1857 53.7175 54.626 0.0 78.2996 40.7063 
50.5576 85.7599 68.6078 49.5029 69.8676 51.3942 66.0076 66.0076 90.3549 44.5982 38.0789 77.0779 35.609 68.4369 36.6742 94.6756 86.3356 7.0 39.6232 31.1448 111.861 7.61577 58.0345 3.16228 96.897 22.0 94.7945 32.2025 38.3275 40.3609 77.8974 62.4437 22.8473 58.0345 64.1405 97.1288 7.61577 60.2045 91.2414 6.32456 48.8365 87.046 76.1643 68.1175 35.1141 34.0147 98.4035 78.2996 0.0 88.2203 
37.8013 9.21954 38.4708 47.9313 20.2485 56.0089 48.6621 75.4321 7.81025 44.8742 83.6002 20.2485 55.3728 20.6155 80.6543 19.105 21.5407 82.2023 92.3025 63.3848 26.4197 83.9111 76.7919 90.5859 11.4018 70.9231 18.6815 56.4636 79.511 49.9877 24.5967 66.5001 65.5591 52.2019 24.4675 11.0 83.9111 30.6105 17.8885 82.0165 47.3511 22.6716 42.0476 80.7775 63.561 54.5301 14.3178 40.7063 88.2203 0.0 
DEMAND_SCENARIO_SECTION
0 0 0 0 0 0 0 0 0 0 0 0 0 0 0 0 0 0 0 0 0 0 0 0 0 0 0 0 0 0 0 0 0 0 0 0 0 0 0 0 0 0 0 0 0 0 0 0 0 0 0 0 0 0 0 0 0 0 0 0 0 0 0 0 0 0 0 0 0 0 0 0 0 0 0 0 0 0 0 0 0 0 0 0 0 0 0 0 0 0 0 0 0 0 0 0 0 0 0 0 0 0 0 0 0 0 0 0 0 0 0 0 0 0 0 0 0 0 0 0 0 0 0 0 0 0 0 0 0 0 0 0 0 0 0 0 0 0 0 0 0 0 0 0 0 0 0 0 0 0 0 0 0 0 0 0 0 0 0 0 0 0 0 0 0 0 0 0 0 0 0 0 0 0 0 0 0 0 0 0 0 0 0 0 0 0 0 0 0 0 0 0 0 0 0 0 0 0 0 0 
9 7 2 6 12 12 10 6 4 12 10 14 15 8 11 10 11 15 10 10 10 8 8 10 12 6 6 6 7 8 12 9 9 12 8 11 7 4 12 3 14 14 13 7 9 8 7 7 14 14 9 7 12 8 11 14 11 8 6 7 5 11 1 9 8 12 6 7 8 9 8 10 12 14 7 9 13 9 9 7 7 11 15 9 14 9 9 10 13 12 8 10 8 15 2 11 11 13 11 16 9 14 8 9 7 11 3 13 6 3 13 11 13 7 6 12 12 10 7 6 15 10 8 10 12 6 7 15 14 18 11 8 11 9 15 2 14 9 10 3 12 6 7 11 8 15 8 6 7 9 6 8 8 10 14 11 9 5 15 13 11 10 9 7 12 5 14 6 13 11 9 11 12 14 15 9 5 11 9 11 7 10 11 12 4 8 8 6 7 15 13 9 4 10 17 7 13 4 11 11 
2 4 2 2 2 2 1 2 2 2 2 2 1 2 2 0 2 2 2 2 2 1 3 2 0 2 1 1 2 2 2 3 1 3 3 2 2 1 2 2 3 3 2 2 3 2 2 2 3 2 2 3 2 3 2 1 2 2 2 3 2 2 2 2 3 2 2 2 2 2 3 1 3 2 2 1 4 2 3 3 2 2 2 1 3 1 2 3 2 2 2 2 3 2 2 2 1 2 1 2 1 2 1 2 2 2 3 3 3 3 2 2 2 1 1 2 4 2 2 1 2 2 2 2 1 3 2 2 2 1 3 2 2 2 1 3 2 1 3 4 2 2 1 2 1 1 1 1 2 2 2 2 2 3 2 2 2 1 2 2 1 2 2 1 2 1 3 2 2 1 2 3 2 3 3 2 2 2 2 2 3 2 3 1 2 2 2 1 2 3 2 3 2 2 2 2 1 1 1 2 
13 12 9 14 7 9 11 10 6 10 10 6 14 10 10 8 12 11 13 16 15 6 12 7 11 9 5 9 9 8 12 5 5 10 9 11 10 8 14 10 15 10 12 15 14 13 13 16 11 13 6 16 9 10 6 9 6 6 10 12 14 11 11 10 15 12 11 14 3 8 6 8 10 10 2 13 11 10 9 14 11 14 4 10 12 14 10 9 14 8 7 7 8 9 12 10 13 7 13 10 6 12 7 6 10 9 11 10 13 12 11 13 7 17 10 12 11 17 0 15 14 14 10 8 7 19 9 10 0 14 9 8 13 4 8 14 8 13 12 11 9 13 3 7 11 13 8 13 11 3 11 13 9 5 9 12 10 4 14 15 8 10 6 7 11 8 8 13 12 9 16 2 6 13 6 11 9 6 15 9 10 9 6 8 11 15 15 10 2 7 10 11 3 12 10 12 12 16 13 17 
9 4 12 8 8 7 8 7 11 6 7 7 10 7 7 9 6 5 10 4 7 7 8 10 11 7 7 9 11 10 2 7 10 9 10 7 6 11 9 7 7 6 6 11 6 12 8 5 7 12 10 8 11 5 10 6 7 10 7 10 7 8 7 7 9 4 7 4 9 7 9 8 7 7 5 4 11 14 6 11 8 9 5 11 3 11 11 5 5 6 6 9 9 9 11 7 4 5 13 7 11 7 7 5 10 12 10 9 10 10 2 7 6 15 10 12 13 10 6 9 7 7 10 9 5 8 7 6 7 7 3 12 3 8 3 7 5 9 7 3 7 7 11 6 8 13 8 2 11 8 8 7 13 8 8 1 10 11 5 7 9 10 12 6 8 5 10 9 10 11 10 8 6 10 11 3 13 9 7 9 9 7 7 9 8 7 6 8 6 8 5 8 9 5 11 4 10 11 8 8 
2 2 2 1 2 2 1 2 2 3 3 2 1 3 1 1 1 1 2 2 2 3 3 2 4 2 3 3 2 2 1 2 2 1 2 1 2 1 1 1 1 3 1 2 2 1 2 1 2 2 2 2 2 1 3 3 1 1 2 2 2 2 2 3 3 1 2 2 0 1 3 2 2 2 2 1 3 3 1 2 0 2 2 1 2 2 3 3 2 1 3 2 3 1 3 1 1 4 1 2 2 2 2 2 3 2 2 2 2 2 2 3 3 2 2 1 1 1 2 2 2 3 1 2 1 2 2 2 1 2 2 2 2 2 2 2 1 2 2 3 2 3 3 3 2 1 2 3 2 2 1 1 4 2 2 2 2 1 2 2 0 2 1 3 3 2 3 3 2 1 3 1 2 3 3 3 2 2 2 1 3 0 2 2 2 2 2 1 2 1 2 2 3 2 1 1 2 2 2 1 
4 3 4 4 4 3 4 2 4 4 0 3 5 2 2 3 4 2 3 3 2 2 3 3 1 3 3 3 3 3 4 2 3 3 3 2 2 4 2 4 2 2 4 3 4 4 3 3 2 2 3 4 2 2 4 3 3 3 2 1 4 3 3 2 5 2 3 4 3 3 1 3 4 4 2 3 3 3 2 3 2 2 2 2 2 2 3 1 3 2 4 3 4 2 4 5 1 3 3 2 4 5 3 3 2 2 3 4 4 4 3 3 3 2 2 2 6 3 1 2 2 5 3 2 4 3 1 3 2 3 4 4 2 4 2 3 2 3 2 3 4 5 3 2 3 3 3 5 3 4 5 2 3 3 3 4 2 4 4 3 2 3 3 1 3 3 1 4 3 3 5 4 3 1 2 1 4 4 4 1 6 2 3 3 2 3 2 4 4 2 2 1 2 4 3 2 2 2 1 4 
1 2 1 2 3 3 2 1 1 2 1 2 1 1 2 2 2 1 1 2 2 2 2 1 2 1 2 2 2 2 1 2 1 1 3 3 2 2 3 1 2 2 2 3 2 1 2 2 3 3 3 2 2 2 2 3 2 2 1 2 3 2 2 2 3 1 2 2 1 2 3 2 0 3 2 2 3 1 2 2 1 2 2 2 2 2 2 2 2 2 2 2 2 1 2 3 3 2 1 2 1 3 2 1 0 3 2 2 2 1 2 2 2 3 2 3 2 2 2 1 2 3 3 2 3 1 2 3 1 2 2 2 2 2 3 3 1 2 2 4 2 2 2 3 1 1 1 3 3 1 1 2 3 2 1 2 2 2 1 1 3 2 1 2 2 3 2 1 2 2 2 2 2 2 2 1 3 2 2 3 3 2 1 3 2 2 1 2 2 2 2 3 2 1 1 3 2 2 2 2 
3 5 4 4 6 3 3 6 5 3 5 4 6 3 4 4 6 4 7 5 8 7 2 4 4 5 6 5 4 9 3 1 5 6 2 5 1 5 6 6 8 4 7 3 4 3 7 5 3 5 4 5 5 8 5 7 5 4 6 5 4 4 6 6 8 5 4 3 5 6 4 8 7 4 3 6 6 5 4 4 4 4 5 4 8 4 6 4 5 4 1 3 4 4 5 6 4 6 6 4 7 5 7 7 7 4 5 7 5 7 3 8 5 8 4 4 7 5 4 7 3 5 5 6 4 5 3 5 2 6 3 6 6 8 7 2 8 5 5 6 4 8 6 4 6 1 6 6 4 7 7 5 7 4 4 5 3 4 4 7 7 8 4 2 5 4 7 5 3 3 3 7 6 4 5 5 5 5 4 3 7 2 5 4 4 6 5 5 5 3 7 7 6 5 5 1 3 4 5 6 
15 8 8 16 11 10 7 9 12 7 5 4 10 11 12 7 10 9 10 11 8 3 9 13 8 10 11 10 13 8 12 10 2 5 15 11 7 10 12 12 12 10 9 17 6 8 13 10 10 12 13 3 8 9 12 8 8 8 8 11 9 6 11 11 7 11 11 14 7 14 14 11 9 17 3 14 14 3 12 6 17 12 14 11 7 2 10 10 14 10 3 10 12 17 15 8 12 16 5 8 8 5 9 9 6 12 6 11 13 4 8 12 11 9 4 9 15 13 15 13 9 16 4 12 15 11 10 13 12 16 11 10 15 4 8 9 11 9 8 12 12 3 15 13 7 2 12 1 4 4 12 10 12 12 9 9 14 14 5 12 10 5 10 14 9 9 9 13 9 8 9 7 11 16 13 11 13 12 7 15 11 11 7 11 8 10 4 4 8 15 10 10 8 10 14 8 10 11 18 9 
2 3 4 1 2 5 2 1 3 3 3 1 5 3 4 3 3 2 4 2 2 4 3 4 2 2 3 4 2 2 3 4 1 2 4 1 3 4 4 3 2 3 3 3 3 3 3 2 4 5 3 4 3 4 6 2 2 2 2 3 5 2 3 4 3 2 2 2 3 4 2 2 2 3 2 3 3 4 4 2 3 2 3 3 3 2 2 3 2 4 3 3 3 3 3 3 4 3 4 4 4 4 2 3 2 5 3 2 3 1 4 4 4 3 2 4 3 5 3 2 2 3 2 3 3 4 3 3 2 4 4 4 2 3 3 4 3 3 2 2 4 2 2 1 2 2 1 4 5 2 3 3 3 2 1 4 3 4 4 2 1 4 3 2 2 3 5 2 2 4 6 3 1 2 2 2 3 2 4 4 2 3 3 3 2 4 3 4 3 2 4 1 4 2 2 4 1 4 3 4 
4 6 2 3 4 4 3 4 5 5 5 4 4 4 8 3 4 3 3 5 5 3 4 4 5 4 4 5 2 4 4 5 4 5 2 3 3 4 2 5 5 2 4 7 6 4 4 5 3 5 4 5 6 2 3 4 4 4 6 4 6 3 5 3 3 3 4 4 4 5 5 4 3 4 6 4 3 2 4 7 2 2 5 5 6 5 3 1 8 5 3 5 5 2 4 3 6 4 3 3 6 2 5 5 2 4 5 4 2 3 5 6 5 4 3 6 5 5 3 5 5 4 5 5 6 6 2 5 4 3 5 3 3 6 4 4 3 4 4 5 5 6 3 3 5 5 3 4 3 3 6 5 3 1 2 6 3 2 4 6 4 3 3 4 5 5 3 5 3 5 2 3 3 4 6 6 3 5 5 6 5 4 4 4 6 4 4 5 3 5 4 5 3 5 4 4 3 2 5 5 
8 8 12 7 5 13 12 13 9 8 9 12 4 4 6 13 9 8 4 9 7 2 9 6 10 8 10 6 7 7 5 9 11 6 7 8 9 4 10 7 10 12 11 9 7 10 9 8 10 4 10 9 7 7 6 10 1 6 6 9 9 4 7 8 4 11 4 6 10 11 9 13 6 6 9 9 5 10 9 13 11 6 6 11 4 10 10 7 10 9 13 5 7 8 9 14 6 8 9 7 9 3 9 9 12 4 5 6 4 7 6 12 7 8 5 12 9 9 12 4 3 7 12 6 6 9 7 7 9 7 9 4 12 7 15 4 8 7 9 10 7 5 8 2 6 5 13 10 8 7 9 9 10 5 9 6 11 5 6 10 6 7 9 9 8 8 7 4 6 14 8 7 10 6 10 7 6 7 7 10 7 6 6 4 8 11 9 15 4 11 8 7 6 9 8 9 5 8 2 10 
4 5 4 4 4 4 3 3 7 6 4 6 2 3 4 4 5 4 3 5 6 4 3 4 4 4 4 6 5 7 3 6 1 5 7 5 3 3 3 4 4 6 0 5 6 3 5 5 3 4 3 6 5 6 5 5 4 3 6 3 5 4 5 4 3 4 5 5 6 4 2 4 4 4 3 4 6 4 4 5 4 5 6 2 6 5 1 2 6 6 5 4 4 5 4 3 4 2 3 4 4 3 5 5 5 6 6 4 5 2 5 3 6 2 4 4 4 4 2 5 7 5 3 5 5 2 5 5 3 4 3 5 2 2 6 4 3 7 3 4 2 4 4 3 2 6 3 3 3 4 4 0 6 2 2 5 6 2 3 6 2 6 6 4 5 4 5 4 4 2 7 4 2 4 3 1 6 2 5 5 4 4 4 4 3 3 3 2 3 7 3 5 2 5 6 6 7 4 5 3 
5 5 2 6 4 2 1 5 3 4 3 3 2 4 3 5 1 4 4 4 2 2 4 3 3 4 3 3 2 2 5 3 1 3 3 3 2 3 2 3 5 4 3 3 4 3 5 4 3 2 4 3 4 4 2 1 3 2 3 4 4 4 3 5 3 2 2 2 3 1 4 3 3 4 3 2 4 3 2 4 2 5 4 4 2 3 4 3 3 4 4 4 1 3 4 4 5 3 1 3 3 3 4 4 2 4 2 3 2 2 3 2 4 2 3 3 4 3 3 3 3 4 2 2 3 3 3 3 4 3 3 4 3 3 3 2 4 4 2 2 3 3 0 2 4 3 4 4 2 3 2 3 3 2 2 2 3 2 2 2 3 3 4 2 4 2 4 5 4 4 2 3 3 2 3 4 2 4 3 4 4 3 4 4 3 3 1 2 4 3 3 2 2 3 6 3 4 2 3 1 
9 13 10 10 6 8 10 10 6 12 3 10 10 11 2 12 4 10 11 6 7 1 8 7 8 7 5 8 8 7 13 10 3 5 8 8 9 4 10 10 10 7 4 14 11 7 8 7 6 9 10 9 8 9 9 8 5 10 2 8 7 4 9 6 11 12 9 6 4 9 7 5 8 6 11 11 9 9 9 9 14 8 11 13 11 8 7 9 3 7 10 7 6 4 4 8 5 11 11 6 8 10 9 6 5 8 10 5 10 7 7 6 9 4 13 8 7 7 11 13 9 9 6 10 9 12 12 8 8 9 7 10 4 7 6 13 8 8 11 8 11 9 12 11 9 5 10 7 9 8 10 9 13 12 12 6 8 5 9 12 8 12 8 7 11 8 11 10 7 4 9 4 5 4 11 8 11 6 9 8 7 11 9 10 7 5 7 9 7 8 12 8 9 8 7 10 5 7 9 11 
1 3 2 1 2 3 1 2 2 2 2 2 1 2 2 2 2 2 2 2 2 1 1 2 1 2 3 2 2 2 2 2 2 3 1 1 2 2 2 2 2 2 1 2 3 2 2 2 2 3 2 2 2 4 2 1 3 2 2 1 3 2 2 1 0 3 3 3 2 3 2 1 2 2 1 3 3 1 2 1 2 2 2 2 3 4 1 1 1 2 3 3 3 3 2 3 3 2 1 2 3 1 2 2 3 3 1 2 3 3 1 2 2 3 3 2 2 3 2 2 2 2 1 2 2 2 2 2 4 1 1 2 3 3 2 3 2 1 3 2 1 3 3 2 2 2 1 0 3 2 1 3 1 3 1 2 2 3 3 3 3 2 3 2 2 2 1 1 2 1 1 2 4 2 1 1 1 2 1 1 2 2 2 3 2 2 3 2 3 1 2 1 1 2 2 3 2 2 2 4 
9 8 11 13 10 8 14 8 9 6 10 9 6 11 5 5 6 11 3 8 11 5 8 13 10 4 9 5 9 9 5 9 8 7 7 9 8 10 11 9 8 6 3 10 8 8 5 5 8 7 10 10 8 10 8 11 10 8 10 4 6 9 9 6 9 10 6 6 9 6 8 6 9 6 4 13 5 6 9 9 4 11 4 13 5 9 10 7 5 5 6 7 8 10 13 10 10 7 3 7 7 5 7 10 9 8 8 3 4 12 11 11 4 7 13 6 10 9 8 8 6 7 12 10 13 0 6 12 5 10 8 8 5 7 7 10 7 4 9 11 12 10 3 7 10 9 7 9 6 10 8 6 11 8 6 8 7 10 7 6 2 7 6 8 5 5 7 10 8 10 5 9 4 5 7 10 4 5 10 3 7 11 11 9 12 6 10 9 9 8 10 12 10 8 10 10 7 7 5 11 
4 3 2 2 2 3 2 2 4 3 2 2 2 4 2 4 2 4 3 2 4 1 3 4 2 4 1 3 2 1 2 3 2 2 3 2 3 1 4 3 3 3 3 2 2 1 3 4 3 4 4 1 2 2 4 4 4 3 2 0 4 3 1 3 3 3 2 3 4 4 3 3 3 3 4 3 4 3 3 4 2 3 1 3 3 4 3 3 1 4 4 1 2 1 3 5 4 3 4 5 4 2 2 2 2 4 2 2 4 2 4 2 4 4 3 2 4 4 5 4 4 5 3 2 5 3 5 3 3 3 1 3 2 3 3 3 4 3 1 2 2 4 3 2 1 3 1 3 4 3 3 4 4 4 4 3 4 1 1 3 3 3 3 3 3 4 2 3 3 2 3 3 4 4 4 2 4 3 4 4 2 3 3 2 3 4 3 2 4 2 4 1 2 4 1 3 4 1 4 3 
4 2 4 5 3 2 5 5 4 4 4 2 3 2 3 3 2 3 3 2 3 2 3 1 3 4 4 1 2 3 1 4 2 3 3 5 1 3 3 4 2 2 3 3 3 3 2 2 4 2 1 3 3 2 1 3 3 2 1 2 3 3 3 2 2 3 3 5 3 3 4 2 3 3 3 2 4 2 3 3 3 2 3 3 3 2 4 2 2 3 2 4 3 2 4 4 3 2 4 3 3 3 2 2 4 4 3 1 4 2 5 4 4 1 1 4 3 2 3 2 4 3 3 3 3 3 3 4 4 4 3 2 2 2 2 1 3 4 2 2 2 3 3 3 3 3 2 2 4 3 3 2 2 3 3 2 4 3 4 2 3 4 5 2 4 4 5 1 2 4 4 3 4 3 4 0 3 3 5 2 1 4 3 5 2 4 3 3 3 3 2 4 3 4 1 3 2 3 4 4 
3 3 3 3 3 2 3 4 3 3 2 4 4 3 2 3 1 5 2 3 2 5 3 4 2 3 4 3 3 3 3 2 3 3 2 2 5 2 2 4 4 3 3 3 2 3 4 3 3 4 2 3 4 3 2 2 3 3 3 2 3 3 2 3 4 5 1 3 3 2 4 2 3 4 4 3 2 3 4 3 3 3 4 1 3 4 2 3 2 3 4 2 3 3 3 3 5 4 4 2 4 3 3 2 3 2 3 1 2 3 4 4 3 5 5 2 4 3 2 2 2 4 3 2 4 3 2 1 5 4 2 5 3 3 3 2 1 4 2 4 4 5 3 4 3 1 3 3 1 3 3 3 1 3 2 1 2 4 4 4 4 2 3 2 2 3 2 3 2 4 3 2 2 3 5 3 4 2 3 2 4 3 3 4 3 2 3 3 2 4 4 3 1 3 3 3 3 2 4 4 
3 3 2 3 3 3 4 4 3 3 2 1 2 1 3 1 3 3 2 2 2 3 3 1 2 4 2 1 3 4 2 3 3 3 3 2 4 4 4 2 3 2 5 2 4 2 1 2 3 4 3 3 2 4 2 2 2 4 4 4 3 3 5 3 2 3 3 3 2 2 3 3 2 2 2 4 3 3 1 4 3 1 4 3 4 3 3 2 3 3 3 2 3 4 3 2 0 2 2 5 4 2 4 3 2 5 3 2 2 3 5 1 3 3 4 2 3 1 2 1 2 3 1 3 3 1 5 4 3 0 3 2 1 2 2 2 3 3 3 3 3 2 4 2 3 5 4 4 6 2 4 2 2 4 4 3 5 5 2 4 4 3 3 3 2 4 2 2 4 2 3 2 3 3 3 3 3 3 3 4 3 3 3 4 5 2 4 3 4 2 0 3 2 2 4 2 2 4 6 3 
1 1 1 1 1 0 1 1 1 1 1 1 1 1 1 1 1 1 1 1 1 2 0 1 1 1 1 1 1 1 1 1 1 1 1 1 1 1 1 1 1 1 1 1 1 1 1 1 1 1 1 1 2 1 1 1 1 1 1 1 1 1 1 1 1 1 2 1 1 2 1 1 1 1 1 1 1 1 1 1 1 1 0 1 1 1 1 1 1 0 1 1 1 1 1 1 1 1 1 1 1 1 1 1 1 1 0 1 1 1 2 1 1 1 1 1 1 1 1 1 1 1 1 1 1 2 0 1 1 1 1 1 1 1 1 1 2 1 1 1 1 1 1 1 1 1 1 1 1 1 1 0 1 0 0 1 1 1 1 2 1 1 2 1 2 1 1 1 1 1 1 1 1 1 1 1 1 1 1 1 0 1 2 2 1 1 1 1 1 1 1 1 0 1 1 1 1 1 1 1 
2 2 2 2 1 1 2 2 2 2 0 3 1 0 1 0 4 2 2 1 1 1 2 3 2 1 3 2 2 3 3 2 2 2 2 2 2 3 3 2 2 2 1 1 2 3 1 1 2 2 3 1 2 1 0 2 2 1 2 2 2 3 2 2 1 1 1 1 2 3 2 2 2 2 3 2 1 4 2 2 2 2 1 3 2 2 2 3 1 1 0 3 2 3 2 3 1 2 2 1 2 1 3 2 1 2 3 2 1 2 3 2 2 2 1 3 2 2 2 2 2 1 2 2 2 3 2 2 2 1 3 2 3 2 2 2 2 2 3 2 3 3 1 2 1 2 2 2 1 3 1 1 2 2 2 2 2 2 1 2 2 1 1 1 2 1 1 2 1 1 3 2 2 3 1 1 2 2 2 2 2 2 1 2 2 4 2 1 2 3 2 2 2 2 3 1 1 1 2 3 
4 3 8 4 8 8 7 8 8 6 4 7 7 4 7 8 4 5 6 6 5 1 8 10 4 9 6 4 9 7 7 7 5 7 6 7 7 7 7 8 8 3 6 7 5 7 8 7 3 4 6 3 7 4 5 3 4 7 7 6 5 7 6 7 8 6 7 6 7 6 7 7 6 5 5 7 5 5 8 4 6 5 5 8 7 3 4 8 10 3 5 8 4 8 6 3 4 6 8 6 5 8 4 4 8 11 5 4 3 4 6 8 2 6 8 3 4 7 4 7 3 7 9 6 7 7 5 10 5 9 4 6 7 3 5 6 6 6 8 7 6 3 4 3 4 5 8 5 5 2 4 8 8 5 6 5 10 5 8 6 6 8 4 4 5 5 7 7 7 10 7 7 8 3 7 4 3 7 6 2 7 3 6 8 9 7 3 5 5 6 7 7 8 9 6 8 5 6 7 8 
8 9 5 16 11 3 16 8 11 10 9 8 8 6 12 11 13 10 9 10 10 13 8 12 5 6 12 13 7 7 8 10 9 7 9 7 7 6 7 9 4 7 11 7 7 6 11 3 9 8 5 7 6 5 6 9 4 9 14 6 8 12 12 9 11 6 2 7 4 9 5 7 12 8 10 1 6 5 5 8 11 11 9 2 10 7 6 6 9 12 8 8 3 8 5 4 6 10 7 11 5 7 6 5 5 8 4 10 4 9 12 8 10 11 8 8 6 9 8 11 7 10 7 3 2 10 6 10 11 11 8 3 6 14 9 6 9 10 9 6 7 9 5 7 8 7 3 14 6 8 9 12 10 7 4 8 6 5 7 5 13 8 9 7 13 8 6 3 11 7 8 11 8 9 6 12 6 5 7 12 12 5 7 9 3 4 11 6 4 7 9 10 9 7 8 3 2 9 6 10 
3 6 17 10 8 10 6 9 12 7 8 14 8 2 7 14 9 8 5 9 16 10 4 13 14 11 11 13 7 9 13 12 9 11 11 12 6 15 10 5 12 12 6 12 11 8 7 19 13 18 11 11 12 7 12 12 15 11 11 15 6 7 13 12 9 14 11 0 12 16 15 13 7 12 6 5 4 10 8 6 12 8 7 13 10 15 7 9 7 12 16 3 5 8 15 13 7 7 17 10 12 16 4 17 4 5 13 14 9 4 10 13 15 11 10 7 6 3 6 11 12 2 8 12 12 8 7 9 5 17 5 15 12 9 14 8 8 15 17 5 12 14 12 11 8 9 14 10 10 9 11 9 13 8 7 14 12 4 9 13 6 8 10 8 4 10 9 7 7 14 9 13 8 12 11 9 11 6 6 12 12 3 3 9 11 13 10 15 6 16 4 9 5 15 6 13 19 15 2 12 
2 5 2 6 3 7 5 5 4 7 4 4 4 5 6 4 6 3 5 4 5 4 3 3 6 3 6 5 5 6 5 6 6 8 7 6 2 6 7 3 3 8 6 7 6 1 6 5 6 5 4 4 4 5 4 6 7 6 4 6 5 7 2 5 2 4 4 5 5 0 4 6 5 6 5 4 7 5 2 1 5 2 4 7 3 0 5 7 6 4 8 4 6 5 6 6 4 4 6 8 5 5 3 6 5 4 3 8 5 5 6 7 5 4 6 7 7 7 8 6 4 7 5 5 6 6 5 1 6 6 4 6 5 5 6 5 3 5 5 4 8 2 5 5 6 5 5 4 6 6 4 4 6 2 7 2 7 6 3 4 3 3 7 5 5 6 2 5 5 4 6 6 3 6 3 6 5 7 7 5 3 6 7 3 6 11 3 6 1 6 6 5 4 6 4 6 7 5 7 5 
5 3 6 3 3 4 5 5 3 4 6 5 6 5 2 4 6 4 5 2 6 6 6 6 4 4 5 3 4 5 3 5 2 4 2 4 3 3 6 5 2 5 4 3 6 4 3 6 3 5 5 4 6 7 2 6 5 5 2 3 5 5 6 2 3 3 4 2 6 5 7 4 5 4 2 5 5 3 7 5 5 5 4 4 4 2 3 4 5 5 3 4 5 6 4 3 6 4 6 2 4 2 4 6 6 4 4 4 7 4 2 4 5 6 3 4 4 4 5 4 5 5 2 4 5 3 2 5 4 4 6 3 5 2 8 2 5 5 4 4 1 4 5 4 2 3 5 8 5 4 3 4 4 5 3 5 7 3 4 5 3 4 5 5 6 5 5 3 2 5 4 3 5 2 2 3 5 4 2 2 3 4 4 6 2 4 2 6 4 6 4 4 4 6 3 4 3 2 4 6 
8 12 9 11 5 10 7 6 5 8 10 6 9 10 6 7 8 11 7 8 3 7 9 1 4 11 2 6 8 7 7 8 7 6 11 9 10 9 6 9 9 3 5 10 7 12 8 3 6 14 8 11 12 5 10 4 9 4 13 11 7 10 5 6 7 7 5 9 8 9 9 5 9 5 4 7 11 3 8 12 3 6 12 7 10 1 6 8 11 6 9 6 6 10 11 6 9 8 10 10 4 2 7 12 7 4 4 8 10 12 11 7 6 11 6 11 6 15 4 12 13 8 10 12 4 8 8 10 9 4 10 10 9 6 8 8 9 8 14 11 4 10 12 6 8 11 11 0 8 0 9 9 11 7 13 9 8 8 10 7 11 9 9 7 6 7 9 10 13 2 10 6 7 6 2 7 5 11 5 9 5 8 6 8 3 6 9 8 6 6 14 12 8 9 2 7 6 8 4 3 
4 2 2 4 2 4 5 4 4 3 4 4 3 2 2 3 2 4 6 3 2 2 4 1 5 3 2 2 4 3 3 4 5 4 1 2 5 4 5 3 4 4 3 2 4 4 3 3 2 3 2 2 2 2 4 4 3 3 2 3 3 3 3 3 4 3 1 4 2 2 3 4 3 5 5 4 3 2 2 3 2 1 5 3 4 3 3 3 3 3 5 1 4 2 1 2 2 1 4 2 3 3 3 4 3 0 3 2 3 1 3 3 3 2 3 3 3 3 3 2 3 3 3 4 1 2 4 3 4 4 3 1 3 3 4 3 0 2 4 3 4 3 3 4 4 1 3 2 4 3 3 3 2 4 4 3 3 3 4 2 3 2 4 2 4 4 2 4 3 3 1 4 2 4 4 2 3 3 4 4 1 2 3 4 2 4 4 4 1 2 4 3 2 4 5 5 3 3 1 3 
10 5 10 9 11 6 9 11 11 8 12 11 12 12 7 8 3 13 11 9 9 8 9 8 7 8 3 11 9 10 10 10 8 10 7 15 9 4 15 14 8 9 13 17 9 14 18 10 8 7 8 4 7 11 12 3 8 10 12 9 12 8 16 7 10 6 3 12 13 8 12 2 8 7 9 13 9 0 7 7 10 12 5 5 10 10 9 10 11 8 17 12 10 5 19 16 6 13 11 8 6 13 8 12 11 11 6 7 9 8 11 7 15 12 7 10 15 13 12 6 9 8 17 8 10 7 17 12 11 11 16 1 9 10 3 6 13 11 10 6 12 8 11 11 14 9 7 10 11 6 8 9 9 8 8 12 4 4 11 12 10 9 12 10 11 12 5 3 11 16 9 6 11 13 10 10 16 6 6 5 10 8 9 7 11 19 5 17 6 11 13 13 8 14 16 9 8 11 7 11 
12 7 8 12 7 6 9 4 9 9 8 9 4 10 10 9 4 10 2 9 3 3 9 9 9 13 9 8 8 4 4 4 2 11 5 12 4 3 6 7 4 12 10 5 10 8 6 3 11 4 11 11 11 8 7 9 13 5 7 7 10 9 3 4 11 11 7 8 9 7 2 10 13 8 12 10 9 6 10 10 1 8 7 7 13 6 11 5 5 7 9 11 9 6 12 9 2 6 13 6 6 10 9 10 7 7 7 7 7 3 6 13 5 4 6 12 10 5 2 13 9 11 10 5 8 7 11 5 6 10 12 9 7 12 12 12 10 7 6 11 12 5 7 9 12 6 9 5 9 4 14 6 6 16 8 9 4 10 10 6 7 12 8 9 4 4 11 11 4 9 11 11 11 5 8 9 6 4 8 12 14 11 9 9 8 6 9 6 7 4 11 6 7 10 6 4 6 6 6 11 
4 2 4 4 4 3 4 6 3 5 4 4 3 4 5 2 4 5 1 5 4 3 4 7 5 7 6 4 5 6 5 2 4 6 5 2 5 4 4 4 4 5 4 3 5 6 5 4 6 3 2 5 4 5 4 4 4 5 2 3 1 4 7 6 3 4 2 4 5 4 4 3 4 3 4 5 3 6 4 4 4 4 4 5 3 4 3 2 3 6 3 2 5 4 4 5 6 7 5 4 5 5 4 3 4 5 6 4 4 3 7 7 5 2 2 3 3 1 5 4 4 3 7 3 2 3 5 2 2 3 3 4 4 4 4 5 4 5 4 1 3 5 2 2 3 5 1 6 4 3 4 5 3 4 4 6 5 3 2 3 5 3 3 2 4 6 5 3 4 2 7 3 6 5 2 6 6 5 5 5 4 3 3 3 4 4 6 5 2 3 4 6 5 3 4 7 4 5 3 2 
6 10 12 7 8 9 7 8 18 8 9 2 11 10 7 4 7 8 10 5 8 7 10 11 9 8 5 10 9 14 9 8 7 8 12 8 5 4 14 7 10 7 12 3 8 10 6 17 8 8 8 8 7 6 5 4 7 16 9 9 10 12 10 11 6 9 7 8 7 8 5 11 5 12 11 2 11 7 10 9 8 7 12 11 8 10 10 11 9 7 6 5 9 7 14 9 11 11 10 9 10 12 9 5 10 10 9 9 9 9 15 4 5 13 8 13 11 11 9 10 9 12 4 11 9 5 10 9 10 3 12 19 10 5 10 12 4 9 8 4 8 7 12 8 9 13 8 16 12 10 11 12 8 11 8 7 11 9 13 15 9 8 11 8 9 6 10 9 11 7 9 8 8 6 9 8 8 11 11 8 3 14 10 11 11 12 11 12 9 9 10 9 11 9 9 6 8 6 8 8 
3 1 2 2 1 2 3 3 1 1 1 2 2 3 3 3 2 1 2 3 2 2 1 2 2 2 2 1 3 2 2 2 2 2 2 1 1 3 1 2 2 2 2 3 1 2 2 1 3 2 1 2 4 2 1 2 2 2 2 2 0 1 2 3 2 2 2 3 3 2 2 2 2 1 3 1 2 3 3 1 3 1 2 1 1 2 2 3 3 2 3 2 2 1 2 3 2 1 2 2 2 1 2 2 1 2 2 2 3 2 2 2 2 3 2 1 1 1 0 1 3 2 1 2 1 1 2 2 3 2 1 2 1 1 2 1 2 2 2 2 1 1 1 3 2 2 2 2 1 2 3 1 3 3 1 2 1 2 2 2 2 1 2 3 1 3 2 1 2 3 2 2 2 2 2 1 2 1 3 3 3 2 2 2 2 2 2 2 2 2 2 3 2 2 2 1 2 4 1 1 
5 4 5 6 5 2 2 5 4 5 2 4 4 3 1 3 3 4 2 4 4 6 6 2 6 4 2 3 3 3 2 3 2 3 5 3 3 6 3 5 5 5 5 4 4 5 3 5 4 3 3 3 5 5 6 7 6 5 3 5 4 3 3 5 4 3 4 5 4 2 4 2 4 4 3 4 5 5 3 3 5 6 5 5 3 6 5 6 6 4 4 6 5 3 3 5 5 4 5 5 5 5 4 4 5 3 5 4 6 1 4 6 4 5 5 4 6 3 3 3 4 4 3 6 5 5 6 4 3 3 3 6 4 5 5 4 5 0 4 4 4 6 7 6 1 4 6 4 5 4 5 5 4 6 4 2 3 4 4 5 5 5 4 3 4 5 2 4 5 2 2 4 3 3 4 3 3 6 6 5 4 8 3 5 7 2 3 5 4 4 4 4 6 3 2 4 6 4 3 6 
7 2 7 9 16 12 6 12 6 6 8 7 4 6 11 10 12 9 10 12 11 13 11 11 14 11 15 12 17 13 10 11 9 9 7 5 6 10 8 11 10 14 8 13 7 9 6 17 10 12 9 6 11 10 9 12 4 10 2 7 9 9 17 8 8 6 12 12 7 11 12 8 12 12 6 7 11 13 4 5 16 8 10 14 11 11 15 7 6 15 10 1 11 4 6 15 8 14 10 9 14 15 18 4 16 7 16 10 11 15 9 9 10 9 13 12 8 15 10 6 12 13 13 11 11 16 16 4 11 11 9 12 9 15 19 13 8 0 13 6 4 9 7 13 15 10 17 10 11 10 12 15 7 12 11 3 10 9 12 7 12 14 8 7 16 14 13 6 8 8 9 15 8 11 12 10 13 11 5 8 14 9 10 13 11 7 15 11 13 9 6 10 10 12 12 11 8 14 14 14 
3 5 6 7 3 3 10 5 4 5 5 8 3 3 5 3 6 6 6 7 4 7 8 6 7 3 4 7 5 7 6 9 11 11 7 5 7 8 8 9 6 12 5 4 8 5 7 5 5 5 6 7 4 8 5 8 8 12 6 10 6 4 5 8 9 7 8 6 3 5 5 2 5 9 3 10 11 11 4 9 3 9 6 7 8 4 7 4 5 4 3 7 7 7 7 5 6 13 7 5 5 7 6 6 9 7 9 7 4 4 8 5 4 7 7 7 6 6 1 8 6 7 9 7 4 7 6 3 6 8 8 7 8 5 8 4 5 10 9 6 5 6 7 7 6 6 7 4 8 9 10 3 3 3 2 9 7 7 5 4 8 6 4 7 8 4 5 10 6 2 8 7 6 7 7 5 4 7 3 8 3 7 7 6 6 7 7 6 6 6 10 7 8 6 9 5 7 8 4 7 
5 3 7 11 9 8 9 5 11 9 1 5 4 8 5 8 10 8 6 10 4 7 5 9 7 10 4 11 9 8 5 8 8 4 8 4 5 5 9 6 9 9 8 6 8 4 8 9 9 6 8 1 8 9 5 7 10 7 8 6 8 6 9 5 8 7 9 10 6 8 6 6 10 9 8 9 6 8 8 9 9 9 9 6 9 8 6 10 8 8 6 7 5 13 2 4 11 10 6 9 8 10 10 11 10 11 4 4 6 10 9 2 7 7 6 5 11 8 12 1 8 5 9 10 8 5 4 10 8 2 9 6 3 2 6 4 8 6 6 11 7 8 10 5 7 5 4 7 6 6 6 9 4 2 3 10 2 5 4 5 8 10 8 7 9 4 6 4 7 6 9 4 6 8 4 8 7 5 11 3 4 5 6 8 9 5 7 6 6 10 9 8 10 6 9 8 6 7 10 8 
4 7 3 5 5 4 5 4 3 7 2 3 5 4 3 3 3 5 3 4 5 4 5 3 3 4 6 4 4 6 4 3 2 6 4 3 6 5 2 5 5 2 5 3 3 4 1 3 3 2 4 4 6 3 2 6 3 3 5 3 4 4 5 4 2 5 3 2 6 3 5 3 4 4 4 3 7 2 3 6 4 2 4 3 2 5 5 2 4 4 5 3 6 5 4 5 3 5 2 6 4 5 6 4 3 3 3 4 3 3 6 1 2 4 2 3 1 5 3 4 5 5 5 4 5 4 3 3 3 3 3 6 3 3 5 2 7 4 2 4 3 3 4 3 2 4 5 5 4 0 3 2 3 5 6 3 5 4 4 3 4 6 2 3 4 6 5 2 5 3 5 4 4 3 4 4 2 6 3 0 3 5 3 4 5 5 6 5 3 4 6 3 4 5 3 4 3 3 5 4 
4 7 4 6 6 4 8 5 5 9 9 5 7 4 8 6 5 7 9 5 5 6 5 3 4 9 5 7 6 7 5 6 6 6 6 6 8 4 5 6 8 8 5 8 7 7 8 5 4 5 5 7 5 6 2 3 4 7 9 6 6 4 6 7 9 8 9 6 6 8 6 7 9 4 6 7 6 4 4 8 5 4 4 5 6 8 5 3 5 6 10 7 4 6 6 7 4 4 5 10 6 4 10 6 3 8 5 5 8 4 6 9 6 7 5 6 5 7 6 3 1 6 0 6 8 4 8 4 4 7 3 6 5 8 7 5 10 7 6 4 7 8 5 1 7 7 6 7 9 5 5 6 7 1 7 6 5 5 8 4 2 7 6 9 7 3 11 5 7 8 6 6 7 5 5 6 6 5 4 8 4 8 8 9 5 5 8 4 5 5 5 5 6 6 7 7 6 6 5 5 
10 7 7 5 5 10 5 8 6 9 7 4 13 10 11 2 7 1 7 7 6 5 9 6 7 9 10 5 4 7 9 6 9 9 8 4 11 6 4 9 8 9 6 6 7 10 6 3 6 13 8 7 8 7 8 8 8 6 11 10 11 7 8 10 9 9 5 7 9 7 5 8 5 8 11 9 5 5 14 9 8 8 7 9 9 8 6 9 12 8 5 9 7 5 7 7 7 7 5 8 6 2 10 5 10 7 8 5 9 9 6 5 8 8 4 11 10 6 1 9 8 2 5 8 4 9 9 5 6 10 8 6 6 8 3 7 6 7 3 8 9 8 9 10 5 6 5 5 13 6 10 8 2 2 8 9 4 8 12 4 11 8 3 10 12 10 10 7 7 6 4 6 7 8 10 4 10 5 10 8 9 11 9 7 5 6 9 8 11 11 8 7 6 7 9 7 6 5 7 4 
8 5 5 7 2 7 7 6 6 6 5 7 8 6 5 9 3 6 6 4 5 7 7 9 6 6 4 5 6 7 7 8 9 4 9 5 7 9 1 7 5 7 7 6 6 7 5 3 6 5 7 7 10 6 5 4 4 7 7 9 6 5 7 7 9 6 4 7 8 4 6 11 5 4 6 4 3 5 7 7 4 5 4 7 9 6 7 4 5 6 8 10 6 2 3 5 3 6 2 9 4 6 6 8 4 6 7 6 8 4 6 6 6 9 4 5 7 6 7 5 3 10 5 3 6 7 3 5 5 5 3 9 7 5 9 3 5 2 5 7 4 2 6 5 9 5 6 5 5 7 3 5 8 10 2 6 5 8 6 6 7 5 6 6 8 5 6 5 7 6 5 7 8 6 6 9 10 6 6 8 6 11 6 5 5 7 7 5 5 7 8 7 5 5 7 3 5 7 7 6 
