NAME  : Jabali_50_3_0.85_1_9
TYPE : SVRP
MODEL : FINITE_SUPPORT
NUMBER_OF_SCENARIOS : 200
DIMENSION : 50
EDGE_WEIGHT_TYPE : MATRIX
CAPACITY : 106
N_VEHICLES : 3
NODE_COORD_SECTION
1 4022 4189
2 321 3954
3 6332 1316
4 1364 2584
5 4779 3754
6 1342 6234
7 1508 916
8 2086 6703
9 4525 2008
10 1729 4124
11 27 1440
12 2728 6520
13 5347 3963
14 1680 4790
15 1718 6284
16 3696 2060
17 2738 7284
18 1384 3146
19 5430 5728
20 7005 1800
21 7264 4818
22 4090 5526
23 4454 6833
24 1529 7039
25 1502 2294
26 5053 1683
27 3732 4067
28 3803 18
29 4661 899
30 4241 2008
31 4952 7363
32 3334 5756
33 3069 6071
34 6128 3323
35 6245 2378
36 4771 5073
37 4434 193
38 6322 1729
39 1320 5956
40 7678 6065
41 1012 4553
42 6501 6714
43 4723 6266
44 6653 2052
45 4919 2875
46 6925 4046
47 5280 2962
48 6920 2475
49 6044 4544
50 5061 6996
DEMAND_SECTION
1 0.0
2 9.0
3 7.0
4 9.0
5 4.0
6 1.0
7 5.0
8 8.0
9 10.0
10 6.0
11 1.0
12 3.0
13 4.0
14 5.0
15 7.0
16 6.0
17 5.0
18 4.0
19 9.0
20 1.0
21 5.0
22 4.0
23 6.0
24 10.0
25 6.0
26 10.0
27 9.0
28 8.0
29 4.0
30 2.0
31 5.0
32 9.0
33 3.0
34 2.0
35 3.0
36 8.0
37 1.0
38 1.0
39 2.0
40 4.0
41 9.0
42 4.0
43 9.0
44 4.0
45 7.0
46 6.0
47 5.0
48 4.0
49 8.0
50 9.0
DEVIATION_SECTION
1 0.0
2 3.0
3 2.33333
4 3.0
5 1.33333
6 0.333333
7 1.66667
8 2.66667
9 3.33333
10 2.0
11 0.333333
12 1.0
13 1.33333
14 1.66667
15 2.33333
16 2.0
17 1.66667
18 1.33333
19 3.0
20 0.333333
21 1.66667
22 1.33333
23 2.0
24 3.33333
25 2.0
26 3.33333
27 3.0
28 2.66667
29 1.33333
30 0.666667
31 1.66667
32 3.0
33 1.0
34 0.666667
35 1.0
36 2.66667
37 0.333333
38 0.333333
39 0.666667
40 1.33333
41 3.0
42 1.33333
43 3.0
44 1.33333
45 2.33333
46 2.0
47 1.66667
48 1.33333
49 2.66667
50 3.0
DISTANCE_MATRIX
0.0 51.5461 49.5412 43.4842 12.3693 45.31 62.4458 42.7255 34.4402 32.28 67.8891 36.276 23.4164 34.0147 42.4952 38.1146 46.0995 39.6652 27.8942 50.9902 43.8634 27.6806 40.719 50.7582 45.3119 38.1146 3.60555 63.6016 47.958 35.5071 46.5761 26.6028 29.2021 30.4138 38.9102 17.2327 57.6049 45.6189 44.2719 54.5874 42.4264 47.2487 33.0425 45.618 22.3607 38.6394 23.4164 45.2217 26.9258 42.1602 
51.5461 0.0 89.1067 23.6008 62.5143 33.7343 43.6005 43.6578 62.9682 19.3132 34.3657 46.6476 71.8142 21.2132 36.6879 53.6004 54.626 18.3848 73.2978 95.1898 95.2733 57.2014 66.5283 44.5533 27.0185 71.1969 48.7647 68.7968 68.9547 60.208 75.8222 48.1041 46.0977 79.7621 84.006 68.2249 72.8972 87.4669 30.8058 104.112 12.2066 92.4684 66.5565 90.0888 65.0308 89.9899 69.1158 92.0217 78.4347 74.3316 
49.5412 89.1067 0.0 69.0 38.1838 94.167 65.4599 92.2639 26.1725 73.0821 85.3756 85.8145 46.1248 78.5493 92.0265 36.0139 93.6165 71.3442 59.0339 10.6301 48.0104 63.9128 75.1091 100.297 67.0671 18.0278 50.4426 37.8021 24.6982 29.0689 80.5295 72.7139 78.7405 26.5707 13.6015 53.4135 29.8329 5.09902 92.4204 66.0303 84.4808 71.8053 67.4326 10.198 28.0179 37.0135 26.1725 16.4924 42.3792 76.0592 
43.4842 23.6008 69.0 0.0 52.9232 48.5077 22.1359 55.1453 43.1045 21.0238 24.4131 54.231 59.9232 29.2746 49.6488 33.0151 64.0703 7.28011 71.2584 76.4199 86.8013 56.2038 69.6148 59.2284 3.60555 51.0098 40.5081 45.2769 46.8722 40.05 78.9415 49.6488 50.2195 65.0963 66.2873 60.5969 49.7695 68.1836 45.607 97.6918 26.8328 90.6129 76.4067 71.7008 48.7032 78.1154 53.1413 74.7329 70.5387 77.4181 
12.3693 62.5143 38.1838 52.9232 0.0 57.5847 60.0088 54.9649 24.0208 43.4222 74.6737 48.4535 13.0 46.0435 54.7346 27.6982 56.4228 50.1852 26.0192 38.9487 35.0 26.7191 39.6241 62.9976 52.2319 27.5136 14.0 53.0923 37.4486 25.0799 45.4812 35.5202 40.9034 18.1108 26.9258 16.2713 47.0955 34.0588 56.6127 48.6004 54.0833 44.3847 31.9476 33.6155 11.7047 27.8568 12.0416 32.8938 18.3848 41.0653 
45.31 33.7343 94.167 48.5077 57.5847 0.0 70.6045 11.3137 70.4344 28.2312 67.0298 18.3848 68.6941 19.6977 4.47214 66.2783 22.6716 41.2311 55.3273 96.2707 82.0061 39.0128 41.7852 11.0 51.923 78.0265 44.7214 87.3967 85.8997 68.8082 49.2443 28.0 23.0868 75.3649 84.1892 48.2597 95.5466 90.8966 3.0 85.1469 23.0 68.9493 43.7379 90.8966 67.6384 80.6226 68.6941 90.4765 67.3647 49.2443 
62.4458 43.6005 65.4599 22.1359 60.0088 70.6045 0.0 76.7919 44.854 42.7551 21.0238 75.0267 67.0088 51.1957 71.5891 34.7165 85.0941 29.4109 86.8429 74.8465 93.4345 75.4818 89.315 81.2527 18.6815 49.7033 59.4697 32.0624 40.8044 41.6967 105.525 69.108 70.2099 70.3766 68.0294 76.1814 39.0512 66.3099 67.72 108.048 48.8467 106.197 91.9912 71.1577 53.8311 84.2242 58.1881 76.0977 77.6209 101.109 
42.7255 43.6578 92.2639 55.1453 54.9649 11.3137 76.7919 0.0 70.6628 34.1321 75.6637 9.05539 66.1392 26.0 7.2111 66.4208 11.4018 48.0416 47.0425 93.7151 74.3303 31.8345 31.7805 8.544 58.3095 78.2375 42.5737 95.7795 86.2173 69.1259 38.4838 21.5407 16.1555 70.8022 81.6342 42.0595 95.6891 88.3416 13.6015 75.8024 32.0156 58.9406 35.0 88.3416 65.0834 74.2243 66.1392 86.5779 60.8834 38.8973 
34.4402 62.9682 26.1725 43.1045 24.0208 70.4344 44.854 70.6628 0.0 47.9483 61.635 65.7144 31.0238 53.7795 68.719 10.198 75.5379 45.1774 50.0 33.3766 52.4786 50.6443 63.6085 77.9928 41.4367 8.24621 43.09 31.0697 15.426 3.16228 69.4656 56.0412 58.6404 27.8029 24.1661 40.1964 25.0729 25.0799 68.6003 68.942 59.3444 67.7422 55.932 28.8617 13.3417 42.2019 16.5529 32.6956 38.8973 65.0497 
32.28 19.3132 73.0821 21.0238 43.4222 28.2312 42.7551 34.1321 47.9483 0.0 43.0116 33.541 53.1045 8.544 28.8617 40.663 43.1856 14.0357 54.8764 78.0897 75.9605 38.9062 50.3415 38.6005 24.1868 55.8868 29.6142 59.4967 57.1458 46.254 59.6682 31.0644 30.4631 61.131 66.4831 48.9123 62.0099 70.8308 25.4951 85.6909 11.4018 74.0471 57.6494 72.8354 47.2652 70.8308 51.0882 74.1687 59.1354 58.1448 
67.8891 34.3657 85.3756 24.4131 74.6737 67.0298 21.0238 75.6637 61.635 43.0116 0.0 76.4003 81.6737 50.01 69.2604 51.4975 85.703 29.5466 95.6633 94.3133 108.552 80.2319 93.0841 78.0256 23.3452 69.1265 64.913 53.0848 61.0 58.4776 102.411 73.4098 73.3894 86.6083 85.6735 85.0018 60.0083 85.7694 64.0312 122.713 44.0454 115.018 100.812 90.5809 69.9714 99.8649 74.4312 94.2175 92.2892 100.887 
36.276 46.6476 85.8145 54.231 48.4535 18.3848 75.0267 9.05539 65.7144 33.541 76.4003 0.0 59.6897 26.5707 13.9284 61.2784 10.198 47.5184 38.0132 85.0238 65.2763 23.0018 23.4094 17.4642 57.0789 73.2891 36.1243 89.8061 81.2689 64.1774 31.0644 13.0384 7.81025 62.1999 73.3968 33.2583 90.5466 81.8922 19.7231 67.082 34.4819 50.5964 26.0192 79.882 58.634 65.3916 59.6897 77.9756 52.0508 30.8707 
23.4164 71.8142 46.1248 59.9232 13.0 68.6941 67.0088 66.1392 31.0238 53.1045 81.6737 59.6897 0.0 56.2709 65.9017 34.6982 69.5132 57.1852 39.8341 47.5766 46.8782 39.6205 52.6589 73.8122 59.2319 34.6982 24.3178 60.1852 44.5416 32.0907 58.516 50.0165 52.6158 28.0278 35.4951 29.1726 54.1885 42.2025 67.5847 61.0392 44.0 59.1886 44.9824 42.2025 18.9443 39.0689 20.0 42.0156 30.6155 54.1001 
34.0147 21.2132 78.5493 29.2746 46.0435 19.6977 51.1957 26.0 53.7795 8.544 50.01 26.5707 56.2709 0.0 20.3961 49.5554 35.6931 22.0907 52.7731 82.7103 76.6316 36.3593 45.3504 30.0832 32.5576 61.7171 32.0624 67.7855 69.1767 52.0853 54.6717 26.9072 25.0 64.1249 70.8308 42.2026 70.2987 75.8947 17.0 83.6301 9.43398 71.9574 45.3787 77.3692 51.6624 72.4431 55.1187 78.1398 60.0167 53.1537 
42.4952 36.6879 92.0265 49.6488 54.7346 4.47214 71.5891 7.2111 68.719 28.8617 69.2604 13.9284 65.9017 20.3961 0.0 64.6499 18.6011 42.4264 51.1566 93.4848 78.0064 35.0143 37.3363 9.84886 52.9528 76.2937 42.19 87.5439 84.2712 67.1797 44.7772 24.0832 19.0 72.5148 81.4039 44.5533 93.9181 88.1042 6.40312 80.8084 25.318 64.5136 39.4588 88.1114 64.846 76.9415 65.9017 87.6269 63.6396 44.7772 
38.1146 53.6004 36.0139 33.0151 27.6982 66.2783 34.7165 66.4208 10.198 40.663 51.4975 61.2784 34.6982 49.5554 64.6499 0.0 71.3028 35.5106 53.7154 43.566 59.8164 54.3187 67.3571 73.9005 31.257 18.0 39.0231 33.7829 30.6799 7.07107 73.2142 51.9744 54.5736 36.1248 34.176 43.8708 35.5625 35.2278 64.4014 75.2928 50.8785 71.9951 59.6806 39.0512 19.8494 50.2096 24.0416 42.72 44.7772 68.7983 
46.0995 54.626 93.6165 64.0703 56.4228 22.6716 85.0941 11.4018 75.5379 43.1856 85.703 10.198 69.5132 35.6931 18.6011 71.3028 0.0 57.2189 41.4849 92.9931 68.884 30.9574 24.0832 16.1555 67.0075 83.1126 45.9478 100.661 91.0924 74.0009 28.8617 21.4009 17.0 70.1693 81.3661 41.2139 100.739 89.1681 25.0 68.0294 42.72 50.3587 29.4109 87.8513 69.7538 70.3917 67.937 85.945 57.4192 30.1496 
39.6652 18.3848 71.3442 7.28011 50.1852 41.2311 29.4109 48.0416 45.1774 14.0357 29.5466 47.5184 57.1852 22.0907 42.4264 35.5106 57.2189 0.0 67.4394 78.0064 83.5201 50.7607 63.5721 51.9711 10.7703 53.3385 36.6891 50.8035 50.5964 42.2966 72.8988 43.8634 43.9659 64.6667 67.2681 56.7779 54.5894 70.0286 38.3275 94.1326 19.7231 85.9016 69.5039 73.0616 49.0529 76.2541 53.4149 75.5381 66.5601 71.3754 
27.8942 73.2978 59.0339 71.2584 26.0192 55.3273 86.8429 47.0425 50.0 54.8764 95.6633 38.0132 39.8341 52.7731 51.1566 53.7154 41.4849 67.4394 0.0 55.8032 27.4591 17.0113 18.3576 55.2268 73.0861 52.6118 31.3585 78.5857 62.9421 51.0882 21.6333 28.0346 32.317 32.7567 45.6508 13.0384 72.589 54.1202 55.8381 30.8707 62.1772 19.7231 12.1655 51.3128 37.1214 29.6816 35.6931 47.634 17.6918 17.2047 
50.9902 95.1898 10.6301 76.4199 38.9487 96.2707 74.8465 93.7151 33.3766 78.0897 94.3133 85.0238 47.5766 82.7103 93.4848 43.566 92.9931 78.0064 55.8032 0.0 40.4475 63.2535 72.918 101.748 74.8131 25.9615 51.8944 48.2701 34.4819 36.4966 77.4209 72.0905 77.4737 23.3452 12.083 52.4976 40.3609 8.544 95.1613 58.2151 89.4427 66.1287 65.2415 5.38516 31.0483 30.0832 27.8568 8.544 38.2753 73.0068 
43.8634 95.2733 48.0104 86.8013 35.0 82.0061 93.4345 74.3303 52.4786 75.9605 108.552 65.2763 46.8782 76.6316 78.0064 59.8164 68.884 83.5201 27.4591 40.4475 0.0 43.0 45.2217 82.6075 86.11 50.6952 46.9574 77.4726 61.8466 54.9181 45.2769 54.0093 59.0085 25.0799 35.3553 34.5254 71.1688 43.0465 82.0975 18.0278 85.5246 27.8029 39.6232 38.0132 40.0 11.1803 36.0555 32.1403 17.0 41.5933 
27.6806 57.2014 63.9128 56.2038 26.7191 39.0128 75.4818 31.8345 50.6443 38.9062 80.2319 23.0018 39.6205 36.3593 35.0143 54.3187 30.9574 50.7607 17.0113 63.2535 43.0 0.0 27.4592 40.3559 58.3383 54.2262 31.1449 79.8057 64.1621 51.7112 33.3163 11.0454 16.0312 40.2244 51.6624 10.8167 73.809 59.4645 39.2046 47.8546 45.793 36.1803 19.7827 58.1378 38.4148 42.45 38.2333 56.0357 29.1204 28.9004 
40.719 66.5283 75.1091 69.6148 39.6241 41.7852 89.315 31.7805 63.6085 50.3415 93.0841 23.4094 52.6589 45.3504 37.3363 67.3571 24.0832 63.5721 18.3576 72.918 45.2217 27.4592 0.0 39.2046 72.0333 66.974 44.1833 92.8441 77.1263 64.7496 9.84886 21.2974 20.6155 49.5805 62.0828 24.525 86.7732 70.3621 42.9535 44.1814 54.4614 27.2029 8.06226 68.1344 51.2073 48.0208 50.4548 65.0538 35.609 7.81025 
50.7582 44.5533 100.297 59.2284 62.9976 11.0 81.2527 8.544 77.9928 38.6005 78.0256 17.4642 73.8122 30.0832 9.84886 73.9005 16.1555 51.9711 55.2268 101.748 82.6075 40.3559 39.2046 0.0 62.5859 85.5675 50.6063 97.3856 93.5218 76.4558 44.9222 30.0832 24.6982 79.3411 89.667 50.5964 103.169 96.3744 14.0 83.3847 34.0 66.0984 43.1045 96.3744 73.1162 82.7457 74.1719 95.1168 69.4048 45.8912 
45.3119 27.0185 67.0671 3.60555 52.2319 51.923 18.6815 58.3095 41.4367 24.1868 23.3452 57.0789 59.2319 32.5576 52.9528 31.257 67.0075 10.7703 73.0861 74.8131 86.11 58.3383 72.0333 62.5859 0.0 49.163 42.3358 42.0595 44.4072 38.3275 81.36 51.923 52.7731 64.405 65.0 62.4246 46.8188 66.4831 49.0408 99.5194 30.4138 92.4405 78.2344 70.214 47.927 77.4242 52.3927 73.4983 69.8474 87.3521 
38.1146 71.1969 18.0278 51.0098 27.5136 78.0265 49.7033 78.2375 8.24621 55.8868 69.1265 73.2891 34.6982 61.7171 76.2937 18.0 83.1126 53.3385 52.6118 25.9615 50.6952 54.2262 66.974 85.5675 49.163 0.0 39.016 26.8328 11.1803 11.0454 72.8311 63.6159 66.2151 25.632 18.4391 43.7783 20.6155 17.4642 76.2758 68.0074 67.2828 69.029 59.2975 21.9317 15.8114 39.8121 17.0294 26.6271 39.2046 68.4152 
3.60555 48.7647 50.4426 40.5081 14.0 44.7214 59.4697 42.5737 43.09 29.6142 64.913 36.1243 24.3178 32.0624 42.19 39.0231 45.9478 36.6891 31.3585 51.8944 46.9574 31.1449 44.1833 50.6063 42.3358 39.016 0.0 68.3818 58.6445 41.553 50.0404 26.4511 29.0503 32.0624 39.8129 20.697 68.2914 46.5203 43.4626 58.0517 40.1123 50.713 36.5068 46.5203 23.2621 41.2311 24.3178 46.3334 29.9666 45.6245 
63.6016 68.7968 37.8021 45.2769 53.0923 87.3967 32.0624 95.7795 31.0697 59.4967 53.0848 89.8061 60.1852 67.7855 87.5439 33.7829 100.661 50.8035 78.5857 48.2701 77.4726 79.8057 92.8441 97.3856 42.0595 26.8328 68.3818 0.0 15.6525 33.1083 98.7012 81.333 83.903 52.3927 44.4072 69.3578 8.06226 40.3113 84.7693 94.7297 69.3542 95.3704 85.1676 45.9674 41.5077 66.6408 43.2844 51.7397 65.6858 94.2853 
47.958 68.9547 24.6982 46.8722 37.4486 85.8997 40.8044 86.2173 15.426 57.1458 61.0 81.2689 44.5416 69.1767 84.2712 30.6799 91.0924 50.5964 62.9421 34.4819 61.8466 64.1621 77.1263 93.5218 44.4072 11.1803 58.6445 15.6525 0.0 17.4646 82.9834 71.5957 74.1949 36.7696 29.0689 53.7142 10.0 26.0768 84.0227 79.0569 67.3613 79.7268 69.4498 31.4006 25.8641 50.9902 27.6408 36.7967 50.0422 78.5675 
35.5071 60.208 29.0689 40.05 25.0799 68.8082 41.6967 69.1259 3.16228 46.254 58.4776 64.1774 32.0907 52.0853 67.1797 7.07107 74.0009 42.2966 51.0882 36.4966 54.9181 51.7112 64.7496 76.4558 38.3275 11.0454 41.553 33.1083 17.4646 0.0 70.6067 54.5042 57.1035 30.4795 27.313 41.2633 27.1115 28.1603 66.9312 71.1126 57.227 69.2315 57.0731 32.0156 15.2315 44.8219 18.868 35.8469 40.8534 66.1908 
46.5761 75.8222 80.5295 78.9415 45.4812 49.2443 105.525 38.4838 69.4656 59.6682 102.411 31.0644 58.516 54.6717 44.7772 73.2142 28.8617 72.8988 21.6333 77.4209 45.2769 33.3163 9.84886 44.9222 81.36 72.8311 50.0404 98.7012 82.9834 70.6067 0.0 30.6241 29.7321 54.3783 67.2309 30.3822 92.6303 75.6637 50.774 40.3113 63.7024 22.0227 16.0 72.9452 57.0644 50.2494 56.3028 69.2026 39.2046 4.47214 
26.6028 48.1041 72.7139 49.6488 35.5202 28.0 69.108 21.5407 56.0412 31.0644 73.4098 13.0384 50.0165 26.9072 24.0832 51.9744 21.4009 43.8634 28.0346 72.0905 54.0093 11.0454 21.2974 30.0832 51.923 63.6159 26.4511 81.333 71.5957 54.5042 30.6241 0.0 5.38516 49.2666 60.4635 20.6155 81.2426 68.2655 28.1603 62.8086 36.2353 47.4348 21.3256 66.9487 48.9608 52.9528 47.0344 65.0424 39.6232 29.1006 
29.2021 46.0977 78.7405 50.2195 40.9034 23.0868 70.2099 16.1555 58.6404 30.4631 73.3894 7.81025 52.6158 25.0 19.0 54.5736 17.0 43.9659 32.317 77.4737 59.0085 16.0312 20.6155 24.6982 52.7731 66.2151 29.0503 83.903 74.1949 57.1035 29.7321 5.38516 0.0 54.6499 65.8467 25.9615 83.8418 74.8182 23.5372 62.3653 33.9706 46.9574 20.8823 72.3319 51.56 58.2495 52.6158 70.4256 44.911 28.4253 
30.4138 79.7621 26.5707 65.0963 18.1108 75.3649 70.3766 70.8022 27.8029 61.131 86.6083 62.1999 28.0278 64.1249 72.5148 36.1248 70.1693 64.6667 32.7567 23.3452 25.0799 40.2244 49.5805 79.3411 64.405 25.632 32.0624 52.3927 36.7696 30.4795 54.3783 49.2666 54.6499 0.0 13.0 29.4109 46.1736 21.5407 74.4648 42.45 72.0069 45.5412 41.904 18.6011 16.6433 14.4222 12.2066 15.8114 15.8114 49.93 
38.9102 84.006 13.6015 66.2873 26.9258 84.1892 68.0294 81.6342 24.1661 66.4831 85.6735 73.3968 35.4951 70.8308 81.4039 34.176 81.3661 67.2681 45.6508 12.083 35.3553 51.6624 62.0828 89.667 65.0 18.4391 39.8129 44.4072 29.0689 27.313 67.2309 60.4635 65.8467 13.0 0.0 41.0122 37.2156 8.544 83.0798 53.3385 77.7817 58.2495 54.4063 6.7082 19.2354 24.1868 15.8114 8.544 28.7924 62.7694 
17.2327 68.2249 53.4135 60.5969 16.2713 48.2597 76.1814 42.0595 40.1964 48.9123 85.0018 33.2583 29.1726 42.2026 44.5533 43.8708 41.2139 56.7779 13.0384 52.4976 34.5254 10.8167 24.525 50.5964 62.4246 43.7783 20.697 69.3578 53.7142 41.2633 30.3822 20.6155 25.9615 29.4109 41.0122 0.0 63.3611 48.9183 48.0416 42.4382 51.5537 32.7567 16.8485 47.4236 27.9669 32.3883 27.7855 45.2217 19.105 25.9663 
57.6049 72.8972 29.8329 49.7695 47.0955 95.5466 39.0512 95.6891 25.0729 62.0099 60.0083 90.5466 54.1885 70.2987 93.9181 35.5625 100.739 54.5894 72.589 40.3609 71.1688 73.809 86.7732 103.169 46.8188 20.6155 68.2914 8.06226 10.0 27.1115 92.6303 81.2426 83.8418 46.1736 37.2156 63.3611 0.0 32.5576 87.2825 88.6002 72.2011 89.3737 79.0967 38.2884 35.511 60.1664 37.2877 44.2041 59.6825 88.2144 
45.6189 87.4669 5.09902 68.1836 34.0588 90.8966 66.3099 88.3416 25.0799 70.8308 85.7694 81.8922 42.2025 75.8947 88.1042 35.2278 89.1681 70.0286 54.1202 8.544 43.0465 59.4645 70.3621 96.3744 66.4831 17.4642 46.5203 40.3113 26.0768 28.1603 75.6637 68.2655 74.8182 21.5407 8.544 48.9183 32.5576 0.0 89.5438 61.0737 82.2253 66.7083 62.6856 5.83095 24.5967 32.0 22.2036 12.083 37.3363 71.1969 
44.2719 30.8058 92.4204 45.607 56.6127 3.0 67.72 13.6015 68.6003 25.4951 64.0312 19.7231 67.5847 17.0 6.40312 64.4014 25.0 38.3275 55.8381 95.1613 82.0975 39.2046 42.9535 14.0 49.0408 76.2758 43.4626 84.7693 84.0227 66.9312 50.774 28.1603 23.5372 74.4648 83.0798 48.0416 87.2825 89.5438 0.0 85.8662 20.0 70.0071 44.3847 89.7872 65.176 80.3057 67.5847 89.493 67.1193 50.5371 
54.5874 104.112 66.0303 97.6918 48.6004 85.1469 108.048 75.8024 68.942 85.6909 122.713 67.082 61.0392 83.6301 80.8084 75.2928 68.0294 94.1326 30.8707 58.2151 18.0278 47.8546 44.1814 83.3847 99.5194 68.0074 58.0517 94.7297 79.0569 71.1126 40.3113 62.8086 62.3653 42.45 53.3385 42.4382 88.6002 61.0737 85.8662 0.0 93.0215 18.4391 41.4849 56.0 55.9017 29.1548 52.3927 50.04 30.5287 38.0132 
42.4264 12.2066 84.4808 26.8328 54.0833 23.0 48.8467 32.0156 59.3444 11.4018 44.0454 34.4819 44.0 9.43398 25.318 50.8785 42.72 19.7231 62.1772 89.4427 85.5246 45.793 54.4614 34.0 30.4138 67.2828 40.1123 69.3542 67.3613 57.227 63.7024 36.2353 33.9706 72.0069 77.7817 51.5537 72.2011 82.2253 20.0 93.0215 0.0 80.5988 54.4896 84.1724 58.5491 81.0494 62.2896 85.3756 68.884 62.2647 
47.2487 92.4684 71.8053 90.6129 44.3847 68.9493 106.197 58.9406 67.7422 74.0471 115.018 50.5964 59.1886 71.9574 64.5136 71.9951 50.3587 85.9016 19.7231 66.1287 27.8029 36.1803 27.2029 66.0984 92.4405 69.029 50.713 95.3704 79.7268 69.2315 22.0227 47.4348 46.9574 45.5412 58.2495 32.7567 89.3737 66.7083 70.0071 18.4391 80.5988 0.0 26.6271 62.6418 54.4518 36.2491 52.0865 57.5847 30.0666 20.2237 
33.0425 66.5565 67.4326 76.4067 31.9476 43.7379 91.9912 35.0 55.932 57.6494 100.812 26.0192 44.9824 45.3787 39.4588 59.6806 29.4109 69.5039 12.1655 65.2415 39.6232 19.7827 8.06226 43.1045 78.2344 59.2975 36.5068 85.1676 69.4498 57.0731 16.0 21.3256 20.8823 41.904 54.4063 16.8485 79.0967 62.6856 44.3847 41.4849 54.4896 26.6271 0.0 60.4579 43.5308 41.1461 42.7783 57.3978 28.3019 12.1655 
45.618 90.0888 10.198 71.7008 33.6155 90.8966 71.1577 88.3416 28.8617 72.8354 90.5809 79.882 42.2025 77.3692 88.1114 39.0512 87.8513 73.0616 51.3128 5.38516 38.0132 58.1378 68.1344 96.3744 70.214 21.9317 46.5203 45.9674 31.4006 32.0156 72.9452 66.9487 72.3319 18.6011 6.7082 47.4236 38.2884 5.83095 89.7872 56.0 84.1724 62.6418 60.4579 0.0 25.7099 27.1662 22.4722 6.32456 34.0 68.5055 
22.3607 65.0308 28.0179 48.7032 11.7047 67.6384 53.8311 65.0834 13.3417 47.2652 69.9714 58.634 18.9443 51.6624 64.846 19.8494 69.7538 49.0529 37.1214 31.0483 40.0 38.4148 51.2073 73.1162 47.927 15.8114 23.2621 41.5077 25.8641 15.2315 57.0644 48.9608 51.56 16.6433 19.2354 27.9669 35.511 24.5967 65.176 55.9017 58.5491 54.4518 43.5308 25.7099 0.0 30.4138 4.47214 27.0 25.632 52.6485 
38.6394 89.9899 37.0135 78.1154 27.8568 80.6226 84.2242 74.2243 42.2019 70.8308 99.8649 65.3916 39.0689 72.4431 76.9415 50.2096 70.3917 76.2541 29.6816 30.0832 11.1803 42.45 48.0208 82.7457 77.4242 39.8121 41.2311 66.6408 50.9902 44.8219 50.2494 52.9528 58.2495 14.4222 24.1868 32.3883 60.1664 32.0 80.3057 29.1548 81.0494 36.2491 41.1461 27.1662 30.4138 0.0 26.1725 21.587 13.3417 46.0977 
23.4164 69.1158 26.1725 53.1413 12.0416 68.6941 58.1881 66.1392 16.5529 51.0882 74.4312 59.6897 20.0 55.1187 65.9017 24.0416 67.937 53.4149 35.6931 27.8568 36.0555 38.2333 50.4548 74.1719 52.3927 17.0294 24.3178 43.2844 27.6408 18.868 56.3028 47.0344 52.6158 12.2066 15.8114 27.7855 37.2877 22.2036 67.5847 52.3927 62.2896 52.0865 42.7783 22.4722 4.47214 26.1725 0.0 23.0868 22.561 51.8652 
45.2217 92.0217 16.4924 74.7329 32.8938 90.4765 76.0977 86.5779 32.6956 74.1687 94.2175 77.9756 42.0156 78.1398 87.6269 42.72 85.945 75.5381 47.634 8.544 32.1403 56.0357 65.0538 95.1168 73.4983 26.6271 46.3334 51.7397 36.7967 35.8469 69.2026 65.0424 70.4256 15.8114 8.544 45.2217 44.2041 12.083 89.493 50.04 85.3756 57.5847 57.3978 6.32456 27.0 21.587 23.0868 0.0 30.0 64.8151 
26.9258 78.4347 42.3792 70.5387 18.3848 67.3647 77.6209 60.8834 38.8973 59.1354 92.2892 52.0508 30.6155 60.0167 63.6396 44.7772 57.4192 66.5601 17.6918 38.2753 17.0 29.1204 35.609 69.4048 69.8474 39.2046 29.9666 65.6858 50.0422 40.8534 39.2046 39.6232 44.911 15.8114 28.7924 19.105 59.6825 37.3363 67.1193 30.5287 68.884 30.0666 28.3019 34.0 25.632 13.3417 22.561 30.0 0.0 34.8281 
42.1602 74.3316 76.0592 77.4181 41.0653 49.2443 101.109 38.8973 65.0497 58.1448 100.887 30.8707 54.1001 53.1537 44.7772 68.7983 30.1496 71.3754 17.2047 73.0068 41.5933 28.9004 7.81025 45.8912 87.3521 68.4152 45.6245 94.2853 78.5675 66.1908 4.47214 29.1006 28.4253 49.93 62.7694 25.9663 88.2144 71.1969 50.5371 38.0132 62.2647 20.2237 12.1655 68.5055 52.6485 46.0977 51.8652 64.8151 34.8281 0.0 
DEMAND_SCENARIO_SECTION
0 0 0 0 0 0 0 0 0 0 0 0 0 0 0 0 0 0 0 0 0 0 0 0 0 0 0 0 0 0 0 0 0 0 0 0 0 0 0 0 0 0 0 0 0 0 0 0 0 0 0 0 0 0 0 0 0 0 0 0 0 0 0 0 0 0 0 0 0 0 0 0 0 0 0 0 0 0 0 0 0 0 0 0 0 0 0 0 0 0 0 0 0 0 0 0 0 0 0 0 0 0 0 0 0 0 0 0 0 0 0 0 0 0 0 0 0 0 0 0 0 0 0 0 0 0 0 0 0 0 0 0 0 0 0 0 0 0 0 0 0 0 0 0 0 0 0 0 0 0 0 0 0 0 0 0 0 0 0 0 0 0 0 0 0 0 0 0 0 0 0 0 0 0 0 0 0 0 0 0 0 0 0 0 0 0 0 0 0 0 0 0 0 0 0 0 0 0 0 0 
5 10 10 8 10 8 14 7 11 8 10 2 5 9 8 8 9 6 12 5 4 6 12 8 13 12 14 7 3 8 11 8 9 14 16 7 12 10 9 13 6 3 12 9 8 6 6 10 12 12 11 9 11 7 8 11 6 12 12 13 9 12 8 11 10 7 4 8 3 11 10 7 11 15 10 13 9 11 8 14 10 11 9 7 10 8 6 14 12 8 9 9 9 10 10 7 12 9 10 9 12 6 2 6 4 10 11 2 5 10 11 10 14 12 10 14 10 12 12 0 7 9 11 9 8 5 6 10 10 8 3 10 5 10 10 10 9 10 7 13 9 11 16 6 8 6 12 5 5 4 7 12 5 10 8 10 8 12 8 6 9 6 10 12 8 6 6 16 6 10 10 10 4 13 12 13 9 7 8 9 12 13 7 6 10 8 13 4 13 7 10 9 13 4 9 10 7 14 9 10 
9 10 7 6 3 7 7 9 9 9 9 8 13 8 5 8 7 7 5 9 7 10 5 8 3 5 4 12 3 5 6 8 10 8 9 7 6 9 9 10 10 7 8 8 5 8 9 9 8 9 3 3 9 6 6 10 9 8 3 10 8 12 4 6 4 7 4 2 3 7 4 6 10 7 3 11 3 11 8 5 8 5 9 9 4 7 7 4 3 11 9 8 7 8 8 5 5 7 3 6 5 8 7 9 10 6 5 6 5 7 10 7 6 6 2 7 4 7 12 11 6 6 7 6 5 9 10 3 5 6 7 6 7 5 10 10 9 5 5 9 8 9 6 7 1 8 10 9 5 7 9 8 6 6 6 7 6 7 8 7 7 8 4 10 7 8 1 5 8 9 8 9 7 5 6 12 3 7 6 10 3 6 4 5 12 4 7 10 4 8 10 8 7 6 6 11 9 8 9 9 
13 10 8 7 7 7 9 8 7 11 5 11 8 7 7 6 12 6 7 7 8 9 11 11 9 5 10 7 11 12 10 13 13 8 7 8 9 4 4 7 10 12 11 11 4 4 12 10 9 8 11 11 9 13 3 12 8 8 13 7 9 6 10 9 3 4 7 8 9 8 8 15 8 13 11 9 10 14 9 9 10 7 7 11 9 5 12 8 4 13 11 11 2 5 9 6 2 6 8 12 9 7 7 10 5 10 7 9 12 14 10 9 8 10 7 7 3 13 9 12 18 12 11 7 13 10 9 6 10 10 10 8 10 9 6 11 5 10 7 10 9 10 12 6 3 8 5 9 10 9 8 7 14 13 9 6 4 11 15 12 5 5 6 13 12 3 7 5 7 13 8 9 7 7 2 8 9 8 9 11 11 11 10 12 8 8 6 13 6 8 8 10 10 2 7 6 18 6 5 8 
2 8 5 5 1 3 2 5 3 6 7 3 3 5 3 5 4 5 3 1 5 4 7 2 5 3 3 7 4 4 6 4 5 3 3 4 6 5 3 6 4 3 5 4 5 6 2 3 4 4 6 4 1 5 3 4 4 5 3 5 2 5 6 3 3 6 6 3 5 2 4 6 5 4 2 4 3 5 3 3 3 4 5 4 4 1 7 5 4 3 3 4 3 3 5 7 4 2 3 6 5 3 3 3 4 5 5 3 3 0 5 6 2 5 4 3 3 3 5 6 4 5 4 4 4 5 5 6 3 5 1 5 6 4 6 4 4 5 5 6 3 6 4 3 4 4 5 1 5 3 5 4 3 5 3 1 2 3 3 7 5 4 3 4 3 6 4 4 1 5 5 5 6 3 6 7 4 1 4 6 3 2 5 2 4 5 3 4 3 3 2 4 2 6 5 3 4 5 4 4 
1 1 1 1 1 1 1 1 1 1 1 0 2 1 1 1 0 1 1 0 1 1 0 1 2 1 0 1 1 1 1 0 1 1 1 2 1 1 1 1 1 1 1 1 1 1 1 1 1 1 1 1 1 1 1 1 1 2 1 0 1 0 1 1 1 1 1 1 2 1 1 1 2 1 1 1 1 1 1 1 1 1 1 1 1 1 1 1 1 1 2 1 1 1 1 1 1 1 1 1 1 1 1 1 1 1 0 1 1 1 1 2 1 1 1 1 1 1 0 1 1 1 1 1 2 1 1 1 1 1 1 1 1 1 1 1 1 1 1 1 1 2 1 1 1 0 1 1 1 1 1 0 1 1 1 1 1 0 1 1 2 1 1 1 1 1 1 1 1 1 1 1 1 1 1 1 1 1 1 1 1 1 1 1 1 1 1 1 1 0 1 1 1 1 1 1 0 1 1 1 
6 6 6 5 6 7 8 6 5 5 8 3 7 2 2 5 6 4 6 6 1 5 3 4 4 2 5 5 5 4 1 7 5 6 8 7 7 8 4 5 5 5 5 6 5 5 3 1 6 5 4 2 5 6 6 7 5 6 6 5 6 5 6 2 8 10 6 4 6 3 6 4 1 4 7 5 5 4 7 5 4 6 6 3 7 8 5 6 4 6 7 1 3 6 6 8 6 6 3 2 3 5 5 3 4 4 3 7 5 5 8 4 3 6 3 3 4 5 5 6 5 7 3 3 3 3 6 5 3 9 3 4 3 4 6 3 6 3 4 3 5 3 7 5 5 5 4 7 7 6 6 3 5 3 5 6 6 4 3 3 4 3 3 5 3 6 3 7 6 6 3 6 6 2 7 4 5 5 3 4 4 3 7 5 6 9 5 8 5 2 6 6 4 1 5 6 4 5 4 4 
5 6 6 10 8 11 7 12 3 10 10 5 9 12 6 8 11 5 12 6 12 4 7 10 5 9 5 13 9 6 10 8 5 9 10 9 9 9 10 6 11 13 9 7 5 2 9 5 0 9 12 10 7 7 9 3 4 6 5 6 8 5 7 7 5 11 3 9 5 4 8 7 7 15 12 8 10 11 6 6 6 9 12 7 8 8 7 5 6 10 8 13 10 12 10 10 8 8 10 8 10 14 6 13 8 11 8 9 9 5 5 9 11 7 10 9 6 11 8 7 8 11 8 9 7 9 5 7 7 6 7 8 10 9 8 6 8 10 6 4 7 4 9 5 8 6 4 11 11 7 7 3 8 9 8 17 8 12 9 7 10 6 12 6 4 8 7 13 10 12 8 11 11 6 9 11 6 6 8 7 12 11 11 8 8 5 8 8 6 5 11 6 3 8 10 12 6 8 4 10 
8 6 11 11 8 9 13 11 14 8 6 10 9 11 11 10 8 9 8 11 12 12 8 10 5 8 10 11 9 9 14 9 2 6 12 12 17 8 14 10 14 8 12 14 12 17 8 6 13 10 11 6 3 9 17 9 11 12 8 16 14 14 10 8 5 7 6 11 10 14 15 15 15 13 11 11 13 8 9 12 13 11 13 5 13 8 4 15 4 14 11 14 15 10 15 9 11 14 8 13 12 13 9 5 13 15 14 10 14 3 10 12 11 10 9 13 11 9 14 3 8 12 14 11 14 4 16 16 8 8 15 9 9 7 7 11 12 11 9 17 7 3 9 7 8 13 10 10 13 11 6 8 10 3 10 7 12 13 12 11 19 9 10 15 9 5 10 12 10 13 12 12 13 10 9 8 9 9 11 12 7 3 4 9 12 18 4 9 14 11 13 8 10 13 6 13 15 14 8 9 
7 4 2 3 6 7 4 9 5 4 4 9 2 8 6 9 6 6 5 6 2 3 8 6 4 11 7 3 9 5 5 10 6 0 7 4 5 9 4 5 8 8 4 4 7 5 4 5 6 8 9 4 6 5 7 6 9 5 5 9 6 6 6 6 6 3 6 2 7 6 6 3 8 4 6 2 6 7 7 5 5 6 6 7 8 8 7 5 7 5 7 6 6 9 8 6 7 8 8 10 9 3 5 6 5 12 6 9 5 1 10 6 2 4 6 5 7 7 5 5 7 5 3 3 5 5 7 8 5 8 1 3 8 6 5 7 4 3 5 8 6 7 5 5 6 6 5 9 7 6 6 7 6 9 3 4 6 8 5 7 7 9 5 6 6 4 3 5 4 5 6 4 6 9 4 7 4 5 3 3 3 6 7 6 5 7 1 5 4 1 5 3 4 4 4 3 4 7 9 7 
1 2 1 1 1 1 1 2 1 1 1 1 1 0 1 1 1 1 1 1 1 1 1 1 1 1 1 1 1 1 1 1 1 1 1 0 2 1 1 0 1 1 1 1 1 1 1 1 1 1 1 0 1 1 0 1 1 0 0 1 1 1 1 1 1 1 1 1 1 0 1 1 1 2 2 1 0 1 1 1 0 1 2 1 1 1 1 1 1 1 1 1 1 1 1 1 1 1 1 1 1 1 1 1 1 2 1 1 1 1 1 1 1 2 2 1 1 1 1 1 1 0 1 1 1 1 1 1 2 1 0 1 1 1 1 1 1 1 1 2 1 1 2 1 1 1 1 1 1 1 1 1 1 1 2 1 1 1 1 1 1 1 1 1 1 1 1 1 1 1 1 0 1 2 1 1 1 1 1 1 1 2 2 1 1 2 1 1 1 1 1 1 2 1 1 1 1 2 1 1 
2 2 4 1 5 2 5 2 3 4 0 4 2 3 3 1 3 4 3 3 1 3 3 4 5 4 4 2 4 0 2 2 3 3 3 4 3 2 2 3 3 2 3 3 0 2 3 3 3 4 1 3 2 3 4 3 3 3 2 2 3 2 1 5 2 2 4 3 4 4 2 2 3 3 2 1 3 2 3 2 3 3 2 5 3 4 4 2 1 2 2 2 3 2 3 3 3 2 3 3 3 2 3 1 4 3 2 3 4 3 4 1 3 3 3 3 3 2 2 2 2 2 1 5 2 4 3 3 4 3 4 3 2 3 3 3 2 3 4 4 3 4 3 4 1 2 4 2 4 2 3 3 2 2 4 2 4 4 3 3 3 3 2 2 2 5 2 3 4 3 4 2 3 3 5 3 4 4 5 4 3 4 3 3 3 3 2 2 3 3 4 3 3 4 2 3 3 4 3 3 
5 5 3 5 4 4 4 3 5 3 3 4 4 4 5 5 5 6 4 4 5 3 6 5 4 1 5 5 5 7 3 3 6 4 5 4 2 3 5 5 7 5 4 2 6 5 6 5 4 6 5 3 5 3 4 4 4 2 2 4 4 4 4 4 4 3 6 4 2 4 4 5 3 2 4 6 6 3 4 4 5 4 4 3 2 3 6 6 3 3 5 5 4 3 2 6 2 3 6 3 5 1 4 4 3 5 2 2 2 6 5 4 5 5 3 6 3 6 3 4 6 3 5 1 8 3 2 5 5 4 3 3 4 4 5 3 4 4 4 4 5 4 4 4 6 2 6 2 4 3 5 3 3 5 4 6 3 6 4 5 3 5 3 3 4 4 4 2 1 5 3 3 3 4 5 6 4 3 6 4 3 3 5 5 2 4 3 4 3 2 4 2 3 4 7 4 7 3 4 4 
7 4 5 7 6 5 4 7 7 4 6 5 5 5 6 6 5 5 5 6 5 6 7 6 6 5 7 4 6 3 6 7 6 8 1 5 7 5 9 4 4 7 5 7 6 4 5 7 6 6 5 5 4 3 7 4 6 8 6 5 5 8 5 8 9 5 5 5 5 8 6 5 2 4 5 7 3 3 5 5 8 3 4 5 3 5 3 7 4 5 5 5 5 5 6 9 4 4 5 6 7 4 4 9 5 4 4 4 6 7 4 3 4 4 4 6 4 4 4 6 4 4 3 3 2 5 7 7 7 2 6 5 7 4 7 3 9 3 6 4 7 4 6 7 4 4 5 4 4 6 7 8 8 6 3 3 5 6 6 5 6 3 2 7 5 8 4 4 4 7 3 7 5 7 6 5 5 3 4 9 7 4 6 7 4 6 5 3 5 5 6 3 4 6 3 3 7 7 4 4 
9 7 5 10 7 10 4 8 11 7 6 9 9 9 7 9 3 9 7 4 6 9 9 5 7 3 12 6 5 7 3 6 8 3 7 9 11 4 6 8 6 8 8 10 2 11 6 6 11 6 9 9 7 9 8 14 8 5 7 4 4 8 10 3 8 8 8 9 7 5 8 7 7 10 12 9 7 6 3 8 5 11 9 7 6 9 10 8 6 6 8 8 4 7 8 9 7 9 4 7 5 4 6 6 8 8 5 7 7 4 9 8 7 5 3 7 6 7 10 10 10 8 7 6 8 6 9 9 10 8 5 7 6 6 4 5 9 9 8 10 8 7 5 7 10 8 5 10 8 7 9 9 5 8 10 5 8 6 5 4 3 7 9 12 6 7 3 7 7 8 7 9 10 5 9 6 6 4 6 6 8 8 4 8 8 5 9 6 4 8 6 9 8 9 10 9 7 7 4 5 
6 8 10 4 8 7 3 8 8 7 4 2 5 5 7 6 6 3 3 6 7 3 5 0 7 5 8 5 9 4 8 5 8 5 8 3 6 4 4 5 8 8 6 6 7 5 6 5 8 6 8 5 6 7 3 6 8 3 9 4 7 6 3 5 7 6 4 3 8 8 6 7 3 4 5 8 5 4 8 6 10 9 7 5 7 7 5 6 8 4 5 5 10 7 6 6 6 7 3 4 9 4 5 6 3 6 3 1 9 7 7 7 6 6 6 6 6 7 9 7 4 6 3 7 6 7 7 8 4 4 5 6 5 8 7 9 7 6 7 8 6 3 9 5 8 5 6 4 9 6 3 7 6 8 5 5 6 8 8 5 6 6 7 6 4 6 8 5 4 6 6 5 3 6 6 6 8 7 3 7 6 9 10 6 7 8 4 2 6 5 5 5 4 4 7 5 7 6 9 7 
6 4 4 7 5 5 6 5 2 5 4 7 3 3 6 6 4 6 5 2 1 3 2 5 5 1 5 6 1 7 7 6 5 3 6 5 4 5 2 7 5 6 6 6 5 3 7 4 3 3 4 4 4 7 5 5 4 3 5 4 5 2 7 7 4 5 6 7 5 5 5 6 6 3 5 3 4 6 6 5 4 5 3 5 4 3 4 5 4 4 2 5 5 4 2 1 6 5 8 6 2 9 5 2 4 3 7 8 7 4 4 6 7 7 6 6 4 7 6 6 7 5 3 5 3 6 6 4 8 3 6 5 2 3 5 4 5 2 6 5 5 4 2 3 4 5 4 6 4 5 6 6 2 5 6 3 5 5 4 5 7 3 8 6 4 8 5 8 4 5 4 5 7 6 7 2 8 2 7 5 5 4 5 6 5 4 3 3 6 7 2 8 7 9 5 5 8 4 7 7 
4 5 4 2 1 5 2 2 6 5 3 1 6 3 5 3 3 6 3 4 3 4 2 3 6 5 3 4 4 5 2 0 8 6 5 5 5 2 3 4 3 5 4 4 4 1 2 4 5 4 5 7 5 2 3 3 5 5 4 4 5 3 4 3 4 5 3 4 3 5 3 6 5 4 4 3 3 6 4 4 3 7 5 5 7 6 2 5 5 4 5 3 2 5 4 5 4 4 4 6 5 5 2 3 6 3 4 4 4 2 4 5 4 3 4 6 6 4 4 4 6 1 5 3 5 6 5 5 5 2 3 5 3 5 3 5 5 5 2 4 3 4 5 3 6 5 5 4 4 4 5 4 4 4 4 6 4 2 5 5 3 3 5 1 3 6 3 5 4 4 2 4 4 4 5 4 4 5 5 5 2 6 6 2 1 6 2 4 4 3 4 5 5 2 2 5 5 7 3 4 
10 12 13 15 8 12 15 6 6 13 9 11 5 15 12 6 13 13 13 5 8 5 10 10 9 11 8 5 8 9 5 7 12 14 9 9 9 9 10 13 12 7 11 4 10 14 10 8 10 5 7 10 10 15 7 8 12 14 5 9 11 4 11 8 10 10 10 7 3 11 10 9 10 8 9 7 9 10 7 9 5 8 10 7 11 6 10 9 12 10 12 11 10 11 7 11 6 4 7 3 14 6 1 6 9 5 7 10 6 5 13 6 1 7 4 8 12 9 14 3 4 9 12 11 3 11 8 13 9 10 9 11 3 11 8 3 10 10 14 6 7 9 9 10 10 7 10 10 6 15 8 8 11 13 11 9 10 10 11 6 14 10 11 4 10 14 10 3 9 9 9 5 7 12 9 13 8 7 0 9 13 13 4 3 5 9 9 11 2 12 3 10 12 7 9 9 9 10 8 5 
1 1 1 1 2 1 1 1 2 1 1 0 1 2 1 1 1 1 1 1 1 2 1 1 1 1 1 1 1 1 1 1 2 0 1 1 1 1 1 1 1 1 1 1 1 1 1 1 1 2 1 1 1 1 1 1 1 1 1 1 0 1 1 1 1 1 1 1 1 1 1 2 1 1 1 2 0 1 1 1 1 2 1 1 0 1 1 1 1 0 2 2 1 1 1 1 1 1 1 1 1 1 1 1 1 1 1 1 1 1 1 1 1 1 1 1 1 1 1 1 1 1 1 1 1 1 1 1 1 0 0 1 0 1 1 1 1 1 1 1 1 1 1 1 1 1 1 1 1 1 1 2 1 1 1 1 1 1 2 1 1 1 1 1 1 1 1 1 1 1 1 1 0 1 1 1 1 1 1 2 1 1 1 1 1 1 1 1 0 1 1 1 1 1 1 1 1 0 1 0 
3 3 7 2 6 6 5 3 4 4 4 6 6 4 3 4 7 5 5 5 6 8 2 2 5 6 8 3 7 8 5 4 4 6 5 4 4 5 6 2 5 5 3 5 3 3 3 8 6 5 6 4 5 6 3 6 7 4 3 6 5 6 4 2 4 3 3 9 3 8 6 7 5 6 5 5 4 5 3 5 5 6 5 7 6 8 4 5 5 3 6 7 4 3 7 6 5 7 6 4 5 5 4 5 3 7 5 5 6 7 6 4 5 3 4 7 5 3 7 7 7 9 1 5 5 5 7 5 4 8 3 8 3 5 3 6 6 5 6 7 4 4 5 6 4 4 4 5 7 3 4 5 4 5 5 5 5 5 5 6 3 3 5 4 5 7 6 5 5 8 4 5 5 5 5 7 7 2 3 6 8 8 4 4 2 4 5 1 4 5 7 5 6 6 10 6 5 4 6 4 
4 4 3 4 3 4 6 3 6 3 4 5 7 4 6 4 3 4 7 4 3 5 5 4 4 2 5 6 3 7 6 2 4 6 3 5 3 1 5 1 5 3 4 5 6 3 4 7 4 4 3 4 4 3 4 4 3 3 1 2 5 2 3 4 5 3 5 3 5 5 5 4 5 3 5 2 5 4 3 3 5 5 1 4 7 1 2 3 5 4 2 5 4 4 4 4 4 2 5 3 2 3 3 4 3 5 3 3 6 5 5 5 3 5 4 3 3 3 2 6 5 4 3 3 5 4 4 4 4 5 4 5 5 4 3 3 3 4 4 3 2 5 5 6 4 3 5 6 5 2 4 2 6 5 4 1 5 4 6 2 3 3 5 5 5 3 4 5 3 2 3 5 1 5 6 5 7 4 3 5 4 4 3 6 6 4 3 4 6 2 4 5 4 3 3 5 5 6 2 4 
5 7 7 3 6 8 9 5 4 4 8 6 6 9 7 8 9 10 6 4 8 6 8 7 6 3 8 7 6 5 5 4 3 9 4 4 7 6 6 4 9 6 3 3 9 6 6 4 5 5 6 7 3 5 7 3 5 5 7 7 3 5 4 7 7 6 5 7 5 8 4 5 3 3 5 6 5 4 7 7 7 8 7 5 4 7 9 3 4 4 6 8 8 4 5 6 5 4 6 6 7 5 5 2 11 5 5 3 7 9 7 6 7 6 6 7 7 4 5 11 6 6 10 1 9 6 6 6 5 7 6 2 8 5 3 4 7 4 6 12 7 8 7 1 9 6 4 8 6 9 4 4 7 7 5 8 7 3 7 5 6 9 4 6 7 8 10 6 5 4 6 6 5 6 7 6 5 8 7 5 4 3 7 9 8 6 4 5 8 5 4 2 4 4 6 3 7 7 4 9 
6 7 6 3 8 5 11 10 7 6 6 3 7 12 12 9 11 12 6 11 12 13 8 4 12 13 10 11 10 9 8 11 10 9 8 8 10 12 12 17 15 16 12 14 13 17 13 12 12 13 10 7 9 3 4 12 11 10 9 15 13 12 16 12 6 11 9 15 10 11 13 13 8 9 7 11 9 6 11 10 11 6 13 4 9 11 11 16 9 12 8 13 7 4 15 11 14 12 10 12 8 8 10 6 12 10 10 2 12 6 9 13 9 9 5 10 10 11 13 5 8 8 10 13 10 11 7 15 12 7 12 6 12 7 11 11 12 12 6 7 12 14 7 9 9 12 13 11 12 4 9 7 13 9 5 12 12 14 11 5 10 12 9 14 13 8 8 3 11 8 14 9 13 8 14 6 6 16 11 12 3 14 15 8 15 9 11 8 12 9 7 4 8 2 12 10 8 9 13 9 
8 7 8 9 4 5 4 7 3 6 5 7 8 7 4 4 7 4 9 8 11 4 4 5 7 6 11 8 4 9 3 7 7 8 3 5 9 3 3 8 4 5 8 4 7 7 6 2 5 11 6 5 7 4 8 7 2 7 8 9 8 4 6 6 1 5 8 5 8 9 6 9 6 9 5 5 4 3 8 7 7 9 5 8 7 4 8 4 7 4 5 8 5 6 7 6 6 5 9 7 6 8 4 1 7 5 5 6 5 8 9 8 7 3 3 5 7 5 5 5 8 8 6 4 6 5 4 8 8 5 4 6 2 4 7 10 2 9 5 6 5 5 9 7 6 6 5 4 6 9 7 7 5 8 4 6 7 5 7 4 4 3 8 5 10 7 8 7 3 7 4 7 5 8 7 5 8 6 5 6 7 3 6 4 9 4 5 11 9 5 8 4 4 6 5 5 6 6 6 6 
13 11 7 14 11 6 6 4 4 7 10 5 7 5 10 11 5 9 10 11 11 12 8 7 6 10 11 0 5 9 9 11 13 4 16 8 11 11 14 8 13 18 6 10 17 7 12 12 16 11 9 15 7 8 8 13 14 7 12 15 8 12 14 20 13 10 17 12 14 10 2 9 12 12 11 5 9 10 9 8 10 10 8 10 10 10 12 9 12 6 17 10 7 8 9 13 11 9 8 17 6 10 11 3 10 12 9 11 10 13 10 8 14 7 9 15 11 12 10 15 14 12 16 10 15 6 7 14 13 12 9 11 5 9 10 9 15 6 4 14 12 15 9 6 7 9 7 10 11 10 9 12 6 4 12 11 6 5 9 9 6 12 15 10 15 14 9 15 7 6 7 7 0 10 8 5 6 10 12 8 8 13 6 11 11 10 9 12 11 7 3 3 8 11 9 8 8 17 12 12 
6 7 7 16 12 11 6 10 13 12 9 7 16 13 8 13 11 14 11 15 6 8 6 11 11 13 11 9 11 4 10 8 8 11 12 12 10 12 12 10 10 4 9 9 10 7 16 8 11 12 6 1 6 10 12 10 12 7 6 16 9 10 14 7 6 9 8 11 2 4 3 10 9 8 12 4 13 9 11 8 9 10 10 9 8 5 12 9 13 4 6 5 7 10 7 13 10 6 6 11 4 8 14 9 11 7 8 5 8 7 15 3 5 16 6 11 11 5 12 7 10 5 8 11 11 9 8 12 12 12 9 5 8 3 7 12 7 6 11 9 10 12 12 7 5 8 10 8 8 8 9 10 11 11 10 7 10 9 11 11 6 12 12 7 9 9 8 8 11 7 11 7 9 7 5 9 10 12 6 11 15 11 12 6 7 14 11 12 7 11 8 9 5 7 10 9 8 6 7 9 
8 9 9 5 10 11 6 6 9 6 7 10 5 4 8 10 8 12 5 9 9 2 8 4 6 6 6 9 8 16 14 7 10 7 8 9 7 8 7 7 6 7 8 7 11 7 8 6 10 10 4 7 7 11 10 7 6 5 9 8 10 10 7 13 8 10 6 10 2 8 8 7 8 11 9 8 5 10 12 10 7 12 5 7 9 3 5 8 9 7 11 7 12 6 9 9 8 7 8 7 8 6 5 10 9 6 5 10 6 10 11 9 5 8 10 10 9 4 9 7 9 8 6 6 11 10 8 8 11 4 9 8 4 12 7 7 4 12 11 10 7 10 5 7 3 9 10 8 9 7 8 13 8 10 6 9 5 9 7 10 13 11 5 6 9 3 4 5 8 6 9 8 7 12 10 12 6 9 7 6 5 6 11 6 8 6 5 3 10 6 9 5 7 8 13 7 6 9 9 9 
2 3 1 4 3 5 1 5 5 3 4 1 5 5 2 3 3 4 5 6 5 5 2 4 4 4 5 4 3 6 5 5 3 4 4 7 4 3 4 6 3 4 4 5 3 4 3 3 4 4 4 5 5 2 5 3 4 3 8 3 2 4 4 3 1 4 6 3 4 5 4 6 2 6 5 5 4 4 5 3 4 5 3 4 3 6 4 6 5 3 5 4 4 5 6 3 3 4 6 4 1 3 2 6 4 5 5 0 7 4 5 4 5 4 4 4 6 4 3 4 5 4 7 5 2 3 3 4 4 4 4 3 4 2 2 4 3 5 1 6 3 4 3 5 2 5 2 3 7 4 2 4 2 2 2 4 6 7 4 5 5 4 5 4 1 5 6 4 7 3 5 4 6 2 6 3 4 3 3 4 4 2 3 2 5 5 4 3 0 2 3 4 6 6 6 4 3 6 5 4 
1 2 2 3 2 2 3 3 1 2 2 2 2 2 3 2 2 2 3 2 1 2 2 1 2 4 2 3 2 1 2 1 1 0 1 1 2 3 2 2 2 2 2 2 3 3 2 2 2 2 2 2 2 1 1 3 2 1 1 2 2 2 2 2 1 2 3 3 1 2 1 3 2 2 2 2 2 2 3 2 2 1 1 1 2 2 2 1 1 2 2 2 3 1 1 3 2 1 2 2 2 2 1 3 2 3 3 2 2 2 2 1 1 2 2 3 2 1 1 1 3 2 2 1 1 2 1 2 2 2 2 2 2 2 3 1 3 2 3 2 2 1 1 1 2 3 2 1 1 2 2 2 2 1 2 3 2 3 3 1 3 2 3 1 2 1 1 2 2 2 2 1 1 2 2 2 2 3 2 2 1 2 3 3 3 2 2 2 3 4 2 2 2 2 2 2 1 2 1 3 
0 8 8 5 7 8 5 4 3 3 4 6 5 7 8 5 7 4 5 4 4 6 9 6 4 4 4 7 3 8 4 5 3 7 4 3 4 9 2 5 7 6 4 4 4 5 5 5 5 5 8 8 6 8 5 4 3 8 3 5 4 6 4 4 7 3 6 3 4 6 8 5 5 6 5 9 5 4 5 4 7 2 5 1 4 3 1 5 3 4 9 4 4 6 6 4 7 3 4 6 4 4 6 7 5 6 5 7 6 6 3 7 9 6 4 4 7 5 3 5 3 0 3 5 5 2 3 4 4 5 6 6 5 4 3 3 4 6 5 4 3 6 7 4 5 5 4 3 3 3 6 5 6 3 5 7 4 3 2 2 2 3 5 4 5 4 5 3 3 2 7 5 6 5 5 4 5 5 10 3 8 4 3 7 6 6 2 6 5 3 8 4 5 5 5 5 4 6 6 4 
10 6 12 10 8 7 8 10 6 7 14 5 13 3 10 9 12 6 3 10 15 9 11 5 14 10 7 12 13 11 10 12 5 6 6 11 11 9 4 17 9 4 9 10 13 8 9 6 9 13 9 10 7 8 16 15 11 10 11 6 12 9 9 11 11 16 13 9 11 11 9 8 7 7 14 8 9 11 7 11 12 11 11 5 7 11 9 7 14 8 12 11 14 9 11 13 11 13 11 11 9 5 12 10 7 8 11 15 12 4 10 9 12 11 10 11 9 9 10 5 8 9 9 9 9 11 8 13 4 7 14 6 9 3 8 7 4 14 10 8 12 8 10 9 5 10 9 11 10 11 7 7 10 11 11 12 7 13 7 5 10 13 5 11 10 4 7 9 9 11 10 8 11 8 8 7 8 13 6 6 9 9 8 7 7 7 8 6 9 13 7 4 4 10 9 8 15 11 14 6 
3 4 2 3 3 4 1 3 4 4 5 3 3 5 2 1 3 4 1 3 2 2 2 3 4 2 3 2 2 1 1 4 3 3 5 2 2 2 3 2 3 2 2 2 4 3 3 4 4 3 2 3 2 4 3 3 4 4 5 4 5 4 3 0 3 2 2 3 3 3 3 2 4 4 4 3 2 3 4 3 3 4 2 2 3 4 3 4 4 3 2 3 3 3 1 1 3 4 4 4 4 4 0 1 3 2 2 3 2 3 3 4 4 5 2 3 3 4 2 1 2 3 4 4 4 3 2 3 4 2 5 4 2 2 4 4 3 3 3 2 3 3 2 4 3 5 4 2 4 4 2 4 2 2 4 3 3 4 2 4 3 2 3 1 3 3 2 3 5 1 5 3 4 3 5 3 3 3 5 3 2 4 3 3 5 4 4 4 3 3 3 1 4 6 1 1 3 3 5 4 
2 3 2 2 1 3 3 2 2 2 2 2 2 1 2 2 2 2 2 1 2 3 3 3 3 2 1 1 3 2 3 2 2 2 2 2 1 4 3 2 2 2 2 3 3 2 2 2 3 1 1 1 2 2 3 2 2 2 2 2 1 2 3 2 1 3 1 2 2 2 2 2 2 2 3 2 1 2 2 1 3 3 2 2 2 2 3 1 1 1 3 2 1 1 1 3 2 1 2 2 2 2 3 3 1 2 3 1 2 0 3 1 2 3 2 2 2 1 2 2 2 1 2 1 2 2 2 1 2 3 2 2 1 1 2 2 2 2 1 2 2 2 2 3 2 2 2 2 2 4 2 3 2 3 3 2 2 2 1 2 2 3 1 2 2 2 2 3 1 1 2 3 2 2 3 2 2 0 2 3 1 1 2 1 2 2 3 2 2 1 2 2 3 2 2 2 2 2 1 1 
2 3 4 3 4 4 4 3 2 3 4 3 3 2 2 4 1 4 2 3 4 4 3 6 4 4 3 3 2 2 5 3 2 3 4 4 3 3 5 3 4 2 4 4 3 4 3 4 3 3 4 3 3 3 2 2 3 1 2 3 4 1 2 4 2 3 3 3 3 2 3 4 1 4 3 1 5 3 3 3 4 2 4 4 3 2 2 4 4 4 3 4 3 2 2 3 3 4 3 3 3 4 4 1 4 3 4 4 4 3 3 3 4 3 4 3 2 4 2 4 5 3 3 4 2 4 3 3 4 3 3 4 4 2 3 1 3 3 3 4 2 2 2 3 4 3 2 2 3 3 4 3 3 4 4 3 3 3 5 4 3 3 2 3 4 4 1 4 2 2 3 4 4 4 1 5 2 2 2 6 3 3 3 3 3 1 2 2 1 3 2 3 1 2 4 4 3 3 1 0 
4 7 4 9 8 3 10 6 7 6 6 10 9 4 3 8 11 12 9 10 11 5 10 11 4 6 9 8 7 8 6 7 11 6 4 11 10 11 4 6 5 10 9 3 10 8 3 6 7 12 3 8 6 6 7 6 5 10 11 9 12 8 11 7 5 12 5 9 11 9 7 6 11 8 10 14 5 7 8 9 1 8 6 4 4 5 6 11 4 9 9 9 9 11 12 7 5 8 9 10 6 7 10 9 7 7 9 6 9 7 10 9 11 9 6 6 13 9 12 9 6 11 10 8 10 11 8 7 8 7 6 10 7 4 12 2 11 9 9 11 7 10 10 8 13 13 6 8 10 7 9 9 9 6 7 9 9 5 7 4 7 8 7 8 9 12 8 9 8 6 4 12 7 6 4 5 6 11 5 7 4 4 5 7 7 10 5 11 9 8 5 6 9 2 5 6 10 6 7 6 
1 1 1 1 1 1 1 1 1 1 1 1 1 0 0 1 1 1 1 1 1 1 1 1 1 1 2 1 1 1 1 1 1 1 1 0 1 1 1 1 1 1 1 2 1 0 1 1 1 1 1 1 1 1 1 1 1 1 1 1 1 1 1 1 1 1 1 1 1 1 1 1 1 1 2 1 1 1 1 1 2 1 1 1 2 1 1 1 1 1 1 0 1 1 2 1 1 1 1 1 1 1 1 1 1 0 1 1 1 1 1 0 2 1 1 1 1 1 1 0 1 0 1 1 1 1 1 1 1 1 1 1 1 0 1 2 1 1 1 1 2 1 0 1 1 0 1 1 1 1 1 1 1 1 1 1 1 1 1 1 1 0 1 1 1 1 1 1 1 1 2 1 1 1 1 1 1 0 1 1 1 1 0 2 1 1 1 1 1 1 1 1 1 1 1 1 1 1 1 1 
1 1 1 1 1 1 2 1 1 1 2 1 1 1 1 1 1 1 0 1 1 2 1 1 1 1 1 1 1 1 1 1 1 1 1 1 1 1 1 0 1 1 1 1 0 1 1 1 1 1 1 1 1 1 1 1 1 1 1 1 2 0 1 1 1 1 1 2 1 1 1 1 1 1 0 1 1 0 1 1 1 1 1 1 1 0 2 1 1 2 0 1 1 1 1 1 1 1 1 1 1 2 0 1 1 1 1 1 1 1 1 1 1 1 1 1 1 1 2 1 1 1 1 1 1 2 1 1 0 1 1 1 0 1 1 1 1 1 0 0 0 1 0 1 1 1 1 2 1 1 1 1 2 1 1 1 1 1 1 1 1 1 1 1 1 1 1 1 1 1 1 0 1 1 2 1 1 2 1 0 1 1 1 1 1 1 1 1 1 1 2 1 1 0 1 1 1 1 1 1 
1 2 1 2 2 2 2 2 2 2 3 3 3 2 2 1 2 1 1 3 1 2 0 2 2 3 3 0 3 2 2 1 1 1 2 1 2 2 2 2 1 2 2 3 1 2 3 3 3 3 1 2 2 1 2 4 2 3 2 2 2 2 2 3 2 3 2 3 2 2 1 3 3 1 2 2 2 3 3 1 3 2 1 3 2 1 3 2 2 3 3 1 3 2 3 1 2 1 3 3 2 3 2 2 1 2 1 1 3 3 3 0 2 2 2 3 3 2 2 1 2 1 2 2 2 2 2 2 1 3 1 2 3 1 1 1 1 2 1 2 3 2 1 2 1 2 1 2 2 3 1 2 3 3 3 2 1 1 2 2 2 3 3 2 2 3 1 1 2 1 2 2 2 3 1 2 2 2 2 2 2 1 3 3 3 1 2 1 3 2 1 2 3 2 2 2 2 2 2 3 
6 5 4 4 0 3 3 3 5 2 4 7 5 3 4 5 5 5 6 5 5 5 5 5 5 5 4 4 3 4 1 2 4 5 1 6 3 1 5 5 3 5 4 4 4 3 6 5 4 6 3 4 5 3 5 2 4 3 3 6 3 6 3 3 4 6 5 7 4 4 3 5 4 5 4 4 5 5 1 1 3 3 4 4 2 2 4 2 2 5 5 4 6 6 5 3 4 4 3 3 4 6 4 5 4 6 3 3 5 4 4 5 6 5 5 6 5 6 7 4 3 1 2 4 5 1 5 5 4 4 4 5 3 7 2 3 5 5 4 4 4 4 5 4 4 5 6 3 1 5 3 3 5 5 4 3 4 4 4 7 3 3 3 3 4 2 3 3 3 4 8 3 4 6 5 3 4 5 4 2 6 4 3 6 6 2 3 6 2 2 4 4 3 5 4 3 5 5 3 4 
14 8 8 9 8 7 13 7 8 7 10 10 13 8 11 10 4 5 10 4 9 11 9 8 11 9 4 8 5 8 6 10 10 11 9 11 8 7 7 8 9 15 8 6 9 8 10 15 10 3 10 14 15 2 10 9 6 13 9 8 8 11 12 7 12 9 12 10 8 8 11 10 7 9 10 10 10 2 6 8 6 13 7 11 7 7 4 6 11 5 10 5 4 9 7 12 9 10 4 9 8 12 8 12 10 11 5 13 6 12 7 12 4 9 12 10 4 9 7 14 13 12 13 15 12 11 12 13 9 14 12 6 6 7 8 7 7 9 7 8 12 18 12 4 6 9 8 5 6 14 11 11 13 8 5 12 13 10 4 8 10 10 11 13 11 10 4 11 6 11 2 6 8 14 8 11 6 5 7 7 8 13 8 10 10 9 5 3 13 10 7 4 7 11 8 9 12 8 8 3 
3 4 3 5 4 4 4 4 3 4 1 5 6 4 5 5 4 4 3 3 2 4 3 4 4 3 5 4 4 3 3 4 5 4 2 3 7 4 3 3 3 5 1 4 4 7 4 3 2 5 3 2 4 3 3 6 3 7 4 4 4 6 4 4 2 2 4 3 2 4 4 1 2 0 3 6 2 5 5 4 4 6 4 4 5 4 6 4 4 4 4 3 5 5 5 4 3 3 4 4 3 5 5 3 2 2 2 4 4 6 5 5 5 4 6 5 3 1 2 5 5 5 2 1 4 4 4 4 5 3 4 4 3 4 5 4 4 5 3 3 2 3 4 6 4 2 3 5 5 3 5 4 1 4 5 5 5 3 3 3 2 2 3 4 3 5 3 4 3 6 3 3 3 5 3 6 5 5 3 4 3 3 5 3 4 2 3 4 5 5 3 2 6 4 4 5 5 3 5 5 
14 7 11 12 10 9 13 8 9 8 11 9 7 11 6 10 5 5 14 6 8 7 7 9 8 12 8 10 9 7 11 5 9 11 9 10 12 5 15 4 9 7 8 6 11 9 8 8 7 13 12 12 8 6 12 9 13 4 10 14 9 12 9 8 13 12 8 11 9 14 11 12 9 14 15 10 12 7 7 10 5 6 7 7 7 11 7 8 3 12 0 5 5 8 7 8 15 10 6 10 11 7 5 7 12 10 9 12 11 10 10 12 7 8 6 6 18 9 13 11 9 9 2 9 8 15 10 9 10 10 9 9 5 7 9 13 12 6 13 12 7 9 14 14 10 13 3 9 13 10 8 6 8 10 6 9 6 8 11 7 10 9 9 5 9 6 11 7 13 6 9 10 7 10 11 16 6 8 14 5 2 11 10 6 10 7 10 9 11 7 10 5 4 9 13 10 9 8 3 11 
3 3 6 5 5 4 3 5 6 4 4 4 6 3 7 4 4 4 4 4 5 4 5 6 4 3 4 5 5 2 5 6 6 3 5 4 5 3 3 4 4 6 3 3 4 3 2 5 5 5 3 5 5 5 3 3 6 4 5 3 5 5 5 6 3 3 4 5 4 5 4 4 1 6 3 2 3 5 1 4 2 6 4 5 4 5 1 7 5 1 2 3 4 2 4 4 4 6 4 2 3 2 2 4 6 5 4 3 2 6 6 4 4 4 6 5 5 4 7 5 4 5 3 5 4 5 4 5 3 4 5 3 3 5 5 5 1 6 5 2 5 5 6 5 2 4 6 4 4 5 2 4 4 4 5 5 2 4 4 3 4 5 4 4 5 5 6 3 4 4 3 5 3 4 6 3 4 3 3 4 3 3 3 5 4 2 4 2 7 5 4 4 5 3 4 3 5 3 3 3 
