NAME  : Jabali_50_3_0.90_1_3
TYPE : SVRP
MODEL : FINITE_SUPPORT
NUMBER_OF_SCENARIOS : 200
DIMENSION : 50
EDGE_WEIGHT_TYPE : MATRIX
CAPACITY : 110
N_VEHICLES : 3
NODE_COORD_SECTION
1 4295 3854
2 5714 1896
3 613 2254
4 2182 2681
5 2511 7154
6 6386 2133
7 3362 7166
8 5480 5205
9 3742 3866
10 529 1428
11 4010 4280
12 3288 2276
13 2616 5639
14 956 7851
15 918 6154
16 6460 3698
17 5950 2825
18 7270 2979
19 6562 4996
20 1576 6314
21 7693 6511
22 304 974
23 119 1734
24 3152 6015
25 1661 818
26 549 3932
27 5234 401
28 1253 4442
29 693 7562
30 4351 1234
31 6660 2622
32 27 1402
33 2349 1983
34 4414 4673
35 4552 5856
36 1862 1834
37 4263 6251
38 3939 6788
39 1846 1975
40 717 4742
41 5396 18
42 5260 901
43 1142 2982
44 3284 5270
45 2879 4069
46 3958 7270
47 5576 2503
48 3506 6721
49 7533 6265
50 4542 4729
DEMAND_SECTION
1 0.0
2 5.0
3 7.0
4 6.0
5 6.0
6 4.0
7 10.0
8 1.0
9 9.0
10 5.0
11 9.0
12 4.0
13 7.0
14 3.0
15 2.0
16 6.0
17 7.0
18 7.0
19 2.0
20 7.0
21 7.0
22 5.0
23 9.0
24 7.0
25 10.0
26 8.0
27 3.0
28 2.0
29 9.0
30 7.0
31 8.0
32 6.0
33 10.0
34 8.0
35 4.0
36 8.0
37 7.0
38 9.0
39 5.0
40 5.0
41 8.0
42 2.0
43 6.0
44 4.0
45 8.0
46 10.0
47 5.0
48 2.0
49 8.0
50 1.0
DEVIATION_SECTION
1 0.0
2 1.66667
3 2.33333
4 2.0
5 2.0
6 1.33333
7 3.33333
8 0.333333
9 3.0
10 1.66667
11 3.0
12 1.33333
13 2.33333
14 1.0
15 0.666667
16 2.0
17 2.33333
18 2.33333
19 0.666667
20 2.33333
21 2.33333
22 1.66667
23 3.0
24 2.33333
25 3.33333
26 2.66667
27 1.0
28 0.666667
29 3.0
30 2.33333
31 2.66667
32 2.0
33 3.33333
34 2.66667
35 1.33333
36 2.66667
37 2.33333
38 3.0
39 1.66667
40 1.66667
41 2.66667
42 0.666667
43 2.0
44 1.33333
45 2.66667
46 3.33333
47 1.66667
48 0.666667
49 2.66667
50 0.333333
DISTANCE_MATRIX
0.0 32.8394 56.9424 42.8761 50.8824 36.3148 47.7779 23.2266 7.28011 65.6325 6.40312 26.4008 31.699 69.9894 57.7329 41.0825 30.2335 56.042 36.771 50.0651 58.9574 70.3825 64.2304 32.6757 55.0727 49.6488 49.1935 41.0 69.2944 36.6742 38.1345 66.3337 38.0132 11.4018 27.074 43.8673 32.5576 39.9757 43.4208 48.0937 54.1295 42.9418 45.0178 22.3806 19.0263 45.9204 25.5815 42.0977 55.9801 12.3693 
32.8394 0.0 69.4272 51.4783 82.9811 9.21954 79.403 44.8469 36.6197 73.7564 39.0521 34.0147 63.7809 102.071 86.2507 25.0 13.3417 24.2074 43.1045 82.1467 66.2193 79.8311 70.2282 64.7744 55.9017 75.6997 21.0238 68.155 101.376 20.6155 15.2643 73.3757 45.7056 43.9544 56.0515 51.9711 62.438 70.8355 51.788 75.6997 26.0 15.2971 64.5318 54.4793 47.4131 76.2992 8.06226 73.7517 64.5368 44.87 
56.9424 69.4272 0.0 25.2982 70.6188 77.4127 75.6108 76.2387 49.6732 9.48683 53.7129 36.2003 53.3104 74.4312 52.0384 88.8864 72.4983 89.3537 89.7872 55.3263 111.974 13.4536 17.2627 61.2699 26.1725 22.2036 69.4262 30.4138 70.7107 53.3385 80.3992 15.0333 24.0208 60.4241 74.0652 18.2483 73.7835 76.0263 18.1108 33.0606 71.5681 66.4831 12.2066 56.0357 39.6232 81.0247 67.0795 72.0902 108.996 61.3287 
42.8761 51.4783 25.2982 0.0 61.6604 59.4638 63.0317 65.7658 37.4849 31.9061 43.7453 18.2514 41.1096 73.3485 51.1077 70.9375 54.5493 71.4048 75.8995 50.5344 101.497 37.5899 32.6497 47.096 26.4764 30.4138 52.6123 29.0689 70.7107 35.9328 62.4503 33.9706 9.0 50.9438 66.5149 12.53 69.8883 60.9612 11.6619 36.0694 55.4033 49.0473 17.1172 52.6123 21.5015 66.6782 49.1305 58.224 98.5193 51.8484 
50.8824 82.9811 70.6188 61.6604 0.0 86.4566 11.1803 46.0977 47.5079 80.0524 45.5027 66.0984 20.8806 23.5372 24.0416 66.5179 80.3753 81.4773 60.0833 16.6433 71.0282 82.5651 86.9146 18.4391 87.0919 50.3289 98.4784 40.2616 25.02 84.0773 80.9278 85.5335 70.5762 52.2109 31.3847 72.0625 25.9615 19.0263 71.0634 39.8121 103.247 92.358 59.6345 28.6007 41.7612 18.6815 75.7232 14.3178 68.0074 53.1155 
36.3148 9.21954 77.4127 59.4638 86.4566 0.0 82.8785 41.8327 40.2492 82.0061 42.5275 41.5933 67.2714 105.561 90.8602 20.2485 12.2066 15.2643 37.2156 85.6372 58.8558 88.0568 78.924 68.2499 64.8845 80.553 28.1603 73.0068 104.867 29.8329 7.07107 81.9329 53.8516 47.4299 55.8898 60.1664 64.6846 73.0821 59.9083 80.5233 32.7567 23.2594 72.5174 57.9548 51.6773 75.6548 11.0454 77.2271 57.4282 48.3455 
47.7779 79.403 75.6108 63.0317 11.1803 82.8785 0.0 37.4433 44.9222 85.0941 42.3982 65.6201 22.561 34.1321 33.8378 58.5103 76.7971 73.4098 50.5668 25.6125 60.0 88.3509 90.956 16.0312 89.2749 57.8779 95.389 48.1127 36.0139 81.5966 72.9202 90.1388 72.0278 35.5974 22.8035 74.4312 16.6433 8.544 73.437 47.5839 100.195 89.2539 63.8905 25.7099 42.0119 7.61577 72.1451 5.83095 57.0088 34.6291 
23.2266 44.8469 76.2387 65.7658 46.0977 41.8327 37.4433 0.0 28.472 84.6533 22.6274 49.6152 39.0109 69.2932 61.1793 21.6637 41.0017 36.1248 15.0 52.6378 35.805 89.6788 87.12 31.4787 78.1907 68.1754 64.9384 58.8909 70.0084 56.1427 36.0737 88.3153 60.9227 16.6433 14.7648 66.757 20.8087 29.2062 66.3105 65.7588 70.0357 58.6941 64.3141 32.3516 37.4079 33.9411 36.8782 32.249 32.8024 16.1245 
7.28011 36.6197 49.6732 37.4849 47.5079 40.2492 44.9222 28.472 0.0 58.3633 6.32456 22.3607 27.6586 65.872 51.0599 43.781 34.1679 51.0234 42.0165 45.9478 64.2028 63.1133 58.8392 29.5466 50.1597 42.4264 51.0392 34.0588 65.1771 36.7696 42.0689 60.9425 32.6497 13.6015 29.4279 38.4761 34.0147 40.3113 38.0296 41.3038 55.7584 45.0 37.7486 19.3132 12.0416 46.3897 29.5296 39.2938 61.2256 14.5602 
65.6325 73.7564 9.48683 31.9061 80.0524 82.0061 85.0941 84.6533 58.3633 0.0 62.403 40.9125 62.7694 83.1505 61.0082 93.5986 77.21 94.0655 98.2616 64.6297 120.448 6.08276 10.0 70.6824 23.7697 31.0 71.1758 39.8121 79.3095 56.0803 85.111 6.32456 28.1603 69.1142 83.2304 21.8403 83.006 85.4283 22.1359 42.0119 72.6911 69.0072 21.4709 65.192 48.4149 90.471 71.7844 81.5414 117.471 70.0188 
6.40312 39.0521 53.7129 43.7453 45.5027 42.5275 42.3982 22.6274 6.32456 62.403 0.0 28.6356 26.3193 64.6097 52.8369 37.9364 36.4462 52.8959 36.1719 44.6854 58.3582 67.1531 65.0996 27.296 56.4624 45.6527 55.0727 36.3682 63.9147 41.7612 44.3472 66.065 38.9103 7.28011 23.1948 44.7365 28.0179 37.5914 44.29 43.2361 59.9416 48.8774 41.7883 17.0009 14.8852 43.6728 31.7942 36.7179 55.381 8.24621 
26.4008 34.0147 36.2003 18.2514 66.0984 41.5933 65.6201 49.6152 22.3607 40.9125 28.6356 0.0 45.2217 82.3532 60.3361 52.9374 36.4199 53.2754 57.8994 59.5388 83.1364 46.9155 39.4081 49.6488 28.8444 46.1803 38.5876 42.0864 79.7817 21.6333 44.3209 41.6773 13.0384 35.9026 51.788 19.2354 56.2556 62.0081 18.7961 53.0492 42.2019 34.0147 31.305 40.1123 24.3516 68.0294 31.0483 60.2993 80.6543 36.8782 
31.699 63.7809 53.3104 41.1096 20.8806 67.2714 22.561 39.0109 27.6586 62.7694 26.3193 45.2217 0.0 38.2904 26.9077 59.7696 61.19 74.7291 53.432 18.3661 68.7385 66.1891 68.4105 8.48528 67.0298 36.9586 78.6003 25.9733 37.5955 63.6318 69.091 67.6757 50.0899 33.0275 24.6977 52.0865 23.0217 23.0217 51.0882 32.3576 83.2346 72.6223 41.4367 11.4018 20.8806 27.7308 56.538 18.7883 65.578 33.932 
69.9894 102.071 74.4312 73.3485 23.5372 105.561 34.1321 69.2932 65.872 83.1505 64.6097 82.3532 38.2904 0.0 22.8035 89.665 99.4801 104.625 83.5225 23.6008 94.0479 84.006 91.6624 39.8246 95.8801 52.2398 116.676 45.8803 4.47214 101.415 107.381 89.2749 81.5414 71.3179 54.7083 81.2712 49.4773 42.4264 80.3243 41.4367 121.249 110.753 65.7343 48.8262 58.0136 41.0 94.8281 37.855 91.0879 72.2225 
57.7329 86.2507 52.0384 51.1077 24.0416 90.8602 33.8378 61.1793 51.0599 61.0082 52.8369 60.3361 26.9077 22.8035 0.0 81.938 84.7789 96.8974 75.6003 8.544 90.1788 62.3939 69.1809 29.9988 73.0821 30.0167 96.7104 23.0868 19.6977 80.6384 92.6799 67.0075 59.0339 59.5451 46.8661 58.5235 43.309 39.3954 57.5847 19.0 100.757 91.402 42.9535 37.6915 39.125 41.3401 79.9036 34.0147 87.0464 60.4497 
41.0825 25.0 88.8864 70.9375 66.5179 20.2485 58.5103 21.6637 43.781 93.5986 37.9364 52.9374 59.7696 89.665 81.938 0.0 12.3693 16.1555 18.2483 73.3964 42.5441 99.6016 92.2739 52.2374 81.354 83.4885 46.0109 74.204 90.7671 41.651 14.4222 94.3951 65.8748 32.2289 35.7209 71.9287 42.0328 50.5122 71.4822 81.0719 51.0 40.1123 80.9913 54.8367 52.721 55.4859 18.4391 53.0623 40.4969 31.8669 
30.2335 13.3417 72.4983 54.5493 80.3753 12.2066 76.7971 41.0017 34.1679 77.21 36.4462 36.4199 61.19 99.4801 84.7789 12.3693 0.0 18.9737 30.5941 79.5559 54.7814 83.2134 74.8701 62.1686 61.7117 74.4903 34.0588 66.9456 98.7852 29.2858 11.0 77.5973 49.1104 41.3486 52.2168 55.4279 58.6032 67.0007 55.079 74.4748 39.1152 28.0 67.6029 51.8735 45.5959 72.4645 6.08276 71.1458 52.811 42.2642 
56.042 24.2074 89.3537 71.4048 81.4773 15.2643 73.4098 36.1248 51.0234 94.0655 52.8959 53.2754 74.7291 104.625 96.8974 16.1555 18.9737 0.0 26.8328 88.3559 45.0444 100.069 91.7256 67.1969 78.492 91.3458 43.0813 83.8011 105.727 44.5533 9.21954 94.4528 65.9659 47.1884 50.6063 72.2834 56.8507 65.2993 71.9345 91.3303 47.4342 38.4708 84.4584 69.7962 62.4514 70.0357 22.4722 68.0074 44.0114 46.8264 
36.771 43.1045 89.7872 75.8995 60.0833 37.2156 50.5668 15.0 42.0165 98.2616 36.1719 57.8994 53.432 83.5225 75.6003 18.2483 30.5941 26.8328 0.0 67.0588 25.2389 103.227 97.2359 45.8998 86.316 81.7239 64.1249 71.2535 84.4038 59.6109 30.4138 99.3571 70.8368 30.4644 28.8617 76.8907 34.176 42.0476 76.4442 78.1214 69.0652 58.3095 77.8626 46.7727 50.9564 45.793 36.6742 45.8803 22.8254 30.0832 
50.0651 82.1467 55.3263 50.5344 16.6433 85.6372 25.6125 52.6378 45.9478 64.6297 44.6854 59.5388 18.3661 23.6008 8.544 73.3964 79.5559 88.3559 67.0588 0.0 81.5843 66.7083 72.0625 21.4573 74.1485 34.2053 96.7513 25.02 21.9317 81.491 87.4569 70.3491 58.859 51.3936 38.3246 59.2284 34.7131 30.8707 58.2495 23.4094 101.325 90.829 45.0111 29.15 38.0893 33.0151 74.9039 25.4951 78.4474 52.2982 
58.9574 66.2193 111.974 101.497 71.0282 58.8558 60.0 35.805 64.2028 120.448 58.3582 83.1364 68.7385 94.0479 90.1788 42.5441 54.7814 45.0444 25.2389 81.5843 0.0 125.414 122.851 61.131 111.553 103.767 86.885 92.7814 96.0052 83.9948 51.788 124.11 96.0739 52.4309 44.2719 102.488 46.8722 52.0865 102.041 99.1656 91.5915 81.4923 99.9953 62.0792 73.0892 53.0848 60.7454 57.2189 3.16228 51.8652 
70.3825 79.8311 13.4536 37.5899 82.5651 88.0568 88.3509 89.6788 63.1133 6.08276 67.1531 46.9155 66.1891 84.006 62.3939 99.6016 83.2134 100.069 103.227 66.7083 125.414 0.0 13.8924 74.3034 29.1204 32.5576 77.1038 42.3792 80.0062 62.1289 91.1144 9.43398 34.2053 73.8643 87.4197 27.8927 87.0919 89.0674 28.1603 43.566 78.5175 75.0267 25.6125 69.4046 53.0754 93.9149 77.7946 84.9706 122.436 74.7689 
64.2304 70.2282 17.2627 32.6497 86.9146 78.924 90.956 87.12 58.8392 10.0 65.0996 39.4081 68.4105 91.6624 69.1809 92.2739 74.8701 91.7256 97.2359 72.0625 122.851 13.8924 0.0 75.8947 16.0312 39.4588 65.0692 47.0425 87.9659 51.1957 82.7345 4.47214 26.4008 72.4819 87.2922 20.5183 87.2353 90.4765 21.2132 50.2494 66.0303 63.6396 27.2947 69.3542 51.8845 95.8175 69.3181 86.977 119.874 73.3865 
32.6757 64.7744 61.2699 47.096 18.4391 68.2499 16.0312 31.4787 29.5466 70.6824 27.296 49.6488 8.48528 39.8246 29.9988 52.2374 62.1686 67.1969 45.8998 21.4573 61.131 74.3034 75.8947 0.0 73.437 45.2281 80.2867 34.2428 39.9249 66.3099 66.6474 75.3923 56.0858 34.0042 17.1172 58.6941 14.7648 14.7648 57.7062 40.6271 85.0882 74.1517 49.2443 10.2956 26.0 19.9249 57.5166 11.1803 57.9741 34.9088 
55.0727 55.9017 26.1725 26.4764 87.0919 64.8845 89.2749 78.1907 50.1597 23.7697 56.4624 28.8444 67.0298 95.8801 73.0821 81.354 61.7117 78.492 86.316 74.1485 111.553 29.1204 16.0312 73.437 0.0 45.6508 49.163 50.0 92.6553 36.0555 69.3397 20.2237 17.72 63.6946 79.2967 15.0333 82.7421 87.3484 16.0312 55.1543 50.01 48.0521 30.4631 65.466 47.8887 93.0654 56.0357 84.5931 109.071 64.622 
49.6488 75.6997 22.2036 30.4138 50.3289 80.553 57.8779 68.1754 42.4264 31.0 45.6527 46.1803 36.9586 52.2398 30.0167 83.4885 74.4903 91.3458 81.7239 34.2053 103.767 32.5576 39.4588 45.2281 45.6508 0.0 80.5412 11.3137 48.5077 63.8617 82.3913 37.054 35.4683 52.3609 59.7259 32.6497 58.9124 59.9411 31.8904 11.0454 83.3322 76.9762 15.6205 42.4382 30.8058 64.6662 69.6452 55.7225 100.606 53.2654 
49.1935 21.0238 69.4262 52.6123 98.4784 28.1603 95.389 64.9384 51.0392 71.1758 55.0727 38.5876 78.6003 116.676 96.7104 46.0109 34.0588 43.0813 64.1249 96.7513 86.885 77.1038 65.0692 80.2867 49.163 80.5412 0.0 78.6672 115.981 17.0 35.171 69.0072 45.8803 60.4152 75.3619 51.1957 81.2038 88.8421 51.4198 86.212 5.09902 6.32456 65.6658 69.9916 59.4138 94.7865 28.1603 89.7087 85.3288 61.327 
41.0 68.155 30.4138 29.0689 40.2616 73.0068 48.1127 58.8909 34.0588 39.8121 36.3682 42.0864 25.9733 45.8803 23.0868 74.204 66.9456 83.8011 71.2535 25.02 92.7814 42.3792 47.0425 34.2428 50.0 11.3137 78.6672 0.0 42.72 62.3887 74.8466 45.3982 36.3593 43.0764 48.7406 35.4683 47.9271 48.9558 34.5398 7.61577 82.8409 73.2463 20.0998 31.4695 22.0227 53.6809 62.1005 44.7372 89.6208 43.981 
69.2944 101.376 70.7107 70.7107 25.02 104.867 36.0139 70.0084 65.1771 79.3095 63.9147 79.7817 37.5955 4.47214 19.6977 90.7671 98.7852 105.727 84.4038 21.9317 96.0052 80.0062 87.9659 39.9249 92.6553 48.5077 115.981 42.72 0.0 99.6327 106.686 85.4751 78.721 70.6229 55.5428 78.1857 50.636 44.0454 77.2528 37.855 120.202 110.058 62.3618 48.3735 58.5707 43.1856 94.1332 39.2046 93.0 71.5275 
36.6742 20.6155 53.3385 35.9328 84.0773 29.8329 81.5966 56.1427 36.7696 56.0803 41.7612 21.6333 63.6318 101.415 80.6384 41.651 29.2858 44.5533 59.6109 81.491 83.9948 62.1289 51.1957 66.3099 36.0555 63.8617 17.0 62.3887 99.6327 0.0 35.3836 54.7449 29.4279 48.0521 63.6396 35.1283 69.2315 76.6199 35.2278 70.7306 20.6155 13.1529 48.9864 56.0803 43.6005 82.5646 23.3238 75.9186 82.0573 49.0306 
38.1345 15.2643 80.3992 62.4503 80.9278 7.07107 72.9202 36.0737 42.0689 85.111 44.3472 44.3209 69.091 107.381 92.6799 14.4222 11.0 9.21954 30.4138 87.4569 51.788 91.1144 82.7345 66.6474 69.3397 82.3913 35.171 74.8466 106.686 35.3836 0.0 85.4927 57.0114 49.2495 50.1308 63.3289 56.4428 64.9222 62.98 82.3758 39.8121 30.0832 75.5039 59.7745 53.4969 69.8958 13.4164 67.4722 50.3587 50.1651 
66.3337 73.3757 15.0333 33.9706 85.5335 81.9329 90.1388 88.3153 60.9425 6.32456 66.065 41.6773 67.6757 89.2749 67.0075 94.3951 77.5973 94.4528 99.3571 70.3491 124.11 9.43398 4.47214 75.3923 20.2237 37.054 69.0072 45.3982 85.4751 54.7449 85.4927 0.0 28.6531 72.7762 87.365 22.4722 87.2353 90.0777 23.0217 48.0104 70.1142 67.3647 26.2488 69.3542 52.1536 95.2733 72.0902 86.3771 121.133 73.6808 
38.0132 45.7056 24.0208 9.0 70.5762 53.8516 72.0278 60.9227 32.6497 28.1603 38.9103 13.0384 50.0899 81.5414 59.0339 65.8748 49.1104 65.9659 70.8368 58.859 96.0739 34.2053 26.4008 56.0858 17.72 35.4683 45.8803 36.3593 78.721 29.4279 57.0114 28.6531 0.0 46.0995 61.6799 6.32456 65.0533 69.8378 6.08276 42.8019 48.4665 42.5793 20.2485 47.7773 30.3074 75.6731 43.6578 67.359 93.5917 47.0133 
11.4018 43.9544 60.4241 50.9438 52.2109 47.4299 35.5974 16.6433 13.6015 69.1142 7.28011 35.9026 33.0275 71.3179 59.5451 32.2289 41.3486 47.1884 30.4644 51.3936 52.4309 73.8643 72.4819 34.0042 63.6946 52.3609 60.4152 43.0764 70.6229 48.0521 49.2495 72.7762 46.0995 0.0 16.0312 51.935 21.2132 28.5755 51.4885 49.9443 65.3911 54.1295 48.4995 23.7091 21.5934 34.5202 36.6965 29.946 49.4065 1.0 
27.074 56.0515 74.0652 66.5149 31.3847 55.8898 22.8035 14.7648 29.4279 83.2304 23.1948 51.788 24.6977 54.7083 46.8661 35.7209 52.2168 50.6063 28.8617 38.3246 44.2719 87.4197 87.2922 17.1172 79.2967 59.7259 75.3619 48.7406 55.5428 63.6396 50.1308 87.365 61.6799 16.0312 0.0 68.7902 6.40312 14.8661 67.8211 55.1248 80.3408 69.0807 61.8595 18.0384 35.4631 20.2485 48.0377 17.4929 41.1096 15.0333 
43.8673 51.9711 18.2483 12.53 72.0625 60.1664 74.4312 66.757 38.4761 21.8403 44.7365 19.2354 52.0865 81.2712 58.5235 71.9287 55.4279 72.2834 76.8907 59.2284 102.488 27.8927 20.5183 58.6941 15.0333 32.6497 51.1957 35.4683 78.1857 35.1283 63.3289 22.4722 6.32456 51.935 68.7902 0.0 68.7867 72.7805 1.0 41.1825 53.4509 48.2597 17.0294 50.9977 33.3339 78.4474 49.98 69.8713 99.5105 52.8396 
32.5576 62.438 73.7835 69.8883 25.9615 64.6846 16.6433 20.8087 34.0147 83.006 28.0179 56.2556 23.0217 49.4773 43.309 42.0328 58.6032 56.8507 34.176 34.7131 46.8722 87.0919 87.2353 14.7648 82.7421 58.9124 81.2038 47.9271 50.636 69.2315 56.4428 87.2353 65.0533 21.2132 6.40312 68.7867 0.0 8.48528 67.8176 54.3113 86.1826 74.9225 61.5873 17.8885 35.4683 13.8924 54.4241 11.7047 43.7379 20.2237 
39.9757 70.8355 76.0263 60.9612 19.0263 73.0821 8.544 29.2062 40.3113 85.4283 37.5914 62.0081 23.0217 42.4264 39.3954 50.5122 67.0007 65.2993 42.0476 30.8707 52.0865 89.0674 90.4765 14.7648 87.3484 59.9411 88.8421 48.9558 44.0454 76.6199 64.9222 90.0777 69.8378 28.5755 14.8661 72.7805 8.48528 0.0 71.8053 52.3816 93.821 82.5608 63.9766 22.0907 39.6232 6.08276 62.8216 5.38516 49.0408 27.6072 
43.4208 51.788 18.1108 11.6619 71.0634 59.9083 73.437 66.3105 38.0296 22.1359 44.29 18.7961 51.0882 80.3243 57.5847 71.4822 55.079 71.9345 76.4442 58.2495 102.041 28.1603 21.2132 57.7062 16.0312 31.8904 51.4198 34.5398 77.2528 35.2278 62.98 23.0217 6.08276 51.4885 67.8211 1.0 67.8176 71.8053 0.0 40.3113 53.7587 48.3735 16.2788 50.0286 32.3648 77.4661 49.6488 68.884 99.064 52.3931 
48.0937 75.6997 33.0606 36.0694 39.8121 80.5233 47.5839 65.7588 41.3038 42.0119 43.2361 53.0492 32.3576 41.4367 19.0 81.0719 74.4748 91.3303 78.1214 23.4094 99.1656 43.566 50.2494 40.6271 55.1543 11.0454 86.212 7.61577 37.855 70.7306 82.3758 48.0104 42.8019 49.9443 55.1248 41.1825 54.3113 52.3816 40.3113 0.0 90.201 80.791 24.6982 37.8537 29.2746 54.8034 69.6419 47.0203 96.0051 50.8489 
54.1295 26.0 71.5681 55.4033 103.247 32.7567 100.195 70.0357 55.7584 72.6911 59.9416 42.2019 83.2346 121.249 100.757 51.0 39.1152 47.4342 69.0652 101.325 91.5915 78.5175 66.0303 85.0882 50.01 83.3322 5.09902 82.8409 120.202 20.6155 39.8121 70.1142 48.4665 65.3911 80.3408 53.4509 86.1826 93.821 53.7587 90.201 0.0 11.4018 68.4471 74.793 63.7809 99.7654 33.2415 94.5152 90.0944 66.3099 
42.9418 15.2971 66.4831 49.0473 92.358 23.2594 89.2539 58.6941 45.0 69.0072 48.8774 34.0147 72.6223 110.753 91.402 40.1123 28.0 38.4708 58.3095 90.829 81.4923 75.0267 63.6396 74.1517 48.0521 76.9762 6.32456 73.2463 110.058 13.1529 30.0832 67.3647 42.5793 54.1295 69.0807 48.2597 74.9225 82.5608 48.3735 80.791 11.4018 0.0 62.1008 63.8566 53.7587 88.5052 22.0227 83.8383 79.8311 55.0498 
45.0178 64.5318 12.2066 17.1172 59.6345 72.5174 63.8905 64.3141 37.7486 21.4709 41.7883 31.305 41.4367 65.7343 42.9535 80.9913 67.6029 84.4584 77.8626 45.0111 99.9953 25.6125 27.2947 49.2443 30.4631 15.6205 65.6658 20.0998 62.3618 48.9864 75.5039 26.2488 20.2485 48.4995 61.8595 17.0294 61.5873 63.9766 16.2788 24.6982 68.4471 62.1008 0.0 43.8292 27.5862 69.0797 62.1841 60.1664 97.0444 49.4041 
22.3806 54.4793 56.0357 52.6123 28.6007 57.9548 25.7099 32.3516 19.3132 65.192 17.0009 40.1123 11.4018 48.8262 37.6915 54.8367 51.8735 69.7962 46.7727 29.15 62.0792 69.4046 69.3542 10.2956 65.466 42.4382 69.9916 31.4695 48.3735 56.0803 59.7745 69.3542 47.7773 23.7091 18.0384 50.9977 17.8885 22.0907 50.0286 37.8537 74.793 63.8566 43.8292 0.0 17.72 28.0179 47.2215 20.2237 58.9187 24.6137 
19.0263 47.4131 39.6232 21.5015 41.7612 51.6773 42.0119 37.4079 12.0416 48.4149 14.8852 24.3516 20.8806 58.0136 39.125 52.721 45.5959 62.4514 50.9564 38.0893 73.0892 53.0754 51.8845 26.0 47.8887 30.8058 59.4138 22.0227 58.5707 43.6005 53.4969 52.1536 30.3074 21.5934 35.4631 33.3339 35.4683 39.6232 32.3648 29.2746 63.7809 53.7587 27.5862 17.72 0.0 45.3982 40.8534 37.054 70.1382 22.498 
45.9204 76.2992 81.0247 66.6782 18.6815 75.6548 7.61577 33.9411 46.3897 90.471 43.6728 68.0294 27.7308 41.0 41.3401 55.4859 72.4645 70.0357 45.793 33.0151 53.0848 93.9149 95.8175 19.9249 93.0654 64.6662 94.7865 53.6809 43.1856 82.5646 69.8958 95.2733 75.6731 34.5202 20.2485 78.4474 13.8924 6.08276 77.4661 54.8034 99.7654 88.5052 69.0797 28.0179 45.3982 0.0 68.2853 8.94427 50.1597 33.5519 
25.5815 8.06226 67.0795 49.1305 75.7232 11.0454 72.1451 36.8782 29.5296 71.7844 31.7942 31.0483 56.538 94.8281 79.9036 18.4391 6.08276 22.4722 36.6742 74.9039 60.7454 77.7946 69.3181 57.5166 56.0357 69.6452 28.1603 62.1005 94.1332 23.3238 13.4164 72.0902 43.6578 36.6965 48.0377 49.98 54.4241 62.8216 49.6488 69.6419 33.2415 22.0227 62.1841 47.2215 40.8534 68.2853 0.0 66.4938 58.8218 37.6121 
42.0977 73.7517 72.0902 58.224 14.3178 77.2271 5.83095 32.249 39.2938 81.5414 36.7179 60.2993 18.7883 37.855 34.0147 53.0623 71.1458 68.0074 45.8803 25.4951 57.2189 84.9706 86.977 11.1803 84.5931 55.7225 89.7087 44.7372 39.2046 75.9186 67.4722 86.3771 67.359 29.946 17.4929 69.8713 11.7047 5.38516 68.884 47.0203 94.5152 83.8383 60.1664 20.2237 37.054 8.94427 66.4938 0.0 54.1479 28.9778 
55.9801 64.5368 108.996 98.5193 68.0074 57.4282 57.0088 32.8024 61.2256 117.471 55.381 80.6543 65.578 91.0879 87.0464 40.4969 52.811 44.0114 22.8254 78.4474 3.16228 122.436 119.874 57.9741 109.071 100.606 85.3288 89.6208 93.0 82.0573 50.3587 121.133 93.5917 49.4065 41.1096 99.5105 43.7379 49.0408 99.064 96.0051 90.0944 79.8311 97.0444 58.9187 70.1382 50.1597 58.8218 54.1479 0.0 48.8262 
12.3693 44.87 61.3287 51.8484 53.1155 48.3455 34.6291 16.1245 14.5602 70.0188 8.24621 36.8782 33.932 72.2225 60.4497 31.8669 42.2642 46.8264 30.0832 52.2982 51.8652 74.7689 73.3865 34.9088 64.622 53.2654 61.327 43.981 71.5275 49.0306 50.1651 73.6808 47.0133 1.0 15.0333 52.8396 20.2237 27.6072 52.3931 50.8489 66.3099 55.0498 49.4041 24.6137 22.498 33.5519 37.6121 28.9778 48.8262 0.0 
DEMAND_SCENARIO_SECTION
0 0 0 0 0 0 0 0 0 0 0 0 0 0 0 0 0 0 0 0 0 0 0 0 0 0 0 0 0 0 0 0 0 0 0 0 0 0 0 0 0 0 0 0 0 0 0 0 0 0 0 0 0 0 0 0 0 0 0 0 0 0 0 0 0 0 0 0 0 0 0 0 0 0 0 0 0 0 0 0 0 0 0 0 0 0 0 0 0 0 0 0 0 0 0 0 0 0 0 0 0 0 0 0 0 0 0 0 0 0 0 0 0 0 0 0 0 0 0 0 0 0 0 0 0 0 0 0 0 0 0 0 0 0 0 0 0 0 0 0 0 0 0 0 0 0 0 0 0 0 0 0 0 0 0 0 0 0 0 0 0 0 0 0 0 0 0 0 0 0 0 0 0 0 0 0 0 0 0 0 0 0 0 0 0 0 0 0 0 0 0 0 0 0 0 0 0 0 0 0 
7 3 7 4 1 3 6 4 6 3 5 5 5 5 4 4 6 3 6 6 6 5 5 2 2 5 4 6 9 6 5 6 4 5 6 4 6 6 7 4 6 5 5 2 5 3 5 7 5 6 5 2 5 9 7 8 5 7 1 3 6 3 6 5 4 4 5 4 5 8 7 6 5 4 0 5 4 7 5 3 4 3 4 6 5 4 3 5 2 3 2 6 5 8 3 7 6 9 5 7 4 7 4 3 3 4 6 8 6 7 5 2 8 8 5 7 6 4 4 5 8 4 4 4 4 5 6 5 5 6 3 6 4 4 5 7 3 4 4 8 9 5 7 5 7 6 5 8 6 5 7 5 8 6 7 4 5 5 6 8 2 5 7 3 6 4 4 7 5 4 5 5 6 5 2 4 5 5 7 6 4 6 4 4 8 6 5 3 7 4 5 3 5 3 4 3 3 5 7 7 
7 5 6 8 12 8 11 4 10 7 6 10 8 9 9 9 8 5 5 5 8 7 4 8 7 3 10 11 8 10 7 7 8 6 6 3 7 9 6 5 12 2 6 6 5 6 7 9 4 6 6 5 7 11 4 4 6 2 7 9 7 4 9 9 6 4 4 7 7 7 7 2 5 6 5 9 11 6 10 8 6 4 9 6 7 8 7 6 8 8 7 8 6 10 8 7 9 11 10 7 8 5 12 8 9 6 10 5 3 9 4 3 11 8 3 5 12 8 3 8 6 10 8 6 11 5 10 4 8 7 8 4 7 7 6 6 10 4 5 7 5 8 5 10 7 3 4 10 6 7 10 4 7 13 4 3 6 6 7 6 9 9 7 8 2 8 13 6 8 6 5 9 9 4 8 9 7 11 9 8 6 6 9 9 6 6 4 9 10 10 13 7 6 6 7 11 6 1 6 6 
7 6 5 7 6 7 7 6 5 8 4 4 8 7 9 8 4 11 7 4 6 6 6 8 4 12 4 7 7 2 5 0 8 3 9 5 6 8 5 9 5 8 6 7 2 7 7 7 3 5 6 5 7 6 4 6 5 6 10 12 6 7 8 4 5 5 7 6 1 8 8 7 4 7 3 4 7 6 6 6 7 7 3 5 4 9 5 8 6 5 4 8 4 5 6 8 5 9 8 4 6 6 3 5 5 4 7 8 6 9 7 8 6 6 9 6 6 5 6 9 4 5 7 3 7 3 5 7 5 6 5 6 6 4 4 6 7 4 6 3 10 5 4 6 2 6 8 7 4 6 8 3 7 4 2 7 4 9 5 3 6 4 6 4 3 5 10 7 6 6 9 6 8 7 7 4 4 6 7 6 5 7 7 9 9 10 9 7 5 7 2 5 7 9 3 4 6 9 4 6 
4 4 5 5 5 6 5 6 4 5 7 1 3 4 7 5 5 7 5 6 7 8 6 6 4 11 7 5 5 7 6 7 7 4 8 7 3 4 5 6 5 5 7 3 6 7 4 7 3 4 5 5 5 8 5 8 9 7 9 10 3 4 6 5 6 6 6 6 5 7 3 6 7 6 7 6 3 5 6 5 6 5 4 9 4 4 7 9 6 5 9 11 5 0 8 5 7 4 6 7 9 9 3 5 9 7 8 7 3 2 6 4 6 7 8 6 6 9 6 6 7 8 3 5 8 7 8 4 6 8 6 4 7 7 8 5 9 7 8 7 3 11 4 6 6 9 7 7 8 2 4 9 7 5 5 9 9 9 5 6 6 5 3 7 7 6 7 9 8 8 9 5 7 3 9 9 4 6 6 7 5 6 5 5 6 11 6 5 8 8 6 7 6 7 4 7 4 3 8 1 
4 4 4 4 4 4 2 2 3 5 5 5 1 3 2 4 5 4 2 4 3 3 4 3 7 2 0 4 2 5 5 3 8 5 4 4 4 5 3 3 3 6 4 3 3 6 3 5 3 4 4 3 4 4 4 2 4 1 5 5 5 4 3 4 5 5 4 3 4 3 5 2 6 3 3 3 5 2 3 4 6 4 4 3 4 5 3 3 5 4 4 4 3 5 4 4 4 4 4 3 5 3 5 4 5 3 5 5 3 4 2 4 6 2 4 4 5 4 5 4 4 6 4 4 3 4 5 5 6 7 4 3 4 4 5 2 4 5 6 3 5 7 5 3 5 2 3 4 4 6 6 6 4 3 5 5 2 3 3 5 6 4 5 5 5 5 5 4 5 3 2 3 4 4 5 6 3 4 4 3 5 3 3 3 4 4 4 3 3 6 4 5 1 4 4 3 2 3 3 6 
7 11 13 13 6 1 8 16 13 16 14 10 13 13 10 8 11 17 9 12 12 5 10 13 9 3 18 6 13 9 15 6 11 11 13 14 9 15 9 9 6 9 5 12 16 10 8 13 13 13 12 16 14 12 2 9 12 6 14 7 8 10 11 10 7 6 15 14 9 12 11 7 16 7 12 19 9 12 9 11 14 6 11 13 10 11 8 10 8 10 10 9 10 5 13 7 2 11 7 5 11 9 8 12 12 10 16 13 4 10 13 9 12 10 13 12 1 9 12 7 8 10 8 8 11 6 8 7 11 12 12 9 7 14 14 11 9 10 9 9 14 10 12 11 8 10 12 14 4 8 18 10 7 9 13 9 9 13 15 13 9 14 10 5 5 7 4 14 12 10 8 11 11 11 9 11 14 11 17 8 7 8 16 8 9 9 18 11 12 12 9 15 10 5 12 7 8 10 10 8 
1 2 1 1 1 1 1 1 1 1 1 1 1 1 2 1 1 1 1 1 1 2 1 1 1 1 1 1 1 1 1 1 1 1 1 1 2 1 1 1 1 1 1 0 1 1 1 1 1 1 1 1 1 1 1 1 1 1 1 1 1 1 1 1 2 1 1 1 1 0 1 1 1 1 1 1 1 1 1 1 1 1 1 1 1 1 0 1 1 1 1 1 1 1 1 1 1 1 1 1 1 2 1 1 2 1 1 1 1 1 1 1 1 1 1 1 1 1 0 1 1 2 1 1 1 1 0 1 1 1 2 1 1 1 0 1 1 1 1 1 2 2 1 1 1 0 1 1 1 1 1 1 1 1 1 1 1 1 1 1 0 1 1 1 1 0 1 1 1 2 1 1 1 1 1 1 1 2 1 1 1 1 1 1 1 1 1 0 1 1 1 1 1 2 1 1 1 1 1 1 
16 12 12 5 15 8 10 14 6 11 7 13 11 9 13 3 8 9 5 11 10 11 13 10 8 7 7 7 6 12 9 7 11 8 4 11 9 4 1 10 14 11 13 9 8 9 7 11 12 8 6 11 10 7 9 12 11 8 14 13 6 9 11 9 8 11 10 7 6 3 8 9 6 12 12 12 15 9 10 9 9 10 6 11 12 14 8 14 11 14 14 9 10 12 6 9 9 14 7 13 15 7 13 10 8 4 9 10 9 12 15 7 14 1 9 3 10 12 6 13 14 11 10 7 7 11 16 8 15 11 7 7 10 8 5 9 7 11 12 10 8 1 11 8 8 9 8 10 11 11 8 10 11 6 9 6 12 5 6 12 9 8 13 5 12 9 12 7 9 8 8 14 7 9 5 6 8 12 8 16 11 9 10 12 2 8 13 7 7 10 9 7 11 9 16 14 3 8 9 9 
5 4 7 7 7 3 3 4 3 7 7 4 5 5 4 4 4 2 7 3 4 3 6 2 3 6 6 4 3 7 1 5 7 7 6 8 2 3 6 6 4 4 3 4 3 7 4 5 4 3 5 5 3 3 8 6 5 6 2 4 7 3 3 4 5 3 7 5 8 2 3 7 7 5 6 2 3 4 5 6 5 8 7 4 7 2 2 6 4 5 3 2 4 6 3 4 5 5 8 4 9 5 8 6 4 6 4 5 5 5 2 5 3 7 7 8 5 5 8 6 4 3 4 5 6 6 7 5 6 4 7 8 3 10 3 3 2 6 4 5 4 5 6 4 6 5 9 3 5 5 6 6 5 5 5 8 5 4 3 4 4 3 5 7 4 4 6 3 5 5 3 7 6 6 4 6 4 7 4 3 4 4 5 5 7 6 6 5 4 2 4 6 5 5 3 4 6 2 8 7 
11 6 10 10 7 7 12 7 7 0 9 10 7 4 7 7 5 16 12 11 8 13 10 7 13 11 5 11 12 10 10 9 9 6 12 10 11 13 11 9 9 10 11 3 5 9 8 4 8 8 9 12 10 5 11 9 5 6 10 8 8 12 5 12 3 4 8 7 13 10 2 9 12 6 16 11 5 10 10 8 8 8 8 8 12 15 11 12 8 11 8 9 13 8 11 11 9 8 7 17 8 13 14 10 7 11 7 11 7 6 5 11 13 9 8 7 12 10 9 9 10 9 7 9 7 3 9 10 9 4 6 6 9 11 9 5 13 8 7 11 1 11 10 10 8 11 5 12 7 14 7 8 8 14 8 2 8 9 10 8 9 14 8 7 8 7 4 8 7 12 8 12 9 12 6 3 7 13 12 7 12 6 8 8 12 10 13 9 5 3 10 7 15 5 10 12 7 12 10 9 
4 5 3 5 5 4 3 3 3 5 4 4 3 6 4 7 5 5 3 5 1 3 3 3 6 4 6 1 3 4 5 3 6 3 3 4 3 4 5 5 4 5 6 4 2 6 1 6 4 5 3 4 4 4 4 4 3 2 2 4 5 2 3 4 4 4 4 5 3 7 5 4 6 4 3 3 4 6 1 4 5 3 7 6 3 6 4 6 2 5 6 6 3 4 5 6 4 3 5 4 4 4 5 5 3 5 5 4 2 6 4 6 4 7 6 3 4 3 4 5 3 7 3 6 3 7 3 6 5 5 7 4 6 6 4 5 5 4 4 4 1 4 5 4 8 5 4 6 5 6 4 3 6 4 6 2 4 3 4 4 5 4 4 4 1 4 4 5 4 5 4 3 5 6 3 5 4 7 4 1 3 5 6 3 3 2 3 5 6 2 5 3 3 3 3 4 3 3 4 2 
8 4 10 11 11 6 8 12 7 8 6 8 6 5 9 6 8 8 8 8 3 4 6 8 6 8 9 9 4 10 8 5 8 8 6 9 8 8 8 6 13 4 10 4 9 3 6 5 7 7 9 4 7 6 5 7 9 6 8 4 10 7 9 6 8 5 10 6 4 6 6 9 6 6 9 10 5 5 6 6 5 1 5 9 6 6 9 6 3 11 10 5 8 9 3 7 4 11 11 10 10 2 10 9 4 1 7 6 5 5 6 6 5 8 2 9 6 9 7 5 9 5 6 6 10 8 8 4 3 9 8 3 5 8 8 3 8 12 6 7 4 6 9 5 3 7 8 13 7 9 6 5 7 9 4 10 4 6 4 12 9 10 8 5 5 9 6 10 7 8 9 8 4 9 5 4 10 7 6 6 5 9 7 7 13 7 8 7 8 12 7 8 8 6 8 6 10 7 4 7 
3 2 2 3 3 2 3 4 3 4 3 3 4 4 2 2 1 2 3 3 3 3 4 3 3 2 2 2 4 3 3 2 2 3 3 2 2 3 3 2 4 3 3 2 5 3 3 3 2 4 2 2 2 2 2 3 3 0 3 3 2 2 5 3 2 3 2 3 3 2 4 3 3 3 4 2 5 2 3 3 2 4 3 3 3 2 2 3 3 2 2 3 4 2 4 3 4 2 2 3 5 3 2 2 3 2 4 2 4 3 3 3 2 2 3 4 3 3 1 3 2 2 2 2 2 4 4 2 2 3 4 2 2 4 4 3 4 3 3 3 2 2 2 6 4 4 1 5 2 4 3 2 4 3 4 4 2 3 4 3 4 3 4 2 3 2 3 4 2 3 2 3 3 5 3 2 3 6 3 3 2 4 1 4 6 3 2 3 5 1 3 1 4 4 0 3 4 3 1 4 
3 3 2 1 2 3 1 3 2 2 2 1 3 3 2 2 2 3 1 2 2 4 2 2 2 3 1 2 2 2 1 3 2 3 3 2 2 2 3 3 2 1 2 2 1 1 2 1 2 2 2 1 3 2 3 3 2 4 2 1 2 2 2 1 3 1 2 3 1 1 1 2 2 1 3 3 1 3 2 2 3 1 1 3 2 3 2 2 1 2 1 2 2 1 2 3 2 3 3 2 2 2 2 3 2 0 1 1 1 1 2 2 1 2 2 2 1 1 1 1 1 2 2 1 2 2 1 1 1 2 3 2 3 1 2 3 1 2 3 2 3 3 2 2 2 2 3 1 3 3 1 2 2 2 2 2 2 2 3 3 3 3 1 2 2 3 2 2 3 3 2 2 3 2 2 2 2 2 1 3 2 2 2 2 3 1 3 2 3 2 2 2 3 2 3 1 1 2 1 2 
9 12 6 6 9 1 6 1 8 2 5 10 4 7 8 4 5 4 7 7 5 5 10 3 10 7 7 4 4 5 7 6 8 3 10 10 8 10 5 10 8 11 6 7 4 8 11 3 4 5 4 5 5 8 7 3 4 2 3 5 7 6 4 7 7 6 3 5 7 8 4 9 6 3 6 9 8 4 7 4 7 9 8 6 8 4 7 6 5 9 4 8 8 6 3 6 7 6 3 2 9 3 5 7 3 7 5 3 5 6 4 4 7 8 7 7 6 5 4 5 6 7 10 8 7 3 5 6 8 7 5 11 4 6 6 6 5 7 3 5 5 6 4 8 9 7 4 9 7 6 5 5 6 4 7 7 6 9 6 7 6 6 3 7 6 6 8 6 7 5 7 2 9 7 7 6 5 4 5 4 6 9 3 5 8 2 6 3 4 9 6 8 4 5 6 7 10 4 4 3 
12 5 5 5 7 5 2 9 6 11 6 7 3 9 4 8 6 9 8 6 10 10 4 2 8 9 8 6 9 6 10 1 5 11 7 6 4 2 9 9 7 8 11 5 7 9 7 5 6 8 8 5 8 6 13 6 5 3 8 7 7 6 8 7 11 8 4 9 0 7 7 8 12 5 8 5 5 4 2 9 8 7 8 5 7 9 5 4 10 5 8 8 7 7 5 9 8 12 3 3 3 11 10 8 5 10 5 7 5 10 7 6 8 8 11 8 7 7 3 12 5 7 6 6 6 7 4 5 8 9 5 1 7 7 7 8 7 9 6 7 7 2 3 10 6 9 10 7 6 6 7 5 6 12 7 6 8 4 9 6 11 5 6 6 6 9 8 8 1 9 5 2 9 5 5 8 4 8 5 8 8 8 8 6 9 9 12 6 8 11 6 10 6 6 8 6 9 3 6 9 
11 12 6 3 8 8 4 5 6 4 8 8 3 6 9 6 8 9 9 7 6 2 8 11 10 10 8 6 10 4 6 10 4 7 6 8 7 9 2 6 8 7 12 6 5 7 4 11 6 3 11 5 8 8 5 8 11 7 7 8 8 12 7 5 10 6 10 7 5 9 3 7 6 7 7 4 2 6 8 7 12 10 8 8 8 6 5 7 5 3 9 9 6 6 9 8 9 7 4 8 10 8 7 7 9 7 6 6 4 7 6 7 11 4 6 4 7 9 5 6 5 7 6 8 7 6 3 9 6 4 3 6 11 7 7 8 8 8 9 6 8 11 4 11 2 8 6 1 9 6 7 11 11 9 6 7 3 6 7 5 5 13 10 6 8 11 7 9 3 7 8 5 3 3 9 5 8 4 4 7 9 8 10 9 5 9 6 6 7 8 6 5 2 5 11 7 8 9 5 7 
1 2 2 2 1 3 1 2 2 3 2 3 1 1 3 1 3 2 0 2 2 2 2 3 3 1 3 2 2 2 1 2 3 2 1 2 3 2 3 2 2 3 2 2 3 3 3 3 2 1 3 2 1 3 1 2 2 2 2 4 2 1 1 2 2 2 2 1 2 1 2 3 3 1 3 2 2 2 3 2 2 3 1 2 1 3 2 1 2 2 0 3 2 2 2 2 1 1 3 1 3 3 2 2 2 2 2 2 2 2 2 3 2 1 2 1 1 2 2 1 2 2 3 3 2 2 3 2 1 2 3 3 2 2 3 2 3 2 3 2 2 3 1 2 3 3 3 3 1 2 1 1 3 2 2 3 1 3 2 3 3 1 1 3 3 3 2 2 2 4 2 2 2 2 1 2 2 2 1 2 3 2 2 2 1 2 2 3 1 3 2 2 2 2 3 2 2 2 2 2 
9 7 10 6 4 6 8 6 8 10 7 7 7 9 9 7 10 7 13 7 11 8 6 2 9 11 11 5 7 3 8 6 8 9 8 6 5 8 9 7 4 4 7 4 5 6 9 7 11 7 6 10 6 7 9 7 7 9 8 7 9 7 3 7 10 8 7 7 5 10 4 9 11 12 12 5 6 4 8 6 5 5 11 7 12 7 6 8 4 7 9 9 10 11 7 7 8 9 7 2 7 5 6 6 5 6 5 7 6 8 9 8 8 4 7 6 6 11 7 2 6 9 5 12 8 5 13 5 6 8 6 7 8 9 6 8 5 7 6 4 7 6 5 8 8 6 12 12 9 6 13 9 8 12 6 7 8 9 6 6 7 9 4 7 7 9 5 7 7 7 10 9 9 9 6 5 5 7 7 5 4 8 5 7 6 7 6 2 9 7 5 5 7 8 5 10 10 6 9 8 
4 6 1 6 6 5 4 9 11 4 3 8 7 10 3 5 5 8 5 5 7 7 5 8 10 3 9 5 9 6 8 8 8 6 10 3 6 5 5 5 7 11 9 5 6 4 7 8 6 9 12 6 6 6 5 7 5 4 8 9 7 11 10 7 8 10 7 6 5 10 5 1 8 11 8 7 9 5 6 6 7 3 6 6 5 9 9 8 5 4 4 7 4 6 8 7 5 6 4 8 11 6 7 5 4 8 8 9 9 6 6 10 6 7 8 8 8 6 7 8 3 9 8 6 5 6 11 8 7 5 5 6 7 7 9 3 6 6 7 8 8 7 10 9 3 9 4 7 8 7 8 10 4 10 4 8 8 5 10 8 6 4 5 9 5 6 8 5 8 12 10 5 10 5 11 9 5 7 5 11 2 9 5 6 8 7 5 9 6 9 6 4 0 8 7 8 3 9 11 5 
3 6 6 7 6 7 6 4 2 3 3 4 5 7 9 5 5 5 3 7 7 6 4 4 2 3 4 6 6 3 7 5 4 4 3 6 2 6 3 6 3 5 6 2 4 6 4 6 6 6 6 4 5 5 4 6 8 7 6 5 4 8 4 2 4 5 8 6 3 5 4 9 8 7 3 7 7 7 5 6 4 6 9 8 5 5 7 4 5 5 3 7 9 7 7 4 5 7 5 5 3 3 7 8 6 5 4 6 5 6 6 4 4 6 4 4 5 6 6 8 3 10 4 4 3 3 6 7 7 6 4 1 4 4 3 6 4 5 3 6 3 4 3 4 8 5 5 3 8 4 4 4 4 5 6 4 7 4 6 6 5 6 4 2 4 3 2 5 3 6 5 6 6 4 5 6 3 5 5 3 4 4 5 4 6 4 5 6 5 8 7 5 6 3 4 7 4 1 6 7 
12 13 7 9 6 13 10 10 9 5 10 9 13 9 5 10 10 12 10 5 9 7 6 14 9 7 12 11 10 8 12 6 7 5 4 6 6 10 11 11 9 14 9 13 6 9 12 15 5 6 13 9 4 12 11 12 11 13 9 14 8 8 7 9 13 7 14 6 10 5 11 7 8 10 8 8 8 8 9 5 5 14 9 7 8 9 11 13 9 6 15 14 16 8 12 7 7 12 15 11 7 12 5 9 7 8 12 4 10 14 9 5 5 10 16 10 5 11 8 10 3 9 7 9 9 9 11 12 9 9 11 4 9 15 10 10 10 5 10 6 7 9 5 13 6 13 10 6 10 8 8 10 7 6 12 13 10 7 7 6 14 10 8 8 9 16 6 8 12 5 8 8 7 9 9 7 10 7 12 9 6 7 9 9 9 10 11 8 7 7 8 13 5 6 5 8 12 5 9 6 
4 6 12 8 8 8 13 5 4 9 10 8 8 4 9 5 4 10 9 2 11 8 5 6 3 9 2 5 3 9 9 5 4 3 7 8 8 3 4 9 9 6 5 5 10 5 7 11 7 7 4 5 6 7 10 9 11 8 5 5 6 7 10 8 2 9 8 9 5 8 6 6 8 7 7 12 10 9 5 4 6 9 6 4 7 6 7 6 7 5 3 4 10 7 11 8 8 6 5 2 5 7 10 8 5 1 8 9 8 3 7 9 6 5 8 8 10 8 9 7 7 7 6 8 13 9 5 8 7 3 6 7 10 6 7 5 7 6 7 3 7 9 5 8 6 7 7 9 9 7 9 7 8 9 10 8 6 5 7 4 3 9 11 8 8 7 7 3 5 9 9 12 6 11 3 6 1 3 10 1 7 5 7 10 9 8 6 3 6 8 2 9 4 13 7 11 5 6 6 6 
8 9 14 15 6 8 12 8 9 12 10 13 10 4 7 10 12 8 8 12 12 11 7 13 9 11 11 12 2 7 10 15 8 9 7 8 9 4 10 7 7 13 1 8 6 11 8 11 9 14 15 8 6 7 11 15 12 16 15 8 17 7 10 14 11 4 13 10 8 9 8 9 12 5 6 4 14 17 10 7 9 12 10 10 9 5 10 10 11 11 13 10 8 12 11 17 3 8 9 10 9 10 7 12 12 4 5 12 12 11 6 10 11 10 16 7 9 14 9 6 3 6 3 10 6 12 14 5 14 9 16 13 17 8 9 13 6 8 13 11 6 18 11 11 7 16 14 4 9 14 11 7 11 13 10 12 13 10 8 10 12 0 12 15 3 8 13 10 9 10 6 12 7 8 10 14 5 17 19 10 8 6 7 8 15 9 4 15 14 7 13 11 11 13 9 10 11 11 10 6 
8 11 8 10 13 11 12 8 6 6 4 9 8 7 5 5 13 4 8 3 4 6 9 4 10 11 10 16 5 9 3 15 8 7 7 10 5 10 14 8 9 5 10 8 9 9 2 10 8 4 15 4 13 0 7 4 8 10 9 8 5 5 7 8 7 7 7 11 6 3 2 9 14 11 8 8 7 5 6 8 9 9 7 12 8 12 10 14 8 6 8 3 8 8 5 5 3 10 9 4 8 8 10 8 7 14 9 13 8 8 12 8 11 8 11 9 11 4 8 9 8 11 11 4 7 5 9 8 7 6 12 7 7 8 11 13 8 14 13 9 10 5 2 8 7 8 10 11 10 3 10 8 6 4 7 4 8 11 14 7 5 8 13 9 8 5 6 6 11 9 11 8 12 8 11 8 10 2 8 6 7 4 6 10 9 9 10 10 7 9 9 2 6 9 10 6 13 8 12 9 
3 3 4 2 2 4 2 2 5 3 2 3 2 3 2 2 3 5 3 2 1 3 4 2 1 4 4 3 4 4 1 4 3 3 3 3 4 3 3 3 5 3 4 1 3 2 3 2 5 4 3 2 5 3 4 4 4 3 3 3 3 2 3 3 2 2 4 2 4 5 4 4 4 2 4 2 3 4 4 3 3 2 2 4 4 2 3 5 2 5 2 4 2 2 4 2 3 4 2 2 3 3 2 2 2 1 3 4 4 2 2 3 2 4 3 4 4 3 3 4 4 2 1 3 3 3 3 5 4 3 3 1 3 4 4 3 4 4 3 2 4 4 3 2 2 2 4 3 3 2 2 4 3 4 3 3 3 3 2 3 2 2 4 4 3 4 3 4 4 3 3 3 4 3 3 5 4 2 3 5 3 2 3 1 5 2 0 2 3 5 4 4 4 3 4 2 3 2 3 4 
2 2 2 3 2 2 2 2 2 3 2 1 2 1 2 2 2 2 2 2 2 2 1 4 2 2 2 3 3 1 2 2 3 1 2 0 3 1 2 2 2 1 2 2 2 2 2 2 3 2 2 1 2 1 1 2 2 2 2 1 0 1 3 3 3 2 3 2 3 2 2 2 1 2 2 3 2 2 2 3 2 1 1 3 2 1 2 3 2 3 3 2 3 2 3 1 3 1 2 2 2 1 2 2 2 3 2 2 2 2 1 3 2 2 2 1 1 2 1 2 3 3 2 1 2 1 2 2 1 3 2 3 2 2 3 2 3 2 3 1 2 2 2 2 2 2 2 1 3 3 2 2 2 1 2 1 1 2 2 2 3 2 2 2 2 3 2 1 1 2 2 2 2 3 2 1 3 1 2 2 3 3 2 2 2 3 0 2 3 2 1 2 3 1 2 2 1 1 2 2 
16 10 10 2 9 8 7 6 8 11 13 10 9 10 12 9 0 10 12 7 9 11 8 7 10 8 9 8 8 12 5 12 9 12 5 10 6 9 6 14 9 7 11 9 11 12 5 9 14 7 8 10 16 13 7 12 10 12 3 6 10 14 13 9 6 11 9 11 12 7 12 7 14 7 2 13 8 5 13 6 8 7 11 13 14 4 9 9 9 7 5 11 8 9 5 7 9 14 6 7 8 8 10 9 6 10 7 8 11 6 4 9 11 6 5 10 9 9 6 8 13 5 8 9 8 7 3 2 6 9 3 9 9 11 11 6 6 7 11 10 5 14 5 5 8 8 12 11 8 6 9 9 6 10 10 4 4 10 6 10 5 3 13 7 12 12 8 12 9 11 10 14 7 11 6 3 5 4 9 6 10 7 9 12 9 6 13 8 9 10 10 6 13 6 10 11 6 9 7 6 
6 5 5 6 3 2 9 7 9 8 3 4 9 13 8 11 10 4 8 11 9 4 0 8 11 7 5 6 4 9 11 6 5 6 6 6 5 8 6 8 6 9 12 5 9 4 7 10 6 8 6 5 7 6 6 7 4 6 5 6 7 7 10 3 7 9 9 8 5 4 8 9 6 4 6 8 7 5 3 5 8 10 8 9 6 4 6 7 7 3 8 8 11 6 4 10 5 6 6 7 6 11 2 6 8 6 6 3 6 4 8 6 8 6 3 6 8 8 9 5 6 8 4 9 13 10 6 8 7 7 7 7 7 3 8 6 6 9 8 8 10 9 10 6 6 9 6 3 4 6 7 7 6 8 8 9 10 4 8 5 9 8 10 5 8 4 9 5 7 8 7 5 5 6 6 10 6 10 7 9 9 6 7 6 11 8 4 5 6 8 9 5 10 10 7 14 7 6 10 11 
9 11 11 9 6 7 12 8 12 10 10 8 10 10 5 3 5 6 7 13 2 8 7 13 6 7 10 9 6 8 11 16 13 9 4 4 10 8 9 12 11 10 5 7 9 10 6 10 9 9 8 8 11 9 5 11 3 11 10 13 9 7 9 2 6 9 6 12 8 1 4 10 5 8 4 12 8 6 7 7 8 13 7 7 9 6 6 15 8 10 10 11 8 6 8 7 13 7 5 8 8 1 8 11 6 9 6 9 10 9 11 13 6 10 7 5 12 12 9 8 4 12 8 3 11 6 9 10 7 13 13 7 13 8 13 13 6 7 8 9 8 6 5 10 8 14 4 12 6 8 8 7 6 5 12 8 11 2 11 5 5 9 7 7 14 7 6 8 5 10 13 8 7 10 2 4 10 5 7 8 6 7 5 9 1 12 9 9 8 6 8 10 10 2 9 10 4 9 4 10 
5 6 5 3 10 7 9 4 4 8 6 7 6 8 5 3 10 1 7 5 6 9 4 4 5 8 6 5 8 3 7 6 4 6 5 6 7 5 5 6 5 5 4 6 6 8 7 7 5 7 2 7 3 8 6 9 7 6 5 6 5 6 9 7 5 10 4 7 5 11 12 6 6 7 8 5 9 8 11 4 8 9 9 5 3 2 6 8 8 4 8 4 5 7 7 5 7 4 5 4 5 7 7 4 8 4 8 8 7 3 3 5 5 4 9 0 5 6 4 4 6 3 6 8 7 4 4 7 7 7 4 8 3 8 3 6 6 5 9 6 3 8 5 6 3 5 8 6 7 7 7 5 9 6 7 8 7 8 7 5 1 10 7 7 9 4 4 6 6 8 7 4 6 5 7 6 8 3 7 3 5 9 7 7 10 5 6 6 4 5 5 6 7 5 6 5 6 5 7 3 
9 10 14 7 10 10 12 8 14 16 16 10 15 9 12 8 11 6 9 11 17 12 14 10 10 8 7 10 12 12 8 12 15 10 8 12 15 4 13 7 5 9 10 3 10 13 13 16 14 8 9 10 15 9 7 10 14 6 13 13 8 15 10 13 11 8 7 13 11 14 6 6 6 7 9 9 8 7 9 8 10 12 14 13 11 7 12 16 6 13 11 8 11 10 12 9 9 10 11 11 9 9 12 8 12 11 14 8 9 5 11 5 6 10 7 7 6 11 8 13 10 12 15 9 8 6 14 11 7 7 11 11 10 12 11 10 7 12 17 14 10 17 7 8 7 12 8 1 11 11 10 7 15 3 14 7 6 11 10 9 3 9 9 10 7 7 12 15 8 14 6 9 6 9 7 7 8 8 8 9 14 6 7 13 9 12 6 10 8 8 8 12 4 13 12 7 10 9 12 13 
6 8 11 5 9 10 5 8 2 9 12 10 10 8 4 7 6 9 11 8 4 6 8 11 10 9 11 6 5 11 13 13 7 8 10 6 9 6 6 8 7 10 6 13 7 12 7 6 8 8 8 12 9 8 6 13 10 5 9 7 8 12 8 6 5 7 13 8 7 4 9 11 7 2 5 10 12 12 14 13 9 7 3 7 13 11 7 5 9 12 1 6 9 6 7 5 2 10 6 11 7 7 7 7 8 12 7 5 7 8 7 8 10 10 7 12 16 3 8 5 7 6 10 9 8 4 6 11 6 9 7 9 10 5 5 10 11 6 9 12 5 5 6 10 5 6 5 8 7 3 8 7 4 8 12 7 6 8 9 9 5 8 8 7 12 8 10 6 6 11 10 9 7 5 7 3 3 5 9 13 7 6 8 11 8 5 10 2 10 9 9 9 8 6 8 4 9 9 5 9 
5 5 4 4 4 3 2 6 5 3 2 2 4 4 4 5 3 3 5 4 2 6 5 5 4 5 4 3 3 5 4 6 4 2 3 6 4 5 3 2 4 3 5 3 5 3 5 3 5 4 4 3 4 4 5 4 4 6 3 4 4 5 5 4 2 7 3 5 4 2 3 4 5 3 4 2 6 3 3 3 3 4 4 5 4 5 5 4 6 5 5 5 2 4 4 4 6 4 4 4 4 4 6 3 8 3 4 4 3 5 6 3 4 3 4 4 6 4 3 4 5 3 4 3 3 4 7 4 3 4 4 4 6 2 2 6 5 4 3 4 3 2 3 6 3 4 5 7 2 5 5 3 5 3 6 6 4 4 2 5 4 5 4 5 6 6 4 3 4 2 4 2 3 5 5 3 5 3 5 2 4 4 4 7 4 5 5 3 4 5 5 4 3 3 4 5 2 2 4 2 
2 3 7 8 10 7 8 10 4 10 13 11 6 7 8 9 6 9 13 8 12 9 7 3 10 12 7 9 11 11 9 7 10 10 10 10 11 4 11 6 5 11 10 10 2 9 15 8 11 4 6 8 14 7 6 10 9 5 10 9 7 7 8 11 8 7 5 5 11 10 4 7 10 7 4 9 8 6 7 10 9 6 8 7 5 3 7 6 8 3 8 7 13 9 6 10 7 7 7 10 8 9 7 9 4 14 8 11 8 10 5 2 10 11 10 4 9 8 8 8 9 13 6 3 11 8 10 9 9 9 12 9 8 6 7 7 10 11 12 8 9 13 10 8 10 4 6 7 6 9 8 6 11 3 8 13 11 9 5 10 11 7 10 11 10 10 9 10 8 8 10 3 4 7 8 8 10 9 5 11 10 9 6 4 10 6 13 7 4 7 11 9 8 5 6 7 12 9 10 4 
6 9 6 13 9 9 5 9 7 7 4 6 6 2 7 12 11 9 5 6 8 6 11 10 7 7 7 9 10 5 6 7 8 12 10 4 6 3 4 5 7 13 6 8 1 9 7 7 5 8 10 8 8 9 7 5 8 7 11 5 8 6 5 5 7 10 6 6 5 7 10 7 8 10 6 8 8 5 10 7 8 8 7 9 8 7 6 2 5 3 7 10 6 4 4 3 6 7 7 6 6 7 11 6 4 9 6 10 6 4 5 10 9 8 7 4 9 9 6 6 7 8 3 7 9 7 1 7 6 7 6 10 7 8 8 2 10 10 5 10 8 9 8 7 6 8 10 3 6 7 4 10 9 7 9 7 6 7 8 6 3 8 3 9 7 6 13 8 9 7 11 4 5 8 4 9 7 4 3 9 8 6 8 5 7 5 8 6 4 6 9 12 1 7 8 7 4 10 6 10 
10 15 9 10 8 7 11 12 10 7 11 6 12 4 9 12 8 9 7 8 9 6 10 7 6 8 8 12 9 13 9 9 9 10 13 7 12 5 10 11 8 5 3 8 10 7 11 6 10 7 9 7 13 8 4 8 11 9 12 3 10 7 3 7 12 15 10 8 13 13 13 7 16 11 13 9 9 5 4 5 8 8 14 12 13 9 8 9 6 11 9 11 12 14 9 8 11 11 15 6 10 7 10 4 7 10 12 9 11 3 11 13 8 5 10 7 7 8 8 8 17 14 10 8 7 6 6 14 4 9 14 8 10 7 8 11 10 15 6 10 10 12 10 6 10 10 12 7 9 15 6 9 9 9 9 10 11 10 16 9 9 8 9 9 12 17 10 8 10 10 10 13 7 6 8 11 11 7 9 8 9 13 10 5 9 5 4 8 12 8 11 12 10 10 11 8 7 11 9 12 
5 5 5 6 8 6 3 4 7 6 5 3 5 6 8 7 4 4 6 4 3 5 10 6 5 5 5 7 6 6 6 5 5 6 7 3 2 4 3 2 2 4 4 0 5 5 2 7 5 8 4 3 6 4 3 3 3 4 6 4 5 7 7 2 5 4 6 6 4 7 8 4 2 3 6 5 6 8 3 3 4 5 6 3 5 5 6 8 6 5 4 4 4 4 5 5 5 6 1 6 5 4 4 6 6 7 5 4 4 4 5 4 7 5 7 5 4 6 5 6 4 1 5 4 7 7 5 0 6 5 7 5 3 6 4 6 4 4 5 3 6 4 5 2 4 4 4 4 5 2 5 6 6 8 5 4 6 1 7 1 7 5 5 3 4 7 8 6 5 7 4 5 2 4 4 6 2 4 4 5 5 7 5 4 6 5 3 3 6 6 8 7 3 5 7 3 7 5 4 4 
4 4 5 6 5 4 6 5 7 5 8 5 5 6 9 3 4 5 8 4 4 6 4 8 3 4 5 7 4 5 8 5 4 3 3 5 5 7 5 8 8 6 6 2 4 3 5 6 6 4 4 5 6 5 6 6 2 4 6 4 4 6 10 7 6 6 3 5 4 5 3 7 6 5 4 6 5 4 4 7 4 5 8 5 7 2 6 6 3 4 5 4 5 7 5 3 6 4 7 3 4 4 3 6 5 4 6 4 3 6 7 6 5 5 5 4 8 6 4 4 4 4 5 3 4 5 7 5 6 7 8 7 3 5 7 6 6 6 6 5 4 5 3 5 3 7 3 5 2 6 6 6 4 4 6 7 5 4 6 5 1 4 4 5 4 5 5 6 5 2 5 4 3 5 5 5 7 6 3 4 5 4 8 6 5 6 5 3 5 5 6 4 6 6 7 2 2 2 7 9 
6 8 6 6 8 9 9 7 14 8 11 9 5 7 7 9 8 5 12 9 9 9 0 13 8 6 11 7 10 6 7 6 7 5 10 5 3 8 7 13 9 6 8 7 11 5 12 11 8 10 9 12 5 5 11 9 9 3 9 14 9 8 6 6 5 9 12 7 4 5 11 2 13 10 4 11 5 9 9 8 10 7 11 5 13 6 5 8 8 11 10 10 5 6 10 10 4 9 8 9 10 12 8 9 9 10 10 11 8 7 12 5 9 2 8 10 5 10 10 6 8 7 5 11 5 9 8 1 10 9 7 6 14 7 9 8 10 7 7 9 8 8 10 7 6 6 6 1 10 9 5 10 9 5 8 6 7 10 8 11 9 9 10 11 5 7 11 11 6 10 6 6 10 8 9 10 8 9 6 10 8 6 10 9 8 9 8 10 8 10 3 11 7 8 10 7 7 14 6 6 
2 2 2 1 2 3 2 2 2 2 2 2 1 3 2 1 2 1 1 2 2 3 2 1 2 2 2 2 1 2 3 2 2 2 2 3 2 2 2 2 1 3 2 3 2 2 3 2 2 2 3 3 2 2 2 1 2 1 2 3 3 2 0 2 1 3 2 2 3 3 3 2 2 2 2 2 1 3 3 3 3 3 1 2 3 2 1 2 1 2 3 2 2 3 1 3 1 2 2 3 2 1 3 2 2 1 3 2 1 1 2 2 3 3 2 1 2 2 1 2 2 1 3 2 2 1 1 2 1 1 2 2 2 2 1 3 2 2 2 1 2 2 2 2 2 2 1 3 1 2 2 1 4 4 1 2 2 1 3 2 2 1 1 1 1 3 1 3 2 1 1 1 2 2 2 1 2 3 3 3 1 3 1 2 1 2 2 3 3 1 2 2 2 3 3 3 2 0 2 1 
6 8 7 8 3 8 1 5 5 5 6 4 4 5 4 6 6 7 6 7 6 2 7 6 5 10 7 9 8 8 6 5 7 2 5 3 3 6 5 6 5 8 4 4 10 4 3 7 9 3 4 4 8 8 6 10 7 4 9 8 5 6 8 5 1 10 5 5 6 5 7 8 10 5 4 9 5 9 7 6 8 8 8 7 7 5 5 2 8 7 4 9 5 9 6 5 8 5 8 6 6 4 9 2 7 8 5 7 10 8 5 4 8 3 6 7 6 5 3 7 3 6 3 5 8 5 5 4 8 5 8 6 5 7 11 5 6 5 7 5 4 6 6 2 7 7 9 1 3 7 8 6 4 7 5 3 5 7 6 10 7 7 8 7 8 11 4 4 6 5 4 5 6 6 6 4 8 2 6 8 5 6 5 5 6 7 5 4 8 7 5 7 7 5 8 5 7 5 8 4 
