NAME  : Jabali_50_3_0.90_1_1
TYPE : SVRP
MODEL : FINITE_SUPPORT
NUMBER_OF_SCENARIOS : 200
DIMENSION : 50
EDGE_WEIGHT_TYPE : MATRIX
CAPACITY : 107
N_VEHICLES : 3
NODE_COORD_SECTION
1 4086 2904
2 3851 3064
3 6807 6540
4 8670 2262
5 2708 18
6 3256 5995
7 2441 5211
8 7720 2579
9 2915 5431
10 5349 3237
11 3916 334
12 2912 3826
13 4563 2381
14 4745 1863
15 27 4630
16 5679 1434
17 7989 5184
18 6749 3198
19 5030 6590
20 2260 5411
21 4222 1616
22 7829 2320
23 5006 5930
24 7124 1094
25 3542 1796
26 1995 2870
27 777 3414
28 6568 1946
29 6122 512
30 4474 3355
31 888 4005
32 1342 5174
33 3277 1847
34 6292 2574
35 1433 1210
36 6164 5632
37 2750 5656
38 7828 1398
39 2658 2632
40 2795 2459
41 3599 3772
42 720 4542
43 1344 5649
44 6737 5055
45 2003 5157
46 5626 1174
47 3806 601
48 5163 765
49 4798 7024
50 4716 3256
DEMAND_SECTION
1 0.0
2 4.0
3 7.0
4 3.0
5 6.0
6 9.0
7 5.0
8 9.0
9 10.0
10 8.0
11 7.0
12 6.0
13 3.0
14 7.0
15 6.0
16 2.0
17 7.0
18 9.0
19 6.0
20 2.0
21 3.0
22 6.0
23 4.0
24 9.0
25 3.0
26 2.0
27 4.0
28 10.0
29 4.0
30 7.0
31 6.0
32 8.0
33 6.0
34 8.0
35 6.0
36 9.0
37 7.0
38 8.0
39 7.0
40 6.0
41 4.0
42 3.0
43 7.0
44 8.0
45 4.0
46 3.0
47 10.0
48 6.0
49 4.0
50 3.0
DEVIATION_SECTION
1 0.0
2 1.33333
3 2.33333
4 1.0
5 2.0
6 3.0
7 1.66667
8 3.0
9 3.33333
10 2.66667
11 2.33333
12 2.0
13 1.0
14 2.33333
15 2.0
16 0.666667
17 2.33333
18 3.0
19 2.0
20 0.666667
21 1.0
22 2.0
23 1.33333
24 3.0
25 1.0
26 0.666667
27 1.33333
28 3.33333
29 1.33333
30 2.33333
31 2.0
32 2.66667
33 2.0
34 2.66667
35 2.0
36 3.0
37 2.33333
38 2.66667
39 2.33333
40 2.0
41 1.33333
42 1.0
43 2.33333
44 2.66667
45 1.33333
46 1.0
47 3.33333
48 2.0
49 1.33333
50 1.0
DISTANCE_MATRIX
0.0 3.16228 62.2977 65.7026 55.6279 44.5982 43.0116 52.4009 39.6232 18.2801 34.3066 20.3961 9.48683 16.2788 59.0217 30.3645 64.4392 40.4009 53.1507 39.0128 17.693 54.3326 44.8219 48.6044 22.8618 27.8572 44.7793 39.0499 42.7551 8.24621 45.5575 48.5077 22.8618 33.4722 44.4467 47.4342 42.5793 56.2336 20.5856 19.9458 14.3178 50.2213 52.7731 46.9827 43.1856 31.7805 31.9313 32.0156 57.9828 10.0 
3.16228 0.0 62.3618 67.0719 52.4691 42.1545 40.05 53.7703 36.8782 19.6494 42.547 17.2627 12.6491 19.4165 55.8629 33.5261 64.7571 41.7703 52.0096 36.0 20.5192 55.702 43.8292 51.7502 19.703 24.6984 41.6205 42.8324 45.8912 9.05539 42.3987 45.3542 19.703 34.8415 41.2879 47.5395 39.8121 61.1341 17.4268 16.7869 11.7047 47.0625 49.6488 47.3007 40.1123 34.9285 39.3999 35.0 56.6392 11.4018 
62.2977 62.3618 0.0 59.8415 103.82 49.1935 62.3939 52.5547 55.3624 55.1408 91.0498 63.0 64.1427 69.9897 94.8683 72.4473 23.0868 61.2379 24.2074 62.9365 74.7756 55.3624 25.2982 71.1969 83.8017 80.1561 90.6697 60.6291 81.1387 54.0833 86.6833 75.9605 77.4684 55.4737 99.0533 14.8661 56.4624 67.7791 75.1332 74.5524 56.3205 86.4002 75.1532 21.2603 67.0671 75.2606 88.3365 82.425 27.6586 52.9888 
65.7026 67.0719 59.8415 0.0 83.9524 87.9745 95.0746 13.4536 88.5889 48.1677 68.2495 79.7021 57.8534 52.1671 119.985 41.2311 37.9473 41.3017 74.5453 92.9624 58.3921 11.4018 68.4471 25.1794 67.4182 90.1403 107.062 28.2312 41.1096 58.3081 106.895 106.169 69.5079 32.8024 97.0762 54.1479 91.2416 15.5242 82.8687 82.2289 70.7449 110.923 108.158 43.1856 97.9616 42.7551 67.9117 50.4876 80.399 55.7026 
55.6279 52.4691 103.82 83.9524 0.0 79.3345 72.4707 73.437 72.1132 58.9993 15.8114 50.2738 39.6785 36.3456 71.0282 42.7551 99.0739 67.3411 97.1672 68.0 29.7664 73.8241 88.5967 60.7454 33.5185 37.9473 52.0384 56.4358 46.0652 51.5539 58.4209 71.1688 32.7697 57.1022 21.587 88.9562 74.6257 70.5195 33.2866 33.0644 52.0882 65.6201 76.844 88.4667 70.2638 41.2311 16.1245 33.8378 98.4811 51.0744 
44.5982 42.1545 49.1935 87.9745 79.3345 0.0 14.0357 75.2728 8.544 49.0408 75.6326 29.0689 52.3927 59.2284 46.6905 71.2589 64.3506 67.6825 25.9615 16.2788 62.1431 78.1089 24.4131 84.4808 52.7886 45.0 47.2969 70.4557 84.2971 40.6079 41.3038 27.4591 52.7886 61.5224 67.624 40.3609 8.0 87.1288 46.0977 47.0106 30.4631 39.0512 26.0 48.4149 19.0263 73.437 72.4855 75.71 26.0192 42.2966 
43.0116 40.05 62.3939 95.0746 72.4707 14.0357 0.0 82.1154 7.2111 51.4198 71.5681 23.5372 52.0384 59.0339 32.7567 72.4431 75.6042 72.2573 39.8121 4.47214 58.2496 84.8745 37.1618 88.0568 49.4975 35.609 34.176 74.3303 85.2877 41.5933 27.6586 13.6015 49.0306 65.7875 58.0517 52.1536 6.08276 92.1141 39.3954 40.8534 29.0689 25.02 13.4536 58.7963 5.0 74.2428 68.4105 75.0267 40.05 43.9318 
52.4009 53.7703 52.5547 13.4536 73.437 75.2728 82.1154 0.0 75.6308 34.8661 58.0775 66.4004 46.4279 40.7416 106.683 31.0 33.4215 28.0 64.0 80.0033 46.9666 3.0 57.2212 20.6155 55.9927 76.8387 93.6025 17.0294 34.5398 44.8395 93.5935 93.2099 58.0824 19.7231 85.9558 44.2832 78.3056 15.2315 69.567 68.9272 57.4433 97.6209 95.1987 33.3766 85.0024 33.0606 57.3149 41.1096 70.0071 42.0227 
39.6232 36.8782 55.3624 88.5889 72.1132 8.544 7.2111 75.6308 0.0 46.3897 69.6419 21.9545 48.1664 55.1453 39.5601 68.0294 68.4105 66.5235 33.2415 8.0 57.3159 78.3898 30.0832 82.7647 46.8908 36.8782 38.833 68.884 81.0062 37.0135 33.0606 20.6155 46.8188 60.1664 59.5483 44.9444 3.0 86.3803 38.833 39.9625 25.318 31.4006 20.6155 51.6624 11.7047 70.0 66.4831 71.4493 34.0588 39.1152 
18.2801 19.6494 55.1408 48.1677 58.9993 49.0408 51.4198 34.8661 46.3897 0.0 46.2288 32.2801 19.3217 25.1687 72.5794 22.5024 55.1992 22.8661 49.93 48.0833 29.9546 36.7967 41.3401 36.6879 38.9807 42.7178 59.64 23.2594 35.3655 10.8857 59.606 59.606 41.0704 15.6205 59.3073 40.2767 49.366 41.6773 35.4462 34.8064 23.4046 63.5029 62.9937 39.7872 52.8213 25.1795 43.5155 41.4561 55.5698 8.28011 
34.3066 42.547 91.0498 68.2495 15.8114 75.6326 71.5681 58.0775 69.6419 46.2288 0.0 48.0833 27.2473 23.2594 77.1038 27.1662 83.5665 51.8337 84.7361 67.1863 17.8045 58.3095 76.1655 44.9444 23.3238 41.1096 58.4637 41.0488 30.5287 39.1228 63.5059 73.2545 22.8473 42.0689 32.8024 76.1857 72.45 54.7083 33.3005 31.3633 45.6471 70.2567 78.6243 80.956 70.4307 25.4951 3.16228 18.0278 90.0347 38.6433 
20.3961 17.2627 63.0 79.7021 50.2738 29.0689 23.5372 66.4004 21.9545 32.2801 48.0833 0.0 29.8329 36.6742 40.3609 50.6952 69.1208 54.4004 46.4866 19.2354 35.0 68.3321 39.8121 68.6902 26.0768 17.72 29.1548 55.4631 63.1506 21.6333 27.8029 28.1603 25.4951 47.4722 39.4462 49.2544 24.5967 73.7647 17.0294 18.0278 9.21954 31.241 32.3883 51.6643 23.0 52.1728 44.9222 52.0916 49.6588 24.4131 
9.48683 12.6491 64.1427 57.8534 39.6785 52.3927 52.0384 46.4279 48.1664 19.3217 27.2473 29.8329 0.0 7.0 68.5055 20.8806 66.2456 41.4425 57.4891 48.1664 10.6338 47.0832 48.9183 39.2036 19.6599 37.341 54.2631 29.6491 33.3766 12.083 55.0413 57.9741 21.7495 30.0 53.9304 49.2786 51.1566 46.8329 30.0694 29.4295 23.0 59.7051 62.1691 48.7891 52.469 22.3607 24.872 23.3452 62.8013 11.4018 
16.2788 19.4165 69.9897 52.1671 36.3456 59.2284 59.0339 40.7416 55.1453 25.1687 23.2594 36.6742 7.0 0.0 75.2164 14.3178 65.8113 34.0785 63.3418 55.1453 7.41421 41.3969 54.7667 33.4215 16.4403 41.8469 60.7083 23.9628 26.4764 18.6815 63.7754 64.7611 18.53 24.3137 48.3043 55.1256 58.1378 41.1466 31.9422 29.7065 30.0 66.416 69.0507 63.2008 59.4138 15.5242 21.1896 16.4924 68.6921 17.4642 
59.0217 55.8629 94.8683 119.985 71.0282 46.6905 32.7567 106.683 39.5601 72.5794 77.1038 40.3609 68.5055 75.2164 0.0 89.3856 106.174 94.6833 72.5672 31.9531 70.3847 108.615 69.5701 107.61 61.327 36.4005 19.0 95.7624 99.925 61.8466 13.9284 19.2354 59.2368 87.7715 50.4876 83.672 38.833 114.064 45.8803 48.1041 49.5177 9.21954 22.0907 88.8369 27.8927 89.7215 74.3303 87.3155 72.5603 64.6607 
30.3645 33.5261 72.4473 41.2311 42.7551 71.2589 72.4431 31.0 68.0294 22.5024 27.1662 50.6952 20.8806 14.3178 89.3856 0.0 58.1654 27.2094 71.249 68.7314 19.105 31.1448 62.7065 19.8494 28.1321 53.5387 72.4001 14.0357 13.0384 31.0161 75.4672 78.848 30.2218 17.2047 55.9947 58.0175 71.0282 28.6531 43.634 41.3983 43.4166 80.5746 82.9759 56.3317 73.1642 2.82843 26.6833 10.4403 77.0132 29.0172 
64.4392 64.7571 23.0868 37.9473 99.0739 64.3506 75.6042 33.4215 68.4105 55.1992 83.5665 69.1208 66.2456 65.8113 106.174 58.1654 0.0 48.3331 43.4166 74.8866 72.0364 35.805 40.4599 53.7587 81.0625 85.1447 98.1852 45.4863 65.8027 56.2022 95.7549 88.4816 83.1521 41.6125 102.36 24.0832 70.2922 48.2597 78.4993 77.8594 60.9261 97.1288 89.0225 17.4642 79.6304 60.8276 82.5155 68.5257 48.3322 55.0916 
40.4009 41.7703 61.2379 41.3017 67.3411 67.6825 72.2573 28.0 66.5235 22.8661 51.8337 54.4004 41.4425 34.0785 94.6833 27.2094 48.3331 0.0 62.4059 69.327 40.3036 29.9317 54.3249 33.0 49.3296 64.1099 81.0 19.0454 37.6816 32.8395 81.5935 81.4302 51.4193 10.2361 80.6994 46.8082 69.4003 35.8568 56.8383 56.1985 45.4433 85.6209 84.4853 45.1223 74.2118 30.0227 50.7827 37.187 68.4401 30.0227 
53.1507 52.0096 24.2074 74.5453 97.1672 25.9615 39.8121 64.0 33.2415 49.93 84.7361 46.4866 57.4891 63.3418 72.5672 71.249 43.4166 62.4059 0.0 41.1947 68.1225 67.0 8.60233 78.6448 65.0918 64.195 71.1126 65.2534 83.7951 45.9674 66.0303 53.3667 65.0918 56.642 85.4927 20.6155 33.7343 78.2543 61.7171 61.7738 42.5441 64.6297 51.8652 31.4006 44.7214 73.9268 82.3608 80.2867 6.08276 46.0977 
39.0128 36.0 62.9365 92.9624 68.0 16.2788 4.47214 80.0033 8.0 48.0833 67.1863 19.2354 48.1664 55.1453 31.9531 68.7314 74.8866 69.327 41.1947 0.0 54.0862 82.7624 37.6431 84.7703 45.2769 31.241 31.0483 71.1688 81.4985 38.0789 25.0799 13.6015 44.7214 62.7694 53.7587 51.8845 8.544 89.1572 34.9285 36.4005 25.318 23.5372 15.2643 57.8014 5.0 70.4557 64.0312 71.0 42.0476 40.5216 
17.693 20.5192 74.7756 58.3921 29.7664 62.1431 58.2496 46.9666 57.3159 29.9546 17.8045 35.0 10.6338 7.41421 70.3847 19.105 72.0364 40.3036 68.1225 54.0862 0.0 47.6219 59.552 38.8975 9.21954 34.4819 53.3385 30.1878 29.5466 22.5092 56.4624 62.514 11.1803 30.5387 41.718 59.9115 60.27 47.2181 24.5967 22.3607 32.0083 62.2977 67.1863 59.422 58.0 19.4165 15.2643 17.2627 73.4212 22.0297 
54.3326 55.702 55.3624 11.4018 73.8241 78.1089 84.8745 3.0 78.3898 36.7967 58.3095 68.3321 47.0832 41.3969 108.615 31.1448 35.805 29.9317 67.0 82.7624 47.6219 0.0 60.2121 18.868 56.648 78.7704 95.6925 17.4642 33.5261 46.9382 95.6585 95.362 58.7377 21.4009 86.558 47.2652 81.0646 12.53 71.4988 70.8589 59.375 99.5526 97.9577 36.3456 87.7615 33.0151 57.7062 41.0 73.0068 44.3326 
44.8219 43.8292 25.2982 68.4471 88.5967 24.4131 37.1618 57.2212 30.0832 41.3401 76.1655 39.8121 48.9183 54.7667 69.5701 62.7065 40.4599 54.3249 8.60233 37.6431 59.552 60.2121 0.0 70.859 57.2596 57.4891 66.0681 57.2713 75.2526 37.4833 61.6604 50.6952 57.2596 48.561 78.1857 16.4012 31.305 71.007 54.231 54.1295 34.9285 61.131 50.1199 26.0 41.7852 65.3843 73.7902 71.0542 14.3178 37.5366 
48.6044 51.7502 71.1969 25.1794 60.7454 84.4808 88.0568 20.6155 82.7647 36.6879 44.9444 68.6902 39.2036 33.4215 107.61 19.8494 53.7587 33.0 78.6448 84.7703 38.8975 18.868 70.859 0.0 47.9236 73.3302 92.1916 14.0357 16.0 47.5714 94.1456 96.2918 50.0133 23.0217 75.21 61.0845 85.703 10.0499 63.4256 61.1899 60.0904 98.8094 99.6794 50.6095 89.5071 20.2485 45.1885 26.9258 84.7231 44.9659 
22.8618 19.703 83.8017 67.4182 33.5185 52.7886 49.4975 55.9927 46.8908 38.9807 23.3238 26.0768 19.6599 16.4403 61.327 28.1321 81.0625 49.3296 65.0918 45.2769 9.21954 56.648 57.2596 47.9236 0.0 25.807 44.6542 39.2139 38.6715 31.5353 47.4236 53.3385 3.16228 39.5648 37.4271 68.9376 49.7579 56.2442 15.8114 13.6015 22.8031 53.1413 58.0775 68.4481 49.0408 28.4681 20.2485 26.4764 69.3178 31.0558 
27.8572 24.6984 80.1561 90.1403 37.9473 45.0 35.609 76.8387 36.8782 42.7178 41.1096 17.72 37.341 41.8469 36.4005 53.5387 85.1447 64.1099 64.195 31.241 34.4819 78.7704 57.4891 73.3302 25.807 0.0 18.868 65.9008 63.9531 31.8432 22.561 33.2415 23.3238 57.9099 22.6716 66.0 38.8973 84.2025 10.0 12.2066 24.0208 29.1548 38.8973 67.3652 32.7567 53.8747 38.2099 51.1053 67.2309 34.5775 
44.7793 41.6205 90.6697 107.062 52.0384 47.2969 34.176 93.6025 38.833 59.64 58.4637 29.1548 54.2631 60.7083 19.0 72.4001 98.1852 81.0 71.1126 31.0483 53.3385 95.6925 66.0681 92.1916 44.6542 18.868 0.0 82.8229 82.7898 48.6004 7.81025 24.8395 42.19 74.8321 31.7805 77.666 39.5601 101.125 28.8444 31.0644 38.0132 14.7648 30.4138 80.7287 29.5466 72.7361 55.7853 69.9416 72.6911 51.4004 
39.0499 42.8324 60.6291 28.2312 56.4358 70.4557 74.3303 17.0294 68.884 23.2594 41.0488 55.4631 29.6491 23.9628 95.7624 14.0357 45.4863 19.0454 65.2534 71.1688 30.1878 17.4642 57.2713 14.0357 39.2139 65.9008 82.8229 0.0 20.5183 34.0686 83.6011 82.789 41.3036 9.0 69.0939 49.2566 71.8053 18.6011 58.6292 57.9894 46.5876 86.6859 86.1626 39.9797 75.9605 16.2788 40.3113 24.3311 71.3092 31.4631 
42.7551 45.8912 81.1387 41.1096 46.0652 84.2971 85.2877 34.5398 81.0062 35.3655 30.5287 63.1506 33.3766 26.4764 99.925 13.0384 65.8027 37.6816 83.7951 81.4985 29.5466 33.5261 75.2526 16.0 38.6715 63.9531 82.7898 20.5183 0.0 44.0 86.0058 91.2207 40.7185 27.4591 62.2896 68.4315 84.006 26.0192 54.1295 51.8941 56.2228 91.8 95.5249 60.4893 85.8429 11.0454 31.4006 13.4536 89.5593 42.0476 
8.24621 9.05539 54.0833 58.3081 51.5539 40.6079 41.5933 44.8395 37.0135 10.8857 39.1228 21.6333 12.083 18.6815 61.8466 31.0161 56.2022 32.8395 45.9674 38.0789 22.5092 46.9382 37.4833 47.5714 31.5353 31.8432 48.6004 34.0686 44.0 0.0 48.7955 49.2443 26.8478 26.0778 48.4327 39.2173 40.0125 52.3703 24.5716 23.9317 13.0 52.8015 52.811 38.7457 42.72 33.0151 36.7475 35.171 51.0882 2.82843 
45.5575 42.3987 86.6833 106.895 58.4209 41.3038 27.6586 93.5935 33.0606 59.606 63.5059 27.8029 55.0413 63.7754 13.9284 75.4672 95.7549 81.5935 66.0303 25.0799 56.4624 95.6585 61.6604 94.1456 47.4236 22.561 7.81025 83.6011 86.0058 48.7955 0.0 17.2047 45.31 74.7981 38.8973 74.3303 33.3766 101.903 31.9531 34.176 37.0135 7.28011 22.6716 78.2943 22.8035 75.8032 60.6712 73.3894 67.1193 51.6236 
48.5077 45.3542 75.9605 106.169 71.1688 27.4591 13.6015 93.2099 20.6155 59.606 73.2545 28.1603 57.9741 64.7611 19.2354 78.848 88.4816 81.4302 53.3667 13.6015 62.514 95.362 50.6952 96.2918 53.3385 33.2415 24.8395 82.789 91.2207 49.2443 17.2047 0.0 52.0865 74.7061 53.7122 65.3682 19.6469 101.074 40.1123 42.0476 36.2491 12.3693 5.83095 71.4003 8.94427 80.2808 70.2442 79.7621 53.3385 51.8941 
22.8618 19.703 77.4684 69.5079 32.7697 52.7886 49.0306 58.0824 46.8188 41.0704 22.8473 25.4951 21.7495 18.53 59.2368 30.2218 83.1521 51.4193 65.0918 44.7214 11.1803 58.7377 57.2596 50.0133 3.16228 23.3238 42.19 41.3036 40.7185 26.8478 45.31 52.0865 0.0 41.6545 34.7676 62.8256 49.6488 58.3339 13.4164 11.1803 22.8031 51.2445 57.0 63.319 48.2597 30.5577 19.6977 28.1603 69.3178 29.5822 
33.4722 34.8415 55.4737 32.8024 57.1022 61.5224 65.7875 19.7231 60.1664 15.6205 42.0689 47.4722 30.0 24.3137 87.7715 17.2047 41.6125 10.2361 56.642 62.7694 30.5387 21.4009 48.561 23.0217 39.5648 57.9099 74.8321 9.0 27.4591 26.0778 74.7981 74.7061 41.6545 0.0 74.4994 41.044 63.0635 26.4008 50.6383 49.9985 38.5876 78.695 77.8781 35.8585 67.624 20.0 41.0179 27.2947 62.6761 23.4722 
44.4467 41.2879 99.0533 97.0762 21.587 67.624 58.0517 85.9558 59.5483 59.3073 32.8024 39.4462 53.9304 48.3043 50.4876 55.9947 102.36 80.6994 85.4927 53.7587 41.718 86.558 78.1857 75.21 37.4271 22.6716 31.7805 69.0939 62.2896 48.4327 38.8973 53.7122 34.7676 74.4994 0.0 84.4104 61.5549 84.5306 24.0416 24.561 43.3244 46.1736 59.5399 84.9039 54.8179 55.0111 31.1448 48.9183 89.0056 51.167 
47.4342 47.5395 14.8661 54.1479 88.9562 40.3609 52.1536 44.2832 44.9444 40.2767 76.1857 49.2544 49.2786 55.1256 83.672 58.0175 24.0832 46.8082 20.6155 51.8845 59.9115 47.2652 16.4012 61.0845 68.9376 66.0 77.666 49.2566 68.4315 39.2173 74.3303 65.3682 62.8256 41.044 84.4104 0.0 46.6154 59.0339 60.531 59.9095 42.0119 74.8465 65.4599 11.0 56.4358 60.8309 74.1498 67.9952 26.3059 38.1247 
42.5793 39.8121 56.4624 91.2416 74.6257 8.0 6.08276 78.3056 3.0 49.366 72.45 24.5967 51.1566 58.1378 38.833 71.0282 70.2922 69.4003 33.7343 8.544 60.27 81.0646 31.305 85.703 49.7579 38.8973 39.5601 71.8053 84.006 40.0125 33.3766 19.6469 49.6488 63.0635 61.5549 46.6154 0.0 89.2571 41.3401 42.5441 28.2843 31.0644 18.868 53.7401 11.0454 73.0 69.2892 74.4312 34.0147 42.107 
56.2336 61.1341 67.7791 15.5242 70.5195 87.1288 92.1141 15.2315 86.3803 41.6773 54.7083 73.7647 46.8329 41.1466 114.064 28.6531 48.2597 35.8568 78.2543 89.1572 47.2181 12.53 71.007 10.0499 56.2442 84.2025 101.125 18.6011 26.0192 52.3703 101.903 101.074 58.3339 26.4008 84.5306 59.0339 89.2571 0.0 71.7462 69.5105 64.8845 104.988 104.278 48.2701 94.0213 29.5466 54.7814 36.6879 84.3063 49.7647 
20.5856 17.4268 75.1332 82.8687 33.2866 46.0977 39.3954 69.567 38.833 35.4462 33.3005 17.0294 30.0694 31.9422 45.8803 43.634 78.4993 56.8383 61.7171 34.9285 24.5967 71.4988 54.231 63.4256 15.8114 10.0 28.8444 58.6292 54.1295 24.5716 31.9531 40.1123 13.4164 50.6383 24.0416 60.531 41.3401 71.7462 0.0 2.23607 19.3132 38.0789 45.3982 61.0428 37.6431 43.97 30.1423 41.4367 65.5134 27.3059 
19.9458 16.7869 74.5524 82.2289 33.0644 47.0106 40.8534 68.9272 39.9625 34.8064 31.3633 18.0278 29.4295 29.7065 48.1041 41.3983 77.8594 56.1985 61.7738 36.4005 22.3607 70.8589 54.1295 61.1899 13.6015 12.2066 31.0644 57.9894 51.8941 23.9317 34.176 42.0476 11.1803 49.9985 24.561 59.9095 42.5441 69.5105 2.23607 0.0 19.2354 40.2616 47.2652 60.4029 39.2938 41.7343 28.2063 39.2173 65.7343 26.6661 
14.3178 11.7047 56.3205 70.7449 52.0882 30.4631 29.0689 57.4433 25.318 23.4046 45.6471 9.21954 23.0 30.0 49.5177 43.4166 60.9261 45.4433 42.5441 25.318 32.0083 59.375 34.9285 60.0904 22.8031 24.0208 38.0132 46.5876 56.2228 13.0 37.0135 36.2491 22.8031 38.5876 43.3244 42.0119 28.2843 64.8845 19.3132 19.2354 0.0 40.3609 39.8497 43.4696 29.8329 45.1774 42.5 46.1736 46.6154 15.6525 
50.2213 47.0625 86.4002 110.923 65.6201 39.0512 25.02 97.6209 31.4006 63.5029 70.2567 31.241 59.7051 66.416 9.21954 80.5746 97.1288 85.6209 64.6297 23.5372 62.2977 99.5526 61.131 98.8094 53.1413 29.1548 14.7648 86.6859 91.8 52.8015 7.28011 12.3693 51.2445 78.695 46.1736 74.8465 31.0644 104.988 38.0789 40.2616 40.3609 0.0 17.0 79.7559 20.025 81.5966 67.3647 79.404 65.0692 55.6058 
52.7731 49.6488 75.1532 108.158 76.844 26.0 13.4536 95.1987 20.6155 62.9937 78.6243 32.3883 62.1691 69.0507 22.0907 82.9759 89.0225 84.4853 51.8652 15.2643 67.1863 97.9577 50.1199 99.6794 58.0775 38.8973 30.4138 86.1626 95.5249 52.811 22.6716 5.83095 57.0 77.8781 59.5399 65.4599 18.868 104.278 45.3982 47.2652 39.8497 17.0 0.0 72.2496 10.2956 84.5281 75.4673 84.3887 51.1957 55.3624 
46.9827 47.3007 21.2603 43.1856 88.4667 48.4149 58.7963 33.3766 51.6624 39.7872 80.956 51.6643 48.7891 63.2008 88.8369 56.3317 17.4642 45.1223 31.4006 57.8014 59.422 36.3456 26.0 50.6095 68.4481 67.3652 80.7287 39.9797 60.4893 38.7457 78.2943 71.4003 63.319 35.8585 84.9039 11.0 53.7401 48.2701 61.0428 60.4029 43.4696 79.7559 72.2496 0.0 62.6259 59.145 72.9828 66.3093 37.2156 37.6352 
43.1856 40.1123 67.0671 97.9616 70.2638 19.0263 5.0 85.0024 11.7047 52.8213 70.4307 23.0 52.469 59.4138 27.8927 73.1642 79.6304 74.2118 44.7214 5.0 58.0 87.7615 41.7852 89.5071 49.0408 32.7567 29.5466 75.9605 85.8429 42.72 22.8035 8.94427 48.2597 67.624 54.8179 56.4358 11.0454 94.0213 37.6431 39.2938 29.8329 20.025 10.2956 62.6259 0.0 74.8131 67.2737 75.06 45.0444 45.2217 
31.7805 34.9285 75.2606 42.7551 41.2311 73.437 74.2428 33.0606 70.0 25.1795 25.4951 52.1728 22.3607 15.5242 89.7215 2.82843 60.8276 30.0227 73.9268 70.4557 19.4165 33.0151 65.3843 20.2485 28.4681 53.8747 72.7361 16.2788 11.0454 33.0151 75.8032 80.2808 30.5577 20.0 55.0111 60.8309 73.0 29.5466 43.97 41.7343 45.1774 81.5966 84.5281 59.145 74.8131 0.0 25.2982 8.06226 79.6909 31.1448 
31.9313 39.3999 88.3365 67.9117 16.1245 72.4855 68.4105 57.3149 66.4831 43.5155 3.16228 44.9222 24.872 21.1896 74.3303 26.6833 82.5155 50.7827 82.3608 64.0312 15.2643 57.7062 73.7902 45.1885 20.2485 38.2099 55.7853 40.3113 31.4006 36.7475 60.6712 70.2442 19.6977 41.0179 31.1448 74.1498 69.2892 54.7814 30.1423 28.2063 42.5 67.3647 75.4673 72.9828 67.2737 25.2982 0.0 18.3576 87.6594 36.268 
32.0156 35.0 82.425 50.4876 33.8378 75.71 75.0267 41.1096 71.4493 41.4561 18.0278 52.0916 23.3452 16.4924 87.3155 10.4403 68.5257 37.187 80.2867 71.0 17.2627 41.0 71.0542 26.9258 26.4764 51.1053 69.9416 24.3311 13.4536 35.171 73.3894 79.7621 28.1603 27.2947 48.9183 67.9952 74.4312 36.6879 41.4367 39.2173 46.1736 79.404 84.3887 66.3093 75.06 8.06226 18.3576 0.0 84.9796 33.8378 
57.9828 56.6392 27.6586 80.399 98.4811 26.0192 40.05 70.0071 34.0588 55.5698 90.0347 49.6588 62.8013 68.6921 72.5603 77.0132 48.3322 68.4401 6.08276 42.0476 73.4212 73.0068 14.3178 84.7231 69.3178 67.2309 72.6911 71.3092 89.5593 51.0882 67.1193 53.3385 69.3178 62.6761 89.0056 26.3059 34.0147 84.3063 65.5134 65.7343 46.6154 65.0692 51.1957 37.2156 45.0444 79.6909 87.6594 84.9796 0.0 51.4004 
10.0 11.4018 52.9888 55.7026 51.0744 42.2966 43.9318 42.0227 39.1152 8.28011 38.6433 24.4131 11.4018 17.4642 64.6607 29.0172 55.0916 30.0227 46.0977 40.5216 22.0297 44.3326 37.5366 44.9659 31.0558 34.5775 51.4004 31.4631 42.0476 2.82843 51.6236 51.8941 29.5822 23.4722 51.167 38.1247 42.107 49.7647 27.3059 26.6661 15.6525 55.6058 55.3624 37.6352 45.2217 31.1448 36.268 33.8378 51.4004 0.0 
DEMAND_SCENARIO_SECTION
0 0 0 0 0 0 0 0 0 0 0 0 0 0 0 0 0 0 0 0 0 0 0 0 0 0 0 0 0 0 0 0 0 0 0 0 0 0 0 0 0 0 0 0 0 0 0 0 0 0 0 0 0 0 0 0 0 0 0 0 0 0 0 0 0 0 0 0 0 0 0 0 0 0 0 0 0 0 0 0 0 0 0 0 0 0 0 0 0 0 0 0 0 0 0 0 0 0 0 0 0 0 0 0 0 0 0 0 0 0 0 0 0 0 0 0 0 0 0 0 0 0 0 0 0 0 0 0 0 0 0 0 0 0 0 0 0 0 0 0 0 0 0 0 0 0 0 0 0 0 0 0 0 0 0 0 0 0 0 0 0 0 0 0 0 0 0 0 0 0 0 0 0 0 0 0 0 0 0 0 0 0 0 0 0 0 0 0 0 0 0 0 0 0 0 0 0 0 0 0 
4 2 4 4 4 3 4 5 6 2 3 1 5 3 2 5 4 4 4 5 3 7 6 5 5 4 3 4 3 6 5 5 6 5 3 5 4 5 3 5 5 6 4 5 3 3 4 3 6 5 4 5 3 5 6 6 6 4 4 6 4 3 5 4 6 4 5 4 2 6 4 4 3 3 5 5 2 6 2 4 4 4 4 5 4 4 5 3 3 3 3 6 4 5 4 5 4 2 3 5 2 3 5 3 3 3 3 4 5 2 4 6 4 6 3 6 3 3 4 5 3 4 3 5 4 2 6 3 3 4 4 5 7 5 5 6 3 5 2 3 5 2 3 4 3 4 4 5 3 4 6 3 2 4 3 5 2 4 1 4 4 2 4 3 2 5 4 7 6 4 4 5 2 3 3 4 6 2 5 3 6 4 3 4 5 5 3 6 5 4 2 3 5 5 6 2 3 5 5 4 
4 6 12 6 10 6 6 6 9 4 7 7 5 6 14 10 2 5 6 7 9 8 5 9 6 6 8 6 7 6 3 8 5 9 10 5 8 7 11 9 8 7 4 7 5 3 7 4 6 1 8 5 11 4 8 8 9 6 6 4 8 6 3 8 6 10 4 10 10 11 7 12 9 8 10 8 4 7 8 9 11 4 9 9 6 10 7 7 3 8 8 4 4 4 7 8 4 6 7 7 7 6 8 6 9 7 7 6 8 8 9 7 6 6 6 7 6 5 10 13 9 7 7 9 8 9 2 7 3 2 0 3 9 5 7 7 7 7 8 4 10 5 11 6 2 5 8 9 6 7 10 3 13 4 4 9 7 8 7 6 4 5 8 3 10 11 4 10 4 4 3 13 5 9 9 9 8 10 9 10 10 13 6 8 11 1 3 8 5 3 8 11 0 6 8 6 6 8 11 6 
3 3 3 5 1 3 2 5 2 4 4 3 3 4 3 2 4 3 2 3 5 3 2 4 4 4 3 4 4 3 5 2 4 4 4 3 2 3 2 3 2 4 4 3 4 1 3 3 3 4 4 3 4 3 5 3 3 3 2 3 4 4 4 4 4 3 2 3 3 4 2 3 4 4 3 3 4 3 3 4 2 2 2 2 4 5 2 2 3 3 2 4 3 3 2 3 3 3 4 2 5 3 1 3 3 3 2 3 3 4 3 5 3 4 3 4 2 4 5 1 3 3 2 2 3 4 2 6 2 3 3 3 3 3 4 1 2 3 3 3 1 3 5 4 2 3 4 2 5 3 3 5 4 3 2 3 3 3 4 2 3 2 3 4 3 2 3 2 2 3 2 5 3 4 2 4 3 2 1 3 3 4 2 2 3 3 3 3 3 3 3 1 3 4 3 2 0 4 3 4 
7 8 6 7 5 8 5 6 8 8 8 7 4 5 7 5 6 5 9 6 7 6 7 5 6 8 8 6 5 6 6 9 7 5 2 4 6 7 9 7 4 7 6 6 9 7 7 5 5 4 6 7 4 10 8 5 4 7 5 3 4 7 7 6 6 8 5 3 8 9 5 8 7 6 6 5 4 6 6 6 6 8 4 7 4 7 8 1 8 4 4 2 5 8 8 7 4 6 5 7 7 8 10 8 9 7 8 5 4 2 3 6 5 6 10 5 5 7 5 8 5 8 3 4 6 8 5 3 6 7 8 7 6 3 11 5 7 7 5 4 6 6 9 7 6 6 10 8 6 3 6 6 7 7 6 8 8 7 2 7 8 5 6 1 6 6 9 4 3 6 5 7 3 4 4 9 7 9 2 8 5 7 7 4 6 6 6 4 5 6 6 4 6 10 7 4 3 6 9 6 
5 10 4 10 8 9 3 13 12 11 15 6 7 9 9 8 10 7 7 9 8 4 16 7 10 7 6 8 7 9 3 3 8 8 10 4 10 9 9 7 7 4 6 8 7 10 4 4 13 6 16 6 6 7 2 11 9 14 6 8 6 13 10 12 9 12 11 8 9 5 6 8 5 0 10 7 10 6 8 11 10 13 7 11 4 2 8 4 11 7 11 14 11 14 4 7 13 3 13 7 10 8 11 11 8 11 16 9 14 11 12 6 13 8 7 5 19 7 6 8 10 9 4 7 8 6 1 10 9 10 4 9 9 13 10 9 10 9 11 13 5 6 7 7 7 8 10 7 7 13 10 7 5 8 7 8 11 15 11 7 11 9 5 16 12 7 7 12 9 3 3 13 7 6 12 8 7 13 7 11 8 11 12 7 7 4 7 6 8 10 4 10 8 6 6 7 3 10 7 13 
1 4 7 2 4 4 4 5 5 6 1 5 7 8 5 3 5 4 5 7 5 5 3 5 3 5 6 8 3 4 5 6 6 6 4 3 4 5 6 5 6 4 2 7 6 7 5 2 6 5 6 5 5 7 3 5 4 2 7 6 7 3 3 6 7 5 3 6 8 7 5 4 5 7 2 6 6 6 6 4 5 8 7 6 4 5 3 5 5 4 6 5 7 5 5 3 7 7 6 6 8 4 6 6 5 8 6 2 6 7 5 7 5 5 4 8 7 9 4 6 6 7 6 4 7 4 3 4 5 4 5 6 3 6 6 6 4 6 5 6 5 4 5 6 5 7 8 5 8 6 3 5 6 6 3 5 4 5 7 5 3 5 5 5 2 7 8 4 4 6 2 4 6 7 8 6 7 6 5 7 6 6 8 3 6 5 4 2 9 5 4 7 4 5 6 4 5 6 4 4 
13 9 10 12 6 11 11 12 11 9 11 13 13 8 6 6 11 11 12 18 16 9 13 10 10 4 9 9 8 15 10 14 7 12 10 12 13 8 12 15 7 8 9 10 10 12 11 10 8 11 13 8 8 10 13 15 9 6 8 10 11 9 7 9 5 5 12 16 17 10 7 7 13 10 13 6 7 12 9 10 8 9 12 7 8 5 8 3 8 9 14 4 10 13 10 4 13 3 5 11 11 8 12 11 7 6 9 11 10 11 5 7 12 19 5 8 11 7 12 6 5 9 6 9 7 10 5 10 11 11 8 15 7 7 7 5 11 3 11 9 3 15 4 7 2 5 11 11 12 13 12 6 11 13 10 9 8 13 9 12 10 11 11 5 3 11 6 11 14 9 10 10 12 10 3 10 12 8 9 10 7 7 12 5 11 9 9 7 10 7 9 12 9 14 8 8 12 12 6 11 
13 12 12 7 7 10 19 11 14 11 11 19 8 7 12 12 11 9 15 7 5 13 9 7 8 11 12 15 15 11 9 6 17 9 18 11 8 13 10 10 10 11 11 6 5 14 15 6 11 10 17 13 10 11 13 9 5 13 14 12 7 12 9 11 15 8 15 13 11 15 17 14 7 9 11 7 11 8 11 9 2 12 6 3 14 4 8 7 8 12 8 15 10 16 11 2 19 12 9 4 16 11 9 5 10 7 12 12 7 11 10 13 10 5 8 7 9 7 13 11 12 8 4 9 3 12 8 7 15 3 12 11 9 12 3 12 8 11 15 10 11 8 9 6 11 8 14 10 9 7 8 4 6 9 6 11 10 15 6 8 10 7 9 6 9 9 16 4 13 10 13 5 13 8 12 14 6 15 14 15 8 8 14 8 8 7 11 7 1 10 11 10 12 4 13 13 6 9 10 15 
11 8 6 10 7 8 9 8 7 9 11 6 13 9 7 10 8 6 14 10 8 10 7 13 9 6 0 9 8 10 8 6 4 11 11 12 10 7 8 13 7 6 7 3 10 8 10 8 12 14 6 8 10 7 15 9 7 11 8 6 8 13 5 10 8 8 4 6 7 8 10 7 12 7 5 16 6 8 7 7 12 7 8 9 9 7 3 9 13 9 5 9 6 11 8 7 8 6 6 11 7 5 11 8 9 9 6 6 7 11 7 8 10 9 8 3 14 8 10 9 6 9 7 10 7 7 5 4 8 9 6 3 8 7 8 7 5 6 8 7 8 5 7 6 5 7 7 6 9 10 10 3 5 4 9 7 12 5 9 9 13 8 5 10 8 7 2 8 9 8 4 8 4 8 12 6 5 9 13 12 12 4 7 10 9 7 7 8 5 5 7 6 9 10 10 9 14 5 11 12 
5 2 9 7 7 4 4 7 3 4 6 9 4 8 8 4 6 8 12 6 4 7 9 4 4 7 5 7 6 5 8 8 4 7 6 1 3 3 6 5 8 7 7 3 5 14 8 8 2 8 8 12 8 10 9 11 5 10 12 7 10 5 5 4 6 15 8 9 11 6 10 4 10 7 5 7 7 6 8 7 6 3 10 8 7 7 6 7 9 10 8 9 12 10 9 2 10 8 7 5 9 8 7 8 8 5 4 7 6 7 7 8 6 3 6 8 10 9 8 11 3 11 4 12 4 6 5 6 8 9 7 8 7 6 7 8 9 6 11 11 11 5 0 8 6 9 11 8 12 5 4 9 8 5 8 9 9 6 9 5 6 4 7 2 12 11 7 6 5 11 5 7 4 5 10 9 10 9 7 9 9 9 3 9 6 8 7 6 6 6 8 4 8 10 9 7 6 11 7 5 
3 6 5 3 10 5 9 9 3 6 6 6 8 6 6 5 7 7 2 5 11 6 8 7 9 5 2 2 1 6 7 0 8 5 2 3 4 3 6 7 9 8 7 4 6 4 3 4 4 3 7 8 4 7 7 8 6 9 5 5 5 3 6 5 4 8 9 5 6 9 3 4 4 7 3 6 6 7 7 9 6 7 6 7 7 9 6 10 7 11 6 3 2 6 4 7 6 5 7 9 3 7 11 7 6 8 4 4 4 6 6 5 7 9 7 7 7 5 8 1 7 4 3 9 5 2 7 7 6 5 4 6 5 7 4 6 5 10 6 3 8 9 5 9 6 6 8 5 9 2 5 9 7 7 7 8 5 4 5 8 9 7 4 7 8 7 7 6 6 9 8 9 5 9 3 6 7 6 3 5 8 5 7 7 8 7 5 5 8 6 7 1 6 10 5 4 4 4 11 0 
3 3 4 1 5 3 3 2 2 5 3 2 3 1 4 3 2 4 3 3 2 3 3 3 3 4 2 2 4 1 2 4 2 2 3 4 2 3 4 4 3 3 3 2 3 4 4 2 2 5 3 3 3 2 1 3 3 2 4 4 2 2 2 3 3 4 3 3 4 4 2 3 5 5 3 3 3 4 3 4 2 2 5 5 4 4 3 3 3 4 3 4 2 5 3 3 2 3 2 6 4 3 3 4 3 2 4 4 3 2 3 3 3 2 2 4 3 2 4 3 5 4 4 3 2 4 2 3 1 4 2 3 3 3 2 2 2 3 2 3 3 3 2 5 3 3 2 3 1 2 2 3 3 3 3 2 2 2 5 3 3 3 2 4 4 2 3 4 2 2 3 4 3 3 4 1 4 2 3 5 3 4 2 3 3 2 4 4 4 5 5 2 3 5 4 4 4 4 3 3 
4 7 6 5 4 5 7 4 9 2 3 3 9 7 10 8 8 10 9 5 4 13 5 8 7 5 10 8 5 11 7 6 8 9 12 11 8 10 10 11 10 7 8 6 11 8 6 10 2 4 4 5 2 1 9 13 5 3 4 6 6 6 6 4 4 13 7 6 5 6 1 8 7 9 1 5 4 3 8 13 7 8 0 6 5 7 0 8 4 6 11 3 10 1 6 8 6 6 7 5 5 10 7 7 7 3 4 8 6 2 7 5 6 6 6 10 7 3 10 8 11 8 5 9 6 11 7 5 5 4 4 3 7 13 4 11 7 9 9 8 10 9 6 5 4 6 9 6 6 6 7 9 6 3 5 2 7 5 6 8 4 5 6 8 3 7 6 10 10 4 10 9 4 6 7 5 11 4 9 6 11 12 9 7 10 4 10 4 6 6 9 6 8 6 11 5 4 12 11 7 
3 3 6 8 7 8 9 7 4 6 4 6 4 13 6 6 8 4 4 7 5 6 5 7 1 7 6 6 9 10 6 4 6 10 8 4 8 8 4 4 3 8 7 4 8 8 6 2 5 6 6 7 4 1 4 7 4 8 6 6 0 4 1 7 9 4 7 5 1 4 7 9 4 9 6 10 3 7 6 9 11 7 5 4 7 6 6 8 7 3 2 5 7 3 8 6 8 3 5 8 5 9 6 7 8 7 6 8 4 3 6 6 6 9 7 4 10 5 2 6 4 5 7 1 7 5 4 5 7 8 6 4 5 7 8 7 5 3 5 3 9 7 5 8 5 7 5 6 6 5 4 3 6 4 8 2 10 5 4 4 3 4 5 7 5 6 6 5 7 7 4 1 5 9 8 6 8 10 4 8 9 11 4 9 5 10 4 5 5 3 4 5 5 5 2 9 7 7 6 8 
2 2 3 2 3 2 3 1 2 1 2 1 3 3 1 2 3 2 1 3 2 2 2 2 1 2 2 2 2 2 2 3 2 2 3 1 2 1 3 2 3 3 1 2 2 2 2 2 3 3 3 3 1 2 3 1 2 2 1 1 0 3 2 2 2 1 2 2 1 2 2 2 2 2 2 1 1 2 2 2 0 3 3 2 2 2 2 3 3 1 2 3 2 2 2 2 2 2 2 2 2 3 2 4 1 2 2 2 2 1 3 3 2 2 2 4 2 1 2 3 3 3 2 3 2 2 2 2 1 2 3 2 2 2 2 2 2 1 1 3 1 2 2 1 3 3 3 3 2 2 3 2 3 2 2 2 3 2 2 3 1 1 2 1 3 3 1 3 2 2 3 2 2 1 1 2 2 2 2 1 3 1 3 1 3 2 2 0 2 2 1 1 3 2 1 2 0 3 2 2 
11 6 12 6 6 8 8 7 7 2 7 9 8 6 7 9 1 7 7 6 5 6 7 5 8 9 10 4 6 10 7 6 4 5 6 7 8 7 10 6 7 9 8 10 8 8 2 9 0 9 5 7 5 9 9 2 8 7 4 5 13 9 8 7 2 8 5 7 7 6 6 10 9 6 8 4 4 8 11 7 2 6 8 6 8 6 7 6 5 5 8 9 6 10 7 7 5 7 7 11 3 6 6 4 6 6 6 7 6 8 5 5 4 6 10 5 9 12 11 6 5 5 5 6 7 7 10 2 6 8 3 8 10 6 8 7 6 8 8 6 3 10 5 7 5 8 0 13 9 6 6 5 8 7 6 6 8 9 8 5 11 8 10 4 7 4 10 6 6 7 6 7 7 9 7 6 10 6 8 5 8 7 3 5 11 6 9 9 8 8 8 9 8 7 7 7 7 10 8 9 
9 7 12 13 7 14 5 16 3 8 12 9 9 13 8 5 9 9 10 5 8 11 8 14 10 8 12 14 4 7 5 10 10 11 9 7 8 10 9 17 14 11 3 12 11 9 5 14 11 12 9 5 9 5 11 10 7 6 8 9 13 10 10 4 8 12 5 9 11 10 13 4 5 13 15 12 14 3 14 10 13 8 13 9 8 13 7 6 7 8 14 12 8 11 11 8 10 5 11 9 13 8 12 7 10 6 9 7 13 5 6 3 11 11 9 7 8 9 7 16 7 7 9 14 4 5 10 15 9 8 13 12 12 9 4 9 8 11 13 10 11 6 6 10 13 8 12 10 11 11 5 9 6 10 8 7 7 7 8 14 6 8 3 8 8 14 8 4 7 7 14 11 13 9 12 9 11 12 8 7 8 11 9 6 10 11 6 12 6 7 7 13 11 11 10 16 11 10 11 8 
6 6 6 5 6 3 6 7 1 9 7 3 4 5 8 8 4 5 5 7 8 9 3 8 5 6 7 9 8 8 6 2 5 6 5 4 6 6 5 11 7 9 7 5 8 9 6 4 5 7 6 5 9 3 5 5 4 5 6 8 6 4 6 8 6 3 3 9 7 5 7 6 5 7 4 5 8 10 5 6 4 6 7 8 4 5 7 6 2 9 6 5 5 3 6 5 8 6 9 1 5 6 6 8 12 8 3 5 7 4 8 8 5 7 2 4 4 5 7 5 7 6 7 7 6 7 4 6 5 3 5 6 9 3 7 9 10 9 6 6 10 8 3 6 8 8 4 7 4 2 3 5 6 6 8 5 6 3 4 5 5 6 7 4 8 7 5 6 9 6 8 3 11 5 3 1 7 3 7 5 7 3 4 7 3 8 9 5 2 6 2 8 2 5 5 8 6 7 10 4 
1 2 2 1 1 1 2 2 2 1 2 1 1 3 3 0 2 1 2 2 1 2 0 3 2 1 2 1 2 2 2 2 3 2 1 3 2 2 2 2 3 1 2 3 2 2 2 2 3 1 4 1 3 2 2 3 2 1 2 3 1 4 1 2 1 2 2 2 2 2 3 2 2 1 2 2 2 2 3 2 4 1 1 3 2 4 2 2 2 2 2 1 1 3 1 2 3 3 2 1 1 3 1 2 1 1 2 2 3 2 1 2 3 2 2 2 2 1 2 3 1 3 2 1 2 2 1 2 2 2 2 3 1 2 1 1 2 2 2 3 2 2 2 2 2 2 1 2 2 2 2 3 1 3 2 2 1 2 2 2 1 1 2 3 2 2 2 3 1 2 3 2 3 2 2 1 2 0 2 3 3 1 1 1 1 1 2 2 1 2 3 2 2 1 2 2 2 1 3 1 
5 3 3 3 1 4 2 3 4 3 3 4 3 4 4 3 2 2 2 3 2 3 3 5 3 4 1 4 3 4 2 2 4 1 3 2 3 2 2 3 3 3 2 3 2 2 2 3 3 2 3 2 5 4 1 1 3 3 2 2 5 2 3 1 3 2 3 2 5 2 4 3 3 3 7 5 3 4 2 2 3 3 5 4 3 2 2 3 3 3 4 4 2 3 4 3 5 2 3 4 2 3 3 4 4 4 5 4 2 1 4 5 5 3 3 3 2 5 2 4 3 4 3 2 3 2 3 4 1 4 5 2 3 2 3 3 2 3 3 2 3 4 4 3 3 4 3 3 4 3 3 3 3 3 4 4 3 2 3 3 2 2 4 4 3 3 3 4 3 4 2 4 4 4 2 2 3 3 2 5 5 3 3 4 2 3 4 4 2 1 3 2 3 4 4 2 3 2 5 2 
7 7 8 5 5 8 4 9 6 9 5 5 2 5 5 7 7 7 7 6 7 3 3 9 5 6 9 9 5 6 6 7 5 3 3 7 8 6 7 8 8 7 3 2 4 5 6 4 4 7 4 8 9 10 6 6 9 6 6 5 1 7 6 3 7 4 6 3 8 3 9 7 5 5 7 6 6 7 5 6 8 7 8 5 7 8 5 5 4 6 8 6 6 7 7 5 9 11 9 12 4 4 6 9 7 6 4 4 8 8 9 6 4 3 6 7 5 7 3 6 9 7 5 5 7 6 7 4 8 7 5 10 7 6 6 6 8 5 6 8 6 6 6 7 7 5 2 7 7 6 5 3 6 5 4 7 5 7 4 8 4 9 9 7 6 0 6 8 4 4 4 6 9 9 9 4 6 5 7 6 5 7 8 8 3 5 6 6 7 8 10 5 7 5 7 9 7 6 7 7 
3 5 3 6 2 5 6 4 3 4 3 1 6 4 2 6 1 3 2 5 2 3 5 5 3 3 4 4 5 5 4 3 4 5 6 3 4 4 5 4 3 5 3 4 5 4 5 4 5 5 4 5 4 4 3 4 4 3 3 3 6 5 4 5 5 5 1 4 5 4 4 6 2 6 6 4 3 7 4 3 3 5 6 6 4 4 3 4 3 4 4 4 5 4 3 7 7 4 5 1 6 4 4 3 4 5 4 5 5 4 2 6 6 4 7 6 5 1 3 5 3 5 4 3 4 4 3 3 3 4 2 4 5 5 1 4 3 3 4 1 5 4 3 6 5 3 6 4 5 3 6 4 6 4 2 3 3 4 3 6 4 5 3 3 5 5 3 5 4 3 3 6 4 3 5 4 2 4 5 4 4 4 5 4 6 4 4 3 5 4 0 3 5 3 4 3 2 5 4 4 
6 5 4 4 9 12 7 11 6 9 9 9 13 9 6 8 5 12 11 4 7 11 7 15 11 4 12 9 11 6 12 5 4 10 6 5 8 9 6 7 11 8 10 9 2 11 7 16 13 10 8 9 10 11 12 7 6 12 14 10 9 10 7 8 8 10 11 13 10 9 9 9 8 15 7 15 14 8 5 9 5 12 9 9 12 7 11 2 8 6 6 7 14 5 4 12 12 11 5 9 8 7 10 10 6 6 11 8 5 4 8 8 3 9 9 13 11 10 12 3 12 9 11 7 8 11 8 10 7 14 11 9 12 12 2 5 3 11 3 8 6 6 10 8 4 10 4 7 4 7 15 12 10 9 14 7 10 11 10 6 14 12 11 10 10 12 10 13 9 7 7 8 9 9 10 10 13 8 9 9 12 11 6 2 5 1 4 14 10 8 12 9 14 8 13 8 7 12 9 3 
2 4 2 3 4 2 1 4 3 3 3 3 1 3 5 4 2 2 2 4 2 2 1 3 3 4 3 3 2 3 4 2 3 5 3 2 4 2 4 3 3 1 4 1 4 3 2 2 3 2 4 5 2 3 1 2 3 4 3 4 2 3 3 3 3 3 2 4 4 2 3 4 3 6 2 4 3 4 4 3 3 5 2 3 2 4 2 2 6 2 0 4 3 3 3 4 2 4 3 3 3 4 3 5 3 2 2 3 3 4 1 1 3 5 4 4 3 4 3 2 4 2 3 3 4 2 2 4 2 3 3 4 3 2 2 2 3 3 3 2 3 3 3 4 3 3 3 3 3 1 2 2 3 3 3 3 4 5 3 4 4 2 3 4 3 5 3 4 5 4 3 3 4 3 4 3 2 3 3 5 3 2 2 3 4 3 3 3 4 4 3 3 3 3 0 1 2 4 4 2 
2 3 2 1 1 2 2 2 2 3 2 2 1 3 1 2 3 2 2 2 2 2 1 2 2 2 2 2 2 2 2 3 2 1 2 2 2 2 3 2 3 2 2 2 2 2 2 2 2 3 2 2 3 2 3 1 3 2 2 4 2 1 1 3 3 1 3 2 2 2 3 1 3 1 2 2 2 2 2 2 2 2 2 1 3 2 2 1 2 1 2 2 1 2 1 2 2 2 2 2 2 2 2 2 3 2 1 2 3 3 2 2 2 2 3 2 2 3 2 2 3 3 3 2 1 2 1 1 2 2 2 1 3 3 0 2 2 3 2 3 2 3 2 2 1 2 1 2 2 2 2 2 1 2 3 2 2 1 1 1 2 4 2 1 2 2 2 3 3 2 2 2 2 2 1 2 1 2 2 2 2 3 2 3 1 1 3 3 2 3 2 4 2 2 3 1 2 2 1 2 
4 5 6 5 6 6 5 6 4 5 5 4 5 6 6 3 5 6 4 1 5 5 6 3 4 6 3 4 2 3 3 3 6 4 3 5 6 3 3 3 6 4 5 4 5 4 4 4 4 4 3 5 3 4 4 6 5 4 6 3 4 4 6 3 4 5 2 3 4 4 4 3 3 3 3 0 3 4 3 3 1 6 3 3 2 6 5 7 4 2 2 6 3 2 3 6 6 4 4 3 8 3 4 4 4 2 5 4 3 4 4 4 5 6 4 6 4 6 4 5 7 3 4 4 5 2 1 5 3 5 4 3 5 5 3 4 2 4 2 2 4 5 3 4 5 4 5 4 1 4 4 5 3 2 3 2 5 5 3 5 5 5 4 5 3 2 2 2 2 5 4 2 5 4 2 6 3 5 5 3 6 1 7 3 5 5 4 5 6 3 1 5 4 4 6 4 4 4 5 3 
12 7 10 6 13 6 19 10 9 7 2 10 10 14 8 11 11 10 11 16 8 11 9 13 15 10 10 13 10 6 7 9 10 9 11 7 9 15 3 16 11 14 13 7 7 9 9 11 16 12 12 9 11 7 12 7 12 10 15 10 7 11 13 10 17 8 7 9 11 12 16 10 13 8 8 9 11 6 3 11 6 9 5 10 14 9 10 7 9 7 11 11 20 14 10 10 5 8 5 9 6 12 14 10 14 13 17 7 11 7 2 13 12 7 18 6 10 11 3 6 11 11 6 7 10 16 4 10 17 9 10 13 15 6 8 10 6 9 18 11 11 12 11 6 8 13 11 11 8 13 11 8 8 8 10 6 9 4 11 3 12 11 8 1 3 12 11 10 7 9 15 14 11 13 7 14 13 13 7 11 9 17 14 11 10 9 6 10 10 15 15 6 11 6 16 12 9 6 10 13 
3 4 4 4 3 2 5 4 4 3 4 5 2 6 2 5 2 4 4 4 6 4 3 1 3 5 3 6 4 5 3 4 4 5 3 3 5 1 5 4 4 6 3 4 3 6 3 5 4 2 3 4 5 6 4 2 4 4 2 3 3 2 2 4 5 4 3 4 4 6 4 4 7 4 7 4 6 4 3 4 5 6 2 2 6 7 4 5 4 6 2 4 6 1 6 5 3 6 3 5 4 5 6 5 0 4 4 7 3 6 3 5 3 5 5 4 2 4 4 4 3 4 6 4 4 6 6 5 4 4 6 2 3 6 2 3 4 3 6 4 4 4 5 4 5 4 5 2 3 5 4 2 5 5 6 4 4 6 6 4 2 2 2 2 4 3 6 5 1 3 3 4 4 1 4 3 6 4 3 3 2 1 4 3 1 3 3 3 4 7 4 3 4 5 4 3 5 2 5 4 
6 9 8 6 9 9 11 6 6 8 6 7 10 6 8 7 7 9 7 7 3 5 9 9 5 6 10 9 8 7 6 9 8 6 7 13 8 7 8 9 4 6 5 6 9 9 5 7 3 6 6 5 3 6 9 6 8 8 10 2 6 6 6 1 6 6 8 10 6 7 3 7 7 3 9 7 9 8 10 8 12 4 7 3 9 11 8 6 5 8 11 11 5 8 8 8 8 6 9 6 6 9 7 4 6 7 6 5 11 6 8 9 6 5 7 9 6 4 7 10 3 5 10 8 7 6 12 12 8 4 9 4 8 6 2 7 10 8 3 7 6 8 7 5 7 7 8 6 7 8 9 3 9 5 9 9 11 7 9 1 7 7 8 3 2 9 9 8 5 3 7 9 8 8 6 6 6 7 4 5 7 3 8 6 10 9 6 6 10 10 7 5 6 9 7 9 8 4 8 6 
5 6 2 7 7 6 8 7 3 7 5 4 7 7 4 6 7 9 6 3 6 7 10 8 5 5 4 6 4 7 3 7 10 6 8 6 9 5 6 7 9 7 7 5 8 6 6 6 4 5 5 6 5 3 5 6 6 7 9 10 6 7 7 7 7 5 2 7 5 7 5 8 4 7 4 6 6 8 3 12 4 10 5 7 6 3 4 4 7 7 3 6 6 5 7 5 3 7 7 2 4 5 2 4 5 5 8 7 12 6 7 5 4 9 4 9 8 8 4 4 6 7 6 6 5 3 7 8 5 4 4 7 3 7 7 8 6 9 8 4 8 8 5 9 5 5 8 6 6 3 5 5 6 6 6 9 10 7 6 8 5 9 3 6 7 6 2 2 8 9 6 2 4 5 3 5 6 5 5 3 6 9 5 7 7 4 11 11 6 7 3 10 6 7 6 5 2 4 8 4 
4 11 8 10 12 6 9 6 5 7 9 5 9 4 8 10 7 5 11 9 8 3 11 5 4 9 9 6 5 7 7 9 10 6 5 11 5 9 8 11 7 9 3 12 11 9 7 6 8 12 7 7 6 13 3 12 8 11 6 10 11 7 9 11 7 12 8 11 8 12 9 6 7 9 9 11 7 7 8 9 10 12 8 7 3 9 8 5 10 8 7 16 9 8 8 9 14 9 9 7 9 8 8 8 8 10 5 10 4 7 12 7 8 13 10 5 6 10 2 6 6 4 9 10 6 7 9 7 4 6 5 6 6 10 6 5 6 9 8 12 7 5 5 10 12 5 7 8 6 7 9 4 6 10 12 6 3 7 12 9 8 11 8 10 8 11 6 14 9 7 7 7 11 6 9 12 4 6 13 9 13 10 6 7 8 12 9 5 7 9 13 6 9 7 9 13 6 8 8 5 
5 5 5 6 9 3 5 7 8 9 10 5 6 5 7 4 5 5 8 4 2 6 0 5 8 7 5 5 1 7 1 6 7 4 4 5 8 9 7 7 7 8 5 6 5 8 6 4 4 5 5 8 8 9 8 5 8 0 8 9 6 4 4 4 3 4 8 6 6 4 5 3 6 9 6 7 4 8 3 6 4 8 3 8 5 8 9 6 11 2 6 9 6 9 4 6 7 7 6 8 8 5 8 9 2 6 4 4 9 3 5 8 3 8 10 8 5 5 8 3 5 6 9 3 6 2 7 7 6 4 6 5 6 3 3 6 8 5 6 8 8 5 8 7 1 6 4 6 4 9 0 6 4 10 8 4 9 7 7 4 7 4 7 7 7 9 8 9 8 3 3 9 7 9 5 7 7 4 6 8 6 5 10 7 5 6 6 5 10 9 6 3 4 6 5 6 5 5 9 6 
7 6 7 8 9 5 6 14 7 11 13 8 4 8 9 6 8 6 7 11 7 10 8 6 9 11 10 7 12 9 6 12 6 4 13 5 7 8 9 13 10 5 9 10 7 8 6 5 11 6 7 7 3 6 11 8 9 7 8 1 5 9 10 5 3 10 11 8 8 6 10 10 7 5 9 4 8 11 6 7 9 8 8 9 7 3 6 10 8 6 5 13 10 5 3 9 9 9 8 9 5 10 14 5 11 8 9 6 5 6 4 14 13 10 9 6 2 4 9 6 13 8 11 15 8 7 8 11 8 8 10 12 9 8 2 6 9 9 5 7 5 7 10 4 6 3 3 11 9 9 9 9 10 9 10 4 10 11 13 7 10 11 13 5 8 10 7 7 10 11 9 6 6 11 6 9 7 3 7 16 11 7 6 4 12 6 6 10 9 7 11 11 9 7 0 10 3 5 5 13 
7 4 6 7 4 5 5 8 5 8 7 6 6 10 5 7 5 6 7 7 6 6 8 7 4 8 8 7 7 7 5 8 4 9 8 7 7 8 2 7 4 10 9 7 6 7 8 7 8 8 8 3 4 5 4 6 7 7 7 7 6 3 0 4 4 5 8 4 6 5 6 9 7 7 1 4 5 7 6 5 5 8 5 8 8 7 5 8 12 5 8 7 5 9 7 10 5 7 2 4 7 8 9 10 8 9 3 8 11 6 5 4 7 6 9 6 7 2 6 5 7 6 5 2 6 6 5 7 7 7 4 5 7 4 8 9 10 7 5 9 4 6 5 6 9 7 5 8 7 6 8 5 5 4 6 10 7 7 6 6 6 10 7 5 7 5 7 7 6 6 5 8 6 7 7 5 9 6 6 6 9 10 4 7 8 5 11 3 6 10 7 5 7 5 3 8 3 2 7 8 
7 12 16 12 16 9 11 9 5 11 9 9 11 8 9 7 13 9 10 7 11 6 9 7 6 7 9 10 10 10 11 12 10 7 12 11 8 6 15 13 8 5 10 12 8 5 10 5 8 7 6 12 14 7 6 4 11 12 11 10 9 5 14 9 12 4 6 7 12 6 11 5 8 11 15 15 6 9 12 10 5 3 7 6 6 19 13 9 13 11 10 11 11 2 18 7 6 5 10 9 15 11 10 5 9 8 16 8 10 9 10 10 7 12 9 11 5 10 14 6 8 11 4 5 9 8 6 11 7 9 13 7 12 9 12 14 8 12 12 14 12 10 9 9 12 10 9 8 9 15 10 12 11 6 9 6 6 9 9 15 11 10 10 3 12 9 11 11 10 8 7 13 11 11 16 11 4 14 13 10 12 8 8 11 9 14 3 12 7 5 10 13 9 11 15 8 9 10 14 10 
9 13 5 8 5 6 8 5 8 9 4 9 7 5 9 7 6 3 3 4 11 5 8 5 7 9 6 6 5 3 8 8 5 7 11 8 5 2 8 10 5 5 7 3 7 10 5 6 9 9 9 8 10 7 7 6 5 7 11 7 8 2 7 6 4 8 8 11 4 7 5 4 5 9 6 8 3 6 7 11 3 5 3 7 10 7 4 5 6 7 3 9 9 5 6 7 1 5 7 9 4 7 9 7 7 8 7 8 11 10 6 4 7 7 6 6 7 7 1 6 10 6 6 10 4 10 4 7 9 5 6 6 5 9 6 8 7 5 6 7 7 11 7 3 8 8 9 8 7 10 8 4 8 5 8 7 11 8 7 8 9 8 7 7 11 10 4 5 5 5 4 6 5 5 6 9 11 7 12 7 2 6 5 6 10 8 4 6 7 3 7 5 6 10 8 6 6 5 7 8 
8 6 7 8 9 6 5 4 7 4 11 8 12 7 4 7 11 6 8 9 9 6 8 10 9 5 9 10 8 6 10 5 5 9 8 5 11 7 4 3 8 3 11 4 6 9 6 11 7 6 8 9 7 6 7 5 7 12 6 7 7 12 7 4 15 5 9 9 8 11 5 5 8 9 8 10 10 11 8 11 10 13 3 5 8 9 10 6 7 7 6 3 4 10 9 11 6 11 3 14 5 9 9 8 6 11 12 10 6 9 9 9 9 9 8 6 7 10 3 7 5 5 13 9 8 5 7 8 9 9 8 9 5 7 8 7 11 6 4 6 7 7 10 6 6 7 4 7 3 10 10 6 11 7 9 10 11 7 9 14 5 3 10 9 0 8 6 9 5 6 7 10 12 8 11 9 6 3 3 13 7 9 4 11 11 11 1 16 11 8 7 9 6 6 4 7 7 11 9 7 
8 9 6 9 10 8 9 6 7 7 4 6 2 9 7 3 8 5 5 7 5 9 8 5 5 5 6 10 11 3 6 10 4 6 7 8 12 4 7 8 8 5 6 10 7 7 8 8 9 8 6 3 7 6 7 8 7 6 6 13 7 9 7 6 5 7 7 10 9 7 6 6 8 4 4 5 12 8 5 5 10 9 8 8 10 5 8 6 5 8 7 11 7 7 11 7 1 9 7 8 3 8 8 10 2 3 3 2 6 10 10 11 8 11 10 5 8 11 9 8 4 9 5 9 7 5 5 10 7 7 8 10 10 8 2 4 7 7 9 4 13 5 5 10 8 6 6 7 9 8 5 7 6 8 5 4 7 8 4 5 9 8 8 8 11 10 5 8 8 9 8 8 12 10 2 10 6 8 8 10 9 11 6 6 8 8 5 6 3 4 7 5 4 9 12 7 7 5 5 5 
2 9 6 4 5 3 7 4 9 5 7 7 6 7 9 6 6 7 6 4 0 5 8 6 4 6 8 5 6 2 4 8 5 9 6 3 5 7 4 6 8 5 5 3 8 8 6 6 5 6 6 3 4 6 7 3 6 5 3 2 5 5 10 6 4 5 7 8 10 8 8 6 4 6 8 7 7 5 6 4 7 6 7 5 6 5 8 3 8 8 9 5 7 8 8 7 6 8 8 7 7 6 5 9 5 7 8 6 5 4 4 6 3 6 3 7 9 7 6 6 6 7 10 5 6 8 6 0 5 7 8 6 9 8 5 6 7 6 6 4 6 4 7 6 6 5 2 5 4 7 5 6 9 3 6 3 4 4 6 9 10 5 6 9 7 9 9 7 10 5 6 6 6 6 5 3 5 2 2 5 7 3 4 6 5 4 4 5 6 5 8 6 7 6 7 6 6 7 5 7 
4 4 6 2 3 4 4 3 4 5 4 7 4 3 2 3 6 3 5 4 3 5 6 5 4 3 2 4 5 6 5 7 3 5 4 3 5 3 4 4 2 4 6 2 4 4 5 3 6 4 4 5 6 4 3 4 7 6 0 3 4 4 6 4 4 4 4 4 5 5 3 3 5 4 4 5 5 5 6 6 5 6 5 4 4 6 7 4 4 3 3 4 5 2 4 4 5 3 3 7 6 4 1 5 3 4 4 4 4 4 4 4 4 4 4 4 3 5 4 2 2 3 4 2 5 4 3 5 4 3 7 2 6 5 3 4 5 4 4 3 4 6 6 2 5 7 3 4 6 6 4 3 5 4 5 4 6 6 5 3 3 5 4 4 2 4 3 5 3 4 3 3 3 4 3 3 4 3 5 4 4 5 4 3 5 5 6 5 4 5 2 4 3 5 4 2 4 5 6 3 
3 3 3 4 4 2 2 4 3 1 2 4 2 3 3 3 2 3 4 4 3 5 3 5 3 1 3 2 5 3 3 3 4 5 6 3 3 3 2 4 1 3 3 3 3 3 4 2 1 3 2 4 3 5 2 4 1 3 2 4 3 5 2 0 0 3 2 3 3 4 5 3 0 4 4 3 4 3 3 2 2 5 2 4 2 4 3 3 4 3 3 2 4 4 2 0 3 3 4 3 2 4 3 2 3 3 2 3 3 4 1 1 3 2 2 4 1 0 4 4 2 3 4 3 3 4 2 2 3 1 1 3 3 5 1 4 2 3 3 4 3 3 2 4 3 3 3 4 4 2 2 3 2 3 2 2 3 4 3 3 2 3 3 3 4 3 0 4 4 3 3 5 3 2 5 3 3 3 3 4 2 3 2 3 3 3 4 1 2 4 3 4 2 3 2 3 2 5 3 3 
9 3 10 7 8 6 6 7 6 6 8 10 14 7 7 8 7 5 8 7 1 5 4 7 9 4 6 8 6 6 7 7 9 8 13 7 5 8 9 11 9 5 5 6 8 11 5 10 8 11 9 8 6 7 5 10 10 5 6 8 4 5 5 7 9 8 4 9 4 5 5 2 15 11 5 6 10 3 7 8 8 12 7 6 3 10 4 7 10 2 3 6 6 13 6 13 4 9 8 10 4 6 9 9 10 13 6 10 12 8 8 4 9 7 4 6 9 3 8 6 4 4 13 2 4 10 4 8 7 7 9 7 3 7 5 5 6 3 7 6 9 5 2 8 0 6 4 5 3 7 10 3 6 1 5 8 8 3 6 3 6 4 7 8 8 8 5 4 10 4 5 10 10 1 1 8 9 8 9 5 9 5 9 7 7 8 2 7 6 6 3 10 6 10 13 9 5 5 8 7 
9 11 11 14 13 6 5 5 7 4 6 9 7 8 12 6 6 8 7 12 7 9 10 4 10 2 4 8 9 7 13 11 8 8 11 5 8 7 6 10 14 10 13 6 12 12 6 10 8 7 8 11 12 8 7 2 1 10 4 6 10 9 9 11 6 9 6 6 12 9 9 4 8 14 11 10 7 6 10 7 7 11 5 7 8 7 9 8 7 13 12 8 0 6 3 10 10 8 6 9 5 5 9 7 7 11 8 8 3 4 5 8 8 5 12 9 13 9 9 7 12 11 10 7 7 4 14 11 11 4 12 6 5 9 6 9 7 7 8 8 9 11 8 0 10 13 5 12 7 9 6 5 12 11 12 9 7 9 4 6 9 8 6 6 9 9 6 10 9 14 10 8 9 11 7 11 4 7 7 8 8 9 7 6 8 5 7 6 9 4 7 11 8 8 11 10 7 11 8 8 
