NAME  : Jabali_50_3_0.90_1_9
TYPE : SVRP
MODEL : FINITE_SUPPORT
NUMBER_OF_SCENARIOS : 200
DIMENSION : 50
EDGE_WEIGHT_TYPE : MATRIX
CAPACITY : 101
N_VEHICLES : 3
NODE_COORD_SECTION
1 4102 2588
2 1901 6669
3 6294 4394
4 4336 227
5 5791 18
6 6669 3764
7 2248 1038
8 27 1645
9 371 1310
10 2464 6302
11 6710 198
12 132 2473
13 1662 3270
14 4238 5828
15 3559 5190
16 6922 446
17 6479 6499
18 1299 6105
19 2213 5783
20 4585 4763
21 2406 5667
22 3046 6076
23 3123 2721
24 7060 3782
25 4364 6295
26 3630 2368
27 3532 62
28 2049 62
29 898 2738
30 3111 7147
31 2211 4666
32 6872 3646
33 3204 6598
34 5590 1371
35 2314 1307
36 5013 3530
37 7471 6116
38 6959 5441
39 1748 4107
40 3529 1883
41 5552 5998
42 6406 2845
43 5929 3672
44 3541 3770
45 3941 3673
46 2901 40
47 6825 5831
48 3182 3852
49 7483 5250
50 5399 4476
DEMAND_SECTION
1 0.0
2 4.0
3 8.0
4 6.0
5 4.0
6 4.0
7 3.0
8 4.0
9 8.0
10 7.0
11 6.0
12 4.0
13 10.0
14 3.0
15 3.0
16 9.0
17 3.0
18 7.0
19 8.0
20 6.0
21 10.0
22 9.0
23 10.0
24 4.0
25 4.0
26 8.0
27 2.0
28 9.0
29 5.0
30 4.0
31 1.0
32 3.0
33 4.0
34 4.0
35 4.0
36 1.0
37 8.0
38 5.0
39 6.0
40 1.0
41 8.0
42 5.0
43 10.0
44 5.0
45 3.0
46 8.0
47 8.0
48 3.0
49 7.0
50 9.0
DEVIATION_SECTION
1 0.0
2 1.33333
3 2.66667
4 2.0
5 1.33333
6 1.33333
7 1.0
8 1.33333
9 2.66667
10 2.33333
11 2.0
12 1.33333
13 3.33333
14 1.0
15 1.0
16 3.0
17 1.0
18 2.33333
19 2.66667
20 2.0
21 3.33333
22 3.0
23 3.33333
24 1.33333
25 1.33333
26 2.66667
27 0.666667
28 3.0
29 1.66667
30 1.33333
31 0.333333
32 1.0
33 1.33333
34 1.33333
35 1.33333
36 0.333333
37 2.66667
38 1.66667
39 2.0
40 0.333333
41 2.66667
42 1.66667
43 3.33333
44 1.66667
45 1.0
46 2.66667
47 2.66667
48 1.0
49 2.33333
50 3.0
DISTANCE_MATRIX
0.0 61.1436 38.2099 32.2127 43.9284 38.5876 31.241 56.4554 53.3522 53.7585 49.0918 54.0833 34.0588 42.3282 40.4138 49.2443 63.9965 60.2956 48.7157 28.2864 46.7225 49.4401 13.0384 42.0595 47.5018 6.7082 34.0147 42.9418 43.6072 64.2155 38.0265 41.3401 57.5872 26.9258 29.0 17.8045 65.0714 54.4171 37.5756 11.4018 48.5107 32.0156 29.2062 17.3667 15.8114 37.108 56.9421 19.7825 58.0517 31.305 
61.1436 0.0 66.7612 93.3306 104.369 75.9605 73.9843 72.1803 74.4312 8.94427 109.258 61.6117 45.1774 32.7567 31.4006 108.98 60.531 10.6301 12.53 44.2832 14.4222 17.088 62.1617 79.712 33.0151 62.8896 94.3002 87.0637 54.231 17.0 27.2029 77.1622 17.0294 87.0831 71.3467 59.3345 74.3303 70.0643 34.1321 68.9854 50.0899 79.2591 67.5426 43.8339 47.6967 89.899 67.0075 42.439 77.1038 55.3624 
38.2099 66.7612 0.0 64.6445 59.0762 10.6301 69.4262 93.5373 91.3959 57.9741 57.0088 88.2534 66.7917 34.434 39.0 54.7083 27.3961 71.8471 58.5491 24.0 56.4358 49.7293 47.4342 13.6015 39.8938 44.5533 68.8706 80.4487 77.5904 59.9245 56.4358 10.8167 51.4197 42.107 67.2086 20.5183 27.8568 17.088 62.821 49.5782 23.6433 20.6155 10.4403 38.6264 33.6155 72.9452 20.2237 43.0813 19.8494 12.0 
32.2127 93.3306 64.6445 0.0 20.0998 57.6523 29.4279 60.208 55.0364 85.1346 32.0624 63.0635 53.536 74.4496 72.2873 34.3657 93.6426 92.4826 80.9026 60.4078 78.9095 81.3136 38.0465 58.7632 79.6232 30.3682 11.1803 30.3645 56.4624 95.3478 67.9055 60.086 88.2873 22.7242 30.0832 48.0505 91.5942 81.1151 62.7856 25.6144 80.704 45.5269 54.615 48.7428 47.5893 19.3132 86.5882 51.1586 81.4183 62.2959 
43.9284 104.369 59.0762 20.0998 0.0 51.1566 49.4975 80.3057 75.1066 96.9837 12.6491 82.9759 72.0975 79.2277 76.1938 15.6525 86.4642 103.552 91.9409 64.8845 89.9477 90.5065 55.5217 51.6236 84.1724 47.4694 30.1496 49.4975 75.8947 101.118 81.2825 53.3385 94.4894 18.0278 50.01 48.4665 85.2877 75.06 80.6428 43.1823 82.7115 39.0512 49.366 60.6189 57.8602 38.3275 79.0 63.0384 74.6726 60.8769 
38.5876 75.9605 10.6301 57.6523 51.1566 0.0 68.884 95.0373 91.9341 67.0671 47.676 91.1863 69.3929 43.8723 46.6905 45.1221 36.6879 80.2808 66.9403 32.0156 64.7611 58.8727 49.7695 4.0 47.4768 45.2769 66.3601 78.5684 80.6536 66.454 63.0079 2.82843 60.858 35.4401 67.0075 22.8035 34.1321 24.0208 68.3593 49.4065 33.1963 12.1655 10.198 43.4166 38.3275 70.4535 28.2843 47.676 23.7697 20.6155 
31.241 73.9843 69.4262 29.4279 49.4975 68.884 0.0 31.0 26.1725 69.3607 61.0737 33.8378 29.5296 72.8405 68.067 63.0 92.5094 67.9019 62.4106 58.0095 61.3607 68.1558 33.0154 72.0069 78.0141 25.4131 21.4709 14.0 28.6007 81.7745 47.3607 71.7008 75.2111 44.2258 3.0 49.0408 96.284 85.6298 40.0807 19.8494 77.6788 60.208 60.1082 44.5226 43.4515 16.2788 88.2028 46.9383 89.2749 62.149 
56.4554 72.1803 93.5373 60.208 80.3057 95.0373 31.0 0.0 5.83095 70.214 92.0489 11.0454 31.0644 78.3562 64.9254 94.0 109.129 63.2851 62.9365 80.2837 62.6259 71.1758 46.72 98.4886 83.7616 50.2443 50.9902 34.0147 18.7883 83.8153 49.6588 97.7932 78.0 74.6726 31.1448 73.7772 119.109 108.455 40.3113 46.4866 94.5865 88.0227 85.6448 63.6838 63.178 43.6807 110.98 54.9581 112.784 84.0481 
53.3522 74.4312 91.3959 55.0364 75.1066 91.9341 26.1725 5.83095 0.0 71.8053 87.0 15.2315 31.3847 78.5071 65.0764 89.0505 110.524 66.0076 64.5368 77.543 64.0312 72.111 45.7379 95.3834 83.9142 47.1411 45.5412 28.2312 20.2237 85.1645 50.5964 94.69 79.0569 70.2174 26.6833 70.8999 118.127 107.472 41.4849 42.9535 95.9817 84.5813 82.5416 63.2669 62.1959 38.0789 109.997 65.6827 111.802 83.0659 
53.7585 8.94427 57.9741 85.1346 96.9837 67.0671 69.3607 70.214 71.8053 0.0 101.123 60.1664 41.1947 24.1868 22.6716 100.074 53.3667 15.5242 7.28011 35.3412 8.0 8.24621 54.7766 70.8378 25.1794 55.5044 86.9151 82.4401 51.6624 13.8924 22.0 68.3081 10.2956 79.698 66.7231 50.4289 66.9104 62.0081 30.4138 61.6003 42.0119 70.3278 58.6003 36.4488 40.3116 88.6416 59.2115 35.0539 69.0 46.4866 
49.0918 109.258 57.0088 32.0624 12.6491 47.676 61.0737 92.0489 87.0 101.123 0.0 94.0479 80.9769 81.8413 79.0961 3.60555 84.1724 108.407 96.8298 67.424 94.8367 93.4087 60.8276 47.1699 86.2844 52.7731 42.5793 61.9839 86.3609 104.019 86.1432 49.366 97.3917 22.2036 61.2944 50.8035 81.1542 71.5681 85.9258 51.5154 80.432 36.4005 48.4665 65.437 62.2896 50.8035 75.9539 67.8992 70.0286 61.2699 
54.0833 61.6117 88.2534 63.0635 82.9759 91.1863 33.8378 11.0454 15.2315 60.1664 94.0479 0.0 23.4307 70.1783 56.7547 95.6347 100.958 52.469 52.9245 72.4503 52.8015 61.7738 41.4898 94.9385 75.4321 47.8722 55.1543 40.6079 10.8167 73.9256 40.4969 93.7763 68.4251 75.0067 32.9848 68.542 112.46 103.604 31.0644 45.1774 86.7531 85.7695 81.1542 51.4745 57.8941 48.7647 103.478 47.1247 107.5 78.7642 
34.0588 45.1774 66.7917 53.536 72.0975 69.3929 29.5296 31.0644 31.3847 41.1947 80.9769 23.4307 0.0 47.2845 33.8537 81.5601 78.07 38.6005 34.0588 49.2249 33.2415 40.8044 21.0238 73.2495 52.6972 28.4429 48.9364 42.3792 12.7279 54.1295 19.4165 71.8923 47.8017 59.3114 26.9258 46.5959 89.2349 80.3785 11.0454 30.7483 63.5277 65.2763 59.2438 28.2492 33.341 45.4863 80.253 23.8994 84.8262 55.6721 
42.3282 32.7567 34.434 74.4496 79.2277 43.8723 72.8405 78.3562 78.5071 24.1868 81.8413 70.1783 47.2845 0.0 13.8924 80.604 31.7648 39.0128 26.3059 14.4222 24.5153 16.0312 46.7027 47.5128 6.08276 47.4305 76.2673 85.1969 59.8164 22.6716 30.6105 44.9023 17.0 61.2944 70.4501 31.0644 44.2719 38.2099 39.6232 53.5264 18.4391 48.9183 36.4005 35.3889 30.7548 80.5677 35.9026 35.6373 45.0999 23.3264 
40.4138 31.4006 39.0 72.2873 76.1938 46.6905 68.067 64.9254 65.0764 22.6716 79.0961 56.7547 33.8537 13.8924 0.0 78.047 44.2041 33.8378 20.6155 15.0 18.3848 15.8114 41.9292 50.636 19.6977 42.6571 73.8012 80.4235 46.4005 28.7924 18.3848 48.3735 21.5407 58.2705 65.6766 28.4017 55.4707 47.8739 26.6271 48.753 29.6816 48.393 37.3631 23.6015 27.7182 75.7943 46.5188 22.2066 54.4079 27.0 
49.2443 108.98 54.7083 34.3657 15.6525 45.1221 63.0 94.0 89.0505 100.074 3.60555 95.6347 81.5601 80.604 78.047 0.0 81.7435 108.227 96.6207 66.2193 94.6276 92.3596 61.327 44.4072 84.8855 53.3104 45.1221 64.5368 87.8218 102.942 85.9803 46.6905 96.3328 22.3607 63.0714 49.679 78.3135 68.884 86.4134 52.2049 78.0436 34.176 46.5188 65.215 61.8466 53.3667 73.3485 67.7363 67.1193 59.5399 
63.9965 60.531 27.3961 93.6426 86.4642 36.6879 92.5094 109.129 110.524 53.3667 84.1724 100.958 78.07 31.7648 44.2041 81.7435 0.0 68.884 57.2451 35.2843 55.7136 46.1736 67.9007 38.0789 28.4605 67.1172 95.4612 104.527 90.728 45.0 62.1289 35.4683 43.566 69.4878 90.119 46.2031 14.0357 14.8661 70.8025 73.1953 14.8661 47.8539 37.6588 56.587 51.9528 99.5541 9.89949 61.0458 20.8087 34.2885 
60.2956 10.6301 71.8471 92.4826 103.552 80.2808 67.9019 63.2851 66.0076 15.5242 108.407 52.469 38.6005 39.0128 33.8378 108.227 68.884 0.0 13.3417 48.2701 15.5242 23.0868 51.8885 84.1724 40.6079 62.0416 87.2665 80.9568 46.0435 27.2029 23.4307 81.7863 25.632 86.2353 65.2643 62.2352 82.3772 77.1622 27.8568 68.1374 57.2189 82.2265 71.1688 43.0116 46.8751 83.8165 74.5453 41.1096 84.0952 60.0167 
48.7157 12.53 58.5491 80.9026 91.9409 66.9403 62.4106 62.9365 64.5368 7.28011 96.8298 52.9245 34.0588 26.3059 20.6155 96.6207 57.2451 13.3417 0.0 34.9285 2.23607 11.1803 49.7337 70.8308 28.7924 50.4616 81.8722 75.4901 44.3847 21.0238 15.1327 68.4471 16.2788 74.6552 59.7731 49.0099 70.342 64.4981 23.1948 56.5574 44.7214 69.0011 57.8705 31.406 35.2687 78.3253 62.1691 30.0 71.3442 46.6905 
28.2864 44.2832 24.0 60.4078 64.8845 32.0156 58.0095 80.2837 77.543 35.3412 67.424 72.4503 49.2249 14.4222 15.0 66.2193 35.2843 48.2701 34.9285 0.0 32.7567 27.2947 32.6608 35.9026 19.3132 32.6534 62.2254 70.3659 61.8829 36.7967 32.7567 33.541 30.4795 46.9574 55.6191 16.6433 45.9487 35.8167 40.413 38.6558 20.4536 35.2278 23.2594 21.3471 16.7129 65.3111 36.9666 25.8058 40.2643 12.0 
46.7225 14.4222 56.4358 78.9095 89.9477 64.7611 61.3607 62.6259 64.0312 8.0 94.8367 52.8015 33.2415 24.5153 18.3848 94.6276 55.7136 15.5242 2.23607 32.7567 0.0 10.0 47.7406 68.6586 27.313 48.4685 79.8791 74.4401 43.9659 21.1896 14.0 66.2873 15.8114 72.6621 58.7231 46.782 68.6804 62.6498 22.561 54.5643 42.9535 66.7732 55.6597 29.4129 33.2756 81.6056 60.4152 28.0179 69.4622 44.5533 
49.4401 17.088 49.7293 81.3136 90.5065 58.8727 68.1558 71.1758 72.111 8.24621 93.4087 61.7738 40.8044 16.0312 15.8114 92.3596 46.1736 23.0868 11.1803 27.2947 10.0 0.0 50.9555 62.6259 17.72 51.6834 83.094 81.2352 52.3927 14.0357 21.5407 60.0833 7.07107 72.5832 65.5182 42.7143 59.439 54.0833 30.8707 57.7793 34.1321 62.434 50.5371 32.6278 42.0308 84.8205 51.4782 31.2329 61.0328 38.2753 
13.0384 62.1617 47.4342 38.0465 55.5217 49.7695 33.0154 46.72 45.7379 54.7766 60.8276 41.4898 21.0238 46.7027 41.9292 61.327 67.9007 51.8885 49.7337 32.6608 47.7406 50.9555 0.0 53.4883 51.8763 8.06226 39.0161 45.3719 31.0483 64.9898 29.9301 52.3927 57.9292 39.0 30.625 27.2947 73.2445 62.5564 25.0996 13.7013 53.0701 44.5533 39.8121 18.3848 17.3137 40.7426 65.1152 20.8005 66.8431 38.1838 
42.0595 79.712 13.6015 58.7632 51.6236 4.0 72.0069 98.4886 95.3834 70.8378 47.1699 94.9385 73.2495 47.5128 50.636 44.4072 38.0789 84.1724 70.8308 35.9026 68.6586 62.6259 53.4883 0.0 51.1173 48.7647 69.0689 81.3204 84.4334 70.0945 67.0075 2.82843 64.4986 36.7696 70.214 26.6833 34.0147 24.5153 72.3395 52.6972 35.2444 13.4164 14.1421 47.3814 42.2966 73.1623 29.1204 51.6236 23.0868 24.3516 
47.5018 33.0151 39.8938 79.6232 84.1724 47.4768 78.0141 83.7616 83.9142 25.1794 86.2844 75.4321 52.6972 6.08276 19.6977 84.8855 28.4605 40.6079 28.7924 19.3132 27.313 17.72 51.8763 51.1173 0.0 52.6042 81.4409 90.3705 65.215 20.1246 35.3553 48.7052 16.1245 66.2118 75.6237 35.7771 41.7732 37.054 44.5982 58.7 17.1172 52.6616 40.0569 40.5626 35.9284 85.7413 34.0588 41.051 44.1022 26.9308 
6.7082 62.8896 44.5533 30.3682 47.4694 45.2769 25.4131 50.2443 47.1411 55.5044 52.7731 47.8722 28.4429 47.4305 42.6571 53.3104 67.1172 62.0416 50.4616 32.6534 48.4685 51.6834 8.06226 48.7647 52.6042 0.0 31.4006 37.7696 38.1214 65.7177 37.9838 48.0208 58.6571 31.0161 23.0227 24.0416 71.1499 60.4956 33.1533 6.09902 52.2866 38.6005 35.805 19.1127 18.0416 33.1403 63.0206 21.5284 64.3506 36.8917 
34.0147 94.3002 68.8706 11.1803 30.1496 66.3601 21.4709 50.9902 45.5412 86.9151 42.5793 55.1543 48.9364 76.2673 73.8012 45.1221 95.4612 87.2665 81.8722 62.2254 79.8791 83.094 39.0161 69.0689 81.4409 31.4006 0.0 19.4165 49.93 97.1283 68.8751 69.1819 90.0677 33.8047 23.0217 49.8691 96.5297 85.8023 59.4453 25.7099 82.5226 56.4911 58.7512 50.2567 49.163 8.24621 88.4068 52.9391 88.4329 64.1145 
42.9418 87.0637 80.4487 30.3645 49.4975 78.5684 14.0 34.0147 28.2312 82.4401 61.9839 40.6079 42.3792 85.1969 80.4235 64.5368 104.527 80.9568 75.4901 70.3659 74.4401 81.2352 45.3719 81.3204 90.3705 37.7696 19.4165 0.0 38.6005 94.8539 60.4401 81.3941 88.2906 52.4553 17.0 60.5392 107.755 97.0979 53.1601 31.7805 90.0352 68.7441 70.6045 56.879 55.808 11.1803 99.6261 59.2948 100.21 74.2428 
43.6072 54.231 77.5904 56.4624 75.8947 80.6536 28.6007 18.7883 20.2237 51.6624 86.3609 10.8167 12.7279 59.8164 46.4005 87.8218 90.728 46.0435 44.3847 61.8829 43.9659 52.3927 31.0483 84.4334 65.215 38.1214 49.93 38.6005 0.0 65.146 30.8707 83.2166 59.2368 66.3702 26.9258 57.9396 101.893 93.0365 21.5407 36.0555 76.1857 75.5108 70.5762 40.9072 47.2311 44.6878 92.911 36.5574 96.8368 68.1011 
64.2155 17.0 59.9245 95.3478 101.118 66.454 81.7745 83.8153 85.1645 13.8924 104.019 73.9256 54.1295 22.6716 28.7924 102.942 45.0 27.2029 21.0238 36.7967 21.1896 14.0357 64.9898 70.0945 20.1246 65.7177 97.1283 94.8539 65.146 0.0 34.7131 67.4839 7.28011 83.1944 79.1369 53.2635 59.0085 56.0892 43.6807 71.8135 36.6879 71.5891 59.0339 46.662 52.642 98.8548 52.469 45.2671 63.1506 45.9081 
38.0265 27.2029 56.4358 67.9055 81.2825 63.0079 47.3607 49.6588 50.5964 22.0 86.1432 40.4969 19.4165 30.6105 18.3848 85.9803 62.1289 23.4307 15.1327 32.7567 14.0 21.5407 29.9301 67.0075 35.3553 37.9838 68.8751 60.4401 30.8707 34.7131 0.0 65.0077 28.4605 63.9662 44.7231 41.5933 73.7902 66.2494 9.43398 43.5603 47.8853 62.3699 53.0848 21.1896 25.7099 63.2753 64.8845 18.3576 72.7835 44.5533 
41.3401 77.1622 10.8167 60.086 53.3385 2.82843 71.7008 97.7932 94.69 68.3081 49.366 93.7763 71.8923 44.9023 48.3735 46.6905 35.4683 81.7863 68.4471 33.541 66.2873 60.0833 52.3927 2.82843 48.7052 48.0208 69.1819 81.3941 83.2166 67.4839 65.0077 0.0 61.888 37.9473 69.814 25.2982 32.0156 22.2036 70.5762 52.2015 32.4547 14.5602 12.6491 45.7056 40.6079 73.2753 26.6833 50.01 21.3776 21.8403 
57.5872 17.0294 51.4197 88.2873 94.4894 60.858 75.2111 78.0 79.0569 10.2956 97.3917 68.4251 47.8017 17.0 21.5407 96.3328 43.566 25.632 16.2788 30.4795 15.8114 7.07107 57.9292 64.4986 16.1245 58.6571 90.0677 88.2906 59.2368 7.28011 28.4605 61.888 0.0 76.5661 72.5735 46.6905 57.3149 53.1507 37.6962 64.753 33.2415 65.6049 53.2541 39.6015 46.0138 91.7943 50.0 38.2066 60.208 40.3113 
26.9258 87.0831 42.107 22.7242 18.0278 35.4401 44.2258 74.6726 70.2174 79.698 22.2036 75.0067 59.3114 61.2944 58.2705 22.3607 69.4878 86.2353 74.6552 46.9574 72.6621 72.5832 39.0 36.7696 66.2118 31.0161 33.8047 52.4553 66.3702 83.1944 63.9662 37.9473 76.5661 0.0 43.566 30.4631 69.2315 58.6941 64.0706 30.4138 65.7351 23.4094 32.0 43.2782 40.3113 41.713 62.2896 45.7222 59.203 42.9535 
29.0 71.3467 67.2086 30.0832 50.01 67.0075 3.0 31.1448 26.6833 66.7231 61.2944 32.9848 26.9258 70.4501 65.6766 63.0714 90.119 65.2643 59.7731 55.6191 58.7231 65.5182 30.625 70.214 75.6237 23.0227 23.0217 17.0 26.9258 79.1369 44.7231 69.814 72.5735 43.566 0.0 46.7547 93.9416 83.2874 37.4431 17.6918 75.2884 58.6686 58.0517 42.1322 41.0611 18.6011 85.8124 44.548 87.046 59.7586 
17.8045 59.3345 20.5183 48.0505 48.4665 22.8035 49.0408 73.7772 70.8999 50.4289 50.8035 68.542 46.5959 31.0644 28.4017 49.679 46.2031 62.2352 49.0099 16.6433 46.782 42.7143 27.2947 26.6833 35.7771 24.0416 49.8691 60.5392 57.9396 53.2635 41.5933 25.2982 46.6905 30.4631 46.7547 0.0 47.2779 36.6236 46.0109 29.2062 36.3009 20.8806 12.6491 21.0 16.0312 53.8516 39.1486 25.0799 40.3113 14.3178 
65.0714 74.3303 27.8568 91.5942 85.2877 34.1321 96.284 119.109 118.127 66.9104 81.1542 112.46 89.2349 44.2719 55.4707 78.3135 14.0357 82.3772 70.342 45.9487 68.6804 59.439 73.2445 34.0147 41.7732 71.1499 96.5297 107.755 101.893 59.0085 73.7902 32.0156 57.3149 69.2315 93.9416 47.2779 0.0 10.7703 82.0115 76.4709 26.0 46.2709 38.2753 63.1549 58.5207 100.623 9.21954 67.6137 11.4018 35.3634 
54.4171 70.0643 17.088 81.1151 75.06 24.0208 85.6298 108.455 107.472 62.0081 71.5681 103.604 80.3785 38.2099 47.8739 68.884 14.8661 77.1622 64.4981 35.8167 62.6498 54.0833 62.5564 24.5153 37.054 60.4956 85.8023 97.0979 93.0365 56.0892 66.2494 22.2036 53.1507 58.6941 83.2874 36.6236 10.7703 0.0 74.3839 65.8167 20.0 36.0139 27.5136 52.5007 47.7084 89.8944 5.0 56.9594 7.07107 24.7091 
37.5756 34.1321 62.821 62.7856 80.6428 68.3593 40.0807 40.3113 41.4849 30.4138 85.9258 31.0644 11.0454 39.6232 26.6271 86.4134 70.8025 27.8568 23.1948 40.413 22.561 30.8707 25.0996 72.3395 44.5982 33.1533 59.4453 53.1601 21.5407 43.6807 9.43398 70.5762 37.6962 64.0706 37.4431 46.0109 82.0115 74.3839 0.0 38.7298 56.3028 66.1891 58.2151 25.02 30.0666 55.9954 73.0297 21.0238 80.6724 51.5812 
11.4018 68.9854 49.5782 25.6144 43.1823 49.4065 19.8494 46.4866 42.9535 61.6003 51.5154 45.1774 30.7483 53.5264 48.753 52.2049 73.1953 68.1374 56.5574 38.6558 54.5643 57.7793 13.7013 52.6972 58.7 6.09902 25.7099 31.7805 36.0555 71.8135 43.5603 52.2015 64.753 30.4138 17.6918 29.2062 76.4709 65.8167 38.7298 0.0 58.3646 41.6293 40.3609 25.2085 24.1374 27.074 68.3417 27.6243 69.4262 42.5441 
48.5107 50.0899 23.6433 80.704 82.7115 33.1963 77.6788 94.5865 95.9817 42.0119 80.432 86.7531 63.5277 18.4391 29.6816 78.0436 14.8661 57.2189 44.7214 20.4536 42.9535 34.1321 53.0701 35.2444 17.1172 52.2866 82.5226 90.0352 76.1857 36.6879 47.8853 32.4547 33.2415 65.7351 75.2884 36.3009 26.0 20.0 56.3028 58.3646 0.0 44.1024 33.906 41.7564 37.1222 85.3007 17.4642 46.2151 27.0185 30.5358 
32.0156 79.2591 20.6155 45.5269 39.0512 12.1655 60.208 88.0227 84.5813 70.3278 36.4005 85.7695 65.2763 48.9183 48.393 34.176 47.8539 82.2265 69.0011 35.2278 66.7732 62.434 44.5533 13.4164 52.6616 38.6005 56.4911 68.7441 75.5108 71.5891 62.3699 14.5602 65.6049 23.4094 58.6686 20.8806 46.2709 36.0139 66.1891 41.6293 44.1024 0.0 12.8062 41.4367 36.6742 60.5845 40.05 45.1774 35.9026 26.2488 
29.2062 67.5426 10.4403 54.615 49.366 10.198 60.1082 85.6448 82.5416 58.6003 48.4665 81.1542 59.2438 36.4005 37.3631 46.5188 37.6588 71.1688 57.8705 23.2594 55.6597 50.5371 39.8121 14.1421 40.0569 35.805 58.7512 70.6045 70.5762 59.0339 53.0848 12.6491 53.2541 32.0 58.0517 12.6491 38.2753 27.5136 58.2151 40.3609 33.906 12.8062 0.0 33.2415 28.1603 62.8446 30.5941 37.4833 29.6816 13.4536 
17.3667 43.8339 38.6264 48.7428 60.6189 43.4166 44.5226 63.6838 63.2669 36.4488 65.437 51.4745 28.2492 35.3889 23.6015 65.215 56.587 43.0116 31.406 21.3471 29.4129 32.6278 18.3848 47.3814 40.5626 19.1127 50.2567 56.879 40.9072 46.662 21.1896 45.7056 39.6015 43.2782 42.1322 21.0 63.1549 52.5007 25.02 25.2085 41.7564 41.4367 33.2415 0.0 5.09902 52.2498 55.0257 4.47214 56.9417 27.7849 
15.8114 47.6967 33.6155 47.5893 57.8602 38.3275 43.4515 63.178 62.1959 40.3116 62.2896 57.8941 33.341 30.7548 27.7182 61.8466 51.9528 46.8751 35.2687 16.7129 33.2756 42.0308 17.3137 42.2966 35.9284 18.0416 49.163 55.808 47.2311 52.642 25.7099 40.6079 46.0138 40.3113 41.0611 16.0312 58.5207 47.7084 30.0666 24.1374 37.1222 36.6742 28.1603 5.09902 0.0 51.1787 50.3915 9.48683 52.1536 23.0217 
37.108 89.899 72.9452 19.3132 38.3275 70.4535 16.2788 43.6807 38.0789 88.6416 50.8035 48.7647 45.4863 80.5677 75.7943 53.3667 99.5541 83.8165 78.3253 65.3111 81.6056 84.8205 40.7426 73.1623 85.7413 33.1403 8.24621 11.1803 44.6878 98.8548 63.2753 73.2753 91.7943 41.713 18.6011 53.8516 100.623 89.8944 55.9954 27.074 85.3007 60.5845 62.8446 52.2498 51.1787 0.0 92.4997 54.6656 92.5263 68.0074 
56.9421 67.0075 20.2237 86.5882 79.0 28.2843 88.2028 110.98 109.997 59.2115 75.9539 103.478 80.253 35.9026 46.5188 73.3485 9.89949 74.5453 62.1691 36.9666 60.4152 51.4782 65.1152 29.1204 34.0588 63.0206 88.4068 99.6261 92.911 52.469 64.8845 26.6833 50.0 62.2896 85.8124 39.1486 9.21954 5.0 73.0297 68.3417 17.4642 40.05 30.5941 55.0257 50.3915 92.4997 0.0 59.4844 11.1803 27.2341 
19.7825 42.439 43.0813 51.1586 63.0384 47.676 46.9383 54.9581 65.6827 35.0539 67.8992 47.1247 23.8994 35.6373 22.2066 67.7363 61.0458 41.1096 30.0 25.8058 28.0179 31.2329 20.8005 51.6236 41.051 21.5284 52.9391 59.2948 36.5574 45.2671 18.3576 50.01 38.2066 45.7222 44.548 25.0799 67.6137 56.9594 21.0238 27.6243 46.2151 45.1774 37.4833 4.47214 9.48683 54.6656 59.4844 0.0 61.4054 32.249 
58.0517 77.1038 19.8494 81.4183 74.6726 23.7697 89.2749 112.784 111.802 69.0 70.0286 107.5 84.8262 45.0999 54.4079 67.1193 20.8087 84.0952 71.3442 40.2643 69.4622 61.0328 66.8431 23.0868 44.1022 64.3506 88.4329 100.21 96.8368 63.1506 72.7835 21.3776 60.208 59.203 87.046 40.3113 11.4018 7.07107 80.6724 69.4262 27.0185 35.9026 29.6816 56.9417 52.1536 92.5263 11.1803 61.4054 0.0 29.1568 
31.305 55.3624 12.0 62.2959 60.8769 20.6155 62.149 84.0481 83.0659 46.4866 61.2699 78.7642 55.6721 23.3264 27.0 59.5399 34.2885 60.0167 46.6905 12.0 44.5533 38.2753 38.1838 24.3516 26.9308 36.8917 64.1145 74.2428 68.1011 45.9081 44.5533 21.8403 40.3113 42.9535 59.7586 14.3178 35.3634 24.7091 51.5812 42.5441 30.5358 26.2488 13.4536 27.7849 23.0217 68.0074 27.2341 32.249 29.1568 0.0 
DEMAND_SCENARIO_SECTION
0 0 0 0 0 0 0 0 0 0 0 0 0 0 0 0 0 0 0 0 0 0 0 0 0 0 0 0 0 0 0 0 0 0 0 0 0 0 0 0 0 0 0 0 0 0 0 0 0 0 0 0 0 0 0 0 0 0 0 0 0 0 0 0 0 0 0 0 0 0 0 0 0 0 0 0 0 0 0 0 0 0 0 0 0 0 0 0 0 0 0 0 0 0 0 0 0 0 0 0 0 0 0 0 0 0 0 0 0 0 0 0 0 0 0 0 0 0 0 0 0 0 0 0 0 0 0 0 0 0 0 0 0 0 0 0 0 0 0 0 0 0 0 0 0 0 0 0 0 0 0 0 0 0 0 0 0 0 0 0 0 0 0 0 0 0 0 0 0 0 0 0 0 0 0 0 0 0 0 0 0 0 0 0 0 0 0 0 0 0 0 0 0 0 0 0 0 0 0 0 
4 4 5 2 3 4 5 5 4 3 4 3 4 2 4 4 4 4 4 3 4 4 4 5 4 3 5 1 3 3 3 5 3 5 4 3 5 3 3 5 6 1 5 6 6 5 6 4 4 4 6 5 5 2 4 2 4 4 2 5 3 1 4 6 1 6 5 4 6 3 5 3 4 6 5 4 4 3 2 6 3 4 3 3 5 4 5 5 4 4 4 3 4 2 4 2 3 4 2 4 4 3 6 1 2 6 4 5 6 3 4 5 5 6 4 2 3 4 4 2 3 5 5 4 4 5 5 5 5 5 4 3 6 6 3 2 3 4 4 4 2 5 4 5 3 5 3 3 5 3 5 5 4 6 5 5 2 2 2 4 5 4 5 5 5 6 4 6 4 4 2 4 3 3 4 5 5 2 6 6 2 5 2 6 5 4 6 4 3 4 4 6 5 3 6 2 7 3 4 4 
5 8 13 10 13 5 6 8 12 7 8 5 9 10 8 9 5 6 8 10 11 0 6 9 14 10 7 7 10 12 8 8 11 8 12 7 5 10 9 8 12 11 10 6 6 10 11 8 9 10 9 6 10 10 7 6 7 5 7 10 7 11 8 8 10 9 8 12 9 10 12 3 3 5 10 9 3 6 7 7 10 13 9 6 10 6 11 11 8 8 10 10 8 7 6 6 8 5 2 11 10 8 7 11 12 12 9 9 7 9 8 10 10 4 8 5 11 6 8 9 6 7 7 6 7 7 11 12 8 11 12 9 9 9 7 9 10 8 6 4 3 8 4 7 10 5 5 12 8 3 8 9 9 6 10 7 8 9 10 9 1 5 5 7 9 7 6 5 8 4 8 8 4 10 7 7 11 5 6 9 6 4 7 10 7 9 10 1 7 9 13 9 3 9 7 11 8 9 12 12 
5 9 5 8 8 8 4 6 5 5 7 5 7 4 6 5 3 6 4 5 7 7 8 4 5 5 6 5 9 6 7 8 6 6 10 10 8 9 6 8 5 2 5 5 7 6 7 6 5 10 8 5 6 6 5 6 8 11 8 7 8 3 5 5 6 6 7 7 5 8 1 5 10 7 5 9 4 8 6 8 4 10 7 8 8 4 6 5 8 3 5 3 6 8 5 6 5 5 7 7 6 7 3 8 6 4 7 6 7 3 9 4 8 7 7 6 8 6 8 8 6 3 6 6 8 8 7 4 9 4 7 5 4 8 4 5 5 7 7 10 3 1 7 5 8 10 5 4 5 3 5 5 5 3 3 3 5 10 7 6 5 8 5 8 6 9 7 5 7 7 6 9 7 7 6 4 3 10 4 5 6 6 8 4 3 5 8 3 3 8 8 5 2 4 5 6 6 9 5 8 
5 3 3 3 4 7 6 7 3 3 6 3 3 1 6 3 4 5 4 5 4 5 6 5 5 3 4 1 3 6 2 7 6 3 5 4 6 4 5 3 6 5 5 4 6 4 2 2 3 4 3 2 3 6 4 5 3 5 4 5 5 6 4 4 4 5 2 2 5 6 3 5 5 4 6 4 3 5 3 4 4 3 3 5 4 5 4 6 1 3 4 5 7 3 4 5 4 5 1 2 4 5 3 0 2 2 4 4 2 4 3 4 2 10 4 5 2 5 5 3 3 4 5 4 2 5 3 5 5 2 5 6 5 2 5 2 3 3 6 4 4 3 4 4 5 4 6 3 2 2 4 3 7 4 4 5 4 4 2 1 5 5 7 3 5 4 3 3 2 5 4 3 3 2 3 3 3 3 2 7 3 6 4 4 6 2 5 4 6 3 3 7 2 5 5 4 4 6 3 1 
3 3 3 4 3 2 4 5 4 4 4 5 3 3 4 3 6 2 5 5 4 6 3 3 3 4 3 1 2 3 4 5 4 6 3 3 4 6 3 3 3 4 5 7 3 4 3 3 6 4 4 5 2 2 4 7 2 4 3 5 6 4 3 5 3 3 3 4 6 5 4 2 6 4 5 5 7 5 3 5 4 3 4 2 3 5 1 4 2 3 1 5 4 7 4 2 3 4 5 3 2 2 5 4 3 4 5 4 3 5 4 3 2 5 4 3 3 6 7 4 4 5 4 5 5 2 5 4 5 4 5 4 2 3 4 6 1 5 3 3 7 4 5 4 3 4 2 6 3 5 4 4 2 5 3 3 5 5 1 4 4 6 5 2 4 1 3 7 4 4 4 4 5 6 4 3 2 5 3 2 3 4 4 4 6 5 3 4 7 5 4 4 4 6 3 3 3 4 4 3 
3 4 6 2 2 3 3 5 2 2 3 2 3 5 2 3 3 3 1 4 2 3 5 3 4 4 3 3 2 4 3 4 3 4 4 3 3 3 4 2 2 3 2 2 4 2 3 4 2 3 4 2 2 2 3 4 1 3 1 4 4 3 4 3 1 3 5 4 3 0 2 2 3 3 2 5 3 3 3 3 3 2 2 3 2 0 4 2 3 1 3 3 3 4 3 3 4 1 3 3 4 5 3 3 4 2 1 4 2 4 5 3 3 1 3 2 3 5 4 1 3 2 4 4 3 3 4 3 4 4 3 1 3 3 2 1 5 3 1 4 4 2 4 1 3 5 4 2 2 3 4 1 4 4 3 5 4 2 4 3 3 3 4 4 2 1 0 4 4 4 2 2 5 2 4 3 4 2 3 2 4 2 2 3 2 3 3 2 2 4 5 3 4 4 2 3 2 2 2 2 
5 6 4 5 6 5 5 4 6 5 7 3 5 5 6 5 3 5 3 2 5 5 4 2 4 6 2 5 4 5 1 3 5 7 3 6 4 4 4 2 5 4 3 5 4 5 3 4 4 4 2 5 3 3 3 3 3 5 5 4 4 5 4 4 4 5 4 4 4 4 5 4 3 3 4 3 4 3 6 3 4 5 3 5 2 4 2 4 4 4 2 3 7 2 5 3 5 5 4 3 4 6 4 3 3 5 2 5 6 5 4 2 5 6 5 5 4 3 1 5 4 2 4 4 4 3 0 6 5 3 2 3 3 3 3 6 3 3 4 5 6 6 4 5 4 3 4 5 1 3 5 6 4 4 4 2 3 4 5 4 3 4 2 3 2 4 4 2 5 5 5 4 3 4 3 7 4 4 5 4 5 4 5 4 2 3 4 6 3 5 5 6 5 2 7 3 2 4 3 4 
6 8 5 9 9 7 9 11 5 7 7 9 10 11 5 9 9 7 11 4 9 4 6 5 11 5 9 12 6 12 6 7 5 8 4 11 11 9 8 7 13 13 10 5 8 5 6 11 6 7 9 6 8 13 10 8 12 8 12 7 7 0 11 5 2 11 9 5 12 8 8 8 8 14 13 7 6 10 8 6 5 8 5 14 4 8 12 9 10 7 4 12 11 14 8 12 5 12 7 8 4 13 7 13 10 7 8 6 8 10 8 7 12 5 8 5 6 8 8 10 8 12 7 10 10 15 16 6 7 7 13 9 9 8 8 7 5 9 8 0 6 12 12 11 7 6 6 3 5 5 9 11 4 9 5 3 7 4 8 8 11 9 5 2 4 4 8 9 5 11 13 8 8 11 10 6 7 10 11 14 11 6 8 7 9 11 5 10 5 10 13 9 11 4 11 9 4 10 11 10 
8 9 0 7 4 4 2 6 5 6 4 2 3 12 10 12 6 4 6 5 15 6 7 5 6 12 9 7 7 7 3 6 8 3 9 7 13 10 4 5 5 8 2 5 8 8 8 7 7 8 8 11 6 8 7 9 6 13 7 3 8 5 6 6 9 8 7 8 7 8 6 6 7 5 10 4 6 8 5 7 5 6 5 8 8 4 9 9 10 6 5 11 7 11 12 7 11 8 8 7 4 5 6 6 15 4 5 6 10 12 7 9 4 4 7 8 7 7 5 8 6 6 8 9 6 5 7 4 5 5 6 9 9 11 5 4 6 8 14 8 0 0 5 6 7 8 3 8 7 7 8 5 9 4 10 7 8 9 4 11 3 4 4 3 8 4 5 10 10 7 7 4 5 11 4 8 8 7 5 7 2 9 5 8 8 5 5 11 6 12 5 5 3 10 10 10 12 6 10 9 
5 6 3 4 7 7 9 5 5 6 7 9 6 5 6 5 6 7 6 5 2 9 5 6 10 6 5 5 8 7 7 5 9 4 4 10 6 9 4 5 3 4 8 8 4 6 5 6 10 5 8 10 7 5 11 2 2 7 7 4 5 0 7 7 4 4 5 7 6 5 3 4 6 6 6 9 4 6 11 9 9 5 9 5 7 5 9 9 3 7 4 5 6 0 4 8 10 7 4 3 4 3 4 4 4 2 6 4 4 5 9 4 6 3 9 4 7 9 3 7 10 5 6 3 8 10 8 7 6 6 5 6 3 8 8 6 5 5 5 7 6 7 7 7 6 7 8 7 10 6 5 5 3 6 6 5 10 8 9 7 4 6 5 5 5 6 5 2 10 6 3 6 4 7 6 5 4 6 5 8 5 6 8 5 8 6 6 4 8 7 6 6 5 8 4 6 7 6 6 2 
4 3 3 6 2 4 4 6 7 3 3 4 3 4 5 3 3 3 5 2 7 3 4 6 5 5 4 4 8 5 1 5 5 6 3 1 4 4 5 3 2 3 5 5 4 4 4 3 2 4 4 5 4 4 4 4 5 7 5 2 3 6 4 6 6 0 5 4 5 3 4 6 2 3 5 2 3 3 4 3 4 5 5 3 6 4 3 3 3 5 2 5 4 4 2 3 4 5 6 5 4 3 5 4 4 4 5 4 5 4 4 4 4 3 6 2 6 5 4 5 5 6 4 4 5 4 3 6 5 4 4 6 3 4 3 4 4 4 5 4 5 4 4 3 4 4 4 6 4 5 4 3 3 3 4 4 3 2 5 3 2 2 5 4 4 2 2 4 3 1 5 4 3 4 4 1 2 4 5 3 4 6 4 5 2 4 3 1 6 2 6 4 2 4 3 3 5 3 5 3 
11 10 14 9 8 13 4 9 5 9 7 18 9 0 11 5 3 6 11 6 13 13 9 2 6 13 10 11 10 7 10 14 13 10 8 7 9 13 11 11 9 7 5 14 8 14 10 12 10 11 10 12 8 10 4 12 13 6 12 8 8 12 12 8 10 13 14 13 13 8 8 11 6 7 11 12 5 8 13 12 8 10 3 10 7 7 13 7 12 14 9 15 9 14 10 10 3 10 13 15 9 5 6 4 13 9 11 7 10 6 9 12 15 11 10 7 18 5 2 16 13 19 8 14 13 13 11 6 14 11 15 8 12 9 12 8 7 4 6 9 12 13 12 10 14 12 7 12 5 13 16 13 9 13 12 13 12 8 10 13 13 16 8 7 7 12 11 7 7 11 8 15 3 10 15 14 7 14 12 11 14 11 6 11 12 13 16 11 11 14 10 6 12 8 9 12 8 10 12 11 
4 4 3 4 2 4 5 3 3 1 4 5 5 3 4 3 4 2 1 3 2 3 1 3 5 4 3 2 4 4 2 4 4 2 2 4 5 3 4 3 3 2 3 1 3 2 4 3 2 2 3 3 3 4 5 4 3 3 2 1 5 5 4 4 4 4 4 1 3 2 5 4 5 2 2 2 3 3 3 4 4 3 3 3 2 2 3 2 4 3 4 2 3 3 4 4 4 4 4 4 3 2 4 3 5 3 3 2 4 4 3 2 2 2 3 2 2 3 3 4 3 4 4 6 2 3 3 2 3 4 2 3 2 3 3 2 2 3 4 2 4 3 2 3 1 2 4 3 4 4 3 4 2 4 5 3 2 3 3 3 3 3 5 3 1 2 3 4 3 1 4 4 2 2 3 3 3 3 1 4 3 3 4 2 4 4 4 4 3 3 3 2 5 2 2 3 2 3 2 3 
3 4 5 3 3 3 4 1 4 4 3 4 2 2 4 3 3 4 3 3 4 2 4 4 4 3 2 4 3 4 2 3 4 3 2 3 3 3 3 3 2 3 3 4 3 5 2 4 1 1 3 3 4 3 3 2 2 4 2 4 2 2 1 2 3 4 2 3 4 2 4 4 3 4 2 3 4 2 3 3 2 4 1 2 5 3 3 4 3 2 4 3 5 3 4 2 3 3 4 3 3 4 4 3 3 2 3 2 1 3 5 3 3 4 5 5 1 3 2 2 3 2 2 2 2 3 3 2 5 5 3 5 2 2 4 4 5 4 4 4 2 5 3 2 3 3 2 2 4 3 2 4 4 3 3 3 5 4 4 3 3 3 2 3 4 4 2 3 3 2 3 4 3 3 3 2 3 3 4 2 3 3 3 1 0 3 2 4 2 3 3 4 1 3 2 4 2 4 3 2 
12 12 10 8 9 13 12 9 9 10 9 8 3 0 13 5 6 9 12 11 8 8 5 5 8 7 9 5 2 12 4 11 3 10 8 5 8 8 8 15 10 8 12 9 11 6 13 11 10 4 8 6 8 9 11 10 11 13 13 10 9 8 10 8 8 6 7 8 4 9 13 11 13 11 4 12 8 16 7 13 12 11 12 8 8 6 9 9 7 12 9 6 9 6 12 10 9 7 5 10 10 11 6 7 12 7 10 9 8 14 7 8 8 12 12 11 7 5 13 14 9 8 5 8 13 13 9 8 11 11 8 8 8 11 9 13 10 6 0 7 12 3 11 6 15 10 10 11 15 12 12 11 7 5 15 9 8 4 5 11 8 12 7 11 7 11 13 6 9 13 5 8 10 12 5 5 12 5 8 5 6 7 6 8 16 4 9 9 6 16 6 5 4 10 9 12 12 8 11 6 
3 3 3 3 4 3 5 2 3 3 3 3 3 3 4 3 3 1 1 1 4 2 4 2 2 3 3 1 3 2 3 3 3 2 4 3 1 2 3 5 3 5 3 2 2 4 5 1 3 4 2 2 1 2 3 4 4 4 5 2 4 3 2 3 5 4 2 3 4 5 1 3 3 3 3 1 3 3 3 2 3 4 4 3 3 3 3 1 3 4 3 4 2 2 2 3 4 3 4 5 3 2 5 2 0 5 4 3 2 3 1 4 1 3 4 3 4 2 5 2 4 3 3 2 2 3 1 3 4 3 4 2 3 5 3 3 4 4 2 2 2 3 3 2 3 1 4 2 4 3 5 2 4 2 3 1 3 4 3 5 2 5 2 3 2 3 4 4 4 3 2 3 3 2 3 3 3 2 3 3 2 3 2 3 3 3 3 2 4 4 3 2 2 3 3 3 3 1 3 4 
4 10 4 4 5 8 7 10 16 7 6 5 9 8 3 8 6 9 4 7 6 5 6 10 10 9 3 5 8 6 7 8 8 11 7 10 4 5 7 9 11 6 5 7 7 7 11 9 9 9 9 11 10 8 13 10 6 9 10 4 7 7 8 8 11 6 4 5 8 7 6 6 8 8 9 15 7 13 8 8 11 12 9 10 8 4 9 10 10 7 5 6 14 1 6 6 7 9 7 7 10 6 7 6 6 8 3 5 9 8 5 4 5 7 3 8 4 9 10 7 6 8 4 9 10 9 9 6 4 4 5 11 5 7 4 6 9 8 5 9 5 9 6 6 5 10 9 8 8 5 11 4 3 7 3 9 9 10 5 8 12 8 5 11 7 8 5 6 4 9 6 8 7 5 5 9 13 0 9 7 7 5 7 12 7 11 7 10 9 9 5 6 5 6 6 7 9 5 5 6 
9 8 10 15 10 4 7 5 7 10 5 8 13 6 9 5 8 13 6 6 11 10 5 8 9 9 6 9 4 11 10 6 3 11 8 11 8 13 10 9 5 10 7 5 7 12 5 8 12 10 7 11 10 8 7 10 11 9 4 9 6 9 11 9 11 11 9 9 7 10 9 6 5 8 12 5 5 7 9 9 7 9 6 7 9 9 5 6 12 7 6 7 7 3 5 10 10 7 5 6 8 7 8 7 6 6 8 11 9 14 8 5 7 8 12 6 10 11 6 6 10 9 9 10 7 8 9 6 4 8 8 7 11 8 7 8 7 10 10 9 12 7 2 13 7 6 12 7 12 9 13 8 11 10 9 12 6 5 13 10 8 8 8 8 3 6 9 8 4 9 10 8 10 8 10 8 9 12 16 2 12 7 7 12 8 10 10 5 12 8 7 3 8 10 8 7 4 8 10 9 
7 6 7 5 7 3 5 6 5 4 6 7 8 8 3 5 8 3 8 4 6 6 7 10 5 10 6 7 7 8 4 4 6 6 3 7 7 4 3 5 7 3 6 4 4 6 6 5 3 7 7 8 5 5 0 7 7 5 8 8 6 3 4 4 4 5 3 6 9 4 8 9 5 9 6 5 5 6 6 7 6 5 7 3 4 5 6 2 6 3 5 3 5 9 8 5 8 6 4 3 3 8 6 5 8 6 6 6 10 6 2 7 6 5 1 9 9 6 5 8 6 5 8 6 3 6 4 3 7 6 3 5 9 6 5 2 4 7 4 5 3 6 4 5 5 7 7 4 6 4 7 7 6 7 5 8 6 9 8 6 9 5 4 6 10 7 8 8 5 5 4 10 5 7 8 3 5 6 3 8 8 4 1 5 8 3 3 7 4 5 8 7 6 5 0 7 6 4 4 6 
8 7 13 5 7 9 4 6 12 14 6 12 15 9 11 5 8 11 15 10 10 1 16 13 6 13 8 10 13 10 11 9 12 8 11 6 11 8 10 7 12 10 15 13 11 4 7 11 0 8 14 10 11 18 12 12 11 12 6 9 12 10 19 11 9 8 5 10 11 10 8 11 20 8 9 5 8 12 8 11 9 15 9 10 9 11 4 13 8 11 12 7 13 14 3 9 9 4 11 10 12 11 9 3 12 7 12 7 18 12 16 12 9 12 11 9 11 10 14 15 9 11 2 8 16 7 10 11 12 13 15 14 13 11 6 14 10 11 15 6 11 13 9 8 10 9 9 7 11 9 9 6 9 11 14 9 7 10 10 17 6 6 7 11 14 9 13 9 18 9 11 8 8 11 7 12 9 7 6 14 8 8 11 12 12 15 10 6 9 14 10 10 10 11 11 11 12 9 8 12 
10 9 3 15 12 6 1 10 0 9 10 3 8 9 10 12 12 13 7 6 7 0 3 11 7 13 8 5 11 12 9 4 10 10 8 14 14 13 9 7 8 7 7 4 6 4 14 12 11 13 9 8 10 11 12 11 12 10 7 9 9 9 12 9 9 4 9 6 8 14 7 7 7 9 13 11 11 12 7 9 9 10 11 7 13 15 14 4 10 7 9 11 13 10 7 13 8 11 7 8 13 10 10 6 9 12 8 11 10 3 10 7 8 7 14 13 12 12 13 14 4 7 11 12 9 12 10 5 10 8 4 7 12 9 8 10 8 11 7 9 8 8 13 11 10 7 4 8 9 15 15 14 7 7 6 8 12 13 10 10 5 6 10 13 10 4 17 12 10 10 11 9 8 7 10 6 5 4 16 8 5 11 8 11 7 7 8 8 6 7 7 16 7 8 13 11 9 10 12 16 
10 11 12 9 13 5 13 9 18 14 8 13 11 6 6 13 7 13 8 16 12 11 7 11 10 12 6 6 14 9 15 10 11 12 13 14 9 13 9 4 8 8 7 8 16 12 4 10 8 11 6 13 6 9 6 14 13 9 14 5 13 15 13 12 11 7 4 7 15 11 10 7 13 13 6 8 10 16 11 11 9 12 15 10 8 7 9 10 8 3 4 9 7 6 15 14 12 10 10 6 8 7 5 6 10 10 7 9 10 11 14 7 10 4 11 9 1 12 11 8 13 12 11 7 6 10 5 8 8 11 10 7 9 9 10 7 11 7 11 10 11 13 14 9 9 15 11 9 17 13 11 7 7 7 8 8 10 10 13 7 8 12 10 8 10 8 13 14 12 2 11 10 4 9 12 8 13 9 6 15 8 12 10 13 6 8 14 12 16 16 6 13 15 10 9 15 12 5 13 12 
3 4 5 6 2 4 5 5 3 3 7 7 3 5 3 3 5 3 7 4 5 2 6 5 2 3 2 3 2 6 3 2 2 5 5 2 4 6 6 2 3 5 4 5 5 7 5 5 4 4 5 5 4 4 4 3 4 1 6 5 3 3 5 2 3 6 3 4 4 3 2 4 2 3 5 7 3 4 6 2 4 5 2 5 5 6 1 5 3 0 7 4 3 6 3 4 6 2 3 3 5 6 3 3 5 5 4 0 3 3 4 3 3 4 5 4 5 5 3 3 3 3 5 5 3 7 3 4 6 4 5 3 4 6 2 4 3 3 6 3 4 4 4 3 2 6 3 5 4 4 3 4 3 4 5 6 4 4 5 2 5 3 3 1 5 1 2 4 3 3 5 5 3 2 3 4 5 4 8 6 4 6 4 5 3 4 2 5 4 4 4 4 3 5 3 6 3 4 4 4 
7 5 6 5 4 5 6 4 5 5 4 3 6 4 3 3 5 3 3 2 2 3 5 2 5 4 2 5 3 7 2 4 4 5 3 6 5 6 3 3 4 5 3 5 3 4 3 5 3 4 3 5 4 3 5 5 1 2 4 4 6 3 4 3 5 3 5 5 4 4 5 4 7 4 4 4 3 6 3 7 6 5 5 3 3 3 4 4 4 3 3 5 6 4 3 5 4 1 4 5 2 2 5 5 6 7 4 5 6 5 5 4 4 4 4 4 6 5 5 5 4 6 1 5 5 3 2 6 3 5 4 2 7 4 4 4 4 2 5 2 1 4 5 3 5 2 4 5 5 4 5 3 5 3 3 5 4 5 4 1 4 3 6 2 2 7 4 5 5 3 4 6 4 4 5 3 5 6 4 5 3 4 3 5 3 5 5 5 7 4 7 4 2 2 6 3 5 6 5 3 
11 6 5 12 6 8 8 11 10 8 10 6 8 10 6 7 8 15 12 15 9 9 10 8 8 8 10 7 8 10 6 8 9 4 10 12 5 9 8 8 9 10 8 10 6 8 6 11 10 7 14 9 4 8 8 12 8 5 9 9 10 11 11 11 4 4 6 7 10 9 8 8 8 8 3 7 14 11 2 5 9 6 3 5 5 5 8 4 12 11 7 9 11 5 7 10 6 11 6 9 7 8 9 10 6 8 1 9 5 3 10 7 9 7 7 6 9 10 10 5 6 7 3 2 10 8 5 3 10 12 8 12 11 7 13 13 10 6 10 8 5 6 6 8 11 5 11 7 5 11 9 6 8 7 10 6 8 5 5 6 10 11 12 8 12 10 7 8 8 8 8 10 8 11 6 7 11 11 8 11 10 8 4 11 6 9 6 7 8 7 9 9 10 8 9 11 10 6 4 5 
3 2 2 2 2 2 3 2 2 2 3 3 1 2 4 2 1 2 2 2 1 1 2 2 2 2 2 3 3 2 2 2 3 2 2 3 3 2 2 1 2 3 3 2 2 3 2 1 2 1 2 2 1 2 2 3 2 2 1 2 3 2 2 0 2 1 1 1 3 2 2 1 2 2 2 3 2 1 2 3 2 2 2 2 1 1 2 2 2 3 2 3 2 1 2 2 2 2 3 2 1 1 2 2 2 2 2 3 2 1 3 2 2 3 3 2 2 3 2 2 2 2 1 2 2 2 3 2 1 2 2 3 1 3 2 2 2 2 1 2 1 2 3 3 0 2 2 2 3 2 2 3 1 2 1 2 2 2 3 3 2 2 2 2 2 2 2 1 2 3 2 1 2 2 3 2 2 1 3 3 1 1 3 4 0 2 2 2 1 2 1 2 2 2 3 2 3 2 1 2 
11 8 8 3 7 11 8 11 8 10 6 8 16 1 6 7 13 5 13 9 4 6 13 8 9 11 13 10 13 5 6 8 13 9 6 7 9 12 17 7 11 12 11 5 9 5 11 5 7 8 13 10 10 10 16 9 9 8 4 10 6 6 3 8 11 11 11 8 8 6 5 6 10 10 6 9 8 8 6 11 5 10 10 14 10 8 16 9 8 5 6 12 7 4 6 17 10 8 7 6 14 13 4 4 6 11 9 7 13 11 9 8 11 10 10 10 5 11 10 11 10 14 10 10 7 4 7 9 10 12 3 8 6 11 10 9 6 2 8 8 8 8 12 11 13 9 4 12 10 8 8 4 11 8 6 5 11 10 8 8 7 8 12 5 18 12 9 6 9 6 7 6 7 9 10 10 4 3 8 6 8 5 9 10 13 9 10 7 6 7 10 5 12 6 8 7 10 16 10 6 
3 5 3 5 6 7 6 6 7 3 5 4 7 5 6 5 4 6 5 6 7 3 6 3 5 5 7 5 5 6 4 3 6 5 7 7 2 4 5 6 5 7 6 5 3 7 5 6 4 5 4 4 6 5 3 6 6 7 3 8 0 7 7 6 5 3 5 5 1 3 4 6 7 6 5 8 4 7 4 4 6 6 7 5 5 1 4 5 5 2 3 4 6 4 5 1 3 6 6 7 6 5 3 5 6 3 6 4 4 8 3 5 5 5 6 7 2 5 6 7 4 9 4 5 5 2 4 4 4 4 8 7 6 3 6 4 4 4 4 4 5 4 7 1 6 2 7 4 4 4 5 5 5 7 5 2 5 7 4 6 6 5 3 5 6 5 2 5 6 6 4 5 2 6 4 3 4 6 7 8 2 7 4 4 7 5 6 3 6 3 4 4 7 7 5 4 6 3 5 3 
4 5 6 2 3 4 6 5 6 6 4 3 3 2 4 3 4 3 4 4 4 4 5 5 6 3 3 3 5 5 3 2 3 3 4 5 4 3 6 5 3 6 3 6 6 2 6 5 3 3 5 7 3 5 5 4 2 6 3 3 4 4 3 4 5 5 6 4 4 5 3 6 7 4 5 6 2 2 3 6 4 2 2 2 3 4 6 5 5 4 3 5 3 2 5 4 5 5 4 5 4 3 3 2 4 2 4 5 4 4 5 1 6 3 3 3 3 4 4 4 4 4 6 4 4 3 6 6 3 5 4 4 4 3 5 5 6 5 3 3 5 6 5 4 4 4 3 4 6 5 4 5 6 2 5 3 6 5 5 6 5 5 3 3 5 4 4 3 4 4 6 5 4 4 2 5 4 4 2 2 5 2 5 4 3 4 2 5 4 6 3 2 5 1 6 5 2 4 6 6 
1 1 1 1 1 1 1 1 1 1 1 2 1 1 1 1 1 1 1 1 1 2 1 1 1 1 1 1 1 1 1 1 1 1 1 1 1 1 1 2 1 1 1 1 1 2 1 1 1 1 1 1 1 1 0 0 1 1 1 1 1 1 2 1 1 0 1 1 2 1 1 2 0 1 1 0 1 1 1 1 1 1 1 1 1 1 1 0 1 1 1 1 1 1 1 1 1 1 1 1 1 1 1 1 1 1 1 1 1 1 1 1 1 1 1 1 1 1 1 1 1 1 1 1 1 1 1 1 1 1 1 1 1 1 1 1 1 1 1 1 1 1 1 1 1 1 1 2 1 1 1 1 1 1 1 1 2 1 0 1 1 1 1 1 1 1 1 1 1 1 1 1 1 2 1 1 1 1 0 1 1 1 2 1 1 1 0 1 1 1 1 1 1 1 1 1 0 1 1 0 
3 5 1 3 3 2 1 4 1 3 3 3 5 3 2 2 3 1 3 4 3 3 3 3 4 3 2 2 3 4 4 4 5 2 4 4 4 5 5 3 2 2 2 2 4 4 2 3 3 3 2 4 3 2 3 2 2 5 2 4 5 4 3 3 2 3 5 4 2 3 2 3 5 2 3 3 4 4 4 2 6 1 4 2 4 4 4 4 1 3 3 3 3 3 3 4 2 2 3 3 4 3 3 4 3 4 2 3 3 2 2 3 2 2 4 3 3 2 3 5 3 2 4 2 2 3 2 4 2 5 4 4 3 3 4 1 3 3 2 4 3 4 1 3 3 3 5 3 3 3 2 3 3 2 3 3 2 4 2 4 4 3 3 4 3 2 3 3 2 6 3 3 4 2 4 5 3 2 3 3 3 2 4 3 4 4 4 2 3 3 4 3 0 2 2 2 3 1 1 3 
4 5 6 4 5 5 4 1 3 7 3 5 4 6 3 6 4 5 2 2 4 4 5 4 6 3 4 3 3 6 8 6 4 3 4 4 4 3 4 4 5 4 4 4 4 5 3 4 6 5 4 6 3 3 6 4 5 0 1 4 4 2 5 2 5 4 4 4 3 3 3 2 4 3 5 2 2 3 5 6 3 4 4 1 5 5 6 4 4 1 3 3 5 3 6 6 3 3 6 3 6 5 7 3 5 4 4 4 2 4 4 2 6 4 3 3 3 4 5 3 3 4 5 4 4 4 6 3 2 3 2 3 3 3 3 5 4 6 3 6 3 5 3 4 2 5 4 2 6 4 4 6 6 5 5 4 5 5 4 4 5 6 7 5 5 4 4 4 3 5 3 4 5 3 3 3 3 4 6 2 4 6 6 1 3 4 5 5 6 4 3 3 3 5 5 3 4 2 5 5 
3 4 3 4 6 6 5 4 5 4 4 2 7 3 6 3 4 4 5 5 4 4 5 6 4 4 6 6 3 6 5 4 2 2 1 3 5 3 4 3 5 5 1 3 5 3 2 6 4 4 5 4 5 2 5 5 4 3 5 2 5 4 6 6 2 3 5 6 4 3 4 2 5 4 3 6 3 5 2 3 5 4 4 5 4 3 2 6 2 4 5 5 5 4 4 6 4 4 4 4 4 5 2 3 4 3 4 6 1 4 3 4 5 4 3 3 5 1 4 3 4 4 4 2 1 5 3 4 4 3 2 2 5 3 4 6 6 5 2 3 3 4 3 5 6 5 4 3 4 5 6 5 4 3 4 5 5 6 6 5 5 5 6 6 3 2 0 5 5 3 5 4 5 5 2 4 3 4 4 3 2 2 4 3 2 5 4 6 5 3 6 4 5 3 5 3 1 9 5 7 
3 3 5 8 5 4 3 5 3 5 5 2 4 5 3 4 2 7 4 5 4 3 6 5 6 5 5 5 5 3 3 3 3 1 5 3 3 6 4 5 3 7 5 6 5 3 3 4 3 3 3 7 4 4 2 3 2 4 2 3 2 7 8 3 2 3 4 5 2 4 3 5 4 3 3 3 5 2 3 4 4 4 4 6 4 4 5 1 2 6 8 5 4 4 5 4 2 5 3 1 3 4 6 5 3 3 4 2 4 5 4 7 5 6 2 4 3 7 2 4 3 3 5 4 5 5 6 5 4 4 4 3 6 5 6 4 5 4 5 4 2 4 2 3 4 5 5 4 3 4 7 2 3 4 4 5 3 4 4 5 4 3 4 5 5 3 4 5 3 7 3 5 6 5 3 7 7 4 5 5 4 4 4 3 4 5 3 5 5 5 2 3 5 2 4 4 1 4 4 4 
1 1 1 1 1 1 2 1 1 1 2 1 1 1 1 1 1 1 1 1 0 1 1 1 1 1 1 1 0 2 1 1 1 1 1 1 1 1 1 1 1 1 1 1 1 1 2 1 1 1 0 1 1 1 1 1 1 1 1 1 1 2 1 1 1 1 0 1 1 1 1 1 1 1 0 1 1 1 1 1 1 1 1 1 1 1 1 1 1 1 1 1 1 1 1 1 1 1 0 1 1 1 2 1 1 1 1 1 1 1 1 1 1 1 1 1 1 1 1 1 1 1 0 1 1 1 1 1 1 2 1 1 1 1 1 1 1 1 0 1 1 1 1 1 2 1 1 1 2 1 1 1 1 2 0 1 1 0 1 1 1 1 1 1 1 1 1 1 1 1 1 1 1 1 1 1 0 1 1 1 1 1 0 1 1 1 1 1 1 1 1 1 1 1 1 1 1 1 0 1 
7 10 10 13 10 7 9 11 10 10 9 9 4 12 8 7 7 9 3 13 7 6 5 11 11 8 10 8 6 12 5 11 5 7 7 10 5 3 9 5 11 7 4 7 13 5 14 10 1 10 8 7 6 4 12 11 7 8 4 12 8 5 8 12 7 10 10 10 8 6 9 1 5 6 4 2 11 8 6 3 10 6 7 7 12 13 11 8 9 7 7 1 9 10 8 10 12 2 10 7 10 9 2 4 9 8 8 7 4 12 14 7 9 12 5 8 3 4 4 4 7 10 9 7 7 7 7 10 5 8 6 10 9 3 8 12 10 9 9 9 7 5 11 8 9 11 10 5 11 8 9 6 11 8 11 6 6 4 7 8 8 8 12 8 7 9 10 11 6 9 10 8 4 12 11 11 7 4 10 4 10 4 12 7 10 6 7 7 8 7 9 7 7 9 9 10 10 8 6 10 
7 9 4 4 7 2 5 7 6 6 5 6 4 5 5 3 4 4 6 4 6 3 7 5 4 6 5 4 9 8 3 5 5 8 2 4 4 4 6 5 3 3 5 7 5 6 4 5 5 4 3 6 5 2 6 2 4 7 6 4 8 6 6 7 5 4 7 2 4 6 6 8 4 2 5 5 5 3 5 11 7 8 3 3 5 5 6 5 3 3 3 9 4 5 8 4 5 3 6 7 1 6 5 6 5 7 5 8 8 5 3 4 6 6 4 5 6 5 7 6 5 2 6 6 3 3 4 5 7 4 3 5 5 4 3 4 3 6 6 5 5 4 2 6 4 5 6 5 5 5 3 2 7 3 5 5 6 8 3 5 5 8 6 4 5 4 6 5 2 4 4 3 7 1 7 4 7 5 3 5 3 5 6 7 7 8 3 3 4 8 3 5 5 7 6 4 4 5 6 1 
4 8 5 8 3 6 5 4 9 4 6 5 5 5 9 9 5 4 6 8 6 5 3 4 4 10 4 4 3 5 7 6 7 2 7 5 3 5 7 6 4 5 6 6 6 4 4 3 7 3 4 6 5 5 8 7 10 8 3 7 6 4 7 3 5 6 12 4 6 5 4 7 6 6 4 4 6 5 4 9 5 5 9 10 3 4 4 7 4 8 6 8 5 6 5 0 9 3 5 5 6 4 10 5 7 4 4 5 4 7 4 3 8 7 7 6 3 5 7 6 4 5 8 7 9 3 9 4 9 5 7 3 8 2 4 4 8 4 6 5 5 3 3 4 9 3 5 7 5 7 7 5 7 6 4 5 6 6 9 7 1 6 5 4 6 5 4 6 5 7 5 5 6 6 3 6 6 7 7 4 8 7 6 7 4 6 6 6 5 5 6 5 5 10 5 4 7 7 3 9 
0 1 1 2 1 1 1 1 1 2 0 1 1 1 1 1 1 1 1 1 1 1 2 1 1 1 1 0 1 2 1 1 1 1 1 1 1 1 1 1 1 1 1 2 1 1 1 1 1 2 1 1 1 1 1 1 1 0 1 2 1 1 2 1 1 1 1 1 1 1 2 1 1 1 1 1 2 1 1 1 1 1 1 2 1 1 1 1 1 1 1 1 1 1 1 1 0 1 1 1 1 1 1 1 1 1 1 1 1 1 1 1 1 1 1 2 1 1 1 1 1 1 1 1 1 1 2 1 1 1 1 1 1 1 1 1 1 1 1 1 1 1 1 1 1 1 0 1 1 0 1 1 1 1 1 1 1 1 1 1 1 2 1 1 1 1 1 1 1 2 1 2 1 0 1 1 1 1 1 1 1 2 1 0 1 1 1 1 2 0 1 2 2 1 1 1 1 1 1 1 
6 10 9 6 11 12 8 8 10 11 10 9 4 8 11 4 8 12 2 7 10 10 7 9 8 6 5 6 4 8 6 6 8 7 10 7 5 9 10 7 8 6 8 7 11 6 10 8 10 14 6 10 3 7 7 7 7 9 6 6 8 7 7 10 12 7 7 10 9 8 10 12 2 11 7 4 5 9 11 11 6 2 9 9 5 9 7 9 7 8 9 5 3 5 10 5 8 7 9 3 7 7 8 6 10 6 10 9 10 7 11 1 6 11 9 10 9 9 13 6 6 6 8 9 0 10 11 14 13 9 7 9 7 9 10 3 9 7 8 10 10 12 8 7 9 10 8 6 15 13 7 10 10 10 10 7 6 3 9 7 11 1 7 7 9 10 12 4 6 14 15 4 13 13 6 3 6 8 10 7 9 5 12 10 7 11 11 10 4 10 7 2 5 9 9 11 8 11 8 9 
5 6 8 3 7 6 5 4 10 3 6 6 6 7 5 8 5 8 3 8 3 5 3 6 5 6 6 5 4 6 6 6 4 3 3 4 5 6 5 6 7 4 4 6 6 2 6 6 6 2 3 3 6 6 4 2 7 5 5 5 1 5 2 5 4 6 2 6 7 5 2 3 4 4 0 7 5 3 5 5 4 5 8 7 5 9 7 6 7 5 1 1 6 4 7 9 6 6 3 4 3 4 3 7 5 9 4 6 4 7 5 4 3 8 5 9 4 6 7 6 3 6 3 4 4 6 5 5 5 6 7 5 4 5 3 5 5 6 4 3 4 4 4 5 4 4 6 6 4 11 7 7 5 5 3 5 2 1 0 5 6 5 4 3 10 4 5 4 4 5 5 8 4 5 5 4 3 5 5 3 4 4 4 4 3 5 6 4 7 6 4 5 7 3 3 4 5 5 7 3 
14 9 8 10 13 11 12 11 7 2 11 19 12 9 9 10 12 7 9 16 14 8 13 10 4 5 5 13 10 6 5 8 7 5 9 8 5 7 8 0 7 7 7 9 8 5 10 13 15 2 7 12 10 5 7 10 6 9 8 8 5 6 9 11 8 11 7 9 12 11 9 4 12 11 9 10 5 7 9 9 15 13 8 6 9 11 4 9 12 6 13 13 8 7 12 9 16 10 10 12 13 7 11 14 12 12 9 10 13 6 12 7 11 10 14 9 6 4 14 0 10 8 10 9 11 6 12 6 5 3 15 11 8 13 8 7 9 8 13 9 12 0 8 10 10 18 9 12 11 10 12 8 11 9 9 14 12 8 7 5 16 7 3 10 9 8 5 13 9 12 10 9 8 10 4 8 7 7 11 10 11 10 9 16 7 14 9 17 6 9 7 9 11 11 8 11 8 5 13 11 
4 5 6 3 5 5 6 6 6 7 4 7 3 5 4 4 4 3 5 4 7 3 4 4 3 5 4 5 4 2 4 8 5 4 6 8 5 3 3 5 5 6 4 4 8 5 9 7 6 2 3 6 5 5 6 6 4 5 6 5 6 7 6 5 3 2 5 5 2 5 5 2 6 8 5 7 1 6 5 6 6 6 6 5 6 4 7 3 4 5 4 7 3 6 7 6 8 6 6 4 5 7 4 10 5 5 5 6 8 7 2 7 4 7 3 4 5 6 9 6 6 3 10 6 7 4 5 2 5 5 6 6 6 7 3 4 5 6 5 7 5 5 7 7 6 5 4 6 5 5 1 6 6 2 6 2 5 4 8 5 3 2 7 2 6 6 7 4 5 6 4 4 3 4 5 7 5 3 4 5 2 5 5 7 7 4 5 3 6 5 6 7 4 2 6 4 4 5 5 6 
