NAME  : Jabali_50_3_0.88_1_0
TYPE : SVRP
MODEL : FINITE_SUPPORT
NUMBER_OF_SCENARIOS : 200
DIMENSION : 50
EDGE_WEIGHT_TYPE : MATRIX
CAPACITY : 103
N_VEHICLES : 3
NODE_COORD_SECTION
1 4910 3521
2 155 2802
3 1531 5621
4 4789 59
5 4002 663
6 3689 8513
7 6039 4183
8 5165 6095
9 4411 2500
10 9129 4855
11 6074 797
12 809 4480
13 4102 4196
14 4397 5567
15 3613 8114
16 1278 3634
17 5220 1374
18 1963 2604
19 6313 5213
20 5774 1832
21 6083 1673
22 8234 5396
23 3752 3758
24 5128 7055
25 3555 7153
26 6237 1996
27 8852 3804
28 27 3565
29 1688 5686
30 3778 2918
31 1402 4455
32 4195 4657
33 7164 2248
34 2024 3196
35 3422 762
36 740 5082
37 5395 5417
38 5757 6011
39 811 4697
40 6467 3716
41 2602 1926
42 4670 1792
43 3274 4134
44 6224 18
45 4467 69
46 5264 4107
47 4980 3513
48 717 4013
49 2635 3177
50 4052 8482
DEMAND_SECTION
1 0.0
2 7.0
3 1.0
4 9.0
5 2.0
6 6.0
7 9.0
8 9.0
9 2.0
10 5.0
11 10.0
12 7.0
13 2.0
14 4.0
15 9.0
16 9.0
17 8.0
18 3.0
19 4.0
20 10.0
21 1.0
22 3.0
23 3.0
24 3.0
25 3.0
26 5.0
27 6.0
28 7.0
29 4.0
30 2.0
31 6.0
32 5.0
33 5.0
34 7.0
35 7.0
36 10.0
37 1.0
38 3.0
39 3.0
40 9.0
41 5.0
42 2.0
43 8.0
44 10.0
45 4.0
46 3.0
47 5.0
48 7.0
49 10.0
50 8.0
DEVIATION_SECTION
1 0.0
2 2.33333
3 0.333333
4 3.0
5 0.666667
6 2.0
7 3.0
8 3.0
9 0.666667
10 1.66667
11 3.33333
12 2.33333
13 0.666667
14 1.33333
15 3.0
16 3.0
17 2.66667
18 1.0
19 1.33333
20 3.33333
21 0.333333
22 1.0
23 1.0
24 1.0
25 1.0
26 1.66667
27 2.0
28 2.33333
29 1.33333
30 0.666667
31 2.0
32 1.66667
33 1.66667
34 2.33333
35 2.33333
36 3.33333
37 0.333333
38 1.0
39 1.0
40 3.0
41 1.66667
42 0.666667
43 2.66667
44 3.33333
45 1.33333
46 1.0
47 1.66667
48 2.33333
49 3.33333
50 2.66667
DISTANCE_MATRIX
0.0 75.1482 58.6474 48.3205 41.7852 67.1289 19.4165 34.176 15.2315 63.0317 46.3601 62.7735 17.4646 26.8782 64.4107 57.2336 33.8708 40.3637 30.8058 32.3202 34.3763 54.7083 24.1667 47.0106 51.5764 31.1212 56.9504 73.6869 57.8478 16.5242 55.1595 18.0951 35.6891 49.5099 42.7551 64.9079 26.4764 35.3553 63.0187 23.6008 36.7138 25.0615 28.2879 56.9816 48.0643 9.48683 0.0 63.7442 31.3356 67.3381 
75.1482 0.0 42.0119 74.027 61.0328 90.0056 81.8523 80.5295 58.5918 124.965 84.6463 24.1868 58.0517 67.5426 91.1976 18.7883 70.8802 25.0799 88.6279 76.0097 79.9808 114.978 53.0754 88.3577 74.4312 81.3609 120.822 10.0 43.0 50.3964 27.2947 59.0937 91.3658 26.2488 54.0093 30.8058 79.3216 86.752 26.3059 86.4099 35.5106 62.2977 46.8615 91.0824 71.0 72.2993 75.1482 18.0278 34.2053 87.023 
58.6474 42.0119 0.0 85.0 73.7835 48.0416 68.8272 47.8717 55.9302 105.427 86.6847 18.1108 42.0757 40.5429 49.4975 26.5707 72.73 40.0 66.5429 76.949 80.9201 90.4788 40.4475 50.4777 33.2415 84.0265 104.87 34.3657 1.41421 46.8803 15.8114 42.4969 88.5943 32.6497 69.814 13.4164 53.9593 55.4696 16.2788 70.663 50.9117 63.9062 31.5753 95.4189 83.3547 55.7986 58.6474 24.0 35.0 45.0111 
48.3205 74.027 85.0 0.0 13.0 115.425 57.5674 82.3546 33.3017 87.1321 20.6155 80.0812 65.3046 75.1741 112.707 67.6831 18.9737 51.6236 72.1249 27.2947 28.0 86.0 50.4403 95.2733 99.5974 32.0156 74.2159 80.2247 84.5991 41.0 74.3303 65.935 45.0444 56.0446 20.2237 85.703 73.4415 81.124 81.6088 53.7587 39.2046 23.4307 55.6058 20.0 3.60555 55.6725 48.3205 76.6877 50.6952 115.97 
41.7852 61.0328 73.7835 13.0 0.0 107.581 55.1453 75.9605 26.5707 90.1388 28.3196 67.6757 47.8731 67.9468 105.749 55.0818 19.3132 38.833 69.4915 28.4605 30.8707 86.977 41.0508 88.7854 90.2079 34.176 78.3901 67.2681 73.4983 31.6105 62.2415 54.0199 46.3275 43.6578 7.61577 73.5391 68.0074 76.6551 69.2892 53.1507 26.3059 18.1108 46.0109 31.3847 10.198 49.4773 41.7852 64.0312 38.9487 106.58 
67.1289 90.0056 48.0416 115.425 107.581 0.0 65.0 37.1214 82.3599 87.023 106.496 66.1211 60.9025 40.3113 5.09902 73.3348 100.975 82.9699 55.3624 92.4556 94.5117 73.0274 67.2371 26.6833 17.4642 91.214 92.3959 82.2982 47.0106 77.971 63.0714 54.2397 95.6198 75.4321 105.428 60.531 46.1411 42.3792 64.195 72.9452 90.8208 92.1657 61.2944 117.117 115.92 62.482 67.1289 72.0278 74.0945 4.24264 
19.4165 81.8523 68.8272 57.5674 55.1453 65.0 0.0 28.0179 30.4138 43.8406 43.8292 69.4776 24.1687 28.2843 61.2944 63.9377 38.6005 59.2778 14.5602 30.8707 31.9061 35.3553 30.8708 40.3609 51.8652 28.0179 38.9102 80.391 67.4264 35.4384 61.8635 24.6982 32.2413 56.214 58.0775 71.0835 18.868 24.8395 69.1944 8.24621 55.5428 37.054 34.992 54.2627 58.6941 10.6301 19.4165 70.4483 49.2026 66.1891 
34.176 80.5295 47.8717 82.3546 75.9605 37.1214 28.0179 0.0 49.3964 56.0446 70.7672 62.3794 30.4138 13.0 33.2866 61.7414 63.5483 64.0042 19.105 56.8509 58.7282 42.72 37.3363 13.0384 26.0192 55.1543 58.0086 76.392 46.4709 48.676 55.2275 25.0 59.4291 57.911 76.7443 61.132 9.21954 7.61577 61.9704 35.8469 67.0075 59.0955 37.2156 81.3449 82.0983 27.4591 34.176 65.3494 52.469 38.6264 
15.2315 58.5918 55.9302 33.3017 26.5707 82.3599 30.4138 49.3964 0.0 71.7053 32.8102 55.0943 32.6956 42.1093 79.6418 45.1221 18.8556 33.6155 44.0114 23.0746 27.0456 64.9201 20.4902 62.2417 69.6473 28.4258 71.4012 61.0328 55.3599 11.0499 48.063 33.3261 38.4307 33.5261 28.0713 59.2129 41.4849 50.2195 56.0499 31.4878 27.0185 10.0463 25.6704 41.5445 33.0151 23.1948 15.2315 53.7587 25.7099 82.5691 
63.0317 124.965 105.427 87.1321 90.1388 87.023 43.8406 56.0446 71.7053 0.0 67.2681 112.527 67.2815 64.8845 82.0549 107.051 70.8802 102.041 38.9102 61.6847 59.6657 14.0 73.9836 61.131 81.2158 56.0446 14.5602 123.504 104.027 78.201 104.913 67.2012 44.0114 99.3268 95.2958 114.731 51.4782 48.5077 113.983 40.2244 97.8009 74.2363 78.1048 74.027 89.627 54.4518 63.0317 113.498 92.3154 90.0056 
46.3601 84.6463 86.6847 20.6155 28.3196 106.496 43.8292 70.7672 32.8102 67.2681 0.0 85.0529 58.0826 66.9045 103.336 74.108 14.0357 60.0167 57.9301 14.4222 12.0416 67.4759 51.2517 83.6301 91.594 15.8114 53.9351 88.955 86.0983 41.8114 78.3385 58.713 27.8568 62.1289 35.609 89.6297 61.6198 68.6003 86.2046 38.5287 49.3356 23.0217 56.4319 10.6301 23.7065 44.0894 46.3601 83.0542 55.0 107.078 
62.7735 24.1868 18.1108 80.0812 67.6757 66.1211 69.4776 62.3794 55.0943 112.527 85.0529 0.0 46.2017 49.5076 67.6018 13.0384 71.1126 29.5296 75.5076 75.3393 79.3103 101.986 43.6807 67.1402 51.1957 80.6905 108.386 16.2788 19.2354 46.0444 7.61577 46.6229 92.7204 24.0416 62.2415 7.2111 62.924 68.6524 2.23607 76.4618 42.0476 62.1289 35.1141 93.5361 77.7946 59.9246 62.7735 6.32456 30.1496 63.0079 
17.4646 58.0517 42.0757 65.3046 47.8731 60.9025 24.1687 30.4138 32.6956 67.2815 58.0826 46.2017 0.0 20.5913 58.3934 40.4599 51.3108 36.6742 31.3223 44.0427 46.0987 57.2947 7.0 42.72 45.2894 42.8436 63.0775 57.0088 41.2761 18.2627 38.5877 7.07107 47.4115 32.2025 46.8092 48.3361 24.0832 33.0606 46.447 31.153 37.2156 42.5015 11.4018 73.9997 65.4172 14.6158 17.4646 47.1699 25.0599 61.0511 
26.8782 67.5426 40.5429 75.1741 67.9468 40.3113 28.2843 13.0 42.1093 64.8845 66.9045 49.5076 20.5913 0.0 37.8021 48.7545 60.7244 51.3517 26.0 52.8646 54.9206 52.4786 26.9258 23.0868 24.6982 51.6655 64.3273 63.5201 39.1421 38.3363 42.3556 13.9284 56.2302 44.911 66.8829 49.8465 13.4164 19.2094 49.0985 36.4966 55.3263 51.9151 25.02 77.526 74.8308 22.8254 26.8782 52.4776 40.05 40.4599 
64.4107 91.1976 49.4975 112.707 105.749 5.09902 61.2944 33.2866 79.6418 82.0549 103.336 67.6018 58.3934 37.8021 0.0 74.027 98.2569 82.8563 51.0784 89.2959 91.351 68.0661 64.7279 22.1359 17.1172 87.9659 87.6641 83.863 48.3735 76.1384 64.0312 51.7305 92.3159 75.3341 104.18 62.3699 42.4382 38.0789 65.7647 69.1158 89.8109 89.4476 60.1083 113.957 112.363 59.4138 64.4107 73.3348 73.0915 8.94427 
57.2336 18.7883 26.5707 67.6831 55.0818 73.3348 63.9377 61.7414 45.1221 107.051 74.108 13.0384 40.4599 48.7545 74.027 0.0 60.075 16.5529 70.6173 64.4273 68.3984 97.0147 36.3593 69.6593 57.0 69.7785 102.908 16.6433 27.2029 36.171 10.7703 41.083 83.3628 12.0 49.3964 19.8494 62.1709 67.9639 15.0 70.922 29.1548 51.0882 29.0689 82.0549 65.2534 54.3848 57.2336 9.05539 19.4165 70.7107 
33.8708 70.8802 72.73 18.9737 19.3132 100.975 38.6005 63.5483 18.8556 70.8802 14.0357 71.1126 51.3108 60.7244 98.2569 60.075 0.0 46.0977 53.1601 9.21954 11.6619 68.2705 37.2971 76.5167 86.4542 14.8661 59.0931 74.9667 72.1436 27.8567 64.3817 51.9412 27.2947 48.0937 25.2389 75.6637 54.5159 62.1985 72.2496 35.1283 35.8469 9.0 42.4772 22.8035 20.2237 36.747 33.8708 69.029 41.0122 102.827 
40.3637 25.0799 40.0 51.6236 38.833 82.9699 59.2778 64.0042 33.6155 102.041 60.0167 29.5296 36.6742 51.3517 82.8563 16.5529 46.0977 0.0 67.9897 50.9995 54.9705 93.9621 30.5287 74.108 65.7764 56.3507 95.5064 29.0689 40.2244 25.8395 25.4951 39.5601 66.3556 7.61577 32.8938 36.0555 59.7746 68.4105 31.3847 61.853 12.6491 37.3631 26.9258 67.1193 49.0306 51.2832 40.3637 25.2982 11.7047 80.9568 
30.8058 88.6279 66.5429 72.1249 69.4915 55.3624 14.5602 19.105 44.0114 38.9102 57.9301 75.5076 31.3223 26.0 51.0784 70.6173 53.1601 67.9897 0.0 45.31 46.0652 27.0185 38.0244 29.0689 45.0999 42.1214 39.1152 87.0706 65.1421 47.3249 68.3556 29.8329 46.341 63.2851 72.0069 75.8465 12.6491 13.0 75.0985 20.0 67.5146 51.3858 41.8808 68.3624 73.2462 21.3776 30.8058 77.1279 56.356 57.28 
32.3202 76.0097 76.949 27.2947 28.4605 92.4556 30.8707 56.8509 23.0746 61.6847 14.4222 75.3393 44.0427 52.8646 89.2959 64.4273 9.21954 50.9995 45.31 0.0 4.12311 59.1354 41.516 69.814 77.5541 5.83095 50.0899 79.5916 76.3626 32.0757 68.6029 44.6731 18.1108 52.4799 34.0 79.8941 47.8017 55.2268 76.4689 26.4764 41.8808 14.2127 46.6962 25.0 29.0172 30.0495 32.3202 73.3419 45.2643 93.0379 
34.3763 79.9808 80.9201 28.0 30.8707 94.5117 31.9061 58.7282 27.0456 59.6657 12.0416 79.3103 46.0987 54.9206 91.351 68.3984 11.6619 54.9705 46.0652 4.12311 0.0 58.0 45.4871 71.5891 79.6101 4.12311 47.5395 83.5627 80.3337 36.0468 72.5739 46.7292 17.1172 56.451 36.8917 83.8651 49.5782 56.6127 80.44 26.6643 45.793 18.0278 50.6673 22.6274 30.1496 32.1055 34.3763 77.3129 49.2354 95.0939 
54.7083 114.978 90.4788 86.0 86.977 73.0274 35.3553 42.72 64.9201 14.0 67.4759 101.986 57.2947 52.4786 68.0661 97.0147 68.2705 93.9621 27.0185 59.1354 58.0 0.0 63.9968 47.1699 67.4685 54.0093 22.8035 113.468 89.0781 70.7711 94.8342 56.5685 41.0488 89.34 91.2195 102.325 39.1152 35.1141 101.577 34.2053 90.802 69.6348 68.1175 75.71 88.0511 45.4863 54.7083 103.525 82.3286 76.0066 
24.1667 53.0754 40.4475 50.4403 41.0508 67.2371 30.8708 37.3363 20.4902 73.9836 51.2517 43.6807 7.0 26.9258 64.7279 36.3593 37.2971 30.5287 38.0244 41.516 45.4871 63.9968 0.0 49.4773 52.6179 49.5457 69.8408 53.0 39.7109 11.4403 36.1386 13.0 54.1136 26.8701 39.9869 46.3897 31.0644 40.05 44.1475 37.855 30.2655 28.4681 9.0 59.986 49.389 21.3178 24.1667 43.8634 19.2094 68.9904 
47.0106 88.3577 50.4777 95.2733 88.7854 26.6833 40.3609 13.0384 62.2417 61.131 83.6301 67.1402 42.72 23.0868 22.1359 69.6593 76.5167 74.108 29.0689 69.814 71.5891 47.1699 49.4773 0.0 21.4709 67.9412 65.7647 83.0595 49.0918 60.9083 61.8298 36.6742 72.1878 67.3647 89.4548 63.8122 22.0227 16.1245 65.78 47.8017 78.4092 72.0143 48.1068 94.1754 95.0171 40.4969 47.0106 71.9466 63.0 29.1548 
51.5764 74.4312 33.2415 99.5974 90.2079 17.4642 51.8652 26.0192 69.6473 81.2158 91.594 51.1957 45.2894 24.6982 17.1172 57.0 86.4542 65.7764 45.0999 77.5541 79.6101 67.4685 52.6179 21.4709 0.0 76.3551 84.0 67.4685 32.0156 60.5974 47.1699 38.6266 80.9133 58.2542 88.0543 46.4866 33.7343 33.0606 49.4773 60.0833 73.4454 77.6449 43.9253 102.215 98.5461 47.5079 51.5764 56.7186 56.7191 16.4012 
31.1212 81.3609 84.0265 32.0156 34.176 91.214 28.0179 55.1543 28.4258 56.0446 15.8114 80.6905 42.8436 51.6655 87.9659 69.7785 14.8661 56.3507 42.1214 5.83095 4.12311 54.0093 49.5457 67.9412 76.3551 0.0 44.2832 84.9428 83.2268 37.4269 80.5385 43.4741 13.0384 57.8311 39.8246 90.2869 45.9674 52.8015 88.3977 22.72 47.2426 19.799 53.667 26.2488 34.0588 28.8505 31.1212 78.6931 50.6155 91.8368 
56.9504 120.822 104.87 74.2159 78.3901 92.3959 38.9102 58.0086 71.4012 14.5602 53.9351 108.386 63.0775 64.3273 87.6641 102.908 59.0931 95.5064 39.1152 50.0899 47.5395 22.8035 69.8408 65.7647 84.0 44.2832 0.0 119.361 103.469 71.6669 100.772 63.561 33.6006 94.4367 84.0773 109.736 51.4782 51.0392 108.632 33.6623 90.218 63.2851 73.9621 60.0333 76.922 49.2443 56.9504 109.418 86.4783 94.8947 
73.6869 10.0 34.3657 80.2247 67.2681 82.2982 80.391 76.392 61.0328 123.504 88.955 16.2788 57.0088 63.5201 83.863 16.6433 74.9667 29.0689 87.0706 79.5916 83.5627 113.468 53.0 83.0595 67.4685 84.9428 119.361 0.0 35.5106 52.264 21.4709 57.5363 99.4558 27.5136 60.6712 22.0227 76.9365 82.7295 18.1108 87.3753 41.0488 66.0984 45.607 96.1873 77.4145 70.838 73.6869 11.1803 35.4683 79.1012 
57.8478 43.0 1.41421 84.5991 73.4983 47.0106 67.4264 46.4709 55.3599 104.027 86.0983 19.2354 41.2761 39.1421 48.3735 27.2029 72.1436 40.2244 65.1421 76.3626 80.3337 89.0781 39.7109 49.0918 32.0156 83.2268 103.469 35.5106 0.0 46.31 16.4924 41.6972 87.7947 32.8024 69.6563 14.7648 52.5585 54.0689 17.4642 75.6387 50.9313 63.3246 30.8058 94.8325 83.006 54.999 57.8478 25.02 34.8281 44.0454 
16.5242 50.3964 46.8803 41.0 31.6105 77.971 35.4384 48.676 11.0499 78.201 41.8114 46.0444 18.2627 38.3363 76.1384 36.171 27.8567 25.8395 47.3249 32.0757 36.0468 70.7711 11.4403 60.9083 60.5974 37.4269 71.6669 52.264 46.31 0.0 39.0132 24.4094 49.1918 24.7697 30.5466 50.163 42.0122 51.01 47.0 38.0135 22.1896 19.0278 16.6205 50.5456 39.9487 26.0 16.5242 44.7379 16.8114 76.9699 
55.1595 27.2947 15.8114 74.3303 62.2415 63.0714 61.8635 55.2275 48.063 104.913 78.3385 7.61577 38.5877 42.3556 64.0312 10.7703 64.3817 25.4951 68.3556 68.6029 72.5739 94.8342 36.1386 61.8298 47.1699 80.5385 100.772 21.4709 16.4924 39.0132 0.0 39.0089 85.1064 18.868 57.3062 11.4018 55.772 61.5005 8.06226 68.8478 37.4433 55.4437 27.5136 86.977 72.2357 52.3106 55.1595 10.2956 23.7697 60.2993 
18.0951 59.0937 42.4969 65.935 54.0199 54.2397 24.6982 25.0 33.3261 67.2012 58.713 46.6229 7.07107 13.9284 51.7305 41.083 51.9412 39.5601 29.8329 44.6731 46.7292 56.5685 13.0 36.6742 38.6266 43.4741 63.561 57.5363 41.6972 24.4094 39.0089 0.0 48.042 34.0147 52.956 48.7573 20.2485 28.8617 46.8681 31.7805 42.0119 43.1319 12.6491 69.3345 62.3581 15.1327 18.0951 47.5936 27.8927 54.3882 
35.6891 91.3658 88.5943 45.0444 46.3275 95.6198 32.2413 59.4291 38.4307 44.0114 27.8568 92.7204 47.4115 56.2302 92.3159 83.3628 27.2947 66.3556 46.341 18.1108 17.1172 41.0488 54.1136 72.1878 80.9133 13.0384 33.6006 99.4558 87.7947 49.1918 85.1064 48.042 0.0 71.9615 51.374 94.8548 50.2317 57.0212 92.9656 26.9396 57.2475 30.3146 58.2348 37.5899 47.0106 33.4063 35.6891 93.6911 64.0032 96.3114 
49.5099 26.2488 32.6497 56.0446 43.6578 75.4321 56.214 57.911 33.5261 99.3268 62.1289 24.0416 32.2025 44.911 75.3341 12.0 48.0937 7.61577 63.2851 52.4799 56.451 89.34 26.8701 67.3647 58.2542 57.8311 94.4367 27.5136 32.8024 24.7697 18.868 34.0147 71.9615 0.0 38.4708 29.9666 54.2427 62.7361 25.632 60.7832 18.6011 39.1152 21.4709 70.0643 53.7587 46.6611 49.5099 21.0238 8.06226 73.3757 
42.7551 54.0093 69.814 20.2237 7.61577 105.428 58.0775 76.7443 28.0713 95.2958 35.609 62.2415 46.8092 66.8829 104.18 49.3964 25.2389 32.8938 72.0069 34.0 36.8917 91.2195 39.9869 89.4548 88.0543 39.8246 84.0773 60.6712 69.6563 30.5466 57.3062 52.956 51.374 38.4708 0.0 68.4251 69.2315 78.0897 63.9766 57.0701 20.2485 21.587 44.1022 39.0 17.0294 51.2445 42.7551 58.1893 34.8281 104.427 
64.9079 30.8058 13.4164 85.703 73.5391 60.531 71.0835 61.132 59.2129 114.731 89.6297 7.2111 48.3361 49.8465 62.3699 19.8494 75.6637 36.0555 75.8465 79.8941 83.8651 102.325 46.3897 63.8122 46.4866 90.2869 109.736 22.0227 14.7648 50.163 11.4018 48.7573 94.8548 29.9666 68.4251 0.0 63.2629 68.7299 5.0 78.5962 48.3735 66.7533 37.4833 98.3107 83.5703 62.059 64.9079 13.4164 35.171 57.2189 
26.4764 79.3216 53.9593 73.4415 68.0074 46.1411 18.868 9.21954 41.4849 51.4782 61.6198 62.924 24.0832 13.4164 42.4382 62.1709 54.5159 59.7746 12.6491 47.8017 49.5782 39.1152 31.0644 22.0227 33.7343 45.9674 51.4782 76.9365 52.5585 42.0122 55.772 20.2485 50.2317 54.2427 69.2315 63.2629 0.0 9.0 62.5149 26.8328 61.2944 50.9393 32.8938 72.1803 73.942 18.7883 26.4764 65.894 48.0833 47.4236 
35.3553 86.752 55.4696 81.124 76.6551 42.3792 24.8395 7.61577 50.2195 48.5077 68.6003 68.6524 33.0606 19.2094 38.0789 67.9639 62.1985 68.4105 13.0 55.2268 56.6127 35.1141 40.05 16.1245 33.0606 52.8015 51.0392 82.7295 54.0689 51.01 61.5005 28.8617 57.0212 62.7361 78.0897 68.7299 9.0 0.0 68.2434 31.8904 70.2567 59.5161 41.4849 79.0427 82.013 27.2029 35.3553 71.6869 56.7539 44.3847 
63.0187 26.3059 16.2788 81.6088 69.2892 64.195 69.1944 61.9704 56.0499 113.983 86.2046 2.23607 46.447 49.0985 65.7647 15.0 72.2496 31.3847 75.0985 76.4689 80.44 101.577 44.1475 65.78 49.4773 88.3977 108.632 18.1108 17.4642 47.0 8.06226 46.8681 92.9656 25.632 63.9766 5.0 62.5149 68.2434 0.0 76.707 43.8292 63.2851 35.4401 94.7629 79.3788 60.1698 63.0187 8.544 31.4006 61.0328 
23.6008 86.4099 70.663 53.7587 53.1507 72.9452 8.24621 35.8469 31.4878 40.2244 38.5287 76.4618 31.153 36.4966 69.1158 70.922 35.1283 61.853 20.0 26.4764 26.6643 34.2053 37.855 47.8017 60.0833 22.72 33.6623 87.3753 75.6387 38.0135 68.8478 31.7805 26.9396 60.7832 57.0701 78.5962 26.8328 31.8904 76.707 0.0 57.5835 35.5106 41.9763 48.961 55.3263 16.7631 23.6008 77.4325 52.8249 74.2496 
36.7138 35.5106 50.9117 39.2046 26.3059 90.8208 55.5428 67.0075 27.0185 97.8009 49.3356 42.0476 37.2156 55.3263 89.8109 29.1548 35.8469 12.6491 67.5146 41.8808 45.793 90.802 30.2655 78.4092 73.4454 47.2426 90.218 41.0488 50.9313 22.1896 37.4433 42.0119 57.2475 18.6011 20.2485 48.3735 61.2944 70.2567 43.8292 57.5835 0.0 27.7849 30.4138 55.5788 36.4966 46.1896 36.7138 37.9473 17.0 89.5091 
25.0615 62.2977 63.9062 23.4307 18.1108 92.1657 37.054 59.0955 10.0463 74.2363 23.0217 62.1289 42.5015 51.9151 89.4476 51.0882 9.0 37.3631 51.3858 14.2127 18.0278 69.6348 28.4681 72.0143 77.6449 19.799 63.2851 66.0984 63.3246 19.0278 55.4437 43.1319 30.3146 39.1152 21.587 66.7533 50.9393 59.5161 63.2851 35.5106 27.7849 0.0 33.6483 31.5753 23.3238 32.3193 25.0615 60.0333 32.0156 94.0174 
28.2879 46.8615 31.5753 55.6058 46.0109 61.2944 34.992 37.2156 25.6704 78.1048 56.4319 35.1141 11.4018 25.02 60.1083 29.0689 42.4772 26.9258 41.8808 46.6962 50.6673 68.1175 9.0 48.1068 43.9253 53.667 73.9621 45.607 30.8058 16.6205 27.5136 12.6491 58.2348 21.4709 44.1022 37.4833 32.8938 41.4849 35.4401 41.9763 30.4138 33.6483 0.0 65.1661 54.5619 25.4391 28.2879 35.8469 15.2971 60.2978 
56.9816 91.0824 95.4189 20.0 31.3847 117.117 54.2627 81.3449 41.5445 74.027 10.6301 93.5361 73.9997 77.526 113.957 82.0549 22.8035 67.1193 68.3624 25.0 22.6274 75.71 59.986 94.1754 102.215 26.2488 60.0333 96.1873 94.8325 50.5456 86.977 69.3345 37.5899 70.0643 39.0 98.3107 72.1803 79.0427 94.7629 48.961 55.5788 31.5753 65.1661 0.0 23.6008 54.7109 56.9816 91.0879 63.3877 117.699 
48.0643 71.0 83.3547 3.60555 10.198 115.92 58.6941 82.0983 33.0151 89.627 23.7065 77.7946 65.4172 74.8308 112.363 65.2534 20.2237 49.0306 73.2462 29.0172 30.1496 88.0511 49.389 95.0171 98.5461 34.0588 76.922 77.4145 83.006 39.9487 72.2357 62.3581 47.0106 53.7587 17.0294 83.5703 73.942 82.013 79.3788 55.3263 36.4966 23.3238 54.5619 23.6008 0.0 55.3221 48.0643 74.2159 48.7545 114.919 
9.48683 72.2993 55.7986 55.6725 49.4773 62.482 10.6301 27.4591 23.1948 54.4518 44.0894 59.9246 14.6158 22.8254 59.4138 54.3848 36.747 51.2832 21.3776 30.0495 32.1055 45.4863 21.3178 40.4969 47.5079 28.8505 49.2443 70.838 54.999 26.0 52.3106 15.1327 33.4063 46.6611 51.2445 62.059 18.7883 27.2029 60.1698 16.7631 46.1896 32.3193 25.4391 54.7109 55.3221 0.0 9.48683 60.8953 39.6497 63.0079 
0.0 75.1482 58.6474 48.3205 41.7852 67.1289 19.4165 34.176 15.2315 63.0317 46.3601 62.7735 17.4646 26.8782 64.4107 57.2336 33.8708 40.3637 30.8058 32.3202 34.3763 54.7083 24.1667 47.0106 51.5764 31.1212 56.9504 73.6869 57.8478 16.5242 55.1595 18.0951 35.6891 49.5099 42.7551 64.9079 26.4764 35.3553 63.0187 23.6008 36.7138 25.0615 28.2879 56.9816 48.0643 9.48683 0.0 63.7442 31.3356 67.3381 
63.7442 18.0278 24.0 76.6877 64.0312 72.0278 70.4483 65.3494 53.7587 113.498 83.0542 6.32456 47.1699 52.4776 73.3348 9.05539 69.029 25.2982 77.1279 73.3419 77.3129 103.525 43.8634 71.9466 56.7186 78.6931 109.418 11.1803 25.02 44.7379 10.2956 47.5936 93.6911 21.0238 58.1893 13.4164 65.894 71.6869 8.544 77.4325 37.9473 60.0333 35.8469 91.0879 74.2159 60.8953 63.7442 0.0 28.1603 69.0072 
31.3356 34.2053 35.0 50.6952 38.9487 74.0945 49.2026 52.469 25.7099 92.3154 55.0 30.1496 25.0599 40.05 73.0915 19.4165 41.0122 11.7047 56.356 45.2643 49.2354 82.3286 19.2094 63.0 56.7191 50.6155 86.4783 35.4683 34.8281 16.8114 23.7697 27.8927 64.0032 8.06226 34.8281 35.171 48.0833 56.7539 31.4006 52.8249 17.0 32.0156 15.2971 63.3877 48.7545 39.6497 31.3356 28.1603 0.0 72.5548 
67.3381 87.023 45.0111 115.97 106.58 4.24264 66.1891 38.6264 82.5691 90.0056 107.078 63.0079 61.0511 40.4599 8.94427 70.7107 102.827 80.9568 57.28 93.0379 95.0939 76.0066 68.9904 29.1548 16.4012 91.8368 94.8947 79.1012 44.0454 76.9699 60.2993 54.3882 96.3114 73.3757 104.427 57.2189 47.4236 44.3847 61.0328 74.2496 89.5091 94.0174 60.2978 117.699 114.919 63.0079 67.3381 69.0072 72.5548 0.0 
DEMAND_SCENARIO_SECTION
0 0 0 0 0 0 0 0 0 0 0 0 0 0 0 0 0 0 0 0 0 0 0 0 0 0 0 0 0 0 0 0 0 0 0 0 0 0 0 0 0 0 0 0 0 0 0 0 0 0 0 0 0 0 0 0 0 0 0 0 0 0 0 0 0 0 0 0 0 0 0 0 0 0 0 0 0 0 0 0 0 0 0 0 0 0 0 0 0 0 0 0 0 0 0 0 0 0 0 0 0 0 0 0 0 0 0 0 0 0 0 0 0 0 0 0 0 0 0 0 0 0 0 0 0 0 0 0 0 0 0 0 0 0 0 0 0 0 0 0 0 0 0 0 0 0 0 0 0 0 0 0 0 0 0 0 0 0 0 0 0 0 0 0 0 0 0 0 0 0 0 0 0 0 0 0 0 0 0 0 0 0 0 0 0 0 0 0 0 0 0 0 0 0 0 0 0 0 0 0 
6 8 9 4 9 5 4 8 8 10 10 6 6 10 5 8 9 3 12 5 3 7 11 8 7 7 8 8 6 4 7 10 12 10 6 3 7 9 7 6 7 8 8 3 8 8 8 8 6 5 7 3 7 10 4 5 4 8 6 8 7 8 8 10 5 7 5 12 4 9 8 8 4 10 10 11 6 9 8 7 9 2 4 3 6 9 7 0 11 11 7 10 14 7 10 10 3 9 6 9 9 4 3 9 5 6 7 4 5 2 6 9 8 4 6 4 13 4 7 6 7 9 0 6 7 3 7 8 5 8 5 6 5 6 7 8 2 9 10 6 11 7 11 12 8 9 9 3 7 7 5 10 5 8 10 4 8 7 5 6 7 6 9 3 5 10 11 7 6 10 6 11 5 7 8 3 4 7 6 9 7 11 4 6 6 5 6 4 4 8 8 8 8 4 6 6 8 11 9 8 
1 1 1 1 1 1 1 1 1 1 1 1 1 1 1 1 0 1 0 1 2 1 0 1 0 1 1 1 2 1 1 1 1 1 1 1 1 1 1 0 1 1 1 1 1 1 1 1 1 1 1 1 1 1 1 1 1 1 1 1 1 0 1 1 1 1 1 1 1 1 1 1 2 1 1 1 1 1 1 1 1 1 1 1 1 1 1 1 1 0 1 1 1 1 1 0 0 2 1 1 1 1 1 1 1 1 1 1 2 1 2 1 1 1 1 0 1 1 1 2 1 1 1 1 1 1 1 2 1 1 1 1 1 1 1 2 1 1 1 1 1 1 1 1 1 1 1 1 2 1 1 1 0 1 1 1 1 1 1 1 1 1 1 0 2 1 1 1 1 1 1 2 1 0 1 1 1 1 1 1 1 0 1 1 1 2 1 0 1 1 1 0 1 1 1 1 1 0 1 1 
13 10 7 5 11 7 8 7 11 7 9 14 9 4 6 13 8 12 10 11 5 1 9 8 6 11 10 9 10 11 9 7 9 14 5 9 9 8 12 13 10 6 9 9 7 2 10 10 10 7 10 8 5 8 9 11 9 11 1 8 8 9 13 14 6 11 11 14 9 12 11 13 8 9 9 11 9 8 11 14 11 10 9 4 10 9 9 3 7 6 8 9 8 7 11 13 6 9 10 5 9 11 5 8 9 13 15 8 8 7 5 6 10 4 5 11 14 10 15 12 18 12 5 10 11 5 9 7 6 10 5 11 8 5 5 9 16 9 7 12 11 8 9 12 10 11 4 13 8 6 12 8 13 12 9 7 2 10 9 9 7 12 8 7 7 5 11 9 8 8 6 10 10 5 13 11 9 14 4 10 14 8 9 10 8 11 6 9 9 7 10 10 11 4 12 9 8 8 10 12 
3 2 2 2 3 2 2 1 2 3 2 2 2 3 2 2 2 2 2 2 1 2 2 3 3 2 2 1 3 2 2 3 2 1 2 3 2 2 2 2 2 3 2 2 1 0 2 2 1 3 3 1 1 2 2 2 2 3 3 1 1 2 2 0 2 1 2 1 2 2 3 2 2 3 0 2 2 1 1 1 1 2 3 2 2 2 3 3 3 1 2 3 3 2 3 2 2 2 0 2 1 2 1 1 2 1 2 2 1 2 1 2 1 2 2 1 1 3 2 2 3 2 2 2 2 1 3 3 2 1 2 2 2 0 1 2 1 1 2 1 2 3 3 2 2 2 2 2 3 2 1 3 1 2 2 1 2 2 1 1 2 1 2 2 3 3 2 3 0 2 0 1 3 3 3 3 2 1 2 2 3 2 2 2 4 2 1 1 1 2 2 2 2 2 2 3 2 1 2 2 
4 7 6 5 4 4 6 6 3 5 5 4 3 9 8 8 8 8 1 8 5 5 7 7 6 7 8 6 10 8 4 7 3 6 8 6 9 5 7 6 7 3 7 3 3 3 4 9 5 3 7 11 5 5 8 4 4 8 7 9 8 7 5 6 8 8 13 5 8 6 5 9 5 5 7 8 7 7 10 4 5 7 3 6 7 6 6 7 4 6 11 7 6 5 4 4 7 5 7 6 1 6 8 8 7 5 5 5 5 7 4 6 6 7 5 5 8 4 9 7 4 5 7 4 9 9 7 2 10 7 3 5 4 10 3 8 2 6 9 5 8 8 7 6 10 5 5 7 6 9 5 7 5 6 7 6 1 5 5 5 6 3 10 5 0 9 8 6 6 7 6 8 6 8 5 8 5 5 12 3 7 6 7 6 2 4 5 4 2 7 5 4 3 6 6 8 5 7 8 5 
9 5 12 10 7 6 13 11 14 12 8 10 9 4 11 11 10 6 11 17 12 9 15 2 7 14 8 4 14 5 9 8 7 5 8 13 1 10 7 5 10 12 6 11 12 10 10 5 9 10 16 13 9 11 10 10 9 9 5 6 12 13 11 11 6 12 9 6 11 13 12 11 8 11 8 12 10 7 9 9 6 8 8 5 14 12 8 8 12 4 8 7 7 11 11 6 8 13 13 5 8 9 6 8 11 5 7 6 11 6 4 15 10 7 1 7 13 9 7 8 9 8 6 8 12 10 10 8 7 12 16 6 4 10 6 10 8 11 8 7 10 9 15 14 14 10 13 13 7 14 8 13 9 11 7 7 7 8 10 12 5 7 9 14 15 8 9 9 10 10 10 6 5 9 7 8 3 14 11 14 10 8 5 9 5 8 13 11 8 15 6 8 9 14 9 14 13 4 6 13 
9 4 10 8 14 14 9 7 12 11 14 16 12 8 5 10 8 15 12 15 9 9 15 7 9 9 8 10 6 12 8 9 7 5 14 8 10 5 9 11 9 8 8 10 13 11 4 8 5 14 12 2 6 7 14 8 11 10 8 13 9 10 8 4 10 10 8 11 5 5 14 4 11 5 9 9 8 8 15 9 11 12 12 8 12 9 10 13 5 10 6 8 9 4 7 13 16 7 10 6 10 9 10 10 13 9 12 10 12 11 8 10 8 6 11 10 13 8 11 8 8 10 9 9 11 7 12 11 5 9 9 10 7 10 11 5 6 6 7 9 17 16 13 8 7 7 9 3 11 6 13 4 12 6 8 14 19 11 8 10 9 6 7 6 10 10 11 3 11 10 10 11 11 14 8 8 14 6 11 11 5 7 5 7 5 8 11 10 8 2 8 8 16 13 7 11 3 9 10 14 
3 1 1 2 3 2 2 1 1 2 4 3 0 3 2 2 2 2 1 2 2 1 2 2 2 1 2 1 2 1 1 3 2 2 2 2 2 2 2 1 2 2 3 2 1 2 2 3 2 2 2 2 3 2 2 3 2 2 1 2 2 2 2 1 1 2 2 2 2 3 3 2 1 2 2 0 1 2 2 1 2 2 2 2 1 2 2 2 2 3 2 2 2 2 2 2 2 2 2 2 2 2 2 1 2 1 1 2 3 2 1 1 2 3 1 3 2 1 2 2 2 2 1 2 2 3 3 2 3 2 2 2 2 2 2 2 1 2 3 3 2 3 2 2 3 1 3 1 3 2 2 3 2 2 2 2 2 1 3 1 3 2 2 2 1 2 2 2 2 3 3 2 2 2 2 1 3 2 1 2 2 1 3 1 2 2 2 1 1 2 2 2 3 1 2 3 2 2 2 2 
5 5 3 7 7 7 7 4 4 6 3 7 3 7 3 3 6 7 3 4 2 7 7 4 3 3 4 4 2 4 6 7 5 4 4 10 3 5 6 3 5 7 7 4 5 5 7 7 7 5 3 4 3 3 4 4 4 5 2 6 5 5 3 3 4 2 6 8 5 6 6 4 7 6 8 8 6 6 5 3 5 5 5 5 4 2 5 3 5 1 8 3 5 7 4 7 5 4 4 3 2 8 7 6 8 5 2 7 2 5 2 3 2 4 2 5 6 4 3 4 5 5 8 6 5 5 4 4 4 8 2 7 6 5 6 4 4 5 5 4 6 7 7 6 4 5 5 6 4 3 3 2 5 7 4 6 4 7 4 6 4 4 4 2 4 4 4 4 3 4 4 8 2 3 6 7 3 3 4 6 5 4 6 4 3 4 7 4 3 5 4 7 4 7 5 7 4 6 4 7 
11 7 12 12 13 10 9 11 15 9 4 7 3 9 19 12 12 14 15 10 10 7 6 11 11 9 16 8 13 17 14 9 9 11 10 8 10 9 13 7 14 9 12 9 2 8 6 9 13 12 16 12 11 14 11 7 11 11 14 8 12 14 8 10 9 10 8 9 5 5 11 7 11 9 9 10 13 9 7 14 5 15 1 6 11 13 7 10 11 10 11 13 12 12 7 8 12 12 9 10 8 10 9 8 21 13 10 12 15 13 1 12 12 11 9 7 10 12 12 11 12 11 13 11 12 5 5 11 13 13 5 11 11 13 7 10 7 11 7 5 11 14 14 10 13 9 17 7 13 8 11 13 8 13 6 10 8 10 6 6 7 12 10 13 12 8 10 11 5 8 10 15 5 12 8 12 10 17 13 8 16 15 5 6 13 10 15 11 12 8 12 9 10 12 6 6 14 14 8 8 
8 4 7 8 8 10 8 7 5 8 5 9 9 9 13 7 9 9 9 6 4 4 3 6 6 10 5 6 5 8 9 12 2 8 6 10 11 4 10 3 8 6 6 5 9 5 7 8 5 6 7 0 0 9 6 9 4 9 8 7 5 6 7 9 4 8 6 2 7 6 7 9 4 9 5 2 12 7 6 5 1 12 9 6 10 4 9 3 12 7 8 5 7 1 5 8 5 8 5 8 2 5 10 4 6 9 6 6 10 10 9 6 9 3 2 6 7 8 9 11 7 11 11 8 12 4 6 6 13 7 5 5 7 9 10 7 4 6 12 3 9 4 4 10 2 9 6 7 8 7 4 10 8 9 7 6 6 9 8 9 3 2 1 8 7 9 6 10 10 9 6 7 7 10 8 10 5 7 5 4 7 4 9 10 5 5 7 11 8 8 2 9 5 3 5 4 5 10 5 8 
3 2 3 2 2 2 1 1 4 3 2 3 2 1 1 2 1 2 4 3 3 2 2 3 2 2 2 2 1 2 2 1 2 1 2 3 2 2 2 1 2 2 2 1 1 2 3 2 2 3 4 2 2 2 3 2 2 2 1 3 3 2 3 3 1 2 3 2 2 2 2 2 3 2 3 3 2 2 3 1 4 1 2 2 2 1 2 2 2 2 1 2 3 2 2 2 2 2 1 3 1 2 1 1 1 2 0 0 2 2 2 3 3 3 0 2 2 3 3 1 2 2 2 1 2 3 2 2 3 2 2 2 1 1 1 2 3 2 1 1 2 2 2 2 2 3 1 2 3 1 3 2 3 2 2 1 3 1 3 2 1 1 2 3 3 2 3 0 2 2 1 2 3 2 1 1 2 3 3 2 2 2 2 3 3 2 1 2 2 1 2 2 3 1 0 2 2 2 2 3 
2 5 4 3 5 4 5 3 4 3 6 3 4 2 4 3 3 4 6 3 5 7 3 7 5 5 5 4 3 5 4 7 5 4 4 4 3 2 3 4 4 6 3 5 4 4 2 6 6 4 4 6 2 2 4 6 3 5 4 5 5 4 3 5 3 6 5 5 5 4 3 1 3 3 5 4 6 3 5 4 4 2 5 6 3 5 4 2 5 5 4 2 5 5 8 5 5 4 3 6 5 4 5 3 5 4 4 4 3 5 4 4 7 4 4 4 3 3 3 4 2 5 4 7 3 4 4 2 2 6 4 3 6 3 5 4 5 3 3 4 2 5 4 6 4 4 4 4 3 5 1 4 3 6 4 4 3 4 3 5 5 4 5 3 3 4 9 3 2 4 6 1 4 3 4 6 5 6 3 1 4 3 7 3 6 5 5 3 3 2 5 2 4 3 3 2 4 3 2 2 
10 8 3 10 0 8 10 11 8 15 10 12 12 11 7 3 7 11 13 13 11 10 9 7 10 10 0 5 5 13 8 7 5 9 5 9 8 11 6 9 7 2 10 4 9 12 12 10 10 6 9 5 16 14 8 5 7 8 7 12 10 10 7 8 10 17 4 3 6 8 9 7 9 9 7 13 10 8 8 11 12 13 12 11 7 10 9 10 8 14 8 13 7 14 11 7 12 12 5 12 5 10 5 8 11 15 12 8 9 9 7 9 10 15 13 12 12 11 10 6 9 7 11 11 5 9 10 6 2 11 6 11 9 4 16 8 12 14 11 4 10 10 11 12 11 11 13 7 11 9 9 9 10 11 9 7 11 12 6 12 6 11 8 10 9 8 13 7 10 13 11 9 10 16 10 7 4 1 9 4 9 14 8 7 5 8 12 9 7 10 10 12 11 7 6 8 7 9 8 7 
11 11 10 12 8 10 12 19 9 9 8 7 10 9 14 8 9 6 9 12 10 12 2 12 9 10 14 1 11 13 8 9 11 9 8 9 2 13 5 9 11 11 10 18 7 4 5 7 10 12 7 7 12 13 7 5 9 13 12 8 6 10 3 6 12 9 10 6 9 10 5 7 11 8 7 9 11 7 11 9 7 8 12 6 6 10 12 9 6 7 5 4 8 13 9 9 7 9 9 10 11 6 8 11 8 7 9 12 8 6 8 6 7 8 12 13 12 12 12 18 8 9 15 4 4 7 13 5 10 10 8 14 5 8 7 11 13 7 5 6 7 8 9 14 10 7 8 9 7 10 8 6 9 10 7 9 9 11 10 9 5 11 14 12 9 8 9 8 8 4 7 13 10 8 15 10 9 5 8 8 9 9 7 12 9 7 8 12 15 9 13 13 7 6 8 6 12 9 7 6 
8 7 6 8 9 12 5 12 7 10 4 6 7 6 10 11 6 10 8 3 5 6 12 9 3 5 12 7 9 6 9 7 4 10 5 10 7 7 7 2 7 5 7 9 10 7 7 6 6 8 10 11 5 5 6 8 7 8 12 6 11 9 9 7 7 9 8 8 6 6 11 6 5 10 9 10 10 12 8 8 9 5 12 5 4 9 6 5 8 10 7 1 4 10 8 13 9 5 17 3 12 7 9 8 10 7 11 7 9 7 10 7 15 10 7 8 9 12 12 5 2 10 9 10 9 11 2 10 9 9 9 10 6 9 8 11 9 9 7 5 8 11 12 11 4 10 7 10 10 7 3 12 9 3 7 6 7 11 11 5 1 11 7 10 6 9 10 8 6 15 9 9 10 6 7 12 7 15 9 11 5 11 11 9 10 11 11 1 9 9 8 12 0 9 6 9 10 9 3 8 
2 2 3 2 4 4 2 1 4 3 3 5 1 4 3 2 3 4 2 3 2 2 2 4 3 2 2 3 4 2 2 3 2 4 4 4 1 1 2 3 2 2 2 4 2 2 2 3 4 3 3 3 3 2 3 3 2 4 4 3 3 4 3 2 4 5 2 2 4 3 4 2 2 2 3 4 2 3 3 5 2 1 3 2 3 3 3 4 4 2 4 4 3 3 3 4 3 3 4 3 2 4 3 5 4 3 2 1 3 3 3 5 4 4 2 3 5 3 3 5 3 4 3 4 4 3 4 4 3 4 1 4 3 3 3 2 2 3 2 1 3 3 3 3 2 2 4 2 2 5 2 4 4 3 4 5 2 2 4 3 4 2 4 4 2 4 3 2 2 3 3 1 3 4 2 4 3 3 3 4 3 5 4 3 4 3 3 3 2 3 2 4 1 1 3 1 2 3 4 2 
2 5 3 2 4 4 4 6 3 1 6 3 2 5 4 3 3 4 5 5 5 2 4 4 5 5 5 3 2 5 4 4 2 4 2 3 5 4 3 4 3 3 4 5 5 4 6 4 2 4 4 5 3 5 6 4 3 2 3 6 4 5 2 2 2 3 4 4 2 6 4 6 3 3 5 5 3 7 3 5 6 4 6 4 4 3 2 4 1 4 2 3 4 5 4 4 4 5 6 3 7 3 5 2 6 3 4 4 5 4 3 5 6 1 4 4 4 3 2 5 4 3 4 1 4 3 5 4 4 5 6 4 4 4 3 5 3 4 4 5 3 3 4 5 3 1 4 4 4 3 3 4 3 2 5 3 4 3 3 3 6 2 4 4 4 4 5 5 4 5 1 7 5 3 8 2 3 4 8 3 5 4 6 3 1 1 2 5 6 5 2 3 5 3 6 3 4 2 4 5 
12 2 8 10 13 6 14 7 12 9 10 8 8 11 12 12 9 9 11 12 9 8 12 8 3 8 7 7 10 9 4 7 10 8 11 7 8 13 17 10 6 6 11 8 4 8 9 8 9 13 3 8 10 9 12 20 14 5 10 11 11 5 10 9 7 9 12 13 11 5 10 14 9 10 9 7 9 7 3 11 11 10 0 9 10 13 11 10 11 9 11 9 11 13 3 10 10 9 15 14 6 7 8 9 8 10 13 7 11 9 16 6 15 12 11 10 9 10 13 5 15 7 8 8 15 13 14 10 9 10 12 9 8 15 13 7 5 12 9 16 6 13 6 9 11 12 7 5 8 10 18 13 8 9 12 12 5 9 16 13 12 7 13 9 8 8 9 13 13 7 11 10 7 7 7 14 3 11 7 11 9 14 14 14 11 13 10 14 8 13 12 10 11 6 9 14 7 12 9 12 
0 1 1 1 1 1 1 0 1 1 1 1 1 2 1 1 1 0 1 2 1 1 1 1 1 1 1 1 1 1 0 1 1 1 1 1 0 1 2 1 1 1 1 0 1 1 1 1 1 1 2 1 1 1 2 1 1 1 0 1 1 1 1 1 1 1 1 1 1 1 1 1 1 1 1 1 1 1 1 1 1 1 1 1 1 1 1 1 0 1 1 1 1 1 1 1 1 2 1 0 1 1 1 1 1 1 1 2 1 1 1 1 1 2 1 1 1 0 1 1 1 1 1 2 1 1 1 1 1 1 0 1 0 1 1 1 2 1 1 1 1 1 1 1 1 2 1 2 1 0 1 0 1 2 1 0 1 1 1 0 1 1 1 1 1 1 1 1 1 1 1 1 1 1 1 1 1 1 1 1 1 1 2 1 1 1 1 0 1 1 2 1 1 1 1 1 1 1 1 1 
2 3 1 2 3 3 3 3 4 3 3 4 3 3 4 2 3 3 1 3 4 3 2 3 4 2 3 3 3 3 3 3 2 4 3 3 4 3 4 2 3 4 4 4 3 4 3 4 3 5 4 4 3 3 3 3 1 4 2 5 3 3 3 2 3 3 5 2 2 3 5 4 2 4 4 4 3 3 2 3 3 4 4 4 3 2 2 3 2 4 4 3 4 3 2 2 3 3 3 4 4 2 3 4 1 4 5 1 2 5 4 4 2 2 3 4 4 4 2 2 4 1 4 3 3 3 2 4 3 2 1 3 3 4 2 4 3 3 2 3 4 2 3 2 3 4 4 4 3 1 3 1 3 2 4 4 3 4 1 3 3 2 3 2 3 1 4 3 4 4 3 3 3 2 2 4 4 4 4 3 2 5 4 2 2 3 2 3 3 4 1 3 3 3 1 5 3 4 2 4 
3 3 4 3 2 1 4 2 4 4 2 3 4 3 4 2 5 3 2 2 3 4 3 2 4 3 2 2 3 4 4 4 4 3 2 2 3 2 4 2 2 4 4 5 4 4 1 2 3 2 2 3 2 3 2 3 4 4 3 2 2 4 2 3 3 3 3 2 1 3 3 3 4 4 4 4 2 4 5 3 4 5 2 2 4 3 4 0 5 2 3 5 4 4 3 3 4 2 3 5 3 2 2 3 2 5 2 4 3 5 3 2 4 1 2 3 1 2 3 4 2 3 3 1 4 2 4 3 3 3 2 3 4 3 4 2 3 3 4 4 4 3 2 3 5 3 2 1 4 2 3 2 2 3 5 3 4 3 3 2 3 3 3 1 2 1 2 3 2 4 4 2 3 2 2 2 2 2 3 3 2 2 5 2 4 2 4 2 4 3 4 3 4 3 3 2 1 4 5 4 
1 2 3 2 4 2 3 5 5 2 4 3 4 3 1 3 1 3 3 3 3 4 4 2 4 2 2 2 4 2 2 1 3 3 3 3 3 3 2 4 3 3 2 3 2 2 1 3 3 2 2 3 3 2 3 3 2 3 4 4 4 4 3 5 3 4 2 4 4 3 3 3 2 1 2 3 4 3 4 3 4 5 2 5 3 2 3 3 3 3 3 3 4 4 2 3 4 4 3 3 4 1 2 2 3 4 3 3 3 2 5 3 2 4 5 3 3 4 2 3 4 3 4 0 3 3 3 2 4 6 3 3 2 2 4 1 2 3 4 3 1 2 2 5 3 3 3 4 1 4 1 2 3 2 4 4 3 4 2 3 2 3 5 3 2 1 5 3 3 3 4 1 4 3 3 3 2 2 3 2 4 3 1 5 4 2 3 4 3 2 3 2 3 3 2 3 1 4 3 4 
4 1 2 2 2 4 2 3 3 4 3 4 3 3 3 3 3 2 2 3 4 2 4 5 3 4 2 1 3 4 2 1 3 2 3 3 3 3 4 4 4 3 2 5 3 4 1 1 4 5 2 2 2 0 3 3 4 1 4 5 3 3 3 4 3 3 3 4 4 3 2 3 3 5 3 3 2 2 4 4 4 3 3 3 2 3 1 4 3 2 5 2 3 3 1 3 3 3 3 4 2 4 4 4 0 4 3 4 3 1 4 2 4 2 2 4 2 3 3 3 2 4 3 5 2 5 4 4 4 1 3 2 5 3 1 2 1 3 3 3 4 4 5 4 3 3 3 3 4 3 4 4 4 3 6 4 4 2 1 2 3 4 3 4 3 4 3 3 4 1 2 4 2 2 3 3 4 2 2 4 3 3 3 5 2 4 3 3 5 3 3 3 4 3 2 3 2 3 3 1 
1 6 1 6 6 4 5 4 2 4 2 4 7 5 2 6 4 7 3 6 4 6 4 4 6 3 5 4 7 4 7 3 6 4 5 4 7 4 3 6 6 6 6 4 3 9 6 6 3 4 4 5 3 2 5 4 8 5 3 6 6 5 3 6 6 5 3 4 4 6 4 6 3 4 7 4 7 3 5 4 4 7 4 6 7 6 3 4 6 6 3 5 7 5 8 3 4 5 6 8 5 5 7 4 6 4 5 4 6 2 4 5 6 4 4 6 6 6 6 3 6 2 5 5 5 4 5 5 5 4 6 10 3 6 5 3 7 7 4 5 6 6 3 6 4 5 3 3 7 2 9 7 9 6 6 8 7 4 6 6 4 4 6 2 6 4 7 5 5 8 3 5 2 6 6 4 6 7 5 4 4 5 8 4 9 5 5 7 6 5 5 6 5 6 4 5 7 9 4 6 
9 5 5 11 4 8 4 7 8 4 9 6 4 5 5 3 9 6 4 8 2 5 8 8 7 5 5 5 10 6 6 7 9 4 5 9 2 7 6 8 7 8 3 6 8 8 7 7 7 5 7 7 5 6 6 7 5 8 3 4 7 9 8 5 4 10 3 3 6 7 5 6 5 9 4 1 6 4 4 4 6 5 6 6 8 6 7 11 9 5 6 0 2 6 7 9 5 3 6 4 5 8 7 3 6 9 6 7 3 11 7 7 6 4 7 8 4 11 5 6 6 7 5 5 8 9 9 10 6 4 5 1 10 7 7 4 6 5 10 8 6 7 7 5 11 3 5 4 5 3 3 7 4 6 10 5 7 4 6 5 6 4 3 10 8 5 5 8 3 5 5 6 1 5 3 4 4 4 9 8 0 4 8 11 4 5 9 9 8 9 3 7 7 5 8 7 8 7 8 4 
5 5 5 9 9 8 7 8 13 7 7 5 7 10 6 9 7 7 7 5 3 5 6 11 4 5 8 11 9 7 6 6 1 6 6 11 8 6 9 11 10 5 11 6 7 6 9 4 8 3 9 4 6 9 8 7 5 8 7 7 10 4 13 8 6 10 10 7 4 11 8 7 5 6 7 11 10 5 9 10 7 8 11 8 8 6 8 10 8 11 4 5 8 5 5 2 9 7 9 6 9 9 3 5 12 5 5 6 7 9 7 2 7 4 5 4 8 8 6 8 4 9 7 9 2 6 2 6 7 7 6 10 6 4 6 10 6 6 4 6 7 7 7 6 6 6 10 11 9 4 9 3 7 7 3 7 11 8 9 9 3 5 7 11 13 8 10 5 11 5 5 7 6 4 7 6 4 10 8 10 9 4 11 7 8 8 9 8 7 6 6 4 10 7 8 6 7 9 7 6 
5 5 5 1 5 5 3 2 7 5 5 5 4 2 5 6 4 2 5 3 1 5 3 3 3 2 6 3 3 4 4 3 4 4 5 4 5 4 5 4 6 5 4 3 4 3 3 3 3 2 3 3 4 4 6 2 3 6 5 4 4 4 5 3 3 5 5 4 5 4 4 3 2 3 3 5 4 4 3 3 2 5 3 3 5 3 6 5 4 4 5 4 6 4 5 3 2 6 3 3 6 2 4 3 4 6 3 5 5 2 7 4 3 1 4 3 4 5 6 3 3 5 2 3 7 7 5 5 5 5 5 5 3 2 4 2 4 4 4 1 6 4 4 6 5 4 5 5 4 6 4 2 6 4 5 3 5 5 5 4 4 4 3 5 3 2 6 3 5 5 3 5 2 2 4 4 5 5 5 4 4 6 5 4 2 4 4 4 3 4 6 3 4 4 2 4 4 3 4 3 
0 2 2 2 3 1 1 2 2 3 2 2 3 2 2 2 2 3 1 2 3 2 3 3 3 1 3 1 0 3 2 2 3 2 2 3 2 1 3 2 3 3 2 2 2 1 3 3 2 3 3 2 2 1 2 2 2 2 2 2 1 1 2 2 3 3 2 2 2 2 3 2 2 3 1 3 3 2 1 3 2 2 2 2 1 3 2 1 1 2 2 1 2 3 2 2 2 3 2 1 2 2 2 2 3 2 2 2 2 4 2 2 2 2 2 1 3 1 1 2 3 2 3 1 1 2 2 2 2 2 2 2 3 2 2 1 2 2 2 3 3 2 2 1 2 2 2 2 1 2 2 2 2 1 2 3 2 2 3 3 2 3 1 3 2 2 0 1 2 2 1 2 0 3 3 3 0 1 2 2 2 1 1 1 3 2 3 2 1 2 3 2 2 2 2 1 1 1 3 1 
8 3 11 3 6 7 5 3 4 6 8 2 9 8 6 7 7 4 7 8 9 6 8 8 10 5 6 8 4 4 7 7 4 3 6 5 7 4 3 7 8 6 6 5 8 9 5 9 4 10 7 7 7 7 8 6 9 4 6 8 8 5 3 8 9 7 4 9 7 4 8 6 9 8 4 5 7 5 9 4 9 8 4 7 5 8 7 4 5 6 8 8 5 4 6 5 5 7 8 3 11 1 5 5 7 4 6 6 2 5 5 6 7 6 6 6 4 5 8 6 5 6 5 4 5 7 8 8 9 5 8 8 6 7 7 6 7 3 5 10 4 8 4 4 8 5 1 2 9 6 4 5 7 10 8 9 2 7 6 5 5 5 8 6 6 7 0 6 7 7 7 6 9 7 8 3 8 7 9 6 7 3 8 6 3 5 4 5 4 6 5 8 6 6 5 6 8 5 7 5 
6 5 3 3 6 7 2 7 5 6 8 8 3 3 7 10 8 5 7 7 4 3 6 4 4 5 4 7 5 5 6 4 7 5 3 4 7 6 4 6 8 2 4 4 6 7 5 4 4 6 6 4 6 5 3 4 6 9 3 7 4 6 7 6 1 4 4 7 3 4 7 5 2 6 7 4 3 9 6 3 7 4 5 4 2 6 2 7 6 6 6 7 6 4 4 7 4 5 7 1 9 3 3 2 5 5 4 9 5 8 5 1 3 5 6 7 7 6 6 7 5 3 5 1 6 5 5 7 6 5 6 5 4 5 7 7 4 8 7 4 4 5 7 3 4 5 3 2 5 8 4 3 5 5 6 4 5 8 5 3 6 5 4 4 2 6 7 3 5 7 3 4 4 6 6 4 7 5 5 2 8 4 9 4 6 7 5 6 4 2 7 6 4 7 4 7 4 6 7 9 
5 6 3 4 8 4 5 8 5 7 5 4 4 3 6 5 4 5 7 4 7 3 6 6 5 5 5 7 2 2 5 4 2 4 6 8 6 5 3 8 7 7 3 7 1 6 6 5 5 6 7 4 6 5 4 4 6 5 6 6 6 9 5 3 8 2 9 3 7 6 6 6 6 5 5 4 6 9 4 7 7 2 6 6 6 6 6 7 5 5 7 7 3 3 4 8 5 5 6 7 5 6 6 7 3 4 3 5 8 5 4 4 7 4 7 4 7 4 4 7 5 7 4 5 3 6 5 3 4 6 5 4 4 0 2 6 2 5 5 4 7 7 1 5 3 7 8 4 6 6 5 8 6 3 7 4 5 4 7 5 7 7 4 3 4 7 5 5 4 5 6 5 3 2 8 8 4 6 6 3 6 5 5 4 3 5 4 7 4 7 6 5 3 6 6 6 5 5 6 5 
11 11 6 8 7 5 8 6 8 10 6 8 9 7 6 9 4 7 1 8 3 7 4 9 10 6 6 6 7 5 6 7 9 5 11 5 6 6 10 6 4 8 6 4 9 5 7 9 4 6 4 7 4 11 9 8 10 11 4 4 9 10 6 8 5 4 5 8 7 9 8 9 5 9 7 5 11 8 8 8 6 7 6 8 8 7 9 8 9 12 11 10 5 10 11 4 3 7 9 4 8 5 4 4 11 6 4 7 7 12 7 6 5 7 7 9 10 0 6 3 6 8 4 10 9 8 8 6 3 7 6 8 7 10 6 12 13 6 7 12 12 5 8 8 9 8 9 5 5 7 6 10 9 7 5 7 7 6 7 7 11 5 8 6 12 8 9 8 5 7 4 5 5 6 8 9 9 8 8 5 6 11 4 5 9 11 12 11 7 8 7 9 5 3 8 5 7 5 8 10 
2 13 6 4 5 6 11 5 5 9 6 12 9 5 6 9 4 5 5 5 9 9 9 3 6 3 10 12 2 6 10 10 5 10 8 8 3 7 4 6 6 4 9 6 7 4 3 6 5 6 8 5 7 2 9 11 6 8 5 7 5 5 2 7 5 7 8 6 9 8 12 9 8 9 6 10 5 8 2 6 5 8 5 7 10 8 5 13 6 7 8 5 7 3 10 7 5 4 6 9 4 12 5 5 7 10 5 8 6 5 5 9 6 7 8 7 8 5 5 9 10 10 9 3 7 10 9 7 7 6 7 5 8 10 7 7 6 8 5 9 9 8 5 8 7 8 6 7 2 9 3 4 10 6 9 6 5 2 7 4 7 5 7 6 6 6 8 6 6 8 1 3 8 5 5 9 5 9 10 6 7 8 3 4 8 2 7 6 11 9 5 6 10 10 6 9 9 10 9 9 
16 12 15 11 9 10 13 10 12 10 8 8 10 8 16 7 8 12 5 13 7 14 5 4 3 12 9 8 10 10 12 15 14 13 1 5 10 14 16 15 12 8 11 13 7 14 12 11 9 13 9 14 10 7 6 15 7 4 10 9 7 11 13 9 9 10 7 12 11 15 10 12 7 9 15 13 9 6 6 10 10 12 7 11 8 11 9 11 13 5 8 7 7 6 12 13 15 3 4 12 3 10 14 9 12 9 8 14 7 3 10 6 7 10 10 6 14 7 9 8 10 9 13 6 16 14 10 8 6 12 13 11 3 12 8 10 9 14 12 10 7 6 7 13 8 10 13 11 9 19 9 11 9 10 9 11 11 14 12 9 11 12 11 6 8 5 13 8 2 15 8 7 11 3 11 15 13 6 9 11 3 7 14 10 14 12 15 11 11 10 11 5 8 13 12 13 6 11 13 6 
2 1 1 1 0 1 1 1 1 1 1 1 1 1 1 1 1 1 2 0 0 1 1 1 1 1 1 1 0 1 1 1 1 0 1 1 1 1 1 1 1 1 1 1 1 1 1 1 2 2 1 1 1 1 1 1 1 1 0 1 2 0 1 1 1 2 1 1 1 1 0 0 1 1 1 1 1 1 1 1 0 1 1 1 1 1 1 1 1 1 1 1 1 1 1 1 1 1 1 1 1 1 1 0 1 1 1 1 1 2 1 1 1 1 1 2 1 1 1 1 1 1 1 1 1 1 2 1 1 1 1 1 1 1 1 1 1 1 1 2 1 1 1 1 1 1 1 1 1 1 1 1 1 1 2 1 1 1 0 1 0 1 1 1 1 1 1 2 1 1 1 1 1 1 1 1 1 1 1 1 1 1 1 1 1 2 1 1 1 0 1 2 1 1 1 1 1 1 1 1 
2 3 1 4 3 4 3 5 3 4 3 2 2 3 5 3 5 3 4 2 3 4 2 4 2 2 2 3 2 3 2 4 3 4 4 3 2 4 3 4 3 4 3 2 3 3 2 3 3 3 3 4 3 3 2 1 3 1 4 4 2 3 3 3 3 5 3 3 3 2 2 5 4 2 3 4 3 2 2 2 3 3 4 2 3 2 3 3 5 2 3 3 3 2 3 2 2 2 2 2 3 4 3 3 2 3 3 2 3 5 2 3 4 2 4 2 3 2 4 3 3 3 3 4 3 4 4 3 2 4 4 3 1 3 2 5 2 3 2 2 2 4 1 4 4 3 2 3 3 3 3 3 2 2 3 4 3 2 3 3 3 3 5 2 3 4 1 1 4 3 3 2 2 2 3 2 3 4 3 4 3 1 3 3 2 3 6 4 3 5 3 2 3 2 2 4 2 1 3 1 
3 5 3 4 2 5 1 2 3 3 2 4 2 3 3 3 3 0 3 2 3 2 2 2 2 3 2 4 4 3 4 3 2 5 3 3 1 5 2 5 4 3 5 3 3 3 3 2 3 4 2 2 5 2 4 2 3 3 2 2 2 3 4 4 4 2 2 2 3 1 3 3 5 3 4 4 2 3 4 3 4 4 2 4 4 3 3 2 2 5 2 1 3 3 4 1 3 5 4 2 3 3 3 4 3 2 3 2 2 2 4 1 3 6 5 2 3 4 4 2 3 4 4 2 3 3 4 3 2 5 4 3 2 3 2 2 3 5 3 2 4 4 2 2 3 4 1 2 5 2 2 2 4 2 4 2 5 2 1 1 4 3 2 5 4 4 4 3 3 3 1 2 3 0 4 4 2 3 3 4 4 4 3 4 3 0 5 4 4 2 3 4 3 4 3 3 4 3 3 3 
7 9 7 8 12 13 13 9 7 15 15 9 14 10 8 12 12 13 10 17 12 7 14 12 6 10 8 7 10 7 8 9 15 8 6 10 10 12 9 11 12 14 9 5 10 10 13 8 10 9 8 10 6 8 4 7 7 8 9 9 15 12 2 7 11 6 11 11 4 10 16 9 12 13 6 8 15 11 3 12 8 15 9 10 15 13 17 9 12 16 5 9 8 4 10 12 13 6 8 4 10 9 11 13 8 7 13 6 5 6 7 9 5 6 13 7 6 12 12 10 9 12 11 4 10 6 9 7 6 14 9 7 9 12 8 9 12 7 12 13 5 9 11 19 13 12 9 9 9 10 11 17 7 10 10 10 9 6 11 11 10 8 10 7 11 13 11 8 8 8 9 5 9 10 7 7 3 13 4 9 10 12 7 8 14 6 7 12 12 12 7 14 3 12 8 13 13 5 15 5 
6 4 2 3 8 4 0 4 5 4 5 1 6 4 6 6 5 1 7 5 4 6 5 5 4 3 5 6 8 4 5 3 7 5 1 3 2 5 4 5 5 6 3 5 5 5 7 4 4 7 8 3 6 4 4 6 5 6 5 9 0 4 3 7 5 8 7 7 4 5 6 6 4 6 7 4 3 6 6 5 6 1 5 2 5 3 7 5 7 7 1 3 7 5 5 6 7 5 5 6 2 5 7 2 6 6 3 3 3 4 5 4 5 7 5 7 5 3 5 3 4 6 8 4 5 4 4 6 4 5 6 4 4 6 6 3 8 2 6 3 5 1 6 2 5 6 7 6 7 4 2 5 7 7 8 4 9 4 6 4 8 7 7 3 4 7 5 4 5 7 5 9 6 5 7 2 4 5 7 5 5 7 8 3 4 6 1 8 9 5 1 6 6 6 2 7 7 2 4 4 
4 3 2 2 2 1 2 2 2 2 2 2 2 2 2 2 3 2 3 2 3 3 4 2 1 2 3 1 3 1 3 2 3 4 1 3 3 1 3 2 1 3 1 1 1 3 2 3 2 1 2 2 2 2 2 1 1 1 3 1 1 2 2 2 2 2 3 2 2 2 2 3 2 2 3 2 3 2 2 2 2 2 2 3 2 2 3 2 2 3 2 4 2 3 2 2 2 2 1 2 2 2 2 2 3 3 3 2 2 3 3 1 2 2 3 2 2 3 2 1 1 2 2 2 2 2 3 3 2 1 1 3 1 2 3 2 2 2 1 2 2 2 2 2 2 3 3 2 0 2 1 2 2 4 2 3 2 3 2 1 4 3 2 3 1 1 2 3 1 1 2 2 2 2 1 2 3 2 1 3 1 2 3 0 2 3 1 2 2 1 2 0 2 2 3 2 2 4 2 1 
10 9 6 5 12 3 9 7 9 7 4 9 10 6 6 4 10 11 10 10 8 11 4 8 5 6 7 14 12 5 9 6 10 8 6 8 9 8 11 9 6 4 4 5 8 13 9 7 9 7 8 7 11 6 4 10 2 8 8 5 3 14 9 11 11 12 9 10 9 6 11 8 10 5 9 5 6 9 8 9 10 11 4 14 12 16 10 10 9 5 3 5 7 10 9 11 13 11 14 7 7 1 7 9 4 6 7 7 8 8 8 8 7 6 12 7 1 6 11 8 7 8 11 0 8 12 6 8 9 10 11 9 9 12 10 4 8 6 10 10 12 7 4 12 9 9 10 7 7 8 6 9 8 8 6 7 7 7 8 7 7 9 10 4 12 6 4 4 5 5 7 13 8 6 5 8 7 7 8 7 7 10 6 5 10 17 12 10 5 6 9 15 5 4 7 7 10 11 11 10 
7 8 1 12 8 10 11 11 8 7 5 10 4 16 11 12 10 10 7 3 11 13 13 6 8 10 14 11 10 10 8 10 8 15 7 11 9 14 14 3 10 10 11 8 8 12 11 14 4 10 13 11 5 14 12 8 13 12 3 7 9 10 15 13 14 13 14 6 5 6 11 7 8 12 11 10 12 14 9 9 16 12 9 16 6 9 8 9 13 9 14 5 10 7 8 8 12 6 15 1 10 9 9 13 8 7 10 9 19 4 4 8 8 9 11 14 9 7 3 13 11 5 9 9 17 4 8 5 6 10 8 7 13 14 15 9 8 12 9 7 4 6 13 7 16 15 7 6 12 14 5 7 14 12 15 9 10 6 11 12 14 9 9 15 6 10 10 18 4 16 14 11 8 6 12 9 2 7 12 6 14 9 11 11 10 8 9 9 9 11 10 13 20 5 14 3 9 6 7 6 
