NAME  : Jabali_50_3_0.90_1_2
TYPE : SVRP
MODEL : FINITE_SUPPORT
NUMBER_OF_SCENARIOS : 200
DIMENSION : 50
EDGE_WEIGHT_TYPE : MATRIX
CAPACITY : 84
N_VEHICLES : 3
NODE_COORD_SECTION
1 3565 3895
2 1608 1280
3 5780 2109
4 1854 3031
5 592 5506
6 5409 3005
7 5273 5065
8 4152 2247
9 5782 1307
10 1534 1893
11 3069 6785
12 3163 6141
13 2334 7003
14 2249 4573
15 4512 4207
16 3080 2331
17 980 2186
18 2486 1226
19 417 4455
20 4799 7483
21 1018 1881
22 519 3177
23 155 2486
24 1542 6112
25 3784 6182
26 5543 1445
27 2888 4486
28 2425 2853
29 6708 5805
30 3451 7358
31 6439 2156
32 4505 3931
33 27 4057
34 1351 1585
35 4223 1910
36 1612 927
37 2334 5164
38 3398 2722
39 4541 6352
40 4771 2449
41 3015 5394
42 3991 3067
43 7704 4464
44 2968 3716
45 6333 4595
46 4192 1604
47 912 2066
48 4687 1368
49 5311 18
50 7616 4016
DEMAND_SECTION
1 0.0
2 3.0
3 3.0
4 8.0
5 3.0
6 3.0
7 4.0
8 5.0
9 10.0
10 2.0
11 6.0
12 2.0
13 10.0
14 3.0
15 4.0
16 7.0
17 1.0
18 10.0
19 3.0
20 3.0
21 1.0
22 1.0
23 1.0
24 8.0
25 5.0
26 5.0
27 4.0
28 3.0
29 9.0
30 8.0
31 3.0
32 1.0
33 8.0
34 2.0
35 4.0
36 5.0
37 7.0
38 2.0
39 5.0
40 10.0
41 8.0
42 1.0
43 3.0
44 7.0
45 6.0
46 1.0
47 7.0
48 2.0
49 2.0
50 10.0
DEVIATION_SECTION
1 0.0
2 1.0
3 1.0
4 2.66667
5 1.0
6 1.0
7 1.33333
8 1.66667
9 3.33333
10 0.666667
11 2.0
12 0.666667
13 3.33333
14 1.0
15 1.33333
16 2.33333
17 0.333333
18 3.33333
19 1.0
20 1.0
21 0.333333
22 0.333333
23 0.333333
24 2.66667
25 1.66667
26 1.66667
27 1.33333
28 1.0
29 3.0
30 2.66667
31 1.0
32 0.333333
33 2.66667
34 0.666667
35 1.33333
36 1.66667
37 2.33333
38 0.666667
39 1.66667
40 3.33333
41 2.66667
42 0.333333
43 1.0
44 2.33333
45 2.0
46 0.333333
47 2.33333
48 0.666667
49 0.666667
50 3.33333
DISTANCE_MATRIX
0.0 49.2844 40.05 26.9302 45.0111 32.3857 31.4075 22.8254 46.3249 42.868 40.8044 32.2025 46.0109 19.105 14.1421 21.0525 43.868 40.8516 42.0595 52.803 45.0405 40.2689 48.0227 40.8534 32.3898 43.4166 11.7047 30.0483 52.4709 47.8853 47.0956 13.0384 45.618 46.9133 26.9258 53.3608 23.7697 14.8062 37.4698 25.318 22.6274 12.3693 58.8982 8.60233 40.3113 30.2324 43.888 36.2353 56.9386 57.4282 
49.2844 0.0 54.8748 22.3607 57.3847 55.1743 73.768 36.1935 53.7122 7.81025 74.1543 66.5412 75.1936 42.7857 56.5633 29.0689 14.1421 13.0384 44.9444 92.0768 11.0454 28.7924 25.0 63.2456 70.6159 51.1077 45.2825 26.7581 94.8314 82.8854 63.4065 54.9042 42.5441 5.09902 34.6717 4.24264 50.3413 34.0319 77.2566 44.4806 56.4164 43.4104 91.0171 41.8182 82.5598 33.6749 13.1529 39.4462 51.6236 87.398 
40.05 54.8748 0.0 54.1202 85.0529 13.4164 38.2099 21.9317 10.2956 60.2259 73.6918 65.8363 81.2069 59.1354 32.37 37.5766 66.0322 44.2869 80.7527 71.9412 65.309 73.3894 75.6981 79.9727 61.4812 9.21954 51.3517 46.1378 49.6488 76.9354 8.60233 30.5968 82.9948 58.7366 20.8087 54.4518 63.0013 33.5261 59.5049 15.1327 58.982 28.0179 40.3113 45.2769 33.2415 21.2132 65.4325 17.0 28.4605 35.6931 
26.9302 22.3607 54.1202 0.0 37.5899 48.9796 57.9934 32.5576 57.3149 15.5242 51.8001 44.187 52.8395 20.4316 40.8647 18.0278 18.4391 21.9827 28.2843 69.7226 19.0263 19.7231 25.0 41.2311 48.2618 54.3323 22.9283 8.60233 81.5887 60.5313 62.2977 39.9684 29.1548 19.6469 35.1283 26.4371 27.9871 20.6155 54.9024 39.2174 34.0623 29.2519 85.6831 19.464 66.9017 37.0 18.2483 44.0 62.1691 84.3381 
45.0111 57.3847 85.0529 37.5899 0.0 73.0616 61.5009 66.0984 90.7965 49.5782 38.2753 36.0694 31.9531 26.0192 55.7315 54.4255 46.2277 58.2601 14.8661 62.8013 48.9183 32.249 42.0476 15.6525 43.9318 87.8237 34.1321 42.1965 81.9843 46.5296 92.0217 56.3205 21.3776 53.0377 69.6536 61.6198 24.3516 56.1295 54.037 70.1783 32.6497 57.1402 97.3201 40.7922 78.2586 72.5143 46.8615 79.1295 98.7361 97.5913 
32.3857 55.1743 13.4164 48.9796 73.0616 0.0 25.6125 19.4407 22.6716 56.4378 60.7731 52.488 67.805 47.0425 18.9737 34.1265 62.244 44.5864 74.0414 61.4082 61.5208 68.5085 71.8708 66.9104 48.5625 20.6752 39.0 40.9429 41.1947 64.0167 19.0263 17.2627 76.9636 60.4831 20.6208 54.7542 50.2494 28.8631 46.6445 10.8384 45.607 21.2097 38.0132 38.6366 25.0 22.8516 61.6443 22.3358 39.4517 34.6699 
31.4075 73.768 38.2099 57.9934 61.5009 25.6125 0.0 45.0659 48.1041 67.3516 37.108 31.0644 46.5296 39.7907 17.2818 46.6661 74.9311 66.0444 65.053 38.3012 71.8414 70.9987 79.0859 50.8035 24.7386 46.0977 34.5313 61.1114 25.5242 39.5602 40.8167 19.2426 70.7678 71.3969 46.0434 77.8444 37.3141 40.3997 22.187 36.261 29.1204 33.7522 35.8469 39.9527 16.7631 48.2742 74.9511 47.7584 64.8742 36.1386 
22.8254 36.1935 21.9317 32.5576 66.0984 19.4407 45.0659 0.0 25.0 38.305 62.2254 53.7587 68.4105 41.1096 27.8612 15.6525 44.1112 25.6056 60.0333 73.6127 43.388 51.5461 53.7772 63.561 53.1995 22.0 34.4384 25.02 59.6311 68.7527 30.4138 26.2021 61.6604 42.3503 4.24264 35.7734 46.5188 12.0416 58.2795 8.60233 45.0 11.3137 55.2835 25.318 43.2815 7.81025 43.5115 13.4164 34.1321 51.6865 
46.3249 53.7122 10.2956 57.3149 90.7965 22.6716 48.1041 25.0 0.0 57.2025 83.3986 75.2279 90.5448 65.307 41.7079 39.6232 65.7286 43.2478 85.0235 82.2261 63.2186 75.71 76.8455 86.977 71.188 3.0 57.9741 50.01 59.808 86.6422 14.1421 39.9348 86.4696 57.6976 22.2036 52.6972 69.9214 37.0135 68.9896 21.1896 66.9906 33.9559 49.0 50.1597 43.4626 20.8806 64.7755 14.3178 18.4391 44.0454 
42.868 7.81025 60.2259 15.5242 49.5782 56.4378 67.3516 38.305 57.2025 0.0 67.1473 59.5342 68.1542 35.7787 50.1469 22.6525 8.544 14.3178 37.2156 85.0698 6.40312 21.587 19.6469 55.7584 63.6089 54.5296 38.2755 20.3417 88.415 75.8784 68.7171 48.4878 35.1141 4.12311 39.8938 12.0416 43.3343 27.6155 70.2496 46.1152 49.4094 36.994 94.4869 34.8112 76.1434 37.0416 7.61577 42.8885 57.0789 88.9675 
40.8044 74.1543 73.6918 51.8001 38.2753 60.7731 37.108 62.2254 83.3986 67.1473 0.0 8.60233 10.198 31.4006 41.9406 61.8466 68.469 81.6457 48.7032 24.7588 69.8713 60.208 70.0643 22.8035 12.3693 81.3194 31.7805 54.9182 49.4773 9.05539 77.096 44.0983 55.6597 71.2515 66.468 78.2307 24.0832 55.6004 21.095 62.6749 18.7883 50.9117 69.1809 44.2832 52.1644 70.0071 68.593 75.2288 96.0268 71.0 
32.2025 66.5412 65.8363 44.187 36.0694 52.488 31.0644 53.7587 75.2279 59.5342 8.60233 0.0 15.8114 24.0 33.5259 53.2462 61.0737 73.0454 44.2945 27.7308 62.2973 53.9351 63.5059 21.9545 8.06226 73.1487 23.4094 47.3051 47.0106 16.4924 70.1533 35.6836 50.9902 63.6384 58.0 70.6176 17.2627 47.0 18.3576 54.219 10.4403 42.45 65.1729 35.8469 47.0956 61.5224 61.131 66.773 87.5709 66.3707 
46.0109 75.1936 81.2069 52.8395 31.9531 67.805 46.5296 68.4105 90.5448 68.1542 10.198 15.8114 0.0 32.6497 48.8429 66.9403 68.4105 86.7395 44.4072 33.6006 70.214 58.2151 68.3593 16.4924 22.0227 87.4526 35.4683 55.9576 59.6657 15.5563 85.9377 51.0006 51.4782 72.2357 72.6223 79.2701 25.0599 60.6941 31.257 69.0747 23.4307 57.2014 79.3095 47.8017 62.0323 76.0592 68.6804 81.6088 102.416 81.0247 
19.105 42.7857 59.1354 20.4316 26.0192 47.0425 39.7907 41.1096 65.307 35.7787 31.4006 24.0 32.6497 0.0 30.0832 35.7787 37.1214 57.5919 25.807 50.448 38.4708 30.6757 39.8121 23.0217 28.8617 62.3699 8.24621 23.5497 63.9673 40.1995 66.0076 30.4138 31.1127 39.8829 44.9444 46.8622 7.61577 31.5466 36.6742 44.4072 14.3178 31.4006 73.8839 16.6433 55.0494 47.927 37.2156 54.4243 74.7329 72.9644 
14.1421 56.5633 32.37 40.8647 55.7315 18.9737 17.2818 27.8612 41.7079 50.1469 41.9406 33.5259 48.8429 30.0832 0.0 29.4614 55.8707 48.8398 55.0364 54.2865 54.6368 54.2034 61.9572 48.2597 32.9147 39.6287 21.8403 43.9828 38.3452 48.468 37.6563 3.16228 59.1692 54.1923 32.1039 60.6398 32.0156 23.195 38.1723 28.3107 26.6833 16.5475 44.8219 22.6716 26.1725 35.6485 55.1858 40.8647 61.6626 43.566 
21.0525 29.0689 37.5766 18.0278 54.4255 34.1265 46.6661 15.6525 39.6232 22.6525 61.8466 53.2462 66.9403 35.7787 29.4614 0.0 28.4587 23.2519 46.2709 73.6456 27.7355 36.1386 38.1247 56.7111 53.2324 36.6742 31.8471 12.53 67.3303 68.7855 46.0652 27.8023 47.0425 26.6978 17.4642 33.1453 43.7568 6.32456 58.3125 23.6008 43.6298 16.1555 69.9693 21.5879 55.0588 19.0263 27.859 26.0192 44.3847 66.3723 
43.868 14.1421 66.0322 18.4391 46.2277 62.244 74.9311 44.1112 65.7286 8.544 68.469 61.0737 68.4105 37.1214 55.8707 28.4587 0.0 22.8473 32.5576 86.6604 3.16228 15.2643 11.1803 54.626 65.1995 63.0558 39.8661 25.4951 98.5265 77.3175 74.5233 54.2115 29.1548 9.05539 45.7 17.72 44.4072 33.4218 71.8402 51.9215 51.0 42.7177 100.211 36.4018 81.8672 45.5677 1.0 51.4147 65.2763 94.7737 
40.8516 13.0384 44.2869 21.9827 58.2601 44.5864 66.0444 25.6056 43.2478 14.3178 81.6457 73.0454 86.7395 57.5919 48.8398 23.2519 22.8473 0.0 47.2144 94.5912 20.5913 34.0147 33.8378 63.0384 73.0204 40.575 51.6462 35.7435 84.7767 88.5696 52.8186 47.1806 46.415 15.6205 24.0838 14.5602 63.5559 26.3097 79.258 33.8927 63.429 33.406 80.4292 41.387 68.4271 23.087 21.9317 28.9339 44.1022 76.8101 
42.0595 44.9444 80.7527 28.2843 14.8661 74.0414 65.053 60.0333 85.0235 37.2156 48.7032 44.2945 44.4072 25.807 55.0364 46.2709 32.5576 47.2144 0.0 72.0069 35.4683 17.8045 27.2947 28.0713 51.3128 82.0244 33.6155 35.0143 89.2297 57.5674 88.459 54.7814 7.07107 40.2244 63.0079 49.0918 28.4253 48.0104 60.6053 65.6201 37.6431 52.9528 99.3345 35.5106 80.5001 65.123 33.3017 72.111 90.4268 98.4124 
52.803 92.0768 71.9412 69.7226 62.8013 61.4082 38.3012 73.6127 82.2261 85.0698 24.7588 27.7308 33.6006 50.448 54.2865 73.6456 86.6604 94.5912 72.0069 0.0 87.8329 81.0432 90.2441 47.5079 21.587 80.7348 47.1699 72.8407 31.5753 18.3576 72.389 56.2473 78.721 89.7057 77.8553 96.1532 44.5982 67.1357 16.4924 71.5999 36.1386 62.299 53.6004 58.2015 41.3401 81.3999 86.6804 83.0974 100.213 56.921 
45.0405 11.0454 65.309 19.0263 48.9183 61.5208 71.8414 43.388 63.2186 6.40312 69.8713 62.2973 70.214 38.4708 54.6368 27.7355 3.16228 20.5913 35.4683 87.8329 0.0 18.3576 14.0357 56.7979 66.372 60.5458 41.0386 25.2982 92.9048 78.6384 73.8001 53.5708 32.249 6.0 44.0545 14.5602 45.8912 32.6986 73.0127 51.1983 52.1725 42.077 99.57 37.5743 81.2265 43.0577 2.23607 48.9047 62.3939 94.0505 
40.2689 28.7924 73.3894 19.7231 32.249 68.5085 70.9987 51.5461 75.71 21.587 60.208 53.9351 58.2151 30.6757 54.2034 36.1386 15.2643 34.0147 17.8045 81.0432 18.3576 0.0 10.198 42.9535 59.4811 72.7805 35.8469 28.3019 94.1207 69.2604 81.7068 53.307 13.8924 23.7697 53.6004 32.6956 36.6742 39.9249 67.2309 58.6941 44.9222 48.7808 99.0218 32.8027 80.2403 54.9181 16.1245 61.8142 78.0256 97.6767 
48.0227 25.0 75.6981 25.0 42.0476 71.8708 79.0859 53.7772 76.8455 19.6469 70.0643 63.5059 68.3593 39.8121 61.9572 38.1247 11.1803 33.8378 27.2947 90.2441 14.0357 10.198 0.0 53.1507 68.6586 74.3952 44.0114 33.3017 102.681 79.1012 84.1893 61.0609 22.0227 20.025 55.366 28.1603 46.2709 43.0116 75.8947 61.5873 54.1295 52.2663 109.759 40.5565 87.9942 56.4281 12.1655 62.5316 76.4199 104.24 
40.8534 63.2456 79.9727 41.2311 15.6525 66.9104 50.8035 63.561 86.977 55.7584 22.8035 21.9545 16.4924 23.0217 48.2597 56.7111 54.626 63.0384 28.0713 47.5079 56.7979 42.9535 53.1507 0.0 30.0167 84.119 29.1548 44.482 68.8767 30.8869 85.8429 49.6488 35.1283 59.6825 67.5426 67.424 17.088 54.3546 40.3113 65.8027 22.0227 53.1413 86.1571 39.6611 67.4685 70.6612 55.0364 76.9675 97.4936 86.885 
32.3898 70.6159 61.4812 48.2618 43.9318 48.5625 24.7386 53.1995 71.188 63.6089 12.3693 8.06226 22.0227 28.8617 32.9147 53.2324 65.1995 73.0204 51.3128 21.587 66.372 59.4811 68.6586 30.0167 0.0 69.1088 26.0192 51.3798 39.0 16.2788 64.8845 35.0724 57.8014 68.2449 57.4421 74.6924 23.2594 46.7225 10.2956 53.6489 14.5602 41.8857 57.5587 37.6563 40.0125 60.9867 65.2195 66.2029 87.0008 59.0762 
43.4166 51.1077 9.21954 54.3323 87.8237 20.6752 46.0977 22.0 3.0 54.5296 81.3194 73.1487 87.4526 62.3699 39.6287 36.6742 63.0558 40.575 82.0244 80.7348 60.5458 72.7805 74.3952 84.119 69.1088 0.0 55.0818 47.0106 58.8218 84.563 14.8661 45.0295 83.4865 55.0247 19.2354 50.2195 67.0522 34.0147 66.9547 18.3848 64.1803 31.0483 49.0918 47.1699 42.3792 18.0278 62.1026 11.6619 19.3132 44.2832 
11.7047 45.2825 51.3517 22.9283 34.1321 39.0 34.5313 34.4384 57.9741 38.2755 31.7805 23.4094 35.4683 8.24621 21.8403 31.8471 39.8661 51.6462 33.6155 47.1699 41.0386 35.8469 44.0114 29.1548 26.0192 55.0818 0.0 26.0464 58.7079 39.8497 58.0086 22.2036 38.4187 42.3797 38.4708 49.3589 12.083 25.6008 32.0156 36.8782 13.0 24.0416 65.7717 12.53 46.9372 41.6773 39.8861 47.8539 68.4763 64.8522 
30.0483 26.7581 46.1378 8.60233 42.1965 40.9429 61.1114 25.02 50.01 20.3417 54.9182 47.3051 55.9576 23.5497 43.9828 12.53 25.4951 35.7435 35.0143 72.8407 25.2982 28.3019 33.3017 44.482 51.3798 47.0106 26.0464 0.0 84.7068 63.6494 54.2626 43.0865 36.8782 24.387 28.0713 30.8345 31.1052 13.0 58.0205 31.1807 37.1803 21.2152 78.7082 22.5821 70.0197 30.4138 25.0799 37.3363 56.6127 73.1887 
52.4709 94.8314 49.6488 81.5887 81.9843 41.1947 25.5242 59.6311 59.808 88.415 49.4773 47.0106 59.6657 63.9673 38.3452 67.3303 98.5265 84.7767 89.2297 31.5753 92.9048 94.1207 102.681 68.8767 39.0 58.8218 58.7079 84.7068 0.0 47.0956 47.8853 40.306 94.9445 92.4603 60.8112 94.9446 59.4234 61.463 28.7924 51.0287 50.2038 54.8156 22.1359 61.0161 16.4924 63.0419 93.4538 62.514 78.1089 25.9422 
47.8853 82.8854 76.9354 60.5313 46.5296 64.0167 39.5602 68.7527 86.6422 75.8784 9.05539 16.4924 15.5563 40.1995 48.468 68.7855 77.3175 88.5696 57.5674 18.3576 78.6384 69.2604 79.1012 30.8869 16.2788 84.563 39.8497 63.6494 47.0956 0.0 80.1784 50.6257 64.56 79.9827 72.9954 86.9619 33.0151 62.5392 21.1896 69.2022 26.9258 57.439 68.1175 52.2015 52.6308 76.54 77.4145 81.7562 102.554 70.5762 
47.0956 63.4065 8.60233 62.2977 92.0217 19.0263 40.8167 30.4138 14.1421 68.7171 77.096 70.1533 85.9377 66.0076 37.6563 46.0652 74.5233 52.8186 88.459 72.389 73.8001 81.7068 84.1893 85.8429 64.8845 14.8661 58.0086 54.2626 47.8853 80.1784 0.0 36.2215 91.1196 67.2683 29.4109 62.9682 69.2604 41.7852 62.8052 23.0868 64.3273 35.5106 35.0571 52.9528 32.2025 29.7321 73.9237 25.0 32.0624 30.0 
13.0384 54.9042 30.5968 39.9684 56.3205 17.2627 19.2426 26.2021 39.9348 48.4878 44.0983 35.6836 51.0006 30.4138 3.16228 27.8023 54.2115 47.1806 54.7814 56.2473 53.5708 53.307 61.0609 49.6488 35.0724 45.0295 22.2036 43.0865 40.306 50.6257 36.2215 0.0 58.5918 52.5331 30.4448 58.9806 33.0606 21.5359 40.1331 26.6516 28.4605 14.8884 46.0109 21.2603 27.8029 33.9894 53.5266 39.2056 60.0035 44.4072 
45.618 42.5441 82.9948 29.1548 21.3776 76.9636 70.7678 61.6604 86.4696 35.1141 55.6597 50.9902 51.4782 31.1127 59.1692 47.0425 29.1548 46.415 7.07107 78.721 32.249 13.8924 22.0227 35.1283 57.8014 83.4865 38.4187 36.8782 94.9445 64.56 91.1196 58.5918 0.0 37.5766 64.2806 46.5188 34.6699 49.6488 66.8506 68.0378 43.8292 55.7876 103.761 38.3276 84.9264 66.0681 30.0167 73.0616 90.4604 102.728 
46.9133 5.09902 58.7366 19.6469 53.0377 60.4831 71.3969 42.3503 57.6976 4.12311 71.2515 63.6384 72.2357 39.8829 54.1923 26.6978 9.05539 15.6205 40.2244 89.7057 6.0 23.7697 20.025 59.6825 68.2449 55.0247 42.3797 24.387 92.4603 79.9827 67.2683 52.5331 37.5766 0.0 38.5335 8.94427 47.4385 31.6609 74.8855 50.1606 53.5136 41.0393 98.5323 39.4471 80.1888 37.5367 8.06226 43.3836 56.4358 93.0128 
26.9258 34.6717 20.8087 35.1283 69.6536 20.6208 46.0434 4.24264 22.2036 39.8938 66.468 58.0 72.6223 44.9444 32.1039 17.4642 45.7 24.0838 63.0079 77.8553 44.0545 53.6004 55.366 67.5426 57.4421 19.2354 38.4708 28.0713 60.8112 72.9954 29.4109 30.4448 64.2806 38.5335 0.0 34.2516 50.5371 15.1327 62.5222 10.198 49.2037 15.5563 56.4624 28.8658 44.4616 3.60555 45.1003 9.48683 30.0167 52.7731 
53.3608 4.24264 54.4518 26.4371 61.6198 54.7542 77.8444 35.7734 52.6972 12.0416 78.2307 70.6176 79.2701 46.8622 60.6398 33.1453 17.72 14.5602 49.0918 96.1532 14.5602 32.6956 28.1603 67.424 74.6924 50.2195 49.3589 30.8345 94.9446 86.9619 62.9682 58.9806 46.5188 8.94427 34.2516 0.0 54.4177 38.1084 81.333 44.0605 60.4929 43.5739 90.597 45.8946 78.595 33.2415 16.7631 38.6005 49.2443 86.9779 
23.7697 50.3413 63.0013 27.9871 24.3516 50.2494 37.3141 46.5188 69.9214 43.3343 24.0832 17.2627 25.0599 7.61577 32.0156 43.7568 44.4072 63.5559 28.4253 44.5982 45.8912 36.6742 46.2709 17.088 23.2594 67.0522 12.083 31.1052 59.4234 33.0151 69.2604 33.0606 34.6699 47.4385 50.5371 54.4177 0.0 37.5106 32.2025 48.7647 9.21954 36.0555 73.1333 23.3452 54.0718 53.7122 44.5533 59.9333 80.5295 73.4045 
14.8062 34.0319 33.5261 20.6155 56.1295 28.8631 40.3997 12.0416 37.0135 27.6155 55.6004 47.0 60.6941 31.5466 23.195 6.32456 33.4218 26.3097 48.0104 67.1357 32.6986 39.9249 43.0116 54.3546 46.7225 34.0147 25.6008 13.0 61.463 62.5392 41.7852 21.5359 49.6488 31.6609 15.1327 38.1084 37.5106 0.0 51.8025 18.7883 37.3836 9.84886 64.7059 15.3417 49.1915 17.72 32.8221 24.5153 44.3847 61.1089 
37.4698 77.2566 59.5049 54.9024 54.037 46.6445 22.187 58.2795 68.9896 70.2496 21.095 18.3576 31.257 36.6742 38.1723 58.3125 71.8402 79.258 60.6053 16.4924 73.0127 67.2309 75.8947 40.3113 10.2956 66.9547 32.0156 58.0205 28.7924 21.1896 62.8052 40.1331 66.8506 74.8855 62.5222 81.333 32.2025 51.8025 0.0 57.1179 23.0217 46.9658 48.0937 42.8683 31.5753 66.0668 71.8601 68.6154 85.7312 50.04 
25.318 44.4806 15.1327 39.2174 70.1783 10.8384 36.261 8.60233 21.1896 46.1152 62.6749 54.219 69.0747 44.4072 28.3107 23.6008 51.9215 33.8927 65.6201 71.5999 51.1983 58.6941 61.5873 65.8027 53.6489 18.3848 36.8782 31.1807 51.0287 69.2022 23.0868 26.6516 68.0378 50.1606 10.198 44.0605 48.7647 18.7883 57.1179 0.0 45.8023 13.0384 46.6812 30.1496 34.6791 13.0 51.3218 14.7648 34.6554 43.0842 
22.6274 56.4164 58.982 34.0623 32.6497 45.607 29.1204 45.0 66.9906 49.4094 18.7883 10.4403 23.4307 14.3178 26.6833 43.6298 51.0 63.429 37.6431 36.1386 52.1725 44.9222 54.1295 22.0227 14.5602 64.1803 13.0 37.1803 50.2038 26.9258 64.3273 28.4605 43.8292 53.5136 49.2037 60.4929 9.21954 37.3836 23.0217 45.8023 0.0 33.8378 64.846 25.4951 45.8803 52.6308 51.02 58.2495 79.0569 65.2534 
12.3693 43.4104 28.0179 29.2519 57.1402 21.2097 33.7522 11.3137 33.9559 36.994 50.9117 42.45 57.2014 31.4006 16.5475 16.1555 42.7177 33.406 52.9528 62.299 42.077 48.7808 52.2663 53.1413 41.8857 31.0483 24.0416 21.2152 54.8156 57.439 35.5106 14.8884 55.7876 41.0393 15.5563 43.5739 36.0555 9.84886 46.9658 13.0384 33.8378 0.0 60.8876 17.4642 42.5441 19.105 42.2005 24.4131 45.2217 59.2888 
58.8982 91.0171 40.3113 85.6831 97.3201 38.0132 35.8469 55.2835 49.0 94.4869 69.1809 65.1729 79.3095 73.8839 44.8219 69.9693 100.211 80.4292 99.3345 53.6004 99.57 99.0218 109.759 86.1571 57.5587 49.0918 65.7717 78.7082 22.1359 68.1175 35.0571 46.0109 103.761 98.5323 56.4624 90.597 73.1333 64.7059 48.0937 46.6812 64.846 60.8876 0.0 67.2681 19.2354 58.5235 99.6935 56.5155 67.1193 5.38516 
8.60233 41.8182 45.2769 19.464 40.7922 38.6366 39.9527 25.318 50.1597 34.8112 44.2832 35.8469 47.8017 16.6433 22.6716 21.5879 36.4018 41.387 35.5106 58.2015 37.5743 32.8027 40.5565 39.6611 37.6563 47.1699 12.53 22.5821 61.0161 52.2015 52.9528 21.2603 38.3276 39.4471 28.8658 45.8946 23.3452 15.3417 42.8683 30.1496 25.4951 17.4642 67.2681 0.0 48.8365 31.7264 36.4217 38.3417 58.5302 65.6696 
40.3113 82.5598 33.2415 66.9017 78.2586 25.0 16.7631 43.2815 43.4626 76.1434 52.1644 47.0956 62.0323 55.0494 26.1725 55.0588 81.8672 68.4271 80.5001 41.3401 81.2265 80.2403 87.9942 67.4685 40.0125 42.3792 46.9372 70.0197 16.4924 52.6308 32.2025 27.8029 84.9264 80.1888 44.4616 78.595 54.0718 49.1915 31.5753 34.6791 45.8803 42.5441 19.2354 48.8365 0.0 46.6923 81.1823 46.1736 61.6847 19.4165 
30.2324 33.6749 21.2132 37.0 72.5143 22.8516 48.2742 7.81025 20.8806 37.0416 70.0071 61.5224 76.0592 47.927 35.6485 19.0263 45.5677 23.087 65.123 81.3999 43.0577 54.9181 56.4281 70.6612 60.9867 18.0278 41.6773 30.4138 63.0419 76.54 29.7321 33.9894 66.0681 37.5367 3.60555 33.2415 53.7122 17.72 66.0668 13.0 52.6308 19.105 58.5235 31.7264 46.6923 0.0 44.6146 7.0 26.8328 54.626 
43.888 13.1529 65.4325 18.2483 46.8615 61.6443 74.9511 43.5115 64.7755 7.61577 68.593 61.131 68.6804 37.2156 55.1858 27.859 1.0 21.9317 33.3017 86.6804 2.23607 16.1245 12.1655 55.0364 65.2195 62.1026 39.8861 25.0799 93.4538 77.4145 73.9237 53.5266 30.0167 8.06226 45.1003 16.7631 44.5533 32.8221 71.8601 51.3218 51.02 42.2005 99.6935 36.4217 81.1823 44.6146 0.0 50.4615 64.2806 94.174 
36.2353 39.4462 17.0 44.0 79.1295 22.3358 47.7584 13.4164 14.3178 42.8885 75.2288 66.773 81.6088 54.4243 40.8647 26.0192 51.4147 28.9339 72.111 83.0974 48.9047 61.8142 62.5316 76.9675 66.2029 11.6619 47.8539 37.3363 62.514 81.7562 25.0 39.2056 73.0616 43.3836 9.48683 38.6005 59.9333 24.5153 68.6154 14.7648 58.2495 24.4131 56.5155 38.3417 46.1736 7.0 50.4615 0.0 20.8087 52.2015 
56.9386 51.6236 28.4605 62.1691 98.7361 39.4517 64.8742 34.1321 18.4391 57.0789 96.0268 87.5709 102.416 74.7329 61.6626 44.3847 65.2763 44.1022 90.4268 100.213 62.3939 78.0256 76.4199 97.4936 87.0008 19.3132 68.4763 56.6127 78.1089 102.554 32.0624 60.0035 90.4604 56.4358 30.0167 49.2443 80.5295 44.3847 85.7312 34.6554 79.0569 45.2217 67.1193 58.5302 61.6847 26.8328 64.2806 20.8087 0.0 62.0322 
57.4282 87.398 35.6931 84.3381 97.5913 34.6699 36.1386 51.6865 44.0454 88.9675 71.0 66.3707 81.0247 72.9644 43.566 66.3723 94.7737 76.8101 98.4124 56.921 94.0505 97.6767 104.24 86.885 59.0762 44.2832 64.8522 73.1887 25.9422 70.5762 30.0 44.4072 102.728 93.0128 52.7731 86.9779 73.4045 61.1089 50.04 43.0842 65.2534 59.2888 5.38516 65.6696 19.4165 54.626 94.174 52.2015 62.0322 0.0 
DEMAND_SCENARIO_SECTION
0 0 0 0 0 0 0 0 0 0 0 0 0 0 0 0 0 0 0 0 0 0 0 0 0 0 0 0 0 0 0 0 0 0 0 0 0 0 0 0 0 0 0 0 0 0 0 0 0 0 0 0 0 0 0 0 0 0 0 0 0 0 0 0 0 0 0 0 0 0 0 0 0 0 0 0 0 0 0 0 0 0 0 0 0 0 0 0 0 0 0 0 0 0 0 0 0 0 0 0 0 0 0 0 0 0 0 0 0 0 0 0 0 0 0 0 0 0 0 0 0 0 0 0 0 0 0 0 0 0 0 0 0 0 0 0 0 0 0 0 0 0 0 0 0 0 0 0 0 0 0 0 0 0 0 0 0 0 0 0 0 0 0 0 0 0 0 0 0 0 0 0 0 0 0 0 0 0 0 0 0 0 0 0 0 0 0 0 0 0 0 0 0 0 0 0 0 0 0 0 
2 3 3 3 3 1 1 2 5 2 4 5 3 3 1 3 2 2 3 2 4 3 1 4 3 4 2 2 2 1 2 3 3 3 4 4 4 4 1 3 3 3 2 2 3 4 4 2 3 4 4 2 5 3 3 2 3 1 3 1 2 4 3 3 2 3 2 2 3 2 2 3 4 3 3 2 4 4 4 1 4 2 3 4 5 4 3 3 3 3 4 2 3 2 4 4 3 3 4 2 4 2 4 2 3 4 3 1 2 2 4 3 2 3 3 1 2 2 4 3 2 4 3 3 4 3 3 4 2 3 4 3 1 4 4 4 4 2 3 3 3 1 2 2 5 2 2 4 4 3 1 2 3 2 2 2 3 4 3 2 4 3 4 3 3 4 3 3 3 5 4 2 2 3 4 2 3 5 2 4 3 3 2 3 3 2 2 2 2 1 3 2 4 4 4 3 3 2 3 3 
3 4 4 4 3 4 3 4 3 1 3 3 4 2 3 2 2 1 4 2 5 3 3 3 5 3 2 4 2 5 5 4 4 5 4 3 1 2 5 3 2 4 5 2 5 3 3 2 3 2 2 4 2 3 3 2 3 3 3 4 4 2 5 4 4 4 4 4 5 4 1 2 4 3 3 5 3 3 2 4 2 2 2 4 4 3 5 2 3 3 4 3 3 4 3 3 3 1 4 3 3 5 2 3 2 3 3 2 2 5 3 2 2 2 4 1 3 3 3 2 3 4 4 4 3 3 3 3 4 3 5 3 3 4 1 2 3 4 3 2 2 4 4 4 4 4 4 3 4 4 1 3 2 2 2 3 3 5 1 3 4 5 5 3 2 4 4 4 4 3 3 3 4 3 2 3 6 4 4 2 3 1 4 4 3 2 3 4 4 2 4 2 4 3 2 3 3 2 3 4 
12 6 8 4 10 9 8 6 9 12 13 7 8 8 2 8 8 9 6 12 12 7 8 13 14 8 5 10 10 6 9 13 5 12 8 12 11 13 6 11 9 12 7 10 8 6 11 6 9 14 13 9 2 9 9 13 7 8 5 10 10 12 10 12 12 11 13 8 9 4 10 5 12 13 7 7 6 9 12 4 8 8 5 6 5 9 8 8 10 5 6 12 9 7 12 10 10 9 5 10 9 12 10 6 10 10 12 6 4 7 8 4 14 5 9 9 4 6 7 15 9 12 10 9 8 7 7 10 3 8 7 8 4 9 13 4 4 7 8 10 6 8 13 8 9 9 7 9 5 4 8 10 6 10 4 7 8 5 12 6 6 6 4 3 8 2 11 10 8 8 8 11 7 13 10 9 7 6 4 11 8 10 6 5 11 8 10 8 9 8 11 6 12 9 5 4 7 4 6 7 
3 2 3 3 4 2 3 3 5 2 2 4 2 2 2 3 3 2 3 2 1 4 2 2 2 4 2 2 3 3 4 3 3 3 2 3 5 5 4 2 2 4 2 2 2 4 3 3 2 3 2 1 3 3 4 3 4 3 3 1 3 2 3 5 2 2 3 1 3 4 6 6 3 4 3 2 2 2 4 4 2 2 3 4 2 4 3 3 2 3 4 4 3 4 2 2 1 4 4 3 3 1 4 3 1 4 2 3 3 4 3 3 3 4 4 5 4 3 4 2 4 3 1 4 4 4 4 3 4 3 4 2 2 3 4 5 2 1 4 4 1 3 3 4 2 3 4 3 3 3 3 2 1 3 4 4 2 3 3 3 5 2 4 3 2 3 3 5 1 4 3 3 3 2 2 2 5 4 3 4 3 4 1 2 3 2 1 4 2 3 3 3 4 3 2 5 5 4 3 5 
3 4 4 2 4 3 4 5 3 3 4 3 5 2 4 2 5 2 4 5 4 3 3 1 3 2 3 4 1 3 2 2 3 4 3 2 1 2 3 3 4 3 2 3 4 4 3 3 2 3 4 4 2 2 3 5 3 3 2 4 4 4 3 2 2 5 4 3 4 2 3 3 3 3 2 4 1 4 4 3 3 4 3 4 4 1 4 4 3 4 3 2 4 2 2 3 3 3 3 2 3 2 2 2 1 4 3 4 3 6 2 5 2 3 3 2 5 3 3 4 4 4 5 5 4 4 2 5 4 3 3 3 5 3 3 4 3 4 3 2 4 4 2 3 2 4 4 2 3 2 2 4 2 5 3 4 2 3 3 5 2 3 5 3 2 1 3 5 3 4 2 2 2 3 1 2 4 4 1 4 3 5 3 6 1 3 3 3 2 2 3 3 4 2 2 2 3 3 2 2 
4 5 4 4 3 4 3 4 3 7 4 5 5 4 5 4 4 4 3 7 4 0 5 3 3 4 5 3 4 6 6 5 2 6 5 4 4 4 4 5 4 5 5 8 4 2 5 1 5 4 7 3 4 4 3 4 2 6 3 3 4 6 4 3 3 4 2 3 3 3 5 6 2 7 4 6 3 2 4 4 5 1 4 4 0 2 4 5 5 4 5 4 5 5 5 3 5 4 5 1 3 6 5 5 4 2 4 3 4 6 3 4 5 4 4 2 5 4 1 3 3 5 4 3 5 4 2 1 4 2 3 3 5 4 6 4 3 5 3 4 1 1 7 3 2 2 4 7 3 6 3 2 5 4 3 3 5 3 2 4 5 3 3 4 6 4 4 2 5 5 6 6 3 6 2 3 3 4 5 4 4 3 4 2 6 4 3 2 4 4 3 6 4 4 6 3 4 2 4 4 
6 4 5 5 5 8 5 4 7 4 5 5 7 5 3 4 6 3 5 9 5 5 4 5 1 7 3 4 4 5 5 9 5 4 4 2 4 7 4 6 6 6 6 6 6 5 6 5 3 8 5 5 4 3 6 1 5 5 6 4 2 5 5 3 8 3 3 5 5 5 3 8 7 5 7 7 2 2 6 6 5 5 6 6 6 3 2 7 2 8 6 9 4 3 4 5 4 2 5 3 5 5 6 4 6 2 6 4 3 5 5 4 8 5 7 5 6 4 1 5 6 6 5 7 6 6 4 4 5 6 3 3 6 5 6 4 8 4 5 3 7 4 2 7 3 7 5 5 7 5 7 6 4 5 8 4 6 4 6 7 5 4 4 2 2 3 5 6 7 8 7 5 8 5 4 6 7 5 8 3 3 6 2 3 5 5 6 3 4 7 5 4 2 5 6 5 4 3 3 4 
15 8 10 7 1 13 9 11 12 10 7 13 10 8 13 6 14 10 11 13 9 6 13 14 9 15 6 8 13 8 11 8 9 7 7 12 11 8 5 8 15 11 12 9 10 7 11 8 9 17 12 7 9 11 10 12 11 15 14 15 11 13 8 9 6 7 8 12 7 9 15 17 8 7 10 11 12 10 9 10 10 11 14 5 13 10 12 7 9 11 8 10 9 10 12 10 11 8 13 10 13 10 7 10 6 12 15 9 13 4 8 9 13 4 6 5 12 5 11 13 12 12 10 9 11 7 8 13 9 9 11 7 12 11 11 6 6 6 11 13 13 13 7 12 16 10 10 4 6 8 9 9 8 12 5 8 12 14 7 10 11 9 14 8 9 13 8 14 8 13 12 6 17 5 6 6 13 6 11 10 11 5 4 12 5 13 8 16 8 9 18 9 8 11 8 10 11 11 11 10 
1 3 2 2 3 2 3 1 2 1 1 3 2 2 2 1 2 2 1 1 2 2 1 3 3 1 2 2 2 2 2 2 2 4 1 3 3 2 1 1 2 2 1 2 0 3 1 3 1 2 2 2 3 3 3 3 2 3 1 2 3 1 2 2 2 3 2 2 2 1 0 2 2 1 1 2 2 2 3 2 2 2 2 1 2 2 3 4 3 2 2 2 3 2 2 4 2 2 2 2 2 3 1 2 1 2 2 2 2 2 2 1 3 2 2 2 2 3 1 1 2 2 2 3 2 0 2 2 1 2 2 2 3 2 3 3 1 1 1 1 3 2 3 3 3 1 2 2 3 1 3 3 2 3 1 2 2 2 1 2 1 3 2 2 3 3 2 2 2 3 2 1 1 2 2 1 3 3 1 2 1 2 2 3 1 1 3 2 3 3 3 2 2 2 2 2 2 1 1 1 
7 10 9 9 2 4 4 7 2 4 4 8 2 3 4 4 4 6 5 7 7 7 6 5 4 7 8 6 5 4 7 6 3 10 7 2 5 8 6 7 5 5 6 4 3 6 7 10 3 5 3 8 4 5 6 6 6 6 5 5 4 5 7 5 7 8 4 4 7 2 7 6 9 5 6 4 4 8 5 8 8 8 6 1 8 5 5 7 5 5 3 12 6 7 7 7 7 8 6 7 10 9 8 9 7 4 6 4 5 8 5 8 7 4 6 9 5 1 5 7 7 9 5 10 6 3 5 3 4 10 8 4 5 3 7 7 4 8 8 3 6 10 7 6 5 7 6 7 7 7 6 4 3 6 6 4 3 8 9 6 8 7 8 6 6 7 3 8 4 6 7 2 6 5 7 6 8 4 4 3 6 7 6 4 8 8 5 6 10 6 5 9 3 5 7 6 6 4 5 5 
3 2 2 2 2 2 2 3 1 1 2 2 3 2 2 2 2 3 2 1 2 2 2 2 2 2 2 2 3 2 1 2 3 2 3 2 3 2 2 1 2 2 1 3 2 2 2 2 1 1 2 2 3 4 2 3 2 4 2 2 3 3 1 2 1 2 1 2 1 1 2 3 1 1 1 1 2 1 3 2 1 2 2 0 2 2 1 2 1 2 2 2 2 1 1 1 2 1 2 2 2 3 1 2 2 2 2 2 2 3 1 1 2 4 2 2 1 3 2 2 3 2 2 1 1 3 2 1 2 1 2 3 1 1 3 3 2 2 1 3 1 1 2 2 3 2 2 1 3 2 3 2 2 2 1 2 3 1 2 2 3 3 1 3 2 1 3 2 3 1 2 3 2 2 2 2 2 3 2 2 1 2 2 1 1 2 4 3 3 2 1 2 1 1 2 2 1 1 2 1 
10 14 5 11 12 9 8 7 9 10 6 8 11 11 4 12 13 9 10 11 4 12 8 9 7 6 12 8 11 6 12 11 13 8 12 9 10 11 8 10 12 11 7 8 13 10 12 12 5 11 7 11 10 16 17 13 11 6 8 13 14 11 5 16 12 8 15 8 14 11 8 12 9 12 14 12 12 6 13 12 10 11 6 3 8 11 15 9 13 9 6 12 10 17 11 8 5 9 10 13 10 12 15 3 6 15 12 6 12 6 7 12 11 12 10 6 9 10 13 12 7 8 10 10 9 9 10 12 9 9 9 14 10 10 8 10 15 9 12 8 8 14 0 14 10 2 11 7 13 12 11 8 13 10 11 13 11 12 12 7 9 11 13 10 11 12 6 9 11 13 10 13 13 15 9 12 11 9 11 5 6 7 12 18 15 11 15 6 11 9 9 15 12 10 9 5 15 19 5 3 
3 3 1 3 4 1 3 3 3 4 4 3 3 3 4 4 2 3 2 3 3 1 3 4 3 3 4 3 3 4 4 3 2 1 2 3 2 3 4 3 3 1 3 4 3 1 2 4 3 2 2 3 2 3 4 1 3 3 2 4 2 4 5 1 2 5 3 2 5 3 3 2 3 1 3 5 2 4 1 6 2 4 4 3 2 3 2 3 3 3 3 1 3 3 2 3 4 3 6 2 2 3 4 4 1 3 4 5 4 4 3 4 3 2 2 4 2 3 3 3 3 2 2 3 3 3 2 4 2 4 2 4 2 1 2 3 2 3 3 3 3 2 1 3 2 5 4 3 4 4 4 4 3 4 4 3 4 3 4 2 3 3 4 2 3 3 3 4 2 4 4 3 3 3 3 4 3 2 2 1 3 4 2 4 3 4 3 3 2 2 3 1 2 3 3 2 3 4 2 3 
4 4 3 3 2 2 7 5 5 4 3 4 3 4 6 4 4 5 6 3 4 4 3 4 2 5 4 3 4 4 5 4 4 3 4 4 2 2 4 4 2 5 2 4 3 5 4 5 6 4 4 4 2 8 2 4 3 6 5 6 3 1 5 2 5 2 5 2 3 6 3 4 5 4 2 6 4 5 4 4 3 3 6 6 3 6 4 6 3 3 4 5 3 2 4 5 4 5 4 2 4 3 2 5 6 6 3 6 3 7 7 3 3 4 5 3 4 3 3 6 6 6 2 3 7 5 5 6 2 5 4 3 4 4 6 2 5 6 6 3 4 3 5 3 4 4 3 5 6 5 6 6 5 5 3 4 4 5 3 3 2 2 4 3 4 4 1 4 7 3 4 3 5 3 5 1 3 4 5 4 2 3 5 4 3 3 4 5 4 4 5 5 3 2 2 6 3 4 4 5 
5 8 11 9 11 5 5 7 5 10 9 5 7 7 9 8 6 10 6 5 11 10 8 9 1 7 7 6 6 10 8 8 9 13 11 10 7 7 7 3 8 6 8 5 11 7 8 8 9 9 14 9 4 6 5 7 11 7 7 5 7 4 5 9 4 7 6 7 5 6 12 6 7 9 11 5 6 11 5 4 9 6 7 9 5 8 7 8 5 9 8 13 8 6 11 8 8 5 10 8 3 8 7 10 8 11 8 8 5 7 7 7 8 8 2 7 7 13 11 7 5 6 11 11 5 9 4 9 9 5 6 7 7 6 5 2 6 6 8 8 7 6 8 5 7 10 5 5 7 5 4 7 7 11 7 6 7 6 8 8 5 8 7 3 6 8 7 4 8 6 6 7 6 8 6 5 6 7 6 6 7 10 5 6 8 8 2 6 11 10 11 6 9 11 8 8 6 7 2 8 
0 1 1 1 1 0 1 1 1 1 1 1 1 1 1 1 1 1 1 1 1 2 1 2 1 1 1 1 1 1 1 1 1 1 1 1 1 0 1 1 1 0 1 0 1 0 2 1 1 1 1 1 2 2 1 1 1 2 1 1 1 1 1 1 1 1 1 1 1 1 1 1 1 1 1 1 1 2 1 1 1 1 1 1 1 1 1 1 2 1 1 1 1 1 1 1 1 1 0 1 1 1 2 1 1 1 2 2 1 1 1 2 1 1 1 1 1 1 1 1 1 1 1 1 1 1 1 1 1 1 1 2 1 1 1 1 2 1 1 1 1 2 1 2 1 1 1 1 1 1 1 1 1 1 1 1 1 1 0 1 1 1 2 2 1 1 1 1 1 1 2 1 1 1 2 1 0 1 2 1 1 1 1 2 1 1 1 0 1 1 1 2 1 1 1 1 1 1 2 1 
4 5 14 10 6 11 11 17 5 7 8 11 8 11 5 11 11 13 7 12 13 10 13 4 6 4 5 8 9 15 12 11 14 5 12 11 6 11 12 15 12 9 12 18 9 9 7 0 5 8 7 17 2 7 9 9 16 16 6 14 8 8 12 8 10 12 11 13 14 12 8 8 12 14 15 5 4 12 9 17 6 15 13 10 16 6 4 7 10 16 8 11 7 9 8 5 12 9 11 16 14 13 10 12 7 9 11 12 9 16 12 8 12 9 9 4 15 5 11 10 6 6 13 9 13 8 6 15 12 10 12 11 8 7 11 10 14 11 6 7 8 10 10 8 11 11 8 11 12 13 7 11 9 12 13 10 12 7 8 13 6 13 12 13 9 12 11 11 11 8 11 9 7 7 12 12 7 21 18 13 9 9 9 10 8 9 11 3 9 9 11 8 7 11 10 10 13 14 5 11 
5 3 4 3 4 2 3 3 4 4 4 2 2 4 5 6 3 3 4 4 4 4 4 3 3 5 3 3 2 3 5 2 4 1 4 4 4 5 3 3 4 1 3 3 2 3 4 2 3 2 3 1 4 5 3 2 3 3 4 6 3 2 5 3 2 2 3 2 3 2 3 3 1 3 4 4 3 2 4 3 1 3 3 2 3 3 3 3 1 3 2 3 3 2 4 3 5 3 4 3 3 2 4 3 2 4 3 3 2 3 2 4 4 4 3 3 3 4 3 3 4 2 3 4 3 3 4 4 2 2 3 3 2 3 1 2 5 3 4 4 2 3 4 3 3 2 5 3 2 4 3 4 3 2 2 1 4 4 3 3 3 2 2 3 4 3 2 3 5 4 2 3 3 4 3 4 2 4 3 5 2 3 3 2 1 1 2 3 3 4 4 4 2 3 3 1 2 3 4 2 
3 3 2 3 5 2 4 4 4 1 4 1 2 3 2 2 5 3 3 4 3 2 3 3 3 2 4 4 2 3 2 3 3 3 4 3 3 2 4 3 3 4 3 1 4 2 2 3 4 3 3 3 3 4 5 4 4 4 4 2 3 3 3 3 3 2 3 3 4 2 3 3 3 3 3 3 4 2 1 3 2 2 3 2 0 1 2 3 4 4 4 3 3 2 1 4 2 4 4 3 2 3 3 4 3 4 3 3 4 3 4 3 3 3 3 2 1 3 0 3 2 4 3 4 2 3 3 4 4 3 2 3 1 3 2 2 2 3 4 1 2 2 2 3 3 3 3 2 1 5 4 1 3 3 5 3 3 3 4 3 2 2 2 3 1 2 4 5 3 3 2 3 4 4 3 4 5 4 2 3 2 2 3 2 4 3 4 5 3 2 2 2 3 3 2 2 4 4 6 4 
1 2 0 1 1 1 1 1 1 2 2 1 1 1 1 1 1 1 1 1 1 1 1 1 1 1 1 1 1 1 2 1 1 1 1 1 0 1 1 1 1 2 1 1 1 1 1 1 1 1 1 1 1 1 1 1 1 1 1 0 1 1 1 1 1 1 1 1 1 1 1 1 1 1 1 1 1 1 1 1 1 1 1 1 1 1 1 1 1 0 1 1 1 1 1 1 1 1 1 1 1 1 1 1 1 1 1 1 1 1 1 1 1 1 2 1 2 1 1 1 1 1 1 1 0 1 1 1 1 1 1 1 1 1 1 1 1 1 1 1 1 0 1 1 1 1 1 1 1 1 2 1 1 1 1 1 1 1 1 1 1 1 1 1 1 1 1 1 1 1 1 1 1 1 1 2 1 0 1 1 1 1 1 1 1 1 2 1 2 1 1 1 1 1 1 1 1 0 1 1 
1 1 1 1 1 1 1 1 2 0 1 1 2 1 1 0 1 1 1 1 1 1 1 1 1 1 1 1 1 1 1 1 0 1 1 1 1 1 1 1 1 1 1 1 1 0 1 1 1 1 1 0 1 1 1 1 1 1 1 2 1 1 1 1 1 1 0 1 1 2 2 1 1 1 0 1 1 1 1 2 1 1 1 1 1 1 1 1 1 1 1 1 1 0 1 1 1 1 1 1 1 1 0 1 0 1 1 1 1 1 1 1 2 1 1 1 1 1 1 1 1 1 1 1 1 1 1 1 1 0 2 0 0 1 1 1 1 1 0 1 1 1 1 1 0 1 2 1 1 1 1 2 1 1 1 1 1 1 1 1 1 1 1 0 2 1 1 0 1 1 0 1 1 1 1 1 1 1 1 1 1 1 1 1 1 1 1 1 2 0 1 1 1 2 1 1 1 1 0 0 
2 2 1 1 1 1 2 1 1 1 1 1 1 1 1 1 0 1 1 1 2 1 1 1 1 1 1 1 1 0 1 1 1 1 2 1 1 1 1 1 1 0 1 1 1 0 0 1 1 1 1 1 1 1 1 1 1 1 1 1 1 1 1 1 1 1 1 1 1 0 1 1 0 0 1 1 1 1 1 1 1 0 1 1 1 0 1 1 1 1 1 1 1 1 1 1 0 1 1 1 1 1 1 1 1 1 1 2 2 1 1 1 1 1 1 1 1 1 1 1 1 1 0 1 1 1 1 1 1 1 1 1 1 1 1 1 1 0 1 1 2 1 1 1 1 1 1 1 2 1 1 1 1 1 1 1 0 1 1 1 1 1 1 1 1 1 0 1 1 1 0 1 1 2 1 1 1 1 1 2 1 1 1 1 1 1 1 1 0 1 1 2 1 1 1 1 1 1 1 1 
7 6 5 9 10 6 10 4 15 6 3 6 12 6 4 9 8 7 8 10 6 9 6 7 16 10 7 8 7 9 9 5 13 13 8 10 11 10 6 8 8 11 6 11 10 4 7 8 5 9 7 5 9 9 9 8 6 6 5 6 2 7 8 3 11 8 8 15 5 12 10 8 7 5 5 8 8 10 9 3 8 10 9 14 4 6 7 9 9 6 12 9 13 9 7 10 7 8 10 12 5 8 6 6 6 11 6 6 6 7 11 13 12 9 14 7 10 5 10 5 3 6 5 11 7 12 7 9 10 10 10 8 10 10 8 6 10 10 6 10 2 6 11 8 7 8 12 8 12 0 5 9 11 9 9 9 9 8 4 7 9 9 10 17 9 7 9 9 7 6 8 13 7 5 3 9 6 7 5 9 8 9 10 10 8 10 6 7 6 6 8 4 4 7 10 6 5 12 10 3 
4 6 6 5 4 2 2 5 6 7 6 5 5 5 4 7 5 7 4 7 4 4 3 3 6 3 4 5 6 4 2 2 0 5 3 5 5 5 5 4 4 6 4 7 4 7 8 4 4 7 6 4 7 8 5 1 2 7 3 3 4 4 3 7 3 5 7 8 5 4 7 9 5 8 4 4 6 5 10 3 7 8 6 4 5 4 5 6 3 6 6 3 4 4 7 5 4 3 4 6 6 6 4 5 4 4 3 2 10 4 6 6 5 1 8 8 8 5 4 4 3 3 5 8 4 7 3 5 6 5 6 3 6 2 2 0 5 6 5 4 3 3 3 5 2 4 5 7 8 3 6 6 6 5 4 6 5 5 6 4 2 3 5 3 4 4 4 8 6 9 6 5 4 4 8 3 4 8 5 6 7 7 5 3 3 2 2 8 3 7 7 1 4 6 7 5 3 5 1 8 
6 4 3 5 5 6 4 4 5 6 9 4 2 4 6 2 10 2 5 5 6 5 5 4 6 7 4 3 5 7 4 7 4 2 2 5 3 2 5 3 7 4 4 5 5 5 6 4 6 5 5 8 6 2 2 8 6 5 5 4 6 5 7 4 7 3 3 3 3 6 3 6 7 7 5 6 5 4 5 3 5 5 7 6 4 5 5 5 6 4 11 7 6 3 4 4 6 3 4 5 6 5 8 1 7 4 6 7 5 8 6 6 0 4 2 6 6 6 7 6 7 4 6 6 3 3 6 6 4 7 1 6 3 8 7 4 3 5 6 6 7 4 5 6 5 5 6 9 4 3 3 7 3 3 3 6 8 7 3 4 5 5 4 5 6 6 5 4 6 6 5 8 7 7 6 3 5 6 3 6 4 7 5 5 6 6 5 5 5 4 3 4 6 2 5 4 3 4 5 6 
4 4 2 4 5 6 4 5 3 3 4 2 4 5 2 3 4 4 3 2 3 4 3 3 3 4 3 2 3 5 2 5 4 6 4 4 4 5 1 5 3 5 6 3 5 4 6 5 6 1 4 6 2 3 5 4 2 4 3 3 4 2 3 5 4 5 6 4 4 6 6 5 3 5 2 3 6 3 4 3 3 4 6 7 3 3 4 3 3 5 4 2 6 7 2 4 5 3 4 1 1 5 4 4 4 3 2 5 1 4 2 5 4 2 5 5 5 5 3 4 6 6 5 6 4 5 4 1 6 3 4 4 3 4 4 5 4 2 5 2 3 4 3 4 3 3 4 6 6 3 4 2 5 3 4 5 5 2 4 3 4 3 5 3 4 4 3 4 5 5 6 2 7 5 4 6 5 4 4 3 5 4 3 3 4 5 3 5 5 6 3 3 4 5 3 4 2 2 3 5 
3 4 3 4 3 4 2 4 3 3 2 3 5 4 3 3 3 5 2 5 3 2 2 3 3 2 1 5 4 4 4 4 3 3 2 2 3 1 5 4 3 3 2 2 2 3 3 2 2 3 3 3 3 2 2 3 3 3 2 3 2 3 3 1 2 4 3 2 2 4 2 3 4 3 2 4 3 2 4 1 3 2 3 4 2 4 4 4 3 2 5 3 2 2 4 3 3 4 3 3 2 3 3 3 3 2 3 2 2 3 3 3 4 3 1 5 4 3 3 1 4 1 1 2 2 3 4 3 4 4 5 3 3 4 3 2 2 2 4 3 1 2 2 3 4 3 3 3 2 4 3 3 4 5 2 3 3 3 0 4 3 4 4 3 2 3 3 2 3 3 4 4 4 1 2 4 4 2 3 4 5 3 2 2 3 4 2 4 2 1 4 3 3 2 4 2 3 1 1 4 
10 10 11 10 5 5 7 14 9 6 10 7 11 5 15 11 8 8 9 8 13 7 9 4 10 4 4 15 7 11 11 12 9 10 1 7 6 6 10 8 12 11 10 5 7 6 13 2 6 10 15 5 9 8 5 4 4 8 11 7 6 6 7 9 12 5 6 6 8 8 6 9 13 8 10 13 6 11 4 10 8 7 5 5 8 11 8 11 10 15 11 9 13 6 15 14 8 11 8 13 5 6 6 12 16 6 13 8 6 7 5 13 6 7 6 9 11 10 13 9 14 10 9 7 10 7 10 6 9 11 12 15 5 13 10 8 8 8 9 11 15 2 8 8 7 12 9 10 9 7 7 9 12 15 15 4 9 12 7 13 9 8 12 11 8 5 7 7 11 7 9 14 10 2 8 11 6 9 15 7 8 8 0 7 6 10 9 10 12 6 10 8 14 6 20 7 12 11 15 15 
6 11 7 8 6 10 9 7 6 8 7 9 4 5 7 8 6 10 12 4 9 7 10 7 11 7 10 9 7 7 10 1 5 7 7 5 5 11 11 6 7 8 6 10 9 11 4 12 9 7 9 8 7 7 10 4 5 6 6 2 9 12 10 8 9 9 8 7 7 8 13 13 11 7 7 10 8 5 13 5 8 3 11 11 11 9 6 12 4 7 5 5 6 9 10 8 9 5 8 9 3 6 4 7 15 9 9 4 10 12 8 10 6 12 4 6 12 10 5 10 7 7 6 9 7 6 10 9 11 14 9 12 2 8 11 8 6 8 7 6 9 6 4 4 10 5 5 10 5 11 10 10 8 6 11 9 8 11 5 8 13 7 10 10 7 9 12 8 4 9 2 12 10 7 6 8 12 11 8 8 9 6 10 6 8 10 12 10 7 8 7 10 6 8 7 4 6 8 8 8 
3 4 4 2 2 4 4 3 5 4 3 4 5 3 4 2 2 3 5 3 3 3 3 3 3 3 2 3 2 3 5 2 1 2 3 3 3 3 2 3 3 1 5 7 3 3 4 4 2 4 4 2 3 4 4 3 5 3 3 2 4 3 2 4 3 5 2 1 2 3 3 3 5 4 5 1 1 3 2 3 2 3 1 3 3 4 1 4 4 3 4 3 1 4 4 2 2 3 3 2 4 2 5 4 3 4 3 3 3 4 3 3 3 2 4 2 2 1 3 1 4 4 3 3 4 2 3 3 3 2 2 4 3 4 2 3 1 2 4 3 3 2 3 4 3 2 4 2 3 3 4 2 4 3 2 2 4 4 3 5 1 3 4 3 3 4 3 2 1 3 4 2 2 3 2 4 2 4 3 3 4 4 3 5 1 3 2 4 3 4 3 4 2 4 3 3 4 2 4 3 
1 1 1 1 1 2 1 1 1 1 1 1 1 1 1 1 1 1 1 1 2 0 1 1 1 1 1 1 1 1 1 1 1 1 0 1 1 1 1 0 1 2 1 1 1 1 1 1 1 1 1 2 1 1 1 1 1 1 1 1 0 1 1 1 1 1 1 1 1 1 1 1 1 1 0 1 1 1 1 1 0 1 1 1 1 0 1 1 1 1 1 1 1 1 2 1 1 1 2 1 0 2 1 1 1 1 1 1 1 1 1 1 1 1 1 1 1 1 1 2 1 1 1 1 1 1 1 2 1 1 1 1 1 1 1 1 1 1 1 1 1 0 1 1 1 1 1 1 1 0 1 1 1 1 1 1 2 1 2 1 2 1 1 0 1 0 1 1 1 1 1 1 1 1 1 2 1 2 1 1 1 1 1 2 1 1 0 1 1 1 1 1 1 1 1 1 2 1 2 1 
10 7 11 9 5 9 11 7 4 11 8 12 10 6 11 7 8 9 10 7 10 5 12 6 12 8 7 6 12 6 9 4 6 9 9 9 11 5 7 5 7 7 11 6 3 3 6 7 6 10 14 7 6 6 9 2 8 9 7 11 12 10 9 10 9 4 9 10 10 6 7 3 9 8 8 7 5 9 10 10 8 6 5 6 7 14 8 5 11 7 8 10 8 11 6 9 15 2 6 5 5 3 6 6 10 5 4 9 11 6 9 8 8 12 8 13 4 9 1 7 8 10 3 9 8 5 8 8 12 2 11 12 7 9 6 7 6 11 5 14 6 5 9 14 9 10 7 8 7 9 9 14 2 8 6 6 7 5 13 9 6 10 9 5 6 5 3 4 4 8 10 9 8 9 2 13 11 8 5 6 6 11 9 9 5 5 8 5 7 11 5 10 10 6 12 12 9 11 7 10 
2 3 3 1 2 3 2 4 2 3 2 1 2 1 2 2 2 2 2 1 2 2 2 1 2 2 1 2 3 2 1 3 3 2 1 2 2 2 2 3 2 2 3 2 3 2 3 3 2 3 3 1 4 1 2 1 2 3 2 2 3 2 1 2 1 2 1 2 3 2 2 1 2 2 1 2 3 1 1 2 2 2 2 1 2 1 2 2 3 2 1 2 1 1 1 2 2 3 2 3 2 2 2 2 3 2 1 2 2 3 1 2 2 1 2 0 3 1 2 1 2 2 3 3 1 2 1 2 1 3 2 2 1 1 2 1 2 1 1 2 2 0 2 2 2 2 3 2 2 2 2 1 2 1 3 2 2 2 3 1 3 2 1 2 1 2 2 3 2 1 2 2 2 4 2 2 3 1 2 2 1 2 2 3 3 1 2 2 2 2 3 2 2 3 1 2 1 2 3 2 
4 5 5 5 4 2 5 4 4 4 3 6 6 5 5 4 3 3 4 1 3 4 4 4 3 2 5 5 4 3 2 4 2 3 4 1 4 4 4 5 5 3 3 3 5 6 4 4 4 5 5 5 5 4 6 3 5 4 5 5 4 3 4 5 5 5 5 4 3 2 2 6 3 4 4 3 4 2 5 3 2 3 2 4 4 5 3 3 7 5 3 4 4 3 2 5 5 7 4 5 1 4 4 1 7 2 5 4 5 6 4 5 2 5 7 5 3 5 4 4 3 4 2 5 8 5 4 5 3 5 4 5 5 4 5 6 2 3 6 5 5 4 3 4 2 5 4 4 4 5 6 4 4 2 1 5 7 5 2 4 2 5 6 4 3 2 6 3 2 3 5 5 7 4 5 3 5 2 4 5 4 7 1 4 4 5 5 4 4 3 3 4 3 4 5 4 4 5 3 5 
3 5 3 3 5 6 5 8 4 4 5 6 3 6 7 4 4 6 6 6 4 5 7 6 3 7 4 6 5 2 6 4 7 5 5 5 6 8 6 4 6 6 5 5 6 7 5 5 8 8 8 5 5 6 5 2 5 1 5 3 2 5 5 4 7 4 1 7 7 5 7 3 5 5 5 6 7 4 6 5 5 2 7 5 0 3 7 5 2 5 7 5 5 6 5 7 6 5 3 5 5 6 6 4 7 4 6 7 5 4 4 7 4 8 8 5 3 4 4 3 5 3 4 4 6 6 4 4 8 6 7 6 6 3 4 6 5 6 4 4 5 3 4 3 7 4 4 6 1 4 5 7 4 6 6 5 7 6 7 3 6 7 6 4 1 1 5 6 4 6 5 6 7 7 7 6 5 5 6 5 10 3 6 6 3 7 8 3 4 7 6 3 7 8 6 8 5 2 5 4 
8 4 6 9 9 3 4 8 5 6 10 7 9 6 5 9 4 9 10 7 7 7 11 4 4 3 9 3 5 7 13 9 9 7 7 7 6 8 6 6 6 6 7 12 13 11 3 9 8 5 8 7 7 8 3 9 6 8 5 5 10 10 7 7 8 6 6 9 10 5 7 3 7 8 4 10 3 8 11 7 9 3 7 3 9 9 7 7 6 7 11 9 11 6 10 5 4 7 9 9 7 7 10 6 6 7 7 7 6 4 10 10 10 14 10 6 11 7 8 9 6 8 6 7 7 5 8 3 5 5 8 6 1 4 9 9 1 5 7 5 9 7 9 7 7 4 8 6 9 8 9 6 8 9 8 10 9 4 4 6 9 5 11 9 11 8 9 7 8 10 7 11 9 5 11 10 7 10 6 10 9 4 7 7 4 8 8 2 7 9 3 6 8 7 12 11 5 6 9 7 
2 1 2 2 2 2 2 1 3 3 2 3 2 2 1 2 2 1 3 2 0 3 1 1 2 1 3 3 2 1 1 2 2 2 3 2 2 2 1 2 2 2 2 2 1 2 2 1 1 2 2 1 0 2 3 2 2 2 2 2 1 2 2 3 2 2 1 2 2 3 3 1 2 3 1 2 3 3 3 2 1 3 2 1 1 3 2 1 1 2 2 2 2 2 2 0 2 1 2 1 1 2 2 1 1 2 2 2 2 2 3 2 3 1 1 3 1 3 2 2 1 1 1 2 2 2 2 2 2 3 2 2 2 2 1 2 1 1 2 1 2 2 2 3 1 2 2 2 2 2 2 1 3 2 2 3 3 1 2 2 2 1 3 1 2 2 2 2 3 2 2 2 1 2 2 2 2 2 1 3 0 2 1 2 3 1 2 1 2 3 2 3 3 4 2 2 2 3 3 2 
5 4 2 6 4 3 5 5 2 7 7 6 3 7 10 5 4 3 7 5 4 7 4 5 8 5 6 3 4 3 5 3 6 5 5 3 4 5 4 5 3 7 5 5 6 8 5 5 3 5 5 5 4 5 5 4 5 7 5 8 2 4 7 6 5 4 5 6 4 6 6 3 4 5 5 4 8 6 7 8 7 2 7 5 5 9 6 6 1 4 7 4 7 4 7 4 5 4 5 4 8 5 4 5 7 3 7 2 4 4 5 5 4 3 7 5 9 6 7 6 5 9 6 8 5 4 4 4 6 3 7 6 6 5 3 3 4 4 4 3 3 5 6 6 5 4 7 2 5 4 6 4 7 6 5 5 5 5 3 7 7 2 4 8 6 5 4 5 6 5 5 2 5 5 4 7 7 4 3 6 6 4 1 4 5 4 6 6 5 5 2 6 4 8 8 3 5 7 4 5 
10 12 10 15 11 13 7 5 4 5 12 16 12 10 7 9 16 13 9 14 7 8 9 11 9 9 3 4 13 13 12 12 10 9 18 10 12 7 11 5 14 9 5 8 7 12 14 8 1 12 7 11 11 10 15 8 9 12 13 5 11 0 5 12 5 15 5 9 2 10 4 11 12 12 8 12 5 4 6 10 9 15 11 16 11 14 16 11 8 6 12 10 8 9 12 7 10 10 11 18 3 8 9 8 7 11 5 9 9 10 11 7 12 9 8 14 17 14 9 12 3 8 10 8 12 9 20 12 11 12 6 18 7 8 13 11 12 8 10 13 12 8 13 13 12 11 13 13 11 9 9 10 5 11 12 13 6 11 14 13 7 7 11 10 12 11 5 9 15 7 8 5 11 16 18 8 14 12 11 7 14 9 8 12 10 16 13 7 14 7 11 8 10 11 20 15 5 10 16 11 
5 6 11 11 8 7 3 8 9 9 7 10 11 5 12 10 7 10 8 8 4 8 10 8 9 10 11 5 9 3 11 11 8 10 7 9 6 10 5 10 9 11 11 4 7 4 10 8 4 4 6 8 6 7 9 5 5 12 8 10 11 10 7 8 8 8 4 14 9 7 4 6 4 9 9 7 10 13 4 6 5 9 4 7 12 4 4 2 11 9 10 11 9 7 12 7 9 1 6 9 12 7 11 16 8 10 10 12 6 9 10 6 8 8 4 10 9 10 12 8 10 4 9 7 8 14 11 9 8 8 12 12 5 11 10 9 4 7 10 8 10 2 4 8 4 8 7 2 6 7 8 9 6 6 4 11 8 13 12 9 11 10 8 9 5 8 8 10 3 13 14 6 5 8 6 9 4 8 11 10 11 8 13 6 10 8 7 7 9 12 11 9 9 17 5 10 9 6 8 8 
1 1 1 1 1 1 1 1 1 1 1 1 1 1 1 1 2 1 1 1 1 1 1 1 1 1 1 2 1 1 1 1 1 2 1 1 1 0 1 1 0 1 1 1 1 1 0 1 0 1 1 1 1 1 2 1 1 1 1 1 1 1 2 1 1 1 1 2 1 1 1 1 1 1 0 1 1 1 1 1 1 1 1 1 1 1 1 1 2 1 1 1 1 1 1 1 1 1 2 1 1 1 1 1 1 1 1 1 1 1 1 1 1 1 1 2 1 0 1 1 1 1 1 1 1 1 1 1 1 1 1 1 1 1 1 2 0 1 2 1 1 2 1 1 1 1 1 1 1 2 1 1 1 1 1 1 1 1 1 1 1 1 1 1 1 1 1 1 1 1 1 1 1 1 1 1 1 1 1 2 1 1 1 1 1 1 1 2 1 1 1 1 1 1 1 1 2 1 1 1 
2 3 2 4 3 2 3 2 2 2 2 2 4 4 4 2 1 3 2 3 4 4 5 4 3 2 3 2 4 2 4 3 4 3 2 3 4 2 2 2 2 4 2 3 3 4 4 3 3 1 3 4 4 4 3 4 2 4 4 1 3 2 4 0 4 3 3 3 3 3 2 3 2 3 2 3 2 2 4 3 3 4 3 2 3 3 3 3 3 4 3 2 4 3 2 3 2 3 4 2 3 4 2 4 3 3 4 3 2 2 4 4 3 4 3 3 2 3 4 6 3 3 4 2 4 2 3 3 2 3 4 4 2 4 2 3 1 3 1 3 4 3 3 3 4 3 4 3 2 4 4 3 5 3 3 3 3 3 1 0 4 3 4 3 2 3 3 2 2 2 4 2 1 1 4 2 4 5 3 2 3 3 4 2 5 2 3 3 3 4 3 2 3 4 3 4 2 2 4 3 
5 9 10 5 10 7 7 5 9 6 4 11 10 7 3 11 9 9 8 9 9 6 8 7 5 9 11 10 11 8 11 7 4 4 7 3 7 7 11 8 6 7 5 6 6 8 6 4 8 8 6 12 8 8 8 4 3 7 5 6 7 5 11 9 9 7 9 6 5 7 7 2 8 11 6 10 6 7 7 11 9 5 5 4 6 13 4 4 7 7 9 6 0 6 10 9 7 10 3 4 4 10 3 7 9 5 5 5 6 10 5 7 9 7 8 9 7 3 12 8 9 5 9 6 4 9 3 4 6 8 12 7 4 4 4 6 6 3 4 4 7 9 4 10 8 6 11 10 9 7 6 8 8 7 7 3 7 3 7 5 8 5 7 9 9 9 6 7 3 5 6 8 8 6 6 6 6 3 10 11 5 8 10 7 8 6 8 2 5 6 7 6 5 9 9 8 8 4 6 8 
