NAME  : Jabali_50_3_0.88_1_7
TYPE : SVRP
MODEL : FINITE_SUPPORT
NUMBER_OF_SCENARIOS : 200
DIMENSION : 50
EDGE_WEIGHT_TYPE : MATRIX
CAPACITY : 96
N_VEHICLES : 3
NODE_COORD_SECTION
1 3478 4177
2 560 3609
3 6669 8807
4 6801 2563
5 7666 4722
6 27 5826
7 902 7222
8 4922 2026
9 8183 2268
10 3640 1852
11 2034 3060
12 1874 2004
13 4911 7012
14 4505 5382
15 2046 5324
16 3563 942
17 4585 4878
18 5625 7044
19 294 4095
20 811 3944
21 3308 7813
22 7450 4146
23 3527 5458
24 5816 7974
25 4938 4264
26 558 4516
27 1281 4948
28 2791 3802
29 1525 3048
30 8586 2425
31 5655 7830
32 361 6502
33 4005 6730
34 4585 2350
35 2589 3320
36 6421 6750
37 3353 907
38 747 4871
39 416 3777
40 6522 5872
41 6946 2301
42 5671 5992
43 1202 6569
44 6904 2660
45 6341 5459
46 5352 1584
47 1527 3670
48 1576 18
49 6756 6457
50 3720 7147
DEMAND_SECTION
1 0.0
2 7.0
3 6.0
4 1.0
5 4.0
6 2.0
7 10.0
8 8.0
9 8.0
10 4.0
11 9.0
12 8.0
13 6.0
14 5.0
15 10.0
16 1.0
17 6.0
18 3.0
19 8.0
20 4.0
21 4.0
22 3.0
23 10.0
24 2.0
25 7.0
26 4.0
27 3.0
28 3.0
29 5.0
30 2.0
31 1.0
32 2.0
33 3.0
34 9.0
35 4.0
36 4.0
37 1.0
38 1.0
39 7.0
40 3.0
41 9.0
42 4.0
43 6.0
44 4.0
45 10.0
46 9.0
47 2.0
48 10.0
49 7.0
50 3.0
DEVIATION_SECTION
1 0.0
2 2.33333
3 2.0
4 0.333333
5 1.33333
6 0.666667
7 3.33333
8 2.66667
9 2.66667
10 1.33333
11 3.0
12 2.66667
13 2.0
14 1.66667
15 3.33333
16 0.333333
17 2.0
18 1.0
19 2.66667
20 1.33333
21 1.33333
22 1.0
23 3.33333
24 0.666667
25 2.33333
26 1.33333
27 1.0
28 1.0
29 1.66667
30 0.666667
31 0.333333
32 0.666667
33 1.0
34 3.0
35 1.33333
36 1.33333
37 0.333333
38 0.333333
39 2.33333
40 1.0
41 3.0
42 1.33333
43 2.0
44 1.33333
45 3.33333
46 3.0
47 0.666667
48 3.33333
49 2.33333
50 1.0
DISTANCE_MATRIX
0.0 44.3901 76.9648 52.7031 61.9439 50.5482 54.1295 36.0555 72.218 32.3883 25.6155 39.7131 44.5982 24.3718 24.6982 44.2654 21.8477 49.5576 49.2323 42.6449 50.448 61.5947 18.3848 60.1415 25.6845 41.5935 31.4075 12.2111 31.0294 74.1248 59.5762 52.0096 37.1214 30.3645 18.6015 55.7064 44.9219 38.3785 46.2162 53.0244 55.2215 43.5231 45.1774 52.1732 47.4955 44.0114 32.0294 67.426 58.2015 41.7852 
44.3901 0.0 106.492 85.0173 102.293 30.0666 47.8017 60.6053 105.306 46.7547 20.8087 26.9258 73.1163 61.7494 29.2062 52.8394 62.1965 80.9286 6.32456 5.0 66.4831 101.944 47.4131 89.0351 66.0333 11.1803 19.2094 32.6563 14.8661 105.776 89.2591 38.2099 61.0874 55.2178 27.3607 87.7244 51.8845 15.8114 2.23607 86.6789 86.4629 75.5411 39.9249 84.7114 87.8444 68.1175 14.1421 50.0899 90.2195 62.426 
76.9648 106.492 0.0 84.6463 56.3205 99.1413 83.006 95.0158 86.0058 103.344 97.4595 111.557 33.541 54.8475 77.8332 114.875 61.1703 27.6586 105.475 101.496 48.0104 62.9682 61.4003 17.4642 69.6739 99.96 89.1964 84.0551 102.873 92.0217 17.4929 92.2659 45.5412 92.358 90.4455 29.0689 116.185 95.8175 106.266 40.7185 87.3212 41.8688 81.3941 83.678 46.0652 99.2824 103.873 140.277 32.8938 45.8912 
52.7031 85.0173 84.6463 0.0 30.0167 103.128 103.741 27.0 20.3961 44.0454 63.6884 66.0984 67.6263 49.659 77.7724 49.8197 44.7214 64.0 89.8596 83.2722 87.5207 22.3607 60.208 75.1665 38.6005 90.3153 83.9869 64.9108 69.8258 21.4709 73.2462 104.681 71.0125 30.4138 59.5362 56.5685 51.788 90.9579 86.8434 45.1774 3.16228 50.3975 95.7326 1.0 41.0 24.0416 72.6567 79.0759 51.9711 77.2095 
61.9439 102.293 56.3205 30.0167 0.0 103.138 96.6297 50.2711 30.4138 66.1004 82.9261 86.5964 47.5079 52.8667 75.5073 74.0404 41.3752 40.8534 99.6338 100.548 70.8025 7.81025 57.4363 50.01 40.0015 94.4727 84.2867 70.1138 87.4994 36.2215 47.8539 101.562 55.2268 51.7882 76.5042 30.8058 75.9 91.2577 104.119 21.9545 32.2025 31.8904 90.8929 29.1548 21.2132 50.3637 89.9321 102.749 25.4951 61.0737 
50.5482 30.0666 99.1413 103.128 103.138 0.0 21.9317 84.5539 122.317 72.8972 46.0977 56.2939 68.0 62.6259 27.7308 80.9938 63.0714 77.0584 24.0 27.6586 52.4976 103.002 47.7598 82.3893 67.0921 19.4165 20.5183 48.2267 42.0595 124.549 83.2166 10.0 55.0 79.0356 50.6508 85.7088 80.3243 16.5529 28.0179 84.9227 105.646 73.7849 18.3848 102.598 84.1814 92.3413 35.7771 80.0062 88.459 53.3385 
54.1295 47.8017 83.006 103.741 96.6297 21.9317 0.0 90.0977 120.985 82.9759 58.1378 71.0634 55.3624 57.4891 29.7321 92.9324 60.1082 64.846 42.72 43.9318 35.0 100.946 43.8634 67.4759 65.3465 36.6879 31.0161 53.4509 56.0357 123.493 68.7314 12.0416 43.0813 84.3584 57.2713 75.0267 92.6553 32.0156 46.1736 76.1577 106.799 65.0 9.21954 102.912 75.4165 98.091 48.0104 97.3242 78.7909 39.2938 
36.0555 60.6053 95.0158 27.0 50.2711 84.5539 90.0977 0.0 47.1699 17.1172 39.8246 39.8497 69.8012 46.8722 60.5765 23.7697 40.6079 69.4622 65.9469 59.4643 83.0 42.5463 51.2445 81.5414 31.257 66.5617 67.3004 48.0645 45.8039 47.0744 80.1124 88.0826 67.1863 5.83095 35.7826 66.0379 25.632 68.0578 62.6259 54.6443 28.1603 54.231 81.1026 27.0185 49.0918 8.06226 48.9031 52.6308 63.0079 73.0616 
72.218 105.306 86.0058 20.3961 30.4138 122.317 120.985 47.1699 0.0 64.2806 83.9765 86.4928 76.6942 65.9485 94.6026 69.1809 61.0647 70.8802 110.148 103.56 98.8838 26.0 77.1258 80.4114 55.7753 110.603 103.831 84.4257 90.1139 6.08276 78.2624 121.511 82.4924 50.8035 79.8244 61.1882 71.1758 110.802 107.132 51.5461 19.0263 59.9333 112.448 20.6155 49.2443 43.1045 92.9448 98.4124 55.9017 88.6848 
32.3883 46.7547 103.344 44.0454 66.1004 72.8972 82.9759 17.1172 64.2806 0.0 26.9258 23.2594 74.482 52.3596 53.6004 12.083 46.0368 77.0736 52.6308 46.6154 82.7647 58.3756 50.448 89.156 36.5558 54.3783 53.5618 30.0666 32.0156 64.1327 87.7976 77.9094 68.6222 14.3178 25.7099 74.9667 13.0384 56.356 48.9183 64.4438 45.2769 61.857 73.7564 44.0114 58.7963 22.8473 37.1214 37.1618 72.9178 73.7631 
25.6155 20.8087 97.4595 63.6884 82.9261 46.0977 58.1378 39.8246 83.9765 26.9258 0.0 14.7648 64.5368 45.9137 31.1725 35.171 43.422 70.0655 26.1725 19.8494 66.2155 75.2365 36.8471 80.4319 47.2588 27.4591 27.4591 13.8924 6.32456 84.968 80.0209 51.6624 55.4611 34.4093 8.24621 76.0655 34.7131 29.5466 22.8035 74.5987 65.655 63.8821 49.0408 63.3824 69.0698 47.4236 10.4403 42.9418 79.7758 59.0763 
39.7131 26.9258 111.557 66.0984 86.5964 56.2939 71.0634 39.8497 86.4928 23.2594 14.7648 0.0 78.6449 60.0113 45.2616 26.4008 57.5195 84.1631 33.2415 28.6356 80.6377 78.6522 51.0882 94.5295 51.5754 36.8782 40.05 27.5862 15.0333 86.8332 94.1185 63.2851 69.814 35.6931 21.2132 89.992 25.2389 40.3113 29.1548 79.5159 67.6831 77.9797 62.2013 65.9242 73.8824 46.0977 23.3452 28.178 87.9759 73.4983 
44.5982 73.1163 33.541 67.6263 47.5079 68.0 55.3624 69.8012 76.6942 74.482 64.5368 78.6449 0.0 22.9703 44.643 86.555 29.293 9.48683 72.1126 68.1197 24.0832 50.6952 28.0179 16.1245 38.7788 66.7608 56.0446 51.1429 69.959 81.9329 16.1555 62.514 13.0 65.6901 57.5332 20.2485 87.347 62.8172 72.89 25.5539 70.7699 17.2627 51.4782 66.6478 27.5136 75.3226 70.959 106.358 24.8395 16.1555 
24.3718 61.7494 54.8475 49.659 52.8667 62.6259 57.4891 46.8722 65.9485 52.3596 45.9137 60.0113 22.9703 0.0 35.171 63.9374 6.32456 27.4403 60.7457 56.7528 38.0789 54.2695 14.8661 38.0265 15.8114 55.5846 45.3982 32.5093 51.3276 68.8717 37.4588 60.4152 21.3776 42.72 38.8997 33.4403 65.2004 52.345 61.5231 32.3948 52.8016 21.257 50.4777 48.7562 31.6535 53.2353 52.3276 87.0753 35.9354 27.6586 
24.6982 29.2062 77.8332 77.7724 75.5073 27.7308 29.7321 60.5765 94.6026 53.6004 31.1725 45.2616 44.643 35.171 0.0 64.0703 35.3412 52.7731 27.7308 24.2074 37.5366 75.1581 20.3961 60.407 39.3777 22.1359 11.4018 23.7697 30.632 97.5257 60.7289 27.5862 32.311 54.8372 28.0713 60.0135 64.0078 18.2483 28.8444 58.968 79.9072 47.8302 20.6155 76.9435 58.2267 68.5698 22.088 73.0074 62.5086 33.2866 
44.2654 52.8394 114.875 49.8197 74.0404 80.9938 92.9324 23.7697 69.1809 12.083 35.171 26.4008 86.555 63.9374 64.0703 0.0 57.6147 88.6514 59.0593 53.7122 94.6532 66.3157 62.3692 100.734 48.1337 61.8466 62.5859 41.1096 39.0 68.0074 99.3754 86.8332 80.6536 23.6008 36.0139 86.4523 2.0 64.5136 55.0727 75.6637 50.3587 73.4348 83.7618 50.01 70.0071 26.0768 45.607 29.2746 84.1487 85.7263 
21.8477 62.1965 61.1703 44.7214 41.3752 63.0714 60.1082 40.6079 61.0647 46.0368 43.422 57.5195 29.293 6.32456 35.3412 57.6147 0.0 33.7631 60.0973 56.1044 43.566 41.026 16.2788 44.3493 9.48683 54.9362 44.7501 30.0175 48.8358 63.9878 43.7816 61.8547 27.074 36.4005 36.4079 42.6755 58.8777 51.7212 60.8746 32.4557 47.8539 29.5586 52.4976 43.8292 26.9268 47.0956 49.8358 84.5512 40.8346 33.2415 
49.5576 80.9286 27.6586 64.0 40.8534 77.0584 64.846 69.4622 70.8802 77.0736 70.0655 84.1631 9.48683 27.4403 52.7731 88.6514 33.7631 0.0 79.9249 75.932 33.0151 45.1221 34.5398 12.083 43.4035 74.7329 64.1327 56.6611 75.4793 76.4003 10.8167 71.8471 22.2036 66.2281 63.0514 11.3137 89.9145 71.0211 80.7023 19.4165 67.0075 15.2315 60.8276 63.0 23.0 74.6324 76.4793 112.41 16.4012 25.632 
49.2323 6.32456 105.475 89.8596 99.6338 24.0 42.72 65.9469 110.148 52.6308 26.1725 33.2415 72.1126 60.7457 27.7308 59.0593 60.0973 79.9249 0.0 6.7082 64.0312 106.786 46.4094 88.0227 63.9529 6.40312 16.6433 37.4986 20.6155 111.139 88.2554 32.5576 60.0083 60.4533 32.2029 86.7207 58.1378 11.4018 4.12311 85.6752 91.8262 74.5373 35.3553 89.5536 84.9339 73.5935 17.8885 56.0089 89.2158 60.9016 
42.6449 5.0 101.496 83.2722 100.548 27.6586 43.9318 59.4643 103.56 46.6154 19.8494 28.6356 68.1197 56.7528 24.2074 53.7122 56.1044 75.932 6.7082 0.0 61.5224 100.198 42.4165 84.0385 64.2882 8.24621 14.4222 30.9112 14.7648 104.552 84.2625 35.0 56.0907 53.9487 25.6155 82.7278 52.9245 12.0416 5.09902 81.6823 85.2388 70.5444 35.7351 82.9662 80.941 67.1789 11.1803 53.4603 85.2229 57.4282 
50.448 66.4831 48.0104 87.5207 70.8025 52.4976 35.0 83.0 98.8838 82.7647 66.2155 80.6377 24.0832 38.0789 37.5366 94.6532 43.566 33.0151 64.0312 61.5224 0.0 73.0616 32.3883 32.9848 52.1536 57.8014 47.5079 54.4243 68.1526 103.764 34.4819 44.7214 16.7631 78.0577 60.5392 44.2041 95.3098 53.0094 65.8559 49.0408 90.6776 39.1152 34.2053 86.5553 49.93 90.0888 59.6086 108.751 48.9183 10.4403 
61.5947 101.944 62.9682 22.3607 7.81025 103.002 100.946 42.5463 26.0 58.3756 75.2365 78.6522 50.6952 54.2695 75.1581 66.3157 41.026 45.1221 106.786 100.198 73.0616 0.0 57.0871 55.2268 39.6523 94.702 84.516 69.7646 81.3739 31.3209 53.1507 102.197 56.8595 44.0634 76.1549 36.0555 68.1752 91.4871 103.77 25.7099 24.6982 34.0 93.1469 21.4709 23.2594 42.638 89.5829 95.0245 31.0 62.9682 
18.3848 47.4131 61.4003 60.208 57.4363 47.7598 43.8634 51.2445 77.1258 50.448 36.8471 51.0882 28.0179 14.8661 20.3961 62.3692 16.2788 34.5398 46.4094 42.4165 32.3883 57.0871 0.0 44.1022 21.9317 41.2483 31.0161 23.6123 42.2415 79.8035 43.909 45.793 18.868 46.0435 30.0027 40.72 63.0257 38.0132 47.1868 39.6745 63.2851 28.5367 36.2353 59.3633 38.9332 58.7366 43.2415 78.8272 43.2151 23.4094 
60.1415 89.0351 17.4642 75.1665 50.01 82.3893 67.4759 81.5414 80.4114 89.156 80.4319 94.5295 16.1245 38.0265 60.407 100.734 44.3493 12.083 88.0227 84.0385 32.9848 55.2268 44.1022 0.0 55.4859 82.5409 71.7844 67.0275 85.8458 86.1452 2.23607 76.0 28.1603 78.3105 73.4179 19.2354 101.997 78.4474 88.8088 30.0167 78.1025 27.313 65.0077 74.1687 34.3657 86.6487 86.8458 122.996 24.5153 29.0689 
25.6845 66.0333 69.6739 38.6005 40.0015 67.0921 65.3465 31.257 55.7753 36.5558 47.2588 51.5754 38.7788 15.8114 39.3777 48.1337 9.48683 43.4035 63.9529 64.2882 52.1536 39.6523 21.9317 55.4859 0.0 58.7918 48.6058 33.8544 51.24 58.6985 54.1274 66.2864 36.0139 26.9258 40.2447 41.3038 49.3967 55.5768 67.8594 31.084 41.6173 28.1869 57.3379 37.8021 25.5551 38.0 53.6727 73.4886 39.4629 42.0119 
41.5935 11.1803 99.96 90.3153 94.4727 19.4165 36.6879 66.5617 110.603 54.3783 27.4591 36.8782 66.7608 55.5846 22.1359 61.8466 54.9362 74.7329 6.40312 8.24621 57.8014 94.702 41.2483 82.5409 58.7918 0.0 10.7703 37.9543 22.8473 111.595 82.8613 27.074 54.4243 61.0434 32.6586 81.5596 61.0983 5.0 9.48683 80.5141 92.2819 69.3762 29.0689 90.0093 79.7728 74.3491 17.6918 61.2046 84.0547 55.0091 
31.4075 19.2094 89.1964 83.9869 84.2867 20.5183 31.0161 67.3004 103.831 53.5618 27.4591 40.05 56.0446 45.3982 11.4018 62.5859 44.7501 64.1327 16.6433 14.4222 47.5079 84.516 31.0161 71.7844 48.6058 10.7703 0.0 29.0861 25.02 105.409 72.1249 24.3516 43.6578 61.5611 31.2488 71.1664 62.1691 7.0 18.3848 70.1209 86.5053 58.983 22.2036 83.4569 69.3796 75.2937 17.1172 66.7083 73.6615 44.2945 
12.2111 32.6563 84.0551 64.9108 70.1138 48.2267 53.4509 48.0645 84.4257 30.0666 13.8924 27.5862 51.1429 32.5093 23.7697 41.1096 30.0175 56.6611 37.4986 30.9112 54.4243 69.7646 23.6123 67.0275 33.8544 37.9543 29.0861 0.0 19.2956 86.3325 66.6165 49.8682 42.4389 42.3252 6.40312 62.6611 41.3038 36.0571 34.4824 61.1943 67.4292 50.4777 44.2719 64.3809 55.6654 56.0578 20.2956 55.2178 66.3714 46.5296 
31.0294 14.8661 102.873 69.8258 87.4994 42.0595 56.0357 45.8039 90.1139 32.0156 6.32456 15.0333 69.959 51.3276 30.632 39.0 48.8358 75.4793 20.6155 14.7648 68.1526 81.3739 42.2415 85.8458 51.24 22.8473 25.02 19.2956 0.0 91.1054 85.4348 48.5077 60.8556 40.4969 14.0 81.4793 38.2753 25.7099 16.9706 80.0126 71.7924 69.296 47.1699 69.5198 74.4837 53.2635 8.544 42.3792 85.1897 64.4707 
74.1248 105.776 92.0217 21.4709 36.2215 124.549 123.493 47.0744 6.08276 64.1327 84.968 86.8332 81.9329 68.8717 97.5257 68.0074 63.9878 76.4003 111.139 104.552 103.764 31.3209 79.8035 86.1452 58.6985 111.595 105.409 86.3325 91.1054 0.0 84.0119 124.434 87.3468 51.2445 80.8158 66.9104 70.0071 112.38 108.123 57.0088 19.3132 65.0 115.486 21.9545 54.4243 42.107 93.9363 97.0464 61.6604 93.5317 
59.5762 89.2591 17.4929 73.2462 47.8539 83.2166 68.7314 80.1124 78.2624 87.7976 80.0209 94.1185 16.1555 37.4588 60.7289 99.3754 43.7816 10.8167 88.2554 84.2625 34.4819 53.1507 43.909 2.23607 54.1274 82.8613 72.1249 66.6165 85.4348 84.0119 0.0 77.026 28.6356 76.9521 73.0069 17.1172 100.638 78.848 89.0327 28.0713 76.1643 25.9422 66.0076 72.2496 32.5576 85.0941 86.4348 122.428 22.3607 30.0 
52.0096 38.2099 92.2659 104.681 101.562 10.0 12.0416 88.0826 121.511 77.9094 51.6624 63.2851 62.514 60.4152 27.5862 86.8332 61.8547 71.8471 32.5576 35.0 44.7214 102.197 45.793 76.0 66.2864 27.074 24.3516 49.8682 48.5077 124.434 77.026 0.0 49.6488 82.3433 53.3597 81.2527 86.3481 23.0217 36.3456 81.0899 107.205 69.9521 11.0454 103.852 80.3486 96.0759 41.2311 88.278 84.4808 47.0425 
37.1214 61.0874 45.5412 71.0125 55.2268 55.0 43.0813 67.1863 82.4924 68.6222 55.4611 69.814 13.0 21.3776 32.311 80.6536 27.074 22.2036 60.0083 56.0907 16.7631 56.8595 18.868 28.1603 36.0139 54.4243 43.6578 42.4389 60.8556 87.3468 28.6356 49.6488 0.0 62.5189 48.8262 31.9531 81.3449 50.2892 60.861 34.0588 74.1694 23.3452 38.6394 70.0472 34.0588 74.0068 53.7622 97.6524 35.7771 6.32456 
30.3645 55.2178 92.358 30.4138 51.7882 79.0356 84.3584 5.83095 50.8035 14.3178 34.4093 35.6931 65.6901 42.72 54.8372 23.6008 36.4005 66.2281 60.4533 53.9487 78.0577 44.0634 46.0435 78.3105 26.9258 61.0434 61.5611 42.3252 40.4969 51.2445 76.9521 82.3433 62.5189 0.0 30.2643 63.6003 25.2389 62.5395 57.2014 52.4976 32.0156 51.0115 75.3633 30.2655 46.8615 13.8924 43.3848 51.264 60.959 68.2982 
18.6015 27.3607 90.4455 59.5362 76.5042 50.6508 57.2713 35.7826 79.8244 25.7099 8.24621 21.2132 57.5332 38.8997 28.0713 36.0139 36.4079 63.0514 32.2029 25.6155 60.5392 76.1549 30.0027 73.4179 40.2447 32.6586 31.2488 6.40312 14.0 80.8158 73.0069 53.3597 48.8262 30.2643 0.0 69.0514 36.0139 34.1548 29.1868 67.5846 61.5028 56.8681 48.0521 59.2302 62.0558 43.5839 15.0 48.8262 72.7618 52.8394 
55.7064 87.7244 29.0689 56.5685 30.8058 85.7088 75.0267 66.0379 61.1882 74.9667 76.0655 89.992 20.2485 33.4403 60.0135 86.4523 42.6755 11.3137 86.7207 82.7278 44.2041 36.0555 40.72 19.2354 41.3038 81.5596 71.1664 62.6611 81.4793 66.9104 17.1172 81.2527 31.9531 63.6003 69.0514 0.0 87.7838 78.1453 87.4981 11.7047 59.4138 15.2315 70.342 55.5788 17.0 70.214 82.4793 111.905 5.38516 36.2353 
44.9219 51.8845 116.185 51.788 75.9 80.3243 92.6553 25.632 71.1758 13.0384 34.7131 25.2389 87.347 65.2004 64.0078 2.0 58.8777 89.9145 58.1378 52.9245 95.3098 68.1752 63.0257 101.997 49.3967 61.0983 62.1691 41.3038 38.2753 70.0071 100.638 86.3481 81.3449 25.2389 36.0139 87.7838 0.0 63.8905 54.1202 77.0779 52.345 74.6979 83.4867 51.9711 71.4213 28.0713 45.1221 27.2947 85.5628 86.3829 
38.3785 15.8114 95.8175 90.9579 91.2577 16.5529 32.0156 68.0578 110.802 56.356 29.5466 40.3113 62.8172 52.345 18.2483 64.5136 51.7212 71.0211 11.4018 12.0416 53.0094 91.4871 38.0132 78.4474 55.5768 5.0 7.0 36.0571 25.7099 112.38 78.848 23.0217 50.2892 62.5395 34.1548 78.1453 63.8905 0.0 14.3178 77.0998 93.4763 65.9619 24.1661 90.428 76.5578 75.8452 19.2354 65.4905 80.6404 50.5668 
46.2162 2.23607 106.266 86.8434 104.119 28.0179 46.1736 62.6259 107.132 48.9183 22.8035 29.1548 72.89 61.5231 28.8444 55.0727 60.8746 80.7023 4.12311 5.09902 65.8559 103.77 47.1868 88.8088 67.8594 9.48683 18.3848 34.4824 16.9706 108.123 89.0327 36.3456 60.861 57.2014 29.1868 87.4981 54.1202 14.3178 0.0 86.4526 88.8101 75.3147 38.4838 86.5374 85.7113 70.1783 15.5242 52.0384 89.9932 62.1289 
53.0244 86.6789 40.7185 45.1774 21.9545 84.9227 76.1577 54.6443 51.5461 64.4438 74.5987 79.5159 25.5539 32.3948 58.968 75.6637 32.4557 19.4165 85.6752 81.6823 49.0408 25.7099 39.6745 30.0167 31.084 80.5141 70.1209 61.1943 80.0126 57.0088 28.0713 81.0899 34.0588 52.4976 67.5846 11.7047 77.0779 77.0998 86.4526 0.0 48.0937 11.1803 70.421 44.1814 5.65685 58.5951 81.0126 100.699 8.48528 39.598 
55.2215 86.4629 87.3212 3.16228 32.2025 105.646 106.799 28.1603 19.0263 45.2769 65.655 67.6831 70.7699 52.8016 79.9072 50.3587 47.8539 67.0075 91.8262 85.2388 90.6776 24.6982 63.2851 78.1025 41.6173 92.2819 86.5053 67.4292 71.7924 19.3132 76.1643 107.205 74.1694 32.0156 61.5028 59.4138 52.345 93.4763 88.8101 48.0937 0.0 53.5412 98.7899 4.12311 44.0114 24.3311 74.6233 79.6304 54.7449 80.3664 
43.5231 75.5411 41.8688 50.3975 31.8904 73.7849 65.0 54.231 59.9333 61.857 63.8821 77.9797 17.2627 21.257 47.8302 73.4348 29.5586 15.2315 74.5373 70.5444 39.1152 34.0 28.5367 27.313 28.1869 69.3762 58.983 50.4777 69.296 65.0 25.9422 69.9521 23.3452 51.0115 56.8681 15.2315 74.6979 65.9619 75.3147 11.1803 53.5412 0.0 59.2831 49.419 10.8167 59.4811 70.296 98.7898 16.0312 29.2062 
45.1774 39.9249 81.3941 95.7326 90.8929 18.3848 9.21954 81.1026 112.448 73.7564 49.0408 62.2013 51.4782 50.4777 20.6155 83.7618 52.4976 60.8276 35.3553 35.7351 34.2053 93.1469 36.2353 65.0077 57.3379 29.0689 22.2036 44.2719 47.1699 115.486 66.0076 11.0454 38.6394 75.3633 48.0521 70.342 83.4867 24.1661 38.4838 70.421 98.7899 59.2831 0.0 94.9036 69.6797 89.0959 39.0128 88.8426 73.6817 36.0139 
52.1732 84.7114 83.678 1.0 29.1548 102.598 102.912 27.0185 20.6155 44.0114 63.3824 65.9242 66.6478 48.7562 76.9435 50.01 43.8292 63.0 89.5536 82.9662 86.5553 21.4709 59.3633 74.1687 37.8021 90.0093 83.4569 64.3809 69.5198 21.9545 72.2496 103.852 70.0472 30.2655 59.2302 55.5788 51.9711 90.428 86.5374 44.1814 4.12311 49.419 94.9036 0.0 40.0 24.3516 72.3507 79.2465 50.9902 76.2442 
47.4955 87.8444 46.0652 41.0 21.2132 84.1814 75.4165 49.0918 49.2443 58.7963 69.0698 73.8824 27.5136 31.6535 58.2267 70.0071 26.9268 23.0 84.9339 80.941 49.93 23.2594 38.9332 34.3657 25.5551 79.7728 69.3796 55.6654 74.4837 54.4243 32.5576 80.3486 34.0588 46.8615 62.0558 17.0 71.4213 76.5578 85.7113 5.65685 44.0114 10.8167 69.6797 40.0 0.0 53.2259 75.4837 95.0656 14.1421 40.0 
44.0114 68.1175 99.2824 24.0416 50.3637 92.3413 98.091 8.06226 43.1045 22.8473 47.4236 46.0977 75.3226 53.2353 68.5698 26.0768 47.0956 74.6324 73.5935 67.1789 90.0888 42.638 58.7366 86.6487 38.0 74.3491 75.2937 56.0578 53.2635 42.107 85.0941 96.0759 74.0068 13.8924 43.5839 70.214 28.0713 75.8452 70.1783 58.5951 24.3311 59.4811 89.0959 24.3516 53.2259 0.0 56.6905 55.3263 66.8738 80.0062 
32.0294 14.1421 103.873 72.6567 89.9321 35.7771 48.0104 48.9031 92.9448 37.1214 10.4403 23.3452 70.959 52.3276 22.088 45.607 49.8358 76.4793 17.8885 11.1803 59.6086 89.5829 43.2415 86.8458 53.6727 17.6918 17.1172 20.2956 8.544 93.9363 86.4348 41.2311 53.7622 43.3848 15.0 82.4793 45.1221 19.2354 15.5242 81.0126 74.6233 70.296 39.0128 72.3507 75.4837 56.6905 0.0 50.9215 86.1897 55.1012 
67.426 50.0899 140.277 79.0759 102.749 80.0062 97.3242 52.6308 98.4124 37.1618 42.9418 28.178 106.358 87.0753 73.0074 29.2746 84.5512 112.41 56.0089 53.4603 108.751 95.0245 78.8272 122.996 73.4886 61.2046 66.7083 55.2178 42.3792 97.0464 122.428 88.278 97.6524 51.264 48.8262 111.905 27.2947 65.4905 52.0384 100.699 79.6304 98.7898 88.8426 79.2465 95.0656 55.3263 50.9215 0.0 109.159 101.548 
58.2015 90.2195 32.8938 51.9711 25.4951 88.459 78.7909 63.0079 55.9017 72.9178 79.7758 87.9759 24.8395 35.9354 62.5086 84.1487 40.8346 16.4012 89.2158 85.2229 48.9183 31.0 43.2151 24.5153 39.4629 84.0547 73.6615 66.3714 85.1897 61.6604 22.3607 84.4808 35.7771 60.959 72.7618 5.38516 85.5628 80.6404 89.9932 8.48528 54.7449 16.0312 73.6817 50.9902 14.1421 66.8738 86.1897 109.159 0.0 40.4969 
41.7852 62.426 45.8912 77.2095 61.0737 53.3385 39.2938 73.0616 88.6848 73.7631 59.0763 73.4983 16.1555 27.6586 33.2866 85.7263 33.2415 25.632 60.9016 57.4282 10.4403 62.9682 23.4094 29.0689 42.0119 55.0091 44.2945 46.5296 64.4707 93.5317 30.0 47.0425 6.32456 68.2982 52.8394 36.2353 86.3829 50.5668 62.1289 39.598 80.3664 29.2062 36.0139 76.2442 40.0 80.0062 55.1012 101.548 40.4969 0.0 
DEMAND_SCENARIO_SECTION
0 0 0 0 0 0 0 0 0 0 0 0 0 0 0 0 0 0 0 0 0 0 0 0 0 0 0 0 0 0 0 0 0 0 0 0 0 0 0 0 0 0 0 0 0 0 0 0 0 0 0 0 0 0 0 0 0 0 0 0 0 0 0 0 0 0 0 0 0 0 0 0 0 0 0 0 0 0 0 0 0 0 0 0 0 0 0 0 0 0 0 0 0 0 0 0 0 0 0 0 0 0 0 0 0 0 0 0 0 0 0 0 0 0 0 0 0 0 0 0 0 0 0 0 0 0 0 0 0 0 0 0 0 0 0 0 0 0 0 0 0 0 0 0 0 0 0 0 0 0 0 0 0 0 0 0 0 0 0 0 0 0 0 0 0 0 0 0 0 0 0 0 0 0 0 0 0 0 0 0 0 0 0 0 0 0 0 0 0 0 0 0 0 0 0 0 0 0 0 0 
6 7 4 8 3 5 9 4 7 11 9 9 7 8 7 8 6 5 12 4 3 11 10 5 5 6 8 5 11 6 9 6 6 4 4 7 9 6 10 7 6 7 4 7 3 4 7 8 3 7 8 10 5 4 6 8 9 6 8 6 9 8 11 7 8 7 3 5 6 7 6 7 5 11 3 8 5 4 4 4 7 12 9 4 12 8 6 4 7 7 8 12 9 6 7 7 8 7 7 6 8 8 7 4 5 5 7 10 5 6 4 6 6 10 6 7 5 5 5 10 6 7 7 7 4 9 7 10 8 3 6 9 7 8 4 6 13 8 7 9 4 7 4 9 7 11 6 6 6 3 5 4 5 10 8 2 4 13 2 11 3 3 9 14 6 8 10 6 7 5 10 7 2 6 7 9 13 7 7 5 7 6 9 4 11 6 4 4 10 9 10 5 7 5 10 8 4 10 6 9 
5 4 10 4 5 7 6 7 5 8 5 7 4 8 5 5 7 6 8 5 6 6 3 5 7 6 5 6 7 9 7 6 5 9 4 7 9 6 10 5 8 5 5 9 5 3 10 9 4 5 5 7 7 5 5 11 10 4 7 8 6 7 6 6 3 11 4 4 6 7 5 6 2 6 8 8 4 6 10 7 5 8 10 3 5 4 6 6 6 5 8 5 7 7 7 7 6 3 6 12 8 6 5 5 10 9 9 6 7 6 5 9 5 6 4 7 7 4 3 3 7 5 3 8 8 8 10 4 5 7 9 6 6 5 8 3 5 6 6 6 6 5 3 9 6 5 6 4 9 10 3 7 6 8 8 6 6 7 7 9 4 7 7 4 3 4 8 6 6 7 4 5 8 8 2 6 8 8 7 10 5 6 6 7 4 9 2 7 4 5 5 5 8 5 5 7 6 6 5 0 
1 1 1 1 1 1 1 1 1 1 1 1 1 1 1 1 1 1 1 1 1 1 1 1 1 0 1 1 2 1 0 1 0 1 1 1 1 1 1 1 1 1 1 0 2 2 1 1 1 1 2 1 1 1 2 1 1 1 0 1 1 1 1 1 1 0 1 1 1 1 1 1 1 1 2 1 1 1 1 1 1 1 1 1 1 1 1 1 1 1 1 1 2 1 1 1 1 1 1 1 1 1 1 1 1 1 1 1 1 1 1 1 1 1 2 1 1 1 1 1 1 1 1 1 1 1 1 1 1 1 1 1 0 1 1 1 1 1 1 1 1 1 1 1 1 1 1 1 0 1 1 1 1 1 1 1 1 1 1 1 1 1 1 2 1 1 1 1 1 1 1 1 1 1 1 1 1 1 1 1 1 1 0 1 1 1 2 2 1 1 1 1 1 1 1 1 1 0 1 1 
6 5 4 4 4 4 4 4 8 2 5 4 7 1 5 3 2 6 4 5 7 3 5 6 4 2 4 5 2 3 3 6 5 3 2 6 4 6 5 2 6 3 4 4 2 5 3 5 5 3 4 5 2 3 2 3 4 4 4 3 2 4 6 4 4 4 6 5 4 3 2 7 6 5 4 5 4 4 3 4 3 5 6 4 4 4 5 4 3 3 2 3 4 5 4 4 2 3 5 5 5 4 3 1 3 4 4 5 5 4 4 4 6 4 4 5 5 5 3 3 5 4 2 3 5 4 3 4 5 6 4 5 4 1 5 3 4 5 4 4 5 5 4 5 2 5 5 4 3 3 4 5 4 4 4 4 3 4 4 6 2 5 3 2 3 7 3 6 6 5 4 5 5 2 2 3 6 4 2 4 3 1 1 4 5 2 4 4 3 4 5 4 4 6 3 6 3 3 5 5 
2 2 1 2 2 1 2 4 3 1 1 3 2 2 2 2 2 2 1 2 2 3 2 3 2 0 1 2 3 2 3 2 1 2 2 2 3 3 2 2 3 3 2 3 3 3 3 1 2 3 2 2 3 2 2 1 3 3 1 1 3 2 2 2 2 2 1 2 2 2 2 2 2 2 2 2 1 3 2 2 1 3 1 2 1 2 1 1 1 3 2 1 1 2 3 2 2 3 3 3 2 3 2 0 3 3 1 2 2 3 1 1 2 1 2 3 1 2 1 2 2 2 3 1 3 0 2 3 2 3 3 3 3 2 2 2 2 4 2 2 1 1 3 1 2 2 2 2 2 2 1 2 1 2 2 2 2 2 3 2 1 2 3 3 3 2 2 2 2 3 2 3 2 1 2 4 3 2 2 2 3 2 3 1 2 2 3 1 1 1 2 4 1 2 2 1 3 2 1 2 
12 14 9 11 11 9 10 11 9 11 11 5 13 13 15 8 9 8 5 10 14 11 7 7 11 15 5 13 7 16 10 10 11 8 14 14 7 12 13 13 10 7 6 11 3 5 15 9 6 9 7 11 6 16 9 5 9 11 10 14 13 12 7 9 18 11 10 12 8 12 8 9 10 20 5 8 8 12 10 15 5 12 14 13 16 17 13 10 5 8 6 9 10 13 14 5 11 13 10 11 13 11 8 9 5 3 13 12 6 11 8 7 9 10 16 10 15 9 8 7 11 11 8 10 12 5 12 10 7 9 5 12 3 10 7 11 7 10 11 7 11 12 15 10 9 12 8 12 8 11 10 5 13 5 12 11 9 8 3 8 11 8 5 5 9 10 9 11 9 3 11 3 13 8 8 13 10 10 7 8 14 12 16 2 7 14 8 9 7 15 5 12 7 6 8 10 5 10 8 12 
12 10 13 8 6 8 11 13 9 10 9 6 6 10 10 8 8 7 10 10 9 7 11 6 6 3 7 11 10 10 11 10 6 8 8 11 11 1 9 3 8 10 5 7 7 8 8 9 7 15 8 4 10 11 12 12 11 14 6 6 8 5 11 9 10 5 11 3 9 10 6 11 4 8 5 4 9 4 6 10 5 5 7 8 4 7 6 5 5 9 8 9 7 10 7 8 6 8 7 10 6 8 10 14 8 11 8 8 3 9 8 12 4 10 5 14 11 11 9 7 6 5 9 6 9 6 5 7 4 1 11 6 7 7 5 10 5 6 6 4 5 10 7 7 9 12 6 4 7 5 10 8 8 6 8 4 7 9 12 7 8 9 8 6 9 2 8 3 9 6 6 10 6 6 9 11 14 6 5 10 8 9 13 5 6 6 6 11 11 6 8 10 5 10 4 9 7 10 8 11 
11 8 4 10 5 7 9 9 9 9 10 5 8 11 8 7 8 7 5 5 9 1 13 9 10 7 6 7 6 10 8 8 5 11 5 5 10 11 7 10 7 6 6 3 10 5 11 7 0 10 6 12 7 8 7 8 7 7 7 5 6 10 10 1 10 3 9 11 5 8 12 7 7 9 6 7 7 5 11 4 11 6 9 11 5 5 9 3 11 2 7 10 4 7 12 7 12 8 8 6 8 7 12 4 7 6 7 12 8 7 5 9 6 6 7 6 8 9 7 6 8 9 5 4 7 9 10 9 5 10 6 10 9 9 9 2 17 6 14 11 3 11 8 6 8 6 6 5 12 8 7 8 13 5 9 10 14 12 11 5 10 9 4 11 12 7 8 6 4 8 7 9 10 7 7 11 3 7 8 8 9 9 4 6 1 11 5 6 3 6 11 9 8 7 7 8 5 9 7 5 
0 4 4 4 4 5 4 4 5 3 5 2 2 0 4 3 7 4 4 4 4 3 3 1 5 4 4 4 4 5 5 4 6 2 5 5 5 4 5 2 3 3 4 6 2 4 3 4 4 1 4 2 4 5 3 4 5 6 4 1 6 3 3 3 2 3 4 3 6 5 5 3 6 6 3 4 3 6 2 3 3 4 4 4 6 4 3 6 6 2 5 6 4 3 5 3 1 3 5 4 5 3 2 6 8 4 4 1 5 4 4 3 4 5 5 3 4 4 4 5 4 3 5 4 2 2 0 4 3 5 5 3 3 3 5 3 4 5 3 4 4 5 4 4 3 3 4 5 3 3 4 4 4 3 2 4 2 3 2 3 3 6 2 5 8 3 3 4 4 2 4 3 4 6 1 4 3 3 4 3 4 5 4 4 5 4 5 5 3 3 4 5 5 6 3 4 3 3 4 5 
16 10 7 12 8 10 5 10 6 8 6 9 9 12 4 2 8 10 7 11 11 12 7 10 6 10 10 13 12 10 11 7 7 9 12 12 15 8 9 9 9 8 9 10 9 9 12 10 6 8 5 12 11 5 13 9 10 5 11 2 13 6 9 7 10 10 9 10 8 7 8 12 7 8 10 5 5 6 13 9 4 8 8 11 6 7 13 7 13 7 10 9 13 5 9 8 8 7 7 9 9 7 11 11 13 11 9 12 4 13 10 1 6 7 10 9 7 7 13 11 2 9 11 10 6 4 7 4 4 9 7 5 15 7 10 7 9 8 8 6 6 7 7 11 14 13 7 14 12 10 6 5 3 12 8 11 9 10 4 8 11 5 11 8 6 11 13 6 6 8 11 11 9 8 12 13 8 8 0 5 12 8 12 11 11 9 9 14 9 13 11 6 9 13 9 7 6 10 9 4 
8 10 11 7 12 4 14 6 6 8 7 4 4 14 8 10 9 9 6 13 0 3 4 8 10 8 4 5 7 9 10 5 3 6 6 5 11 11 8 3 13 12 10 11 13 3 7 9 6 2 8 6 8 7 5 9 8 8 11 9 8 5 14 2 10 11 6 6 9 7 8 10 6 5 6 11 11 7 10 8 10 3 8 6 8 4 9 10 9 8 9 7 5 8 6 7 10 5 8 6 12 7 11 9 9 10 4 2 8 8 7 8 5 8 6 13 15 7 7 5 6 7 6 8 8 7 5 5 10 6 5 5 4 8 7 10 11 5 8 6 8 7 4 7 10 10 9 8 8 6 8 5 3 5 8 8 10 9 5 7 14 3 11 8 4 4 6 10 10 8 10 9 13 9 8 8 4 7 9 10 8 5 7 9 8 4 8 5 8 2 10 8 10 6 7 3 11 6 9 12 
5 10 8 8 4 4 4 5 2 7 8 6 2 8 8 5 2 9 2 5 8 4 6 7 9 3 5 10 5 7 6 7 5 4 6 7 7 9 4 6 6 3 5 6 4 3 5 5 6 2 3 5 8 5 3 4 6 5 6 4 4 8 6 9 8 6 5 5 3 9 7 10 8 7 4 3 4 8 5 6 7 4 5 6 5 7 8 5 6 3 8 3 8 8 8 5 7 4 7 5 3 5 8 2 4 5 5 6 3 5 4 5 8 7 6 2 7 5 6 4 6 2 4 6 7 6 6 6 6 7 4 6 5 8 7 6 3 2 5 4 8 5 4 6 5 5 2 11 5 6 8 6 6 5 4 9 8 7 6 3 9 7 5 7 2 7 3 4 7 3 5 8 5 6 8 6 5 8 7 8 7 2 2 6 3 6 7 6 7 5 8 9 5 7 5 4 6 4 4 7 
6 8 5 3 7 4 6 5 3 1 4 2 9 6 1 7 5 5 6 3 4 6 5 2 5 5 6 5 6 5 5 7 5 9 3 5 6 4 5 6 3 6 8 5 5 3 6 7 6 5 6 4 6 6 7 6 6 2 7 5 6 4 4 6 6 5 5 7 5 7 5 2 6 3 5 6 8 3 2 5 5 6 5 7 7 5 4 5 6 7 4 4 5 3 3 3 2 4 6 3 1 7 3 0 6 6 4 3 5 5 5 5 3 4 4 8 6 3 4 4 7 9 5 6 2 4 4 3 3 5 0 7 3 4 5 6 7 4 4 2 6 9 5 8 6 6 3 5 8 6 5 3 6 7 4 5 2 4 4 7 4 4 5 4 6 4 4 3 4 5 5 7 5 4 5 6 4 4 6 8 7 6 4 6 4 6 4 7 6 5 7 6 3 7 4 5 3 5 6 1 
9 10 11 5 11 7 14 12 4 12 12 14 7 13 8 7 9 14 12 10 2 8 7 10 5 13 12 11 9 6 11 11 8 8 11 12 9 9 14 16 16 9 10 6 8 14 10 10 10 11 8 10 12 9 11 5 8 11 5 7 11 5 8 9 17 6 9 5 10 5 8 14 11 8 12 6 8 6 10 11 7 11 15 8 9 10 12 11 6 5 12 13 9 7 13 9 10 7 12 9 10 13 2 13 5 11 13 12 7 1 13 3 14 14 5 8 13 7 12 5 18 13 9 14 10 5 8 9 6 10 8 7 7 9 8 13 8 6 8 10 13 11 8 15 13 11 11 9 12 10 11 11 8 9 15 7 7 13 14 14 8 9 9 12 9 6 6 12 9 9 10 4 10 7 9 11 9 15 7 14 8 7 4 6 13 13 5 10 15 12 12 9 10 4 11 5 8 10 10 8 
1 2 1 0 1 1 1 1 1 1 2 1 1 1 1 1 1 1 1 2 2 0 1 1 1 1 1 1 1 0 0 1 1 1 1 1 1 2 1 1 1 1 2 1 1 1 1 1 1 1 1 1 1 2 1 1 1 1 2 1 1 1 1 1 1 1 1 0 0 2 1 2 1 1 1 1 1 1 0 1 1 1 1 0 1 2 1 1 1 1 1 0 1 1 1 1 1 0 2 1 0 1 1 1 1 2 1 1 1 0 1 1 1 1 1 1 1 2 2 1 1 1 1 1 1 1 1 1 1 1 2 1 1 1 1 2 1 1 1 1 1 1 1 1 1 1 1 1 1 1 1 1 1 1 1 1 1 1 1 1 1 1 1 1 1 1 1 1 1 1 1 1 1 1 1 1 1 1 1 1 1 2 1 1 1 1 1 1 1 1 1 1 1 1 1 1 1 1 1 1 
5 10 9 8 5 5 8 6 5 9 7 4 7 8 8 3 6 9 6 10 4 1 9 7 8 6 3 5 9 10 3 5 8 8 6 7 11 4 5 5 6 6 5 9 9 5 5 7 3 5 5 8 8 4 5 7 7 7 9 6 3 6 5 6 7 8 5 6 4 8 7 5 9 2 4 8 9 3 4 6 3 2 6 0 6 4 7 8 8 9 6 6 8 7 5 7 6 6 5 10 4 8 7 8 4 6 5 7 6 6 4 8 5 4 7 7 11 5 4 8 6 4 6 5 3 6 6 5 4 7 6 3 8 8 4 5 8 8 5 6 7 5 6 9 5 8 6 4 6 10 7 5 4 7 7 9 7 5 6 5 7 7 8 6 7 5 8 5 5 9 7 2 9 7 6 4 8 2 7 8 7 5 6 4 6 6 5 6 6 3 6 1 6 10 8 7 6 5 5 5 
3 3 5 3 4 4 4 4 4 2 3 2 4 4 4 3 3 2 3 3 2 4 2 2 3 2 3 4 2 3 3 2 3 3 2 3 2 2 1 3 5 5 2 5 2 2 4 4 3 4 3 3 3 2 4 3 3 3 4 3 5 3 2 5 4 3 2 3 3 3 3 3 3 4 3 3 1 3 4 5 5 2 4 3 4 3 3 2 3 2 2 2 2 2 5 2 2 3 3 3 4 4 2 1 2 4 3 2 3 2 1 2 3 5 4 2 1 3 3 4 2 2 3 2 3 4 2 4 3 3 4 3 3 3 2 4 1 3 3 3 2 2 4 3 4 3 2 3 2 2 4 4 3 1 4 3 2 4 2 4 3 2 2 3 4 3 2 3 2 4 2 2 5 3 3 3 2 1 4 3 2 1 2 2 4 4 2 4 4 5 4 4 3 5 3 3 2 4 3 2 
10 5 8 4 9 7 7 3 12 6 13 8 9 9 8 10 8 5 5 10 4 9 9 8 9 7 6 11 7 11 7 6 9 9 8 10 8 8 8 9 12 6 9 8 5 9 6 5 7 7 10 10 5 8 8 9 9 7 9 9 12 10 8 8 8 6 9 4 9 4 12 10 5 10 6 10 8 5 12 11 5 4 7 5 9 10 8 11 10 7 6 5 10 8 11 9 10 10 7 4 11 5 11 6 11 14 3 7 12 11 6 8 2 8 11 9 2 14 9 8 8 9 7 7 9 4 5 1 10 12 9 5 8 8 7 5 8 3 9 7 7 10 11 14 5 8 7 6 6 7 6 6 10 9 9 6 7 8 7 8 6 7 9 2 6 8 7 14 6 10 13 10 9 8 3 2 6 7 6 7 10 5 12 7 8 9 11 9 9 7 10 5 7 8 8 7 15 9 10 5 
4 3 6 2 4 5 3 3 5 7 3 2 3 5 4 4 3 4 3 5 6 5 6 3 6 5 5 5 5 6 2 4 5 4 3 2 5 5 6 4 3 1 3 4 4 6 4 4 5 3 6 2 5 4 3 3 5 4 4 4 4 5 4 3 5 6 4 4 2 4 6 5 4 7 4 2 3 4 5 6 5 7 2 4 6 4 5 4 5 4 4 4 5 4 4 3 3 2 5 4 3 2 3 4 2 4 4 4 3 6 7 2 5 4 8 4 4 3 5 2 5 5 6 6 3 5 6 5 3 5 4 5 2 3 5 3 3 5 3 1 2 5 3 3 3 6 4 4 4 5 5 3 5 6 5 4 6 2 4 5 1 4 1 4 2 3 3 2 4 2 4 3 4 3 5 3 6 5 7 4 4 3 4 2 5 6 1 3 4 2 4 4 3 5 4 4 3 6 5 2 
5 4 4 3 4 3 4 3 6 5 3 5 2 2 3 1 3 5 2 3 4 4 1 1 6 5 5 6 4 5 3 4 2 5 6 3 5 5 6 6 3 4 5 3 3 3 3 3 6 3 5 5 3 6 6 5 5 5 5 3 4 3 3 4 3 1 4 2 2 1 2 5 5 2 6 2 4 3 4 7 4 6 3 2 3 5 2 4 5 6 2 5 4 1 2 4 3 1 3 4 4 5 5 4 5 4 4 5 2 4 4 6 6 4 5 5 3 6 3 3 6 3 3 4 4 7 5 3 6 4 3 5 2 5 5 2 5 7 4 3 3 5 7 0 3 2 4 3 3 5 2 3 5 4 6 2 4 7 4 4 3 5 3 3 6 3 6 3 6 5 5 4 1 4 4 5 1 4 4 4 5 1 8 5 6 3 5 3 6 4 3 5 8 2 4 6 4 6 5 4 
2 3 2 3 2 3 1 3 4 4 3 2 5 4 4 3 3 4 2 3 2 4 4 4 4 3 4 1 2 3 2 3 2 2 2 4 3 3 2 2 3 3 4 2 2 3 4 2 3 3 1 3 4 4 4 4 3 3 4 3 3 4 1 3 2 1 3 3 4 2 3 2 6 4 1 3 1 3 1 3 2 5 3 4 2 4 2 3 3 3 4 3 5 3 3 4 4 3 2 2 3 1 2 4 2 3 4 3 1 4 2 3 5 1 4 4 4 3 2 3 5 2 1 4 2 3 3 2 2 4 3 4 4 3 2 3 3 1 2 3 3 5 3 1 1 4 2 2 2 2 2 1 3 2 4 3 2 4 3 3 3 3 3 3 2 3 2 3 3 4 3 3 1 2 2 2 2 3 2 3 3 2 3 3 2 4 2 2 3 1 3 2 2 2 4 3 2 4 2 3 
10 6 11 8 4 3 11 13 9 9 7 5 10 9 7 13 5 17 10 14 8 9 14 12 12 14 0 17 8 11 7 12 12 13 13 8 10 10 18 13 14 15 11 17 9 10 7 10 7 8 7 11 12 6 13 14 7 4 11 6 6 11 10 11 9 16 8 9 11 15 12 21 7 13 9 7 9 7 10 6 10 19 10 13 11 12 7 6 15 13 10 11 11 14 14 9 7 6 7 9 12 10 15 15 10 9 18 12 9 13 17 11 12 10 10 12 15 5 10 7 10 10 14 14 13 7 8 12 4 7 9 11 14 6 12 11 7 15 4 9 12 16 15 13 11 8 11 13 16 19 4 6 10 9 9 11 5 14 9 6 8 7 3 11 14 16 6 6 9 13 0 11 8 9 7 7 11 8 14 10 6 11 15 15 8 15 7 7 13 11 6 12 12 9 11 7 8 9 10 11 
2 2 3 1 3 2 1 1 1 2 1 3 2 1 2 2 3 3 1 2 1 1 1 2 4 2 3 2 2 1 2 2 1 2 1 2 1 1 2 3 2 2 2 1 2 2 3 3 3 2 2 2 3 1 2 2 2 2 1 2 2 0 2 3 3 1 3 2 2 1 2 2 3 3 2 2 1 1 3 2 3 1 2 3 2 2 1 1 3 2 2 1 1 2 2 3 3 3 2 0 2 2 3 2 2 2 2 3 3 2 3 3 2 1 1 2 2 3 3 1 2 2 1 2 3 2 2 2 2 4 3 2 2 3 2 2 3 1 2 0 3 2 2 1 2 2 2 2 3 2 1 1 2 3 3 2 2 2 3 3 3 3 1 2 3 2 1 3 3 0 2 2 2 2 2 2 3 2 2 1 3 1 2 2 2 2 2 3 3 3 2 3 3 2 3 2 2 2 3 1 
9 7 6 5 5 3 4 10 6 9 7 11 5 11 2 8 3 3 7 10 9 6 7 4 11 6 8 5 4 7 4 7 8 4 8 5 3 7 8 12 7 3 8 8 3 8 7 5 5 6 5 3 5 5 6 5 8 5 7 9 10 12 6 6 1 9 4 2 5 7 5 8 3 2 6 8 5 5 6 10 5 4 7 8 7 7 10 7 10 7 10 11 4 9 9 9 7 9 8 8 7 6 5 7 7 10 8 6 7 7 8 7 11 11 8 7 9 8 9 8 5 8 13 12 8 11 6 4 4 3 10 8 11 13 6 6 10 5 7 5 6 5 9 11 7 10 9 7 7 7 9 6 5 8 7 6 8 8 13 7 8 9 9 6 9 11 6 8 5 7 8 9 11 9 13 4 6 6 6 5 6 6 5 9 7 9 7 8 8 7 8 11 4 4 5 11 5 7 8 8 
6 2 7 3 5 5 3 3 5 4 3 5 4 5 4 5 4 4 2 4 6 3 4 4 4 3 4 4 5 4 4 4 5 3 5 5 3 4 3 5 5 3 2 4 5 4 5 2 3 5 1 3 5 3 4 4 5 4 4 6 4 6 7 6 3 4 5 4 5 4 4 6 4 5 4 4 4 5 3 4 2 5 4 4 5 5 4 5 5 2 3 4 6 2 4 4 5 3 3 6 5 3 6 5 3 6 3 3 3 4 3 3 4 2 3 3 2 3 4 6 3 3 3 2 2 4 4 3 1 4 4 3 3 2 4 3 6 4 6 6 7 5 3 5 3 4 3 1 4 1 3 8 2 5 4 5 4 1 1 4 5 5 5 3 5 6 1 2 5 3 6 6 6 4 4 4 6 5 6 6 3 3 2 4 4 5 3 6 3 5 5 4 2 2 5 4 3 5 5 6 
3 4 4 2 3 3 5 2 4 4 4 1 4 4 1 2 3 3 2 4 4 3 3 4 4 2 5 1 4 5 3 3 2 3 3 4 4 3 3 5 3 2 2 3 4 4 3 4 3 2 3 2 2 3 3 4 3 5 3 2 3 3 3 3 2 3 3 3 3 2 4 2 3 3 4 3 4 4 4 5 3 3 4 3 3 4 3 1 2 4 3 3 3 3 3 3 4 5 2 3 3 2 3 2 2 1 2 2 3 2 3 2 2 3 2 3 4 3 4 3 5 5 3 3 3 3 4 2 3 3 3 3 4 2 2 3 3 3 4 3 3 4 4 2 3 4 6 4 2 3 2 0 3 1 3 4 4 5 4 2 3 2 5 3 4 2 4 2 4 4 4 3 3 3 3 3 1 4 3 2 3 3 3 5 2 4 3 3 4 3 3 2 3 3 2 2 3 4 1 1 
3 2 5 3 3 4 3 4 3 1 2 2 4 3 4 2 4 4 3 5 3 5 3 3 1 1 2 3 4 4 3 2 2 3 3 2 4 2 4 4 3 2 1 3 2 1 3 3 2 4 4 3 2 2 2 4 3 3 2 3 3 2 2 3 4 2 2 4 1 4 3 3 4 1 5 3 3 2 2 3 3 3 4 3 4 3 4 4 2 3 4 4 2 1 2 5 4 3 4 3 3 4 4 2 5 4 4 3 2 2 3 2 2 2 4 2 3 3 3 3 3 3 4 2 2 4 2 3 5 4 4 3 3 3 2 3 4 2 4 4 3 3 4 4 2 3 3 2 3 2 1 3 3 5 4 2 2 2 3 2 4 2 3 5 2 3 2 3 3 2 4 2 3 4 4 2 3 3 3 3 3 3 2 4 3 4 3 4 3 2 2 2 2 3 4 4 4 2 2 2 
2 7 6 7 3 3 4 5 3 8 5 2 5 5 5 5 7 8 4 3 4 5 3 6 2 1 3 6 6 6 7 3 7 5 5 8 5 5 4 5 2 5 6 6 5 5 3 9 5 6 5 2 5 7 5 5 4 4 7 4 5 3 2 4 7 2 8 5 7 4 7 5 6 3 3 8 4 8 6 3 5 4 3 2 2 5 4 5 5 4 6 5 7 5 5 4 5 5 5 4 7 5 5 3 7 5 4 7 8 5 8 8 6 1 6 5 7 5 3 4 6 6 4 4 8 3 4 7 7 6 6 6 6 6 6 9 5 7 5 5 3 6 6 5 2 3 6 2 7 7 1 3 6 5 6 7 3 3 3 4 5 2 4 4 3 7 5 5 5 7 5 4 4 4 9 9 6 6 6 7 3 5 4 4 3 5 6 5 3 6 6 3 7 5 7 4 5 5 6 8 
3 2 1 1 3 2 2 3 2 2 1 1 2 3 3 2 2 2 2 3 2 2 1 2 3 2 3 3 2 2 3 1 2 3 2 3 2 2 2 2 3 2 1 1 2 2 1 3 1 1 1 2 1 2 2 1 2 1 2 2 2 3 2 3 3 2 2 3 1 2 2 1 2 2 2 3 0 2 2 3 3 3 2 2 1 1 2 1 2 2 3 2 1 1 1 2 2 2 1 2 2 3 0 1 2 2 2 3 1 2 2 2 3 2 3 2 3 3 2 2 2 1 2 3 2 2 3 1 2 2 1 3 2 2 2 1 2 2 1 3 2 2 2 2 2 1 2 1 3 2 2 2 1 2 2 3 1 3 2 1 2 2 2 2 0 2 2 2 2 2 2 1 2 2 2 2 1 2 2 3 2 4 0 1 2 1 1 3 2 1 1 2 2 2 1 1 2 1 2 2 
0 2 1 1 1 1 1 1 1 1 1 1 1 0 1 0 1 1 1 1 1 1 1 1 1 1 1 0 1 1 1 1 1 1 1 2 1 1 1 0 1 1 1 1 1 1 1 0 1 1 1 1 1 1 1 1 1 1 1 1 1 1 1 1 1 1 1 1 1 1 1 0 1 1 1 1 2 1 1 1 1 1 1 1 1 1 1 2 1 1 1 1 1 1 1 1 1 1 1 1 0 1 1 1 1 1 1 1 1 1 1 1 1 1 1 1 1 1 1 1 1 0 1 1 2 1 1 1 1 1 1 1 2 1 1 1 1 1 1 1 1 1 1 1 1 1 1 0 1 1 0 1 1 1 1 1 1 1 1 1 1 2 1 1 1 1 1 1 1 1 1 1 1 1 1 1 1 1 1 1 1 1 1 1 1 1 2 1 1 1 1 1 1 1 1 1 1 1 1 1 
2 3 2 3 2 3 1 2 1 3 1 1 2 3 2 2 2 3 2 3 3 3 3 2 3 2 1 2 2 2 3 1 3 2 2 1 2 3 2 2 2 1 2 2 2 2 2 2 3 3 2 2 2 2 2 3 1 2 2 3 2 2 2 1 2 2 2 2 2 4 2 1 2 2 2 2 1 2 2 2 3 2 1 2 1 2 2 2 1 2 3 2 2 2 2 3 2 2 1 3 0 3 2 1 3 3 0 1 3 2 3 1 3 2 3 3 2 1 2 1 2 2 2 2 2 2 3 2 3 2 2 1 1 2 2 3 3 3 2 3 3 3 2 2 2 2 1 3 2 3 2 1 1 2 2 3 2 2 2 2 2 3 3 3 2 2 2 3 3 2 2 2 2 3 2 3 1 2 2 2 1 2 1 2 2 2 2 2 3 2 1 1 3 2 2 2 2 3 2 2 
4 2 2 4 3 3 3 3 3 2 2 3 3 1 3 3 5 3 2 2 3 4 3 3 5 2 4 4 3 4 4 3 5 2 6 4 3 4 4 2 3 3 4 2 3 2 3 2 4 5 2 4 3 3 2 3 1 3 2 2 4 2 2 3 2 4 5 3 2 2 5 4 2 3 4 3 3 3 2 4 4 4 3 2 5 2 3 2 4 3 4 4 3 3 3 1 3 4 6 2 3 4 3 3 3 3 4 3 3 1 3 2 4 1 3 2 3 4 4 2 3 3 4 4 3 4 2 1 3 4 3 4 3 4 3 1 3 2 2 2 3 4 4 2 4 3 3 2 4 3 2 1 3 2 4 3 2 4 2 2 2 2 4 4 3 4 3 4 4 3 2 2 2 3 1 5 2 2 3 3 3 5 3 3 3 3 3 3 1 4 4 3 3 2 3 3 4 4 3 3 
12 3 8 12 11 10 15 11 8 3 8 10 6 10 10 7 10 13 11 8 7 12 14 9 9 14 16 7 11 4 8 7 8 10 11 6 10 6 6 8 11 9 8 9 8 13 12 10 14 10 10 8 8 13 14 11 12 7 12 8 12 10 13 12 15 14 9 6 8 8 7 12 10 7 12 9 12 9 6 7 11 9 9 7 10 7 12 10 11 7 13 10 6 11 11 5 12 9 9 11 9 11 6 4 8 1 3 11 5 10 8 4 4 8 5 10 11 8 12 10 7 11 16 7 12 8 8 9 4 11 7 7 11 8 6 9 4 9 12 7 5 10 11 8 10 5 6 10 10 11 10 8 12 9 9 10 5 8 10 10 6 8 9 8 12 5 8 10 14 6 9 6 12 6 3 3 1 11 4 16 12 12 11 9 5 10 6 8 10 8 9 7 9 4 4 8 15 14 9 7 
7 3 3 2 4 3 5 3 5 5 3 5 4 4 3 6 4 2 4 6 7 6 5 4 4 4 3 2 3 4 5 5 5 3 4 4 5 8 4 5 3 4 4 6 5 5 6 4 3 3 7 4 2 1 7 1 4 5 4 4 5 3 4 4 5 5 1 5 4 4 3 4 3 4 4 3 2 4 2 4 3 6 3 6 3 3 4 4 4 2 5 3 4 6 4 3 6 4 6 2 4 3 3 6 4 6 3 2 1 7 3 6 5 3 4 5 6 3 5 3 3 4 3 5 4 4 4 2 4 5 4 3 4 4 5 6 2 2 6 3 6 4 2 4 4 3 8 5 4 3 7 3 2 4 5 4 5 3 5 2 5 3 4 4 2 2 4 5 5 2 2 3 6 5 4 2 3 6 1 4 3 2 1 6 4 1 4 4 5 4 4 2 3 1 5 2 2 6 3 3 
3 2 5 5 3 3 4 4 5 6 3 6 5 4 4 3 5 5 5 4 4 4 5 4 4 2 5 4 4 3 4 5 2 6 5 5 2 5 3 5 5 4 4 4 4 3 3 4 4 3 6 5 4 2 6 5 6 3 3 2 6 6 6 5 4 3 1 5 3 4 5 4 3 7 4 3 4 3 4 5 6 5 5 4 4 2 4 4 3 3 5 1 7 3 4 7 4 4 4 3 7 4 4 4 4 3 4 3 4 4 7 3 5 8 6 5 3 6 1 4 2 6 5 5 3 6 5 2 2 5 4 5 2 4 6 3 5 4 3 6 5 4 3 3 6 5 4 3 4 5 2 5 3 4 2 4 1 4 4 5 4 4 5 1 5 6 3 2 3 4 5 2 2 3 3 4 7 4 2 3 4 2 6 2 4 4 5 2 3 3 4 5 4 2 4 6 2 4 2 5 
1 2 1 0 1 1 1 1 1 1 1 1 1 1 1 1 2 1 2 1 1 1 0 1 1 1 1 1 1 1 1 1 1 1 1 1 1 1 0 1 1 1 1 1 2 1 1 1 1 0 1 1 1 2 1 0 1 1 1 1 1 1 1 1 0 1 1 1 1 1 2 1 1 1 1 1 1 1 1 1 1 1 1 1 1 0 2 1 1 1 1 1 1 1 0 1 1 1 1 1 1 1 1 1 1 1 1 1 1 1 0 1 1 1 1 0 1 1 1 1 1 1 0 1 1 1 2 1 1 1 1 1 0 1 1 1 1 2 2 1 1 1 1 2 1 1 1 1 0 1 0 1 1 1 1 1 0 1 1 1 1 1 1 1 1 1 1 1 1 1 1 1 1 1 1 1 1 1 1 1 1 1 1 1 1 1 1 1 1 1 0 1 0 1 1 1 1 1 1 0 
1 1 1 1 1 1 1 0 1 1 1 1 0 1 1 1 1 1 1 1 1 1 2 1 1 1 1 0 1 1 2 1 1 1 1 1 1 1 1 1 1 1 1 1 0 1 2 1 1 1 1 1 1 0 1 1 1 1 1 1 1 1 1 1 1 1 1 0 1 0 1 0 1 1 1 0 1 1 1 0 1 1 1 1 0 1 1 1 1 1 1 1 1 1 1 1 1 1 1 1 1 1 1 1 1 1 1 1 1 0 1 1 2 1 1 1 1 1 1 2 1 2 1 1 1 1 1 1 1 1 1 1 1 1 1 0 1 1 1 1 1 2 1 1 1 1 1 1 2 1 1 1 2 1 2 1 1 1 1 1 1 1 1 1 0 1 1 1 1 1 0 1 1 0 1 1 1 1 0 1 1 1 1 2 1 1 1 1 2 1 1 1 1 1 1 2 1 1 1 1 
8 9 5 6 4 7 12 5 9 7 4 9 6 8 6 7 10 3 8 8 9 5 3 10 9 7 3 5 5 7 4 8 6 3 8 5 4 3 9 7 6 7 4 8 6 9 8 10 7 9 4 10 6 9 7 6 7 4 9 6 8 8 12 6 5 1 5 7 6 7 1 6 7 7 4 5 6 9 11 5 10 2 7 5 7 8 3 9 8 4 6 7 6 6 5 5 8 7 8 4 8 8 6 5 9 11 10 3 9 5 4 9 4 10 11 3 9 7 8 7 11 9 10 7 6 8 4 7 8 8 7 7 5 7 6 3 11 8 5 4 7 8 3 9 4 7 9 8 7 7 5 9 7 9 7 4 7 6 9 5 8 8 8 8 3 7 9 8 4 8 6 6 6 9 4 5 9 6 8 6 11 9 4 7 3 4 5 6 8 7 4 4 7 8 9 9 5 5 9 9 
3 3 2 6 2 4 3 2 2 4 2 2 2 4 5 4 3 4 1 3 5 4 4 5 2 4 3 4 4 2 2 2 4 4 3 1 4 5 0 2 3 3 5 6 2 2 2 4 3 3 3 2 4 4 5 4 3 3 2 3 3 1 4 3 2 2 2 4 2 3 4 3 3 3 3 4 4 4 3 3 4 2 2 5 4 2 2 3 4 3 3 3 1 4 2 1 3 2 4 2 2 3 3 2 3 4 5 2 2 5 2 5 3 2 2 3 3 2 4 5 2 3 2 4 3 6 3 2 3 3 5 3 4 3 2 4 2 3 3 2 5 3 2 3 2 3 0 4 4 4 5 2 4 4 1 3 5 4 2 4 4 4 4 2 4 2 3 3 5 3 3 3 1 4 1 3 3 5 4 4 3 3 2 3 4 2 3 1 3 3 4 3 3 4 4 2 3 3 3 3 
3 9 6 7 12 7 8 8 4 10 7 11 9 6 15 5 7 12 5 9 6 11 12 14 13 9 3 12 12 5 14 6 9 6 6 7 11 9 8 8 7 16 13 5 11 12 6 11 9 10 9 6 4 10 11 8 4 11 9 7 7 11 10 6 9 9 9 7 6 5 11 10 4 13 12 6 1 10 10 6 13 12 8 7 5 5 15 2 7 8 8 6 6 13 14 11 7 13 10 9 8 6 13 11 12 10 7 3 8 10 8 6 7 10 15 12 10 5 5 9 11 12 9 14 8 11 7 11 4 8 5 12 9 10 15 8 7 10 16 9 15 11 4 7 10 4 8 9 10 6 7 7 7 11 9 15 12 13 11 9 11 11 4 11 6 9 10 12 5 9 9 8 9 6 6 8 12 7 7 9 7 1 3 6 10 10 8 8 7 8 13 11 8 12 14 7 7 15 7 13 
6 6 5 3 4 4 5 3 5 0 6 3 3 3 4 7 6 6 2 4 5 5 3 5 5 4 6 1 5 4 4 3 3 5 6 2 5 3 6 5 4 5 7 5 2 1 5 3 3 6 6 5 2 5 3 3 4 3 2 3 5 4 4 4 2 6 3 4 3 2 3 3 4 2 7 3 5 4 3 4 3 3 4 3 4 6 6 4 4 5 5 5 4 5 5 1 3 3 4 3 3 4 6 5 5 3 5 5 2 4 8 3 4 5 4 3 3 3 4 4 4 4 3 5 2 3 3 4 3 3 4 5 6 2 2 3 2 7 2 4 5 8 2 4 3 5 3 4 4 2 5 4 3 2 4 4 4 4 3 2 3 4 5 2 4 4 3 3 4 5 4 4 4 3 2 2 4 1 4 4 5 6 1 2 4 7 1 4 3 3 4 5 4 2 4 3 3 3 1 5 
4 9 5 7 6 7 7 11 6 5 6 7 7 5 9 7 2 5 4 8 9 9 6 6 3 8 8 7 8 9 3 8 5 6 6 6 8 7 7 4 7 4 5 4 8 2 5 9 4 7 9 9 5 7 5 9 5 5 7 7 7 5 4 7 5 3 3 3 2 6 9 10 3 6 4 7 7 7 8 7 8 8 1 5 7 6 7 5 6 3 6 6 6 4 7 5 4 10 0 7 6 5 6 4 7 6 6 4 7 3 7 8 9 4 5 9 7 9 10 5 1 1 5 6 3 7 8 5 7 8 7 7 5 8 6 5 5 8 3 5 9 5 10 7 6 7 3 7 4 6 8 7 7 6 7 4 6 5 6 4 5 8 5 8 8 4 6 5 5 7 7 4 7 9 6 7 8 5 7 5 6 14 5 3 5 5 6 4 7 6 8 3 10 4 9 6 5 5 6 7 
3 4 3 4 4 5 5 6 4 3 4 6 4 4 3 3 3 5 5 3 4 0 4 4 6 6 2 1 5 4 5 3 7 4 3 6 4 5 1 5 7 5 5 6 4 4 6 3 4 4 2 5 6 0 3 1 4 5 5 5 1 3 4 6 5 4 3 3 5 3 4 3 5 6 5 6 4 5 3 7 4 5 3 3 3 7 5 4 7 4 2 5 4 6 4 7 6 6 2 5 6 3 5 3 3 3 3 6 4 5 5 2 4 3 4 3 4 4 3 3 4 6 6 4 4 2 3 6 4 3 1 3 4 3 4 5 3 4 5 3 3 4 4 7 4 4 5 2 4 5 5 5 4 4 5 1 5 4 3 2 4 8 4 6 2 3 6 5 2 5 5 3 4 3 3 4 3 5 4 3 5 6 3 5 5 7 3 3 2 3 3 4 6 6 4 6 6 3 2 3 
