NAME  : Jabali_50_3_0.90_1_0
TYPE : SVRP
MODEL : FINITE_SUPPORT
NUMBER_OF_SCENARIOS : 200
DIMENSION : 50
EDGE_WEIGHT_TYPE : MATRIX
CAPACITY : 100
N_VEHICLES : 3
NODE_COORD_SECTION
1 2217 6006
2 1605 3815
3 4596 3494
4 2180 5628
5 1975 4290
6 2016 4894
7 2728 8502
8 5995 5853
9 2628 4858
10 3302 857
11 2690 4431
12 767 2359
13 5762 8375
14 4980 6166
15 1808 4672
16 3921 3834
17 3444 954
18 2093 8456
19 4553 7704
20 4102 1437
21 4815 4304
22 2514 6214
23 3498 5968
24 4290 2619
25 3310 999
26 3106 18
27 4347 3912
28 1331 3127
29 27 3162
30 1823 8082
31 2199 3385
32 1245 1382
33 5022 6373
34 6091 7631
35 2472 3901
36 3138 4601
37 6010 4549
38 3688 8249
39 1761 4236
40 4811 8603
41 3057 7438
42 2147 1872
43 3645 3314
44 2461 6914
45 1221 2280
46 5307 2294
47 4370 6541
48 5624 3693
49 3800 5727
50 5355 7400
DEMAND_SECTION
1 0.0
2 4.0
3 2.0
4 9.0
5 9.0
6 6.0
7 6.0
8 4.0
9 10.0
10 4.0
11 8.0
12 1.0
13 6.0
14 1.0
15 7.0
16 7.0
17 3.0
18 9.0
19 8.0
20 1.0
21 6.0
22 10.0
23 7.0
24 9.0
25 1.0
26 8.0
27 4.0
28 6.0
29 9.0
30 5.0
31 8.0
32 6.0
33 4.0
34 4.0
35 8.0
36 3.0
37 7.0
38 4.0
39 9.0
40 2.0
41 1.0
42 5.0
43 1.0
44 9.0
45 1.0
46 5.0
47 3.0
48 10.0
49 5.0
50 6.0
DEVIATION_SECTION
1 0.0
2 1.33333
3 0.666667
4 3.0
5 3.0
6 2.0
7 2.0
8 1.33333
9 3.33333
10 1.33333
11 2.66667
12 0.333333
13 2.0
14 0.333333
15 2.33333
16 2.33333
17 1.0
18 3.0
19 2.66667
20 0.333333
21 2.0
22 3.33333
23 2.33333
24 3.0
25 0.333333
26 2.66667
27 1.33333
28 2.0
29 3.0
30 1.66667
31 2.66667
32 2.0
33 1.33333
34 1.33333
35 2.66667
36 1.0
37 2.33333
38 1.33333
39 3.0
40 0.666667
41 0.333333
42 1.66667
43 0.333333
44 3.0
45 0.333333
46 1.66667
47 1.0
48 3.33333
49 1.66667
50 2.0
DISTANCE_MATRIX
0.0 27.9366 33.97 5.09902 24.0832 16.1245 35.8469 52.5547 19.4165 63.8114 24.6982 55.7315 55.4376 37.4833 19.0 44.4072 62.3986 42.4382 41.9666 54.7841 48.4665 5.0 17.1172 42.0761 63.153 73.7376 47.5079 55.2268 66.6408 46.8615 36.4005 60.4634 37.9325 54.1199 30.0832 26.8701 48.2597 31.2341 25.0 45.0003 20.1245 53.9132 50.3289 14.7648 52.1536 52.8367 30.7342 44.2832 21.0238 43.9666 
27.9366 0.0 34.4762 22.8409 9.21954 13.6056 61.5923 67.1696 20.5913 34.8799 20.6155 33.5259 77.9519 54.4059 10.0087 43.0 33.4671 66.5659 64.481 33.8378 52.6118 30.6056 37.0271 27.4196 34.2216 45.804 48.0416 41.6773 49.5177 70.117 19.2354 37.6221 55.6058 74.3803 18.1108 26.9258 56.3028 59.0913 7.07107 74.7293 48.0128 29.477 45.5412 40.7296 29.3454 41.3188 49.5424 47.8887 37.5366 65.0938 
33.97 34.4762 0.0 31.8898 36.4005 34.3657 47.5395 34.4819 43.2897 37.054 46.0977 63.7662 83.7706 71.2886 32.9848 69.6348 36.0139 46.6905 73.3469 26.9258 77.3175 31.3364 50.9025 11.1803 36.0555 48.3735 74.1485 71.0951 79.7072 47.0425 48.6752 55.1222 71.7781 85.5954 46.2385 51.6236 22.6274 58.0 34.9285 72.4707 46.0109 41.5208 73.3757 34.6554 57.936 18.868 64.5797 13.4164 54.2415 75.3469 
5.09902 22.8409 31.8898 0.0 19.2354 11.4018 40.1622 53.6656 16.2788 57.7178 21.2603 50.9902 60.4929 39.5601 14.0357 42.5441 56.3051 46.1411 47.022 50.0445 47.8017 8.544 19.3132 37.4374 57.0595 68.6419 46.0977 51.614 62.6498 50.2195 31.9531 55.5497 40.1622 57.8117 25.9422 24.4131 48.0521 36.2895 20.025 50.0557 25.1799 48.8175 48.0104 18.9737 47.2652 50.2999 32.9738 43.0 22.3607 48.88 
24.0832 9.21954 36.4005 19.2354 0.0 8.0 59.203 68.7066 12.0416 43.5735 11.4018 31.7805 70.4216 46.0977 5.38516 34.0588 42.1608 64.4748 56.9507 43.0116 43.4166 27.6586 30.0167 36.0555 42.9152 54.4976 39.0 35.4683 45.0 68.0311 13.6015 36.4094 47.4236 66.8431 9.84886 17.72 58.0392 55.3054 2.23607 67.1989 44.1959 28.2643 37.108 38.0789 28.0713 50.0899 42.0119 49.7695 29.8329 57.5635 
16.1245 13.6056 34.3657 11.4018 8.0 0.0 51.5461 62.0531 9.0 48.4824 12.083 39.6232 64.5447 41.3401 3.60555 35.4401 47.0697 57.2451 51.0738 47.3363 43.0465 19.9249 23.4307 36.4966 47.8241 59.4065 39.8121 41.1096 51.6236 61.0574 20.6155 44.4094 42.4382 60.9731 15.0 17.2627 55.1212 47.3339 9.21954 61.3221 36.2243 36.2643 39.8121 30.3645 36.0555 50.2494 36.1353 47.3047 24.2074 51.6866 
35.8469 61.5923 47.5395 40.1622 59.203 51.5461 0.0 37.6962 55.0091 83.9174 60.3738 90.956 51.0882 58.8774 53.8516 79.064 82.8082 10.198 52.0114 74.3303 78.4572 31.6228 55.0818 58.5235 82.9257 95.4017 80.5584 90.871 102.46 16.2788 72.111 95.714 57.465 58.2151 65.9242 62.0354 44.0454 24.3311 59.6657 38.0526 20.6155 87.5689 85.2402 21.1896 86.9479 63.8122 49.594 48.4149 53.6326 50.01 
52.5547 67.1696 34.4819 53.6656 68.7066 62.0531 37.6962 0.0 69.4622 68.6586 73.7869 99.6073 87.6641 86.977 63.334 96.1769 67.9117 29.6816 84.0263 56.8859 101.02 47.7598 68.3618 43.6578 67.6831 78.7718 99.7447 103.144 112.401 25.4951 81.3686 89.3747 86.7006 93.4345 76.9931 77.8974 14.0357 59.8415 67.5303 74.7329 51.0098 75.7732 101.356 42.4264 92.1884 40.0125 77.6466 24.5153 72.8315 84.0952 
19.4165 20.5913 43.2897 16.2788 12.0416 9.0 55.0091 69.4622 0.0 55.394 5.38516 39.0512 58.3936 34.0588 11.4018 26.9258 53.9813 61.8547 45.1954 54.3363 34.0588 24.2074 18.9737 45.3982 54.7357 66.3182 31.0483 35.8469 47.5395 66.2193 19.0263 46.2385 35.3836 55.0 12.0 8.544 62.6859 50.0595 14.2127 55.4437 38.9499 38.1117 31.9061 34.1321 36.6742 59.2115 30.2324 56.1321 18.0278 45.793 
63.8114 34.8799 37.054 57.7178 43.5735 48.4824 83.9174 68.6586 55.394 0.0 54.7626 43.566 112.893 89.2857 44.8855 73.3782 1.41421 83.6002 99.4221 12.083 84.6537 65.5573 71.904 26.0 1.0 11.7047 78.7527 63.0079 64.1327 84.0952 45.8803 30.0832 90.4812 109.321 50.371 61.056 54.8179 94.6111 41.3387 108.377 83.3486 23.1948 73.5459 75.6064 38.2099 30.4138 84.4835 44.1475 72.453 100.035 
24.6982 20.6155 46.0977 21.2603 11.4018 12.083 60.3738 73.7869 5.38516 54.7626 0.0 34.2345 61.8466 36.1248 13.1529 23.5372 53.3498 67.1193 48.6547 54.4059 32.1403 29.4109 23.3452 47.0106 54.1043 65.0673 28.1603 30.5287 42.1545 71.4003 14.3178 42.4853 37.6431 57.9828 7.28011 6.32456 66.855 55.4121 13.6015 58.903 44.3025 34.6808 27.7308 39.4462 32.28 61.0 33.541 59.203 21.5407 49.1935 
55.7315 33.5259 63.7662 50.9902 31.7805 39.6232 90.956 99.6073 39.0512 43.566 34.2345 0.0 95.2103 67.1193 37.108 39.6232 42.7551 96.0103 82.2159 51.264 51.6236 59.439 57.5587 55.0563 43.7379 47.1699 44.5533 21.5407 20.6155 99.5614 20.025 15.5242 68.942 90.0777 27.074 37.3631 85.3925 86.9166 31.3209 92.4642 75.807 22.3607 36.4005 69.857 5.83095 66.3702 66.7608 75.0042 55.3173 82.2192 
55.4376 77.9519 83.7706 60.4929 70.4216 64.5447 51.0882 87.6641 58.3936 112.893 61.8466 95.2103 0.0 30.0 68.0541 62.0081 111.48 61.0082 29.4709 110.901 54.5894 54.6012 42.0927 94.1081 112.235 123.635 60.1332 83.3847 96.3328 67.0 75.9605 104.318 28.0 10.6301 69.0797 57.8705 90.4765 27.8927 72.4556 13.0384 38.4838 96.6065 69.0072 49.6488 93.984 102.549 28.4605 90.7855 40.3113 13.1529 
37.4833 54.4059 71.2886 39.5601 46.0977 41.3401 58.8774 86.977 34.0588 89.2857 36.1248 67.1193 30.0 0.0 44.6542 32.0156 87.8729 68.1851 22.8661 88.1399 25.2982 41.1771 20.3961 76.3217 88.6273 100.21 30.2655 53.6004 66.4831 73.814 49.0918 77.9359 2.0 23.0868 42.8019 30.8058 85.0059 35.6747 48.2701 31.7805 38.8974 70.708 39.0128 44.5533 66.7308 89.2412 9.48683 81.7459 17.4642 17.1172 
19.0 10.0087 32.9848 14.0357 5.38516 3.60555 53.8516 63.334 11.4018 44.8855 13.1529 37.108 68.0541 44.6542 0.0 36.6742 43.4728 59.0931 54.5832 43.7394 45.0111 22.3607 27.0185 34.1321 44.2272 55.6283 41.3038 40.3113 50.2195 62.6585 18.868 41.5202 45.8039 64.4825 14.2127 19.0 54.2766 50.2341 6.0 64.8315 39.1245 33.3751 40.4969 32.7567 33.2415 48.0416 39.6447 46.1736 27.6586 55.196 
44.4072 43.0 69.6348 42.5441 34.0588 35.4401 79.064 96.1769 26.9258 73.3782 23.5372 39.6232 62.0081 32.0156 36.6742 0.0 72.1357 86.0661 51.9318 75.8024 12.0416 49.4065 33.8378 70.1142 73.0982 81.0247 5.38516 22.1359 34.7131 90.7249 27.5136 53.4135 34.0147 54.5894 25.0799 18.3848 89.6064 64.7404 36.0139 62.1691 60.1714 50.6952 7.28011 58.2633 41.2311 84.1487 35.9026 82.7103 29.1548 49.0102 
62.3986 33.4671 36.0139 56.3051 42.1608 47.0697 82.8082 67.9117 53.9813 1.41421 53.3498 42.7551 111.48 87.8729 43.4728 72.1357 0.0 82.4931 98.0093 11.6619 83.4112 64.1446 70.4912 25.02 1.0 13.0 77.5102 62.0 63.3482 83.0542 44.643 29.5466 89.0685 107.909 49.1285 59.6433 54.1202 93.1984 39.926 106.965 81.9358 22.0907 72.3671 74.1937 37.3363 30.0167 83.0708 43.4166 71.0402 98.6222 
42.4382 66.5659 46.6905 46.1411 64.4748 57.2451 10.198 29.6816 61.8547 83.6002 67.1193 96.0103 61.0082 68.1851 59.0931 86.0661 82.4931 0.0 62.0833 73.5459 87.554 37.7359 64.4203 57.8705 82.6075 95.0368 88.8534 97.6371 108.784 6.08276 77.8203 100.688 67.5369 68.3593 72.0694 69.029 38.4187 34.5254 64.6901 48.0 30.0167 92.5425 92.2423 27.8029 91.9215 60.9262 58.6988 44.7214 62.9711 60.208 
41.9666 64.481 73.3469 47.022 56.9507 51.0738 52.0114 84.0263 45.1954 99.4221 48.6547 82.2159 29.4709 22.8661 54.5832 51.9318 98.0093 62.0833 0.0 97.4303 47.3573 42.0147 28.6218 83.6755 98.7637 110.164 51.3244 72.0312 85.026 68.0833 62.7784 91.1199 21.4536 28.2485 55.8815 44.8782 83.9539 28.8087 58.9847 26.2483 33.1794 83.1356 59.1957 42.2345 80.8059 92.2194 16.0623 82.3303 27.1726 18.0 
54.7841 33.8378 26.9258 50.0445 43.0116 47.3363 74.3303 56.8859 54.3363 12.083 54.4059 51.264 110.901 88.1399 43.7394 75.8024 11.6619 73.5459 97.4303 0.0 86.122 56.53 69.0005 15.8114 11.1803 22.0227 81.0494 68.7314 71.7844 73.5527 49.0408 39.6611 89.4794 107.33 50.8035 60.7289 42.9535 84.184 40.8044 99.35 72.1821 29.1204 77.1038 60.8448 45.5412 18.3576 82.4918 32.3883 71.1589 98.0432 
48.4665 52.6118 77.3175 47.8017 43.4166 43.0465 78.4572 101.02 34.0588 84.6537 32.1403 51.6236 54.5894 25.2982 45.0111 12.0416 83.4112 87.554 47.3573 86.122 0.0 53.3104 34.4093 79.1012 84.3737 92.5743 7.2111 33.121 44.9444 93.1832 38.9102 65.437 27.2029 46.0109 35.4401 26.0192 95.8019 60.166 45.5412 57.0088 58.2743 62.1691 16.5529 61.4917 53.2635 93.0484 31.9061 90.0081 29.4109 42.2019 
5.0 30.6056 31.3364 8.544 27.6586 19.9249 31.6228 47.7598 24.2074 65.5573 29.4109 59.439 54.6012 41.1771 22.3607 49.4065 64.1446 37.7359 42.0147 56.53 53.3104 0.0 21.0238 41.6592 64.899 76.4814 52.4786 59.9083 71.1196 42.0119 40.4969 63.8569 41.3387 54.2632 34.4384 31.8277 44.0454 29.5449 28.2843 43.3111 18.0278 56.5822 55.3173 10.4403 55.5802 50.2031 32.566 40.7922 25.318 44.0147 
17.1172 37.0271 50.9025 19.3132 30.0167 23.4307 55.0818 68.3618 18.9737 71.904 23.3452 57.5587 42.0927 20.3961 27.0185 33.8378 70.4912 64.4203 28.6218 69.0005 34.4093 21.0238 0.0 56.3772 71.2457 82.8281 35.3836 50.448 63.1506 70.0495 37.6563 65.192 20.8806 38.5211 30.5941 21.095 65.0692 45.8707 31.9061 38.8701 35.1406 57.0495 40.8167 39.5601 55.5428 69.2398 13.6832 61.4003 5.0 29.2346 
42.0761 27.4196 11.1803 37.4374 36.0555 36.4966 58.5235 43.6578 45.3982 26.0 47.0106 55.0563 94.1081 76.3217 34.1321 70.1142 25.02 57.8705 83.6755 15.8114 79.1012 41.6592 56.3772 0.0 25.0 37.2156 75.0267 67.7791 74.4683 58.1378 45.8803 46.4004 77.0779 95.8287 45.5291 53.0848 30.4138 68.3802 34.1897 82.8181 56.3784 32.8108 72.9354 45.0411 49.226 14.0357 69.9641 19.7231 58.8727 85.6755 
63.153 34.2216 36.0555 57.0595 42.9152 47.8241 82.9257 67.6831 54.7357 1.0 54.1043 43.7379 112.235 88.6273 44.2272 73.0982 1.0 82.6075 98.7637 11.1803 84.3737 64.899 71.2457 25.0 0.0 12.6491 78.4727 63.0 64.3273 83.0963 45.607 30.4631 89.8229 108.663 50.091 60.3977 53.8516 93.9528 40.6804 107.719 82.6903 23.0868 73.3485 74.9481 38.3275 29.5296 83.8252 43.1741 71.7947 99.3766 
73.7376 45.804 48.3735 68.6419 54.4976 59.4065 95.4017 78.7718 66.3182 11.7047 65.0673 47.1699 123.635 100.21 55.6283 81.0247 13.0 95.0368 110.164 22.0227 92.5743 76.4814 82.8281 37.2156 12.6491 0.0 86.406 68.0661 67.0075 95.3362 53.6656 32.0 101.405 120.064 58.3788 70.4097 64.7765 105.535 52.2629 119.301 94.2727 30.4138 80.3243 86.5306 42.5793 39.2938 95.1441 54.3323 83.2832 110.777 
47.5079 48.0416 74.1485 46.0977 39.0 39.8121 80.5584 99.7447 31.0483 78.7527 28.1603 44.5533 60.1332 30.2655 41.3038 5.38516 77.5102 88.8534 51.3244 81.0494 7.2111 52.4786 35.3836 75.0267 78.4727 86.406 0.0 25.9422 37.9473 93.5122 32.8938 58.6003 32.249 52.0865 30.2655 22.561 93.6056 64.133 41.0122 61.4003 60.6171 56.0803 9.48683 61.0505 46.4004 89.0505 35.4683 87.1133 30.4795 47.3814 
55.2268 41.6773 71.0951 51.614 35.4683 41.1096 90.871 103.144 35.8469 63.0079 30.5287 21.5407 83.3847 53.6004 40.3113 22.1359 62.0 97.6371 72.0312 68.7314 33.121 59.9083 50.448 67.7791 63.0 68.0661 25.9422 0.0 13.0 101.833 22.4722 37.0 55.5788 76.4853 26.1725 29.7321 92.98 85.9027 36.4005 82.2795 74.7931 40.05 16.6433 69.9714 25.4951 81.29 56.0089 84.5076 46.6905 70.2567 
66.6408 49.5177 79.7072 62.6498 45.0 51.6236 102.46 112.401 47.5395 64.1327 42.1545 20.6155 96.3328 66.4831 50.2195 34.7131 63.3482 108.784 85.026 71.7844 44.9444 71.1196 63.1506 74.4683 64.3273 67.0075 37.9473 13.0 0.0 112.681 31.4006 35.0143 68.469 89.2693 36.7151 42.2019 101.534 97.4979 45.4533 95.2743 86.3883 42.72 28.4605 81.3941 26.2488 86.4751 69.0072 93.0033 59.5399 83.2166 
46.8615 70.117 47.0425 50.2195 68.0311 61.0574 16.2788 25.4951 66.2193 84.0952 71.4003 99.5614 67.0 73.814 62.6585 90.7249 83.0542 6.08276 68.0833 73.5527 93.1832 42.0119 70.0495 58.1378 83.0963 95.3362 93.5122 101.833 112.681 0.0 81.4923 101.565 73.5369 74.4312 76.0066 73.6614 35.8469 40.6079 68.2412 54.0093 35.7771 87.9637 96.9011 32.5269 95.4726 59.7746 64.3277 43.3244 68.6004 66.2873 
36.4005 19.2354 48.6752 31.9531 13.6015 20.6155 72.111 81.3686 19.0263 45.8803 14.3178 20.025 75.9605 49.0918 18.868 27.5136 44.643 77.8203 62.7784 49.0408 38.9102 40.4969 37.6563 45.8803 45.607 53.6656 32.8938 22.4722 31.4006 81.4923 0.0 28.8444 50.774 71.5891 7.07107 18.3576 70.5601 67.4958 14.1421 73.0267 56.3862 23.2594 28.0713 50.9215 18.0278 59.6657 47.5395 62.0877 35.7351 63.1585 
60.4634 37.6221 55.1222 55.5497 36.4094 44.4094 95.714 89.3747 46.2385 30.0832 42.4853 15.5242 104.318 77.9359 41.5202 53.4135 29.5466 100.688 91.1199 39.6611 65.437 63.8569 65.192 46.4004 30.4631 32.0 58.6003 37.0 35.0143 101.565 28.8444 0.0 79.6116 100.344 35.3553 47.1699 76.5993 91.6923 35.5749 101.368 80.5827 14.8661 51.1077 74.8512 12.2066 56.6392 76.0263 66.0303 63.9766 91.6788 
37.9325 55.6058 71.7781 40.1622 47.4236 42.4382 57.465 86.7006 35.3836 90.4812 37.6431 68.942 28.0 2.0 45.8039 34.0147 89.0685 67.5369 21.4536 89.4794 27.2029 41.3387 20.8806 77.0779 89.8229 101.405 32.249 55.5788 68.469 73.5369 50.774 79.6116 0.0 21.1896 44.4072 32.45 85.0529 34.2623 49.5782 29.9666 38.3333 72.2731 41.0122 44.2832 68.4763 89.9531 9.05539 82.1945 18.3576 15.1327 
54.1199 74.3803 85.5954 57.8117 66.8431 60.9731 58.2151 93.4345 55.0 109.321 57.9828 90.0777 10.6301 23.0868 64.4825 54.5894 107.909 68.3593 28.2485 107.33 46.0109 54.2632 38.5211 95.8287 108.663 120.064 52.0865 76.4853 89.2693 74.4312 71.5891 100.344 21.1896 0.0 65.0 53.2353 94.8314 34.0147 68.884 21.1896 42.7551 92.653 61.2944 53.2203 89.4427 104.468 24.8395 94.5788 37.0135 10.2956 
30.0832 18.1108 46.2385 25.9422 9.84886 15.0 65.9242 76.9931 12.0 50.371 7.28011 27.074 69.0797 42.8019 14.2127 25.0799 49.1285 72.0694 55.8815 50.8035 35.4401 34.4384 30.5941 45.5291 50.091 58.3788 30.2655 26.1725 36.7151 76.0066 7.07107 35.3553 44.4072 65.0 0.0 12.0416 67.884 61.072 11.4018 66.1298 49.9624 27.9923 27.4591 44.7772 25.0 59.4283 40.7185 59.6154 28.7924 56.3649 
26.8701 26.9258 51.6236 24.4131 17.72 17.2627 62.0354 77.8974 8.544 61.056 6.32456 37.3631 57.8705 30.8058 19.0 18.3848 59.6433 69.029 44.8782 60.7289 26.0192 31.8277 21.095 53.0848 60.3977 70.4097 22.561 29.7321 42.2019 73.6614 18.3576 47.1699 32.45 53.2353 12.0416 0.0 71.2217 57.067 19.9249 55.1265 45.9574 40.0232 23.6008 41.2311 36.2491 67.0298 29.4109 64.5548 18.1108 44.9444 
48.2597 56.3028 22.6274 48.0521 58.0392 55.1212 44.0454 14.0357 62.6859 54.8179 66.855 85.3925 90.4765 85.0059 54.2766 89.6064 54.1202 38.4187 83.9539 42.9535 95.8019 44.0454 65.0692 30.4138 53.8516 64.7765 93.6056 92.98 101.534 35.8469 70.5601 76.5993 85.0529 94.8314 67.884 71.2217 0.0 62.7694 56.7218 78.0 52.2015 63.1471 94.466 41.7732 79.5623 26.0 76.1052 10.7703 69.2604 84.9504 
31.2341 59.0913 58.0 36.2895 55.3054 47.3339 24.3311 59.8415 50.0595 94.6111 55.4121 86.9166 27.8927 35.6747 50.2341 64.7404 93.1984 34.5254 28.8087 84.184 60.166 29.5449 45.8707 68.3802 93.9528 105.535 64.133 85.9027 97.4979 40.6079 67.4958 91.6923 34.2623 34.0147 61.072 57.067 62.7694 0.0 56.2341 15.2315 12.0416 85.1005 72.0044 23.3452 83.3768 76.5768 28.8709 63.8122 44.4216 25.7099 
25.0 7.07107 34.9285 20.025 2.23607 9.21954 59.6657 67.5303 14.2127 41.3387 13.6015 31.3209 72.4556 48.2701 6.0 36.0139 39.926 64.6901 58.9847 40.8044 45.5412 28.2843 31.9061 34.1897 40.6804 52.2629 41.0122 36.4005 45.4533 68.2412 14.1421 35.5749 49.5782 68.884 11.4018 19.9249 56.7218 56.2341 0.0 69.233 45.1245 27.4299 38.833 38.6394 27.2983 48.2253 44.0454 48.3322 31.8904 59.5976 
45.0003 74.7293 72.4707 50.0557 67.1989 61.3221 38.0526 74.7329 55.4437 108.377 58.903 92.4642 13.0384 31.7805 64.8315 62.1691 106.965 48.0 26.2483 99.35 57.0088 43.3111 38.8701 82.8181 107.719 119.301 61.4003 82.2795 95.2743 54.0093 73.0267 101.368 29.9666 21.1896 66.1298 55.1265 78.0 15.2315 69.233 0.0 26.6271 93.3838 69.4262 38.0132 91.0542 91.214 26.3105 78.8923 37.4209 16.2788 
20.1245 48.0128 46.0109 25.1799 44.1959 36.2243 20.6155 51.0098 38.9499 83.3486 44.3025 75.807 38.4838 38.8974 39.1245 60.1714 81.9358 30.0167 33.1794 72.1821 58.2743 18.0278 35.1406 56.3784 82.6903 94.2727 60.6171 74.7931 86.3883 35.7771 56.3862 80.5827 38.3333 42.7551 49.9624 45.9574 52.2015 12.0416 45.1245 26.6271 0.0 73.9894 67.4205 11.4018 72.2672 64.6607 29.4111 52.3546 33.6914 33.1361 
53.9132 29.477 41.5208 48.8175 28.2643 36.2643 87.5689 75.7732 38.1117 23.1948 34.6808 22.3607 96.6065 70.708 33.3751 50.6952 22.0907 92.5425 83.1356 29.1204 62.1691 56.5822 57.0495 32.8108 23.0868 30.4138 56.0803 40.05 42.72 87.9637 23.2594 14.8661 72.2731 92.653 27.9923 40.0232 63.1471 85.1005 27.4299 93.3838 73.9894 0.0 50.448 66.7062 16.5529 44.1022 68.1037 52.4344 55.9706 83.7484 
50.3289 45.5412 73.3757 48.0104 37.108 39.8121 85.2402 101.356 31.9061 73.5459 27.7308 36.4005 69.0072 39.0128 40.4969 7.28011 72.3671 92.2423 59.1957 77.1038 16.5529 55.3173 40.8167 72.9354 73.3485 80.3243 9.48683 16.6433 28.4605 96.9011 28.0713 51.1077 41.0122 61.2944 27.4591 23.6008 94.466 72.0044 38.833 69.4262 67.4205 50.448 0.0 64.4395 38.9487 86.8346 43.1741 86.6487 36.2353 56.0803 
14.7648 40.7296 34.6554 18.9737 38.0789 30.3645 21.1896 42.4264 34.1321 75.6064 39.4462 69.857 49.6488 44.5533 32.7567 58.2633 74.1937 27.8029 42.2345 60.8448 61.4917 10.4403 39.5601 45.0411 74.9481 86.5306 61.0505 69.9714 81.3941 32.5269 50.9215 74.8512 44.2832 53.2203 44.7772 41.2311 41.7732 23.3452 38.6394 38.0132 11.4018 66.7062 64.4395 0.0 65.9363 53.2635 35.2278 41.1461 32.9888 43.328 
52.1536 29.3454 57.936 47.2652 28.0713 36.0555 86.9479 92.1884 36.6742 38.2099 32.28 5.83095 93.984 66.7308 33.2415 41.2311 37.3363 91.9215 80.8059 45.5412 53.2635 55.5802 55.5428 49.226 38.3275 42.5793 46.4004 25.4951 26.2488 95.4726 18.0278 12.2066 68.4763 89.4427 25.0 36.2491 79.5623 83.3768 27.2983 91.0542 72.2672 16.5529 38.9487 65.9363 0.0 60.5392 65.5515 69.174 53.7587 81.1542 
52.8367 41.3188 18.868 50.2999 50.0899 50.2494 63.8122 40.0125 59.2115 30.4138 61.0 66.3702 102.549 89.2412 48.0416 84.1487 30.0167 60.9262 92.2194 18.3576 93.0484 50.2031 69.2398 14.0357 29.5296 39.2938 89.0505 81.29 86.4751 59.7746 59.6657 56.6392 89.9531 104.468 59.4283 67.0298 26.0 76.5768 48.2253 91.214 64.6607 44.1022 86.8346 53.2635 60.5392 0.0 82.8266 16.4924 71.846 94.2194 
30.7342 49.5424 64.5797 32.9738 42.0119 36.1353 49.594 77.6466 30.2324 84.4835 33.541 66.7608 28.4605 9.48683 39.6447 35.9026 83.0708 58.6988 16.0623 82.4918 31.9061 32.566 13.6832 69.9641 83.8252 95.1441 35.4683 56.0089 69.0072 64.3277 47.5395 76.0263 9.05539 24.8395 40.7185 29.4109 76.1052 28.8709 44.0454 26.3105 29.4111 68.1037 43.1741 35.2278 65.5515 82.8266 0.0 73.3539 12.2066 15.6525 
44.2832 47.8887 13.4164 43.0 49.7695 47.3047 48.4149 24.5153 56.1321 44.1475 59.203 75.0042 90.7855 81.7459 46.1736 82.7103 43.4166 44.7214 82.3303 32.3883 90.0081 40.7922 61.4003 19.7231 43.1741 54.3323 87.1133 84.5076 93.0033 43.3244 62.0877 66.0303 82.1945 94.5788 59.6154 64.5548 10.7703 63.8122 48.3322 78.8923 52.3546 52.4344 86.6487 41.1461 69.174 16.4924 73.3539 0.0 65.123 84.3303 
21.0238 37.5366 54.2415 22.3607 29.8329 24.2074 53.6326 72.8315 18.0278 72.453 21.5407 55.3173 40.3113 17.4642 27.6586 29.1548 71.0402 62.9711 27.1726 71.1589 29.4109 25.318 5.0 58.8727 71.7947 83.2832 30.4795 46.6905 59.5399 68.6004 35.7351 63.9766 18.3576 37.0135 28.7924 18.1108 69.2604 44.4216 31.8904 37.4209 33.6914 55.9706 36.2353 32.9888 53.7587 71.846 12.2066 65.123 0.0 27.7849 
43.9666 65.0938 75.3469 48.88 57.5635 51.6866 50.01 84.0952 45.793 100.035 49.1935 82.2192 13.1529 17.1172 55.196 49.0102 98.6222 60.208 18.0 98.0432 42.2019 44.0147 29.2346 85.6755 99.3766 110.777 47.3814 70.2567 83.2166 66.2873 63.1585 91.6788 15.1327 10.2956 56.3649 44.9444 84.9504 25.7099 59.5976 16.2788 33.1361 83.7484 56.0803 43.328 81.1542 94.2194 15.6525 84.3303 27.7849 0.0 
DEMAND_SCENARIO_SECTION
0 0 0 0 0 0 0 0 0 0 0 0 0 0 0 0 0 0 0 0 0 0 0 0 0 0 0 0 0 0 0 0 0 0 0 0 0 0 0 0 0 0 0 0 0 0 0 0 0 0 0 0 0 0 0 0 0 0 0 0 0 0 0 0 0 0 0 0 0 0 0 0 0 0 0 0 0 0 0 0 0 0 0 0 0 0 0 0 0 0 0 0 0 0 0 0 0 0 0 0 0 0 0 0 0 0 0 0 0 0 0 0 0 0 0 0 0 0 0 0 0 0 0 0 0 0 0 0 0 0 0 0 0 0 0 0 0 0 0 0 0 0 0 0 0 0 0 0 0 0 0 0 0 0 0 0 0 0 0 0 0 0 0 0 0 0 0 0 0 0 0 0 0 0 0 0 0 0 0 0 0 0 0 0 0 0 0 0 0 0 0 0 0 0 0 0 0 0 0 0 
6 5 6 3 4 6 7 4 3 4 2 3 5 5 3 4 2 4 6 4 6 4 5 3 4 4 2 3 6 4 5 5 5 4 4 6 2 3 2 3 4 6 6 3 2 7 5 6 4 4 3 6 4 5 7 5 2 4 4 3 5 4 5 3 6 5 3 6 5 5 3 7 4 2 3 3 4 3 4 5 3 4 3 6 4 3 5 4 6 3 4 3 3 2 5 3 6 3 3 4 4 4 5 7 5 3 5 5 4 5 4 1 4 4 6 4 4 3 2 7 0 3 3 5 3 5 3 5 4 1 5 4 4 4 4 4 5 3 4 4 4 5 2 2 3 2 4 3 1 5 4 1 5 5 3 4 3 4 5 5 3 4 3 4 3 4 7 3 2 4 4 2 6 6 5 2 5 6 3 4 6 4 8 5 3 5 2 4 4 2 3 4 4 4 3 4 5 3 7 5 
1 1 2 3 2 2 3 3 3 3 2 2 2 2 2 3 2 3 1 2 3 2 1 1 2 2 2 2 2 2 2 2 1 2 1 4 1 2 3 1 1 2 1 2 2 1 1 3 2 3 2 2 1 2 2 1 2 3 3 0 3 1 1 1 2 3 3 1 3 2 2 3 2 2 1 2 2 1 2 1 4 2 1 2 3 1 3 3 2 3 3 2 3 2 3 3 2 2 2 2 1 2 1 2 3 3 3 2 2 2 1 2 3 2 2 3 3 2 3 1 1 2 2 1 1 3 2 2 3 1 1 2 4 2 1 1 2 1 2 1 3 2 2 2 3 4 2 2 2 1 2 2 2 2 1 3 2 3 1 1 2 2 3 0 2 2 2 3 4 1 1 2 1 1 1 3 2 2 2 2 2 1 3 1 3 2 3 1 1 1 2 1 3 2 2 2 2 2 2 2 
9 3 5 10 9 10 5 7 5 5 6 9 8 10 11 5 13 12 12 7 9 17 12 9 15 7 6 14 11 7 10 10 7 10 11 11 9 12 13 11 9 9 6 11 7 10 14 11 4 9 12 15 10 10 11 9 12 9 11 9 0 8 9 7 9 9 7 15 4 8 17 12 15 6 6 7 6 13 8 9 11 14 11 11 8 10 6 10 15 13 8 3 6 11 10 12 7 11 9 11 6 9 7 11 8 14 13 8 9 7 7 9 7 14 9 7 7 12 4 9 9 3 12 5 8 10 11 5 7 11 15 8 5 8 11 5 4 8 11 9 4 12 16 8 6 11 6 9 12 15 5 12 9 12 8 9 4 14 6 7 5 12 10 6 11 11 4 9 7 6 1 10 11 7 5 13 8 7 6 14 10 12 9 11 9 8 10 5 15 12 12 9 7 4 10 12 6 7 9 8 
6 7 3 8 5 4 6 14 10 7 10 7 13 9 15 7 8 6 9 7 12 8 9 8 6 10 9 7 9 2 8 0 11 3 13 15 11 4 7 6 4 10 10 5 15 9 7 3 16 10 9 4 13 6 3 7 10 3 10 10 9 9 5 7 12 8 10 10 11 8 9 12 14 11 10 9 11 12 10 4 3 10 5 6 9 6 8 9 7 7 13 10 6 8 9 14 12 10 9 10 7 12 6 1 9 13 8 9 8 8 11 9 11 6 6 8 11 12 5 5 12 7 10 10 10 7 6 3 14 12 10 4 10 18 6 5 6 13 14 9 9 9 11 14 11 14 8 6 11 7 11 9 9 8 8 8 13 10 11 7 7 12 9 10 11 7 7 6 3 9 9 15 13 12 6 14 11 8 7 7 9 6 8 9 10 6 10 10 9 4 11 4 7 10 7 7 9 12 7 7 
4 5 7 6 5 8 5 8 9 6 8 5 4 6 7 6 3 7 6 5 5 7 7 3 8 5 7 6 7 5 3 6 4 8 9 8 7 5 7 7 5 8 4 4 9 9 7 4 6 7 6 6 5 6 7 10 6 4 5 5 5 7 5 5 9 5 10 5 6 8 4 5 7 10 10 6 1 7 5 5 6 3 8 8 6 9 8 10 7 7 5 6 2 5 6 6 7 7 7 4 5 5 6 7 8 5 8 4 6 5 8 6 8 4 5 8 5 6 8 5 5 11 9 6 7 8 7 4 5 5 4 6 10 3 5 5 3 6 5 4 5 6 7 4 8 6 8 5 4 5 5 9 1 7 4 2 3 9 4 6 6 6 8 6 5 3 7 4 5 7 5 6 8 2 5 5 8 7 7 4 7 6 8 5 9 5 8 10 7 5 6 7 7 9 8 6 11 7 5 10 
6 7 7 5 6 8 6 4 6 4 3 6 5 5 5 3 7 6 10 9 4 10 4 8 4 8 9 4 4 5 6 6 4 8 7 1 8 5 7 6 5 3 7 8 4 9 7 6 7 3 3 4 7 7 7 7 3 7 2 4 7 7 6 5 7 4 5 5 8 5 6 6 6 2 6 6 5 5 6 3 6 5 4 6 4 7 7 11 9 8 6 4 7 10 7 7 6 3 9 5 3 8 6 7 5 4 6 6 4 8 3 7 6 7 3 9 6 7 7 8 9 4 6 5 6 5 6 6 7 6 5 7 4 10 4 4 8 5 6 7 6 6 7 9 6 7 3 6 9 6 11 5 7 7 4 6 7 2 7 7 8 1 3 7 7 6 7 3 9 7 6 6 8 7 4 4 8 2 6 9 8 8 3 6 8 7 8 6 8 8 6 8 6 9 4 6 4 3 3 5 
4 5 2 6 2 4 5 3 5 5 5 3 2 3 3 2 3 2 4 3 5 5 5 7 5 4 2 5 6 3 4 6 5 3 3 6 3 6 2 3 3 4 4 4 4 3 3 4 4 3 4 3 6 7 3 2 4 6 4 4 6 2 3 6 3 3 4 4 3 3 2 6 2 5 3 3 3 7 6 4 4 3 5 6 5 5 4 5 5 3 4 4 4 3 4 4 4 4 3 2 2 2 3 4 3 2 5 5 2 7 3 3 4 1 3 4 4 6 3 5 4 3 5 7 4 5 4 4 0 2 4 2 5 3 5 6 4 5 7 5 4 3 4 6 6 7 4 3 3 2 6 4 2 4 2 5 5 3 1 5 3 3 3 4 3 6 3 5 5 4 3 6 3 3 5 3 5 5 3 5 5 3 5 7 5 6 4 5 5 4 5 1 4 4 3 3 3 3 7 4 
7 11 11 8 11 10 10 10 10 12 8 6 5 5 10 11 6 9 12 15 12 14 7 6 7 10 13 11 9 14 10 11 7 9 18 10 9 17 11 12 5 10 5 10 12 10 9 11 15 9 11 7 11 12 10 10 17 11 10 8 7 8 15 16 8 9 15 12 5 8 9 14 8 14 8 11 5 11 13 10 9 10 12 14 7 5 12 8 5 13 11 12 9 11 12 10 9 7 12 8 12 4 11 16 7 13 9 11 12 5 7 10 9 10 7 13 15 6 10 7 8 10 6 13 16 8 12 17 12 11 11 14 14 7 6 12 11 18 10 11 7 3 7 10 10 12 11 11 9 13 11 8 4 12 17 12 8 11 9 6 5 9 11 16 7 6 9 8 17 15 7 13 8 13 10 0 8 6 8 16 13 12 11 12 8 10 11 7 5 11 10 10 11 13 14 8 8 11 12 10 
5 6 3 4 3 4 3 6 6 5 3 2 5 4 4 5 4 2 1 4 4 5 6 2 4 2 3 4 5 2 2 5 5 1 4 4 5 5 3 5 6 5 5 4 5 5 2 4 4 4 3 3 4 4 4 5 6 3 2 4 5 1 3 6 2 3 3 5 1 3 3 3 3 3 5 3 5 2 4 1 7 5 5 6 0 2 6 4 3 5 4 3 3 4 4 3 6 4 3 5 3 5 1 3 3 4 4 4 2 3 4 5 4 3 1 5 6 4 4 5 5 3 4 6 5 4 3 5 2 3 3 5 3 2 6 3 3 3 5 5 7 3 2 4 3 4 4 5 3 5 4 3 5 5 2 5 2 7 5 5 2 5 5 5 4 5 4 4 5 3 6 7 5 4 5 4 4 5 5 3 5 4 4 5 2 2 5 2 4 5 4 6 4 4 3 4 5 5 2 2 
7 7 9 9 7 11 9 8 6 8 6 10 6 9 10 10 8 10 7 8 8 8 7 8 4 9 8 7 8 13 7 9 4 7 8 11 10 9 7 10 12 9 5 6 2 9 6 6 11 13 6 0 9 9 11 11 8 7 8 6 9 5 4 7 9 6 9 10 6 8 8 14 10 10 8 11 5 3 7 13 7 9 13 7 6 6 7 8 5 8 6 7 7 5 5 10 6 12 6 10 7 9 4 5 7 5 8 9 4 8 11 7 6 6 3 4 7 5 12 7 8 6 7 9 10 8 5 8 11 4 10 9 6 8 6 5 7 11 9 7 13 6 6 9 7 4 7 10 10 8 12 9 5 11 7 4 8 10 9 9 8 5 7 8 11 11 11 9 8 4 8 4 8 7 7 12 14 10 11 9 10 9 7 4 10 12 8 13 10 9 7 11 5 9 4 11 3 7 2 3 
0 1 1 1 1 1 1 1 1 1 1 1 1 1 1 1 1 1 1 1 1 1 0 1 1 1 1 1 0 1 1 1 1 1 2 1 1 0 1 1 1 0 1 1 1 1 1 1 1 1 1 1 1 1 1 1 1 1 1 0 1 1 1 1 1 1 1 1 1 1 1 1 1 1 2 1 1 1 1 0 1 0 1 1 1 1 1 1 1 1 1 1 1 2 1 1 1 1 2 1 1 1 1 1 1 1 0 1 1 1 1 1 0 1 1 1 1 2 1 1 1 1 1 1 1 1 1 1 1 0 1 1 1 2 1 1 1 0 1 1 1 0 1 2 1 1 1 1 1 1 2 1 1 1 1 1 1 1 2 1 1 1 1 1 1 1 1 1 1 1 1 1 1 2 2 1 1 1 1 1 1 1 0 0 1 1 1 1 1 1 1 0 1 1 1 1 1 1 0 1 
6 7 6 7 6 6 4 6 4 7 7 11 5 6 3 10 6 3 6 6 4 7 9 7 6 4 7 6 7 6 4 6 9 10 6 5 4 5 5 4 5 7 7 5 6 9 7 10 6 3 7 7 7 6 3 6 6 7 9 9 0 5 3 3 3 5 7 5 5 7 8 4 5 5 8 4 8 6 3 2 6 5 4 4 8 4 3 9 4 6 6 5 4 4 3 9 5 8 6 6 7 2 7 5 8 3 3 7 8 3 5 6 3 4 6 8 7 6 2 6 11 7 7 5 6 7 3 7 8 5 10 5 9 9 10 7 4 9 6 5 9 9 3 4 4 9 6 9 5 6 9 4 5 6 6 10 8 7 6 8 3 7 6 5 8 7 7 5 9 4 8 4 7 6 11 7 6 5 3 5 5 8 6 3 7 6 6 6 7 8 6 5 5 7 7 4 3 5 2 4 
1 1 1 1 1 1 1 0 1 1 1 1 1 1 1 1 1 1 1 0 1 1 1 1 1 1 1 1 1 1 1 1 1 1 1 0 1 1 1 1 1 1 1 1 1 1 1 0 1 1 1 1 0 0 1 1 1 1 1 1 1 1 1 1 1 1 1 1 1 1 1 2 1 1 1 1 1 1 1 1 1 1 1 1 0 1 1 0 1 1 1 1 1 1 1 1 1 1 1 1 1 1 1 1 1 1 1 1 1 1 1 1 1 1 1 1 1 1 1 1 0 1 1 1 1 0 1 1 1 1 1 1 1 1 1 1 0 1 1 1 0 1 1 1 1 0 1 2 1 2 1 1 1 1 2 2 1 1 1 1 1 1 0 0 1 1 1 0 0 1 1 1 1 1 1 1 1 1 1 1 0 1 1 2 1 1 1 1 1 1 1 1 1 1 1 1 1 0 1 1 
7 4 4 4 6 6 8 7 8 8 5 4 3 7 7 9 8 7 6 5 6 4 6 6 10 7 5 5 5 9 6 5 5 7 9 5 8 13 7 7 4 5 6 10 7 13 7 5 9 8 5 10 7 7 7 4 9 6 8 3 8 5 6 7 9 13 9 3 9 8 7 11 2 11 6 6 5 11 10 11 3 7 6 11 9 5 8 9 7 4 8 9 3 4 10 6 5 10 11 9 5 10 3 5 8 4 6 11 8 9 4 4 8 7 9 7 11 9 6 4 7 5 5 8 11 7 3 7 0 6 4 5 7 9 7 6 4 8 9 9 2 5 4 7 8 4 7 8 10 11 3 7 9 5 4 5 7 6 4 9 9 11 7 6 6 4 8 10 9 8 7 9 8 7 4 5 8 10 6 7 7 8 8 7 10 8 4 6 5 10 8 9 8 6 7 7 10 6 7 3 
5 4 5 7 8 5 1 5 9 8 7 8 10 11 9 7 4 9 7 7 5 7 4 8 8 10 9 4 10 3 5 6 10 9 8 8 4 7 3 9 7 5 6 7 3 3 10 2 11 4 13 8 5 9 8 7 4 6 6 8 10 7 10 5 7 11 11 12 14 3 8 9 5 6 7 4 7 5 10 6 11 8 10 9 11 6 11 8 7 5 9 13 9 8 8 9 7 6 8 7 10 8 9 7 2 3 11 6 10 7 9 11 8 7 13 4 13 5 8 5 6 3 8 6 7 8 4 9 5 5 9 5 9 5 5 7 4 5 3 11 5 6 9 6 7 9 4 7 11 10 7 6 7 9 5 7 7 7 7 9 10 7 5 8 7 5 3 7 12 9 8 10 10 7 6 7 8 8 9 8 5 5 7 6 8 7 8 9 5 7 4 1 9 6 10 4 6 4 6 5 
2 4 3 3 4 2 5 2 3 3 3 4 3 3 3 2 2 2 4 4 5 2 3 3 2 3 1 4 0 5 4 3 3 1 1 2 0 2 4 3 2 2 2 1 1 3 2 4 2 3 2 3 4 4 3 3 2 4 3 4 2 3 4 2 3 2 3 2 4 3 1 2 3 3 4 5 5 5 3 4 4 3 3 3 5 3 4 4 3 4 4 3 3 5 3 4 4 4 3 4 4 3 2 4 2 5 4 4 2 3 1 2 3 3 3 2 3 2 5 2 3 2 3 3 3 3 3 1 2 4 3 1 4 4 4 2 4 2 3 3 3 3 3 1 3 4 1 4 3 2 2 5 1 2 1 2 4 3 2 3 3 3 4 3 2 3 5 4 4 4 3 4 1 4 3 3 4 4 3 3 3 4 2 3 2 2 4 5 3 4 1 3 2 2 2 2 3 4 3 5 
9 9 12 0 7 17 11 9 11 10 8 9 9 9 7 5 7 7 11 12 11 13 9 10 10 8 5 12 10 5 7 14 16 7 6 4 7 11 5 15 9 10 6 6 10 10 10 10 11 6 6 9 11 5 13 10 7 8 9 8 9 9 5 7 8 9 14 13 1 9 7 6 5 5 9 14 4 10 8 13 6 11 12 12 6 9 9 10 5 7 7 12 5 12 12 4 5 13 10 5 7 6 7 11 13 12 8 8 8 12 9 9 9 4 11 11 6 4 12 7 12 13 12 14 11 5 8 8 11 5 14 8 8 11 11 6 12 6 9 9 11 6 14 14 10 4 8 9 8 1 8 3 9 7 5 10 12 10 12 15 9 6 6 9 8 9 6 11 10 10 14 8 6 6 11 8 13 10 9 9 10 13 12 9 12 9 8 3 12 7 8 9 4 6 13 10 6 10 8 9 
7 8 10 7 9 10 4 10 6 7 7 13 9 9 9 3 7 10 9 3 8 9 8 8 11 12 8 4 9 6 6 9 7 10 8 2 5 9 14 7 6 13 2 8 9 6 8 6 9 11 9 5 8 4 6 10 11 3 5 10 9 7 7 8 8 7 8 7 6 12 12 12 6 8 11 9 9 7 6 8 6 6 6 10 8 9 12 7 9 8 5 7 6 7 6 7 4 7 6 11 6 3 7 9 13 7 5 6 7 12 11 8 5 3 14 11 6 6 7 9 7 9 11 8 6 3 9 4 11 13 12 11 10 13 4 13 13 9 7 8 5 8 10 2 10 10 9 6 12 7 7 10 9 10 7 7 8 12 5 10 8 9 4 11 7 9 8 7 7 9 7 9 8 10 6 9 11 11 11 10 6 9 9 5 9 7 5 7 12 7 8 13 9 8 8 6 9 11 10 8 
1 2 1 1 1 1 1 1 1 1 1 1 1 2 0 1 1 1 1 1 1 1 1 1 1 1 1 1 1 1 1 1 1 1 1 1 1 1 1 1 1 1 1 1 1 1 1 2 1 2 1 1 1 1 0 1 1 1 1 1 1 1 2 1 1 0 1 1 1 1 1 1 0 1 1 1 1 1 1 1 1 1 1 1 1 1 1 1 1 1 1 1 1 1 0 1 2 1 1 1 1 1 1 1 0 1 2 1 1 1 1 1 1 1 1 1 1 1 0 1 1 1 1 1 1 1 1 1 1 1 1 1 1 2 1 1 1 1 1 1 1 1 1 1 1 2 1 1 1 1 1 1 1 1 1 0 1 1 1 1 1 1 0 1 1 1 1 1 1 1 2 1 1 1 1 1 1 1 2 1 1 1 1 1 1 1 1 1 1 1 1 0 1 1 1 1 1 1 2 1 
7 6 9 6 7 5 8 3 4 7 8 7 9 5 5 6 4 4 3 4 9 8 6 5 8 8 10 6 4 9 6 7 8 5 7 6 5 5 7 5 4 7 6 5 5 7 8 8 7 3 7 9 9 9 7 5 4 4 10 7 3 3 8 7 5 3 10 8 4 4 6 9 5 5 5 2 7 6 4 7 5 9 5 3 3 6 6 5 4 2 8 5 6 7 5 6 1 2 7 8 5 7 7 5 4 7 5 6 4 9 5 7 5 4 7 6 5 5 10 4 6 5 6 6 7 9 6 7 6 6 3 6 3 5 6 7 5 8 7 3 6 5 2 7 7 5 4 8 6 4 4 4 6 6 11 10 7 4 7 4 8 5 6 6 4 9 4 6 3 1 8 9 8 6 7 5 6 7 5 7 5 6 6 7 7 10 4 4 5 6 5 7 7 7 7 8 6 6 6 4 
8 12 12 6 17 8 3 6 9 13 11 4 9 11 9 12 9 9 11 14 18 13 14 11 18 10 12 10 13 16 11 9 8 11 7 18 12 8 7 11 4 12 10 1 5 14 12 13 8 16 7 16 11 9 11 12 7 8 13 14 3 12 7 9 8 10 8 14 8 6 13 10 5 8 18 8 10 12 7 12 11 11 9 7 13 12 8 8 15 2 10 14 8 19 9 6 4 11 8 13 7 4 7 19 4 9 8 9 12 3 12 11 8 6 14 15 11 11 10 8 6 6 13 10 4 12 10 5 13 10 11 13 10 14 10 13 8 12 9 11 8 3 14 8 12 8 9 7 10 12 9 4 14 10 3 5 11 12 11 11 13 9 6 5 11 13 4 11 6 16 9 6 11 2 9 13 12 12 7 10 9 8 9 14 10 9 10 11 11 15 7 9 10 4 4 10 13 15 9 5 
8 9 4 8 9 5 7 9 9 7 5 8 6 8 8 9 7 3 6 5 7 7 12 5 6 10 9 9 2 6 13 4 8 5 8 10 0 9 1 7 6 6 10 5 5 7 3 6 11 5 9 9 6 6 11 7 9 11 5 9 8 8 8 6 12 6 6 8 8 7 9 3 6 9 6 6 7 6 4 9 8 10 4 5 9 11 9 2 9 4 4 8 5 5 6 6 6 7 8 8 13 8 8 8 6 10 7 8 8 10 9 7 10 12 13 6 9 12 5 7 4 6 5 7 9 4 9 8 7 7 6 6 4 8 4 9 7 8 6 9 11 5 7 8 6 6 5 6 11 7 4 11 5 10 7 9 7 4 7 2 6 9 4 3 5 8 9 11 5 7 6 7 10 8 5 6 2 14 9 8 9 7 4 3 6 6 9 4 6 6 6 8 10 6 5 6 15 9 7 8 
11 8 11 7 12 14 11 9 6 6 6 9 10 12 13 8 13 12 6 11 10 9 13 14 10 8 5 9 8 9 8 9 8 7 10 9 9 12 8 6 15 12 13 9 9 10 7 10 12 8 11 11 6 10 8 7 8 7 12 14 10 10 11 13 13 13 3 11 8 9 6 8 10 7 7 9 10 11 9 13 5 8 0 13 10 16 5 8 7 5 6 9 8 8 12 10 8 9 8 8 15 10 10 12 16 9 6 5 10 11 8 6 8 11 11 7 6 12 8 3 4 6 8 7 7 14 9 11 17 13 12 15 11 11 6 8 7 5 8 14 5 13 12 6 13 2 16 7 10 9 8 8 8 7 7 9 7 2 9 5 6 9 9 8 7 6 10 11 10 12 13 12 11 10 9 10 11 6 8 12 6 8 12 5 6 5 11 9 8 1 10 7 6 8 11 10 9 6 14 11 
1 1 1 1 1 1 2 1 1 1 1 1 1 1 1 1 1 1 1 2 1 1 1 0 1 1 1 1 1 1 1 1 1 1 1 1 1 1 1 2 1 1 1 1 1 1 1 1 2 1 0 1 1 1 1 2 1 1 0 1 1 1 2 1 1 2 1 1 1 2 1 1 1 1 1 1 1 1 1 1 1 1 1 0 1 1 0 1 1 1 0 1 1 1 1 2 1 1 1 1 2 1 1 1 1 0 1 1 1 1 1 1 1 1 1 1 1 1 2 2 1 1 1 1 1 1 1 1 1 1 0 1 1 1 1 1 1 1 1 1 1 1 1 1 1 1 1 1 1 1 1 1 1 1 1 1 0 0 1 0 1 2 1 0 1 1 2 1 1 1 1 1 1 1 1 1 1 1 2 0 1 0 1 0 1 1 1 1 1 1 1 1 2 1 1 1 1 1 1 1 
5 9 8 11 10 12 10 6 10 10 9 8 8 9 7 7 7 9 6 9 7 4 7 7 9 5 11 12 5 12 6 8 6 3 2 10 5 8 10 9 6 8 9 8 9 6 6 9 9 8 9 7 9 10 9 8 9 11 11 9 9 5 8 9 2 8 6 3 5 6 10 9 11 7 4 9 7 9 9 7 3 9 6 5 7 4 9 8 5 10 6 8 5 7 8 8 10 4 6 11 10 8 11 5 9 4 5 9 6 8 8 10 2 9 10 8 10 3 10 9 7 4 10 7 10 7 7 13 6 5 7 6 10 11 5 7 7 10 12 6 11 6 10 10 8 6 8 9 6 9 12 7 9 7 5 11 6 9 7 2 8 9 12 7 11 4 9 10 8 11 6 12 10 11 8 2 8 4 7 13 14 5 10 11 11 10 14 7 4 11 10 3 4 3 9 7 14 9 10 5 
4 5 4 3 3 4 4 4 4 3 0 3 3 4 3 7 5 5 4 2 4 5 7 3 5 4 5 5 4 6 3 2 2 1 5 3 4 8 4 6 3 5 4 3 5 3 5 5 3 4 3 5 0 6 2 4 7 2 4 5 4 4 4 5 4 5 5 4 2 5 3 5 5 0 3 5 3 6 4 5 1 6 3 2 5 3 6 5 4 5 4 3 3 3 2 5 4 5 3 6 4 3 3 2 2 2 5 5 5 4 4 5 3 5 6 6 4 4 3 5 5 5 3 4 2 4 3 4 6 4 4 5 6 2 4 1 7 4 2 1 1 4 4 3 3 5 6 5 5 2 7 6 5 3 3 4 4 5 4 5 4 2 4 4 4 5 4 4 1 5 5 3 6 3 4 5 2 4 4 4 4 5 2 5 5 4 4 5 3 5 4 5 6 4 4 3 3 5 3 3 
4 7 5 7 8 7 6 6 6 7 7 7 5 5 5 7 5 4 8 9 7 7 10 5 8 8 8 5 7 7 6 8 10 6 4 7 8 8 9 2 4 5 5 8 7 8 4 10 8 7 12 4 3 5 1 5 5 2 5 8 2 8 6 4 5 3 4 6 4 6 4 4 8 4 7 5 5 8 5 6 7 10 6 5 5 7 6 3 2 7 5 6 7 10 3 7 4 6 4 3 5 1 5 8 8 7 8 7 8 6 6 4 7 9 6 5 8 5 2 8 6 9 5 4 1 6 5 8 9 3 4 5 9 6 5 5 1 4 5 8 6 9 8 6 6 2 2 4 6 5 2 5 6 7 4 6 9 7 5 6 5 7 6 5 7 4 6 5 6 6 9 2 9 6 5 9 2 3 2 3 5 5 2 4 4 5 7 7 7 7 9 3 7 3 3 7 6 10 7 9 
7 11 11 8 9 5 3 11 12 9 13 6 5 15 7 9 12 15 5 8 11 9 3 8 9 8 13 6 8 13 9 11 8 11 9 12 13 7 6 12 11 11 8 9 10 13 11 12 15 11 6 6 7 13 7 10 11 3 8 6 11 7 12 13 3 13 13 14 8 13 9 7 14 11 9 10 11 4 8 8 14 12 9 8 9 11 11 8 8 6 12 4 7 12 9 7 7 12 8 3 0 10 8 10 10 5 7 8 8 8 10 12 14 9 11 8 11 11 8 5 3 9 4 14 12 7 14 11 5 16 8 6 10 5 3 14 9 9 5 10 9 8 12 7 8 8 10 12 14 12 15 9 10 9 14 8 9 4 9 10 12 12 3 11 8 10 7 6 10 11 7 10 8 12 2 7 10 4 3 6 10 11 8 6 6 8 6 9 12 5 12 7 6 5 13 9 8 3 8 13 
5 4 5 5 7 7 6 5 7 7 6 6 6 4 8 8 5 6 2 6 5 8 3 5 6 4 4 4 3 6 6 5 7 5 4 5 3 3 5 4 4 3 7 3 4 6 4 6 7 6 3 5 6 4 5 5 7 4 8 5 5 6 1 9 4 5 4 4 6 5 5 6 8 7 3 7 5 6 7 5 6 8 3 8 6 3 3 3 4 7 6 2 9 5 3 6 5 3 3 6 6 3 6 7 3 7 6 5 3 2 4 7 5 4 4 6 3 6 7 7 7 3 4 6 6 4 7 7 5 4 6 6 8 9 4 5 6 5 6 6 7 6 5 5 6 4 5 6 6 5 6 7 7 5 5 2 4 4 6 5 4 4 5 3 7 3 6 4 5 4 2 3 3 6 5 3 3 4 1 4 5 7 5 6 5 8 6 7 5 4 2 5 4 5 5 5 5 5 6 4 
12 11 5 10 9 12 14 9 9 6 14 9 5 6 11 6 8 8 7 6 5 7 4 10 10 10 13 5 7 6 9 7 8 5 8 10 8 9 6 5 6 8 5 12 8 11 8 8 5 11 11 2 11 8 4 9 11 7 9 12 5 5 8 10 7 9 6 8 12 8 4 6 7 8 6 9 14 11 9 10 9 9 9 8 8 10 7 8 8 5 5 6 6 8 6 5 5 8 11 12 9 14 8 9 8 2 8 7 11 4 4 5 10 9 10 8 10 9 9 10 9 6 6 7 8 4 8 14 9 9 4 12 10 10 7 5 11 9 7 5 1 8 9 7 7 12 12 7 4 8 9 13 6 9 6 6 8 7 11 11 11 8 6 5 6 6 10 12 6 13 9 9 8 11 9 3 10 3 10 8 7 7 11 2 9 8 5 12 5 14 8 10 8 12 9 5 7 6 8 4 
5 7 5 10 5 7 1 6 4 7 7 7 5 8 4 10 7 9 3 3 5 9 7 6 5 9 6 7 3 4 4 5 10 5 6 5 6 7 4 3 5 6 6 8 6 6 7 6 10 5 11 5 6 3 5 5 0 6 2 7 1 8 5 3 4 6 5 6 9 7 6 6 9 7 5 7 6 2 9 7 6 4 6 6 4 5 6 6 7 8 6 9 5 5 9 8 2 3 1 5 6 5 7 7 6 4 5 5 6 9 7 5 8 6 6 5 7 4 4 4 4 7 5 5 5 5 8 8 6 5 7 9 6 7 6 7 5 4 5 5 5 4 5 7 8 6 5 6 4 6 8 4 7 2 8 9 5 8 10 3 5 9 5 8 6 5 7 8 6 8 10 6 5 8 5 5 8 3 3 4 7 5 6 4 9 6 4 6 5 1 5 7 4 5 3 6 5 9 4 6 
4 2 5 3 2 3 4 5 5 4 4 5 4 6 5 5 1 4 3 4 6 2 5 5 6 4 3 2 2 3 3 5 4 5 3 4 5 2 4 4 4 4 5 3 1 5 6 3 4 4 5 4 5 4 4 7 2 6 5 2 5 4 4 5 3 2 2 6 5 3 4 2 4 5 6 2 4 3 3 3 6 5 1 3 6 3 4 3 4 5 3 2 5 3 5 4 5 3 6 7 4 4 3 5 6 4 4 3 3 3 5 5 4 4 3 4 2 4 4 5 4 6 4 3 6 4 1 4 2 2 0 5 4 4 4 4 6 5 4 3 5 4 5 3 5 4 5 6 6 5 3 5 4 2 2 4 6 7 4 5 5 4 5 6 3 4 3 2 4 2 4 5 2 5 4 6 5 5 5 6 4 4 6 2 3 4 3 4 5 3 6 3 2 3 1 2 4 0 3 4 
2 3 3 5 4 2 6 3 4 5 5 4 3 6 5 2 4 6 2 5 3 5 6 1 5 3 5 3 4 2 3 3 4 6 5 4 1 5 4 5 3 7 5 5 6 5 3 4 4 1 4 3 7 5 4 5 5 4 6 3 5 3 5 4 5 5 4 4 5 5 6 5 1 4 5 5 4 5 2 2 3 4 5 6 3 6 6 3 4 4 7 5 4 4 5 4 3 6 5 3 4 5 4 3 4 1 5 6 2 4 1 2 5 2 4 4 6 6 1 4 3 3 4 2 2 6 6 6 4 3 4 5 3 5 2 6 5 3 6 4 3 3 2 2 4 3 4 5 5 7 3 5 3 5 3 4 5 4 3 2 5 2 4 3 2 4 5 2 4 3 5 2 6 5 4 2 5 3 3 3 4 4 2 4 2 3 5 3 4 3 4 5 5 4 5 2 4 3 4 4 
9 2 10 10 9 5 9 9 7 5 11 9 11 4 10 7 7 5 11 3 6 8 7 11 8 3 10 5 11 5 9 7 8 8 7 5 10 5 13 4 8 10 7 7 7 8 4 11 7 6 6 8 8 8 9 8 9 13 5 5 8 6 5 9 10 6 13 10 6 8 7 3 6 12 7 6 8 7 7 5 7 10 11 4 12 2 9 9 6 7 6 0 8 10 10 6 7 7 10 6 7 9 11 8 7 5 7 5 9 4 5 6 5 11 7 13 11 4 9 8 6 7 12 9 5 4 11 3 10 9 5 8 7 11 3 8 6 7 8 13 6 7 4 5 11 9 12 11 14 6 5 8 8 9 11 9 11 8 9 5 9 5 5 12 6 5 5 8 9 7 9 9 9 10 0 7 10 8 5 10 5 8 10 8 7 10 12 10 10 4 5 11 8 3 6 7 11 8 7 7 
3 3 3 3 2 1 2 2 4 3 2 2 3 4 3 4 3 1 3 3 4 3 3 4 2 4 3 3 3 4 3 2 4 2 4 3 3 5 3 6 2 2 3 2 3 3 2 2 4 2 2 3 3 2 2 3 3 3 3 2 2 4 2 3 1 4 2 3 2 3 4 4 4 2 2 3 3 3 3 4 5 4 2 2 3 3 3 3 4 4 4 2 2 2 4 3 0 3 3 3 2 4 4 3 5 4 4 1 3 3 5 3 4 4 2 3 2 2 3 3 4 4 4 4 2 1 2 4 3 4 2 4 4 3 3 2 3 4 4 3 4 2 2 4 3 4 4 3 3 3 3 2 2 3 2 3 4 3 2 3 4 3 2 3 4 4 7 5 3 3 2 5 3 3 2 2 4 3 3 3 2 4 3 4 3 3 2 5 3 4 5 2 3 3 2 3 5 2 1 0 
5 6 5 7 8 8 6 8 3 4 11 9 7 4 7 10 6 3 11 9 5 12 7 11 8 7 5 9 11 7 7 5 7 6 8 7 6 8 10 2 8 4 7 6 7 12 10 5 6 5 10 9 4 9 7 8 8 7 3 7 3 7 6 7 9 3 7 8 4 7 11 7 4 6 6 8 10 8 6 7 10 6 10 9 5 7 5 7 8 6 6 5 7 10 8 3 8 4 10 6 9 10 9 6 9 7 8 7 7 8 7 8 8 5 6 8 10 6 8 9 12 2 6 5 5 7 5 7 9 5 7 9 7 7 3 10 4 11 11 10 7 5 4 8 8 10 5 5 9 9 6 10 2 2 5 4 8 6 5 7 4 10 4 10 8 7 7 3 8 7 10 8 7 8 5 6 3 5 8 7 8 6 4 4 5 3 12 8 6 7 5 6 4 10 6 5 3 9 7 6 
3 3 3 5 5 6 2 7 1 3 3 3 4 7 4 5 2 4 5 5 4 4 3 5 3 4 4 3 6 6 5 3 4 2 4 6 4 3 6 6 3 4 2 3 3 4 3 4 4 4 4 5 3 6 2 3 6 2 4 3 5 3 4 5 4 5 5 5 4 6 3 3 4 4 5 5 2 4 3 3 2 1 4 6 5 5 3 5 3 1 5 5 4 3 3 6 7 4 3 2 6 6 5 3 3 5 3 6 5 1 2 3 2 4 6 3 7 5 5 4 2 6 4 3 6 4 3 4 4 4 3 1 6 3 6 3 3 6 2 2 7 4 4 2 3 5 2 6 4 4 5 3 5 6 4 2 5 0 4 4 5 4 4 5 3 4 5 4 3 4 4 4 5 5 5 4 4 5 3 5 3 3 6 2 3 4 5 4 2 0 5 5 5 5 4 7 4 4 5 5 
15 14 8 7 12 13 6 14 12 15 6 11 7 9 14 8 15 7 7 8 9 8 15 7 8 10 12 8 5 10 8 11 10 3 9 12 12 11 13 9 10 6 8 6 12 8 7 10 9 13 8 11 8 14 8 6 11 14 8 7 5 10 8 7 14 10 15 8 11 9 11 8 9 8 10 12 13 6 11 8 4 10 4 8 10 13 10 6 5 5 11 8 9 11 11 10 10 10 12 6 10 12 15 8 7 8 6 9 12 6 9 7 10 7 5 11 13 7 7 10 9 11 11 9 7 8 11 13 11 9 6 5 9 13 6 11 9 8 5 3 2 7 10 11 12 4 14 1 10 8 15 9 8 11 9 10 8 7 11 3 6 14 5 11 11 4 9 5 6 12 10 8 10 9 16 8 11 11 9 10 6 12 4 7 3 8 10 5 5 12 0 12 14 10 6 11 9 8 10 6 
1 2 2 1 2 2 3 2 3 3 3 1 3 2 2 1 3 3 1 2 2 2 0 2 2 2 2 2 1 2 2 2 2 2 3 2 2 2 2 1 1 2 3 2 2 2 2 2 2 2 3 3 2 3 2 2 2 0 3 3 2 2 3 1 2 2 2 1 3 3 3 2 1 2 2 3 1 2 2 1 2 1 2 2 3 3 1 2 3 2 1 2 2 2 1 3 2 1 3 0 3 3 2 2 3 1 2 0 2 2 2 2 1 3 2 2 1 3 3 2 2 2 2 3 1 2 2 2 2 4 2 2 1 1 2 2 1 2 3 3 3 1 2 1 2 3 2 2 1 1 2 2 2 3 2 2 1 2 2 3 1 2 2 2 2 3 2 2 2 2 2 3 3 2 2 1 2 2 2 2 2 1 2 2 2 2 2 2 2 2 2 1 2 3 1 1 1 2 2 1 
1 0 1 1 0 1 1 1 1 0 1 1 1 1 1 1 1 1 1 1 1 1 1 1 1 1 1 1 1 1 1 1 1 1 1 1 1 1 1 1 1 1 1 1 1 1 1 1 1 1 0 1 1 1 1 2 1 1 2 1 1 1 1 1 1 1 1 1 1 1 1 0 1 1 1 1 1 1 1 1 1 0 1 1 1 1 1 1 0 1 2 1 1 1 1 1 1 1 1 1 0 1 1 1 1 1 1 1 1 1 1 1 1 1 0 1 1 1 1 1 1 1 1 1 1 1 1 2 1 1 1 1 1 1 1 0 1 1 1 1 1 1 1 1 1 1 1 0 1 1 0 1 1 1 1 1 0 1 1 1 2 1 1 1 1 1 1 1 2 1 2 1 1 1 1 1 1 1 2 1 0 1 1 1 1 0 0 1 1 1 1 1 0 1 1 1 1 2 1 1 
5 5 4 6 6 4 6 5 6 6 4 4 5 6 4 7 5 5 4 7 6 3 2 6 4 4 6 6 5 3 7 5 7 5 6 6 4 3 8 7 3 7 4 6 5 5 4 8 3 4 4 6 5 7 5 4 3 4 5 5 4 3 5 3 5 2 8 5 5 6 5 5 5 7 5 6 4 5 6 0 5 2 2 6 4 5 4 3 7 7 4 6 8 7 5 5 6 5 6 7 3 6 4 2 7 4 5 8 2 2 7 4 6 6 5 4 7 5 4 6 2 5 5 6 4 6 6 5 6 4 6 6 9 7 6 7 8 6 4 6 5 5 9 5 1 3 7 7 5 6 7 7 6 4 5 6 5 4 2 4 4 3 4 6 5 5 6 5 6 4 6 7 5 6 6 4 8 6 5 5 2 6 5 7 5 9 2 11 7 6 4 4 7 4 4 4 6 6 4 4 
1 1 1 1 1 1 1 1 1 2 2 1 1 1 1 1 1 1 1 1 0 1 1 1 0 1 2 1 1 0 1 1 1 0 1 1 1 1 1 1 1 1 1 1 1 1 1 0 1 1 1 1 2 1 2 1 1 0 1 1 1 1 1 1 1 1 1 1 1 1 1 1 1 1 1 1 1 1 1 1 1 1 1 1 1 1 1 1 1 1 1 1 0 1 1 1 1 0 1 1 1 1 2 1 0 1 1 1 1 1 0 1 1 1 1 1 0 1 1 1 1 1 2 1 1 1 0 0 1 1 0 2 2 1 1 1 1 1 1 1 1 1 1 1 1 0 1 1 1 1 1 1 1 1 0 1 1 2 1 1 1 1 1 1 1 1 1 1 1 1 1 1 1 1 1 1 2 2 0 1 1 1 0 1 1 1 0 1 1 1 1 2 1 1 1 1 1 2 1 1 
14 7 6 9 7 10 11 4 10 10 9 7 8 10 12 5 10 7 7 12 5 11 6 8 9 10 10 9 11 10 8 10 8 11 11 10 14 12 8 7 8 7 14 13 13 6 11 10 8 14 10 5 7 8 8 8 7 11 10 8 6 13 12 9 10 3 4 7 12 14 12 11 8 4 10 5 4 11 9 7 11 5 6 12 7 10 8 13 5 6 6 7 11 5 14 11 11 8 11 9 8 12 9 8 5 10 3 14 10 7 10 10 8 8 9 6 15 7 12 9 7 9 8 9 12 11 14 8 10 8 11 8 8 13 10 9 12 12 13 7 10 6 7 8 9 11 10 8 8 8 10 6 9 13 10 11 8 8 17 11 6 11 4 13 5 7 14 7 5 8 13 4 11 6 7 6 11 7 4 6 13 6 8 10 6 8 8 9 9 11 9 4 8 4 6 13 7 9 9 11 
