NAME  : Jabali_50_3_0.88_1_4
TYPE : SVRP
MODEL : FINITE_SUPPORT
NUMBER_OF_SCENARIOS : 200
DIMENSION : 50
EDGE_WEIGHT_TYPE : MATRIX
CAPACITY : 105
N_VEHICLES : 3
NODE_COORD_SECTION
1 4582 3512
2 5770 2109
3 5564 2508
4 3727 4673
5 5369 8335
6 7156 4975
7 4396 1200
8 5198 7539
9 1732 4260
10 8381 3672
11 5986 6096
12 5932 324
13 2175 1647
14 7852 3773
15 6073 1376
16 2204 2317
17 5173 570
18 2902 6367
19 3896 2902
20 2564 4949
21 2730 2058
22 7240 2408
23 6307 18
24 8076 4198
25 3459 3945
26 4330 1555
27 3402 2538
28 5918 1746
29 6598 6293
30 5554 1172
31 7369 6038
32 6948 1238
33 2956 2373
34 5354 4189
35 5926 4800
36 5162 709
37 8113 5048
38 8001 5590
39 5741 5948
40 813 2555
41 3127 3798
42 3928 3929
43 27 3242
44 6955 4111
45 8373 4387
46 4175 6692
47 7768 2669
48 2356 1232
49 1610 1932
50 5935 4660
DEMAND_SECTION
1 0.0
2 6.0
3 4.0
4 1.0
5 3.0
6 7.0
7 8.0
8 5.0
9 4.0
10 1.0
11 9.0
12 9.0
13 5.0
14 2.0
15 9.0
16 2.0
17 4.0
18 7.0
19 5.0
20 9.0
21 8.0
22 10.0
23 9.0
24 3.0
25 10.0
26 4.0
27 10.0
28 8.0
29 4.0
30 3.0
31 9.0
32 2.0
33 5.0
34 4.0
35 7.0
36 1.0
37 8.0
38 7.0
39 7.0
40 8.0
41 2.0
42 3.0
43 4.0
44 10.0
45 4.0
46 10.0
47 4.0
48 3.0
49 2.0
50 8.0
DEVIATION_SECTION
1 0.0
2 2.0
3 1.33333
4 0.333333
5 1.0
6 2.33333
7 2.66667
8 1.66667
9 1.33333
10 0.333333
11 3.0
12 3.0
13 1.66667
14 0.666667
15 3.0
16 0.666667
17 1.33333
18 2.33333
19 1.66667
20 3.0
21 2.66667
22 3.33333
23 3.0
24 1.0
25 3.33333
26 1.33333
27 3.33333
28 2.66667
29 1.33333
30 1.0
31 3.0
32 0.666667
33 1.66667
34 1.33333
35 2.33333
36 0.333333
37 2.66667
38 2.33333
39 2.33333
40 2.66667
41 0.666667
42 1.0
43 1.33333
44 3.33333
45 1.33333
46 3.33333
47 1.33333
48 1.0
49 0.666667
50 2.66667
DISTANCE_MATRIX
0.0 25.9615 20.3961 19.9249 70.8702 42.4305 42.1861 60.8915 40.8044 50.7326 44.6958 47.7018 42.2547 44.2643 35.5091 39.1614 42.2311 46.0977 17.9114 34.0147 33.1166 39.8121 53.0135 48.0668 16.4924 37.9543 22.9447 30.6757 51.6471 35.6104 61.436 44.7214 29.2823 25.3142 34.8618 41.3653 52.6006 54.9453 42.2747 55.0127 19.6977 11.0 62.4164 33.1529 51.884 44.6635 44.5982 43.3108 47.9387 34.217 
25.9615 0.0 5.83095 45.8803 84.6463 42.9535 21.4709 74.4362 64.195 40.8534 53.0094 23.6008 47.4342 36.1386 10.0 47.0106 21.2132 71.8679 27.0185 59.564 40.2492 20.5183 28.2843 41.7732 41.1298 20.6155 31.6228 5.0 59.642 12.6491 55.4582 19.0263 37.3363 29.2592 35.2278 20.2237 50.01 54.231 51.225 67.5352 43.0116 36.6742 80.2309 31.257 45.8912 69.8335 27.8029 46.7547 54.7083 34.4093 
20.3961 5.83095 0.0 40.2616 79.3294 39.2046 22.561 69.1192 59.5508 40.3113 47.7074 29.0689 45.3431 34.9285 15.8114 43.909 25.2982 66.1287 22.3617 54.231 37.4433 22.4722 33.9706 40.1622 36.0 20.6155 28.178 10.8167 54.381 17.4929 52.0541 24.3311 34.0383 23.9423 30.0167 24.3516 47.3814 51.0 45.9081 64.6607 38.2351 31.257 76.9853 28.0179 44.2719 64.5165 29.0689 45.3431 52.2015 29.1548 
19.9249 45.8803 40.2616 0.0 54.4403 45.4533 46.7565 44.4616 26.9072 64.0781 37.6431 67.2588 46.1424 57.3847 55.4329 39.6015 58.4321 26.4197 22.4818 15.8114 37.0044 58.0345 73.1756 59.0593 10.4403 42.5247 26.9258 50.6012 44.5944 55.363 54.3833 64.5368 33.1701 22.2819 28.8444 57.9126 58.3144 59.7852 35.222 46.8806 14.0357 10.0 53.2541 43.8634 61.9112 28.2312 61.7065 48.4004 44.3848 28.3019 
70.8702 84.6463 79.3294 54.4403 0.0 55.4882 99.5899 10.7703 71.8471 73.5391 31.8277 108.231 100.771 69.3259 94.3663 90.608 105.01 42.3792 76.428 58.3095 91.6332 84.6805 112.805 65.9242 64.8479 96.8382 81.4613 89.4986 34.6699 96.8217 40.8534 98.3828 87.7988 59.2733 49.5782 104.144 56.3205 49.4773 33.4215 97.2522 68.0711 63.5146 99.2472 61.1626 65.4599 27.074 83.4707 103.029 95.3913 50.3289 
42.4305 42.9535 39.2046 45.4533 55.4882 0.0 61.0082 48.0844 72.3464 24.3311 22.0227 65.192 83.2957 19.3132 50.9215 80.2025 64.1327 60.1664 58.9525 60.4649 74.1577 35.4683 68.4471 17.0294 51.1838 58.2608 63.9858 46.8402 21.6014 55.5428 15.2039 51.3128 70.3233 29.0689 17.0294 63.1506 13.0618 14.2076 23.0868 90.6872 55.648 46.1838 97.8495 12.083 18.2483 46.0977 32.8024 84.3519 88.9798 17.8045 
42.1861 21.4709 22.561 46.7565 99.5899 61.0082 0.0 89.3798 56.066 62.2415 67.9908 24.0 30.0832 57.2451 22.2036 33.0 13.1529 72.6223 24.7588 55.9464 26.0192 41.6173 30.0167 62.6418 38.0132 4.24264 21.9317 21.2603 74.6507 15.6525 74.2363 34.1321 25.7099 44.2028 50.2775 13.0384 69.8713 73.171 66.1686 51.4198 37.5899 37.2756 65.1153 50.3587 66.7608 74.496 49.0918 27.7308 38.0789 49.4173 
60.8915 74.4362 69.1192 44.4616 10.7703 48.0844 89.3798 0.0 62.8172 66.4831 22.2036 98.0287 90.7925 61.9222 84.22 80.7878 94.7994 34.9857 66.4493 49.0306 81.6545 75.1753 102.65 58.9406 54.8692 86.4921 71.4826 79.3095 26.5707 86.6115 34.3657 88.7299 77.8201 48.9248 39.6232 93.9336 50.3587 44.0454 23.3452 87.6926 58.0924 53.5359 90.5207 51.6574 59.0339 18.0278 74.4999 93.0505 85.5711 40.3113 
40.8044 64.195 59.5508 26.9072 71.8471 72.3464 56.066 62.8172 0.0 90.3557 61.19 79.2465 33.3017 83.6536 72.0069 25.2389 69.0072 31.1448 37.2156 13.9284 30.9751 80.5233 85.3288 85.517 24.3516 52.2454 34.3657 68.0294 71.4841 68.3593 81.273 83.0963 30.7669 48.445 55.6058 68.7306 85.1856 86.6749 58.8072 26.3059 21.3776 30.4631 27.8568 70.1864 88.4926 44.911 85.3815 38.9487 28.6007 55.0 
50.7326 40.8534 40.3113 64.0781 73.5391 24.3311 62.2415 66.4831 90.3557 0.0 46.2709 57.0088 84.8414 6.7082 44.5533 82.9473 60.208 82.9755 68.6379 79.8499 76.6317 23.0217 58.2151 7.61577 66.853 60.8276 67.153 42.45 40.025 51.1957 32.6956 39.2046 73.0681 43.0465 36.1386 59.2284 18.4391 25.6125 47.0425 103.738 70.3538 60.7665 113.149 20.2485 9.21954 70.0071 16.1245 85.2297 91.7246 36.4005 
44.6958 53.0094 47.7074 37.6431 31.8277 22.0227 67.9908 22.2036 61.19 46.2709 0.0 76.6094 76.2063 40.7922 62.6259 76.2947 72.8378 39.8121 51.863 47.2631 67.0683 53.0 81.0555 39.0512 44.0153 65.2391 56.8964 57.8014 8.06226 65.2226 17.8885 66.6033 63.2339 28.4605 17.8045 71.9167 32.7567 28.2312 3.16228 83.5738 48.487 39.0943 89.0457 29.5466 40.05 24.3311 52.3927 78.4643 81.078 18.6011 
47.7018 23.6008 29.0689 67.2588 108.231 65.192 24.0 98.0287 79.2465 57.0088 76.6094 0.0 53.6004 54.231 14.3178 57.0 11.1803 93.1972 44.7772 77.8332 50.01 34.0 6.08276 60.2993 59.2368 27.1662 44.911 18.868 83.2374 12.2066 77.1876 18.6815 49.366 52.8517 58.8218 11.0454 70.214 75.4321 74.8131 74.9667 59.7746 57.7779 88.8144 53.1413 64.195 91.5269 41.1096 50.448 61.6604 58.0086 
42.2547 47.4342 45.3431 46.1424 100.771 83.2957 30.0832 90.7925 33.3017 84.8414 76.2063 53.6004 0.0 79.0911 51.4782 8.94427 42.4264 61.1491 28.7979 41.5786 9.48683 67.624 59.4138 83.9657 36.1621 28.2312 19.3576 49.2443 83.1576 45.5412 92.9465 63.561 14.5602 67.5628 66.3723 42.5793 96.048 97.1939 73.7852 21.3776 34.7588 37.3312 35.2278 72.8703 88.0228 71.9417 74.411 5.65685 8.06226 65.7275 
44.2643 36.1386 34.9285 57.3847 69.3259 19.3132 57.2451 61.9222 83.6536 6.7082 40.7922 54.231 79.0911 0.0 41.0122 77.1969 56.3205 76.5451 62.1696 73.1642 71.1521 20.6155 56.0892 6.08276 60.3847 55.5428 61.4027 38.3275 35.4391 47.2652 28.8444 37.3631 67.3178 36.3593 29.6142 55.3263 17.0 23.6008 41.3038 97.9881 63.8855 57.2443 106.681 13.6015 10.0 64.1249 15.2643 79.4793 85.9742 29.8329 
35.5091 10.0 15.8114 55.4329 94.3663 50.9215 22.2036 84.22 72.0069 44.5533 62.6259 14.3178 51.4782 41.0122 0.0 52.6308 15.8114 81.5414 35.3553 68.465 45.607 21.8403 18.4391 47.0 49.8197 23.2594 38.2099 5.0 69.2192 7.2111 63.0024 12.083 43.566 39.0499 44.8219 14.8661 56.4358 61.3922 60.959 72.45 51.2445 46.1741 85.7263 38.8973 51.0098 79.6241 29.4109 49.7393 59.2368 44.0454 
39.1614 47.0106 43.909 39.6015 90.608 80.2025 33.0 80.7878 25.2389 82.9473 76.2947 57.0 8.94427 77.1969 52.6308 0.0 46.0435 52.8188 25.7046 33.2484 7.07107 66.3702 63.0079 82.0715 32.7064 30.1496 16.2643 49.6488 80.0644 47.5184 89.8533 64.56 10.0 64.4695 63.279 46.0109 92.9548 94.1007 73.8736 20.8087 28.4675 34.238 33.2415 72.3082 86.1287 63.6115 72.7187 14.4222 9.84886 62.6343 
42.2311 21.2132 25.2982 58.4321 105.01 64.1327 13.1529 94.7994 69.0072 60.208 72.8378 11.1803 42.4264 56.3205 15.8114 46.0435 0.0 84.3705 36.0555 68.4471 39.1152 37.6431 17.0294 62.2013 50.1199 16.7631 34.7851 18.0278 79.218 9.05539 76.6713 25.6125 38.833 49.6225 55.1245 1.0 71.0282 75.4255 71.0156 63.7887 50.1597 48.9512 77.6466 52.469 66.2722 86.5506 45.2217 39.2938 50.4876 54.2643 
46.0977 71.8679 66.1287 26.4197 42.3792 60.1664 72.6223 34.9857 31.1448 82.9755 39.8121 93.1972 61.1491 76.5451 81.5414 52.8188 84.3705 0.0 48.4202 19.6977 61.5454 81.7435 99.0487 76.5091 34.7131 68.4105 51.6236 76.6942 47.8539 81.3013 57.6975 90.1738 57.7111 46.0977 47.0956 83.8509 72.499 68.0294 37.6962 57.4282 36.1248 36.3593 57.4282 63.1981 78.339 17.6918 84.0952 66.8036 57.6021 47.0425 
17.9114 27.0185 22.3617 22.4818 76.428 58.9525 24.7588 66.4493 37.2156 68.6379 51.863 44.7772 28.7979 62.1696 35.3553 25.7046 36.0555 48.4202 0.0 33.2415 19.6599 44.5574 50.6952 65.9721 14.5602 20.5183 9.48683 31.0644 58.8143 32.8938 68.6032 46.0 15.8255 43.2195 42.029 35.5106 71.7048 72.8506 49.4419 46.4958 16.0 13.0009 57.0766 51.0582 69.7893 50.2213 62.3972 31.0483 34.4819 41.3842 
34.0147 59.564 54.231 15.8114 58.3095 60.4649 55.9464 49.0306 13.9284 79.8499 47.2631 77.8332 41.5786 73.1642 68.465 33.2484 68.4471 19.6977 33.2415 0.0 38.9601 73.3348 83.8153 74.686 18.6815 51.8845 34.1321 64.0375 55.3155 66.0984 69.1746 78.5175 40.055 38.0773 44.2945 68.0294 73.4306 74.5765 44.8803 39.0128 18.3576 23.0217 41.7852 59.6154 77.4145 31.257 77.3513 47.2331 38.0317 43.8292 
33.1166 40.2492 37.4433 37.0044 91.6332 74.1577 26.0192 81.6545 30.9751 76.6317 67.0683 50.01 9.48683 71.1521 45.607 7.07107 39.1152 61.5454 19.6599 38.9601 0.0 59.9083 56.0357 76.0267 27.024 23.0868 10.2195 42.72 74.0196 40.4475 83.8085 57.5674 5.09902 58.4248 57.2343 39.0512 86.91 88.0559 64.6472 27.2947 25.6208 28.1932 40.1622 66.2634 80.0839 65.1336 66.4003 13.0384 14.8661 56.5895 
39.8121 20.5183 22.4722 58.0345 84.6805 35.4683 41.6173 75.1753 80.5233 23.0217 53.0 34.0 67.624 20.6155 21.8403 66.3702 37.6431 81.7435 44.5574 73.3348 59.9083 0.0 35.5106 26.6833 56.2939 41.1096 50.6063 20.5913 59.3647 28.7924 46.4509 16.7631 56.4929 36.0139 36.7696 36.6879 37.3363 43.382 52.3546 87.1321 59.2161 50.636 99.4399 24.0832 30.4138 73.0686 7.61577 67.2086 74.6324 36.4005 
53.0135 28.2843 33.9706 73.1756 112.805 68.4471 30.0167 102.65 85.3288 58.2151 81.0555 6.08276 59.4138 56.0892 18.4391 63.0079 17.0294 99.0487 50.6952 83.8153 56.0357 35.5106 0.0 62.1691 65.192 33.2415 50.9902 23.3452 87.6412 17.8885 80.1958 19.0263 55.4437 57.4735 63.2535 17.0 72.5328 78.1089 79.3977 80.7527 65.8027 63.6947 94.6414 56.3649 65.9242 97.0999 42.107 56.0892 67.4759 62.482 
48.0668 41.7732 40.1622 59.0593 65.9242 17.0294 62.6418 58.9406 85.517 7.61577 39.0512 60.2993 83.9657 6.08276 47.0 82.0715 62.2013 76.5091 65.9721 74.686 76.0267 26.6833 62.1691 0.0 64.1077 60.7454 71.0054 44.1814 32.5576 53.1507 25.0799 43.4166 72.1923 39.0512 30.4631 61.2046 11.4018 18.3848 40.0125 103.079 68.572 59.1077 110.483 15.6205 4.12311 63.0317 21.0238 84.3539 90.8488 30.8707 
16.4924 41.1298 36.0 10.4403 64.8479 51.1838 38.0132 54.8692 24.3516 66.853 44.0153 59.2368 36.1621 60.3847 49.8197 32.7064 50.1199 34.7131 14.5602 18.6815 27.024 56.2939 65.192 64.1077 0.0 33.8378 17.0294 45.3986 50.9666 47.4342 60.8345 60.1559 23.1897 27.0357 34.2603 49.6488 63.9361 65.0819 41.5942 39.9856 4.47214 6.40312 47.3814 48.7771 67.0833 38.6264 61.0328 38.42 37.4897 33.6155 
37.9543 20.6155 20.6155 42.5247 96.8382 58.2608 4.24264 86.4921 52.2454 60.8276 65.2391 27.1662 28.2312 55.5428 23.2594 30.1496 16.7631 68.4105 20.5183 51.8845 23.0868 41.1096 33.2415 60.7454 33.8378 0.0 18.0278 21.4009 71.899 17.4642 71.4845 35.3412 22.2036 41.4511 47.5257 16.4924 67.4685 70.4883 63.4169 49.3356 33.541 33.0438 62.8172 47.8539 64.846 70.2642 48.4149 26.6271 36.0555 46.6656 
22.9447 31.6228 28.178 26.9258 81.4613 63.9858 21.9317 71.4826 34.3657 67.153 56.8964 44.911 19.3576 61.4027 38.2099 16.2643 34.7851 51.6236 9.48683 34.1321 10.2195 50.6063 50.9902 71.0054 17.0294 18.0278 0.0 34.7131 63.8477 34.0588 73.6366 49.8197 6.38516 48.2529 47.0623 34.4819 76.7381 77.884 54.4753 37.0555 15.8114 18.0278 49.3322 56.0915 74.8226 55.0263 56.9244 21.6155 25.0416 46.4176 
30.6757 5.0 10.8167 50.6012 89.4986 46.8402 21.2603 79.3095 68.0294 42.45 57.8014 18.868 49.2443 38.3275 5.0 49.6488 18.0278 76.6942 31.0644 64.0375 42.72 20.5913 23.3452 44.1814 45.3986 21.4009 34.7131 0.0 64.4125 9.0 59.116 15.1327 40.2616 34.1331 40.0 17.0294 53.0848 57.7062 56.0803 69.857 47.0425 41.3425 82.8734 34.9285 48.2597 74.7073 28.178 48.0104 56.7979 39.2046 
51.6471 59.642 54.381 44.5944 34.6699 21.6014 74.6507 26.5707 71.4841 40.025 8.06226 83.2374 83.1576 35.4391 69.2192 80.0644 79.218 47.8539 58.8143 55.3155 74.0196 59.3647 87.6412 32.5576 50.9666 71.899 63.8477 64.4125 0.0 71.8718 9.84886 73.067 70.1852 35.3714 24.4158 78.3307 25.1794 20.2485 10.8167 90.5251 55.4383 46.0456 97.5593 35.8467 33.0606 32.0156 49.5839 85.4156 88.0293 25.2389 
35.6104 12.6491 17.4929 55.363 96.8217 55.5428 15.6525 86.6115 68.3593 51.1957 65.2226 12.2066 45.5412 47.2652 7.2111 47.5184 9.05539 81.3013 32.8938 66.0984 40.4475 28.7924 17.8885 53.1507 47.4342 17.4642 34.0588 9.0 71.8718 0.0 67.9433 18.6011 39.0128 41.4346 47.5079 8.06226 62.0725 66.6108 63.4003 66.7608 48.2701 45.8821 80.2808 43.7379 57.2189 79.9299 36.4005 43.382 53.4509 46.6476 
61.436 55.4582 52.0541 54.3833 40.8534 15.2039 74.2363 34.3657 81.273 32.6956 17.8885 77.1876 92.9465 28.8444 63.0024 89.8533 76.6713 57.6975 68.6032 69.1746 83.8085 46.4509 80.1958 25.0799 60.8345 71.4845 73.6366 59.116 9.84886 67.9433 0.0 62.6479 79.9741 43.4263 31.8406 75.6812 16.0312 10.4403 20.6056 100.314 65.2988 55.8345 107.348 24.2071 24.7386 41.7612 43.1856 95.2045 98.6306 32.5599 
44.7214 19.0263 24.3311 64.5368 98.3828 51.3128 34.1321 88.7299 83.0963 39.2046 66.6033 18.6815 63.561 37.3631 12.083 64.56 25.6125 90.1738 46.0 78.5175 57.5674 16.7631 19.0263 43.4166 60.1559 35.3412 49.8197 15.1327 73.067 18.6011 62.6479 0.0 55.3173 44.9354 49.2037 24.8395 54.0833 60.0083 65.437 84.5044 62.0 55.5788 97.719 39.4081 47.0744 84.8816 23.0868 61.7738 71.3092 48.6004 
29.2823 37.3363 34.0383 33.1701 87.7988 70.3233 25.7099 77.8201 30.7669 73.0681 63.2339 49.366 14.5602 67.3178 43.566 10.0 38.833 57.7111 15.8255 40.055 5.09902 56.4929 55.4437 72.1923 23.1897 22.2036 6.38516 40.2616 70.1852 39.0128 79.9741 55.3173 0.0 54.5904 53.3999 38.6394 83.0756 84.2215 60.8128 30.8058 21.7864 24.3588 42.9535 62.429 76.2495 61.2992 62.8395 18.0 19.2094 52.7551 
25.3142 29.2592 23.9423 22.2819 59.2733 29.0689 44.2028 48.9248 48.445 43.0465 28.4605 52.8517 67.5628 36.3593 39.0499 64.4695 49.6225 46.0977 43.2195 38.0773 58.4248 36.0139 57.4735 39.0512 27.0357 41.4511 48.2529 34.1331 35.3714 41.4346 43.4263 44.9354 54.5904 0.0 13.1529 48.7567 41.0488 42.4301 26.0 66.5391 31.4999 22.0357 73.9427 23.4307 42.45 42.0513 39.4588 68.6189 73.2468 12.1655 
34.8618 35.2278 30.0167 28.8444 49.5782 17.0294 50.2775 39.6232 55.6058 36.1386 17.8045 58.8218 66.3723 29.6142 44.8219 63.279 55.1245 47.0956 42.029 44.2945 57.2343 36.7696 63.2535 30.4631 34.2603 47.5257 47.0623 40.0 24.4158 47.5079 31.8406 49.2037 53.3999 13.1529 0.0 54.2034 29.6985 30.8444 16.2788 73.7637 38.7245 29.2603 80.926 16.1245 33.121 36.4005 37.6563 67.4284 72.0563 1.0 
41.3653 20.2237 24.3516 57.9126 104.144 63.1506 13.0384 93.9336 68.7306 59.2284 71.9167 11.0454 42.5793 55.3263 14.8661 46.0109 1.0 83.8509 35.5106 68.0294 39.0512 36.6879 17.0 61.2046 49.6488 16.4924 34.4819 17.0294 78.3307 8.06226 75.6812 24.8395 38.6394 48.7567 54.2034 0.0 70.0286 74.4312 70.0945 63.9531 49.7695 48.4317 77.7817 51.4782 65.2763 85.6848 44.2719 39.5601 50.636 53.3432 
52.6006 50.01 47.3814 58.3144 56.3205 13.0618 69.8713 50.3587 85.1856 18.4391 32.7567 70.214 96.048 17.0 56.4358 92.9548 71.0282 72.499 71.7048 73.4306 86.91 37.3363 72.5328 11.4018 63.9361 67.4685 76.7381 53.0848 25.1794 62.0725 16.0312 54.0833 83.0756 41.0488 29.6985 70.0286 0.0 7.2111 35.386 103.439 68.4003 58.9361 110.602 19.6469 9.43398 57.0701 32.249 90.6448 101.732 30.4138 
54.9453 54.231 51.0 59.7852 49.4773 14.2076 73.171 44.0454 86.6749 25.6125 28.2312 75.4321 97.1939 23.6008 61.3922 94.1007 75.4255 68.0294 72.8506 74.5765 88.0559 43.382 78.1089 18.3848 65.0819 70.4883 77.884 57.7062 20.2485 66.6108 10.4403 60.0083 84.2215 42.4301 30.8444 74.4312 7.2111 0.0 30.9186 104.585 69.5462 60.0819 111.544 23.0217 16.6433 52.2015 38.833 98.25 102.878 31.5636 
42.2747 51.225 45.9081 35.222 33.4215 23.0868 66.1686 23.3452 58.8072 47.0425 3.16228 74.8131 73.7852 41.3038 60.959 73.8736 71.0156 37.6962 49.4419 44.8803 64.6472 52.3546 79.3977 40.0125 41.5942 63.4169 54.4753 56.0803 10.8167 63.4003 20.6056 65.437 60.8128 26.0 16.2788 70.0945 35.386 30.9186 0.0 81.1527 46.0659 35.8785 88.1868 29.4109 41.3053 23.0217 52.2015 76.0431 78.6569 16.9706 
55.0127 67.5352 64.6607 46.8806 97.2522 90.6872 51.4198 87.6926 26.3059 103.738 83.5738 74.9667 21.3776 97.9881 72.45 20.8087 63.7887 57.4282 46.4958 39.0128 27.2947 87.1321 80.7527 103.079 39.9856 49.3356 37.0555 69.857 90.5251 66.7608 100.314 84.5044 30.8058 66.5391 73.7637 63.9531 103.439 104.585 81.1527 0.0 35.7467 46.3365 14.0 88.2805 106.587 70.1783 93.5098 25.0 13.3417 73.1189 
19.6977 43.0116 38.2351 14.0357 68.0711 55.648 37.5899 58.0924 21.3776 70.3538 48.487 59.7746 34.7588 63.8855 51.2445 28.4675 50.1597 36.1248 16.0 18.3576 25.6208 59.2161 65.8027 68.572 4.47214 33.541 15.8114 47.0425 55.4383 48.2701 65.2988 62.0 21.7864 31.4999 38.7245 49.7695 68.4003 69.5462 46.0659 35.7467 0.0 10.6301 43.1393 53.2413 71.5475 41.7612 64.2573 37.0167 33.2508 38.0798 
11.0 36.6742 31.257 10.0 63.5146 46.1838 37.2756 53.5359 30.4631 60.7665 39.0943 57.7779 37.3312 57.2443 46.1741 34.238 48.9512 36.3593 13.0009 23.0217 28.1932 50.636 63.6947 59.1077 6.40312 33.0438 18.0278 41.3425 46.0456 45.8821 55.8345 55.5788 24.3588 22.0357 29.2603 48.4317 58.9361 60.0819 35.8785 46.3365 10.6301 0.0 53.7401 43.7771 62.0833 37.3079 55.0818 39.5892 43.8406 28.6155 
62.4164 80.2309 76.9853 53.2541 99.2472 97.8495 65.1153 90.5207 27.8568 113.149 89.0457 88.8144 35.2278 106.681 85.7263 33.2415 77.6466 57.4282 57.0766 41.7852 40.1622 99.4399 94.6414 110.483 47.3814 62.8172 49.3322 82.8734 97.5593 80.2808 107.348 97.719 42.9535 73.9427 80.926 77.7817 110.602 111.544 88.1868 14.0 43.1393 53.7401 0.0 95.6841 113.99 72.5328 105.787 39.0 27.1662 80.2813 
33.1529 31.257 28.0179 43.8634 61.1626 12.083 50.3587 51.6574 70.1864 20.2485 29.5466 53.1413 72.8703 13.6015 38.8973 72.3082 52.469 63.1981 51.0582 59.6154 66.2634 24.0832 56.3649 15.6205 48.7771 47.8539 56.0915 34.9285 35.8467 43.7379 24.2071 39.4081 62.429 23.4307 16.1245 51.4782 19.6469 23.0217 29.4109 88.2805 53.2413 43.7771 95.6841 0.0 19.105 51.6236 22.8473 71.0147 81.0855 16.2788 
51.884 45.8912 44.2719 61.9112 65.4599 18.2483 66.7608 59.0339 88.4926 9.21954 40.05 64.195 88.0228 10.0 51.0098 86.1287 66.2722 78.339 69.7893 77.4145 80.0839 30.4138 65.9242 4.12311 67.0833 64.846 74.8226 48.2597 33.0606 57.2189 24.7386 47.0744 76.2495 42.45 33.121 65.2763 9.43398 16.6433 41.3053 106.587 71.5475 62.0833 113.99 19.105 0.0 64.2957 24.3516 88.4111 94.906 33.6155 
44.6635 69.8335 64.5165 28.2312 27.074 46.0977 74.496 18.0278 44.911 70.0071 24.3311 91.5269 71.9417 64.1249 79.6241 63.6115 86.5506 17.6918 50.2213 31.257 65.1336 73.0686 97.0999 63.0317 38.6264 70.2642 55.0263 74.7073 32.0156 79.9299 41.7612 84.8816 61.2992 42.0513 36.4005 85.6848 57.0701 52.2015 23.0217 70.1783 41.7612 37.3079 72.5328 51.6236 64.2957 0.0 73.9797 76.5296 68.3948 36.6879 
44.5982 27.8029 29.0689 61.7065 83.4707 32.8024 49.0918 74.4999 85.3815 16.1245 52.3927 41.1096 74.411 15.2643 29.4109 72.7187 45.2217 84.0952 62.3972 77.3513 66.4003 7.61577 42.107 21.0238 61.0328 48.4149 56.9244 28.178 49.5839 36.4005 43.1856 23.0868 62.8395 39.4588 37.6563 44.2719 32.249 38.833 52.2015 93.5098 64.2573 55.0818 105.787 22.8473 24.3516 73.9797 0.0 74.2496 81.2158 37.4833 
43.3108 46.7547 45.3431 48.4004 103.029 84.3519 27.7308 93.0505 38.9487 85.2297 78.4643 50.448 5.65685 79.4793 49.7393 14.4222 39.2938 66.8036 31.0483 47.2331 13.0384 67.2086 56.0892 84.3539 38.42 26.6271 21.6155 48.0104 85.4156 43.382 95.2045 61.7738 18.0 68.6189 67.4284 39.5601 90.6448 98.25 76.0431 25.0 37.0167 39.5892 39.0 71.0147 88.4111 76.5296 74.2496 0.0 12.3693 66.7836 
47.9387 54.7083 52.2015 44.3848 95.3913 88.9798 38.0789 85.5711 28.6007 91.7246 81.078 61.6604 8.06226 85.9742 59.2368 9.84886 50.4876 57.6021 34.4819 38.0317 14.8661 74.6324 67.4759 90.8488 37.4897 36.0555 25.0416 56.7979 88.0293 53.4509 98.6306 71.3092 19.2094 73.2468 72.0563 50.636 101.732 102.878 78.6569 13.3417 33.2508 43.8406 27.1662 81.0855 94.906 68.3948 81.2158 12.3693 0.0 71.4116 
34.217 34.4093 29.1548 28.3019 50.3289 17.8045 49.4173 40.3113 55.0 36.4005 18.6011 58.0086 65.7275 29.8329 44.0454 62.6343 54.2643 47.0425 41.3842 43.8292 56.5895 36.4005 62.482 30.8707 33.6155 46.6656 46.4176 39.2046 25.2389 46.6476 32.5599 48.6004 52.7551 12.1655 1.0 53.3432 30.4138 31.5636 16.9706 73.1189 38.0798 28.6155 80.2813 16.2788 33.6155 36.6879 37.4833 66.7836 71.4116 0.0 
DEMAND_SCENARIO_SECTION
0 0 0 0 0 0 0 0 0 0 0 0 0 0 0 0 0 0 0 0 0 0 0 0 0 0 0 0 0 0 0 0 0 0 0 0 0 0 0 0 0 0 0 0 0 0 0 0 0 0 0 0 0 0 0 0 0 0 0 0 0 0 0 0 0 0 0 0 0 0 0 0 0 0 0 0 0 0 0 0 0 0 0 0 0 0 0 0 0 0 0 0 0 0 0 0 0 0 0 0 0 0 0 0 0 0 0 0 0 0 0 0 0 0 0 0 0 0 0 0 0 0 0 0 0 0 0 0 0 0 0 0 0 0 0 0 0 0 0 0 0 0 0 0 0 0 0 0 0 0 0 0 0 0 0 0 0 0 0 0 0 0 0 0 0 0 0 0 0 0 0 0 0 0 0 0 0 0 0 0 0 0 0 0 0 0 0 0 0 0 0 0 0 0 0 0 0 0 0 0 
8 7 7 6 6 3 6 5 7 4 7 5 10 3 7 7 7 4 5 7 9 8 2 5 4 6 9 6 4 7 4 8 5 5 9 5 7 8 6 8 5 5 5 5 8 4 6 6 4 9 6 6 4 7 4 5 9 6 8 6 6 4 6 5 4 6 7 7 4 8 4 5 7 4 7 10 6 7 8 2 4 6 6 5 7 5 8 9 9 6 7 5 5 4 3 8 6 5 4 6 7 4 7 2 6 4 8 7 6 4 6 6 10 7 2 6 6 7 6 8 6 7 5 3 6 8 7 4 5 6 6 4 4 6 8 3 5 5 5 6 6 3 5 6 5 4 6 11 6 10 8 5 6 5 7 5 7 4 7 11 6 5 9 5 4 5 6 2 6 2 7 6 5 5 9 7 9 6 6 2 5 7 6 7 7 9 8 11 5 5 6 8 10 5 6 2 6 2 5 5 
5 3 1 5 2 3 5 3 4 3 2 5 5 4 4 5 4 3 4 6 3 4 4 4 4 6 6 4 5 4 5 3 4 6 4 5 4 4 6 3 2 5 5 7 6 2 6 6 5 4 4 3 4 3 2 4 6 4 4 4 3 4 4 6 3 6 4 6 6 4 6 4 5 1 3 3 1 2 5 5 3 4 4 4 4 4 5 5 7 6 3 3 0 4 5 4 4 1 5 3 6 3 5 4 2 2 4 4 0 5 5 4 3 6 1 5 2 5 2 5 3 4 4 3 6 3 2 5 4 5 4 4 5 5 6 4 5 4 6 1 4 3 4 3 4 2 4 3 4 5 1 2 2 3 0 5 5 2 4 5 2 4 4 3 4 3 4 3 3 5 6 6 4 4 2 2 8 4 3 6 4 4 3 3 4 5 4 5 6 4 5 4 5 1 4 4 3 5 3 3 
1 1 1 1 1 1 1 1 1 1 1 1 1 1 1 1 1 1 0 1 2 1 1 1 2 1 1 0 2 1 1 1 1 1 1 1 1 1 1 1 1 2 1 1 1 1 1 0 1 1 1 1 1 1 1 1 1 1 1 1 1 1 1 1 1 1 1 1 1 1 2 1 1 1 0 1 1 0 1 1 1 1 1 0 1 0 1 1 1 1 1 0 0 1 1 1 1 2 1 1 1 1 1 1 0 1 1 1 0 1 1 1 1 1 1 1 2 1 1 1 1 1 1 2 2 2 1 1 1 1 1 1 1 0 1 1 1 1 1 0 1 1 1 1 0 1 0 1 2 1 2 1 1 1 1 1 1 1 1 1 1 1 1 1 1 1 1 1 1 1 1 1 1 1 1 1 1 2 1 1 1 1 1 2 1 1 1 1 1 1 1 1 1 0 1 0 1 1 1 1 
3 2 3 3 2 1 3 3 2 2 2 3 1 2 3 3 3 2 3 2 4 4 3 2 3 3 3 5 3 5 5 3 4 2 4 3 4 3 5 2 3 3 2 1 4 4 1 4 5 2 4 2 4 3 2 4 3 1 2 4 1 4 2 2 3 3 3 4 1 4 2 4 3 3 3 3 3 4 2 2 5 2 2 2 5 3 3 3 2 6 4 2 3 5 2 2 3 0 2 4 3 5 3 2 2 3 3 2 6 4 3 3 4 4 2 3 4 3 4 3 3 3 2 3 1 1 1 3 2 3 4 1 3 3 4 4 1 4 1 4 3 2 3 4 1 4 4 5 3 2 4 5 4 2 4 4 3 1 3 3 2 3 2 3 4 2 3 2 3 3 5 5 3 3 3 2 3 3 3 3 5 1 2 4 4 3 4 1 3 2 2 3 5 2 3 3 3 1 5 3 
11 9 10 7 9 10 8 12 9 2 7 10 6 8 7 9 9 12 8 4 4 7 8 8 9 5 10 12 5 6 8 8 9 7 6 5 6 8 7 5 9 6 8 6 6 11 8 9 4 10 5 4 8 6 3 7 1 2 12 5 6 5 9 8 9 6 8 6 11 6 6 4 11 4 7 6 9 6 9 9 7 9 7 10 7 7 8 8 7 9 6 6 7 5 10 7 8 10 8 10 12 5 7 7 5 7 8 9 10 5 6 3 14 9 5 7 8 11 6 5 6 4 10 7 10 5 7 8 4 4 12 7 8 7 7 9 5 6 7 3 6 10 4 7 5 4 6 5 9 10 6 8 6 3 9 6 9 10 10 8 3 6 2 2 7 9 11 8 9 10 6 2 8 6 9 7 7 8 7 3 8 9 3 11 9 9 7 3 4 7 5 6 10 11 7 10 4 9 6 5 
12 8 9 2 2 11 9 9 7 8 6 9 8 10 6 7 12 5 7 5 9 8 1 7 7 8 6 10 13 5 12 9 12 15 5 7 11 9 9 12 9 10 5 8 7 12 13 9 9 9 3 8 7 9 7 6 9 10 4 9 9 13 10 7 8 6 9 4 5 11 9 11 11 9 8 9 7 3 4 7 13 11 9 11 8 8 9 9 5 12 3 7 10 11 4 6 10 5 9 13 9 7 7 6 9 7 7 7 7 9 3 8 9 10 9 7 5 8 9 4 8 9 7 9 7 9 10 11 8 7 10 9 9 6 5 12 10 9 9 4 1 8 5 8 8 7 13 8 12 7 11 9 6 8 8 6 14 9 7 11 9 4 9 8 8 7 9 3 9 6 4 10 5 7 5 7 4 11 4 10 8 7 6 10 3 6 6 6 8 8 11 8 3 2 8 10 7 5 3 3 
5 8 3 5 5 4 3 7 5 5 4 5 4 4 6 3 6 5 5 5 5 5 3 5 5 3 4 2 6 5 3 6 2 4 8 8 8 4 4 3 2 7 5 5 4 6 3 4 2 6 7 7 6 6 6 4 6 7 6 5 4 6 3 2 2 4 5 4 3 9 5 4 6 4 4 4 5 7 2 4 5 8 4 3 3 7 2 5 8 7 5 3 5 4 3 5 5 4 4 5 6 4 6 6 8 6 3 2 7 8 4 7 3 6 5 7 8 4 6 2 4 2 7 6 3 5 4 4 6 8 5 6 6 7 3 8 4 6 6 5 7 5 6 5 5 4 4 5 6 7 6 3 2 6 7 5 4 5 4 7 6 3 5 4 5 4 5 2 2 5 6 6 5 5 2 4 6 6 3 5 3 7 3 5 5 7 4 2 4 3 6 6 8 5 4 3 2 5 4 4 
6 2 1 3 3 4 6 3 4 6 4 4 1 6 5 6 3 6 4 5 4 4 2 5 5 5 4 6 4 3 6 5 3 4 4 5 4 2 4 3 6 4 0 5 3 3 4 4 5 5 4 6 2 4 4 3 3 4 3 3 4 2 3 4 6 4 5 3 2 4 6 2 5 3 4 4 5 3 4 6 5 4 4 2 4 5 5 4 3 3 3 4 4 6 3 4 4 3 3 3 2 3 6 5 2 7 4 3 5 4 2 5 5 3 0 3 3 6 1 4 3 3 4 3 5 5 3 4 4 4 5 0 5 3 5 3 1 4 6 4 3 3 4 4 5 3 4 5 5 6 4 6 3 4 6 2 4 4 5 7 3 2 4 4 4 6 4 2 5 4 5 6 6 5 4 4 4 3 3 4 3 3 6 5 5 4 3 2 5 6 4 4 3 5 4 5 7 5 4 5 
1 1 1 1 1 1 1 1 1 1 1 2 0 1 1 1 1 1 1 1 1 1 1 1 1 1 1 2 1 0 1 1 1 1 1 1 1 1 1 1 1 1 2 1 1 1 1 1 1 1 1 0 0 1 1 1 1 1 1 1 1 1 1 1 1 1 1 1 1 1 1 1 1 1 1 0 1 0 1 1 1 1 1 1 1 1 1 1 1 1 1 1 1 1 1 1 1 1 1 1 1 1 1 0 2 1 1 1 1 1 1 1 1 1 1 1 1 1 1 1 1 1 0 1 1 1 1 2 1 1 0 1 1 1 1 1 0 0 1 1 1 1 1 1 1 1 1 1 1 1 1 1 1 1 1 1 1 1 0 1 1 1 1 1 1 1 1 1 1 1 1 0 1 1 1 1 1 1 2 1 0 1 1 0 1 1 1 1 1 1 1 0 1 1 1 1 0 1 1 1 
7 16 4 8 11 7 10 14 10 16 8 9 9 4 8 7 11 7 6 8 7 8 10 9 8 10 11 4 8 10 8 7 9 13 9 12 7 15 15 3 11 4 7 11 6 7 6 9 10 6 8 10 14 12 7 11 10 7 11 10 1 10 9 7 11 16 7 8 8 9 7 8 4 10 11 12 11 8 5 16 12 10 3 10 7 5 11 9 10 11 9 5 8 7 4 4 6 13 9 5 11 9 15 10 9 10 8 10 9 12 9 9 7 4 6 5 13 11 11 7 10 9 8 15 2 8 11 4 9 10 14 7 9 8 7 3 8 10 9 10 7 14 8 6 13 12 9 9 9 10 9 11 6 9 8 5 7 12 8 11 18 9 14 5 12 6 9 14 11 7 12 7 16 7 12 7 10 8 12 13 6 5 10 7 9 11 7 15 11 10 3 9 4 10 5 6 8 9 6 6 
10 16 12 10 9 10 8 5 6 12 11 11 6 10 8 12 9 9 9 8 9 13 9 9 6 8 8 3 7 3 9 10 12 13 9 11 9 17 5 13 6 5 14 9 8 7 6 13 5 11 9 13 10 7 6 7 15 12 8 6 7 6 5 8 10 4 12 12 10 10 10 8 6 7 5 10 2 14 6 8 12 6 13 13 12 9 8 12 13 5 10 12 7 11 13 12 7 6 8 9 7 13 15 9 10 13 6 6 9 12 7 9 10 11 15 6 11 6 11 6 14 3 6 11 6 9 11 15 8 4 9 8 12 9 8 12 13 13 9 5 3 11 12 12 13 8 8 8 8 13 8 6 8 4 12 9 6 8 11 12 8 9 13 4 8 6 14 8 7 7 6 6 7 2 8 11 4 14 11 9 6 9 10 6 8 5 6 3 11 11 7 10 8 5 12 17 14 8 10 4 
6 7 8 5 4 3 5 6 6 6 7 4 5 9 4 5 3 8 4 4 5 7 4 4 3 6 5 4 2 4 5 7 5 4 4 3 5 6 2 2 2 7 3 3 5 4 5 4 6 5 7 6 4 6 6 9 3 7 2 4 5 6 3 5 6 4 7 8 2 6 6 6 3 3 7 5 5 6 8 6 5 7 6 4 4 4 6 7 6 3 6 6 5 4 6 4 6 7 5 4 7 4 7 5 5 7 5 6 4 6 2 3 7 6 5 7 7 6 7 5 6 6 3 5 4 2 7 5 6 6 6 7 7 6 5 6 5 6 6 5 4 3 6 6 6 6 3 3 6 7 6 3 6 6 3 5 6 6 5 8 5 5 4 4 7 5 8 6 7 7 2 2 4 6 7 3 6 4 7 4 6 4 7 9 4 3 6 5 4 5 4 6 5 3 4 6 8 6 5 4 
2 2 1 3 2 1 1 3 2 2 3 2 1 1 1 2 2 2 3 1 2 2 2 3 1 2 1 1 2 2 1 2 2 1 2 1 4 1 1 2 2 2 1 2 2 2 2 3 2 2 1 2 3 3 1 1 2 3 2 2 2 2 2 2 1 1 1 2 2 2 3 2 2 1 2 1 1 2 3 3 2 2 2 2 2 2 1 2 2 2 1 1 2 2 1 3 1 3 2 2 2 2 2 2 3 2 3 2 2 1 2 2 3 1 1 3 2 2 2 2 2 1 3 0 3 2 2 2 1 3 1 1 1 3 3 1 3 1 2 3 3 2 2 2 3 2 2 2 1 2 1 2 2 2 2 3 1 2 2 4 2 2 4 2 2 2 3 2 2 3 2 2 1 2 2 2 2 1 2 2 1 2 2 2 3 2 3 2 3 2 2 2 1 1 2 2 2 2 1 2 
10 12 6 8 15 9 11 10 9 5 13 7 5 3 4 5 3 9 6 10 4 8 6 5 5 10 8 11 17 8 13 4 7 8 6 7 13 10 11 4 4 9 8 15 11 14 10 9 7 14 13 10 12 9 9 8 16 10 7 6 8 5 10 8 6 9 7 8 6 12 5 7 9 9 6 12 5 13 9 8 9 12 6 7 9 8 6 3 13 16 10 5 7 12 9 8 8 6 8 11 12 3 4 9 9 9 12 12 10 7 10 5 7 8 8 4 7 5 4 8 15 4 15 7 7 7 6 13 10 10 10 9 10 11 9 6 9 9 8 11 13 8 12 8 8 10 10 10 13 10 6 9 17 16 9 6 5 4 4 10 13 7 14 7 8 4 4 5 12 9 7 10 10 8 7 13 13 9 9 11 11 11 12 5 12 12 7 8 11 8 9 3 10 10 9 5 10 7 10 10 
2 3 2 1 2 1 1 2 1 2 3 3 0 2 3 2 3 1 3 3 2 1 2 1 2 3 2 2 2 3 2 3 1 1 3 2 0 2 2 2 3 1 2 2 2 1 2 2 2 2 3 2 3 3 3 2 1 2 1 2 3 2 2 2 2 2 2 0 2 2 2 2 3 2 2 2 2 3 0 2 2 1 2 1 1 2 2 3 2 2 2 2 3 1 1 1 1 2 3 2 2 2 3 2 2 2 1 3 3 2 2 2 3 1 1 2 2 2 3 2 1 2 3 2 1 1 3 0 2 2 1 2 2 3 2 2 2 3 2 2 3 2 2 2 2 2 2 2 2 2 3 3 2 1 2 2 3 1 2 2 1 1 2 3 2 2 1 2 3 2 2 2 1 2 2 2 1 2 2 1 1 1 1 3 1 2 2 2 3 2 2 2 2 2 2 3 2 3 2 3 
2 3 4 6 5 3 5 3 4 8 6 2 5 4 4 5 3 4 5 5 5 3 4 3 4 5 5 7 5 5 4 5 6 3 4 2 3 4 6 2 5 3 3 4 5 4 1 3 4 4 4 4 7 2 3 5 8 4 2 3 2 4 6 1 4 5 5 3 4 3 1 3 3 7 5 5 3 4 3 4 2 3 8 3 4 4 3 6 5 4 3 4 4 4 3 3 1 5 5 7 5 3 3 4 5 5 6 4 2 3 4 4 2 3 3 6 4 3 4 4 4 2 5 4 3 5 6 4 2 5 8 6 3 4 3 3 2 7 4 5 3 3 5 4 3 2 4 5 4 6 6 6 4 4 8 3 3 5 5 4 3 3 6 4 3 3 4 5 5 4 5 6 4 3 5 6 6 6 3 6 3 3 6 3 4 6 5 0 4 4 3 6 3 4 1 2 3 3 7 3 
9 3 6 8 6 10 7 8 6 8 11 7 8 8 7 5 7 2 11 7 4 9 8 7 7 6 7 6 10 9 9 7 9 6 10 10 5 8 5 7 7 8 8 10 7 6 8 4 7 7 8 3 6 3 13 2 9 10 14 10 8 11 7 5 8 10 9 4 6 6 5 6 7 5 4 7 7 6 9 7 8 3 3 8 4 4 9 7 5 8 4 7 11 4 6 4 2 4 6 9 3 5 7 8 3 10 6 5 8 7 7 7 6 9 6 8 6 8 8 7 8 3 6 8 5 7 5 3 10 4 9 9 6 12 10 5 3 6 6 8 12 5 6 7 7 3 9 6 10 12 5 8 8 7 3 7 6 7 6 5 4 11 2 7 5 4 8 11 3 7 2 5 7 7 10 9 7 13 4 7 4 8 5 5 8 13 2 4 6 9 11 8 3 5 8 13 8 8 8 7 
3 4 5 6 3 4 5 5 4 8 3 5 5 5 5 7 4 7 7 6 4 7 6 3 6 6 6 6 5 2 5 8 5 4 5 7 5 7 5 5 5 4 5 5 3 6 6 6 5 4 6 6 7 4 3 4 3 6 4 4 4 7 2 8 7 4 7 8 3 5 9 8 5 6 5 2 6 3 6 8 1 6 6 6 4 5 6 7 5 5 3 5 2 5 8 6 5 4 4 5 4 3 5 5 3 8 7 2 4 4 6 5 6 4 6 5 6 4 4 2 7 7 5 4 4 4 8 4 3 6 7 6 5 3 7 8 4 4 4 7 4 3 3 6 7 3 9 5 5 6 5 3 5 6 4 8 5 4 5 5 6 4 3 3 4 4 4 3 3 6 6 5 3 5 5 7 5 4 2 5 7 7 5 6 4 5 0 7 5 7 6 7 8 5 4 4 4 10 2 5 
7 9 10 6 9 6 10 6 9 12 6 7 12 9 8 7 11 4 6 7 5 7 7 6 8 13 10 11 7 12 13 14 6 8 5 8 8 15 8 13 15 12 9 6 8 10 9 9 14 9 10 7 6 11 8 5 10 10 12 10 11 10 9 9 6 11 9 8 7 6 6 9 12 13 8 7 10 10 1 6 7 14 10 2 6 6 12 7 7 5 9 12 7 8 5 5 6 10 6 14 6 8 12 14 8 13 8 8 5 7 7 10 8 8 8 7 6 7 7 16 5 4 9 13 6 9 2 7 6 12 6 11 8 10 6 4 10 6 8 13 7 12 7 10 6 12 7 9 10 8 10 9 12 9 11 7 8 3 12 11 11 13 8 7 16 4 10 10 7 9 6 3 10 9 6 15 7 10 10 6 8 9 13 8 6 8 7 6 5 10 9 7 13 6 8 6 16 7 13 9 
5 11 13 8 11 7 10 9 7 5 9 9 9 12 9 6 10 10 12 9 7 9 8 10 7 6 5 6 9 14 6 6 9 1 14 4 7 13 8 9 11 12 8 11 7 12 13 9 5 5 6 9 9 6 13 9 7 6 14 1 9 10 6 8 10 7 6 7 12 7 5 3 8 9 7 10 9 10 7 8 6 10 6 6 7 11 8 6 6 11 8 9 6 7 9 6 9 8 8 5 6 11 8 6 10 8 12 12 6 13 4 10 8 8 10 7 9 8 9 7 9 10 9 8 10 2 10 6 7 2 6 6 6 9 9 2 9 8 12 13 9 9 5 8 14 13 2 2 5 10 10 9 10 11 6 11 10 10 6 5 10 9 12 10 12 1 10 4 9 6 10 9 4 4 10 5 3 8 8 1 7 6 10 6 5 8 5 7 7 10 10 7 16 10 11 8 10 8 4 4 
13 9 7 4 9 6 6 11 10 3 12 10 10 14 9 11 16 16 0 10 13 17 3 4 14 4 10 13 8 12 8 13 9 7 9 10 9 8 16 13 8 11 16 12 14 9 15 6 14 11 12 11 5 13 11 10 8 10 13 7 6 13 8 9 6 12 12 6 13 6 5 8 9 11 12 12 15 14 8 6 6 17 11 8 12 4 8 15 8 7 7 10 5 9 10 10 12 5 10 4 8 12 10 9 6 9 2 13 4 11 12 13 16 7 11 5 14 8 14 15 6 8 12 6 11 7 10 11 10 9 10 12 10 15 13 13 11 6 7 10 14 13 10 5 8 9 8 7 14 11 8 11 15 8 7 5 6 12 10 4 10 5 11 9 10 10 12 4 8 16 9 11 12 14 8 10 12 7 8 12 10 9 6 6 16 9 7 11 16 10 15 7 6 15 8 5 11 8 12 6 
7 8 9 8 7 8 9 9 12 9 11 6 10 13 15 9 10 11 14 12 8 9 12 9 7 3 10 6 9 7 6 7 10 8 7 13 4 4 7 4 8 5 12 14 8 8 4 9 9 13 16 8 9 10 6 9 7 14 10 11 7 3 15 10 10 5 11 10 2 8 7 8 14 7 0 9 11 12 9 13 9 8 7 11 13 9 10 9 16 8 13 8 10 10 6 9 12 10 6 12 13 6 9 14 6 13 10 9 11 12 7 5 9 4 2 12 10 12 10 6 6 15 4 9 10 7 8 9 8 6 4 5 9 8 8 12 9 7 18 9 10 5 15 8 13 12 12 4 8 5 8 10 11 8 11 11 7 4 7 8 7 11 9 11 6 7 5 12 8 9 7 10 9 3 10 8 12 10 6 10 5 7 10 9 9 2 5 8 12 4 7 6 11 7 9 8 11 7 10 5 
2 3 4 3 3 2 3 3 3 1 4 3 2 2 3 3 2 3 4 5 4 4 2 4 4 1 2 3 3 3 3 3 3 5 2 3 5 3 4 4 1 3 3 4 3 3 3 3 3 5 2 2 3 2 3 5 2 2 4 3 3 1 3 3 2 2 2 3 3 2 3 4 3 4 2 3 4 2 3 4 2 4 2 1 3 3 5 2 3 4 3 2 5 4 2 3 3 2 4 3 3 3 3 5 5 2 3 3 3 3 3 1 3 3 4 2 4 1 1 3 4 5 3 4 3 4 3 3 4 4 3 5 4 3 3 3 2 3 4 4 2 1 2 1 2 2 3 3 2 2 3 4 4 3 6 2 3 3 1 4 4 4 4 3 1 3 6 2 2 3 3 2 2 3 2 5 5 3 3 4 3 4 4 1 4 3 2 3 2 4 4 3 2 2 0 4 4 3 3 1 
12 13 18 17 4 17 13 5 12 12 15 12 6 11 10 11 14 1 8 12 11 10 15 12 5 12 10 11 13 8 8 19 11 5 4 13 8 16 4 7 9 5 6 16 4 8 9 6 15 9 14 10 10 7 7 8 5 7 12 12 7 5 15 13 11 9 5 12 7 13 13 11 7 13 9 8 12 15 13 11 8 14 11 5 15 10 4 12 13 10 12 7 14 5 7 12 17 12 14 10 15 8 10 11 10 11 11 7 10 8 10 14 11 11 6 8 9 3 10 10 12 8 15 9 11 17 12 6 9 14 13 13 8 10 12 11 10 12 11 13 13 9 10 6 7 14 4 11 7 12 8 12 9 13 14 7 13 9 8 16 13 15 14 7 12 14 6 6 13 6 10 13 7 10 11 7 11 13 6 7 8 13 10 5 5 6 17 9 8 6 5 16 16 6 6 10 14 13 5 12 
5 6 6 4 4 4 7 3 3 6 4 4 3 4 4 2 4 4 2 5 3 4 6 5 3 6 4 3 7 3 4 4 3 5 4 3 6 6 3 4 1 4 4 4 4 5 5 4 6 3 5 4 3 5 4 4 5 4 3 5 7 4 2 5 1 3 3 2 1 5 3 3 4 3 3 5 1 2 5 2 3 4 4 4 6 4 4 7 4 5 4 7 5 3 2 6 3 6 4 5 5 4 2 6 4 6 0 3 5 5 4 5 2 2 2 2 4 4 5 3 4 3 5 3 5 2 5 3 5 4 4 3 5 4 3 4 5 2 6 4 4 6 3 4 3 1 3 5 6 3 4 4 4 6 2 4 5 5 3 5 4 4 4 3 3 4 4 4 4 3 5 2 5 6 4 2 2 5 4 2 2 4 3 3 3 6 5 4 4 6 4 3 2 3 2 4 3 5 5 5 
10 5 6 8 13 10 5 8 13 10 10 10 11 4 11 6 8 12 7 10 16 4 12 16 14 10 12 5 14 7 9 7 7 14 14 8 9 11 11 14 7 10 2 6 12 14 13 10 9 12 12 12 11 11 7 9 6 6 11 8 12 14 10 6 10 14 10 9 9 10 18 9 8 6 13 10 13 8 5 7 9 10 7 11 15 11 9 12 3 6 14 13 7 11 10 13 9 10 7 17 6 13 16 12 12 9 10 15 8 12 0 9 13 9 12 13 11 13 15 12 6 11 11 10 13 12 17 14 13 11 8 12 12 11 9 9 17 6 10 3 12 12 7 13 8 11 12 11 6 8 6 7 19 13 8 9 11 6 20 9 6 13 10 6 2 15 13 11 9 6 3 13 11 10 10 13 10 15 12 11 12 6 14 5 5 7 7 5 6 8 10 5 15 10 10 9 6 12 8 8 
1 10 9 8 14 12 8 3 8 7 6 11 2 1 8 9 9 11 10 10 11 10 5 6 10 6 6 13 7 10 12 6 5 8 12 11 13 12 8 8 6 13 6 4 5 10 10 7 6 7 8 7 11 7 9 6 12 8 4 11 9 5 6 7 9 6 6 7 9 14 9 6 2 9 3 12 4 10 10 4 12 12 10 5 10 9 9 8 11 7 8 11 15 6 5 11 2 8 6 5 7 7 4 7 6 11 10 5 12 4 10 5 6 9 7 15 11 10 6 10 11 8 10 8 9 7 3 7 13 5 10 11 10 7 14 6 11 8 9 10 11 12 10 4 5 10 10 5 9 8 8 9 5 10 10 5 5 13 4 5 7 10 5 9 5 10 6 8 7 12 4 13 8 10 7 7 1 3 9 7 10 10 8 7 10 10 6 8 13 7 6 5 6 4 13 8 7 12 8 6 
4 4 2 4 4 2 4 4 4 6 7 5 3 5 3 3 5 5 4 2 2 1 4 5 3 2 6 2 6 4 2 4 5 4 4 4 4 0 2 4 6 5 4 3 3 4 4 7 3 2 2 4 1 5 4 3 4 2 4 4 4 5 6 3 3 5 3 4 2 5 6 3 5 5 2 1 5 1 2 3 4 4 5 3 3 6 5 2 4 4 4 5 2 2 3 4 2 4 3 2 4 6 4 4 2 5 4 3 3 5 4 4 5 6 4 4 2 2 5 3 4 5 5 3 3 5 4 6 5 4 4 2 2 3 3 4 4 3 3 4 4 2 5 2 5 4 4 1 5 4 5 4 3 4 3 5 4 4 2 4 3 2 0 4 5 2 6 4 3 3 6 3 5 4 2 5 5 3 5 7 4 2 4 4 4 3 4 3 4 3 6 3 4 4 4 4 4 4 1 5 
3 4 4 4 2 3 2 3 3 2 3 3 4 4 4 3 3 2 3 4 2 3 3 3 1 4 2 2 3 3 5 2 3 3 2 2 2 3 3 5 4 3 2 3 4 4 3 4 4 4 4 3 3 4 5 1 0 3 4 3 1 4 2 4 2 3 4 2 4 2 2 4 2 2 4 3 1 4 5 2 3 2 3 4 5 2 3 4 2 2 4 4 5 3 4 3 2 1 1 6 4 3 2 3 4 3 4 3 3 1 2 5 3 3 4 5 2 4 2 2 2 2 3 3 2 2 4 2 4 4 4 4 4 3 3 3 2 2 2 3 4 1 2 2 3 2 5 3 2 3 0 4 2 2 4 4 3 3 5 3 4 4 3 3 2 4 3 5 4 3 2 2 1 5 4 4 3 3 3 3 5 3 4 3 5 3 2 3 2 2 2 3 3 4 3 1 3 4 2 2 
8 7 14 7 15 3 8 12 12 7 6 16 8 10 5 10 8 11 12 2 8 9 11 8 9 12 14 14 5 6 9 5 7 11 12 8 10 7 7 14 11 8 6 16 8 13 8 14 13 2 10 6 6 9 5 10 16 10 5 10 9 7 11 6 14 8 9 7 8 7 8 9 12 3 13 7 7 7 8 12 0 5 10 10 14 10 8 7 11 3 11 8 7 4 5 9 9 10 9 11 6 9 8 12 9 10 11 6 13 3 7 7 10 10 10 15 11 11 11 10 10 5 13 5 5 6 11 9 13 11 14 12 9 11 8 9 6 13 16 2 4 15 9 9 9 7 8 9 13 12 8 9 9 11 8 5 5 16 6 11 12 11 8 5 9 11 8 12 1 11 4 13 12 14 6 2 7 12 10 7 8 7 4 5 8 5 7 10 8 9 13 6 11 6 9 8 8 8 8 6 
2 1 2 2 2 2 2 2 2 3 2 2 2 3 2 2 1 2 2 3 2 3 2 3 2 2 2 1 2 2 3 2 2 2 3 2 2 2 2 1 2 2 2 0 2 3 2 2 3 3 3 3 2 2 3 3 2 1 1 1 3 2 1 1 1 2 2 2 2 2 2 3 2 1 2 2 1 2 4 3 1 2 2 2 2 2 2 2 2 2 2 3 3 2 1 2 3 2 2 2 2 2 2 2 2 2 3 1 2 3 2 2 2 2 2 3 1 2 2 3 2 2 1 2 2 3 1 2 2 3 3 2 2 2 2 2 1 0 2 3 1 3 3 4 2 2 3 2 2 3 3 2 3 1 2 2 1 2 2 2 2 2 2 2 3 1 2 2 2 3 2 2 2 1 1 3 2 2 1 2 3 2 3 3 2 0 2 2 1 2 2 2 2 2 2 1 3 2 3 2 
6 4 7 6 3 6 5 2 4 6 4 6 5 6 4 7 6 7 8 6 6 5 10 7 3 4 3 3 4 6 5 2 5 3 3 3 5 6 3 5 4 5 6 6 3 8 4 6 6 2 4 5 4 7 7 4 4 7 6 4 5 6 6 7 5 5 3 5 6 6 3 4 6 7 5 5 4 4 5 6 6 7 3 6 7 6 4 4 5 7 3 3 4 4 5 5 5 6 4 5 4 11 6 6 3 1 5 4 5 4 4 3 4 5 3 5 4 6 7 7 1 4 7 6 5 4 5 2 5 6 8 7 6 8 6 9 7 8 6 3 6 4 6 3 3 5 5 3 4 6 4 7 6 5 3 5 6 6 6 7 5 4 6 9 4 6 8 4 6 4 4 3 5 6 4 6 3 4 6 6 3 5 5 7 5 8 4 4 5 7 5 6 5 3 8 4 5 3 3 7 
5 4 4 4 3 7 4 6 5 4 4 4 3 7 2 4 3 6 4 3 4 5 5 4 3 4 3 4 2 6 4 3 5 5 3 5 5 7 5 4 5 4 5 5 3 2 3 4 5 3 2 5 4 3 2 3 4 4 4 4 3 4 6 4 4 4 7 5 6 5 5 8 3 5 6 4 4 5 4 4 4 5 3 6 3 5 5 3 5 4 5 3 3 5 2 3 5 2 4 4 5 3 4 5 6 4 5 6 2 3 5 6 4 3 5 3 4 4 4 3 4 2 2 3 5 5 6 3 2 3 4 3 3 2 3 6 6 5 4 4 6 5 2 4 4 3 5 4 5 7 5 3 4 5 3 3 2 5 4 3 5 5 2 3 3 2 3 0 7 6 4 3 2 3 4 3 2 4 2 3 3 4 6 3 4 4 3 3 4 4 4 4 3 5 3 5 5 4 5 2 
10 7 9 7 5 4 7 5 7 5 9 9 4 10 7 7 5 6 5 9 6 8 7 3 7 9 6 7 3 8 7 9 7 5 12 8 9 6 9 2 6 0 6 8 9 6 7 10 7 7 10 6 5 12 6 7 9 4 11 6 7 3 6 3 7 8 6 7 9 6 9 1 3 6 7 9 7 8 10 5 5 10 7 3 10 6 6 7 3 9 2 9 9 9 8 2 0 4 7 10 5 11 5 7 9 7 8 4 6 7 11 9 8 7 8 9 5 5 10 8 7 8 7 10 4 8 8 9 6 8 9 8 11 7 6 4 8 10 7 9 4 11 8 9 8 7 6 9 7 7 3 3 6 7 0 7 9 7 9 8 3 12 8 6 6 5 8 6 3 7 6 1 10 4 4 7 6 5 5 8 8 13 5 8 6 13 10 8 8 8 6 0 5 9 7 7 5 3 4 5 
1 1 1 1 1 1 1 1 1 1 1 1 1 1 1 2 1 1 1 1 1 1 1 1 1 1 1 1 1 1 1 1 1 1 1 0 1 1 0 1 1 1 1 1 1 1 1 1 0 1 1 1 1 1 1 1 1 2 1 1 1 1 1 1 1 1 0 1 1 2 1 1 1 2 1 1 2 1 1 1 1 1 1 2 1 1 1 1 1 1 1 1 1 1 1 1 1 1 1 1 1 1 1 2 2 1 1 1 1 1 1 1 2 2 1 1 1 1 1 1 1 1 1 1 1 1 1 1 1 1 0 1 1 0 1 0 1 1 2 1 1 1 1 2 1 1 1 1 1 1 1 1 1 1 1 1 1 1 1 1 1 1 1 1 1 1 1 2 1 0 1 1 1 0 1 1 1 1 1 1 0 1 1 1 1 1 0 1 1 1 1 1 1 1 1 1 2 1 1 1 
10 11 5 10 10 4 8 2 7 12 10 7 10 3 9 8 9 9 11 6 9 7 7 10 5 8 15 5 8 7 8 11 8 6 12 7 5 9 5 5 11 11 6 8 9 1 5 6 10 10 7 7 8 11 3 5 11 8 7 8 9 10 10 5 6 9 6 7 13 11 10 8 11 7 12 9 9 12 14 8 11 9 5 10 7 6 8 4 7 12 8 5 13 8 4 2 11 8 11 5 7 8 11 8 5 4 10 5 11 7 3 6 6 6 11 7 6 13 8 7 10 7 10 7 5 11 10 7 7 7 7 12 9 10 6 4 10 6 9 7 6 9 8 6 11 6 12 14 4 2 7 8 10 12 12 11 10 9 5 10 5 8 4 10 7 10 3 5 10 13 9 2 10 9 11 7 12 10 8 7 16 9 7 9 6 7 3 13 7 5 13 10 9 7 10 8 11 3 15 7 
8 10 6 11 8 7 6 6 7 9 12 6 8 4 11 5 9 8 5 5 8 3 8 6 6 5 5 4 7 9 7 9 10 4 7 3 5 8 9 4 6 12 8 9 10 9 6 7 6 4 5 6 9 4 6 7 5 10 6 8 13 3 6 7 5 8 9 6 8 6 5 6 5 11 9 7 4 10 7 3 5 8 8 5 9 4 9 6 5 4 6 8 11 4 9 9 11 8 6 9 6 7 9 3 7 9 10 7 9 8 8 12 13 8 8 9 4 10 4 6 5 7 8 7 4 9 5 2 1 10 4 9 6 7 6 5 5 3 8 7 7 10 8 6 9 6 5 6 6 9 9 4 5 8 7 9 7 4 6 9 10 4 8 6 4 6 10 8 10 0 4 4 6 9 5 9 9 7 8 7 7 3 9 7 9 8 7 12 8 7 8 10 4 11 10 7 6 9 8 11 
8 6 13 6 6 8 8 6 6 11 8 11 8 6 10 9 6 9 5 7 9 5 10 8 6 4 4 10 6 8 6 8 9 4 11 0 8 5 6 8 5 4 9 8 6 4 5 3 4 3 4 9 14 4 5 3 3 10 7 8 6 3 6 5 7 10 3 8 8 6 11 2 10 5 7 5 5 9 6 9 3 4 8 8 4 10 8 11 6 4 6 12 9 8 11 7 4 3 8 9 4 8 7 3 8 8 10 4 9 9 10 5 6 5 7 8 4 3 9 7 10 5 7 6 11 8 7 5 6 8 8 6 4 7 8 4 7 11 7 7 6 8 8 6 6 8 5 8 5 9 8 8 9 10 4 9 11 7 10 9 9 7 8 13 6 7 8 8 11 7 9 12 5 8 10 6 5 8 11 8 8 10 8 6 8 9 12 4 6 9 10 5 7 1 8 5 5 11 3 7 
10 8 7 8 13 9 13 6 8 4 9 4 14 10 6 10 6 11 8 6 9 4 13 8 9 15 9 9 5 5 10 5 14 9 8 8 8 11 5 10 9 6 6 10 9 14 4 10 7 4 8 10 9 7 8 9 12 11 9 9 13 7 6 5 14 9 6 12 6 9 6 3 7 8 7 10 6 12 11 9 5 5 5 6 7 5 11 1 8 9 9 7 4 7 6 6 5 9 7 9 4 9 4 6 5 2 10 7 7 6 4 11 10 8 8 5 9 5 7 9 4 6 10 0 8 5 9 7 5 9 6 5 7 6 8 11 6 10 6 9 6 12 7 10 7 7 8 11 8 11 7 9 5 9 8 5 10 7 7 6 2 6 9 6 14 8 10 8 5 8 8 6 5 8 5 9 10 8 13 8 7 11 9 12 9 5 4 9 5 8 8 9 4 5 13 8 5 10 7 9 
2 2 2 2 3 1 3 0 2 3 2 3 3 2 3 1 2 1 1 1 2 3 2 2 2 2 2 2 2 2 3 2 1 1 1 1 3 3 1 2 2 2 2 3 3 1 1 1 1 2 3 3 3 2 2 1 2 2 2 2 3 1 1 2 2 1 2 2 1 2 3 1 2 3 1 1 2 2 2 2 2 1 2 2 2 2 1 1 1 2 2 2 1 1 3 1 1 2 3 2 3 1 1 3 3 3 2 2 3 2 2 3 0 2 2 3 2 3 1 2 1 2 3 2 1 1 2 2 1 2 2 1 1 2 1 2 1 1 1 2 3 2 2 1 2 2 2 2 2 3 1 2 1 2 2 3 3 2 2 2 3 1 2 3 2 2 3 2 2 2 3 2 2 3 2 1 2 2 2 3 2 2 3 2 1 3 1 2 2 0 2 1 2 2 2 1 1 2 1 2 
3 3 2 3 3 2 3 3 2 4 6 2 4 1 1 4 3 3 5 3 4 1 1 2 2 3 4 4 4 3 2 1 3 4 4 4 5 2 2 3 3 3 4 4 3 1 3 2 0 2 4 3 2 3 2 2 4 1 3 3 2 2 5 3 3 3 3 1 3 2 4 3 2 2 3 3 4 4 3 3 1 3 4 3 3 4 4 4 3 3 2 3 4 4 4 2 2 3 2 2 2 3 4 4 3 5 0 4 3 4 2 2 2 2 4 4 3 2 3 4 5 4 4 3 4 1 4 3 4 5 3 2 3 3 3 5 2 2 2 4 3 2 3 1 2 3 3 1 2 1 2 2 2 3 2 3 4 3 4 3 3 4 2 2 4 3 3 4 3 3 2 2 1 2 3 3 3 5 3 3 2 3 2 2 2 3 3 4 4 3 2 3 3 2 3 2 2 3 3 2 
3 5 6 4 3 5 3 3 5 3 5 4 4 5 2 4 4 4 7 2 3 4 4 5 4 2 2 7 4 4 5 3 2 6 6 5 6 6 6 1 4 4 4 4 6 4 4 5 6 4 5 3 7 5 2 4 5 5 5 4 2 6 4 5 6 4 4 2 5 5 6 3 4 5 4 2 4 5 3 4 6 5 6 4 4 3 6 7 4 7 3 3 6 4 4 5 3 4 6 2 4 6 2 5 4 3 4 4 4 3 3 3 4 6 2 5 3 4 6 2 5 5 5 2 2 3 4 4 2 5 5 2 5 5 5 5 6 5 2 3 6 3 3 3 2 2 2 6 6 2 5 5 5 5 3 3 2 4 2 5 3 5 4 5 5 4 3 4 3 2 4 5 5 7 5 5 2 4 4 3 5 4 4 4 4 6 3 5 2 3 5 4 4 5 4 4 6 2 1 5 
