NAME  : Jabali_50_3_0.88_1_6
TYPE : SVRP
MODEL : FINITE_SUPPORT
NUMBER_OF_SCENARIOS : 200
DIMENSION : 50
EDGE_WEIGHT_TYPE : MATRIX
CAPACITY : 96
N_VEHICLES : 3
NODE_COORD_SECTION
1 4188 3673
2 7058 5986
3 7180 1124
4 2611 6692
5 1734 37
6 2097 6861
7 3842 946
8 3630 1016
9 6072 916
10 3755 738
11 7053 1293
12 2135 2980
13 1126 4437
14 6060 2595
15 3732 5700
16 5454 2412
17 7258 1240
18 3179 5409
19 5442 2552
20 7454 4055
21 6635 1386
22 3008 704
23 277 5472
24 1803 1260
25 6639 3974
26 2215 5757
27 4726 6266
28 4106 5041
29 1632 2339
30 6931 4538
31 4957 6483
32 6241 2010
33 2047 3905
34 4570 3978
35 5923 696
36 6278 663
37 27 2553
38 7489 18
39 6540 4890
40 4304 6735
41 6264 2971
42 784 960
43 2369 1247
44 4274 1980
45 6960 4952
46 923 2032
47 7003 2441
48 2930 5213
49 5428 6557
50 4482 1090
DEMAND_SECTION
1 0.0
2 5.0
3 1.0
4 7.0
5 4.0
6 8.0
7 7.0
8 7.0
9 5.0
10 10.0
11 8.0
12 6.0
13 2.0
14 6.0
15 9.0
16 4.0
17 7.0
18 9.0
19 5.0
20 4.0
21 2.0
22 4.0
23 7.0
24 9.0
25 3.0
26 4.0
27 2.0
28 8.0
29 4.0
30 4.0
31 6.0
32 1.0
33 10.0
34 3.0
35 7.0
36 1.0
37 6.0
38 9.0
39 5.0
40 2.0
41 1.0
42 9.0
43 3.0
44 5.0
45 4.0
46 3.0
47 3.0
48 7.0
49 4.0
50 4.0
DEVIATION_SECTION
1 0.0
2 1.66667
3 0.333333
4 2.33333
5 1.33333
6 2.66667
7 2.33333
8 2.33333
9 1.66667
10 3.33333
11 2.66667
12 2.0
13 0.666667
14 2.0
15 3.0
16 1.33333
17 2.33333
18 3.0
19 1.66667
20 1.33333
21 0.666667
22 1.33333
23 2.33333
24 3.0
25 1.0
26 1.33333
27 0.666667
28 2.66667
29 1.33333
30 1.33333
31 2.0
32 0.333333
33 3.33333
34 1.0
35 2.33333
36 0.333333
37 2.0
38 3.0
39 1.66667
40 0.666667
41 0.333333
42 3.0
43 1.0
44 1.66667
45 1.33333
46 1.0
47 1.0
48 2.33333
49 1.33333
50 1.33333
DISTANCE_MATRIX
0.0 48.0104 52.0699 47.9135 59.4138 54.9295 37.6431 37.3363 44.0114 39.8497 50.936 32.3883 45.122 35.2964 29.7099 25.396 52.5998 29.8525 25.6378 45.2932 45.1202 43.0465 63.2577 45.8039 35.6273 41.0685 35.9026 18.6815 41.8469 37.8543 38.6005 36.4012 30.6301 5.83095 44.8083 47.6152 60.8469 65.3241 34.5178 41.1096 37.3159 58.1808 41.7253 23.1948 39.3134 47.8469 47.0017 28.9301 41.6293 35.0571 
48.0104 0.0 63.1269 59.9083 107.426 66.4831 82.499 83.292 69.6419 84.6294 64.2806 79.1619 81.0673 47.5395 49.0999 53.7135 64.1249 51.1566 53.3778 26.0768 61.9839 91.6392 90.0222 93.833 27.5136 63.0714 31.7805 45.1221 89.3655 19.4165 29.4109 54.4059 77.9239 42.4385 72.1249 72.0347 108.365 80.0062 16.1245 38.2753 42.1545 106.0 89.7643 68.2235 14.3178 95.3655 47.3814 54.5867 24.1661 76.2786 
52.0699 63.1269 0.0 94.8741 76.4199 100.99 46.0109 48.0 15.5242 47.0956 2.23607 73.4098 90.1849 23.6008 76.6705 28.4253 1.0 78.7533 29.0689 37.4833 7.28011 57.0351 108.346 72.4431 37.3363 91.6442 75.165 66.6193 77.1688 44.0 75.8947 16.2788 75.8368 53.2543 18.0278 14.7648 96.1665 17.2627 49.163 82.7895 26.8328 86.2844 65.2763 39.8497 49.0102 82.7103 16.1245 82.1573 75.1864 37.0 
47.9135 59.9083 94.8741 0.0 88.7773 6.7082 79.404 78.2304 91.6858 81.3019 94.6217 49.7293 35.0 71.3021 26.2036 68.9951 95.7031 20.2485 68.0288 72.6705 89.5198 80.0591 34.5398 72.2956 63.8905 13.0 28.1603 29.2747 64.6941 63.8122 30.5941 79.2253 37.108 46.8004 92.4827 95.2896 62.8013 110.99 57.8014 22.0907 73.3217 77.8781 72.8354 67.9117 62.1772 62.6498 83.0074 21.3776 36.3456 79.8311 
59.4138 107.426 76.4199 88.7773 0.0 90.4786 30.8058 29.1204 61.131 29.4279 74.3303 39.1386 58.0086 67.624 80.4788 59.9333 76.3217 73.1522 60.3738 93.9433 69.7209 19.9249 73.6817 16.4924 86.4105 75.9744 93.6834 83.5498 36.0832 97.2278 96.0348 66.7608 51.6703 65.0538 59.0339 63.0079 39.3954 79.511 93.8992 94.8363 71.7852 18.0278 17.8045 42.9418 98.6869 29.2746 77.7946 70.415 99.7888 39.8121 
54.9295 66.4831 100.99 6.7082 90.4786 0.0 83.2323 81.9748 96.5666 85.075 100.738 51.4782 34.4384 77.4181 32.3196 77.9512 101.819 25.5539 78.193 79.3221 95.6358 83.0542 30.5287 74.0938 70.4344 15.0333 34.7851 35.3907 66.531 70.4911 37.108 85.3413 39.1152 52.9164 97.2202 100.17 61.9112 117.106 64.4981 28.4429 79.4377 78.4347 75.1665 72.4224 68.884 63.2456 89.1234 26.0 42.7551 84.2021 
37.6431 82.499 46.0109 79.404 30.8058 83.2323 0.0 2.23607 31.1448 2.23607 44.0 37.4433 59.5925 37.7359 65.2046 30.6105 46.0 60.0083 31.241 64.4139 39.1152 11.0454 77.8974 27.5136 56.8811 68.3649 73.4983 54.3657 37.1127 65.4722 76.243 36.0555 46.2385 42.1545 29.4279 33.541 54.3783 51.5461 68.0312 78.2624 42.2558 40.7922 20.2485 15.2643 70.2622 40.4969 47.1699 58.1378 79.1202 9.05539 
37.3363 83.292 48.0 78.2304 29.1204 81.9748 2.23607 0.0 33.2415 3.16228 46.0109 35.5106 57.8466 38.9487 64.407 31.6228 48.0104 59.0085 32.2025 65.516 41.0488 9.21954 76.1515 25.2982 57.9832 66.9501 73.0821 53.7036 35.0 66.5743 75.8947 37.6431 44.5982 42.0476 31.5753 35.6931 52.1536 53.7587 68.8242 77.666 43.3579 38.6394 18.0278 15.6205 73.6119 38.2753 48.7032 57.0351 78.924 11.0 
44.0114 69.6419 15.5242 91.6858 61.131 96.5666 31.1448 33.2415 0.0 32.0156 13.3417 62.1289 80.7827 23.0217 73.6203 23.0868 15.2971 71.4896 24.0416 46.0652 10.0 42.0476 99.0051 58.2495 42.2019 82.6932 74.9667 62.6455 64.6003 50.2892 76.531 15.2971 66.4831 50.4457 2.82843 3.60555 83.3847 22.2036 54.1295 81.7863 28.1603 71.8471 50.9902 28.0179 55.3624 69.6419 23.8537 70.5672 77.0584 22.3607 
39.8497 84.6294 47.0956 81.3019 29.4279 85.075 2.23607 3.16228 32.0156 0.0 45.0444 38.5876 60.9951 39.6611 67.2851 32.6497 47.0425 62.0 33.3017 66.4008 40.3113 10.0499 79.3 27.313 58.868 70.09 75.6902 56.4882 37.8904 67.4591 78.4474 37.6962 47.7598 44.3847 30.1496 34.2345 54.6443 51.923 70.1616 80.4114 44.2426 40.2616 20.1246 17.4929 72.249 40.8044 48.8467 60.075 81.3449 10.4403 
50.936 64.2806 2.23607 94.6217 74.3303 100.738 44.0 46.0109 13.3417 45.0444 0.0 72.0139 89.0738 23.3238 76.4181 27.5862 2.0 78.5008 28.2843 38.833 5.83095 55.0091 107.212 70.5762 38.1182 91.3918 75.5325 66.3669 75.5701 45.0444 76.2622 15.6205 74.7004 53.0019 15.8114 12.53 94.5569 16.7631 50.04 83.1212 26.9258 84.3801 63.3877 38.2753 50.0899 81.0432 17.0 81.9049 75.71 35.0143 
32.3883 79.1619 73.4098 49.7293 39.1386 51.4782 37.4433 35.5106 62.1289 38.5876 72.0139 0.0 38.8883 55.2517 45.6531 47.1924 73.8241 39.3847 47.4342 76.6692 66.2118 33.5261 56.5948 22.6569 67.0032 36.8782 58.8577 48.7242 15.0554 69.2303 62.4617 58.1893 12.6491 37.855 61.6117 65.4599 34.0554 84.3149 65.9007 60.0106 58.9537 31.8589 24.0832 34.1321 70.6492 21.0554 67.1288 36.7699 68.0728 42.4264 
45.122 81.0673 90.1849 35.0 58.0086 34.4384 59.5925 57.8466 80.7827 60.9951 89.0738 38.8883 0.0 71.5704 39.9674 63.511 90.7149 29.9317 63.7528 89.0251 83.2346 55.328 18.6011 42.107 79.3591 22.6274 52.0 43.0384 35.8329 80.8124 55.5428 74.5162 14.4222 50.2196 80.7272 84.2925 27.8029 102.863 74.5679 50.2494 75.2723 44.3847 45.1221 53.2005 79.384 29.4279 84.9581 27.3169 61.4654 63.2466 
35.2964 47.5395 23.6008 71.3021 67.624 77.4181 37.7359 38.9487 23.0217 39.6611 23.3238 55.2517 71.5704 0.0 53.0985 8.06226 24.4131 55.1813 8.0 26.9072 18.3848 47.8539 89.7314 59.0339 20.1246 68.0722 52.6841 43.0474 60.3416 28.6531 54.0241 8.24621 57.2222 29.6824 25.1794 26.0192 79.3416 39.8121 31.6228 59.8034 5.38516 72.9932 52.6308 25.0 33.541 66.2958 12.3693 58.5854 54.3225 29.8329 
29.7099 49.0999 76.6705 26.2036 80.4788 32.3196 65.2046 64.407 73.6203 67.2851 76.4181 45.6531 39.9674 53.0985 0.0 50.7915 77.4994 10.0828 49.8252 56.3259 71.3162 68.0312 49.2769 64.5592 46.8229 22.9737 21.2047 11.0711 57.7581 48.0114 24.8087 61.0217 36.824 28.5967 74.4173 77.2241 66.3057 92.7865 42.6005 22.3576 55.1181 74.5616 63.0931 52.0937 47.4166 63.7581 64.8038 13.4868 30.4197 64.1332 
25.396 53.7135 28.4253 68.9951 59.9333 77.9512 30.6105 31.6228 23.0868 32.6497 27.5862 47.1924 63.511 8.06226 50.7915 0.0 29.0689 52.8742 1.0 34.0165 21.9317 40.3113 81.672 50.9902 26.4837 64.0902 52.2398 40.7403 52.2823 35.0748 54.037 12.2066 49.1629 27.3753 24.5153 26.5707 71.2823 43.0116 37.699 58.8558 11.8584 64.9384 44.643 17.088 39.8648 58.2364 20.0998 51.9518 55.1453 23.4307 
52.5998 64.1249 1.0 95.7031 76.3217 101.819 46.0 48.0104 15.2971 47.0425 2.0 73.8241 90.7149 24.4131 77.4994 29.0689 0.0 79.5822 29.7321 38.4708 7.61577 57.0088 108.876 72.5603 38.3275 92.4731 76.1147 67.4483 77.4703 45.0 76.8444 16.9706 76.3667 54.0833 17.72 14.3178 96.4624 16.2788 50.1597 83.7392 27.7308 86.3713 65.3758 40.1622 50.01 82.9699 17.1172 82.9863 76.1577 37.0135 
29.8525 51.1566 78.7533 20.2485 73.1522 25.5539 60.0083 59.0085 71.4896 62.0 78.5008 39.3847 29.9317 55.1813 10.0828 52.8742 79.5822 0.0 53.116 58.4087 73.399 61.8142 39.4588 57.2043 48.9057 13.8924 22.8254 13.1538 54.1622 50.0941 26.4197 63.1045 26.7883 30.6795 72.1433 75.0934 56.2701 94.8692 44.6833 22.6716 57.2009 69.1526 55.9739 47.8539 49.4993 53.9378 66.8866 3.60555 32.2025 59.8415 
25.6378 53.3778 29.0689 68.0288 60.3738 78.193 31.241 32.2025 24.0416 33.3017 28.2843 47.4342 63.7528 8.0 49.8252 1.0 29.7321 53.116 0.0 33.6809 22.6716 40.8167 81.9138 51.2356 26.1481 64.332 51.2445 39.7741 52.5241 34.7392 53.0377 12.8062 49.4047 26.4091 25.4951 27.5136 71.5241 43.8292 37.3633 57.8705 11.5228 65.1803 44.9251 17.4642 39.5291 58.4782 20.2237 52.1936 54.1479 24.2074 
45.2932 26.0768 37.4833 72.6705 93.9433 79.3221 64.4139 65.516 46.0652 66.4008 38.833 76.6692 89.0251 26.9072 56.3259 34.0165 38.4708 58.4087 33.6809 0.0 37.3363 74.286 97.7658 84.9133 11.0 71.2996 46.669 48.721 86.8727 9.21954 46.0977 31.6228 74.6517 39.6792 48.7647 47.927 105.873 54.0833 15.6205 54.4518 22.2036 98.858 78.6027 51.0989 13.0 92.653 22.4722 61.9757 43.2666 56.7274 
45.1202 61.9839 7.28011 89.5198 69.7209 95.6358 39.1152 41.0488 10.0 40.3113 5.83095 66.2118 83.2346 18.3848 71.3162 21.9317 7.61577 73.399 22.6716 37.3363 0.0 50.1597 101.396 65.2763 35.0571 83.8144 71.0635 61.265 69.8905 42.5793 72.1984 10.2956 68.8796 47.9 12.8062 10.8167 88.8876 21.4709 47.0956 78.1829 22.561 79.1581 58.1378 32.573 47.676 75.4321 14.8661 71.676 71.8471 30.0666 
43.0465 91.6392 57.0351 80.0591 19.9249 83.0542 11.0454 9.21954 42.0476 10.0499 55.0091 33.5261 55.328 47.8539 68.0312 40.3113 57.0088 61.8142 40.8167 74.286 50.1597 0.0 73.0346 18.0278 66.7532 68.0294 78.0006 71.1023 31.4951 75.3443 81.0247 46.8402 44.4072 48.2597 40.1995 44.2832 46.0977 61.8466 77.1714 82.3888 52.1279 30.3645 11.3137 23.6008 81.9591 32.5269 57.8705 59.4138 84.534 20.0998 
63.2577 90.0222 108.346 34.5398 73.6817 30.5287 77.8974 76.1515 99.0051 79.3 107.212 56.5948 18.6011 89.7314 49.2769 81.672 108.876 39.4588 81.9138 97.7658 101.396 73.0346 0.0 58.6941 88.0998 27.0185 59.2115 52.348 53.5395 89.2883 62.3939 92.6773 32.5269 68.3553 99.0051 102.533 37.4833 121.037 83.8774 55.109 99.1997 58.0 62.6259 71.5052 88.6935 44.4072 108.885 36.9605 68.469 81.5516 
45.8039 93.833 72.4431 72.2956 16.4924 74.0938 27.5136 25.2982 58.2495 27.313 70.5762 22.6569 42.107 59.0339 64.5592 50.9902 72.5603 57.2043 51.2356 84.9133 65.2763 18.0278 58.6941 0.0 81.4077 59.4926 77.7639 67.6303 19.6015 83.6348 81.3679 60.075 35.1885 51.614 56.7539 60.8769 28.2843 79.0569 80.3062 78.9167 62.7551 14.0357 7.28011 34.2345 85.0939 15.2643 70.4557 54.4671 85.3392 35.9026 
35.6273 27.5136 37.3363 63.8905 86.4105 70.4344 56.8811 57.9832 42.2019 58.868 38.1182 67.0032 79.3591 20.1246 46.8229 26.4837 38.3275 48.9057 26.1481 11.0 35.0571 66.7532 88.0998 81.4077 0.0 61.7966 39.6611 39.0551 77.2068 8.60233 39.8246 26.9258 64.9857 30.0133 44.643 44.7214 96.2068 54.5894 12.0416 47.4342 14.7648 93.6387 71.07 43.5661 13.4164 82.987 21.2132 52.3097 38.2753 49.2818 
41.0685 63.0714 91.6442 13.0 75.9744 15.0333 68.3649 66.9501 82.6932 70.09 91.3918 36.8782 22.6274 68.0722 22.9737 64.0902 92.4731 13.8924 64.332 71.2996 83.8144 68.0294 27.0185 59.4926 61.7966 0.0 32.249 26.0447 51.8912 62.985 35.5106 75.9954 24.3311 43.5704 83.3547 86.2985 50.3289 104.018 57.5674 28.7924 70.0918 64.8845 60.2993 58.0423 62.3618 49.6588 79.7775 12.7279 41.5933 69.7469 
35.9026 31.7805 75.165 28.1603 93.6834 34.7851 73.4983 73.0821 74.9667 75.6902 75.5325 58.8577 52.0 52.6841 21.2047 52.2398 76.1147 22.8254 51.2445 46.669 71.0635 78.0006 59.2115 77.7639 39.6611 32.249 0.0 21.4009 70.9627 37.4833 3.60555 60.8883 48.8715 32.1403 76.6551 78.2624 78.3533 92.2909 31.1448 7.81025 48.9441 87.7662 75.1883 59.0339 35.0 76.9627 59.5113 26.4197 9.48683 70.7107 
18.6815 45.1221 66.6193 29.2747 83.5498 35.3907 54.3657 53.7036 62.6455 56.4882 66.3669 48.7242 43.0384 43.0474 11.0711 40.7403 67.4483 13.1538 39.7741 48.721 61.265 71.1023 52.348 67.6303 39.0551 26.0447 21.4009 0.0 60.8291 41.0 24.8395 50.9706 39.895 18.0278 63.4424 66.2493 69.3768 82.7353 36.2215 24.3516 45.0669 77.6326 66.1642 41.0488 41.1947 66.8291 54.7527 16.5579 29.7321 53.0848 
41.8469 89.3655 77.1688 64.6941 36.0832 66.531 37.1127 35.0 64.6003 37.8904 75.5701 15.0554 35.8329 60.3416 57.7581 52.2823 77.4703 54.1622 52.5241 86.8727 69.8905 31.4951 53.5395 19.6015 77.2068 51.8912 70.9627 60.8291 0.0 79.4338 74.5667 62.8859 27.587 47.6293 63.7062 67.7171 31.0 86.5295 76.1042 72.1156 64.0436 28.8035 21.2971 37.3209 80.8929 18.0 72.2187 51.5473 80.1778 43.4433 
37.8543 19.4165 44.0 63.8122 97.2278 70.4911 65.4722 66.5743 50.2892 67.4591 45.0444 69.2303 80.8124 28.6531 48.0114 35.0748 45.0 50.0941 34.7392 9.21954 42.5793 75.3443 89.2883 83.6348 8.60233 62.985 37.4833 41.0 79.4338 0.0 36.8782 35.1141 67.2127 32.2403 52.811 52.6308 98.4338 61.0737 6.40312 45.2548 23.3238 95.8657 79.5661 52.1572 5.09902 85.214 28.0713 53.4982 34.1321 57.8729 
38.6005 29.4109 75.8947 30.5941 96.0348 37.108 76.243 75.8947 76.531 78.4474 76.2622 62.4617 55.5428 54.0241 24.8087 54.037 76.8444 26.4197 53.0377 46.0977 72.1984 81.0247 62.3939 81.3679 39.8246 35.5106 3.60555 24.8395 74.5667 36.8782 0.0 62.2283 53.6326 34.5254 78.3135 79.7621 81.8855 93.0205 30.4795 8.94427 49.6737 91.3702 78.2308 61.6117 33.9706 80.5667 60.1664 30.0167 6.08276 73.1642 
36.4012 54.4059 16.2788 79.2253 66.7608 85.3413 36.0555 37.6431 15.2971 37.6962 15.6205 58.1893 74.5162 8.24621 61.0217 12.2066 16.9706 63.1045 12.8062 31.6228 10.2956 46.8402 92.6773 60.075 26.9258 75.9954 60.8883 50.9706 62.8859 35.1141 62.2283 0.0 60.1681 37.6056 17.72 18.0278 81.8859 31.7648 38.833 68.0074 13.0 74.108 53.2353 26.0192 40.1622 68.7314 11.1803 66.5086 62.2924 27.313 
30.6301 77.9239 75.8368 37.108 51.6703 39.1152 46.2385 44.5982 66.4831 47.7598 74.7004 12.6491 14.4222 57.2222 36.824 49.1629 76.3667 26.7883 49.4047 74.6517 68.8796 44.4072 32.5269 35.1885 64.9857 24.3311 48.8715 39.895 27.587 67.2127 53.6326 60.1681 0.0 35.8462 66.4831 70.0071 35.2418 88.5268 63.8832 47.389 60.9242 47.8785 36.0555 39.0512 68.6317 32.6638 69.0993 24.1735 59.2437 49.3964 
5.83095 42.4385 53.2543 46.8004 65.0538 52.9164 42.1545 42.0476 50.4457 44.3847 53.0019 37.855 50.2196 29.6824 28.5967 27.3753 54.0833 30.6795 26.4091 39.6792 47.9 48.2597 68.3553 51.614 30.0133 43.5704 32.1403 18.0278 47.6293 32.2403 34.5254 37.6056 35.8462 0.0 51.8756 53.8947 67.0672 69.3703 28.9038 38.0526 31.7019 64.0078 47.4236 27.2029 33.6994 53.6293 41.3877 34.0836 37.0 38.6394 
44.8083 72.1249 18.0278 92.4827 59.0339 97.2202 29.4279 31.5753 2.82843 30.1496 15.8114 61.6117 80.7272 25.1794 74.4173 24.5153 17.72 72.1433 25.4951 48.7647 12.8062 40.1995 99.0051 56.7539 44.643 83.3547 76.6551 63.4424 63.7062 52.811 78.3135 17.72 66.4831 51.8756 0.0 4.12311 82.3468 22.8254 56.5155 83.3607 30.4138 70.214 49.4773 27.6586 57.8705 68.542 26.6271 71.2209 79.0063 20.8806 
47.6152 72.0347 14.7648 95.2896 63.0079 100.17 33.541 35.6931 3.60555 34.2345 12.53 65.4599 84.2925 26.0192 77.2241 26.5707 14.3178 75.0934 27.5136 47.927 10.8167 44.2832 102.533 60.8769 44.7214 86.2985 78.2624 66.2493 67.7171 52.6308 79.7621 18.0278 70.0071 53.8947 4.12311 0.0 86.406 18.868 56.7186 85.1469 31.0161 74.3303 53.6004 31.4006 57.7235 72.6154 25.4951 74.171 80.1578 25.0 
60.8469 108.365 96.1665 62.8013 39.3954 61.9112 54.3783 52.1536 83.3847 54.6443 94.5569 34.0554 27.8029 79.3416 66.3057 71.2823 96.4624 56.2701 71.5241 105.873 88.8876 46.0977 37.4833 28.2843 96.2068 50.3289 78.3533 69.3768 31.0 98.4338 81.8855 81.8859 35.2418 67.0672 82.3468 86.406 0.0 105.119 95.1042 76.8708 83.0436 21.8403 34.8281 56.3205 99.8528 13.8924 91.2187 53.6552 87.8302 61.7171 
65.3241 80.0062 17.2627 110.99 79.511 117.106 51.5461 53.7587 22.2036 51.923 16.7631 84.3149 102.863 39.8121 92.7865 43.0116 16.2788 94.8692 43.8292 54.0833 21.4709 61.8466 121.037 79.0569 54.5894 104.018 92.2909 82.7353 86.5295 61.0737 93.0205 31.7648 88.5268 69.3703 22.8254 18.868 105.119 0.0 66.3702 99.6149 43.6578 92.1792 71.7844 50.2195 66.0303 91.2853 33.3766 91.8799 92.4175 43.4626 
34.5178 16.1245 49.163 57.8014 93.8992 64.4981 68.0312 68.8242 54.1295 70.1616 50.04 65.9007 74.5679 31.6228 42.6005 37.699 50.1597 44.6833 37.3633 15.6205 47.0956 77.1714 83.8774 80.3062 12.0416 57.5674 31.1448 36.2215 76.1042 6.40312 30.4795 38.833 63.8832 28.9038 56.5155 56.7186 95.1042 66.3702 0.0 38.8973 26.2488 92.5371 76.2375 53.7557 5.0 81.857 33.0606 48.0874 27.7849 61.8108 
41.1096 38.2753 82.7895 22.0907 94.8363 28.4429 78.2624 77.666 81.7863 80.4114 83.1212 60.0106 50.2494 59.8034 22.3576 58.8558 83.7392 22.6716 57.8705 54.4518 78.1829 82.3888 55.109 78.9167 47.4342 28.7924 7.81025 24.3516 72.1156 45.2548 8.94427 68.0074 47.389 38.0526 83.3607 85.1469 76.8708 99.6149 38.8973 0.0 61.81 89.7533 77.4507 64.2806 42.638 74.5385 67.1358 26.1725 14.3178 76.1643 
37.3159 42.1545 26.8328 73.3217 71.7852 79.4377 42.2558 43.3579 28.1603 44.2426 26.9258 58.9537 75.2723 5.38516 55.1181 11.8584 27.7308 57.2009 11.5228 22.2036 22.561 52.1279 99.1997 62.7551 14.7648 70.0918 48.9441 45.0669 64.0436 23.3238 49.6737 13.0 60.9242 31.7019 30.4138 31.0161 83.0436 43.6578 26.2488 61.81 0.0 76.6999 56.4446 28.9408 28.178 69.9977 12.8062 60.6049 49.366 34.6565 
58.1808 106.0 86.2844 77.8781 18.0278 78.4347 40.7922 38.6394 71.8471 40.2616 84.3801 31.8589 44.3847 72.9932 74.5616 64.9384 86.3713 69.1526 65.1803 98.858 79.1581 30.3645 58.0 14.0357 93.6387 64.8845 87.7662 77.6326 28.8035 95.8657 91.3702 74.108 47.8785 64.0078 70.214 74.3303 21.8403 92.1792 92.5371 89.7533 76.6999 0.0 21.0238 48.2597 97.3248 15.2315 84.4808 66.5377 96.9813 49.4975 
41.7253 89.7643 65.2763 72.8354 17.8045 75.1665 20.2485 18.0278 50.9902 20.1246 63.3877 24.0832 45.1221 52.6308 63.0931 44.643 65.3758 55.9739 44.9251 78.6027 58.1378 11.3137 62.6259 7.28011 71.07 60.2993 75.1883 66.1642 21.2971 79.5661 78.2308 53.2353 36.0555 47.4236 49.4773 53.6004 34.8281 71.7844 76.2375 77.4507 56.4446 21.0238 0.0 27.6586 81.0252 21.2132 63.7887 53.2368 81.9848 28.6356 
23.1948 68.2235 39.8497 67.9117 42.9418 72.4224 15.2643 15.6205 28.0179 17.4929 38.2753 34.1321 53.2005 25.0 52.0937 17.088 40.1622 47.8539 17.4642 51.0989 32.573 23.6008 71.5052 34.2345 43.5661 58.0423 59.0339 41.0488 37.3209 52.1572 61.6117 26.0192 39.0512 27.2029 27.6586 31.4006 56.3205 50.2195 53.7557 64.2806 28.9408 48.2597 27.6586 0.0 58.5435 42.9535 36.2215 46.5725 64.195 12.0416 
39.3134 14.3178 49.0102 62.1772 98.6869 68.884 70.2622 73.6119 55.3624 72.249 50.0899 70.6492 79.384 33.541 47.4166 39.8648 50.01 49.4993 39.5291 13.0 47.676 81.9591 88.6935 85.0939 13.4164 62.3618 35.0 41.1947 80.8929 5.09902 33.9706 40.1622 68.6317 33.6994 57.8705 57.7235 99.8528 66.0303 5.0 42.638 28.178 97.3248 81.0252 58.5435 0.0 86.6732 33.1361 52.9034 30.6105 62.6628 
47.8469 95.3655 82.7103 62.6498 29.2746 63.2456 40.4969 38.2753 69.6419 40.8044 81.0432 21.0554 29.4279 66.2958 63.7581 58.2364 82.9699 53.9378 58.4782 92.653 75.4321 32.5269 44.4072 15.2643 82.987 49.6588 76.9627 66.8291 18.0 85.214 80.5667 68.7314 32.6638 53.6293 68.542 72.6154 13.8924 91.2853 81.857 74.5385 69.9977 15.2315 21.2132 42.9535 86.6732 0.0 78.1601 51.323 86.1778 47.8539 
47.0017 47.3814 16.1245 83.0074 77.7946 89.1234 47.1699 48.7032 23.8537 48.8467 17.0 67.1288 84.9581 12.3693 64.8038 20.0998 17.1172 66.8866 20.2237 22.4722 14.8661 57.8705 108.885 70.4557 21.2132 79.7775 59.5113 54.7527 72.2187 28.0713 60.1664 11.1803 69.0993 41.3877 26.6271 25.4951 91.2187 33.3766 33.0606 67.1358 12.8062 84.4808 63.7887 36.2215 33.1361 78.1601 0.0 70.2907 59.203 38.4838 
28.9301 54.5867 82.1573 21.3776 70.415 26.0 58.1378 57.0351 70.5672 60.075 81.9049 36.7699 27.3169 58.5854 13.4868 51.9518 82.9863 3.60555 52.1936 61.9757 71.676 59.4138 36.9605 54.4671 52.3097 12.7279 26.4197 16.5579 51.5473 53.4982 30.0167 66.5086 24.1735 34.0836 71.2209 74.171 53.6552 91.8799 48.0874 26.1725 60.6049 66.5377 53.2368 46.5725 52.9034 51.323 70.2907 0.0 35.7771 58.4637 
41.6293 24.1661 75.1864 36.3456 99.7888 42.7551 79.1202 78.924 77.0584 81.3449 75.71 68.0728 61.4654 54.3225 30.4197 55.1453 76.1577 32.2025 54.1479 43.2666 71.8471 84.534 68.469 85.3392 38.2753 41.5933 9.48683 29.7321 80.1778 34.1321 6.08276 62.2924 59.2437 37.0 79.0063 80.1578 87.8302 92.4175 27.7849 14.3178 49.366 96.9813 81.9848 64.195 30.6105 86.1778 59.203 35.7771 0.0 75.5023 
35.0571 76.2786 37.0 79.8311 39.8121 84.2021 9.05539 11.0 22.3607 10.4403 35.0143 42.4264 63.2466 29.8329 64.1332 23.4307 37.0135 59.8415 24.2074 56.7274 30.0666 20.0998 81.5516 35.9026 49.2818 69.7469 70.7107 53.0848 43.4433 57.8729 73.1642 27.313 49.3964 38.6394 20.8806 25.0 61.7171 43.4626 61.8108 76.1643 34.6565 49.4975 28.6356 12.0416 62.6628 47.8539 38.4838 58.4637 75.5023 0.0 
DEMAND_SCENARIO_SECTION
0 0 0 0 0 0 0 0 0 0 0 0 0 0 0 0 0 0 0 0 0 0 0 0 0 0 0 0 0 0 0 0 0 0 0 0 0 0 0 0 0 0 0 0 0 0 0 0 0 0 0 0 0 0 0 0 0 0 0 0 0 0 0 0 0 0 0 0 0 0 0 0 0 0 0 0 0 0 0 0 0 0 0 0 0 0 0 0 0 0 0 0 0 0 0 0 0 0 0 0 0 0 0 0 0 0 0 0 0 0 0 0 0 0 0 0 0 0 0 0 0 0 0 0 0 0 0 0 0 0 0 0 0 0 0 0 0 0 0 0 0 0 0 0 0 0 0 0 0 0 0 0 0 0 0 0 0 0 0 0 0 0 0 0 0 0 0 0 0 0 0 0 0 0 0 0 0 0 0 0 0 0 0 0 0 0 0 0 0 0 0 0 0 0 0 0 0 0 0 0 
8 6 6 5 4 7 7 5 2 2 5 7 3 5 6 5 5 5 6 6 7 5 4 7 5 6 6 3 5 2 6 2 6 6 2 2 6 5 5 3 5 5 7 5 7 7 4 6 5 8 3 7 7 7 3 5 6 6 5 5 8 5 6 6 3 6 5 4 5 5 5 6 5 4 8 6 6 5 8 6 5 5 3 5 4 6 3 4 2 7 5 6 3 9 7 6 5 4 6 5 6 8 2 6 4 3 6 4 3 7 6 4 5 7 3 3 7 3 6 5 3 5 4 6 5 7 4 0 3 3 5 3 4 4 7 6 3 6 4 6 7 4 6 4 5 7 4 6 4 7 8 7 4 4 8 6 5 3 7 7 5 4 4 4 6 6 7 4 3 7 5 4 5 2 5 5 5 7 7 4 3 4 5 5 8 5 5 4 7 4 6 3 5 2 5 7 5 6 3 9 
1 1 2 1 1 1 1 1 1 1 1 2 1 1 1 1 1 1 1 1 1 1 0 1 1 1 1 1 1 1 1 1 1 2 1 1 1 1 1 2 1 1 1 1 1 1 1 1 1 2 1 1 1 1 1 1 1 1 1 1 1 1 1 2 1 1 1 0 1 1 1 1 1 1 1 1 1 1 1 2 1 1 1 1 1 1 1 1 1 2 1 1 2 0 1 1 1 2 1 1 1 1 1 1 1 1 0 1 1 1 1 1 2 1 1 1 1 1 1 1 1 1 1 1 1 1 2 2 1 1 1 1 1 1 1 1 1 1 1 1 1 1 1 1 1 1 1 1 1 1 2 2 1 1 1 1 1 1 1 0 1 1 1 1 1 1 1 1 1 1 2 1 1 2 1 1 1 1 1 1 1 1 1 1 1 1 1 1 1 1 1 1 1 1 1 1 1 1 1 0 
7 7 3 4 3 6 9 5 8 5 6 7 9 6 10 6 11 11 7 14 12 6 4 6 3 6 7 3 9 8 9 7 4 6 10 7 4 7 7 6 8 4 8 9 5 14 6 6 10 5 7 12 7 11 10 6 10 6 4 5 5 2 4 5 8 10 6 10 9 7 9 4 10 8 8 10 11 2 8 6 5 6 9 9 7 9 5 11 8 6 9 8 5 6 7 9 10 5 8 6 9 7 10 8 5 8 7 4 6 7 6 7 5 8 3 7 4 6 4 5 4 7 5 9 5 7 6 12 3 4 5 11 5 7 5 6 4 7 9 9 8 10 4 10 6 8 6 7 12 8 10 5 7 1 7 6 5 8 6 8 6 9 5 5 3 7 7 9 12 7 9 7 11 8 7 6 9 8 8 13 7 8 6 4 11 10 8 6 5 9 6 2 6 9 12 8 7 10 6 10 
2 5 3 3 6 5 6 4 2 4 5 2 3 5 4 3 7 3 3 2 4 0 5 6 1 4 5 5 5 4 4 4 3 5 4 4 2 3 5 3 3 2 1 4 2 5 3 4 4 4 2 4 5 2 3 3 6 8 5 5 5 2 4 4 5 6 5 5 3 2 5 4 3 6 4 4 4 4 5 3 5 2 4 6 3 5 4 5 3 3 5 4 6 6 6 4 5 5 3 5 1 5 5 5 7 5 5 3 5 4 2 3 6 3 6 1 5 3 5 4 5 3 4 5 4 5 1 3 5 4 5 3 4 5 5 5 6 4 5 4 5 2 4 3 2 7 8 4 2 4 5 4 5 6 3 4 4 3 3 3 5 6 4 2 2 5 6 5 4 5 2 5 5 4 5 5 4 3 4 7 6 5 3 3 2 4 4 3 5 6 4 3 5 4 7 6 4 5 4 4 
10 3 8 11 5 5 9 7 10 8 13 5 7 7 10 13 7 5 9 1 5 3 12 7 7 7 6 4 8 6 5 10 6 7 9 10 9 13 5 12 8 7 6 7 6 4 10 4 8 10 3 6 7 6 9 6 4 9 13 4 10 4 12 5 8 8 9 10 8 1 4 5 4 2 5 7 4 14 3 10 3 13 8 6 3 8 8 6 5 13 6 9 7 1 9 3 11 11 9 10 13 5 10 9 7 6 11 12 10 7 7 7 10 11 7 11 9 7 9 3 6 9 10 5 7 6 8 6 11 9 10 9 12 6 9 4 7 8 5 4 5 4 10 8 8 6 2 10 4 8 4 6 6 6 5 8 12 10 5 9 11 7 9 8 7 8 7 10 15 12 5 8 11 8 8 10 7 11 7 4 8 11 5 12 4 6 13 10 6 13 9 7 13 7 8 9 6 11 6 8 
5 4 10 5 8 6 4 5 7 4 9 10 6 7 10 9 9 7 6 7 8 10 7 11 6 8 7 10 5 3 4 9 5 9 9 7 1 8 5 5 6 3 8 11 7 6 8 9 10 9 12 5 10 5 10 6 3 5 7 6 5 12 6 9 6 8 6 0 9 7 7 12 9 5 3 10 7 7 9 2 9 10 5 7 9 5 12 7 7 9 12 4 6 7 8 6 8 6 9 5 8 6 11 5 5 6 7 7 5 8 8 6 1 5 7 7 7 6 10 6 11 6 7 7 7 6 6 6 8 5 10 8 6 8 9 7 2 5 5 6 4 5 6 5 8 9 7 7 6 6 8 7 4 4 12 6 7 9 8 7 7 7 5 8 5 6 7 4 8 5 8 3 6 9 8 8 6 5 5 7 6 6 3 6 6 9 9 8 5 9 5 8 9 5 7 10 7 1 7 8 
7 8 9 7 2 9 8 2 1 7 4 7 4 7 6 10 6 7 9 5 9 6 5 11 6 6 6 8 5 7 9 6 10 9 10 9 5 8 7 2 5 10 14 5 3 7 5 9 5 4 3 3 6 5 10 9 9 6 5 6 8 5 9 4 6 4 8 7 9 9 6 8 8 4 6 5 5 5 9 5 5 7 8 6 6 8 9 11 6 6 6 3 8 5 7 7 6 8 12 3 10 7 10 9 10 7 8 9 6 6 10 5 5 7 9 5 14 7 5 8 7 9 6 7 12 8 5 6 10 8 5 8 6 3 9 5 0 7 5 3 4 6 8 12 4 6 8 7 8 7 9 4 8 11 8 6 2 9 7 7 9 6 7 4 7 7 5 7 11 8 6 6 9 5 10 9 6 5 4 4 7 7 7 7 5 8 5 3 7 4 9 4 4 5 6 9 6 6 6 9 
8 6 4 3 4 4 3 5 5 4 5 7 3 2 5 4 4 4 5 7 6 5 3 6 7 0 4 5 5 8 4 3 6 4 4 3 5 7 6 4 7 3 3 6 2 5 6 6 2 5 3 8 7 5 5 5 9 9 6 5 2 4 6 4 5 4 6 4 5 3 5 0 7 4 1 7 3 4 5 7 4 4 6 5 4 6 4 6 3 6 6 3 7 4 5 4 7 3 4 5 3 5 4 5 3 5 4 5 1 7 12 4 7 5 4 3 4 6 8 5 6 4 3 4 7 6 8 3 4 7 4 3 4 6 7 4 6 7 5 6 5 6 6 6 6 6 5 9 7 7 4 6 4 4 4 5 5 5 3 6 5 6 4 6 5 4 2 4 5 3 6 4 5 7 7 7 9 2 6 6 6 4 8 2 8 6 8 2 7 6 4 8 4 5 4 4 7 7 5 6 
15 10 13 13 7 7 15 15 13 13 10 7 7 16 8 5 7 6 5 9 14 11 7 7 13 10 6 9 14 8 10 11 14 8 16 10 12 7 6 12 3 1 9 8 14 8 17 7 16 6 7 12 10 8 7 10 8 8 11 10 12 17 10 8 15 17 12 9 9 5 8 12 7 8 9 12 10 13 8 10 5 7 3 9 15 8 14 9 19 8 17 13 10 7 8 9 14 9 8 12 16 15 7 15 11 9 15 10 7 9 8 13 7 15 10 15 6 12 18 13 13 8 7 7 6 8 11 5 10 12 5 10 6 13 4 8 12 15 10 17 11 10 8 12 7 11 10 12 11 16 9 6 6 15 10 2 9 7 9 10 11 6 11 11 15 12 11 11 5 13 2 5 10 9 6 12 5 15 9 9 14 11 12 9 10 15 10 12 13 6 9 12 6 5 4 10 17 9 10 5 
10 5 9 6 5 8 11 5 6 12 5 5 8 10 5 13 10 10 8 10 10 16 8 8 9 6 8 4 12 7 8 5 7 11 6 12 5 10 10 8 5 9 9 13 8 12 7 7 7 10 8 9 8 4 12 7 10 3 13 5 10 5 9 9 9 8 7 4 10 9 10 8 8 7 6 7 8 5 5 10 7 7 7 9 5 7 9 7 10 9 10 4 12 8 8 9 9 5 8 7 8 9 11 4 11 5 5 4 9 10 3 9 11 8 8 5 5 7 8 8 7 8 6 9 6 11 3 10 11 6 8 9 7 8 8 5 3 6 13 7 7 10 11 11 4 9 12 8 9 9 6 7 6 5 12 10 12 3 9 3 4 6 7 3 9 8 11 6 9 9 10 4 3 10 13 11 8 9 5 10 8 8 8 7 10 12 8 6 9 6 7 8 14 7 9 10 6 3 13 9 
3 8 5 7 4 6 5 9 5 8 1 5 8 7 11 5 4 3 7 8 8 9 8 3 6 5 7 7 3 6 8 9 7 5 5 4 8 3 7 4 2 6 5 2 5 5 7 5 7 4 6 2 5 7 7 8 6 6 5 5 5 6 4 7 7 5 7 6 6 6 4 5 5 7 6 9 5 6 7 8 6 4 5 3 6 5 4 6 9 7 7 5 4 7 7 9 8 6 3 4 8 10 5 9 7 3 6 4 5 3 4 6 9 4 1 7 5 8 8 9 7 7 5 8 4 5 6 5 9 4 6 7 3 6 7 0 5 5 5 3 6 8 5 5 3 3 6 1 6 6 8 6 5 7 1 7 3 5 5 4 4 6 7 8 4 5 6 7 4 9 7 8 8 5 4 6 5 7 5 6 4 8 10 11 3 6 6 7 5 3 2 4 9 6 3 6 8 3 5 6 
1 1 2 2 3 2 2 1 3 2 2 3 2 2 3 3 2 2 2 2 1 2 2 2 2 1 2 2 1 1 2 2 0 3 2 2 3 2 2 2 1 2 2 2 1 3 2 2 1 2 2 2 3 3 1 1 2 2 3 2 1 2 1 2 1 1 1 2 2 3 3 2 1 2 3 2 1 2 1 3 1 2 2 2 2 2 0 2 1 3 1 3 2 2 1 2 2 2 2 1 3 1 1 2 3 2 3 1 3 2 2 3 3 3 1 2 2 3 2 2 2 1 1 2 2 2 0 2 2 3 3 1 2 3 2 3 2 2 1 1 1 3 1 3 2 1 2 2 2 2 2 3 2 3 3 2 1 1 1 1 2 2 2 2 2 1 2 3 2 1 3 3 2 3 2 2 2 2 2 2 2 2 0 2 1 3 1 2 1 2 2 1 2 1 1 2 2 2 1 2 
7 7 3 6 6 5 3 5 10 8 4 6 9 6 7 8 4 5 9 9 7 5 4 7 7 5 5 4 6 6 11 3 6 2 4 9 6 3 5 6 6 7 6 2 5 4 4 6 5 4 2 5 8 6 7 7 4 6 5 7 9 8 8 7 7 4 5 4 8 6 7 6 5 6 6 6 5 7 7 5 9 9 6 8 5 10 9 7 5 8 4 5 7 7 5 8 6 8 5 9 4 8 6 6 6 8 5 2 7 4 6 6 8 6 6 10 7 6 5 8 4 6 8 5 5 3 5 6 5 6 6 9 8 5 7 7 3 5 4 3 4 2 3 8 10 7 3 5 5 8 6 5 5 6 5 7 5 8 5 4 9 2 7 8 4 4 3 7 6 4 8 8 3 11 5 10 6 8 7 8 6 5 8 8 3 6 4 4 4 8 6 6 1 7 5 6 5 7 7 7 
9 2 8 12 11 7 11 7 8 13 8 11 6 10 13 7 10 5 7 11 14 9 8 10 13 8 7 8 3 10 4 10 9 11 10 8 10 7 10 9 9 10 6 8 9 9 11 4 12 6 3 7 9 1 8 9 11 13 8 9 8 13 8 9 10 7 11 19 9 8 8 8 2 18 10 11 11 9 9 4 0 14 11 9 8 5 6 11 7 7 10 13 5 8 10 4 11 6 11 3 13 12 9 8 6 11 8 3 8 11 11 13 5 9 9 8 6 8 9 8 9 8 13 6 8 8 8 11 11 6 7 15 10 11 6 9 13 2 13 10 13 14 9 11 6 14 9 5 8 11 6 8 11 16 12 10 14 17 9 9 7 11 8 9 10 4 12 13 9 9 10 3 12 7 10 14 5 10 13 6 10 8 13 7 9 14 9 13 10 13 11 11 5 11 8 11 9 13 12 7 
3 3 3 4 4 6 4 5 6 3 6 5 2 3 5 3 4 3 5 3 6 3 4 6 3 5 5 3 5 5 4 4 4 5 3 7 4 2 3 5 4 5 2 5 3 5 4 3 2 5 4 4 3 3 1 5 2 4 3 5 6 4 3 5 3 3 2 3 4 4 4 4 4 3 6 0 5 6 4 4 6 3 3 4 4 4 6 4 5 5 7 6 6 3 2 4 6 2 3 5 6 3 3 4 6 5 4 5 2 5 5 3 3 2 7 7 4 5 4 5 4 4 4 4 3 7 3 5 2 4 3 3 4 4 4 2 5 5 2 1 3 3 4 4 3 3 3 1 4 5 5 7 2 5 4 5 1 4 4 4 4 2 3 1 6 3 3 5 6 4 4 6 5 5 3 6 4 4 7 4 4 4 5 4 5 4 4 4 5 6 6 4 4 5 4 5 5 3 3 2 
9 7 5 8 6 9 10 12 5 4 6 11 4 4 6 9 9 9 9 5 8 9 6 9 8 6 6 5 5 9 6 8 4 4 9 6 5 6 7 10 12 6 8 9 4 7 9 7 6 9 8 10 8 6 5 5 5 5 8 10 12 5 6 8 6 5 8 8 8 7 7 5 5 8 4 6 5 5 8 6 7 3 6 8 11 7 6 11 7 8 4 8 8 5 6 6 8 9 7 8 4 5 5 6 7 10 5 8 6 11 10 9 9 7 8 3 10 6 2 8 11 10 5 5 8 5 1 9 6 9 7 4 7 6 3 2 6 5 3 7 7 13 4 9 10 6 7 6 6 11 8 9 7 5 11 5 5 10 5 4 11 9 5 3 10 8 7 7 9 6 6 7 3 8 3 12 8 10 6 10 10 5 11 6 3 7 8 4 8 10 10 7 12 10 7 4 7 8 8 7 
12 9 7 13 12 8 7 7 7 6 9 10 15 10 7 9 7 9 6 8 7 13 4 8 7 9 4 3 14 15 6 15 15 13 6 8 16 8 9 3 6 10 8 11 10 15 10 11 7 8 13 8 9 8 12 7 5 11 7 15 9 4 9 7 10 6 12 10 8 9 12 7 12 9 4 9 7 7 6 9 12 10 6 10 7 9 6 1 9 9 12 8 11 13 10 9 12 11 5 11 8 11 14 11 5 1 10 9 10 11 6 7 12 12 13 15 10 15 5 11 7 11 6 6 11 13 11 10 5 12 12 8 8 2 6 8 10 11 9 7 10 11 8 7 4 12 11 7 7 9 11 11 5 7 8 7 10 9 4 11 8 6 6 5 4 8 9 8 13 11 10 7 15 17 12 8 7 13 8 9 13 8 6 11 10 5 6 5 11 0 12 10 7 11 14 6 8 7 17 7 
6 4 6 7 5 3 7 4 7 2 5 2 4 5 6 5 3 7 3 6 6 7 6 6 3 5 7 5 6 4 5 3 6 7 5 5 4 4 7 4 4 7 7 7 1 4 0 3 7 4 7 9 5 4 4 6 7 6 5 2 6 7 5 4 7 5 4 7 6 7 4 5 3 5 4 5 6 5 4 1 4 4 6 7 4 6 6 1 7 6 5 4 3 5 7 4 8 5 3 7 5 7 6 4 4 5 3 6 6 3 6 4 6 5 4 5 6 2 9 5 6 7 7 4 6 6 5 7 7 5 4 8 3 7 6 5 3 7 5 5 5 6 8 3 10 4 6 2 8 2 4 4 7 6 4 7 6 5 4 9 3 3 1 4 7 5 5 2 3 4 3 6 7 8 4 6 7 7 2 4 5 3 5 6 4 4 4 6 7 2 3 4 6 7 7 8 5 4 7 7 
2 7 5 4 3 4 5 3 6 5 4 5 3 3 4 1 4 5 6 2 4 6 4 2 0 4 6 3 3 3 5 4 5 3 4 4 4 4 3 5 2 6 3 2 6 6 4 2 6 4 5 2 6 2 3 3 5 5 5 1 4 5 4 4 2 2 3 4 4 2 6 6 4 2 5 5 2 4 4 4 6 1 4 4 3 2 4 5 4 5 5 2 6 5 4 4 4 3 4 6 4 3 5 3 4 3 5 3 3 3 5 2 3 4 3 5 5 4 7 4 4 6 5 5 2 6 3 4 4 6 2 2 4 4 3 4 4 1 3 3 6 4 5 1 3 3 4 5 3 5 4 3 4 3 5 4 4 3 5 5 4 7 4 5 4 4 1 5 4 2 3 5 2 4 1 5 5 4 4 3 3 4 3 4 4 1 4 4 4 4 3 3 2 4 5 5 4 5 3 3 
2 2 2 3 1 3 1 2 1 2 2 2 1 3 2 1 3 2 1 1 2 2 1 1 2 0 2 2 3 2 2 2 2 3 2 2 1 2 2 2 2 3 1 2 1 3 3 0 1 2 1 2 1 1 3 2 3 3 2 2 1 1 2 3 2 1 1 2 2 2 1 2 2 1 2 2 2 3 2 1 2 2 3 2 2 2 3 2 2 2 2 2 3 2 4 1 1 2 2 2 1 3 3 1 3 1 1 1 3 1 2 2 2 2 2 1 2 2 2 3 3 2 2 2 2 4 2 2 1 3 1 2 3 2 3 3 2 3 1 1 2 2 2 2 1 1 2 3 2 2 1 1 3 3 3 3 3 2 2 2 1 3 1 2 1 1 2 3 2 3 1 2 4 2 2 2 3 2 3 2 2 1 3 1 1 2 3 1 3 2 3 3 2 2 2 2 2 2 2 1 
5 3 6 4 4 8 3 4 4 3 7 2 5 4 6 3 4 6 5 4 4 4 4 4 4 5 2 2 5 2 5 3 4 4 5 4 5 5 4 4 2 4 4 5 4 5 5 7 4 4 4 5 2 5 4 3 5 4 6 6 5 4 6 5 6 4 4 2 5 3 4 7 4 3 6 3 4 6 5 3 4 2 3 4 5 6 2 5 7 3 3 6 4 3 5 5 5 2 4 5 4 4 3 1 3 1 2 5 6 6 4 3 5 3 3 4 2 3 5 6 4 2 4 0 5 3 3 4 3 5 4 3 5 3 4 5 6 5 4 5 4 4 3 3 4 7 4 3 5 5 4 3 4 3 4 5 4 3 5 5 3 6 5 2 5 4 2 2 4 6 5 5 6 6 5 4 4 4 4 2 5 5 5 5 7 5 4 4 4 5 3 3 4 4 4 3 1 4 4 1 
8 6 4 6 2 10 8 6 6 11 7 4 9 8 5 5 7 9 5 6 7 3 8 12 9 9 7 9 7 4 5 9 8 8 10 12 7 5 8 5 9 3 4 5 8 5 7 7 7 9 1 4 5 8 6 14 7 6 5 7 9 6 6 9 8 13 10 14 8 11 6 6 5 7 9 4 5 7 5 5 5 8 11 5 8 7 5 7 7 2 11 5 6 6 4 10 7 5 5 3 6 11 3 7 3 6 4 12 4 3 4 8 4 7 9 7 10 10 5 4 7 4 10 7 4 5 7 3 10 6 7 9 6 8 0 8 8 6 5 7 4 8 3 5 6 6 8 10 7 8 8 11 6 5 6 8 10 12 3 6 7 7 8 9 5 7 5 8 5 8 11 8 4 9 10 9 8 7 9 9 4 6 11 5 4 7 9 6 6 5 3 5 9 8 7 7 11 6 4 9 
11 7 14 9 10 13 8 9 8 13 5 9 10 6 13 8 13 11 13 8 13 7 10 10 5 2 8 10 13 10 6 8 11 10 6 13 15 1 6 12 10 8 12 5 9 13 6 7 17 8 13 7 9 7 13 10 8 7 7 9 5 5 11 7 10 9 11 10 11 14 8 14 9 6 8 6 9 10 9 15 5 9 13 15 11 10 11 6 10 11 11 4 7 15 7 10 10 3 13 7 11 10 8 11 13 16 13 16 11 10 6 10 12 12 14 12 6 9 10 9 5 6 5 5 11 7 2 11 7 12 5 10 10 13 11 11 8 8 10 9 8 7 12 13 5 10 6 4 11 10 4 4 12 11 6 13 3 6 8 13 9 16 3 6 8 12 14 10 9 10 13 10 8 11 9 15 9 11 5 11 11 7 10 12 14 7 10 9 8 6 7 10 11 10 7 6 8 9 7 9 
4 3 3 5 0 3 2 2 2 3 2 3 5 4 1 2 3 2 4 2 3 2 2 4 3 5 2 3 3 3 4 2 3 3 3 2 4 3 2 4 5 3 1 3 1 3 2 3 1 2 4 3 2 3 3 3 5 5 3 4 3 4 4 4 2 3 3 1 2 4 4 4 4 1 2 5 3 4 2 2 1 3 4 3 2 3 2 3 3 3 3 2 3 2 3 3 3 2 4 2 2 3 5 3 3 4 2 4 3 2 2 2 3 3 3 3 2 4 2 1 2 3 3 4 4 4 2 4 4 5 2 3 2 2 2 2 4 3 2 5 4 4 2 2 2 3 3 2 3 1 4 2 4 2 2 3 3 3 4 1 4 3 2 5 3 3 3 3 3 5 4 4 5 3 4 2 3 4 2 4 1 4 2 3 2 1 2 3 1 3 4 2 2 3 4 3 3 2 3 3 
6 2 5 5 5 6 2 5 4 3 6 3 2 4 6 4 3 6 4 3 3 2 5 5 3 6 6 6 6 2 4 6 4 5 6 3 4 6 5 3 6 2 5 2 3 1 5 3 5 6 5 4 7 5 5 6 3 6 2 5 4 4 4 3 2 3 3 4 2 4 4 4 5 5 3 6 4 4 4 5 7 3 4 6 0 4 5 3 4 4 3 5 6 2 4 2 4 4 3 4 6 6 5 2 2 4 3 2 3 4 2 5 4 7 5 3 5 4 4 4 4 5 4 3 3 3 4 5 5 4 5 3 4 4 6 6 3 2 5 3 4 5 2 5 3 5 7 4 6 3 4 4 5 4 3 4 1 3 3 3 2 5 3 4 4 4 5 4 6 5 6 2 5 3 5 6 4 5 1 1 8 5 3 5 3 4 4 3 4 5 3 4 5 5 4 2 4 4 2 4 
4 2 2 2 3 1 3 2 2 1 2 3 3 1 2 1 2 2 3 3 2 2 3 2 2 2 3 4 2 2 2 1 2 2 3 2 1 3 3 3 1 3 3 2 1 2 2 2 2 3 1 2 2 1 2 2 2 2 1 2 3 1 2 1 2 2 2 2 2 3 1 2 3 3 1 3 2 3 1 2 2 2 2 2 1 2 2 2 3 2 2 1 2 2 3 2 3 1 2 1 1 2 1 2 2 1 2 2 2 2 2 2 1 2 3 2 3 2 2 3 2 1 2 2 3 2 2 4 2 3 3 2 2 3 3 1 2 2 3 1 1 1 3 1 3 1 2 1 2 1 3 2 2 2 2 2 1 2 3 2 2 2 3 3 3 2 2 1 1 1 2 3 3 2 4 1 1 1 2 2 1 2 2 2 3 3 3 1 2 3 3 3 3 2 1 2 2 3 2 2 
11 6 10 13 7 8 9 5 6 11 7 12 8 6 10 6 6 9 7 8 6 4 7 9 8 6 6 12 6 12 6 10 2 8 3 3 9 11 9 4 9 5 6 9 7 11 9 9 7 9 10 6 5 13 6 7 7 7 4 5 5 4 6 4 6 3 8 9 9 8 7 6 7 8 9 7 5 10 11 3 10 11 7 8 8 2 7 7 4 11 7 5 11 7 5 8 9 9 8 9 12 8 8 11 6 12 6 6 7 5 6 9 11 9 6 6 8 8 8 10 4 2 9 9 8 12 4 9 8 13 8 5 11 6 11 8 10 7 6 8 9 6 6 9 8 4 6 11 7 6 7 10 9 9 9 6 11 8 8 9 5 10 9 8 7 8 8 3 7 13 8 9 8 6 11 7 8 9 9 6 10 8 5 10 14 11 9 5 6 9 5 7 5 7 6 9 10 9 12 13 
7 5 3 4 3 7 5 5 4 5 6 3 5 5 6 2 5 4 4 5 1 3 1 5 4 3 5 6 6 5 1 4 5 4 5 4 5 4 5 2 4 3 4 4 3 3 2 3 3 2 5 4 3 4 5 5 3 5 6 6 3 4 5 4 6 3 4 5 2 3 5 6 4 4 5 2 2 3 3 5 2 5 3 3 1 3 2 5 4 5 5 6 3 5 4 3 4 5 6 7 2 6 3 2 3 5 4 4 6 4 3 4 2 2 3 5 2 7 5 6 5 5 4 3 4 3 4 6 4 4 6 5 4 3 4 2 5 3 2 3 5 4 4 4 4 2 4 5 5 5 6 3 5 2 3 2 6 3 2 3 3 3 5 4 5 4 3 3 7 6 3 4 4 3 4 4 3 3 4 3 7 4 2 6 2 4 6 4 5 3 4 3 5 4 3 4 5 2 4 5 
4 5 6 4 2 5 3 4 5 3 6 4 3 5 3 4 7 2 5 7 5 5 3 3 4 3 5 5 3 4 5 3 3 5 4 4 5 6 4 3 3 1 5 5 6 6 3 4 4 3 0 4 2 5 5 5 2 5 5 4 5 4 5 3 6 3 3 5 5 4 3 3 3 4 2 5 3 6 5 3 4 4 2 4 3 6 4 4 5 4 3 5 3 2 3 3 5 6 4 4 7 5 2 3 3 4 6 2 2 4 4 5 3 5 3 4 4 2 5 4 5 5 4 3 6 4 4 5 3 4 5 1 4 5 3 3 4 5 4 3 5 3 4 3 2 7 4 6 4 3 4 5 2 4 5 4 5 3 7 2 5 7 3 4 2 1 4 2 5 3 5 3 3 6 2 5 4 4 4 3 3 3 4 2 4 4 3 3 3 3 6 3 7 2 3 6 4 4 5 4 
4 9 5 6 8 4 4 2 5 8 5 6 2 12 8 6 7 4 8 6 7 4 6 5 3 7 5 4 4 4 8 6 8 5 8 10 5 8 4 2 4 6 7 6 9 7 9 5 7 4 8 5 8 2 6 9 6 7 7 5 5 8 6 8 3 5 7 4 3 3 5 7 4 8 7 9 10 8 9 7 6 6 5 6 5 8 9 10 6 10 6 2 6 4 8 8 6 6 6 5 7 5 5 9 6 8 5 3 6 8 4 6 6 1 4 8 7 3 3 8 5 8 7 4 7 10 5 8 5 3 9 4 5 5 7 6 7 7 6 8 4 7 5 10 3 7 3 5 8 0 3 6 6 9 4 6 4 6 7 7 5 7 8 5 7 8 6 9 4 6 4 7 6 3 6 7 6 8 3 8 6 7 8 4 5 3 5 4 4 5 5 6 6 1 9 4 7 7 9 5 
1 1 1 1 1 1 1 1 1 1 1 1 1 1 1 1 1 1 1 1 1 1 1 2 1 2 1 1 1 1 1 2 1 1 1 0 1 1 1 1 1 0 1 1 1 1 1 1 1 1 1 1 1 1 1 1 1 1 2 1 1 2 2 1 1 1 1 0 1 1 1 0 1 1 1 1 1 1 1 1 0 1 1 1 1 1 1 1 1 0 1 0 1 1 1 1 1 1 1 1 1 1 1 2 1 1 1 1 0 1 1 0 1 1 1 0 1 1 1 1 1 1 1 1 2 1 1 1 1 1 0 1 1 1 1 1 1 2 1 1 1 1 1 1 1 1 1 1 1 0 2 1 1 1 1 1 1 1 1 3 1 1 1 2 1 1 1 1 1 1 1 0 1 1 1 1 2 1 1 1 1 1 1 1 1 1 0 1 1 1 1 1 1 0 1 1 1 1 1 1 
2 7 13 8 11 9 10 8 7 20 11 16 4 11 8 13 10 6 7 12 11 9 10 11 8 8 16 11 12 12 7 18 8 14 12 9 16 10 7 6 7 13 6 6 11 11 7 8 7 3 5 11 18 9 1 6 8 12 9 15 9 13 8 13 7 7 18 5 10 12 10 10 10 6 12 10 5 11 11 12 8 10 9 8 8 3 8 10 10 8 14 11 15 8 10 9 10 11 11 6 7 12 12 10 16 10 16 2 11 10 13 1 8 8 15 12 13 14 10 8 9 9 12 14 10 7 18 10 8 8 10 14 7 13 16 11 5 11 12 15 4 6 12 13 14 16 8 8 9 3 13 4 12 9 9 9 7 11 12 4 12 12 8 12 12 12 11 9 11 9 10 13 7 10 4 8 10 14 6 16 7 11 9 4 8 9 12 8 6 20 9 11 10 4 14 5 8 10 5 20 
1 4 3 3 3 3 2 3 2 4 5 1 3 2 2 4 4 4 1 5 5 3 1 4 2 4 3 1 1 4 3 3 5 3 4 5 3 1 3 2 4 4 4 3 4 3 2 2 4 4 3 3 2 2 3 4 2 2 4 4 4 3 2 5 4 3 3 3 4 2 3 2 2 3 3 2 4 3 2 5 1 2 2 1 3 4 4 4 2 2 1 3 2 3 3 4 4 4 2 3 3 4 4 6 3 3 3 3 4 2 3 1 3 5 4 2 1 3 3 3 4 4 3 4 3 2 2 5 4 4 1 4 4 3 3 2 4 1 3 3 5 5 1 2 4 3 3 0 3 2 3 3 2 2 3 1 2 4 4 4 2 4 3 2 2 5 3 4 4 5 4 3 3 5 4 3 3 3 1 3 3 4 3 1 2 3 2 3 5 3 3 1 3 3 3 3 4 3 2 2 
7 6 8 11 10 11 10 6 7 8 3 8 12 5 11 5 7 6 10 8 8 6 9 4 6 7 3 8 7 0 10 8 7 12 7 6 7 6 11 9 6 8 9 11 7 4 7 6 5 10 4 9 6 10 3 10 5 5 7 4 10 9 6 8 5 8 7 10 6 7 6 9 4 4 4 5 13 13 10 5 11 7 8 7 5 11 7 5 6 7 8 9 8 11 8 9 8 5 10 8 7 7 7 5 8 8 9 7 7 7 9 10 5 9 5 4 8 11 8 8 11 6 6 10 13 5 6 9 9 8 5 4 10 4 5 6 8 7 3 9 12 11 3 8 9 7 7 4 5 9 2 8 10 10 9 5 8 6 9 5 8 6 9 8 9 7 6 6 6 6 8 11 8 7 10 9 7 6 4 8 10 3 8 8 8 9 8 4 9 9 8 4 9 6 4 10 7 5 5 4 
1 1 1 1 1 0 1 1 1 1 1 1 1 2 1 1 1 1 1 1 0 0 1 1 2 1 1 1 1 0 1 1 1 1 2 1 1 1 1 1 1 0 1 1 1 1 1 1 1 1 1 0 1 1 1 1 1 1 1 1 1 1 1 1 1 1 1 1 1 1 1 1 1 1 2 0 1 1 1 1 1 1 1 1 1 1 1 1 1 1 1 1 1 1 1 1 1 0 1 1 1 1 1 1 1 1 1 1 1 1 1 1 0 1 2 1 1 1 2 1 1 1 1 1 1 1 1 0 1 1 1 1 1 1 1 1 1 0 1 1 1 1 2 1 1 1 1 1 1 1 1 1 1 0 1 1 0 1 2 1 1 1 1 1 1 1 1 1 1 1 1 1 1 2 1 1 1 1 1 1 1 1 0 1 1 1 1 1 1 1 1 1 1 1 1 1 2 1 1 1 
5 6 6 6 4 4 8 9 8 2 5 4 7 2 4 9 6 6 7 4 8 7 8 5 4 3 7 6 8 5 7 3 3 6 6 8 6 4 2 6 8 8 7 3 4 6 4 3 4 4 10 8 4 6 4 5 7 6 5 6 1 6 11 5 7 1 5 8 4 3 7 4 8 7 7 7 1 6 8 4 9 5 5 4 5 6 3 7 11 9 8 3 5 5 6 6 8 7 3 7 4 7 4 8 5 8 6 6 3 8 5 5 5 8 9 4 3 7 7 7 5 6 8 7 6 3 5 8 10 7 7 5 5 4 5 8 8 5 4 6 5 11 6 11 7 7 6 6 3 6 2 7 8 8 3 4 2 7 10 5 8 4 8 8 4 9 6 8 5 5 8 6 6 7 7 7 7 8 10 6 4 5 7 5 6 7 5 6 10 8 4 5 5 4 11 3 1 1 7 5 
6 12 7 11 15 11 9 3 9 9 7 11 5 8 12 14 14 13 14 10 13 7 7 10 10 12 9 9 10 11 9 4 8 10 7 9 8 13 8 11 11 7 10 14 12 6 4 8 10 10 7 11 5 8 2 7 9 13 6 5 3 7 12 10 5 4 12 14 3 13 8 5 11 5 8 7 11 13 14 10 7 11 10 5 11 3 15 11 10 13 10 9 9 7 9 4 12 10 10 11 13 9 7 7 11 7 8 11 14 7 9 4 5 10 1 8 7 10 8 10 10 11 9 8 12 14 7 11 13 9 11 8 5 10 11 6 8 8 6 10 7 4 6 12 14 5 8 5 10 11 7 7 6 10 8 10 11 10 3 3 5 9 11 6 15 7 9 11 5 5 10 15 7 8 13 10 11 10 7 8 4 9 9 9 8 9 15 11 8 15 9 12 7 6 9 7 5 8 12 9 
7 5 4 3 3 8 7 6 6 7 5 3 6 6 3 2 6 4 5 5 4 5 2 7 4 5 6 3 4 6 4 5 7 2 7 5 5 5 7 4 7 6 6 7 6 5 6 7 6 6 6 4 6 4 6 3 5 4 4 3 6 4 6 10 3 5 6 5 4 7 6 8 5 3 4 5 5 5 5 6 5 6 4 6 4 6 4 7 5 4 5 8 5 5 5 6 6 5 5 4 4 7 7 4 5 3 6 5 6 3 5 4 7 5 3 6 4 6 4 6 5 6 5 3 6 3 7 5 5 5 4 6 7 7 5 8 3 4 0 4 5 5 4 4 5 6 7 4 4 6 5 8 8 5 7 6 6 6 6 3 3 1 8 3 5 6 7 7 5 2 2 0 8 6 5 5 6 4 5 6 7 6 5 3 5 3 7 7 3 6 8 7 6 0 4 4 5 6 3 2 
1 2 1 2 2 3 1 2 2 2 2 2 2 1 2 2 3 2 3 3 2 2 2 2 1 2 2 2 2 2 1 2 1 3 2 3 1 3 2 2 3 3 3 3 2 2 2 1 2 1 2 2 2 1 1 2 2 2 3 2 3 2 2 2 2 2 1 0 1 2 2 2 2 2 2 1 1 2 3 3 2 2 1 2 1 1 3 1 2 2 1 2 2 2 3 4 2 3 3 2 1 3 0 3 1 3 2 2 1 1 2 2 3 2 1 2 2 1 2 3 3 3 1 2 2 2 2 2 2 1 2 2 2 2 2 1 2 2 3 1 2 3 2 3 2 2 2 1 2 1 1 1 2 2 1 3 2 1 2 3 2 3 1 2 3 2 1 2 3 3 1 1 3 1 2 3 2 3 2 1 3 3 3 1 1 1 1 2 2 3 3 3 2 1 2 4 2 1 2 3 
1 1 0 1 1 0 1 1 1 2 1 1 1 1 1 1 1 1 1 1 1 1 1 1 1 1 1 1 1 1 1 1 1 1 1 1 1 1 1 2 1 1 1 1 1 1 1 1 1 1 1 1 1 1 1 0 1 1 1 1 1 1 1 1 1 1 1 1 1 1 1 2 1 1 1 1 1 2 1 1 1 1 1 1 1 1 1 1 1 1 1 1 1 1 1 1 1 1 2 1 2 1 1 1 1 1 1 1 1 1 1 1 1 0 1 1 1 1 1 1 0 1 1 1 1 1 1 1 1 1 2 1 1 1 1 1 1 1 1 1 1 0 1 1 1 1 1 1 1 1 1 1 1 1 0 1 1 1 1 1 1 1 1 1 1 1 1 1 1 1 1 1 1 1 1 1 1 1 1 1 1 1 1 1 0 1 1 1 1 1 1 1 1 1 1 1 1 1 1 1 
9 4 9 10 7 6 12 3 5 3 7 10 6 9 12 6 7 6 6 7 14 14 11 9 12 5 8 11 13 8 9 10 8 12 14 11 11 7 12 9 6 6 11 9 11 10 13 10 5 10 11 9 8 5 7 9 9 12 4 8 13 13 14 6 11 10 11 12 8 3 10 8 13 10 7 8 9 8 6 7 11 10 6 7 5 11 13 12 4 9 8 9 8 9 8 12 9 6 13 6 9 9 9 3 4 8 8 8 7 11 11 6 12 7 10 10 6 16 10 7 6 8 11 7 12 12 12 8 14 9 7 10 6 11 9 7 9 6 8 2 6 12 9 8 13 5 4 8 10 11 12 7 15 5 13 8 10 14 13 13 9 8 10 12 6 8 9 13 13 10 9 13 13 7 12 8 7 12 7 9 12 8 9 14 7 5 6 7 16 3 8 9 10 6 5 9 12 11 14 7 
0 4 3 3 5 2 3 3 4 4 2 3 3 2 2 4 4 3 3 2 2 2 3 3 4 4 5 3 3 3 3 2 4 3 3 4 3 2 3 3 4 2 3 3 4 3 2 3 3 4 3 3 4 3 3 2 4 2 4 4 5 2 4 2 2 3 4 4 2 4 4 5 3 4 3 3 2 3 1 4 4 1 2 3 1 4 3 2 3 2 5 4 3 5 0 3 3 2 3 1 2 4 2 3 3 4 2 3 2 1 3 2 4 4 4 2 4 2 3 2 1 4 4 3 3 3 2 4 3 4 6 3 4 2 3 3 2 5 3 4 2 4 3 3 4 4 2 5 3 2 3 2 5 4 3 3 2 3 2 5 3 2 2 1 4 2 4 1 2 3 2 2 4 4 3 4 4 3 4 3 2 3 3 2 4 2 4 2 4 3 2 4 5 2 3 3 3 3 2 3 
6 5 6 4 6 6 4 5 6 6 5 3 8 7 3 4 5 6 5 2 1 6 8 7 4 3 5 4 8 3 6 6 7 6 3 3 7 6 1 4 5 6 6 6 3 4 6 8 7 5 6 6 7 3 6 6 9 3 4 3 5 5 4 6 4 6 7 6 6 5 7 4 2 5 8 3 6 8 6 4 2 7 5 3 6 2 4 5 3 4 3 1 3 5 7 5 2 2 5 5 6 4 5 7 1 6 3 8 5 7 5 1 6 3 3 4 4 5 7 5 4 6 4 6 7 6 5 5 3 8 5 5 5 8 8 6 7 4 5 6 5 4 4 5 6 6 4 4 5 5 5 3 3 4 4 5 3 4 5 4 3 8 6 7 8 3 7 8 3 6 4 5 4 5 4 5 5 2 5 3 4 4 2 6 6 4 4 3 5 5 4 6 4 3 4 3 5 6 7 3 
