NAME  : Jabali_50_3_0.88_1_8
TYPE : SVRP
MODEL : FINITE_SUPPORT
NUMBER_OF_SCENARIOS : 200
DIMENSION : 50
EDGE_WEIGHT_TYPE : MATRIX
CAPACITY : 110
N_VEHICLES : 3
NODE_COORD_SECTION
1 3540 3781
2 4978 2991
3 1658 7591
4 2644 7442
5 7630 5916
6 3825 8130
7 716 4193
8 1990 7552
9 6727 7090
10 5534 1974
11 2130 3821
12 1614 8369
13 390 2180
14 1961 3808
15 1185 7971
16 4055 2645
17 2500 1122
18 1730 3019
19 8492 6678
20 4020 2707
21 647 1518
22 1132 4851
23 3149 3373
24 1367 7757
25 4322 3888
26 5557 6544
27 721 3103
28 3166 7747
29 27 2570
30 6554 6734
31 6536 4212
32 2467 701
33 5854 6332
34 5461 3383
35 1008 2052
36 3605 7533
37 5830 2625
38 4116 5865
39 2488 2505
40 2770 4598
41 7813 4890
42 1614 8872
43 6249 18
44 3029 6108
45 6115 7168
46 5030 5104
47 6277 3215
48 7248 5404
49 6796 7377
50 6859 7071
DEMAND_SECTION
1 0.0
2 2.0
3 9.0
4 9.0
5 9.0
6 2.0
7 10.0
8 9.0
9 8.0
10 8.0
11 4.0
12 6.0
13 9.0
14 7.0
15 10.0
16 2.0
17 7.0
18 4.0
19 3.0
20 6.0
21 6.0
22 10.0
23 4.0
24 4.0
25 3.0
26 4.0
27 5.0
28 3.0
29 10.0
30 8.0
31 4.0
32 7.0
33 6.0
34 9.0
35 4.0
36 5.0
37 6.0
38 7.0
39 10.0
40 6.0
41 4.0
42 2.0
43 5.0
44 2.0
45 5.0
46 5.0
47 2.0
48 6.0
49 7.0
50 6.0
DEVIATION_SECTION
1 0.0
2 0.666667
3 3.0
4 3.0
5 3.0
6 0.666667
7 3.33333
8 3.0
9 2.66667
10 2.66667
11 1.33333
12 2.0
13 3.0
14 2.33333
15 3.33333
16 0.666667
17 2.33333
18 1.33333
19 1.0
20 2.0
21 2.0
22 3.33333
23 1.33333
24 1.33333
25 1.0
26 1.33333
27 1.66667
28 1.0
29 3.33333
30 2.66667
31 1.33333
32 2.33333
33 2.0
34 3.0
35 1.33333
36 1.66667
37 2.0
38 2.33333
39 3.33333
40 2.0
41 1.33333
42 0.666667
43 1.66667
44 0.666667
45 1.66667
46 1.66667
47 0.666667
48 2.0
49 2.33333
50 2.0
DISTANCE_MATRIX
0.0 24.3607 58.6552 53.0971 61.5369 64.5022 38.6394 56.3044 61.0629 40.5276 19.6469 68.2573 47.3814 20.8806 64.7474 16.5137 39.2221 26.2488 76.5805 16.5137 49.0918 36.1248 7.2111 61.9865 10.0499 49.705 39.1152 56.9804 49.8197 55.6907 41.2311 44.2901 47.0893 27.0185 41.4005 56.4562 34.73 33.6024 21.5407 15.2643 59.6825 74.3321 67.1539 36.618 57.3863 26.1027 38.0526 54.6717 63.4668 60.7708 
24.3607 0.0 80.6716 71.4529 53.8941 71.1168 62.075 77.9999 59.3149 17.6205 43.0122 90.0899 64.6498 44.0476 87.2155 14.0416 43.2672 45.9659 69.5426 14.0416 64.3818 60.4209 28.0768 84.2778 15.0 48.6158 59.5674 69.6922 68.7083 54.1536 27.6125 46.4121 46.0 9.07107 57.4532 65.0079 14.3693 39.4537 36.0 39.0 47.4533 95.0424 46.8219 58.0442 56.2971 28.2488 19.088 45.8292 62.1332 59.2189 
58.6552 80.6716 0.0 13.0384 84.006 29.0689 49.0408 4.0 68.884 94.2921 51.4782 9.84886 76.3217 52.0 7.28011 71.7453 88.1022 62.2977 92.228 71.7453 84.0119 39.2046 60.0 4.12311 68.9798 55.1453 63.3877 19.9249 73.0068 66.2722 82.2192 93.0376 59.0762 79.477 76.4853 25.4951 89.5786 42.5441 69.7711 43.4261 91.6685 16.1555 123.494 28.8444 59.5399 57.9396 87.7783 82.2982 67.4685 67.897 
53.0971 71.4529 13.0384 0.0 71.0 17.6918 51.1957 9.05539 55.9017 85.0734 48.6621 18.7883 77.2334 49.4975 20.025 66.1872 84.1197 60.407 79.2465 66.1872 84.0 41.0 54.4815 17.0 59.7611 42.2966 64.2806 7.81025 74.9667 53.2353 70.3847 89.1852 46.1736 68.5881 76.0263 12.6491 79.1686 31.6228 65.8027 37.868 78.9177 23.6008 114.275 20.2485 46.5296 46.5296 76.8505 69.4622 54.5711 54.9181 
61.5369 53.8941 84.006 71.0 0.0 59.2284 96.0754 80.0062 18.868 60.208 80.2857 88.3629 108.894 81.6243 91.0055 77.8063 93.0798 87.7821 15.6525 77.8063 110.419 89.4606 68.593 88.0 54.037 29.4279 100.514 65.192 111.337 18.6815 27.6586 96.2247 25.318 45.31 102.778 59.1354 50.9902 48.4665 82.8527 68.6452 13.8924 91.0824 82.2192 62.4606 25.9615 37.2022 41.4367 8.24621 22.2036 19.7231 
64.5022 71.1168 29.0689 17.6918 59.2284 0.0 66.4831 25.5539 42.0476 84.6182 60.5595 30.2655 91.0055 61.541 34.7851 77.5922 95.6942 72.541 65.0308 77.5922 96.9287 56.4624 65.8866 32.311 59.8845 33.6155 78.339 9.89949 89.56 40.6079 66.022 100.762 36.6742 68.0116 88.7678 8.06226 78.6411 32.6956 77.473 49.2731 69.2892 32.0624 113.767 29.0689 33.3766 44.5841 75.1794 59.4643 40.0125 41.0488 
38.6394 62.075 49.0408 51.1957 96.0754 66.4831 0.0 49.0408 92.2165 70.5762 19.105 58.3095 27.4591 18.0278 51.788 48.0416 47.634 20.5913 109.643 48.0416 35.7351 10.198 34.0147 50.3587 48.6621 80.8586 14.8661 57.5674 24.0208 86.8443 79.404 51.6624 78.2428 65.4905 29.0689 58.6941 72.0 56.8702 32.6956 29.1548 97.126 64.4981 93.6485 39.789 82.1425 59.3075 76.531 90.5858 91.3335 91.9243 
56.3044 77.9999 4.0 9.05539 80.0062 25.5539 49.0408 0.0 64.9384 91.6204 49.98 12.0416 76.0592 50.5964 11.1803 69.3945 86.406 61.131 88.2836 69.3945 83.4865 39.0 57.6888 8.06226 66.3081 51.1566 63.0714 16.1555 73.0616 62.2896 78.4347 91.3893 55.0818 75.8662 75.8024 21.587 86.4467 38.9102 68.0294 41.0753 87.6954 18.0278 120.822 25.6125 55.5788 54.231 84.1675 78.3135 63.561 63.9531 
61.0629 59.3149 68.884 55.9017 18.868 42.0476 92.2165 64.9384 0.0 69.1158 78.2469 72.0278 110.392 79.5364 75.5381 77.3427 100.086 90.0642 23.3452 77.3427 109.811 82.0288 68.1276 72.6911 55.0292 19.8494 98.8914 49.2544 110.551 5.38516 38.3275 101.727 16.6433 52.0096 102.281 43.4166 60.2993 45.0356 82.3891 64.7951 31.8277 74.108 94.5939 51.6236 9.48683 35.0982 51.9711 22.8035 3.60555 1.0 
40.5276 17.6205 94.2921 85.0734 60.208 84.6182 70.5762 91.6204 69.1158 0.0 52.1728 103.71 67.4463 52.9528 100.836 24.5967 39.1152 52.0096 75.4321 24.5967 64.0781 70.6045 37.3631 97.8983 28.6205 59.5869 65.192 83.2711 72.5672 64.2806 32.5576 41.2311 56.9711 17.72 59.4811 78.6003 9.21954 53.0326 40.5294 52.3343 50.6952 108.663 29.2062 71.6647 67.2681 41.1461 18.9737 51.9711 72.2496 69.1809 
19.6469 43.0122 51.4782 48.6621 80.2857 60.5595 19.105 49.98 78.2469 52.1728 0.0 61.327 32.2025 1.41421 56.4358 29.0 36.7151 12.0416 95.6738 29.0 36.8782 18.7883 15.0333 54.1202 29.6142 66.889 21.2603 53.0377 32.8024 72.8747 60.7454 41.5933 64.2733 46.3897 28.6356 52.5136 53.0377 42.9006 18.6011 14.3178 78.732 67.624 77.214 32.6754 77.1945 45.3292 57.4282 73.4335 80.6508 77.9548 
68.2573 90.0899 9.84886 18.7883 88.3629 30.2655 58.3095 12.0416 72.0278 103.71 61.327 0.0 85.7088 61.8466 7.61577 81.3474 97.9439 72.111 95.1893 81.3474 93.5575 48.6621 69.6348 8.0 78.3981 60.4152 72.8354 23.1948 82.1523 70.0643 89.1572 102.883 64.1327 87.2251 86.122 29.2746 97.8056 50.2494 79.6053 53.0282 97.0824 6.32456 132.912 37.5366 63.0079 65.2993 95.5249 87.4757 70.1783 71.0282 
47.3814 64.6498 76.3217 77.2334 108.894 91.0055 27.4591 76.0592 110.392 67.4463 32.2025 85.7088 0.0 30.8707 79.2465 51.8652 32.1403 21.4009 123.938 51.8652 9.21954 37.1214 40.3113 77.7817 56.1393 99.0336 13.0 82.8734 6.7082 105.019 87.8607 33.9559 96.4178 69.7209 8.06226 82.9759 72.7367 75.0452 28.6531 46.5188 106.653 91.9239 83.1505 63.146 109.339 73.4603 79.6755 101.936 112.795 110.099 
20.8806 44.0476 52.0 49.4975 81.6243 61.541 18.0278 50.5964 79.5364 52.9528 1.41421 61.8466 30.8707 0.0 56.8243 30.0167 36.3593 11.0 96.9633 30.0167 35.6931 18.3576 16.0 54.5619 30.8058 68.1785 19.8494 54.0093 31.4006 74.1642 62.0322 41.1825 65.5627 47.5184 27.4591 53.4951 54.0093 44.19 18.4391 15.6525 80.0706 68.1542 77.8049 33.6569 78.4839 46.6186 58.5491 74.7721 81.9403 79.2442 
64.7474 87.2155 7.28011 20.025 91.0055 34.7851 51.788 11.1803 75.5381 100.836 56.4358 7.61577 79.2465 56.8243 0.0 77.8367 93.1504 66.7083 98.8585 77.8367 87.3212 42.45 65.9469 3.16228 75.5237 62.2896 66.4906 26.3059 75.4255 73.1095 89.493 98.0051 66.1891 86.3063 80.0812 32.1403 96.3681 49.7695 74.9466 49.5183 98.859 13.0384 128.477 35.8469 66.2722 65.192 94.9889 89.4539 73.9797 74.5453 
16.5137 14.0416 71.7453 66.1872 77.8063 77.5922 48.0416 69.3945 77.3427 24.5967 29.0 81.3474 51.8652 30.0167 77.8367 0.0 40.9964 32.311 92.8603 0.0 51.7549 46.7547 14.0357 75.0765 25.0416 65.9848 45.8803 70.0704 55.4707 71.9705 37.6541 44.2532 63.369 19.1127 44.8219 69.5463 24.0832 57.768 23.4307 28.3204 57.4949 87.4222 52.4976 49.7081 73.6661 42.3825 29.1296 70.8379 79.7466 77.0506 
39.2221 43.2672 88.1022 84.1197 93.0798 95.6942 47.634 86.406 100.086 39.1152 36.7151 97.9439 32.1403 36.3593 93.1504 40.9964 0.0 27.5862 108.714 40.9964 26.3059 53.1507 32.3153 90.824 47.7851 87.9818 35.7771 88.1725 38.4708 94.714 66.2725 5.09902 86.1125 47.8165 24.3311 87.6483 46.0977 75.87 18.3848 46.6323 85.9207 104.216 51.0392 67.8101 95.663 65.126 55.1543 84.9621 102.49 99.794 
26.2488 45.9659 62.2977 60.407 87.7821 72.541 20.5913 61.131 90.0642 52.0096 12.0416 72.111 21.4009 11.0 66.7083 32.311 27.5862 0.0 102.826 32.311 25.0 25.6125 19.4165 64.622 35.2036 78.7063 13.6015 65.0077 23.6008 84.692 66.925 32.0156 76.0905 51.037 16.7631 64.4951 54.9181 54.7179 12.3693 25.9615 85.7174 78.4347 73.3757 44.6569 89.0117 52.348 61.0539 80.9197 92.4681 89.7721 
76.5805 69.5426 92.228 79.2465 15.6525 65.0308 109.643 88.2836 23.3452 75.4321 95.6738 95.1893 123.938 96.9633 98.8585 92.8603 108.714 102.826 0.0 92.8603 125.473 102.887 83.6451 96.026 69.4046 40.7063 115.558 72.5603 126.38 26.5707 43.0116 111.859 36.7151 60.9262 117.832 66.7533 66.2193 61.4804 97.9067 82.222 26.0 97.0 96.0052 74.028 32.7567 51.6236 56.5155 23.7697 25.02 24.3311 
16.5137 14.0416 71.7453 66.1872 77.8063 77.5922 48.0416 69.3945 77.3427 24.5967 29.0 81.3474 51.8652 30.0167 77.8367 0.0 40.9964 32.311 92.8603 0.0 51.7549 46.7547 14.0357 75.0765 25.0416 65.9848 45.8803 70.0704 55.4707 71.9705 37.6541 44.2532 63.369 19.1127 44.8219 69.5463 24.0832 57.768 23.4307 28.3204 57.4949 87.4222 52.4976 49.7081 73.6661 42.3825 29.1296 70.8379 79.7466 77.0506 
49.0918 64.3818 84.0119 84.0 110.419 96.9287 35.7351 83.4865 109.811 64.0781 36.8782 93.5575 9.21954 35.6931 87.3212 51.7549 26.3059 25.0 125.473 51.7549 0.0 44.911 41.8808 85.703 57.6542 98.4527 20.8806 89.202 15.6205 104.438 87.9943 27.0185 95.8369 69.4529 8.24621 88.8828 70.0021 79.6969 28.3196 50.9608 109.057 99.8248 77.026 69.0446 113.991 74.8504 78.892 103.45 112.214 109.518 
36.1248 60.4209 39.2046 41.0 89.4606 56.4624 10.198 39.0 82.0288 70.6045 18.7883 48.6621 37.1214 18.3576 42.45 46.7547 53.1507 25.6125 102.887 46.7547 44.911 0.0 33.2415 40.7922 46.0435 64.3058 24.1868 47.4342 34.1321 77.9138 75.2725 57.6281 71.4868 63.0317 37.6431 48.7545 70.7902 50.1141 36.2353 23.5372 91.3947 54.9181 95.9722 30.4795 72.8499 53.1413 74.0068 84.309 82.0409 81.1752 
7.2111 28.0768 60.0 54.4815 68.593 65.8866 34.0147 57.6888 68.1276 37.3631 15.0333 69.6348 40.3113 16.0 65.9469 14.0357 32.3153 19.4165 83.6451 14.0357 41.8808 33.2415 0.0 63.2535 15.8284 56.7697 32.6497 58.3648 43.0116 62.7554 47.5498 37.3833 54.1539 32.2563 34.2053 57.8407 38.0132 46.0623 14.5602 16.6433 66.2873 75.7166 63.2851 38.0024 64.451 33.1674 43.2759 61.6198 70.5315 67.8355 
61.9865 84.2778 4.12311 17.0 88.0 32.311 50.3587 8.06226 72.6911 97.8983 54.1202 8.0 77.7817 54.5619 3.16228 75.0765 90.824 64.622 96.026 75.0765 85.703 40.7922 63.2535 0.0 72.586 59.2115 64.9384 23.5372 74.1687 70.1783 86.3308 95.7131 63.1269 83.3686 78.339 29.2746 93.1848 46.6154 72.5603 46.7573 95.7576 14.1421 125.717 32.7567 63.3877 62.0322 91.8389 86.3713 71.1969 71.7008 
10.0499 15.0 68.9798 59.7611 54.037 59.8845 48.6621 66.3081 55.0292 28.6205 29.6142 78.3981 56.1393 30.8058 75.5237 25.0416 47.7851 35.2036 69.4046 25.0416 57.6542 46.0435 15.8284 72.586 0.0 43.6713 48.3553 58.3872 58.8039 49.657 31.7648 52.853 41.0555 17.0 50.0135 53.7185 25.2982 28.1488 30.088 24.0416 50.8035 83.3506 57.8219 46.3524 51.3526 20.3961 28.0179 46.6905 57.4331 54.7371 
49.705 48.6158 55.1453 42.2966 29.4279 33.6155 80.8586 51.1566 19.8494 59.5869 66.889 60.4152 99.0336 68.1785 62.2896 65.9848 87.9818 78.7063 40.7063 65.9848 98.4527 64.3058 56.7697 59.2115 43.6713 0.0 87.5335 37.3631 99.1929 14.8661 32.4553 93.0497 4.12311 41.9815 95.4396 31.3209 51.2964 32.6956 70.3835 53.4372 36.6742 63.8905 86.7359 33.906 12.6491 23.7403 44.29 27.1662 21.095 19.2094 
39.1152 59.5674 63.3877 64.2806 100.514 78.339 14.8661 63.0714 98.8914 65.192 21.2603 72.8354 13.0 19.8494 66.4906 45.8803 35.7771 13.6015 115.558 45.8803 20.8806 24.1868 32.6497 64.9384 48.3553 87.5335 0.0 70.0357 11.6619 93.5192 80.0767 39.1152 84.9178 64.6384 14.4222 70.342 68.4471 63.5451 25.02 35.2278 98.7927 79.0759 84.9294 50.579 97.839 65.08 74.6554 93.662 101.295 98.5993 
56.9804 69.6922 19.9249 7.81025 65.192 9.89949 57.5674 16.1555 49.2544 83.2711 53.0377 23.1948 82.8734 54.0093 26.3059 70.0704 88.1725 65.0077 72.5603 70.0704 89.202 47.4342 58.3648 23.5372 58.3872 37.3631 70.0357 0.0 81.0247 47.0 67.3049 93.2404 41.0 67.1789 81.0987 6.08276 77.7817 30.4795 69.9512 41.7513 73.9797 26.5707 112.47 22.561 40.05 44.2041 74.8131 64.3273 47.676 48.2597 
49.8197 68.7083 73.0068 74.9667 111.337 89.56 24.0208 73.0616 110.551 72.5672 32.8024 82.1523 6.7082 31.4006 75.4255 55.4707 38.4708 23.6008 126.38 55.4707 15.6205 34.1321 43.0116 74.1687 58.8039 99.1929 11.6619 81.0247 0.0 105.179 90.5253 40.5216 96.5771 73.7794 14.1421 81.6088 76.896 75.2045 32.8938 46.8722 109.318 88.278 89.3588 61.9596 109.498 75.9026 83.7735 104.484 112.955 110.259 
55.6907 54.1536 66.2722 53.2353 18.6815 40.6079 86.8443 62.2896 5.38516 64.2806 72.8747 70.0643 105.019 74.1642 73.1095 71.9705 94.714 84.692 26.5707 71.9705 104.438 77.9138 62.7554 70.1783 49.657 14.8661 93.5192 47.0 105.179 0.0 34.176 96.5657 11.4018 47.0106 96.9089 41.0122 55.5788 40.9206 77.0169 59.4229 30.2324 72.5603 90.2497 47.514 7.28011 29.726 47.5395 20.6155 8.0 5.09902 
41.2311 27.6125 82.2192 70.3847 27.6586 66.022 79.404 78.4347 38.3275 32.5576 60.7454 89.1572 87.8607 62.0322 89.493 37.6541 66.2725 66.925 43.0116 37.6541 87.9943 75.2725 47.5498 86.3308 31.7648 32.4553 80.0767 67.3049 90.5253 34.176 0.0 69.4174 29.8329 18.6011 80.8393 61.975 23.3452 40.025 59.6125 53.8833 19.8494 93.4767 56.2939 54.9181 38.9487 24.5153 14.0 19.4165 41.7612 38.6005 
44.2901 46.4121 93.0376 89.1852 96.2247 100.762 51.6624 91.3893 101.727 41.2311 41.5933 102.883 33.9559 41.1825 98.0051 44.2532 5.09902 32.0156 111.859 44.2532 27.0185 57.6281 37.3833 95.7131 52.853 93.0497 39.1152 93.2404 40.5216 96.5657 69.4174 0.0 91.1805 50.9614 26.5707 92.7163 48.7955 80.9379 23.4094 51.7003 89.0656 109.165 50.0899 72.878 100.731 70.1939 58.1378 88.107 104.545 101.631 
47.0893 46.0 59.0762 46.1736 25.318 36.6742 78.2428 55.0818 16.6433 56.9711 64.2733 64.1327 96.4178 65.5627 66.1891 63.369 86.1125 76.0905 36.7151 63.369 95.8369 71.4868 54.1539 63.1269 41.0555 4.12311 84.9178 41.0 96.5771 11.4018 29.8329 91.1805 0.0 39.3657 88.3074 34.9285 48.6807 30.0799 68.4155 50.8214 32.9848 67.4463 84.1202 38.0209 11.0 21.1245 41.5933 23.3452 18.3848 16.1245 
27.0185 9.07107 79.477 68.5881 45.31 68.0116 65.4905 75.8662 52.0096 17.72 46.3897 87.2251 69.7209 47.5184 86.3063 19.1127 47.8165 51.037 60.9262 19.1127 69.4529 63.0317 32.2563 83.3686 17.0 41.9815 64.6384 67.1789 73.7794 47.0106 18.6011 50.9614 39.3657 0.0 62.5242 62.2896 10.6301 36.9758 41.0711 40.6079 38.4187 92.1776 46.1411 57.135 49.6488 23.8537 11.0454 37.1618 55.0091 52.0 
41.4005 57.4532 76.4853 76.0263 102.778 88.7678 29.0689 75.8024 102.281 59.4811 28.6356 86.122 8.06226 27.4591 80.0812 44.8219 24.3311 16.7631 117.832 44.8219 8.24621 37.6431 34.2053 78.339 50.0135 95.4396 14.4222 81.0987 14.1421 96.9089 80.8393 26.5707 88.3074 62.5242 0.0 80.7219 65.0805 71.4511 21.4009 42.72 100.527 92.4175 75.2396 60.8837 105.745 67.3209 72.4623 95.8098 104.685 101.989 
56.4562 65.0079 25.4951 12.6491 59.1354 8.06226 58.6941 21.587 43.4166 78.6003 52.5136 29.2746 82.9759 53.4951 32.1403 69.5463 87.6483 64.4951 66.7533 69.5463 88.8828 48.7545 57.8407 29.2746 53.7185 31.3209 70.342 6.08276 81.6088 41.0122 61.975 92.7163 34.9285 62.2896 80.7219 0.0 72.9178 26.0768 69.4271 41.2271 67.9117 32.573 107.801 21.0238 34.1321 38.9521 69.5474 58.2495 41.9762 42.4264 
34.73 14.3693 89.5786 79.1686 50.9902 78.6411 72.0 86.4467 60.2993 9.21954 53.0377 97.8056 72.7367 54.0093 96.3681 24.0832 46.0977 54.9181 66.2193 24.0832 70.0021 70.7902 38.0132 93.1848 25.2982 51.2964 68.4471 77.7817 76.896 55.5788 23.3452 48.7955 48.6807 10.6301 65.0805 72.9178 0.0 47.5562 44.1342 49.3356 41.6293 102.758 35.7771 66.9512 58.9406 34.4093 9.84886 42.7551 63.5059 60.407 
33.6024 39.4537 42.5441 31.6228 48.4665 32.6956 56.8702 38.9102 45.0356 53.0326 42.9006 50.2494 75.0452 44.19 49.7695 57.768 75.87 54.7179 61.4804 57.768 79.6969 50.1141 46.0623 46.6154 28.1488 32.6956 63.5451 30.4795 75.2045 40.9206 40.025 80.9379 30.0799 36.9758 71.4511 26.0768 47.5562 0.0 57.6487 29.4488 52.345 55.2178 82.2312 15.0333 35.8569 15.5242 45.2769 44.1475 45.0499 44.182 
21.5407 36.0 69.7711 65.8027 82.8527 77.473 32.6956 68.0294 82.3891 40.5294 18.6011 79.6053 28.6531 18.4391 74.9466 23.4307 18.3848 12.3693 97.9067 23.4307 28.3196 36.2353 14.5602 72.5603 30.088 70.3835 25.02 69.9512 32.8938 77.0169 59.6125 23.4094 68.4155 41.0711 21.4009 69.4271 44.1342 57.6487 0.0 28.4429 80.6018 85.8662 61.0328 49.5889 78.0648 47.4289 51.073 75.8843 84.793 82.097 
15.2643 39.0 43.4261 37.868 68.6452 49.2731 29.1548 41.0753 64.7951 52.3343 14.3178 53.0282 46.5188 15.6525 49.5183 28.3204 46.6323 25.9615 82.222 28.3204 50.9608 23.5372 16.6433 46.7573 24.0416 53.4372 35.2278 41.7513 46.8722 59.4229 53.8833 51.7003 50.8214 40.6079 42.72 41.2271 49.3356 29.4488 28.4429 0.0 70.0364 59.103 78.9606 21.3889 63.7426 31.8773 51.3517 63.1556 67.199 64.503 
59.6825 47.4533 91.6685 78.9177 13.8924 69.2892 97.126 87.6954 31.8277 50.6952 78.732 97.0824 106.653 80.0706 98.859 57.4949 85.9207 85.7174 26.0 57.4949 109.057 91.3947 66.2873 95.7576 50.8035 36.6742 98.7927 73.9797 109.318 30.2324 19.8494 89.0656 32.9848 38.4187 100.527 67.9117 41.6293 52.345 80.6018 70.0364 0.0 100.424 70.0071 67.1863 37.2156 38.3275 31.7805 9.84886 35.3553 32.5576 
74.3321 95.0424 16.1555 23.6008 91.0824 32.0624 64.4981 18.0278 74.108 108.663 67.624 6.32456 91.9239 68.1542 13.0384 87.4222 104.216 78.4347 97.0 87.4222 99.8248 54.9181 75.7166 14.1421 83.3506 63.8905 79.0759 26.5707 88.278 72.5603 93.4767 109.165 67.4463 92.1776 92.4175 32.573 102.758 55.2178 85.8662 59.103 100.424 0.0 137.864 43.1393 65.3758 69.9714 100.404 90.7083 72.0069 73.1095 
67.1539 46.8219 123.494 114.275 82.2192 113.767 93.6485 120.822 94.5939 29.2062 77.214 132.912 83.1505 77.8049 128.477 52.4976 51.0392 73.3757 96.0052 52.4976 77.026 95.9722 63.2851 125.717 57.8219 86.7359 84.9294 112.47 89.3588 90.2497 56.2939 50.0899 84.1202 46.1411 75.2396 107.801 35.7771 82.2312 61.0328 78.9606 70.0071 137.864 0.0 100.866 94.2444 69.9714 42.72 74.4312 97.9847 94.8314 
36.618 58.0442 28.8444 20.2485 62.4606 29.0689 39.789 25.6125 51.6236 71.6647 32.6754 37.5366 63.146 33.6569 35.8469 49.7081 67.8101 44.6569 74.028 49.7081 69.0446 30.4795 38.0024 32.7567 46.3524 33.906 50.579 22.561 61.9596 47.514 54.9181 72.878 38.0209 57.135 60.8837 21.0238 66.9512 15.0333 49.5889 21.3889 67.1863 43.1393 100.866 0.0 42.4382 30.4138 59.8422 58.6941 51.614 50.774 
57.3863 56.2971 59.5399 46.5296 25.9615 33.3766 82.1425 55.5788 9.48683 67.2681 77.1945 63.0079 109.339 78.4839 66.2722 73.6661 95.663 89.0117 32.7567 73.6661 113.991 72.8499 64.451 63.3877 51.3526 12.6491 97.839 40.05 109.498 7.28011 38.9487 100.731 11.0 49.6488 105.745 34.1321 58.9406 35.8569 78.0648 63.7426 37.2156 65.3758 94.2444 42.4382 0.0 31.4216 51.6236 27.4591 9.21954 8.544 
26.1027 28.2488 57.9396 46.5296 37.2022 44.5841 59.3075 54.231 35.0982 41.1461 45.3292 65.2993 73.4603 46.6186 65.192 42.3825 65.126 52.348 51.6236 42.3825 74.8504 53.1413 33.1674 62.0322 20.3961 23.7403 65.08 44.2041 75.9026 29.726 24.5153 70.1939 21.1245 23.8537 67.3209 38.9521 34.4093 15.5242 47.4289 31.8773 38.3275 69.9714 69.9714 30.4138 31.4216 0.0 30.6105 31.305 37.5021 34.8061 
38.0526 19.088 87.7783 76.8505 41.4367 75.1794 76.531 84.1675 51.9711 18.9737 57.4282 95.5249 79.6755 58.5491 94.9889 29.1296 55.1543 61.0539 56.5155 29.1296 78.892 74.0068 43.2759 91.8389 28.0179 44.29 74.6554 74.8131 83.7735 47.5395 14.0 58.1378 41.5933 11.0454 72.4623 69.5474 9.84886 45.2769 51.073 51.3517 31.7805 100.404 42.72 59.8422 51.6236 30.6105 0.0 33.2415 55.3173 52.1728 
54.6717 45.8292 82.2982 69.4622 8.24621 59.4643 90.5858 78.3135 22.8035 51.9711 73.4335 87.4757 101.936 74.7721 89.4539 70.8379 84.9621 80.9197 23.7697 70.8379 103.45 84.309 61.6198 86.3713 46.6905 27.1662 93.662 64.3273 104.484 20.6155 19.4165 88.107 23.3452 37.1618 95.8098 58.2495 42.7551 44.1475 75.8843 63.1556 9.84886 90.7083 74.4312 58.6941 27.4591 31.305 33.2415 0.0 26.4008 23.4307 
63.4668 62.1332 67.4685 54.5711 22.2036 40.0125 91.3335 63.561 3.60555 72.2496 80.6508 70.1783 112.795 81.9403 73.9797 79.7466 102.49 92.4681 25.02 79.7466 112.214 82.0409 70.5315 71.1969 57.4331 21.095 101.295 47.676 112.955 8.0 41.7612 104.545 18.3848 55.0091 104.685 41.9762 63.5059 45.0499 84.793 67.199 35.3553 72.0069 97.9847 51.614 9.21954 37.5021 55.3173 26.4008 0.0 3.16228 
60.7708 59.2189 67.897 54.9181 19.7231 41.0488 91.9243 63.9531 1.0 69.1809 77.9548 71.0282 110.099 79.2442 74.5453 77.0506 99.794 89.7721 24.3311 77.0506 109.518 81.1752 67.8355 71.7008 54.7371 19.2094 98.5993 48.2597 110.259 5.09902 38.6005 101.631 16.1245 52.0 101.989 42.4264 60.407 44.182 82.097 64.503 32.5576 73.1095 94.8314 50.774 8.544 34.8061 52.1728 23.4307 3.16228 0.0 
DEMAND_SCENARIO_SECTION
0 0 0 0 0 0 0 0 0 0 0 0 0 0 0 0 0 0 0 0 0 0 0 0 0 0 0 0 0 0 0 0 0 0 0 0 0 0 0 0 0 0 0 0 0 0 0 0 0 0 0 0 0 0 0 0 0 0 0 0 0 0 0 0 0 0 0 0 0 0 0 0 0 0 0 0 0 0 0 0 0 0 0 0 0 0 0 0 0 0 0 0 0 0 0 0 0 0 0 0 0 0 0 0 0 0 0 0 0 0 0 0 0 0 0 0 0 0 0 0 0 0 0 0 0 0 0 0 0 0 0 0 0 0 0 0 0 0 0 0 0 0 0 0 0 0 0 0 0 0 0 0 0 0 0 0 0 0 0 0 0 0 0 0 0 0 0 0 0 0 0 0 0 0 0 0 0 0 0 0 0 0 0 0 0 0 0 0 0 0 0 0 0 0 0 0 0 0 0 0 
2 2 1 2 3 3 1 1 3 4 2 3 2 3 2 3 1 2 2 2 0 2 3 3 2 2 2 3 2 2 2 2 2 1 3 2 2 2 3 2 1 2 2 2 2 2 2 3 2 1 2 2 1 2 2 3 2 3 2 2 1 1 3 2 1 1 1 2 3 2 2 2 2 1 2 2 1 2 1 2 2 2 1 2 3 2 2 3 1 2 3 2 3 2 1 1 3 1 2 3 2 2 3 1 2 2 2 2 3 1 2 3 2 2 2 2 3 2 0 2 2 3 2 2 2 3 1 3 2 2 2 2 2 1 2 1 2 3 2 2 2 2 2 3 2 2 2 3 2 2 2 2 2 3 2 2 1 2 2 1 3 2 2 1 3 2 1 3 2 1 2 3 3 1 2 3 3 2 3 1 1 1 1 2 3 2 2 2 3 2 3 3 1 2 3 2 3 2 1 2 
12 15 6 5 8 8 7 12 9 5 6 12 8 11 8 6 8 8 8 7 10 8 6 8 9 8 10 7 8 14 11 14 6 4 10 5 8 8 7 11 10 6 10 15 10 5 12 12 10 6 3 9 10 11 12 12 8 13 7 11 13 10 8 10 19 3 7 8 9 12 10 14 9 14 9 8 10 15 13 10 5 7 15 14 9 14 6 8 8 11 8 7 5 14 7 11 4 11 10 9 11 6 10 10 10 10 6 14 8 12 7 8 13 1 11 10 9 12 8 9 2 9 8 10 10 6 7 10 12 15 7 6 8 5 11 7 6 12 11 9 10 3 7 8 9 9 4 8 10 8 13 16 11 10 9 9 11 15 10 4 8 9 2 12 13 3 8 5 13 12 10 5 8 11 10 15 8 8 10 12 10 12 6 14 8 11 10 10 5 11 12 12 8 7 6 6 12 10 10 15 
16 8 14 8 4 11 4 8 10 11 4 4 8 7 10 8 10 8 16 6 5 8 8 8 7 13 12 10 7 4 9 9 10 7 9 9 11 11 9 10 11 9 11 11 8 9 10 12 12 11 7 6 8 12 11 9 1 8 10 12 6 6 10 15 10 6 12 8 8 13 12 10 10 3 20 10 9 9 11 9 3 14 6 5 12 7 12 9 12 9 2 6 6 7 11 5 13 12 7 8 10 11 7 8 8 13 10 14 5 8 10 15 7 11 6 12 9 6 9 10 10 15 8 8 7 14 5 12 6 10 6 8 2 7 8 11 14 9 12 5 10 10 11 4 14 11 11 10 10 9 13 7 11 3 11 9 4 7 8 10 7 9 11 8 11 11 10 11 13 7 8 9 13 9 7 11 8 9 8 13 9 7 12 8 11 13 7 5 8 10 9 12 9 13 6 15 11 12 5 6 
9 14 10 6 10 10 15 9 7 10 6 10 10 11 13 3 7 11 7 8 7 13 9 12 9 9 12 13 5 9 10 11 11 14 10 7 8 8 13 9 7 9 10 9 10 0 7 17 11 5 7 14 6 11 10 10 10 5 6 11 9 3 3 10 11 9 9 9 10 5 8 10 9 8 15 13 12 10 13 9 6 15 14 6 7 12 9 13 12 4 9 6 10 11 5 7 11 8 10 9 9 6 12 7 7 14 10 8 11 10 10 6 13 9 10 12 10 14 7 10 14 12 11 11 9 11 6 6 8 8 11 9 8 8 3 10 17 9 15 13 11 6 5 7 11 9 12 13 6 5 10 5 10 10 7 10 9 5 10 11 11 10 9 9 12 11 6 7 7 12 6 9 9 9 9 7 10 10 5 2 12 11 5 8 5 9 10 9 8 10 14 11 14 8 8 15 11 10 11 10 
1 3 2 1 1 3 2 3 2 1 2 1 2 2 2 3 3 2 2 2 1 3 2 2 2 2 2 1 1 1 1 3 2 2 2 4 1 3 2 1 2 2 1 1 2 1 2 2 3 3 2 2 1 2 2 2 2 1 1 3 3 1 2 2 1 3 2 2 2 1 2 2 2 3 2 2 2 2 2 1 2 2 1 1 4 2 2 2 2 2 3 2 2 2 3 2 2 5 2 3 2 1 1 2 2 1 3 1 4 3 2 1 3 3 2 2 2 2 2 3 2 2 1 2 2 2 2 2 2 2 1 2 2 2 1 3 2 2 2 3 2 2 2 3 1 2 2 3 2 1 2 2 3 4 3 1 3 2 2 2 2 1 1 2 3 2 2 1 2 2 2 3 1 3 2 2 2 2 3 1 3 3 1 3 2 2 3 1 3 2 2 2 2 3 2 3 2 2 3 1 
12 12 9 12 9 8 13 11 12 10 7 14 13 9 6 8 11 5 6 8 10 11 8 10 14 9 7 6 12 11 7 11 8 9 10 10 9 17 9 10 6 7 10 11 8 11 14 8 9 10 10 11 5 10 9 11 10 12 14 10 9 8 15 14 7 12 12 10 8 7 11 10 11 11 9 8 6 16 12 13 13 13 13 12 7 10 21 9 6 15 8 6 9 11 16 7 9 8 7 5 11 4 6 11 5 16 12 7 5 7 12 11 16 11 10 7 9 12 15 12 10 9 10 10 6 10 8 10 9 5 15 8 13 8 12 7 9 14 10 11 4 15 10 8 13 12 14 10 12 4 15 5 4 10 13 11 5 10 9 10 8 5 9 8 8 14 11 11 9 5 16 9 12 11 8 0 8 9 8 5 12 12 10 11 13 9 11 11 12 8 11 11 11 14 15 15 12 17 10 15 
9 10 14 5 10 12 8 8 12 9 10 6 10 14 9 7 5 6 4 13 7 7 5 11 12 10 9 13 10 11 11 19 12 13 13 7 9 8 5 10 10 8 9 6 8 8 7 13 7 9 13 8 7 8 4 7 5 8 6 10 7 11 8 12 9 12 12 10 9 7 7 10 7 11 10 12 12 14 12 10 10 6 16 8 7 8 10 6 7 11 9 7 8 13 3 8 9 9 13 11 9 10 11 9 12 6 9 8 11 5 7 11 5 11 11 6 6 8 4 5 9 10 9 7 12 10 17 5 13 9 13 14 11 9 8 12 7 15 8 13 9 6 11 8 13 12 12 9 8 11 10 10 8 7 12 10 6 14 9 6 15 8 10 6 10 7 10 7 14 9 4 14 5 10 0 6 3 12 6 10 4 2 13 10 5 7 8 10 6 11 12 5 7 9 6 6 9 4 7 9 
13 7 7 10 8 5 12 10 4 12 10 7 9 7 10 5 12 10 9 6 6 11 9 6 6 12 9 8 10 10 10 10 3 5 5 10 9 9 6 8 8 7 5 10 9 10 10 7 9 9 8 7 5 8 8 4 9 10 9 14 9 11 12 7 8 4 6 9 8 10 4 8 7 7 9 2 8 13 9 11 10 12 7 8 8 11 10 11 10 6 10 10 9 7 10 10 4 7 5 5 2 5 4 9 9 9 11 7 12 7 9 5 10 13 7 6 9 7 10 5 8 6 6 9 3 7 10 10 10 5 11 8 11 9 12 9 8 8 8 14 7 9 7 7 12 5 5 9 12 5 7 6 6 8 8 5 11 12 12 7 9 7 11 8 4 12 7 7 8 9 7 8 13 17 10 8 8 6 11 9 8 10 7 11 5 12 8 13 7 8 8 8 14 9 9 8 8 6 15 5 
14 12 11 11 8 9 12 3 5 12 11 14 9 13 6 13 11 7 6 6 8 7 2 9 5 6 8 7 7 8 13 7 9 6 5 7 7 8 10 9 9 11 7 16 5 7 4 9 9 8 9 7 8 12 11 5 7 8 14 10 8 9 9 8 8 7 11 6 7 10 8 12 5 7 7 6 8 5 9 9 10 6 8 8 6 11 8 9 8 8 11 5 15 8 5 4 9 9 8 7 8 13 8 7 9 8 7 11 10 7 6 7 7 6 2 7 6 6 9 4 12 10 10 8 10 12 4 10 3 9 8 10 12 6 11 7 9 5 10 13 7 9 3 6 9 9 8 7 10 5 12 8 9 7 12 5 16 9 8 6 5 7 9 8 11 9 7 10 7 5 5 5 9 7 9 8 4 9 9 8 12 8 6 9 9 9 9 8 7 11 4 10 7 15 6 9 11 4 10 9 
4 2 4 4 4 4 5 3 4 6 4 1 6 5 6 6 4 2 4 3 4 6 4 2 6 5 4 3 5 4 4 4 7 6 4 3 5 3 4 2 6 5 3 5 6 6 4 3 4 5 3 2 3 7 6 5 4 3 4 5 2 4 3 1 6 4 4 1 2 5 1 2 6 5 3 4 3 4 6 3 5 5 6 3 5 5 4 3 4 6 5 2 3 4 4 5 3 4 4 4 4 4 3 5 3 5 3 3 5 2 0 4 3 2 2 4 4 5 5 3 4 4 4 6 2 2 4 4 6 4 4 3 4 5 3 5 1 4 4 4 2 3 2 4 3 2 2 2 4 7 3 3 2 3 7 4 3 4 5 3 5 2 5 3 3 5 3 1 5 4 2 3 5 2 4 2 6 6 3 3 5 4 5 6 5 5 3 5 6 5 1 2 4 3 4 2 3 4 2 4 
6 6 4 7 6 5 5 7 4 4 6 7 5 7 5 8 6 8 7 4 3 6 6 3 6 6 7 5 6 8 9 7 4 8 7 6 6 8 10 11 6 2 5 7 9 3 7 4 4 7 4 4 9 4 4 7 5 8 4 5 10 3 7 5 4 5 8 6 6 5 8 7 6 5 5 5 4 8 9 9 5 8 7 5 8 2 7 6 6 11 6 4 4 4 5 6 5 8 7 6 8 9 9 4 6 5 4 4 6 7 7 6 7 7 8 7 6 4 6 10 8 7 7 4 6 7 6 7 8 4 8 4 7 1 6 9 8 6 3 7 7 7 2 2 3 10 10 4 9 4 2 5 10 4 9 0 5 3 4 7 9 8 1 6 5 8 2 10 7 5 3 4 8 5 6 5 8 5 7 2 5 6 6 4 6 4 6 7 7 5 6 4 7 7 7 6 6 4 4 5 
13 13 6 7 5 9 16 7 12 11 9 12 7 5 13 7 12 7 10 9 9 8 10 10 8 7 3 5 7 11 10 9 7 5 6 11 8 4 10 12 11 9 8 10 13 5 12 6 12 9 9 7 18 17 9 7 8 14 7 8 12 13 7 11 10 14 9 8 8 11 7 9 0 12 10 13 4 14 12 13 9 8 6 6 5 9 9 9 11 9 12 8 5 7 9 12 8 9 8 10 9 11 11 11 5 9 8 10 8 5 11 12 7 9 7 8 5 11 14 7 11 6 10 8 8 7 9 7 4 9 7 9 9 9 10 7 11 5 18 7 10 10 9 9 11 5 11 11 11 6 10 3 8 10 8 10 12 9 9 10 4 7 11 11 10 11 9 10 12 8 17 13 10 8 10 12 7 6 11 7 7 7 5 6 12 8 7 10 11 7 12 8 11 10 11 7 10 10 9 9 
4 6 10 8 6 5 7 8 5 3 5 4 10 5 5 9 3 5 8 8 4 9 10 7 5 6 3 9 10 9 4 9 11 11 8 4 9 5 7 7 7 7 11 5 6 8 1 8 10 5 6 8 8 5 8 13 10 4 7 4 5 7 8 10 7 5 9 7 6 4 5 6 9 8 9 10 1 7 5 9 7 7 9 5 4 6 6 9 11 8 11 5 3 5 4 5 7 7 8 8 6 11 10 4 5 8 6 8 9 7 2 11 9 5 7 9 4 4 5 6 7 8 10 12 8 9 10 6 7 12 7 7 11 8 9 8 4 11 8 6 8 9 9 6 7 2 9 8 5 4 8 5 10 6 8 8 7 5 10 9 8 1 8 11 5 7 5 9 4 6 7 7 6 7 11 6 10 5 11 5 10 5 12 3 7 8 10 13 4 7 5 9 5 2 8 9 6 7 5 5 
11 3 6 11 9 8 11 7 11 11 5 6 7 9 4 4 12 8 3 13 11 11 9 5 12 10 12 15 17 10 9 8 3 9 9 9 12 10 13 7 10 7 13 11 7 12 10 12 12 12 13 16 14 14 10 10 2 11 6 7 9 12 9 8 9 15 8 11 13 13 5 10 15 15 11 13 11 9 14 12 18 10 13 12 12 5 9 7 8 10 9 11 8 11 7 14 10 9 11 4 13 8 15 11 10 10 9 11 10 11 10 5 10 11 9 8 18 3 14 10 15 7 9 8 10 11 6 14 12 18 12 3 15 11 18 15 6 8 5 13 12 11 14 8 10 10 9 13 3 12 7 16 9 7 15 13 16 11 9 10 10 7 9 13 9 9 5 13 19 2 13 15 15 14 8 13 7 11 18 13 15 12 8 12 15 13 2 13 12 10 8 8 8 17 11 11 7 6 10 14 
2 2 0 2 1 2 2 2 3 2 3 2 3 2 3 3 2 2 3 1 1 2 2 2 1 3 0 3 2 3 1 3 2 2 2 2 2 2 2 3 3 2 1 2 2 2 3 2 2 2 3 3 3 2 2 3 2 1 2 3 2 2 1 2 3 2 2 2 2 1 2 3 3 2 2 2 2 2 1 3 2 3 2 2 2 2 1 2 2 2 1 2 1 2 1 2 2 3 2 2 1 2 2 3 2 2 2 1 1 2 3 0 1 3 2 2 2 2 3 2 2 3 2 1 2 1 2 3 3 1 3 1 2 1 1 2 1 1 2 3 2 2 2 2 1 1 1 3 1 4 2 2 3 2 2 3 2 2 2 1 2 2 2 1 2 2 2 2 2 1 2 2 3 3 2 2 2 2 4 1 2 3 2 1 2 3 2 3 2 2 2 2 2 2 1 1 1 2 2 2 
10 8 5 11 8 10 5 8 9 6 10 6 4 7 10 5 13 10 11 10 8 10 5 12 4 8 9 2 7 6 3 8 6 7 6 7 7 6 3 9 8 3 7 3 6 7 10 8 8 2 6 7 6 7 7 12 6 9 8 8 5 7 12 9 10 7 6 4 12 7 5 8 7 8 5 10 4 10 5 9 7 11 6 7 7 8 4 9 7 11 9 6 7 10 6 6 5 8 3 8 5 4 3 4 8 6 10 10 9 7 4 12 9 7 7 8 9 7 12 8 6 5 8 6 6 4 8 5 7 11 9 7 3 9 5 10 6 7 5 11 7 12 5 2 8 9 9 6 10 5 4 3 5 7 7 5 6 7 5 6 5 6 7 6 7 7 5 9 6 1 4 7 8 6 9 10 7 4 8 7 11 4 7 8 5 5 6 10 4 3 9 7 8 7 7 6 7 7 6 3 
4 2 6 2 5 3 5 4 4 4 4 5 6 5 3 4 2 5 3 5 1 2 2 3 1 3 5 6 4 4 3 4 4 3 4 2 4 4 4 5 1 5 6 4 5 3 4 3 5 3 4 3 4 6 3 3 4 3 2 2 5 5 2 4 4 3 3 4 5 6 4 6 3 5 3 5 5 3 7 5 6 4 2 3 3 4 3 5 5 3 4 3 4 3 5 6 6 4 3 4 5 5 1 3 7 5 4 4 6 3 6 4 5 1 5 5 5 3 5 4 2 5 6 4 3 2 3 6 4 7 3 4 2 7 5 4 4 4 6 4 4 3 4 4 4 3 3 5 3 5 4 4 3 4 5 4 3 2 1 2 3 4 4 3 4 5 3 5 5 3 5 4 3 4 5 3 4 5 4 6 4 6 4 2 7 5 4 3 5 4 2 5 5 5 6 6 3 5 5 2 
1 2 3 3 4 2 2 2 3 3 2 3 0 3 5 2 3 2 1 2 3 3 3 1 4 3 2 3 3 2 4 2 6 2 5 5 4 3 4 4 2 3 3 1 4 1 3 3 3 4 3 3 4 5 3 3 4 2 2 2 3 3 3 4 3 4 4 4 2 3 5 4 2 4 6 3 3 4 2 2 3 3 4 1 2 2 2 3 4 4 4 3 6 3 3 2 2 2 3 2 3 3 4 2 4 3 0 4 3 4 5 3 2 3 1 2 5 3 4 3 2 3 3 3 2 2 2 3 3 3 4 3 2 3 3 3 3 2 2 4 3 3 4 2 3 2 3 2 3 3 4 4 3 4 4 3 3 3 4 3 4 3 1 3 1 3 1 1 2 2 3 4 3 4 5 3 3 3 2 4 4 2 3 3 3 2 3 3 3 2 4 3 3 4 1 2 4 3 3 5 
5 5 9 3 11 7 7 7 4 6 7 6 5 8 10 6 7 5 5 7 4 8 8 8 7 6 7 6 6 7 7 5 7 7 4 6 4 3 4 9 3 7 6 5 7 6 8 4 7 5 7 5 6 4 4 4 5 8 4 5 5 4 7 8 7 5 8 4 6 8 5 3 3 8 4 5 5 7 7 5 4 7 3 6 5 8 11 9 6 3 8 6 3 7 12 5 5 7 4 6 9 10 3 6 5 5 7 7 7 5 8 5 7 4 5 5 2 5 2 7 4 9 6 6 4 8 7 6 4 6 7 6 7 8 7 7 10 5 6 4 6 10 3 8 6 3 3 10 7 6 5 5 8 3 6 7 10 4 7 5 5 9 7 3 8 7 8 7 7 3 7 12 5 10 5 7 6 7 8 8 5 3 4 6 5 3 3 6 6 4 4 6 4 7 4 7 7 5 6 2 
5 6 5 5 7 9 7 3 7 7 7 6 6 4 5 4 5 6 6 5 4 5 9 5 5 4 3 7 3 6 7 5 6 9 7 7 6 7 4 5 4 8 6 7 7 5 8 6 7 7 5 6 5 8 8 8 6 9 4 5 4 3 5 6 9 5 6 4 7 7 4 8 4 9 4 4 8 7 7 3 5 6 6 7 7 6 5 4 6 6 7 6 5 7 8 4 4 4 4 7 4 7 5 9 4 7 8 3 6 7 6 10 4 6 6 7 7 5 5 8 7 8 5 8 1 2 6 7 3 3 6 7 7 9 7 6 3 4 5 9 7 6 5 4 6 1 8 6 8 7 5 7 4 3 5 5 3 7 1 9 7 2 6 7 3 10 8 5 5 7 4 4 6 7 7 6 10 6 3 2 3 6 8 7 7 3 7 8 4 7 9 3 7 4 8 6 4 5 9 8 
15 7 11 12 9 15 8 14 7 14 12 10 14 12 9 8 17 14 9 12 10 12 4 12 16 11 13 8 9 4 11 10 12 14 12 7 8 9 5 6 8 7 10 9 16 12 12 11 9 14 15 6 19 10 12 5 13 13 14 12 9 11 8 5 11 16 15 7 7 12 12 11 10 12 5 13 8 14 8 11 13 13 13 9 6 9 9 9 11 13 8 10 14 8 12 6 7 7 11 11 15 9 7 5 10 14 9 7 21 14 15 17 6 13 6 7 6 9 10 7 7 16 18 8 16 14 12 4 7 11 12 15 16 13 10 7 5 4 6 4 6 11 9 10 8 9 14 9 11 10 7 7 9 13 10 7 10 8 12 6 9 8 11 9 12 12 7 10 12 14 7 15 11 7 12 10 11 12 10 9 8 9 12 16 5 10 9 11 13 11 13 7 6 11 13 7 11 11 11 8 
5 5 3 5 5 3 5 4 4 5 4 3 1 5 4 4 5 3 3 5 5 3 1 4 4 4 3 4 6 4 5 7 5 4 3 4 1 4 2 2 4 5 4 2 2 3 6 3 4 2 2 4 4 4 1 4 4 5 4 3 3 5 6 7 4 4 5 5 6 6 6 2 6 3 5 3 5 3 5 5 3 5 5 4 5 5 4 6 2 3 5 4 4 4 3 5 4 5 3 5 3 4 4 5 2 4 2 2 4 2 5 4 5 4 5 6 4 4 5 3 3 4 4 4 4 3 3 3 3 5 3 3 6 3 5 3 3 3 1 6 5 6 4 3 3 4 4 4 5 4 3 5 3 6 4 2 5 5 5 6 8 4 5 5 5 3 4 4 7 5 5 4 4 6 4 5 5 5 5 5 6 2 3 5 6 2 5 4 3 3 4 4 6 5 5 3 4 7 5 4 
3 4 6 4 4 4 5 2 4 4 2 4 4 4 5 5 2 5 4 5 6 4 3 4 4 4 4 3 4 3 4 4 4 5 4 5 4 5 3 6 2 3 5 3 4 5 4 1 5 5 5 4 4 4 2 4 4 3 4 1 4 3 2 5 4 6 4 6 3 4 5 2 2 4 2 4 3 2 5 3 3 5 3 5 4 2 5 3 4 7 1 5 4 4 2 3 5 2 3 3 2 1 2 4 5 1 4 6 6 3 2 4 6 2 4 3 4 4 4 4 6 4 3 3 6 5 6 5 6 6 3 4 6 4 3 5 5 3 2 6 3 5 4 4 3 4 3 4 5 3 2 5 3 5 6 6 3 3 5 5 5 4 6 6 4 6 3 5 3 4 4 4 3 5 6 5 4 1 4 5 4 4 5 5 4 4 4 4 4 4 5 3 2 5 3 5 6 5 4 3 
3 4 2 4 3 3 5 2 4 4 3 3 2 4 4 3 4 4 5 2 3 3 3 3 3 4 4 2 4 5 4 3 2 2 1 2 4 2 2 3 2 3 5 5 4 4 4 3 2 3 3 4 3 3 4 2 4 5 4 2 5 3 4 4 4 2 3 3 1 3 2 2 2 3 2 3 4 3 3 4 5 2 3 4 3 4 3 3 4 4 5 4 2 1 3 4 4 2 4 3 4 2 2 5 5 4 2 3 3 3 3 4 3 1 2 4 4 3 5 4 4 2 3 2 4 4 3 2 4 4 4 1 2 3 2 3 4 4 3 3 2 3 3 4 3 3 4 3 3 2 4 2 4 1 3 4 2 3 3 1 1 2 2 5 2 3 3 4 4 3 3 3 4 3 4 4 3 2 5 3 3 4 4 4 5 4 3 4 2 3 5 3 2 3 3 1 5 3 4 3 
4 6 3 4 6 5 5 4 3 5 3 5 5 4 5 3 4 3 1 5 2 3 2 4 3 4 5 2 3 6 4 3 4 6 6 4 5 4 6 5 2 5 5 6 3 2 5 6 2 4 5 7 5 3 5 4 4 4 5 3 3 5 4 0 3 3 4 2 3 5 2 1 4 3 2 6 4 5 4 3 6 4 4 4 6 4 3 2 3 4 3 4 4 5 5 5 5 5 4 4 4 6 4 5 3 5 5 3 2 5 4 6 5 4 4 5 5 3 5 4 5 5 6 2 2 4 3 5 6 6 5 6 4 3 6 6 6 5 4 5 5 4 5 5 3 4 6 4 3 2 5 5 3 6 7 6 5 4 3 4 3 5 3 5 3 2 5 4 5 5 3 2 2 4 6 4 2 5 5 4 4 5 4 5 5 2 5 4 3 6 6 6 2 3 3 3 5 4 3 3 
3 6 6 7 2 7 4 3 4 4 6 1 6 5 6 5 6 3 1 8 5 6 7 5 5 7 5 6 6 5 6 5 3 6 7 6 5 5 5 7 5 5 7 4 5 4 6 4 4 6 5 6 8 6 7 5 6 4 8 8 5 5 5 7 5 6 1 8 6 9 4 5 5 9 7 4 4 3 4 5 7 4 4 2 4 7 5 7 3 4 6 4 4 6 8 5 3 4 3 3 5 4 6 5 7 4 4 3 5 5 1 4 6 3 5 1 5 5 4 7 5 4 6 7 6 5 5 5 5 2 4 4 4 5 9 5 5 5 2 5 4 1 4 5 1 6 6 4 8 4 4 8 8 4 7 9 3 5 6 3 5 5 2 5 5 4 4 6 7 4 5 6 5 3 8 4 5 4 8 5 4 6 5 6 5 7 5 5 5 5 3 4 4 4 7 3 8 5 5 2 
2 3 5 3 4 2 4 3 2 3 3 2 4 4 4 4 2 3 2 4 4 5 2 2 4 3 1 3 3 2 3 3 4 2 3 2 4 3 3 1 3 4 3 3 4 2 4 3 3 4 2 2 2 2 3 2 2 3 2 3 2 3 1 3 2 3 2 3 3 4 5 3 2 4 2 2 3 1 3 5 3 2 3 3 2 4 4 2 5 3 4 3 2 2 3 5 3 2 3 2 2 2 2 2 3 2 2 2 2 3 2 2 4 4 1 2 5 5 2 3 3 3 1 4 4 3 2 3 4 2 1 1 5 2 3 3 3 3 5 2 3 3 3 3 2 1 3 2 3 2 5 3 4 2 2 3 5 3 3 3 2 4 4 4 3 3 4 3 3 4 4 3 4 3 3 2 3 2 2 4 4 3 2 3 3 2 3 1 3 3 3 4 3 4 3 3 3 3 3 4 
14 13 9 8 10 7 10 10 9 13 10 9 9 12 10 5 12 9 16 10 7 10 17 16 11 11 8 7 10 15 19 8 12 6 6 6 11 13 14 7 8 4 11 11 12 11 11 4 9 8 11 9 10 10 11 9 10 7 13 9 11 5 11 13 5 10 7 8 12 13 11 14 10 12 13 11 7 15 9 7 12 8 11 10 8 10 11 10 12 8 14 13 8 6 12 14 14 7 7 9 12 8 7 15 7 9 15 10 11 13 12 9 13 15 5 10 13 3 16 7 2 8 7 9 12 6 16 19 11 9 11 10 13 8 12 9 18 1 9 3 8 8 8 8 9 11 11 12 8 9 13 7 10 16 16 9 7 9 12 8 10 13 8 6 7 8 12 9 10 19 10 14 5 11 18 7 13 6 7 14 10 9 8 13 14 9 12 11 12 11 8 16 6 11 7 7 9 16 7 14 
5 8 6 11 4 10 8 11 6 9 6 9 5 6 12 4 6 1 10 9 5 6 9 11 7 8 8 6 10 10 14 6 7 8 5 8 10 6 8 12 9 7 10 2 5 6 4 11 9 8 6 11 15 12 8 8 7 11 7 9 5 9 7 5 10 6 8 10 13 10 8 8 6 9 4 9 9 4 8 5 7 5 5 8 10 6 13 14 8 3 10 4 7 7 7 8 7 8 11 10 11 13 4 7 5 5 10 9 4 9 12 7 9 7 6 5 5 7 9 9 10 3 6 6 4 9 8 10 8 7 11 6 7 4 6 3 12 7 7 4 5 10 12 9 6 6 8 10 8 6 12 6 5 9 8 11 8 7 12 8 4 10 4 11 10 8 9 6 3 8 9 4 9 10 7 9 11 11 8 10 10 5 2 4 7 7 6 7 5 13 9 7 3 13 12 7 7 13 8 12 
5 5 7 3 3 2 2 2 4 6 4 4 5 4 6 4 5 4 4 4 3 5 2 3 3 2 6 3 5 1 7 6 4 5 5 4 3 4 4 5 3 4 6 3 4 3 2 3 2 2 4 4 5 4 4 4 4 7 4 5 3 4 2 5 3 6 3 1 5 4 2 5 5 4 6 4 6 3 3 4 4 3 4 7 3 4 1 4 4 2 3 4 5 4 2 5 7 5 7 4 4 3 6 5 5 4 3 4 3 5 7 4 3 5 6 5 6 3 2 4 4 4 4 3 4 3 4 5 4 6 6 3 3 4 5 2 6 4 5 3 5 6 4 5 4 3 4 3 4 5 6 4 7 4 1 6 7 5 3 4 3 5 3 4 5 4 6 5 4 3 5 5 3 3 5 5 3 5 4 1 3 5 4 5 5 3 3 1 5 5 4 4 3 6 4 4 3 6 4 4 
7 5 7 7 9 5 9 11 10 11 9 6 9 8 9 5 7 5 7 8 8 7 11 9 7 6 7 9 4 8 6 6 7 8 8 5 7 1 6 8 9 10 6 8 8 7 3 7 7 3 6 7 9 5 4 8 3 6 3 2 8 4 6 8 4 6 10 4 4 7 6 9 6 9 5 6 7 4 8 9 8 7 11 4 7 6 9 7 11 6 10 6 4 3 6 6 4 10 8 3 10 6 3 6 7 6 5 5 5 3 4 1 7 6 10 4 10 8 7 5 8 4 5 10 9 5 10 6 7 10 7 6 7 9 8 4 7 3 6 7 6 9 5 6 8 6 3 9 6 6 7 6 12 10 5 4 6 14 7 8 5 5 5 2 7 7 9 4 6 7 9 9 5 6 8 6 6 6 6 5 9 7 9 6 9 8 1 7 5 9 4 7 7 6 7 8 8 5 5 10 
7 8 8 11 3 8 4 4 4 5 6 8 4 5 5 7 4 4 7 6 6 6 6 8 4 14 9 3 5 7 6 5 9 2 5 7 6 9 4 11 6 2 3 5 4 7 8 5 6 3 3 6 6 8 6 4 8 6 8 2 6 5 6 5 6 7 8 4 6 6 4 7 4 6 5 8 7 6 7 7 10 8 4 7 7 11 7 5 8 4 7 6 6 6 5 5 7 6 4 6 8 7 6 11 4 9 8 6 6 8 5 5 6 7 9 5 4 5 6 3 8 8 4 6 8 6 5 4 4 6 5 4 8 13 5 4 8 5 4 6 4 9 7 5 11 6 6 6 4 3 4 7 6 4 6 8 6 7 6 6 4 6 5 6 9 9 5 8 5 10 7 7 7 5 5 5 6 9 4 5 7 9 4 8 5 6 5 6 9 12 8 6 12 4 9 6 7 9 9 4 
13 7 5 8 13 6 5 10 15 8 8 8 14 8 7 10 11 8 9 8 4 10 10 10 4 8 7 8 8 13 12 7 7 10 7 11 12 11 6 10 9 7 12 3 9 11 16 3 8 9 6 8 12 10 16 10 6 7 13 11 5 15 8 10 6 12 9 7 10 4 11 4 7 10 9 13 7 13 11 18 8 10 6 6 9 13 11 7 13 7 7 9 3 9 12 13 11 9 13 8 14 8 14 7 0 8 8 7 14 12 7 19 13 8 14 8 8 11 10 8 10 9 9 16 13 11 11 9 14 14 10 13 7 7 11 12 14 8 6 6 7 10 6 10 10 11 6 10 7 10 7 11 7 8 10 11 9 14 10 9 8 9 9 11 9 10 8 10 10 8 9 6 9 14 9 8 6 10 9 10 12 10 11 10 13 10 7 8 10 14 9 5 6 13 8 8 4 8 6 7 
5 3 4 4 3 4 3 3 4 5 4 4 5 3 3 4 4 5 4 4 2 4 2 3 5 3 5 7 4 4 3 5 5 7 6 2 3 4 4 3 2 5 5 3 4 3 1 5 4 5 7 2 5 4 3 4 5 3 6 4 4 4 4 3 5 2 3 4 5 3 4 3 6 6 6 3 5 4 4 3 6 5 3 3 3 5 6 3 5 4 3 4 4 5 5 2 6 0 3 3 2 4 4 7 3 3 4 5 4 3 5 5 2 4 4 6 4 4 3 3 6 3 4 2 4 3 6 4 1 5 3 6 3 4 4 3 5 5 2 4 4 6 3 4 3 6 4 6 4 2 5 7 3 2 3 4 5 6 4 3 5 2 6 4 5 3 5 5 5 2 4 4 4 4 4 2 5 6 4 3 4 6 4 4 2 7 2 4 4 3 4 4 5 4 6 5 4 5 1 4 
7 4 5 7 6 3 6 4 6 2 3 6 6 3 5 5 5 10 4 4 4 2 3 5 3 5 7 4 6 3 4 4 6 4 4 5 7 4 8 5 5 6 7 6 6 5 4 5 6 3 4 5 4 6 4 7 5 6 7 6 5 6 7 4 6 5 5 8 4 3 5 6 7 5 4 4 5 5 5 7 3 4 5 6 2 3 7 4 2 4 3 8 6 3 6 4 6 1 5 5 6 5 3 3 6 5 4 5 4 6 8 3 3 6 3 6 0 4 6 3 5 5 5 2 4 5 5 4 4 4 3 6 5 2 3 4 4 3 5 5 4 5 2 4 5 4 4 5 6 6 7 5 3 1 6 5 5 8 5 4 6 5 7 6 2 4 5 4 7 5 5 3 6 4 6 6 6 3 4 6 5 6 4 6 4 6 5 10 5 3 3 3 3 7 6 5 2 5 4 7 
6 5 6 4 7 11 12 5 5 9 7 5 8 5 2 9 5 4 4 6 8 7 7 3 4 7 6 9 7 6 4 3 6 8 7 9 4 4 6 6 9 2 6 13 8 9 5 9 3 6 8 5 6 10 7 5 2 7 5 10 5 8 3 6 4 7 4 8 9 7 7 4 9 9 5 5 4 9 4 5 7 8 8 7 2 3 6 6 6 4 3 6 6 8 2 5 5 10 7 8 7 3 5 4 9 8 9 6 6 10 5 6 3 5 6 4 6 4 4 7 2 5 7 6 5 6 5 6 8 11 3 4 6 8 8 5 7 5 10 10 4 5 7 8 7 5 7 7 5 8 7 7 8 6 4 8 6 5 8 4 6 5 7 6 4 7 6 4 5 6 5 6 6 4 7 4 8 5 11 7 5 7 5 4 4 10 7 4 6 5 4 3 6 6 6 9 5 10 1 6 
8 5 10 10 11 3 5 6 9 4 1 9 4 9 9 7 8 6 10 6 8 4 10 6 6 1 4 7 7 5 3 6 8 4 5 8 4 5 7 8 8 6 5 8 7 11 6 7 5 10 5 6 3 8 5 3 9 7 10 1 9 6 8 9 7 5 8 4 7 7 4 7 6 5 7 5 5 10 2 7 12 10 7 2 4 7 9 7 2 7 3 5 6 3 8 8 8 7 6 10 2 3 5 7 10 4 6 3 8 8 11 8 11 7 9 11 8 7 9 2 9 8 8 8 10 8 14 11 6 10 8 5 8 6 8 12 7 9 8 2 5 5 3 5 9 6 5 3 4 7 7 6 4 3 8 3 8 10 9 9 6 10 6 5 8 7 5 6 8 6 8 5 7 6 9 8 9 7 7 7 9 4 8 7 11 6 8 3 9 8 9 5 7 6 7 6 10 8 10 7 
10 8 17 7 13 8 7 11 5 6 11 11 13 7 8 13 9 12 11 10 7 6 12 15 12 10 12 10 6 11 8 8 15 10 9 8 6 9 11 8 10 9 9 11 4 9 6 8 13 12 11 11 9 13 13 11 5 15 12 7 17 18 12 9 4 8 8 8 13 11 12 11 9 13 7 11 13 14 15 3 6 5 10 17 12 7 13 7 10 13 10 11 13 11 11 9 4 10 6 6 12 13 8 18 13 8 11 14 3 6 6 12 15 14 5 12 13 9 11 5 7 11 9 13 6 14 13 15 8 6 9 11 10 10 11 7 10 8 9 9 6 9 15 14 8 15 10 7 9 10 5 9 15 7 11 10 5 8 12 9 11 12 9 13 9 12 11 6 11 11 12 9 12 10 5 9 7 9 13 11 13 8 11 12 11 12 12 11 15 11 11 10 4 4 7 8 8 9 8 10 
5 4 9 5 8 8 4 8 7 7 7 9 6 2 5 6 4 8 10 8 2 6 9 4 2 8 5 10 4 5 10 7 3 7 7 6 7 8 8 9 7 9 8 10 5 6 5 5 4 6 4 5 7 5 8 6 7 5 6 4 5 3 6 6 8 8 3 8 1 8 5 4 5 6 6 5 4 5 4 7 6 5 6 8 3 6 6 6 5 5 4 6 3 7 11 4 7 8 6 2 5 5 5 8 5 5 8 5 4 6 7 4 8 7 4 6 8 7 2 10 5 6 8 9 4 5 7 4 6 7 6 5 3 8 5 5 7 6 7 3 5 3 3 3 7 4 7 4 7 7 8 6 7 7 6 4 10 4 8 4 7 8 4 5 4 12 5 4 4 4 8 4 6 7 7 6 5 8 3 3 7 7 5 5 8 7 2 6 6 8 5 3 6 7 9 8 7 5 4 5 
3 2 2 3 3 4 3 4 6 4 5 3 3 3 4 5 7 5 5 1 6 4 4 3 4 1 6 5 5 3 3 3 4 3 2 5 3 4 4 7 4 4 4 5 4 4 4 3 3 6 3 6 4 6 4 4 5 2 5 3 6 5 4 5 4 3 4 5 3 4 5 5 3 5 4 5 1 3 5 3 5 4 4 2 2 6 5 3 4 4 3 4 3 7 5 2 6 6 6 2 2 6 3 5 4 3 4 5 3 3 4 3 5 4 2 5 3 3 2 3 5 5 4 2 1 2 3 4 3 5 3 4 1 5 4 2 3 4 4 4 3 4 6 6 4 4 2 6 3 7 5 4 1 2 3 5 5 3 3 2 2 3 8 7 4 6 4 5 4 4 4 5 3 2 2 3 6 5 6 3 3 5 3 3 4 4 5 2 5 5 5 6 4 4 2 1 2 6 3 4 
3 2 2 2 2 1 1 1 2 2 1 1 1 2 1 2 2 3 2 1 2 2 1 2 2 2 2 2 2 2 3 3 2 2 1 2 3 1 2 2 1 2 1 2 3 1 1 2 2 2 3 2 0 2 2 2 1 2 2 2 2 2 2 3 2 1 3 2 3 2 1 2 2 2 2 3 2 4 1 2 1 1 2 1 2 1 2 2 2 2 2 2 3 2 3 2 3 2 1 3 2 2 2 3 3 1 3 2 3 2 2 2 2 2 3 2 2 3 1 2 2 2 3 2 1 2 2 2 3 3 2 0 1 1 2 3 2 1 3 2 2 1 2 1 2 1 2 2 2 1 3 2 3 2 1 2 2 1 2 2 3 1 1 2 0 2 3 2 3 2 2 2 2 3 2 2 2 2 2 2 3 2 2 2 2 2 2 2 3 0 3 2 3 2 2 2 3 1 3 1 
7 5 6 3 3 3 1 7 7 6 5 4 6 9 4 5 6 8 7 5 5 4 6 6 4 8 4 6 6 6 4 4 3 7 4 9 4 4 5 6 4 5 6 5 3 7 5 6 6 7 3 5 5 4 8 4 8 4 3 6 5 6 8 4 5 6 3 7 6 4 4 4 6 4 2 6 5 2 8 6 7 8 6 2 6 4 2 2 6 5 5 4 6 5 7 1 3 6 6 3 5 6 6 2 5 4 6 5 2 4 4 3 5 3 4 4 2 8 5 8 3 6 6 6 6 4 6 6 4 4 4 3 6 6 4 6 5 4 7 6 6 6 8 2 4 8 4 8 4 5 7 6 8 5 7 6 5 6 4 3 3 8 7 4 5 4 5 6 6 2 4 1 3 5 7 7 4 5 5 4 5 6 8 7 6 4 4 6 5 1 5 2 3 6 6 4 2 4 8 7 
