NAME  : Jabali_50_3_0.88_1_9
TYPE : SVRP
MODEL : FINITE_SUPPORT
NUMBER_OF_SCENARIOS : 200
DIMENSION : 50
EDGE_WEIGHT_TYPE : MATRIX
CAPACITY : 112
N_VEHICLES : 3
NODE_COORD_SECTION
1 3624 3467
2 3607 7411
3 381 2834
4 930 6482
5 329 3882
6 537 6180
7 1569 2554
8 4867 1966
9 1261 6829
10 6549 4270
11 5156 7024
12 902 4337
13 1834 1759
14 3987 458
15 4459 5249
16 2455 2281
17 3173 4126
18 1039 4306
19 575 6800
20 3216 6098
21 2745 3934
22 6637 2276
23 5011 3244
24 3218 8715
25 5088 4020
26 4730 6580
27 6742 5883
28 1172 1227
29 6514 2701
30 1253 5885
31 5012 3902
32 2710 8144
33 4161 18
34 4967 4733
35 2410 8260
36 27 5436
37 4545 4951
38 5359 3698
39 3215 2664
40 4247 1492
41 610 2531
42 5662 4260
43 2446 7778
44 4030 6326
45 7709 4625
46 1048 4042
47 664 3441
48 4354 6187
49 4314 227
50 3626 2699
DEMAND_SECTION
1 0.0
2 7.0
3 2.0
4 8.0
5 4.0
6 2.0
7 9.0
8 1.0
9 9.0
10 2.0
11 9.0
12 4.0
13 2.0
14 9.0
15 10.0
16 3.0
17 9.0
18 5.0
19 8.0
20 9.0
21 8.0
22 6.0
23 8.0
24 7.0
25 10.0
26 4.0
27 6.0
28 3.0
29 5.0
30 3.0
31 8.0
32 1.0
33 8.0
34 8.0
35 4.0
36 5.0
37 10.0
38 3.0
39 4.0
40 8.0
41 8.0
42 9.0
43 4.0
44 9.0
45 10.0
46 2.0
47 2.0
48 3.0
49 8.0
50 9.0
DEVIATION_SECTION
1 0.0
2 2.33333
3 0.666667
4 2.66667
5 1.33333
6 0.666667
7 3.0
8 0.333333
9 3.0
10 0.666667
11 3.0
12 1.33333
13 0.666667
14 3.0
15 3.33333
16 1.0
17 3.0
18 1.66667
19 2.66667
20 3.0
21 2.66667
22 2.0
23 2.66667
24 2.33333
25 3.33333
26 1.33333
27 2.0
28 1.0
29 1.66667
30 1.0
31 2.66667
32 0.333333
33 2.66667
34 2.66667
35 1.33333
36 1.66667
37 3.33333
38 1.0
39 1.33333
40 2.66667
41 2.66667
42 3.0
43 1.33333
44 3.0
45 3.33333
46 0.666667
47 0.666667
48 1.0
49 2.66667
50 3.0
DISTANCE_MATRIX
0.0 53.0094 48.5575 56.1898 47.8357 55.4518 31.2196 25.9615 55.9386 44.8582 52.1728 40.2671 34.2345 42.4264 26.3059 23.0868 10.2462 39.7567 61.0063 35.3836 15.2462 42.246 20.2512 70.1783 24.3588 44.643 53.5772 45.5412 38.9866 49.7019 23.4129 65.6049 46.8615 24.5153 64.4438 54.1277 24.0208 25.6336 12.0416 28.6007 44.0249 32.6982 59.6657 38.9102 61.7117 43.0196 42.7443 38.2753 46.6905 10.2956 
53.0094 0.0 76.0592 38.0789 64.1249 43.8292 73.2465 78.2436 33.0151 57.2713 21.5407 55.0 81.5966 95.1648 31.9061 75.032 46.0652 55.0091 41.4005 18.3848 54.0106 77.1041 59.4818 18.0278 50.1626 19.0 47.676 91.214 71.8652 37.3631 50.8969 21.2132 99.4013 40.7063 17.0 54.7814 35.5106 54.7157 63.6318 81.0589 78.3135 51.0784 15.8114 16.1245 67.0075 57.0789 67.0298 19.3132 99.3534 63.2456 
48.5575 76.0592 0.0 48.3011 13.8924 43.566 15.8114 59.0339 53.7122 86.1522 85.7084 21.2132 24.0208 58.0775 63.8056 27.8568 39.3616 21.095 51.3128 59.1354 47.3113 80.834 61.2442 87.8635 65.6528 77.6813 94.8273 24.1868 78.1427 42.0595 64.7069 76.844 64.0703 65.8635 78.5875 33.9706 63.097 66.9276 36.279 53.4509 4.47214 73.9921 73.2462 68.884 103.006 19.0 9.05539 70.6412 62.0081 41.2102 
56.1898 38.0789 48.3011 0.0 34.4384 6.08276 53.0377 82.1489 6.0 78.8846 56.5862 29.0689 63.748 93.7112 49.4621 60.961 45.9989 29.7321 6.0 30.5287 54.9436 98.406 76.4112 43.1856 66.4045 50.3289 77.6981 69.814 95.1466 9.48683 67.1388 30.0666 99.5996 58.0726 33.0606 18.0278 52.1095 70.9576 64.5869 84.3029 51.9711 68.9646 28.2843 41.4005 92.868 32.5576 39.9625 45.2217 98.0523 64.973 
47.8357 64.1249 13.8924 34.4384 0.0 29.6816 23.0868 63.2677 39.9249 82.4797 75.8947 9.84886 33.6155 65.6201 56.456 33.0606 38.6324 10.2956 37.4433 48.2701 46.5895 88.8489 68.0571 74.8131 68.7612 68.0074 88.4695 36.8782 85.5895 28.6356 69.4954 63.3246 71.5681 61.4555 65.307 20.6155 56.9374 73.4395 40.4721 58.4191 17.8045 71.3212 60.0167 58.8218 98.289 9.89949 6.7082 61.0983 69.8713 45.4033 
55.4518 43.8292 43.566 6.08276 29.6816 0.0 49.679 81.4108 12.0416 83.3619 61.7171 25.6125 60.4401 90.4047 53.9394 57.6545 45.233 26.4008 7.81025 35.0071 54.2056 97.6679 75.6731 49.2544 70.8818 55.1543 82.1755 65.8559 94.4085 10.4403 71.616 36.0139 96.2931 62.5498 39.1152 12.0 56.5868 75.4349 65.0253 83.5649 47.4342 73.4418 34.3657 46.0109 97.3452 29.2062 35.609 49.746 94.7458 64.235 
31.2196 73.2465 15.8114 53.0377 23.0868 49.679 0.0 43.4166 57.5414 71.137 79.0253 24.0832 10.8167 43.0465 54.7449 12.083 30.1496 23.3452 57.3847 55.109 37.4138 65.6049 46.229 88.4873 50.6376 71.007 84.6542 18.0278 63.0317 44.9676 49.6917 79.4687 49.0408 55.6119 80.299 42.9418 53.5006 51.9124 21.2603 37.6431 13.0384 58.977 75.0065 63.1269 87.9905 20.5183 16.4924 64.0 47.1699 26.1725 
25.9615 78.2436 59.0339 82.1489 63.2677 81.4108 43.4166 0.0 81.8852 38.0 68.3403 66.2262 39.6232 23.5372 45.0767 31.3847 36.2053 61.4437 86.9654 60.9268 41.2053 23.6008 17.7263 95.6222 27.0542 62.2463 58.6941 49.679 22.8473 75.661 26.1666 91.4181 25.4951 36.9556 90.1425 80.0868 41.5524 24.5547 24.5153 10.198 56.4358 37.3398 85.4306 60.7817 52.1728 58.6216 57.3442 58.0313 26.5707 20.0998 
55.9386 33.0151 53.7122 6.0 39.9249 12.0416 57.5414 81.8852 0.0 76.4853 52.4023 33.8378 68.2504 97.7942 47.0744 65.4634 46.4924 34.4093 8.48528 27.8568 55.1152 98.1305 76.1357 37.2156 64.029 46.6154 74.7061 74.6324 94.8711 12.7279 64.7632 24.0832 102.521 55.697 27.074 24.0208 49.734 68.5821 64.7585 84.4745 57.2451 66.5823 22.3607 38.0789 90.4434 37.2022 45.1774 42.0595 102.152 65.1446 
44.8582 57.2713 86.1522 78.8846 82.4797 83.3619 71.137 38.0 76.4853 0.0 41.1825 72.4225 72.5085 61.2046 29.4279 61.5268 46.9317 71.912 84.1828 49.2544 53.0575 23.6008 36.1574 74.3303 20.8089 38.8973 21.9317 83.8752 19.2354 74.7815 21.6407 77.5242 61.9839 21.1896 73.9797 86.2681 26.9258 19.7827 50.2316 48.0416 83.9423 12.2079 71.3442 42.19 17.0294 72.8677 80.5444 38.3275 63.6396 45.9386 
52.1728 21.5407 85.7084 56.5862 75.8947 61.7171 79.0253 68.3403 52.4023 41.1825 0.0 66.0984 85.2877 90.8185 25.9615 74.5453 49.0102 65.8027 60.8769 28.178 56.0918 63.4114 50.774 35.0571 41.3401 8.06226 27.0 96.0833 58.258 53.3653 42.19 42.45 93.6483 31.3847 37.855 71.3572 28.7924 45.0 64.1327 76.0745 86.9978 38.8973 37.3363 17.088 47.5184 67.1863 77.1298 15.1327 94.4154 62.0967 
40.2671 55.0 21.2132 29.0689 9.84886 25.6125 24.0832 66.2262 33.8378 72.4225 66.0984 0.0 34.8281 64.7922 46.6708 32.042 30.0483 1.0 33.3017 38.6394 39.0209 82.4833 60.4884 66.7935 58.976 58.1893 78.6843 40.8044 79.2238 21.4709 59.7103 56.0803 70.6806 51.6704 57.5848 20.3961 47.1522 65.8708 39.4128 57.3598 24.0416 61.5361 52.2247 49.0408 88.5039 3.60555 12.1655 51.264 69.1333 44.344 
34.2345 81.5966 24.0208 63.748 33.6155 60.4401 10.8167 39.6232 68.2504 72.5085 85.2877 34.8281 0.0 34.2345 60.0 11.1803 36.7323 34.0588 68.1175 63.2456 43.2215 62.9682 46.5188 96.6384 52.2015 77.4145 87.371 11.4018 61.2209 55.6766 51.2445 90.1777 40.1995 58.6941 89.0635 53.7122 58.0775 52.9245 22.561 31.9061 20.025 60.407 83.8312 70.3553 87.8847 31.241 26.9258 70.5872 38.0526 26.5707 
42.4264 95.1648 58.0775 93.7112 65.6201 90.4047 43.0465 23.5372 97.7942 61.2046 90.8185 64.7922 34.2345 0.0 67.5463 32.7567 51.679 64.0275 98.0836 77.7946 56.679 42.9535 40.4969 112.539 49.7695 84.716 82.201 39.9249 44.1814 85.6399 48.8467 107.815 6.0 59.5063 106.832 84.2969 64.022 47.329 34.1321 14.7648 54.231 60.8768 101.98 80.5831 74.2428 61.2055 59.3043 79.5842 4.47214 32.6497 
26.3059 31.9061 63.8056 49.4621 56.456 53.9394 54.7449 45.0767 47.0744 29.4279 25.9615 46.6708 60.0 67.5463 0.0 49.0408 24.7386 46.1604 54.7602 20.0 31.3311 47.2389 27.6534 49.93 18.3341 18.7883 32.0156 71.0634 42.0 45.3589 19.0684 50.0 70.3881 9.21954 47.1699 59.8907 3.60555 22.8873 38.3275 52.8023 64.195 20.2237 43.6807 15.8114 43.8634 47.1161 57.9851 13.4536 71.1432 36.1386 
23.0868 75.032 27.8568 60.961 33.0606 57.6545 12.083 31.3847 65.4634 61.5268 74.5453 32.042 11.1803 32.7567 49.0408 0.0 27.7099 31.2773 65.3334 56.6792 32.7099 53.9073 35.8469 90.1607 41.1096 66.7533 76.2654 22.561 51.6236 52.8896 40.1622 82.6744 38.6394 47.5184 82.5858 51.5464 47.0106 42.0476 11.4018 25.7099 25.0599 49.3964 77.3535 59.9152 77.7103 28.4553 27.0185 60.0167 37.108 15.6525 
10.2462 46.0652 39.3616 45.9989 38.6324 45.233 30.1496 36.2053 46.4924 46.9317 49.0102 30.0483 36.7323 51.679 24.7386 27.7099 0.0 29.5379 52.5215 27.7849 9.0 52.4623 30.4675 62.426 33.4853 41.0488 55.4707 47.0956 49.2029 39.4831 34.2195 56.6392 56.4059 26.6271 55.9017 43.9089 23.7697 35.8499 18.6433 38.3593 39.5601 36.0454 50.9117 33.7343 63.0132 30.4935 33.541 34.1321 56.037 19.0294 
39.7567 55.0091 21.095 29.7321 10.2956 26.4008 23.3452 61.4437 34.4093 71.912 65.8027 1.0 34.0588 64.0275 46.1604 31.2773 29.5379 0.0 34.0588 38.4708 38.5105 81.9729 59.978 67.1937 58.4656 57.8705 78.1739 40.2244 78.7134 21.9545 59.1999 56.4837 69.9159 51.16 57.9851 21.3776 46.6418 65.3604 38.6482 56.5952 23.7697 61.0257 52.6249 48.7647 87.9935 2.82843 12.0416 50.9215 68.3686 43.5793 
61.0063 41.4005 51.3128 6.0 37.4433 7.81025 57.3847 86.9654 8.48528 84.1828 60.8769 33.3017 68.1175 98.0836 54.7602 65.3334 52.5215 34.0588 0.0 35.7771 59.7601 103.222 81.2277 44.1475 71.7026 55.0 82.8553 73.6614 99.9631 15.2971 72.4369 30.2655 103.972 63.3707 33.9559 18.6815 57.4076 76.2557 69.4035 89.1195 55.2178 74.256 29.7321 46.3249 98.1661 36.8782 43.4166 50.2494 102.425 69.7895 
35.3836 18.3848 59.1354 30.5287 48.2701 35.0071 55.109 60.9268 27.8568 49.2544 28.178 38.6394 63.2456 77.7946 20.0 56.6792 27.7849 38.4708 35.7771 0.0 35.8444 67.2389 47.0791 34.8281 37.7598 20.8087 47.1699 73.0068 62.0 26.4267 38.4941 31.305 82.0731 29.0689 29.4109 44.4186 23.0868 42.313 45.4877 63.742 61.0 40.1123 25.0599 11.4018 62.6418 40.1995 50.2494 14.8661 82.0244 45.4533 
15.2462 54.0106 47.3113 54.9436 46.5895 54.2056 37.4138 41.2053 55.1152 53.0575 56.0918 39.0209 43.2215 56.679 31.3311 32.7099 9.0 38.5105 59.7601 35.8444 0.0 57.4623 35.4675 70.6003 39.5751 48.1947 61.5619 54.0106 54.2029 48.4557 38.6292 65.1378 61.4059 32.5539 64.28 52.8815 30.0868 40.8499 23.6433 43.3593 47.3113 41.8991 59.345 41.2053 69.911 41.7734 41.4981 41.3657 61.037 24.0294 
42.246 77.1041 80.834 98.406 88.8489 97.6679 65.6049 23.6008 98.1305 23.6008 63.4114 82.4833 62.9682 42.9535 47.2389 53.9073 52.4623 81.9729 103.222 67.2389 57.4623 0.0 29.584 94.7011 37.4454 59.7207 45.2769 73.2462 5.38516 91.918 38.0242 96.6251 42.107 38.3918 93.3931 96.3439 44.3438 36.4124 44.9444 33.121 78.6003 28.8444 90.3541 61.3775 32.1403 84.0328 79.1036 57.8119 44.2832 39.9625 
20.2512 59.4818 61.2442 76.4112 68.0571 75.6731 46.229 17.7263 76.1357 36.1574 50.774 60.4884 46.5188 40.4969 27.6534 35.8469 30.4675 59.978 81.2277 47.0791 35.4675 29.584 0.0 77.487 9.43398 44.823 43.0 57.7754 26.3246 69.9232 8.60233 77.5791 43.0397 19.4165 74.8133 74.3491 24.129 7.0 25.0 25.9615 59.0343 15.0 71.2554 43.3584 52.0192 63.2409 59.8148 40.608 43.9011 20.2485 
70.1783 18.0278 87.8635 43.1856 74.8131 49.2544 88.4873 95.6222 37.2156 74.3303 35.0571 66.7935 96.6384 112.539 49.93 90.1607 62.426 67.1937 44.1475 34.8281 70.6003 94.7011 77.487 0.0 68.1678 35.4401 62.0322 105.827 89.4622 46.2709 68.902 14.3178 116.78 58.6686 10.198 61.2046 53.535 72.7209 80.2436 98.4374 90.8225 68.8767 15.0 34.1321 82.4924 69.9114 78.865 37.1214 116.726 80.2808 
24.3588 50.1626 65.6528 66.4045 68.7612 70.8818 50.6376 27.0542 64.029 20.8089 41.3401 58.976 52.2015 49.7695 18.3341 41.1096 33.4853 58.4656 71.7026 37.7598 39.5751 37.4454 9.43398 68.1678 0.0 35.4683 35.3553 63.6003 32.2066 62.3014 1.0 68.2599 52.3676 10.0 65.4941 72.8217 14.8098 5.09902 29.744 35.1141 63.4429 8.60233 61.9362 34.0391 37.6624 59.4213 63.9224 31.2888 53.2259 25.7099 
44.643 19.0 77.6813 50.3289 68.0074 55.1543 71.007 62.2463 46.6154 38.8973 8.06226 58.1893 77.4145 84.716 18.7883 66.7533 41.0488 57.8705 55.0 20.8087 48.1947 59.7207 44.823 35.4401 35.4683 0.0 29.1204 88.1419 54.4819 46.5925 36.2353 40.1123 87.5578 25.4951 36.0 64.5843 21.9545 39.598 56.5155 69.972 78.9367 34.4093 34.3657 9.43398 48.0104 59.203 69.1231 7.07107 88.3129 54.7083 
53.5772 47.676 94.8273 77.6981 88.4695 82.1755 84.6542 58.6941 74.7061 21.9317 27.0 78.6843 87.371 82.201 32.0156 76.2654 55.4707 78.1739 82.8553 47.1699 61.5619 45.2769 43.0 62.0322 35.3553 29.1204 0.0 98.7725 41.1461 73.5951 36.3456 68.884 83.4326 29.1548 64.4981 91.7946 31.9061 36.0 64.8998 68.3593 94.8732 28.0 63.3482 36.6742 21.1896 79.1296 89.0067 32.6497 84.9294 61.0 
45.5412 91.214 24.1868 69.814 36.8782 65.8559 18.0278 49.679 74.6324 83.8752 96.0833 40.8044 11.4018 39.9249 71.0634 22.561 47.0956 40.2244 73.6614 73.0068 54.0106 73.2462 57.7754 105.827 63.6003 88.1419 98.7725 0.0 71.8471 62.1289 62.6418 96.8081 45.5412 70.0357 97.6384 57.4891 69.2604 64.2573 33.9559 41.0366 19.7231 71.7844 92.3459 80.6226 98.93 37.4433 30.4138 81.2219 43.0116 37.9473 
38.9866 71.8652 78.1427 95.1466 85.5895 94.4085 63.0317 22.8473 94.8711 19.2354 58.258 79.2238 61.2209 44.1814 42.0 51.6236 49.2029 78.7134 99.9631 62.0 54.2029 5.38516 26.3246 89.4622 32.2066 54.4819 41.1461 71.8471 0.0 88.6586 34.7648 91.3863 44.0454 33.1529 88.1542 93.0845 39.105 33.1529 42.0119 32.8938 75.9328 23.6056 85.1153 56.1386 30.0666 80.7734 76.4786 52.573 46.0 37.0135 
49.7019 37.3631 42.0595 9.48683 28.6356 10.4403 44.9676 75.661 12.7279 74.7815 53.3653 21.4709 55.6766 85.6399 45.3589 52.8896 39.4831 21.9545 15.2971 26.4267 48.4557 91.918 69.9232 46.2709 62.3014 46.5925 73.5951 62.1289 88.6586 0.0 63.0356 34.7851 95.8616 53.9694 36.6742 18.0278 48.0064 66.8545 58.099 77.815 45.31 64.8614 31.4006 37.4364 88.7648 24.6982 33.2415 41.1656 89.9809 58.4851 
23.4129 50.8969 64.7069 67.1388 69.4954 71.616 49.6917 26.1666 64.7632 21.6407 42.19 59.7103 51.2445 48.8467 19.0684 40.1622 34.2195 59.1999 72.4369 38.4941 38.6292 38.0242 8.60233 68.902 1.0 36.2353 36.3456 62.6418 34.7648 63.0356 0.0 68.9941 51.4782 10.8167 66.2283 73.556 15.5441 5.0 28.7981 34.176 62.497 9.43398 62.6705 34.7734 38.4942 60.1555 62.9765 32.0231 52.3259 24.7386 
65.6049 21.2132 76.844 30.0666 63.3246 36.0139 79.4687 91.4181 24.0832 77.5242 42.45 56.0803 90.1777 107.815 50.0 82.6744 56.6392 56.4837 30.2655 31.305 65.1378 96.6251 77.5791 14.3178 68.2599 40.1123 68.884 96.8081 91.3863 34.7851 68.9941 0.0 112.446 59.203 5.0 48.0104 53.4509 72.813 74.7811 94.2019 80.0562 70.0928 6.32456 35.3553 88.0909 59.2014 68.0074 39.2046 112.161 75.1665 
46.8615 99.4013 64.0703 99.5996 71.5681 96.2931 49.0408 25.4951 102.521 61.9839 93.6483 70.6806 40.1995 6.0 70.3881 38.6394 56.4059 69.9159 103.972 82.0731 61.4059 42.107 43.0397 116.78 52.3676 87.5578 83.4326 45.5412 44.0454 95.8616 51.4782 112.446 0.0 62.2656 111.288 90.1853 66.8638 49.8681 39.3573 18.3848 60.208 62.4273 106.527 84.8197 74.0 67.0939 65.2763 83.3428 2.82843 37.4433 
24.5153 40.7063 65.8635 58.0726 61.4555 62.5498 55.6119 36.9556 55.697 21.1896 31.3847 51.6704 58.6941 59.5063 9.21954 47.5184 26.6271 51.16 63.3707 29.0689 32.5539 38.3918 19.4165 58.6686 10.0 25.4951 29.1548 70.0357 33.1529 53.9694 10.8167 59.203 62.2656 0.0 56.3028 65.4747 6.0 14.2127 36.2215 44.7772 65.8652 11.0454 52.8867 24.5967 36.8917 52.1156 60.052 21.6333 63.0635 33.0 
64.4438 17.0 78.5875 33.0606 65.307 39.1152 80.299 90.1425 27.074 73.9797 37.855 57.5848 89.0635 106.832 47.1699 82.5858 55.9017 57.9851 33.9559 29.4109 64.28 93.3931 74.8133 10.198 65.4941 36.0 64.4981 97.6384 88.1542 36.6742 66.2283 5.0 111.288 56.3028 0.0 51.0882 50.6952 70.0472 73.9233 92.957 81.6138 67.0522 5.38516 32.0156 84.006 60.7027 69.6419 35.6931 111.126 74.2496 
54.1277 54.7814 33.9706 18.0278 20.6155 12.0 42.9418 80.0868 24.0208 86.2681 71.3572 20.3961 53.7122 84.2969 59.8907 51.5464 43.9089 21.3776 18.6815 44.4186 52.8815 96.3439 74.3491 61.2046 72.8217 64.5843 91.7946 57.4891 93.0845 18.0278 73.556 48.0104 90.1853 65.4747 51.0882 0.0 60.7424 77.3748 58.9176 76.8646 38.1838 75.3818 46.2709 55.4282 102.341 23.7697 27.2029 59.1574 88.638 62.9109 
24.0208 35.5106 63.097 52.1095 56.9374 56.5868 53.5006 41.5524 49.734 26.9258 28.7924 47.1522 58.0775 64.022 3.60555 47.0106 23.7697 46.6418 57.4076 23.0868 30.0868 44.3438 24.129 53.535 14.8098 21.9545 31.9061 69.2604 39.105 48.0064 15.5441 53.4509 66.8638 6.0 50.6952 60.7424 0.0 19.363 36.0555 49.278 63.3246 17.0294 47.1275 19.4165 42.0595 47.5975 57.2765 16.9706 67.6189 33.541 
25.6336 54.7157 66.9276 70.9576 73.4395 75.4349 51.9124 24.5547 68.5821 19.7827 45.0 65.8708 52.9245 47.329 22.8873 42.0476 35.8499 65.3604 76.2557 42.313 40.8499 36.4124 7.0 72.7209 5.09902 39.598 36.0 64.2573 33.1529 66.8545 5.0 72.813 49.8681 14.2127 70.0472 77.3748 19.363 0.0 30.8869 32.7998 64.7177 8.0 66.4893 38.5923 36.6362 68.6233 65.1972 35.805 50.7295 26.4008 
12.0416 63.6318 36.279 64.5869 40.4721 65.0253 21.2603 24.5153 64.7585 50.2316 64.1327 39.4128 22.561 34.1321 38.3275 11.4018 18.6433 38.6482 69.4035 45.4877 23.6433 44.9444 25.0 80.2436 29.744 56.5155 64.8998 33.9559 42.0119 58.099 28.7981 74.7811 39.3573 36.2215 73.9233 58.9176 36.0555 30.8869 0.0 22.561 34.0692 38.0789 68.9883 50.3289 67.0852 35.8261 34.5486 50.0 38.5876 5.0 
28.6007 81.0589 53.4509 84.3029 58.4191 83.5649 37.6431 10.198 84.4745 48.0416 76.0745 57.3598 31.9061 14.7648 52.8023 25.7099 38.3593 56.5952 89.1195 63.742 43.3593 33.121 25.9615 98.4374 35.1141 69.972 68.3593 41.0366 32.8938 77.815 34.176 94.2019 18.3848 44.7772 92.957 76.8646 49.278 32.7998 22.561 0.0 50.3289 40.7419 88.2383 66.4772 62.3699 53.7731 52.4957 65.4783 18.6011 19.6977 
44.0249 78.3135 4.47214 51.9711 17.8045 47.4342 13.0384 56.4358 57.2451 83.9423 86.9978 24.0416 20.025 54.231 64.195 25.0599 39.5601 23.7697 55.2178 61.0 47.3113 78.6003 59.0343 90.8225 63.4429 78.9367 94.8732 19.7231 75.9328 45.31 62.497 80.0562 60.208 65.8652 81.6138 38.1838 63.3246 64.7177 34.0692 50.3289 0.0 71.7822 76.2537 70.3722 100.796 21.3776 12.083 71.8656 58.0775 39.0003 
32.6982 51.0784 73.9921 68.9646 71.3212 73.4418 58.977 37.3398 66.5823 12.2079 38.8973 61.5361 60.407 60.8768 20.2237 49.3964 36.0454 61.0257 74.256 40.1123 41.8991 28.8444 15.0 68.8767 8.60233 34.4093 28.0 71.7844 23.6056 64.8614 9.43398 70.0928 62.4273 11.0454 67.0522 75.3818 17.0294 8.0 38.0789 40.7419 71.7822 0.0 63.7887 35.1141 29.0 61.9813 69.386 31.7805 63.772 33.8378 
59.6657 15.8114 73.2462 28.2843 60.0167 34.3657 75.0065 85.4306 22.3607 71.3442 37.3363 52.2247 83.8312 101.98 43.6807 77.3535 50.9117 52.6249 29.7321 25.0599 59.345 90.3541 71.2554 15.0 61.9362 34.3657 63.3482 92.3459 85.1153 31.4006 62.6705 6.32456 106.527 52.8867 5.38516 46.2709 47.1275 66.4893 68.9883 88.2383 76.2537 63.7887 0.0 29.1548 82.2192 55.3426 64.2884 33.0606 106.301 69.3542 
38.9102 16.1245 68.884 41.4005 58.8218 46.0109 63.1269 60.7817 38.0789 42.19 17.088 49.0408 70.3553 80.5831 15.8114 59.9152 33.7343 48.7647 46.3249 11.4018 41.2053 61.3775 43.3584 34.1321 34.0391 9.43398 36.6742 80.6226 56.1386 37.4364 34.7734 35.3553 84.8197 24.5967 32.0156 55.4282 19.4165 38.5923 50.3289 66.4772 70.3722 35.1141 29.1548 0.0 53.7587 50.2195 60.208 4.12311 84.7718 49.1935 
61.7117 67.0075 103.006 92.868 98.289 97.3452 87.9905 52.1728 90.4434 17.0294 47.5184 88.5039 87.8847 74.2428 43.8634 77.7103 63.0132 87.9935 98.1661 62.6418 69.911 32.1403 52.0192 82.4924 37.6624 48.0104 21.1896 98.93 30.0666 88.7648 38.4942 88.0909 74.0 36.8917 84.006 102.341 42.0595 36.6362 67.0852 62.3699 100.796 29.0 82.2192 53.7587 0.0 88.9491 96.3538 49.6488 76.0263 62.724 
43.0196 57.0789 19.0 32.5576 9.89949 29.2062 20.5183 58.6216 37.2022 72.8677 67.1863 3.60555 31.241 61.2055 47.1161 28.4553 30.4935 2.82843 36.8782 40.1995 41.7734 84.0328 63.2409 69.9114 59.4213 59.203 79.1296 37.4433 80.7734 24.6982 60.1555 59.2014 67.0939 52.1156 60.7027 23.7697 47.5975 68.6233 35.8261 53.7731 21.3776 61.9813 55.3426 50.2195 88.9491 0.0 10.0499 52.2015 65.5466 40.7573 
42.7443 67.0298 9.05539 39.9625 6.7082 35.609 16.4924 57.3442 45.1774 80.5444 77.1298 12.1655 26.9258 59.3043 57.9851 27.0185 33.541 12.0416 43.4166 50.2494 41.4981 79.1036 59.8148 78.865 63.9224 69.1231 89.0067 30.4138 76.4786 33.2415 62.9765 68.0074 65.2763 60.052 69.6419 27.2029 57.2765 65.1972 34.5486 52.4957 12.083 69.386 64.2884 60.208 96.3538 10.0499 0.0 62.0967 63.5059 39.4798 
38.2753 19.3132 70.6412 45.2217 61.0983 49.746 64.0 58.0313 42.0595 38.3275 15.1327 51.264 70.5872 79.5842 13.4536 60.0167 34.1321 50.9215 50.2494 14.8661 41.3657 57.8119 40.608 37.1214 31.2888 7.07107 32.6497 81.2219 52.573 41.1656 32.0231 39.2046 83.3428 21.6333 35.6931 59.1574 16.9706 35.805 50.0 65.4783 71.8656 31.7805 33.0606 4.12311 49.6488 52.2015 62.0967 0.0 83.7729 48.4665 
46.6905 99.3534 62.0081 98.0523 69.8713 94.7458 47.1699 26.5707 102.152 63.6396 94.4154 69.1333 38.0526 4.47214 71.1432 37.108 56.037 68.3686 102.425 82.0244 61.037 44.2832 43.9011 116.726 53.2259 88.3129 84.9294 43.0116 46.0 89.9809 52.3259 112.161 2.82843 63.0635 111.126 88.638 67.6189 50.7295 38.5876 18.6011 58.0775 63.772 106.301 84.7718 76.0263 65.5466 63.5059 83.7729 0.0 37.0135 
10.2956 63.2456 41.2102 64.973 45.4033 64.235 26.1725 20.0998 65.1446 45.9386 62.0967 44.344 26.5707 32.6497 36.1386 15.6525 19.0294 43.5793 69.7895 45.4533 24.0294 39.9625 20.2485 80.2808 25.7099 54.7083 61.0 37.9473 37.0135 58.4851 24.7386 75.1665 37.4433 33.0 74.2496 62.9109 33.541 26.4008 5.0 19.6977 39.0003 33.8378 69.3542 49.1935 62.724 40.7573 39.4798 48.4665 37.0135 0.0 
DEMAND_SCENARIO_SECTION
0 0 0 0 0 0 0 0 0 0 0 0 0 0 0 0 0 0 0 0 0 0 0 0 0 0 0 0 0 0 0 0 0 0 0 0 0 0 0 0 0 0 0 0 0 0 0 0 0 0 0 0 0 0 0 0 0 0 0 0 0 0 0 0 0 0 0 0 0 0 0 0 0 0 0 0 0 0 0 0 0 0 0 0 0 0 0 0 0 0 0 0 0 0 0 0 0 0 0 0 0 0 0 0 0 0 0 0 0 0 0 0 0 0 0 0 0 0 0 0 0 0 0 0 0 0 0 0 0 0 0 0 0 0 0 0 0 0 0 0 0 0 0 0 0 0 0 0 0 0 0 0 0 0 0 0 0 0 0 0 0 0 0 0 0 0 0 0 0 0 0 0 0 0 0 0 0 0 0 0 0 0 0 0 0 0 0 0 0 0 0 0 0 0 0 0 0 0 0 0 
5 8 9 10 7 8 9 10 4 5 4 5 7 7 4 6 4 12 6 8 6 7 4 6 8 13 8 12 8 9 9 8 13 6 3 7 4 1 13 4 9 10 8 8 9 6 6 5 2 6 11 6 8 5 5 9 3 3 5 5 12 12 6 3 6 9 3 6 4 9 7 7 3 3 6 9 7 7 8 5 0 6 9 7 7 9 8 6 12 7 6 7 8 8 5 4 9 7 2 9 9 4 7 7 11 8 7 7 11 10 5 7 4 9 10 8 13 5 8 6 3 7 7 6 5 8 7 4 4 9 11 6 10 7 7 3 6 10 9 7 7 6 3 3 7 4 10 8 2 6 4 7 5 2 5 1 5 9 4 3 8 9 11 10 10 6 9 8 4 8 1 9 7 9 5 7 8 3 12 9 11 8 6 7 7 10 4 7 8 9 5 8 6 10 7 7 6 8 5 11 
3 2 2 2 1 2 0 3 3 3 1 1 1 1 2 3 3 1 3 2 3 2 2 2 3 2 2 2 2 2 2 1 1 2 2 1 2 2 2 2 3 1 1 2 2 2 2 2 2 2 2 1 2 3 3 1 3 2 1 1 2 3 2 1 1 2 2 1 2 2 1 2 3 3 2 2 2 2 2 3 2 2 1 2 3 3 2 2 2 3 3 2 2 2 1 2 2 3 2 2 1 2 1 2 2 3 2 2 3 3 3 1 2 2 3 2 2 1 2 3 2 3 1 3 2 1 3 2 2 2 2 2 2 2 2 2 2 1 2 3 1 2 2 1 2 2 3 2 2 2 3 2 3 2 3 2 3 1 2 1 2 3 2 1 1 2 2 0 2 1 0 2 2 2 3 2 2 2 2 2 1 1 2 2 1 2 1 1 3 2 2 2 2 2 2 2 2 2 2 3 
8 6 9 13 9 10 11 9 12 7 8 11 5 9 11 9 9 5 13 13 6 8 8 11 12 10 5 11 10 7 5 7 12 7 7 8 7 5 7 8 10 7 14 1 8 5 14 12 9 9 9 2 9 9 13 6 6 7 14 5 10 11 9 6 7 11 9 6 7 8 8 6 8 10 5 14 7 7 10 9 7 14 6 7 10 11 12 10 7 14 9 6 5 8 13 6 8 11 6 7 6 4 8 7 8 8 8 8 8 7 7 7 7 9 9 5 10 5 5 8 9 14 12 11 9 13 9 7 3 4 7 6 7 11 7 11 5 9 8 6 7 11 7 9 6 10 5 9 12 7 3 5 11 3 8 5 2 3 8 8 9 10 9 8 8 6 5 8 12 5 7 8 10 7 9 6 10 8 12 9 12 8 10 13 7 4 9 8 5 8 7 10 7 10 8 7 11 4 10 10 
4 6 4 5 5 3 4 3 6 5 4 3 3 6 4 6 4 2 3 1 4 6 7 2 2 3 4 5 6 4 5 5 6 4 4 4 3 2 4 2 4 3 4 4 6 5 2 3 5 3 4 4 2 5 6 2 2 4 3 3 4 3 3 3 1 4 2 4 4 2 0 4 2 5 6 6 5 5 5 3 3 3 5 5 3 3 5 6 6 3 5 5 9 1 2 4 4 4 4 2 3 2 5 2 3 4 4 6 3 2 2 5 2 3 1 2 5 3 4 4 5 4 3 5 4 5 5 3 4 3 2 3 3 2 3 3 6 5 4 4 5 3 4 4 5 4 2 3 2 3 4 5 3 3 3 4 5 3 6 2 3 6 4 4 3 2 2 3 6 5 2 4 4 4 5 3 4 2 5 5 5 3 4 5 4 5 5 2 4 2 6 4 3 4 5 6 5 4 5 2 
2 2 2 3 2 2 1 2 1 2 2 3 3 1 3 2 3 2 1 3 2 2 2 2 2 2 4 1 1 2 4 3 3 2 2 3 1 2 2 1 2 3 1 2 4 2 3 2 2 2 0 2 1 2 2 1 3 2 2 3 2 3 2 3 2 3 2 2 2 2 1 3 2 2 2 1 2 1 2 2 2 1 2 2 2 2 1 1 2 2 1 2 2 2 2 2 3 2 2 2 1 2 2 1 2 2 2 2 1 3 3 3 2 1 1 2 1 1 2 2 0 1 3 2 2 2 2 2 3 2 4 2 2 2 1 2 2 3 3 1 2 1 3 3 3 3 1 4 2 4 2 2 1 2 3 1 2 3 3 2 2 2 3 1 1 4 2 2 2 1 4 3 3 2 3 2 2 2 2 1 3 1 2 2 1 2 3 3 2 2 2 2 1 2 1 1 1 2 1 3 
11 5 3 9 11 8 17 11 7 13 7 3 5 8 12 8 7 8 4 15 5 11 8 3 7 9 10 12 10 10 4 6 12 9 5 7 4 15 10 6 8 9 10 10 9 8 9 3 2 6 8 6 1 8 9 14 9 7 4 14 14 5 8 6 5 10 6 11 6 3 10 9 13 8 4 9 5 8 10 11 11 11 11 5 5 14 11 12 10 6 11 10 7 13 7 11 7 13 12 10 10 3 6 10 6 8 9 5 15 6 13 7 6 12 8 13 5 9 8 6 8 11 6 11 9 15 5 8 10 8 10 13 12 11 11 11 12 8 12 12 4 13 8 4 11 11 6 9 10 10 4 7 6 6 7 15 11 14 11 3 3 10 9 5 13 12 8 8 10 15 10 8 10 7 10 14 7 13 7 10 11 10 13 11 17 5 7 12 11 8 12 5 4 8 10 5 4 6 10 11 
1 0 1 1 1 1 1 1 1 1 1 1 1 1 1 1 1 1 1 1 1 1 1 2 1 1 1 1 1 1 0 1 1 2 1 1 2 1 1 1 1 1 1 1 1 1 1 1 1 1 0 1 1 1 1 1 1 1 1 1 1 1 1 1 1 1 0 1 1 2 1 0 1 1 0 1 1 1 1 2 1 1 1 1 1 1 2 2 1 1 1 1 2 1 1 1 1 1 1 1 1 1 1 1 0 1 1 1 1 1 1 1 1 1 1 1 1 1 1 1 1 1 1 2 1 1 1 1 0 1 1 1 1 1 1 0 1 1 1 1 1 1 1 1 1 1 1 0 1 1 1 1 1 1 1 1 1 1 1 1 1 1 1 2 1 1 1 0 1 1 1 2 1 1 1 1 0 1 1 1 1 2 1 1 1 1 1 1 1 1 1 1 1 1 1 1 1 1 1 1 
6 6 8 12 10 11 6 8 12 7 8 11 9 8 11 10 7 9 11 4 2 7 10 3 8 8 12 12 3 9 3 8 11 13 9 13 8 6 10 12 11 15 8 10 4 4 10 7 16 7 10 11 15 9 6 6 10 6 13 13 11 12 10 13 12 12 6 7 0 5 8 6 12 5 9 7 6 6 15 5 11 13 10 7 5 11 11 6 8 12 9 11 14 9 9 6 12 11 6 10 12 5 4 10 6 7 4 8 11 7 10 7 9 7 11 13 13 12 15 7 8 7 12 8 4 4 12 10 3 7 16 11 3 11 8 8 13 6 9 8 11 7 10 10 6 12 9 7 6 11 4 8 10 12 10 6 14 7 8 10 5 8 9 12 7 9 8 5 13 7 5 12 10 9 13 13 9 9 6 6 12 5 5 12 3 11 14 12 14 10 3 13 8 8 11 6 6 12 7 3 
2 1 3 3 1 3 1 2 2 2 2 3 2 2 1 3 3 2 1 1 2 1 3 1 1 2 2 2 3 1 2 1 2 2 2 3 3 2 2 1 2 3 1 2 1 0 2 3 1 1 3 2 2 3 2 2 2 2 1 2 3 3 2 2 1 2 2 2 2 2 3 2 3 2 2 2 2 2 2 2 2 1 2 2 1 3 2 2 3 2 3 2 3 2 2 2 3 2 3 2 3 3 2 2 2 3 2 2 2 2 3 1 2 2 2 3 3 1 1 2 1 1 1 2 1 2 2 2 2 2 3 2 1 2 3 2 3 2 1 2 1 3 2 2 4 3 1 1 2 1 2 3 2 2 1 2 2 3 1 2 1 2 2 2 2 2 2 2 2 2 2 2 2 2 3 2 3 2 3 2 2 1 1 2 2 2 2 1 2 1 3 2 1 2 1 3 2 2 3 2 
8 7 10 10 7 10 8 11 6 8 12 10 8 7 10 2 11 11 4 13 9 11 11 10 8 14 5 6 12 12 8 7 4 4 7 7 6 10 8 9 10 5 13 9 9 10 8 10 7 13 12 9 6 8 10 7 7 16 8 9 8 10 6 14 9 10 10 12 2 13 13 13 9 9 9 7 11 7 10 7 9 13 11 5 12 10 11 8 5 8 8 3 11 7 9 7 5 4 9 10 9 6 13 9 5 5 12 9 11 12 9 6 10 9 9 7 10 6 19 11 9 12 9 18 13 10 6 10 12 8 5 8 4 15 16 10 4 16 10 3 10 14 12 5 7 7 10 8 7 7 8 6 12 6 8 11 5 7 9 9 10 8 4 17 13 7 8 7 11 12 8 10 14 6 9 7 11 4 13 13 12 10 10 8 11 4 2 9 11 8 13 6 8 8 11 13 5 5 9 12 
4 5 5 3 5 4 4 5 5 4 5 3 4 4 5 5 5 3 3 2 4 2 2 6 4 5 4 4 3 5 2 5 5 6 5 6 2 4 4 2 4 3 3 3 7 6 1 4 4 5 4 5 4 4 4 3 4 5 4 4 4 4 6 5 4 2 4 2 4 5 5 3 4 6 1 6 4 4 5 4 5 4 7 5 5 4 3 4 5 1 5 0 4 5 5 4 4 5 4 3 5 3 5 4 5 2 5 3 5 4 2 7 4 4 3 4 3 5 3 3 3 5 6 2 7 4 3 4 4 3 4 3 2 4 2 7 4 3 5 5 2 5 4 2 3 6 4 4 2 6 4 5 2 4 7 1 4 5 4 4 2 6 3 3 5 4 4 3 5 6 4 3 6 2 1 4 4 6 5 3 3 5 5 5 4 5 3 2 5 3 1 4 6 3 3 6 4 6 2 3 
3 3 2 3 2 2 2 2 2 3 2 3 2 3 3 3 1 2 3 2 2 2 2 2 3 2 2 2 3 2 2 2 3 3 3 3 1 2 3 2 2 1 2 2 2 2 3 0 3 1 1 2 2 1 2 1 2 3 3 2 1 2 2 2 1 3 3 1 1 1 2 2 3 2 4 2 2 2 2 2 1 2 3 3 3 1 1 2 3 2 2 2 1 3 3 1 2 3 2 1 2 2 2 2 3 2 3 1 1 2 2 2 2 2 3 2 1 3 3 3 2 3 3 2 2 3 1 3 2 2 1 1 2 2 2 1 2 1 2 1 2 2 1 3 1 2 2 3 2 2 2 2 3 2 2 2 3 1 2 2 2 3 2 2 4 2 2 2 2 2 2 3 2 2 1 2 2 3 2 2 3 3 2 3 2 2 2 3 2 2 2 3 1 3 1 2 2 2 1 3 
8 11 13 12 8 12 6 7 4 4 9 10 9 7 13 6 9 10 9 12 8 9 10 12 7 11 6 10 9 7 15 9 5 13 5 10 10 9 10 13 12 8 9 6 14 6 9 7 4 7 11 6 11 12 4 10 6 9 13 5 2 14 5 9 12 8 8 6 7 7 7 9 10 2 8 8 9 12 8 9 11 9 11 8 9 10 12 9 5 7 13 8 11 7 6 3 6 8 5 8 11 10 12 6 8 7 9 10 7 6 12 12 5 14 11 3 5 12 11 6 10 11 11 10 14 8 8 4 8 8 9 9 4 7 5 5 12 8 10 6 12 9 10 13 7 9 10 7 6 6 8 5 10 7 11 7 12 13 7 10 11 4 11 8 9 6 11 10 11 3 9 5 4 7 9 8 11 6 14 15 1 10 1 11 5 11 9 9 17 9 12 11 7 15 10 10 8 7 11 11 
15 16 11 10 8 11 14 12 6 6 6 8 8 12 5 5 16 12 5 11 8 11 15 10 3 7 8 13 19 12 7 11 10 11 10 8 11 7 7 13 14 11 8 14 11 13 12 7 15 9 8 7 9 6 4 8 10 6 12 7 6 8 7 5 10 10 9 9 11 10 17 12 8 8 10 12 10 9 14 8 7 14 8 7 9 15 7 11 10 14 14 18 11 9 15 11 11 13 9 9 7 4 8 12 12 7 10 13 7 16 10 4 13 11 7 11 7 13 6 12 14 8 5 11 8 8 11 10 4 2 11 5 14 15 12 8 13 11 12 14 6 11 8 17 7 7 10 8 11 2 7 8 10 12 12 11 14 9 16 13 14 9 7 13 14 13 14 10 7 7 0 10 7 11 10 4 8 11 7 14 11 11 3 15 18 9 9 8 9 6 13 13 7 14 12 22 6 9 11 6 
4 3 4 2 4 3 3 2 2 3 4 1 3 3 4 3 3 2 4 2 4 2 3 2 2 3 2 4 1 3 3 2 2 4 3 2 3 5 5 1 2 3 3 5 3 3 2 3 1 2 3 2 3 3 3 4 5 2 2 2 4 3 3 4 2 2 2 1 4 3 2 4 3 5 4 3 3 2 3 2 1 6 4 1 3 4 2 2 3 3 2 3 4 3 4 4 2 4 3 1 3 3 3 3 3 3 4 6 4 2 1 1 2 3 4 3 4 2 3 3 3 5 2 4 4 4 4 4 3 2 1 3 3 3 4 2 3 2 3 2 3 2 3 3 3 5 4 3 2 3 4 1 2 2 5 4 4 4 4 2 2 5 3 2 2 3 3 3 2 4 3 3 4 2 4 2 3 3 5 4 3 3 1 3 4 2 2 3 4 2 3 4 3 3 1 2 3 1 4 2 
11 12 10 12 9 8 10 9 9 5 7 8 11 12 8 4 4 7 10 7 6 12 5 12 9 9 9 12 11 9 12 9 10 8 12 8 3 14 6 7 10 9 12 5 12 5 10 16 9 8 8 10 9 7 12 1 9 11 9 4 4 6 7 4 13 11 4 11 8 15 2 14 8 9 13 5 11 12 3 8 9 11 10 6 5 13 6 10 11 15 6 9 5 5 7 14 4 9 8 12 7 7 12 9 8 8 18 15 11 12 8 13 6 7 10 10 14 9 4 12 11 8 6 7 10 7 3 11 7 8 14 5 7 16 10 12 9 9 12 10 3 11 13 10 12 9 13 10 12 14 11 10 10 12 10 8 11 12 10 11 8 7 10 11 10 9 7 7 6 11 9 8 13 10 13 8 14 8 15 3 8 6 7 11 8 8 11 11 14 11 7 8 9 10 9 9 9 6 11 9 
4 6 7 3 4 5 6 4 1 3 7 7 2 8 6 5 8 7 8 5 5 5 3 7 4 6 2 1 3 6 6 6 5 6 6 5 6 7 5 2 5 5 6 5 5 4 4 6 10 4 5 5 5 7 4 5 3 6 5 5 7 7 5 4 8 6 5 3 8 2 4 3 7 5 7 5 4 9 6 5 5 5 5 4 4 5 3 4 5 3 6 3 4 4 6 6 7 4 7 4 4 4 5 3 5 4 6 8 6 7 6 6 3 6 5 8 3 4 6 7 6 5 3 6 6 5 8 6 3 5 6 4 7 4 7 3 5 4 5 2 4 2 4 6 3 8 7 6 6 6 6 4 7 9 6 4 2 4 4 6 6 3 1 3 7 2 1 6 6 5 4 5 7 5 3 4 3 6 4 4 7 4 7 2 5 6 4 6 5 3 6 5 7 5 6 4 5 4 6 3 
7 7 12 10 9 8 5 9 12 9 7 6 8 6 10 6 5 8 11 1 8 6 11 10 10 8 5 5 8 7 6 6 4 12 6 9 6 5 7 7 10 9 7 4 7 6 6 6 12 10 10 8 5 8 9 9 8 10 11 10 4 4 6 9 13 5 5 6 7 10 8 10 9 9 5 11 7 14 11 7 8 10 11 8 5 12 5 9 9 7 7 8 6 8 8 3 8 12 9 10 7 7 7 8 8 10 4 7 8 9 7 16 7 7 8 6 11 10 13 6 9 4 9 8 11 8 5 10 10 11 4 5 9 8 11 10 11 8 5 11 7 6 6 10 5 8 7 5 7 10 7 5 4 8 13 6 0 11 8 7 9 12 13 7 10 6 3 6 8 4 9 2 12 6 0 10 10 5 8 10 8 9 16 9 8 4 11 6 13 11 8 7 10 10 7 9 2 10 10 6 
10 10 3 11 9 10 3 10 13 8 5 13 13 13 10 12 5 12 5 8 4 12 6 10 9 5 14 10 5 6 13 3 6 11 11 6 9 12 8 9 6 12 4 14 13 7 9 4 13 7 11 11 12 2 12 11 15 12 8 6 11 6 11 8 16 6 8 8 4 16 12 11 5 6 7 6 10 11 7 10 10 5 11 14 6 5 8 13 11 9 12 13 9 8 1 12 6 11 7 5 11 9 7 7 9 9 9 4 5 11 9 6 4 10 8 13 6 9 10 7 3 15 13 6 5 7 6 9 5 12 8 3 6 11 8 12 4 8 9 18 8 9 6 11 7 8 8 10 14 8 14 10 8 8 9 7 6 9 14 10 9 7 9 10 5 13 12 13 14 7 7 11 11 9 11 12 13 6 8 3 16 10 14 7 11 7 6 9 6 8 8 7 3 9 12 10 6 8 11 13 
6 10 7 7 9 10 7 12 6 12 10 7 9 3 7 6 5 7 5 8 11 7 7 8 5 6 8 9 8 12 5 11 12 7 8 11 8 7 12 4 11 8 9 10 9 6 8 10 9 8 10 12 10 9 8 8 13 10 5 4 13 9 12 1 8 3 2 11 8 10 7 10 9 9 13 8 11 9 12 8 10 10 8 7 5 10 6 4 2 2 11 10 9 7 10 10 8 11 5 9 3 8 9 13 9 9 5 0 10 5 6 10 8 5 2 6 9 4 10 4 12 9 9 10 13 11 12 10 10 10 11 10 5 8 9 9 6 9 12 10 9 8 6 3 11 15 4 0 8 7 7 10 8 9 10 11 5 12 5 12 9 6 13 11 11 10 9 8 8 13 3 7 9 8 11 12 9 7 8 7 8 10 5 6 11 6 10 8 7 7 11 5 6 6 12 7 3 10 11 3 
6 4 6 12 6 8 5 6 6 6 5 6 6 5 1 4 5 5 9 6 1 6 7 7 3 11 7 3 6 8 5 8 6 5 7 3 3 8 5 3 8 5 7 5 6 4 5 7 6 7 5 8 6 6 6 7 2 7 7 6 3 8 7 9 6 8 4 9 10 8 5 8 6 8 9 6 4 4 9 6 4 5 7 7 10 7 5 7 9 8 7 1 5 4 7 7 10 6 7 8 3 7 6 4 2 4 7 9 11 6 4 9 9 6 5 6 6 4 5 3 6 10 6 6 3 10 5 5 3 6 8 7 3 5 6 4 5 5 2 4 5 11 4 7 5 4 4 6 7 5 5 3 5 6 3 6 7 5 7 4 5 10 4 6 7 7 4 3 3 6 5 5 6 3 5 1 5 6 1 8 6 4 3 1 3 3 6 4 6 2 5 8 9 8 8 8 5 9 9 10 
11 7 5 5 11 9 4 4 5 7 4 8 12 10 6 8 9 5 11 5 9 10 9 9 5 10 8 8 8 7 5 8 14 6 8 11 3 6 13 12 4 8 5 3 5 8 12 8 3 5 7 9 12 7 4 10 7 13 8 6 10 8 7 8 7 8 16 7 7 9 8 4 7 8 9 5 6 8 12 10 11 4 5 12 7 11 4 4 9 7 6 9 10 4 10 8 8 11 9 8 9 3 6 10 8 11 8 7 11 8 6 7 5 11 13 8 7 13 9 8 5 12 10 8 9 11 10 13 6 9 5 7 9 7 11 11 12 7 9 7 9 6 8 4 8 12 10 9 3 5 5 8 10 7 11 8 10 7 12 8 12 9 9 8 11 9 11 5 7 6 8 7 8 10 11 7 10 7 11 6 11 7 8 5 9 6 10 8 5 6 6 11 10 7 13 4 7 8 8 12 
10 6 8 6 4 6 13 5 5 5 9 5 3 6 8 13 5 8 7 6 7 2 9 5 4 8 7 6 9 5 9 6 9 9 6 9 10 3 5 7 5 8 9 5 8 8 4 12 9 7 5 2 7 4 8 9 11 8 8 4 4 8 10 12 3 8 13 9 5 9 7 7 5 7 10 9 8 8 5 9 6 10 9 6 7 3 9 11 4 9 9 5 9 8 8 5 9 6 8 6 8 8 7 6 6 10 7 4 6 9 12 6 5 2 7 4 10 6 6 9 8 6 7 8 9 7 8 2 8 4 9 9 2 7 7 4 6 6 4 5 10 12 5 8 10 6 7 10 9 7 5 8 8 5 6 6 7 7 5 6 6 6 5 7 7 6 8 5 8 8 8 10 7 7 4 6 5 8 11 8 6 8 8 10 9 8 8 6 10 6 7 6 8 6 3 9 4 6 4 7 
6 13 12 15 5 5 7 16 17 12 13 9 10 9 13 9 14 12 10 13 11 8 9 12 10 11 6 15 8 14 9 10 11 12 10 11 8 12 7 15 5 10 14 9 15 5 9 9 16 10 8 8 14 13 11 11 8 16 4 6 10 10 11 8 8 14 14 12 10 13 9 12 17 9 11 6 14 9 9 11 10 10 11 9 9 16 10 12 4 8 9 7 13 9 14 5 9 12 11 11 12 14 10 5 13 9 7 8 12 7 9 16 12 11 9 9 12 13 10 13 12 14 11 13 13 8 14 10 8 13 14 12 5 6 8 15 4 7 10 1 9 9 15 8 14 9 5 9 10 7 13 9 8 8 15 16 12 9 17 12 11 7 12 16 7 15 11 11 10 10 6 14 8 13 7 16 17 8 8 2 16 13 10 12 13 6 11 8 8 8 16 9 8 12 9 9 7 7 12 5 
3 4 4 5 6 3 4 6 5 4 4 5 6 5 4 3 4 4 4 4 5 3 2 4 5 4 7 5 5 3 5 5 2 3 5 3 5 3 4 8 4 5 5 4 3 4 5 5 4 5 5 3 4 5 5 4 3 3 2 6 4 4 4 4 7 4 5 4 2 4 3 4 4 5 3 3 4 5 6 3 3 4 6 3 1 4 5 5 4 2 4 5 6 3 4 5 4 5 8 5 5 3 6 6 5 4 5 5 6 2 4 3 3 2 5 4 2 5 3 4 3 2 3 3 5 2 5 2 4 6 4 3 4 3 3 5 4 4 6 2 6 3 5 4 3 4 2 5 3 5 3 7 3 3 3 5 1 2 3 3 1 5 4 7 3 5 4 2 2 5 6 3 4 2 3 4 7 4 3 4 4 6 5 5 3 4 5 3 2 6 6 4 1 3 5 3 3 4 3 5 
8 5 6 10 5 6 6 7 7 6 7 7 5 7 7 3 6 7 4 4 7 2 7 6 6 10 8 6 6 4 2 4 6 5 6 3 7 4 10 7 10 9 5 7 7 6 6 8 5 8 5 10 2 9 9 4 8 7 3 6 7 3 8 5 4 6 7 3 9 6 3 4 5 7 5 2 5 5 5 3 8 4 5 7 9 9 7 6 7 8 5 5 6 8 4 5 5 7 5 9 7 4 6 4 4 2 4 6 6 7 9 7 13 6 3 5 6 6 7 5 4 2 7 3 8 10 6 6 4 9 5 6 6 7 5 4 7 7 9 6 4 3 6 6 3 6 8 7 5 5 7 7 3 6 4 6 3 6 8 6 6 5 6 6 4 4 5 7 8 9 4 2 7 3 3 7 8 4 5 6 7 2 3 7 7 5 7 4 5 7 4 4 2 7 6 4 6 7 8 6 
2 4 4 3 4 3 5 4 1 3 3 1 3 4 3 3 3 2 3 1 3 2 2 2 3 3 2 4 4 2 3 4 3 3 3 4 3 3 2 2 3 3 3 3 1 1 2 1 5 3 3 4 1 1 3 3 4 5 3 5 1 3 2 3 3 3 2 3 3 3 4 3 2 4 3 3 4 4 4 4 2 4 2 3 4 4 3 2 3 3 2 4 2 2 2 1 2 5 1 3 3 3 3 4 4 3 2 3 3 2 3 5 3 3 1 4 5 4 4 4 2 3 2 3 3 5 1 2 4 5 2 5 2 2 2 3 4 2 3 3 3 3 1 4 4 4 3 3 2 3 2 4 4 6 2 1 3 2 2 3 4 4 3 3 3 3 3 4 4 4 1 2 3 3 1 5 3 3 3 2 2 3 2 3 3 3 4 2 2 4 3 1 3 4 6 2 3 5 2 2 
3 5 7 5 3 8 1 7 4 8 5 3 8 7 5 4 7 6 4 4 4 6 5 2 6 4 4 4 5 3 4 4 3 3 5 4 5 5 5 6 5 3 6 7 7 5 4 7 5 4 7 4 7 6 5 4 6 6 2 8 2 5 4 4 6 8 5 5 5 2 2 3 8 4 3 0 3 5 5 4 5 6 3 5 6 4 4 8 4 4 4 7 6 5 5 5 6 6 5 8 3 5 6 7 3 3 3 5 7 5 2 6 2 2 7 5 7 8 5 7 5 7 2 7 6 7 5 4 3 8 9 8 3 6 5 3 6 5 7 4 4 7 3 4 6 3 1 6 4 7 5 6 6 4 7 8 3 6 3 4 5 2 5 4 5 4 7 4 7 5 4 3 6 7 4 6 5 3 6 6 4 3 4 7 6 6 5 5 8 3 5 3 2 7 2 6 6 5 5 6 
3 3 4 4 2 2 2 3 3 5 2 2 2 2 2 4 5 2 3 2 5 3 3 5 3 1 3 3 3 3 3 3 4 2 2 2 3 3 3 2 4 3 1 5 2 3 2 3 2 4 2 3 4 4 2 4 3 4 3 3 3 2 2 5 3 3 3 4 3 4 3 2 3 3 1 4 4 2 3 3 3 1 4 1 3 3 3 3 3 5 2 1 3 2 2 3 3 2 3 4 1 3 5 4 3 2 2 4 3 2 4 3 4 4 2 4 2 1 4 3 3 3 2 3 4 4 4 3 4 3 4 4 3 4 2 3 4 4 2 4 4 2 4 4 2 2 4 3 4 4 3 3 1 4 4 1 2 3 3 3 3 2 4 4 3 4 4 4 3 1 4 4 2 3 3 4 5 3 2 4 5 1 4 3 3 3 3 2 2 3 3 4 2 3 2 3 1 2 1 3 
9 5 7 8 9 11 5 8 9 5 10 7 7 5 11 8 9 7 5 9 8 10 7 8 13 8 7 8 7 10 6 8 9 8 6 6 12 10 3 9 2 10 10 6 8 10 6 6 6 8 10 8 10 12 7 9 7 15 9 8 9 10 5 9 6 9 7 5 11 6 7 11 6 11 8 6 8 10 6 8 7 10 10 6 8 10 6 8 7 4 9 11 8 6 5 9 5 4 6 9 7 11 6 8 7 8 7 14 11 8 5 5 9 12 9 10 9 11 10 4 10 11 7 8 5 8 4 7 14 6 7 8 11 9 10 8 4 11 4 10 8 9 13 6 11 8 8 7 6 9 7 8 10 14 6 10 7 10 8 7 11 12 6 9 0 10 13 8 7 11 7 3 8 12 8 6 7 10 13 12 6 2 5 6 7 10 12 3 7 5 7 5 6 5 10 8 9 7 8 9 
1 1 1 1 1 1 1 1 1 1 1 1 1 1 1 1 0 1 1 1 1 1 1 1 1 1 1 2 1 1 1 1 1 1 1 1 1 1 1 1 1 1 1 1 1 1 1 1 2 1 2 1 1 1 1 1 1 0 1 1 2 1 1 1 1 1 1 1 1 2 1 1 1 1 1 0 1 1 2 1 0 1 1 1 1 1 1 1 0 1 1 0 1 1 1 1 1 1 1 1 1 1 1 2 2 1 1 1 2 1 1 1 0 1 1 1 1 1 1 1 1 1 1 1 0 2 1 1 1 1 1 1 1 1 1 1 1 1 1 1 1 1 1 2 1 1 1 0 1 1 1 1 1 1 1 1 1 1 1 1 1 1 1 2 1 1 1 1 1 1 1 1 1 1 1 1 1 1 0 2 1 1 1 1 1 2 1 1 1 1 1 1 1 0 1 1 1 1 1 1 
10 6 5 5 7 5 8 7 8 6 13 4 7 9 4 8 11 13 7 7 8 7 5 8 13 7 13 9 6 6 8 10 7 5 3 7 7 7 7 3 7 7 10 6 9 13 9 13 7 6 3 9 9 12 7 14 12 1 13 10 6 10 7 8 9 11 8 7 8 6 5 4 8 6 5 9 4 9 10 12 9 9 12 5 10 10 10 7 9 7 10 5 9 6 7 8 6 13 13 6 8 4 9 12 9 5 10 10 8 6 5 4 9 9 6 8 6 10 9 10 12 3 6 6 7 9 11 13 9 13 5 10 9 7 2 6 4 12 7 6 6 11 8 9 9 8 9 9 4 5 7 7 10 9 6 7 5 8 7 5 4 7 4 14 10 7 6 11 6 10 7 13 4 10 6 6 12 7 10 6 10 9 7 6 3 1 13 11 11 8 8 10 7 9 5 14 9 6 0 5 
3 6 6 11 6 5 3 5 5 5 7 8 9 5 9 9 7 11 8 3 11 4 6 14 1 9 8 6 7 8 6 9 8 10 7 6 9 2 9 6 9 3 8 12 10 11 6 9 11 6 13 4 8 4 8 10 10 9 7 10 11 10 10 12 9 7 5 5 9 7 10 7 6 2 9 9 6 8 9 9 9 6 7 10 11 12 9 10 6 9 11 9 12 12 9 7 6 8 4 5 3 5 7 4 7 7 11 6 5 6 9 7 12 9 9 11 8 6 6 9 8 12 9 11 6 9 5 11 12 9 3 10 5 8 7 5 11 3 7 10 5 6 4 9 5 12 8 5 8 9 12 12 7 7 12 12 8 10 8 6 7 11 17 12 8 5 5 8 5 11 12 9 9 12 3 8 12 6 5 8 6 8 5 7 12 12 7 11 10 7 5 8 8 11 6 9 8 9 6 6 
5 4 3 0 5 3 5 3 5 6 5 4 4 3 4 6 5 5 3 4 4 4 3 3 5 3 3 2 4 6 6 3 5 5 5 2 5 4 5 1 6 3 2 5 3 3 4 4 3 4 6 5 4 2 4 2 2 3 3 5 1 2 3 2 4 5 4 5 6 5 3 4 5 2 5 4 2 4 3 7 4 5 3 5 5 6 2 2 4 6 5 2 6 4 5 3 5 6 6 7 3 3 6 3 3 5 5 5 6 4 3 3 2 4 3 4 4 3 3 4 3 2 3 5 2 3 1 5 5 2 2 5 3 7 2 2 6 5 4 1 3 5 4 6 4 4 5 3 7 5 4 5 3 6 4 2 2 1 6 6 4 2 6 3 4 5 3 4 2 4 2 3 4 6 3 3 4 3 4 3 4 4 2 4 3 4 3 6 3 1 4 5 3 4 4 4 5 4 3 3 
4 7 6 1 4 4 5 6 9 5 8 4 4 7 3 4 5 4 6 9 7 3 5 7 4 6 5 4 8 8 6 3 6 4 1 6 3 5 7 5 4 4 6 7 6 6 3 4 6 6 5 5 7 5 6 5 5 4 3 8 4 7 5 5 5 8 6 2 3 3 6 4 1 4 6 6 4 6 7 6 4 7 8 6 6 5 4 5 6 6 6 5 5 4 4 7 2 5 0 5 4 6 5 5 6 4 6 6 5 5 6 8 4 4 3 3 6 7 3 2 4 4 3 5 3 5 4 4 4 4 5 7 6 8 2 4 6 3 5 4 5 6 6 5 6 4 3 5 4 3 5 3 4 2 6 5 3 5 5 6 6 3 7 7 3 6 7 4 3 6 7 5 6 4 3 7 5 6 6 5 4 3 5 6 4 5 7 4 4 5 5 7 7 6 4 7 4 5 5 4 
10 9 6 10 11 9 8 18 8 10 4 8 15 13 10 10 13 14 7 9 7 12 7 6 10 11 11 8 12 12 11 4 13 7 7 3 9 6 8 10 12 9 17 11 9 10 5 7 5 8 10 11 9 11 11 11 12 9 9 17 12 12 8 13 14 13 12 12 4 8 13 17 9 18 0 10 6 8 12 12 7 12 8 9 10 12 11 13 11 9 7 11 11 12 15 7 7 8 10 9 6 12 10 11 11 10 13 11 8 9 8 8 9 12 9 10 8 12 7 6 4 15 6 12 9 12 4 11 11 10 10 13 10 15 13 10 11 12 9 13 4 13 10 11 8 7 14 11 11 14 9 18 14 7 14 13 7 9 16 11 10 16 11 12 6 18 7 16 7 13 11 13 11 13 9 9 5 18 11 14 5 11 13 11 7 8 8 17 12 6 12 16 12 9 14 10 14 11 12 9 
2 2 3 2 3 3 4 1 2 4 3 4 2 3 2 2 3 2 4 3 3 5 3 2 3 3 2 4 2 3 3 3 4 2 3 3 3 4 2 3 2 4 3 3 2 3 4 4 4 5 2 3 2 3 2 3 4 3 5 1 3 4 3 2 4 4 2 3 3 4 2 4 4 4 3 3 2 3 5 4 3 3 4 3 3 4 3 3 3 3 4 4 3 4 4 2 2 2 5 4 2 4 3 2 3 3 3 2 3 2 2 4 3 4 2 3 3 2 5 3 4 4 3 1 3 2 3 4 2 3 1 1 4 3 3 4 5 4 3 5 3 4 1 4 3 3 1 3 2 3 3 1 3 3 4 4 2 3 3 4 4 5 7 4 2 3 4 2 3 2 2 3 3 2 3 3 4 4 2 2 2 3 3 4 2 3 2 3 2 2 3 2 3 1 4 2 2 4 4 2 
4 5 3 3 5 5 3 3 2 5 5 5 5 4 5 4 4 2 6 5 5 2 4 2 6 0 6 4 2 4 6 5 4 4 6 7 2 5 5 4 4 3 5 4 3 5 4 4 2 6 5 4 2 4 4 3 1 3 4 6 4 3 3 6 3 2 4 3 4 4 5 1 4 5 3 2 3 3 4 5 5 4 6 6 5 4 4 6 7 2 4 4 4 2 4 3 5 4 4 4 2 6 5 4 5 3 4 4 6 5 7 5 4 6 7 5 5 4 3 4 5 3 5 6 2 2 4 5 6 3 6 3 5 4 4 3 5 4 3 6 3 3 4 2 5 3 6 2 2 4 6 5 5 2 3 3 5 5 2 4 6 5 4 3 6 4 3 5 3 4 3 4 3 7 4 2 3 2 2 4 4 4 4 2 4 4 4 5 4 4 2 4 5 4 3 5 5 5 5 5 
11 8 7 12 7 8 13 9 11 5 7 12 10 6 8 7 10 9 12 6 8 9 11 7 7 9 5 10 9 4 5 6 8 12 8 7 11 9 6 7 7 13 4 14 7 6 10 15 3 6 6 7 3 7 7 7 8 4 11 3 4 10 5 7 9 5 3 8 4 8 10 12 3 6 10 10 9 5 2 6 7 10 10 4 8 12 5 6 8 8 11 5 14 7 3 6 7 5 13 11 8 11 9 4 8 6 9 5 10 15 10 9 11 9 4 6 6 5 11 8 4 7 7 10 13 6 10 10 3 9 4 11 6 10 7 3 6 9 7 8 6 3 13 8 7 4 9 14 3 12 7 8 8 7 6 9 7 9 9 7 12 9 11 5 4 3 9 7 9 8 9 7 10 8 10 9 11 8 10 7 8 4 9 7 3 14 10 8 5 1 10 9 7 6 4 4 7 8 12 9 
6 7 9 10 6 3 0 12 9 7 7 4 10 10 9 3 4 6 6 7 11 11 6 3 4 7 15 9 3 10 7 5 8 12 4 10 8 7 10 3 7 5 5 6 9 10 12 9 12 4 7 8 7 10 7 10 11 10 0 4 5 10 4 9 11 9 3 12 12 4 6 6 5 9 7 9 10 8 5 5 5 11 11 9 5 10 8 10 5 16 6 10 4 10 6 4 12 7 14 10 10 9 6 9 11 3 6 7 9 10 10 10 9 6 13 10 8 10 4 4 8 14 6 7 8 12 9 10 8 10 10 6 6 6 8 7 10 6 5 6 9 3 6 8 10 9 5 11 3 8 14 14 9 4 8 7 6 6 5 8 7 9 5 5 9 3 7 11 9 9 10 13 7 6 4 14 6 8 8 5 4 8 10 3 11 9 10 7 10 6 6 12 9 9 9 14 8 6 4 10 
8 10 9 13 10 10 12 12 5 12 7 4 11 10 10 13 10 9 10 5 16 8 7 10 9 11 7 4 8 5 10 7 9 11 13 3 9 12 13 3 7 11 9 7 12 15 14 11 3 11 8 10 16 7 5 8 8 6 6 3 6 6 3 10 8 12 10 7 12 3 17 9 11 9 5 11 7 11 9 6 8 6 4 4 9 2 10 15 11 6 8 9 3 4 3 6 11 7 8 13 6 12 11 5 10 1 8 9 6 9 10 8 16 3 8 9 3 10 8 11 10 5 10 13 7 13 10 7 11 9 11 15 8 7 6 10 7 9 9 11 13 11 10 7 7 7 8 11 10 5 11 9 12 6 13 9 13 7 7 7 7 4 11 10 7 15 11 10 10 11 7 2 7 10 7 8 7 6 11 9 12 8 8 7 10 8 14 11 5 4 13 10 3 13 9 15 11 5 7 10 
4 6 4 5 3 6 5 4 6 4 4 6 6 6 2 5 5 4 3 3 4 4 5 3 6 5 4 5 2 5 6 1 2 6 5 6 5 5 3 3 3 6 3 2 5 5 5 5 3 7 4 3 7 4 3 4 4 5 2 3 4 2 4 2 5 4 3 3 5 2 5 5 5 4 2 3 5 6 7 3 6 5 4 5 4 5 5 4 3 3 4 5 3 5 4 5 5 6 5 5 3 5 5 2 3 5 4 6 4 3 4 4 5 3 3 5 2 4 5 7 6 5 3 1 5 6 5 5 2 2 4 3 6 5 2 3 4 3 3 2 5 4 3 4 4 3 3 4 3 4 5 3 5 5 3 4 4 4 3 3 4 7 3 4 5 4 3 4 3 4 6 5 5 7 4 3 4 3 6 5 2 5 6 5 1 5 4 4 3 6 5 3 2 3 3 5 5 5 4 5 
