NAME  : Jabali_50_3_0.85_1_8
TYPE : SVRP
MODEL : FINITE_SUPPORT
NUMBER_OF_SCENARIOS : 200
DIMENSION : 50
EDGE_WEIGHT_TYPE : MATRIX
CAPACITY : 101
N_VEHICLES : 3
NODE_COORD_SECTION
1 2388 4290
2 2839 8633
3 2245 4947
4 27 8980
5 3928 7296
6 1253 8931
7 1106 2174
8 2348 5196
9 1287 8427
10 2092 3675
11 2149 1247
12 1030 5078
13 328 6479
14 1945 2640
15 1223 3295
16 1287 5644
17 2505 1362
18 1576 4218
19 3494 327
20 713 8622
21 4325 4472
22 3442 7392
23 5543 4711
24 3927 1455
25 2428 8248
26 1674 7534
27 4727 2033
28 1548 572
29 3662 8027
30 2581 2166
31 4251 3094
32 2022 7057
33 3262 700
34 3529 7996
35 3034 176
36 150 8515
37 544 6983
38 826 7038
39 4283 5771
40 2197 18
41 4453 3716
42 3242 3670
43 1005 5422
44 2601 8783
45 3911 2225
46 818 1890
47 4098 2128
48 3128 4754
49 2927 8823
50 5493 5734
DEMAND_SECTION
1 0.0
2 1.0
3 4.0
4 1.0
5 6.0
6 1.0
7 2.0
8 1.0
9 7.0
10 2.0
11 5.0
12 9.0
13 4.0
14 1.0
15 5.0
16 3.0
17 9.0
18 9.0
19 8.0
20 10.0
21 8.0
22 4.0
23 6.0
24 4.0
25 8.0
26 3.0
27 7.0
28 6.0
29 4.0
30 10.0
31 4.0
32 6.0
33 10.0
34 10.0
35 4.0
36 1.0
37 2.0
38 6.0
39 4.0
40 5.0
41 10.0
42 9.0
43 3.0
44 6.0
45 8.0
46 1.0
47 4.0
48 10.0
49 3.0
50 4.0
DEVIATION_SECTION
1 0.0
2 0.333333
3 1.33333
4 0.333333
5 2.0
6 0.333333
7 0.666667
8 0.333333
9 2.33333
10 0.666667
11 1.66667
12 3.0
13 1.33333
14 0.333333
15 1.66667
16 1.0
17 3.0
18 3.0
19 2.66667
20 3.33333
21 2.66667
22 1.33333
23 2.0
24 1.33333
25 2.66667
26 1.0
27 2.33333
28 2.0
29 1.33333
30 3.33333
31 1.33333
32 2.0
33 3.33333
34 3.33333
35 1.33333
36 0.333333
37 0.666667
38 2.0
39 1.33333
40 1.66667
41 3.33333
42 3.0
43 1.0
44 2.0
45 2.66667
46 0.333333
47 1.33333
48 3.33333
49 1.0
50 1.33333
DISTANCE_MATRIX
0.0 58.5927 14.1421 65.7647 47.1547 58.0128 42.0 14.0357 51.7405 11.1803 44.7745 35.5106 41.0555 26.2488 19.8167 31.0161 42.2014 16.1245 55.37 56.8768 39.4434 43.7512 51.9523 42.19 50.8318 38.1957 43.1741 55.487 51.5532 30.4635 31.2423 32.8696 50.5155 51.581 57.2171 60.1725 39.9857 38.0151 43.9664 61.3834 34.5527 18.2483 34.0588 57.7999 34.5398 47.0 36.4005 22.6716 60.3815 58.6941 
58.5927 0.0 65.7323 37.3363 22.8254 21.2132 74.2636 64.6041 21.0238 58.4623 85.8629 63.561 45.607 68.9689 74.5298 55.5428 85.4941 49.6488 104.51 28.1603 85.1857 18.4391 95.5472 96.9146 7.61577 22.3607 98.3658 94.3564 12.6491 79.5652 86.8846 25.318 99.1774 13.6015 103.365 35.4401 38.4187 35.805 42.4853 102.526 90.195 75.2024 59.5063 3.0 89.5715 78.314 91.4914 72.7349 2.0 52.1728 
14.1421 65.7323 0.0 61.3285 58.1411 59.4177 56.0357 3.0 53.3306 25.0 55.6715 21.3776 29.9383 39.4588 30.1896 17.2627 52.5547 29.7321 64.405 55.3178 29.5475 54.7376 42.0476 49.5177 58.382 45.7459 46.9317 68.264 62.5396 40.8365 34.2195 40.4198 59.9083 62.5673 66.888 55.5489 33.2915 33.5532 55.8344 71.6938 37.53 19.4165 20.0 65.3501 40.3609 61.0328 41.8688 13.3417 67.7051 70.788 
65.7647 37.3363 61.3285 0.0 57.3149 16.1245 99.7647 60.3523 18.4391 75.3418 108.564 54.1295 32.28 90.3092 85.6226 48.3839 108.11 72.9455 121.176 10.4403 80.3482 51.4782 88.1192 107.981 34.0588 30.8869 107.152 118.73 49.0102 102.182 94.4401 38.5876 116.321 50.01 123.023 5.83095 28.178 28.8444 76.2955 125.524 87.0502 79.5683 50.448 34.3657 100.207 104.202 102.042 68.4815 37.6563 88.2043 
47.1547 22.8254 58.1411 57.3149 0.0 41.7732 52.9575 57.0129 39.0512 46.5863 69.8645 65.8817 54.1202 57.5105 63.0918 58.0 71.0401 38.1982 90.5473 47.0956 86.0293 6.08276 98.3083 86.692 23.3452 31.3209 87.3333 74.4256 10.6301 65.6028 76.9509 27.7849 85.215 9.89949 88.3004 54.0093 47.927 44.7772 19.6977 84.4165 80.2613 64.9193 62.2415 25.4951 78.1334 55.472 80.0533 69.2119 23.8537 31.0 
58.0128 21.2132 59.4177 16.1245 41.7732 0.0 87.0919 58.4416 6.32456 67.5437 97.3232 55.2268 33.7343 80.1296 77.7627 48.0104 96.8695 60.7436 113.316 7.81025 79.0216 36.1386 89.0225 99.9786 18.4391 20.2485 100.835 106.527 33.0151 90.9406 88.5584 27.8029 108.462 34.0147 114.74 14.7648 27.1662 26.0 61.131 114.15 85.7236 75.033 51.1566 18.2483 92.4284 91.2688 94.2641 66.5708 21.587 72.4431 
42.0 74.2636 56.0357 99.7647 52.9575 87.0919 0.0 56.0089 82.1523 31.0644 19.2354 77.2334 80.604 18.7883 46.108 73.0068 22.1359 29.1204 40.1995 89.5545 68.9164 59.4017 84.3181 41.1825 70.4169 68.884 52.8015 21.4709 63.541 22.0227 53.0132 61.2875 35.5106 62.7472 37.0135 94.8189 78.1601 75.6366 35.4683 31.6228 59.2832 49.2053 76.0263 75.8307 43.1856 5.0 44.6878 60.8769 76.0365 41.0 
14.0357 64.6041 3.0 60.3523 57.0129 58.4416 56.0089 0.0 52.3545 25.1794 56.8426 22.1359 28.9622 40.025 31.3607 17.0 53.7454 28.8617 66.2193 54.3417 32.314 53.6094 44.7772 51.6236 57.2538 44.6177 49.3908 69.2881 61.4114 42.0076 36.6786 39.2916 61.6117 61.4391 68.5055 54.5727 32.3153 32.577 54.7062 72.9275 39.989 21.9545 20.2237 64.2219 42.638 61.0082 44.2041 16.2788 66.5769 69.6598 
51.7405 21.0238 53.3306 18.4391 39.0512 6.32456 82.1523 52.3545 0.0 61.2714 92.0969 49.4975 28.4605 74.9033 71.4904 42.107 91.6432 55.5173 107.044 8.06226 72.9345 33.1361 83.0963 93.7063 16.1245 14.2127 94.5624 101.302 31.4006 85.7143 82.2861 21.9317 102.189 32.3883 109.514 15.0333 21.587 20.0998 57.8705 109.057 79.6365 68.7607 45.3982 18.3576 86.1561 86.4523 87.9917 60.4837 21.9545 70.0286 
11.1803 58.4623 25.0 75.3418 46.5863 67.5437 31.0644 25.1794 61.2714 0.0 33.7021 46.1736 51.2871 15.2315 17.6023 42.107 33.2485 10.4403 53.1557 66.4077 47.0619 43.1829 59.5708 39.987 54.105 47.7267 41.8439 44.4145 51.4228 27.3195 31.6891 42.4005 48.3012 51.0126 55.0028 69.7391 50.1199 48.0208 39.3573 50.6623 35.0607 21.2603 45.0 59.9216 32.644 36.0555 34.5638 30.8707 60.2511 53.0094 
44.7745 85.8629 55.6715 108.564 69.8645 97.3232 19.2354 56.8426 92.0969 33.7021 0.0 75.1332 85.5707 18.5526 43.4819 72.8011 4.47214 36.7967 21.0238 99.3537 59.8415 71.001 74.0405 24.0416 81.8352 78.6399 37.0135 13.0 78.803 14.8661 41.7612 71.0413 16.2788 78.8307 18.4391 102.961 83.6676 81.4536 52.9528 17.0294 49.8197 42.0119 74.9533 87.43 29.0689 20.6155 30.0167 56.1427 87.6358 60.075 
35.5106 63.561 21.3776 54.1295 65.8817 55.2268 77.2334 22.1359 49.4975 46.1736 75.1332 0.0 22.0907 60.0333 50.1096 8.06226 71.5891 50.9608 80.5415 50.01 27.4591 60.959 34.1321 64.6343 55.9464 41.2311 58.5876 87.9659 66.0303 60.531 43.7697 39.6611 76.6942 66.6108 83.9345 48.6621 28.0713 29.4279 76.8907 90.2497 34.3178 34.176 4.12311 62.3939 55.0159 82.2192 56.366 20.1246 65.3911 93.2233 
41.0555 45.607 29.9383 32.28 54.1202 33.7343 80.604 28.9622 28.4605 51.2871 85.5707 22.0907 0.0 66.5186 60.0888 16.1555 82.4735 51.6236 94.1125 28.0179 48.1127 48.3735 56.2228 78.874 38.2884 24.0832 75.7622 95.6899 51.225 70.7357 63.05 26.4008 89.715 52.0096 96.7439 26.6833 7.2111 9.89949 69.1189 101.656 54.8147 48.1781 18.2483 43.8292 69.435 85.5102 70.793 36.8917 47.2017 82.9008 
26.2488 68.9689 39.4588 90.3092 57.5105 80.1296 18.7883 40.025 74.9033 15.2315 18.5526 60.0333 66.5186 0.0 28.0263 56.7186 18.099 19.4165 37.1146 81.3752 59.0155 54.107 74.4694 33.2593 64.6816 61.4464 43.6866 29.2651 61.909 12.1701 43.1122 53.8477 31.7823 61.9368 35.9697 84.7066 65.2993 63.1348 41.1947 35.5128 49.4095 39.3043 59.3043 70.4911 33.6997 23.4094 35.3315 52.4805 70.7418 51.8652 
19.8167 74.5298 30.1896 85.6226 63.0918 77.7627 46.108 31.3607 71.4904 17.6023 43.4819 50.1096 60.0888 28.0263 0.0 47.3275 40.3847 27.7883 53.5533 76.7085 45.0643 59.6884 60.5183 40.3847 70.1725 57.9457 42.2415 56.0744 67.4903 28.6469 32.0868 52.6196 48.6989 67.5181 55.4004 79.9838 59.7971 57.8265 56.8853 59.5668 35.4584 21.7279 49.6079 75.9892 33.0416 50.9762 34.9615 32.7697 76.3186 70.6117 
31.0161 55.5428 17.2627 48.3839 58.0 48.0104 73.0068 17.0 42.107 42.107 72.8011 8.06226 16.1555 56.7186 47.3275 0.0 69.5701 45.6245 80.2621 43.2897 31.9674 53.0754 41.0122 64.6375 47.927 33.2415 61.3398 85.4019 58.0086 57.9744 48.6277 31.6228 76.0592 58.6003 83.1865 42.72 21.095 22.0227 69.0845 88.6002 38.6694 33.8378 4.24264 54.4243 55.0286 78.0064 56.3787 21.2603 57.3847 85.417 
42.2014 85.4941 52.5547 108.11 71.0401 96.8695 22.1359 53.7454 91.6432 33.2485 4.47214 71.5891 82.4735 18.099 40.3847 69.5701 0.0 36.3452 19.2354 98.9001 55.5788 70.406 69.6419 19.8494 81.4105 78.1863 32.6497 17.1172 78.208 12.2066 37.3631 70.5876 14.0357 78.2357 17.8885 102.508 82.1818 80.2112 54.3323 19.2354 45.5412 38.1182 71.5681 87.0612 24.5967 24.1868 25.5539 52.345 87.267 62.3939 
16.1245 49.6488 29.7321 72.9455 38.1982 60.7436 29.1204 28.8617 55.5173 10.4403 36.7967 50.9608 51.6236 19.4165 27.7883 45.6245 36.3452 0.0 55.3609 62.7742 55.2498 34.7948 67.7586 50.173 45.2956 42.0604 52.0298 46.6154 42.5967 30.4163 41.8751 34.4617 50.0286 42.6245 54.2159 67.9931 49.0408 46.5199 29.1548 53.7401 45.2255 31.0644 49.0396 51.1077 42.8299 33.9559 44.7498 38.6005 51.4296 43.2782 
55.37 104.51 64.405 121.176 90.5473 113.316 40.1995 66.2193 107.044 53.1557 21.0238 80.5415 94.1125 37.1146 53.5533 80.2621 19.2354 55.3609 0.0 112.262 59.0339 89.6478 70.0 16.4924 100.426 93.4991 28.0713 25.2389 97.4498 29.0689 40.025 88.1729 5.38516 97.4775 5.83095 115.537 95.1272 93.1566 73.5527 17.2047 49.4773 46.5296 81.4125 106.077 26.2488 41.0 25.7099 60.4593 106.283 81.0987 
56.8768 28.1603 55.3178 10.4403 47.0956 7.81025 89.5545 54.3417 8.06226 66.4077 99.3537 50.01 28.0179 81.3752 76.7085 43.2897 98.9001 62.7742 112.262 0.0 74.8839 41.1947 84.0952 99.067 24.0208 20.8087 100.135 108.559 39.2046 92.9712 87.4225 28.6007 107.407 40.1995 114.109 7.28011 22.2036 21.8403 65.9242 116.314 81.5859 73.8971 46.0435 25.2982 91.2925 93.9415 93.1281 62.4709 28.7924 78.0577 
39.4434 85.1857 29.5475 80.3482 86.0293 79.0216 68.9164 32.314 72.9345 47.0619 59.8415 27.4591 48.1127 59.0155 45.0643 31.9674 55.5788 55.2498 59.0339 74.8839 0.0 82.6259 16.2788 42.5793 77.5794 63.0421 32.6956 72.6911 90.4278 47.4342 19.105 60.8475 56.3205 90.4556 63.5059 74.668 52.7378 53.157 83.3601 72.0069 10.0499 27.7928 30.4138 84.2108 33.1361 73.1518 33.3766 16.8353 87.063 98.1365 
43.7512 18.4391 54.7376 51.4782 6.08276 36.1386 59.4017 53.6094 33.1361 43.1829 71.001 60.959 48.3735 54.107 59.6884 53.0754 70.406 34.7948 89.6478 41.1947 82.6259 0.0 94.9049 82.0731 17.72 25.2982 83.9299 79.4945 8.24621 64.7033 73.5475 22.2036 84.3155 8.06226 88.2301 48.0416 42.0476 38.9102 25.0 87.6642 76.8579 61.5159 57.3149 20.8087 74.73 60.2216 76.6499 65.8085 19.799 37.0135 
51.9523 95.5472 42.0476 88.1192 98.3083 89.0225 84.3181 44.7772 83.0963 59.5708 74.0405 34.1321 56.2228 74.4694 60.5183 41.0122 69.6419 67.7586 70.0 84.0952 16.2788 94.9049 0.0 54.1479 87.9409 73.4036 42.0476 86.5852 97.5373 62.6498 32.28 71.209 68.1836 102.735 75.06 82.7345 62.0081 63.0317 95.8689 84.5931 25.0599 43.2467 38.0526 94.5723 45.7056 88.5535 45.3982 29.3442 97.4245 110.645 
42.19 96.9146 49.5177 107.981 86.692 99.9786 41.1825 51.6236 93.7063 39.987 24.0416 64.6343 78.874 33.2593 40.3847 64.6375 19.8494 50.173 16.4924 99.067 42.5793 82.0731 54.1479 0.0 92.5572 80.1616 13.4164 34.4819 89.875 22.2036 23.5372 75.0043 14.0357 89.9028 21.0238 102.342 82.2271 80.1851 70.1722 30.5941 32.9848 30.8058 65.5501 98.3739 9.84886 43.8292 9.21954 44.5521 98.7033 79.5801 
50.8318 7.61577 58.382 34.0588 23.3452 18.4391 70.4169 57.2538 16.1245 54.105 81.8352 55.9464 38.2884 64.6816 70.1725 47.927 81.4105 45.2956 100.426 24.0208 77.5794 17.72 87.9409 92.5572 0.0 14.7648 92.2383 90.5097 15.2971 75.4816 81.3775 18.0278 95.0939 16.2788 99.2812 31.1448 31.1448 28.4253 42.72 98.5951 84.6879 67.8521 51.8941 7.0 84.163 74.4673 86.341 65.1287 9.48683 54.1479 
38.1957 22.3607 45.7459 30.8869 31.3209 20.2485 68.884 44.6177 14.2127 47.7267 78.6399 41.2311 24.0832 61.4464 57.9457 33.2415 78.1863 42.0604 93.4991 20.8087 63.0421 25.2982 73.4036 80.1616 14.7648 0.0 81.0177 87.8451 27.2029 72.2574 68.7414 7.81025 88.6446 28.0179 95.3462 26.0 17.2047 14.2127 48.0104 95.6001 72.0518 55.216 37.1618 21.1896 72.6114 73.3485 74.447 50.5914 24.1661 61.6604 
43.1741 98.3658 46.9317 107.152 87.3333 100.835 52.8015 49.3908 94.5624 41.8439 37.0135 58.5876 75.7622 43.6866 42.2415 61.3398 32.6497 52.0298 28.0713 100.135 32.6956 83.9299 42.0476 13.4164 92.2383 81.0177 0.0 47.8853 91.7319 31.7648 15.5563 75.6915 26.9258 91.7596 33.3766 101.373 79.1153 79.377 81.1268 43.6807 24.4131 27.5886 61.413 99.2064 10.4403 55.9732 8.544 41.2449 100.155 90.0074 
55.487 94.3564 68.264 118.73 74.4256 106.527 21.4709 69.2881 101.302 44.4145 13.0 87.9659 95.6899 29.2651 56.0744 85.4019 17.1172 46.6154 25.2389 108.559 72.6911 79.4945 86.5852 34.4819 90.5097 87.8451 47.8853 0.0 85.0091 27.4591 54.3415 80.2464 22.6274 84.2153 20.1246 113.596 94.3716 92.1303 56.8595 11.0 62.6498 55.0091 87.6641 95.9235 41.1096 19.6469 41.7852 69.1158 96.1293 60.8276 
51.5532 12.6491 62.5396 49.0102 10.6301 33.0151 63.541 61.4114 31.4006 51.4228 78.803 66.0303 51.225 61.909 67.4903 58.0086 78.208 42.5967 97.4498 39.2046 90.4278 8.24621 97.5373 89.875 15.2971 27.2029 91.7319 85.0091 0.0 72.5052 81.3494 26.4008 92.1175 1.0 96.032 46.3897 44.4072 41.4005 30.0167 95.4661 84.6598 69.3178 62.2013 15.5242 82.532 66.0555 84.4518 73.6105 13.4164 39.6232 
30.4635 79.5652 40.8365 102.182 65.6028 90.9406 22.0227 42.0076 85.7143 27.3195 14.8661 60.531 70.7357 12.1701 28.6469 57.9744 12.2066 30.4163 29.0689 92.9712 47.4342 64.7033 62.6498 22.2036 75.4816 72.2574 31.7648 27.4591 72.5052 0.0 31.0644 64.6587 23.7065 72.533 29.2062 96.5789 70.444 68.4734 49.083 31.3847 37.6962 28.2843 60.208 81.1323 21.6333 26.0768 23.3238 42.0119 81.338 58.4909 
31.2423 86.8846 34.2195 94.4401 76.9509 88.5584 53.0132 36.6786 82.2861 31.6891 41.7612 43.7697 63.05 43.1122 32.0868 48.6277 37.3631 41.8751 40.025 87.4225 19.105 73.5475 32.28 23.5372 81.3775 68.7414 15.5563 54.3415 81.3494 31.0644 0.0 63.4153 37.2156 81.3772 44.4072 88.6605 66.4032 66.6649 70.9721 53.0094 9.48683 14.8764 46.5952 86.5024 14.0357 57.1402 14.3178 28.5328 88.8574 84.6985 
32.8696 25.318 40.4198 38.5876 27.7849 27.8029 61.2875 39.2916 21.9317 42.4005 71.0413 39.6611 26.4008 53.8477 52.6196 31.6228 70.5876 34.4617 88.1729 28.6007 60.8475 22.2036 71.209 75.0043 18.0278 7.81025 75.6915 80.2464 26.4008 64.6587 63.4153 0.0 83.3185 27.0185 88.4583 33.541 20.6155 17.4642 42.4513 88.0015 66.7257 49.8898 35.805 25.02 66.6338 65.7951 68.3788 48.3967 27.2947 56.7539 
50.5155 99.1774 59.9083 116.321 85.215 108.462 35.5106 61.6117 102.189 48.3012 16.2788 76.6942 89.715 31.7823 48.6989 76.0592 14.0357 50.0286 5.38516 107.407 56.3205 84.3155 68.1836 14.0357 95.0939 88.6446 26.9258 22.6274 92.1175 23.7065 37.2156 83.3185 0.0 92.1452 7.28011 110.683 90.14 88.5254 68.3593 16.7631 46.5296 42.5441 77.3886 100.745 23.1948 36.6879 23.0217 56.648 100.95 76.2365 
51.581 13.6015 62.5673 50.01 9.89949 34.0147 62.7472 61.4391 32.3883 51.0126 78.8307 66.6108 52.0096 61.9368 67.5181 58.6003 78.2357 42.6245 97.4775 40.1995 90.4556 8.06226 102.735 89.9028 16.2788 28.0179 91.7596 84.2153 1.0 72.533 81.3772 27.0185 92.1452 0.0 96.0598 47.3814 45.2217 42.2019 29.1548 94.2062 84.6876 69.3456 62.8013 16.4924 82.5597 65.2617 84.4796 73.6382 14.3178 38.6394 
57.2171 103.365 66.888 123.023 88.3004 114.74 37.0135 68.5055 109.514 55.0028 18.4391 83.9345 96.7439 35.9697 55.4004 83.1865 17.8885 54.2159 5.83095 114.109 63.5059 88.2301 75.06 21.0238 99.2812 95.3462 33.3766 20.1246 96.032 29.2062 44.4072 88.4583 7.28011 96.0598 0.0 117.384 97.1975 95.227 71.3863 11.4018 53.7587 49.7695 84.5813 104.932 30.4138 37.2156 30.1496 63.9062 105.138 78.0064 
60.1725 35.4401 55.5489 5.83095 54.0093 14.7648 94.8189 54.5727 15.0333 69.7391 102.961 48.6621 26.6833 84.7066 79.9838 42.72 102.508 67.9931 115.537 7.28011 74.668 48.0416 82.7345 102.342 31.1448 26.0 101.373 113.596 46.3897 96.5789 88.6605 33.541 110.683 47.3814 117.384 0.0 22.3607 23.0217 72.5603 119.922 81.37 73.7887 44.911 32.573 94.5679 99.3177 96.4035 62.702 36.0555 85.0059 
39.9857 38.4187 33.2915 28.178 47.927 27.1662 78.1601 32.3153 21.587 50.1199 83.6676 28.0713 7.2111 65.2993 59.7971 21.095 82.1818 49.0408 95.1272 22.2036 52.7378 42.0476 62.0081 82.2271 31.1448 17.2047 79.1153 94.3716 44.4072 70.444 66.4032 20.6155 90.14 45.2217 97.1975 22.3607 0.0 3.16228 63.0507 101.364 59.4399 51.5313 24.0208 36.6197 72.7882 82.97 74.1461 40.4446 40.0 77.3692 
38.0151 35.805 33.5532 28.8444 44.7772 26.0 75.6366 32.577 20.0998 48.0208 81.4536 29.4279 9.89949 63.1348 57.8265 22.0227 80.2112 46.5199 93.1566 21.8403 53.157 38.9102 63.0317 80.1851 28.4253 14.2127 79.377 92.1303 41.4005 68.4734 66.6649 17.4642 88.5254 42.2019 95.227 23.0217 3.16228 0.0 59.9068 98.4138 59.859 51.793 25.318 34.1321 73.0499 80.4439 74.4078 40.7063 37.4433 74.2159 
43.9664 42.4853 55.8344 76.2955 19.6977 61.131 35.4683 54.7062 57.8705 39.3573 52.9528 76.8907 69.1189 41.1947 56.8853 69.0845 54.3323 29.1548 73.5527 65.9242 83.3601 25.0 95.8689 70.1722 42.72 48.0104 81.1268 56.8595 30.0167 49.083 70.9721 42.4513 68.3593 29.1548 71.3863 72.5603 63.0507 59.9068 0.0 67.0671 74.3436 60.208 73.304 45.1885 71.9269 37.5899 73.8468 66.542 43.4166 15.2643 
61.3834 102.526 71.6938 125.524 84.4165 114.15 31.6228 72.9275 109.057 50.6623 17.0294 90.2497 101.656 35.5128 59.5668 88.6002 19.2354 53.7401 17.2047 116.314 72.0069 87.6642 84.5931 30.5941 98.5951 95.6001 43.6807 11.0 95.4661 31.3847 53.0094 88.0015 16.7631 94.2062 11.4018 119.922 101.364 98.4138 67.0671 0.0 62.0322 56.2939 90.4434 104.093 39.0512 30.4138 39.2046 70.6116 104.299 71.7008 
34.5527 90.195 37.53 87.0502 80.2613 85.7236 59.2832 39.989 79.6365 35.0607 49.8197 34.3178 54.8147 49.4095 35.4584 38.6694 45.5412 45.2255 49.4773 81.5859 10.0499 76.8579 25.0599 32.9848 84.6879 72.0518 24.4131 62.6498 84.6598 37.6962 9.48683 66.7257 46.5296 84.6876 53.7587 81.37 59.4399 59.859 74.3436 62.0322 0.0 18.1868 37.1432 89.8128 23.3452 63.5186 23.7697 23.5374 92.1678 88.07 
18.2483 75.2024 19.4165 79.5683 64.9193 75.033 49.2053 21.9545 68.7607 21.2603 42.0119 34.176 48.1781 39.3043 21.7279 33.8378 38.1182 31.0644 46.5296 73.8971 27.7928 61.5159 43.2467 30.8058 67.8521 55.216 27.5886 55.0091 69.3178 28.2843 14.8764 49.8898 42.5441 69.3456 49.7695 73.7887 51.5313 51.793 60.208 56.2939 18.1868 0.0 34.8855 74.8201 21.2603 53.4406 22.6274 14.3178 77.1751 74.2024 
34.0588 59.5063 20.0 50.448 62.2415 51.1566 76.0263 20.2237 45.3982 45.0 74.9533 4.12311 18.2483 59.3043 49.6079 4.24264 71.5681 49.0396 81.4125 46.0435 30.4138 57.3149 38.0526 65.5501 51.8941 37.1618 61.413 87.6641 62.2013 60.208 46.5952 35.805 77.3886 62.8013 84.5813 44.911 24.0208 25.318 73.304 90.4434 37.1432 34.8855 0.0 58.3095 55.9318 81.0247 57.2819 21.4009 61.327 89.6366 
57.7999 3.0 65.3501 34.3657 25.4951 18.2483 75.8307 64.2219 18.3576 59.9216 87.43 62.3939 43.8292 70.4911 75.9892 54.4243 87.0612 51.1077 106.077 25.2982 84.2108 20.8087 94.5723 98.3739 7.0 21.1896 99.2064 95.9235 15.5242 81.1323 86.5024 25.02 100.745 16.4924 104.932 32.573 36.6197 34.1321 45.1885 104.093 89.8128 74.8201 58.3095 0.0 91.0308 79.8812 91.9733 71.7601 3.60555 55.109 
34.5398 89.5715 40.3609 100.207 78.1334 92.4284 43.1856 42.638 86.1561 32.644 29.0689 55.0159 69.435 33.6997 33.0416 55.0286 24.5967 42.8299 26.2488 91.2925 33.1361 74.73 45.7056 9.84886 84.163 72.6114 10.4403 41.1096 82.532 21.6333 14.0357 66.6338 23.1948 82.5597 30.4138 94.5679 72.7882 73.0499 71.9269 39.0512 23.3452 21.2603 55.9318 91.0308 0.0 46.6905 2.0 34.9337 91.3602 80.0205 
47.0 78.314 61.0328 104.202 55.472 91.2688 5.0 61.0082 86.4523 36.0555 20.6155 82.2192 85.5102 23.4094 50.9762 78.0064 24.1868 33.9559 41.0 93.9415 73.1518 60.2216 88.5535 43.8292 74.4673 73.3485 55.9732 19.6469 66.0555 26.0768 57.1402 65.7951 36.6879 65.2617 37.2156 99.3177 82.97 80.4439 37.5899 30.4138 63.5186 53.4406 81.0247 79.8812 46.6905 0.0 48.0833 65.7459 79.3221 41.3038 
36.4005 91.4914 41.8688 102.042 80.0533 94.2641 44.6878 44.2041 87.9917 34.5638 30.0167 56.366 70.793 35.3315 34.9615 56.3787 25.5539 44.7498 25.7099 93.1281 33.3766 76.6499 45.3982 9.21954 86.341 74.447 8.544 41.7852 84.4518 23.3238 14.3178 68.3788 23.0217 84.4796 30.1496 96.4035 74.1461 74.4078 73.8468 39.2046 23.7697 22.6274 57.2819 91.9733 2.0 48.0833 0.0 36.2838 93.2801 81.6523 
22.6716 72.7349 13.3417 68.4815 69.2119 66.5708 60.8769 16.2788 60.4837 30.8707 56.1427 20.1246 36.8917 52.4805 32.7697 21.2603 52.345 38.6005 60.4593 62.4709 16.8353 65.8085 29.3442 44.5521 65.1287 50.5914 41.2449 69.1158 73.6105 42.0119 28.5328 48.3967 56.648 73.6382 63.9062 62.702 40.4446 40.7063 66.542 70.6116 23.5374 14.3178 21.4009 71.7601 34.9337 65.7459 36.2838 0.0 74.6122 81.3449 
60.3815 2.0 67.7051 37.6563 23.8537 21.587 76.0365 66.5769 21.9545 60.2511 87.6358 65.3911 47.2017 70.7418 76.3186 57.3847 87.267 51.4296 106.283 28.7924 87.063 19.799 97.4245 98.7033 9.48683 24.1661 100.155 96.1293 13.4164 81.338 88.8574 27.2947 100.95 14.3178 105.138 36.0555 40.0 37.4433 43.4166 104.299 92.1678 77.1751 61.327 3.60555 91.3602 79.3221 93.2801 74.6122 0.0 52.6308 
58.6941 52.1728 70.788 88.2043 31.0 72.4431 41.0 69.6598 70.0286 53.0094 60.075 93.2233 82.9008 51.8652 70.6117 85.417 62.3939 43.2782 81.0987 78.0577 98.1365 37.0135 110.645 79.5801 54.1479 61.6604 90.0074 60.8276 39.6232 58.4909 84.6985 56.7539 76.2365 38.6394 78.0064 85.0059 77.3692 74.2159 15.2643 71.7008 88.07 74.2024 89.6366 55.109 80.0205 41.3038 81.6523 81.3449 52.6308 0.0 
DEMAND_SCENARIO_SECTION
0 0 0 0 0 0 0 0 0 0 0 0 0 0 0 0 0 0 0 0 0 0 0 0 0 0 0 0 0 0 0 0 0 0 0 0 0 0 0 0 0 0 0 0 0 0 0 0 0 0 0 0 0 0 0 0 0 0 0 0 0 0 0 0 0 0 0 0 0 0 0 0 0 0 0 0 0 0 0 0 0 0 0 0 0 0 0 0 0 0 0 0 0 0 0 0 0 0 0 0 0 0 0 0 0 0 0 0 0 0 0 0 0 0 0 0 0 0 0 0 0 0 0 0 0 0 0 0 0 0 0 0 0 0 0 0 0 0 0 0 0 0 0 0 0 0 0 0 0 0 0 0 0 0 0 0 0 0 0 0 0 0 0 0 0 0 0 0 0 0 0 0 0 0 0 0 0 0 0 0 0 0 0 0 0 0 0 0 0 0 0 0 0 0 0 0 0 0 0 0 
1 1 1 1 0 1 1 1 2 0 1 1 0 1 1 1 1 1 1 1 1 1 1 1 1 1 1 1 1 1 1 1 1 0 1 1 1 1 2 1 1 1 1 1 1 1 1 0 1 1 1 1 1 1 1 1 1 1 1 1 1 1 1 1 1 1 1 1 1 1 2 1 1 1 1 1 1 1 1 1 1 1 1 1 1 1 2 1 1 1 2 1 2 2 1 1 1 1 1 1 1 0 1 1 1 1 1 1 1 1 1 1 1 1 1 1 1 1 1 1 1 1 1 1 1 1 1 1 1 1 1 1 1 1 1 1 1 1 1 1 1 1 1 1 1 2 1 1 1 1 1 1 1 1 1 2 2 1 1 1 1 0 1 1 1 1 1 0 2 1 1 1 1 1 1 1 1 1 1 0 1 1 1 1 1 1 1 1 1 2 1 1 1 1 2 1 1 1 1 1 
5 7 6 6 2 1 6 2 4 3 3 2 4 5 3 4 6 5 3 4 5 3 2 6 5 4 5 6 2 6 6 1 4 4 4 6 4 5 3 4 3 2 4 3 5 3 4 3 5 5 6 5 3 4 5 5 4 3 6 4 6 4 3 2 4 2 2 3 3 4 4 3 6 4 3 5 2 6 3 1 4 5 0 3 5 1 3 4 5 3 4 3 2 1 3 3 6 4 4 6 3 5 4 3 3 5 4 4 5 4 1 2 4 5 3 3 4 7 4 2 5 5 1 5 4 4 5 4 5 4 3 3 7 4 4 5 5 4 4 5 3 4 4 3 2 7 4 5 3 3 3 5 4 5 6 5 1 5 2 4 6 5 4 6 1 5 4 3 4 4 3 6 6 1 5 3 1 4 2 2 5 4 4 4 3 2 4 5 4 2 6 5 4 5 3 4 5 3 3 4 
1 1 1 1 1 0 1 1 0 1 1 1 2 0 1 1 1 1 1 1 1 1 0 1 1 1 1 0 1 1 1 1 2 1 1 1 1 1 1 1 1 1 1 1 1 1 1 1 1 1 1 1 1 1 0 0 1 0 1 1 1 1 1 1 1 1 1 1 1 1 1 1 1 1 1 2 1 1 1 1 1 1 1 1 2 1 1 2 1 1 1 0 1 1 0 1 1 1 1 1 1 1 1 1 1 1 1 1 1 1 1 1 1 1 0 1 1 1 1 1 1 1 1 1 2 1 1 1 1 1 1 1 2 1 1 1 1 1 2 1 1 1 1 0 2 1 1 1 1 1 1 1 1 1 1 1 1 1 1 1 1 1 1 1 1 1 1 1 1 1 1 1 1 1 1 1 1 1 1 1 1 1 1 2 1 1 1 1 0 1 1 1 2 1 1 1 1 1 2 1 
4 6 5 7 6 4 4 6 7 1 5 7 5 2 11 8 3 6 5 10 3 7 8 9 3 4 7 3 5 5 9 8 6 9 6 8 6 5 8 4 9 5 6 8 6 7 8 5 4 3 7 7 6 4 8 8 6 6 6 7 10 8 8 7 5 3 7 3 8 5 10 7 1 6 5 10 6 8 7 8 5 4 5 5 8 8 6 9 6 4 7 9 6 2 5 11 6 5 7 8 4 4 7 3 5 5 9 9 3 6 6 8 3 5 3 7 7 5 6 7 5 4 3 8 6 11 7 7 6 7 10 5 6 5 9 7 7 6 4 6 5 6 4 6 7 6 10 4 5 5 3 7 4 4 6 5 4 3 10 6 6 7 9 3 3 3 7 8 10 8 10 5 10 5 8 2 8 7 9 4 10 5 7 7 5 6 6 6 1 8 10 10 4 4 3 6 8 5 5 9 
2 1 1 1 1 1 1 0 1 1 1 1 0 1 1 1 1 1 1 2 1 1 1 1 1 1 1 1 1 1 1 1 1 1 0 0 1 1 1 1 1 0 1 1 1 1 1 2 1 1 1 1 0 2 1 1 1 1 1 1 2 1 1 2 1 1 1 1 1 1 1 1 1 0 1 1 2 0 1 1 1 1 1 1 1 1 0 1 1 1 1 1 1 1 1 1 1 1 0 1 1 1 1 1 1 1 1 1 1 1 1 1 1 1 1 2 1 1 1 1 0 1 1 1 1 1 1 1 1 1 1 1 1 1 0 1 1 1 1 1 1 1 1 1 1 2 0 1 1 1 1 2 1 1 1 1 1 1 1 1 1 1 1 1 1 1 1 1 1 1 1 1 0 1 1 1 1 0 1 1 1 1 1 1 1 1 1 1 0 1 1 1 1 1 1 1 1 2 1 1 
1 2 1 2 1 2 2 2 1 2 2 1 2 2 2 3 1 2 2 2 2 3 2 3 0 2 2 1 1 2 2 2 1 2 3 2 2 3 2 2 1 2 1 2 1 3 3 3 3 1 1 2 1 2 3 2 1 0 1 3 2 2 2 2 2 3 2 3 3 2 0 2 2 2 2 2 2 1 2 2 1 2 1 2 2 3 1 2 2 2 2 2 2 2 2 2 1 1 2 3 2 3 2 2 1 2 2 1 2 2 2 2 3 4 2 2 3 2 3 2 2 3 3 1 2 2 1 2 2 2 2 2 1 2 3 2 2 2 2 2 3 1 2 2 2 2 3 2 2 4 3 2 3 2 3 2 1 2 3 2 2 2 3 2 3 2 2 2 2 2 2 1 2 2 2 2 4 2 2 2 1 3 2 2 2 2 2 2 2 2 2 1 2 1 3 3 1 2 2 3 
1 2 1 1 1 1 1 1 1 1 1 1 1 1 1 1 1 1 1 1 1 1 1 2 2 1 1 1 1 1 0 1 1 2 1 1 1 1 1 1 1 1 1 1 1 1 1 1 0 1 1 1 1 1 0 1 1 2 1 1 0 1 1 1 1 1 1 1 1 0 1 1 1 1 2 1 1 1 1 1 1 1 1 1 1 1 1 1 1 2 1 0 1 1 1 1 1 1 2 1 1 1 1 1 1 1 1 1 1 1 1 1 1 0 1 1 1 1 1 1 1 1 0 1 1 1 1 1 1 1 1 1 1 1 1 1 1 1 1 1 0 1 1 1 1 1 1 1 1 1 1 1 1 1 1 1 1 1 2 1 1 0 1 1 1 0 1 1 1 1 1 1 1 1 1 1 1 2 0 2 1 1 1 1 1 1 1 1 2 1 1 1 1 1 1 1 1 1 1 1 
12 8 7 4 9 9 7 5 9 3 12 8 5 10 9 10 9 4 4 9 8 9 6 5 6 6 8 9 5 6 11 9 6 6 7 10 9 8 11 6 7 6 5 10 7 9 9 3 10 7 10 11 8 7 6 8 3 5 10 7 10 10 6 7 7 11 8 9 6 7 11 4 7 8 6 7 9 8 8 8 8 5 9 7 11 8 3 3 5 4 8 4 6 6 6 2 10 7 5 4 3 9 9 5 9 7 5 9 7 3 6 6 4 7 4 8 8 8 10 9 6 10 2 6 6 5 11 7 6 5 8 6 4 6 10 7 5 5 8 6 7 6 10 6 3 7 6 8 6 6 8 5 8 4 7 8 7 11 3 8 5 10 4 7 9 6 4 8 7 8 6 7 4 5 7 9 3 10 9 13 5 5 8 9 5 10 9 10 9 11 6 13 7 12 8 7 8 8 5 4 
1 3 3 2 2 3 3 2 1 2 2 3 1 1 0 2 2 4 1 3 2 2 1 2 2 2 2 3 2 3 1 2 3 1 3 1 2 1 3 2 2 2 2 2 3 2 1 2 1 2 2 1 2 3 2 2 3 3 3 2 2 1 2 2 1 2 2 2 2 3 2 3 2 1 0 2 2 2 2 2 4 2 3 2 2 2 2 2 2 2 2 1 2 0 2 2 3 2 3 1 2 1 1 2 2 2 1 2 2 1 1 3 3 4 1 2 2 2 3 1 1 3 1 2 1 2 2 1 1 2 1 2 1 1 1 2 2 1 2 2 3 2 3 2 2 1 2 3 2 2 3 1 3 2 3 2 3 2 0 2 3 2 2 2 3 2 3 3 2 2 1 1 4 2 2 1 2 3 3 3 3 3 2 2 3 1 2 3 3 2 2 2 2 3 2 1 1 1 3 1 
4 7 6 6 7 7 6 3 6 2 3 4 6 5 7 4 3 6 6 4 6 4 5 5 5 5 5 5 4 5 5 7 7 3 5 7 2 1 4 3 5 2 6 5 7 3 6 5 8 5 7 5 4 3 6 6 1 5 1 2 4 6 4 2 3 4 5 4 6 6 5 2 7 5 6 5 5 3 2 4 4 3 7 4 4 6 1 5 6 2 8 1 6 4 4 6 5 6 6 5 4 4 7 5 3 6 6 7 5 5 2 6 5 5 5 9 3 4 3 6 6 3 7 4 5 4 4 7 6 2 5 2 5 6 5 6 7 5 7 3 3 9 6 4 4 8 10 3 5 4 3 4 6 6 5 4 5 5 5 5 6 5 6 6 5 5 5 6 6 5 8 7 5 5 3 3 5 7 6 7 7 4 3 6 4 7 4 2 4 5 1 2 8 8 3 3 3 7 7 7 
8 8 10 12 10 8 11 8 11 12 8 2 10 10 10 5 7 7 10 7 10 0 13 9 11 5 7 5 7 10 15 6 10 3 6 8 11 13 6 9 14 9 10 12 9 7 11 9 9 9 10 6 6 8 9 15 11 5 9 7 14 7 14 9 13 12 10 5 14 9 12 9 7 7 6 10 4 13 6 10 9 9 10 4 10 12 14 8 6 12 11 14 6 9 9 8 9 14 8 7 9 6 8 10 7 4 12 4 11 7 6 6 13 9 8 6 6 12 9 4 4 11 10 10 10 10 4 13 10 8 9 8 6 7 8 12 14 8 8 7 10 14 3 9 11 10 5 9 9 8 6 5 9 4 8 11 11 6 12 8 7 13 13 6 5 7 9 11 6 5 7 7 4 8 8 5 8 8 6 13 6 10 8 10 7 13 11 5 4 5 6 10 9 11 12 11 10 12 7 3 
4 4 6 5 3 4 5 2 4 3 5 6 1 3 4 2 2 4 4 4 4 4 4 3 4 4 5 4 5 4 3 3 3 8 2 3 5 5 5 5 5 6 3 5 4 5 5 6 2 6 6 3 3 6 2 2 5 3 3 6 4 5 5 6 5 4 0 4 4 5 5 3 4 3 5 4 7 4 5 4 1 1 4 2 4 4 5 3 6 5 4 5 4 7 3 4 2 4 5 1 3 4 3 3 2 5 3 5 4 5 5 5 3 3 4 4 3 5 6 5 3 4 6 4 3 6 5 3 6 5 4 2 4 5 3 3 2 5 4 5 4 2 3 4 3 4 2 2 6 3 4 4 3 7 5 2 2 1 6 2 4 6 3 6 4 5 5 4 2 4 3 4 3 5 5 6 4 4 2 1 6 2 5 4 5 5 3 4 4 3 2 4 4 4 4 5 4 6 6 4 
1 1 1 1 1 1 1 1 1 0 1 1 2 1 1 1 1 1 1 1 2 1 1 1 2 1 1 1 1 1 1 1 1 1 1 1 1 0 1 1 1 1 1 1 1 1 1 1 1 1 1 1 1 1 1 1 2 1 1 2 1 1 1 1 1 1 1 1 1 1 1 1 1 1 1 1 0 1 1 1 1 1 1 1 1 1 0 1 1 1 1 1 1 1 1 1 1 1 1 1 1 1 2 2 1 1 1 1 1 1 1 1 1 0 1 1 1 1 1 0 1 1 1 0 1 1 1 1 1 1 1 1 1 2 1 0 1 1 1 1 1 1 1 1 1 1 1 2 1 1 1 0 1 1 1 2 1 1 1 1 1 1 1 1 1 1 1 1 1 1 1 1 1 1 1 1 1 1 1 1 1 1 1 1 1 1 1 1 1 1 1 1 1 0 1 1 1 1 1 1 
4 7 4 5 8 4 6 5 4 1 3 6 4 4 5 5 1 6 8 4 2 6 7 6 3 5 5 1 7 5 9 4 5 8 5 7 3 3 6 5 2 3 5 9 5 4 5 6 5 5 6 5 5 8 7 3 5 7 7 6 8 4 6 3 6 5 5 3 3 7 3 6 2 6 5 5 6 5 5 9 3 6 6 5 5 7 4 4 4 5 5 8 5 5 5 5 1 8 8 7 7 6 5 4 9 3 5 5 1 5 6 6 5 4 4 6 3 6 5 4 7 5 8 4 2 6 7 2 8 6 8 7 7 4 3 6 6 4 5 4 3 7 3 5 6 7 6 4 4 7 6 5 6 3 5 5 4 5 3 3 3 5 5 3 7 5 3 8 2 4 5 7 4 6 3 3 7 4 6 4 5 4 5 6 5 7 5 7 7 0 7 5 6 4 5 2 5 8 8 4 
3 3 3 2 4 4 3 4 2 4 2 4 4 4 4 3 5 3 3 2 2 4 3 4 4 2 2 4 3 3 3 3 3 3 3 3 3 1 3 3 2 4 5 3 3 3 1 3 2 3 2 3 5 2 3 3 2 4 3 2 3 2 3 2 4 4 3 4 3 3 4 3 5 1 3 1 4 4 2 1 3 3 1 4 1 2 2 4 2 1 3 4 4 3 3 2 2 3 4 4 4 3 3 1 4 3 2 5 3 3 3 3 3 4 6 2 3 3 2 4 4 3 2 3 3 1 3 4 3 2 3 4 2 3 3 4 4 5 3 2 4 2 2 6 3 1 4 2 1 3 2 2 2 3 4 3 3 3 2 2 3 3 4 3 2 3 6 3 2 2 4 2 1 5 1 3 3 2 2 4 3 2 5 2 4 3 2 4 3 2 3 1 1 4 2 3 5 2 4 2 
13 12 7 2 4 9 11 12 8 8 4 5 9 5 9 5 10 5 9 10 10 3 12 11 16 7 8 11 7 12 10 7 6 9 13 3 15 11 8 9 9 4 8 12 4 13 1 5 15 13 7 13 3 3 12 10 10 14 5 18 8 9 14 10 6 9 8 7 6 11 12 16 11 3 9 8 15 11 12 11 6 7 7 12 6 9 4 9 10 8 14 9 11 8 9 7 10 6 10 13 7 8 8 11 9 5 7 10 8 9 9 10 5 7 5 12 7 12 7 14 9 8 6 8 12 4 7 14 4 13 10 6 11 6 7 8 7 4 9 9 15 4 11 9 9 9 14 12 12 12 8 9 8 10 6 13 3 5 8 4 8 4 4 14 8 9 11 8 10 4 10 9 9 2 10 10 13 6 6 7 6 8 12 11 8 6 12 7 9 8 5 13 9 5 9 8 13 11 7 10 
11 13 7 6 8 4 11 9 9 6 5 3 10 11 10 10 5 8 9 4 18 9 10 14 10 8 10 9 8 10 5 12 7 8 8 6 7 13 7 7 10 12 11 11 9 7 8 5 8 9 12 8 9 12 5 15 6 9 8 11 9 8 6 8 11 10 10 14 7 10 8 7 8 10 12 8 10 6 9 7 11 11 11 10 11 7 12 7 9 15 16 11 10 7 15 11 4 13 11 11 12 12 16 8 6 7 8 12 14 9 13 12 8 8 10 5 9 14 10 8 14 10 13 7 8 7 10 13 7 12 3 4 13 7 9 9 12 8 13 7 13 9 7 8 2 11 7 8 6 9 8 12 8 10 8 16 11 11 8 10 12 7 7 12 11 8 9 10 7 9 12 10 12 6 13 8 9 12 9 10 8 10 7 7 10 8 11 6 9 17 11 13 10 10 10 9 5 11 8 9 
9 9 6 9 11 11 5 6 2 9 10 5 10 11 6 8 5 3 9 11 8 9 7 10 7 8 6 7 3 9 4 6 13 8 7 6 11 5 4 9 9 9 8 7 11 10 7 6 10 6 9 12 4 10 5 6 9 9 9 12 11 8 6 13 2 11 7 9 8 9 9 8 9 6 12 6 5 9 3 10 12 7 8 9 11 8 9 10 14 10 5 7 5 8 10 9 5 6 5 8 6 10 7 12 8 10 7 10 8 8 7 8 10 6 12 8 1 4 11 6 8 6 7 8 14 10 6 10 7 7 6 4 13 8 9 11 11 6 6 6 7 11 9 7 8 8 9 10 4 6 6 5 7 6 3 9 14 10 7 8 11 9 12 5 7 7 9 10 9 6 2 5 9 6 9 8 9 6 3 5 10 9 9 11 3 12 5 9 7 12 10 4 4 8 4 10 8 11 6 3 
9 6 13 11 9 14 6 8 7 13 14 13 11 11 4 12 5 14 17 7 11 12 11 11 11 9 9 9 11 9 13 11 14 17 10 8 7 5 10 9 10 11 12 13 9 10 9 10 12 8 7 9 11 12 9 11 9 17 10 9 11 14 11 12 6 4 10 6 13 8 13 4 11 10 9 11 17 15 10 13 12 19 13 8 9 12 16 14 9 4 11 6 10 14 13 7 6 8 8 2 10 19 16 15 9 5 8 11 12 14 10 12 7 13 14 8 12 11 3 4 7 5 10 8 10 13 9 4 15 13 8 10 12 8 14 7 6 9 4 4 12 9 11 12 6 12 9 7 15 11 7 13 12 6 8 12 10 14 2 6 13 9 10 12 8 15 10 4 11 9 9 10 7 18 7 6 6 11 5 1 11 12 13 9 11 12 9 13 13 9 8 12 8 11 5 12 10 11 15 10 
8 10 6 8 10 4 9 7 10 11 10 7 8 8 8 10 7 8 6 10 10 10 4 10 9 3 1 15 7 5 6 9 5 10 8 9 9 13 4 3 10 3 9 10 8 7 9 13 7 9 7 5 8 5 6 11 5 10 5 8 3 7 9 8 8 8 11 10 10 6 9 7 8 9 3 12 5 5 7 6 12 6 8 8 3 8 13 7 10 7 9 9 7 10 7 8 6 5 5 6 8 15 14 14 9 10 7 12 10 4 10 7 7 5 7 8 5 8 10 8 10 9 6 4 9 7 12 11 11 11 5 4 10 11 12 8 8 10 12 10 7 7 8 3 8 8 7 7 8 8 10 3 1 7 7 8 5 12 9 8 4 11 5 11 9 9 7 9 9 16 11 7 9 13 7 7 4 8 5 7 7 9 7 7 7 9 6 7 9 9 9 10 9 7 8 6 11 7 4 8 
5 3 4 2 2 4 5 5 5 6 5 5 6 5 4 4 5 4 4 3 3 6 4 3 5 6 4 4 4 3 5 5 5 5 4 3 3 1 5 3 2 5 4 2 4 4 3 3 6 5 3 3 2 4 4 5 6 4 0 4 6 3 4 3 3 4 6 4 6 4 4 3 5 4 3 6 6 2 3 4 2 3 4 4 3 5 3 5 4 5 4 5 3 4 4 2 4 6 5 4 2 3 3 6 2 2 5 5 3 5 5 5 4 5 5 2 0 5 4 4 5 4 3 4 3 5 5 5 2 4 2 5 5 5 4 4 3 4 5 6 2 5 4 3 4 4 5 6 4 5 3 7 3 3 3 3 3 3 3 4 3 3 5 6 3 4 4 4 4 5 3 5 5 4 4 2 3 5 7 5 5 2 5 3 3 4 6 5 4 3 5 2 2 5 4 4 5 6 3 5 
3 4 9 4 6 7 8 6 5 4 3 6 4 5 6 3 8 10 5 12 7 8 2 4 7 5 6 3 4 3 4 8 6 7 7 3 5 6 7 5 2 6 7 5 4 7 4 7 4 8 1 5 7 5 8 5 6 4 6 6 6 3 6 3 4 5 5 6 7 7 6 8 7 8 2 7 6 8 6 9 6 7 6 8 4 4 6 7 10 4 6 4 7 7 8 5 5 2 4 7 8 8 5 5 7 2 5 4 4 6 6 6 4 6 7 5 5 10 8 12 5 6 5 9 9 5 4 5 8 7 7 9 8 7 8 7 5 8 8 5 7 5 1 5 6 8 3 5 8 3 7 10 2 4 4 6 6 8 5 6 6 3 4 5 6 5 7 6 10 5 7 9 7 6 8 5 5 5 8 9 7 3 7 5 5 7 5 5 6 9 3 7 7 5 5 7 6 7 7 5 
4 4 3 3 3 5 3 4 2 7 4 5 6 4 5 4 3 5 6 5 2 2 4 5 6 5 1 7 1 5 4 5 3 7 6 5 4 3 7 2 2 3 4 3 5 6 3 4 2 5 3 4 5 5 2 2 5 6 4 1 3 6 3 2 3 2 2 2 3 4 5 3 4 4 3 5 3 4 2 4 2 5 4 5 3 3 2 8 4 1 5 3 6 2 4 5 3 5 5 5 5 5 6 3 5 3 7 5 5 6 3 4 4 4 2 3 5 6 3 4 7 4 3 4 5 3 3 5 2 5 3 5 3 4 8 3 4 4 2 4 5 4 4 4 4 4 3 3 6 2 4 2 3 5 2 4 4 2 4 2 3 4 4 4 3 4 5 4 5 3 3 3 5 5 3 3 3 4 4 5 4 2 3 2 7 4 4 7 4 2 4 3 4 4 5 5 5 5 3 2 
8 6 13 4 12 5 9 8 5 7 9 8 8 10 10 9 11 10 10 5 8 11 8 8 6 6 8 7 3 11 11 5 12 5 15 5 8 8 8 5 8 7 11 9 7 10 11 6 8 3 9 9 8 10 9 9 13 7 13 6 6 4 8 8 7 12 12 4 7 7 9 8 11 9 12 7 10 5 12 10 10 8 8 8 10 7 7 5 8 12 8 12 8 7 10 8 8 5 8 6 9 5 12 9 9 10 12 8 9 9 11 5 9 7 13 11 10 7 13 13 8 13 13 6 6 8 8 7 7 6 6 7 7 7 4 8 7 5 6 7 14 8 7 5 4 7 5 8 8 4 8 9 11 9 9 7 12 11 4 11 5 4 9 8 3 5 5 8 6 11 9 8 8 10 12 10 11 9 10 10 11 13 7 6 11 11 9 10 9 5 6 8 6 9 6 6 11 8 6 9 
4 4 3 3 3 1 3 3 3 2 3 3 2 2 2 2 2 4 4 2 3 3 2 2 4 2 2 2 3 3 4 1 4 3 1 3 2 3 4 4 3 3 3 2 3 3 3 5 4 2 3 4 1 3 1 3 4 4 4 4 3 2 3 2 3 4 2 2 3 4 3 2 4 1 2 2 3 5 2 4 2 4 3 5 2 5 2 3 3 4 3 5 3 3 5 5 3 3 3 2 4 3 3 2 4 5 4 4 3 3 1 3 2 3 3 2 3 3 2 3 3 3 3 3 1 1 4 4 4 5 3 3 4 2 2 2 4 2 3 2 2 1 4 3 4 2 3 3 2 5 4 4 2 2 3 3 4 3 5 2 3 4 4 3 2 4 2 3 3 2 3 1 3 5 4 4 4 0 4 3 4 3 2 4 2 3 3 4 4 3 2 3 5 2 2 3 2 3 4 3 
8 6 7 6 8 12 9 8 7 2 6 8 6 5 7 5 9 6 5 7 7 4 6 6 8 3 7 6 8 8 6 7 5 0 0 7 6 10 5 5 9 8 4 4 7 10 3 8 6 3 11 7 8 4 3 3 10 9 11 9 7 7 3 3 6 9 5 2 9 12 4 5 5 2 10 11 6 8 8 9 5 7 8 6 6 5 5 5 4 6 4 12 6 5 5 7 7 11 7 4 4 2 6 5 6 4 8 7 6 10 10 8 6 10 7 5 5 5 7 7 8 7 8 7 7 6 8 6 8 9 5 10 6 3 8 8 8 7 9 9 8 3 6 2 9 8 6 6 10 8 10 5 4 6 10 6 5 8 6 6 8 5 6 9 4 7 8 4 8 8 8 8 8 7 6 5 9 6 5 6 8 4 10 6 5 9 8 5 5 4 9 5 8 8 12 7 6 4 11 9 
4 3 9 7 3 1 8 5 8 10 1 4 8 6 4 1 4 6 6 8 4 8 4 7 6 7 5 6 6 5 5 5 5 7 7 7 5 4 7 7 7 7 7 5 6 4 5 8 10 3 8 7 5 6 3 5 7 4 6 6 8 4 3 7 7 9 6 9 4 6 2 6 5 6 7 10 8 10 6 4 5 8 5 7 8 7 7 6 5 5 6 2 0 5 3 8 6 6 6 6 2 4 5 7 8 3 6 7 3 7 6 2 5 7 6 8 4 7 5 7 8 4 7 9 7 6 1 5 5 7 7 8 7 3 6 6 5 5 3 7 8 10 6 7 6 5 5 10 1 8 5 4 7 3 5 9 4 8 6 7 6 5 9 4 7 4 10 5 7 3 6 5 5 3 9 5 8 8 7 7 7 8 7 6 4 3 6 6 2 6 4 10 5 7 5 7 6 6 3 5 
4 5 5 5 6 4 4 3 1 2 3 4 6 3 2 5 5 6 4 3 3 3 5 4 5 5 4 2 5 4 4 1 5 5 7 5 5 4 4 4 5 5 2 5 4 3 4 3 5 4 5 4 5 3 7 4 4 6 5 3 2 3 4 3 6 3 3 5 4 6 4 4 3 4 5 5 2 3 5 6 3 6 3 3 2 5 3 3 5 4 4 2 2 3 3 2 5 4 1 5 3 5 6 3 3 3 5 4 3 5 3 5 3 3 5 2 5 5 7 4 2 4 5 3 7 5 3 2 3 4 5 6 4 5 5 3 5 5 4 3 3 3 3 8 5 2 4 3 6 3 6 5 6 5 4 6 4 4 3 4 3 4 5 4 3 3 1 2 6 5 3 4 3 4 6 2 6 4 3 4 4 3 3 3 3 3 4 5 7 4 2 7 3 5 2 6 4 2 1 4 
11 12 17 11 4 0 17 6 7 11 9 15 4 6 9 12 5 12 13 10 15 10 8 15 8 12 11 13 17 13 10 8 7 14 12 12 5 6 9 10 12 4 7 16 14 10 14 8 11 10 7 13 10 7 14 8 7 8 6 7 12 18 6 10 10 10 10 3 5 12 11 11 9 8 7 5 11 10 4 7 3 13 7 5 12 5 16 11 8 15 15 6 13 14 5 8 13 9 12 14 13 11 6 6 10 8 12 9 10 12 12 9 11 10 14 12 18 12 11 17 12 14 13 13 3 3 5 10 11 8 10 13 10 10 11 9 9 12 12 11 13 15 10 14 12 10 14 12 8 12 8 2 8 8 5 11 6 4 12 10 10 12 10 12 7 8 8 18 12 9 9 11 12 14 8 17 12 6 10 9 9 11 9 14 14 8 4 7 13 12 4 19 5 9 10 9 11 11 16 14 
4 3 7 6 3 5 5 2 5 4 3 5 4 4 2 4 2 3 8 3 3 3 5 2 2 3 3 5 2 4 4 5 7 4 6 6 2 5 4 4 3 3 5 3 5 5 3 5 3 5 2 4 3 5 5 4 4 6 2 4 3 2 6 5 5 6 6 2 6 2 4 5 3 6 3 5 6 2 3 5 4 3 6 3 4 6 3 2 3 5 4 5 3 7 4 3 7 4 4 3 3 3 5 2 3 4 3 7 5 5 3 3 2 4 3 6 5 6 5 3 4 2 3 3 4 2 5 6 4 4 5 4 6 3 5 4 3 2 3 4 3 1 3 4 5 3 4 6 5 4 4 2 4 4 4 3 4 7 7 5 4 5 2 2 7 5 5 4 5 6 5 5 3 5 5 6 3 2 4 3 2 2 5 2 4 5 4 2 4 6 3 3 3 4 4 5 4 5 2 3 
6 6 7 9 7 5 6 6 7 8 5 5 7 6 4 12 4 4 6 7 4 4 7 7 6 9 8 9 7 8 7 4 4 7 7 8 5 8 4 7 6 8 8 8 6 5 7 3 9 10 3 5 7 4 7 9 4 9 8 6 8 6 7 3 4 5 9 7 6 8 4 6 7 6 7 7 6 7 8 5 6 3 6 7 7 7 8 2 6 6 4 5 4 9 4 6 5 7 7 2 5 4 5 6 7 6 7 5 1 6 6 6 7 5 10 4 10 7 9 3 5 5 4 3 6 6 7 6 5 7 8 7 5 5 8 3 3 7 8 7 5 3 8 9 10 5 9 7 2 8 7 7 5 7 4 4 4 10 7 3 4 7 3 6 10 9 4 3 2 1 8 5 7 9 4 3 4 8 7 6 8 9 5 9 5 7 7 5 6 8 7 8 7 5 7 6 3 4 5 6 
12 9 16 8 14 10 7 12 9 6 10 14 10 14 7 10 11 10 13 14 14 17 15 9 10 8 9 7 13 12 11 10 11 5 10 11 13 13 8 7 12 10 13 13 7 13 0 10 8 12 7 9 6 6 7 8 12 16 11 16 9 12 10 9 10 8 15 9 15 11 13 10 11 13 12 12 4 2 7 9 11 12 9 9 10 10 11 10 7 15 9 13 9 9 6 10 9 11 7 15 8 7 7 15 5 12 11 9 14 7 8 4 9 8 10 11 9 14 11 11 14 9 4 12 9 8 8 7 13 8 7 9 13 4 11 7 15 9 6 9 14 10 14 11 4 7 9 12 9 10 11 11 11 14 11 11 11 6 13 13 15 14 6 8 11 11 13 13 3 14 16 9 8 4 9 10 9 10 11 10 7 6 13 2 15 9 8 3 16 10 14 10 9 8 10 7 7 13 14 11 
13 12 12 9 8 12 12 12 9 7 6 7 8 9 16 7 7 16 10 8 11 9 13 17 8 6 15 12 2 8 11 9 11 10 11 14 3 13 11 7 19 10 9 13 9 10 10 8 8 11 13 12 13 11 15 9 12 10 12 9 4 14 12 8 6 12 9 13 17 9 6 14 10 10 9 7 4 9 15 8 9 9 11 9 10 15 7 12 16 13 19 14 5 9 11 11 7 13 12 12 12 11 13 10 9 9 8 8 13 6 10 14 8 11 8 10 2 2 10 9 7 10 9 9 9 4 5 15 9 10 7 12 14 9 10 7 12 11 5 8 9 11 15 10 5 15 7 11 8 14 11 7 9 14 8 9 5 12 9 14 2 9 15 7 8 9 13 6 9 12 5 9 10 14 9 16 7 11 8 15 8 9 10 6 15 13 7 12 10 8 11 13 10 10 7 6 8 8 12 12 
6 3 4 3 4 4 6 3 3 3 5 5 4 5 3 2 4 4 2 6 4 2 3 2 5 4 6 7 2 4 5 3 4 3 6 5 4 3 2 5 7 2 4 6 4 3 2 4 6 3 6 3 0 2 4 3 2 2 3 6 5 6 3 3 5 5 3 4 3 5 7 4 3 3 3 2 4 6 2 4 4 3 4 3 6 4 4 3 5 5 4 4 4 6 5 5 5 6 3 2 4 3 4 4 3 4 4 5 4 2 5 2 3 3 4 3 4 4 3 6 6 3 3 2 4 1 4 5 3 3 5 5 5 5 6 6 5 3 4 4 3 2 4 5 3 2 3 3 4 1 5 4 2 2 5 4 6 5 5 5 5 4 3 4 2 6 4 4 6 2 5 5 4 3 3 6 6 3 5 3 4 4 2 6 5 1 5 3 3 5 6 2 4 5 4 4 4 4 5 3 
1 1 0 1 1 1 1 2 0 1 1 2 1 1 1 1 1 0 1 1 1 1 1 2 0 1 2 1 1 1 1 2 1 1 1 1 1 2 1 1 1 1 1 1 1 1 1 1 1 1 1 1 1 1 1 1 1 1 1 1 1 1 1 1 1 1 1 1 0 1 1 1 1 1 1 1 1 1 1 1 1 1 2 1 1 2 2 1 1 1 1 1 0 1 0 1 1 1 1 1 0 1 1 1 1 1 1 1 1 0 2 1 1 1 1 1 1 1 1 1 1 1 1 1 2 1 1 1 1 1 1 1 1 1 1 1 1 1 1 1 1 1 1 1 1 1 1 1 1 1 1 1 1 1 1 1 1 2 1 1 1 2 2 2 1 1 1 1 1 1 1 1 1 1 1 1 1 1 1 1 1 1 1 1 1 1 1 1 1 1 1 1 1 2 1 1 1 1 1 1 
3 2 2 1 2 2 2 1 3 1 2 1 1 3 2 3 4 2 2 2 4 3 2 2 2 2 2 2 1 2 1 2 3 2 0 3 3 2 2 1 3 3 1 2 1 2 2 3 3 2 2 2 3 3 3 2 1 3 2 2 2 2 2 2 2 3 1 2 2 3 1 2 1 2 1 2 2 1 1 2 3 2 1 1 3 3 2 3 2 1 3 2 2 1 2 2 3 3 2 1 3 2 2 1 3 2 3 2 2 2 2 2 1 2 3 3 2 1 3 1 2 2 0 2 3 3 2 3 1 3 1 2 2 3 2 2 2 1 1 1 2 1 2 2 2 3 2 3 2 3 3 1 3 1 3 3 2 2 2 1 2 2 2 2 1 2 4 3 3 2 1 2 1 3 3 2 2 2 3 2 2 2 1 1 2 1 3 2 3 2 2 1 3 3 2 3 1 2 1 3 
4 5 6 7 5 4 8 3 7 9 7 5 5 4 3 5 7 6 6 9 5 7 2 7 4 5 4 4 5 7 3 5 7 5 8 5 4 8 5 5 7 7 6 6 4 5 4 7 4 5 10 6 5 8 9 4 7 8 5 5 5 6 5 9 7 9 6 5 7 3 3 4 9 5 11 2 9 5 6 5 7 7 8 6 6 5 6 9 7 5 8 7 5 6 8 5 8 6 6 8 8 7 6 5 5 6 7 7 3 4 8 6 4 7 5 7 7 4 5 8 4 5 7 7 6 3 9 9 3 8 3 7 7 6 7 5 7 8 9 6 4 7 7 8 6 2 6 7 8 6 7 3 7 9 8 5 3 7 8 7 9 11 7 9 6 7 5 6 4 6 9 6 7 5 6 3 6 4 5 6 6 9 5 8 6 9 7 9 8 1 4 3 7 7 8 8 7 7 3 6 
2 5 4 6 4 4 6 1 6 4 3 3 4 3 3 6 5 5 5 4 2 6 3 6 6 5 3 3 3 3 5 3 5 2 4 5 3 4 4 3 8 6 6 4 3 3 3 5 4 5 3 5 5 4 2 5 6 3 3 3 2 1 4 3 3 3 3 6 3 6 4 1 4 3 5 5 7 5 4 4 5 3 5 2 6 5 5 5 3 6 6 5 7 3 6 5 6 3 4 5 2 4 4 2 3 4 3 2 1 6 2 2 4 5 5 4 3 5 6 5 5 3 6 4 6 3 1 2 6 3 3 3 6 5 3 2 4 2 5 3 4 3 7 3 5 4 3 2 6 4 4 4 4 2 5 3 4 4 5 4 4 4 6 2 8 3 4 4 4 4 5 3 4 3 5 5 3 5 3 2 5 5 2 3 5 3 5 3 6 2 6 6 5 3 5 3 5 3 3 6 
3 3 2 4 5 6 7 4 6 6 6 4 6 6 4 4 8 5 6 9 8 2 5 5 4 1 4 6 5 5 4 7 4 7 3 3 5 6 5 7 3 6 6 4 6 6 4 6 6 6 7 5 2 8 2 5 4 5 5 5 7 5 5 5 4 3 6 6 6 3 6 5 5 4 6 6 6 5 3 8 5 4 5 4 6 5 2 5 6 5 7 6 4 4 2 6 5 3 4 5 4 2 4 2 5 3 4 4 5 2 5 6 4 5 4 6 4 5 6 5 2 5 2 4 5 8 4 6 6 4 6 4 5 5 3 6 5 5 4 5 2 3 4 5 5 4 6 4 5 5 4 3 4 3 8 4 7 4 6 5 7 5 5 7 9 6 4 5 7 6 2 6 5 6 3 4 6 7 3 4 5 4 7 3 7 8 4 6 8 4 3 8 5 4 4 7 4 4 6 4 
15 7 14 16 3 15 5 12 13 9 3 10 14 11 9 12 12 10 13 7 13 14 8 11 13 4 10 4 13 13 6 12 6 14 9 4 5 12 1 9 10 6 6 7 10 12 6 12 9 9 10 13 11 9 8 15 12 10 17 16 12 12 4 12 8 11 11 5 14 5 8 12 7 17 7 11 8 10 8 5 10 16 9 19 14 11 13 10 13 6 12 6 11 9 13 8 8 19 10 9 7 7 12 9 8 11 12 16 8 12 9 11 5 14 14 8 7 9 9 13 13 8 7 12 5 9 7 10 6 12 10 9 13 11 10 11 14 12 8 11 0 6 12 9 12 8 4 12 11 5 6 13 13 18 12 11 6 17 15 11 11 8 10 9 12 8 13 9 10 8 6 5 9 9 11 8 6 9 14 3 13 12 11 13 18 11 3 6 14 6 10 13 12 11 17 11 16 9 13 14 
9 7 12 9 8 11 8 14 8 10 3 6 12 12 5 10 6 8 7 13 9 10 8 5 9 11 8 10 10 13 5 8 17 8 4 9 9 9 7 10 8 8 10 12 9 12 8 9 11 10 10 11 12 10 12 10 7 5 5 15 10 7 13 10 7 10 7 10 7 6 7 10 4 10 14 5 9 7 12 8 13 7 9 10 4 12 3 11 4 14 10 17 10 5 5 10 8 8 10 7 11 2 3 11 11 6 11 10 7 6 12 19 6 9 12 8 12 10 8 13 10 10 9 9 7 4 8 8 10 8 4 11 9 11 9 7 9 6 10 13 6 13 9 9 8 10 12 10 9 14 5 13 9 11 10 8 8 11 10 10 7 12 11 10 4 5 12 6 11 7 11 11 11 9 12 9 7 8 3 8 4 12 3 5 12 11 6 9 11 6 12 16 5 11 5 9 14 6 11 12 
2 2 3 1 2 4 4 2 2 3 3 3 2 4 4 4 2 3 6 2 3 4 3 5 2 3 3 2 1 4 3 5 2 4 2 3 1 3 3 4 5 3 5 2 2 4 4 4 3 3 4 4 2 2 3 4 4 3 2 3 4 2 3 3 4 2 3 3 3 3 2 3 2 3 3 2 4 2 3 4 3 4 4 2 4 3 1 3 4 4 2 2 2 3 3 4 4 5 4 4 5 2 3 2 5 2 2 2 4 2 3 3 4 3 3 6 3 3 2 2 4 3 4 3 3 4 3 4 3 1 2 3 3 2 4 2 4 4 4 4 5 2 4 2 4 4 2 2 3 3 4 1 2 2 3 2 3 4 4 2 1 4 3 3 2 3 3 2 4 5 3 1 3 2 2 1 3 4 4 2 2 4 2 2 4 3 3 5 3 4 3 5 2 4 5 4 3 2 2 4 
5 5 7 5 3 4 4 5 5 4 1 5 3 7 4 1 8 7 4 4 4 6 5 8 6 9 4 8 7 6 6 7 6 4 6 2 8 5 5 4 6 4 7 7 4 2 8 7 5 7 5 4 8 5 10 7 8 6 4 7 3 5 5 5 7 7 7 1 3 8 3 9 6 8 7 4 8 7 9 4 6 5 10 4 6 4 6 7 5 5 8 3 7 3 5 6 5 3 11 6 6 7 6 8 5 7 5 8 11 5 8 4 9 3 5 4 5 3 6 6 1 4 6 4 8 3 8 4 9 8 7 6 4 5 6 5 6 12 5 3 4 9 10 8 5 7 6 6 5 7 3 6 6 8 6 6 3 7 10 5 6 5 12 6 8 6 5 7 8 5 7 5 6 5 3 3 8 2 5 2 8 1 6 5 7 7 2 7 7 10 4 4 7 6 5 1 6 6 8 8 
