NAME  : Jabali_50_3_0.85_1_0
TYPE : SVRP
MODEL : FINITE_SUPPORT
NUMBER_OF_SCENARIOS : 200
DIMENSION : 50
EDGE_WEIGHT_TYPE : MATRIX
CAPACITY : 98
N_VEHICLES : 3
NODE_COORD_SECTION
1 4158 3019
2 1808 3082
3 1802 919
4 4592 7340
5 5538 7726
6 2663 6811
7 7836 4198
8 5318 3451
9 5621 4807
10 3063 1772
11 6085 6879
12 1778 1298
13 6630 6172
14 5458 3454
15 27 5727
16 6983 2326
17 554 2491
18 507 2544
19 5035 7643
20 2249 6754
21 196 5169
22 2627 1728
23 7302 2279
24 5566 6658
25 4893 2291
26 1816 4728
27 5661 6232
28 5535 7896
29 2639 2590
30 7443 1794
31 5761 2928
32 3827 1450
33 4074 3663
34 2360 18
35 1905 6138
36 3132 6081
37 948 1873
38 5339 4738
39 4483 4985
40 216 4006
41 2125 930
42 7163 4464
43 2461 6741
44 3412 2661
45 2132 6940
46 1692 3929
47 1315 5396
48 4195 6609
49 3077 2239
50 4583 272
DEMAND_SECTION
1 0.0
2 2.0
3 9.0
4 2.0
5 10.0
6 2.0
7 10.0
8 5.0
9 2.0
10 5.0
11 6.0
12 9.0
13 8.0
14 10.0
15 1.0
16 5.0
17 6.0
18 3.0
19 2.0
20 1.0
21 6.0
22 4.0
23 1.0
24 6.0
25 8.0
26 2.0
27 7.0
28 4.0
29 4.0
30 6.0
31 2.0
32 7.0
33 5.0
34 2.0
35 9.0
36 5.0
37 5.0
38 5.0
39 8.0
40 7.0
41 5.0
42 1.0
43 10.0
44 8.0
45 6.0
46 2.0
47 7.0
48 7.0
49 2.0
50 3.0
DEVIATION_SECTION
1 0.0
2 0.666667
3 3.0
4 0.666667
5 3.33333
6 0.666667
7 3.33333
8 1.66667
9 0.666667
10 1.66667
11 2.0
12 3.0
13 2.66667
14 3.33333
15 0.333333
16 1.66667
17 2.0
18 1.0
19 0.666667
20 0.333333
21 2.0
22 1.33333
23 0.333333
24 2.0
25 2.66667
26 0.666667
27 2.33333
28 1.33333
29 1.33333
30 2.0
31 0.666667
32 2.33333
33 1.66667
34 0.666667
35 3.0
36 1.66667
37 1.66667
38 1.66667
39 2.66667
40 2.33333
41 1.66667
42 0.333333
43 3.33333
44 2.66667
45 2.0
46 0.666667
47 2.33333
48 2.33333
49 0.666667
50 1.0
DISTANCE_MATRIX
0.0 31.0644 42.5844 58.4224 66.0681 57.828 52.4976 17.72 31.0483 23.8293 58.1808 40.1123 54.4059 18.0278 66.5813 44.5726 49.2443 49.2443 63.0019 60.8768 60.5649 27.2947 47.8346 52.6972 14.2195 42.6205 48.3735 67.4759 20.6155 50.7106 22.0227 26.9545 9.48683 55.3289 60.9487 46.6688 46.0977 28.4605 26.2506 53.9089 40.1486 45.7056 59.3049 11.1803 67.279 34.4088 51.4672 48.7415 18.1108 41.8917 
31.0644 0.0 28.8444 69.4622 81.098 51.8768 82.8834 48.3011 56.7186 23.3452 77.7817 24.4131 78.0064 48.7647 42.0 72.8542 19.2354 19.2354 76.0005 50.7741 35.0571 21.0238 76.1161 71.0211 45.2751 24.4131 68.3593 82.3396 13.4164 78.9921 53.0849 32.9637 30.6858 41.6293 40.8298 44.4185 20.2485 53.6004 45.0111 24.5967 29.0689 75.4271 52.0019 24.2074 51.0729 11.6619 29.6833 58.3241 20.6155 51.9711 
42.5844 28.8444 0.0 95.3109 105.143 79.3966 92.4392 59.0339 73.5459 20.025 99.5662 4.47214 96.7729 59.0085 67.9117 70.5195 27.1662 27.1662 100.912 79.3019 60.6383 15.2971 73.3894 93.6173 44.2832 53.2541 89.7186 106.489 25.0599 74.7329 59.4138 27.8927 47.7598 14.0357 69.3576 71.6905 17.2627 70.8308 66.4975 46.2709 3.60555 87.0057 79.9373 31.4161 79.6007 40.4969 58.1808 84.6811 24.5153 37.4833 
58.4224 69.4622 95.3109 0.0 13.1529 28.8617 61.1882 53.3104 36.8782 79.7035 20.6155 91.6788 31.305 54.231 65.7343 74.1485 86.4002 86.4002 7.0 33.2415 66.4831 81.3519 76.7919 16.1555 66.5733 50.5854 20.3961 14.0357 70.2514 82.8734 61.6847 79.9631 51.8573 104.674 40.1123 26.3059 89.6939 36.6879 32.2025 75.1665 93.7295 52.469 31.0483 68.7441 34.7851 60.4401 52.0 11.1803 74.2501 94.8683 
66.0681 81.098 105.143 13.1529 0.0 41.9762 58.0086 58.0086 39.9625 89.5311 14.0 101.518 26.0192 58.8218 78.8543 75.6108 98.4886 98.4886 6.32456 46.3249 79.6304 91.1794 77.7946 14.7648 72.9178 63.2052 20.1246 1.41421 80.0951 83.8153 65.5134 87.0237 59.5034 115.132 53.2353 39.0512 101.325 40.8044 40.0 88.0511 103.676 50.3587 44.1475 76.3902 47.8017 72.5672 65.0308 23.1948 84.0776 101.316 
57.828 51.8768 79.3966 28.8617 41.9762 0.0 78.032 56.7 47.4236 66.7211 47.0106 75.2213 54.6717 57.6995 36.8782 81.9224 63.3207 63.3207 35.6931 4.47214 38.0132 67.015 84.9152 40.4969 66.6914 36.9535 41.8688 42.7551 56.0303 90.884 65.6961 75.2526 51.2629 90.2957 12.6491 11.1803 69.768 45.31 34.2053 48.5077 78.6707 68.6003 2.23607 60.2722 6.40312 42.051 25.0 21.6333 61.4988 94.3636 
52.4976 82.8834 92.4392 61.1882 58.0086 78.032 0.0 34.7851 31.241 72.6911 44.0114 90.934 32.0624 34.4819 107.94 28.178 101.592 101.592 60.208 81.8352 104.634 77.9295 28.0179 45.3982 48.1664 83.6773 40.7922 59.0339 73.0821 32.5576 33.0606 65.0308 53.2353 93.1343 81.6884 67.6757 98.4968 33.9706 46.0109 102.982 89.2749 9.43398 79.925 62.835 84.0595 82.2788 90.5453 59.2368 73.433 68.4105 
17.72 48.3011 59.0339 53.3104 58.0086 56.7 34.7851 0.0 18.3848 39.0128 47.3814 57.0351 40.8167 1.0 79.6848 27.2511 66.8506 66.8506 56.4358 59.7488 74.4173 44.0114 30.2439 43.4166 16.5529 53.4605 38.2884 59.4054 38.3275 36.2127 9.0 33.2415 19.799 62.0967 58.442 45.5408 63.7887 17.2047 23.0868 70.938 56.1427 28.1603 58.1769 28.1862 61.9698 51.4379 64.4237 45.3542 35.1757 44.0569 
31.0483 56.7186 73.5459 36.8782 39.9625 47.4236 31.241 18.3848 0.0 54.8013 29.0 70.859 23.4094 19.105 76.6993 37.3363 75.9539 75.9539 39.0 51.0 75.1935 58.2495 40.1123 25.2389 34.4093 52.4858 20.0 41.3401 50.0899 46.1736 25.5539 50.0899 27.0185 78.5601 50.448 36.7151 75.0267 3.16228 14.8661 73.8318 71.1206 21.9317 49.1935 42.2019 53.2353 53.4883 59.3045 31.0644 49.0306 62.334 
23.8293 23.3452 20.025 79.7035 89.5311 66.7211 72.6911 39.0128 54.8013 0.0 81.0988 18.2483 78.0703 39.0 65.123 52.3259 34.7131 34.7131 85.3045 67.1536 58.3095 5.38516 55.4707 75.361 24.7386 44.1475 71.2513 90.8768 11.1803 57.6888 39.8121 10.6301 29.5478 25.807 62.539 59.3921 28.0179 52.1133 48.7755 47.4342 17.2627 67.0298 67.2618 12.6609 69.183 33.0606 51.3925 69.0737 5.84162 28.6356 
58.1808 77.7817 99.5662 20.6155 14.0 47.0106 44.0114 47.3814 29.0 81.0988 0.0 96.3917 12.0416 48.0833 83.006 62.6498 96.3329 96.3329 17.088 51.4782 82.5651 84.3902 64.622 7.07107 63.2535 63.6396 9.84886 15.0333 74.955 70.5762 54.037 78.2573 52.0088 106.699 56.3028 40.8044 97.6729 30.6105 33.5261 88.6848 97.3777 36.4966 49.2443 68.8767 53.3385 71.007 66.9403 25.4951 75.2645 91.3117 
40.1123 24.4131 4.47214 91.6788 101.518 75.2213 90.934 57.0351 70.859 18.2483 96.3917 0.0 93.9415 57.0789 63.561 70.0071 23.5372 23.5372 97.2798 74.8315 56.2939 13.0384 73.0068 90.0061 42.9535 48.8262 86.656 102.859 21.5407 74.7061 58.0517 27.313 44.643 18.2483 64.8871 67.5206 13.9284 68.0661 62.8863 42.107 6.08276 85.1469 75.7619 29.0172 75.1303 36.0555 53.7122 81.049 22.0227 39.2046 
54.4059 78.0064 96.7729 31.305 26.0192 54.6717 32.0624 40.8167 23.4094 78.0703 12.0416 93.9415 0.0 41.3401 89.0674 52.4786 97.0824 97.0824 28.8617 59.0339 87.7597 81.4923 54.1202 15.2643 57.3062 67.3573 12.8062 27.0 72.8354 59.9333 46.0977 73.4098 49.5029 101.953 62.2656 46.6476 97.1854 25.9615 33.0606 91.9239 94.3896 25.0 56.8507 65.521 61.0737 72.8368 71.8708 33.2415 72.2772 84.8191 
18.0278 48.7647 59.0085 54.231 58.8218 57.6995 34.4819 1.0 19.105 39.0 48.0833 57.0789 41.3401 0.0 80.6365 26.492 67.2309 67.2309 57.3062 60.7483 75.3689 44.0454 29.4848 44.2041 16.1555 54.4122 39.0512 60.2163 38.6005 35.4536 8.0 32.9848 20.5183 61.8466 59.4415 46.5403 64.0312 18.0278 24.0832 71.4094 56.0803 28.0713 59.1764 28.375 62.9692 51.9093 65.3754 46.3249 39.3575 43.4836 
66.5813 42.0 67.9117 65.7343 78.8543 36.8782 107.94 79.6848 76.6993 65.123 83.006 63.561 89.0674 80.6365 0.0 106.441 43.382 43.382 72.5672 32.5576 7.28011 63.0079 109.434 76.1577 80.7958 28.555 76.4788 79.6241 54.3323 115.403 88.3887 74.3727 72.9288 81.7863 26.8328 42.4853 52.5547 74.093 62.2923 22.8254 69.2315 98.6083 34.7131 62.8172 31.257 32.5576 19.2094 57.5847 61.5224 93.5466 
44.5726 72.8542 70.5195 74.1485 75.6108 81.9224 28.178 27.2511 37.3363 52.3259 62.6498 70.0071 52.4786 26.492 106.441 0.0 85.9441 85.9441 75.6902 84.9724 101.174 57.6975 3.60555 61.0328 30.4197 80.2172 55.6597 76.896 59.9736 9.05539 22.2579 42.72 47.009 68.469 83.6656 70.7619 80.1311 38.0584 47.7515 98.4765 67.0522 29.0 83.3804 61.0289 87.1934 77.8702 91.1804 68.0748 54.2096 41.3038 
49.2443 19.2354 27.1662 86.4002 98.4886 63.3207 101.592 66.8506 75.9539 34.7131 96.3329 23.5372 97.0824 67.2309 43.382 85.9441 0.0 0.0 93.145 60.7454 36.2353 30.0 89.2061 89.4899 57.7403 37.1214 87.0919 99.6895 29.1548 91.772 71.1589 45.3431 49.5152 41.0488 50.8075 60.407 10.0 72.8354 64.0312 20.6155 29.6142 94.255 61.9796 40.4969 61.0328 25.9615 39.2046 75.4321 34.8281 61.2944 
49.2443 19.2354 27.1662 86.4002 98.4886 63.3207 101.592 66.8506 75.9539 34.7131 96.3329 23.5372 97.0824 67.2309 43.382 85.9441 0.0 0.0 93.145 60.7454 36.2353 30.0 89.2061 89.4899 57.7403 37.1214 87.0919 99.6895 29.1548 91.772 71.1589 45.3431 49.5152 41.0488 50.8075 60.407 10.0 72.8354 64.0312 20.6155 29.6142 94.255 61.9796 40.4969 61.0328 25.9615 39.2046 75.4321 34.8281 61.2944 
63.0019 76.0005 100.912 7.0 6.32456 35.6931 60.208 56.4358 39.0 85.3045 17.088 97.2798 28.8617 57.3062 72.5672 75.6902 93.145 93.145 0.0 40.025 73.437 86.9529 78.1025 15.0333 70.6045 57.4866 20.2237 7.07107 75.8524 84.1724 64.405 84.3244 56.4368 110.905 47.0956 33.2415 96.2277 39.3573 36.7696 82.1523 99.4498 52.0 37.855 73.3237 41.4849 67.1863 59.0 17.72 79.851 99.0202 
60.8768 50.7741 79.3019 33.2415 46.3249 4.47214 81.8352 59.7488 51.0 67.1536 51.4782 74.8315 59.0339 60.7483 32.5576 84.9724 60.7454 60.7454 40.025 0.0 34.0147 68.4135 87.9653 44.9444 69.7402 34.3847 46.2277 47.0744 57.0119 93.934 68.745 76.6511 54.3117 91.6942 10.0 14.3178 67.1992 48.7545 37.3363 45.2217 80.0692 72.4017 2.23607 61.6707 2.23607 39.4823 21.9317 26.0768 62.8973 95.8251 
60.5649 35.0571 60.6383 66.4831 79.6304 38.0132 104.634 74.4173 75.1935 58.3095 82.5651 56.2939 87.7597 75.3689 7.28011 101.174 36.2353 36.2353 73.437 34.0147 0.0 56.0089 104.167 75.5844 74.7795 23.2874 75.3923 80.5047 47.676 111.271 83.1212 67.6618 67.6613 74.5252 26.4764 41.7612 45.31 72.5873 60.7865 15.8114 61.9839 97.1025 36.0 56.6127 33.1361 26.2488 16.1245 57.4891 54.9181 86.8332 
27.2947 21.0238 15.2971 81.3519 91.1794 67.015 77.9295 44.0114 58.2495 5.38516 84.3902 13.0384 81.4923 44.0454 63.0079 57.6975 30.0 30.0 86.9529 68.4135 56.0089 0.0 60.8276 78.6523 30.0832 43.6578 74.5426 92.5252 11.4018 62.9682 45.1221 15.6205 32.6956 23.3452 61.311 59.6699 22.8035 55.5428 52.0668 44.1475 13.0 72.111 67.5556 16.1265 70.4429 31.7805 50.1646 70.7221 9.21954 31.9531 
47.8346 76.1161 73.3894 76.7919 77.7946 84.9152 28.0179 30.2439 40.1123 55.4707 64.622 73.0068 54.1202 29.4848 109.434 3.60555 89.2061 89.2061 78.1025 87.9653 104.167 60.8276 0.0 63.3246 33.6816 83.21 57.9741 79.0569 63.2355 6.08276 25.2508 45.6946 50.0018 70.859 86.6585 73.7547 83.3547 41.0 50.7443 101.738 69.8928 30.0 86.3732 64.2909 90.1862 80.863 94.1732 71.007 57.4716 43.0465 
52.6972 71.0211 93.6173 16.1555 14.7648 40.4969 45.3982 43.4166 25.2389 75.361 7.07107 90.0061 15.2643 44.2041 76.1577 61.0328 89.4899 89.4899 15.0333 44.9444 75.5844 78.6523 63.3246 0.0 58.6941 56.5685 5.38516 16.1245 68.5694 69.3758 50.774 73.1795 46.271 100.962 49.3964 33.8378 91.0055 26.2488 27.313 81.6149 91.6398 37.0135 42.72 63.1578 46.8722 64.0312 59.9083 18.868 69.5266 87.0 
14.2195 45.2751 44.2832 66.5733 72.9178 66.6914 48.1664 16.5529 34.4093 24.7386 63.2535 42.9535 57.3062 16.1555 80.7958 30.4197 57.7403 57.7403 70.6045 69.7402 74.7795 30.0832 33.6816 58.6941 0.0 56.8351 53.8145 74.3303 31.7697 36.5576 15.1327 17.1172 21.2611 45.8912 68.4334 55.5322 51.9477 32.6497 34.4819 68.1235 41.1096 43.1856 68.1683 32.8251 71.9611 48.6234 65.6818 57.2451 26.0058 28.4253 
42.6205 24.4131 53.2541 50.5854 63.2052 36.9535 83.6773 53.4605 52.4858 44.1475 63.6396 48.8262 67.3573 54.4122 28.555 80.2172 37.1214 37.1214 57.4866 34.3847 23.2874 43.6578 83.21 56.5685 56.8351 0.0 55.5428 64.2987 32.9848 89.1788 62.1644 52.8752 46.7045 65.7647 24.4403 24.3523 42.638 49.8796 38.0789 25.0799 53.3385 75.0831 35.6124 39.0416 34.6835 12.8062 13.2939 40.05 39.4588 72.0492 
48.3735 68.3593 89.7186 20.3961 20.1246 41.8688 40.7922 38.2884 20.0 71.2513 9.84886 86.656 12.8062 39.0512 76.4788 55.6597 87.0919 87.0919 20.2237 46.2277 75.3923 74.5426 57.9741 5.38516 53.8145 55.5428 0.0 21.4709 65.2193 64.0312 45.4863 68.5699 42.1613 96.8519 49.6488 34.0 88.1192 21.2132 23.7697 80.4114 87.5302 32.1403 44.0454 59.0339 48.2701 62.0725 59.507 20.5183 65.4169 82.0244 
67.4759 82.3396 106.489 14.0357 1.41421 42.7551 59.0339 59.4054 41.3401 90.8768 15.0333 102.859 27.0 60.2163 79.6241 76.896 99.6895 99.6895 7.07107 47.0744 80.5047 92.5252 79.0569 16.1245 74.3303 64.2987 21.4709 0.0 81.4409 85.0706 66.888 88.4376 60.911 116.477 54.1479 40.1123 102.567 42.2019 41.4005 89.0898 105.022 51.4782 44.911 77.7978 48.5077 73.7564 66.0076 24.3311 85.4234 102.728 
20.6155 13.4164 25.0599 70.2514 80.0951 56.0303 73.0821 38.3275 50.0899 11.1803 74.955 21.5407 72.8354 38.6005 54.3323 59.9736 29.1548 29.1548 75.8524 57.0119 47.676 11.4018 63.2355 68.5694 31.7697 32.9848 65.2193 81.4409 0.0 66.1115 42.3276 20.083 23.3452 34.7131 51.4181 48.3238 25.4951 47.1699 41.4496 38.0132 23.6008 66.2873 56.154 11.4018 59.0413 22.0 40.2717 59.6216 7.28011 39.257 
50.7106 78.9921 74.7329 82.8734 83.8153 90.884 32.5576 36.2127 46.1736 57.6888 70.5762 74.7061 59.9333 35.4536 115.403 9.05539 91.772 91.772 84.1724 93.934 111.271 62.9682 6.08276 69.3758 36.5576 89.1788 64.0312 85.0706 66.1115 0.0 31.2195 47.5079 55.9706 71.0634 92.6272 79.7235 85.703 47.0106 56.7131 104.614 71.1758 35.5106 92.342 67.1669 96.155 85.1144 100.142 77.026 60.0375 42.19 
22.0227 53.0849 59.4138 61.6847 65.5134 65.6961 33.0606 9.0 25.5539 39.8121 54.037 58.0517 46.0977 8.0 88.3887 22.2579 71.1589 71.1589 64.405 68.745 83.1212 45.1221 25.2508 50.774 15.1327 62.1644 45.4863 66.888 42.3276 31.2195 0.0 32.0 26.9258 60.407 68.4648 54.537 66.7785 25.0799 32.0624 75.9314 56.2228 28.6356 67.1731 47.6559 70.9659 56.4314 73.1276 54.1295 40.8366 40.5886 
26.9545 32.9637 27.8927 79.9631 87.0237 75.2526 65.0308 33.2415 50.0899 10.6301 78.2573 27.313 73.4098 32.9848 74.3727 42.72 45.3431 45.3431 84.3244 76.6511 67.6618 15.6205 45.6946 73.1795 17.1172 52.8752 68.5699 88.4376 20.083 47.5079 32.0 0.0 33.9961 28.8617 71.4894 67.8716 38.4187 47.8853 47.7615 57.3931 24.5153 60.2993 75.7932 21.1384 77.6614 42.083 60.3429 70.3398 14.3191 20.025 
9.48683 30.6858 47.7598 51.8573 59.5034 51.2629 53.2353 19.799 27.0185 29.5478 52.0088 44.643 49.5029 20.5183 72.9288 47.009 49.5152 49.5152 56.4368 54.3117 67.6613 32.6956 50.0018 46.271 21.2611 46.7045 42.1613 60.911 23.3452 55.9706 26.9258 33.9961 0.0 55.1484 53.0049 40.1037 48.0104 24.0 19.6855 65.9939 45.6946 45.31 52.7398 17.8045 56.5327 45.2907 57.6677 42.1764 23.7065 48.9333 
55.3289 41.6293 14.0357 104.674 115.132 90.2957 93.1343 62.0967 78.5601 25.807 106.699 18.2483 101.953 61.8466 81.7863 68.469 41.0488 41.0488 110.905 91.6942 74.5252 23.3452 70.859 100.962 45.8912 65.7647 96.8519 116.477 34.7131 71.0634 60.407 28.8617 55.1484 0.0 82.4356 82.8014 31.0644 76.2712 74.3761 60.2993 12.6491 88.955 90.8363 38.2615 92.6788 53.2259 71.2892 94.0445 31.4006 29.9666 
60.9487 40.8298 69.3576 40.1123 53.2353 12.6491 81.6884 58.442 50.448 62.539 56.3028 64.8871 62.2656 59.4415 26.8328 83.6656 50.8075 50.8075 47.0956 10.0 26.4764 61.311 86.6585 49.3964 68.4334 24.4403 49.6488 54.1479 51.4181 92.6272 68.4648 71.4894 53.0049 82.4356 0.0 15.6525 57.2549 47.8418 36.0411 35.9026 69.8357 72.3464 11.1803 57.3698 10.6301 29.5379 12.3693 31.0483 58.6892 90.6633 
46.6688 44.4185 71.6905 26.3059 39.0512 11.1803 67.6757 45.5408 36.7151 59.3921 40.8044 67.5206 46.6476 46.5403 42.4853 70.7619 60.407 60.407 33.2415 14.3178 41.7612 59.6699 73.7547 33.8378 55.5322 24.3523 34.0 40.1123 48.3238 79.7235 54.537 67.8716 40.1037 82.8014 15.6525 0.0 64.4127 34.4384 23.0868 49.0102 71.0109 58.2495 12.6491 52.5658 16.5529 34.5398 26.3059 16.0312 53.9406 83.2044 
46.0977 20.2485 17.2627 89.6939 101.325 69.768 98.4968 63.7887 75.0267 28.0179 97.6729 13.9284 97.1854 64.0312 52.5547 80.1311 10.0 10.0 96.2277 67.1992 45.31 22.8035 83.3547 91.0055 51.9477 42.638 88.1192 102.567 25.4951 85.703 66.7785 38.4187 48.0104 31.0644 57.2549 64.4127 0.0 72.0069 64.4981 30.0832 19.9249 91.7824 68.4269 36.0555 67.498 30.2324 46.0109 78.5493 29.5466 52.6972 
28.4605 53.6004 70.8308 36.6879 40.8044 45.31 33.9706 17.2047 3.16228 52.1133 30.6105 68.0661 25.9615 18.0278 74.093 38.0584 72.8354 72.8354 39.3573 48.7545 72.5873 55.5428 41.0 26.2488 32.6497 49.8796 21.2132 42.2019 47.1699 47.0106 25.0799 47.8853 24.0 76.2712 47.8418 34.4384 72.0069 0.0 12.0416 70.6862 68.4326 24.7588 47.0106 39.5601 50.9902 50.3289 56.6983 30.0167 46.3249 60.8112 
26.2506 45.0111 66.4975 32.2025 40.0 34.2053 46.0109 23.0868 14.8661 48.7755 33.5261 62.8863 33.0606 24.0832 62.2923 47.7515 64.0312 64.0312 36.7696 37.3363 60.7865 52.0668 50.7443 27.313 34.4819 38.0789 23.7697 41.4005 41.4496 56.7131 32.0624 47.7615 19.6855 74.3761 36.0411 23.0868 64.4981 12.0416 0.0 60.0951 65.0544 36.7696 35.7351 36.5724 39.5601 40.025 44.8976 22.8473 42.9411 62.6817 
53.9089 24.5967 46.2709 75.1665 88.0511 48.5077 102.982 70.938 73.8318 47.4342 88.6848 42.107 91.9239 71.4094 22.8254 98.4765 20.6155 20.6155 82.1523 45.2217 15.8114 44.1475 101.738 81.6149 68.1235 25.0799 80.4114 89.0898 38.0132 104.614 75.9314 57.3931 65.9939 60.2993 35.9026 49.0102 30.0832 70.6862 60.0951 0.0 48.0416 94.5145 46.8402 48.5489 44.9444 20.8087 23.5372 65.0 45.1885 75.9605 
40.1486 29.0689 3.60555 93.7295 103.676 78.6707 89.2749 56.1427 71.1206 17.2627 97.3777 6.08276 94.3896 56.0803 69.2315 67.0522 29.6142 29.6142 99.4498 80.0692 61.9839 13.0 69.8928 91.6398 41.1096 53.3385 87.5302 105.022 23.6008 71.1758 56.2228 24.5153 45.6946 12.6491 69.8357 71.0109 19.9249 68.4326 65.0544 48.0416 0.0 84.006 79.2113 28.9802 80.0788 40.7063 58.6893 83.0997 22.1359 33.9706 
45.7056 75.4271 87.0057 52.469 50.3587 68.6003 9.43398 28.1603 21.9317 67.0298 36.4966 85.1469 25.0 28.0713 98.6083 29.0 94.255 94.255 52.0 72.4017 97.1025 72.111 30.0 37.0135 43.1856 75.0831 32.1403 51.4782 66.2873 35.5106 28.6356 60.2993 45.31 88.955 72.3464 58.2495 91.7824 24.7588 36.7696 94.5145 84.006 0.0 70.4911 56.337 74.6257 73.8241 81.2136 49.98 63.3265 66.3099 
59.3049 52.0019 79.9373 31.0483 44.1475 2.23607 79.925 58.1769 49.1935 67.2618 49.2443 75.7619 56.8507 59.1764 34.7131 83.3804 61.9796 61.9796 37.855 2.23607 36.0 67.5556 86.3732 42.72 68.1683 35.6124 44.0454 44.911 56.154 92.342 67.1731 75.7932 52.7398 90.8363 11.1803 12.6491 68.4269 47.0106 35.7351 46.8402 79.2113 70.4911 0.0 60.8129 4.24264 40.71 23.4094 23.8537 62.0395 94.9672 
11.1803 24.2074 31.4161 68.7441 76.3902 60.2722 62.835 28.1862 42.2019 12.6609 68.8767 29.0172 65.521 28.375 62.8172 61.0289 40.4969 40.4969 73.3237 61.6707 56.6127 16.1265 64.2909 63.1578 32.8251 39.0416 59.0339 77.7978 11.4018 67.1669 47.6559 21.1384 17.8045 38.2615 57.3698 52.5658 36.0555 39.5601 36.5724 48.5489 28.9802 56.337 60.8129 0.0 63.7001 30.3645 47.8883 62.2454 7.0 40.3124 
67.279 51.0729 79.6007 34.7851 47.8017 6.40312 84.0595 61.9698 53.2353 69.183 53.3385 75.1303 61.0737 62.9692 31.257 87.1934 61.0328 61.0328 41.4849 2.23607 33.1361 70.4429 90.1862 46.8722 71.9611 34.6835 48.2701 48.5077 59.0413 96.155 70.9659 77.6614 56.5327 92.6788 10.6301 16.5529 67.498 50.9902 39.5601 44.9444 80.0788 74.6257 4.24264 63.7001 0.0 39.781 21.9545 28.0179 63.677 96.8353 
34.4088 11.6619 40.4969 60.4401 72.5672 42.051 82.2788 51.4379 53.4883 33.0606 71.007 36.0555 72.8368 51.9093 32.5576 77.8702 25.9615 25.9615 67.1863 39.4823 26.2488 31.7805 80.863 64.0312 48.6234 12.8062 62.0725 73.7564 22.0 85.1144 56.4314 42.083 45.2907 53.2259 29.5379 34.5398 30.2324 50.3289 40.025 20.8087 40.7063 73.8241 40.71 30.3645 39.781 0.0 18.3914 49.4773 29.0689 61.257 
51.4672 29.6833 58.1808 52.0 65.0308 25.0 90.5453 64.4237 59.3045 51.3925 66.9403 53.7122 71.8708 65.3754 19.2094 91.1804 39.2046 39.2046 59.0 21.9317 16.1245 50.1646 94.1732 59.9083 65.6818 13.2939 59.507 66.0076 40.2717 100.142 73.1276 60.3429 57.6677 71.2892 12.3693 26.3059 46.0109 56.6983 44.8976 23.5372 58.6893 81.2136 23.4094 47.8883 21.9545 18.3914 0.0 42.2966 47.2111 79.5169 
48.7415 58.3241 84.6811 11.1803 23.1948 21.6333 59.2368 45.3542 31.0644 69.0737 25.4951 81.049 33.2415 46.3249 57.5847 68.0748 75.4321 75.4321 17.72 26.0768 57.4891 70.7221 71.007 18.868 57.2451 40.05 20.5183 24.3311 59.6216 77.026 54.1295 70.3398 42.1764 94.0445 31.0483 16.0312 78.5493 30.0167 22.8473 65.0 83.0997 49.98 23.8537 62.2454 28.0179 49.4773 42.2966 0.0 63.6203 85.2771 
18.1108 20.6155 24.5153 74.2501 84.0776 61.4988 73.433 35.1757 49.0306 5.84162 75.2645 22.0227 72.2772 39.3575 61.5224 54.2096 34.8281 34.8281 79.851 62.8973 54.9181 9.21954 57.4716 69.5266 26.0058 39.4588 65.4169 85.4234 7.28011 60.0375 40.8366 14.3191 23.7065 31.4006 58.6892 53.9406 29.5466 46.3249 42.9411 45.1885 22.1359 63.3265 62.0395 7.0 63.677 29.0689 47.2111 63.6203 0.0 33.4931 
41.8917 51.9711 37.4833 94.8683 101.316 94.3636 68.4105 44.0569 62.334 28.6356 91.3117 39.2046 84.8191 43.4836 93.5466 41.3038 61.2944 61.2944 99.0202 95.8251 86.8332 31.9531 43.0465 87.0 28.4253 72.0492 82.0244 102.728 39.257 42.19 40.5886 20.025 48.9333 29.9666 90.6633 83.2044 52.6972 60.8112 62.6817 75.9605 33.9706 66.3099 94.9672 40.3124 96.8353 61.257 79.5169 85.2771 33.4931 0.0 
DEMAND_SCENARIO_SECTION
0 0 0 0 0 0 0 0 0 0 0 0 0 0 0 0 0 0 0 0 0 0 0 0 0 0 0 0 0 0 0 0 0 0 0 0 0 0 0 0 0 0 0 0 0 0 0 0 0 0 0 0 0 0 0 0 0 0 0 0 0 0 0 0 0 0 0 0 0 0 0 0 0 0 0 0 0 0 0 0 0 0 0 0 0 0 0 0 0 0 0 0 0 0 0 0 0 0 0 0 0 0 0 0 0 0 0 0 0 0 0 0 0 0 0 0 0 0 0 0 0 0 0 0 0 0 0 0 0 0 0 0 0 0 0 0 0 0 0 0 0 0 0 0 0 0 0 0 0 0 0 0 0 0 0 0 0 0 0 0 0 0 0 0 0 0 0 0 0 0 0 0 0 0 0 0 0 0 0 0 0 0 0 0 0 0 0 0 0 0 0 0 0 0 0 0 0 0 0 0 
2 3 1 3 4 2 1 1 3 1 1 2 3 1 3 2 2 2 2 3 1 2 1 3 2 2 2 3 1 1 1 3 1 2 1 2 2 1 2 1 1 2 2 2 2 2 3 2 3 3 2 2 4 3 3 2 1 3 2 4 2 3 2 2 3 2 2 3 2 2 2 2 0 1 2 2 2 2 2 2 2 1 2 3 3 3 2 2 3 1 2 2 4 2 3 3 3 1 2 2 3 2 2 2 2 2 1 1 2 1 1 3 3 2 1 2 2 3 2 2 2 3 2 2 2 2 3 2 1 4 2 1 2 1 2 2 2 2 1 2 3 2 2 3 2 2 2 3 1 1 3 2 2 2 2 2 3 2 2 2 1 1 0 2 2 2 2 2 2 3 1 1 1 2 2 3 2 2 2 1 1 1 2 1 3 2 1 2 1 2 3 1 2 3 1 2 3 2 2 1 
4 12 13 14 6 5 5 7 9 10 8 14 2 13 8 4 11 6 5 4 10 6 13 11 5 11 4 8 7 6 7 11 7 12 6 9 11 3 5 11 6 10 4 15 11 9 12 7 6 7 8 9 10 7 8 11 6 7 4 11 5 11 11 7 9 12 8 12 11 4 6 8 14 11 2 6 9 11 9 10 8 7 9 5 9 12 5 7 9 11 18 13 5 5 12 4 6 6 8 11 17 4 4 9 9 11 6 9 16 11 6 10 12 9 11 9 1 2 8 14 11 8 7 8 10 11 14 11 8 14 11 2 9 5 11 9 11 10 12 11 8 9 11 2 9 8 6 7 6 10 7 11 6 8 8 9 12 8 11 11 10 5 12 12 13 14 12 9 10 12 8 9 9 6 6 9 6 9 12 12 8 5 9 12 8 8 12 13 9 7 10 8 8 12 9 10 14 12 12 4 
3 3 1 2 2 1 3 1 1 2 4 2 1 2 2 2 2 2 2 3 3 3 2 1 2 2 2 2 2 2 3 2 2 3 1 3 2 2 2 2 2 2 2 2 3 2 3 2 2 2 3 0 1 2 1 2 1 2 3 2 4 3 2 2 2 1 2 2 2 2 2 2 1 3 2 3 1 2 2 2 2 3 3 2 2 2 1 2 2 2 2 4 2 2 2 2 2 1 2 1 2 3 2 2 2 3 3 3 3 1 1 1 2 3 1 2 3 1 2 2 2 1 3 2 2 2 1 3 2 2 2 2 3 1 2 1 3 1 2 2 3 0 2 2 1 2 2 2 2 1 1 2 2 2 2 3 2 2 1 2 2 1 1 2 2 0 2 3 2 3 2 2 2 2 2 3 2 1 2 3 4 1 2 2 3 2 2 2 0 2 2 2 3 1 3 1 2 3 2 1 
7 11 10 12 11 8 18 6 9 12 18 16 9 11 11 8 8 8 10 9 10 2 14 11 4 5 12 16 5 8 10 3 18 9 12 13 8 7 13 13 13 7 11 10 1 9 17 6 13 10 12 10 13 9 12 12 6 6 10 8 12 10 6 11 8 10 12 10 10 4 7 5 11 12 9 7 9 11 14 8 11 8 17 8 8 13 6 9 5 14 7 8 7 7 11 8 2 10 8 8 15 10 11 8 12 8 11 13 10 7 5 10 13 16 11 11 13 9 8 11 8 9 13 15 6 3 16 12 9 9 12 10 9 12 13 8 15 7 10 9 14 9 16 10 4 14 12 8 6 4 12 7 5 11 16 15 10 7 3 9 16 10 15 8 11 10 4 8 8 5 13 8 14 6 5 6 17 11 13 6 7 9 14 16 8 12 4 4 14 4 10 12 9 10 11 15 9 13 15 10 
1 2 2 1 3 2 2 2 1 2 3 1 2 3 2 2 2 3 2 3 2 2 2 1 1 1 3 2 3 2 0 2 2 3 2 2 3 3 2 1 2 2 3 1 1 3 1 0 1 2 2 2 1 1 2 2 3 2 2 2 3 2 1 3 2 2 2 2 2 1 2 2 2 2 3 2 2 3 1 2 2 3 3 2 1 3 2 2 2 2 2 2 3 2 2 1 2 3 2 3 1 1 1 3 3 2 2 3 3 1 2 1 2 3 2 2 2 3 1 2 2 1 3 1 3 3 2 3 3 2 1 2 2 3 1 2 2 3 3 3 3 2 3 2 3 2 1 2 2 2 1 2 2 3 2 2 1 3 2 2 1 3 1 3 3 2 1 2 2 3 3 3 2 1 2 2 2 3 2 2 2 1 2 1 1 3 2 1 1 3 2 3 2 2 0 2 2 2 2 2 
9 14 4 11 10 8 6 10 16 14 13 6 13 10 7 15 7 13 14 12 8 13 10 14 7 15 17 8 4 10 13 9 15 12 4 11 15 11 13 7 7 19 12 15 4 8 8 9 14 7 11 12 3 6 2 10 10 5 11 4 10 12 18 9 11 12 19 7 6 7 10 13 12 8 14 11 16 15 6 11 12 6 7 13 15 11 12 7 10 11 6 13 16 11 11 8 17 10 9 16 13 9 14 8 10 7 11 11 12 9 9 12 11 8 6 8 0 15 10 7 6 13 6 8 12 12 4 11 0 9 12 4 11 9 10 7 1 10 9 14 6 8 8 6 11 10 6 13 10 16 17 6 8 13 5 8 10 12 10 4 10 13 7 16 11 14 8 6 7 10 6 8 5 8 14 1 12 9 9 6 16 8 14 9 11 6 18 10 10 9 7 6 4 4 9 10 5 13 11 14 
6 6 3 7 7 5 4 5 7 5 9 5 6 2 4 5 3 4 3 5 2 6 6 7 1 5 3 4 5 3 3 5 5 6 3 3 5 6 8 2 6 2 3 5 4 7 7 5 3 4 3 5 6 6 8 2 6 4 5 7 6 5 5 4 4 2 7 6 5 4 4 8 8 3 4 3 2 1 5 4 6 5 3 4 5 4 4 5 2 1 6 5 5 7 4 2 4 5 9 6 6 5 8 6 5 5 6 5 8 5 5 5 4 3 6 4 4 6 5 6 6 5 4 6 2 2 4 3 3 3 5 2 6 4 7 7 5 3 7 4 6 3 9 3 5 4 4 5 3 4 3 5 5 7 3 5 3 8 6 5 6 4 5 4 3 6 5 1 5 4 5 6 9 4 6 4 3 8 6 6 4 5 5 9 3 3 5 5 4 4 7 6 3 3 5 6 7 6 6 3 
3 2 2 3 2 1 3 2 1 1 1 2 2 2 2 2 1 1 2 2 3 2 2 3 3 1 1 2 2 1 1 2 2 1 1 2 2 1 2 3 3 2 3 2 3 2 2 4 2 1 3 2 3 2 1 3 2 2 3 3 2 1 2 2 3 2 2 2 2 1 2 2 2 3 0 2 2 3 2 3 2 2 1 3 2 2 2 3 2 1 2 2 3 2 2 1 1 1 2 2 1 1 3 2 2 1 1 1 3 1 2 3 1 1 1 3 3 3 3 2 2 3 1 2 3 2 3 3 2 1 1 2 2 2 4 2 2 2 2 2 2 2 2 1 2 2 0 2 2 2 2 0 1 2 3 2 3 2 2 2 2 3 1 1 1 2 2 2 1 2 2 1 1 2 1 1 2 2 3 4 2 2 2 1 2 1 2 3 3 1 1 2 2 2 3 2 2 3 3 2 
4 4 6 5 4 7 6 5 9 5 5 3 6 3 6 6 8 5 4 5 7 5 6 4 5 8 3 5 6 6 4 4 8 6 4 6 2 5 5 6 4 8 6 6 4 5 8 7 6 3 4 5 4 2 6 5 3 6 4 7 4 5 4 6 2 5 6 6 3 5 5 3 4 5 4 6 3 0 6 5 5 6 5 7 4 5 5 5 1 5 2 2 5 5 5 7 5 3 8 4 8 5 4 8 4 4 10 7 8 5 5 3 9 4 4 4 5 4 4 4 5 3 3 6 6 3 3 3 5 4 8 6 4 7 5 3 4 6 7 5 6 3 4 3 7 3 3 8 6 6 3 6 3 3 4 3 6 2 4 7 8 2 4 2 8 7 3 8 7 5 5 3 7 3 5 9 7 6 5 7 6 7 4 7 4 2 6 5 7 5 5 7 5 5 5 4 2 4 6 6 
7 9 7 7 6 6 9 8 6 7 6 10 8 4 6 7 7 9 3 6 6 7 8 5 3 5 8 5 5 7 8 8 7 6 5 6 6 6 6 6 7 8 5 4 3 7 11 6 6 7 5 9 5 6 3 7 6 4 7 8 3 6 5 4 6 7 5 7 7 7 6 7 4 5 7 4 6 5 7 6 8 5 5 3 3 7 5 5 8 7 7 1 3 3 4 4 8 5 7 4 7 8 3 8 6 5 5 11 8 4 7 7 4 5 8 6 10 5 6 6 7 5 8 5 3 4 4 0 7 7 6 7 8 6 5 5 4 9 7 5 3 5 8 1 7 10 7 7 5 6 6 9 7 7 2 9 7 9 6 7 8 5 7 9 9 6 10 7 7 3 9 6 7 5 3 8 7 2 8 5 6 4 6 5 9 7 5 6 7 7 8 6 4 6 5 9 8 6 8 6 
12 9 14 10 5 15 8 6 11 7 11 14 5 11 8 11 7 8 8 6 8 12 12 4 5 13 10 6 13 12 9 9 8 13 9 8 10 10 11 12 5 11 12 9 9 9 10 10 10 9 10 14 7 11 7 14 10 9 8 8 10 14 5 10 9 9 10 5 8 11 9 7 12 13 12 6 9 6 7 7 10 15 10 10 8 9 3 11 9 11 9 15 8 11 8 11 7 7 6 6 10 7 7 10 5 8 7 7 10 12 20 9 14 12 4 9 11 11 7 9 12 10 13 15 8 4 8 7 14 10 9 12 9 9 8 7 12 14 5 4 8 8 8 6 8 9 14 6 13 7 7 16 5 10 3 11 7 7 11 11 13 11 7 8 10 9 9 11 5 9 8 7 12 3 10 5 13 6 13 9 5 10 6 6 15 6 6 9 14 11 10 10 6 13 2 12 9 10 11 5 
6 7 0 10 5 5 12 6 10 7 10 10 7 10 10 10 7 12 5 1 6 6 10 7 7 9 7 7 10 12 9 4 8 7 8 7 11 10 13 6 6 11 9 9 11 4 8 7 7 5 7 7 8 8 9 13 8 7 8 8 7 6 9 9 12 10 7 6 11 9 3 8 9 9 9 7 11 10 9 10 7 10 10 4 7 12 7 9 3 7 8 8 5 6 10 9 12 6 8 7 4 9 8 2 13 8 6 5 7 7 8 9 6 5 11 7 8 5 12 6 8 7 6 7 3 10 9 10 8 9 3 10 10 10 5 6 10 9 10 12 10 8 14 9 12 5 6 9 7 8 9 8 7 7 4 11 8 7 4 6 7 2 6 6 12 9 8 8 5 6 7 10 9 7 8 9 6 6 13 13 4 10 8 0 3 8 7 14 5 5 8 12 10 10 7 11 9 15 6 9 
10 10 14 10 12 8 12 14 3 6 11 13 13 10 13 9 13 10 7 10 6 9 6 8 6 7 14 4 7 7 17 9 15 10 16 6 9 13 12 5 8 10 13 11 10 8 6 2 6 8 4 10 9 3 9 12 8 15 12 14 11 3 10 10 3 5 11 19 10 13 12 12 13 18 6 10 12 10 10 7 9 10 15 12 8 9 7 13 17 9 12 12 11 11 11 5 14 6 14 13 15 10 7 12 5 11 8 9 7 5 11 11 16 8 11 12 12 7 12 8 16 12 10 18 5 9 5 4 13 6 13 7 12 13 8 7 8 10 15 9 10 9 6 12 10 7 14 12 4 14 10 7 10 16 12 14 16 16 18 10 11 8 15 9 10 9 12 12 12 6 9 10 11 7 15 10 15 9 9 9 8 4 16 11 1 8 6 8 19 4 9 9 9 12 11 11 12 12 8 6 
1 1 1 0 0 1 1 1 1 1 1 1 1 1 1 1 1 1 1 1 1 1 1 1 1 1 1 1 2 1 1 1 2 1 1 1 1 2 1 1 1 0 1 1 1 1 1 1 1 1 1 1 1 1 1 1 1 2 1 1 1 1 1 1 1 1 1 1 1 1 0 1 1 1 1 0 1 1 1 1 1 2 1 1 1 1 1 1 1 1 1 1 1 1 1 1 1 1 1 1 1 1 1 0 1 2 1 1 1 1 1 1 1 1 1 1 1 2 1 1 1 2 1 1 1 1 1 1 1 1 1 1 1 1 1 1 1 1 1 1 1 2 1 1 1 2 1 1 1 1 1 1 1 1 1 1 1 1 1 2 1 1 0 1 1 1 1 1 1 1 2 1 1 1 1 1 2 1 1 1 1 1 2 2 1 0 1 1 1 0 1 1 1 1 1 1 1 2 2 0 
6 6 2 5 3 3 4 5 6 7 8 4 5 6 7 5 7 9 6 6 6 2 7 6 4 3 4 3 7 8 7 6 7 4 5 4 5 1 5 6 6 5 4 4 5 2 8 6 8 5 5 6 7 7 4 6 6 4 4 6 3 6 2 6 7 5 4 3 3 5 6 4 3 5 5 6 6 5 2 4 4 5 6 5 5 2 4 2 6 4 3 4 5 2 8 7 6 6 5 4 5 7 5 8 3 7 6 6 6 6 1 6 4 5 4 6 5 5 5 4 2 4 3 5 5 8 2 9 4 6 4 7 5 6 4 6 6 4 5 6 6 5 6 7 7 5 5 6 3 6 5 5 5 4 3 4 3 0 3 9 5 5 1 7 2 6 4 4 2 3 8 6 7 9 6 5 6 2 6 2 8 5 4 2 5 2 5 4 4 0 6 2 2 7 3 7 7 6 4 6 
4 7 9 8 7 4 5 4 7 5 7 3 6 8 7 8 7 3 4 6 9 6 5 9 9 5 7 5 6 6 2 4 10 7 7 8 8 10 8 4 7 7 8 7 4 6 9 4 5 7 5 4 3 10 9 7 8 6 3 7 6 10 6 5 8 4 8 3 7 5 7 8 8 3 7 5 4 8 6 6 6 5 1 7 8 7 7 5 6 5 8 6 7 6 7 7 7 5 6 6 9 8 6 5 2 5 5 1 7 5 4 2 5 5 11 5 4 5 8 4 7 8 5 3 9 7 8 5 7 2 5 6 8 4 5 5 6 5 7 6 8 8 5 5 5 9 5 5 7 6 4 9 7 7 8 8 6 4 7 6 10 7 4 6 5 4 9 2 5 5 4 3 7 4 2 7 4 6 5 8 9 7 7 6 7 8 2 5 5 8 7 11 6 7 6 7 9 5 6 6 
2 1 3 2 4 4 4 2 3 4 2 2 4 4 4 4 3 2 2 5 3 2 2 3 4 4 3 2 3 3 1 2 3 3 1 3 2 3 3 2 1 2 3 6 3 4 2 3 5 4 2 3 6 2 5 2 5 2 3 1 3 4 4 3 2 2 1 4 2 3 3 0 3 4 3 3 3 2 4 3 3 3 4 2 3 4 4 4 1 2 3 1 3 2 4 4 3 3 3 4 3 5 3 2 3 3 4 2 4 1 2 3 2 4 4 4 4 2 3 4 3 2 5 4 4 2 2 1 4 3 3 3 5 3 4 3 4 4 3 3 2 2 3 2 2 2 4 3 4 5 3 4 3 2 3 2 1 3 4 2 3 2 3 4 3 2 3 2 3 3 4 1 4 5 2 2 2 3 4 2 1 2 3 3 1 3 3 1 3 2 3 1 3 3 4 3 3 2 3 3 
2 1 3 2 2 2 2 2 2 2 3 2 2 2 2 3 2 2 2 2 2 3 2 2 2 2 1 1 3 2 2 2 2 1 2 2 2 2 2 1 3 2 2 0 1 3 3 3 2 2 3 2 1 2 2 2 2 2 2 2 1 3 2 2 2 3 2 1 3 2 2 2 1 2 2 4 2 2 0 1 2 2 2 1 2 2 3 2 2 3 2 3 1 1 0 1 2 2 2 2 2 1 3 3 2 2 3 2 1 2 2 1 3 2 2 2 3 2 2 1 2 1 2 1 2 2 2 1 2 1 3 2 1 2 2 1 1 1 2 2 3 2 3 2 1 3 1 2 3 2 2 2 2 3 2 4 3 2 2 1 2 3 2 2 3 2 1 2 2 2 2 2 1 2 2 2 1 2 1 2 4 2 3 1 2 2 2 2 1 3 1 3 3 2 3 1 2 2 4 2 
1 1 1 1 1 1 1 1 1 2 1 1 1 1 1 1 1 2 1 1 1 1 1 1 1 1 1 1 1 1 1 1 1 1 1 1 1 1 1 1 1 1 1 1 1 1 1 0 1 1 1 1 1 1 1 1 0 1 1 1 1 1 1 1 0 1 1 1 1 1 1 1 1 1 1 1 1 1 1 1 1 1 0 1 1 1 1 1 2 1 1 1 1 1 1 0 1 1 1 1 1 1 0 1 0 1 1 1 1 1 1 1 1 1 1 1 1 1 1 1 1 1 1 1 1 1 1 1 1 1 1 1 2 1 1 1 1 1 1 1 1 1 0 2 1 1 0 1 1 2 1 1 2 1 1 1 1 1 1 1 1 1 1 1 1 1 1 0 1 1 1 1 1 1 1 1 1 1 1 1 1 2 1 1 1 1 1 1 1 1 1 1 1 1 1 1 1 1 1 1 
7 4 6 6 7 7 5 6 6 3 6 7 5 7 7 8 4 7 6 3 6 3 5 3 7 4 4 7 8 7 8 5 7 5 4 8 6 8 4 5 6 6 7 5 9 7 5 8 1 10 10 8 6 8 4 6 4 6 4 5 7 6 4 7 4 3 8 8 7 7 7 8 7 5 7 6 11 3 4 7 8 5 5 7 5 6 6 8 4 9 4 8 3 8 6 8 5 4 6 6 5 5 1 8 8 8 7 7 4 7 7 5 7 6 5 6 7 7 7 8 6 4 5 7 7 9 5 4 7 7 7 5 5 6 7 3 7 6 4 7 7 8 9 4 5 7 8 5 6 6 4 3 6 4 9 7 6 2 8 4 5 4 4 5 6 3 6 7 6 8 8 9 7 6 8 3 7 5 4 6 7 3 6 6 9 8 8 6 5 9 2 7 8 9 6 5 4 9 4 6 
4 5 2 3 4 2 3 5 4 4 6 3 3 4 4 2 6 3 6 3 1 3 5 2 3 2 5 8 5 4 5 1 3 3 6 5 4 5 4 4 5 2 4 6 2 2 4 2 4 3 5 6 4 5 3 5 4 2 5 3 3 4 4 2 2 4 5 4 4 3 6 7 2 4 5 4 5 4 3 6 4 4 5 4 2 6 7 2 5 3 4 5 5 5 4 1 2 5 4 4 3 3 5 2 3 6 8 4 5 2 4 4 5 4 6 3 3 3 2 4 4 7 5 4 2 2 3 6 2 5 5 5 3 6 4 3 2 3 4 3 1 6 1 3 3 6 2 3 4 4 6 3 2 3 6 2 5 4 3 2 4 7 4 4 4 3 6 3 5 4 4 4 4 4 4 4 6 5 4 3 2 4 3 5 4 3 4 3 5 3 3 5 5 6 4 3 5 2 3 4 
2 1 1 1 1 1 1 1 1 1 1 1 1 1 1 2 0 2 2 1 2 1 1 2 1 1 1 1 1 0 1 1 1 1 2 1 1 1 1 1 1 2 1 1 1 1 2 1 0 1 1 1 1 1 1 0 1 0 1 1 1 1 1 1 1 1 0 1 1 1 0 1 1 2 1 0 2 1 1 1 1 1 1 1 2 1 1 1 1 0 2 0 1 1 1 1 1 1 1 1 1 1 1 2 1 1 1 1 1 1 1 0 1 1 1 1 1 1 0 1 1 1 1 1 1 1 1 1 1 1 1 1 1 1 1 1 1 1 1 1 1 1 1 1 1 0 0 1 1 1 1 1 2 1 1 2 1 1 1 1 1 1 1 1 1 1 1 1 1 1 1 1 1 1 1 1 1 1 1 2 1 1 1 0 0 1 1 1 1 1 1 1 1 1 1 1 1 1 1 1 
7 5 6 4 13 7 7 7 5 7 11 5 5 8 9 7 3 9 5 4 8 6 7 3 5 8 3 5 8 5 8 4 6 8 8 4 6 6 5 7 9 5 11 2 2 5 4 3 6 7 9 8 5 7 6 6 12 7 6 10 9 8 5 4 10 6 8 3 1 8 3 5 4 4 7 10 7 6 6 7 7 6 6 7 6 4 8 7 5 10 4 4 7 2 7 8 11 3 8 7 9 5 9 5 4 6 10 8 6 3 6 8 12 6 6 5 5 10 6 9 5 7 5 6 7 4 3 9 8 6 5 5 7 4 8 6 7 6 8 7 5 8 3 0 7 6 5 4 8 6 11 0 7 4 4 6 4 9 6 8 5 4 8 7 7 6 4 5 5 2 9 7 5 5 4 5 7 12 6 2 9 6 5 5 4 4 7 7 5 5 8 5 2 4 3 8 4 4 3 5 
11 7 7 9 10 5 12 8 10 10 8 8 5 6 13 8 8 9 8 3 4 8 13 6 8 11 7 8 8 8 4 9 12 10 9 7 8 10 10 10 11 13 7 11 4 12 12 10 4 6 9 4 6 6 6 4 10 11 6 12 8 3 8 7 8 5 8 11 5 11 12 6 8 9 8 10 10 10 10 7 11 10 5 6 4 11 10 13 6 9 7 8 5 4 4 6 2 9 5 7 7 5 4 11 6 10 8 12 4 10 10 10 9 15 8 3 11 6 7 6 12 12 12 4 9 10 8 12 9 7 10 4 10 8 6 9 11 11 7 3 6 7 8 9 8 11 11 10 7 9 7 7 2 7 9 9 6 3 6 9 9 9 7 6 8 8 11 8 8 7 8 10 9 7 10 8 9 6 12 7 9 7 4 10 5 9 6 7 7 6 9 7 7 9 5 7 9 9 6 4 
1 3 2 3 2 2 0 1 1 2 1 2 2 1 2 2 3 3 2 2 1 1 2 2 2 3 2 2 2 2 3 1 2 2 2 2 2 2 3 3 2 2 3 2 3 3 1 2 2 3 2 2 2 3 1 2 2 2 2 2 3 3 2 2 1 1 3 2 2 1 1 3 1 2 2 2 2 1 3 1 1 2 1 2 3 1 3 1 2 3 2 2 1 2 1 2 3 2 2 2 1 2 2 2 3 2 2 3 2 2 2 3 2 2 3 1 1 2 1 1 0 1 2 2 2 0 2 3 2 2 1 2 2 2 2 3 2 2 1 1 3 3 3 2 2 1 1 2 2 4 2 3 2 2 2 1 3 2 3 3 2 3 2 2 0 2 2 3 2 2 2 2 1 1 2 2 1 3 2 2 2 2 2 2 2 1 3 3 2 2 2 2 1 2 3 1 2 2 2 2 
4 8 10 5 8 3 7 9 7 6 6 5 7 7 7 8 7 11 7 10 7 7 13 5 7 6 7 10 7 6 6 9 9 8 4 3 8 4 7 9 6 8 6 4 10 9 6 10 9 10 8 9 9 6 3 8 10 10 5 8 12 4 9 8 4 6 6 10 5 9 8 11 4 8 12 6 4 7 7 9 11 8 7 7 7 9 2 9 9 8 7 12 9 7 4 8 10 9 8 10 8 7 9 8 6 8 7 2 4 6 4 7 5 5 3 7 8 8 6 5 8 10 5 4 9 1 6 9 7 7 6 7 4 9 5 1 5 4 5 3 5 7 10 6 7 3 5 11 7 9 10 9 10 4 7 6 5 6 4 5 8 9 1 9 7 10 5 8 9 7 2 9 7 9 4 6 11 4 4 8 9 11 11 6 13 6 5 4 5 4 9 6 8 6 6 7 7 10 7 8 
3 5 3 2 4 4 7 5 6 5 0 4 5 3 2 4 5 3 3 5 4 6 4 3 3 4 5 5 4 6 5 5 5 3 4 3 6 3 5 4 6 6 4 3 3 4 1 5 2 6 5 5 3 5 2 4 5 2 7 4 6 4 6 4 6 4 4 4 3 3 5 3 5 2 6 6 4 4 4 3 5 4 4 4 4 6 4 3 6 6 5 3 6 3 4 7 6 1 3 4 4 5 5 2 4 6 3 2 3 7 7 5 3 5 4 4 4 4 5 3 2 5 5 2 4 4 2 5 3 2 5 4 3 3 4 3 5 5 2 4 5 4 4 3 6 3 3 3 1 3 4 2 4 4 7 1 4 6 2 5 4 4 6 4 2 5 2 4 5 4 3 7 3 4 4 5 7 5 3 3 3 2 5 5 3 5 7 4 3 4 6 3 5 5 3 3 3 4 5 4 
5 4 5 4 6 4 2 6 6 3 5 4 2 6 3 5 4 4 4 2 6 6 5 4 3 4 4 5 4 2 4 2 6 2 5 4 4 2 3 5 4 4 4 5 5 4 5 4 4 2 6 4 3 4 2 2 2 4 2 5 2 4 3 5 2 3 5 5 3 3 5 5 5 5 3 2 2 3 3 3 4 1 3 4 4 5 6 4 5 8 6 5 4 3 3 5 4 2 4 2 2 5 2 2 2 7 6 2 5 6 5 3 4 5 2 3 5 3 3 4 3 4 6 5 4 6 6 6 1 3 3 4 3 6 4 4 1 2 5 5 2 4 4 3 3 5 6 2 4 3 4 3 5 5 3 4 4 3 4 3 7 3 3 6 5 2 5 3 4 5 4 6 3 3 5 5 5 2 2 6 4 3 3 4 1 3 4 3 4 3 3 5 5 4 5 5 3 6 4 4 
4 6 4 7 5 8 8 4 4 6 8 9 3 8 6 2 5 9 4 6 4 8 8 6 4 7 4 10 5 2 6 5 6 5 6 10 5 8 4 11 6 5 4 9 10 6 8 8 4 4 4 7 4 3 11 6 4 5 8 7 8 3 5 0 5 6 6 5 7 7 5 8 6 6 5 5 5 4 6 5 4 7 6 4 3 9 7 6 5 4 6 6 9 4 4 6 9 8 5 5 6 9 6 5 4 5 8 5 12 4 1 6 8 5 8 9 6 9 6 3 5 4 7 8 7 7 4 7 3 3 9 7 7 3 8 7 11 8 0 6 6 8 3 6 6 7 9 6 4 5 6 9 9 7 6 6 4 8 5 2 7 7 9 9 6 8 7 8 8 9 7 7 6 5 5 11 6 4 4 1 7 8 8 7 3 9 7 9 5 8 7 6 3 8 5 8 6 8 9 4 
2 3 1 3 1 2 2 2 2 1 2 2 2 3 1 2 2 2 1 3 2 1 3 1 2 4 2 1 1 2 2 2 3 2 2 2 2 2 1 2 2 2 1 3 2 2 2 3 2 2 1 2 2 2 1 2 1 2 0 3 1 3 2 3 0 1 3 3 2 2 3 1 1 3 2 2 3 3 3 1 2 1 2 2 3 3 3 2 2 3 2 3 1 3 3 1 1 1 2 1 3 2 1 2 4 2 2 1 3 2 1 1 3 3 2 2 2 3 2 3 3 3 2 2 3 1 2 3 1 2 3 3 2 2 2 2 2 1 3 2 2 2 2 1 2 1 2 2 2 2 2 3 2 2 2 2 2 3 1 2 1 0 2 3 2 3 1 3 2 3 1 3 2 2 2 2 1 1 2 2 2 2 3 1 2 2 3 2 3 3 2 2 3 1 3 1 3 2 3 2 
5 6 8 6 9 10 11 6 6 9 6 4 7 6 2 7 6 5 6 7 8 5 9 12 10 6 5 5 4 5 7 11 4 9 5 3 9 5 8 9 5 7 9 8 5 6 5 7 8 11 6 12 6 7 3 6 7 7 6 7 3 4 7 7 6 4 5 6 6 10 9 7 8 10 2 8 9 6 7 12 6 9 7 5 5 6 5 4 4 11 7 6 4 7 9 7 8 3 8 7 7 3 3 8 5 8 5 8 9 9 4 8 8 11 6 9 5 7 10 10 6 6 11 6 5 8 6 8 10 8 4 5 6 10 7 5 5 9 7 12 8 5 7 3 5 10 10 6 6 4 6 6 7 6 7 8 6 9 5 4 7 9 8 7 8 9 8 3 4 6 10 3 4 5 6 9 4 4 7 9 9 13 10 8 6 8 4 12 9 4 4 3 8 9 9 6 8 6 8 7 
6 7 5 5 2 4 7 8 5 4 5 4 4 3 6 5 5 5 2 7 6 7 6 4 7 4 5 2 5 7 7 8 8 5 2 5 4 5 2 5 5 4 4 5 3 5 3 4 6 8 6 7 7 5 5 7 2 5 6 5 5 5 3 6 3 4 4 6 1 3 3 6 7 5 9 6 3 7 3 6 5 5 6 4 6 2 6 6 6 5 4 1 6 5 4 5 5 5 4 6 3 6 5 2 5 6 3 2 4 5 4 4 4 7 3 4 5 3 4 4 5 2 3 3 4 4 4 3 5 4 4 6 7 5 5 5 5 6 8 3 5 5 4 6 5 4 4 4 5 7 8 5 6 7 7 4 6 7 7 2 4 5 8 4 8 6 8 7 4 3 5 4 5 3 5 4 7 3 5 7 2 6 5 2 8 8 3 6 2 7 9 7 6 5 7 4 6 6 4 9 
1 1 2 3 2 2 3 1 2 2 2 1 2 1 2 1 1 2 1 2 2 3 2 2 2 2 2 2 2 2 2 2 2 2 2 2 2 2 1 2 2 2 2 1 3 1 2 3 3 3 1 3 2 1 2 2 2 3 2 3 3 2 4 2 2 1 2 2 2 3 2 1 2 2 2 2 2 2 2 1 2 3 2 3 3 1 2 2 2 2 2 2 3 1 3 2 1 3 3 1 3 1 2 1 1 2 1 2 2 3 2 2 2 2 2 2 1 3 3 3 3 1 2 2 1 2 3 2 3 2 2 2 1 3 1 3 1 2 3 3 2 2 2 2 1 2 2 2 3 2 2 2 3 2 2 3 2 1 3 2 1 4 2 2 1 2 2 2 2 2 1 2 3 2 2 2 1 1 2 2 1 2 2 2 2 1 2 2 2 1 2 2 1 2 2 3 1 1 2 1 
9 14 5 14 11 9 11 10 5 4 11 8 11 11 14 10 10 8 5 7 9 7 9 9 13 13 9 13 8 5 4 9 9 8 5 10 12 8 6 8 11 10 8 5 6 5 9 12 7 5 5 11 7 7 9 7 10 8 14 6 5 8 10 12 10 5 8 7 7 10 9 6 15 13 12 12 13 17 5 9 12 2 7 7 6 11 10 17 6 8 4 12 11 6 11 10 7 6 10 8 11 12 11 4 7 14 6 15 10 9 9 10 0 8 6 13 8 11 4 11 5 10 5 7 7 12 6 6 6 14 8 10 7 8 8 12 5 8 7 12 5 12 7 0 6 13 11 5 14 6 9 7 9 5 5 12 6 14 13 9 10 6 5 8 9 8 13 7 13 4 9 12 9 7 11 13 9 11 9 10 5 7 8 13 11 6 6 6 9 7 5 8 12 5 12 8 8 8 13 12 
5 5 9 2 4 4 5 6 3 9 0 6 2 8 2 7 5 5 2 3 6 2 6 7 3 7 5 3 5 4 4 7 5 7 5 5 7 1 5 4 2 3 4 4 5 5 4 5 8 6 5 5 3 7 4 3 6 4 4 7 5 3 7 6 5 7 6 5 4 5 5 5 4 3 3 4 7 2 6 7 4 5 4 7 7 3 6 6 6 5 4 5 6 6 4 4 6 4 3 4 6 5 5 5 5 4 6 5 4 4 6 7 3 8 5 3 5 5 3 7 3 5 4 6 5 8 6 4 3 5 4 5 7 4 5 4 6 4 4 5 3 2 6 6 4 6 4 4 4 5 4 6 7 2 5 6 6 3 9 7 3 2 5 9 7 7 5 8 4 4 3 4 8 7 6 6 3 7 9 7 3 6 5 4 3 5 7 4 7 8 4 6 5 6 4 4 5 7 5 6 
3 5 6 3 4 6 5 4 5 4 4 4 4 4 6 7 7 5 3 9 1 5 4 5 3 4 2 4 7 6 6 3 4 7 3 7 5 4 3 3 4 4 4 7 4 8 3 3 6 6 7 3 4 5 8 8 5 3 3 2 4 4 8 5 4 3 5 8 3 7 6 6 4 4 7 6 3 6 4 8 5 4 4 6 6 3 4 3 4 8 6 2 4 4 3 5 5 2 5 3 3 6 7 3 5 3 4 4 7 2 4 5 5 5 5 1 6 3 4 4 6 5 6 4 5 8 5 5 3 4 6 3 4 3 6 6 5 2 2 6 4 6 6 6 6 5 3 6 3 6 5 5 7 5 11 5 3 3 3 3 4 3 6 2 4 6 2 0 5 3 4 4 6 6 6 7 6 4 4 7 5 7 4 3 5 7 6 6 5 6 7 4 4 7 5 5 4 5 5 4 
5 9 2 3 3 3 6 2 5 3 6 5 5 5 5 7 4 7 5 4 6 5 3 4 7 5 6 5 4 3 9 5 4 5 0 8 4 8 6 5 3 4 6 6 6 6 6 4 6 7 5 5 6 2 3 6 5 5 4 4 4 8 5 5 5 7 4 6 6 3 6 3 3 6 5 2 4 5 5 7 4 4 4 6 6 4 6 7 5 6 3 5 5 5 5 5 6 7 3 4 7 4 6 7 4 3 5 4 7 5 7 4 6 4 6 5 4 4 8 2 5 8 3 6 3 3 4 4 6 6 3 4 5 6 6 4 3 3 4 4 5 4 7 5 5 4 5 3 6 3 3 7 8 7 6 4 4 6 6 4 5 4 5 5 5 5 4 4 4 5 6 1 4 7 5 8 5 8 3 5 4 3 8 6 5 8 6 6 2 6 7 4 6 4 2 4 8 4 6 5 
5 12 5 6 8 6 5 11 9 10 4 10 4 7 10 10 12 9 4 7 8 7 12 4 10 10 6 5 6 9 13 11 5 9 11 7 9 7 8 9 8 7 6 5 8 9 12 4 11 9 9 7 6 11 6 8 8 6 10 4 11 10 14 5 18 13 14 6 9 8 10 4 9 2 7 6 11 11 10 8 7 10 8 9 6 6 8 9 9 1 4 10 5 12 10 4 12 8 7 6 3 6 6 2 11 6 8 8 8 8 12 5 4 10 10 11 11 8 8 7 8 9 9 6 8 8 7 8 5 7 9 10 9 11 9 7 11 7 4 9 6 7 6 11 11 11 7 5 3 11 9 6 8 3 8 6 10 10 4 4 2 4 6 9 4 5 9 7 7 10 11 9 10 9 7 8 13 8 8 6 7 7 9 10 11 6 10 9 9 7 8 7 7 15 3 10 11 10 12 8 
11 7 11 8 8 8 6 8 8 7 6 12 7 5 8 7 10 12 3 8 10 5 9 6 7 1 6 8 5 9 2 8 2 10 8 6 8 5 4 4 9 6 12 4 5 5 10 7 8 4 4 6 7 7 11 11 9 7 7 7 9 6 6 6 7 7 7 8 9 7 8 7 8 7 8 7 5 6 9 4 6 9 6 7 8 9 8 6 5 11 7 7 8 8 6 13 7 12 6 3 5 10 6 7 4 6 4 6 4 6 12 4 3 4 4 5 7 10 4 6 9 6 11 6 9 7 12 9 3 7 5 6 7 4 4 2 5 12 6 10 3 10 7 6 5 7 7 11 9 6 2 8 11 9 5 10 4 7 4 7 4 11 5 10 6 8 10 6 7 7 5 8 5 6 11 8 5 9 10 8 10 7 8 5 11 10 4 8 8 4 5 6 7 7 8 5 4 4 5 5 
4 5 5 5 6 7 9 7 5 5 6 4 3 8 5 2 4 4 3 6 6 5 7 2 7 4 5 5 5 8 7 6 1 6 3 3 5 3 6 6 7 6 4 4 6 4 5 2 4 3 1 5 5 7 1 6 6 5 7 3 6 8 4 5 6 5 5 5 5 2 5 6 4 4 3 6 3 5 5 5 5 5 5 7 5 4 3 6 5 6 5 6 2 7 7 4 7 4 4 6 7 7 7 3 5 5 6 5 5 6 7 4 1 4 5 4 4 6 6 6 2 4 6 6 4 3 5 6 6 4 6 4 5 5 8 4 4 8 6 7 6 6 2 6 9 5 3 4 6 5 2 5 6 6 3 5 6 3 4 4 6 6 6 5 3 4 6 9 4 3 9 7 4 5 2 6 6 3 3 4 6 4 4 4 2 6 3 5 6 5 2 1 1 4 4 4 5 2 3 4 
1 1 0 1 1 2 1 1 1 1 1 1 2 1 1 0 0 1 1 0 1 1 1 2 1 1 1 1 1 1 1 1 1 1 1 1 2 1 1 0 1 1 1 1 1 1 1 1 1 1 1 1 1 1 1 1 1 1 1 1 1 1 1 0 1 1 1 1 1 1 1 2 1 1 1 1 1 1 1 1 1 1 1 1 1 1 1 1 1 1 1 1 1 1 1 1 1 1 1 0 2 1 1 1 1 1 1 1 1 1 1 1 2 1 1 1 1 1 1 1 1 1 1 1 1 2 1 1 1 1 1 1 1 1 1 1 1 1 1 1 1 1 1 1 1 2 1 1 1 1 1 1 1 0 1 1 1 1 2 1 1 1 1 1 1 1 1 1 1 1 1 1 1 1 1 1 1 2 1 2 1 1 1 1 1 2 1 1 1 1 1 1 1 1 1 1 1 1 1 2 
9 13 13 11 4 10 8 12 11 3 8 8 11 9 14 5 8 12 4 10 7 14 15 14 10 12 11 13 9 9 11 13 7 9 15 11 7 6 7 10 12 15 7 11 12 8 16 9 8 8 10 5 7 19 9 11 11 11 5 9 6 7 10 7 18 10 15 12 10 9 8 8 13 9 10 6 1 13 12 13 11 8 5 11 13 13 7 10 9 5 11 13 9 5 13 14 10 7 13 10 15 8 6 10 14 9 9 8 11 9 11 9 9 13 7 9 8 13 15 13 6 12 8 4 11 10 12 14 9 2 7 18 14 9 16 11 6 15 11 12 8 18 11 7 17 4 11 4 14 8 12 9 2 13 9 11 12 7 9 17 7 7 11 12 7 5 4 15 6 6 6 10 9 10 12 4 9 15 9 7 10 12 8 11 9 6 6 12 11 6 14 10 14 12 12 7 8 8 11 9 
9 13 6 6 8 11 13 13 6 12 10 10 5 11 8 8 7 12 9 8 7 7 12 9 13 7 6 6 8 8 5 10 9 11 9 6 8 12 7 6 7 10 7 7 3 8 8 4 7 7 4 6 13 13 9 6 2 7 8 6 16 13 9 6 4 5 6 6 8 9 11 11 7 6 14 7 8 8 8 6 8 7 8 6 11 8 10 9 14 6 11 4 8 6 10 10 13 8 8 8 4 9 11 5 6 10 2 7 7 9 11 10 10 12 7 5 8 4 8 10 8 4 10 7 6 3 9 4 5 5 7 9 7 8 6 8 6 5 7 11 4 10 3 8 3 9 8 9 6 11 8 9 1 4 7 12 6 6 7 10 7 6 11 6 9 10 9 3 10 8 8 10 10 8 6 2 9 8 6 8 3 6 12 4 7 9 9 9 8 6 8 5 6 4 10 8 6 12 11 11 
