NAME  : Jabali_60_3_0.90_1_3
TYPE : SVRP
MODEL : FINITE_SUPPORT
NUMBER_OF_SCENARIOS : 200
DIMENSION : 60
EDGE_WEIGHT_TYPE : MATRIX
CAPACITY : 126
N_VEHICLES : 3
NODE_COORD_SECTION
1 2868 3810
2 5422 4878
3 3075 3996
4 1948 5448
5 6669 3947
6 7200 2603
7 1444 967
8 4202 4494
9 3602 3655
10 3083 152
11 4108 3230
12 3955 2671
13 6442 2794
14 2227 3926
15 3766 3054
16 5071 4577
17 2434 5088
18 740 6061
19 4373 4952
20 2233 3236
21 4637 775
22 1288 1689
23 2532 7540
24 627 3576
25 6308 6267
26 5155 6196
27 4227 496
28 4172 3965
29 1460 4575
30 2019 846
31 4728 2937
32 199 4668
33 7283 3780
34 6392 6125
35 2179 1525
36 3550 1495
37 6205 1799
38 6094 4464
39 3928 818
40 2364 747
41 926 2138
42 3467 5412
43 1911 6301
44 3966 5165
45 27 2409
46 295 5188
47 282 5900
48 6269 1379
49 2878 1703
50 2366 1408
51 3100 3501
52 5730 6578
53 4311 5371
54 1910 2031
55 1543 5628
56 943 2070
57 1507 18
58 2326 377
59 7087 4582
60 3677 2917
DEMAND_SECTION
1 0.0
2 6.0
3 2.0
4 4.0
5 9.0
6 8.0
7 6.0
8 4.0
9 5.0
10 3.0
11 5.0
12 5.0
13 10.0
14 7.0
15 4.0
16 2.0
17 8.0
18 9.0
19 5.0
20 2.0
21 5.0
22 1.0
23 2.0
24 10.0
25 10.0
26 10.0
27 7.0
28 8.0
29 7.0
30 1.0
31 8.0
32 10.0
33 10.0
34 5.0
35 1.0
36 8.0
37 3.0
38 9.0
39 3.0
40 2.0
41 10.0
42 4.0
43 10.0
44 3.0
45 3.0
46 4.0
47 5.0
48 6.0
49 2.0
50 9.0
51 7.0
52 8.0
53 4.0
54 6.0
55 7.0
56 7.0
57 6.0
58 4.0
59 9.0
60 3.0
DEVIATION_SECTION
1 0.0
2 2.0
3 0.666667
4 1.33333
5 3.0
6 2.66667
7 2.0
8 1.33333
9 1.66667
10 1.0
11 1.66667
12 1.66667
13 3.33333
14 2.33333
15 1.33333
16 0.666667
17 2.66667
18 3.0
19 1.66667
20 0.666667
21 1.66667
22 0.333333
23 0.666667
24 3.33333
25 3.33333
26 3.33333
27 2.33333
28 2.66667
29 2.33333
30 0.333333
31 2.66667
32 3.33333
33 3.33333
34 1.66667
35 0.333333
36 2.66667
37 1.0
38 3.0
39 1.0
40 0.666667
41 3.33333
42 1.33333
43 3.33333
44 1.0
45 1.0
46 1.33333
47 1.66667
48 2.0
49 0.666667
50 3.0
51 2.33333
52 2.66667
53 1.33333
54 2.0
55 2.33333
56 2.33333
57 2.0
58 1.33333
59 3.0
60 1.0
DISTANCE_MATRIX
0.0 35.0273 3.16228 26.4764 53.2471 60.1158 42.8782 19.3607 9.21954 49.4368 17.6918 20.6155 49.8485 8.60233 15.6525 30.0729 19.0 42.9535 25.5734 11.099 47.5184 36.6719 51.4198 30.0832 55.4348 45.7462 48.0104 16.6063 22.0227 43.5899 26.8701 38.4187 60.0612 56.6997 34.6356 33.7386 52.8015 43.2835 43.0116 45.0 40.231 28.3032 37.054 26.0369 42.9762 40.3609 45.793 56.3028 29.7386 36.0832 5.0 54.337 29.8043 27.6333 31.3209 40.231 55.4065 49.4626 56.4773 16.1555 
35.0273 0.0 32.8865 45.944 20.2485 39.0 74.6803 16.1245 28.8088 69.4671 30.5231 37.7194 31.5753 43.4833 34.1882 6.32456 40.2618 63.6384 13.8924 45.9002 54.5894 72.2864 53.3104 65.0839 22.4722 18.6815 58.6605 20.7679 54.3763 70.4739 27.8884 70.1339 28.3196 23.8537 62.5148 59.3493 43.0116 10.2956 56.1726 69.4804 75.8455 26.6271 50.2096 19.4165 77.9645 68.1542 68.7307 48.0416 55.3048 62.054 34.6377 24.4131 16.2788 63.7657 51.251 75.8455 83.4703 73.6879 21.9545 35.5963 
3.16228 32.8865 0.0 26.2488 51.1063 58.8426 45.9336 17.2198 8.06226 51.2688 16.6433 20.6155 48.5753 10.7703 15.5242 27.932 18.2483 43.4166 23.4325 14.1544 48.1664 39.7273 49.8197 32.7567 53.2939 43.6053 49.0408 14.4654 23.3452 46.6453 25.6125 40.2244 59.569 54.5588 37.691 35.5707 51.8652 41.1426 44.1814 45.78 43.2864 26.4465 36.3456 23.896 45.7059 41.7253 46.6154 55.5698 31.5707 38.2754 6.7082 52.1961 27.6634 30.6887 31.3847 43.2864 58.4619 49.9159 54.3364 16.2788 
26.4764 45.944 26.2488 0.0 65.6183 84.0125 60.2889 34.053 34.176 73.6817 42.5441 46.8402 75.1326 21.095 41.7612 42.9973 8.60233 18.3848 32.3132 31.0644 73.9797 49.8486 29.4109 30.0 58.4637 43.566 74.2428 39.8428 12.7279 61.9839 51.197 25.0799 74.0699 59.2284 53.6004 59.01 77.5735 55.6537 69.1158 64.0312 43.2712 19.7593 11.4018 26.6563 46.7547 22.3607 23.0217 81.4293 54.1479 55.3173 31.4006 52.2398 30.0529 45.8803 5.65685 43.2712 73.2411 68.4105 67.7522 42.45 
53.2471 20.2485 51.1063 65.6183 0.0 19.4165 81.8635 34.3853 47.0286 68.1752 42.4269 43.5383 14.8661 61.7031 46.0378 23.2363 59.9361 83.3127 33.3123 62.6505 48.6356 79.4886 73.3485 80.6347 30.0832 35.5106 54.2081 38.9876 74.4353 73.8356 33.2137 91.3186 8.94427 31.3209 69.7045 66.5515 28.6356 10.0 53.6994 71.1993 83.0477 46.1 70.1783 38.9657 93.7948 92.8072 88.405 33.6155 58.6205 66.6205 56.7861 37.1214 36.4005 70.9679 70.9253 83.0477 85.6562 73.87 10.0 46.5408 
60.1158 39.0 58.8426 84.0125 19.4165 0.0 78.3135 52.7795 50.9356 64.1327 42.4589 43.0813 10.2956 68.6272 46.0663 41.6305 78.3303 101.707 51.7065 69.7216 42.72 76.9493 92.3093 88.9755 48.1664 54.9181 48.7647 57.3819 82.353 72.0278 33.2457 98.432 15.5242 49.2544 66.6108 64.109 17.4642 28.7924 49.6488 69.0072 80.6052 64.4942 88.5766 57.3599 94.3882 100.725 105.422 20.8087 57.4282 65.3758 56.8181 56.0089 54.8234 68.5254 89.3195 80.6052 83.1505 71.1758 25.318 46.5188 
42.8782 74.6803 45.9336 60.2889 81.8635 78.3135 0.0 59.7993 46.5347 24.2074 45.4261 39.1971 69.029 40.7483 40.7323 69.7259 56.3954 68.0661 68.2254 32.5586 41.5933 10.4403 89.5128 36.0139 95.0878 88.3981 36.8917 54.0632 47.8983 7.81025 49.8197 52.0 83.6977 96.3527 12.1655 33.3311 63.561 78.555 32.6497 12.0416 17.2627 68.1243 71.197 68.6889 25.0799 58.0775 67.2681 63.8905 21.0 13.0 44.6884 94.1376 72.4563 15.6205 61.7949 17.2627 13.0 13.8924 91.7179 39.3311 
19.3607 16.1245 17.2198 34.053 34.3853 52.7795 59.7993 0.0 13.4536 59.3633 16.7631 23.7697 43.0006 27.8167 19.7231 11.2111 28.3708 51.7474 6.40312 30.2335 50.9902 55.8064 47.2652 49.4172 36.4005 26.4008 53.4509 7.07107 40.5488 55.5929 22.0907 57.4321 42.848 37.6431 47.6338 44.4683 50.3249 24.4217 49.3964 54.6777 59.3655 14.3178 38.9926 9.0 62.2978 56.2632 56.8397 52.1878 40.4599 47.173 19.0629 34.9857 11.1803 46.7678 39.36 59.3655 68.5893 58.8135 37.6155 21.095 
9.21954 28.8088 8.06226 34.176 47.0286 50.9356 46.5347 13.4536 0.0 46.5296 8.60233 13.0384 40.6683 17.8045 8.0 23.8544 25.9615 51.4782 19.799 19.4168 41.0 44.1407 56.313 38.6264 49.2163 39.8246 42.4264 9.21954 31.1448 42.3282 17.6918 47.634 54.9808 50.4812 34.3691 31.2036 43.8292 37.065 37.855 41.413 47.6998 22.3977 43.9318 20.5913 51.5154 49.5177 54.6443 47.5079 27.2029 33.9083 7.07107 48.2597 24.2074 35.62 39.3954 47.6998 55.3246 45.5488 50.2588 9.05539 
49.4368 69.4671 51.2688 73.6817 68.1752 64.1327 24.2074 59.3633 46.5296 0.0 43.4166 36.2353 56.6127 52.6118 39.6611 68.8228 67.7788 86.0523 65.7343 42.7551 22.0 31.3847 100.856 56.7539 90.567 84.9569 16.0312 53.0094 64.0078 16.6433 44.0454 72.5672 72.2357 91.9806 21.2132 33.6982 47.2652 70.8489 14.5602 12.53 37.9473 68.8842 85.0 67.1193 48.8774 77.9404 86.4743 46.0 19.9249 19.105 44.623 93.2345 70.4911 29.1548 77.2334 37.9473 21.1896 10.6301 78.0106 38.2753 
17.6918 30.5231 16.6433 42.5441 42.4269 42.4589 45.4261 16.7631 8.60233 43.4166 0.0 7.2111 32.1916 26.1725 5.09902 25.5687 34.1797 60.0333 22.8473 27.3026 34.3657 43.0322 63.0 46.5565 50.9306 41.7028 36.6879 9.84886 39.6989 41.2196 9.21954 55.9732 46.5041 52.1954 33.2605 30.095 35.2278 39.0994 32.6956 40.2244 46.5912 29.0172 52.0014 25.4951 60.3742 58.0517 63.2456 38.9487 25.807 32.7997 14.4222 49.9803 27.8568 34.5114 47.8539 46.5912 54.2033 44.2041 52.2623 6.32456 
20.6155 37.7194 20.6155 46.8402 43.5383 43.0813 39.1971 23.7697 13.0384 36.2353 7.2111 0.0 32.8938 28.3019 5.09902 32.765 38.833 63.561 29.9666 28.6999 28.0179 36.8032 69.1158 47.9537 59.3127 48.8991 29.8329 17.0 42.19 34.9285 11.0 57.542 47.6155 60.7264 27.0316 23.8661 33.2415 40.2107 25.632 33.6155 40.3623 35.1283 56.8859 32.28 54.1452 60.2163 66.242 36.2353 19.2354 26.5707 16.1245 57.1766 34.9285 28.2825 51.8652 40.3623 47.8539 37.4433 53.3736 4.47214 
49.8485 31.5753 48.5753 75.1326 14.8661 10.2956 69.029 43.0006 40.6683 56.6127 32.1916 32.8938 0.0 58.3599 35.799 33.2778 69.4505 91.7499 43.6605 59.4543 36.2353 67.2386 84.7859 78.7082 44.9222 49.0102 42.0476 47.603 72.0857 63.0714 22.9784 88.1647 16.4012 46.1736 57.1402 54.3982 13.8924 22.0227 42.0595 60.2993 70.8945 55.4019 80.0494 48.8478 84.6774 90.4576 95.1551 18.7883 48.0416 56.0357 46.5507 51.6236 48.1052 58.8146 80.4396 70.8945 74.6726 62.8013 23.8537 36.2559 
8.60233 43.4833 10.7703 21.095 61.7031 68.6272 40.7483 27.8167 17.8045 52.6118 26.1725 28.3019 58.3599 0.0 23.6008 38.5289 15.6525 35.7351 34.0294 10.0 53.8516 34.3658 48.8467 22.2036 63.8908 51.9983 53.6068 25.0623 13.8924 41.6293 35.3836 29.8329 70.1658 65.1557 32.8938 38.0172 61.0737 51.7395 48.3887 43.3244 30.4642 27.7627 32.3883 34.6596 35.3607 32.0156 38.0132 64.405 33.0606 34.4819 12.2066 60.9317 38.0562 25.4951 25.0799 30.4642 53.1017 47.7598 64.9333 23.8537 
15.6525 34.1882 15.5242 41.7612 46.0378 46.0663 40.7323 19.7231 8.0 39.6611 5.09902 5.09902 35.799 23.6008 0.0 29.2338 33.7343 58.6003 26.0768 24.204 33.0 38.3384 64.1961 43.4579 54.5957 45.368 34.5254 13.4536 37.4433 36.5258 13.0 53.0377 50.115 55.8606 28.5667 25.4012 37.5366 42.7103 30.0832 35.609 41.8974 30.2655 51.788 27.8568 55.6804 55.6058 61.4003 40.8044 21.2603 28.1059 11.4018 53.6455 30.8869 29.8176 46.8188 41.8974 49.5222 39.6989 55.8731 1.41421 
30.0729 6.32456 27.932 42.9973 23.2363 41.6305 69.7259 11.2111 23.8544 68.8228 25.5687 32.765 33.2778 38.5289 29.2338 0.0 37.3151 60.6917 10.8167 40.9458 50.4103 67.332 53.1601 60.1294 28.6531 22.8254 54.4812 15.8134 51.2611 65.5195 23.709 68.1444 31.699 30.0167 57.5604 54.3949 41.3038 13.2726 51.9933 64.526 70.8911 23.3452 47.8017 16.4012 73.01 65.2075 65.784 46.1736 50.3504 57.0996 29.6833 29.7321 14.8661 58.8113 48.3043 70.8911 78.5159 68.7335 26.5707 30.6419 
19.0 40.2618 18.2483 8.60233 59.9361 78.3303 56.3954 28.3708 25.9615 67.7788 34.1797 38.833 69.4505 15.6525 33.7343 37.3151 0.0 26.9072 26.631 25.0239 66.3702 50.0129 33.2415 31.0161 52.9676 38.3128 67.0075 31.4717 14.1421 57.2713 42.8259 30.4138 68.3877 53.7874 48.4665 52.4166 69.2024 49.9715 62.0081 58.8727 41.8774 14.0772 18.1108 20.9741 46.6476 29.1548 31.241 73.0582 48.4166 49.98 24.0 47.2462 24.3707 41.1461 14.2127 41.8774 68.7488 63.3246 62.07 34.5254 
42.9535 63.6384 43.4166 18.3848 83.3127 101.707 68.0661 51.7474 51.4782 86.0523 60.0333 63.561 91.7499 35.7351 58.6003 60.6917 26.9072 0.0 50.0076 45.3542 89.5692 57.7062 31.9531 32.8938 74.6726 59.4643 89.1327 57.4586 22.3607 72.2496 68.8128 19.2094 91.7643 75.2728 65.0 73.1327 95.1893 73.3481 83.7796 75.0639 50.8035 37.4537 16.1245 44.3507 49.1935 12.7279 6.0 98.9798 67.6018 67.0075 47.5395 67.4463 47.7074 57.0 12.7279 50.8035 80.8084 79.1581 85.4459 59.0931 
25.5734 13.8924 23.4325 32.3132 33.3123 51.7065 68.2254 6.40312 19.799 65.7343 22.8473 29.9666 43.6605 34.0294 26.0768 10.8167 26.631 50.0076 0.0 36.4462 56.7539 62.0191 42.9535 55.6299 31.4006 20.2485 59.4643 13.0 40.7455 61.9935 27.074 56.503 41.7732 32.5576 54.0344 50.8688 51.1957 23.3452 55.5428 61.0782 65.5782 12.8062 37.0135 5.65685 68.5105 54.5234 55.0999 55.9017 46.8615 53.5735 25.2756 29.0689 5.09902 52.9805 37.6202 65.5782 74.9898 65.2141 35.8469 27.4591 
11.099 45.9002 14.1544 31.0644 62.6505 69.7216 32.5586 30.2335 19.4168 42.7551 27.3026 28.6999 59.4543 10.0 24.204 40.9458 25.0239 45.3542 36.4462 0.0 53.8638 26.176 58.2403 25.8881 66.3077 56.619 53.6068 27.4791 23.0868 32.7567 36.4997 37.0135 71.1132 67.5725 23.7065 28.0263 61.7382 54.1563 48.3887 34.0147 29.7351 36.1688 42.2966 36.9097 38.7619 40.3113 47.1699 64.9154 23.0868 25.0799 12.9093 65.2099 40.6771 17.0294 35.0571 29.7351 44.8219 38.4838 67.3501 24.3084 
47.5184 54.5894 48.1664 73.9797 48.6356 42.72 41.5933 50.9902 41.0 22.0 34.3657 28.0179 36.2353 53.8516 33.0 50.4103 66.3702 89.5692 56.7539 53.8638 0.0 44.6878 97.1288 68.109 75.5328 72.9923 6.08276 43.9318 67.553 34.0147 30.4631 80.0853 52.4786 76.9465 32.6497 35.4197 25.4951 56.4309 8.94427 30.0832 49.5274 63.1269 84.4808 59.8415 63.0317 84.3593 91.7182 24.0 24.8395 30.6105 42.5793 78.8923 61.8466 38.2884 78.6448 49.5274 42.5793 30.8058 58.471 32.0156 
36.6719 72.2864 39.7273 49.8486 79.4886 76.9493 10.4403 55.8064 44.1407 31.3847 43.0322 36.8032 67.2386 34.3658 38.3384 67.332 50.0129 57.7062 62.0191 26.176 44.6878 0.0 79.2594 26.0768 92.6939 82.1919 41.0366 51.6693 37.458 15.2971 47.4322 42.107 81.8344 93.9588 12.0416 30.9371 63.6946 76.1611 36.0694 18.9737 7.0 61.7417 60.7568 62.4826 18.3848 48.0 57.0789 64.846 20.5913 14.1421 38.4822 90.7827 66.25 9.30714 51.3546 7.0 23.4094 22.3607 89.324 36.9371 
51.4198 53.3104 49.8197 29.4109 73.3485 92.3093 89.5128 47.2652 56.313 100.856 63.0 69.1158 84.7859 48.8467 64.1961 53.1601 33.2415 31.9531 42.9535 58.2403 97.1288 79.2594 0.0 58.6941 54.4885 40.4599 98.6287 54.1479 42.0119 90.471 69.3542 49.3964 80.6226 54.5619 81.7068 85.1577 94.1488 63.561 93.9042 92.1141 72.682 34.0147 19.105 38.3275 75.6902 43.8292 37.6431 98.8433 81.1577 83.2166 56.2939 45.4533 38.3275 74.3236 29.0 72.682 101.866 96.566 72.111 65.3163 
30.0832 65.0839 32.7567 30.0 80.6347 88.9755 36.0139 49.4172 38.6264 56.7539 46.5565 47.9537 78.7082 22.2036 43.4579 60.1294 31.0161 32.8938 55.6299 25.8881 68.109 26.0768 58.6941 0.0 83.9387 69.2839 64.2655 46.6628 17.4929 41.3038 55.7535 16.0312 89.0974 84.7585 35.7351 50.6893 80.9921 73.34 59.071 44.7214 19.105 45.0483 39.6232 51.9453 17.0294 22.0907 31.4006 84.1693 42.6732 37.9473 32.1632 78.2173 55.3419 30.6966 29.7321 19.105 48.3735 48.3735 86.5338 43.5623 
55.4348 22.4722 53.2939 58.4637 30.0832 48.1664 95.0878 36.4005 49.2163 90.567 50.9306 59.3127 44.9222 63.8908 54.5957 28.6531 52.9676 74.6726 31.4006 66.3077 75.5328 92.6939 54.4885 83.9387 0.0 15.2315 79.7588 41.1753 67.082 90.8814 48.9882 82.8396 33.0 1.41421 82.9223 79.7568 58.5235 25.2389 77.2725 89.8879 96.253 41.1096 59.0931 35.0143 98.3719 80.8084 80.3243 63.5689 75.7123 82.4615 55.0452 9.43398 30.0 84.1732 63.3246 96.253 103.878 94.0953 23.0 56.0037 
45.7462 18.6815 43.6053 43.566 35.5106 54.9181 88.3981 26.4008 39.8246 84.9569 41.7028 48.8991 49.0102 51.9983 45.368 22.8254 38.3128 59.4643 20.2485 56.619 72.9923 82.1919 40.4599 69.2839 15.2315 0.0 77.0632 31.9476 52.4273 81.6536 46.2911 68.1836 41.4367 15.8114 73.6945 70.529 61.312 27.0 74.3354 80.7384 85.751 27.1662 43.8634 22.1359 84.6763 65.9242 65.146 66.4053 66.4845 73.2337 45.4484 9.21954 17.088 73.1533 48.2701 85.751 94.65 84.8676 32.2025 46.776 
48.0104 58.6605 49.0408 74.2428 54.2081 48.7647 36.8917 53.4509 42.4264 16.0312 36.6879 29.8329 42.0476 53.6068 34.5254 54.4812 67.0075 89.1327 59.4643 53.6068 6.08276 41.0366 98.6287 64.2655 79.7588 77.0632 0.0 46.4866 66.7732 29.1548 34.1321 78.4797 58.1808 81.1725 29.0689 34.0 31.5753 60.6569 5.38516 25.0599 46.4004 64.7765 85.0529 62.0967 59.4138 82.8734 90.521 30.0167 22.3607 26.9072 43.0116 82.997 64.5136 35.5106 78.6384 46.4004 36.8782 25.2982 64.0434 33.3766 
16.6063 20.7679 14.4654 39.8428 38.9876 57.3819 54.0632 7.07107 9.21954 53.0094 9.84886 17.0 47.603 25.0623 13.4536 15.8134 31.4717 57.4586 13.0 27.4791 43.9318 51.6693 54.1479 46.6628 41.1753 31.9476 46.4866 0.0 37.7944 49.8567 15.2971 54.6777 47.4503 42.4402 41.8977 38.7321 41.4266 29.024 42.5441 48.9183 55.2284 20.6155 45.1168 16.0312 59.5434 56.1663 60.8638 45.5768 34.6554 41.4368 16.0312 40.2251 18.0278 43.1485 45.1837 55.2284 62.8531 53.0754 42.2178 14.8661 
22.0227 54.3763 23.3452 12.7279 74.4353 82.353 47.8983 40.5488 31.1448 64.0078 39.6989 42.19 72.0857 13.8924 37.4433 51.2611 14.1421 22.3607 40.7455 23.0868 67.553 37.458 42.0119 17.4929 67.082 52.4273 66.7732 37.7944 0.0 51.0568 48.8365 17.4642 82.898 67.9019 43.1856 50.7732 74.8131 64.4716 61.4201 53.4603 30.8807 28.1916 23.3238 35.0886 34.0588 18.3848 24.1661 78.2368 45.2769 45.0999 26.0768 61.3607 38.4852 35.2278 13.9284 30.8807 60.8506 57.7062 77.6654 37.7359 
43.5899 70.4739 46.6453 61.9839 73.8356 72.0278 7.81025 55.5929 42.3282 16.6433 41.2196 34.9285 63.0714 41.6293 36.5258 65.5195 57.2713 72.2496 61.9935 32.7567 34.0147 15.2971 90.471 41.3038 90.8814 81.6536 29.1548 49.8567 51.0568 0.0 45.2217 57.3149 77.9128 92.1462 9.21954 29.1246 56.7186 73.6303 25.0799 4.24264 22.2036 68.6597 73.3757 62.8446 32.249 63.0714 72.0 56.7539 15.8114 8.60233 45.4001 89.9312 66.525 16.1555 64.7797 22.2036 13.0384 7.07107 86.7932 35.1246 
26.8701 27.8884 25.6125 51.197 33.2137 33.2457 49.8197 22.0907 17.6918 44.0454 9.21954 11.0 22.9784 35.3836 13.0 23.709 42.8259 68.8128 27.074 36.4997 30.4631 47.4322 69.3542 55.7535 48.9882 46.2911 34.1321 15.2971 48.8365 45.2217 0.0 65.192 37.291 50.4019 37.6563 34.4951 26.4197 29.8862 31.241 43.4626 50.9913 35.9026 60.3529 31.0644 64.7743 67.2086 72.2011 30.4631 29.4109 37.108 23.6008 52.2248 32.1406 38.9115 56.5379 50.9913 57.9396 46.9574 43.0491 13.6015 
38.4187 70.1339 40.2244 25.0799 91.3186 98.432 52.0 57.4321 47.634 72.5672 55.9732 57.542 88.1647 29.8329 53.0377 68.1444 30.4138 19.2094 56.503 37.0135 80.0853 42.107 49.3964 16.0312 82.8396 68.1836 78.4797 54.6777 17.4642 57.3149 65.192 0.0 99.7813 83.6594 51.4276 62.6656 90.5803 81.3549 73.0945 60.6712 35.1283 43.9492 30.8707 50.8462 30.6757 6.7082 16.1555 93.7575 56.256 53.6343 41.7253 77.0584 54.2428 46.3835 21.8403 35.1283 64.195 64.3817 91.942 53.1505 
60.0612 28.3196 59.569 74.0699 8.94427 15.5242 83.6977 42.848 54.9808 72.2357 46.5041 47.6155 16.4012 70.1658 50.115 31.699 68.3877 91.7643 41.7732 71.1132 52.4786 81.8344 80.6226 89.0974 33.0 41.4367 58.1808 47.4503 82.898 77.9128 37.291 99.7813 0.0 34.0147 71.7362 68.8972 29.7321 18.4391 57.7754 75.2765 85.3934 54.5619 78.5175 47.4236 99.1764 101.27 96.8566 34.2053 62.6977 70.6977 60.8633 41.3038 44.5982 73.3136 79.3769 85.3934 89.7334 77.9472 10.0 50.618 
56.6997 23.8537 54.5588 59.2284 31.3209 49.2544 96.3527 37.6431 50.4812 91.9806 52.1954 60.7264 46.1736 65.1557 55.8606 30.0167 53.7874 75.2728 32.5576 67.5725 76.9465 93.9588 54.5619 84.7585 1.41421 15.8114 81.1725 42.4402 67.9019 92.1462 50.4019 83.6594 34.0147 0.0 84.1871 81.0216 59.808 26.6271 78.6861 91.1528 97.5178 42.0476 59.6154 36.0555 99.6368 81.5843 80.9568 64.846 76.9772 83.7263 56.3101 9.21954 31.0161 85.438 64.0312 97.5178 105.143 95.3602 24.0208 57.2686 
34.6356 62.5148 37.691 53.6004 69.7045 66.6108 12.1655 47.6338 34.3691 21.2132 33.2605 27.0316 57.1402 32.8938 28.5667 57.5604 48.4665 65.0 54.0344 23.7065 32.6497 12.0416 81.7068 35.7351 82.9223 73.6945 29.0689 41.8977 43.1856 9.21954 37.6563 51.4276 71.7362 84.1871 0.0 21.1655 52.4976 66.3895 24.0416 10.4403 17.4929 59.7055 65.0 54.8855 30.4138 56.7776 65.2989 53.3104 9.21954 2.23607 36.4459 81.9721 58.566 8.0 56.7186 17.4929 22.0227 14.8661 79.5399 27.1655 
33.7386 59.3493 35.5707 59.01 66.5515 64.109 33.3311 44.4683 31.2036 33.6982 30.095 23.8661 54.3982 38.0172 25.4012 54.3949 52.4166 73.1327 50.8688 28.0263 35.4197 30.9371 85.1577 50.6893 79.7568 70.529 34.0 38.7321 50.7732 29.1246 34.4951 62.6656 68.8972 81.0216 21.1655 0.0 51.0476 63.2239 28.6469 28.2094 34.4962 53.4742 70.131 51.72 48.2792 66.9396 74.521 52.566 14.0 20.7047 28.9249 78.8065 55.4004 22.4164 63.0833 34.4962 42.121 32.3452 76.3868 24.0 
52.8015 43.0116 51.8652 77.5735 28.6356 17.4642 63.561 50.3249 43.8292 47.2652 35.2278 33.2415 13.8924 61.0737 37.5366 41.3038 69.2024 95.1893 51.1957 61.7382 25.4951 63.6946 94.1488 80.9921 58.5235 61.312 31.5753 41.4266 74.8131 56.7186 26.4197 90.5803 29.7321 59.808 52.4976 51.0476 0.0 34.5254 33.0151 53.3385 67.4896 62.0341 86.5404 56.1738 81.2726 93.086 98.4733 5.09902 43.3244 50.9608 48.9183 64.7611 55.9017 55.464 82.9144 67.4896 67.0298 55.0364 37.7359 37.4833 
43.2835 10.2956 41.1426 55.6537 10.0 28.7924 78.555 24.4217 37.065 70.8489 39.0994 40.2107 22.0227 51.7395 42.7103 13.2726 49.9715 73.3481 23.3452 54.1563 56.4309 76.1611 63.561 73.34 25.2389 27.0 60.6569 29.024 64.4716 73.6303 29.8862 81.3549 18.4391 26.6271 66.3895 63.2239 34.5254 0.0 58.0591 71.656 79.7202 36.1248 60.208 29.0 86.2206 77.8639 78.4404 39.6232 57.8636 65.6971 42.8939 30.3645 26.4008 67.6404 60.9607 79.7202 86.1932 74.9848 14.1421 43.2133 
43.0116 56.1726 44.1814 69.1158 53.6994 49.6488 32.6497 49.3964 37.855 14.5602 32.6956 25.632 42.0595 48.3887 30.0832 51.9933 62.0081 83.7796 55.5428 48.3887 8.94427 36.0694 93.9042 59.071 77.2725 74.3354 5.38516 42.5441 61.4201 25.0799 31.241 73.0945 57.7754 78.6861 24.0416 28.6469 33.0151 58.0591 0.0 21.1896 41.2311 60.2354 80.0062 57.8705 54.4518 77.4919 85.1645 32.249 17.0 21.9317 38.0132 80.5091 60.5392 30.2324 73.437 41.2311 34.1321 22.2036 63.5347 28.8617 
45.0 69.4804 45.78 64.0312 71.1993 69.0072 12.0416 54.6777 41.413 12.53 40.2244 33.6155 60.2993 43.3244 35.609 64.526 58.8727 75.0639 61.0782 34.0147 30.0832 18.9737 92.1141 44.7214 89.8879 80.7384 25.0599 48.9183 53.4603 4.24264 43.4626 60.6712 75.2765 91.1528 10.4403 28.2094 53.3385 71.656 21.1896 0.0 25.7099 70.0698 75.4321 61.9294 36.3593 66.2722 75.06 53.1507 14.4222 8.94427 39.1342 88.9377 65.6098 18.2483 67.082 25.7099 14.5602 4.47214 81.0346 34.2053 
40.231 75.8455 43.2864 43.2712 83.0477 80.6052 17.2627 59.3655 47.6998 37.9473 46.5912 40.3623 70.8945 30.4642 41.8974 70.8911 41.8774 50.8035 65.5782 29.7351 49.5274 7.0 72.682 19.105 96.253 85.751 46.4004 55.2284 30.8807 22.2036 50.9913 35.1283 85.3934 97.5178 17.4929 34.4962 67.4896 79.7202 41.2311 25.7099 0.0 55.5442 54.1794 66.0417 14.3178 41.0 50.0899 68.8109 24.8428 19.7231 42.0412 94.3418 69.8091 12.8662 44.7772 0.0 30.0832 29.2746 92.883 40.4962 
28.3032 26.6271 26.4465 19.7593 46.1 64.4942 68.1243 14.3178 22.3977 68.8842 29.0172 35.1283 55.4019 27.7627 30.2655 23.3452 14.0772 37.4537 12.8062 36.1688 63.1269 61.7417 34.0147 45.0483 41.1096 27.1662 64.7765 20.6155 28.1916 68.6597 35.9026 43.9492 54.5619 42.0476 59.7055 53.4742 62.0341 36.1248 60.2354 70.0698 55.5442 0.0 24.6982 7.2111 60.4407 41.9696 42.5461 66.1843 49.4742 61.153 33.0339 36.3456 11.4018 52.7031 25.0663 55.5442 80.4763 74.5324 48.5489 31.4006 
37.054 50.2096 36.3456 11.4018 70.1783 88.5766 71.197 38.9926 43.9318 85.0 52.0014 56.8859 80.0494 32.3883 51.788 47.8017 18.1108 16.1245 37.0135 42.2966 84.4808 60.7568 19.105 39.6232 59.0931 43.8634 85.0529 45.1168 23.3238 73.3757 60.3529 30.8707 78.5175 59.6154 65.0 70.131 86.5404 60.208 80.0062 75.4321 54.1794 24.6982 0.0 31.4006 56.6392 25.9615 22.0907 90.6906 65.3758 66.7083 42.0476 51.5461 33.9411 57.28 9.89949 54.1794 84.1493 79.8123 71.5891 52.6118 
26.0369 19.4165 23.896 26.6563 38.9657 57.3599 68.6889 9.0 20.5913 67.1193 25.4951 32.28 48.8478 34.6596 27.8568 16.4012 20.9741 44.3507 5.65685 36.9097 59.8415 62.4826 38.3275 51.9453 35.0143 22.1359 62.0967 16.0312 35.0886 62.8446 31.0644 50.8462 47.4236 36.0555 54.8855 51.72 56.1738 29.0 57.8705 61.9294 66.0417 7.2111 31.4006 0.0 67.3376 48.8665 49.443 60.8391 47.7253 54.4247 25.7391 31.3209 5.09902 53.444 31.9633 66.0417 81.2172 66.0653 41.3401 29.1548 
42.9762 77.9645 45.7059 46.7547 93.7948 94.3882 25.0799 62.2978 51.5154 48.8774 60.3742 54.1452 84.6774 35.3607 55.6804 73.01 46.6476 49.1935 68.5105 38.7619 63.0317 18.3848 75.6902 17.0294 98.3719 84.6763 59.4138 59.5434 34.0588 32.249 64.7743 30.6757 99.1764 99.6368 30.4138 48.2792 81.2726 86.2206 54.4518 36.3593 14.3178 60.4407 56.6392 67.3376 0.0 37.3363 46.8188 82.5939 38.6005 32.5269 45.037 93.6097 70.7342 26.6492 46.7547 14.3178 35.3553 38.9102 99.4144 54.2792 
40.3609 68.1542 41.7253 22.3607 92.8072 100.725 58.0775 56.2632 49.5177 77.9404 58.0517 60.2163 90.4576 32.0156 55.6058 65.2075 29.1548 12.7279 54.5234 40.3113 84.3593 48.0 43.8292 22.0907 80.8084 65.9242 82.8734 56.1663 18.3848 63.0714 67.2086 6.7082 101.27 81.5843 56.7776 66.9396 93.086 77.8639 77.4919 66.2722 41.0 41.9696 25.9615 48.8665 37.3363 0.0 9.48683 96.4002 60.7289 58.9843 44.2041 74.5453 52.2631 49.0483 18.0 41.0 70.4557 70.1142 89.9624 55.8032 
45.793 68.7307 46.6154 23.0217 88.405 105.422 67.2681 56.8397 54.6443 86.4743 63.2456 66.242 95.1551 38.0132 61.4003 65.784 31.241 6.0 55.0999 47.1699 91.7182 57.0789 37.6431 31.4006 80.3243 65.146 90.521 60.8638 24.1661 72.0 72.2011 16.1555 96.8566 80.9568 65.2989 74.521 98.4733 78.4404 85.1645 75.06 50.0899 42.5461 22.0907 49.443 46.8188 9.48683 0.0 102.083 68.6586 67.3706 50.1199 73.2462 52.8394 57.3213 17.4929 50.0899 79.7621 79.0063 90.5389 61.7738 
56.3028 48.0416 55.5698 81.4293 33.6155 20.8087 63.8905 52.1878 47.5079 46.0 38.9487 36.2353 18.7883 64.405 40.8044 46.1736 73.0582 98.9798 55.9017 64.9154 24.0 64.846 98.8433 84.1693 63.5689 66.4053 30.0167 45.5768 78.2368 56.7539 30.4631 93.7575 34.2053 64.846 53.3104 52.566 5.09902 39.6232 32.249 53.1507 68.8109 66.1843 90.6906 60.8391 82.5939 96.4002 102.083 0.0 44.2832 51.6236 52.2015 69.857 60.6712 56.9386 86.7702 68.8109 66.3702 54.4518 42.5441 40.6079 
29.7386 55.3048 31.5707 54.1479 58.6205 57.4282 21.0 40.4599 27.2029 19.9249 25.807 19.2354 48.0416 33.0606 21.2603 50.3504 48.4166 67.6018 46.8615 23.0868 24.8395 20.5913 81.1577 42.6732 75.7123 66.4845 22.3607 34.6554 45.2769 15.8114 29.4109 56.256 62.6977 76.9772 9.21954 14.0 43.3244 57.8636 17.0 14.4222 24.8428 49.4742 65.3758 47.7253 38.6005 60.7289 68.6586 44.2832 0.0 8.0 24.9249 74.7621 51.4004 13.4536 58.0 24.8428 28.6356 18.4391 71.0265 19.8494 
36.0832 62.054 38.2754 55.3173 66.6205 65.3758 13.0 47.173 33.9083 19.105 32.7997 26.5707 56.0357 34.4819 28.1059 57.0996 49.98 67.0075 53.5735 25.0799 30.6105 14.1421 83.2166 37.9473 82.4615 73.2337 26.9072 41.4368 45.0999 8.60233 37.108 53.6343 70.6977 83.7263 2.23607 20.7047 50.9608 65.6971 21.9317 8.94427 19.7231 61.153 66.7083 54.4247 32.5269 58.9843 67.3706 51.6236 8.0 0.0 31.6296 81.5112 58.1051 10.0499 58.5491 19.7231 21.6333 13.4164 78.86 26.7047 
5.0 34.6377 6.7082 31.4006 56.7861 56.8181 44.6884 19.0629 7.07107 44.623 14.4222 16.1245 46.5507 12.2066 11.4018 29.6833 24.0 47.5395 25.2756 12.9093 42.5793 38.4822 56.2939 32.1632 55.0452 45.4484 43.0116 16.0312 26.0768 45.4001 23.6008 41.7253 60.8633 56.3101 36.4459 28.9249 48.9183 42.8939 38.0132 39.1342 42.0412 33.0339 42.0476 25.7391 45.037 44.2041 50.1199 52.2015 24.9249 31.6296 0.0 54.0392 29.5065 29.4436 36.1386 42.0412 57.2167 43.2701 56.0877 11.6619 
54.337 24.4131 52.1961 52.2398 37.1214 56.0089 94.1376 34.9857 48.2597 93.2345 49.9803 57.1766 51.6236 60.9317 53.6455 29.7321 47.2462 67.4463 29.0689 65.2099 78.8923 90.7827 45.4533 78.2173 9.43398 9.21954 82.997 40.2251 61.3607 89.9312 52.2248 77.0584 41.3038 9.21954 81.9721 78.8065 64.7611 30.3645 80.5091 88.9377 94.3418 36.3456 51.5461 31.3209 93.6097 74.5453 73.2462 69.857 74.7621 81.5112 54.0392 0.0 26.2488 81.7441 56.7186 94.3418 102.928 93.1451 31.4006 55.0535 
29.8043 16.2788 27.6634 30.0529 36.4005 54.8234 72.4563 11.1803 24.2074 70.4911 27.8568 34.9285 48.1052 38.0562 30.8869 14.8661 24.3707 47.7074 5.09902 40.6771 61.8466 66.25 38.3275 55.3419 30.0 17.088 64.5136 18.0278 38.4852 66.525 32.1406 54.2428 44.5982 31.0161 58.566 55.4004 55.9017 26.4008 60.5392 65.6098 69.8091 11.4018 33.9411 5.09902 70.7342 52.2631 52.8394 60.6712 51.4004 58.1051 29.5065 26.2488 0.0 57.2114 35.3553 69.8091 79.5214 69.7457 37.8021 32.249 
27.6333 63.7657 30.6887 45.8803 70.9679 68.5254 15.6205 46.7678 35.62 29.1548 34.5114 28.2825 58.8146 25.4951 29.8176 58.8113 41.1461 57.0 52.9805 17.0294 38.2884 9.30714 74.3236 30.6966 84.1732 73.1533 35.5106 43.1485 35.2278 16.1555 38.9115 46.3835 73.3136 85.438 8.0 22.4164 55.464 67.6404 30.2324 18.2483 12.8662 52.7031 57.28 53.444 26.6492 49.0483 57.3213 56.9386 13.4536 10.0499 29.4436 81.7441 57.2114 0.0 48.8365 12.8662 27.8029 22.561 80.8032 28.4164 
31.3209 51.251 31.3847 5.65685 70.9253 89.3195 61.7949 39.36 39.3954 77.2334 47.8539 51.8652 80.4396 25.0799 46.8188 48.3043 14.2127 12.7279 37.6202 35.0571 78.6448 51.3546 29.0 29.7321 63.3246 48.2701 78.6384 45.1837 13.9284 64.7797 56.5379 21.8403 79.3769 64.0312 56.7186 63.0833 82.9144 60.9607 73.437 67.082 44.7772 25.0663 9.89949 31.9633 46.7547 18.0 17.4929 86.7702 58.0 58.5491 36.1386 56.7186 35.3553 48.8365 0.0 44.7772 74.7472 71.3863 73.0592 47.4342 
40.231 75.8455 43.2864 43.2712 83.0477 80.6052 17.2627 59.3655 47.6998 37.9473 46.5912 40.3623 70.8945 30.4642 41.8974 70.8911 41.8774 50.8035 65.5782 29.7351 49.5274 7.0 72.682 19.105 96.253 85.751 46.4004 55.2284 30.8807 22.2036 50.9913 35.1283 85.3934 97.5178 17.4929 34.4962 67.4896 79.7202 41.2311 25.7099 0.0 55.5442 54.1794 66.0417 14.3178 41.0 50.0899 68.8109 24.8428 19.7231 42.0412 94.3418 69.8091 12.8662 44.7772 0.0 30.0832 29.2746 92.883 40.4962 
55.4065 83.4703 58.4619 73.2411 85.6562 83.1505 13.0 68.5893 55.3246 21.1896 54.2033 47.8539 74.6726 53.1017 49.5222 78.5159 68.7488 80.8084 74.9898 44.8219 42.5793 23.4094 101.866 48.3735 103.878 94.65 36.8782 62.8531 60.8506 13.0384 57.9396 64.195 89.7334 105.143 22.0227 42.121 67.0298 86.1932 34.1321 14.5602 30.0832 80.4763 84.1493 81.2172 35.3553 70.4557 79.7621 66.3702 28.6356 21.6333 57.2167 102.928 79.5214 27.8029 74.7472 30.0832 0.0 12.0 95.4915 48.121 
49.4626 73.6879 49.9159 68.4105 73.87 71.1758 13.8924 58.8135 45.5488 10.6301 44.2041 37.4433 62.8013 47.7598 39.6989 68.7335 63.3246 79.1581 65.2141 38.4838 30.8058 22.3607 96.566 48.3735 94.0953 84.8676 25.2982 53.0754 57.7062 7.07107 46.9574 64.3817 77.9472 95.3602 14.8661 32.3452 55.0364 74.9848 22.2036 4.47214 29.2746 74.5324 79.8123 66.0653 38.9102 70.1142 79.0063 54.4518 18.4391 13.4164 43.2701 93.1451 69.7457 22.561 71.3863 29.2746 12.0 0.0 83.7053 38.2884 
56.4773 21.9545 54.3364 67.7522 10.0 25.318 91.7179 37.6155 50.2588 78.0106 52.2623 53.3736 23.8537 64.9333 55.8731 26.5707 62.07 85.4459 35.8469 67.3501 58.471 89.324 72.111 86.5338 23.0 32.2025 64.0434 42.2178 77.6654 86.7932 43.0491 91.942 10.0 24.0208 79.5399 76.3868 37.7359 14.1421 63.5347 81.0346 92.883 48.5489 71.5891 41.3401 99.4144 89.9624 90.5389 42.5441 71.0265 78.86 56.0877 31.4006 37.8021 80.8032 73.0592 92.883 95.4915 83.7053 0.0 56.3762 
16.1555 35.5963 16.2788 42.45 46.5408 46.5188 39.3311 21.095 9.05539 38.2753 6.32456 4.47214 36.2559 23.8537 1.41421 30.6419 34.5254 59.0931 27.4591 24.3084 32.0156 36.9371 65.3163 43.5623 56.0037 46.776 33.3766 14.8661 37.7359 35.1246 13.6015 53.1505 50.618 57.2686 27.1655 24.0 37.4833 43.2133 28.8617 34.2053 40.4962 31.4006 52.6118 29.1548 54.2792 55.8032 61.7738 40.6079 19.8494 26.7047 11.6619 55.0535 32.249 28.4164 47.4342 40.4962 48.121 38.2884 56.3762 0.0 
DEMAND_SCENARIO_SECTION
0 0 0 0 0 0 0 0 0 0 0 0 0 0 0 0 0 0 0 0 0 0 0 0 0 0 0 0 0 0 0 0 0 0 0 0 0 0 0 0 0 0 0 0 0 0 0 0 0 0 0 0 0 0 0 0 0 0 0 0 0 0 0 0 0 0 0 0 0 0 0 0 0 0 0 0 0 0 0 0 0 0 0 0 0 0 0 0 0 0 0 0 0 0 0 0 0 0 0 0 0 0 0 0 0 0 0 0 0 0 0 0 0 0 0 0 0 0 0 0 0 0 0 0 0 0 0 0 0 0 0 0 0 0 0 0 0 0 0 0 0 0 0 0 0 0 0 0 0 0 0 0 0 0 0 0 0 0 0 0 0 0 0 0 0 0 0 0 0 0 0 0 0 0 0 0 0 0 0 0 0 0 0 0 0 0 0 0 0 0 0 0 0 0 0 0 0 0 0 0 
7 6 6 8 7 8 8 8 7 8 10 6 5 6 6 3 6 3 5 6 6 7 8 7 6 9 7 6 5 5 6 6 3 7 8 1 6 7 5 6 4 7 7 4 2 11 8 8 6 6 8 5 11 4 8 8 2 8 3 7 4 5 5 7 6 10 3 8 7 7 4 8 8 5 9 7 6 6 5 5 6 10 7 3 6 2 7 4 5 7 7 7 8 5 9 4 3 6 10 4 7 7 7 3 2 4 4 6 2 5 4 5 5 6 7 6 8 4 7 1 6 5 9 5 2 7 5 7 3 6 11 5 9 3 4 6 7 3 4 6 3 5 7 4 4 6 3 8 5 5 5 6 7 6 9 5 4 5 8 7 7 7 8 3 4 7 5 6 2 5 9 3 5 7 9 10 5 7 6 4 4 7 7 4 5 4 3 3 8 4 4 6 8 7 4 5 8 5 7 6 
2 1 2 1 3 1 3 2 2 1 2 2 1 3 2 3 1 2 3 0 1 2 2 2 2 2 3 1 2 0 3 2 2 2 2 3 2 1 2 2 2 3 2 3 2 2 1 1 3 2 2 1 2 2 3 1 2 2 2 2 2 2 2 2 2 2 3 3 1 1 3 3 2 1 3 3 2 3 2 2 3 2 3 2 2 2 2 2 2 1 1 1 0 1 2 2 2 2 3 2 2 1 1 2 2 2 2 2 2 3 3 2 1 3 2 1 2 3 2 2 2 2 0 3 2 1 2 1 2 2 3 2 1 3 2 2 3 2 1 3 3 2 1 3 3 2 2 2 2 2 3 4 2 2 2 2 4 2 1 1 2 2 1 1 2 2 2 1 1 2 2 1 3 2 3 2 2 2 2 0 2 1 3 3 2 2 2 2 2 1 3 2 2 3 2 2 3 2 1 2 
4 5 0 5 5 4 7 5 5 4 6 2 3 3 4 4 4 6 4 4 4 6 4 5 4 2 4 4 3 6 6 6 4 3 3 1 4 5 5 6 3 5 3 1 6 5 4 3 5 3 4 1 3 5 3 4 4 3 6 5 1 3 4 5 5 3 4 4 5 6 1 5 5 5 4 3 3 2 5 4 4 6 6 3 4 3 4 5 4 4 3 3 3 3 3 5 4 3 4 6 4 5 4 4 3 5 3 5 5 4 3 5 3 5 4 3 4 7 3 6 3 3 4 2 6 4 5 4 4 5 5 4 5 2 3 4 3 4 3 2 2 6 4 4 5 6 5 2 5 2 6 5 6 3 4 3 2 6 4 4 4 5 4 4 3 2 4 6 3 3 5 6 1 8 3 3 3 2 3 3 4 7 6 5 4 5 6 1 4 5 0 3 3 5 2 5 3 6 7 3 
11 10 11 7 11 14 7 3 12 7 13 12 12 8 17 11 7 11 10 7 11 6 11 7 11 5 9 8 8 8 9 9 3 11 6 6 15 9 12 14 0 5 17 10 9 13 9 8 5 9 13 13 5 8 13 2 10 9 11 6 8 12 9 12 10 9 16 11 11 7 7 12 7 14 13 15 10 12 12 13 7 12 6 13 6 7 7 5 10 13 6 15 9 6 8 4 7 10 11 9 12 4 7 9 8 10 7 10 7 11 9 14 8 5 14 14 10 15 7 12 7 15 7 14 10 13 4 8 6 11 6 14 8 10 7 10 8 8 7 3 8 7 6 10 5 10 15 3 5 7 9 8 8 2 10 2 10 11 5 10 10 8 9 15 5 2 15 8 8 10 9 10 13 6 6 14 7 7 5 8 14 4 8 9 3 13 15 8 16 4 10 10 12 11 9 8 12 13 6 8 
10 4 9 1 6 5 1 7 7 6 7 8 9 7 6 7 8 9 6 11 5 9 12 8 5 8 6 4 10 11 10 7 6 7 8 8 8 12 4 3 13 9 11 7 7 10 7 11 11 12 8 7 7 11 9 7 8 11 6 11 5 10 7 10 11 8 4 5 15 8 5 6 6 8 10 8 2 11 4 9 11 9 9 10 8 11 11 8 3 6 7 6 11 8 1 16 7 8 6 7 13 12 12 11 10 6 8 10 8 4 8 8 5 7 12 11 8 7 9 11 11 8 10 10 7 12 4 9 7 8 7 11 4 5 9 9 6 7 8 7 10 10 9 8 9 6 6 5 10 7 7 5 8 13 10 4 5 8 7 6 10 5 6 10 10 5 8 5 7 7 11 7 9 7 10 3 10 11 9 7 9 5 11 8 12 12 5 7 8 8 6 8 10 7 14 11 9 6 10 11 
7 6 8 6 8 7 7 8 6 10 7 7 3 7 9 5 7 6 5 1 7 5 2 3 6 6 5 3 10 7 10 7 10 3 4 5 4 8 10 7 4 6 7 7 5 7 7 9 7 8 7 5 7 7 6 4 7 8 8 6 6 5 4 5 6 5 6 5 5 6 2 10 5 8 6 6 5 6 6 3 6 4 3 5 6 7 5 5 4 11 9 9 8 4 6 5 5 7 7 4 7 7 5 8 8 6 4 6 8 7 4 4 4 4 7 4 8 2 4 5 7 7 7 7 10 5 4 5 6 5 7 4 4 6 5 6 4 3 5 8 8 7 6 7 8 7 6 6 8 8 6 4 7 6 7 5 8 6 8 8 7 8 8 3 8 5 4 6 8 8 6 3 6 6 6 4 6 6 9 7 5 5 7 9 8 4 7 7 8 9 2 6 6 8 6 13 6 7 7 7 
2 5 5 5 3 3 4 4 5 5 4 4 5 3 6 4 3 7 5 7 3 4 3 6 2 5 5 4 4 2 5 4 2 2 6 2 5 3 5 4 4 4 3 3 5 6 5 4 4 4 6 4 5 4 4 3 5 5 8 4 4 2 4 5 3 4 5 4 3 4 5 5 6 2 3 5 4 6 6 3 6 4 5 6 5 4 7 3 3 2 3 4 5 3 2 2 2 4 4 6 6 3 5 3 5 5 4 3 7 6 3 7 2 4 5 3 3 3 3 4 3 6 5 4 4 2 4 3 5 4 4 6 5 2 3 3 4 2 5 4 6 7 6 4 4 3 5 4 2 5 4 5 4 5 3 4 3 6 4 3 4 2 3 6 5 4 4 4 4 4 3 4 7 4 2 4 4 2 2 5 4 2 4 3 3 5 3 4 3 3 2 3 6 5 6 6 3 5 6 3 
4 4 6 5 3 3 5 5 5 5 7 4 5 4 6 6 6 5 3 7 7 5 3 7 5 3 5 3 5 4 8 4 5 2 6 5 5 7 6 6 7 5 5 8 6 5 2 5 2 2 5 6 7 5 9 5 8 4 7 5 5 6 4 7 3 5 6 3 4 2 6 7 5 5 6 6 5 3 3 4 7 6 7 6 6 5 6 3 4 5 7 6 3 3 4 4 7 3 5 4 6 6 3 9 7 6 6 4 3 5 6 5 8 6 4 4 9 3 3 5 4 6 3 3 7 5 6 6 4 5 4 4 4 5 3 6 2 6 5 5 5 3 6 7 6 5 5 2 5 4 5 6 5 9 7 4 3 5 7 5 7 4 5 7 4 1 6 5 5 6 7 7 5 5 5 5 9 7 6 7 6 5 4 8 5 4 3 5 7 3 5 4 3 4 3 7 3 6 3 4 
2 2 2 2 3 2 4 5 4 4 3 2 2 3 2 2 3 3 1 3 2 4 3 3 5 2 3 2 1 3 5 3 3 2 2 2 5 1 3 4 4 3 2 4 3 3 3 2 4 3 1 6 2 3 4 4 1 2 3 3 3 4 4 2 3 4 3 4 1 4 4 3 5 4 2 3 2 3 5 4 3 2 5 5 4 3 3 2 3 3 3 5 1 1 4 1 2 3 4 2 2 3 4 2 4 3 4 2 4 3 3 3 3 5 4 3 3 3 4 3 2 4 3 4 4 2 3 3 3 3 0 2 2 4 1 4 3 3 4 3 2 1 4 2 3 4 4 5 1 4 2 4 2 3 4 5 3 1 3 3 3 4 2 2 4 3 3 4 3 3 1 2 4 1 3 3 4 2 5 4 2 2 3 4 4 4 2 2 3 3 4 2 3 3 4 2 1 3 3 2 
5 6 5 3 8 5 6 8 8 4 5 4 6 4 3 5 6 3 6 9 6 5 6 5 4 6 3 2 2 5 5 7 5 4 4 7 5 6 5 6 5 4 5 6 8 6 4 6 4 4 7 5 4 3 7 4 3 5 3 3 7 5 2 6 3 4 2 4 4 5 7 4 2 3 4 4 8 3 6 3 9 2 3 3 3 7 6 5 1 5 0 5 5 4 6 5 7 7 6 7 4 7 4 7 8 5 4 9 4 5 5 5 3 3 10 5 5 4 2 4 3 4 3 4 5 8 6 4 5 6 6 4 5 0 4 5 2 4 8 4 1 6 3 3 7 3 4 6 6 5 7 1 4 4 5 8 5 5 2 2 6 3 6 6 5 2 5 6 6 4 3 6 4 4 4 3 4 7 6 4 5 3 6 6 5 6 6 5 9 5 5 6 3 9 6 7 4 7 7 6 
6 4 3 3 5 6 1 6 6 3 4 5 0 3 4 6 2 4 3 7 5 5 3 5 6 4 4 5 4 3 6 2 4 7 6 5 6 4 4 7 6 5 3 6 4 2 6 7 6 5 5 7 4 8 7 5 8 5 4 5 6 7 4 5 7 3 8 10 8 6 3 6 2 9 4 6 3 6 4 7 7 6 7 8 4 5 8 5 4 6 5 4 4 1 4 7 6 4 5 7 5 5 3 3 5 5 7 3 4 1 7 3 5 4 6 4 6 3 3 6 5 4 3 7 2 2 6 3 3 2 6 4 4 5 4 5 6 6 3 6 4 5 6 7 5 4 5 5 4 7 1 6 3 8 4 7 5 4 4 5 4 6 6 4 5 5 4 3 3 4 9 6 5 6 6 6 4 5 4 2 7 2 2 2 5 6 8 5 4 6 4 3 4 4 6 7 5 9 7 4 
11 4 16 9 14 13 14 4 9 8 14 13 11 14 13 7 12 8 12 10 11 8 8 9 18 14 9 6 8 14 8 14 9 6 18 11 10 10 9 16 9 8 5 8 9 12 4 8 15 13 13 15 11 15 8 10 10 15 14 18 12 11 12 12 6 13 16 11 13 12 14 9 5 8 7 4 8 14 9 8 5 13 9 8 13 12 10 12 6 6 2 5 13 15 14 8 16 10 6 12 11 6 13 12 8 13 17 15 11 14 8 9 10 13 8 7 14 11 14 12 8 13 2 10 14 7 13 11 8 11 7 13 18 12 9 6 11 10 15 9 10 18 12 14 11 9 13 11 7 10 7 12 16 15 15 14 17 15 13 10 11 8 7 8 9 6 9 11 15 6 0 8 15 9 13 8 7 13 6 12 8 6 16 12 7 9 11 15 5 15 6 8 15 15 6 10 5 5 10 7 
7 11 7 7 11 7 7 11 9 8 4 8 9 5 7 2 9 7 9 3 9 8 9 11 7 8 8 8 9 0 8 7 7 5 7 4 12 4 5 8 7 7 5 6 8 10 6 6 6 6 10 9 7 8 4 11 5 8 11 7 9 7 7 4 6 7 7 8 11 5 12 7 6 8 6 8 7 9 8 5 6 6 8 11 11 9 11 10 8 12 5 9 3 8 6 8 6 6 3 4 4 8 7 9 10 7 7 3 5 9 5 8 8 8 4 9 3 5 5 5 9 9 8 7 5 9 6 7 8 10 7 4 6 8 7 6 7 6 8 1 7 5 10 9 8 8 7 9 7 10 12 5 7 6 8 0 7 3 10 5 8 5 6 7 10 5 11 13 5 9 8 8 5 5 7 9 7 9 5 11 3 10 9 5 7 3 6 9 5 7 3 6 10 2 6 8 9 8 11 4 
4 5 4 7 6 4 2 4 2 4 3 6 3 3 4 3 5 5 1 4 2 2 5 5 5 4 3 4 2 6 4 3 6 5 2 5 5 7 4 7 7 5 6 5 2 5 4 4 1 6 4 5 4 4 4 3 4 5 4 5 2 7 3 2 4 1 6 3 3 6 4 4 5 4 4 4 3 4 5 5 2 3 3 4 4 2 5 5 5 4 4 2 3 5 5 4 5 6 4 4 4 4 4 6 5 5 4 3 6 4 6 3 9 4 4 6 3 5 3 4 2 4 3 2 3 4 2 6 1 2 3 6 4 4 5 2 5 4 3 4 3 3 5 7 6 4 4 3 3 3 4 3 5 2 3 5 4 3 2 2 4 5 3 3 5 4 2 6 4 5 0 4 4 3 3 6 2 5 4 4 3 3 3 3 4 2 7 5 2 6 5 5 5 3 6 4 3 3 4 4 
2 3 2 2 2 3 1 2 1 3 2 1 2 2 2 2 1 2 3 2 3 2 2 2 3 3 3 2 2 2 2 1 2 2 1 1 2 3 2 2 0 2 3 2 1 2 2 2 3 3 2 3 1 2 2 3 2 1 3 2 1 2 2 1 1 3 2 1 1 3 2 2 2 2 1 2 3 1 2 3 0 3 3 4 2 2 1 3 3 1 2 3 3 1 3 2 3 3 2 2 2 2 3 2 1 2 2 2 2 4 3 2 1 2 3 1 2 2 1 2 2 2 2 2 2 3 3 2 3 2 1 2 2 1 2 1 2 2 2 2 2 2 3 0 1 2 2 1 2 2 3 2 2 2 2 2 3 3 2 1 3 2 1 2 3 2 1 3 2 2 2 2 3 3 2 2 2 3 2 2 2 2 2 2 2 2 3 2 4 2 2 2 2 3 3 1 2 2 2 1 
10 8 6 12 5 11 10 9 6 12 8 9 5 9 9 9 6 8 7 6 10 11 10 2 7 8 9 7 5 8 10 8 9 8 10 4 10 13 7 10 12 9 7 8 9 9 5 12 8 12 6 10 7 9 12 11 4 10 5 7 14 10 7 9 10 11 6 6 8 8 9 11 10 8 11 13 8 6 4 13 3 12 9 8 12 8 12 8 8 7 7 10 11 5 8 11 10 10 12 8 6 10 6 3 6 6 7 5 6 9 9 4 7 14 5 7 7 5 7 8 14 7 9 13 3 11 15 11 8 6 8 11 9 9 10 5 6 8 8 10 5 7 2 7 10 8 7 5 7 5 7 7 10 10 13 9 3 9 5 12 6 6 10 5 6 5 10 3 6 6 8 7 10 14 5 9 7 11 4 8 5 7 9 10 7 10 7 6 6 7 12 6 7 9 5 7 6 8 9 10 
7 10 10 5 7 13 4 15 7 10 6 10 6 7 11 10 10 6 10 13 8 8 7 10 6 6 12 9 5 10 8 17 10 11 9 3 14 8 12 9 9 11 9 10 10 9 9 7 9 9 9 7 15 13 6 9 6 2 7 8 8 5 9 5 8 10 10 5 17 10 8 11 14 10 5 10 13 12 14 10 8 4 11 15 15 9 7 10 13 14 8 7 8 7 13 9 9 10 11 11 0 11 9 9 6 7 11 5 12 11 8 3 11 12 5 10 7 12 3 11 15 12 5 9 9 9 6 13 12 7 5 9 5 7 9 4 8 9 7 10 6 11 9 11 7 10 12 9 8 9 15 9 7 15 10 14 12 6 7 5 10 11 15 6 15 10 9 10 8 9 10 4 7 9 10 5 16 9 12 9 4 11 11 9 5 10 15 6 10 13 4 9 11 14 10 8 11 7 10 10 
5 3 7 4 2 3 5 4 6 5 3 4 4 7 5 6 6 5 6 6 4 4 5 7 6 3 3 4 3 3 4 3 5 5 6 7 6 5 5 7 2 4 4 6 7 7 5 6 6 4 6 2 4 8 5 3 5 3 7 5 6 5 3 4 6 5 4 5 6 5 2 3 7 3 6 3 4 4 6 4 5 4 7 6 8 5 7 4 5 6 3 5 6 7 5 5 6 4 3 5 8 1 6 5 7 6 4 5 2 6 7 5 4 4 8 9 4 4 7 6 5 3 7 6 2 3 7 5 6 6 6 5 3 5 6 3 3 3 7 5 8 7 6 6 5 8 6 8 6 5 4 5 10 5 3 5 7 5 5 6 3 5 4 4 5 3 6 4 8 4 6 6 6 5 6 4 7 3 5 4 5 4 5 3 7 7 3 4 6 7 4 8 5 3 5 4 7 6 3 5 
2 3 2 3 2 2 2 1 1 3 2 2 3 1 2 2 2 2 2 2 2 2 2 2 3 1 2 2 1 3 2 2 3 3 1 2 2 2 2 1 2 1 3 3 3 1 2 1 1 3 2 2 3 2 2 3 2 2 2 2 2 1 1 1 3 1 2 2 1 2 2 0 2 1 2 3 2 2 1 3 3 3 2 1 3 2 2 2 2 2 2 2 2 2 2 2 1 1 1 2 1 3 2 2 3 2 3 1 2 2 2 2 2 2 2 2 2 2 1 2 1 3 3 3 3 2 2 3 3 1 3 1 3 3 2 1 1 2 2 3 1 3 1 3 1 1 2 2 4 2 2 1 1 2 0 3 2 1 3 0 3 2 2 3 2 3 3 2 3 2 2 2 2 2 2 2 2 2 2 2 2 2 3 3 2 3 1 2 2 2 2 1 2 2 2 2 2 2 3 3 
5 8 3 4 5 8 3 6 3 5 9 4 5 6 4 3 6 5 4 3 7 8 6 5 4 4 4 5 6 3 3 3 4 5 8 6 6 7 6 5 4 2 3 6 9 6 6 3 6 4 1 7 5 7 6 7 4 4 6 5 5 7 5 5 5 5 6 7 6 4 7 4 8 5 5 5 5 7 5 7 5 5 7 4 3 2 8 3 5 8 6 6 5 7 3 5 4 5 5 6 7 3 1 4 3 6 6 7 4 5 5 7 5 1 4 4 8 3 7 5 5 6 9 4 7 4 4 7 8 2 4 5 3 6 6 5 4 4 5 7 4 5 4 5 7 3 5 3 2 7 4 4 6 3 3 6 4 5 9 4 3 5 6 4 6 5 5 3 6 5 5 3 5 6 5 4 6 6 5 4 3 7 6 7 4 6 6 5 5 4 5 3 7 6 3 3 6 4 5 3 
1 1 1 1 1 1 1 1 1 1 1 1 1 1 2 1 1 1 1 1 1 2 2 1 1 1 1 1 1 1 1 1 1 1 1 1 2 1 1 1 1 1 1 1 1 1 1 0 1 1 1 1 1 1 1 1 2 1 1 1 1 1 0 1 1 2 1 2 1 1 1 1 1 1 1 1 1 1 1 1 1 2 1 2 1 1 1 1 1 2 1 1 1 1 1 1 1 1 1 1 2 1 1 1 2 1 1 1 1 1 1 2 0 1 1 1 1 1 1 1 1 1 1 1 1 1 1 1 1 1 1 1 1 1 1 1 1 1 1 1 1 1 1 1 1 0 1 1 1 1 1 1 1 1 1 1 1 1 1 1 1 1 1 1 1 1 1 2 1 1 1 1 1 1 0 1 1 1 1 1 1 1 1 1 1 0 2 1 1 1 1 1 1 1 2 1 1 1 1 1 
2 1 1 3 2 1 2 1 3 3 2 2 1 2 3 1 3 1 0 3 2 2 3 2 2 3 2 2 2 2 2 1 2 1 3 3 2 2 2 3 2 2 2 3 1 3 2 1 2 2 2 3 1 3 3 1 2 1 3 4 1 2 3 1 2 3 2 3 3 2 1 1 2 2 2 3 2 3 2 3 3 3 2 2 3 1 1 2 2 2 2 2 2 1 1 2 2 1 2 3 2 1 2 2 2 1 2 3 2 3 2 2 2 2 1 2 3 2 2 3 2 2 3 2 2 2 4 3 1 2 2 2 2 2 3 2 0 2 2 1 2 1 0 2 2 1 2 2 2 2 2 3 1 1 3 3 1 2 1 1 1 2 3 2 2 3 2 1 2 3 3 2 2 2 3 1 3 2 2 1 2 2 2 2 3 2 2 3 2 2 2 2 1 3 2 2 1 2 2 1 
