NAME  : Jabali_60_3_0.90_1_2
TYPE : SVRP
MODEL : FINITE_SUPPORT
NUMBER_OF_SCENARIOS : 200
DIMENSION : 60
EDGE_WEIGHT_TYPE : MATRIX
CAPACITY : 108
N_VEHICLES : 3
NODE_COORD_SECTION
1 4966 4554
2 6116 5660
3 6221 7133
4 6123 7378
5 2353 2529
6 912 3510
7 1707 2918
8 3920 8151
9 5678 2934
10 5305 647
11 548 2853
12 27 3378
13 6629 519
14 6943 7451
15 5918 8144
16 5746 2382
17 6042 3588
18 4794 5691
19 5849 369
20 8249 3907
21 5821 18
22 4045 1384
23 1947 4558
24 4188 2257
25 2936 3255
26 1022 3195
27 5730 6937
28 6152 4353
29 5267 813
30 3546 6751
31 6311 654
32 8609 5044
33 5383 8442
34 1855 3674
35 4505 631
36 6570 2965
37 8065 6991
38 2705 8751
39 3850 7880
40 4849 780
41 5681 7582
42 3938 3047
43 2501 8801
44 7806 3644
45 2476 8591
46 3245 4892
47 7549 4589
48 4756 2546
49 3940 5636
50 1748 6309
51 2347 5299
52 6452 5767
53 3967 4041
54 3384 8233
55 5297 4130
56 5558 8141
57 3242 7855
58 3293 7640
59 354 2923
60 5525 6948
DEMAND_SECTION
1 0.0
2 2.0
3 8.0
4 3.0
5 4.0
6 2.0
7 6.0
8 2.0
9 9.0
10 5.0
11 8.0
12 7.0
13 3.0
14 8.0
15 9.0
16 1.0
17 3.0
18 2.0
19 3.0
20 3.0
21 8.0
22 5.0
23 1.0
24 6.0
25 1.0
26 9.0
27 1.0
28 4.0
29 9.0
30 10.0
31 9.0
32 1.0
33 1.0
34 3.0
35 3.0
36 4.0
37 5.0
38 7.0
39 6.0
40 7.0
41 4.0
42 4.0
43 1.0
44 7.0
45 9.0
46 2.0
47 7.0
48 1.0
49 5.0
50 6.0
51 8.0
52 8.0
53 6.0
54 5.0
55 7.0
56 6.0
57 7.0
58 9.0
59 3.0
60 1.0
DEVIATION_SECTION
1 0.0
2 0.666667
3 2.66667
4 1.0
5 1.33333
6 0.666667
7 2.0
8 0.666667
9 3.0
10 1.66667
11 2.66667
12 2.33333
13 1.0
14 2.66667
15 3.0
16 0.333333
17 1.0
18 0.666667
19 1.0
20 1.0
21 2.66667
22 1.66667
23 0.333333
24 2.0
25 0.333333
26 3.0
27 0.333333
28 1.33333
29 3.0
30 3.33333
31 3.0
32 0.333333
33 0.333333
34 1.0
35 1.0
36 1.33333
37 1.66667
38 2.33333
39 2.0
40 2.33333
41 1.33333
42 1.33333
43 0.333333
44 2.33333
45 3.0
46 0.666667
47 2.33333
48 0.333333
49 1.66667
50 2.0
51 2.66667
52 2.66667
53 2.0
54 1.66667
55 2.33333
56 2.0
57 2.33333
58 3.0
59 1.0
60 0.333333
DISTANCE_MATRIX
0.0 31.9151 43.4222 43.2883 46.4005 61.4004 53.1041 50.0 22.8045 53.2924 69.3506 71.5282 58.1511 52.6815 48.8183 29.8494 19.4165 18.4222 57.545 47.0744 61.619 51.4319 47.45 35.8114 35.4138 63.5918 36.9662 17.088 52.1441 35.805 55.6553 51.9711 50.6258 49.4185 59.3296 30.3645 57.7065 64.4438 47.634 52.8673 41.0713 24.9345 65.9469 42.2966 64.6607 27.2237 37.1618 34.1531 19.6977 49.4975 36.1248 35.0377 18.3417 53.7587 7.07107 47.4222 50.2494 48.1664 70.4599 35.1304 
31.9151 0.0 25.2956 28.1001 69.7174 76.6647 71.4873 41.8882 38.8047 69.2965 82.7922 88.1804 71.3283 28.9772 36.2075 45.2856 29.0067 21.4929 72.8944 40.5216 77.0163 64.8725 56.4415 60.0976 57.7973 75.4929 24.3554 18.7279 68.1716 36.0 69.7367 38.3275 38.015 63.6281 71.302 37.4261 34.0022 59.274 40.4081 68.906 28.4605 51.851 61.1214 38.4838 60.407 43.7022 27.6586 52.2899 28.178 57.7235 49.2443 4.12311 48.104 47.5919 28.5393 34.8114 45.8803 44.3847 84.336 22.5196 
43.4222 25.2956 0.0 2.82843 79.3999 86.1196 81.1698 34.3657 55.05 85.4557 91.5506 97.7345 86.5122 11.4018 13.6015 61.3897 45.1496 33.0 88.7564 48.8774 92.8781 94.6412 64.4065 79.0208 67.4797 83.8186 7.2111 35.0 84.3542 35.8469 85.214 41.9762 19.8494 73.1378 87.5208 52.3363 25.9422 52.6118 34.0588 85.1249 8.544 68.1439 54.5894 48.4215 54.3323 53.3847 36.0555 77.3624 35.5913 59.9416 55.3113 23.0623 57.7865 41.1947 48.8494 15.6205 41.0122 40.1123 93.2304 8.48528 
43.2883 28.1001 2.82843 0.0 79.2659 85.9857 81.0358 32.1403 57.8545 96.3678 91.4167 97.6006 89.3167 11.4018 10.8167 64.1941 47.9541 32.8661 91.5608 51.6236 95.6826 94.5073 64.2725 78.8868 67.3458 83.6847 8.24621 37.8045 95.2196 34.8855 88.0185 44.3847 17.0294 73.0038 102.405 55.1408 26.9258 50.3587 32.0 95.9427 6.08276 68.0099 52.345 51.226 52.1536 53.2508 38.833 77.2285 35.4573 59.1692 55.1725 25.8668 57.6525 39.0512 48.7155 12.8062 39.1152 38.3275 93.0965 8.94427 
46.4005 69.7174 79.3999 79.2659 0.0 20.025 10.0 76.531 47.2533 45.7056 29.0689 26.8328 62.2013 90.5724 84.5612 46.5728 52.4453 56.2245 53.9351 82.5006 55.7853 27.0 27.2029 41.7965 12.3693 27.6586 72.9439 56.0263 44.5533 57.5587 58.2151 90.9118 84.8032 16.4012 36.4005 57.2238 98.3118 83.4865 73.5527 39.8121 77.049 23.3452 84.1546 76.162 82.28 40.0151 75.4322 33.7624 44.1955 51.3128 36.2491 72.84 32.311 76.6877 44.8219 82.4924 71.8053 69.6348 29.2746 71.1081 
61.4004 76.6647 86.1196 85.9857 20.025 0.0 10.0499 77.7817 65.8049 65.3758 9.05539 11.7047 82.0975 97.2921 90.8735 65.2542 68.5101 63.1719 73.5527 98.9224 75.1332 47.0106 23.3452 46.1144 26.4197 9.89949 79.6636 71.4003 64.2806 59.2284 78.1025 106.607 90.1388 13.0384 55.7315 75.7754 110.663 80.3057 74.8131 59.4138 83.6301 40.7185 80.5047 93.1555 78.5175 46.9625 91.2634 52.2015 50.5371 44.7214 34.3657 79.7874 44.5533 76.1052 60.0 88.3912 71.1126 69.1809 9.48683 77.8278 
53.1041 71.4873 81.1698 81.0358 10.0 10.0499 0.0 76.0066 56.0877 55.5788 19.105 18.4391 72.1734 92.3423 86.3308 55.4195 59.6353 57.9944 63.7887 90.0475 65.5134 37.0 22.8035 36.2797 17.6918 18.0278 74.7138 63.0317 54.4518 57.0351 68.1836 98.0816 86.3481 10.4403 46.0977 66.0582 105.02 80.8084 73.0068 49.6488 78.7964 31.3847 81.2527 84.2806 79.3095 41.7851 82.6196 42.5441 45.8803 46.6154 33.3766 74.61 37.2022 75.2396 51.6624 84.2021 70.2567 68.1836 19.4165 72.878 
50.0 41.8882 34.3657 32.1403 76.531 77.7817 76.0066 0.0 72.3785 103.11 80.5233 89.2693 107.808 41.1947 26.6833 79.5063 66.9937 39.609 107.363 82.0833 111.437 90.6636 54.4518 78.8029 65.1153 72.2772 31.9531 59.8516 101.962 19.0263 105.312 76.2955 20.6155 66.1211 102.415 78.1531 57.4282 18.2483 3.0 102.685 26.0768 67.4927 20.2237 80.3078 20.025 51.1475 69.1783 83.9709 34.176 38.0789 43.4166 56.1455 55.5492 7.07107 55.4584 22.561 9.21954 10.0 82.4621 30.0832 
22.8045 38.8047 55.05 57.8545 47.2533 65.8049 56.0877 72.3785 0.0 30.679 74.6584 73.9304 35.4683 58.7315 71.1656 7.2111 10.0499 40.7696 34.9316 36.8782 39.0056 26.2204 55.0 21.4454 40.0911 70.6831 59.3136 20.0998 29.5308 58.6089 33.0151 48.2597 72.9732 56.1712 32.6499 12.083 61.6604 87.2067 70.0712 30.2539 63.4187 25.5813 88.7299 30.6105 87.4586 46.5601 33.121 13.6378 42.4012 70.2358 55.109 41.3411 28.1603 76.3806 17.0294 69.7696 73.0 70.9366 75.2908 57.4778 
53.2924 69.2965 85.4557 96.3678 45.7056 65.3758 55.5788 103.11 30.679 0.0 74.2428 69.1158 17.2627 89.1372 101.898 24.0832 40.3113 71.5017 8.24621 58.3095 10.8167 19.6977 68.1548 27.2716 46.8102 73.3485 90.0457 50.636 1.41421 86.0724 13.3417 73.0821 103.705 60.7289 10.198 35.3553 91.0494 114.292 100.79 6.0 94.1508 37.5669 115.359 52.2015 113.695 67.4404 59.8415 29.6816 71.6208 90.0402 73.7987 71.8329 51.3806 106.986 47.6523 100.502 101.159 98.9242 74.108 88.2099 
69.3506 82.7922 91.5506 91.4167 29.0689 9.05539 19.105 80.5233 74.6584 74.2428 0.0 11.1803 91.0494 102.723 95.7706 74.2159 76.922 69.2993 82.3893 107.331 83.863 56.0357 27.2947 55.0825 34.9285 8.24621 85.0946 79.3506 73.171 62.6259 87.0517 114.57 94.4299 20.0 64.4981 84.6289 116.791 81.0247 77.6209 68.2642 88.8369 49.3964 81.0 101.568 79.0 53.0977 99.3227 61.0328 56.0357 45.0111 37.6962 85.9148 52.0096 78.0897 67.9559 93.0215 73.1642 71.3863 2.0 83.2588 
71.5282 88.1804 97.7345 97.6006 26.8328 11.7047 18.4391 89.2693 73.9304 69.1158 11.1803 0.0 86.2844 108.907 102.552 73.5369 78.0578 74.6875 77.026 108.47 78.0256 52.3927 34.9285 68.1455 36.1248 18.2483 91.2785 81.4678 68.1836 70.8308 82.2982 116.516 101.843 24.5967 59.0339 83.9009 123.444 91.0494 86.3134 63.1269 95.2733 49.6488 91.1373 102.839 89.1403 58.4782 101.045 60.4395 62.1691 55.1453 45.8912 91.3031 55.3173 87.367 70.0928 100.09 82.3893 80.5047 9.43398 89.4427 
58.1511 71.3283 86.5122 89.3167 62.2013 82.0975 72.1734 107.808 35.4683 17.2627 91.0494 86.2844 0.0 90.1388 99.7965 28.3196 43.0465 76.199 10.2956 51.2445 12.0416 35.3553 82.6292 39.447 62.1518 89.6772 94.743 53.2353 18.1108 93.9555 4.0 67.1193 108.403 76.4853 27.4591 34.176 89.1067 122.577 105.482 23.1948 98.8481 49.6588 124.088 46.0109 122.807 79.204 56.4358 39.6611 77.7478 102.0 85.8662 73.8647 63.1249 111.845 52.4976 105.199 108.378 106.302 91.0055 92.9072 
52.6815 28.9772 11.4018 11.4018 90.5724 97.2921 92.3423 41.1947 58.7315 89.1372 102.723 108.907 90.1388 0.0 15.1327 65.0712 48.8312 44.1725 92.4379 48.7955 96.5597 84.8262 75.579 80.0512 78.6522 94.9911 18.6011 38.6815 88.0357 46.1411 88.8876 38.4708 22.3607 84.3103 91.2024 55.9732 16.2788 59.0085 41.5933 88.8064 16.1555 71.8046 61.0082 49.8197 61.0737 64.5572 37.0135 72.2436 46.7638 70.4911 66.4838 26.7438 68.959 48.2597 48.4929 19.0263 49.0306 48.5077 104.403 19.8494 
48.8183 36.2075 13.6015 10.8167 84.5612 90.8735 86.3308 26.6833 71.1656 101.898 95.7706 102.552 99.7965 15.1327 0.0 78.2934 58.4339 38.3961 106.15 61.6117 110.224 100.037 68.4763 84.4168 72.6411 87.818 17.4642 48.2843 100.75 35.3553 98.4982 52.9245 7.28011 78.0 107.935 65.6206 31.0161 44.1022 27.5136 101.473 8.0 73.5399 46.0977 61.6198 46.2709 58.7808 49.0408 82.7585 40.4969 59.5483 58.5235 36.3465 63.1825 33.7343 54.2455 4.12311 35.1141 34.9285 97.5295 17.1172 
29.8494 45.2856 61.3897 64.1941 46.5728 65.2542 55.4195 79.5063 7.2111 24.0832 74.2159 73.5369 28.3196 65.0712 78.2934 0.0 16.2788 47.8973 27.8568 38.4187 31.9531 22.6274 59.3043 19.6977 40.1995 70.7107 66.4413 26.6833 23.0217 65.6538 25.807 51.4296 80.1009 56.3205 27.2029 13.0384 67.1863 94.2757 77.1803 24.3311 70.5464 26.0 95.786 32.0156 94.5057 53.1096 37.0 14.0357 49.4462 76.7844 61.5155 47.822 34.7321 83.492 24.2094 76.8973 80.0762 78.0002 74.7311 64.6055 
19.4165 29.0067 45.1496 47.9541 52.4453 68.5101 59.6353 66.9937 10.0499 40.3113 76.922 78.0578 43.0465 48.8312 58.4339 16.2788 0.0 35.3847 43.9659 30.4138 48.0833 35.9844 56.8859 31.2094 42.0972 71.8679 53.9287 10.4403 39.2046 54.1202 41.1461 39.6989 67.5883 57.3847 42.4138 11.1803 51.6236 81.991 64.6864 40.0125 58.0338 30.9559 83.5862 24.6982 82.4239 46.0128 24.2074 23.4018 38.8973 68.884 55.0091 31.5432 28.0713 71.0079 12.3693 64.3847 67.7853 65.794 77.8328 52.0929 
18.4222 21.4929 33.0 32.8661 56.2245 63.1719 57.9944 39.609 40.7696 71.5017 69.2993 74.6875 76.199 44.1725 38.3961 47.8973 35.3847 0.0 75.7544 58.037 79.8284 69.6412 42.9487 54.0208 44.3044 62.0 26.544 28.7386 70.3535 26.8473 73.7031 58.8179 40.2036 50.1352 77.5389 46.5441 55.4914 54.6063 37.3017 71.0767 30.6491 43.1439 56.2015 54.4876 55.0392 30.2094 46.107 52.3624 14.7703 45.3038 35.7648 24.6155 34.6111 43.6232 23.8494 37.0 40.4005 38.4093 70.8431 24.7082 
57.545 72.8944 88.7564 91.5608 53.9351 73.5527 63.7887 107.363 34.9316 8.24621 82.3893 77.026 10.2956 92.4379 106.15 27.8568 43.9659 75.7544 0.0 57.7235 4.12311 27.8568 76.3247 34.3111 54.9802 81.5843 94.2984 54.4059 9.48683 93.1119 7.07107 73.1642 107.958 68.9638 18.0 37.1214 93.1343 121.971 105.043 14.1421 98.4035 44.6064 122.398 51.9711 120.734 74.4799 61.0328 36.1248 78.6602 97.0796 80.8382 75.4308 58.4201 111.239 51.9049 104.754 107.772 105.696 82.2192 92.4626 
47.0744 40.5216 48.8774 51.6236 82.5006 98.9224 90.0475 82.0833 36.8782 58.3095 107.331 108.47 51.2445 48.7955 61.6117 38.4187 30.4138 58.037 57.7235 0.0 61.3922 60.959 86.4159 56.6927 72.5094 102.157 50.2788 30.2655 57.7754 75.8024 51.788 16.0312 68.5055 87.7268 64.4981 25.4951 41.5933 99.7831 80.9173 60.8276 57.3062 61.3682 101.631 6.40312 100.919 74.2681 13.0 48.8851 64.0312 95.0474 83.0241 40.8534 57.3076 88.101 40.5216 64.3506 86.4002 84.8999 108.245 52.2483 
61.619 77.0163 92.8781 95.6826 55.7853 75.1332 65.5134 111.437 39.0056 10.8167 83.863 78.0256 12.0416 96.5597 110.224 31.9531 48.0833 79.8284 4.12311 61.3922 0.0 30.4138 78.8136 37.7607 57.4691 83.4326 98.3724 58.5235 12.2066 96.5616 9.84886 76.9415 112.032 71.1688 19.4165 41.1947 97.1854 124.781 109.117 16.1555 102.477 48.056 125.848 55.7315 124.184 77.9295 65.0077 39.8246 82.1099 100.529 84.2879 79.5528 61.8697 115.313 55.9789 108.828 111.846 109.77 83.6002 96.5366 
51.4319 64.8725 94.6412 94.5073 27.0 47.0106 37.0 90.6636 26.2204 19.6977 56.0357 52.3927 35.3553 84.8262 100.037 22.6274 35.9844 69.6412 27.8568 60.959 30.4138 0.0 48.468 17.2818 27.1235 54.3323 88.1852 46.188 18.3848 72.1482 31.4006 73.36 101.845 41.2311 12.8062 35.4683 87.4903 100.368 87.7472 14.4222 92.2904 27.5771 101.434 54.5619 99.7703 53.5161 58.4227 19.9899 57.6965 70.9368 54.6968 67.409 41.3908 91.8262 49.8299 98.6412 87.2347 84.9999 56.1427 86.3494 
47.45 56.4415 64.4065 64.2725 27.2029 23.3452 22.8035 54.4518 55.0 68.1548 27.2947 34.9285 82.6292 75.579 68.4763 59.3043 56.8859 42.9487 76.3247 86.4159 78.8136 48.468 0.0 43.3244 21.4709 19.4165 57.9505 57.45 66.8509 35.9026 78.9754 91.4243 67.2309 12.3693 60.208 66.1891 90.4401 58.0517 51.4782 62.6958 61.5873 33.541 58.4637 81.2527 56.5155 27.2485 77.1695 45.2769 29.0689 24.1868 11.0454 59.5642 29.1204 53.0 46.0555 65.7419 48.0 46.0109 29.0689 56.1147 
35.8114 60.0976 79.0208 78.8868 41.7965 46.1144 36.2797 78.8029 21.4454 27.2716 55.0825 68.1455 39.447 80.0512 84.4168 19.6977 31.2094 54.0208 34.3111 56.6927 37.7607 17.2818 43.3244 0.0 22.3607 52.0384 72.5648 41.413 25.8668 60.2875 35.7931 68.6057 86.2244 38.0526 25.1795 31.4006 82.7153 88.5071 75.8865 24.2178 76.6699 11.3137 89.5736 50.3542 87.9096 41.6554 53.6477 9.84886 45.8358 63.5138 47.1699 62.634 25.7703 79.9655 34.2094 83.0208 75.374 73.1392 55.5913 70.729 
35.4138 57.7973 67.4797 67.3458 12.3693 26.4197 17.6918 65.1153 40.0911 46.8102 34.9285 36.1248 62.1518 78.6522 72.6411 40.1995 42.0972 44.3044 54.9802 72.5094 57.4691 27.1235 21.4709 22.3607 0.0 30.5941 61.0237 45.3431 45.5064 46.3249 58.2582 80.4301 72.8831 16.1245 38.8747 50.0615 87.3297 73.4098 62.1691 41.3513 65.1288 14.5602 74.2496 66.7425 72.45 28.095 65.0 26.4764 32.2754 43.8406 27.6586 60.9199 20.1246 65.8027 33.9706 70.5723 61.0328 58.8218 35.7771 59.1879 
63.5918 75.4929 83.8186 83.6847 27.6586 9.89949 18.0278 72.2772 70.6831 73.3485 8.24621 18.2483 89.6772 94.9911 87.818 70.7107 71.8679 62.0 81.5843 102.157 83.4326 54.3323 19.4165 52.0384 30.5941 0.0 77.3626 73.5918 72.1803 54.4243 85.7088 108.811 86.3308 14.5602 64.0312 79.9348 109.491 73.0 69.3758 67.4685 80.9938 45.1221 73.0274 96.566 71.0282 45.8973 93.5775 57.0701 48.4149 37.0135 29.5466 78.6155 45.793 69.8713 62.1772 85.0 64.9384 63.1506 10.198 75.5268 
36.9662 24.3554 7.2111 8.24621 72.9439 79.6636 74.7138 31.9531 59.3136 90.0457 85.0946 91.2785 94.743 18.6011 17.4642 66.4413 53.9287 26.544 94.2984 50.2788 98.3724 88.1852 57.9505 72.5648 61.0237 77.3626 0.0 42.3289 88.8975 30.0832 92.2471 45.0999 21.9545 66.6818 96.0829 61.0271 32.45 50.0 31.0483 89.6207 9.84886 61.6879 51.923 49.7004 51.4198 46.9287 37.3738 70.9064 29.1353 53.7325 48.8553 24.3411 51.3305 38.3275 42.3934 17.8885 37.3363 36.1248 86.7744 2.0 
17.088 18.7279 35.0 37.8045 56.0263 71.4003 63.0317 59.8516 20.0998 50.636 79.3506 81.4678 53.2353 38.6815 48.2843 26.6833 10.4403 28.7386 54.4059 30.2655 58.5235 46.188 57.45 41.413 45.3431 73.5918 42.3289 0.0 49.4975 47.586 51.4782 35.2278 55.9885 59.4185 52.6174 19.8494 42.45 77.1126 58.3546 50.2215 46.434 34.5369 78.9178 26.0192 75.7778 44.108 20.1246 33.6054 34.0588 65.0077 52.7731 21.2643 28.3417 65.4811 11.4018 52.7849 61.1392 59.1479 80.4487 40.4931 
52.1441 68.1716 84.3542 95.2196 44.5533 64.2806 54.4518 101.962 29.5308 1.41421 73.171 68.1836 18.1108 88.0357 100.75 23.0217 39.2046 70.3535 9.48683 57.7754 12.2066 18.3848 66.8509 25.8668 45.5064 72.1803 88.8975 49.4975 0.0 84.6676 14.1421 72.4224 102.557 59.4811 9.48683 34.5254 90.0888 112.887 99.6417 5.09902 93.0026 36.1621 113.954 51.6236 112.29 66.0356 59.0339 28.3019 70.2159 88.6353 72.3939 70.708 49.9758 105.838 46.5041 99.3535 99.7541 97.5193 73.0616 87.0617 
35.805 36.0 35.8469 34.8855 57.5587 59.2284 57.0351 19.0263 58.6089 86.0724 62.6259 70.8308 93.9555 46.1411 35.3553 65.6538 54.1202 26.8473 93.1119 75.8024 96.5616 72.1482 35.9026 60.2875 46.3249 54.4243 30.0832 47.586 84.6676 0.0 91.4597 74.1687 32.45 47.2652 83.8994 65.2993 61.7414 29.0689 16.0312 83.0186 30.2324 48.9772 30.4138 72.817 29.0 32.632 63.2851 69.9575 17.0294 24.4131 25.0 37.2156 37.0338 19.6977 42.19 31.8904 15.2643 13.0384 64.5136 28.1603 
55.6553 69.7367 85.214 88.0185 58.2151 78.1025 68.1836 105.312 33.0151 13.3417 87.0517 82.2982 4.0 88.8876 98.4982 25.807 41.1461 73.7031 7.07107 51.788 9.84886 31.4006 78.9754 35.7931 58.2582 85.7088 92.2471 51.4782 14.1421 91.4597 0.0 67.4759 105.907 72.5672 23.5372 32.9848 88.5664 120.081 102.986 19.2354 96.3523 46.0652 121.592 46.2709 120.312 75.7268 56.0803 36.4005 75.252 98.4886 82.2982 72.2731 59.6477 109.349 50.0152 102.703 105.882 103.806 87.0057 90.4113 
51.9711 38.3275 41.9762 44.3847 90.9118 106.607 98.0816 76.2955 48.2597 73.0821 114.57 116.516 67.1193 38.4708 52.9245 51.4296 39.6989 58.8179 73.1642 16.0312 76.9415 73.36 91.4243 68.6057 80.4301 108.811 45.0999 35.2278 72.4224 74.1687 67.4759 0.0 60.1664 94.638 78.3901 38.4838 27.6586 94.541 75.8024 75.0267 50.448 69.4224 96.5091 21.2132 96.1769 78.1758 15.5563 60.7981 65.5882 95.901 86.3227 37.0135 63.5612 83.0241 46.6154 56.3028 82.3893 81.2219 115.676 47.0956 
50.6258 38.015 19.8494 17.0294 84.8032 90.1388 86.3481 20.6155 72.9732 103.705 94.4299 101.843 108.403 22.3607 7.28011 80.1009 67.5883 40.2036 107.958 68.5055 112.032 101.845 67.2309 86.2244 72.8831 86.3308 21.9545 55.9885 102.557 32.45 105.907 60.1664 0.0 77.4919 109.743 74.6867 38.0132 37.3363 21.9545 103.28 12.2066 73.0946 39.3192 68.2495 39.6232 58.788 55.8032 84.566 40.6079 55.9017 56.7979 42.8904 63.1898 27.5136 56.053 4.24264 29.5296 29.6816 96.2549 21.0238 
49.4185 63.6281 73.1378 73.0038 16.4012 13.0384 10.4403 66.1211 56.1712 60.7289 20.0 24.5967 76.4853 84.3103 78.0 56.3205 57.3847 50.1352 68.9638 87.7268 71.1688 41.2311 12.3693 38.0526 16.1245 14.5602 66.6818 59.4185 59.4811 47.2652 72.5672 94.638 77.4919 0.0 52.0 65.3888 97.6266 70.406 63.1269 55.0273 70.6824 30.5941 70.8308 82.0792 68.884 33.9258 79.404 42.5793 37.5766 36.2491 23.0868 66.7507 32.0156 65.0692 48.0208 75.6108 60.075 58.0345 21.2603 64.846 
59.3296 71.302 87.5208 102.405 36.4005 55.7315 46.0977 102.415 32.6499 10.198 64.4981 59.0339 27.4591 91.2024 107.935 27.2029 42.4138 77.5389 18.0 64.4981 19.4165 12.8062 60.208 25.1795 38.8747 64.0312 96.0829 52.6174 9.48683 83.8994 23.5372 78.3901 109.743 52.0 0.0 39.9249 93.9042 112.119 99.4984 4.47214 100.188 35.4748 113.186 58.1808 111.521 65.2674 64.195 27.8876 69.4477 82.6881 66.4481 73.8384 49.2885 103.577 49.6232 106.539 98.9859 96.7512 64.2806 94.2471 
30.3645 37.4261 52.3363 55.1408 57.2238 75.7754 66.0582 78.1531 12.083 35.3553 84.6289 83.9009 34.176 55.9732 65.6206 13.0384 11.1803 46.5441 37.1214 25.4951 41.1947 35.4683 66.1891 31.4006 50.0615 79.9348 61.0271 19.8494 34.5254 65.2993 32.9848 38.4838 74.6867 65.3888 39.9249 0.0 56.0357 93.1504 75.8457 36.6879 65.1322 35.5518 94.7456 19.105 93.5833 56.366 24.5153 23.6083 49.98 79.6451 65.2763 39.9625 38.1182 82.1673 23.4094 67.9468 78.9446 76.9534 85.2613 59.1913 
57.7065 34.0022 25.9422 26.9258 98.3118 110.663 105.02 57.4282 61.6604 91.0494 116.791 123.444 89.1067 16.2788 31.0161 67.1863 51.6236 55.4914 93.1343 41.5933 97.1854 87.4903 90.4401 82.7153 87.3297 109.491 32.45 42.45 90.0888 61.7414 88.5664 27.6586 38.0132 97.6266 93.9042 56.0357 0.0 75.1066 57.8705 91.444 32.28 75.811 77.1038 44.5982 77.2334 77.7008 32.7567 74.9077 61.4079 85.8836 81.128 31.7688 70.2576 64.4981 52.4993 35.0571 65.307 64.7611 118.335 34.1321 
64.4438 59.274 52.6118 50.3587 83.4865 80.3057 80.8084 18.2483 87.2067 114.292 81.0247 91.0494 122.577 59.0085 44.1022 94.2757 81.991 54.6063 121.971 99.7831 124.781 100.368 58.0517 88.5071 73.4098 73.0 50.0 77.1126 112.887 29.0689 120.081 94.541 37.3363 70.406 112.119 93.1504 75.1066 0.0 18.9737 111.238 44.2832 77.1969 2.0 97.6934 2.82843 60.8516 86.8792 98.5793 46.0977 36.0139 47.5395 59.4938 65.2534 11.7047 70.4344 40.05 14.2127 16.2788 83.0241 48.0833 
47.634 40.4081 34.0588 32.0 73.5527 74.8131 73.0068 3.0 70.0712 100.79 77.6209 86.3134 105.482 41.5933 27.5136 77.1803 64.6864 37.3017 105.043 80.9173 109.117 87.7472 51.4782 75.8865 62.1691 69.3758 31.0483 58.3546 99.6417 16.0312 102.986 75.8024 21.9545 63.1269 99.4984 75.8457 57.8705 18.9737 0.0 100.365 26.0192 64.5763 20.8806 78.8277 20.3961 48.2311 68.0133 81.6507 31.3847 35.5106 40.4475 40.628 52.6328 7.28011 53.1511 23.4094 7.61577 7.81025 79.555 29.1204 
52.8673 68.906 85.1249 95.9427 39.8121 59.4138 49.6488 102.685 30.2539 6.0 68.2642 63.1269 23.1948 88.8064 101.473 24.3311 40.0125 71.0767 14.1421 60.8276 16.1555 14.4222 62.6958 24.2178 41.3513 67.4685 89.6207 50.2215 5.09902 83.0186 19.2354 75.0267 103.28 55.0273 4.47214 36.6879 91.444 111.238 100.365 0.0 93.7258 34.5131 112.305 54.5619 110.641 64.3866 61.131 26.9258 68.5669 85.1647 68.9246 71.4424 48.3268 102.697 47.2272 100.077 98.1051 95.8703 68.1175 87.7849 
41.0713 28.4605 8.544 6.08276 77.049 83.6301 78.7964 26.0768 63.4187 94.1508 88.8369 95.2733 98.8481 16.1555 8.0 70.5464 58.0338 30.6491 98.4035 57.3062 102.477 92.2904 61.5873 76.6699 65.1288 80.9938 9.84886 46.434 93.0026 30.2324 96.3523 50.448 12.2066 70.6824 100.188 65.1322 32.28 44.2832 26.0192 93.7258 0.0 65.793 46.2709 56.7454 46.0977 51.0338 44.4188 75.0115 33.1059 54.6443 52.0096 31.3861 55.4356 33.0151 46.4985 8.06226 33.2415 32.5576 90.5539 9.21954 
24.9345 51.851 68.1439 68.0099 23.3452 40.7185 31.3847 67.4927 25.5813 37.5669 49.3964 49.6488 49.6588 71.8046 73.5399 26.0 30.9559 43.1439 44.6064 61.3682 48.056 27.5771 33.541 11.3137 14.5602 45.1221 61.6879 34.5369 36.1621 48.9772 46.0652 69.4224 73.0946 30.5941 35.4748 35.5518 75.811 77.1969 64.5763 34.5131 65.793 0.0 78.2634 55.6013 76.5993 30.3452 53.9428 12.0416 34.5256 52.4786 36.2353 54.3874 14.8661 68.6553 23.3325 72.1439 64.0638 61.829 50.1597 59.8521 
65.9469 61.1214 54.5894 52.345 84.1546 80.5047 81.2527 20.2237 88.7299 115.359 81.0 91.1373 124.088 61.0082 46.0977 95.786 83.5862 56.2015 122.398 101.631 125.848 101.434 58.4637 89.5736 74.2496 73.0274 51.923 78.9178 113.954 30.4138 121.592 96.5091 39.3192 70.8308 113.186 94.7456 77.1038 2.0 20.8806 112.305 46.2709 78.2634 0.0 99.5389 2.0 61.9181 88.7266 100.09 47.4236 36.0139 48.0833 61.3413 66.3199 13.6015 72.0069 42.0476 15.8114 17.8045 83.0 50.0 
42.2966 38.4838 48.4215 51.226 76.162 93.1555 84.2806 80.3078 30.6105 52.2015 101.568 102.839 46.0109 49.8197 61.6198 32.0156 24.6982 54.4876 51.9711 6.40312 55.7315 54.5619 81.2527 50.3542 66.7425 96.566 49.7004 26.0192 51.6236 72.817 46.2709 21.2132 68.2495 82.0792 58.1808 19.105 44.5982 97.6934 78.8277 54.5619 56.7454 55.6013 99.5389 0.0 98.7927 69.514 12.8062 42.5466 60.075 91.022 78.4092 39.4462 52.1728 86.0115 35.5106 64.032 84.1546 82.5409 102.478 60.9392 
64.6607 60.407 54.3323 52.1536 82.28 78.5175 79.3095 20.025 87.4586 113.695 79.0 89.1403 122.807 61.0737 46.2709 94.5057 82.4239 55.0392 120.734 100.919 124.184 99.7703 56.5155 87.9096 72.45 71.0282 51.4198 75.7778 112.29 29.0 120.312 96.1769 39.6232 68.884 111.521 93.5833 77.2334 2.82843 20.3961 110.641 46.0977 76.5993 2.0 98.7927 0.0 60.2541 88.0148 86.4452 45.9674 34.0147 46.1736 60.6294 64.6559 13.1529 70.8025 42.19 14.7648 16.6433 81.0 49.4773 
27.2237 43.7022 53.3847 53.2508 40.0151 46.9625 41.7851 51.1475 46.5601 67.4404 53.0977 58.4782 79.204 64.5572 58.7808 53.1096 46.0128 30.2094 74.4799 74.2681 77.9295 53.5161 27.2485 41.6554 28.095 45.8973 46.9287 44.108 66.0356 32.632 75.7268 78.1758 58.788 33.9258 65.2674 56.366 77.7008 60.8516 48.2311 64.3866 51.0338 30.3452 61.9181 69.514 60.2541 0.0 63.921 40.1911 18.1803 37.6757 23.0 46.8249 18.4018 52.31 34.074 56.4773 47.7185 45.4838 54.634 45.0929 
37.1618 27.6586 36.0555 38.833 75.4322 91.2634 82.6196 69.1783 33.121 59.8415 99.3227 101.045 56.4358 37.0135 49.0408 37.0 24.2074 46.107 61.0328 13.0 65.0077 58.4227 77.1695 53.6477 65.0 93.5775 37.3738 20.1246 59.0339 63.2851 56.0803 15.5563 55.8032 79.404 64.195 24.5153 32.7567 86.8792 68.0133 61.131 44.4188 53.9428 88.7266 12.8062 88.0148 63.921 0.0 45.8401 52.4828 83.4108 72.2772 27.8568 48.3274 75.1971 31.3847 51.614 73.4983 72.0347 100.404 39.3433 
34.1531 52.2899 77.3624 77.2285 33.7624 52.2015 42.5441 83.9709 13.6378 29.6816 61.0328 60.4395 39.6611 72.2436 82.7585 14.0357 23.4018 52.3624 36.1248 48.8851 39.8246 19.9899 45.2769 9.84886 26.4764 57.0701 70.9064 33.6054 28.3019 69.9575 36.4005 60.7981 84.566 42.5793 27.8876 23.6083 74.9077 98.5793 81.6507 26.9258 75.0115 12.0416 100.09 42.5466 86.4452 40.1911 45.8401 0.0 44.3714 62.9904 46.9571 54.8263 24.112 87.8472 32.551 81.3624 84.3799 82.3038 61.6847 69.0706 
19.6977 28.178 35.5913 35.4573 44.1955 50.5371 45.8803 34.176 42.4012 71.6208 56.0357 62.1691 77.7478 46.7638 40.4969 49.4462 38.8973 14.7703 78.6602 64.0312 82.1099 57.6965 29.0689 45.8358 32.2754 48.4149 29.1353 34.0588 70.2159 17.0294 75.252 65.5882 40.6079 37.5766 69.4477 49.98 61.4079 46.0977 31.3847 68.5669 33.1059 34.5256 47.4236 60.075 45.9674 18.1803 52.4828 44.3714 0.0 31.0161 21.095 31.0644 22.5821 36.3593 26.5707 38.3275 32.2025 30.0 57.6888 27.2995 
49.4975 57.7235 59.9416 59.1692 51.3128 44.7214 46.6154 38.0789 70.2358 90.0402 45.0111 55.1453 102.0 70.4911 59.5483 76.7844 68.884 45.3038 97.0796 95.0474 100.529 70.9368 24.1868 63.5138 43.8406 37.0135 53.7325 65.0077 88.6353 24.4131 98.4886 95.901 55.9017 36.2491 82.6881 79.6451 85.8836 36.0139 35.5106 85.1647 54.6443 52.4786 36.0139 91.022 34.0147 37.6757 83.4108 62.9904 31.0161 0.0 16.4012 59.7746 42.0775 34.176 56.5685 55.9017 29.5466 28.178 47.0106 51.8941 
36.1248 49.2443 55.3113 55.1725 36.2491 34.3657 33.3766 43.4166 55.109 73.7987 37.6962 45.8912 85.8662 66.4838 58.5235 61.5155 55.0091 35.7648 80.8382 83.0241 84.2879 54.6968 11.0454 47.1699 27.6586 29.5466 48.8553 52.7731 72.3939 25.0 82.2982 86.3227 56.7979 23.0868 66.4481 65.2763 81.128 47.5395 40.4475 68.9246 52.0096 36.2353 48.0833 78.4092 46.1736 23.0 72.2772 46.9571 21.095 16.4012 0.0 52.1536 27.1662 42.0119 43.0465 55.5698 37.0135 35.0 39.5601 47.0195 
35.0377 4.12311 23.0623 25.8668 72.84 79.7874 74.61 56.1455 41.3411 71.8329 85.9148 91.3031 73.8647 26.7438 36.3465 47.822 31.5432 24.6155 75.4308 40.8534 79.5528 67.409 59.5642 62.634 60.9199 78.6155 24.3411 21.2643 70.708 37.2156 72.2731 37.0135 42.8904 66.7507 73.8384 39.9625 31.7688 59.4938 40.628 71.4424 31.3861 54.3874 61.3413 39.4462 60.6294 46.8249 27.8568 54.8263 31.0644 59.7746 52.1536 0.0 51.2267 47.8117 31.0757 38.6727 46.1144 44.6669 87.4586 26.3105 
18.3417 48.104 57.7865 57.6525 32.311 44.5533 37.2022 55.5492 28.1603 51.3806 52.0096 55.3173 63.1249 68.959 63.1825 34.7321 28.0713 34.6111 58.4201 57.3076 61.8697 41.3908 29.1204 25.7703 20.1246 45.793 51.3305 28.3417 49.9758 37.0338 59.6477 63.5612 63.1898 32.0156 49.2885 38.1182 70.2576 65.2534 52.6328 48.3268 55.4356 14.8661 66.3199 52.1728 64.6559 18.4018 48.3274 24.112 22.5821 42.0775 27.1662 51.2267 0.0 56.7118 16.9472 60.879 52.1203 49.8855 53.2635 49.4947 
53.7587 47.5919 41.1947 39.0512 76.6877 76.1052 75.2396 7.07107 76.3806 106.986 78.0897 87.367 111.845 48.2597 33.7343 83.492 71.0079 43.6232 111.239 88.101 115.313 91.8262 53.0 79.9655 65.8027 69.8713 38.3275 65.4811 105.838 19.6977 109.349 83.0241 27.5136 65.0692 103.577 82.1673 64.4981 11.7047 7.28011 102.697 33.0151 68.6553 13.6015 86.0115 13.1529 52.31 75.1971 87.8472 36.3593 34.176 42.0119 47.8117 56.7118 0.0 59.4643 29.6142 5.0 7.07107 80.0625 36.4005 
7.07107 28.5393 48.8494 48.7155 44.8219 60.0 51.6624 55.4584 17.0294 47.6523 67.9559 70.0928 52.4976 48.4929 54.2455 24.2094 12.3693 23.8494 51.9049 40.5216 55.9789 49.8299 46.0555 34.2094 33.9706 62.1772 42.3934 11.4018 46.5041 42.19 50.0152 46.6154 56.053 48.0208 49.6232 23.4094 52.4993 70.4344 53.1511 47.2272 46.4985 23.3325 72.0069 35.5106 70.8025 34.074 31.3847 32.551 26.5707 56.5685 43.0465 31.0757 16.9472 59.4643 0.0 52.8494 56.2228 54.2033 69.0652 40.5576 
47.4222 34.8114 15.6205 12.8062 82.4924 88.3912 84.2021 22.561 69.7696 100.502 93.0215 100.09 105.199 19.0263 4.12311 76.8973 64.3847 37.0 104.754 64.3506 108.828 98.6412 65.7419 83.0208 70.5723 85.0 17.8885 52.7849 99.3535 31.8904 102.703 56.3028 4.24264 75.6108 106.539 67.9468 35.0571 40.05 23.4094 100.077 8.06226 72.1439 42.0476 64.032 42.19 56.4773 51.614 81.3624 38.3275 55.9017 55.5698 38.6727 60.879 29.6142 52.8494 0.0 31.0161 30.8707 94.8103 17.088 
50.2494 45.8803 41.0122 39.1152 71.8053 71.1126 70.2567 9.21954 73.0 101.159 73.1642 82.3893 108.378 49.0306 35.1141 80.0762 67.7853 40.4005 107.772 86.4002 111.846 87.2347 48.0 75.374 61.0328 64.9384 37.3363 61.1392 99.7541 15.2643 105.882 82.3893 29.5296 60.075 98.9859 78.9446 65.307 14.2127 7.61577 98.1051 33.2415 64.0638 15.8114 84.1546 14.7648 47.7185 73.4983 84.3799 32.2025 29.5466 37.0135 46.1144 52.1203 5.0 56.2228 31.0161 0.0 2.23607 75.1332 35.3553 
48.1664 44.3847 40.1123 38.3275 69.6348 69.1809 68.1836 10.0 70.9366 98.9242 71.3863 80.5047 106.302 48.5077 34.9285 78.0002 65.794 38.4093 105.696 84.8999 109.77 84.9999 46.0109 73.1392 58.8218 63.1506 36.1248 59.1479 97.5193 13.0384 103.806 81.2219 29.6816 58.0345 96.7512 76.9534 64.7611 16.2788 7.81025 95.8703 32.5576 61.829 17.8045 82.5409 16.6433 45.4838 72.0347 82.3038 30.0 28.178 35.0 44.6669 49.8855 7.07107 54.2033 30.8707 2.23607 0.0 73.3485 34.1321 
70.4599 84.336 93.2304 93.0965 29.2746 9.48683 19.4165 82.4621 75.2908 74.108 2.0 9.43398 91.0055 104.403 97.5295 74.7311 77.8328 70.8431 82.2192 108.245 83.6002 56.1427 29.0689 55.5913 35.7771 10.198 86.7744 80.4487 73.0616 64.5136 87.0057 115.676 96.2549 21.2603 64.2806 85.2613 118.335 83.0241 79.555 68.1175 90.5539 50.1597 83.0 102.478 81.0 54.634 100.404 61.6847 57.6888 47.0106 39.5601 87.4586 53.2635 80.0625 69.0652 94.8103 75.1332 73.3485 0.0 84.9386 
35.1304 22.5196 8.48528 8.94427 71.1081 77.8278 72.878 30.0832 57.4778 88.2099 83.2588 89.4427 92.9072 19.8494 17.1172 64.6055 52.0929 24.7082 92.4626 52.2483 96.5366 86.3494 56.1147 70.729 59.1879 75.5268 2.0 40.4931 87.0617 28.1603 90.4113 47.0956 21.0238 64.846 94.2471 59.1913 34.1321 48.0833 29.1204 87.7849 9.21954 59.8521 50.0 60.9392 49.4773 45.0929 39.3433 69.0706 27.2995 51.8941 47.0195 26.3105 49.4947 36.4005 40.5576 17.088 35.3553 34.1321 84.9386 0.0 
DEMAND_SCENARIO_SECTION
0 0 0 0 0 0 0 0 0 0 0 0 0 0 0 0 0 0 0 0 0 0 0 0 0 0 0 0 0 0 0 0 0 0 0 0 0 0 0 0 0 0 0 0 0 0 0 0 0 0 0 0 0 0 0 0 0 0 0 0 0 0 0 0 0 0 0 0 0 0 0 0 0 0 0 0 0 0 0 0 0 0 0 0 0 0 0 0 0 0 0 0 0 0 0 0 0 0 0 0 0 0 0 0 0 0 0 0 0 0 0 0 0 0 0 0 0 0 0 0 0 0 0 0 0 0 0 0 0 0 0 0 0 0 0 0 0 0 0 0 0 0 0 0 0 0 0 0 0 0 0 0 0 0 0 0 0 0 0 0 0 0 0 0 0 0 0 0 0 0 0 0 0 0 0 0 0 0 0 0 0 0 0 0 0 0 0 0 0 0 0 0 0 0 0 0 0 0 0 0 
1 2 2 1 1 2 3 2 3 3 2 2 3 1 2 1 3 3 2 2 3 2 2 3 2 3 2 3 2 2 2 1 2 4 4 3 2 2 1 3 2 2 2 1 1 1 1 1 2 1 1 2 2 1 2 2 2 3 2 3 2 2 1 1 3 2 2 2 2 2 2 2 1 2 2 2 3 1 2 0 3 1 2 2 1 2 2 1 2 2 2 1 2 1 1 3 2 2 2 3 1 1 2 3 1 2 2 3 2 2 3 1 2 2 3 2 2 3 2 1 2 2 2 2 3 2 2 2 1 2 1 3 1 3 2 3 2 1 2 2 3 2 1 1 2 2 1 2 2 2 1 3 2 2 3 3 1 2 2 2 3 2 1 1 2 2 2 2 1 2 2 2 2 2 2 2 2 2 1 2 2 3 3 2 1 2 1 2 1 3 2 2 1 3 3 3 2 0 3 2 
6 10 11 7 7 10 3 3 11 6 10 7 11 8 6 11 12 7 6 6 11 6 12 8 7 11 10 9 10 8 8 11 8 7 6 8 9 9 8 8 12 8 7 7 9 6 8 6 5 9 5 8 8 8 9 9 9 5 8 5 3 7 13 11 9 10 6 10 5 6 6 9 9 9 6 12 6 6 7 6 6 4 10 10 7 10 9 8 2 7 12 9 8 6 9 6 7 6 9 4 9 11 7 5 2 7 6 8 3 12 6 7 11 8 6 5 12 7 8 10 10 9 5 9 11 10 7 7 8 11 9 6 9 6 4 4 7 8 9 11 5 12 16 2 10 7 12 11 12 8 4 8 11 8 11 8 9 7 3 8 9 9 9 6 12 11 8 13 5 6 5 8 11 7 7 3 6 2 6 10 10 2 6 7 4 10 7 11 5 6 8 15 9 7 8 4 9 7 9 13 
3 3 4 4 2 3 3 3 3 1 4 2 5 3 3 2 3 4 5 1 3 2 3 4 4 4 3 2 2 2 2 2 2 4 3 3 4 5 4 3 3 2 3 3 3 2 2 2 3 3 3 3 4 3 2 2 2 4 2 4 4 3 5 3 3 3 3 2 4 3 3 3 4 3 2 3 2 3 3 5 2 4 4 2 2 4 3 2 3 3 1 2 2 2 6 2 3 5 4 2 5 2 4 4 4 4 4 4 4 3 5 4 1 3 4 2 4 1 2 2 3 5 5 2 3 3 5 3 3 4 2 4 3 2 4 2 3 3 2 2 2 4 2 5 2 1 4 4 3 2 3 4 3 4 3 4 3 3 3 2 2 3 5 2 3 4 3 2 4 2 2 3 1 2 3 3 4 3 2 2 3 4 2 3 3 2 3 2 3 4 3 2 3 4 4 3 3 2 3 2 
4 5 4 4 4 4 4 5 3 3 4 3 4 4 6 4 4 4 3 5 3 6 7 6 5 3 2 3 1 3 5 5 2 3 4 4 4 4 4 8 6 3 5 4 5 3 1 5 3 4 2 5 4 5 5 4 6 4 4 5 3 7 5 5 5 2 5 4 6 4 2 6 4 4 5 4 5 3 5 5 2 5 5 3 3 5 3 1 2 6 3 4 8 3 3 4 6 5 6 4 3 6 4 5 4 6 3 4 2 4 5 4 5 5 5 4 4 3 3 4 5 3 4 5 3 4 6 6 5 5 3 2 5 4 4 4 4 4 2 5 4 5 4 4 4 5 4 3 4 0 2 6 3 3 4 4 4 6 6 2 5 7 5 5 4 3 3 4 1 3 3 4 5 7 4 7 4 3 5 3 5 7 7 2 4 4 3 4 3 4 3 4 3 4 7 2 4 4 5 2 
3 2 2 2 2 1 3 1 1 3 2 3 3 2 2 2 1 3 2 2 1 2 2 2 1 3 3 2 1 1 2 2 2 3 2 1 3 2 2 3 2 2 1 2 2 2 3 2 2 3 2 1 2 3 2 4 2 1 2 2 2 2 2 4 2 1 2 2 3 2 3 2 3 3 1 4 2 1 2 1 2 4 2 3 2 1 3 2 2 2 3 2 2 1 2 2 2 3 2 2 3 2 2 3 3 3 1 1 2 4 2 2 2 3 1 1 1 2 2 2 3 2 1 2 1 2 1 2 2 2 3 2 1 2 3 4 2 3 3 2 2 2 3 0 2 3 1 3 2 2 2 2 2 4 2 2 2 2 2 2 3 2 2 3 2 3 2 3 3 2 2 1 2 3 3 2 2 1 1 2 0 1 2 3 2 2 2 1 2 1 2 1 1 2 2 1 2 3 2 1 
8 3 6 5 10 6 3 6 4 5 1 5 6 8 7 3 5 2 8 3 5 7 5 6 6 3 7 8 7 7 7 5 6 3 5 7 4 6 5 7 8 6 6 3 5 8 5 8 6 7 1 11 5 7 2 8 5 8 6 7 5 5 8 8 8 6 5 5 9 3 7 7 4 7 9 7 3 10 6 5 4 10 6 5 9 7 8 6 5 8 6 6 4 7 6 2 7 6 4 10 6 4 3 6 7 8 6 5 7 5 5 6 6 8 6 8 8 8 4 5 7 5 6 3 5 4 5 6 1 7 2 6 2 8 6 6 9 3 0 4 7 3 8 6 3 9 5 10 7 6 7 11 5 3 9 5 5 9 4 4 3 7 11 5 5 4 9 7 4 9 5 6 5 3 9 4 5 3 4 6 7 8 6 2 6 10 7 5 3 7 9 4 5 8 7 8 4 5 1 8 
2 3 2 0 1 2 2 2 1 1 3 2 2 2 3 2 2 1 2 3 2 2 2 2 2 2 1 2 3 2 4 1 1 3 1 2 2 2 1 1 3 2 2 1 1 3 3 3 2 3 1 3 1 3 3 0 1 1 2 4 2 3 3 2 2 2 2 1 2 3 1 2 2 2 2 2 3 2 2 2 1 0 2 3 1 3 2 2 1 1 1 1 2 2 2 1 1 3 2 3 2 2 3 1 3 1 2 3 2 1 2 2 2 1 2 2 1 1 3 2 2 1 2 2 2 2 2 2 2 4 1 3 1 3 2 2 3 2 2 1 1 3 2 1 2 3 1 2 2 2 2 2 2 3 2 3 2 2 2 3 0 3 2 3 2 2 3 2 1 3 2 2 2 3 2 3 1 3 1 3 1 1 0 2 1 2 2 2 2 2 3 2 2 2 2 2 2 2 3 2 
8 12 8 6 13 11 13 11 12 8 6 8 14 10 5 9 4 11 9 10 9 10 13 12 12 6 12 5 13 6 10 6 7 10 6 9 13 10 12 12 9 10 9 13 7 3 8 11 8 9 7 8 7 8 5 8 2 8 7 13 11 10 9 7 9 6 11 6 10 9 4 8 9 7 9 11 3 7 8 7 7 14 8 8 10 14 11 10 2 10 10 7 11 9 5 9 4 11 7 11 6 6 10 8 6 12 1 7 9 11 9 10 8 8 4 10 12 10 6 17 10 10 11 10 7 9 10 8 10 12 14 1 12 11 12 15 14 5 11 9 8 9 4 6 9 11 6 8 10 4 13 10 8 8 15 17 10 7 5 9 10 12 6 4 9 6 8 6 13 10 6 11 8 8 7 12 2 10 15 6 7 12 10 6 3 10 8 5 13 10 8 15 12 7 13 12 6 5 7 6 
3 7 6 2 3 4 8 4 5 3 6 2 7 7 3 6 6 5 8 6 6 4 5 2 6 8 6 6 5 3 5 5 3 7 4 6 5 7 5 6 6 4 4 8 0 5 4 6 6 7 5 4 3 5 4 5 7 6 5 6 6 6 5 6 0 9 6 4 5 7 4 5 3 7 5 5 6 6 3 6 5 2 3 3 2 4 4 6 5 4 3 4 5 5 6 5 4 5 4 0 7 5 5 6 3 5 5 5 4 3 5 7 6 6 7 5 3 6 7 7 6 3 7 4 4 6 4 4 5 6 6 3 3 4 5 8 8 6 5 7 6 7 4 6 5 6 4 5 5 4 6 3 4 7 2 2 4 7 4 7 6 5 5 7 5 4 3 5 6 4 8 5 4 3 6 3 5 3 2 5 6 3 4 0 7 5 5 5 6 5 1 4 5 3 5 4 3 4 4 5 
11 9 9 10 9 4 7 7 10 7 10 8 5 7 8 7 6 9 6 8 9 1 7 5 10 9 16 5 10 0 6 7 5 8 7 3 7 14 8 2 7 9 9 9 11 7 7 7 8 5 5 6 8 9 3 6 12 9 12 8 10 11 3 9 5 8 4 7 13 6 6 8 6 8 6 8 7 8 6 10 9 9 7 11 10 6 7 9 8 14 10 7 10 5 7 7 8 10 11 10 8 7 6 11 11 6 10 16 10 5 4 5 5 8 10 14 1 9 10 3 8 12 6 5 7 9 10 6 7 10 8 8 10 8 6 5 9 10 10 7 5 10 6 1 4 8 4 11 8 13 5 6 13 8 8 11 6 4 1 6 9 5 7 5 4 3 3 12 2 8 3 10 6 5 11 5 9 9 11 12 13 8 5 8 9 4 7 9 5 11 7 3 8 6 11 6 9 9 8 9 
8 6 6 2 9 7 5 13 6 10 6 9 8 4 1 7 6 5 7 6 8 5 9 9 4 11 6 5 5 6 6 3 9 11 6 8 3 4 8 4 5 3 10 6 7 8 3 10 7 9 5 5 6 6 6 6 4 2 10 10 5 6 8 9 12 6 5 12 7 6 10 7 11 4 11 9 5 7 8 5 7 4 4 10 8 5 6 9 5 5 10 5 7 4 9 8 8 8 11 10 8 10 3 10 10 1 8 8 7 5 6 5 6 7 6 7 2 7 5 5 4 10 11 9 7 7 4 7 10 6 6 7 0 14 9 8 11 7 6 9 8 3 11 11 6 4 6 9 11 4 7 9 6 3 2 1 4 4 7 5 9 9 9 6 9 3 6 5 8 6 10 6 5 14 3 9 7 8 4 5 4 12 8 6 6 8 6 11 9 8 8 9 10 9 5 7 8 5 5 9 
3 3 3 4 4 1 2 2 4 4 4 2 3 2 3 3 3 4 3 2 4 3 2 3 3 3 1 2 3 4 4 1 2 1 3 2 2 4 2 4 2 1 3 4 2 3 2 2 2 0 2 4 4 5 3 1 4 2 2 3 4 5 4 4 4 4 4 2 2 4 3 3 0 3 1 3 3 3 4 3 1 3 4 3 2 2 3 1 4 3 2 4 4 3 4 2 4 1 2 3 3 2 2 2 3 4 3 1 3 2 4 1 4 4 3 2 2 0 4 3 3 3 2 4 5 2 3 3 2 2 3 4 5 1 4 4 3 2 5 2 2 2 2 3 3 2 3 3 2 3 3 2 2 2 3 4 3 2 4 4 2 4 4 3 4 4 2 3 3 3 2 0 3 5 3 3 3 4 4 3 4 3 4 5 3 3 3 4 4 4 2 5 3 3 1 4 3 2 2 2 
12 5 8 8 10 8 5 10 5 4 5 9 13 7 13 7 2 9 11 5 5 14 10 12 14 6 3 5 12 4 10 8 7 8 9 7 11 7 11 7 11 10 5 9 8 5 9 4 16 9 6 10 7 8 8 13 8 1 12 4 10 5 6 10 4 5 6 8 9 12 7 6 5 11 9 12 12 13 11 8 8 1 8 6 7 6 6 11 6 10 10 11 10 7 9 7 10 4 8 9 8 5 5 9 9 7 6 6 12 7 8 4 12 4 8 6 12 9 11 4 8 12 12 11 7 13 11 7 7 4 3 0 9 8 8 7 9 2 7 6 8 3 9 2 7 5 9 5 11 11 9 9 7 3 11 9 9 8 11 9 3 9 8 12 0 10 8 3 9 8 11 13 4 12 9 9 13 12 4 9 5 7 9 10 5 14 9 8 10 11 11 7 10 8 7 6 7 4 12 2 
11 8 13 12 7 14 8 13 8 11 10 9 7 10 12 11 13 12 9 9 6 15 12 4 7 7 7 11 8 13 8 7 12 13 11 10 8 7 12 7 8 4 14 9 5 9 11 9 9 11 12 7 9 10 9 12 11 11 11 9 7 10 5 14 10 9 4 11 3 10 9 9 6 12 7 14 9 14 9 11 8 9 10 8 6 14 7 11 8 6 8 17 12 7 10 5 9 7 14 11 3 9 9 5 9 10 16 6 6 7 8 9 3 11 9 7 9 6 10 12 8 8 11 7 2 10 7 9 11 10 7 11 9 5 11 13 10 10 14 5 10 10 13 5 9 9 9 7 11 11 14 12 12 5 7 6 11 9 8 6 7 12 15 7 13 7 10 13 12 4 10 10 3 11 6 4 2 9 8 11 19 9 7 11 13 10 9 13 10 11 5 13 9 7 14 12 16 8 9 9 
1 1 1 1 1 1 1 1 1 1 1 1 1 1 1 1 1 1 1 1 1 1 1 1 0 0 1 1 1 1 1 1 1 1 1 1 1 1 1 1 1 1 1 0 1 1 0 1 1 0 1 1 1 1 0 1 1 1 2 1 1 1 1 1 1 1 1 1 1 1 1 1 1 1 1 1 2 1 1 1 1 1 1 1 1 1 1 1 1 1 1 1 1 1 1 1 1 0 1 1 1 0 1 1 1 1 1 1 1 1 1 1 1 2 1 1 1 1 1 1 1 1 1 1 1 1 1 0 1 1 1 1 1 1 1 1 1 1 1 1 1 1 1 1 1 1 1 1 0 1 1 1 1 1 1 1 1 1 1 1 1 1 1 1 1 1 1 1 1 1 1 1 1 1 1 1 1 1 1 1 1 1 1 2 2 1 2 1 1 1 0 1 1 1 1 1 1 1 1 1 
3 2 3 3 3 3 3 3 2 3 5 2 3 2 3 3 3 3 2 2 3 5 1 4 4 5 2 2 3 4 2 1 3 4 4 4 3 3 1 4 3 3 4 3 3 3 2 3 3 3 2 3 3 4 3 4 2 5 2 5 3 5 4 2 2 4 2 3 3 4 3 3 3 4 3 2 1 3 5 3 2 2 4 3 2 2 1 2 4 3 3 3 2 4 3 3 2 2 6 3 3 4 3 5 4 2 5 2 4 3 2 3 2 2 2 5 4 4 4 3 2 3 4 3 2 3 4 2 1 2 3 3 4 4 2 1 4 4 2 3 3 3 4 3 2 4 3 3 4 1 1 3 5 4 3 1 4 3 4 4 2 3 3 4 5 2 4 2 2 3 5 4 1 3 5 2 3 3 3 4 3 3 3 4 4 3 4 5 3 2 3 4 5 2 3 3 3 4 4 3 
3 2 1 2 2 2 3 2 3 1 2 1 2 2 2 2 2 2 3 2 2 2 2 1 2 2 3 1 1 3 1 3 2 2 3 2 2 2 2 2 3 2 3 1 2 3 2 1 1 2 2 2 1 3 3 2 3 3 2 2 1 1 2 2 2 3 2 3 3 2 1 2 2 1 2 2 2 1 2 1 2 2 2 1 2 1 2 2 2 3 1 3 1 2 1 3 2 3 2 1 3 2 1 2 2 2 3 2 2 2 2 3 2 1 2 1 2 2 3 1 2 2 3 2 3 2 3 2 2 2 0 2 2 1 2 2 2 2 2 1 2 2 3 1 3 2 1 2 2 2 2 2 2 2 2 3 2 2 2 4 1 2 1 1 3 2 2 2 3 2 3 1 1 3 4 2 0 2 3 2 2 1 3 1 2 2 2 2 3 2 3 2 2 2 4 1 2 2 2 2 
3 2 3 3 4 3 3 3 1 3 2 3 3 1 2 2 3 4 5 2 4 3 3 2 3 4 2 2 3 5 2 3 4 2 5 4 4 4 2 3 5 2 3 3 2 2 2 4 4 4 2 5 3 3 3 3 2 3 3 3 4 1 4 4 3 2 4 3 4 3 2 6 3 5 4 5 3 5 2 2 3 2 4 4 4 3 2 3 4 5 3 3 2 2 0 4 2 3 3 2 3 3 3 3 4 3 2 4 2 3 3 4 4 1 5 4 3 3 5 3 3 3 3 2 3 3 1 3 3 2 2 4 3 3 3 3 3 2 4 3 1 5 3 3 2 2 3 1 2 1 3 3 3 2 2 2 2 4 2 3 5 3 1 2 2 3 3 3 3 3 3 3 3 4 4 3 4 2 2 4 2 4 2 3 3 4 4 5 2 3 2 4 2 4 3 3 4 3 3 3 
2 4 3 3 3 3 3 4 4 3 3 1 3 4 4 2 5 4 4 1 2 3 2 3 2 3 2 4 3 3 2 4 4 2 2 3 3 2 1 3 2 2 3 3 3 4 4 3 4 1 3 3 3 2 2 3 2 4 4 4 3 2 3 2 4 4 2 2 4 2 3 3 3 3 3 4 3 3 1 1 3 2 2 5 1 4 2 3 4 4 3 3 2 3 3 2 2 2 3 2 2 2 2 4 4 3 4 1 1 2 1 2 4 4 3 4 3 2 2 4 3 2 2 4 4 4 2 2 1 3 3 4 2 4 3 4 3 4 3 2 3 3 2 3 3 3 3 3 3 3 3 1 4 4 2 3 5 5 3 3 3 3 4 1 1 3 4 4 4 5 3 4 2 3 5 1 2 1 3 2 6 2 2 4 2 5 3 3 3 3 2 4 4 4 4 4 4 3 2 4 
10 10 6 8 12 7 5 7 7 13 8 8 7 6 10 8 11 7 10 6 11 10 8 8 13 9 6 9 12 12 7 7 7 9 6 12 9 9 7 3 13 10 7 11 6 12 9 8 12 8 8 8 7 10 9 3 8 7 4 8 10 6 7 11 9 14 11 5 13 10 10 5 7 13 7 5 6 10 10 11 4 5 12 7 8 8 4 8 14 8 9 11 10 6 12 7 5 10 12 8 9 12 9 10 12 8 11 9 6 10 8 3 10 5 8 7 8 8 7 11 7 10 6 8 4 9 7 6 5 8 7 3 4 7 5 9 6 7 14 7 9 6 8 7 10 6 9 12 8 5 9 6 9 6 13 11 10 11 7 6 2 5 7 4 10 8 7 12 8 13 12 4 6 12 6 9 7 10 7 11 5 11 7 10 9 4 8 8 4 11 4 9 10 14 5 3 15 8 11 7 
5 3 7 3 3 6 5 2 4 6 1 3 6 7 2 7 7 5 6 6 7 5 8 6 6 7 6 2 6 5 6 7 2 4 7 7 9 6 5 0 5 7 7 8 8 4 2 3 5 3 6 2 4 4 5 6 7 3 4 6 4 8 5 6 3 3 4 5 4 4 4 8 4 4 5 6 5 5 5 5 4 5 6 6 7 4 5 4 3 5 6 5 5 6 3 2 5 1 5 4 3 7 7 5 8 1 8 3 4 6 8 8 4 4 4 4 5 5 6 6 5 6 3 5 6 2 2 7 5 4 3 3 7 3 6 2 7 5 7 8 7 6 7 7 3 3 6 6 4 6 4 3 8 4 6 0 4 3 3 5 2 3 6 6 4 8 7 5 9 7 3 3 4 3 7 6 3 5 2 5 6 7 4 1 4 6 5 7 3 3 1 4 6 5 4 6 5 4 8 4 
1 1 1 0 1 1 1 0 1 1 1 1 1 1 1 1 1 1 2 1 1 1 1 1 1 0 1 1 1 1 1 1 2 0 1 1 1 1 1 1 1 1 1 1 0 0 1 1 1 1 2 1 1 1 1 1 1 1 0 1 1 1 1 1 1 1 1 1 1 1 1 1 0 1 1 0 0 1 0 1 1 1 1 2 1 1 1 2 1 1 1 1 1 1 1 1 1 1 1 1 1 1 1 1 1 0 1 1 1 1 0 2 1 1 1 1 1 1 1 1 1 1 1 1 1 1 1 1 1 1 1 1 2 1 1 1 1 1 1 1 1 1 0 1 1 1 1 1 1 1 0 1 1 1 1 1 1 1 1 1 1 1 1 1 1 1 1 1 1 1 1 2 0 1 0 1 1 2 1 1 1 1 1 0 1 1 1 2 1 1 0 1 0 1 1 1 1 1 1 0 
