NAME  : Jabali_60_3_0.85_1_4
TYPE : SVRP
MODEL : FINITE_SUPPORT
NUMBER_OF_SCENARIOS : 200
DIMENSION : 60
EDGE_WEIGHT_TYPE : MATRIX
CAPACITY : 134
N_VEHICLES : 3
NODE_COORD_SECTION
1 5066 4425
2 5310 4577
3 4389 558
4 7838 5050
5 4378 5750
6 7231 6094
7 7615 5083
8 5020 18
9 8760 5768
10 4390 6320
11 1221 4206
12 27 4263
13 5607 8953
14 8765 6133
15 1762 6501
16 5675 4161
17 5457 2360
18 7640 5250
19 7952 7132
20 4494 2098
21 2121 5968
22 5077 6969
23 7363 4116
24 7553 2381
25 3162 3885
26 5439 355
27 8574 4321
28 3677 6733
29 923 5228
30 2980 6701
31 5571 516
32 1968 5207
33 8226 2956
34 5890 2508
35 4942 609
36 1275 2911
37 1285 5763
38 651 3913
39 5324 835
40 4774 912
41 1439 4221
42 7286 2404
43 7927 3538
44 8648 4631
45 6032 5738
46 6485 7160
47 6913 4115
48 6214 7290
49 6529 5750
50 3798 2415
51 4999 2544
52 5059 2851
53 1820 2756
54 6002 5963
55 2083 4320
56 1330 3984
57 3335 4485
58 5811 7188
59 5961 347
60 4474 830
DEMAND_SECTION
1 0.0
2 10.0
3 9.0
4 1.0
5 2.0
6 10.0
7 1.0
8 7.0
9 2.0
10 4.0
11 3.0
12 6.0
13 9.0
14 3.0
15 3.0
16 5.0
17 3.0
18 5.0
19 5.0
20 3.0
21 9.0
22 4.0
23 6.0
24 10.0
25 10.0
26 4.0
27 7.0
28 7.0
29 8.0
30 7.0
31 8.0
32 8.0
33 9.0
34 8.0
35 9.0
36 9.0
37 6.0
38 8.0
39 10.0
40 3.0
41 6.0
42 4.0
43 4.0
44 6.0
45 8.0
46 9.0
47 5.0
48 2.0
49 4.0
50 4.0
51 7.0
52 10.0
53 7.0
54 8.0
55 1.0
56 4.0
57 5.0
58 2.0
59 4.0
60 2.0
DEVIATION_SECTION
1 0.0
2 3.33333
3 3.0
4 0.333333
5 0.666667
6 3.33333
7 0.333333
8 2.33333
9 0.666667
10 1.33333
11 1.0
12 2.0
13 3.0
14 1.0
15 1.0
16 1.66667
17 1.0
18 1.66667
19 1.66667
20 1.0
21 3.0
22 1.33333
23 2.0
24 3.33333
25 3.33333
26 1.33333
27 2.33333
28 2.33333
29 2.66667
30 2.33333
31 2.66667
32 2.66667
33 3.0
34 2.66667
35 3.0
36 3.0
37 2.0
38 2.66667
39 3.33333
40 1.0
41 2.0
42 1.33333
43 1.33333
44 2.0
45 2.66667
46 3.0
47 1.66667
48 0.666667
49 1.33333
50 1.33333
51 2.33333
52 3.33333
53 2.33333
54 2.66667
55 0.333333
56 1.33333
57 1.66667
58 0.666667
59 1.33333
60 0.666667
DISTANCE_MATRIX
0.0 3.16228 54.2624 37.7359 23.2354 35.0663 35.8469 59.6948 52.3927 27.7065 50.547 67.2696 63.1832 54.0833 52.9528 8.544 28.123 36.2353 52.4344 35.5206 45.607 42.9916 31.4006 43.1856 27.9595 54.9762 47.3814 36.4141 56.9386 42.107 53.5622 48.1248 46.8188 28.2312 52.1627 59.3629 54.231 59.4486 49.3833 49.2576 50.4426 41.0488 40.7063 48.1664 22.3607 41.9473 25.807 41.3132 27.0 37.7279 26.7124 23.4929 52.4843 23.9249 40.3609 50.2494 23.4307 39.1416 56.0934 51.1083 
3.16228 0.0 55.2086 34.6699 20.6496 31.9312 32.7567 60.641 49.2443 25.0599 53.3195 70.0421 60.4864 50.9215 54.5711 7.0 29.0689 33.121 49.2994 36.4668 47.4342 40.317 28.8444 42.0119 30.852 55.9224 44.5982 36.7696 59.3633 43.0 54.5085 50.8973 44.9222 28.6531 53.109 62.2555 56.3649 62.2211 50.3295 50.2038 53.2151 40.0125 38.4838 45.2769 19.6469 39.3397 23.3238 38.6163 24.0208 40.6205 27.6586 24.4391 55.3768 21.1896 43.1393 53.0377 26.1725 36.4447 57.0088 52.0546 
54.2624 55.2086 0.0 75.5381 76.6706 80.9568 74.8131 11.0 91.351 82.2414 64.3817 77.1038 114.827 94.6414 87.7885 50.662 27.6586 75.9539 98.3717 20.6155 79.9441 91.9791 62.1289 49.0408 49.2572 13.8924 76.1643 82.4621 79.2465 84.5991 15.0 71.1354 60.8769 32.1403 7.07107 52.1536 82.0061 68.0074 12.2066 6.08276 62.2896 46.5725 62.3939 79.0569 73.1289 94.1823 58.5491 92.8577 75.7694 26.9258 27.7308 31.305 46.0 75.0449 61.131 66.6108 54.7083 90.7852 20.2485 3.16228 
37.7359 34.6699 75.5381 0.0 46.3249 16.1245 2.23607 77.6209 16.0312 59.4907 87.7288 104.445 59.4811 19.105 83.3581 31.3847 48.0937 3.0 27.5862 59.1354 77.7661 44.3847 13.9284 36.2353 65.4511 71.1688 14.0357 60.2031 93.5541 68.7148 69.2604 85.3066 28.8444 43.4166 71.3863 96.8545 88.223 96.6304 66.9403 69.7209 87.6244 36.6197 20.6155 12.6491 26.0 32.0 17.0294 35.0571 20.6155 63.2355 50.0899 47.2652 89.9759 27.5136 77.5486 87.447 60.5818 40.0 69.0797 72.4431 
23.2354 20.6496 76.6706 46.3249 0.0 38.7062 44.1022 85.321 57.6648 8.24621 47.3159 62.1958 47.127 58.4208 37.1214 27.2947 57.5707 43.8292 56.0744 56.4862 31.4434 21.3532 45.607 62.0725 34.2915 84.4239 59.0339 16.1245 47.2314 23.3452 83.0099 45.9912 63.6396 49.252 77.5456 57.3364 41.9003 56.1201 76.6804 73.6908 47.8071 60.208 56.2939 58.6686 22.3037 37.4961 40.7922 36.1649 28.385 50.6804 56.1601 52.9406 55.4621 23.2874 37.4063 45.9931 25.7558 31.635 85.5411 73.9505 
35.0663 31.9312 80.9568 16.1245 38.7062 0.0 14.3178 85.0 22.0227 50.0547 86.0082 100.888 43.6578 22.0227 77.2767 31.5461 53.4883 13.1529 17.4642 62.4124 70.1019 34.8366 25.807 49.2037 62.0424 79.177 30.0167 51.8084 85.9237 60.9134 77.4145 84.6835 43.8634 50.0899 78.0 96.0287 80.3997 94.8124 74.2496 75.6108 86.4994 48.9183 35.3412 28.0713 17.2784 16.1245 25.4951 19.0 11.1803 66.3164 53.7164 50.3847 86.7232 18.3646 76.0986 84.6854 57.328 24.0832 78.2304 77.7946 
35.8469 32.7567 74.8131 2.23607 44.1022 14.3178 0.0 77.201 17.2627 57.287 85.7695 102.486 57.8705 20.0 81.1291 29.7321 47.2652 1.41421 26.9072 58.0345 75.5424 42.2019 13.8924 36.7967 63.4929 70.8378 16.1245 57.9742 91.3304 66.4859 68.9493 83.3473 30.0167 42.7551 70.8308 94.8963 85.9993 94.6711 66.4831 69.0507 85.6651 37.0135 21.6333 14.8661 23.7697 30.0167 16.2788 33.1361 18.4391 62.0441 49.0102 46.0977 88.0177 25.2982 75.5893 85.4877 58.6225 38.0132 68.942 71.7008 
59.6948 60.641 11.0 77.6209 85.321 85.0 77.201 0.0 92.9624 85.7579 75.326 88.0909 120.259 96.5401 97.9714 56.0357 31.9061 78.4474 102.157 28.8444 89.7307 101.043 63.7887 47.0956 59.0522 7.07107 76.2365 91.2634 90.0944 94.0213 9.05539 81.6419 59.1354 34.9285 7.81025 63.1269 92.6499 79.0063 10.7703 11.6619 73.2462 45.0111 62.1289 79.404 78.492 99.5608 61.0328 98.2363 80.6226 36.7696 33.9706 37.5366 57.0 80.4487 71.8053 77.5242 64.405 96.2175 12.53 12.3693 
52.3927 49.2443 91.351 16.0312 57.6648 22.0227 17.2627 92.9624 0.0 68.2291 101.905 118.79 58.0086 4.24264 95.4511 46.8402 64.0312 16.4924 21.2132 75.1665 89.0605 53.2491 29.2746 49.1935 79.7974 86.3481 19.8494 69.9828 104.882 79.0878 84.4038 99.6518 39.4081 59.2115 86.977 111.201 99.3584 110.976 82.3772 85.4751 101.97 50.1597 32.6497 16.2788 36.237 36.6742 33.0 38.6264 30.139 79.2466 66.1211 63.2851 104.322 37.3232 91.8938 101.792 74.927 44.0114 83.8153 88.278 
27.7065 25.0599 82.2414 59.4907 8.24621 50.0547 57.287 85.7579 68.2291 0.0 52.8867 67.624 41.2311 66.9529 39.8246 31.3847 54.1861 56.6301 52.934 62.057 35.4683 15.4573 46.1736 64.9384 39.8623 81.0393 58.279 15.2315 52.1536 24.1868 79.6254 51.562 65.0077 53.7232 78.2258 62.9072 46.2277 61.6847 75.4464 79.2616 53.3667 63.3482 57.1402 57.7178 33.7413 31.6002 42.0 30.2689 38.9219 56.2512 52.7755 49.556 61.0329 32.0159 42.9535 51.5461 31.3266 25.7391 82.1565 79.5213 
50.547 53.3195 64.3817 87.7288 47.3159 86.0082 85.7695 75.326 101.905 52.8867 0.0 17.0294 85.0235 103.48 31.0644 58.6616 61.3514 86.0762 100.101 51.788 25.632 60.5496 81.8981 88.0277 26.4638 76.0 97.9087 45.0 15.6525 39.6232 76.0263 26.4222 96.4533 65.9565 69.029 16.2788 21.2132 8.94427 71.0634 65.0077 2.23607 85.2837 90.853 98.5709 69.6057 78.7673 76.2688 75.3613 75.687 41.5933 55.0273 54.3006 19.3132 70.5894 10.2956 2.82843 27.1501 70.8314 81.0987 63.1269 
67.2696 70.0421 77.1038 104.445 62.1958 100.888 102.486 88.0909 118.79 67.624 17.0294 0.0 96.6282 120.603 37.2156 75.3842 77.4726 102.792 111.449 67.0522 35.2278 73.9719 98.6207 104.389 43.1864 89.6772 114.631 57.4891 18.0278 50.3587 89.9444 43.1448 113.176 82.2922 82.4924 25.0 26.0768 9.48683 85.1587 78.6384 18.0278 101.645 107.576 115.294 84.4856 90.1147 92.9914 88.7835 90.567 56.921 71.1758 70.6612 31.257 85.4694 26.9072 17.0294 43.8634 84.2536 95.1893 76.3217 
63.1832 60.4864 114.827 59.4811 47.127 43.6578 57.8705 120.259 58.0086 41.2311 85.0235 96.6282 0.0 55.0364 60.8769 64.3506 88.533 56.6127 37.054 96.085 61.4003 31.305 68.9651 92.2323 75.3737 115.433 72.7805 40.05 78.9177 46.2709 113.935 85.6817 87.4643 87.0116 112.727 97.027 71.1969 93.0215 109.915 109.822 86.093 91.8325 78.924 70.214 42.9946 30.2324 68.2238 26.6271 53.7188 91.7627 87.2768 84.0573 95.1527 40.7625 76.3217 83.0 66.8381 24.0416 115.977 111.673 
54.0833 50.9215 94.6414 19.105 58.4208 22.0227 20.0 96.5401 4.24264 66.9529 103.48 120.603 55.0364 0.0 94.175 49.0306 67.1863 19.0263 18.0 78.0256 89.8166 51.973 32.7567 53.2353 81.2158 89.9889 24.0832 68.7067 105.638 77.8117 88.0568 101.226 43.6005 62.514 90.4268 112.775 100.114 112.176 85.9069 88.8144 103.544 54.1295 36.7151 20.5183 36.993 35.5106 36.1248 37.1214 30.895 82.0067 69.0072 66.0681 105.897 38.0792 93.4682 104.4 76.5014 42.4853 87.5957 91.5478 
52.9528 54.5711 87.7885 83.3581 37.1214 77.2767 81.1291 97.9714 95.4511 39.8246 31.0644 37.2156 60.8769 94.175 0.0 61.3922 75.2396 80.8304 80.1561 70.0928 8.24621 42.6794 82.5495 96.026 39.2173 96.566 96.1509 25.4951 19.2354 16.4012 96.0469 40.6531 99.4587 78.0064 90.5209 47.0106 11.1803 36.4005 90.956 86.4291 33.0151 93.771 92.8516 95.7706 59.3023 58.8222 77.6299 57.4891 65.3837 61.2564 69.4622 67.1863 48.1041 60.2861 27.8029 28.3019 34.3657 52.8015 100.439 85.8463 
8.544 7.0 50.662 31.3847 27.2947 31.5461 29.7321 56.0357 46.8402 31.3847 58.6616 75.3842 64.3506 49.0306 61.3922 0.0 24.2074 30.3645 48.9143 31.9202 54.1202 37.5441 23.3452 35.0143 36.0402 51.0882 39.6989 43.4166 65.3682 50.0 49.5782 56.2394 38.2753 22.8035 48.5489 67.4436 62.7694 67.5632 45.607 45.6508 58.5572 33.0151 32.249 40.8044 22.4722 43.8079 17.6918 42.4833 25.2982 35.8242 23.112 19.8924 60.565 24.4131 48.4673 58.3815 31.6228 40.3113 51.6624 47.5079 
28.123 29.0689 27.6586 48.0937 57.5707 53.4883 47.2652 31.9061 64.0312 54.1861 61.3514 77.4726 88.533 67.1863 75.2396 24.2074 0.0 48.3735 70.8378 13.0384 67.1193 69.4711 35.0571 28.2843 38.6394 26.9072 50.2195 63.8228 73.197 67.8708 25.4558 62.636 38.2753 5.83095 24.5967 55.4707 73.171 68.0294 21.4009 22.1359 59.808 25.4558 37.3363 52.7731 46.6154 67.9444 31.0644 66.6198 48.7647 21.4009 6.32456 8.06226 48.2597 48.6004 54.8786 62.643 41.0122 64.4914 28.0179 24.5153 
36.2353 33.121 75.9539 3.0 43.8292 13.1529 1.41421 78.4474 16.4924 56.6301 86.0762 102.792 56.6127 19.0263 80.8304 30.3645 48.3735 0.0 25.4951 59.0085 75.2613 41.4849 15.2643 38.2099 63.7996 72.111 17.0294 58.3839 91.0492 66.1871 70.2282 83.654 31.3847 43.9318 72.0347 95.2031 85.7181 94.9778 67.72 70.214 85.9718 38.4187 23.0217 15.5242 23.2594 29.0 17.4642 32.0624 17.72 62.9805 50.0 47.0425 88.3244 24.6982 75.896 85.7944 58.9292 37.0 70.2638 72.8354 
52.4344 49.2994 98.3717 27.5862 56.0744 17.4642 26.9072 102.157 21.2132 52.934 100.101 111.449 37.054 18.0 80.1561 48.9143 70.8378 25.4951 0.0 79.8743 77.3375 37.9543 40.6079 63.7024 79.4105 96.1769 38.4708 54.6717 94.8476 63.7809 94.3716 98.7764 56.2228 67.2309 95.2733 110.122 88.1044 108.905 91.3893 92.9731 100.592 63.8905 48.1664 35.3412 34.6466 22.4722 41.6773 22.6716 28.5485 83.7783 71.0634 67.8466 104.091 35.7328 90.1915 98.7784 78.5411 27.5862 94.8947 95.2103 
35.5206 36.4668 20.6155 59.1354 56.4862 62.4124 58.0345 28.8444 75.1665 62.057 51.788 67.0522 96.085 78.0256 70.0928 31.9202 13.0384 59.0085 79.8743 0.0 61.8466 71.7948 46.8722 41.1096 31.277 26.5707 62.6418 62.426 65.0308 65.2993 25.9615 55.1045 51.3128 18.868 21.095 43.8292 66.2994 57.5674 20.8806 17.2047 50.01 38.2884 50.1597 65.0 54.3871 75.4405 42.2966 74.1159 57.0278 10.198 9.05539 12.0416 36.6742 56.3031 46.0 53.4603 36.0555 72.0434 30.4138 17.6918 
45.607 47.4342 79.9441 77.7661 31.4434 70.1019 75.5424 89.7307 89.0605 35.4683 25.632 35.2278 61.4003 89.8166 8.24621 54.1202 67.1193 75.2613 77.3375 61.8466 0.0 39.8608 75.9736 88.459 31.0161 88.3233 90.4585 22.8473 17.72 15.1327 87.8009 32.8087 92.3472 70.0071 82.2801 40.8167 10.8167 32.3883 82.7103 78.1883 27.313 86.1452 85.8188 90.1106 53.6994 56.0036 70.5253 54.6724 59.7808 53.0156 61.2944 59.0762 41.1096 54.6832 20.5183 23.0868 26.1725 50.1199 92.1954 77.6055 
42.9916 40.317 91.9791 44.3847 21.3532 34.8366 42.2019 101.043 53.2491 15.4573 60.5496 73.9719 31.305 51.973 42.6794 37.5441 69.4711 41.4849 37.9543 71.7948 39.8608 0.0 48.0416 68.1684 49.6 96.3244 58.2495 17.2111 57.3708 26.3161 94.9104 60.2599 67.1863 60.2123 93.5109 71.6051 50.6277 69.0253 90.7315 90.6058 61.359 66.823 59.0339 57.0088 19.0263 16.6202 44.4072 15.2643 23.7697 65.9889 68.0606 64.841 69.7308 17.1172 51.2225 58.8347 41.0643 11.4018 96.799 89.259 
31.4006 28.8444 62.1289 13.9284 45.607 25.807 13.8924 63.7887 29.2746 46.1736 81.8981 98.6207 68.9651 32.7567 82.5495 23.3452 35.0571 15.2643 40.6079 46.8722 75.9736 48.0416 0.0 23.4307 59.277 57.28 16.6433 60.8276 88.2043 68.884 55.3624 79.4759 19.2354 30.0167 57.7062 83.6424 85.0565 90.7997 53.1507 56.2228 81.7937 23.3452 11.0 18.3848 29.1548 50.7092 5.65685 43.3321 26.2488 51.6638 37.855 35.4401 76.7637 31.257 71.7008 81.6181 54.8179 47.2131 55.1543 59.0762 
43.1856 42.0119 49.0408 36.2353 62.0725 49.2037 36.7967 47.0956 49.1935 64.9384 88.0277 104.389 92.2323 53.2353 96.026 35.0143 28.2843 38.2099 63.7024 41.1096 88.459 68.1684 23.4307 0.0 63.9766 40.05 30.3645 78.1601 97.9229 85.0059 38.0526 87.4689 12.0416 22.6716 42.9535 83.4086 96.3204 95.0342 37.6563 43.0116 86.5472 2.82843 16.5529 33.8378 50.3289 72.6344 24.5967 71.3099 48.7647 49.5782 34.0588 33.8378 76.2168 52.5547 79.7115 89.611 64.417 69.1383 36.1248 46.4866 
27.9595 30.852 49.2572 65.4511 34.2915 62.0424 63.4929 59.0522 79.7974 39.8623 26.4638 43.1864 75.3737 81.2158 39.2173 36.0402 38.6394 63.7996 79.4105 31.277 31.0161 49.6 59.277 63.9766 0.0 57.6486 75.3398 37.7359 34.6026 37.4833 57.1637 24.0416 71.3943 42.72 51.6017 35.3868 35.0571 35.3654 52.0666 47.5099 26.3594 61.327 68.2315 76.1085 49.326 65.7428 53.6503 64.4116 53.8869 22.3372 32.3883 31.0483 33.5125 50.8117 16.2842 26.1837 8.544 59.8817 61.6904 46.9271 
54.9762 55.9224 13.8924 71.1688 84.4239 79.177 70.8378 7.07107 86.3481 81.0393 76.0 89.6772 115.433 89.9889 96.566 51.0882 26.9072 72.111 96.1769 26.5707 88.3233 96.3244 57.28 40.05 57.6486 0.0 69.3542 88.4471 90.2718 91.7061 2.0 81.0507 52.0865 29.1548 7.28011 64.9384 92.228 80.399 5.83095 11.0454 74.0068 38.0 55.2268 72.5603 73.4098 94.8514 54.7814 93.5268 75.1665 35.6931 30.0 33.4215 58.4209 75.4321 71.5681 78.0256 62.6259 91.3915 6.40312 13.6015 
47.3814 44.5982 76.1643 14.0357 59.0339 30.0167 16.1245 76.2365 19.8494 58.279 97.9087 114.631 72.7805 24.0832 96.1509 39.6989 50.2195 17.0294 38.4708 62.6418 90.4585 58.2495 16.6433 30.3645 75.3398 69.3542 0.0 73.2028 103.764 81.7146 67.3647 95.4865 19.7231 44.7214 71.0 100.008 100.915 106.81 66.0303 70.1142 97.8043 31.7805 14.1421 3.60555 39.5601 46.0109 22.2036 49.0102 34.5254 68.0294 53.7587 51.6236 93.1293 41.2311 87.7268 97.6217 70.7672 54.0093 66.0984 73.2462 
36.4141 36.7696 82.4621 60.2031 16.1245 51.8084 57.9742 91.2634 69.9828 15.2315 45.0 57.4891 40.05 68.7067 25.4951 43.4166 63.8228 58.3839 54.6717 62.426 22.8473 17.2111 60.8276 78.1601 37.7359 88.4471 73.2028 0.0 40.4969 9.21954 87.5245 45.9559 79.3095 64.2846 83.488 57.2713 33.541 53.1507 82.6228 79.6304 46.0435 76.3217 71.7008 72.6416 36.1474 33.3539 56.3205 32.0156 40.6757 55.9017 59.1364 56.3614 55.4268 33.7697 36.3456 43.0465 29.4109 27.4591 91.2382 79.8123 
56.9386 59.3633 79.2465 93.5541 47.2314 85.9237 91.3304 90.0944 104.882 52.1536 15.6525 18.0278 78.9177 105.638 19.2354 65.3682 73.197 91.0492 94.8476 65.0308 17.72 57.3708 88.2043 97.9229 34.6026 90.2718 103.764 40.4969 0.0 32.7567 90.1388 34.561 103.322 77.1298 83.4865 31.6228 8.06226 18.0278 85.0941 79.404 17.8885 95.2834 97.6166 104.331 69.5212 73.5137 82.6801 72.1825 75.6026 55.0 66.9682 65.5134 34.9285 70.505 19.105 13.0 34.0147 67.6526 95.0474 77.7817 
42.107 43.0 84.5991 68.7148 23.3452 60.9134 66.4859 94.0213 79.0878 24.1868 39.6232 50.3587 46.2709 77.8117 16.4012 50.0 67.8708 66.1871 63.7809 65.2993 15.1327 26.3161 68.884 85.0059 37.4833 91.7061 81.7146 9.21954 32.7567 0.0 90.8735 42.8869 86.977 69.4262 86.3539 53.4883 25.2982 47.0956 85.9069 82.365 41.0 83.006 79.6241 81.1533 44.6591 42.4589 64.1327 41.1096 49.7807 57.6888 62.6277 59.8527 52.3546 42.8747 32.311 37.3363 30.0 36.4005 94.7048 82.1523 
53.5622 54.5085 15.0 69.2604 83.0099 77.4145 68.9493 9.05539 84.4038 79.6254 76.0263 89.9444 113.935 88.0568 96.0469 49.5782 25.4558 70.2282 94.3716 25.9615 87.8009 94.9104 55.3624 38.0526 57.1637 2.0 67.3647 87.5245 90.1388 90.8735 0.0 80.7314 50.0899 27.4591 8.06226 65.307 91.9239 80.6226 5.09902 11.4018 74.0608 36.0 53.2353 70.5762 71.8401 93.3705 52.9245 92.046 73.4983 35.3553 28.8444 32.2025 58.6941 73.8783 71.3442 78.0 61.9839 89.8936 5.38516 14.3178 
48.1248 50.8973 71.1354 85.3066 45.9912 84.6835 83.3473 81.6419 99.6518 51.562 26.4222 43.1448 85.6817 101.226 40.6531 56.2394 62.636 83.654 98.7764 55.1045 32.8087 60.2599 79.4759 87.4689 24.0416 81.0507 95.4865 45.9559 34.561 42.8869 80.7314 0.0 94.0311 66.5711 74.5859 35.3452 35.1948 35.3238 75.6396 70.4637 26.3178 84.8294 88.4307 96.1487 68.281 77.4426 73.8466 76.1114 74.3623 45.3766 56.4072 54.9535 33.4709 69.2647 16.2426 26.1421 24.7279 70.5416 85.437 69.28 
46.8188 44.9222 60.8769 28.8444 63.6396 43.8634 30.0167 59.1354 39.4081 65.0077 96.4533 113.176 87.4643 43.6005 99.4587 38.2753 38.2753 31.3847 56.2228 51.3128 92.3472 67.1863 19.2354 12.0416 71.3943 52.0865 19.7231 79.3095 103.322 86.977 50.0899 94.0311 0.0 32.45 54.9181 91.9674 101.02 102.902 49.6488 54.8179 96.3489 14.3178 8.544 23.3238 48.3735 58.6077 23.0217 61.8745 45.3542 58.8982 43.4166 42.45 84.8646 50.4876 86.2737 96.1732 69.417 66.3894 48.0416 58.2409 
28.2312 28.6531 32.1403 43.4166 49.252 50.0899 42.7551 34.9285 59.2115 53.7232 65.9565 82.2922 87.0116 62.514 78.0064 22.8035 5.83095 43.9318 67.2309 18.868 70.0071 60.2123 30.0167 22.6716 42.72 29.1548 44.7214 64.2846 77.1298 69.4262 27.4591 66.5711 32.45 0.0 28.1603 60.803 76.6551 72.8972 24.1661 26.3059 64.4761 19.8494 31.6228 47.3814 44.5982 66.4661 26.4764 65.1415 46.0435 26.9072 11.4018 11.7047 53.6004 46.6905 58.8137 67.2206 44.1814 62.9699 29.0 29.0689 
52.1627 53.109 7.07107 71.3863 77.5456 78.0 70.8308 7.81025 86.977 78.2258 69.029 82.4924 112.727 90.4268 90.5209 48.5489 24.5967 72.0347 95.2733 21.095 82.2801 93.5109 57.7062 42.9535 51.6017 7.28011 71.0 83.488 83.4865 86.3539 8.06226 74.5859 54.9181 28.1603 0.0 57.7062 85.703 73.2462 5.38516 4.12311 67.0075 40.6079 57.0351 74.027 71.0211 91.9283 54.5711 90.6037 73.3553 29.4109 26.2488 29.8329 51.2445 72.9452 64.9384 71.1126 56.8595 88.6855 13.4164 6.32456 
59.3629 62.2555 52.1536 96.8545 57.3364 96.0287 94.8963 63.1269 111.201 62.9072 16.2788 25.0 97.027 112.775 47.0106 67.4436 55.4707 95.2031 110.122 43.8292 40.8167 71.6051 83.6424 83.4086 35.3868 64.9384 100.008 57.2713 31.6228 53.4883 65.307 35.3452 91.9674 60.803 57.7062 0.0 37.4833 16.2788 60.6383 53.9351 14.1421 80.604 88.7401 102.014 79.6262 88.7878 78.6489 87.4566 85.7076 34.1321 49.4065 49.679 7.2111 80.61 21.1896 19.105 36.0732 81.8868 70.6116 51.4782 
54.231 56.3649 82.0061 88.223 41.9003 80.3997 85.9993 92.6499 99.3584 46.2277 21.2132 26.0768 71.1969 100.114 11.1803 62.7694 73.171 85.7181 88.1044 66.2994 10.8167 50.6277 85.0565 96.3204 35.0571 92.228 100.915 33.541 8.06226 25.2982 91.9239 35.1948 101.02 76.6551 85.703 37.4833 0.0 25.4951 86.8332 81.5843 23.3452 93.9157 94.8472 100.567 63.9972 66.7705 79.6082 65.4393 70.0786 56.5685 67.0671 65.2763 39.6611 64.981 20.8806 18.3848 32.5576 60.9016 96.6319 80.2808 
59.4486 62.2211 68.0074 96.6304 56.1201 94.8124 94.6711 79.0063 110.976 61.6847 8.94427 9.48683 93.0215 112.176 36.4005 67.5632 68.0294 94.9778 108.905 57.5674 32.3883 69.0253 90.7997 95.0342 35.3654 80.399 106.81 53.1507 18.0278 47.0956 80.6226 35.3238 102.902 72.8972 73.2462 16.2788 25.4951 0.0 75.8024 69.3542 9.21954 92.2902 99.7546 107.472 78.4099 87.5715 85.1704 83.837 84.4912 47.4342 61.7414 61.2944 22.0227 79.3937 19.2354 10.198 36.0517 79.3071 85.8429 67.1193 
49.3833 50.3295 12.2066 66.9403 76.6804 74.2496 66.4831 10.7703 82.3772 75.4464 71.0634 85.1587 109.915 85.9069 90.956 45.607 21.4009 67.72 91.3893 20.8806 82.7103 90.7315 53.1507 37.6563 52.0666 5.83095 66.0303 82.6228 85.0941 85.9069 5.09902 75.6396 49.6488 24.1661 5.38516 60.6383 86.8332 75.8024 0.0 7.2111 69.1158 35.3553 52.0 69.1158 68.0074 89.3005 50.2892 87.9759 69.9714 30.2655 24.2074 27.6586 53.9351 70.0 66.2722 73.0068 56.921 85.8739 10.0499 10.6301 
49.2576 50.2038 6.08276 69.7209 73.6908 75.6108 69.0507 11.6619 85.4751 79.2616 65.0077 78.6384 109.822 88.8144 86.4291 45.6508 22.1359 70.214 92.9731 17.2047 78.1883 90.6058 56.2228 43.0116 47.5099 11.0454 70.1142 79.6304 79.404 82.365 11.4018 70.4637 54.8179 26.3059 4.12311 53.9351 81.5843 69.3542 7.2111 0.0 63.0 40.5216 56.3205 73.0274 68.1241 89.1775 52.7731 87.8529 70.6824 25.2982 23.0217 26.6271 47.3814 70.0401 60.8276 67.0671 52.8015 85.7804 16.7631 3.60555 
50.4426 53.2151 62.2896 87.6244 47.8071 86.4994 85.6651 73.2462 101.97 53.3667 2.23607 18.0278 86.093 103.544 33.0151 58.5572 59.808 85.9718 100.592 50.01 27.313 61.359 81.7937 86.5472 26.3594 74.0068 97.8043 46.0435 17.8885 41.0 74.0608 26.3178 96.3489 64.4761 67.0075 14.1421 23.3452 9.21954 69.1158 63.0 0.0 83.8033 90.7486 98.4665 70.0969 79.2585 76.1644 77.9273 76.1783 39.8121 53.4883 52.8202 17.088 71.0807 10.4403 5.0 27.0457 71.6408 79.1581 61.0737 
41.0488 40.0125 46.5725 36.6197 60.208 48.9183 37.0135 45.0111 50.1597 63.3482 85.2837 101.645 91.8325 54.1295 93.771 33.0151 25.4558 38.4187 63.8905 38.2884 86.1452 66.823 23.3452 2.82843 61.327 38.0 31.7805 76.3217 95.2834 83.006 36.0 84.8294 14.3178 19.8494 40.6079 80.604 93.9157 92.2902 35.3553 40.5216 83.8033 0.0 17.72 35.171 49.2443 71.6315 23.8537 70.307 48.0208 46.7547 31.241 31.0644 73.4098 51.4782 77.072 86.9715 62.0124 68.1354 34.3657 43.9659 
40.7063 38.4838 62.3939 20.6155 56.2939 35.3412 21.6333 62.1289 32.6497 57.1402 90.853 107.576 78.924 36.7151 92.8516 32.249 37.3363 23.0217 48.1664 50.1597 85.8188 59.0339 11.0 16.5529 68.2315 55.2268 14.1421 71.7008 97.6166 79.6241 53.2353 88.4307 8.544 31.6228 57.0351 88.7401 94.8472 99.7546 52.0 56.3205 90.7486 17.72 0.0 17.4642 40.1123 50.0639 15.5242 53.3306 36.8782 56.6039 41.5933 39.9625 81.6905 42.19 80.6734 90.5729 63.8122 57.9374 51.9711 59.5399 
48.1664 45.2769 79.0569 12.6491 58.6686 28.0713 14.8661 79.404 16.2788 57.7178 98.5709 115.294 70.214 20.5183 95.7706 40.8044 52.7731 15.5242 35.3412 65.0 90.1106 57.0088 18.3848 33.8378 76.1085 72.5603 3.60555 72.6416 104.331 81.1533 70.5762 96.1487 23.3238 47.3814 74.027 102.014 100.567 107.472 69.1158 73.0274 98.4665 35.171 17.4642 0.0 38.6264 44.1814 23.7065 47.0425 33.2415 70.0358 56.0446 53.7587 95.1357 40.1622 88.3912 98.2904 71.4213 52.1536 69.4262 76.1052 
22.3607 19.6469 73.1289 26.0 22.3037 17.2784 23.7697 78.492 36.237 33.7413 69.6057 84.4856 42.9946 36.993 59.3023 22.4722 46.6154 23.2594 34.6466 54.3871 53.6994 19.0263 29.1548 50.3289 49.326 73.4098 39.5601 36.1474 69.5212 44.6591 71.8401 68.281 48.3735 44.5982 71.0211 79.6262 63.9972 78.4099 68.0074 68.1241 70.0969 49.2443 40.1123 38.6264 0.0 22.4491 25.9615 21.1245 6.40312 59.2505 45.5789 42.3593 74.0068 2.23607 59.6961 68.2829 44.6116 18.9529 73.5935 69.9748 
41.9473 39.3397 94.1823 32.0 37.4961 16.1245 30.0167 99.5608 36.6742 31.6002 78.7673 90.1147 30.2324 35.5106 58.8222 43.8079 67.9444 29.0 22.4722 75.4405 56.0036 16.6202 50.7092 72.6344 65.7428 94.8514 46.0109 33.3539 73.5137 42.4589 93.3705 77.4426 58.6077 66.4661 91.9283 88.7878 66.7705 87.5715 89.3005 89.1775 79.2585 71.6315 50.0639 44.1814 22.4491 0.0 48.1097 3.60555 24.5728 78.7587 66.6323 63.4127 86.9135 20.217 68.8576 77.4445 57.2072 8.0 95.4312 91.0282 
25.807 23.3238 58.5491 17.0294 40.7922 25.4951 16.2788 61.0328 33.0 42.0 76.2688 92.9914 68.2238 36.1248 77.6299 17.6918 31.0644 17.4642 41.6773 42.2966 70.5253 44.4072 5.65685 24.5967 53.6503 54.7814 22.2036 56.3205 82.6801 64.1327 52.9245 73.8466 23.0217 26.4764 54.5711 78.6489 79.6082 85.1704 50.2892 52.7731 76.1644 23.8537 15.5242 23.7065 25.9615 48.1097 0.0 46.7852 24.1868 46.6703 33.2415 30.5941 71.7702 28.1603 66.0681 75.9887 49.2037 44.6136 53.2353 55.4437 
41.3132 38.6163 92.8577 35.0571 36.1649 19.0 33.1361 98.2363 38.6264 30.2689 75.3613 88.7835 26.6271 37.1214 57.4891 42.4833 66.6198 32.0624 22.6716 74.1159 54.6724 15.2643 43.3321 71.3099 64.4116 93.5268 49.0102 32.0156 72.1825 41.1096 92.046 76.1114 61.8745 65.1415 90.6037 87.4566 65.4393 83.837 87.9759 87.8529 77.9273 70.307 53.3306 47.0425 21.1245 3.60555 46.7852 0.0 23.2483 78.1246 65.3077 62.0882 85.5823 18.8924 67.5264 73.6464 55.876 5.38516 94.1067 89.7036 
27.0 24.0208 75.7694 20.6155 28.385 11.1803 18.4391 80.6226 30.139 38.9219 75.687 90.567 53.7188 30.895 65.3837 25.2982 48.7647 17.72 28.5485 57.0278 59.7808 23.7697 26.2488 48.7647 53.8869 75.1665 34.5254 40.6757 75.6026 49.7807 73.4983 74.3623 45.3542 46.0435 73.3553 85.7076 70.0786 84.4912 69.9714 70.6824 76.1783 48.0208 36.8782 33.2415 6.40312 24.5728 24.1868 23.2483 0.0 60.9317 48.2195 45.0 78.5677 7.2111 65.7774 74.3642 49.1725 21.0767 74.8131 72.6154 
37.7279 40.6205 26.9258 63.2355 50.6804 66.3164 62.0441 36.7696 79.2466 56.2512 41.5933 56.921 91.7627 82.0067 61.2564 35.8242 21.4009 62.9805 83.7783 10.198 53.0156 65.9889 51.6638 49.5782 22.3372 35.6931 68.0294 55.9017 55.0 57.6888 35.3553 45.3766 58.8982 26.9072 29.4109 34.1321 56.5685 47.4342 30.2655 25.2982 39.8121 46.7547 56.6039 70.0358 59.2505 78.7587 46.6703 78.1246 60.9317 0.0 15.5563 16.6433 26.9258 60.7362 36.0555 43.2897 27.7849 76.2707 40.1123 24.5967 
26.7124 27.6586 27.7308 50.0899 56.1601 53.7164 49.0102 33.9706 66.1211 52.7755 55.0273 71.1758 87.2768 69.0072 69.4622 23.112 6.32456 50.0 71.0634 9.05539 61.2944 68.0606 37.855 34.0588 32.3883 30.0 53.7587 59.1364 66.9682 62.6277 28.8444 56.4072 43.4166 11.4018 26.2488 49.4065 67.0671 61.7414 24.2074 23.0217 53.4883 31.241 41.5933 56.0446 45.5789 66.6323 33.2415 65.3077 48.2195 15.5563 0.0 3.60555 42.2019 47.4949 48.6498 56.3207 35.1283 63.2352 32.2025 24.5967 
23.4929 24.4391 31.305 47.2652 52.9406 50.3847 46.0977 37.5366 63.2851 49.556 54.3006 70.6612 84.0573 66.0681 67.1863 19.8924 8.06226 47.0425 67.8466 12.0416 59.0762 64.841 35.4401 33.8378 31.0483 33.4215 51.6236 56.3614 65.5134 59.8527 32.2025 54.9535 42.45 11.7047 29.8329 49.679 65.2763 61.2944 27.6586 26.6271 52.8202 31.0644 39.9625 53.7587 42.3593 63.4127 30.5941 62.0882 45.0 16.6433 3.60555 0.0 42.5206 44.2753 47.1961 55.5647 33.0 60.0156 35.3553 28.178 
52.4843 55.3768 46.0 89.9759 55.4621 86.7232 88.0177 57.0 104.322 61.0329 19.3132 31.257 95.1527 105.897 48.1041 60.565 48.2597 88.3244 104.091 36.6742 41.1096 69.7308 76.7637 76.2168 33.5125 58.4209 93.1293 55.4268 34.9285 52.3546 58.6941 33.4709 84.8646 53.6004 51.2445 7.2111 39.6611 22.0227 53.9351 47.3814 17.088 73.4098 81.6905 95.1357 74.0068 86.9135 71.7702 85.5823 78.5677 26.9258 42.2019 42.5206 0.0 75.4926 20.6155 21.9317 34.1988 80.0125 63.9531 45.0999 
23.9249 21.1896 75.0449 27.5136 23.2874 18.3646 25.2982 80.4487 37.3232 32.0159 70.5894 85.4694 40.7625 38.0792 60.2861 24.4131 48.6004 24.6982 35.7328 56.3031 54.6832 17.1172 31.257 52.5547 50.8117 75.4321 41.2311 33.7697 70.505 42.8747 73.8783 69.2647 50.4876 46.6905 72.9452 80.61 64.981 79.3937 70.0 70.0401 71.0807 51.4782 42.19 40.1622 2.23607 20.217 28.1603 18.8924 7.2111 60.7362 47.4949 44.2753 75.4926 0.0 60.6798 69.2667 49.0294 16.7209 75.6902 71.8908 
40.3609 43.1393 61.131 77.5486 37.4063 76.0986 75.5893 71.8053 91.8938 42.9535 10.2956 26.9072 76.3217 93.4682 27.8029 48.4673 54.8786 75.896 90.1915 46.0 20.5183 51.2225 71.7008 79.7115 16.2842 71.5681 87.7268 36.3456 19.105 32.311 71.3442 16.2426 86.2737 58.8137 64.9384 21.1896 20.8806 19.2354 66.2722 60.8276 10.4403 77.072 80.6734 88.3912 59.6961 68.8576 66.0681 67.5264 65.7774 36.0555 48.6498 47.1961 20.6155 60.6798 0.0 9.89949 16.9706 61.5042 76.1643 59.439 
50.2494 53.0377 66.6108 87.447 45.9931 84.6854 85.4877 77.5242 101.792 51.5461 2.82843 17.0294 83.0 104.4 28.3019 58.3815 62.643 85.7944 98.7784 53.4603 23.0868 58.8347 81.6181 89.611 26.1837 78.0256 97.6217 43.0465 13.0 37.3363 78.0 26.1421 96.1732 67.2206 71.1126 19.105 18.3848 10.198 73.0068 67.0671 5.0 86.9715 90.5729 98.2904 68.2829 77.4445 75.9887 73.6464 74.3642 43.2897 56.3207 55.5647 21.9317 69.2667 9.89949 0.0 26.8701 69.1165 83.0241 65.2763 
23.4307 26.1725 54.7083 60.5818 25.7558 57.328 58.6225 64.405 74.927 31.3266 27.1501 43.8634 66.8381 76.5014 34.3657 31.6228 41.0122 58.9292 78.5411 36.0555 26.1725 41.0643 54.8179 64.417 8.544 62.6259 70.7672 29.4109 34.0147 30.0 61.9839 24.7279 69.417 44.1814 56.8595 36.0732 32.5576 36.0517 56.921 52.8015 27.0457 62.0124 63.8122 71.4213 44.6116 57.2072 49.2037 55.876 49.1725 27.7849 35.1283 33.0 34.1988 49.0294 16.9706 26.8701 0.0 51.3461 66.2193 52.3546 
39.1416 36.4447 90.7852 40.0 31.635 24.0832 38.0132 96.2175 44.0114 25.7391 70.8314 84.2536 24.0416 42.4853 52.8015 40.3113 64.4914 37.0 27.5862 72.0434 50.1199 11.4018 47.2131 69.1383 59.8817 91.3915 54.0093 27.4591 67.6526 36.4005 89.8936 70.5416 66.3894 62.9699 88.6855 81.8868 60.9016 79.3071 85.8739 85.7804 71.6408 68.1354 57.9374 52.1536 18.9529 8.0 44.6136 5.38516 21.0767 76.2707 63.2352 60.0156 80.0125 16.7209 61.5042 69.1165 51.3461 0.0 91.9351 87.6311 
56.0934 57.0088 20.2485 69.0797 85.5411 78.2304 68.942 12.53 83.8153 82.1565 81.0987 95.1893 115.977 87.5957 100.439 51.6624 28.0179 70.2638 94.8947 30.4138 92.1954 96.799 55.1543 36.1248 61.6904 6.40312 66.0984 91.2382 95.0474 94.7048 5.38516 85.437 48.0416 29.0 13.4164 70.6116 96.6319 85.8429 10.0499 16.7631 79.1581 34.3657 51.9711 69.4262 73.5935 95.4312 53.2353 94.1067 74.8131 40.1123 32.2025 35.3553 63.9531 75.6902 76.1643 83.0241 66.2193 91.9351 0.0 19.6977 
51.1083 52.0546 3.16228 72.4431 73.9505 77.7946 71.7008 12.3693 88.278 79.5213 63.1269 76.3217 111.673 91.5478 85.8463 47.5079 24.5153 72.8354 95.2103 17.6918 77.6055 89.259 59.0762 46.4866 46.9271 13.6015 73.2462 79.8123 77.7817 82.1523 14.3178 69.28 58.2409 29.0689 6.32456 51.4782 80.2808 67.1193 10.6301 3.60555 61.0737 43.9659 59.5399 76.1052 69.9748 91.0282 55.4437 89.7036 72.6154 24.5967 24.5967 28.178 45.0999 71.8908 59.439 65.2763 52.3546 87.6311 19.6977 0.0 
DEMAND_SCENARIO_SECTION
0 0 0 0 0 0 0 0 0 0 0 0 0 0 0 0 0 0 0 0 0 0 0 0 0 0 0 0 0 0 0 0 0 0 0 0 0 0 0 0 0 0 0 0 0 0 0 0 0 0 0 0 0 0 0 0 0 0 0 0 0 0 0 0 0 0 0 0 0 0 0 0 0 0 0 0 0 0 0 0 0 0 0 0 0 0 0 0 0 0 0 0 0 0 0 0 0 0 0 0 0 0 0 0 0 0 0 0 0 0 0 0 0 0 0 0 0 0 0 0 0 0 0 0 0 0 0 0 0 0 0 0 0 0 0 0 0 0 0 0 0 0 0 0 0 0 0 0 0 0 0 0 0 0 0 0 0 0 0 0 0 0 0 0 0 0 0 0 0 0 0 0 0 0 0 0 0 0 0 0 0 0 0 0 0 0 0 0 0 0 0 0 0 0 0 0 0 0 0 0 
16 7 8 8 15 11 16 13 10 12 10 7 10 16 12 9 13 12 11 10 10 8 7 5 9 6 15 11 15 12 9 12 11 3 4 13 9 7 12 16 11 9 7 9 11 11 15 13 11 10 15 13 17 8 14 8 6 13 3 18 13 9 11 8 7 8 9 11 13 14 15 13 13 15 9 16 8 7 10 11 5 11 9 8 10 11 10 13 12 12 7 9 11 12 13 14 11 9 11 13 14 6 12 8 12 10 11 11 6 12 10 10 8 11 9 13 9 12 11 8 8 11 11 14 10 6 12 6 7 16 9 7 13 14 12 9 11 9 11 9 10 8 18 10 14 10 7 9 13 13 9 9 11 12 7 6 15 16 13 8 8 11 5 8 11 8 8 5 14 8 8 10 11 11 12 9 6 5 6 9 14 14 12 13 7 2 8 3 14 14 8 6 14 9 10 9 10 15 9 3 
11 12 5 5 3 11 7 7 8 8 13 8 2 6 8 14 13 6 8 7 11 15 10 10 8 12 14 11 9 10 7 9 14 5 9 5 10 8 12 10 7 10 9 10 7 10 14 9 5 4 12 11 12 8 7 8 9 11 13 10 13 11 10 11 8 4 12 9 9 9 6 12 12 9 11 12 6 9 13 14 10 7 7 6 7 6 11 5 7 5 10 7 5 9 8 5 6 11 11 12 14 12 13 6 10 9 8 8 14 9 7 12 5 12 9 8 8 12 6 9 6 11 6 10 8 6 8 10 8 9 8 6 5 10 13 10 8 12 5 4 9 8 13 5 4 6 11 8 11 7 12 9 12 10 7 11 8 4 14 13 5 6 13 5 9 7 15 6 5 11 7 10 5 7 8 10 7 10 4 10 11 6 6 9 5 8 7 11 3 10 11 12 10 8 8 12 8 10 7 10 
1 1 1 2 1 1 1 1 2 1 2 0 1 1 1 1 2 1 1 1 1 1 1 1 1 1 1 1 1 1 1 2 1 1 1 1 1 1 2 1 1 1 1 1 0 2 1 1 1 1 1 1 1 1 1 1 1 1 1 1 1 1 1 1 1 1 1 0 1 1 1 1 1 1 1 1 1 1 1 1 1 1 1 1 1 2 1 1 1 0 2 1 1 1 1 1 1 1 1 1 1 1 1 2 2 0 0 1 1 1 1 2 1 0 1 2 2 1 1 2 1 1 1 1 1 1 1 1 1 1 2 1 2 1 1 1 1 1 1 1 1 1 1 1 2 0 1 1 1 0 1 0 1 1 1 1 1 0 1 2 1 1 1 0 1 1 1 2 1 1 1 1 1 1 1 1 1 1 1 1 1 2 1 2 1 1 1 1 1 1 1 1 1 1 1 1 1 1 1 1 
2 2 4 2 1 3 0 3 2 2 1 4 2 2 1 1 2 2 1 2 1 3 2 4 2 1 2 1 1 1 3 1 2 2 2 2 3 2 2 2 2 3 2 2 2 1 3 2 1 1 2 2 2 1 2 3 1 2 2 1 2 2 2 0 1 2 2 2 2 0 2 1 2 3 1 2 1 2 2 1 2 2 2 2 2 2 1 3 2 2 2 2 2 1 3 2 3 2 2 1 2 2 3 3 2 2 1 2 2 1 2 1 1 3 3 2 2 2 2 1 2 1 3 3 2 2 1 2 2 1 3 3 1 2 2 2 2 2 2 2 1 2 2 2 2 2 1 2 2 2 1 2 3 2 1 1 3 2 2 2 2 3 1 2 2 2 2 1 2 1 2 2 2 1 1 2 2 2 1 2 2 2 3 1 3 2 3 3 2 2 2 2 2 3 2 2 3 2 2 3 
11 10 8 11 14 7 11 7 10 11 9 4 6 11 11 5 15 11 13 11 9 10 5 9 6 5 12 9 15 9 10 7 14 10 2 11 9 3 15 12 6 2 14 9 5 4 5 14 8 9 6 10 9 8 7 12 13 12 11 11 4 8 9 10 8 10 9 14 7 7 8 0 4 17 9 7 14 10 12 5 11 6 11 13 12 12 9 15 7 7 9 11 7 14 7 7 9 7 2 12 12 13 6 5 19 9 11 11 12 3 11 13 9 13 11 4 11 9 8 12 8 15 13 7 14 10 11 11 7 6 7 12 9 7 9 8 3 17 11 4 15 9 6 14 11 16 10 15 6 10 14 12 7 5 10 17 11 3 6 10 11 14 14 7 12 7 6 7 13 7 5 6 9 8 3 10 11 9 16 9 7 14 11 8 7 8 9 11 13 9 8 11 4 12 8 11 11 18 7 11 
1 1 1 1 1 1 1 1 1 1 1 1 1 1 1 1 1 1 1 1 1 1 1 1 1 1 1 1 1 1 1 1 1 1 1 1 1 1 1 1 1 0 1 1 1 1 0 1 1 1 1 1 1 0 2 1 1 1 1 1 1 1 1 1 2 1 1 1 1 0 1 1 1 1 1 1 1 1 2 1 1 1 1 1 1 1 1 1 1 1 2 0 1 1 1 1 1 1 1 1 1 1 0 0 1 1 1 1 1 1 1 1 1 1 1 1 1 2 1 1 0 1 0 1 1 1 1 1 1 1 1 1 1 1 1 1 1 1 1 0 2 1 1 1 1 1 2 1 0 1 1 1 1 1 1 1 1 1 1 1 1 1 1 1 1 1 1 1 1 1 0 1 1 1 1 1 1 1 1 1 1 1 1 1 1 0 1 1 1 1 1 1 1 1 1 2 1 1 1 1 
7 10 7 4 7 11 6 9 7 8 10 6 5 10 7 7 11 5 9 8 9 3 10 8 9 4 8 8 5 9 10 5 13 7 0 9 11 7 5 5 6 8 6 8 3 9 6 4 7 3 4 9 6 7 10 4 4 6 9 8 11 8 6 8 4 5 9 2 4 10 5 5 5 7 8 5 7 5 7 10 5 14 7 9 7 3 6 5 9 10 6 9 7 2 8 5 2 11 11 5 6 3 11 7 6 7 4 4 2 8 7 7 7 8 11 7 7 11 8 4 7 10 5 10 8 7 9 7 13 6 6 7 8 2 7 6 7 3 5 9 5 5 4 6 6 7 7 8 6 9 8 9 5 6 6 2 4 9 8 6 9 5 8 8 5 5 9 9 2 7 6 9 7 10 12 8 3 7 6 8 9 6 4 8 1 8 6 5 8 8 7 6 12 4 10 8 6 5 9 11 
1 3 3 2 2 2 2 2 3 3 2 1 1 1 2 3 2 3 3 3 3 2 2 3 2 3 3 2 1 3 2 1 2 2 2 2 3 2 2 3 1 2 3 2 2 2 2 2 1 1 2 3 2 3 2 1 2 2 2 2 2 3 2 1 2 3 3 3 2 2 2 2 2 2 1 1 1 2 2 2 2 2 2 2 3 3 1 2 3 1 2 1 3 3 2 3 3 1 2 2 3 2 3 1 2 3 2 1 3 3 1 3 2 2 2 2 2 3 2 3 3 2 2 2 1 2 1 3 1 2 2 3 0 2 1 2 2 0 1 2 2 3 2 1 3 2 1 3 1 2 2 1 2 2 3 2 1 1 3 2 2 2 1 2 3 3 3 3 0 2 3 2 2 2 3 1 2 2 2 2 2 1 1 1 3 4 1 1 3 2 2 2 3 3 0 0 1 1 1 2 
3 6 3 4 5 4 5 4 5 2 3 3 5 3 3 3 5 4 4 4 6 7 3 5 5 3 4 7 5 4 8 3 1 5 4 5 6 5 4 5 4 2 4 4 5 4 2 5 6 3 4 6 4 4 5 4 6 3 5 4 5 4 3 5 4 5 4 2 2 4 4 3 5 5 4 5 5 1 2 6 5 3 2 5 4 7 3 4 4 4 4 4 6 4 5 5 2 2 1 3 2 6 4 1 4 6 3 4 2 5 5 5 6 2 6 6 2 5 5 3 3 4 5 5 3 5 3 7 5 5 4 5 4 2 4 3 4 4 3 1 4 4 2 6 1 3 5 3 2 3 5 3 2 5 3 6 5 2 4 4 5 4 5 5 4 6 6 3 4 3 5 5 3 4 6 4 5 2 3 2 3 4 4 6 4 1 3 5 3 5 8 5 6 5 3 2 4 3 6 6 
3 2 2 2 4 2 4 3 2 1 4 5 3 4 4 3 4 4 1 3 5 2 1 3 4 2 4 2 3 3 3 3 2 2 0 4 3 4 4 3 2 3 2 2 4 3 3 3 1 3 5 5 4 3 2 4 4 3 3 2 5 2 2 2 3 3 3 4 3 4 2 5 3 2 2 4 3 2 3 2 3 2 3 2 2 3 3 3 3 3 4 4 3 1 3 3 3 3 5 3 4 4 3 3 2 5 2 4 2 2 4 4 3 4 2 2 3 2 3 2 4 4 2 2 4 3 3 4 2 4 6 4 3 2 1 2 4 3 3 3 3 4 2 2 3 2 4 3 3 3 5 4 1 2 1 3 3 3 3 2 3 2 3 2 2 2 3 3 3 4 4 4 3 3 4 4 3 3 3 1 1 4 2 4 3 3 3 5 3 4 3 1 3 2 3 5 2 2 2 2 
4 6 5 5 0 4 8 8 7 6 6 4 2 5 7 4 10 8 9 5 7 6 6 2 4 5 7 9 8 5 5 7 5 6 5 6 6 5 8 5 8 6 2 7 7 5 6 5 7 5 6 6 7 6 4 7 5 9 5 7 6 8 9 6 7 4 8 4 2 7 7 4 4 9 4 5 8 1 3 4 6 6 8 4 4 1 4 6 6 4 6 9 5 10 9 3 6 7 6 4 5 5 5 5 6 10 5 6 5 4 8 6 4 3 9 5 5 5 7 8 5 8 6 3 6 3 4 6 5 4 6 3 4 4 5 9 8 11 8 5 3 7 8 7 6 5 9 7 6 4 4 5 7 9 7 6 9 7 9 5 6 3 8 9 7 7 9 6 6 4 7 6 7 3 3 5 4 6 7 6 5 7 4 8 7 7 8 8 7 4 7 5 3 5 5 3 2 5 7 5 
4 10 11 12 13 6 7 13 9 12 8 8 5 9 8 8 10 10 9 5 12 8 10 5 12 7 8 7 5 11 11 9 7 13 11 8 14 12 10 10 12 7 12 14 5 11 4 14 9 12 5 7 4 13 6 9 9 8 11 12 9 10 15 8 4 8 13 10 9 9 5 11 9 10 8 8 8 7 10 8 4 11 6 12 8 10 3 11 8 7 11 8 7 13 12 5 8 16 8 7 10 10 7 11 4 10 12 12 8 13 12 7 4 6 12 6 7 7 6 7 12 10 9 12 7 7 2 11 6 11 6 10 8 16 9 12 9 7 10 15 7 9 12 14 9 10 6 10 14 9 9 8 8 11 10 5 8 7 18 8 6 5 7 12 11 15 11 9 12 15 7 7 13 10 7 12 8 8 13 16 10 13 10 11 7 12 8 8 9 8 12 14 13 5 9 11 11 11 11 8 
3 4 3 3 3 2 3 4 3 1 1 5 2 4 4 5 3 3 4 4 1 3 3 2 3 4 3 3 3 5 3 3 2 2 2 2 3 3 3 3 4 6 3 2 3 3 2 4 4 2 2 2 5 5 2 3 3 4 2 2 4 3 2 4 3 5 3 2 4 4 2 4 3 5 1 4 4 3 3 2 4 3 4 2 3 4 3 5 3 2 4 6 5 2 2 3 4 3 3 4 3 3 4 2 1 4 3 3 4 3 5 3 4 3 4 2 3 1 1 3 5 3 4 3 4 4 3 2 3 4 3 3 3 3 1 1 3 4 3 4 3 4 4 4 2 6 4 2 3 2 3 2 2 3 5 3 3 3 2 0 3 4 4 2 4 5 3 2 3 3 5 5 2 0 3 3 3 3 4 4 4 4 3 3 1 3 2 3 4 4 1 3 2 4 3 1 3 3 4 4 
2 3 4 2 2 4 4 2 3 1 3 2 3 4 3 3 4 4 5 2 5 4 3 1 2 3 4 3 3 2 5 2 1 3 3 4 4 3 5 7 1 4 3 1 2 2 4 2 2 2 1 2 2 3 3 3 4 3 1 3 4 2 3 2 3 3 6 3 3 3 3 4 3 1 1 3 1 4 4 3 4 5 1 3 3 3 3 1 3 2 3 2 4 4 5 3 2 4 3 2 3 3 4 3 2 2 2 3 3 3 3 3 4 3 3 1 4 2 2 1 1 4 3 1 2 4 2 4 4 2 4 4 3 3 1 2 5 4 3 3 2 3 1 2 1 2 4 2 1 3 5 4 4 3 2 3 3 2 4 2 4 4 2 5 2 2 1 2 3 3 3 5 4 3 4 2 4 5 2 3 3 2 3 4 3 1 4 4 4 1 2 3 3 5 2 2 3 1 5 5 
6 8 6 2 10 3 2 8 5 5 5 5 6 3 5 5 2 3 8 8 6 5 2 3 6 3 5 5 6 7 2 6 5 4 1 7 4 3 4 5 4 5 6 3 7 7 4 6 3 3 5 5 5 4 4 7 6 2 4 6 5 9 7 4 6 4 8 5 5 9 5 6 6 8 5 5 4 6 8 7 6 5 6 4 3 4 4 7 6 4 6 8 4 5 3 6 8 3 7 4 5 4 9 7 4 4 6 4 6 2 2 1 4 2 3 6 7 3 5 4 9 8 2 5 5 4 5 3 7 6 5 7 7 6 7 7 4 6 5 6 5 7 3 6 5 6 4 7 4 3 2 5 4 9 4 6 3 4 2 4 8 3 6 7 3 5 3 2 4 5 3 8 4 7 5 6 4 3 5 7 5 4 3 7 7 0 7 7 5 4 6 5 4 4 3 4 3 5 6 5 
5 3 2 3 4 2 2 4 3 5 2 4 1 3 4 3 3 4 3 3 2 5 3 2 3 3 4 2 3 3 3 3 2 4 4 4 3 4 3 4 3 3 4 4 4 2 3 1 3 3 2 3 4 3 3 3 3 2 3 6 4 3 3 2 3 3 4 3 3 3 3 5 2 4 2 3 3 3 1 3 4 2 2 3 5 4 1 4 2 2 3 3 3 3 3 3 2 3 3 4 4 3 4 3 3 4 3 4 3 3 3 4 4 4 4 3 3 2 3 1 1 3 4 5 2 2 4 4 4 3 3 3 2 3 2 2 1 4 3 4 4 3 4 2 3 4 4 2 2 2 4 4 5 2 4 4 6 2 4 3 3 2 2 4 3 5 4 5 2 3 2 2 5 2 5 5 5 2 3 4 2 2 2 4 2 4 3 4 3 1 4 3 3 2 4 5 5 3 4 3 
3 3 5 4 7 4 2 5 8 3 7 6 5 8 3 5 8 8 5 5 3 5 5 4 5 5 4 4 5 7 4 3 8 3 3 6 7 5 5 3 3 5 3 3 6 8 5 8 4 2 6 6 1 5 3 4 8 3 5 6 4 5 6 5 1 6 5 5 5 4 3 3 6 5 6 3 4 5 4 6 8 6 6 8 2 3 2 8 7 5 4 4 4 4 5 4 6 7 4 2 4 5 6 2 5 6 5 7 5 4 8 5 3 5 4 7 6 2 6 4 8 5 2 5 4 5 7 3 4 3 2 4 2 4 7 7 5 7 2 7 4 5 8 6 6 5 8 5 3 3 5 4 5 6 5 5 8 7 6 6 6 5 5 6 4 3 6 5 3 8 3 7 7 7 5 8 5 6 7 5 5 6 4 7 2 7 5 4 8 7 6 5 6 5 4 4 4 4 6 5 
6 6 4 6 7 6 4 8 5 5 3 4 7 6 4 5 6 7 3 3 6 3 8 4 5 9 6 5 6 5 7 6 4 4 4 5 4 2 5 4 4 6 3 5 5 6 9 2 6 5 6 2 7 1 7 7 6 6 6 5 6 2 3 6 3 7 4 5 6 8 4 5 4 6 7 5 6 2 5 3 5 5 5 4 4 3 9 6 4 5 6 4 5 2 5 3 4 7 4 3 6 4 6 7 8 5 4 6 6 4 4 3 7 8 8 3 4 9 3 5 3 2 6 5 5 7 7 6 6 3 3 3 8 3 4 3 5 7 4 3 3 7 3 6 5 3 5 5 4 4 3 6 5 3 7 3 5 1 4 7 7 5 4 5 5 4 3 7 3 5 6 6 4 5 5 5 5 5 5 6 5 5 9 6 4 6 3 5 4 6 7 6 4 4 7 0 7 3 4 4 
4 4 3 1 4 4 2 2 3 3 4 2 3 4 3 3 2 3 1 3 3 2 4 3 3 3 4 3 2 2 2 4 3 3 2 3 2 3 2 4 2 6 3 3 2 3 4 3 3 4 5 3 2 5 2 3 3 3 2 3 3 2 3 4 3 3 5 2 2 4 3 3 1 5 3 4 4 5 3 2 3 4 3 3 4 4 3 4 2 2 4 4 3 2 3 4 3 3 4 3 2 4 4 2 4 2 2 2 2 3 2 4 4 2 2 2 3 4 3 3 3 2 4 3 4 4 5 2 3 3 3 5 3 1 4 2 4 3 4 3 3 3 4 3 2 2 4 3 4 5 3 4 4 3 2 3 5 3 2 4 2 4 3 4 2 4 1 4 4 5 4 2 3 3 3 4 2 2 4 3 1 4 3 2 0 2 3 3 4 3 3 2 2 3 2 3 2 2 3 2 
4 13 10 11 13 11 2 14 7 10 12 11 8 10 13 6 5 12 14 9 9 6 13 6 12 5 9 6 12 4 8 12 6 5 10 9 11 8 11 6 9 11 7 10 12 12 8 7 6 7 6 10 7 10 5 9 5 14 10 6 15 12 14 10 7 10 10 7 8 7 13 5 9 7 16 6 11 9 10 12 3 10 6 4 7 14 5 7 9 8 8 9 6 11 8 12 11 9 7 5 2 12 10 7 8 11 8 12 8 5 8 5 9 9 15 10 8 5 3 9 13 11 8 8 12 3 8 8 11 9 7 5 9 12 7 4 12 9 0 8 14 7 11 10 7 13 9 8 9 8 12 7 10 5 6 10 12 14 9 7 8 10 10 12 8 4 11 6 10 9 5 10 9 5 9 11 10 10 3 7 8 8 5 2 8 14 13 10 9 8 4 9 6 9 6 5 9 4 12 5 
2 4 4 5 4 4 3 2 7 5 3 5 2 3 5 3 3 5 5 4 4 4 6 2 4 4 5 6 3 3 3 5 4 3 4 3 5 6 3 4 2 4 5 4 2 4 4 3 3 4 3 5 2 7 4 5 3 4 5 4 0 3 2 3 1 5 4 7 4 4 4 5 5 8 5 5 4 2 2 2 5 6 4 6 4 5 3 3 5 5 3 4 3 3 2 3 7 6 5 4 5 3 4 3 6 5 5 3 3 4 3 4 3 4 3 3 3 3 4 4 4 5 3 4 3 6 3 4 2 5 4 3 4 5 3 5 6 5 3 3 3 4 4 4 4 2 3 5 4 4 4 3 5 4 4 3 4 1 4 4 2 4 3 4 2 4 6 3 5 4 1 6 3 5 5 3 2 5 5 2 4 2 3 4 3 6 2 4 3 5 6 3 4 4 1 4 3 3 4 3 
4 3 6 7 5 6 10 6 5 10 4 5 7 9 4 4 5 13 3 3 9 5 6 6 6 5 5 3 6 4 6 6 11 8 9 7 6 9 6 7 2 7 6 8 7 5 6 5 5 7 7 3 7 3 5 5 5 4 4 5 6 5 6 5 7 7 4 9 6 6 7 0 7 4 4 2 8 4 8 6 4 8 6 4 6 7 7 7 7 1 6 7 5 8 7 8 7 5 4 8 7 10 7 4 5 8 5 4 6 9 8 5 7 6 4 6 5 4 6 8 10 5 4 5 4 4 9 7 5 10 9 5 10 7 10 8 5 8 5 8 8 6 7 3 3 7 3 7 5 8 5 9 8 7 8 8 6 5 5 8 9 6 6 5 7 5 6 7 4 7 4 6 4 7 6 10 5 7 6 4 8 9 6 7 7 6 8 6 6 5 1 5 7 6 5 7 6 5 5 7 
