NAME  : Jabali_60_3_0.85_1_1
TYPE : SVRP
MODEL : FINITE_SUPPORT
NUMBER_OF_SCENARIOS : 200
DIMENSION : 60
EDGE_WEIGHT_TYPE : MATRIX
CAPACITY : 130
N_VEHICLES : 3
NODE_COORD_SECTION
1 4632 3558
2 6815 2846
3 4014 885
4 2993 4021
5 6523 6747
6 6463 616
7 1589 2125
8 7338 6270
9 4283 5290
10 1772 3898
11 4797 4770
12 1022 1758
13 1902 4449
14 5815 3121
15 1670 2530
16 27 2794
17 2571 4269
18 6004 6415
19 2499 4148
20 5192 4683
21 6677 5095
22 6043 6132
23 5550 4403
24 8523 4542
25 1217 4871
26 3420 858
27 1374 5323
28 4243 7962
29 6760 4984
30 6423 7270
31 7137 4596
32 1754 3614
33 2856 1896
34 5603 18
35 4445 3655
36 6189 147
37 2642 6081
38 5390 5682
39 5963 5003
40 4443 1294
41 7255 5093
42 5361 4176
43 2930 7954
44 1657 5620
45 6898 914
46 2632 6463
47 6460 1815
48 3562 6902
49 8464 4096
50 3584 6588
51 4540 90
52 7135 2542
53 5291 4461
54 4702 4294
55 4065 6083
56 5535 1618
57 6978 3075
58 6671 3385
59 1862 6264
60 1466 1659
DEMAND_SECTION
1 0.0
2 6.0
3 7.0
4 9.0
5 4.0
6 9.0
7 3.0
8 6.0
9 6.0
10 8.0
11 7.0
12 10.0
13 9.0
14 5.0
15 1.0
16 7.0
17 4.0
18 5.0
19 5.0
20 1.0
21 4.0
22 3.0
23 8.0
24 8.0
25 8.0
26 9.0
27 9.0
28 6.0
29 5.0
30 1.0
31 8.0
32 4.0
33 6.0
34 5.0
35 3.0
36 3.0
37 9.0
38 5.0
39 7.0
40 1.0
41 10.0
42 9.0
43 2.0
44 1.0
45 7.0
46 3.0
47 10.0
48 4.0
49 9.0
50 2.0
51 8.0
52 2.0
53 10.0
54 7.0
55 1.0
56 10.0
57 2.0
58 6.0
59 4.0
60 3.0
DEVIATION_SECTION
1 0.0
2 2.0
3 2.33333
4 3.0
5 1.33333
6 3.0
7 1.0
8 2.0
9 2.0
10 2.66667
11 2.33333
12 3.33333
13 3.0
14 1.66667
15 0.333333
16 2.33333
17 1.33333
18 1.66667
19 1.66667
20 0.333333
21 1.33333
22 1.0
23 2.66667
24 2.66667
25 2.66667
26 3.0
27 3.0
28 2.0
29 1.66667
30 0.333333
31 2.66667
32 1.33333
33 2.0
34 1.66667
35 1.0
36 1.0
37 3.0
38 1.66667
39 2.33333
40 0.333333
41 3.33333
42 3.0
43 0.666667
44 0.333333
45 2.33333
46 1.0
47 3.33333
48 1.33333
49 3.0
50 0.666667
51 2.66667
52 0.666667
53 3.33333
54 2.33333
55 0.333333
56 3.33333
57 0.666667
58 2.0
59 1.33333
60 1.0
DISTANCE_MATRIX
0.0 32.3883 41.5988 23.0868 48.4665 48.0405 51.8471 50.1763 22.8035 37.9473 17.4642 60.0739 38.3275 18.1108 50.1779 62.7954 29.1548 42.1319 29.2746 17.0294 34.0 39.4292 16.1555 54.5619 49.163 45.7715 50.04 59.1535 34.4819 55.0668 36.8782 38.0789 35.4128 51.1305 2.0 51.4786 44.5175 32.9424 25.5407 34.5527 40.4969 13.0 63.7024 49.4975 47.927 47.9836 35.4401 46.669 53.0094 43.1393 49.6379 37.1214 15.2971 10.4403 34.0588 30.2218 32.9848 28.7924 53.2066 55.1535 
32.3883 0.0 46.1411 55.4437 51.4004 31.3209 70.1783 46.6154 47.8017 70.0947 37.9473 78.0064 70.7107 14.3178 68.5793 92.3423 61.5224 47.3814 61.6604 33.2415 29.6816 44.5982 27.8568 32.28 81.4985 52.4309 82.0549 78.2271 29.1548 58.0086 24.3516 70.0947 53.6004 42.0476 34.3657 37.855 73.3485 39.7037 30.6105 38.5876 30.6757 27.8927 87.9174 81.0247 26.8328 76.1577 15.1327 71.3136 28.2312 68.3169 48.5077 5.38516 30.6757 35.3553 58.7744 24.3516 3.0 7.07107 82.7345 72.8011 
41.5988 46.1411 0.0 45.9674 82.1672 33.5261 36.0555 83.1522 61.4469 52.0736 56.5279 40.4475 56.4511 38.0789 37.6563 59.0339 49.746 75.8326 49.1522 54.1488 65.3758 73.1299 50.6559 77.8781 66.6829 7.61577 70.3027 97.5962 65.4905 88.7675 64.7611 49.0114 21.5407 25.0799 43.3867 31.1448 73.5246 66.6431 59.2185 7.61577 70.214 48.0425 99.374 71.8942 38.4838 77.9968 35.3553 84.4553 74.2428 80.887 13.0384 47.2017 51.5411 50.3292 72.2144 22.6716 48.7647 48.4665 78.017 35.2278 
23.0868 55.4437 45.9674 0.0 64.1519 68.0154 34.1015 66.6506 27.5161 16.4012 27.4733 41.2581 15.2971 41.1947 29.0842 44.2041 6.08276 57.1519 6.32456 30.6775 50.8212 54.388 33.6155 74.4312 26.0768 44.1425 27.2947 57.3172 51.4686 70.4002 55.7584 17.6918 31.2156 66.888 21.095 69.7782 27.6291 43.4709 42.015 43.6005 57.814 31.305 52.488 27.5136 69.234 32.1012 57.5797 40.2319 73.7902 37.4075 58.7282 60.208 31.0644 23.3238 36.6849 49.6676 55.9017 51.4198 32.45 40.116 
48.4665 51.4004 82.1672 64.1519 0.0 81.4923 97.2654 13.1529 36.8511 75.309 46.392 104.422 68.8532 47.1699 92.2482 103.023 67.3844 8.544 68.2871 34.5416 21.9317 11.1803 32.311 41.2311 72.8763 86.3399 68.7017 32.249 22.6274 6.7082 29.2062 78.2268 82.6676 89.3197 49.2865 87.2067 49.5044 23.7047 23.0868 75.121 24.1868 35.4698 48.0937 64.3161 77.9359 48.7873 65.0 36.4005 44.5982 35.7771 90.0764 56.0803 33.9969 41.7919 34.8951 68.0074 49.0408 44.4072 59.2828 103.28 
48.0405 31.3209 33.5261 68.0154 81.4923 0.0 68.469 77.8332 69.814 78.0897 61.5549 73.7564 81.4923 35.4683 69.0652 91.7878 73.3757 76.2758 73.0821 58.0 60.4152 73.5172 53.1507 61.0 92.4175 41.1096 94.921 107.233 60.0083 88.193 55.6597 76.6551 52.0384 13.8924 49.8284 7.07107 92.5197 67.205 59.0762 29.1548 61.9839 51.6236 111.212 95.5204 6.7082 95.9858 16.5529 94.0213 56.0357 90.6035 27.0185 28.2843 55.1725 56.2228 81.1076 18.3848 34.2053 37.6962 100.292 68.4471 
51.8471 70.1783 36.0555 34.1015 97.2654 68.469 0.0 99.7641 60.6295 22.8473 60.5867 8.94427 30.0832 57.2527 5.09902 23.3452 31.1449 90.2654 30.1631 63.7025 83.757 87.5014 65.8488 98.2365 36.4005 29.4279 41.8808 84.0474 84.3907 97.7563 83.0231 19.6977 17.088 61.131 50.0592 67.0075 53.699 76.5843 74.9508 39.3192 90.68 62.9851 78.6548 45.6508 72.3671 58.0401 65.192 66.9621 95.5409 64.1377 47.8539 73.4302 63.93 55.8783 63.4151 53.1601 71.8471 69.25 54.1295 6.08276 
50.1763 46.6154 83.1522 66.6506 13.1529 77.8332 99.7641 0.0 43.9561 83.0417 41.005 106.921 75.9582 46.1736 94.7469 110.304 72.3102 18.868 72.7937 36.2514 18.1108 19.8494 34.0208 29.5466 81.9062 87.3248 79.3129 45.0444 18.2483 16.4924 22.3607 84.1409 84.5296 87.3212 50.9963 84.119 62.2316 30.2324 24.7386 76.0263 16.1245 37.1796 61.2046 75.9293 73.4098 61.5146 61.3514 49.3356 33.6155 48.5044 90.1998 50.5371 35.7067 43.5017 43.4566 66.7533 43.8634 40.1622 72.01 102.893 
22.8035 47.8017 61.4469 27.5161 36.8511 69.814 60.6295 43.9561 0.0 41.9304 10.0499 67.7862 35.4745 35.7771 55.6123 69.6442 34.0058 29.8511 34.9085 15.0333 36.3545 27.0872 20.2237 62.0315 41.4265 60.3876 39.3954 36.3694 37.3103 43.0994 43.6206 45.0064 47.5188 73.256 21.6333 73.5935 26.0192 16.1701 27.1595 56.6782 43.3253 19.9249 41.4005 36.6879 68.7968 28.4429 55.5698 24.2074 62.8451 20.8087 71.7634 53.1601 17.2627 13.6015 11.3137 52.345 47.0744 41.7732 36.0555 66.6441 
37.9473 70.0947 52.0736 16.4012 75.309 78.0897 22.8473 83.0417 41.9304 0.0 43.8644 29.4279 7.28011 55.7853 17.8885 28.6531 11.4018 68.309 10.6301 47.0686 67.2123 65.5451 49.93 90.7359 15.2643 47.0109 19.799 62.2013 67.8597 75.9184 72.111 3.16228 30.5345 74.5564 36.0555 78.591 31.257 59.862 58.4061 50.7935 74.2051 47.5079 56.0892 23.0217 80.3057 35.5106 70.0286 45.0999 89.9444 42.2966 64.9217 74.5733 47.4342 39.6611 41.5772 60.2993 70.8802 66.7308 31.305 28.7924 
17.4642 37.9473 56.5279 27.4733 46.392 61.5549 60.5867 41.005 10.0499 43.8644 0.0 67.7434 42.125 26.6271 55.5695 71.1262 33.1328 39.392 33.6164 5.0 25.1756 36.6281 10.198 49.0436 50.2239 60.0394 48.3839 45.9103 25.8229 52.6403 30.2579 44.9636 47.1706 66.0303 17.1172 65.8559 36.0555 25.711 16.3693 49.4818 32.1683 10.2956 50.9698 46.0977 60.0 38.4708 46.6154 33.7703 49.0572 30.3971 64.567 43.3244 7.28011 7.07107 20.8546 44.8219 37.108 31.7805 46.0109 65.5338 
60.0739 78.0064 40.4475 41.2581 104.422 73.7564 8.94427 106.921 67.7862 29.4279 67.7434 0.0 36.6742 65.3019 13.3417 19.4165 38.3015 97.422 37.3198 72.6819 91.9838 94.6581 74.0757 106.463 41.1461 33.1361 47.0106 91.204 92.6175 104.913 91.2499 26.3059 24.4131 65.123 58.286 71.5681 60.6712 83.741 83.1776 44.9222 98.9068 71.2119 85.5102 51.264 78.1601 64.9384 72.0139 74.1187 103.768 71.2944 51.0098 80.9938 72.1568 64.624 70.5717 59.6154 79.8123 77.2992 60.0833 5.38516 
38.3275 70.7107 56.4511 15.2971 68.8532 81.4923 30.0832 75.9582 35.4745 7.28011 42.125 36.6742 0.0 56.4358 25.0804 34.176 9.21954 61.8532 9.05539 45.3292 65.4729 59.0893 48.3516 89.1317 11.0454 54.1802 13.8924 55.4437 66.1203 69.4625 70.4256 10.4403 37.7038 78.7909 36.3456 82.5409 24.0832 48.1944 56.6667 55.0364 72.4657 46.2385 48.8365 16.2788 83.1865 28.2843 72.1734 38.3275 88.6438 35.6931 69.3412 75.4255 45.7274 38.0789 35.1213 63.3482 71.1969 66.7083 24.1868 36.0555 
18.1108 14.3178 38.0789 41.1947 47.1699 35.4683 57.2527 46.1736 35.7771 55.7853 26.6271 65.3019 56.4358 0.0 55.5836 79.3465 47.2652 41.1825 47.3814 22.6716 28.0713 38.4714 17.6918 41.0488 67.2681 43.0813 68.0 72.0208 28.0179 53.8516 26.6833 55.7853 41.044 42.1545 20.0998 40.4969 60.4401 31.993 24.1661 30.5941 32.249 16.4012 77.0713 67.1863 33.4215 63.5689 20.0 59.8717 38.2884 56.4985 44.0454 19.0263 19.8494 22.4722 46.956 20.8806 15.2315 12.0416 69.4262 60.2084 
50.1779 68.5793 37.6563 29.0842 92.2482 69.0652 5.09902 94.7469 55.6123 17.8885 55.5695 13.3417 25.0804 55.5836 0.0 23.7697 26.1277 85.2482 25.1459 58.6853 78.521 82.4842 60.8391 96.5674 31.8904 31.6228 37.2022 79.0302 79.1684 92.7391 82.9584 14.7648 17.0294 62.6498 45.4006 68.1175 48.6818 71.5671 69.7148 40.0 85.5138 58.1189 73.6376 40.8167 72.5603 53.0229 64.56 61.9449 93.8717 59.1205 50.0 72.0216 58.6443 50.8611 58.3979 52.9528 70.1914 67.5809 49.1935 11.1803 
62.7954 92.3423 59.0339 44.2041 103.023 91.7878 23.3452 110.304 69.6442 28.6531 71.1262 19.4165 34.176 79.3465 23.7697 0.0 39.9625 96.0229 39.1152 74.2765 94.1266 98.0409 76.446 116.856 33.0151 52.0096 39.0 89.0505 94.774 103.632 98.5654 26.6271 40.2616 84.0 61.0075 90.1388 56.8859 87.1238 85.3204 62.6498 101.119 73.7259 80.0562 44.0114 95.7079 60.531 88.2326 72.0347 115.595 69.6419 70.1783 95.7846 74.2496 66.468 69.291 76.4003 93.9544 91.5589 53.0 24.0832 
29.1548 61.5224 49.746 6.08276 67.3844 73.3757 31.1449 72.3102 34.0058 11.4018 33.1328 38.3015 9.21954 47.2652 26.1277 39.9625 0.0 60.3844 1.0 36.337 56.4808 57.6205 39.3573 80.1395 20.025 47.8717 21.587 54.2849 57.1281 67.9937 61.4334 13.4164 34.9448 71.5891 27.1662 74.8465 24.5967 49.1304 47.6745 48.0208 63.4735 37.1618 49.4557 22.3607 74.7329 29.0689 63.4487 37.1996 79.6241 34.3752 62.6259 66.2722 36.7352 29.0689 33.6525 55.0818 61.9839 57.4891 28.3196 37.1594 
42.1319 47.3814 75.8326 57.1519 8.544 76.2758 90.2654 18.868 29.8511 68.309 39.392 97.422 61.8532 41.1825 85.2482 96.0229 60.3844 0.0 61.2871 28.207 19.6977 3.16228 25.9764 43.0465 67.8013 80.0053 65.208 31.3847 20.6155 14.0 27.8568 71.2268 75.6676 83.2411 42.9519 81.6333 48.6578 16.7047 17.2047 68.7865 24.3311 29.1353 45.2769 61.8243 73.2462 43.3321 60.0 31.4006 45.5412 30.3218 83.7419 52.4023 27.6623 35.4573 29.3516 61.8223 45.3431 40.3113 53.8275 96.2799 
29.2746 61.6604 49.1522 6.32456 68.2871 73.0821 30.1631 72.7937 34.9085 10.6301 33.6164 37.3198 9.05539 47.3814 25.1459 39.1152 1.0 61.2871 0.0 36.8206 56.9644 58.5232 39.8246 80.6226 20.0 47.2779 21.8403 55.1876 57.6117 68.8964 61.917 12.53 34.351 71.1196 27.2947 74.4648 25.4951 49.614 48.1581 47.5079 63.9571 37.5766 50.3584 22.8254 74.5252 29.9666 63.2944 38.1023 80.0562 35.2779 62.0423 66.3702 37.2188 29.5296 34.5553 54.8179 62.1691 57.7235 29.0 36.1777 
17.0294 33.2415 54.1488 30.6775 34.5416 58.0 63.7025 36.2514 15.0333 47.0686 5.0 72.6819 45.3292 22.6716 58.6853 74.2765 36.337 28.207 36.8206 0.0 20.422 25.5043 5.38516 44.29 55.0016 58.3214 53.1636 59.0453 21.0694 41.1419 25.5043 48.1677 49.3982 63.2851 17.2627 62.6259 41.0488 19.0175 11.6158 47.1026 27.4148 6.40312 55.8632 50.9902 56.0803 43.4166 42.638 38.6636 44.2719 35.2904 62.1878 38.6264 2.82843 8.06226 25.748 41.8808 32.28 26.9258 51.0098 67.7615 
34.0 29.6816 65.3758 50.8212 21.9317 60.4152 83.757 18.1108 36.3545 67.2123 25.1756 91.9838 65.4729 28.0713 78.521 94.1266 56.4808 19.6977 56.9644 20.422 0.0 17.72 18.0278 25.7099 74.3308 69.5871 71.9969 51.0784 1.0 28.4253 8.24621 68.3115 67.3228 69.3758 34.9857 66.4831 57.0701 20.2485 10.0 58.1378 7.2111 21.095 64.3606 68.9944 56.4358 58.4209 43.8634 49.0918 27.0185 47.0 72.111 34.2053 19.8773 27.6723 38.2099 48.6621 27.2029 22.8254 67.4685 87.0634 
39.4292 44.5982 73.1299 54.388 11.1803 73.5172 87.5014 19.8494 27.0872 65.5451 36.6281 94.6581 59.0893 38.4714 82.4842 98.0409 57.6205 3.16228 58.5232 25.5043 17.72 0.0 23.2737 42.0119 65.0373 77.3026 62.444 33.541 18.6815 17.0294 25.9615 71.8783 72.9037 80.5384 40.2492 78.8977 45.8938 13.9408 14.4426 66.0838 23.0217 26.4325 46.6905 59.0604 70.4856 46.6208 57.2361 32.0726 44.1814 34.4851 81.0392 49.679 24.9596 32.7546 26.5877 59.1196 42.638 37.5366 56.3193 93.516 
16.1555 27.8568 50.6559 33.6155 32.311 53.1507 65.8488 34.0208 20.2237 49.93 10.198 74.0757 48.3516 17.6918 60.8391 76.446 39.3573 25.9764 39.8246 5.38516 18.0278 23.2737 0.0 40.8167 58.4101 54.8286 57.5552 56.8147 18.6011 38.9113 22.2036 50.8035 49.4146 59.0593 17.0 58.0086 46.1736 16.7869 9.38516 43.6097 24.8395 3.16228 65.0006 55.5788 50.9902 48.6621 37.5366 43.962 40.3113 40.5888 58.6941 33.2415 3.0 10.2956 31.0463 37.5899 26.9258 21.587 56.0089 69.1552 
54.5619 32.28 77.8781 74.4312 41.2311 61.0 98.2365 29.5466 62.0315 90.7359 49.0436 106.463 89.1317 41.0488 96.5674 116.856 80.1395 43.0465 80.6226 44.29 25.7099 42.0119 40.8167 0.0 99.2412 83.6481 97.4031 73.3485 24.7386 45.8803 18.7883 91.526 82.0278 73.3348 56.0803 68.0074 82.7647 45.8803 35.1141 70.2638 19.105 43.2666 88.278 94.6713 55.0818 84.0119 46.5296 74.0647 5.38516 72.2496 80.7775 33.2415 43.4166 51.1077 63.7887 56.6127 29.4109 29.5296 93.1719 101.543 
49.163 81.4985 66.6829 26.0768 72.8763 92.4175 36.4005 81.9062 41.4265 15.2643 50.2239 41.1461 11.0454 67.2681 31.8904 33.0151 20.025 67.8013 20.0 55.0016 74.3308 65.0373 58.4101 99.2412 0.0 61.6203 6.08276 56.921 75.2866 73.7021 80.4555 17.8045 45.1438 89.3524 47.1699 93.3006 24.6982 54.1463 66.567 65.5895 81.3016 56.333 47.0425 11.0 94.2019 27.8927 83.2166 40.3113 98.7024 38.4708 79.531 86.2844 55.7859 48.1374 40.3609 74.3303 81.8841 77.2787 20.025 41.8808 
45.7715 52.4309 7.61577 44.1425 86.3399 41.1096 29.4279 87.3248 60.3876 47.0109 60.0394 33.1361 54.1802 43.0813 31.6228 52.0096 47.8717 80.0053 47.2779 58.3214 69.5871 77.3026 54.8286 83.6481 61.6203 0.0 66.6073 96.5368 69.7381 92.9402 69.5701 43.9487 17.0294 32.0156 47.8712 38.4708 71.6569 70.8158 63.3912 14.1421 74.7265 52.2152 96.5158 70.0199 46.0977 76.129 42.5206 81.2856 80.2621 77.7173 18.4391 53.9073 55.7137 54.2092 71.1551 29.7321 54.9181 54.1202 76.1427 28.0179 
50.04 82.0549 70.3027 27.2947 68.7017 94.921 41.8808 79.3129 39.3954 19.799 48.3839 47.0106 13.8924 68.0 37.2022 39.0 21.587 65.208 21.8403 53.1636 71.9969 62.444 57.5552 97.4031 6.08276 66.6073 0.0 51.6236 72.9526 69.5275 78.6174 22.6716 50.1308 92.6121 48.0416 96.2081 19.7231 51.8124 64.7289 68.8767 78.9677 56.0823 41.1096 5.09902 96.3172 22.4722 84.8676 35.3553 97.4168 33.8378 83.1928 87.0057 54.618 47.9271 36.8782 76.6551 82.2192 77.4145 14.0 47.5079 
59.1535 78.2271 97.5962 57.3172 32.249 107.233 84.0474 45.0444 36.3694 62.2013 45.9103 91.204 55.4437 72.0208 79.0302 89.0505 54.2849 31.3847 55.1876 59.0453 51.0784 33.541 56.8147 73.3485 56.921 96.5368 51.6236 0.0 52.0 29.0689 59.2368 65.123 83.668 109.363 57.9541 109.961 32.28 40.714 47.9836 93.0471 55.3624 59.9736 17.4642 46.6154 104.505 29.1548 91.1284 17.1172 76.4003 20.0 108.132 83.285 58.5006 49.9422 25.632 88.7135 76.2369 71.1607 38.9487 90.0619 
34.4819 29.1548 65.4905 51.4686 22.6274 60.0083 84.3907 18.2483 37.3103 67.8597 25.8229 92.6175 66.1203 28.0179 79.1684 94.774 57.1281 20.6155 57.6117 21.0694 1.0 18.6815 18.6011 24.7386 75.2866 69.7381 72.9526 52.0 0.0 29.0689 7.28011 68.8973 67.9565 69.1231 35.5106 66.1287 58.0517 21.1896 10.8167 58.2151 6.40312 21.6333 65.3289 69.9502 55.9464 59.4138 43.4626 50.0899 26.0192 48.0 72.0625 33.6006 20.5247 28.3197 39.2046 48.5077 26.6271 22.3607 68.4471 87.6971 
55.0668 58.0086 88.7675 70.4002 6.7082 88.193 97.7563 16.4924 43.0994 75.9184 52.6403 104.913 69.4625 53.8516 92.7391 103.632 67.9937 14.0 68.8964 41.1419 28.4253 17.0294 38.9113 45.8803 73.7021 92.9402 69.5275 29.0689 29.0689 0.0 35.3836 78.8361 90.4029 96.0052 55.8868 93.9149 50.3289 29.953 29.7321 81.7213 30.0 42.0701 45.8912 65.142 84.5991 49.4065 71.6938 36.3593 49.6588 36.4005 96.6767 62.6259 40.5972 48.3922 35.7209 74.6726 55.6058 51.0392 60.0 103.771 
36.8782 24.3516 64.7611 55.7584 29.2062 55.6597 83.0231 22.3607 43.6206 72.111 30.2579 91.2499 70.4256 26.6833 82.9584 98.5654 61.4334 27.8568 61.917 25.5043 8.24621 25.9615 22.2036 18.7883 80.4555 69.5701 78.6174 59.2368 7.28011 35.3836 0.0 73.0068 66.8144 65.7647 38.2099 62.0967 64.6297 27.4591 16.4924 57.2713 6.32456 24.8395 72.6062 76.2605 51.0784 66.1891 39.2938 57.2189 19.2354 55.0364 70.1142 28.178 24.6982 32.45 46.0435 46.0 21.5407 18.2483 74.9667 86.3295 
38.0789 70.0947 49.0114 17.6918 78.2268 76.6551 19.6977 84.1409 45.0064 3.16228 44.9636 26.3059 10.4403 55.7853 14.7648 26.6271 13.4164 71.2268 12.53 48.1677 68.3115 71.8783 50.8035 91.526 17.8045 43.9487 22.6716 65.123 68.8973 78.8361 73.0068 0.0 27.4722 73.4105 36.2491 77.024 34.3657 60.9611 59.5053 49.911 75.2427 48.2597 59.2284 26.0768 79.1012 38.6394 69.1809 48.0416 90.5539 45.1774 61.8595 74.3858 48.4149 40.6079 44.4949 59.0762 70.8972 66.8506 34.4384 25.632 
35.4128 53.6004 21.5407 31.2156 82.6676 52.0384 17.088 84.5296 47.5188 30.5345 47.1706 24.4131 37.7038 41.044 17.0294 40.2616 34.9448 75.6676 34.351 49.3982 67.3228 72.9037 49.4146 82.0278 45.1438 17.0294 50.1308 83.668 67.9565 90.4029 66.8144 27.4722 0.0 46.0977 35.0024 51.2445 58.73 61.9866 59.8939 23.0217 71.8987 46.5509 83.5889 57.0929 55.5788 63.2021 48.1041 69.3339 79.3321 65.7656 34.4384 56.6039 48.8731 41.3404 58.2863 36.1386 55.4437 53.0412 63.2158 19.2094 
51.1305 42.0476 25.0799 66.888 89.3197 13.8924 61.131 87.3212 73.256 74.5564 66.0303 65.123 78.7909 42.1545 62.6498 84.0 71.5891 83.2411 71.1196 63.2851 69.3758 80.5384 59.0593 73.3348 89.3524 32.0156 92.6121 109.363 69.1231 96.0052 65.7647 73.4105 46.0977 0.0 52.9183 7.81025 94.4173 74.0516 66.3099 23.7697 72.0069 56.9386 114.528 93.9415 20.5913 98.8895 27.0 97.3968 68.593 93.9178 14.8661 40.1123 60.5392 59.8608 84.5691 21.4709 45.0444 47.5184 99.3227 60.0333 
2.0 34.3657 43.3867 21.095 49.2865 49.8284 50.0592 50.9963 21.6333 36.0555 17.1172 58.286 36.3456 20.0998 45.4006 61.0075 27.1662 42.9519 27.2947 17.2627 34.9857 40.2492 17.0 56.0803 47.1699 47.8712 48.0416 57.9541 35.5106 55.8868 38.2099 36.2491 35.0024 52.9183 0.0 53.2665 42.9411 33.7624 26.3607 36.3405 41.6173 13.8924 62.2415 47.5184 49.7695 46.4072 37.3631 45.2769 54.6443 41.7253 51.4258 39.1152 15.8114 10.0499 32.8024 32.0096 34.9285 30.6757 51.1142 53.3656 
51.4786 37.855 31.1448 69.7782 87.2067 7.07107 67.0075 84.119 73.5935 78.591 65.8559 71.5681 82.5409 40.4969 68.1175 90.1388 74.8465 81.6333 74.4648 62.6259 66.4831 78.8977 58.0086 68.0074 93.3006 38.4708 96.2081 109.961 66.1287 93.9149 62.0967 77.024 51.2445 7.81025 53.2665 0.0 95.9579 72.4591 64.4981 28.2843 68.4105 56.2228 114.876 97.17 13.6015 99.4239 22.8035 97.7446 63.0714 94.2603 22.3607 35.1283 59.8164 60.1082 84.9052 21.2603 40.7922 43.9659 102.08 66.3702 
44.5175 73.3485 73.5246 27.6291 49.5044 92.5197 53.699 62.2316 26.0192 31.257 36.0555 60.6712 24.0832 60.4401 48.6818 56.8859 24.5967 48.6578 25.4951 41.0488 57.0701 45.8938 46.1736 82.7647 24.6982 71.6569 19.7231 32.28 58.0517 50.3289 64.6297 34.3657 58.73 94.4173 42.9411 95.9579 0.0 37.2156 48.2597 71.4162 63.7887 45.5412 25.0 15.0 92.2443 4.47214 79.4796 15.6525 83.863 14.2127 86.3342 78.6448 43.1856 38.0789 19.3132 74.701 72.8354 67.6018 10.4403 59.7136 
32.9424 39.7037 66.6431 43.4709 23.7047 67.205 76.5843 30.2324 16.1701 59.862 25.711 83.741 48.1944 31.993 71.5671 87.1238 49.1304 16.7047 49.614 19.0175 20.2485 13.9408 16.7869 45.8803 54.1463 70.8158 51.8124 40.714 21.1896 29.953 27.4591 60.9611 61.9866 74.0516 33.7624 72.4591 37.2156 0.0 11.0454 59.597 27.313 19.9458 48.3322 48.81 64.4772 39.0 51.1006 31.6228 46.6905 28.8617 74.6822 45.0172 18.4728 26.2678 19.2354 52.6328 38.2346 32.8727 47.5184 80.3498 
25.5407 30.6105 59.2185 42.015 23.0868 59.0762 74.9508 24.7386 27.1595 58.4061 16.3693 83.1776 56.6667 24.1661 69.7148 85.3204 47.6745 17.2047 48.1581 11.6158 10.0 14.4426 9.38516 35.1141 66.567 63.3912 64.7289 47.9836 10.8167 29.7321 16.4924 59.5053 59.8939 66.3099 26.3607 64.4981 48.2597 11.0454 0.0 52.1536 17.2047 12.544 58.205 59.7993 56.0803 50.01 42.8019 41.9762 35.6931 39.4588 67.082 35.805 11.0711 18.8661 30.0666 44.9444 28.8444 23.6008 58.5491 78.2572 
34.5527 38.5876 7.61577 43.6005 75.121 29.1548 39.3192 76.0263 56.6782 50.7935 49.4818 44.9222 55.0364 30.5941 40.0 62.6498 48.0208 68.7865 47.5079 47.1026 58.1378 66.0838 43.6097 70.2638 65.5895 14.1421 68.8767 93.0471 58.2151 81.7213 57.2713 49.911 23.0217 23.7697 36.3405 28.2843 71.4162 59.597 52.1536 0.0 62.8013 40.9964 96.2751 70.3278 33.2415 75.8884 28.4253 81.3564 66.6483 77.7881 16.1245 39.8246 44.4949 43.283 69.1155 15.6205 41.1825 40.8534 76.0263 39.5601 
40.4969 30.6757 70.214 57.814 24.1868 61.9839 90.68 16.1245 43.3253 74.2051 32.1683 98.9068 72.4657 32.249 85.5138 101.119 63.4735 24.3311 63.9571 27.4148 7.2111 23.0217 24.8395 19.105 81.3016 74.7265 78.9677 55.3624 6.40312 30.0 6.32456 75.2427 71.8987 72.0069 41.6173 68.4105 63.7887 27.313 17.2047 62.8013 0.0 27.8029 69.5845 75.9652 57.3847 64.9384 45.607 55.0091 21.2132 53.1507 76.0263 34.4384 26.8701 34.6651 44.7214 52.0384 27.8568 24.5153 74.2159 93.9864 
13.0 27.8927 48.0425 31.305 35.4698 51.6236 62.9851 37.1796 19.9249 47.5079 10.2956 71.2119 46.2385 16.4012 58.1189 73.7259 37.1618 29.1353 37.5766 6.40312 21.095 26.4325 3.16228 43.2666 56.333 52.2152 56.0823 59.9736 21.6333 42.0701 24.8395 48.2597 46.5509 56.9386 13.8924 56.2228 45.5412 19.9458 12.544 40.9964 27.8029 0.0 61.0727 54.231 49.8197 48.2701 36.4005 43.8731 42.4853 40.5 56.0816 33.2415 3.60555 8.24621 30.9575 35.5106 27.2947 22.0907 55.1453 66.2915 
63.7024 87.9174 99.374 52.488 48.0937 111.212 78.6548 61.2046 41.4005 56.0892 50.9698 85.5102 48.8365 77.0713 73.6376 80.0562 49.4557 45.2769 50.3584 55.8632 64.3606 46.6905 65.0006 88.278 47.0425 96.5158 41.1096 17.4642 65.3289 45.8912 72.6062 59.2284 83.5889 114.528 62.2415 114.876 25.0 48.3322 58.205 96.2751 69.5845 61.0727 0.0 36.0555 110.162 20.6155 96.91 17.2047 90.7965 20.6155 111.81 93.2309 58.2474 55.0 30.2324 93.6056 86.4482 81.0863 27.1662 84.6693 
49.4975 81.0247 71.8942 27.5136 64.3161 95.5204 45.6508 75.9293 36.6879 23.0217 46.0977 51.264 16.2788 67.1863 40.8167 44.0114 22.3607 61.8243 22.8254 50.9902 68.9944 59.0604 55.5788 94.6713 11.0 70.0199 5.09902 46.6154 69.9502 65.142 76.2605 26.0768 57.0929 93.9415 47.5184 97.17 15.0 48.81 59.7993 70.3278 75.9652 54.231 36.0555 0.0 96.739 17.4642 84.7231 30.5287 95.1515 29.2062 84.7843 86.093 52.6118 46.0977 33.0151 77.1726 81.0062 76.0592 9.05539 51.4296 
47.927 26.8328 38.4838 69.234 77.9359 6.7082 72.3671 73.4098 68.7968 80.3057 60.0 78.1601 83.1865 33.4215 72.5603 95.7079 74.7329 73.2462 74.5252 56.0803 56.4358 70.4856 50.9902 55.0818 94.2019 46.0977 96.3172 104.505 55.9464 84.5991 51.0784 79.1012 55.5788 20.5913 49.7695 13.6015 92.2443 64.4772 56.0803 33.2415 57.3847 49.8197 110.162 96.739 0.0 95.7079 13.4536 92.9621 50.01 89.5889 33.2415 23.0868 53.2635 55.2268 80.0464 20.025 29.5466 33.6155 100.666 72.8011 
47.9836 76.1577 77.9968 32.1012 48.7873 95.9858 58.0401 61.5146 28.4429 35.5106 38.4708 64.9384 28.2843 63.5689 53.0229 60.531 29.0689 43.3321 29.9666 43.4166 58.4209 46.6208 48.6621 84.0119 27.8927 76.129 22.4722 29.1548 59.4138 49.4065 66.1891 38.6394 63.2021 98.8895 46.4072 99.4239 4.47214 39.0 50.01 75.8884 64.9384 48.2701 20.6155 17.4642 95.7079 0.0 82.8553 13.4536 85.3756 13.0384 90.8063 81.4923 45.7056 41.1096 20.2237 78.1671 75.505 70.214 10.6301 64.0547 
35.4401 15.1327 35.3553 57.5797 65.0 16.5529 65.192 61.3514 55.5698 70.0286 46.6154 72.0139 72.1734 20.0 64.56 88.2326 63.4487 60.0 63.2944 42.638 43.8634 57.2361 37.5366 46.5296 83.2166 42.5206 84.8676 91.1284 43.4626 71.6938 39.2938 69.1809 48.1041 27.0 37.3631 22.8035 79.4796 51.1006 42.8019 28.4253 45.607 36.4005 96.91 84.7231 13.4536 82.8553 0.0 79.7105 41.9762 76.3373 34.9285 13.3417 39.8246 42.0595 66.7948 12.8062 18.1108 21.1896 88.1699 66.6408 
46.669 71.3136 84.4553 40.2319 36.4005 94.0213 66.9621 49.3356 24.2074 45.0999 33.7703 74.1187 38.3275 59.8717 61.9449 72.0347 37.1996 31.4006 38.1023 38.6636 49.0918 32.0726 43.962 74.0647 40.3113 81.2856 35.3553 17.1172 50.0899 36.3593 57.2189 48.0416 69.3339 97.3968 45.2769 97.7446 15.6525 31.6228 41.9762 81.3564 55.0091 43.8731 17.2047 30.5287 92.9621 13.4536 79.7105 0.0 76.0263 3.60555 96.8912 76.6271 41.0478 37.8021 13.0384 76.4853 69.8444 64.4825 24.0416 72.9766 
53.0094 28.2312 74.2428 73.7902 44.5982 56.0357 95.5409 33.6155 62.8451 89.9444 49.0572 103.768 88.6438 38.2884 93.8717 115.595 79.6241 45.5412 80.0562 44.2719 27.0185 44.1814 40.3113 5.38516 98.7024 80.2621 97.4168 76.4003 26.0192 49.6588 19.2354 90.5539 79.3321 68.593 54.6443 63.0714 83.863 46.6905 35.6931 66.6483 21.2132 42.4853 90.7965 95.1515 50.01 85.3756 41.9762 76.0263 0.0 74.0068 76.5376 28.6356 43.0813 50.5668 65.192 52.5547 25.4951 26.4008 94.2019 98.4965 
43.1393 68.3169 80.887 37.4075 35.7771 90.6035 64.1377 48.5044 20.8087 42.2966 30.3971 71.2944 35.6931 56.4985 59.1205 69.6419 34.3752 30.3218 35.2779 35.2904 47.0 34.4851 40.5888 72.2496 38.4708 77.7173 33.8378 20.0 48.0 36.4005 55.0364 45.1774 65.7656 93.9178 41.7253 94.2603 14.2127 28.8617 39.4588 77.7881 53.1507 40.5 20.6155 29.2062 89.5889 13.0384 76.3373 3.60555 74.0068 0.0 93.3229 73.6874 37.6746 34.4093 9.84886 73.0 67.0945 61.7326 23.6008 70.1522 
49.6379 48.5077 13.0384 58.7282 90.0764 27.0185 47.8539 90.1998 71.7634 64.9217 64.567 51.0098 69.3412 44.0454 50.0 70.1783 62.6259 83.7419 62.0423 62.1878 72.111 81.0392 58.6941 80.7775 79.531 18.4391 83.1928 108.132 72.0625 96.6767 70.1142 61.8595 34.4384 14.8661 51.4258 22.3607 86.3342 74.6822 67.082 16.1245 76.0263 56.0816 111.81 84.7843 33.2415 90.8063 34.9285 96.8912 76.5376 93.3229 0.0 48.1041 59.5802 58.3682 84.6503 24.3311 51.4198 52.469 90.9065 46.0977 
37.1214 5.38516 47.2017 60.208 56.0803 28.2843 73.4302 50.5371 53.1601 74.5733 43.3244 80.9938 75.4255 19.0263 72.0216 95.7846 66.2722 52.4023 66.3702 38.6264 34.2053 49.679 33.2415 33.2415 86.2844 53.9073 87.0057 83.285 33.6006 62.6259 28.178 74.3858 56.6039 40.1123 39.1152 35.1283 78.6448 45.0172 35.805 39.8246 34.4384 33.2415 93.2309 86.093 23.0868 81.4923 13.3417 76.6271 28.6356 73.6874 48.1041 0.0 36.0555 40.6079 64.145 24.6982 7.07107 12.2066 87.9659 75.7166 
15.2971 30.6757 51.5411 31.0644 33.9969 55.1725 63.93 35.7067 17.2627 47.4342 7.28011 72.1568 45.7274 19.8494 58.6443 74.2496 36.7352 27.6623 37.2188 2.82843 19.8773 24.9596 3.0 43.4166 55.7859 55.7137 54.618 58.5006 20.5247 40.5972 24.6982 48.4149 48.8731 60.5392 15.8114 59.8164 43.1856 18.4728 11.0711 44.4949 26.8701 3.60555 58.2474 52.6118 53.2635 45.7056 39.8246 41.0478 43.0813 37.6746 59.5802 36.0555 0.0 7.81025 28.1322 39.1152 29.8329 24.5153 53.0094 67.2364 
10.4403 35.3553 50.3292 23.3238 41.7919 56.2228 55.8783 43.5017 13.6015 39.6611 7.07107 64.624 38.0789 22.4722 50.8611 66.468 29.0689 35.4573 29.5296 8.06226 27.6723 32.7546 10.2956 51.1077 48.1374 54.2092 47.9271 49.9422 28.3197 48.3922 32.45 40.6079 41.3404 59.8608 10.0499 60.1082 38.0789 26.2678 18.8661 43.283 34.6651 8.24621 55.0 46.0977 55.2268 41.1096 42.0595 37.8021 50.5668 34.4093 58.3682 40.6079 7.81025 0.0 24.8865 38.8973 35.0571 30.0 47.3814 59.7036 
34.0588 58.7744 72.2144 36.6849 34.8951 81.1076 63.4151 43.4566 11.3137 41.5772 20.8546 70.5717 35.1213 46.956 58.3979 69.291 33.6525 29.3516 34.5553 25.748 38.2099 26.5877 31.0463 63.7887 40.3609 71.1551 36.8782 25.632 39.2046 35.7209 46.0435 44.4949 58.2863 84.5691 32.8024 84.9052 19.3132 19.2354 30.0666 69.1155 44.7214 30.9575 30.2324 33.0151 80.0464 20.2237 66.7948 13.0384 65.192 9.84886 84.6503 64.145 28.1322 24.8865 0.0 63.6577 57.9625 52.065 29.7321 69.4296 
30.2218 24.3516 22.6716 49.6676 68.0074 18.3848 53.1601 66.7533 52.345 60.2993 44.8219 59.6154 63.3482 20.8806 52.9528 76.4003 55.0818 61.8223 54.8179 41.8808 48.6621 59.1196 37.5899 56.6127 74.3303 29.7321 76.6551 88.7135 48.5077 74.6726 46.0 59.0762 36.1386 21.4709 32.0096 21.2603 74.701 52.6328 44.9444 15.6205 52.0384 35.5106 93.6056 77.1726 20.025 78.1671 12.8062 76.4853 52.5547 73.0 24.3311 24.6982 39.1152 38.8973 63.6577 0.0 27.2029 28.1603 81.9438 54.231 
32.9848 3.0 48.7647 55.9017 49.0408 34.2053 71.8471 43.8634 47.0744 70.8802 37.108 79.8123 71.1969 15.2315 70.1914 93.9544 61.9839 45.3431 62.1691 32.28 27.2029 42.638 26.9258 29.4109 81.8841 54.9181 82.2192 76.2369 26.6271 55.6058 21.5407 70.8972 55.4437 45.0444 34.9285 40.7922 72.8354 38.2346 28.8444 41.1825 27.8568 27.2947 86.4482 81.0062 29.5466 75.505 18.1108 69.8444 25.4951 67.0945 51.4198 7.07107 29.8329 35.0571 57.9625 27.2029 0.0 5.38516 82.3893 74.6525 
28.7924 7.07107 48.4665 51.4198 44.4072 37.6962 69.25 40.1622 41.7732 66.7308 31.7805 77.2992 66.7083 12.0416 67.5809 91.5589 57.4891 40.3113 57.7235 26.9258 22.8254 37.5366 21.587 29.5296 77.2787 54.1202 77.4145 71.1607 22.3607 51.0392 18.2483 66.8506 53.0412 47.5184 30.6757 43.9659 67.6018 32.8727 23.6008 40.8534 24.5153 22.0907 81.0863 76.0592 33.6155 70.214 21.1896 64.4825 26.4008 61.7326 52.469 12.2066 24.5153 30.0 52.065 28.1603 5.38516 0.0 77.2334 72.2056 
53.2066 82.7345 78.017 32.45 59.2828 100.292 54.1295 72.01 36.0555 31.305 46.0109 60.0833 24.1868 69.4262 49.1935 53.0 28.3196 53.8275 29.0 51.0098 67.4685 56.3193 56.0089 93.1719 20.025 76.1427 14.0 38.9487 68.4471 60.0 74.9667 34.4384 63.2158 99.3227 51.1142 102.08 10.4403 47.5184 58.5491 76.0263 74.2159 55.1453 27.1662 9.05539 100.666 10.6301 88.1699 24.0416 94.2019 23.6008 90.9065 87.9659 53.0094 47.3814 29.7321 81.9438 82.3893 77.2334 0.0 60.0083 
55.1535 72.8011 35.2278 40.116 103.28 68.4471 6.08276 102.893 66.6441 28.7924 65.5338 5.38516 36.0555 60.2084 11.1803 24.0832 37.1594 96.2799 36.1777 67.7615 87.0634 93.516 69.1552 101.543 41.8808 28.0179 47.5079 90.0619 87.6971 103.771 86.3295 25.632 19.2094 60.0333 53.3656 66.3702 59.7136 80.3498 78.2572 39.5601 93.9864 66.2915 84.6693 51.4296 72.8011 64.0547 66.6408 72.9766 98.4965 70.1522 46.0977 75.7166 67.2364 59.7036 69.4296 54.231 74.6525 72.2056 60.0083 0.0 
DEMAND_SCENARIO_SECTION
0 0 0 0 0 0 0 0 0 0 0 0 0 0 0 0 0 0 0 0 0 0 0 0 0 0 0 0 0 0 0 0 0 0 0 0 0 0 0 0 0 0 0 0 0 0 0 0 0 0 0 0 0 0 0 0 0 0 0 0 0 0 0 0 0 0 0 0 0 0 0 0 0 0 0 0 0 0 0 0 0 0 0 0 0 0 0 0 0 0 0 0 0 0 0 0 0 0 0 0 0 0 0 0 0 0 0 0 0 0 0 0 0 0 0 0 0 0 0 0 0 0 0 0 0 0 0 0 0 0 0 0 0 0 0 0 0 0 0 0 0 0 0 0 0 0 0 0 0 0 0 0 0 0 0 0 0 0 0 0 0 0 0 0 0 0 0 0 0 0 0 0 0 0 0 0 0 0 0 0 0 0 0 0 0 0 0 0 0 0 0 0 0 0 0 0 0 0 0 0 
8 7 8 5 6 6 6 8 4 9 3 7 6 3 7 10 7 9 6 6 5 7 3 4 5 7 5 9 6 8 11 5 7 8 7 10 5 9 7 2 7 6 6 7 7 10 5 6 8 6 6 5 4 1 9 9 5 9 8 6 5 6 5 6 6 6 3 10 2 7 5 6 7 3 7 7 7 8 8 5 9 10 10 8 3 4 9 6 6 8 5 3 7 6 9 5 7 9 4 7 6 4 2 6 6 8 6 4 5 8 5 5 4 4 6 5 4 8 5 7 6 6 9 6 6 4 8 6 6 6 4 6 10 8 11 5 4 6 5 6 6 6 6 3 8 9 7 7 7 6 7 6 5 5 4 7 3 9 8 6 4 3 5 4 10 8 6 5 8 9 3 8 6 8 5 5 5 6 5 1 4 5 6 7 4 5 5 12 6 5 4 9 6 8 5 8 8 6 7 7 
7 7 5 3 7 8 11 3 8 3 9 9 3 11 9 4 6 7 7 8 9 3 7 5 4 7 7 6 10 7 4 5 7 11 5 5 10 7 7 9 12 3 12 5 8 6 0 5 4 7 10 10 9 4 5 6 15 5 7 8 9 7 5 4 4 5 8 5 5 8 1 8 7 8 7 11 10 10 5 10 6 8 7 11 7 12 7 8 10 10 3 9 7 6 5 8 6 6 8 8 5 6 8 5 8 9 7 9 5 8 2 11 10 8 8 10 8 5 7 8 9 8 10 10 3 10 6 3 8 10 9 8 11 8 3 6 8 9 4 8 10 2 6 5 6 8 6 6 4 8 8 11 5 6 9 5 10 7 4 9 5 9 9 6 2 7 7 6 8 6 5 9 6 8 8 4 8 3 10 9 9 9 4 5 7 7 11 3 8 8 1 13 5 8 7 5 7 7 4 7 
16 10 13 13 11 6 7 9 7 9 10 1 8 9 9 8 9 9 4 6 9 5 13 11 10 11 4 8 6 6 8 7 9 12 8 7 7 3 6 4 12 7 7 11 10 6 4 9 7 5 8 8 11 11 11 10 5 8 1 9 6 13 12 12 6 8 13 11 9 7 8 11 12 8 13 7 11 17 10 12 11 7 8 9 10 8 8 9 15 6 9 8 11 5 4 10 6 11 10 12 14 14 12 7 6 11 8 7 10 12 10 8 12 10 13 14 12 16 8 12 5 3 10 8 9 7 9 5 12 12 2 5 11 9 6 13 13 8 11 16 10 14 10 3 9 10 7 6 4 6 8 9 5 5 8 11 9 8 5 5 8 15 10 9 9 11 10 7 8 6 6 12 9 7 8 7 13 14 12 11 8 9 10 12 11 13 13 9 11 6 8 7 9 6 17 10 10 6 7 7 
3 4 3 5 4 3 5 5 5 3 3 3 3 6 3 1 5 6 1 3 5 3 4 3 5 3 4 3 4 5 4 4 1 4 4 6 6 5 5 6 5 4 5 3 3 2 3 6 5 5 2 3 3 5 4 4 3 6 1 5 5 4 6 3 3 4 4 2 4 4 2 7 4 3 3 3 5 5 6 3 3 3 2 1 5 5 5 5 5 5 3 3 2 4 3 5 3 4 3 6 4 4 2 3 4 3 4 2 4 5 6 4 1 5 3 4 5 5 5 5 4 4 5 5 4 4 4 4 3 5 4 4 2 3 3 4 3 5 4 1 4 4 5 6 5 2 2 5 4 1 6 5 4 5 4 5 5 1 5 4 3 2 5 4 2 4 3 2 6 2 4 5 5 4 5 5 4 2 3 3 4 4 5 4 5 3 4 6 4 3 2 5 2 2 3 3 3 4 3 6 
8 1 4 12 5 11 8 7 12 6 16 11 8 10 5 11 7 10 13 13 9 7 9 11 8 10 3 5 5 12 8 10 9 9 12 13 11 4 11 7 7 7 12 7 8 16 8 4 9 5 11 9 10 5 5 9 5 8 6 12 13 8 6 6 3 8 11 12 2 8 12 10 11 5 7 14 8 10 9 4 9 4 6 15 1 6 12 12 11 10 6 10 12 12 6 7 8 6 11 12 9 7 8 9 10 8 14 8 8 15 7 8 8 3 13 9 6 7 7 7 7 12 11 10 6 8 11 8 12 8 14 10 4 7 11 9 12 13 7 8 10 13 8 9 8 7 13 6 9 6 8 12 10 7 12 10 9 4 11 10 12 11 10 9 9 8 8 14 6 13 9 11 7 9 10 7 10 12 14 11 7 8 10 8 11 6 12 7 11 4 14 11 11 14 6 10 7 12 11 9 
2 4 5 1 2 4 4 1 4 3 4 5 1 3 3 3 4 4 2 3 4 1 3 2 5 4 4 3 3 5 2 4 3 5 3 3 3 5 3 3 4 4 3 1 3 4 4 3 4 2 4 4 3 7 2 4 5 2 4 3 3 5 4 4 3 4 4 4 3 2 2 3 4 4 3 4 5 4 4 4 4 0 4 3 3 2 1 4 3 2 2 1 2 2 2 2 2 2 3 4 3 4 5 2 3 2 4 3 6 3 4 3 3 2 2 4 2 3 2 4 2 2 4 3 4 3 2 2 3 2 3 2 3 4 3 5 5 3 4 2 4 1 3 2 1 3 5 3 4 3 5 4 3 2 3 3 3 3 4 2 3 3 5 2 1 6 3 3 1 4 5 4 3 3 2 3 2 2 2 4 3 4 3 4 2 2 2 2 3 3 4 3 2 3 3 3 1 3 2 3 
6 9 6 6 6 6 8 11 9 6 5 7 5 8 5 4 9 7 4 6 9 4 7 5 5 8 7 6 6 3 8 6 7 2 3 7 5 9 10 4 8 2 4 4 5 5 9 7 6 6 9 9 6 9 7 7 7 4 8 4 9 4 8 10 9 3 6 6 7 4 4 5 11 9 5 6 6 10 6 9 7 6 9 6 7 7 9 3 4 7 7 8 7 6 7 5 9 7 5 4 5 4 5 6 5 5 7 6 3 6 4 7 6 5 3 6 6 5 8 6 7 5 2 7 7 9 6 2 5 4 3 4 4 1 6 7 7 8 7 6 3 7 5 6 9 4 7 6 5 7 6 6 9 8 8 7 7 8 3 6 5 4 8 6 5 4 11 6 6 5 7 6 5 2 6 5 7 7 3 8 7 4 5 6 3 3 4 6 5 3 7 8 7 8 3 8 5 7 4 5 
6 4 4 10 5 4 6 7 8 6 3 3 8 3 5 1 3 6 3 6 7 5 6 4 6 8 5 8 4 5 7 5 3 4 4 5 5 7 11 5 5 6 4 4 3 5 7 5 4 4 6 5 5 7 6 6 7 7 5 7 5 9 8 8 9 7 2 6 6 3 7 5 9 4 6 6 6 9 6 9 6 7 5 5 9 6 3 4 4 4 8 8 5 10 8 5 5 7 6 7 8 5 8 5 8 8 0 8 4 9 7 10 9 7 6 4 4 6 5 8 8 8 5 6 8 5 8 9 6 6 10 6 3 8 5 7 6 8 9 3 4 5 3 7 6 7 8 7 6 6 7 5 7 5 6 7 7 8 8 8 9 5 5 2 3 9 7 5 8 0 7 6 6 7 5 8 6 7 8 8 5 8 11 7 5 6 6 5 5 7 6 6 8 7 7 7 8 8 7 9 
8 11 8 5 11 3 5 6 12 6 5 9 12 2 10 6 10 10 6 9 9 9 10 8 10 11 11 10 2 9 5 10 6 9 5 7 11 9 7 4 8 6 3 11 12 7 11 13 9 7 6 7 6 8 11 8 10 9 8 3 13 9 10 8 12 8 8 7 7 7 13 8 9 13 10 10 4 7 6 4 9 10 6 7 11 11 9 9 10 11 10 7 9 15 8 9 9 9 9 9 8 6 6 10 8 7 4 7 6 5 10 8 12 3 12 12 7 9 10 10 9 5 8 5 9 8 8 9 8 8 7 6 8 7 10 6 8 9 6 8 8 7 6 2 9 7 9 8 8 8 8 8 6 8 5 9 8 7 6 9 10 13 12 7 10 3 7 11 6 11 4 6 9 8 10 10 7 11 7 7 11 6 7 4 11 9 9 5 9 11 6 11 9 8 9 6 9 9 7 10 
8 4 5 10 3 7 4 6 7 9 7 8 9 10 5 11 9 10 8 3 9 4 7 9 8 5 5 7 8 7 5 12 5 5 8 8 8 6 9 7 5 9 9 7 5 6 6 7 7 5 7 2 6 5 9 8 7 8 7 10 5 12 5 8 6 4 7 6 9 7 3 5 12 9 9 8 6 5 7 9 6 9 10 7 8 7 9 9 5 6 7 4 9 5 9 6 4 7 5 8 10 3 8 10 7 5 5 7 4 10 4 6 7 7 5 6 11 8 8 3 5 6 6 3 7 8 9 7 6 9 7 4 4 6 8 6 10 5 7 7 13 3 5 9 8 8 7 7 7 6 3 7 6 9 5 5 4 9 8 9 9 6 5 8 5 5 9 7 6 6 6 4 4 9 6 5 7 10 4 9 9 9 8 7 4 4 7 7 8 4 6 6 3 4 6 7 3 5 6 3 
2 4 11 5 6 12 10 11 9 6 11 7 15 7 8 15 14 9 10 17 14 15 9 10 10 8 5 3 8 8 2 11 6 11 8 13 10 15 6 9 12 11 13 8 12 12 17 8 13 9 9 12 12 9 10 14 15 9 14 8 10 8 5 8 10 11 11 10 10 11 7 11 11 4 11 11 8 10 9 9 5 2 11 8 12 6 15 15 16 13 15 6 11 14 7 19 12 12 14 11 10 14 11 11 14 11 13 11 12 6 8 9 11 10 7 5 15 15 14 6 7 16 12 15 5 5 10 7 16 7 16 18 9 8 4 8 7 0 7 8 9 6 10 9 10 14 7 16 9 3 9 9 12 10 9 11 4 10 6 12 14 8 17 7 13 16 10 10 11 7 12 9 14 8 11 13 15 13 17 17 9 10 16 16 9 9 17 12 11 11 13 11 11 4 11 12 7 13 9 7 
10 12 4 0 8 12 10 5 9 14 11 11 10 15 12 6 4 11 8 8 11 8 10 10 9 14 9 7 6 15 4 10 8 9 7 8 4 8 11 15 9 8 11 7 10 10 11 12 15 10 13 7 9 9 12 9 6 13 10 6 10 9 7 9 9 10 8 7 6 15 9 7 13 9 9 6 9 10 10 4 14 8 5 13 10 3 5 13 5 2 13 7 11 14 12 10 5 11 14 7 10 8 9 12 4 9 10 11 7 8 10 7 9 11 7 8 7 7 4 9 2 9 10 10 7 7 11 12 6 8 9 7 10 4 10 11 10 10 10 9 9 12 7 11 10 6 10 8 12 4 8 10 9 10 11 7 10 4 4 9 7 9 7 10 10 10 10 13 9 12 9 12 10 6 6 9 15 4 12 12 11 8 7 9 9 12 11 10 8 10 8 9 10 5 8 7 12 5 4 13 
3 5 7 6 4 3 2 4 3 3 4 3 6 5 8 6 6 6 6 5 7 6 6 5 3 4 4 6 3 3 7 2 3 4 5 4 5 5 7 4 7 5 6 3 5 4 6 4 5 6 5 3 5 7 2 5 4 1 4 6 8 5 8 5 5 6 4 4 6 6 7 4 7 7 4 5 4 5 2 6 3 4 7 9 7 3 4 2 3 5 3 4 5 6 3 8 6 7 5 5 4 4 4 5 8 7 9 6 5 4 6 8 4 5 5 7 7 5 5 2 7 2 5 2 5 4 8 9 5 7 5 2 5 7 5 4 6 4 9 7 8 2 8 4 5 7 7 9 2 6 6 4 7 6 5 5 6 6 5 3 3 8 6 6 7 3 6 7 4 5 6 5 2 4 5 4 6 6 7 6 3 3 5 4 3 6 5 7 6 6 3 8 5 6 5 5 3 4 6 7 
1 1 0 1 1 1 1 1 1 1 0 1 1 1 1 1 1 1 1 1 1 2 2 1 1 0 2 1 1 1 1 1 1 0 1 0 1 1 1 1 1 1 1 1 1 1 1 1 1 1 1 1 1 1 1 0 1 1 0 1 1 2 1 1 1 1 1 1 1 1 1 0 1 1 1 1 1 1 1 1 1 1 1 1 1 2 1 1 0 1 1 1 1 1 1 1 1 0 1 1 1 0 1 1 2 1 1 1 1 1 1 1 1 1 1 1 1 1 1 1 1 1 1 1 1 1 1 1 1 0 0 1 1 1 1 1 1 1 1 1 1 2 1 1 1 1 1 1 1 1 1 0 1 1 1 1 1 1 1 1 1 1 1 1 1 1 1 1 1 0 1 1 2 0 1 1 1 1 2 1 1 1 0 1 2 1 1 1 0 0 1 1 1 1 1 1 1 2 1 1 
8 9 7 12 10 8 9 10 8 12 3 9 6 9 7 8 5 8 12 6 7 9 3 10 8 7 10 6 8 5 11 4 6 4 11 5 6 6 7 3 7 8 11 10 10 6 6 6 8 7 4 8 5 7 6 6 4 7 8 8 8 13 7 8 7 11 10 3 5 5 7 8 8 10 6 6 9 2 6 3 6 1 8 11 7 5 8 5 6 9 6 4 5 10 10 8 10 7 9 7 6 9 5 10 4 9 8 6 7 6 6 9 7 9 3 8 11 7 7 7 9 6 7 6 7 8 9 10 10 8 0 8 5 9 6 6 6 5 6 7 4 9 8 7 9 7 10 5 8 8 5 8 6 6 4 7 6 6 6 8 10 6 5 9 11 6 12 7 5 9 9 5 6 7 10 9 8 8 5 10 7 5 2 10 8 9 3 8 3 7 9 6 5 6 6 9 4 4 4 7 
5 6 7 4 2 3 4 2 5 4 3 6 3 1 4 5 4 6 4 4 5 5 3 4 4 3 4 4 5 6 5 5 5 3 4 6 7 5 5 3 2 4 6 2 5 4 3 5 5 7 4 4 5 4 4 5 4 3 4 2 5 4 4 5 3 3 6 4 6 7 5 5 3 2 6 6 5 3 5 3 4 4 3 2 4 3 5 6 0 5 7 4 4 3 4 4 4 6 3 4 4 5 5 3 3 6 4 5 4 5 3 5 4 4 6 4 5 4 4 3 2 4 2 7 4 2 4 6 3 5 2 1 4 5 5 6 4 2 6 4 4 5 4 5 3 3 5 5 2 4 3 6 5 4 3 3 3 3 4 2 5 2 3 2 3 7 4 4 3 4 3 2 4 3 4 5 3 3 2 5 2 4 2 3 4 4 6 5 3 3 5 2 4 4 5 3 4 5 4 3 
5 6 3 1 6 2 2 9 9 8 3 6 7 5 6 4 5 4 5 5 6 7 7 5 2 3 5 7 4 4 6 0 6 5 6 3 7 4 5 5 7 4 8 5 2 8 5 7 3 8 6 5 6 7 9 4 8 4 2 5 4 1 7 7 3 4 6 6 5 4 4 9 4 6 5 4 5 7 4 7 5 7 7 8 4 8 4 5 7 3 6 5 6 3 4 3 5 3 6 6 4 3 3 7 2 6 3 4 6 5 3 8 6 5 6 5 7 5 4 6 6 2 7 3 3 6 6 6 5 6 4 5 7 7 3 8 3 5 5 5 5 5 4 4 1 2 6 2 2 5 4 2 6 9 6 4 6 4 5 6 5 5 4 3 3 6 4 9 5 7 4 5 6 4 7 7 7 4 6 6 11 4 8 4 5 4 5 5 5 5 4 6 3 4 5 7 4 4 6 2 
8 5 4 6 8 6 2 3 5 7 4 2 6 4 8 1 5 7 5 6 3 9 5 5 4 9 5 7 5 8 3 5 5 3 7 6 6 6 4 3 6 3 5 3 5 4 7 3 8 4 6 8 7 9 3 4 3 8 6 4 5 5 3 5 6 3 5 5 7 5 8 5 5 7 7 6 4 5 4 8 3 5 4 4 4 4 6 4 7 5 1 4 4 6 6 6 4 7 4 6 8 6 6 4 3 2 6 3 6 5 6 5 6 4 3 7 7 8 4 6 2 4 5 5 7 5 7 8 2 5 7 5 6 7 7 3 5 5 6 6 2 8 3 5 2 3 5 6 7 6 6 5 6 1 4 4 2 7 8 7 3 5 5 6 5 9 5 5 4 5 4 4 7 2 4 3 4 6 7 7 6 3 6 7 5 3 7 5 7 4 6 7 4 7 4 5 6 5 5 3 
1 1 1 1 1 1 1 1 2 2 1 1 1 2 1 1 1 2 1 1 1 1 1 1 1 1 1 1 1 1 1 1 1 1 1 1 1 1 0 1 1 1 1 1 1 1 1 1 1 0 1 1 2 1 1 1 1 1 1 1 0 1 1 1 1 1 1 1 1 1 1 1 1 1 2 1 1 1 1 1 1 1 1 1 1 1 1 2 1 1 1 1 1 1 2 1 1 1 1 1 0 1 1 1 1 1 0 1 1 1 2 1 1 1 1 1 1 1 1 1 1 1 0 1 1 1 1 1 1 1 1 1 1 1 1 1 2 1 1 1 1 1 1 1 1 1 1 1 1 2 1 1 1 1 1 1 1 1 1 2 1 1 0 2 1 1 1 1 1 1 1 1 1 1 1 1 1 1 1 1 0 1 1 1 1 1 1 2 1 1 1 1 1 1 1 1 1 1 1 1 
4 6 5 4 5 3 2 5 6 4 4 3 5 2 3 2 4 5 3 5 4 5 5 2 5 4 1 3 3 5 3 5 3 3 4 2 3 3 5 4 3 4 5 7 4 8 2 5 3 2 7 5 5 4 2 4 2 4 4 4 4 4 5 4 5 5 5 6 5 3 5 5 3 6 4 6 5 3 4 3 4 5 5 3 3 6 3 5 3 4 4 4 5 5 5 4 4 4 4 7 3 2 6 4 4 4 4 3 7 3 3 5 3 5 5 4 4 4 3 5 3 5 5 6 3 5 4 6 4 2 6 4 4 4 3 4 4 3 6 4 5 4 1 2 3 3 4 5 5 4 5 5 3 4 4 8 4 0 4 3 4 6 4 4 3 6 4 5 7 3 3 5 2 7 6 6 3 2 4 4 7 6 4 3 4 4 5 3 4 3 5 5 4 4 4 1 3 8 5 2 
4 2 3 3 3 3 1 3 3 2 2 4 2 3 4 4 2 3 3 4 1 3 4 3 2 4 3 4 4 3 3 4 3 4 3 3 4 3 2 3 3 4 4 3 4 3 3 3 3 1 2 4 4 2 2 3 3 3 2 4 4 3 3 2 2 4 3 3 4 4 3 3 4 4 6 3 2 3 3 4 3 4 3 4 4 4 3 1 3 3 3 3 1 3 4 2 4 4 3 3 3 3 3 2 3 3 2 3 2 3 2 4 2 2 5 2 3 3 4 5 3 2 1 4 5 2 3 5 2 3 3 2 2 2 2 3 3 2 2 1 4 4 3 4 3 4 4 2 5 2 3 3 4 3 3 3 1 3 3 5 3 3 3 4 2 4 2 3 3 3 3 3 2 3 2 4 2 3 2 3 3 3 4 3 4 3 2 3 3 3 4 5 3 2 3 2 3 3 5 5 
10 7 13 3 7 6 4 8 8 6 7 12 4 7 8 8 8 6 8 10 8 9 6 8 8 11 10 8 7 9 3 9 10 14 9 6 0 9 8 10 14 6 9 10 7 7 10 6 6 9 4 4 10 14 3 9 4 11 7 6 11 10 9 7 5 10 6 12 4 10 9 6 12 11 8 11 10 6 12 4 11 8 11 4 9 9 7 8 11 5 5 7 14 10 12 2 11 12 8 7 7 3 4 8 9 15 8 2 7 2 9 7 6 9 2 8 9 7 6 8 1 9 8 9 10 3 12 4 11 14 3 6 10 6 11 5 10 9 8 7 7 8 12 7 3 8 7 8 4 15 7 6 8 11 6 4 10 8 8 12 7 10 6 9 10 13 11 7 4 3 6 12 11 8 6 11 9 9 7 5 10 6 12 3 5 7 11 9 10 6 3 9 6 12 8 12 12 9 8 9 
