NAME  : Jabali_60_3_0.88_1_4
TYPE : SVRP
MODEL : FINITE_SUPPORT
NUMBER_OF_SCENARIOS : 200
DIMENSION : 60
EDGE_WEIGHT_TYPE : MATRIX
CAPACITY : 112
N_VEHICLES : 3
NODE_COORD_SECTION
1 3356 3882
2 4402 2633
3 7650 1936
4 2872 1398
5 7161 3772
6 5461 6811
7 370 2079
8 1900 2728
9 3806 1810
10 3778 5236
11 4525 5234
12 1159 2640
13 6716 1606
14 3442 4544
15 2327 5450
16 667 2235
17 3284 323
18 1884 2381
19 2633 7231
20 27 4818
21 631 2390
22 2363 507
23 1086 4072
24 4405 3324
25 6128 616
26 4442 5868
27 7134 7437
28 3198 5130
29 5924 7686
30 6301 3386
31 3602 7304
32 551 3308
33 6952 1956
34 6644 7050
35 993 168
36 5274 5706
37 4052 6899
38 5848 5147
39 1850 18
40 847 838
41 6561 2789
42 6816 7802
43 5781 7244
44 5656 3984
45 2962 6030
46 3520 1181
47 793 6739
48 3776 2298
49 60 5245
50 2816 1870
51 4717 4151
52 1043 1020
53 2308 2232
54 7826 3661
55 5455 2712
56 4982 3669
57 2300 3369
58 1487 2060
59 7070 1545
60 1068 4382
DEMAND_SECTION
1 0.0
2 2.0
3 6.0
4 3.0
5 5.0
6 7.0
7 9.0
8 6.0
9 8.0
10 5.0
11 10.0
12 1.0
13 3.0
14 7.0
15 4.0
16 8.0
17 4.0
18 2.0
19 10.0
20 1.0
21 9.0
22 3.0
23 9.0
24 9.0
25 1.0
26 7.0
27 4.0
28 1.0
29 9.0
30 1.0
31 1.0
32 10.0
33 1.0
34 3.0
35 2.0
36 4.0
37 4.0
38 2.0
39 9.0
40 3.0
41 3.0
42 3.0
43 1.0
44 4.0
45 10.0
46 2.0
47 3.0
48 3.0
49 10.0
50 6.0
51 7.0
52 7.0
53 3.0
54 2.0
55 8.0
56 4.0
57 10.0
58 3.0
59 7.0
60 7.0
DEVIATION_SECTION
1 0.0
2 0.666667
3 2.0
4 1.0
5 1.66667
6 2.33333
7 3.0
8 2.0
9 2.66667
10 1.66667
11 3.33333
12 0.333333
13 1.0
14 2.33333
15 1.33333
16 2.66667
17 1.33333
18 0.666667
19 3.33333
20 0.333333
21 3.0
22 1.0
23 3.0
24 3.0
25 0.333333
26 2.33333
27 1.33333
28 0.333333
29 3.0
30 0.333333
31 0.333333
32 3.33333
33 0.333333
34 1.0
35 0.666667
36 1.33333
37 1.33333
38 0.666667
39 3.0
40 1.0
41 1.0
42 1.0
43 0.333333
44 1.33333
45 3.33333
46 0.666667
47 1.0
48 1.0
49 3.33333
50 2.0
51 2.33333
52 2.33333
53 1.0
54 0.666667
55 2.66667
56 1.33333
57 3.33333
58 1.0
59 2.33333
60 2.33333
DISTANCE_MATRIX
0.0 26.4642 67.728 34.9285 55.5064 47.7611 48.1041 27.2947 28.0179 19.4165 22.9283 36.0555 61.3258 10.198 30.5314 44.2719 48.2701 30.2324 48.5077 53.568 43.6578 48.7647 35.8915 23.195 56.5155 29.5296 69.0942 18.4391 60.5599 43.4371 47.3814 39.3195 60.3882 61.0327 60.8276 34.9117 42.45 42.1244 57.1402 54.6717 48.6701 69.3122 54.8189 31.8736 31.4006 36.4966 56.7587 22.0 53.6984 29.5296 19.2426 51.8556 28.2843 63.6201 38.2947 24.3411 17.72 36.8917 64.7015 45.5083 
26.4642 0.0 57.0833 32.4307 50.708 69.959 58.0 37.2843 21.083 27.0 44.7351 47.3275 47.0132 36.6586 56.8774 55.0977 42.541 38.0 74.9242 75.3216 54.0444 46.4833 52.0097 18.2195 48.0512 53.1475 85.6942 44.9026 82.1598 38.6387 73.0312 54.8803 48.2173 78.2559 62.3385 53.8494 67.4209 47.4505 55.7547 58.3964 41.0156 87.9257 76.3889 34.807 57.8365 30.4709 80.5682 15.4031 75.452 29.1246 30.4709 55.8188 33.1868 58.8197 26.0294 25.2788 33.1868 44.1283 51.0476 67.262 
67.728 57.0833 0.0 64.0078 25.7099 70.8802 96.026 76.1577 51.0882 68.6299 69.21 86.122 12.3693 66.3739 85.7211 93.5575 63.0635 76.2955 99.2085 114.405 92.3959 73.9797 91.0929 49.6488 26.4008 68.6839 73.0616 72.9318 78.9177 29.0689 89.8618 93.9635 9.05539 69.1158 92.9139 59.0855 82.0935 49.6597 82.7647 92.0869 19.105 78.0 74.5252 38.7666 83.5928 56.2228 111.948 50.8035 114.535 64.195 48.9318 90.0222 70.859 23.1948 31.7805 43.6005 72.27 81.7435 8.94427 106.345 
34.9285 32.4307 64.0078 0.0 63.561 82.6523 34.4384 21.4709 13.6015 54.0833 57.8195 28.2843 52.0384 43.6807 54.037 33.2866 15.2971 18.6011 80.335 58.6686 31.9061 14.2127 42.3792 32.6503 45.5412 64.4244 100.125 50.9902 95.4511 51.4945 81.4923 39.8246 55.0364 92.6867 30.4631 68.2802 77.1622 61.8813 23.3452 28.1603 51.923 102.356 89.7101 49.2037 63.6396 8.94427 78.5297 17.2047 63.0635 6.0 44.9017 26.0192 13.4164 71.1688 37.6962 39.7096 27.1662 20.8087 56.0803 43.7141 
55.5064 50.708 25.7099 63.561 0.0 45.2217 90.708 69.9922 50.0899 52.5464 44.5899 80.0355 28.6356 54.105 69.9764 87.8057 68.6003 70.708 74.4271 100.036 86.7524 76.5376 88.881 39.5626 43.6578 44.0638 48.8365 60.6328 53.3385 13.3417 65.215 92.309 24.1868 44.0454 94.0213 34.4093 57.4282 25.0396 85.9593 90.8159 14.4222 53.3385 48.8365 26.4119 62.9745 58.3095 93.8307 46.8188 100.166 61.4051 36.6328 88.3137 65.8947 9.21954 25.9422 31.7845 71.6309 76.8363 29.0689 91.9765 
47.7611 69.959 70.8802 82.6523 45.2217 0.0 93.6136 73.5935 72.7324 31.6228 25.2346 81.1092 71.4493 41.8688 45.3668 89.4697 94.3142 77.0779 38.6005 75.1864 88.7 96.5232 69.922 51.8025 84.006 19.4165 23.5372 38.9487 12.8062 46.0109 26.0 83.5075 67.897 16.0312 108.374 16.1555 19.4165 24.0832 104.891 101.823 55.3263 22.3607 7.07107 39.3192 35.5106 82.43 63.3877 67.3622 74.1485 77.2888 46.1096 98.9949 75.8222 50.5371 55.7315 44.7152 63.0317 83.4865 72.9932 67.3659 
48.1041 58.0 96.026 34.4384 90.708 93.6136 0.0 21.3776 45.3542 62.6026 69.039 12.083 84.7231 51.3989 52.9697 4.24264 45.3431 20.0 75.3227 36.0555 4.47214 34.0588 30.2324 58.2195 79.8499 74.4545 114.745 57.8268 106.282 78.6387 83.1155 17.088 86.977 106.684 27.1662 80.5626 82.9446 88.624 34.0147 18.2483 81.0062 114.963 100.676 74.807 64.3541 43.382 62.1691 45.2769 41.0488 32.28 65.7422 16.7631 25.1794 98.8197 66.0076 65.2788 30.4631 14.3178 88.8426 33.6006 
27.2947 37.2843 76.1577 21.4709 69.9922 73.5935 21.3776 0.0 27.4591 42.6025 49.2037 10.0499 65.4599 31.8277 37.0 18.0278 36.4005 4.12311 63.3246 37.2156 17.1172 30.0167 21.3776 37.5038 62.9682 54.4518 95.0898 37.8267 86.2786 57.923 67.6999 19.2094 67.1863 87.0283 35.8469 60.9073 64.9764 68.4714 35.6931 28.4253 60.2999 95.3078 80.6598 54.0912 48.3072 29.2062 57.7062 25.632 41.5933 16.4012 45.5896 25.6125 8.06226 78.1039 45.3137 44.5631 10.6301 9.89949 69.5701 23.0217 
28.0179 21.083 51.0882 13.6015 50.0899 72.7324 45.3542 27.4591 0.0 47.2652 47.8182 36.6742 39.4588 38.0132 57.3643 43.3244 21.4709 26.4008 76.2365 63.0395 42.0595 26.6271 45.6753 21.3026 35.5106 56.2305 88.4081 46.0977 84.9332 38.0478 75.326 46.6154 42.0476 81.0247 44.0114 56.6228 70.0684 50.2195 36.0555 41.5933 38.3275 90.6973 79.1622 36.7696 59.1354 9.43398 78.7909 6.08276 66.9857 13.1529 33.541 39.3192 20.6155 57.5847 24.1661 28.0179 28.0179 31.0483 43.566 65.1748 
19.4165 27.0 68.6299 54.0833 52.5464 31.6228 62.6026 42.6025 47.2652 0.0 11.1803 50.0982 62.9735 10.8167 18.8371 58.4588 67.6831 46.2277 31.0161 48.8967 57.689 67.624 43.3932 27.074 70.5762 12.2066 54.1295 8.06226 44.0454 44.2617 28.0713 52.4965 61.5764 46.0977 78.0064 20.3417 23.0868 27.5543 75.591 70.9699 49.5377 53.8516 38.6005 32.6982 15.0 55.9017 44.6542 41.1947 48.2467 48.4665 19.7231 68.1466 45.793 60.2032 40.7185 26.4008 32.0231 52.502 66.0987 40.8371 
22.9283 44.7351 69.21 57.8195 44.5899 25.2346 69.039 49.2037 47.8182 11.1803 0.0 56.9763 65.1932 18.3848 29.8544 65.0228 69.2762 52.4976 38.0132 59.914 64.5672 71.6904 55.9466 26.5707 65.6775 9.05539 46.5677 19.0263 38.0348 44.948 31.3209 59.3746 62.8807 38.5062 83.5465 12.3852 24.3311 19.5978 80.0581 77.1557 50.271 46.7856 32.2924 30.6834 24.4131 57.206 55.0727 42.1383 59.264 52.456 15.0333 74.3303 50.9909 52.2467 35.5974 22.0 38.833 59.0339 67.728 51.8544 
36.0555 47.3275 86.122 28.2843 80.0355 81.1092 12.083 10.0499 36.6742 50.0982 56.9763 0.0 75.2861 39.3363 41.1845 8.24621 41.8808 10.2956 66.388 32.28 7.61577 32.8938 20.8806 47.5471 72.0694 61.9501 102.682 46.0416 93.7778 67.9662 71.9615 12.083 77.1298 94.6209 32.9848 68.5 71.1593 76.5474 36.1248 24.3516 70.3432 102.9 88.1716 64.1345 52.5688 36.8782 56.0089 35.4401 37.108 24.4131 53.6656 21.8403 16.1245 88.1472 55.3569 54.6064 18.3848 8.544 79.404 23.7697 
61.3258 47.0132 12.3693 52.0384 28.6356 71.4493 84.7231 65.4599 39.4588 62.9735 65.1932 75.2861 0.0 59.9717 79.6647 82.4621 50.6952 65.2534 93.737 98.387 81.2527 61.6604 81.0228 41.2311 15.8114 64.808 77.4661 66.8431 81.0 25.9615 87.121 83.7735 5.0 72.4431 80.6226 57.9348 79.7122 48.9265 70.406 80.0062 16.1245 81.8841 76.0592 34.5398 77.9359 44.0454 105.892 39.8497 104.465 52.6118 43.2666 78.0064 59.6657 30.0167 23.3452 37.0135 62.1999 70.406 4.12311 96.2751 
10.198 36.6586 66.3739 43.6807 54.105 41.8688 51.3989 31.8277 38.0132 10.8167 18.3848 39.3363 59.9717 0.0 20.6056 47.3828 57.7062 35.4683 38.3275 50.6652 46.9271 57.0088 38.3065 21.8409 66.2145 22.6274 63.6547 8.24621 54.4885 42.0357 37.855 41.7346 59.0341 55.5932 67.2012 29.4722 33.6155 36.6849 64.846 60.208 47.3161 63.8201 48.9183 30.4722 21.2132 46.1736 46.8329 32.0624 50.7956 37.9473 17.8885 57.3847 34.9857 62.2187 36.9406 22.987 21.2611 41.7253 63.3474 42.6056 
30.5314 56.8774 85.7211 54.037 69.9764 45.3668 52.9697 37.0 57.3643 18.8371 29.8544 41.1845 79.6647 20.6056 0.0 48.8259 69.0072 41.1096 26.4764 31.1466 48.5395 65.9242 25.6431 41.5418 85.9154 27.6264 68.8589 12.8251 56.4071 61.3528 30.8085 38.6686 78.6122 61.0947 72.4983 37.7376 30.0063 44.9844 72.5328 64.446 66.6288 67.5117 51.7096 49.7893 11.4158 58.3106 30.4138 51.6576 31.0644 48.0416 36.8471 61.7308 42.7551 77.6332 56.6415 42.6568 27.4591 46.0977 83.0033 23.087 
44.2719 55.0977 93.5575 33.2866 87.8057 89.4697 4.24264 18.0278 43.3244 58.4588 65.0228 8.24621 82.4621 47.3828 48.8259 0.0 45.2769 17.2627 71.2634 33.0151 1.41421 34.6699 26.0768 55.3173 78.2943 70.3107 110.729 53.683 102.138 75.7364 79.6029 13.3417 84.5281 102.667 30.0 76.5465 78.8007 84.6289 35.7351 21.0 78.1133 110.947 96.5322 71.9047 60.2102 42.19 58.6941 42.7551 38.0132 30.4631 61.7471 19.105 22.8035 95.9174 63.1271 62.3765 26.5707 12.53 86.5852 29.4109 
48.2701 42.541 63.0635 15.2971 68.6003 94.3142 45.3431 36.4005 21.4709 67.6831 69.2762 41.8808 50.6952 57.7062 69.0072 45.2769 0.0 33.1059 95.0842 73.3485 43.8634 12.6491 57.5674 42.7606 40.0 77.5155 109.649 65.3758 106.31 57.0696 95.5249 53.8516 54.7083 102.343 31.1448 78.0 90.7083 71.5612 20.025 33.2415 55.2268 112.058 100.539 57.6281 78.2304 12.083 93.7342 27.313 77.8781 21.2132 55.0091 32.2025 28.4605 74.9466 43.1856 49.3964 42.4264 33.6006 54.3415 58.9187 
30.2324 38.0 76.2955 18.6011 70.708 77.0779 20.0 4.12311 26.4008 46.2277 52.4976 10.2956 65.2534 35.4683 41.1096 17.2627 33.1059 0.0 67.4463 40.2492 16.1245 26.0768 25.1794 38.2195 61.7738 58.0517 98.675 41.4585 89.8053 58.6387 71.8011 21.2603 67.2681 90.6135 31.9061 64.4925 68.6082 71.7052 31.5753 24.7588 61.0082 98.7154 84.1487 54.807 52.4085 26.8701 61.5224 25.4951 44.7772 14.2127 48.8234 21.9317 5.83095 78.8197 46.0109 45.2788 14.4222 6.7082 69.3758 27.0 
48.5077 74.9242 99.2085 80.335 74.4271 38.6005 75.3227 63.3246 76.2365 31.0161 38.0132 66.388 93.737 38.3275 26.4764 71.2634 95.0842 67.4463 0.0 46.2277 71.7182 92.3959 45.5076 57.5827 101.592 30.4138 60.2993 30.1496 45.0111 74.9464 13.0384 58.5235 92.3399 53.9351 98.5359 40.4599 19.3132 49.4975 98.9545 90.4738 80.2694 57.0088 42.4264 60.6818 17.1172 84.006 26.3059 70.3491 43.2666 74.3514 50.5668 87.7587 69.2315 82.0731 71.6938 57.3847 53.9351 72.1435 96.8622 42.9515 
53.568 75.3216 114.405 58.6686 100.036 75.1864 36.0555 37.2156 63.0395 48.8967 59.914 32.28 98.387 50.6652 31.1466 33.0151 73.3485 40.2492 46.2277 0.0 34.0588 65.146 18.6011 75.5411 97.9528 57.5618 98.7168 42.8847 85.703 91.4125 56.4358 20.3961 99.5912 91.0055 63.0079 67.7973 58.3095 75.044 68.0661 54.0093 99.3575 97.1236 81.3204 79.849 39.8497 66.2873 26.9258 59.6793 5.0 53.535 66.9067 52.0865 45.2769 107.693 83.351 75.0285 36.349 40.8044 102.421 20.1246 
43.6578 54.0444 92.3959 31.9061 86.7524 88.7 4.47214 17.1172 42.0595 57.689 64.5672 7.61577 81.2527 46.9271 48.5395 1.41421 43.8634 16.1245 71.7182 34.0588 0.0 33.2866 26.4197 54.264 76.9675 69.541 110.273 53.3966 101.852 74.6831 79.3165 14.1421 83.3607 102.212 29.0172 76.0908 78.5144 84.152 34.4819 20.025 77.06 110.491 95.7625 70.8514 59.9239 40.8167 59.5399 41.5933 39.0512 29.1548 61.2703 18.0278 21.587 94.8641 62.0725 61.3232 26.0 11.1803 85.3756 29.6816 
48.7647 46.4833 73.9797 14.2127 76.5376 96.5232 34.0588 30.0167 26.6271 67.624 71.6904 32.8938 61.6604 57.0088 65.9242 34.6699 12.6491 26.0768 92.3959 65.146 33.2866 0.0 51.2445 46.7029 52.1536 78.2943 114.178 63.8905 109.322 64.5626 94.5569 44.9444 65.307 106.739 19.0263 82.3328 90.6201 75.9338 9.43398 20.6155 64.0781 116.409 103.581 63.1269 76.2941 18.3848 87.5728 31.1448 69.9214 19.2354 58.9542 19.7231 23.1948 83.672 50.6063 53.7622 38.4708 24.3516 65.4905 53.0377 
35.8915 52.0097 91.0929 42.3792 88.881 69.922 30.2324 21.3776 45.6753 43.3932 55.9466 20.8806 81.0228 38.3065 25.6431 26.0768 57.5674 25.1794 45.5076 18.6011 26.4197 51.2445 0.0 52.2292 80.5887 52.1825 93.415 37.3812 80.8324 72.6483 53.3003 14.2127 82.227 85.6508 53.8516 62.2938 53.9128 75.4989 56.0803 45.2217 75.0253 92.0362 76.2273 65.2482 35.0724 49.2946 36.3456 42.3152 21.9317 36.7846 52.6172 42.72 29.1204 96.9947 60.039 57.7157 18.9848 28.1603 85.0572 3.60555 
23.195 18.2195 49.6488 32.6503 39.5626 51.8025 58.2195 37.5038 21.3026 27.074 26.5707 47.5471 41.2311 21.8409 41.5418 55.3173 42.7606 38.2195 57.5827 75.5411 54.264 46.7029 52.2292 0.0 45.2769 34.9285 69.3806 28.7342 64.6027 27.4933 55.0 55.0998 41.3401 61.9364 62.5581 38.9531 49.2544 31.131 55.9742 58.6159 31.6228 71.6062 58.8603 19.9249 40.7648 30.6905 67.7691 15.6227 75.6715 29.3442 12.8062 56.0383 33.4063 47.6763 18.0278 9.48683 33.4063 44.3479 45.0 67.4815 
56.5155 48.0512 26.4008 45.5412 43.6578 84.006 79.8499 62.9682 35.5106 70.5762 65.6775 72.0694 15.8114 66.2145 85.9154 78.2943 40.0 61.7738 101.592 97.9528 76.9675 52.1536 80.5887 45.2769 0.0 75.0357 92.1792 73.1078 94.4299 38.0526 96.792 82.0975 20.8087 86.6833 71.0634 69.1809 89.9606 60.0083 60.0083 72.0069 29.8329 96.3172 89.202 45.1774 85.0882 36.6879 110.619 38.2884 101.899 47.8539 51.2445 70.406 55.9464 45.793 30.0832 44.2719 62.2896 65.7951 17.6918 97.3132 
29.5296 53.1475 68.6839 64.4244 44.0638 19.4165 74.4545 54.4518 56.2305 12.2066 9.05539 61.9501 64.808 22.6274 27.6264 70.3107 77.5155 58.0517 30.4138 57.5618 69.541 78.2943 52.1825 34.9285 75.0357 0.0 42.1545 19.6977 31.8904 44.5628 22.4722 64.3484 62.4956 34.176 89.6437 10.7703 15.2971 19.105 86.6083 82.807 49.8858 41.6773 26.4008 30.2982 19.6469 65.6184 50.3289 50.5506 57.0351 59.0593 24.0 79.9812 57.2014 51.7397 44.6527 31.0161 43.875 64.3506 67.3428 49.6264 
69.0942 85.6942 73.0616 100.125 48.8365 23.5372 114.745 95.0898 88.4081 54.1295 46.5677 102.682 77.4661 63.6547 68.8589 110.729 109.649 98.675 60.2993 98.7168 110.273 114.178 93.415 69.3806 92.1792 42.1545 0.0 61.8466 15.8114 55.5428 47.2652 105.081 72.9932 8.06226 129.712 35.2278 42.0119 38.2884 123.449 123.322 62.3618 5.83095 18.0 52.6682 59.0339 97.8021 86.0233 83.0963 97.6729 96.8188 61.8507 120.496 97.1567 50.0 69.5108 60.4401 84.5991 105.236 77.7817 90.8589 
18.4391 44.9026 72.9318 50.9902 60.6328 38.9487 57.8268 37.8267 46.0977 8.06226 19.0263 46.0416 66.8431 8.24621 12.8251 53.683 65.3758 41.4585 30.1496 42.8847 53.3966 63.8905 37.3812 28.7342 73.1078 19.6977 61.8466 0.0 51.0392 48.5635 30.6757 47.7207 65.7951 53.8516 73.2455 28.3776 27.4591 35.5902 71.3382 66.1941 53.8395 61.2944 45.793 37.0 13.0384 54.037 39.0524 40.1995 42.2347 45.1221 24.0832 63.3709 41.2872 68.7465 43.8292 29.8329 27.2473 47.7262 70.1783 34.8251 
60.5599 82.1598 78.9177 95.4511 53.3385 12.8062 106.282 86.2786 84.9332 44.0454 38.0348 93.7778 81.0 54.4885 56.4071 102.138 106.31 89.8053 45.0111 85.703 101.852 109.322 80.8324 64.6027 94.4299 31.8904 15.8114 51.0392 0.0 56.4358 32.0 96.176 77.0584 12.0416 121.165 28.6531 27.6586 35.4401 117.69 114.56 65.0308 12.0 5.83095 50.6952 45.8803 94.3592 71.0634 79.563 84.2021 90.0875 58.3104 111.732 88.6172 57.0088 67.1863 56.916 75.6902 96.1769 82.0975 78.2763 
43.4371 38.6387 29.0689 51.4945 13.3417 46.0109 78.6387 57.923 38.0478 44.2617 44.948 67.9662 25.9615 42.0357 61.3528 75.7364 57.0696 58.6387 74.9464 91.4125 74.6831 64.5626 72.6483 27.4933 38.0526 44.5628 55.5428 48.5635 56.4358 0.0 66.8569 76.0764 23.2594 49.3356 81.9531 37.6876 59.465 28.2422 73.9931 78.7467 10.2956 59.1354 51.1566 14.3426 59.2246 46.4289 87.5046 34.7851 91.5429 49.3359 24.5635 76.2444 53.8255 22.0227 13.9789 19.7152 53.8255 64.767 28.2312 83.3528 
47.3814 73.0312 89.8618 81.4923 65.215 26.0 83.1155 67.6999 75.326 28.0713 31.3209 71.9615 87.121 37.855 30.8085 79.6029 95.5249 71.8011 13.0384 56.4358 79.3165 94.5569 53.3003 55.0 96.792 22.4722 47.2652 30.6757 32.0 66.8569 0.0 66.3259 84.7896 41.0 103.262 30.8058 7.81025 40.4969 102.014 95.2029 72.1799 44.0 29.4279 52.6112 19.4165 83.863 39.1152 69.2604 54.1295 75.6902 45.7056 92.5023 71.9626 72.3464 66.7119 52.7731 57.9227 76.8618 89.6368 50.7442 
39.3195 54.8803 93.9635 39.8246 92.309 83.5075 17.088 19.2094 46.6154 52.4965 59.3746 12.083 83.7735 41.7346 38.6686 13.3417 53.8516 21.2603 58.5235 20.3961 14.1421 44.9444 14.2127 55.0998 82.0975 64.3484 105.081 47.7207 96.176 76.0764 66.3259 0.0 85.0976 97.0192 43.1045 70.8982 66.9383 78.927 47.676 34.1321 77.8959 105.299 90.5699 68.6763 48.098 48.1041 45.3982 44.2945 25.318 35.3553 56.0452 32.0156 26.8701 100.423 62.9097 61.1437 22.3607 20.6155 87.8465 17.8045 
60.3882 48.2173 9.05539 55.0364 24.1868 67.897 86.977 67.1863 42.0476 61.5764 62.8807 77.1298 5.0 59.0341 78.6122 84.5281 54.7083 67.2681 92.3399 99.5912 83.3607 65.307 82.227 41.3401 20.8087 62.4956 72.9932 65.7951 77.0584 23.2594 84.7896 85.0976 0.0 68.1836 84.1724 55.0785 77.3978 45.6527 74.2159 83.1505 13.0 77.5242 72.2496 32.2754 76.5392 47.3814 104.84 41.7732 105.669 55.1453 41.8782 81.0555 61.8142 25.0599 23.3238 36.0694 63.4041 72.6911 5.09902 97.4793 
61.0327 78.2559 69.1158 92.6867 44.0454 16.0312 106.684 87.0283 81.0247 46.0977 38.5062 94.6209 72.4431 55.5932 61.0947 102.667 102.343 90.6135 53.9351 91.0055 102.212 106.739 85.6508 61.9364 86.6833 34.176 8.06226 53.8516 12.0416 49.3356 41.0 97.0192 68.1836 0.0 121.651 27.2029 35.1283 30.8058 116.011 115.26 56.8859 9.84886 11.7047 45.3947 51.4782 90.4434 79.2275 75.6553 90.0944 89.3805 54.4065 112.435 89.0952 46.5296 61.8496 53.0094 76.5376 97.1745 73.1095 83.0947 
60.8276 62.3385 92.9139 30.4631 94.0213 108.374 27.1662 35.8469 44.0114 78.0064 83.5465 32.9848 80.6226 67.2012 72.4983 30.0 31.1448 31.9061 98.5359 63.0079 29.0172 19.0263 53.8516 62.5581 71.0634 89.6437 129.712 73.2455 121.165 81.9531 103.262 43.1045 84.1724 121.651 0.0 95.5299 100.395 91.789 11.7047 9.0 82.2192 129.93 115.434 79.1455 83.8694 36.8782 88.459 47.4131 68.0074 33.2866 74.8095 11.1803 32.5576 101.592 68.1542 69.6174 46.3249 26.4008 84.4808 56.6127 
34.9117 53.8494 59.0855 68.2802 34.4093 16.1555 80.5626 60.9073 56.6228 20.3417 12.3852 68.5 57.9348 29.4722 37.7376 76.5465 78.0 64.4925 40.4599 67.7973 76.0908 82.3328 62.2938 38.9531 69.1809 10.7703 35.2278 28.3776 28.6531 37.6876 30.8058 70.8982 55.0785 27.2029 95.5299 0.0 23.0217 9.84886 92.0415 89.1391 42.256 36.0694 22.8254 24.0208 30.3645 66.0488 61.0983 51.2526 67.1472 64.4393 30.0 86.3137 62.9742 41.7253 40.1123 28.6056 50.4166 71.0535 60.1696 59.7377 
42.45 67.4209 82.0935 77.1622 57.4282 19.4165 82.9446 64.9764 70.0684 23.0868 24.3311 71.1593 79.7122 33.6155 30.0063 78.8007 90.7083 68.6082 19.3132 58.3095 78.5144 90.6201 53.9128 49.2544 89.9606 15.2971 42.0119 27.4591 27.6586 59.465 7.81025 66.9383 77.3978 35.1283 100.395 23.0217 0.0 32.7567 98.4124 93.3438 64.788 39.4588 24.0208 45.2217 18.868 78.8543 44.1022 63.9877 56.6127 71.5122 39.1152 90.5206 68.4251 64.5368 59.909 46.1736 54.397 74.8759 82.245 51.3566 
42.1244 47.4505 49.6597 61.8813 25.0396 24.0832 88.624 68.4714 50.2195 27.5543 19.5978 76.5474 48.9265 36.6849 44.9844 84.6289 71.5612 71.7052 49.4975 75.044 84.152 75.9338 75.4989 31.131 60.0083 19.105 38.2884 35.5902 35.4401 28.2422 40.4969 78.927 45.6527 30.8058 91.789 9.84886 32.7567 0.0 85.2052 96.3517 32.8302 40.4969 29.8329 15.2971 37.9824 59.6406 68.8387 44.8499 74.394 58.5751 23.6011 93.5264 70.1869 32.6497 31.7805 22.2036 58.2489 78.2662 50.7438 66.9844 
57.1402 55.7547 82.7647 23.3452 85.9593 104.891 34.0147 35.6931 36.0555 75.591 80.0581 36.1248 70.406 64.846 72.5328 35.7351 20.025 31.5753 98.9545 68.0661 34.4819 9.43398 56.0803 55.9742 60.0083 86.6083 123.449 71.3382 117.69 73.9931 102.014 47.676 74.2159 116.011 11.7047 92.0415 98.4124 85.2052 0.0 17.0294 73.4098 125.68 111.949 72.4707 83.7708 27.7308 92.0217 40.4599 72.9932 27.8029 68.2256 17.4929 30.0832 93.0376 60.0333 63.0335 45.2217 28.0 74.1485 58.3095 
54.6717 58.3964 92.0869 28.1603 90.8159 101.823 18.2483 28.4253 41.5933 70.9699 77.1557 24.3516 80.0062 60.208 64.446 21.0 33.2415 24.7588 90.4738 54.0093 20.025 20.6155 45.2217 58.6159 72.0069 82.807 123.322 66.1941 114.56 78.7467 95.2029 34.1321 83.1505 115.26 9.0 89.1391 93.3438 96.3517 17.0294 0.0 79.8311 123.54 108.894 75.2033 75.8102 36.0139 79.511 43.9659 59.0085 29.4109 73.47 2.82843 26.6271 98.7623 65.2534 65.6752 39.0512 18.6011 84.0 48.1041 
48.6701 41.0156 19.105 51.923 14.4222 55.3263 81.0062 60.2999 38.3275 49.5377 50.271 70.3432 16.1245 47.3161 66.6288 78.1133 55.2268 61.0082 80.2694 99.3575 77.06 64.0781 75.0253 31.6228 29.8329 49.8858 62.3618 53.8395 65.0308 10.2956 72.1799 77.8959 13.0 56.8859 82.2192 42.256 64.788 32.8302 73.4098 79.8311 0.0 66.4906 60.0083 19.6656 64.5005 45.6946 92.8561 36.2215 99.4879 50.636 29.8395 77.4661 56.0357 19.7231 15.0 24.6982 56.2024 67.0298 18.0278 91.2979 
69.3122 87.9257 78.0 102.356 53.3385 22.3607 114.963 95.3078 90.6973 53.8516 46.7856 102.9 81.8841 63.8201 67.5117 110.947 112.058 98.7154 57.0088 97.1236 110.491 116.409 92.0362 71.6062 96.3172 41.6773 5.83095 61.2944 12.0 59.1354 44.0 105.299 77.5242 9.84886 129.93 36.0694 39.4588 40.4969 125.68 123.54 66.4906 0.0 15.8114 55.1774 57.28 100.125 83.0542 85.325 95.8019 99.0503 64.0762 120.714 97.3747 55.0818 71.6322 62.6817 84.8171 105.181 82.3893 89.48 
54.8189 76.3889 74.5252 89.7101 48.8365 7.07107 100.676 80.6598 79.1622 38.6005 32.2924 88.1716 76.0592 48.9183 51.7096 96.5322 100.539 84.1487 42.4264 81.3204 95.7625 103.581 76.2273 58.8603 89.202 26.4008 18.0 45.793 5.83095 51.1566 29.4279 90.5699 72.2496 11.7047 115.434 22.8254 24.0208 29.8329 111.949 108.894 60.0083 15.8114 0.0 45.1221 41.4849 88.5882 68.0294 73.792 80.05 84.3466 52.5395 106.066 82.8805 53.1413 61.6117 51.145 70.0928 90.5539 77.3175 73.6712 
31.8736 34.807 38.7666 49.2037 26.4119 39.3192 74.807 54.0912 36.7696 32.6982 30.6834 64.1345 34.5398 30.4722 49.7893 71.9047 57.6281 54.807 60.6818 79.849 70.8514 63.1269 65.2482 19.9249 45.1774 30.2982 52.6682 37.0 50.6952 14.3426 52.6112 68.6763 32.2754 45.3947 79.1455 24.0208 45.2217 15.2971 72.4707 75.2033 19.6656 55.1774 45.1221 0.0 47.6611 46.0109 75.9412 32.0156 79.9794 45.9316 13.0 72.6258 49.9937 34.5256 16.4924 10.4403 47.9982 60.9353 37.1226 71.7893 
31.4006 57.8365 83.5928 63.6396 62.9745 35.5106 64.3541 48.3072 59.1354 15.0 24.4131 52.5688 77.9359 21.2132 11.4158 60.2102 78.2304 52.4085 17.1172 39.8497 59.9239 76.2941 35.0724 40.7648 85.0882 19.6469 59.0339 13.0384 45.8803 59.2246 19.4165 48.098 76.5392 51.4782 83.8694 30.3645 18.868 37.9824 83.7708 75.8102 64.5005 57.28 41.4849 47.6611 0.0 67.0075 30.8707 53.2353 38.6394 57.7062 34.6699 73.1096 53.908 70.6312 55.4707 41.1825 38.6161 57.4691 81.0615 32.5163 
36.4966 30.4709 56.2228 8.94427 58.3095 82.43 43.382 29.2062 9.43398 55.9017 57.206 36.8782 44.0454 46.1736 58.3106 42.19 12.083 26.8701 84.006 66.2873 40.8167 18.3848 49.2946 30.6905 36.6879 65.6184 97.8021 54.037 94.3592 46.4289 83.863 48.1041 47.3814 90.4434 36.8782 66.0488 78.8543 59.6406 27.7308 36.0139 45.6946 100.125 88.5882 46.0109 67.0075 0.0 84.4728 15.2315 70.4911 12.8062 42.9418 34.1321 21.2603 65.307 32.45 37.4433 32.8938 29.6816 48.0104 50.6283 
56.7587 80.5682 111.948 78.5297 93.8307 63.3877 62.1691 57.7062 78.7909 44.6542 55.0727 56.0089 105.892 46.8329 30.4138 58.6941 93.7342 61.5224 26.3059 26.9258 59.5399 87.5728 36.3456 67.7691 110.619 50.3289 86.0233 39.0524 71.0634 87.5046 39.1152 45.3982 104.84 79.2275 88.459 61.0983 44.1022 68.8387 92.0217 79.511 92.8561 83.0542 68.0294 75.9412 30.8707 84.4728 0.0 73.7902 22.3607 72.7502 63.0744 77.3175 65.3182 101.487 82.8688 68.8841 51.624 64.0312 109.231 34.9285 
22.0 15.4031 50.8035 17.2047 46.8188 67.3622 45.2769 25.632 6.08276 41.1947 42.1383 35.4401 39.8497 32.0624 51.6576 42.7551 27.313 25.4951 70.3491 59.6793 41.5933 31.1448 42.3152 15.6227 38.2884 50.5506 83.0963 40.1995 79.563 34.7851 69.2604 44.2945 41.7732 75.6553 47.4131 51.2526 63.9877 44.8499 40.4599 43.9659 36.2215 85.325 73.792 32.0156 53.2353 15.2315 73.7902 0.0 63.6256 14.5602 27.874 41.4849 20.0998 54.8179 21.3776 22.6716 24.0416 31.0644 43.9659 60.2897 
53.6984 75.452 114.535 63.0635 100.166 74.1485 41.0488 41.5933 66.9857 48.2467 59.264 37.108 104.465 50.7956 31.0644 38.0132 77.8781 44.7772 43.2666 5.0 39.0512 69.9214 21.9317 75.6715 101.899 57.0351 97.6729 42.2347 84.2021 91.5429 54.1295 25.318 105.669 90.0944 68.0074 67.1472 56.6127 74.394 72.9932 59.0085 99.4879 95.8019 80.05 79.9794 38.6394 70.4911 22.3607 63.6256 0.0 57.8014 67.0371 57.0789 49.6488 107.823 83.4814 75.1589 40.2953 45.607 108.5 22.8035 
29.5296 29.1246 64.195 6.0 61.4051 77.2888 32.28 16.4012 13.1529 48.4665 52.456 24.4131 52.6118 37.9473 48.0416 30.4631 21.2132 14.2127 74.3514 53.535 29.1548 19.2354 36.7846 29.3442 47.8539 59.0593 96.8188 45.1221 90.0875 49.3359 75.6902 35.3553 55.1453 89.3805 33.2866 64.4393 71.5122 58.5751 27.8029 29.4109 50.636 99.0503 84.3466 45.9316 57.7062 12.8062 72.7502 14.5602 57.8014 0.0 41.5955 26.9258 8.48528 69.3758 35.9026 36.4034 21.2132 18.0278 56.7186 38.1183 
19.2426 30.4709 48.9318 44.9017 36.6328 46.1096 65.7422 45.5896 33.541 19.7231 15.0333 53.6656 43.2666 17.8885 36.8471 61.7471 55.0091 48.8234 50.5668 66.9067 61.2703 58.9542 52.6172 12.8062 51.2445 24.0 61.8507 24.0832 58.3104 24.5635 45.7056 56.0452 41.8782 54.4065 74.8095 30.0 39.1152 23.6011 68.2256 73.47 29.8395 64.0762 52.5395 13.0 34.6699 42.9418 63.0744 27.874 67.0371 41.5955 0.0 70.6446 47.3051 44.7465 21.1896 7.07107 35.3671 55.3844 46.4005 58.8471 
51.8556 55.8188 90.0222 26.0192 88.3137 98.9949 16.7631 25.6125 39.3192 68.1466 74.3303 21.8403 78.0064 57.3847 61.7308 19.105 32.2025 21.9317 87.7587 52.0865 18.0278 19.7231 42.72 56.0383 70.406 79.9812 120.496 63.3709 111.732 76.2444 92.5023 32.0156 81.0555 112.435 11.1803 86.3137 90.5206 93.5264 17.4929 2.82843 77.4661 120.714 106.066 72.6258 73.1096 34.1321 77.3175 41.4849 57.0789 26.9258 70.6446 0.0 23.8537 96.3016 62.8172 63.0976 36.2353 15.8114 82.0244 45.5412 
28.2843 33.1868 70.859 13.4164 65.8947 75.8222 25.1794 8.06226 20.6155 45.793 50.9909 16.1245 59.6657 34.9857 42.7551 22.8035 28.4605 5.83095 69.2315 45.2769 21.587 23.1948 29.1204 33.4063 55.9464 57.2014 97.1567 41.2872 88.6172 53.8255 71.9626 26.8701 61.8142 89.0952 32.5576 62.9742 68.4251 70.1869 30.0832 26.6271 56.0357 97.3747 82.8805 49.9937 53.908 21.2603 65.3182 20.0998 49.6488 8.48528 47.3051 23.8537 0.0 73.9797 41.0488 40.4656 15.2971 11.0 63.7887 30.5027 
63.6201 58.8197 23.1948 71.1688 9.21954 50.5371 98.8197 78.1039 57.5847 60.2032 52.2467 88.1472 30.0167 62.2187 77.6332 95.9174 74.9466 78.8197 82.0731 107.693 94.8641 83.672 96.9947 47.6763 45.793 51.7397 50.0 68.7465 57.0088 22.0227 72.3464 100.423 25.0599 46.5296 101.592 41.7253 64.5368 32.6497 93.0376 98.7623 19.7231 55.0818 53.1413 34.5256 70.6312 65.307 101.487 54.8179 107.823 69.3758 44.7465 96.3016 73.9797 0.0 33.5261 39.8982 79.7446 84.948 29.1548 99.6332 
38.2947 26.0294 31.7805 37.6962 25.9422 55.7315 66.0076 45.3137 24.1661 40.7185 35.5974 55.3569 23.3452 36.9406 56.6415 63.1271 43.1856 46.0109 71.6938 83.351 62.0725 50.6063 60.039 18.0278 30.0832 44.6527 69.5108 43.8292 67.1863 13.9789 66.7119 62.9097 23.3238 61.8496 68.1542 40.1123 59.909 31.7805 60.0333 65.2534 15.0 71.6322 61.6117 16.4924 55.4707 32.45 82.8688 21.3776 83.4814 35.9026 21.1896 62.8172 41.0488 33.5261 0.0 14.3178 41.2162 52.0384 27.0185 75.2914 
24.3411 25.2788 43.6005 39.7096 31.7845 44.7152 65.2788 44.5631 28.0179 26.4008 22.0 54.6064 37.0135 22.987 42.6568 62.3765 49.3964 45.2788 57.3847 75.0285 61.3232 53.7622 57.7157 9.48683 44.2719 31.0161 60.4401 29.8329 56.916 19.7152 52.7731 61.1437 36.0694 53.0094 69.6174 28.6056 46.1736 22.2036 63.0335 65.6752 24.6982 62.6817 51.145 10.4403 41.1825 37.4433 68.8841 22.6716 75.1589 36.4034 7.07107 63.0976 40.4656 39.8982 14.3178 0.0 40.4656 51.4072 40.3609 66.9688 
17.72 33.1868 72.27 27.1662 71.6309 63.0317 30.4631 10.6301 28.0179 32.0231 38.833 18.3848 62.1999 21.2611 27.4591 26.5707 42.4264 14.4222 53.9351 36.349 26.0 38.4708 18.9848 33.4063 62.2896 43.875 84.5991 27.2473 75.6902 53.8255 57.9227 22.3607 63.4041 76.5376 46.3249 50.4166 54.397 58.2489 45.2217 39.0512 56.2024 84.8171 70.0928 47.9982 38.6161 32.8938 51.624 24.0416 40.2953 21.2132 35.3671 36.2353 15.2971 79.7446 41.2162 40.4656 0.0 20.5183 66.2344 37.9712 
36.8917 44.1283 81.7435 20.8087 76.8363 83.4865 14.3178 9.89949 31.0483 52.502 59.0339 8.544 70.406 41.7253 46.0977 12.53 33.6006 6.7082 72.1435 40.8044 11.1803 24.3516 28.1603 44.3479 65.7951 64.3506 105.236 47.7262 96.1769 64.767 76.8618 20.6155 72.6911 97.1745 26.4008 71.0535 74.8759 78.2662 28.0 18.6011 67.0298 105.181 90.5539 60.9353 57.4691 29.6816 64.0312 31.0644 45.607 18.0278 55.3844 15.8114 11.0 84.948 52.0384 51.4072 20.5183 0.0 74.5252 30.5941 
64.7015 51.0476 8.94427 56.0803 29.0689 72.9932 88.8426 69.5701 43.566 66.0987 67.728 79.404 4.12311 63.3474 83.0033 86.5852 54.3415 69.3758 96.8622 102.421 85.3756 65.4905 85.0572 45.0 17.6918 67.3428 77.7817 70.1783 82.0975 28.2312 89.6368 87.8465 5.09902 73.1095 84.4808 60.1696 82.245 50.7438 74.1485 84.0 18.0278 82.3893 77.3175 37.1226 81.0615 48.0104 109.231 43.9659 108.5 56.7186 46.4005 82.0244 63.7887 29.1548 27.0185 40.3609 66.2344 74.5252 0.0 100.31 
45.5083 67.262 106.345 43.7141 91.9765 67.3659 33.6006 23.0217 65.1748 40.8371 51.8544 23.7697 96.2751 42.6056 23.087 29.4109 58.9187 27.0 42.9515 20.1246 29.6816 53.0377 3.60555 67.4815 97.3132 49.6264 90.8589 34.8251 78.2763 83.3528 50.7442 17.8045 97.4793 83.0947 56.6127 59.7377 51.3566 66.9844 58.3095 48.1041 91.2979 89.48 73.6712 71.7893 32.5163 50.6283 34.9285 60.2897 22.8035 38.1183 58.8471 45.5412 30.5027 99.6332 75.2914 66.9688 37.9712 30.5941 100.31 0.0 
DEMAND_SCENARIO_SECTION
0 0 0 0 0 0 0 0 0 0 0 0 0 0 0 0 0 0 0 0 0 0 0 0 0 0 0 0 0 0 0 0 0 0 0 0 0 0 0 0 0 0 0 0 0 0 0 0 0 0 0 0 0 0 0 0 0 0 0 0 0 0 0 0 0 0 0 0 0 0 0 0 0 0 0 0 0 0 0 0 0 0 0 0 0 0 0 0 0 0 0 0 0 0 0 0 0 0 0 0 0 0 0 0 0 0 0 0 0 0 0 0 0 0 0 0 0 0 0 0 0 0 0 0 0 0 0 0 0 0 0 0 0 0 0 0 0 0 0 0 0 0 0 0 0 0 0 0 0 0 0 0 0 0 0 0 0 0 0 0 0 0 0 0 0 0 0 0 0 0 0 0 0 0 0 0 0 0 0 0 0 0 0 0 0 0 0 0 0 0 0 0 0 0 0 0 0 0 0 0 
2 2 3 2 2 3 1 1 2 2 1 1 2 2 0 2 2 3 2 2 2 2 2 2 1 0 2 2 2 1 2 2 3 1 1 2 2 3 3 2 2 3 2 2 2 3 2 3 2 0 2 3 1 1 2 2 2 2 2 3 1 2 3 1 3 2 2 3 2 2 3 2 2 1 3 2 1 4 3 1 2 2 2 1 3 1 2 2 2 2 2 1 1 2 1 2 1 2 1 2 1 2 2 3 1 2 2 1 2 1 2 2 2 1 2 2 2 2 1 1 2 2 2 3 2 1 2 3 2 2 1 2 2 2 2 2 2 2 2 2 2 2 2 2 2 1 2 1 2 1 3 2 1 2 2 2 3 2 2 3 2 2 2 2 2 1 2 3 3 3 2 3 1 1 2 2 2 1 2 1 2 2 3 2 3 2 2 2 2 3 2 2 3 3 2 3 3 1 3 2 
7 2 4 8 8 3 6 8 6 5 5 3 4 4 8 8 6 5 6 4 6 6 4 4 6 5 6 5 4 5 3 5 9 7 6 9 5 7 7 6 9 6 8 7 2 6 5 9 6 3 6 5 8 6 5 3 7 3 3 4 6 7 6 8 6 6 3 6 4 7 8 4 5 10 9 7 5 7 5 5 4 5 6 5 7 4 9 7 4 6 5 6 6 7 5 6 7 2 4 6 8 4 5 7 4 4 7 4 8 5 6 4 4 4 6 6 9 3 6 4 7 2 8 9 8 4 4 2 5 6 3 2 7 6 8 6 8 1 3 4 7 5 10 3 6 7 8 7 6 8 10 6 8 5 6 3 9 5 4 2 5 8 7 9 4 8 5 7 3 4 8 4 8 4 6 7 4 6 7 6 2 4 5 11 6 3 3 9 8 5 8 7 8 4 5 4 2 5 7 3 
4 3 2 2 4 4 3 0 3 3 4 3 4 2 5 3 4 3 4 4 3 1 2 4 4 3 2 4 4 6 5 4 2 4 3 4 4 3 2 5 1 2 4 4 3 3 4 4 4 3 2 2 3 1 3 4 3 4 2 2 3 4 2 2 4 2 4 2 3 2 4 3 2 3 3 2 4 4 3 2 3 1 4 3 3 3 3 1 3 5 3 3 2 4 3 1 3 2 3 5 2 4 5 3 4 4 3 4 2 3 3 2 3 3 2 3 4 2 2 4 3 3 4 4 3 2 2 2 1 4 3 5 2 2 2 3 1 3 4 4 3 2 3 5 2 2 5 3 2 4 4 4 1 1 2 4 4 2 4 1 4 4 1 2 2 2 4 2 1 4 4 3 4 4 4 1 4 1 3 3 3 3 4 2 3 3 3 5 2 4 3 4 3 3 3 5 3 2 2 2 
5 2 7 5 6 6 1 6 5 7 3 6 4 5 5 6 6 7 7 5 3 6 6 5 6 4 5 5 7 6 5 3 4 4 5 5 4 6 5 6 7 2 6 4 5 3 4 4 6 1 5 4 2 9 5 4 2 3 5 5 5 3 8 3 4 3 3 4 7 7 5 5 7 2 2 4 7 3 6 5 5 8 2 9 7 7 5 7 8 8 3 5 7 6 5 5 7 6 3 4 5 3 6 5 4 7 6 7 7 8 5 4 3 6 8 8 7 5 7 6 2 5 2 7 4 4 4 6 5 2 3 5 3 5 7 8 6 7 5 6 2 5 8 3 9 6 5 5 7 4 4 6 8 5 3 4 4 5 6 6 6 5 4 4 3 7 7 3 6 5 6 8 4 4 6 5 6 4 5 5 5 3 4 5 3 8 5 5 8 7 4 4 6 5 6 8 5 6 7 8 
7 5 11 7 5 5 7 6 7 8 8 2 5 3 8 6 2 13 8 8 8 9 6 7 11 9 5 8 4 8 6 4 6 8 6 14 4 10 7 6 10 8 10 7 6 7 7 5 8 7 9 9 6 6 0 9 7 6 3 10 6 8 9 8 6 7 3 11 5 6 9 7 10 7 3 5 5 5 6 6 1 10 8 5 10 9 13 5 5 8 6 6 6 8 9 8 9 7 5 9 10 4 5 7 7 9 5 2 7 5 9 8 9 10 5 5 9 8 8 5 6 6 9 3 6 7 7 10 4 6 5 7 13 11 7 3 3 8 9 4 8 1 5 10 4 10 12 3 9 7 4 9 5 9 4 7 6 9 2 6 9 8 6 7 4 13 8 10 9 9 5 4 10 9 8 5 3 7 8 7 11 8 5 8 5 5 9 8 10 8 9 10 10 4 9 8 8 7 5 8 
13 13 9 10 9 7 10 10 9 10 15 8 3 11 8 11 2 6 11 4 8 9 9 9 6 9 12 10 5 8 9 12 5 10 10 5 13 6 13 8 8 12 9 12 12 8 8 6 10 8 10 10 7 9 9 4 9 3 11 9 10 8 2 10 8 3 5 7 12 7 8 10 8 9 5 9 8 4 14 13 5 9 11 9 14 7 8 8 12 4 12 12 5 5 8 11 7 8 6 13 5 10 6 12 13 9 8 6 8 9 7 2 12 11 15 8 5 8 11 9 8 4 9 8 15 11 11 12 5 7 6 7 11 8 7 11 6 6 11 6 10 11 5 11 11 10 9 15 13 4 11 3 9 11 9 9 11 8 13 7 8 11 5 10 12 8 8 10 13 10 12 7 6 14 4 8 5 9 11 6 11 2 5 14 10 7 12 13 3 14 6 10 5 5 6 12 14 8 9 8 
7 7 9 7 4 6 4 1 2 5 4 6 7 6 2 6 10 5 6 6 6 10 5 7 4 4 4 6 7 7 10 9 5 2 5 4 4 8 5 6 8 4 6 6 9 7 4 6 8 7 9 8 3 7 7 5 5 8 9 6 10 5 9 5 4 3 4 4 4 7 0 6 5 8 9 3 5 6 3 5 4 4 8 8 5 8 5 5 6 7 7 10 4 3 4 7 2 7 5 6 5 7 3 3 4 6 3 6 4 6 5 4 4 5 5 5 4 4 6 6 6 8 4 7 8 7 7 5 5 5 5 7 7 7 2 5 3 5 7 7 9 7 4 6 9 5 6 3 6 7 7 5 4 4 3 5 10 5 7 5 7 4 6 0 5 7 8 10 5 3 5 8 9 6 6 5 7 7 7 5 6 5 7 7 7 8 7 5 6 8 7 4 7 7 2 4 3 3 4 5 
8 6 6 16 4 6 3 6 8 9 10 6 8 12 7 7 5 14 11 8 7 11 6 11 6 11 10 13 10 7 9 10 6 7 9 7 6 7 5 11 11 6 7 10 7 3 5 10 8 9 6 7 9 8 3 8 8 8 9 10 9 6 11 11 8 8 9 9 12 6 8 12 7 12 4 9 6 4 10 6 6 7 6 8 10 7 3 8 10 6 9 8 6 13 6 6 10 13 9 4 13 12 2 8 7 13 5 6 11 3 9 6 9 1 6 8 12 9 9 9 14 9 8 4 11 8 4 10 7 2 10 12 6 12 7 6 6 8 1 4 7 6 7 11 6 13 11 12 5 8 8 8 5 5 11 5 8 9 9 6 10 10 12 6 10 7 12 9 6 11 8 8 6 6 4 8 9 4 7 9 11 7 5 3 6 5 3 9 10 8 10 6 9 8 9 6 15 14 9 3 
3 6 4 5 5 3 7 6 6 6 4 5 0 5 4 6 3 4 7 6 6 1 5 5 6 6 3 3 6 6 4 6 5 4 5 7 6 6 5 5 5 3 7 2 4 6 5 5 6 3 8 2 5 4 4 4 5 6 6 5 8 4 3 6 5 5 4 5 7 4 5 5 8 5 5 2 8 5 9 5 3 4 8 1 2 2 6 4 5 7 8 4 5 5 6 5 3 2 5 3 3 3 5 5 5 6 4 5 6 6 8 3 4 7 5 6 4 3 5 5 5 4 3 7 5 5 5 6 8 5 4 3 5 5 5 4 4 5 4 5 7 4 7 4 3 2 2 6 7 3 6 5 7 3 4 4 5 5 6 5 5 7 4 5 4 1 8 4 4 6 5 7 5 3 7 0 3 5 4 2 7 4 4 5 4 5 3 7 2 5 5 2 6 8 8 7 5 5 4 3 
15 10 14 14 10 13 12 15 20 7 13 6 10 12 7 9 8 18 9 9 11 14 9 11 8 11 7 6 12 8 12 12 13 9 12 10 10 15 7 13 14 3 8 11 12 7 10 13 14 9 10 13 10 17 10 15 10 11 4 8 15 13 8 12 9 11 18 10 10 9 13 12 6 6 9 12 10 17 15 14 17 12 12 8 12 15 7 9 10 11 11 19 5 10 10 11 8 15 17 10 10 11 7 9 11 12 12 13 13 6 13 8 12 9 7 18 6 14 11 7 12 13 7 11 9 13 14 14 9 10 6 15 8 10 13 9 14 9 6 11 15 11 14 7 6 11 15 7 12 9 12 13 15 15 12 10 12 10 15 10 8 12 11 7 5 3 11 6 14 9 8 14 15 9 7 3 8 11 14 12 13 12 9 12 16 13 9 9 19 11 8 8 7 9 1 6 9 11 16 6 
1 1 1 0 1 1 1 1 1 1 2 1 1 1 1 1 1 1 1 1 1 1 1 2 1 1 2 2 1 1 1 2 1 1 1 1 1 1 1 1 0 1 1 1 1 1 1 1 1 2 1 1 1 1 1 2 1 1 1 1 1 1 1 1 1 1 1 1 1 2 1 1 1 1 1 1 1 1 1 1 1 1 1 2 1 1 1 2 1 1 1 1 1 1 1 1 1 1 1 1 1 1 1 1 1 1 0 1 0 1 1 1 2 1 1 1 1 1 1 1 0 2 2 1 1 1 1 1 1 1 1 1 1 1 1 1 1 1 1 1 1 1 1 1 0 1 2 1 0 1 1 1 1 1 1 1 1 1 1 1 1 1 1 1 1 1 1 1 1 1 1 1 1 1 1 1 1 1 1 1 1 1 1 1 1 1 1 1 1 2 1 1 1 1 1 1 1 1 1 1 
3 3 4 3 4 3 4 2 4 5 6 3 3 3 4 2 3 3 4 4 4 3 4 2 2 5 5 3 5 2 4 5 1 3 4 5 2 4 3 4 4 2 4 3 3 2 2 2 1 5 4 2 2 2 2 1 3 4 4 3 4 2 3 2 3 3 3 4 2 2 2 1 3 4 4 3 4 3 3 4 2 4 2 3 3 5 2 2 4 4 3 3 3 3 3 2 1 3 1 3 4 3 4 3 3 4 3 3 4 2 2 3 2 2 1 2 3 3 5 2 3 2 4 5 2 3 2 3 4 3 3 4 1 3 4 2 4 3 2 1 3 4 3 3 4 2 3 4 3 3 3 4 5 2 3 1 6 3 3 1 5 3 3 2 2 2 3 2 2 2 4 3 3 2 3 2 2 1 5 3 4 3 4 3 2 5 2 3 3 2 4 4 1 2 2 4 3 3 3 3 
9 3 4 11 5 6 4 9 5 11 11 9 9 6 2 7 5 6 8 10 11 6 8 8 8 5 3 6 6 5 9 6 6 9 5 10 8 7 7 8 8 6 7 10 7 7 6 11 10 11 5 8 6 9 4 8 8 6 5 11 7 11 6 8 5 8 8 7 7 7 5 7 5 7 7 8 10 7 7 9 4 7 5 7 7 4 8 13 7 7 5 7 1 8 9 10 9 6 5 9 6 4 6 6 4 4 9 9 3 7 8 6 5 4 5 4 9 10 9 9 7 13 6 5 9 5 5 8 8 4 5 7 10 8 6 7 3 8 5 8 6 7 6 6 8 9 4 4 8 1 4 7 4 6 6 7 8 12 4 5 2 3 9 7 8 6 10 10 10 6 8 9 8 7 4 5 9 4 5 5 7 4 4 4 9 10 11 6 9 9 12 7 5 9 9 4 4 9 6 7 
5 6 5 3 3 5 1 5 2 3 4 2 3 6 6 3 4 5 3 7 7 3 3 3 5 3 5 4 3 6 4 5 4 5 2 1 4 4 6 2 2 3 4 3 5 5 4 5 3 3 5 3 5 4 5 4 6 4 4 0 1 4 4 4 5 4 4 4 5 4 5 5 4 3 3 4 3 5 6 3 5 5 2 3 3 6 7 5 3 4 4 3 4 1 3 4 3 1 2 3 2 6 4 0 4 3 3 4 5 5 3 3 4 5 5 5 2 6 4 3 5 2 5 3 4 4 4 3 2 3 5 6 4 5 6 2 5 5 4 4 5 6 4 3 3 3 5 1 3 3 4 4 4 5 3 6 3 3 3 5 3 4 4 4 5 6 6 3 6 7 6 3 4 6 3 5 5 4 3 5 3 3 4 4 4 4 2 4 4 5 4 4 4 4 5 2 4 5 5 3 
7 5 11 10 16 10 6 11 9 9 9 9 9 9 9 10 3 8 10 13 7 9 7 11 8 10 11 12 6 5 7 9 0 9 8 9 5 7 8 6 13 7 9 6 8 7 11 3 10 5 9 10 10 10 10 6 6 11 7 6 9 4 5 10 9 6 7 7 7 8 9 7 5 4 14 7 5 5 6 9 7 10 6 10 10 6 7 6 8 1 10 5 12 9 12 8 10 14 8 8 9 11 7 5 17 10 9 4 10 9 7 7 7 10 10 7 8 4 11 5 8 9 2 8 9 7 9 6 5 7 7 2 9 8 15 7 7 8 3 6 6 7 4 8 9 9 7 4 3 4 10 11 8 11 10 9 9 8 5 6 8 9 5 15 3 11 7 7 3 6 6 9 9 6 11 3 6 6 6 6 10 10 8 13 7 10 4 9 13 11 9 6 8 8 7 9 10 2 10 6 
3 3 4 4 3 3 5 5 1 4 3 4 4 4 6 4 5 3 5 5 4 3 2 3 1 6 4 2 5 2 4 5 5 5 4 5 5 5 3 3 5 4 2 5 2 3 5 4 5 4 4 6 2 2 5 0 5 3 2 3 3 5 3 1 5 5 3 5 3 2 5 2 4 3 5 5 5 0 3 3 2 2 2 5 3 5 6 5 4 4 6 4 6 2 6 6 2 5 7 4 5 6 3 4 4 3 5 3 4 7 4 2 5 2 5 4 6 6 2 3 4 4 3 2 5 6 4 6 6 3 0 3 6 4 2 2 5 6 4 4 4 5 4 4 3 7 5 4 4 3 2 5 4 5 6 5 2 4 3 3 3 5 5 3 4 6 5 3 1 7 7 4 7 5 2 6 4 7 5 3 4 1 5 4 6 5 3 5 3 2 6 2 2 6 4 5 4 6 5 3 
1 3 3 2 2 2 1 2 2 2 1 3 3 2 2 2 1 2 1 2 2 2 2 2 3 3 2 2 1 2 2 1 2 2 1 2 2 2 2 1 1 1 3 2 3 2 3 2 2 2 1 2 3 3 2 1 2 1 2 2 2 2 2 2 2 1 1 2 3 2 2 2 2 2 3 2 3 2 2 2 3 2 2 3 3 2 2 2 2 2 1 1 0 2 2 3 3 2 2 2 3 3 2 3 3 3 1 2 1 2 1 1 3 2 2 1 2 2 2 1 2 2 2 1 2 2 3 1 3 2 3 2 2 2 2 2 2 2 3 2 3 2 1 1 1 2 3 1 2 3 2 3 2 3 2 1 2 1 1 0 3 1 2 3 3 3 2 1 2 2 3 2 2 2 2 2 2 1 3 2 2 2 4 2 2 1 2 2 3 1 2 2 2 2 2 2 2 1 2 0 
7 16 9 9 13 7 10 13 16 13 12 5 10 7 5 5 8 5 6 10 13 11 5 9 16 4 9 10 8 10 10 13 13 7 3 7 7 11 10 8 10 7 10 7 15 7 6 13 7 14 11 7 7 13 12 6 6 5 10 8 16 10 4 9 12 12 13 15 10 9 12 5 4 7 11 6 7 10 16 4 14 12 12 13 15 16 11 8 7 11 11 4 16 8 8 17 10 10 13 13 9 13 17 8 12 9 12 8 16 16 6 10 13 14 11 7 6 15 10 16 15 3 11 2 10 9 14 11 6 10 13 11 7 5 12 12 9 7 8 8 12 7 13 11 10 11 10 16 15 9 8 10 8 9 9 7 14 11 12 10 6 7 12 10 11 14 9 7 7 10 10 9 6 10 11 9 6 5 8 7 13 11 12 11 12 11 11 6 7 6 3 7 7 18 8 11 15 11 19 13 
1 1 1 1 1 1 1 1 1 1 1 1 1 1 1 1 1 2 1 1 1 1 2 1 1 1 1 1 1 1 1 1 1 1 1 1 2 2 1 1 1 1 1 1 1 1 1 1 0 2 1 1 1 1 1 1 1 1 1 1 1 1 1 0 0 1 1 1 1 0 1 1 1 1 1 1 1 1 1 1 0 1 1 1 1 1 1 1 1 0 1 1 1 1 0 2 1 1 1 1 1 1 2 1 1 1 1 1 1 1 1 2 1 1 1 1 1 1 1 1 1 1 2 1 1 0 1 1 0 1 1 0 1 1 1 1 1 1 1 1 1 1 1 1 1 1 1 1 0 2 0 2 0 1 1 1 1 1 1 1 1 1 1 1 1 1 1 1 0 2 1 1 1 1 1 0 1 1 1 1 1 1 1 1 1 1 1 1 1 1 1 1 1 1 1 1 1 1 1 1 
7 6 13 8 7 13 11 12 12 7 17 6 12 15 16 12 4 8 13 8 8 10 6 8 9 7 12 11 9 4 4 8 6 8 11 9 9 9 9 5 10 9 13 5 14 7 9 17 10 7 9 9 8 16 7 6 7 10 11 11 7 5 8 7 10 13 7 7 10 13 5 10 16 11 6 13 11 11 6 10 7 10 4 12 14 4 7 13 10 11 16 4 15 9 9 5 6 11 8 13 10 10 5 12 8 10 14 5 6 10 11 0 2 9 9 9 8 6 16 6 9 4 9 8 9 7 10 8 10 14 14 10 8 2 12 9 9 13 11 7 4 6 11 14 11 7 17 11 12 9 9 8 9 7 5 16 10 8 12 12 12 5 6 11 3 8 10 9 16 6 8 7 4 13 13 5 9 9 9 13 9 5 9 4 2 14 9 10 6 14 5 12 9 7 10 3 8 11 8 11 
6 2 2 2 3 4 3 4 2 3 1 2 4 2 3 4 5 4 4 3 2 3 2 4 1 5 1 2 4 3 4 3 3 3 3 3 2 4 2 2 2 3 3 3 3 1 3 3 4 3 3 3 4 2 4 5 2 4 1 4 3 5 2 4 3 3 3 5 4 3 2 4 2 4 2 1 3 4 3 5 3 2 4 3 3 3 3 3 3 1 4 1 3 2 3 4 2 4 3 3 3 5 3 4 3 4 3 3 4 4 3 3 2 3 4 2 4 2 3 4 2 3 4 1 3 5 3 4 2 5 3 3 4 2 3 3 3 3 4 3 2 3 1 4 4 2 3 4 3 2 4 3 3 3 4 3 3 3 3 3 2 2 4 3 3 2 4 3 3 3 2 3 4 3 2 2 1 3 3 2 2 5 2 3 3 3 2 3 3 3 3 3 4 4 2 2 4 4 2 3 
11 9 10 12 8 8 12 8 15 11 10 7 5 6 3 9 4 12 14 10 5 13 7 12 9 8 9 9 7 7 6 11 10 14 9 10 10 13 9 11 9 8 5 10 7 11 9 5 6 9 10 7 6 9 8 7 9 5 13 6 11 7 6 2 6 14 16 6 7 3 3 8 7 8 11 9 13 8 9 11 9 14 9 4 7 11 12 10 8 8 8 7 8 6 15 12 8 9 11 1 9 11 11 9 9 9 7 9 9 10 8 8 2 2 13 10 9 8 7 11 9 12 11 14 11 9 11 15 6 13 6 9 7 12 7 5 8 7 5 6 6 11 6 10 6 11 8 7 4 6 7 8 10 9 1 15 10 10 11 3 15 10 8 7 7 6 12 10 10 7 13 6 11 7 13 9 15 8 12 6 10 8 11 5 11 8 13 12 12 13 12 13 6 7 12 11 8 10 8 9 
