NAME  : Jabali_60_3_0.85_1_2
TYPE : SVRP
MODEL : FINITE_SUPPORT
NUMBER_OF_SCENARIOS : 200
DIMENSION : 60
EDGE_WEIGHT_TYPE : MATRIX
CAPACITY : 114
N_VEHICLES : 3
NODE_COORD_SECTION
1 4239 498
2 6011 840
3 1877 469
4 2320 3620
5 3681 3518
6 5414 1400
7 5898 4237
8 6757 1571
9 8597 55
10 6555 1118
11 3494 1750
12 5341 3457
13 5873 2546
14 4930 338
15 7796 1229
16 2530 618
17 7437 18
18 1102 2406
19 27 964
20 4318 1890
21 2118 1856
22 6093 184
23 5584 3207
24 6801 2038
25 7481 3043
26 3816 1898
27 6303 2179
28 5950 4832
29 5774 964
30 3154 2476
31 8007 611
32 6849 114
33 4556 792
34 1600 878
35 2912 416
36 4611 5553
37 4672 3607
38 2978 866
39 808 2145
40 4702 1644
41 9677 1540
42 3351 3501
43 5225 1505
44 7414 1348
45 6987 641
46 8164 1395
47 8294 1342
48 683 2414
49 3139 3351
50 6149 5524
51 3909 2071
52 8250 2234
53 6413 4904
54 9767 745
55 5550 551
56 7764 264
57 8420 2476
58 5803 4469
59 4347 3533
60 7382 2556
DEMAND_SECTION
1 0.0
2 10.0
3 2.0
4 3.0
5 4.0
6 6.0
7 2.0
8 8.0
9 6.0
10 2.0
11 9.0
12 6.0
13 2.0
14 5.0
15 9.0
16 9.0
17 7.0
18 6.0
19 9.0
20 9.0
21 5.0
22 4.0
23 6.0
24 5.0
25 2.0
26 1.0
27 2.0
28 1.0
29 2.0
30 1.0
31 3.0
32 3.0
33 1.0
34 1.0
35 8.0
36 1.0
37 6.0
38 8.0
39 9.0
40 7.0
41 8.0
42 9.0
43 6.0
44 2.0
45 3.0
46 4.0
47 1.0
48 1.0
49 3.0
50 2.0
51 7.0
52 9.0
53 3.0
54 6.0
55 10.0
56 2.0
57 4.0
58 7.0
59 8.0
60 6.0
DEVIATION_SECTION
1 0.0
2 3.33333
3 0.666667
4 1.0
5 1.33333
6 2.0
7 0.666667
8 2.66667
9 2.0
10 0.666667
11 3.0
12 2.0
13 0.666667
14 1.66667
15 3.0
16 3.0
17 2.33333
18 2.0
19 3.0
20 3.0
21 1.66667
22 1.33333
23 2.0
24 1.66667
25 0.666667
26 0.333333
27 0.666667
28 0.333333
29 0.666667
30 0.333333
31 1.0
32 1.0
33 0.333333
34 0.333333
35 2.66667
36 0.333333
37 2.0
38 2.66667
39 3.0
40 2.33333
41 2.66667
42 3.0
43 2.0
44 0.666667
45 1.0
46 1.33333
47 0.333333
48 0.333333
49 1.0
50 0.666667
51 2.33333
52 3.0
53 1.0
54 2.0
55 3.33333
56 0.666667
57 1.33333
58 2.33333
59 2.66667
60 2.0
DISTANCE_MATRIX
0.0 25.8229 36.6155 46.5725 39.4307 21.095 51.7187 34.0588 57.9763 29.6142 20.2485 39.4746 36.0555 9.48683 46.3249 23.6155 44.8193 48.2217 57.6717 20.6155 32.249 38.7661 38.0459 37.1214 50.9788 23.0217 32.7567 57.2698 20.0998 26.8167 48.3349 37.8644 6.0 35.8024 19.2788 64.4625 41.8828 17.8661 51.0521 18.3848 68.9732 39.3238 20.0 41.7732 35.3775 51.1957 52.1728 52.7293 40.2492 67.7562 20.8087 51.9308 60.6733 71.1656 19.9851 47.0824 54.48 52.9276 41.1422 45.5473 
25.8229 0.0 62.1568 57.8705 66.3126 10.0499 40.0594 30.2343 32.45 24.3523 34.4384 54.2493 19.799 24.2703 34.7851 49.3662 19.6977 67.424 83.4224 25.7099 51.8652 10.0 27.7308 36.0555 26.8479 32.28 37.6746 67.7972 30.2343 52.4305 32.0624 14.0357 20.1618 61.5531 45.0295 59.9333 59.2264 43.6168 68.6003 19.6469 43.4166 69.5118 12.1655 32.2025 21.1896 39.5601 40.5216 71.0211 48.1664 55.8207 30.6757 27.4591 48.6091 45.3431 7.28011 21.4009 30.2655 64.5143 38.4824 21.4164 
36.6155 62.1568 0.0 56.0357 28.0 57.6987 83.6502 60.6744 91.4221 58.6042 44.0741 45.1221 72.6667 43.0465 74.6822 18.2483 79.2073 34.4819 29.2746 54.8483 32.45 70.1785 80.031 59.5309 87.4438 49.6568 53.1877 59.0 49.1109 21.0238 79.0543 72.0044 42.6155 8.60233 19.105 86.977 38.3275 26.0192 39.9625 54.8051 105.307 25.0799 56.6155 69.7115 66.7569 78.6294 79.3298 39.3573 56.8595 96.178 49.4467 88.474 92.9585 107.446 56.319 84.0458 91.0871 55.0364 64.7836 82.0123 
46.5725 57.8705 56.0357 0.0 75.6042 47.8539 42.2019 79.6304 88.5528 74.2428 26.4764 85.359 49.6321 54.7449 90.0056 40.3113 77.1298 29.0689 50.0899 32.249 23.6008 63.0317 38.8938 83.3607 58.9574 26.0192 79.3095 102.498 65.7647 63.0079 89.3588 71.8471 45.3982 48.0208 43.4166 36.1248 81.2797 36.9873 25.0799 38.3275 91.9954 74.5185 45.7056 86.093 77.0584 95.0053 96.0052 28.1603 10.8167 50.9215 28.0 72.8851 50.1199 98.5447 55.0818 77.4919 73.2157 98.0461 24.8395 69.7977 
39.4307 66.3126 28.0 75.6042 0.0 60.4848 91.1158 40.7063 78.0987 42.6856 57.9017 18.868 75.4692 44.332 54.0833 35.8469 66.5143 60.4401 57.1402 59.4525 53.3385 57.5044 77.4429 38.0132 88.6312 61.2702 31.9061 31.0 38.5637 12.7279 61.2944 59.3302 45.4307 35.3553 32.2025 102.955 11.1803 38.9487 65.4599 57.6204 96.6557 3.60555 59.4307 49.3964 52.1402 57.0088 57.6281 65.521 74.0064 107.153 59.1023 86.6124 100.07 94.3405 62.7404 71.3717 89.7698 27.074 79.6343 83.1997 
21.095 10.0499 57.6987 47.8539 60.4848 0.0 33.3017 38.7772 41.5933 32.8952 25.2389 54.6624 15.5242 19.872 44.1475 44.6987 29.4109 58.8982 74.7409 15.8114 43.2782 17.4642 19.8494 44.5984 31.0651 22.4722 43.7253 72.0236 28.7785 47.8707 42.0119 24.0832 15.1327 56.8856 40.362 51.6236 57.0938 38.9493 59.6406 9.84886 49.8197 60.3778 2.23607 41.1096 30.5941 49.0306 50.01 62.2013 38.1182 49.2037 21.0238 31.9532 41.9922 53.1507 10.0 30.4138 34.5663 67.8516 29.4147 25.6336 
51.7187 40.0594 83.6502 42.2019 91.1158 33.3017 0.0 70.2916 59.3043 64.4096 42.5968 86.7726 21.2611 51.9546 74.2107 66.0208 52.7441 67.0671 87.009 39.1287 54.6125 49.6847 13.8924 76.1128 24.0832 37.4722 75.8355 104.134 60.8887 78.5017 69.9121 51.9665 45.8172 77.0624 70.9638 22.0907 89.204 61.9368 64.8845 34.9448 54.8179 91.0088 32.8024 72.0749 60.8063 78.7499 79.6656 68.0294 32.249 16.1245 39.5016 37.1214 10.0499 62.8013 43.1393 50.2195 36.4966 99.9618 18.9737 28.6356 
34.0588 30.2343 60.6744 79.6304 40.7063 38.7772 70.2916 0.0 38.3275 6.40312 53.2353 26.1725 49.8496 25.02 14.2127 53.1413 28.2843 79.3095 85.8836 49.0408 65.6227 21.4261 57.8574 5.83095 52.494 54.1295 9.21954 37.9473 14.0 40.7159 20.5913 22.4722 34.2345 62.3245 48.1041 90.0333 32.28 49.0306 82.3772 43.7533 58.0086 43.9151 40.3668 9.21954 13.1529 18.3576 19.2354 83.9524 71.8053 86.0529 51.9711 49.98 78.8413 54.5894 29.4692 33.3766 53.1413 34.9285 69.794 47.0625 
57.9763 32.45 91.4221 88.5528 78.0987 41.5933 59.3043 38.3275 0.0 35.4401 66.7308 64.4981 41.1947 50.5877 29.6142 81.5196 13.4536 99.8767 115.576 57.2713 84.3149 33.4215 52.345 43.0465 35.2278 63.9766 47.5184 74.3303 42.6696 80.177 20.6155 21.4009 52.3152 92.833 77.1829 81.3941 70.406 75.7701 101.02 51.4296 20.8806 81.2979 43.8292 32.0624 25.9615 31.0161 31.3847 103.465 78.2979 69.9214 62.6099 23.7697 62.0967 16.2788 38.2884 11.1803 25.9422 72.0625 66.0984 31.0 
29.6142 24.3523 58.6042 74.2428 42.6856 32.8952 64.4096 6.40312 35.4401 0.0 48.0104 30.0666 43.9676 20.2237 16.7631 50.0899 24.0208 75.5844 83.5284 43.1758 61.821 15.5441 51.9754 12.0416 46.6709 48.5077 13.3417 43.4626 9.84886 42.6856 20.5183 17.2627 29.0 60.2163 45.1774 84.1513 35.2278 45.2217 78.4165 37.8637 54.1479 45.8848 34.4848 12.1655 9.48683 21.587 22.561 80.0937 66.0984 80.1709 46.3897 44.643 72.9593 51.6624 23.5872 29.0 47.8017 40.1622 63.9044 41.2394 
20.2485 34.4384 44.0741 26.4764 57.9017 25.2389 42.5968 53.2353 66.7308 48.0104 0.0 59.3949 34.6111 28.2843 64.1249 26.4447 54.1295 33.9411 50.5371 10.8167 18.4391 37.6938 36.1587 56.8859 55.6483 6.0 52.8867 77.1901 39.3192 44.2744 64.3342 47.7598 19.0263 37.4862 28.8721 47.0106 62.6489 22.3607 34.4093 15.6205 74.2855 56.585 23.0217 60.0083 51.7158 69.1158 70.1142 37.0135 20.2485 55.1246 5.38516 56.258 51.9051 78.2432 30.0832 55.5698 59.1495 72.8479 23.7302 50.2168 
39.4746 54.2493 45.1221 85.359 18.868 54.6624 86.7726 26.1725 64.4981 30.0666 59.3949 0.0 70.1223 34.8281 37.6962 47.676 54.0093 74.3303 74.3303 59.5484 64.2956 45.4411 73.0998 21.8403 76.5678 62.4954 17.0294 18.0278 28.2312 25.02 45.8803 47.2652 43.1878 51.2445 42.9535 103.775 7.81025 48.1401 78.7718 55.9017 84.0238 22.4722 54.151 33.5261 39.0128 39.8246 40.3113 79.404 79.5939 102.81 60.2789 74.5491 95.7269 80.7527 53.2228 59.0339 77.7065 13.6015 80.455 71.1364 
36.0555 19.799 72.6667 49.6321 75.4692 15.5242 21.2611 49.8496 41.1947 43.9676 34.6111 70.1223 0.0 35.332 53.2353 60.854 32.5576 68.4953 84.7534 23.9083 53.0492 29.7321 11.1803 55.6708 25.375 30.3897 57.2899 87.4125 44.2384 62.8551 48.7032 30.8707 30.0666 71.8955 55.3301 41.7925 72.5537 56.77 68.565 19.7243 58.413 75.3623 16.1245 51.3128 39.9625 57.6975 58.6003 71.3218 38.8613 37.0224 29.5651 39.3028 29.8108 49.2648 24.1868 31.0161 39.6334 83.3116 25.2982 20.5179 
9.48683 24.2703 43.0465 54.7449 44.332 19.872 51.9546 25.02 50.5877 20.2237 28.2843 34.8281 35.332 0.0 36.8782 31.4006 38.3729 56.0383 65.437 25.5539 41.6033 29.3442 38.2818 28.6356 49.4901 29.7321 25.0799 52.3259 11.0454 31.8404 38.9102 31.17 9.48683 43.1856 26.9072 69.9723 37.2458 25.6827 58.8687 21.2603 67.4205 44.3476 19.3607 32.3883 25.9556 41.7732 42.7551 60.5459 47.4342 68.0197 27.5136 50.3781 60.9365 69.6129 18.4324 45.5298 52.9913 48.1041 46.652 44.0586 
46.3249 34.7851 74.6822 90.0056 54.0833 44.1475 74.2107 14.2127 29.6142 16.7631 64.1249 37.6962 53.2353 36.8782 0.0 66.7083 24.2074 92.3472 99.8499 58.2151 78.4682 27.1662 62.3939 16.1245 52.6855 64.0346 22.2036 45.0111 26.5707 54.3299 9.05539 22.4722 45.2769 76.3323 61.7414 94.541 44.7214 61.9839 95.1795 52.345 50.448 57.4282 45.8912 5.0 13.6015 5.0 6.0 96.8568 81.3019 88.3984 62.0081 47.2017 80.3396 45.0999 35.2278 28.8444 50.2195 43.1045 73.1644 47.254 
23.6155 49.3662 18.2483 40.3113 35.8469 44.6987 66.0208 53.1413 81.5196 50.0899 26.4447 47.676 60.854 31.4006 66.7083 0.0 68.3625 27.0185 34.0588 37.2188 17.4929 60.722 62.4016 54.5711 74.4438 32.0274 48.8365 64.56 40.2492 23.7697 69.9714 62.5478 29.6155 13.6015 5.09902 69.3476 43.0116 8.24621 31.1448 41.5131 92.5165 34.4093 43.6155 61.8466 57.1402 71.3092 72.2357 32.0 39.4511 78.5486 31.8173 75.4741 75.3291 94.7088 43.5284 70.6257 78.0872 60.1664 47.1542 69.0123 
44.8193 19.6977 79.2073 77.1298 66.5143 29.4109 52.7441 28.2843 13.4536 24.0208 54.1295 54.0093 32.5576 38.3729 24.2074 68.3625 0.0 86.8859 102.419 45.2217 71.3442 20.0 43.1856 33.7343 29.5296 51.8652 37.054 65.9697 30.4548 67.9622 17.2047 8.06226 39.1582 79.4606 64.0258 74.3462 59.2115 62.6131 88.193 39.2173 30.1496 69.7135 31.6228 24.5967 15.1327 27.5862 28.3196 90.5539 67.082 65.2993 50.3289 23.0217 57.2451 28.6356 25.0 5.09902 26.0768 63.1506 56.0357 24.1661 
48.2217 67.424 34.4819 29.0689 60.4401 58.8982 67.0671 79.3095 99.8767 75.5844 33.9411 74.3303 68.4953 56.0383 92.3472 27.0185 86.8859 0.0 21.0238 44.5982 15.6205 69.6205 62.0911 81.2158 89.5325 38.4187 75.6637 90.6091 65.8027 49.6488 94.8704 79.9828 49.2329 25.9422 32.0624 65.0077 69.0507 30.3645 5.65685 49.5177 108.224 58.1893 56.7274 87.6413 81.9395 97.1236 98.0816 5.09902 35.6931 78.4474 38.9487 90.4206 76.243 112.045 62.1035 88.8144 93.0337 86.3134 48.1041 84.101 
57.6717 83.4224 29.2746 50.0899 57.1402 74.7409 87.009 85.8836 115.576 83.5284 50.5371 74.3303 84.7534 65.437 99.8499 34.0588 102.419 21.0238 0.0 61.2944 32.8938 94.7782 82.0297 86.6304 105.984 55.9464 80.6546 88.0909 73.7835 49.7293 103.73 96.604 63.6717 23.7697 38.6005 86.0 67.6018 41.0366 25.4951 65.6061 124.316 54.037 72.5989 94.8947 91.022 104.235 105.119 22.8035 56.3205 98.9949 55.9017 106.289 96.3172 128.765 77.5846 104.682 108.902 84.214 68.1424 99.9693 
20.6155 25.7099 54.8483 32.249 59.4525 15.8114 39.1287 49.0408 57.2713 43.1758 10.8167 59.5484 23.9083 25.5539 58.2151 37.2188 45.2217 44.5982 61.2944 0.0 29.2062 31.0644 25.4558 53.4883 44.9455 6.7082 50.5371 77.3369 35.8469 46.8384 57.1402 39.6232 16.4012 48.2604 39.3005 44.4187 61.9567 33.1348 44.6878 6.08276 63.7909 59.3455 13.6015 54.7024 45.0111 63.1981 64.195 47.4236 23.0868 55.1661 5.65685 45.8336 48.0833 68.0074 23.0217 46.0977 48.4467 73.0 21.0984 39.514 
32.249 51.8652 32.45 23.6008 53.3385 43.2782 54.6125 65.6227 84.3149 61.821 18.4391 64.2956 53.0492 41.6033 78.4682 17.4929 71.3442 15.6205 32.8938 29.2062 0.0 54.0819 49.6332 68.1175 74.0864 23.3238 63.0 81.5966 51.8725 41.1461 80.0107 64.4438 33.6943 24.5967 21.5407 56.0892 60.1664 17.0294 17.088 33.9411 92.6686 51.8652 41.1096 73.707 67.0533 83.3749 84.3577 19.2354 25.4951 67.0671 23.6008 74.6412 63.9208 96.4261 46.5645 73.2393 77.5876 77.1622 35.7459 68.6549 
38.7661 10.0 70.1785 63.0317 57.5044 17.4642 49.6847 21.4261 33.4215 15.5441 37.6938 45.4411 29.7321 29.3442 27.1662 60.722 20.0 69.6205 94.7782 31.0644 54.0819 0.0 36.8917 27.2473 35.332 37.0135 28.8664 58.989 21.4261 58.9335 26.6833 12.0416 21.8409 71.5894 55.835 68.9638 50.4182 54.9725 71.0995 25.1794 48.3839 60.7036 18.9737 23.7798 14.0357 32.1403 33.1361 73.3143 54.1479 65.4459 35.0571 35.0143 58.2343 48.3735 8.06226 23.7065 38.0526 55.7061 46.8004 29.9005 
38.0459 27.7308 80.031 38.8938 77.4429 19.8494 13.8924 57.8574 52.345 51.9754 36.1587 73.0998 11.1803 38.2818 62.3939 62.4016 43.1856 62.0911 82.0297 25.4558 49.6332 36.8917 0.0 63.6786 20.6276 31.9373 62.1626 90.461 47.2158 64.8288 58.6941 40.5216 32.1444 73.4431 57.291 32.2025 75.5311 58.3176 59.9781 21.2719 53.6656 77.336 19.105 59.9333 48.8467 67.0671 68.0074 63.1108 28.123 30.0167 31.1127 34.5554 23.4094 60.4453 29.8329 42.0119 34.8859 86.289 14.3178 31.6911 
37.1214 36.0555 59.5309 83.3607 38.0132 44.5984 76.1128 5.83095 43.0465 12.0416 56.8859 21.8403 55.6708 28.6356 16.1245 54.5711 33.7343 81.2158 86.6304 53.4883 68.1175 27.2473 63.6786 0.0 58.3245 58.2409 6.40312 32.28 17.72 38.5094 24.0416 28.2312 38.0789 63.0711 49.4773 96.3451 28.6356 51.2445 84.5931 48.3421 63.1269 41.4005 45.7058 11.7047 18.6815 19.105 19.799 85.9884 75.9605 91.8741 56.0446 55.7136 84.6625 59.2115 35.2904 38.833 58.8727 29.4279 74.3828 52.8931 
50.9788 26.8479 87.4438 58.9574 88.6312 31.0651 24.0832 52.494 35.2278 46.6709 55.6483 76.5678 25.375 49.4901 52.6855 74.4438 29.5296 89.5325 105.984 44.9455 74.0864 35.332 20.6276 58.3245 0.0 51.427 59.9932 90.1158 52.5529 77.1761 46.6476 30.6661 45.3565 86.6307 70.1071 46.1736 81.545 77.8072 89.6023 39.8167 33.121 89.6832 33.0203 51.8532 40.6495 56.6127 57.4282 92.3591 48.1866 35.7771 50.6024 13.9284 27.7308 39.8497 34.0115 26.5707 14.4222 86.8329 34.1833 5.65685 
23.0217 32.28 49.6568 26.0192 61.2702 22.4722 37.4722 54.1295 63.9766 48.5077 6.0 62.4954 30.3897 29.7321 64.0346 32.0274 51.8652 38.4187 55.9464 6.7082 23.3238 37.0135 31.9373 58.2409 51.427 0.0 54.7814 80.2906 40.5216 48.6561 63.3877 46.0977 20.2485 43.0689 34.4549 41.9258 64.9036 27.9434 38.2099 12.6491 70.3424 59.9536 20.2485 60.208 51.0392 69.0326 70.0317 41.0122 17.72 50.0 2.23607 52.315 46.7805 74.6324 29.0689 52.8015 54.9281 75.9484 18.6056 45.9955 
32.7567 37.6746 53.1877 79.3095 31.9061 43.7253 75.8355 9.21954 47.5184 13.3417 52.8867 17.0294 57.2899 25.0799 22.2036 48.8365 37.054 75.6637 80.6546 50.5371 63.0 28.8664 62.1626 6.40312 59.9932 54.7814 0.0 30.4138 15.0 32.1662 29.5466 30.5941 34.5398 57.0953 43.7379 93.8532 23.0868 46.0109 79.2275 45.793 67.0075 35.2278 43.2139 17.4929 22.0 25.4558 26.1725 80.5047 72.45 93.4932 52.5547 57.9741 86.2816 63.7887 42.2856 42.107 61.131 26.9258 71.6056 54.5617 
57.2698 67.7972 59.0 102.498 31.0 72.0236 104.134 37.9473 74.3303 43.4626 77.1901 18.0278 87.4125 52.3259 45.0111 64.56 65.9697 90.6091 88.0909 77.3369 81.5966 58.989 90.461 32.28 90.1158 80.2906 30.4138 0.0 44.4072 41.0 54.037 60.407 60.959 66.1891 60.0833 121.567 21.587 65.5209 95.3415 73.5527 94.8947 34.0588 71.5122 42.2966 50.9608 45.1774 45.2769 95.7079 97.3891 120.171 78.0741 87.9204 113.088 90.0888 70.584 71.0634 91.0824 4.47214 98.247 84.6843 
20.0998 30.2343 49.1109 65.7647 38.5637 28.7785 60.8887 14.0 42.6696 9.84886 39.3192 28.2312 44.2384 11.0454 26.5707 40.2492 30.4548 65.8027 73.7835 35.8469 51.8725 21.4261 47.2158 17.72 52.5529 40.5216 15.0 44.4072 0.0 37.7239 30.0 23.2519 20.3961 50.6063 35.3553 78.9064 31.4775 35.4401 68.6676 30.8869 60.5801 41.7629 28.2671 21.8403 17.6918 31.3209 32.28 70.342 58.2409 76.9261 38.3275 50.5341 69.8429 58.6931 27.3389 35.2933 53.6915 40.4969 56.8315 47.1214 
26.8167 52.4305 21.0238 63.0079 12.7279 47.8707 78.5017 40.7159 80.177 42.6856 44.2744 25.02 62.8551 31.8404 54.3299 23.7697 67.9622 49.6488 49.7293 46.8384 41.1461 58.9335 64.8288 38.5094 77.1761 48.6561 32.1662 41.0 37.7239 0.0 61.3071 60.7593 32.8167 26.3059 19.7231 90.3405 19.4165 26.2488 54.3415 45.0063 95.5808 12.53 46.8167 49.5355 55.37 57.6079 58.3084 54.7449 61.3889 94.5391 46.4882 78.5384 87.4563 96.2005 46.5927 72.8007 81.1515 36.6742 67.0202 72.2189 
48.3349 32.0624 79.0543 89.3588 61.2944 42.0119 69.9121 20.5913 20.6155 20.5183 64.3342 45.8803 48.7032 38.9102 9.05539 69.9714 17.2047 94.8704 103.73 57.1402 80.0107 26.6833 58.6941 24.0416 46.6476 63.3877 29.5466 54.037 30.0 61.3071 0.0 18.2483 46.4469 80.604 65.192 90.4434 52.5547 64.5148 97.0283 51.0882 41.4849 64.5063 44.0 12.3693 13.0 10.8167 11.4018 99.2431 80.025 82.3765 61.5224 39.6232 74.3177 36.0555 34.3657 21.2132 42.5206 52.0384 70.4557 41.2321 
37.8644 14.0357 72.0044 71.8471 59.3302 24.0832 51.9665 22.4722 21.4009 17.2627 47.7598 47.2652 30.8707 31.17 22.4722 62.5478 8.06226 79.9828 96.604 39.6232 64.4438 12.0416 40.5216 28.2312 30.6661 46.0977 30.5941 60.407 23.2519 60.7593 18.2483 0.0 32.2033 73.4152 57.6608 72.45 52.0941 56.7983 81.3941 33.541 37.6563 62.5294 26.1725 21.2132 10.0 26.8328 27.7308 83.6759 62.2013 66.379 44.3847 27.5136 58.3202 36.6742 17.8885 12.3693 30.6757 57.28 52.2398 25.2346 
6.0 20.1618 42.6155 45.3982 45.4307 15.1327 45.8172 34.2345 52.3152 29.0 19.0263 43.1878 30.0666 9.48683 45.2769 29.6155 39.1582 49.2329 63.6717 16.4012 33.6943 21.8409 32.1444 38.0789 45.3565 20.2485 34.5398 60.959 20.3961 32.8167 46.4469 32.2033 0.0 41.8024 25.2788 60.7637 45.596 23.8661 50.7119 13.0384 63.2851 45.3238 14.0 41.0488 33.4896 50.2494 51.2445 52.9267 37.9473 61.8547 18.0278 46.2445 54.7718 65.5045 14.324 41.4213 48.8577 56.6392 37.4434 39.925 
35.8024 61.5531 8.60233 48.0208 35.3553 56.8856 77.0624 62.3245 92.833 60.2163 37.4862 51.2445 71.8955 43.1856 76.3323 13.6015 79.4606 25.9422 23.7697 48.2604 24.5967 71.5894 73.4431 63.0711 86.6307 43.0689 57.0953 66.1891 50.6063 26.3059 80.604 73.4152 41.8024 0.0 16.6433 80.0812 45.0 21.8403 31.3847 52.5547 104.703 32.7567 55.8024 71.3616 68.1175 80.678 81.5599 30.8707 49.6488 89.5902 42.8588 87.661 86.3707 106.896 55.7153 82.8126 90.2741 62.0725 58.1957 81.1992 
19.2788 45.0295 19.105 43.4166 32.2025 40.362 70.9638 48.1041 77.1829 45.1774 28.8721 42.9535 55.3301 26.9072 61.7414 5.09902 64.0258 32.0624 38.6005 39.3005 21.5407 55.835 57.291 49.4773 70.1071 34.4549 43.7379 60.0833 35.3553 19.7231 65.192 57.6608 25.2788 16.6433 0.0 71.7751 38.6264 7.61577 36.0555 37.4684 88.1798 31.1448 39.2788 56.8595 52.4309 66.3099 67.2309 37.0135 41.8786 80.9761 34.2448 71.1374 79.9184 90.3721 39.1917 66.289 73.7505 55.6597 49.5816 64.6756 
64.4625 59.9333 86.977 36.1248 102.955 51.6236 22.0907 90.0333 81.3941 84.1513 47.0106 103.775 41.7925 69.9723 94.541 69.3476 74.3462 65.0077 86.0 44.4187 56.0892 68.9638 32.2025 96.3451 46.1736 41.9258 93.8532 121.567 78.9064 90.3405 90.4434 72.45 60.7637 80.0812 71.7751 0.0 106.184 65.2636 61.2046 52.9625 75.9539 101.638 50.8216 92.1358 81.0247 99.1615 100.09 64.2806 30.5941 18.4391 43.9552 59.0085 22.4722 84.3801 61.6231 72.1803 58.1378 117.198 25.6125 50.636 
41.8828 59.2264 38.3275 81.2797 11.1803 57.0938 89.204 32.28 70.406 35.2278 62.6489 7.81025 72.5537 37.2458 44.7214 43.0116 59.2115 69.0507 67.6018 61.9567 60.1664 50.4182 75.5311 28.6356 81.545 64.9036 23.0868 21.587 31.4775 19.4165 52.5547 52.0941 45.596 45.0 38.6264 106.184 0.0 44.3025 73.7564 58.3153 89.3588 14.7648 56.5824 40.3113 44.5533 47.1699 47.7074 74.1485 79.6595 105.241 62.6872 79.3763 98.1583 86.6833 55.6542 64.1249 82.5337 17.2627 82.8633 76.1135 
17.8661 43.6168 26.0192 36.9873 38.9487 38.9493 61.9368 49.0306 75.7701 45.2217 22.3607 48.1401 56.77 25.6827 61.9839 8.24621 62.6131 30.3645 41.0366 33.1348 17.0294 54.9725 58.3176 51.2445 77.8072 27.9434 46.0109 65.5209 35.4401 26.2488 64.5148 56.7983 23.8661 21.8403 7.61577 65.2636 44.3025 0.0 33.3766 37.4291 86.767 38.2099 37.8661 57.28 51.5839 66.7608 67.72 34.9285 35.3671 74.4646 27.7333 69.7246 71.2451 88.9594 37.7789 64.8762 72.3377 61.0689 43.0702 63.2629 
51.0521 68.6003 39.9625 25.0799 65.4599 59.6406 64.8845 82.3772 101.02 78.4165 34.4093 78.7718 68.565 58.8687 95.1795 31.1448 88.193 5.65685 25.4951 44.6878 17.088 71.0995 59.9781 84.5931 89.6023 38.2099 79.2275 95.3415 68.6676 54.3415 97.0283 81.3941 50.7119 31.3847 36.0555 61.2046 73.7564 33.3766 0.0 50.0 108.518 63.3246 57.4282 90.502 84.071 99.9751 100.939 3.16228 32.8938 75.4321 39.0512 90.4903 73.736 112.614 63.5059 89.8888 93.1034 91.0055 46.0652 84.1708 
18.3848 19.6469 54.8051 38.3275 57.6204 9.84886 34.9448 43.7533 51.4296 37.8637 15.6205 55.9017 19.7243 21.2603 52.345 41.5131 39.2173 49.5177 65.6061 6.08276 33.9411 25.1794 21.2719 48.3421 39.8167 12.6491 45.793 73.5527 30.8869 45.0063 51.0882 33.541 13.0384 52.5547 37.4684 52.9625 58.3153 37.4291 50.0 0.0 58.7321 57.5134 7.61577 48.9259 39.0512 57.3149 58.3095 52.6308 29.0172 50.9822 11.1803 40.7047 43.8993 62.6259 17.1172 40.2492 43.3178 69.2965 26.0778 34.3852 
68.9732 43.4166 105.307 91.9954 96.6557 49.8197 54.8179 58.0086 20.8806 54.1479 74.2855 84.0238 58.413 67.4205 50.448 92.5165 30.1496 108.224 124.316 63.7909 92.6686 48.3839 53.6656 63.1269 33.121 70.3424 67.0075 94.8947 60.5801 95.5808 41.4849 37.6563 63.2851 104.703 88.1798 75.9539 89.3588 86.767 108.518 58.7321 0.0 99.8548 51.8556 52.6118 45.0111 51.8652 52.2015 111.275 81.2246 61.0 69.431 19.4165 54.1479 9.84886 50.5371 25.318 18.7883 92.4392 67.2213 32.0156 
39.3238 69.5118 25.0799 74.5185 3.60555 60.3778 91.0088 43.9151 81.2979 45.8848 56.585 22.4722 75.3623 44.3476 57.4282 34.4093 69.7135 58.1893 54.037 59.3455 51.8652 60.7036 77.336 41.4005 89.6832 59.9536 35.2278 34.0588 41.7629 12.53 64.5063 62.5294 45.3238 32.7567 31.1448 101.638 14.7648 38.2099 63.3246 57.5134 99.8548 0.0 59.3238 52.6972 55.3394 60.4401 61.0737 63.2456 73.0232 107.046 57.7857 89.8116 99.9634 97.5397 65.9396 74.5709 92.969 30.2655 79.5273 84.726 
20.0 12.1655 56.6155 45.7056 59.4307 2.23607 32.8024 40.3668 43.8292 34.4848 23.0217 54.151 16.1245 19.3607 45.8912 43.6155 31.6228 56.7274 72.5989 13.6015 41.1096 18.9737 19.105 45.7058 33.0203 20.2485 43.2139 71.5122 28.2671 46.8167 44.0 26.1725 14.0 55.8024 39.2788 50.8216 56.5824 37.8661 57.4282 7.61577 51.8556 59.3238 0.0 42.72 32.3883 50.8035 51.788 60.0 36.0555 48.8262 18.7883 33.9083 41.6863 55.3173 11.1803 32.6497 36.5214 67.3403 28.6067 27.5888 
41.7732 32.2025 69.7115 86.093 49.3964 41.1096 72.0749 9.21954 32.0624 12.1655 60.0083 33.5261 51.3128 32.3883 5.0 61.8466 24.5967 87.6413 94.8947 54.7024 73.707 23.7798 59.9333 11.7047 51.8532 60.208 17.4929 42.2966 21.8403 49.5355 12.3693 21.2132 41.0488 71.3616 56.8595 92.1358 40.3113 57.28 90.502 48.9259 52.6118 52.6972 42.72 0.0 11.4018 9.48683 10.4403 92.1792 77.6688 87.5661 58.1378 47.5079 79.5073 48.0104 31.8229 29.5466 50.6063 40.0125 70.3077 46.4217 
35.3775 21.1896 66.7569 77.0584 52.1402 30.5941 60.8063 13.1529 25.9615 9.48683 51.7158 39.0128 39.9625 25.9556 13.6015 57.1402 15.1327 81.9395 91.022 45.0111 67.0533 14.0357 48.8467 18.6815 40.6495 51.0392 22.0 50.9608 17.6918 55.37 13.0 10.0 33.4896 68.1175 52.4309 81.0247 44.5533 51.5839 84.071 39.0512 45.0111 55.3394 32.3883 11.4018 0.0 18.4391 19.4165 86.2858 68.0661 76.3624 49.0918 37.1618 68.3036 42.2019 22.0 20.2237 40.3113 48.0521 59.5667 35.218 
51.1957 39.5601 78.6294 95.0053 57.0088 49.0306 78.7499 18.3576 31.0161 21.587 69.1158 39.8246 57.6975 41.7732 5.0 71.3092 27.5862 97.1236 104.235 63.1981 83.3749 32.1403 67.0671 19.105 56.6127 69.0326 25.4558 45.1774 31.3209 57.6079 10.8167 26.8328 50.2494 80.678 66.3099 99.1615 47.1699 66.7608 99.9751 57.3149 51.8652 60.4401 50.8035 9.48683 18.4391 0.0 1.0 101.652 86.2844 92.3335 67.0075 50.3289 84.2747 45.7056 40.1995 31.8904 53.2635 43.7379 77.9889 51.1891 
52.1728 40.5216 79.3298 96.0052 57.6281 50.01 79.6656 19.2354 31.3847 22.561 70.1142 40.3113 58.6003 42.7551 6.0 72.2357 28.3196 98.0816 105.119 64.195 84.3577 33.1361 68.0074 19.799 57.4282 70.0317 26.1725 45.2769 32.28 58.3084 11.4018 27.7308 51.2445 81.5599 67.2309 100.09 47.7074 67.72 100.939 58.3095 52.2015 61.0737 51.788 10.4403 19.4165 1.0 0.0 102.616 87.2812 93.145 68.0074 50.9902 85.0862 45.8912 41.1947 32.5576 53.9073 43.9318 78.9575 52.0006 
52.7293 71.0211 39.3573 28.1603 65.521 62.2013 68.0294 83.9524 103.465 80.0937 37.0135 79.404 71.3218 60.5459 96.8568 32.0 90.5539 5.09902 22.8035 47.4236 19.2354 73.3143 63.1108 85.9884 92.3591 41.0122 80.5047 95.7079 70.342 54.7449 99.2431 83.6759 52.9267 30.8707 37.0135 64.2806 74.1485 34.9285 3.16228 52.6308 111.275 63.2456 60.0 92.1792 86.2858 101.652 102.616 0.0 36.0555 78.5875 41.7732 93.2471 76.896 115.256 65.7965 92.358 95.8603 91.4112 49.1935 86.9276 
40.2492 48.1664 56.8595 10.8167 74.0064 38.1182 32.249 71.8053 78.2979 66.0984 20.2485 79.5939 38.8613 47.4342 81.3019 39.4511 67.082 35.6931 56.3205 23.0868 25.4951 54.1479 28.123 75.9605 48.1866 17.72 72.45 97.3891 58.2409 61.3889 80.025 62.2013 37.9473 49.6488 41.8786 30.5941 79.6595 35.3671 32.8938 29.0172 81.2246 73.0232 36.0555 77.6688 68.0661 86.2844 87.2812 36.0555 0.0 42.7551 19.9249 62.1143 40.8534 87.7739 46.0977 67.2386 62.4449 93.0469 14.1421 59.0269 
67.7562 55.8207 96.178 50.9215 107.153 49.2037 16.1245 86.0529 69.9214 80.1709 55.1246 102.81 37.0224 68.0197 88.3984 78.5486 65.2993 78.4474 98.9949 55.1661 67.0671 65.4459 30.0167 91.8741 35.7771 50.0 93.4932 120.171 76.9261 94.5391 82.3765 66.379 61.8547 89.5902 80.9761 18.4391 105.241 74.4646 75.4321 50.9822 61.0 107.046 48.8262 87.5661 76.3624 92.3335 93.145 78.5875 42.7551 0.0 52.0294 46.3249 8.06226 70.1142 58.9477 62.2415 44.7214 115.999 32.0624 41.1825 
20.8087 30.6757 49.4467 28.0 59.1023 21.0238 39.5016 51.9711 62.6099 46.3897 5.38516 60.2789 29.5651 27.5136 62.0081 31.8173 50.3289 38.9487 55.9017 5.65685 23.6008 35.0571 31.1127 56.0446 50.6024 2.23607 52.5547 78.0741 38.3275 46.4882 61.5224 44.3847 18.0278 42.8588 34.2448 43.9552 62.6872 27.7333 39.0512 11.1803 69.431 57.7857 18.7883 58.1378 49.0918 67.0075 68.0074 41.7732 19.9249 52.0294 0.0 51.4904 48.8099 73.6003 27.1662 51.4296 54.1035 73.732 20.6349 45.1709 
51.9308 27.4591 88.474 72.8851 86.6124 31.9532 37.1214 49.98 23.7697 44.643 56.258 74.5491 39.3028 50.3781 47.2017 75.4741 23.0217 90.4206 106.289 45.8336 74.6412 35.0143 34.5554 55.7136 13.9284 52.315 57.9741 87.9204 50.5341 78.5384 39.6232 27.5136 46.2445 87.661 71.1374 59.0085 79.3763 69.7246 90.4903 40.7047 19.4165 89.8116 33.9083 47.5079 37.1618 50.3289 50.9902 93.2471 62.1143 46.3249 51.4904 0.0 38.6394 25.9615 34.7131 18.4391 3.16228 84.7703 48.111 12.7279 
60.6733 48.6091 92.9585 50.1199 100.07 41.9922 10.0499 78.8413 62.0967 72.9593 51.9051 95.7269 29.8108 60.9365 80.3396 75.3291 57.2451 76.243 96.3172 48.0833 63.9208 58.2343 23.4094 84.6625 27.7308 46.7805 86.2816 113.088 69.8429 87.4563 74.3177 58.3202 54.7718 86.3707 79.9184 22.4722 98.1583 71.2451 73.736 43.8993 54.1479 99.9634 41.6863 79.5073 68.3036 84.2747 85.0862 76.896 40.8534 8.06226 48.8099 38.6394 0.0 63.0 51.7361 54.231 37.2156 108.916 28.4429 33.121 
71.1656 45.3431 107.446 98.5447 94.3405 53.1507 62.8013 54.5894 16.2788 51.6624 78.2432 80.7527 49.2648 69.6129 45.0999 94.7088 28.6356 112.045 128.765 68.0074 96.4261 48.3735 60.4453 59.2115 39.8497 74.6324 63.7887 90.0888 58.6931 96.2005 36.0555 36.6742 65.5045 106.896 90.3721 84.3801 86.6833 88.9594 112.614 62.6259 9.84886 97.5397 55.3173 48.0104 42.2019 45.7056 45.8912 115.256 87.7739 70.1142 73.6003 25.9615 63.0 0.0 52.0096 24.6982 26.3059 88.0 74.001 37.5766 
19.9851 7.28011 56.319 55.0818 62.7404 10.0 43.1393 29.4692 38.2884 23.5872 30.0832 53.2228 24.1868 18.4324 35.2278 43.5284 25.0 62.1035 77.5846 23.0217 46.5645 8.06226 29.8329 35.2904 34.0115 29.0689 42.2856 70.584 27.3389 46.5927 34.3657 17.8885 14.324 55.7153 39.1917 61.6231 55.6542 37.7789 63.5059 17.1172 50.5371 65.9396 11.1803 31.8229 22.0 40.1995 41.1947 65.7965 46.0977 58.9477 27.1662 34.7131 51.7361 52.0096 0.0 27.5862 37.4833 66.412 42.8993 28.58 
47.0824 21.4009 84.0458 77.4919 71.3717 30.4138 50.2195 33.3766 11.1803 29.0 55.5698 59.0339 31.0161 45.5298 28.8444 70.6257 5.09902 88.8144 104.682 46.0977 73.2393 23.7065 42.0119 38.833 26.5707 52.8015 42.107 71.0634 35.2933 72.8007 21.2132 12.3693 41.4213 82.8126 66.289 72.1803 64.1249 64.8762 89.8888 40.2492 25.318 74.5709 32.6497 29.5466 20.2237 31.8904 32.5576 92.358 67.2386 62.2415 51.4296 18.4391 54.231 24.6982 27.5862 0.0 21.4009 68.2495 55.4437 21.587 
54.48 30.2655 91.0871 73.2157 89.7698 34.5663 36.4966 53.1413 25.9422 47.8017 59.1495 77.7065 39.6334 52.9913 50.2195 78.0872 26.0768 93.0337 108.902 48.4467 77.5876 38.0526 34.8859 58.8727 14.4222 54.9281 61.131 91.0824 53.6915 81.1515 42.5206 30.6757 48.8577 90.2741 73.7505 58.1378 82.5337 72.3377 93.1034 43.3178 18.7883 92.969 36.5214 50.6063 40.3113 53.2635 53.9073 95.8603 62.4449 44.7214 54.1035 3.16228 37.2156 26.3059 37.4833 21.4009 0.0 87.9318 48.4416 14.4222 
52.9276 64.5143 55.0364 98.0461 27.074 67.8516 99.9618 34.9285 72.0625 40.1622 72.8479 13.6015 83.3116 48.1041 43.1045 60.1664 63.1506 86.3134 84.214 73.0 77.1622 55.7061 86.289 29.4279 86.8329 75.9484 26.9258 4.47214 40.4969 36.6742 52.0384 57.28 56.6392 62.0725 55.6597 117.198 17.2627 61.0689 91.0055 69.2965 92.4392 30.2655 67.3403 40.0125 48.0521 43.7379 43.9318 91.4112 93.0469 115.999 73.732 84.7703 108.916 88.0 66.412 68.2495 87.9318 0.0 93.8774 81.4014 
41.1422 38.4824 64.7836 24.8395 79.6343 29.4147 18.9737 69.794 66.0984 63.9044 23.7302 80.455 25.2982 46.652 73.1644 47.1542 56.0357 48.1041 68.1424 21.0984 35.7459 46.8004 14.3178 74.3828 34.1833 18.6056 71.6056 98.247 56.8315 67.0202 70.4557 52.2398 37.4434 58.1957 49.5816 25.6125 82.8633 43.0702 46.0652 26.0778 67.2213 79.5273 28.6067 70.3077 59.5667 77.9889 78.9575 49.1935 14.1421 32.0624 20.6349 48.111 28.4429 74.001 42.8993 55.4437 48.4416 93.8774 0.0 45.6468 
45.5473 21.4164 82.0123 69.7977 83.1997 25.6336 28.6356 47.0625 31.0 41.2394 50.2168 71.1364 20.5179 44.0586 47.254 69.0123 24.1661 84.101 99.9693 39.514 68.6549 29.9005 31.6911 52.8931 5.65685 45.9955 54.5617 84.6843 47.1214 72.2189 41.2321 25.2346 39.925 81.1992 64.6756 50.636 76.1135 63.2629 84.1708 34.3852 32.0156 84.726 27.5888 46.4217 35.218 51.1891 52.0006 86.9276 59.0269 41.1825 45.1709 12.7279 33.121 37.5766 28.58 21.587 14.4222 81.4014 45.6468 0.0 
DEMAND_SCENARIO_SECTION
0 0 0 0 0 0 0 0 0 0 0 0 0 0 0 0 0 0 0 0 0 0 0 0 0 0 0 0 0 0 0 0 0 0 0 0 0 0 0 0 0 0 0 0 0 0 0 0 0 0 0 0 0 0 0 0 0 0 0 0 0 0 0 0 0 0 0 0 0 0 0 0 0 0 0 0 0 0 0 0 0 0 0 0 0 0 0 0 0 0 0 0 0 0 0 0 0 0 0 0 0 0 0 0 0 0 0 0 0 0 0 0 0 0 0 0 0 0 0 0 0 0 0 0 0 0 0 0 0 0 0 0 0 0 0 0 0 0 0 0 0 0 0 0 0 0 0 0 0 0 0 0 0 0 0 0 0 0 0 0 0 0 0 0 0 0 0 0 0 0 0 0 0 0 0 0 0 0 0 0 0 0 0 0 0 0 0 0 0 0 0 0 0 0 0 0 0 0 0 0 
12 16 12 6 10 13 9 9 12 9 7 12 13 11 9 9 5 10 8 3 7 11 16 9 7 13 8 5 16 10 12 7 8 9 14 9 14 7 9 11 13 8 11 10 15 15 6 12 16 9 10 13 9 15 12 14 12 9 17 14 9 5 14 9 14 7 11 11 9 17 4 7 10 10 12 7 8 7 7 10 12 14 5 15 10 3 10 12 4 11 11 2 6 8 7 14 13 5 10 12 13 9 6 5 6 7 11 15 7 8 5 10 7 9 10 15 9 6 12 16 8 12 5 7 13 10 12 13 9 11 11 10 13 10 6 7 9 17 11 11 7 11 9 17 14 2 5 11 11 12 9 14 17 13 3 12 6 8 13 12 3 8 11 12 12 10 9 11 13 13 14 9 14 12 11 7 7 5 10 9 11 10 3 14 15 13 8 9 16 7 13 12 9 4 11 12 10 14 7 9 
3 2 2 2 2 2 3 2 2 2 1 1 2 2 4 3 3 2 3 3 3 1 2 2 2 1 1 0 2 3 2 2 2 2 3 2 3 2 3 3 2 2 2 2 2 2 1 3 1 2 1 3 2 2 1 2 3 2 2 2 2 2 3 1 2 2 3 1 4 2 2 2 3 2 3 3 3 4 1 1 2 3 1 3 3 2 2 1 1 2 2 2 3 2 2 1 2 1 0 2 2 2 3 3 2 2 1 2 1 3 2 4 2 2 3 3 2 2 2 4 3 2 2 1 1 3 3 1 3 2 2 2 2 1 3 3 3 2 1 2 3 2 2 1 1 2 2 2 1 2 2 1 1 2 1 2 2 2 1 1 2 2 1 2 2 1 2 3 2 2 1 2 3 2 3 2 4 2 2 3 1 2 2 1 2 3 2 2 2 1 2 1 2 3 2 2 1 2 3 3 
3 3 4 2 4 4 2 4 1 3 3 3 2 2 2 3 3 2 3 3 3 1 2 4 1 4 3 1 3 4 4 2 2 2 2 3 2 3 3 3 3 3 3 2 3 3 5 2 4 3 3 4 1 5 4 4 3 2 3 1 2 2 4 4 2 3 3 3 2 4 5 2 3 1 3 4 2 5 3 4 4 2 3 4 3 3 2 3 3 2 3 2 2 3 2 4 2 3 2 4 2 2 3 3 2 5 4 4 2 4 3 1 3 2 4 3 2 3 2 2 4 3 2 3 2 4 3 4 4 3 3 2 3 4 3 4 4 4 2 4 3 2 2 1 3 3 2 4 4 4 4 3 2 3 4 1 3 4 3 3 4 3 4 4 2 3 3 3 3 2 3 2 1 2 3 5 3 3 2 4 2 3 3 3 2 2 2 4 4 3 3 3 3 3 2 3 1 2 3 3 
4 3 6 4 4 5 5 5 5 3 4 3 3 2 4 2 4 5 5 5 5 6 4 3 6 4 5 4 4 4 3 3 4 3 3 4 6 5 9 3 2 2 5 6 3 4 3 5 4 4 5 3 3 8 3 5 5 5 6 2 5 3 3 3 5 6 3 5 5 4 6 4 5 5 4 0 4 5 1 6 4 1 7 5 2 5 5 5 5 6 2 4 4 3 6 4 5 4 1 4 6 2 6 4 3 5 5 6 3 2 4 3 4 4 4 3 5 6 3 3 2 2 3 6 3 6 2 2 5 3 5 4 3 3 4 4 3 6 5 5 6 5 6 1 5 3 2 3 3 4 4 4 5 6 4 3 3 4 2 6 4 3 4 4 3 5 3 3 3 2 7 4 5 6 3 3 4 5 2 2 4 4 0 4 1 3 3 6 3 6 4 3 3 3 4 1 4 3 4 6 
4 6 8 7 8 11 9 9 8 8 5 3 7 6 8 7 5 7 5 4 5 8 8 4 5 8 6 6 1 8 5 6 4 8 6 6 7 8 4 9 2 6 7 5 5 7 4 6 7 3 8 7 2 6 3 6 6 7 4 4 7 4 6 5 6 3 7 3 10 8 9 5 4 7 9 2 2 4 5 8 6 2 5 5 5 9 3 8 5 6 7 7 6 5 8 3 8 4 6 6 5 4 5 7 4 2 6 3 5 9 7 10 4 6 3 7 5 7 7 3 5 7 4 2 4 8 8 5 4 5 7 6 8 5 9 7 9 6 1 5 6 8 9 7 6 8 7 5 1 6 6 8 7 8 5 5 9 8 5 4 4 9 5 7 6 8 4 7 3 9 7 6 8 11 4 4 8 5 7 7 8 5 7 7 2 5 5 5 4 2 5 4 5 6 5 2 5 6 6 7 
2 2 2 3 3 2 1 1 3 2 2 2 2 3 1 2 3 2 2 2 3 2 2 3 2 2 1 2 2 3 0 2 2 2 2 2 1 2 0 1 2 1 2 2 3 2 1 3 1 1 3 1 2 2 3 3 2 1 2 3 0 2 3 2 2 2 3 1 1 2 2 2 2 2 3 1 2 3 1 2 3 3 2 3 2 1 1 2 2 2 2 2 3 1 1 2 2 2 3 1 1 2 2 3 1 3 2 2 1 3 2 2 1 2 1 1 2 2 3 1 2 1 2 2 2 1 3 2 0 2 2 2 2 2 2 2 1 1 2 2 1 1 2 3 3 2 2 2 2 2 2 2 1 2 1 2 2 1 3 1 3 2 2 1 1 2 1 3 2 2 2 0 2 2 1 2 1 2 2 2 2 2 2 1 1 3 2 2 2 1 2 3 2 2 2 1 2 1 3 1 
8 11 1 12 7 8 10 10 9 4 8 9 8 9 11 12 4 10 7 4 4 13 11 7 9 6 13 10 11 5 9 9 8 10 3 11 7 10 8 8 9 1 12 6 10 6 9 10 8 9 9 12 6 9 8 7 15 10 3 9 8 9 8 6 12 11 5 8 11 14 6 5 9 8 9 7 10 6 7 6 4 10 6 14 12 7 8 8 10 10 8 10 8 10 5 6 10 7 6 4 7 9 9 4 12 11 10 10 6 7 2 7 9 9 6 7 8 11 6 6 3 7 11 1 9 7 9 9 9 10 6 5 6 11 6 8 11 10 3 4 7 9 7 7 11 10 5 10 5 7 9 8 7 10 5 9 3 10 5 2 13 14 12 8 9 13 11 5 10 4 9 7 11 6 5 6 7 6 11 4 10 13 9 6 10 9 11 10 9 3 5 8 8 8 8 9 9 12 6 7 
6 7 9 8 4 7 3 8 9 7 9 8 6 8 8 5 7 5 2 4 5 6 9 4 6 7 8 5 8 10 8 9 9 4 5 5 8 8 8 4 7 7 8 5 7 8 8 7 5 7 8 9 6 5 6 8 1 3 7 3 4 6 2 6 4 4 5 8 6 7 8 5 6 4 9 8 4 4 5 7 6 0 6 6 7 10 9 5 7 5 8 6 5 8 7 6 1 5 9 9 11 2 5 7 6 7 5 9 9 5 2 3 2 4 4 6 3 6 4 3 9 4 6 7 3 4 6 2 5 8 7 4 6 3 4 5 5 8 7 7 3 6 5 4 2 3 5 5 3 9 9 9 7 7 8 5 4 5 6 6 8 8 4 7 1 7 8 5 6 5 8 3 5 4 6 6 8 7 6 9 9 8 6 2 6 6 5 2 7 7 7 5 5 8 6 4 6 6 3 6 
2 2 3 2 1 2 2 1 2 1 1 3 2 3 1 2 2 1 2 2 2 2 3 3 4 1 3 2 2 2 2 2 2 2 3 2 2 1 3 3 2 3 2 2 2 3 2 1 2 2 1 3 1 2 2 2 3 3 1 3 1 3 2 2 3 3 2 2 3 3 4 2 3 3 3 2 2 3 3 2 3 3 2 2 2 3 1 1 2 2 2 2 3 1 2 2 2 1 2 2 1 1 1 2 2 2 1 2 2 2 2 2 2 2 2 2 2 2 2 3 2 2 2 2 2 2 2 2 1 1 1 1 2 2 2 1 2 2 2 2 2 2 2 1 2 2 2 3 1 2 2 2 3 1 2 2 3 3 2 2 2 3 3 1 3 2 4 2 3 2 1 3 2 2 2 2 2 2 0 2 2 2 2 2 1 2 2 2 2 3 1 3 2 2 2 1 3 3 1 2 
12 11 10 7 12 10 3 13 13 10 6 13 7 10 11 8 12 11 8 8 9 7 13 9 8 13 11 13 9 8 7 12 3 10 9 9 8 8 10 8 12 14 7 9 9 8 10 8 8 9 6 11 7 11 8 10 5 9 10 11 6 8 12 8 8 5 7 11 10 14 4 7 7 7 6 9 9 14 8 6 0 8 13 9 10 11 6 8 11 10 12 14 5 12 9 8 10 7 11 5 11 5 8 9 12 10 15 11 9 5 3 8 10 12 7 13 4 10 10 9 8 10 7 10 9 7 11 9 9 9 12 14 6 7 5 10 6 3 10 12 9 8 4 11 14 3 6 10 11 7 6 9 13 0 16 12 3 7 9 13 6 8 11 7 9 8 4 10 8 9 6 7 10 9 10 9 9 13 7 6 7 6 9 0 6 11 6 8 8 15 6 15 11 10 10 11 9 14 11 11 
3 9 8 9 8 5 5 7 6 7 5 6 7 7 5 8 8 5 2 6 5 4 8 8 4 5 5 6 4 4 7 10 6 7 6 5 7 12 2 5 5 4 5 6 6 7 5 4 5 4 5 3 9 7 4 6 3 6 7 4 9 5 3 7 3 3 6 5 4 4 5 6 10 4 6 6 6 3 6 5 7 6 3 8 2 6 5 5 6 6 9 6 6 5 8 5 5 7 11 8 1 5 7 6 4 6 5 7 7 5 1 2 8 7 3 7 2 4 5 7 4 6 6 3 10 6 9 3 7 7 6 4 7 4 7 6 7 7 7 5 6 5 5 6 4 4 4 5 0 5 8 4 6 6 8 5 6 8 2 8 4 8 6 8 4 7 4 5 4 6 5 6 8 6 8 8 5 7 10 5 4 8 5 8 6 8 3 8 5 6 8 2 6 3 5 9 8 5 7 5 
3 2 3 4 2 2 3 2 1 2 3 2 2 1 2 1 2 2 3 2 3 3 2 1 2 2 3 1 2 2 2 2 2 3 2 3 1 2 2 2 2 2 2 3 3 1 2 2 1 1 3 2 2 3 2 2 2 2 2 3 1 3 3 3 3 2 1 2 1 3 2 2 2 3 2 2 3 2 4 2 1 2 1 1 2 1 2 3 1 1 2 2 1 3 3 2 2 2 1 2 1 1 2 2 2 3 2 2 1 3 2 2 1 2 2 2 2 1 2 2 2 2 2 1 1 1 2 3 2 2 2 2 2 2 3 2 2 1 1 1 2 2 2 1 3 2 1 2 3 0 2 2 3 1 1 3 1 2 3 2 2 2 3 2 2 3 3 3 1 2 1 3 3 2 2 2 1 2 2 2 2 2 1 2 1 2 1 3 2 1 0 1 3 2 2 2 1 2 2 1 
7 4 9 4 4 8 2 5 5 7 4 5 8 8 4 4 3 7 3 1 3 5 3 6 6 5 4 7 4 4 4 3 9 4 2 2 5 2 6 6 3 6 5 2 4 9 3 3 3 5 7 10 4 5 5 6 5 5 5 3 1 6 7 6 5 6 5 6 6 3 6 5 5 6 3 6 8 6 6 4 5 7 3 5 6 7 5 4 9 7 2 6 5 6 6 7 6 3 6 7 6 4 7 3 7 5 5 4 6 5 4 8 5 8 8 5 7 6 4 8 5 6 9 7 3 5 4 4 6 5 7 3 6 4 6 3 6 3 5 3 6 4 3 4 6 7 5 5 4 5 7 5 6 2 4 4 5 7 8 7 1 6 3 8 5 6 3 5 5 7 2 3 3 6 4 4 6 5 3 2 2 9 5 3 5 4 1 4 5 5 4 1 7 3 5 5 4 6 4 7 
8 13 13 8 9 12 11 14 6 10 8 5 4 11 13 12 12 7 9 12 12 7 4 9 9 6 9 12 13 13 9 13 10 13 8 9 9 16 9 12 10 8 4 4 9 12 4 11 6 11 6 10 12 4 11 5 5 9 13 10 12 6 9 11 11 4 11 9 11 9 7 8 10 5 13 8 9 13 6 8 8 8 9 9 6 5 3 15 2 6 7 9 5 9 9 7 7 9 7 5 9 10 9 4 9 9 9 12 13 5 10 15 8 12 6 11 12 9 6 9 4 11 14 16 6 10 11 8 6 6 7 10 9 9 7 11 10 7 6 13 10 14 9 8 8 8 7 9 9 10 10 11 5 2 10 10 11 7 11 7 10 6 9 7 11 8 11 10 11 11 10 11 7 6 11 8 8 11 12 13 16 9 11 10 8 8 11 11 7 9 11 16 5 8 10 2 7 11 6 10 
10 11 6 11 7 10 6 13 11 7 8 7 11 10 10 4 5 9 12 6 7 6 9 10 14 14 10 12 6 6 13 10 7 10 13 12 9 6 6 11 12 9 15 12 7 7 10 12 10 11 5 6 7 8 7 10 11 7 9 10 13 3 11 10 12 9 9 11 8 7 11 6 7 15 10 9 7 10 10 6 14 8 9 17 7 6 8 9 11 9 7 10 11 9 0 8 8 8 11 11 10 7 10 9 9 4 8 7 6 7 9 11 8 6 10 9 9 13 13 7 5 8 7 13 3 8 12 11 9 8 6 6 8 12 7 6 7 8 13 2 16 15 12 9 9 9 14 13 4 11 8 11 7 8 8 6 9 4 11 11 14 7 11 12 9 8 8 9 4 4 12 9 8 8 11 12 7 14 10 8 6 9 4 7 5 11 4 1 4 7 9 10 8 9 9 4 10 11 11 10 
3 6 8 4 6 8 10 4 8 9 11 6 7 5 2 6 7 7 5 7 6 5 9 8 5 8 7 3 4 7 9 7 6 4 5 8 6 12 9 5 5 9 8 4 8 2 7 4 5 7 7 8 3 6 7 10 4 9 7 12 4 7 5 3 7 8 12 6 7 7 8 7 9 8 8 6 6 9 4 8 6 7 5 8 6 4 3 9 8 7 10 7 0 8 8 10 7 6 11 9 10 7 3 7 11 11 5 12 1 7 5 6 7 5 8 7 11 7 8 8 8 6 7 11 7 8 8 7 5 6 6 6 10 7 8 11 6 11 8 8 3 6 7 11 8 8 4 6 5 7 8 4 8 5 10 9 10 8 13 13 7 6 7 9 9 8 5 5 7 7 9 6 7 9 8 5 6 4 7 8 9 13 7 7 8 4 9 7 5 8 8 8 5 5 5 6 6 9 7 7 
4 7 10 5 7 7 6 3 7 5 2 11 6 7 6 7 3 4 4 7 6 4 6 5 8 4 4 4 7 7 6 2 5 6 5 5 7 5 8 7 5 5 6 8 9 8 5 8 2 2 3 4 5 6 6 4 3 4 6 4 6 7 6 6 7 5 7 9 5 5 6 8 6 8 4 5 4 9 4 9 5 6 5 5 5 6 7 6 8 8 6 3 8 9 6 6 7 7 8 9 5 7 10 7 2 5 3 4 6 3 4 9 5 7 4 2 5 6 5 4 7 6 5 4 1 10 8 4 7 7 7 6 6 8 7 7 5 11 4 5 5 6 7 8 2 2 6 6 6 9 10 7 5 7 4 4 4 3 8 6 7 7 8 7 5 7 8 6 5 6 5 8 8 7 5 5 5 3 4 7 4 5 6 5 7 8 5 5 3 7 8 7 8 2 4 7 10 8 7 4 
9 16 5 17 10 8 13 10 8 9 12 13 10 1 11 11 13 11 10 9 7 14 9 6 9 11 6 6 10 12 4 14 10 12 9 8 10 10 8 13 6 9 7 7 13 8 9 6 9 7 7 12 9 10 11 12 5 5 9 10 10 13 13 9 7 12 20 11 7 9 13 15 11 14 7 6 14 12 14 14 10 9 14 13 6 8 10 13 9 12 8 5 16 8 9 14 16 12 7 3 7 8 11 7 8 13 10 5 8 10 7 12 8 7 8 6 12 11 6 7 7 10 9 11 9 11 8 11 14 12 4 7 11 10 13 8 11 5 9 15 11 8 6 8 8 7 8 14 10 6 10 11 10 13 1 12 18 12 12 11 16 3 11 9 9 6 11 7 6 14 9 8 6 8 7 13 13 11 9 15 5 12 8 10 9 16 16 9 9 5 6 12 8 13 9 11 7 7 7 9 
6 12 9 14 12 11 5 5 11 11 10 7 9 7 11 13 9 8 9 7 12 10 13 4 8 12 10 8 10 12 8 11 12 15 6 5 9 9 13 6 5 6 11 11 3 10 8 8 9 2 5 8 11 10 9 10 12 3 10 12 6 9 11 10 13 10 8 8 7 13 8 12 11 9 8 10 12 14 6 10 13 5 7 7 6 8 5 8 11 10 14 9 12 8 10 11 8 8 14 10 7 12 10 6 6 10 9 4 10 9 6 8 6 6 7 11 10 11 10 8 7 13 12 13 11 16 7 7 5 6 10 7 10 4 16 6 10 7 6 11 7 10 10 13 8 8 1 11 5 6 2 8 10 9 9 10 12 10 16 5 11 0 14 7 6 7 7 12 11 5 11 7 4 15 9 9 12 11 12 15 5 7 6 13 6 4 11 7 9 7 10 8 12 5 5 7 13 7 4 5 
6 3 6 7 5 8 3 5 1 2 4 4 7 4 6 6 6 5 4 5 9 5 6 7 4 4 5 5 5 6 7 5 6 5 5 7 7 4 6 6 3 5 4 4 4 7 8 5 8 5 6 5 5 7 5 5 5 5 5 7 5 5 6 4 4 5 7 6 5 4 4 6 3 6 6 5 7 7 7 6 6 6 7 7 5 7 6 5 3 8 4 3 6 4 2 4 4 4 4 4 4 1 2 4 7 6 7 5 7 5 3 6 4 7 7 5 7 7 6 5 4 2 7 4 5 4 8 5 9 4 9 6 7 7 5 1 6 3 6 5 3 2 2 3 7 6 7 4 4 4 3 5 4 4 6 5 4 5 7 7 4 3 6 6 4 2 4 6 4 6 5 1 7 6 6 7 6 7 5 7 7 5 6 5 3 6 6 8 3 4 6 2 7 10 2 5 7 8 0 3 
3 5 5 3 4 4 4 4 4 3 5 5 5 5 5 3 4 5 5 5 3 1 4 4 6 5 4 4 6 6 4 2 3 1 6 4 4 2 4 3 3 5 3 1 4 4 4 4 5 3 7 3 5 6 1 3 4 5 5 5 5 5 2 4 3 6 4 4 3 4 3 5 7 5 3 4 5 3 2 2 2 4 4 6 5 3 4 2 3 6 5 6 6 5 3 4 3 3 6 4 0 5 4 7 3 4 7 5 2 5 3 5 4 4 3 3 2 3 4 4 4 4 5 3 5 6 4 4 3 5 6 6 7 3 4 4 5 5 6 1 4 2 5 3 5 6 3 5 2 5 5 2 2 5 5 1 6 1 5 5 3 5 2 4 4 0 6 2 2 4 2 2 1 3 6 1 4 5 5 4 6 4 4 4 3 5 4 4 3 3 4 2 5 4 6 6 4 3 4 4 
6 6 0 2 5 4 3 7 7 5 6 4 5 4 7 6 7 9 6 10 5 5 9 4 8 9 7 4 7 7 0 10 10 5 5 5 7 6 8 8 7 6 5 1 5 8 3 5 4 9 0 2 3 6 7 11 8 6 6 7 1 4 2 5 7 3 9 5 6 8 6 9 5 4 7 7 4 4 3 8 8 8 3 4 6 5 9 7 3 8 6 5 10 3 5 5 5 4 9 4 4 7 4 8 6 2 7 5 8 6 5 10 4 7 7 10 5 6 4 6 7 9 8 6 6 4 8 5 9 7 5 5 6 5 8 4 5 6 6 5 6 5 5 6 3 11 7 7 7 6 6 7 6 5 7 2 9 5 5 3 5 6 6 2 5 6 5 3 8 8 8 4 7 5 4 1 7 6 4 8 6 6 5 10 5 5 4 4 5 7 6 8 7 7 8 8 6 4 7 5 
