NAME  : Jabali_60_3_0.90_1_0
TYPE : SVRP
MODEL : FINITE_SUPPORT
NUMBER_OF_SCENARIOS : 200
DIMENSION : 60
EDGE_WEIGHT_TYPE : MATRIX
CAPACITY : 124
N_VEHICLES : 3
NODE_COORD_SECTION
1 4038 2926
2 4988 439
3 3096 2969
4 2073 2790
5 6936 3372
6 4938 61
7 6385 3501
8 1389 5656
9 5125 2191
10 2388 3541
11 4830 4962
12 186 4949
13 3368 412
14 2185 1328
15 3632 5777
16 6453 6134
17 2468 4993
18 3255 592
19 2092 650
20 633 6582
21 4404 1528
22 5032 7235
23 2512 4081
24 7401 7644
25 1632 1342
26 4617 3429
27 6380 1673
28 7241 4445
29 4349 2389
30 3673 3696
31 5299 6865
32 2855 4067
33 1852 6649
34 7264 7687
35 2758 6662
36 3140 5837
37 4055 1130
38 4240 5201
39 3629 461
40 4267 7010
41 6502 5391
42 6758 7136
43 6392 1119
44 5824 2186
45 1942 108
46 4376 18
47 3301 91
48 1880 1666
49 5719 3902
50 1603 2682
51 1260 889
52 2204 4873
53 6543 4643
54 4826 7260
55 792 6169
56 27 6929
57 4872 255
58 2427 6192
59 3267 1036
60 826 212
DEMAND_SECTION
1 0.0
2 10.0
3 3.0
4 1.0
5 1.0
6 1.0
7 5.0
8 9.0
9 5.0
10 4.0
11 10.0
12 8.0
13 9.0
14 6.0
15 3.0
16 2.0
17 2.0
18 4.0
19 1.0
20 6.0
21 7.0
22 9.0
23 10.0
24 6.0
25 9.0
26 8.0
27 1.0
28 4.0
29 7.0
30 6.0
31 2.0
32 8.0
33 8.0
34 9.0
35 10.0
36 9.0
37 7.0
38 7.0
39 3.0
40 10.0
41 7.0
42 4.0
43 4.0
44 2.0
45 5.0
46 9.0
47 3.0
48 7.0
49 5.0
50 3.0
51 8.0
52 2.0
53 4.0
54 5.0
55 1.0
56 8.0
57 10.0
58 6.0
59 4.0
60 9.0
DEVIATION_SECTION
1 0.0
2 3.33333
3 1.0
4 0.333333
5 0.333333
6 0.333333
7 1.66667
8 3.0
9 1.66667
10 1.33333
11 3.33333
12 2.66667
13 3.0
14 2.0
15 1.0
16 0.666667
17 0.666667
18 1.33333
19 0.333333
20 2.0
21 2.33333
22 3.0
23 3.33333
24 2.0
25 3.0
26 2.66667
27 0.333333
28 1.33333
29 2.33333
30 2.0
31 0.666667
32 2.66667
33 2.66667
34 3.0
35 3.33333
36 3.0
37 2.33333
38 2.33333
39 1.0
40 3.33333
41 2.33333
42 1.33333
43 1.33333
44 0.666667
45 1.66667
46 3.0
47 1.0
48 2.33333
49 1.66667
50 1.0
51 2.66667
52 0.666667
53 1.33333
54 1.66667
55 0.333333
56 2.66667
57 3.33333
58 2.0
59 1.33333
60 3.0
DISTANCE_MATRIX
0.0 36.4005 13.0 27.074 40.05 40.025 33.2415 50.9902 17.083 23.4094 30.6111 59.1692 34.2627 35.9061 40.1197 55.4713 34.216 33.0741 44.9445 66.7083 19.4165 62.0397 25.0 82.1266 39.9625 10.6301 36.3847 47.7598 8.06226 11.1803 57.1149 21.9317 57.5363 81.4089 55.1258 43.7247 24.0208 30.6661 33.0741 58.0338 47.1373 71.51 40.4683 26.5407 50.8633 39.0512 38.2865 35.3553 25.632 33.1361 47.5266 35.3836 40.7065 62.671 61.6198 75.8222 38.0789 49.6105 28.6644 58.0786 
36.4005 0.0 41.8808 50.5055 47.634 4.12311 45.2769 85.235 26.3059 53.6004 67.1454 89.3825 21.2132 39.5601 76.654 79.2871 69.3181 22.561 38.3275 101.02 17.088 98.5739 58.3095 102.713 46.1736 43.8635 25.0 61.8547 28.6356 47.4342 93.6491 56.356 92.6677 102.408 90.2572 82.2754 15.5563 67.2003 18.2483 94.5681 69.5606 93.819 21.5407 26.4197 40.05 8.94427 22.0227 44.7772 48.697 55.3095 49.6488 69.8355 60.0535 99.2053 95.7183 109.836 2.23607 84.7419 24.5967 55.0091 
13.0 41.8808 0.0 14.1421 53.0377 44.7772 46.1736 43.4166 28.4605 12.0416 34.0754 48.4149 36.7231 26.0227 42.7664 62.8765 28.1603 35.5345 35.0611 59.1692 25.4951 65.3736 16.5529 85.5909 29.6985 22.1359 47.4236 60.1664 18.3848 12.8062 60.8494 15.2971 51.6624 84.8732 49.2539 39.7386 27.0032 34.0 35.5345 61.3677 57.8195 74.9743 50.774 37.9473 42.2465 42.2841 40.7469 24.7588 38.0789 20.2237 37.4833 28.2312 52.7351 66.0049 53.8516 67.9559 43.0465 43.7386 31.1248 48.1664 
27.074 50.5055 14.1421 0.0 67.1193 53.3619 60.2993 40.6079 41.5933 11.1803 46.3249 40.0 36.9317 19.0 45.2307 75.1665 29.6142 34.8494 28.0179 55.3624 35.3553 72.0524 18.3848 97.3114 20.2485 36.1386 59.7746 74.2159 31.4006 25.0599 72.0805 20.2485 52.0096 96.5483 51.6624 42.2029 35.5821 45.2311 39.2074 62.5866 70.2482 86.6843 62.2415 50.9902 35.1283 51.4005 39.2074 15.5242 52.1728 6.08276 27.7308 28.1603 66.7293 70.4811 50.0 63.3246 51.6258 45.7056 31.5529 38.4708 
40.05 47.634 53.0377 67.1193 0.0 51.4004 7.28011 82.7768 28.2462 62.2896 35.0 95.4886 61.2944 73.8606 54.4059 37.2156 66.6888 61.0574 75.1532 96.4127 41.6773 55.4617 61.396 58.5491 77.9229 32.3883 24.1661 14.8661 37.5126 45.7056 50.1597 57.5332 81.6088 58.4209 71.0888 60.4649 48.5489 43.6005 58.8218 57.3407 27.2947 51.0 30.6757 22.0227 80.1311 55.9017 64.405 73.7569 17.4642 73.171 84.3765 68.4684 17.4642 56.356 92.3302 105.481 49.8197 71.8471 58.1378 93.1087 
40.025 4.12311 44.7772 53.3619 51.4004 0.0 49.2443 88.193 30.4138 56.4606 70.8754 92.2388 21.1896 40.2492 80.1378 83.2891 72.4983 22.8473 38.0789 103.942 20.6155 102.304 61.2944 106.715 46.6154 47.5936 28.3196 65.7343 32.3883 50.9608 97.3792 59.5063 95.8678 106.41 93.4573 82.3362 18.0278 70.9304 18.3848 98.2981 73.5626 97.821 24.1868 30.4138 39.0512 7.0 21.2132 45.6508 52.699 57.4216 49.4773 72.8972 64.0555 102.935 98.6154 112.724 2.0 87.942 25.807 54.0833 
33.2415 45.2769 46.1736 60.2993 7.28011 49.2443 0.0 75.9447 23.9284 55.1453 28.3196 88.3572 57.2017 67.7439 47.634 35.1283 59.5575 56.8722 70.8736 89.482 37.4591 50.9215 54.1385 57.9741 71.8062 25.1794 24.1868 16.9706 34.2106 38.4708 45.8803 50.2757 74.8131 57.7235 64.4443 53.6004 44.4093 36.8782 54.8219 52.4977 25.1794 49.4975 31.1448 18.868 75.8635 53.0094 60.448 67.4489 10.2956 66.3702 79.3644 61.3371 15.2971 51.6236 85.3995 98.5498 47.5079 65.0 53.8292 88.7933 
50.9902 85.235 43.4166 40.6079 82.7768 88.193 75.9447 0.0 68.0563 32.311 48.3839 18.7883 77.3754 59.4138 30.2655 70.0071 17.0294 75.2931 68.2642 15.8114 68.5055 51.923 26.9258 84.8999 59.0 52.8385 87.3579 82.0061 58.8982 40.3113 54.9181 29.2062 14.4222 83.9345 22.3607 24.0832 70.4149 40.2616 78.9462 42.2019 70.5762 75.505 91.4415 77.5139 75.1066 85.6958 79.6511 55.0818 65.6578 41.0122 65.192 15.6205 72.5328 50.0 10.6301 24.8395 86.4523 15.8114 74.5365 74.8131 
17.083 26.3059 28.4605 41.5933 28.2462 30.4138 23.9284 68.0563 0.0 39.8139 47.4479 75.8953 33.9706 43.1193 56.9565 57.8602 51.2976 33.4215 46.9574 83.7838 14.1421 78.8765 41.9159 81.2856 49.8355 24.1661 19.4165 40.8356 10.198 28.2076 73.9517 38.9531 74.6179 80.9806 74.1133 62.7123 21.2132 47.5029 31.8277 74.8706 48.1337 72.3921 24.0832 9.48683 52.1536 32.311 37.4833 45.7056 27.2701 47.3814 56.1514 52.4439 38.6266 79.5078 78.6863 92.8915 28.4429 66.692 30.0167 64.886 
23.4094 53.6004 12.0416 11.1803 62.2896 56.4606 55.1453 32.311 39.8139 0.0 37.1618 36.4005 47.4268 29.4279 34.3066 65.7647 19.0263 45.3445 38.5335 47.8539 37.4833 61.1283 7.28011 87.465 31.3847 30.0167 59.0593 67.4951 30.0167 17.1172 62.2341 9.21954 42.19 86.702 40.7922 31.2788 38.6807 35.3847 47.212 51.6624 61.6847 76.838 62.6817 49.2715 45.7056 53.9617 49.7025 26.5707 46.0109 15.5563 38.9102 18.1108 59.0339 59.557 42.4853 56.4358 54.7244 35.1283 42.8024 49.6488 
30.6111 67.1454 34.0754 46.3249 35.0 70.8754 28.3196 48.3839 47.4479 37.1618 0.0 63.3916 64.2094 60.0876 19.4165 28.8444 33.2436 63.0208 69.126 61.7171 50.3982 31.6487 32.9848 51.6236 63.7627 30.9141 47.4343 33.7343 38.5271 21.4009 27.1245 29.1204 46.6154 50.9313 36.1264 25.5539 55.7609 8.60233 62.4991 33.1539 24.7386 41.0366 54.3503 40.0998 76.3113 70.3791 68.2332 58.8074 18.4391 51.9711 71.5544 36.14 24.3311 32.28 57.7754 70.7107 68.9059 36.8917 58.6111 82.2411 
59.1692 89.3825 48.4149 40.0 95.4886 92.2388 88.3572 18.7883 75.8953 36.4005 63.3916 0.0 74.7048 56.3649 47.1699 87.4688 30.1496 72.6225 64.2573 22.4722 73.6614 70.5195 34.4384 103.446 53.7587 63.3283 95.1969 97.0557 66.2873 50.1597 73.2462 38.0789 32.0156 102.489 41.1461 41.4367 74.459 56.0357 76.9805 60.7289 87.0057 93.8616 99.0454 85.3529 70.214 89.7399 76.9805 51.0784 78.0703 37.5899 58.2495 27.2947 87.7211 68.6222 18.868 27.0185 90.5027 34.5398 69.326 66.2722 
34.2627 21.2132 36.7231 36.9317 61.2944 21.1896 57.2017 77.3754 33.9706 47.4268 64.2094 74.7048 0.0 19.4165 72.2268 86.5005 64.5395 2.23607 17.1172 91.7887 19.8494 95.6379 53.2353 110.682 25.4951 43.4008 42.72 74.1089 29.1548 44.074 90.7131 51.5398 87.9372 110.206 85.5267 76.0114 12.8062 64.2643 3.0 91.6321 78.1664 100.833 41.3038 39.4462 19.6469 14.7648 4.12311 25.0 56.0031 37.1633 28.4429 64.8539 71.5293 96.2693 86.4685 99.4236 20.6155 80.0114 8.06226 34.2345 
35.9061 39.5601 26.0227 19.0 73.8606 40.2492 67.7439 59.4138 43.1193 29.4279 60.0876 56.3649 19.4165 0.0 63.801 88.8886 48.3735 17.4929 9.05539 73.7564 31.0644 91.3832 36.6742 111.603 7.0 46.4382 57.0088 83.2023 36.573 38.8281 86.859 37.8378 71.007 110.885 70.214 60.7732 26.1725 60.0096 21.9545 87.3774 83.0005 100.986 57.3149 50.8075 16.2788 34.1321 21.2132 5.65685 61.2451 18.9737 13.4164 47.0956 76.5603 92.0145 68.4471 81.3204 39.3954 64.4981 15.2971 23.4307 
40.1197 76.654 42.7664 45.2307 54.4059 80.1378 47.634 30.2655 56.9565 34.3066 19.4165 47.1699 72.2268 63.801 0.0 40.3113 18.3848 71.0382 72.8394 42.5441 59.5238 28.0 27.0831 59.8595 65.4619 40.4227 66.4049 52.2015 48.0357 30.6583 29.4008 27.5146 27.2029 58.9464 17.2047 6.32456 63.7751 10.8167 71.0382 18.5563 40.3113 49.8188 73.3209 59.0703 80.0247 78.9673 76.2506 60.7478 37.5366 48.4416 72.8091 21.5407 42.72 26.4307 38.8973 51.4296 78.1952 17.4929 66.6286 83.4189 
55.4713 79.2871 62.8765 75.1665 37.2156 83.2891 35.1283 70.0071 57.8602 65.7647 28.8444 87.4688 86.5005 88.8886 40.3113 0.0 58.2495 85.2122 97.927 79.9062 70.2288 23.8537 61.009 24.1868 92.5638 45.3662 59.3043 24.6982 58.3578 50.2195 18.3576 57.2857 62.9682 23.7065 50.8035 46.1327 75.5916 32.8938 85.2787 30.3645 10.0 14.5602 66.2722 52.876 103.114 86.9434 90.5367 87.6084 32.311 80.7775 100.355 61.3922 20.0 25.5539 77.3175 87.8635 81.5217 55.1453 80.9151 111.061 
34.216 69.3181 28.1603 29.6142 66.6888 72.4983 59.5575 17.0294 51.2976 19.0263 33.2436 30.1496 64.5395 48.3735 18.3848 58.2495 0.0 63.3508 57.4282 32.5576 52.3546 44.6542 12.0416 76.5826 49.7293 35.9258 70.5992 66.9647 42.2061 23.4045 46.1238 13.0 23.5372 75.6695 22.1359 14.2127 54.7814 26.0192 63.3508 35.0 57.0351 66.5419 74.6828 60.7552 64.6297 70.1005 68.5633 45.1221 49.2706 32.311 56.921 3.16228 57.5731 43.0116 27.5862 41.7253 70.6824 16.1245 58.9412 67.4166 
33.0741 22.561 35.5345 34.8494 61.0574 22.8473 56.8722 75.2931 33.4215 45.3445 63.0208 72.6225 2.23607 17.4929 71.0382 85.2122 63.3508 0.0 16.0 89.7064 19.4165 94.4493 52.0467 109.506 23.7697 42.2121 43.1741 73.7794 28.0179 42.8854 89.5245 50.3512 86.7486 109.031 84.3381 74.8228 12.53 63.0757 4.47214 90.4435 76.8782 99.6577 42.107 39.3573 19.3132 16.6433 6.0 23.0217 54.7148 35.081 27.1662 63.6653 70.241 95.0807 84.3862 97.3414 22.1359 78.8228 6.0 33.541 
44.9445 38.3275 35.0611 28.0179 75.1532 38.0789 70.8736 68.2642 46.9574 38.5335 69.126 64.2573 17.1172 9.05539 72.8394 97.927 57.4282 16.0 0.0 82.3772 33.8378 100.422 45.7951 120.641 10.8167 55.4766 58.8558 89.0146 40.3846 47.8666 95.8975 46.8763 80.025 119.924 79.3257 69.8116 27.6586 69.048 20.0998 96.4158 89.3573 110.025 58.0775 54.0833 7.28011 31.3209 17.088 13.3417 67.194 27.4591 11.4018 56.1427 82.7202 101.053 77.1038 89.7385 37.6563 73.5527 17.088 18.0278 
66.7083 101.02 59.1692 55.3624 96.4127 103.942 89.482 15.8114 83.7838 47.8539 61.7171 22.4722 91.7887 73.7564 42.5441 79.9062 32.5576 89.7064 82.3772 0.0 84.3149 59.0085 42.72 91.444 72.5603 68.445 103.085 94.7048 74.6525 55.9238 63.0714 45.0 17.0294 90.4489 29.1548 36.2491 86.1724 53.2259 94.7037 50.0899 82.2289 83.0241 107.169 93.2414 88.955 101.453 94.0644 69.0507 79.2801 54.9181 78.1025 31.4006 85.235 57.0088 5.38516 9.21954 102.215 25.2982 90.2941 87.023 
19.4165 17.088 25.4951 35.3553 41.6773 20.6155 37.4591 68.5055 14.1421 37.4833 50.3982 73.6614 19.8494 31.0644 59.5238 70.2288 52.3546 19.4165 33.8378 84.3149 0.0 81.8267 41.6173 94.4104 38.0526 27.1163 26.0192 54.3663 12.0 30.3645 76.9019 39.4462 75.6906 93.9348 73.28 62.221 7.07107 50.4531 17.6918 77.8209 61.8948 84.5618 27.2029 20.2485 38.4708 20.0998 23.3452 35.0571 39.7315 40.3113 43.7379 53.0 52.1572 82.4581 79.0569 93.2309 18.6815 67.7647 16.7631 51.8652 
62.0397 98.5739 65.3736 72.0524 55.4617 102.304 50.9215 51.923 78.8765 61.1283 31.6487 70.5195 95.6379 91.3832 28.0 23.8537 44.6542 94.4493 100.422 59.0085 81.8267 0.0 53.9048 32.9848 94.9219 62.3426 73.3947 46.2277 69.9557 52.5783 5.65685 54.3363 42.0476 32.0156 30.2655 30.5287 85.695 33.017 94.4493 9.84886 30.4795 24.0208 80.3123 66.0617 107.607 101.808 99.6617 89.9355 43.8084 75.2632 102.731 47.7074 38.5876 2.0 57.3149 66.1891 100.334 36.1386 90.0397 113.476 
25.0 58.3095 16.5529 18.3848 61.396 61.2944 54.1385 26.9258 41.9159 7.28011 32.9848 34.4384 53.2353 36.6742 27.0831 61.009 12.0416 52.0467 45.7951 42.72 41.6173 53.9048 0.0 85.7643 38.6264 29.1204 61.2176 65.0077 32.5576 15.8114 55.3056 4.0 35.5106 84.8512 33.541 24.0554 43.5155 30.5707 52.0467 44.439 57.7235 72.0239 65.2993 51.3735 52.9528 58.7964 57.2591 33.8378 44.8002 22.2036 46.0977 11.7047 56.1427 52.3336 37.4433 51.614 59.5399 28.0179 47.6371 56.7979 
82.1266 102.713 85.5909 97.3114 58.5491 106.715 57.9741 84.8999 81.2856 87.465 51.6236 103.446 110.682 111.603 59.8595 24.1868 76.5826 109.506 120.641 91.444 94.4104 32.9848 85.7643 0.0 115.278 69.5479 82.0 44.1022 82.5394 72.8629 30.4631 78.9276 74.6726 1.0 63.1506 62.7694 99.7732 53.7282 109.46 42.72 33.2415 10.6301 88.8426 76.3015 127.296 110.369 114.718 110.318 56.3649 102.696 123.07 79.6849 42.72 34.9285 90.0944 98.0459 104.947 69.1231 105.097 133.757 
39.9625 46.1736 29.6985 20.2485 77.9229 46.6154 71.8062 59.0 49.8355 31.3847 63.7627 53.7587 25.4951 7.0 65.4619 92.5638 49.7293 23.7697 10.8167 72.5603 38.0526 94.9219 38.6264 115.278 0.0 50.4777 64.0078 87.2645 40.6353 42.45 90.3977 40.2492 71.4493 114.56 71.8401 62.4342 33.1361 63.5483 28.2312 82.8178 87.0625 104.662 64.2806 57.7334 16.4924 40.2492 26.6271 5.0 65.2993 18.0278 7.81025 48.0521 80.6226 95.5532 67.3647 79.6241 45.8803 65.7343 22.2036 18.6011 
10.6301 43.8635 22.1359 36.1386 32.3883 47.5936 25.1794 52.8385 24.1661 30.0167 30.9141 63.3283 43.4008 46.4382 40.4227 45.3662 35.9258 42.2121 55.4766 68.445 27.1163 62.3426 29.1204 69.5479 50.4777 0.0 38.2333 38.0789 15.2453 13.3417 57.4178 25.2982 59.2461 69.0722 57.5795 46.1784 32.4791 30.969 42.1545 58.3368 37.0322 59.6992 45.1493 30.8988 60.0014 47.0973 47.4246 45.793 16.1245 42.2019 58.0587 37.5117 30.6015 62.974 63.4329 77.5972 45.6241 51.3202 37.8025 68.6107 
36.3847 25.0 47.4236 59.7746 24.1661 28.3196 24.1868 87.3579 19.4165 59.0593 47.4343 95.1969 42.72 57.0088 66.4049 59.3043 70.5992 43.1741 58.8558 103.085 26.0192 73.3947 61.2176 82.0 64.0078 38.2333 0.0 39.0 29.0689 47.5092 68.7314 58.2548 93.508 81.7863 83.3698 72.2589 31.257 55.7796 39.8497 74.9015 49.366 73.6817 7.0 10.6301 62.3618 33.8378 44.9444 61.0737 29.6142 65.2534 69.3542 71.7456 39.4588 74.026 97.988 112.193 27.0185 83.6593 42.19 76.6877 
47.7598 61.8547 60.1664 74.2159 14.8661 65.7343 16.9706 82.0061 40.8356 67.4951 33.7343 97.0557 74.1089 83.2023 52.2015 24.6982 66.9647 73.7794 89.0146 94.7048 54.3663 46.2277 65.0077 44.1022 87.2645 38.0789 39.0 0.0 49.6811 50.4958 40.6079 61.0082 78.8643 44.0454 68.1765 58.5235 61.3165 41.7612 71.7291 49.679 15.8114 37.3363 45.5412 35.609 92.7707 69.814 77.3552 82.8553 22.1359 80.2808 94.8228 69.8832 9.48683 47.5079 91.0824 103.47 64.0703 69.4622 70.7365 106.934 
8.06226 28.6356 18.3848 31.4006 37.5126 32.3883 34.2106 58.8982 10.198 30.0167 38.5271 66.2873 29.1548 36.573 48.0357 58.3578 42.2061 28.0179 40.3846 74.6525 12.0 69.9557 32.5576 82.5394 40.6353 15.2453 29.0689 49.6811 0.0 19.2354 65.0309 29.7321 65.5263 82.0637 65.1926 53.7915 17.72 38.5821 27.7308 65.9498 50.0238 72.6907 32.8024 19.6469 45.8072 32.0624 33.121 36.4005 27.8605 37.2156 48.1935 43.2782 43.3866 70.587 69.527 83.7377 30.4138 57.6005 23.6083 58.3043 
11.1803 47.4342 12.8062 25.0599 45.7056 50.9608 38.4708 40.3113 28.2076 17.1172 21.4009 50.1597 44.074 38.8281 30.6583 50.2195 23.4045 42.8854 47.8666 55.9238 30.3645 52.5783 15.8114 72.8629 42.45 13.3417 47.5092 50.4958 19.2354 0.0 48.0541 12.083 46.7248 72.1388 44.3143 34.799 34.2345 21.2047 42.8854 48.5724 45.1885 62.2415 51.5928 37.6652 55.0519 49.4975 48.0978 37.4833 29.0172 30.8707 50.2494 24.8395 42.0481 53.2096 50.9117 65.0759 49.0408 38.799 38.4757 60.959 
57.1149 93.6491 60.8494 72.0805 50.1597 97.3792 45.8803 54.9181 73.9517 62.2341 27.1245 73.2462 90.7131 86.859 29.4008 18.3576 46.1238 89.5245 95.8975 63.0714 76.9019 5.65685 55.3056 30.4631 90.3977 57.4178 68.7314 40.6079 65.0309 48.0541 0.0 55.737 46.0435 29.5466 34.0 32.311 82.2647 28.4929 89.0028 13.0 24.8395 20.6155 75.6637 61.4133 103.083 96.8829 94.7369 85.4113 39.2046 77.4649 98.2067 49.2262 33.121 7.2111 61.0328 70.5762 95.4096 39.3192 85.1149 108.952 
21.9317 56.356 15.2971 20.2485 57.5332 59.5063 50.2757 29.2062 38.9531 9.21954 29.1204 38.0789 51.5398 37.8378 27.5146 57.2857 13.0 50.3512 46.8763 45.0 39.4462 54.3363 4.0 78.9276 40.2492 25.2982 58.2548 61.0082 29.7321 12.083 55.737 0.0 36.4127 78.1646 34.0021 24.4868 41.7852 26.8473 50.3512 44.8704 53.8516 68.3006 62.3384 48.4107 54.0616 57.1009 55.5636 35.3412 40.8211 24.7588 47.8853 13.6015 52.1536 52.765 39.8246 54.037 57.6975 28.4868 45.9416 58.6686 
57.5363 92.6677 51.6624 52.0096 81.6088 95.8678 74.8131 14.4222 74.6179 42.19 46.6154 32.0156 87.9372 71.007 27.2029 62.9682 23.5372 86.7486 80.025 17.0294 75.6906 42.0476 35.5106 74.6726 71.4493 59.2461 93.508 78.8643 65.5263 46.7248 46.0435 36.4127 0.0 73.6817 12.1655 21.2603 78.1898 38.0132 86.7486 33.0606 65.6902 66.0681 98.0031 86.1735 87.0919 93.4982 91.2149 67.1863 64.6607 53.4603 78.0897 24.0832 69.4173 40.05 15.5242 25.0 94.0451 9.89949 82.3389 88.0738 
81.4089 102.408 84.8732 96.5483 58.4209 106.41 57.7235 83.9345 80.9806 86.702 50.9313 102.489 110.206 110.885 58.9464 23.7065 75.6695 109.031 119.924 90.4489 93.9348 32.0156 84.8512 1.0 114.56 69.0722 81.7863 44.0454 82.0637 72.1388 29.5466 78.1646 73.6817 0.0 62.1691 61.8466 99.2975 52.9612 108.985 41.7612 32.8938 9.89949 88.6454 75.9965 127.109 110.064 114.243 109.604 55.9464 101.933 122.352 78.7718 42.45 33.9559 89.1067 97.0464 104.642 68.1542 104.621 133.039 
55.1258 90.2572 49.2539 51.6624 71.0888 93.4573 64.4443 22.3607 74.1133 40.7922 36.1264 41.1461 85.5267 70.214 17.2047 50.8035 22.1359 84.3381 79.3257 29.1548 73.28 30.2655 33.541 63.1506 71.8401 57.5795 83.3698 68.1765 65.1926 44.3143 34.0 34.0021 12.1655 62.1691 0.0 12.6491 75.7793 27.594 84.3381 21.0 53.6237 54.231 90.2858 76.0352 86.4928 90.9231 89.5505 67.1863 54.464 54.4243 79.0569 24.1661 58.7295 28.2843 27.074 37.108 91.6346 7.07107 79.9284 89.5377 
43.7247 82.2754 39.7386 42.2029 60.4649 82.3362 53.6004 24.0832 62.7123 31.2788 25.5539 41.4367 76.0114 60.7732 6.32456 46.1327 14.2127 74.8228 69.8116 36.2491 62.221 30.5287 24.0554 62.7694 62.4342 46.1784 72.2589 58.5235 53.7915 34.799 32.311 24.4868 21.2603 61.8466 12.6491 0.0 66.264 17.0 74.8228 20.8087 46.5296 52.811 79.1749 64.9244 76.9969 81.4078 80.0352 57.72 43.4166 45.4138 69.7814 17.2047 49.0408 28.8444 32.573 45.1774 80.3404 11.4018 70.4131 80.3911 
24.0208 15.5563 27.0032 35.5821 48.5489 18.0278 44.4093 70.4149 21.2132 38.6807 55.7609 74.459 12.8062 26.1725 63.7751 75.5916 54.7814 12.53 27.6586 86.1724 7.07107 85.695 43.5155 99.7732 33.1361 32.4791 31.257 61.3165 17.72 34.2345 82.2647 41.7852 78.1898 99.2975 75.7793 66.264 0.0 54.3214 10.6301 81.6892 67.2576 89.9245 31.1448 26.8328 31.7805 15.2971 16.2788 30.8058 45.0943 40.386 38.1182 55.1341 59.1075 86.3264 80.8532 94.9442 16.4012 70.264 11.0 45.607 
30.6661 67.2003 34.0 45.2311 43.6005 70.9304 36.8782 40.2616 47.5029 35.3847 8.60233 56.0357 64.2643 60.0096 10.8167 32.8938 26.0192 63.0757 69.048 53.2259 50.4531 33.017 30.5707 53.7282 63.5483 30.969 55.7796 41.7612 38.5821 21.2047 28.4929 26.8473 38.0132 52.9612 27.594 17.0 54.3214 0.0 63.0757 28.2843 31.0161 43.1054 62.6956 48.445 76.2334 69.5137 68.2881 58.5619 26.8701 50.6154 71.3573 29.0689 32.28 36.1587 49.3964 62.1772 68.9609 28.3019 58.6661 82.1025 
33.0741 18.2483 35.5345 39.2074 58.8218 18.3848 54.8219 78.9462 31.8277 47.212 62.4991 76.9805 3.0 21.9545 71.0382 85.2787 63.3508 4.47214 20.0998 94.7037 17.6918 94.4493 52.0467 109.46 28.2312 42.1545 39.8497 71.7291 27.7308 42.8854 89.0028 50.3512 86.7486 108.985 84.3381 74.8228 10.6301 63.0757 0.0 90.4435 76.9447 99.6117 38.3275 36.8917 22.561 12.2066 5.65685 27.4591 54.7814 39.439 31.4006 63.6653 69.52 95.0807 89.3845 101.699 17.72 78.8228 8.94427 37.2156 
58.0338 94.5681 61.3677 62.5866 57.3407 98.2981 52.4977 42.2019 74.8706 51.6624 33.1539 60.7289 91.6321 87.3774 18.5563 30.3645 35.0 90.4435 96.4158 50.0899 77.8209 9.84886 44.439 42.72 82.8178 58.3368 74.9015 49.679 65.9498 48.5724 13.0 44.8704 33.0606 41.7612 21.0 20.8087 81.6892 28.2843 90.4435 0.0 34.6699 33.3766 81.8175 67.5669 103.601 97.8019 95.6559 78.1036 45.3137 65.7974 90.165 38.0132 41.1126 8.06226 48.0416 57.7062 96.3286 26.4764 86.0338 100.775 
47.1373 69.5606 57.8195 70.2482 27.2947 73.5626 25.1794 70.5762 48.1337 61.6847 24.7386 87.0057 78.1664 83.0005 40.3113 10.0 57.0351 76.8782 89.3573 82.2289 61.8948 30.4795 57.7235 33.2415 87.0625 37.0322 49.366 15.8114 50.0238 45.1885 24.8395 53.8516 65.6902 32.8938 53.6237 46.5296 67.2576 31.0161 76.9447 34.6699 0.0 24.3311 56.3205 43.1495 94.7799 77.2169 82.2027 82.5514 23.3238 76.0592 94.621 60.075 10.0 31.8277 78.871 90.6896 71.7952 56.9477 72.5811 105.173 
71.51 93.819 74.9743 86.6843 51.0 97.821 49.4975 75.505 72.3921 76.838 41.0366 93.8616 100.833 100.986 49.8188 14.5602 66.5419 99.6577 110.025 83.0241 84.5618 24.0208 72.0239 10.6301 104.662 59.6992 73.6817 37.3363 72.6907 62.2415 20.6155 68.3006 66.0681 9.89949 54.231 52.811 89.9245 43.1054 99.6117 33.3766 24.3311 0.0 80.6226 67.4079 117.21 101.475 104.87 99.7046 46.8188 92.0687 112.453 69.6442 34.2345 26.0192 81.3019 90.0888 96.0536 59.8415 95.248 123.14 
40.4683 21.5407 50.774 62.2415 30.6757 24.1868 31.1448 91.4415 24.0832 62.6817 54.3503 99.0454 41.3038 57.3149 73.3209 66.2722 74.6828 42.107 58.0775 107.169 27.2029 80.3123 65.2993 88.8426 64.2806 45.1493 7.0 45.5412 32.8024 51.5928 75.6637 62.3384 98.0031 88.6454 90.2858 79.1749 31.1448 62.6956 38.3275 81.8175 56.3205 80.6226 0.0 16.5529 60.8276 30.4631 42.9535 61.8142 36.4966 67.4166 69.0 75.8292 46.3897 80.9436 102.072 116.277 23.2594 90.0773 42.107 75.5381 
26.5407 26.4197 37.9473 50.9902 22.0227 30.4138 18.868 77.5139 9.48683 49.2715 40.0998 85.3529 39.4462 50.8075 59.0703 52.876 60.7552 39.3573 54.0833 93.2414 20.2485 66.0617 51.3735 76.3015 57.7334 30.8988 10.6301 35.609 19.6469 37.6652 61.4133 48.4107 86.1735 75.9965 76.0352 64.9244 26.8328 48.445 36.8917 67.5669 43.1495 67.4079 16.5529 0.0 58.6003 34.2053 42.4382 54.231 22.2859 56.7186 63.7887 61.9015 33.6424 66.693 88.144 102.349 28.6531 76.3248 37.0 72.111 
50.8633 40.05 42.2465 35.1283 80.1311 39.0512 75.8635 75.1066 52.1536 45.7056 76.3113 70.214 19.6469 16.2788 80.0247 103.114 64.6297 19.3132 7.28011 88.955 38.4708 107.607 52.9528 127.296 16.4924 60.0014 62.3618 92.7707 45.8072 55.0519 103.083 54.0616 87.0919 127.109 86.4928 76.9969 31.7805 76.2334 22.561 103.601 94.7799 117.21 60.8276 58.6003 0.0 32.0624 18.0278 20.025 72.6166 34.1321 13.4536 63.2851 88.1428 108.238 83.7257 96.1041 39.0 80.7527 22.2036 15.0333 
39.0512 8.94427 42.2841 51.4005 55.9017 7.0 53.0094 85.6958 32.311 53.9617 70.3791 89.7399 14.7648 34.1321 78.9673 86.9434 70.1005 16.6433 31.3209 101.453 20.0998 101.808 58.7964 110.369 40.2492 47.0973 33.8378 69.814 32.0624 49.4975 96.8829 57.1009 93.4982 110.064 90.9231 81.4078 15.2971 69.5137 12.2066 97.8019 77.2169 101.475 30.4631 34.2053 32.0624 0.0 14.3178 39.6611 56.3533 51.6321 42.72 70.415 67.7098 102.439 96.1341 110.225 7.28011 85.4078 20.5183 47.0956 
38.2865 22.0227 40.7469 39.2074 64.405 21.2132 60.448 79.6511 37.4833 49.7025 68.2332 76.9805 4.12311 21.2132 76.2506 90.5367 68.5633 6.0 17.088 94.0644 23.3452 99.6617 57.2591 114.718 26.6271 47.4246 44.9444 77.3552 33.121 48.0978 94.7369 55.5636 91.2149 114.243 89.5505 80.0352 16.2788 68.2881 5.65685 95.6559 82.2027 104.87 42.9535 42.4382 18.0278 14.3178 0.0 26.8701 60.0394 39.439 28.4605 67.312 75.5656 100.293 88.7442 101.699 21.0238 84.0352 12.0 33.0 
35.3553 44.7772 24.7588 15.5242 73.7569 45.6508 67.4489 55.0818 45.7056 26.5707 58.8074 51.0784 25.0 5.65685 60.7478 87.6084 45.1221 23.0217 13.3417 69.0507 35.0571 89.9355 33.8378 110.318 5.0 45.793 61.0737 82.8553 36.4005 37.4833 85.4113 35.3412 67.1863 109.604 67.1863 57.72 30.8058 58.5619 27.4591 78.1036 82.5514 99.7046 61.8142 54.231 20.025 39.6611 26.8701 0.0 60.8358 14.1421 12.8062 43.566 76.0592 90.5668 63.7887 76.4003 44.7214 61.1882 20.2485 23.6008 
25.632 48.697 38.0789 52.1728 17.4642 52.699 10.2956 65.6578 27.2701 46.0109 18.4391 78.0703 56.0031 61.2451 37.5366 32.311 49.2706 54.7148 67.194 79.2801 39.7315 43.8084 44.8002 56.3649 65.2993 16.1245 29.6142 22.1359 27.8605 29.0172 39.2046 40.8211 64.6607 55.9464 54.464 43.4166 45.0943 26.8701 54.7814 45.3137 23.3238 46.8188 36.4966 22.2859 72.6166 56.3533 60.0394 60.8358 0.0 58.2495 72.8656 51.0502 15.6205 44.4398 75.1976 88.3479 50.9316 54.8179 50.4178 83.4176 
33.1361 55.3095 20.2237 6.08276 73.171 57.4216 66.3702 41.0122 47.3814 15.5563 51.9711 37.5899 37.1633 18.9737 48.4416 80.7775 32.311 35.081 27.4591 54.9181 40.3113 75.2632 22.2036 102.696 18.0278 42.2019 65.2534 80.2808 37.2156 30.8707 77.4649 24.7588 53.4603 101.933 54.4243 45.4138 40.386 50.6154 39.439 65.7974 76.0592 92.0687 67.4166 56.7186 34.1321 51.6321 39.439 14.1421 58.2495 0.0 24.7386 30.3645 72.7853 73.692 49.6488 62.3618 56.4141 48.0833 31.7845 35.1141 
47.5266 49.6488 37.4833 27.7308 84.3765 49.4773 79.3644 65.192 56.1514 38.9102 71.5544 58.2495 28.4429 13.4164 72.8091 100.355 56.921 27.1662 11.4018 78.1025 43.7379 102.731 46.0977 123.07 7.81025 58.0587 69.3542 94.8228 48.1935 50.2494 98.2067 47.8853 78.0897 122.352 79.0569 69.7814 38.1182 71.3573 31.4006 90.165 94.621 112.453 69.0 63.7887 13.4536 42.72 28.4605 12.8062 72.8656 24.7386 0.0 55.0818 88.1808 103.362 73.0274 84.7172 49.0306 72.8011 27.1662 10.8167 
35.3836 69.8355 28.2312 28.1603 68.4684 72.8972 61.3371 15.6205 52.4439 18.1108 36.14 27.2947 64.8539 47.0956 21.5407 61.3922 3.16228 63.6653 56.1427 31.4006 53.0 47.7074 11.7047 79.6849 48.0521 37.5117 71.7456 69.8832 43.2782 24.8395 49.2262 13.6015 24.0832 78.7718 24.1661 17.2047 55.1341 29.0689 63.6653 38.0132 60.075 69.6442 75.8292 61.9015 63.2851 70.415 67.312 43.566 51.0502 30.3645 55.0818 0.0 60.4695 46.0435 26.2488 40.4599 71.1196 17.72 59.2557 65.4599 
40.7065 60.0535 52.7351 66.7293 17.4642 64.0555 15.2971 72.5328 38.6266 59.0339 24.3311 87.7211 71.5293 76.5603 42.72 20.0 57.5731 70.241 82.7202 85.235 52.1572 38.5876 56.1427 42.72 80.6226 30.6015 39.4588 9.48683 43.3866 42.0481 33.121 52.1536 69.4173 42.45 58.7295 49.0408 59.1075 32.28 69.52 41.1126 10.0 34.2345 46.3897 33.6424 88.1428 67.7098 75.5656 76.0592 15.6205 72.7853 88.1808 60.4695 0.0 39.6611 81.5966 94.0213 62.2881 60.0083 65.9439 98.7328 
62.671 99.2053 66.0049 70.4811 56.356 102.935 51.6236 50.0 79.5078 59.557 32.28 68.6222 96.2693 92.0145 26.4307 25.5539 43.0116 95.0807 101.053 57.0088 82.4581 2.0 52.3336 34.9285 95.5532 62.974 74.026 47.5079 70.587 53.2096 7.2111 52.765 40.05 33.9559 28.2843 28.8444 86.3264 36.1587 95.0807 8.06226 31.8277 26.0192 80.9436 66.693 108.238 102.439 100.293 90.5668 44.4398 73.692 103.362 46.0435 39.6611 0.0 55.3263 64.195 100.966 34.2053 90.671 114.107 
61.6198 95.7183 53.8516 50.0 92.3302 98.6154 85.3995 10.6301 78.6863 42.4853 57.7754 18.868 86.4685 68.4471 38.8973 77.3175 27.5862 84.3862 77.1038 5.38516 79.0569 57.3149 37.4433 90.0944 67.3647 63.4329 97.988 91.0824 69.527 50.9117 61.0328 39.8246 15.5242 89.1067 27.074 32.573 80.8532 49.3964 89.3845 48.0416 78.871 81.3019 102.072 88.144 83.7257 96.1341 88.7442 63.7887 75.1976 49.6488 73.0274 26.2488 81.5966 55.3263 0.0 14.2127 96.8969 22.2036 84.9748 82.0975 
75.8222 109.836 67.9559 63.3246 105.481 112.724 98.5498 24.8395 92.8915 56.4358 70.7107 27.0185 99.4236 81.3204 51.4296 87.8635 41.7253 97.3414 89.7385 9.21954 93.2309 66.1891 51.614 98.0459 79.6241 77.5972 112.193 103.47 83.7377 65.0759 70.5762 54.037 25.0 97.0464 37.108 45.1774 94.9442 62.1772 101.699 57.7062 90.6896 90.0888 116.277 102.349 96.1041 110.225 101.699 76.4003 88.3479 62.3618 84.7172 40.4599 94.0213 64.195 14.2127 0.0 110.982 34.0147 94.0449 93.1343 
38.0789 2.23607 43.0465 51.6258 49.8197 2.0 47.5079 86.4523 28.4429 54.7244 68.9059 90.5027 20.6155 39.3954 78.1952 81.5217 70.6824 22.1359 37.6563 102.215 18.6815 100.334 59.5399 104.947 45.8803 45.6241 27.0185 64.0703 30.4138 49.0408 95.4096 57.6975 94.0451 104.642 91.6346 80.3404 16.4012 68.9609 17.72 96.3286 71.7952 96.0536 23.2594 28.6531 39.0 7.28011 21.0238 44.7214 50.9316 56.4141 49.0306 71.1196 62.2881 100.966 96.8969 110.982 0.0 86.1193 24.6982 54.0093 
49.6105 84.7419 43.7386 45.7056 71.8471 87.942 65.0 15.8114 66.692 35.1283 36.8917 34.5398 80.0114 64.4981 17.4929 55.1453 16.1245 78.8228 73.5527 25.2982 67.7647 36.1386 28.0179 69.1231 65.7343 51.3202 83.6593 69.4622 57.6005 38.799 39.3192 28.4868 9.89949 68.1542 7.07107 11.4018 70.264 28.3019 78.8228 26.4764 56.9477 59.8415 90.0773 76.3248 80.7527 85.4078 84.0352 61.1882 54.8179 48.0833 72.8011 17.72 60.0083 34.2053 22.2036 34.0147 86.1193 0.0 74.4131 83.1685 
28.6644 24.5967 31.1248 31.5529 58.1378 25.807 53.8292 74.5365 30.0167 42.8024 58.6111 69.326 8.06226 15.2971 66.6286 80.9151 58.9412 6.0 17.088 90.2941 16.7631 90.0397 47.6371 105.097 22.2036 37.8025 42.19 70.7365 23.6083 38.4757 85.1149 45.9416 82.3389 104.621 79.9284 70.4131 11.0 58.6661 8.94427 86.0338 72.5811 95.248 42.107 37.0 22.2036 20.5183 12.0 20.2485 50.4178 31.7845 27.1662 59.2557 65.9439 90.671 84.9748 94.0449 24.6982 74.4131 0.0 35.1141 
58.0786 55.0091 48.1664 38.4708 93.1087 54.0833 88.7933 74.8131 64.886 49.6488 82.2411 66.2722 34.2345 23.4307 83.4189 111.061 67.4166 33.541 18.0278 87.023 51.8652 113.476 56.7979 133.757 18.6011 68.6107 76.6877 106.934 58.3043 60.959 108.952 58.6686 88.0738 133.039 89.5377 80.3911 45.607 82.1025 37.2156 100.775 105.173 123.14 75.5381 72.111 15.0333 47.0956 33.0 23.6008 83.4176 35.1141 10.8167 65.4599 98.7328 114.107 82.0975 93.1343 54.0093 83.1685 35.1141 0.0 
DEMAND_SCENARIO_SECTION
0 0 0 0 0 0 0 0 0 0 0 0 0 0 0 0 0 0 0 0 0 0 0 0 0 0 0 0 0 0 0 0 0 0 0 0 0 0 0 0 0 0 0 0 0 0 0 0 0 0 0 0 0 0 0 0 0 0 0 0 0 0 0 0 0 0 0 0 0 0 0 0 0 0 0 0 0 0 0 0 0 0 0 0 0 0 0 0 0 0 0 0 0 0 0 0 0 0 0 0 0 0 0 0 0 0 0 0 0 0 0 0 0 0 0 0 0 0 0 0 0 0 0 0 0 0 0 0 0 0 0 0 0 0 0 0 0 0 0 0 0 0 0 0 0 0 0 0 0 0 0 0 0 0 0 0 0 0 0 0 0 0 0 0 0 0 0 0 0 0 0 0 0 0 0 0 0 0 0 0 0 0 0 0 0 0 0 0 0 0 0 0 0 0 0 0 0 0 0 0 
9 7 2 10 11 10 8 11 12 13 10 10 7 10 10 13 13 12 10 10 9 7 13 11 9 10 8 10 13 16 13 11 8 7 11 11 12 6 9 10 12 15 7 3 17 10 11 8 12 11 11 11 8 7 14 10 9 8 11 8 11 8 7 12 8 6 14 4 8 9 9 10 11 10 8 2 9 10 14 11 11 12 10 10 15 5 4 12 11 8 14 15 10 9 9 11 12 9 12 10 12 6 9 10 11 6 6 15 8 12 16 15 14 17 10 9 18 8 8 12 10 13 10 15 12 8 2 6 12 9 14 6 13 11 13 7 8 4 10 7 6 15 10 9 13 6 4 9 15 13 6 9 8 8 19 7 14 14 8 13 15 12 7 16 11 13 11 7 10 10 10 10 10 11 11 13 13 4 15 12 18 15 1 10 6 3 12 12 17 7 6 15 13 6 7 9 18 10 15 9 
3 3 4 2 0 5 2 6 2 3 2 2 3 1 3 1 4 4 3 3 2 4 2 4 3 4 4 4 3 1 1 4 2 4 2 2 5 4 3 3 1 2 3 6 2 4 4 2 2 4 3 5 5 5 4 2 3 2 2 4 3 3 4 4 5 4 5 1 4 4 4 4 5 3 5 3 3 4 3 3 4 2 3 5 5 3 3 4 4 2 3 5 3 3 4 3 3 3 2 3 2 3 4 6 2 3 2 3 2 5 3 2 5 3 1 2 2 3 2 2 4 1 2 2 3 5 3 2 2 2 2 4 4 2 2 3 3 3 1 5 4 3 4 4 3 3 2 4 2 4 2 2 4 4 2 2 3 1 3 3 3 3 2 1 2 3 2 1 3 4 2 2 4 3 4 5 2 2 4 4 4 2 2 5 3 4 4 2 3 4 3 3 2 3 4 4 5 3 2 2 
1 1 1 2 1 1 0 1 1 0 1 1 1 1 1 1 1 0 1 1 1 2 1 2 1 1 1 0 1 0 1 1 1 1 1 2 1 1 1 1 1 1 2 1 1 1 1 1 1 1 1 1 1 1 1 1 2 1 1 1 1 0 2 1 1 1 1 1 1 1 0 1 1 1 1 1 1 1 1 1 1 1 1 0 1 1 1 2 1 1 1 1 1 1 1 1 1 1 1 1 1 1 1 1 1 1 0 1 1 1 1 1 1 1 1 1 1 1 0 1 1 0 1 1 1 1 0 1 1 1 1 1 1 1 2 1 1 1 2 2 1 1 1 1 1 1 1 1 1 1 1 0 2 1 2 0 1 1 0 0 1 1 1 1 1 1 1 1 1 1 1 1 1 1 1 1 1 2 1 1 1 1 1 1 1 1 1 1 1 1 1 1 1 1 1 1 2 1 1 1 
1 1 1 1 0 1 1 1 1 1 1 1 1 1 1 1 1 1 1 1 1 1 2 1 1 1 1 1 1 1 1 1 1 1 1 1 1 0 1 1 0 1 1 1 0 0 1 1 1 1 1 1 1 1 1 1 2 1 1 1 1 2 1 1 1 2 1 1 1 1 1 1 1 1 1 1 1 1 1 1 1 1 1 1 1 1 1 1 1 1 1 1 1 1 1 0 0 1 0 2 1 1 0 1 1 1 1 1 1 1 1 1 1 1 1 1 2 1 1 1 1 1 1 1 0 1 2 1 1 1 1 1 1 1 1 1 1 1 1 1 1 1 1 1 1 1 1 1 1 2 1 1 1 1 1 1 2 1 1 1 1 1 1 1 1 0 1 1 1 1 1 1 1 1 1 1 2 2 1 1 1 1 1 1 1 1 1 1 1 1 0 1 1 1 1 1 1 0 1 2 
1 1 1 1 1 1 1 1 1 1 1 1 1 1 1 1 0 1 1 1 1 1 2 1 1 1 1 1 2 1 1 1 1 1 1 1 0 1 1 1 1 1 1 1 1 1 1 1 1 1 1 1 1 0 1 1 1 1 1 1 1 2 1 1 1 1 1 1 1 1 1 1 1 1 0 1 1 1 1 1 1 1 2 1 1 1 1 0 1 1 1 1 2 1 0 1 1 1 1 1 1 2 1 1 1 1 1 1 1 1 1 1 1 1 1 2 1 1 1 1 1 1 1 2 1 1 1 1 1 1 1 1 1 1 1 1 1 1 1 1 1 1 1 1 1 1 1 1 1 1 0 1 1 1 1 1 0 2 1 0 1 1 1 1 1 1 1 1 1 1 2 1 1 1 1 1 1 1 1 1 1 2 1 1 1 1 0 1 0 0 1 1 1 2 1 1 1 1 1 1 
8 6 7 6 4 6 5 4 6 6 6 4 5 6 4 4 4 5 6 7 6 3 6 6 6 4 5 3 7 6 5 3 3 5 4 6 7 4 4 6 6 5 4 5 6 5 4 3 8 1 4 7 3 6 3 5 2 3 6 6 6 8 5 6 7 2 7 3 5 5 6 7 8 6 3 8 3 7 3 7 1 6 4 6 3 5 4 3 4 5 5 4 6 7 5 4 7 2 4 6 9 6 4 5 8 3 4 6 4 6 5 5 6 4 6 5 5 2 5 4 4 4 6 5 2 4 8 3 3 5 5 8 4 6 5 6 4 0 5 7 4 7 2 5 0 6 7 7 6 5 2 6 4 5 7 8 5 7 5 4 6 6 6 1 5 5 2 5 2 6 6 6 5 2 7 6 4 6 6 6 3 5 6 0 6 5 3 2 7 3 2 5 4 5 4 6 6 3 6 4 
6 7 4 11 5 11 5 10 6 14 10 11 6 11 13 7 7 8 5 11 7 10 9 8 9 7 3 7 11 12 8 9 14 13 11 12 8 10 7 14 9 13 7 12 5 13 6 5 12 12 6 5 11 11 7 13 7 9 12 9 11 11 12 6 9 11 11 4 11 10 10 14 13 8 12 9 9 10 10 1 9 11 7 11 9 10 6 9 9 10 7 12 5 8 12 9 7 9 16 6 10 1 10 10 9 9 12 14 12 10 5 10 11 13 4 9 3 11 10 8 12 9 9 11 9 10 13 9 10 10 2 7 12 13 7 5 5 6 8 5 8 16 13 8 8 5 7 6 4 8 12 8 15 6 5 7 7 12 6 11 5 13 12 10 7 9 6 5 13 7 16 11 9 5 7 12 10 4 6 7 8 9 6 10 3 5 10 13 13 8 10 14 8 9 5 7 10 7 12 10 
3 5 4 4 5 5 5 3 6 5 4 8 7 6 8 5 7 5 6 5 6 2 8 8 3 4 5 7 6 6 7 8 4 7 6 2 7 5 9 5 5 3 7 5 6 4 5 6 6 5 4 4 6 5 4 5 5 4 9 5 7 5 5 4 6 5 5 3 4 6 6 5 3 5 5 6 5 5 1 4 6 6 5 5 5 5 3 6 5 5 4 4 8 3 6 9 3 3 7 4 5 6 4 6 7 6 4 5 4 7 3 4 6 5 4 6 6 7 6 4 2 6 5 6 6 4 4 4 5 5 5 4 4 3 5 6 5 6 7 5 7 7 7 3 7 4 5 1 6 7 7 6 6 2 5 5 5 7 7 3 4 5 5 7 7 1 6 7 7 5 4 7 5 4 6 5 6 5 6 7 6 4 4 6 5 3 7 8 4 7 4 4 7 4 4 7 8 3 4 5 
5 1 5 2 3 5 2 3 5 5 5 6 6 3 6 4 4 5 4 6 4 4 5 3 4 5 4 4 4 0 6 2 5 4 5 4 4 4 4 4 8 5 3 4 3 7 6 5 3 4 5 3 6 6 4 5 5 2 2 4 3 4 4 2 6 4 7 5 4 1 3 5 4 2 4 5 3 5 5 4 6 7 4 5 6 3 2 3 4 3 5 4 4 3 4 4 5 5 6 4 3 6 3 5 5 6 4 3 4 4 4 3 2 6 2 5 4 3 7 5 4 3 2 4 5 5 3 3 4 1 4 5 4 3 4 4 3 4 3 4 3 4 4 4 3 2 4 2 5 5 3 4 7 7 2 5 3 7 3 5 2 3 5 3 4 4 0 3 4 3 6 5 7 3 3 2 3 4 3 5 2 5 3 6 4 4 3 3 4 5 4 4 5 4 3 4 4 5 2 5 
10 9 10 16 10 18 11 8 15 6 11 11 12 12 6 16 11 8 5 9 7 15 10 11 7 17 6 9 11 9 10 7 6 7 6 9 10 10 11 11 8 16 9 15 5 9 9 11 8 3 3 7 11 12 12 9 11 10 12 10 12 12 10 16 10 13 16 10 9 13 10 9 14 9 9 10 10 16 13 4 6 12 8 9 9 15 17 12 10 8 7 9 8 9 7 10 9 10 4 7 9 14 14 0 14 11 11 13 12 12 6 14 10 8 10 14 6 17 2 10 9 13 8 13 7 7 10 12 4 8 5 8 14 12 12 12 11 11 0 11 11 13 12 6 5 8 10 9 8 17 6 11 13 4 7 9 9 4 18 10 6 7 3 8 13 9 9 9 9 10 12 10 10 14 18 10 6 10 13 13 8 10 8 12 8 14 12 11 12 8 10 5 6 10 14 10 9 13 11 11 
9 9 9 8 9 8 5 13 10 7 9 5 6 12 2 5 14 10 10 6 8 5 9 6 7 10 9 10 6 6 2 8 5 7 6 8 7 8 9 11 12 7 13 5 5 8 13 7 6 14 15 8 12 4 8 10 5 9 10 9 9 8 8 7 9 6 6 6 6 10 5 5 12 5 12 7 10 7 8 9 9 12 9 13 6 11 8 10 8 14 8 11 9 2 7 6 3 7 11 8 8 8 8 9 4 8 11 7 12 10 6 6 7 12 9 9 9 8 8 5 13 3 13 1 10 3 11 3 6 13 6 11 8 11 11 8 8 9 14 6 4 6 8 5 7 3 7 9 12 9 7 8 6 6 11 13 8 5 10 5 8 8 10 11 6 10 11 8 14 9 6 13 5 10 7 6 10 6 11 7 8 6 7 8 6 12 8 8 5 9 9 8 6 2 9 10 7 8 0 2 
7 9 11 8 10 3 9 9 2 5 7 8 7 7 10 10 10 8 3 9 10 17 11 7 5 10 5 7 11 15 7 11 7 8 14 7 5 8 7 13 11 13 6 6 13 6 12 11 11 9 4 6 10 16 5 10 13 5 12 8 13 10 8 4 7 8 7 7 15 8 8 7 4 9 6 6 10 8 9 11 6 8 10 2 10 10 5 10 9 11 12 11 9 7 13 8 12 8 12 9 6 6 8 5 10 9 7 13 6 7 8 10 11 8 8 7 7 3 11 9 7 10 4 8 8 11 8 11 10 8 15 11 11 8 11 11 10 10 9 7 7 7 11 7 8 11 8 10 9 10 7 12 14 8 11 8 6 13 13 12 13 8 11 6 8 11 5 5 8 12 13 8 11 13 12 10 11 9 4 9 6 8 7 7 16 15 10 9 11 11 7 11 15 15 11 9 7 8 6 8 
5 5 5 5 7 3 5 8 4 3 5 4 5 9 7 6 7 4 5 5 5 9 7 8 7 9 5 6 4 5 5 7 9 6 5 8 10 9 5 1 5 8 6 4 7 7 7 7 6 9 8 4 5 6 1 7 7 6 9 3 6 8 8 3 6 4 6 8 7 3 6 6 8 5 5 4 5 7 3 4 7 6 9 6 2 6 5 7 6 3 8 6 4 8 6 5 9 10 2 7 2 9 3 7 6 3 7 7 7 5 6 5 10 3 3 8 1 8 6 8 6 3 11 7 1 7 6 6 4 4 5 9 7 8 7 7 3 2 6 4 8 10 7 10 10 7 4 6 3 6 6 5 7 6 7 6 7 5 9 9 9 7 8 7 2 7 4 4 6 8 7 9 7 7 5 7 5 7 7 5 6 6 5 10 8 3 9 6 6 5 8 6 7 2 6 6 3 6 6 4 
4 4 3 4 2 3 2 4 1 5 4 2 4 3 2 2 2 5 3 4 2 2 3 3 3 2 4 4 2 5 5 3 3 3 4 3 3 4 4 2 3 4 4 2 4 2 2 4 3 3 2 3 4 4 5 2 5 4 3 3 5 3 3 1 3 3 5 3 2 3 3 5 3 4 3 4 3 2 3 4 4 3 3 1 2 5 3 2 5 3 4 4 3 3 3 3 2 3 5 4 2 3 2 3 3 2 2 1 3 4 5 2 3 4 2 2 4 2 3 2 1 3 0 1 4 4 3 1 2 3 3 3 2 4 3 3 2 3 5 2 3 4 4 1 3 4 4 2 4 4 2 3 2 4 3 4 3 2 2 3 4 4 4 5 2 2 3 2 4 3 3 0 4 4 1 2 3 3 4 3 3 3 5 2 3 4 3 4 4 2 4 2 4 3 3 1 3 5 2 3 
3 3 1 2 3 1 1 2 2 2 2 2 2 1 3 3 3 1 3 2 3 4 1 1 2 1 1 3 2 2 1 1 2 2 2 2 1 2 1 2 3 2 2 3 3 3 3 0 2 3 2 3 1 1 2 1 3 2 3 2 3 2 3 3 2 2 3 3 2 2 2 3 3 2 2 1 1 1 3 3 2 1 1 1 2 2 2 3 2 2 1 3 3 1 2 3 2 2 2 2 2 2 2 3 2 1 2 2 2 1 2 3 2 3 2 2 1 2 2 1 2 3 3 1 2 3 2 1 3 1 2 2 2 3 2 2 2 2 3 3 1 3 2 1 1 2 3 2 2 2 1 2 2 1 2 1 2 3 2 2 2 2 1 1 2 3 3 2 2 2 2 2 1 2 2 2 2 1 2 1 2 2 2 3 1 1 2 1 1 2 1 2 4 2 2 3 3 3 3 2 
2 1 3 3 3 2 2 2 2 2 2 2 2 2 3 3 2 1 3 2 1 2 2 1 2 3 2 3 2 2 2 2 3 2 2 2 3 2 3 1 2 2 2 2 1 2 2 2 2 3 2 2 2 2 3 2 3 1 3 2 2 2 2 2 3 3 3 2 2 2 1 2 2 3 2 2 2 2 1 2 2 1 1 2 1 1 2 3 2 2 2 2 2 2 2 2 3 1 3 3 1 2 1 1 2 1 2 1 2 2 1 2 2 3 2 2 1 1 2 2 3 3 1 2 3 3 2 1 2 1 3 3 1 3 2 2 2 3 2 3 3 3 3 1 2 2 2 2 2 3 1 1 1 3 2 3 2 3 3 2 1 2 1 2 3 2 1 1 1 1 1 2 1 1 1 2 2 1 2 2 2 0 1 2 1 3 3 2 1 2 3 0 2 3 1 2 2 3 2 2 
2 2 3 4 5 5 3 3 4 2 5 5 3 5 6 3 5 5 4 4 2 4 4 4 3 4 6 6 4 5 4 4 4 4 5 3 3 4 3 5 3 4 3 5 6 3 7 4 3 5 2 2 3 4 2 4 5 3 4 4 4 5 3 7 6 4 5 4 5 5 4 4 4 4 6 6 2 4 2 5 4 2 3 4 4 5 3 1 2 3 3 5 3 5 4 3 7 5 4 4 3 4 3 3 4 4 4 4 2 4 5 4 6 4 5 4 6 4 5 3 3 4 4 2 3 5 5 4 4 2 2 2 5 5 3 5 5 2 4 3 4 2 4 5 3 3 3 5 5 4 3 4 2 6 2 4 5 6 5 2 3 5 4 2 5 5 2 4 3 5 6 4 4 4 3 4 4 5 4 1 5 4 2 2 4 5 6 2 4 5 4 4 4 2 6 5 4 6 4 5 
1 1 1 1 2 1 0 1 1 2 1 1 1 1 1 2 1 1 1 1 1 0 1 1 1 1 1 0 1 1 1 1 1 2 1 1 1 1 1 1 1 1 1 1 1 1 1 1 1 1 1 2 0 1 1 1 1 1 1 1 1 1 1 2 0 1 1 1 1 2 1 1 1 1 1 2 2 1 1 2 1 1 1 1 1 1 1 1 1 1 2 1 1 1 1 1 1 2 1 1 1 1 1 1 1 1 1 1 1 1 1 1 1 1 1 1 1 1 1 0 1 1 1 1 1 1 1 1 1 1 1 1 1 1 1 1 0 1 1 1 1 2 1 1 2 1 1 1 1 1 0 1 1 1 1 1 1 1 1 1 1 1 1 1 1 1 1 1 1 1 1 1 2 1 1 1 1 1 1 1 1 1 1 1 1 1 1 1 1 1 1 1 1 1 1 1 2 0 1 1 
7 6 6 10 3 2 4 7 4 5 6 9 6 9 4 8 7 5 5 9 5 7 5 5 3 10 4 8 7 5 4 5 5 3 5 4 5 7 8 8 5 7 9 4 5 6 2 6 5 6 7 6 8 9 7 8 5 8 8 8 5 6 8 0 6 4 6 7 6 6 6 3 4 3 5 5 7 5 6 8 1 6 4 3 8 4 8 7 7 9 6 6 1 8 4 5 4 6 5 8 4 7 8 9 4 3 6 8 4 7 8 5 6 7 7 6 7 7 7 3 8 5 3 8 8 4 4 7 7 7 2 7 5 4 4 5 1 3 4 7 7 9 6 7 7 4 4 6 8 6 3 9 5 5 5 10 8 7 6 5 7 4 6 8 10 7 6 3 9 8 5 6 5 5 4 6 7 6 6 4 6 8 5 6 9 6 5 8 9 4 8 4 4 10 11 8 4 7 6 6 
10 7 6 9 12 6 8 4 9 8 7 8 4 8 6 6 10 7 7 7 8 7 6 1 13 6 4 8 6 3 8 6 12 10 10 4 8 5 8 4 5 4 7 9 4 6 0 6 5 4 7 8 2 3 9 6 9 6 6 7 5 5 7 8 8 4 11 11 9 8 8 7 7 7 4 6 5 3 10 6 5 4 7 6 11 6 5 4 8 7 10 4 8 4 7 4 7 7 5 9 5 13 8 6 7 12 5 12 7 4 11 6 4 9 8 9 4 4 6 9 7 4 8 5 7 3 8 6 5 6 6 8 3 12 8 5 6 6 4 11 8 8 6 11 8 7 7 9 6 5 5 7 11 2 14 10 8 4 9 4 6 4 11 10 6 12 2 7 8 11 3 6 8 6 5 2 5 9 4 8 9 4 8 6 6 6 7 6 6 5 10 9 7 7 6 6 3 5 5 5 
12 10 11 8 4 10 11 10 11 9 11 5 10 9 11 5 17 9 9 10 12 13 5 8 14 2 5 10 6 13 10 5 7 12 2 9 8 5 8 8 12 7 11 11 6 8 8 11 4 9 10 13 9 15 10 7 9 12 3 4 5 8 7 8 13 7 4 11 10 10 7 5 10 17 8 5 6 8 13 9 8 10 10 8 1 11 8 6 9 7 13 11 9 9 11 12 10 8 15 10 12 6 11 5 10 11 12 13 7 14 5 9 11 3 8 7 12 6 9 12 10 12 12 5 10 7 7 11 7 8 11 8 8 6 10 5 9 11 11 4 10 5 2 6 10 10 10 13 8 12 9 14 9 6 9 13 10 5 8 8 7 10 3 6 10 10 11 13 7 4 8 9 7 10 8 13 12 6 9 2 10 8 12 7 13 9 5 7 6 9 3 9 7 13 17 16 7 10 6 13 
8 10 17 6 9 8 16 12 12 10 9 18 11 12 5 10 11 12 10 16 11 9 14 10 10 13 11 16 10 1 10 14 12 7 5 10 9 9 2 7 5 12 11 13 10 10 13 14 7 8 8 12 13 19 15 16 4 15 11 11 10 15 10 11 2 9 11 12 13 10 17 10 10 7 8 3 11 10 12 14 9 10 13 10 8 14 10 14 4 9 11 10 5 11 9 11 10 15 9 7 7 9 12 13 9 9 15 11 8 13 14 11 14 15 7 11 14 15 12 19 11 7 9 13 12 8 10 10 13 14 6 5 7 10 10 9 10 8 15 8 3 17 12 7 12 11 7 6 9 6 12 7 9 14 11 11 12 14 2 15 11 12 10 9 10 8 10 6 11 10 9 10 6 7 8 7 5 6 5 4 8 12 6 6 11 9 11 14 8 8 10 14 11 5 9 15 13 2 6 11 
