NAME  : Jabali_60_3_0.85_1_7
TYPE : SVRP
MODEL : FINITE_SUPPORT
NUMBER_OF_SCENARIOS : 200
DIMENSION : 60
EDGE_WEIGHT_TYPE : MATRIX
CAPACITY : 124
N_VEHICLES : 3
NODE_COORD_SECTION
1 5088 4100
2 7537 3473
3 8722 3944
4 5307 2698
5 5248 3795
6 4314 7776
7 3700 7894
8 417 4012
9 8195 3568
10 2880 6395
11 1790 2629
12 2608 3556
13 9250 4591
14 6094 2103
15 5159 7874
16 627 4897
17 3793 1341
18 2606 3202
19 7829 5848
20 3065 3828
21 2564 6429
22 6199 3619
23 7551 6252
24 6384 3742
25 2338 4088
26 4042 7478
27 4496 8826
28 3940 3836
29 4659 18
30 7140 2050
31 5838 4231
32 6028 2078
33 1629 4202
34 4774 8264
35 3300 8442
36 6950 7090
37 6810 2805
38 27 3965
39 6204 4543
40 3329 6960
41 4825 849
42 3626 8594
43 8457 3996
44 5064 6084
45 1337 3804
46 5373 5617
47 5612 7879
48 4940 5404
49 3274 1092
50 4930 2599
51 3679 2381
52 657 4152
53 2557 6691
54 1879 5591
55 1950 4356
56 4377 3772
57 1261 4016
58 3192 5565
59 5965 1046
60 2774 7307
DEMAND_SECTION
1 0.0
2 6.0
3 10.0
4 4.0
5 6.0
6 1.0
7 9.0
8 3.0
9 5.0
10 3.0
11 1.0
12 9.0
13 9.0
14 8.0
15 2.0
16 7.0
17 4.0
18 1.0
19 3.0
20 4.0
21 7.0
22 2.0
23 8.0
24 5.0
25 4.0
26 8.0
27 4.0
28 4.0
29 4.0
30 9.0
31 1.0
32 8.0
33 8.0
34 7.0
35 8.0
36 8.0
37 10.0
38 4.0
39 1.0
40 9.0
41 6.0
42 3.0
43 5.0
44 3.0
45 2.0
46 10.0
47 10.0
48 7.0
49 3.0
50 9.0
51 6.0
52 6.0
53 2.0
54 4.0
55 4.0
56 7.0
57 3.0
58 1.0
59 2.0
60 10.0
DEVIATION_SECTION
1 0.0
2 2.0
3 3.33333
4 1.33333
5 2.0
6 0.333333
7 3.0
8 1.0
9 1.66667
10 1.0
11 0.333333
12 3.0
13 3.0
14 2.66667
15 0.666667
16 2.33333
17 1.33333
18 0.333333
19 1.0
20 1.33333
21 2.33333
22 0.666667
23 2.66667
24 1.66667
25 1.33333
26 2.66667
27 1.33333
28 1.33333
29 1.33333
30 3.0
31 0.333333
32 2.66667
33 2.66667
34 2.33333
35 2.66667
36 2.66667
37 3.33333
38 1.33333
39 0.333333
40 3.0
41 2.0
42 1.0
43 1.66667
44 1.0
45 0.666667
46 3.33333
47 3.33333
48 2.33333
49 1.0
50 3.0
51 2.0
52 2.0
53 0.666667
54 1.33333
55 1.33333
56 2.33333
57 1.0
58 0.333333
59 0.666667
60 3.33333
DISTANCE_MATRIX
0.0 34.3245 50.6881 19.105 4.12311 52.2438 58.3053 62.9107 43.4178 46.833 49.3356 34.0 56.432 30.0832 51.6321 63.5877 44.1048 35.4683 44.1475 28.0631 49.3897 17.088 44.1814 18.7883 39.4903 51.6719 64.8803 16.1555 56.761 39.0128 10.6301 30.0832 47.4322 56.9089 67.0544 47.0744 29.1548 67.8067 16.1245 51.6897 45.3678 66.0587 48.445 27.6009 50.804 20.6167 51.3009 21.6347 49.2447 19.3863 31.4006 60.2628 51.7014 50.5099 44.6619 11.1803 51.6619 35.1861 43.4166 57.0465 
34.3245 0.0 17.8045 31.9531 30.6914 73.1158 79.5727 93.4394 10.0 78.9934 76.6086 63.4847 27.7308 28.1603 67.6618 94.1177 57.7062 63.7602 30.1108 58.9284 82.3975 18.4005 34.7105 18.9284 70.0203 72.9392 82.6592 46.1309 61.1882 22.8035 27.5299 28.1603 77.9622 74.477 88.3195 47.0688 14.5602 98.3144 30.5221 83.2063 51.2445 87.1097 15.0 51.6431 81.2856 45.3246 64.4758 48.0158 64.9384 36.2891 53.2647 90.7927 83.956 82.306 75.1919 40.5554 82.1919 66.9822 40.1622 88.2537 
50.6881 17.8045 0.0 49.1935 48.1478 77.1622 83.6908 110.896 8.544 83.1892 94.0649 80.941 11.0454 42.7551 71.1758 111.245 73.7631 81.2165 28.6356 76.3847 86.5933 35.8568 34.5398 36.3847 87.4766 77.0573 86.209 63.5872 74.0068 32.1403 40.1325 42.7551 98.0926 78.1025 92.4392 48.3839 28.8617 115.771 34.7179 87.4021 65.2763 91.1373 2.82843 55.8389 98.742 49.5204 67.6018 52.2116 81.0432 53.7122 70.4471 110.923 88.1518 93.2321 95.3223 58.0118 99.6482 76.288 52.0384 92.4495 
19.105 31.9531 49.1935 0.0 15.6205 73.8867 76.9915 71.7015 40.7063 57.7323 46.5161 41.7465 59.6154 14.1421 70.0011 72.3807 27.074 42.022 56.1427 37.2374 60.289 19.105 57.8705 21.2132 48.2833 73.3148 83.5665 24.4839 37.8021 27.7308 22.1359 14.1421 56.2252 75.2779 83.406 63.6946 21.9317 76.5768 27.6586 62.589 26.4008 85.7149 46.5188 45.9699 59.5485 38.9858 69.67 40.0037 34.0 5.0 21.3132 69.0557 62.6007 61.4092 53.4549 19.0684 60.4549 46.0854 25.2982 67.9458 
4.12311 30.6914 48.1478 15.6205 0.0 55.04 61.1016 64.5372 39.7848 48.6247 49.7695 35.2278 55.1437 26.0 54.4283 65.3794 40.9135 36.2353 44.4072 29.7321 51.1814 13.8924 45.0 15.8114 41.1168 54.4681 67.6765 17.2047 53.4135 35.0 9.48683 26.0 49.0587 59.7051 69.8506 49.0408 25.318 69.4332 15.5242 53.4814 42.0119 68.8549 45.4162 30.3971 52.4305 23.4129 54.0971 24.4309 47.3161 16.195 30.0167 61.8892 53.4931 52.3016 46.4536 11.6619 53.2884 36.9778 39.4462 58.8382 
52.2438 73.1158 77.1622 73.8867 55.04 0.0 7.81025 73.0 74.9612 27.0185 77.621 64.6214 79.6241 79.2141 11.6619 63.2851 88.6083 68.1359 53.7587 57.6957 29.0689 60.4216 48.4665 60.731 57.009 5.09902 14.2127 55.2905 111.529 84.5159 51.3301 79.2141 60.8276 9.05539 15.5242 36.8917 73.9244 77.0584 50.448 17.1172 100.136 14.0 75.06 24.7444 66.7533 31.6317 17.2047 34.2059 92.9831 74.154 74.7041 70.0071 27.2947 44.0 57.2713 55.4486 65.4905 34.7361 93.235 20.2485 
58.3053 79.5727 83.6908 76.9915 61.1016 7.81025 0.0 68.2642 81.418 23.0868 75.1532 62.2451 86.5852 85.2757 19.2094 58.0 88.7294 65.7891 61.0983 56.736 24.3311 66.4832 55.9464 66.8435 54.5619 7.0 16.2788 56.4629 108.41 90.508 57.3916 85.2757 57.28 14.8661 9.05539 44.6542 79.986 72.0625 56.5157 14.4222 103.24 9.43398 81.5252 30.8059 63.0635 37.6933 24.8395 40.2675 92.9233 77.2588 74.5179 65.3758 22.0907 39.4588 54.0833 58.5534 61.6117 32.5084 99.7845 14.0357 
62.9107 93.4394 110.896 71.7015 64.5372 73.0 68.2642 0.0 102.533 46.0109 26.0 30.2324 119.315 79.5964 83.2166 11.6619 57.4282 31.305 103.601 34.8511 44.0454 77.8724 101.518 79.9889 26.1725 68.0074 84.4808 47.462 78.1025 95.0396 73.4524 79.5964 16.4012 82.0061 70.6116 98.0306 86.6481 5.0 79.0337 56.0357 72.1803 74.3303 108.164 68.0074 12.2066 69.7782 87.6231 64.4859 55.0 71.9688 48.7032 3.16228 46.1736 29.0 20.8087 53.1189 11.3137 42.72 83.1685 54.4518 
43.4178 10.0 8.544 40.7063 39.7848 74.9612 81.418 102.533 0.0 80.8388 85.702 72.578 19.4165 34.3657 69.5072 103.211 65.2534 72.8536 30.4795 68.0217 84.2428 27.4939 35.805 28.0217 79.1137 74.7845 84.5046 55.2242 66.1211 24.7386 37.7821 34.3657 87.0556 76.3223 90.1649 48.7647 20.3961 107.408 32.3675 85.0516 57.0789 88.9551 6.08276 53.4885 90.379 47.1699 66.3211 49.8612 72.5328 45.2769 61.9333 99.8861 85.8014 90.8817 84.2852 49.6488 91.2852 73.9375 44.2832 90.099 
46.833 78.9934 83.1892 57.7323 48.6247 27.0185 23.0868 46.0109 80.8388 0.0 52.3546 39.6699 88.5752 69.8903 37.3363 36.6742 69.8963 43.2139 67.6051 43.2722 3.60555 60.7971 64.2205 61.1574 31.9061 22.0 39.2938 37.1397 89.4945 81.0622 51.7055 69.8903 34.2053 36.0555 28.0179 57.9672 72.5074 50.1597 51.3877 10.0499 80.3784 30.8869 80.9461 29.428 40.025 34.1006 41.9762 31.1626 73.5542 57.9996 55.7163 43.0 5.0 17.0294 31.0161 39.2938 38.6394 12.083 82.5274 11.3137 
49.3356 76.6086 94.0649 46.5161 49.7695 77.621 75.1532 26.0 85.702 52.3546 0.0 17.0294 104.31 56.2029 85.4963 33.5261 31.7805 14.1421 93.4077 24.0208 52.1536 61.4622 92.997 63.6786 20.6155 72.5355 91.0 33.2415 52.1536 71.0664 59.2368 56.2029 20.6155 86.626 80.2621 93.1343 67.6999 29.2746 65.192 60.9262 46.8402 83.2406 91.3333 64.0703 17.4642 63.1269 88.5111 57.1402 29.0 55.1377 25.6125 25.1794 54.9181 38.9487 22.0227 38.2753 19.6977 43.3244 59.0339 63.2851 
34.0 63.4847 80.941 41.7465 35.2278 64.6214 62.2451 30.2324 72.578 39.6699 17.0294 0.0 90.2869 52.0217 68.7872 31.7805 33.5261 4.24264 77.7231 7.0 39.8281 48.1664 76.7448 50.3289 7.82843 59.5359 78.0068 18.0278 54.5711 65.0846 44.4185 52.0217 15.5242 70.8123 67.6817 76.2365 56.693 35.0 50.1199 47.9535 46.1736 70.5134 78.2094 47.0425 18.0278 46.2709 71.5897 40.3113 34.4819 42.0137 21.0238 27.7849 42.6431 28.3238 13.0 23.6008 19.2354 30.2982 55.5947 50.8039 
56.432 27.7308 11.0454 59.6154 55.1437 79.6241 86.5852 119.315 19.4165 88.5752 104.31 90.2869 0.0 53.7587 72.2496 116.989 84.6463 91.3769 27.0185 84.4674 91.9793 46.1015 33.0606 46.6293 95.8946 79.9544 87.1436 72.2721 85.0 43.0465 45.8764 53.7587 103.837 79.3095 95.1262 47.1699 39.8121 124.211 40.4618 89.0575 76.3217 93.3809 13.3417 60.4152 107.208 54.5894 68.0294 57.6888 91.9239 63.99 80.924 116.667 93.5378 98.7364 101.066 66.7999 108.066 81.7923 63.0079 95.2689 
30.0832 28.1603 42.7551 14.1421 26.0 79.2141 85.2757 79.5964 34.3657 69.8903 56.2029 52.0217 53.7587 0.0 78.6003 84.5387 31.3847 49.0998 57.2616 49.3954 72.447 20.8087 60.0813 21.9545 60.4413 78.6422 91.8507 36.6419 33.2415 14.8661 28.3196 0.0 68.3832 83.8792 94.0248 68.5055 14.0357 83.7814 32.0156 74.0425 23.0868 93.0291 40.4475 54.5712 68.0512 47.5871 77.9872 48.605 38.6264 18.6815 31.0 77.7647 74.7587 73.5672 65.6129 31.2264 69.7922 58.2434 14.1421 79.3993 
51.6321 67.6618 71.1758 70.0011 54.4283 11.6619 19.2094 83.2166 69.5072 37.3363 85.4963 68.7872 72.2496 78.6003 0.0 73.9797 91.8038 72.4321 45.5412 61.9919 39.8121 59.1692 39.8121 59.0593 65.1153 15.8114 15.0333 58.6686 107.96 83.2786 50.4777 78.6003 70.1191 7.07107 25.2389 26.9258 72.6871 87.4643 48.3011 27.2947 96.567 22.3607 69.3542 25.4951 76.1119 31.241 5.65685 35.3836 96.3846 70.5856 78.032 80.1561 38.3275 54.3323 66.2722 58.5014 75.0267 42.4264 92.6233 31.7805 
63.5877 94.1177 111.245 72.3807 65.3794 63.2851 58.0 11.6619 103.211 36.6742 33.5261 31.7805 116.989 84.5387 73.9797 0.0 63.0714 34.2345 98.2293 35.5281 34.2345 79.1288 95.7183 81.132 25.632 58.4209 74.0608 48.139 84.214 95.7188 74.1294 84.5387 16.2788 72.1734 59.6825 90.8735 87.3273 14.3178 79.437 46.6905 77.0584 63.5059 109.002 61.2944 16.2788 64.0703 78.6448 59.203 61.8142 72.648 52.345 9.89949 36.0555 19.9249 19.3132 53.7959 14.1421 35.8469 86.9053 44.0114 
44.1048 57.7062 73.7631 27.074 40.9135 88.6083 88.7294 57.4282 65.2534 69.8963 31.7805 33.5261 84.6463 31.3847 91.8038 63.0714 0.0 29.8329 83.2166 36.2353 72.453 46.0 84.8528 48.0104 41.156 87.924 101.944 33.3435 21.2132 45.2769 48.8365 31.3847 47.3814 94.9289 95.6799 89.8649 44.9222 61.0 54.5894 74.8628 15.2315 97.4528 71.3092 66.9727 47.0 64.9532 93.3278 58.0416 7.28011 24.7386 14.2127 56.1427 74.7647 61.6513 46.0977 34.6596 49.0102 58.2494 29.0689 80.216 
35.4683 63.7602 81.2165 42.022 36.2353 68.1359 65.7891 31.305 72.8536 43.2139 14.1421 4.24264 91.3769 49.0998 72.4321 34.2345 29.8329 0.0 79.4041 10.4403 43.3722 48.6004 78.9598 50.8035 11.3724 67.564 81.4713 19.3132 50.9902 63.9632 45.618 49.0998 18.0278 74.4573 71.2257 79.0569 56.9685 35.8469 51.4782 51.4975 43.0116 74.0574 78.4849 50.2494 19.3132 49.0408 75.1864 43.0465 30.4138 42.2893 18.1108 29.1548 46.1871 31.8678 16.2788 24.5967 20.8806 33.8422 52.6727 54.3479 
44.1475 30.1108 28.6356 56.1427 44.4072 53.7587 61.0983 103.601 30.4795 67.6051 93.4077 77.7231 27.0185 57.2616 45.5412 98.2293 83.2166 79.4041 0.0 71.4485 71.0092 37.4833 6.08276 35.6931 82.436 54.626 60.2993 60.1664 90.2416 52.6976 35.1283 57.2616 87.8531 52.6118 69.2604 20.2237 44.5984 108.52 29.0689 63.7384 79.555 67.1863 27.7849 38.2099 93.5611 34.2053 41.1096 39.1152 90.0888 59.0 74.1687 100.468 72.5677 79.511 83.281 55.3173 93.2351 62.6259 70.2293 69.9497 
28.0631 58.9284 76.3847 37.2374 29.7321 57.6957 56.736 34.8511 68.0217 43.2722 24.0208 7.0 84.4674 49.3954 61.9919 35.5281 36.2353 10.4403 71.4485 0.0 43.4305 43.1856 69.9503 45.2769 11.4308 57.1238 71.0311 12.8062 56.648 60.5755 38.6048 49.3954 19.3727 64.0171 63.1506 69.2604 52.1839 39.7471 44.1861 42.3335 47.5464 65.4594 73.6531 40.05 22.7445 39.3192 64.7611 33.3766 38.4187 37.5047 22.4722 32.2032 46.2454 31.9261 16.6023 18.4391 23.6023 25.72 56.9246 54.4063 
49.3897 82.3975 86.5933 60.289 51.1814 29.0689 24.3311 44.0454 84.2428 3.60555 52.1536 39.8281 91.9793 72.447 39.8121 34.2345 72.453 43.3722 71.0092 43.4305 0.0 64.2012 67.6246 64.5615 32.0156 24.1868 40.6079 39.6965 92.0512 83.619 55.1096 72.447 33.2415 38.0132 28.178 61.3713 75.0641 48.0104 54.7918 12.6491 82.9351 31.3847 84.3501 32.8321 38.8973 37.5047 44.643 34.5667 73.7383 60.5563 58.273 41.1096 2.82843 15.1327 30.4138 41.8505 37.3631 14.3178 85.0841 11.1803 
17.088 18.4005 35.8568 19.105 13.8924 60.4216 66.4832 77.8724 27.4939 60.7971 61.4622 48.1664 46.1015 20.8087 59.1692 79.1288 46.0 48.6004 37.4833 43.1856 64.2012 0.0 39.8497 2.23607 54.4521 59.8497 72.9178 30.4138 53.3104 24.0416 9.21954 20.8087 62.394 64.846 75.2323 47.7074 13.5275 82.7685 11.3137 65.01 42.3792 74.2366 33.1252 35.7787 65.7647 28.7924 58.0086 29.8125 53.0377 22.8035 40.0789 75.2245 65.7597 66.0509 59.6236 24.7588 66.6236 50.7271 34.8281 70.3668 
44.1814 34.7105 34.5398 57.8705 45.0 48.4665 55.9464 101.518 35.805 64.2205 92.997 76.7448 33.0606 60.0813 39.8121 95.7183 84.8528 78.9598 6.08276 69.9503 67.6246 39.8497 0.0 38.2753 80.9373 49.6488 54.4518 59.8415 93.0484 57.2973 36.1248 60.0813 85.6338 46.8722 63.9062 14.1421 49.1981 106.438 30.2655 58.7532 82.2192 61.6847 33.541 34.8281 91.3418 31.7648 35.2278 37.1618 91.5478 60.2993 75.0067 98.387 69.1831 76.6094 81.1999 55.3263 91.0158 59.9083 73.8872 64.9645 
18.7883 18.9284 36.3847 21.2132 15.8114 60.731 66.8435 79.9889 28.0217 61.1574 63.6786 50.3289 46.6293 21.9545 59.0593 81.132 48.0104 50.8035 35.6931 45.2769 64.5615 2.23607 38.2753 0.0 56.5685 60.2101 73.0068 32.5269 54.7814 24.6469 10.0 21.9545 64.5104 64.8845 75.5926 46.6154 14.0554 84.8849 10.8167 65.3703 43.9659 74.5969 33.6531 36.139 67.8823 29.1204 57.6888 30.1729 55.0818 25.0 42.2616 77.341 66.12 68.0541 61.7401 26.8701 68.7401 52.7303 35.805 70.7272 
39.4903 70.0203 87.4766 48.2833 41.1168 57.009 54.5619 26.1725 79.1137 31.9061 20.6155 7.82843 95.8946 60.4413 65.1153 25.632 41.156 11.3724 82.436 11.4308 32.0156 54.4521 80.9373 56.5685 0.0 51.9235 70.3847 24.0416 62.2675 71.6214 50.032 60.4413 10.0 65.9859 59.9083 75.2415 63.2299 31.1448 55.6133 40.3113 53.985 62.7694 84.745 45.2855 14.4222 49.9028 68.469 44.0595 41.5933 48.5506 28.8477 23.3452 34.8281 20.5913 6.32456 29.6985 14.8661 22.8035 63.4193 43.0116 
51.6719 72.9392 77.0573 73.3148 54.4681 5.09902 7.0 68.0074 74.7845 22.0 72.5355 59.5359 79.9544 78.6422 15.8114 58.4209 87.924 67.564 54.626 57.1238 24.1868 59.8497 49.6488 60.2101 51.9235 0.0 18.868 54.7186 110.957 83.8745 50.7582 78.6422 55.7315 14.1421 16.0312 39.0512 73.3525 72.111 49.8823 12.0416 99.5636 15.8114 74.8918 24.1725 61.6604 31.0598 21.0238 33.634 92.4112 73.5821 74.1322 65.0 22.561 39.0128 52.1728 54.8767 60.407 29.6506 92.6631 16.1245 
64.8803 82.6592 86.209 83.5665 67.6765 14.2127 16.2788 84.4808 84.5046 39.2938 91.0 78.0068 87.1436 91.8507 15.0333 74.0608 101.944 81.4713 60.2993 71.0311 40.6079 72.9178 54.4518 73.0068 70.3847 18.868 0.0 68.6259 121.208 97.0355 63.9531 91.8507 73.4983 8.24621 16.1555 41.0 86.444 88.2043 62.3939 30.0832 109.815 12.083 84.3801 37.7359 79.3095 44.2945 19.2354 47.4342 106.319 83.8338 88.0396 81.6149 38.3275 55.7315 70.214 68.7841 77.8781 48.1215 105.872 30.0666 
16.1555 46.1309 63.5872 24.4839 17.2047 55.2905 56.4629 47.462 55.2242 37.1397 33.2415 18.0278 72.2721 36.6419 58.6686 48.139 33.3435 19.3132 60.1664 12.8062 39.6965 30.4138 59.8415 32.5269 24.0416 54.7186 68.6259 0.0 52.9265 47.822 26.4197 36.6419 31.9835 61.6119 62.8775 61.131 39.4304 52.358 32.2025 42.0604 43.8104 65.1863 60.8556 34.176 35.3553 31.4006 60.4152 25.4951 37.7359 24.7512 19.4165 44.8141 42.0082 40.8167 29.2132 5.65685 36.2132 25.4929 49.279 47.4595 
56.761 61.1882 74.0068 37.8021 53.4135 111.529 108.41 78.1025 66.1211 89.4945 52.1536 54.5711 85.0 33.2415 107.96 84.214 21.2132 50.9902 90.2416 56.648 92.0512 53.3104 93.0484 54.7814 62.2675 110.957 121.208 52.9265 0.0 42.0476 59.1692 33.2415 68.593 113.237 115.278 100.648 46.6905 81.3941 63.9531 94.4611 11.4018 117.133 72.0625 83.929 68.0661 76.7854 107.47 77.9628 23.3452 38.1838 34.176 77.0065 94.3629 82.7629 67.2681 56.7104 70.1142 77.8476 22.0227 99.8143 
39.0128 22.8035 32.1403 27.7308 35.0 84.5159 90.508 95.0396 24.7386 81.0622 71.0664 65.0846 43.0465 14.8661 83.2786 95.7188 45.2769 63.9632 52.6976 60.5755 83.619 24.0416 57.2973 24.6469 71.6214 83.8745 97.0355 47.822 42.0476 0.0 33.2415 14.8661 79.5633 88.965 99.257 69.6556 10.7703 98.6448 35.2674 89.0347 34.2053 98.2613 30.4138 59.873 82.8866 52.8884 82.0728 53.8373 52.3546 32.6497 45.8634 92.3938 85.9307 83.5318 76.793 42.4065 83.793 69.4154 20.025 94.3916 
10.6301 27.5299 40.1325 22.1359 9.48683 51.3301 57.3916 73.4524 37.7821 51.7055 59.2368 44.4185 45.8764 28.3196 50.4777 74.1294 48.8365 45.618 35.1283 38.6048 55.1096 9.21954 36.1248 10.0 50.032 50.7582 63.9531 26.4197 59.1692 33.2415 0.0 28.3196 57.9739 55.9464 66.1407 41.6293 22.6569 78.3484 6.08276 55.9184 47.8853 65.145 37.8894 26.6871 61.3457 19.703 49.679 20.7209 55.4437 24.1868 39.0512 70.8045 56.6681 61.0516 55.2036 21.0238 62.2036 44.7973 42.45 61.2752 
30.0832 28.1603 42.7551 14.1421 26.0 79.2141 85.2757 79.5964 34.3657 69.8903 56.2029 52.0217 53.7587 0.0 78.6003 84.5387 31.3847 49.0998 57.2616 49.3954 72.447 20.8087 60.0813 21.9545 60.4413 78.6422 91.8507 36.6419 33.2415 14.8661 28.3196 0.0 68.3832 83.8792 94.0248 68.5055 14.0357 83.7814 32.0156 74.0425 23.0868 93.0291 40.4475 54.5712 68.0512 47.5871 77.9872 48.605 38.6264 18.6815 31.0 77.7647 74.7587 73.5672 65.6129 31.2264 69.7922 58.2434 14.1421 79.3993 
47.4322 77.9622 98.0926 56.2252 49.0587 60.8276 57.28 16.4012 87.0556 34.2053 20.6155 15.5242 103.837 68.3832 70.1191 16.2788 47.3814 18.0278 87.8531 19.3727 33.2415 62.394 85.6338 64.5104 10.0 55.7315 73.4983 31.9835 68.593 79.5633 57.9739 68.3832 0.0 69.8713 61.327 82.7103 71.1718 21.4009 63.5552 43.7379 61.0 64.622 95.8495 52.6308 6.0 53.8982 74.0 48.6001 46.8402 56.4925 36.1248 13.4536 35.8469 18.868 4.47214 37.6404 5.38516 28.0713 70.6912 44.3847 
56.9089 74.477 78.1025 75.2779 59.7051 9.05539 14.8661 82.0061 76.3223 36.0555 86.626 70.8123 79.3095 83.8792 7.07107 72.1734 94.9289 74.4573 52.6118 64.0171 38.0132 64.846 46.8722 64.8845 65.9859 14.1421 8.24621 61.6119 113.237 88.965 55.9464 83.8792 69.8713 0.0 19.105 33.8378 78.3735 86.0233 54.231 26.1725 101.844 15.8114 76.2365 30.0 75.8024 36.3593 12.083 39.8246 99.3044 75.8623 81.0255 79.0253 36.1248 53.0094 66.2873 61.7512 74.5453 43.7129 97.9001 28.6356 
67.0544 88.3195 92.4392 83.406 69.8506 15.5242 9.05539 70.6116 90.1649 28.0179 80.2621 67.6817 95.1262 94.0248 25.2389 59.6825 95.6799 71.2257 69.2604 63.1506 28.178 75.2323 63.9062 75.5926 59.9083 16.0312 16.1555 62.8775 115.278 99.257 66.1407 94.0248 61.327 19.105 0.0 51.8845 88.735 73.9797 65.2648 21.4009 106.162 4.12311 90.2718 39.555 66.8506 46.4423 30.8058 49.0165 99.3378 83.6733 81.4999 67.9117 25.4951 42.72 58.5918 64.9679 65.192 38.8973 106.199 17.0 
47.0744 47.0688 48.3839 63.6946 49.0408 36.8917 44.6542 98.0306 48.7647 57.9672 93.1343 76.2365 47.1699 68.5055 26.9258 90.8735 89.8649 79.0569 20.2237 69.2604 61.3713 47.7074 14.1421 46.6154 75.2415 39.0512 41.0 61.131 100.648 69.6556 41.6293 68.5055 82.7103 33.8378 51.8845 0.0 60.6693 102.786 36.7151 48.369 89.4427 49.2443 47.1699 30.0832 88.5268 30.0167 21.8403 36.0139 96.3185 65.146 78.4474 94.8683 59.8706 71.1126 78.339 57.5587 88.0568 55.3624 82.4197 54.5804 
29.1548 14.5602 28.8617 21.9317 25.318 73.9244 79.986 86.6481 20.3961 72.5074 67.6999 56.693 39.8121 14.0357 72.6871 87.3273 44.9222 56.9685 44.5984 52.1839 75.0641 13.5275 49.1981 14.0554 63.2299 73.3525 86.444 39.4304 46.6905 10.7703 22.6569 14.0357 71.1718 78.3735 88.735 60.6693 0.0 91.5233 24.6759 78.2885 37.0135 87.7393 26.4764 49.2815 74.495 42.2969 71.4813 43.091 52.2015 26.8701 42.4969 84.0023 79.0382 76.1843 68.4014 34.0147 75.4014 60.8605 25.632 83.6453 
67.8067 98.3144 115.771 76.5768 69.4332 77.0584 72.0625 5.0 107.408 50.1597 29.2746 35.0 124.211 83.7814 87.4643 14.3178 61.0 35.8469 108.52 39.7471 48.0104 82.7685 106.438 84.8849 31.1448 72.111 88.2043 52.358 81.3941 98.6448 78.3484 83.7814 21.4009 86.0233 73.9797 102.786 91.5233 0.0 83.9297 60.208 75.9276 77.7817 113.039 72.8011 17.0294 74.686 91.9426 69.4051 58.1378 76.8441 52.9245 8.06226 50.01 33.1361 25.807 58.0149 16.2788 47.4342 87.3155 58.1378 
16.1245 30.5221 34.7179 27.6586 15.5242 50.448 56.5157 79.0337 32.3675 51.3877 65.192 50.1199 40.4618 32.0156 48.3011 79.437 54.5894 51.4782 29.0689 44.1861 54.7918 11.3137 30.2655 10.8167 55.6133 49.8823 62.3939 32.2025 63.9531 35.2674 6.08276 32.0156 63.5552 54.231 65.2648 36.7151 24.6759 83.9297 0.0 55.6006 52.8015 64.2691 32.4748 26.1725 66.927 19.105 46.8722 20.4031 61.2944 30.0666 45.0999 76.3857 56.3503 61.4236 60.7849 26.9258 67.7849 44.4795 46.0977 60.9574 
51.6897 83.2063 87.4021 62.589 53.4814 17.1172 14.4222 56.0357 85.0516 10.0499 60.9262 47.9535 89.0575 74.0425 27.2947 46.6905 74.8628 51.4975 63.7384 42.3335 12.6491 65.01 58.7532 65.3703 40.3113 12.0416 30.0832 42.0604 94.4611 89.0347 55.9184 74.0425 43.7379 26.1725 21.4009 48.369 78.2885 60.208 55.6006 0.0 85.3449 23.3452 85.1589 33.6409 49.6488 38.3135 32.0156 35.3755 78.5208 62.8563 60.6828 53.0094 11.6619 27.074 40.2616 44.1509 48.3735 18.1059 87.3841 9.21954 
45.3678 51.2445 65.2763 26.4008 42.0119 100.136 103.24 72.1803 57.0789 80.3784 46.8402 46.1736 76.3217 23.0868 96.567 77.0584 15.2315 43.0116 79.555 47.5464 82.9351 42.3792 82.2192 43.9659 53.985 99.5636 109.815 43.8104 11.4018 34.2053 47.8853 23.0868 61.0 101.844 106.162 89.4427 37.0135 75.9276 52.8015 85.3449 0.0 111.964 63.1269 72.5358 61.2944 65.3852 96.0694 66.5696 20.6155 26.9072 25.1794 70.7107 85.2468 74.5365 59.1354 45.3172 63.1981 68.7315 15.2643 90.6981 
66.0587 87.1097 91.1373 85.7149 68.8549 14.0 9.43398 74.3303 88.9551 30.8869 83.2406 70.5134 93.3809 93.0291 22.3607 63.5059 97.4528 74.0574 67.1863 65.4594 31.3847 74.2366 61.6847 74.5969 62.7694 15.8114 12.083 65.1863 117.133 98.2613 65.145 93.0291 64.622 15.8114 4.12311 49.2443 87.7393 77.7817 64.2691 23.3452 111.964 0.0 89.0505 38.5593 70.2282 45.4466 27.7849 48.0208 101.647 85.9822 83.8087 71.5891 28.7924 46.1736 61.7414 67.2768 68.6222 41.2311 108.508 20.2485 
48.445 15.0 2.82843 46.5188 45.4162 75.06 81.5252 108.164 6.08276 80.9461 91.3333 78.2094 13.3417 40.4475 69.3542 109.002 71.3092 78.4849 27.7849 73.6531 84.3501 33.1252 33.541 33.6531 84.745 74.8918 84.3801 60.8556 72.0625 30.4138 37.8894 40.4475 95.8495 76.2365 90.2718 47.1699 26.4764 113.039 32.4748 85.1589 63.1269 89.0505 0.0 53.5957 96.0104 47.2772 65.9242 49.9684 78.5875 51.0 67.7951 108.68 85.9087 90.9889 93.0791 55.2802 96.9166 74.0448 50.1597 90.2063 
27.6009 51.6431 55.8389 45.9699 30.3971 24.7444 30.8059 68.0074 53.4885 29.428 64.0703 47.0425 60.4152 54.5712 25.4951 61.2944 66.9727 50.2494 38.2099 40.05 32.8321 35.7787 34.8281 36.139 45.2855 24.1725 37.7359 34.176 83.929 59.873 26.6871 54.5712 52.6308 30.0 39.555 30.0832 49.2815 72.8011 26.1725 33.6409 72.5358 38.5593 53.5957 0.0 58.4637 7.07107 26.4197 9.89949 71.6061 46.5543 53.2531 64.846 34.3906 41.8808 48.2701 33.6697 57.9741 25.4951 68.5921 39.487 
50.804 81.2856 98.742 59.5485 52.4305 66.7533 63.0635 12.2066 90.379 40.025 17.4642 18.0278 107.208 68.0512 76.1119 16.2788 47.0 19.3132 93.5611 22.7445 38.8973 65.7647 91.3418 67.8823 14.4222 61.6604 79.3095 35.3553 68.0661 82.8866 61.3457 68.0512 6.0 75.8024 66.8506 88.5268 74.495 17.0294 66.927 49.6488 61.2944 70.2282 96.0104 58.4637 0.0 59.6062 80.0 54.3081 45.5412 59.8158 37.108 9.84886 41.4367 24.1661 10.198 41.0122 2.23607 34.0588 71.6242 49.98 
20.6167 45.3246 49.5204 38.9858 23.4129 31.6317 37.6933 69.7782 47.1699 34.1006 63.1269 46.2709 54.5894 47.5871 31.241 64.0703 64.9532 49.0408 34.2053 39.3192 37.5047 28.7924 31.7648 29.1204 49.9028 31.0598 44.2945 31.4006 76.7854 52.8884 19.703 47.5871 53.8982 36.3593 46.4423 30.0167 42.2969 74.686 19.105 38.3135 65.3852 45.4466 47.2772 7.07107 59.6062 0.0 31.241 6.0 69.6896 39.5702 50.1829 66.6408 39.0632 45.3431 49.4643 30.5995 59.2802 28.4253 61.6079 43.6703 
51.3009 64.4758 67.6018 69.67 54.0971 17.2047 24.8395 87.6231 66.3211 41.9762 88.5111 71.5897 68.0294 77.9872 5.65685 78.6448 93.3278 75.1864 41.1096 64.7611 44.643 58.0086 35.2278 57.6888 68.469 21.0238 19.2354 60.4152 107.47 82.0728 49.679 77.9872 74.0 12.083 30.8058 21.8403 71.4813 91.9426 46.8722 32.0156 96.0694 27.7849 65.9242 26.4197 80.0 31.241 0.0 36.0555 97.9612 70.2544 79.6053 84.543 43.3244 58.8582 70.0286 60.0248 79.0253 46.0435 92.0978 37.1214 
21.6347 48.0158 52.2116 40.0037 24.4309 34.2059 40.2675 64.4859 49.8612 31.1626 57.1402 40.3113 57.6888 48.605 35.3836 59.203 58.0416 43.0465 39.1152 33.3766 34.5667 29.8125 37.1618 30.1729 44.0595 33.634 47.4342 25.4951 77.9628 53.8373 20.7209 48.605 48.6001 39.8246 49.0165 36.0139 43.091 69.4051 20.4031 35.3755 66.5696 48.0208 49.9684 9.89949 54.3081 6.0 36.0555 0.0 62.675 40.5881 44.3221 61.3533 36.1252 41.0366 44.1662 24.7386 53.9821 24.0832 62.6259 40.7323 
49.2447 64.9384 81.0432 34.0 47.3161 92.9831 92.9233 55.0 72.5328 73.5542 29.0 34.4819 91.9239 38.6264 96.3846 61.8142 7.28011 30.4138 90.0888 38.4187 73.7383 53.0377 91.5478 55.0818 41.5933 92.4112 106.319 37.7359 23.3452 52.3546 55.4437 38.6264 46.8402 99.3044 99.3378 96.3185 52.2015 58.1378 61.2944 78.5208 20.6155 101.647 78.5875 71.6061 45.5412 69.6896 97.9612 62.675 0.0 31.257 18.3576 54.0833 76.5532 62.234 46.2385 39.3954 47.676 61.9073 35.3836 83.874 
19.3863 36.2891 53.7122 5.0 16.195 74.154 77.2588 71.9688 45.2769 57.9996 55.1377 42.0137 63.99 18.6815 70.5856 72.648 24.7386 42.2893 59.0 37.5047 60.5563 22.8035 60.2993 25.0 48.5506 73.5821 83.8338 24.7512 38.1838 32.6497 24.1868 18.6815 56.4925 75.8623 83.6733 65.146 26.8701 76.8441 30.0666 62.8563 26.9072 85.9822 51.0 46.5543 59.8158 39.5702 70.2544 40.5881 31.257 0.0 17.2971 69.323 62.868 61.6765 53.7222 19.3357 60.7222 46.3527 28.4429 68.2131 
31.4006 53.2647 70.4471 21.3132 30.0167 74.7041 74.5179 48.7032 61.9333 55.7163 25.6125 21.0238 80.924 31.0 78.032 52.345 14.2127 18.1108 74.1687 22.4722 58.273 40.0789 75.0067 42.2616 28.8477 74.1322 88.0396 19.4165 34.176 45.8634 39.0512 31.0 36.1248 81.0255 81.4999 78.4474 42.4969 52.9245 45.0999 60.6828 25.1794 83.8087 67.7951 53.2531 37.108 50.1829 79.6053 44.3221 18.3576 17.2971 0.0 46.8402 60.5847 49.343 34.0147 21.1896 38.833 44.0694 34.573 66.036 
60.2628 90.7927 110.923 69.0557 61.8892 70.0071 65.3758 3.16228 99.8861 43.0 25.1794 27.7849 116.667 77.7647 80.1561 9.89949 56.1427 29.1548 100.468 32.2032 41.1096 75.2245 98.387 77.341 23.3452 65.0 81.6149 44.8141 77.0065 92.3938 70.8045 77.7647 13.4536 79.0253 67.9117 94.8683 84.0023 8.06226 76.3857 53.0094 70.7107 71.5891 108.68 64.846 9.84886 66.6408 84.543 61.3533 54.0833 69.323 46.8402 0.0 43.2897 26.0192 17.8045 50.4709 8.60233 39.5601 81.3377 51.6236 
51.7014 83.956 88.1518 62.6007 53.4931 27.2947 22.0907 46.1736 85.8014 5.0 54.9181 42.6431 93.5378 74.7587 38.3275 36.0555 74.7647 46.1871 72.5677 46.2454 2.82843 65.7597 69.1831 66.12 34.8281 22.561 38.3275 42.0082 94.3629 85.9307 56.6681 74.7587 35.8469 36.1248 25.4951 59.8706 79.0382 50.01 56.3503 11.6619 85.2468 28.7924 85.9087 34.3906 41.4367 39.0632 43.3244 36.1252 76.5532 62.868 60.5847 43.2897 0.0 17.4642 33.121 44.1622 39.8497 16.7631 87.3958 8.544 
50.5099 82.306 93.2321 61.4092 52.3016 44.0 39.4588 29.0 90.8817 17.0294 38.9487 28.3238 98.7364 73.5672 54.3323 19.9249 61.6513 31.8678 79.511 31.9261 15.1327 66.0509 76.6094 68.0541 20.5913 39.0128 55.7315 40.8167 82.7629 83.5318 61.0516 73.5672 18.868 53.0094 42.72 71.1126 76.1843 33.1361 61.4236 27.074 74.5365 46.1736 90.9889 41.8808 24.1661 45.3431 58.8582 41.0366 62.234 61.6765 49.343 26.0192 17.4642 0.0 16.9706 42.9707 22.4722 16.9706 83.9147 25.9615 
44.6619 75.1919 95.3223 53.4549 46.4536 57.2713 54.0833 20.8087 84.2852 31.0161 22.0227 13.0 101.066 65.6129 66.2722 19.3132 46.0977 16.2788 83.281 16.6023 30.4138 59.6236 81.1999 61.7401 6.32456 52.1728 70.214 29.2132 67.2681 76.793 55.2036 65.6129 4.47214 66.2873 58.5918 78.339 68.4014 25.807 60.7849 40.2616 59.1354 61.7414 93.0791 48.2701 10.198 49.4643 70.0286 44.1662 46.2385 53.7222 34.0147 17.8045 33.121 16.9706 0.0 34.8701 9.84886 24.0 68.5869 41.5933 
11.1803 40.5554 58.0118 19.0684 11.6619 55.4486 58.5534 53.1189 49.6488 39.2938 38.2753 23.6008 66.7999 31.2264 58.5014 53.7959 34.6596 24.5967 55.3173 18.4391 41.8505 24.7588 55.3263 26.8701 29.6985 54.8767 68.7841 5.65685 56.7104 42.4065 21.0238 31.2264 37.6404 61.7512 64.9679 57.5587 34.0147 58.0149 26.9258 44.1509 45.3172 67.2768 55.2802 33.6697 41.0122 30.5995 60.0248 24.7386 39.3954 19.3357 21.1896 50.4709 44.1622 42.9707 34.8701 0.0 41.8701 27.6469 43.8636 49.4903 
51.6619 82.1919 99.6482 60.4549 53.2884 65.4905 61.6117 11.3137 91.2852 38.6394 19.6977 19.2354 108.066 69.7922 75.0267 14.1421 49.0102 20.8806 93.2351 23.6023 37.3631 66.6236 91.0158 68.7401 14.8661 60.407 77.8781 36.2132 70.1142 83.793 62.2036 69.7922 5.38516 74.5453 65.192 88.0568 75.4014 16.2788 67.7849 48.3735 63.1981 68.6222 96.9166 57.9741 2.23607 59.2802 79.0253 53.9821 47.676 60.7222 38.833 8.60233 39.8497 22.4722 9.84886 41.8701 0.0 33.2415 73.3652 48.3839 
35.1861 66.9822 76.288 46.0854 36.9778 34.7361 32.5084 42.72 73.9375 12.083 43.3244 30.2982 81.7923 58.2434 42.4264 35.8469 58.2494 33.8422 62.6259 25.72 14.3178 50.7271 59.9083 52.7303 22.8035 29.6506 48.1215 25.4929 77.8476 69.4154 44.7973 58.2434 28.0713 43.7129 38.8973 55.3624 60.8605 47.4342 44.4795 18.1059 68.7315 41.2311 74.0448 25.4951 34.0588 28.4253 46.0435 24.0832 61.9073 46.3527 44.0694 39.5601 16.7631 16.9706 24.0 27.6469 33.2415 0.0 70.8805 23.0217 
43.4166 40.1622 52.0384 25.2982 39.4462 93.235 99.7845 83.1685 44.2832 82.5274 59.0339 55.5947 63.0079 14.1421 92.6233 86.9053 29.0689 52.6727 70.2293 56.9246 85.0841 34.8281 73.8872 35.805 63.4193 92.6631 105.872 49.279 22.0227 20.025 42.45 14.1421 70.6912 97.9001 106.199 82.4197 25.632 87.3155 46.0977 87.3841 15.2643 108.508 50.1597 68.5921 71.6242 61.6079 92.0978 62.6259 35.3836 28.4429 34.573 81.3377 87.3958 83.9147 68.5869 43.8636 73.3652 70.8805 0.0 92.741 
57.0465 88.2537 92.4495 67.9458 58.8382 20.2485 14.0357 54.4518 90.099 11.3137 63.2851 50.8039 95.2689 79.3993 31.7805 44.0114 80.216 54.3479 69.9497 54.4063 11.1803 70.3668 64.9645 70.7272 43.0116 16.1245 30.0666 47.4595 99.8143 94.3916 61.2752 79.3993 44.3847 28.6356 17.0 54.5804 83.6453 58.1378 60.9574 9.21954 90.6981 20.2485 90.2063 39.487 49.98 43.6703 37.1214 40.7323 83.874 68.2131 66.036 51.6236 8.544 25.9615 41.5933 49.4903 48.3839 23.0217 92.741 0.0 
DEMAND_SCENARIO_SECTION
0 0 0 0 0 0 0 0 0 0 0 0 0 0 0 0 0 0 0 0 0 0 0 0 0 0 0 0 0 0 0 0 0 0 0 0 0 0 0 0 0 0 0 0 0 0 0 0 0 0 0 0 0 0 0 0 0 0 0 0 0 0 0 0 0 0 0 0 0 0 0 0 0 0 0 0 0 0 0 0 0 0 0 0 0 0 0 0 0 0 0 0 0 0 0 0 0 0 0 0 0 0 0 0 0 0 0 0 0 0 0 0 0 0 0 0 0 0 0 0 0 0 0 0 0 0 0 0 0 0 0 0 0 0 0 0 0 0 0 0 0 0 0 0 0 0 0 0 0 0 0 0 0 0 0 0 0 0 0 0 0 0 0 0 0 0 0 0 0 0 0 0 0 0 0 0 0 0 0 0 0 0 0 0 0 0 0 0 0 0 0 0 0 0 0 0 0 0 0 0 
8 6 3 7 6 6 4 8 2 4 4 5 7 2 6 6 4 11 6 3 5 8 8 2 8 6 8 5 4 4 7 7 9 7 7 5 6 5 10 6 4 7 4 5 6 7 6 6 7 5 6 7 5 8 4 3 3 6 5 7 5 7 7 4 5 3 6 6 8 6 6 7 4 6 8 4 9 6 8 5 2 8 6 10 6 5 3 6 5 5 6 6 6 4 11 3 3 7 6 5 7 8 8 6 6 6 6 6 8 3 4 7 4 9 8 5 5 8 6 10 5 5 9 5 4 5 10 8 9 2 4 6 4 4 8 6 3 7 6 5 7 5 4 5 8 4 3 6 7 3 6 5 7 8 3 6 6 7 7 3 3 7 7 3 11 5 4 3 5 7 6 5 2 6 7 8 4 5 7 6 4 6 5 6 1 5 3 5 4 9 8 3 7 6 5 5 2 8 6 6 
7 10 9 9 9 11 9 8 14 11 13 8 11 9 7 11 10 8 11 7 7 6 6 16 12 13 14 8 5 13 8 7 18 7 5 21 11 15 17 9 8 17 15 13 12 8 8 0 5 10 11 13 11 15 15 9 8 11 7 9 4 15 4 7 4 15 14 19 10 8 6 15 13 7 14 9 13 9 8 10 7 13 8 10 14 8 10 15 9 12 13 16 10 15 14 8 8 12 11 7 13 7 9 14 10 14 10 10 11 8 4 8 16 2 7 18 9 7 10 11 12 13 17 13 2 9 13 15 9 12 14 6 14 14 11 9 8 10 13 9 6 17 5 12 10 8 14 11 17 17 6 7 13 7 7 11 9 8 11 11 11 13 7 9 15 12 13 10 11 7 13 11 14 4 8 6 13 14 10 9 5 9 18 6 8 14 14 17 13 6 12 8 5 9 12 12 6 7 13 8 
2 4 2 2 5 2 4 4 3 4 2 2 6 3 4 2 5 6 5 6 6 3 5 3 4 3 4 5 4 4 4 5 3 4 5 3 4 4 3 2 4 4 3 3 6 5 2 3 2 4 4 4 5 4 4 5 5 3 4 5 5 5 7 5 4 4 5 2 5 4 3 3 5 3 2 1 6 3 5 3 5 4 5 3 1 4 4 4 7 3 5 1 3 2 2 6 4 6 5 6 4 7 3 3 5 3 5 3 4 4 4 5 5 4 4 6 4 5 1 3 2 4 7 5 2 3 2 6 4 6 3 6 4 3 5 6 5 3 4 6 4 3 3 5 3 5 4 5 5 2 3 4 5 2 5 5 4 1 4 4 3 5 4 1 5 2 5 5 6 5 6 6 5 3 5 4 3 4 6 5 4 5 5 4 2 1 2 4 2 4 3 3 5 2 4 4 3 4 4 6 
7 8 8 7 4 6 8 7 6 5 12 8 8 7 8 10 6 7 3 9 5 2 7 7 8 7 9 8 7 6 6 8 7 6 7 5 3 4 5 11 6 10 2 6 6 4 8 7 8 4 7 4 9 7 7 5 9 8 7 6 6 4 6 8 6 8 6 6 5 6 7 4 5 7 6 4 8 7 5 3 6 4 7 6 7 9 7 7 4 6 8 8 6 1 8 6 9 3 8 6 7 6 6 3 8 5 5 10 11 7 7 9 2 5 5 5 10 4 3 3 5 6 7 9 6 7 1 6 4 1 2 3 6 3 4 5 2 5 3 7 4 4 6 4 5 2 4 7 5 5 5 6 6 2 5 7 6 6 8 3 5 9 4 4 6 6 5 8 10 3 8 4 9 7 8 8 5 6 7 7 7 7 4 7 9 4 4 7 9 6 4 10 3 7 6 6 3 4 5 4 
1 1 1 1 2 1 1 1 1 2 1 1 1 1 1 1 1 1 1 1 1 1 1 2 1 1 1 1 1 1 1 1 1 1 1 1 1 1 1 1 1 1 1 1 1 1 1 1 0 1 2 1 2 1 1 1 2 1 1 0 2 1 1 1 1 1 1 2 1 1 1 1 1 1 1 1 1 1 1 1 2 1 1 1 1 1 1 1 1 1 1 1 1 1 1 1 0 1 2 1 1 1 1 1 1 1 1 1 1 1 1 1 1 1 1 1 1 1 1 1 1 0 1 1 1 1 1 1 1 1 1 1 1 1 1 0 1 1 1 1 1 1 1 1 1 1 1 2 1 1 1 1 1 1 0 1 1 1 1 1 1 2 1 1 1 1 1 1 1 1 1 1 1 1 1 0 1 1 1 1 1 1 1 1 1 0 1 1 1 1 1 1 1 2 1 1 1 1 1 1 
9 8 9 12 7 14 17 12 10 11 5 11 7 11 12 13 4 8 10 9 14 12 10 11 7 12 5 8 10 8 10 6 12 11 10 8 7 11 15 6 12 6 5 9 10 8 11 10 11 9 4 12 10 15 10 10 8 8 4 10 10 10 4 10 18 10 8 7 9 8 13 6 10 11 10 8 7 12 9 12 8 9 9 9 2 11 4 5 7 9 10 10 9 9 7 8 13 10 10 10 12 8 13 8 13 11 10 15 13 11 7 8 9 11 10 7 9 14 6 6 9 10 6 3 13 7 6 5 9 8 3 1 8 5 5 8 11 7 7 3 11 9 13 8 11 4 7 11 9 10 5 6 8 6 2 13 9 7 16 7 5 7 11 10 14 7 11 13 9 6 7 9 14 6 7 9 7 11 0 3 6 17 9 9 8 2 11 10 8 11 14 9 10 10 10 5 13 7 5 9 
4 2 3 2 5 4 2 1 2 2 3 2 3 2 2 3 4 5 2 3 2 3 5 4 4 4 3 4 2 2 3 3 4 2 2 3 3 4 2 3 2 4 2 1 2 4 3 2 3 1 3 2 4 3 3 2 4 4 5 3 2 3 0 5 3 2 4 3 4 3 4 3 3 5 4 2 3 3 3 3 3 3 4 3 3 3 2 2 3 2 2 4 4 4 3 4 3 4 3 2 4 4 2 4 4 1 3 3 2 3 2 4 4 3 3 3 3 4 3 4 4 3 2 0 3 2 2 4 3 2 2 4 2 4 2 2 2 3 2 2 4 3 2 3 2 4 3 4 4 3 2 3 4 4 4 5 2 3 3 2 2 3 4 2 3 1 1 3 4 3 4 3 1 1 0 3 4 4 3 3 5 3 4 3 1 3 3 3 1 2 4 3 2 4 1 1 3 3 3 2 
6 3 8 2 6 8 5 4 4 4 6 8 6 7 5 4 8 5 5 4 8 3 1 7 4 4 5 3 5 6 6 5 6 6 6 5 6 5 4 5 5 6 1 8 2 2 3 4 5 4 4 6 9 6 6 6 7 7 4 5 6 4 4 4 7 5 2 3 3 4 5 2 5 8 5 5 3 5 1 2 6 7 5 4 3 3 6 3 4 7 5 4 6 3 1 4 4 6 5 7 5 5 5 4 7 3 7 5 6 5 6 4 7 6 2 7 6 8 4 7 4 1 1 2 6 4 4 3 6 5 7 4 2 5 7 6 6 9 6 5 5 4 4 3 7 6 6 5 7 4 4 6 5 4 2 8 7 6 7 3 4 3 5 7 5 3 2 8 5 3 5 4 3 6 7 6 5 5 4 3 4 5 6 6 3 6 4 7 5 5 7 9 5 6 2 4 4 5 6 4 
2 2 2 1 3 3 3 4 2 2 2 4 2 3 3 4 2 3 4 2 3 5 3 1 2 4 4 2 6 3 2 3 5 3 0 3 2 3 5 3 3 4 3 1 4 3 4 4 4 4 3 3 4 4 5 4 3 3 3 1 2 5 3 4 4 3 3 4 3 1 3 3 4 3 3 4 2 4 2 3 3 5 2 2 3 4 6 4 3 2 3 4 4 3 4 3 3 4 5 3 4 3 3 3 3 2 3 2 2 2 2 3 1 3 2 2 3 3 2 3 2 2 3 5 5 2 3 3 3 2 1 3 2 2 3 4 4 6 4 3 4 2 4 5 2 2 2 2 4 2 2 4 3 2 5 3 2 3 4 4 3 4 2 2 3 6 2 4 3 3 3 4 3 2 3 3 2 2 5 4 2 3 4 4 4 2 3 3 4 3 5 3 2 2 3 3 3 3 4 1 
1 1 1 1 0 1 1 1 1 1 1 1 1 1 1 1 1 1 1 1 2 1 1 1 1 1 1 1 1 1 1 1 1 1 1 1 1 1 1 1 1 1 1 1 0 1 1 1 1 1 1 1 1 1 1 1 1 2 1 1 1 1 0 0 1 1 1 1 0 1 1 0 1 1 1 1 1 2 1 2 1 1 1 1 1 1 1 1 1 1 1 1 1 1 1 1 0 1 1 1 2 1 1 1 1 1 1 1 1 2 1 1 1 1 1 1 1 1 1 1 0 1 1 2 1 1 1 0 1 1 1 1 1 1 1 1 1 1 0 1 0 1 1 1 1 1 1 1 1 1 1 1 1 1 1 1 1 1 1 1 0 1 1 1 1 1 1 1 1 1 1 1 1 1 1 0 1 1 1 1 1 1 1 1 1 1 1 1 1 1 1 1 1 1 1 1 1 1 1 1 
2 14 12 11 9 9 7 9 9 10 7 12 7 4 12 11 8 8 11 11 15 5 13 9 4 13 10 9 8 11 5 5 9 8 13 9 5 7 12 8 13 8 8 7 11 7 11 12 12 9 11 11 8 12 10 7 5 11 14 6 13 7 9 6 12 8 10 11 8 6 9 16 11 6 9 13 10 14 10 6 9 6 5 5 12 12 7 11 10 9 9 12 5 9 6 7 8 5 6 8 13 13 4 13 6 11 13 6 9 12 9 9 13 12 12 5 3 13 8 11 12 12 10 8 12 10 18 6 14 11 10 5 6 9 13 2 1 8 10 10 5 12 8 6 10 5 7 9 9 7 11 11 5 6 7 10 2 3 5 9 13 10 8 9 3 7 6 12 13 8 13 12 8 16 8 4 12 11 9 8 5 11 13 14 11 11 12 3 13 15 9 13 7 11 9 7 8 4 13 7 
9 10 8 13 11 11 9 8 10 10 13 5 13 8 11 6 6 15 10 8 6 11 12 11 6 12 7 11 9 11 11 9 6 6 11 5 6 8 0 13 8 11 5 5 6 8 11 11 10 10 6 13 8 10 7 9 11 11 6 4 13 5 10 14 10 8 10 12 3 11 10 0 13 6 8 8 11 16 8 5 13 8 8 6 9 12 7 10 7 12 9 8 11 11 8 8 5 9 9 7 8 7 4 7 8 7 10 11 7 11 7 11 8 8 13 12 13 15 9 7 8 12 13 10 10 11 10 7 11 12 11 8 9 9 7 8 7 9 6 12 5 8 17 6 9 4 4 11 8 10 9 9 8 8 8 11 11 14 10 11 11 8 11 13 8 9 11 9 10 6 4 10 9 7 7 9 6 12 8 9 7 7 16 12 6 7 10 5 10 8 9 13 10 6 12 10 10 7 7 9 
8 9 9 1 5 7 12 10 8 13 4 7 8 8 11 5 14 6 9 7 7 12 10 8 10 8 7 7 4 2 10 6 5 10 4 12 8 4 2 8 9 10 5 7 6 7 10 9 6 9 3 7 9 9 13 13 5 5 7 8 11 6 8 8 3 4 9 4 6 9 6 6 10 8 11 7 8 6 9 3 8 1 7 7 8 9 7 9 10 8 10 10 8 7 5 10 4 3 3 10 13 7 10 3 8 8 5 7 7 5 11 6 6 7 10 8 12 5 7 6 13 2 13 13 8 14 11 5 8 13 5 14 8 9 5 6 6 9 6 7 7 2 9 7 10 7 11 8 5 14 6 9 6 8 6 12 12 11 12 7 8 6 10 5 9 12 12 9 4 9 5 4 5 11 6 10 8 4 5 6 7 10 10 7 10 10 12 6 5 7 13 8 12 10 11 8 10 11 8 7 
2 2 2 2 2 2 1 2 2 2 2 2 3 2 2 2 1 2 3 1 1 2 1 1 2 2 3 2 1 2 2 2 2 3 2 2 1 2 1 3 2 2 2 3 2 3 2 3 2 2 2 2 1 0 2 1 2 2 2 2 2 2 2 1 1 2 3 2 2 2 2 2 2 2 1 3 1 1 2 2 2 2 2 2 2 2 3 3 2 2 3 2 2 2 3 3 2 3 2 2 2 1 2 2 2 3 0 3 2 2 1 2 1 2 3 3 1 2 1 2 2 1 0 1 3 2 2 2 2 2 2 3 2 2 2 3 1 3 2 2 2 1 4 2 2 0 1 2 2 2 1 3 1 2 2 2 3 2 1 1 2 1 1 2 3 2 2 3 1 2 2 3 1 1 2 3 1 1 2 1 2 3 2 2 3 2 2 2 2 2 2 1 2 3 1 1 2 0 2 2 
6 5 8 4 5 8 7 9 9 11 10 5 5 3 6 5 6 8 8 7 5 11 8 9 8 7 10 10 8 11 8 6 9 9 10 7 6 12 7 4 8 8 6 6 7 9 6 7 9 1 5 10 7 6 4 8 6 7 10 9 6 7 13 9 6 8 8 8 6 7 3 7 7 6 7 8 9 4 6 3 10 4 8 11 3 10 11 11 9 9 5 9 5 4 6 9 1 4 5 6 4 6 6 3 10 8 5 5 5 7 7 3 5 5 3 9 4 8 11 5 4 2 7 9 6 6 9 8 5 7 10 8 9 10 7 7 6 7 12 5 10 7 7 7 7 7 5 8 7 9 8 7 6 5 8 5 13 5 5 9 3 13 6 2 4 8 5 7 8 8 4 8 8 7 5 8 5 9 8 9 8 8 8 6 8 5 9 6 6 7 7 7 11 10 6 6 6 5 8 5 
4 5 6 6 3 2 4 3 5 2 5 3 4 4 5 5 4 6 3 4 4 4 5 4 5 8 4 6 5 4 7 2 2 4 3 5 4 2 6 1 1 6 7 5 5 5 4 3 0 2 5 4 3 5 4 2 4 3 3 2 5 4 4 4 2 3 3 7 6 3 4 5 3 5 4 4 5 4 5 2 4 4 1 5 5 3 4 5 5 4 1 3 5 5 4 3 5 4 4 6 4 5 5 3 4 4 7 3 3 4 4 4 2 4 6 6 3 5 1 3 1 7 2 5 6 1 4 6 5 1 2 4 6 2 4 4 6 5 5 2 3 4 3 4 5 4 3 5 5 3 6 2 2 3 4 3 4 3 3 6 4 6 2 5 6 3 4 2 3 4 3 3 5 4 6 6 4 4 4 4 3 4 3 3 3 2 4 4 5 4 4 5 5 5 1 3 3 1 4 3 
1 1 2 1 1 0 1 1 1 1 1 1 1 1 1 1 1 1 1 1 1 1 1 1 1 1 1 1 1 1 1 1 1 1 1 2 1 1 1 1 0 1 1 1 1 1 1 1 1 2 1 1 1 1 1 1 0 1 1 1 1 1 1 1 1 1 1 1 1 1 1 1 2 1 1 1 1 1 1 1 1 1 1 0 1 1 1 1 1 1 1 1 1 1 1 0 1 1 1 1 1 0 1 1 1 1 2 1 1 1 0 1 1 2 0 1 1 2 0 1 1 1 1 1 1 1 1 1 1 0 1 1 1 1 1 1 1 0 2 1 1 1 1 1 1 1 1 1 1 1 1 1 1 1 1 0 1 1 1 1 0 1 1 2 1 1 1 1 1 1 0 1 1 1 1 1 1 0 1 1 1 1 1 1 1 1 1 1 1 1 2 0 1 1 1 1 1 1 0 1 
3 3 4 4 3 3 2 4 4 2 4 4 2 2 3 2 4 3 3 4 4 3 2 4 5 3 4 5 3 2 2 2 4 0 1 5 3 3 5 4 3 3 2 4 4 5 2 3 2 2 5 2 2 3 3 4 1 3 2 4 2 2 4 3 3 2 4 5 2 2 3 3 4 5 3 3 3 3 1 2 3 2 2 4 5 4 2 2 2 2 2 3 3 2 3 5 2 5 4 4 5 4 4 3 2 3 3 3 2 3 3 3 0 3 2 3 3 3 4 3 4 6 5 4 2 3 3 4 3 2 5 3 2 3 2 3 3 4 3 4 3 4 4 4 2 3 3 2 3 4 5 5 4 5 4 2 3 2 3 3 4 6 4 3 3 3 2 2 2 2 3 5 3 3 2 4 3 3 3 2 2 2 2 3 5 3 3 3 2 4 5 3 3 4 2 3 4 1 5 2 
7 2 5 2 7 6 5 6 7 5 6 4 4 4 6 4 6 5 4 4 4 3 6 3 3 3 4 4 5 3 5 5 3 6 4 6 3 6 4 5 5 2 3 5 6 4 5 4 2 6 5 3 4 3 3 3 5 4 5 4 2 4 6 4 4 5 4 3 5 5 5 4 4 3 3 5 3 5 4 5 2 4 5 5 5 4 5 1 4 4 5 3 3 6 5 4 3 4 2 4 3 4 7 4 5 3 4 4 3 6 3 7 4 4 2 4 5 5 5 5 4 5 4 3 3 6 5 4 4 5 3 4 5 5 4 5 3 3 3 4 6 2 5 5 2 2 5 4 3 1 3 2 4 5 2 4 3 5 2 4 4 4 3 3 2 3 6 5 1 4 5 7 3 5 5 2 5 2 1 2 4 6 4 4 4 4 4 3 3 5 4 3 4 5 3 5 4 3 3 5 
8 6 7 5 8 9 7 9 7 6 8 4 8 8 7 7 9 8 5 6 4 5 12 10 10 8 11 7 12 10 5 8 9 8 8 5 10 5 6 4 8 8 6 8 5 4 10 7 6 9 9 9 8 8 10 6 8 10 7 8 10 4 8 8 10 10 9 2 5 11 7 5 5 7 8 7 4 7 7 10 5 5 11 8 10 7 2 5 4 6 4 8 3 7 6 5 4 4 9 7 8 3 5 2 8 8 5 7 5 7 7 6 5 3 10 10 7 7 11 10 6 4 7 8 6 9 4 11 9 3 8 3 10 13 8 8 9 8 8 10 10 9 3 12 8 8 6 5 5 4 10 8 12 6 8 9 11 14 12 8 3 6 10 7 8 3 3 3 6 8 2 14 11 5 9 10 8 7 10 10 10 8 3 8 8 11 2 8 7 8 6 12 4 5 5 8 7 4 4 5 
2 2 2 2 2 2 2 3 2 2 2 3 2 2 1 2 1 2 3 1 2 3 2 1 2 2 2 2 2 3 2 3 2 1 2 3 1 2 1 3 1 2 1 2 2 2 2 3 2 1 2 0 2 1 2 2 2 3 2 3 2 2 3 2 3 2 1 1 2 1 2 2 2 3 2 2 1 3 3 3 1 2 1 2 1 2 1 2 3 3 1 3 1 3 1 1 2 3 3 2 2 2 1 1 2 3 2 2 2 2 3 2 2 1 2 2 2 2 2 2 3 1 3 1 2 3 1 2 2 2 1 3 3 1 2 1 2 1 2 2 3 2 2 3 3 3 2 2 2 3 2 3 3 2 4 2 3 2 3 3 1 1 3 2 3 2 3 1 2 1 2 2 4 2 1 3 1 2 2 2 3 2 1 2 2 4 2 2 2 2 1 2 2 2 1 2 1 2 1 3 
8 8 6 7 10 9 8 15 4 11 5 7 8 6 10 7 8 9 12 2 4 10 8 9 13 7 12 12 11 11 10 6 5 3 6 2 10 5 14 7 5 7 9 8 12 12 8 7 6 4 9 11 0 8 6 6 8 9 9 9 6 14 9 8 7 7 6 10 7 7 9 7 10 6 9 9 8 8 10 4 7 6 9 8 9 9 10 7 8 6 9 9 8 4 7 9 14 9 7 12 8 14 8 7 10 7 6 5 10 7 9 12 15 1 7 8 7 11 4 8 6 14 8 5 14 8 7 11 4 6 11 6 9 10 9 9 8 10 5 8 8 7 8 4 11 8 11 11 11 10 12 11 7 7 8 3 9 13 4 8 9 4 12 10 8 6 3 11 11 5 13 10 9 8 8 12 6 0 9 11 8 11 11 8 12 11 13 9 6 10 13 7 9 8 10 6 1 5 8 9 
