NAME  : Jabali_60_3_0.88_1_0
TYPE : SVRP
MODEL : FINITE_SUPPORT
NUMBER_OF_SCENARIOS : 200
DIMENSION : 60
EDGE_WEIGHT_TYPE : MATRIX
CAPACITY : 115
N_VEHICLES : 3
NODE_COORD_SECTION
1 3821 5720
2 3448 6590
3 3245 7504
4 2203 5641
5 27 4622
6 2482 3748
7 3873 4739
8 1811 5275
9 52 5140
10 2379 1567
11 2698 4232
12 1686 1168
13 2389 2173
14 844 7556
15 4020 8123
16 3026 1218
17 4133 453
18 2628 4791
19 4001 3046
20 1209 4038
21 5806 8006
22 5899 8835
23 3225 7992
24 4970 5309
25 3739 1304
26 2446 3476
27 4359 3880
28 2651 8691
29 5849 6162
30 5180 5024
31 3489 39
32 3020 2046
33 5193 5505
34 2836 849
35 3348 8368
36 2785 3625
37 5295 2688
38 3247 4787
39 4395 7864
40 3679 5707
41 6190 7768
42 4080 1634
43 1795 3269
44 2298 7403
45 5762 8340
46 3780 3920
47 3924 2092
48 4637 3723
49 3812 18
50 5336 9176
51 3904 6202
52 4792 9358
53 2765 7550
54 1058 7356
55 4068 6752
56 4970 8478
57 4557 1154
58 1710 7874
59 4962 1729
60 2633 3021
DEMAND_SECTION
1 0.0
2 10.0
3 3.0
4 2.0
5 4.0
6 1.0
7 9.0
8 4.0
9 7.0
10 2.0
11 7.0
12 2.0
13 2.0
14 7.0
15 4.0
16 2.0
17 6.0
18 6.0
19 2.0
20 10.0
21 4.0
22 7.0
23 8.0
24 2.0
25 1.0
26 3.0
27 9.0
28 4.0
29 2.0
30 10.0
31 10.0
32 3.0
33 1.0
34 2.0
35 8.0
36 1.0
37 6.0
38 3.0
39 5.0
40 1.0
41 8.0
42 9.0
43 6.0
44 5.0
45 1.0
46 4.0
47 6.0
48 8.0
49 8.0
50 1.0
51 8.0
52 10.0
53 6.0
54 9.0
55 10.0
56 4.0
57 2.0
58 4.0
59 3.0
60 10.0
DEVIATION_SECTION
1 0.0
2 3.33333
3 1.0
4 0.666667
5 1.33333
6 0.333333
7 3.0
8 1.33333
9 2.33333
10 0.666667
11 2.33333
12 0.666667
13 0.666667
14 2.33333
15 1.33333
16 0.666667
17 2.0
18 2.0
19 0.666667
20 3.33333
21 1.33333
22 2.33333
23 2.66667
24 0.666667
25 0.333333
26 1.0
27 3.0
28 1.33333
29 0.666667
30 3.33333
31 3.33333
32 1.0
33 0.333333
34 0.666667
35 2.66667
36 0.333333
37 2.0
38 1.0
39 1.66667
40 0.333333
41 2.66667
42 3.0
43 2.0
44 1.66667
45 0.333333
46 1.33333
47 2.0
48 2.66667
49 2.66667
50 0.333333
51 2.66667
52 3.33333
53 2.0
54 3.0
55 3.33333
56 1.33333
57 0.666667
58 1.33333
59 1.0
60 3.33333
DISTANCE_MATRIX
0.0 14.434 24.9582 28.8046 64.4981 32.8567 30.8058 37.0115 66.0303 52.6086 28.6438 63.4343 46.0161 54.1026 31.3657 55.6959 68.4123 32.5576 36.6833 48.7647 45.1885 52.6972 30.529 34.9857 55.4533 35.561 23.0384 42.8106 39.4588 39.1152 72.2415 44.3332 34.4384 60.4536 34.454 34.6026 54.1295 22.3607 30.0495 1.0 47.4342 52.72 41.5595 35.4137 47.0106 21.095 46.3593 45.0111 72.9682 51.8604 7.07107 51.0513 28.7518 51.0809 13.8924 41.2616 61.4782 45.7745 58.7032 41.7704 
14.434 0.0 20.5242 38.9559 70.5515 42.4618 36.6228 47.45 71.1891 66.7235 38.2415 76.6526 60.131 53.2884 26.9317 69.8108 82.5173 45.0125 51.4867 57.2398 40.8469 48.2666 26.095 36.8277 69.5582 45.1662 37.1434 38.3766 37.8938 41.0694 86.3231 58.4481 35.4795 74.5685 30.02 44.2077 68.0635 30.0799 25.6155 15.0 43.3275 66.825 51.1647 30.9797 42.5899 34.8329 60.4643 58.3385 87.0731 47.4264 9.12311 46.6173 24.3178 50.5588 9.47214 36.8277 75.5831 41.3405 72.8082 51.3755 
24.9582 20.5242 0.0 30.2875 80.9938 52.986 47.1275 37.2571 81.4371 77.2476 48.7657 87.1768 70.6552 34.2053 13.9284 80.335 86.295 38.8839 50.4295 67.764 37.0135 41.0 6.32456 46.0435 75.1211 55.6903 54.4396 18.0278 43.6005 50.2195 92.9517 68.9723 44.2041 85.0927 11.1803 54.7319 65.0056 40.604 17.0294 25.5242 41.3038 70.0472 61.6888 12.6491 37.1214 45.357 64.3534 53.5236 92.4061 37.1618 19.6473 33.8378 6.08276 31.6228 15.2643 27.8927 76.7546 21.9317 71.2277 61.8997 
28.8046 38.9559 30.2875 0.0 89.5405 56.4197 57.3847 8.544 91.9674 59.0704 52.2069 70.4235 53.3528 28.0713 44.012 57.8086 63.0714 9.89949 27.8927 72.3729 66.2722 70.8756 34.9514 63.4712 52.4976 59.1241 32.6324 37.8466 66.8496 67.5123 70.2282 48.7532 63.12 62.8908 39.0725 58.1657 36.8782 48.1041 46.6905 29.1296 70.0286 47.1699 65.1226 21.0625 66.7533 39.4999 41.7612 24.4131 69.4622 67.2711 38.079 63.7706 32.4591 25.1794 37.4833 57.8235 52.8394 25.5539 45.8039 54.3895 
64.4981 70.5515 80.9938 89.5405 0.0 46.2277 34.0147 97.3457 6.32456 57.0701 39.598 53.0 54.4243 113.84 82.3772 67.082 84.8528 90.7506 76.5821 21.0238 75.5381 85.8429 86.0233 38.0526 75.4321 48.6004 70.7113 98.3717 50.4876 35.0143 81.0555 62.6259 41.0122 67.3647 89.0225 43.0116 96.628 42.19 77.7817 63.6318 72.1803 78.1089 38.0132 91.5312 79.511 59.909 74.9396 94.7394 84.1487 91.1976 62.2415 95.0 84.8693 111.939 66.0984 83.006 86.1278 101.892 89.8888 48.6613 
32.8567 42.4618 52.986 56.4197 46.2277 0.0 22.0907 64.2249 49.93 29.8958 8.06226 41.1448 23.3033 81.6505 58.8034 34.6977 50.9215 47.758 31.0757 26.2488 64.8575 74.4984 58.5568 35.171 38.3275 3.0 28.8114 71.8046 47.8539 37.4833 52.1477 24.3516 37.0 38.8027 62.4818 4.12311 51.5461 15.6525 56.1759 31.8827 64.7842 38.2099 15.6569 63.4415 67.9237 24.7557 33.0 49.2329 53.6977 76.1591 33.3824 77.004 56.7796 78.6288 40.1285 65.7663 47.3814 73.8023 48.0937 9.21954 
30.8058 36.6228 47.1275 57.3847 34.0147 22.0907 0.0 65.437 35.2278 46.7247 14.3178 49.8197 44.8366 79.9112 50.01 55.9759 72.552 58.9405 51.1967 22.561 49.6488 59.9333 52.3927 13.8924 60.208 25.0799 40.3113 64.7611 28.3196 15.5242 72.9512 46.0977 16.4012 58.428 55.7315 21.8403 72.3756 9.43398 46.0977 30.0 48.2597 60.2993 24.4131 57.6025 53.2259 29.8329 55.0364 67.4745 75.1885 63.2456 28.2312 65.5134 50.9406 77.1816 32.5576 53.6004 69.4622 67.9633 70.0071 29.4109 
37.0115 47.45 37.2571 8.544 97.3457 64.2249 65.437 0.0 99.7801 61.6604 60.012 73.0232 55.9526 26.9258 50.8036 60.0083 62.9365 10.0499 30.0167 80.1781 74.0608 78.0907 40.2616 71.678 53.6004 54.9913 35.2321 42.19 75.3437 75.7192 70.8308 51.3517 71.3268 65.0308 44.2719 65.9709 33.6006 56.0803 54.2849 37.3365 78.0064 47.8539 72.3463 26.2488 74.3784 47.3051 43.1856 20.8087 69.6419 73.4983 46.5731 68.9493 31.4041 24.5967 45.8912 64.9391 52.2015 28.3196 44.2832 56.9892 
66.0303 71.1891 81.4371 91.9674 6.32456 49.93 35.2278 99.7801 0.0 62.6498 42.8019 59.0339 59.4811 114.469 81.7435 72.6911 90.5539 93.185 80.6325 25.9615 73.0616 83.2166 86.1626 36.8782 80.8084 52.4786 73.2621 98.4327 48.0104 33.3766 87.0057 67.72 39.6232 73.171 88.8651 47.0106 100.715 44.0454 76.9025 65.215 69.3542 83.2406 42.72 92.1604 77.0584 62.4598 79.9365 98.7897 90.05 89.0 63.1348 93.1933 85.4984 111.739 66.3099 81.3019 91.444 102.521 94.8896 52.7479 
52.6086 66.7235 77.2476 59.0704 57.0701 29.8958 46.7247 61.6604 62.6498 0.0 35.1369 11.4018 9.43398 86.9808 83.6552 10.0499 28.0179 51.6236 32.0156 37.054 94.7266 104.367 82.8185 60.6135 18.7883 27.198 36.3456 96.0663 74.8674 61.8715 26.2488 10.4403 63.0846 11.7047 86.7435 34.2599 44.6878 44.8568 82.2679 51.8593 94.6532 22.8035 22.8035 87.7032 97.7928 32.484 22.2036 48.7545 28.6356 106.028 58.2528 103.051 81.0413 84.1738 65.9897 95.6354 29.5466 84.4094 35.0 22.2396 
28.6438 38.2415 48.7657 52.2069 39.598 8.06226 14.3178 60.012 42.8019 35.1369 0.0 38.4249 30.5314 77.628 54.5711 41.9258 58.2467 53.4169 39.0341 21.0238 59.8164 69.6348 54.3366 27.8568 45.8912 11.0454 33.3775 66.6182 41.3401 29.8329 61.3634 31.7805 29.9666 46.8402 58.2615 7.61577 59.5049 10.0 51.8652 27.6698 59.4138 46.0977 12.937 59.2213 63.0079 22.5752 41.0122 60.3137 60.9258 71.5891 29.1548 72.6154 52.5594 74.6063 35.9026 61.2699 55.2268 69.5821 56.1427 15.2315 
63.4343 76.6526 87.1768 70.4235 53.0 41.1448 49.8197 73.0232 59.0339 11.4018 38.4249 0.0 19.105 98.3339 92.9942 17.6918 33.2415 62.9682 43.4166 35.171 97.7556 107.695 92.7477 63.6003 27.5862 43.1864 47.1963 105.995 78.1025 64.3506 28.1603 21.8403 66.2193 15.6525 96.6726 37.5479 55.2178 48.1448 90.3668 62.6851 97.0918 32.6497 25.4951 97.6324 101.038 43.3097 33.121 60.0083 31.4006 110.35 67.5733 111.195 90.9705 95.5269 74.3194 99.9572 37.8021 95.7625 44.5533 43.1864 
46.0161 60.131 70.6552 53.3528 54.4243 23.3033 44.8366 55.9526 59.4811 9.43398 30.5314 19.105 0.0 81.2633 77.0627 16.5529 33.7343 45.9079 26.865 33.5261 88.1341 97.775 76.226 58.3139 22.0 20.6056 29.7781 89.4738 71.1481 60.3594 34.0 8.24621 60.2536 20.0 80.151 23.022 42.8019 38.9467 75.6754 45.2668 88.0607 23.7697 17.1172 81.1107 91.2003 25.8915 20.5913 44.6543 35.8469 99.4357 51.6603 96.4582 74.4488 78.4563 59.3972 89.0429 32.249 78.6918 35.4683 15.6471 
54.1026 53.2884 34.2053 28.0713 113.84 81.6505 79.9112 26.9258 114.469 86.9808 77.628 98.3339 81.2633 0.0 43.0813 85.719 89.8109 36.1386 55.7315 97.7941 67.6757 68.0661 32.6497 79.5776 80.05 84.3549 60.5428 26.1725 77.801 83.7903 97.5295 76.6636 77.9023 90.8012 33.8378 83.3965 60.0333 73.4089 48.3322 54.4276 72.8011 74.4648 90.3534 22.6716 66.4831 64.7307 69.4262 47.4131 96.4624 61.2944 52.4115 55.0364 29.0 3.16228 48.8366 55.7853 79.1202 12.53 71.1758 87.6554 
31.3657 26.9317 13.9284 44.012 82.3772 58.8034 50.01 50.8036 81.7435 83.6552 54.5711 92.9942 77.0627 43.0813 0.0 86.7425 99.449 52.6085 64.0171 72.111 24.7386 27.2947 11.0454 44.9222 86.49 61.5077 54.0751 19.105 38.0132 48.7032 103.255 75.3798 42.3792 91.5002 9.43398 60.5493 78.7147 45.5412 5.65685 31.9317 29.7321 83.7567 67.5062 25.02 24.0832 51.7646 77.396 67.2481 104.005 23.2594 26.0 20.5183 19.4165 41.1096 18.6815 14.1421 90.3422 30.6757 84.8153 67.7171 
55.6959 69.8108 80.335 57.8086 67.082 34.6977 55.9759 60.0083 72.6911 10.0499 41.9258 17.6918 16.5529 85.719 86.7425 0.0 18.0 50.04 30.0666 47.0956 99.5285 107.683 85.7403 69.7083 9.89949 32.0 38.0789 97.5551 82.5426 71.1227 17.4929 11.4018 71.648 5.09902 90.6819 34.4165 38.0789 50.3412 85.3552 54.9467 99.4552 15.2643 32.3883 89.192 101.627 35.5713 17.2627 44.3847 19.3132 107.237 61.3402 106.428 82.5301 82.912 69.077 96.6342 20.2485 83.1476 26.9072 27.0416 
68.4123 82.5173 86.295 63.0714 84.8528 50.9215 72.552 62.9365 90.5539 28.0179 58.2467 33.2415 33.7343 89.8109 99.449 18.0 0.0 53.8516 36.0555 65.0692 112.33 120.603 92.4429 86.0233 13.0384 48.1041 48.1041 103.524 98.6749 88.0748 9.48683 26.5707 87.9204 17.72 97.3911 50.7374 33.0151 66.4831 98.1328 67.6319 113.587 16.4012 50.2494 84.1082 114.621 48.6053 22.6716 43.566 7.0 119.944 74.2024 119.135 88.4986 87.3155 81.8352 109.345 11.0454 88.5998 20.0 43.3625 
32.5576 45.0125 38.8839 9.89949 90.7506 47.758 58.9405 10.0499 93.185 51.6236 53.4169 62.9682 45.9079 36.1386 52.6085 50.04 53.8516 0.0 20.0 72.9236 74.1485 79.404 44.9998 66.4831 43.9318 44.9466 25.1875 47.6361 72.0069 70.3847 61.4003 41.3038 66.4078 55.0818 48.862 50.3042 27.0185 49.5296 55.0818 32.7567 77.5242 38.3275 62.3017 30.852 74.9533 35.613 33.3766 14.7648 60.407 75.8676 39.3192 72.6752 41.0555 33.5261 44.0114 66.4078 43.382 35.2278 36.0555 46.9446 
36.6833 51.4867 50.4295 27.8927 76.5821 31.0757 51.1967 30.0167 80.6325 32.0156 39.0341 43.4166 26.865 55.7315 64.0171 30.0666 36.0555 20.0 0.0 56.2413 80.8866 89.7533 56.5774 62.1289 24.6982 28.2643 13.9284 67.6581 71.4493 65.3758 42.5441 21.587 63.0079 35.1283 61.5256 33.6155 21.2132 42.4264 67.1023 35.9029 82.6297 19.7231 45.6193 48.7577 84.0766 21.3776 13.9284 18.3848 42.0595 88.9131 42.4947 84.2513 52.6331 52.9528 50.9228 78.3144 26.8701 53.2492 22.3607 29.7321 
48.7647 57.2398 67.764 72.3729 21.0238 26.2488 22.561 80.1781 25.9615 37.054 21.0238 35.171 33.5261 97.7941 72.111 47.0956 65.0692 72.9236 56.2413 0.0 71.6938 82.0792 73.3348 33.6155 54.9181 28.3204 53.977 85.6165 48.5489 32.8024 62.2896 41.7612 36.7151 48.0416 77.1038 22.6819 76.2872 27.1662 68.469 47.8017 69.7711 57.28 17.0 78.2196 75.3923 49.9213 54.0 74.2874 65.123 85.7263 48.3735 88.0738 71.5577 94.7723 54.0093 76.1577 65.5134 88.5804 68.9531 28.3204 
45.1885 40.8469 37.0135 66.2722 75.5381 64.8575 49.6488 74.0608 73.0616 94.7266 59.8164 97.7556 88.1341 67.6757 24.7386 99.5285 112.33 74.1485 80.8866 71.6938 0.0 10.4403 35.6931 38.6005 99.2975 67.5619 67.2417 42.4853 25.0799 40.7922 115.81 87.9348 35.4401 103.634 33.8378 66.6033 98.9104 49.8197 20.0998 45.618 5.65685 96.8969 72.2677 49.2544 4.0 63.8201 90.5539 88.295 116.602 16.2788 38.4708 21.9317 43.0465 65.8027 31.3847 12.8062 105.679 55.3624 102.907 73.7713 
52.6972 48.2666 41.0 70.8756 85.8429 74.4984 59.9333 78.0907 83.2166 104.367 69.6348 107.695 97.775 68.0661 27.2947 107.683 120.603 79.404 89.7533 82.0792 10.4403 0.0 38.1182 49.0408 107.615 77.2028 75.41 41.9762 35.3553 51.1957 124.195 96.3199 45.8803 113.274 35.0143 76.2168 104.933 59.6406 24.3516 53.2541 14.0357 104.921 82.2075 52.2398 6.7082 72.3464 98.5606 93.9202 124.987 8.48528 46.4004 15.6205 46.6905 66.6108 38.833 13.1529 113.679 56.3205 111.075 83.4122 
30.529 26.095 6.32456 34.9514 86.0233 58.5568 52.3927 40.2616 86.1626 82.8185 54.3366 92.7477 76.226 32.6497 11.0454 85.7403 92.4429 44.9998 56.5774 73.3348 35.6931 38.1182 0.0 50.1199 81.269 61.2612 60.5875 12.3693 45.9674 54.2033 99.0995 76.6849 48.0208 90.8225 5.0 60.3028 71.1214 46.1749 15.8114 31.095 40.5216 76.1951 67.2597 14.1421 35.1283 50.9279 70.5013 59.6394 98.554 33.2415 25.2181 29.0689 9.43398 30.4631 19.9249 25.02 82.9025 20.1246 77.3756 67.4706 
34.9857 36.8277 46.0435 63.4712 38.0526 35.171 13.8924 71.678 36.8782 60.6135 27.8568 63.6003 58.3139 79.5776 44.9222 69.7083 86.0233 66.4831 62.1289 33.6155 38.6005 49.0408 50.1199 0.0 73.4983 38.0789 49.8197 62.1691 15.0 4.24264 86.8399 59.4811 3.16228 72.3168 52.3927 35.4683 83.2947 20.0998 40.025 34.4819 36.2491 73.1642 38.2753 57.2689 42.45 41.0 67.6145 76.9863 88.7083 53.6004 29.8329 57.0351 50.607 76.848 30.8058 45.0111 82.3772 67.6297 82.2192 43.0813 
55.4533 69.5582 75.1211 52.4976 75.4321 38.3275 60.208 53.6004 80.8084 18.7883 45.8912 27.5862 22.0 80.05 86.49 9.89949 13.0384 43.9318 24.6982 54.9181 99.2975 107.615 81.269 73.4983 0.0 35.4401 35.609 92.3497 85.9605 75.71 17.8885 14.1421 75.2861 13.4164 86.2171 38.4708 28.6356 53.769 85.1738 54.6728 100.553 6.08276 39.0512 73.4209 101.607 35.5713 10.7703 36.2215 17.8045 106.985 61.2209 106.176 77.3247 77.3692 68.884 96.3859 10.7703 77.9124 17.0294 31.1466 
35.561 45.1662 55.6903 59.1241 48.6004 3.0 25.0799 54.9913 52.4786 27.198 11.0454 43.1864 20.6056 84.3549 61.5077 32.0 48.1041 44.9466 28.2643 28.3204 67.5619 77.2028 61.2612 38.0789 35.4401 0.0 26.0 74.509 50.5766 40.4475 49.45 21.5407 39.8497 36.105 65.1861 5.65685 48.7032 18.3848 58.8803 34.587 67.4885 35.2278 17.6984 66.1459 70.6281 21.9443 30.0 46.4215 51.0 78.8635 36.0868 79.7083 59.484 81.3332 42.8329 68.4707 44.4072 81.0563 45.0999 7.61577 
23.0384 37.1434 54.4396 32.6324 70.7113 28.8114 40.3113 35.2321 73.2621 36.3456 33.3775 47.1963 29.7781 60.5428 54.0751 38.0789 48.1041 25.1875 13.9284 53.977 67.2417 75.41 60.5875 49.8197 35.609 26.0 0.0 71.6682 58.0775 53.3667 53.2541 27.2029 50.3587 43.0813 65.5357 31.3576 34.0588 31.0161 52.7589 22.2579 68.9848 31.8277 43.355 63.3051 69.3412 12.0416 25.4558 27.5983 53.4135 74.5698 28.8498 73.7607 56.6432 58.2483 36.4692 63.971 40.0 57.9714 36.2491 28.0 
42.8106 38.3766 18.0278 37.8466 98.3717 71.8046 64.7611 42.19 98.4327 96.0663 66.6182 105.995 89.4738 26.1725 19.105 97.5551 103.524 47.6361 67.6581 85.6165 42.4853 41.9762 12.3693 62.1691 92.3497 74.509 71.6682 0.0 56.8507 66.1891 110.18 88.4997 59.9416 102.637 10.0 72.5844 74.4656 58.4565 24.7588 43.3766 47.8853 87.2758 79.5413 17.8045 40.8534 64.1757 81.582 61.8485 109.635 35.1283 37.4997 29.0172 17.72 25.0 32.28 30.0832 90.6842 15.2971 83.6296 80.7183 
39.4588 37.8938 43.6005 66.8496 50.4876 47.8539 28.3196 75.3437 48.0104 74.8674 41.3401 78.1025 71.1481 77.801 38.0132 82.5426 98.6749 72.0069 71.4493 48.5489 25.0799 35.3553 45.9674 15.0 85.9605 50.5766 58.0775 56.8507 0.0 16.1555 99.9925 72.1164 12.0416 86.5707 46.8615 48.8774 92.1358 32.2025 32.45 39.3192 21.8403 84.8646 52.6308 55.7641 29.0689 51.4198 78.848 84.1487 101.543 41.0122 32.7567 45.5412 49.0918 75.213 29.9666 33.9559 94.0043 65.437 92.7631 56.4358 
39.1152 41.0694 50.2195 67.5123 35.0143 37.4833 15.5242 75.7192 33.3766 61.8715 29.8329 64.3506 60.3594 83.7903 48.7032 71.1227 88.0748 70.3847 65.3758 32.8024 40.7922 51.1957 54.2033 4.24264 75.71 40.4475 53.3667 66.1891 16.1555 0.0 88.098 61.6117 6.32456 73.5748 56.3649 37.3631 86.5794 23.0217 43.6807 38.5876 37.9473 75.6637 39.3573 61.4816 44.7214 44.1022 70.2567 80.7328 90.3352 56.2228 34.0588 60.0083 54.8197 81.0607 35.0 48.0416 84.8528 71.8424 85.0529 44.9222 
72.2415 86.3231 92.9517 70.2282 81.0555 52.1477 72.9512 70.8308 87.0057 26.2488 61.3634 28.1603 34.0 97.5295 103.255 17.4929 9.48683 61.4003 42.5441 62.2896 115.81 124.195 99.0995 86.8399 17.8885 49.45 53.2541 110.18 99.9925 88.098 0.0 28.4253 89.098 14.5602 104.048 51.8664 42.19 67.7912 101.939 71.4493 116.905 23.0868 49.0408 91.1921 118.139 52.0836 28.6356 52.1536 3.60555 123.749 77.8524 122.94 95.1553 94.921 85.5893 113.146 20.0998 95.6836 29.1548 44.4916 
44.3332 58.4481 68.9723 48.7532 62.6259 24.3516 46.0977 51.3517 67.72 10.4403 31.7805 21.8403 8.24621 76.6636 75.3798 11.4018 26.5707 41.3038 21.587 41.7612 87.9348 96.3199 76.6849 59.4811 14.1421 21.5407 27.2029 88.4997 72.1164 61.6117 28.4253 0.0 61.3514 16.1245 78.4681 24.3311 35.3836 39.9249 73.9925 43.5839 89.19 15.5242 25.318 80.1366 90.2643 24.2086 12.8062 38.4708 29.6816 95.8745 49.9774 95.0654 73.4747 73.8566 57.7143 85.2715 24.0832 74.0922 27.313 17.0294 
34.4384 35.4795 44.2041 63.12 41.0122 37.0 16.4012 71.3268 39.6232 63.0846 29.9666 66.2193 60.2536 77.9023 42.3792 71.648 87.9204 66.4078 63.0079 36.7151 35.4401 45.8803 48.0208 3.16228 75.2861 39.8497 50.3587 59.9416 12.0416 6.32456 89.098 61.3514 0.0 74.7879 50.0899 37.5766 84.0952 21.587 37.3631 34.0147 33.1059 74.7798 40.8044 55.5937 39.2938 42.107 69.1692 77.2796 90.648 50.4876 28.8444 54.0093 48.9318 75.1728 29.0689 42.0 83.996 65.9469 83.4865 45.1885 
60.4536 74.5685 85.0927 62.8908 67.3647 38.8027 58.428 65.0308 73.171 11.7047 46.8402 15.6525 20.0 90.8012 91.5002 5.09902 17.72 55.0818 35.1283 48.0416 103.634 113.274 90.8225 72.3168 13.4164 36.105 43.0813 102.637 86.5707 73.5748 14.5602 16.1245 74.7879 0.0 94.5885 45.9632 42.0476 54.4462 90.1129 59.7043 103.56 19.3132 34.4819 94.2742 106.7 40.329 22.0907 49.0306 17.1172 111.995 66.0978 111.186 87.6123 87.9942 73.8347 101.392 22.6274 88.2298 30.2324 31.1466 
34.454 30.02 11.1803 39.0725 89.0225 62.4818 55.7315 44.2719 88.8651 86.7435 58.2615 96.6726 80.151 33.8378 9.43398 90.6819 97.3911 48.862 61.5256 77.1038 33.8378 35.0143 5.0 52.3927 86.2171 65.1861 65.5357 10.0 46.8615 56.3649 104.048 78.4681 50.0899 94.5885 0.0 64.2277 76.0696 50.01 15.0 35.02 39.0 81.1433 71.1847 18.0278 32.7567 54.8529 75.4495 63.0744 103.502 29.4279 29.0689 24.6982 14.2127 32.0156 23.1948 22.2036 87.8507 21.587 82.3237 71.3955 
34.6026 44.2077 54.7319 58.1657 43.0116 4.12311 21.8403 65.9709 47.0106 34.2599 7.61577 37.5479 23.022 83.3965 60.5493 34.4165 50.7374 50.3042 33.6155 22.6819 66.6033 76.2168 60.3028 35.4683 38.4708 5.65685 31.3576 72.5844 48.8774 37.3631 51.8664 24.3311 37.5766 45.9632 64.2277 0.0 53.8516 17.0294 57.9219 33.6286 66.4831 39.0 12.06 65.1875 69.6563 27.3018 34.2345 51.7791 53.4165 77.9051 35.1284 78.7499 58.5256 80.3748 41.8745 67.5123 48.0416 75.5483 49.4975 7.61577 
54.1295 68.0635 65.0056 36.8782 96.628 51.5461 72.3756 33.6006 100.715 44.6878 59.5049 55.2178 42.8019 60.0333 78.7147 38.0789 33.0151 27.0185 21.2132 76.2872 98.9104 104.933 71.1214 83.2947 28.6356 48.7032 34.0588 74.4656 92.1358 86.5794 42.19 35.3836 84.0952 42.0476 76.0696 53.8516 0.0 63.6396 80.6226 53.9351 101.39 22.8254 65.6652 57.6815 100.086 42.5793 22.6274 12.8062 40.0125 101.966 61.1882 98.7968 67.1772 57.9828 67.5356 92.1954 22.0907 61.6198 13.0384 48.7647 
22.3607 30.0799 40.604 48.1041 42.19 15.6525 9.43398 56.0803 44.0454 44.8568 10.0 48.1448 38.9467 73.4089 45.5412 50.3412 66.4831 49.5296 42.4264 27.1662 49.8197 59.6406 46.1749 20.0998 53.769 18.3848 31.0161 58.4565 32.2025 23.0217 67.7912 39.9249 21.587 54.4462 50.01 17.0294 63.6396 0.0 42.45 21.4709 49.4975 53.2391 22.6569 51.0596 53.0094 21.095 47.6817 58.3142 69.3412 61.7171 21.2132 62.9682 44.3977 70.3872 27.074 51.4782 62.4553 61.4204 62.1289 24.4131 
30.0495 25.6155 17.0294 46.6905 77.7817 56.1759 46.0977 54.2849 76.9025 82.2679 51.8652 90.3668 75.6754 48.3322 5.65685 85.3552 98.1328 55.0818 67.1023 68.469 20.0998 24.3516 15.8114 40.025 85.1738 58.8803 52.7589 24.7588 32.45 43.6807 101.939 73.9925 37.3631 90.1129 15.0 57.9219 80.6226 42.45 0.0 30.6155 24.7386 82.4405 64.7923 29.1548 20.0998 50.448 76.0798 69.5701 102.689 22.0227 24.4131 21.095 23.0 46.2385 16.6433 11.6619 91.1987 35.8469 88.4237 65.0897 
1.0 15.0 25.5242 29.1296 63.6318 31.8827 30.0 37.3365 65.215 51.8593 27.6698 62.6851 45.2668 54.4276 31.9317 54.9467 67.6319 32.7567 35.9029 47.8017 45.618 53.2541 31.095 34.4819 54.6728 34.587 22.2579 43.3766 39.3192 38.5876 71.4493 43.5839 34.0147 59.7043 35.02 33.6286 53.9351 21.4709 30.6155 0.0 47.7598 51.9396 40.5856 35.9797 47.5079 20.2485 45.5789 45.0 72.1878 52.4264 7.28011 51.6173 29.3178 51.4058 14.4222 41.8277 60.6977 46.3405 57.9227 40.7964 
47.4342 43.3275 41.3038 70.0286 72.1803 64.7842 48.2597 78.0064 69.3542 94.6532 59.4138 97.0918 88.0607 72.8011 29.7321 99.4552 113.587 77.5242 82.6297 69.7711 5.65685 14.0357 40.5216 36.2491 100.553 67.4885 68.9848 47.8853 21.8403 37.9473 116.905 89.19 33.1059 103.56 39.0 66.4831 101.39 49.4975 24.7386 47.7598 0.0 98.4124 71.5891 53.7587 8.94427 65.0 92.1303 91.4284 117.857 21.1896 40.4969 27.2947 47.3814 70.8378 33.9559 18.4391 107.331 60.407 104.65 73.6979 
52.72 66.825 70.0472 47.1699 78.1089 38.2099 60.2993 47.8539 83.2406 22.8035 46.0977 32.6497 23.7697 74.4648 83.7567 15.2643 16.4012 38.3275 19.7231 57.28 96.8969 104.921 76.1951 73.1642 6.08276 35.2278 31.8277 87.2758 84.8646 75.6637 23.0868 15.5242 74.7798 19.3132 81.1433 39.0 22.8254 53.2391 82.4405 51.9396 98.4124 0.0 40.7922 68.156 99.0202 33.6155 6.40312 30.1496 22.3607 104.251 58.5235 103.442 72.2508 71.8401 66.1508 93.6527 9.21954 72.6476 12.2066 32.1403 
41.5595 51.1647 61.6888 65.1226 38.0132 15.6569 24.4131 72.3463 42.72 22.8035 12.937 25.4951 17.1172 90.3534 67.5062 32.3883 50.2494 62.3017 45.6193 17.0 72.2677 82.2075 67.2597 38.2753 39.0512 17.6984 43.355 79.5413 52.6308 39.3573 49.0408 25.318 40.8044 34.4819 71.1847 12.06 65.6652 22.6569 64.7923 40.5856 71.5891 40.7922 0.0 72.1444 75.5496 39.2993 37.3961 63.6655 51.4198 84.3715 42.0853 85.5067 65.4825 87.3317 48.8314 74.1039 49.366 82.5052 52.3492 17.6984 
35.4137 30.9797 12.6491 21.0625 91.5312 63.4415 57.6025 26.2488 92.1604 87.7032 59.2213 97.6324 81.1107 22.6716 25.02 89.192 84.1082 30.852 48.7577 78.2196 49.2544 52.2398 14.1421 57.2689 73.4209 66.1459 63.3051 17.8045 55.7641 61.4816 91.1921 80.1366 55.5937 94.2742 18.0278 65.1875 57.6815 51.0596 29.1548 35.9797 53.7587 68.156 72.1444 0.0 49.0102 55.8126 62.6657 45.0644 90.4712 47.2969 30.1028 42.72 6.7082 19.799 26.528 39.1152 73.9001 11.7047 66.8455 72.3553 
47.0106 42.5899 37.1214 66.7533 79.511 67.9237 53.2259 74.3784 77.0584 97.7928 63.0079 101.038 91.2003 66.4831 24.0832 101.627 114.621 74.9533 84.0766 75.3923 4.0 6.7082 35.1283 42.45 101.607 70.6281 69.3412 40.8534 29.0689 44.7214 118.139 90.2643 39.2938 106.7 32.7567 69.6563 100.086 53.0094 20.0998 47.5079 8.94427 99.0202 75.5496 49.0102 0.0 66.2193 92.6621 89.2861 118.932 12.3693 40.4969 18.3576 43.0465 64.7611 33.121 10.7703 107.781 54.3415 105.398 76.8375 
21.095 34.8329 45.357 39.4999 59.909 24.7557 29.8329 47.3051 62.4598 32.484 22.5752 43.3097 25.8915 64.7307 51.7646 35.5713 48.6053 35.613 21.3776 49.9213 63.8201 72.3464 50.9279 41.0 35.5713 21.9443 12.0416 64.1757 51.4198 44.1022 52.0836 24.2086 42.107 40.329 54.8529 27.3018 42.5793 21.095 50.448 20.2485 65.0 33.6155 39.2993 55.8126 66.2193 0.0 27.5136 38.0132 52.876 72.1803 26.1725 71.4502 49.1507 61.709 33.9706 61.5549 42.72 61.4321 41.4367 23.9443 
46.3593 60.4643 64.3534 41.7612 74.9396 33.0 55.0364 43.1856 79.9365 22.2036 41.0122 33.121 20.5913 69.4262 77.396 17.2627 22.6716 33.3766 13.9284 54.0 90.5539 98.5606 70.5013 67.6145 10.7703 30.0 25.4558 81.582 78.848 70.2567 28.6356 12.8062 69.1692 22.0907 75.4495 34.2345 22.6274 47.6817 76.0798 45.5789 92.1303 6.40312 37.3961 62.6657 92.6621 27.5136 0.0 27.2029 28.3019 97.8907 52.1707 97.0816 66.557 66.7083 59.7901 87.292 15.2315 67.1572 15.2971 27.8927 
45.0111 58.3385 53.5236 24.4131 94.7394 49.2329 67.4745 20.8087 98.7897 48.7545 60.3137 60.0083 44.6543 47.4131 67.2481 44.3847 43.566 14.7648 18.3848 74.2874 88.295 93.9202 59.6394 76.9863 36.2215 46.4215 27.5983 61.8485 84.1487 80.7328 52.1536 38.4708 77.2796 49.0306 63.0744 51.7791 12.8062 58.3142 69.5701 45.0 91.4284 30.1496 63.6655 45.0644 89.2861 38.0132 27.2029 0.0 50.4876 90.5072 52.0384 87.3148 55.6952 45.2769 57.8107 80.9938 32.5576 48.8365 24.0416 48.1041 
72.9682 87.0731 92.4061 69.4622 84.1487 53.6977 75.1885 69.6419 90.05 28.6356 60.9258 31.4006 35.8469 96.4624 104.005 19.3132 7.0 60.407 42.0595 65.123 116.602 124.987 98.554 88.7083 17.8045 51.0 53.4135 109.635 101.543 90.3352 3.60555 29.6816 90.648 17.1172 103.502 53.4165 40.0125 69.3412 102.689 72.1878 117.857 22.3607 51.4198 90.4712 118.932 52.876 28.3019 50.4876 0.0 124.5 78.6448 123.69 94.6097 93.9202 86.3713 113.899 18.0278 94.9627 27.0 46.0416 
51.8604 47.4264 37.1618 67.2711 91.1976 76.1591 63.2456 73.4983 89.0 106.028 71.5891 110.35 99.4357 61.2944 23.2594 107.237 119.944 75.8676 88.9131 85.7263 16.2788 8.48528 33.2415 53.6004 106.985 78.8635 74.5698 35.1283 41.0122 56.2228 123.749 95.8745 50.4876 111.995 29.4279 77.9051 101.966 61.7171 22.0227 52.4264 21.1896 104.251 84.3715 47.2969 12.3693 72.1803 97.8907 90.5072 124.5 0.0 46.0109 7.2111 42.3792 60.075 38.2099 10.6301 113.01 50.0 108.001 85.0729 
7.07107 9.12311 19.6473 38.079 62.2415 33.3824 28.2312 46.5731 63.1348 58.2528 29.1548 67.5733 51.6603 52.4115 26.0 61.3402 74.2024 39.3192 42.4947 48.3735 38.4708 46.4004 25.2181 29.8329 61.2209 36.0868 28.8498 37.4997 32.7567 34.0588 77.8524 49.9774 28.8444 66.0978 29.0689 35.1284 61.1882 21.2132 24.4131 7.28011 40.4969 58.5235 42.0853 30.1028 40.4969 26.1725 52.1707 52.0384 78.6448 46.0109 0.0 45.4863 23.4409 49.6819 7.81025 35.3836 67.2895 40.4636 64.5146 42.2962 
51.0513 46.6173 33.8378 63.7706 95.0 77.004 65.5134 68.9493 93.1933 103.051 72.6154 111.195 96.4582 55.0364 20.5183 106.428 119.135 72.6752 84.2513 88.0738 21.9317 15.6205 29.0689 57.0351 106.176 79.7083 73.7607 29.0172 45.5412 60.0083 122.94 95.0654 54.0093 111.186 24.6982 78.7499 98.7968 62.9682 21.095 51.6173 27.2947 103.442 85.5067 42.72 18.3576 71.4502 97.0816 87.3148 123.69 7.2111 45.4863 0.0 38.4708 54.0093 37.7359 12.0416 110.576 44.1814 105.049 85.9177 
28.7518 24.3178 6.08276 32.4591 84.8693 56.7796 50.9406 31.4041 85.4984 81.0413 52.5594 90.9705 74.4488 29.0 19.4165 82.5301 88.4986 41.0555 52.6331 71.5577 43.0465 46.6905 9.43398 50.607 77.3247 59.484 56.6432 17.72 49.0918 54.8197 95.1553 73.4747 48.9318 87.6123 14.2127 58.5256 67.1772 44.3977 23.0 29.3178 47.3814 72.2508 65.4825 6.7082 43.0465 49.1507 66.557 55.6952 94.6097 42.3792 23.4409 38.4708 0.0 26.2488 19.8661 33.541 78.9582 17.2047 73.4313 65.6933 
51.0809 50.5588 31.6228 25.1794 111.939 78.6288 77.1816 24.5967 111.739 84.1738 74.6063 95.5269 78.4563 3.16228 41.1096 82.912 87.3155 33.5261 52.9528 94.7723 65.8027 66.6108 30.4631 76.848 77.3692 81.3332 58.2483 25.0 75.213 81.0607 94.921 73.8566 75.1728 87.9942 32.0156 80.3748 57.9828 70.3872 46.2385 51.4058 70.8378 71.8401 87.3317 19.799 64.7611 61.709 66.7083 45.2769 93.9202 60.075 49.6819 54.0093 26.2488 0.0 46.1071 54.1295 76.6942 10.4403 68.8767 84.6336 
13.8924 9.47214 15.2643 37.4833 66.0984 40.1285 32.5576 45.8912 66.3099 65.9897 35.9026 74.3194 59.3972 48.8366 18.6815 69.077 81.8352 44.0114 50.9228 54.0093 31.3847 38.833 19.9249 30.8058 68.884 42.8329 36.4692 32.28 29.9666 35.0 85.5893 57.7143 29.0689 73.8347 23.1948 41.8745 67.5356 27.074 16.6433 14.4222 33.9559 66.1508 48.8314 26.528 33.121 33.9706 59.7901 57.8107 86.3713 38.2099 7.81025 37.7359 19.8661 46.1071 0.0 27.5862 74.9089 36.8782 72.1339 49.0422 
41.2616 36.8277 27.8927 57.8235 83.006 65.7663 53.6004 64.9391 81.3019 95.6354 61.2699 99.9572 89.0429 55.7853 14.1421 96.6342 109.345 66.4078 78.3144 76.1577 12.8062 13.1529 25.02 45.0111 96.3859 68.4707 63.971 30.0832 33.9559 48.0416 113.146 85.2715 42.0 101.392 22.2036 67.5123 92.1954 51.4782 11.6619 41.8277 18.4391 93.6527 74.1039 39.1152 10.7703 61.5549 87.292 80.9938 113.899 10.6301 35.3836 12.0416 33.541 54.1295 27.5862 0.0 102.411 43.7379 99.6358 74.6801 
61.4782 75.5831 76.7546 52.8394 86.1278 47.3814 69.4622 52.2015 91.444 29.5466 55.2268 37.8021 32.249 79.1202 90.3422 20.2485 11.0454 43.382 26.8701 65.5134 105.679 113.679 82.9025 82.3772 10.7703 44.4072 40.0 90.6842 94.0043 84.8528 20.0998 24.0832 83.996 22.6274 87.8507 48.0416 22.0907 62.4553 91.1987 60.6977 107.331 9.21954 49.366 73.9001 107.781 42.72 15.2315 32.5576 18.0278 113.01 67.2895 110.576 78.9582 76.6942 74.9089 102.411 0.0 78.3916 9.05539 41.0122 
45.7745 41.3405 21.9317 25.5539 101.892 73.8023 67.9633 28.3196 102.521 84.4094 69.5821 95.7625 78.6918 12.53 30.6757 83.1476 88.5998 35.2278 53.2492 88.5804 55.3624 56.3205 20.1246 67.6297 77.9124 81.0563 57.9714 15.2971 65.437 71.8424 95.6836 74.0922 65.9469 88.2298 21.587 75.5483 61.6198 61.4204 35.8469 46.3405 60.407 72.6476 82.5052 11.7047 54.3415 61.4321 67.1572 48.8365 94.9627 50.0 40.4636 44.1814 17.2047 10.4403 36.8782 43.7379 78.3916 0.0 71.2811 84.3567 
58.7032 72.8082 71.2277 45.8039 89.8888 48.0937 70.0071 44.2832 94.8896 35.0 56.1427 44.5533 35.4683 71.1758 84.8153 26.9072 20.0 36.0555 22.3607 68.9531 102.907 111.075 77.3756 82.2192 17.0294 45.0999 36.2491 83.6296 92.7631 85.0529 29.1548 27.313 83.4865 30.2324 82.3237 49.4975 13.0384 62.1289 88.4237 57.9227 104.65 12.2066 52.3492 66.8455 105.398 41.4367 15.2971 24.0416 27.0 108.001 64.5146 105.049 73.4313 68.8767 72.1339 99.6358 9.05539 71.2811 0.0 43.1741 
41.7704 51.3755 61.8997 54.3895 48.6613 9.21954 29.4109 56.9892 52.7479 22.2396 15.2315 43.1864 15.6471 87.6554 67.7171 27.0416 43.3625 46.9446 29.7321 28.3204 73.7713 83.4122 67.4706 43.0813 31.1466 7.61577 28.0 80.7183 56.4358 44.9222 44.4916 17.0294 45.1885 31.1466 71.3955 7.61577 48.7647 24.4131 65.0897 40.7964 73.6979 32.1403 17.6984 72.3553 76.8375 23.9443 27.8927 48.1041 46.0416 85.0729 42.2962 85.9177 65.6933 84.6336 49.0422 74.6801 41.0122 84.3567 43.1741 0.0 
DEMAND_SCENARIO_SECTION
0 0 0 0 0 0 0 0 0 0 0 0 0 0 0 0 0 0 0 0 0 0 0 0 0 0 0 0 0 0 0 0 0 0 0 0 0 0 0 0 0 0 0 0 0 0 0 0 0 0 0 0 0 0 0 0 0 0 0 0 0 0 0 0 0 0 0 0 0 0 0 0 0 0 0 0 0 0 0 0 0 0 0 0 0 0 0 0 0 0 0 0 0 0 0 0 0 0 0 0 0 0 0 0 0 0 0 0 0 0 0 0 0 0 0 0 0 0 0 0 0 0 0 0 0 0 0 0 0 0 0 0 0 0 0 0 0 0 0 0 0 0 0 0 0 0 0 0 0 0 0 0 0 0 0 0 0 0 0 0 0 0 0 0 0 0 0 0 0 0 0 0 0 0 0 0 0 0 0 0 0 0 0 0 0 0 0 0 0 0 0 0 0 0 0 0 0 0 0 0 
7 11 11 12 12 8 14 10 10 10 8 12 8 13 12 17 9 10 13 11 11 10 13 7 8 12 9 9 12 2 9 12 10 9 8 15 11 4 15 16 10 10 11 10 10 11 7 3 11 7 13 12 15 7 12 12 14 8 11 14 8 13 5 8 10 9 6 0 8 15 11 13 11 12 12 16 9 11 13 11 12 3 7 8 8 8 6 12 12 10 8 12 16 11 16 13 14 9 9 11 11 12 9 7 6 8 11 10 9 5 15 13 4 12 5 10 9 10 10 15 8 11 6 12 5 13 12 7 9 21 9 13 14 9 8 9 15 10 6 12 8 12 11 6 11 16 8 7 17 14 10 6 8 12 8 14 10 15 5 10 8 9 7 8 10 12 14 11 10 7 10 13 12 9 8 13 10 9 9 11 15 6 5 6 10 7 7 9 14 13 13 14 17 11 11 4 10 10 11 11 
3 3 2 3 3 3 3 2 2 3 4 5 5 5 4 4 2 3 2 4 3 2 5 4 2 0 5 3 3 3 4 3 3 3 4 4 3 4 2 3 1 3 4 4 5 2 2 1 4 3 5 2 3 4 4 2 3 4 4 5 3 3 3 3 4 4 4 4 5 2 3 2 2 3 3 2 2 3 4 4 3 1 2 4 4 3 2 2 4 3 4 3 4 1 4 4 4 3 2 2 3 3 0 4 3 3 3 3 4 2 3 2 3 5 3 2 4 4 5 4 3 4 2 2 4 4 2 4 2 3 2 2 3 4 3 2 3 3 4 2 4 4 2 4 3 3 3 3 4 3 3 3 2 3 3 4 3 3 3 4 2 3 3 3 3 3 4 4 1 0 3 1 2 3 5 2 4 1 6 3 2 5 3 5 3 3 4 2 1 4 3 3 4 2 3 2 2 2 3 2 
2 2 1 3 2 1 1 3 3 2 2 1 3 2 3 3 2 2 2 4 2 2 1 1 1 2 2 2 1 3 3 3 2 4 3 1 2 2 3 3 2 2 1 1 1 1 2 2 1 2 1 1 2 2 3 2 2 2 2 4 1 2 2 3 2 2 1 2 2 2 2 2 2 3 3 1 2 2 2 1 3 2 3 2 4 2 2 2 2 3 3 1 2 2 1 3 2 3 1 2 2 2 1 2 3 2 2 2 2 3 4 2 1 3 3 2 1 3 1 0 2 2 0 1 2 2 2 2 3 3 2 2 2 2 2 2 2 3 2 1 2 2 2 2 2 2 2 3 1 2 2 2 3 3 3 3 3 1 2 2 2 1 2 2 2 1 2 2 1 3 2 3 2 1 2 2 2 2 3 2 2 1 2 2 2 3 2 2 1 2 2 1 2 2 2 1 2 2 1 3 
4 4 6 2 4 4 5 5 4 3 3 6 4 5 4 5 5 3 4 2 4 3 5 4 4 4 6 4 4 3 4 3 7 7 5 5 4 4 5 4 4 7 5 4 5 6 4 6 7 5 4 6 2 3 4 8 4 2 5 3 5 2 4 3 2 5 6 3 1 2 3 5 3 6 4 4 2 5 5 2 4 3 3 2 6 4 2 5 5 4 4 4 5 3 4 3 5 4 3 3 4 4 3 5 5 5 3 2 5 3 2 4 5 4 2 4 3 1 5 3 7 2 4 4 4 3 4 5 3 2 5 3 5 4 4 3 6 4 3 6 5 2 6 3 4 2 5 3 3 3 3 5 3 4 4 3 3 4 5 4 6 5 4 6 5 1 5 6 2 5 2 5 6 4 0 3 4 5 3 4 4 3 5 2 5 3 3 4 1 5 4 4 3 2 2 2 4 4 4 2 
1 1 1 1 1 1 1 2 1 0 1 1 1 1 1 2 1 1 2 1 1 1 1 1 1 1 1 1 1 1 1 1 1 1 1 1 1 2 1 1 1 1 2 1 1 1 1 1 1 1 1 1 1 1 1 1 1 1 1 1 1 1 2 1 1 1 1 1 1 1 1 1 1 1 1 1 1 0 1 1 2 1 1 1 1 1 1 1 1 1 2 1 1 1 1 1 2 1 1 0 1 0 0 1 1 1 1 1 1 1 1 1 1 1 1 1 1 1 1 1 1 1 1 1 1 2 1 1 2 1 1 0 1 1 0 1 1 1 1 1 0 1 1 1 1 1 1 1 1 1 1 1 1 1 1 1 2 0 1 1 1 1 1 1 1 1 0 1 1 1 1 1 1 1 1 2 1 2 1 1 1 1 1 1 1 1 1 1 1 1 1 1 1 0 1 1 1 1 1 1 
9 6 8 14 11 10 10 14 10 5 11 7 1 6 8 11 11 10 9 13 11 9 8 13 6 4 9 8 13 7 10 8 5 6 13 8 6 14 11 7 12 14 13 13 7 12 10 7 11 10 3 8 8 9 9 12 9 10 5 8 12 10 8 4 6 9 7 2 15 13 12 14 11 7 9 8 7 10 13 10 9 8 7 5 5 7 9 7 4 10 8 7 16 12 9 16 13 11 12 8 7 10 6 7 11 7 9 12 10 9 6 8 11 12 8 10 13 9 14 11 5 6 10 8 7 8 7 10 2 9 11 11 13 5 14 6 4 9 10 14 11 9 8 9 8 12 6 11 9 10 8 9 10 9 4 11 11 4 8 7 12 6 10 4 10 2 11 8 12 9 13 9 12 8 4 14 9 12 5 10 9 5 8 6 9 12 13 11 4 6 4 9 8 10 13 10 12 11 9 11 
3 5 4 2 2 4 5 4 4 2 3 5 4 3 4 6 3 6 7 4 3 6 5 4 3 5 4 2 3 3 4 5 4 4 4 4 5 6 5 4 4 2 4 2 5 5 6 2 5 3 4 4 4 4 4 5 6 2 6 3 3 4 4 4 6 2 2 4 5 3 4 3 3 2 1 5 4 3 4 1 3 5 4 4 5 6 5 5 3 6 4 4 4 2 5 3 3 4 6 6 4 4 4 5 6 4 3 5 3 5 3 4 5 2 7 5 5 4 6 3 3 5 3 4 4 4 3 5 3 4 2 4 3 5 5 5 1 3 6 4 4 3 3 5 3 3 3 4 4 0 4 5 4 3 2 4 6 7 3 6 3 3 5 3 4 4 3 3 4 4 5 3 4 6 3 5 5 2 6 3 4 4 4 5 2 3 8 4 5 5 6 3 4 5 3 5 4 6 4 4 
8 7 8 5 1 8 7 7 6 5 10 6 2 7 12 8 5 6 7 5 8 9 11 11 4 7 7 3 6 7 14 5 4 1 9 10 9 8 8 7 8 5 9 2 8 7 7 8 2 6 5 6 8 6 9 6 10 8 4 10 7 10 7 10 8 12 4 10 6 5 5 9 4 6 7 6 9 8 9 5 4 8 5 7 3 12 8 9 10 5 8 2 4 5 3 7 5 6 7 6 5 9 8 8 11 5 10 6 7 6 8 10 8 9 8 6 7 6 6 7 7 7 4 7 5 2 8 10 9 10 8 5 8 7 3 3 8 2 13 8 10 10 10 9 7 3 9 6 4 10 6 2 7 7 3 6 9 11 7 9 5 9 5 7 4 5 9 8 8 6 4 8 9 7 8 8 5 6 10 8 8 10 11 4 7 4 5 10 5 10 6 3 7 6 8 6 8 9 5 7 
2 2 1 3 3 3 3 2 3 3 1 0 2 2 2 2 2 2 0 1 4 1 1 2 3 2 2 2 3 2 2 2 1 1 2 2 1 2 2 2 2 2 2 2 2 2 2 2 2 2 2 3 3 3 2 0 2 2 2 2 2 3 2 2 2 2 2 2 2 2 3 2 4 2 2 2 2 2 2 2 2 2 2 1 2 2 2 2 2 2 2 1 2 3 2 2 2 1 2 2 3 0 1 2 2 3 3 2 1 3 2 3 2 2 1 1 2 2 2 2 2 2 2 2 2 3 2 3 3 1 2 2 2 1 2 3 0 1 2 1 2 2 2 2 2 1 2 3 1 3 2 2 3 2 3 2 2 2 1 2 2 2 2 1 1 1 2 3 2 3 2 2 2 2 2 2 1 2 1 2 1 2 1 2 2 2 1 2 2 2 3 2 2 1 1 1 1 2 2 2 
4 9 7 9 7 5 6 6 8 4 3 7 5 7 13 7 7 7 6 7 6 5 6 4 11 4 7 4 4 9 4 4 10 7 7 4 2 9 3 4 5 9 6 8 6 7 7 4 6 8 7 5 8 5 6 7 9 10 5 6 8 8 8 1 8 9 10 8 6 8 6 8 7 5 11 6 8 7 9 5 5 6 11 7 9 5 6 4 9 8 7 5 8 9 6 7 6 7 10 5 8 6 7 6 6 6 6 6 5 8 2 6 14 9 9 8 4 7 7 9 5 3 7 6 6 5 4 9 7 6 8 7 8 7 8 4 10 7 10 5 7 9 4 7 5 6 6 5 6 5 7 12 5 9 8 3 5 7 5 7 3 9 8 6 7 5 5 6 6 9 3 7 9 7 8 9 8 8 9 9 4 6 6 2 8 8 10 4 4 4 7 9 7 4 7 4 7 5 11 7 
1 3 2 2 2 2 2 2 2 2 1 1 2 2 3 3 1 2 1 2 2 2 2 3 1 1 1 2 1 2 2 2 2 2 2 1 2 2 2 3 1 1 1 2 3 1 1 2 2 3 1 2 2 3 2 1 1 3 1 2 2 2 2 3 2 2 2 3 3 2 3 2 2 2 2 2 1 1 2 3 1 2 1 1 3 3 1 3 1 0 3 2 3 2 2 2 2 1 1 3 2 2 1 2 1 1 3 2 2 2 1 2 3 2 3 2 1 2 2 3 2 2 3 1 3 1 2 2 2 2 1 2 2 2 1 2 2 2 3 2 3 2 2 2 2 2 2 1 2 1 2 2 1 1 2 1 2 2 2 2 2 2 1 2 2 2 3 2 2 3 3 2 1 2 2 2 1 2 2 3 2 1 2 2 1 2 2 3 3 1 3 3 2 3 2 3 2 3 3 2 
2 2 3 1 2 2 2 2 2 3 3 3 2 2 2 1 3 1 2 3 1 2 2 3 3 3 2 1 2 2 3 3 2 3 2 2 2 1 1 2 2 2 1 2 2 2 2 2 1 3 2 2 2 2 1 2 2 3 1 2 3 2 4 1 2 2 2 1 2 2 3 3 1 2 2 2 2 1 3 3 1 2 2 1 2 3 1 2 3 3 2 2 2 3 2 2 3 2 3 2 2 3 1 2 2 2 1 2 1 2 2 1 3 1 1 2 2 3 2 2 1 1 1 0 0 2 1 3 1 2 1 2 1 3 1 3 2 1 2 2 0 2 2 3 2 2 2 2 0 2 3 1 2 3 1 1 2 4 3 3 0 2 1 2 2 1 2 1 2 2 3 2 2 3 2 1 2 2 2 2 2 1 2 2 3 2 2 2 2 2 2 2 1 1 2 2 1 2 1 1 
6 6 3 7 4 9 8 12 10 10 5 4 8 9 8 11 7 4 6 3 2 5 7 13 7 8 8 7 3 10 7 8 6 11 5 7 8 5 7 4 6 6 9 6 10 8 6 6 6 8 12 10 5 6 9 6 7 9 9 11 7 7 9 10 11 4 4 3 9 9 9 6 1 7 7 6 7 6 9 4 5 7 8 5 4 8 8 5 6 3 7 5 11 12 6 4 3 9 4 6 6 8 6 10 9 5 5 8 5 7 6 6 7 5 8 4 8 10 8 8 6 8 9 6 11 7 5 7 6 10 5 8 8 6 6 5 4 9 7 8 6 5 7 9 4 5 8 8 8 6 8 11 9 3 9 6 12 5 6 9 5 9 9 11 5 10 7 8 6 8 7 4 7 10 11 4 9 4 8 7 5 8 7 3 11 10 5 11 7 8 8 4 4 6 5 8 10 9 3 14 
6 6 4 2 3 3 2 3 4 4 5 4 5 4 4 6 5 4 3 6 4 4 3 3 5 3 4 5 4 4 4 4 3 4 4 5 4 6 4 1 3 4 2 4 4 5 5 4 3 4 1 3 4 4 3 4 6 5 2 6 4 4 6 7 4 3 4 6 4 5 5 5 4 8 6 3 4 6 6 3 5 4 3 6 7 4 5 4 3 3 3 4 3 5 7 7 3 3 3 5 3 3 4 4 7 4 4 3 4 7 3 3 4 4 3 3 3 5 3 4 2 4 3 5 4 2 3 3 4 4 4 6 6 7 4 4 4 6 6 5 3 5 3 4 4 6 4 5 4 3 2 1 6 3 2 5 4 3 4 6 4 3 5 3 4 6 3 4 4 4 6 4 4 5 4 2 5 4 5 4 5 3 4 4 3 3 3 4 3 2 6 2 3 7 4 6 4 5 1 6 
1 2 2 2 2 2 3 1 3 2 4 2 4 2 2 3 3 2 2 1 3 2 2 2 2 4 3 2 2 2 2 2 2 2 3 2 3 2 2 2 3 2 1 2 3 2 2 2 1 2 3 1 3 3 3 2 2 1 3 3 2 2 2 1 1 1 2 2 4 1 2 2 3 3 3 2 3 2 2 2 1 2 2 3 2 1 1 2 1 2 1 2 2 1 3 1 1 1 2 2 3 2 2 1 3 2 1 2 2 2 2 1 1 2 2 2 3 2 1 2 2 2 2 2 2 2 1 3 1 2 3 2 1 2 2 2 2 2 2 3 3 3 2 1 2 2 2 2 1 2 2 2 2 0 3 2 2 1 3 2 2 2 1 2 3 2 2 1 3 1 2 4 2 2 2 1 3 2 2 2 2 2 3 2 1 2 2 3 4 2 2 1 3 2 2 3 2 1 2 3 
7 5 4 5 5 5 5 6 6 4 8 7 9 4 8 4 9 5 6 7 2 9 5 6 8 7 5 7 7 8 7 2 5 8 5 4 5 4 7 8 6 8 8 6 6 8 7 6 6 10 8 5 10 6 6 6 7 5 6 5 8 5 6 7 4 6 7 5 6 7 7 1 5 7 6 9 4 8 10 5 8 5 6 10 5 7 6 5 10 6 9 4 8 5 8 8 4 5 6 4 3 7 5 10 6 9 2 8 6 4 5 9 7 5 5 8 4 6 7 6 9 7 3 7 8 8 4 6 6 7 5 4 6 5 7 9 6 5 5 8 5 6 4 8 7 5 7 7 4 6 2 7 7 8 8 8 4 8 6 6 11 5 7 6 5 7 9 4 7 4 7 7 3 5 7 4 6 5 5 3 7 5 7 6 7 6 5 4 6 9 4 6 7 5 4 9 8 8 7 6 
5 8 5 6 7 4 8 6 5 7 4 4 8 6 8 10 9 6 3 6 8 8 5 6 7 6 12 3 2 7 5 4 4 4 9 4 8 7 6 6 5 6 6 4 6 3 5 7 7 8 5 6 8 7 6 6 5 5 5 8 3 8 8 5 8 7 6 10 5 8 5 3 5 6 5 6 6 7 4 2 8 6 6 5 6 5 7 8 7 2 7 5 6 5 7 6 5 1 6 6 8 5 7 6 8 3 10 7 3 7 7 4 5 3 9 7 2 3 6 8 8 6 4 5 1 8 3 5 6 7 7 10 5 5 4 9 4 6 6 6 1 10 6 5 7 5 5 7 7 6 5 7 8 3 4 5 6 6 9 5 7 6 8 6 8 8 5 6 2 6 10 6 11 5 9 8 5 4 7 5 10 2 5 5 10 6 11 6 7 8 6 4 5 4 3 5 7 7 4 5 
2 0 3 3 2 3 3 1 2 2 2 4 2 2 2 3 3 2 2 2 2 2 1 2 2 4 3 1 2 3 1 2 1 2 2 3 2 1 2 2 3 3 1 2 1 3 3 2 3 1 2 2 2 1 2 3 2 2 2 2 2 1 3 1 2 2 2 1 2 3 3 2 2 2 1 2 2 2 2 1 2 3 3 2 2 2 3 2 3 3 3 3 2 2 1 2 3 2 1 1 2 3 2 1 2 2 3 1 2 3 2 2 2 1 2 2 2 3 2 2 2 2 2 2 2 1 3 3 1 2 2 2 2 1 2 3 2 3 3 1 2 2 3 3 1 2 2 3 3 2 2 2 1 2 4 4 2 2 2 2 2 3 2 2 2 3 1 2 1 1 2 1 1 2 4 1 1 2 0 3 3 1 2 1 3 1 1 2 2 1 2 2 1 3 2 3 1 1 1 2 
12 7 7 8 7 3 13 11 11 7 8 8 9 10 8 4 11 5 6 7 7 8 7 10 7 6 9 13 4 4 13 8 11 10 6 8 11 13 13 9 6 12 10 16 6 12 9 13 13 8 7 10 8 11 16 7 6 5 12 9 11 10 10 16 4 8 10 11 14 6 9 17 12 10 10 7 10 9 10 6 14 7 10 13 6 15 12 7 9 13 10 6 15 15 10 7 17 10 12 10 15 7 5 7 15 11 10 12 4 12 2 11 14 11 7 8 7 8 9 8 13 9 10 9 13 14 11 9 15 2 7 7 15 13 7 9 10 12 13 7 9 7 4 6 7 11 12 12 7 13 4 11 13 20 10 4 8 7 11 9 13 14 7 3 10 15 5 12 13 13 13 11 11 13 11 10 12 10 14 13 13 5 9 13 10 10 13 10 9 15 9 9 11 13 11 12 8 11 6 7 
6 4 5 4 2 5 4 5 4 6 5 4 5 7 5 5 2 5 5 3 4 5 5 3 4 5 5 2 3 6 3 6 3 3 2 7 3 3 4 5 6 7 4 6 0 5 1 3 5 3 4 5 5 4 5 8 6 4 4 0 4 4 3 2 4 4 3 2 5 2 4 3 2 6 3 5 6 3 3 5 4 3 7 4 3 4 3 4 4 4 3 3 4 6 4 2 4 5 6 6 2 5 2 4 5 5 4 6 4 4 3 5 5 4 4 6 6 4 3 2 5 6 2 5 4 3 3 5 5 6 4 5 2 4 5 5 2 4 5 4 4 5 5 1 3 6 3 5 3 5 3 4 5 4 6 6 3 5 4 2 4 4 5 3 1 3 6 4 7 4 5 4 5 6 5 4 6 2 2 4 3 4 4 3 5 3 7 3 4 3 5 5 3 5 4 3 4 4 4 4 
8 8 8 6 7 9 9 5 9 9 6 8 7 11 9 5 10 5 8 5 5 5 8 6 7 5 11 7 10 3 8 11 8 7 10 9 4 8 10 5 7 4 11 3 12 7 4 6 8 6 1 6 7 4 8 4 6 6 10 5 8 7 9 5 7 9 5 7 6 10 7 7 5 8 4 8 8 10 12 6 10 6 8 10 7 10 8 7 8 10 9 4 9 5 9 7 5 10 5 9 6 9 7 8 6 10 9 6 7 8 10 5 4 11 10 4 7 7 10 10 7 4 9 6 8 6 6 10 12 10 6 6 8 10 5 7 9 9 7 9 7 6 6 9 11 9 10 4 8 6 8 8 8 6 6 6 7 7 5 5 6 7 7 7 6 9 6 6 8 5 7 12 8 4 6 3 7 5 6 3 10 8 10 8 10 8 11 9 9 7 5 9 5 2 4 5 10 5 8 6 
6 7 10 7 13 7 17 10 8 9 8 8 11 8 11 11 7 8 9 12 10 13 9 7 14 9 7 4 16 7 3 8 8 12 6 9 9 6 10 11 8 6 7 9 13 8 11 3 9 4 10 8 8 3 6 5 7 7 9 10 8 9 10 8 4 8 5 8 8 8 5 11 12 7 8 12 9 5 7 3 5 7 8 7 10 8 8 8 11 7 9 11 12 14 6 10 6 4 8 11 9 2 10 6 10 9 8 13 10 11 4 11 10 7 9 6 10 4 8 11 10 5 5 8 5 6 8 6 5 8 7 6 9 10 6 10 9 8 9 4 8 9 6 6 7 3 9 12 9 8 8 7 9 6 9 6 10 8 5 7 7 5 11 13 1 9 8 8 15 11 8 9 8 8 9 8 8 10 6 4 6 5 5 13 8 9 7 5 9 11 14 8 13 9 6 12 8 13 13 8 
