NAME  : Jabali_60_3_0.88_1_6
TYPE : SVRP
MODEL : FINITE_SUPPORT
NUMBER_OF_SCENARIOS : 200
DIMENSION : 60
EDGE_WEIGHT_TYPE : MATRIX
CAPACITY : 123
N_VEHICLES : 3
NODE_COORD_SECTION
1 3451 3732
2 6352 6292
3 2010 1093
4 6193 2227
5 3033 7227
6 4917 4118
7 3380 1744
8 7228 5746
9 2206 4028
10 6917 2500
11 1472 6472
12 3729 6616
13 4125 199
14 2496 1892
15 2354 3496
16 1120 2749
17 5094 6150
18 1850 3184
19 3442 3873
20 5108 871
21 27 1279
22 7790 5366
23 7041 4118
24 4512 6988
25 7614 3301
26 5671 2573
27 7242 6236
28 7729 3004
29 2232 2436
30 6038 270
31 7278 3788
32 1646 1358
33 5672 3670
34 2594 3770
35 3690 6134
36 6935 3354
37 7026 408
38 4980 5384
39 6333 5295
40 4052 4935
41 6142 4027
42 6517 2204
43 4673 6404
44 1942 2910
45 1566 1956
46 4504 6021
47 6604 18
48 5080 1966
49 2682 4418
50 653 2405
51 5524 130
52 6091 3829
53 1812 7093
54 3381 839
55 3650 7491
56 5499 5594
57 1631 1806
58 3170 4672
59 2348 1083
60 167 2344
DEMAND_SECTION
1 0.0
2 2.0
3 3.0
4 8.0
5 7.0
6 10.0
7 9.0
8 5.0
9 10.0
10 10.0
11 10.0
12 2.0
13 4.0
14 3.0
15 4.0
16 4.0
17 2.0
18 7.0
19 4.0
20 7.0
21 10.0
22 7.0
23 3.0
24 1.0
25 6.0
26 10.0
27 2.0
28 5.0
29 7.0
30 8.0
31 10.0
32 5.0
33 3.0
34 6.0
35 8.0
36 8.0
37 6.0
38 1.0
39 6.0
40 8.0
41 10.0
42 8.0
43 4.0
44 3.0
45 3.0
46 9.0
47 2.0
48 2.0
49 4.0
50 2.0
51 6.0
52 2.0
53 2.0
54 6.0
55 10.0
56 5.0
57 6.0
58 1.0
59 6.0
60 1.0
DEVIATION_SECTION
1 0.0
2 0.666667
3 1.0
4 2.66667
5 2.33333
6 3.33333
7 3.0
8 1.66667
9 3.33333
10 3.33333
11 3.33333
12 0.666667
13 1.33333
14 1.0
15 1.33333
16 1.33333
17 0.666667
18 2.33333
19 1.33333
20 2.33333
21 3.33333
22 2.33333
23 1.0
24 0.333333
25 2.0
26 3.33333
27 0.666667
28 1.66667
29 2.33333
30 2.66667
31 3.33333
32 1.66667
33 1.0
34 2.0
35 2.66667
36 2.66667
37 2.0
38 0.333333
39 2.0
40 2.66667
41 3.33333
42 2.66667
43 1.33333
44 1.0
45 1.0
46 3.0
47 0.666667
48 0.666667
49 1.33333
50 0.666667
51 2.0
52 0.666667
53 0.666667
54 2.0
55 3.33333
56 1.66667
57 2.0
58 0.333333
59 2.0
60 0.333333
DISTANCE_MATRIX
0.0 53.0227 40.3132 51.0151 48.7032 23.6417 27.2947 58.8294 16.252 64.1185 47.8067 40.3113 48.4665 28.2313 17.5835 37.5158 40.4969 25.6125 1.0 44.1207 61.8468 63.6157 51.5436 47.1699 60.3663 46.2606 61.8458 63.2887 27.6155 58.0786 54.4347 40.465 36.2625 13.1113 34.2345 52.1033 66.8917 31.7648 45.228 19.4165 39.4222 53.6552 40.7922 27.4981 41.7443 35.6931 65.4516 37.5344 13.0384 45.3004 55.4344 39.5021 51.225 39.4588 51.788 38.2753 42.25 13.4164 39.0512 51.0909 
53.0227 0.0 92.8315 53.1641 47.0956 35.8469 75.0267 13.9284 62.2415 50.6952 66.0984 36.1248 88.955 80.755 64.2558 84.1724 17.72 72.2848 52.202 76.0263 108.519 22.8473 31.305 27.2947 43.909 51.0 12.0416 47.5079 80.1404 81.8841 36.2353 92.9898 37.054 59.7836 36.1386 40.1622 79.6994 21.9317 13.1529 36.1248 31.0644 53.6004 23.1948 74.1704 88.4166 25.2982 84.4038 60.6712 55.3173 91.9348 84.2268 33.0606 63.0714 85.7263 40.7922 14.8661 89.7837 48.2701 90.6799 97.591 
40.3132 92.8315 0.0 56.7253 84.0536 57.1913 20.2485 95.0332 38.0132 65.7625 72.1249 78.4092 31.7805 12.083 32.1403 24.4131 80.7305 27.2947 41.2847 42.2966 27.0185 97.0167 79.8457 86.6869 79.7355 55.1896 99.4594 79.3637 18.0278 56.0 82.141 5.83095 61.1737 36.3456 72.5603 74.1543 68.1836 71.6952 82.2989 59.7227 68.0186 59.3654 81.0899 24.1868 12.2066 75.9916 64.0078 43.2446 45.0444 25.0 50.0899 66.7397 80.2808 19.0263 89.0898 78.0847 10.8167 50.4876 4.0 29.0689 
51.0151 53.1641 56.7253 0.0 80.4992 31.763 37.0277 48.8365 64.3449 9.84886 85.4828 68.965 38.9102 48.8381 65.6763 67.8267 57.9437 60.736 51.8572 23.7697 82.627 47.1699 26.9258 70.2443 23.4307 8.99323 54.5894 23.3238 52.736 29.1204 24.6982 60.3679 22.8092 61.2042 63.6023 17.4929 30.4795 48.3508 40.0501 47.0257 22.438 4.0 62.1962 58.266 60.8672 58.235 33.121 15.8114 58.8785 73.8963 31.0644 22.438 88.0579 41.3722 80.2661 50.0024 60.011 53.2317 53.1045 80.1017 
48.7032 47.0956 84.0536 80.4992 0.0 48.8365 75.6902 60.531 46.0435 80.7559 23.4307 12.53 97.1442 73.437 52.345 65.0451 31.0483 57.0088 47.7598 91.7599 88.3233 69.0507 68.4251 20.025 80.2621 71.5891 59.0339 83.5284 66.1211 103.035 72.9452 81.0247 60.208 48.6621 16.9706 72.6705 106.337 35.8469 51.5461 33.6006 59.6406 83.1679 24.7386 60.0 74.108 25.4951 108.258 85.0364 39.3192 71.0667 103.591 60.803 17.088 87.8009 8.60233 39.5601 75.06 35.4401 84.2912 74.6324 
23.6417 35.8469 57.1913 31.763 48.8365 0.0 39.2173 38.8973 34.3327 36.7525 55.2308 37.2022 55.0091 45.7014 35.6642 55.5966 28.1603 43.6933 22.821 44.7774 78.8587 42.4382 28.4429 39.2173 36.9542 22.8035 42.8019 39.8767 46.0341 54.5894 31.0294 58.8835 12.6491 31.1921 31.8904 28.6913 57.6007 18.1108 25.6125 15.8114 16.1245 34.4317 31.3209 45.5789 56.0341 26.9258 59.6406 27.8766 28.8664 63.3812 54.7933 16.0 57.4543 50.2195 48.5489 22.3607 55.6774 23.2195 54.8342 69.1717 
27.2947 75.0267 20.2485 37.0277 75.6902 39.2173 0.0 76.3227 33.3335 46.0649 70.2903 67.6018 22.8035 12.0 26.2678 32.28 65.8829 26.4008 28.2843 25.7099 45.607 78.0336 60.8626 74.0 60.038 35.492 81.0062 59.6661 17.4642 40.5216 61.6504 23.4094 42.1907 38.9882 61.5224 54.4567 51.3517 56.1321 63.9531 46.0 49.0355 39.6679 67.1193 23.8537 24.0208 62.0725 48.5077 23.547 38.9882 37.2156 35.8469 47.7567 77.3273 12.1655 79.0759 61.4003 23.0868 40.2616 17.0294 43.0465 
58.8294 13.9284 95.0332 48.8365 60.531 38.8973 76.3227 0.0 69.3397 44.0 78.3135 49.0408 87.0332 83.5434 70.8209 90.7533 30.0 78.85 58.0087 72.5867 115.084 8.94427 23.0217 41.0 34.2053 48.0277 6.08276 37.6431 83.876 76.0066 27.2947 96.3248 35.3412 66.3488 48.1664 33.0 71.8471 30.6757 13.6015 44.2832 28.2312 48.2597 36.0555 80.7356 93.876 37.1214 77.3175 59.2368 63.1348 98.5379 79.3095 30.0832 76.0263 86.2861 54.5711 23.7697 93.5193 56.356 92.6553 104.328 
16.252 62.2415 38.0132 64.3449 46.0435 34.3327 33.3335 69.3397 0.0 70.8555 38.4865 41.0 55.9023 27.6586 7.2111 22.2036 47.2017 11.4018 15.6798 60.1629 46.8722 74.2534 62.2346 50.3289 71.0573 55.5927 72.0069 73.9797 20.0998 74.1208 65.1257 35.2278 46.9535 6.32456 35.4401 62.7943 82.9339 40.3113 55.7584 26.1725 50.1132 67.0135 45.6508 14.1421 28.6356 40.8167 81.4938 53.5765 7.61577 29.8329 71.4766 50.1931 44.922 43.8862 51.2445 47.4236 29.4279 14.4222 38.3275 35.3553 
64.1185 50.6952 65.7625 9.84886 80.7559 36.7525 46.0649 44.0 70.8555 0.0 90.6046 68.3235 46.8722 57.8753 72.187 76.8639 53.3237 69.7732 59.3438 30.8869 91.6642 40.7922 21.0238 66.5846 14.2127 18.0375 50.01 13.6015 61.7732 32.0156 17.4642 69.4051 26.7942 67.7148 64.1415 11.0 29.1548 45.2182 37.6431 50.7714 21.095 6.40312 58.6718 67.3032 69.9045 55.8479 33.7343 24.8557 65.3892 82.9335 35.6931 21.1373 91.8133 50.3289 78.4513 44.4185 69.0482 59.7423 62.1417 89.1389 
47.8067 66.0984 72.1249 85.4828 23.4307 55.2308 70.2903 78.3135 38.4865 90.6046 0.0 30.3645 92.8591 63.561 45.0834 49.4975 48.5077 45.31 47.023 91.9004 70.2567 86.0523 80.604 41.2311 90.802 76.7306 78.0897 93.7275 55.5428 105.858 84.4038 67.9117 67.8325 45.382 30.1496 82.5421 111.385 49.0918 67.0075 39.8497 69.6419 88.1515 42.9535 48.4665 60.6383 41.1947 113.281 85.314 35.9622 54.0093 103.214 70.214 9.21954 80.8006 32.0156 55.0091 61.8466 34.8147 73.3894 56.2228 
40.3113 36.1248 78.4092 68.965 12.53 37.2022 67.6018 49.0408 41.0 68.3235 30.3645 0.0 88.0823 67.0671 46.2709 62.0322 19.105 52.3927 39.3192 80.9605 86.406 57.3149 55.9017 11.4018 67.7422 60.0 48.1664 71.0211 60.407 91.6494 60.4152 76.1183 48.0833 42.107 6.08276 60.2163 94.8027 23.3238 39.2938 22.8473 47.2017 71.6337 13.0 55.109 69.6348 13.0 96.8349 74.237 33.541 68.9469 91.8166 48.4149 27.0 79.7621 11.7047 27.2029 70.406 28.0179 78.1025 73.5979 
48.4665 88.955 31.7805 38.9102 97.1442 55.0091 22.8035 87.0332 55.9023 46.8722 92.8591 88.0823 0.0 31.6228 48.8366 52.4786 83.0963 48.7955 49.3964 16.2788 58.3095 86.106 65.8603 93.0591 61.0328 39.2173 92.4446 59.8164 39.0512 25.9615 63.5295 37.3631 52.1728 60.8377 82.0213 56.356 38.8973 73.0616 76.4853 65.9328 58.9406 40.8167 85.5862 46.0109 41.6293 80.7527 33.541 28.2843 60.8377 55.5428 19.4165 57.0088 99.1767 13.4164 99.7352 77.0584 40.3113 61.8466 27.8927 60.407 
28.2313 80.755 12.083 48.8381 73.437 45.7014 12.0 83.5434 27.6586 57.8753 63.561 67.0671 31.6228 0.0 21.095 21.0238 68.6486 18.3576 29.2028 37.4833 34.176 85.587 68.4172 75.2175 71.8483 47.3023 87.9696 71.4765 8.06226 52.1728 70.7125 12.8062 49.7453 25.0 61.131 68.3744 63.2851 59.6187 70.8091 47.6408 56.5901 51.4782 69.008 15.2643 12.0416 63.9096 60.208 35.3573 34.1321 25.318 47.1275 55.3113 71.2961 18.4391 78.0064 66.0082 11.1803 39.0512 11.0454 31.0644 
17.5835 64.2558 32.1403 65.6763 52.345 35.6642 26.2678 70.8209 7.2111 72.187 45.0834 46.2709 48.8366 21.095 0.0 20.8087 50.129 8.60233 17.0113 51.2666 44.5982 75.6382 63.5661 54.8179 72.3888 56.9242 73.6623 75.3112 14.1421 66.1301 66.4572 30.0832 48.285 4.47214 40.4475 64.1258 84.2653 42.4213 57.2238 28.6732 51.4447 68.345 49.3964 10.0 24.1661 44.3847 82.8253 54.908 13.0384 28.6007 61.8235 51.5245 51.8144 36.8206 57.0088 49.3903 24.6982 18.4391 32.0156 34.6699 
37.5158 84.1724 24.4131 67.8267 65.0451 55.5966 32.28 90.7533 22.2036 76.8639 49.4975 62.0322 52.4786 21.0238 20.8087 0.0 69.4046 12.2066 36.9437 57.9741 24.6982 95.5705 83.4985 72.0139 91.8384 66.291 93.5947 94.7608 15.1327 72.8011 85.9135 19.2354 65.1738 24.8395 56.8595 83.5754 83.3607 62.2896 77.1562 48.2701 71.377 70.4668 67.7422 11.7047 12.2066 62.9682 80.7775 54.346 29.6816 7.81025 68.0074 71.4569 58.2151 39.1152 71.3176 69.3109 13.6015 36.6197 26.9072 13.8924 
40.4969 17.72 80.7305 57.9437 31.0483 28.1603 65.8829 30.0 47.2017 53.3237 48.5077 19.105 83.0963 68.6486 50.129 69.4046 0.0 57.9828 39.5601 72.5672 94.0479 38.2099 38.6005 13.4536 51.0882 49.0408 29.6142 54.5619 63.9487 81.3449 43.4166 80.0583 35.3412 45.6569 18.4391 44.5982 82.3551 10.0499 20.6155 21.4709 32.2025 55.1876 6.32456 60.0333 74.2899 7.61577 85.8458 55.6841 39.8246 77.0065 82.28 33.8378 46.0435 77.4145 26.4197 9.21954 74.7956 32.8024 79.404 82.3286 
25.6125 72.2848 27.2947 60.736 57.0088 43.6933 26.4008 78.85 11.4018 69.7732 45.31 52.3927 48.7955 18.3576 8.60233 12.2066 57.9828 0.0 25.0403 51.4005 36.2353 83.6672 71.5951 61.6847 84.7476 59.2003 81.6914 87.6701 10.2956 66.264 74.4862 24.0208 56.314 12.7279 46.8402 72.1548 76.3922 50.4504 65.2528 36.6197 59.4737 63.3761 56.7979 3.16228 17.2627 51.8845 74.1354 47.2553 18.9737 20.0 61.9574 59.5536 53.1601 36.2353 62.514 57.4193 18.1108 25.4951 28.1603 26.0768 
1.0 52.202 41.2847 51.8572 47.7598 22.821 28.2843 58.0087 15.6798 59.3438 47.023 39.3192 49.3964 29.2028 17.0113 36.9437 39.5601 25.0403 0.0 44.9628 61.2746 62.795 50.7229 46.1736 59.5456 47.1027 61.0251 62.468 30.831 58.9208 53.614 41.4365 35.4418 12.5392 33.2415 51.2826 67.7338 30.8869 44.4073 18.4391 38.6015 54.4973 39.8121 26.926 41.1721 34.7131 66.2937 38.3765 12.53 44.7283 56.2765 38.6813 50.448 40.4475 50.8035 37.4433 41.6778 12.53 40.025 50.5188 
44.1207 76.0263 42.2966 23.7697 91.7599 44.7774 25.7099 72.5867 60.1629 30.8869 91.9004 80.9605 16.2788 37.4833 51.2666 57.9741 72.5672 51.4005 44.9628 0.0 69.2604 70.8378 50.5964 83.9693 44.9444 25.0799 78.3217 43.6005 43.0116 14.8661 47.927 47.0425 39.0 57.0222 75.2025 40.8534 26.0 62.5859 63.1269 58.2048 45.1774 25.0799 76.0381 48.9305 49.2544 71.6981 22.8035 17.4642 57.0222 62.8013 11.3137 43.1856 95.3034 23.7697 92.6561 65.4905 48.1664 57.4834 38.3275 68.469 
61.8468 108.519 27.0185 82.627 88.3233 78.8587 45.607 115.084 46.8722 91.6642 70.2567 86.406 58.3095 34.176 44.5982 24.6982 94.0479 36.2353 61.2746 69.2604 0.0 118.744 101.58 96.6023 109.271 81.0912 117.926 105.265 33.8378 83.006 103.346 22.3607 82.9077 48.9183 81.3941 101.008 95.1893 86.6847 101.487 72.8011 89.7525 85.2671 92.4392 34.6554 22.8254 87.6641 91.0 69.1462 54.3783 17.4642 77.026 88.4737 79.404 46.0 95.5132 93.6536 23.2594 61.2944 31.0161 14.0357 
63.6157 22.8473 97.0167 47.1699 69.0507 42.4382 78.0336 8.94427 74.2534 40.7922 86.0523 57.3149 86.106 85.587 75.6382 95.5705 38.2099 83.6672 62.795 70.8378 118.744 0.0 20.2485 49.7293 29.0172 56.1599 13.4536 32.1403 85.9197 72.5603 23.3452 98.3684 36.2353 71.166 56.0 30.0832 67.0671 37.4833 19.4165 50.2892 29.0689 45.8803 44.4072 85.5529 95.9197 45.0111 73.0068 59.6693 68.542 103.355 76.4853 30.6105 84.214 87.5384 63.3246 31.0644 95.563 62.0322 94.4806 109.146 
51.5436 31.305 79.8457 26.9258 68.4251 28.4429 60.8626 23.0217 62.2346 21.0238 80.604 55.9017 65.8603 68.4172 63.5661 83.4985 38.6005 71.5951 50.7229 50.5964 101.58 20.2485 0.0 52.0096 12.8062 35.9142 29.0689 16.4012 68.755 53.0377 5.0 81.1813 18.7758 59.094 52.5547 10.0499 49.0306 32.6956 19.2094 41.1947 12.3693 25.7099 44.6542 74.285 78.755 42.9418 54.3323 42.1678 56.7683 89.9153 56.5685 13.1189 80.9568 68.4161 64.8999 29.4109 78.3968 51.0882 77.3096 96.1207 
47.1699 27.2947 86.6869 70.2443 20.025 39.2173 74.0 41.0 50.3289 66.5846 41.2311 11.4018 93.0591 75.2175 54.8179 72.0139 13.4536 61.6847 46.1736 83.9693 96.6023 49.7293 52.0096 0.0 64.5368 61.2699 39.1152 68.0147 68.884 93.5201 56.8507 84.8999 48.0208 50.448 15.2643 58.0 95.616 21.9545 33.6155 28.0 45.4533 68.4485 8.06226 64.195 78.7464 12.3693 98.1465 78.1175 42.72 79.177 93.984 47.0106 36.6742 86.0233 13.6015 22.6716 79.404 36.4005 86.0409 83.893 
60.3663 43.909 79.7355 23.4307 80.2621 36.9542 60.038 34.2053 71.0573 14.2127 90.802 67.7422 61.0328 71.8483 72.3888 91.8384 51.0882 84.7476 59.5456 44.9444 109.271 29.0172 12.8062 64.5368 0.0 32.0035 40.2616 3.60555 76.7476 44.1475 7.81025 83.3781 26.9959 67.9166 63.9531 9.0 38.0526 44.4185 32.0156 50.9608 21.1896 20.5183 57.0088 82.2776 86.5456 54.9181 44.0454 38.8216 65.591 97.9079 48.7032 21.3391 91.9239 64.3817 77.201 41.8688 86.3261 59.9441 76.1147 104.113 
46.2606 51.0 55.1896 8.99323 71.5891 22.8035 35.492 48.0277 55.5927 18.0375 76.7306 60.0 39.2173 47.3023 56.9242 66.291 49.0408 59.2003 47.1027 25.0799 81.0912 56.1599 35.9142 61.2699 32.0035 0.0 53.4406 31.6379 51.2003 32.311 33.6158 58.8322 14.1421 52.452 54.6717 26.4222 34.831 39.3954 38.0526 38.1838 20.0998 11.6619 53.2259 56.7302 59.3315 49.2443 36.8954 12.7279 50.1264 72.3605 33.541 18.1108 79.3057 39.9595 71.2811 41.2311 58.4753 44.4795 51.5688 78.5659 
61.8458 12.0416 99.4594 54.5894 59.0339 42.8019 81.0062 6.08276 72.0069 50.01 78.0897 48.1664 92.4446 87.9696 73.6623 93.5947 29.6142 81.6914 61.0251 78.3217 117.926 13.4536 29.0689 39.1152 40.2616 53.4406 0.0 43.6807 88.3022 82.0 33.3766 101.152 40.4969 69.1902 48.0521 39.0128 77.9295 32.249 17.2047 46.3249 33.5261 54.1479 35.2278 83.577 98.3022 37.108 83.3847 64.5136 65.4599 101.379 85.2115 35.4401 75.1066 91.0212 52.469 25.0599 97.9455 58.5235 97.0979 107.17 
63.2887 47.5079 79.3637 23.3238 83.5284 39.8767 59.6661 37.6431 73.9797 13.6015 93.7275 71.0211 59.8164 71.4765 75.3112 94.7608 54.5619 87.6701 62.468 43.6005 105.265 32.1403 16.4012 68.0147 3.60555 31.6379 43.6807 0.0 79.6701 41.7612 11.4018 83.0063 29.9184 70.8391 67.1193 11.4018 35.0 47.7074 35.609 53.8957 24.1661 20.0 60.4401 85.2001 83.5056 58.2495 41.1947 38.4561 68.5134 100.83 46.6154 24.2615 94.9368 63.8905 80.604 45.3431 82.6494 62.8665 75.7429 107.036 
27.6155 80.1404 18.0278 52.736 66.1211 46.0341 17.4642 83.876 20.0998 61.7732 55.5428 60.407 39.0512 8.06226 14.1421 15.1327 63.9487 10.2956 30.831 43.0116 33.8378 85.9197 68.755 68.884 76.7476 51.2003 88.3022 79.6701 0.0 57.8705 70.8228 16.1555 50.0831 18.4391 54.5894 68.4847 68.2495 56.241 71.1417 42.4929 56.9279 55.3761 63.2753 7.2111 11.3137 58.2415 65.8027 39.2188 27.0185 21.2132 53.3104 55.6491 63.2987 26.1725 71.0634 65.3936 11.4018 32.5576 18.2483 27.4591 
58.0786 81.8841 56.0 29.1204 103.035 54.5894 40.5216 76.0066 74.1208 32.0156 105.858 91.6494 25.9615 52.1728 66.1301 72.8011 81.3449 66.264 58.9208 14.8661 83.006 72.5603 53.0377 93.5201 44.1475 32.311 82.0 41.7612 57.8705 0.0 49.2544 61.0737 46.2175 70.9802 86.1777 43.0116 13.0 71.6938 68.7314 69.5361 51.2339 28.2843 85.4927 63.794 63.7887 81.3941 8.06226 29.6985 70.9802 77.4661 6.7082 51.2339 109.261 37.0135 103.087 73.4108 62.6498 71.4413 52.0 83.0241 
54.4347 36.2353 82.141 24.6982 72.9452 31.0294 61.6504 27.2947 65.1257 17.4642 84.4038 60.4152 63.5295 70.7125 66.4572 85.9135 43.4166 74.4862 53.614 47.927 103.346 23.3452 5.0 56.8507 7.81025 33.6158 33.3766 11.4018 70.8228 49.2544 0.0 83.4766 21.0711 61.985 56.8595 7.2111 44.5533 37.1214 24.2074 44.7214 15.0333 22.8473 49.4065 76.3527 80.6207 47.5079 50.0899 40.434 59.6594 91.983 53.1507 15.4142 85.0941 66.1178 69.6348 34.2053 80.4012 54.0093 77.7271 98.1884 
40.465 92.9898 5.83095 60.3679 81.0247 58.8835 23.4094 96.3248 35.2278 69.4051 67.9117 76.1183 37.3631 12.8062 30.0832 19.2354 80.0583 24.0208 41.4365 47.0425 22.3607 98.3684 81.1813 84.8999 83.3781 58.8322 101.152 83.0063 16.1555 61.0737 83.4766 0.0 62.5094 34.4819 70.406 81.1385 73.0274 71.8535 83.9912 58.6025 69.3542 63.008 79.3849 21.095 7.28011 74.3511 69.1158 46.8872 42.5793 19.2094 55.3263 68.0754 76.2955 24.3311 86.4696 78.243 6.08276 48.5077 9.48683 23.2594 
36.2625 37.054 61.1737 22.8092 60.208 12.6491 42.1907 35.3412 46.9535 26.7942 67.8325 48.0833 52.1728 49.7453 48.285 65.1738 35.3412 56.314 35.4418 39.0 82.9077 36.2353 18.7758 48.0208 26.9959 14.1421 40.4969 29.9184 50.0831 46.2175 21.0711 62.5094 0.0 43.8129 43.2782 18.733 55.8256 26.0768 24.3311 28.178 7.2111 25.4778 39.9625 55.6131 60.0831 36.4005 50.7113 24.0416 41.4872 71.2434 47.676 5.65685 69.8355 52.154 58.8982 27.2029 59.7264 35.8403 58.6376 77.4488 
13.1113 59.7836 36.3456 61.2042 48.6621 31.1921 38.9882 66.3488 6.32456 67.7148 45.382 42.107 60.8377 25.0 4.47214 24.8395 45.6569 12.7279 12.5392 57.0222 48.9183 71.166 59.094 50.448 67.9166 52.452 69.1902 70.8391 18.4391 70.9802 61.985 34.4819 43.8129 0.0 36.2215 59.6537 79.7932 37.9492 52.7517 24.2011 46.9725 63.8729 44.9444 14.4222 28.6356 39.9249 78.3531 50.4359 9.48683 32.6497 68.3359 47.0524 48.8099 40.2028 53.0094 44.9182 29.1548 14.1421 36.0139 38.6005 
34.2345 36.1386 72.5603 63.6023 16.9706 31.8904 61.5224 48.1664 35.4401 64.1415 30.1496 6.08276 82.0213 61.131 40.4475 56.8595 18.4391 46.8402 33.2415 75.2025 81.3941 56.0 52.5547 15.2643 63.9531 54.6717 48.0521 67.1193 54.5894 86.1777 56.8595 70.406 43.2782 36.2215 0.0 56.0803 89.4401 19.9249 37.2156 17.0 43.0465 66.271 13.4164 49.4773 64.0312 11.0454 91.4002 68.479 27.8927 63.9531 86.3449 44.1022 28.6356 73.6817 17.72 25.0799 64.7611 22.0907 72.1734 68.642 
52.1033 40.1622 74.1543 17.4929 72.6705 28.6913 54.4567 33.0 62.7943 11.0 82.5421 60.2163 56.356 68.3744 64.1258 83.5754 44.5982 72.1548 51.2826 40.8534 101.008 30.0832 10.0499 58.0 9.0 26.4222 39.0128 11.4018 68.4847 43.0116 7.2111 81.1385 18.733 59.6537 56.0803 0.0 39.5601 37.0135 27.313 42.7103 13.0384 15.8114 50.2096 74.0146 78.2826 47.634 44.5533 33.2404 57.328 89.6449 46.5296 13.0761 83.7521 58.9242 70.1783 35.4683 78.0631 51.6811 70.5335 95.8504 
66.8917 79.6994 68.1836 30.4795 106.337 57.6007 51.3517 71.8471 82.9339 29.1548 111.385 94.8027 38.8973 63.2851 84.2653 83.3607 82.3551 76.3922 67.7338 26.0 95.1893 67.0671 49.0306 95.616 38.0526 34.831 77.9295 35.0 68.2495 13.0 44.5533 73.0274 55.8256 79.7932 89.4401 39.5601 0.0 74.2496 66.7308 72.8634 50.1687 28.0179 87.7032 73.9221 75.1665 84.0727 7.2111 36.6742 79.3395 88.5664 19.6977 50.1687 113.961 49.366 106.104 73.4527 74.108 79.1344 64.195 94.3398 
31.7648 21.9317 71.6952 48.3508 35.8469 18.1108 56.1321 30.6757 40.3113 45.2182 49.0918 23.3238 73.0616 59.6187 42.4213 62.2896 10.0499 50.4504 30.8869 62.5859 86.6847 37.4833 32.6956 21.9545 44.4185 39.3954 32.249 47.7074 56.241 71.6938 37.1214 71.8535 26.0768 37.9492 19.9249 37.0135 74.2496 0.0 18.1108 14.2127 24.0832 51.0194 13.8924 52.336 66.5822 10.6301 76.2529 45.6864 33.4215 70.0357 72.4224 25.4558 48.5077 67.6018 33.2415 7.2111 67.0879 26.4008 70.2752 75.6637 
45.228 13.1529 82.2989 40.0501 51.5461 25.6125 63.9531 13.6015 55.7584 37.6431 67.0075 39.2938 76.4853 70.8091 57.2238 77.1562 20.6155 65.2528 44.4073 63.1269 101.487 19.4165 19.2094 33.6155 32.0156 38.0526 17.2047 35.609 71.1417 68.7314 24.2074 83.9912 24.3311 52.7517 37.2156 27.313 66.7308 18.1108 0.0 31.0161 18.0 40.4475 26.9258 67.1385 81.1417 26.4764 71.3092 48.2701 49.6488 84.9408 71.1126 20.0 65.7647 74.1047 46.9574 12.1655 80.7851 42.9535 79.9418 90.7313 
19.4165 36.1248 59.7227 47.0257 33.6006 15.8114 46.0 44.2832 26.1725 50.7714 39.8497 22.8473 65.9328 47.6408 28.6732 48.2701 21.4709 36.6197 18.4391 58.2048 72.8011 50.2892 41.1947 28.0 50.9608 38.1838 46.3249 53.8957 42.4929 69.5361 44.7214 58.6025 28.178 24.2011 17.0 42.7103 72.8634 14.2127 31.0161 0.0 29.8329 49.6944 21.3776 38.5876 52.834 16.2788 74.7588 51.4813 19.2094 55.9732 69.7032 30.3645 41.6773 58.0345 34.5398 21.4009 53.3398 12.2066 58.4637 61.5224 
39.4222 31.0644 68.0186 22.438 59.6406 16.1245 49.0355 28.2312 50.1132 21.095 69.6419 47.2017 58.9406 56.5901 51.4447 71.377 32.2025 59.4737 38.6015 45.1774 89.7525 29.0689 12.3693 45.4533 21.1896 20.0998 33.5261 24.1661 56.9279 51.2339 15.0333 69.3542 7.2111 46.9725 43.0465 13.0384 50.1687 24.0832 18.0 29.8329 0.0 23.0012 37.5366 62.4579 66.9279 34.7131 54.2252 31.0161 44.6469 78.0882 53.5007 2.0 70.7743 58.9988 57.3149 23.3238 66.5713 39.0 65.4825 84.9521 
53.6552 53.6004 59.3654 4.0 83.1679 34.4317 39.6679 48.2597 67.0135 6.40312 88.1515 71.6337 40.8167 51.4782 68.345 70.4668 55.1876 63.3761 54.4973 25.0799 85.2671 45.8803 25.7099 68.4485 20.5183 11.6619 54.1479 20.0 55.3761 28.2843 22.8473 63.008 25.4778 63.8729 66.271 15.8114 28.0179 51.0194 40.4475 49.6944 23.0012 0.0 60.5357 60.9061 63.5074 60.9036 31.3847 18.3848 61.5472 76.5364 31.0644 23.0012 90.4773 43.9318 82.9348 46.2852 62.6511 55.9003 55.7446 82.7418 
40.7922 23.1948 81.0899 62.1962 24.7386 31.3209 67.1193 36.0555 45.6508 58.6718 42.9535 13.0 85.5862 69.008 49.3964 67.7422 6.32456 56.7979 39.8121 76.0381 92.4392 44.4072 44.6542 8.06226 57.0088 53.2259 35.2278 60.4401 63.2753 85.4927 49.4065 79.3849 39.9625 44.9444 13.4164 50.2096 87.7032 13.8924 26.9258 21.3776 37.5366 60.5357 0.0 59.0931 73.5391 5.09902 90.0983 70.4101 38.0789 75.1665 86.0349 39.0512 40.0 79.0253 20.2485 15.2643 74.0945 31.305 79.8311 80.2122 
27.4981 74.1704 24.1868 58.266 60.0 45.5789 23.8537 80.7356 14.1421 67.3032 48.4665 55.109 46.0109 15.2643 10.0 11.7047 60.0333 3.16228 26.926 48.9305 34.6554 85.5529 74.285 64.195 82.2776 56.7302 83.577 85.2001 7.2111 63.794 76.3527 21.095 55.6131 14.4222 49.4773 74.0146 73.9221 52.336 67.1385 38.5876 62.4579 60.9061 59.0931 0.0 14.5602 54.1295 71.6654 44.7852 21.587 19.2354 59.4874 61.1791 56.3205 33.3017 65.3758 59.305 15.2971 27.8568 25.0 25.4951 
41.7443 88.4166 12.2066 60.8672 74.108 56.0341 24.0208 93.876 28.6356 69.9045 60.6383 69.6348 41.6293 12.0416 24.1661 12.2066 74.2899 17.2627 41.1721 49.2544 22.8254 95.9197 78.755 78.7464 86.5456 59.3315 98.3022 83.5056 11.3137 63.7887 80.6207 7.28011 60.0831 28.6356 64.0312 78.2826 75.1665 66.5822 81.1417 52.834 66.9279 63.5074 73.5391 14.5602 0.0 68.542 71.8471 47.3865 36.1386 13.9284 58.4637 65.6491 69.0507 28.2312 79.7621 73.5511 1.41421 42.3792 14.8661 19.2354 
35.6931 25.2982 75.9916 58.235 25.4951 26.9258 62.0725 37.1214 40.8167 55.8479 41.1947 13.0 80.7527 63.9096 44.3847 62.9682 7.61577 51.8845 34.7131 71.6981 87.6641 45.0111 42.9418 12.3693 54.9181 49.2443 37.108 58.2495 58.2415 81.3941 47.5079 74.3511 36.4005 39.9249 11.0454 47.634 84.0727 10.6301 26.4764 16.2788 34.7131 60.9036 5.09902 54.1295 68.542 0.0 86.1371 65.7485 33.2866 70.4557 81.714 36.0694 39.3192 74.0068 22.6274 14.3178 69.0797 26.4197 74.7329 75.6042 
65.4516 84.4038 64.0078 33.121 108.258 59.6406 48.5077 77.3175 81.4938 33.7343 113.281 96.8349 33.541 60.208 82.8253 80.7775 85.8458 74.1354 66.2937 22.8035 91.0 73.0068 54.3323 98.1465 44.0454 36.8954 83.3847 41.1947 65.8027 8.06226 50.0899 69.1158 50.7113 78.3531 91.4002 44.5533 7.2111 76.2529 71.3092 74.7588 54.2252 31.3847 90.0983 71.6654 71.8471 86.1371 0.0 36.4005 78.3531 85.5102 14.1421 54.2252 115.856 45.0 108.167 77.5092 70.7107 81.0294 60.0083 91.0824 
37.5344 60.6712 43.2446 15.8114 85.0364 27.8766 23.547 59.2368 53.5765 24.8557 85.314 74.237 28.2843 35.3573 54.908 54.346 55.6841 47.2553 38.3765 17.4642 69.1462 59.6693 42.1678 78.1175 38.8216 12.7279 64.5136 38.4561 39.2188 29.6985 40.434 46.8872 24.0416 50.4359 68.479 33.2404 36.6742 45.6864 48.2701 51.4813 31.0161 18.3848 70.4101 44.7852 47.3865 65.7485 36.4005 0.0 50.4359 60.0828 28.3019 29.1548 88.717 28.0145 85.9326 49.0102 46.5303 50.897 39.6238 66.1161 
13.0384 55.3173 45.0444 58.8785 39.3192 28.8664 38.9882 63.1348 7.61577 65.3892 35.9622 33.541 60.8377 34.1321 13.0384 29.6816 39.8246 18.9737 12.53 57.0222 54.3783 68.542 56.7683 42.72 65.591 50.1264 65.4599 68.5134 27.0185 70.9802 59.6594 42.5793 41.4872 9.48683 27.8927 57.328 79.3395 33.4215 49.6488 19.2094 44.6469 61.5472 38.0789 21.587 36.1386 33.2866 78.3531 50.4359 0.0 37.2022 68.3359 44.7268 39.3901 49.6131 44.0454 40.6079 36.8782 7.07107 45.0444 42.5206 
45.3004 91.9348 25.0 73.8963 71.0667 63.3812 37.2156 98.5379 29.8329 82.9335 54.0093 68.9469 55.5428 25.318 28.6007 7.81025 77.0065 20.0 44.7283 62.8013 17.4642 103.355 89.9153 79.177 97.9079 72.3605 101.379 100.83 21.2132 77.4661 91.983 19.2094 71.2434 32.6497 63.9531 89.6449 88.5664 70.0357 84.9408 55.9732 78.0882 76.5364 75.1665 19.2354 13.9284 70.4557 85.5102 60.0828 37.2022 0.0 72.2772 76.8094 63.0079 42.1545 78.1129 77.0779 15.2315 44.2041 28.3019 6.32456 
55.4344 84.2268 50.0899 31.0644 103.591 54.7933 35.8469 79.3095 71.4766 35.6931 103.214 91.8166 19.4165 47.1275 61.8235 68.0074 82.28 61.9574 56.2765 11.3137 77.026 76.4853 56.5685 93.984 48.7032 33.541 85.2115 46.6154 53.3104 6.7082 53.1507 55.3263 47.676 68.3359 86.3449 46.5296 19.6977 72.4224 71.1126 69.7032 53.5007 31.0644 86.0349 59.4874 58.4637 81.714 14.1421 28.3019 68.3359 72.2772 0.0 51.182 106.617 31.0644 103.254 74.7329 57.2713 68.7971 46.0977 77.666 
39.5021 33.0606 66.7397 22.438 60.803 16.0 47.7567 30.0832 50.1931 21.1373 70.214 48.4149 57.0088 55.3113 51.5245 71.4569 33.8378 59.5536 38.6813 43.1856 88.4737 30.6105 13.1189 47.0106 21.3391 18.1108 35.4401 24.2615 55.6491 51.2339 15.4142 68.0754 5.65685 47.0524 44.1022 13.0761 50.1687 25.4558 20.0 30.3645 2.0 23.0012 39.0512 61.1791 65.6491 36.0694 54.2252 29.1548 44.7268 76.8094 51.182 0.0 71.5891 57.0458 58.6941 25.0599 65.2924 39.0512 64.2037 83.0148 
51.225 63.0714 80.2808 88.0579 17.088 57.4543 77.3273 76.0263 44.922 91.8133 9.21954 27.0 99.1767 71.2961 51.8144 58.2151 46.0435 53.1601 50.448 95.3034 79.404 84.214 80.9568 36.6742 91.9239 79.3057 75.1066 94.9368 63.2987 109.261 85.0941 76.2955 69.8355 48.8099 28.6356 83.7521 113.961 48.5077 65.7647 41.6773 70.7743 90.4773 40.0 56.3205 69.0507 39.3192 115.856 88.717 39.3901 63.0079 106.617 71.5891 0.0 88.6327 25.4951 53.6004 70.214 38.2099 81.3204 65.3758 
39.4588 85.7263 19.0263 41.3722 87.8009 50.2195 12.1655 86.2861 43.8862 50.3289 80.8006 79.7621 13.4164 18.4391 36.8206 39.1152 77.4145 36.2353 40.4475 23.7697 46.0 87.5384 68.4161 86.0233 64.3817 39.9595 91.0212 63.8905 26.1725 37.0135 66.1178 24.3311 52.154 40.2028 73.6817 58.9242 49.366 67.6018 74.1047 58.0345 58.9988 43.9318 79.0253 33.3017 28.2312 74.0068 45.0 28.0145 49.6131 42.1545 31.0644 57.0458 88.6327 0.0 91.2414 72.5672 26.9258 52.3927 15.0333 47.1275 
51.788 40.7922 89.0898 80.2661 8.60233 48.5489 79.0759 54.5711 51.2445 78.4513 32.0156 11.7047 99.7352 78.0064 57.0088 71.3176 26.4197 62.514 50.8035 92.6561 95.5132 63.3246 64.8999 13.6015 77.201 71.2811 52.469 80.604 71.0634 103.087 69.6348 86.4696 58.8982 53.0094 17.72 70.1783 106.104 33.2415 46.9574 34.5398 57.3149 82.9348 20.2485 65.3758 79.7621 22.6274 108.167 85.9326 44.0454 78.1129 103.254 58.6941 25.4951 91.2414 0.0 35.5106 80.6226 39.1152 89.0 81.8601 
38.2753 14.8661 78.0847 50.0024 39.5601 22.3607 61.4003 23.7697 47.4236 44.4185 55.0091 27.2029 77.0584 66.0082 49.3903 69.3109 9.21954 57.4193 37.4433 65.4905 93.6536 31.0644 29.4109 22.6716 41.8688 41.2311 25.0599 45.3431 65.3936 73.4108 34.2053 78.243 27.2029 44.9182 25.0799 35.4683 73.4527 7.2111 12.1655 21.4009 23.3238 46.2852 15.2643 59.305 73.5511 14.3178 77.5092 49.0102 40.6079 77.0779 74.7329 25.0599 53.6004 72.5672 35.5106 0.0 74.0568 33.6006 76.6647 82.7587 
42.25 89.7837 10.8167 60.011 75.06 55.6774 23.0868 93.5193 29.4279 69.0482 61.8466 70.406 40.3113 11.1803 24.6982 13.6015 74.7956 18.1108 41.6778 48.1664 23.2594 95.563 78.3968 79.404 86.3261 58.4753 97.9455 82.6494 11.4018 62.6498 80.4012 6.08276 59.7264 29.1548 64.7611 78.0631 74.108 67.0879 80.7851 53.3398 66.5713 62.6511 74.0945 15.2971 1.41421 69.0797 70.7107 46.5303 36.8782 15.2315 57.2713 65.2924 70.214 26.9258 80.6226 74.0568 0.0 43.0116 13.4536 20.3961 
13.4164 48.2701 50.4876 53.2317 35.4401 23.2195 40.2616 56.356 14.4222 59.7423 34.8147 28.0179 61.8466 39.0512 18.4391 36.6197 32.8024 25.4951 12.53 57.4834 61.2944 62.0322 51.0882 36.4005 59.9441 44.4795 58.5235 62.8665 32.5576 71.4413 54.0093 48.5077 35.8403 14.1421 22.0907 51.6811 79.1344 26.4008 42.9535 12.2066 39.0 55.9003 31.305 27.8568 42.3792 26.4197 81.0294 50.897 7.07107 44.2041 68.7971 39.0512 38.2099 52.3927 39.1152 33.6006 43.0116 0.0 50.0899 49.5782 
39.0512 90.6799 4.0 53.1045 84.2912 54.8342 17.0294 92.6553 38.3275 62.1417 73.3894 78.1025 27.8927 11.0454 32.0156 26.9072 79.404 28.1603 40.025 38.3275 31.0161 94.4806 77.3096 86.0409 76.1147 51.5688 97.0979 75.7429 18.2483 52.0 77.7271 9.48683 58.6376 36.0139 72.1734 70.5335 64.195 70.2752 79.9418 58.4637 65.4825 55.7446 79.8311 25.0 14.8661 74.7329 60.0083 39.6238 45.0444 28.3019 46.0977 64.2037 81.3204 15.0333 89.0 76.6647 13.4536 50.0899 0.0 32.6956 
51.0909 97.591 29.0689 80.1017 74.6324 69.1717 43.0465 104.328 35.3553 89.1389 56.2228 73.5979 60.407 31.0644 34.6699 13.8924 82.3286 26.0768 50.5188 68.469 14.0357 109.146 96.1207 83.893 104.113 78.5659 107.17 107.036 27.4591 83.0241 98.1884 23.2594 77.4488 38.6005 68.642 95.8504 94.3398 75.6637 90.7313 61.5224 84.9521 82.7418 80.2122 25.4951 19.2354 75.6042 91.0824 66.1161 42.5206 6.32456 77.666 83.0148 65.3758 47.1275 81.8601 82.7587 20.3961 49.5782 32.6956 0.0 
DEMAND_SCENARIO_SECTION
0 0 0 0 0 0 0 0 0 0 0 0 0 0 0 0 0 0 0 0 0 0 0 0 0 0 0 0 0 0 0 0 0 0 0 0 0 0 0 0 0 0 0 0 0 0 0 0 0 0 0 0 0 0 0 0 0 0 0 0 0 0 0 0 0 0 0 0 0 0 0 0 0 0 0 0 0 0 0 0 0 0 0 0 0 0 0 0 0 0 0 0 0 0 0 0 0 0 0 0 0 0 0 0 0 0 0 0 0 0 0 0 0 0 0 0 0 0 0 0 0 0 0 0 0 0 0 0 0 0 0 0 0 0 0 0 0 0 0 0 0 0 0 0 0 0 0 0 0 0 0 0 0 0 0 0 0 0 0 0 0 0 0 0 0 0 0 0 0 0 0 0 0 0 0 0 0 0 0 0 0 0 0 0 0 0 0 0 0 0 0 0 0 0 0 0 0 0 0 0 
2 1 1 2 3 3 1 1 3 1 2 1 2 2 2 3 1 2 2 3 3 2 1 2 2 2 2 2 1 2 1 3 3 2 2 2 2 2 3 2 2 1 2 2 3 2 3 2 2 2 2 2 3 2 2 2 3 2 2 2 2 1 2 1 2 1 2 3 1 2 2 2 3 2 2 2 3 2 3 1 3 2 2 3 3 2 2 0 1 2 1 3 3 2 2 3 3 1 2 2 2 0 1 1 1 3 2 1 2 2 2 2 2 2 2 2 3 3 3 1 2 2 2 2 1 3 2 3 2 2 2 1 2 3 1 1 3 3 2 3 2 2 2 2 2 2 0 1 2 2 2 2 3 2 2 1 2 3 2 2 2 1 2 3 3 4 3 2 2 2 2 2 1 3 2 2 2 2 2 1 2 1 1 1 3 2 3 2 1 2 2 1 2 2 2 2 2 2 1 3 
3 2 4 4 3 4 1 3 3 4 5 3 3 4 2 2 4 4 3 3 2 4 5 2 2 3 2 1 3 3 4 3 6 3 3 2 5 4 4 2 3 3 2 3 3 5 2 3 4 2 5 4 5 2 3 3 2 3 4 3 3 5 4 3 3 3 5 2 4 3 1 4 4 3 3 3 4 5 3 3 4 2 4 3 4 4 2 4 4 3 3 2 3 4 3 3 3 2 4 4 5 1 2 3 2 1 4 4 2 4 3 5 3 3 3 5 5 4 2 4 2 4 3 2 3 3 2 4 3 3 2 3 3 3 1 3 7 3 3 3 2 1 3 2 3 3 3 5 4 3 2 3 4 4 3 4 3 2 1 3 4 3 4 4 3 4 1 2 4 4 3 3 3 3 4 2 3 3 3 4 3 4 4 4 4 2 3 4 3 5 3 3 4 3 3 3 3 4 1 4 
5 5 7 6 13 8 7 10 9 5 10 3 9 7 6 13 4 4 10 5 14 8 11 6 11 5 7 9 7 9 7 8 7 6 5 5 6 9 14 7 10 12 8 7 8 2 8 10 4 5 5 7 6 5 8 8 10 9 6 6 13 8 7 7 11 9 9 3 5 3 5 6 13 7 6 10 5 5 9 9 11 4 7 10 9 7 9 7 10 12 6 9 5 5 10 4 6 9 6 12 10 7 9 11 9 7 3 11 12 11 10 9 8 7 8 10 6 10 5 8 7 4 6 12 4 8 10 6 7 11 10 11 7 8 10 5 10 10 1 8 9 12 5 7 4 6 8 8 8 6 8 10 8 8 7 5 7 0 7 10 7 8 11 11 8 7 8 4 7 7 5 8 10 8 7 8 7 6 9 9 6 6 6 5 9 5 6 9 5 8 9 9 9 9 5 7 8 10 9 5 
8 7 7 9 8 6 6 5 10 6 5 7 5 10 9 3 6 9 9 9 6 6 10 5 8 7 8 6 6 7 2 11 10 8 5 7 2 8 4 5 9 9 3 7 7 3 9 11 8 7 8 5 6 8 2 6 8 10 6 7 5 6 10 8 13 6 10 7 7 7 5 9 8 7 6 7 8 12 6 8 7 6 9 8 5 5 6 6 9 10 5 9 2 9 8 7 6 8 11 7 5 8 6 6 6 8 5 12 6 10 9 13 10 5 7 6 7 4 7 3 6 8 7 10 8 8 7 5 6 5 6 8 8 8 10 6 5 10 8 6 8 5 9 10 5 6 2 9 8 3 7 8 8 8 4 9 6 8 5 8 10 7 6 9 5 5 6 6 10 11 6 6 6 8 4 8 7 9 7 6 11 5 9 4 5 9 5 4 8 3 5 8 7 6 6 8 5 8 6 9 
8 11 11 11 8 13 13 11 6 10 6 4 13 16 14 10 12 3 11 6 14 18 7 17 13 11 14 7 6 9 7 9 12 9 15 12 11 11 8 15 5 14 11 10 11 1 14 9 12 9 4 11 12 13 10 9 12 8 7 9 9 6 11 10 8 10 15 8 8 5 12 6 16 9 9 8 14 7 6 9 4 6 8 10 7 15 10 7 8 10 1 11 5 7 11 12 12 13 12 6 14 9 10 10 12 10 11 11 13 11 10 6 10 7 11 14 10 9 10 11 11 14 9 11 5 14 12 3 10 13 10 8 8 7 10 12 8 10 7 11 15 10 10 7 9 8 10 12 8 10 10 9 11 9 5 11 8 6 7 8 16 8 7 9 15 11 9 15 8 13 14 11 17 13 9 2 5 12 9 13 5 9 9 9 8 10 11 6 11 7 12 12 6 13 13 8 4 10 3 7 
10 12 10 8 6 5 10 13 8 8 8 10 13 12 14 10 10 9 9 12 10 12 13 8 9 13 4 3 14 7 8 7 4 11 2 12 9 5 8 13 7 9 5 6 13 8 6 13 7 8 13 12 12 10 4 11 10 8 9 8 14 9 9 5 9 12 9 6 7 10 4 6 12 5 7 9 10 12 9 7 3 8 12 9 8 10 7 13 10 8 7 14 15 8 11 5 12 10 10 11 6 13 11 10 8 9 10 8 9 11 11 9 11 11 12 7 9 7 3 10 13 5 11 8 11 12 9 9 7 9 9 8 13 12 12 10 11 10 13 13 3 11 9 5 12 8 13 10 14 8 7 5 9 9 9 10 12 10 2 10 12 10 4 11 8 7 10 12 12 11 9 9 9 13 0 12 8 17 9 14 8 9 14 8 10 9 10 14 11 14 12 7 7 12 11 13 2 9 11 8 
5 8 8 8 6 5 4 5 7 4 7 8 4 4 3 5 3 8 4 6 5 5 5 3 6 5 4 4 7 6 4 5 6 6 5 6 4 5 7 6 8 7 4 5 8 6 5 3 4 7 7 7 5 7 3 4 7 7 7 4 8 8 4 5 7 5 5 5 6 6 6 7 5 3 7 4 6 4 8 2 6 4 3 3 5 6 8 7 5 3 4 2 9 4 2 4 3 2 5 4 6 4 6 4 6 3 8 6 6 6 1 5 3 6 4 5 8 6 4 5 7 5 7 5 6 4 3 9 7 9 4 5 10 5 7 3 7 7 5 5 6 2 6 5 5 7 6 4 2 3 4 6 3 4 5 7 7 6 6 5 4 4 5 4 5 5 5 7 6 7 7 4 6 7 5 4 5 6 5 6 7 6 4 4 8 5 6 4 7 4 4 3 2 5 3 3 5 3 4 6 
7 12 7 13 12 9 14 10 13 9 10 5 12 14 8 16 7 8 9 4 10 5 11 5 12 10 9 4 13 7 12 5 12 9 7 10 7 16 8 8 11 10 10 9 8 10 13 13 14 9 3 9 9 14 8 14 11 8 14 8 8 14 7 12 10 8 5 10 8 4 12 6 9 10 10 9 12 8 19 13 8 15 13 6 8 10 6 10 13 9 3 3 12 6 9 2 9 11 8 11 11 13 14 13 4 6 9 12 18 12 9 7 12 10 4 12 9 9 14 12 4 9 8 13 13 12 16 13 15 9 16 11 13 8 7 5 14 14 12 15 12 8 11 9 9 15 13 5 15 6 16 7 11 11 4 6 14 10 11 6 11 13 11 8 10 9 14 6 13 12 9 12 11 7 11 18 2 13 17 10 12 9 9 17 10 10 9 13 15 13 9 4 7 10 19 13 10 9 12 9 
11 10 13 16 14 8 10 8 9 9 2 10 10 6 7 12 19 19 18 2 9 0 12 10 11 12 8 11 12 6 12 10 13 6 12 11 10 13 14 8 8 8 12 5 11 11 13 6 9 18 5 18 10 5 14 5 9 8 13 15 9 13 7 12 2 17 13 8 4 12 9 12 15 11 4 12 11 14 10 8 12 8 12 11 17 13 9 9 14 14 9 9 12 10 16 15 14 14 6 6 14 6 10 11 9 4 4 3 7 9 7 11 14 6 8 11 3 11 9 13 12 15 15 12 10 5 13 20 6 12 14 7 3 8 12 9 12 11 7 10 12 6 15 13 5 10 15 7 11 11 10 15 7 13 10 11 7 10 13 9 8 10 7 12 13 15 9 10 7 12 12 7 9 14 9 12 7 8 11 7 6 15 10 11 15 12 11 11 14 11 8 9 11 6 10 6 9 13 4 13 
8 17 10 10 6 8 1 14 7 11 9 9 8 12 14 5 8 10 9 8 9 15 12 8 7 10 8 13 13 8 9 9 10 4 10 10 0 8 7 10 3 9 11 6 7 6 7 3 13 16 11 13 8 7 12 14 11 10 6 0 5 10 9 7 9 7 9 16 10 6 14 11 15 11 14 8 14 8 14 10 3 7 8 11 11 14 12 16 10 18 12 6 7 8 12 6 9 13 12 8 14 8 7 13 9 9 16 15 8 9 11 11 13 10 9 2 10 16 3 10 10 12 11 7 6 12 12 12 6 7 7 9 7 8 9 8 14 5 8 15 11 13 7 6 10 9 6 12 8 5 7 5 5 8 12 16 3 6 11 10 11 8 12 6 16 8 5 8 11 10 15 9 14 8 14 16 10 8 13 8 10 12 14 15 9 11 6 13 14 8 9 9 9 3 7 6 10 10 11 3 
2 2 2 3 3 2 4 2 3 1 2 2 2 3 3 2 2 1 2 2 1 2 2 2 2 2 3 3 1 2 2 2 2 1 2 3 1 3 3 1 3 3 3 3 2 1 3 3 2 2 2 2 1 1 3 2 3 3 1 1 1 2 2 1 2 1 1 1 3 2 2 1 2 1 3 1 3 2 3 1 2 1 3 2 2 2 3 2 2 2 1 2 1 2 2 2 1 2 2 3 3 1 2 2 2 2 3 2 2 1 2 1 2 2 2 2 2 1 1 1 3 2 2 2 2 3 1 2 3 2 1 2 3 2 3 2 2 2 2 2 3 3 2 2 1 3 3 2 3 1 2 2 2 3 3 2 2 2 3 3 2 1 3 2 3 4 2 2 2 2 1 3 2 3 3 2 1 1 3 2 2 3 2 3 3 2 1 2 2 0 1 2 3 1 2 2 0 2 3 2 
3 3 2 5 6 5 5 5 2 5 3 7 4 5 2 4 6 5 3 4 4 0 5 4 5 3 5 4 4 5 5 4 4 5 5 4 5 3 4 4 2 5 2 3 4 5 2 4 4 2 6 4 3 5 6 4 2 4 3 2 4 3 5 4 3 2 5 3 3 5 4 2 7 5 3 5 3 5 5 5 4 3 4 5 3 5 5 5 3 4 4 4 6 4 4 3 5 2 5 5 6 3 5 5 6 6 4 3 4 6 3 4 4 3 4 2 2 3 3 5 6 4 6 6 3 4 4 3 3 6 5 4 3 4 4 5 2 3 5 2 5 6 5 7 5 3 4 3 3 3 3 6 3 6 5 5 4 5 2 4 5 4 4 2 5 6 3 4 4 5 6 3 3 4 4 4 6 4 3 4 2 3 6 4 5 5 5 4 5 4 3 7 2 4 6 3 5 4 3 3 
3 3 2 2 4 1 4 4 4 3 4 1 2 3 3 2 1 4 3 3 3 3 1 4 2 3 3 3 4 1 3 1 2 5 2 2 2 4 3 3 3 2 4 2 4 4 3 4 4 1 2 3 3 5 4 3 3 3 6 4 3 2 2 4 3 3 3 1 3 4 4 2 1 2 3 3 4 4 4 4 3 3 4 2 4 4 4 3 4 5 2 4 2 4 3 3 3 1 3 4 3 3 2 3 2 2 2 3 3 2 2 3 3 2 3 4 5 2 3 3 5 2 3 4 4 5 4 2 4 4 2 2 3 3 2 2 4 4 1 3 4 3 3 2 3 4 3 3 2 4 3 1 2 3 2 4 2 4 2 3 2 4 3 2 3 4 2 3 2 3 3 1 4 3 4 3 6 3 4 3 4 2 3 3 2 3 3 4 2 3 4 4 1 3 3 3 4 3 3 3 
2 4 3 4 4 6 4 2 4 4 4 6 5 2 5 5 5 4 3 5 7 2 4 6 5 3 2 2 6 4 2 2 2 6 5 4 6 6 4 2 4 7 5 5 4 5 4 3 4 5 4 4 4 3 3 1 5 4 4 4 4 2 3 4 6 6 3 2 5 4 5 4 2 3 4 4 2 6 4 4 3 7 3 4 1 2 4 4 4 2 5 3 6 1 4 5 4 5 4 7 4 4 7 4 4 5 5 6 6 4 4 5 5 2 5 4 4 5 4 4 6 3 3 5 4 4 3 5 6 2 4 2 4 4 3 8 6 4 5 3 5 3 3 5 2 4 1 3 4 6 3 5 4 5 7 5 2 2 3 4 3 3 4 3 5 4 4 5 4 6 2 5 6 4 6 3 4 2 3 5 3 4 1 4 4 1 2 7 5 6 3 4 5 2 4 5 4 6 5 5 
5 3 3 5 5 4 4 4 6 2 4 6 4 4 4 6 5 3 4 4 5 4 5 6 3 5 4 3 5 8 3 3 3 3 3 3 4 5 6 5 4 3 3 5 4 2 5 3 5 8 4 3 4 4 5 5 3 1 4 5 5 5 4 5 6 4 5 5 4 5 6 5 5 4 3 4 4 3 3 4 3 4 4 3 3 4 3 3 5 6 3 5 3 4 4 6 6 5 3 6 4 5 4 6 2 5 6 4 5 2 4 4 3 4 3 6 2 5 4 4 2 3 5 5 5 5 4 4 4 4 5 1 5 4 4 4 3 5 2 3 4 6 6 3 2 5 2 4 4 5 4 5 6 6 4 4 5 4 6 4 3 3 4 4 7 4 5 4 3 4 2 2 4 4 2 6 4 4 3 3 3 4 2 7 5 3 4 4 4 3 7 3 5 4 4 3 5 5 4 1 
1 2 3 2 2 2 2 2 2 2 2 2 0 3 2 2 2 2 3 2 1 2 2 2 1 2 2 1 3 2 2 2 2 2 3 3 2 2 2 3 3 2 2 1 2 1 1 1 1 2 2 2 0 0 1 1 2 2 2 3 2 2 3 2 2 1 2 2 2 3 2 1 2 3 2 4 1 2 2 2 2 3 2 2 2 2 2 3 2 3 3 2 1 2 1 2 3 2 2 0 2 3 2 1 2 2 1 3 2 2 1 2 1 3 2 1 2 2 2 2 2 2 3 3 2 2 1 2 1 1 2 4 2 2 2 2 2 2 2 1 2 2 2 2 2 2 2 2 2 2 2 3 3 2 2 3 2 1 3 2 3 1 2 2 2 2 2 2 2 1 3 2 1 2 2 1 2 0 2 2 2 3 2 3 2 1 3 1 2 1 2 1 2 2 2 2 2 2 2 2 
8 7 9 6 7 7 11 2 8 7 5 11 10 7 7 5 1 4 4 4 5 5 8 7 7 10 9 8 4 6 5 4 7 7 7 11 4 5 7 7 8 3 6 8 6 8 9 4 8 10 10 7 6 7 8 8 6 9 5 10 7 8 8 9 6 6 3 7 7 5 7 8 6 6 3 5 2 7 6 6 10 10 10 6 11 6 12 6 9 4 8 6 4 4 8 6 5 9 8 8 6 11 10 8 6 9 3 7 9 11 9 10 7 10 4 8 6 7 4 6 6 7 10 7 9 8 7 7 4 6 12 7 7 3 7 7 5 10 8 10 11 6 4 10 6 5 7 6 6 6 6 8 3 7 4 5 9 12 5 4 7 3 11 8 6 8 5 9 4 6 11 6 7 9 5 11 6 9 8 9 11 7 10 7 4 4 4 4 7 8 5 9 7 5 2 9 7 7 8 9 
6 6 2 7 4 2 2 7 3 5 2 3 3 4 2 5 6 5 3 3 3 3 5 4 4 3 3 3 4 4 3 3 5 5 5 3 5 4 4 3 2 2 3 5 2 4 4 4 1 2 3 2 4 5 4 5 5 4 4 4 6 5 3 4 5 3 5 4 4 5 4 3 4 4 6 5 4 3 6 4 4 4 2 5 4 5 6 4 5 6 4 3 0 4 3 1 3 4 4 2 6 3 5 3 6 6 5 6 4 4 3 6 3 7 5 5 2 2 5 4 5 2 6 3 4 6 6 4 4 4 4 5 5 3 5 5 4 2 5 5 2 4 3 3 4 2 3 3 4 5 4 2 5 3 5 3 4 4 4 5 5 2 6 5 3 6 6 3 3 5 5 5 4 4 6 3 0 4 4 4 4 4 2 2 4 4 3 3 4 2 2 6 5 7 8 2 4 3 4 6 
5 9 10 10 3 6 9 7 8 4 10 11 8 8 6 5 10 6 6 12 13 0 4 8 8 0 8 10 4 7 5 7 4 14 10 8 10 7 9 5 9 8 8 7 5 8 6 5 5 8 8 6 6 4 9 6 6 4 4 9 5 11 5 5 5 7 10 3 10 4 4 3 8 9 10 7 5 9 5 6 5 9 10 9 9 11 11 2 8 11 9 9 6 3 7 6 4 8 7 7 7 5 5 11 3 6 9 4 6 6 8 5 11 10 8 6 6 10 4 3 10 10 8 12 6 6 5 4 8 10 4 8 4 6 7 7 4 9 11 6 10 10 11 8 2 9 10 7 10 5 8 12 6 13 10 2 6 8 2 8 5 11 6 12 5 5 7 8 6 9 7 5 6 11 4 9 9 8 6 6 6 4 6 9 2 12 10 7 7 8 8 10 8 5 8 13 8 9 4 10 
10 10 13 10 9 9 11 5 8 12 7 11 16 11 17 3 12 12 10 11 11 15 7 12 9 10 11 15 12 14 11 5 9 11 11 9 9 6 14 12 9 7 6 11 7 12 9 9 13 4 9 13 5 17 11 4 14 13 7 9 10 11 14 14 10 7 8 5 12 4 7 3 9 9 4 10 5 11 12 8 9 8 6 18 9 14 9 11 6 9 6 16 6 9 15 9 11 11 12 10 10 13 9 7 7 7 14 7 7 7 4 2 8 9 10 6 8 8 13 9 8 15 9 6 13 6 12 15 3 11 10 15 12 8 5 14 8 2 10 15 13 15 3 7 14 9 16 5 6 15 7 11 10 17 5 7 3 16 13 14 9 11 13 5 9 13 8 11 14 15 9 12 10 8 5 8 10 12 11 9 8 15 8 8 11 10 7 13 9 6 13 10 8 9 11 11 10 11 9 15 
3 9 10 8 7 9 2 2 5 9 10 8 8 10 7 6 6 8 6 6 5 7 2 4 4 7 6 6 3 6 8 7 9 8 5 12 3 4 8 11 4 7 8 7 13 10 7 9 7 9 6 7 6 6 6 11 5 6 5 4 4 10 7 7 9 4 2 9 12 5 4 7 7 10 6 9 10 6 6 7 4 12 8 10 6 9 6 3 7 10 6 8 12 6 8 8 8 6 6 9 12 5 7 7 9 9 7 6 5 8 9 9 6 8 9 9 3 4 9 7 8 7 12 8 4 7 10 4 9 4 9 6 6 7 6 7 7 6 10 6 4 7 7 12 11 9 6 7 11 11 9 4 6 7 5 9 7 9 5 8 10 7 7 6 10 7 7 9 8 9 7 8 8 3 8 8 8 7 4 2 7 10 3 5 6 8 6 4 3 7 4 7 9 6 10 7 7 6 7 8 
