NAME  : Jabali_60_3_0.90_1_8
TYPE : SVRP
MODEL : FINITE_SUPPORT
NUMBER_OF_SCENARIOS : 200
DIMENSION : 60
EDGE_WEIGHT_TYPE : MATRIX
CAPACITY : 117
N_VEHICLES : 3
NODE_COORD_SECTION
1 3414 4203
2 2005 2372
3 3697 6639
4 5580 5574
5 243 5301
6 1358 4306
7 6010 2056
8 315 5452
9 6228 5875
10 3689 1430
11 2795 116
12 2308 3239
13 3046 5894
14 4869 1314
15 1668 6008
16 4250 709
17 5278 7120
18 441 6373
19 6926 3629
20 3025 7540
21 1829 5118
22 3763 5239
23 2012 3932
24 6438 5024
25 3969 6372
26 3348 3912
27 729 5835
28 2019 6521
29 818 1257
30 3298 18
31 2602 6709
32 2892 6260
33 6067 3924
34 486 6507
35 1494 2806
36 1090 1271
37 4860 5996
38 5257 1753
39 1446 881
40 2950 2096
41 4450 8520
42 277 1716
43 1682 4648
44 6608 3318
45 5252 6774
46 27 4446
47 2609 2198
48 2610 1018
49 5931 4596
50 5806 3100
51 6870 1920
52 1006 4325
53 1718 2807
54 1905 963
55 2249 6015
56 3073 5196
57 3847 6286
58 126 1545
59 3602 3663
60 5090 6628
DEMAND_SECTION
1 0.0
2 4.0
3 5.0
4 9.0
5 1.0
6 6.0
7 8.0
8 1.0
9 9.0
10 4.0
11 8.0
12 1.0
13 6.0
14 10.0
15 10.0
16 2.0
17 5.0
18 2.0
19 1.0
20 5.0
21 4.0
22 8.0
23 6.0
24 5.0
25 3.0
26 5.0
27 3.0
28 2.0
29 7.0
30 1.0
31 10.0
32 4.0
33 5.0
34 4.0
35 5.0
36 10.0
37 7.0
38 1.0
39 5.0
40 1.0
41 9.0
42 3.0
43 3.0
44 9.0
45 3.0
46 1.0
47 10.0
48 8.0
49 9.0
50 8.0
51 6.0
52 10.0
53 7.0
54 8.0
55 1.0
56 3.0
57 10.0
58 7.0
59 2.0
60 8.0
DEVIATION_SECTION
1 0.0
2 1.33333
3 1.66667
4 3.0
5 0.333333
6 2.0
7 2.66667
8 0.333333
9 3.0
10 1.33333
11 2.66667
12 0.333333
13 2.0
14 3.33333
15 3.33333
16 0.666667
17 1.66667
18 0.666667
19 0.333333
20 1.66667
21 1.33333
22 2.66667
23 2.0
24 1.66667
25 1.0
26 1.66667
27 1.0
28 0.666667
29 2.33333
30 0.333333
31 3.33333
32 1.33333
33 1.66667
34 1.33333
35 1.66667
36 3.33333
37 2.33333
38 0.333333
39 1.66667
40 0.333333
41 3.0
42 1.0
43 1.0
44 3.0
45 1.0
46 0.333333
47 3.33333
48 2.66667
49 3.0
50 2.66667
51 2.0
52 3.33333
53 2.33333
54 2.66667
55 0.333333
56 1.0
57 3.33333
58 2.33333
59 0.666667
60 2.66667
DISTANCE_MATRIX
0.0 35.61 33.9284 42.8875 45.2548 28.6636 46.083 45.2769 52.4486 37.6431 55.6155 22.2402 24.5153 44.1022 34.7851 48.6621 60.498 50.1199 50.1619 46.1736 25.2389 19.3136 21.434 47.4384 30.2072 3.60555 43.2666 37.2156 56.4567 56.3926 36.2215 29.4279 39.0089 51.0 34.3699 56.2521 44.7536 42.2019 58.8412 30.4644 61.3098 57.3444 24.0832 46.5649 56.2883 45.1484 32.6571 44.6987 39.157 36.9225 56.4903 31.8352 32.1445 50.2512 30.2655 15.1327 31.6202 59.5804 7.2111 54.3007 
35.61 0.0 60.8315 64.7504 46.3897 27.1662 54.2033 47.2652 73.3413 26.6271 33.1361 13.4536 49.083 41.7253 50.2451 38.4708 78.1912 58.0345 67.1893 70.5848 37.8769 46.8255 21.1067 69.3012 57.5767 34.7784 50.04 56.1119 25.395 37.054 58.5492 53.1145 57.6944 59.0339 8.0 25.1904 66.6164 45.0 23.7883 12.7279 88.4657 26.2826 32.5902 62.5859 78.1511 38.2753 8.48528 21.0 59.9126 51.6624 65.8635 29.0172 7.28011 19.7883 49.6152 40.3126 58.9785 28.5187 32.283 76.1635 
33.9284 60.8315 0.0 27.7849 49.0918 43.3253 70.1142 48.1664 33.9411 71.5461 89.5398 47.4617 13.0 74.3303 28.2843 80.9786 21.587 43.6578 59.6154 15.2971 32.0156 19.3132 44.1022 41.8808 5.0 37.0 41.5933 22.4722 81.6579 90.3169 14.7648 12.0 49.0658 44.0114 59.5711 81.4533 16.5529 70.3491 84.0627 64.3887 27.6586 80.1201 37.3363 59.791 19.6977 56.4358 62.3863 78.623 40.8535 56.6297 77.3921 46.1736 57.3457 80.0627 21.0238 20.5183 4.12311 82.2222 41.0238 18.3576 
42.8875 64.7504 27.7849 0.0 73.6982 61.0102 47.0744 73.2875 10.0 58.6941 79.3977 62.1933 36.4722 56.4358 53.7931 65.8027 20.2485 69.8958 32.28 42.5441 52.7205 27.2127 63.42 14.2127 24.4722 42.8461 69.1185 48.8919 87.7429 78.492 41.6816 37.3383 23.0 70.3261 68.2724 85.4748 11.4018 50.5668 79.4287 55.6419 42.5793 90.3569 55.2998 33.2415 16.4924 77.016 57.8346 69.6348 14.0357 32.7567 52.0 64.1818 66.0688 75.4287 46.2419 35.7105 23.8864 92.593 41.1001 15.1327 
45.2548 46.3897 49.0918 73.6982 0.0 21.0238 90.5031 1.41421 80.6925 71.2423 79.0569 40.864 37.855 83.943 21.0238 83.5596 70.4557 14.4222 93.9956 47.5395 21.095 46.9574 30.2983 82.5386 49.6488 44.7271 8.94427 28.4429 52.7731 83.3847 36.2215 37.1214 82.0531 15.2643 38.4708 53.3385 62.804 85.0743 60.2993 57.0088 71.5891 48.7032 21.2603 91.2222 67.9025 12.2066 53.3667 67.2681 76.4214 81.5798 101.125 17.72 39.8121 64.0317 28.0713 38.0132 50.4876 50.3289 47.8295 66.1839 
28.6636 27.1662 43.3253 61.0102 21.0238 0.0 73.608 21.5407 70.5712 54.7996 60.2993 23.444 30.3421 66.523 23.3238 67.1557 62.8284 31.0161 77.924 48.2701 12.0416 34.2904 12.8783 68.7299 41.8797 27.832 23.0217 30.6105 37.5899 64.0078 35.4683 32.249 66.771 32.0156 19.2354 37.3856 55.0088 67.6543 44.203 36.6509 69.8355 36.7967 5.83095 74.3271 60.1072 18.3576 33.1361 48.0937 66.9191 64.4845 84.2296 4.47214 20.025 46.3542 25.4951 25.8284 43.0901 38.8973 30.9343 58.3886 
46.083 54.2033 70.1142 47.0744 90.5031 73.608 0.0 90.6136 50.1597 32.3883 50.3587 52.5251 66.9403 18.2483 80.8188 29.8329 67.1863 96.1769 24.2074 85.2877 71.1969 53.1507 63.2334 39.8246 65.123 45.793 89.1852 81.9525 68.9401 46.0977 78.8543 71.8053 25.0799 97.0618 58.6003 66.672 55.0818 11.0 60.9017 42.0476 89.627 77.9244 69.2444 19.105 63.561 88.6487 46.0652 47.3814 33.8378 14.3178 11.6619 78.8011 56.4004 56.9017 75.5559 59.9261 66.0687 78.5291 43.0116 62.1691 
45.2769 47.2652 48.1664 73.2875 1.41421 21.5407 90.6136 0.0 79.8724 71.9664 80.025 41.2068 37.108 84.2858 20.0 84.2837 69.5845 13.0384 93.5848 46.3249 20.8087 46.5296 30.6411 82.1278 48.8365 44.8377 7.61577 27.2947 53.9351 84.2912 35.1283 36.2215 81.6424 13.8924 39.3192 54.4518 61.9839 85.4172 61.4003 57.7343 70.406 49.98 21.4009 91.3327 67.0824 13.6015 54.1295 68.1836 76.0107 81.6904 101.235 18.4391 40.6079 65.0703 27.1662 37.5899 49.6488 51.6236 47.94 65.3638 
52.4486 73.3413 33.9411 10.0 80.6925 70.5712 50.1597 79.8724 0.0 66.2193 87.2009 71.7544 43.0689 62.0081 60.3898 72.1803 19.2354 76.4925 31.0161 47.4342 62.2815 36.7737 72.9811 11.0454 31.0689 52.4071 73.7119 55.4886 96.3338 85.7963 48.2783 43.935 25.0799 76.9228 77.8335 94.0657 19.2354 55.4707 88.2954 64.4107 42.107 99.918 64.8608 33.541 17.088 86.577 66.7014 78.032 16.6433 36.2353 52.9528 73.7428 75.6299 84.1975 52.8386 45.2716 30.4795 102.154 49.6911 17.0 
37.6431 26.6271 71.5461 58.6941 71.2423 54.7996 32.3883 71.9664 66.2193 0.0 21.095 31.4006 62.0967 16.1245 69.0 12.3693 77.472 81.0494 51.9711 83.8153 57.0789 52.2427 41.9762 59.1692 66.6816 34.9285 73.1642 73.3586 36.5756 19.8494 73.5459 66.9403 45.6946 82.0366 33.541 34.3075 61.7276 21.587 28.5372 14.3178 97.2107 45.5599 52.469 46.6905 73.2623 64.405 18.3576 15.0333 50.774 36.1386 43.4166 53.531 31.7805 24.5372 66.4257 52.6308 67.957 46.1646 30.8058 71.2746 
55.6155 33.1361 89.5398 79.3977 79.0569 60.2993 50.3587 80.025 87.2009 21.095 0.0 43.9659 79.102 32.1403 82.0 21.0238 97.7893 91.1373 72.1249 100.858 69.6348 74.925 52.8686 80.2621 85.8187 52.72 83.1505 87.6413 29.5466 6.40312 89.3197 83.375 66.6408 92.1358 41.1096 27.5136 82.0449 39.4588 21.0238 26.8328 117.177 38.0789 64.0123 66.7608 93.5796 69.7392 28.4605 12.3693 71.8679 56.648 60.0 62.0322 40.3113 17.7631 80.9568 70.2224 87.2316 38.2753 48.6015 91.592 
22.2402 13.4536 47.4617 62.1933 40.864 23.444 52.5251 41.2068 71.7544 31.4006 43.9659 0.0 35.805 43.382 38.3275 43.7379 64.8214 49.6488 64.6322 57.4543 26.0768 33.4558 10.7703 66.7442 44.2069 21.4086 41.7732 43.6807 34.3209 46.6905 45.618 39.9625 55.1373 50.636 12.2341 34.1163 64.0594 44.5499 36.6228 18.0278 75.0959 35.2085 21.095 60.0563 62.1002 42.25 15.5242 31.6228 58.4628 49.1094 64.1349 26.6155 10.0087 32.6228 37.0 26.9484 45.6087 37.4446 24.5109 60.3816 
24.5153 49.083 13.0 36.4722 37.855 30.3421 66.9403 37.108 43.0689 62.0967 79.102 35.805 0.0 68.0294 18.3576 73.1642 33.0 35.2278 61.2064 21.9317 19.2354 13.9284 31.4006 49.6252 12.0 27.2029 31.3847 15.8114 69.9297 80.6992 12.0416 5.0 49.4182 35.805 47.8429 69.7251 25.1803 65.192 72.5658 52.4326 40.2244 67.1369 24.3516 60.0333 30.2788 44.0454 50.7526 66.8852 43.5963 54.4243 75.6108 33.2415 45.6175 68.424 10.8167 9.48683 13.0384 69.2389 31.3209 28.5602 
44.1022 41.7253 74.3303 56.4358 83.943 66.523 18.2483 84.2858 62.0081 16.1245 32.1403 43.382 68.0294 0.0 78.2624 11.7047 76.4788 92.313 41.1461 88.6848 67.3075 55.4437 54.1295 53.0377 69.4262 42.4264 84.593 81.3019 52.2557 27.8927 80.0062 73.0274 38.2099 93.2827 47.8017 49.9877 61.6849 7.61577 44.2173 29.0 97.4987 61.2401 63.7136 35.7771 72.45 78.2851 33.2415 30.3645 45.4533 27.0185 28.1603 67.1768 45.8039 40.2173 74.3303 59.0085 70.6116 61.8448 38.6394 70.6824 
34.7851 50.2451 28.2843 53.7931 21.0238 23.3238 80.8188 20.0 60.3898 69.0 82.0 38.3275 18.3576 78.2624 0.0 81.0555 49.8197 17.0294 77.9872 27.313 12.3693 30.4138 29.4109 66.4385 29.4109 35.9026 13.3417 8.06226 60.9016 85.0 15.2971 16.4924 66.0681 17.6918 42.1783 60.7053 42.5013 76.922 67.5227 56.3205 50.9608 59.8164 18.3848 76.416 47.5395 30.0832 53.7587 69.6348 60.4096 69.8957 91.0036 24.0832 46.7796 69.3929 7.61577 22.2036 30.0832 61.8466 39.6232 45.8803 
48.6621 38.4708 80.9786 65.8027 83.5596 67.1557 29.8329 84.2837 72.1803 12.3693 21.0238 43.7379 73.1642 11.7047 81.0555 0.0 85.44 93.3809 52.8015 94.6499 69.2604 61.7784 54.3415 63.7809 76.2173 46.2709 85.5102 85.0941 44.1029 16.2788 84.8528 78.0897 49.2037 94.3663 45.6946 41.8348 69.9387 19.3132 36.0555 26.5707 105.768 53.0872 64.7765 47.4236 81.3019 76.5572 30.4631 22.2036 55.8659 38.2753 39.0128 65.8482 44.0114 32.0644 78.1025 63.7887 77.4919 53.6919 42.19 79.404 
60.498 78.1912 21.587 20.2485 70.4557 62.8284 67.1863 69.5845 19.2354 77.472 97.7893 64.8214 33.0 76.4788 49.8197 85.44 0.0 65.146 50.04 31.241 52.1361 34.8114 62.382 30.0666 21.0 60.4565 63.1506 43.9659 98.7733 97.3188 36.0555 33.3766 42.5793 65.4599 76.6865 98.8333 17.2047 70.7743 97.3149 73.5281 23.0 99.661 56.855 52.0865 4.24264 77.026 75.7209 87.6195 33.541 52.8867 71.3442 65.8722 74.4611 93.3149 42.4264 38.2354 20.025 101.897 58.7106 6.40312 
50.1199 58.0345 43.6578 69.8958 14.4222 31.0161 96.1769 13.0384 76.4925 81.0494 91.1373 49.6488 35.2278 92.313 17.0294 93.3809 65.146 0.0 94.8523 38.0 25.0799 47.3814 39.2046 83.3627 45.618 50.5668 8.0 21.1896 66.2193 95.0 29.1204 32.6497 82.9098 1.0 50.04 66.4906 58.604 91.5508 73.3485 67.3647 62.0725 62.7694 28.6356 93.2535 63.3246 26.6271 64.1302 79.0253 77.3337 87.0167 106.584 29.1548 51.0 76.6637 24.4131 38.9487 46.0977 64.4748 53.8592 61.8466 
50.1619 67.1893 59.6154 32.28 93.9956 77.924 24.2074 93.5848 31.0161 51.9711 72.1249 64.6322 61.2064 41.1461 77.9872 52.8015 50.04 94.8523 0.0 74.6726 73.0178 47.634 70.6944 20.0 56.231 50.1205 89.4158 76.9876 87.2071 68.7095 72.4215 65.624 12.0416 95.5879 70.7113 84.9391 43.0813 33.541 79.1687 57.0789 73.0274 92.0527 73.5605 5.38516 47.2652 94.4088 60.2993 66.6108 18.7883 16.0312 22.8473 81.0956 68.5077 75.1687 71.218 56.0078 55.6452 94.2888 48.3322 46.5296 
46.1736 70.5848 15.2971 42.5441 47.5395 48.2701 85.2877 46.3249 47.4342 83.8153 100.858 57.4543 21.9317 88.6848 27.313 94.6499 31.241 38.0 74.6726 0.0 36.2353 33.2415 51.7397 56.356 20.2237 49.0408 38.833 19.3132 85.7646 102.508 12.8062 17.4929 64.2884 38.0132 69.3447 91.2269 31.6228 85.0941 94.0676 74.1881 24.1868 85.0765 42.5206 75.0 31.1448 57.3847 72.5081 88.6407 55.9732 71.7422 92.6225 50.2195 67.1193 90.0449 22.8035 31.3847 19.4165 87.1786 53.1413 30.6105 
25.2389 37.8769 32.0156 52.7205 21.095 12.0416 71.1969 20.8087 62.2815 57.0789 69.6348 26.0768 19.2354 67.3075 12.3693 69.2604 52.1361 25.0799 73.0178 36.2353 0.0 26.0 17.088 61.5608 31.1448 25.4951 18.0278 18.868 49.5308 72.6911 23.4307 20.6155 61.0754 26.0 30.8066 49.3336 44.3164 66.4831 56.151 44.1022 58.1378 48.8428 6.40312 71.4191 49.4149 25.02 41.4367 57.2713 55.4437 62.0551 81.6228 14.3178 34.4114 58.0212 13.4536 17.088 32.249 50.9448 28.7927 47.6963 
19.3136 46.8255 19.3132 27.2127 46.9574 34.2904 53.1507 46.5296 36.7737 52.2427 74.925 33.4558 13.9284 55.4437 30.4138 61.7784 34.8114 47.3814 47.634 33.2415 26.0 0.0 31.634 36.053 14.7648 22.3852 42.2019 29.5296 67.6722 75.7021 25.7099 18.6815 35.805 48.0833 45.2749 67.4676 26.9917 52.0 70.0567 49.7739 45.6443 68.2494 28.58 46.3249 32.0902 50.2962 48.3804 64.0082 30.0241 40.4969 61.6847 37.462 43.0495 66.0567 23.6008 8.94427 16.1245 70.4854 26.409 30.3716 
21.434 21.1067 44.1022 63.42 30.2983 12.8783 63.2334 30.6411 72.9811 41.9762 52.8686 10.7703 31.4006 54.1295 29.4109 54.3415 62.382 39.2046 70.6944 51.7397 17.088 31.634 0.0 67.9709 41.5933 20.6023 31.2631 35.7771 50.3612 56.1427 39.2046 34.6554 59.5414 40.1995 31.6369 50.164 54.5624 55.2582 56.9813 28.1603 71.6101 49.6731 11.1803 67.0974 59.6608 29.3631 25.0 40.5121 59.6895 57.2548 74.8432 16.0499 17.6412 40.5895 29.6816 24.1661 42.9418 51.7752 23.7047 57.9422 
47.4384 69.3012 41.8808 14.2127 82.5386 68.7299 39.8246 82.1278 11.0454 59.1692 80.2621 66.7442 49.6252 53.0377 66.4385 63.7809 30.0666 83.3627 20.0 56.356 61.5608 36.053 67.9709 0.0 38.6197 47.3969 77.9588 63.0394 91.4033 78.2368 55.829 51.4857 15.0 84.0818 72.8233 89.1352 25.6125 46.0977 83.1089 59.4811 53.0377 94.9078 64.1401 22.561 27.4591 85.8563 61.7709 72.0902 8.544 26.4008 41.9762 71.9014 70.6197 79.1089 59.6424 44.5509 38.0339 97.1439 45.651 26.9258 
30.2072 57.5767 5.0 24.4722 49.6488 41.8797 65.123 48.8365 31.0689 66.6816 85.8187 44.2069 12.0 69.4262 29.4109 76.2173 21.0 45.618 56.231 20.2237 31.1448 14.7648 41.5933 38.6197 0.0 33.2788 42.72 24.6982 78.2467 86.5957 17.6918 13.0 45.6807 46.0652 56.1599 78.2188 13.1803 65.3758 80.8078 60.6675 31.1448 79.1343 35.9026 56.4059 18.2788 56.0357 59.274 74.9018 37.4683 51.5422 74.0069 44.911 53.9345 76.9504 21.8403 17.4929 1.41421 81.3704 37.3026 16.5602 
3.60555 34.7784 37.0 42.8461 44.7271 27.832 45.793 44.8377 52.4071 34.9285 52.72 21.4086 27.2029 42.4264 35.9026 46.2709 60.4565 50.5668 50.1205 49.0408 25.4951 22.3852 20.6023 47.3969 33.2788 0.0 43.4166 39.0128 55.6251 53.4971 38.6394 32.0156 38.9674 51.4782 33.5383 55.4205 44.7122 41.1096 58.0095 27.5689 64.3814 56.5127 23.4684 46.5235 56.2468 44.3168 29.7616 41.8032 39.1156 36.8811 56.4004 31.0035 31.3128 54.0095 32.0156 17.72 34.6918 58.7488 4.12311 54.2592 
43.2666 50.04 41.5933 69.1185 8.94427 23.0217 89.1852 7.61577 73.7119 73.1642 83.1505 41.7732 31.3847 84.593 13.3417 85.5102 63.1506 8.0 89.4158 38.833 18.0278 42.2019 31.2631 77.9588 42.72 43.4166 0.0 20.025 58.5235 87.0 28.0 29.8329 77.4734 9.0 42.0476 58.6941 55.8234 84.2819 65.525 59.4231 62.9682 55.4617 20.8806 87.8171 60.8769 20.5183 56.1453 71.0282 71.9299 80.0663 99.634 21.2132 43.0 68.7422 20.8806 33.4215 43.4166 57.2451 46.5902 59.2032 
37.2156 56.1119 22.4722 48.8919 28.4429 30.6105 81.9525 27.2947 55.4886 73.3586 87.6413 43.6807 15.8114 81.3019 8.06226 85.0941 43.9659 21.1896 76.9876 19.3132 18.868 29.5296 35.7771 63.0394 24.6982 39.0128 20.025 0.0 68.1142 90.2441 8.06226 12.0416 65.192 21.5407 49.3899 67.917 37.6 79.2465 74.7343 61.3922 43.1741 67.3573 25.2389 75.8024 42.1545 38.0789 59.203 75.2861 59.3774 69.857 91.0 31.8277 52.6464 75.5947 7.0 22.8035 25.0599 69.4262 43.0 40.7185 
56.4567 25.395 81.6579 87.7429 52.7731 37.5899 68.9401 53.9351 96.3338 36.5756 29.5466 34.3209 69.9297 52.2557 60.9016 44.1029 98.7733 66.2193 87.2071 85.7646 49.5308 67.6722 50.3612 91.4033 78.2467 55.6251 58.5235 68.1142 0.0 35.3553 72.9609 73.9612 79.3257 67.1863 22.8271 3.16228 89.6089 58.1605 8.544 31.8267 109.263 9.21954 43.4736 82.1036 96.0522 42.0476 30.8429 21.9827 82.9051 71.1762 79.9787 37.6962 24.7648 14.0384 62.9829 61.1593 79.6575 10.2956 55.2755 94.3336 
56.3926 37.054 90.3169 78.492 83.3847 64.0078 46.0977 84.2912 85.7963 19.8494 6.40312 46.6905 80.6992 27.8927 85.0 16.2788 97.3188 95.0 68.7095 102.508 72.6911 75.7021 56.1427 78.2368 86.5957 53.4971 87.0 90.2441 35.3553 0.0 91.4824 85.5356 64.1405 96.0 45.0444 33.131 81.5744 35.4401 26.9258 28.8617 116.935 44.1022 67.2681 63.3246 93.1091 74.5252 31.257 16.1245 70.0 53.6656 55.1453 66.0681 44.0 23.3607 83.4326 71.2172 88.0087 44.4072 49.3786 91.1214 
36.2215 58.5492 14.7648 41.6816 36.2215 35.4683 78.8543 35.1283 48.2783 73.5459 89.3197 45.618 12.0416 80.0062 15.2971 84.8528 36.0555 29.1204 72.4215 12.8062 23.4307 25.7099 39.2046 55.829 17.6918 38.6394 28.0 8.06226 72.9609 91.4824 0.0 7.07107 60.6333 29.4109 57.3091 79.1913 30.3897 77.2334 82.032 62.6524 35.7351 72.2729 29.7321 71.249 34.4384 45.2217 60.9262 77.0779 54.8114 66.0984 87.2812 37.4433 55.0837 78.032 10.0 21.095 17.8045 74.3749 42.7551 33.121 
29.4279 53.1145 12.0 37.3383 37.1214 32.249 71.8053 36.2215 43.935 66.9403 83.375 39.9625 5.0 73.0274 16.4924 78.0897 33.3766 32.6497 65.624 17.4929 20.6155 18.6815 34.6554 51.4857 13.0 32.0156 29.8329 12.0416 73.9612 85.5356 7.07107 0.0 53.8358 33.121 51.8744 73.7566 26.0464 70.1783 76.5973 56.7056 37.5899 69.1529 26.4197 64.4515 31.0483 44.5533 55.0255 71.1581 48.0139 59.1354 80.3243 34.9285 49.649 72.5612 9.05539 14.3178 13.6015 71.2549 36.1386 29.4109 
39.0089 57.6944 49.0658 23.0 82.0531 66.771 25.0799 81.6424 25.0799 45.6946 66.6408 55.1373 49.4182 38.2099 66.0681 49.2037 42.5793 82.9098 12.0416 64.2884 61.0754 35.805 59.5414 15.0 45.6807 38.9674 77.4734 65.192 79.3257 64.1405 60.6333 53.8358 0.0 83.6455 61.2164 77.0576 32.7567 31.1448 71.2873 48.2597 65.3758 83.3009 62.4074 10.7703 39.2046 83.2558 51.0392 59.4811 9.05539 11.4018 29.0 69.9426 59.0128 67.2873 59.4054 44.0654 45.0949 85.537 37.2215 38.0526 
51.0 59.0339 44.0114 70.3261 15.2643 32.0156 97.0618 13.8924 76.9228 82.0366 92.1358 50.636 35.805 93.2827 17.6918 94.3663 65.4599 1.0 95.5879 38.0132 26.0 48.0833 40.1995 84.0818 46.0652 51.4782 9.0 21.5407 67.1863 96.0 29.4109 33.121 83.6455 0.0 51.0392 67.4685 59.0343 92.4777 74.3303 68.3593 62.0322 63.6946 29.6142 93.9892 63.6946 27.4591 65.1286 80.025 78.0529 87.9029 107.471 30.1496 52.0 77.6551 25.0 39.6989 46.5188 65.3911 54.786 62.2415 
34.3699 8.0 59.5711 68.2724 38.4708 19.2354 58.6003 39.3192 77.8335 33.541 41.1096 12.2341 47.8429 47.8017 42.1783 45.6946 76.6865 50.04 70.7113 69.3447 30.8066 45.2749 31.6369 72.8233 56.1599 33.5383 42.0476 49.3899 22.8271 45.0444 57.3091 51.8744 61.2164 51.0392 0.0 22.6225 70.1385 50.2096 31.2488 19.2354 87.1759 23.7147 24.7493 66.1354 73.9653 30.8707 15.2315 29.0 64.5419 55.1884 70.214 21.0238 2.23607 27.2488 48.375 39.0725 57.5707 25.9508 36.6406 72.2467 
56.2521 25.1904 81.4533 85.4748 53.3385 37.3856 66.672 54.4518 94.0657 34.3075 27.5136 34.1163 69.7251 49.9877 60.7053 41.8348 98.8333 66.4906 84.9391 91.2269 49.3336 67.4676 50.164 89.1352 78.2188 55.4205 58.6941 67.917 3.16228 33.131 79.1913 73.7566 77.0576 67.4685 22.6225 0.0 87.3409 55.8924 7.0 29.5586 109.058 12.2066 43.2764 79.8355 98.8756 43.0116 28.5748 19.7146 80.637 68.9081 77.7106 37.6431 24.5602 11.7703 62.7857 60.9547 79.6206 13.4164 53.0074 96.8879 
44.7536 66.6164 16.5529 11.4018 62.804 55.0088 55.0818 61.9839 19.2354 61.7276 82.0449 64.0594 25.1803 61.6849 42.5013 69.9387 17.2047 58.604 43.0813 31.6228 44.3164 26.9917 54.5624 25.6125 13.1803 44.7122 55.8234 37.6 89.6089 81.5744 30.3897 26.0464 32.7567 59.0343 70.1385 87.3409 0.0 56.7539 81.5705 57.7838 35.8469 91.8413 49.0353 43.4166 13.0384 69.2148 59.9765 71.8752 24.3516 41.0 61.4003 58.0525 67.9349 77.5705 34.9501 30.4157 12.5946 94.0774 42.9662 10.8167 
42.2019 45.0 70.3491 50.5668 85.0743 67.6543 11.0 85.4172 55.4707 21.587 39.4588 44.5499 65.192 7.61577 76.922 19.3132 70.7743 91.5508 33.541 85.0941 66.4831 52.0 55.2582 46.0977 65.3758 41.1096 84.2819 79.2465 58.1605 35.4401 77.2334 70.1783 31.1448 92.4777 50.2096 55.8924 56.7539 0.0 50.1221 32.45 92.3472 67.1448 64.2624 28.178 66.8506 80.6735 36.6197 36.4966 38.833 19.799 21.8403 70.8259 48.0833 46.1221 72.3671 56.5863 66.4831 67.7495 37.6962 65.192 
58.8412 23.7883 84.0627 79.4287 60.2993 44.203 60.9017 61.4003 88.2954 28.5372 21.0238 36.6228 72.5658 44.2173 67.5227 36.0555 97.3149 73.3485 79.1687 94.0676 56.151 70.0567 56.9813 83.1089 80.8078 58.0095 65.525 74.7343 8.544 26.9258 82.032 76.5973 71.2873 74.3303 31.2488 7.0 81.5705 50.1221 0.0 23.7883 111.697 17.2047 50.0937 74.0652 93.1052 50.01 22.8045 13.8924 74.5701 63.1378 71.9403 44.4644 31.0 6.0 73.098 63.4123 82.2096 17.6918 47.2371 91.1176 
30.4644 12.7279 64.3887 55.6419 57.0088 36.6509 42.0476 57.7343 64.4107 14.3178 26.8328 18.0278 52.4326 29.0 56.3205 26.5707 73.5281 67.3647 57.0789 74.1881 44.1022 49.7739 28.1603 59.4811 60.6675 27.5689 59.4231 61.3922 31.8267 28.8617 62.6524 56.7056 48.2597 68.3593 19.2354 29.5586 57.7838 32.45 23.7883 0.0 92.0261 40.811 39.0128 52.2398 69.3184 50.0899 4.24264 15.0 50.9608 41.1947 53.6656 39.2989 17.4642 19.7883 54.5711 43.553 62.0805 41.4157 23.4503 67.3308 
61.3098 88.4657 27.6586 42.5793 71.5891 69.8355 89.627 70.406 42.107 97.2107 117.177 75.0959 40.2244 97.4987 50.9608 105.768 23.0 62.0725 73.0274 24.1868 58.1378 45.6443 71.6101 53.0377 31.1448 64.3814 62.9682 43.1741 109.263 116.935 35.7351 37.5899 65.3758 62.0322 87.1759 109.058 35.8469 92.3472 111.697 92.0261 0.0 106.743 64.0078 75.06 26.1725 80.9568 90.3766 106.26 56.3205 75.3127 94.2603 72.45 84.9505 108.053 45.31 48.1664 29.7321 108.845 68.4052 27.4591 
57.3444 26.2826 80.1201 90.3569 48.7032 36.7967 77.9244 49.98 99.918 45.5599 38.0789 35.2085 67.1369 61.2401 59.8164 53.0872 99.661 62.7694 92.0527 85.0765 48.8428 68.2494 49.6731 94.9078 79.1343 56.5127 55.4617 67.3573 9.21954 44.1022 72.2729 69.1529 83.3009 63.6946 23.7147 12.2066 91.8413 67.1448 17.2047 40.811 106.743 0.0 42.7855 87.7774 96.9398 37.108 34.7574 30.967 86.6264 77.0039 88.963 35.805 25.6525 23.0227 62.2948 62.047 80.5452 2.23607 59.6151 95.2212 
24.0832 32.5902 37.3363 55.2998 21.2603 5.83095 69.2444 21.4009 64.8608 52.469 64.0123 21.095 24.3516 63.7136 18.3848 64.7765 56.855 28.6356 73.5605 42.5206 6.40312 28.58 11.1803 64.1401 35.9026 23.4684 20.8806 25.2389 43.4736 67.2681 29.7321 26.4197 62.4074 29.6142 24.7493 43.2764 49.0353 64.2624 50.0937 39.0128 64.0078 42.7855 0.0 69.9635 54.1338 21.8403 36.0555 51.6558 58.023 60.3211 79.8661 9.05539 25.3659 51.964 19.799 20.025 37.108 44.8876 26.5708 52.4152 
46.5649 62.5859 59.791 33.2415 91.2222 74.3271 19.105 91.3327 33.541 46.6905 66.7608 60.0563 60.0333 35.7771 76.416 47.4236 52.0865 93.2535 5.38516 75.0 71.4191 46.3249 67.0974 22.561 56.4059 46.5235 87.8171 75.8024 82.1036 63.3246 71.249 64.4515 10.7703 93.9892 66.1354 79.8355 43.4166 28.178 74.0652 52.2398 75.06 87.7774 69.9635 0.0 49.0 90.8118 55.5788 61.4003 19.2354 11.0454 19.4165 77.4986 63.9318 70.0652 69.8928 54.4091 55.8201 90.0134 44.7772 48.0416 
56.2883 78.1511 19.6977 16.4924 67.9025 60.1072 63.561 67.0824 17.088 73.2623 93.5796 62.1002 30.2788 72.45 47.5395 81.3019 4.24264 63.3246 47.2652 31.1448 49.4149 32.0902 59.6608 27.4591 18.2788 56.2468 60.8769 42.1545 96.0522 93.1091 34.4384 31.0483 39.2046 63.6946 73.9653 98.8756 13.0384 66.8506 93.1052 69.3184 26.1725 96.9398 54.1338 49.0 0.0 74.3133 71.5112 83.4098 30.1496 49.2443 68.1175 63.151 71.7399 89.1052 40.025 35.5142 17.4642 99.1759 54.5009 2.23607 
45.1484 38.2753 56.4358 77.016 12.2066 18.3576 88.6487 13.6015 86.577 64.405 69.7392 42.25 44.0454 78.2851 30.0832 76.5572 77.026 26.6271 94.4088 57.3847 25.02 50.2962 29.3631 85.8563 56.0357 44.3168 20.5183 38.0789 42.0476 74.5252 45.2217 44.5533 83.2558 27.4591 30.8707 43.0116 69.2148 80.6735 50.01 50.0899 80.9568 37.108 21.8403 90.8118 74.3133 0.0 46.0977 58.4637 79.7392 80.9693 100.259 13.8924 32.6497 54.2353 35.9026 41.5933 57.0789 38.6005 47.4191 72.5947 
32.6571 8.48528 62.3863 57.8346 53.3667 33.1361 46.0652 54.1295 66.7014 18.3576 28.4605 15.5242 50.7526 33.2415 53.7587 30.4631 75.7209 64.1302 60.2993 72.5081 41.4367 48.3804 25.0 61.7709 59.274 29.7616 56.1453 59.203 30.8429 31.257 60.9262 55.0255 51.0392 65.1286 15.2315 28.5748 59.9765 36.6197 22.8045 4.24264 90.3766 34.7574 36.0555 55.5788 71.5112 46.0977 0.0 16.1555 53.2727 44.5533 57.7062 35.6931 13.6015 18.8045 52.4976 41.873 60.687 36.9935 25.6431 69.5235 
44.6987 21.0 78.623 69.6348 67.2681 48.0937 47.3814 68.1836 78.032 15.0333 12.3693 31.6228 66.8852 30.3645 69.6348 22.2036 87.6195 79.0253 66.6108 88.6407 57.2713 64.0082 40.5121 72.0902 74.9018 41.8032 71.0282 75.2861 21.9827 16.1245 77.0779 71.1581 59.4811 80.025 29.0 19.7146 71.8752 36.4966 13.8924 15.0 106.26 30.967 51.6558 61.4003 83.4098 58.4637 16.1555 0.0 63.561 50.636 58.2495 50.01 28.0713 9.94427 68.6222 58.0056 76.3148 31.5717 37.6847 81.4222 
39.157 59.9126 40.8535 14.0357 76.4214 66.9191 33.8378 76.0107 16.6433 50.774 71.8679 58.4628 43.5963 45.4533 60.4096 55.8659 33.541 77.3337 18.7883 55.9732 55.4437 30.0241 59.6895 8.544 37.4683 39.1156 71.9299 59.3774 82.9051 70.0 54.8114 48.0139 9.05539 78.0529 64.5419 80.637 24.3516 38.833 74.5701 50.9608 56.3205 86.6264 58.023 19.2354 30.1496 79.7392 53.2727 63.561 0.0 19.6977 38.0132 70.0907 62.3383 70.5701 53.6135 38.5219 36.8825 88.8625 37.3696 29.0172 
36.9225 51.6624 56.6297 32.7567 81.5798 64.4845 14.3178 81.6904 36.2353 36.1386 56.648 49.1094 54.4243 27.0185 69.8957 38.2753 52.8867 87.0167 16.0312 71.7422 62.0551 40.4969 57.2548 26.4008 51.5422 36.8811 80.0663 69.857 71.1762 53.6656 66.0984 59.1354 11.4018 87.9029 55.1884 68.9081 41.0 19.799 63.1378 41.1947 75.3127 77.0039 60.3211 11.0454 49.2443 80.9693 44.5533 50.636 19.6977 0.0 21.1896 67.6561 52.9848 59.1378 63.5186 47.8887 52.6587 79.24 35.0 47.8539 
56.4903 65.8635 77.3921 52.0 101.125 84.2296 11.6619 101.235 52.9528 43.4166 60.0 64.1349 75.6108 28.1603 91.0036 39.0128 71.3442 106.584 22.8473 92.6225 81.6228 61.6847 74.8432 41.9762 74.0069 56.4004 99.634 91.0 79.9787 55.1453 87.2812 80.3243 29.0 107.471 70.214 77.7106 61.4003 21.8403 71.9403 53.6656 94.2603 88.963 79.8661 19.4165 68.1175 100.259 57.7062 58.2495 38.0132 21.1896 0.0 87.4012 68.0074 67.9403 84.6265 68.9967 73.4212 89.5677 53.9073 67.0298 
31.8352 29.0172 46.1736 64.1818 17.72 4.47214 78.8011 18.4391 73.7428 53.531 62.0322 26.6155 33.2415 67.1768 24.0832 65.8482 65.8722 29.1548 81.0956 50.2195 14.3178 37.462 16.0499 71.9014 44.911 31.0035 21.2132 31.8277 37.6962 66.0681 37.4433 34.9285 69.9426 30.1496 21.0238 37.6431 58.0525 70.8259 44.4644 39.2989 72.45 35.805 9.05539 77.4986 63.151 13.8924 35.6931 50.01 70.0907 67.6561 87.4012 0.0 22.2036 47.5296 27.4591 29.0 46.0977 37.8021 34.1059 61.4324 
32.1445 7.28011 57.3457 66.0688 39.8121 20.025 56.4004 40.6079 75.6299 31.7805 40.3113 10.0087 45.6175 45.8039 46.7796 44.0114 74.4611 51.0 68.5077 67.1193 34.4114 43.0495 17.6412 70.6197 53.9345 31.3128 43.0 52.6464 24.7648 44.0 55.0837 49.649 59.0128 52.0 2.23607 24.5602 67.9349 48.0833 31.0 17.4642 84.9505 25.6525 25.3659 63.9318 71.7399 32.6497 13.6015 28.0713 62.3383 52.9848 68.0074 22.2036 0.0 27.0 46.1496 36.8471 55.3453 27.8885 34.4152 70.0213 
50.2512 19.7883 80.0627 75.4287 64.0317 46.3542 56.9017 65.0703 84.1975 24.5372 17.7631 32.6228 68.424 40.2173 69.3929 32.0644 93.3149 76.6637 75.1687 90.0449 58.0212 66.0567 40.5895 79.1089 76.9504 54.0095 68.7422 75.5947 14.0384 23.3607 78.032 72.5612 67.2873 77.6551 27.2488 11.7703 77.5705 46.1221 6.0 19.7883 108.053 23.0227 51.964 70.0652 89.1052 54.2353 18.8045 9.94427 70.5701 59.1378 67.9403 47.5296 27.0 0.0 69.098 59.5493 78.3634 23.6274 43.2371 87.1176 
30.2655 49.6152 21.0238 46.2419 28.0713 25.4951 75.5559 27.1662 52.8386 66.4257 80.9568 37.0 10.8167 74.3303 7.61577 78.1025 42.4264 24.4131 71.218 22.8035 13.4536 23.6008 29.6816 59.6424 21.8403 32.0156 20.8806 7.0 62.9829 83.4326 10.0 9.05539 59.4054 25.0 48.375 62.7857 34.9501 72.3671 73.098 54.5711 45.31 62.2948 19.799 69.8928 40.025 35.9026 52.4976 68.6222 53.6135 63.5186 84.6265 27.4591 46.1496 69.098 0.0 16.1555 22.561 64.3969 36.0 38.3299 
15.1327 40.3126 20.5183 35.7105 38.0132 25.8284 59.9261 37.5899 45.2716 52.6308 70.2224 26.9484 9.48683 59.0085 22.2036 63.7887 38.2354 38.9487 56.0078 31.3847 17.088 8.94427 24.1661 44.5509 17.4929 17.72 33.4215 22.8035 61.1593 71.2172 21.095 14.3178 44.0654 39.6989 39.0725 60.9547 30.4157 56.5863 63.4123 43.553 48.1664 62.047 20.025 54.4091 35.5142 41.5933 41.873 58.0056 38.5219 47.8887 68.9967 29.0 36.8471 59.5493 16.1555 0.0 18.868 64.283 21.8403 33.7956 
31.6202 58.9785 4.12311 23.8864 50.4876 43.0901 66.0687 49.6488 30.4795 67.957 87.2316 45.6087 13.0384 70.6116 30.0832 77.4919 20.025 46.0977 55.6452 19.4165 32.249 16.1245 42.9418 38.0339 1.41421 34.6918 43.4166 25.0599 79.6575 88.0087 17.8045 13.6015 45.0949 46.5188 57.5707 79.6206 12.5946 66.4831 82.2096 62.0805 29.7321 80.5452 37.108 55.8201 17.4642 57.0789 60.687 76.3148 36.8825 52.6587 73.4212 46.0977 55.3453 78.3634 22.561 18.868 0.0 82.7812 38.7156 15.8114 
59.5804 28.5187 82.2222 92.593 50.3289 38.8973 78.5291 51.6236 102.154 46.1646 38.2753 37.4446 69.2389 61.8448 61.8466 53.6919 101.897 64.4748 94.2888 87.1786 50.9448 70.4854 51.7752 97.1439 81.3704 58.7488 57.2451 69.4262 10.2956 44.4072 74.3749 71.2549 85.537 65.3911 25.9508 13.4164 94.0774 67.7495 17.6918 41.4157 108.845 2.23607 44.8876 90.0134 99.1759 38.6005 36.9935 31.5717 88.8625 79.24 89.5677 37.8021 27.8885 23.6274 64.3969 64.283 82.7812 0.0 61.8512 97.4573 
7.2111 32.283 41.0238 41.1001 47.8295 30.9343 43.0116 47.94 49.6911 30.8058 48.6015 24.5109 31.3209 38.6394 39.6232 42.19 58.7106 53.8592 48.3322 53.1413 28.7927 26.409 23.7047 45.651 37.3026 4.12311 46.5902 43.0 55.2755 49.3786 42.7551 36.1386 37.2215 54.786 36.6406 53.0074 42.9662 37.6962 47.2371 23.4503 68.4052 59.6151 26.5708 44.7772 54.5009 47.4191 25.6431 37.6847 37.3696 35.0 53.9073 34.1059 34.4152 43.2371 36.0 21.8403 38.7156 61.8512 0.0 52.5132 
54.3007 76.1635 18.3576 15.1327 66.1839 58.3886 62.1691 65.3638 17.0 71.2746 91.592 60.3816 28.5602 70.6824 45.8803 79.404 6.40312 61.8466 46.5296 30.6105 47.6963 30.3716 57.9422 26.9258 16.5602 54.2592 59.2032 40.7185 94.3336 91.1214 33.121 29.4109 38.0526 62.2415 72.2467 96.8879 10.8167 65.192 91.1176 67.3308 27.4591 95.2212 52.4152 48.0416 2.23607 72.5947 69.5235 81.4222 29.0172 47.8539 67.0298 61.4324 70.0213 87.1176 38.3299 33.7956 15.8114 97.4573 52.5132 0.0 
DEMAND_SCENARIO_SECTION
0 0 0 0 0 0 0 0 0 0 0 0 0 0 0 0 0 0 0 0 0 0 0 0 0 0 0 0 0 0 0 0 0 0 0 0 0 0 0 0 0 0 0 0 0 0 0 0 0 0 0 0 0 0 0 0 0 0 0 0 0 0 0 0 0 0 0 0 0 0 0 0 0 0 0 0 0 0 0 0 0 0 0 0 0 0 0 0 0 0 0 0 0 0 0 0 0 0 0 0 0 0 0 0 0 0 0 0 0 0 0 0 0 0 0 0 0 0 0 0 0 0 0 0 0 0 0 0 0 0 0 0 0 0 0 0 0 0 0 0 0 0 0 0 0 0 0 0 0 0 0 0 0 0 0 0 0 0 0 0 0 0 0 0 0 0 0 0 0 0 0 0 0 0 0 0 0 0 0 0 0 0 0 0 0 0 0 0 0 0 0 0 0 0 0 0 0 0 0 0 
5 5 6 6 5 5 6 5 6 4 5 5 7 4 5 5 4 3 5 6 2 6 4 3 2 6 2 6 3 5 4 4 7 4 5 5 5 4 2 5 6 6 4 5 4 6 4 3 4 5 4 7 4 5 4 3 3 4 5 4 4 4 3 6 3 5 5 2 4 5 6 4 5 1 4 5 3 3 2 2 3 4 5 5 7 7 4 3 4 4 4 5 5 4 6 5 4 5 3 6 2 0 4 5 4 2 3 3 5 4 4 4 3 6 3 3 2 4 3 4 4 5 2 2 7 5 3 5 5 5 3 4 5 2 3 4 5 5 3 4 3 5 4 5 2 5 3 6 3 4 4 7 0 2 2 4 5 6 4 4 2 3 6 3 4 6 6 4 4 6 4 4 7 7 4 4 4 4 4 2 5 5 4 3 6 3 6 5 4 1 4 4 6 3 2 4 5 3 2 5 
2 4 8 4 6 3 7 8 4 3 5 7 5 6 2 4 6 4 5 3 6 5 5 5 5 7 5 7 5 7 6 5 3 5 3 3 4 7 3 9 4 5 3 6 8 6 4 6 7 7 5 9 4 2 6 6 5 8 6 6 3 3 6 7 6 7 5 7 4 5 4 7 5 6 6 4 5 7 5 4 5 4 6 7 1 7 9 5 6 4 5 4 4 4 6 8 5 6 2 5 5 6 1 7 4 8 4 8 5 4 3 4 9 3 5 7 4 9 6 5 4 8 4 8 8 8 4 5 5 6 4 3 6 8 3 8 6 7 8 5 6 6 5 6 3 4 5 5 3 7 6 6 6 7 5 4 3 6 4 9 5 4 5 4 7 7 7 4 5 5 5 6 4 4 4 6 5 4 5 5 4 4 5 6 3 4 2 6 0 2 3 6 2 7 7 4 6 7 6 4 
10 7 10 8 11 15 6 9 8 11 8 5 7 8 6 10 10 11 6 5 3 4 10 10 10 11 8 10 4 13 11 6 17 8 14 4 11 6 14 9 9 5 10 4 5 7 11 6 7 13 10 6 9 8 5 9 12 15 14 7 15 8 9 11 5 9 9 10 4 10 2 10 14 8 13 4 6 6 14 12 10 7 9 7 2 9 11 5 5 5 10 7 11 12 6 10 12 8 7 4 8 5 3 12 11 5 5 9 9 10 11 8 12 9 13 6 9 10 11 8 12 6 14 13 8 11 7 7 5 6 15 9 10 8 6 8 11 13 10 8 15 13 13 9 11 9 9 4 9 11 15 12 6 6 3 5 8 13 12 8 12 7 9 8 6 9 11 7 11 13 6 9 6 9 16 3 9 5 16 6 8 9 8 13 11 8 10 10 12 8 11 6 12 8 12 5 15 11 4 9 
1 1 1 1 2 1 1 0 1 0 1 1 1 1 1 1 2 1 1 1 1 1 0 1 2 1 1 2 1 1 1 1 1 1 1 1 1 1 1 1 1 1 1 1 1 1 2 1 1 1 1 1 1 1 1 0 1 2 1 1 1 1 1 1 1 1 1 1 1 1 1 1 1 1 1 1 1 1 1 1 1 1 1 1 1 2 1 1 1 1 1 1 1 2 1 1 1 1 1 1 0 1 1 1 1 1 1 1 1 1 0 1 1 1 1 1 1 1 1 2 1 1 1 1 1 0 1 1 1 1 1 1 1 1 1 1 1 1 1 1 1 2 2 1 1 1 1 1 1 1 1 1 1 1 1 0 1 1 1 1 1 1 1 1 1 1 1 0 1 1 1 1 1 1 1 1 1 1 0 1 1 1 1 1 1 1 1 1 1 1 1 1 0 1 1 0 1 1 1 1 
3 8 4 4 10 4 6 2 9 7 2 4 8 5 7 8 9 8 8 7 5 6 8 6 3 9 7 8 5 7 4 6 2 8 8 5 4 10 11 8 5 3 7 5 7 8 5 3 5 4 6 3 8 7 5 7 6 4 5 3 5 5 5 7 7 8 6 7 6 5 6 8 11 3 4 8 6 8 4 10 3 4 8 2 5 5 5 9 4 3 8 7 6 3 7 5 5 5 5 8 5 6 4 6 6 7 6 8 8 11 9 6 5 6 6 7 4 4 4 5 4 5 8 4 2 6 3 8 7 6 5 9 6 9 7 7 5 3 7 7 5 9 10 6 8 4 7 3 7 5 6 7 5 5 4 6 5 6 7 8 6 2 7 10 6 7 4 5 9 8 8 12 10 7 8 7 9 6 5 9 8 7 5 8 6 5 10 5 6 7 4 7 6 7 7 8 6 6 9 5 
10 14 0 4 6 3 6 8 10 13 5 7 10 10 7 14 4 9 11 7 8 5 10 11 8 9 7 11 11 11 11 8 5 9 14 7 5 12 7 10 7 12 13 11 7 8 7 12 11 11 12 6 6 16 10 13 4 8 6 9 0 8 10 6 3 7 6 13 8 10 11 13 5 8 12 9 8 9 8 8 6 6 12 10 7 10 7 11 9 6 10 8 9 11 9 9 10 7 10 10 13 12 8 8 7 10 9 12 9 9 6 6 7 8 8 8 6 4 9 5 8 9 2 7 10 10 5 6 11 9 9 7 8 3 7 5 12 11 14 5 9 4 7 9 7 10 10 5 9 7 10 8 6 11 5 14 7 9 3 5 8 12 8 5 9 8 8 11 5 10 12 7 12 9 7 11 11 8 6 11 10 10 9 5 9 6 12 12 8 9 10 9 6 8 9 9 8 6 9 4 
1 0 1 0 1 1 1 1 1 1 1 1 1 1 1 1 1 1 1 1 1 1 1 1 0 1 1 1 1 1 1 0 2 1 1 1 1 1 1 1 1 1 1 1 1 1 1 2 1 1 1 1 1 1 0 1 1 1 1 1 1 1 1 1 1 1 1 1 1 1 2 1 1 1 1 1 1 1 1 1 1 1 1 1 0 0 1 1 1 2 1 1 1 1 1 1 1 0 0 0 1 1 1 1 1 1 0 1 1 1 1 1 1 1 1 1 2 1 1 1 1 1 1 0 1 1 1 1 1 1 1 1 1 1 1 1 1 2 1 1 1 0 1 1 1 1 1 1 2 1 1 1 1 1 1 1 1 1 1 1 2 2 1 1 1 1 1 1 1 1 1 1 1 1 1 1 1 1 1 1 1 1 1 0 1 1 1 1 1 1 1 1 1 1 1 1 1 1 1 1 
9 14 9 7 13 7 6 7 11 8 10 14 7 11 10 12 9 1 13 7 2 15 8 11 14 7 5 14 8 15 8 6 11 6 13 3 12 9 14 7 12 13 11 6 5 9 6 12 13 9 10 8 13 8 7 9 7 7 11 8 6 12 12 9 13 7 8 10 4 2 6 5 7 13 9 13 4 7 10 9 10 11 10 10 14 4 12 7 9 11 8 13 8 9 4 8 10 10 9 6 6 10 12 7 6 7 14 6 8 10 10 10 12 14 10 12 5 12 8 9 9 3 8 13 11 6 12 11 12 12 10 8 3 8 4 5 14 12 6 6 10 9 10 6 10 9 12 5 7 15 8 7 10 13 6 7 6 13 6 11 2 8 7 8 9 10 5 7 3 7 7 10 9 13 7 8 5 6 4 5 9 8 11 11 12 8 11 14 5 3 12 11 9 8 14 12 11 6 6 7 
5 3 6 5 4 4 6 4 4 3 5 5 5 4 5 3 4 5 6 3 5 5 4 5 5 7 4 2 5 3 4 2 3 3 4 3 5 4 5 5 5 3 4 4 2 5 5 5 7 5 4 6 4 2 4 4 4 5 4 4 4 6 5 4 6 6 5 5 6 7 4 5 3 4 5 5 4 5 3 4 3 5 5 3 5 3 3 5 4 4 5 4 4 4 3 5 3 5 3 3 3 3 4 4 2 1 5 5 4 3 6 4 2 3 2 3 5 6 3 3 5 6 6 8 5 7 6 5 5 5 5 6 3 7 5 4 2 1 6 3 4 3 4 5 5 1 4 3 4 5 2 7 4 6 4 3 1 4 4 3 3 2 5 5 4 2 3 3 5 2 3 5 2 3 4 2 5 2 6 3 6 6 4 3 5 6 2 4 6 3 5 5 3 1 1 2 5 5 0 4 
10 8 5 10 6 6 11 8 8 6 9 9 7 11 7 9 9 8 7 9 9 9 5 9 5 9 6 6 9 11 9 8 12 10 12 7 9 8 6 5 11 8 7 4 7 7 3 8 9 4 5 12 4 1 8 7 7 8 12 10 6 9 5 6 8 8 9 9 8 11 12 10 10 12 9 9 8 10 4 9 11 12 8 5 6 5 7 11 7 8 11 6 9 8 7 13 8 10 12 5 7 12 6 6 12 7 7 9 10 6 10 9 10 4 8 9 15 11 7 6 6 7 9 6 6 7 5 8 7 8 6 8 13 3 3 9 8 8 10 6 12 7 8 11 9 4 6 4 10 5 7 10 12 11 5 8 8 10 3 8 8 10 4 7 12 8 7 0 7 4 6 10 13 8 7 8 7 6 8 10 13 10 10 8 9 11 8 5 10 6 7 6 11 4 9 6 8 7 5 6 
1 1 1 1 1 1 1 1 1 1 1 1 1 1 1 1 1 1 1 1 2 2 2 2 1 1 1 1 1 1 1 1 1 1 1 1 1 2 1 0 2 1 1 1 1 1 1 1 1 1 1 1 1 1 1 1 1 1 1 1 1 1 1 1 0 1 1 1 1 1 1 1 1 1 2 1 1 1 1 1 1 1 1 1 1 1 1 1 1 1 1 0 1 0 1 1 1 1 1 1 1 1 2 1 1 1 1 0 1 1 1 2 1 2 2 1 1 1 2 1 1 1 1 1 1 1 1 1 2 1 1 1 1 1 1 1 1 1 1 0 1 1 2 1 1 1 1 1 1 1 0 1 1 1 1 1 2 0 1 1 1 1 1 1 1 1 1 1 1 1 1 2 2 1 1 1 1 1 1 1 1 1 1 0 1 1 1 1 1 2 1 1 1 1 1 1 1 1 1 1 
2 4 6 10 4 5 9 9 2 6 9 5 4 4 10 5 9 11 4 6 9 6 4 5 3 4 6 4 7 8 7 4 3 6 6 7 6 5 7 8 9 4 10 9 4 8 3 6 9 5 9 4 10 7 7 7 4 8 6 9 7 6 7 8 4 8 6 6 9 8 7 6 6 3 4 4 8 6 5 6 3 10 6 6 9 5 8 4 6 9 4 10 3 7 6 8 4 3 9 3 7 7 8 7 5 5 10 7 7 8 4 6 6 8 6 4 8 4 9 10 5 6 8 8 5 7 5 9 6 10 6 7 6 5 5 7 3 5 6 5 5 7 6 8 5 5 7 7 10 6 8 7 5 6 4 2 5 2 7 10 4 5 10 7 7 8 6 9 7 6 6 10 5 5 4 7 6 9 6 5 4 8 5 9 6 5 5 5 9 8 3 5 6 9 5 6 7 6 8 7 
16 10 15 15 17 9 9 9 8 4 10 9 13 7 17 14 5 15 10 1 6 13 15 10 10 14 10 4 12 11 11 11 9 4 18 12 8 8 0 5 11 7 5 10 7 12 12 9 10 10 11 14 7 10 7 13 6 12 14 9 6 11 9 8 11 9 9 11 8 11 9 8 11 11 10 10 2 6 7 6 12 12 12 14 12 12 13 13 13 13 11 14 7 12 8 9 7 10 9 14 8 5 8 16 7 9 16 16 14 7 14 7 14 8 7 9 13 12 10 11 7 10 12 12 15 12 9 8 11 8 7 10 10 13 11 16 7 12 10 8 10 8 12 11 7 6 8 12 10 3 10 14 5 5 7 5 5 10 15 14 13 8 16 12 8 13 12 14 11 5 16 12 12 9 12 19 15 12 13 11 14 11 6 6 12 13 6 10 9 8 11 13 12 9 8 11 7 10 12 12 
8 9 13 12 10 4 15 17 7 9 10 8 8 5 8 12 10 14 10 12 5 11 11 9 10 14 9 12 4 4 5 8 4 13 20 10 6 14 4 13 6 4 13 10 12 5 9 14 12 13 13 11 3 7 8 14 11 12 8 13 6 9 13 13 15 10 8 8 11 13 11 10 5 5 10 10 10 10 14 8 9 13 6 10 9 16 9 10 12 7 15 8 10 8 6 13 11 7 14 13 7 12 13 11 5 3 13 10 3 3 10 13 8 9 13 16 16 10 12 9 8 14 12 13 12 8 15 3 9 7 11 9 9 11 15 10 12 6 11 6 12 8 14 12 7 12 17 16 12 9 6 8 9 8 8 10 8 5 13 3 11 6 7 9 10 6 5 4 7 10 10 11 12 13 14 10 13 10 12 11 17 8 6 9 9 16 6 16 14 11 6 13 12 9 10 5 12 11 11 13 
2 3 1 1 2 1 2 1 3 2 2 3 2 1 2 1 2 2 3 2 2 3 2 3 3 2 2 2 2 1 2 2 2 2 2 2 2 1 2 1 2 2 2 3 2 1 3 2 2 1 3 2 3 0 1 3 2 2 3 2 2 1 2 1 2 1 1 2 1 1 1 1 1 2 2 1 2 3 2 2 1 2 2 2 2 1 2 2 2 3 2 2 2 2 2 1 2 1 2 1 3 1 1 3 2 1 2 3 2 2 1 0 3 3 3 2 1 2 1 3 2 2 2 2 2 2 2 3 2 1 2 2 2 2 1 2 1 2 2 3 2 2 1 2 3 1 2 2 2 2 2 2 2 1 2 1 3 2 1 1 2 3 1 3 2 2 1 3 1 2 3 1 2 2 2 3 2 3 3 3 1 4 1 3 1 2 1 2 2 2 3 3 3 3 0 2 2 3 2 1 
0 3 1 5 5 9 3 2 6 2 6 7 5 4 5 7 2 6 6 6 6 7 6 6 6 6 7 5 6 9 7 4 4 2 5 4 3 4 4 7 4 6 5 7 8 5 5 4 5 6 5 3 5 7 5 6 5 4 6 3 4 8 7 7 7 6 4 5 6 5 5 5 3 3 3 5 6 4 7 1 6 5 5 4 0 3 4 7 10 4 6 5 6 7 2 7 3 7 7 5 4 3 5 3 6 7 5 7 4 3 1 6 4 8 6 7 5 3 5 4 7 4 3 5 6 5 6 6 6 4 6 7 6 5 4 6 4 6 8 5 7 9 5 5 4 6 6 3 4 6 6 7 5 7 8 4 8 5 4 9 3 5 5 2 6 5 6 5 7 6 7 3 3 6 3 4 4 5 4 7 8 2 7 6 2 5 5 4 4 4 5 8 7 6 4 2 5 3 8 3 
1 2 3 2 2 2 2 4 3 1 2 1 1 2 2 2 2 2 3 2 3 3 2 1 3 2 1 3 2 1 2 1 2 3 1 2 3 3 2 2 2 2 2 2 2 2 2 1 2 2 3 1 1 2 3 3 2 2 1 2 2 3 3 3 2 3 2 3 2 2 1 3 2 2 2 3 2 1 3 3 2 2 2 2 1 2 2 3 2 1 1 0 2 2 1 2 3 2 1 2 0 1 2 1 2 2 1 3 2 1 1 1 2 2 2 1 2 2 3 2 1 2 2 3 2 3 2 3 0 2 1 2 2 2 3 2 2 2 2 2 2 3 2 3 2 2 2 2 2 2 3 2 3 1 2 2 2 3 2 2 2 3 1 2 1 2 3 2 3 1 1 1 2 2 2 2 2 3 3 2 2 2 3 3 1 3 1 2 3 2 2 2 1 2 1 2 2 1 2 3 
1 1 1 1 1 0 1 1 1 1 2 1 1 1 0 1 0 0 1 1 1 0 1 1 1 1 1 1 1 1 1 1 1 0 1 1 1 1 1 1 1 0 0 1 1 0 1 1 1 1 1 1 1 1 0 1 0 1 1 1 1 1 1 1 1 1 1 1 1 1 1 1 1 1 1 1 1 1 1 2 1 1 1 1 1 1 1 1 0 1 1 1 1 1 1 1 1 2 1 1 2 1 1 1 1 1 1 1 1 1 1 1 1 1 1 1 2 1 1 1 1 0 1 1 1 1 1 1 1 2 1 1 0 0 1 1 1 1 1 1 1 0 1 1 1 1 2 1 1 1 1 1 1 1 1 1 1 1 1 0 1 1 1 1 1 1 1 1 1 1 1 1 1 1 1 1 1 2 0 0 1 1 1 1 1 1 1 1 1 1 1 1 1 1 1 1 1 1 1 1 
5 3 5 7 5 7 7 5 7 8 4 4 8 5 2 5 4 7 6 3 5 3 2 6 8 7 4 4 8 3 5 1 6 3 4 4 6 7 3 2 5 9 3 2 6 4 4 4 6 3 4 8 7 3 5 5 5 4 5 4 2 5 5 7 4 6 7 5 4 5 1 6 5 5 6 2 8 5 3 7 5 5 5 7 4 7 6 4 6 4 4 3 3 2 3 4 7 4 7 5 5 3 5 8 7 4 8 4 6 3 2 6 5 5 4 4 4 5 4 6 3 6 4 5 3 1 5 6 7 7 6 6 4 6 2 5 6 7 4 5 3 3 6 2 5 6 5 8 7 6 5 6 6 5 4 8 6 5 6 4 5 5 5 6 7 5 6 1 4 3 5 7 2 1 5 5 6 4 8 5 5 7 5 3 4 7 5 8 6 5 2 6 3 7 6 5 5 5 5 7 
2 3 6 3 5 2 5 5 4 5 4 4 6 5 1 3 2 5 4 3 4 5 2 2 7 4 3 5 3 5 2 4 5 2 3 6 5 3 4 2 3 5 3 1 4 5 1 4 5 4 5 5 3 6 2 4 5 7 5 2 5 3 7 2 4 3 4 4 3 4 4 3 5 4 3 4 5 3 4 1 5 6 4 5 4 4 5 3 5 4 4 5 3 5 2 2 6 3 4 4 4 4 4 6 3 3 4 3 5 6 4 4 5 4 5 4 3 4 3 6 4 5 3 3 4 2 2 3 3 2 4 3 4 2 4 3 4 4 5 4 6 4 4 5 4 3 7 4 5 4 6 2 5 5 2 3 4 6 5 3 4 5 7 5 3 2 2 3 4 6 4 6 3 5 5 5 5 5 2 4 3 6 6 4 3 3 3 2 4 4 2 5 4 2 6 4 4 4 4 4 
9 7 14 8 11 8 5 11 7 12 11 8 6 3 4 13 6 4 8 12 8 9 11 7 6 9 6 7 9 10 6 9 6 8 6 9 7 6 2 7 5 2 5 9 4 9 10 9 8 5 12 11 7 6 10 5 13 4 9 16 8 9 7 5 6 3 7 4 7 6 11 6 13 4 11 11 11 7 5 9 8 4 12 8 5 6 7 12 7 6 7 10 9 9 6 9 10 6 5 8 5 4 6 9 11 7 9 7 8 10 16 8 9 6 4 9 7 5 6 8 10 7 5 9 13 5 7 12 5 7 7 7 2 9 8 12 11 2 9 11 5 7 7 6 6 4 6 8 6 9 12 7 11 10 15 9 8 7 7 3 12 7 8 4 7 11 8 6 10 8 7 16 11 8 8 6 9 1 3 13 7 9 8 12 9 8 9 9 8 5 5 10 7 7 8 5 8 8 9 6 
4 6 9 7 9 5 6 9 6 5 2 8 4 7 4 0 8 6 5 7 3 7 7 8 5 5 6 4 7 3 6 7 8 7 6 8 6 6 7 6 2 8 8 6 6 8 5 6 6 6 8 5 8 10 3 3 6 8 6 6 8 9 8 5 6 8 4 4 7 5 5 10 4 5 7 5 9 3 5 5 9 7 7 8 6 6 5 4 7 7 5 7 4 8 6 6 8 5 6 7 6 6 3 8 5 4 7 7 6 7 5 6 6 4 7 8 6 6 4 3 5 7 5 7 2 6 4 6 6 5 9 5 6 9 3 3 4 8 1 8 6 6 7 7 4 7 4 6 7 6 7 7 6 8 3 5 3 3 5 9 3 7 8 7 4 10 7 8 4 13 6 6 6 3 7 7 4 10 5 8 9 6 8 5 6 7 6 7 5 9 8 6 8 7 9 4 8 4 3 5 
