NAME  : Jabali_60_3_0.85_1_0
TYPE : SVRP
MODEL : FINITE_SUPPORT
NUMBER_OF_SCENARIOS : 200
DIMENSION : 60
EDGE_WEIGHT_TYPE : MATRIX
CAPACITY : 138
N_VEHICLES : 3
NODE_COORD_SECTION
1 3051 3399
2 4683 3466
3 1935 6610
4 619 4804
5 3556 2526
6 2532 3026
7 6203 137
8 5154 2361
9 3799 1811
10 833 4177
11 5358 3664
12 1303 3870
13 6460 3845
14 5726 4379
15 3901 4389
16 6554 18
17 3365 6892
18 4034 3850
19 853 6501
20 6074 914
21 2943 4991
22 1624 2620
23 5606 1849
24 1193 5446
25 3287 3862
26 6568 1954
27 5883 1684
28 6655 3922
29 4167 1273
30 6645 1232
31 27 5867
32 7027 4565
33 352 3995
34 5662 723
35 2267 3020
36 4714 1457
37 6577 1674
38 3522 3974
39 1529 4480
40 7101 2807
41 5936 4140
42 6246 3519
43 2970 4043
44 1209 6183
45 5923 5251
46 3265 5652
47 1701 3300
48 4358 1083
49 1862 3752
50 8133 1964
51 5090 1066
52 2071 4892
53 5779 4784
54 3836 6159
55 5987 1056
56 1449 4222
57 2388 2444
58 5504 5403
59 2824 5667
60 2786 4590
DEMAND_SECTION
1 0.0
2 10.0
3 4.0
4 4.0
5 7.0
6 2.0
7 4.0
8 9.0
9 9.0
10 1.0
11 4.0
12 7.0
13 5.0
14 8.0
15 6.0
16 2.0
17 10.0
18 8.0
19 3.0
20 5.0
21 1.0
22 5.0
23 6.0
24 9.0
25 3.0
26 8.0
27 8.0
28 5.0
29 6.0
30 5.0
31 8.0
32 8.0
33 4.0
34 4.0
35 6.0
36 3.0
37 6.0
38 9.0
39 7.0
40 2.0
41 9.0
42 4.0
43 9.0
44 8.0
45 8.0
46 8.0
47 8.0
48 10.0
49 2.0
50 10.0
51 8.0
52 8.0
53 9.0
54 4.0
55 9.0
56 10.0
57 4.0
58 2.0
59 2.0
60 1.0
DEVIATION_SECTION
1 0.0
2 3.33333
3 1.33333
4 1.33333
5 2.33333
6 0.666667
7 1.33333
8 3.0
9 3.0
10 0.333333
11 1.33333
12 2.33333
13 1.66667
14 2.66667
15 2.0
16 0.666667
17 3.33333
18 2.66667
19 1.0
20 1.66667
21 0.333333
22 1.66667
23 2.0
24 3.0
25 1.0
26 2.66667
27 2.66667
28 1.66667
29 2.0
30 1.66667
31 2.66667
32 2.66667
33 1.33333
34 1.33333
35 2.0
36 1.0
37 2.0
38 3.0
39 2.33333
40 0.666667
41 3.0
42 1.33333
43 3.0
44 2.66667
45 2.66667
46 2.66667
47 2.66667
48 3.33333
49 0.666667
50 3.33333
51 2.66667
52 2.66667
53 3.0
54 1.33333
55 3.0
56 3.33333
57 1.33333
58 0.666667
59 0.666667
60 0.333333
DISTANCE_MATRIX
0.0 39.0 36.7463 38.098 18.6023 10.7703 58.095 37.4005 23.0238 42.2371 47.2017 20.2495 40.5216 56.7274 45.1141 62.1333 38.9102 39.0689 45.1988 53.6251 15.8114 16.2111 46.8867 36.5574 6.32456 53.4886 49.329 42.45 30.0792 47.3003 50.4813 69.3397 49.7307 48.6131 13.3417 33.83 56.0247 39.1106 42.4264 60.1703 56.4004 37.3363 37.108 39.6418 39.3192 23.7065 23.5372 33.0654 29.2746 61.4003 41.1484 49.0 60.2096 31.241 53.204 35.9158 17.4642 35.9026 23.7697 44.7214 
39.0 0.0 74.7906 50.3948 20.6155 41.6491 51.4782 18.088 28.2488 44.9222 9.21954 50.2845 67.4799 17.8045 15.8114 55.4617 77.7647 10.0 69.3729 38.9102 54.4951 52.1421 26.3076 55.7726 44.5533 31.1127 28.6356 69.4229 34.7131 55.4437 67.3776 31.3847 50.1597 41.1296 42.0384 33.0606 33.3017 16.1245 38.4838 30.6757 17.8885 63.127 22.3607 64.7124 73.3553 62.6155 36.1424 37.6563 33.4192 75.4255 43.0116 37.0135 21.2603 70.2311 37.5766 42.7998 39.0499 71.3442 62.2415 27.6586 
36.7463 74.7906 0.0 30.8869 54.215 37.973 92.4398 73.829 59.77 41.3401 82.9927 35.4951 63.7024 89.2432 67.6496 95.087 21.0238 66.7182 13.1529 90.3713 22.8473 40.6484 83.6329 19.8494 35.4401 89.917 86.0752 65.0692 66.8254 79.2269 26.0768 105.154 46.0977 85.3594 41.1353 70.5763 92.7709 61.2638 48.4149 96.5743 92.191 62.6259 56.3658 11.7047 53.0094 21.2132 44.5225 69.8116 41.6506 90.2109 73.888 57.6281 90.3843 26.8328 89.9502 36.6754 49.3402 48.0104 16.4012 59.7004 
38.098 50.3948 30.8869 0.0 49.9762 37.2114 92.3735 64.0398 57.3023 10.6301 59.0762 17.8885 76.9675 64.2806 41.7732 96.4118 50.0 42.0119 22.0227 84.9943 36.5305 39.8869 72.2593 14.0 41.5933 79.6886 74.7017 78.7909 64.3576 88.8433 17.0294 79.3095 15.5242 82.8916 30.5941 68.1085 81.3044 36.1248 18.6011 80.9403 66.0681 74.2428 30.4138 19.4165 71.8053 42.0 20.3961 67.3439 17.1172 99.1364 75.4269 27.6586 64.9384 51.0882 83.631 16.4012 32.9889 67.2801 37.054 31.7805 
18.6023 20.6155 54.215 49.9762 0.0 21.2514 51.3811 23.2036 16.4222 41.4898 29.1548 35.7829 52.0384 38.4187 26.9258 55.4194 57.3671 20.6155 68.5324 44.1581 34.0974 31.7445 31.4231 54.9321 24.2074 39.2916 33.8655 54.037 23.4776 47.9632 66.7416 51.4782 47.4017 41.8992 21.6407 26.9072 40.5612 21.095 36.1591 45.0999 38.2753 48.0 23.3452 63.8719 55.0273 42.2178 30.0033 26.4638 29.7616 66.9198 34.5468 38.3356 41.7253 49.8334 42.7949 41.9592 18.6522 52.3927 41.8439 31.4006 
10.7703 41.6491 37.973 37.2114 21.2514 0.0 63.6419 40.9438 28.5707 31.7122 49.8513 19.363 51.2445 59.4038 38.3238 67.6802 42.1296 36.4768 49.2711 57.8761 19.0525 15.3246 49.1633 35.6708 16.1245 57.0318 51.6057 53.1601 35.626 57.556 49.5947 72.0124 39.2058 54.16 3.16228 39.3769 58.3014 31.3861 32.0624 63.6393 59.0495 48.1041 29.0689 44.6106 49.0102 27.5378 13.0384 38.6123 19.0 71.8471 46.6953 39.2046 60.3238 36.3246 57.4549 25.3909 12.53 45.1774 26.0476 36.0555 
58.095 51.4782 92.4398 92.3735 51.3811 63.6419 0.0 35.4384 39.0712 91.8087 50.448 77.2758 42.9535 58.4209 67.088 4.24264 85.3894 60.5152 100.892 12.6491 69.3181 73.2374 25.5539 93.5837 57.6696 25.02 22.8473 43.8292 30.8707 16.1245 107.508 59.5399 97.7206 11.3137 63.904 24.6152 22.0227 65.6793 86.478 37.855 55.2268 39.5601 71.2079 95.3353 57.8705 72.7495 72.4006 29.7321 80.0805 30.8707 20.3961 86.8406 63.3877 74.1688 13.9284 84.3565 61.0495 59.6657 76.2388 77.8549 
37.4005 18.088 73.829 64.0398 23.2036 40.9438 35.4384 0.0 19.6433 58.3703 19.2483 55.4751 55.7149 29.1603 33.6497 39.4708 76.0267 27.0768 82.596 22.9545 53.2015 51.4367 10.2195 68.9957 41.3113 18.088 12.6619 57.4382 23.2036 40.0128 80.8052 37.2353 64.2822 25.0416 41.3331 18.4642 19.3576 32.241 53.0096 24.7697 27.0 51.2691 37.7696 77.9355 65.3508 60.808 49.3654 25.6982 46.6422 60.0339 28.4591 53.4023 33.9848 67.1891 21.5913 56.0228 38.3446 63.871 61.1664 44.4166 
23.0238 28.2488 59.77 57.3023 16.4222 28.5707 39.0712 19.6433 0.0 55.5895 33.9061 42.2046 43.2311 44.19 40.0132 43.1095 60.8218 33.0 75.8584 34.6013 38.4966 38.1662 27.8629 62.2581 26.0416 35.7313 30.3052 45.1741 11.0554 35.541 76.182 54.3259 63.0983 29.5894 28.9668 14.8062 37.0009 35.541 52.2196 42.413 42.8044 38.8782 39.0 71.1979 49.7074 45.6807 37.3293 14.0416 41.8706 54.4976 22.1246 54.3927 48.5296 51.6588 34.1802 49.2853 25.9783 48.2277 46.5533 46.9222 
42.2371 44.9222 41.3401 10.6301 41.4898 31.7122 91.8087 58.3703 55.5895 0.0 53.1507 24.0208 82.1412 57.0351 34.0 95.8411 59.808 35.6931 32.5576 79.3248 44.0114 44.9026 66.5899 23.0868 46.673 74.0191 69.0322 84.0067 62.6448 87.1305 25.632 72.0069 7.61577 82.4644 28.8985 66.3957 75.6349 29.4279 8.544 75.5844 59.2115 79.4042 23.1948 30.0 78.5175 50.5093 18.7005 65.631 14.1421 101.836 73.7141 17.2047 57.0789 59.9582 77.9616 18.9737 31.1448 74.2428 46.0376 22.561 
47.2017 9.21954 82.9927 59.0762 29.1548 49.8513 50.448 19.2483 33.9061 53.1507 0.0 58.9736 72.6267 10.2956 21.095 54.1202 85.9669 17.4642 78.062 37.855 62.6972 60.3443 27.0185 64.4617 52.4976 27.2947 28.1603 74.35 39.3954 57.0351 76.0666 22.3607 57.8705 41.1947 50.2406 35.6931 29.9666 23.7697 46.1736 23.3238 9.21954 68.1809 30.0832 73.4015 79.6116 70.8176 44.8314 42.1545 42.1082 77.0065 45.7056 43.4166 14.8661 78.4092 36.6742 51.4888 47.252 78.0064 70.4437 34.0 
20.2495 50.2845 35.4951 17.8885 35.7829 19.363 77.2758 55.4751 42.2046 24.0208 58.9736 0.0 59.0931 64.5845 42.996 81.3141 39.7154 42.0595 29.9249 72.8059 20.0998 22.0384 63.6946 16.3246 23.7065 71.5631 66.137 60.9262 49.2599 67.3777 30.2485 79.5414 31.257 67.7939 22.5252 53.0108 72.8327 36.6052 27.8927 78.1537 66.1225 56.356 31.7648 25.2643 54.5894 27.2029 19.8638 52.2462 17.0009 81.2879 60.3292 36.4005 65.7256 36.6879 72.3847 7.81025 30.7302 50.2494 23.4911 36.0251 
40.5216 67.4799 63.7024 76.9675 52.0384 51.2445 42.9535 55.7149 43.2311 82.1412 72.6267 59.0931 0.0 82.7741 78.5175 44.5982 50.9902 71.7008 74.411 46.0977 42.8019 55.2385 49.7882 75.2013 35.4683 58.7282 49.887 2.0 50.2864 26.9258 84.7742 90.7972 89.6551 40.4599 53.8516 37.7359 56.5685 73.1095 82.7647 72.4576 80.7145 4.47214 75.0267 69.029 16.0 42.5206 64.0312 30.9096 69.6348 27.8568 29.0689 88.6848 87.4901 39.8246 46.0109 63.3558 55.1453 19.4165 47.3814 83.0542 
56.7274 17.8045 89.2432 64.2806 38.4187 59.4038 58.4209 29.1603 44.19 57.0351 10.2956 64.5845 82.7741 0.0 23.0868 61.8142 95.5194 22.561 83.6729 46.0977 72.2498 69.8968 36.4966 70.0726 62.2415 33.9559 37.054 84.4974 49.6588 66.3702 81.3019 15.0333 60.6712 50.01 55.9416 45.6245 36.8782 28.1603 49.2544 25.807 3.60555 78.3284 34.0147 79.0124 89.8888 80.3702 50.458 52.3927 47.676 86.209 55.6193 44.643 5.0 87.9857 45.0444 57.0998 56.8046 88.2326 80.6199 35.6931 
45.1141 15.8114 67.6496 41.7732 26.9258 38.3238 67.088 33.6497 40.0132 34.0 21.095 42.996 78.5175 23.0868 0.0 71.1196 80.3347 7.07107 62.0322 54.5894 57.2576 53.5296 41.8692 48.479 50.7346 46.7547 44.2945 80.5047 47.0425 69.857 58.6941 38.0132 37.6563 56.6913 35.2485 47.2969 49.0408 7.07107 26.1725 44.4185 25.4951 74.3303 11.4018 57.4188 81.9085 65.7428 29.6816 50.04 26.0 89.627 56.8859 22.3607 23.1948 74.3633 53.2353 35.5113 45.164 79.1255 64.2527 13.0 
62.1333 55.4617 95.087 96.4118 55.4194 67.6802 4.24264 39.4708 43.1095 95.8411 54.1202 81.3141 44.5982 61.8142 71.1196 0.0 88.3361 64.5476 103.839 16.5529 72.2648 77.2757 29.6816 97.622 60.6163 28.0713 26.8328 45.31 34.8855 17.72 111.546 62.2013 101.753 15.5563 67.9424 28.6535 25.0799 69.7118 90.5105 40.3113 58.5491 41.4849 75.2403 98.282 59.9083 75.6963 76.4389 33.6155 84.113 29.6816 24.0416 90.8731 66.7533 77.1155 17.8885 88.3949 65.0878 61.9839 79.1855 81.8874 
38.9102 77.7647 21.0238 50.0 57.3671 42.1296 85.3894 76.0267 60.8218 59.808 85.9669 39.7154 50.9902 95.5194 80.3347 88.3361 0.0 78.4876 34.1321 84.9736 23.3238 44.805 84.6846 36.7696 34.7851 92.5531 87.127 51.8845 67.8771 72.0069 47.0956 108.128 65.521 79.5799 45.2919 71.628 93.8226 73.3969 66.103 98.7964 95.1652 51.264 71.4079 32.1403 37.2022 15.2315 59.5069 68.3621 56.644 78.7909 67.1372 75.2838 98.9743 11.4018 91.002 47.2242 53.4968 32.45 16.2788 75.6682 
39.0689 10.0 66.7182 42.0119 20.6155 36.4768 60.5152 27.0768 33.0 35.6931 17.4642 42.0595 71.7008 22.561 7.07107 64.5476 78.4876 0.0 61.1479 48.0208 55.0337 51.6826 35.2964 47.5476 44.6894 41.0366 37.7359 73.6817 40.0125 62.8172 59.0339 37.4833 40.4969 50.1184 33.4014 40.2616 43.1393 6.32456 28.7924 40.3113 24.0832 67.4759 12.6491 56.4874 75.6108 63.3725 27.9178 43.0116 25.1794 82.5651 49.8197 27.0185 24.1661 70.2999 46.6681 34.5748 39.1188 73.0068 62.4057 17.6918 
45.1988 69.3729 13.1529 22.0227 68.5324 49.2711 100.892 82.596 75.8584 32.5576 78.062 29.9249 74.411 83.6729 62.0322 103.839 34.1321 61.1479 0.0 103.55 31.8277 51.9466 90.8155 17.0 43.8925 98.2448 93.2579 75.9276 75.2779 87.9788 13.0 98.6298 35.805 93.8118 52.4334 86.6647 99.8606 55.6782 40.6079 99.9184 85.211 72.8354 50.6952 6.32456 65.0 32.7567 38.9523 78.2641 36.0555 99.9289 82.64 49.679 84.814 39.5601 102.187 31.1052 51.5451 60.0333 27.4591 53.3385 
53.6251 38.9102 90.3713 84.9943 44.1581 57.8761 12.6491 22.9545 34.6013 79.3248 37.855 72.8059 46.0977 46.0977 54.5894 16.5529 84.9736 48.0208 103.55 0.0 69.0979 68.7675 13.4536 89.9502 56.643 13.9284 10.2956 47.4236 26.4009 22.3607 103.874 48.5077 85.2367 5.65685 58.722 20.1453 11.1803 53.1955 73.9942 27.7308 43.0116 42.0119 58.7241 98.89 59.1692 76.282 67.0846 25.4247 67.5967 41.0 17.8885 74.3568 51.0882 73.753 1.41421 76.9773 55.7335 60.0378 77.1547 65.3711 
15.8114 54.4951 22.8473 36.5305 34.0974 19.0525 69.3181 53.2015 38.4966 44.0114 62.6972 20.0998 42.8019 72.2498 57.2576 72.2648 23.3238 55.0337 31.8277 69.0979 0.0 21.7279 62.3594 23.7676 13.0384 70.2279 64.8018 44.4072 45.552 56.4047 42.0162 84.8584 51.0392 64.0859 22.2148 49.3028 71.4975 50.3198 47.8539 75.9713 71.8955 41.0366 48.0691 26.2724 35.4401 8.48528 39.3043 48.5382 36.4413 68.1175 51.0659 56.0456 75.7047 17.4929 68.6768 26.9258 30.4138 30.8058 8.06226 55.1072 
16.2111 52.1421 40.6484 39.8869 31.7445 15.3246 73.2374 51.4367 38.1662 44.9026 60.3443 22.0384 55.2385 69.8968 53.5296 77.2757 44.805 51.6826 51.9466 68.7675 21.7279 0.0 59.6562 38.3463 19.7703 67.5247 62.0986 57.1041 45.2215 63.3393 52.2702 82.5054 52.4166 63.7555 18.4868 48.9724 68.7943 46.5919 29.0 74.1153 69.5426 52.382 44.3412 47.2861 52.0116 30.2132 28.0263 48.2077 34.0799 77.2495 56.2908 54.3982 73.3517 39.0 68.3463 26.1172 26.6918 48.0512 28.7231 51.3792 
46.8867 26.3076 83.6329 72.2593 31.4231 49.1633 25.5539 10.2195 27.8629 66.5899 27.0185 63.6946 49.7882 36.4966 41.8692 29.6816 84.6846 35.2964 90.8155 13.4536 62.3594 59.6562 0.0 77.2152 49.9045 14.3178 4.12311 51.2575 31.4231 30.0167 89.0247 42.5441 72.5018 14.8661 49.5526 26.6838 14.0 40.4605 61.2592 25.807 33.9559 59.3095 45.9891 86.155 75.5951 69.5435 57.9152 33.9177 54.8617 50.0 20.9637 61.6218 41.4367 75.5217 12.0416 64.2424 46.5641 76.4512 70.4162 52.6361 
36.5574 55.7726 19.8494 14.0 54.9321 35.6708 93.5837 68.9957 62.2581 23.0868 64.4617 16.3246 75.2013 70.0726 48.479 97.622 36.7696 47.5476 17.0 89.9502 23.7676 38.3463 77.2152 0.0 39.94 84.6445 79.6576 77.0069 65.5678 83.6855 21.4009 85.0295 29.2746 87.8475 38.8331 73.0644 86.2603 42.0933 29.3463 86.3181 71.6107 72.5665 37.1953 11.1803 58.6077 28.0 25.352 68.554 22.48 97.5958 76.6371 38.527 71.2137 37.1214 88.5869 17.5049 37.9447 53.8459 23.0868 40.5298 
6.32456 44.5533 35.4401 41.5933 24.2074 16.1245 57.6696 41.3113 26.0416 46.673 52.4976 23.7065 35.4683 62.2415 50.7346 60.6163 34.7851 44.6894 43.8925 56.643 13.0384 19.7703 49.9045 39.94 0.0 57.773 52.3469 37.3363 33.097 44.7562 53.8639 74.4043 54.1869 51.631 19.0263 36.8479 59.0425 44.4822 48.1664 64.081 61.7171 32.6497 43.4166 38.3356 33.1361 19.6469 29.1548 36.0832 35.0571 58.0517 39.4174 55.0364 65.7951 26.0768 56.2218 27.8876 23.7697 29.6142 21.0 50.9902 
53.4886 31.1127 89.917 79.6886 39.2916 57.0318 25.02 18.088 35.7313 74.0191 27.2947 71.5631 58.7282 33.9559 46.7547 28.0713 92.5531 41.0366 98.2448 13.9284 70.2279 67.5247 14.3178 84.6445 57.773 0.0 10.7703 60.208 38.401 36.2491 96.454 34.7131 79.925 19.2354 57.4211 32.1454 3.0 46.8615 68.5055 13.8924 30.5941 54.497 52.8015 93.5842 71.2552 77.412 65.0142 37.4249 62.291 54.8179 29.9141 68.0147 38.833 83.3902 13.4164 71.6716 54.4326 72.1112 78.2847 58.7282 
49.329 28.6356 86.0752 74.7017 33.8655 51.6057 22.8473 12.6619 30.3052 69.0322 28.1603 66.137 49.887 37.054 44.2945 26.8328 87.127 37.7359 93.2579 10.2956 64.8018 62.0986 4.12311 79.6576 52.3469 10.7703 0.0 51.3563 29.5494 29.4279 91.4671 41.6293 74.9441 13.0384 51.995 23.2938 10.0499 42.9029 63.6715 23.3452 34.2345 45.6454 48.4315 88.5974 62.4035 71.9859 60.3575 28.5732 57.3041 49.163 21.0625 64.0642 42.0476 77.9641 8.94427 66.6847 49.0065 63.2596 72.8586 55.0785 
42.45 69.4229 65.0692 78.7909 54.037 53.1601 43.8292 57.4382 45.1741 84.0067 74.35 60.9262 2.0 84.4974 80.5047 45.31 51.8845 73.6817 75.9276 47.4236 44.4072 57.1041 51.2575 77.0069 37.3363 60.208 51.3563 0.0 52.2295 27.7308 86.3593 92.6002 91.5206 41.7732 55.7853 39.4462 58.0 75.1066 84.7231 73.9269 82.4378 6.32456 77.026 70.6045 16.1245 43.8634 65.9697 32.6329 71.5891 27.2029 30.6105 90.6697 89.2134 40.8167 47.3814 65.2213 57.1402 19.9249 48.7955 85.0529 
30.0792 34.7131 66.8254 64.3576 23.4776 35.626 30.8707 23.2036 11.0554 62.6448 39.3954 49.2599 50.2864 49.6588 47.0425 34.8855 67.8771 40.0125 75.2779 26.4009 45.552 45.2215 31.4231 65.5678 33.097 38.401 29.5494 52.2295 0.0 25.2389 79.4917 58.4389 70.1537 21.3889 35.8882 9.05539 36.2495 42.5964 61.6102 45.9733 47.8853 45.9336 46.0554 69.7209 56.7628 52.736 44.3847 3.0 48.926 43.6578 12.0416 61.4514 54.231 58.7142 25.9797 56.3407 33.0336 55.2831 53.6087 53.9775 
47.3003 55.4437 79.2269 88.8433 47.9632 57.556 16.1245 40.0128 35.541 87.1305 57.0351 67.3777 26.9258 66.3702 69.857 17.72 72.0069 62.8172 87.9788 22.3607 56.4047 63.3393 30.0167 83.6855 44.7562 36.2491 29.4279 27.7308 25.2389 0.0 97.6094 70.5195 94.6393 17.088 59.4221 22.561 33.541 66.4078 83.7461 50.0899 63.6396 23.7697 70.3847 82.4219 42.2019 59.7746 68.8703 22.8035 73.4117 20.025 13.4164 85.9069 71.3442 60.6712 22.8473 80.8263 57.5193 44.4072 63.3246 78.1857 
50.4813 67.3776 26.0768 17.0294 66.7416 49.5947 107.508 80.8052 76.182 25.632 76.0666 30.2485 84.7742 81.3019 58.6941 111.546 47.0956 59.0339 13.0 103.874 42.0162 52.2702 89.0247 21.4009 53.8639 96.454 91.4671 86.3593 79.4917 97.6094 0.0 96.3328 26.4008 101.771 52.757 86.9883 98.0698 53.1507 34.176 98.1276 83.0963 83.0498 47.3814 16.1555 76.4853 44.3847 37.1615 82.4779 34.0147 110.116 90.561 42.4853 81.8841 51.923 102.511 31.3209 49.7542 71.5891 39.0 48.0833 
69.3397 31.3847 105.154 79.3095 51.4782 72.0124 59.5399 37.2353 54.3259 72.0069 22.3607 79.5414 90.7972 15.0333 38.0132 62.2013 108.128 37.4833 98.6298 48.5077 84.8584 82.5054 42.5441 85.0295 74.4043 34.7131 41.6293 92.6002 58.4389 70.5195 96.3328 0.0 75.4255 53.4509 72.4017 53.6996 37.6563 43.1856 64.1249 22.0 13.6015 86.3253 49.0408 93.9693 100.033 92.9624 65.4008 60.9335 62.6498 89.4986 62.6904 59.0339 15.5242 100.439 47.8017 72.0566 69.4132 98.5536 92.6048 50.3587 
49.7307 50.1597 46.0977 15.5242 47.4017 39.2058 97.7206 64.2822 63.0983 7.61577 57.8705 31.257 89.6551 60.6712 37.6563 101.753 65.521 40.4969 35.805 85.2367 51.0392 52.4166 72.5018 29.2746 54.1869 79.925 74.9441 91.5206 70.1537 94.6393 26.4008 75.4255 0.0 88.3763 36.3921 73.2477 81.5414 34.176 11.7047 80.7775 63.1506 86.8978 27.8568 34.4384 85.8429 57.1456 26.194 73.1399 21.4009 109.33 81.2229 17.2627 60.1332 66.3702 83.8735 26.5707 38.4187 81.4985 52.345 25.0799 
48.6131 41.1296 85.3594 82.8916 41.8992 54.16 11.3137 25.0416 29.5894 82.4644 41.1947 67.7939 40.4599 50.01 56.6913 15.5563 79.5799 50.1184 93.8118 5.65685 64.0859 63.7555 14.8661 87.8475 51.631 19.2354 13.0384 41.7732 21.3889 17.088 101.771 53.4509 88.3763 0.0 54.5561 15.1333 16.6433 55.2826 77.1338 33.121 47.0956 36.4005 60.8112 96.7873 53.7122 66.9401 62.9187 20.4127 70.7363 36.3456 12.6491 76.4439 55.0091 68.3593 5.83095 74.8747 51.5676 54.626 72.1427 67.4582 
13.3417 42.0384 41.1353 30.5941 21.6407 3.16228 63.904 41.3331 28.9668 28.8985 50.2406 22.5252 53.8516 55.9416 35.2485 67.9424 45.2919 33.4014 52.4334 58.722 22.2148 18.4868 49.5526 38.8331 19.0263 57.4211 51.995 55.7853 35.8882 59.4221 52.757 72.4017 36.3921 54.5561 0.0 39.773 58.6907 28.3107 29.1548 64.0286 59.4388 50.5964 25.9422 47.7729 52.0384 30.7 10.198 38.8744 16.0312 73.7835 46.9574 36.1248 57.2485 39.4868 58.3009 22.5772 10.4403 48.2597 29.2099 32.8938 
33.83 33.0606 70.5763 68.1085 26.9072 39.3769 24.6152 18.4642 14.8062 66.3957 35.6931 53.0108 37.7359 45.6245 47.2969 28.6535 71.628 40.2616 86.6647 20.1453 49.3028 48.9724 26.6838 73.0644 36.8479 32.1454 23.2938 39.4462 9.05539 22.561 86.9883 53.6996 73.2477 15.1333 39.773 0.0 29.994 44.0114 62.0051 45.8644 43.4642 33.2866 48.3011 82.0042 49.3966 56.4869 48.1356 9.84886 52.6769 42.4264 10.0499 64.0078 50.4491 62.4651 19.7242 60.0916 36.7845 50.2527 57.3596 55.9464 
56.0247 33.3017 92.7709 81.3044 40.5612 58.3014 22.0227 19.3576 37.0009 75.6349 29.9666 72.8327 56.5685 36.8782 49.0408 25.0799 93.8226 43.1393 99.8606 11.1803 71.4975 68.7943 14.0 86.2603 59.0425 3.0 10.0499 58.0 36.2495 33.541 98.0698 37.6563 81.5414 16.6433 58.6907 29.994 0.0 48.8365 70.214 16.5529 33.541 52.345 54.6717 95.2001 69.1037 78.6815 66.63 35.2734 63.9068 51.923 27.7627 70.0357 41.7732 84.6597 10.8167 73.2875 55.7021 69.9597 79.5542 60.8112 
39.1106 16.1245 61.2638 36.1248 21.095 31.3861 65.6793 32.241 35.541 29.4279 23.7697 36.6052 73.1095 28.1603 7.07107 69.7118 73.3969 6.32456 55.6782 53.1955 50.3198 46.5919 40.4605 42.0933 44.4822 46.8615 42.9029 75.1066 42.5964 66.4078 53.1507 43.1856 34.176 55.2826 28.3107 44.0114 48.8365 0.0 22.4722 46.6154 30.0 69.029 6.32456 51.0331 75.7019 58.8051 22.8254 45.5826 19.6469 85.8662 53.1601 21.2132 29.1204 67.4255 51.8323 29.1204 22.0979 72.8731 57.315 12.2066 
42.4264 38.4838 48.4149 18.6011 36.1591 32.0624 86.478 53.0096 52.2196 8.544 46.1736 27.8927 82.7647 49.2544 26.1725 90.5105 66.103 28.7924 40.6079 73.9942 47.8539 29.0 61.2592 29.3463 48.1664 68.5055 63.6715 84.7231 61.6102 83.7461 34.176 64.1249 11.7047 77.1338 29.1548 62.0051 70.214 22.4722 0.0 69.0797 51.6236 79.3095 16.1555 37.4833 81.0062 55.0818 19.0263 64.5964 13.1529 100.936 70.3332 9.21954 49.0 64.56 72.6309 21.095 29.0689 77.026 51.3253 14.1421 
60.1703 30.6757 96.5743 80.9403 45.0999 63.6393 37.855 24.7697 42.413 75.5844 23.3238 78.1537 72.4576 25.807 44.4185 40.3113 98.7964 40.3113 99.9184 27.7308 75.9713 74.1153 25.807 86.3181 64.081 13.8924 23.3452 73.9269 45.9733 50.0899 98.1276 22.0 80.7775 33.121 64.0286 45.8644 16.5529 46.6154 69.0797 0.0 22.2036 68.2159 52.9245 95.2579 84.9741 83.5778 66.6878 48.4679 63.9646 68.3081 43.6331 66.7308 30.0167 90.0719 27.2947 73.3453 61.0401 85.8301 83.9362 57.3062 
56.4004 17.8885 92.191 66.0681 38.2753 59.0495 55.2268 27.0 42.8044 59.2115 9.21954 66.1225 80.7145 3.60555 25.4951 58.5491 95.1652 24.0832 85.211 43.0116 71.8955 69.5426 33.9559 71.6107 61.7171 30.5941 34.2345 82.4378 47.8853 63.6396 83.0963 13.6015 63.1506 47.0956 59.4388 43.4642 33.541 30.0 51.6236 22.2036 0.0 76.2688 36.0555 80.5504 88.5119 80.0159 51.9804 50.5371 49.2544 83.3847 53.4591 47.4342 8.24621 87.6185 42.0 58.6378 56.4503 87.0057 79.642 38.3275 
37.3363 63.127 62.6259 74.2428 48.0 48.1041 39.5601 51.2691 38.8782 79.4042 68.1809 56.356 4.47214 78.3284 74.3303 41.4849 51.264 67.4759 72.8354 42.0119 41.0366 52.382 59.3095 72.5665 32.6497 54.497 45.6454 6.32456 45.9336 23.7697 83.0498 86.3253 86.8978 36.4005 50.5964 33.2866 52.345 69.029 79.3095 68.2159 76.2688 0.0 71.1126 67.306 18.4391 41.6173 60.7289 26.4638 66.2193 27.7849 24.7588 85.0 83.0444 39.9249 41.8688 73.0828 51.3536 21.0 46.2277 79.1581 
37.108 22.3607 56.3658 30.4138 23.3452 29.0689 71.2079 37.7696 39.0 23.1948 30.0832 31.7648 75.0267 34.0147 11.4018 75.2403 71.4079 12.6491 50.6952 58.7241 48.0691 44.3412 45.9891 37.1953 43.4166 52.8015 48.4315 77.026 46.0554 70.3847 47.3814 49.0408 27.8568 60.8112 25.9422 48.3011 54.6717 6.32456 16.1555 52.9245 36.0555 71.1126 0.0 46.135 76.2955 56.5544 19.105 49.0416 14.7648 89.4976 57.0088 15.8114 34.5254 65.3412 57.3608 24.2801 20.1184 73.0068 55.0132 8.06226 
39.6418 64.7124 11.7047 19.4165 63.8719 44.6106 95.3353 77.9355 71.1979 30.0 73.4015 25.2643 69.029 79.0124 57.4188 98.282 32.1403 56.4874 6.32456 98.89 26.2724 47.2861 86.155 11.1803 38.3356 93.5842 88.5974 70.6045 69.7209 82.4219 16.1555 93.9693 34.4384 96.7873 47.7729 82.0042 95.2001 51.0331 37.4833 95.2579 80.5504 67.306 46.135 0.0 60.3738 28.2312 34.2917 72.7071 31.4198 94.3719 77.083 46.6905 80.1535 35.9026 97.5267 26.4447 46.8845 55.4617 22.8473 49.4065 
39.3192 73.3553 53.0094 71.8053 55.0273 49.0102 57.8705 65.3508 49.7074 78.5175 79.6116 54.5894 16.0 89.8888 81.9085 59.9083 37.2022 75.6108 65.0 59.1692 35.4401 52.0116 75.5951 58.6077 33.1361 71.2552 62.4035 16.1245 56.7628 42.2019 76.4853 100.033 85.8429 53.7122 52.0384 49.3966 69.1037 75.7019 81.0062 84.9741 88.5119 18.4391 76.2955 60.3738 0.0 32.249 62.0 42.5703 68.0074 43.1741 41.3401 88.1419 94.1541 26.8701 58.8303 60.075 56.2939 5.0 37.5899 84.0119 
23.7065 62.6155 21.2132 42.0 42.2178 27.5378 72.7495 60.808 45.6807 50.5093 70.8176 27.2029 42.5206 80.3702 65.7428 75.6963 15.2315 63.3725 32.7567 76.282 8.48528 30.2132 69.5435 28.0 19.6469 77.412 71.9859 43.8634 52.736 59.7746 44.3847 92.9624 57.1456 66.9401 30.7 56.4869 78.6815 58.8051 55.0818 83.5778 80.0159 41.6173 56.5544 28.2312 32.249 0.0 46.8842 55.7223 44.0212 69.3397 54.4973 63.5689 83.825 9.48683 75.8608 34.5398 38.8973 27.2947 5.38516 63.0455 
23.5372 36.1424 44.5225 20.3961 30.0033 13.0384 72.4006 49.3654 37.3293 18.7005 44.8314 19.8638 64.0312 50.458 29.6816 76.4389 59.5069 27.9178 38.9523 67.0846 39.3043 28.0263 57.9152 25.352 29.1548 65.0142 60.3575 65.9697 44.3847 68.8703 37.1615 65.4008 26.194 62.9187 10.198 48.1356 66.63 22.8254 19.0263 66.6878 51.9804 60.7289 19.105 34.2917 62.0 46.8842 0.0 47.3709 6.08276 83.3681 55.4539 26.4764 51.7648 56.363 66.6634 12.3791 13.8924 58.0775 43.2826 24.6982 
33.0654 37.6563 69.8116 67.3439 26.4638 38.6123 29.7321 25.6982 14.0416 65.631 42.1545 52.2462 30.9096 52.3927 50.04 33.6155 68.3621 43.0116 78.2641 25.4247 48.5382 48.2077 33.9177 68.554 36.0832 37.4249 28.5732 32.6329 3.0 22.8035 82.4779 60.9335 73.1399 20.4127 38.8744 9.84886 35.2734 45.5826 64.5964 48.4679 50.5371 26.4638 49.0416 72.7071 42.5703 55.7223 47.3709 0.0 51.9122 40.8534 10.0 64.4376 57.0088 57.1415 25.0036 59.3269 36.0199 43.4263 56.5949 56.9637 
29.2746 33.4192 41.6506 17.1172 29.7616 19.0 80.0805 46.6422 41.8706 14.1421 42.1082 17.0009 69.6348 47.676 26.0 84.113 56.644 25.1794 36.0555 67.5967 36.4413 34.0799 54.8617 22.48 35.0571 62.291 57.3041 71.5891 48.926 73.4117 34.0147 62.6498 21.4009 70.7363 16.0312 52.6769 63.9068 19.6469 13.1529 63.9646 49.2544 66.2193 14.7648 31.4198 68.0074 44.0212 6.08276 51.9122 0.0 88.2514 59.9952 20.3961 48.7647 53.5001 66.2335 9.51618 17.0294 64.1249 40.4197 19.2094 
61.4003 75.4255 90.2109 99.1364 66.9198 71.8471 30.8707 60.0339 54.4976 101.836 77.0065 81.2879 27.8568 86.209 89.627 29.6816 78.7909 82.5651 99.9289 41.0 68.1175 77.2495 50.0 97.5958 58.0517 54.8179 49.163 27.2029 43.6578 20.025 110.116 89.4986 109.33 36.3456 73.7835 42.4264 51.923 85.8662 100.936 68.3081 83.3847 27.7849 89.4976 94.3719 43.1741 69.3397 83.3681 40.8534 88.2514 0.0 32.7567 104.894 91.1976 67.5426 41.7732 95.5149 72.359 47.1275 73.8173 97.4166 
41.1484 43.0116 73.888 75.4269 34.5468 46.6953 20.3961 28.4591 22.1246 73.7141 45.7056 60.3292 29.0689 55.6193 56.8859 24.0416 67.1372 49.8197 82.64 17.8885 51.0659 56.2908 20.9637 76.6371 39.4174 29.9141 21.0625 30.6105 12.0416 13.4164 90.561 62.6904 81.2229 12.6491 46.9574 10.0499 27.7627 53.1601 70.3332 43.6331 53.4591 24.7588 57.0088 77.083 41.3401 54.4973 55.4539 10.0 59.9952 32.7567 0.0 72.4983 60.4439 55.9165 17.4929 67.4099 44.1029 42.2014 57.9866 64.846 
49.0 37.0135 57.6281 27.6586 38.3356 39.2046 86.8406 53.4023 54.3927 17.2047 43.4166 36.4005 88.6848 44.643 22.3607 90.8731 75.2838 27.0185 49.679 74.3568 56.0456 54.3982 61.6218 38.527 55.0364 68.0147 64.0642 90.6697 61.4514 85.9069 42.4853 59.0339 17.2627 76.4439 36.1248 64.0078 70.0357 21.2132 9.21954 66.7308 47.4342 85.0 15.8114 46.6905 88.1419 63.5689 26.4764 64.4376 20.3961 104.894 72.4983 0.0 43.566 73.0548 72.9936 29.1204 33.7343 84.3801 59.8914 9.43398 
60.2096 21.2603 90.3843 64.9384 41.7253 60.3238 63.3877 33.9848 48.5296 57.0789 14.8661 65.7256 87.4901 5.0 23.1948 66.7533 98.9743 24.1661 84.814 51.0882 75.7047 73.3517 41.4367 71.2137 65.7951 38.833 42.0476 89.2134 54.231 71.3442 81.8841 15.5242 60.1332 55.0091 57.2485 50.4491 41.7732 29.1204 49.0 30.0167 8.24621 83.0444 34.5254 80.1535 94.1541 83.825 51.7648 57.0088 48.7647 91.1976 60.4439 43.566 0.0 91.4406 50.04 58.2409 60.2594 92.358 84.0748 35.0571 
31.241 70.2311 26.8328 51.0882 49.8334 36.3246 74.1688 67.1891 51.6588 59.9582 78.4092 36.6879 39.8246 87.9857 74.3633 77.1155 11.4018 70.2999 39.5601 73.753 17.4929 39.0 75.5217 37.1214 26.0768 83.3902 77.9641 40.8167 58.7142 60.6712 51.923 100.439 66.3702 68.3593 39.4868 62.4651 84.6597 67.4255 64.56 90.0719 87.6185 39.9249 65.3412 35.9026 26.8701 9.48683 56.363 57.1415 53.5001 67.5426 55.9165 73.0548 91.4406 0.0 73.4018 44.0114 47.5079 21.9317 14.0357 72.5243 
53.204 37.5766 89.9502 83.631 42.7949 57.4549 13.9284 21.5913 34.1802 77.9616 36.6742 72.3847 46.0109 45.0444 53.2353 17.8885 91.002 46.6681 102.187 1.41421 68.6768 68.3463 12.0416 88.5869 56.2218 13.4164 8.94427 47.3814 25.9797 22.8473 102.511 47.8017 83.8735 5.83095 58.3009 19.7242 10.8167 51.8323 72.6309 27.2947 42.0 41.8688 57.3608 97.5267 58.8303 75.8608 66.6634 25.0036 66.2335 41.7732 17.4929 72.9936 50.04 73.4018 0.0 75.6141 55.3124 59.6867 76.7335 64.0078 
35.9158 42.7998 36.6754 16.4012 41.9592 25.3909 84.3565 56.0228 49.2853 18.9737 51.4888 7.81025 63.3558 57.0998 35.5113 88.3949 47.2242 34.5748 31.1052 76.9773 26.9258 26.1172 64.2424 17.5049 27.8876 71.6716 66.6847 65.2213 56.3407 80.8263 31.3209 72.0566 26.5707 74.8747 22.5772 60.0916 73.2875 29.1204 21.095 73.3453 58.6378 73.0828 24.2801 26.4447 60.075 34.5398 12.3791 59.3269 9.51618 95.5149 67.4099 29.1204 58.2409 44.0114 75.6141 0.0 24.9719 56.0 30.9999 28.5404 
17.4642 39.0499 49.3402 32.9889 18.6522 12.53 61.0495 38.3446 25.9783 31.1448 47.252 30.7302 55.1453 56.8046 45.164 65.0878 53.4968 39.1188 51.5451 55.7335 30.4138 26.6918 46.5641 37.9447 23.7697 54.4326 49.0065 57.1402 33.0336 57.5193 49.7542 69.4132 38.4187 51.5676 10.4403 36.7845 55.7021 22.0979 29.0689 61.0401 56.4503 51.3536 20.1184 46.8845 56.2939 38.8973 13.8924 36.0199 17.0294 72.359 44.1029 33.7343 60.2594 47.5079 55.3124 24.9719 0.0 53.1601 37.4149 28.0179 
35.9026 71.3442 48.0104 67.2801 52.3927 45.1774 59.6657 63.871 48.2277 74.2428 78.0064 50.2494 19.4165 88.2326 79.1255 61.9839 32.45 73.0068 60.0333 60.0378 30.8058 48.0512 76.4512 53.8459 29.6142 72.1112 63.2596 19.9249 55.2831 44.4072 71.5891 98.5536 81.4985 54.626 48.2597 50.2527 69.9597 72.8731 77.026 85.8301 87.0057 21.0 73.0068 55.4617 5.0 27.2947 58.0775 43.4263 64.1249 47.1275 42.2014 84.3801 92.358 21.9317 59.6867 56.0 53.1601 0.0 32.6497 80.604 
23.7697 62.2415 16.4012 37.054 41.8439 26.0476 76.2388 61.1664 46.5533 46.0376 70.4437 23.4911 47.3814 80.6199 64.2527 79.1855 16.2788 62.4057 27.4591 77.1547 8.06226 28.7231 70.4162 23.0868 21.0 78.2847 72.8586 48.7955 53.6087 63.3246 39.0 92.6048 52.345 72.1427 29.2099 57.3596 79.5542 57.315 51.3253 83.9362 79.642 46.2277 55.0132 22.8473 37.5899 5.38516 43.2826 56.5949 40.4197 73.8173 57.9866 59.8914 84.0748 14.0357 76.7335 30.9999 37.4149 32.6497 0.0 59.4439 
44.7214 27.6586 59.7004 31.7805 31.4006 36.0555 77.8549 44.4166 46.9222 22.561 34.0 36.0251 83.0542 35.6931 13.0 81.8874 75.6682 17.6918 53.3385 65.3711 55.1072 51.3792 52.6361 40.5298 50.9902 58.7282 55.0785 85.0529 53.9775 78.1857 48.0833 50.3587 25.0799 67.4582 32.8938 55.9464 60.8112 12.2066 14.1421 57.3062 38.3275 79.1581 8.06226 49.4065 84.0119 63.0455 24.6982 56.9637 19.2094 97.4166 64.846 9.43398 35.0571 72.5243 64.0078 28.5404 28.0179 80.604 59.4439 0.0 
DEMAND_SCENARIO_SECTION
0 0 0 0 0 0 0 0 0 0 0 0 0 0 0 0 0 0 0 0 0 0 0 0 0 0 0 0 0 0 0 0 0 0 0 0 0 0 0 0 0 0 0 0 0 0 0 0 0 0 0 0 0 0 0 0 0 0 0 0 0 0 0 0 0 0 0 0 0 0 0 0 0 0 0 0 0 0 0 0 0 0 0 0 0 0 0 0 0 0 0 0 0 0 0 0 0 0 0 0 0 0 0 0 0 0 0 0 0 0 0 0 0 0 0 0 0 0 0 0 0 0 0 0 0 0 0 0 0 0 0 0 0 0 0 0 0 0 0 0 0 0 0 0 0 0 0 0 0 0 0 0 0 0 0 0 0 0 0 0 0 0 0 0 0 0 0 0 0 0 0 0 0 0 0 0 0 0 0 0 0 0 0 0 0 0 0 0 0 0 0 0 0 0 0 0 0 0 0 0 
15 7 9 11 14 6 10 5 7 13 12 8 7 15 14 10 4 8 11 6 6 16 6 8 12 13 9 10 10 11 6 11 7 9 12 11 7 5 13 10 9 9 10 14 6 12 6 11 11 9 12 7 8 5 13 15 14 5 7 6 7 14 7 9 16 13 7 8 7 12 7 8 9 9 10 8 5 11 10 19 11 7 5 11 13 12 7 13 11 2 10 13 7 13 3 12 7 12 13 12 9 6 12 7 9 11 10 4 8 11 10 15 14 7 7 5 8 8 10 7 8 9 8 10 9 11 3 10 13 12 7 13 13 12 9 11 11 11 14 11 13 12 12 6 9 9 13 4 8 15 7 4 8 9 13 10 4 6 9 14 14 11 12 9 3 14 9 11 10 12 9 7 10 14 9 15 9 10 8 14 13 6 12 10 13 12 10 9 10 14 6 5 4 15 9 13 6 13 7 16 
4 1 1 5 4 5 4 3 2 3 6 1 4 3 6 4 6 6 4 6 5 3 5 4 6 5 6 2 5 4 5 3 5 3 3 2 7 3 4 4 4 3 2 5 2 7 3 4 1 3 2 4 3 5 3 6 4 3 4 2 3 5 6 7 5 5 5 5 4 5 5 3 6 4 5 7 3 3 6 3 3 4 5 4 4 5 2 2 4 5 3 4 2 3 8 4 4 5 4 5 4 4 3 4 2 2 3 3 6 3 2 2 4 3 3 2 3 3 4 2 3 2 4 2 4 3 5 4 3 6 4 5 4 4 4 4 4 4 4 4 4 4 4 3 6 4 3 6 2 5 4 4 5 2 4 5 5 4 6 5 1 3 3 5 5 4 3 2 4 5 3 7 7 4 7 6 6 4 3 3 2 3 4 4 6 1 2 6 2 3 4 2 3 4 4 4 3 4 4 6 
3 3 1 5 6 5 5 3 5 4 3 1 3 5 6 3 6 4 5 4 3 4 5 2 2 7 3 3 4 3 5 5 1 5 6 5 5 3 3 4 5 4 6 4 5 3 4 5 3 3 4 2 5 3 4 4 5 7 3 3 4 5 3 4 4 4 4 4 2 1 3 4 4 4 3 4 7 4 6 1 5 4 3 3 4 3 5 2 2 3 4 5 4 3 2 4 2 3 5 6 2 4 4 5 7 7 4 5 2 3 6 2 3 4 4 2 3 4 5 3 5 4 4 3 5 6 4 5 4 3 4 4 5 5 3 5 4 5 5 3 5 6 2 4 5 3 6 3 3 3 4 2 5 6 4 3 3 3 1 2 3 7 3 5 6 8 4 3 5 3 3 6 3 3 5 5 3 6 1 6 5 4 3 7 3 5 4 5 5 4 4 5 5 4 3 5 6 4 3 5 
5 2 7 4 8 6 4 9 10 6 7 7 6 6 9 4 8 6 9 13 4 10 11 5 9 8 6 8 10 5 8 4 7 10 5 8 9 7 10 9 8 7 7 9 10 8 7 6 11 9 13 8 3 9 9 6 7 6 12 7 3 8 12 7 6 8 5 9 4 2 7 6 6 5 10 5 2 4 5 9 2 2 10 8 4 5 5 4 3 6 10 8 8 8 4 5 8 9 3 5 6 9 8 9 10 7 2 11 8 6 8 11 10 9 10 10 9 6 8 8 11 6 9 8 6 7 10 9 12 10 5 10 8 7 9 11 3 5 4 9 5 8 5 6 7 9 5 10 4 7 7 12 5 5 3 8 4 6 7 6 13 6 6 6 7 4 8 7 4 9 7 9 4 10 11 6 5 7 10 8 7 9 5 5 8 8 7 6 9 8 8 2 4 4 3 9 6 8 8 11 
3 2 2 2 3 3 2 4 2 2 3 0 2 2 2 2 3 3 1 3 2 2 3 2 2 4 2 3 3 2 1 1 3 2 2 2 2 2 1 2 2 2 2 3 2 3 2 2 2 3 3 2 2 2 2 2 2 1 1 2 2 3 2 1 2 1 1 3 1 2 2 1 2 1 3 2 1 2 2 1 2 2 1 2 2 1 3 2 2 2 2 2 1 2 2 4 2 2 1 2 1 0 3 2 3 3 3 2 1 2 2 2 2 2 2 2 3 1 2 2 3 1 2 1 2 2 1 2 2 2 3 2 1 1 1 2 3 2 1 2 3 2 2 1 2 3 2 1 2 2 2 2 4 1 2 2 1 2 2 2 1 1 2 3 3 2 2 2 2 2 1 3 2 1 2 3 3 1 2 2 2 2 1 2 2 2 1 1 2 1 2 1 1 1 2 1 1 3 3 1 
3 4 6 6 4 3 5 3 4 5 1 4 4 4 5 4 3 4 4 4 6 3 3 5 4 3 2 3 4 5 7 4 5 5 3 3 4 5 2 3 3 3 4 3 3 3 3 4 7 3 6 2 8 6 7 4 4 3 3 5 6 4 4 5 3 5 6 3 2 2 6 3 2 3 3 3 2 3 3 5 4 4 4 5 3 4 4 5 3 3 5 5 6 4 6 5 5 3 3 3 6 5 5 4 3 4 5 3 5 2 4 3 5 4 2 4 4 2 3 4 3 5 4 1 2 2 1 3 5 4 7 4 5 3 5 4 5 5 5 4 3 6 4 6 5 3 3 4 3 4 5 2 7 5 3 4 5 2 3 5 3 3 3 6 4 5 6 6 4 5 6 3 4 4 3 2 3 3 5 5 4 5 4 3 4 5 4 3 5 3 5 5 5 4 4 3 4 4 5 5 
8 10 10 14 9 10 8 6 5 7 3 12 12 13 9 12 10 6 9 13 6 8 11 9 13 11 11 6 10 11 13 11 9 7 7 9 8 10 6 13 11 10 9 5 9 7 8 5 6 11 11 5 11 10 4 5 9 12 9 4 10 6 6 11 9 12 9 11 4 7 9 11 5 13 13 11 4 11 14 5 9 11 6 5 11 7 7 8 11 5 8 9 15 14 9 7 8 11 10 5 9 12 8 16 11 3 7 5 8 11 5 12 9 8 11 8 5 8 9 10 11 11 10 8 11 11 3 12 12 4 8 10 8 12 10 10 9 11 12 13 5 6 10 9 10 6 9 8 7 8 7 15 10 13 3 14 12 7 6 10 6 4 7 11 6 7 13 9 10 6 6 9 12 9 8 9 11 9 6 3 7 10 15 16 12 11 11 9 10 9 11 9 7 7 10 16 8 7 8 8 
14 12 12 14 10 9 5 8 9 8 4 11 14 13 7 6 13 7 7 6 7 13 3 11 10 13 5 9 10 7 14 6 12 9 12 8 4 9 8 5 7 7 9 12 8 12 8 9 8 6 11 8 9 3 9 9 7 2 12 12 4 6 7 8 6 9 10 15 2 2 8 8 13 5 6 1 7 9 8 9 10 11 11 4 10 9 10 10 8 10 7 8 9 10 6 11 6 10 5 9 12 10 9 13 8 7 9 7 4 10 8 14 3 4 9 9 11 16 8 12 6 8 12 12 3 5 7 8 13 11 3 7 12 8 11 2 11 5 9 10 9 3 12 9 6 8 6 5 4 12 9 14 10 6 12 6 7 12 14 11 13 8 14 7 7 11 12 11 10 12 6 8 8 7 2 8 11 10 10 12 7 11 5 11 4 10 11 10 11 11 5 8 8 12 12 7 8 14 8 13 
1 1 1 1 1 1 1 1 0 1 1 0 1 1 1 1 1 1 1 1 1 1 1 0 0 1 1 1 1 1 1 1 1 1 1 1 1 1 2 1 1 1 1 1 1 1 1 1 1 1 1 1 1 1 1 1 2 1 1 1 1 1 1 1 2 1 1 1 1 1 1 0 1 1 1 1 1 1 1 1 1 1 1 1 1 1 1 1 0 1 1 1 1 1 1 1 1 1 1 1 1 0 1 2 1 1 1 2 1 1 1 0 1 1 1 2 0 1 1 2 2 1 1 1 1 1 1 1 1 1 2 1 1 1 1 1 1 1 1 1 1 1 1 1 1 1 1 1 1 2 1 1 1 1 1 1 1 1 1 1 1 1 1 1 1 1 1 1 1 1 1 1 1 2 2 1 1 1 1 1 1 1 1 2 1 1 1 1 1 1 1 0 1 1 1 1 1 1 0 1 
6 3 6 4 4 5 5 4 5 5 5 5 5 4 6 4 2 4 3 2 2 4 4 2 4 2 5 2 5 5 4 1 2 2 4 5 3 6 3 5 5 6 6 5 6 6 5 3 5 4 4 5 4 3 3 2 6 2 5 3 4 6 3 5 6 3 5 3 4 6 5 3 4 5 5 6 1 2 3 0 5 4 9 3 5 4 3 4 3 4 4 5 4 5 3 2 4 2 2 2 6 4 5 3 4 4 6 2 1 3 4 6 3 3 6 6 4 5 6 4 2 4 3 2 4 5 4 2 5 5 5 3 4 5 4 2 5 2 3 4 2 4 1 3 3 6 3 5 3 6 5 6 4 3 2 3 6 4 3 3 3 5 3 4 4 3 4 3 5 4 5 5 3 2 3 3 4 5 4 5 3 4 5 6 5 3 5 3 5 3 4 2 4 6 3 2 5 6 4 3 
4 5 10 4 6 3 11 6 8 5 6 6 8 14 9 6 5 9 8 8 7 5 8 9 6 8 6 11 2 11 2 11 10 5 5 9 8 7 3 7 7 3 9 4 9 5 8 11 5 8 6 7 9 5 8 6 3 9 7 10 5 8 10 7 7 6 3 5 5 6 7 7 5 4 8 3 9 6 7 7 8 7 3 8 8 7 7 2 7 2 12 6 6 6 7 4 8 4 10 8 7 6 8 7 6 7 5 9 7 7 7 10 5 10 7 9 6 5 6 0 5 4 6 10 8 13 3 4 8 7 7 9 5 6 7 9 6 9 7 4 6 4 5 9 7 7 4 8 3 7 2 8 10 9 13 2 9 8 9 5 9 3 8 5 7 9 8 6 8 9 7 10 5 7 10 8 9 6 11 7 3 5 3 8 9 8 7 7 8 7 10 8 4 8 5 11 8 6 7 7 
7 6 5 3 6 7 6 6 5 5 3 5 4 6 3 4 5 7 6 5 7 9 2 9 3 5 5 6 8 3 4 3 8 5 4 5 2 5 5 7 4 4 4 5 3 5 6 4 6 5 7 6 6 3 4 8 5 4 2 3 7 4 7 6 6 5 6 3 3 6 3 8 2 6 5 3 4 6 6 6 6 7 4 5 6 5 4 6 5 5 8 2 8 6 7 5 6 6 7 4 5 3 2 5 5 4 8 5 5 3 3 5 2 7 4 6 5 4 6 5 6 2 7 5 3 6 6 3 5 2 6 6 5 3 6 4 2 8 4 7 5 4 2 8 5 4 7 6 6 6 4 1 5 7 6 3 6 4 5 3 9 9 6 6 7 4 4 5 7 4 1 4 8 9 8 4 2 7 5 5 8 4 4 7 6 6 3 9 5 9 5 0 7 5 5 1 6 6 5 6 
10 6 7 8 8 6 9 10 7 4 11 9 12 7 7 9 10 9 14 8 6 11 10 8 8 13 13 6 9 8 8 10 6 11 13 11 5 7 9 7 5 4 8 11 8 9 7 6 13 12 9 6 5 5 8 13 9 4 9 4 5 11 6 7 8 7 11 4 11 9 10 8 7 5 12 9 9 1 9 7 8 8 12 6 8 6 5 8 4 9 9 5 4 4 6 5 8 6 8 4 5 6 9 4 8 14 7 7 6 13 11 6 9 8 9 5 6 7 12 15 8 5 9 12 9 7 9 14 5 10 8 9 14 17 4 7 4 12 10 9 6 8 4 9 12 10 10 0 7 4 7 7 12 9 9 8 9 9 6 5 5 7 9 5 9 7 9 5 9 8 7 13 10 10 8 12 9 12 8 8 5 7 4 12 4 8 8 5 12 7 3 8 12 8 11 2 8 8 7 8 
8 7 9 7 8 5 6 5 7 7 3 4 7 12 5 3 5 5 3 4 6 5 6 3 7 6 1 6 7 12 6 10 5 7 9 6 0 8 7 8 7 7 6 2 6 8 8 9 10 7 5 0 6 5 4 1 7 2 5 6 3 2 5 5 4 10 7 10 9 4 5 6 8 2 6 4 10 7 8 7 5 4 3 6 4 5 4 7 6 5 9 4 6 4 4 5 6 7 3 6 7 6 3 7 8 3 4 3 8 9 2 4 6 7 8 8 10 5 4 7 5 4 6 8 8 8 6 5 9 4 7 4 4 6 7 5 7 6 6 4 8 8 7 6 6 8 3 3 8 6 4 9 5 8 8 6 3 5 9 2 5 6 10 6 9 8 7 8 7 8 2 7 9 8 6 5 9 5 5 8 6 8 8 6 7 8 5 6 9 6 6 5 6 6 5 4 5 5 6 3 
2 0 3 1 2 2 3 1 1 3 2 1 2 2 2 2 1 1 2 3 2 2 2 1 3 3 2 2 2 2 3 2 0 2 1 2 3 1 1 3 2 1 1 2 3 1 2 2 0 2 2 3 3 2 2 2 2 4 2 1 3 2 2 2 1 2 2 2 2 2 3 3 3 2 3 2 3 2 3 2 4 3 2 1 2 1 2 3 2 3 2 1 3 2 2 3 3 2 2 2 2 1 2 2 3 3 2 2 3 2 3 4 1 1 2 2 1 1 2 1 3 2 1 2 3 4 2 2 1 2 2 3 1 3 2 2 2 1 2 3 3 1 2 1 1 2 2 2 3 0 2 2 2 1 2 1 3 2 1 2 2 1 3 1 1 3 3 2 2 2 3 1 3 2 2 1 1 2 2 2 3 1 3 2 2 3 3 2 3 2 2 3 2 1 3 1 1 1 2 2 
11 13 7 7 10 13 6 7 17 10 12 7 10 8 16 14 10 13 17 7 12 12 12 10 8 8 9 11 13 11 13 9 11 6 11 10 8 13 16 5 6 12 12 16 10 11 6 13 10 8 6 19 12 5 5 12 7 16 12 14 10 12 12 5 12 8 6 6 15 16 12 8 12 12 4 8 14 2 14 11 13 11 12 7 10 4 11 10 9 10 9 14 14 7 10 7 7 10 9 16 8 11 6 11 12 11 11 9 14 13 15 10 10 11 12 8 11 13 14 10 5 9 13 7 12 6 14 9 7 11 10 14 9 10 15 9 15 12 11 10 7 8 7 9 13 16 9 16 4 10 14 6 8 9 8 10 7 7 10 15 9 12 7 9 7 6 6 4 9 8 8 10 17 6 3 11 8 10 14 8 11 5 11 11 8 11 22 17 15 14 16 10 15 12 10 4 9 8 8 6 
9 10 8 4 12 9 6 5 9 9 10 10 12 3 11 10 7 13 12 7 9 11 5 5 9 9 8 8 6 8 7 9 11 8 5 6 7 8 8 9 12 6 9 9 9 6 12 2 11 9 10 7 12 10 10 6 10 10 10 9 9 9 12 4 4 9 7 8 10 8 9 7 12 8 13 8 8 7 5 8 5 7 7 6 9 8 6 3 9 11 8 7 11 9 4 9 5 10 5 7 6 8 7 8 10 12 9 13 7 2 7 8 12 9 10 3 8 9 10 2 9 5 10 6 6 7 14 13 7 11 6 7 11 9 12 9 8 8 11 7 4 11 7 9 10 8 8 13 10 8 8 7 6 16 9 12 6 8 7 8 12 8 9 7 7 9 2 9 7 11 5 9 4 10 7 7 12 11 8 10 5 7 14 11 10 8 9 6 9 7 9 12 6 4 3 6 13 5 6 6 
5 2 2 3 4 5 2 3 5 1 5 4 4 4 3 4 4 2 4 3 4 4 4 3 3 3 5 3 1 2 4 2 3 3 2 2 3 2 2 4 3 2 3 4 3 4 5 1 3 3 4 4 4 3 5 5 3 3 2 2 1 2 3 4 6 3 2 6 2 1 4 3 3 2 2 3 3 2 5 4 2 2 4 1 4 4 2 3 1 4 2 2 4 3 3 3 5 4 2 3 2 5 2 1 3 4 2 5 2 6 3 2 5 1 3 5 3 3 1 2 4 3 3 2 3 4 1 2 2 5 3 3 4 3 3 4 0 2 1 1 3 4 4 4 4 3 5 4 2 3 5 2 4 3 2 4 2 1 5 3 4 3 1 3 5 2 2 2 5 5 4 3 2 3 2 4 5 2 4 1 2 3 3 3 5 4 4 4 4 4 4 3 1 4 3 3 4 3 2 4 
6 3 5 5 3 4 5 6 4 6 0 5 4 3 6 5 8 1 6 8 2 6 5 4 6 4 4 5 7 6 5 7 6 4 4 6 6 5 7 4 7 5 6 4 5 5 3 5 6 6 4 3 4 5 6 3 4 7 7 3 4 9 5 4 6 6 6 5 6 5 4 3 3 7 3 5 6 5 4 5 4 7 6 2 4 6 5 8 2 5 6 7 4 5 8 4 7 3 6 3 7 5 5 8 5 7 4 5 2 3 6 4 5 2 6 7 4 5 3 6 5 5 3 6 6 4 8 7 6 8 6 4 9 5 5 5 6 3 4 4 4 4 4 1 5 7 4 6 5 3 3 4 5 7 3 4 4 5 4 2 5 5 5 3 3 5 3 4 6 3 3 3 7 3 2 4 6 4 6 3 3 3 8 7 4 7 2 2 7 7 6 8 5 6 8 6 4 9 6 3 
1 1 1 0 2 1 1 1 1 1 1 1 1 0 1 1 1 1 1 1 1 1 0 0 1 1 1 1 1 0 1 0 0 1 1 1 1 1 1 1 1 0 1 0 1 1 1 1 1 1 2 0 1 1 1 1 1 1 1 1 1 1 1 1 0 1 1 1 1 0 1 1 1 1 1 1 1 1 1 1 1 1 1 1 1 1 1 1 1 1 1 1 0 0 1 1 1 1 1 0 0 1 1 1 1 1 1 1 1 1 1 1 2 1 1 1 1 1 1 1 1 1 1 1 1 1 1 1 1 1 1 1 1 2 1 1 1 1 1 1 1 0 1 1 1 1 1 1 1 1 1 1 1 1 1 1 1 1 1 1 1 1 1 1 1 1 1 1 1 1 1 1 1 1 1 1 1 1 1 1 1 1 1 1 1 1 1 1 1 1 1 1 1 1 1 1 1 0 1 1 
6 5 3 4 5 3 9 4 8 7 4 7 4 3 8 6 3 6 5 8 6 3 4 5 4 5 5 4 5 3 3 6 3 7 4 6 7 6 4 4 4 4 5 6 8 5 5 4 6 3 7 5 8 5 4 6 6 6 6 6 2 3 4 4 6 5 2 3 4 3 7 6 7 5 5 5 6 3 3 6 4 5 5 3 5 4 6 7 5 5 3 4 5 4 6 6 6 5 5 6 4 2 5 3 5 5 4 4 6 4 5 5 5 4 6 5 5 5 6 5 4 4 6 7 4 7 6 3 4 3 6 5 3 6 7 5 5 5 5 6 6 5 6 4 4 5 5 6 6 5 3 3 6 5 6 4 7 5 7 4 2 7 8 3 5 3 3 7 4 5 7 7 5 4 5 4 4 8 4 6 2 6 5 5 5 7 4 3 5 4 5 5 5 6 7 5 7 4 4 6 
6 8 6 11 6 6 4 6 7 8 5 6 8 5 5 9 6 6 8 4 7 2 6 7 5 4 6 1 9 8 7 3 5 5 4 5 5 3 5 9 5 7 6 8 7 3 4 8 8 6 6 4 3 4 9 5 3 5 6 5 10 5 5 5 1 3 7 5 6 8 3 3 5 4 7 5 9 2 3 5 6 4 7 3 9 7 7 3 5 4 10 7 10 8 4 6 5 5 6 4 6 7 7 7 7 6 10 7 6 6 6 6 7 9 5 3 5 5 8 7 6 6 10 6 2 10 4 4 5 9 4 9 5 8 9 6 3 3 4 7 5 6 7 7 5 8 9 7 9 10 9 7 8 6 7 5 6 5 5 9 7 3 5 7 6 7 8 4 5 4 9 3 6 7 4 10 3 4 7 6 5 6 8 8 8 5 8 7 5 7 8 4 3 9 9 4 6 5 6 10 
