NAME  : Jabali_60_3_0.88_1_5
TYPE : SVRP
MODEL : FINITE_SUPPORT
NUMBER_OF_SCENARIOS : 200
DIMENSION : 60
EDGE_WEIGHT_TYPE : MATRIX
CAPACITY : 126
N_VEHICLES : 3
NODE_COORD_SECTION
1 3882 5159
2 5609 5264
3 2536 7592
4 284 4913
5 6517 3585
6 1898 4668
7 2485 4234
8 4430 6341
9 6201 69
10 1178 6777
11 2364 5432
12 27 1576
13 594 5019
14 2570 3794
15 6012 5561
16 5711 6573
17 5694 4188
18 2287 6054
19 6182 3257
20 5547 18
21 5300 3030
22 4350 1955
23 4518 2265
24 3044 4327
25 2241 3898
26 3604 1428
27 4625 3611
28 3519 7734
29 6861 4461
30 813 2331
31 7198 4692
32 6640 5862
33 316 5046
34 7427 6701
35 6967 2636
36 6019 3860
37 2034 3210
38 2555 5012
39 3650 3554
40 335 1986
41 716 5268
42 1015 3806
43 605 2262
44 1464 2528
45 3353 3973
46 2182 3438
47 1793 3617
48 1284 2978
49 929 5556
50 3839 1211
51 5867 1405
52 5411 6937
53 6600 7334
54 6824 5177
55 4611 7894
56 627 1672
57 1836 1114
58 2409 4931
59 319 5376
60 7505 5318
DEMAND_SECTION
1 0.0
2 6.0
3 10.0
4 5.0
5 2.0
6 3.0
7 3.0
8 3.0
9 6.0
10 1.0
11 4.0
12 3.0
13 3.0
14 6.0
15 10.0
16 9.0
17 3.0
18 1.0
19 3.0
20 5.0
21 2.0
22 6.0
23 9.0
24 9.0
25 3.0
26 4.0
27 9.0
28 5.0
29 2.0
30 6.0
31 9.0
32 4.0
33 3.0
34 6.0
35 9.0
36 9.0
37 2.0
38 10.0
39 8.0
40 9.0
41 1.0
42 9.0
43 3.0
44 3.0
45 10.0
46 8.0
47 2.0
48 9.0
49 10.0
50 8.0
51 6.0
52 5.0
53 3.0
54 7.0
55 7.0
56 10.0
57 1.0
58 6.0
59 3.0
60 10.0
DEVIATION_SECTION
1 0.0
2 2.0
3 3.33333
4 1.66667
5 0.666667
6 1.0
7 1.0
8 1.0
9 2.0
10 0.333333
11 1.33333
12 1.0
13 1.0
14 2.0
15 3.33333
16 3.0
17 1.0
18 0.333333
19 1.0
20 1.66667
21 0.666667
22 2.0
23 3.0
24 3.0
25 1.0
26 1.33333
27 3.0
28 1.66667
29 0.666667
30 2.0
31 3.0
32 1.33333
33 1.0
34 2.0
35 3.0
36 3.0
37 0.666667
38 3.33333
39 2.66667
40 3.0
41 0.333333
42 3.0
43 1.0
44 1.0
45 3.33333
46 2.66667
47 0.666667
48 3.0
49 3.33333
50 2.66667
51 2.0
52 1.66667
53 1.0
54 2.33333
55 2.33333
56 3.33333
57 0.333333
58 2.0
59 1.0
60 3.33333
DISTANCE_MATRIX
0.0 25.0799 44.454 47.0744 41.0 25.632 22.0 18.4236 73.4419 43.6561 20.0998 69.7731 43.7379 27.198 30.8869 33.0151 28.2843 27.561 39.5601 70.7225 32.8024 42.3392 38.3059 24.0711 27.198 52.9379 21.2611 41.051 42.19 55.9102 45.7056 39.9625 46.8722 53.9073 52.9245 33.7343 36.2354 17.2627 25.08 63.0652 42.2966 40.4307 58.1461 48.3209 25.0416 33.1245 33.5529 44.7308 40.0125 53.9893 55.2272 33.1059 48.8262 41.1096 39.6368 64.1699 71.936 18.4391 47.2652 49.98 
25.0799 0.0 52.0 71.8401 25.4951 50.6952 47.0476 21.5407 70.8378 63.2851 43.7906 90.1095 68.4105 46.9696 6.40312 17.4642 14.8661 50.2769 27.7849 70.6116 30.1496 46.5296 42.4264 49.1187 50.6603 57.2073 26.2488 43.2666 19.9249 76.7207 22.0907 15.5563 71.5681 30.8058 39.6989 19.7231 55.8187 42.0595 35.805 83.7303 66.7083 65.4783 78.8026 67.4607 35.8035 53.3322 57.2419 66.6327 64.0134 58.2495 52.2015 21.9317 30.4138 16.2788 37.0135 83.3144 77.5862 43.3244 71.597 25.0 
44.454 52.0 0.0 45.1774 76.267 39.0128 44.4926 30.4631 115.095 20.5183 28.7849 86.1452 42.0476 49.8775 54.1202 44.1022 63.7647 30.1794 77.1536 114.615 73.7242 83.1757 82.1174 47.5234 48.7166 84.5234 62.9225 12.6491 71.8679 73.3348 73.3757 59.6825 44.2945 66.1891 90.1288 69.5143 57.4282 34.6133 60.7008 79.7621 38.9102 53.6004 75.4255 68.0074 53.4523 54.5894 53.0848 63.0317 34.4384 87.5726 96.6969 39.0 53.9351 66.2193 26.5707 82.2982 85.8677 35.0282 41.3401 73.1642 
47.0744 71.8401 45.1774 0.0 86.0058 22.0227 31.1448 56.4799 103.376 26.6833 28.6356 45.5412 3.60555 33.9559 77.215 74.8315 74.2428 33.3019 83.0963 97.7654 72.6911 67.2309 66.7308 38.0132 30.0832 65.2795 61.2046 55.0 89.1067 35.8469 92.7631 86.0663 1.0 98.0802 95.5249 79.0572 32.7567 29.8329 48.8365 40.2616 6.40312 18.3848 37.3363 35.609 43.1045 32.2025 27.2947 29.8329 10.8167 68.8203 89.1964 72.7588 89.7816 88.0568 67.2351 44.2719 55.2178 28.6356 5.09902 96.8401 
41.0 25.4951 76.267 86.0058 0.0 64.0 55.1453 45.8039 48.3735 83.9135 61.0 91.7661 83.006 53.7587 27.2947 41.6773 13.0 68.561 5.83095 50.04 17.8045 36.1248 32.5269 48.0 57.7062 48.1664 25.7099 68.2495 13.1529 80.029 17.72 30.5941 86.0 44.0114 14.2127 7.28011 61.0377 57.3149 39.2938 86.6694 82.0975 74.3303 82.0221 70.6207 43.1856 58.948 63.561 71.5493 80.399 47.8017 31.0644 46.8722 50.448 22.0227 62.482 84.1577 70.9366 58.2151 87.0919 26.9258 
25.632 50.6952 39.0128 22.0227 64.0 0.0 9.84886 42.5681 84.8764 29.6816 11.7047 48.3839 19.0263 14.2127 56.3649 57.3325 52.241 19.1421 61.2046 79.6492 51.1957 48.2597 47.2094 16.0 11.4018 49.6901 39.4588 45.0547 67.2681 34.9285 71.0634 65.2993 22.0 78.7333 73.8241 57.036 18.9737 9.21954 27.8568 41.7612 18.4391 16.6433 37.108 29.0 21.3776 16.5529 14.1421 24.1868 17.8885 52.6062 69.6554 57.2605 73.1301 66.7308 56.8646 43.7379 47.0744 7.81025 23.3452 75.6108 
22.0 47.0476 44.4926 31.1448 55.1453 9.84886 0.0 39.4393 75.384 38.2884 15.8114 48.3735 28.4429 5.38516 52.8853 54.2038 43.9318 24.3132 52.0096 70.2119 41.5933 38.7728 37.7145 8.06226 5.38516 40.4018 30.0666 50.2402 59.6294 34.4819 63.9107 61.9386 31.257 75.6045 64.3817 48.3735 14.3178 10.198 18.0278 41.6773 28.1603 20.5913 36.7151 26.5707 12.0 11.1803 12.2066 23.3238 27.7308 43.3178 60.1604 54.1318 70.0014 62.9396 60.6525 42.5441 42.9646 9.48683 32.9848 71.8506 
18.4236 21.5407 30.4631 56.4799 45.8039 42.5681 39.4393 0.0 86.4523 43.0465 31.7836 87.2124 52.8762 44.6374 24.1868 18.3576 33.3017 33.178 46.6905 84.5813 44.4185 56.47 52.4367 41.5104 44.6374 67.5797 35.1141 22.6274 41.4367 73.3495 43.1741 31.1448 55.9629 41.6293 59.6657 39.0512 53.6747 33.6539 39.7217 80.5045 50.5371 57.8701 75.5854 65.7603 40.8032 50.5639 50.9923 62.1702 47.0106 68.631 67.7422 16.2788 33.3017 36.3456 21.2132 81.6092 87.6976 34.9701 55.0364 44.0114 
73.4419 70.8378 115.095 103.376 48.3735 84.8764 75.384 86.4523 0.0 113.99 90.515 85.0235 101.6 70.7248 74.4648 88.2326 55.9732 99.0994 43.9318 8.24621 42.0595 36.6197 38.2884 73.9585 74.0945 39.8497 52.2015 109.08 61.131 79.2465 65.0077 78.9177 103.809 92.1358 37.1214 51.6624 71.0523 84.7198 73.2898 82.3893 102.215 86.7538 79.9062 72.5328 67.7684 71.1767 76.1654 76.844 102.626 36.4005 18.7883 92.6984 98.656 70.3491 106.452 78.1601 60.0333 84.3346 106.551 74.0068 
43.6561 63.2851 20.5183 26.6833 83.9135 29.6816 38.2884 43.0465 113.99 0.0 24.4131 71.007 24.1868 43.4166 67.0075 60.0167 70.9302 26.095 83.0789 108.476 75.5191 77.0373 76.3205 41.7265 41.0488 78.6699 63.93 32.45 82.8734 59.5399 85.3756 74.1867 25.7099 83.1986 96.3679 76.6581 48.3011 29.8329 54.9039 65.123 21.095 39.6232 61.4003 56.3205 47.6554 46.1411 42.9535 50.6952 17.0 81.5859 97.5149 55.7853 72.111 79.0569 46.1411 68.469 75.6108 29.7321 22.1359 87.0057 
20.0998 43.7906 28.7849 28.6356 61.0 11.7047 15.8114 31.7836 90.515 24.4131 0.0 60.0833 25.0799 21.1896 49.1294 50.1351 48.3735 8.60555 59.203 85.3429 51.4844 53.9037 52.8454 18.2514 20.2237 55.231 39.8953 34.5325 62.0322 46.5725 65.2763 61.8464 28.2312 73.3838 72.4224 53.7587 29.0689 5.83095 31.4288 53.4509 23.0868 28.178 48.7647 40.1995 24.1803 26.1725 25.0799 35.6931 20.2237 58.3006 74.0398 48.0624 65.0852 60.0586 46.3424 55.3173 57.6009 6.32456 27.8927 68.7761 
69.7731 90.1095 86.1452 45.5412 91.7661 48.3839 48.3735 87.2124 85.0235 71.007 60.0833 0.0 47.1699 45.2217 96.5122 101.569 86.6947 67.3618 86.4904 77.1038 73.9933 58.1893 60.5392 55.4707 43.0465 48.0521 72.7708 93.075 101.802 13.8924 106.758 105.594 46.5296 120.906 94.7048 87.7066 35.0 56.4624 55.91 6.7082 50.0899 32.5576 11.6619 22.6716 55.3173 38.0132 36.2353 25.0599 54.0093 50.636 78.4474 101.905 117.217 103.892 108.426 7.61577 25.0 55.1543 50.636 112.721 
43.7379 68.4105 42.0476 3.60555 83.006 19.0263 28.4429 52.8762 101.6 24.1868 25.0799 47.1699 0.0 31.6228 73.766 71.2277 71.1126 29.6982 80.2247 95.9899 70.0357 65.307 64.622 35.0143 27.8568 64.5384 58.4209 51.614 85.8429 36.6879 89.4427 82.6172 3.16228 94.4764 92.7793 76.0066 31.4006 26.4764 46.3249 41.5933 3.16228 18.0278 38.3275 35.5106 40.3113 30.5287 25.807 29.6816 7.61577 68.9072 87.0919 69.155 86.1778 84.6463 63.7573 45.3542 55.2268 25.318 5.0 93.4077 
27.198 46.9696 49.8775 33.9559 53.7587 14.2127 5.38516 44.6374 70.7248 43.4166 21.1896 45.2217 31.6228 0.0 53.3723 58.9935 43.3244 29.6982 50.1597 65.437 39.0512 34.1321 33.1059 10.2956 4.0 35.4849 28.1603 55.6251 59.2368 31.4006 63.561 62.4545 34.2053 77.7665 62.0322 47.2969 10.2956 15.5242 15.0333 38.6005 31.7805 20.6155 33.6006 22.8254 11.1803 7.2111 10.2956 20.5183 31.9061 38.401 55.5428 59.3298 74.6418 60.7858 65.8506 38.9487 38.675 14.8661 36.4005 69.6524 
30.8869 6.40312 54.1202 77.215 27.2947 56.3649 52.8853 24.1868 74.4648 67.0075 49.1294 96.5122 73.766 53.3723 0.0 14.4222 19.0263 55.01 30.6757 74.8131 35.0143 52.1728 48.0521 54.9563 57.0629 62.9951 32.311 44.2832 18.6011 83.1233 19.3132 9.21954 76.9258 24.4131 41.3401 22.8035 62.2213 47.5395 42.2019 90.133 72.0479 71.316 85.2053 73.8633 42.2062 59.7348 63.6445 73.0354 68.9837 64.0312 56.0892 19.8494 25.02 12.1655 36.1248 89.7171 83.374 48.8467 76.9358 20.0998 
33.0151 17.4642 44.1022 74.8315 41.6773 57.3325 54.2038 18.3576 88.2326 60.0167 50.1351 101.569 71.2277 58.9935 14.4222 0.0 32.28 51.5296 44.7772 88.0738 47.5184 63.0714 59.0339 55.8666 58.9935 73.6737 42.19 32.7567 32.5269 87.7056 32.2025 16.1555 74.3144 23.4094 55.7584 36.7696 68.0309 48.4184 49.439 94.8607 68.8947 72.6346 89.9416 80.1164 49.4005 64.92 65.7568 76.5263 65.3682 74.725 69.6419 5.83095 15.8114 24.4131 22.4722 96.9115 96.2949 49.7346 73.3939 29.7321 
28.2843 14.8661 63.7647 74.2428 13.0 52.241 43.9318 33.3017 55.9732 70.9302 48.3735 86.6947 71.1126 43.3244 19.0263 32.28 0.0 55.8035 13.4536 55.9017 16.1245 34.176 30.0832 36.4459 47.1275 45.618 17.0294 55.9017 16.1245 72.2118 20.8087 25.7099 74.1687 41.1096 26.4008 5.83095 51.4401 45.0111 30.0167 79.2214 70.0071 63.8905 74.2938 62.9518 32.28 49.2443 53.4883 62.234 68.0661 46.2385 37.3631 36.7696 44.0 20.2485 51.3128 79.0863 66.2593 46.0 75.0067 28.3196 
27.561 50.2769 30.1794 33.3019 68.561 19.1421 24.3132 33.178 99.0994 26.095 8.60555 67.3618 29.6982 29.6982 55.01 51.5296 55.8035 0.0 66.9839 93.9274 59.4241 62.4882 61.4299 26.8359 28.5372 63.8359 47.835 35.9269 69.0078 54.0306 72.0671 63.2409 32.7849 74.7782 80.2728 61.2939 37.249 14.434 40.0133 60.7853 27.3607 35.0832 56.1957 48.0465 32.7648 34.4279 33.0 43.3275 23.9737 66.8851 82.6243 49.4568 66.4797 66.5224 47.7369 62.8705 65.7022 14.8489 31.9258 75.0357 
39.5601 27.7849 77.1536 83.0963 5.83095 61.2046 52.0096 46.6905 43.9318 83.0789 59.203 86.4904 80.2247 50.1597 30.6757 44.7772 13.4536 66.9839 0.0 45.0111 12.53 30.4138 26.9072 45.2769 54.1479 42.45 22.0227 69.3109 18.6815 75.2757 23.4094 35.1283 83.1505 49.163 13.4164 8.06226 56.7002 55.112 35.3553 81.3937 79.511 70.5762 77.2688 65.8674 40.0125 54.9936 59.6825 66.7966 78.1331 42.0119 26.0192 49.6488 54.7449 27.074 64.6375 78.882 65.437 55.9303 84.4808 32.573 
70.7225 70.6116 114.615 97.7654 50.04 79.6492 70.2119 84.5813 8.24621 108.476 85.3429 77.1038 95.9899 65.437 74.8131 88.0738 55.9017 93.9274 45.0111 0.0 40.8044 31.8277 34.2053 70.9398 68.6034 33.1059 49.6488 107.209 63.1269 71.8053 67.3647 80.0999 98.1984 94.0479 40.5216 52.2398 65.4421 79.5477 68.1178 74.6726 96.6273 80.046 72.3671 65.4599 67.8425 65.5666 70.5552 70.0071 97.2037 29.5466 19.0 92.1792 99.5038 72.0069 105.109 70.3491 52.1536 79.1626 100.94 76.531 
32.8024 30.1496 73.7242 72.6911 17.8045 51.1957 41.5933 44.4185 42.0595 75.5191 51.4844 73.9933 70.0357 39.0512 35.0143 47.5184 16.1245 59.4241 12.53 40.8044 0.0 18.868 15.0 35.7351 43.0465 30.8058 12.083 67.0459 28.8444 62.9389 33.8378 41.7732 72.8354 57.0088 23.0 14.7648 44.5533 48.1052 24.0208 68.8966 69.6348 59.0954 64.7989 53.5306 29.8329 43.1875 48.1066 54.5711 68.6804 30.8869 23.3238 51.4198 60.0333 35.4683 64.4748 66.3849 53.1507 47.72 74.5252 42.5441 
42.3392 46.5296 83.1757 67.2309 36.1248 48.2597 38.7728 56.47 36.6197 77.0373 53.9037 58.1893 65.307 34.1321 52.1728 63.0714 34.176 62.4882 30.4138 31.8277 18.868 0.0 4.12311 39.5007 37.5899 12.0416 21.3579 79.0974 47.7074 48.5077 52.6972 59.7746 67.624 75.2728 36.6742 33.6155 35.171 48.1086 36.6786 53.6004 65.7647 50.6952 49.8197 40.05 36.4033 35.1141 40.1622 43.1194 66.0379 12.083 22.3607 66.1215 76.9415 54.1295 77.3951 50.5964 35.5106 47.7234 70.214 61.4003 
38.3059 42.4264 82.1174 66.7308 32.5269 47.2094 37.7145 52.4367 38.2884 76.3205 52.8454 60.5392 64.622 33.1059 48.0521 59.0339 30.0832 61.4299 26.9072 34.2053 15.0 4.12311 0.0 38.7308 36.7696 15.8114 17.3246 75.0641 43.8292 50.2195 48.8262 55.6597 67.0671 71.1688 34.176 29.6816 35.3553 47.0503 35.6203 55.6597 64.8845 50.8035 51.6624 41.4401 32.5407 34.9285 40.025 44.0114 64.9883 16.1555 22.4722 62.0882 72.8354 50.0899 73.3618 52.9245 38.6005 46.6651 69.4622 57.4543 
24.0711 49.1187 47.5234 38.0132 48.0 16.0 8.06226 41.5104 73.9585 41.7265 18.2514 55.4707 35.0143 10.2956 54.9563 55.8666 36.4459 26.8359 45.2769 70.9398 35.7351 39.5007 38.7308 0.0 12.7279 41.1352 23.7697 52.7628 65.3205 41.6173 69.1678 64.0096 38.0 77.6756 58.0517 41.0488 20.5913 12.4562 14.1421 48.8262 34.2345 28.6531 43.8292 33.121 6.40312 17.4929 19.799 30.6105 33.0326 44.0512 56.0505 56.2029 71.5148 65.0107 62.7236 49.2443 48.9 12.0711 39.2046 73.9216 
27.198 50.6603 48.7166 30.0832 57.7062 11.4018 5.38516 44.6374 74.0945 41.0488 20.2237 43.0465 27.8568 4.0 57.0629 58.9935 47.1275 28.5372 54.1479 68.6034 43.0465 37.5899 36.7696 12.7279 0.0 38.6047 32.1403 54.4642 62.9682 29.1548 67.2522 66.1452 30.3645 80.8026 66.0303 51.1957 9.05539 15.0 19.0263 36.3593 28.178 16.7631 31.3847 21.1896 14.8661 6.0 7.07107 18.0278 28.6007 41.5208 59.2368 59.3298 75.1994 64.4764 65.8506 37.1618 37.7115 14.0357 32.6956 73.343 
52.9379 57.2073 84.5234 65.2795 48.1664 49.6901 40.4018 67.5797 39.8497 78.6699 55.231 48.0521 64.5384 35.4849 62.9951 73.6737 45.618 63.8359 42.45 33.1059 30.8058 12.0416 15.8114 41.1352 38.6047 0.0 31.9566 90.2071 59.6406 40.05 64.6375 70.9366 65.9515 86.539 48.0208 45.4863 36.2258 49.4149 38.3131 44.1814 66.6286 46.9593 41.0 32.7567 38.0378 35.5678 40.5565 37.0 67.205 3.60555 30.4138 76.7202 87.6159 65.7647 88.7929 40.6079 24.1661 49.2039 69.466 73.2462 
21.2611 26.2488 62.9225 61.2046 25.7099 39.4588 30.0666 35.1141 52.2015 63.93 39.8953 72.7708 58.4209 28.1603 32.311 42.19 17.0294 47.835 22.0227 49.6488 12.083 21.3579 17.3246 23.7697 32.1403 31.9566 0.0 57.7415 33.0151 60.4113 37.8021 40.7063 61.2944 56.356 34.3657 19.6977 35.3335 36.191 13.6015 67.6741 57.8705 48.6621 62.4044 51.003 18.1108 33.2438 37.855 46.1273 56.7674 33.0079 33.9706 45.0111 56.5155 36.8782 56.0446 65.1624 52.3354 35.8058 62.8013 45.2548 
41.051 43.2666 12.6491 55.0 68.2495 45.0547 50.2402 22.6274 109.08 32.45 34.5325 93.075 51.614 55.6251 44.2832 32.7567 55.9017 35.9269 69.3109 107.209 67.0459 79.0974 75.0641 52.7628 54.4642 90.2071 57.7415 0.0 62.6498 79.8724 63.561 48.7647 54.2033 54.0093 82.2192 61.6198 63.176 40.3609 62.3491 86.5471 48.6004 60.6086 82.0212 73.9734 58.6918 60.3548 58.9269 69.2403 44.2041 91.2584 90.3696 27.2947 41.4367 56.0803 13.9284 88.7476 91.6292 40.7758 51.7397 62.3618 
42.19 19.9249 71.8679 89.1067 13.1529 67.2681 59.6294 41.4367 61.131 82.8734 62.0322 101.802 85.8429 59.2368 18.6011 32.5269 16.1245 69.0078 18.6815 63.1269 28.8444 47.7074 43.8292 65.3205 62.9682 59.6406 33.0151 62.6498 0.0 88.3107 5.0 18.7883 88.955 31.0161 25.0 14.2127 67.5391 59.4138 46.1411 96.7049 84.4808 79.712 90.3927 79.0507 48.1041 65.307 69.4622 78.3329 82.1523 59.6825 44.1814 38.2099 38.6264 9.48683 54.6717 94.1932 81.3449 60.531 89.4539 13.9284 
55.9102 76.7207 73.3348 35.8469 80.029 34.9285 34.4819 73.3495 79.2465 59.5399 46.5725 13.8924 36.6879 31.4006 83.1233 87.7056 72.2118 54.0306 75.2757 71.8053 62.9389 48.5077 50.2195 41.6173 29.1548 40.05 60.4113 79.8724 88.3107 0.0 92.8416 92.2056 36.7696 107.518 84.2525 75.347 21.2603 42.72 42.5212 7.2111 39.2938 20.025 2.23607 9.43398 41.7253 24.2074 22.3607 11.1803 42.7551 43.1856 70.0643 88.0419 103.354 90.5031 94.5627 9.0 21.6333 41.4367 40.8534 99.3319 
45.7056 22.0907 73.3757 92.7631 17.72 71.0634 63.9107 43.1741 65.0077 85.3756 65.2763 106.758 89.4427 63.561 19.3132 32.2025 20.8087 72.0671 23.4094 67.3647 33.8378 52.6972 48.8262 69.1678 67.2522 64.6375 37.8021 63.561 5.0 92.8416 0.0 17.0294 92.5743 27.2947 28.2843 19.2094 72.0694 62.9682 50.774 99.8512 87.9659 83.9936 94.9235 83.5815 52.3927 69.7711 73.8241 82.8637 85.4751 64.6607 48.5077 38.0132 36.2353 7.81025 54.6443 99.1492 86.3134 64.1327 92.9139 9.21954 
39.9625 15.5563 59.6825 86.0663 30.5941 65.2993 61.9386 31.1448 78.9177 74.1867 61.8464 105.594 82.6172 62.4545 9.21954 16.1555 25.7099 63.2409 35.1283 80.0999 41.7732 59.7746 55.6597 64.0096 66.1452 70.9366 40.7063 48.7647 18.7883 92.2056 17.0294 0.0 85.7771 15.6525 43.6578 28.0179 71.3035 56.3926 51.225 99.2152 80.6016 80.3693 94.2875 82.9455 51.2884 68.8171 72.7267 82.1176 77.2145 71.7844 61.131 21.9317 19.9249 9.43398 38.4708 98.7993 91.3209 57.7088 85.1667 13.6015 
46.8722 71.5681 44.2945 1.0 86.0 22.0 31.257 55.9629 103.809 25.7099 28.2312 46.5296 3.16228 34.2053 76.9258 74.3144 74.1687 32.7849 83.1505 98.1984 72.8354 67.624 67.0671 38.0 30.3645 65.9515 61.2944 54.2033 88.955 36.7696 92.5743 85.7771 0.0 97.5631 95.6347 79.0265 33.2866 29.6142 49.0306 41.2311 5.65685 19.105 38.2753 36.4005 43.1856 32.6497 27.7849 30.6105 10.0 69.4923 89.5377 72.2417 89.2645 87.8009 66.4952 45.2217 56.0357 28.4429 4.12311 96.566 
53.9073 30.8058 66.1891 98.0802 44.0114 78.7333 75.6045 41.6293 92.1358 83.1986 73.3838 120.906 94.4764 77.7665 24.4131 23.4094 41.1096 74.7782 49.163 94.0479 57.0088 75.2728 71.1688 77.6756 80.8026 86.539 56.356 54.0093 31.0161 107.518 27.2947 15.6525 97.5631 0.0 55.5788 42.7551 86.6155 69.8192 66.6108 114.527 92.1389 94.0353 109.6 98.2575 66.6004 84.129 87.1575 97.4296 88.6397 87.3155 75.06 27.4591 13.9284 22.0907 41.1947 114.111 106.937 71.1354 96.6644 18.9737 
52.9245 39.6989 90.1288 95.5249 14.2127 73.8241 64.3817 59.6657 37.1214 96.3679 72.4224 94.7048 92.7793 62.0322 41.3401 55.7584 26.4008 80.2728 13.4164 40.5216 23.0 36.6742 34.176 58.0517 66.0303 48.0208 34.3657 82.2192 25.0 84.2525 28.2843 43.6578 95.6347 55.5788 0.0 20.6155 67.3647 68.2376 47.0106 89.8109 92.228 82.0549 85.7337 75.4481 52.469 66.1211 71.0634 77.1038 91.0768 46.6154 22.8254 61.0328 63.5689 34.4819 76.6942 87.0919 72.0694 69.0559 97.1648 37.054 
33.7343 19.7231 69.5143 79.0572 7.28011 57.036 48.3735 39.0512 51.6624 76.6581 53.7587 87.7066 76.0066 47.2969 22.8035 36.7696 5.83095 61.2939 8.06226 52.2398 14.7648 33.6155 29.6816 41.0488 51.1957 45.4863 19.6977 61.6198 14.2127 75.347 19.2094 28.0179 79.0265 42.7551 20.6155 0.0 54.9092 50.1597 33.2415 82.6099 75.0267 67.9117 77.3401 65.9387 36.4966 52.811 57.28 65.703 73.2462 45.6508 33.3766 41.5933 47.2652 20.8806 56.6127 80.0982 67.1789 51.0882 80.025 27.7849 
36.2354 55.8187 57.4282 32.7567 61.0377 18.9737 14.3178 53.6747 71.0523 48.3011 29.0689 35.0 31.4006 10.2956 62.2213 68.0309 51.4401 37.249 56.7002 65.4421 44.5533 35.171 35.3553 20.5913 9.05539 36.2258 35.3335 63.176 67.5391 21.2603 72.0694 71.3035 33.2866 86.6155 67.3647 54.9092 0.0 24.0208 21.7495 28.4253 32.5576 15.5242 23.4307 12.53 20.5183 3.16228 5.65685 10.8167 34.0588 39.7666 57.4891 68.3672 83.6792 69.6348 74.8879 28.6531 28.6581 23.0 36.4005 78.492 
17.2627 42.0595 34.6133 29.8329 57.3149 9.21954 10.198 33.6539 84.7198 29.8329 5.83095 56.4624 26.4764 15.5242 47.5395 48.4184 45.0111 14.434 55.112 79.5477 48.1052 48.1086 47.0503 12.4562 15.0 49.4149 36.191 40.3609 59.4138 42.72 62.9682 56.3926 29.6142 69.8192 68.2376 50.1597 24.0208 0.0 25.6336 49.7695 25.0799 25.6125 44.9444 35.6931 18.3852 21.0 20.6155 31.6228 23.0868 52.5054 68.2446 48.3464 64.216 58.2409 54.8671 51.2445 52.6515 1.41421 30.0666 67.0522 
25.08 35.805 60.7008 48.8365 39.2938 27.8568 18.0278 39.7217 73.2898 54.9039 31.4288 55.91 46.3249 15.0333 42.2019 49.439 30.0167 40.0133 35.3553 68.1178 24.0208 36.6786 35.6203 14.1421 19.0263 38.3131 13.6015 62.3491 46.1411 42.5212 50.774 51.225 49.0306 66.6108 47.0106 33.2415 21.7495 25.6336 0.0 49.5308 46.1736 35.2278 44.6032 33.2612 7.81025 19.6599 24.3311 32.5434 45.6946 41.2292 43.4524 51.3659 64.662 48.9183 60.9349 49.115 48.4984 25.2485 50.9608 57.6281 
63.0652 83.7303 79.7621 40.2616 86.6694 41.7612 41.6773 80.5045 82.3893 65.123 53.4509 6.7082 41.5933 38.6005 90.133 94.8607 79.2214 60.7853 81.3937 74.6726 68.8966 53.6004 55.6597 48.8262 36.3593 44.1814 67.6741 86.5471 96.7049 7.2111 99.8512 99.2152 41.2311 114.527 89.8109 82.6099 28.4253 49.7695 49.5308 0.0 44.4072 26.1725 5.0 16.2788 48.8365 31.4006 29.5296 18.3576 48.1664 47.0425 74.5453 95.197 110.509 97.5127 101.718 5.0 22.8035 48.4665 45.3542 106.342 
42.2966 66.7083 38.9102 6.40312 82.0975 18.4391 28.1603 50.5371 102.215 21.095 23.0868 50.0899 3.16228 31.7805 72.0479 68.8947 70.0071 27.3607 79.511 96.6273 69.6348 65.7647 64.8845 34.2345 28.178 66.6286 57.8705 48.6004 84.4808 39.2938 87.9659 80.6016 5.65685 92.1389 92.228 75.0267 32.5576 25.0799 46.1736 44.4072 0.0 20.1246 41.0 37.5899 39.8121 31.4006 26.9072 31.7648 4.47214 69.5446 87.3305 66.8159 83.8388 82.9759 60.8433 48.0521 57.3062 24.0208 5.0 91.6946 
40.4307 65.4783 53.6004 18.3848 74.3303 16.6433 20.5913 57.8701 86.7538 39.6232 28.178 32.5576 18.0278 20.6155 71.316 72.6346 63.8905 35.0832 70.5762 80.046 59.0954 50.6952 50.8035 28.6531 16.7631 46.9593 48.6621 60.6086 79.712 20.025 83.9936 80.3693 19.105 94.0353 82.0549 67.9117 15.5242 25.6125 35.2278 26.1725 20.1246 0.0 22.0 17.4929 31.6228 16.0312 11.0 11.6619 23.0868 50.5001 73.0068 72.5625 88.4321 81.2179 72.4185 29.0172 37.2156 24.2074 22.8035 90.0845 
58.1461 78.8026 75.4255 37.3363 82.0221 37.108 36.7151 75.5854 79.9062 61.4003 48.7647 11.6619 38.3275 33.6006 85.2053 89.9416 74.2938 56.1957 77.2688 72.3671 64.7989 49.8197 51.6624 43.8292 31.3847 41.0 62.4044 82.0212 90.3927 2.23607 94.9235 94.2875 38.2753 109.6 85.7337 77.3401 23.4307 44.9444 44.6032 5.0 41.0 22.0 0.0 11.4018 43.8634 26.4008 24.5967 13.4164 44.5533 44.0454 71.1758 90.2779 105.59 92.585 96.7986 7.07107 21.4709 43.6578 42.3792 101.414 
48.3209 67.4607 68.0074 35.609 70.6207 29.0 26.5707 65.7603 72.5328 56.3205 40.1995 22.6716 35.5106 22.8254 73.8633 80.1164 62.9518 48.0465 65.8674 65.4599 53.5306 40.05 41.4401 33.121 21.1896 32.7567 51.003 73.9734 79.0507 9.43398 83.5815 82.9455 36.4005 98.2575 75.4481 65.9387 12.53 35.6931 33.2612 16.2788 37.5899 17.4929 11.4018 0.0 32.6497 15.6525 15.1327 5.83095 40.3113 36.1386 62.0322 80.4527 95.7647 81.243 86.9735 16.1245 19.7231 34.5254 40.2244 90.0719 
25.0416 35.8035 53.4523 43.1045 43.1856 21.3776 12.0 40.8032 67.7684 47.6554 24.1803 55.3173 40.3113 11.1803 42.2062 49.4005 32.28 32.7648 40.0125 67.8425 29.8329 36.4033 32.5407 6.40312 14.8661 38.0378 18.1108 58.6918 48.1041 41.7253 52.3927 51.2884 43.1856 66.6004 52.469 36.4966 20.5183 18.3852 7.81025 48.8365 39.8121 31.6228 43.8634 32.6497 0.0 17.8045 21.4709 31.241 38.8973 40.9539 49.8603 51.3275 64.6236 49.6197 62.0164 48.6044 48.2231 18.0 44.7214 58.4863 
33.1245 53.3322 54.5894 32.2025 58.948 16.5529 11.1803 50.5639 71.1767 46.1411 26.1725 38.0132 30.5287 7.2111 59.7348 64.92 49.2443 34.4279 54.9936 65.5666 43.1875 35.1141 34.9285 17.4929 6.0 35.5678 33.2438 60.3548 65.307 24.2074 69.7711 68.8171 32.6497 84.129 66.1211 52.811 3.16228 21.0 19.6599 31.4006 31.4006 16.0312 26.4008 15.6525 17.8045 0.0 5.09902 13.4536 32.5269 38.4839 57.28 65.2563 80.5683 67.1483 71.7771 31.7648 31.7851 20.025 35.5106 76.0149 
33.5529 57.2419 53.0848 27.2947 63.561 14.1421 12.2066 50.9923 76.1654 42.9535 25.0799 36.2353 25.807 10.2956 63.6445 65.7568 53.4883 33.0 59.6825 70.5552 48.1066 40.1622 40.025 19.799 7.07107 40.5565 37.855 58.9269 69.4622 22.3607 73.8241 72.7267 27.7849 87.1575 71.0634 57.28 5.65685 20.6155 24.3311 29.5296 26.9072 11.0 24.5967 15.1327 21.4709 5.09902 0.0 11.1803 28.4253 43.4726 62.3618 65.6847 81.5543 71.058 72.2055 30.6757 32.9848 19.4165 30.8058 79.9246 
44.7308 66.6327 63.0317 29.8329 71.5493 24.1868 23.3238 62.1702 76.844 50.6952 35.6931 25.0599 29.6816 20.5183 73.0354 76.5263 62.234 43.3275 66.7966 70.0071 54.5711 43.1194 44.0114 30.6105 18.0278 37.0 46.1273 69.2403 78.3329 11.1803 82.8637 82.1176 30.6105 97.4296 77.1038 65.703 10.8167 31.6228 32.5434 18.3576 31.7648 11.6619 13.4164 5.83095 31.241 13.4536 11.1803 0.0 34.5398 40.4969 65.3772 76.8626 92.1746 80.4487 83.3834 19.6469 25.5539 30.3645 34.4093 89.3085 
40.0125 64.0134 34.4384 10.8167 80.399 17.8885 27.7308 47.0106 102.626 17.0 20.2237 54.0093 7.61577 31.9061 68.9837 65.3682 68.0661 23.9737 78.1331 97.2037 68.6804 66.0379 64.9883 33.0326 28.6007 67.205 56.7674 44.2041 82.1523 42.7551 85.4751 77.2145 10.0 88.6397 91.0768 73.2462 34.0588 23.0868 45.6946 48.1664 4.47214 23.0868 44.5533 40.3113 38.8973 32.5269 28.4253 34.5398 0.0 70.121 87.4343 63.2895 80.3123 80.2814 56.5685 51.6236 59.9333 22.2036 8.06226 89.0094 
53.9893 58.2495 87.5726 68.8203 47.8017 52.6062 43.3178 68.631 36.4005 81.5859 58.3006 50.636 68.9072 38.401 64.0312 74.725 46.2385 66.8851 42.0119 29.5466 30.8869 12.083 16.1555 44.0512 41.5208 3.60555 33.0079 91.2584 59.6825 43.1856 64.6607 71.7844 69.4923 87.3155 46.6154 45.6508 39.7666 52.5054 41.2292 47.0425 69.5446 50.5001 44.0454 36.1386 40.9539 38.4839 43.4726 40.4969 70.121 0.0 27.8927 77.7715 88.6454 66.2118 89.8442 43.2897 26.2488 52.1199 73.8577 73.4302 
55.2272 52.2015 96.6969 89.1964 31.0644 69.6554 60.1604 67.7422 18.7883 97.5149 74.0398 78.4474 87.0919 55.5428 56.0892 69.6419 37.3631 82.6243 26.0192 19.0 23.3238 22.3607 22.4722 56.0505 59.2368 30.4138 33.9706 90.3696 44.1814 70.0643 48.5077 61.131 89.5377 75.06 22.8254 33.3766 57.4891 68.2446 43.4524 74.5453 87.3305 73.0068 71.1758 62.0322 49.8603 57.28 62.3618 65.3772 87.4343 27.8927 0.0 74.0 80.6226 53.0094 87.6641 71.0211 54.1202 67.8594 91.9239 57.7062 
33.1059 21.9317 39.0 72.7588 46.8722 57.2605 54.1318 16.2788 92.6984 55.7853 48.0624 101.905 69.155 59.3298 19.8494 5.83095 36.7696 49.4568 49.6488 92.1792 51.4198 66.1215 62.0882 56.2029 59.3298 76.7202 45.0111 27.2947 38.2099 88.0419 38.0132 21.9317 72.2417 27.4591 61.0328 41.5933 68.3672 48.3464 51.3659 95.197 66.8159 72.5625 90.2779 80.4527 51.3275 65.2563 65.6847 76.8626 63.2895 77.7715 74.0 0.0 17.2047 30.2324 16.6433 96.3017 98.2219 49.6626 71.3152 35.4683 
48.8262 30.4138 53.9351 89.7816 50.448 73.1301 70.0014 33.3017 98.656 72.111 65.0852 117.217 86.1778 74.6418 25.02 15.8114 44.0 66.4797 54.7449 99.5038 60.0333 76.9415 72.8354 71.5148 75.1994 87.6159 56.5155 41.4367 38.6264 103.354 36.2353 19.9249 89.2645 13.9284 63.5689 47.2652 83.6792 64.216 64.662 110.509 83.8388 88.4321 105.59 95.7647 64.6236 80.5683 81.5543 92.1746 80.3123 88.6454 80.6226 17.2047 0.0 29.1548 28.0179 112.135 111.518 65.5322 88.338 29.8329 
41.1096 16.2788 66.2193 88.0568 22.0227 66.7308 62.9396 36.3456 70.3491 79.0569 60.0586 103.892 84.6463 60.7858 12.1655 24.4131 20.2485 66.5224 27.074 72.0069 35.4683 54.1295 50.0899 65.0107 64.4764 65.7647 36.8782 56.0803 9.48683 90.5031 7.81025 9.43398 87.8009 22.0907 34.4819 20.8806 69.6348 58.2409 48.9183 97.5127 82.9759 81.2179 92.585 81.243 49.6197 67.1483 71.058 80.4487 80.2814 66.2118 53.0094 30.2324 29.1548 0.0 46.8722 97.0968 86.5078 59.4811 87.865 8.94427 
39.6368 37.0135 26.5707 67.2351 62.482 56.8646 60.6525 21.2132 106.452 46.1411 46.3424 108.426 63.7573 65.8506 36.1248 22.4722 51.3128 47.7369 64.6375 105.109 64.4748 77.3951 73.3618 62.7236 65.8506 88.7929 56.0446 13.9284 54.6717 94.5627 54.6443 38.4708 66.4952 41.1947 76.6942 56.6127 74.8879 54.8671 60.9349 101.718 60.8433 72.4185 96.7986 86.9735 62.0164 71.7771 72.2055 83.3834 56.5685 89.8442 87.6641 16.6433 28.0179 46.8722 0.0 102.822 108.911 56.1833 64.3817 51.8941 
64.1699 83.3144 82.2982 44.2719 84.1577 43.7379 42.5441 81.6092 78.1601 68.469 55.3173 7.61577 45.3542 38.9487 89.7171 96.9115 79.0863 62.8705 78.882 70.3491 66.3849 50.5964 52.9245 49.2443 37.1618 40.6079 65.1624 88.7476 94.1932 9.0 99.1492 98.7993 45.2217 114.111 87.0919 80.0982 28.6531 51.2445 49.115 5.0 48.0521 29.0172 7.07107 16.1245 48.6044 31.7648 30.6757 19.6469 51.6236 43.2897 71.0211 96.3017 112.135 97.0968 102.822 0.0 18.2483 50.0 49.3356 105.926 
71.936 77.5862 85.8677 55.2178 70.9366 47.0744 42.9646 87.6976 60.0333 75.6108 57.6009 25.0 55.2268 38.675 83.374 96.2949 66.2593 65.7022 65.437 52.1536 53.1507 35.5106 38.6005 48.9 37.7115 24.1661 52.3354 91.6292 81.3449 21.6333 86.3134 91.3209 56.0357 106.937 72.0694 67.1789 28.6581 52.6515 48.4984 22.8035 57.3062 37.2156 21.4709 19.7231 48.2231 31.7851 32.9848 25.5539 59.9333 26.2488 54.1202 98.2219 111.518 86.5078 108.911 18.2483 0.0 51.6037 59.9083 94.4257 
18.4391 43.3244 35.0282 28.6356 58.2151 7.81025 9.48683 34.9701 84.3346 29.7321 6.32456 55.1543 25.318 14.8661 48.8467 49.7346 46.0 14.8489 55.9303 79.1626 47.72 47.7234 46.6651 12.0711 14.0357 49.2039 35.8058 40.7758 60.531 41.4367 64.1327 57.7088 28.4429 71.1354 69.0559 51.0882 23.0 1.41421 25.2485 48.4665 24.0208 24.2074 43.6578 34.5254 18.0 20.025 19.4165 30.3645 22.2036 52.1199 67.8594 49.6626 65.5322 59.4811 56.1833 50.0 51.6037 0.0 29.0172 68.3081 
47.2652 71.597 41.3401 5.09902 87.0919 23.3452 32.9848 55.0364 106.551 22.1359 27.8927 50.636 5.0 36.4005 76.9358 73.3939 75.0067 31.9258 84.4808 100.94 74.5252 70.214 69.4622 39.2046 32.6956 69.466 62.8013 51.7397 89.4539 40.8534 92.9139 85.1667 4.12311 96.6644 97.1648 80.025 36.4005 30.0666 50.9608 45.3542 5.0 22.8035 42.3792 40.2244 44.7214 35.5106 30.8058 34.4093 8.06226 73.8577 91.9239 71.3152 88.338 87.865 64.3817 49.3356 59.9083 29.0172 0.0 96.5825 
49.98 25.0 73.1642 96.8401 26.9258 75.6108 71.8506 44.0114 74.0068 87.0057 68.7761 112.721 93.4077 69.6524 20.0998 29.7321 28.3196 75.0357 32.573 76.531 42.5441 61.4003 57.4543 73.9216 73.343 73.2462 45.2548 62.3618 13.9284 99.3319 9.21954 13.6015 96.566 18.9737 37.054 27.7849 78.492 67.0522 57.6281 106.342 91.6946 90.0845 101.414 90.0719 58.4863 76.0149 79.9246 89.3085 89.0094 73.4302 57.7062 35.4683 29.8329 8.94427 51.8941 105.926 94.4257 68.3081 96.5825 0.0 
DEMAND_SCENARIO_SECTION
0 0 0 0 0 0 0 0 0 0 0 0 0 0 0 0 0 0 0 0 0 0 0 0 0 0 0 0 0 0 0 0 0 0 0 0 0 0 0 0 0 0 0 0 0 0 0 0 0 0 0 0 0 0 0 0 0 0 0 0 0 0 0 0 0 0 0 0 0 0 0 0 0 0 0 0 0 0 0 0 0 0 0 0 0 0 0 0 0 0 0 0 0 0 0 0 0 0 0 0 0 0 0 0 0 0 0 0 0 0 0 0 0 0 0 0 0 0 0 0 0 0 0 0 0 0 0 0 0 0 0 0 0 0 0 0 0 0 0 0 0 0 0 0 0 0 0 0 0 0 0 0 0 0 0 0 0 0 0 0 0 0 0 0 0 0 0 0 0 0 0 0 0 0 0 0 0 0 0 0 0 0 0 0 0 0 0 0 0 0 0 0 0 0 0 0 0 0 0 0 
9 8 5 3 1 4 10 4 7 8 4 7 4 3 4 9 5 5 4 7 7 6 4 7 6 5 10 5 2 4 6 7 7 2 1 6 6 5 3 6 9 4 10 3 6 8 1 8 9 3 4 4 7 3 8 7 8 5 5 7 5 5 6 6 7 6 7 7 5 7 5 2 7 10 8 7 6 9 7 6 6 5 8 8 5 8 7 6 5 5 8 7 5 3 4 3 3 9 7 6 7 3 6 7 10 7 0 10 6 7 7 7 5 4 4 5 6 8 7 6 6 9 4 4 5 9 5 7 6 8 7 10 10 7 7 3 5 9 4 9 9 6 5 8 6 4 5 9 8 4 8 6 9 1 4 5 6 6 6 8 4 9 7 6 5 9 4 7 6 7 5 7 5 4 3 10 7 6 7 6 4 10 5 5 10 4 10 4 7 7 5 6 4 5 6 6 6 6 2 7 
9 18 13 11 11 11 8 11 13 11 11 8 15 12 9 12 10 6 5 10 15 5 13 6 10 15 12 14 9 12 14 13 13 7 14 9 17 10 5 11 8 13 15 11 14 10 7 10 6 7 5 6 10 11 8 11 8 10 14 16 12 8 15 8 10 11 11 13 11 10 13 16 13 10 9 12 7 7 3 9 10 9 11 11 14 17 8 10 9 16 5 9 6 11 10 12 14 8 10 8 7 13 11 9 18 10 16 13 9 5 9 9 11 11 8 12 9 11 17 18 4 10 8 19 10 15 12 3 10 10 12 4 8 13 15 11 8 14 10 9 8 9 10 8 7 6 9 7 13 6 7 10 7 9 13 7 12 9 8 16 9 9 5 7 12 13 14 9 13 12 12 10 13 8 11 16 14 9 12 9 5 9 12 8 11 9 15 13 11 6 10 8 12 13 9 14 12 7 13 4 
3 5 6 4 5 4 4 5 5 1 6 3 7 6 5 4 4 3 7 5 8 5 6 7 7 6 6 3 5 5 6 4 4 6 6 6 5 7 7 6 6 4 6 4 6 7 5 8 3 5 4 6 9 4 2 6 5 4 4 5 6 4 3 3 4 6 9 5 5 7 4 4 4 4 5 4 4 5 7 6 3 5 3 5 5 7 5 3 4 5 3 7 4 5 4 5 6 4 4 5 6 5 4 4 3 4 6 7 3 3 3 6 8 7 6 8 5 4 4 4 7 5 6 3 3 3 7 3 7 6 4 5 6 5 3 5 5 6 3 0 5 6 6 8 4 6 3 6 6 5 6 6 5 7 5 4 5 6 5 4 1 4 7 6 4 4 6 5 2 4 4 6 4 4 7 5 6 5 6 4 3 5 6 5 3 4 4 4 6 4 6 7 7 6 6 6 8 3 6 7 
3 3 2 2 2 2 2 2 1 4 2 3 2 2 2 1 1 2 2 3 2 2 3 3 2 2 2 2 1 3 2 3 3 3 3 1 2 2 2 2 2 3 2 3 2 2 1 3 2 2 2 3 1 3 3 3 2 1 2 1 3 2 2 3 2 3 2 4 1 1 1 2 3 2 2 2 2 2 3 2 2 2 2 3 1 3 2 4 0 1 1 2 1 2 2 2 2 3 1 1 1 1 2 2 2 2 1 1 2 2 2 2 3 1 3 2 1 2 2 1 1 2 2 1 2 1 3 2 0 2 3 2 0 2 2 2 2 0 2 2 3 3 2 2 1 2 2 2 2 2 3 3 3 2 2 1 1 2 2 2 1 4 2 2 1 2 3 2 2 2 2 3 2 2 2 2 2 1 1 1 2 2 2 2 2 2 3 1 2 1 2 1 3 2 3 2 1 3 2 2 
1 1 2 3 4 3 3 3 3 5 3 3 6 3 2 1 3 3 3 3 4 2 3 4 3 2 4 3 1 5 4 4 2 5 3 3 0 2 2 2 3 3 2 3 5 4 3 4 2 0 3 3 2 2 3 3 4 4 2 4 2 5 4 3 3 5 3 1 2 3 3 1 3 1 4 4 3 3 3 3 4 2 4 4 2 3 0 5 2 3 4 1 5 3 4 1 2 2 5 4 4 2 3 3 3 2 5 3 2 3 4 2 1 4 1 3 3 3 3 2 3 5 4 3 2 1 3 3 4 3 2 2 3 1 3 2 2 3 3 2 3 3 3 3 4 3 2 3 2 3 4 3 4 2 2 2 2 1 3 3 3 1 3 6 2 1 2 4 4 3 3 4 4 2 3 4 2 2 2 4 3 3 3 3 2 3 4 5 1 3 3 2 2 1 2 3 3 4 4 3 
3 3 4 1 4 1 3 4 2 2 4 3 3 4 2 4 4 4 4 3 4 5 4 3 2 4 2 1 5 3 2 3 3 3 3 2 3 3 2 4 2 4 3 2 3 5 2 2 3 4 4 2 3 3 4 3 5 3 3 2 4 4 3 2 4 3 4 3 4 3 4 1 2 4 5 2 0 3 4 4 4 3 3 1 2 2 4 4 4 4 2 4 2 3 4 3 3 2 4 4 3 4 4 4 3 2 2 3 4 3 5 2 2 3 2 2 3 3 4 3 5 3 3 3 2 5 2 2 2 2 4 3 3 4 2 5 3 3 4 1 6 3 4 2 4 6 3 4 5 4 3 2 2 2 3 4 4 3 3 3 3 4 3 3 3 3 1 4 2 5 5 4 3 4 1 1 3 3 1 4 3 3 3 2 4 4 3 3 3 5 3 2 3 3 2 4 3 4 2 5 
3 2 3 3 4 2 3 2 1 3 3 2 5 4 3 4 1 3 2 2 4 3 3 5 4 3 2 3 2 3 2 4 4 4 4 3 3 4 3 2 2 3 2 2 3 2 4 2 2 5 4 2 4 3 5 3 2 4 3 3 4 3 3 4 6 2 1 3 2 3 2 3 3 3 3 3 2 2 2 3 1 2 2 2 3 4 4 3 4 3 0 3 3 5 3 4 2 5 5 3 4 3 4 2 3 4 1 4 4 4 3 3 3 3 4 4 4 5 3 1 0 4 3 3 3 4 3 4 5 3 4 4 3 4 3 2 5 3 3 2 3 3 3 2 3 4 2 1 5 2 1 3 3 4 4 1 3 3 3 4 3 4 2 4 2 3 2 4 3 4 3 3 5 1 2 4 2 2 2 2 2 3 4 5 2 1 4 4 2 3 4 3 4 3 3 2 3 3 3 3 
9 8 4 8 6 5 8 4 6 5 7 3 5 3 6 4 5 6 5 5 6 5 7 4 3 7 8 8 7 5 6 6 4 6 6 4 5 8 10 6 3 7 5 6 9 8 7 8 8 9 7 9 8 5 4 7 7 5 4 6 6 10 1 7 6 4 7 6 10 4 0 8 6 7 4 8 5 7 5 8 8 4 4 4 6 7 9 4 6 4 6 7 7 6 6 8 3 7 10 10 4 5 5 6 8 10 12 3 7 6 5 10 5 3 7 6 7 5 4 8 9 2 8 5 5 6 5 5 6 7 1 3 9 9 6 9 4 6 5 10 6 10 5 4 6 6 9 8 7 8 7 2 7 9 5 5 8 3 6 4 4 7 3 5 2 4 5 9 5 6 9 7 11 6 8 9 7 3 7 5 7 8 8 8 8 10 5 6 4 7 6 6 7 5 9 4 2 5 9 4 
1 1 1 1 1 2 1 1 1 1 1 1 1 2 1 1 1 1 1 1 1 1 1 1 1 2 1 1 1 1 2 1 1 1 1 1 1 1 1 1 1 1 1 1 1 1 1 1 1 1 0 1 1 2 0 1 1 1 2 1 1 1 1 1 1 1 1 1 1 1 1 1 1 0 1 1 1 1 1 1 1 1 1 1 1 1 1 0 1 1 1 1 1 1 1 1 1 1 0 1 1 1 1 1 1 1 1 1 1 0 1 1 1 1 1 1 1 1 1 1 1 1 1 1 1 1 1 1 1 1 1 1 1 1 1 2 1 1 1 1 0 1 1 1 2 1 2 2 1 1 1 1 1 0 1 2 1 1 1 1 1 1 1 1 1 1 1 1 2 1 1 1 1 1 1 1 2 1 1 1 1 2 0 1 1 1 1 1 1 1 1 1 1 1 1 0 1 1 1 1 
3 3 3 3 5 4 2 0 5 4 5 4 4 3 4 6 4 4 3 4 2 4 3 3 3 1 6 3 4 3 5 3 5 4 2 2 5 5 5 2 1 3 2 2 5 4 3 2 3 4 3 3 5 5 2 4 6 3 5 4 4 5 3 2 2 2 2 4 4 4 5 2 6 3 3 4 4 4 4 4 5 5 1 5 2 3 6 3 3 5 2 4 3 5 6 4 4 4 7 3 5 4 8 4 3 4 4 4 4 5 5 5 3 5 6 3 6 2 2 4 5 4 4 4 3 2 2 2 4 3 3 4 4 6 5 4 4 3 4 5 3 5 4 5 1 4 2 5 5 3 4 5 3 3 3 4 4 4 4 6 2 2 3 2 3 5 6 3 5 5 3 4 4 5 4 5 5 4 4 7 4 4 2 4 4 2 1 1 3 0 4 2 4 3 6 4 3 3 6 5 
3 1 3 5 3 2 3 2 3 2 3 2 2 4 3 3 5 4 2 3 5 5 2 3 4 2 4 2 2 4 4 4 1 5 3 3 3 3 4 3 3 3 4 2 2 3 2 2 2 2 2 4 2 1 4 2 4 4 4 2 3 4 3 3 3 2 2 2 2 3 2 4 3 2 2 3 4 3 3 3 3 1 1 2 2 4 2 2 3 3 3 4 4 3 4 4 1 3 2 2 3 5 4 4 3 2 2 1 4 4 5 3 2 3 2 2 4 5 4 3 2 2 3 3 3 3 2 4 2 3 4 5 2 4 2 2 4 4 2 5 3 4 3 2 3 3 3 1 1 3 2 5 4 4 2 4 4 1 4 3 5 4 1 4 3 3 3 3 3 2 4 3 4 3 2 2 3 3 2 2 2 2 4 5 4 6 3 4 3 3 4 4 4 3 1 2 2 4 3 2 
3 3 5 4 4 3 3 4 3 4 3 2 3 1 4 4 2 4 5 3 3 0 5 4 2 3 4 3 3 2 4 4 2 2 1 4 3 4 2 3 2 4 4 3 6 4 4 4 3 3 4 2 3 4 3 3 3 4 2 4 3 3 3 2 3 4 3 3 4 5 3 3 4 6 2 2 1 2 5 2 3 3 3 1 2 4 2 3 2 3 1 5 2 3 2 5 4 1 4 3 4 3 3 4 2 3 5 4 4 4 4 4 2 3 2 3 4 2 5 3 2 2 2 3 4 4 2 2 3 4 2 3 4 4 4 3 3 4 3 4 3 3 1 4 4 3 3 3 3 6 1 3 3 3 4 0 4 3 3 3 3 4 5 4 3 2 3 3 5 4 2 2 4 4 2 4 5 3 4 3 0 4 2 3 5 2 0 3 5 3 4 2 3 2 1 2 2 3 3 2 
11 8 9 6 6 4 6 5 8 5 8 7 3 3 6 6 9 5 4 6 7 9 3 6 9 6 4 8 3 6 5 7 5 2 5 8 7 4 6 5 6 9 8 1 8 6 7 2 7 5 4 2 9 8 4 5 5 8 10 5 8 7 5 4 6 3 7 8 6 6 9 6 8 8 4 9 7 8 8 6 3 5 11 4 3 5 3 5 7 7 7 1 6 6 7 5 6 7 8 8 7 6 1 5 5 5 6 8 5 6 6 5 6 7 10 5 5 3 6 4 5 5 7 5 5 10 5 4 7 4 5 5 3 4 7 7 5 6 8 9 8 2 9 7 11 5 6 6 6 8 9 5 6 5 3 4 6 4 7 8 7 4 7 8 6 10 3 4 6 5 6 7 5 5 3 6 7 6 5 4 6 7 5 4 8 4 6 9 6 4 6 5 6 6 4 6 7 3 4 6 
15 11 6 10 13 17 13 6 10 11 14 10 8 9 13 12 14 4 6 10 10 13 12 12 13 8 14 10 11 8 7 12 11 6 10 9 5 7 13 13 8 10 11 16 9 13 14 12 13 6 8 6 10 7 10 8 8 5 8 8 13 8 6 10 10 5 7 14 10 9 11 15 13 8 6 17 15 10 14 10 7 10 12 11 9 5 11 13 4 7 12 11 12 12 17 13 5 6 11 8 9 4 1 7 9 12 10 12 5 7 3 8 9 10 12 10 10 20 7 11 12 6 11 9 13 8 14 5 11 20 11 10 6 11 10 7 8 8 10 8 9 6 10 13 2 7 8 11 10 11 9 14 5 12 10 7 7 14 7 8 5 15 4 4 13 12 10 18 10 14 11 12 6 8 12 11 8 8 10 5 6 15 7 8 12 13 4 9 9 9 10 14 10 9 13 11 10 8 13 8 
9 9 18 9 11 8 10 16 6 6 7 6 9 9 14 9 15 7 10 11 14 5 14 14 4 12 6 6 9 14 13 9 10 11 6 8 14 13 9 10 13 14 7 8 10 3 9 10 7 13 12 8 4 5 8 9 5 13 6 10 5 16 9 8 9 5 12 14 14 10 4 9 4 11 0 10 9 10 7 5 7 13 9 8 6 8 15 5 12 5 10 10 7 9 14 10 8 11 4 8 4 10 10 12 11 9 13 4 10 10 12 10 7 9 10 11 10 11 7 11 14 10 13 3 14 13 10 7 14 7 4 4 5 14 8 10 6 9 13 11 11 6 6 11 7 13 7 15 4 12 7 12 11 12 9 8 9 8 2 7 6 10 6 3 13 16 10 11 12 6 11 7 7 11 8 12 17 8 11 8 11 17 8 8 9 9 4 8 13 14 5 12 7 6 6 11 8 12 3 9 
5 4 2 4 3 3 3 2 1 2 3 3 4 4 1 2 2 1 3 2 4 3 2 5 4 4 2 2 3 2 4 4 4 2 2 3 3 3 3 4 3 4 3 1 3 1 2 3 3 3 3 2 3 3 3 3 4 6 2 3 4 3 3 3 3 0 3 3 5 3 5 3 4 3 4 4 1 3 2 3 4 3 3 2 2 3 3 4 3 3 3 2 4 4 2 4 3 3 2 2 2 3 4 6 2 1 3 3 3 3 2 5 3 3 2 1 3 3 4 1 4 3 4 4 1 4 3 3 4 3 3 2 4 2 3 4 4 3 5 3 4 2 4 3 4 3 2 4 4 3 4 4 2 4 2 5 2 3 1 2 1 4 1 4 2 2 3 2 2 5 2 2 3 3 3 3 3 4 3 5 3 3 0 3 5 5 3 3 3 4 3 3 4 4 2 3 3 3 2 4 
1 1 1 1 1 1 0 1 1 1 1 1 1 1 1 1 1 1 2 1 1 2 1 1 2 1 1 2 1 1 1 1 1 1 1 0 1 1 1 1 1 1 1 1 1 1 1 1 1 2 1 2 1 2 1 2 1 1 1 1 1 1 1 1 1 1 0 1 0 1 1 1 0 1 1 1 1 1 1 1 1 1 1 1 1 1 1 1 1 1 1 1 1 2 1 1 1 1 1 1 1 1 2 1 1 1 1 1 1 1 1 1 1 2 1 1 1 1 1 1 1 1 1 1 1 2 1 1 1 1 1 1 1 1 1 1 1 1 0 1 2 1 1 1 0 2 1 2 1 0 1 1 0 0 1 1 1 0 1 1 1 1 1 1 1 2 1 1 1 1 1 1 2 1 1 1 1 0 1 1 1 1 1 0 1 1 1 1 1 1 1 1 1 1 1 0 1 1 1 1 
3 3 3 2 1 3 2 1 3 5 1 4 3 2 3 3 3 3 3 4 2 2 3 3 3 4 4 1 2 4 3 3 2 2 4 1 2 4 3 4 3 2 4 2 4 3 4 3 4 2 4 3 4 4 4 4 2 3 2 3 4 2 3 2 3 3 2 4 4 2 2 1 3 3 3 2 4 4 2 2 5 1 2 2 2 3 3 4 4 3 4 2 5 2 4 5 4 3 3 1 4 3 3 4 4 2 2 4 2 2 2 3 4 2 4 3 2 3 3 5 2 2 3 1 3 2 2 3 4 2 7 4 2 2 3 3 4 3 2 4 2 4 4 3 2 3 2 4 4 6 4 2 3 3 2 3 3 3 2 4 3 3 1 3 3 3 2 3 4 2 1 4 3 3 3 2 3 2 3 5 1 2 2 3 4 2 4 4 3 2 3 3 1 3 5 2 1 3 3 4 
3 5 7 6 2 4 7 8 5 5 4 5 4 5 4 4 5 4 7 7 7 4 3 3 4 7 5 7 5 5 4 7 3 6 3 1 6 4 4 5 7 4 6 3 6 5 7 6 6 2 6 10 7 7 7 6 6 5 5 7 6 6 5 6 8 6 5 2 5 6 7 4 5 8 4 5 6 7 9 7 2 6 4 5 6 2 5 3 6 3 4 8 7 5 5 7 4 7 0 7 6 4 4 6 2 4 5 5 1 7 3 5 2 6 4 4 4 8 2 8 4 5 6 7 6 5 7 4 7 5 6 5 6 3 4 5 7 3 5 3 5 5 6 4 7 5 5 7 6 6 6 4 5 6 8 6 4 7 4 3 7 8 4 5 3 4 4 2 8 6 4 4 6 3 3 5 5 7 4 6 6 7 3 8 8 4 5 6 3 4 6 5 5 4 5 3 8 4 3 5 
2 1 2 3 2 2 1 2 2 2 3 1 3 1 2 1 1 1 3 1 3 2 3 3 2 2 2 2 1 3 2 2 2 3 2 1 2 2 2 2 1 1 2 2 2 3 1 3 2 3 2 2 3 2 2 1 1 2 2 2 1 2 1 2 2 1 1 2 2 3 3 2 2 2 1 1 1 2 2 1 2 3 2 4 2 1 1 2 2 3 2 2 2 2 1 1 2 2 0 2 1 2 2 3 1 2 2 3 2 2 1 2 3 2 2 1 2 2 2 2 2 3 2 3 2 1 2 2 0 2 2 3 2 1 2 2 3 2 1 1 3 3 2 1 2 3 1 1 2 2 3 1 2 2 2 1 3 3 3 2 2 1 2 2 3 2 1 1 3 2 3 2 4 1 2 2 2 2 2 2 2 2 3 2 2 2 2 2 2 2 1 3 2 3 2 1 2 1 2 2 
6 8 3 5 5 4 8 5 9 6 9 6 8 7 5 3 9 10 8 5 4 9 7 3 7 4 3 8 5 5 8 7 9 5 6 2 6 5 7 4 10 7 2 8 6 7 6 6 7 9 5 8 7 4 3 7 7 4 3 7 3 8 6 6 7 7 6 5 7 5 10 4 6 9 9 5 7 6 4 7 4 3 6 5 7 5 7 8 5 4 5 9 5 9 5 8 5 7 3 7 7 4 5 5 7 4 5 6 4 6 10 4 7 4 7 9 8 3 8 8 4 11 6 11 6 6 9 6 6 6 4 9 2 4 6 2 7 7 6 3 9 3 6 6 7 6 9 8 7 6 5 9 10 9 4 5 6 6 5 7 4 7 6 6 5 6 7 10 3 8 3 4 6 5 6 4 8 7 3 6 9 9 3 3 6 6 5 5 9 8 4 7 5 9 6 4 9 4 6 5 
9 12 7 5 6 11 11 8 11 6 12 7 9 11 10 6 10 5 8 6 7 4 14 5 12 12 9 7 7 10 12 12 14 7 12 11 7 12 5 7 11 2 10 8 4 5 9 12 9 9 9 14 12 8 8 8 10 8 11 12 8 12 8 6 7 7 10 12 10 10 9 6 5 11 11 10 11 13 7 11 10 9 7 13 8 5 14 7 7 7 10 14 7 8 11 6 14 6 9 13 11 9 11 10 7 11 15 11 12 6 8 12 5 14 7 7 8 4 5 12 8 7 7 10 8 7 8 10 10 10 9 8 9 15 9 10 9 8 13 7 9 6 8 7 6 7 11 10 6 9 4 8 8 4 8 10 6 5 7 14 13 3 8 8 10 14 10 14 7 5 10 12 5 9 4 7 12 6 11 14 2 11 9 9 6 5 6 7 8 5 5 4 9 10 9 10 5 3 13 12 
