NAME  : Jabali_60_3_0.88_1_9
TYPE : SVRP
MODEL : FINITE_SUPPORT
NUMBER_OF_SCENARIOS : 200
DIMENSION : 60
EDGE_WEIGHT_TYPE : MATRIX
CAPACITY : 130
N_VEHICLES : 3
NODE_COORD_SECTION
1 4367 5024
2 4964 4192
3 3448 791
4 5662 1556
5 4730 4956
6 4171 3211
7 3686 18
8 7024 4385
9 3538 6072
10 1543 2802
11 5218 5975
12 5498 8126
13 5467 1979
14 7970 5285
15 5796 2996
16 6749 2869
17 2592 846
18 5898 6004
19 5521 4055
20 7938 3298
21 3359 6832
22 2862 1398
23 3155 2492
24 2780 7888
25 2805 5854
26 3985 1065
27 5993 7975
28 4458 4757
29 4606 638
30 1968 1058
31 3165 485
32 2510 7064
33 1489 3883
34 7311 5521
35 3745 4728
36 2767 7477
37 1708 5284
38 3190 5317
39 5066 2391
40 5131 2902
41 7069 6931
42 27 5993
43 2014 2464
44 4539 6547
45 1759 4376
46 2629 7449
47 5059 8911
48 1865 3696
49 5325 2344
50 8171 3003
51 2258 490
52 8338 3168
53 7264 5809
54 7767 2448
55 3928 7212
56 6022 3139
57 5357 2733
58 2879 6194
59 1684 5827
60 1537 6060
DEMAND_SECTION
1 0.0
2 8.0
3 3.0
4 6.0
5 3.0
6 9.0
7 3.0
8 5.0
9 6.0
10 4.0
11 6.0
12 2.0
13 5.0
14 6.0
15 10.0
16 5.0
17 10.0
18 7.0
19 10.0
20 5.0
21 7.0
22 2.0
23 10.0
24 5.0
25 3.0
26 8.0
27 3.0
28 1.0
29 9.0
30 7.0
31 10.0
32 2.0
33 4.0
34 8.0
35 3.0
36 2.0
37 10.0
38 9.0
39 1.0
40 2.0
41 6.0
42 3.0
43 7.0
44 2.0
45 9.0
46 7.0
47 10.0
48 4.0
49 1.0
50 3.0
51 6.0
52 3.0
53 10.0
54 10.0
55 5.0
56 10.0
57 9.0
58 5.0
59 7.0
60 7.0
DEVIATION_SECTION
1 0.0
2 2.66667
3 1.0
4 2.0
5 1.0
6 3.0
7 1.0
8 1.66667
9 2.0
10 1.33333
11 2.0
12 0.666667
13 1.66667
14 2.0
15 3.33333
16 1.66667
17 3.33333
18 2.33333
19 3.33333
20 1.66667
21 2.33333
22 0.666667
23 3.33333
24 1.66667
25 1.0
26 2.66667
27 1.0
28 0.333333
29 3.0
30 2.33333
31 3.33333
32 0.666667
33 1.33333
34 2.66667
35 1.0
36 0.666667
37 3.33333
38 3.0
39 0.333333
40 0.666667
41 2.0
42 1.0
43 2.33333
44 0.666667
45 3.0
46 2.33333
47 3.33333
48 1.33333
49 0.333333
50 1.0
51 2.0
52 1.0
53 3.33333
54 3.33333
55 1.66667
56 3.33333
57 3.0
58 1.66667
59 2.33333
60 2.33333
DISTANCE_MATRIX
0.0 13.0384 60.5524 48.8371 4.24264 26.0128 70.2749 40.4724 19.105 49.5946 16.7631 45.607 42.7568 57.0953 33.1361 43.0116 62.1003 24.054 19.3132 54.7378 29.0689 54.1511 38.5309 45.0999 24.5967 56.6258 46.1411 3.16228 62.6529 62.4957 64.6136 38.3275 38.3581 43.853 8.47214 41.0 39.452 17.6918 36.2891 30.4138 44.4868 61.0383 49.0949 21.4009 35.315 41.0122 54.4885 37.6605 37.6577 58.9721 67.4801 59.2479 42.6398 57.3847 31.0161 33.541 33.2415 26.2488 38.8348 40.8626 
13.0384 0.0 51.0019 36.4005 10.198 19.2399 58.896 28.778 32.1403 55.418 25.1687 54.6853 30.3645 45.5617 20.0998 30.4631 56.8682 32.4557 7.81025 43.1856 42.0119 49.1286 36.3724 58.0345 37.001 44.7049 54.7803 10.198 47.9387 60.545 55.9136 51.3517 56.0773 41.9595 19.8114 54.0093 51.4506 29.4129 24.1661 18.0278 53.1322 73.0369 49.979 32.311 53.7122 54.037 64.289 55.3797 25.2982 47.4236 62.9264 47.634 44.4667 45.1774 43.1741 20.6155 20.6155 39.0512 50.8334 52.8612 
60.5524 51.0019 0.0 31.7805 64.6826 36.2353 10.4403 67.9117 71.0211 37.2156 76.3988 103.788 32.0156 85.3756 43.7379 53.0 11.4018 83.6859 52.3259 70.1142 81.6333 11.1803 23.2594 96.2175 69.7256 8.06226 106.01 61.9113 15.6205 19.799 5.09902 86.7826 48.1664 82.0529 53.6004 91.3479 65.5342 60.8853 31.5753 36.6879 104.362 84.0238 30.0666 78.7519 53.7587 90.9666 111.982 44.7214 33.2415 73.3348 16.1555 71.5681 84.56 63.1506 86.6083 46.6905 36.8782 73.5173 72.8135 75.7199 
48.8371 36.4005 31.7805 0.0 46.5725 30.1496 34.1321 41.8808 67.3666 56.2228 59.3758 88.3964 6.08276 58.5918 19.2094 23.0868 42.3792 59.418 34.0 39.1152 77.8281 37.5899 35.0 93.8154 70.0286 23.7697 86.4292 45.7118 19.2354 49.6588 36.4966 86.093 62.045 57.2014 50.01 89.4539 73.0068 61.0737 13.0 18.4391 73.8834 96.7988 49.5782 68.6222 63.9062 89.3588 99.5693 65.1932 11.1803 42.0 47.8017 40.05 59.8164 31.4006 79.555 21.2132 15.8114 73.0068 79.4292 82.3772 
4.24264 10.198 64.6826 46.5725 0.0 29.1927 68.8489 36.5987 22.561 53.7247 15.7654 45.2769 40.5216 53.2216 30.0 39.2938 66.2304 23.0524 15.5242 50.8641 32.0156 58.2813 42.6611 48.0 28.6531 54.6578 45.377 4.0 57.8915 66.6259 68.7438 41.7732 42.4883 42.8514 12.6023 44.1022 43.6288 21.9317 34.1768 28.1603 43.7289 65.2151 53.2251 22.3607 39.4452 44.1814 54.8179 41.7907 35.4401 55.0984 71.6103 55.3742 41.6382 53.5135 32.9848 30.1496 30.8058 30.0832 43.0116 45.0394 
26.0128 19.2399 36.2353 30.1496 29.1927 0.0 45.2769 39.0939 38.3275 36.5499 44.4024 72.9755 24.3311 56.0585 21.2132 33.9706 40.3113 51.6894 20.649 49.93 49.0408 32.311 18.1108 64.7611 40.0125 31.241 74.014 27.3716 36.6742 42.9535 40.8044 56.4358 37.7055 52.4564 20.3961 60.208 43.3244 31.0 17.2627 13.8924 72.3659 67.9779 31.1108 44.2122 35.5106 60.0167 77.4424 37.0079 19.6469 54.0833 46.2385 53.6004 54.9635 48.7955 52.4275 23.4307 17.0 43.1856 49.4798 52.4036 
70.2749 58.896 10.4403 34.1321 68.8489 45.2769 0.0 73.736 81.1234 47.0106 84.0585 113.575 36.1386 91.0824 49.3964 56.8859 18.0278 87.0014 59.9083 73.2462 91.7878 21.0238 33.6155 106.47 79.9781 14.2127 113.67 71.6337 15.0 26.4008 9.21954 97.0351 58.4209 88.2671 63.5138 101.6 75.9394 71.1378 37.5766 43.4166 107.678 94.0053 40.0125 88.4743 64.1327 101.219 121.704 55.109 38.6264 76.0592 20.0 74.0068 90.7743 65.0308 96.5194 52.2015 42.9535 83.7698 83.2187 86.1252 
40.4724 28.778 67.9117 41.8808 36.5987 39.0939 73.736 0.0 52.9575 75.6251 33.1078 53.9351 38.0132 17.4642 24.3516 20.6155 75.5381 25.1794 21.0698 20.3961 60.1857 68.1836 56.2228 75.0767 61.1272 60.4401 50.0 38.2163 59.9333 80.025 73.0068 71.1805 76.2843 15.5563 48.0448 72.1478 79.684 57.6462 36.4005 31.4006 33.2866 101.27 69.833 45.4721 73.9192 72.4795 65.9242 75.5867 35.1141 24.0416 81.6149 25.4951 18.4391 28.2843 57.6229 21.5407 31.0483 61.3439 79.0668 78.1392 
19.105 32.1403 71.0211 67.3666 22.561 38.3275 81.1234 52.9575 0.0 56.6347 22.8035 39.0512 61.2987 60.4138 52.2398 61.8466 71.0042 31.4142 38.0789 71.8092 10.7703 63.261 48.0104 26.4764 9.48683 67.9779 42.19 22.0227 74.6726 71.2324 74.6324 19.2354 42.328 51.2132 18.0278 22.0907 25.375 11.6619 54.4518 49.111 48.7032 46.6476 57.8317 15.1327 35.2605 22.0227 44.2945 43.5807 56.2325 75.7814 76.2323 76.8012 50.0 76.0248 16.4012 52.6118 52.0384 8.48528 24.5967 26.0768 
49.5946 55.418 37.2156 56.2228 53.7247 36.5499 47.0106 75.6251 56.6347 0.0 64.5368 92.685 52.345 92.4088 55.5605 68.1784 30.4138 72.3255 56.8271 85.0799 59.0397 26.0768 21.2603 67.897 46.3314 39.8497 94.3022 50.9534 49.6488 25.0799 38.0132 57.3149 13.6015 88.8066 41.2426 62.9685 32.45 46.2039 46.7547 47.0922 92.7583 47.0425 7.28011 67.2039 20.6155 62.2415 99.8147 13.8924 49.5782 89.1003 32.8938 88.2746 90.9112 82.2591 72.8019 58.2511 49.5035 48.6232 39.4462 42.0595 
16.7631 25.1687 76.3988 59.3758 15.7654 44.4024 84.0585 33.1078 22.8035 64.5368 0.0 30.4795 55.3842 37.6249 40.3422 46.0977 77.9466 8.62532 30.5314 52.045 27.7849 69.9975 54.3773 42.0595 31.9061 69.8674 30.0 18.942 73.1012 78.342 80.46 39.1152 54.0891 28.4243 24.1868 39.3954 47.8071 29.1204 49.3277 43.127 28.0713 69.3397 64.8465 12.3693 51.046 39.8121 40.8167 53.3915 50.3614 55.9486 83.3265 57.0961 27.2111 58.3095 24.5153 39.2938 45.5554 31.241 47.1699 48.8262 
45.607 54.6853 103.788 88.3964 45.2769 72.9755 113.575 53.9351 39.0512 92.685 30.4795 0.0 82.9649 49.4975 69.3542 73.0113 105.336 30.8707 59.552 73.2462 34.0147 97.3864 81.7662 37.1214 47.3814 99.384 6.40312 48.2701 102.618 105.723 107.849 42.2019 80.3287 42.0119 51.1077 38.2753 62.3044 50.2892 78.7499 72.5897 26.2488 79.4292 93.882 25.4951 72.1898 39.2173 12.0416 79.6311 78.5738 76.0592 110.715 78.1601 39.0512 82.201 25.02 67.9904 73.6382 44.1022 60.0333 60.208 
42.7568 30.3645 32.0156 6.08276 40.5216 24.3311 36.1386 38.0132 61.2987 52.345 55.3842 82.9649 0.0 55.1543 14.2127 21.0238 41.7732 53.9866 28.3019 38.1182 71.7478 36.0555 31.1127 87.7608 64.0703 24.0 80.9977 39.6315 21.9317 48.3839 37.0 80.0562 57.8285 53.0 44.0 83.386 67.4463 55.1453 7.07107 12.3693 69.5693 91.5478 46.0109 62.6259 58.6941 83.2947 94.1378 60.0112 5.09902 41.4367 47.5184 39.8121 55.5106 31.9531 73.4983 16.6433 9.84886 67.0 73.7564 76.6877 
57.0953 45.5617 85.3756 58.5918 53.2216 56.0585 91.0824 17.4642 60.4138 92.4088 37.6249 49.4975 55.1543 0.0 41.7612 36.0555 92.9139 29.0 37.8535 27.2947 64.6607 85.4751 73.1815 77.1751 69.529 77.8845 44.1022 54.8392 77.0779 97.2002 90.471 76.0592 93.068 9.21954 64.6677 75.452 85.4264 66.4693 53.8516 48.8365 24.0208 106.964 86.7976 48.4149 90.703 76.0263 61.2944 92.3704 52.4976 28.7924 98.9949 31.3847 11.1803 38.2753 59.3633 38.8973 48.5077 68.8326 84.7921 86.4495 
33.1361 20.0998 43.7379 19.2094 30.0 21.2132 49.3964 24.3516 52.2398 55.5605 40.3422 69.3542 14.2127 41.7612 0.0 12.8062 52.0096 40.3629 15.5242 29.5466 62.0081 45.0999 35.4683 78.0 56.8828 36.1386 67.374 30.2655 35.8469 57.3149 48.8365 71.4493 58.7136 38.9638 37.3695 74.0608 63.2278 48.9411 12.1655 8.544 55.5297 88.3233 50.0899 51.0568 56.4004 74.108 80.5357 58.016 10.7703 33.541 58.0345 32.7567 41.4709 27.5862 62.514 3.0 7.0 59.0339 69.291 72.2148 
43.0116 30.4631 53.0 23.0868 39.2938 33.9706 56.8859 20.6155 61.8466 68.1784 46.0977 73.0113 21.0238 36.0555 12.8062 0.0 62.3939 44.3677 23.7697 17.4642 70.8837 56.0892 47.8539 86.6079 67.4166 45.0111 69.521 40.4969 42.2019 68.4471 58.0086 81.0247 71.2748 36.1248 50.2385 83.0459 75.6845 59.84 22.8035 21.095 53.8238 100.788 62.6498 58.0 68.9117 83.1974 84.7386 70.5772 20.3961 21.1896 68.2642 20.1246 39.0512 15.0 70.0286 10.6301 18.7883 69.2604 81.2605 83.2883 
62.1003 56.8682 11.4018 42.3792 66.2304 40.3113 18.0278 75.5381 71.0042 30.4138 77.9466 105.336 41.7732 92.9139 52.0096 62.3939 0.0 85.2337 58.2772 79.7621 81.4113 8.06226 23.6008 95.7829 74.2069 18.7883 106.383 63.4591 27.0185 8.60233 8.94427 85.1905 43.0116 89.3399 54.5619 90.8439 61.4654 60.5734 40.0125 44.1814 105.91 77.3175 24.0416 80.2808 49.3964 90.1261 113.455 40.7185 42.107 83.1865 6.08276 81.5843 91.8471 73.4983 87.0494 55.0091 45.0111 73.2055 68.7095 71.5122 
24.054 32.4557 83.6859 59.418 23.0524 51.6894 87.0014 25.1794 31.4142 72.3255 8.62532 30.8707 53.9866 29.0 40.3629 44.3677 85.2337 0.0 30.5736 45.5412 35.805 77.2845 61.6643 49.2443 40.5294 73.0332 28.6007 26.2291 74.6021 85.6291 87.7471 47.2017 61.4916 19.799 31.5965 47.0106 56.4268 37.4697 49.7716 43.6114 21.2132 77.9649 72.2283 19.7231 58.2187 47.5079 42.3792 60.794 49.5955 49.0306 90.6135 50.636 18.6011 53.0094 31.3847 38.9908 44.6599 39.833 55.7925 57.4499 
19.3132 7.81025 52.3259 34.0 15.5242 20.649 59.9083 21.0698 38.0789 56.8271 30.5314 59.552 28.3019 37.8535 15.5242 23.7697 58.2772 30.5736 0.0 35.4683 47.2652 50.5377 37.7815 63.1269 43.8634 45.793 57.4293 17.0 48.1041 61.9541 57.2713 57.2713 57.4863 34.2514 26.8254 59.4138 58.4647 36.4269 23.3452 16.9706 51.2501 80.051 51.388 35.6552 55.1213 59.5399 70.7248 56.7887 23.6008 39.6989 64.3355 40.0 36.7585 38.0789 47.1699 15.0333 18.6011 45.5412 57.8474 59.8753 
54.7378 43.1856 70.1142 39.1152 50.8641 49.93 73.2462 20.3961 71.8092 85.0799 52.045 73.2462 38.1182 27.2947 29.5466 17.4642 79.7621 45.5412 35.4683 0.0 79.1202 73.5459 65.0 94.0139 79.3141 62.0725 68.7314 52.4817 58.3095 85.9069 75.06 90.0777 86.8304 31.7805 62.3101 91.0824 93.9494 71.9116 40.2616 38.0789 50.0 115.536 79.6241 64.4094 84.4653 91.4166 85.2877 86.1328 37.855 4.24264 85.5862 5.09902 34.9285 11.3137 76.5601 26.8328 36.0555 80.1956 93.3321 95.36 
29.0689 42.0119 81.6333 77.8281 32.0156 49.0408 91.7878 60.1857 10.7703 59.0397 27.7849 34.0147 71.7478 64.6607 62.0081 70.8837 81.4113 35.805 47.2652 79.1202 0.0 73.6779 58.5235 16.0312 14.7648 78.721 38.4708 32.1403 85.44 81.6395 85.1469 11.4018 45.589 55.4437 28.7924 12.1655 28.6356 21.2603 64.9949 59.414 49.3964 46.1736 68.2388 16.2788 38.5215 12.3693 36.6879 46.2026 66.6488 83.0266 86.6394 84.1546 53.8145 84.415 9.0 62.1289 62.2896 10.7703 26.0192 26.3059 
54.1511 49.1286 11.1803 37.5899 58.2813 32.311 21.0238 68.1836 63.261 26.0768 69.9975 97.3864 36.0555 85.4751 45.0999 56.0892 8.06226 77.2845 50.5377 73.5459 73.6779 0.0 15.6205 88.1722 61.6804 15.6205 98.4335 55.5099 25.2389 12.3693 12.3693 78.9425 37.4833 81.8745 46.6905 83.3027 55.3624 52.84 33.3766 37.0 97.961 73.0 19.0 72.3464 43.4166 83.8781 105.551 34.4819 35.6931 77.1298 13.9284 75.6902 84.3817 68.0074 79.3095 48.0937 38.1182 65.472 62.6418 65.521 
38.5309 36.3724 23.2594 35.0 42.6611 18.1108 33.6155 56.2228 48.0104 21.2603 54.3773 81.7662 31.1127 73.1815 35.4683 47.8539 23.6008 61.6643 37.7815 65.0 58.5235 15.6205 0.0 73.0304 46.5385 22.0907 82.8133 39.8897 31.0644 25.0 26.6271 63.5955 27.6586 69.5793 31.1127 68.1608 43.1856 37.6982 25.807 26.9258 82.3408 64.1327 15.0 56.7274 32.0156 67.7795 89.9389 23.0868 28.6007 68.942 29.1548 67.9779 72.0865 61.5873 63.8905 38.2753 29.0689 50.3302 50.3587 53.3385 
45.0999 58.0345 96.2175 93.8154 48.0 64.7611 106.47 75.0767 26.4764 67.897 42.0595 37.1214 87.7608 77.1751 78.0 86.6079 95.7829 49.2443 63.1269 94.0139 16.0312 88.1722 73.0304 0.0 26.9258 93.7763 43.0465 48.1664 100.881 92.1234 99.645 10.6301 54.4518 68.0955 44.3847 5.0 36.4005 35.3412 80.9024 75.4269 58.6941 45.0444 72.1574 29.7321 47.3814 5.65685 34.3657 55.0704 82.6617 97.9175 99.4245 99.065 66.0379 99.8248 17.8885 78.0577 78.3135 22.8254 30.8869 29.5466 
24.5967 37.001 69.7256 70.0286 28.6531 40.0125 79.9781 61.1272 9.48683 46.3314 31.9061 47.3814 64.0703 69.529 56.8828 67.4166 74.2069 40.5294 43.8634 79.3141 14.7648 61.6804 46.5385 26.9258 0.0 67.3815 51.0098 26.9258 74.9533 70.5473 73.1531 17.088 32.8807 60.3284 20.2237 21.9545 15.9277 9.05539 57.0351 52.345 58.1893 37.4433 50.5813 24.5153 25.8132 21.4709 51.264 33.4943 59.1354 83.5484 77.8485 83.8242 59.1152 81.939 23.0868 57.5902 55.4437 4.24264 15.2643 17.0294 
56.6258 44.7049 8.06226 23.7697 54.6578 31.241 14.2127 60.4401 67.9779 39.8497 69.8674 99.384 24.0 77.8845 36.1386 45.0111 18.7883 73.0332 45.793 62.0725 78.721 15.6205 22.0907 93.7763 67.3815 0.0 99.479 57.9846 9.84886 26.6271 13.0 84.4385 49.163 74.7379 50.1199 88.955 65.2763 58.5235 24.0416 29.5466 93.7098 85.5862 32.573 74.8252 54.0093 88.6002 108.055 45.0 25.4951 65.2763 24.0416 63.5059 77.2451 55.109 83.006 39.0512 29.4109 71.1688 72.4431 75.4255 
46.1411 54.7803 106.01 86.4292 45.377 74.014 113.67 50.0 42.19 94.3022 30.0 6.40312 80.9977 44.1022 67.374 69.521 106.383 28.6007 57.4293 68.7314 38.4708 98.4335 82.8133 43.0465 51.0098 99.479 0.0 48.5489 101.458 106.778 110.072 47.4342 81.9459 37.1214 52.3927 43.8634 66.2546 52.9528 76.6273 70.4671 20.3961 84.4038 93.1311 27.6586 76.1401 44.7772 17.2627 81.2483 76.4512 71.3442 111.762 73.5527 34.0588 78.1025 29.6142 66.0019 71.5156 48.0416 64.3817 64.7765 
3.16228 10.198 61.9113 45.7118 4.0 27.3716 71.6337 38.2163 22.0227 50.9534 18.942 48.2701 39.6315 54.8392 30.2655 40.4969 63.4591 26.2291 17.0 52.4817 32.1403 55.5099 39.8897 48.1664 26.9258 57.9846 48.5489 0.0 64.0117 63.8545 65.9725 41.1947 39.7169 46.0281 9.83095 44.0114 41.4702 19.4324 33.1638 27.2947 46.6619 63.0565 50.4537 24.4131 36.6739 44.0 57.3847 39.0193 34.5324 56.716 68.8389 56.9918 44.8149 55.0364 34.176 30.8058 30.1496 28.8617 40.853 42.8808 
62.6529 47.9387 15.6205 19.2354 57.8915 36.6742 15.0 59.9333 74.6726 49.6488 73.1012 102.618 21.9317 77.0779 35.8469 42.2019 27.0185 74.6021 48.1041 58.3095 85.44 25.2389 31.0644 100.881 74.9533 9.84886 101.458 64.0117 0.0 35.3836 19.2354 91.9239 58.5491 74.7991 56.648 96.1665 74.027 65.9697 24.8395 31.1448 91.365 95.0368 42.3792 80.1872 63.0749 95.8801 112.221 54.1479 25.2389 61.0737 31.3847 59.0085 77.3062 50.04 89.0676 38.4708 30.0 78.5875 81.0987 84.0952 
62.4957 60.545 19.799 49.6588 66.6259 42.9535 26.4008 80.025 71.2324 25.0799 78.342 105.723 48.3839 97.2002 57.3149 68.4471 8.60233 85.6291 61.9541 85.9069 81.6395 12.3693 25.0 92.1234 70.5473 26.6271 106.778 63.8545 35.3836 0.0 17.4929 81.5309 38.4708 93.598 54.8261 87.1844 57.3062 60.8017 45.7056 49.0918 106.306 71.0211 20.0 80.6041 45.2769 86.4665 113.722 37.2022 48.0521 89.4986 8.06226 88.0568 96.1052 80.3243 87.3997 60.2993 50.3587 72.8391 64.4127 67.082 
64.6136 55.9136 5.09902 36.4966 68.7438 40.8044 9.21954 73.0068 74.6324 38.0132 80.46 107.849 37.0 90.471 48.8365 58.0086 8.94427 87.7471 57.2713 75.06 85.1469 12.3693 26.6271 99.645 73.1531 13.0 110.072 65.9725 19.2354 17.4929 0.0 90.7201 49.8197 87.1348 57.4891 94.7754 67.72 64.3128 36.6742 41.7612 108.424 85.0529 31.1448 82.8131 55.7853 94.3941 116.043 46.8402 38.3275 78.2304 12.2066 76.4199 89.6419 67.897 90.4268 51.788 41.9762 76.9448 75.0 77.8845 
38.3275 51.3517 86.7826 86.093 41.7732 56.4358 97.0351 71.1805 19.2354 57.3149 39.1152 42.2019 80.0562 76.0592 71.4493 81.0247 85.1905 47.2017 57.2713 90.0777 11.4018 78.9425 63.5955 10.6301 17.088 84.4385 47.4342 41.1947 91.9239 81.5309 90.7201 0.0 43.8406 66.8431 36.1248 5.83095 25.807 25.9615 73.1095 68.0 60.2163 37.3363 61.5649 27.6586 36.7696 5.0 42.0476 44.4779 75.0267 94.0213 88.8321 95.0789 65.192 95.1781 18.3576 71.8471 71.007 13.3417 20.6155 19.6469 
38.3581 56.0773 48.1664 62.045 42.4883 37.7055 58.4209 76.2843 42.328 13.6015 54.0891 80.3287 57.8285 93.068 58.7136 71.2748 43.0116 61.4916 57.4863 86.8304 45.589 37.4833 27.6586 54.4518 32.8807 49.163 81.9459 39.7169 58.5491 38.4708 49.8197 43.8406 0.0 81.2905 29.903 49.5177 18.868 33.8476 53.9367 51.569 81.8804 36.4966 18.9737 54.8476 7.07107 48.7955 82.2171 5.65685 56.6199 91.0033 46.0977 90.6035 80.0773 86.2389 54.4568 60.6447 54.6317 35.1725 25.9422 28.6356 
43.853 41.9595 82.0529 57.2014 42.8514 52.4564 88.2671 15.5563 51.2132 88.8066 28.4243 42.0119 53.0 9.21954 38.9638 36.1248 89.3399 19.799 34.2514 31.7805 55.4437 81.8745 69.5793 68.0955 60.3284 74.7379 37.1214 46.0281 74.7991 93.598 87.1348 66.8431 81.2905 0.0 51.3955 66.2873 76.2258 57.2687 50.7344 45.3855 18.3848 97.7638 83.1954 39.2046 78.0177 66.8506 54.0 88.7682 49.6953 34.2345 95.4223 36.4966 3.16228 41.7852 50.2494 36.3593 45.3496 59.6319 75.5915 77.2489 
8.47214 19.8114 53.6004 50.01 12.6023 20.3961 63.5138 48.0448 18.0278 41.2426 24.1868 51.1077 44.0 64.6677 37.3695 50.2385 54.5619 31.5965 26.8254 62.3101 28.7924 46.6905 31.1127 44.3847 20.2237 50.1199 52.3927 9.83095 56.648 54.8261 57.4891 36.1248 29.903 51.3955 0.0 39.8121 32.8251 11.7047 37.0135 32.1403 52.0096 57.9328 41.4253 25.807 26.8599 39.6232 58.8982 29.2054 39.0128 66.5445 59.826 66.6817 50.1823 64.8358 33.0151 40.4005 35.2278 23.0 33.3005 35.3283 
41.0 54.0093 91.3479 89.4539 44.1022 60.208 101.6 72.1478 22.0907 62.9685 39.3954 38.2753 83.386 75.452 74.0608 83.0459 90.8439 47.0106 59.4138 91.0824 12.1655 83.3027 68.1608 5.0 21.9545 88.955 43.8634 44.0114 96.1665 87.1844 94.7754 5.83095 49.5177 66.2873 39.8121 0.0 31.6228 30.4631 76.531 71.1891 58.1378 42.0476 67.2184 27.2947 42.45 1.0 37.0135 50.1313 78.3198 94.9887 94.4855 96.1353 64.405 96.5404 16.2788 74.2428 74.108 17.8885 26.4008 25.2982 
39.452 51.4506 65.5342 73.0068 43.6288 43.3244 75.9394 79.684 25.375 32.45 47.8071 62.3044 67.4463 85.4264 63.2278 75.6845 61.4654 56.4268 58.4647 93.9494 28.6356 55.3624 43.1856 36.4005 15.9277 65.2763 66.2546 41.4702 74.027 57.3062 67.72 25.807 18.868 76.2258 32.8251 31.6228 0.0 22.2195 60.4401 57.0088 74.0655 25.6125 37.5766 40.2679 12.083 30.8058 65.2534 20.8806 62.9365 98.1837 64.846 98.321 75.0126 90.6493 37.4833 65.0555 60.1664 18.2195 7.28011 10.198 
17.6918 29.4129 60.8853 61.0737 21.9317 31.0 71.1378 57.6462 11.6619 46.2039 29.1204 50.2892 55.1453 66.4693 48.9411 59.84 60.5734 37.4697 36.4269 71.9116 21.2603 52.84 37.6982 35.3412 9.05539 58.5235 52.9528 19.4324 65.9697 60.8017 64.3128 25.9615 33.8476 57.2687 11.7047 30.4631 22.2195 0.0 48.0937 43.566 56.8859 43.8058 47.4009 25.318 30.8045 30.0832 55.9464 33.15 50.2494 76.1459 65.8016 76.4217 56.0555 74.4373 28.0179 50.002 46.6905 12.6491 21.6023 23.6301 
36.2891 24.1661 31.5753 13.0 34.1768 17.2627 37.5766 36.4005 54.4518 46.7547 49.3277 78.7499 7.07107 53.8516 12.1655 22.8035 40.0125 49.7716 23.3452 40.2616 64.9949 33.3766 25.807 80.9024 57.0351 24.0416 76.6273 33.1638 24.8395 45.7056 36.6742 73.1095 53.9367 50.7344 37.0135 76.531 60.4401 48.0937 0.0 6.40312 67.3003 84.6936 40.8044 56.4624 51.8941 76.4199 88.448 53.2391 2.82843 43.9659 46.0 42.72 53.2415 35.8469 67.0885 15.1327 5.38516 60.0083 66.7083 69.6348 
30.4138 18.0278 36.6879 18.4391 28.1603 13.8924 43.4166 31.4006 49.111 47.0922 43.127 72.5897 12.3693 48.8365 8.544 21.095 44.1814 43.6114 16.9706 38.0789 59.414 37.0 26.9258 75.4269 52.345 29.5466 70.4671 27.2947 31.1448 49.0918 41.7612 68.0 51.569 45.3855 32.1403 71.1891 57.0088 43.566 6.40312 0.0 61.9514 81.8413 41.5933 50.3289 49.3964 71.1336 82.2473 50.8714 7.28011 42.0476 50.2494 41.1825 47.8927 35.4683 61.131 11.4018 3.16228 55.0818 63.0744 65.9982 
44.4868 53.1322 104.362 73.8834 43.7289 72.3659 107.678 33.2866 48.7032 92.7583 28.0713 26.2488 69.5693 24.0208 55.5297 53.8238 105.91 21.2132 51.2501 50.0 49.3964 97.961 82.3408 58.6941 58.1893 93.7098 20.3961 46.6619 91.365 106.306 108.424 60.2163 81.8804 18.3848 52.0096 58.1378 74.0655 56.8859 67.3003 61.9514 0.0 94.8472 92.9048 34.0147 78.8373 58.8982 37.6563 81.1828 66.2613 52.1728 111.29 54.5711 15.2315 60.1664 42.0119 52.9267 61.9155 56.4624 73.1642 74.3236 
61.0383 73.0369 84.0238 96.7988 65.2151 67.9779 94.0053 101.27 46.6476 47.0425 69.3397 79.4292 91.5478 106.964 88.3233 100.788 77.3175 77.9649 80.051 115.536 46.1736 73.0 64.1327 45.0444 37.4433 85.5862 84.4038 63.0565 95.0368 71.0211 85.0529 37.3363 36.4966 97.7638 57.9328 42.0476 25.6125 43.8058 84.6936 81.8413 94.8472 0.0 54.0 60.8358 32.8938 41.0488 79.0569 41.2311 87.3212 119.77 79.0759 119.907 96.5506 115.753 54.8179 90.1588 84.9706 38.4708 22.2036 20.5913 
49.0949 49.979 30.0666 49.5782 53.2251 31.1108 40.0125 69.833 57.8317 7.28011 64.8465 93.882 46.0109 86.7976 50.0899 62.6498 24.0416 72.2283 51.388 79.6241 68.2388 19.0 15.0 72.1574 50.5813 32.573 93.1311 50.4537 42.3792 20.0 31.1448 61.5649 18.9737 83.1954 41.4253 67.2184 37.5766 47.4009 40.8044 41.5933 92.9048 54.0 0.0 68.4009 25.4951 66.5006 101.012 17.2047 43.6005 83.6301 27.2947 82.7647 85.7026 76.5506 73.9989 52.8015 43.909 52.8731 44.7772 47.5395 
21.4009 32.311 78.7519 68.6222 22.3607 44.2122 88.4743 45.4721 15.1327 67.2039 12.3693 25.4951 62.6259 48.4149 51.0568 58.0 80.2808 19.7231 35.6552 64.4094 16.2788 72.3464 56.7274 29.7321 24.5153 74.8252 27.6586 24.4131 80.1872 80.6041 82.8131 27.6586 54.8476 39.2046 25.807 27.2947 40.2679 25.318 56.4624 50.3289 34.0147 60.8358 68.4009 0.0 50.1533 27.7849 33.2415 54.15 57.5847 68.313 85.604 69.4605 37.5366 70.5762 12.1655 50.5793 52.811 22.4722 39.2173 40.3113 
35.315 53.7122 53.7587 63.9062 39.4452 35.5106 64.1327 73.9192 35.2605 20.6155 51.046 72.1898 58.6941 90.703 56.4004 68.9117 49.3964 58.2187 55.1213 84.4653 38.5215 43.4166 32.0156 47.3814 25.8132 54.0093 76.1401 36.6739 63.0749 45.2769 55.7853 36.7696 7.07107 78.0177 26.8599 42.45 12.083 30.8045 51.8941 49.3964 78.8373 32.8938 25.4951 50.1533 0.0 41.7253 75.1496 9.05539 54.5619 88.6383 52.7731 88.2385 76.8045 83.8689 47.3892 58.2827 52.4786 28.105 19.3132 22.1359 
41.0122 54.037 90.9666 89.3588 44.1814 60.0167 101.219 72.4795 22.0227 62.2415 39.8121 39.2173 83.2947 76.0263 74.108 83.1974 90.1261 47.5079 59.5399 91.4166 12.3693 83.8781 67.7795 5.65685 21.4709 88.6002 44.7772 44.0 95.8801 86.4665 94.3941 5.0 48.7955 66.8506 39.6232 1.0 30.8058 30.0832 76.4199 71.1336 58.8982 41.0488 66.5006 27.7849 41.7253 0.0 38.0132 49.4135 78.2304 95.3204 93.7677 96.4624 65.0 96.7829 16.9706 74.3303 74.0608 17.4642 25.4951 24.3516 
54.4885 64.289 111.982 99.5693 54.8179 77.4424 121.704 65.9242 44.2945 99.8147 40.8167 12.0416 94.1378 61.2944 80.5357 84.7386 113.455 42.3792 70.7248 85.2877 36.6879 105.551 89.9389 34.3657 51.264 108.055 17.2627 57.3847 112.221 113.722 116.043 42.0476 82.2171 54.0 58.8982 37.0135 65.2534 55.9464 88.448 82.2473 37.6563 79.0569 101.012 33.2415 75.1496 38.0132 0.0 86.7608 89.7467 88.0909 118.722 90.1998 51.0098 94.2019 28.2312 79.3095 84.8111 47.4342 61.8142 61.4003 
37.6605 55.3797 44.7214 65.1932 41.7907 37.0079 55.109 75.5867 43.5807 13.8924 53.3915 79.6311 60.0112 92.3704 58.016 70.5772 40.7185 60.794 56.7887 86.1328 46.2026 34.4819 23.0868 55.0704 33.4943 45.0 81.2483 39.0193 54.1479 37.2022 46.8402 44.4779 5.65685 88.7682 29.2054 50.1313 20.8806 33.15 53.2391 50.8714 81.1828 41.2311 17.2047 54.15 9.05539 49.4135 86.7608 0.0 55.9223 90.3057 44.4185 89.9059 79.3797 85.5413 59.748 59.9471 53.9341 35.7861 28.1603 31.0483 
37.6577 25.2982 33.2415 11.1803 35.4401 19.6469 38.6264 35.1141 56.2325 49.5782 50.3614 78.5738 5.09902 52.4976 10.7703 20.3961 42.107 49.5955 23.6008 37.855 66.6488 35.6931 28.6007 82.6617 59.1354 25.4951 76.4512 34.5324 25.2389 48.0521 38.3275 75.0267 56.6199 49.6953 39.0128 78.3198 62.9365 50.2494 2.82843 7.28011 66.2613 87.3212 43.6005 57.5847 54.5619 78.2304 89.7467 55.9223 0.0 41.4849 48.0416 40.1622 52.2025 33.121 68.4105 13.6015 5.0 62.0081 69.1266 72.0504 
58.9721 47.4236 73.3348 42.0 55.0984 54.0833 76.0592 24.0416 75.7814 89.1003 55.9486 76.0592 41.4367 28.7924 33.541 21.1896 83.1865 49.0306 39.6989 4.24264 83.0266 77.1298 68.942 97.9175 83.5484 65.2763 71.3442 56.716 61.0737 89.4986 78.2304 94.0213 91.0033 34.2345 66.5445 94.9887 98.1837 76.1459 43.9659 42.0476 52.1728 119.77 83.6301 68.313 88.6383 95.3204 88.0909 90.3057 41.4849 0.0 88.955 2.82843 37.3363 12.083 80.3027 30.8869 39.9249 84.1678 97.5665 99.5943 
67.4801 62.9264 16.1555 47.8017 71.6103 46.2385 20.0 81.6149 76.2323 32.8938 83.3265 110.715 47.5184 98.9949 58.0345 68.2642 6.08276 90.6135 64.3355 85.5862 86.6394 13.9284 29.1548 99.4245 77.8485 24.0416 111.762 68.8389 31.3847 8.06226 12.2066 88.8321 46.0977 95.4223 59.826 94.4855 64.846 65.8016 46.0 50.2494 111.29 79.0759 27.2947 85.604 52.7731 93.7677 118.722 44.4185 48.0416 88.955 0.0 87.2983 97.9295 79.0759 92.3996 61.0328 51.0392 80.1403 72.0139 74.7329 
59.2479 47.634 71.5681 40.05 55.3742 53.6004 74.0068 25.4951 76.8012 88.2746 57.0961 78.1601 39.8121 31.3847 32.7567 20.1246 81.5843 50.636 40.0 5.09902 84.1546 75.6902 67.9779 99.065 83.8242 63.5059 73.5527 56.9918 59.0085 88.0568 76.4199 95.0789 90.6035 36.4966 66.6817 96.1353 98.321 76.4217 42.72 41.1825 54.5711 119.907 82.7647 69.4605 88.2385 96.4624 90.1998 89.9059 40.1622 2.82843 87.2983 0.0 39.6232 9.48683 81.6112 30.2324 38.9102 85.1875 97.8423 99.8701 
42.6398 44.4667 84.56 59.8164 41.6382 54.9635 90.7743 18.4391 50.0 90.9112 27.2111 39.0512 55.5106 11.1803 41.4709 39.0512 91.8471 18.6011 36.7585 34.9285 53.8145 84.3817 72.0865 66.0379 59.1152 77.2451 34.0588 44.8149 77.3062 96.1052 89.6419 65.192 80.0773 3.16228 50.1823 64.405 75.0126 56.0555 53.2415 47.8927 15.2315 96.5506 85.7026 37.5366 76.8045 65.0 51.0098 79.3797 52.2025 37.3363 97.9295 39.6232 0.0 44.9444 48.2597 38.868 47.8568 58.4123 74.3783 76.0357 
57.3847 45.1774 63.1506 31.4006 53.5135 48.7955 65.0308 28.2843 76.0248 82.2591 58.3095 82.201 31.9531 38.2753 27.5862 15.0 73.4983 53.0094 38.0789 11.3137 84.415 68.0074 61.5873 99.8248 81.939 55.109 78.1025 55.0364 50.04 80.3243 67.897 95.1781 86.2389 41.7852 64.8358 96.5404 90.6493 74.4373 35.8469 35.4683 60.1664 115.753 76.5506 70.5762 83.8689 96.7829 94.2019 85.5413 33.121 12.083 79.0759 9.48683 44.9444 0.0 82.7345 25.6125 32.8024 83.5806 95.8579 97.8857 
31.0161 43.1741 86.6083 79.555 32.9848 52.4275 96.5194 57.6229 16.4012 72.8019 24.5153 25.02 73.4983 59.3633 62.514 70.0286 87.0494 31.3847 47.1699 76.5601 9.0 79.3095 63.8905 17.8885 23.0868 83.006 29.6142 34.176 89.0676 87.3997 90.4268 18.3576 54.4568 50.2494 33.0151 16.2788 37.4833 28.0179 67.0885 61.131 42.0119 54.8179 73.9989 12.1655 47.3892 16.9706 28.2312 59.748 68.4105 80.3027 92.3996 81.6112 48.2597 82.7345 0.0 62.2013 63.7887 19.4165 35.0143 35.2278 
33.541 20.6155 46.6905 21.2132 30.1496 23.4307 52.2015 21.5407 52.6118 58.2511 39.2938 67.9904 16.6433 38.8973 3.0 10.6301 55.0091 38.9908 15.0333 26.8328 62.1289 48.0937 38.2753 78.0577 57.5902 39.0512 66.0019 30.8058 38.4708 60.2993 51.788 71.8471 60.6447 36.3593 40.4005 74.2428 65.0555 50.002 15.1327 11.4018 52.9267 90.1588 52.8015 50.5793 58.2827 74.3303 79.3095 59.9471 13.6015 30.8869 61.0328 30.2324 38.868 25.6125 62.2013 0.0 10.0 59.6657 71.1186 74.0424 
33.2415 20.6155 36.8782 15.8114 30.8058 17.0 42.9535 31.0483 52.0384 49.5035 45.5554 73.6382 9.84886 48.5077 7.0 18.7883 45.0111 44.6599 18.6011 36.0555 62.2896 38.1182 29.0689 78.3135 55.4437 29.4109 71.5156 30.1496 30.0 50.3587 41.9762 71.007 54.6317 45.3496 35.2278 74.108 60.1664 46.6905 5.38516 3.16228 61.9155 84.9706 43.909 52.811 52.4786 74.0608 84.8111 53.9341 5.0 39.9249 51.0392 38.9102 47.8568 32.8024 63.7887 10.0 0.0 58.1378 66.2334 69.1572 
26.2488 39.0512 73.5173 73.0068 30.0832 43.1856 83.7698 61.3439 8.48528 48.6232 31.241 44.1022 67.0 68.8326 59.0339 69.2604 73.2055 39.833 45.5412 80.1956 10.7703 65.472 50.3302 22.8254 4.24264 71.1688 48.0416 28.8617 78.5875 72.8391 76.9448 13.3417 35.1725 59.6319 23.0 17.8885 18.2195 12.6491 60.0083 55.0818 56.4624 38.4708 52.8731 22.4722 28.105 17.4642 47.4342 35.7861 62.0081 84.1678 80.1403 85.1875 58.4123 83.5806 19.4165 59.6657 58.1378 0.0 16.7631 17.8885 
38.8348 50.8334 72.8135 79.4292 43.0116 49.4798 83.2187 79.0668 24.5967 39.4462 47.1699 60.0333 73.7564 84.7921 69.291 81.2605 68.7095 55.7925 57.8474 93.3321 26.0192 62.6418 50.3587 30.8869 15.2643 72.4431 64.3817 40.853 81.0987 64.4127 75.0 20.6155 25.9422 75.5915 33.3005 26.4008 7.28011 21.6023 66.7083 63.0744 73.1642 22.2036 44.7772 39.2173 19.3132 25.4951 61.8142 28.1603 69.1266 97.5665 72.0139 97.8423 74.3783 95.8579 35.0143 71.1186 66.2334 16.7631 0.0 3.0 
40.8626 52.8612 75.7199 82.3772 45.0394 52.4036 86.1252 78.1392 26.0768 42.0595 48.8262 60.208 76.6877 86.4495 72.2148 83.2883 71.5122 57.4499 59.8753 95.36 26.3059 65.521 53.3385 29.5466 17.0294 75.4255 64.7765 42.8808 84.0952 67.082 77.8845 19.6469 28.6356 77.2489 35.3283 25.2982 10.198 23.6301 69.6348 65.9982 74.3236 20.5913 47.5395 40.3113 22.1359 24.3516 61.4003 31.0483 72.0504 99.5943 74.7329 99.8701 76.0357 97.8857 35.2278 74.0424 69.1572 17.8885 3.0 0.0 
DEMAND_SCENARIO_SECTION
0 0 0 0 0 0 0 0 0 0 0 0 0 0 0 0 0 0 0 0 0 0 0 0 0 0 0 0 0 0 0 0 0 0 0 0 0 0 0 0 0 0 0 0 0 0 0 0 0 0 0 0 0 0 0 0 0 0 0 0 0 0 0 0 0 0 0 0 0 0 0 0 0 0 0 0 0 0 0 0 0 0 0 0 0 0 0 0 0 0 0 0 0 0 0 0 0 0 0 0 0 0 0 0 0 0 0 0 0 0 0 0 0 0 0 0 0 0 0 0 0 0 0 0 0 0 0 0 0 0 0 0 0 0 0 0 0 0 0 0 0 0 0 0 0 0 0 0 0 0 0 0 0 0 0 0 0 0 0 0 0 0 0 0 0 0 0 0 0 0 0 0 0 0 0 0 0 0 0 0 0 0 0 0 0 0 0 0 0 0 0 0 0 0 0 0 0 0 0 0 
11 11 9 8 11 9 6 8 7 8 6 9 10 7 9 8 6 8 7 9 10 9 5 5 9 8 7 11 6 6 9 8 8 12 8 9 8 11 8 11 10 7 5 7 11 10 10 6 11 8 12 6 10 7 5 7 8 12 11 8 5 8 9 11 14 7 10 8 7 8 3 10 7 13 6 6 6 7 5 12 11 6 11 10 7 8 10 4 6 5 12 5 9 8 10 8 8 6 4 10 7 9 5 8 6 5 12 3 3 11 15 8 4 10 7 6 8 8 10 7 7 9 8 7 6 6 7 9 6 8 5 11 4 9 13 9 4 11 11 8 4 11 6 9 7 6 10 11 8 8 9 4 7 7 14 10 7 7 8 10 6 5 10 5 10 5 7 8 10 11 10 11 4 8 10 8 13 12 8 11 9 12 9 7 5 9 13 8 8 10 8 8 6 10 11 7 6 8 4 9 
1 3 5 4 2 5 4 3 4 1 2 1 4 4 4 3 3 2 2 2 4 2 3 6 3 2 0 4 2 3 4 4 3 4 3 2 3 4 4 4 1 3 3 4 3 4 2 3 4 3 4 6 3 2 2 4 3 5 4 3 3 2 2 1 1 2 2 5 3 1 1 2 3 2 3 1 2 1 2 2 2 2 3 4 3 2 3 3 2 3 2 4 1 2 3 5 3 4 3 2 2 2 4 2 2 2 4 2 2 3 4 3 3 3 3 3 3 5 3 2 4 4 3 5 4 3 2 3 5 3 4 5 4 2 4 4 2 4 3 2 2 5 3 3 3 1 2 1 3 2 3 4 2 2 6 3 2 3 3 3 3 3 3 3 3 4 4 2 1 2 3 2 2 4 3 2 3 4 2 5 1 4 5 5 4 4 2 4 4 5 3 3 2 3 2 5 3 3 3 4 
9 5 8 6 7 5 5 7 7 5 9 6 7 4 4 12 6 7 8 6 5 7 5 7 6 5 5 6 5 10 3 3 6 8 7 8 4 4 3 9 5 3 8 5 6 6 5 14 6 4 6 6 6 5 7 5 6 5 8 7 6 7 7 8 7 5 6 8 8 6 7 10 3 7 6 6 4 7 6 5 7 11 3 5 5 7 3 5 6 6 7 5 7 7 5 3 6 5 4 8 5 2 6 4 10 8 8 6 9 5 3 4 5 2 5 7 1 7 8 5 9 6 7 8 8 10 9 5 7 4 8 8 3 10 5 5 5 3 4 2 11 4 4 5 5 6 6 5 10 4 6 8 4 4 9 5 8 6 8 7 8 4 5 5 11 6 8 7 4 6 7 8 7 7 2 7 4 3 8 3 4 7 4 4 8 8 6 7 6 5 4 6 9 4 3 6 6 7 5 5 
2 3 4 3 2 3 4 4 2 5 1 2 2 3 2 3 2 4 4 2 3 2 4 4 3 3 1 1 2 4 4 3 4 3 3 2 2 3 3 4 4 3 5 5 2 3 3 3 3 2 4 2 3 3 4 3 1 2 2 5 4 3 3 5 3 3 4 4 2 4 2 2 2 3 3 3 3 2 3 2 3 3 2 2 2 3 3 2 3 3 4 2 3 3 3 2 4 3 4 2 3 3 3 4 2 3 3 3 3 1 3 4 3 4 3 4 2 3 2 5 4 2 4 3 5 4 3 2 4 5 3 1 4 2 4 2 4 3 3 4 1 2 3 2 2 3 2 3 3 3 3 0 4 2 5 4 3 5 3 3 2 5 3 0 1 2 3 4 5 3 2 3 3 3 3 5 2 2 3 4 3 3 5 3 4 3 3 2 3 1 2 2 4 4 2 4 1 3 1 1 
12 8 8 4 13 7 11 6 4 8 14 3 8 10 11 13 8 8 13 7 8 13 6 8 11 1 9 12 6 10 13 8 11 5 12 14 16 6 7 12 7 9 11 4 8 14 14 13 2 10 12 13 3 6 6 7 5 8 11 6 13 2 13 7 8 7 12 6 9 12 11 7 12 6 7 10 9 10 12 7 14 8 14 9 11 6 6 2 10 3 8 12 11 4 7 8 7 11 7 10 10 11 7 7 12 13 7 11 9 13 3 10 7 11 5 11 9 6 8 13 10 10 13 12 9 11 8 11 9 14 7 12 7 11 9 9 9 5 3 6 6 0 10 9 9 10 8 5 13 12 13 11 13 12 11 13 9 10 13 5 13 8 11 11 10 10 8 7 11 13 7 11 9 6 15 7 5 6 6 15 10 9 10 11 5 10 8 11 7 6 10 6 8 8 8 10 10 4 9 12 
4 3 3 2 4 3 2 1 2 2 3 6 3 2 3 3 3 4 4 4 2 2 2 3 4 3 4 2 4 3 4 2 6 4 3 2 1 3 4 2 3 4 4 4 4 4 4 3 4 3 4 4 3 4 2 4 3 3 2 4 3 2 2 3 4 4 1 4 3 3 3 4 3 5 2 3 3 2 4 2 3 4 3 4 3 4 4 3 4 3 3 3 3 4 2 3 3 3 4 2 4 3 2 3 5 2 5 3 3 3 5 4 4 4 4 4 2 4 3 3 3 2 2 5 3 3 2 2 6 5 5 4 3 3 5 3 3 2 4 2 2 3 4 3 4 3 2 3 3 3 5 3 4 2 3 4 3 5 1 3 4 5 3 4 3 5 3 3 4 2 3 2 3 2 2 2 2 3 3 7 3 3 6 5 5 0 2 4 6 2 3 4 2 3 4 5 3 6 4 3 
5 3 7 4 6 3 4 7 5 5 6 3 8 3 1 6 7 5 3 4 5 8 5 7 6 4 6 4 5 5 5 5 4 7 5 6 5 7 8 11 5 2 7 3 6 4 5 4 4 5 6 5 4 5 5 4 5 5 4 6 4 4 9 5 2 6 5 6 2 2 7 5 4 5 6 4 6 8 5 6 2 6 5 5 3 5 5 3 6 4 7 6 5 3 6 5 5 6 4 2 3 5 6 4 9 4 4 5 5 10 4 2 5 6 5 4 8 7 3 6 9 6 5 9 6 7 6 5 5 6 6 8 4 6 6 5 5 7 7 2 8 4 5 3 3 4 3 5 4 6 7 7 8 6 7 4 4 3 3 8 4 5 4 8 2 4 6 3 2 7 3 5 4 8 5 2 4 4 2 5 5 7 6 6 2 3 7 5 7 7 6 4 4 5 5 6 2 6 4 3 
4 6 4 9 3 4 8 7 6 4 7 6 6 10 5 5 6 5 11 11 8 4 5 2 3 9 4 7 7 4 8 8 7 6 8 1 4 7 7 6 4 4 11 12 5 6 6 7 10 6 7 9 9 8 6 5 3 11 5 5 8 5 7 12 8 6 7 6 5 5 5 8 7 7 6 9 7 4 5 6 5 6 7 8 4 6 6 6 7 5 6 2 7 9 4 6 5 6 5 5 5 5 5 2 6 8 10 3 4 6 5 6 6 2 10 6 3 7 8 8 6 3 4 6 9 7 7 9 10 5 8 6 7 4 5 7 10 9 6 6 8 6 5 9 4 3 5 7 8 7 5 9 9 7 4 7 6 5 7 8 4 4 6 4 6 6 8 7 5 9 1 4 3 2 5 5 6 4 4 5 3 7 7 10 4 2 8 7 7 8 7 9 6 6 8 5 8 8 5 8 
2 2 4 5 6 5 6 3 2 3 4 3 6 1 6 5 3 4 2 4 4 6 7 4 6 5 2 7 7 5 4 4 1 3 4 2 2 2 5 4 5 5 5 3 3 5 3 2 3 4 6 3 4 6 4 4 4 4 3 3 3 2 4 3 3 5 6 4 7 2 3 4 5 5 6 4 3 5 3 6 6 5 3 4 2 4 3 2 4 6 2 6 4 6 4 3 3 6 4 5 7 6 4 4 5 4 3 4 5 3 7 4 3 6 7 5 3 4 6 3 5 5 3 4 1 5 6 7 4 5 6 4 3 5 2 2 5 3 6 3 5 6 6 4 5 3 4 3 2 5 5 4 2 6 1 5 2 3 4 2 3 7 3 1 5 3 4 4 7 4 3 3 3 2 4 8 3 3 4 4 5 4 3 4 5 6 0 3 3 3 6 5 7 3 6 4 5 3 5 5 
0 5 4 4 10 9 9 4 6 9 6 3 6 6 6 5 6 5 5 5 8 6 7 6 9 7 6 5 8 8 7 4 7 7 3 6 7 4 5 6 10 5 6 7 8 5 7 4 5 9 5 5 7 9 6 7 3 5 8 3 5 9 4 4 2 5 4 7 5 5 9 2 8 8 8 3 8 6 4 7 6 2 5 5 4 9 10 5 7 5 7 4 7 9 5 2 9 4 8 4 5 5 3 5 9 8 5 7 5 7 11 6 7 3 8 5 5 7 5 8 6 6 4 8 5 7 9 2 6 6 5 6 4 7 5 3 4 8 6 10 6 7 7 5 5 7 6 6 6 6 7 7 7 7 7 5 7 6 4 7 5 6 10 3 5 6 7 8 8 8 5 6 4 4 5 2 9 5 6 2 4 5 8 5 8 3 5 7 5 6 4 11 4 7 4 5 7 5 7 7 
2 3 2 2 2 2 2 2 2 3 3 3 1 2 1 1 3 2 2 2 3 3 2 3 1 1 2 2 2 2 2 1 2 1 3 1 1 2 3 2 2 2 3 2 2 2 2 2 3 1 2 2 3 3 3 1 1 1 2 3 3 1 2 1 3 3 2 2 1 3 1 3 1 3 2 1 2 3 1 2 2 2 3 2 3 2 2 2 1 1 1 2 2 2 2 2 2 3 3 2 1 2 2 2 2 2 3 1 3 4 1 3 3 1 2 1 2 2 1 1 1 3 2 2 2 1 2 2 2 3 1 3 3 1 2 1 2 3 2 2 3 1 3 2 1 2 2 2 2 1 2 2 3 3 2 1 3 2 3 2 2 2 1 2 2 2 2 3 2 3 1 1 2 2 1 3 2 2 2 1 3 2 3 1 1 2 2 1 3 3 3 3 1 2 3 3 3 3 2 3 
4 5 3 4 5 8 3 6 4 5 7 6 2 7 3 7 5 5 8 5 6 4 4 6 7 4 2 4 5 6 6 6 5 3 5 4 6 3 5 5 4 4 5 5 5 6 5 5 7 5 4 4 9 7 4 7 7 8 4 6 4 5 6 7 4 6 7 5 2 3 5 5 3 3 6 5 6 3 4 4 5 4 6 4 6 5 1 3 6 5 6 7 5 5 4 0 7 5 4 5 3 6 8 1 5 4 4 7 5 3 5 6 2 5 4 2 5 7 3 6 4 6 6 5 4 6 2 4 2 4 4 4 3 2 6 6 7 6 5 4 3 4 3 7 2 4 5 5 4 4 6 8 3 5 7 5 4 7 3 4 4 6 5 5 5 6 6 4 6 6 6 4 6 5 4 5 6 5 2 7 5 2 3 3 4 5 6 5 5 4 6 4 8 5 6 5 5 6 4 5 
4 4 10 5 9 12 5 9 7 2 6 6 6 4 7 7 2 6 6 5 6 5 6 8 5 6 9 7 8 6 9 6 7 9 7 1 7 5 7 6 5 4 8 5 3 6 5 4 7 7 7 5 8 6 6 3 6 5 3 5 4 8 6 7 5 3 5 8 6 6 8 2 6 3 6 7 7 2 8 6 7 6 4 6 6 9 8 4 10 4 2 9 9 5 9 4 8 6 5 5 7 8 5 6 3 5 8 1 7 7 8 7 2 4 8 9 3 4 6 5 6 5 9 7 7 8 9 5 6 5 5 6 8 8 6 7 5 8 10 4 8 7 7 9 5 9 5 6 4 6 5 7 6 7 7 6 5 2 7 7 8 8 9 6 6 2 8 3 5 7 5 6 6 9 5 4 5 8 5 6 7 5 3 7 7 6 6 3 4 8 4 6 5 5 4 8 3 6 7 11 
11 12 10 14 11 11 10 12 7 9 7 12 5 12 11 8 7 11 15 12 9 10 15 12 14 10 12 11 6 10 10 10 15 6 10 8 10 16 12 11 12 7 9 10 7 10 13 15 13 8 10 6 16 13 8 12 10 14 6 12 5 9 4 9 12 15 15 13 7 11 9 11 19 8 6 7 4 17 11 13 4 7 15 15 10 10 6 14 13 11 11 10 14 9 14 11 13 8 14 9 9 14 14 14 15 7 6 11 9 12 16 15 2 13 12 8 4 8 18 17 13 19 14 10 14 11 16 9 12 8 7 5 14 10 8 13 6 8 15 12 11 11 12 9 10 12 14 11 9 6 13 7 7 6 7 11 9 9 11 15 7 6 8 14 14 17 14 8 15 16 12 12 9 12 13 6 10 3 11 10 11 12 10 8 3 10 11 12 13 14 13 6 4 14 13 8 11 7 8 8 
6 2 8 7 7 7 6 4 4 6 7 7 6 6 6 6 8 3 6 4 5 7 8 4 6 5 7 6 5 8 5 3 4 5 6 5 6 3 3 3 4 3 6 6 5 5 4 9 3 4 5 3 7 5 6 2 5 6 7 6 4 3 4 4 5 6 5 6 4 4 4 7 5 4 7 5 6 6 3 5 2 6 5 4 6 2 6 8 5 4 5 3 4 5 5 5 8 2 5 5 5 6 6 5 4 8 1 4 6 5 6 5 6 3 6 6 5 4 5 3 6 3 6 6 3 1 5 7 6 1 4 7 4 5 4 6 9 3 3 3 3 4 7 4 6 3 6 6 3 3 3 3 7 5 4 3 3 5 5 4 7 5 5 8 6 3 5 7 8 8 6 4 7 5 6 3 8 5 4 3 7 6 7 7 4 6 5 7 3 5 6 4 3 6 4 4 5 9 4 6 
9 7 7 8 7 11 9 9 9 9 14 13 10 9 15 10 13 13 8 18 11 15 2 13 15 11 6 10 5 16 11 12 10 11 8 20 4 11 7 7 6 10 8 9 10 11 6 10 9 11 10 9 10 11 11 12 5 15 2 8 4 8 9 8 11 11 6 17 17 17 13 12 13 11 9 5 19 12 3 12 10 12 12 7 6 11 8 3 8 11 14 11 11 8 17 8 6 15 5 11 11 8 11 9 10 3 13 12 9 13 13 6 7 10 14 6 7 10 7 9 11 8 9 13 12 9 6 7 12 12 15 10 9 7 9 9 9 10 7 2 8 13 11 11 10 9 9 10 11 7 9 9 8 7 7 8 14 7 11 12 12 14 9 8 8 5 9 8 12 8 5 11 11 9 10 11 12 6 9 7 10 11 12 12 11 6 12 7 10 9 6 5 9 10 11 16 14 16 12 14 
8 10 9 8 8 7 5 8 5 6 6 8 7 12 9 4 8 10 5 8 7 10 10 5 4 8 5 8 6 5 4 5 9 10 8 8 10 10 4 6 5 8 4 4 4 7 6 3 3 7 3 1 8 6 4 7 11 7 3 5 8 9 6 10 5 4 9 7 7 3 10 10 2 11 4 4 6 8 8 3 10 8 8 7 9 6 10 12 8 6 5 8 7 9 10 11 7 12 10 8 3 7 5 7 12 10 4 3 9 8 9 7 9 5 6 4 8 7 9 5 7 2 9 6 7 9 5 7 7 6 9 8 5 7 10 7 7 10 5 7 6 4 5 7 4 8 5 8 9 9 10 4 5 6 9 5 10 4 8 11 5 9 9 2 8 8 8 8 7 8 6 7 5 7 11 3 9 8 1 6 6 2 9 7 6 6 12 7 4 9 8 6 0 10 11 6 7 12 4 5 
12 9 13 7 13 12 9 7 15 9 13 12 10 5 6 8 4 19 7 13 11 9 9 6 13 5 8 16 9 11 6 14 6 8 11 14 12 14 7 7 8 6 17 8 13 10 8 7 12 13 11 7 13 12 7 10 9 11 11 14 13 9 7 8 3 8 7 5 8 12 10 18 9 9 6 11 9 10 17 13 11 5 9 10 10 3 6 10 12 10 13 6 9 5 10 10 14 13 11 12 8 6 14 8 12 10 10 7 9 10 10 10 10 4 14 6 10 16 18 8 10 6 11 8 10 9 2 17 9 10 6 11 10 10 13 10 10 10 10 8 15 8 6 8 12 9 10 9 9 4 7 12 11 8 12 3 11 13 14 11 9 11 11 5 14 8 10 10 6 6 10 11 14 9 10 14 12 13 8 9 9 15 14 5 10 8 8 12 10 12 9 17 13 3 16 17 9 12 16 10 
5 6 5 5 3 4 10 6 6 6 4 7 3 7 4 3 4 6 4 4 3 5 2 3 5 4 5 5 4 7 3 4 4 4 6 5 3 4 8 4 6 6 6 3 6 5 6 4 4 4 4 9 4 5 2 6 8 5 4 5 7 6 2 8 7 7 7 5 6 7 6 4 4 5 2 5 4 2 4 3 5 4 6 6 2 5 7 5 4 5 5 4 4 6 4 5 6 6 3 3 6 6 4 7 4 6 3 5 6 7 5 4 8 4 3 4 6 5 7 5 2 4 2 4 4 7 6 5 0 5 4 4 2 4 5 3 5 6 6 4 5 6 6 4 4 5 7 4 4 5 3 5 4 5 7 5 7 6 5 3 5 4 6 5 5 9 7 2 4 4 4 6 7 7 5 5 4 6 5 6 6 4 4 7 6 5 7 4 5 3 5 3 5 2 4 6 5 0 6 4 
10 6 5 6 8 14 6 11 10 6 8 9 9 11 2 9 8 11 5 10 6 10 5 9 7 6 13 9 7 4 7 10 9 7 8 7 10 10 7 8 9 9 8 7 5 6 7 5 8 9 5 5 6 6 6 8 9 5 1 7 8 3 8 6 9 7 6 8 12 8 5 7 9 6 11 9 4 7 6 9 11 9 3 8 5 11 7 8 6 7 8 15 4 7 7 8 6 6 9 2 11 3 4 10 10 6 8 9 6 5 8 11 7 9 9 9 10 7 9 10 7 9 6 10 9 12 1 4 7 4 9 7 7 9 8 10 6 9 5 5 8 10 7 6 6 5 7 3 8 6 6 8 7 10 5 9 12 11 7 11 10 4 10 6 10 7 6 10 6 5 3 7 5 5 7 12 5 12 7 11 5 8 6 8 8 7 0 9 6 4 7 8 4 5 6 9 8 6 12 8 
1 1 2 2 2 3 2 3 2 2 2 2 3 2 3 1 1 2 2 2 2 3 2 1 2 2 2 3 2 2 2 1 2 2 2 2 1 1 2 2 2 1 2 2 2 2 3 3 2 3 2 1 2 2 3 2 3 1 1 2 3 2 3 1 1 3 2 1 3 2 1 3 2 2 1 2 1 2 1 3 2 1 3 1 2 3 2 2 2 3 1 2 3 2 1 2 3 4 2 2 3 2 2 4 2 2 1 2 3 3 2 3 2 2 2 2 1 2 2 2 2 1 1 2 2 2 2 2 2 1 2 1 2 2 2 2 2 3 3 1 2 3 2 3 2 1 2 2 2 3 2 2 3 1 3 1 1 2 3 2 2 2 2 3 3 2 3 3 2 2 3 2 2 2 3 2 1 1 3 3 3 2 3 1 3 3 1 1 2 2 1 2 2 1 2 2 2 2 2 1 
12 4 10 13 12 15 8 12 9 14 10 10 11 11 15 9 10 5 9 7 9 9 13 12 10 13 7 11 10 14 11 9 18 13 11 13 11 5 8 12 14 13 9 6 16 5 11 8 12 8 11 8 6 3 10 9 5 15 6 10 5 6 11 15 13 7 7 11 11 6 7 13 2 11 18 9 5 9 10 7 6 11 13 12 11 10 3 11 5 9 10 5 11 11 13 13 7 4 7 14 10 16 15 13 7 15 12 12 11 15 10 11 14 6 17 12 5 10 10 11 7 13 7 9 11 9 9 11 7 10 15 10 8 5 7 13 10 17 17 14 10 11 9 9 12 11 9 12 6 11 8 13 5 8 18 11 11 9 9 9 13 10 8 17 11 10 3 9 11 10 6 13 16 10 7 10 7 4 9 7 7 9 14 10 12 9 10 8 12 6 11 11 12 10 14 13 15 8 6 11 
