NAME  : Jabali_60_3_0.85_1_3
TYPE : SVRP
MODEL : FINITE_SUPPORT
NUMBER_OF_SCENARIOS : 200
DIMENSION : 60
EDGE_WEIGHT_TYPE : MATRIX
CAPACITY : 116
N_VEHICLES : 3
NODE_COORD_SECTION
1 4846 3826
2 7557 5765
3 4392 273
4 5592 7226
5 4496 3398
6 7229 5748
7 7766 2750
8 4056 4869
9 5608 7929
10 5620 5082
11 2569 441
12 4716 8241
13 2043 3381
14 9295 3802
15 8219 2745
16 2170 979
17 4836 18
18 6036 4474
19 2833 1797
20 4830 2235
21 200 3408
22 1933 6715
23 2736 3019
24 398 5394
25 135 3722
26 1871 3595
27 708 5561
28 5252 4423
29 4308 4417
30 7029 4559
31 4499 2001
32 3189 7326
33 2667 1470
34 2380 899
35 3716 1600
36 6544 3644
37 505 3809
38 7432 5938
39 3692 4286
40 898 3342
41 711 5017
42 8602 3234
43 2254 6981
44 630 4717
45 5930 4653
46 1670 6766
47 3646 3374
48 4377 2785
49 1344 5944
50 4778 8800
51 1334 4668
52 3564 7741
53 4919 6541
54 2952 1162
55 6878 5075
56 2242 4000
57 27 4809
58 7918 4891
59 7725 2494
60 4096 2393
DEMAND_SECTION
1 0.0
2 6.0
3 5.0
4 7.0
5 1.0
6 3.0
7 2.0
8 5.0
9 2.0
10 9.0
11 2.0
12 10.0
13 6.0
14 3.0
15 5.0
16 3.0
17 10.0
18 4.0
19 1.0
20 5.0
21 8.0
22 3.0
23 8.0
24 3.0
25 6.0
26 2.0
27 4.0
28 2.0
29 2.0
30 7.0
31 2.0
32 9.0
33 4.0
34 2.0
35 5.0
36 2.0
37 9.0
38 5.0
39 9.0
40 7.0
41 8.0
42 3.0
43 10.0
44 5.0
45 2.0
46 9.0
47 3.0
48 5.0
49 10.0
50 5.0
51 8.0
52 4.0
53 4.0
54 9.0
55 2.0
56 2.0
57 2.0
58 1.0
59 10.0
60 8.0
DEVIATION_SECTION
1 0.0
2 2.0
3 1.66667
4 2.33333
5 0.333333
6 1.0
7 0.666667
8 1.66667
9 0.666667
10 3.0
11 0.666667
12 3.33333
13 2.0
14 1.0
15 1.66667
16 1.0
17 3.33333
18 1.33333
19 0.333333
20 1.66667
21 2.66667
22 1.0
23 2.66667
24 1.0
25 2.0
26 0.666667
27 1.33333
28 0.666667
29 0.666667
30 2.33333
31 0.666667
32 3.0
33 1.33333
34 0.666667
35 1.66667
36 0.666667
37 3.0
38 1.66667
39 3.0
40 2.33333
41 2.66667
42 1.0
43 3.33333
44 1.66667
45 0.666667
46 3.0
47 1.0
48 1.66667
49 3.33333
50 1.66667
51 2.66667
52 1.33333
53 1.33333
54 3.0
55 0.666667
56 0.666667
57 0.666667
58 0.333333
59 3.33333
60 2.66667
DISTANCE_MATRIX
0.0 45.0999 50.1714 49.0056 7.28011 42.0119 57.0811 15.8549 58.2249 19.3132 55.0893 64.6866 38.5876 61.2064 62.0642 52.469 54.0466 18.1108 39.2046 24.5348 63.0079 57.7903 30.6757 63.7178 63.2535 40.2244 61.7389 9.84886 14.198 30.7541 26.2618 55.7422 43.4166 51.788 33.8402 25.9708 58.8982 45.0111 16.5529 54.0833 58.4578 53.9465 58.4162 58.0706 18.0 59.5539 17.088 15.9749 57.6238 71.7529 49.0334 57.9247 42.1042 44.3847 32.249 35.3836 65.8147 43.754 55.6689 21.8033 
45.0999 0.0 85.569 32.7567 52.0096 3.60555 42.8019 46.8158 39.0128 28.7924 98.732 50.4876 81.3377 36.0 40.3113 97.0824 86.4454 27.0185 84.006 60.208 104.448 75.0289 75.1332 95.0 104.15 82.3802 91.2488 36.6742 52.7647 17.4642 65.1153 60.5392 88.0511 96.1873 76.6551 31.7805 99.7306 2.0 55.8358 96.3411 92.358 37.0 70.6378 93.8136 27.1662 77.8433 61.6604 59.0762 83.0278 55.0364 85.1734 59.0931 36.0555 88.3629 13.0384 76.4197 101.242 12.6491 39.8246 65.192 
50.1714 85.569 0.0 96.9895 42.9011 83.4068 54.1479 59.8164 107.043 67.4203 25.4558 108.692 53.0377 80.2247 60.208 31.0644 6.32456 61.4003 29.2746 27.6586 71.8053 92.2054 43.4166 87.0919 74.3303 56.0357 86.3713 63.3742 58.2033 68.2572 24.0832 100.122 28.1603 28.8444 20.3961 71.1521 71.7008 86.2142 55.5698 63.7887 81.0555 68.1836 94.124 79.0 62.434 93.0647 43.382 34.2053 85.9069 115.758 72.2496 102.305 86.1094 23.4094 73.0068 57.7062 85.1469 78.1025 55.0091 29.1548 
49.0056 32.7567 96.9895 0.0 56.2242 30.2655 68.6823 39.0 9.21954 29.8395 101.079 18.0 71.6736 68.3593 68.2495 96.933 98.8592 36.8917 83.7735 69.8667 89.3588 48.3735 69.6419 73.3894 87.6926 71.2531 69.2892 39.1573 48.2832 40.025 74.5768 31.241 88.2383 96.7729 81.2967 50.0899 83.4865 30.8058 47.1275 83.006 72.5839 67.1863 43.566 75.0888 35.2278 51.1077 58.6941 64.29 59.2368 23.5372 67.7422 27.8029 13.1529 90.3484 33.541 64.195 81.339 44.1022 65.5217 69.739 
7.28011 52.0096 42.9011 56.2242 0.0 49.0102 51.1112 18.6569 65.8394 26.5707 47.819 67.4885 34.0588 74.3912 56.0944 45.2769 46.7764 25.0 32.0624 17.2645 58.7963 60.5897 25.0599 61.2261 59.397 36.0694 59.2472 17.088 17.0 46.6923 18.9915 58.2861 36.2215 44.5533 26.5699 35.9697 55.1725 52.0096 17.0 49.679 55.9661 62.4793 61.2156 55.5698 25.0799 62.3533 12.0416 8.70457 56.9374 74.5549 46.5416 60.7267 44.9061 37.1146 39.0512 32.2025 63.2851 59.4405 49.6991 14.533 
42.0119 3.60555 83.4068 30.2655 49.0102 0.0 42.72 43.2215 37.054 25.2982 96.026 48.1664 77.9272 38.1182 40.7185 94.1915 84.5083 24.0208 81.0555 57.7235 100.853 71.6727 71.8471 91.4002 100.555 78.9696 87.6491 33.3766 49.3542 15.8114 62.5859 57.3062 85.1484 93.3435 73.9797 30.0167 96.1363 3.0 52.4252 92.7468 88.7525 38.0789 67.2816 90.2109 24.0208 74.4871 58.4209 56.2228 79.4281 53.0094 81.5701 56.0803 32.7567 85.5862 10.4403 72.8254 97.6371 14.0357 39.6611 62.3939 
57.0811 42.8019 54.1479 68.6823 51.1112 42.72 0.0 64.7212 77.1622 45.8806 75.2861 86.1876 77.1557 26.0768 6.08276 77.0779 52.0384 37.4336 66.7308 39.6611 101.863 101.542 67.1789 106.099 102.74 79.4338 104.12 47.2814 67.8167 28.7924 43.909 87.8588 69.3181 75.3923 55.4617 29.936 98.643 44.4072 64.6938 92.6553 100.794 14.0357 97.1506 100.142 39.2654 104.356 55.8611 45.2769 101.81 92.1898 91.3223 88.9982 64.8806 67.2309 35.4683 76.426 107.729 31.1127 3.16228 48.6004 
15.8549 46.8158 59.8164 39.0 18.6569 43.2215 64.7212 0.0 47.4131 25.3961 62.1772 48.8365 35.5106 73.5538 64.8406 57.9396 63.7 28.9807 44.7772 34.1882 57.8041 42.7193 31.257 55.0663 57.4549 36.1386 51.4818 18.1868 9.65685 42.5486 35.9152 39.9687 49.2443 57.7754 42.638 38.3633 53.0001 45.8912 9.05539 49.6488 52.067 66.3128 43.3451 53.4738 28.0175 44.4829 19.6977 25.6125 43.4844 55.9017 44.8325 42.1512 26.4197 51.4782 42.4264 29.7321 60.9206 55.3962 61.5607 31.1127 
58.2249 39.0128 107.043 9.21954 65.8394 37.054 77.1622 47.4131 0.0 39.0588 109.59 12.53 78.6566 75.0067 76.4003 105.19 108.076 46.0435 92.1358 81.4061 95.0053 50.9215 77.4919 77.1298 93.086 78.0897 73.0068 48.3766 56.8394 48.3839 83.133 32.6956 96.6075 105.119 89.8529 59.0593 89.0225 37.0135 55.1543 89.202 76.9415 74.8131 45.8803 79.6304 44.4072 53.4883 67.082 72.8461 62.8172 16.0312 73.0616 27.4591 21.0238 98.8838 41.7612 71.0211 85.5102 51.0882 74.0 78.2952 
19.3132 28.7924 67.4203 29.8395 26.5707 25.2982 45.8806 25.3961 39.0588 0.0 74.3303 45.3113 52.7967 53.3385 46.0 71.3863 69.29 9.0 58.0517 40.2975 83.028 58.4949 47.0956 73.884 82.73 53.8392 70.192 9.48683 24.2237 20.2485 44.9034 44.8121 62.3699 70.8308 53.0937 23.0868 78.3109 28.1603 27.2948 74.9214 71.0303 47.4342 54.1038 72.4402 7.0 61.3093 34.0147 35.2283 61.9764 51.9574 63.7988 46.0122 22.2627 63.6003 17.8045 55.0 79.8866 31.8277 42.72 41.0568 
55.0893 98.732 25.4558 101.079 47.819 96.026 75.2861 62.1772 109.59 74.3303 0.0 110.114 40.3113 100.896 81.3204 8.06226 31.241 72.1803 17.8045 39.0 52.0384 83.8153 34.6554 72.4224 55.1453 42.9418 72.8011 64.846 60.7979 82.1523 34.0 93.4821 13.4536 6.32456 22.0907 69.0072 53.6004 98.9949 54.9181 45.7056 66.4078 89.0225 86.0523 63.6003 72.8066 84.3149 42.5441 40.025 75.1798 117.082 59.0931 100.549 88.5889 10.7703 85.7088 47.4342 68.2495 94.0 75.4321 33.7343 
64.6866 50.4876 108.692 18.0 67.4885 48.1664 86.1876 48.8365 12.53 45.3113 110.114 0.0 76.2042 86.2844 85.9884 105.088 112.567 52.9245 92.3681 83.0553 89.56 42.4264 76.978 69.3542 87.2812 75.3689 65.2763 54.6291 58.4885 57.7062 84.7822 24.0832 96.8165 105.208 91.4385 66.7308 83.4865 48.5077 55.2178 84.7231 70.0071 85.1469 37.3363 73.0068 51.0784 44.7214 67.8012 74.4885 55.1453 7.07107 67.4759 17.4642 23.8537 99.6243 51.3517 68.3496 78.1601 62.0725 83.027 79.9312 
38.5876 81.3377 53.0377 71.6736 34.0588 77.9272 77.1557 35.5106 78.6566 52.7967 40.3113 76.2042 0.0 99.3742 82.1402 33.0151 59.0 55.5428 24.7386 39.8246 24.7588 43.9318 10.7703 34.0588 25.6125 3.0 33.541 44.9444 36.573 68.8767 37.6962 55.2268 27.8568 34.1321 33.0606 62.0155 21.6333 80.8431 26.4764 15.6205 28.0179 88.5251 46.6905 26.0768 54.7814 44.2041 22.0227 32.2025 34.8855 83.0263 19.4165 62.2934 58.4855 32.573 69.2892 8.06226 32.7567 81.8596 75.7449 30.8707 
61.2064 36.0 80.2247 68.3593 74.3912 38.1182 26.0768 73.5538 75.0067 53.3385 100.896 86.2844 99.3742 0.0 20.025 102.142 78.0 45.8039 91.0 63.6946 123.463 107.624 89.5544 123.492 123.47 100.808 124.252 56.0803 71.897 33.121 68.352 93.3006 93.984 100.578 80.3243 38.7875 119.051 38.0 75.0132 114.701 118.232 12.0416 102.684 117.845 47.4342 110.439 78.248 67.7946 111.106 91.022 108.852 93.145 68.9638 92.3472 37.3363 95.4526 125.589 24.3311 25.4951 72.0139 
62.0642 40.3113 60.208 68.2495 56.0944 40.7185 6.08276 64.8406 76.4003 46.0 81.3204 85.9884 82.1402 20.025 0.0 83.006 58.0086 37.5529 72.4707 45.2769 106.857 101.661 72.2513 114.778 107.723 84.417 115.539 47.4008 63.1838 28.2843 49.6488 87.9782 75.1532 81.3449 61.327 30.0554 103.626 42.0595 66.281 97.6552 105.777 8.0 97.27 105.125 39.3848 104.475 60.8443 50.448 107.541 91.7824 96.3055 89.0898 65.0 73.1642 34.7131 81.4092 112.713 28.0179 6.40312 54.0833 
52.469 97.0824 31.0644 96.933 45.2769 94.1915 77.0779 57.9396 105.19 71.3863 8.06226 105.088 33.0151 102.142 83.006 0.0 37.2156 70.2076 13.3417 38.833 44.0114 76.8375 28.6007 64.5136 47.0956 35.5106 65.0 61.9839 56.811 81.0555 33.9559 86.9425 9.05539 2.23607 21.8403 68.593 45.5412 97.1854 50.0899 37.6563 58.5235 90.4765 79.3095 55.6597 70.3491 77.201 38.2753 38.0132 67.7422 112.056 51.4296 94.009 84.1724 9.84886 84.0536 40.4599 60.208 93.3435 76.896 32.0156 
54.0466 86.4454 6.32456 98.8592 46.7764 84.5083 52.0384 63.7 108.076 69.29 31.241 112.567 59.0 78.0 58.0086 37.2156 0.0 63.0079 35.5106 30.6105 78.1025 97.6325 49.163 93.0215 80.604 62.0 92.1954 65.2439 62.0786 70.0945 27.7849 104.14 34.4819 34.9857 26.0768 71.0876 77.9295 87.3157 59.9333 70.0357 87.0057 66.0076 99.5512 85.0235 64.2028 98.4918 48.1041 38.0789 91.4112 119.633 78.1025 105.663 89.9847 29.7321 74.1124 63.3877 91.2688 77.7946 53.2353 33.6155 
18.1108 27.0185 61.4003 36.8917 25.0 24.0208 37.4336 28.9807 46.0435 9.0 72.1803 52.9245 55.5428 45.8039 37.5529 70.2076 63.0079 0.0 57.0352 34.5398 79.2591 66.144 48.5077 78.9185 79.0822 56.7979 79.6786 10.8167 27.3238 13.6015 39.2173 52.4612 61.1645 69.3678 50.2195 14.1421 74.6366 27.0185 30.3949 70.6612 73.6585 39.0 61.7529 73.2714 2.0 68.9584 34.9285 32.2553 69.6256 59.5063 64.2341 53.6613 29.9118 61.6615 14.1421 51.1077 81.0154 26.4197 34.273 38.471 
39.2046 84.006 29.2746 83.7735 32.0624 81.0555 66.7308 44.7772 92.1358 58.0517 17.8045 92.3681 24.7386 91.0 72.4707 13.3417 35.5106 57.0352 0.0 27.313 42.72 66.888 17.2047 58.5491 45.1221 27.6586 58.2495 48.6621 43.5601 68.2642 22.8254 76.2531 4.47214 13.0 12.0416 56.2939 42.4264 84.0536 37.2156 34.5254 52.469 79.6241 68.8505 50.1597 57.1402 67.6018 25.0799 25.0799 59.2368 99.3364 44.1475 83.3197 71.1126 8.06226 71.0 30.8707 56.0089 80.7527 66.1891 19.4165 
24.5348 60.208 27.6586 69.8667 17.2645 57.7235 39.6611 34.1882 81.4061 40.2975 39.0 83.0553 39.8246 63.6946 45.2769 38.833 30.6105 34.5398 27.313 0.0 63.8201 75.2932 29.1548 71.0634 65.192 42.4853 69.2315 36.2514 32.5667 43.2897 5.0 74.6288 30.3645 37.4833 17.1172 30.0167 61.4003 60.6383 30.8058 54.6443 65.521 52.3259 75.9191 64.5136 35.3438 73.9806 21.095 9.0 66.9236 90.1216 56.0446 76.2901 60.4729 29.2746 47.2969 40.8044 71.8679 55.0 38.9487 9.21954 
63.0079 104.448 71.8053 89.3588 58.7963 100.853 101.863 57.8041 95.0053 83.028 52.0384 89.56 24.7588 123.463 106.857 44.0114 78.1025 79.2591 42.72 63.8201 0.0 49.6488 34.8281 26.2488 3.60555 22.8035 28.8444 68.4764 59.9464 92.7847 61.0574 66.0984 43.7379 46.0 53.8516 88.2272 6.08276 103.523 49.1935 9.21954 21.9545 113.242 54.1202 18.3576 78.3071 48.4665 46.7547 56.7274 36.7696 95.1893 22.0907 73.3485 76.6551 48.6621 92.716 28.178 18.6011 105.679 100.462 54.6443 
57.7903 75.0289 92.2054 48.3735 60.5897 71.6727 101.542 42.7193 50.9215 58.4949 83.8153 42.4264 43.9318 107.624 101.661 76.8375 97.6325 66.144 66.888 75.2932 49.6488 0.0 49.7393 27.0185 46.8402 41.7253 23.0 60.1222 51.5923 74.6845 72.5345 18.4391 70.7248 77.801 71.845 79.2151 43.6578 73.4189 46.4701 47.0106 28.4429 102.739 5.09902 31.7805 64.2652 2.82843 52.2019 64.3147 13.1529 47.0106 28.6531 25.0799 39.0601 74.9466 69.7385 36.4005 36.0139 83.3834 98.3811 65.498 
30.6757 75.1332 43.4166 69.6419 25.0599 71.8471 67.1789 31.257 77.4919 47.0956 34.6554 76.978 10.7703 89.5544 72.2513 28.6007 49.163 48.5077 17.2047 29.1548 34.8281 49.7393 0.0 44.0454 36.0555 13.6015 43.0465 38.4708 31.0 61.3964 26.9258 59.0675 21.2603 29.0689 23.0868 52.2716 32.249 74.8131 22.561 25.6125 38.1182 78.6362 51.6649 36.4966 48.0521 50.5371 13.6015 21.9317 42.72 83.9463 29.0 66.1341 56.6127 25.2389 62.5859 14.3178 43.4166 74.3963 65.856 20.1246 
63.7178 95.0 87.0919 73.3894 61.2261 91.4002 106.099 55.0663 77.1298 73.884 72.4224 69.3542 34.0588 123.492 114.778 64.5136 93.0215 78.9185 58.5491 71.0634 26.2488 27.0185 44.0454 0.0 22.8035 31.0644 4.12311 68.1247 59.5947 90.0736 70.0357 45.2769 61.1882 66.0984 67.0 88.3012 21.2603 93.8201 48.6975 27.7849 6.08276 116.251 32.0624 8.94427 77.9554 25.02 50.2892 62.3618 14.3178 74.027 15.1327 52.0865 63.3056 66.0984 86.0886 30.4138 9.21954 100.285 104.687 62.9682 
63.2535 104.15 74.3303 87.6926 59.397 100.555 102.74 57.4549 93.086 82.73 55.1453 87.2812 25.6125 123.47 107.723 47.0956 80.604 79.0822 45.1221 65.192 3.60555 46.8402 36.0555 22.8035 0.0 23.3452 25.5539 68.2884 59.7584 92.6499 62.6498 63.6396 46.3897 49.0408 55.9732 88.2339 4.47214 103.225 48.8812 10.7703 18.7883 114.108 51.4198 15.2315 78.1191 45.5412 47.3814 57.8014 33.8378 92.7793 20.025 70.859 75.1332 51.3517 92.528 28.0179 15.0 105.498 101.327 56.0803 
40.2244 82.3802 56.0357 71.2531 36.0694 78.9696 79.4338 36.1386 78.0897 53.8392 42.9418 75.3689 3.0 100.808 84.417 35.5106 62.0 56.7979 27.6586 42.4853 22.8035 41.7253 13.6015 31.0644 23.3452 0.0 30.5941 46.0977 37.6155 70.2353 40.4969 53.7122 30.6757 36.7151 36.0555 65.5726 19.2094 82.0106 27.2029 13.8924 25.02 90.8018 44.6878 23.0868 55.9464 41.8688 24.0416 34.6699 32.249 81.5665 16.4924 60.8276 58.1378 35.4401 70.385 7.07107 29.8329 83.1865 78.0216 33.6155 
61.7389 91.2488 86.3713 69.2892 59.2472 87.6491 104.12 51.4818 73.0068 70.192 72.8011 65.2763 33.541 124.252 115.539 65.0 92.1954 79.6786 58.2495 69.2315 28.8444 23.0 43.0465 4.12311 25.5539 30.5941 0.0 68.8848 60.3548 86.3816 68.469 41.1947 61.131 66.4831 66.1211 89.0612 23.4307 90.0689 46.7186 29.2062 7.07107 117.011 28.0179 10.6301 75.9624 21.095 48.3142 60.427 10.198 70.0071 14.1421 48.0416 59.2115 65.9697 82.3967 29.0172 13.0384 96.5927 102.708 61.4003 
9.84886 36.6742 63.3742 39.1573 17.088 33.3766 47.2814 18.1868 48.3766 9.48683 64.846 54.6291 44.9444 56.0803 47.4008 61.9839 65.2439 10.8167 48.6621 36.2514 68.4764 60.1222 38.4708 68.1247 68.2884 46.0977 68.8848 0.0 16.53 24.4131 36.0284 58.0741 52.9528 61.3922 43.6069 21.1896 63.8427 36.3456 19.601 59.9333 62.8647 48.873 60.7481 62.4775 9.84886 61.8859 25.0799 25.7415 60.8873 61.2752 53.4402 55.33 31.5805 54.1202 24.3516 40.3149 70.2216 37.2156 44.1208 31.5699 
14.198 52.7647 58.2033 48.2832 17.0 49.3542 67.8167 9.65685 56.8394 24.2237 60.7979 58.4885 36.573 71.897 63.1838 56.811 62.0786 27.3238 43.5601 32.5667 59.9464 51.5923 31.0 59.5947 59.7584 37.6155 60.3548 16.53 0.0 40.8917 34.2937 49.5441 48.0114 56.5547 41.0135 36.7064 55.3128 52.2701 11.0711 51.4236 54.3347 64.656 52.2182 53.9476 26.3607 53.3559 18.5602 24.0068 52.3574 65.5549 44.9103 51.7267 35.9061 50.0652 40.7696 31.7849 61.6916 53.7393 59.9038 29.4558 
30.7541 17.4642 68.2572 40.025 46.6923 15.8114 28.7924 42.5486 48.3839 20.2485 82.1523 57.7062 68.8767 33.121 28.2843 81.0555 70.0945 13.6015 68.2642 43.2897 92.7847 74.6845 61.3964 90.0736 92.6499 70.2353 86.3816 24.4131 40.8917 0.0 48.2597 60.8769 72.111 80.0062 60.075 14.3178 88.2045 18.3576 43.9628 84.119 87.2265 28.2843 70.2934 86.8393 14.8661 77.4989 47.7957 43.1856 78.1661 63.561 77.802 61.5224 37.2156 72.0069 6.7082 64.6607 94.5833 13.0 25.632 49.0408 
26.2618 65.1153 24.0832 74.5768 18.9915 62.5859 43.909 35.9152 83.133 44.9034 34.0 84.7822 37.6962 68.352 49.6488 33.9559 27.7849 39.2173 22.8254 5.0 61.0574 72.5345 26.9258 70.0357 62.6498 40.4969 68.469 36.0284 34.2937 48.2597 0.0 76.3556 25.632 32.5576 12.1655 35.0143 59.0339 65.5134 32.311 51.9711 64.3273 56.8595 78.1988 63.0635 39.9497 73.3938 21.2132 10.2956 66.3369 91.8485 54.9181 77.9501 62.1998 24.3311 52.1728 39.6232 70.214 60.0 43.382 7.07107 
55.7422 60.5392 100.122 31.241 58.2861 57.3062 87.8588 39.9687 32.6956 44.8121 93.4821 24.0832 55.2268 93.3006 87.9782 86.9425 104.14 52.4612 76.2531 74.6288 66.0984 18.4391 59.0675 45.2769 63.6396 53.7122 41.1947 58.0741 49.5441 60.8769 76.3556 0.0 80.2037 87.6666 81.9643 66.4954 60.0167 58.8303 45.2529 61.9839 46.0109 89.0505 13.3417 49.0918 50.5824 20.8806 57.9417 66.0621 31.0644 29.1548 44.1475 7.28011 24.5967 84.3001 55.9732 47.1699 54.0833 69.4622 84.6983 71.0472 
43.4166 88.0511 28.1603 88.2383 36.2215 85.1484 69.3181 49.2443 96.6075 62.3699 13.4536 96.8165 27.8568 93.984 75.1532 9.05539 34.4819 61.1645 4.47214 30.3645 43.7379 70.7248 21.2603 61.1882 46.3897 30.6757 61.131 52.9528 48.0114 72.111 25.632 80.2037 0.0 8.544 13.8924 59.8415 44.0454 88.1423 41.6773 36.0555 55.109 82.4621 72.8011 52.6118 61.2944 71.3442 29.5466 29.0 62.6498 103.785 47.1275 87.2703 75.5844 5.0 75.0267 34.4819 58.0775 84.4808 68.942 23.0868 
51.788 96.1873 28.8444 96.7729 44.5533 93.3435 75.3923 57.7754 105.119 70.8308 6.32456 105.208 34.1321 100.578 81.3449 2.23607 34.9857 69.3678 13.0 37.4833 46.0 77.801 29.0689 66.0984 49.0408 36.7151 66.4831 61.3922 56.5547 80.0062 32.5576 87.6666 8.544 0.0 20.3961 67.3647 47.3814 96.3328 50.1199 39.4588 60.0833 88.8651 80.1561 57.28 69.6085 78.2368 38.0789 37.1214 68.9638 112.176 52.8015 94.7332 84.0952 8.24621 83.1505 41.4005 61.9839 92.1954 75.2728 31.0161 
33.8402 76.6551 20.3961 81.2967 26.5699 73.9797 55.4617 42.638 89.8529 53.0937 22.0907 91.4385 33.0606 80.3243 61.327 21.8403 26.0768 50.2195 12.0416 17.1172 53.8516 71.845 23.0868 67.0 55.9732 36.0555 66.1211 43.6069 41.0135 60.075 12.1655 81.9643 13.8924 20.3961 0.0 47.0956 52.8867 76.9415 36.8782 45.2217 61.0082 68.7095 73.7636 59.1354 50.8557 72.7043 24.2074 18.3848 65.5134 98.4937 52.0384 84.1468 68.9196 12.1655 63.6396 37.3363 65.6201 72.0278 55.1543 12.083 
25.9708 31.7805 71.1521 50.0899 35.9697 30.0167 29.936 38.3633 59.0593 23.0868 69.0072 66.7308 62.0155 38.7875 30.0554 68.593 71.0876 14.1421 56.2939 30.0167 88.2272 79.2151 52.2716 88.3012 88.2339 65.5726 89.0612 21.1896 36.7064 14.3178 35.0143 66.4954 59.8415 67.3647 47.0956 0.0 83.8154 32.6497 39.7775 77.5397 83.0412 31.5276 75.7871 82.654 16.1245 80.9787 40.7196 31.6228 81.0638 73.1642 73.6167 67.6955 43.946 59.2115 20.0 60.2169 90.398 25.02 26.7754 36.8782 
58.8982 99.7306 71.7008 83.4865 55.1725 96.1363 98.643 53.0001 89.0225 78.3109 53.6004 83.4865 21.6333 119.051 103.626 45.5412 77.9295 74.6366 42.4264 61.4003 6.08276 43.6578 32.249 21.2603 4.47214 19.2094 23.4307 63.8427 55.3128 88.2045 59.0339 60.0167 44.0454 47.3814 52.8867 83.8154 0.0 98.806 44.4265 8.0 16.4012 110.011 48.0833 12.8062 73.6734 42.5441 43.1856 53.8238 30.8707 89.1067 16.0312 67.2681 70.859 49.0408 88.0823 23.6008 14.8661 101.052 97.2309 52.3546 
45.0111 2.0 86.2142 30.8058 52.0096 3.0 44.4072 45.8912 37.0135 28.1603 98.9949 48.5077 80.8431 38.0 42.0595 97.1854 87.3157 27.0185 84.0536 60.6383 103.523 73.4189 74.8131 93.8201 103.225 82.0106 90.0689 36.3456 52.2701 18.3576 65.5134 58.8303 88.1423 96.3328 76.9415 32.6497 98.806 0.0 54.923 95.4165 91.2688 38.8973 69.0278 92.7847 27.0185 76.2333 61.4003 59.2115 81.8478 53.0377 84.1506 57.2713 34.4093 88.5664 13.3417 75.4951 100.17 14.5602 41.4005 65.3758 
16.5529 55.8358 55.5698 47.1275 17.0 52.4252 64.6938 9.05539 55.1543 27.2948 54.9181 55.2178 26.4764 75.0132 66.281 50.0899 59.9333 30.3949 37.2156 30.8058 49.1935 46.4701 22.561 48.6975 48.8812 27.2029 46.7186 19.601 11.0711 43.9628 32.311 45.2529 41.6773 50.1199 36.8782 39.7775 44.4265 54.923 0.0 40.8534 43.4375 67.7532 47.096 43.0503 29.4317 48.2338 12.7279 22.1359 47.2352 62.2013 34.0131 47.4354 34.176 44.4072 43.8406 21.0238 50.7944 56.8104 63.2816 26.4197 
54.0833 96.3411 63.7887 83.006 49.679 92.7468 92.6553 49.6488 89.202 74.9214 45.7056 84.7231 15.6205 114.701 97.6552 37.6563 70.0357 70.6612 34.5254 54.6443 9.21954 47.0106 25.6125 27.7849 10.7703 13.8924 29.2062 59.9333 51.4236 84.119 51.9711 61.9839 36.0555 39.4588 45.2217 77.5397 8.0 95.4165 40.8534 0.0 22.2036 104.04 50.9902 18.868 69.7782 46.3249 37.6431 47.5079 35.0 90.7083 18.3576 69.2604 70.0643 41.0488 84.1932 19.9249 22.561 97.0618 91.2598 45.4863 
58.4578 92.358 81.0555 72.5839 55.9661 88.7525 100.794 52.067 76.9415 71.0303 66.4078 70.0071 28.0179 118.232 105.777 58.5235 87.0057 73.6585 52.469 65.521 21.9545 28.4429 38.1182 6.08276 18.7883 25.02 7.07107 62.8647 54.3347 87.2265 64.3273 46.0109 55.109 60.0833 61.0082 83.0412 16.4012 91.2688 43.4375 22.2036 0.0 110.991 33.2415 3.60555 72.6954 26.9258 44.9444 56.921 15.2971 75.1066 9.48683 53.0848 60.9724 60.0167 83.2349 24.7386 8.94427 97.4309 99.3815 57.2713 
53.9465 37.0 68.1836 67.1863 62.4793 38.0789 14.0357 66.3128 74.8131 47.4342 89.0225 85.1469 88.5251 12.0416 8.0 90.4765 66.0076 39.0 79.6241 52.3259 113.242 102.739 78.6362 116.251 114.108 90.8018 117.011 48.873 64.656 28.2843 56.8595 89.0505 82.4621 88.8651 68.7095 31.5276 110.011 38.8973 67.7532 104.04 110.991 0.0 98.3481 110.604 40.8534 105.554 67.2291 56.8764 109.013 90.5539 101.566 89.8053 65.4905 80.6536 34.0147 88.1926 118.348 24.3516 13.6015 60.9016 
58.4162 70.6378 94.124 43.566 61.2156 67.2816 97.1506 43.3451 45.8803 54.1038 86.0523 37.3363 46.6905 102.684 97.27 79.3095 99.5512 61.7529 68.8505 75.9191 54.1202 5.09902 51.6649 32.0624 51.4198 44.6878 28.0179 60.7481 52.2182 70.2934 78.1988 13.3417 72.8011 80.1561 73.7636 75.7871 48.0833 69.0278 47.096 50.9902 33.2415 98.3481 0.0 36.4966 59.8742 7.61577 54.1206 67.9052 18.0278 42.0 32.6956 20.025 34.6554 76.8975 65.3474 38.8973 41.0 78.9923 93.99 67.4167 
58.0706 93.8136 79.0 75.0888 55.5698 90.2109 100.142 53.4738 79.6304 72.4402 63.6003 73.0068 26.0768 117.845 105.125 55.6597 85.0235 73.2714 50.1597 64.5136 18.3576 31.7805 36.4966 8.94427 15.2315 23.0868 10.6301 62.4775 53.9476 86.8393 63.0635 49.0918 52.6118 57.28 59.1354 82.654 12.8062 92.7847 43.0503 18.868 3.60555 110.604 36.4966 0.0 72.3082 30.3645 44.2832 56.0803 18.6815 78.2304 9.21954 56.2228 62.9737 57.5587 84.6448 23.7697 7.81025 98.8408 98.7295 56.0446 
18.0 27.1662 62.434 35.2278 25.0799 24.0208 39.2654 28.0175 44.4072 7.0 72.8066 51.0784 54.7814 47.4342 39.3848 70.3491 64.2028 2.0 57.1402 35.3438 78.3071 64.2652 48.0521 77.9554 78.1191 55.9464 75.9624 9.84886 26.3607 14.8661 39.9497 50.5824 61.2944 69.6085 50.8557 16.1245 73.6734 27.0185 29.4317 69.7782 72.6954 40.8534 59.8742 72.3082 0.0 67.0796 34.5254 32.8807 67.7468 57.6975 63.271 51.7825 28.033 62.287 14.5602 50.1456 80.0523 27.4591 36.1048 39.0965 
59.5539 77.8433 93.0647 51.1077 62.3533 74.4871 104.356 44.4829 53.4883 61.3093 84.3149 44.7214 44.2041 110.439 104.475 77.201 98.4918 68.9584 67.6018 73.9806 48.4665 2.82843 50.5371 25.02 45.5412 41.8688 21.095 61.8859 53.3559 77.4989 73.3938 20.8806 71.3442 78.2368 72.7043 80.9787 42.5441 76.2333 48.2338 46.3249 26.9258 105.554 7.61577 30.3645 67.0796 0.0 53.0612 65.1741 11.7047 49.0918 28.0179 27.2947 41.8745 75.6637 72.5529 36.8917 34.1321 86.1978 101.195 66.3573 
17.088 61.6604 43.382 58.6941 12.0416 58.4209 55.8611 19.6977 67.082 34.0147 42.5441 67.8012 22.0227 78.248 60.8443 38.2753 48.1041 34.9285 25.0799 21.095 46.7547 52.2019 13.6015 50.2892 47.3814 24.0416 48.3142 25.0799 18.5602 47.7957 21.2132 57.9417 29.5466 38.0789 24.2074 40.7196 43.1856 61.4003 12.7279 37.6431 44.9444 67.2291 54.1206 44.2832 34.5254 53.0612 0.0 12.1655 46.0043 74.8131 35.4683 60.1242 46.0652 31.9061 49.0306 20.5913 51.8845 60.7956 54.4489 14.5602 
15.9749 59.0762 34.2053 64.29 8.70457 56.2228 45.2769 25.6125 72.8461 35.2283 40.025 74.4885 32.2025 67.7946 50.448 38.0132 38.0789 32.2553 25.0799 9.0 56.7274 64.3147 21.9317 62.3618 57.8014 34.6699 60.427 25.7415 24.0068 43.1856 10.2956 66.0621 29.0 37.1214 18.3848 31.6228 53.8238 59.2115 22.1359 47.5079 56.921 56.8764 67.9052 56.0803 32.8807 65.1741 12.1655 0.0 58.1171 81.5549 47.4342 67.7257 51.9129 29.4279 46.0435 32.311 63.561 55.7315 44.0454 6.32456 
57.6238 83.0278 85.9069 59.2368 56.9374 79.4281 101.81 43.4844 62.8172 61.9764 75.1798 55.1453 34.8855 111.106 107.541 67.7422 91.4112 69.6256 59.2368 66.9236 36.7696 13.1529 42.72 14.3178 33.8378 32.249 10.198 60.8873 52.3574 78.1661 66.3369 31.0644 62.6498 68.9638 65.5134 81.0638 30.8707 81.8478 47.2352 35.0 15.2971 109.013 18.0278 18.6815 67.7468 11.7047 46.0043 58.1171 0.0 60.0083 16.9706 38.0 49.2034 67.2309 74.1811 28.4605 23.0217 88.3771 104.261 59.3004 
71.7529 55.0364 115.758 23.5372 74.5549 53.0094 92.1898 55.9017 16.0312 51.9574 117.082 7.07107 83.0263 91.022 91.7824 112.056 119.633 59.5063 99.3364 90.1216 95.1893 47.0106 83.9463 74.027 92.7793 81.5665 70.0071 61.2752 65.5549 63.561 91.8485 29.1548 103.785 112.176 98.4937 73.1642 89.1067 53.0377 62.2013 90.7083 75.1066 90.5539 42.0 78.2304 57.6975 49.0918 74.8131 81.5549 60.0083 0.0 73.1642 22.0227 30.8058 106.607 57.0701 74.9698 83.0 67.0298 89.0292 87.0 
49.0334 85.1734 72.2496 67.7422 46.5416 81.5701 91.3223 44.8325 73.0616 63.7988 59.0931 67.4759 19.4165 108.852 96.3055 51.4296 78.1025 64.2341 44.1475 56.0446 22.0907 28.6531 29.0 15.1327 20.025 16.4924 14.1421 53.4402 44.9103 77.802 54.9181 44.1475 47.1275 52.8015 52.0384 73.6167 16.0312 84.1506 34.0131 18.3576 9.48683 101.566 32.6956 9.21954 63.271 28.0179 35.4683 47.4342 16.9706 73.1642 0.0 51.4198 55.3173 51.923 76.0035 15.2971 17.0294 90.6496 89.9101 47.8539 
57.9247 59.0931 102.305 27.8029 60.7267 56.0803 88.9982 42.1512 27.4591 46.0122 100.549 17.4642 62.2934 93.145 89.0898 94.009 105.663 53.6613 83.3197 76.2901 73.3485 25.0799 66.1341 52.0865 70.859 60.8276 48.0416 55.33 51.7267 61.5224 77.9501 7.28011 87.2703 94.7332 84.1468 67.6955 67.2681 57.2713 47.4354 69.2604 53.0848 89.8053 20.025 56.2228 51.7825 27.2947 60.1242 67.7257 38.0 22.0227 51.4198 0.0 24.3311 91.8305 56.0892 54.237 61.0082 68.9638 85.8376 73.2297 
42.1042 36.0555 86.1094 13.1529 44.9061 32.7567 64.8806 26.4197 21.0238 22.2627 88.5889 23.8537 58.4855 68.9638 65.0 84.1724 89.9847 29.9118 71.1126 60.4729 76.6551 39.0601 56.6127 63.3056 75.1332 58.1378 59.2115 31.5805 35.9061 37.2156 62.1998 24.5967 75.5844 84.0952 68.9196 43.946 70.859 34.4093 34.176 70.0643 60.9724 65.4905 34.6554 62.9737 28.033 41.8745 46.0652 51.9129 49.2034 30.8058 55.3173 24.3311 0.0 77.8974 31.7805 51.0882 69.9158 44.9444 61.72 57.362 
44.3847 88.3629 23.4094 90.3484 37.1146 85.5862 67.2309 51.4782 98.8838 63.6003 10.7703 99.6243 32.573 92.3472 73.1642 9.84886 29.7321 61.6615 8.06226 29.2746 48.6621 74.9466 25.2389 66.0984 51.3517 35.4401 65.9697 54.1202 50.0652 72.0069 24.3311 84.3001 5.0 8.24621 12.1655 59.2115 49.0408 88.5664 44.4072 41.0488 60.0167 80.6536 76.8975 57.5587 62.287 75.6637 31.9061 29.4279 67.2309 106.607 51.923 91.8305 77.8974 0.0 75.326 38.9102 63.0714 84.0952 67.0671 23.1948 
32.249 13.0384 73.0068 33.541 39.0512 10.4403 35.4683 42.4264 41.7612 17.8045 85.7088 51.3517 69.2892 37.3363 34.7131 84.0536 74.1124 14.1421 71.0 47.2969 92.716 69.7385 62.5859 86.0886 92.528 70.385 82.3967 24.3516 40.7696 6.7082 52.1728 55.9732 75.0267 83.1505 63.6396 20.0 88.0823 13.3417 43.8406 84.1932 83.2349 34.0147 65.3474 84.6448 14.5602 72.5529 49.0306 46.0435 74.1811 57.0701 76.0035 56.0892 31.7805 75.326 0.0 64.5544 92.0912 14.2127 32.311 52.1536 
35.3836 76.4197 57.7062 64.195 32.2025 72.8254 76.426 29.7321 71.0211 55.0 47.4342 68.3496 8.06226 95.4526 81.4092 40.4599 63.3877 51.1077 30.8707 40.8044 28.178 36.4005 14.3178 30.4138 28.0179 7.07107 29.0172 40.3149 31.7849 64.6607 39.6232 47.1699 34.4819 41.4005 37.3363 60.2169 23.6008 75.4951 21.0238 19.9249 24.7386 88.1926 38.8973 23.7697 50.1456 36.8917 20.5913 32.311 28.4605 74.9698 15.2971 54.237 51.0882 38.9102 64.5544 0.0 31.305 77.5242 75.0139 32.5576 
65.8147 101.242 85.1469 81.339 63.2851 97.6371 107.729 60.9206 85.5102 79.8866 68.2495 78.1601 32.7567 125.589 112.713 60.208 91.2688 81.0154 56.0089 71.8679 18.6011 36.0139 43.4166 9.21954 15.0 29.8329 13.0384 70.2216 61.6916 94.5833 70.214 54.0833 58.0775 61.9839 65.6201 90.398 14.8661 100.17 50.7944 22.561 8.94427 118.348 41.0 7.81025 80.0523 34.1321 51.8845 63.561 23.0217 83.0 17.0294 61.0082 69.9158 63.0714 92.0912 31.305 0.0 106.287 106.317 63.2456 
43.754 12.6491 78.1025 44.1022 59.4405 14.0357 31.1127 55.3962 51.0882 31.8277 94.0 62.0725 81.8596 24.3311 28.0179 93.3435 77.7946 26.4197 80.7527 55.0 105.679 83.3834 74.3963 100.285 105.498 83.1865 96.5927 37.2156 53.7393 13.0 60.0 69.4622 84.4808 92.1954 72.0278 25.02 101.052 14.5602 56.8104 97.0618 97.4309 24.3516 78.9923 98.8408 27.4591 86.1978 60.7956 55.7315 88.3771 67.0298 90.6496 68.9638 44.9444 84.0952 14.2127 77.5242 106.287 0.0 28.3196 61.4003 
55.6689 39.8246 55.0091 65.5217 49.6991 39.6611 3.16228 61.5607 74.0 42.72 75.4321 83.027 75.7449 25.4951 6.40312 76.896 53.2353 34.273 66.1891 38.9487 100.462 98.3811 65.856 104.687 101.327 78.0216 102.708 44.1208 59.9038 25.632 43.382 84.6983 68.942 75.2728 55.1543 26.7754 97.2309 41.4005 63.2816 91.2598 99.3815 13.6015 93.99 98.7295 36.1048 101.195 54.4489 44.0454 104.261 89.0292 89.9101 85.8376 61.72 67.0671 32.311 75.0139 106.317 28.3196 0.0 47.7074 
21.8033 65.192 29.1548 69.739 14.533 62.3939 48.6004 31.1127 78.2952 41.0568 33.7343 79.9312 30.8707 72.0139 54.0833 32.0156 33.6155 38.471 19.4165 9.21954 54.6443 65.498 20.1246 62.9682 56.0803 33.6155 61.4003 31.5699 29.4558 49.0408 7.07107 71.0472 23.0868 31.0161 12.083 36.8782 52.3546 65.3758 26.4197 45.4863 57.2713 60.9016 67.4167 56.0446 39.0965 66.3573 14.5602 6.32456 59.3004 87.0 47.8539 73.2297 57.362 23.1948 52.1536 32.5576 63.2456 61.4003 47.7074 0.0 
DEMAND_SCENARIO_SECTION
0 0 0 0 0 0 0 0 0 0 0 0 0 0 0 0 0 0 0 0 0 0 0 0 0 0 0 0 0 0 0 0 0 0 0 0 0 0 0 0 0 0 0 0 0 0 0 0 0 0 0 0 0 0 0 0 0 0 0 0 0 0 0 0 0 0 0 0 0 0 0 0 0 0 0 0 0 0 0 0 0 0 0 0 0 0 0 0 0 0 0 0 0 0 0 0 0 0 0 0 0 0 0 0 0 0 0 0 0 0 0 0 0 0 0 0 0 0 0 0 0 0 0 0 0 0 0 0 0 0 0 0 0 0 0 0 0 0 0 0 0 0 0 0 0 0 0 0 0 0 0 0 0 0 0 0 0 0 0 0 0 0 0 0 0 0 0 0 0 0 0 0 0 0 0 0 0 0 0 0 0 0 0 0 0 0 0 0 0 0 0 0 0 0 0 0 0 0 0 0 
6 4 6 6 7 7 8 6 7 5 4 8 6 3 5 5 6 4 4 9 6 5 1 6 4 5 4 11 4 8 3 7 5 6 7 5 1 6 6 6 8 5 6 7 5 9 6 4 8 5 8 8 5 9 5 6 5 6 6 8 6 2 5 4 7 9 2 10 4 2 7 9 8 5 7 7 8 8 2 7 6 6 5 8 6 3 8 5 3 7 7 6 6 4 3 4 6 6 7 6 7 7 1 9 7 6 5 8 4 6 9 11 5 6 8 4 6 4 5 6 5 7 6 2 6 5 3 5 5 12 6 4 4 4 6 3 6 6 4 5 7 5 5 4 8 9 8 8 5 4 7 9 9 7 9 7 7 6 3 8 2 6 6 6 3 5 5 11 6 2 7 7 7 8 5 9 6 8 6 8 4 7 6 6 5 1 7 5 5 7 7 8 10 6 5 4 4 8 7 6 
5 3 9 4 6 4 4 4 5 6 4 5 6 6 5 5 4 8 3 4 5 5 6 3 5 7 4 5 3 3 0 4 7 7 4 3 5 7 4 6 6 4 4 4 5 5 5 8 3 6 5 4 4 1 4 8 3 2 7 5 2 3 6 8 7 6 6 4 3 5 5 5 6 4 4 5 6 4 6 7 5 3 7 2 5 6 3 5 8 3 4 4 2 7 6 4 6 5 3 7 5 5 6 5 5 5 6 3 5 7 4 5 5 5 3 4 6 6 4 5 7 5 6 4 6 7 8 8 5 5 5 5 4 6 6 5 4 8 6 5 4 7 6 2 7 3 4 4 3 5 3 5 3 6 4 7 6 2 4 8 3 4 8 8 7 3 5 7 4 4 5 3 6 4 9 3 7 4 2 6 7 4 4 5 4 6 4 5 4 7 4 2 5 6 5 7 3 4 8 4 
7 8 5 6 2 5 11 8 4 9 9 9 6 7 6 8 6 5 5 6 5 4 8 8 5 12 7 6 7 9 7 5 11 5 8 5 8 7 9 1 8 6 7 6 6 9 7 8 4 7 6 8 5 11 12 11 7 14 8 2 7 3 8 7 4 9 7 5 6 6 8 4 9 3 7 9 6 8 6 13 3 8 8 5 9 16 6 3 7 5 8 7 8 11 7 11 4 5 7 6 7 5 7 4 8 5 9 6 10 7 5 5 7 11 5 6 5 6 8 8 5 6 5 6 9 8 8 10 10 11 8 4 8 6 8 9 9 4 8 8 6 7 8 6 3 11 9 6 11 5 5 6 7 11 9 9 4 8 7 6 9 7 8 5 8 7 8 7 10 9 11 2 7 6 11 9 5 10 2 11 8 8 9 7 10 3 8 7 8 7 7 5 4 8 8 7 7 8 4 5 
1 2 2 1 1 1 1 1 1 1 2 1 1 1 1 1 1 1 0 1 1 1 1 1 1 1 1 1 1 1 2 1 1 1 1 1 1 0 1 1 1 1 1 1 0 1 1 1 1 1 1 1 1 1 1 1 1 1 1 1 1 1 1 1 1 1 1 1 1 1 1 1 1 1 1 1 0 1 1 1 0 1 1 1 1 1 1 2 1 1 1 1 1 1 1 1 1 1 1 1 0 1 1 1 1 1 1 1 1 1 1 1 1 1 1 1 1 0 2 1 0 1 1 1 1 1 1 1 0 1 1 1 1 1 1 0 1 1 1 2 1 1 1 1 1 1 2 1 1 1 0 2 1 1 2 1 1 1 1 1 1 1 1 1 2 1 2 1 1 2 2 1 1 1 1 1 1 1 1 1 1 1 1 2 1 1 1 1 1 1 1 1 1 1 1 1 1 1 1 1 
2 2 3 2 3 3 3 4 4 5 3 3 1 4 3 4 4 4 3 2 3 2 4 2 5 2 4 3 3 4 4 2 3 2 2 3 3 4 4 3 2 2 2 2 4 4 2 3 4 4 5 3 4 4 1 3 4 2 3 4 4 4 3 3 5 4 1 1 4 3 3 4 1 4 3 2 3 2 4 2 4 2 4 5 3 5 3 3 2 3 2 3 4 2 2 3 3 3 4 3 3 4 3 3 3 4 2 1 3 1 3 5 4 1 3 3 1 4 2 2 2 2 3 4 3 4 5 3 3 2 3 2 4 2 1 2 4 3 2 4 2 3 3 3 4 5 3 2 4 1 3 3 2 5 3 5 4 3 2 3 2 2 3 3 1 2 3 3 2 4 2 3 1 3 1 3 4 4 3 3 5 2 2 4 3 2 5 3 2 4 2 6 2 4 1 4 3 4 2 3 
1 3 3 2 2 2 2 2 2 0 2 2 2 3 3 1 2 1 2 3 2 2 3 2 2 4 1 3 3 2 1 3 2 1 1 2 2 2 1 1 3 2 2 1 2 1 1 2 1 1 1 3 1 1 3 2 1 2 1 1 2 3 1 2 2 3 1 3 1 2 2 3 2 1 2 2 3 2 4 3 2 2 2 2 1 2 1 3 3 1 2 2 2 2 1 1 2 3 2 1 2 2 1 2 1 3 2 2 1 3 3 3 1 2 1 2 1 1 3 2 3 2 1 2 2 1 2 2 3 2 3 2 1 2 2 2 3 0 2 2 1 2 1 3 2 3 1 3 2 3 3 2 1 3 2 1 1 3 2 3 2 3 2 2 1 1 2 1 3 3 2 2 2 2 2 1 3 1 2 1 1 3 2 3 2 2 2 2 3 3 3 2 2 3 3 0 4 2 2 2 
7 6 7 4 7 1 6 6 8 4 4 4 3 4 6 3 3 5 5 7 4 2 3 6 5 4 5 6 4 2 4 4 4 7 8 8 3 7 6 5 4 9 4 6 5 7 4 8 5 8 7 4 5 6 7 2 5 4 4 6 5 3 6 4 3 6 3 5 3 3 3 5 4 5 6 7 5 7 6 6 3 6 4 1 4 7 4 5 3 4 6 7 4 5 5 5 4 3 5 8 6 6 4 4 3 5 4 9 1 8 5 4 6 3 7 3 4 5 4 6 3 3 4 5 6 3 8 1 5 7 4 5 5 6 6 3 2 5 5 6 4 2 5 4 6 2 5 2 6 1 6 4 3 1 4 4 3 4 8 5 4 6 5 3 6 1 5 4 7 5 5 5 7 5 9 6 5 5 6 2 8 8 6 9 7 6 5 6 7 8 6 6 5 6 1 3 4 6 7 0 
3 1 2 1 1 2 3 2 3 2 2 2 3 2 3 2 1 3 3 3 1 1 1 3 1 1 2 2 2 3 2 2 2 1 2 3 3 2 1 2 2 2 2 1 1 1 3 1 2 2 2 1 2 2 2 2 3 2 3 3 2 2 2 2 1 3 1 3 1 3 2 3 4 3 2 2 3 2 2 1 1 2 3 1 1 2 1 3 3 2 2 2 2 1 1 2 2 2 2 2 3 2 1 1 2 1 2 2 2 3 2 0 2 2 3 1 2 3 1 1 1 4 2 3 2 2 1 3 2 3 3 2 3 1 4 1 1 2 2 2 2 3 2 3 3 2 3 2 1 1 2 3 2 2 3 2 2 3 2 1 1 1 1 2 2 2 3 2 2 2 2 1 3 2 2 2 1 2 2 2 2 3 2 1 2 3 2 3 3 2 1 2 2 2 1 2 2 2 2 2 
13 8 10 11 11 12 13 16 3 6 4 10 6 6 8 9 12 6 7 10 10 8 6 6 7 15 9 17 8 8 8 12 11 7 10 8 14 9 11 8 11 8 9 16 8 10 9 10 13 9 11 9 9 8 8 9 10 7 3 9 8 10 3 7 13 8 14 6 11 7 9 8 8 14 5 11 5 15 9 13 14 8 11 6 10 7 15 10 12 8 11 9 3 8 6 7 13 12 15 7 6 11 9 12 12 6 11 16 8 8 11 17 10 9 7 11 8 10 6 10 6 5 5 15 8 9 4 14 13 9 9 11 8 11 7 11 9 10 7 8 11 7 8 5 13 13 5 8 9 4 11 9 8 5 13 12 7 8 5 10 14 6 11 8 7 9 10 9 11 15 7 14 11 11 5 8 10 8 7 8 15 5 8 10 9 13 4 12 14 9 5 4 12 12 9 6 9 7 8 15 
2 2 1 2 1 2 2 3 1 1 2 2 1 1 2 1 2 1 1 2 2 3 1 3 2 2 2 2 3 2 4 3 2 2 1 1 2 2 0 2 3 2 3 1 2 3 2 1 2 2 2 3 3 2 2 2 2 2 3 2 2 2 2 2 2 2 2 2 1 2 2 3 2 3 3 2 2 2 0 2 2 2 1 2 2 2 2 2 2 3 3 1 1 2 5 1 2 2 1 1 3 1 3 3 3 2 1 2 1 3 2 2 3 2 2 2 2 2 3 3 2 2 3 2 2 1 2 2 2 2 2 2 2 0 2 2 2 3 2 2 2 3 3 3 1 2 2 2 2 2 2 2 3 2 2 1 1 3 1 2 2 2 2 1 1 3 1 1 2 2 2 1 1 3 3 1 2 1 2 2 3 2 1 2 2 1 2 2 2 3 2 2 1 2 1 2 2 3 3 2 
14 13 16 14 9 15 5 12 17 10 9 10 11 11 8 10 7 8 4 16 17 4 10 14 10 8 10 11 3 7 13 9 12 15 10 10 10 13 13 10 8 11 10 10 12 10 8 13 9 9 6 11 7 8 8 7 16 11 6 10 12 10 7 15 14 11 6 7 14 15 4 10 10 7 15 11 6 12 5 8 6 9 10 12 11 6 5 10 11 12 14 11 5 10 12 10 10 7 9 2 11 12 6 11 9 14 11 7 5 11 7 12 11 4 12 13 12 13 10 13 7 15 6 22 7 6 12 6 7 8 13 13 11 13 11 11 9 8 8 14 8 6 6 5 8 6 10 4 3 10 6 9 4 15 12 13 13 12 6 7 19 8 11 10 6 13 12 5 9 6 13 9 10 9 10 6 10 7 14 11 9 8 14 5 13 14 11 15 19 7 10 4 11 14 9 10 13 5 13 10 
7 4 5 7 7 12 9 9 6 4 9 6 5 5 7 6 7 6 5 8 9 5 5 5 5 6 1 7 4 3 7 8 4 6 9 4 4 1 6 6 5 5 10 4 9 8 10 7 6 5 5 8 2 5 2 9 7 3 7 6 7 8 8 7 10 9 9 8 0 7 4 4 8 7 5 5 4 3 6 6 8 8 2 12 9 8 7 7 6 7 3 5 7 7 4 7 7 5 7 8 7 8 4 9 6 5 5 9 6 8 6 4 8 8 8 5 2 4 6 3 6 7 3 4 7 7 9 3 4 7 5 10 4 9 7 3 6 9 6 3 4 8 8 5 5 7 5 3 5 8 2 7 2 6 5 7 5 8 7 5 7 6 4 3 6 8 6 6 6 4 2 3 4 6 7 3 5 7 5 6 8 7 8 6 5 7 4 7 9 7 7 4 5 5 6 5 6 11 8 5 
4 3 2 1 3 3 2 2 4 2 3 2 4 3 3 3 4 4 2 3 3 3 1 3 2 2 3 3 3 5 2 3 4 1 5 2 3 4 5 3 2 3 3 2 4 3 1 3 3 5 1 3 3 4 4 2 3 3 3 1 4 2 4 2 2 3 5 2 2 5 3 5 3 3 2 4 3 3 1 3 3 3 2 3 3 2 1 2 4 3 3 3 4 4 3 4 3 4 4 2 2 4 4 2 3 5 2 4 4 3 3 3 2 3 2 3 3 3 2 3 3 4 4 5 2 1 2 2 4 3 5 1 4 5 4 3 3 4 3 3 3 4 2 4 5 3 4 3 3 1 3 3 1 2 1 4 2 2 3 3 4 4 3 4 4 3 3 3 2 2 3 5 2 2 3 3 4 3 4 4 2 4 3 3 2 3 3 3 2 1 3 2 2 3 2 3 2 4 2 3 
6 6 6 6 5 6 6 4 4 4 7 6 5 5 5 4 5 9 5 5 6 4 4 7 5 6 8 5 6 4 5 4 7 6 5 5 5 7 4 7 8 4 5 7 8 3 6 5 5 5 5 6 4 6 6 6 2 2 7 7 7 4 7 9 7 7 5 4 9 5 3 4 4 7 6 6 5 6 5 2 4 3 3 6 5 5 4 4 7 7 7 1 5 5 6 2 5 3 3 6 5 7 7 3 6 4 3 9 6 3 6 4 6 5 4 4 3 7 5 6 3 2 6 4 4 6 4 5 6 6 6 4 6 3 4 6 5 4 4 3 5 6 6 6 6 6 6 6 7 7 2 3 2 5 7 3 3 7 3 5 6 6 3 3 3 4 5 3 5 9 6 2 8 7 8 5 7 5 5 5 5 4 5 4 6 5 3 7 6 8 6 6 4 4 7 3 4 6 5 5 
1 3 3 3 4 3 5 4 4 4 3 3 5 3 6 3 3 3 2 4 3 4 3 4 2 4 3 3 4 3 2 3 4 2 4 2 3 3 4 3 3 4 3 4 3 2 3 4 4 4 2 4 3 4 5 2 3 3 3 3 4 1 3 3 3 3 4 3 3 2 1 5 4 4 3 6 3 3 2 2 3 2 4 2 4 2 3 3 5 4 2 4 3 7 3 3 2 4 3 4 2 3 2 2 3 3 2 4 4 4 2 2 3 3 3 2 3 2 2 4 3 4 5 3 3 3 4 4 4 4 3 3 3 3 5 4 3 1 2 3 2 3 3 2 2 2 2 3 4 4 2 2 4 3 3 4 1 4 3 2 4 3 2 4 2 2 4 4 2 2 3 2 2 2 3 2 3 3 4 3 2 2 2 2 1 3 4 3 6 4 3 2 2 4 4 4 2 5 3 4 
11 13 15 11 15 10 9 12 12 10 4 9 13 13 15 11 15 14 6 12 4 15 10 13 7 8 13 15 13 13 7 12 15 7 9 13 13 14 13 7 9 10 19 11 7 12 9 10 13 5 15 10 10 14 10 13 8 7 5 11 10 8 9 10 7 7 11 9 11 14 14 15 11 8 8 6 14 12 13 8 12 11 12 9 12 14 12 16 11 8 6 14 12 14 12 4 4 8 12 6 10 12 13 11 12 9 13 11 5 8 6 7 8 8 4 11 15 10 19 11 13 14 10 8 10 12 20 8 4 17 8 9 16 9 14 10 7 13 13 7 13 11 10 19 9 10 12 12 4 12 12 10 7 11 9 11 14 11 20 6 6 9 14 7 4 7 11 17 14 10 10 17 9 6 4 12 4 8 11 4 9 9 14 12 9 11 12 12 9 5 9 10 12 7 12 11 14 14 12 8 
6 6 5 4 3 6 3 3 5 5 4 5 4 4 4 5 5 3 4 5 7 6 5 6 3 3 4 4 6 3 4 1 5 4 5 4 6 4 5 3 2 5 5 6 3 3 4 2 6 5 4 3 1 2 5 4 3 3 4 5 3 4 5 3 3 3 5 4 7 4 4 6 3 4 5 5 3 3 3 2 5 3 2 3 5 4 4 6 3 4 4 5 5 6 4 5 2 2 4 3 4 5 3 4 3 2 3 5 3 3 5 7 2 1 4 3 7 2 4 2 4 3 5 5 4 4 3 2 4 4 5 4 2 5 5 2 5 5 4 3 3 3 5 4 7 5 1 4 3 5 4 3 5 6 4 2 1 4 5 2 2 5 4 3 2 4 4 4 6 6 4 4 6 6 5 5 1 5 3 3 4 2 5 7 6 1 5 5 5 5 4 4 2 2 4 5 4 4 5 5 
1 1 1 1 1 1 1 1 1 1 1 1 1 1 1 1 1 1 1 1 1 0 1 1 1 1 1 1 0 1 1 1 1 1 1 1 1 1 1 2 1 1 1 1 1 1 1 1 1 0 1 1 2 1 1 1 1 2 1 1 1 1 2 1 1 1 1 1 1 0 1 1 0 1 1 1 1 1 1 1 1 1 2 1 1 1 1 2 1 1 1 0 1 1 2 1 1 1 1 1 1 1 1 1 1 1 1 1 1 2 1 1 1 1 1 0 1 1 2 1 1 1 1 0 0 0 1 1 1 1 1 1 1 1 1 1 0 1 1 0 1 1 1 1 1 1 1 1 1 1 1 1 1 1 1 1 1 1 1 1 1 1 1 1 1 1 1 2 1 1 0 1 2 1 1 1 1 1 1 1 2 2 1 2 2 1 1 1 1 1 1 1 1 1 1 1 0 0 1 1 
5 7 8 7 5 3 7 2 8 6 4 5 7 5 8 5 2 5 5 4 2 7 6 7 4 6 5 6 6 4 6 3 4 3 7 5 7 5 7 4 4 3 7 2 6 6 4 4 6 4 4 4 6 5 5 6 4 1 4 6 9 7 7 7 6 2 4 2 4 7 6 4 3 6 6 4 6 2 4 8 6 4 7 9 4 6 3 3 3 5 3 2 5 5 3 6 7 0 4 5 4 7 7 5 6 4 5 6 5 3 5 6 5 5 8 9 8 5 2 5 6 4 4 6 4 2 5 4 5 6 6 5 4 7 2 6 8 6 4 2 3 5 2 9 3 6 3 5 5 5 7 5 8 4 4 6 6 3 4 3 6 5 5 2 5 7 5 8 3 7 5 5 5 7 4 4 6 9 3 5 7 4 8 8 5 4 8 9 7 3 5 5 4 4 3 5 3 4 5 5 
10 6 6 9 11 9 7 8 5 10 8 6 9 6 4 7 5 13 10 9 7 8 10 9 8 8 9 8 10 9 5 10 6 10 12 12 13 7 10 7 3 10 8 7 8 10 9 7 6 5 6 8 5 9 5 10 9 8 11 10 5 4 9 10 8 8 11 8 9 5 8 6 2 8 10 5 9 6 10 11 10 8 8 5 13 6 4 5 7 9 10 9 14 8 9 8 14 11 8 11 6 7 8 10 13 11 5 6 7 8 9 8 7 5 6 5 6 17 5 5 4 6 3 6 7 6 10 7 18 11 11 9 7 12 7 0 6 9 8 7 7 6 4 10 9 13 6 5 8 7 12 9 7 5 12 8 8 6 4 5 8 11 9 8 7 13 8 8 9 6 8 9 5 4 9 14 8 3 11 14 7 7 9 9 7 6 7 8 6 6 10 9 9 12 7 7 14 6 6 9 
3 3 4 5 3 2 5 3 3 3 3 3 3 2 1 3 2 1 3 3 1 2 2 2 3 3 2 5 1 4 2 3 4 3 4 4 4 3 2 3 3 2 3 3 3 3 3 3 2 1 2 3 4 3 4 4 3 4 4 2 3 3 4 4 2 2 2 3 3 3 4 3 4 2 3 4 2 2 2 4 3 3 3 3 2 1 4 4 4 3 5 4 2 3 4 3 2 4 3 4 3 3 4 3 2 3 3 3 3 3 4 1 5 2 2 4 3 3 2 3 5 3 2 4 1 4 3 4 2 3 2 3 4 3 2 3 4 4 3 2 3 6 3 4 4 4 4 4 2 3 2 4 2 5 2 1 2 3 4 3 5 2 2 3 3 4 5 3 3 0 3 5 3 3 4 4 3 0 1 4 4 4 3 3 4 0 3 4 3 2 3 3 3 3 4 2 3 3 3 3 
6 11 9 13 12 10 7 6 3 11 9 8 9 10 5 2 4 10 12 11 10 6 8 11 7 8 4 5 12 6 3 11 10 10 8 14 7 3 8 6 8 11 11 6 3 12 14 13 10 7 11 14 10 12 3 8 11 3 8 4 9 7 7 7 10 11 9 5 4 6 12 8 6 7 9 8 6 7 11 11 10 4 7 7 5 6 7 4 7 3 10 10 7 9 5 8 6 6 11 9 6 6 9 13 7 6 9 6 10 11 7 6 5 8 3 5 7 8 12 13 9 5 8 5 7 13 7 0 8 7 5 4 12 6 11 9 9 12 5 5 3 8 6 6 8 3 8 8 7 6 15 12 8 13 7 11 4 4 9 14 8 7 8 9 10 2 3 7 6 8 6 4 10 6 6 6 5 4 4 8 5 9 6 14 11 7 9 11 6 9 13 6 8 4 10 8 7 8 13 1 
