NAME  : Jabali_60_3_0.90_1_6
TYPE : SVRP
MODEL : FINITE_SUPPORT
NUMBER_OF_SCENARIOS : 200
DIMENSION : 60
EDGE_WEIGHT_TYPE : MATRIX
CAPACITY : 108
N_VEHICLES : 3
NODE_COORD_SECTION
1 4896 4125
2 4172 3722
3 5110 5318
4 3671 2743
5 4965 3036
6 1025 4719
7 4697 7367
8 6682 5315
9 3792 5760
10 7576 2602
11 5756 4778
12 4813 2902
13 2768 3514
14 5542 5535
15 7689 4395
16 2147 3737
17 5076 1715
18 7287 5364
19 6891 3006
20 594 4377
21 2620 6230
22 6372 4801
23 5791 5784
24 7974 4691
25 4126 6257
26 3383 347
27 1822 4139
28 2027 3629
29 3378 1314
30 1212 5670
31 6613 4374
32 1961 4422
33 4666 18
34 4432 8173
35 2106 3792
36 5060 9099
37 4507 2774
38 3377 7773
39 2935 6318
40 2326 3320
41 3347 4307
42 7986 3554
43 3610 5550
44 27 4981
45 9158 3340
46 7774 4965
47 7413 4872
48 7377 4036
49 8027 3968
50 5652 1633
51 731 3712
52 5192 1321
53 6035 7440
54 5622 6007
55 2024 5765
56 3660 2335
57 4408 936
58 4257 5030
59 5580 7255
60 1154 6143
DEMAND_SECTION
1 0.0
2 2.0
3 10.0
4 6.0
5 8.0
6 5.0
7 7.0
8 8.0
9 5.0
10 2.0
11 10.0
12 2.0
13 2.0
14 8.0
15 5.0
16 3.0
17 4.0
18 4.0
19 10.0
20 8.0
21 3.0
22 2.0
23 5.0
24 4.0
25 2.0
26 3.0
27 3.0
28 1.0
29 6.0
30 6.0
31 4.0
32 1.0
33 2.0
34 10.0
35 2.0
36 6.0
37 9.0
38 1.0
39 2.0
40 4.0
41 3.0
42 4.0
43 6.0
44 4.0
45 10.0
46 9.0
47 6.0
48 4.0
49 9.0
50 5.0
51 6.0
52 4.0
53 4.0
54 8.0
55 4.0
56 5.0
57 3.0
58 3.0
59 3.0
60 7.0
DEVIATION_SECTION
1 0.0
2 0.666667
3 3.33333
4 2.0
5 2.66667
6 1.66667
7 2.33333
8 2.66667
9 1.66667
10 0.666667
11 3.33333
12 0.666667
13 0.666667
14 2.66667
15 1.66667
16 1.0
17 1.33333
18 1.33333
19 3.33333
20 2.66667
21 1.0
22 0.666667
23 1.66667
24 1.33333
25 0.666667
26 1.0
27 1.0
28 0.333333
29 2.0
30 2.0
31 1.33333
32 0.333333
33 0.666667
34 3.33333
35 0.666667
36 2.0
37 3.0
38 0.333333
39 0.666667
40 1.33333
41 1.0
42 1.33333
43 2.0
44 1.33333
45 3.33333
46 3.0
47 2.0
48 1.33333
49 3.0
50 1.66667
51 2.0
52 1.33333
53 1.33333
54 2.66667
55 1.33333
56 1.66667
57 1.0
58 1.0
59 1.0
60 2.33333
DISTANCE_MATRIX
0.0 12.0416 19.8666 25.7099 15.8114 53.4307 45.6556 28.0713 25.2554 42.9161 14.3178 17.0294 30.6757 26.587 38.2755 38.9102 34.6442 35.5106 32.4536 58.4253 41.6979 20.6155 26.587 41.4372 29.997 55.4707 41.8808 39.3954 43.8292 59.5197 27.4094 40.6301 55.7787 56.3087 38.9102 69.6118 19.2094 52.6711 38.2938 36.6879 22.6716 46.2594 25.5757 67.0135 62.2832 39.5601 35.1141 36.0585 46.717 40.3612 57.3062 39.365 51.4818 31.1292 55.8359 29.7321 43.8634 14.375 46.8797 62.211 
12.0416 0.0 23.8845 14.7648 14.3178 44.2041 48.7955 40.1123 26.8914 47.8017 26.0768 14.0357 19.2354 30.0726 49.1888 28.0179 29.4113 47.5184 37.5366 48.7955 43.3339 32.5576 34.3642 53.1988 32.2025 46.6905 31.8277 28.3019 34.2053 47.1145 39.171 31.241 50.0899 59.0339 28.0179 72.8354 13.3417 54.3348 39.9298 25.0799 16.2788 51.4668 27.2118 57.8014 67.4906 51.3265 46.8757 43.9167 51.9244 35.1284 46.6154 34.1322 55.4707 35.1471 42.3323 19.4165 37.5899 16.9706 50.774 51.8471 
19.8666 23.8845 0.0 38.6324 33.0093 59.2323 31.9531 19.9494 21.6333 52.5162 17.33 33.7334 40.1995 6.32456 36.4506 47.2969 50.8889 27.8544 44.1121 65.6752 37.2177 20.0998 10.7703 38.0677 21.3776 70.116 49.083 48.0521 57.8649 57.7985 27.0883 47.6301 72.0234 43.3244 47.2969 54.7083 34.8443 44.0114 33.8136 46.2709 28.2312 46.1751 22.6716 71.6598 61.559 34.8894 30.8585 35.7374 43.6795 69.5919 64.8568 55.6097 33.4215 12.2066 52.3145 43.1904 59.8396 13.0384 29.7321 57.7308 
25.7099 14.7648 38.6324 0.0 17.4642 44.2719 63.0317 53.1507 40.7382 53.541 40.025 15.6525 16.4924 44.8205 58.4637 25.0799 22.4722 60.0 43.541 46.9574 52.3563 45.0111 49.112 63.1506 46.0572 32.6497 30.6757 24.5967 19.799 50.0899 51.0425 31.7805 39.0512 72.9438 25.0799 87.046 11.6619 68.1816 56.5233 19.7231 25.0799 59.0931 41.0586 57.3847 74.3577 62.514 58.3095 52.8867 60.407 28.1971 42.2019 26.9258 70.2353 49.895 45.5445 5.0 26.4764 31.4006 65.5134 55.0 
15.8114 14.3178 33.0093 17.4642 0.0 57.4543 58.7983 39.1964 38.3628 36.1245 28.0179 2.0 30.4795 39.9857 41.4367 39.6989 19.1308 44.5533 26.1245 61.4003 54.8053 30.8059 39.9857 46.2709 43.1398 41.1461 44.4072 39.6232 30.8058 60.7442 35.4006 44.4185 40.2653 69.4514 39.6989 82.7545 6.08276 65.8027 51.4012 35.3836 30.5941 41.6293 38.6831 71.0211 56.9386 46.0109 42.0119 35.6931 43.0116 24.8478 57.9828 23.8516 62.1887 42.9857 55.962 19.2354 28.3626 27.5136 60.0224 65.4768 
53.4307 44.2041 59.2323 44.2719 57.4543 0.0 61.0 77.5511 39.8661 92.0054 74.9318 56.4358 27.8568 62.6765 91.173 19.4165 66.7308 85.4561 81.6884 7.0 29.0689 73.2088 65.3911 94.27 47.1151 67.3647 13.6015 20.2237 56.0 13.6015 80.3069 13.0384 80.1561 64.9384 19.4165 79.8311 53.6656 50.9608 32.249 25.318 32.4861 95.5027 37.3363 13.6015 111.527 92.4121 87.941 88.956 96.8982 72.4485 13.6015 71.1688 76.531 64.2573 20.025 47.2969 68.593 47.9535 70.4557 19.105 
45.6556 48.7955 31.9531 63.0317 58.7983 61.0 0.0 38.4708 25.9422 73.4279 38.2962 59.5223 58.8303 28.4429 55.9017 60.0833 76.6778 43.9659 65.0238 68.0 32.0624 41.066 26.0192 56.0446 17.4929 95.462 58.4637 61.3514 82.807 50.636 48.0 55.1125 97.8124 11.4018 60.0833 24.0416 60.6333 18.4391 29.2746 62.4348 58.4517 66.3702 29.0689 69.8713 80.05 52.2015 49.2443 56.1427 62.8013 82.3949 72.4446 81.3987 17.4929 23.0217 41.0122 67.9412 85.6285 31.8277 12.0416 48.7647 
28.0713 40.1123 19.9494 53.1507 39.1964 77.5511 38.4708 0.0 38.9487 36.6879 14.8661 40.8897 58.2495 14.8661 17.4642 65.9565 57.8215 8.06226 29.1548 83.994 53.4186 8.544 13.8924 18.3576 35.805 80.2697 68.8227 66.5656 69.4914 73.9249 12.4853 67.3698 75.1631 49.0918 65.9565 56.0892 44.1956 55.0273 50.0145 64.3273 47.8468 28.0179 40.7053 89.9418 41.7612 15.0 11.1803 18.1108 24.3311 48.2438 84.5964 55.3813 30.3645 16.5529 62.9319 56.5685 67.0533 32.3717 30.1496 73.9318 
25.2554 26.8914 21.6333 40.7382 38.3628 39.8661 25.9422 38.9487 0.0 67.1327 36.349 38.9765 33.2037 24.0832 55.4696 34.7131 55.7893 46.8615 56.6703 46.5725 16.4868 39.1188 26.0768 57.0867 8.544 73.2914 34.0147 35.9026 60.5346 36.9666 46.1073 31.0161 76.7934 34.7131 34.7131 49.4065 39.6238 28.2312 13.0828 36.8081 32.8251 65.1941 3.16228 52.2029 80.5781 53.9084 49.8775 54.7564 62.6985 61.5064 49.163 60.5101 38.1182 24.5967 25.9737 45.6807 64.3923 11.0454 32.249 37.0 
42.9161 47.8017 52.5162 53.541 36.1245 92.0054 73.4279 36.6879 67.1327 0.0 43.0293 37.8885 66.0109 47.4663 23.4307 75.1725 35.4401 35.8469 10.7703 96.4853 83.2719 33.0334 47.4556 27.5862 68.5431 63.2851 79.4643 75.2268 58.5235 95.0345 33.4279 79.0253 51.4782 84.5096 75.1725 92.6499 41.9317 88.7912 79.8678 71.225 62.8479 13.8924 67.4531 105.603 23.5372 30.4795 29.6816 19.2354 18.6011 28.8617 93.6614 35.3553 67.0522 50.4517 97.41 53.6081 47.2652 56.2523 66.4906 99.767 
14.3178 26.0768 17.33 40.025 28.0179 74.9318 38.2962 14.8661 36.349 43.0293 0.0 29.6816 43.5936 12.2801 28.4253 51.2933 47.129 22.8473 34.6253 81.3746 50.8257 10.0 12.2801 31.1448 33.3569 68.9638 66.2033 51.9023 57.7754 71.3055 17.6015 64.7504 68.2635 49.4702 51.2933 58.5441 32.6497 53.605 47.4216 49.6749 45.2274 36.6883 38.086 87.3224 52.0722 28.6007 24.2074 26.2506 34.1927 52.5389 69.4431 51.8498 34.4831 15.2801 60.3125 43.9659 56.3608 29.7523 32.36 71.3389 
17.0294 14.0357 33.7334 15.6525 2.0 56.4358 59.5223 40.8897 38.9765 37.8885 29.6816 0.0 29.2062 41.7151 43.4166 38.4187 17.6383 46.5296 27.8885 60.2163 55.419 32.4992 41.7151 48.2597 43.8634 39.3573 43.2666 38.2884 28.8617 59.9214 37.3766 43.4166 38.7728 70.1754 38.4187 83.4786 4.12311 66.4199 52.0149 33.9411 30.2655 43.4626 39.2969 69.9714 58.7052 48.0104 44.0114 37.6563 44.9222 23.3553 56.5862 22.3591 63.9181 44.7151 55.1392 17.2627 26.8701 28.2312 60.7465 64.6539 
30.6757 19.2354 40.1995 16.4924 30.4795 27.8568 58.8303 58.2495 33.2037 66.0109 43.5936 29.2062 0.0 46.0435 68.1851 9.21954 38.8976 65.9697 55.9732 31.0644 37.7694 51.2445 50.0 72.111 41.714 44.3847 14.3178 9.21954 31.6228 34.0147 58.0833 15.2971 54.231 66.3823 9.21954 81.5034 26.0768 57.8082 41.9364 6.08276 15.6525 70.4557 30.0495 41.1461 86.4002 70.2388 65.7875 62.9131 70.9207 44.6146 27.6586 43.4166 68.1542 50.0899 29.8628 20.025 42.0119 29.1548 62.6562 39.2046 
26.587 30.0726 6.32456 44.8205 39.9857 62.6765 28.4429 14.8661 24.0832 47.4663 12.2801 41.7151 46.0435 0.0 31.4008 52.7731 59.032 22.8035 39.0622 69.1194 38.693 15.0499 4.47214 33.0179 21.4709 81.0592 54.2849 53.6004 70.0 59.1728 22.0384 52.4798 80.1665 39.8121 52.7731 50.0899 44.8121 42.5793 35.2889 52.0865 33.2415 40.9026 25.807 75.0882 55.6952 29.8395 25.8087 30.4951 37.8938 64.5421 70.0587 63.7528 27.5862 6.40312 48.1798 49.3785 68.2638 17.72 24.4131 59.2062 
38.2755 49.1888 36.4506 58.4637 41.4367 91.173 55.9017 17.4642 55.4696 23.4307 28.4253 43.4166 68.1851 31.4008 0.0 77.1075 49.6488 13.3417 20.6155 96.1676 69.9464 18.4391 31.0161 5.09902 52.4776 78.9177 79.7592 77.6355 71.007 90.4262 18.8661 78.3724 70.5762 66.3702 77.1075 72.3395 47.5184 72.4224 66.5423 73.814 60.0146 11.4018 57.2066 104.756 24.3516 7.07107 7.07107 6.08276 7.0 44.3847 95.3645 51.6624 46.2709 33.8378 79.4332 60.6712 63.3482 51.5881 47.0106 90.4595 
38.9102 28.0179 47.2969 25.0799 39.6989 19.4165 60.0833 65.9565 34.7131 75.1725 51.2933 38.4187 9.21954 52.7731 77.1075 0.0 47.5395 73.7361 65.1153 21.9545 32.5017 59.2368 56.4358 80.2692 43.1741 49.2443 6.0 1.41421 37.2156 27.8927 66.2415 8.544 61.0082 67.2982 0.0 82.4204 35.2278 57.0293 42.8523 6.0 20.0 79.4136 31.5753 32.311 95.4254 78.3901 73.9256 71.8636 79.8713 53.2727 18.6011 51.8652 72.6911 56.1427 25.6899 27.8927 49.2544 35.2278 66.9104 33.5261 
34.6442 29.4113 50.8889 22.4722 19.1308 66.7308 76.6778 57.8215 55.7893 35.4401 47.129 17.6383 38.8976 59.032 49.6488 47.5395 0.0 56.3445 30.0 69.3542 73.9792 52.9417 59.032 54.7449 60.9139 29.2746 53.1413 47.0106 23.0868 71.9447 48.2044 54.1262 24.0416 87.3184 47.5395 100.634 16.1734 83.2327 68.8277 42.0476 44.5345 46.0977 56.1097 79.8499 58.9406 55.5428 52.2144 43.566 49.0102 6.7082 64.1405 5.09902 81.2349 62.032 67.1674 20.2485 13.9284 45.2732 77.902 76.6822 
35.5106 47.5184 27.8544 60.0 44.5533 85.4561 43.9659 8.06226 46.8615 35.8469 22.8473 46.5296 65.9697 22.8035 13.3417 73.7361 56.3445 0.0 30.4138 91.899 61.1105 15.0333 21.2603 12.1655 43.2782 84.837 76.2752 74.3451 75.3127 81.5903 17.1529 75.2748 78.7718 53.9351 73.7361 59.1354 50.3685 61.327 57.7064 72.0347 55.7518 24.7386 48.6004 97.8468 36.3456 8.24621 6.32456 16.6433 20.2237 51.8845 91.886 59.0361 33.0606 23.6008 70.5973 63.1308 70.2289 40.2767 34.2345 81.6236 
32.4536 37.5366 44.1121 43.541 26.1245 81.6884 65.0238 29.1548 56.6703 10.7703 34.6253 27.8885 55.9732 39.0622 20.6155 65.1153 30.0 30.4138 0.0 86.3134 72.8095 24.6293 39.0516 25.632 60.139 59.1354 69.3109 65.192 52.469 84.5721 25.0238 68.7677 49.98 76.1056 65.1153 84.3484 31.9317 80.3871 69.4054 61.2209 52.3854 16.2788 56.9906 95.2716 30.8869 27.2947 25.0 14.7648 19.0263 24.1868 83.6301 31.4006 59.1027 42.0476 86.9475 44.7851 43.2897 45.7898 58.1317 89.3046 
58.4253 48.7955 65.6752 46.9574 61.4003 7.0 68.0 83.994 46.5725 96.4853 81.3746 60.2163 31.0644 69.1194 96.1676 21.9545 69.3542 91.899 86.3134 0.0 36.0555 78.2034 71.8679 99.2646 53.8361 67.0 17.0294 22.3607 56.4358 19.6977 85.3015 17.8045 80.895 71.8471 21.9545 86.6833 57.1402 57.7235 39.2046 27.313 37.4807 100.239 43.9659 11.0454 116.262 97.4067 92.9356 93.9506 100.696 75.113 8.94427 73.5391 83.4865 70.8378 27.0185 49.3964 69.857 54.3964 77.4145 24.6982 
41.6979 43.3339 37.2177 52.3563 54.8053 29.0689 32.0624 53.4186 16.4868 83.2719 50.8257 55.419 37.7694 38.693 69.9464 32.5017 73.9792 61.1105 72.8095 36.0555 0.0 53.5955 39.9006 71.5635 18.4311 82.0477 28.1033 33.8981 69.1889 20.5913 60.584 24.5166 91.1367 37.3363 32.5017 52.5547 59.6564 25.6125 3.60555 37.6577 37.3908 79.6708 18.0308 39.2173 95.0548 68.3851 64.3543 69.2331 77.1753 79.6963 40.4475 78.7 47.5184 37.9122 9.48683 56.6197 78.6942 27.5252 41.4367 21.2132 
20.6155 32.5576 20.0998 45.0111 30.8059 73.2088 41.066 8.544 39.1188 33.0334 10.0 32.4992 51.2445 15.0499 18.4391 59.2368 52.9417 15.0333 24.6293 78.2034 53.5955 0.0 15.0499 21.4009 36.1267 75.39 61.795 59.808 61.1009 74.0753 7.60555 60.4082 70.2834 52.2399 59.2368 61.0328 35.8051 56.3748 50.1914 57.28 42.0504 26.5707 40.8557 86.7916 42.0595 19.2354 14.7648 16.1555 24.1868 43.364 77.4058 50.5016 36.2353 18.0499 63.0823 48.2597 62.1735 33.6239 34.7851 74.1086 
26.587 34.3642 10.7703 49.112 39.9857 65.3911 26.0192 13.8924 26.0768 47.4556 12.2801 41.7151 50.0 4.47214 31.0161 56.4358 59.032 21.2603 39.0516 71.8679 39.9006 15.0499 0.0 32.249 22.0227 81.0592 57.7886 57.3149 70.0 60.3805 22.0278 55.2289 80.1665 37.2156 56.4358 46.6154 44.8121 41.4849 36.4966 56.0089 36.6742 40.7922 28.178 77.7697 55.3624 28.8444 25.0599 30.4138 37.6431 57.7863 73.4624 63.7528 23.3452 3.0 49.3875 53.6701 68.2638 21.2132 20.5913 60.4138 
41.4372 53.1988 38.0677 63.1506 46.2709 94.27 56.0446 18.3576 57.0867 27.5862 31.1448 48.2597 72.111 33.0179 5.09902 80.2692 54.7449 12.1655 25.632 99.2646 71.5635 21.4009 32.249 0.0 54.0833 84.0119 82.9209 80.7972 76.0263 92.0433 22.0278 81.5341 75.6108 66.0984 80.2692 71.0282 52.345 73.1642 68.1594 78.111 63.1117 14.4222 58.8237 107.853 24.1868 4.0 7.2111 11.1803 9.43398 49.4773 98.5262 56.7539 45.0 34.8855 81.0503 65.4905 68.4471 50.4901 46.3897 92.0766 
29.997 32.2025 21.3776 46.0572 43.1398 47.1151 17.4929 35.805 8.544 68.5431 33.3569 43.8634 41.714 21.4709 52.4776 43.1741 60.9139 43.2782 60.139 53.8361 18.4311 36.1267 22.0227 54.0833 0.0 78.6104 42.19 44.3847 65.8536 38.9102 43.1152 39.0512 81.9878 26.9072 43.1741 41.2311 44.7772 23.1948 15.027 45.3184 41.3354 62.202 11.7047 57.6475 76.772 50.8035 46.8722 51.5719 58.9706 66.631 57.0088 65.6347 30.0 19.799 27.9179 50.9997 69.6419 15.6525 24.0208 38.833 
55.4707 46.6905 70.116 32.6497 41.1461 67.3647 95.462 80.2697 73.2914 63.2851 68.9638 39.3573 44.3847 81.0592 78.9177 49.2443 29.2746 84.837 59.1354 67.0 82.0477 75.39 81.0592 84.0119 78.6104 0.0 55.109 48.0521 13.0384 77.1298 75.7844 57.7235 17.6918 105.497 49.2443 119.503 36.3593 102.086 86.2146 43.4166 57.1402 75.0067 73.6118 78.0064 86.7006 84.7278 81.382 72.8354 78.1601 35.0143 59.1354 28.0179 101.731 81.3785 73.9452 27.6586 16.0312 63.6553 97.1291 82.7103 
41.8808 31.8277 49.083 30.6757 44.4072 13.6015 58.4637 68.8227 34.0147 79.4643 66.2033 43.2666 14.3178 54.2849 79.7592 6.0 53.1413 76.2752 69.3109 17.0294 28.1033 61.795 57.7886 82.9209 42.19 55.109 0.0 7.07107 43.1856 22.1359 68.8931 3.60555 67.0075 65.3039 6.0 80.4819 40.3113 52.6309 41.0113 12.0 21.1384 83.2901 31.0 26.8328 99.314 80.9983 76.5272 75.74 83.7477 58.8604 15.8114 57.5674 72.111 56.9424 21.2603 33.7343 55.2268 36.5983 66.1891 27.8568 
39.3954 28.3019 48.0521 24.5967 39.6232 20.2237 61.3514 66.5656 35.9026 75.2268 51.9023 38.2884 9.21954 53.6004 77.6355 1.41421 47.0106 74.3451 65.192 22.3607 33.8981 59.808 57.3149 80.7972 44.3847 48.0521 7.07107 0.0 36.1248 29.1204 66.7694 9.84886 60.0333 68.6075 1.41421 83.7297 35.0 58.4257 44.1616 5.09902 21.0238 79.6304 32.7567 32.8938 95.6033 78.924 74.4648 72.0804 80.0881 52.7601 18.4391 51.264 73.8259 57.0789 27.0864 27.2029 48.3735 36.1248 68.0661 34.7851 
43.8292 34.2053 57.8649 19.799 30.8058 56.0 82.807 69.4914 60.5346 58.5235 57.7754 28.8617 31.6228 70.0 71.007 37.2156 23.0868 75.3127 52.469 56.4358 69.1889 61.1009 70.0 76.0263 65.8536 13.0384 43.1856 36.1248 0.0 64.9384 66.1691 45.5412 24.5153 92.7402 37.2156 106.832 25.2982 89.2276 73.3558 31.257 44.1022 68.7314 60.8549 67.4759 82.0061 76.2365 72.4431 65.0 71.2531 29.7321 49.2443 24.1868 89.4801 69.1274 61.372 14.8661 15.0 51.0882 84.8764 70.406 
59.5197 47.1145 57.7985 50.0899 60.7442 13.6015 50.636 73.9249 36.9666 95.0345 71.3055 59.9214 34.0147 59.1728 90.4262 27.8927 71.9447 81.5903 84.5721 19.6977 20.5913 74.0753 60.3805 92.0433 38.9102 77.1298 22.1359 29.1204 64.9384 0.0 81.0638 19.4165 88.2043 53.0848 27.8927 67.6018 57.6268 38.4708 24.1868 33.7343 35.3613 100.151 35.8139 19.2354 115.535 88.8649 84.8341 89.7129 97.6551 77.6617 27.2029 76.6551 67.1863 58.392 11.4018 54.0 76.0263 46.5197 61.131 5.83095 
27.4094 39.171 27.0883 51.0425 35.4006 80.3069 48.0 12.4853 46.1073 33.4279 17.6015 37.3766 58.0833 22.0384 18.8661 66.2415 48.2044 17.1529 25.0238 85.3015 60.584 7.60555 22.0278 22.0278 43.1152 75.7844 68.8931 66.7694 66.1691 81.0638 0.0 67.5063 70.6779 59.0818 66.2415 67.3246 41.2156 63.3633 57.1799 64.0833 49.1486 27.0868 47.8442 93.8897 42.4708 20.1555 15.7047 16.6491 24.5913 43.7585 84.4984 50.896 42.0789 25.0238 70.0708 54.04 62.568 40.722 41.108 81.0972 
40.6301 31.241 47.6301 31.7805 44.4185 13.0384 55.1125 67.3698 31.0161 79.0253 64.7504 43.4166 15.2971 52.4798 78.3724 8.544 54.1262 75.2748 68.7677 17.8045 24.5166 60.4082 55.2289 81.5341 39.0512 57.7235 3.60555 9.84886 45.5412 19.4165 67.5063 0.0 69.029 61.7172 8.544 76.8952 40.7185 49.0442 37.6581 14.3178 19.6855 82.6114 28.0713 26.6271 98.6352 79.6115 75.1404 76.1554 83.069 59.8433 18.2483 58.6941 69.029 54.3437 17.6918 35.2278 57.0351 35.1454 63.0714 25.0 
55.7787 50.0899 72.0234 39.0512 40.2653 80.1561 97.8124 75.1631 76.7934 51.4782 68.2635 38.7728 54.231 80.1665 70.5762 61.0082 24.0416 78.7718 49.98 80.895 91.1367 70.2834 80.1665 75.6108 81.9878 17.6918 67.0075 60.0333 24.5153 88.2043 70.6779 69.029 0.0 108.453 61.0082 121.769 37.2156 104.237 95.3037 55.0091 63.8905 64.5368 77.1138 91.9239 74.027 77.0779 74.2496 64.622 68.4105 26.9258 73.7564 20.0 102.369 83.1665 84.325 34.5254 12.6491 66.3702 99.0365 93.4345 
56.3087 59.0339 43.3244 72.9438 69.4514 64.9384 11.4018 49.0918 34.7131 84.5096 49.4702 70.1754 66.3823 39.8121 66.3702 67.2982 87.3184 53.9351 76.1056 71.8471 37.3363 52.2399 37.2156 66.0984 26.9072 105.497 65.3039 68.6075 92.7402 53.0848 59.0818 61.7172 108.453 0.0 67.2982 15.2315 71.2811 15.2971 35.3412 69.9748 66.0037 77.1038 37.6431 72.0 90.2552 62.1691 59.5399 67.0075 73.3348 93.0354 77.3692 92.0392 23.3238 34.2345 45.1221 77.8864 96.2601 42.2019 19.9249 50.04 
38.9102 28.0179 47.2969 25.0799 39.6989 19.4165 60.0833 65.9565 34.7131 75.1725 51.2933 38.4187 9.21954 52.7731 77.1075 0.0 47.5395 73.7361 65.1153 21.9545 32.5017 59.2368 56.4358 80.2692 43.1741 49.2443 6.0 1.41421 37.2156 27.8927 66.2415 8.544 61.0082 67.2982 0.0 82.4204 35.2278 57.0293 42.8523 6.0 20.0 79.4136 31.5753 32.311 95.4254 78.3901 73.9256 71.8636 79.8713 53.2727 18.6011 51.8652 72.6911 56.1427 25.6899 27.8927 49.2544 35.2278 66.9104 33.5261 
69.6118 72.8354 54.7083 87.046 82.7545 79.8311 24.0416 56.0892 49.4065 92.6499 58.5441 83.4786 81.5034 50.0899 72.3395 82.4204 100.634 59.1354 84.3484 86.6833 52.5547 61.0328 46.6154 71.0282 41.2311 119.503 80.4819 83.7297 106.832 67.6018 67.3246 76.8952 121.769 15.2315 82.4204 0.0 84.5895 29.1548 50.5668 85.1078 81.1248 83.6002 52.4309 86.209 95.0053 67.0298 65.2763 74.1485 79.3095 109.942 92.4446 105.355 26.0768 43.8634 60.1664 91.9674 109.585 55.8659 26.2488 64.1249 
19.2094 13.3417 34.8443 11.6619 6.08276 53.6656 60.6333 44.1956 39.6238 41.9317 32.6497 4.12311 26.0768 44.8121 47.5184 35.2278 16.1734 50.3685 31.9317 57.1402 59.6564 35.8051 44.8121 52.345 44.7772 36.3593 40.3113 35.0 25.2982 57.6268 41.2156 40.7185 37.2156 71.2811 35.2278 84.5895 0.0 67.0671 52.6622 30.4795 29.0 47.5395 39.9441 67.1193 62.7484 52.0384 48.0 41.7732 49.0408 21.8905 53.1507 20.8942 66.4595 46.1069 52.8446 13.1529 25.0 29.1548 61.8574 62.3593 
52.6711 54.3348 44.0114 68.1816 65.8027 50.9608 18.4391 55.0273 28.2312 88.7912 53.605 66.4199 57.8082 42.5793 72.4224 57.0293 83.2327 61.327 80.3871 57.7235 25.6125 56.3748 41.4849 73.1642 23.1948 102.086 52.6309 58.4257 89.2276 38.4708 63.3633 49.0442 104.237 15.2971 57.0293 29.1548 67.0671 0.0 24.7588 61.4007 57.4296 82.2253 30.4138 57.0789 96.7678 69.4622 66.1287 71.8053 79.1202 88.9497 63.9062 87.9535 35.4683 38.6005 31.7805 73.1241 91.8356 38.3275 30.4138 35.0143 
38.2938 39.9298 33.8136 56.5233 51.4012 32.249 29.2746 50.0145 13.0828 79.8678 47.4216 52.0149 41.9364 35.2889 66.5423 42.8523 68.8277 57.7064 69.4054 39.2046 3.60555 50.1914 36.4966 68.1594 15.027 86.2146 41.0113 44.1616 73.3558 24.1868 57.1799 37.6581 95.3037 35.3412 42.8523 50.5668 52.6622 24.7588 0.0 45.5289 41.5578 76.2667 14.6268 42.72 91.6507 64.981 60.9502 65.8291 73.7712 74.5448 43.2071 73.5486 44.2832 34.5081 13.0 60.7867 82.8612 24.1212 38.2099 24.7588 
36.6879 25.0799 46.2709 19.7231 35.3836 25.318 62.4348 64.3273 36.8081 71.225 49.6749 33.9411 6.08276 52.0865 73.814 6.0 42.0476 72.0347 61.2209 27.313 37.6577 57.28 56.0089 78.111 45.3184 43.4166 12.0 5.09902 31.257 33.7343 64.0833 14.3178 55.0091 69.9748 6.0 85.1078 30.4795 61.4007 45.5289 0.0 20.8806 76.0066 33.6539 37.9473 91.8368 76.2388 71.7844 68.542 76.5496 47.8187 22.6716 46.2385 73.772 56.0357 30.846 22.1359 43.2897 35.0571 68.2661 39.2938 
22.6716 16.2788 28.2312 25.0799 30.5941 32.4861 58.4517 47.8468 32.8251 62.8479 45.2274 30.2655 15.6525 33.2415 60.0146 20.0 44.5345 55.7518 52.3854 37.4807 37.3908 42.0504 36.6742 63.1117 41.3354 57.1402 21.1384 21.0238 44.1022 35.3613 49.1486 19.6855 63.8905 66.0037 20.0 81.1248 29.0 57.4296 41.5578 20.8806 0.0 66.1912 29.6709 46.0689 82.215 61.2537 56.7826 57.7977 65.7398 50.2515 36.9122 49.2553 53.1122 36.2215 30.5791 29.9666 51.2445 15.5242 47.6063 40.0938 
46.2594 51.4668 46.1751 59.0931 41.6293 95.5027 66.3702 28.0179 65.1941 13.8924 36.6883 43.4626 70.4557 40.9026 11.4018 79.4136 46.0977 24.7386 16.2788 100.239 79.6708 26.5707 40.7922 14.4222 62.202 75.0067 83.2901 79.6304 68.7314 100.151 27.0868 82.6114 64.5368 77.1038 79.4136 83.6002 47.5395 82.2253 76.2667 76.0066 66.1912 0.0 66.931 109.085 16.2788 17.8885 18.4391 10.4403 5.0 40.0 98.0132 47.0425 57.5587 43.7379 89.1576 60.4171 59.0339 59.8088 58.0345 100.184 
25.5757 27.2118 22.6716 41.0586 38.6831 37.3363 29.0689 40.7053 3.16228 67.4531 38.086 39.2969 30.0495 25.807 57.2066 31.5753 56.1097 48.6004 56.9906 43.9659 18.0308 40.8557 28.178 58.8237 11.7047 73.6118 31.0 32.7567 60.8549 35.8139 47.8442 28.0713 77.1138 37.6431 31.5753 52.4309 39.9441 30.4138 14.6268 33.6539 29.6709 66.931 0.0 49.6751 82.315 55.6453 51.6145 56.4934 64.4355 61.8267 46.2709 60.8305 41.1947 26.9258 27.5177 46.0011 64.7126 11.4031 35.3553 38.544 
67.0135 57.8014 71.6598 57.3847 71.0211 13.6015 69.8713 89.9418 52.2029 105.603 87.3224 69.9714 41.1461 75.0882 104.756 32.311 79.8499 97.8468 95.2716 11.0454 39.2173 86.7916 77.7697 107.853 57.6475 78.0064 26.8328 32.8938 67.4759 19.2354 93.8897 26.6271 91.9239 72.0 32.311 86.209 67.1193 57.0789 42.72 37.9473 46.0689 109.085 49.6751 0.0 125.109 104.882 100.851 102.539 110.481 85.5807 19.2354 84.1546 86.3481 76.5993 29.7321 60.0833 80.8084 60.3809 80.2808 22.0907 
62.2832 67.4906 61.559 74.3577 56.9386 111.527 80.05 41.7612 80.5781 23.5372 52.0722 58.7052 86.4002 55.6952 24.3516 95.4254 58.9406 36.3456 30.8869 116.262 95.0548 42.0595 55.3624 24.1868 76.772 86.7006 99.314 95.6033 82.0061 115.535 42.4708 98.6352 74.027 90.2552 95.4254 95.0053 62.7484 96.7678 91.6507 91.8368 82.215 16.2788 82.315 125.109 0.0 28.1603 30.8058 26.0768 17.8885 52.3927 114.018 58.8558 69.0652 58.1893 104.542 75.6017 70.7107 75.1928 70.5762 115.568 
39.5601 51.3265 34.8894 62.514 46.0109 92.4121 52.2015 15.0 53.9084 30.4795 28.6007 48.0104 70.2388 29.8395 7.07107 78.3901 55.5428 8.24621 27.2947 97.4067 68.3851 19.2354 28.8444 4.0 50.8035 84.7278 80.9983 78.924 76.2365 88.8649 20.1555 79.6115 77.0779 62.1691 78.3901 67.0298 52.0384 69.4622 64.981 76.2388 61.2537 17.8885 55.6453 104.882 28.1603 0.0 4.47214 12.53 13.0 50.5964 96.6091 57.8705 41.0 31.3847 77.8719 65.123 69.3758 47.3117 42.4264 88.8983 
35.1141 46.8757 30.8585 58.3095 42.0119 87.941 49.2443 11.1803 49.8775 29.6816 24.2074 44.0114 65.7875 25.8087 7.07107 73.9256 52.2144 6.32456 25.0 92.9356 64.3543 14.7648 25.0599 7.2111 46.8722 81.382 76.5272 74.4648 72.4431 84.8341 15.7047 75.1404 74.2496 59.5399 73.9256 65.2763 48.0 66.1287 60.9502 71.7844 56.7826 18.4391 51.6145 100.851 30.8058 4.47214 0.0 10.6301 14.0357 47.5395 92.138 54.7814 39.2046 27.7308 73.8411 61.0328 66.0988 43.2809 40.05 84.8674 
36.0585 43.9167 35.7374 52.8867 35.6931 88.956 56.1427 18.1108 54.7564 19.2354 26.2506 37.6563 62.9131 30.4951 6.08276 71.8636 43.566 16.6433 14.7648 93.9506 69.2331 16.1555 30.4138 11.1803 51.5719 72.8354 75.74 72.0804 65.0 89.7129 16.6491 76.1554 64.622 67.0075 71.8636 74.1485 41.7732 71.8053 65.8291 68.542 57.7977 10.4403 56.4934 102.539 26.0768 12.53 10.6301 0.0 8.48528 38.3275 90.4631 45.607 48.2701 33.3766 78.72 54.9181 57.2713 49.3711 48.2597 89.7463 
46.717 51.9244 43.6795 60.407 43.0116 96.8982 62.8013 24.3311 62.6985 18.6011 34.1927 44.9222 70.9207 37.8938 7.0 79.8713 49.0102 20.2237 19.0263 100.696 77.1753 24.1868 37.6431 9.43398 58.9706 78.1601 83.7477 80.0881 71.2531 97.6551 24.5913 83.069 68.4105 73.3348 79.8713 79.3095 49.0408 79.1202 73.7712 76.5496 65.7398 5.0 64.4355 110.481 17.8885 13.0 14.0357 8.48528 0.0 43.1856 98.4708 50.3587 53.2353 40.5216 86.6621 62.0967 62.2896 57.3133 54.0093 97.6884 
40.3612 35.1284 69.5919 28.1971 24.8478 72.4485 82.3949 48.2438 61.5064 28.8617 52.5389 23.3553 44.6146 64.5421 44.3847 53.2727 6.7082 51.8845 24.1868 75.113 79.6963 43.364 57.7863 49.4773 66.631 35.0143 58.8604 52.7601 29.7321 77.6617 43.7585 59.8433 26.9258 93.0354 53.2727 109.942 21.8905 88.9497 74.5448 47.8187 50.2515 40.0 61.8267 85.5807 52.3927 50.5964 47.5395 38.3275 43.1856 0.0 70.0244 7.28011 77.8374 60.7823 72.8845 26.2543 19.105 50.9903 76.8664 82.3992 
57.3062 46.6154 64.8568 42.2019 57.9828 13.6015 72.4446 84.5964 49.163 93.6614 69.4431 56.5862 27.6586 70.0587 95.3645 18.6011 64.1405 91.886 83.6301 8.94427 40.4475 77.4058 73.4624 98.5262 57.0088 59.1354 15.8114 18.4391 49.2443 27.2029 84.4984 18.2483 73.7564 77.3692 18.6011 92.4446 53.1507 63.9062 43.2071 22.6716 36.9122 98.0132 46.2709 19.2354 114.018 96.6091 92.138 90.4631 98.4708 70.0244 0.0 68.0 87.0057 72.5772 32.28 43.909 63.2456 52.3721 81.0 32.6497 
39.365 34.1322 55.6097 26.9258 23.8516 71.1688 81.3987 55.3813 60.5101 35.3553 51.8498 22.3591 43.4166 63.7528 51.6624 51.8652 5.09902 59.0361 31.4006 73.5391 78.7 50.5016 63.7528 56.7539 65.6347 28.0179 57.5674 51.264 24.1868 76.6551 50.896 58.6941 20.0 92.0392 51.8652 105.355 20.8942 87.9535 73.5486 46.2385 49.2553 47.0425 60.8305 84.1546 58.8558 57.8705 54.7814 45.607 50.3587 7.28011 68.0 0.0 85.9557 66.7528 71.8883 24.1661 12.0 49.994 82.6228 81.403 
51.4818 55.4707 33.4215 70.2353 62.1887 76.531 17.4929 30.3645 38.1182 67.0522 34.4831 63.9181 68.1542 27.5862 46.2709 72.6911 81.2349 33.0606 59.1027 83.4865 47.5184 36.2353 23.3452 45.0 30.0 101.731 72.111 73.8259 89.4801 67.1863 42.0789 69.029 102.369 23.3238 72.6911 26.0768 66.4595 35.4683 44.2832 73.772 53.1122 57.5587 41.1947 86.3481 69.0652 41.0 39.2046 48.2701 53.2353 77.8374 87.0057 85.9557 0.0 21.2603 56.8859 74.8056 90.4667 39.5601 6.08276 65.7875 
31.1292 35.1471 12.2066 49.895 42.9857 64.2573 23.0217 16.5529 24.5967 50.4517 15.2801 44.7151 50.0899 6.40312 33.8378 56.1427 62.032 23.6008 42.0476 70.8378 37.9122 18.0499 3.0 34.8855 19.799 81.3785 56.9424 57.0789 69.1274 58.392 25.0238 54.3437 83.1665 34.2345 56.1427 43.8634 46.1069 38.6005 34.5081 56.0357 36.2215 43.7379 26.9258 76.5993 58.1893 31.3847 27.7308 33.3766 40.5216 60.7823 72.5772 66.7528 21.2603 0.0 47.399 54.453 71.2638 21.0 18.0278 58.4253 
55.8359 42.3323 52.3145 45.5445 55.962 20.025 41.0122 62.9319 25.9737 97.41 60.3125 55.1392 29.8628 48.1798 79.4332 25.6899 67.1674 70.5973 86.9475 27.0185 9.48683 63.0823 49.3875 81.0503 27.9179 73.9452 21.2603 27.0864 61.372 11.4018 70.0708 17.6918 84.325 45.1221 25.6899 60.1664 52.8446 31.7805 13.0 30.846 30.5791 89.1576 27.5177 29.7321 104.542 77.8719 73.8411 78.72 86.6621 72.8845 32.28 71.8883 56.8859 47.399 0.0 49.808 71.8824 41.6633 50.8035 13.4164 
29.7321 19.4165 43.1904 5.0 19.2354 47.2969 67.9412 56.5685 45.6807 53.6081 43.9659 17.2627 20.025 49.3785 60.6712 27.8927 20.2485 63.1308 44.7851 49.3964 56.6197 48.2597 53.6701 65.4905 50.9997 27.6586 33.7343 27.2029 14.8661 54.0 54.04 35.2278 34.5254 77.8864 27.8927 91.9674 13.1529 73.1241 60.7867 22.1359 29.9666 60.4171 46.0011 60.0833 75.6017 65.123 61.0328 54.9181 62.0967 26.2543 43.909 24.1661 74.8056 54.453 49.808 0.0 22.0907 36.2353 70.1783 59.0762 
43.8634 37.5899 59.8396 26.4764 28.3626 68.593 85.6285 67.0533 64.3923 47.2652 56.3608 26.8701 42.0119 68.2638 63.3482 49.2544 13.9284 70.2289 43.2897 69.857 78.6942 62.1735 68.2638 68.4471 69.6419 16.0312 55.2268 48.3735 15.0 76.0263 62.568 57.0351 12.6491 96.2601 49.2544 109.585 25.0 91.8356 82.8612 43.2897 51.2445 59.0339 64.7126 80.8084 70.7107 69.3758 66.0988 57.2713 62.2896 19.105 63.2456 12.0 90.4667 71.2638 71.8824 22.0907 0.0 54.0833 86.8527 81.1542 
14.375 16.9706 13.0384 31.4006 27.5136 47.9535 31.8277 32.3717 11.0454 56.2523 29.7523 28.2312 29.1548 17.72 51.5881 35.2278 45.2732 40.2767 45.7898 54.3964 27.5252 33.6239 21.2132 50.4901 15.6525 63.6553 36.5983 36.1248 51.0882 46.5197 40.722 35.1454 66.3702 42.2019 35.2278 55.8659 29.1548 38.3275 24.1212 35.0571 15.5242 59.8088 11.4031 60.3809 75.1928 47.3117 43.2809 49.3711 57.3133 50.9903 52.3721 49.994 39.5601 21.0 41.6633 36.2353 54.0833 0.0 34.4384 48.0384 
46.8797 50.774 29.7321 65.5134 60.0224 70.4557 12.0416 30.1496 32.249 66.4906 32.36 60.7465 62.6562 24.4131 47.0106 66.9104 77.902 34.2345 58.1317 77.4145 41.4367 34.7851 20.5913 46.3897 24.0208 97.1291 66.1891 68.0661 84.8764 61.131 41.108 63.0714 99.0365 19.9249 66.9104 26.2488 61.8574 30.4138 38.2099 68.2661 47.6063 58.0345 35.3553 80.2808 70.5762 42.4264 40.05 48.2597 54.0093 76.8664 81.0 82.6228 6.08276 18.0278 50.8035 70.1783 86.8527 34.4384 0.0 59.808 
62.211 51.8471 57.7308 55.0 65.4768 19.105 48.7647 73.9318 37.0 99.767 71.3389 64.6539 39.2046 59.2062 90.4595 33.5261 76.6822 81.6236 89.3046 24.6982 21.2132 74.1086 60.4138 92.0766 38.833 82.7103 27.8568 34.7851 70.406 5.83095 81.0972 25.0 93.4345 50.04 33.5261 64.1249 62.3593 35.0143 24.7588 39.2938 40.0938 100.184 38.544 22.0907 115.568 88.8983 84.8674 89.7463 97.6884 82.3992 32.6497 81.403 65.7875 58.4253 13.4164 59.0762 81.1542 48.0384 59.808 0.0 
DEMAND_SCENARIO_SECTION
0 0 0 0 0 0 0 0 0 0 0 0 0 0 0 0 0 0 0 0 0 0 0 0 0 0 0 0 0 0 0 0 0 0 0 0 0 0 0 0 0 0 0 0 0 0 0 0 0 0 0 0 0 0 0 0 0 0 0 0 0 0 0 0 0 0 0 0 0 0 0 0 0 0 0 0 0 0 0 0 0 0 0 0 0 0 0 0 0 0 0 0 0 0 0 0 0 0 0 0 0 0 0 0 0 0 0 0 0 0 0 0 0 0 0 0 0 0 0 0 0 0 0 0 0 0 0 0 0 0 0 0 0 0 0 0 0 0 0 0 0 0 0 0 0 0 0 0 0 0 0 0 0 0 0 0 0 0 0 0 0 0 0 0 0 0 0 0 0 0 0 0 0 0 0 0 0 0 0 0 0 0 0 0 0 0 0 0 0 0 0 0 0 0 0 0 0 0 0 0 
2 1 2 1 2 2 3 3 3 1 3 1 3 3 2 2 2 2 2 2 3 2 1 1 1 2 1 1 1 1 3 3 2 1 1 1 2 2 3 3 1 2 1 2 2 2 3 2 2 2 2 2 2 2 2 2 3 2 2 2 1 1 3 1 3 3 3 3 1 2 2 2 2 2 1 2 2 3 1 3 3 2 3 4 3 3 2 3 3 2 1 2 2 2 1 2 2 2 1 3 2 2 3 2 3 2 1 2 2 2 2 3 2 1 2 1 2 2 1 2 2 2 1 3 1 2 2 1 1 1 2 3 2 2 1 2 1 1 2 2 2 1 2 2 3 0 2 2 1 1 0 2 2 2 2 1 3 2 2 2 2 2 1 1 2 3 1 2 2 3 1 0 3 2 2 2 1 2 3 3 3 1 2 2 2 2 1 2 1 2 1 0 2 2 1 1 3 2 2 3 
11 12 11 7 10 13 15 11 11 18 12 13 12 13 10 7 7 8 12 8 4 11 9 5 9 12 10 7 14 14 14 8 15 10 12 13 7 13 11 11 6 10 11 12 7 10 5 4 7 5 9 5 7 10 16 13 9 10 6 9 9 9 15 13 11 9 4 12 6 7 13 11 10 12 14 7 9 12 10 9 14 8 11 12 9 12 16 9 13 8 11 11 6 5 13 11 10 12 12 11 12 11 7 3 8 10 4 12 12 10 12 11 9 14 9 10 8 14 12 8 13 6 9 4 6 12 13 8 16 16 10 10 9 5 9 16 10 14 14 9 9 5 9 11 10 8 11 6 9 15 13 13 3 11 13 9 11 10 14 11 6 13 8 9 10 10 12 12 15 8 9 3 11 10 11 8 5 3 11 11 9 10 8 4 4 7 9 10 11 6 12 13 11 12 10 6 8 8 5 4 
7 10 9 5 10 6 6 6 6 8 9 9 8 4 6 9 7 9 7 5 6 7 9 4 5 6 4 5 9 7 5 4 8 9 6 6 8 6 8 7 6 8 7 9 7 7 5 6 8 6 6 7 9 6 2 6 9 4 6 7 8 10 5 7 7 9 3 1 7 7 7 4 5 8 3 8 5 5 9 2 5 7 12 9 4 9 7 12 2 7 4 8 8 4 6 11 5 4 10 5 4 7 5 13 4 8 7 8 8 5 7 8 6 5 8 4 6 1 8 6 5 8 7 9 9 7 8 9 6 6 8 9 11 5 8 5 1 7 7 6 8 6 5 7 6 9 5 7 5 6 6 7 9 5 10 3 4 1 8 5 6 3 5 5 5 10 3 7 9 6 4 8 2 6 6 8 6 6 8 3 5 7 6 4 10 7 4 6 6 5 7 6 8 8 7 3 6 5 6 7 
9 7 7 11 7 8 12 7 11 8 9 8 10 5 11 10 6 6 5 6 8 6 8 10 9 12 8 10 12 8 8 10 7 10 4 7 10 11 6 10 9 11 5 9 6 11 10 10 7 10 11 13 11 8 6 6 9 6 14 10 11 10 11 8 6 7 5 7 9 8 10 4 6 8 7 6 9 12 9 12 9 4 15 6 12 8 5 9 10 9 6 10 9 7 5 4 8 9 7 6 9 11 14 4 5 12 14 9 13 2 10 7 10 11 8 2 9 6 10 11 7 2 5 10 8 5 2 13 7 9 10 10 9 7 8 6 5 9 6 12 5 8 8 9 9 8 4 7 4 6 11 5 13 9 8 2 8 8 8 10 11 5 13 9 8 7 8 8 9 4 13 4 14 11 9 13 4 7 8 12 9 12 7 12 12 8 6 10 9 4 8 6 5 8 4 6 10 4 8 7 
1 5 6 6 5 3 5 6 7 4 5 6 9 6 4 3 7 5 5 5 5 8 6 2 5 7 4 7 6 6 4 6 4 8 4 2 5 5 5 6 4 5 4 3 5 6 6 5 7 4 6 8 5 2 6 3 6 6 5 4 4 9 7 7 4 3 3 4 4 4 8 5 6 5 2 3 7 5 5 4 8 3 5 7 4 6 3 4 5 7 7 5 5 6 9 6 7 5 4 2 4 5 3 6 4 4 7 7 5 2 7 4 4 7 5 5 5 5 5 5 3 4 8 6 4 6 3 3 7 5 5 5 5 5 10 6 5 2 6 4 7 5 5 4 4 7 5 4 3 3 7 4 6 4 8 4 2 7 8 5 4 3 5 4 0 3 7 6 6 6 4 8 5 9 6 2 7 6 5 6 3 6 9 4 6 5 4 5 6 7 6 2 5 2 8 7 4 5 5 7 
11 6 8 6 7 8 8 8 5 12 7 4 6 7 10 5 7 4 6 5 8 7 7 8 6 11 8 8 3 4 8 9 8 8 4 6 5 8 7 7 5 13 5 9 5 6 6 4 5 7 6 5 6 10 3 11 8 11 11 8 9 7 7 7 6 6 6 9 3 4 4 12 6 7 6 4 6 8 5 7 9 9 5 4 4 9 6 4 5 7 1 5 6 1 10 6 6 10 4 2 8 6 5 6 6 7 8 2 11 1 4 11 5 8 8 9 8 7 6 5 12 7 7 11 5 7 7 10 10 8 10 9 4 9 12 6 6 6 5 5 7 8 4 7 7 3 7 10 5 8 8 3 8 5 6 5 4 9 5 9 9 3 10 7 2 5 10 9 7 4 5 8 7 7 4 10 8 3 8 9 10 4 6 7 9 8 9 5 9 9 8 10 9 10 9 6 8 6 4 4 
9 10 4 15 5 7 12 8 9 6 8 8 8 3 11 8 9 7 10 7 10 10 8 5 7 10 1 12 7 11 11 8 8 5 2 12 5 8 6 9 6 11 9 8 5 7 10 7 5 6 5 7 6 5 7 10 12 13 4 3 7 11 5 8 2 5 9 8 10 13 7 10 9 9 1 5 8 9 11 7 5 4 9 11 5 4 10 9 8 8 12 12 6 9 8 10 8 8 5 4 10 8 6 11 9 6 10 4 10 6 13 8 11 5 3 8 9 8 8 7 9 6 6 7 5 10 9 12 9 6 11 7 10 3 8 9 8 7 7 4 10 7 7 8 2 9 7 3 7 3 6 7 11 5 10 13 7 8 12 10 8 4 4 4 7 6 9 10 8 11 8 12 8 8 6 8 7 5 5 7 9 11 6 13 5 12 8 4 10 11 10 3 3 13 12 5 7 11 9 7 
2 7 6 4 3 6 3 7 5 8 3 7 5 6 6 5 4 4 8 6 3 6 5 5 5 5 4 6 4 4 5 4 5 8 6 4 7 7 3 6 9 2 4 5 7 5 4 6 5 6 5 6 2 7 7 3 8 4 7 4 4 2 3 6 5 6 4 4 5 5 3 5 5 5 5 2 6 6 8 6 6 3 4 5 5 5 2 4 1 5 5 4 5 4 4 4 7 8 9 7 1 3 2 6 6 6 6 4 5 3 6 6 6 5 5 6 4 5 2 4 7 2 7 5 6 5 8 5 5 3 5 3 6 4 4 5 4 2 6 4 5 4 5 5 4 7 8 6 7 7 6 7 3 5 6 1 4 4 2 7 7 3 3 7 5 5 6 4 5 3 6 4 4 5 8 4 5 2 4 5 4 3 3 5 5 6 4 4 4 2 6 7 4 5 6 4 8 5 6 8 
2 2 2 2 1 2 3 2 3 3 2 2 2 2 3 3 2 2 1 1 2 2 2 3 1 3 1 2 2 1 2 2 1 1 2 1 2 1 2 1 3 2 4 2 2 2 2 1 2 2 3 1 1 3 1 2 1 2 2 2 2 2 1 2 2 1 3 1 2 2 1 2 2 2 2 2 2 1 2 2 3 0 2 2 3 2 1 1 2 2 1 1 3 3 1 2 1 2 3 1 2 3 1 4 2 1 2 3 2 2 2 1 3 1 2 1 2 2 1 2 3 3 2 2 2 3 2 2 2 2 2 3 2 3 1 3 2 3 2 3 1 2 2 2 1 2 2 2 2 4 2 2 3 2 1 2 2 1 2 1 2 2 2 2 3 2 2 2 3 2 2 2 2 2 2 2 3 2 2 2 1 1 2 2 2 2 1 3 3 3 1 2 2 3 2 3 2 1 3 1 
12 9 10 12 9 10 22 11 9 11 8 14 14 11 10 8 14 4 12 5 7 14 15 10 13 13 6 11 8 10 9 9 15 13 8 9 7 10 17 6 13 9 12 11 9 9 7 10 10 13 17 10 9 12 10 7 8 8 9 11 6 10 8 7 12 13 15 9 9 5 10 7 12 7 10 11 11 13 15 9 9 7 11 12 7 6 12 10 5 16 10 6 9 9 17 7 7 8 16 9 6 16 11 5 6 8 9 6 13 12 13 11 13 6 11 6 11 10 9 13 10 5 13 10 7 8 8 10 9 8 10 9 3 13 14 6 9 8 13 11 12 9 14 11 8 7 13 9 14 6 9 12 20 10 11 10 7 12 14 16 9 15 14 8 7 12 14 16 11 6 12 13 10 6 11 8 11 9 13 9 11 9 3 7 14 8 10 7 9 7 4 12 5 9 13 10 11 9 8 13 
2 1 1 2 2 4 2 3 1 2 2 2 2 2 2 2 2 1 2 2 2 1 3 2 2 3 1 3 2 2 1 1 3 2 2 2 1 2 1 2 2 3 2 2 1 3 2 2 2 3 2 3 2 2 2 2 3 1 2 3 3 2 1 2 2 2 2 3 2 1 1 1 3 3 2 3 2 2 2 3 2 3 2 2 2 3 3 1 2 3 3 3 2 4 2 2 3 2 1 2 1 2 3 1 1 2 2 1 2 1 1 3 2 3 2 2 1 3 2 2 2 2 2 1 1 1 3 1 2 2 2 1 1 1 3 2 3 1 2 3 2 3 2 3 1 2 2 2 2 1 1 2 3 1 2 2 2 3 1 3 1 2 2 1 2 1 2 2 3 2 2 3 2 2 2 2 1 2 2 2 2 2 3 2 1 3 1 2 2 1 2 3 3 2 2 1 2 2 2 3 
2 2 2 3 2 3 1 2 3 2 2 2 3 2 2 2 2 2 1 1 2 3 3 3 2 2 2 2 2 2 2 1 3 2 4 2 1 3 2 4 3 2 2 0 3 2 2 2 1 2 2 2 2 3 1 2 1 4 2 2 1 2 2 2 2 2 2 2 2 1 2 2 1 2 2 2 1 3 2 2 2 2 3 1 2 1 3 2 1 3 2 2 3 1 3 2 2 2 2 3 2 3 2 1 1 2 2 2 2 2 3 2 1 2 2 2 1 2 2 3 3 2 1 2 1 1 2 2 2 2 1 2 2 2 2 2 2 3 2 2 2 3 2 3 3 2 2 2 2 2 1 2 2 1 2 2 3 2 3 2 4 3 2 3 1 2 1 2 2 2 2 3 2 1 3 1 3 4 1 1 2 3 3 2 2 1 2 3 2 2 2 3 2 2 2 2 2 2 2 2 
8 7 10 8 5 9 7 11 5 3 8 10 13 5 6 9 9 8 11 11 7 7 8 10 7 9 6 11 10 9 7 9 9 7 10 7 12 9 5 11 8 10 6 8 9 6 7 10 2 9 7 8 6 15 6 4 11 10 3 6 7 9 3 13 4 7 10 4 2 10 4 8 7 8 12 10 12 6 5 9 8 3 10 5 12 8 8 8 10 4 5 10 7 6 13 4 8 9 14 3 6 5 5 7 6 4 13 10 10 11 12 10 5 14 9 6 8 14 10 6 7 5 6 6 7 4 7 11 6 8 7 7 6 5 6 7 5 10 13 3 12 7 7 10 6 11 10 5 7 11 7 7 6 7 8 7 8 5 11 10 2 11 6 10 9 8 9 10 3 12 8 5 8 6 7 8 7 4 8 9 6 12 14 5 4 5 11 8 13 10 11 14 8 8 3 7 8 4 11 7 
8 5 7 4 4 5 4 7 7 3 6 5 4 1 8 3 6 7 4 5 6 4 0 9 1 9 3 9 7 4 6 3 4 7 6 4 3 6 4 4 4 3 3 8 4 4 4 5 3 4 5 4 3 6 5 6 6 8 2 7 3 5 2 6 5 8 6 4 1 6 5 7 5 5 7 4 5 3 6 4 6 2 4 6 9 4 5 6 5 5 2 4 4 4 3 8 6 4 4 5 3 5 3 5 3 4 5 4 3 6 7 7 4 5 4 4 7 3 6 4 9 6 4 7 4 2 2 3 2 4 4 8 5 4 4 7 8 4 4 4 4 4 3 6 5 3 3 5 8 4 3 5 6 4 5 5 4 4 7 3 8 4 1 3 5 7 4 4 5 5 4 9 6 5 5 4 5 5 5 6 6 4 3 5 6 5 7 7 3 3 1 5 4 7 5 6 3 5 3 3 
2 3 3 3 3 3 1 1 4 4 3 3 2 5 3 2 3 4 2 1 4 1 1 2 2 2 4 4 4 2 4 3 4 3 3 4 2 3 3 4 4 4 5 2 4 3 2 4 3 3 4 5 2 2 3 3 2 4 3 3 1 4 2 2 3 4 3 3 5 4 4 4 4 2 3 2 3 3 3 2 2 1 5 3 3 3 3 2 2 3 3 3 3 3 3 4 4 2 3 2 4 5 2 2 4 4 3 4 4 3 5 2 3 3 4 2 2 2 2 2 2 3 3 3 3 5 2 3 2 2 4 1 3 4 4 3 3 4 2 3 2 2 3 3 2 2 2 4 3 4 3 3 2 4 3 2 2 2 3 5 2 4 2 4 3 3 3 2 2 4 1 3 3 2 3 3 3 3 4 3 2 5 2 3 2 3 0 1 4 4 3 2 3 2 2 2 2 1 5 3 
4 4 4 2 6 4 4 5 6 4 3 4 3 5 6 5 3 4 4 5 5 5 6 4 3 1 2 5 5 5 5 8 4 4 4 4 5 2 3 5 4 2 5 5 5 5 3 4 4 4 3 6 1 5 6 7 2 2 2 5 3 3 6 5 5 4 4 5 6 5 7 3 5 4 2 4 4 6 1 4 5 2 4 2 3 2 5 5 5 4 6 4 4 3 6 6 2 2 4 5 1 5 4 3 4 4 1 5 3 4 3 5 2 5 5 2 3 5 5 5 5 4 4 3 4 5 3 4 5 6 7 3 6 1 2 6 4 2 5 5 4 5 3 4 3 2 3 4 6 8 5 5 5 5 5 4 4 5 4 5 2 1 4 3 3 4 2 3 3 2 5 4 3 3 4 5 5 3 2 5 6 4 2 4 4 6 7 5 3 6 5 6 2 4 4 6 4 3 2 3 
4 6 6 4 4 3 2 4 2 3 4 5 4 5 3 5 4 5 2 6 4 3 4 6 3 3 3 5 5 5 2 5 4 4 5 3 1 4 5 2 4 3 5 4 4 6 4 3 5 3 4 3 4 4 2 5 4 3 6 4 2 5 4 6 4 2 6 5 5 4 5 2 5 6 4 4 5 4 5 3 4 4 4 3 5 4 3 4 5 4 5 3 3 3 1 5 4 3 1 4 4 3 4 5 5 1 4 5 3 4 5 5 4 4 5 3 4 6 0 6 4 3 4 4 3 7 5 4 4 6 5 4 3 4 4 4 4 5 3 4 3 3 4 4 3 5 6 7 4 7 3 4 5 3 5 3 5 4 3 6 6 2 4 3 3 1 3 3 5 1 3 3 3 6 6 6 3 4 5 2 2 4 2 3 3 0 2 3 5 2 5 3 4 3 6 3 4 4 2 5 
14 11 13 14 7 12 11 13 7 14 9 8 11 9 10 14 10 13 9 1 14 18 7 6 14 3 8 9 15 5 13 10 8 9 9 1 15 13 14 11 5 12 18 8 7 13 15 10 6 17 9 12 5 9 6 6 7 6 6 15 14 9 12 10 7 5 11 9 12 6 11 13 11 5 10 8 10 8 12 13 8 10 4 9 9 11 7 11 15 15 12 14 11 15 12 13 6 16 10 10 19 8 10 7 7 10 14 20 12 4 1 7 13 8 11 10 8 15 13 11 7 8 11 12 11 10 11 8 9 8 10 8 12 16 6 13 13 12 11 10 13 11 8 10 6 14 12 10 14 15 17 8 6 14 7 12 13 7 12 10 8 5 7 12 10 11 5 16 10 15 5 18 2 4 12 10 8 12 3 13 18 10 9 18 8 9 9 11 13 14 8 7 12 8 15 10 11 18 6 8 
7 5 15 5 11 10 7 6 10 8 6 4 9 6 8 6 6 11 6 10 9 12 11 7 3 10 8 6 8 10 5 9 5 5 13 11 3 12 8 11 7 5 7 9 10 12 5 8 7 10 15 2 12 10 8 10 7 10 10 9 1 2 6 6 6 6 5 3 14 10 6 6 6 6 9 6 7 7 7 8 5 6 7 10 7 9 5 7 7 8 2 10 9 11 5 7 8 11 10 7 10 11 2 9 5 8 2 5 7 4 7 13 11 8 8 5 10 7 7 12 7 8 5 9 12 10 10 6 7 9 6 6 10 4 8 7 10 5 11 15 9 6 7 6 7 7 8 4 2 8 10 11 4 6 13 10 10 6 7 7 6 10 9 5 10 5 10 6 10 7 7 11 6 5 9 2 9 9 6 9 10 9 5 7 2 9 6 10 6 10 10 10 1 12 9 2 7 7 6 10 
3 3 2 2 2 3 2 2 4 3 4 3 3 2 4 2 3 4 2 3 3 5 3 3 2 3 5 2 2 3 5 4 4 3 2 4 3 3 1 3 3 4 2 4 2 1 1 4 3 3 3 1 2 2 4 1 3 3 2 4 1 2 4 4 2 5 4 3 1 4 2 3 3 4 3 3 3 2 2 4 3 2 3 3 3 3 3 2 5 4 4 2 4 3 3 2 3 4 3 3 4 3 3 4 2 2 4 3 4 2 1 3 3 4 1 2 1 2 2 2 3 1 4 3 3 4 4 3 4 2 1 2 3 2 3 2 0 3 2 4 2 5 3 2 2 3 3 3 4 5 3 2 4 4 1 3 2 2 2 3 3 3 4 4 2 3 4 1 4 2 3 2 4 2 3 2 4 3 1 2 2 1 3 1 2 3 4 4 3 5 2 2 4 1 5 2 3 4 4 4 
2 2 1 2 1 1 1 2 1 2 2 2 3 2 1 2 2 1 1 2 2 2 3 3 3 2 2 2 3 2 2 2 2 3 2 2 2 1 3 2 2 3 1 2 3 2 2 2 2 2 2 2 2 2 2 2 1 2 2 1 2 1 2 2 2 2 2 1 4 2 1 4 2 3 1 3 2 2 1 2 3 1 2 2 1 4 2 1 2 1 3 2 2 2 2 3 2 3 1 2 2 2 2 2 1 1 2 2 3 2 2 1 2 2 3 2 1 2 2 2 3 2 2 1 1 2 2 2 2 2 2 2 2 1 1 3 1 2 2 1 2 2 3 2 2 2 2 2 2 3 3 2 2 3 2 1 3 2 3 2 3 1 2 2 2 2 2 1 2 3 2 2 2 2 3 1 2 2 2 2 3 3 3 2 1 1 1 3 1 1 1 2 0 2 2 1 3 2 2 2 
7 4 4 7 2 3 3 4 3 3 6 5 6 6 5 4 4 6 4 6 5 3 4 8 6 3 5 4 9 10 5 5 5 7 7 5 8 8 7 5 7 3 2 5 6 9 6 2 9 6 5 6 7 3 4 3 5 8 8 4 6 8 4 4 3 5 6 7 5 1 6 4 5 6 4 6 4 6 6 5 5 4 6 6 6 2 3 7 7 5 6 7 6 7 7 4 6 4 7 4 5 2 2 8 5 5 6 7 4 7 5 8 3 6 6 6 6 5 3 6 5 8 3 4 5 4 7 6 7 7 4 5 4 6 7 8 5 3 8 4 3 6 4 6 5 5 5 7 8 3 5 7 4 5 5 9 9 4 4 5 7 2 4 6 5 3 4 7 3 2 5 6 4 6 2 3 3 2 6 6 7 7 7 6 5 4 4 4 5 6 4 4 4 5 10 5 5 1 5 6 
