NAME  : Jabali_60_3_0.90_1_5
TYPE : SVRP
MODEL : FINITE_SUPPORT
NUMBER_OF_SCENARIOS : 200
DIMENSION : 60
EDGE_WEIGHT_TYPE : MATRIX
CAPACITY : 126
N_VEHICLES : 3
NODE_COORD_SECTION
1 3905 3146
2 4772 7717
3 4757 1249
4 3679 846
5 702 3295
6 3656 6325
7 1671 4902
8 5070 7170
9 5792 6408
10 4271 5898
11 1252 6970
12 6446 5440
13 3151 5753
14 6079 1268
15 6674 5986
16 3336 4694
17 5301 1846
18 2145 4612
19 791 4734
20 4459 6668
21 2074 2705
22 4026 540
23 6813 4192
24 1300 7744
25 4092 3892
26 5235 581
27 5428 2849
28 2402 3962
29 5004 6907
30 5862 7418
31 7026 4267
32 7381 5416
33 5968 18
34 4874 5297
35 628 3509
36 355 2474
37 2319 5313
38 262 2666
39 5699 3172
40 27 3260
41 2361 5037
42 6782 1683
43 2598 3037
44 5144 5561
45 2162 894
46 1217 5990
47 4448 4023
48 2449 1503
49 2774 2484
50 4596 2058
51 5525 6489
52 4928 3131
53 7392 3876
54 1669 4036
55 6506 7264
56 495 2730
57 3014 1290
58 6012 3773
59 2532 5822
60 1518 5770
DEMAND_SECTION
1 0.0
2 8.0
3 7.0
4 6.0
5 3.0
6 9.0
7 7.0
8 6.0
9 9.0
10 5.0
11 3.0
12 4.0
13 5.0
14 9.0
15 9.0
16 2.0
17 9.0
18 7.0
19 7.0
20 9.0
21 6.0
22 7.0
23 4.0
24 1.0
25 2.0
26 2.0
27 7.0
28 8.0
29 8.0
30 6.0
31 5.0
32 2.0
33 3.0
34 9.0
35 4.0
36 2.0
37 1.0
38 9.0
39 5.0
40 9.0
41 7.0
42 3.0
43 7.0
44 8.0
45 6.0
46 7.0
47 9.0
48 10.0
49 2.0
50 2.0
51 7.0
52 4.0
53 7.0
54 7.0
55 4.0
56 4.0
57 4.0
58 8.0
59 7.0
60 4.0
DEVIATION_SECTION
1 0.0
2 2.66667
3 2.33333
4 2.0
5 1.0
6 3.0
7 2.33333
8 2.0
9 3.0
10 1.66667
11 1.0
12 1.33333
13 1.66667
14 3.0
15 3.0
16 0.666667
17 3.0
18 2.33333
19 2.33333
20 3.0
21 2.0
22 2.33333
23 1.33333
24 0.333333
25 0.666667
26 0.666667
27 2.33333
28 2.66667
29 2.66667
30 2.0
31 1.66667
32 0.666667
33 1.0
34 3.0
35 1.33333
36 0.666667
37 0.333333
38 3.0
39 1.66667
40 3.0
41 2.33333
42 1.0
43 2.33333
44 2.66667
45 2.0
46 2.33333
47 3.0
48 3.33333
49 0.666667
50 0.666667
51 2.33333
52 1.33333
53 2.33333
54 2.33333
55 1.33333
56 1.33333
57 1.33333
58 2.66667
59 2.33333
60 1.33333
DISTANCE_MATRIX
0.0 59.1188 40.0155 36.7815 44.911 42.1267 39.0 53.0471 56.2993 34.7264 63.1269 49.6731 42.2168 38.3188 52.4504 24.6982 25.1966 31.7805 48.0521 45.3824 25.6113 41.9368 43.519 71.5072 14.0499 51.1041 19.4165 23.7697 50.2991 62.7196 45.5982 59.7288 51.9167 33.1367 45.5412 50.2054 36.4005 47.9706 23.4094 53.3667 33.8378 42.9557 18.0278 38.2101 48.4479 53.0 19.0499 38.1672 20.2572 21.128 51.7679 14.4222 48.4037 33.2415 66.5502 49.0408 35.0602 31.4044 40.2951 48.5489 
59.1188 0.0 90.3375 90.6221 79.404 24.5967 55.0 8.60233 21.9317 25.0799 48.4665 35.2278 36.7696 87.1799 37.241 54.3556 78.9737 52.9604 65.8559 14.1421 76.2488 101.872 51.7593 47.676 53.0689 96.0027 66.1598 59.3073 11.1803 14.0357 52.4976 43.4626 103.871 31.4018 78.2304 90.044 45.2217 88.2878 61.1848 86.267 47.1699 83.6337 69.2455 30.198 98.3053 52.2015 58.0689 91.6009 74.0718 80.044 20.0 70.129 59.0339 62.8056 22.0 87.3675 88.9008 54.5862 38.4187 50.3289 
40.0155 90.3375 0.0 15.2643 61.8266 68.845 62.9786 84.2659 68.5319 61.4447 89.3249 58.7689 72.2809 17.2627 64.6831 53.0189 10.2956 56.1412 70.2638 72.1007 40.7922 13.6015 46.6154 98.3299 40.74 11.3137 23.0868 47.172 81.5179 80.154 48.3322 64.195 23.6008 59.1917 63.1506 63.0079 62.5443 61.0 27.4591 69.3807 59.5976 26.9258 36.4005 60.9989 33.2415 78.0366 45.74 30.0666 30.5941 12.083 71.3322 27.4591 48.5489 55.0364 78.7772 63.0317 23.0 35.9026 67.3819 73.7143 
36.7815 90.6221 15.2643 0.0 51.264 74.5176 60.2211 94.5422 80.5828 66.2023 87.0025 70.8199 66.9846 31.9531 76.734 52.5408 24.7588 53.6303 64.3006 76.8583 33.3302 5.83095 59.6825 96.0109 51.0163 21.0 34.4384 44.482 91.7941 92.2049 61.5873 76.5218 32.5576 69.468 52.9245 50.4876 60.2253 48.6621 39.3573 57.9741 57.2781 42.0476 32.6513 73.0498 18.4391 75.562 56.0163 18.0278 26.4774 20.6155 83.3831 37.8025 62.6259 51.4916 90.8281 50.9902 12.8062 47.9178 65.063 71.2886 
44.911 79.404 61.8266 51.264 0.0 55.0201 25.2982 76.8388 85.2491 60.041 50.1597 84.8764 45.4618 78.3135 86.8033 43.1393 66.0076 26.6271 19.2354 66.9477 21.095 57.0088 85.6371 60.2993 51.0106 71.3569 64.3273 25.807 74.6989 87.4251 87.864 95.7183 83.5268 65.0021 2.23607 11.1803 34.4384 10.0 68.1542 8.544 32.249 86.0 27.1662 69.7249 37.2022 37.0135 56.0106 33.2415 31.257 56.0089 82.374 58.5235 92.6177 17.0294 94.0663 8.24621 39.3656 73.694 41.6293 35.1283 
42.1267 24.5967 68.845 74.5176 55.0201 0.0 31.1127 21.9317 26.6833 9.48683 34.2345 40.05 12.3693 75.7054 41.0571 29.97 62.5845 28.5748 42.638 12.0416 51.8633 78.7579 50.6952 38.6264 36.105 78.7205 53.015 34.9217 20.0 32.6497 52.3927 51.2927 88.8324 20.6155 53.86 65.6584 21.2132 63.9022 48.04 62.0081 22.8035 72.674 47.8877 21.0 73.9197 32.28 41.105 67.2153 55.7518 58.5515 23.7697 45.2579 58.9406 38.42 39.6611 62.9819 71.8813 44.2945 15.2643 29.1548 
39.0 55.0 62.9786 60.2211 25.2982 31.1127 0.0 53.0377 56.3286 36.4269 28.6356 67.0524 21.8477 77.105 68.3047 23.7697 63.9828 7.28011 12.083 43.1393 29.0689 64.6933 71.5681 38.6264 39.3553 74.0608 56.0892 15.8114 50.9902 63.7024 73.6817 78.4474 86.5332 45.8815 23.7697 36.4005 9.89949 34.9285 58.4421 31.3847 8.94427 81.6088 28.3196 48.53 51.0147 15.8114 44.3553 44.3103 36.2353 54.037 53.4535 48.5077 79.3095 11.4018 70.4344 33.5261 57.5848 61.0082 16.6433 12.083 
53.0471 8.60233 84.2659 94.5422 76.8388 21.9317 53.0377 0.0 13.4536 19.3132 51.1957 27.2947 33.0151 81.1083 29.0217 51.7888 72.9021 50.3936 64.5368 9.89949 70.5498 95.8 43.54 52.0096 46.9973 89.9311 60.0882 56.7405 3.0 10.8167 44.282 36.4005 97.7992 25.3301 75.6787 87.4772 43.1393 85.7209 55.1131 83.8273 44.5982 75.4145 63.1739 24.1264 91.3474 52.7731 51.9973 84.643 68.0002 73.9724 11.4018 64.0574 50.8246 60.2388 18.3848 84.8007 82.8292 46.367 37.0135 50.2494 
56.2993 21.9317 68.5319 80.5828 85.2491 26.6833 56.3286 13.4536 0.0 20.9093 60.0333 14.5602 35.3232 66.3643 15.8489 43.8142 58.9427 53.4974 68.281 17.1172 69.3758 81.8407 30.3671 62.514 50.2494 75.9718 46.1288 59.4516 11.6619 15.0333 31.1091 25.02 83.3948 26.9259 84.9028 93.8902 46.5886 91.7569 41.1538 93.5034 47.7271 62.2416 62.6517 25.7222 94.4986 58.9406 55.2494 84.0092 71.9778 60.013 3.0 50.0981 37.6517 68.8643 17.4642 91.8567 81.1109 33.1941 41.5242 55.6863 
34.7264 25.0799 61.4447 66.2023 60.041 9.48683 36.4269 19.3132 20.9093 0.0 43.566 31.4006 15.0 65.1094 32.4764 23.8702 55.1842 33.5958 48.3735 11.0 52.2016 72.9789 41.2311 48.1041 28.7047 71.3202 44.0893 39.9427 16.5529 28.986 42.9535 42.7551 81.4321 11.1803 58.8809 70.6794 26.8328 68.9231 39.1142 67.0295 27.8254 63.7482 44.8257 12.3693 72.9992 40.4475 33.7047 66.2948 49.652 51.1512 18.0343 37.8576 49.4773 43.441 35.1173 68.0029 64.481 34.9857 22.561 36.8782 
63.1269 48.4665 89.3249 87.0025 50.1597 34.2345 28.6356 51.1957 60.0333 43.566 0.0 74.027 34.8855 99.931 75.029 41.3717 86.8131 33.8378 31.0161 43.1856 57.6975 91.4746 84.7231 10.198 60.5009 100.414 77.3815 43.0116 50.636 61.4003 86.4928 85.0059 112.88 54.7449 48.0937 61.0328 26.8701 60.1332 79.8597 53.1507 29.7321 103.511 56.3028 55.1453 79.6498 13.3417 65.5009 72.9455 64.3506 82.7446 57.0351 69.6538 92.9624 39.9249 69.3758 58.0345 84.3662 77.1622 24.1868 16.5529 
49.6731 35.2278 58.7689 70.8199 84.8764 40.05 67.0524 27.2947 14.5602 31.4006 74.027 0.0 45.2217 55.5788 11.0 43.5502 49.163 61.1168 79.0048 31.5753 70.0071 71.534 17.4929 76.9415 43.6232 66.0076 36.3659 59.0762 26.0 24.2074 17.8045 11.4018 72.6911 21.1896 84.5991 93.086 57.5674 90.9065 31.3908 93.1933 58.4509 50.5964 62.2415 19.105 84.7356 71.8471 48.6232 83.3404 65.6579 50.25 17.4642 40.3351 24.0416 68.6003 21.1896 91.214 71.3479 23.0217 53.9351 68.2495 
42.2168 36.7696 72.2809 66.9846 45.4618 12.3693 21.8477 33.0151 35.3232 15.0 34.8855 45.2217 0.0 79.1414 46.4969 20.4117 66.0204 19.0165 33.8001 23.3238 42.305 71.2248 52.0096 42.0119 39.5409 82.1564 56.4215 25.3635 30.6105 43.2782 54.0 56.6127 92.7761 24.0416 44.3017 56.1002 12.3693 54.3439 45.6553 52.4503 13.2462 82.5515 38.3294 26.8328 64.3614 28.1603 44.5409 57.6571 46.1935 61.9874 32.4481 48.6938 60.075 28.8617 49.5177 53.4236 64.3483 43.0503 10.7703 24.0208 
38.3188 87.1799 17.2627 31.9531 78.3135 75.7054 77.105 81.1083 66.3643 65.1094 99.931 55.5788 79.1414 0.0 62.5155 59.8793 13.4164 69.8405 85.0843 73.5044 57.2189 28.6531 40.0125 108.432 47.6005 14.2127 25.0 61.5655 78.3602 77.9864 41.1096 58.0775 17.1172 56.0341 79.511 80.0999 73.6281 78.0577 26.8328 86.093 71.3229 10.6301 51.9711 59.6159 50.2892 90.5569 52.6005 47.2652 47.0956 23.4094 69.1646 32.5576 39.0512 69.9214 76.4853 80.0062 40.1123 33.2415 77.0494 86.0852 
52.4504 37.241 64.6831 76.734 86.8033 41.0571 68.3047 29.0217 15.8489 32.4764 75.029 11.0 46.4969 62.5155 0.0 45.3685 55.0939 65.4735 80.257 32.6833 72.6033 77.9919 26.5183 78.0069 46.4005 72.1229 42.28 61.0058 27.4709 27.4709 27.2603 22.2788 79.5459 22.5529 86.457 95.4444 58.811 93.3112 37.305 95.0576 59.7032 58.3927 64.8982 20.1421 90.6497 72.9104 51.4005 86.1097 68.3843 56.1642 18.6491 46.2492 33.8029 70.4185 26.0998 93.4109 77.262 29.3452 55.0306 69.3482 
24.6982 54.3556 53.0189 52.5408 43.1393 29.97 23.7697 51.7888 43.8142 23.8702 41.3717 43.5502 20.4117 59.8793 45.3685 0.0 46.7583 17.8885 35.7351 41.8977 33.5261 56.781 48.0937 49.7022 20.2788 62.8943 37.1594 18.0278 39.4704 51.8909 50.1597 54.6508 73.514 23.5673 42.5206 52.6308 16.0312 50.6063 39.8791 51.0882 15.1327 63.2895 27.2947 28.29 55.0789 32.7811 25.2788 48.3745 34.0 42.7253 40.9392 29.4318 56.0089 26.2488 58.0222 50.3289 49.9044 38.3275 18.4901 28.4443 
25.1966 78.9737 10.2956 24.7588 66.0076 62.5845 63.9828 72.9021 58.9427 55.1842 86.8131 49.163 66.0204 13.4164 55.0939 46.7583 0.0 56.7183 71.9427 65.2982 45.0111 23.8537 36.4005 95.3464 34.4795 17.2627 14.3178 48.4238 70.154 70.5648 38.0789 54.1202 26.9258 47.8279 67.0671 68.7383 60.5058 66.6108 18.0 74.027 58.2006 20.025 39.2046 51.4097 41.6773 77.4347 39.4795 36.6879 35.1283 10.198 61.743 20.5913 38.2753 56.7805 69.188 68.3593 29.4109 26.1725 63.9315 72.963 
31.7805 52.9604 56.1412 53.6303 26.6271 28.5748 7.28011 50.3936 53.4974 33.5958 33.8378 61.1168 19.0165 69.8405 65.4735 17.8885 56.7183 0.0 18.2483 40.5025 24.7386 58.1024 64.9384 43.4166 32.1603 67.2298 48.8365 9.21954 48.2537 60.9799 67.082 72.2174 79.6958 41.1339 25.6125 37.1214 9.0 35.3412 51.247 33.9706 6.08276 74.3303 22.4722 45.6988 46.8329 21.9317 37.1603 40.1285 30.5287 47.1995 50.6224 41.3038 72.5603 9.84886 67.621 34.4819 50.994 54.0833 16.1245 17.6918 
48.0521 65.8559 70.2638 64.3006 19.2354 42.638 12.083 64.5368 68.281 48.3735 31.0161 79.0048 33.8001 85.0843 80.257 35.7351 71.9427 18.2483 0.0 54.6717 31.8904 70.0841 83.1865 41.1096 50.0 80.9506 66.2722 24.3311 62.6259 75.2861 85.3288 90.3998 93.4773 57.8339 17.1172 30.0167 21.6333 29.1548 69.029 22.561 21.0238 91.0069 34.0 60.4824 52.6308 18.1108 55.0 46.365 41.0488 61.7492 65.3464 59.0339 90.7965 15.2315 82.201 27.0185 52.3482 72.2496 27.5862 17.088 
45.3824 14.1421 72.1007 76.8583 66.9477 12.0416 43.1393 9.89949 17.1172 11.0 43.1856 31.5753 23.3238 73.5044 32.6833 41.8977 65.2982 40.5025 54.6717 0.0 63.7909 83.6348 47.178 45.3982 39.3607 80.5824 52.4843 46.8494 8.06226 20.6155 48.7038 42.107 90.1954 17.7263 65.7877 77.5861 33.2415 75.8299 47.5093 73.9362 34.7131 72.1197 55.4817 16.5226 83.6551 43.4626 44.3607 76.9508 60.308 61.8072 14.1421 56.4536 55.3654 50.3477 27.7849 74.9096 75.137 42.5599 27.2029 40.7063 
25.6113 76.2488 40.7922 33.3302 21.095 51.8633 29.0689 70.5498 69.3758 52.2016 57.6975 70.0071 42.305 57.2189 72.6033 33.5261 45.0111 24.7386 31.8904 63.7909 0.0 39.1137 69.0402 67.624 34.4138 50.9902 44.9863 17.0 67.8018 80.2223 71.0851 80.0928 63.5083 51.8652 22.3607 24.6982 33.541 22.4722 49.0183 29.0172 30.4138 65.0308 7.81025 56.6214 22.099 44.7772 39.4138 15.3946 10.198 35.1283 69.2705 39.8246 73.9882 18.0278 86.3536 23.7697 21.3778 56.8913 40.1995 41.1461 
41.9368 101.872 13.6015 5.83095 57.0088 78.7579 64.6933 95.8 81.8407 72.9789 91.4746 71.534 71.2248 28.6531 77.9919 56.781 23.8537 58.1024 70.0841 83.6348 39.1137 0.0 59.9333 100.483 52.2742 16.2788 35.4401 48.9541 93.052 93.4628 61.7171 77.2528 27.1662 70.7258 58.6941 55.9017 64.6975 54.1295 40.1622 63.6003 61.7502 39.1152 37.1234 74.3077 23.0217 80.0342 57.2742 23.7697 30.9495 22.2036 84.641 39.0604 62.1289 55.9638 92.086 56.5155 18.6011 48.7038 69.5351 75.7607 
43.519 51.7593 46.6154 59.6825 85.6371 50.6952 71.5681 43.54 30.3671 41.2311 84.7231 17.4929 52.0096 40.0125 26.5183 48.0937 36.4005 64.9384 83.1865 47.178 69.0402 59.9333 0.0 89.1852 42.6264 51.9711 25.6125 60.7289 41.9892 41.6173 2.23607 18.1108 57.0088 30.0832 85.7963 92.7097 64.0312 90.4916 20.6155 94.1692 63.1981 33.7343 61.2538 30.8707 73.9171 80.0999 47.6264 67.7968 63.7493 39.4081 33.1674 29.6194 8.24621 70.8802 38.4838 91.105 60.5294 12.8062 62.2013 76.0263 
71.5072 47.676 98.3299 96.0109 60.2993 38.6264 38.6264 52.0096 62.514 48.1041 10.198 76.9415 42.0119 108.432 78.0069 49.7022 95.3464 43.4166 41.1096 45.3982 67.624 100.483 89.1852 0.0 68.8313 109.418 85.7119 52.4786 52.0384 61.4003 90.802 87.4643 122.067 59.1354 58.2151 71.1126 35.805 70.2567 85.9618 63.0317 38.833 110.596 65.8635 58.7058 89.6154 23.5372 73.8313 82.9111 73.9256 91.2778 59.5399 77.9843 97.4166 49.98 69.4622 68.1175 93.3746 82.7647 31.8277 26.5707 
14.0499 53.0689 40.74 51.0163 51.0106 36.105 39.3553 46.9973 50.2494 28.7047 60.5009 43.6232 39.5409 47.6005 46.4005 20.2788 34.4795 32.1603 50.0 39.3607 34.4138 52.2742 42.6264 68.8313 0.0 50.6155 24.8806 26.3607 44.2492 56.6697 44.8534 53.679 61.2352 27.0868 51.1699 58.0833 34.4631 55.8652 27.0868 59.5428 32.4605 51.0106 26.6274 32.1603 58.2254 51.5395 5.0 47.7172 30.0347 30.4465 45.718 17.1529 49.607 36.5576 60.5003 56.4786 44.8377 30.6833 37.6192 47.0813 
51.1041 96.0027 11.3137 21.0 71.3569 78.7205 74.0608 89.9311 75.9718 71.3202 100.414 66.0076 82.1564 14.2127 72.1229 62.8943 17.2627 67.2298 80.9506 80.5824 50.9902 16.2788 51.9711 109.418 50.6155 0.0 31.5753 58.2495 87.183 87.5938 53.3667 70.0357 12.53 64.8569 72.9683 71.3442 73.6329 69.4622 35.1283 78.4474 70.6862 24.7588 46.9574 68.4387 39.2046 89.1252 55.6155 38.4708 40.7922 23.0217 78.772 37.3363 52.2015 65.7647 86.209 71.7008 32.0156 43.0 78.4705 84.8029 
19.4165 66.1598 23.0868 34.4384 64.3273 53.015 56.0892 60.0882 46.1288 44.0893 77.3815 36.3659 56.4215 25.0 42.28 37.1594 14.3178 48.8365 66.2722 52.4843 44.9863 35.4401 25.6125 85.7119 24.8806 31.5753 0.0 42.0476 57.3401 57.7509 27.6586 42.1396 40.7185 35.014 64.9384 69.5803 51.3437 67.3455 5.0 72.7805 49.3411 26.4197 37.4057 38.5958 48.3787 68.4201 29.8806 42.2584 37.7944 13.8932 48.9291 8.06226 30.0 52.0 56.3741 68.4218 34.991 13.5357 54.4999 63.9619 
23.7697 59.3073 47.172 44.482 25.807 34.9217 15.8114 56.7405 59.4516 39.9427 43.0116 59.0762 25.3635 61.5655 61.0058 18.0278 48.4238 9.21954 24.3311 46.8494 17.0 48.9541 60.7289 52.4786 26.3607 58.2495 42.0476 0.0 54.6006 67.5282 62.9365 69.9714 70.7248 39.2046 25.5539 34.7131 17.088 32.6497 45.0444 34.1321 13.9284 66.7083 13.4164 43.9274 39.0227 31.1127 31.3607 32.3183 21.4709 38.2304 56.5765 35.0571 67.9117 10.198 73.6595 32.5269 41.8457 49.0306 23.3452 26.9072 
50.2991 11.1803 81.5179 91.7941 74.6989 20.0 50.9902 3.0 11.6619 16.5529 50.636 26.0 30.6105 78.3602 27.4709 39.4704 70.154 48.2537 62.6259 8.06226 67.8018 93.052 41.9892 52.0384 44.2492 87.183 57.3401 54.6006 0.0 12.7279 42.7312 35.6931 95.0512 22.5821 73.5388 85.3373 41.1096 83.5811 52.3651 81.6874 42.4833 76.9755 60.4258 21.3784 88.5993 51.4782 49.2492 81.895 65.2522 71.2243 9.21954 61.3094 49.2738 58.0989 19.7231 82.6608 80.0812 47.4157 35.2278 48.7647 
62.7196 14.0357 80.154 92.2049 87.4251 32.6497 63.7024 10.8167 15.0333 28.986 61.4003 24.2074 43.2782 77.9864 27.4709 51.8909 70.5648 60.9799 75.2861 20.6155 80.2223 93.4628 41.6173 61.4003 56.6697 87.5938 57.7509 67.5282 12.7279 0.0 42.0119 30.5287 95.0168 35.0026 86.2651 98.0635 53.8145 96.3073 52.7759 94.4136 55.2096 73.8637 72.8464 33.7989 101.02 63.5295 61.6697 94.3155 76.5537 71.6351 15.1327 61.7201 48.1664 70.8251 8.06226 95.387 91.6006 44.8161 47.8017 61.0574 
45.5982 52.4976 48.3322 61.5873 87.864 52.3927 73.6817 44.282 31.1091 42.9535 86.4928 17.8045 54.0 41.1096 27.2603 50.1597 38.0789 67.082 85.3288 48.7038 71.0851 61.7171 2.23607 90.802 44.8534 53.3667 27.6586 62.9365 42.7312 42.0119 0.0 17.0 58.0086 31.7805 88.0227 94.9367 66.0704 92.7186 22.6716 96.3962 65.2763 34.3657 63.4808 32.311 75.9255 82.0549 49.8534 69.8052 65.8284 41.4005 33.9094 31.6986 6.7082 73.0821 38.4708 93.332 62.5378 15.0 64.1249 78.0064 
59.7288 43.4626 64.195 76.5218 95.7183 51.2927 78.4474 36.4005 25.02 42.7551 85.0059 11.4018 56.6127 58.0775 22.2788 54.6508 54.1202 72.2174 90.3998 42.107 80.0928 77.2528 18.1108 87.4643 53.679 70.0357 42.1396 69.9714 35.6931 30.5287 17.0 0.0 75.0067 32.573 95.5249 103.6 68.9638 101.4 37.1646 104.101 69.846 51.2445 72.3064 30.421 90.5093 83.1892 58.679 93.3961 75.7136 56.0238 28.0179 46.1088 20.8806 79.6492 24.7588 101.833 77.1216 28.6356 65.307 79.6241 
51.9167 103.871 23.6008 32.5576 83.5268 88.8324 86.5332 97.7992 83.3948 81.4321 112.88 72.6911 92.7761 17.1172 79.5459 73.514 26.9258 79.6958 93.4773 90.1954 63.5083 27.1662 57.0088 122.067 61.2352 12.53 40.7185 70.7248 95.0512 95.0168 58.0086 75.0067 0.0 72.725 85.1382 83.0241 86.0989 81.2158 43.3244 90.471 83.1522 24.7386 59.4811 76.3069 50.04 101.591 65.7274 50.448 53.3102 34.6554 86.6401 47.5079 55.4437 78.2943 93.5575 83.5464 44.2719 50.2195 90.6517 97.2689 
33.1367 31.4018 59.1917 69.468 65.0021 20.6155 45.8815 25.3301 26.9259 11.1803 54.7449 21.1896 24.0416 56.0341 22.5529 23.5673 47.8279 41.1339 57.8339 17.7263 51.8652 70.7258 30.0832 59.1354 27.0868 64.8569 35.014 39.2046 22.5821 35.0026 31.7805 32.573 72.725 0.0 64.6559 73.6432 36.4005 71.51 30.0389 73.2564 37.28 54.5619 44.4185 5.09902 72.5698 51.1566 32.0868 65.8654 48.8467 48.8982 24.0509 38.9832 38.3275 48.6173 41.1339 71.6097 63.6523 24.8395 33.1361 47.3814 
45.5412 78.2304 63.1506 52.9245 2.23607 53.86 23.7697 75.6787 84.9028 58.8809 48.0937 84.5991 44.3017 79.511 86.457 42.5206 67.0671 25.6125 17.1172 65.7877 22.3607 58.6941 85.7963 58.2151 51.1699 72.9683 64.9384 25.5539 73.5388 86.2651 88.0227 95.5249 85.1382 64.6559 0.0 13.0384 33.121 12.0416 68.6586 8.60233 31.0644 87.023 28.0179 69.3786 39.2046 35.0 56.1699 34.9285 32.5576 57.0088 75.9076 58.9406 92.7769 16.2788 92.9062 10.0499 40.977 73.8532 40.2492 33.2415 
50.2054 90.044 63.0079 50.4876 11.1803 65.6584 36.4005 87.4772 93.8902 70.6794 61.0328 93.086 56.1002 80.0999 95.4444 52.6308 68.7383 37.1214 30.0167 77.5861 24.6982 55.9017 92.7097 71.1126 58.0833 71.3442 69.5803 34.7131 85.3373 98.0635 94.9367 103.6 83.0241 73.6432 13.0384 0.0 45.31 2.23607 73.6123 10.0 42.9535 88.7127 32.2025 78.366 33.8378 48.0104 63.0833 33.0151 33.7343 59.2284 91.0151 64.405 98.5634 27.2947 108.098 3.0 40.0125 81.5642 52.5547 46.2709 
36.4005 45.2217 62.5443 60.2253 34.4384 21.2132 9.89949 43.1393 46.5886 26.8328 26.8701 57.5674 12.3693 73.6281 58.811 16.0312 60.5058 9.0 21.6333 33.2415 33.541 64.6975 64.0312 35.805 34.4631 73.6329 51.3437 17.088 41.1096 53.8145 66.0704 68.9638 86.0989 36.4005 33.121 45.31 0.0 43.6578 55.6027 41.0488 3.16228 77.4726 30.4631 39.0 55.6394 17.088 39.4631 48.935 38.4838 56.4373 43.7136 43.616 72.0 18.4391 60.6053 42.5441 57.589 54.3323 7.28011 12.6491 
47.9706 88.2878 61.0 48.6621 10.0 63.9022 34.9285 85.7209 91.7569 68.9231 60.1332 90.9065 54.3439 78.0577 93.3112 50.6063 66.6108 35.3412 29.1548 75.8299 22.4722 54.1295 90.4916 70.2567 55.8652 69.4622 67.3455 32.6497 83.5811 96.3073 92.7186 101.4 81.2158 71.51 12.0416 2.23607 43.6578 0.0 71.3775 10.6301 41.2311 86.5853 29.9666 76.2328 32.311 47.0106 60.8652 31.0644 31.5753 57.0701 88.8819 62.1691 96.3307 25.4951 105.965 2.82843 38.0 79.3314 50.9215 45.0999 
23.4094 61.1848 27.4591 39.3573 68.1542 48.04 58.4421 55.1131 41.1538 39.1142 79.8597 31.3908 45.6553 26.8328 37.305 39.8791 18.0 51.247 69.029 47.5093 49.0183 40.1622 20.6155 85.9618 27.0868 35.1283 5.0 45.0444 52.3651 52.7759 22.6716 37.1646 43.3244 30.0389 68.6586 73.6123 55.6027 71.3775 0.0 76.6551 54.0241 26.2488 41.4367 33.6208 53.3549 72.5781 32.0868 47.2346 43.6641 18.868 43.9541 10.0 25.2389 55.1453 51.3991 72.4538 39.9672 8.56062 56.2141 68.2058 
53.3667 86.267 69.3807 57.9741 8.544 62.0081 31.3847 83.8273 93.5034 67.0295 53.1507 93.1933 52.4503 86.093 95.0576 51.0882 74.027 33.9706 22.561 73.9362 29.0172 63.6003 94.1692 63.0317 59.5428 78.4474 72.7805 34.1321 81.6874 94.4136 96.3962 104.101 90.471 73.2564 8.60233 10.0 41.0488 10.6301 76.6551 0.0 39.2046 94.0479 35.5106 77.9792 42.4853 40.6079 64.5428 40.025 39.0128 64.1249 84.0561 67.0522 101.15 24.8395 101.055 7.81025 46.5296 82.2261 48.0208 39.5601 
33.8378 47.1699 59.5976 57.2781 32.249 22.8035 8.94427 44.5982 47.7271 27.8254 29.7321 58.4509 13.2462 71.3229 59.7032 15.1327 58.2006 6.08276 21.0238 34.7131 30.4138 61.7502 63.1981 38.833 32.4605 70.6862 49.3411 13.9284 42.4833 55.2096 65.2763 69.846 83.1522 37.28 31.0644 42.9535 3.16228 41.2311 54.0241 39.2046 0.0 75.3923 27.313 39.9285 52.5106 19.2354 37.4605 45.8062 35.3412 54.1321 44.8521 41.6134 71.0634 15.8114 61.8507 40.2492 54.6417 53.0848 10.0499 14.7648 
42.9557 83.6337 26.9258 42.0476 86.0 72.674 81.6088 75.4145 62.2416 63.7482 103.511 50.5964 82.5515 10.6301 58.3927 63.2895 20.025 74.3303 91.0069 72.1197 65.0308 39.1152 33.7343 110.596 51.0106 24.7588 26.4197 66.7083 76.9755 73.8637 34.3657 51.2445 24.7386 54.5619 87.023 88.7127 77.4726 86.5853 26.2488 94.0479 75.3923 0.0 59.0762 57.8014 60.1664 94.541 56.0106 56.2939 55.1453 30.0167 65.0419 34.4819 31.0161 76.1664 71.7844 88.3629 49.0306 30.2324 80.6299 90.0777 
18.0278 69.2455 36.4005 32.6513 27.1662 47.8877 28.3196 63.1739 62.6517 44.8257 56.3028 62.2415 38.3294 51.9711 64.8982 27.2947 39.2046 22.4722 34.0 55.4817 7.81025 37.1234 61.2538 65.8635 26.6274 46.9574 37.4057 13.4164 60.4258 72.8464 63.4808 72.3064 59.4811 44.4185 28.0179 32.2025 30.4631 29.9666 41.4367 35.5106 27.313 59.0762 0.0 49.2443 28.1803 44.0454 31.6274 21.476 8.06226 29.0689 61.8946 32.2025 66.4051 18.868 76.8596 31.0161 30.0149 49.4059 36.4005 40.0 
38.2101 30.198 60.9989 73.0498 69.7249 21.0 48.53 24.1264 25.7222 12.3693 55.1453 19.105 26.8328 59.6159 20.1421 28.29 51.4097 45.6988 60.4824 16.5226 56.6214 74.3077 30.8707 58.7058 32.1603 68.4387 38.5958 43.9274 21.3784 33.7989 32.311 30.421 76.3069 5.09902 69.3786 78.366 39.0 76.2328 33.6208 77.9792 39.9285 57.8014 49.2443 0.0 77.4152 52.7731 37.1603 70.7109 53.8516 52.48 22.8471 42.565 39.0 53.3401 39.9302 76.3325 68.6547 27.6586 34.9285 49.2443 
48.4479 98.3053 33.2415 18.4391 37.2022 73.9197 51.0147 91.3474 94.4986 72.9992 79.6498 84.7356 64.3614 50.2892 90.6497 55.0789 41.6773 46.8329 52.6308 83.6551 22.099 23.0217 73.9171 89.6154 58.2254 39.2046 48.3787 39.0227 88.5993 101.02 75.9255 90.5093 50.04 72.5698 39.2046 33.8378 55.6394 32.311 53.3549 42.4853 52.5106 60.1664 28.1803 77.4152 0.0 66.6488 69.932 10.0499 26.4868 34.7131 90.0681 51.7182 77.8332 39.8246 104.744 34.9285 14.4222 61.9054 62.2769 63.0977 
53.0 52.2015 78.0366 75.562 37.0135 32.28 15.8114 52.7731 58.9406 40.4475 13.3417 71.8471 28.1603 90.5569 72.9104 32.7811 77.4347 21.9317 18.1108 43.4626 44.7772 80.0342 80.0999 23.5372 51.5395 89.1252 68.4201 31.1127 51.4782 63.5295 82.0549 83.1892 101.591 51.1566 35.0 48.0104 17.088 47.0106 72.5781 40.6079 19.2354 94.541 44.0454 52.7731 66.6488 0.0 56.5395 59.9444 52.0096 73.3661 56.0446 60.6924 88.2043 26.8328 71.1126 45.0111 72.9257 71.1032 18.0278 4.47214 
19.0499 58.0689 45.74 56.0163 56.0106 41.105 44.3553 51.9973 55.2494 33.7047 65.5009 48.6232 44.5409 52.6005 51.4005 25.2788 39.4795 37.1603 55.0 44.3607 39.4138 57.2742 47.6264 73.8313 5.0 55.6155 29.8806 31.3607 49.2492 61.6697 49.8534 58.679 65.7274 32.0868 56.1699 63.0833 39.4631 60.8652 32.0868 64.5428 37.4605 56.0106 31.6274 37.1603 69.932 56.5395 0.0 52.9447 35.0347 35.4465 50.718 22.1529 54.607 41.5576 65.5003 61.4786 56.5443 35.6833 42.6192 52.0813 
38.1672 91.6009 30.0666 18.0278 33.2415 67.2153 44.3103 84.643 84.0092 66.2948 72.9455 83.3404 57.6571 47.2652 86.1097 48.3745 36.6879 40.1285 46.365 76.9508 15.3946 23.7697 67.7968 82.9111 47.7172 38.4708 42.2584 32.3183 81.895 94.3155 69.8052 93.3961 50.448 65.8654 34.9285 33.0151 48.935 31.0644 47.2346 40.025 45.8062 56.2939 21.476 70.7109 10.0499 59.9444 52.9447 0.0 19.7825 28.6176 83.3637 45.5979 71.7131 33.1211 98.2171 33.2415 7.28011 55.7851 55.5726 56.3934 
20.2572 74.0718 30.5941 26.4774 31.257 55.7518 36.2353 68.0002 71.9778 49.652 64.3506 65.6579 46.1935 47.0956 68.3843 34.0 35.1283 30.5287 41.0488 60.308 10.198 30.9495 63.7493 73.9256 30.0347 40.7922 37.7944 21.4709 65.2522 76.5537 65.8284 75.7136 53.3102 48.8467 32.5576 33.7343 38.4838 31.5753 43.6641 39.0128 35.3412 55.1453 8.06226 53.8516 26.4868 52.0096 35.0347 19.7825 0.0 25.4951 65.6019 34.4769 68.634 26.2488 82.2286 33.2415 23.8411 51.6347 44.2719 48.0104 
21.128 80.044 12.083 20.6155 56.0089 58.5515 54.037 73.9724 60.013 51.1512 82.7446 50.25 61.9874 23.4094 56.1642 42.7253 10.198 47.1995 61.7492 61.8072 35.1283 22.2036 39.4081 91.2778 30.4465 23.0217 13.8932 38.2304 71.2243 71.6351 41.4005 56.0238 34.6554 48.8982 57.0088 59.2284 56.4373 57.0701 18.868 64.1249 54.1321 30.0167 29.0689 52.48 34.7131 73.3661 35.4465 28.6176 25.4951 0.0 62.8133 17.2327 43.1393 46.587 70.2583 58.6941 21.3503 27.4198 59.8629 68.8944 
51.7679 20.0 71.3322 83.3831 82.374 23.7697 53.4535 11.4018 3.0 18.0343 57.0351 17.4642 32.4481 69.1646 18.6491 40.9392 61.743 50.6224 65.3464 14.1421 69.2705 84.641 33.1674 59.5399 45.718 78.772 48.9291 56.5765 9.21954 15.1327 33.9094 28.0179 86.6401 24.0509 75.9076 91.0151 43.7136 88.8819 43.9541 84.0561 44.8521 65.0419 61.8946 22.8471 90.0681 56.0446 50.718 83.3637 65.6019 62.8133 0.0 52.8983 40.452 60.4676 18.868 88.9816 80.6489 35.9943 38.6491 52.811 
14.4222 70.129 27.4591 37.8025 58.5235 45.2579 48.5077 64.0574 50.0981 37.8576 69.6538 40.3351 48.6938 32.5576 46.2492 29.4318 20.5913 41.3038 59.0339 56.4536 39.8246 39.0604 29.6194 77.9843 17.1529 37.3363 8.06226 35.0571 61.3094 61.7201 31.6986 46.1088 47.5079 38.9832 58.9406 64.405 43.616 62.1691 10.0 67.0522 41.6134 34.4819 32.2025 42.565 51.7182 60.6924 22.1529 45.5979 34.4769 17.2327 52.8983 0.0 34.5041 45.1774 60.3433 63.1585 38.3305 17.5049 46.7722 56.2343 
48.4037 59.0339 48.5489 62.6259 92.6177 58.9406 79.3095 50.8246 37.6517 49.4773 92.9624 24.0416 60.075 39.0512 33.8029 56.0089 38.2753 72.5603 90.7965 55.3654 73.9882 62.1289 8.24621 97.4166 49.607 52.2015 30.0 67.9117 49.2738 48.1664 6.7082 20.8806 55.4437 38.3275 92.7769 98.5634 72.0 96.3307 25.2389 101.15 71.0634 31.0161 66.4051 39.0 77.8332 88.2043 54.607 71.7131 68.634 43.1393 40.452 34.5041 0.0 78.1025 44.1022 97.4183 64.4457 18.9737 70.3491 84.0952 
33.2415 62.8056 55.0364 51.4916 17.0294 38.42 11.4018 60.2388 68.8643 43.441 39.9249 68.6003 28.8617 69.9214 70.4185 26.2488 56.7805 9.84886 15.2315 50.3477 18.0278 55.9638 70.8802 49.98 36.5576 65.7647 52.0 10.198 58.0989 70.8251 73.0821 79.6492 78.2943 48.6173 16.2788 27.2947 18.4391 25.4951 55.1453 24.8395 15.8114 76.1664 18.868 53.3401 39.8246 26.8328 41.5576 33.1211 26.2488 46.587 60.4676 45.1774 78.1025 0.0 77.4662 24.6982 48.8553 59.2284 25.7099 23.4094 
66.5502 22.0 78.7772 90.8281 94.0663 39.6611 70.4344 18.3848 17.4642 35.1173 69.3758 21.1896 49.5177 76.4853 26.0998 58.0222 69.188 67.621 82.201 27.7849 86.3536 92.086 38.4838 69.4622 60.5003 86.209 56.3741 73.6595 19.7231 8.06226 38.4708 24.7588 93.5575 41.1339 92.9062 108.098 60.6053 105.965 51.3991 101.055 61.8507 71.7844 76.8596 39.9302 104.744 71.1126 65.5003 98.2171 82.2286 70.2583 18.868 60.3433 44.1022 77.4662 0.0 106.065 91.3561 43.4166 54.9181 68.4763 
49.0408 87.3675 63.0317 50.9902 8.24621 62.9819 33.5261 84.8007 91.8567 68.0029 58.0345 91.214 53.4236 80.0062 93.4109 50.3289 68.3593 34.4819 27.0185 74.9096 23.7697 56.5155 91.105 68.1175 56.4786 71.7008 68.4218 32.5269 82.6608 95.387 93.332 101.833 83.5464 71.6097 10.0499 3.0 42.5441 2.82843 72.4538 7.81025 40.2492 88.3629 31.0161 76.3325 34.9285 45.0111 61.4786 33.2415 33.2415 58.6941 88.9816 63.1585 97.4183 24.6982 106.065 0.0 40.05 80.4191 49.7695 43.2897 
35.0602 88.9008 23.0 12.8062 39.3656 71.8813 57.5848 82.8292 81.1109 64.481 84.3662 71.3479 64.3483 40.1123 77.262 49.9044 29.4109 50.994 52.3482 75.137 21.3778 18.6011 60.5294 93.3746 44.8377 32.0156 34.991 41.8457 80.0812 91.6006 62.5378 77.1216 44.2719 63.6523 40.977 40.0125 57.589 38.0 39.9672 46.5296 54.6417 49.0306 30.0149 68.6547 14.4222 72.9257 56.5443 7.28011 23.8411 21.3503 80.6489 38.3305 64.4457 48.8553 91.3561 40.05 0.0 48.5177 62.4266 68.6522 
31.4044 54.5862 35.9026 47.9178 73.694 44.2945 61.0082 46.367 33.1941 34.9857 77.1622 23.0217 43.0503 33.2415 29.3452 38.3275 26.1725 54.0833 72.2496 42.5599 56.8913 48.7038 12.8062 82.7647 30.6833 43.0 13.5357 49.0306 47.4157 44.8161 15.0 28.6356 50.2195 24.8395 73.8532 81.5642 54.3323 79.3314 8.56062 82.2261 53.0848 30.2324 49.4059 27.6586 61.9054 71.1032 35.6833 55.7851 51.6347 27.4198 35.9943 17.5049 18.9737 59.2284 43.4166 80.4191 48.5177 0.0 53.6092 66.7664 
40.2951 38.4187 67.3819 65.063 41.6293 15.2643 16.6433 37.0135 41.5242 22.561 24.1868 53.9351 10.7703 77.0494 55.0306 18.4901 63.9315 16.1245 27.5862 27.2029 40.1995 69.5351 62.2013 31.8277 37.6192 78.4705 54.4999 23.3452 35.2278 47.8017 64.1249 65.307 90.6517 33.1361 40.2492 52.5547 7.28011 50.9215 56.2141 48.0208 10.0499 80.6299 36.4005 34.9285 62.2769 18.0278 42.6192 55.5726 44.2719 59.8629 38.6491 46.7722 70.3491 25.7099 54.9181 49.7695 62.4266 53.6092 0.0 14.3178 
48.5489 50.3289 73.7143 71.2886 35.1283 29.1548 12.083 50.2494 55.6863 36.8782 16.5529 68.2495 24.0208 86.0852 69.3482 28.4443 72.963 17.6918 17.088 40.7063 41.1461 75.7607 76.0263 26.5707 47.0813 84.8029 63.9619 26.9072 48.7647 61.0574 78.0064 79.6241 97.2689 47.3814 33.2415 46.2709 12.6491 45.0999 68.2058 39.5601 14.7648 90.0777 40.0 49.2443 63.0977 4.47214 52.0813 56.3934 48.0104 68.8944 52.811 56.2343 84.0952 23.4094 68.4763 43.2897 68.6522 66.7664 14.3178 0.0 
DEMAND_SCENARIO_SECTION
0 0 0 0 0 0 0 0 0 0 0 0 0 0 0 0 0 0 0 0 0 0 0 0 0 0 0 0 0 0 0 0 0 0 0 0 0 0 0 0 0 0 0 0 0 0 0 0 0 0 0 0 0 0 0 0 0 0 0 0 0 0 0 0 0 0 0 0 0 0 0 0 0 0 0 0 0 0 0 0 0 0 0 0 0 0 0 0 0 0 0 0 0 0 0 0 0 0 0 0 0 0 0 0 0 0 0 0 0 0 0 0 0 0 0 0 0 0 0 0 0 0 0 0 0 0 0 0 0 0 0 0 0 0 0 0 0 0 0 0 0 0 0 0 0 0 0 0 0 0 0 0 0 0 0 0 0 0 0 0 0 0 0 0 0 0 0 0 0 0 0 0 0 0 0 0 0 0 0 0 0 0 0 0 0 0 0 0 0 0 0 0 0 0 0 0 0 0 0 0 
8 6 9 12 8 10 11 9 5 8 9 4 9 8 11 6 9 12 8 9 14 7 11 6 3 10 9 3 9 7 3 9 6 9 10 3 10 4 6 11 10 9 8 11 11 10 9 9 9 9 10 10 12 6 16 10 6 8 9 7 4 2 6 10 8 9 4 10 8 5 5 8 10 9 6 4 9 5 10 5 8 11 13 6 7 8 6 4 6 6 12 5 10 6 7 9 8 10 10 11 7 7 11 7 5 9 3 9 10 7 7 10 9 5 9 6 9 8 11 10 14 9 5 10 7 16 13 8 7 4 6 6 8 9 7 6 8 8 6 10 13 7 6 8 5 9 10 13 5 6 8 3 7 6 6 8 10 11 7 9 7 7 10 10 8 3 9 11 2 9 9 9 10 8 4 7 5 11 9 5 12 11 10 8 6 12 4 11 7 12 7 9 12 11 5 12 10 4 9 10 
6 8 6 2 11 8 7 7 9 4 7 9 10 12 4 6 8 7 4 7 5 7 5 9 9 11 6 6 5 7 10 4 4 4 10 8 10 5 5 5 7 9 0 9 4 9 6 8 5 8 6 11 9 9 9 6 11 5 3 10 7 6 5 11 6 6 8 10 9 9 10 4 5 4 8 4 10 12 3 2 4 13 5 5 5 6 9 9 6 11 8 7 4 5 8 3 9 5 7 8 5 7 8 4 10 7 3 10 10 7 13 5 9 3 9 5 7 1 4 11 5 7 4 9 6 7 7 0 6 10 4 10 5 4 7 7 8 9 7 3 9 7 9 6 8 10 6 4 5 7 6 11 7 10 4 4 3 9 7 8 8 9 13 7 7 11 9 6 2 5 4 3 6 11 6 10 13 6 4 7 9 8 9 7 8 8 8 6 8 5 6 9 8 8 9 8 7 5 9 8 
7 6 10 5 7 5 6 5 7 7 8 9 4 7 5 4 7 5 5 5 7 4 4 6 8 9 9 8 5 3 5 8 6 1 6 7 4 6 6 4 6 4 8 6 4 8 8 5 3 4 6 5 10 9 6 7 4 10 6 5 6 4 5 5 9 4 9 5 8 7 4 9 8 9 6 5 8 9 8 10 4 6 3 5 6 4 9 6 10 11 4 7 9 8 9 5 7 10 9 4 7 3 3 9 2 6 4 5 7 8 5 8 5 7 5 6 4 5 4 5 6 0 3 2 7 5 9 2 5 2 4 7 1 4 8 4 10 8 4 4 8 10 7 5 5 5 2 3 4 4 6 5 7 8 7 4 8 6 7 8 5 7 8 6 5 7 6 7 7 3 4 3 6 5 4 4 5 4 8 6 8 5 6 4 2 3 6 1 6 4 5 10 9 3 11 2 7 4 7 8 
2 2 3 2 2 4 1 3 1 4 5 4 3 5 4 4 3 4 3 3 3 3 2 4 2 4 2 4 3 3 3 2 3 3 4 3 4 6 4 4 2 4 6 3 2 2 4 4 2 2 2 4 4 1 2 4 4 3 2 4 4 4 3 2 3 3 3 3 3 3 3 4 2 1 3 2 3 5 4 3 4 3 3 2 3 4 6 3 2 3 4 2 5 2 3 3 4 4 2 3 5 3 2 3 2 4 3 3 4 4 4 4 3 5 2 2 3 2 3 5 1 4 2 2 4 2 4 3 3 4 2 3 3 2 4 4 2 2 2 4 2 2 3 2 3 2 4 1 3 3 2 3 4 3 3 4 4 4 2 2 4 3 3 3 3 3 5 3 1 2 3 3 3 3 4 4 4 2 4 3 3 4 4 4 2 2 2 3 3 4 3 4 3 4 2 2 2 2 3 3 
1 13 13 10 14 10 1 10 8 11 9 8 11 7 10 11 6 13 6 9 8 9 7 6 8 14 17 11 17 6 7 7 9 11 11 5 3 8 7 8 9 12 9 7 11 10 13 13 5 3 7 7 5 11 12 6 8 5 8 9 14 12 12 12 13 10 10 6 6 9 8 13 13 16 13 12 13 9 6 12 6 13 10 11 10 2 13 9 16 10 9 13 15 7 8 11 10 11 15 11 13 8 5 11 15 5 15 11 10 9 7 6 6 9 16 6 12 8 9 9 22 5 8 6 5 9 5 13 4 5 12 9 13 12 11 8 11 8 13 6 8 11 6 8 11 12 10 10 13 10 4 9 9 9 9 6 10 8 10 9 9 13 6 8 10 15 9 8 9 6 6 7 11 7 10 10 9 4 7 11 8 15 10 6 9 7 11 7 8 5 8 11 9 10 10 8 10 15 9 7 
7 8 5 4 10 6 6 6 6 3 7 7 6 5 5 3 6 7 8 10 10 6 6 8 10 8 6 7 9 4 10 6 5 5 10 4 4 12 8 6 7 8 8 8 7 5 9 9 6 6 11 8 9 8 6 6 8 6 7 8 9 9 6 5 9 10 7 2 5 7 8 6 6 9 7 5 4 6 9 8 3 6 11 10 7 9 3 2 7 5 5 6 6 9 9 7 7 1 6 5 10 10 4 4 10 8 7 4 10 6 8 6 7 6 7 6 11 5 6 6 10 5 7 8 9 10 8 4 7 9 9 4 3 10 10 6 8 7 8 8 4 11 3 7 7 5 8 10 6 6 4 7 6 6 9 6 8 6 6 2 7 7 5 6 5 6 9 13 4 7 4 6 6 9 6 10 6 10 10 7 5 6 6 6 9 3 8 6 7 7 9 6 6 5 6 5 6 7 6 6 
9 6 7 4 5 6 7 4 4 9 4 8 6 7 5 6 4 10 6 8 12 10 4 8 6 4 7 9 8 3 7 8 3 5 6 7 7 7 5 6 5 6 4 8 6 5 6 4 12 5 5 7 6 7 6 12 6 6 7 7 4 6 8 11 2 10 9 6 8 3 8 8 8 4 5 10 5 5 5 4 5 5 8 6 9 4 6 6 7 4 3 4 3 5 4 5 3 7 7 7 7 4 4 6 8 4 1 7 3 8 2 5 5 3 7 5 4 4 10 4 6 8 5 8 5 6 3 7 5 5 6 5 4 7 3 7 7 4 7 3 6 6 4 0 5 8 5 6 6 4 9 8 9 8 11 6 6 4 4 7 9 9 7 7 9 7 7 5 8 6 4 5 7 6 5 2 5 10 2 2 5 6 4 4 6 5 7 4 7 4 6 5 5 7 7 4 5 7 5 7 
15 15 11 15 6 14 11 13 12 10 7 9 13 11 7 10 6 7 14 13 9 7 6 6 10 6 10 10 16 10 12 9 1 13 11 11 7 10 11 8 9 7 6 11 6 7 12 9 15 4 10 8 8 12 16 7 11 10 10 8 11 2 12 13 9 12 2 7 8 8 5 4 9 9 9 9 9 11 8 12 11 12 5 5 8 10 10 16 13 6 10 8 7 4 12 9 11 5 5 13 5 5 11 8 10 11 10 12 9 12 10 9 1 9 9 6 11 11 5 12 10 12 6 11 9 14 8 12 8 10 14 8 11 15 8 10 12 11 7 7 14 8 10 8 7 5 10 10 13 9 3 13 4 9 10 10 9 12 13 9 12 13 6 10 10 7 6 8 9 10 12 10 5 6 11 9 13 7 8 2 14 9 7 11 9 7 6 13 11 7 7 9 8 6 4 10 14 12 12 13 
5 6 6 4 5 4 6 7 4 4 5 5 4 5 3 8 5 6 7 7 5 7 2 5 3 5 7 6 5 8 6 4 6 5 6 7 9 5 7 6 6 7 5 8 4 6 5 5 7 5 8 5 7 4 8 7 3 6 3 4 7 3 5 9 4 1 7 3 6 3 6 4 1 5 4 6 7 0 6 2 1 4 3 4 4 3 7 5 4 3 6 7 5 7 4 6 5 3 3 7 5 5 4 9 4 3 8 6 7 4 5 4 7 4 3 3 6 4 8 4 7 6 3 2 7 7 3 3 5 6 5 3 3 5 6 2 5 5 5 7 9 8 4 6 8 4 6 2 5 7 3 6 6 4 5 10 5 9 5 6 3 3 8 6 7 5 7 6 5 6 5 7 4 2 8 4 4 4 7 5 10 4 5 6 4 6 4 8 6 4 5 3 5 5 6 5 7 6 3 7 
3 3 4 1 4 3 3 3 3 3 3 4 3 2 4 2 3 4 3 4 1 3 3 3 3 5 3 2 3 1 3 3 2 3 4 2 3 3 1 2 3 3 4 4 4 3 4 5 2 4 3 5 3 5 4 1 4 1 2 2 3 3 3 3 3 4 0 2 3 4 5 4 2 3 2 5 2 4 4 3 4 3 3 5 4 2 3 2 4 2 4 5 4 3 2 1 3 3 1 3 1 4 3 2 3 1 4 3 3 2 3 4 4 3 3 3 3 4 3 3 3 3 3 3 3 3 5 4 4 3 2 4 4 4 3 4 3 3 3 2 3 3 3 3 3 2 3 4 4 3 4 3 5 4 3 0 3 3 3 2 3 3 1 3 3 2 3 1 2 2 3 3 4 3 1 3 4 4 3 3 2 3 4 4 3 3 4 2 5 4 5 3 3 1 3 2 3 3 2 4 
3 3 7 4 3 3 4 4 4 3 6 4 2 3 6 5 4 3 3 6 3 5 6 5 7 4 4 3 3 5 4 4 5 1 6 5 3 3 4 4 5 4 1 4 3 4 5 3 4 4 1 6 4 3 3 7 2 5 4 4 2 4 4 6 3 6 5 4 5 5 4 4 3 5 2 3 4 4 5 5 2 4 3 1 3 5 5 4 4 2 1 2 5 4 1 5 3 4 2 2 2 3 5 3 3 3 3 3 4 2 5 4 5 4 2 4 3 5 2 2 5 5 5 3 0 2 2 7 5 3 2 4 6 6 6 4 6 4 3 4 4 3 3 5 5 3 2 5 4 3 2 4 5 7 4 3 5 3 4 5 4 5 2 5 4 3 3 4 0 7 3 2 3 3 3 4 6 3 5 5 6 4 2 3 3 3 5 4 4 3 5 3 6 6 5 1 5 3 3 5 
5 6 1 5 8 5 6 3 3 5 5 7 3 6 6 4 3 4 4 5 4 3 2 6 3 3 3 6 5 4 5 3 5 6 5 7 2 4 6 5 6 3 5 4 5 5 5 5 7 7 6 6 5 6 2 6 6 4 6 6 8 4 6 9 3 5 5 4 4 5 7 8 6 4 5 7 8 6 6 5 8 4 7 5 2 8 7 5 4 6 5 5 5 6 2 8 6 1 4 4 4 10 3 9 3 6 4 5 5 4 3 6 8 5 5 6 3 4 4 4 6 7 3 4 5 6 6 5 5 3 5 4 2 4 6 3 3 7 5 5 6 3 5 4 4 2 6 6 1 4 3 5 6 4 2 4 6 3 6 6 3 5 4 5 5 4 7 5 5 10 5 6 6 8 9 4 5 4 7 4 4 4 5 3 6 6 5 2 3 6 7 7 7 5 6 6 5 4 4 5 
15 11 16 5 7 12 11 10 8 3 9 7 8 11 8 10 14 12 10 9 14 12 8 9 10 12 6 13 12 7 8 7 10 9 12 4 13 13 14 7 10 4 7 5 10 8 5 10 9 9 9 11 8 13 9 11 8 10 8 8 8 8 11 9 6 9 10 10 6 5 10 5 11 4 6 13 14 11 5 8 10 5 13 6 8 13 9 8 6 11 9 11 9 11 9 9 7 10 7 9 8 7 11 11 9 9 5 3 10 12 9 9 9 2 10 10 3 13 4 11 6 15 11 7 10 14 4 14 7 9 10 8 10 9 12 7 9 8 4 10 12 6 12 3 9 12 8 7 4 10 8 10 8 6 3 11 4 11 2 6 7 8 9 10 6 9 3 8 8 6 5 11 8 11 14 11 5 8 11 20 10 10 11 8 7 9 14 9 8 7 4 9 8 8 14 6 13 9 13 7 
4 8 8 8 5 14 8 14 11 3 9 7 6 7 5 9 14 11 7 8 12 12 11 6 6 8 9 5 6 12 6 12 6 5 8 8 12 15 10 10 8 4 6 6 6 8 6 9 11 2 10 14 11 11 7 7 4 7 7 10 9 7 5 12 9 8 4 15 7 7 15 11 3 8 11 8 8 12 9 11 11 12 9 13 7 11 6 6 10 12 8 4 8 12 12 11 10 14 11 9 13 5 10 11 7 14 10 10 11 11 12 10 9 8 10 6 7 11 9 11 7 7 4 8 12 8 10 5 7 8 6 13 14 4 6 7 11 6 9 12 14 8 6 8 11 3 12 8 9 4 10 9 11 11 8 8 7 11 10 8 10 9 8 14 11 3 12 10 8 15 11 9 12 5 14 9 10 6 11 11 12 14 12 4 4 5 9 8 10 10 3 5 6 9 14 15 15 12 11 8 
2 1 2 2 3 1 1 1 2 2 2 2 3 2 1 2 2 3 3 2 2 3 2 3 2 4 1 1 3 2 1 3 3 2 2 1 1 3 2 3 3 2 2 2 1 3 3 3 2 2 2 2 1 3 1 2 1 2 2 2 3 3 3 3 2 2 3 2 2 2 2 3 2 2 2 2 2 3 1 2 3 3 1 3 2 1 2 1 2 2 1 2 3 2 2 2 1 2 1 2 1 2 1 3 1 1 2 2 1 2 3 2 3 2 2 2 2 1 2 1 3 2 2 2 2 2 2 2 2 2 2 2 2 2 1 2 2 3 1 2 3 3 2 2 3 2 2 1 2 3 2 2 1 1 3 1 2 2 3 2 1 3 2 2 4 3 3 2 2 3 2 2 2 1 3 3 2 3 2 3 1 2 2 0 2 2 2 2 2 2 2 2 2 3 2 2 2 2 2 2 
15 13 7 8 8 11 6 11 13 7 12 8 6 7 8 3 6 6 9 7 17 13 11 3 6 6 5 7 9 6 14 14 7 8 9 8 12 5 9 4 11 8 12 14 2 5 7 7 9 4 11 4 5 8 14 7 8 8 13 15 6 8 10 8 8 10 11 6 13 10 6 11 4 4 12 12 13 9 5 12 13 9 8 10 8 11 5 8 4 14 3 4 12 15 12 4 4 12 6 10 10 9 10 4 13 6 6 10 8 10 10 6 4 5 11 5 12 9 12 15 8 12 8 10 6 10 10 8 8 3 3 6 4 11 14 5 11 8 6 5 8 18 10 9 12 12 11 9 5 6 5 8 11 7 7 10 6 0 9 9 7 8 9 5 8 10 7 5 6 9 12 7 8 9 10 10 9 8 2 12 9 5 12 13 13 4 15 11 2 11 7 13 11 10 7 10 9 15 11 8 
9 8 10 7 4 8 9 9 8 8 5 8 13 9 5 5 6 5 6 7 7 10 6 8 2 4 4 4 7 12 10 3 6 9 3 9 7 6 12 7 8 6 5 8 4 10 4 7 5 8 3 3 7 8 5 9 9 6 6 4 9 8 7 11 6 7 10 4 9 6 5 11 12 9 5 6 4 5 7 4 3 9 8 9 7 10 3 7 8 9 6 7 7 7 2 8 5 2 8 6 7 7 1 4 1 7 4 5 8 8 7 5 8 5 9 4 5 7 7 10 6 8 8 7 7 6 9 10 9 7 7 6 7 8 8 7 9 5 9 6 11 13 7 7 7 6 7 5 8 5 3 7 9 13 8 7 8 6 4 10 7 9 8 9 8 9 6 5 9 8 6 6 11 7 8 10 8 6 5 8 9 5 8 6 10 9 5 10 11 8 6 6 7 8 6 4 10 4 9 7 
8 7 6 5 4 8 6 9 6 10 5 7 7 8 5 6 8 11 5 5 6 5 3 6 5 10 7 4 5 7 6 10 11 5 7 6 3 8 10 9 1 7 8 5 7 4 7 5 4 8 7 13 7 7 7 2 9 7 8 1 8 6 5 6 9 9 7 9 9 9 8 11 10 4 11 5 2 10 3 5 6 6 8 6 9 10 12 2 8 6 7 6 5 10 8 8 10 6 9 7 3 6 10 8 8 9 5 7 11 4 11 6 7 7 5 6 5 6 4 5 8 8 11 8 8 6 5 4 8 6 6 7 7 11 8 8 3 9 7 7 9 7 3 8 7 10 7 7 9 11 6 13 8 3 8 5 10 11 8 5 5 1 9 12 6 6 7 9 7 10 9 7 8 12 5 4 9 7 9 8 10 6 11 5 9 9 11 8 8 5 7 8 10 6 8 8 9 12 10 7 
10 11 6 8 12 11 3 13 7 7 7 7 4 8 11 3 3 13 10 9 6 3 3 9 9 7 6 9 9 12 15 9 9 9 10 4 9 10 8 12 7 14 8 6 11 11 7 9 6 10 8 5 11 9 7 8 2 5 5 10 16 10 11 11 11 6 11 9 8 10 11 11 9 8 6 10 8 7 7 13 5 12 10 13 9 12 11 13 9 9 5 6 6 5 9 11 9 12 10 9 11 14 7 10 11 8 10 13 11 7 11 8 6 7 9 10 7 9 7 7 7 8 5 2 13 7 4 11 9 10 7 7 2 11 10 9 15 5 12 4 12 7 4 10 8 6 14 5 4 12 12 12 7 12 1 7 10 8 6 10 10 9 9 12 16 12 13 9 10 13 11 5 16 5 7 6 7 13 7 9 8 9 10 8 16 9 13 8 4 11 11 5 7 14 7 9 14 9 8 12 
8 4 2 9 9 5 9 5 4 5 3 7 8 5 5 6 6 7 3 6 7 7 5 7 10 9 7 6 5 0 7 6 7 5 5 6 4 8 5 5 4 3 5 5 6 6 6 7 6 6 4 4 4 6 4 7 2 5 8 5 4 7 9 3 9 4 4 9 7 5 8 6 5 6 10 4 4 6 9 2 8 6 9 9 7 4 8 6 7 6 6 6 5 4 7 6 9 3 6 10 3 7 5 5 5 9 9 5 6 6 4 8 6 7 6 7 6 4 4 4 9 7 2 10 4 5 6 5 6 7 5 5 9 8 6 7 7 8 6 6 7 5 5 5 11 8 9 8 5 5 5 6 8 5 5 8 2 7 5 6 8 9 5 6 7 6 5 5 7 3 6 4 5 5 7 9 6 6 8 2 7 5 7 5 5 10 9 6 6 4 5 5 6 8 9 3 8 4 5 7 
8 5 7 3 7 11 11 7 6 7 9 7 11 4 5 9 4 11 11 6 7 8 4 6 10 9 6 5 5 7 7 2 10 7 5 9 3 5 8 10 9 9 8 12 11 10 7 6 2 6 6 5 9 8 3 8 7 10 6 8 5 9 4 7 7 7 6 13 10 7 5 1 3 6 5 9 7 8 7 9 4 8 7 8 5 9 7 8 8 4 6 9 8 11 5 5 7 10 3 3 7 10 5 7 9 5 7 5 3 7 4 9 8 5 8 7 10 8 5 9 3 8 9 3 9 7 7 8 8 5 7 3 9 6 8 4 2 11 5 9 7 6 8 10 4 6 6 6 10 4 7 6 5 9 6 9 8 7 5 6 8 9 8 7 3 7 10 6 4 9 8 6 6 7 5 8 8 5 8 8 5 3 3 3 7 8 3 7 2 6 9 4 8 6 8 7 6 5 5 11 
3 4 2 5 6 4 1 3 4 4 3 4 3 8 4 5 4 5 1 4 3 4 6 4 5 5 3 6 4 4 3 5 4 2 5 6 3 4 6 5 5 5 4 2 3 3 4 4 4 4 4 4 6 5 5 4 6 6 3 4 3 3 4 3 5 4 1 2 6 3 5 1 4 4 2 5 4 4 3 5 5 3 5 6 5 6 5 6 3 2 3 3 5 5 3 6 4 4 4 6 6 4 4 4 4 6 4 4 3 3 4 5 4 5 2 3 4 4 4 5 5 5 3 2 5 4 3 1 5 5 5 4 4 2 3 2 4 4 4 4 1 3 3 3 3 5 4 3 4 4 1 5 5 4 5 5 5 6 6 3 3 3 3 4 3 3 3 6 7 4 4 4 5 3 4 4 7 4 4 6 4 3 5 4 4 8 5 3 8 7 4 3 5 3 4 4 2 4 3 5 
