NAME  : Jabali_60_3_0.90_1_1
TYPE : SVRP
MODEL : FINITE_SUPPORT
NUMBER_OF_SCENARIOS : 200
DIMENSION : 60
EDGE_WEIGHT_TYPE : MATRIX
CAPACITY : 128
N_VEHICLES : 3
NODE_COORD_SECTION
1 3132 3998
2 665 3674
3 5808 3201
4 5845 3812
5 4337 2414
6 3601 4680
7 941 4232
8 7503 4840
9 6785 1142
10 5367 2826
11 2227 5347
12 6400 2457
13 4334 5884
14 27 1290
15 1797 488
16 5872 4417
17 4297 3312
18 4358 18
19 4875 6721
20 4986 2915
21 3980 1832
22 7197 5477
23 1354 6396
24 3344 5334
25 7551 4359
26 332 2126
27 667 3125
28 7684 3803
29 236 3369
30 2112 1374
31 2236 1756
32 2544 2687
33 2689 1342
34 2477 3256
35 2914 3650
36 597 3696
37 1674 7021
38 6823 4213
39 1189 5722
40 7313 5244
41 3655 6018
42 1879 2560
43 872 5129
44 5508 379
45 3826 2569
46 983 913
47 5801 5758
48 7351 3280
49 7812 5914
50 6564 1810
51 5899 1722
52 7236 3022
53 1444 7015
54 359 5517
55 5349 4212
56 4273 5405
57 4643 4205
58 3154 1880
59 3463 2032
60 1510 6018
DEMAND_SECTION
1 0.0
2 6.0
3 6.0
4 2.0
5 3.0
6 7.0
7 5.0
8 5.0
9 7.0
10 5.0
11 9.0
12 3.0
13 6.0
14 2.0
15 6.0
16 6.0
17 7.0
18 8.0
19 2.0
20 5.0
21 8.0
22 2.0
23 5.0
24 1.0
25 10.0
26 9.0
27 6.0
28 4.0
29 8.0
30 3.0
31 6.0
32 4.0
33 4.0
34 6.0
35 2.0
36 6.0
37 1.0
38 2.0
39 10.0
40 9.0
41 5.0
42 9.0
43 2.0
44 10.0
45 2.0
46 6.0
47 10.0
48 9.0
49 5.0
50 10.0
51 8.0
52 10.0
53 10.0
54 10.0
55 4.0
56 7.0
57 4.0
58 2.0
59 8.0
60 10.0
DEVIATION_SECTION
1 0.0
2 2.0
3 2.0
4 0.666667
5 1.0
6 2.33333
7 1.66667
8 1.66667
9 2.33333
10 1.66667
11 3.0
12 1.0
13 2.0
14 0.666667
15 2.0
16 2.0
17 2.33333
18 2.66667
19 0.666667
20 1.66667
21 2.66667
22 0.666667
23 1.66667
24 0.333333
25 3.33333
26 3.0
27 2.0
28 1.33333
29 2.66667
30 1.0
31 2.0
32 1.33333
33 1.33333
34 2.0
35 0.666667
36 2.0
37 0.333333
38 0.666667
39 3.33333
40 3.0
41 1.66667
42 3.0
43 0.666667
44 3.33333
45 0.666667
46 2.0
47 3.33333
48 3.0
49 1.66667
50 3.33333
51 2.66667
52 3.33333
53 3.33333
54 3.33333
55 1.33333
56 2.33333
57 1.33333
58 0.666667
59 2.66667
60 3.33333
DISTANCE_MATRIX
0.0 35.8277 40.4709 36.2274 32.0924 11.4018 32.6817 59.6302 70.3772 39.9714 28.3355 50.9471 31.0483 55.5303 51.0882 36.9047 26.4192 56.9252 44.643 38.245 31.1248 58.8218 45.3803 19.105 59.334 46.1487 43.9737 60.7143 42.2157 38.0526 33.0606 19.105 36.3456 12.6491 5.0 35.8277 48.9125 49.5696 45.7222 59.3765 29.0172 25.1393 41.6893 60.0344 25.1082 51.2445 44.0454 57.2177 68.4105 60.5754 62.1684 56.4636 50.1826 49.7981 29.9266 25.632 20.4528 28.4605 26.8328 47.6968 
35.8277 0.0 75.2207 70.9772 53.9745 43.0278 8.24621 94.38 87.8999 67.6436 29.1204 84.0315 54.4171 33.3766 42.7825 71.6545 57.4166 76.116 67.4166 65.6505 52.4099 90.2409 37.855 39.6611 94.0838 21.3776 6.7082 95.4641 6.40312 34.5131 32.6479 32.0769 40.1971 26.4691 31.3408 0.0 46.6905 84.3194 28.8617 91.4763 48.7647 30.5144 20.6155 81.4778 46.6649 36.1386 72.176 97.2666 98.888 83.0578 74.5567 96.0183 46.0977 26.4008 64.6764 50.8167 55.2026 45.6448 46.3272 33.3766 
40.4709 75.2207 0.0 9.21954 23.7778 35.6604 72.4663 32.9675 34.7336 7.81025 55.5057 15.3034 41.7732 80.6489 63.4114 17.2627 26.969 46.1736 50.1199 13.0 28.6007 37.0169 72.5505 42.9952 29.5789 75.6631 73.5655 27.8296 81.6087 53.2652 50.2972 45.7811 46.788 48.4816 43.8848 75.2207 75.6796 20.7664 70.4851 35.9036 47.634 54.4961 73.143 44.9153 28.8617 70.2945 35.9026 22.3714 46.6672 24.9318 24.5192 21.1231 77.1109 80.3223 15.8114 36.7967 20.5913 37.8202 33.6539 68.7732 
36.2274 70.9772 9.21954 0.0 30.4753 31.1448 67.8312 26.8701 36.4005 14.5602 50.6947 17.0 34.0588 87.5437 70.1149 8.06226 22.7501 55.0364 41.3401 17.2047 35.3753 29.5296 67.6831 37.6431 24.6982 80.3876 78.29 24.7386 77.3652 59.9627 58.2153 50.5056 53.4855 47.6217 39.6413 70.9772 70.2282 15.0 65.6742 28.8444 40.8167 59.2207 68.3321 46.6231 35.5592 78.7211 26.6833 21.095 39.4462 26.6271 26.227 20.6155 71.7844 75.5113 8.06226 29.6816 16.0312 44.5177 40.3514 63.9531 
32.0924 53.9745 23.7778 30.4753 0.0 32.249 51.2201 56.4164 36.7225 16.2007 52.4895 32.5886 46.1736 60.7454 44.6542 37.6442 10.4403 34.4819 57.8705 14.2076 10.4403 59.9602 69.5343 41.1573 53.0312 54.231 52.2069 51.2819 56.8622 33.9411 30.6105 24.5153 27.8029 27.2354 27.9898 53.9745 73.0666 44.211 63.869 59.1087 48.7647 33.2415 59.8361 32.8944 7.07107 50.9313 54.4068 45.8237 69.8106 31.6149 23.3794 44.5754 74.3366 67.9449 32.4368 40.1622 23.3452 18.3848 14.1421 65.757 
11.4018 43.0278 35.6604 31.1448 32.249 0.0 38.3559 52.4976 65.5668 35.1609 20.2495 46.1366 19.6469 66.9756 62.2896 30.4138 22.2749 66.3718 33.2415 34.1007 40.3423 50.5371 37.2943 9.43398 52.9528 57.5425 47.5082 55.0818 49.4158 49.2544 44.2832 30.4138 47.0425 24.0416 16.2788 43.0278 40.8167 43.4166 35.229 51.4782 18.4391 36.5331 37.8868 65.0891 30.6233 62.6418 33.9706 52.2398 59.6825 55.7649 58.0241 51.6236 42.0595 45.0661 24.0208 14.3178 15.1327 38.4708 36.1418 33.517 
32.6817 8.24621 72.4663 67.8312 51.2201 38.3559 0.0 88.4161 85.1455 64.8892 22.3607 81.2771 49.5177 41.1096 50.9786 68.5085 54.6622 73.3616 62.0081 62.8961 49.6555 85.5691 29.6142 34.6554 90.9378 29.0689 14.8661 92.3181 13.1529 44.7365 40.3113 29.3225 46.6628 23.7147 28.5864 8.24621 38.4708 81.1734 20.6155 86.8045 43.0116 27.76 12.53 78.7234 43.9105 44.3847 67.5041 94.1206 94.2162 80.3034 71.8023 93.2639 37.855 19.105 61.5304 46.1448 52.0566 42.8904 43.5728 25.1794 
59.6302 94.38 32.9675 26.8701 56.4164 52.4976 88.4161 0.0 48.0937 40.2244 70.214 35.7351 45.0999 112.554 96.056 22.8254 47.7602 76.922 44.0114 43.9318 61.2944 8.60233 85.0941 55.5788 6.32456 105.475 103.3 13.9284 100.768 85.9038 82.9358 75.5157 79.4266 71.0245 63.0441 94.38 85.1469 12.2066 85.0 5.83095 54.037 84.2308 87.947 64.4981 61.5003 102.933 25.9615 21.095 15.0333 41.1947 45.607 24.0208 87.0919 95.1263 30.0167 44.1022 39.3573 70.4588 66.2925 82.3893 
70.3772 87.8999 34.7336 36.4005 36.7225 65.5668 85.1455 48.0937 0.0 35.5529 85.412 19.799 70.2337 88.8876 66.1891 43.566 56.8754 35.3836 77.666 38.8494 37.1214 55.5788 102.457 72.9015 42.0119 85.1587 83.918 35.0571 88.5733 60.4401 59.2284 58.0512 53.1601 61.1608 61.9152 87.8999 105.586 39.2938 100.391 53.3385 76.6539 66.0303 93.7615 19.4165 41.8064 76.3217 61.7171 27.0185 63.0317 9.89949 15.5242 24.0832 107.259 101.87 44.0641 65.6105 50.5558 47.3814 44.1022 98.6795 
39.9714 67.6436 7.81025 14.5602 16.2007 35.1609 64.8892 40.2244 35.5529 0.0 55.0062 22.5821 42.2239 73.0717 55.8403 22.2036 26.4695 41.0488 52.2015 6.0 21.095 43.8634 72.051 42.4957 36.8576 68.086 65.9883 35.1083 74.0316 45.6881 42.72 38.2039 39.2109 40.9045 43.3853 67.6436 75.1801 28.0179 69.9856 42.9418 47.3225 46.919 73.5052 34.4415 21.2846 62.7174 40.05 29.65 53.6656 32.2104 22.2098 28.4018 76.8533 81.614 18.2483 36.7875 20.15 30.2431 26.0768 68.2737 
28.3355 29.1204 55.5057 50.6947 52.4895 20.2495 22.3607 70.214 85.412 55.0062 0.0 65.9819 28.8444 62.3699 66.2873 49.0523 42.5154 78.0821 40.3113 54.3411 53.0467 67.0522 18.3576 14.8661 71.3442 50.448 34.3657 74.0466 35.1141 53.8516 49.0408 35.8469 54.231 28.6356 31.4197 29.1204 24.0832 62.0792 15.0 68.4105 21.2132 37.4833 18.3576 85.3296 47.0692 63.0079 48.3322 71.7325 75.3923 75.6102 78.2645 71.2879 24.7588 25.0 43.188 26.9258 34.8787 48.053 47.6329 13.9284 
50.9471 84.0315 15.3034 17.0 32.5886 46.1366 81.2771 35.7351 19.799 22.5821 65.9819 0.0 50.8036 85.8027 64.8661 24.6982 37.4453 41.2311 58.3502 26.9917 33.1144 41.4367 83.0267 53.4714 30.8707 83.5096 81.6331 26.4008 86.2884 57.4102 55.6705 54.5918 50.2073 57.2924 54.3611 84.0315 86.1558 24.3311 80.9614 39.8121 57.2238 62.9673 89.8931 30.1496 37.6725 73.9254 43.3244 18.3848 50.448 9.89949 10.0499 15.6205 87.5871 98.0019 24.634 46.1803 31.1257 43.5017 40.0454 79.2494 
31.0483 54.4171 41.7732 34.0588 46.1736 19.6469 49.5177 45.0999 70.2337 42.2239 28.8444 50.8036 0.0 86.1827 81.7435 28.6531 35.7351 80.6536 13.6015 40.4975 55.109 40.1995 40.6079 14.8661 47.8539 75.2232 58.8975 52.4976 60.8051 68.7314 63.7887 50.01 66.0681 43.6807 35.9026 54.4171 40.05 40.1622 42.1545 42.0476 9.05539 56.1741 47.1699 76.6526 45.5412 82.2828 20.3961 52.7731 47.5395 60.4319 64.3254 53.3385 42.0119 53.2259 26.1725 6.08276 23.2594 57.0088 54.1512 38.6005 
55.5303 33.3766 80.6489 87.5437 60.7454 66.9756 41.1096 112.554 88.8876 73.0717 62.3699 85.8027 86.1827 0.0 26.3059 89.952 65.015 61.0 99.3463 71.0787 53.2259 113.295 70.0643 71.6915 112.073 12.0416 28.1603 108.153 28.0179 28.4605 30.4138 38.8973 35.7351 43.0116 51.0392 33.3766 79.0569 101.578 61.0328 113.295 81.5351 30.6105 52.0865 74.6726 54.4059 14.1421 99.0454 102.695 123.253 84.829 76.5934 101.446 78.1601 55.109 82.9015 81.2091 74.857 42.9418 47.0106 66.0 
51.0882 42.7825 63.4114 70.1149 44.6542 62.2896 50.9786 96.056 66.1891 55.8403 66.2873 64.8661 81.7435 26.3059 0.0 77.0146 51.8941 35.2278 95.1893 53.8472 34.8281 99.5998 79.6888 70.0071 92.657 29.6816 36.1139 90.9077 40.6079 13.0384 18.0278 32.0156 17.0 39.0128 46.0977 42.7825 87.944 83.8506 71.4056 98.7483 80.025 28.8617 63.3966 50.0 40.2492 12.1655 90.4838 82.45 109.45 63.8201 55.6058 79.4109 87.7793 68.8171 69.9641 75.9539 63.6035 26.8328 30.8869 74.7846 
36.9047 71.6545 17.2627 8.06226 37.6442 30.4138 68.5085 22.8254 43.566 22.2036 49.0523 24.6982 28.6531 89.952 77.0146 0.0 25.1583 63.0079 34.2053 23.7697 42.5441 23.4307 65.3758 35.1283 22.561 81.9671 79.792 25.0799 78.0425 64.9318 60.6235 52.9138 60.0691 48.299 40.3187 71.6545 66.9403 13.0384 64.0317 23.3452 36.4005 60.7537 66.6896 54.3936 36.863 81.3562 18.6815 24.1661 33.4215 34.0 33.9975 24.6982 68.6586 73.8689 7.2111 25.2982 16.5529 50.2232 46.3474 62.0725 
26.4192 57.4166 26.969 22.7501 10.4403 22.2749 54.6622 47.7602 56.8754 26.4695 42.5154 37.4453 35.7351 65.015 51.8941 25.1583 0.0 44.9222 47.5184 24.7431 20.0 48.5014 59.5602 31.1832 46.6332 57.859 55.7613 47.3978 63.8046 39.9625 35.805 27.9769 34.9285 30.6775 29.8332 57.4166 63.0925 36.7846 57.4949 48.5014 38.5876 36.692 63.2782 43.3336 11.7047 56.4193 39.0512 43.7203 58.4594 47.0736 33.8185 42.9617 64.3625 71.387 18.1078 29.7321 13.0384 25.0799 21.1896 55.7829 
56.9252 76.116 46.1736 55.0364 34.4819 66.3718 73.3616 76.922 35.3836 41.0488 78.0821 41.2311 80.6536 61.0 35.2278 63.0079 44.9222 0.0 92.3209 41.7732 26.4197 82.5651 94.848 75.2801 71.7844 61.1882 62.6282 66.3099 67.2835 35.171 36.7696 44.0454 29.1548 50.2096 52.8015 76.116 101.882 65.5134 87.6926 81.0247 82.9063 48.3735 82.504 16.4012 36.2353 47.0425 81.0987 57.7754 91.6788 37.1214 31.3209 54.626 102.269 90.3592 59.2115 74.6324 57.7973 30.4795 30.4795 89.8721 
44.643 67.4166 50.1199 41.3401 57.8705 33.2415 62.0081 44.0114 77.666 52.2015 40.3113 58.3502 13.6015 99.3463 95.1893 34.2053 47.5184 92.3209 0.0 50.6815 67.3647 37.108 48.3322 27.7849 48.3011 88.2267 71.9009 54.3783 73.7835 82.201 77.2787 63.561 79.3095 57.28 49.4773 67.4166 45.3542 42.8019 51.8652 39.5601 19.105 69.7727 58.1378 86.5981 58.0775 95.8801 18.3576 56.7274 42.0119 67.9559 67.566 58.0 47.5395 63.2456 34.4384 19.2354 34.5254 70.0702 67.0 47.5079 
38.245 65.6505 13.0 17.2047 14.2076 34.1007 62.8961 43.9318 38.8494 6.0 54.3411 26.9917 40.4975 71.0787 53.8472 23.7697 24.7431 41.7732 50.6815 0.0 19.1076 46.6476 71.386 40.7693 41.1096 66.093 63.9953 39.5179 72.0385 43.695 40.727 36.2109 37.2179 38.9114 41.6589 65.6505 74.9182 31.8277 69.3206 46.0435 45.596 44.926 71.5122 37.4433 19.2916 60.7243 40.1995 34.0597 56.6039 33.7419 25.5063 32.8114 76.1883 79.621 18.2483 35.0611 18.4236 28.25 24.0838 67.6086 
31.1248 52.4099 28.6007 35.3753 10.4403 40.3423 49.6555 61.2944 37.1214 21.095 53.0467 33.1144 55.109 53.2259 34.8281 42.5441 20.0 26.4197 67.3647 19.1076 0.0 64.8601 69.8127 49.2506 57.9058 48.2701 46.8231 56.1565 51.4784 25.2389 22.8473 21.587 18.4391 25.9422 27.0223 52.4099 76.8466 49.0918 62.8624 64.0078 56.8768 29.0172 58.6686 29.0689 9.84886 42.2019 58.7161 50.6982 74.7061 32.1407 23.9051 47.6592 77.2334 66.6483 37.3368 49.0306 33.0151 10.4403 7.0 64.837 
58.8218 90.2409 37.0169 29.5296 59.9602 50.5371 85.5691 8.60233 55.5788 43.8634 67.0522 41.4367 40.1995 113.295 99.5998 23.4307 48.5014 82.5651 37.108 46.6476 64.8601 0.0 80.7527 52.2015 14.7648 103.884 101.709 22.3607 96.6289 88.2749 83.9666 76.257 82.9704 70.2163 62.2359 90.2409 80.025 17.1172 81.4923 2.82843 49.2544 82.671 85.0941 71.0634 60.2061 104.472 20.0 28.8617 10.0 48.0104 51.4782 31.5753 82.0549 92.0489 30.4138 40.2616 39.0512 74.0025 69.8363 78.4474 
45.3803 37.855 72.5505 67.6831 69.5343 37.2943 29.6142 85.0941 102.457 72.051 18.3576 83.0267 40.6079 70.0643 79.6888 65.3758 59.5602 94.848 48.3322 71.386 69.8127 80.7527 0.0 30.2655 87.023 58.1378 44.3847 90.4489 42.19 67.9779 63.5295 51.614 69.6419 44.8219 48.1856 37.855 9.0 78.2304 9.05539 82.4924 31.5753 51.0027 18.0 98.7613 63.8351 73.9797 61.0 88.6454 88.0738 92.655 95.3094 88.295 8.24621 17.8885 60.0167 41.0122 51.923 64.6607 64.3988 5.0 
19.105 39.6611 42.9952 37.6431 41.1573 9.43398 34.6554 55.5788 72.9015 42.4957 14.8661 53.4714 14.8661 71.6915 70.0071 35.1283 31.1832 75.2801 27.7849 40.7693 49.2506 52.2015 30.2655 0.0 57.0351 60.4672 44.1415 60.208 46.0435 57.0 52.0 38.0 55.4437 31.1416 24.0832 39.6611 32.6956 48.0416 29.4279 53.6004 10.0499 42.7625 33.1059 73.9974 39.5316 69.2384 33.541 58.4637 60.5392 63.0997 64.6927 58.2409 34.176 39.8497 29.8329 12.083 22.3607 47.2969 45.2217 27.0 
59.334 94.0838 29.5789 24.6982 53.0312 52.9528 90.9378 6.32456 42.0119 36.8576 71.3442 30.8707 47.8539 112.073 92.657 22.561 46.6332 71.7844 48.3011 41.1096 57.9058 14.7648 87.023 57.0351 0.0 104.917 102.819 7.61577 100.472 82.5186 79.5506 75.0345 76.0415 70.7283 62.748 94.0838 87.6926 9.84886 86.2844 12.083 56.5685 83.7496 88.9852 58.8558 58.1152 99.5479 29.9666 15.0 21.0238 35.5106 40.4969 18.0278 89.56 96.1645 29.4109 46.0977 38.8973 67.0736 62.9074 84.0238 
46.1487 21.3776 75.6631 80.3876 54.231 57.5425 29.0689 105.475 85.1587 68.086 50.448 83.5096 75.2232 12.0416 29.6816 81.9671 57.859 61.1882 88.2267 66.093 48.2701 103.884 58.1378 60.4672 104.917 0.0 16.5529 103.167 16.0 26.1725 26.0768 30.5287 33.0151 33.6846 41.6619 21.3776 67.1193 94.4996 49.0918 104.439 69.6359 21.6333 40.1995 73.0274 47.4236 19.105 89.6683 96.7447 113.492 80.383 72.1475 95.4964 66.2722 43.6807 74.989 71.776 65.5151 37.855 41.4849 54.0093 
43.9737 6.7082 73.5655 78.29 52.2069 47.5082 14.8661 103.3 83.918 65.9883 34.3657 81.6331 58.8975 28.1603 36.1139 79.792 55.7613 62.6282 71.9009 63.9953 46.8231 101.709 44.3847 44.1415 102.819 16.5529 0.0 101.07 7.07107 27.8444 25.9793 28.3548 33.5285 31.5095 39.4868 6.7082 53.1507 92.3245 35.4401 102.264 53.3102 19.4868 27.313 72.9927 45.3337 29.6142 76.6564 95.6113 111.317 78.958 70.7225 93.62 52.6308 33.0151 72.8139 55.2971 63.3401 36.5608 39.9006 39.8121 
60.7143 95.4641 27.8296 24.7386 51.2819 55.0818 92.3181 13.9284 35.0571 35.1083 74.0466 26.4008 52.4976 108.153 90.9077 25.0799 47.3978 66.3099 54.3783 39.5179 56.1565 22.3607 90.4489 60.208 7.61577 103.167 101.07 0.0 101.852 80.2928 77.8013 73.2852 74.1545 75.9857 64.1282 95.4641 91.7824 12.3693 89.026 19.6977 60.8769 82.0003 91.6839 52.6308 56.3659 97.2456 36.0555 8.544 28.2843 29.4109 35.3553 11.7047 93.5575 98.8632 31.0644 50.01 40.3113 65.3243 61.1581 87.1436 
42.2157 6.40312 81.6087 77.3652 56.8622 49.4158 13.1529 100.768 88.5733 74.0316 35.1141 86.2884 60.8051 28.0179 40.6079 78.0425 63.8046 67.2835 73.7835 72.0385 51.4784 96.6289 42.19 46.0435 100.472 16.0 7.07107 101.852 0.0 32.4997 30.6346 33.0101 38.1838 32.8571 37.7288 6.40312 51.1566 90.7074 33.1361 97.8643 55.0727 24.1421 24.3311 77.648 49.989 32.6956 78.564 103.655 105.276 83.6134 75.3778 102.406 50.3587 28.6356 71.0644 57.2047 61.5906 41.2161 44.5559 38.0132 
38.0526 34.5131 53.2652 59.9627 33.9411 49.2544 44.7365 85.9038 60.4401 45.6881 53.8516 57.4102 68.7314 28.4605 13.0384 64.9318 39.9625 35.171 82.201 43.695 25.2389 88.2749 67.9779 57.0 82.5186 26.1725 27.8444 80.2928 32.4997 0.0 5.0 19.0 7.28011 26.0768 33.0606 34.5131 76.1577 73.6984 59.696 88.2749 67.0075 17.0 53.8789 47.0106 28.6007 17.0294 78.27 74.8345 98.2328 56.4365 48.2009 71.955 76.0592 60.5476 57.8813 62.9682 51.3897 15.5563 19.799 63.0714 
33.0606 32.6479 50.2972 58.2153 30.6105 44.2832 40.3113 82.9358 59.2284 42.72 49.0408 55.6705 63.7887 30.4138 18.0278 60.6235 35.805 36.7696 77.2787 40.727 22.8473 83.9666 63.5295 52.0 79.5506 26.0768 25.9793 77.8013 30.6346 5.0 0.0 14.0 7.61577 21.095 28.0713 32.6479 71.5891 70.7304 55.2708 83.9666 62.0081 12.8062 49.4537 47.1699 24.7588 20.6155 74.0833 72.343 93.9246 54.6969 46.4613 70.0754 71.5542 57.309 53.6978 58.0517 47.2029 12.53 16.6433 58.5918 
19.105 32.0769 45.7811 50.5056 24.5153 30.4138 29.3225 75.5157 58.0512 38.2039 35.8469 54.5918 50.01 38.8973 32.0156 52.9138 27.9769 44.0454 63.561 36.2109 21.587 76.257 51.614 38.0 75.0345 30.5287 28.3548 73.2852 33.0101 19.0 14.0 0.0 18.3848 7.28011 14.1421 32.0769 59.1692 64.5401 43.9318 76.257 48.0104 8.94427 38.4649 50.3289 17.4642 32.6956 61.0856 67.8269 86.2149 52.9437 44.7081 66.5786 59.3633 46.3202 45.8633 44.3847 36.8819 13.6015 14.8661 46.6154 
36.3456 40.1971 46.788 53.4855 27.8029 47.0425 46.6628 79.4266 53.1601 39.2109 54.231 50.2073 66.0681 35.7351 17.0 60.0691 34.9285 29.1548 79.3095 37.2179 18.4391 82.9704 69.6419 55.4437 76.0415 33.0151 33.5285 74.1545 38.1838 7.28011 7.61577 18.3848 0.0 25.632 31.4006 40.1971 77.4145 67.2213 61.6117 82.1189 65.2763 19.8494 55.8052 40.0125 23.2594 23.8537 73.6817 67.7912 92.8208 49.2336 40.998 64.7521 77.5242 63.6604 53.0186 60.1332 46.8402 9.84886 13.8924 64.6607 
12.6491 26.4691 48.4816 47.6217 27.2354 24.0416 23.7147 71.0245 61.1608 40.9045 28.6356 57.2924 43.6807 43.0116 39.0128 48.299 30.6775 50.2096 57.28 38.9114 25.9422 70.2163 44.8219 31.1416 70.7283 33.6846 31.5095 75.9857 32.8571 26.0768 21.095 7.28011 25.632 0.0 8.06226 26.4691 52.1536 60.9639 37.4833 70.7708 41.2149 12.53 32.7567 55.0091 20.2512 38.6005 56.0357 70.5275 79.8236 56.3187 47.8176 69.2792 52.4309 40.7063 41.3209 38.2753 31.8471 19.8494 20.0 39.8246 
5.0 31.3408 43.8848 39.6413 27.9898 16.2788 28.5864 63.0441 61.9152 43.3853 31.4197 54.3611 35.9026 51.0392 46.0977 40.3187 29.8332 52.8015 49.4773 41.6589 27.0223 62.2359 48.1856 24.0832 62.748 41.6619 39.4868 64.1282 37.7288 33.0606 28.0713 14.1421 31.4006 8.06226 0.0 31.3408 55.2195 52.9836 41.2353 62.7904 34.0147 20.5913 37.2025 55.9318 21.0057 46.4866 48.0104 60.6316 71.8433 57.0732 48.572 59.8775 55.6063 45.3113 33.3405 30.3645 23.8667 23.7697 22.4722 43.2099 
35.8277 0.0 75.2207 70.9772 53.9745 43.0278 8.24621 94.38 87.8999 67.6436 29.1204 84.0315 54.4171 33.3766 42.7825 71.6545 57.4166 76.116 67.4166 65.6505 52.4099 90.2409 37.855 39.6611 94.0838 21.3776 6.7082 95.4641 6.40312 34.5131 32.6479 32.0769 40.1971 26.4691 31.3408 0.0 46.6905 84.3194 28.8617 91.4763 48.7647 30.5144 20.6155 81.4778 46.6649 36.1386 72.176 97.2666 98.888 83.0578 74.5567 96.0183 46.0977 26.4008 64.6764 50.8167 55.2026 45.6448 46.3272 33.3766 
48.9125 46.6905 75.6796 70.2282 73.0666 40.8167 38.4708 85.1469 105.586 75.1801 24.0832 86.1558 40.05 79.0569 87.944 66.9403 63.0925 101.882 45.3542 74.9182 76.8466 80.025 9.0 32.6956 87.6926 67.1193 53.1507 91.7824 51.1566 76.1577 71.5891 59.1692 77.4145 52.1536 55.2195 46.6905 0.0 79.4292 18.0278 82.0 31.1448 59.2368 27.0 105.907 73.5405 82.7647 60.0333 90.802 86.5794 95.7841 98.8416 90.7579 2.23607 26.2488 62.2977 41.7732 55.0364 71.8471 71.4327 13.3417 
49.5696 84.3194 20.7664 15.0 44.211 43.4166 81.1734 12.2066 39.2938 28.0179 62.0792 24.3311 40.1622 101.578 83.8506 13.0384 36.7846 65.5134 42.8019 31.8277 49.0918 17.1172 78.2304 48.0416 9.84886 94.4996 92.3245 12.3693 90.7074 73.6984 70.7304 64.5401 67.2213 60.9639 52.9836 84.3194 79.4292 0.0 77.0584 15.5242 48.5077 73.2552 79.7165 54.0093 49.295 90.7277 24.7588 14.2127 26.2488 31.1448 34.3657 16.1245 81.2158 86.8958 19.6469 37.6563 29.1204 58.2534 54.0872 75.0267 
45.7222 28.8617 70.4851 65.6742 63.869 35.229 20.6155 85.0 100.391 69.9856 15.0 80.9614 42.1545 61.0328 71.4056 64.0317 57.4949 87.6926 51.8652 69.3206 62.8624 81.4923 9.05539 29.4279 86.2844 49.0918 35.4401 89.026 33.1361 59.696 55.2708 43.9318 61.6117 37.4833 41.2353 28.8617 18.0278 77.0584 0.0 82.9759 33.541 42.7194 9.05539 91.811 56.8848 65.0 62.2977 86.712 89.493 90.5897 84.4512 86.2673 17.2627 11.4018 58.1675 41.2311 49.8582 57.28 57.3847 5.38516 
59.3765 91.4763 35.9036 28.8444 59.1087 51.4782 86.8045 5.83095 53.3385 42.9418 68.4105 39.8121 42.0476 113.295 98.7483 23.3452 48.5014 81.0247 39.5601 46.0435 64.0078 2.82843 82.4924 53.6004 12.083 104.439 102.264 19.6977 97.8643 88.2749 83.9666 76.257 82.1189 70.7708 62.7904 91.4763 82.0 15.5242 82.9759 0.0 51.0882 83.2254 86.3354 69.1809 60.2061 104.472 22.0907 26.4764 10.7703 46.0109 49.8197 29.2746 84.006 93.4077 30.4795 41.7732 39.4081 73.1511 68.9848 80.0625 
29.0172 48.7647 47.634 40.8167 48.7647 18.4391 43.0116 54.037 76.6539 47.3225 21.2132 57.2238 9.05539 81.5351 80.025 36.4005 38.5876 82.9063 19.105 45.596 56.8768 49.2544 31.5753 10.0499 56.5685 69.6359 53.3102 60.8769 55.0727 67.0075 62.0081 48.0104 65.2763 41.2149 34.0147 48.7647 31.1448 48.5077 33.541 51.0882 0.0 52.7731 39.2046 81.7511 47.1578 79.2465 29.4279 60.5392 56.5155 66.8521 69.5194 60.8358 33.0606 44.7772 32.7567 11.1803 27.5862 56.8859 54.577 29.7321 
25.1393 30.5144 54.4961 59.2207 33.2415 36.5331 27.76 84.2308 66.0303 46.919 37.4833 62.9673 56.1741 30.6105 28.8617 60.7537 36.692 48.3735 69.7727 44.926 29.0172 82.671 51.0027 42.7625 83.7496 21.6333 19.4868 82.0003 24.1421 17.0 12.8062 8.94427 19.8494 12.53 20.5913 30.5144 59.2368 73.2552 42.7194 83.2254 52.7731 0.0 36.9024 56.7539 26.2488 26.4764 68.5055 76.542 92.2783 60.935 52.6994 75.2937 59.0931 44.7576 53.7756 50.7666 44.3017 19.4165 22.0227 46.0977 
41.6893 20.6155 73.143 68.3321 59.8361 37.8868 12.53 87.947 93.7615 73.5052 18.3576 89.8931 47.1699 52.0865 63.3966 66.6896 63.2782 82.504 58.1378 71.5122 58.6686 85.0941 18.0 33.1059 88.9852 40.1995 27.313 91.6839 24.3311 53.8789 49.4537 38.4649 55.8052 32.7567 37.2025 20.6155 27.0 79.7165 9.05539 86.3354 39.2046 36.9024 0.0 87.7097 52.852 56.6127 66.6408 89.3698 93.6216 88.9195 80.4184 88.9252 26.0768 8.24621 60.8254 45.1885 52.5161 52.0096 52.6972 14.3178 
60.0344 81.4778 44.9153 46.6231 32.8944 65.0891 78.7234 64.4981 19.4165 34.4415 85.3296 30.1496 76.6526 74.6726 50.0 54.3936 43.3336 16.4012 86.5981 37.4433 29.0689 71.0634 98.7613 73.9974 58.8558 73.0274 72.9927 52.6308 77.648 47.0106 47.1699 50.3289 40.0125 55.0091 55.9318 81.4778 105.907 54.0093 91.811 69.1809 81.7511 56.7539 87.7097 0.0 37.2022 61.1882 73.0722 44.1475 79.511 23.3452 20.3961 41.0 107.177 95.7131 52.3704 71.2162 54.5787 37.3631 35.4683 93.7856 
25.1082 46.6649 28.8617 35.5592 7.07107 30.6233 43.9105 61.5003 41.8064 21.2846 47.0692 37.6725 45.5412 54.4059 40.2492 36.863 11.7047 36.2353 58.0775 19.2916 9.84886 60.2061 63.8351 39.5316 58.1152 47.4236 45.3337 56.3659 49.989 28.6007 24.7588 17.4642 23.2594 20.2512 21.0057 46.6649 73.5405 49.295 56.8848 60.2061 47.1578 26.2488 52.852 37.2022 0.0 45.3431 50.6952 50.9076 70.1641 36.6989 28.4633 49.6593 71.2558 60.9608 29.8125 39.4588 24.1868 13.4164 9.48683 58.8594 
51.2445 36.1386 70.2945 78.7211 50.9313 62.6418 44.3847 102.933 76.3217 62.7174 63.0079 73.9254 82.2828 14.1421 12.1655 81.3562 56.4193 47.0425 95.8801 60.7243 42.2019 104.472 73.9797 69.2384 99.5479 19.105 29.6142 97.2456 32.6956 17.0294 20.6155 32.6956 23.8537 38.6005 46.4866 36.1386 82.7647 90.7277 65.0 104.472 79.2465 26.4764 56.6127 61.1882 45.3431 0.0 93.777 91.7874 114.43 72.9452 64.7161 88.4702 82.2253 61.327 74.3057 76.844 67.8108 32.5576 36.7967 69.4262 
44.0454 72.176 35.9026 26.6833 54.4068 33.9706 67.5041 25.9615 61.7171 40.05 48.3322 43.3244 20.3961 99.0454 90.4838 18.6815 39.0512 81.0987 18.3576 40.1995 58.7161 20.0 61.0 33.541 29.9666 89.6683 76.6564 36.0555 78.564 78.27 74.0833 61.0856 73.6817 56.0357 48.0104 72.176 60.0333 24.7588 62.2977 22.0907 29.4279 68.5055 66.6408 73.0722 50.6952 93.777 0.0 38.8973 27.2029 52.3927 52.6761 40.4599 62.0725 73.1642 22.0227 21.4709 26.9258 63.8905 60.1664 58.9406 
57.2177 97.2666 22.3714 21.095 45.8237 52.2398 94.1206 21.095 27.0185 29.65 71.7325 18.3848 52.7731 102.695 82.45 24.1661 43.7203 57.7754 56.7274 34.0597 50.6982 28.8617 88.6454 58.4637 15.0 96.7447 95.6113 8.544 103.655 74.8345 72.343 67.8269 67.7912 70.5275 60.6316 97.2666 90.802 14.2127 86.712 26.4764 60.5392 76.542 89.3698 44.1475 50.9076 91.7874 38.8973 0.0 36.0139 20.8806 26.9258 3.16228 92.4446 96.5491 28.6356 49.3964 37.1214 59.2849 55.045 85.0 
68.4105 98.888 46.6672 39.4462 69.8106 59.6825 94.2162 15.0333 63.0317 53.6656 75.3923 50.448 47.5395 123.253 109.45 33.4215 58.4594 91.6788 42.0119 56.6039 74.7061 10.0 88.0738 60.5392 21.0238 113.492 111.317 28.2843 105.276 98.2328 93.9246 86.2149 92.8208 79.8236 71.8433 98.888 86.5794 26.2488 89.493 10.7703 56.5155 92.2783 93.6216 79.511 70.1641 114.43 27.2029 36.0139 0.0 56.2228 60.4152 39.0 88.6848 100.305 40.3609 48.4665 48.8365 83.853 79.6867 86.1278 
60.5754 83.0578 24.9318 26.6271 31.6149 55.7649 80.3034 41.1947 9.89949 32.2104 75.6102 9.89949 60.4319 84.829 63.8201 34.0 47.0736 37.1214 67.9559 33.7419 32.1407 48.0104 92.655 63.0997 35.5106 80.383 78.958 29.4109 83.6134 56.4365 54.6969 52.9437 49.2336 56.3187 57.0732 83.0578 95.7841 31.1448 90.5897 46.0109 66.8521 60.935 88.9195 23.3452 36.6989 72.9452 52.3927 20.8806 56.2228 0.0 8.544 17.72 97.2155 97.0283 34.2623 55.8087 40.754 42.5281 39.0718 88.8777 
62.1684 74.5567 24.5192 26.227 23.3794 58.0241 71.8023 45.607 15.5242 22.2098 78.2645 10.0499 64.3254 76.5934 55.6058 33.9975 33.8185 31.3209 67.566 25.5063 23.9051 51.4782 95.3094 64.6927 40.4969 72.1475 70.7225 35.3553 75.3778 48.2009 46.4613 44.7081 40.998 47.8176 48.572 74.5567 98.8416 34.3657 84.4512 49.8197 69.5194 52.6994 80.4184 20.3961 28.4633 64.7161 52.6761 26.9258 60.4152 8.544 0.0 23.8537 100.112 88.5272 33.8497 58.6569 42.347 34.2925 30.8362 91.532 
56.4636 96.0183 21.1231 20.6155 44.5754 51.6236 93.2639 24.0208 24.0832 28.4018 71.2879 15.6205 53.3385 101.446 79.4109 24.6982 42.9617 54.626 58.0 32.8114 47.6592 31.5753 88.295 58.2409 18.0278 95.4964 93.62 11.7047 102.406 71.955 70.0754 66.5786 64.7521 69.2792 59.8775 96.0183 90.7579 16.1245 86.2673 29.2746 60.8358 75.2937 88.9252 41.0 49.6593 88.4702 40.4599 3.16228 39.0 17.72 23.8537 0.0 92.3472 96.1044 28.4605 49.6588 36.4966 58.0366 53.7967 84.5554 
50.1826 46.0977 77.1109 71.7844 74.3366 42.0595 37.855 87.0919 107.259 76.8533 24.7588 87.5871 42.0119 78.1601 87.7793 68.6586 64.3625 102.269 47.5395 76.1883 77.2334 82.0549 8.24621 34.176 89.56 66.2722 52.6308 93.5575 50.3587 76.0592 71.5542 59.3633 77.5242 52.4309 55.6063 46.0977 2.23607 81.2158 17.2627 84.006 33.0606 59.0931 26.0768 107.177 71.2558 82.2253 62.0725 92.4446 88.6848 97.2155 100.112 92.3472 0.0 24.7386 63.8905 43.566 56.4624 72.2011 71.8195 13.0 
49.7981 26.4008 80.3223 75.5113 67.9449 45.0661 19.105 95.1263 101.87 81.614 25.0 98.0019 53.2259 55.109 68.8171 73.8689 71.387 90.3592 63.2456 79.621 66.6483 92.0489 17.8885 39.8497 96.1645 43.6807 33.0151 98.8632 28.6356 60.5476 57.309 46.3202 63.6604 40.7063 45.3113 26.4008 26.2488 86.8958 11.4018 93.4077 44.7772 44.7576 8.24621 95.7131 60.9608 61.327 73.1642 96.5491 100.305 97.0283 88.5272 96.1044 24.7386 0.0 68.0046 51.8652 59.6953 59.8881 60.5705 16.2788 
29.9266 64.6764 15.8114 8.06226 32.4368 24.0208 61.5304 30.0167 44.0641 18.2483 43.188 24.634 26.1725 82.9015 69.9641 7.2111 18.1078 59.2115 34.4384 18.2483 37.3368 30.4138 60.0167 29.8329 29.4109 74.989 72.8139 31.0644 71.0644 57.8813 53.6978 45.8633 53.0186 41.3209 33.3405 64.6764 62.2977 19.6469 58.1675 30.4795 32.7567 53.7756 60.8254 52.3704 29.8125 74.3057 22.0227 28.6356 40.3609 34.2623 33.8497 28.4605 63.8905 68.0046 0.0 21.6333 9.48683 43.1727 39.2969 56.4358 
25.632 50.8167 36.7967 29.6816 40.1622 14.3178 46.1448 44.1022 65.6105 36.7875 26.9258 46.1803 6.08276 81.2091 75.9539 25.2982 29.7321 74.6324 19.2354 35.0611 49.0306 40.2616 41.0122 12.083 46.0977 71.776 55.2971 50.01 57.2047 62.9682 58.0517 44.3847 60.1332 38.2753 30.3645 50.8167 41.7732 37.6563 41.2311 41.7732 11.1803 50.7666 45.1885 71.2162 39.4588 76.844 21.4709 49.3964 48.4665 55.8087 58.6569 49.6588 43.566 51.8652 21.6333 0.0 17.4929 51.0 48.0937 38.3275 
20.4528 55.2026 20.5913 16.0312 23.3452 15.1327 52.0566 39.3573 50.5558 20.15 34.8787 31.1257 23.2594 74.857 63.6035 16.5529 13.0384 57.7973 34.5254 18.4236 33.0151 39.0512 51.923 22.3607 38.8973 65.5151 63.3401 40.3113 61.5906 51.3897 47.2029 36.8819 46.8402 31.8471 23.8667 55.2026 55.0364 29.1204 49.8582 39.4081 27.5862 44.3017 52.5161 54.5787 24.1868 67.8108 26.9258 37.1214 48.8365 40.754 42.347 36.4966 56.4624 59.6953 9.48683 17.4929 0.0 37.108 33.541 48.1462 
28.4605 45.6448 37.8202 44.5177 18.3848 38.4708 42.8904 70.4588 47.3814 30.2431 48.053 43.5017 57.0088 42.9418 26.8328 50.2232 25.0799 30.4795 70.0702 28.25 10.4403 74.0025 64.6607 47.2969 67.0736 37.855 36.5608 65.3243 41.2161 15.5563 12.53 13.6015 9.84886 19.8494 23.7697 45.6448 71.8471 58.2534 57.28 73.1511 56.8859 19.4165 52.0096 37.3631 13.4164 32.5576 63.8905 59.2849 83.853 42.5281 34.2925 58.0366 72.2011 59.8881 43.1727 51.0 37.108 0.0 4.24264 59.6657 
26.8328 46.3272 33.6539 40.3514 14.1421 36.1418 43.5728 66.2925 44.1022 26.0768 47.6329 40.0454 54.1512 47.0106 30.8869 46.3474 21.1896 30.4795 67.0 24.0838 7.0 69.8363 64.3988 45.2217 62.9074 41.4849 39.9006 61.1581 44.5559 19.799 16.6433 14.8661 13.8924 20.0 22.4722 46.3272 71.4327 54.0872 57.3847 68.9848 54.577 22.0227 52.6972 35.4683 9.48683 36.7967 60.1664 55.045 79.6867 39.0718 30.8362 53.7967 71.8195 60.5705 39.2969 48.0937 33.541 4.24264 0.0 59.4231 
47.6968 33.3766 68.7732 63.9531 65.757 33.517 25.1794 82.3893 98.6795 68.2737 13.9284 79.2494 38.6005 66.0 74.7846 62.0725 55.7829 89.8721 47.5079 67.6086 64.837 78.4474 5.0 27.0 84.0238 54.0093 39.8121 87.1436 38.0132 63.0714 58.5918 46.6154 64.6607 39.8246 43.2099 33.3766 13.3417 75.0267 5.38516 80.0625 29.7321 46.0977 14.3178 93.7856 58.8594 69.4262 58.9406 85.0 86.1278 88.8777 91.532 84.5554 13.0 16.2788 56.4358 38.3275 48.1462 59.6657 59.4231 0.0 
DEMAND_SCENARIO_SECTION
0 0 0 0 0 0 0 0 0 0 0 0 0 0 0 0 0 0 0 0 0 0 0 0 0 0 0 0 0 0 0 0 0 0 0 0 0 0 0 0 0 0 0 0 0 0 0 0 0 0 0 0 0 0 0 0 0 0 0 0 0 0 0 0 0 0 0 0 0 0 0 0 0 0 0 0 0 0 0 0 0 0 0 0 0 0 0 0 0 0 0 0 0 0 0 0 0 0 0 0 0 0 0 0 0 0 0 0 0 0 0 0 0 0 0 0 0 0 0 0 0 0 0 0 0 0 0 0 0 0 0 0 0 0 0 0 0 0 0 0 0 0 0 0 0 0 0 0 0 0 0 0 0 0 0 0 0 0 0 0 0 0 0 0 0 0 0 0 0 0 0 0 0 0 0 0 0 0 0 0 0 0 0 0 0 0 0 0 0 0 0 0 0 0 0 0 0 0 0 0 
8 5 7 10 7 8 6 9 10 6 2 5 8 5 10 12 9 6 1 4 8 5 3 8 5 2 8 8 4 8 6 6 7 6 4 3 5 8 7 4 5 5 3 5 7 5 4 5 7 9 6 3 6 5 5 2 5 7 8 7 4 7 9 5 4 5 5 7 6 8 4 5 4 6 7 2 6 2 7 6 9 5 6 6 2 7 5 7 7 7 9 8 7 6 3 2 7 6 2 7 5 7 7 6 5 9 3 7 6 5 7 3 5 7 6 8 5 7 1 6 5 4 7 6 8 3 9 9 6 5 4 6 9 8 10 6 4 5 6 4 5 7 8 4 7 7 5 8 7 9 6 8 9 11 9 7 8 8 6 5 6 10 8 6 10 11 10 5 7 8 6 6 4 6 7 5 6 5 4 2 4 5 4 8 7 5 7 11 7 5 6 5 10 8 5 4 3 6 8 9 
8 6 3 4 8 6 8 4 3 8 3 5 7 7 7 6 6 8 5 7 5 6 7 6 7 8 6 7 3 5 9 8 5 6 3 5 7 8 5 4 8 9 8 6 7 2 3 7 4 6 4 4 5 5 6 7 4 4 7 6 8 6 7 5 4 5 5 7 4 6 6 3 7 5 6 4 9 6 1 3 8 4 5 2 5 3 4 6 5 6 7 4 2 6 6 6 10 4 9 4 8 6 4 7 7 5 7 7 8 7 4 9 4 8 3 3 10 9 6 10 11 7 5 6 7 6 8 7 3 8 4 8 7 7 8 7 4 5 9 4 7 1 6 5 6 4 10 8 7 6 7 6 4 2 5 1 9 4 10 6 8 3 9 6 8 4 1 6 7 6 3 6 6 8 6 9 5 5 7 5 2 8 7 9 7 6 8 6 5 6 2 9 7 4 2 8 6 4 4 6 
2 2 2 3 2 2 1 2 2 2 3 2 3 2 3 2 1 3 2 2 3 2 2 3 2 2 2 1 2 2 2 3 1 2 1 2 3 2 1 2 3 1 3 1 1 3 2 2 3 1 2 3 2 1 2 1 1 1 3 1 1 2 1 4 2 1 3 2 2 3 2 2 3 2 3 3 1 2 2 1 2 2 2 2 1 3 3 2 1 1 2 2 3 2 2 2 2 1 1 2 3 2 2 3 1 1 2 3 1 2 2 2 3 3 2 3 0 1 3 3 2 2 3 2 2 3 3 2 2 2 2 2 2 1 2 2 2 3 3 2 2 3 1 2 3 2 2 2 3 2 1 2 2 3 2 2 1 2 1 1 2 2 2 1 2 3 3 3 2 2 1 1 2 3 2 2 3 1 2 1 3 2 2 2 1 2 3 2 2 3 1 3 2 2 2 2 1 2 2 2 
4 3 4 4 3 3 3 3 4 3 2 4 3 2 3 4 2 3 2 3 3 3 4 0 3 5 1 4 3 3 3 2 3 4 2 3 3 2 5 6 2 4 4 4 4 4 2 3 2 3 4 2 0 3 2 4 1 2 3 1 3 2 3 4 4 3 2 4 3 4 3 3 1 2 2 4 4 3 2 2 5 5 4 3 3 4 4 3 2 2 3 4 3 2 3 3 3 4 4 4 3 3 4 2 4 2 2 4 3 3 5 3 3 4 2 3 3 3 5 4 3 3 2 3 3 4 3 3 2 2 2 2 2 3 3 2 3 6 2 5 2 3 2 4 4 3 4 2 3 4 3 3 3 1 4 4 1 2 4 3 1 1 3 3 3 3 3 4 5 2 2 4 4 4 3 3 3 5 4 2 3 4 2 4 4 4 5 4 3 2 3 4 3 2 4 6 3 4 2 4 
7 6 4 3 9 10 8 7 9 9 4 9 13 9 7 7 6 6 10 9 9 10 7 6 5 5 7 9 8 11 3 6 6 8 9 6 4 12 8 6 7 6 5 5 5 13 9 7 9 5 10 2 9 7 2 6 7 7 7 9 9 5 9 7 10 9 6 8 6 10 9 9 3 9 7 5 8 9 5 5 9 5 10 10 8 5 7 2 5 6 9 10 7 6 9 4 2 4 7 1 6 7 4 0 6 6 6 2 7 5 7 7 5 6 6 6 10 12 9 10 4 7 12 7 5 8 2 10 11 5 7 6 4 2 5 11 4 9 7 4 7 4 6 4 8 8 8 7 9 11 10 7 3 10 6 6 9 4 3 7 6 7 8 9 6 10 8 7 9 3 6 6 8 4 5 10 5 10 3 8 6 6 12 4 4 13 10 6 9 5 4 9 4 7 4 1 8 4 8 11 
4 3 2 3 3 7 4 5 7 5 5 5 5 3 5 6 7 3 5 3 5 5 3 2 4 2 5 5 7 4 8 6 4 2 5 5 8 8 2 8 6 4 9 4 5 5 6 6 10 4 2 7 5 7 2 6 8 2 5 7 7 5 5 4 3 6 8 5 5 3 6 6 5 4 3 4 3 3 5 6 4 3 3 5 8 9 6 6 3 4 3 4 2 3 5 5 4 5 3 2 3 3 7 3 6 7 3 6 5 6 5 4 6 1 6 4 3 6 1 8 3 3 4 5 5 7 5 5 6 8 7 7 6 7 5 5 5 5 5 6 6 5 4 6 4 4 7 7 5 6 9 5 5 3 4 5 3 2 6 5 0 3 6 6 4 7 4 6 4 4 6 4 1 4 5 7 4 5 6 8 5 3 5 7 5 4 2 6 2 2 6 4 9 4 3 4 8 4 6 9 
2 4 5 4 6 4 5 4 8 2 8 1 4 5 4 7 4 6 3 6 5 4 7 6 4 5 6 4 1 3 5 9 5 4 5 3 3 5 4 2 6 5 8 6 4 6 6 5 5 6 4 4 4 7 7 6 7 6 4 8 5 8 7 6 4 4 7 5 8 5 8 8 4 4 4 7 3 5 6 6 2 3 8 6 3 6 8 2 5 5 3 7 7 7 4 6 7 6 7 7 7 5 3 7 3 6 8 5 5 1 4 5 3 5 4 3 5 2 4 4 6 6 6 5 3 3 5 7 3 3 4 6 8 7 6 6 4 4 7 6 4 8 7 9 6 4 4 7 4 6 4 2 6 5 5 6 5 9 4 2 7 0 3 7 4 8 6 8 8 7 4 8 4 7 2 6 5 8 6 5 6 4 2 5 4 3 4 5 5 4 5 5 7 6 6 4 4 6 4 4 
9 8 5 4 6 8 6 7 10 7 10 4 8 7 4 8 6 8 9 9 4 8 6 10 7 6 8 6 9 6 7 2 4 9 9 8 9 8 5 7 6 7 0 6 9 9 8 6 7 10 8 5 6 3 8 10 6 5 9 9 5 7 3 6 6 9 8 12 7 7 4 8 6 6 6 6 6 2 9 10 10 4 7 7 5 7 4 4 3 6 8 5 6 7 10 7 8 4 0 9 6 10 7 5 7 3 7 7 6 9 8 6 9 5 5 5 9 11 1 7 4 8 5 6 2 8 8 5 3 12 10 11 5 5 7 7 3 4 6 11 7 8 7 0 8 4 9 2 9 7 7 7 11 8 10 9 10 5 5 6 6 8 8 8 6 6 9 11 6 11 4 9 8 9 9 6 4 5 3 5 7 2 6 10 7 7 6 3 11 9 9 7 5 10 7 7 6 5 7 3 
5 7 5 2 7 5 7 3 8 3 5 9 7 8 6 7 4 4 3 1 6 5 3 6 4 4 6 7 3 8 5 5 2 3 2 5 5 4 2 7 7 5 6 6 2 6 4 4 5 6 8 4 4 5 5 3 3 3 5 7 5 4 5 7 3 4 4 4 4 6 6 5 6 3 2 6 6 5 7 6 5 3 4 4 4 3 7 6 4 6 6 8 5 3 8 4 8 4 8 5 5 6 7 3 6 7 3 6 7 6 7 5 5 6 5 9 6 4 4 7 5 4 4 7 7 2 6 5 4 6 6 5 6 5 6 6 4 4 4 4 8 7 6 7 6 4 5 5 4 3 5 3 8 5 2 4 7 4 1 6 4 4 5 3 5 9 4 4 5 6 6 4 7 4 4 5 6 2 6 3 6 4 3 4 6 3 4 3 5 5 4 8 7 7 6 3 7 8 6 3 
13 11 9 13 4 8 7 13 6 7 12 10 2 8 4 9 14 10 0 13 10 11 10 9 4 10 10 11 9 6 12 4 7 12 6 10 5 6 12 11 11 10 9 6 8 2 12 8 11 6 8 11 6 12 13 12 15 6 5 12 13 8 5 11 11 8 4 7 9 11 6 14 4 7 7 4 7 14 9 12 11 6 2 6 13 16 5 4 12 5 13 16 12 10 11 6 6 11 12 11 6 8 10 8 10 9 11 6 9 9 5 15 9 6 6 9 6 9 4 11 10 10 10 10 3 8 10 7 5 12 10 10 6 10 8 10 11 11 8 4 11 10 12 7 12 13 12 13 10 10 10 9 8 11 7 14 7 7 11 3 7 6 6 3 11 4 9 11 11 8 9 7 5 7 13 7 7 10 13 14 10 14 12 7 4 14 12 9 13 12 8 11 3 7 11 16 12 9 4 5 
4 4 2 4 3 4 4 3 2 4 4 3 2 3 2 5 2 4 4 3 4 3 3 4 2 3 1 2 1 2 4 3 2 2 2 2 2 4 2 5 3 2 1 3 4 4 3 3 2 3 3 4 4 2 3 3 4 1 2 3 3 3 2 3 4 2 4 3 5 3 5 4 4 2 3 2 3 4 4 2 4 3 2 5 4 2 4 3 2 2 3 5 3 3 4 1 4 4 2 2 3 4 3 3 3 4 2 2 4 3 5 2 4 2 1 3 3 2 3 3 3 3 2 4 2 2 1 3 3 0 4 4 4 5 4 4 4 2 2 2 5 4 4 3 3 2 3 3 3 4 3 4 4 4 0 2 2 3 3 4 3 4 3 3 3 2 2 3 4 0 3 2 1 2 2 2 2 2 1 4 3 2 2 4 3 3 6 4 3 4 4 5 3 3 3 4 3 2 1 4 
8 6 8 3 6 2 5 2 9 8 7 8 6 3 3 6 7 5 5 5 6 6 5 8 6 5 9 4 3 7 4 5 5 5 6 10 11 6 7 4 10 7 4 8 4 5 10 4 8 3 6 7 2 5 6 6 8 5 9 6 7 5 3 4 8 6 5 4 7 4 4 7 8 12 3 6 5 8 2 5 6 8 7 7 9 9 5 7 6 7 8 6 9 9 2 8 6 1 6 10 6 7 7 4 8 4 8 3 8 5 3 3 5 5 5 4 3 7 8 7 6 3 3 10 4 8 5 4 4 9 3 7 7 3 7 4 8 8 9 7 8 7 5 7 8 8 4 8 4 5 5 7 4 8 5 7 7 5 9 7 7 6 8 5 4 7 7 7 6 5 8 8 8 5 3 4 9 5 6 6 8 11 3 6 4 2 3 4 4 12 6 4 2 5 6 9 4 4 6 4 
2 2 3 2 3 3 3 2 2 2 1 2 2 3 3 2 2 2 3 2 1 1 2 2 2 2 2 1 4 2 1 1 1 3 3 2 2 2 2 1 1 2 2 1 2 3 2 3 1 3 2 2 2 2 2 2 2 1 1 1 1 3 1 3 1 2 2 2 2 3 2 3 2 2 1 3 1 2 2 1 2 2 2 1 3 2 2 0 2 2 2 2 2 1 2 3 3 2 2 3 3 3 2 2 1 0 2 2 2 2 3 2 2 3 2 2 2 0 1 2 2 1 3 3 1 1 2 2 1 2 3 2 2 2 2 1 2 1 1 2 1 2 1 1 2 2 3 3 2 1 2 2 4 4 2 1 2 2 2 3 1 2 1 2 4 3 3 2 2 1 1 2 2 2 1 3 1 1 1 2 2 2 2 1 2 2 3 1 3 2 2 2 2 2 2 3 2 2 1 2 
7 6 8 5 4 6 5 7 7 6 6 7 6 8 4 9 8 8 5 6 7 7 7 5 5 4 6 7 6 5 6 6 8 5 7 4 4 8 4 10 4 10 4 7 7 7 2 9 4 6 4 5 7 9 9 6 5 7 3 5 5 5 8 4 5 6 6 3 6 7 8 7 5 5 6 7 4 7 10 6 3 4 6 9 6 6 7 6 6 5 5 4 4 5 6 8 7 9 7 7 9 5 6 9 7 7 9 6 3 7 6 6 4 7 8 6 5 5 4 8 3 6 6 3 7 3 9 2 9 9 9 6 8 8 5 5 8 5 4 9 7 6 4 5 6 7 5 7 7 4 2 6 4 5 9 4 5 7 11 5 8 6 8 8 6 6 5 11 6 5 7 8 5 8 9 10 6 8 4 7 10 8 8 9 4 5 6 5 4 7 7 8 9 2 0 7 6 4 13 4 
7 6 4 7 10 10 6 2 5 6 7 10 6 5 8 7 7 5 4 4 5 9 4 5 7 8 8 8 5 6 7 7 6 4 8 7 4 6 5 5 6 8 4 6 9 1 9 7 8 5 9 6 3 4 0 10 6 5 7 5 5 6 7 9 4 6 6 3 5 4 7 8 3 5 9 6 6 7 4 5 6 9 5 6 5 7 5 7 4 7 3 5 3 6 4 6 6 8 4 7 7 4 3 9 8 5 7 9 6 7 5 8 8 6 9 6 1 9 4 6 7 5 7 7 6 3 8 5 5 9 7 7 2 7 5 8 8 8 6 6 5 7 5 8 7 6 9 6 6 7 8 7 5 4 6 4 4 2 6 5 4 10 12 9 8 3 7 6 8 10 5 7 6 4 6 6 6 4 1 6 3 6 7 6 8 6 7 6 4 5 2 7 6 6 6 6 6 3 4 5 
7 4 6 4 10 5 11 10 5 5 10 5 6 4 7 8 9 7 6 5 6 6 7 7 8 3 7 4 6 5 4 7 8 5 7 8 7 6 12 9 13 11 4 6 5 11 7 4 6 7 8 5 10 10 8 8 5 9 6 6 5 7 8 3 8 8 10 6 6 8 8 5 11 10 9 7 3 6 7 10 9 3 6 6 6 7 9 6 8 7 10 7 9 2 6 7 8 8 5 6 6 10 6 1 4 10 6 4 4 7 10 7 7 10 7 8 4 6 8 10 7 4 8 6 9 4 8 6 9 9 10 7 5 8 10 14 2 9 3 7 9 5 11 8 8 10 4 8 7 7 10 11 6 7 11 5 8 11 7 4 5 1 9 4 7 10 2 5 8 5 10 8 9 9 4 3 8 5 3 8 10 9 6 7 6 7 8 6 9 5 5 9 4 9 10 8 8 9 6 7 
11 10 9 5 2 10 8 12 6 9 8 5 9 8 10 9 8 11 8 3 13 9 9 10 9 7 7 12 10 14 6 8 6 9 3 8 4 6 10 11 4 9 10 7 6 4 3 10 6 10 11 5 8 3 12 7 10 13 7 16 7 9 4 4 5 12 11 6 9 9 7 10 2 7 13 12 11 11 13 10 7 6 4 17 11 11 5 10 10 7 6 5 13 6 10 6 10 10 9 11 3 8 11 7 10 8 12 5 6 8 7 9 9 11 4 9 11 11 13 9 4 8 8 5 4 11 10 12 6 8 10 9 7 8 8 7 8 6 10 6 12 6 9 10 8 8 3 13 11 6 10 4 7 9 7 11 7 5 11 4 9 9 10 6 7 10 7 9 14 5 7 9 4 10 5 11 12 10 12 8 9 7 7 7 2 7 8 0 8 15 6 10 9 6 5 7 8 11 9 3 
1 2 2 2 2 2 2 2 1 2 2 2 3 2 1 2 2 2 2 2 1 2 1 3 2 2 3 2 2 1 2 1 2 0 1 4 1 1 1 2 2 3 1 3 3 1 2 4 2 1 3 3 3 2 2 2 2 2 2 3 2 2 0 1 2 2 3 2 4 1 2 3 0 1 2 3 0 0 3 1 2 2 2 2 3 2 2 2 2 2 2 2 1 2 2 2 1 3 2 2 2 2 3 2 2 3 3 3 2 2 2 2 2 2 1 2 1 2 2 3 1 2 1 2 2 2 2 2 2 2 2 3 2 2 2 3 1 1 2 2 1 2 2 1 3 2 3 2 3 1 2 3 3 3 2 3 3 2 2 3 2 2 2 2 1 3 3 1 3 3 2 1 2 3 2 2 3 2 2 1 3 3 1 2 2 3 2 2 1 1 2 1 1 3 2 2 2 2 1 2 
6 7 3 5 5 3 3 5 5 6 1 1 4 6 5 6 5 6 8 6 4 5 7 4 4 6 5 4 4 8 7 5 6 3 4 7 4 3 3 2 4 3 6 5 8 5 6 5 4 6 6 4 4 5 6 6 5 5 8 5 4 4 2 5 8 6 4 5 8 6 2 3 4 7 4 8 7 3 5 0 5 6 4 2 6 5 4 6 7 3 9 2 4 3 3 6 5 6 6 4 5 6 4 1 1 4 4 6 3 5 6 6 5 6 6 3 8 7 5 5 4 8 5 6 5 6 5 7 10 6 3 4 5 8 4 6 5 5 4 3 2 3 4 8 6 5 4 5 7 5 4 3 3 3 6 3 5 3 5 5 3 4 3 5 6 9 7 9 3 1 6 5 4 5 8 5 4 2 9 6 6 4 4 4 7 6 7 7 2 5 2 9 5 6 1 7 4 8 3 6 
10 12 13 4 6 13 14 10 7 7 5 11 11 5 11 5 10 7 1 10 7 5 10 8 3 11 7 12 11 9 7 9 10 5 6 4 9 13 10 12 11 6 13 11 9 4 12 9 7 6 5 8 8 9 9 7 11 9 1 13 7 12 7 2 8 7 5 5 6 8 7 6 5 8 13 6 8 10 11 2 7 6 6 9 12 7 11 6 4 12 2 7 6 8 8 6 5 3 14 7 10 11 11 11 12 10 4 1 10 8 5 12 2 8 10 11 5 10 11 7 6 11 6 8 9 9 11 5 13 7 6 11 7 9 5 7 2 6 16 5 14 9 7 10 8 10 9 10 11 10 7 6 4 8 8 8 7 11 12 5 9 6 5 4 5 8 7 7 9 6 8 10 9 8 6 3 9 5 10 6 12 8 11 3 6 6 11 10 7 8 6 9 5 8 8 5 8 11 6 8 
3 3 2 3 2 3 3 1 1 1 3 2 2 2 3 3 3 2 2 2 2 2 2 2 2 2 1 1 2 2 2 3 2 2 1 2 3 2 2 0 2 2 2 2 2 2 1 2 2 2 2 2 2 2 2 2 2 1 1 1 2 2 2 2 2 2 3 2 2 2 1 1 2 1 2 2 2 1 2 3 2 1 2 2 1 1 2 2 2 2 2 1 2 1 2 2 2 2 2 2 2 2 2 2 2 2 2 2 2 2 1 2 2 3 2 2 2 3 3 3 1 3 2 1 2 1 2 1 2 1 3 2 4 1 2 3 2 2 3 2 2 3 2 2 2 2 2 2 2 2 1 3 1 2 0 1 2 3 1 2 2 2 2 2 3 2 0 2 3 3 2 2 2 1 2 2 2 2 1 1 2 2 1 2 2 2 2 2 2 1 1 2 3 2 2 2 1 2 1 3 
4 2 8 5 2 4 5 7 7 7 8 6 4 7 6 4 5 3 5 6 3 6 3 4 4 6 6 6 8 6 6 6 5 4 6 5 6 4 7 7 5 5 5 4 4 5 5 6 4 6 4 6 4 3 5 6 7 4 3 5 4 6 2 5 6 3 5 5 6 8 5 4 7 6 3 7 4 3 2 4 5 6 7 6 3 6 5 7 4 6 5 3 6 6 4 6 4 6 5 7 6 6 4 5 1 4 7 8 5 7 7 7 3 7 5 6 6 6 7 4 3 3 3 7 5 6 6 5 5 3 7 4 3 6 3 6 8 4 7 5 6 4 5 3 4 7 3 3 5 5 6 5 5 4 3 8 6 6 7 7 7 3 4 0 4 6 5 4 4 3 4 5 4 4 8 3 8 4 7 2 7 5 9 6 4 3 4 6 4 3 8 6 4 6 7 5 2 3 4 4 
1 1 1 1 1 1 1 2 1 1 2 1 1 1 1 1 1 1 1 1 1 1 1 2 1 1 1 1 2 1 2 1 1 1 1 1 1 1 1 1 1 1 1 1 1 1 1 1 1 1 1 1 2 1 1 0 1 1 1 1 1 1 1 0 1 1 1 1 1 1 1 1 1 1 1 1 1 1 1 1 1 0 1 1 1 1 1 1 1 1 1 1 1 0 2 1 2 1 1 1 1 1 1 1 1 1 1 1 1 1 2 1 1 1 1 1 1 0 1 1 1 1 1 1 1 1 1 1 1 1 1 1 1 1 2 1 1 1 1 1 1 1 1 1 1 1 1 1 1 1 1 1 1 1 1 1 1 1 1 1 1 1 0 1 1 1 1 1 0 1 1 1 1 1 1 1 1 1 1 2 1 1 1 1 2 1 1 1 1 1 1 0 1 1 1 1 1 1 2 1 
