NAME  : Jabali_60_3_0.85_1_5
TYPE : SVRP
MODEL : FINITE_SUPPORT
NUMBER_OF_SCENARIOS : 200
DIMENSION : 60
EDGE_WEIGHT_TYPE : MATRIX
CAPACITY : 142
N_VEHICLES : 3
NODE_COORD_SECTION
1 5151 4990
2 7525 3790
3 4981 9608
4 247 4751
5 2230 3150
6 5610 2109
7 2834 1292
8 7922 4431
9 1458 3664
10 4177 3400
11 2186 2730
12 1478 6349
13 2842 2795
14 5118 3169
15 3780 1016
16 2289 6733
17 4472 3078
18 3962 18
19 6126 5545
20 1420 3953
21 3874 1833
22 7478 6515
23 3342 7340
24 6734 7199
25 4721 8106
26 8318 3169
27 5658 4735
28 1732 2727
29 7476 3923
30 2286 5960
31 2729 3522
32 4574 4351
33 5034 3604
34 6248 1848
35 8994 3563
36 4742 6317
37 1097 3919
38 7069 6594
39 5440 4874
40 7741 3858
41 6349 8825
42 4068 5871
43 6210 8984
44 6103 6479
45 4074 5048
46 4352 8439
47 4724 3379
48 27 5923
49 8142 5393
50 5441 8505
51 3083 6005
52 5186 5913
53 1581 5663
54 8514 5425
55 5403 9632
56 6812 7828
57 4024 7670
58 2527 1396
59 4312 4300
60 6018 1565
DEMAND_SECTION
1 0.0
2 6.0
3 3.0
4 5.0
5 9.0
6 7.0
7 10.0
8 4.0
9 8.0
10 1.0
11 7.0
12 9.0
13 2.0
14 10.0
15 9.0
16 10.0
17 7.0
18 2.0
19 7.0
20 10.0
21 2.0
22 3.0
23 8.0
24 9.0
25 5.0
26 5.0
27 9.0
28 8.0
29 8.0
30 3.0
31 7.0
32 3.0
33 1.0
34 10.0
35 7.0
36 10.0
37 9.0
38 4.0
39 10.0
40 3.0
41 7.0
42 8.0
43 8.0
44 9.0
45 7.0
46 4.0
47 6.0
48 6.0
49 2.0
50 7.0
51 7.0
52 5.0
53 8.0
54 2.0
55 3.0
56 5.0
57 3.0
58 6.0
59 6.0
60 4.0
DEVIATION_SECTION
1 0.0
2 2.0
3 1.0
4 1.66667
5 3.0
6 2.33333
7 3.33333
8 1.33333
9 2.66667
10 0.333333
11 2.33333
12 3.0
13 0.666667
14 3.33333
15 3.0
16 3.33333
17 2.33333
18 0.666667
19 2.33333
20 3.33333
21 0.666667
22 1.0
23 2.66667
24 3.0
25 1.66667
26 1.66667
27 3.0
28 2.66667
29 2.66667
30 1.0
31 2.33333
32 1.0
33 0.333333
34 3.33333
35 2.33333
36 3.33333
37 3.0
38 1.33333
39 3.33333
40 1.0
41 2.33333
42 2.66667
43 2.66667
44 3.0
45 2.33333
46 1.33333
47 2.0
48 2.0
49 0.666667
50 2.33333
51 2.33333
52 1.66667
53 2.66667
54 0.666667
55 1.0
56 1.66667
57 1.0
58 2.0
59 2.0
60 1.33333
DISTANCE_MATRIX
0.0 37.1602 65.6049 70.7659 45.3516 37.6648 63.9183 41.7349 53.4709 27.2265 48.6246 52.8493 42.4767 30.7498 60.5125 46.1736 30.3091 73.9168 16.7869 54.0251 49.3641 38.6964 42.107 38.8973 45.793 50.1199 6.40312 53.3068 36.4345 41.1901 37.5472 13.9883 25.1473 43.2483 56.9481 21.0238 57.6277 35.4018 3.60555 39.2629 57.4282 20.0998 58.6003 25.632 14.5185 50.5371 26.8328 70.07 46.2678 50.9313 31.9531 14.8661 48.8131 50.351 65.8559 46.6154 42.0595 62.8744 14.5185 45.5613 
37.1602 0.0 85.4725 100.081 71.5102 34.1321 69.8713 8.94427 81.2376 44.4185 74.7827 90.0085 69.0672 33.1059 62.0 83.0956 41.1461 70.0357 29.8329 82.3929 54.5894 35.2491 74.9533 46.9208 70.1142 13.6015 30.9179 79.4649 1.0 78.3493 64.2305 50.8462 33.6308 31.9531 19.799 51.1957 85.968 37.7468 33.5782 2.23607 70.0393 56.4653 71.917 40.1995 51.6777 76.0592 37.2156 107.229 21.4009 69.6895 68.9964 43.1741 85.9724 23.7065 84.4403 54.6105 71.3442 72.3671 45.1012 36.0555 
65.6049 85.4725 0.0 93.2148 95.2075 101.569 118.693 79.9062 93.2309 83.4506 100.133 66.2722 97.4629 89.2234 116.759 54.5894 86.5691 130.177 60.3738 91.1811 105.611 53.0377 38.3275 40.1123 20.6155 97.3242 67.4166 102.058 84.4876 62.0967 89.0506 70.2484 89.3634 106.597 97.1854 45.2769 93.3006 49.2544 66.8506 86.1374 20.2485 52.8015 18.3848 45.8803 63.8905 18.3848 83.0929 86.0 70.0643 15.8114 55.5428 50.8035 71.3863 72.0069 5.0 34.1321 29.5466 117.861 70.7672 109.293 
70.7659 100.081 93.2148 0.0 34.7851 80.8082 57.0789 106.008 21.8403 56.4004 37.855 27.5136 44.3847 68.4105 68.7314 38.6394 61.0328 80.0562 78.3084 19.3132 62.6418 97.9578 55.2268 92.4446 76.0263 111.145 77.0961 34.1321 99.6036 32.0156 37.2156 61.8668 66.5282 89.7412 119.465 63.6003 16.4924 93.5473 74.3533 102.314 99.0808 52.8434 99.0202 81.0726 53.6879 75.4255 63.2535 16.1555 107.166 87.0 41.5933 67.5748 22.0227 111.249 96.7471 96.8814 65.0692 54.0093 58.717 89.2352 
45.3516 71.5102 95.2075 34.7851 0.0 47.9285 25.2982 77.5962 13.0 27.3242 5.0 44.5982 10.0 39.3296 35.0143 48.2597 31.6609 47.676 58.3464 15.5242 27.8927 80.2559 58.1701 79.0013 75.5693 82.6345 51.6818 8.06226 70.9536 38.2753 8.06226 36.3633 38.5044 56.313 91.0454 55.1476 18.3848 76.7616 48.939 73.7271 95.1958 47.5139 96.0901 65.6765 36.1248 76.8408 34.4761 48.2597 88.8567 85.7084 39.7687 52.5437 35.7351 91.5225 97.7497 86.1799 65.6635 23.2594 33.249 54.5159 
37.6648 34.1321 101.569 80.8082 47.9285 0.0 37.6962 42.5793 60.9268 26.3059 45.8544 80.895 38.3356 17.4642 28.1603 78.0 21.2132 36.1386 50.0405 62.243 22.8254 64.8173 77.8781 70.1899 82.4879 39.2938 34.1813 51.226 34.2345 70.2567 43.9168 34.2053 23.0868 8.94427 49.2443 58.3138 66.3102 62.9592 35.2279 36.0555 91.5168 55.3173 92.8217 58.9732 45.2769 87.5707 22.0907 91.7606 54.2343 86.267 64.0703 51.197 73.7564 56.9001 101.268 78.626 79.0615 40.7185 34.5254 9.0 
63.9183 69.8713 118.693 57.0789 25.2982 37.6962 0.0 77.3175 36.1248 36.7181 20.6155 69.8928 21.2603 39.4224 13.0384 72.9452 34.2906 23.0 76.913 39.2046 15.2971 99.4324 81.6482 97.6576 98.0981 76.844 60.9573 23.0 69.7209 63.0635 29.6816 51.0419 43.7245 44.7772 86.6833 71.9873 41.0122 95.5279 67.5057 72.0069 113.074 66.302 114.237 84.3762 54.9129 101.599 39.1509 72.0625 88.665 103.188 63.2468 71.1385 61.0328 91.3309 119.878 104.75 91.2861 3.60555 49.4401 41.8808 
41.7349 8.94427 79.9062 106.008 77.5962 42.5793 77.3175 0.0 87.1635 50.3733 80.8031 92.0922 75.0876 39.2938 70.1142 83.3856 47.1275 78.6448 29.9951 88.3188 62.1289 27.8568 74.6326 40.025 66.1211 17.4642 35.4926 85.4853 8.544 80.6417 70.1564 55.7223 39.5567 40.8534 18.9737 50.9221 91.8939 30.8058 38.153 7.81025 62.9365 56.7657 64.846 36.2215 56.2524 72.1734 43.0967 111.804 12.7279 64.3817 70.1929 43.0872 90.5471 14.7648 77.666 47.4342 70.2443 79.6871 51.0277 44.9444 
53.4709 81.2376 93.2309 21.8403 13.0 60.9268 36.1248 87.1635 0.0 36.8943 16.1245 36.0555 22.8254 48.8998 47.1699 42.5206 41.2311 59.0762 65.6055 3.16228 40.8044 87.2842 55.4707 87.1206 73.6817 92.2046 59.8011 13.3417 80.7601 32.8024 17.0294 44.5718 48.0104 69.3113 100.622 57.6015 5.38516 84.2121 57.0583 83.471 95.0574 46.8312 95.3054 73.7958 44.2441 74.8465 44.0463 36.0 98.424 83.8265 37.6962 60.663 27.2029 101.09 95.8593 91.2067 63.6946 33.3766 41.422 67.5142 
27.2265 44.4185 83.4506 56.4004 27.3242 26.3059 36.7181 50.3733 36.8943 0.0 30.5966 54.5894 24.8811 12.0416 33.3123 52.1569 5.09902 46.7547 40.2213 38.1838 22.1639 62.1308 54.231 60.9658 63.0317 55.3173 33.5567 35.2788 43.97 44.0454 19.8844 14.7648 11.7047 34.9285 63.8201 38.1838 41.7253 58.8361 30.8139 46.6809 77.3426 32.249 78.3197 47.6844 21.0238 67.0075 7.2111 66.2118 61.5704 69.5591 38.6394 34.4467 47.5395 64.2362 84.22 68.0577 57.1402 39.0694 12.8062 35.2278 
48.6246 74.7827 100.133 37.855 5.0 45.8544 20.6155 80.8031 16.1245 30.5966 0.0 49.3964 9.84886 42.6021 31.0644 53.2541 34.9333 43.2897 61.6194 19.0263 25.0799 83.529 63.0958 82.2743 80.495 83.933 54.9549 5.83095 74.2261 43.2666 12.083 39.6358 41.7769 54.2389 93.5909 58.4207 21.3776 80.0347 52.2121 76.9996 98.4688 50.787 99.3632 68.9495 39.3978 81.7665 37.7486 52.0384 92.0657 90.038 44.6944 55.8167 40.4969 94.7315 102.675 89.4529 70.5892 18.3848 36.5214 52.4309 
52.8493 90.0085 66.2722 27.5136 44.5982 80.895 69.8928 92.0922 36.0555 54.5894 49.3964 0.0 50.8035 65.1595 78.6448 12.1655 59.6825 91.9239 62.1126 33.0151 69.4622 79.404 29.2746 71.5891 50.4876 102.965 59.1692 48.7647 89.2828 11.6619 41.5933 51.4783 61.2255 89.4427 109.796 44.2041 33.3017 74.6324 56.4367 92.1112 74.1485 35.3836 73.8241 62.2013 38.9102 49.0102 59.7771 20.8806 90.0357 61.6604 21.9317 50.2096 8.94427 94.1189 70.0643 74.4648 39.4588 67.7791 49.4453 89.8053 
42.4767 69.0672 97.4629 44.3847 10.0 38.3356 21.2603 75.0876 22.8254 24.8811 9.84886 50.8035 0.0 36.8866 27.8927 52.3927 29.2179 41.4367 55.4715 25.0799 19.0263 77.381 60.5982 76.216 76.8675 80.1914 48.8069 15.6525 68.5106 42.72 9.21954 33.9203 36.0614 46.72 88.6023 52.7052 28.178 74.0863 46.0641 71.2841 92.7533 45.0715 93.6477 62.9346 33.6823 80.3689 32.0331 57.0701 86.3502 84.3225 42.1968 49.3945 42.2966 89.016 98.6472 83.1275 70.0556 20.6155 30.8059 44.923 
30.7498 33.1059 89.2234 68.4105 39.3296 17.4642 39.4224 39.2938 48.8998 12.0416 42.6021 65.1595 36.8866 0.0 34.9285 61.131 8.06226 46.8722 37.6951 50.2096 24.7386 60.2144 60.4152 59.8236 66.6796 43.4166 21.8359 47.2843 32.6956 54.0063 31.8898 16.7631 5.83095 25.0 52.1536 41.7334 53.7401 56.3099 22.8825 35.3412 79.1714 37.855 79.934 46.6277 28.0179 70.9138 5.38516 77.8267 50.5608 73.9216 47.0106 38.8516 58.5235 53.2266 88.9124 67.6511 61.6182 41.7736 17.1172 26.3059 
60.5125 62.0 116.759 68.7314 35.0143 28.1603 13.0384 70.1142 47.1699 33.3123 31.0644 78.6448 27.8927 34.9285 0.0 80.0669 30.8058 13.8924 73.5073 50.0899 11.3137 96.0266 86.7615 95.6357 96.3422 67.2681 55.8744 34.7131 62.0081 70.5195 37.108 47.634 39.8246 33.8378 77.2787 71.4864 52.345 92.1221 56.921 64.0078 110.629 65.2693 111.606 82.4399 53.8958 100.267 35.5106 83.0963 81.6085 102.845 69.6863 67.7327 70.0357 84.2743 117.483 103.463 90.2529 16.6433 46.0343 30.4631 
46.1736 83.0956 54.5894 38.6394 48.2597 78.0 72.9452 83.3856 42.5206 52.1569 53.2541 12.1655 52.3927 61.131 80.0669 0.0 57.0789 93.7763 53.406 39.8246 71.4124 68.7677 17.1172 60.208 38.3275 96.0616 52.2015 53.9073 82.3699 10.0 43.382 45.8912 56.4358 86.093 101.247 33.9706 41.0488 63.8905 49.6488 85.1983 61.9839 26.8328 61.6604 51.6624 33.3766 37.0135 56.0357 32.9848 80.3075 49.4975 14.3178 40.8044 17.088 84.386 58.2151 62.6498 27.2947 71.3442 44.4072 87.0 
30.3091 41.1461 86.5691 61.0328 31.6609 21.2132 34.2906 47.1275 41.2311 5.09902 34.9333 59.6825 29.2179 8.06226 30.8058 57.0789 0.0 43.8634 43.3038 42.5472 19.7365 65.8231 58.5235 65.4323 66.2389 51.4004 29.6309 39.6155 40.7185 49.0918 24.2211 16.9706 10.0499 29.8329 60.208 41.2927 46.0714 61.9187 33.8965 43.382 80.4251 36.2491 81.4022 50.767 25.2982 70.4557 5.09902 71.1758 58.3881 72.6416 43.4166 37.5292 52.6308 61.0539 87.3033 73.2599 60.9016 36.6419 15.8114 30.1496 
73.9168 70.0357 130.177 80.0562 47.676 36.1386 23.0 78.6448 59.0762 46.7547 43.2897 91.9239 41.4367 46.8722 13.8924 93.7763 43.8634 0.0 82.9786 62.1289 25.0 100.545 100.21 105.107 109.786 73.0068 67.1194 46.0 70.214 84.1546 50.5964 60.8276 52.2015 39.0128 83.0241 84.8999 64.0078 97.8473 68.1659 71.8471 123.776 78.7177 125.01 91.9112 67.3442 113.715 48.2701 95.0474 90.3498 116.249 83.4003 81.137 83.1986 93.0156 130.911 112.935 103.701 26.0768 59.4138 35.0 
16.7869 29.8329 60.3738 78.3084 58.3464 50.0405 76.913 29.9951 65.6055 40.2213 61.6194 62.1126 55.4715 37.6951 73.5073 53.406 43.3038 82.9786 0.0 66.1597 62.3589 25.02 45.1221 27.7849 42.45 43.4166 16.0153 66.3016 28.8617 50.6621 50.542 26.9831 37.8351 55.044 47.8539 21.3776 69.7623 22.561 16.2018 31.3209 48.7955 26.7861 50.2494 15.5563 26.9258 48.0521 41.4407 80.5516 32.0 44.7772 40.2133 13.3417 59.2925 36.0832 59.6825 36.0555 42.0 75.8691 27.5132 57.7397 
54.0251 82.3929 91.1811 19.3132 15.5242 62.243 39.2046 88.3188 3.16228 38.1838 19.0263 33.0151 25.0799 50.2096 50.0899 39.8246 42.5472 62.1289 66.1597 0.0 43.4166 87.8384 53.2259 84.647 71.8401 93.4345 60.3553 16.4924 81.9155 30.2324 18.4391 45.126 49.0408 71.176 101.777 55.7876 3.60555 84.7663 57.6125 84.6263 93.2434 45.0172 93.4915 74.3499 44.7983 72.8011 45.2769 33.0151 95.6406 82.0 35.7351 61.2172 24.2074 99.7238 93.9202 89.3927 61.6847 36.4966 41.9762 69.923 
49.3641 54.5894 105.611 62.6418 27.8927 22.8254 15.2971 62.1289 40.8044 22.1639 25.0799 69.4622 19.0263 24.7386 11.3137 71.4124 19.7365 25.0 62.3589 43.4166 0.0 84.8782 75.6132 84.4874 85.1939 61.6847 46.1655 30.0167 54.4518 60.7878 28.0179 36.4878 29.1548 30.6105 71.4703 60.338 46.1736 80.9737 52.9515 56.7186 99.4802 54.1209 100.457 71.2915 42.7475 89.1185 24.5967 75.9539 73.4984 91.6967 60.448 56.5843 61.131 76.1642 106.335 92.3149 79.1046 18.0278 34.8859 28.2843 
38.6964 35.2491 53.0377 97.9578 80.2559 64.8173 99.4324 27.8568 87.2842 62.1308 83.529 79.404 77.381 60.2144 96.0266 68.7677 65.8231 100.545 25.02 87.8384 84.8782 0.0 55.4437 13.0384 42.3792 45.2217 37.9248 88.2111 34.5811 68.7968 72.4515 48.8926 60.3544 66.3377 44.1814 35.2278 91.4411 5.0 38.1113 34.8855 35.171 45.1774 37.108 17.2047 48.5077 48.3839 63.96 99.3227 17.0294 38.1182 57.9828 30.4631 78.3901 19.2354 50.3587 19.6469 48.0208 98.3885 49.4228 69.9409 
42.107 74.9533 38.3275 55.2268 58.1701 77.8781 81.6482 74.6326 55.4707 54.231 63.0958 29.2746 60.5982 60.4152 86.7615 17.1172 58.5235 100.21 45.1221 53.2259 75.6132 55.4437 0.0 45.3431 21.2132 88.5268 47.0106 65.0 73.9797 23.7697 52.0133 43.7379 54.9181 85.0043 92.4941 23.7697 55.1543 50.448 45.0111 76.4003 44.911 22.561 44.5533 39.1152 33.2415 20.2237 56.0446 50.01 68.9638 32.3883 18.4391 31.7805 33.2415 72.7186 41.5933 46.6476 10.198 80.4304 43.4166 86.6833 
38.8973 46.9208 40.1123 92.4446 79.0013 70.1899 97.6576 40.025 87.1206 60.9658 82.2743 71.5891 76.216 59.8236 95.6357 60.208 65.4323 105.107 27.7849 84.647 84.4874 13.0384 45.3431 0.0 29.9666 57.4891 38.1438 86.9565 46.2528 61.8466 71.1969 47.7276 59.9636 71.7104 57.0789 28.8617 87.1859 9.21954 38.3303 46.5579 23.2594 39.8121 25.0799 13.3417 46.0109 35.8469 63.5691 92.1358 30.0 25.0799 51.264 27.0185 71.8679 32.249 37.6563 8.48528 36.8782 96.6137 48.2577 75.3136 
45.793 70.1142 20.6155 76.0263 75.5693 82.4879 98.0981 66.1211 73.6817 63.0317 80.495 50.4876 76.8675 66.6796 96.3422 38.3275 66.2389 109.786 42.45 71.8401 85.1939 42.3792 21.2132 29.9666 0.0 83.0 48.3322 82.4197 69.1158 44.1022 69.4124 49.9181 61.0771 87.8465 84.5931 25.0 74.2159 37.6431 47.4131 71.0282 23.7697 32.2025 23.3452 30.0 43.2782 6.08276 62.7626 71.1969 58.4637 11.1803 36.1386 31.305 54.0093 61.4003 22.3607 28.3196 11.0454 97.2652 50.448 90.377 
50.1199 13.6015 97.3242 111.145 82.6345 39.2938 76.844 17.4642 92.2046 55.3173 83.933 102.965 80.1914 43.4166 67.2681 96.0616 51.4004 73.0068 43.4166 93.4345 61.6847 45.2217 88.5268 57.4891 83.0 0.0 43.8839 89.3046 14.5602 91.3062 75.1947 64.1044 44.6944 34.0588 10.0499 64.7611 97.0 48.2701 46.5443 12.1655 80.3617 69.4313 82.28 53.0 64.6345 89.0056 48.1664 119.698 29.0689 81.7435 81.9625 56.7539 98.9292 29.4109 95.1262 64.846 84.7172 79.712 56.1649 38.0132 
6.40312 30.9179 67.4166 77.0961 51.6818 34.1813 60.9573 35.4926 59.8011 33.5567 54.9549 59.1692 48.8069 21.8359 55.8744 52.2015 29.6309 67.1194 16.0153 60.3553 46.1655 37.9248 47.0106 38.1438 48.3322 43.8839 0.0 59.637 30.1922 47.5079 43.8774 20.3185 21.9759 39.5601 50.7058 24.5153 63.9579 34.6301 2.82843 33.0206 57.4916 25.7099 58.7965 24.948 20.8487 53.4883 25.5815 76.4002 46.7525 52.2015 38.0789 17.088 55.1433 49.4183 67.2012 45.9713 45.8912 63.3085 20.8487 42.0476 
53.3068 79.4649 102.058 34.1321 8.06226 51.226 23.0 85.4853 13.3417 35.2788 5.83095 48.7647 15.6525 47.2843 34.7131 53.9073 39.6155 46.0 66.3016 16.4924 30.0167 88.2111 65.0 86.9565 82.4197 89.3046 59.637 0.0 78.9083 43.9318 16.1245 44.318 46.4591 59.6105 99.0 63.1029 18.0278 84.7169 56.8943 81.6817 103.151 55.5636 104.045 73.6317 44.08 83.6913 42.4307 49.0918 96.7479 92.5589 46.6154 60.4989 39.8246 99.4137 104.6 94.1351 72.514 20.0998 41.2036 57.8014 
36.4345 1.0 84.4876 99.6036 70.9536 34.2345 69.7209 8.544 80.7601 43.97 74.2261 89.2828 68.5106 32.6956 62.0081 82.3699 40.7185 70.214 28.8617 81.9155 54.4518 34.5811 73.9797 46.2528 69.1158 14.5602 30.1922 78.9083 0.0 77.6236 63.7531 50.4218 33.1533 32.311 20.5183 50.2195 85.4905 37.0788 32.8525 2.82843 69.3714 55.7395 71.2491 39.2046 50.952 75.06 36.7151 106.504 20.8087 68.7046 68.2707 42.2019 85.2467 23.2594 82.8672 53.9426 70.3491 72.1803 44.6238 36.4005 
41.1901 78.3493 62.0967 32.0156 38.2753 70.2567 63.0635 80.6417 32.8024 44.0454 43.2666 11.6619 42.72 54.0063 70.5195 10.0 49.0918 84.1546 50.6621 30.2324 60.7878 68.7968 23.7697 61.8466 44.1022 91.3062 47.5079 43.9318 77.6236 0.0 33.6155 39.9249 49.7341 78.6854 98.1372 33.6155 31.7648 64.1405 44.7775 80.452 67.0671 24.0832 67.0075 51.6236 27.313 43.9318 48.7678 30.5287 78.8982 55.0091 10.8167 39.0512 10.198 82.9814 65.307 65.521 33.2415 61.4003 37.9473 79.2275 
37.5472 64.2305 89.0506 37.2156 8.06226 43.9168 29.6816 70.1564 17.0294 19.8844 12.083 41.5933 9.21954 31.8898 37.108 43.382 24.2211 50.5964 50.542 18.4391 28.0179 72.4515 52.0133 71.1969 69.4124 75.1947 43.8774 16.1245 63.7531 33.6155 0.0 28.6356 31.0644 52.8498 83.6056 47.3433 21.9317 68.9573 41.1347 66.4639 87.3914 39.7096 88.2858 57.8721 28.3204 70.6839 27.0363 48.7647 81.4169 78.9606 33.6119 44.7393 33.1361 84.0827 91.5928 78.3755 59.5066 28.4253 25.4951 52.3087 
13.9883 50.8462 70.2484 61.8668 36.3633 34.2053 51.0419 55.7223 44.5718 14.7648 39.6358 51.4783 33.9203 16.7631 47.634 45.8912 16.9706 60.8276 26.9831 45.126 36.4878 48.8926 43.7379 47.7276 49.9181 64.1044 20.3185 44.318 50.4218 39.9249 28.6356 0.0 11.1803 41.3038 70.9355 24.9719 48.7286 45.5979 17.5757 53.2503 64.1044 21.2132 65.0815 34.4463 12.6491 54.1523 13.0384 70.1707 66.9822 56.3209 31.5753 21.2085 47.2384 69.648 70.9825 54.8196 44.8567 53.3932 3.16228 42.9535 
25.1473 33.6308 89.3634 66.5282 38.5044 23.0868 43.7245 39.5567 48.0104 11.7047 41.7769 61.2255 36.0614 5.83095 39.8246 56.4358 10.0499 52.2015 37.8351 49.0408 29.1548 60.3544 54.9181 59.9636 61.0771 44.6944 21.9759 46.4591 33.1533 49.7341 31.0644 11.1803 0.0 30.1496 53.015 36.1309 52.6308 56.45 23.0225 35.8642 78.6324 32.3883 80.074 46.7678 23.0868 65.3113 5.0 75.006 50.8172 74.0617 42.19 38.9916 55.48 53.483 89.0524 67.7912 56.0157 46.0757 12.0416 31.7805 
43.2483 31.9531 106.597 89.7412 56.313 8.94427 44.7772 40.8534 69.3113 34.9285 54.2389 89.4427 46.72 25.0 33.8378 86.093 29.8329 39.0128 55.044 71.176 30.6105 66.3377 85.0043 71.7104 87.8465 34.0588 39.5601 59.6105 32.311 78.6854 52.8498 41.3038 30.1496 0.0 44.1022 63.8905 74.6946 64.4797 40.8044 33.5261 94.5984 62.514 96.2718 62.3941 53.0094 93.0484 30.0666 100.658 52.906 91.2761 72.0069 56.648 82.4621 55.5428 106.272 80.1465 85.1664 48.0208 42.0476 4.12311 
56.9481 19.799 97.1854 119.465 91.0454 49.2443 86.6833 18.9737 100.622 63.8201 93.5909 109.796 88.6023 52.1536 77.2787 101.247 60.208 83.0241 47.8539 101.777 71.4703 44.1814 92.4941 57.0789 84.5931 10.0499 50.7058 99.0 20.5183 98.1372 83.6056 70.9355 53.015 44.1022 0.0 68.7836 105.352 48.0104 53.3662 17.6918 79.0759 74.6269 81.0494 54.9181 71.4656 90.6697 56.6127 127.017 27.1662 82.0061 88.0541 60.9487 105.76 25.9615 94.5304 63.6396 87.6124 89.493 64.4855 48.0416 
21.0238 51.1957 45.2769 63.6003 55.1476 58.3138 71.9873 50.9221 57.6015 38.1838 58.4207 44.2041 52.7052 41.7334 71.4864 33.9706 41.2927 84.8999 21.3776 55.7876 60.338 35.2278 23.7697 28.8617 25.0 64.7611 24.5153 63.1029 50.2195 33.6155 47.3433 24.9719 36.1309 63.8905 68.7836 0.0 58.3265 30.5287 23.0868 52.6308 40.4969 11.0454 41.2311 18.0278 19.6977 29.5296 37.8164 64.1405 46.4008 31.6228 22.8254 8.06226 43.382 50.448 46.0977 34.0147 21.3776 73.1029 25.4951 66.2103 
57.6277 85.968 93.3006 16.4924 18.3848 66.3102 41.0122 91.8939 5.38516 41.7253 21.3776 33.3017 28.178 53.7401 52.345 41.0488 46.0714 64.0078 69.7623 3.60555 46.1736 91.4411 55.1543 87.1859 74.2159 97.0 63.9579 18.0278 85.4905 31.7648 21.9317 48.7286 52.6308 74.6946 105.352 58.3265 0.0 88.3689 61.2152 88.2014 95.7823 47.5561 96.026 75.7853 48.4009 74.9466 48.8365 31.0644 99.2432 84.5281 38.0789 62.2875 24.7588 103.326 96.1665 91.9316 63.8905 38.1182 45.5789 72.8976 
35.4018 37.7468 49.2544 93.5473 76.7616 62.9592 95.5279 30.8058 84.2121 58.8361 80.0347 74.6324 74.0863 56.3099 92.1221 63.8905 61.9187 97.8473 22.561 84.7663 80.9737 5.0 50.448 9.21954 37.6431 48.2701 34.6301 84.7169 37.0788 64.1405 68.9573 45.5979 56.45 64.4797 48.0104 30.5287 88.3689 0.0 34.8167 37.3839 32.311 40.7185 34.176 12.53 44.7214 43.6807 60.0555 94.6678 21.095 34.0 53.3385 26.2488 73.8241 23.7697 46.8722 17.0 43.0465 94.484 46.1281 68.0828 
3.60555 33.5782 66.8506 74.3533 48.939 35.2279 67.5057 38.153 57.0583 30.8139 52.2121 56.4367 46.0641 22.8825 56.921 49.6488 33.8965 68.1659 16.2018 57.6125 52.9515 38.1113 45.0111 38.3303 47.4131 46.5443 2.82843 56.8943 32.8525 44.7775 41.1347 17.5757 23.0225 40.8044 53.3662 23.0868 61.2152 34.8167 0.0 35.681 57.6281 23.3452 58.8982 25.1345 18.1059 52.3927 26.628 73.6574 45.6827 51.8556 35.4683 16.1245 52.4005 52.0787 66.8431 46.1578 44.3847 66.4618 18.1059 43.1244 
39.2629 2.23607 86.1374 102.314 73.7271 36.0555 72.0069 7.81025 83.471 46.6809 76.9996 92.1112 71.2841 35.3412 64.0078 85.1983 43.382 71.8471 31.3209 84.6263 56.7186 34.8855 76.4003 46.5579 71.0282 12.1655 33.0206 81.6817 2.82843 80.452 66.4639 53.2503 35.8642 33.5261 17.6918 52.6308 88.2014 37.3839 35.681 0.0 69.6764 58.568 71.5542 41.0488 53.7804 77.0065 39.4462 109.332 20.5183 70.4969 71.0991 44.643 88.0751 22.4722 84.0774 54.2477 72.5603 74.5252 47.3346 37.6431 
57.4282 70.0393 20.2485 99.0808 95.1958 91.5168 113.074 62.9365 95.0574 77.3426 98.4688 74.1485 92.7533 79.1714 110.629 61.9839 80.4251 123.776 48.7955 93.2434 99.4802 35.171 44.911 23.2594 23.7697 80.3617 57.4916 103.151 69.3714 67.0671 87.3914 64.1044 78.6324 94.5984 79.0759 40.4969 95.7823 32.311 57.6281 69.6764 0.0 50.6952 2.0 33.2415 60.1664 26.8328 76.9489 94.921 51.9711 12.6491 58.0775 43.0465 77.1622 53.3385 16.2788 15.5242 34.7131 111.638 64.6345 98.2016 
20.0998 56.4653 52.8015 52.8434 47.5139 55.3173 66.302 56.7657 46.8312 32.249 50.787 35.3836 45.0715 37.855 65.2693 26.8328 36.2491 78.7177 26.7861 45.0172 54.1209 45.1774 22.561 39.8121 32.2025 69.4313 25.7099 55.5636 55.7395 24.0832 39.7096 21.2132 32.3883 62.514 74.6269 11.0454 47.5561 40.7185 23.3452 58.568 50.6952 0.0 51.2445 28.2312 11.4018 35.3553 33.5261 54.4059 54.8281 40.7185 13.4536 15.0 33.2866 58.9113 54.3783 45.0444 25.0 65.4692 20.8806 64.1327 
58.6003 71.917 18.3848 99.0202 96.0901 92.8217 114.237 64.846 95.3054 78.3197 99.3632 73.8241 93.6477 79.934 111.606 61.6604 81.4022 125.01 50.2494 93.4915 100.457 37.108 44.5533 25.0799 23.3452 82.28 58.7965 104.045 71.2491 67.0075 88.2858 65.0815 80.074 96.2718 81.0494 41.2311 96.026 34.176 58.8982 71.5542 2.0 51.2445 0.0 34.7131 60.9262 26.0 77.926 94.541 53.9351 12.1655 58.2151 44.1022 77.0584 55.3263 14.3178 17.4642 34.3657 112.385 65.6116 99.8749 
25.632 40.1995 45.8803 81.0726 65.6765 58.9732 84.3762 36.2215 73.7958 47.6844 68.9495 62.2013 62.9346 46.6277 82.4399 51.6624 50.767 91.9112 15.5563 74.3499 71.2915 17.2047 39.1152 13.3417 30.0 53.0 24.948 73.6317 39.2046 51.6236 57.8721 34.4463 46.7678 62.3941 54.9181 18.0278 75.7853 12.53 25.1345 41.0488 33.2415 28.2312 34.7131 0.0 33.0606 36.0139 50.3733 82.1523 29.9666 30.0832 40.8167 14.1421 61.2944 33.6155 44.7214 21.0238 32.8938 83.3323 34.9764 66.6724 
14.5185 51.6777 63.8905 53.6879 36.1248 45.2769 54.9129 56.2524 44.2441 21.0238 39.3978 38.9102 33.6823 28.0179 53.8958 33.3766 25.2982 67.3442 26.9258 44.7983 42.7475 48.5077 33.2415 46.0109 43.2782 64.6345 20.8487 44.08 50.952 27.313 28.3204 12.6491 23.0868 53.0094 71.4656 19.6977 48.4009 44.7214 18.1059 53.7804 60.1664 11.4018 60.9262 33.0606 0.0 46.6905 23.1948 55.9487 56.4005 51.1077 19.105 19.0 34.6918 60.4837 65.215 52.469 36.4005 54.08 11.0454 54.231 
50.5371 76.0592 18.3848 75.4255 76.8408 87.5707 101.599 72.1734 74.8465 67.0075 81.7665 49.0102 80.3689 70.9138 100.267 37.0135 70.4557 113.715 48.0521 72.8011 89.1185 48.3839 20.2237 35.8469 6.08276 89.0056 53.4883 83.6913 75.06 43.9318 70.6839 54.1523 65.3113 93.0484 90.6697 29.5296 74.9466 43.6807 52.3927 77.0065 26.8328 35.3553 26.0 36.0139 46.6905 0.0 66.9968 69.3542 64.5368 14.4222 37.1618 36.4005 53.4603 67.4463 21.3776 33.6006 11.1803 100.767 54.6443 95.4672 
26.8328 37.2156 83.0929 63.2535 34.4761 22.0907 39.1509 43.0967 44.0463 7.2111 37.7486 59.7771 32.0331 5.38516 35.5106 56.0357 5.09902 48.2701 41.4407 45.2769 24.5967 63.96 56.0446 63.5691 62.7626 48.1664 25.5815 42.4307 36.7151 48.7678 27.0363 13.0384 5.0 30.0666 56.6127 37.8164 48.8365 60.0555 26.628 39.4462 76.9489 33.5261 77.926 50.3733 23.1948 66.9968 0.0 72.4707 54.3593 69.1654 42.0119 34.053 53.1413 57.0251 83.827 71.3967 57.6975 41.5022 12.6491 31.0644 
70.07 107.229 86.0 16.1555 48.2597 91.7606 72.0625 111.804 36.0 66.2118 52.0384 20.8806 57.0701 77.8267 83.0963 32.9848 71.1758 95.0474 80.5516 33.0151 75.9539 99.3227 50.01 92.1358 71.1969 119.698 76.4002 49.0918 106.504 30.5287 48.7647 70.1707 75.006 100.658 127.017 64.1405 31.0644 94.6678 73.6574 109.332 94.921 54.4059 94.541 82.1523 55.9487 69.3542 72.4707 0.0 109.202 82.3772 41.3401 69.4046 21.2603 113.285 90.05 95.2733 60.208 69.1809 67.0209 100.245 
46.2678 21.4009 70.0643 107.166 88.8567 54.2343 88.665 12.7279 98.424 61.5704 92.0657 90.0357 86.3502 50.5608 81.6085 80.3075 58.3881 90.3498 32.0 95.6406 73.4984 17.0294 68.9638 30.0 58.4637 29.0689 46.7525 96.7479 20.8087 78.8982 81.4169 66.9822 50.8172 52.906 27.1662 46.4008 99.2432 21.095 45.6827 20.5183 51.9711 54.8281 53.9351 29.9666 56.4005 64.5368 54.3593 109.202 0.0 55.0364 68.1664 39.8494 88.0074 4.47214 67.3647 36.4966 62.7694 91.0266 62.2876 56.9663 
50.9313 69.6895 15.8114 87.0 85.7084 86.267 103.188 64.3817 83.8265 69.5591 90.038 61.6604 84.3225 73.9216 102.845 49.4975 72.6416 116.249 44.7772 82.0 91.6967 38.1182 32.3883 25.0799 11.1803 81.7435 52.2015 92.5589 68.7046 55.0091 78.9606 56.3209 74.0617 91.2761 82.0061 31.6228 84.5281 34.0 51.8556 70.4969 12.6491 40.7185 12.1655 30.0832 51.1077 14.4222 69.1654 82.3772 55.0364 0.0 46.5296 36.0694 65.0077 57.3149 15.0 20.6155 22.2036 104.72 56.851 93.9719 
31.9531 68.9964 55.5428 41.5933 39.7687 64.0703 63.2468 70.1929 37.6962 38.6394 44.6944 21.9317 42.1968 47.0106 69.6863 14.3178 43.4166 83.4003 40.2133 35.7351 60.448 57.9828 18.4391 51.264 36.1386 81.9625 38.0789 46.6154 68.2707 10.8167 33.6119 31.5753 42.19 72.0069 88.0541 22.8254 38.0789 53.3385 35.4683 71.0991 58.0775 13.4536 58.2151 40.8167 19.105 37.1618 42.0119 41.3401 68.1664 46.5296 0.0 28.3196 20.6155 72.2496 58.1893 55.3173 26.0 62.029 30.1496 73.0616 
14.8661 43.1741 50.8035 67.5748 52.5437 51.197 71.1385 43.0872 60.663 34.4467 55.8167 50.2096 49.3945 38.8516 67.7327 40.8044 37.5292 81.137 13.3417 61.2172 56.5843 30.4631 31.7805 27.0185 31.305 56.7539 17.088 60.4989 42.2019 39.0512 44.7393 21.2085 38.9916 56.648 60.9487 8.06226 62.2875 26.2488 16.1245 44.643 43.0465 15.0 44.1022 14.1421 19.0 36.4005 34.053 69.4046 39.8494 36.0694 28.3196 0.0 48.2597 43.9326 50.9902 33.7343 29.1548 69.7922 21.7386 59.0931 
48.8131 85.9724 71.3863 22.0227 35.7351 73.7564 61.0328 90.5471 27.2029 47.5395 40.4969 8.94427 42.2966 58.5235 70.0357 17.088 52.6308 83.1986 59.2925 24.2074 61.131 78.3901 33.2415 71.8679 54.0093 98.9292 55.1433 39.8246 85.2467 10.198 33.1361 47.2384 55.48 82.4621 105.76 43.382 24.7588 73.8241 52.4005 88.0751 77.1622 33.2866 77.0584 61.2944 34.6918 53.4603 53.1413 21.2603 88.0074 65.0077 20.6155 48.2597 0.0 92.0905 74.8131 75.6902 43.0465 58.8727 45.2054 82.5651 
50.351 23.7065 72.0069 111.249 91.5225 56.9001 91.3309 14.7648 101.09 64.2362 94.7315 94.1189 89.016 53.2266 84.2743 84.386 61.0539 93.0156 36.0832 99.7238 76.1642 19.2354 72.7186 32.249 61.4003 29.4109 49.4183 99.4137 23.2594 82.9814 84.0827 69.648 53.483 55.5428 25.9615 50.448 103.326 23.7697 52.0787 22.4722 53.3385 58.9113 55.3263 33.6155 60.4837 67.4463 57.0251 113.285 4.47214 57.3149 72.2496 43.9326 92.0905 0.0 69.0652 38.0526 66.2118 93.6924 64.9534 59.6154 
65.8559 84.4403 5.0 96.7471 97.7497 101.268 119.878 77.666 95.8593 84.22 102.675 70.0643 98.6472 88.9124 117.483 58.2151 87.3033 130.911 59.6825 93.9202 106.335 50.3587 41.5933 37.6563 22.3607 95.1262 67.2012 104.6 82.8672 65.307 91.5928 70.9825 89.0524 106.272 94.5304 46.0977 96.1665 46.8722 66.8431 84.0774 16.2788 54.3783 14.3178 44.7214 65.215 21.3776 83.827 90.05 67.3647 15.0 58.1893 50.9902 74.8131 69.0652 0.0 31.0161 32.28 119.045 71.5127 108.967 
46.6154 54.6105 34.1321 96.8814 86.1799 78.626 104.75 47.4342 91.2067 68.0577 89.4529 74.4648 83.1275 67.6511 103.463 62.6498 73.2599 112.935 36.0555 89.3927 92.3149 19.6469 46.6476 8.48528 28.3196 64.846 45.9713 94.1351 53.9426 65.521 78.3755 54.8196 67.7912 80.1465 63.6396 34.0147 91.9316 17.0 46.1578 54.2477 15.5242 45.0444 17.4642 21.0238 52.469 33.6006 71.3967 95.2733 36.4966 20.6155 55.3173 33.7343 75.6902 38.0526 31.0161 0.0 37.2022 103.706 55.3497 83.7496 
42.0595 71.3442 29.5466 65.0692 65.6635 79.0615 91.2861 70.2443 63.6946 57.1402 70.5892 39.4588 70.0556 61.6182 90.2529 27.2947 60.9016 103.701 42.0 61.6847 79.1046 48.0208 10.198 36.8782 11.0454 84.7172 45.8912 72.514 70.3491 33.2415 59.5066 44.8567 56.0157 85.1664 87.6124 21.3776 63.8905 43.0465 44.3847 72.5603 34.7131 25.0 34.3657 32.8938 36.4005 11.1803 57.6975 60.208 62.7694 22.2036 26.0 29.1548 43.0465 66.2118 32.28 37.2022 0.0 90.4533 45.1774 87.4794 
62.8744 72.3671 117.861 54.0093 23.2594 40.7185 3.60555 79.6871 33.3766 39.0694 18.3848 67.7791 20.6155 41.7736 16.6433 71.3442 36.6419 26.0768 75.8691 36.4966 18.0278 98.3885 80.4304 96.6137 97.2652 79.712 63.3085 20.0998 72.1803 61.4003 28.4253 53.3932 46.0757 48.0208 89.493 73.1029 38.1182 94.484 66.4618 74.5252 111.638 65.4692 112.385 83.3323 54.08 100.767 41.5022 69.1809 91.0266 104.72 62.029 69.7922 58.8727 93.6924 119.045 103.706 90.4533 0.0 51.2036 45.2217 
14.5185 45.1012 70.7672 58.717 33.249 34.5254 49.4401 51.0277 41.422 12.8062 36.5214 49.4453 30.8059 17.1172 46.0343 44.4072 15.8114 59.4138 27.5132 41.9762 34.8859 49.4228 43.4166 48.2577 50.448 56.1649 20.8487 41.2036 44.6238 37.9473 25.4951 3.16228 12.0416 42.0476 64.4855 25.4951 45.5789 46.1281 18.1059 47.3346 64.6345 20.8806 65.6116 34.9764 11.0454 54.6443 12.6491 67.0209 62.2876 56.851 30.1496 21.7386 45.2054 64.9534 71.5127 55.3497 45.1774 51.2036 0.0 43.4166 
45.5613 36.0555 109.293 89.2352 54.5159 9.0 41.8808 44.9444 67.5142 35.2278 52.4309 89.8053 44.923 26.3059 30.4631 87.0 30.1496 35.0 57.7397 69.923 28.2843 69.9409 86.6833 75.3136 90.377 38.0132 42.0476 57.8014 36.4005 79.2275 52.3087 42.9535 31.7805 4.12311 48.0416 66.2103 72.8976 68.0828 43.1244 37.6431 98.2016 64.1327 99.8749 66.6724 54.231 95.4672 31.0644 100.245 56.9663 93.9719 73.0616 59.0931 82.5651 59.6154 108.967 83.7496 87.4794 45.2217 43.4166 0.0 
DEMAND_SCENARIO_SECTION
0 0 0 0 0 0 0 0 0 0 0 0 0 0 0 0 0 0 0 0 0 0 0 0 0 0 0 0 0 0 0 0 0 0 0 0 0 0 0 0 0 0 0 0 0 0 0 0 0 0 0 0 0 0 0 0 0 0 0 0 0 0 0 0 0 0 0 0 0 0 0 0 0 0 0 0 0 0 0 0 0 0 0 0 0 0 0 0 0 0 0 0 0 0 0 0 0 0 0 0 0 0 0 0 0 0 0 0 0 0 0 0 0 0 0 0 0 0 0 0 0 0 0 0 0 0 0 0 0 0 0 0 0 0 0 0 0 0 0 0 0 0 0 0 0 0 0 0 0 0 0 0 0 0 0 0 0 0 0 0 0 0 0 0 0 0 0 0 0 0 0 0 0 0 0 0 0 0 0 0 0 0 0 0 0 0 0 0 0 0 0 0 0 0 0 0 0 0 0 0 
3 8 7 8 10 7 5 8 6 7 4 2 6 6 6 11 5 9 6 6 7 5 2 7 9 5 6 7 7 7 3 6 6 6 6 7 7 6 8 5 5 6 5 6 7 4 5 7 4 7 7 4 6 5 2 4 5 6 6 6 6 6 5 6 7 8 5 5 9 2 3 3 6 7 5 8 3 3 1 8 9 7 6 2 5 5 4 3 5 3 7 7 7 8 6 8 6 6 8 7 6 9 6 6 6 6 6 5 2 7 3 6 7 0 6 7 2 6 7 4 7 4 7 8 4 9 3 6 7 5 4 5 4 6 10 5 7 4 5 7 8 5 8 4 7 5 3 9 3 9 5 7 7 9 4 7 4 10 5 4 5 4 9 6 4 7 8 6 7 6 4 8 9 7 5 5 6 4 9 7 3 2 9 9 8 9 0 2 7 6 6 4 6 6 8 9 7 2 10 5 
3 3 4 0 3 5 1 1 4 3 5 4 5 3 4 4 1 3 2 4 4 4 3 3 6 4 2 3 3 4 1 3 4 3 2 4 1 2 4 3 4 3 4 1 3 2 3 4 2 3 5 3 2 4 4 4 3 3 4 2 3 4 3 4 3 3 2 1 4 3 1 3 2 1 4 4 5 3 3 1 2 3 2 4 3 3 3 3 2 2 3 4 4 4 2 1 1 3 4 3 3 4 4 2 4 3 5 2 4 3 1 2 2 3 5 4 4 5 4 5 4 3 3 3 3 3 3 4 5 4 3 3 4 2 3 2 2 2 3 3 2 2 4 4 2 4 2 3 3 2 3 4 2 2 4 2 5 5 2 2 3 4 2 4 4 2 3 3 1 5 5 2 4 4 3 3 3 3 4 3 2 4 2 3 4 1 2 3 4 2 4 1 4 0 4 4 3 4 4 2 
5 4 4 8 3 7 8 7 3 5 5 6 4 2 5 3 4 3 6 7 8 7 6 3 6 6 6 4 5 5 3 6 3 5 8 6 4 3 3 5 8 6 7 6 4 9 7 5 6 5 6 6 7 5 5 3 5 4 4 1 6 2 8 6 4 7 6 6 8 5 8 5 4 6 5 5 3 5 8 7 5 2 3 5 4 4 6 4 4 5 5 8 3 3 4 5 5 4 6 3 4 6 5 4 6 5 4 5 8 6 7 5 4 6 3 4 3 8 5 7 8 5 5 6 4 8 7 6 9 3 4 4 5 8 2 5 5 3 6 5 4 6 4 6 5 2 9 4 2 4 6 5 5 9 7 9 6 5 3 8 6 6 5 5 0 4 6 1 3 6 5 8 6 6 4 4 6 3 4 1 3 1 6 6 2 5 4 6 4 5 5 5 3 3 3 6 5 4 5 2 
14 6 7 10 12 11 5 11 11 8 6 13 9 9 9 3 10 7 10 7 12 7 7 12 14 4 12 10 10 10 6 10 10 9 9 8 6 9 7 10 2 8 8 12 5 8 13 11 7 5 10 12 5 7 8 8 20 13 11 9 10 8 4 12 8 10 6 12 13 11 5 11 15 9 2 5 7 9 11 8 5 8 4 5 6 10 5 9 10 8 9 9 11 4 11 8 5 3 6 10 5 8 13 14 10 8 15 8 7 9 3 8 13 6 14 6 11 6 9 9 5 15 9 5 8 11 5 4 10 6 7 11 11 12 11 5 11 9 8 8 9 11 9 9 11 9 2 9 14 8 5 13 8 7 3 9 8 9 11 9 9 13 8 9 6 6 10 6 10 12 7 9 7 11 10 10 1 7 6 7 4 10 7 13 11 10 5 5 8 10 6 8 12 13 5 10 14 4 8 1 
6 6 8 10 7 6 7 8 8 8 4 9 6 6 6 6 8 9 2 9 8 7 8 8 9 8 9 6 4 5 5 9 9 6 9 5 6 11 8 8 5 7 8 9 7 6 6 7 7 8 9 9 11 3 10 5 3 10 4 11 4 3 6 7 6 11 9 8 9 8 4 7 4 3 3 9 8 2 5 6 9 3 5 8 5 9 11 9 6 6 4 11 10 4 5 11 8 5 7 8 8 10 7 3 10 8 7 9 5 8 2 6 8 10 9 9 3 9 3 13 9 10 8 10 9 7 5 9 5 8 8 8 5 9 5 2 5 8 4 10 3 2 7 5 11 8 8 7 7 9 5 6 11 8 4 10 7 5 4 5 10 7 6 7 4 10 5 6 9 8 4 9 9 7 8 7 10 6 8 6 6 8 7 6 7 3 8 4 7 9 3 8 5 5 8 2 5 7 4 8 
10 11 7 11 3 14 13 11 11 19 14 12 14 3 3 10 10 13 13 19 9 15 9 9 10 14 10 14 10 6 9 9 2 13 7 7 11 11 6 9 8 6 8 8 11 8 11 13 10 20 13 11 9 7 10 13 11 14 15 9 10 13 14 3 11 13 11 12 13 11 13 12 11 7 12 12 12 12 13 8 11 13 12 11 8 15 11 5 8 9 9 8 15 14 4 8 19 10 11 8 11 9 10 11 11 12 6 7 14 7 11 12 10 12 8 12 0 11 8 14 10 9 9 9 13 12 12 13 12 9 5 12 13 11 10 13 10 11 13 17 12 11 14 10 14 12 9 9 8 11 11 14 13 5 6 8 8 4 8 14 11 6 9 6 10 13 8 7 10 11 10 11 10 4 12 8 10 9 10 7 14 21 9 17 8 15 13 6 8 14 6 5 10 9 10 11 12 11 11 13 
4 3 2 5 3 3 7 4 4 3 4 5 3 4 5 7 4 5 3 6 3 6 3 6 4 5 5 4 4 4 4 6 3 6 5 7 4 3 6 3 4 3 3 3 4 3 4 4 3 3 4 3 5 5 3 1 5 3 7 4 6 3 4 1 2 5 5 6 3 4 4 3 5 4 5 3 4 3 5 1 5 6 6 6 3 4 4 4 4 4 4 3 6 5 6 5 4 4 4 4 5 5 3 4 4 5 5 4 4 5 5 5 2 4 5 5 4 3 6 5 4 1 5 5 3 2 4 5 4 3 4 2 2 4 6 4 5 4 4 4 5 4 4 6 3 4 3 5 2 5 4 3 8 3 6 7 5 6 2 3 4 6 4 6 5 2 5 3 3 6 2 3 2 5 6 4 6 6 3 5 4 3 4 5 3 2 6 1 2 2 5 4 2 2 3 2 5 3 6 4 
8 5 9 10 10 10 6 1 10 10 8 9 6 5 7 8 4 6 5 8 9 7 8 8 8 8 9 8 6 7 12 7 6 8 9 5 7 3 6 8 9 6 7 8 10 11 10 7 7 7 9 11 7 4 7 3 6 8 5 12 11 7 7 1 6 4 6 5 11 10 8 8 4 6 9 12 8 4 8 9 8 6 9 6 4 8 9 8 7 8 5 3 6 5 9 6 4 6 9 11 4 8 8 11 8 11 8 5 6 10 7 1 6 12 8 7 4 6 6 8 9 6 10 9 3 6 14 7 14 8 10 9 2 12 4 5 7 7 7 4 10 10 5 9 10 5 13 7 5 5 13 7 10 8 3 17 7 4 14 7 6 6 12 11 6 9 14 8 9 6 12 8 8 10 8 7 4 9 4 9 8 2 12 11 9 9 7 10 6 7 8 9 9 12 5 7 10 7 7 3 
1 1 2 0 1 1 1 1 1 1 1 1 1 2 1 1 1 1 1 1 1 1 1 1 2 1 1 1 1 1 1 1 1 1 1 1 1 1 1 1 1 1 1 1 1 1 1 1 1 1 2 1 1 1 1 1 1 1 1 1 1 1 1 1 1 1 1 2 1 1 1 1 0 1 2 0 1 1 1 1 1 1 0 1 0 1 2 1 1 1 2 1 1 1 1 1 1 1 1 1 1 1 1 0 0 1 1 1 1 1 1 1 1 1 1 1 1 1 1 1 0 0 1 1 1 1 0 1 1 1 1 1 2 1 1 1 1 1 2 1 1 1 0 1 1 1 1 1 1 1 1 1 2 1 1 1 1 1 1 1 2 1 1 1 1 1 2 1 2 1 1 1 1 1 1 1 2 1 1 1 1 1 1 1 1 1 1 1 1 1 1 1 1 1 1 1 0 1 1 1 
12 5 7 6 7 3 7 10 4 6 8 8 9 5 8 5 3 9 1 7 9 5 6 3 9 5 2 5 9 8 8 3 10 4 8 4 9 11 7 6 8 4 3 6 11 3 6 6 5 9 6 8 9 8 8 2 11 9 7 4 9 9 8 5 6 5 10 10 8 7 9 10 6 4 7 5 6 4 4 4 7 10 4 4 8 4 10 8 10 9 7 8 8 9 6 3 11 8 7 10 5 11 8 8 5 9 5 6 10 10 8 6 9 6 10 8 9 4 10 2 9 9 8 11 10 6 9 4 10 7 5 4 4 4 3 9 9 10 9 9 8 9 9 4 10 6 6 2 9 7 2 9 9 7 8 6 5 10 12 9 6 7 8 8 4 7 7 5 7 5 7 7 4 9 9 9 6 7 3 6 5 9 5 9 6 7 2 11 8 7 9 8 8 8 7 8 4 3 4 11 
10 7 7 5 17 2 5 6 9 7 5 12 6 6 11 6 9 9 9 9 11 12 8 5 11 8 7 9 8 5 11 6 5 8 10 11 7 9 14 6 11 15 8 5 11 7 11 10 9 5 10 9 14 4 8 8 8 11 12 13 12 7 8 10 7 10 8 9 13 12 6 13 8 11 5 8 10 8 12 8 11 12 11 6 8 10 5 9 7 10 10 4 15 12 8 3 4 10 6 2 8 8 6 4 16 12 13 13 12 12 8 15 13 2 13 1 12 12 7 9 8 7 1 13 10 10 12 12 6 12 13 9 13 5 12 10 7 13 13 10 13 10 7 7 9 15 8 9 13 10 12 8 10 4 11 10 13 11 11 6 7 8 6 10 15 14 11 11 12 11 8 7 6 12 11 6 14 15 14 11 10 11 4 10 10 10 8 17 6 4 7 8 4 7 12 5 7 8 8 7 
2 2 1 3 2 3 1 2 3 2 3 2 3 2 2 2 3 3 2 1 2 2 2 2 2 2 2 2 2 3 2 2 2 2 3 1 2 2 3 3 2 2 3 2 3 2 1 2 3 3 2 2 2 1 3 2 3 2 2 2 2 0 4 4 2 3 2 2 2 2 2 2 1 2 1 3 2 1 2 2 2 1 4 2 1 2 1 3 2 1 2 1 3 1 2 2 2 2 2 2 2 1 2 2 2 1 1 2 2 2 3 1 3 2 2 2 2 3 3 1 2 2 2 3 1 2 3 2 2 3 2 1 2 2 3 2 3 3 1 3 3 2 2 3 1 1 2 1 2 2 2 1 1 3 3 2 3 2 3 2 2 2 1 2 3 1 2 3 1 1 4 2 1 2 1 2 3 2 3 1 2 2 2 3 2 2 1 2 2 2 1 2 2 2 3 2 2 3 1 3 
11 12 8 9 5 11 11 14 8 16 10 17 4 11 13 16 10 11 8 14 7 3 13 7 7 13 17 8 10 16 15 10 12 8 12 6 10 12 2 1 17 11 7 6 9 7 8 9 18 11 12 13 11 11 5 14 8 12 8 11 10 11 16 10 7 13 10 10 10 9 12 15 9 8 10 12 8 2 10 6 12 6 15 11 10 8 10 6 19 14 10 15 4 14 5 10 10 7 6 10 5 10 14 4 8 13 7 5 12 11 14 13 11 16 13 9 7 13 7 12 12 5 10 12 6 4 8 9 12 9 3 10 10 14 12 9 10 14 7 8 14 7 12 7 10 9 9 12 7 14 11 12 6 6 11 13 10 13 14 13 8 11 12 6 10 10 9 14 10 15 12 10 7 9 9 7 9 10 16 9 6 11 16 9 6 13 13 11 11 10 14 8 6 18 11 5 6 12 5 8 
8 16 13 17 9 13 7 14 16 9 4 8 8 6 7 4 8 8 12 13 15 5 11 9 11 15 11 8 2 8 5 8 8 8 9 8 11 10 4 10 7 1 9 9 11 7 7 8 15 7 9 6 3 12 9 14 3 5 7 6 10 10 11 9 10 7 8 10 11 8 7 10 10 6 5 13 13 7 8 7 8 8 10 11 11 14 6 6 11 13 13 7 13 11 9 7 7 10 8 7 9 13 13 10 5 12 17 8 10 7 5 9 4 8 7 10 6 9 6 8 7 6 12 13 5 6 9 11 11 12 9 9 13 11 12 10 11 7 11 15 7 10 12 10 11 14 11 8 11 9 4 8 7 3 8 7 5 12 5 7 6 8 6 8 10 13 9 10 12 7 7 7 11 7 4 12 7 11 7 4 4 11 11 12 9 10 14 7 8 4 10 15 16 5 9 9 11 10 6 9 
13 10 8 10 7 12 7 10 12 13 9 6 11 5 4 11 13 9 8 15 9 5 8 6 11 9 10 7 8 9 9 14 13 14 5 13 9 11 14 11 11 11 19 14 12 14 11 14 10 10 9 14 8 9 13 8 1 11 11 7 6 8 15 6 10 14 8 11 13 7 6 2 12 9 12 7 10 11 10 12 7 10 13 16 12 7 11 1 13 16 12 14 14 8 15 13 7 6 5 4 5 5 6 7 13 10 12 6 7 7 6 14 12 14 11 12 12 12 13 7 11 9 9 7 9 10 3 11 8 6 13 8 4 14 8 11 13 9 14 6 12 7 6 13 7 10 12 11 9 6 6 6 9 11 9 13 6 9 13 6 11 8 12 14 10 11 11 12 12 11 8 7 8 8 10 11 6 12 7 11 10 11 10 11 14 12 5 18 14 6 11 7 9 16 5 10 14 11 5 12 
11 9 8 6 9 7 10 7 6 5 6 8 10 6 8 6 7 7 1 5 5 7 9 8 12 5 8 5 6 9 6 4 8 6 8 5 11 8 6 5 4 9 7 9 11 9 5 7 5 10 4 6 8 5 9 5 10 7 4 7 5 6 8 6 7 8 10 6 6 6 12 7 6 8 4 5 9 8 4 5 9 5 8 5 6 8 6 8 8 11 5 8 4 3 4 9 5 3 7 4 7 7 5 4 7 9 8 13 9 3 9 7 4 6 7 6 11 5 8 6 4 7 5 10 7 8 10 6 8 10 7 6 8 5 12 10 9 7 9 4 8 8 11 7 7 8 7 8 8 10 7 9 7 4 4 6 9 6 9 9 4 7 7 8 3 10 6 7 7 10 8 12 8 6 4 9 8 4 6 6 8 4 6 8 7 6 8 9 7 7 5 7 6 2 5 5 9 7 7 8 
2 2 0 2 2 3 1 2 2 2 1 3 2 2 1 2 2 2 1 2 2 2 2 2 2 2 2 0 2 2 3 3 1 2 3 1 3 2 2 3 2 3 4 1 3 2 3 2 1 2 2 2 2 2 2 2 2 2 3 3 2 2 1 3 3 2 2 2 3 1 2 2 3 1 2 2 2 3 1 2 3 2 1 4 1 2 3 2 2 3 1 1 2 2 2 1 2 3 1 3 1 3 3 2 2 2 3 2 1 3 2 2 2 1 2 2 1 3 3 3 3 3 1 3 1 2 2 1 2 2 3 2 0 1 3 1 1 1 1 3 2 1 1 2 2 2 2 2 2 2 2 2 2 2 2 3 3 1 2 1 1 2 2 2 2 2 2 2 2 2 2 3 1 1 2 1 2 2 1 2 2 1 2 3 2 2 2 1 2 2 1 1 3 1 1 1 3 2 1 2 
7 8 8 6 10 7 6 0 4 9 3 10 6 7 3 5 5 2 5 9 3 4 10 10 8 2 7 12 8 5 8 5 6 4 7 8 5 9 6 8 5 6 6 8 6 11 8 7 3 7 3 6 2 1 9 8 8 7 7 4 6 6 4 7 9 11 8 8 10 7 4 5 7 6 7 9 4 8 6 11 6 10 7 9 10 9 11 3 9 8 6 6 6 9 7 11 5 6 5 4 8 9 8 10 6 7 6 4 7 6 7 11 7 8 10 9 9 6 3 7 2 6 6 3 4 8 9 7 8 5 5 7 10 7 11 11 11 8 5 6 10 11 8 10 10 4 2 4 10 14 9 6 10 4 7 6 7 3 7 4 11 5 13 8 11 5 8 8 8 3 7 4 6 9 8 8 8 4 8 2 11 3 5 4 9 4 5 7 11 11 6 7 5 5 6 9 6 8 7 10 
12 12 13 8 17 15 5 11 16 8 14 15 7 12 10 7 4 15 7 20 18 10 7 18 8 10 11 9 19 8 8 4 11 7 13 5 10 9 7 6 2 11 6 8 9 13 14 8 7 5 10 12 10 12 11 16 11 12 12 10 12 8 19 17 14 4 10 5 8 3 4 7 12 8 7 6 12 9 6 11 7 7 14 16 14 7 8 6 2 6 9 8 10 14 10 8 10 4 7 10 10 11 11 11 6 2 6 10 14 5 10 6 5 15 8 9 10 12 13 10 9 6 12 10 11 12 10 9 16 21 10 5 9 17 7 12 5 6 10 13 11 16 9 7 5 8 13 13 12 11 13 7 9 10 10 5 10 7 6 7 8 7 6 10 7 10 12 13 13 10 8 8 13 10 14 17 19 8 9 15 9 15 4 10 11 7 14 7 9 7 11 7 7 10 7 11 19 4 8 14 
2 2 3 3 2 2 2 1 2 1 1 3 3 2 2 1 3 2 3 2 3 3 2 1 1 1 2 2 1 1 2 2 3 2 2 1 1 1 1 1 3 2 3 2 3 2 3 2 2 2 1 4 3 3 3 2 2 3 2 1 2 2 2 1 3 2 2 1 2 2 2 2 2 1 2 3 2 2 2 1 2 2 2 0 1 2 2 1 3 3 3 2 3 1 1 3 3 2 1 2 2 3 2 2 3 2 3 2 2 2 2 2 3 3 3 3 3 2 2 2 2 1 2 2 2 3 3 2 2 2 3 2 3 2 3 1 2 2 3 2 2 2 3 1 3 2 2 2 1 2 1 1 2 2 2 2 1 2 2 2 2 2 3 1 2 2 2 2 3 2 2 3 1 1 2 2 2 2 3 2 2 1 1 3 1 3 1 1 0 2 2 2 2 3 2 2 2 2 1 2 
3 2 3 4 3 4 4 4 2 3 3 3 2 3 2 4 4 2 2 3 3 3 3 1 4 3 4 3 3 2 2 3 1 5 2 4 6 3 3 5 2 3 4 4 4 3 4 3 1 2 2 4 1 2 3 3 3 2 5 2 3 4 4 5 4 5 3 3 5 1 3 3 4 3 3 3 0 3 4 5 3 4 2 3 4 2 2 3 3 4 3 3 2 1 4 4 4 2 2 3 3 2 4 3 4 3 1 3 4 3 3 2 4 4 3 3 2 3 3 4 4 4 2 4 2 5 3 1 2 3 3 3 3 4 2 3 2 3 4 3 2 3 4 4 2 3 3 3 4 3 3 2 3 2 3 3 2 2 2 3 4 1 4 3 4 3 4 3 3 1 3 1 4 3 4 4 1 3 2 4 4 4 4 4 3 2 3 3 1 2 3 4 2 2 0 5 4 3 4 4 
