NAME  : Jabali_60_3_0.85_1_9
TYPE : SVRP
MODEL : FINITE_SUPPORT
NUMBER_OF_SCENARIOS : 200
DIMENSION : 60
EDGE_WEIGHT_TYPE : MATRIX
CAPACITY : 132
N_VEHICLES : 3
NODE_COORD_SECTION
1 3647 4072
2 1846 5834
3 2314 6395
4 5325 4064
5 6760 1782
6 2435 6812
7 7502 3366
8 3281 2410
9 1211 2532
10 756 5462
11 2863 5154
12 3446 2976
13 2040 3294
14 3849 382
15 7100 5306
16 946 3446
17 7085 2047
18 1574 5004
19 2316 3627
20 1624 3102
21 5375 112
22 4308 4634
23 4654 6256
24 4992 5573
25 767 4643
26 3712 3916
27 2449 2275
28 27 4231
29 5606 1265
30 5320 6100
31 7874 2976
32 4861 1097
33 8034 2739
34 3258 7076
35 6373 1916
36 6050 3300
37 4339 6075
38 5148 3186
39 3815 6186
40 1970 1899
41 1170 2788
42 2899 2279
43 1844 4898
44 9046 4062
45 8144 3637
46 5285 748
47 4964 18
48 723 3836
49 3694 3040
50 4861 3805
51 800 3370
52 4058 5945
53 8851 3603
54 6860 5790
55 3246 3414
56 6230 1831
57 557 2830
58 2786 2110
59 2680 1106
60 1093 3313
DEMAND_SECTION
1 0.0
2 6.0
3 8.0
4 2.0
5 4.0
6 6.0
7 7.0
8 2.0
9 1.0
10 4.0
11 6.0
12 8.0
13 6.0
14 6.0
15 6.0
16 3.0
17 10.0
18 9.0
19 9.0
20 8.0
21 1.0
22 2.0
23 8.0
24 10.0
25 2.0
26 1.0
27 8.0
28 10.0
29 10.0
30 5.0
31 6.0
32 3.0
33 6.0
34 4.0
35 10.0
36 6.0
37 10.0
38 3.0
39 2.0
40 5.0
41 5.0
42 8.0
43 3.0
44 7.0
45 7.0
46 6.0
47 3.0
48 8.0
49 4.0
50 1.0
51 5.0
52 7.0
53 6.0
54 6.0
55 5.0
56 9.0
57 4.0
58 6.0
59 8.0
60 6.0
DEVIATION_SECTION
1 0.0
2 2.0
3 2.66667
4 0.666667
5 1.33333
6 2.0
7 2.33333
8 0.666667
9 0.333333
10 1.33333
11 2.0
12 2.66667
13 2.0
14 2.0
15 2.0
16 1.0
17 3.33333
18 3.0
19 3.0
20 2.66667
21 0.333333
22 0.666667
23 2.66667
24 3.33333
25 0.666667
26 0.333333
27 2.66667
28 3.33333
29 3.33333
30 1.66667
31 2.0
32 1.0
33 2.0
34 1.33333
35 3.33333
36 2.0
37 3.33333
38 1.0
39 0.666667
40 1.66667
41 1.66667
42 2.66667
43 1.0
44 2.33333
45 2.33333
46 2.0
47 1.0
48 2.66667
49 1.33333
50 0.333333
51 1.66667
52 2.33333
53 2.0
54 2.0
55 1.66667
56 3.0
57 1.33333
58 2.0
59 2.66667
60 2.0
DISTANCE_MATRIX
0.0 34.454 37.6962 22.6569 55.4129 41.5933 56.2265 21.8403 39.7657 43.0282 18.9737 13.3417 29.1549 48.566 49.2443 45.0006 56.8719 30.0833 23.4129 35.4684 57.9844 12.0416 33.2415 28.0 40.15 1.41421 30.0 51.2627 48.2795 36.0139 62.9481 43.7248 66.1058 42.45 51.6165 40.1832 30.0832 27.8141 30.2324 31.561 43.3325 26.3059 26.9258 72.3611 61.1104 50.4353 56.8576 43.8565 12.083 19.4324 46.0717 28.178 70.1388 49.3964 10.4403 50.7904 49.6683 28.2843 41.4849 43.0006 
34.454 0.0 10.0499 51.6347 84.3907 15.2971 82.0125 50.8039 44.2832 14.7648 16.1245 46.0689 33.8817 78.2423 69.8928 34.4819 85.8498 12.53 30.5641 40.2798 91.6383 35.9026 37.5366 41.6173 21.0 35.7771 49.1634 31.5753 81.9335 45.9674 88.734 77.3788 91.8917 25.1794 80.5943 69.1611 33.2415 56.792 27.0185 47.9487 41.6293 49.6074 13.4536 98.0867 86.8963 84.0893 90.5116 30.4138 45.4701 48.4103 35.171 29.6985 95.9247 66.8431 41.2344 79.7683 43.1741 50.5751 63.8417 35.1141 
37.6962 10.0499 0.0 52.0384 84.9159 5.38516 80.0469 57.9069 53.8543 23.7697 18.7883 49.311 41.0193 85.4621 65.7419 44.3847 84.7303 22.1359 37.7017 49.8441 94.8804 36.0555 31.6228 37.6962 31.0161 39.0 56.3009 41.3038 84.505 40.4969 86.7684 80.6209 89.9262 15.5242 81.1195 68.0416 27.7849 57.3172 21.095 55.8615 51.264 56.7104 22.3607 95.5092 84.9294 87.3314 93.7537 40.4475 48.7122 48.9355 45.1221 24.5967 93.8616 61.9112 44.4765 80.2935 53.1507 57.6782 70.9447 44.9222 
22.6569 51.6347 52.0384 0.0 36.7703 54.4518 44.7275 34.7851 59.5867 61.9799 35.5318 31.5707 51.6016 51.6624 31.7805 63.1469 38.2294 49.3046 42.8945 54.0867 51.1312 16.0 32.8024 23.3452 59.6316 22.9478 45.359 70.7443 36.3828 30.0 47.5427 38.5552 48.8708 50.9215 32.9739 21.5407 32.249 10.198 36.4005 51.382 59.3526 40.1622 46.1768 53.4704 42.2197 42.6608 52.3876 63.3381 30.1762 8.48528 64.2179 32.6956 51.2481 34.0147 32.7619 32.1479 67.2215 42.0595 52.345 61.1469 
55.4129 84.3907 84.9159 36.7703 0.0 87.517 22.561 47.0106 72.7186 95.7328 68.2878 46.7852 66.4908 43.4626 47.1713 78.0139 5.09902 82.5856 66.4908 68.942 30.0167 48.3607 68.634 59.1349 92.3876 55.7038 56.8595 94.1046 17.088 62.2059 21.095 26.8328 20.6155 84.5918 5.0 24.7434 70.1023 28.0 70.4185 66.2713 73.4302 51.3128 79.4587 41.9762 30.0167 24.5153 34.0588 83.4156 45.3907 36.7703 79.085 67.0488 36.1386 53.3119 53.1869 6.40312 81.4923 52.4309 55.3173 76.0139 
41.5933 15.2971 5.38516 54.4518 87.517 0.0 81.1965 61.7304 59.2394 28.2843 23.0217 53.2353 46.1346 89.3864 65.5515 49.7293 87.8991 27.5136 42.8019 55.2292 97.9378 38.6394 30.8707 38.0789 36.1248 42.9418 61.4163 46.0977 87.1061 39.8121 87.918 84.5453 91.0758 11.6619 83.7206 71.2104 27.5136 59.9182 20.8806 61.0096 56.648 61.8585 27.7308 96.0469 85.9884 90.3888 97.678 45.7056 52.6366 51.5365 50.448 24.7386 94.7259 61.2699 48.4009 82.8945 58.4637 62.8263 76.0928 50.2892 
56.2265 82.0125 80.0469 44.7275 22.561 81.1965 0.0 58.8255 84.7652 95.5496 66.6049 57.2383 77.2692 63.1506 26.1725 88.8145 18.0278 82.8743 77.2692 79.7544 52.345 47.1888 52.5385 43.4487 93.2013 56.5175 69.411 104.314 38.0132 45.1271 7.07107 46.5296 10.198 74.434 25.02 28.6694 54.4451 35.9572 60.7888 77.0497 84.888 63.7548 79.7465 23.6008 10.0 46.0 56.0803 94.2163 55.8439 44.7275 89.8856 56.7903 19.105 32.5576 63.6401 26.0 92.8892 65.2137 71.1526 86.8145 
21.8403 50.8039 57.9069 34.7851 47.0106 61.7304 58.8255 0.0 25.807 55.7915 39.0966 8.544 20.2649 29.4109 66.4831 31.2982 50.4777 42.6443 20.2649 22.561 42.5793 33.3766 55.0818 49.366 45.2982 20.6155 10.8167 47.3889 35.6931 57.4282 61.6407 29.0172 62.9682 62.9784 42.0595 38.2294 51.8652 26.4197 51.4373 20.0454 26.4197 5.38516 39.5174 82.1189 68.6238 36.0139 40.5216 36.7 10.0499 27.4816 32.3693 49.7695 77.0429 68.0877 14.2127 40.7063 34.4819 7.28011 19.6469 29.2982 
39.7657 44.2832 53.8543 59.5867 72.7186 59.2394 84.7652 25.807 0.0 37.4833 42.107 29.2062 16.0312 45.0444 88.45 11.4018 76.2758 31.7805 21.3776 10.0499 63.5059 50.9557 68.2642 65.7343 26.8701 39.045 16.1555 26.5707 60.1664 73.3485 87.3213 51.923 88.6494 67.0548 67.7422 63.1467 64.1249 51.128 61.0328 26.2047 2.82843 21.4709 31.6574 108.0 94.5635 58.6941 60.1332 17.2047 32.0156 58.5039 11.6619 61.0328 102.724 88.989 29.3702 66.3702 9.21954 20.6155 26.3059 9.89949 
43.0282 14.7648 23.7697 61.9799 95.7328 28.2843 95.5496 55.7915 37.4833 0.0 27.4591 55.1101 40.3284 79.316 83.2406 26.2488 96.7249 13.1529 35.5518 34.0851 100.68 46.9574 52.0096 55.2268 10.6301 44.3513 48.5073 18.0278 90.9746 60.208 102.271 86.42 105.429 39.2938 91.9364 79.5062 47.634 67.6671 41.6173 53.7462 34.6554 54.595 16.2788 110.107 98.8564 93.1305 99.5528 20.8087 54.5113 59.2854 26.4008 44.0454 107.885 80.6598 50.2756 91.1104 33.6155 52.5022 61.4956 27.5862 
18.9737 16.1245 18.7883 35.5318 68.2878 23.0217 66.6049 39.0966 42.107 27.4591 0.0 30.6015 26.3059 66.7526 55.9732 35.5106 69.7469 16.4012 22.1359 32.0624 76.1709 19.9249 27.5136 28.4253 28.0179 20.2485 40.3047 39.6611 65.2176 34.4819 73.3264 61.9114 76.4841 26.4197 64.4914 53.0581 23.0868 40.6891 19.0263 39.8707 40.0125 40.7196 13.8924 82.7394 71.4887 68.6219 75.0442 33.8378 30.0027 32.3074 36.6742 19.6469 80.5171 53.8145 25.767 63.6654 44.4072 41.6874 54.9539 35.2278 
13.3417 46.0689 49.311 31.5707 46.7852 53.2353 57.2383 8.544 29.2062 55.1101 30.6015 0.0 21.2611 36.7967 60.2924 32.8064 49.7214 41.9629 21.2611 23.7463 47.4342 25.0799 46.5725 41.1096 51.7648 12.1655 17.2627 48.8971 38.0132 49.163 60.0535 33.2415 61.3816 54.4833 42.0 35.6198 43.3244 23.6011 42.9418 21.0416 29.0 13.0384 38.8359 80.4732 67.0366 40.025 46.0977 38.2082 2.82843 24.2354 33.8775 41.2311 75.4558 60.9159 6.7082 40.7351 36.8811 15.0333 28.1603 30.8064 
29.1549 33.8817 41.0193 51.6016 66.4908 46.1346 77.2692 20.2649 16.0312 40.3284 26.3059 21.2611 0.0 47.5395 73.9892 15.8489 69.6348 25.7222 5.83095 6.32456 62.5581 35.4316 52.2398 50.0 29.8489 30.4779 17.2047 31.9396 55.91 57.4891 80.0845 49.2195 81.4125 51.9247 61.6123 55.6507 48.0937 43.632 45.0999 18.2195 14.3178 18.9737 22.5952 100.504 87.0675 56.2195 60.2097 21.2506 24.0856 50.5188 16.9199 45.0111 95.4867 73.4185 21.3851 60.2979 20.6655 19.6977 32.0156 13.8489 
48.566 78.2423 85.4621 51.6624 43.4626 89.3864 63.1506 29.4109 45.0444 79.316 66.7526 36.7967 47.5395 0.0 81.2219 54.7449 48.4665 70.0827 47.7033 47.5395 20.5913 60.7833 80.7307 72.4983 68.8365 47.1941 31.0483 70.859 26.4008 80.2309 63.8905 16.7631 63.9062 90.6344 39.2173 50.2494 78.4901 41.4849 78.7879 47.4838 47.1699 28.6356 66.9558 85.0706 72.2772 20.0 16.1555 60.2382 36.7967 47.927 55.5788 76.7182 79.3788 84.8535 43.2782 37.9473 54.0 27.8568 19.105 52.7731 
49.2443 69.8928 65.7419 31.7805 47.1713 65.5515 26.1725 66.4831 88.45 83.2406 55.9732 60.2924 73.9892 81.2219 0.0 89.835 43.2815 72.1388 68.2473 80.3027 75.1407 38.6005 34.7851 28.3019 83.4506 49.6488 77.0292 94.8472 59.5422 25.9615 32.0156 65.9242 35.0 56.7539 48.5256 31.0161 38.0789 41.3459 44.7772 80.2454 88.2159 71.8401 69.2965 32.0 26.4008 67.454 77.8943 87.4874 61.8464 39.2173 90.9061 41.1461 32.5576 6.7082 59.4811 49.2203 94.6516 73.7631 84.016 87.835 
45.0006 34.4819 44.3847 63.1469 78.0139 49.7293 88.8145 31.2982 11.4018 26.2488 35.5106 32.8064 15.8489 54.7449 89.835 0.0 81.1798 22.3607 21.6525 9.60555 72.0069 51.2774 62.8172 62.3285 15.6205 46.3237 24.0208 16.1245 66.8769 69.1233 91.6297 59.4138 92.9578 58.4209 73.1193 67.196 58.4637 55.1773 54.4518 29.7648 8.60233 28.1603 23.0217 112.049 98.6128 66.3702 69.0652 5.83095 35.6309 62.0641 1.41421 55.109 107.032 89.2642 32.9303 71.7951 9.0 28.0179 36.6879 2.0 
56.8719 85.8498 84.7303 38.2294 5.09902 87.8991 18.0278 50.4777 76.2758 96.7249 69.7469 49.7214 69.6348 48.4665 43.2815 81.1798 0.0 84.0447 69.6348 72.1199 35.0 49.8197 70.0126 60.5135 93.8467 57.1629 60.6053 97.2705 22.1359 63.5846 16.0312 31.7805 15.5242 91.5049 9.43398 25.5439 71.4809 29.4279 77.4316 69.4152 76.8505 55.0 80.6225 36.8782 25.0 29.6142 39.1152 86.5815 48.3269 38.2294 82.2509 73.4332 31.0483 49.422 56.1231 10.8167 84.9058 56.2228 59.8164 79.1798 
30.0833 12.53 22.1359 49.3046 82.5856 27.5136 82.8743 42.6443 31.7805 13.1529 16.4012 41.9629 25.7222 70.0827 72.1388 22.3607 84.0447 0.0 22.4046 27.7716 87.5323 34.6699 43.382 44.8219 11.6619 31.4064 41.0039 23.3238 77.8274 50.774 89.8562 73.2728 93.0139 36.1248 78.7892 67.0913 38.9102 54.9869 33.8378 40.599 29.1548 41.4478 3.16228 97.9864 86.7357 79.9833 86.4056 19.0263 41.3641 46.3405 23.1948 35.3412 95.7641 70.1783 37.1284 77.9632 31.257 42.4156 55.6822 22.8035 
23.4129 30.5641 37.7017 42.8945 66.4908 42.8019 77.2692 20.2649 21.3776 35.5518 22.1359 21.2611 5.83095 47.7033 68.2473 21.6525 69.6348 22.4046 0.0 12.083 62.5581 29.6897 47.0425 44.3847 32.2066 24.736 18.6011 37.7432 55.91 51.9711 80.0845 49.2195 81.4125 48.3322 61.6123 55.6507 43.0 43.632 40.4475 18.2195 19.9249 19.0684 19.2776 92.5987 87.0675 56.2195 60.2097 27.0542 24.0856 39.6701 22.7235 40.05 95.4867 67.6765 21.3851 60.2979 26.4691 20.0362 33.3027 19.6525 
35.4684 40.2798 49.8441 54.0867 68.942 55.2292 79.7544 22.561 10.0499 34.0851 32.0624 23.7463 6.32456 47.5395 80.3027 9.60555 72.1199 27.7716 12.083 0.0 64.0312 41.7451 58.4209 56.3205 23.6056 36.7914 16.4924 25.6963 58.2495 63.7887 82.5696 51.1566 83.8977 63.0446 64.0781 58.1359 54.231 46.1172 51.0098 20.7047 8.06226 20.0 27.6472 102.989 89.5527 58.1378 61.2944 15.0073 26.5708 53.0039 10.6766 51.0882 97.9718 79.732 23.8702 62.7694 14.4222 20.0998 30.4138 7.60555 
57.9844 91.6383 94.8804 51.1312 30.0167 97.9378 52.345 42.5793 63.5059 100.68 76.1709 47.4342 62.5581 20.5913 75.1407 72.0069 35.0 87.5323 62.5581 64.0312 0.0 62.937 82.7587 73.7824 86.0076 56.6125 48.0416 88.0983 15.6525 80.8578 51.0098 14.3178 50.1597 98.8194 27.4591 46.1411 81.361 41.7253 84.519 62.3385 65.2763 44.0454 84.4053 71.4493 60.0 8.48528 5.0 77.4093 46.3256 50.2494 73.0274 81.1048 65.4905 79.8583 54.0833 26.6833 72.6911 44.0 38.8973 70.0071 
12.0416 35.9026 36.0555 16.0 48.3607 38.6394 47.1888 33.3766 50.9557 46.9574 19.9249 25.0799 35.4316 60.7833 38.6005 51.2774 49.8197 34.6699 29.6897 41.7451 62.937 0.0 22.3607 16.0312 45.4533 13.0 42.0119 56.6078 48.4716 24.0832 53.9103 49.7091 57.068 36.2353 45.0861 33.131 20.0 21.2837 22.2036 43.5254 49.6092 38.1182 31.6228 63.3233 52.0726 54.4525 63.7985 49.2016 23.3452 12.902 52.3484 19.105 61.101 38.0132 22.3607 44.26 56.094 40.1123 52.9528 49.2774 
33.2415 37.5366 31.6228 32.8024 68.634 30.8707 52.5385 55.0818 68.2642 52.0096 27.5136 46.5725 52.2398 80.7307 34.7851 62.8172 70.0126 43.382 47.0425 58.4209 82.7587 22.3607 0.0 9.84886 55.0091 34.4819 62.6498 66.6483 68.0389 8.94427 59.26 69.6563 62.4177 22.2036 64.63 45.1543 4.47214 41.0366 10.6301 63.1479 66.4831 59.439 41.2311 65.9242 57.0 74.2765 83.7377 61.3514 45.2217 32.8495 64.0312 8.06226 65.192 30.4138 42.4264 63.804 71.6199 61.3922 74.7262 62.4099 
28.0 41.6173 37.6962 23.3452 59.1349 38.0789 43.4487 49.366 65.7343 55.2268 28.4253 41.1096 50.0 72.4983 28.3019 62.3285 60.5135 44.8219 44.3847 56.3205 73.7824 16.0312 9.84886 0.0 56.4004 29.0172 58.0 68.0074 59.034 8.06226 50.1702 61.0328 53.3279 31.0161 56.6099 35.6552 11.0 32.2025 17.2627 59.2494 64.2884 54.1479 42.2019 57.9741 48.1664 65.312 75.0 61.2964 39.3192 24.5967 63.5514 13.3417 56.7186 25.4558 38.1182 54.7991 70.5912 56.1427 68.884 63.7746 
40.15 21.0 31.0161 59.6316 92.3876 36.1248 93.2013 45.2982 26.8701 10.6301 28.0179 51.7648 29.8489 68.8365 83.4506 15.6205 93.8467 11.6619 32.2066 23.6056 86.0076 45.4533 55.0091 56.4004 0.0 41.473 38.0278 11.6619 87.6294 62.434 99.9228 73.4603 103.081 46.0977 88.5912 77.1579 50.5371 64.7889 45.31 50.4009 24.0416 42.2036 14.2127 108.73 98.0376 80.407 83.0714 10.2956 51.166 56.4072 15.8114 46.9574 107.066 81.6884 46.9303 87.7652 23.2594 42.0227 51.0161 16.9706 
1.41421 35.7771 39.0 22.9478 55.7038 42.9418 56.5175 20.6155 39.045 44.3513 20.2485 12.1655 30.4779 47.1941 49.6488 46.3237 57.1629 31.4064 24.736 36.7914 56.6125 13.0 34.4819 29.0172 41.473 0.0 29.0172 52.5857 46.9076 37.054 63.239 42.3529 66.3967 43.8634 51.9074 40.4742 31.3847 28.1051 31.6228 30.8403 38.8109 25.1794 28.2489 72.652 61.4014 49.0635 55.4857 45.1796 10.7703 19.7234 47.3947 29.5296 70.4297 49.98 9.84886 51.0814 50.9914 27.1662 40.2616 44.3237 
30.0 49.1634 56.3009 45.359 56.8595 61.4163 69.411 10.8167 16.1555 48.5073 40.3047 17.2627 17.2047 31.0483 77.0292 24.0208 60.6053 41.0039 18.6011 16.4924 48.0416 42.0119 62.6498 58.0 38.0278 29.0172 0.0 40.1185 44.0114 66.0076 72.2262 35.9026 73.5391 66.6791 51.8652 49.0456 59.0716 37.2156 57.9417 18.434 17.4642 5.65685 37.8769 92.7045 79.2093 42.7551 45.0444 29.4295 19.6469 38.0237 25.0 56.7399 87.6285 78.1737 20.2237 50.4777 25.2982 4.47214 14.8661 22.0227 
51.2627 31.5753 41.3038 70.7443 94.1046 46.0977 104.314 47.3889 26.5707 18.0278 39.6611 48.8971 31.9396 70.859 94.8472 16.1245 97.2705 23.3238 37.7432 25.6963 88.0983 56.6078 66.6483 68.0074 11.6619 52.5857 40.1185 0.0 82.9676 74.0945 111.036 75.551 114.193 56.7186 89.21 88.2706 62.1772 75.9016 56.8595 45.8555 24.0416 44.2943 25.807 119.843 109.15 82.4977 85.1621 11.0454 51.7216 67.5199 15.2971 58.5918 118.179 93.2363 58.043 87.8859 19.4165 44.1134 52.6308 18.1108 
48.2795 81.9335 84.505 36.3828 17.088 87.1061 38.0132 35.6931 60.1664 90.9746 65.2176 38.0132 55.91 26.4008 59.5422 66.8769 22.1359 77.8274 55.91 58.2495 15.6525 48.4716 68.0389 59.034 87.6294 46.9076 44.0114 82.9676 0.0 66.1094 37.855 10.0 37.6431 84.3539 13.1529 30.5287 66.8436 27.2029 70.0536 55.6905 61.3514 38.8973 74.7005 58.9406 46.5296 8.06226 18.4391 72.2787 36.6207 36.0555 67.9117 66.6393 53.1601 64.2573 44.4169 12.0416 69.2892 39.5601 39.6989 64.7611 
36.0139 45.9674 40.4969 30.0 62.2059 39.8121 45.1271 57.4282 73.3485 60.208 34.4819 49.163 57.4891 80.2309 25.9615 69.1233 63.5846 50.774 51.9711 63.7887 80.8578 24.0832 8.94427 8.06226 62.434 37.054 66.0076 74.0945 66.1094 0.0 51.8486 68.2642 55.0063 30.8058 59.6809 38.7263 12.8062 39.4462 19.4165 67.1378 71.8053 62.2013 48.3735 57.4282 49.163 72.3874 82.1142 68.0294 47.3814 32.311 70.3462 16.2788 57.0088 21.4709 46.0435 59.4944 78.003 64.195 76.9415 68.7157 
62.9481 88.734 86.7684 47.5427 21.095 87.918 7.07107 61.6407 87.3213 102.271 73.3264 60.0535 80.0845 63.8905 32.0156 91.6297 16.0312 89.8562 80.0845 82.5696 51.0098 53.9103 59.26 50.1702 99.9228 63.239 72.2262 111.036 37.855 51.8486 0.0 47.1275 3.16228 81.1555 24.7386 34.8325 61.1666 38.7724 67.5103 79.8649 87.6336 66.5701 86.6986 21.1896 9.05539 45.5412 55.1453 97.0315 58.6591 47.5427 92.7008 63.5119 15.6525 38.6005 66.4553 25.9615 95.6614 68.029 73.5731 89.6297 
43.7248 77.3788 80.6209 38.5552 26.8328 84.5453 46.5296 29.0172 51.923 86.42 61.9114 33.2415 49.2195 16.7631 65.9242 59.4138 31.7805 73.2728 49.2195 51.1566 14.3178 49.7091 69.6563 61.0328 73.4603 42.3529 35.9026 75.551 10.0 68.2642 47.1275 0.0 47.1699 85.5915 22.4722 35.4401 68.1331 28.8444 71.2911 49.0 53.3667 31.257 70.1458 68.3081 55.5428 7.0 14.1421 64.862 32.0661 36.8782 60.531 67.8769 62.6259 70.0928 39.8497 21.1896 61.131 31.5753 30.0 57.4282 
66.1058 91.8917 89.9262 48.8708 20.6155 91.0758 10.198 62.9682 88.6494 105.429 76.4841 61.3816 81.4125 63.9062 35.0 92.9578 15.5242 93.0139 81.4125 83.8977 50.1597 57.068 62.4177 53.3279 103.081 66.3967 73.5391 114.193 37.6431 55.0063 3.16228 47.1699 0.0 84.7413 24.6982 36.1606 64.7173 40.1005 70.668 81.193 88.9616 67.8823 89.8564 21.3776 10.7703 45.1221 54.4518 98.3596 59.9872 48.8708 94.0289 66.6696 15.5242 41.6173 67.7834 26.0 96.9599 69.3109 74.3303 90.9578 
42.45 25.1794 15.5242 50.9215 84.5918 11.6619 74.434 62.9784 67.0548 39.2938 26.4197 54.4833 51.9247 90.6344 56.7539 58.4209 91.5049 36.1248 48.3322 63.0446 98.8194 36.2353 22.2036 31.0161 46.0977 43.8634 66.6791 56.7186 84.3539 30.8058 81.1555 85.5915 84.7413 0.0 80.7954 66.6467 20.025 57.1661 14.5602 66.2451 64.5368 67.0939 35.5106 88.1192 79.0569 90.3349 98.9082 55.0364 53.8845 48.7844 59.3043 18.4391 87.367 51.8652 49.6489 79.9694 67.3647 68.0617 81.3283 58.6941 
51.6165 80.5943 81.1195 32.9739 5.0 83.7206 25.02 42.0595 67.7422 91.9364 64.4914 42.0 61.6123 39.2173 48.5256 73.1193 9.43398 78.7892 61.6123 64.0781 27.4591 45.0861 64.63 56.6099 88.5912 51.9074 51.8652 89.21 13.1529 59.6809 24.7386 22.4722 24.6982 80.7954 0.0 22.2184 63.4347 24.1868 66.6221 61.3927 68.4763 46.3249 75.6623 45.8803 33.3766 21.0238 31.0644 78.5211 40.6056 32.9739 74.1904 63.2524 40.1622 54.828 48.4018 1.41421 76.5376 47.4342 50.448 71.1193 
40.1832 69.1611 68.0416 21.5407 24.7434 71.2104 28.6694 38.2294 63.1467 79.5062 53.0581 35.6198 55.6507 50.2494 31.0161 67.196 25.5439 67.0913 55.6507 58.1359 46.1411 33.131 45.1543 35.6552 77.1579 40.4742 49.0456 88.2706 30.5287 38.7263 34.8325 35.4401 36.1606 66.6467 22.2184 0.0 46.6227 12.7703 52.5734 55.4312 63.4017 43.527 63.9338 45.3122 33.5532 38.0132 48.3322 72.5977 34.2253 21.5407 68.267 48.5749 42.6448 34.7131 42.0215 22.0227 71.2706 45.2522 53.8516 65.196 
30.0832 33.2415 27.7849 32.249 70.1023 27.5136 54.4451 51.8652 64.1249 47.634 23.0868 43.3244 48.0937 78.4901 38.0789 58.4637 71.4809 38.9102 43.0 54.231 81.361 20.0 4.47214 11.0 50.5371 31.3847 59.0716 62.1772 66.8436 12.8062 61.1666 68.1331 64.7173 20.025 63.4347 46.6227 0.0 39.6989 6.7082 59.3587 62.2896 56.0446 36.7696 68.6586 59.1354 72.8629 82.2225 56.921 42.1545 31.326 59.6657 3.60555 67.6018 34.1321 38.8489 62.6086 67.2753 57.9741 71.4703 58.0653 
27.8141 56.792 57.3172 10.198 28.0 59.9182 35.9572 26.4197 51.128 67.6671 40.6891 23.6011 43.632 41.4849 41.3459 55.1773 29.4279 54.9869 43.632 46.1172 41.7253 21.2837 41.0366 32.2025 64.7889 28.1051 37.2156 75.9016 27.2029 39.4462 38.7724 28.8444 40.1005 57.1661 24.1868 12.7703 39.6989 0.0 42.8658 43.4125 51.2507 31.7648 51.5647 58.0435 45.7555 33.2415 42.8019 60.579 22.2066 8.94427 56.2484 39.4515 54.1746 44.0114 30.0028 23.3452 59.2519 33.541 42.7551 53.1773 
30.2324 27.0185 21.095 36.4005 70.4185 20.8806 60.7888 51.4373 61.0328 41.6173 19.0263 42.9418 45.0999 78.7879 44.7772 54.4518 77.4316 33.8378 40.4475 51.0098 84.519 22.2036 10.6301 17.2627 45.31 31.6228 57.9417 56.8595 70.0536 19.4165 67.5103 71.2911 70.668 14.5602 66.6221 52.5734 6.7082 42.8658 0.0 57.5077 59.0 55.3531 32.0156 75.1864 65.3758 76.0345 85.3805 52.3927 42.19 34.484 55.5788 4.0 73.9797 40.8167 38.1078 65.796 63.3877 57.2632 70.8867 54.231 
31.561 47.9487 55.8615 51.382 66.2713 61.0096 77.0497 20.0454 26.2047 53.7462 39.8707 21.0416 18.2195 47.4838 80.2454 29.7648 69.4152 40.599 18.2195 20.7047 62.3385 43.5254 63.1479 59.2494 50.4009 30.8403 18.434 45.8555 55.6905 67.1378 79.8649 49.0 81.193 66.2451 61.3927 55.4312 59.3587 43.4125 57.5077 0.0 25.9706 18.8489 37.472 100.285 86.848 56.0 59.9902 35.1666 23.8661 50.2992 30.8359 56.676 95.2671 80.7844 21.1655 60.0784 33.8395 19.8167 33.0832 27.7648 
43.3325 41.6293 51.264 59.3526 73.4302 56.648 84.888 26.4197 2.82843 34.6554 40.0125 29.0 14.3178 47.1699 88.2159 8.60233 76.8505 29.1548 19.9249 8.06226 65.2763 49.6092 66.4831 64.2884 24.0416 38.8109 17.4642 24.0416 61.3514 71.8053 87.6336 53.3667 88.9616 64.5368 68.4763 63.4017 62.2896 51.2507 59.0 25.9706 0.0 22.4722 29.1204 108.123 94.6862 60.208 62.0322 14.4222 31.8277 58.2698 8.94427 59.1354 103.105 87.5961 29.1361 67.1193 8.06226 21.8403 28.6356 7.07107 
26.3059 49.6074 56.7104 40.1622 51.3128 61.8585 63.7548 5.38516 21.4709 54.595 40.7196 13.0384 18.9737 28.6356 71.8401 28.1603 55.0 41.4478 19.0684 20.0 44.0454 38.1182 59.439 54.1479 42.2036 25.1794 5.65685 44.2943 38.8973 62.2013 66.5701 31.257 67.8823 67.0939 46.3249 43.527 56.0446 31.7648 55.3531 18.8489 22.4722 0.0 38.3209 87.0483 73.5531 38.2099 41.4367 33.6054 15.0333 32.8369 29.2746 53.7625 81.9723 73.4429 17.4642 44.9444 30.4631 2.0 15.6525 26.1725 
26.9258 13.4536 22.3607 46.1768 79.4587 27.7308 79.7465 39.5174 31.6574 16.2788 13.8924 38.8359 22.5952 66.9558 69.2965 23.0217 80.6225 3.16228 19.2776 27.6472 84.4053 31.6228 41.2311 42.2019 14.2127 28.2489 37.8769 25.807 74.7005 48.3735 86.6986 70.1458 89.8564 35.5106 75.6623 63.9338 36.7696 51.5647 32.0156 37.472 29.1204 38.3209 0.0 94.9459 83.6952 76.8563 83.2786 20.3961 38.2371 43.183 24.0 33.2415 92.7236 67.4759 34.0014 74.8362 32.0156 39.2887 52.5552 23.1948 
72.3611 98.0867 95.5092 53.4704 41.9762 96.0469 23.6008 82.1189 108.0 110.107 82.7394 80.4732 100.504 85.0706 32.0 112.049 36.8782 97.9864 92.5987 102.989 71.4493 63.3233 65.9242 57.9741 108.73 72.652 92.7045 119.843 58.9406 57.4282 21.1896 68.3081 21.3776 88.1192 45.8803 45.3122 68.6586 58.0435 75.1864 100.285 108.123 87.0483 94.9459 0.0 13.6015 66.4906 75.8024 117.451 79.0787 61.2708 113.12 71.3092 6.0 38.1182 82.4661 47.1275 116.124 88.5072 94.414 110.049 
61.1104 86.8963 84.9294 42.2197 30.0167 85.9884 10.0 68.6238 94.5635 98.8564 71.4887 67.0366 87.0675 72.2772 26.4008 98.6128 25.0 86.7357 87.0675 89.5527 60.0 52.0726 57.0 48.1664 98.0376 61.4014 79.2093 109.15 46.5296 49.163 9.05539 55.5428 10.7703 79.0569 33.3766 33.5532 59.1354 45.7555 65.3758 86.848 94.6862 73.5531 83.6952 13.6015 0.0 54.3323 64.0703 104.015 65.6421 54.5258 99.6839 61.4003 9.43398 33.1059 71.2155 34.5254 102.687 75.012 80.9506 96.6128 
50.4353 84.0893 87.3314 42.6608 24.5153 90.3888 46.0 36.0139 58.6941 93.1305 68.6219 40.025 56.2195 20.0 67.454 66.3702 29.6142 79.9833 56.2195 58.1378 8.48528 54.4525 74.2765 65.312 80.407 49.0635 42.7551 82.4977 8.06226 72.3874 45.5412 7.0 45.1221 90.3349 21.0238 38.0132 72.8629 33.2415 76.0345 56.0 60.208 38.2099 76.8563 66.4906 54.3323 0.0 10.4403 71.8087 38.7766 41.7732 67.4759 72.6203 60.6383 72.111 46.5728 20.0 67.9117 38.4708 35.8469 64.3817 
56.8576 90.5116 93.7537 52.3876 34.0588 97.678 56.0803 40.5216 60.1332 99.5528 75.0442 46.0977 60.2097 16.1555 77.8943 69.0652 39.1152 86.4056 60.2097 61.2944 5.0 63.7985 83.7377 75.0 83.0714 55.4857 45.0444 85.1621 18.4391 82.1142 55.1453 14.1421 54.4518 98.9082 31.0644 48.3322 82.2225 42.8019 85.3805 59.9902 62.0322 41.4367 83.2786 75.8024 64.0703 10.4403 0.0 74.4731 45.1988 50.9902 70.0286 81.9663 69.8713 82.5409 52.8015 30.1496 69.2604 41.1947 34.9285 67.0671 
43.8565 30.4138 40.4475 63.3381 83.4156 45.7056 94.2163 36.7 17.2047 20.8087 33.8378 38.2082 21.2506 60.2382 87.4874 5.83095 86.5815 19.0263 27.0542 15.0073 77.4093 49.2016 61.3514 61.2964 10.2956 45.1796 29.4295 11.0454 72.2787 68.0294 97.0315 64.862 98.3596 55.0364 78.5211 72.5977 56.921 60.579 52.3927 35.1666 14.4222 33.6054 20.3961 117.451 104.015 71.8087 74.4731 0.0 41.0326 67.4658 5.65685 53.4509 112.434 86.1325 38.3321 77.1969 13.0 33.4245 42.3792 7.61577 
12.083 45.4701 48.7122 30.1762 45.3907 52.6366 55.8439 10.0499 32.0156 54.5113 30.0027 2.82843 24.0856 36.7967 61.8464 35.6309 48.3269 41.3641 24.0856 26.5708 46.3256 23.3452 45.2217 39.3192 51.166 10.7703 19.6469 51.7216 36.6207 47.3814 58.6591 32.0661 59.9872 53.8845 40.6056 34.2253 42.1545 22.2066 42.19 23.8661 31.8277 15.0333 38.2371 79.0787 65.6421 38.7766 45.1988 41.0326 0.0 22.8409 36.702 40.2492 74.0613 58.6042 8.06226 39.3407 39.7056 17.0294 29.6142 33.6309 
19.4324 48.4103 48.9355 8.48528 36.7703 51.5365 44.7275 27.4816 58.5039 59.2854 32.3074 24.2354 50.5188 47.927 39.2173 62.0641 38.2294 46.3405 39.6701 53.0039 50.2494 12.902 32.8495 24.5967 56.4072 19.7234 38.0237 67.5199 36.0555 32.311 47.5427 36.8782 48.8708 48.7844 32.9739 21.5407 31.326 8.94427 34.484 50.2992 58.2698 32.8369 43.183 61.2708 54.5258 41.7732 50.9902 67.4658 22.8409 0.0 63.1351 31.0698 62.945 40.6079 29.5375 32.1479 66.1387 34.7596 46.0 60.0641 
46.0717 35.171 45.1221 64.2179 79.085 50.448 89.8856 32.3693 11.6619 26.4008 36.6742 33.8775 16.9199 55.5788 90.9061 1.41421 82.2509 23.1948 22.7235 10.6766 73.0274 52.3484 64.0312 63.5514 15.8114 47.3947 25.0 15.2971 67.9117 70.3462 92.7008 60.531 94.0289 59.3043 74.1904 68.267 59.6657 56.2484 55.5788 30.8359 8.94427 29.2746 24.0 113.12 99.6839 67.4759 70.0286 5.65685 36.702 63.1351 0.0 56.2939 108.103 90.3353 34.0014 72.8662 8.06226 29.0689 37.3631 3.16228 
28.178 29.6985 24.5967 32.6956 67.0488 24.7386 56.7903 49.7695 61.0328 44.0454 19.6469 41.2311 45.0111 76.7182 41.1461 55.109 73.4332 35.3412 40.05 51.0882 81.1048 19.105 8.06226 13.3417 46.9574 29.5296 56.7399 58.5918 66.6393 16.2788 63.5119 67.8769 66.6696 18.4391 63.2524 48.5749 3.60555 39.4515 4.0 56.676 59.1354 53.7625 33.2415 71.3092 61.4003 72.6203 81.9663 53.4509 40.2492 31.0698 56.2939 0.0 70.0357 37.4433 36.5171 62.4263 63.9531 55.6725 69.2892 54.7449 
70.1388 95.9247 93.8616 51.2481 36.1386 94.7259 19.105 77.0429 102.724 107.885 80.5171 75.4558 95.4867 79.3788 32.5576 107.032 31.0483 95.7641 95.4867 97.9718 65.4905 61.101 65.192 56.7186 107.066 70.4297 87.6285 118.179 53.1601 57.0088 15.6525 62.6259 15.5242 87.367 40.1622 42.6448 67.6018 54.1746 73.9797 95.2671 103.105 81.9723 92.7236 6.0 9.43398 60.6383 69.8713 112.434 74.0613 62.945 108.103 70.0357 0.0 39.0512 81.8575 41.4367 111.107 83.4312 89.1852 105.032 
49.3964 66.8431 61.9112 34.0147 53.3119 61.2699 32.5576 68.0877 88.989 80.6598 53.8145 60.9159 73.4185 84.8535 6.7082 89.2642 49.422 70.1783 67.6765 79.732 79.8583 38.0132 30.4138 25.4558 81.6884 49.98 78.1737 93.2363 64.2573 21.4709 38.6005 70.0928 41.6173 51.8652 54.828 34.7131 34.1321 44.0114 40.8167 80.7844 87.5961 73.4429 67.4759 38.1182 33.1059 72.111 82.5409 86.1325 58.6042 40.6079 90.3353 37.4433 39.0512 0.0 59.808 54.6415 94.0809 75.3656 86.2844 87.2642 
10.4403 41.2344 44.4765 32.7619 53.1869 48.4009 63.6401 14.2127 29.3702 50.2756 25.767 6.7082 21.3851 43.2782 59.4811 32.9303 56.1231 37.1284 21.3851 23.8702 54.0833 22.3607 42.4264 38.1182 46.9303 9.84886 20.2237 58.043 44.4169 46.0435 66.4553 39.8497 67.7834 49.6489 48.4018 42.0215 38.8489 30.0028 38.1078 21.1655 29.1361 17.4642 34.0014 82.4661 71.2155 46.5728 52.8015 38.3321 8.06226 29.5375 34.0014 36.5171 81.8575 59.808 0.0 47.1369 37.005 19.3132 33.1059 30.9303 
50.7904 79.7683 80.2935 32.1479 6.40312 82.8945 26.0 40.7063 66.3702 91.1104 63.6654 40.7351 60.2979 37.9473 49.2203 71.7951 10.8167 77.9632 60.2979 62.7694 26.6833 44.26 63.804 54.7991 87.7652 51.0814 50.4777 87.8859 12.0416 59.4944 25.9615 21.1896 26.0 79.9694 1.41421 22.0227 62.6086 23.3452 65.796 60.0784 67.1193 44.9444 74.8362 47.1275 34.5254 20.0 30.1496 77.1969 39.3407 32.1479 72.8662 62.4263 41.4367 54.6415 47.1369 0.0 75.1798 46.0435 49.0408 69.7951 
49.6683 43.1741 53.1507 67.2215 81.4923 58.4637 92.8892 34.4819 9.21954 33.6155 44.4072 36.8811 20.6655 54.0 94.6516 9.0 84.9058 31.257 26.4691 14.4222 72.6911 56.094 71.6199 70.5912 23.2594 50.9914 25.2982 19.4165 69.2892 78.003 95.6614 61.131 96.9599 67.3647 76.5376 71.2706 67.2753 59.2519 63.3877 33.8395 8.06226 30.4631 32.0156 116.124 102.687 67.9117 69.2604 13.0 39.7056 66.1387 8.06226 63.9531 111.107 94.0809 37.005 75.1798 0.0 29.7321 35.0571 9.21954 
28.2843 50.5751 57.6782 42.0595 52.4309 62.8263 65.2137 7.28011 20.6155 52.5022 41.6874 15.0333 19.6977 27.8568 73.7631 28.0179 56.2228 42.4156 20.0362 20.0998 44.0 40.1123 61.3922 56.1427 42.0227 27.1662 4.47214 44.1134 39.5601 64.195 68.029 31.5753 69.3109 68.0617 47.4342 45.2522 57.9741 33.541 57.2632 19.8167 21.8403 2.0 39.2887 88.5072 75.012 38.4708 41.1947 33.4245 17.0294 34.7596 29.0689 55.6725 83.4312 75.3656 19.3132 46.0435 29.7321 0.0 13.8924 26.0192 
41.4849 63.8417 70.9447 52.345 55.3173 76.0928 71.1526 19.6469 26.3059 61.4956 54.9539 28.1603 32.0156 19.105 84.016 36.6879 59.8164 55.6822 33.3027 30.4138 38.8973 52.9528 74.7262 68.884 51.0161 40.2616 14.8661 52.6308 39.6989 76.9415 73.5731 30.0 74.3303 81.3283 50.448 53.8516 71.4703 42.7551 70.8867 33.0832 28.6356 15.6525 52.5552 94.414 80.9506 35.8469 34.9285 42.3792 29.6142 46.0 37.3631 69.2892 89.1852 86.2844 33.1059 49.0408 35.0571 13.8924 0.0 34.7851 
43.0006 35.1141 44.9222 61.1469 76.0139 50.2892 86.8145 29.2982 9.89949 27.5862 35.2278 30.8064 13.8489 52.7731 87.835 2.0 79.1798 22.8035 19.6525 7.60555 70.0071 49.2774 62.4099 63.7746 16.9706 44.3237 22.0227 18.1108 64.7611 68.7157 89.6297 57.4282 90.9578 58.6941 71.1193 65.196 58.0653 53.1773 54.231 27.7648 7.07107 26.1725 23.1948 110.049 96.6128 64.3817 67.0671 7.61577 33.6309 60.0641 3.16228 54.7449 105.032 87.2642 30.9303 69.7951 9.21954 26.0192 34.7851 0.0 
DEMAND_SCENARIO_SECTION
0 0 0 0 0 0 0 0 0 0 0 0 0 0 0 0 0 0 0 0 0 0 0 0 0 0 0 0 0 0 0 0 0 0 0 0 0 0 0 0 0 0 0 0 0 0 0 0 0 0 0 0 0 0 0 0 0 0 0 0 0 0 0 0 0 0 0 0 0 0 0 0 0 0 0 0 0 0 0 0 0 0 0 0 0 0 0 0 0 0 0 0 0 0 0 0 0 0 0 0 0 0 0 0 0 0 0 0 0 0 0 0 0 0 0 0 0 0 0 0 0 0 0 0 0 0 0 0 0 0 0 0 0 0 0 0 0 0 0 0 0 0 0 0 0 0 0 0 0 0 0 0 0 0 0 0 0 0 0 0 0 0 0 0 0 0 0 0 0 0 0 0 0 0 0 0 0 0 0 0 0 0 0 0 0 0 0 0 0 0 0 0 0 0 0 0 0 0 0 0 
4 10 5 7 3 8 4 9 3 4 1 10 2 10 6 5 4 6 4 8 7 11 8 7 9 4 7 5 8 8 8 4 6 5 7 6 3 10 8 7 9 11 7 7 11 4 11 8 7 5 9 5 7 3 7 8 5 4 3 10 8 5 7 7 7 7 6 8 4 7 5 7 6 8 7 7 4 7 6 6 7 7 7 6 7 5 2 6 7 8 7 6 4 7 5 5 6 7 7 7 4 7 7 7 6 3 7 7 7 5 5 7 9 5 4 8 1 9 4 6 7 5 5 6 8 7 6 5 5 6 5 6 7 10 7 4 1 6 1 6 6 7 8 3 8 7 2 6 8 5 5 9 4 5 9 5 6 7 7 6 7 6 5 5 7 5 2 11 4 6 5 1 9 6 2 3 4 7 4 5 6 3 6 7 6 8 3 12 6 8 5 4 6 8 7 5 5 8 9 4 
11 6 11 8 8 9 7 6 4 8 9 7 4 5 11 6 3 9 5 4 7 9 12 8 8 6 8 7 13 5 6 3 6 9 5 11 1 7 6 14 5 3 13 6 15 10 11 8 8 9 13 9 8 3 4 6 10 8 12 13 13 6 6 7 6 7 6 8 5 6 7 5 10 6 9 10 5 10 11 0 6 4 5 6 6 6 13 6 12 9 9 9 7 8 12 6 11 9 8 5 6 8 9 11 5 10 9 6 6 5 9 9 7 4 11 7 7 11 11 8 9 7 6 6 0 8 11 8 1 8 11 11 9 12 10 5 7 2 8 8 11 7 10 7 7 12 9 13 10 10 6 6 5 2 5 6 5 10 12 8 8 8 8 10 6 8 10 8 6 5 9 5 8 8 4 11 9 5 5 9 6 10 7 9 6 9 8 4 7 9 8 3 13 5 8 4 9 7 5 8 
1 3 2 2 1 3 3 2 1 2 2 2 3 1 2 3 3 2 2 2 3 3 2 3 2 2 2 4 2 2 3 2 1 2 2 1 3 2 3 2 3 1 1 2 3 2 2 3 2 1 2 2 2 3 2 2 3 2 1 3 2 3 2 2 3 2 2 2 2 2 1 1 2 2 3 2 2 2 3 1 3 3 2 2 2 2 3 1 3 2 2 2 2 2 2 1 1 1 1 3 3 3 1 2 2 3 2 3 1 3 2 2 1 3 1 3 1 2 2 3 3 2 2 3 3 2 2 2 2 2 1 1 2 3 2 2 2 2 2 3 3 2 2 1 2 3 3 2 2 1 2 2 1 1 2 1 3 2 2 0 2 2 1 2 0 2 2 1 1 1 3 2 2 3 2 1 3 2 2 3 3 3 1 3 2 1 1 2 4 3 2 1 1 2 2 2 2 2 1 1 
5 4 2 6 6 5 3 5 4 2 3 3 4 3 7 4 2 4 3 5 5 3 4 2 3 3 4 5 6 3 4 2 5 6 5 5 5 5 4 2 6 4 6 3 5 5 5 4 3 5 6 2 4 6 4 3 3 1 3 4 4 4 2 3 5 5 2 6 4 3 4 6 5 4 6 3 3 6 5 3 4 3 5 2 4 6 5 5 1 4 5 5 5 3 7 4 6 4 4 7 3 3 4 4 6 3 3 6 4 5 5 4 5 5 1 7 4 3 4 3 3 5 6 4 3 1 4 5 3 4 4 5 2 6 4 5 4 5 5 6 3 2 4 7 5 2 3 5 3 3 5 6 4 4 4 3 3 2 4 3 7 6 4 4 4 2 4 1 4 2 4 2 1 2 6 2 5 3 7 5 6 4 5 4 4 4 3 6 6 4 5 4 3 5 3 4 4 6 3 4 
6 4 5 7 10 4 7 7 9 7 10 6 4 10 6 2 8 4 8 6 3 4 6 7 5 6 9 6 5 8 9 6 6 4 8 8 5 6 5 6 0 9 7 7 4 7 8 6 2 9 4 7 5 6 5 7 5 6 3 6 7 7 8 7 5 6 7 6 8 4 4 4 6 5 7 3 6 6 4 2 5 5 8 6 6 3 3 5 8 9 4 5 2 6 5 6 8 5 5 2 7 10 4 5 5 4 6 8 7 2 6 7 7 5 7 4 7 8 4 7 8 6 3 3 8 4 1 6 7 4 4 2 7 3 8 8 8 7 1 5 0 3 5 8 8 4 2 5 5 5 9 8 7 7 6 7 9 13 7 9 2 7 6 7 5 5 3 5 3 6 6 6 9 6 8 4 8 7 7 9 1 7 3 8 5 5 3 6 5 7 6 6 6 6 4 4 6 5 7 4 
6 4 5 7 7 5 3 3 10 6 7 5 11 1 6 5 7 8 6 6 6 7 8 7 2 7 2 2 7 7 10 9 4 5 4 7 9 3 8 4 8 7 4 6 9 7 9 7 7 5 10 7 8 6 6 7 7 11 11 7 5 8 9 3 3 4 7 11 10 9 11 7 7 7 9 7 3 8 8 11 4 5 8 7 5 10 5 5 8 9 11 8 9 5 8 5 6 8 7 10 7 8 8 6 8 6 5 8 7 9 8 9 1 10 9 8 8 12 5 6 5 4 7 8 5 6 9 8 4 8 9 8 13 14 5 11 5 9 4 9 10 4 4 7 7 6 5 12 2 7 4 4 9 7 8 7 8 8 7 7 5 7 7 9 6 10 10 10 10 4 7 7 13 4 6 5 6 7 6 9 9 8 7 3 10 4 11 8 1 6 6 9 8 8 2 9 2 9 12 7 
2 2 3 2 2 2 1 2 2 1 3 2 2 2 2 3 2 3 1 3 2 3 3 2 2 2 1 1 2 2 2 5 2 2 2 2 2 2 2 3 1 2 2 1 2 1 2 3 2 3 2 2 2 2 2 2 2 2 1 2 1 2 3 2 0 2 3 2 1 2 2 2 3 2 2 1 2 2 1 2 2 1 1 1 1 1 1 2 2 4 2 2 1 2 3 2 3 2 2 2 3 1 2 3 2 2 3 2 2 3 2 1 1 2 2 2 2 1 1 2 2 2 2 3 1 3 2 2 2 3 2 2 2 3 2 2 2 1 2 2 1 2 3 1 2 1 2 1 3 2 3 2 3 0 2 1 2 2 2 2 1 3 2 3 3 2 2 2 2 2 2 3 2 3 2 2 3 1 3 2 3 1 2 2 2 2 3 2 1 2 1 2 0 2 1 2 2 3 3 2 
1 1 1 1 1 1 0 1 1 1 1 1 1 1 1 0 1 2 2 1 1 1 1 1 1 1 1 1 0 1 1 1 1 1 1 1 1 0 1 1 1 1 1 1 1 1 0 1 0 1 1 1 1 1 1 1 1 0 1 1 1 1 1 1 1 1 1 1 1 1 0 2 1 1 1 1 1 1 0 1 1 0 1 2 1 2 1 2 1 1 1 2 1 1 1 0 1 0 1 1 2 1 1 1 2 1 1 1 1 1 1 1 1 1 1 1 0 1 1 1 2 1 1 1 1 1 2 1 1 1 1 1 1 1 1 1 1 1 1 1 0 0 1 1 1 2 1 1 1 1 1 1 1 1 1 2 1 1 1 1 1 1 1 1 1 2 1 1 1 1 1 1 2 1 1 1 1 1 1 1 0 1 1 1 1 2 1 1 1 1 0 1 0 0 1 1 1 1 1 1 
4 5 4 3 6 4 4 3 3 4 5 4 6 5 5 4 4 4 5 2 5 5 5 4 5 5 5 2 4 2 7 3 2 4 5 3 5 4 4 5 7 4 4 2 2 4 2 2 3 4 5 4 6 3 5 5 6 3 0 5 5 5 3 4 3 5 8 5 6 4 2 3 3 4 1 7 2 3 4 3 3 4 3 1 2 5 3 3 4 4 3 6 0 5 3 2 4 4 5 2 2 7 5 6 1 3 3 3 5 3 2 6 4 4 3 5 4 5 5 4 3 4 5 4 2 5 3 2 3 4 6 4 4 3 4 3 6 4 4 5 3 5 5 6 4 4 4 5 4 5 4 3 3 3 4 4 5 3 5 5 4 7 3 3 4 4 5 4 5 3 6 2 3 4 5 3 4 3 5 4 4 4 7 5 2 7 6 6 4 3 5 4 5 3 7 2 5 4 2 4 
5 5 4 5 7 8 9 7 7 4 8 6 6 6 6 6 5 6 9 6 6 6 6 4 3 7 4 4 4 4 7 12 5 7 4 7 8 5 5 4 5 4 6 6 5 5 4 6 9 7 10 6 7 8 8 4 5 7 8 7 8 6 6 4 10 9 5 8 10 9 6 4 6 3 8 2 9 6 9 9 5 7 8 7 4 4 4 5 3 8 7 5 3 7 6 5 6 4 4 3 7 5 5 6 8 5 5 6 6 8 5 6 6 7 11 5 5 3 2 7 11 5 5 2 10 4 4 7 6 7 6 5 11 2 10 4 8 9 5 9 5 6 6 5 3 7 5 5 9 8 8 2 7 2 7 9 5 5 8 4 8 5 4 2 3 7 6 7 5 6 7 3 7 6 5 7 6 4 7 6 5 5 7 8 10 7 7 6 12 8 8 7 7 5 6 6 10 8 6 6 
13 13 3 12 8 7 7 6 7 7 5 8 8 6 10 13 7 6 11 4 8 12 9 3 10 6 6 5 9 9 11 7 7 3 9 7 4 12 7 9 10 6 7 10 7 7 11 2 6 10 4 9 5 6 4 8 7 7 10 4 8 10 9 11 9 9 11 9 4 9 7 11 12 7 7 9 7 8 8 8 4 10 12 8 6 7 7 5 4 7 10 9 11 9 9 12 4 5 11 7 9 10 6 8 4 7 8 7 3 5 8 11 7 10 10 12 11 6 6 3 5 13 9 7 9 9 8 7 6 9 8 12 7 7 9 7 10 6 7 8 7 10 6 8 10 9 4 10 3 8 4 10 13 9 13 7 5 4 9 5 11 5 5 7 5 4 8 3 5 11 16 10 10 8 8 6 11 6 6 7 7 9 5 7 8 10 8 5 12 9 7 8 7 5 7 8 6 8 7 6 
7 8 9 8 1 9 6 9 5 4 4 4 6 8 3 5 4 7 9 5 6 8 9 5 4 6 3 8 8 8 5 5 3 3 9 8 8 7 7 6 7 10 7 4 6 4 4 6 9 8 6 4 4 8 5 10 8 7 5 5 8 2 7 7 3 3 5 5 10 4 5 5 5 4 8 4 7 3 4 10 5 7 3 3 8 6 5 4 5 6 6 7 6 7 6 4 9 5 7 7 6 12 6 1 5 7 8 3 6 6 5 6 6 9 5 5 10 7 2 2 8 4 7 5 6 8 5 8 6 1 8 5 2 5 9 7 4 10 7 4 6 7 5 6 6 5 3 5 7 6 7 4 5 7 2 4 6 8 7 7 4 5 6 10 3 6 12 4 10 3 7 10 5 6 7 8 7 4 5 0 6 6 5 6 10 4 2 5 6 5 6 5 7 8 8 5 7 8 6 5 
10 3 3 8 4 5 8 3 4 7 6 7 6 9 5 7 3 6 10 8 8 7 5 4 4 7 6 5 7 4 4 4 5 5 6 4 8 5 3 6 7 6 8 6 9 9 7 6 5 7 8 8 4 7 9 9 6 11 3 4 7 7 7 5 4 6 7 7 10 9 9 7 5 10 7 7 5 4 6 5 5 3 7 7 6 6 7 6 4 6 8 5 6 4 6 4 5 5 6 7 6 8 4 6 10 7 7 2 2 5 8 1 8 7 12 7 6 5 7 9 6 8 8 4 3 7 8 6 5 5 3 3 4 7 8 4 6 5 6 6 8 2 5 8 6 6 6 7 7 5 5 4 7 4 7 8 9 8 5 6 5 5 6 10 5 4 5 9 6 4 5 4 3 7 10 8 7 8 9 7 4 6 7 6 7 9 5 6 6 4 5 4 7 0 7 4 1 5 4 6 
6 5 7 6 5 7 8 8 8 3 6 7 4 5 2 7 8 4 3 8 3 3 4 6 5 5 9 6 9 7 6 1 8 7 7 10 6 5 6 5 4 6 6 8 4 7 5 7 5 8 8 11 5 9 6 6 6 5 7 6 9 6 7 4 5 5 3 5 5 10 6 5 5 3 5 7 5 7 9 7 5 6 5 9 4 6 5 3 2 8 5 5 4 3 4 5 3 7 2 9 7 3 5 4 5 7 7 5 6 5 10 6 5 3 3 6 3 7 5 8 5 6 6 7 8 7 4 6 4 7 3 5 5 5 8 7 10 5 6 5 5 6 7 4 3 4 5 8 3 6 6 9 7 10 7 6 10 6 6 7 6 4 7 7 6 6 6 8 8 5 9 10 7 8 5 5 5 5 7 5 6 4 9 8 6 9 4 5 4 3 1 7 8 8 7 7 4 2 5 5 
2 2 2 3 2 3 2 3 3 1 3 1 3 3 1 2 1 4 4 3 2 5 2 4 4 3 4 3 6 4 2 4 3 4 2 3 2 3 3 3 4 2 2 3 2 4 3 4 2 3 3 4 3 2 3 4 4 2 4 4 5 4 2 2 4 4 3 5 2 4 2 2 3 4 1 3 2 2 3 4 5 3 3 2 5 3 3 3 3 2 3 3 3 2 4 3 3 4 4 1 4 3 3 4 4 3 3 4 4 4 3 3 1 2 2 2 2 2 3 4 3 2 3 3 3 3 5 4 5 3 3 4 3 4 2 4 3 0 4 3 4 2 3 4 3 3 3 4 3 3 2 3 4 3 1 6 4 5 2 2 3 3 1 2 1 3 3 5 3 4 2 2 4 2 3 3 4 4 5 3 3 4 4 4 4 3 3 2 4 3 3 4 2 4 3 4 5 4 3 3 
7 15 9 8 8 9 13 10 11 6 7 11 6 10 9 9 14 8 8 11 6 10 10 10 14 9 3 10 9 14 15 11 14 17 6 15 6 7 14 8 4 8 9 8 6 9 14 8 7 10 13 10 6 3 15 12 3 14 10 11 12 8 10 9 12 11 16 11 6 12 15 11 14 14 8 0 6 12 12 14 6 6 14 12 15 8 14 8 12 5 8 14 8 9 11 10 6 8 12 10 9 14 7 13 6 12 11 4 6 7 11 5 10 13 12 18 7 10 12 13 13 8 14 9 4 9 10 4 12 4 10 14 9 8 9 12 16 12 8 4 7 12 8 11 14 12 11 13 8 10 6 10 12 14 13 12 12 6 12 13 16 13 9 11 10 15 8 9 4 8 8 12 6 7 9 10 9 11 8 12 15 15 13 13 11 11 13 8 11 10 15 6 11 8 5 12 9 9 16 12 
10 7 7 8 6 6 12 7 9 7 8 8 12 13 11 11 7 12 9 12 10 9 7 10 12 8 1 8 10 8 11 11 11 15 7 11 9 8 7 11 1 11 9 10 6 5 9 8 7 7 5 9 12 9 4 12 0 8 11 3 10 7 9 8 12 7 11 10 5 7 9 12 9 7 5 9 10 11 13 14 7 11 14 7 13 10 8 13 7 12 10 9 10 11 9 13 8 6 11 3 12 10 10 9 6 11 11 11 11 11 7 7 7 7 9 4 9 13 8 5 13 7 9 13 10 11 10 7 11 6 12 9 9 8 13 9 11 9 7 9 8 10 12 10 6 4 14 11 11 11 14 14 9 7 8 8 8 9 10 10 3 3 6 11 8 8 9 11 12 10 13 10 9 7 10 13 9 14 4 16 9 14 7 8 4 6 9 6 8 8 6 12 13 14 9 17 11 15 11 8 
11 3 10 7 11 11 4 7 9 6 8 6 12 12 6 6 7 4 12 9 9 16 7 8 11 14 10 9 9 5 10 10 9 5 13 12 8 9 8 10 8 7 14 7 10 9 10 6 15 10 6 8 4 4 8 1 15 8 10 5 11 5 4 7 14 5 14 9 10 13 5 11 18 9 5 11 11 12 7 12 10 9 12 10 12 3 14 7 8 6 5 6 10 9 9 14 12 7 9 5 14 13 8 12 14 4 11 12 8 4 11 10 7 13 9 7 6 9 9 9 8 3 11 7 7 10 9 12 4 13 12 3 9 11 9 5 6 8 10 3 17 9 10 8 4 10 13 6 11 6 12 10 8 11 6 12 8 7 10 4 16 5 12 9 12 7 15 6 5 8 12 10 10 6 8 10 14 5 5 13 6 10 4 9 9 6 8 8 14 7 10 8 16 8 9 8 6 9 10 6 
4 8 4 7 5 14 10 9 2 8 2 8 11 6 7 8 11 7 7 8 10 6 10 8 10 5 4 6 6 6 5 9 9 3 5 12 8 11 3 6 4 10 8 6 7 9 12 6 10 11 5 5 12 5 10 7 8 7 8 8 12 11 11 7 5 12 7 11 7 5 6 9 5 5 10 10 11 10 10 11 9 9 9 6 3 8 5 10 6 10 5 8 10 8 12 7 7 13 9 5 10 9 6 8 6 7 7 11 1 8 11 12 10 11 7 7 12 9 11 9 9 3 11 9 6 4 10 13 11 11 6 7 7 5 8 9 8 8 8 13 7 4 0 8 5 10 10 6 7 9 9 5 11 6 8 5 7 8 7 5 5 11 7 9 11 12 5 10 14 9 11 7 10 10 13 11 7 8 10 8 10 5 10 9 12 4 14 9 5 7 8 2 10 8 8 12 9 8 5 10 
1 1 1 1 0 1 1 1 1 0 0 0 1 1 1 1 1 1 1 0 1 1 1 0 1 1 1 0 0 1 2 1 1 1 0 1 1 0 2 0 1 0 1 1 1 1 1 1 1 2 1 1 0 1 2 1 1 1 1 1 1 1 1 1 1 1 1 1 1 2 1 1 0 2 2 1 1 1 1 1 1 1 1 1 1 1 2 1 1 1 1 1 1 1 1 1 1 1 1 1 2 1 1 1 1 0 1 1 1 1 1 1 2 0 1 1 0 1 1 1 1 1 0 1 1 1 1 0 1 1 1 1 1 1 1 1 1 1 1 1 1 1 1 2 0 1 1 1 1 1 1 1 2 1 1 1 1 1 1 0 1 1 1 1 1 1 1 1 1 1 1 1 2 1 1 1 1 1 2 1 1 1 1 1 1 1 1 1 1 1 1 1 1 1 1 1 2 1 1 1 
2 1 3 2 3 2 3 2 2 2 3 1 2 2 3 1 0 1 2 2 1 1 3 2 1 2 2 2 2 2 2 2 2 2 2 2 2 1 2 2 3 3 2 3 3 2 2 3 2 1 1 2 3 2 2 2 1 1 2 3 3 3 2 2 2 1 2 2 2 2 2 2 1 1 1 2 2 2 3 3 3 2 1 2 2 2 1 2 3 3 2 3 3 2 2 2 2 1 1 1 2 2 2 2 2 1 4 2 1 2 3 1 3 1 1 1 2 2 3 2 3 1 2 3 2 2 1 1 2 2 1 2 2 3 2 2 3 2 3 1 2 2 2 2 2 3 3 3 2 3 1 2 2 1 3 1 2 2 3 1 2 2 2 2 2 3 3 2 2 2 2 2 1 4 2 3 2 2 1 2 4 2 2 3 2 1 2 1 2 2 2 1 3 2 2 2 2 2 2 1 
8 4 5 5 11 10 11 11 13 12 6 5 11 6 7 7 9 1 11 8 3 13 8 9 7 3 10 7 13 8 5 9 6 10 10 7 9 7 8 8 7 9 14 5 10 7 7 12 8 11 10 7 11 7 8 9 5 8 13 14 9 8 10 5 7 10 8 7 8 12 6 8 8 8 7 5 6 10 7 11 5 11 13 12 12 8 7 14 10 6 10 7 8 9 5 7 10 11 7 10 6 9 5 9 10 12 7 10 10 14 8 9 6 9 7 3 8 6 11 9 6 8 9 9 6 7 5 6 9 8 7 10 12 5 9 7 13 13 11 10 11 7 11 8 9 8 12 11 6 10 10 2 3 13 10 11 6 9 5 14 9 4 9 3 9 11 6 2 7 6 10 5 9 8 5 9 7 1 9 6 8 6 8 9 7 10 6 8 6 8 11 6 9 10 13 10 10 8 8 6 
