NAME  : Jabali_60_3_0.88_1_3
TYPE : SVRP
MODEL : FINITE_SUPPORT
NUMBER_OF_SCENARIOS : 200
DIMENSION : 60
EDGE_WEIGHT_TYPE : MATRIX
CAPACITY : 113
N_VEHICLES : 3
NODE_COORD_SECTION
1 3529 3865
2 5872 6923
3 3581 1263
4 7647 3572
5 6418 5949
6 2648 2649
7 6980 5898
8 5975 2433
9 6786 4349
10 3106 535
11 4375 38
12 2120 2611
13 4727 1517
14 1221 3435
15 4392 6087
16 7846 4209
17 5672 3749
18 5184 4736
19 4556 3230
20 4661 4759
21 6054 1894
22 7448 3074
23 7607 5092
24 1630 4971
25 3300 5098
26 312 4090
27 1910 2779
28 3191 3460
29 1328 1301
30 2548 1776
31 3379 18
32 5898 7391
33 1784 3314
34 4084 2218
35 5217 5403
36 3958 5778
37 4439 5924
38 4956 2288
39 40 1496
40 2982 4100
41 2116 4550
42 899 2791
43 5382 6245
44 5963 5404
45 5555 1278
46 2468 3559
47 4992 517
48 5029 2801
49 5969 6390
50 7049 5054
51 4046 2438
52 5215 4054
53 5290 6351
54 4490 1011
55 3610 5038
56 27 2351
57 7811 5127
58 4126 6467
59 5111 7880
60 4664 4065
DEMAND_SECTION
1 0.0
2 6.0
3 3.0
4 10.0
5 10.0
6 1.0
7 4.0
8 4.0
9 3.0
10 6.0
11 3.0
12 2.0
13 3.0
14 10.0
15 9.0
16 3.0
17 4.0
18 7.0
19 8.0
20 9.0
21 2.0
22 2.0
23 5.0
24 7.0
25 8.0
26 1.0
27 1.0
28 10.0
29 4.0
30 9.0
31 10.0
32 9.0
33 2.0
34 4.0
35 3.0
36 5.0
37 1.0
38 2.0
39 1.0
40 5.0
41 4.0
42 4.0
43 10.0
44 4.0
45 7.0
46 1.0
47 4.0
48 10.0
49 6.0
50 2.0
51 7.0
52 1.0
53 4.0
54 3.0
55 5.0
56 9.0
57 4.0
58 7.0
59 4.0
60 6.0
DEVIATION_SECTION
1 0.0
2 2.0
3 1.0
4 3.33333
5 3.33333
6 0.333333
7 1.33333
8 1.33333
9 1.0
10 2.0
11 1.0
12 0.666667
13 1.0
14 3.33333
15 3.0
16 1.0
17 1.33333
18 2.33333
19 2.66667
20 3.0
21 0.666667
22 0.666667
23 1.66667
24 2.33333
25 2.66667
26 0.333333
27 0.333333
28 3.33333
29 1.33333
30 3.0
31 3.33333
32 3.0
33 0.666667
34 1.33333
35 1.0
36 1.66667
37 0.333333
38 0.666667
39 0.333333
40 1.66667
41 1.33333
42 1.33333
43 3.33333
44 1.33333
45 2.33333
46 0.333333
47 1.33333
48 3.33333
49 2.0
50 0.666667
51 2.33333
52 0.333333
53 1.33333
54 1.0
55 1.66667
56 3.0
57 1.33333
58 2.33333
59 1.33333
60 2.0
DISTANCE_MATRIX
0.0 52.3607 42.3595 55.6905 36.7829 19.0 39.3192 49.2702 39.0 53.3297 62.7388 23.9737 45.315 33.3017 49.6588 51.72 50.4715 26.6271 26.3776 18.868 53.1581 60.0882 45.4005 38.6394 33.2415 48.8774 25.1246 6.41421 44.4588 30.216 59.0139 58.596 25.4558 30.5539 35.2278 52.4976 48.3322 41.4005 57.8015 9.05539 28.4429 39.2046 44.153 30.6069 56.4782 15.0 58.4119 32.1479 44.8329 37.8617 28.7065 29.6142 44.5533 49.4645 33.2415 53.0104 47.3275 55.4617 65.0199 18.9737 
52.3607 0.0 71.0966 60.075 17.088 72.4599 23.0217 54.7814 46.5296 82.4891 84.1487 77.4335 64.1249 83.4261 25.4951 51.2445 72.5672 27.2195 49.9258 38.4853 61.0983 67.0298 38.2099 81.7995 67.5352 97.6385 78.5845 58.34 102.202 80.4324 87.4622 6.40312 76.0514 58.025 20.025 32.5576 25.6125 54.1479 112.9 55.6431 74.9064 90.2491 10.4403 22.6274 66.9403 65.2348 76.7919 48.0937 7.81025 35.1283 56.3275 34.0147 10.7703 71.0634 65.307 104.141 38.4708 27.2029 18.0278 36.868 
42.3595 71.0966 0.0 97.3916 72.1714 24.1868 74.7786 35.5106 80.7011 11.4018 20.5183 28.1603 15.2315 43.7379 57.7062 93.4212 82.7376 45.6491 31.6848 49.5102 34.5398 94.4011 85.8672 60.5392 63.6847 60.208 31.0483 36.3238 30.5466 15.1327 17.1172 76.4378 37.9473 15.8114 51.2885 56.0357 56.356 21.2603 48.8539 43.5723 52.3546 42.0119 61.4856 65.9954 26.4764 36.7774 21.8403 25.5539 66.0966 78.5541 17.6491 37.6431 61.6797 13.0384 65.0491 51.448 87.8471 62.7694 80.6536 37.1251 
55.6905 60.075 97.3916 0.0 44.911 69.1338 37.2156 96.5194 17.2047 103.369 117.771 69.3668 93.6633 65.3758 80.0812 9.21954 21.095 60.9905 75.8378 49.93 101.607 7.07107 22.0227 50.3587 34.0 68.7314 68.17 61.4463 89.0487 80.7324 109.053 64.0312 62.5859 85.586 65.8049 86.3308 79.404 85.7039 95.2575 51.9285 48.1664 74.4312 64.3273 47.927 101.983 56.5618 108.104 81.0555 55.7315 25.7099 83.7387 71.3442 65.307 100.181 31.0161 86.0058 22.2036 84.1724 77.0584 62.2013 
36.7829 17.088 72.1714 44.911 0.0 55.348 8.60233 58.5876 30.0167 89.6777 87.2479 60.3025 68.3121 67.8483 35.4683 36.6879 55.7315 29.2195 50.4867 22.9075 64.7772 51.6236 24.1661 65.0895 50.6063 81.7679 61.241 42.7622 80.8069 66.564 88.5912 22.8254 60.4736 58.6396 22.2361 42.0476 34.9285 56.2215 93.9479 40.0653 58.3894 74.6713 19.4165 10.0 69.6488 49.657 82.2018 50.1496 11.0 19.2354 56.8884 36.0312 20.3961 74.279 48.3011 88.5629 25.0599 39.2938 35.1141 35.6825 
19.0 72.4599 24.1868 69.1338 55.348 0.0 57.7379 51.4782 57.3417 35.1385 44.5476 7.2111 35.5106 22.3607 62.4403 70.2191 58.7282 45.4006 32.7849 37.8537 53.0094 70.4544 63.7422 36.6879 39.6232 39.6232 9.84886 13.0384 25.7099 11.6619 40.8227 77.8051 15.0 22.0227 54.0 63.0127 61.0264 35.2278 40.4969 19.9249 28.178 24.6982 63.0039 49.172 47.5184 12.7279 45.6946 35.4401 67.4599 56.2034 21.2132 40.5911 63.4041 36.4005 41.0366 37.5366 65.6692 68.0962 83.8707 38.2252 
39.3192 23.0217 74.7786 37.2156 8.60233 57.7379 0.0 67.1883 23.7697 92.2849 89.8551 62.6938 70.9193 70.2384 43.8634 28.6356 50.0 37.8202 53.0938 25.5147 73.3779 44.1022 15.8114 62.9856 47.634 80.1961 63.6554 45.1521 83.1967 69.1712 91.1984 27.6586 62.8638 61.2468 30.8368 50.5371 43.382 62.6364 96.338 42.4554 56.2855 77.0614 27.5136 16.5529 78.7465 52.0471 84.809 57.3903 18.6815 12.1655 59.4956 44.6319 28.4605 76.8862 45.0 90.9531 16.5529 47.4342 40.6079 38.2897 
49.2702 54.7814 35.5106 96.5194 58.5876 51.4782 67.1883 0.0 79.3221 44.5982 36.2491 58.1828 20.6155 73.8329 32.1403 90.4683 97.8803 36.7696 32.8927 46.6154 6.32456 101.872 81.0768 86.093 82.4637 91.0955 61.258 50.3587 65.6021 48.1041 45.607 58.2409 66.3702 29.6142 36.3593 27.074 31.257 16.2788 83.9095 58.3065 76.2365 74.7262 44.3847 63.2462 14.5602 60.0333 26.5707 17.2627 51.4782 73.6011 30.2655 25.4951 44.0114 26.2488 82.3419 85.3156 82.7849 35.0571 57.0789 34.4819 
39.0 46.5296 80.7011 17.2047 30.0167 57.3417 23.7697 79.3221 0.0 91.6714 101.08 59.177 76.5841 55.7548 64.1327 13.0 26.2488 43.91 58.7587 32.7567 84.4038 22.8473 13.6015 44.7214 27.7849 62.7694 57.9802 44.7559 78.8589 68.5577 97.3556 51.4198 52.3973 68.8955 49.533 70.1004 63.3482 68.6222 85.7468 41.7386 39.2938 64.7386 49.0918 31.3209 84.8999 46.3719 90.4738 63.8905 41.0122 11.7047 63.6315 54.2033 50.0899 82.5511 24.6982 77.2077 15.2643 68.593 64.3273 45.0 
53.3297 82.4891 11.4018 103.369 89.6777 35.1385 92.2849 44.5982 91.6714 0.0 18.2483 32.7462 24.0416 44.2832 68.8767 104.391 90.3787 57.1036 43.0773 60.9027 42.4382 104.689 96.8374 63.2594 70.9668 59.203 34.0761 47.294 24.0832 32.7462 7.81025 87.8303 40.9512 27.2039 62.681 66.888 67.5426 31.9061 41.4849 54.5425 57.3182 40.2616 72.8781 83.5017 33.121 46.0629 24.5153 36.6742 77.4891 89.5244 29.0416 49.0408 73.0722 18.868 72.9987 46.0435 98.8173 73.8241 92.0272 48.5176 
62.7388 84.1487 20.5183 117.771 87.2479 44.5476 89.8551 36.2491 101.08 18.2483 0.0 48.3099 20.025 62.1334 66.0984 113.801 103.117 60.0167 46.7612 64.5867 31.9061 114.78 98.9014 80.7756 84.064 77.3692 51.9263 56.7032 42.0119 35.1465 13.3417 89.0056 58.1248 31.3935 64.1249 62.3618 64.9384 30.0167 58.5491 63.9516 72.6888 58.4637 74.027 81.0719 21.9545 57.1568 10.0 36.0555 79.1891 91.41 33.2312 50.1597 74.0068 13.1529 85.4284 64.0078 100.591 70.0928 90.7965 52.2015 
23.9737 77.4335 28.1603 69.3668 60.3025 7.2111 62.6938 58.1828 59.177 32.7462 48.3099 0.0 41.0488 16.0 69.6412 70.4522 58.0086 50.3743 39.9857 42.8274 59.2115 70.6824 68.6806 32.6497 38.6005 33.1361 3.0 18.3848 21.0 13.4164 40.0155 82.7788 9.84886 34.4193 58.9737 70.2135 68.2273 42.0273 34.0 23.0 25.4951 17.4929 67.9775 54.1265 53.0848 13.3417 50.0 42.5441 72.4335 61.1418 28.286 47.792 68.3778 41.0 40.4969 30.4138 70.6076 75.297 88.8444 42.2331 
45.315 64.1249 15.2315 93.6633 68.3121 35.5106 70.9193 20.6155 76.5841 24.0416 20.025 41.0488 0.0 57.0351 46.8402 88.6813 89.8527 40.2616 27.8254 45.6508 19.3132 98.6118 79.9656 72.1684 72.0357 74.0068 44.0454 38.9566 45.199 29.2746 25.9422 69.0 50.3587 14.8242 44.1022 43.8634 45.607 10.0 63.5059 48.1253 63.3243 56.4358 54.0093 62.1361 12.0416 46.8329 13.8924 16.0312 59.1736 72.4742 16.6433 30.1496 54.0 7.07107 72.5635 66.1005 81.6557 51.264 71.1969 33.1059 
33.3017 83.4261 43.7379 65.3758 67.8483 22.3607 70.2384 73.8329 55.7548 44.2832 62.1334 16.0 57.0351 0.0 82.5456 67.0298 50.3289 59.826 54.3964 51.6624 75.1665 65.5134 68.7123 19.8494 31.7805 17.2627 13.0 28.6007 26.4008 28.6356 51.4782 89.6614 8.06226 50.3322 68.4253 84.6242 81.1984 57.5797 30.0 28.0179 17.2627 9.05539 77.428 61.6723 69.0652 18.3848 65.5188 57.7235 75.8983 63.7728 43.569 62.2026 77.8282 56.7186 34.5254 21.8403 70.5762 88.367 98.2948 51.6847 
49.6588 25.4951 57.7062 80.0812 35.4683 62.4403 43.8634 32.1403 64.1327 68.8767 66.0984 69.6412 46.8402 82.5456 0.0 72.111 88.0927 23.7697 39.6554 35.3553 38.3275 86.5852 59.6154 87.5957 77.9295 98.4147 72.2453 55.5345 88.5169 66.7478 72.45 27.2947 74.6385 46.0435 16.0312 7.07107 1.41421 37.3363 102.122 57.5847 77.4919 87.134 16.6433 33.1361 46.0109 64.4159 57.3149 32.2025 25.5539 54.4059 45.0 21.9317 15.8114 53.8516 76.531 99.8697 60.4152 5.83095 25.0 30.8869 
51.72 51.2445 93.4212 9.21954 36.6879 70.2191 28.6356 90.4683 13.0 104.391 113.801 70.4522 88.6813 67.0298 72.111 0.0 28.2843 54.7815 70.8559 43.9318 95.7758 16.2788 13.0384 54.1202 37.108 72.5328 69.2554 57.4759 90.1341 81.2777 110.076 55.0 63.6725 79.0088 58.1825 78.5493 71.5122 80.6598 97.0221 53.0139 50.2494 76.0139 56.0446 40.8167 96.8969 57.6472 102.571 75.6637 47.2969 17.8885 77.2577 65.1499 57.0088 94.6483 33.9559 88.3629 13.0384 75.9605 68.0074 56.5862 
50.4715 72.5672 82.7376 21.095 55.7315 58.7282 50.0 97.8803 26.2488 90.3787 103.117 58.0086 89.8527 50.3289 88.0927 28.2843 0.0 65.7647 75.5785 53.7587 102.236 17.4642 38.0789 32.3883 19.4165 50.01 56.3028 50.9163 76.0263 70.1783 97.648 77.6209 49.7393 75.0889 72.1734 93.4345 87.1456 85.9382 79.0759 41.8395 33.541 59.1354 74.1687 55.0091 101.016 46.0109 102.937 81.2356 66.6108 37.9473 73.2442 74.4648 75.1665 93.9894 17.6918 69.0507 39.1152 93.0054 90.471 63.8905 
26.6271 27.2195 45.6491 60.9905 29.2195 45.4006 37.8202 36.7696 43.91 57.1036 60.0167 50.3743 40.2616 59.826 23.7697 54.7815 65.7647 0.0 24.0263 12.0416 42.5206 66.7368 45.39 63.9062 54.3323 75.4718 51.5252 32.8149 76.302 54.5329 62.0689 32.5648 51.9189 32.1403 8.60233 28.0179 22.561 30.6757 84.2022 34.0147 53.8516 65.6059 17.7635 27.5594 45.6508 41.6173 53.7587 24.6982 22.2195 37.9143 30.4281 11.4018 18.1638 46.8722 53.0848 79.4111 47.0981 29.4109 38.6005 9.84886 
26.3776 49.9258 31.6848 75.8378 50.4867 32.7849 53.0938 32.8927 58.7587 43.0773 46.7612 39.9857 27.8254 54.3964 39.6554 70.8559 75.5785 24.0263 0.0 27.8254 36.7805 80.6042 62.1402 64.0762 59.5711 71.4078 42.5899 28.0217 62.2757 40.5066 48.1046 55.2711 46.4367 18.1529 30.2982 40.2278 38.2415 19.8661 72.9746 35.4138 54.0102 57.4786 40.4401 44.3107 36.1448 38.3766 41.7151 15.7703 44.9258 54.6488 16.4018 17.8062 40.7351 33.7924 59.4559 70.2142 63.8303 45.3113 60.4617 15.4403 
18.868 38.4853 49.5102 49.93 22.9075 37.8537 25.5147 46.6154 32.7567 60.9027 64.5867 42.8274 45.6508 51.6624 35.3553 43.9318 53.7587 12.0416 27.8254 0.0 51.8556 55.4707 34.5621 53.4376 42.5793 66.2193 43.9783 25.2679 63.3126 49.0697 65.93 44.7206 44.0454 35.9784 19.4165 40.0 34.2345 37.2022 76.6552 24.2074 43.5115 58.0086 27.5177 16.7315 53.2635 33.3017 59.5399 31.8904 30.9575 27.0864 34.2272 21.4709 27.9179 51.6178 41.1947 71.8471 36.2702 40.7922 48.3845 12.8062 
53.1581 61.0983 34.5398 101.607 64.7772 53.0094 73.3779 6.32456 84.4038 42.4382 31.9061 59.2115 19.3132 75.1665 38.3275 95.7758 102.236 42.5206 36.7805 51.8556 0.0 106.78 86.3844 88.5664 86.3516 92.3472 62.2013 53.3667 64.4748 48.2701 42.4264 64.56 68.0074 31.0 42.5441 33.0 37.4833 18.2483 82.7647 62.3813 78.9177 75.3127 50.6952 68.5538 10.0 62.514 21.9545 21.0238 57.7062 78.9086 32.0624 31.1448 50.3289 23.6008 86.2364 85.3765 88.0924 41.0 63.1981 39.4081 
60.0882 67.0298 94.4011 7.07107 51.6236 70.4544 44.1022 101.872 22.8473 104.689 114.78 70.6824 98.6118 65.5134 86.5852 16.2788 17.4642 66.7368 80.6042 55.4707 106.78 0.0 29.0689 49.0102 33.7343 67.0671 69.4622 62.3259 90.1388 82.0531 110.374 71.0634 63.5689 89.9837 72.1575 92.72 85.8662 90.4703 95.0368 53.2491 48.2701 74.5252 71.0211 54.0833 106.749 57.8824 112.501 86.0233 62.514 32.3883 88.1364 76.9415 72.0069 104.579 31.0483 85.3756 29.2746 90.802 84.0952 67.4166 
45.4005 38.2099 85.8672 22.0227 24.1661 63.7422 15.8114 81.0768 13.6015 96.8374 98.9014 68.6806 79.9656 68.7123 59.6154 13.0384 38.0789 45.39 62.1402 34.5621 86.3844 29.0689 0.0 58.1808 41.3401 76.0592 69.6421 51.1564 89.2011 74.9582 102.522 42.0119 65.3548 70.2931 46.1451 66.2118 59.0931 71.6838 98.7043 48.4421 52.2564 77.6962 43.3244 29.7321 87.7939 58.0339 93.8553 66.4377 34.4819 7.61577 68.5419 55.7585 44.2719 85.9325 38.2753 90.1652 2.0 63.2456 55.0364 47.3371 
38.6394 81.7995 60.5392 50.3587 65.0895 36.6879 62.9856 86.093 44.7214 63.2594 80.7756 32.6497 72.1684 19.8494 87.5957 54.1202 32.3883 63.9062 64.0762 53.4376 88.5664 49.0102 58.1808 0.0 17.088 18.4391 30.0167 36.0555 46.2277 46.0652 70.5287 87.8336 22.8254 57.8705 72.2357 90.956 86.3308 70.3491 46.8402 30.0832 10.198 27.7849 80.6458 60.3772 84.0868 26.0768 82.28 69.0072 74.6032 53.8238 56.5685 68.2495 81.046 73.0548 20.2485 36.6742 59.9416 93.3006 99.6389 57.4891 
33.2415 67.5352 63.6847 34.0 50.6063 39.6232 47.634 82.4637 27.7849 70.9668 84.064 38.6005 72.0357 31.7805 77.9295 37.108 19.4165 54.3323 59.5711 42.5793 86.3516 33.7343 41.3401 17.088 0.0 35.4401 36.8917 33.1059 56.8595 50.9313 78.2361 73.4302 30.4138 57.2451 61.9839 82.2982 76.7919 68.181 61.4003 24.3516 14.5602 40.7922 66.4356 46.5215 83.2586 26.9072 85.1381 65.3414 60.4152 37.5366 55.4617 61.0737 67.3958 75.8292 3.16228 52.0096 43.0465 83.3607 85.4283 50.0899 
48.8774 97.6385 60.208 68.7314 81.7679 39.6232 80.1961 91.0955 62.7694 59.203 77.3692 33.1361 74.0068 17.2627 98.4147 72.5328 50.01 75.4718 71.4078 66.2193 92.3472 67.0671 76.0592 18.4391 35.4401 0.0 30.1496 44.7214 37.5899 45.0999 65.7875 103.874 25.0 67.544 84.0595 100.943 97.0676 74.8424 31.9061 42.0119 24.4131 18.9737 92.8589 75.8847 86.0 34.0 81.7735 74.9533 90.1107 71.2274 60.8316 77.8206 93.2592 73.2462 38.6005 21.095 77.8781 104.236 115.146 67.5539 
25.1246 78.5845 31.0483 68.17 61.241 9.84886 63.6554 61.258 57.9802 34.0761 51.9263 3.0 44.0454 13.0 72.2453 69.2554 56.3028 51.5252 42.5899 43.9783 62.2013 69.4622 69.6421 30.0167 36.8917 30.1496 0.0 19.7231 21.2132 16.1555 41.3453 83.9297 7.2111 37.3968 60.1246 72.8177 70.8314 45.0048 32.6956 23.1948 23.3452 15.0 69.1285 55.065 56.0803 13.0 52.8867 45.2522 69.291 62.1033 30.9941 50.3961 69.5287 43.9318 38.9487 28.3196 71.5691 77.9012 89.9954 43.384 
6.41421 58.34 36.3238 61.4463 42.7622 13.0384 45.1521 50.3587 44.7559 47.294 56.7032 18.3848 38.9566 28.6007 55.5345 57.4759 50.9163 32.8149 28.0217 25.2679 53.3667 62.3259 51.1564 36.0555 33.1059 44.7214 19.7231 0.0 38.6394 24.1803 52.9782 65.2193 20.6155 24.1868 41.4142 58.0622 54.1873 35.171 52.3259 9.21954 26.0 34.0588 50.4181 36.5862 50.1597 10.7703 52.0535 33.1361 50.8122 43.6176 22.3607 34.9403 50.8183 43.1061 33.6155 47.8017 53.0834 61.3559 71.285 24.6736 
44.4588 102.202 30.5466 89.0487 80.8069 25.7099 83.1967 65.6021 78.8589 24.0832 42.0119 21.0 45.199 26.4008 88.5169 90.1341 76.0263 76.302 62.2757 63.3126 64.4748 90.1388 89.2011 46.2277 56.8595 37.5899 21.2132 38.6394 0.0 21.8561 29.2746 107.547 26.5707 46.4023 82.5739 87.2854 87.149 51.5693 18.3576 44.0 42.4853 19.2094 92.7455 74.6309 55.9732 34.1321 48.5077 56.6936 97.2015 81.6622 48.24 68.24 93.0108 41.7612 59.2368 22.0 91.128 93.7177 112.737 67.716 
30.216 80.4324 15.1327 80.7324 66.564 11.6619 69.1712 48.1041 68.5577 32.7462 35.1465 13.4164 29.2746 28.6356 66.7478 81.2777 70.1783 54.5329 40.5066 49.0697 48.2701 82.0531 74.9582 46.0652 50.9313 45.0999 16.1555 24.1803 21.8561 0.0 40.0155 85.7776 23.2594 24.6332 60.8048 65.5163 65.3799 32.2025 37.8064 31.3847 38.6005 27.1662 70.9467 60.388 41.1096 24.2074 36.8841 34.9245 75.4324 67.4194 26.4709 46.4709 71.2417 28.1603 52.4976 37.2177 76.8852 71.9486 90.9683 45.9469 
59.0139 87.4622 17.1172 109.053 88.5912 40.8227 91.1984 45.607 97.3556 7.81025 13.3417 40.0155 25.9422 51.4782 72.45 110.076 97.648 62.0689 48.1046 65.93 42.4264 110.374 102.522 70.5287 78.2361 65.7875 41.3453 52.9782 29.2746 40.0155 0.0 92.7793 48.2205 32.2312 67.6018 69.7782 71.1688 35.1141 45.2769 60.2267 64.5874 46.8188 77.7817 82.4152 32.5576 53.3322 21.9545 40.5216 82.4622 95.2086 34.0689 53.7587 77.9295 19.4165 80.268 51.1566 104.502 77.0779 96.3016 53.5449 
58.596 6.40312 76.4378 64.0312 22.8254 77.8051 27.6586 58.2409 51.4198 87.8303 89.0056 82.7788 69.0 89.6614 27.2947 55.0 77.6209 32.5648 55.2711 44.7206 64.56 71.0634 42.0119 87.8336 73.4302 103.874 83.9297 65.2193 107.547 85.7776 92.7793 0.0 82.2868 63.3482 25.1794 34.1321 27.7308 59.0 118.246 61.8784 81.1418 96.4844 15.0333 29.0 71.0211 71.4701 81.3019 53.0094 14.2127 39.8121 61.6728 39.1152 15.0 76.0066 71.1196 110.376 42.0119 27.6586 13.0384 42.2132 
25.4558 76.0514 37.9473 62.5859 60.4736 15.0 62.8638 66.3702 52.3973 40.9512 58.1248 9.84886 50.3587 8.06226 74.6385 63.6725 49.7393 51.9189 46.4367 44.0454 68.0074 63.5689 65.3548 22.8254 30.4138 25.0 7.2111 20.6155 26.5707 23.2594 48.2205 82.2868 0.0 37.0135 60.5183 76.6645 73.2914 50.1597 34.7131 21.0238 16.4012 14.3178 69.5221 54.2976 62.3939 10.8167 59.7746 50.01 68.5236 60.4153 36.1248 54.2429 69.9224 50.6952 32.6956 28.178 67.2187 80.4599 90.389 43.7777 
30.5539 58.025 15.8114 85.586 58.6396 22.0227 61.2468 29.6142 68.8955 27.2039 31.3935 34.4193 14.8242 50.3322 46.0435 79.0088 75.0889 32.1403 18.1529 35.9784 31.0 89.9837 70.2931 57.8705 57.2451 67.544 37.3968 24.1868 46.4023 24.6332 32.2312 63.3482 37.0135 0.0 38.3275 45.2769 44.6542 13.3417 62.3526 33.3641 48.5077 50.964 48.5077 52.4636 26.2488 32.0156 27.9211 15.0 53.025 62.8017 2.23607 25.0799 48.7647 18.9737 57.8014 61.7638 71.9832 51.4004 68.1542 23.5933 
35.2278 20.025 51.2885 65.8049 22.2361 54.0 30.8368 36.3593 49.533 62.681 64.1249 58.9737 44.1022 68.4253 16.0312 58.1825 72.1734 8.60233 30.2982 19.4165 42.5441 72.1575 46.1451 72.2357 61.9839 84.0595 60.1246 41.4142 82.5739 60.8048 67.6018 25.1794 60.5183 38.3275 0.0 21.3776 15.0 34.1321 93.2728 42.4853 62.2415 74.2053 10.198 18.3606 47.4342 50.2195 56.8859 28.0713 15.2315 40.3149 36.6879 14.0 10.4403 51.0392 60.531 88.0104 47.1805 21.3776 30.5287 17.8045 
52.4976 32.5576 56.0357 86.3308 42.0476 63.0127 50.5371 27.074 70.1004 66.888 62.3618 70.2135 43.8634 84.6242 7.07107 78.5493 93.4345 28.0179 40.2278 40.0 33.0 92.72 66.2118 90.956 82.2982 100.943 72.8177 58.0622 87.2854 65.5163 69.7782 34.1321 76.6645 45.2769 21.3776 0.0 7.2111 34.9857 103.236 60.8769 80.7775 87.7064 23.6008 38.928 41.4367 66.9437 53.1507 30.6105 32.45 60.7454 44.5533 23.2594 22.8035 50.6952 81.0987 100.417 67.082 8.0 30.4138 33.5261 
48.3322 25.6125 56.356 79.404 34.9285 61.0264 43.382 31.257 63.3482 67.5426 64.9384 68.2273 45.607 81.1984 1.41421 71.5122 87.1456 22.561 38.2415 34.2345 37.4833 85.8662 59.0931 86.3308 76.7919 97.0676 70.8314 54.1873 87.149 65.3799 71.1688 27.7308 73.2914 44.6542 15.0 7.2111 0.0 36.0555 100.714 56.3028 76.2168 85.7201 16.4012 32.249 45.0 63.0687 56.2228 30.8707 25.2389 53.7587 43.6005 20.5183 15.6205 52.6308 75.4255 98.4557 59.9333 7.2111 26.0192 29.5296 
41.4005 54.1479 21.2603 85.7039 56.2215 35.2278 62.6364 16.2788 68.6222 31.9061 30.0167 42.0273 10.0 57.5797 37.3363 80.6598 85.9382 30.6757 19.8661 37.2022 18.2483 90.4703 71.6838 70.3491 68.181 74.8424 45.0048 35.171 51.5693 32.2025 35.1141 59.0 50.1597 13.3417 34.1321 34.9857 36.0555 0.0 69.8767 44.2108 60.6712 58.572 44.0114 53.8532 16.2788 44.2832 23.0868 6.08276 49.2215 64.2028 14.0357 20.2237 44.0 17.0294 68.6496 69.3602 73.3919 42.0476 61.3922 24.4131 
57.8015 112.9 48.8539 95.2575 93.9479 40.4969 96.338 83.9095 85.7468 41.4849 58.5491 34.0 63.5059 30.0 102.122 97.0221 79.0759 84.2022 72.9746 76.6552 82.7647 95.0368 98.7043 46.8402 61.4003 31.9061 32.6956 52.3259 18.3576 37.8064 45.2769 118.246 34.7131 62.3526 93.2728 103.236 100.714 69.8767 0.0 55.3624 47.0956 21.0238 103.444 87.7719 74.0945 44.9222 65.9697 72.6439 107.9 93.7649 64.1903 80.7808 103.845 59.808 64.2806 10.8167 100.568 107.892 123.436 78.4149 
9.05539 55.6431 43.5723 51.9285 40.0653 19.9249 42.4554 58.3065 41.7386 54.5425 63.9516 23.0 48.1253 28.0179 57.5847 53.0139 41.8395 34.0147 35.4138 24.2074 62.3813 53.2491 48.4421 30.0832 24.3516 42.0119 23.1948 9.21954 44.0 31.3847 60.2267 61.8784 21.0238 33.3641 42.4853 60.8769 56.3028 44.2108 55.3624 0.0 19.9249 35.3412 51.0881 33.8893 59.2884 10.4403 61.1182 41.1841 48.1153 40.9033 31.5168 38.3275 51.4884 52.1707 24.5967 49.1935 50.3691 63.3246 71.955 27.4591 
28.4429 74.9064 52.3546 48.1664 58.3894 28.178 56.2855 76.2365 39.2938 57.3182 72.6888 25.4951 63.3243 17.2627 77.4919 50.2494 33.541 53.8516 54.0102 43.5115 78.9177 48.2701 52.2564 10.198 14.5602 24.4131 23.3452 26.0 42.4853 38.6005 64.5874 81.1418 16.4012 48.5077 62.2415 80.7775 76.2168 60.6712 47.0956 19.9249 0.0 26.3059 70.7131 53.1526 74.7492 16.4924 73.8461 59.0762 67.3786 47.3169 47.0744 58.0517 71.1134 64.5372 17.2627 38.1182 54.1203 83.2166 92.4143 47.2969 
39.2046 90.2491 42.0119 74.4312 74.6713 24.6982 77.0614 74.7262 64.7386 40.2616 58.4637 17.4929 56.4358 9.05539 87.134 76.0139 59.1354 65.6059 57.4786 58.0086 75.3127 74.5252 77.6962 27.7849 40.7922 18.9737 15.0 34.0588 19.2094 27.1662 46.8188 96.4844 14.3178 50.964 74.2053 87.7064 85.7201 58.572 21.0238 35.3412 26.3059 0.0 83.2091 68.4953 68.2642 25.0599 63.1981 60.0357 82.7213 72.7567 52.8017 65.2848 83.6094 55.0 43.566 13.8924 79.5601 92.7899 104.076 57.4647 
44.153 10.4403 61.4856 64.3273 19.4165 63.0039 27.5136 44.3847 49.0918 72.8781 74.027 67.9775 54.0093 77.428 16.6433 56.0446 74.1687 17.7635 40.4401 27.5177 50.6952 71.0211 43.3244 80.6458 66.4356 92.8589 69.1285 50.4181 92.7455 70.9467 77.7817 15.0333 69.5221 48.5077 10.198 23.6008 16.4012 44.0114 103.444 51.0881 70.7131 83.2091 0.0 19.9249 56.5155 59.1503 66.4831 38.0 8.94427 38.6394 46.8402 24.0832 1.0 61.0 64.56 97.0143 44.0114 19.9249 21.2603 27.412 
30.6069 22.6274 65.9954 47.927 10.0 49.172 16.5529 63.2462 31.3209 83.5017 81.0719 54.1265 62.1361 61.6723 33.1361 40.8167 55.0091 27.5594 44.3107 16.7315 68.5538 54.0833 29.7321 60.3772 46.5215 75.8847 55.065 36.5862 74.6309 60.388 82.4152 29.0 54.2976 52.4636 18.3606 38.928 32.249 53.8532 87.7719 33.8893 53.1526 68.4953 19.9249 0.0 69.9633 43.481 76.0258 48.6071 14.8661 23.0217 50.7124 37.9279 20.8806 68.103 44.6468 82.3869 31.1127 38.0 39.6611 29.5065 
56.4782 66.9403 26.4764 101.983 69.6488 47.5184 78.7465 14.5602 84.8999 33.121 21.9545 53.0848 12.0416 69.0652 46.0109 96.8969 101.016 45.6508 36.1448 53.2635 10.0 106.749 87.7939 84.0868 83.2586 86.0 56.0803 50.1597 55.9732 41.1096 32.5576 71.0211 62.3939 26.2488 47.4342 41.4367 45.0 16.2788 74.0945 59.2884 74.7492 68.2642 56.5155 69.9633 0.0 58.2578 12.083 21.4009 62.6488 80.3182 27.8568 34.4384 56.2939 14.3178 83.7272 77.1298 89.502 49.366 71.007 40.4599 
15.0 65.2348 36.7774 56.5618 49.657 12.7279 52.0471 60.0333 46.3719 46.0629 57.1568 13.3417 46.8329 18.3848 64.4159 57.6472 46.0109 41.6173 38.3766 33.3017 62.514 57.8824 58.0339 26.0768 26.9072 34.0 13.0 10.7703 34.1321 24.2074 53.3322 71.4701 10.8167 32.0156 50.2195 66.9437 63.0687 44.2832 44.9222 10.4403 16.4924 25.0599 59.1503 43.481 58.2578 0.0 58.2309 43.0116 57.707 50.495 30.5941 43.8217 59.5506 48.9219 28.3196 38.9487 59.9608 70.2373 80.0172 33.555 
58.4119 76.7919 21.8403 108.104 82.2018 45.6946 84.809 26.5707 90.4738 24.5153 10.0 50.0 13.8924 65.5188 57.3149 102.571 102.937 53.7587 41.7151 59.5399 21.9545 112.501 93.8553 82.28 85.1381 81.7735 52.8867 52.0535 48.5077 36.8841 21.9545 81.3019 59.7746 27.9211 56.8859 53.1507 56.2228 23.0868 65.9697 61.1182 73.8461 63.1981 66.4831 76.0258 12.083 58.2309 0.0 29.1204 72.0339 86.3639 29.7588 43.1741 66.3702 9.43398 85.6604 70.3491 95.5454 61.0 82.2192 46.9574 
32.1479 48.0937 25.5539 81.0555 50.1496 35.4401 57.3903 17.2627 63.8905 36.6742 36.0555 42.5441 16.0312 57.7235 32.2025 75.6637 81.2356 24.6982 15.7703 31.8904 21.0238 86.0233 66.4377 69.0072 65.3414 74.9533 45.2522 33.1361 56.6936 34.9245 40.5216 53.0094 50.01 15.0 28.0713 30.6105 30.8707 6.08276 72.6439 41.1841 59.0762 60.0357 38.0 48.6071 21.4009 43.0116 29.1204 0.0 43.1496 58.9619 14.7648 14.1421 38.0132 23.0 65.2263 72.0552 68.1458 37.2156 55.7853 19.105 
44.8329 7.81025 66.0966 55.7315 11.0 67.4599 18.6815 51.4782 41.0122 77.4891 79.1891 72.4335 59.1736 75.8983 25.5539 47.2969 66.6108 22.2195 44.9258 30.9575 57.7062 62.514 34.4819 74.6032 60.4152 90.1107 69.291 50.8122 97.2015 75.4324 82.4622 14.2127 68.5236 53.025 15.2315 32.45 25.2389 49.2215 107.9 48.1153 67.3786 82.7213 8.94427 14.8661 62.6488 57.707 72.0339 43.1496 0.0 30.1496 51.3275 29.0312 9.84886 66.0848 58.3095 96.6129 35.1141 28.7924 25.0599 31.868 
37.8617 35.1283 78.5541 25.7099 19.2354 56.2034 12.1655 73.6011 11.7047 89.5244 91.41 61.1418 72.4742 63.7728 54.4059 17.8885 37.9473 37.9143 54.6488 27.0864 78.9086 32.3883 7.61577 53.8238 37.5366 71.2274 62.1033 43.6176 81.6622 67.4194 95.2086 39.8121 60.4153 62.8017 40.3149 60.7454 53.7587 64.2028 93.7649 40.9033 47.3169 72.7567 38.6394 23.0217 80.3182 50.495 86.3639 58.9619 30.1496 0.0 61.0505 48.2827 39.6232 78.4411 34.6554 85.2257 9.48683 58.4637 52.7731 39.8614 
28.7065 56.3275 17.6491 83.7387 56.8884 21.2132 59.4956 30.2655 63.6315 29.0416 33.2312 28.286 16.6433 43.569 45.0 77.2577 73.2442 30.4281 16.4018 34.2272 32.0624 88.1364 68.5419 56.5685 55.4617 60.8316 30.9941 22.3607 48.24 26.4709 34.0689 61.6728 36.1248 2.23607 36.6879 44.5533 43.6005 14.0357 64.1903 31.5168 47.0744 52.8017 46.8402 50.7124 27.8568 30.5941 29.7588 14.7648 51.3275 61.0505 0.0 23.7065 47.1275 20.8114 55.9556 63.6015 70.232 50.448 66.7083 21.8421 
29.6142 34.0147 37.6431 71.3442 36.0312 40.5911 44.6319 25.4951 54.2033 49.0408 50.1597 47.792 30.1496 62.2026 21.9317 65.1499 74.4648 11.4018 17.8062 21.4709 31.1448 76.9415 55.7585 68.2495 61.0737 77.8206 50.3961 34.9403 68.24 46.4709 53.7587 39.1152 54.2429 25.0799 14.0 23.2594 20.5183 20.2237 80.7808 38.3275 58.0517 65.2848 24.0832 37.9279 34.4384 43.8217 43.1741 14.1421 29.0312 48.2827 23.7065 0.0 24.1868 37.054 60.2996 78.0205 57.4665 27.6586 43.0813 11.0 
44.5533 10.7703 61.6797 65.307 20.3961 63.4041 28.4605 44.0114 50.0899 73.0722 74.0068 68.3778 54.0 77.8282 15.8114 57.0088 75.1665 18.1638 40.7351 27.9179 50.3289 72.0069 44.2719 81.046 67.3958 93.2592 69.5287 50.8183 93.0108 71.2417 77.9295 15.0 69.9224 48.7647 10.4403 22.8035 15.6205 44.0 103.845 51.4884 71.1134 83.6094 1.0 20.8806 56.2939 59.5506 66.3702 38.0132 9.84886 39.6232 47.1275 24.1868 0.0 61.0082 65.521 97.4145 44.9444 18.9737 20.6155 27.7849 
49.4645 71.0634 13.0384 100.181 74.279 36.4005 76.8862 26.2488 82.5511 18.868 13.1529 41.0 7.07107 56.7186 53.8516 94.6483 93.9894 46.8722 33.7924 51.6178 23.6008 104.579 85.9325 73.0548 75.8292 73.2462 43.9318 43.1061 41.7612 28.1603 19.4165 76.0066 50.6952 18.9737 51.0392 50.6952 52.6308 17.0294 59.808 52.1707 64.5372 55.0 61.0 68.103 14.3178 48.9219 9.43398 23.0 66.0848 78.4411 20.8114 37.054 61.0082 0.0 76.7129 63.1506 87.6226 58.1893 78.2624 39.2173 
33.2415 65.307 65.0491 31.0161 48.3011 41.0366 45.0 82.3419 24.6982 72.9987 85.4284 40.4969 72.5635 34.5254 76.531 33.9559 17.6918 53.0848 59.4559 41.1947 86.2364 31.0483 38.2753 20.2485 3.16228 38.6005 38.9487 33.6155 59.2368 52.4976 80.268 71.1196 32.6956 57.8014 60.531 81.0987 75.4255 68.6496 64.2806 24.5967 17.2627 43.566 64.56 44.6468 83.7272 28.3196 85.6604 65.2263 58.3095 34.6554 55.9556 60.2996 65.521 76.7129 0.0 55.0 39.9625 81.8841 83.2586 49.3931 
53.0104 104.141 51.448 86.0058 88.5629 37.5366 90.9531 85.3156 77.2077 46.0435 64.0078 30.4138 66.1005 21.8403 99.8697 88.3629 69.0507 79.4111 70.2142 71.8471 85.3765 85.3756 90.1652 36.6742 52.0096 21.095 28.3196 47.8017 22.0 37.2177 51.1566 110.376 28.178 61.7638 88.0104 100.417 98.4557 69.3602 10.8167 49.1935 38.1182 13.8924 97.0143 82.3869 77.1298 38.9487 70.3491 72.0552 96.6129 85.2257 63.6015 78.0205 97.4145 63.1506 55.0 0.0 92.0291 105.525 117.881 71.2698 
47.3275 38.4708 87.8471 22.2036 25.0599 65.6692 16.5529 82.7849 15.2643 98.8173 100.591 70.6076 81.6557 70.5762 60.4152 13.0384 39.1152 47.0981 63.8303 36.2702 88.0924 29.2746 2.0 59.9416 43.0465 77.8781 71.5691 53.0834 91.128 76.8852 104.502 42.0119 67.2187 71.9832 47.1805 67.082 59.9333 73.3919 100.568 50.3691 54.1203 79.5601 44.0114 31.1127 89.502 59.9608 95.5454 68.1458 35.1141 9.48683 70.232 57.4665 44.9444 87.6226 39.9625 92.0291 0.0 63.9062 55.0 49.0452 
55.4617 27.2029 62.7694 84.1724 39.2938 68.0962 47.4342 35.0571 68.593 73.8241 70.0928 75.297 51.264 88.367 5.83095 75.9605 93.0054 29.4109 45.3113 40.7922 41.0 90.802 63.2456 93.3006 83.3607 104.236 77.9012 61.3559 93.7177 71.9486 77.0779 27.6586 80.4599 51.4004 21.3776 8.0 7.2111 42.0476 107.892 63.3246 83.2166 92.7899 19.9249 38.0 49.366 70.2373 61.0 37.2156 28.7924 58.4637 50.448 27.6586 18.9737 58.1893 81.8841 105.525 63.9062 0.0 22.561 36.7151 
65.0199 18.0278 80.6536 77.0584 35.1141 83.8707 40.6079 57.0789 64.3273 92.0272 90.7965 88.8444 71.1969 98.2948 25.0 68.0074 90.471 38.6005 60.4617 48.3845 63.1981 84.0952 55.0364 99.6389 85.4283 115.146 89.9954 71.285 112.737 90.9683 96.3016 13.0384 90.389 68.1542 30.5287 30.4138 26.0192 61.3922 123.436 71.955 92.4143 104.076 21.2603 39.6611 71.007 80.0172 82.2192 55.7853 25.0599 52.7731 66.7083 43.0813 20.6155 78.2624 83.2586 117.881 55.0 22.561 0.0 48.2597 
18.9737 36.868 37.1251 62.2013 35.6825 38.2252 38.2897 34.4819 45.0 48.5176 52.2015 42.2331 33.1059 51.6847 30.8869 56.5862 63.8905 9.84886 15.4403 12.8062 39.4081 67.4166 47.3371 57.4891 50.0899 67.5539 43.384 24.6736 67.716 45.9469 53.5449 42.2132 43.7777 23.5933 17.8045 33.5261 29.5296 24.4131 78.4149 27.4591 47.2969 57.4647 27.412 29.5065 40.4599 33.555 46.9574 19.105 31.868 39.8614 21.8421 11.0 27.7849 39.2173 49.3931 71.2698 49.0452 36.7151 48.2597 0.0 
DEMAND_SCENARIO_SECTION
0 0 0 0 0 0 0 0 0 0 0 0 0 0 0 0 0 0 0 0 0 0 0 0 0 0 0 0 0 0 0 0 0 0 0 0 0 0 0 0 0 0 0 0 0 0 0 0 0 0 0 0 0 0 0 0 0 0 0 0 0 0 0 0 0 0 0 0 0 0 0 0 0 0 0 0 0 0 0 0 0 0 0 0 0 0 0 0 0 0 0 0 0 0 0 0 0 0 0 0 0 0 0 0 0 0 0 0 0 0 0 0 0 0 0 0 0 0 0 0 0 0 0 0 0 0 0 0 0 0 0 0 0 0 0 0 0 0 0 0 0 0 0 0 0 0 0 0 0 0 0 0 0 0 0 0 0 0 0 0 0 0 0 0 0 0 0 0 0 0 0 0 0 0 0 0 0 0 0 0 0 0 0 0 0 0 0 0 0 0 0 0 0 0 0 0 0 0 0 0 
5 6 4 8 9 3 5 6 3 7 3 9 5 4 9 4 8 7 10 6 8 7 8 4 4 6 6 5 5 10 4 6 4 7 8 8 3 2 3 9 1 7 3 7 7 8 10 5 4 5 3 2 8 7 7 3 3 9 7 4 8 6 6 3 7 4 6 5 4 8 7 5 7 8 7 5 6 7 5 5 7 7 7 7 7 9 5 5 7 5 6 7 5 8 6 8 7 9 4 8 9 6 7 7 1 4 2 6 7 7 5 6 8 3 8 9 8 4 7 8 6 8 5 7 4 7 7 4 8 8 5 7 3 5 7 1 7 7 7 9 7 8 7 5 5 3 3 6 7 11 5 6 4 7 7 6 5 1 8 2 6 5 4 4 5 7 10 8 6 5 7 6 6 6 4 3 6 3 6 4 10 5 4 5 5 7 3 7 7 8 5 6 6 5 7 2 7 7 2 3 
3 2 4 5 3 3 4 3 1 3 1 3 1 3 5 4 3 3 3 4 4 2 4 3 4 3 1 2 4 4 4 3 4 4 4 3 4 4 4 1 4 3 1 4 3 4 2 3 2 4 3 1 2 2 2 2 2 4 1 4 3 3 3 2 3 7 3 3 1 2 4 3 3 2 3 2 2 0 4 3 1 3 2 3 3 3 4 2 3 3 2 3 1 4 3 2 3 5 2 4 3 3 3 5 4 3 3 2 4 2 3 5 4 3 2 2 3 3 1 3 2 3 3 4 2 5 2 4 5 3 5 1 0 3 3 2 1 1 4 2 1 3 2 1 5 5 5 4 3 2 2 2 4 4 3 3 5 2 3 3 3 5 1 4 4 2 1 4 3 3 4 4 2 2 3 2 3 3 3 1 3 3 4 4 3 3 4 3 4 4 3 3 4 4 2 3 2 3 4 2 
6 11 11 7 12 9 17 4 8 7 10 3 15 15 12 15 8 11 5 9 11 15 9 14 17 11 12 6 9 13 7 4 11 7 7 8 12 9 8 9 11 8 13 11 18 13 8 7 14 9 13 14 8 13 4 12 7 7 7 7 11 12 8 12 7 5 11 8 9 10 11 13 12 10 15 12 13 11 12 10 10 12 14 14 9 12 13 13 12 9 10 12 7 8 8 8 13 9 12 10 10 6 12 2 10 12 15 9 8 16 10 12 10 15 15 15 8 8 11 11 10 8 14 10 12 12 8 11 13 7 9 11 9 15 11 11 6 11 14 9 9 10 7 9 12 14 8 5 6 8 9 7 9 7 5 11 7 2 10 10 11 9 10 10 10 10 10 6 6 9 14 12 9 4 9 12 4 10 19 3 11 12 11 5 10 8 9 9 16 11 12 15 8 7 15 19 13 12 15 5 
11 5 1 12 14 9 5 0 14 4 6 8 13 6 12 12 9 5 15 12 5 11 5 9 4 9 18 8 10 10 11 14 4 15 13 9 3 10 11 12 7 17 6 7 11 11 10 13 6 9 12 11 11 14 4 11 16 11 7 11 16 9 8 7 13 9 11 8 10 7 7 10 16 17 5 4 6 9 7 12 11 11 17 11 9 6 14 7 4 14 9 13 9 14 8 13 15 4 17 8 5 13 5 13 5 10 12 12 15 11 5 9 13 13 6 7 8 9 8 14 6 5 16 6 16 9 6 12 9 8 8 10 8 8 13 6 15 11 8 11 3 12 5 14 8 13 15 10 8 11 10 6 1 13 11 16 12 8 15 8 8 10 7 8 8 14 11 8 6 10 15 12 13 13 13 3 3 7 12 9 16 12 10 9 7 12 7 11 11 11 11 7 7 12 15 10 9 9 14 17 
1 1 1 1 1 1 1 1 1 1 1 1 1 1 1 1 2 1 1 1 0 1 1 1 1 1 1 1 1 1 1 1 1 1 1 1 1 1 1 1 2 2 1 1 2 1 2 1 2 1 1 1 1 1 1 1 1 1 1 0 1 1 1 0 1 1 1 1 0 1 1 1 1 1 1 0 1 1 1 1 1 1 1 1 1 1 1 1 1 1 1 1 1 1 1 1 1 1 2 1 1 1 0 1 1 1 1 1 1 1 1 1 1 1 1 1 1 1 1 1 1 1 1 1 0 0 1 1 1 1 1 1 1 1 1 1 1 1 1 1 2 1 1 1 1 1 1 1 1 1 1 0 1 1 1 1 2 1 1 1 1 0 2 0 2 1 1 2 1 1 1 1 1 0 1 0 1 1 1 1 1 1 1 2 1 0 1 1 1 1 2 1 2 1 1 0 1 0 1 1 
4 5 6 3 4 4 3 3 2 4 2 2 4 2 5 4 7 1 5 4 3 2 3 6 4 5 3 5 4 3 5 4 4 3 3 2 4 3 5 3 2 4 2 5 5 4 5 4 3 3 4 2 5 4 0 6 1 5 5 3 5 3 4 5 3 2 7 4 6 2 2 4 4 3 3 5 5 3 2 3 5 5 4 4 1 5 3 6 5 4 3 7 3 5 6 6 2 3 3 4 2 6 4 4 4 6 5 3 4 3 4 5 3 5 4 2 5 4 6 5 5 4 5 3 5 5 4 4 5 3 2 4 5 6 5 4 6 5 5 5 2 5 5 5 4 5 5 2 4 5 4 4 4 5 2 4 2 4 3 5 8 4 5 3 3 6 4 6 4 4 5 2 5 3 4 3 4 4 5 6 4 6 2 4 3 3 4 6 5 5 6 4 4 2 5 7 3 3 4 4 
3 5 2 4 4 5 3 1 5 2 4 4 3 4 5 3 2 3 5 2 5 5 4 4 2 5 5 6 2 3 5 5 6 5 3 3 0 3 3 6 4 5 4 6 1 3 5 4 4 4 2 2 3 3 3 2 4 2 3 4 3 6 3 5 5 3 1 4 3 4 3 3 2 4 6 4 7 3 3 5 6 4 5 1 3 6 5 5 2 4 5 3 2 6 3 5 5 6 3 3 3 3 6 3 3 3 3 3 5 6 4 4 5 5 5 2 2 0 4 5 6 5 5 4 5 3 4 2 4 3 4 4 3 2 4 4 6 3 4 4 3 3 6 7 3 2 3 3 1 2 1 2 4 4 4 5 4 4 3 3 3 5 4 2 4 2 5 6 5 4 2 2 1 3 5 4 3 6 3 3 3 5 5 3 5 5 6 4 4 6 6 4 3 4 4 4 3 4 4 4 
4 2 3 2 2 3 4 3 1 3 4 3 2 2 3 2 3 2 2 3 1 5 4 2 2 3 2 3 3 2 2 3 2 1 3 2 4 3 3 4 3 3 2 4 2 3 6 3 4 3 3 4 4 2 3 3 3 3 2 3 2 4 2 4 3 2 3 2 3 3 3 2 2 2 4 3 2 3 3 1 4 3 4 3 4 4 3 4 2 3 2 3 4 5 2 2 3 2 4 4 2 3 4 3 3 2 3 4 4 3 3 3 4 3 3 4 2 4 2 3 3 3 4 0 3 1 4 2 4 3 2 2 2 3 5 1 1 2 3 3 4 5 4 3 3 4 4 3 3 4 1 4 4 1 2 5 4 2 0 2 3 2 4 4 4 3 4 1 3 4 0 4 2 3 3 4 3 4 3 5 2 2 3 2 3 3 2 4 2 3 4 3 3 3 3 1 1 2 3 4 
6 6 8 5 7 5 7 10 5 5 7 7 4 5 4 8 8 5 6 4 5 6 4 10 3 7 6 7 5 6 5 10 8 4 5 7 6 1 5 3 6 10 7 7 5 6 10 3 5 6 8 9 9 6 6 5 8 8 7 7 7 4 3 5 7 4 6 5 8 7 9 7 6 7 9 3 5 8 7 8 6 4 8 8 4 4 5 4 4 5 6 6 7 3 8 4 7 6 5 5 6 6 5 6 4 3 4 7 6 7 7 8 7 5 5 6 7 6 7 7 5 6 6 5 8 4 3 8 0 4 2 7 6 4 8 4 6 9 6 7 5 3 2 5 5 5 2 6 9 10 8 7 3 8 4 5 7 6 8 11 1 6 5 6 5 9 6 8 4 6 8 5 8 12 7 7 7 6 8 7 5 7 4 8 6 0 6 2 8 8 6 8 8 5 4 9 6 6 4 6 
4 6 1 4 4 2 2 3 3 2 4 2 3 5 2 3 2 2 4 3 4 3 4 4 4 2 4 3 3 3 3 4 3 4 3 3 5 3 3 2 3 3 3 3 1 3 4 4 4 3 4 2 5 3 3 4 1 3 2 2 3 5 3 2 3 4 2 3 3 1 2 3 3 3 4 2 4 3 2 2 3 3 4 3 2 3 3 3 2 2 2 4 4 1 2 4 4 4 2 2 3 1 4 2 1 4 5 3 3 2 3 1 2 2 2 3 5 3 3 3 3 3 1 2 4 4 3 5 3 3 4 2 3 4 4 2 3 4 2 4 2 2 3 2 2 2 3 3 3 4 4 3 3 4 4 2 2 3 3 4 2 3 3 3 4 4 3 2 3 5 3 2 3 2 0 3 4 3 3 2 3 3 1 2 3 2 2 3 4 3 3 1 3 3 3 4 5 3 2 4 
3 2 2 1 2 1 3 2 1 2 2 2 3 3 2 3 2 2 2 2 1 2 4 2 3 2 2 2 2 2 2 3 2 2 2 1 2 1 2 3 2 2 2 1 2 2 2 3 2 2 3 1 3 1 1 1 1 3 1 3 2 1 1 2 2 2 2 2 2 1 2 2 2 2 2 3 2 1 2 1 2 2 3 3 2 1 2 2 3 2 1 2 3 3 2 2 1 2 2 2 1 2 1 2 1 1 2 2 3 3 3 2 1 1 3 2 3 2 1 2 1 4 3 1 1 2 2 1 2 1 1 2 2 2 3 2 2 2 2 1 1 2 1 1 1 2 2 2 2 2 3 1 3 2 2 2 2 3 3 1 2 2 2 2 2 3 3 1 2 3 2 1 3 1 2 2 2 2 2 2 1 2 2 2 3 2 2 2 1 3 2 2 2 3 1 3 2 3 3 1 
2 3 2 2 4 3 2 3 4 3 1 3 2 4 2 4 5 1 3 2 2 1 5 4 4 4 4 2 6 3 4 7 3 3 4 2 4 4 2 2 3 3 3 2 3 3 2 2 5 3 3 3 4 3 4 3 2 3 3 4 2 2 3 3 4 3 3 2 6 3 3 3 2 2 3 1 2 3 4 3 3 3 3 3 3 3 4 1 2 3 4 2 2 3 3 4 4 5 1 3 1 4 4 3 4 4 4 4 5 3 5 2 3 4 2 4 2 2 3 2 3 3 3 2 2 2 4 1 1 2 3 4 4 3 3 2 2 2 2 2 3 4 2 2 2 3 3 3 2 2 3 2 5 3 4 3 2 2 2 3 1 3 3 1 3 3 3 3 3 4 3 3 2 4 4 2 4 3 2 2 2 2 4 2 3 3 4 4 5 2 3 3 3 2 2 3 2 3 3 2 
17 6 9 10 10 11 8 9 7 6 11 6 14 7 6 6 13 11 8 6 9 12 8 9 6 13 12 12 14 6 8 14 13 8 11 8 10 9 16 6 10 11 7 6 10 9 10 11 6 12 15 15 9 13 6 8 11 5 13 11 15 10 8 7 7 12 6 6 17 10 11 9 10 7 12 8 18 12 8 12 9 8 12 5 12 13 12 16 14 8 10 6 7 6 7 10 16 10 16 12 15 13 6 17 15 9 14 14 13 10 8 9 8 13 6 2 8 7 8 17 12 14 10 2 14 17 11 7 10 18 11 8 12 5 14 10 13 15 11 9 10 16 9 11 12 14 12 9 8 11 9 9 13 7 16 4 6 14 10 10 6 2 11 14 11 12 4 12 10 8 10 10 14 9 11 14 9 8 12 10 10 12 7 9 12 14 12 9 5 11 10 9 13 12 8 9 15 3 7 11 
8 9 11 8 7 3 11 12 5 4 2 8 4 8 3 10 6 7 8 10 9 12 7 9 10 10 6 13 5 6 11 11 13 6 8 10 3 13 10 7 13 7 8 7 11 15 6 15 8 6 10 13 6 9 10 9 9 7 6 8 7 9 11 13 9 9 11 7 8 9 2 8 8 8 5 12 8 3 6 10 12 11 11 11 13 10 7 12 12 7 5 9 10 10 11 4 5 7 2 12 8 9 11 8 10 11 10 7 6 9 9 7 10 9 13 4 10 11 5 11 9 10 9 8 8 11 16 11 7 3 11 11 3 10 4 8 5 7 15 11 12 11 8 13 12 11 11 9 13 5 6 2 8 6 8 8 9 5 11 11 13 10 7 16 14 8 11 15 7 14 6 10 11 8 9 10 5 10 9 12 4 9 13 9 8 6 5 8 8 9 5 7 8 6 5 0 4 11 9 10 
3 4 4 3 4 2 5 3 4 4 4 3 2 2 3 5 1 4 3 4 2 3 3 3 3 2 3 1 4 4 2 2 4 3 3 2 2 3 3 3 5 3 3 3 4 3 4 3 4 1 3 3 5 3 5 1 3 3 2 1 3 4 3 1 3 2 4 4 3 3 4 4 3 2 2 4 2 3 1 4 0 3 2 3 5 3 6 4 2 2 3 2 1 3 4 3 3 3 2 3 4 2 4 3 5 3 2 3 1 1 3 3 4 3 3 3 2 4 1 2 3 2 2 4 3 4 3 3 3 3 3 3 2 2 3 2 4 4 3 2 3 4 3 4 4 2 5 2 4 2 3 4 3 3 3 4 3 3 4 5 4 3 4 1 4 4 5 2 5 2 2 4 4 2 0 3 5 4 3 2 4 3 3 2 2 2 2 1 3 2 3 4 2 2 2 2 2 3 1 2 
3 3 6 4 5 3 5 6 5 4 4 2 3 3 4 2 3 6 6 3 3 2 2 4 4 6 3 5 3 4 4 4 4 3 4 2 7 6 6 5 3 0 4 5 4 3 3 4 5 4 3 4 4 1 5 3 5 7 4 4 3 6 3 6 5 0 6 4 2 6 7 5 5 3 3 3 4 4 6 4 3 3 3 2 4 3 3 2 4 4 4 4 5 6 4 4 4 4 5 3 3 3 5 6 4 4 3 4 3 4 3 1 3 4 6 5 4 3 3 6 3 6 4 5 6 4 5 5 5 7 4 4 2 4 6 4 4 5 4 6 5 3 5 3 2 4 2 5 5 3 4 4 3 4 4 5 4 1 4 5 3 6 4 3 5 3 4 2 4 4 3 2 4 3 4 4 3 3 4 5 4 4 4 3 6 3 5 4 3 3 5 3 5 6 2 6 3 5 6 4 
6 6 6 10 8 4 9 8 8 2 9 7 7 7 9 6 7 9 6 11 6 9 8 9 6 12 5 4 9 7 10 9 8 10 6 7 6 15 11 12 8 9 7 8 10 6 12 9 8 5 8 8 8 8 9 11 4 8 8 11 10 7 8 9 7 5 9 6 5 5 6 5 7 9 8 6 8 6 9 7 8 8 5 6 4 6 10 8 8 6 8 9 7 10 9 2 13 12 7 8 6 4 7 10 6 7 10 7 10 11 6 7 7 8 4 6 9 7 4 7 8 1 12 3 4 4 7 5 5 9 8 4 10 7 8 6 7 8 6 7 6 9 11 0 1 3 9 8 6 8 7 4 9 5 6 7 4 5 7 6 10 5 8 3 6 5 9 6 5 8 7 6 6 10 7 5 7 10 11 10 7 10 7 9 5 4 7 9 7 6 8 5 5 5 6 3 8 7 5 9 
12 11 12 9 10 11 10 6 7 7 6 3 10 10 8 7 8 8 8 12 8 9 9 8 4 11 6 7 6 8 11 5 13 7 9 9 11 7 9 9 8 9 13 6 9 9 8 13 4 8 12 5 9 5 8 8 4 4 7 8 7 5 4 8 8 7 10 9 2 11 3 9 9 5 7 10 11 7 10 2 7 8 6 10 9 9 8 6 9 9 13 6 7 8 11 7 5 3 7 6 4 11 9 8 6 10 15 11 11 9 4 7 7 9 7 8 5 10 5 6 4 8 6 9 7 6 6 10 8 10 12 9 4 7 10 5 8 11 11 7 7 6 9 7 8 10 11 9 5 6 12 9 7 8 2 9 5 13 11 7 9 8 11 12 9 5 4 5 11 8 12 12 4 7 8 10 9 5 10 6 5 5 10 15 9 3 9 9 7 8 8 7 9 6 9 11 12 4 4 9 
8 14 9 12 9 11 7 9 5 7 10 12 11 7 10 11 10 2 9 9 5 6 12 12 6 11 14 9 9 6 8 8 14 9 14 11 9 9 12 8 9 12 5 9 5 10 10 12 4 12 9 12 6 10 10 3 8 10 6 9 6 7 11 5 10 16 12 14 7 13 9 9 12 15 11 12 13 8 8 10 12 9 10 11 10 10 11 12 8 2 7 11 10 9 9 8 10 6 4 12 13 11 8 15 12 13 10 7 8 14 8 3 8 4 8 8 9 13 4 12 8 6 6 11 9 9 8 13 14 7 8 8 6 11 4 10 10 6 7 13 6 14 7 11 14 10 11 9 7 9 10 11 8 8 11 9 12 11 9 9 9 13 16 14 7 7 9 10 13 8 3 10 19 8 14 9 12 8 13 6 0 11 4 10 11 8 12 9 8 10 11 6 7 3 11 9 11 14 10 12 
2 2 1 2 2 1 2 2 2 3 1 2 2 2 2 3 2 3 1 4 2 1 2 2 2 1 3 1 2 3 3 2 1 1 1 2 2 2 2 2 1 2 3 2 2 1 2 1 1 1 2 1 1 3 2 2 1 2 2 2 2 2 3 3 2 3 3 2 2 2 3 2 0 1 2 2 2 3 1 2 1 2 2 2 2 2 2 1 2 3 2 1 2 3 2 1 2 2 2 1 2 1 2 2 3 2 2 1 2 2 3 3 1 2 2 3 3 2 2 2 3 3 2 2 1 2 2 2 2 2 2 3 2 1 3 2 1 0 2 2 2 3 2 2 3 3 3 2 2 2 3 3 2 1 2 2 2 2 3 2 2 2 3 1 3 2 2 2 2 2 3 1 3 3 2 2 2 2 2 3 2 2 2 2 2 1 2 3 1 2 1 2 1 2 1 2 2 3 2 2 
1 2 2 2 2 1 3 2 3 1 2 2 2 3 2 3 3 2 2 2 0 3 2 2 3 2 2 2 2 2 3 2 2 3 1 3 2 1 1 2 2 1 1 2 1 3 2 1 2 2 2 2 2 2 2 2 2 2 2 2 2 2 3 2 1 2 2 2 2 2 2 2 3 1 2 2 2 1 2 2 1 3 3 3 2 2 1 2 3 3 3 2 2 2 3 2 2 3 3 1 2 3 2 1 1 2 1 2 2 2 1 2 3 3 1 2 2 2 2 2 2 2 3 2 1 1 3 1 1 3 3 1 3 2 2 2 3 2 2 2 1 3 3 1 3 1 1 2 2 2 2 2 2 3 2 3 1 2 2 3 2 2 1 2 2 2 2 3 2 2 2 2 2 1 3 3 3 2 2 2 3 2 1 1 2 2 2 1 3 2 1 2 3 2 2 3 2 2 2 1 
5 4 5 3 2 4 6 6 2 5 6 3 4 7 6 5 4 6 8 6 3 6 7 4 8 4 5 6 9 5 5 5 5 7 5 4 1 7 6 6 5 6 2 2 4 4 4 5 4 5 4 5 3 5 3 7 4 6 6 3 8 3 4 3 7 4 6 5 5 7 5 2 3 1 5 6 3 4 0 4 5 4 5 3 4 5 4 2 6 7 3 6 2 6 7 4 3 6 6 5 4 7 6 4 6 7 8 4 4 7 7 6 5 4 6 5 6 4 1 6 5 4 6 4 2 6 7 7 5 6 6 7 6 3 5 7 5 5 6 8 2 7 8 2 5 2 3 4 6 5 5 6 5 6 5 7 5 6 3 5 3 6 7 5 5 6 5 6 4 6 1 7 6 3 6 5 6 5 7 4 8 5 1 5 4 4 3 6 3 4 3 7 5 4 4 5 6 4 7 5 
