NAME  : Jabali_60_3_0.90_1_4
TYPE : SVRP
MODEL : FINITE_SUPPORT
NUMBER_OF_SCENARIOS : 200
DIMENSION : 60
EDGE_WEIGHT_TYPE : MATRIX
CAPACITY : 111
N_VEHICLES : 3
NODE_COORD_SECTION
1 4082 4582
2 2342 1670
3 3031 1386
4 2302 2783
5 5086 7414
6 5397 4640
7 2359 2071
8 2932 2318
9 6225 5795
10 2245 5226
11 4575 6905
12 1215 4605
13 6000 5240
14 2919 6812
15 3555 7814
16 6119 1265
17 4688 4793
18 3403 769
19 4282 7956
20 2748 8573
21 143 3167
22 3400 7765
23 8421 4629
24 5259 3025
25 2829 2768
26 4403 4047
27 6364 3012
28 8617 5180
29 5591 7174
30 4240 7821
31 7367 5067
32 2379 706
33 2464 4728
34 7592 3078
35 5361 641
36 4949 905
37 3675 2663
38 5095 8025
39 6232 3060
40 4551 5988
41 5062 18
42 27 2901
43 6026 3874
44 5644 6395
45 6577 1781
46 5173 4050
47 4701 498
48 2352 5711
49 190 3941
50 1077 3459
51 3055 8082
52 5626 6594
53 6677 5702
54 4426 5450
55 5414 6636
56 5202 1543
57 4472 2506
58 1342 2302
59 7361 3460
60 6011 2061
DEMAND_SECTION
1 0.0
2 2.0
3 4.0
4 5.0
5 1.0
6 4.0
7 7.0
8 10.0
9 7.0
10 4.0
11 4.0
12 9.0
13 7.0
14 3.0
15 7.0
16 7.0
17 3.0
18 3.0
19 6.0
20 1.0
21 5.0
22 4.0
23 8.0
24 5.0
25 1.0
26 1.0
27 2.0
28 8.0
29 7.0
30 8.0
31 1.0
32 6.0
33 7.0
34 2.0
35 2.0
36 5.0
37 7.0
38 4.0
39 9.0
40 1.0
41 8.0
42 9.0
43 9.0
44 1.0
45 9.0
46 10.0
47 2.0
48 8.0
49 2.0
50 6.0
51 7.0
52 6.0
53 10.0
54 2.0
55 1.0
56 5.0
57 10.0
58 1.0
59 3.0
60 4.0
DEVIATION_SECTION
1 0.0
2 0.666667
3 1.33333
4 1.66667
5 0.333333
6 1.33333
7 2.33333
8 3.33333
9 2.33333
10 1.33333
11 1.33333
12 3.0
13 2.33333
14 1.0
15 2.33333
16 2.33333
17 1.0
18 1.0
19 2.0
20 0.333333
21 1.66667
22 1.33333
23 2.66667
24 1.66667
25 0.333333
26 0.333333
27 0.666667
28 2.66667
29 2.33333
30 2.66667
31 0.333333
32 2.0
33 2.33333
34 0.666667
35 0.666667
36 1.66667
37 2.33333
38 1.33333
39 3.0
40 0.333333
41 2.66667
42 3.0
43 3.0
44 0.333333
45 3.0
46 3.33333
47 0.666667
48 2.66667
49 0.666667
50 2.0
51 2.33333
52 2.0
53 3.33333
54 0.666667
55 0.333333
56 1.66667
57 3.33333
58 0.333333
59 1.0
60 1.33333
DISTANCE_MATRIX
0.0 46.0977 46.7703 34.6271 42.693 17.0 42.0 35.2278 30.6927 28.4849 34.6803 42.5909 27.6216 33.4464 44.2354 54.5619 7.81025 56.2043 48.8224 56.1649 62.6055 45.6074 56.8595 28.2312 31.0 9.43398 38.1182 59.5483 42.8912 48.1215 42.5206 57.2612 34.495 51.6236 58.258 53.7587 29.1548 50.2207 37.1214 22.8102 65.0538 63.81 28.2843 39.7427 52.2015 17.0 58.0517 28.4429 57.192 49.7406 49.161 37.9553 34.392 17.0298 38.2898 46.4004 31.1448 49.2666 47.0744 44.9444 
46.0977 0.0 10.7703 15.0 95.616 55.3173 5.0 11.0454 72.1864 48.0424 84.4182 41.2022 69.1153 70.8871 85.517 51.3674 51.0882 18.0278 94.1992 93.8357 36.0555 86.6807 89.997 42.6411 15.2971 41.3038 56.601 95.1032 95.8142 93.2142 79.6042 12.8062 42.6025 73.5701 42.9535 37.108 20.8814 99.9991 55.91 66.0882 43.0 35.3553 56.2302 92.6657 59.3095 48.1168 36.1248 54.2041 41.5933 29.4109 88.2818 90.8783 75.71 60.3077 91.2128 39.5552 30.4798 16.0312 71.5894 51.7636 
46.7703 10.7703 0.0 20.6155 86.3286 55.5317 13.0 11.67 72.4067 49.9372 80.096 47.8634 69.3357 72.7819 86.003 40.6168 51.4459 9.43398 89.877 95.7305 46.3897 86.5561 90.2115 42.8555 17.2442 41.5743 56.8154 95.3176 86.5269 88.892 79.8186 14.1421 44.4973 73.7846 32.3883 26.4764 21.0959 93.8563 56.1245 66.4459 33.2415 45.8912 56.4446 83.3784 47.1769 48.3313 26.0192 56.099 51.0882 38.3275 90.6718 81.5909 75.9246 60.6654 81.9255 28.8046 30.6943 26.4764 71.8038 41.4612 
34.6271 15.0 20.6155 0.0 81.5285 46.9574 10.0 10.0499 63.1514 35.6792 72.055 27.2594 60.0803 58.5239 73.1538 55.9017 40.8044 29.9666 81.8359 81.4725 30.4138 74.3175 84.6463 39.4081 6.7082 32.2025 53.8238 89.0505 83.451 80.851 72.7186 27.8029 30.2393 70.8025 51.0882 45.0999 18.3848 87.6359 53.0094 55.8044 53.3779 31.0644 50.9902 80.3025 59.1354 41.0488 45.9271 41.8409 32.3883 19.2354 75.9186 78.5151 66.8506 50.024 78.8496 43.4166 29.1548 14.7648 68.1175 51.264 
42.693 95.616 86.3286 81.5285 0.0 39.1548 91.0607 79.7047 25.2982 45.8938 9.48683 64.0098 33.1548 29.6985 21.8403 83.1918 34.8827 95.5743 13.0384 35.0571 84.6774 22.561 57.0088 60.4866 75.2673 45.0808 60.2996 55.3263 7.07107 13.0 42.2966 101.785 52.1315 65.9242 92.1976 88.2962 67.271 8.06226 59.5686 21.1161 99.6979 87.4513 48.2597 15.6205 77.2588 46.6561 93.1322 42.0476 77.2528 73.1627 28.4429 14.1421 29.4279 27.5633 12.0416 80.1597 66.6475 86.9356 60.5392 72.5713 
17.0 55.3173 55.5317 46.9574 39.1548 0.0 52.2015 44.3847 17.0711 45.3174 33.2111 57.1561 14.0 46.1736 49.7695 46.6905 9.48683 59.9337 47.2603 64.2573 75.1339 51.0784 40.0 21.9545 41.7852 14.7648 25.4951 43.1393 32.8035 46.5183 26.2488 66.0226 51.3275 36.0 54.0833 51.0 35.2278 46.4005 24.5967 20.1246 62.2656 76.3383 13.6015 23.9284 41.8808 8.24621 56.3649 44.9222 71.7572 62.269 56.648 25.8114 20.3961 18.0278 27.4642 42.19 31.5753 61.7171 31.0644 36.1248 
42.0 5.0 13.0 10.0 91.0607 52.2015 0.0 8.06226 68.9177 43.4871 79.8629 36.45 65.8466 66.3318 80.9618 52.9513 47.3814 21.587 89.6439 89.2804 33.541 82.1255 87.6641 40.4599 11.0 37.855 54.4518 92.6607 91.259 88.659 76.9675 17.8045 38.0473 71.4217 45.2769 39.3192 18.6011 95.4439 53.7587 62.3814 46.1736 33.2415 53.8516 88.1105 57.161 45.31 39.0128 49.6489 38.1182 25.4951 83.7265 86.3231 72.5328 56.601 86.6576 40.3126 28.3314 13.9284 69.4262 49.6152 
35.2278 11.0454 11.67 10.0499 79.7047 44.3847 8.06226 0.0 61.2005 38.2773 68.5069 36.8938 58.1295 61.122 73.5568 46.3249 40.05 21.104 78.2879 84.0706 39.2173 74.967 79.6116 32.5576 5.65685 30.2655 46.6905 84.5991 79.9029 77.3029 68.942 22.1359 32.8374 63.7024 41.0488 35.0571 10.6301 84.0878 45.9674 55.05 44.2123 39.3954 45.793 76.7544 50.1597 37.3363 36.7614 44.439 42.19 29.0689 78.5167 74.967 64.7611 49.2695 75.3015 33.7343 20.8087 20.8087 61.5549 42.4853 
30.6927 72.1864 72.4067 63.1514 25.2982 17.0711 68.9177 61.2005 0.0 58.734 27.0185 72.176 11.0711 46.8402 45.0444 60.2163 22.8825 76.6312 38.0789 59.3043 92.143 46.0977 33.7343 37.9473 58.3156 31.1127 36.8782 34.0147 18.3848 37.855 18.2483 82.8976 64.7441 40.7185 69.3181 66.8506 52.2485 31.7648 36.2353 30.1244 77.8781 93.3475 25.2389 12.1655 53.8145 25.1818 72.45 56.6815 86.777 79.2781 52.0865 14.1421 5.83095 28.1661 15.0 57.7754 48.5077 77.8454 35.3412 49.6488 
28.4849 48.0424 49.9372 35.6792 45.8938 45.3174 43.4871 38.2773 58.734 0.0 36.4121 18.3178 55.6629 23.0868 37.6563 74.3303 35.8515 59.3712 44.2837 46.0652 39.0512 38.833 84.9433 50.01 32.8546 32.5736 62.406 87.5913 47.8878 43.2848 70.5647 60.1674 7.0 79.902 74.0945 68.542 38.9102 51.4804 61.4143 36.2103 78.7165 41.7769 56.5776 44.8953 74.1687 44.9912 71.143 6.40312 32.2025 27.4708 40.4969 43.1079 62.4333 45.0711 43.4424 63.6003 46.8402 41.2436 75.4822 66.2722 
34.6803 84.4182 80.096 72.055 9.48683 33.2111 79.8629 68.5069 27.0185 36.4121 0.0 54.5362 32.6356 21.6333 18.2483 78.8212 27.0605 87.5616 14.1421 32.7567 74.9682 19.4165 60.531 52.6644 64.0695 37.0681 58.6893 59.9083 12.8062 13.4536 45.1774 90.5869 42.6579 65.9987 84.3755 80.474 59.2583 16.0312 57.7779 13.2939 91.8757 77.9777 46.7712 15.0333 74.8129 38.8339 85.1195 32.6497 67.7791 63.6892 25.318 13.0384 32.249 19.7231 12.0416 72.3375 58.6348 77.462 60.6513 68.5055 
42.5909 41.2022 47.8634 27.2594 64.0098 57.1561 36.45 36.8938 72.176 18.3178 54.5362 0.0 69.1049 40.2215 55.1566 72.0 49.2935 57.2259 62.1721 61.8705 28.7386 56.2398 97.0107 58.5711 31.8927 43.8246 72.3081 100.293 65.9323 61.1733 83.3651 53.679 21.2047 88.309 77.1642 71.2681 42.1182 69.3688 71.3573 54.0987 80.516 31.4591 65.7171 62.7838 81.5242 54.1199 73.151 23.0263 22.6011 17.1529 57.1507 60.9964 75.8752 58.513 61.3309 68.1249 52.0104 30.9258 84.5295 73.4622 
27.6216 69.1153 69.3357 60.0803 33.1548 14.0 65.8466 58.1295 11.0711 55.6629 32.6356 69.1049 0.0 50.3897 50.8722 58.037 19.8114 73.5601 45.2311 65.3922 89.0719 52.0521 38.9285 35.0161 55.2445 28.0416 35.1448 40.6197 26.8035 44.8534 23.7231 79.8266 61.6731 41.3631 66.6498 64.0083 49.1774 40.4005 34.4138 22.0278 75.1126 90.2764 23.105 17.9284 52.1041 22.1108 69.5515 53.6104 83.706 76.2071 57.9351 19.8114 14.7703 25.095 21.4642 54.9902 45.4367 74.7743 36.0156 47.4166 
33.4464 70.8871 72.7819 58.5239 29.6985 46.1736 66.3318 61.122 46.8402 23.0868 21.6333 40.2215 50.3897 0.0 15.0 87.7717 37.6563 82.2159 23.4094 23.6008 60.0333 16.0312 80.527 61.5836 55.6993 42.6216 70.6412 80.6536 34.4093 22.4722 65.0054 83.0121 29.1268 82.0975 90.4268 85.462 58.5277 32.7567 69.672 28.4429 96.4956 63.0079 59.5399 34.7851 85.645 49.7394 89.2062 17.2627 51.4782 49.366 17.4642 32.8938 52.4976 28.4429 32.6956 78.8923 62.6826 63.1474 77.026 78.3337 
44.2354 85.517 86.003 73.1538 21.8403 49.7695 80.9618 73.5568 45.0444 37.6563 18.2483 55.1566 50.8722 15.0 0.0 94.9117 43.0465 95.4369 10.6301 14.5602 75.0267 1.41421 78.1601 68.659 70.3293 53.2445 75.2396 76.9415 28.4429 10.0 63.0079 97.642 43.7568 84.2352 100.361 96.3564 69.427 21.4009 74.3236 29.8525 107.395 78.0064 63.3298 33.2415 91.2414 55.0727 100.106 32.1403 66.3702 64.2806 7.07107 31.257 50.01 34.4093 30.0666 88.3234 73.5643 78.5609 78.8878 84.7231 
54.5619 51.3674 40.6168 55.9017 83.1918 46.6905 52.9513 46.3249 60.2163 74.3303 78.8212 72.0 58.037 87.7717 94.9117 0.0 51.8652 36.2353 92.8703 109.11 85.44 96.2837 56.0357 26.4197 49.4975 45.1885 23.7065 63.1269 76.8405 92.1283 54.7083 49.679 67.4685 32.0624 13.6015 16.4012 38.1182 90.4376 24.1868 66.2193 22.2036 85.4404 35.0 67.9654 9.05539 40.0 21.4709 79.9526 88.2836 75.1332 101.514 69.8484 60.0333 61.0848 71.5013 12.6491 28.0179 66.4715 34.1321 10.6301 
7.81025 51.0882 51.4459 40.8044 34.8827 9.48683 47.3814 40.05 22.8825 35.8515 27.0605 49.2935 19.8114 37.6563 43.0465 51.8652 0.0 60.6915 41.1097 57.2451 69.3081 44.4185 49.0918 25.6125 36.4966 10.198 32.9848 51.7397 35.081 40.3677 34.7131 61.9368 41.8617 45.0999 57.3149 53.4135 32.3883 42.4105 32.0156 15.0 64.8151 70.5126 22.0227 31.9325 48.3322 12.083 58.2495 35.4401 63.8946 56.4432 49.6488 30.1451 26.5817 9.21954 30.4796 45.2769 31.7648 55.4443 40.3113 41.6773 
56.2043 18.0278 9.43398 29.9666 95.5743 59.9337 21.587 21.104 76.6312 59.3712 87.5616 57.2259 73.5601 82.2159 95.4369 36.2353 60.6915 0.0 99.311 107.278 54.0093 96.8089 84.1154 38.9788 26.6782 51.0083 47.9773 90.4722 95.7725 98.326 77.8754 13.4536 53.6961 62.8962 26.0 20.5913 30.5299 103.102 47.7347 75.6915 25.02 53.1507 53.8184 92.624 43.1856 51.7035 18.4391 65.5329 59.5399 47.0744 100.106 90.8366 78.571 69.9111 91.1711 24.8395 28.9308 34.0 62.7862 37.5044 
48.8224 94.1992 89.877 81.8359 13.0384 47.2603 89.6439 78.2879 38.0789 44.2837 14.1421 62.1721 45.2311 23.4094 10.6301 92.8703 41.1097 99.311 0.0 22.2036 82.6075 10.8167 70.0286 66.7136 73.8505 51.2102 72.7384 68.1836 20.0998 1.0 55.3263 100.368 50.2938 78.4347 98.4246 94.4257 73.301 10.8167 71.8271 27.3431 105.827 85.4751 60.336 27.313 88.8621 52.8831 99.2617 39.3192 74.5252 71.3251 16.1555 25.4951 42.4264 33.6006 23.7697 86.3867 72.777 85.0979 73.0548 82.5547 
56.1649 93.8357 95.7305 81.4725 35.0571 64.2573 89.2804 84.0706 59.3043 46.0652 32.7567 61.8705 65.3922 23.6008 14.5602 109.11 57.2451 107.278 22.2036 0.0 79.9062 13.3417 92.0054 82.8576 78.6479 65.3401 89.6939 90.3549 42.0119 22.0907 77.0584 105.961 52.0754 98.7553 113.2 108.286 81.2685 32.28 88.7694 44.3581 119.324 83.0241 77.8332 47.676 105.551 69.3181 112.035 39.8121 70.3491 70.8802 7.61577 45.7056 64.0703 48.3735 44.4072 101.624 85.4937 84.7964 93.4078 98.9224 
62.6055 36.0555 46.3897 30.4138 84.6774 75.1339 33.541 39.2173 92.143 39.0512 74.9682 28.7386 89.0719 60.0333 75.0267 85.44 69.3081 54.0093 82.6075 79.9062 0.0 76.0066 113.492 69.6419 37.1214 60.3732 84.0595 117.621 86.5999 81.6149 101.1 44.7214 41.9433 100.955 78.7718 72.8354 48.7545 90.0364 83.2166 74.7664 79.0253 3.16228 80.1919 83.4514 89.3197 69.6597 72.1734 43.2897 10.2956 13.6015 76.1643 81.664 95.8423 78.5276 81.9985 72.8016 59.5063 20.025 98.0051 81.5414 
45.6074 86.6807 86.5561 74.3175 22.561 51.0784 82.1255 74.967 46.0977 38.833 19.4165 56.2398 52.0521 16.0312 1.41421 96.2837 44.4185 96.8089 10.8167 13.3417 76.0066 0.0 79.1012 70.031 71.493 54.6165 76.5572 77.7817 29.2746 10.2956 64.0 98.8057 44.9205 85.4151 101.733 97.7284 70.799 21.6333 75.6439 31.1626 108.767 79.0 64.64 34.3657 92.5905 56.4358 101.477 33.2415 67.2681 65.3758 6.0 32.3883 51.0 35.805 31.1448 89.6954 74.9362 79.7246 80.0677 86.093 
56.8595 89.997 90.2115 84.6463 57.0088 40.0 87.6641 79.6116 33.7343 84.9433 60.531 97.0107 38.9285 80.527 78.1601 56.0357 49.0918 84.1154 70.0286 92.0054 113.492 79.1012 0.0 47.8539 78.6003 53.7587 36.1386 7.28011 50.0 70.0071 15.5242 97.4817 90.6113 24.3311 69.029 69.4622 69.1158 61.5224 36.4005 63.8062 78.0064 114.697 33.8378 45.8912 47.0956 43.8634 75.4255 84.5268 111.402 100.627 85.0941 47.8539 28.2843 55.9017 48.5077 60.8276 60.8358 99.2018 22.0227 48.2597 
28.2312 42.6411 42.8555 39.4081 60.4866 21.9545 40.4599 32.5576 37.9473 50.01 52.6644 58.5711 35.0161 61.5836 68.659 26.4197 25.6125 38.9788 66.7136 82.8576 69.6419 70.031 47.8539 0.0 32.8024 18.9737 14.4222 53.4883 53.8196 65.9716 39.4588 52.345 43.0116 31.4006 32.2025 29.0689 21.9317 68.0143 13.6015 40.3113 40.3113 70.4557 15.1327 44.9445 24.3311 14.2127 34.5398 54.3323 69.857 57.2451 75.2613 55.7489 39.6232 34.832 48.4804 20.2485 13.0 53.0754 29.0 16.7631 
31.0 15.2971 17.2442 6.7082 75.2673 41.7852 11.0 5.65685 58.3156 32.8546 64.0695 31.8927 55.2445 55.6993 70.3293 49.4975 36.4966 26.6782 73.8505 78.6479 37.1214 71.493 78.6003 32.8024 0.0 27.2029 47.2017 83.2166 75.4656 72.8656 67.1193 27.313 27.4148 64.2028 45.3982 39.4588 11.7047 79.6505 46.4004 51.4966 48.8496 37.7359 44.8219 72.3171 52.4976 35.3553 41.2761 39.0164 38.833 25.7099 73.094 70.5297 61.9839 45.7161 70.8642 37.1214 22.4722 20.6155 61.6198 44.5982 
9.43398 41.3038 41.5743 32.2025 45.0808 14.7648 37.855 30.2655 31.1127 32.5736 37.0681 43.8246 28.0416 42.6216 53.2445 45.1885 10.198 51.0083 51.2102 65.3401 60.3732 54.6165 53.7587 18.9737 27.2029 0.0 30.0666 57.4891 45.279 50.5093 40.8044 52.0652 25.6113 44.9222 48.9183 44.5533 22.2036 52.6085 29.0689 25.198 55.9017 61.5777 21.9317 42.1305 43.1741 10.2956 49.0408 36.0 58.4257 47.5084 58.3363 40.3431 34.7851 19.4176 40.6776 37.0135 22.2036 46.9574 40.8534 35.7351 
38.1182 56.601 56.8154 53.8238 60.2996 25.4951 54.4518 46.6905 36.8782 62.406 58.6893 72.3081 35.1448 70.6412 75.2396 23.7065 32.9848 47.9773 72.7384 89.6939 84.0595 76.5572 36.1386 14.4222 47.2017 30.0666 0.0 42.5793 53.9483 71.9964 31.5753 61.3435 55.4437 17.0294 34.7131 34.0147 36.1248 67.5454 1.0 45.618 43.7379 84.8764 12.2066 45.0732 16.9706 21.2132 40.0125 66.0303 84.144 71.5891 82.0792 46.9562 36.3593 42.2044 48.6091 25.02 26.2488 67.3573 15.2643 13.6015 
59.5483 95.1032 95.3176 89.0505 55.3263 43.1393 92.6607 84.5991 34.0147 87.5913 59.9083 100.293 40.6197 80.6536 76.9415 63.1269 51.7397 90.4722 68.1836 90.3549 117.621 77.7817 7.28011 53.4883 83.2166 57.4891 42.5793 0.0 48.5077 68.2642 17.0294 103.838 93.6014 31.5753 76.0 76.2365 74.2428 59.0085 42.7551 64.0224 85.0059 118.825 38.9102 45.8803 54.231 48.0104 82.2192 86.2301 114.894 104.756 83.7257 47.7598 28.2312 57.7147 48.0833 67.4759 66.4831 103.73 29.0172 55.0818 
42.8912 95.8142 86.5269 83.451 7.07107 32.8035 91.259 79.9029 18.3848 47.8878 12.8062 65.9323 26.8035 34.4093 28.4429 76.8405 35.081 95.7725 20.0998 42.0119 86.5999 29.2746 50.0 53.8196 75.4656 45.279 53.9483 48.5077 0.0 20.025 35.2278 101.983 54.054 59.0931 85.4533 82.8118 67.4692 13.6015 53.2173 21.3143 93.9161 89.3738 41.9085 10.2956 70.9076 40.9143 88.355 44.6542 79.2672 75.0852 35.2278 9.48683 22.3607 27.7615 7.28011 73.7937 66.8457 88.8581 53.7122 66.2201 
48.1215 93.2142 88.892 80.851 13.0 46.5183 88.659 77.3029 37.855 43.2848 13.4536 61.1733 44.8534 22.4722 10.0 92.1283 40.3677 98.326 1.0 22.0907 81.6149 10.2956 70.0071 65.9716 72.8656 50.5093 71.9964 68.2642 20.025 0.0 55.2268 99.3829 49.295 78.1089 97.6262 93.7248 72.3161 11.4018 71.0851 26.601 105.126 84.4808 60.0784 26.9258 88.1201 52.1411 98.5608 38.3275 73.5459 70.3262 15.8114 25.0799 42.2966 32.8024 23.4094 85.5882 72.076 84.0991 72.7324 81.8127 
42.5206 79.6042 79.8186 72.7186 42.2966 26.2488 76.9675 68.942 18.2483 70.5647 45.1774 83.3651 23.7231 65.0054 63.0079 54.7083 34.7131 77.8754 55.3263 77.0584 101.1 64.0 15.5242 39.4588 67.1193 40.8044 31.5753 17.0294 35.2278 55.2268 0.0 90.3095 76.5748 27.5862 66.2873 65.3758 58.8727 47.5395 31.4006 48.2847 75.3127 102.305 24.3311 30.4138 46.6154 31.7648 71.3442 69.3335 97.9662 88.2356 70.0 32.3883 13.0 40.8167 33.1361 56.2228 52.1728 87.4643 22.8035 45.1221 
57.2612 12.8062 14.1421 27.8029 101.785 66.0226 17.8045 22.1359 82.8976 60.1674 90.5869 53.679 79.8266 83.0121 97.642 49.679 61.9368 13.4536 100.368 105.961 44.7214 98.8057 97.4817 52.345 27.313 52.0652 61.3435 103.838 101.983 99.3829 90.3095 0.0 54.7275 76.2624 38.9487 33.8378 31.5868 102.248 61.101 76.9368 36.4005 43.2897 66.9355 98.8344 56.5862 58.8222 30.8707 66.3291 51.8652 40.7063 100.407 97.047 86.4155 71.1563 97.3815 38.2099 41.1852 25.632 76.1525 50.8707 
34.495 42.6025 44.4973 30.2393 52.1315 51.3275 38.0473 32.8374 64.7441 7.0 42.6579 21.2047 61.6731 29.1268 43.7568 67.4685 41.8617 53.6961 50.2938 52.0754 41.9433 44.9205 90.6113 43.0116 27.4148 25.6113 55.4437 93.6014 54.054 49.295 76.5748 54.7275 0.0 70.5304 67.624 62.1691 32.7567 58.2389 54.4518 42.2204 72.5603 44.6637 47.5092 50.9055 67.1863 35.8222 65.0004 12.4889 35.805 30.3576 46.5215 49.1181 68.4434 51.0812 49.4526 56.921 40.1622 44.1305 66.4534 59.3043 
51.6236 73.5701 73.7846 70.8025 65.9242 36.0 71.4217 63.7024 40.7185 79.902 65.9987 88.309 41.3631 82.0975 84.2352 32.0624 45.0999 62.8962 78.4347 98.7553 100.955 85.4151 24.3311 31.4006 64.2028 44.9222 17.0294 31.5753 59.0931 78.1089 27.5862 76.2624 70.5304 0.0 45.3982 46.5725 53.1507 72.45 17.8045 54.7449 54.231 101.833 23.3452 51.2445 23.0217 34.9285 52.3927 80.0625 100.848 88.3233 91.2982 53.1601 37.7359 54.0093 54.7083 38.6264 43.1393 84.386 5.38516 25.632 
58.258 42.9535 32.3883 51.0882 92.1976 54.0833 45.2769 41.0488 69.3181 74.0945 84.3755 77.1642 66.6498 90.4268 100.361 13.6015 57.3149 26.0 98.4246 113.2 78.7718 101.733 69.029 32.2025 45.3982 48.9183 34.7131 76.0 85.4533 97.6262 66.2873 38.9487 67.624 45.3982 0.0 6.0 35.4401 99.7254 34.9285 72.2496 9.05539 78.2624 44.3847 76.5782 22.561 46.4004 8.48528 80.012 83.0241 70.0 106.196 87.46 70.0071 66.5345 80.1141 12.0416 27.7849 58.8558 47.0106 21.2132 
53.7587 37.108 26.4764 45.0999 88.2962 51.0 39.3192 35.0571 66.8506 68.542 80.474 71.2681 64.0083 85.462 96.3564 16.4012 53.4135 20.5913 94.4257 108.286 72.8354 97.7284 69.4622 29.0689 39.4588 44.5533 34.0147 76.2365 82.8118 93.7248 65.3758 33.8378 62.1691 46.5725 6.0 0.0 29.7321 95.8239 34.0588 68.4105 11.4018 72.3671 42.45 73.9367 24.5967 43.0465 6.0 74.5064 77.026 64.0 101.282 83.5585 68.0074 62.633 83.8931 9.21954 22.8035 52.9528 47.5184 21.2132 
29.1548 20.8814 21.0959 18.3848 67.271 35.2278 18.6011 10.6301 52.2485 38.9102 59.2583 42.1182 49.1774 58.5277 69.427 38.1182 32.3883 30.5299 73.301 81.2685 48.7545 70.799 69.1158 21.9317 11.7047 22.2036 36.1248 74.2428 67.4692 72.3161 58.8727 31.5868 32.7567 53.1507 35.4401 29.7321 0.0 74.7987 35.3836 47.3883 39.8246 49.2443 35.3553 64.3207 40.8044 27.6586 32.2532 44.9489 50.448 37.3631 74.0958 62.5333 55.5788 41.6078 62.8678 26.0192 10.7703 31.241 50.9313 32.8938 
50.2207 99.9991 93.8563 87.6359 8.06226 46.4005 95.4439 84.0878 31.7648 51.4804 16.0312 69.3688 40.4005 32.7567 21.4009 90.4376 42.4105 103.102 10.8167 32.28 90.0364 21.6333 61.5224 68.0143 79.6505 52.6085 67.5454 59.0085 13.6015 11.4018 47.5395 102.248 58.2389 72.45 99.7254 95.8239 74.7987 0.0 66.8144 28.6438 107.226 92.8103 55.5055 23.3452 84.5046 54.1838 100.66 47.1275 82.5651 78.5218 26.8328 22.0227 35.1141 35.091 19.8494 87.6874 74.1752 93.043 67.082 79.8171 
37.1214 55.91 56.1245 53.0094 59.5686 24.5967 53.7587 45.9674 36.2353 61.4143 57.7779 71.3573 34.4138 69.672 74.3236 24.1868 32.0156 47.7347 71.8271 88.7694 83.2166 75.6439 36.4005 13.6015 46.4004 29.0689 1.0 42.7551 53.2173 71.0851 31.4006 61.101 54.4518 17.8045 34.9285 34.0588 35.3836 66.8144 0.0 44.7214 43.9318 84.0536 11.4018 44.3422 17.6918 20.2237 40.05 65.0308 83.2563 70.7107 81.1542 46.2252 35.8469 41.2352 47.8781 25.0 25.6125 66.6033 15.8114 13.9284 
22.8102 66.0882 66.4459 55.8044 21.1161 20.1246 62.3814 55.05 30.1244 36.2103 13.2939 54.0987 22.0278 28.4429 29.8525 66.2193 15.0 75.6915 27.3431 44.3581 74.7664 31.1626 63.8062 40.3113 51.4966 25.198 45.618 64.0224 21.3143 26.601 48.2847 76.9368 42.2204 54.7449 72.2496 68.4105 47.3883 28.6438 44.7214 0.0 79.8123 77.5402 33.6155 18.1658 61.9112 26.2488 73.2495 33.3515 67.5897 63.2517 36.7585 16.3784 35.8149 10.0 16.7129 60.208 46.7648 70.4443 49.4975 55.8032 
65.0538 43.0 33.2415 53.3779 99.6979 62.2656 46.1736 44.2123 77.8781 78.7165 91.8757 80.516 75.1126 96.4956 107.395 22.2036 64.8151 25.02 105.827 119.324 79.0253 108.767 78.0064 40.3113 48.8496 55.9017 43.7379 85.0059 93.9161 105.126 75.3127 36.4005 72.5603 54.231 9.05539 11.4018 39.8246 107.226 43.9318 79.8123 0.0 78.1601 53.1413 85.041 31.257 54.3783 7.61577 84.7721 84.2912 71.5681 112.32 94.9602 78.7718 74.0347 95.2947 20.1246 33.9706 59.0085 56.0 30.2655 
63.81 35.3553 45.8912 31.0644 87.4513 76.3383 33.2415 39.3954 93.3475 41.7769 77.9777 31.4591 90.2764 63.0079 78.0064 85.4404 70.5126 53.1507 85.4751 83.0241 3.16228 79.0 114.697 70.4557 37.7359 61.5777 84.8764 118.825 89.3738 84.4808 102.305 43.2897 44.6637 101.833 78.2624 72.3671 49.2443 92.8103 84.0536 77.5402 78.1601 0.0 81.3941 86.2253 89.5545 70.8642 71.4493 46.1736 13.4164 15.6525 79.2275 84.4379 97.0467 79.7321 84.7724 72.8016 59.9416 19.4165 99.0202 81.8596 
28.2843 56.2302 56.4446 50.9902 48.2597 13.6015 53.8516 45.793 25.2389 56.5776 46.7712 65.7171 23.105 59.5399 63.3298 35.0 22.0227 53.8184 60.336 77.8332 80.1919 64.64 33.8378 15.1327 44.8219 21.9317 12.2066 38.9102 41.9085 60.0784 24.3311 66.9355 47.5092 23.3452 44.3847 42.45 35.3553 55.5055 11.4018 33.6155 53.1413 81.3941 0.0 33.0334 29.0689 11.7047 48.2701 56.7186 79.8521 67.3271 70.2282 34.9164 25.632 31.1448 36.5692 33.2415 27.8927 65.437 18.9737 24.4131 
39.7427 92.6657 83.3784 80.3025 15.6205 23.9284 88.1105 76.7544 12.1655 44.8953 15.0333 62.7838 17.9284 34.7851 33.2415 67.9654 31.9325 92.624 27.313 47.676 83.4514 34.3657 45.8912 44.9445 72.3171 42.1305 45.0732 45.8803 10.2956 26.9258 30.4138 98.8344 50.9055 51.2445 76.5782 73.9367 64.3207 23.3452 44.3422 18.1658 85.041 86.2253 33.0334 0.0 62.0324 32.0392 79.4799 41.9159 76.2747 71.9367 40.3113 2.0 17.72 24.613 3.60555 64.9186 55.3651 85.7096 45.8803 57.345 
52.2015 59.3095 47.1769 59.1354 77.2588 41.8808 57.161 50.1597 53.8145 74.1687 74.8129 81.5242 52.1041 85.645 91.2414 9.05539 48.3322 43.1856 88.8621 105.551 89.3197 92.5905 47.0956 24.3311 52.4976 43.1741 16.9706 54.231 70.9076 88.1201 46.6154 56.5862 67.1863 23.0217 22.561 24.5967 40.8044 84.5046 17.6918 61.9112 31.257 89.5545 29.0689 62.0324 0.0 36.2491 30.0832 78.6443 91.214 78.1601 97.9439 63.9154 53.0094 57.5517 65.5683 18.3848 30.0832 70.6812 25.318 8.06226 
17.0 48.1168 48.3313 41.0488 46.6561 8.24621 45.31 37.3363 25.1818 44.9912 38.8339 54.1199 22.1108 49.7394 55.0727 40.0 12.083 51.7035 52.8831 69.3181 69.6597 56.4358 43.8634 14.2127 35.3553 10.2956 21.2132 48.0104 40.9143 52.1411 31.7648 58.8222 35.8222 34.9285 46.4004 43.0465 27.6586 54.1838 20.2237 26.2488 54.3783 70.8642 11.7047 32.0392 36.2491 0.0 48.3011 45.2769 68.7209 56.7949 61.7171 41.9184 28.0713 21.3026 35.575 34.4093 23.3452 55.7584 30.6757 29.6816 
58.0517 36.1248 26.0192 45.9271 93.1322 56.3649 39.0128 36.7614 72.45 71.143 85.1195 73.151 69.5515 89.2062 100.106 21.4709 58.2495 18.4391 99.2617 112.035 72.1734 101.477 75.4255 34.5398 41.2761 49.0408 40.0125 82.2192 88.355 98.5608 71.3442 30.8707 65.0004 52.3927 8.48528 6.0 32.2532 100.66 40.05 73.2495 7.61577 71.4493 48.2701 79.4799 30.0832 48.3011 0.0 77.1989 77.1038 64.2806 105.031 88.3945 73.7631 67.469 88.729 15.1327 26.9072 52.1536 53.4603 27.1662 
28.4429 54.2041 56.099 41.8409 42.0476 44.9222 49.6489 44.439 56.6815 6.40312 32.6497 23.0263 53.6104 17.2627 32.1403 79.9526 35.4401 65.5329 39.3192 39.8121 43.2897 33.2415 84.5268 54.3323 39.0164 36.0 66.0303 86.2301 44.6542 38.3275 69.3335 66.3291 12.4889 80.0625 80.012 74.5064 44.9489 47.1275 65.0308 33.3515 84.7721 46.1736 56.7186 41.9159 78.6443 45.2769 77.1989 0.0 35.4401 32.1403 34.4819 40.1285 60.3808 29.2749 40.463 69.3886 52.6265 45.9521 75.505 70.904 
57.192 41.5933 51.0882 32.3883 77.2528 71.7572 38.1182 42.19 86.777 32.2025 67.7791 22.6011 83.706 51.4782 66.3702 88.2836 63.8946 59.5399 74.5252 70.3491 10.2956 67.2681 111.402 69.857 38.833 58.4257 84.144 114.894 79.2672 73.5459 97.9662 51.8652 35.805 100.848 83.0241 77.026 50.448 82.5651 83.2563 67.5897 84.2912 13.4164 79.8521 76.2747 91.214 68.7209 77.1038 35.4401 0.0 13.1529 67.0 74.4873 90.4763 73.1141 74.8218 75.8024 61.131 26.2488 97.7195 83.2406 
49.7406 29.4109 38.3275 19.2354 73.1627 62.269 25.4951 29.0689 79.2781 27.4708 63.6892 17.1529 76.2071 49.366 64.2806 75.1332 56.4432 47.0744 71.3251 70.8802 13.6015 65.3758 100.627 57.2451 25.7099 47.5084 71.5891 104.756 75.0852 70.3262 88.2356 40.7063 30.3576 88.3233 70.0 64.0 37.3631 78.5218 70.7107 63.2517 71.5681 15.6525 67.3271 71.9367 78.1601 56.7949 64.2806 32.1403 13.1529 0.0 66.2873 70.1493 82.9774 65.6627 70.4838 62.6498 48.0833 15.6205 85.1945 70.214 
49.161 88.2818 90.6718 75.9186 28.4429 56.648 83.7265 78.5167 52.0865 40.4969 25.318 57.1507 57.9351 17.4642 7.07107 101.514 49.6488 100.106 16.1555 7.61577 76.1643 6.0 85.0941 75.2613 73.094 58.3363 82.0792 83.7257 35.2278 15.8114 70.0 100.407 46.5215 91.2982 106.196 101.282 74.0958 26.8328 81.1542 36.7585 112.32 79.2275 70.2282 40.3113 97.9439 61.7171 105.031 34.4819 67.0 66.2873 0.0 38.3275 57.0 40.8167 37.1214 94.62 78.4899 80.0766 85.9508 91.3261 
37.9553 90.8783 81.5909 78.5151 14.1421 25.8114 86.3231 74.967 14.1421 43.1079 13.0384 60.9964 19.8114 32.8938 31.257 69.8484 30.1451 90.8366 25.4951 45.7056 81.664 32.3883 47.8539 55.7489 70.5297 40.3431 46.9562 47.7598 9.48683 25.0799 32.3883 97.047 49.1181 53.1601 87.46 83.5585 62.5333 22.0227 46.2252 16.3784 94.9602 84.4379 34.9164 2.0 63.9154 41.9184 88.3945 40.1285 74.4873 70.1493 38.3275 0.0 19.6469 22.8256 2.23607 75.422 61.9098 83.9222 47.8017 59.228 
34.392 75.71 75.9246 66.8506 29.4279 20.3961 72.5328 64.7611 5.83095 62.4333 32.249 75.8752 14.7703 52.4976 50.01 60.0333 26.5817 78.571 42.4264 64.0703 95.8423 51.0 28.2843 39.6232 61.9839 34.7851 36.3593 28.2312 22.3607 42.2966 13.0 86.4155 68.4434 37.7359 70.0071 68.0074 55.5788 35.1141 35.8469 35.8149 78.7718 97.0467 25.632 17.72 53.0094 28.0713 73.7631 60.3808 90.4763 82.9774 57.0 19.6469 0.0 31.8654 20.2237 58.8218 51.0392 81.5414 32.45 49.6488 
17.0298 60.3077 60.6654 50.024 27.5633 18.0278 56.601 49.2695 28.1661 45.0711 19.7231 58.513 25.095 28.4429 34.4093 61.0848 9.21954 69.9111 33.6006 48.3735 78.5276 35.805 55.9017 34.832 45.7161 19.4176 42.2044 57.7147 27.7615 32.8024 40.8167 71.1563 51.0812 54.0093 66.5345 62.633 41.6078 35.091 41.2352 10.0 74.0347 79.7321 31.1448 24.613 57.5517 21.3026 67.469 29.2749 73.1141 65.6627 40.8167 22.8256 31.8654 0.0 23.1601 54.4965 40.9843 64.6639 49.0918 50.8969 
38.2898 91.2128 81.9255 78.8496 12.0416 27.4642 86.6576 75.3015 15.0 43.4424 12.0416 61.3309 21.4642 32.6956 30.0666 71.5013 30.4796 91.1711 23.7697 44.4072 81.9985 31.1448 48.5077 48.4804 70.8642 40.6776 48.6091 48.0833 7.28011 23.4094 33.1361 97.3815 49.4526 54.7083 80.1141 83.8931 62.8678 19.8494 47.8781 16.7129 95.2947 84.7724 36.5692 3.60555 65.5683 35.575 88.729 40.463 74.8218 70.4838 37.1214 2.23607 20.2237 23.1601 0.0 68.4544 62.2443 84.2567 49.3356 60.8808 
46.4004 39.5552 28.8046 43.4166 80.1597 42.19 40.3126 33.7343 57.7754 63.6003 72.3375 68.1249 54.9902 78.8923 88.3234 12.6491 45.2769 24.8395 86.3867 101.624 72.8016 89.6954 60.8276 20.2485 37.1214 37.0135 25.02 67.4759 73.7937 85.5882 56.2228 38.2099 56.921 38.6264 12.0416 9.21954 26.0192 87.6874 25.0 60.208 20.1246 72.8016 33.2415 64.9186 18.3848 34.4093 15.1327 69.3886 75.8024 62.6498 94.62 75.422 58.8218 54.4965 68.4544 0.0 16.7631 53.8328 39.0512 13.0 
31.1448 30.4798 30.6943 29.1548 66.6475 31.5753 28.3314 20.8087 48.5077 46.8402 58.6348 52.0104 45.4367 62.6826 73.5643 28.0179 31.7648 28.9308 72.777 85.4937 59.5063 74.9362 60.8358 13.0 22.4722 22.2036 26.2488 66.4831 66.8457 72.076 52.1728 41.1852 40.1622 43.1393 27.7849 22.8035 10.7703 74.1752 25.6125 46.7648 33.9706 59.9416 27.8927 55.3651 30.0832 23.3452 26.9072 52.6265 61.131 48.0833 78.4899 61.9098 51.0392 40.9843 62.2443 16.7631 0.0 41.6173 41.4005 22.1359 
49.2666 16.0312 26.4764 14.7648 86.9356 61.7171 13.9284 20.8087 77.8454 41.2436 77.462 30.9258 74.7743 63.1474 78.5609 66.4715 55.4443 34.0 85.0979 84.7964 20.025 79.7246 99.2018 53.0754 20.6155 46.9574 67.3573 103.73 88.8581 84.0991 87.4643 25.632 44.1305 84.386 58.8558 52.9528 31.241 93.043 66.6033 70.4443 59.0085 19.4165 65.437 85.7096 70.6812 55.7584 52.1536 45.9521 26.2488 15.6205 80.0766 83.9222 81.5414 64.6639 84.2567 53.8328 41.6173 0.0 82.0366 63.1348 
47.0744 71.5894 71.8038 68.1175 60.5392 31.0644 69.4262 61.5549 35.3412 75.4822 60.6513 84.5295 36.0156 77.026 78.8878 34.1321 40.3113 62.7862 73.0548 93.4078 98.0051 80.0677 22.0227 29.0 61.6198 40.8534 15.2643 29.0172 53.7122 72.7324 22.8035 76.1525 66.4534 5.38516 47.0106 47.5184 50.9313 67.082 15.8114 49.4975 56.0 99.0202 18.9737 45.8803 25.318 30.6757 53.4603 75.505 97.7195 85.1945 85.9508 47.8017 32.45 49.0918 49.3356 39.0512 41.4005 82.0366 0.0 26.3059 
44.9444 51.7636 41.4612 51.264 72.5713 36.1248 49.6152 42.4853 49.6488 66.2722 68.5055 73.4622 47.4166 78.3337 84.7231 10.6301 41.6773 37.5044 82.5547 98.9224 81.5414 86.093 48.2597 16.7631 44.5982 35.7351 13.6015 55.0818 66.2201 81.8127 45.1221 50.8707 59.3043 25.632 21.2132 21.2132 32.8938 79.8171 13.9284 55.8032 30.2655 81.8596 24.4131 57.345 8.06226 29.6816 27.1662 70.904 83.2406 70.214 91.3261 59.228 49.6488 50.8969 60.8808 13.0 22.1359 63.1348 26.3059 0.0 
DEMAND_SCENARIO_SECTION
0 0 0 0 0 0 0 0 0 0 0 0 0 0 0 0 0 0 0 0 0 0 0 0 0 0 0 0 0 0 0 0 0 0 0 0 0 0 0 0 0 0 0 0 0 0 0 0 0 0 0 0 0 0 0 0 0 0 0 0 0 0 0 0 0 0 0 0 0 0 0 0 0 0 0 0 0 0 0 0 0 0 0 0 0 0 0 0 0 0 0 0 0 0 0 0 0 0 0 0 0 0 0 0 0 0 0 0 0 0 0 0 0 0 0 0 0 0 0 0 0 0 0 0 0 0 0 0 0 0 0 0 0 0 0 0 0 0 0 0 0 0 0 0 0 0 0 0 0 0 0 0 0 0 0 0 0 0 0 0 0 0 0 0 0 0 0 0 0 0 0 0 0 0 0 0 0 0 0 0 0 0 0 0 0 0 0 0 0 0 0 0 0 0 0 0 0 0 0 0 
3 3 1 2 1 3 3 2 3 2 1 3 1 2 2 2 3 2 2 3 3 2 2 2 2 3 1 2 3 2 3 1 1 2 2 1 2 2 0 2 2 3 2 2 2 2 1 2 2 3 2 2 2 3 2 1 3 2 1 2 1 3 2 3 2 1 1 1 2 2 2 1 2 2 2 2 2 1 2 3 2 2 2 3 2 1 3 2 3 3 1 1 2 1 2 1 3 3 2 3 2 3 3 2 3 2 2 2 2 3 3 1 2 2 4 2 1 3 2 2 2 1 3 1 1 2 2 2 2 3 1 2 2 2 1 2 2 2 2 2 3 3 2 2 2 1 3 2 3 3 1 2 2 2 1 2 2 2 1 3 3 1 2 2 2 2 3 2 3 2 2 2 2 3 2 2 2 2 3 2 1 3 2 2 3 2 1 1 2 3 3 2 2 1 2 3 2 1 2 1 
5 5 2 4 2 5 1 2 5 3 2 6 4 3 5 4 6 4 4 5 5 4 2 5 3 2 4 4 5 4 5 3 2 2 5 3 5 5 4 3 3 4 5 5 4 3 3 4 3 3 3 1 2 2 4 6 5 4 0 5 5 5 4 6 3 6 4 7 3 6 4 5 3 4 4 2 4 5 4 2 3 4 4 3 5 3 6 5 0 5 2 5 2 3 3 4 5 5 4 3 3 3 3 3 4 4 5 5 5 4 5 2 5 5 6 5 2 3 3 3 3 3 3 5 4 5 4 5 3 6 1 3 3 3 1 3 4 4 4 4 2 2 4 4 4 2 5 2 5 6 5 4 4 3 5 3 5 4 4 6 4 4 5 5 3 4 4 4 4 7 3 3 3 4 2 3 6 3 4 5 5 4 6 4 3 4 5 6 5 4 5 5 8 9 4 4 5 4 4 4 
8 4 5 3 4 5 7 3 3 6 3 5 5 7 6 4 2 4 6 8 5 6 7 5 8 5 7 6 6 5 3 4 4 6 5 5 5 3 2 5 6 5 6 3 1 5 7 4 6 5 5 7 5 3 7 3 5 6 4 7 3 4 4 6 5 7 6 3 4 6 7 5 4 6 5 6 2 4 7 4 7 6 6 3 3 6 5 5 5 5 2 4 4 3 6 6 4 6 6 6 4 6 8 6 4 7 8 6 3 6 5 6 4 7 4 7 5 7 6 6 2 5 4 3 6 5 3 4 7 5 4 8 3 6 8 6 8 6 4 2 8 5 6 5 6 8 5 1 7 5 4 5 4 4 4 4 4 5 6 7 7 6 5 5 3 7 4 3 6 9 4 6 6 4 4 4 4 8 4 6 6 4 4 6 7 6 6 4 8 5 8 7 5 6 7 4 6 5 5 5 
1 1 1 2 1 1 1 1 1 1 1 1 1 1 1 1 1 1 0 1 1 1 1 1 1 1 1 1 1 1 1 1 2 1 0 1 1 1 2 1 1 1 1 1 1 1 0 1 1 1 0 0 1 1 1 1 2 1 1 1 1 1 0 1 1 1 1 1 2 1 1 1 1 1 1 1 1 1 1 0 1 1 1 1 1 1 1 1 1 1 1 1 1 1 1 1 1 2 1 1 1 1 1 2 2 1 1 1 1 1 1 1 1 2 1 1 1 1 1 2 2 1 1 1 1 0 1 1 1 1 1 1 0 1 1 1 1 1 1 1 0 1 1 0 2 1 1 0 1 1 1 0 1 1 1 0 1 1 1 0 2 2 1 1 1 1 2 1 1 1 1 1 1 1 1 1 1 1 1 1 1 1 1 1 1 1 1 1 0 1 1 1 0 1 2 1 1 1 1 1 
5 2 4 0 4 3 6 6 6 5 4 3 4 3 2 3 5 4 4 4 2 1 3 7 3 3 4 3 4 4 2 6 4 4 2 4 4 5 4 5 5 5 5 5 5 4 5 5 2 5 1 6 4 3 4 4 3 3 4 3 2 6 4 4 2 7 1 8 5 2 6 5 6 4 4 3 3 2 1 4 4 5 4 4 5 5 4 5 5 3 3 3 4 1 2 3 5 6 5 3 4 4 4 1 4 5 3 3 5 3 4 6 4 5 5 4 5 4 3 3 3 4 3 3 6 5 1 4 3 4 4 3 5 2 4 4 3 1 4 6 3 6 4 7 6 4 4 4 4 4 7 3 6 5 5 3 4 4 2 4 4 6 4 4 5 4 3 5 5 4 4 6 6 5 5 5 1 4 2 5 4 5 6 5 3 5 4 3 7 4 4 3 3 2 4 4 3 3 4 3 
5 5 6 7 8 2 3 9 12 7 5 8 6 5 2 9 11 8 7 9 11 6 4 7 2 4 8 9 9 5 8 3 6 10 8 3 7 7 7 10 8 9 10 5 6 10 4 4 8 9 9 7 9 6 8 8 8 5 5 7 7 8 8 11 9 6 5 7 6 9 7 10 7 5 7 5 6 11 12 6 3 4 3 6 8 8 9 5 11 8 6 5 13 7 10 7 8 8 6 2 9 9 12 5 10 9 4 7 1 7 12 4 6 3 8 8 9 7 8 6 9 9 11 10 8 8 6 8 6 8 3 5 8 12 5 8 9 14 5 1 5 7 8 4 5 10 4 10 8 8 7 7 6 11 5 5 11 7 7 12 7 6 4 6 4 5 5 4 6 8 6 4 12 7 9 7 6 7 5 10 5 11 7 7 8 4 10 9 9 9 9 7 6 6 8 3 7 8 9 7 
8 5 9 10 11 8 5 12 9 7 9 6 6 9 4 13 15 12 8 11 10 10 6 11 11 8 9 7 11 12 13 13 12 8 15 13 12 7 12 6 10 9 11 17 8 9 7 7 12 3 13 13 14 7 8 14 10 12 9 14 7 6 4 9 9 8 8 10 9 11 5 11 9 11 8 8 6 7 10 14 7 13 6 7 8 8 14 7 10 6 10 13 13 4 10 13 11 8 6 11 9 12 11 17 3 5 13 13 18 9 9 16 14 13 0 11 12 9 11 10 9 10 10 9 16 10 10 12 8 11 10 9 6 11 9 6 10 12 11 17 10 9 14 9 9 12 8 10 13 13 13 7 13 14 11 10 12 15 14 6 9 7 13 11 9 5 13 10 7 7 12 10 7 12 12 10 8 14 12 13 10 10 8 11 10 7 2 11 11 12 9 11 8 8 15 8 12 7 13 11 
9 5 7 7 7 2 6 8 7 4 9 9 6 3 16 5 7 5 4 9 9 9 8 8 5 7 10 11 7 4 7 5 7 0 7 9 11 5 6 9 10 8 6 11 4 9 11 7 6 7 9 5 7 7 9 5 7 10 5 7 7 7 2 7 9 10 7 10 4 8 5 8 8 8 11 7 3 9 9 6 9 9 3 5 9 8 7 6 7 6 8 8 8 7 7 11 8 11 6 7 3 4 9 10 7 4 4 6 8 4 5 5 9 8 5 6 6 7 5 6 6 11 9 9 7 7 9 6 7 3 4 5 10 5 6 9 5 5 6 9 7 7 10 9 6 6 10 7 3 7 10 7 2 3 9 8 9 4 7 5 8 5 7 8 5 7 8 5 6 3 6 4 9 8 6 5 4 3 6 9 6 13 8 5 8 6 7 9 5 6 5 7 9 7 4 5 7 6 7 14 
4 2 5 4 3 5 3 6 5 3 5 2 6 5 5 4 3 2 3 3 0 6 5 4 2 5 5 4 4 5 6 5 7 3 6 3 5 1 6 4 4 4 3 4 4 5 5 4 3 6 3 4 4 0 4 5 3 4 2 4 4 3 3 6 5 4 3 3 4 4 3 6 4 3 4 5 4 5 4 4 1 3 3 3 3 4 5 3 3 3 6 4 5 3 4 1 3 4 4 4 4 6 5 5 3 3 3 2 6 5 4 3 5 2 5 2 4 5 3 6 5 1 2 3 6 3 7 4 4 4 3 5 7 5 4 3 5 3 4 5 7 4 5 3 4 5 4 3 4 6 3 4 6 5 5 6 4 4 3 4 4 3 2 4 4 5 3 3 5 3 4 4 5 4 2 5 2 4 4 3 5 2 6 5 5 3 3 6 5 4 4 4 2 4 3 5 4 3 4 4 
4 4 4 2 7 5 5 2 5 4 3 2 2 5 3 3 4 6 3 3 4 5 3 3 4 6 2 3 5 6 4 3 4 4 3 7 4 5 3 3 2 4 7 4 5 5 7 3 4 3 5 3 2 4 4 4 3 4 3 5 5 2 0 3 4 4 2 5 4 4 4 3 4 2 7 5 5 3 5 6 5 4 2 4 5 2 3 2 4 5 3 2 2 1 4 5 4 4 5 6 3 5 5 3 3 4 2 6 5 4 1 5 3 6 2 7 3 5 4 6 4 2 1 4 5 4 3 2 3 5 4 5 3 3 3 3 4 4 5 3 3 4 5 2 4 4 3 4 3 4 3 2 4 4 5 4 4 5 5 4 4 4 6 4 5 4 3 4 6 4 5 3 0 2 6 5 2 3 3 4 4 7 3 4 3 5 4 2 5 4 4 2 6 4 5 3 3 5 5 2 
9 11 8 5 9 7 9 3 11 12 13 7 10 6 7 9 12 7 10 5 6 6 14 14 4 6 10 7 11 8 6 12 5 9 5 7 7 10 7 9 9 8 11 4 11 7 5 12 10 11 7 5 10 11 11 9 7 10 8 6 11 10 6 12 6 9 3 3 9 12 14 10 11 7 5 7 11 10 8 8 14 10 11 6 12 14 7 8 6 6 12 11 17 8 9 10 4 6 11 9 8 10 14 11 0 6 7 8 7 11 12 9 9 11 9 12 13 11 8 8 10 9 9 15 7 7 9 15 9 13 9 9 10 8 9 2 6 8 4 7 10 13 15 9 10 12 11 9 6 10 10 1 9 7 11 13 12 13 4 18 9 10 8 14 9 11 6 8 3 9 7 9 11 12 11 8 10 6 8 17 7 7 9 11 8 6 12 8 13 7 13 6 7 14 8 12 11 5 11 12 
7 6 6 4 10 5 9 8 6 7 6 9 4 6 6 8 6 4 4 5 5 5 9 4 6 4 9 9 6 7 3 5 7 8 11 5 7 8 7 9 7 7 3 8 9 1 3 8 8 10 8 7 4 7 9 6 9 7 6 10 9 7 9 12 10 8 6 8 7 6 6 10 3 13 8 3 9 8 5 2 11 11 5 5 5 8 6 12 6 7 4 8 9 7 6 8 9 9 8 7 6 3 7 9 6 9 7 3 8 6 8 5 12 7 7 9 7 7 10 5 8 3 7 4 7 8 2 9 9 5 6 7 7 6 4 7 5 6 8 5 8 5 7 8 11 10 11 6 9 6 9 5 10 8 7 2 5 7 3 9 8 5 7 9 9 5 9 11 4 10 8 6 4 5 6 5 8 7 7 1 8 4 8 11 8 9 8 7 5 7 8 8 5 8 8 5 9 9 8 7 
3 3 4 4 3 4 3 3 5 2 4 3 3 1 3 3 2 3 5 3 3 3 4 2 3 2 4 4 4 2 2 3 2 2 3 1 2 4 3 3 3 2 3 2 1 3 1 2 4 2 5 5 4 3 4 3 3 4 3 4 3 2 3 3 4 2 4 3 4 5 2 5 1 6 1 3 1 3 3 3 3 2 4 3 5 5 4 1 5 4 4 4 0 4 3 4 0 2 3 3 4 3 4 2 2 3 4 3 4 4 4 4 3 3 3 3 1 3 4 1 3 3 4 2 2 2 2 3 3 2 4 5 3 2 4 2 2 3 6 2 3 3 3 5 3 2 3 4 4 5 3 2 1 4 3 4 3 3 1 4 1 3 3 4 3 1 3 3 4 2 3 3 2 2 3 3 4 4 3 3 4 3 2 5 2 4 3 2 2 2 4 3 4 2 3 0 3 3 3 4 
9 8 4 7 6 10 7 3 5 7 6 10 4 9 8 10 6 10 9 6 7 1 8 8 10 5 5 6 9 4 5 5 7 10 11 8 11 8 6 6 7 10 10 7 8 6 7 8 7 8 10 11 4 6 12 7 5 7 7 10 11 10 9 7 7 5 6 3 9 2 4 10 5 8 6 6 8 5 8 7 8 8 4 7 3 5 11 7 13 6 13 5 3 5 7 4 8 8 7 12 5 4 8 12 8 7 4 8 4 1 9 7 7 7 8 6 7 8 10 7 1 8 6 6 6 9 3 8 4 10 9 3 11 7 5 12 5 9 9 11 12 7 6 10 9 8 8 8 9 8 7 6 5 4 8 7 8 9 8 6 6 6 6 11 10 1 5 3 12 7 8 7 5 7 6 5 7 10 9 8 4 2 5 12 8 5 5 7 5 8 9 7 11 4 4 7 9 5 9 7 
5 8 5 1 8 3 5 7 10 2 5 8 8 2 4 5 7 10 3 5 4 8 8 7 5 4 9 9 6 7 10 6 5 6 7 5 4 8 10 6 6 9 6 11 6 10 6 8 9 6 7 2 9 11 6 7 7 7 8 6 8 7 4 7 6 8 5 8 6 5 12 7 7 9 9 6 11 9 5 9 10 3 4 9 7 8 6 4 3 7 5 5 6 10 7 10 10 2 0 4 6 7 3 6 7 9 7 6 7 6 11 3 6 8 7 6 1 6 7 8 9 6 8 5 5 3 8 6 6 7 7 11 10 4 7 6 8 10 6 6 9 3 6 6 4 9 5 11 9 6 8 8 7 2 10 6 3 9 7 6 7 3 5 2 9 6 8 6 10 7 3 1 3 5 7 7 8 8 9 3 8 5 6 7 3 6 8 6 6 8 8 10 7 5 3 5 11 10 5 8 
3 3 4 1 2 3 2 3 5 4 5 3 2 3 4 3 3 2 3 4 1 3 3 5 2 2 2 6 2 4 3 1 4 2 3 1 3 3 1 4 2 3 2 2 3 4 3 4 4 4 1 5 4 1 3 1 2 4 1 3 4 3 2 2 3 2 3 2 3 2 3 4 4 4 3 2 2 2 4 3 4 3 3 4 1 3 2 4 3 2 3 1 4 5 3 4 7 4 1 5 2 3 5 4 4 4 3 5 3 1 4 2 3 3 3 3 2 3 5 1 3 3 2 2 4 2 4 2 3 4 5 3 3 3 3 2 4 4 3 3 4 3 2 3 5 2 4 3 3 3 4 5 3 3 3 5 4 4 4 1 4 4 3 1 3 3 3 3 1 3 4 3 3 2 2 3 4 3 2 3 2 2 3 3 2 2 3 2 4 3 1 3 2 2 4 3 1 2 4 3 
4 3 3 2 3 4 4 4 2 3 4 2 2 3 4 4 5 2 5 3 4 4 5 2 3 3 3 2 3 4 2 3 2 1 3 3 4 3 3 1 2 2 4 2 3 3 2 4 3 2 3 3 3 4 3 3 2 3 2 3 3 4 1 3 2 0 2 2 4 4 3 2 3 2 2 2 4 2 3 5 5 2 4 3 2 2 2 4 2 1 3 3 3 4 3 4 2 3 3 5 1 2 3 4 3 2 2 2 3 2 4 1 3 3 3 2 3 2 3 4 4 4 5 5 3 1 3 2 2 3 4 3 4 4 3 4 3 2 3 5 1 3 4 3 4 4 3 3 4 4 2 2 2 3 4 3 4 4 3 3 2 2 5 4 2 2 3 2 5 4 3 4 3 3 5 3 3 3 3 4 3 2 5 2 2 6 2 3 4 4 4 3 4 3 4 3 3 4 2 3 
2 5 5 7 6 6 6 6 5 6 9 7 8 9 7 5 6 2 6 5 9 9 7 6 9 8 5 7 4 4 5 6 7 6 5 5 7 4 10 7 4 1 9 7 2 4 8 8 6 9 5 4 5 8 8 7 6 6 7 8 4 6 6 3 8 4 6 7 6 9 3 0 4 6 4 6 2 9 6 7 6 6 12 5 3 4 8 6 3 4 5 4 6 7 4 4 6 8 6 6 3 3 3 7 1 6 8 9 10 5 5 4 7 7 11 5 5 7 7 2 4 5 6 5 7 8 6 5 5 4 7 3 2 6 10 4 4 7 6 7 5 6 4 5 8 8 7 7 5 4 8 6 7 9 5 6 8 5 6 5 7 4 5 6 6 6 6 10 8 4 5 11 7 2 7 3 6 5 6 10 6 4 4 7 5 6 7 5 7 11 6 5 7 8 8 7 5 4 9 6 
1 1 1 1 1 1 2 1 1 1 1 1 1 2 1 1 1 1 1 1 1 1 1 2 1 1 1 1 1 1 1 1 0 1 1 1 1 1 1 1 1 1 1 1 1 1 1 1 1 1 1 1 1 1 1 1 1 1 1 1 1 1 1 1 1 0 1 0 1 1 1 0 1 1 1 1 1 1 1 1 1 1 1 1 1 1 1 1 1 1 2 1 1 0 1 1 1 2 1 0 1 1 1 1 1 1 1 1 1 1 1 2 1 2 1 0 1 1 1 2 1 1 1 1 1 1 1 1 1 1 1 2 1 1 0 1 1 1 1 1 0 0 1 1 1 1 1 1 1 0 1 1 2 1 1 0 1 1 1 1 1 1 1 1 1 1 2 1 2 2 1 1 0 1 1 1 1 1 1 1 1 1 0 0 0 1 1 1 1 1 1 2 0 1 2 2 0 1 1 1 
5 8 7 7 4 5 3 4 6 4 4 4 7 4 3 6 5 4 7 5 5 5 4 7 4 4 4 5 4 4 3 4 3 4 5 2 5 6 6 5 8 6 5 5 6 4 8 5 2 5 7 7 3 3 5 3 7 9 4 3 8 3 3 6 5 6 6 5 5 7 4 4 5 5 3 8 5 2 4 4 8 7 3 6 6 6 6 5 4 3 6 5 6 5 7 6 5 3 6 5 5 7 5 4 4 4 5 2 8 6 5 4 6 4 4 7 5 6 6 3 7 5 1 5 5 2 5 7 4 5 4 4 6 4 7 4 3 5 6 8 5 5 5 7 6 4 6 3 3 7 4 2 5 7 1 6 5 3 6 5 6 6 4 3 5 4 4 3 6 5 3 4 5 7 6 3 3 6 2 8 5 6 8 9 5 2 8 3 4 7 7 3 6 2 7 5 5 5 5 4 
4 1 2 3 3 3 4 4 5 2 3 2 2 4 4 5 5 6 4 3 3 4 4 3 4 1 5 4 5 2 4 4 0 3 2 4 4 5 1 6 3 4 4 4 3 5 4 4 3 3 3 5 4 3 5 5 5 1 3 3 4 3 4 5 3 5 4 6 4 5 4 4 5 5 4 2 5 6 4 4 3 4 2 1 6 3 6 6 4 3 3 1 5 5 5 3 6 3 3 6 5 3 5 2 3 7 4 3 5 3 5 5 3 2 4 5 5 0 4 4 3 5 6 4 7 3 3 6 6 5 4 5 5 4 5 4 5 3 4 3 5 2 2 3 6 5 4 2 6 2 5 3 3 4 4 3 2 4 4 5 7 3 4 3 5 2 7 4 4 4 4 4 4 4 5 6 6 3 6 2 5 4 5 5 3 4 5 4 4 3 4 4 3 2 3 5 5 6 3 4 
7 8 6 9 9 11 12 0 8 6 9 6 4 10 5 8 8 7 10 4 14 5 6 7 8 6 10 14 13 9 6 13 1 7 10 15 8 6 11 4 8 4 8 8 1 8 11 8 5 1 7 10 12 6 9 5 6 6 8 6 13 10 8 7 14 9 8 7 6 6 9 4 13 9 10 11 12 6 11 9 15 5 5 12 4 2 8 7 7 7 7 8 7 8 6 6 5 10 6 9 8 8 10 9 10 7 10 5 9 12 5 8 7 9 9 5 9 11 8 9 5 8 7 5 11 8 5 10 6 11 5 6 5 6 14 11 11 7 9 7 5 3 4 7 9 9 7 4 10 7 9 13 10 5 11 8 8 4 7 7 5 7 9 7 12 8 8 12 7 9 11 8 7 5 8 8 5 6 8 8 9 10 5 7 11 6 10 6 9 4 5 7 11 8 7 7 7 8 8 4 
4 4 7 6 6 7 4 5 8 7 4 4 6 6 8 7 6 8 2 6 6 5 5 4 5 5 8 8 5 7 5 2 4 6 5 6 1 7 6 3 3 3 0 6 4 5 5 7 4 5 6 5 4 5 2 5 4 2 8 8 5 6 5 4 5 6 6 5 7 3 7 4 8 7 4 8 5 5 6 7 6 5 6 4 6 6 6 7 4 6 6 6 3 5 5 7 6 2 7 4 5 4 3 8 4 5 4 7 4 7 3 7 5 8 4 4 7 1 7 4 4 7 8 4 7 4 3 7 5 8 4 7 4 4 5 5 5 4 5 5 5 5 4 6 6 9 4 1 5 9 4 5 3 6 3 5 7 7 2 6 5 3 4 6 6 6 4 4 5 4 5 5 5 5 5 8 5 5 7 5 1 6 3 6 7 3 6 6 4 3 4 8 4 0 4 5 2 5 6 8 
