NAME  : Jabali_60_3_0.85_1_6
TYPE : SVRP
MODEL : FINITE_SUPPORT
NUMBER_OF_SCENARIOS : 200
DIMENSION : 60
EDGE_WEIGHT_TYPE : MATRIX
CAPACITY : 124
N_VEHICLES : 3
NODE_COORD_SECTION
1 3334 4274
2 2436 3758
3 4748 8918
4 1921 6509
5 2757 7637
6 786 6021
7 3730 1804
8 3779 2064
9 2916 7074
10 5949 2442
11 4229 1588
12 3201 74
13 794 4386
14 7026 6018
15 127 3249
16 5032 1966
17 7186 2289
18 3720 4797
19 8238 2890
20 4282 690
21 4354 5364
22 6966 3029
23 1908 1464
24 3133 1781
25 6006 4012
26 6829 4277
27 2531 4974
28 3116 7400
29 4345 18
30 4062 699
31 2941 1485
32 5622 1615
33 5993 2080
34 2320 1603
35 8298 3205
36 1300 5367
37 2004 2993
38 4436 1761
39 27 5360
40 7186 4996
41 4288 6856
42 6309 1154
43 6473 3664
44 1866 5290
45 3857 530
46 175 4936
47 5494 2342
48 1953 3393
49 7776 2850
50 4061 5195
51 726 5464
52 8088 4598
53 5227 8308
54 1806 2577
55 8340 3838
56 6438 5646
57 5879 3312
58 3677 3439
59 6248 4526
60 5121 6236
DEMAND_SECTION
1 0.0
2 10.0
3 7.0
4 9.0
5 9.0
6 4.0
7 9.0
8 6.0
9 8.0
10 5.0
11 8.0
12 6.0
13 5.0
14 1.0
15 7.0
16 2.0
17 10.0
18 3.0
19 1.0
20 7.0
21 3.0
22 4.0
23 6.0
24 6.0
25 9.0
26 7.0
27 2.0
28 3.0
29 5.0
30 3.0
31 2.0
32 2.0
33 6.0
34 5.0
35 1.0
36 7.0
37 7.0
38 7.0
39 1.0
40 9.0
41 5.0
42 9.0
43 2.0
44 10.0
45 3.0
46 5.0
47 8.0
48 3.0
49 6.0
50 6.0
51 6.0
52 1.0
53 1.0
54 1.0
55 2.0
56 7.0
57 6.0
58 7.0
59 10.0
60 8.0
DEVIATION_SECTION
1 0.0
2 3.33333
3 2.33333
4 3.0
5 3.0
6 1.33333
7 3.0
8 2.0
9 2.66667
10 1.66667
11 2.66667
12 2.0
13 1.66667
14 0.333333
15 2.33333
16 0.666667
17 3.33333
18 1.0
19 0.333333
20 2.33333
21 1.0
22 1.33333
23 2.0
24 2.0
25 3.0
26 2.33333
27 0.666667
28 1.0
29 1.66667
30 1.0
31 0.666667
32 0.666667
33 2.0
34 1.66667
35 0.333333
36 2.33333
37 2.33333
38 2.33333
39 0.333333
40 3.0
41 1.66667
42 3.0
43 0.666667
44 3.33333
45 1.0
46 1.66667
47 2.66667
48 1.0
49 2.0
50 2.0
51 2.0
52 0.333333
53 0.333333
54 0.333333
55 0.666667
56 2.33333
57 2.0
58 2.33333
59 3.33333
60 2.66667
DISTANCE_MATRIX
0.0 15.1327 66.6548 39.0543 52.3501 42.2878 33.6308 30.9176 45.3958 56.3184 37.5756 56.8507 34.7131 55.3173 46.2385 37.8352 64.7178 8.60233 74.7891 49.3656 18.2483 57.8713 42.9535 34.6554 42.9882 53.7804 16.9706 49.7949 58.2895 49.2587 38.2099 46.7596 50.3773 39.4462 75.5384 31.4865 26.0768 36.8253 46.6146 53.3306 37.5941 57.9993 50.2208 24.8995 50.6277 43.5001 45.1629 23.0868 69.273 14.5602 38.6919 65.4788 60.9289 31.4006 74.5854 46.3249 42.8663 12.3101 40.73 35.5106 
15.1327 0.0 78.5151 37.2156 51.6236 37.1214 31.0644 29.0 44.7117 60.0584 37.054 50.5668 23.7065 70.406 31.7648 40.4969 69.5735 22.2036 79.6448 47.2652 33.0151 62.727 31.241 28.4605 49.3786 60.1708 16.4012 49.1109 55.7315 46.5296 30.8707 49.53 52.2643 29.0689 80.3941 26.1725 11.7047 37.3363 38.3275 67.6847 50.2384 60.7454 56.4819 21.5407 47.0744 34.176 47.0499 8.0 74.1287 29.0689 32.0624 78.0274 73.9475 17.4642 80.8466 61.3922 47.7221 17.6918 53.5264 50.1597 
66.6548 78.5151 0.0 50.1597 32.0 66.0076 99.1718 96.4224 35.6931 88.4898 99.8683 122.48 81.3941 50.0 99.2472 96.1937 93.9202 58.4681 93.0591 112.034 50.2096 84.119 109.825 100.554 68.0294 68.1542 62.8317 31.4006 120.823 112.577 104.209 99.736 92.2424 106.204 90.6697 66.7533 90.105 98.0466 79.0063 62.3939 29.0689 104.921 73.736 63.0635 114.674 81.0987 92.6766 85.4882 91.0055 52.4976 71.1126 74.0068 10.0 95.914 84.1487 49.8197 77.8267 77.9001 62.6259 37.2156 
39.0543 37.2156 50.1597 0.0 18.4391 16.7631 66.5178 64.0833 15.2971 81.0591 71.5812 87.6584 31.9531 69.261 49.98 72.9598 90.6294 40.1647 96.9195 82.7551 35.8506 81.99 67.4759 65.307 64.0075 72.0388 22.8035 19.0263 91.5166 82.3149 68.0 81.8842 84.8117 66.0303 96.2023 17.088 46.8615 71.2618 29.4279 74.8633 31.7648 93.124 71.2876 16.2788 83.238 31.0 85.2459 41.8688 92.4564 35.9701 21.0 87.8078 50.3587 52.4023 93.6387 64.642 72.1593 47.5938 63.9765 43.8846 
52.3501 51.6236 32.0 18.4391 0.0 34.0147 79.8137 77.3791 7.61577 82.815 84.877 101.119 50.2892 59.3633 68.3081 88.1872 90.489 52.6487 94.1263 96.051 39.5617 81.3213 82.807 78.686 63.4154 67.9753 35.389 5.09902 104.812 95.6108 81.5659 95.8237 86.5676 80.6226 92.6617 35.4401 62.482 84.5576 47.0106 66.8506 21.4709 99.5932 70.323 33.121 96.5339 49.163 88.7644 57.6281 90.5663 41.2449 39.2046 80.2309 33.5261 68.2495 88.277 54.1295 72.1545 60.8897 60.5079 34.5398 
42.2878 37.1214 66.0076 16.7631 34.0147 0.0 68.1836 66.0681 32.0156 94.8372 74.0068 86.4002 21.2603 84.0186 38.0132 76.1659 103.237 53.3837 108.378 84.3801 47.3088 96.3901 63.0714 65.1153 75.4657 83.4969 28.7924 35.5106 92.7793 83.6002 66.9403 85.0903 88.8962 62.9682 107.66 11.0 43.3244 74.027 13.0 86.3134 48.3322 96.3575 82.7457 17.72 84.0119 15.8114 83.6817 38.6005 107.792 47.4283 7.07107 99.2659 66.9104 47.927 105.097 76.1014 81.3852 50.8035 75.4347 58.601 
33.6308 31.0644 99.1718 66.5178 79.8137 68.1836 0.0 2.82843 72.8594 30.0832 7.2111 24.2074 52.7731 73.0245 52.8394 17.4642 46.5296 41.976 62.2415 16.2788 52.7856 46.8402 24.5967 8.06226 43.2897 54.0093 44.4342 77.2585 25.0 15.8114 11.4018 25.0 29.5466 19.2354 64.2573 57.2189 28.4605 9.21954 68.469 64.195 70.2489 34.7131 45.0444 51.9711 17.0 63.7887 24.6101 31.5753 56.4624 47.0109 63.0 70.3491 91.6493 27.7849 68.1606 64.8235 35.0571 22.8035 50.636 62.7754 
30.9176 29.0 96.4224 64.0833 77.3791 66.0681 2.82843 0.0 70.4248 28.9406 8.24621 27.0185 51.1957 70.6716 52.1536 16.6433 45.793 39.2629 61.2699 18.6815 50.0362 45.6964 25.632 9.21954 41.1096 52.0096 41.9996 74.8239 27.5136 18.3848 13.0384 24.7588 28.6531 20.2485 63.1859 55.0818 27.313 9.43398 66.7533 62.0725 67.5358 35.0 43.1856 49.6488 19.7231 62.1691 23.4663 30.0832 55.4617 44.2978 61.0328 68.593 88.8999 27.2029 67.0168 62.4705 33.2415 20.0 48.3735 60.026 
45.3958 44.7117 35.6931 15.2971 7.61577 32.0156 72.8594 70.4248 0.0 78.3679 77.9227 94.1649 45.7056 55.4739 63.561 79.3014 86.0419 45.6943 89.6792 89.0967 35.1145 76.8741 75.9423 71.7316 58.9682 63.5282 28.4346 4.47214 97.8581 88.6564 74.6115 91.3766 82.1205 73.6704 88.2146 31.1448 55.8032 77.6033 44.7214 62.4055 17.6918 95.1461 65.8759 27.5136 89.5796 46.0977 84.3173 51.0392 86.1191 36.7978 36.1248 75.7923 35.1283 61.6117 83.8298 49.7516 67.7073 53.9354 56.0607 30.0976 
56.3184 60.0584 88.4898 81.0591 82.815 94.8372 30.0832 28.9406 78.3679 0.0 25.0799 48.5077 84.7964 48.9641 79.5554 13.0384 18.4391 54.7801 32.7567 32.9848 46.9703 16.7631 54.5242 37.9964 20.1445 26.5707 69.52 77.8196 39.3954 34.7131 41.4849 11.4018 4.47214 49.1396 34.4384 84.036 54.1247 22.0907 98.6251 37.3363 63.0026 18.9737 17.088 77.4489 37.6563 94.9209 5.83095 55.8355 26.9258 49.4126 91.2413 41.0122 79.7944 55.1222 38.0789 42.4065 13.4544 44.0339 26.8194 51.4217 
37.5756 37.054 99.8683 71.5812 84.877 74.0068 7.2111 8.24621 77.9227 25.0799 0.0 24.6982 59.439 70.8378 60.0333 12.0416 40.3113 45.9208 56.3028 12.2066 53.4821 41.5933 31.0644 14.8661 40.5216 50.5093 49.4975 86.094 21.095 12.7279 17.4929 18.3576 23.7697 25.807 58.5235 63.0079 35.4683 3.0 74.9667 61.0016 71.9934 27.5862 41.2625 57.3149 15.0 70.406 20.025 38.3275 50.5964 55.9244 69.1158 66.0076 92.3458 34.9857 62.9682 62.7694 31.2931 26.0 48.0833 63.4499 
56.8507 50.5668 122.48 87.6584 101.119 86.4002 24.2074 27.0185 94.1649 48.5077 24.6982 0.0 67.7422 95.5196 61.4003 35.9026 60.407 65.2353 76.6551 16.0312 76.8952 64.0312 26.1725 22.4722 65.1495 74.8148 65.7396 98.564 15.0 14.0 19.6977 39.0 46.0977 24.0832 79.404 75.8947 43.1741 27.5136 83.7257 85.5653 93.5082 43.4166 65.3318 72.0902 11.0 78.5175 44.1475 47.8017 71.3442 70.2702 80.2808 89.3588 115.759 39.3192 85.0235 87.4693 61.6573 46.669 72.7324 86.8851 
34.7131 23.7065 81.3941 31.9531 50.2892 21.2603 52.7731 51.1957 45.7056 84.7964 59.439 67.7422 0.0 87.4735 18.0278 64.0781 93.1958 38.9816 103.979 68.2642 50.0034 87.0607 43.0116 48.0416 72.1776 82.1812 26.4008 50.01 76.0263 67.1193 49.0408 73.0692 75.8036 43.7379 104.728 14.8661 25.0 60.1664 16.0312 87.2561 58.244 84.309 79.4102 19.0263 67.0075 11.0454 70.5891 21.2132 98.4625 50.1229 14.2127 99.4043 80.1561 28.4429 103.775 79.1669 72.0558 41.0488 74.6556 63.3246 
55.3173 70.406 50.0 69.261 59.3633 84.0186 73.0245 70.6716 55.4739 48.9641 70.8378 95.5196 87.4735 0.0 101.242 64.3509 49.2037 49.98 44.2719 81.554 39.0 39.6989 93.1933 79.1047 30.4631 23.3452 61.2402 54.6443 88.3595 82.6999 83.225 60.208 52.6972 88.3629 41.4849 77.1751 80.6702 68.0074 94.0319 13.8924 38.0132 64.4438 32.2025 69.8355 85.3421 93.1504 53.1509 78.2624 43.382 43.0813 84.5991 24.0208 40.0 85.2877 34.3657 9.05539 40.7063 57.0088 22.8473 26.1725 
46.2385 31.7648 99.2472 49.98 68.3081 38.0132 52.8394 52.1536 63.561 79.5554 60.0333 61.4003 18.0278 101.242 0.0 67.624 96.4812 51.5052 109.535 66.1287 62.6811 92.8274 35.2278 46.0977 81.0097 91.8462 41.3038 67.9117 72.5328 64.5136 45.5412 76.4003 79.2956 38.0789 110.494 32.8938 25.4951 61.5873 28.4253 99.3602 75.0267 87.0919 86.8106 36.3456 63.6003 23.3452 74.0811 25.0 104.019 58.5763 31.0644 109.703 97.6217 25.0599 112.198 92.3472 77.8224 48.8262 85.2019 78.7718 
37.8352 40.4969 96.1937 72.9598 88.1872 76.1659 17.4642 16.6433 79.3014 13.0384 12.0416 35.9026 64.0781 64.3509 67.624 0.0 29.1548 46.1804 44.7772 21.0238 50.5799 29.6142 42.0476 25.4951 33.97 38.9667 50.8761 83.1918 28.6007 22.4722 28.7924 8.94427 12.083 36.6742 46.8188 65.2659 42.2019 9.05539 78.8917 49.7172 69.0912 20.2485 29.4837 58.8051 25.2982 74.6726 8.24621 43.909 39.0 53.0222 72.0526 54.0 90.1761 43.1393 50.9902 56.4071 25.8092 25.6056 41.5529 61.8034 
64.7178 69.5735 93.9202 90.6294 90.489 103.237 46.5296 45.793 86.0419 18.4391 40.3113 60.407 93.1958 49.2037 96.4812 29.1548 0.0 62.5896 16.2788 44.4072 54.7798 9.84886 71.1196 54.5894 27.074 26.4197 77.9194 85.4937 48.0416 46.5296 57.6975 22.1359 17.2047 65.7647 19.0263 92.4354 71.0505 37.5766 107.166 35.4683 70.4557 18.4391 20.3961 85.8483 49.4975 103.648 24.0416 72.7613 11.0 57.2221 99.6407 32.6497 84.5044 72.0479 25.4951 45.1774 21.8538 52.4333 31.3209 58.0517 
8.60233 22.2036 58.4681 40.1647 52.6487 53.3837 41.976 39.2629 45.6943 54.7801 45.9208 65.2353 38.9816 49.98 51.5052 46.1804 62.5896 0.0 69.0294 57.7108 11.1803 53.9503 51.4296 43.1393 36.0031 44.8323 21.2132 50.0934 66.6347 57.6039 46.7547 55.1048 58.7226 48.0208 68.4589 46.0031 33.7343 45.1705 62.9996 49.4065 29.4074 66.3446 43.2782 38.5 58.9729 47.7427 53.5081 30.1496 64.4636 7.07107 53.6146 61.6276 52.7421 39.2938 66.4359 41.2311 44.1196 20.6554 36.8788 28.0179 
74.7891 79.6448 93.0591 96.9195 94.1263 108.378 62.2415 61.2699 89.6792 32.7567 56.3028 76.6551 103.979 44.2719 109.535 44.7772 16.2788 69.0294 0.0 60.6712 61.0983 16.9706 86.8159 70.2638 33.1059 26.1725 87.9907 89.1309 64.0078 62.8013 73.5391 38.3275 32.6956 81.4371 3.60555 102.507 84.6224 53.4883 117.635 30.8058 73.437 34.0147 25.9422 95.9197 65.7647 113.719 38.5876 84.8454 5.83095 63.6619 109.712 22.2036 83.1865 87.3789 12.0416 43.2897 31.9252 62.5046 33.7343 60.208 
49.3656 47.2652 112.034 82.7551 96.051 84.3801 16.2788 18.6815 89.0967 32.9848 12.2066 16.0312 68.2642 81.554 66.1287 21.0238 44.4072 57.7108 60.6712 0.0 65.6483 48.0937 33.0151 20.3961 51.1731 59.4811 60.6714 93.4958 8.94427 2.23607 20.6155 23.0217 30.2655 28.6531 63.3877 73.437 43.4166 14.1421 84.1487 70.2337 84.1596 27.8568 50.0 68.2495 5.09902 79.3095 29.1548 47.0956 55.3263 68.0906 79.0569 73.5527 104.265 41.4849 69.0072 73.6102 46.3256 38.0132 58.756 75.6161 
18.2483 33.0151 50.2096 35.8506 39.5617 47.3088 52.7856 50.0362 35.1145 46.9703 53.4821 76.8952 50.0034 39.0 62.6811 50.5799 54.7798 11.1803 61.0983 65.6483 0.0 46.1304 60.7454 51.356 28.1603 36.3593 23.77 34.5663 74.4371 66.1903 55.0107 58.2165 50.7229 56.8756 60.4152 39.9281 44.2832 51.6604 56.9246 39.6232 21.2603 63.7485 35.4401 32.425 68.2881 55.7467 51.1571 41.0122 56.6127 4.12311 47.5397 52.4023 43.8292 49.6488 57.9828 30.4138 36.3097 28.8687 28.3019 17.2627 
57.8713 62.727 84.119 81.99 81.3213 96.3901 46.8402 45.6964 76.8741 16.7631 41.5933 64.0312 87.0607 39.6989 92.8274 29.6142 9.84886 53.9503 16.9706 48.0937 46.1304 0.0 71.28 54.7522 18.1108 16.6433 71.0729 76.3259 53.1507 50.04 58.2409 25.0799 18.0278 65.8955 18.0278 85.5888 67.7045 38.6394 100.717 26.1725 61.131 25.5539 11.0 79.0018 53.0377 96.8012 22.4722 67.9276 11.4018 48.5828 92.7942 25.7099 74.6726 70.461 21.3776 35.3553 15.0073 45.5868 21.587 48.5077 
42.9535 31.241 109.825 67.4759 82.807 63.0714 24.5967 25.632 75.9423 54.5242 31.0644 26.1725 43.0116 93.1933 35.2278 42.0476 71.1196 51.4296 86.8159 33.0151 60.7454 71.28 0.0 16.5529 65.2763 76.6551 47.634 80.3414 38.0789 31.0644 13.6015 49.3964 54.1295 5.38516 88.7694 53.3385 20.6155 33.6155 58.6941 86.209 80.5364 58.258 68.2495 51.225 29.5296 53.3667 49.0499 25.6125 81.0247 57.3847 56.4624 93.7443 103.871 15.2643 92.6004 84.2912 58.4637 36.6742 72.0664 77.8044 
34.6554 28.4605 100.554 65.307 78.686 65.1153 8.06226 9.21954 71.7316 37.9964 14.8661 22.4722 48.0416 79.1047 46.0977 25.4951 54.5894 43.1393 70.2638 20.3961 51.356 54.7522 16.5529 0.0 50.01 61.0737 43.3064 76.1308 28.0 19.105 4.12311 33.0151 37.5766 11.1803 72.2357 54.3415 23.0868 17.2047 64.0078 71.007 71.4154 42.4264 52.345 49.98 19.0263 59.0762 32.5221 27.0185 64.4748 48.1775 59.4138 77.7817 94.8172 21.1896 76.0726 70.4065 42.4264 25.2389 57.1402 67.1364 
42.9882 49.3786 68.0294 64.0075 63.4154 75.4657 43.2897 41.1096 58.9682 20.1445 40.5216 65.1495 72.1776 30.4631 81.0097 33.97 27.074 36.0031 33.1059 51.1731 28.1603 18.1108 65.2763 50.01 0.0 11.7047 56.1898 58.42 59.5399 52.319 54.037 31.3907 23.8971 60.1332 32.7567 70.7058 57.6135 37.6431 85.8339 21.0 43.4166 36.8917 7.28011 64.1188 54.9612 82.7193 24.3313 56.3663 28.4605 30.6356 77.9111 29.5466 59.0593 61.4809 31.8277 23.0217 10.6301 32.9326 7.61577 31.3209 
53.7804 60.1708 68.1542 72.0388 67.9753 83.4969 54.0093 52.0096 63.5282 26.5707 50.5093 74.8148 82.1812 23.3452 91.8462 38.9667 26.4197 44.8323 26.1725 59.4811 36.3593 16.6433 76.6551 61.0737 11.7047 0.0 64.8406 62.9799 65.9242 61.1477 65.0308 37.5766 29.9666 71.4493 24.7386 76.1163 68.4057 47.5914 94.4846 10.7703 47.2652 41.1096 9.48683 68.6132 64.06 91.3701 30.7987 67.1585 23.0868 39.4081 83.7279 17.8885 58.5235 72.2731 21.6333 18.7883 19.2354 43.7248 8.06226 34.0588 
16.9706 16.4012 62.8317 22.8035 35.389 28.7924 44.4342 41.9996 28.4346 69.52 49.4975 65.7396 26.4008 61.2402 41.3038 50.8761 77.9194 21.2132 87.9907 60.6714 23.77 71.0729 47.634 43.3064 56.1898 64.8406 0.0 32.8337 69.4329 60.2312 46.1863 59.8005 63.579 45.2548 88.74 18.868 27.7849 49.1781 35.4683 69.4877 34.7131 71.0403 63.4224 11.1803 61.1543 33.3017 58.3645 23.2594 82.4746 23.8895 26.6271 81.6359 58.2644 33.6155 87.7871 52.9335 56.068 25.5102 56.8871 37.4833 
49.7949 49.1109 31.4006 19.0263 5.09902 35.5106 77.2585 74.8239 4.47214 77.8196 86.094 98.564 50.01 54.6443 67.9117 83.1918 85.4937 50.0934 89.1309 93.4958 34.5663 76.3259 80.3414 76.1308 58.42 62.9799 32.8337 0.0 102.257 93.0555 79.0106 90.8284 81.5722 78.0695 87.6663 35.3553 60.2163 84.2723 48.3735 61.8573 16.6433 94.5978 65.3276 31.9531 93.9787 50.01 83.769 55.4707 85.5709 36.2495 40.0125 75.244 31.4006 66.0303 83.2816 49.1935 67.1591 58.3345 55.5125 29.5494 
58.2895 55.7315 120.823 91.5166 104.812 92.7793 25.0 27.5136 97.8581 39.3954 21.095 15.0 76.0263 88.3595 72.5328 28.6007 48.0416 66.6347 64.0078 8.94427 74.4371 53.1507 38.0789 28.0 59.5399 65.9242 69.4329 102.257 0.0 9.21954 27.2947 28.4605 36.0555 34.4819 67.0075 81.8841 51.0392 22.8035 92.0054 76.6942 92.9484 30.0666 56.4624 76.9025 9.05539 87.0517 36.3593 55.0091 59.0339 76.8794 87.2812 78.8543 113.054 48.5077 73.3348 81.8019 52.8498 46.9574 66.2149 84.4049 
49.2587 46.5296 112.577 82.3149 95.6108 83.6002 15.8114 18.3848 88.6564 34.7131 12.7279 14.0 67.1193 82.6999 64.5136 22.4722 46.5296 57.6039 62.8013 2.23607 66.1903 50.04 31.0644 19.105 52.319 61.1477 60.2312 93.0555 9.21954 0.0 18.9737 25.0 32.1403 26.8328 65.4905 72.6911 42.19 15.0 83.0542 71.8983 84.7016 30.0832 51.6624 67.6831 3.0 78.1601 30.6757 46.0109 57.4282 62.6389 78.1601 75.4255 105.054 40.025 71.0282 74.756 47.9902 38.0789 59.9018 76.1581 
38.2099 30.8707 104.209 68.0 81.5659 66.9403 11.4018 13.0384 74.6115 41.4849 17.4929 19.6977 49.0408 83.225 45.5412 28.7924 57.6975 46.7547 73.5391 20.6155 55.0107 58.2409 13.6015 4.12311 54.037 65.0308 46.1863 79.0106 27.2947 18.9737 0.0 35.8469 40.8534 8.48528 75.6108 56.3205 24.0832 20.1246 65.0692 75.0267 75.1485 44.6878 56.2228 52.3927 18.2483 60.0083 36.0114 28.4429 67.7791 51.8323 61.0 81.6149 98.4719 21.2132 79.5619 74.5268 46.2709 29.1548 61.2046 71.2094 
46.7596 49.53 99.736 81.8842 95.8237 85.0903 25.0 24.7588 91.3766 11.4018 18.3576 39.0 73.0692 60.208 76.4003 8.94427 22.1359 55.1048 38.3275 23.0217 58.2165 25.0799 49.3964 33.0151 31.3907 37.5766 59.8005 90.8284 28.4605 25.0 35.8469 0.0 7.61577 44.1022 40.7922 74.1903 51.0392 15.8114 87.8161 48.3322 74.2487 11.4018 28.178 67.7295 28.0 83.6988 10.7703 52.8394 32.7567 60.6588 80.977 50.636 91.0406 51.7397 46.0435 53.6527 24.7006 34.53 38.0656 62.6679 
50.3773 52.2643 92.2424 84.8117 86.5676 88.8962 29.5466 28.6531 82.1205 4.47214 23.7697 46.0977 75.8036 52.6972 79.2956 12.083 17.2047 58.7226 32.6956 30.2655 50.7229 18.0278 54.1295 37.5766 23.8971 29.9666 63.579 81.5722 36.0555 32.1403 40.8534 7.61577 0.0 48.7545 34.7851 78.0949 53.8649 20.8806 90.5505 40.7185 66.7552 14.5602 20.5913 71.5079 35.1283 86.4332 7.61577 55.5756 26.9258 53.1653 85.2257 43.2897 82.9556 54.8623 39.3192 46.1591 17.207 37.2643 30.572 55.1743 
39.4462 29.0689 106.204 66.0303 80.6226 62.9682 19.2354 20.2485 73.6704 49.1396 25.807 24.0832 43.7379 88.3629 38.0789 36.6742 65.7647 48.0208 81.4371 28.6531 56.8756 65.8955 5.38516 11.1803 60.1332 71.4493 45.2548 78.0695 34.4819 26.8328 8.48528 44.1022 48.7545 0.0 83.3847 52.8015 19.6977 28.3019 59.6825 81.0987 76.9155 53.1507 62.9682 49.93 25.632 54.4518 43.6653 24.5967 75.6439 53.6656 56.6127 88.459 100.25 15.2971 87.2158 79.511 53.1507 32.28 67.0075 73.9103 
75.5384 80.3941 90.6697 96.2023 92.6617 107.66 64.2573 63.1859 88.2146 34.4384 58.5235 79.404 104.728 41.4849 110.494 46.8188 19.0263 68.4589 3.60555 63.3877 60.4152 18.0278 88.7694 72.2357 32.7567 24.7386 88.74 87.6663 67.0075 65.4905 75.6108 40.7922 34.7851 83.3847 0.0 103.256 85.3716 55.6597 118.384 28.2843 71.8471 37.1214 25.807 96.6689 68.469 115.27 40.2492 85.5947 8.06226 63.0915 110.461 18.868 80.7527 88.1282 8.48528 41.0488 32.6744 63.2539 32.573 58.5491 
31.4865 26.1725 66.7533 17.088 35.4401 11.0 57.2189 55.0818 31.1448 84.036 63.0079 75.8947 14.8661 77.1751 32.8938 65.2659 92.4354 46.0031 102.507 73.437 39.9281 85.5888 53.3385 54.3415 70.7058 76.1163 18.868 35.3553 81.8841 72.6911 56.3205 74.1903 78.0949 52.8015 103.256 0.0 33.1059 63.0317 17.0294 78.9443 44.9355 85.4301 77.9383 7.81025 73.1642 16.1555 72.8805 28.2312 96.9906 40.0477 7.81025 91.8853 66.0 38.0789 97.7163 69.0652 70.5839 40.025 68.0541 51.8941 
26.0768 11.7047 90.105 46.8615 62.482 43.3244 28.4605 27.313 55.8032 54.1247 35.4683 43.1741 25.0 80.6702 25.4951 42.2019 71.0505 33.7343 84.6224 43.4166 44.2832 67.7045 20.6155 23.0868 57.6135 68.4057 27.7849 60.2163 51.0392 42.19 24.0832 51.0392 53.8649 19.6977 85.3716 33.1059 0.0 36.6742 41.0122 76.243 61.8282 61.9112 61.706 30.6105 42.0119 36.0139 48.6504 5.0 79.1063 40.4475 37.108 86.2623 85.5374 5.83095 87.0935 71.6151 52.7178 24.6982 61.9839 61.5224 
36.8253 37.3363 98.0466 71.2618 84.5576 74.027 9.21954 9.43398 77.6033 22.0907 3.0 27.5136 60.1664 68.0074 61.5873 9.05539 37.5766 45.1705 53.4883 14.1421 51.6604 38.6394 33.6155 17.2047 37.6431 47.5914 49.1781 84.2723 22.8035 15.0 20.1246 15.8114 20.8806 28.3019 55.6597 63.0317 36.6742 0.0 75.505 58.0837 70.1717 25.6125 38.3446 57.0789 17.4929 71.0634 17.0294 39.2173 47.7598 54.1028 69.3542 63.0079 90.2773 36.6197 60.0167 60.0083 28.3751 25.0 45.2217 61.6282 
46.6146 38.3275 79.0063 29.4279 47.0106 13.0 68.469 66.7533 44.7214 98.6251 74.9667 83.7257 16.0312 94.0319 28.4253 78.8917 107.166 62.9996 117.635 84.1487 56.9246 100.717 58.6941 64.0078 85.8339 94.4846 35.4683 48.3735 92.0054 83.0542 65.0692 87.8161 90.5505 59.6825 118.384 17.0294 41.0122 75.505 0.0 95.9408 60.407 99.0558 93.0664 24.7588 83.0 5.38516 85.336 37.054 112.119 57.0442 9.43398 108.882 79.7621 44.4072 117.431 86.0233 85.712 54.626 85.0505 68.6165 
53.3306 67.6847 62.3939 74.8633 66.8506 86.3134 64.195 62.0725 62.4055 37.3363 61.0016 85.5653 87.2561 13.8924 99.3602 49.7172 35.4683 49.4065 30.8058 70.2337 39.6232 26.1725 86.209 71.007 21.0 10.7703 69.4877 61.8573 76.6942 71.8983 75.0267 48.3322 40.7185 81.0987 28.2843 78.9443 76.243 58.0837 95.9408 0.0 45.5412 51.4004 20.2485 71.4413 74.8106 94.7629 41.5493 74.6988 29.5466 43.2782 86.5559 13.4164 52.469 80.2808 22.0907 13.1529 29.8329 51.6624 14.3178 32.311 
37.5941 50.2384 29.0689 31.7648 21.4709 48.3322 70.2489 67.5358 17.6918 63.0026 71.9934 93.5082 58.244 38.0132 75.0267 69.0912 70.4557 29.4074 73.437 84.1596 21.2603 61.131 80.5364 71.4154 43.4166 47.2652 34.7131 16.6433 92.9484 84.7016 75.1485 74.2487 66.7552 76.9155 71.8471 44.9355 61.8282 70.1717 60.407 45.5412 0.0 79.7808 50.1597 39.2178 86.7994 60.8858 67.1894 57.5675 70.0643 23.4307 51.2455 58.8727 23.7697 67.6372 67.1863 32.6956 52.342 48.9282 40.0125 13.3417 
57.9993 60.7454 104.921 93.124 99.5932 96.3575 34.7131 35.0 95.1461 18.9737 27.5862 43.4166 84.309 64.4438 87.0919 20.2485 18.4391 66.3446 34.0147 27.8568 63.7485 25.5539 58.258 42.4264 36.8917 41.1096 71.0403 94.5978 30.0666 30.0832 44.6878 11.4018 14.5602 53.1507 37.1214 85.4301 61.9112 25.6125 99.0558 51.4004 79.7808 0.0 32.5576 78.9692 32.8938 94.921 21.0238 63.9531 29.2746 66.1908 92.2168 50.6952 95.9812 62.2013 43.9318 58.7963 30.2326 45.7697 43.4166 68.1999 
50.2208 56.4819 73.736 71.2876 70.323 82.7457 45.0444 43.1856 65.8759 17.088 41.2625 65.3318 79.4102 32.2025 86.8106 29.4837 20.3961 43.2782 25.9422 50.0 35.4401 11.0 68.2495 52.345 7.28011 9.48683 63.4224 65.3276 56.4624 51.6624 56.2228 28.178 20.5913 62.9682 25.807 77.9383 61.706 38.3446 93.0664 20.2485 50.1597 32.5576 0.0 71.3513 54.577 89.9519 21.3158 61.9109 21.1896 37.9107 85.1437 25.4951 64.4748 64.5216 25.807 26.2488 10.0 39.5701 11.1803 37.6563 
24.8995 21.5407 63.0635 16.2788 33.121 17.72 51.9711 49.6488 27.5136 77.4489 57.3149 72.0902 19.0263 69.8355 36.3456 58.8051 85.8483 38.5 95.9197 68.2495 32.425 79.0018 51.225 49.98 64.1188 68.6132 11.1803 31.9531 76.9025 67.6831 52.3927 67.7295 71.5079 49.93 96.6689 7.81025 30.6105 57.0789 24.7588 71.4413 39.2178 78.9692 71.3513 0.0 68.4105 23.3238 66.2934 25.6125 90.4036 32.5446 15.6205 84.3822 61.2944 36.1248 90.2132 61.5886 63.9969 33.4391 60.551 44.9444 
50.6277 47.0744 114.674 83.238 96.5339 84.0119 17.0 19.7231 89.5796 37.6563 15.0 11.0 67.0075 85.3421 63.6003 25.2982 49.4975 58.9729 65.7647 5.09902 68.2881 53.0377 29.5296 19.0263 54.9612 64.06 61.1543 93.9787 9.05539 3.0 18.2483 28.0 35.1283 25.632 68.469 73.1642 42.0119 17.4929 83.0 74.8106 86.7994 32.8938 54.577 68.4105 0.0 78.0256 33.5261 46.0435 60.407 64.0078 78.4092 78.4092 107.152 39.4588 74.027 77.3983 50.9025 39.6611 62.5441 78.2559 
43.5001 34.176 81.0987 31.0 49.163 15.8114 63.7887 62.1691 46.0977 94.9209 70.406 78.5175 11.0454 93.1504 23.3452 74.6726 103.648 47.7427 113.719 79.3095 55.7467 96.8012 53.3667 59.0762 82.7193 91.3701 33.3017 50.01 87.0517 78.1601 60.0083 83.6988 86.4332 54.4518 115.27 16.1555 36.0139 71.0634 5.38516 94.7629 60.8858 94.921 89.9519 23.3238 78.0256 0.0 81.2187 32.249 108.203 55.8663 10.0 108.165 81.2219 39.2046 114.317 84.9103 81.7963 51.0 83.4167 68.0294 
45.1629 47.0499 92.6766 85.2459 88.7644 83.6817 24.6101 23.4663 84.3173 5.83095 20.025 44.1475 70.5891 53.1509 74.0811 8.24621 24.0416 53.5081 38.5876 29.1548 51.1571 22.4722 49.0499 32.5221 24.3313 30.7987 58.3645 83.769 36.3593 30.6757 36.0114 10.7703 7.61577 43.6653 40.2492 72.8805 48.6504 17.0294 85.336 41.5493 67.1894 21.0238 21.3158 66.2934 33.5261 81.2187 0.0 50.3612 32.7567 53.5995 80.0112 46.0435 83.9812 49.6479 43.6807 46.5933 17.6412 32.0499 31.0062 55.6085 
23.0868 8.0 85.4882 41.8688 57.6281 38.6005 31.5753 30.0832 51.0392 55.8355 38.3275 47.8017 21.2132 78.2624 25.0 43.909 72.7613 30.1496 84.8454 47.0956 41.0122 67.9276 25.6125 27.0185 56.3663 67.1585 23.2594 55.4707 55.0091 46.0109 28.4429 52.8394 55.5756 24.5967 85.5947 28.2312 5.0 39.2173 37.054 74.6988 57.5675 63.9531 61.9109 25.6125 46.0435 32.249 50.3612 0.0 79.3293 37.054 32.5576 85.0151 81.2712 10.6301 87.2984 69.233 52.9227 23.8537 60.5392 58.1378 
69.273 74.1287 91.0055 92.4564 90.5663 107.792 56.4624 55.4617 86.1191 26.9258 50.5964 71.3442 98.4625 43.382 104.019 39.0 11.0 64.4636 5.83095 55.3263 56.6127 11.4018 81.0247 64.4748 28.4605 23.0868 82.4746 85.5709 59.0339 57.4282 67.7791 32.7567 26.9258 75.6439 8.06226 96.9906 79.1063 47.7598 112.119 29.5466 70.0643 29.2746 21.1896 90.4036 60.407 108.203 32.7567 79.3293 0.0 59.0961 104.196 23.4307 81.2527 81.8628 14.8661 41.2311 26.4091 56.9885 30.0666 57.0 
14.5602 29.0689 52.4976 35.9701 41.2449 47.4283 47.0109 44.2978 36.7978 49.4126 55.9244 70.2702 50.1229 43.0813 58.5763 53.0222 57.2221 7.07107 63.6619 68.0906 4.12311 48.5828 57.3847 48.1775 30.6356 39.4081 23.8895 36.2495 76.8794 62.6389 51.8323 60.6588 53.1653 53.6656 63.0915 40.0477 40.4475 54.1028 57.0442 43.2782 23.4307 66.1908 37.9107 32.5446 64.0078 55.8663 53.5995 37.054 59.0961 0.0 47.6592 55.8659 46.6476 45.8912 61.0328 34.4384 38.7521 25.6903 31.4006 21.095 
38.6919 32.0624 71.1126 21.0 39.2046 7.07107 63.0 61.0328 36.1248 91.2413 69.1158 80.2808 14.2127 84.5991 31.0644 72.0526 99.6407 53.6146 109.712 79.0569 47.5397 92.7942 56.4624 59.4138 77.9111 83.7279 26.6271 40.0125 87.2812 78.1601 61.0 80.977 85.2257 56.6127 110.461 7.81025 37.108 69.3542 9.43398 86.5559 51.2455 92.2168 85.1437 15.6205 78.4092 10.0 80.0112 32.5576 104.196 47.6592 0.0 99.4969 71.2531 41.4367 105.328 76.6094 77.7893 47.1275 75.6656 59.1827 
65.4788 78.0274 74.0068 87.8078 80.2309 99.2659 70.3491 68.593 75.7923 41.0122 66.0076 89.3588 99.4043 24.0208 109.703 54.0 32.6497 61.6276 22.2036 73.5527 52.4023 25.7099 93.7443 77.7817 29.5466 17.8885 81.6359 75.244 78.8543 75.4255 81.6149 50.636 43.2897 88.459 18.868 91.8853 86.2623 63.0079 108.882 13.4164 58.8727 50.6952 25.4951 84.3822 78.4092 108.165 46.0435 85.0151 23.4307 55.8659 99.4969 0.0 64.0078 89.8008 10.7703 26.2488 35.3553 61.5815 25.0 45.6946 
60.9289 73.9475 10.0 50.3587 33.5261 66.9104 91.6493 88.8999 35.1283 79.7944 92.3458 115.759 80.1561 40.0 97.6217 90.1761 84.5044 52.7421 83.1865 104.265 43.8292 74.6726 103.871 94.8172 59.0593 58.5235 58.2644 31.4006 113.054 105.054 98.4719 91.0406 82.9556 100.25 80.7527 66.0 85.5374 90.2773 79.7621 52.469 23.7697 95.9812 64.4748 61.2944 107.152 81.2219 83.9812 81.2712 81.2527 46.6476 71.2531 64.0078 0.0 91.3464 74.1687 40.025 69.1158 72.33 53.3104 29.0689 
31.4006 17.4642 95.914 52.4023 68.2495 47.927 27.7849 27.2029 61.6117 55.1222 34.9857 39.3192 28.4429 85.2877 25.0599 43.1393 72.0479 39.2938 87.3789 41.4849 49.6488 70.461 15.2643 21.1896 61.4809 72.2731 33.6155 66.0303 48.5077 40.025 21.2132 51.7397 54.8623 15.2971 88.1282 38.0789 5.83095 36.6197 44.4072 80.2808 67.6372 62.2013 64.5216 36.1248 39.4588 39.2046 49.6479 10.6301 81.8628 45.8912 41.4367 89.8008 91.3464 0.0 89.8944 76.2365 55.4707 28.6356 65.9697 66.9104 
74.5854 80.8466 84.1487 93.6387 88.277 105.097 68.1606 67.0168 83.8298 38.0789 62.9682 85.0235 103.775 34.3657 112.198 50.9902 25.4951 66.4359 12.0416 69.0072 57.9828 21.3776 92.6004 76.0726 31.8277 21.6333 87.7871 83.2816 73.3348 71.0282 79.5619 46.0435 39.3192 87.2158 8.48528 97.7163 87.0935 60.0167 117.431 22.0907 67.1863 43.9318 25.807 90.2132 74.027 114.317 43.6807 87.2984 14.8661 61.0328 105.328 10.7703 74.1687 89.8944 0.0 35.2278 34.4384 64.9575 29.6816 53.8516 
46.3249 61.3922 49.8197 64.642 54.1295 76.1014 64.8235 62.4705 49.7516 42.4065 62.7694 87.4693 79.1669 9.05539 92.3472 56.4071 45.1774 41.2311 43.2897 73.6102 30.4138 35.3553 84.2912 70.4065 23.0217 18.7883 52.9335 49.1935 81.8019 74.756 74.5268 53.6527 46.1591 79.511 41.0488 69.0652 71.6151 60.0083 86.0233 13.1529 32.6956 58.7963 26.2488 61.5886 77.3983 84.9103 46.5933 69.233 41.2311 34.4384 76.6094 26.2488 40.025 76.2365 35.2278 0.0 33.6006 48.0 15.6205 19.7231 
42.8663 47.7221 77.8267 72.1593 72.1545 81.3852 35.0571 33.2415 67.7073 13.4544 31.2931 61.6573 72.0558 40.7063 77.8224 25.8092 21.8538 44.1196 31.9252 46.3256 36.3097 15.0073 58.4637 42.4264 10.6301 19.2354 56.068 67.1591 52.8498 47.9902 46.2709 24.7006 17.207 53.1507 32.6744 70.5839 52.7178 28.3751 85.712 29.8329 52.342 30.2326 10.0 63.9969 50.9025 81.7963 17.6412 52.9227 26.4091 38.7521 77.7893 35.3553 69.1158 55.4707 34.4384 33.6006 0.0 30.5819 18.0278 40.7185 
12.3101 17.6918 77.9001 47.5938 60.8897 50.8035 22.8035 20.0 53.9354 44.0339 26.0 46.669 41.0488 57.0088 48.8262 25.6056 52.4333 20.6554 62.5046 38.0132 28.8687 45.5868 36.6742 25.2389 32.9326 43.7248 25.5102 58.3345 46.9574 38.0789 29.1548 34.53 37.2643 32.28 63.2539 40.025 24.6982 25.0 54.626 51.6624 48.9282 45.7697 39.5701 33.4391 39.6611 51.0 32.0499 23.8537 56.9885 25.6903 47.1275 61.5815 72.33 28.6356 64.9575 48.0 30.5819 0.0 37.3631 42.7466 
40.73 53.5264 62.6259 63.9765 60.5079 75.4347 50.636 48.3735 56.0607 26.8194 48.0833 72.7324 74.6556 22.8473 85.2019 41.5529 31.3209 36.8788 33.7343 58.756 28.3019 21.587 72.0664 57.1402 7.61577 8.06226 56.8871 55.5125 66.2149 59.9018 61.2046 38.0656 30.572 67.0075 32.573 68.0541 61.9839 45.2217 85.0505 14.3178 40.0125 43.4166 11.1803 60.551 62.5441 83.4167 31.0062 60.5392 30.0666 31.4006 75.6656 25.0 53.3104 65.9697 29.6816 15.6205 18.0278 37.3631 0.0 27.074 
35.5106 50.1597 37.2156 43.8846 34.5398 58.601 62.7754 60.026 30.0976 51.4217 63.4499 86.8851 63.3246 26.1725 78.7718 61.8034 58.0517 28.0179 60.208 75.6161 17.2627 48.5077 77.8044 67.1364 31.3209 34.0588 37.4833 29.5494 84.4049 76.1581 71.2094 62.6679 55.1743 73.9103 58.5491 51.8941 61.5224 61.6282 68.6165 32.311 13.3417 68.1999 37.6563 44.9444 78.2559 68.0294 55.6085 58.1378 57.0 21.095 59.1827 45.6946 29.0689 66.9104 53.8516 19.7231 40.7185 42.7466 27.074 0.0 
DEMAND_SCENARIO_SECTION
0 0 0 0 0 0 0 0 0 0 0 0 0 0 0 0 0 0 0 0 0 0 0 0 0 0 0 0 0 0 0 0 0 0 0 0 0 0 0 0 0 0 0 0 0 0 0 0 0 0 0 0 0 0 0 0 0 0 0 0 0 0 0 0 0 0 0 0 0 0 0 0 0 0 0 0 0 0 0 0 0 0 0 0 0 0 0 0 0 0 0 0 0 0 0 0 0 0 0 0 0 0 0 0 0 0 0 0 0 0 0 0 0 0 0 0 0 0 0 0 0 0 0 0 0 0 0 0 0 0 0 0 0 0 0 0 0 0 0 0 0 0 0 0 0 0 0 0 0 0 0 0 0 0 0 0 0 0 0 0 0 0 0 0 0 0 0 0 0 0 0 0 0 0 0 0 0 0 0 0 0 0 0 0 0 0 0 0 0 0 0 0 0 0 0 0 0 0 0 0 
9 13 5 12 12 4 13 5 13 17 8 12 8 7 4 12 8 12 8 6 8 12 12 15 12 1 12 6 6 11 10 9 6 10 6 11 7 12 4 12 13 6 8 12 8 11 10 9 6 10 15 2 12 11 14 14 4 8 4 13 12 12 11 12 10 8 11 8 4 12 8 12 11 6 13 9 9 5 3 8 14 11 8 10 13 2 8 8 8 13 16 11 14 4 10 9 13 8 15 9 12 5 12 15 9 7 9 13 7 7 12 12 12 13 7 12 0 12 12 11 11 13 15 9 5 13 13 10 10 5 8 10 13 15 8 6 6 6 12 10 7 13 13 11 8 8 13 12 5 11 9 7 11 12 8 10 12 12 5 8 7 7 9 9 9 14 14 8 8 7 13 6 12 14 14 13 9 8 8 13 12 10 9 8 9 13 7 8 11 4 14 12 12 7 13 11 17 13 0 9 
12 9 9 6 7 4 5 12 9 8 7 12 10 8 6 5 9 8 9 5 6 11 8 5 10 8 10 6 3 5 10 8 6 5 8 4 6 4 9 9 6 6 4 8 10 10 10 9 5 6 13 6 5 9 6 11 7 8 7 6 5 5 7 6 4 5 11 5 8 10 5 8 6 10 3 2 10 8 4 7 9 6 9 8 9 8 9 9 7 6 12 9 6 7 10 8 7 8 8 11 9 9 3 10 10 10 4 7 9 2 8 9 6 8 8 7 7 9 8 6 4 7 8 8 6 6 11 7 8 8 5 9 9 4 4 11 5 7 5 7 6 4 6 8 6 5 5 7 7 7 7 7 6 7 3 6 7 8 4 7 10 5 11 6 10 8 8 6 5 9 7 5 8 4 8 7 9 9 6 5 9 8 3 8 5 10 9 6 5 9 8 6 8 5 7 5 8 4 5 9 
6 9 10 7 10 8 11 8 8 10 10 15 11 7 13 9 6 8 4 9 9 10 6 7 10 11 14 6 9 9 6 8 10 11 12 10 12 15 11 10 10 9 9 9 12 9 11 6 10 7 11 10 11 13 15 9 14 10 10 4 4 9 4 13 10 9 4 5 10 4 6 11 10 9 8 7 7 7 9 10 9 9 9 11 6 7 12 3 10 11 9 3 16 6 8 9 15 10 7 12 8 9 10 9 9 5 5 11 9 1 6 7 7 14 9 6 7 7 6 6 12 10 3 9 13 5 3 10 6 8 7 13 10 15 9 15 8 12 3 10 11 9 12 8 9 12 16 5 10 4 6 11 7 9 12 11 9 9 13 8 4 5 8 12 11 5 11 10 14 6 3 7 9 16 8 4 7 12 11 14 7 9 9 9 6 10 13 9 13 12 11 9 7 8 9 11 11 10 9 5 
12 10 6 10 14 10 10 8 12 11 10 3 6 13 5 12 9 9 6 15 10 11 12 8 9 10 14 5 9 14 12 8 10 8 9 8 3 13 8 9 5 6 4 9 10 10 5 10 9 12 7 1 6 8 6 17 11 14 6 6 7 10 11 8 4 6 12 2 11 7 12 4 9 9 6 9 9 11 8 6 9 11 9 9 11 9 8 11 7 14 4 15 8 14 12 9 15 9 10 8 4 15 12 9 10 8 8 8 9 14 13 6 12 14 7 11 13 13 8 8 9 5 10 8 11 13 10 10 3 14 13 6 7 9 7 11 10 13 10 13 14 7 14 8 16 11 8 6 4 9 8 10 12 8 8 12 10 7 12 7 10 3 9 13 3 7 5 8 12 9 9 10 13 8 13 10 7 7 14 8 7 9 10 10 9 8 9 13 10 5 14 10 9 9 11 7 8 11 6 15 
4 4 5 4 6 3 3 4 4 5 3 3 4 5 5 5 6 5 5 2 3 5 4 4 3 3 5 5 4 7 1 6 4 5 3 4 3 3 4 3 4 4 3 4 3 2 2 4 2 3 5 3 3 6 2 5 3 5 5 5 5 1 4 5 2 4 4 4 4 4 4 4 4 5 5 4 2 0 3 4 4 3 1 4 5 5 4 5 4 4 6 3 5 5 3 4 2 5 6 5 2 6 4 1 5 4 4 6 5 5 3 4 3 5 5 3 2 4 3 5 3 4 5 4 1 3 3 4 4 4 4 3 6 5 3 2 3 4 6 4 4 5 5 2 2 4 6 3 5 5 5 5 3 4 5 3 3 4 3 3 5 4 6 2 4 5 3 4 5 4 3 5 3 4 4 4 4 1 4 3 2 3 2 6 4 2 3 4 4 4 2 6 4 4 3 3 4 4 2 5 
5 6 9 6 6 1 12 13 16 11 8 12 7 7 5 6 13 12 7 7 10 12 8 9 4 11 9 7 6 11 8 3 8 11 13 12 9 10 10 8 10 10 8 3 19 11 11 9 13 11 11 9 10 10 12 11 9 7 11 10 11 15 8 6 7 12 10 6 9 9 8 8 8 11 12 10 9 7 8 11 2 12 6 11 9 8 12 10 7 10 10 11 12 14 8 5 7 13 5 10 8 9 9 6 6 12 12 13 9 11 7 13 10 6 5 4 10 7 14 8 11 9 8 14 11 9 5 6 12 8 9 10 10 7 10 10 13 10 9 10 10 12 11 6 9 7 10 8 10 8 13 3 8 7 7 7 12 11 10 9 10 8 10 10 17 9 7 14 10 4 10 2 3 12 12 11 5 2 11 7 11 12 14 11 5 12 10 10 7 7 12 10 12 8 11 9 9 9 7 12 
8 5 4 7 6 8 8 7 7 5 9 7 6 7 5 5 5 8 10 8 7 8 10 5 3 5 6 5 5 4 8 5 4 6 9 4 7 9 7 3 4 5 7 7 2 4 6 7 6 4 9 6 9 5 9 8 3 7 7 5 8 5 7 5 6 8 7 5 4 7 11 3 5 6 5 4 5 8 8 9 6 5 6 6 6 5 7 7 5 8 8 8 5 9 7 7 7 6 5 6 6 7 2 9 7 9 8 5 4 6 10 6 7 6 5 6 5 3 1 7 9 9 7 8 4 7 6 7 10 2 5 9 8 6 6 5 8 6 9 3 8 3 11 12 7 10 4 7 5 5 7 5 6 6 4 6 6 6 6 6 1 7 2 7 7 2 5 4 6 5 5 4 7 8 2 7 5 5 7 6 5 5 6 2 9 4 7 5 7 8 4 7 6 5 11 5 4 8 8 5 
10 8 5 9 6 9 6 7 8 6 6 5 6 7 5 7 6 14 6 13 8 5 9 12 8 11 8 10 4 14 6 10 4 5 11 7 7 10 5 3 7 9 8 7 7 11 9 8 15 6 10 9 8 8 13 5 10 8 11 9 8 5 10 4 9 10 4 7 10 7 11 13 7 5 8 10 12 6 8 10 8 6 3 10 9 4 8 5 8 7 6 5 5 4 10 10 10 9 13 7 5 6 5 9 12 7 8 7 7 10 7 11 12 5 13 7 7 10 9 10 6 9 7 8 9 11 8 7 7 8 9 8 0 7 10 6 9 8 8 3 13 7 9 8 7 4 9 7 6 9 7 9 10 12 8 6 8 6 3 7 8 8 8 1 9 9 8 11 5 7 12 9 5 15 10 2 11 11 8 4 8 4 7 5 5 7 6 11 7 7 9 4 4 11 7 9 7 10 11 9 
5 6 7 5 5 7 6 7 5 4 6 5 9 4 5 6 6 5 3 6 5 6 2 5 5 6 6 4 4 5 7 4 7 7 3 8 7 6 2 10 4 4 5 4 7 3 2 2 5 4 3 5 4 5 5 3 7 5 5 7 4 10 4 6 2 3 4 4 5 2 7 1 4 5 4 5 5 5 4 8 4 3 4 5 4 5 5 7 5 5 4 3 6 6 4 7 3 2 6 5 5 3 8 4 7 2 4 6 3 3 4 8 3 2 8 4 5 6 8 4 4 6 7 4 3 6 5 5 6 6 6 4 4 4 1 5 8 5 6 7 6 4 4 5 5 5 5 5 5 4 2 6 4 3 7 5 5 8 4 4 4 3 5 7 5 6 5 4 2 3 8 8 3 6 6 6 5 5 7 6 6 3 4 5 5 4 5 5 4 6 3 5 7 4 6 2 7 5 6 4 
11 10 9 7 7 9 0 11 9 9 5 4 5 9 10 7 6 8 5 15 5 8 6 11 9 9 7 5 5 11 6 6 4 9 12 12 5 2 8 10 7 4 7 5 8 7 4 5 3 6 4 7 14 9 6 8 11 7 8 6 11 10 5 7 8 7 7 3 9 5 6 9 9 15 10 12 12 9 9 9 16 12 6 7 7 9 8 4 10 6 6 9 12 5 4 12 6 6 12 10 7 10 11 12 13 8 11 10 6 7 9 5 9 7 7 7 8 9 6 7 8 11 7 10 7 9 1 7 7 8 7 9 11 12 10 8 4 6 7 3 6 10 6 5 12 7 8 6 6 10 7 10 8 7 3 15 12 9 11 11 4 8 5 10 9 9 9 6 10 7 6 6 7 7 3 8 9 12 10 10 6 8 5 9 4 7 14 10 6 11 10 8 3 14 9 10 6 7 12 9 
7 5 8 8 5 4 7 7 5 6 8 4 3 5 8 8 7 5 7 6 7 8 7 6 6 8 5 1 7 3 4 5 5 6 9 7 7 3 6 7 4 7 8 9 10 6 5 7 8 5 5 6 5 7 6 4 4 8 4 7 9 7 11 7 5 11 3 6 3 5 10 7 6 6 5 6 10 7 6 5 7 6 3 2 7 5 6 9 10 5 8 3 3 4 6 4 3 6 3 7 5 5 6 9 7 5 4 6 5 7 7 8 7 6 5 4 7 6 7 4 6 4 9 4 6 5 6 7 5 7 4 2 7 8 2 6 7 7 6 9 6 6 7 9 8 7 5 7 4 4 2 4 5 7 6 6 7 6 6 3 3 5 6 4 4 7 5 7 6 7 8 5 6 4 7 10 6 7 4 6 3 8 4 6 6 9 4 4 6 0 5 7 5 8 4 7 6 8 8 11 
3 4 3 6 7 3 5 6 6 7 6 5 7 5 5 8 6 5 7 4 5 4 4 3 5 7 6 6 4 2 5 5 9 5 4 7 8 6 7 4 7 3 4 6 7 6 8 5 5 7 6 6 5 4 6 6 4 5 7 4 3 5 6 5 4 3 7 4 5 8 5 3 4 2 4 6 7 7 5 5 2 7 8 7 5 7 11 5 3 4 6 2 6 4 8 4 2 4 6 3 5 5 7 9 6 6 5 6 4 7 6 6 6 8 3 6 8 5 4 6 5 4 4 4 5 7 4 6 3 5 8 2 3 4 9 6 8 7 3 3 1 6 8 2 5 5 5 2 3 4 3 4 6 3 4 5 7 3 6 7 6 5 5 4 2 3 7 1 2 5 5 5 7 6 5 8 3 4 5 5 5 5 6 4 5 6 5 4 4 2 6 6 3 5 5 6 7 3 3 4 
1 1 1 1 1 0 0 1 1 1 1 1 1 1 1 1 1 1 1 1 0 1 0 1 1 1 1 1 1 1 2 1 1 1 1 1 1 1 1 1 1 1 1 0 1 1 1 1 1 2 1 1 1 1 1 1 1 1 1 1 1 0 1 1 1 1 1 2 0 0 0 1 1 1 1 1 0 2 1 0 1 1 1 1 1 0 1 1 1 1 1 1 1 1 1 1 1 1 1 1 1 1 1 1 1 1 2 1 1 1 1 1 1 1 1 1 1 2 1 1 1 1 1 1 2 1 0 0 1 1 1 1 1 1 1 1 0 1 1 1 1 1 1 1 1 1 1 1 1 1 1 1 1 1 1 1 1 1 1 1 1 0 1 1 1 2 1 2 0 1 1 0 1 1 2 1 1 1 1 1 1 1 1 0 2 1 1 1 1 1 1 1 1 1 1 1 1 1 1 1 
2 11 2 8 10 3 2 9 8 7 2 4 5 8 7 11 6 7 10 6 10 9 6 6 7 6 6 10 8 10 5 6 7 9 7 7 6 12 7 10 7 8 4 7 6 7 8 4 8 9 6 7 7 7 8 7 8 7 10 4 9 4 9 7 7 8 9 7 11 6 4 10 8 8 12 7 5 5 5 7 9 9 1 6 11 9 6 7 7 9 6 4 6 6 3 5 6 5 12 8 11 5 6 9 7 4 3 8 6 8 7 8 6 10 8 5 6 6 3 5 2 5 4 8 7 5 6 2 11 7 6 10 4 4 6 7 10 8 9 12 13 5 7 4 7 8 7 7 9 3 6 8 7 4 10 7 9 9 6 7 11 8 5 5 8 4 6 10 9 10 7 8 6 7 7 8 6 3 4 9 11 7 10 7 7 10 9 6 4 5 5 10 9 8 8 10 3 9 9 12 
1 2 3 3 2 1 1 1 2 3 1 2 0 2 3 3 1 3 3 3 1 1 2 2 1 3 1 2 2 3 3 2 1 2 2 3 2 2 4 2 1 2 1 1 2 2 3 3 2 1 2 2 2 2 1 1 1 3 1 2 0 3 1 1 3 3 2 2 2 1 2 2 2 2 3 2 2 0 3 3 2 1 1 2 2 2 0 2 1 3 1 2 2 3 2 2 1 2 2 3 2 3 4 3 2 1 2 3 1 2 1 3 2 2 2 3 2 2 1 1 2 2 3 0 2 2 2 2 2 2 2 2 1 2 3 2 1 2 1 1 1 2 4 2 2 3 2 2 4 3 2 1 2 2 2 3 1 2 2 2 2 2 2 2 2 2 2 2 2 2 2 1 3 2 2 2 2 3 2 3 3 1 2 4 2 1 2 2 1 2 4 2 2 2 3 3 2 3 2 3 
14 9 9 16 5 13 11 12 16 13 13 11 6 11 11 14 13 9 12 9 5 13 10 11 10 9 8 16 14 8 8 11 7 9 8 0 10 2 6 9 9 13 12 10 5 12 12 10 6 11 6 6 10 12 7 13 11 3 12 13 4 15 9 15 13 7 12 16 11 9 14 16 11 5 16 10 7 7 6 10 14 9 8 15 14 17 8 16 14 5 9 9 6 12 15 9 14 9 5 9 15 9 9 10 14 10 7 8 5 12 6 7 13 11 11 15 6 12 17 13 9 16 10 14 4 5 14 21 9 11 7 9 9 7 13 7 11 11 12 14 4 7 16 16 7 9 5 5 7 9 8 9 14 12 1 10 11 4 13 8 10 10 13 11 12 6 10 13 15 15 5 4 11 8 16 5 17 12 13 2 9 7 11 11 9 7 5 11 8 12 11 9 10 12 10 13 8 16 13 7 
2 3 2 3 2 3 4 3 3 3 3 3 2 4 3 1 4 4 4 3 4 4 2 2 4 2 3 4 3 4 3 0 3 4 4 3 3 3 4 3 3 5 2 3 3 4 4 2 3 4 1 4 2 4 1 4 3 2 2 4 3 3 4 4 3 4 3 3 2 3 3 5 4 4 6 2 2 3 4 3 2 5 5 4 3 3 3 2 4 1 1 4 4 3 2 3 2 3 3 3 2 2 4 2 2 3 3 2 3 3 4 3 4 4 2 2 2 3 2 4 5 3 3 3 5 2 3 4 4 4 4 2 2 2 4 2 2 1 2 4 2 2 3 5 2 2 1 4 4 3 2 5 4 4 4 4 3 2 3 4 2 0 1 2 3 2 3 3 3 3 4 1 6 4 3 5 2 1 1 3 2 3 1 3 3 3 4 3 3 2 1 2 3 4 1 3 4 3 2 2 
1 1 1 1 1 1 1 1 1 1 1 1 1 1 1 0 2 1 1 1 1 1 1 1 1 1 1 1 2 1 1 1 1 1 1 0 1 1 1 1 1 1 1 1 1 2 1 2 1 1 1 1 1 1 1 1 1 0 1 1 2 1 1 1 1 1 1 1 1 1 1 1 1 1 1 0 1 1 1 1 1 1 1 1 1 1 1 1 1 1 1 1 0 1 1 1 2 1 1 1 1 1 1 1 1 1 1 1 1 1 1 1 1 1 1 1 1 2 1 1 2 1 1 1 1 1 1 1 2 1 0 1 2 1 1 1 1 1 1 1 1 1 1 1 1 1 1 1 1 1 1 1 1 1 1 1 1 2 1 1 1 2 1 1 1 1 0 1 1 1 1 1 1 1 1 2 1 1 1 1 1 1 1 1 1 1 1 1 1 1 1 1 1 1 1 1 1 1 1 1 
2 8 7 3 7 6 6 4 6 9 13 9 5 8 5 4 8 5 6 8 7 8 5 3 5 11 8 6 9 9 8 8 8 7 8 5 8 5 7 9 6 2 7 7 9 12 8 6 7 7 8 9 9 7 7 5 7 7 9 6 9 3 3 7 9 6 8 6 6 8 5 6 10 6 8 8 6 8 8 9 6 10 10 10 3 5 3 9 11 8 4 12 10 9 9 8 10 4 14 7 8 8 7 6 7 9 7 5 6 6 7 6 8 9 6 6 5 3 9 9 7 9 5 6 9 7 5 7 8 6 9 9 7 8 9 10 9 6 7 6 10 9 5 7 7 8 3 8 12 9 9 5 6 10 5 6 10 4 5 9 4 9 5 6 9 7 3 5 8 5 5 9 7 9 6 4 7 7 8 7 5 7 6 8 9 5 7 6 6 11 4 6 5 7 11 10 7 4 9 9 
2 2 4 3 3 4 3 3 3 1 2 4 2 2 5 5 3 4 3 2 2 3 2 4 1 3 3 3 2 3 1 0 3 3 3 1 4 3 2 2 4 3 4 2 4 2 4 3 3 5 3 2 3 3 3 3 5 2 2 3 5 3 3 2 3 3 3 3 1 3 3 6 4 4 4 2 5 3 3 6 2 2 2 3 3 3 3 4 2 3 4 3 2 2 4 5 4 3 2 3 3 3 3 3 3 4 4 3 3 4 2 4 2 2 2 3 2 4 4 3 3 2 2 5 2 4 3 3 3 2 3 3 2 4 2 1 4 5 2 4 3 2 2 3 1 5 2 3 2 3 1 4 2 4 3 3 2 2 2 3 2 4 1 3 2 5 2 4 5 2 5 4 2 2 4 3 4 1 3 3 3 2 1 3 4 3 6 2 3 2 3 3 0 3 4 5 3 2 3 3 
3 4 6 5 3 5 6 3 3 4 4 3 7 7 6 4 4 4 8 4 5 4 4 4 4 6 5 7 4 3 5 6 1 4 5 3 6 3 4 5 5 6 2 4 6 4 5 3 4 4 3 4 4 2 4 5 2 3 3 9 4 6 3 5 5 4 6 3 1 7 5 4 2 2 5 4 5 3 4 1 4 5 2 4 3 6 4 6 4 5 6 4 4 4 3 8 3 5 3 4 4 5 4 3 3 3 4 4 2 2 7 5 2 3 3 0 4 4 4 2 8 5 5 4 3 5 5 5 4 4 3 6 3 7 5 4 3 2 4 5 5 3 5 4 4 6 3 4 2 2 5 2 2 3 5 3 3 1 7 4 4 3 6 3 6 6 5 6 3 6 1 5 4 5 4 6 2 7 2 5 6 4 4 4 2 3 4 3 5 6 6 5 5 5 5 3 3 4 2 4 
8 6 7 7 5 8 4 7 4 6 7 7 5 8 7 4 6 7 2 6 3 9 8 3 5 8 6 7 6 8 3 5 8 6 6 2 7 3 7 9 7 7 4 6 4 6 4 4 9 4 6 9 9 5 6 5 7 4 5 5 3 2 6 9 3 5 4 3 6 7 8 1 3 7 6 11 4 5 6 9 6 5 6 7 4 5 8 3 6 8 4 5 2 3 5 3 7 7 7 9 7 4 9 6 4 10 5 6 4 4 5 10 6 5 3 11 10 5 8 7 6 1 10 8 9 4 6 3 2 6 7 4 5 5 5 3 2 9 7 7 5 7 8 11 9 8 5 5 6 10 7 4 4 4 6 7 7 4 5 4 6 4 6 6 7 6 5 4 6 7 5 4 10 7 8 5 8 7 4 6 5 7 4 6 9 9 7 8 6 9 7 7 3 5 6 8 5 8 4 5 
