NAME  : Jabali_60_3_0.90_1_9
TYPE : SVRP
MODEL : FINITE_SUPPORT
NUMBER_OF_SCENARIOS : 200
DIMENSION : 60
EDGE_WEIGHT_TYPE : MATRIX
CAPACITY : 116
N_VEHICLES : 3
NODE_COORD_SECTION
1 3242 4094
2 3264 929
3 6748 3419
4 5163 4030
5 4870 73
6 1966 6369
7 6583 960
8 6988 1457
9 4704 2248
10 3409 1316
11 4971 5265
12 547 854
13 4459 1334
14 5248 5329
15 1874 5422
16 3318 3694
17 7946 1034
18 3215 4868
19 497 2870
20 1923 6787
21 7280 861
22 309 4009
23 2777 6126
24 5222 4576
25 5147 7579
26 4424 6770
27 5627 2724
28 2591 18
29 3409 2224
30 3010 2686
31 7750 1613
32 328 4707
33 6972 3116
34 3138 7142
35 3708 6115
36 2973 5806
37 1455 5846
38 6107 3996
39 1655 352
40 6372 3263
41 2663 1108
42 920 4321
43 2207 2419
44 2770 1885
45 1250 1940
46 301 5858
47 27 4185
48 2413 4023
49 5388 3481
50 5294 2281
51 4773 1018
52 7011 610
53 4577 6520
54 7627 1932
55 83 4027
56 7268 1141
57 4444 1125
58 5877 3362
59 6254 1571
60 6059 6639
DEMAND_SECTION
1 0.0
2 10.0
3 8.0
4 10.0
5 3.0
6 2.0
7 9.0
8 7.0
9 1.0
10 4.0
11 7.0
12 5.0
13 3.0
14 6.0
15 3.0
16 7.0
17 10.0
18 5.0
19 2.0
20 3.0
21 4.0
22 1.0
23 2.0
24 1.0
25 4.0
26 5.0
27 8.0
28 2.0
29 8.0
30 8.0
31 3.0
32 10.0
33 2.0
34 1.0
35 6.0
36 8.0
37 1.0
38 6.0
39 1.0
40 9.0
41 8.0
42 8.0
43 2.0
44 6.0
45 10.0
46 7.0
47 7.0
48 10.0
49 9.0
50 5.0
51 6.0
52 8.0
53 3.0
54 3.0
55 5.0
56 1.0
57 4.0
58 3.0
59 6.0
60 9.0
DEVIATION_SECTION
1 0.0
2 3.33333
3 2.66667
4 3.33333
5 1.0
6 0.666667
7 3.0
8 2.33333
9 0.333333
10 1.33333
11 2.33333
12 1.66667
13 1.0
14 2.0
15 1.0
16 2.33333
17 3.33333
18 1.66667
19 0.666667
20 1.0
21 1.33333
22 0.333333
23 0.666667
24 0.333333
25 1.33333
26 1.66667
27 2.66667
28 0.666667
29 2.66667
30 2.66667
31 1.0
32 3.33333
33 0.666667
34 0.333333
35 2.0
36 2.66667
37 0.333333
38 2.0
39 0.333333
40 3.0
41 2.66667
42 2.66667
43 0.666667
44 2.0
45 3.33333
46 2.33333
47 2.33333
48 3.33333
49 3.0
50 1.66667
51 2.0
52 2.66667
53 1.0
54 1.0
55 1.66667
56 0.333333
57 1.33333
58 1.0
59 2.0
60 3.0
DISTANCE_MATRIX
0.0 41.3664 48.3011 26.2488 55.4437 33.7343 67.0501 63.4638 33.3839 36.569 28.4243 57.9397 38.4708 31.5422 25.5539 5.0 76.1682 11.4018 41.3038 38.5593 75.9676 40.5216 26.6838 27.0185 53.2673 39.2488 38.9513 55.703 24.2869 19.872 69.6563 40.7063 51.9711 41.8774 33.5289 24.7444 33.121 38.8973 57.1594 43.909 41.2579 32.311 30.245 30.9871 40.2545 46.0109 43.9659 11.0 30.5287 40.9919 42.9245 73.7236 37.0655 66.6558 42.72 68.8429 40.4475 37.2156 59.6174 51.4943 
41.3664 0.0 56.6127 48.0995 24.0832 75.0661 44.9222 50.8035 26.8328 5.0 63.7487 36.6742 17.0294 63.506 64.884 36.4341 62.6418 52.4107 45.3431 79.8294 53.7587 57.3062 68.0069 53.9132 92.2494 78.3435 39.2173 15.6205 17.088 24.1868 60.8276 63.1585 57.4891 83.2005 72.6236 66.0675 70.9503 55.7715 23.1948 51.8652 8.06226 54.4243 24.3516 14.3178 29.8329 76.0488 60.5392 47.311 47.7121 32.28 21.095 50.6952 75.9706 60.2993 59.1692 53.8516 17.0294 47.4603 41.1947 84.3455 
48.3011 56.6127 0.0 22.8035 48.9378 77.9017 31.9531 26.3059 30.4138 52.6308 33.3115 90.5539 41.5601 32.6956 71.3942 46.2385 35.5106 52.8374 85.7072 78.8917 34.1321 88.3912 70.8424 26.4008 60.2993 54.0833 17.4642 71.3406 48.0104 51.4782 27.6586 89.0056 4.47214 67.6564 52.7502 68.903 78.5935 11.6619 79.555 5.0 62.3699 80.5295 62.2896 57.0789 77.026 92.8557 91.9239 58.3095 18.0278 24.3516 39.7205 36.6742 50.9215 23.7697 90.6201 31.0644 43.5601 11.4018 24.6982 45.0999 
26.2488 48.0995 22.8035 0.0 58.2928 55.1522 44.5674 42.3792 29.0082 43.1062 17.2426 75.8947 41.381 17.0 48.6447 25.1794 54.5619 30.088 66.0681 59.9684 50.2892 66.7608 48.093 7.28011 47.7131 38.4951 18.2652 63.5601 33.541 33.7343 47.5079 66.7083 26.9072 51.7619 36.6813 46.1535 55.844 12.6491 68.0955 19.105 50.774 58.5235 44.7214 42.5441 60.208 70.1062 70.214 36.8782 8.06226 24.7723 45.7841 51.1957 35.3607 44.1022 68.9638 47.7598 43.381 13.0384 35.4429 37.4433 
55.4437 24.0832 48.9378 58.2928 0.0 89.1448 25.1794 32.7567 30.4281 25.0 74.5658 58.6941 17.0294 74.3232 80.4044 50.5128 42.0476 66.2415 69.3109 93.9081 33.0151 80.4487 82.0856 65.1507 105.036 95.8183 40.6032 30.5941 34.176 42.72 42.4264 85.7888 47.8017 100.88 85.7991 80.1462 88.019 54.8329 43.0116 45.9574 32.0156 77.0541 46.8722 36.6197 53.9073 98.656 83.8153 61.3897 50.2335 34.2578 14.3178 29.1548 92.6839 43.1741 82.4197 34.0588 15.0333 46.9501 25.9422 92.9974 
33.7343 75.0661 77.9017 55.1522 89.1448 0.0 96.5408 94.7341 67.0824 70.2687 43.5913 76.3217 72.183 44.8383 12.53 38.6394 107.439 25.4984 50.9902 5.09902 102.499 38.833 12.7279 53.6169 44.2832 32.249 70.2216 84.9444 57.9867 53.5718 100.925 32.2025 81.8837 17.4642 24.4131 17.2047 9.84886 67.5656 79.7295 73.9111 71.4208 31.1448 53.0067 63.302 59.4811 24.0208 40.3113 33.2415 60.9643 74.6903 76.6226 103.206 33.7343 97.8721 39.9625 100.113 74.1558 67.3931 87.4163 53.9351 
67.0501 44.9222 31.9531 44.5674 25.1794 96.5408 0.0 8.06226 35.3599 43.4626 60.2783 81.4923 29.5296 60.0333 91.6653 62.1092 17.72 71.2467 86.8314 101.357 8.94427 95.7644 89.4816 51.2445 90.1388 81.5308 26.8948 55.0818 47.5581 55.7675 17.2627 104.4 29.0689 94.7976 79.717 87.5421 99.2708 40.3113 66.7533 30.5941 52.811 95.4427 62.5443 53.3385 73.3485 111.6 99.2208 72.9994 36.5206 27.7864 24.5967 7.2111 78.3964 18.3848 97.8105 9.05539 28.6356 33.0 9.21954 76.2955 
63.4638 50.8035 26.3059 42.3792 32.7567 94.7341 8.06226 0.0 34.2354 48.7647 57.0157 87.4757 34.4819 56.7186 88.0999 62.6765 13.4536 69.673 91.4169 99.5503 8.06226 100.094 87.6749 48.5077 86.0233 78.2682 25.5539 62.0081 52.1435 58.4166 10.0499 104.967 22.8035 91.535 76.4544 85.7354 95.344 36.0555 73.2462 26.0192 58.4637 96.01 67.1297 57.9395 78.1954 109.258 103.55 73.5668 34.5398 26.6619 29.8329 10.4403 75.1338 10.4403 102.14 5.38516 33.9559 29.8329 10.2956 71.3442 
33.3839 26.8328 30.4138 29.0082 30.4281 67.0824 35.3599 34.2354 0.0 22.4722 45.2812 60.208 13.4018 45.0386 57.9991 28.443 47.555 44.1803 58.3095 71.8986 41.5961 65.8617 60.0231 35.8661 75.7517 66.5337 13.0384 42.19 18.4391 24.2187 42.2571 70.7337 32.0156 78.8185 63.7379 58.0837 65.6046 29.0082 49.3356 25.4951 32.0156 61.7766 33.8378 27.074 47.5184 77.9337 69.3181 39.3333 20.9488 7.61577 17.8049 42.0389 63.3993 40.2492 67.9079 39.4838 15.4018 20.697 26.2354 63.7128 
36.569 5.0 52.6308 43.1062 25.0 70.2687 43.4626 48.7647 22.4722 0.0 58.7554 39.1152 14.3178 58.5127 62.5897 31.6367 61.0983 47.6134 44.5982 75.0321 52.3927 55.4707 63.2096 48.9198 87.4476 73.5417 35.171 20.5183 12.3693 20.0 58.6941 60.8874 53.7587 78.4031 67.8218 61.2701 68.656 51.4784 26.9258 47.8017 10.0 52.1526 21.9545 11.6619 30.0167 73.7545 58.8218 45.0167 43.4191 28.4429 18.9737 49.6488 71.1688 57.8705 57.4282 52.2015 14.8661 43.1673 38.833 79.3522 
28.4243 63.7487 33.3115 17.2426 74.5658 43.5913 60.2783 57.0157 45.2812 58.7554 0.0 89.2426 57.654 3.16228 42.8686 35.5636 68.1332 24.3311 69.0671 45.6281 65.0703 66.1211 31.5198 10.0736 32.573 22.0907 34.5081 79.2093 48.4467 46.7279 60.5454 64.1327 37.7837 34.4819 19.4867 39.8531 49.5436 21.7069 83.0589 31.4456 66.0892 57.2189 57.2128 56.9399 72.711 64.4791 69.2604 38.6775 24.6387 41.0453 62.0571 66.5323 19.0263 56.7974 68.1836 62.2943 59.654 27.3294 51.2426 24.8395 
57.9397 36.6742 90.5539 75.8947 58.6941 76.3217 81.4923 87.4757 60.208 39.1152 89.2426 0.0 53.3385 89.0 63.8122 57.349 99.2018 66.044 27.6586 81.1234 90.2497 43.7379 74.411 80.2309 110.509 96.4909 73.2462 29.4109 42.9535 42.5441 97.4936 52.1728 92.1954 89.4986 90.771 72.4721 68.4251 86.3481 16.4012 85.5862 29.1548 47.1699 32.249 33.7343 17.6918 67.9117 45.2769 48.2415 74.7329 67.0298 57.7062 86.977 94.3076 96.8762 44.4072 90.471 53.6004 80.145 77.7817 109.305 
38.4708 17.0294 41.5601 41.381 17.0294 72.183 29.5296 34.4819 13.4018 14.3178 57.654 53.3385 0.0 57.4114 63.4426 33.551 47.0106 49.2788 57.4282 76.9993 38.4708 66.6247 65.1238 48.2389 88.1245 73.852 24.3607 31.0161 18.6011 26.9258 44.3847 71.8829 42.2616 83.917 68.8364 63.1844 71.0572 41.381 40.1995 36.9285 24.1868 63.1481 33.3017 23.8537 43.8634 83.0283 70.0811 44.4279 33.3216 17.2315 5.0 36.0555 75.772 43.566 68.6708 38.0789 2.0 33.0644 24.5153 76.0856 
31.5422 63.506 32.6956 17.0 74.3232 44.8383 60.0333 56.7186 45.0386 58.5127 3.16228 89.0 57.4114 0.0 45.4666 35.3209 67.72 27.1662 72.185 46.8752 64.7765 69.0652 32.7668 9.83095 30.8058 21.587 34.2345 78.9667 48.2041 46.4853 60.0833 66.9104 37.1618 35.2278 20.7337 42.4511 51.401 21.1896 82.8162 31.0483 65.8466 60.1332 56.9701 56.6972 72.4684 67.0771 72.1734 41.7953 24.3311 40.8027 61.8145 66.2722 18.4391 56.3028 71.1126 61.9839 59.4114 27.074 51.0 21.9317 
25.5539 64.884 71.3942 48.6447 80.4044 12.53 91.6653 88.0999 57.9991 62.5897 42.8686 63.8122 63.4426 45.4666 0.0 29.9666 100.804 19.4165 38.8973 17.4642 95.8648 28.2312 15.1327 47.7595 52.4976 38.6394 63.5874 72.573 49.2462 44.8314 94.2924 23.1948 75.3762 27.4591 26.1725 16.2788 7.61577 61.058 67.3573 67.4036 59.0494 19.7231 40.6353 50.9306 46.9574 21.6333 30.3645 22.0907 54.4518 65.6071 67.8886 98.3388 39.2046 91.2853 29.7321 93.479 65.4153 60.8769 80.7821 59.0085 
5.0 36.4341 46.2385 25.1794 50.5128 38.6394 62.1092 62.6765 28.443 31.6367 35.5636 57.349 33.551 35.3209 29.9666 0.0 73.2462 16.2788 41.0 43.4166 71.0267 42.1545 31.5802 27.2947 56.9401 42.9216 36.0292 50.7707 19.3547 14.9398 66.7343 43.2666 49.6588 46.7738 37.2017 29.6408 37.5766 37.6563 52.2272 41.6293 36.3256 34.4819 25.3127 26.0548 40.811 49.8197 45.6946 12.083 28.2312 36.051 37.9836 68.7826 40.7383 63.7338 44.3847 67.9249 35.5237 34.9285 54.6765 55.0998 
76.1682 62.6418 35.5106 54.5619 42.0476 107.439 17.72 13.4536 47.555 61.0983 68.1332 99.2018 47.0106 67.72 100.804 73.2462 0.0 82.3774 104.157 112.255 9.05539 113.09 100.379 60.1664 95.7549 89.2861 38.6005 72.4431 64.8833 71.7362 8.0 118.287 31.257 102.652 87.5719 98.4398 108.048 46.5725 84.3445 36.6879 70.5195 109.33 79.8696 70.6794 90.8735 121.963 116.546 86.8864 47.0106 39.9815 42.1545 13.0384 86.1278 12.0 115.136 8.94427 46.2385 41.6293 23.6008 80.0562 
11.4018 52.4107 52.8374 30.088 66.2415 25.4984 71.2467 69.673 44.1803 47.6134 24.3311 66.044 49.2788 27.1662 19.4165 16.2788 82.3774 0.0 46.8188 30.3146 77.205 42.0 18.4391 29.2028 45.0463 31.0278 45.1604 66.7474 35.3313 30.9164 75.8653 39.8121 56.8194 33.6327 25.3079 16.4997 26.1725 42.5013 68.2038 48.8468 52.3022 33.0151 40.8647 42.0315 48.3588 41.0488 45.0444 17.8045 35.9 51.4346 53.7209 77.9124 28.8444 72.8078 44.0114 75.052 51.2483 42.3289 62.1222 44.643 
41.3038 45.3431 85.7072 66.0681 69.3109 50.9902 86.8314 91.4169 58.3095 44.5982 69.0671 27.6586 57.4282 72.185 38.8973 41.0 104.157 46.8188 0.0 55.4437 95.7489 16.1245 51.8652 68.1175 89.1117 74.4312 70.5151 47.5395 40.2492 34.4819 100.494 24.5153 88.5268 66.0681 72.1261 50.3266 42.2019 78.3135 37.6563 80.8084 37.8021 20.2485 24.5967 33.6006 16.5529 40.2616 18.0278 30.4138 67.9366 65.9242 62.426 93.4773 74.3674 98.4964 17.0 95.2129 58.6003 74.3408 81.3028 91.3947 
38.5593 79.8294 78.8917 59.9684 93.9081 5.09902 101.357 99.5503 71.8986 75.0321 45.6281 81.1234 76.9993 46.8752 17.4642 43.4166 112.255 30.3146 55.4437 0.0 107.315 42.638 16.1245 55.6537 43.0 32.28 75.0378 89.98 62.75 58.3351 105.741 35.5106 83.3638 16.0312 26.8701 21.0238 13.4536 67.287 84.7651 77.0257 76.4564 35.3836 58.0423 68.3376 64.405 25.318 43.8292 38.3275 65.7805 79.5065 81.4392 108.023 34.176 102.688 43.6005 104.929 78.9721 72.2094 92.2325 54.1202 
75.9676 53.7587 34.1321 50.2892 33.0151 102.499 8.94427 8.06226 41.5961 52.3927 65.0703 90.2497 38.4708 64.7765 95.8648 71.0267 9.05539 77.205 95.7489 107.315 0.0 104.682 95.4398 56.5155 94.0479 86.3227 33.1059 63.3877 56.4756 64.685 11.4018 113.317 30.4138 99.5895 84.509 93.5003 103.109 44.1022 75.3127 34.0588 61.6847 104.36 71.4618 62.2656 82.2922 119.277 108.138 81.9169 42.3792 34.0226 33.541 4.47214 83.1883 14.2127 106.728 3.16228 37.5766 37.855 16.4012 79.2275 
40.5216 57.3062 88.3912 66.7608 80.4487 38.833 95.7644 100.094 65.8617 55.4707 66.1211 43.7379 66.6247 69.0652 28.2312 42.1545 113.09 42.0 16.1245 42.638 104.682 0.0 43.0116 67.082 80.6536 66.4831 77.9133 62.0967 48.416 41.768 108.618 8.544 91.7878 55.4707 52.6278 42.7551 29.2062 79.404 53.2353 83.7735 50.5668 9.05539 33.6006 43.8292 31.4006 24.3516 3.60555 30.0832 70.3847 73.4664 71.5799 102.438 66.7083 105.618 2.23607 104.146 68.0625 77.0779 92.0936 85.8693 
26.6838 68.0069 70.8424 48.093 82.0856 12.7279 89.4816 87.6749 60.0231 63.2096 31.5198 74.411 65.1238 32.7668 15.1327 31.5802 100.379 18.4391 51.8652 16.1245 95.4398 43.0116 0.0 41.5454 37.6962 23.5372 63.1623 81.422 50.9275 46.5126 93.8659 38.3275 74.8244 15.2643 12.083 5.09902 18.6815 60.5063 76.2071 66.8518 67.8984 34.176 49.4843 57.6277 56.8536 34.4819 45.3542 27.6043 53.905 67.6311 69.5637 96.1472 24.0832 90.8128 44.643 93.0539 67.0966 60.3339 80.357 44.0114 
27.0185 53.9132 26.4008 7.28011 65.1507 53.6169 51.2445 48.5077 35.8661 48.9198 10.0736 80.2309 48.2389 9.83095 47.7595 27.2947 60.1664 29.2028 68.1175 55.6537 56.5155 67.082 41.5454 0.0 40.5441 31.326 25.02 69.3738 38.833 37.6962 52.8015 66.1852 30.8058 44.5929 29.5123 45.2684 54.9588 14.8661 73.4983 23.7065 56.4004 58.4637 48.3839 47.5079 63.8905 69.8944 70.406 38.0132 15.0333 31.6301 52.642 57.7062 28.1916 49.1935 69.2315 53.8516 50.2389 18.6815 42.1283 30.6105 
53.2673 92.2494 60.2993 47.7131 105.036 44.2832 90.1388 86.0233 75.7517 87.4476 32.573 110.509 88.1245 30.8058 52.4976 56.9401 95.7549 45.0463 89.1117 43.0 94.0479 80.6536 37.6962 40.5441 0.0 15.0 64.9384 106.587 75.1656 70.7559 87.8237 75.4321 64.4981 27.0185 30.6105 38.9487 53.7587 50.0 108.156 60.0083 92.1417 71.8679 80.4106 81.871 92.8242 68.1175 82.8613 62.3739 55.109 71.5158 92.5276 96.0052 16.2788 83.863 82.2192 91.0879 90.1245 57.2189 81.3019 17.4929 
39.2488 78.3435 54.0833 38.4951 95.8183 32.249 81.5308 78.2682 66.5337 73.5417 22.0907 96.4909 73.852 21.587 38.6394 42.9216 89.2861 31.0278 74.4312 32.28 86.3227 66.4831 23.5372 31.326 15.0 0.0 55.7606 92.681 61.2597 56.85 81.6088 61.8142 58.5235 17.0 15.6205 24.1661 41.0 42.72 94.1374 52.6308 78.2358 57.5674 66.3921 67.9651 78.8057 56.2228 68.884 48.3553 45.8912 62.2977 83.3096 87.7847 3.16228 77.7946 68.1542 83.5468 80.9065 48.5819 72.4951 21.8403 
38.9513 39.2173 17.4642 18.2652 40.6032 70.2216 26.8948 25.5539 13.0384 35.171 34.5081 73.2462 24.3607 34.2345 63.5874 36.0292 38.6005 45.1604 70.5151 75.0378 33.1059 77.9133 63.1623 25.02 64.9384 55.7606 0.0 54.1295 31.1448 36.3836 32.5269 79.2896 19.0 69.0274 53.9468 61.2229 70.8314 17.8045 62.0967 12.6491 44.911 70.6353 46.1487 40.0125 60.2993 84.7457 81.4931 48.0321 10.2059 7.2111 28.7638 33.5738 52.6262 29.8329 80.1494 30.8869 26.3607 9.21954 17.7703 52.9245 
55.703 15.6205 71.3406 63.5601 30.5941 84.9444 55.0818 62.0081 42.19 20.5183 79.2093 29.4109 31.0161 78.9667 72.573 50.7707 72.4431 66.7474 47.5395 89.98 63.3877 62.0967 81.422 69.3738 106.587 92.681 54.1295 0.0 31.6228 37.1618 72.0 69.2315 72.0421 96.6156 86.9611 79.4826 78.6394 70.9664 13.0384 66.709 14.8661 61.4003 33.2415 25.632 31.0161 83.3847 64.846 55.0 62.9071 47.012 33.9559 59.6825 90.3081 72.111 63.6003 64.1249 30.3645 62.6498 53.3385 99.8061 
24.2869 17.088 48.0104 33.541 34.176 57.9867 47.5581 52.1435 18.4391 12.3693 48.4467 42.9535 18.6011 48.2041 49.2462 19.3547 64.8833 35.3313 40.2492 62.75 56.4756 48.416 50.9275 38.833 75.1656 61.2597 31.1448 31.6228 0.0 8.544 60.358 53.6742 50.0899 66.1211 55.5398 48.9881 56.8609 43.4166 34.6699 43.0116 17.6918 44.9395 15.6525 9.21954 29.1548 66.5414 51.8724 30.2315 31.7805 25.9615 23.4307 54.2315 58.8869 58.3601 50.4621 55.9395 20.2485 37.217 42.0294 69.0436 
19.872 24.1868 51.4782 33.7343 42.72 53.5718 55.7675 58.4166 24.2187 20.0 46.7279 42.5441 26.9258 46.4853 44.8314 14.9398 71.7362 30.9164 34.4819 58.3351 64.685 41.768 46.5126 37.6962 70.7559 56.85 36.3836 37.1618 8.544 0.0 66.4383 47.0262 54.1322 61.7062 51.1301 44.5732 52.446 45.0999 37.4833 46.5296 22.3607 38.2914 11.0454 11.6619 26.4764 59.8933 45.2244 25.8167 34.0147 31.8267 31.6228 62.441 54.6667 64.468 43.8141 63.665 28.6531 40.1995 50.4166 67.3248 
69.6563 60.8276 27.6586 47.5079 42.4264 100.925 17.2627 10.0499 42.2571 58.6941 60.5454 97.4936 44.3847 60.0833 94.2924 66.7343 8.0 75.8653 100.494 105.741 11.4018 108.618 93.8659 52.8015 87.8237 81.6088 32.5269 72.0 60.358 66.4383 0.0 110.297 23.3452 95.0647 79.9841 91.9264 101.536 38.8973 83.2947 29.1548 68.4471 101.34 75.9462 67.7476 88.0035 115.451 112.198 78.897 40.2244 34.6836 39.8121 15.8114 78.4474 4.0 110.161 8.94427 43.9318 34.4819 19.9249 72.0625 
40.7063 63.1585 89.0056 66.7083 85.7888 32.2025 104.4 104.967 70.7337 60.8874 64.1327 52.1728 71.8829 66.9104 23.1948 43.2666 118.287 39.8121 24.5153 35.5106 113.317 8.544 38.3275 66.1852 75.4321 61.8142 79.2896 69.2315 53.6742 47.0262 110.297 0.0 92.6607 49.3964 49.0 39.0 22.3607 79.3095 61.0328 84.5991 56.921 9.21954 38.9102 49.2283 39.0512 15.8114 8.48528 31.4006 71.1969 78.3417 76.8381 111.073 62.3939 106.994 8.60233 110.216 73.3207 77.8974 96.9672 82.0975 
51.9711 57.4891 4.47214 26.9072 47.8017 81.8837 29.0689 22.8035 32.0156 53.7587 37.7837 92.1954 42.2616 37.1618 75.3762 49.6588 31.257 56.8194 88.5268 83.3638 30.4138 91.7878 74.8244 30.8058 64.4981 58.5235 19.0 72.0421 50.0899 54.1322 23.3452 92.6607 0.0 72.1286 57.2223 72.885 82.5754 16.1245 80.604 8.06226 63.6396 84.0773 64.8287 59.0085 79.2275 96.8377 95.3415 61.7414 21.4709 25.318 38.6433 33.2415 55.3624 19.4165 94.0213 27.2947 44.2616 14.7648 22.6716 49.0102 
41.8774 83.2005 67.6564 51.7619 100.88 17.4642 94.7976 91.535 78.8185 78.4031 34.4819 89.4986 83.917 35.2278 27.4591 46.7738 102.652 33.6327 66.0681 16.0312 99.5895 55.4707 15.2643 44.5929 27.0185 17.0 69.0274 96.6156 66.1211 61.7062 95.0647 49.3964 72.1286 0.0 18.2483 19.3132 27.2029 56.0518 91.4006 65.9648 83.092 47.1699 64.6779 72.8212 72.0069 41.1096 57.2713 42.7979 59.158 75.5645 88.3591 101.052 19.4165 91.3166 56.7979 96.8136 85.8864 61.8487 85.7619 38.6264 
33.5289 72.6236 52.7502 36.6813 85.7991 24.4131 79.717 76.4544 63.7379 67.8218 19.4867 90.771 68.8364 20.7337 26.1725 37.2017 87.5719 25.3079 72.1261 26.8701 84.509 52.6278 12.083 29.5123 30.6105 15.6205 53.9468 86.9611 55.5398 51.1301 79.9841 49.0 57.2223 18.2483 0.0 10.0 30.6757 41.1456 88.4175 50.8843 72.516 43.5936 60.6722 62.2452 73.0858 46.4866 55.3263 42.6354 44.0774 60.484 73.2785 85.971 14.7648 76.2361 54.4536 81.733 70.8059 46.7681 70.6813 33.2415 
24.7444 66.0675 68.903 46.1535 80.1462 17.2047 87.5421 85.7354 58.0837 61.2701 39.8531 72.4721 63.1844 42.4511 16.2788 29.6408 98.4398 16.4997 50.3266 21.0238 93.5003 42.7551 5.09902 45.2684 38.9487 24.1661 61.2229 79.4826 48.9881 44.5732 91.9264 39.0 72.885 19.3132 10.0 0.0 21.4709 58.5669 74.2676 64.9124 65.959 33.7343 47.5449 55.6882 54.9141 37.1618 45.3982 25.6649 51.9656 65.6916 67.6243 94.2077 24.0416 88.8734 44.5533 91.1145 65.1572 58.3944 78.4176 43.1856 
33.121 70.9503 78.5935 55.844 88.019 9.84886 99.2708 95.344 65.6046 68.656 49.5436 68.4251 71.0572 51.401 7.61577 37.5766 108.048 26.1725 42.2019 13.4536 103.109 29.2062 18.6815 54.9588 53.7587 41.0 70.8314 78.6394 56.8609 52.446 101.536 22.3607 82.5754 27.2029 30.6757 21.4709 0.0 68.2573 73.2462 74.5327 65.1158 22.0227 46.7016 56.9969 52.2015 15.8114 30.5287 29.4279 61.5859 73.2126 75.5032 105.944 42.107 98.4937 30.2324 100.723 73.03 68.0148 88.0261 62.2896 
38.8973 55.7715 11.6619 12.6491 54.8329 67.5656 40.3113 36.0555 29.0082 51.4784 21.7069 86.3481 41.381 21.1896 61.058 37.6563 46.5725 42.5013 78.3135 67.287 44.1022 79.404 60.5063 14.8661 50.0 42.72 17.8045 70.9664 43.4166 45.0999 38.8973 79.3095 16.1245 56.0518 41.1456 58.5669 68.2573 0.0 77.4996 10.0499 60.1383 71.1688 56.1427 52.6308 71.4493 82.5195 82.8613 49.4773 11.7047 24.7588 45.6077 46.0109 39.5601 35.1141 81.6088 41.1947 43.381 8.60233 31.7805 36.1386 
57.1594 23.1948 79.555 68.0955 43.0116 79.7295 66.7533 73.2462 49.3356 26.9258 83.0589 16.4012 40.1995 82.8162 67.3573 52.2272 84.3445 68.2038 37.6563 84.7651 75.3127 53.2353 76.2071 73.4983 108.156 94.1374 62.0967 13.0384 34.6699 37.4833 83.2947 61.0328 80.604 91.4006 88.4175 74.2676 73.2462 77.4996 0.0 74.7262 17.4642 54.1479 30.0167 26.2488 22.0 76.0592 55.5788 49.7851 65.8292 55.3173 44.0114 71.8053 91.9541 83.0542 54.4518 75.8024 40.05 70.026 64.0078 103.656 
43.909 51.8652 5.0 19.105 45.9574 73.9111 30.5941 26.0192 25.4951 47.8017 31.4456 85.5862 36.9285 31.0483 67.4036 41.6293 36.6879 48.8468 80.8084 77.0257 34.0588 83.7735 66.8518 23.7065 60.0083 52.6308 12.6491 66.709 43.0116 46.5296 29.1548 84.5991 8.06226 65.9648 50.8843 64.9124 74.5327 10.0499 74.7262 0.0 57.4891 76.0263 57.3149 52.0865 72.0278 88.8651 87.3212 53.7122 13.4164 19.6977 41.3316 36.0555 49.4773 25.4951 86.0058 31.1448 38.9285 6.7082 22.4722 45.7056 
41.2579 8.06226 62.3699 50.774 32.0156 71.4208 52.811 58.4637 32.0156 10.0 66.0892 29.1548 24.1868 65.8466 59.0494 36.3256 70.5195 52.3022 37.8021 76.4564 61.6847 50.5668 67.8984 56.4004 92.1417 78.2358 44.911 14.8661 17.6918 22.3607 68.4471 56.921 63.6396 83.092 72.516 65.959 65.1158 60.1383 17.4642 57.4891 0.0 48.5077 19.0263 10.7703 21.9317 70.214 53.6656 41.4764 48.4679 38.3275 28.6356 58.6941 75.863 67.7422 52.3259 61.6847 24.5153 52.6711 48.6621 86.6861 
32.311 54.4243 80.5295 58.5235 77.0541 31.1448 95.4427 96.01 61.7766 52.1526 57.2189 47.1699 63.1481 60.1332 19.7231 34.4819 109.33 33.0151 20.2485 35.3836 104.36 9.05539 34.176 58.4637 71.8679 57.5674 70.6353 61.4003 44.9395 38.2914 101.34 9.21954 84.0773 47.1699 43.5936 33.7343 22.0227 71.1688 54.1479 76.0263 48.5077 0.0 30.1982 40.4935 32.249 22.0227 12.0416 22.4722 62.6099 69.3845 68.1033 98.9613 57.7235 98.3398 11.0 101.259 64.5859 69.3181 88.01 76.8351 
30.245 24.3516 62.2896 44.7214 46.8722 53.0067 62.5443 67.1297 33.8378 21.9545 57.2128 32.249 33.3017 56.9701 40.6353 25.3127 79.8696 40.8647 24.5967 58.0423 71.4618 33.6006 49.4843 48.3839 80.4106 66.3921 46.1487 33.2415 15.6525 11.0454 75.9462 38.9102 64.8287 64.6779 60.6722 47.5449 46.7016 56.1427 30.0167 57.3149 19.0263 30.1982 0.0 10.2956 15.5242 51.8001 37.0135 23.0623 45.0 41.4367 38.2884 69.2178 64.2088 73.9483 35.609 70.9258 34.6554 51.0882 57.0156 79.4012 
30.9871 14.3178 57.0789 42.5441 36.6197 63.302 53.3385 57.9395 27.074 11.6619 56.9399 33.7343 23.8537 56.6972 50.9306 26.0548 70.6794 42.0315 33.6006 68.3376 62.2656 43.8292 57.6277 47.5079 81.871 67.9651 40.0125 25.632 9.21954 11.6619 67.7476 49.2283 59.0085 72.8212 62.2452 55.6882 56.9969 52.6308 26.2488 52.0865 10.7703 40.4935 10.2956 0.0 20.6155 62.0954 47.2017 33.3576 41.0 34.3657 28.8444 59.9083 65.7817 66.378 45.8039 61.7356 25.0 46.4174 47.8254 77.5367 
40.2545 29.8329 77.026 60.208 53.9073 59.4811 73.3485 78.1954 47.5184 30.0167 72.711 17.6918 43.8634 72.4684 46.9574 40.811 90.8735 48.3588 16.5529 64.405 82.2922 31.4006 56.8536 63.8905 92.8242 78.8057 60.2993 31.0161 29.1548 26.4764 88.0035 39.0512 79.2275 72.0069 73.0858 54.9141 52.2015 71.4493 22.0 72.0278 21.9317 32.249 15.5242 20.6155 0.0 54.0833 33.9559 30.5563 60.1332 54.9181 48.7545 79.6492 76.6224 86.9935 32.7567 81.939 44.7214 66.0076 68.0813 91.62 
46.0109 76.0488 92.8557 70.1062 98.656 24.0208 111.6 109.258 77.9337 73.7545 64.4791 67.9117 83.0283 67.0771 21.6333 49.8197 121.963 41.0488 40.2616 25.318 119.277 24.3516 34.4819 69.8944 68.1175 56.2228 84.7457 83.3847 66.5414 59.8933 115.451 15.8114 96.8377 41.1096 46.4866 37.1618 15.8114 82.5195 76.0592 88.8651 70.214 22.0227 51.8001 62.0954 54.0833 0.0 23.7065 39.4462 75.8222 84.3017 87.4743 118.273 57.5587 112.45 24.1661 116.176 85.001 82.3286 102.927 77.7817 
43.9659 60.5392 91.9239 70.214 83.8153 40.3113 99.2208 103.55 69.3181 58.8218 69.2604 45.2769 70.0811 72.1734 30.3645 45.6946 116.546 45.0444 18.0278 43.8292 108.138 3.60555 45.3542 70.406 82.8613 68.884 81.4931 64.846 51.8724 45.2244 112.198 8.48528 95.3415 57.2713 55.3263 45.3982 30.5287 82.8613 55.5788 87.3212 53.6656 12.0416 37.0135 47.2017 33.9559 23.7065 0.0 33.6155 73.9256 76.9228 75.0363 105.894 69.2315 109.198 1.41421 107.602 71.5052 80.6226 95.55 88.5664 
11.0 47.311 58.3095 36.8782 61.3897 33.2415 72.9994 73.5668 39.3333 45.0167 38.6775 48.2415 44.4279 41.7953 22.0907 12.083 86.8864 17.8045 30.4138 38.3275 81.9169 30.0832 27.6043 38.0132 62.3739 48.3553 48.0321 55.0 30.2315 25.8167 78.897 31.4006 61.7414 42.7979 42.6354 25.6649 29.4279 49.4773 49.7851 53.7122 41.4764 22.4722 23.0623 33.3576 30.5563 39.4462 33.6155 0.0 40.3113 46.9412 48.8739 79.6729 46.172 75.7367 32.311 78.8152 46.4006 47.0106 65.5668 61.4654 
30.5287 47.7121 18.0278 8.06226 50.2335 60.9643 36.5206 34.5398 20.9488 43.4191 24.6387 74.7329 33.3216 24.3311 54.4518 28.2312 47.0106 35.9 67.9366 65.7805 42.3792 70.3847 53.905 15.0333 55.109 45.8912 10.2059 62.9071 31.7805 34.0147 40.2244 71.1969 21.4709 59.158 44.0774 51.9656 61.5859 11.7047 65.8292 13.4164 48.4679 62.6099 45.0 41.0 60.1332 75.8222 73.9256 40.3113 0.0 16.7129 37.7247 43.1741 42.7568 37.0135 72.6154 39.9249 35.3216 6.7082 27.4006 43.8292 
40.9919 32.28 24.3516 24.7723 34.2578 74.6903 27.7864 26.6619 7.61577 28.4429 41.0453 67.0298 17.2315 40.8027 65.6071 36.051 39.9815 51.4346 65.9242 79.5065 34.0226 73.4664 67.6311 31.6301 71.5158 62.2977 7.2111 47.012 25.9615 31.8267 34.6836 78.3417 25.318 75.5645 60.484 65.6916 73.2126 24.7588 55.3173 19.6977 38.3275 69.3845 41.4367 34.3657 54.9181 84.3017 76.9228 46.9412 16.7129 0.0 21.6347 34.4654 59.1633 32.6497 75.5126 31.9104 19.2315 16.2788 18.6619 59.4768 
42.9245 21.095 39.7205 45.7841 14.3178 76.6226 24.5967 29.8329 17.8049 18.9737 62.0571 57.7062 5.0 61.8145 67.8886 37.9836 42.1545 53.7209 62.426 81.4392 33.541 71.5799 69.5637 52.642 92.5276 83.3096 28.7638 33.9559 23.4307 31.6228 39.8121 76.8381 38.6433 88.3591 73.2785 67.6243 75.5032 45.6077 44.0114 41.3316 28.6356 68.1033 38.2884 28.8444 48.7545 87.4743 75.0363 48.8739 37.7247 21.6347 0.0 31.0644 80.1752 39.2046 73.626 33.2415 4.12311 37.4676 20.0998 80.4887 
73.7236 50.6952 36.6742 51.1957 29.1548 103.206 7.2111 10.4403 42.0389 49.6488 66.5323 86.977 36.0555 66.2722 98.3388 68.7826 13.0384 77.9124 93.4773 108.023 4.47214 102.438 96.1472 57.7062 96.0052 87.7847 33.5738 59.6825 54.2315 62.441 15.8114 111.073 33.2415 101.052 85.971 94.2077 105.944 46.0109 71.8053 36.0555 58.6941 98.9613 69.2178 59.9083 79.6492 118.273 105.894 79.6729 43.1741 34.4654 31.0644 0.0 84.6503 18.3848 104.484 7.07107 34.9857 39.2046 16.1555 81.6149 
37.0655 75.9706 50.9215 35.3607 92.6839 33.7343 78.3964 75.1338 63.3993 71.1688 19.0263 94.3076 75.772 18.4391 39.2046 40.7383 86.1278 28.8444 74.3674 34.176 83.1883 66.7083 24.0832 28.1916 16.2788 3.16228 52.6262 90.3081 58.8869 54.6667 78.4474 62.3939 55.3624 19.4165 14.7648 24.0416 42.107 39.5601 91.9541 49.4773 75.863 57.7235 64.2088 65.7817 76.6224 57.5587 69.2315 46.172 42.7568 59.1633 80.1752 84.6503 0.0 74.6324 68.4471 80.4114 77.772 45.4475 69.3607 20.2237 
66.6558 60.2993 23.7697 44.1022 43.1741 97.8721 18.3848 10.4403 40.2492 57.8705 56.7974 96.8762 43.566 56.3028 91.2853 63.7338 12.0 72.8078 98.4964 102.688 14.2127 105.618 90.8128 49.1935 83.863 77.7946 29.8329 72.111 58.3601 64.468 4.0 106.994 19.4165 91.3166 76.2361 88.8734 98.4937 35.1141 83.0542 25.4951 67.7422 98.3398 73.9483 66.378 86.9935 112.45 109.198 75.7367 37.0135 32.6497 39.2046 18.3848 74.6324 0.0 107.854 11.3137 43.2897 31.0644 19.105 68.0661 
42.72 59.1692 90.6201 68.9638 82.4197 39.9625 97.8105 102.14 67.9079 57.4282 68.1836 44.4072 68.6708 71.1126 29.7321 44.3847 115.136 44.0114 17.0 43.6005 106.728 2.23607 44.643 69.2315 82.2192 68.1542 80.1494 63.6003 50.4621 43.8141 110.161 8.60233 94.0213 56.7979 54.4536 44.5533 30.2324 81.6088 54.4518 86.0058 52.3259 11.0 35.609 45.8039 32.7567 24.1661 1.41421 32.311 72.6154 75.5126 73.626 104.484 68.4471 107.854 0.0 106.192 70.0928 79.3095 94.1397 87.695 
68.8429 53.8516 31.0644 47.7598 34.0588 100.113 9.05539 5.38516 39.4838 52.2015 62.2943 90.471 38.0789 61.9839 93.479 67.9249 8.94427 75.052 95.2129 104.929 3.16228 104.146 93.0539 53.8516 91.0879 83.5468 30.8869 64.1249 55.9395 63.665 8.94427 110.216 27.2947 96.8136 81.733 91.1145 100.723 41.1947 75.8024 31.1448 61.6847 101.259 70.9258 61.7356 81.939 116.176 107.602 78.8152 39.9249 31.9104 33.2415 7.07107 80.4114 11.3137 106.192 0.0 37.3363 35.171 14.8661 76.1643 
40.4475 17.0294 43.5601 43.381 15.0333 74.1558 28.6356 33.9559 15.4018 14.8661 59.654 53.6004 2.0 59.4114 65.4153 35.5237 46.2385 51.2483 58.6003 78.9721 37.5766 68.0625 67.0966 50.2389 90.1245 80.9065 26.3607 30.3645 20.2485 28.6531 43.9318 73.3207 44.2616 85.8864 70.8059 65.1572 73.03 43.381 40.05 38.9285 24.5153 64.5859 34.6554 25.0 44.7214 85.001 71.5052 46.4006 35.3216 19.2315 4.12311 34.9857 77.772 43.2897 70.0928 37.3363 0.0 35.0644 24.1868 78.0856 
37.2156 47.4603 11.4018 13.0384 46.9501 67.3931 33.0 29.8329 20.697 43.1673 27.3294 80.145 33.0644 27.074 60.8769 34.9285 41.6293 42.3289 74.3408 72.2094 37.855 77.0779 60.3339 18.6815 57.2189 48.5819 9.21954 62.6498 37.217 40.1995 34.4819 77.8974 14.7648 61.8487 46.7681 58.3944 68.0148 8.60233 70.026 6.7082 52.6711 69.3181 51.0882 46.4174 66.0076 82.3286 80.6226 47.0106 6.7082 16.2788 37.4676 39.2046 45.4475 31.0644 79.3095 35.171 35.0644 0.0 24.0832 44.2719 
59.6174 41.1947 24.6982 35.4429 25.9422 87.4163 9.21954 10.2956 26.2354 38.833 51.2426 77.7817 24.5153 51.0 80.7821 54.6765 23.6008 62.1222 81.3028 92.2325 16.4012 92.0936 80.357 42.1283 81.3019 72.4951 17.7703 53.3385 42.0294 50.4166 19.9249 96.9672 22.6716 85.7619 70.6813 78.4176 88.0261 31.7805 64.0078 22.4722 48.6621 88.01 57.0156 47.8254 68.0813 102.927 95.55 65.5668 27.4006 18.6619 20.0998 16.1555 69.3607 19.105 94.1397 14.8661 24.1868 24.0832 0.0 67.9117 
51.4943 84.3455 45.0999 37.4433 92.9974 53.9351 76.2955 71.3442 63.7128 79.3522 24.8395 109.305 76.0856 21.9317 59.0085 55.0998 80.0562 44.643 91.3947 54.1202 79.2275 85.8693 44.0114 30.6105 17.4929 21.8403 52.9245 99.8061 69.0436 67.3248 72.0625 82.0975 49.0102 38.6264 33.2415 43.1856 62.2896 36.1386 103.656 45.7056 86.6861 76.8351 79.4012 77.5367 91.62 77.7817 88.5664 61.4654 43.8292 59.4768 80.4887 81.6149 20.2237 68.0661 87.695 76.1643 78.0856 44.2719 67.9117 0.0 
DEMAND_SCENARIO_SECTION
0 0 0 0 0 0 0 0 0 0 0 0 0 0 0 0 0 0 0 0 0 0 0 0 0 0 0 0 0 0 0 0 0 0 0 0 0 0 0 0 0 0 0 0 0 0 0 0 0 0 0 0 0 0 0 0 0 0 0 0 0 0 0 0 0 0 0 0 0 0 0 0 0 0 0 0 0 0 0 0 0 0 0 0 0 0 0 0 0 0 0 0 0 0 0 0 0 0 0 0 0 0 0 0 0 0 0 0 0 0 0 0 0 0 0 0 0 0 0 0 0 0 0 0 0 0 0 0 0 0 0 0 0 0 0 0 0 0 0 0 0 0 0 0 0 0 0 0 0 0 0 0 0 0 0 0 0 0 0 0 0 0 0 0 0 0 0 0 0 0 0 0 0 0 0 0 0 0 0 0 0 0 0 0 0 0 0 0 0 0 0 0 0 0 0 0 0 0 0 0 
9 12 7 12 12 7 11 12 7 10 9 10 10 10 14 6 13 7 8 12 11 6 9 6 14 12 4 10 10 10 10 6 11 11 12 11 6 10 6 0 17 6 8 5 3 10 8 7 9 17 12 5 12 11 10 10 13 6 3 14 11 16 13 7 8 11 9 12 10 13 8 9 7 11 12 8 9 10 11 9 6 8 10 9 12 5 12 8 2 9 9 13 5 8 10 5 13 6 14 6 13 9 4 13 8 10 5 11 8 15 7 11 10 10 9 12 10 11 12 15 11 13 11 14 4 10 6 8 3 4 10 11 10 8 11 13 11 13 6 11 19 7 6 8 5 11 8 18 9 6 14 10 12 12 9 8 4 6 14 17 8 2 8 8 12 7 6 8 17 6 15 15 12 8 8 14 13 9 13 11 13 6 8 7 12 12 13 12 10 8 11 8 14 14 8 10 11 9 16 7 
4 6 9 12 10 9 6 10 8 7 10 5 8 12 6 8 10 13 9 10 14 8 7 5 3 13 8 8 7 15 13 7 10 11 5 4 9 10 8 8 8 4 9 7 2 8 8 7 7 6 12 10 8 7 12 5 7 10 11 7 8 7 9 0 9 3 10 7 8 10 6 7 9 7 6 4 9 8 6 7 7 5 7 7 9 7 3 9 6 11 9 7 7 7 12 4 4 11 6 9 4 9 10 9 8 10 7 8 7 7 4 7 6 10 10 13 12 8 10 13 7 5 5 10 9 9 8 11 13 6 3 6 3 2 9 11 8 8 7 11 8 8 8 6 6 11 7 10 12 11 3 6 8 4 14 12 10 8 12 4 11 8 4 7 8 6 9 3 10 4 7 9 8 10 9 10 12 10 8 6 9 14 11 8 1 10 6 8 9 9 6 9 4 12 8 8 6 8 11 8 
11 5 7 9 8 15 14 7 12 5 7 19 13 6 11 13 14 10 15 11 14 15 11 11 9 10 7 11 8 9 12 10 5 3 14 16 3 11 13 8 4 11 6 13 12 12 9 9 12 14 11 9 6 12 10 9 11 10 7 6 9 5 9 9 9 11 13 9 8 9 10 11 9 12 8 12 6 8 5 16 8 7 6 13 13 13 9 9 9 6 11 12 8 11 3 13 14 5 14 14 12 12 16 13 9 9 8 8 8 10 14 7 16 17 5 13 11 9 12 3 14 13 10 11 6 9 14 15 12 5 9 10 6 12 11 5 9 7 7 17 9 6 9 15 14 17 5 13 8 13 16 9 15 3 9 17 6 9 17 11 15 6 11 12 13 11 5 12 10 9 12 8 11 10 5 8 11 10 16 10 11 7 10 14 9 9 5 8 5 9 9 15 10 10 6 6 14 11 10 9 
2 3 6 4 3 3 3 3 3 3 3 2 3 2 1 4 2 2 4 4 3 4 5 3 3 2 3 4 3 4 4 4 3 3 4 4 2 4 2 3 3 2 1 4 3 3 3 2 3 3 3 3 2 2 3 3 2 5 1 2 2 3 3 3 4 1 1 5 3 3 3 1 3 3 4 3 4 5 1 3 4 2 4 3 3 2 2 5 5 2 4 3 2 3 3 1 2 3 5 3 4 3 3 2 4 3 3 3 3 4 5 3 2 3 3 3 2 3 2 5 3 3 4 2 4 1 2 2 4 3 2 1 3 3 4 3 3 3 2 2 1 3 3 4 2 1 3 2 3 3 3 4 5 4 3 4 3 4 2 3 2 3 3 3 2 4 3 2 5 4 3 3 4 5 2 3 2 4 4 4 2 2 2 2 3 3 4 1 3 1 5 3 3 1 3 2 3 4 1 2 
2 1 2 2 2 2 1 2 2 2 1 2 2 3 3 2 1 2 2 2 2 2 1 2 3 2 2 2 2 2 2 2 1 2 1 2 1 2 2 1 2 3 2 1 1 3 2 1 3 2 3 2 1 2 3 3 2 1 2 2 3 2 1 2 1 2 4 2 1 3 2 4 1 2 2 2 3 1 2 2 1 0 2 2 3 3 2 3 2 1 1 2 1 2 3 1 3 1 3 2 1 3 3 3 3 2 2 3 2 2 1 2 2 1 3 3 1 2 3 1 2 3 1 1 2 2 1 2 1 1 1 1 1 3 2 2 2 3 3 2 2 1 2 2 2 2 0 2 3 3 2 3 2 2 2 1 2 3 1 2 2 3 1 3 2 2 1 4 2 2 2 2 3 2 2 2 3 1 3 2 3 2 2 2 3 3 2 2 2 3 3 1 1 2 2 2 3 1 3 2 
10 8 10 8 13 10 8 10 12 2 7 7 6 10 10 12 10 8 7 3 11 10 7 11 11 12 10 10 9 7 12 12 6 5 10 5 12 4 7 5 9 16 8 4 5 12 7 8 11 5 15 7 12 11 11 8 12 10 10 6 5 6 3 8 10 8 6 12 4 12 8 10 11 3 14 11 8 15 12 9 9 7 8 8 13 6 7 11 12 9 5 7 9 9 2 13 9 15 9 7 5 11 7 13 7 7 8 9 11 8 5 12 7 6 10 7 10 10 10 15 10 7 11 7 7 11 11 11 12 15 8 6 6 11 8 9 12 7 6 12 9 7 14 9 6 5 8 11 9 9 12 10 11 9 5 8 8 11 10 11 7 10 9 13 13 9 6 6 7 13 12 14 6 13 7 8 9 12 14 15 19 16 5 9 10 4 13 14 5 11 5 10 9 6 9 7 9 10 6 7 
5 8 8 6 7 8 8 9 7 8 5 6 2 8 9 4 4 8 5 5 3 7 8 3 4 7 7 8 3 10 9 10 9 8 5 8 10 3 12 5 9 7 6 7 2 2 7 7 6 6 10 7 11 5 6 11 10 10 5 7 1 5 7 8 10 4 6 9 2 4 5 10 2 13 6 11 4 7 8 8 5 5 8 7 8 6 9 7 9 10 7 7 6 8 5 8 5 6 7 6 5 4 9 4 11 5 2 9 11 9 7 8 8 9 7 6 10 7 5 4 6 10 8 7 7 10 10 5 3 4 5 5 10 10 11 4 6 4 7 12 5 6 6 5 6 4 10 6 6 2 5 7 7 3 8 8 11 6 9 7 6 2 5 7 5 10 5 5 5 10 5 5 10 8 4 7 5 7 8 11 8 6 8 5 9 9 8 10 6 6 4 9 6 8 6 7 9 11 5 6 
1 0 1 1 1 1 1 1 1 1 1 0 2 1 0 1 1 1 1 1 1 1 1 1 1 1 1 1 1 1 2 1 1 1 1 1 1 1 1 1 1 1 1 1 1 1 1 1 2 1 1 1 1 1 1 1 1 2 2 1 1 0 1 1 1 1 1 1 2 1 1 0 1 1 1 1 1 1 1 1 1 2 1 1 1 1 1 1 1 1 1 1 1 1 1 1 1 1 1 1 1 1 1 1 1 1 1 1 1 1 2 1 1 1 0 1 1 1 1 1 1 1 0 1 1 1 2 1 1 0 1 1 2 1 1 1 1 0 1 1 1 2 1 0 1 1 1 1 1 1 1 1 0 1 1 1 1 1 1 1 2 1 1 1 1 1 1 1 2 2 1 1 1 1 2 1 1 0 1 1 1 1 2 2 1 1 1 1 1 1 1 1 1 1 1 1 1 1 2 1 
2 5 4 4 3 2 5 3 4 3 3 6 6 3 4 4 3 3 3 3 4 4 6 5 8 5 5 3 4 4 5 1 4 4 5 6 2 3 5 4 6 6 6 3 7 3 3 4 5 6 4 3 4 5 3 4 4 3 4 5 2 4 2 5 3 2 3 1 5 5 2 5 6 4 3 5 6 0 5 4 3 3 4 3 5 5 4 4 4 3 3 4 5 3 4 4 5 3 6 5 5 3 2 4 6 3 3 5 5 3 5 6 4 3 4 5 4 3 4 4 5 3 2 4 2 5 2 0 4 4 6 4 4 2 5 3 2 3 5 4 5 4 2 5 6 3 2 5 3 3 5 4 4 4 4 4 5 3 1 4 4 4 3 2 5 3 4 5 5 3 2 4 2 5 4 5 3 4 5 4 3 4 4 3 6 1 2 2 2 2 5 3 5 3 2 3 6 4 3 4 
9 7 5 8 5 11 6 5 6 9 8 7 6 6 3 3 9 2 5 4 8 9 8 9 8 7 11 7 6 9 9 10 12 6 5 5 5 0 6 12 8 11 4 7 6 4 6 9 10 7 8 3 3 10 10 10 5 7 5 11 6 5 6 8 5 10 9 4 4 4 7 8 10 6 9 10 11 5 5 8 3 9 9 5 5 5 7 8 9 4 6 9 9 6 7 7 6 8 9 10 10 7 8 6 7 7 6 6 10 6 3 9 11 9 7 7 9 5 3 6 7 10 8 9 9 6 7 5 4 7 7 9 7 11 4 9 7 9 9 9 6 4 6 8 8 6 3 10 4 10 6 10 8 7 3 13 8 9 6 4 11 6 3 11 10 8 11 5 9 10 7 9 8 5 6 8 8 9 6 6 9 4 9 3 8 6 5 3 7 9 5 8 6 5 5 9 10 5 9 11 
7 6 6 4 4 6 4 9 5 5 5 2 3 8 3 4 5 5 2 7 6 4 3 5 4 6 4 1 6 5 5 5 5 6 7 4 5 7 6 6 1 4 7 3 3 3 5 3 5 2 7 4 5 8 4 6 5 4 3 3 5 2 5 5 4 5 7 5 1 9 4 8 8 7 6 5 7 4 9 7 5 4 1 3 6 5 8 5 5 3 2 6 5 4 4 8 7 5 5 8 3 3 9 4 4 8 7 4 6 4 4 3 4 6 6 2 3 6 6 5 5 5 3 6 7 3 6 4 5 3 4 5 5 6 4 3 4 4 3 4 4 3 8 5 2 8 6 5 4 7 2 6 5 8 6 4 8 2 7 4 4 9 5 5 6 7 4 5 6 5 2 5 4 5 3 8 3 4 5 5 5 5 4 6 4 5 4 5 6 4 2 7 3 7 5 5 6 6 6 6 
3 3 3 3 3 1 3 3 3 4 4 3 5 2 4 4 4 3 3 1 2 4 4 2 4 2 4 4 5 2 2 4 3 3 4 2 3 2 4 2 2 2 4 3 1 2 5 3 0 3 2 4 5 3 5 4 3 2 2 4 3 3 4 3 5 2 5 4 4 2 2 3 3 3 2 2 2 4 3 3 2 2 2 2 1 2 4 2 4 3 2 4 3 4 4 3 2 4 3 4 3 1 2 5 4 2 4 2 3 4 3 2 2 2 2 2 3 4 3 4 5 4 2 2 2 4 3 4 4 3 3 4 4 3 4 3 2 4 1 3 1 3 2 3 4 3 4 3 4 5 3 3 4 2 3 3 2 4 2 5 3 5 4 3 2 2 2 4 4 3 4 4 4 3 2 3 3 1 4 4 3 3 3 4 3 3 2 2 1 4 4 2 5 2 5 5 5 2 2 2 
7 5 8 5 7 9 5 8 8 8 8 2 5 7 6 9 8 6 8 5 5 10 3 5 4 7 4 5 8 2 7 7 6 6 5 7 6 6 9 8 5 5 7 7 7 9 5 5 5 6 7 5 8 5 11 5 8 6 7 8 8 8 6 7 8 4 7 10 8 0 10 6 6 7 8 7 10 7 4 6 8 7 5 6 7 7 5 4 5 6 4 7 4 2 10 5 6 5 5 4 9 6 6 6 8 6 6 6 9 6 6 10 5 5 4 9 8 8 7 7 3 8 8 5 6 6 7 7 4 6 7 6 3 4 4 6 7 4 8 8 4 5 6 4 7 5 6 6 5 6 4 6 3 7 5 10 5 6 7 7 6 2 3 8 6 9 8 4 9 6 6 8 7 5 8 8 6 4 10 5 6 3 5 7 5 6 6 7 4 5 7 7 3 4 8 6 7 5 6 6 
2 5 3 3 3 1 5 4 3 2 3 4 4 2 3 2 4 5 1 3 2 5 2 2 5 3 3 2 3 3 2 5 2 3 2 5 3 3 2 3 2 3 3 5 1 3 3 3 3 4 3 4 3 2 1 3 3 4 2 0 2 2 3 4 2 3 2 3 1 3 3 2 1 3 3 3 3 4 3 1 2 2 3 3 2 2 3 2 3 3 3 2 4 2 4 4 3 4 3 5 4 3 4 4 2 1 2 3 2 4 5 2 4 3 3 2 4 3 2 2 3 3 1 3 2 4 3 4 2 2 2 4 2 2 4 4 2 3 5 1 2 3 4 4 3 4 2 3 3 4 3 3 5 4 2 4 5 3 2 3 4 2 5 3 1 4 4 2 4 4 3 3 5 3 3 4 2 3 3 4 2 4 3 4 2 4 2 3 3 2 5 2 3 3 5 5 2 4 3 3 
11 8 6 7 6 8 7 7 6 10 4 6 5 5 8 8 6 8 5 7 8 7 10 6 5 6 6 6 9 5 7 7 6 5 4 9 5 5 9 8 7 7 9 5 8 9 5 7 6 7 7 8 6 6 7 11 10 7 7 3 11 8 6 9 7 1 6 4 6 9 11 8 9 12 7 11 7 8 7 4 9 8 7 6 2 5 9 7 8 11 8 3 4 10 8 9 3 6 4 11 7 7 6 7 9 10 6 8 6 2 3 6 1 9 5 5 5 10 6 3 8 7 7 6 6 7 5 6 6 7 6 5 9 11 9 1 11 6 4 6 7 11 6 9 7 6 8 4 9 10 9 8 13 9 8 8 6 8 8 10 7 7 6 5 4 8 8 6 10 8 6 4 9 7 6 5 9 6 6 11 10 6 4 10 7 1 11 8 7 1 6 9 6 7 9 7 7 8 11 8 
9 10 13 8 9 11 7 9 12 9 12 13 8 7 9 9 15 4 10 15 6 9 14 12 11 11 7 12 11 12 9 6 6 13 14 6 14 8 15 12 10 10 6 9 12 9 7 7 8 16 13 7 6 10 9 14 13 12 5 14 8 11 10 9 5 9 7 8 10 9 8 10 16 11 9 8 8 8 12 7 12 17 10 9 9 13 5 12 14 10 14 16 8 9 7 8 10 12 9 10 10 11 15 9 8 10 6 13 8 12 11 16 6 15 9 10 9 10 12 12 9 8 13 8 10 7 10 13 13 16 17 10 12 12 14 11 11 9 6 10 11 7 11 11 4 12 12 3 13 16 12 11 12 10 5 11 13 13 14 2 19 9 16 6 8 8 7 2 11 1 12 13 13 5 10 5 7 10 8 8 15 15 7 7 7 14 11 1 10 11 7 13 10 6 12 9 14 11 5 8 
3 5 3 7 6 5 5 6 1 2 7 4 5 4 3 5 7 5 6 2 8 3 8 4 2 3 6 5 5 4 5 5 6 4 8 2 5 7 6 6 7 2 4 7 5 9 6 5 5 5 5 4 2 7 9 3 7 4 4 5 5 5 6 6 5 5 5 5 8 5 5 4 8 6 1 2 6 4 8 3 6 4 5 5 6 6 5 4 4 2 9 5 3 4 7 3 6 5 5 3 4 7 3 4 5 4 4 3 5 8 4 7 4 5 6 6 5 5 1 5 5 9 3 6 4 5 7 2 5 8 5 2 3 6 6 9 4 5 7 3 4 6 6 8 5 5 3 3 7 7 6 8 6 3 3 4 3 2 7 5 6 4 3 7 8 4 5 3 6 2 5 5 4 7 4 3 5 5 3 5 6 5 2 5 2 4 2 4 5 3 4 3 6 3 5 3 6 6 4 7 
2 3 2 3 3 2 2 2 1 2 2 2 1 1 3 2 3 2 1 1 2 1 1 0 0 2 2 1 1 1 1 2 1 2 2 2 0 3 2 2 3 2 2 1 3 2 2 2 3 2 2 2 2 2 2 2 2 1 1 2 3 1 2 1 2 3 2 2 2 2 2 2 2 2 1 3 2 2 1 1 2 2 2 1 1 2 2 3 3 2 2 2 2 2 2 2 2 2 2 2 3 1 2 3 2 2 2 2 2 2 2 2 1 1 2 3 2 2 2 3 2 3 2 1 2 2 2 3 2 2 1 1 2 1 4 2 3 1 3 3 4 3 2 2 2 1 1 2 2 3 2 2 0 3 1 2 2 1 2 1 2 2 2 3 1 2 2 2 2 2 2 2 2 1 3 1 3 2 3 2 2 3 2 3 2 2 2 1 3 2 2 2 1 3 2 2 2 3 2 2 
2 2 3 3 4 5 2 4 3 4 2 3 4 3 3 3 3 4 4 4 3 3 3 1 3 2 1 3 4 2 4 3 2 3 3 3 3 2 2 2 3 5 4 3 2 3 3 2 3 3 3 2 2 3 3 3 3 3 3 3 3 5 2 3 3 5 3 4 4 2 3 2 4 3 4 2 4 3 2 3 2 2 4 3 4 5 3 3 2 3 4 3 4 3 2 3 3 4 2 3 2 3 3 3 4 6 4 2 2 3 1 3 2 4 3 3 3 3 4 2 5 4 4 5 3 3 3 2 2 4 3 5 3 2 2 3 3 4 3 2 2 2 3 2 3 4 3 3 5 3 3 4 3 2 2 1 4 2 4 3 2 4 3 6 3 4 4 5 4 4 2 2 3 3 4 5 4 2 3 5 1 4 3 2 4 4 1 4 3 3 4 2 3 4 3 1 5 2 3 4 
4 2 4 6 3 4 2 5 2 5 3 3 6 6 4 4 2 5 4 0 3 4 2 5 4 3 3 6 3 4 1 3 4 5 4 4 3 7 4 1 4 4 6 3 4 3 2 6 4 3 2 6 4 6 4 4 4 6 5 2 6 4 0 3 6 2 3 5 3 3 3 3 4 4 7 6 4 4 3 6 3 3 5 5 2 3 4 4 4 3 3 4 5 4 3 7 7 4 4 2 3 4 5 5 2 3 4 4 4 4 3 4 4 5 4 5 5 4 6 4 4 5 5 3 4 3 4 5 3 4 4 4 3 4 7 3 5 5 1 3 3 4 4 4 5 4 5 4 5 6 4 5 7 3 6 4 4 5 4 5 6 5 3 4 4 1 3 3 6 6 3 4 3 4 4 5 6 3 4 6 4 5 4 6 5 2 4 5 5 3 5 6 5 6 1 5 8 3 6 5 
1 1 1 1 1 1 1 1 1 1 1 1 1 2 1 1 1 1 1 1 1 1 1 1 1 1 1 1 1 1 1 1 0 1 1 1 0 2 1 1 1 0 1 2 1 1 0 1 1 1 1 1 1 0 1 1 1 1 0 1 1 1 0 1 1 1 1 1 1 1 1 1 1 1 0 1 1 1 1 1 1 2 1 1 0 1 1 1 1 1 1 2 1 1 1 2 0 1 1 1 0 1 1 1 1 1 1 1 1 1 1 1 1 1 0 0 1 1 1 1 1 1 1 2 1 1 1 1 1 1 1 1 1 1 1 1 1 0 1 2 1 1 1 0 1 1 1 1 1 1 1 1 2 1 2 1 1 1 1 1 1 1 1 1 1 1 1 1 1 1 0 1 0 1 1 1 1 1 1 1 2 1 1 1 1 1 1 1 0 1 0 1 1 1 1 1 1 1 1 0 
2 3 2 3 3 1 2 1 3 2 2 2 1 1 2 2 3 3 1 1 2 2 1 2 2 0 2 2 2 3 2 2 3 3 0 2 1 2 2 1 2 3 1 2 1 1 1 2 3 2 1 1 2 2 2 2 2 1 0 2 1 1 1 3 1 2 3 2 2 2 2 1 3 2 2 1 2 2 2 2 1 0 3 1 2 1 2 1 2 1 1 2 3 2 2 2 1 1 2 2 2 2 1 2 2 2 2 1 2 3 2 2 3 1 1 2 2 2 2 2 3 3 3 3 1 3 1 1 2 1 2 2 3 2 3 2 2 2 2 1 1 3 1 2 2 2 3 1 2 2 2 1 1 1 2 2 2 1 1 2 1 1 2 2 1 3 2 1 2 2 2 1 1 2 2 3 3 2 2 1 2 2 2 1 2 2 1 3 2 2 3 1 1 2 3 3 1 3 2 3 
