NAME  : Jabali_70_3_0.90_1_4
TYPE : SVRP
MODEL : FINITE_SUPPORT
NUMBER_OF_SCENARIOS : 200
DIMENSION : 70
EDGE_WEIGHT_TYPE : MATRIX
CAPACITY : 129
N_VEHICLES : 3
NODE_COORD_SECTION
1 4714 4785
2 5642 4530
3 27 5855
4 2553 5062
5 2430 4325
6 4116 2148
7 2027 4388
8 3874 2233
9 4990 6178
10 3893 4446
11 5750 6090
12 4513 4975
13 3006 6785
14 2718 5640
15 6736 5782
16 2568 2830
17 1263 3601
18 1426 2968
19 4756 2144
20 5885 1440
21 6463 4236
22 4271 2832
23 8670 4469
24 6757 6478
25 1515 4932
26 6777 5273
27 357 5248
28 8077 5277
29 839 4590
30 9177 2775
31 9420 3048
32 6519 5047
33 8064 5048
34 4420 3640
35 6207 7398
36 6612 3068
37 4377 220
38 1960 4041
39 1788 5722
40 4526 1694
41 3952 4878
42 6421 7854
43 5417 5256
44 2375 6164
45 3386 4992
46 1529 3210
47 5750 1108
48 4614 5210
49 2917 1733
50 4429 2408
51 4551 979
52 1962 1723
53 2906 5524
54 7562 3572
55 6265 5945
56 7668 5308
57 4158 7542
58 6358 8228
59 3331 1256
60 2303 6781
61 5877 7684
62 3342 3129
63 5783 2055
64 5390 7778
65 1918 2151
66 2202 1312
67 6652 4037
68 7724 3523
69 2820 3444
70 4080 18
DEMAND_SECTION
1 0.0
2 9.0
3 1.0
4 1.0
5 2.0
6 3.0
7 9.0
8 2.0
9 4.0
10 3.0
11 2.0
12 1.0
13 5.0
14 8.0
15 5.0
16 2.0
17 7.0
18 5.0
19 2.0
20 4.0
21 8.0
22 7.0
23 7.0
24 5.0
25 9.0
26 8.0
27 2.0
28 4.0
29 8.0
30 7.0
31 10.0
32 3.0
33 9.0
34 6.0
35 3.0
36 4.0
37 3.0
38 1.0
39 6.0
40 10.0
41 4.0
42 1.0
43 3.0
44 7.0
45 6.0
46 1.0
47 5.0
48 2.0
49 7.0
50 2.0
51 5.0
52 10.0
53 3.0
54 8.0
55 8.0
56 8.0
57 5.0
58 9.0
59 3.0
60 9.0
61 5.0
62 1.0
63 8.0
64 6.0
65 2.0
66 9.0
67 6.0
68 1.0
69 7.0
70 5.0
DEVIATION_SECTION
1 0.0
2 3.0
3 0.333333
4 0.333333
5 0.666667
6 1.0
7 3.0
8 0.666667
9 1.33333
10 1.0
11 0.666667
12 0.333333
13 1.66667
14 2.66667
15 1.66667
16 0.666667
17 2.33333
18 1.66667
19 0.666667
20 1.33333
21 2.66667
22 2.33333
23 2.33333
24 1.66667
25 3.0
26 2.66667
27 0.666667
28 1.33333
29 2.66667
30 2.33333
31 3.33333
32 1.0
33 3.0
34 2.0
35 1.0
36 1.33333
37 1.0
38 0.333333
39 2.0
40 3.33333
41 1.33333
42 0.333333
43 1.0
44 2.33333
45 2.0
46 0.333333
47 1.66667
48 0.666667
49 2.33333
50 0.666667
51 1.66667
52 3.33333
53 1.0
54 2.66667
55 2.66667
56 2.66667
57 1.66667
58 3.0
59 1.0
60 3.0
61 1.66667
62 0.333333
63 2.66667
64 2.0
65 0.666667
66 3.0
67 2.0
68 0.333333
69 2.33333
70 1.66667
DISTANCE_MATRIX
0.0 14.2127 64.0069 28.3019 32.0156 36.8866 36.6879 37.0277 20.2315 12.1655 21.8403 3.16228 46.7676 27.7864 30.2655 39.8329 49.4975 51.0098 35.8469 47.2088 27.2488 27.7073 54.4059 35.2278 42.5441 28.7924 58.2774 46.0977 51.8941 67.5889 69.0507 25.4951 46.0652 16.6646 39.9297 41.8051 62.1289 38.833 40.0872 41.8808 9.48683 46.296 11.0454 36.2258 17.0 49.0102 50.4642 5.09902 49.7484 32.8024 51.6236 56.6657 25.5543 43.2488 26.0192 41.2311 41.4041 50.2315 52.2028 44.0208 41.4041 33.956 39.6618 41.3084 52.9197 59.8663 29.2488 44.6064 33.3766 65.215 
14.2127 0.0 77.8332 42.0119 44.2832 37.5766 49.1935 38.6264 22.72 22.8473 20.8087 17.2047 49.1053 41.6196 22.1359 48.2099 60.7289 60.9499 33.9139 44.3768 13.0416 29.4109 40.8167 30.0167 56.0357 18.0278 72.0069 33.9559 65.0 53.3816 54.8435 14.0 33.5261 22.2036 39.6989 27.3059 60.2264 50.6952 53.9204 40.2893 22.8035 46.0109 10.198 50.059 30.6105 59.2816 47.6321 17.8885 52.8867 32.6497 49.5986 62.514 39.3875 29.0416 20.8087 29.4279 43.8925 50.3289 53.7122 57.854 42.4382 37.0 36.8297 43.382 60.075 63.561 15.0416 30.3992 42.6821 63.6345 
64.0069 77.8332 0.0 36.1248 38.0132 72.7324 33.6155 70.214 67.7581 56.8507 78.525 61.8318 43.3244 37.2022 90.9221 62.5547 35.0143 43.1045 78.9555 96.8492 90.8276 68.956 118.375 91.4907 23.7065 92.6697 9.0 109.591 20.025 131.168 132.629 89.4664 110.051 73.2543 86.1278 98.9605 95.0368 35.4401 24.4131 80.9568 55.1543 90.0278 74.481 33.1059 47.3814 41.0122 98.2344 63.3904 67.2681 73.5785 88.5268 61.2046 39.2046 106.828 85.0493 104.612 59.8415 91.2414 75.4255 34.7131 82.9759 56.648 91.7593 77.2787 56.0803 67.1863 92.8276 108.185 49.3356 95.5249 
28.3019 42.0119 36.1248 0.0 9.89949 42.9571 11.7047 40.6718 35.3553 20.8087 45.8912 26.1301 21.7027 7.81025 57.8744 32.561 26.2488 31.3847 48.9618 66.8555 54.9073 38.9622 82.662 60.0167 14.3178 56.9546 30.0 74.3408 24.0416 95.2474 96.7092 53.7647 74.3495 37.1311 59.1354 62.8374 67.838 15.6525 13.6015 51.1967 19.2094 64.4981 38.7793 14.3178 11.4018 28.6531 68.2557 27.6887 43.8634 43.5848 59.615 44.6878 7.61577 70.9073 52.0512 69.4448 39.7633 67.082 50.5964 22.3607 57.7062 26.6841 61.7656 53.6558 39.6232 49.4065 56.9073 72.2649 21.9317 69.4332 
32.0156 44.2832 38.0132 9.89949 0.0 35.5106 5.0 33.2415 42.0476 21.4709 52.0384 30.4138 31.5843 17.6918 62.1691 25.1327 18.0278 21.9317 41.5335 59.4272 56.5705 31.534 85.0 66.1394 14.3178 60.7289 30.2324 77.8332 21.2603 96.9106 98.3724 57.2451 77.6209 38.0789 66.9104 61.1762 60.075 7.0 20.2237 43.7379 22.561 72.5672 42.9535 23.8537 16.0 19.3132 60.8274 32.1403 34.7851 36.1565 52.1536 34.8281 17.2047 72.5705 57.4282 73.0548 49.6449 75.4321 41.9762 31.9061 65.9697 19.2354 54.3373 62.2977 29.7321 39.6611 58.5705 73.9281 13.1529 61.4003 
36.8866 37.5766 72.7324 42.9571 35.5106 0.0 39.2938 2.82843 56.0882 36.8866 56.6127 39.0546 64.0207 49.5508 59.6154 30.3961 41.6173 36.7696 8.06226 25.4951 42.4264 9.21954 69.1809 67.5352 49.4773 54.7533 64.2573 67.4759 53.7122 69.857 73.1642 50.6341 66.2722 22.4722 75.6042 34.5254 26.5707 37.3363 55.4104 8.24621 39.0546 82.0061 44.4072 57.1993 40.9144 36.8782 26.0768 41.7007 17.1172 5.09902 17.1172 29.1204 48.1269 50.636 58.1808 63.9569 75.6342 86.0523 16.1555 64.9943 77.2607 16.2788 22.8254 77.165 29.0689 28.0713 45.5793 51.7989 23.4094 29.0689 
36.6879 49.1935 33.6155 11.7047 5.0 39.2938 0.0 36.8782 46.0109 26.4197 56.2228 34.9285 32.7604 19.2354 66.7083 28.9737 14.5602 20.0 45.3744 63.2681 61.5396 35.3749 89.9444 70.3491 10.198 65.4599 25.5539 82.6378 16.2788 101.88 103.341 62.0322 82.4621 43.048 70.4557 65.0171 63.0079 4.24264 18.3848 47.5395 27.2029 75.9539 47.5395 24.0416 20.2237 17.2047 64.6683 36.5405 36.6742 39.9975 55.5788 34.9857 19.3132 77.5396 61.8407 77.8332 50.8211 78.6448 44.2832 31.8904 69.2315 23.0868 58.1783 65.2727 29.6816 40.2492 63.5396 78.8971 16.1245 64.0703 
37.0277 38.6264 70.214 40.6718 33.2415 2.82843 36.8782 0.0 56.4004 37.0277 57.1402 39.1957 61.7354 47.2655 60.7454 28.1108 38.833 33.9411 10.8167 28.3196 44.1814 9.43398 71.3442 68.4471 47.0744 56.0446 61.6847 69.2604 51.0784 72.4983 75.7834 51.923 68.1175 22.0227 76.0263 36.8782 27.8927 34.7851 53.1251 10.7703 39.1957 82.4197 44.9444 54.7986 38.6291 34.0588 28.8444 41.8417 15.0 7.07107 19.0 26.6833 45.8416 52.9528 59.0339 65.6607 74.8757 86.4002 15.2643 62.709 77.5729 14.0357 25.5539 77.4772 26.4008 26.0 47.2832 54.1306 20.8806 30.0832 
20.2315 22.72 67.7581 35.3553 42.0476 56.0882 46.0109 56.4004 0.0 32.2029 10.7703 20.2971 26.4224 30.6757 23.6008 59.9222 60.075 62.9682 53.9183 64.4408 32.1725 47.0119 53.4135 24.7386 49.2443 25.6125 63.3378 42.45 59.2284 70.9242 71.6408 24.2354 43.1393 36.084 25.632 46.4368 80.2861 49.0408 43.3548 60.2268 24.5398 31.7805 12.6158 39.0242 26.0768 60.6712 67.6961 18.0384 69.1678 51.6905 69.6607 76.755 29.1204 47.45 17.4929 37.4833 22.0 35.3553 71.6108 36.1308 26.0768 54.0453 56.8937 24.7588 66.9955 79.2858 34.1725 48.6807 46.8727 83.6448 
12.1655 22.8473 56.8507 20.8087 21.4709 36.8866 26.4197 37.0277 32.2029 0.0 33.9559 12.083 37.9341 22.8035 42.0476 27.72 38.0789 39.0128 35.897 47.7745 35.1321 27.7073 63.5295 47.3814 33.9706 39.8121 50.2096 56.6127 42.4382 75.4962 76.9581 36.1386 56.3028 16.6646 51.9011 42.3708 62.1374 27.8568 34.0 41.889 5.83095 58.2674 23.0217 31.1127 10.4403 37.1214 51.0298 14.7648 39.9236 32.8098 51.6488 44.5529 20.6155 51.1562 38.1182 51.923 41.9894 62.2029 52.2028 38.9077 54.8617 21.8432 40.2274 52.1552 40.8068 47.72 37.1321 52.5137 21.2132 65.215 
21.8403 20.8087 78.525 45.8912 52.0384 56.6127 56.2228 57.1402 10.7703 33.9559 0.0 22.2036 35.8242 41.4367 13.4536 61.6624 70.0071 72.3395 53.7663 66.1324 27.2947 47.7074 44.4185 14.1421 59.9083 17.088 74.1047 32.6497 69.857 63.6003 63.9062 17.1172 33.6006 37.1311 19.105 41.5702 80.0788 59.0339 54.1218 60.1417 30.1496 25.4951 12.2066 45.9733 36.0555 70.1783 69.615 20.025 70.214 52.0096 69.4509 78.4952 39.8497 41.1947 7.07107 27.8029 27.8568 29.6985 72.4017 45.5326 21.6333 52.4141 58.5629 23.0868 74.7492 80.3329 29.3059 42.2966 55.109 83.4869 
3.16228 17.2047 61.8318 26.1301 30.4138 39.0546 34.9285 39.1957 20.2971 12.083 22.2036 0.0 44.5925 25.6113 31.7805 39.7321 48.1664 50.1597 38.065 49.789 30.2062 29.8753 57.0088 36.0139 40.3737 30.8707 56.1023 48.3011 49.7981 70.5462 72.008 27.7849 48.3735 18.8326 39.9952 44.3853 64.3054 37.3363 37.9122 44.057 8.0 46.3615 12.6491 34.0508 14.8661 48.0416 53.0443 2.82843 51.9164 34.9778 53.8168 56.565 23.3793 46.2062 27.074 43.382 42.9084 50.2971 54.3708 41.8458 41.4696 33.8552 42.2419 41.3739 52.811 59.7321 32.2062 47.5637 32.9848 67.383 
46.7676 49.1053 43.3244 21.7027 31.5843 64.0207 32.7604 61.7354 26.4224 37.9341 35.8242 44.5925 0.0 15.3067 49.2478 53.6246 46.9574 52.7254 70.0253 84.3696 58.5578 60.0258 79.6952 48.3735 30.8058 51.9056 41.3038 68.381 40.4475 97.3095 98.0261 50.6207 69.2097 53.2597 42.9535 72.8221 88.9015 36.9142 21.0 72.2602 34.4837 47.2652 39.0011 11.0 27.4939 49.948 87.6249 46.151 65.322 64.6484 80.6786 66.3901 17.498 73.8353 42.8924 63.4707 18.4391 49.0102 71.8321 9.89949 40.1995 47.7477 76.8225 35.0 61.3161 71.0938 60.5578 75.066 43.4221 90.4967 
27.7864 41.6196 37.2022 7.81025 17.6918 49.5508 19.2354 47.2655 30.6757 22.8035 41.4367 25.6113 15.3067 0.0 53.7965 39.1548 33.6155 39.1152 55.5555 69.1388 54.6078 45.556 82.1548 55.3624 19.0263 55.544 32.6956 72.4651 29.0689 94.9479 96.4097 53.2459 73.8307 38.0289 53.0094 62.1005 74.4317 23.3238 12.8062 57.7904 19.2354 58.0788 38.2605 8.48528 12.3693 36.3593 72.3942 27.1699 51.0 50.1786 66.2088 52.4023 2.23607 70.6078 47.927 67.4861 33.3673 62.7086 57.3847 16.2803 51.182 33.2779 61.5917 48.9326 47.3814 57.0088 56.6078 71.9654 29.1548 76.0269 
30.2655 22.1359 90.9221 57.8744 62.1691 59.6154 66.7083 60.7454 23.6008 42.0476 13.4536 31.7805 49.2478 53.7965 0.0 69.0762 79.7621 81.0555 55.8676 60.442 21.4009 51.5461 31.305 9.43398 72.0281 6.7082 86.4919 19.2094 81.5423 51.788 51.6624 9.89949 20.2485 43.1856 23.5372 35.805 80.8504 69.0507 66.5189 62.243 39.6232 28.7924 19.2354 62.1882 46.6162 79.1581 63.9246 30.3645 75.0 54.6291 70.7354 84.3445 52.1095 31.4006 6.40312 14.4222 40.7063 33.2415 75.7694 58.9562 28.1603 58.4209 52.8726 32.0624 81.6149 85.6154 23.6155 32.249 63.0079 84.7597 
39.8329 48.2099 62.5547 32.561 25.1327 30.3961 28.9737 28.1108 59.9222 27.72 61.6624 39.7321 53.6246 39.1548 69.0762 0.0 34.4131 32.8035 36.4008 54.2945 58.8017 26.4012 87.3482 74.9384 39.1204 66.0803 54.2832 82.0069 44.1321 93.7524 96.141 62.1536 81.3863 26.0312 79.6203 56.0435 55.2769 27.4929 45.0143 38.6356 32.3607 85.9866 50.4475 46.8032 30.5183 31.5407 55.6946 42.311 32.2036 31.0238 47.054 36.8328 37.7308 70.8951 65.5788 77.6018 66.7649 89.9222 38.2312 54.5982 81.0947 14.1231 49.2046 76.9307 33.0868 40.0 60.8017 72.2281 14.4721 56.8722 
49.4975 60.7289 35.0143 26.2488 18.0278 41.6173 14.5602 38.833 60.075 38.0789 70.0071 48.1664 46.9574 33.6155 79.7621 34.4131 0.0 8.24621 49.0408 67.0075 72.7275 40.3609 101.183 84.0536 18.4391 77.8781 26.0192 94.6414 15.1327 108.112 110.554 74.2159 94.255 54.2358 84.8528 70.4557 60.8769 11.0454 29.6985 49.3964 40.1995 90.4268 60.531 37.4433 34.0147 6.0 67.6757 50.04 32.7567 43.9318 55.5428 26.3059 33.8378 85.3082 75.2396 89.9889 65.059 93.1719 41.0 44.8219 83.7437 27.6586 62.9365 79.8269 21.095 32.249 75.2148 86.6412 20.0 61.0 
51.0098 60.9499 43.1045 31.3847 21.9317 36.7696 20.0 33.9411 62.9682 39.0128 72.3395 50.1597 52.7254 39.1152 81.0555 32.8035 8.24621 0.0 44.5982 62.2415 71.6045 37.2156 100.151 86.1452 26.0768 78.5175 34.1321 94.8105 23.3452 105.567 108.387 74.6739 94.1898 38.8347 88.295 68.0 53.7587 15.8114 37.0135 44.0454 42.19 94.1116 62.0 43.9318 37.108 2.82843 62.482 52.345 25.632 39.8246 49.2443 18.1108 38.9487 83.2586 77.026 90.3214 70.7861 97.1236 33.8378 51.6236 87.6413 25.0799 59.0339 84.1546 13.0 24.0832 73.6045 84.5813 18.4391 53.6004 
35.8469 33.9139 78.9555 48.9618 41.5335 8.06226 45.3744 10.8167 53.9183 35.897 53.7663 38.065 70.0253 55.5555 55.8676 36.4008 49.0408 44.5982 0.0 18.0278 36.4005 11.0454 62.0081 63.9299 55.5212 50.83 70.6824 61.1882 60.4152 61.8466 65.192 46.8773 59.8415 23.5372 72.8713 27.074 26.4008 43.8292 61.415 6.40312 38.065 79.2588 41.7253 63.204 45.3224 44.5533 19.3132 40.7063 24.7386 5.38516 15.8114 37.0 54.1316 43.1906 54.6716 57.9741 74.6446 83.4533 22.0907 70.999 75.0067 22.3607 14.7648 74.9951 37.1214 35.5106 39.6879 44.3479 30.0167 29.7321 
47.2088 44.3768 96.8492 66.8555 59.4272 25.4951 63.2681 28.3196 64.4408 47.7745 66.1324 49.789 84.3696 69.1388 60.442 54.2945 67.0075 62.2415 18.0278 0.0 39.3363 28.2312 53.8516 69.8265 73.4149 53.6589 88.5776 56.8856 78.3901 47.8539 51.6236 50.6431 55.0255 38.3275 82.7799 35.7931 26.6833 61.7738 79.3088 18.6011 49.9425 88.5912 52.1917 77.5482 57.1999 62.3699 4.24264 52.268 39.9625 23.3238 19.105 52.4786 66.903 34.7851 62.6738 55.3895 85.6133 93.0618 34.5398 85.3432 86.6453 40.3113 8.544 85.4246 53.6004 49.6588 42.8265 35.4401 48.0208 30.8058 
27.2488 13.0416 90.8276 54.9073 56.5705 42.4264 61.5396 44.1814 32.1725 35.1321 27.2947 30.2062 58.5578 54.6078 21.4009 58.8017 72.7275 71.6045 36.4005 39.3363 0.0 36.0139 29.1548 30.8058 68.8012 14.8661 84.8689 25.0799 77.5506 40.4969 42.0119 11.6619 24.0 33.311 43.8634 14.4222 59.7446 62.803 66.9087 42.3792 35.7131 49.6488 20.9249 63.0473 43.5206 70.3423 42.8189 30.6816 59.1354 37.3363 49.6488 70.0286 52.3758 16.1245 23.7697 21.587 53.345 54.1202 58.2495 70.8423 47.7598 46.8912 31.7668 50.2195 69.2642 70.1142 4.0 17.4929 53.2738 63.654 
27.7073 29.4109 68.956 38.9622 31.534 9.21954 35.3749 9.43398 47.0119 27.7073 47.7074 29.8753 60.0258 45.556 51.5461 26.4012 40.3609 37.2156 11.0454 28.2312 36.0139 0.0 64.1327 59.0931 45.5217 47.0744 60.6844 61.0082 50.5333 69.0059 71.4289 42.9535 60.0083 13.4164 66.6108 30.8707 35.3412 33.8941 51.4155 15.5242 29.8753 73.0068 35.5106 53.2044 36.9195 36.6197 30.0832 32.5214 23.5372 6.08276 25.2982 34.0147 44.1321 46.4866 49.6588 57.1402 66.4549 77.0065 24.6982 60.9994 68.1844 12.7279 22.8035 68.0887 32.5576 34.3657 33.0 47.7598 20.5183 38.0789 
54.4059 40.8167 118.375 82.662 85.0 69.1809 89.9444 71.3442 53.4135 63.5295 44.4185 57.0088 79.6952 82.1548 31.305 87.3482 101.183 100.151 62.0081 53.8516 29.1548 64.1327 0.0 37.108 96.7988 27.8029 112.645 13.1529 105.816 23.5372 22.0227 29.6985 11.4018 61.8576 51.788 35.0143 80.5233 91.2582 94.4556 67.0704 63.5138 55.1453 45.2769 90.5942 71.2811 98.8889 57.5674 56.7274 86.2844 64.2806 72.0069 97.8673 79.9227 19.2354 37.5899 17.088 72.0069 59.0339 84.006 89.4036 57.0701 75.2401 49.366 62.0967 96.6902 97.2522 32.5466 18.4391 81.8204 84.6463 
35.2278 30.0167 91.4907 60.0167 66.1394 67.5352 70.3491 68.4471 24.7386 47.3814 14.1421 36.0139 48.3735 55.3624 9.43398 74.9384 84.0536 86.1452 63.9299 69.8265 30.8058 59.0931 37.108 0.0 73.9797 16.1245 87.9974 24.0416 83.9524 59.1354 58.5491 19.2094 25.7099 49.5472 15.0 45.2217 90.2348 73.1158 68.0145 70.3053 44.0114 19.6469 24.5153 58.5235 50.1639 84.0536 73.3091 34.0147 82.28 62.6498 79.6145 90.9622 53.8516 40.2616 9.48683 20.2237 36.8782 24.0416 83.6301 57.9828 20.0998 64.8302 62.257 25.0 88.0252 92.6553 33.0 41.0 68.593 93.6505 
42.5441 56.0357 23.7065 14.3178 14.3178 49.4773 10.198 47.0744 49.2443 33.9706 59.9083 40.3737 30.8058 19.0263 72.0281 39.1204 18.4391 26.0768 55.5212 73.4149 68.8012 45.5217 96.7988 73.9797 0.0 71.1982 16.2788 88.5844 10.0499 109.415 110.876 68.0083 88.5889 50.5828 72.0278 76.2891 73.0616 13.0384 11.4018 57.7235 33.2866 77.026 53.0228 20.2485 25.5539 23.3238 74.8151 41.9323 46.2709 50.1442 65.7647 43.0813 20.2237 85.0744 66.1601 83.6884 49.2443 79.2275 54.0833 26.9258 70.0643 33.2415 68.325 65.3758 37.6962 48.7032 70.8012 86.432 26.3059 74.0068 
28.7924 18.0278 92.6697 56.9546 60.7289 54.7533 65.4599 56.0446 25.6125 39.8121 17.088 30.8707 51.9056 55.544 6.7082 66.0803 77.8781 78.5175 50.83 53.6589 14.8661 47.0744 27.8029 16.1245 71.1982 0.0 86.9267 17.4929 80.6226 46.5725 46.8188 4.12311 17.8045 40.05 30.0832 29.2062 74.377 67.4463 68.2664 56.8622 38.2753 35.4683 18.3576 63.9357 45.6946 76.7919 57.1415 30.0167 70.6116 49.7579 64.262 80.5047 54.2037 25.0799 11.0454 12.53 44.9444 39.9249 70.9084 61.614 34.5254 55.0091 46.3992 38.0132 78.1025 81.3941 17.1421 26.0192 60.2117 78.2863 
58.2774 72.0069 9.0 30.0 30.2324 64.2573 25.5539 61.6847 63.3378 50.2096 74.1047 56.1023 41.3038 32.6956 86.4919 54.2832 26.0192 34.1321 70.6824 88.5776 84.8689 60.6844 112.645 87.9974 16.2788 86.9267 0.0 104.313 11.0454 125.622 127.084 83.7369 104.322 66.7904 84.1724 92.4967 86.1452 26.9258 20.6155 72.45 49.2037 88.5664 68.7514 30.4138 41.4005 32.0156 89.9611 57.6608 58.3095 65.307 79.8123 52.2398 34.4384 101.282 80.6226 99.417 59.0085 90.1998 66.4831 34.0588 81.4985 48.3322 83.4878 76.1643 47.0956 58.2151 86.8689 102.64 40.8534 86.5794 
46.0977 33.9559 109.591 74.3408 77.8332 67.4759 82.6378 69.2604 42.45 56.6127 32.6497 48.3011 68.381 72.4651 19.2094 82.0069 94.6414 94.8105 61.1882 56.8856 25.0799 61.0082 13.1529 24.0416 88.5844 17.4929 104.313 0.0 97.9898 36.1248 35.0143 20.6155 2.23607 56.0892 38.6394 35.8469 83.238 84.4334 85.1875 66.9403 55.5428 42.0476 35.8469 80.8569 63.0714 93.2291 60.9195 47.5079 84.214 62.3939 73.6052 95.0 71.5899 23.3452 25.6125 5.0 59.6825 46.0 83.1865 78.0894 43.9318 70.4557 55.7166 49.0408 93.1343 95.1893 28.02 23.3452 76.4791 87.3441 
51.8941 65.0 20.025 24.0416 21.2603 53.7122 16.2788 51.0784 59.2284 42.4382 69.857 49.7981 40.4475 29.0689 81.5423 44.1321 15.1327 23.3452 60.4152 78.3901 77.5506 50.5333 105.816 83.9524 10.0499 80.6226 11.0454 97.9898 0.0 117.933 119.395 77.3886 97.9439 59.1015 82.0549 80.1756 75.1332 16.6433 19.9249 61.8466 42.4853 87.0057 62.4472 29.6142 34.9285 21.095 79.6053 51.3566 47.2652 55.0727 68.9638 41.4367 30.2655 93.5931 76.0635 93.1075 58.8558 89.1403 55.4437 35.4683 80.025 38.0789 73.3367 75.2396 36.2215 47.3814 79.5506 94.9506 30.4138 75.5381 
67.5889 53.3816 131.168 95.2474 96.9106 69.857 101.88 72.4983 70.9242 75.4962 63.6003 70.5462 97.3095 94.9479 51.788 93.7524 108.112 105.567 61.8466 47.8539 40.4969 69.0059 23.5372 59.1354 109.415 46.5725 125.622 36.1248 117.933 0.0 4.12311 46.8188 34.0588 71.6151 74.108 38.4761 73.0616 101.245 107.135 65.146 76.0532 78.0064 60.8276 103.387 83.8606 105.12 50.3587 71.0217 86.3771 65.8311 66.9104 98.7927 92.7158 24.4131 57.4891 39.0128 91.3947 82.0549 82.0061 107.018 79.2275 80.9509 47.1699 83.7257 98.8989 96.7678 44.3401 23.0217 88.2152 77.026 
69.0507 54.8435 132.629 96.7092 98.3724 73.1642 103.341 75.7834 71.6408 76.9581 63.9062 72.008 98.0261 96.4097 51.6624 96.141 110.554 108.387 65.192 51.6236 42.0119 71.4289 22.0227 58.5491 110.876 46.8188 127.084 35.0143 119.395 4.12311 0.0 47.4236 33.0606 74.0037 73.437 40.8647 77.026 103.634 108.711 68.6804 77.515 77.0584 61.9112 104.849 85.3225 107.509 54.231 72.4224 89.8109 69.116 70.7107 102.181 94.1776 26.1725 57.5674 38.3275 91.7606 81.0062 85.6154 107.735 78.6384 83.3396 50.5964 83.3607 102.184 100.285 45.8019 24.7588 90.6038 81.0062 
25.4951 14.0 89.4664 53.7647 57.2451 50.6341 62.0322 51.923 24.2354 36.1386 17.1172 27.7849 50.6207 53.2459 9.89949 62.1536 74.2159 74.6739 46.8773 50.6431 11.6619 42.9535 29.6985 19.2094 68.0083 4.12311 83.7369 20.6155 77.3886 46.8188 47.4236 0.0 20.5913 36.1248 32.311 26.0768 71.0515 63.8905 65.5468 53.5367 34.9285 38.0132 15.6205 61.6853 42.4853 72.9932 54.1257 27.2029 66.4906 45.6387 60.9365 76.4199 51.0139 24.0832 12.3693 15.8114 44.643 42.4853 66.7892 60.3291 36.4005 51.0 43.0737 39.3192 74.0608 77.2787 13.8167 25.1794 56.3556 74.9609 
46.0652 33.5261 110.051 74.3495 77.6209 66.2722 82.4621 68.1175 43.1393 56.3028 33.6006 48.3735 69.2097 73.8307 20.2485 81.3863 94.255 94.1898 59.8415 55.0255 24.0 60.0083 11.4018 25.7099 88.5889 17.8045 104.322 2.23607 97.9439 34.0588 33.0606 20.5913 0.0 55.5428 40.4475 34.176 81.378 84.1546 86.1315 65.5134 55.4617 44.0114 36.0555 82.2701 63.0635 92.9269 59.0593 47.7074 83.0963 61.2046 72.0899 94.0213 71.5986 21.2603 26.6271 5.83095 60.9016 48.0104 81.8841 78.9181 45.7056 69.7209 49.6554 50.6952 92.2659 94.0851 27.0208 21.2132 75.8584 85.484 
16.6646 22.2036 73.2543 37.1311 38.0789 22.4722 43.048 22.0227 36.084 16.6646 37.1311 18.8326 53.2597 38.0289 43.1856 26.0312 54.2358 38.8347 23.5372 38.3275 33.311 13.4164 61.8576 49.5472 50.5828 40.05 66.7904 56.0892 59.1015 71.6151 74.0037 36.1248 55.5428 0.0 55.7822 34.0319 48.7545 44.3114 49.943 28.7924 18.8326 62.1484 25.1503 46.4383 26.09 37.5719 41.0488 21.4787 33.6155 19.3132 38.6264 41.4849 35.7931 48.7576 40.0779 51.6236 55.4122 66.084 36.7967 54.2333 57.2565 15.2971 31.0483 57.1608 38.4708 43.4626 35.311 50.0906 20.5034 51.4782 
39.9297 39.6989 86.1278 59.1354 66.9104 75.6042 70.4557 76.0263 25.632 51.9011 19.105 39.9952 42.9535 53.0094 23.5372 79.6203 84.8528 88.295 72.8713 82.7799 43.8634 66.6108 51.788 15.0 72.0278 30.0832 84.1724 38.6394 82.0549 74.108 73.437 32.311 40.4475 55.7822 0.0 58.2178 99.1838 73.8241 63.6396 79.2466 50.0024 6.40312 31.241 53.7587 51.1957 85.9069 86.2625 37.7366 88.866 71.0634 88.5559 96.4531 52.0096 54.9181 20.1246 35.1283 27.2947 10.6301 91.2634 51.5461 5.38516 73.7434 75.2105 11.4018 92.4581 98.9839 45.9535 55.7315 72.3353 102.592 
41.8051 27.3059 98.9605 62.8374 61.1762 34.5254 65.0171 36.8782 46.4368 42.3708 41.5702 44.3853 72.8221 62.1005 35.805 56.0435 70.4557 68.0 27.074 35.7931 14.4222 30.8707 35.0143 45.2217 76.2891 29.2062 92.4967 35.8469 80.1756 38.4761 40.8647 26.0768 34.176 34.0319 58.2178 0.0 62.1455 63.5363 75.6493 32.0624 43.7023 64.0078 35.1892 70.4066 51.7962 67.2309 39.827 44.946 51.6236 29.8329 53.1843 63.561 59.9093 16.1245 38.1117 33.6155 67.6093 68.4763 49.0 78.2016 62.0831 43.0465 30.4229 64.5086 62.9365 62.514 18.2643 17.2818 50.4777 66.2516 
62.1289 60.2264 95.0368 67.838 60.075 26.5707 63.0079 27.8927 80.2861 62.1374 80.0788 64.3054 88.9015 74.4317 80.8504 55.2769 60.8769 53.7587 26.4008 26.6833 59.7446 35.3412 80.5233 90.2348 73.0616 74.377 86.1452 83.238 75.1332 73.0616 77.026 71.0515 81.378 48.7545 99.1838 62.1455 0.0 60.1332 80.2247 20.2485 64.3054 105.571 68.0413 81.9648 65.7952 55.0818 23.1948 66.9514 28.1603 29.5296 10.6301 38.0789 73.0078 61.4003 80.9841 80.9164 100.885 109.766 19.9249 89.8751 101.333 41.4367 32.2025 101.363 41.6293 33.0151 63.2348 62.0967 47.0106 4.12311 
38.833 50.6952 35.4401 15.6525 7.0 37.3363 4.24264 34.7851 49.0408 27.8568 59.0339 37.3363 36.9142 23.3238 69.0507 27.4929 11.0454 15.8114 43.8292 61.7738 62.803 33.8941 91.2582 73.1158 13.0384 67.4463 26.9258 84.4334 16.6433 101.245 103.634 63.8905 84.1546 44.3114 73.8241 63.5363 60.1332 0.0 22.3607 45.5412 29.4279 79.4292 49.8197 28.2843 23.0 13.0384 63.0714 39.1152 33.2415 38.4708 53.1507 30.8869 23.2594 78.3879 64.3817 79.6994 54.9748 82.2253 41.0488 36.1248 72.7805 21.4709 56.6974 68.9638 25.5539 36.2491 64.803 79.721 13.9284 61.0 
40.0872 53.9204 24.4131 13.6015 20.2237 55.4104 18.3848 53.1251 43.3548 34.0 54.1218 37.9122 21.0 12.8062 66.5189 45.0143 29.6985 37.0135 61.415 79.3088 66.9087 51.4155 94.4556 68.0145 11.4018 68.2664 20.6155 85.1875 19.9249 107.135 108.711 65.5468 86.1315 49.943 63.6396 75.6493 80.2247 22.3607 0.0 63.6499 31.4006 68.1836 50.5613 10.0 23.8537 34.2053 80.7089 39.4707 54.8179 56.0381 72.0683 53.2353 14.8661 82.7951 60.646 80.2085 39.2046 70.0071 62.1691 15.6525 61.131 39.1374 73.5059 56.0 47.8853 58.6003 68.9087 84.1527 33.3766 81.6149 
41.8808 40.2893 80.9568 51.1967 43.7379 8.24621 47.5395 10.7703 60.2268 41.889 60.1417 44.057 72.2602 57.7904 62.243 38.6356 49.3964 44.0454 6.40312 18.6011 42.3792 15.5242 67.0704 70.3053 57.7235 56.8622 72.45 66.9403 61.8466 65.146 68.6804 53.5367 65.5134 28.7924 79.2466 32.0624 20.2485 45.5412 63.6499 0.0 44.057 85.6341 48.0833 65.4388 49.1539 44.4072 18.4391 46.703 21.4709 9.48683 9.84886 34.0 56.3665 48.0 61.0469 63.8905 80.6366 89.8276 17.1172 73.2338 81.3449 24.5153 18.2483 81.3036 35.0 31.6228 45.72 49.0102 31.6228 23.4307 
9.48683 22.8035 55.1543 19.2094 22.561 39.0546 27.2029 39.1957 24.5398 5.83095 30.1496 8.0 34.4837 19.2354 39.6232 32.3607 40.1995 42.19 38.065 49.9425 35.7131 29.8753 63.5138 44.0114 33.2866 38.2753 49.2037 55.5428 42.4853 76.0532 77.515 34.9285 55.4617 18.8326 50.0024 43.7023 64.3054 29.4279 31.4006 44.057 0.0 55.9733 20.3961 27.6623 7.81025 40.05 53.1978 10.198 44.5643 34.9778 53.8168 49.1935 17.0 51.7131 35.0571 50.6952 36.9054 59.2426 50.5919 35.4573 49.7777 26.4838 42.3954 47.0713 45.31 52.3607 37.7131 53.0707 25.2982 67.383 
46.296 46.0109 90.0278 64.4981 72.5672 82.0061 75.9539 82.4197 31.7805 58.2674 25.4951 46.3615 47.2652 58.0788 28.7924 85.9866 90.4268 94.1116 79.2588 88.5912 49.6488 73.0068 55.1453 19.6469 77.026 35.4683 88.5664 42.0476 87.0057 78.0064 77.0584 38.0132 44.0114 62.1484 6.40312 64.0078 105.571 79.4292 68.1836 85.6341 55.9733 0.0 37.6431 58.2151 57.0088 91.6788 92.0738 44.1029 95.2323 77.4661 94.9434 102.819 57.2189 59.9083 26.0768 39.0512 30.3645 4.47214 97.6524 55.3173 7.07107 80.1097 81.0218 13.0 98.429 105.35 51.7647 60.6383 78.3061 108.979 
11.0454 10.198 74.481 38.7793 42.9535 44.4072 47.5395 44.9444 12.6158 23.0217 12.2066 12.6491 39.0011 38.2605 19.2354 50.4475 60.531 62.0 41.7253 52.1917 20.9249 35.5106 45.2769 24.5153 53.0228 18.3576 68.7514 35.8469 62.4472 60.8276 61.9112 15.6205 36.0555 25.1503 31.241 35.1892 68.0413 49.8197 50.5613 48.0833 20.3961 37.6431 0.0 46.6999 27.5136 60.0333 55.4471 11.6619 58.1808 39.8246 57.4135 66.5653 36.0284 36.7696 15.1327 30.8869 33.7883 41.7732 60.208 48.7095 33.3017 40.4332 44.6446 33.6155 63.5343 68.352 22.9249 38.0789 44.1814 71.4494 
36.2258 50.059 33.1059 14.3178 23.8537 57.1993 24.0416 54.7986 39.0242 31.1127 45.9733 34.0508 11.0 8.48528 62.1882 46.8032 37.4433 43.9318 63.204 77.5482 63.0473 53.2044 90.5942 58.5235 20.2485 63.9357 30.4138 80.8569 29.6142 103.387 104.849 61.6853 82.2701 46.4383 53.7587 70.4066 81.9648 28.2843 10.0 65.4388 27.6623 58.2151 46.6999 0.0 20.6725 41.1096 80.8035 35.6093 58.1808 57.827 73.8572 58.6003 10.6766 79.0473 56.3154 75.8778 29.2746 60.0083 64.846 8.06226 51.1566 40.811 70.0011 46.0 53.4135 63.5138 65.0473 80.4048 36.2491 83.56 
17.0 30.6105 47.3814 11.4018 16.0 40.9144 20.2237 38.6291 26.0768 10.4403 36.0555 14.8661 27.4939 12.3693 46.6162 30.5183 34.0147 37.108 45.3224 57.1999 43.5206 36.9195 71.2811 50.1639 25.5539 45.6946 41.4005 63.0714 34.9285 83.8606 85.3225 42.4853 63.0635 26.09 51.1957 51.7962 65.7952 23.0 23.8537 49.1539 7.81025 57.0088 27.5136 20.6725 0.0 34.7131 60.4553 16.4305 42.7219 41.5421 57.5723 46.6154 10.198 59.5206 41.7307 58.1808 36.3837 60.0833 48.7495 28.4675 50.5964 24.6414 49.6528 47.4236 42.19 50.3289 45.5206 60.8781 22.2036 67.3905 
49.0102 59.2816 41.0122 28.6531 19.3132 36.8782 17.2047 34.0588 60.6712 37.1214 70.1783 48.0416 49.948 36.3593 79.1581 31.5407 6.0 2.82843 44.5533 62.3699 70.3423 36.6197 98.8889 84.0536 23.3238 76.7919 32.0156 93.2291 21.095 105.12 107.509 72.9932 92.9269 37.5719 85.9069 67.2309 55.0818 13.0384 34.2053 44.4072 40.05 91.6788 60.0333 41.1096 34.7131 0.0 62.8013 50.1597 26.9258 39.6232 50.0899 20.3961 36.2353 82.2986 75.0 88.6531 68.0086 94.6414 35.171 48.7955 85.1645 24.1868 58.7963 81.5966 15.1327 26.3059 72.3423 83.6301 17.088 55.109 
50.4642 47.6321 98.2344 68.2557 60.8274 26.0768 64.6683 28.8444 67.6961 51.0298 69.615 53.0443 87.6249 72.3942 63.9246 55.6946 67.6757 62.482 19.3132 4.24264 42.8189 30.0832 57.5674 73.3091 74.8151 57.1415 89.9611 60.9195 79.6053 50.3587 54.231 54.1257 59.0593 41.0488 86.2625 39.827 23.1948 63.0714 80.7089 18.4391 53.1978 92.0738 55.4471 80.8035 60.4553 62.8013 0.0 55.5234 39.2046 24.6982 16.7631 51.614 70.1584 38.6264 66.1564 59.4234 88.8686 96.5444 33.121 88.5985 90.1279 41.6293 12.53 88.6799 53.1507 48.3735 46.3091 39.2173 49.1935 27.2947 
5.09902 17.8885 63.3904 27.6887 32.1403 41.7007 36.5405 41.8417 18.0384 14.7648 20.025 2.82843 46.151 27.1699 30.3645 42.311 50.04 52.345 40.7063 52.268 30.6816 32.5214 56.7274 34.0147 41.9323 30.0167 57.6608 47.5079 51.3566 71.0217 72.4224 27.2029 47.7074 21.4787 37.7366 44.946 66.9514 39.1152 39.4707 46.703 10.198 44.1029 11.6619 35.6093 16.4305 50.1597 55.5234 0.0 54.5625 37.6238 56.4358 59.1438 24.9378 46.6816 25.318 42.5441 44.4669 48.0384 57.0169 43.4043 39.2109 36.4341 44.7209 39.1152 55.3624 62.311 32.6816 48.0392 35.4401 70.0291 
49.7484 52.8867 67.2681 43.8634 34.7851 17.1172 36.6742 15.0 69.1678 39.9236 70.214 51.9164 65.322 51.0 75.0 32.2036 32.7567 25.632 24.7386 39.9625 59.1354 23.5372 86.2844 82.28 46.2709 70.6116 58.3095 84.214 47.2652 86.3771 89.8109 66.4906 83.0963 33.6155 88.866 51.6236 28.1603 33.2415 54.8179 21.4709 44.5643 95.2323 58.1808 58.1808 42.7219 26.9258 39.2046 54.5625 0.0 22.0227 24.2074 12.53 49.7393 67.7422 72.8011 80.5328 78.779 99.1678 8.24621 66.2118 90.3403 19.799 39.2173 89.1343 14.2127 11.0 62.2115 68.902 21.9317 28.2843 
32.8024 32.6497 73.5785 43.5848 36.1565 5.09902 39.9975 7.07107 51.6905 32.8098 52.0096 34.9778 64.6484 50.1786 54.6291 31.0238 43.9318 39.8246 5.38516 23.3238 37.3363 6.08276 64.2806 62.6498 50.1442 49.7579 65.307 62.3939 55.0727 65.8311 69.116 45.6387 61.2046 19.3132 71.0634 29.8329 29.5296 38.4708 56.0381 9.48683 34.9778 77.4661 39.8246 57.827 41.5421 39.6232 24.6982 37.6238 22.0227 0.0 19.3132 33.7343 48.7546 45.8912 53.3385 58.8609 71.5574 81.5659 21.1896 65.622 72.8629 17.0 19.2094 72.7673 33.2415 33.0151 40.4833 47.0745 24.6982 32.45 
51.6236 49.5986 88.5268 59.615 52.1536 17.1172 55.5788 19.0 69.6607 51.6488 69.4509 53.8168 80.6786 66.2088 70.7354 47.054 55.5428 49.2443 15.8114 19.105 49.6488 25.2982 72.0069 79.6145 65.7647 64.262 79.8123 73.6052 68.9638 66.9104 70.7107 60.9365 72.0899 38.6264 88.5559 53.1843 10.6301 53.1507 72.0683 9.84886 53.8168 94.9434 57.4135 73.8572 57.5723 50.0899 16.7631 56.4358 24.2074 19.3132 0.0 36.0694 64.7849 52.7731 70.3562 70.8272 90.3964 99.138 17.0294 81.6522 90.7053 33.0151 22.8035 90.7375 38.4187 32.2025 53.1199 53.6004 39.4588 14.2127 
56.6657 62.514 61.2046 44.6878 34.8281 29.1204 34.9857 26.6833 76.755 44.5529 78.4952 56.565 66.3901 52.4023 84.3445 36.8328 26.3059 18.1108 37.0 52.4786 70.0286 34.0147 97.8673 90.9622 43.0813 80.5047 52.2398 95.0 41.4367 98.7927 102.181 76.4199 94.0213 41.4849 96.4531 63.561 38.0789 30.8869 53.2353 34.0 49.1935 102.819 66.5653 58.6003 46.6154 20.3961 51.614 59.1438 12.53 33.7343 36.0694 0.0 51.6236 79.6241 81.4923 91.0494 82.9856 105.82 19.105 66.6108 96.3548 26.2488 51.6236 93.6483 5.38516 6.0 73.0071 80.8086 24.4131 37.1618 
25.5543 39.3875 39.2046 7.61577 17.2047 48.1269 19.3132 45.8416 29.1204 20.6155 39.8497 23.3793 17.498 2.23607 52.1095 37.7308 33.8378 38.9487 54.1316 66.903 52.3758 44.1321 79.9227 53.8516 20.2237 54.2037 34.4384 71.5899 30.2655 92.7158 94.1776 51.0139 71.5986 35.7931 52.0096 59.9093 73.0078 23.2594 14.8661 56.3665 17.0 57.2189 36.0284 10.6766 10.198 36.2353 70.1584 24.9378 49.7393 48.7546 64.7849 51.6236 0.0 68.3758 46.2415 66.694 35.5586 59.6869 55.962 18.4716 50.3587 31.854 59.3559 46.2452 46.6905 56.0803 54.3758 69.7333 28.0179 74.603 
43.2488 29.0416 106.828 70.9073 72.5705 50.636 77.5396 52.9528 47.45 51.1562 41.1947 46.2062 73.8353 70.6078 31.4006 70.8951 85.3082 83.2586 43.1906 34.7851 16.1245 46.4866 19.2354 40.2616 85.0744 25.0799 101.282 23.3452 93.5931 24.4131 26.1725 24.0832 21.2603 48.7576 54.9181 16.1245 61.4003 78.3879 82.7951 48.0 51.7131 59.9083 36.7696 79.0473 59.5206 82.2986 38.6264 46.6816 67.7422 45.8912 52.7731 79.6241 68.3758 0.0 36.0139 23.0217 68.4471 64.2884 65.0308 86.8423 59.5399 58.1808 30.1496 63.0714 78.848 78.6384 20.0 1.41421 65.3579 65.521 
26.0192 20.8087 85.0493 52.0512 57.4282 58.1808 61.8407 59.0339 17.4929 38.1182 7.07107 27.074 42.8924 47.927 6.40312 65.5788 75.2396 77.026 54.6716 62.6738 23.7697 49.6588 37.5899 9.48683 66.1601 11.0454 80.6226 25.6125 76.0635 57.4891 57.5674 12.3693 26.6271 40.0779 20.1246 38.1117 80.9841 64.3817 60.646 61.0469 35.0571 26.0768 15.1327 56.3154 41.7307 75.0 66.1564 25.318 72.8011 53.3385 70.3562 81.4923 46.2415 36.0139 0.0 20.8087 34.4384 30.5287 74.2428 52.6008 24.0416 55.3609 55.1043 27.074 78.5452 83.1685 25.8473 37.0 59.3043 84.3921 
41.2311 29.4279 104.612 69.4448 73.0548 63.9569 77.8332 65.6607 37.4833 51.923 27.8029 43.382 63.4707 67.4861 14.4222 77.6018 89.9889 90.3214 57.9741 55.3895 21.587 57.1402 17.088 20.2237 83.6884 12.53 99.417 5.0 93.1075 39.0128 38.3275 15.8114 5.83095 51.6236 35.1283 33.6155 80.9164 79.6994 80.2085 63.8905 50.6952 39.0512 30.8869 75.8778 58.1808 88.6531 59.4234 42.5441 80.5328 58.8609 70.8272 91.0494 66.694 23.0217 20.8087 0.0 55.0727 43.1856 79.8311 73.1791 40.3113 66.1891 52.9386 45.1221 89.0225 91.4484 24.3776 23.3238 72.0739 84.8258 
41.4041 43.8925 59.8415 39.7633 49.6449 75.6342 50.8211 74.8757 22.0 41.9894 27.8568 42.9084 18.4391 33.3673 40.7063 66.7649 65.059 70.7861 74.6446 85.6133 53.345 66.4549 72.0069 36.8782 49.2443 44.9444 59.0085 59.6825 58.8558 91.3947 91.7606 44.643 60.9016 55.4122 27.2947 67.6093 100.885 54.9748 39.2046 80.6366 36.9054 30.3645 33.7883 29.2746 36.3837 68.0086 88.8686 44.4669 78.779 71.5574 90.3964 82.9856 35.5586 68.4471 34.4384 55.0727 0.0 31.4006 84.9961 25.1794 23.4094 60.6985 78.0662 17.4642 78.5678 86.557 55.345 69.6348 58.5734 103.963 
50.2315 50.3289 91.2414 67.082 75.4321 86.0523 78.6448 86.4002 35.3553 62.2029 29.6985 50.2971 49.0102 62.7086 33.2415 89.9222 93.1719 97.1236 83.4533 93.0618 54.1202 77.0065 59.0339 24.0416 79.2275 39.9249 90.1998 46.0 89.1403 82.0549 81.0062 42.4853 48.0104 66.084 10.6301 68.4763 109.766 82.2253 70.0071 89.8276 59.2426 4.47214 41.7732 60.0083 60.0833 94.6414 96.5444 48.0384 99.1678 81.5659 99.138 105.82 59.6869 64.2884 30.5287 43.1856 31.4006 0.0 101.607 56.5685 9.48683 84.0453 85.4924 14.0357 101.698 109.286 56.2353 65.0 81.5754 113.174 
52.2028 53.7122 75.4255 50.5964 41.9762 16.1555 44.2832 15.2643 71.6108 52.2028 72.4017 54.3708 71.8321 57.3847 75.7694 38.2312 41.0 33.8378 22.0907 34.5398 58.2495 24.6982 84.006 83.6301 54.0833 70.9084 66.4831 83.1865 55.4437 82.0061 85.6154 66.7892 81.8841 36.7967 91.2634 49.0 19.9249 41.0488 62.1691 17.1172 50.5919 97.6524 60.208 64.846 48.7495 35.171 33.121 57.0169 8.24621 21.1896 17.0294 19.105 55.962 65.0308 74.2428 79.8311 84.9961 101.607 0.0 72.8011 92.7833 25.0599 35.3553 92.6876 21.9545 15.2643 61.4637 66.0681 28.8617 20.0998 
44.0208 57.854 34.7131 22.3607 31.9061 64.9943 31.8904 62.709 36.1308 38.9077 45.5326 41.8458 9.89949 16.2803 58.9562 54.5982 44.8219 51.6236 70.999 85.3432 70.8423 60.9994 89.4036 57.9828 26.9258 61.614 34.0588 78.0894 35.4683 107.018 107.735 60.3291 78.9181 54.2333 51.5461 78.2016 89.8751 36.1248 15.6525 73.2338 35.4573 55.3173 48.7095 8.06226 28.4675 48.7955 88.5985 43.4043 66.2118 65.622 81.6522 66.6108 18.4716 86.8423 52.6008 73.1791 25.1794 56.5685 72.8011 0.0 48.2701 48.7213 77.7961 42.5793 61.4003 71.5612 72.8423 88.1998 44.2832 91.4704 
41.4041 42.4382 82.9759 57.7062 65.9697 77.2607 69.2315 77.5729 26.0768 54.8617 21.6333 41.4696 40.1995 51.182 28.1603 81.0947 83.7437 87.6413 75.0067 86.6453 47.7598 68.1844 57.0701 20.0998 70.0643 34.5254 81.4985 43.9318 80.025 79.2275 78.6384 36.4005 45.7056 57.2565 5.38516 62.0831 101.333 72.7805 61.131 81.3449 49.7777 7.07107 33.3017 51.1566 50.5964 85.1645 90.1279 39.2109 90.3403 72.8629 90.7053 96.3548 50.3587 59.5399 24.0416 40.3113 23.4094 9.48683 92.7833 48.2701 0.0 73.7603 79.0758 6.40312 92.2334 99.6372 49.8188 60.407 72.1105 104.738 
33.956 37.0 56.648 26.6841 19.2354 16.2788 23.0868 14.0357 54.0453 21.8432 52.4141 33.8552 47.7477 33.2779 58.4209 14.1231 27.6586 25.0799 22.3607 40.3113 46.8912 12.7279 75.2401 64.8302 33.2415 55.0091 48.3322 70.4557 38.0789 80.9509 83.3396 51.0 69.7209 15.2971 73.7434 43.0465 41.4367 21.4709 39.1374 24.5153 26.4838 80.1097 40.4332 40.811 24.6414 24.1868 41.6293 36.4341 19.799 17.0 33.0151 26.2488 31.854 58.1808 55.3609 66.1891 60.6985 84.0453 25.0599 48.7213 73.7603 0.0 35.4683 71.0538 23.1948 28.6531 48.8912 59.5063 7.81025 43.1741 
39.6618 36.8297 91.7593 61.7656 54.3373 22.8254 58.1783 25.5539 56.8937 40.2274 58.5629 42.2419 76.8225 61.5917 52.8726 49.2046 62.9365 59.0339 14.7648 8.544 31.7668 22.8035 49.366 62.257 68.325 46.3992 83.4878 55.7166 73.3367 47.1699 50.5964 43.0737 49.6554 31.0483 75.2105 30.4229 32.2025 56.6974 73.5059 18.2483 42.3954 81.0218 44.6446 70.0011 49.6528 58.7963 12.53 44.7209 39.2173 19.2094 22.8035 51.6236 59.3559 30.1496 55.1043 52.9386 78.0662 85.4924 35.3553 77.7961 79.0758 35.4683 0.0 77.8775 51.8845 49.7293 35.257 31.0644 43.2782 36.2491 
41.3084 43.382 77.2787 53.6558 62.2977 77.165 65.2727 77.4772 24.7588 52.1552 23.0868 41.3739 35.0 48.9326 32.0624 76.9307 79.8269 84.1546 74.9951 85.4246 50.2195 68.0887 62.0967 25.0 65.3758 38.0132 76.1643 49.0408 75.2396 83.7257 83.3607 39.3192 50.6952 57.1608 11.4018 64.5086 101.363 68.9638 56.0 81.3036 47.0713 13.0 33.6155 46.0 47.4236 81.5966 88.6799 39.1152 89.1343 72.7673 90.7375 93.6483 46.2452 63.0714 27.074 45.1221 17.4642 14.0357 92.6876 42.5793 6.40312 71.0538 77.8775 0.0 89.4707 96.9307 52.2443 64.0312 69.3542 104.722 
52.9197 60.075 56.0803 39.6232 29.7321 29.0689 29.6816 26.4008 66.9955 40.8068 74.7492 52.811 61.3161 47.3814 81.6149 33.0868 21.095 13.0 37.1214 53.6004 69.2642 32.5576 96.6902 88.0252 37.6962 78.1025 47.0956 93.1343 36.2215 98.8989 102.184 74.0608 92.2659 38.4708 92.4581 62.9365 41.6293 25.5539 47.8853 35.0 45.31 98.429 63.5343 53.4135 42.19 15.1327 53.1507 55.3624 14.2127 33.2415 38.4187 5.38516 46.6905 78.848 78.5452 89.0225 78.5678 101.698 21.9545 61.4003 92.2334 23.1948 51.8845 89.4707 0.0 11.1803 71.2642 80.0812 20.1246 41.1096 
59.8663 63.561 67.1863 49.4065 39.6611 28.0713 40.2492 26.0 79.2858 47.72 80.3329 59.7321 71.0938 57.0088 85.6154 40.0 32.249 24.0832 35.5106 49.6588 70.1142 34.3657 97.2522 92.6553 48.7032 81.3941 58.2151 95.1893 47.3814 96.7678 100.285 77.2787 94.0851 43.4626 98.9839 62.514 33.0151 36.2491 58.6003 31.6228 52.3607 105.35 68.352 63.5138 50.3289 26.3059 48.3735 62.311 11.0 33.0151 32.2025 6.0 56.0803 78.6384 83.1685 91.4484 86.557 109.286 15.2643 71.5612 99.6372 28.6531 49.7293 96.9307 11.1803 0.0 73.1783 79.7957 28.2843 31.7648 
29.2488 15.0416 92.8276 56.9073 58.5705 45.5793 63.5396 47.2832 34.1725 37.1321 29.3059 32.2062 60.5578 56.6078 23.6155 60.8017 75.2148 73.6045 39.6879 42.8265 4.0 33.0 32.5466 33.0 70.8012 17.1421 86.8689 28.02 79.5506 44.3401 45.8019 13.8167 27.0208 35.311 45.9535 18.2643 63.2348 64.803 68.9087 45.72 37.7131 51.7647 22.9249 65.0473 45.5206 72.3423 46.3091 32.6816 62.2115 40.4833 53.1199 73.0071 54.3758 20.0 25.8473 24.3776 55.345 56.2353 61.4637 72.8423 49.8188 48.8912 35.257 52.2443 71.2642 73.1783 0.0 21.3576 55.2738 67.1442 
44.6064 30.3992 108.185 72.2649 73.9281 51.7989 78.8971 54.1306 48.6807 52.5137 42.2966 47.5637 75.066 71.9654 32.249 72.2281 86.6412 84.5813 44.3479 35.4401 17.4929 47.7598 18.4391 41.0 86.432 26.0192 102.64 23.3452 94.9506 23.0217 24.7588 25.1794 21.2132 50.0906 55.7315 17.2818 62.0967 79.721 84.1527 49.0102 53.0707 60.6383 38.0789 80.4048 60.8781 83.6301 39.2173 48.0392 68.902 47.0745 53.6004 80.8086 69.7333 1.41421 37.0 23.3238 69.6348 65.0 66.0681 88.1998 60.407 59.5063 31.0644 64.0312 80.0812 79.7957 21.3576 0.0 66.6909 66.2193 
33.3766 42.6821 49.3356 21.9317 13.1529 23.4094 16.1245 20.8806 46.8727 21.2132 55.109 32.9848 43.4221 29.1548 63.0079 14.4721 20.0 18.4391 30.0167 48.0208 53.2738 20.5183 81.8204 68.593 26.3059 60.2117 40.8534 76.4791 30.4138 88.2152 90.6038 56.3556 75.8584 20.5034 72.3353 50.4777 47.0106 13.9284 33.3766 31.6228 25.2982 78.3061 44.1814 36.2491 22.2036 17.088 49.1935 35.4401 21.9317 24.6982 39.4588 24.4131 28.0179 65.3579 59.3043 72.0739 58.5734 81.5754 28.8617 44.2832 72.1105 7.81025 43.2782 69.3542 20.1246 28.2843 55.2738 66.6909 0.0 48.2597 
