NAME  : Jabali_70_3_0.85_1_5
TYPE : SVRP
MODEL : FINITE_SUPPORT
NUMBER_OF_SCENARIOS : 200
DIMENSION : 70
EDGE_WEIGHT_TYPE : MATRIX
CAPACITY : 172
N_VEHICLES : 3
NODE_COORD_SECTION
1 4651 4767
2 3150 1843
3 8373 3124
4 5758 5731
5 3928 3097
6 6706 1641
7 5046 5086
8 4857 2596
9 4784 5481
10 6055 1252
11 9124 2345
12 723 4752
13 5357 2222
14 4242 8302
15 8438 2700
16 1339 6340
17 4280 2444
18 7074 4091
19 2537 5900
20 1888 3848
21 2383 824
22 2709 4598
23 1936 5765
24 7851 4313
25 2185 3622
26 1903 871
27 1498 7133
28 8705 2796
29 5402 3773
30 7001 7587
31 4589 7862
32 1434 4531
33 5505 8026
34 5235 3513
35 5745 3533
36 1359 5108
37 2319 7447
38 3260 5681
39 5328 6614
40 4892 1202
41 7683 5060
42 2019 5021
43 3570 7806
44 5686 4814
45 5384 1276
46 5689 3490
47 4407 1475
48 5490 2985
49 7710 4551
50 6517 4968
51 7065 6214
52 2970 7191
53 6758 6678
54 6861 7596
55 4898 7560
56 6655 8512
57 4186 5378
58 1725 6629
59 563 6700
60 1184 6182
61 2785 18
62 2293 2243
63 27 6539
64 5219 4325
65 4838 4293
66 922 4957
67 7880 4699
68 3812 2604
69 1592 4687
70 1582 2588
DEMAND_SECTION
1 0.0
2 4.0
3 10.0
4 7.0
5 5.0
6 8.0
7 9.0
8 7.0
9 10.0
10 5.0
11 4.0
12 10.0
13 3.0
14 10.0
15 10.0
16 5.0
17 4.0
18 3.0
19 9.0
20 8.0
21 4.0
22 4.0
23 1.0
24 10.0
25 10.0
26 8.0
27 7.0
28 6.0
29 10.0
30 10.0
31 3.0
32 4.0
33 5.0
34 7.0
35 7.0
36 7.0
37 9.0
38 10.0
39 8.0
40 4.0
41 10.0
42 5.0
43 1.0
44 10.0
45 10.0
46 9.0
47 3.0
48 4.0
49 6.0
50 9.0
51 6.0
52 9.0
53 4.0
54 4.0
55 1.0
56 6.0
57 4.0
58 8.0
59 4.0
60 8.0
61 3.0
62 2.0
63 6.0
64 9.0
65 7.0
66 7.0
67 3.0
68 5.0
69 4.0
70 7.0
DEVIATION_SECTION
1 0.0
2 1.33333
3 3.33333
4 2.33333
5 1.66667
6 2.66667
7 3.0
8 2.33333
9 3.33333
10 1.66667
11 1.33333
12 3.33333
13 1.0
14 3.33333
15 3.33333
16 1.66667
17 1.33333
18 1.0
19 3.0
20 2.66667
21 1.33333
22 1.33333
23 0.333333
24 3.33333
25 3.33333
26 2.66667
27 2.33333
28 2.0
29 3.33333
30 3.33333
31 1.0
32 1.33333
33 1.66667
34 2.33333
35 2.33333
36 2.33333
37 3.0
38 3.33333
39 2.66667
40 1.33333
41 3.33333
42 1.66667
43 0.333333
44 3.33333
45 3.33333
46 3.0
47 1.0
48 1.33333
49 2.0
50 3.0
51 2.0
52 3.0
53 1.33333
54 1.33333
55 0.333333
56 2.0
57 1.33333
58 2.66667
59 1.33333
60 2.66667
61 1.0
62 0.666667
63 2.0
64 3.0
65 2.33333
66 2.33333
67 1.0
68 1.66667
69 1.33333
70 2.33333
DISTANCE_MATRIX
0.0 43.1856 55.6231 19.9249 23.4307 51.788 6.32456 27.7155 9.43398 52.0096 69.408 54.1377 36.2438 48.0833 59.6407 49.8745 30.4138 32.7248 32.8598 37.7115 60.9521 28.6545 40.2029 41.8808 35.1508 64.4025 53.3385 61.4102 17.2627 52.3465 42.1545 44.1424 45.607 19.0 21.8403 47.9522 48.3839 22.8035 26.8701 48.4202 39.5601 39.7254 44.1022 13.0 49.0525 21.8403 44.2832 26.0 40.3113 23.7697 36.0 40.7922 38.6205 51.3196 38.4708 57.4076 10.4403 47.4342 61.1735 50.8038 68.593 51.6746 67.2029 9.84886 7.0 52.3599 41.5933 29.8329 43.143 48.5072 
43.1856 0.0 70.0357 61.9544 20.2485 46.5296 49.0408 27.074 52.3259 38.6005 79.6994 51.2445 28.8617 88.0634 71.0634 66.0076 18.1108 58.6909 56.7636 32.3883 17.8885 39.7066 56.1427 68.2964 28.1603 21.587 75.1665 73.9797 44.3004 92.3953 83.2772 43.566 88.4614 41.4382 42.5225 50.3587 77.3536 58.2613 70.0357 24.0416 73.9537 46.0435 81.251 51.5333 29.8329 42.5225 17.0294 34.8998 69.3606 61.5661 76.2503 73.4869 78.9469 91.646 80.4493 100.547 48.6324 68.1836 74.5453 65.0692 25.6125 11.6619 76.6877 43.6807 39.4005 51.4198 71.5942 14.3178 44.2832 22.0227 
55.6231 70.0357 0.0 50.3289 59.4842 29.7321 53.0094 45.7032 58.5235 39.5601 13.8924 109.15 41.3038 90.1965 5.0 105.037 52.8867 23.0217 88.0221 89.9092 85.0941 82.5454 95.3653 18.1108 86.0748 90.2718 108.005 5.83095 44.4448 63.1981 82.9476 99.4205 77.5242 44.4129 39.5627 101.843 101.356 78.072 62.7408 52.2398 27.0 93.4938 91.5478 43.8292 46.5296 39.5627 56.0089 39.9249 21.095 35.3412 46.0435 92.6607 53.1507 62.2013 77.6709 75.4255 64.8151 102.45 116.336 105.966 85.3756 79.8395 122.365 49.7411 53.4166 108.012 22.0 59.1196 98.9938 90.4575 
19.9249 61.9544 50.3289 0.0 41.8327 57.8705 13.6015 47.5186 14.1421 61.7854 64.0781 69.5482 48.0139 40.3113 55.0273 60.5392 48.3793 28.4429 43.8292 57.4897 79.7457 48.4326 51.4838 33.121 54.9289 83.1179 60.959 56.0803 28.0179 36.28 33.1361 63.9205 31.4391 31.4006 30.3716 60.5065 52.4976 35.1141 13.0 62.2559 27.0101 53.3498 41.2311 13.0384 60.9999 30.3716 61.404 37.2823 30.5287 15.2971 20.2111 43.4166 22.8316 35.5307 28.0179 47.708 22.3607 56.6127 71.5612 61.7738 87.1087 70.3899 78.032 21.2132 23.0217 66.5016 30.8058 48.1813 60.6197 68.1772 
23.4307 20.2485 59.4842 41.8327 0.0 40.8044 29.0 13.4536 32.8024 36.7696 69.5859 49.679 21.095 70.2638 60.4118 57.8705 9.05539 47.3351 44.2832 30.4327 38.0841 27.8927 46.8402 56.9406 26.5984 41.5345 65.1153 63.233 27.9407 72.2735 64.8845 40.0 69.029 30.0611 31.1454 45.2769 64.0 36.0139 50.2494 28.0 57.1715 38.0789 64.56 31.4116 30.5941 31.1454 22.3607 23.5228 58.0048 41.4443 56.1285 58.4209 58.8251 71.5242 61.5873 80.8053 30.4631 58.2495 68.1542 57.5847 45.2769 28.8066 72.0069 23.5589 19.2788 48.6004 60.2384 6.40312 39.6611 39.4246 
51.788 46.5296 29.7321 57.8705 40.8044 0.0 53.0848 27.7849 59.1354 10.0499 35.0571 90.4268 19.8494 97.1288 28.4429 97.6474 33.2415 32.6497 83.5517 71.0661 58.6941 67.607 86.489 38.2099 67.2317 64.2884 104.349 31.4006 34.5254 80.1124 90.2718 80.8022 89.2955 33.2415 30.1496 85.9826 99.925 72.92 70.7107 24.5153 46.4004 78.3901 95.1893 46.0977 18.2483 30.1496 30.0832 26.5707 40.4599 43.9659 61.7414 92.5743 67.4166 79.2023 85.4751 92.3093 62.1691 97.5543 108.294 97.5734 57.0351 57.1067 112.508 42.2966 44.911 89.4036 42.5206 39.598 80.4487 67.7247 
6.32456 49.0408 53.0094 13.6015 29.0 53.0848 0.0 38.6774 6.08276 54.4518 66.8506 60.3738 39.2938 44.7214 57.1402 52.4037 35.5533 30.0 35.3836 43.9477 66.819 34.8906 42.7321 38.2884 41.387 70.2693 55.0 58.8218 19.2354 46.1861 38.3275 50.3785 40.4969 21.8403 23.0 51.7549 48.7545 25.6125 21.4009 53.5323 34.8855 44.5982 42.107 9.21954 52.233 23.0 49.4022 28.6356 36.4005 19.4165 30.1172 40.4969 32.7377 45.4368 34.176 51.969 12.0416 49.5782 63.7024 53.333 74.2765 57.5414 69.7321 11.1803 10.8167 58.596 37.4433 35.3553 49.3792 54.7031 
27.7155 27.074 45.7032 47.5186 13.4536 27.7849 38.6774 0.0 44.2842 25.318 56.3663 63.0317 9.05539 83.3264 47.1922 69.857 9.0 34.1155 55.8764 43.875 44.1475 39.8121 58.6941 43.7209 40.0406 48.5077 76.5573 50.0133 19.7037 75.6005 77.0049 53.2635 78.2963 16.8415 17.9258 58.2495 73.6817 45.8912 59.0981 21.4709 49.3782 50.6063 71.4515 34.4888 21.3776 17.9258 19.105 10.3031 44.7851 43.9323 59.4977 67.0671 62.1521 74.8513 72.7803 87.0286 37.054 69.763 80.4984 69.7782 48.3011 36.3137 84.7231 27.5589 28.6589 61.8466 47.0187 14.5602 52.8015 46.9317 
9.43398 52.3259 58.5235 14.1421 32.8024 59.1354 6.08276 44.2842 0.0 60.2993 72.4017 56.3033 44.911 39.0512 62.7694 47.8017 39.8246 35.5106 30.8058 44.8464 70.0887 35.7894 38.2389 43.1393 42.2857 73.5391 49.679 64.3506 25.0799 43.1882 32.8938 51.2773 36.2353 27.4591 29.0172 47.2616 42.9418 21.4709 17.8045 57.8044 38.833 40.1049 36.0555 14.7648 57.8398 29.0172 53.6742 34.3657 41.0366 24.0416 32.6977 34.5398 35.3182 43.3186 29.0689 48.2493 8.24621 44.5533 59.0339 48.8262 77.8332 54.5764 65.215 17.0294 15.8114 53.2567 41.8688 39.2046 47.3748 55.6526 
52.0096 38.6005 39.5601 61.7854 36.7696 10.0499 54.4518 25.318 60.2993 0.0 45.0111 85.5393 16.2788 99.1413 38.4708 94.578 28.178 39.0512 80.4858 66.1581 49.3356 64.5136 83.4865 46.2277 62.3237 55.0273 101.446 41.4367 35.2278 85.5862 92.5743 76.1577 92.9404 33.0151 31.7805 81.8413 98.9949 71.1969 73.8386 15.2315 53.7401 74.8465 96.0833 49.1534 8.94427 31.7805 21.6333 26.0192 48.1664 48.7647 67.4166 92.2709 72.4707 84.7231 88.0738 97.5295 62.0322 94.6515 104.924 94.3398 47.0956 49.5782 108.688 43.2897 45.0111 84.7231 50.3289 34.1321 76.0592 60.208 
69.408 79.6994 13.8924 64.0781 69.5859 35.0571 66.8506 56.3663 72.4017 45.0111 0.0 120.854 50.9215 103.582 9.89949 118.822 63.561 36.8917 101.807 101.614 93.3809 94.25 109.15 31.3209 96.1766 98.8433 121.828 8.06226 56.1494 75.0267 96.3652 111.125 90.4268 56.1174 51.2672 113.548 115.248 91.8568 76.4253 59.4138 39.6232 105.321 105.309 57.6888 53.2353 51.2672 64.3273 51.6236 34.2053 49.1935 58.6941 106.55 65.9242 74.027 90.9926 87.0057 78.6023 116.235 130.121 119.751 92.0869 89.7484 136.15 63.526 67.2014 119.716 34.7131 69.7782 110.698 100.366 
54.1377 51.2445 109.15 69.5482 49.679 90.4268 60.3738 63.0317 56.3033 85.5393 120.854 0.0 70.6045 66.3099 111.244 22.0227 57.4451 85.0078 27.6586 19.7231 57.0088 27.313 20.2485 94.1712 24.1868 54.3323 32.8024 113.898 63.6034 89.2192 65.8027 10.0 76.6877 64.3109 68.5849 9.05539 41.2311 35.5366 66.1928 74.1874 92.3547 17.2627 55.4617 66.1734 78.2595 68.5849 67.0094 73.1882 92.6676 76.6525 88.8417 43.8292 85.7347 89.3496 66.4906 93.0591 48.7563 27.5862 25.7099 20.0 69.0072 40.025 26.0192 59.2028 54.7762 3.16228 93.6728 51.4261 11.1803 32.0156 
36.2438 28.8617 41.3038 48.0139 21.095 19.8494 39.2938 9.05539 44.911 16.2788 50.9215 70.6045 0.0 83.9524 42.2019 78.5493 13.4536 31.5094 64.3398 51.2314 44.0114 48.4665 67.4166 41.1096 47.3971 49.0408 85.2998 45.1221 20.2485 75.3881 77.6209 61.0328 78.7909 17.4642 18.0278 66.3702 82.7345 54.9181 59.6154 14.8661 46.7722 59.0339 80.3386 35.0309 13.0 18.0278 15.5242 10.7703 42.1791 39.926 58.6953 76.1052 62.0354 74.7231 73.3757 87.4642 46.0109 78.5055 89.0505 78.3901 45.8803 38.8273 93.0591 28.1603 29.2858 69.6348 44.4126 19.8494 60.7454 49.4453 
48.0833 88.0634 90.1965 40.3113 70.2638 97.1288 44.7214 83.3264 39.0512 99.1413 103.582 66.3099 83.9524 0.0 94.9554 47.8539 78.1857 68.7314 39.4462 66.7383 105.848 52.7366 46.0977 72.2775 68.2516 105.538 41.0 95.8044 63.9531 36.8782 7.28011 61.9112 17.2047 66.4906 67.4759 57.6975 29.0 39.598 27.4591 96.4624 64.2666 52.6972 11.1803 51.0392 96.8821 67.4759 92.1141 73.3485 69.3767 55.5788 46.0652 22.8035 38.9487 37.5366 12.6491 33.2415 39.8121 41.5933 55.0091 50.01 113.682 88.5281 62.0 55.9017 54.8179 63.1585 68.9914 76.4853 59.6825 83.7619 
59.6407 71.0634 5.0 55.0273 60.4118 28.4429 57.1402 47.1922 62.7694 38.4708 9.89949 111.244 42.2019 94.9554 0.0 109.054 54.4243 27.2947 92.0397 92.0037 85.4751 84.6399 99.3828 23.0868 88.1694 90.7965 112.072 3.0 46.5394 68.1836 87.7065 101.515 82.4924 46.5074 41.6572 103.938 105.679 82.0896 67.4997 52.0 32.0 95.7108 96.2081 48.0208 46.0435 41.6572 56.3205 42.0595 26.0768 39.9249 51.0392 97.0618 58.1378 67.1863 82.4489 80.399 68.8351 106.468 120.353 109.984 85.0529 80.9556 126.383 53.7587 57.4342 110.106 27.0 60.6086 101.088 91.9464 
49.8745 66.0076 105.037 60.5392 57.8705 97.6474 52.4037 69.857 47.8017 94.578 118.822 22.0227 78.5493 47.8539 109.054 0.0 66.7608 82.1385 17.0294 34.2345 75.505 30.0832 11.1803 90.6863 38.0526 73.7631 10.8167 110.824 66.114 76.4853 49.0408 23.7697 61.0082 66.8214 71.0954 16.7631 20.1246 27.1437 55.0273 84.9294 86.6083 20.2237 36.6742 61.5689 88.3233 71.0954 78.2624 80.1546 88.7299 71.7008 80.1193 25.1794 73.1096 76.6877 51.0882 78.0577 40.3634 6.32456 11.3137 2.23607 87.2983 56.2228 17.4929 59.5633 55.7926 19.4165 89.6437 61.6117 22.3607 50.6952 
30.4138 18.1108 52.8867 48.3793 9.05539 33.2415 35.5533 9.0 39.8246 28.178 63.561 57.4451 13.4536 78.1857 54.4243 66.7608 0.0 41.348 53.3385 38.064 35.4401 36.8782 55.7853 50.9535 34.2296 39.6232 74.1485 57.2451 26.9362 79.6591 72.4983 48.0208 75.8349 24.074 25.1583 53.6656 73.0068 45.0 56.8842 19.0263 56.6108 46.8188 73.0068 37.9582 21.587 25.1583 13.9284 17.5357 52.0177 47.9909 63.5563 67.2681 66.2107 78.9099 68.884 91.0872 38.6005 67.2681 76.896 66.4078 40.4969 27.3137 80.5295 30.1055 25.8254 56.6039 54.2513 6.40312 47.8853 37.9317 
32.7248 58.6909 23.0217 28.4429 47.3351 32.6497 30.0 34.1155 35.5106 39.0512 36.8917 85.0078 31.5094 68.7314 27.2947 82.1385 41.348 0.0 65.1211 68.5703 74.9528 59.5247 72.467 11.0454 65.9165 79.7147 85.0 28.8444 32.2958 47.5395 61.5224 75.0125 58.1378 32.2638 27.4136 78.8224 78.3901 55.1737 41.3038 45.7981 15.2643 70.5955 69.2604 20.8087 42.0119 27.4136 47.0078 27.8237 11.1803 13.1529 29.1548 69.7711 35.171 46.6154 56.3205 59.808 41.8688 79.511 93.4375 83.0678 77.3722 68.2517 99.467 26.8428 30.5183 83.23 13.3417 47.5319 74.0132 78.8697 
32.8598 56.7636 88.0221 43.8292 44.2832 83.5517 35.3836 55.8764 30.8058 80.4858 101.807 27.6586 64.3398 39.4462 92.0397 17.0294 53.3385 65.1211 0.0 28.6007 68.942 17.1172 8.06226 73.6614 30.8869 68.4763 21.1896 93.8092 49.0389 62.1515 38.2753 22.4722 49.0306 49.8067 53.958 18.6815 20.6155 10.129 39.6232 72.1734 69.6348 13.4536 29.2062 44.5533 74.8138 53.958 66.0076 66.0589 71.7008 54.6717 63.2494 18.4391 58.667 62.2819 38.833 65.4905 23.3452 14.7648 28.3196 18.0278 80.0562 48.4665 34.4093 42.5486 38.7778 24.5153 72.6223 49.0102 20.2485 46.0435 
37.7115 32.3883 89.9092 57.4897 30.4327 71.0661 43.9477 43.875 44.8464 66.1581 101.614 19.7231 51.2314 66.7383 92.0037 34.2345 38.064 68.5703 28.6007 0.0 41.4849 16.1555 25.632 77.7337 4.47214 40.3113 44.1475 94.6579 47.102 86.4758 64.5549 11.1803 74.4932 47.8094 52.0834 18.0278 48.3011 32.7917 62.4037 54.7607 75.9447 15.6525 57.28 49.7473 58.8784 52.0834 47.8201 53.9478 76.2301 60.208 73.6383 47.0106 76.2588 86.6062 64.3751 90.4887 39.2788 37.3631 42.19 33.0606 53.1507 22.0227 44.3847 42.72 38.3275 19.3132 77.5986 32.045 12.0 17.4929 
60.9521 17.8885 85.0941 79.7457 38.0841 58.6941 66.819 44.1475 70.0887 49.3356 93.3809 57.0088 44.0114 105.848 85.4751 75.505 35.4401 74.9528 68.942 41.4849 0.0 52.893 67.0522 84.5583 38.2753 5.83095 85.6154 88.459 60.6298 110.187 101.254 51.788 106.224 57.7676 58.8519 58.8558 89.3197 71.5914 87.7999 34.2053 90.2156 56.921 96.1882 69.3246 40.5216 58.8519 29.1548 51.2292 85.6225 79.3574 94.0416 86.7698 96.7382 109.437 98.2121 118.31 66.3952 78.848 82.2982 74.1485 12.0 20.5913 83.0 61.472 57.1919 58.1378 87.8561 32.2025 53.1507 25.0799 
28.6545 39.7066 82.5454 48.4326 27.8927 67.607 34.8906 39.8121 35.7894 64.5136 94.25 27.313 48.4665 52.7366 84.6399 30.0832 36.8782 59.5247 17.1172 16.1555 52.893 0.0 18.9737 68.688 16.4012 53.0094 37.3363 87.2941 38.1203 72.474 50.5532 17.72 60.4914 38.8277 43.1017 20.0 37.6563 18.79 49.4462 55.4437 66.8715 11.3137 43.3867 40.6902 58.4637 43.1017 49.0918 50.1141 67.1844 51.1693 64.5812 34.0147 67.2017 72.6045 50.3733 76.4869 30.2218 30.4138 40.7063 29.9666 63.8186 32.3107 45.2217 33.7196 29.293 25.0599 68.1896 32.1403 16.1555 31.8904 
40.2029 56.1427 95.3653 51.4838 46.8402 86.489 42.7321 58.6941 38.2389 83.4865 109.15 20.2485 67.4166 46.0977 99.3828 11.1803 55.7853 72.467 8.06226 25.632 67.0522 18.9737 0.0 81.0147 28.8617 65.9242 19.0263 101.152 56.975 70.1931 45.607 17.0294 56.7186 57.6824 61.9564 11.6619 23.0217 17.4721 47.676 74.1485 77.0703 10.198 35.3553 51.8973 77.3692 61.9564 67.6018 68.9962 79.0681 62.0408 70.7772 23.8537 66.7087 70.3235 46.5296 73.3348 30.6918 12.0416 22.2036 11.4018 78.5875 47.0744 27.5862 49.8917 46.121 17.088 80.0075 50.8035 15.0 42.9535 
41.8808 68.2964 18.1108 33.121 56.9406 38.2099 38.2884 43.7209 43.1393 46.2277 31.3209 94.1712 41.1096 72.2775 23.0868 90.6863 50.9535 11.0454 73.6614 77.7337 84.5583 68.688 81.0147 0.0 75.0799 89.3202 92.7631 23.5372 41.9013 45.5412 65.0607 84.1759 59.4138 41.8693 37.0191 87.9857 85.2115 63.8905 45.3587 55.0364 9.21954 79.7589 74.2744 29.2062 50.6063 37.0191 56.6133 37.4291 3.0 19.105 28.0 76.2758 35.0571 44.5533 59.6881 57.8705 50.3289 87.6812 101.98 91.6156 86.9777 77.8572 108.015 36.0062 39.6816 92.3934 4.47214 57.1374 83.1766 88.4752 
35.1508 28.1603 86.0748 54.9289 26.5984 67.2317 41.387 40.0406 42.2857 62.3237 96.1766 24.1868 47.3971 68.2516 88.1694 38.0526 34.2296 65.9165 30.8869 4.47214 38.2753 16.4012 28.8617 75.0799 0.0 37.5899 47.676 90.8235 44.2195 85.0034 66.0682 15.5242 76.0065 44.927 49.201 22.2036 51.0784 34.305 59.843 50.9264 73.2909 18.6815 58.8982 47.1699 55.044 49.201 43.9857 50.1134 73.5762 57.5638 71.0775 49.0918 73.698 85.1338 65.8884 89.8571 36.7181 40.7922 46.3897 37.0 49.7293 18.2483 48.7647 39.8378 35.5106 23.7697 74.9448 28.2106 16.1245 15.5563 
64.4025 21.587 90.2718 83.1179 41.5345 64.2884 70.2693 48.5077 73.5391 55.0273 98.8433 54.3323 49.0408 105.538 90.7965 73.7631 39.6232 79.7147 68.4763 40.3113 5.83095 53.0094 65.9242 89.3202 37.5899 0.0 84.119 93.771 69.3041 113.637 104.646 50.0 108.493 62.4592 63.5435 57.0088 88.5664 71.5914 91.2503 39.8497 94.9775 55.9464 96.1882 72.775 46.1736 63.5435 34.5254 55.9209 90.3844 82.8078 97.4919 86.6083 100.189 112.888 102.154 121.76 70.328 77.4919 79.9062 72.2772 15.8114 21.2132 80.1561 64.9223 60.6422 55.7315 92.618 35.7463 51.5461 23.0868 
53.3385 75.1665 108.005 60.959 65.1153 104.349 55.0 76.5573 49.679 101.446 121.828 32.8024 85.2998 41.0 112.072 10.8167 74.1485 85.0 21.1896 44.1475 85.6154 37.3363 19.0263 92.7631 47.676 84.119 0.0 113.811 69.7782 73.0548 43.566 34.176 55.9017 70.5506 74.686 27.313 12.0 30.8707 53.3385 92.7793 87.7268 29.1548 30.0666 64.2028 95.7079 74.686 86.3713 77.4166 90.5539 73.6614 80.9412 19.9249 70.2465 73.3894 46.5725 72.9932 43.2666 7.0 14.0357 12.8062 97.2934 65.9242 21.0 63.1348 59.4811 30.2324 91.2195 69.4622 32.573 61.0328 
61.4102 73.9797 5.83095 56.0803 63.233 31.4006 58.8218 50.0133 64.3506 41.4367 8.06226 113.898 45.1221 95.8044 3.0 110.824 57.2451 28.8444 93.8092 94.6579 88.459 87.2941 101.152 23.5372 90.8235 93.771 113.811 0.0 49.1935 68.0294 88.5877 104.169 82.8734 49.1615 44.3113 106.592 107.187 83.8591 68.4573 55.0 32.1403 98.3649 97.3088 49.6488 49.0408 44.3113 59.3043 44.7214 26.4764 41.1461 51.2445 98.4886 58.4209 67.0298 83.2151 80.1561 70.6045 108.238 122.123 111.753 88.0511 83.8465 128.152 55.5282 59.2037 112.76 27.1662 63.4297 103.742 94.7676 
17.2627 44.3004 44.4448 28.0179 27.9407 34.5254 19.2354 19.7037 25.0799 35.2278 56.1494 63.6034 20.2485 63.9531 46.5394 66.114 26.9362 32.2958 49.0389 47.102 60.6298 38.1203 56.975 41.9013 44.2195 69.3041 69.7782 49.1935 0.0 56.0403 57.4891 53.6081 58.6003 3.60555 5.0 57.418 65.521 38.9102 39.3954 34.4409 40.0992 49.1911 61.0 15.0 33.2415 5.0 33.5891 9.48683 40.3846 24.3721 39.9374 58.0517 42.5919 55.291 53.1601 67.4683 27.6586 63.6305 78.8256 68.0756 63.698 56.5762 83.2791 8.06226 10.4403 61.8256 41.7531 34.2893 52.6088 57.3142 
52.3465 92.3953 63.1981 36.28 72.2735 80.1124 46.1861 75.6005 43.1882 85.5862 75.0267 89.2192 75.3881 36.8782 68.1836 76.4853 79.6591 47.5395 62.1515 86.4758 110.187 72.474 70.1931 45.5412 85.0034 113.637 73.0548 68.0294 56.0403 0.0 31.0644 82.5078 19.799 59.4542 57.7459 80.1787 61.8466 56.5883 25.5081 89.6897 36.3456 73.0223 44.7772 41.1519 87.4063 57.7459 89.486 65.3046 42.5793 36.8917 18.3848 53.1413 13.4536 1.0 26.8328 12.3693 48.6346 71.0634 86.1278 78.2624 118.389 96.4746 93.145 50.0927 53.1105 86.1721 41.3038 78.6221 80.2922 98.3704 
42.1545 83.2772 82.9476 33.1361 64.8845 90.2718 38.3275 77.0049 32.8938 92.5743 96.3652 65.8027 77.6209 7.28011 87.7065 49.0408 72.4983 61.5224 38.2753 64.5549 101.254 50.5532 45.607 65.0607 66.0682 104.646 43.566 88.5877 57.4891 31.0644 0.0 60.4152 12.3693 60.1664 60.8276 56.921 31.7805 36.6197 20.2237 90.5739 57.0499 50.9902 13.9284 44.1814 90.5605 60.8276 86.406 66.9403 62.16 48.3735 38.9487 24.0208 31.9061 31.6228 5.38516 29.4279 34.6699 43.0 57.3149 51.0882 108.874 83.9338 64.3817 49.4773 48.7032 62.6418 61.7746 71.1969 58.1808 81.5785 
44.1424 43.566 99.4205 63.9205 40.0 80.8022 50.3785 53.2635 51.2773 76.1577 111.125 10.0 61.0328 61.9112 101.515 23.7697 48.0208 75.0125 22.4722 11.1803 51.788 17.72 17.0294 84.1759 15.5242 50.0 34.176 104.169 53.6081 82.5078 60.4152 0.0 70.5195 54.3156 58.5896 7.07107 40.0 28.8237 59.4799 64.7766 82.3594 9.48683 51.614 56.1781 68.8942 58.5896 57.8359 63.4591 82.6723 66.6572 80.0691 40.4599 82.6896 82.6382 60.407 86.5207 42.0434 27.7308 31.0644 22.3607 63.6396 33.0151 33.2415 49.2075 44.7809 8.60233 84.0408 42.0595 2.23607 26.9258 
45.607 88.4614 77.5242 31.4391 69.029 89.2955 40.4969 78.2963 36.2353 92.9404 90.4268 76.6877 78.7909 17.2047 82.4924 61.0082 75.8349 58.1378 49.0306 74.4932 106.224 60.4914 56.7186 59.4138 76.0065 108.493 55.9017 82.8734 58.6003 19.799 12.3693 70.5195 0.0 61.7171 61.1757 67.6831 44.1475 45.6946 19.2354 93.0335 50.8035 61.0328 26.2488 44.0114 91.7878 61.1757 89.6837 68.0294 56.4358 45.3982 31.7805 36.2215 24.5153 20.5183 10.198 17.1172 40.4599 55.0818 69.5845 63.0 114.022 90.062 76.6551 51.0 51.3128 73.5459 55.7315 75.4321 68.3081 90.531 
19.0 41.4382 44.4129 31.4006 30.0611 33.2415 21.8403 16.8415 27.4591 33.0151 56.1174 64.3109 17.4642 66.4906 46.5074 66.8214 24.074 32.2638 49.8067 47.8094 57.7676 38.8277 57.6824 41.8693 44.927 62.4592 70.5506 49.1615 3.60555 59.4542 60.1664 54.3156 61.7171 0.0 6.32456 58.1254 66.7083 39.6823 42.4853 31.5787 43.5132 49.8986 63.0714 18.4391 30.3971 6.32456 30.7269 7.0 42.9335 27.786 43.3513 59.5399 46.0058 58.7049 55.9732 70.8822 29.1548 64.3983 79.533 68.783 60.8358 50.9777 83.9865 10.7703 12.0 62.533 45.1671 30.2579 53.3162 61.5957 
21.8403 42.5225 39.5627 30.3716 31.1454 30.1496 23.0 17.9258 29.0172 31.7805 51.2672 68.5849 18.0278 67.4759 41.6572 71.0954 25.1583 27.4136 53.958 52.0834 58.8519 43.1017 61.9564 37.0191 49.201 63.5435 74.686 44.3113 5.0 57.7459 60.8276 58.5896 61.1757 6.32456 0.0 62.3994 70.214 43.8292 42.0739 32.6497 42.6764 54.1726 65.0692 17.3886 30.8869 0.0 31.8112 7.81025 38.0833 26.7257 42.2911 62.5859 44.3931 57.0808 56.2939 69.822 32.28 68.5496 83.807 73.057 61.9201 52.062 88.2605 12.1655 15.2315 66.807 40.3169 31.3422 57.5902 62.68 
47.9522 50.3587 101.843 60.5065 45.2769 85.9826 51.7549 58.2495 47.2616 81.8413 113.548 9.05539 66.3702 57.6975 103.938 16.7631 53.6656 78.8224 18.6815 18.0278 58.8558 20.0 11.6619 87.9857 22.2036 57.0088 27.313 106.592 57.418 80.1787 56.921 7.07107 67.6831 58.1254 62.3994 0.0 33.9706 26.4949 57.1511 70.8378 86.1692 8.94427 47.0106 59.9879 74.8465 62.3994 63.8987 68.5127 85.9109 70.467 79.7999 35.5106 76.6942 80.3091 57.4891 84.0119 39.7145 21.095 24.1868 15.2971 70.7107 40.0 26.9258 53.0173 48.5907 6.0 87.4873 47.927 6.08276 33.9559 
48.3839 77.3536 101.356 52.4976 64.0 99.925 48.7545 73.6817 42.9418 98.9949 115.248 41.2311 82.7345 29.0 105.679 20.1246 73.0068 78.3901 20.6155 48.3011 89.3197 37.6563 23.0217 85.2115 51.0784 88.5664 12.0 107.187 65.521 61.8466 31.7805 40.0 44.1475 66.7083 70.214 33.9706 0.0 28.0179 43.4166 92.0 79.4647 32.6497 18.1108 57.7062 94.1913 70.214 86.093 73.5769 82.801 66.2873 66.3812 9.21954 59.5295 62.2415 35.1141 61.1882 37.9473 13.8924 26.0192 22.3607 100.568 68.9493 33.0 58.1893 55.0818 38.2884 83.2406 69.1158 38.0132 65.7647 
22.8035 58.2613 78.072 35.1141 36.0139 72.92 25.6125 45.8912 21.4709 71.1969 91.8568 35.5366 54.9181 39.598 82.0896 27.1437 45.0 55.1737 10.129 32.7917 71.5914 18.79 17.4721 63.8905 34.305 71.5914 30.8707 83.8591 38.9102 56.5883 36.6197 28.8237 45.6946 39.6823 43.8292 26.4949 28.0179 0.0 33.0151 64.0078 60.208 19.3382 31.0644 34.7131 66.1891 43.8292 58.2151 46.5484 62.0081 45.0 54.1461 22.8035 53.1038 56.7187 35.7771 61.131 13.6015 24.7206 38.4427 28.073 82.5216 51.0138 44.4721 32.45 28.6531 32.49 63.0079 41.313 26.6081 49.8153 
26.8701 70.0357 62.7408 13.0 50.2494 70.7107 21.4009 59.0981 17.8045 73.8386 76.4253 66.1928 59.6154 27.4591 67.4997 55.0273 56.8842 41.3038 39.6232 62.4037 87.7999 49.4462 47.676 45.3587 59.843 91.2503 53.3385 68.4573 39.3954 25.5081 20.2237 59.4799 19.2354 42.4853 42.0739 57.1511 43.4166 33.0151 0.0 73.8354 39.2155 49.9944 29.6816 25.0 72.6154 42.0739 70.733 48.8467 42.7403 28.1603 28.8753 34.2053 22.0236 25.6385 15.0333 30.5692 23.7697 50.1597 65.3911 56.6127 95.462 71.6007 72.2357 31.7648 32.2025 63.1462 43.0173 56.6392 57.2643 73.2099 
48.4202 24.0416 52.2398 62.2559 28.0 24.5153 53.5323 21.4709 57.8044 15.2315 59.4138 74.1874 14.8661 96.4624 52.0 84.9294 19.0263 45.7981 72.1734 54.7607 34.2053 55.4437 74.1485 55.0364 50.9264 39.8497 92.7793 55.0 34.4409 89.6897 90.5739 64.7766 93.0335 31.5787 32.6497 70.8378 92.0 64.0078 73.8354 0.0 61.0609 64.7611 91.7824 49.3325 6.32456 32.6497 7.2111 25.0403 56.356 54.2147 72.984 86.2844 76.3369 89.0246 86.8696 101.766 57.2713 85.8429 94.6414 84.4038 33.1361 35.4683 97.7427 42.2962 43.8044 73.3261 58.5918 23.3452 64.8544 46.0109 
39.5601 73.9537 27.0 27.0101 57.1715 46.4004 34.8855 49.3782 38.833 53.7401 39.6232 92.3547 46.7722 64.2666 32.0 86.6083 56.6108 15.2643 69.6348 75.9447 90.2156 66.8715 77.0703 9.21954 73.2909 94.9775 87.7268 32.1403 40.0992 36.3456 57.0499 82.3594 50.8035 43.5132 42.6764 86.1692 79.4647 60.208 39.2155 61.0609 0.0 77.9424 68.1312 26.5707 57.2014 42.6764 62.2706 43.0865 6.32456 15.8114 19.105 70.4053 26.3059 35.3553 51.6773 48.6621 46.6476 83.0963 97.8008 87.6584 92.635 85.807 104.043 34.2172 37.8927 90.5769 5.0 63.5201 81.36 86.5449 
39.7254 46.0435 93.4938 53.3498 38.0789 78.3901 44.5982 50.6063 40.1049 74.8465 105.321 17.2627 59.0339 52.6972 95.7108 20.2237 46.8188 70.5955 13.4536 15.6525 56.921 11.3137 10.198 79.7589 18.6815 55.9464 29.1548 98.3649 49.1911 73.0223 50.9902 9.48683 61.0328 49.8986 54.1726 8.94427 32.6497 19.3382 49.9944 64.7611 77.9424 0.0 42.638 51.7611 68.3081 54.1726 58.0517 60.9036 77.6841 62.2402 72.6433 31.8277 75.2638 73.1527 50.9215 77.0352 32.5579 22.2036 30.0832 19.6469 68.4105 36.8782 34.1321 44.7905 40.3639 14.5602 79.2605 41.4849 7.28011 33.121 
44.1022 81.251 91.5478 41.2311 64.56 95.1893 42.107 71.4515 36.0555 96.0833 105.309 55.4617 80.3386 11.1803 96.2081 36.6742 73.0068 69.2604 29.2062 57.28 96.1882 43.3867 35.3553 74.2744 58.8982 96.1882 30.0666 97.3088 61.0 44.7772 13.9284 51.614 26.2488 63.0714 65.0692 47.0106 18.1108 31.0644 29.6816 91.7824 68.1312 42.638 0.0 49.8197 92.7793 65.0692 86.8332 70.0643 71.656 56.3028 50.7565 11.7047 43.9048 45.2769 18.0278 43.1741 34.5254 30.4138 44.0114 38.833 106.848 75.6105 51.0392 53.0094 51.0882 52.3259 71.933 70.5195 49.4065 74.411 
13.0 51.5333 43.8292 13.0384 31.4116 46.0977 9.21954 34.4888 14.7648 49.1534 57.6888 66.1734 35.0309 51.0392 48.0208 61.5689 37.9582 20.8087 44.5533 49.7473 69.3246 40.6902 51.8973 29.2062 47.1699 72.775 64.2028 49.6488 15.0 41.1519 44.1814 56.1781 44.0114 18.4391 17.3886 59.9879 57.7062 34.7131 25.0 49.3325 26.5707 51.7611 49.8197 0.0 48.0169 17.3886 48.3742 24.2993 27.4591 10.7703 25.0799 49.2443 27.7035 40.4027 39.4588 52.58 21.2132 58.7963 72.8679 62.4981 76.6876 60.047 78.8973 8.94427 12.1655 64.3956 28.6531 37.7602 55.1788 60.4052 
49.0525 29.8329 46.5296 60.9999 30.5941 18.2483 52.233 21.3776 57.8398 8.94427 53.2353 78.2595 13.0 96.8821 46.0435 88.3233 21.587 42.0119 74.8138 58.8784 40.5216 58.4637 77.3692 50.6063 55.044 46.1736 95.7079 49.0408 33.2415 87.4063 90.5605 68.8942 91.7878 30.3971 30.8869 74.8465 94.1913 66.1891 72.6154 6.32456 57.2014 68.3081 92.7793 48.0169 0.0 30.8869 12.8062 23.7697 52.1536 50.555 69.3243 88.0057 74.2598 86.5524 86.3359 99.6075 58.3095 88.8426 98.3514 87.9318 39.0128 41.0122 101.769 41.1145 42.2145 77.4437 54.3783 26.9258 68.942 51.6236 
21.8403 42.5225 39.5627 30.3716 31.1454 30.1496 23.0 17.9258 29.0172 31.7805 51.2672 68.5849 18.0278 67.4759 41.6572 71.0954 25.1583 27.4136 53.958 52.0834 58.8519 43.1017 61.9564 37.0191 49.201 63.5435 74.686 44.3113 5.0 57.7459 60.8276 58.5896 61.1757 6.32456 0.0 62.3994 70.214 43.8292 42.0739 32.6497 42.6764 54.1726 65.0692 17.3886 30.8869 0.0 31.8112 7.81025 38.0833 26.7257 42.2911 62.5859 44.3931 57.0808 56.2939 69.822 32.28 68.5496 83.807 73.057 61.9201 52.062 88.2605 12.1655 15.2315 66.807 40.3169 31.3422 57.5902 62.68 
44.2832 17.0294 56.0089 61.404 22.3607 30.0832 49.4022 19.105 53.6742 21.6333 64.3273 67.0094 15.5242 92.1141 56.3205 78.2624 13.9284 47.0078 66.0076 47.8201 29.1548 49.0918 67.6018 56.6133 43.9857 34.5254 86.3713 59.3043 33.5891 89.486 86.406 57.8359 89.6837 30.7269 31.8112 63.8987 86.093 58.2151 70.733 7.2111 62.2706 58.0517 86.8332 48.3742 12.8062 31.8112 0.0 24.1885 57.6775 57.8178 73.3831 80.7527 76.0376 88.7367 82.7394 100.914 52.4976 79.404 87.8009 77.666 30.3645 28.3196 90.8021 43.9544 39.6742 66.3854 59.911 17.0 57.9137 38.8973 
26.0 34.8998 39.9249 37.2823 23.5228 26.5707 28.6356 10.3031 34.3657 26.0192 51.6236 73.1882 10.7703 73.3485 42.0595 80.1546 17.5357 27.8237 66.0589 53.9478 51.2292 50.1141 68.9962 37.4291 50.1134 55.9209 77.4166 44.7214 9.48683 65.3046 66.9403 63.4591 68.0294 7.0 7.81025 68.5127 73.5769 46.5484 48.8467 25.0403 43.0865 60.9036 70.0643 24.2993 23.7697 7.81025 24.1885 0.0 38.4933 33.6364 49.2018 66.4831 51.8562 63.9915 62.6418 76.7326 36.1248 80.0614 90.8015 80.0805 54.2974 44.4393 95.0162 17.4642 19.0 72.0503 40.7269 23.7195 63.0324 55.0574 
40.3113 69.3606 21.095 30.5287 58.0048 40.4599 36.4005 44.7851 41.0366 48.1664 34.2053 92.6676 42.1791 69.3767 26.0768 88.7299 52.0177 11.1803 71.7008 76.2301 85.6225 67.1844 79.0681 3.0 73.5762 90.3844 90.5539 26.4764 40.3846 42.5793 62.16 82.6723 56.4358 42.9335 38.0833 85.9109 82.801 62.0081 42.7403 56.356 6.32456 77.6841 71.656 27.4591 52.1536 38.0833 57.6775 38.4933 0.0 17.0294 25.0 73.8173 32.0624 41.5933 56.7874 54.9181 48.4149 85.5862 100.005 89.669 88.0419 78.9214 106.068 34.5026 38.178 90.8898 2.23607 58.2015 81.6729 86.8303 
23.7697 61.5661 35.3412 15.2971 41.4443 43.9659 19.4165 43.9323 24.0416 48.7647 49.1935 76.6525 39.926 55.5788 39.9249 71.7008 47.9909 13.1529 54.6717 60.208 79.3574 51.1693 62.0408 19.105 57.5638 82.8078 73.6614 41.1461 24.3721 36.8917 48.3735 66.6572 45.3982 27.786 26.7257 70.467 66.2873 45.0 28.1603 54.2147 15.8114 62.2402 56.3028 10.7703 50.555 26.7257 57.8178 33.6364 17.0294 0.0 19.105 57.4543 23.7065 36.0555 43.1856 48.7647 31.4006 68.593 82.9759 72.6416 86.7204 70.0798 89.0408 18.4901 22.1655 74.8747 18.0278 47.7929 65.6579 70.8178 
36.0 76.2503 46.0435 20.2111 56.1285 61.7414 30.1172 59.4977 32.6977 67.4166 58.6941 88.8417 58.6953 46.0652 51.0392 80.1193 63.5563 29.1548 63.2494 73.6383 94.0416 64.5812 70.7772 28.0 71.0775 97.4919 80.9412 51.2445 39.9374 18.3848 38.9487 80.0691 31.7805 43.3513 42.2911 79.7999 66.3812 54.1461 28.8753 72.984 19.105 72.6433 50.7565 25.0799 69.3243 42.2911 73.3831 49.2018 25.0 19.105 0.0 57.3577 7.28011 17.4642 33.6155 30.6757 40.8568 76.4114 91.2368 81.2642 102.286 84.8401 97.5991 34.0147 37.0416 85.7951 24.0832 62.4771 79.0698 84.4424 
40.7922 73.4869 92.6607 43.4166 58.4209 92.5743 40.4969 67.0671 34.5398 92.2709 106.55 43.8292 76.1052 22.8035 97.0618 25.1794 67.2681 69.7711 18.4391 47.0106 86.7698 34.0147 23.8537 76.2758 49.0918 86.6083 19.9249 98.4886 58.0517 53.1413 24.0208 40.4599 36.2215 59.5399 62.5859 35.5106 9.21954 22.8035 34.2053 86.2844 70.4053 31.8277 11.7047 49.2443 88.0057 62.5859 80.7527 66.4831 73.8173 57.4543 57.3577 0.0 50.506 53.4883 26.6833 53.3385 30.4138 19.0263 33.3766 27.2947 97.6975 66.1891 40.4475 50.448 47.676 40.7063 74.2024 63.9531 38.2884 64.405 
38.6205 78.9469 53.1507 22.8316 58.8251 67.4166 32.7377 62.1521 35.3182 72.4707 65.9242 85.7347 62.0354 38.9487 58.1378 73.1096 66.2107 35.171 58.667 76.2588 96.7382 67.2017 66.7087 35.0571 73.698 100.189 70.2465 58.4209 42.5919 13.4536 31.9061 82.6896 24.5153 46.0058 44.3931 76.6942 59.5295 53.1038 22.0236 76.3369 26.3059 75.2638 43.9048 27.7035 74.2598 44.3931 76.0376 51.8562 32.0624 23.7065 7.28011 50.506 0.0 12.7279 26.6271 25.0599 43.4773 67.822 82.9778 74.8489 104.94 87.4606 89.9508 36.6443 39.6621 82.6876 31.257 65.1737 81.6903 87.0629 
51.3196 91.646 62.2013 35.5307 71.5242 79.2023 45.4368 74.8513 43.3186 84.7231 74.027 89.3496 74.7231 37.5366 67.1863 76.6877 78.9099 46.6154 62.2819 86.6062 109.437 72.6045 70.3235 44.5533 85.1338 112.888 73.3894 67.0298 55.291 1.0 31.6228 82.6382 20.5183 58.7049 57.0808 80.3091 62.2415 56.7187 25.6385 89.0246 35.3553 73.1527 45.2769 40.4027 86.5524 57.0808 88.7367 63.9915 41.5933 36.0555 17.4642 53.4883 12.7279 0.0 27.2947 13.3417 48.765 71.3092 86.4002 78.4474 117.639 100.16 93.4077 49.3434 52.3612 86.3025 40.3113 77.8728 80.4226 98.5008 
38.4708 80.4493 77.6709 28.0179 61.5873 85.4751 34.176 72.7803 29.0689 88.0738 90.9926 66.4906 73.3757 12.6491 82.4489 51.0882 68.884 56.3205 38.833 64.3751 98.2121 50.3733 46.5296 59.6881 65.8884 102.154 46.5725 83.2151 53.1601 26.8328 5.38516 60.407 10.198 55.9732 56.2939 57.4891 35.1141 35.7771 15.0333 86.8696 51.6773 50.9215 18.0278 39.4588 86.3359 56.2939 82.7394 62.6418 56.7874 43.1856 33.6155 26.6833 26.6271 27.2947 0.0 27.0 31.8904 45.2769 60.0167 53.0377 106.046 81.4419 67.082 45.2217 44.7772 63.3482 56.402 67.9559 58.1893 81.9109 
57.4076 100.547 75.4255 47.708 80.8053 92.3093 51.969 87.0286 48.2493 97.5295 87.0057 93.0591 87.4642 33.2415 80.399 78.0577 91.0872 59.808 65.4905 90.4887 118.31 76.4869 73.3348 57.8705 89.8571 121.76 72.9932 80.1561 67.4683 12.3693 29.4279 86.5207 17.1172 70.8822 69.822 84.0119 61.1882 61.131 30.5692 101.766 48.6621 77.0352 43.1741 52.58 99.6075 69.822 100.914 76.7326 54.9181 48.7647 30.6757 53.3385 25.0599 13.3417 27.0 0.0 53.6957 72.1734 86.7006 80.025 125.999 101.536 93.771 61.5207 62.7666 89.9444 53.6004 87.1978 84.3051 103.431 
10.4403 48.6324 64.8151 22.3607 30.4631 62.1691 12.0416 37.054 8.24621 62.0322 78.6023 48.7563 46.0109 39.8121 68.8351 40.3634 38.6005 41.8688 23.3452 39.2788 66.3952 30.2218 30.6918 50.3289 36.7181 70.328 43.2666 70.6045 27.6586 48.6346 34.6699 42.0434 40.4599 29.1548 32.28 39.7145 37.9473 13.6015 23.7697 57.2713 46.6476 32.5579 34.5254 21.2132 58.3095 32.28 52.4976 36.1248 48.4149 31.4006 40.8568 30.4138 43.4773 48.765 31.8904 53.6957 0.0 37.6431 51.6624 41.2927 74.2293 49.616 57.6918 20.2485 17.2627 45.7097 49.4065 36.6742 39.8277 50.085 
47.4342 68.1836 102.45 56.6127 58.2495 97.5543 49.5782 69.763 44.5533 94.6515 116.235 27.5862 78.5055 41.5933 106.468 6.32456 67.2681 79.511 14.7648 37.3631 78.848 30.4138 12.0416 87.6812 40.7922 77.4919 7.0 108.238 63.6305 71.0634 43.0 27.7308 55.0818 64.3983 68.5496 21.095 13.8924 24.7206 50.1597 85.8429 83.0963 22.2036 30.4138 58.7963 88.8426 68.5496 79.404 80.0614 85.5862 68.593 76.4114 19.0263 67.822 71.3092 45.2769 72.1734 37.6431 0.0 15.2315 8.544 90.471 59.0339 22.1359 57.1402 53.3694 24.7588 86.3713 62.514 26.0 54.4243 
61.1735 74.5453 116.336 71.5612 68.1542 108.294 63.7024 80.4984 59.0339 104.924 130.121 25.7099 89.0505 55.0091 120.353 11.3137 76.896 93.4375 28.3196 42.19 82.2982 40.7063 22.2036 101.98 46.3897 79.9062 14.0357 122.123 78.8256 86.1278 57.3149 31.0644 69.5845 79.533 83.807 24.1868 26.0192 38.4427 65.3911 94.6414 97.8008 30.0832 44.0114 72.8679 98.3514 83.807 87.8009 90.8015 100.005 82.9759 91.2368 33.3766 82.9778 86.4002 60.0167 86.7006 51.6624 15.2315 0.0 10.8167 94.2603 64.0703 7.07107 70.8623 67.0916 24.1868 100.896 71.4703 30.2655 57.2189 
50.8038 65.0692 105.966 61.7738 57.5847 97.5734 53.333 69.7782 48.8262 94.3398 119.751 20.0 78.3901 50.01 109.984 2.23607 66.4078 83.0678 18.0278 33.0606 74.1485 29.9666 11.4018 91.6156 37.0 72.2772 12.8062 111.753 68.0756 78.2624 51.0882 22.3607 63.0 68.783 73.057 15.2971 22.3607 28.073 56.6127 84.4038 87.6584 19.6469 38.833 62.4981 87.9318 73.057 77.666 80.0805 89.669 72.6416 81.2642 27.2947 74.8489 78.4474 53.0377 80.025 41.2927 8.544 10.8167 0.0 85.9884 55.0818 16.4012 60.4926 56.7218 17.4929 90.6083 61.131 21.095 49.2443 
68.593 25.6125 85.3756 87.1087 45.2769 57.0351 74.2765 48.3011 77.8332 47.0956 92.0869 69.0072 45.8803 113.682 85.0529 87.2983 40.4969 77.3722 80.0562 53.1507 12.0 63.8186 78.5875 86.9777 49.7293 15.8114 97.2934 88.0511 63.698 118.389 108.874 63.6396 114.022 60.8358 61.9201 70.7107 100.568 82.5216 95.462 33.1361 92.635 68.4105 106.848 76.6876 39.0128 61.9201 30.3645 54.2974 88.0419 86.7204 102.286 97.6975 104.94 117.639 106.046 125.999 74.2293 90.471 94.2603 85.9884 0.0 31.6228 95.0 68.835 64.5549 70.1142 90.2755 38.9487 64.9384 37.054 
51.6746 11.6619 79.8395 70.3899 28.8066 57.1067 57.5414 36.3137 54.5764 49.5782 89.7484 40.025 38.8273 88.5281 80.9556 56.2228 27.3137 68.2517 48.4665 22.0227 20.5913 32.3107 47.0744 77.8572 18.2483 21.2132 65.9242 83.8465 56.5762 96.4746 83.9338 33.0151 90.062 50.9777 52.062 40.0 68.9493 51.0138 71.6007 35.4683 85.807 36.8782 75.6105 60.047 41.0122 52.062 28.3196 44.4393 78.9214 70.0798 84.8401 66.1891 87.4606 100.16 81.4419 101.536 49.616 59.0339 64.0703 55.0818 31.6228 0.0 65.7647 52.1944 47.3692 40.4475 81.155 23.0184 34.0147 10.6301 
67.2029 76.6877 122.365 78.032 72.0069 112.508 69.7321 84.7231 65.215 108.688 136.15 26.0192 93.0591 62.0 126.383 17.4929 80.5295 99.467 34.4093 44.3847 83.0 45.2217 27.5862 108.015 48.7647 80.1561 21.0 128.152 83.2791 93.145 64.3817 33.2415 76.6551 83.9865 88.2605 26.9258 33.0 44.4721 72.2357 97.7427 104.043 34.1321 51.0392 78.8973 101.769 88.2605 90.8021 95.0162 106.068 89.0408 97.5991 40.4475 89.9508 93.4077 67.082 93.771 57.6918 22.1359 7.07107 16.4012 95.0 65.7647 0.0 76.8917 74.4519 25.318 107.007 74.8465 32.8938 58.0345 
9.84886 43.6807 49.7411 21.2132 23.5589 42.2966 11.1803 27.5589 17.0294 43.2897 63.526 59.2028 28.1603 55.9017 53.7587 59.5633 30.1055 26.8428 42.5486 42.72 61.472 33.7196 49.8917 36.0062 39.8378 64.9223 63.1348 55.5282 8.06226 50.0927 49.4773 49.2075 51.0 10.7703 12.1655 53.0173 58.1893 32.45 31.7648 42.2962 34.2172 44.7905 53.0094 8.94427 41.1145 12.1655 43.9544 17.4642 34.5026 18.4901 34.0147 50.448 36.6443 49.3434 45.2217 61.5207 20.2485 57.1402 70.8623 60.4926 68.835 52.1944 76.8917 0.0 4.47214 57.425 35.8711 29.9075 48.2081 52.9324 
7.0 39.4005 53.4166 23.0217 19.2788 44.911 10.8167 28.6589 15.8114 45.0111 67.2014 54.7762 29.2858 54.8179 57.4342 55.7926 25.8254 30.5183 38.7778 38.3275 57.1919 29.293 46.121 39.6816 35.5106 60.6422 59.4811 59.2037 10.4403 53.1105 48.7032 44.7809 51.3128 12.0 15.2315 48.5907 55.0818 28.6531 32.2025 43.8044 37.8927 40.3639 51.0882 12.1655 42.2145 15.2315 39.6742 19.0 38.178 22.1655 37.0416 47.676 39.6621 52.3612 44.7772 62.7666 17.2627 53.3694 67.0916 56.7218 64.5549 47.3692 74.4519 4.47214 0.0 52.9984 39.5466 25.6274 43.7816 48.6231 
52.3599 51.4198 108.012 66.5016 48.6004 89.4036 58.596 61.8466 53.2567 84.7231 119.716 3.16228 69.6348 63.1585 110.106 19.4165 56.6039 83.23 24.5153 19.3132 58.1378 25.0599 17.088 92.3934 23.7697 55.7315 30.2324 112.76 61.8256 86.1721 62.6418 8.60233 73.5459 62.533 66.807 6.0 38.2884 32.49 63.1462 73.3261 90.5769 14.5602 52.3259 64.3956 77.4437 66.807 66.3854 72.0503 90.8898 74.8747 85.7951 40.7063 82.6876 86.3025 63.3482 89.9444 45.7097 24.7588 24.1868 17.4929 70.1142 40.4475 25.318 57.425 52.9984 0.0 91.895 50.6103 9.21954 33.0606 
41.5933 71.5942 22.0 30.8058 60.2384 42.5206 37.4433 47.0187 41.8688 50.3289 34.7131 93.6728 44.4126 68.9914 27.0 89.6437 54.2513 13.3417 72.6223 77.5986 87.8561 68.1896 80.0075 4.47214 74.9448 92.618 91.2195 27.1662 41.7531 41.3038 61.7746 84.0408 55.7315 45.1671 40.3169 87.4873 83.2406 63.0079 43.0173 58.5918 5.0 79.2605 71.933 28.6531 54.3783 40.3169 59.911 40.7269 2.23607 18.0278 24.0832 74.2024 31.257 40.3113 56.402 53.6004 49.4065 86.3713 100.896 90.6083 90.2755 81.155 107.007 35.8711 39.5466 91.895 0.0 60.4351 82.6782 88.1988 
29.8329 14.3178 59.1196 48.1813 6.40312 39.598 35.3553 14.5602 39.2046 34.1321 69.7782 51.4261 19.8494 76.4853 60.6086 61.6117 6.40312 47.5319 49.0102 32.045 32.2025 32.1403 50.8035 57.1374 28.2106 35.7463 69.4622 63.4297 34.2893 78.6221 71.1969 42.0595 75.4321 30.2579 31.3422 47.927 69.1158 41.313 56.6392 23.3452 63.5201 41.4849 70.5195 37.7602 26.9258 31.3422 17.0 23.7195 58.2015 47.7929 62.4771 63.9531 65.1737 77.8728 67.9559 87.1978 36.6742 62.514 71.4703 61.131 38.9487 23.0184 74.8465 29.9075 25.6274 50.6103 60.4351 0.0 42.0476 33.6364 
43.143 44.2832 98.9938 60.6197 39.6611 80.4487 49.3792 52.8015 47.3748 76.0592 110.698 11.1803 60.7454 59.6825 101.088 22.3607 47.8853 74.0132 20.2485 12.0 53.1507 16.1555 15.0 83.1766 16.1245 51.5461 32.573 103.742 52.6088 80.2922 58.1808 2.23607 68.3081 53.3162 57.5902 6.08276 38.0132 26.6081 57.2643 64.8544 81.36 7.28011 49.4065 55.1788 68.942 57.5902 57.9137 63.0324 81.6729 65.6579 79.0698 38.2884 81.6903 80.4226 58.1893 84.3051 39.8277 26.0 30.2655 21.095 64.9384 34.0147 32.8938 48.2081 43.7816 9.21954 82.6782 42.0476 0.0 28.4605 
