NAME  : Jabali_70_3_0.90_1_3
TYPE : SVRP
MODEL : FINITE_SUPPORT
NUMBER_OF_SCENARIOS : 200
DIMENSION : 70
EDGE_WEIGHT_TYPE : MATRIX
CAPACITY : 138
N_VEHICLES : 3
NODE_COORD_SECTION
1 3690 4062
2 1780 2699
3 3906 4470
4 2745 1692
5 4496 3786
6 2146 6386
7 1354 2612
8 1973 757
9 2257 6048
10 4430 4208
11 2547 836
12 6214 6482
13 7499 5825
14 3878 6960
15 7581 2831
16 640 3705
17 6373 7068
18 5234 5318
19 5933 4484
20 2125 308
21 495 2855
22 3593 3311
23 2451 5706
24 5636 1010
25 1650 5300
26 5350 770
27 1899 6575
28 6188 3806
29 5206 4411
30 1371 1149
31 771 4361
32 3299 3232
33 220 1715
34 4639 6900
35 6382 7275
36 4198 6552
37 27 1002
38 6678 3507
39 294 681
40 2080 7443
41 781 5190
42 6392 4560
43 5333 3915
44 5662 4455
45 7506 6593
46 778 853
47 2658 1235
48 4147 5482
49 6883 6889
50 5534 4545
51 3118 7587
52 1630 6056
53 6834 18
54 3230 4658
55 5789 6334
56 3929 3866
57 5860 6952
58 71 1995
59 3544 6930
60 5389 3586
61 1262 3616
62 5176 2607
63 2631 6780
64 3428 5622
65 3622 5730
66 2996 1152
67 1246 813
68 4379 3671
69 453 4630
70 6106 3248
DEMAND_SECTION
1 0.0
2 7.0
3 3.0
4 3.0
5 7.0
6 10.0
7 2.0
8 9.0
9 10.0
10 4.0
11 2.0
12 8.0
13 6.0
14 10.0
15 7.0
16 7.0
17 7.0
18 4.0
19 1.0
20 3.0
21 4.0
22 7.0
23 10.0
24 2.0
25 3.0
26 8.0
27 5.0
28 7.0
29 5.0
30 6.0
31 2.0
32 1.0
33 5.0
34 4.0
35 1.0
36 10.0
37 5.0
38 2.0
39 7.0
40 8.0
41 9.0
42 9.0
43 6.0
44 6.0
45 1.0
46 3.0
47 8.0
48 8.0
49 4.0
50 2.0
51 8.0
52 1.0
53 1.0
54 10.0
55 3.0
56 7.0
57 6.0
58 1.0
59 1.0
60 4.0
61 4.0
62 9.0
63 4.0
64 6.0
65 5.0
66 6.0
67 10.0
68 4.0
69 7.0
70 8.0
DEVIATION_SECTION
1 0.0
2 2.33333
3 1.0
4 1.0
5 2.33333
6 3.33333
7 0.666667
8 3.0
9 3.33333
10 1.33333
11 0.666667
12 2.66667
13 2.0
14 3.33333
15 2.33333
16 2.33333
17 2.33333
18 1.33333
19 0.333333
20 1.0
21 1.33333
22 2.33333
23 3.33333
24 0.666667
25 1.0
26 2.66667
27 1.66667
28 2.33333
29 1.66667
30 2.0
31 0.666667
32 0.333333
33 1.66667
34 1.33333
35 0.333333
36 3.33333
37 1.66667
38 0.666667
39 2.33333
40 2.66667
41 3.0
42 3.0
43 2.0
44 2.0
45 0.333333
46 1.0
47 2.66667
48 2.66667
49 1.33333
50 0.666667
51 2.66667
52 0.333333
53 0.333333
54 3.33333
55 1.0
56 2.33333
57 2.0
58 0.333333
59 0.333333
60 1.33333
61 1.33333
62 3.0
63 1.33333
64 2.0
65 1.66667
66 2.0
67 3.33333
68 1.33333
69 2.33333
70 2.66667
DISTANCE_MATRIX
0.0 33.2415 6.32456 34.9285 10.4403 37.4833 38.2884 50.5964 33.2415 9.48683 45.8981 51.9536 56.531 36.544 54.9181 42.72 59.8088 29.5678 29.1204 54.5711 47.5079 10.0 28.3196 50.0752 33.2415 51.5301 41.0122 33.0 20.2485 51.4782 41.1096 12.3693 58.0 39.0753 61.722 32.3527 65.2993 40.1123 65.215 49.6488 42.7551 35.4401 21.0 25.632 66.2328 59.3633 40.7998 20.2059 61.9609 25.0 46.1736 38.833 70.5707 10.0 47.7674 3.60555 55.7483 57.4891 36.8283 22.3607 35.1141 26.5699 38.5876 20.2485 20.7095 40.4391 55.4707 9.84886 45.0 33.7413 
33.2415 0.0 38.9487 19.4165 40.0254 50.04 5.38516 26.2488 46.0 42.0119 26.6271 80.8528 88.7183 62.6259 79.1647 20.2485 88.7081 58.4671 60.7725 31.9531 17.0294 27.2947 42.107 56.9092 35.6931 54.716 52.2398 61.6355 52.4392 22.0227 26.2488 23.7065 24.7588 66.6864 90.6213 59.9333 32.45 67.0522 33.1059 64.1249 35.8469 67.055 51.4214 57.7317 94.6596 28.1603 23.3452 49.0918 90.8602 56.7481 67.7422 45.7056 77.4919 33.121 76.6667 34.2053 80.5941 24.4131 61.4003 55.3638 14.2127 44.8023 56.1427 45.31 47.0106 26.2488 26.0768 38.8681 31.1448 59.203 
6.32456 38.9487 0.0 41.2311 12.0416 35.218 43.8406 56.921 31.1921 7.61577 52.1977 48.7947 60.0112 33.4569 54.4059 46.6154 56.65 26.409 26.0768 60.8769 52.4309 16.1245 26.4802 56.0216 33.541 57.4765 38.8067 31.5753 17.0294 57.7062 43.9318 18.6815 63.6553 35.9164 58.5632 29.1939 71.218 39.0512 71.2811 46.7856 44.0454 32.2579 19.9249 22.2673 63.396 65.5134 47.0993 17.0471 58.802 22.0227 43.0282 37.5766 76.5171 10.0 44.6085 8.06226 52.5895 62.9682 33.6694 22.3607 39.3573 32.5163 35.6176 17.0899 17.5507 46.7386 61.7171 12.2066 47.3814 33.6155 
34.9285 19.4165 41.2311 0.0 39.6404 63.6003 22.8473 16.1245 59.203 41.7345 11.0454 82.5445 87.5175 70.1783 66.4885 39.6611 90.3997 64.5702 59.5191 19.6469 34.4819 25.4367 54.5711 39.1152 51.4296 36.4966 66.4078 54.4526 52.0541 20.2485 45.2769 22.561 34.5254 72.8192 92.3129 66.0966 37.5766 57.249 35.5106 77.6209 54.037 63.6703 52.5805 60.2131 93.3573 28.8444 6.0 53.9585 91.4363 58.219 78.2304 60.9262 58.9406 40.0 78.3583 34.0264 86.3392 36.1248 70.0071 49.3397 33.3017 35.249 68.0661 53.0094 54.0833 7.2111 23.4307 38.4831 50.2494 49.2784 
10.4403 40.0254 12.0416 39.6404 0.0 46.8615 45.2751 55.4581 42.8019 6.08276 50.607 43.449 49.5782 45.1011 44.5606 51.788 51.6815 25.852 21.095 59.2866 55.3173 14.3186 38.0132 54.1958 43.6578 55.6507 50.448 23.1948 13.4536 56.927 51.0 17.2818 64.6632 47.5606 53.5948 40.8381 71.461 30.0 71.0661 58.4299 53.1507 27.2947 11.4018 18.4391 55.5563 65.0228 45.5086 28.6913 52.7182 17.2047 54.6724 48.8774 74.6912 20.1246 39.6401 7.07107 47.6211 64.4373 45.8792 12.0416 43.9318 30.6905 47.2618 28.7341 29.1949 45.1479 60.8432 1.41421 55.0818 23.379 
37.4833 50.04 35.218 63.6003 46.8615 0.0 52.0865 75.6637 4.47214 42.8329 73.9797 54.5894 73.0616 24.6982 88.2851 41.7852 57.28 43.1777 57.2451 81.0494 53.1601 45.2217 9.43398 86.8451 15.8114 87.76 3.60555 65.1174 52.9312 72.0069 33.541 45.2769 68.884 34.2053 57.8705 28.2843 78.6448 72.6497 80.895 14.1421 24.8395 62.3618 55.1311 53.1413 72.1803 77.2334 69.3758 30.3645 63.7887 53.8516 20.8087 7.81025 107.341 27.6586 49.2544 41.0122 50.6952 66.4831 21.0238 57.5637 39.6232 63.3398 8.48528 20.6155 22.1359 70.5195 76.0 46.7547 33.0151 68.8329 
38.2884 5.38516 43.8406 22.8473 45.2751 52.0865 0.0 26.4197 48.2597 47.2017 28.2843 85.4215 93.968 66.3099 84.426 17.6918 93.2767 63.0357 66.0222 32.249 12.0416 32.6497 44.7214 61.1933 37.054 58.9406 54.0 67.0187 57.6888 20.3961 25.0599 29.0689 19.8494 70.8314 92.5431 64.0078 28.178 72.4224 29.4109 66.0076 35.4683 72.3047 56.671 62.9813 99.7007 25.1794 25.807 53.6004 95.4288 61.9978 70.6116 47.0956 81.6088 37.4433 81.2353 39.4081 84.7392 19.2094 64.846 60.747 13.6015 50.1483 58.6941 49.1935 51.0 29.1548 24.1868 44.1178 29.6816 64.56 
50.5964 26.2488 56.921 16.1245 55.4581 75.6637 26.4197 0.0 71.4493 57.5522 7.61577 98.3622 102.638 85.0 79.9874 43.8292 106.217 80.3879 74.6398 5.83095 34.6554 41.2553 67.1863 48.2701 61.8466 44.7214 78.0897 69.5733 67.8718 9.48683 51.4782 38.2753 27.2029 87.8988 108.131 81.1763 26.0768 72.3203 22.561 89.8053 61.7414 78.791 67.7013 75.3338 110.542 16.1245 11.3137 69.151 107.254 73.3397 92.0217 71.8053 65.0077 54.5894 94.176 49.8441 102.157 30.0832 84.4808 64.4604 39.8121 50.3697 81.0987 67.6018 68.884 14.4222 10.0499 54.3008 56.0803 64.2889 
33.2415 46.0 31.1921 59.203 42.8019 4.47214 48.2597 71.4493 0.0 38.807 69.6348 53.3667 71.3442 24.6982 85.0241 38.9102 56.648 40.4475 54.1202 76.7919 49.98 40.8044 5.0 82.096 13.0384 83.5509 7.81025 61.8564 49.6702 68.0074 31.0644 40.8167 65.521 33.6155 57.3847 27.2029 75.1864 69.3887 77.2787 18.4391 23.4307 59.439 51.1052 50.0 71.0634 73.437 65.0 27.4591 62.9365 50.5964 23.2594 8.06226 103.008 23.3452 47.8539 36.7967 49.98 63.2456 21.4009 53.5378 36.1386 59.0076 10.7703 17.4642 19.2354 66.0984 72.0278 42.638 31.1448 64.807 
9.48683 42.0119 7.61577 41.7345 6.08276 42.8329 47.2017 57.5522 38.807 0.0 52.7012 41.27 47.0588 41.0717 46.8402 52.2015 49.1252 23.2956 19.6469 61.3807 56.8243 16.4127 34.095 56.2899 41.0 57.7448 46.4215 24.1868 10.7703 59.0212 50.3587 19.376 66.7083 43.5313 51.0384 36.8087 73.5552 31.5753 73.1603 54.4005 51.2445 25.9615 12.3693 16.1555 53.0 67.1169 47.6028 24.6619 50.1618 15.5242 50.6431 45.2025 68.0084 17.2627 37.0838 7.81025 45.0647 66.4003 41.8498 14.7648 44.5982 32.7846 43.2324 24.7047 25.1655 47.2421 62.9373 7.0 54.0833 26.0 
45.8981 26.6271 52.1977 11.0454 50.607 73.9797 28.2843 7.61577 69.6348 52.7012 0.0 96.2452 96.0911 81.2219 72.3718 45.9674 104.478 78.6482 68.0927 8.94427 38.2753 36.4033 65.1153 40.7922 61.0983 37.3363 76.6551 63.0263 63.0208 16.0 52.8015 33.541 33.3766 83.863 106.391 77.1405 33.3766 65.7733 30.0832 88.0738 62.434 72.2439 61.1542 68.7868 103.995 23.5372 5.09902 65.0004 105.514 66.7927 89.1403 70.8378 58.1378 51.0098 92.4363 44.993 100.417 35.9026 81.0247 57.9134 40.8044 43.8227 78.7718 64.0312 65.123 7.07107 17.4642 49.4497 57.6281 57.7418 
51.9536 80.8528 48.7947 82.5445 43.449 54.5894 85.4215 98.3622 53.3667 41.27 96.2452 0.0 19.6469 31.0161 51.9711 84.194 8.06226 22.4426 27.0 105.181 93.0885 57.2227 51.5461 72.0625 63.3246 75.0 57.3149 35.3553 30.1287 99.8311 78.8989 60.1859 105.256 21.0238 10.0499 26.3059 114.365 39.8497 113.97 56.3205 75.0267 25.7099 35.6931 26.3059 17.72 107.927 91.5224 38.9368 10.6301 28.2843 42.9535 61.3922 86.5852 48.7726 5.83095 48.8612 7.07107 104.286 35.0143 39.4588 78.3828 51.2927 48.0416 38.4838 36.2491 89.6075 103.747 44.8632 80.9598 42.2966 
56.531 88.7183 60.0112 87.5175 49.5782 73.0616 93.968 102.638 71.3442 47.0588 96.0911 19.6469 0.0 50.3587 40.6079 97.5678 22.2036 33.6155 29.0689 105.027 103.83 62.9004 68.884 68.884 80.1841 72.5328 76.0066 33.1059 36.2353 107.747 93.984 65.8636 113.356 40.4475 23.4307 45.0111 120.043 33.7343 119.648 75.8024 91.8776 23.8537 39.6989 31.1448 10.198 113.605 91.3684 45.806 16.2788 32.5269 62.5859 79.404 79.0253 60.0083 24.0832 54.65 26.0 113.13 54.3323 42.2019 90.6815 52.4786 67.0671 55.2048 52.982 89.4535 110.772 50.9902 96.7846 39.5601 
36.544 62.6259 33.4569 70.1783 45.1011 24.6982 66.3099 85.0 24.6982 41.0717 81.2219 31.0161 50.3587 0.0 73.7081 61.2209 32.7567 36.3659 43.4726 89.56 71.0211 46.2483 24.7588 86.6494 36.8782 88.1043 26.9258 52.8613 43.6891 83.9345 54.4518 48.0 85.4225 10.0 33.2415 7.07107 94.4299 59.1548 95.6347 25.4951 48.0104 45.4336 49.453 41.3203 48.1664 90.7579 76.1643 20.8642 39.4588 44.5629 13.6015 32.2025 107.145 30.4138 26.3059 39.7336 26.3059 83.7257 4.0 53.4946 56.6039 63.1441 17.2627 17.4642 16.1245 76.0093 88.0568 45.0423 55.3173 60.6624 
54.9181 79.1647 54.4059 66.4885 44.5606 88.2851 84.426 79.9874 85.0241 46.8402 72.3718 51.9711 40.6079 73.7081 0.0 95.0211 58.6003 46.6154 31.6228 79.6333 96.0325 54.0 80.8696 35.4683 87.8009 39.6989 91.8209 23.2594 38.9102 86.6576 95.2575 57.0351 100.578 65.7647 60.4152 66.914 104.061 15.6525 101.919 96.8103 97.6729 28.2843 34.4819 35.5106 50.8035 95.2321 70.2745 58.1808 55.0273 34.4819 87.2734 91.9771 39.3192 64.0312 52.2015 51.6315 58.8303 101.651 77.203 32.5576 87.023 34.3657 85.6411 67.6731 66.2255 65.9038 89.6786 45.4591 99.5063 21.2132 
42.72 20.2485 46.6154 39.6611 51.788 41.7852 17.6918 43.8292 38.9102 52.2015 45.9674 84.194 97.5678 61.2209 95.0211 0.0 89.1013 63.9656 71.8401 49.6488 12.0 41.0488 36.8917 76.7608 26.0 74.6476 42.72 74.9676 62.9365 36.6742 9.0 38.0 28.0179 67.8823 90.2928 60.8112 38.0132 81.5029 41.1096 54.5711 20.025 78.1601 63.1506 68.3081 100.953 39.0512 43.2782 53.2541 94.5047 67.72 62.1691 35.171 97.4245 37.5899 78.4012 45.1221 82.4888 25.1794 58.8218 69.5325 8.0 61.0737 49.6588 46.0109 48.1664 46.4004 39.9249 50.6416 12.6491 74.1687 
59.8088 88.7081 56.65 90.3997 51.6815 57.28 93.2767 106.217 56.648 49.1252 104.478 8.06226 22.2036 32.7567 58.6003 89.1013 0.0 30.2979 35.0143 113.413 97.5615 65.0779 55.4617 80.025 67.5352 83.006 59.6657 43.1856 38.1387 107.686 83.7616 68.0412 113.111 23.0868 2.0 29.5466 122.22 47.2969 121.826 57.0351 79.1581 33.3766 43.7379 34.3657 16.2788 115.782 99.755 43.8441 7.07107 36.3456 43.0116 64.5136 94.1488 54.1687 12.53 56.7165 6.7082 109.623 36.6742 47.5184 83.2901 59.3467 50.01 43.2666 41.0488 97.8401 111.603 53.0958 85.5862 50.1597 
29.5678 58.4671 26.409 64.5702 25.852 43.1777 63.0357 80.3879 40.4475 23.2956 78.6482 22.4426 33.6155 36.3659 46.6154 63.9656 30.2979 0.0 15.0 87.5836 70.7028 39.2484 37.054 56.4547 47.2652 59.0254 46.5993 24.0416 12.5317 81.8568 60.407 42.2116 82.8704 28.4243 32.2111 29.5718 90.9166 31.241 95.9959 51.2415 58.6941 19.3132 18.2956 11.3137 37.0135 89.9526 73.9254 13.0384 32.45 12.8062 49.9311 48.2597 73.8015 26.4008 18.2565 30.8869 26.2374 81.9007 39.8608 22.3372 57.0793 35.0774 40.0724 23.0868 21.2132 72.0105 85.773 27.2662 63.3246 29.4109 
29.1204 60.7725 26.0768 59.5191 21.095 57.2451 66.0222 74.6398 54.1202 19.6469 68.0927 27.0 29.0689 43.4726 31.6228 71.8401 35.0143 15.0 0.0 77.0282 76.0592 35.0657 50.2195 45.0999 59.1354 48.0 60.7454 9.43398 9.05539 79.7486 69.8713 38.0289 85.4103 35.531 37.0135 36.6785 92.2081 16.2788 93.9177 65.498 70.0 6.32456 10.6301 4.12311 36.2353 88.3274 63.37 26.9258 34.9285 4.12311 57.0378 61.6117 60.7454 36.0555 24.5153 26.9258 32.3883 85.1844 46.9675 13.4164 64.195 24.522 54.3289 36.6879 35.1141 61.4551 82.7741 22.4722 73.437 15.8114 
54.5711 31.9531 60.8769 19.6469 59.2866 81.0494 32.249 5.83095 76.7919 61.3807 8.94427 105.181 105.027 89.56 79.6333 49.6488 113.413 87.5836 77.0282 0.0 40.3113 45.0829 72.4431 46.8188 67.4463 43.0116 83.5464 71.9617 71.7003 14.4222 57.3062 42.2019 31.7805 92.306 115.326 85.5834 29.1548 74.7087 25.0 95.1893 67.5426 81.1794 70.0896 77.7222 112.931 19.2354 13.9284 73.4761 114.45 75.7281 97.0052 77.3692 62.1289 59.2115 101.372 53.6726 109.353 34.8855 89.202 66.8488 45.618 52.7581 86.2844 72.2496 73.437 15.8114 13.6015 58.1293 61.9112 66.6772 
47.5079 17.0294 52.4309 34.4819 55.3173 53.1601 12.0416 34.6554 49.98 56.8243 38.2753 93.0885 103.83 71.0211 96.0325 12.0 97.5615 70.7028 76.0592 40.3113 0.0 43.3244 47.4236 73.1642 37.3631 70.8308 54.3415 78.1144 67.5352 26.4008 21.0 39.8497 16.0312 76.8375 98.7529 69.814 26.0192 83.678 29.1548 66.2873 32.0156 82.3468 66.7133 72.8972 107.69 27.5136 36.6742 60.8276 103.096 72.0139 73.1642 46.8722 93.4077 44.5982 88.9023 49.1935 90.9489 13.3417 68.9638 71.8427 14.4222 61.6701 60.7454 54.8179 56.8507 40.3113 29.1548 54.16 24.3311 75.9276 
10.0 27.2947 16.1245 25.4367 14.3186 45.2217 32.6497 41.2553 40.8044 16.4127 36.4033 57.2227 62.9004 46.2483 54.0 41.0488 65.0779 39.2484 35.0657 45.0829 43.3244 0.0 35.805 43.4952 38.0132 49.2066 48.6004 34.9291 26.7323 43.0116 41.5933 3.60555 51.614 48.7795 66.9911 42.057 58.0 40.6079 57.3847 58.1808 45.6946 41.3482 25.7145 32.0248 68.9527 51.225 31.305 29.9102 66.1145 31.0413 55.7853 45.2548 63.9906 17.8885 53.0365 8.70457 61.0174 51.6236 46.5296 28.6574 33.0606 20.6155 47.4236 29.8329 30.4138 30.9443 46.8722 13.1613 46.0977 33.1361 
28.3196 42.107 26.4802 54.5711 38.0132 9.43398 44.7214 67.1863 5.0 34.095 65.1153 51.5461 68.884 24.7588 80.8696 36.8917 55.4617 37.054 50.2195 72.4431 47.4236 35.805 0.0 77.1813 12.2066 78.6362 12.8062 57.8388 45.6527 64.1249 29.7321 35.8469 62.6259 32.7567 56.356 25.9422 72.1249 65.4797 73.9797 23.0868 23.7065 55.7315 46.3932 46.0977 69.2604 69.8713 60.4152 24.0208 61.4654 46.5789 25.9615 11.4018 98.0293 18.3848 45.8803 31.8904 48.7545 60.5392 22.0227 48.8259 33.2415 54.0286 14.0357 14.0 16.0312 61.4003 68.1836 37.8021 30.6105 60.095 
50.0752 56.9092 56.0216 39.1152 54.1958 86.8451 61.1933 48.2701 82.096 56.2899 40.7922 72.0625 68.884 86.6494 35.4683 76.7608 80.025 56.4547 45.0999 46.8188 73.1642 43.4952 77.1813 0.0 80.3275 4.24264 89.8515 37.054 45.974 56.5685 79.857 46.0494 73.0616 79.9073 82.0244 82.3864 74.1485 35.171 70.8308 99.3545 86.0101 47.0956 38.9608 46.5296 78.2624 64.3273 39.1152 70.2396 79.1581 44.5533 96.2208 87.5594 21.6333 58.8327 69.4622 48.5818 77.4145 75.0 87.4275 35.7199 69.1354 24.5967 88.8101 70.2824 70.7432 35.1283 58.2495 53.0385 84.7329 30.0666 
33.2415 35.6931 33.541 51.4296 43.6578 15.8114 37.054 61.8466 13.0384 41.0 61.0983 63.3246 80.1841 36.8782 87.8009 26.0 67.5352 47.2652 59.1354 67.4463 37.3631 38.0132 12.2066 80.3275 0.0 80.6232 17.1172 65.1153 50.307 57.3149 18.0278 36.8782 53.1507 44.9444 68.4763 38.0789 62.9682 72.5672 65.3758 29.1548 11.7047 65.0308 53.3667 55.0818 80.9938 62.0081 56.8595 34.5254 73.4098 55.3159 36.2353 10.0499 101.95 23.7697 57.5847 36.7696 60.8276 50.6952 33.9411 55.3624 24.0832 57.7062 23.7065 25.0 27.2029 58.5918 61.2046 43.0813 18.4391 66.7608 
51.5301 54.716 57.4765 36.4966 55.6507 87.76 58.9406 44.7214 83.5509 57.7448 37.3363 75.0 72.5328 88.1043 39.6989 74.6476 83.006 59.0254 48.0 43.0116 70.8308 49.2066 78.6362 4.24264 80.6232 0.0 91.3064 40.3113 48.5447 53.2353 79.1907 46.345 70.0 82.514 85.0059 83.8413 70.7107 38.8973 67.2681 100.809 86.098 50.3587 41.5315 49.163 81.7863 60.8276 36.0 71.6945 82.3893 47.1699 97.6757 89.0885 22.8473 60.2876 72.1734 50.0367 80.1561 72.0625 88.8824 38.2906 67.58 26.2488 89.8477 71.7373 72.1981 32.0 54.7449 54.4934 84.1882 33.3766 
41.0122 52.2398 38.8067 66.4078 50.448 3.60555 54.0 78.0897 7.81025 46.4215 76.6551 57.3149 76.0066 26.9258 91.8209 42.72 59.6657 46.5993 60.7454 83.5464 54.3415 48.6004 12.8062 89.8515 17.1172 91.3064 0.0 68.6532 56.4671 74.108 34.176 48.5489 70.214 36.6742 60.1664 31.0644 80.0625 76.1855 82.4924 12.0416 24.6982 65.8027 58.7198 56.648 74.8131 79.0569 72.1249 33.8378 66.2873 57.3847 21.2132 7.61577 110.815 31.1448 52.0865 44.5533 53.1507 67.6831 23.0868 61.1524 41.1947 66.814 9.84886 24.1661 25.632 73.3894 78.0577 50.3289 33.121 72.4215 
33.0 61.6355 31.5753 54.4526 23.1948 65.1174 67.0187 69.5733 61.8564 24.1868 63.0263 35.3553 33.1059 52.8613 23.2594 74.9676 43.1856 24.0416 9.43398 71.9617 78.1144 34.9291 57.8388 37.054 65.1153 40.3113 68.6532 0.0 15.6525 74.6822 74.0608 38.2957 85.1235 44.9197 45.1774 46.0672 90.8251 7.61577 89.9458 73.6443 75.4255 10.0499 12.0 12.7279 41.7612 83.261 58.3035 35.0135 42.107 11.4018 66.7841 69.0807 51.5461 41.4367 33.5261 30.0666 41.2311 85.4977 56.6533 11.7047 67.1014 19.8494 62.4752 44.5054 43.0578 56.3886 77.7076 24.3311 78.0 7.0 
20.2485 52.4392 17.0294 52.0541 13.4536 52.9312 57.6888 67.8718 49.6702 10.7703 63.0208 30.1287 36.2353 43.6891 38.9102 62.9365 38.1387 12.5317 9.05539 71.7003 67.5352 26.7323 45.6527 45.974 50.307 48.5447 56.4671 15.6525 0.0 69.3407 60.8276 29.6956 77.077 36.4877 40.0911 39.4261 83.8748 23.2594 83.4799 61.4582 61.0082 15.2971 7.28011 5.38516 42.2361 77.4365 57.9224 22.8273 39.3979 5.0 54.598 57.0539 63.5295 27.0185 26.3193 18.3576 34.3008 76.8511 44.4671 11.4018 55.3624 24.5967 50.2569 32.3193 30.8717 61.5298 73.2569 14.8661 64.3817 19.799 
51.4782 22.0227 57.7062 20.2485 56.927 72.0069 20.3961 9.48683 68.0074 59.0212 16.0 99.8311 107.747 83.9345 86.6576 36.6742 107.686 81.8568 79.7486 14.4222 26.4008 43.0116 64.1249 56.5685 57.3149 53.2353 74.108 74.6822 69.3407 0.0 44.9444 39.6611 17.72 87.3856 109.6 80.6631 17.72 77.4786 15.2643 86.0523 55.6597 83.8998 72.8101 74.6333 111.561 8.60233 17.72 69.0466 108.723 73.6497 89.6772 67.3647 74.108 53.7587 95.6449 51.313 103.626 20.6155 82.9759 69.5692 33.9559 55.4786 78.1601 66.4831 68.0074 21.587 4.12311 55.7697 49.2443 69.508 
41.1096 26.2488 43.9318 45.2769 51.0 33.541 25.0599 51.4782 31.0644 50.3587 52.8015 78.8989 93.984 54.4518 95.2575 9.0 83.7616 60.407 69.8713 57.3062 21.0 41.5933 29.7321 79.857 18.0278 79.1907 34.176 74.0608 60.8276 44.9444 0.0 39.0512 37.0135 61.8466 84.8764 54.8179 47.0106 81.0 50.0899 45.8803 11.0454 76.1183 62.0725 66.1305 96.4882 47.8539 49.5782 48.7545 89.2096 65.7647 54.2033 26.5707 101.48 34.2053 73.106 44.0114 77.1038 34.1321 51.7397 63.0079 12.0416 62.1691 41.6773 40.4969 42.72 52.3259 48.3839 50.01 5.0 74.108 
12.3693 23.7065 18.6815 22.561 17.2818 45.2769 29.0689 38.2753 40.8167 19.376 33.541 60.1859 65.8636 48.0 57.0351 38.0 68.0412 42.2116 38.0289 42.2019 39.8497 3.60555 35.8469 46.0494 36.8782 46.345 48.5489 38.2957 29.6956 39.6611 39.0512 0.0 48.0104 50.5313 69.9544 43.8087 54.4518 43.9318 53.9073 58.6003 43.8292 44.3114 28.6778 34.9881 71.916 47.8017 28.4429 31.6619 70.1932 34.0045 57.0701 44.6878 67.6722 18.6815 55.9997 11.6678 63.9807 48.0208 48.1664 32.024 30.0 23.1948 48.1041 31.257 32.0624 28.0828 43.566 16.1245 43.6807 36.3456 
58.0 24.7588 63.6553 34.5254 64.6632 68.884 19.8494 27.2029 65.521 66.7083 33.3766 105.256 113.356 85.4225 100.578 28.0179 113.111 82.8704 85.4103 31.7805 16.0312 51.614 62.6259 73.0616 53.1507 70.0 70.214 85.1235 77.077 17.72 37.0135 48.0104 0.0 90.4268 112.15 83.5284 10.0 90.3956 13.6015 82.201 48.0 91.6928 82.0926 82.3695 119.297 14.1421 34.0 73.4098 115.263 81.3859 88.5438 62.8013 91.444 57.2014 101.07 58.8982 104.346 3.60555 83.672 78.8518 29.4109 68.7875 76.243 68.6003 70.4911 38.0 18.3576 63.5059 40.1123 82.5095 
39.0753 66.6864 35.9164 72.8192 47.5606 34.2053 70.8314 87.8988 33.6155 43.5313 83.863 21.0238 40.4475 10.0 65.7647 67.8823 23.0868 28.4243 35.531 92.306 76.8375 48.7795 32.7567 79.9073 44.9444 82.514 36.6742 44.9197 36.4877 87.3856 61.8466 50.5313 90.4268 0.0 23.7697 7.07107 98.9852 51.2132 99.785 35.3553 56.4358 37.4833 42.237 33.3787 38.2099 94.5707 78.7872 23.3238 29.6142 35.3553 22.4722 41.4367 96.2399 33.6484 16.4924 42.1932 16.4924 89.0505 14.0 46.2132 62.482 65.6036 27.1662 22.0227 20.0 78.5505 91.4929 47.5018 63.2456 51.2964 
61.722 90.6213 58.5632 92.3129 53.5948 57.8705 92.5431 108.131 57.3847 51.0384 106.391 10.0499 23.4307 33.2415 60.4152 90.2928 2.0 32.2111 37.0135 115.326 98.7529 66.9911 56.356 82.0244 68.4763 85.0059 60.1664 45.1774 40.0911 109.6 84.8764 69.9544 112.15 23.7697 0.0 30.4138 124.134 49.2443 123.739 57.1402 80.0625 35.3553 45.7056 36.3456 16.7631 117.695 101.668 45.0355 7.61577 38.3275 43.0116 65.192 96.1041 55.3601 14.3178 58.6297 7.81025 110.815 37.108 49.4975 84.4815 61.3401 50.448 44.4072 42.2019 99.7533 113.516 55.009 86.6083 52.1536 
32.3527 59.9333 29.1939 66.0966 40.8381 28.2843 64.0078 81.1763 27.2029 36.8087 77.1405 26.3059 45.0111 7.07107 66.914 60.8112 29.5466 29.5718 36.6785 85.5834 69.814 42.057 25.9422 82.3864 38.0789 83.8413 31.0644 46.0672 39.4261 80.6631 54.8179 43.8087 83.5284 7.07107 30.4138 0.0 92.1792 52.3607 93.0376 31.6228 49.6488 38.6395 45.19 34.5262 43.9318 87.8465 72.0647 16.6013 35.7351 36.5028 20.6155 35.171 102.882 26.9258 21.0238 35.4706 22.8473 82.0975 10.2956 49.2316 55.4437 58.8811 22.0907 15.0 13.0384 71.828 84.7703 40.7793 56.3028 56.3994 
65.2993 32.45 71.218 37.5766 71.461 78.6448 28.178 26.0768 75.1864 73.5552 33.3766 114.365 120.043 94.4299 104.061 38.0132 122.22 90.9166 92.2081 29.1548 26.0192 58.0 72.1249 74.1485 62.9682 70.7107 80.0625 90.8251 83.8748 17.72 47.0106 54.4518 10.0 98.9852 124.134 92.1792 0.0 94.7711 5.0 92.0706 58.0 98.9523 87.8626 89.1673 126.095 10.0 35.4401 81.5414 124.372 88.1837 98.0816 72.6911 91.0055 65.5134 110.179 65.7951 112.893 13.1529 92.8493 84.6217 39.0512 72.7711 85.8662 77.3692 79.177 39.2938 16.0312 70.3037 50.0899 86.8004 
40.1123 67.0522 39.0512 57.249 30.0 72.6497 72.4224 72.3203 69.3887 31.5753 65.7733 39.8497 33.7343 59.1548 15.6525 81.5029 47.2969 31.241 16.2788 74.7087 83.678 40.6079 65.4797 35.171 72.5672 38.8973 76.1855 7.61577 23.2594 77.4786 81.0 43.9318 90.3956 51.2132 49.2443 52.3607 94.7711 0.0 92.7422 81.1766 82.7345 14.3178 19.2354 20.0 43.2897 86.0574 61.0505 42.5458 45.1774 18.868 72.72 76.5872 46.8722 48.8365 38.9102 37.0135 46.2385 90.7697 62.6497 18.0278 73.5536 23.3238 70.0075 52.0377 50.5901 59.1356 80.504 31.0161 85.0529 8.06226 
65.215 33.1059 71.2811 35.5106 71.0661 80.895 29.4109 22.561 77.2787 73.1603 30.0832 113.97 119.648 95.6347 101.919 41.1096 121.826 95.9959 93.9177 25.0 29.1548 57.3847 73.9797 70.8308 65.3758 67.2681 82.4924 89.9458 83.4799 15.2643 50.0899 53.9073 13.6015 99.785 123.739 93.0376 5.0 92.7422 0.0 94.5304 61.131 98.0688 86.9791 88.7724 125.7 6.7082 32.6956 81.9897 123.978 87.7888 99.925 75.2396 87.0919 66.1891 109.784 65.437 117.765 17.088 94.2444 83.7383 41.3038 70.7422 87.8635 78.3901 80.1124 36.4005 12.6491 69.9088 53.4603 84.7715 
49.6488 64.1249 46.7856 77.6209 58.4299 14.1421 66.0076 89.8053 18.4391 54.4005 88.0738 56.3205 75.8024 25.4951 96.8103 54.5711 57.0351 51.2415 65.498 95.1893 66.2873 58.1808 23.0868 99.3545 29.1548 100.809 12.0416 73.6443 61.4582 86.0523 45.8803 58.6003 82.201 35.3553 57.1402 31.6228 92.0706 81.1766 94.5304 0.0 35.8469 70.1305 67.0762 61.4381 73.0068 91.0879 83.4326 38.6005 64.0078 62.3321 14.3178 19.4165 120.474 40.3113 51.788 53.0094 51.0098 79.6241 21.587 69.1313 53.2353 76.4729 11.3137 30.4138 31.1448 84.4808 90.0222 58.371 44.3847 78.2856 
42.7551 35.8469 44.0454 54.037 53.1507 24.8395 35.4683 61.7414 23.4307 51.2445 62.434 75.0267 91.8776 48.0104 97.6729 20.025 79.1581 58.6941 70.0 67.5426 32.0156 45.6946 23.7065 86.0101 11.7047 86.098 24.6982 75.4255 61.0082 55.6597 11.0454 43.8292 48.0 56.4358 80.0625 49.6488 58.0 82.7345 61.131 35.8469 0.0 76.0263 63.5059 66.0076 92.6984 58.8558 58.8218 46.0977 85.0882 66.0076 45.607 17.2047 107.633 34.0588 69.2892 46.0977 72.45 45.0444 44.8219 65.1153 21.9317 66.1287 33.3017 36.6879 38.8973 61.2209 59.203 52.3927 8.544 76.4958 
35.4401 67.055 32.2579 63.6703 27.2947 62.3618 72.3047 78.791 59.439 25.9615 72.2439 25.7099 23.8537 45.4336 28.2843 78.1601 33.3766 19.3132 6.32456 81.1794 82.3468 41.3482 55.7315 47.0956 65.0308 50.3587 65.8027 10.0499 15.2971 83.8998 76.1183 44.3114 91.6928 37.4833 35.3553 38.6395 98.9523 14.3178 98.0688 70.1305 76.0263 0.0 16.4012 10.0499 31.9531 92.4786 67.5212 32.0156 32.0624 10.4403 58.9988 67.082 60.8769 42.2218 24.5967 33.2415 31.9531 91.4669 48.9285 18.4391 70.5195 28.6531 59.2764 41.9762 40.2616 65.6063 86.9253 28.6531 79.636 17.0294 
21.0 51.4214 19.9249 52.5805 11.4018 55.1311 56.671 67.7013 51.1052 12.3693 61.1542 35.6931 39.6989 49.453 34.4819 63.1506 43.7379 18.2956 10.6301 70.0896 66.7133 25.7145 46.3932 38.9608 53.3667 41.5315 58.7198 12.0 7.28011 72.8101 62.0725 28.6778 82.0926 42.237 45.7056 45.19 87.8626 19.2354 86.9791 67.0762 63.5059 16.4012 0.0 9.48683 46.6476 81.3889 56.4314 28.5913 44.5982 7.61577 60.3619 57.5007 56.523 29.6142 32.0624 18.1108 40.05 75.8333 50.2311 4.12311 55.3173 17.5835 56.0208 37.0029 36.6356 54.5165 75.8355 12.6491 66.0 13.8924 
25.632 57.7317 22.2673 60.2131 18.4391 53.1413 62.9813 75.3338 50.0 16.1555 68.7868 26.3059 31.1448 41.3203 35.5106 68.3081 34.3657 11.3137 4.12311 77.7222 72.8972 32.0248 46.0977 46.5296 55.0818 49.163 56.648 12.7279 5.38516 74.6333 66.1305 34.9881 82.3695 33.3787 36.3456 34.5262 89.1673 20.0 88.7724 61.4381 66.0076 10.0499 9.48683 0.0 37.4433 82.729 64.064 22.8473 35.1141 2.0 54.5779 57.4891 63.1585 32.2312 23.0217 23.7065 31.0161 82.1436 44.447 13.1529 60.7454 25.216 50.2689 32.573 31.0161 62.1491 78.5495 19.8494 69.6454 18.3576 
66.2328 94.6596 63.396 93.3573 55.5563 72.1803 99.7007 110.542 71.0634 53.0 103.995 17.72 10.198 48.1664 50.8035 100.953 16.2788 37.0135 36.2353 112.931 107.69 68.9527 69.2604 78.2624 80.9938 81.7863 74.8131 41.7612 42.2361 111.561 96.4882 71.916 119.297 38.2099 16.7631 43.9318 126.095 43.2897 125.7 73.0068 92.6984 31.9531 46.6476 37.4433 0.0 119.657 99.2726 56.5261 9.21954 39.1152 59.1354 79.0759 89.0898 63.3739 23.4094 60.5913 22.0 118.566 52.1536 49.6488 94.0664 60.4152 65.3758 56.0803 53.8516 97.3577 115.477 56.9706 98.5491 48.5077 
59.3633 28.1603 65.5134 28.8444 65.0228 77.2334 25.1794 16.1245 73.437 67.1169 23.5372 107.927 113.605 90.7579 95.2321 39.0512 115.782 89.9526 88.3274 19.2354 27.5136 51.225 69.8713 64.3273 62.0081 60.8276 79.0569 83.261 77.4365 8.60233 47.8539 47.8017 14.1421 94.5707 117.695 87.8465 10.0 86.0574 6.7082 91.0879 58.8558 92.4786 81.3889 82.729 119.657 0.0 26.0 76.5079 117.934 81.7455 95.7079 72.0 81.0062 60.9262 103.741 59.4054 111.722 17.6918 89.56 78.148 38.0132 64.0574 83.863 73.3894 75.0267 29.7321 6.08276 63.8655 51.6624 78.0867 
40.7998 23.3452 47.0993 6.0 45.5086 69.3758 25.807 11.3137 65.0 47.6028 5.09902 91.5224 91.3684 76.1643 70.2745 43.2782 99.755 73.9254 63.37 13.9284 36.6742 31.305 60.4152 39.1152 56.8595 36.0 72.1249 58.3035 57.9224 17.72 49.5782 28.4429 34.0 78.7872 101.668 72.0647 35.4401 61.0505 32.6956 83.4326 58.8218 67.5212 56.4314 64.064 99.2726 26.0 0.0 59.9216 100.792 62.0699 84.214 66.4831 57.7062 46.0 87.7136 39.8946 95.6945 36.1248 76.0066 53.1906 37.5366 39.0999 73.9797 59.0085 60.075 4.0 20.1246 44.3513 54.4885 53.0191 
20.2059 49.0918 17.0471 53.9585 28.6913 30.3645 53.6004 69.151 27.4591 24.6619 65.0004 38.9368 45.806 20.8642 58.1808 53.2541 43.8441 13.0384 26.9258 73.4761 60.8276 29.9102 24.0208 70.2396 34.5254 71.6945 33.8378 35.0135 22.8273 69.0466 48.7545 31.6619 73.4098 23.3238 45.0355 16.6013 81.5414 42.5458 81.9897 38.6005 46.0977 32.0156 28.5913 22.8473 56.5261 76.5079 59.9216 0.0 49.2475 23.7065 31.7732 35.2278 90.7351 16.2788 33.144 23.3238 37.2316 72.3464 21.6423 32.6329 46.8615 46.7343 27.4591 10.0499 8.24621 59.6811 73.1273 28.6325 51.264 39.8006 
61.9609 90.8602 58.802 91.4363 52.7182 63.7887 95.4288 107.254 62.9365 50.1618 105.514 10.6301 16.2788 39.4588 55.0273 94.5047 7.07107 32.45 34.9285 114.45 103.096 66.1145 61.4654 79.1581 73.4098 82.3893 66.2873 42.107 39.3979 108.723 89.2096 70.1932 115.263 29.6142 7.61577 35.7351 124.372 45.1774 123.978 64.0078 85.0882 32.0624 44.5982 35.1141 9.21954 117.934 100.792 49.2475 0.0 37.0 50.04 70.8802 91.9239 58.7799 16.4012 58.8685 13.1529 114.294 43.4166 48.0833 88.6935 59.4504 56.7186 48.7647 46.5296 98.8767 112.639 54.1324 91.2414 49.0918 
25.0 56.7481 22.0227 58.219 17.2047 53.8516 61.9978 73.3397 50.5964 15.5242 66.7927 28.2843 32.5269 44.5629 34.4819 67.72 36.3456 12.8062 4.12311 75.7281 72.0139 31.0413 46.5789 44.5533 55.3159 47.1699 57.3847 11.4018 5.0 73.6497 65.7647 34.0045 81.3859 35.3553 38.3275 36.5028 88.1837 18.868 87.7888 62.3321 66.0076 10.4403 7.61577 2.0 39.1152 81.7455 62.0699 23.7065 37.0 0.0 55.4719 57.9802 61.327 32.0156 25.02 22.8473 33.0151 81.16 45.341 11.1803 60.0833 23.2219 51.163 33.2415 31.7805 60.155 81.474 18.6011 69.3542 16.6433 
46.1736 67.7422 43.0282 78.2304 54.6724 20.8087 70.6116 92.0217 23.2594 50.6431 89.1403 42.9535 62.5859 13.6015 87.2734 62.1691 43.0116 49.9311 57.0378 97.0052 73.1642 55.7853 25.9615 96.2208 36.2353 97.6757 21.2132 66.7841 54.598 89.6772 54.2033 57.0701 88.5438 22.4722 43.0116 20.6155 98.0816 72.72 99.925 14.3178 45.607 58.9988 60.3619 54.5779 59.1354 95.7079 84.214 31.7732 50.04 55.4719 0.0 28.4253 118.054 38.4708 38.8973 49.305 37.2156 86.3771 10.6301 64.4035 59.1354 74.053 12.53 25.9615 25.632 84.5931 93.771 54.6136 53.8238 71.5713 
38.833 45.7056 37.5766 60.9262 48.8774 7.81025 47.0956 71.8053 8.06226 45.2025 70.8378 61.3922 79.404 32.2025 91.9771 35.171 64.5136 48.2597 61.6117 77.3692 46.8722 45.2548 11.4018 87.5594 10.0499 89.0885 7.61577 69.0807 57.0539 67.3647 26.5707 44.6878 62.8013 41.4367 65.192 35.171 72.6911 76.5872 75.2396 19.4165 17.2047 67.082 57.5007 57.4891 79.0759 72.0 66.4831 35.2278 70.8802 57.9802 28.4253 0.0 108.055 28.8444 55.9017 42.4382 57.8705 60.208 28.6531 59.9333 34.0147 64.1089 16.2788 25.1794 27.074 68.0294 71.2531 48.5489 25.5539 71.2025 
70.5707 77.4919 76.5171 58.9406 74.6912 107.341 81.6088 65.0077 103.008 68.0084 58.1378 86.5852 79.0253 107.145 39.3192 97.4245 94.1488 73.8015 60.7454 62.1289 93.4077 63.9906 98.0293 21.6333 101.95 22.8473 110.815 51.5461 63.5295 74.108 101.48 67.6722 91.444 96.2399 96.1041 102.882 91.0055 46.8722 87.0919 120.474 107.633 60.8769 56.523 63.1585 89.0898 81.0062 57.7062 90.7351 91.9239 61.327 118.054 108.055 0.0 79.6844 85.0706 69.0773 92.72 93.771 107.923 53.2821 90.3569 44.6878 109.306 90.7779 91.2387 53.7587 75.0 73.534 106.356 44.9444 
10.0 33.121 10.0 40.0 20.1246 27.6586 37.4433 54.5894 23.3452 17.2627 51.0098 48.7726 60.0083 30.4138 64.0312 37.5899 54.1687 26.4008 36.0555 59.2115 44.5982 17.8885 18.3848 58.8327 23.7697 60.2876 31.1448 41.4367 27.0185 53.7587 34.2053 18.6815 57.2014 33.6484 55.3601 26.9258 65.5134 48.8365 66.1891 40.3113 34.0588 42.2218 29.6142 32.2312 63.3739 60.9262 46.0 16.2788 58.7799 32.0156 38.4708 28.8444 79.6844 0.0 43.4685 13.6015 47.5561 56.0803 30.0167 31.6228 30.8058 35.6836 29.5466 13.0384 14.3178 46.1736 57.8705 19.7231 37.4833 43.0116 
47.7674 76.6667 44.6085 78.3583 39.6401 49.2544 81.2353 94.176 47.8539 37.0838 92.4363 5.83095 24.0832 26.3059 52.2015 78.4012 12.53 18.2565 24.5153 101.372 88.9023 53.0365 45.8803 69.4622 57.5847 72.1734 52.0865 33.5261 26.3193 95.6449 73.106 55.9997 101.07 16.4924 14.3178 21.0238 110.179 38.9102 109.784 51.788 69.2892 24.5967 32.0624 23.0217 23.4094 103.741 87.7136 33.144 16.4012 25.02 38.8973 55.9017 85.0706 43.4685 0.0 44.675 8.0 100.1 30.2655 36.0139 72.5899 48.2344 43.0116 32.6956 30.4631 85.7986 99.5611 41.0543 75.1669 40.2616 
3.60555 34.2053 8.06226 34.0264 7.07107 41.0122 39.4081 49.8441 36.7967 7.81025 44.993 48.8612 54.65 39.7336 51.6315 45.1221 56.7165 30.8869 26.9258 53.6726 49.1935 8.70457 31.8904 48.5818 36.7696 50.0367 44.5533 30.0666 18.3576 51.313 44.0114 11.6678 58.8982 42.1932 58.6297 35.4706 65.7951 37.0135 65.437 53.0094 46.0977 33.2415 18.1108 23.7065 60.5913 59.4054 39.8946 23.3238 58.8685 22.8473 49.305 42.4382 69.0773 13.6015 44.675 0.0 52.656 58.6003 39.9462 19.105 37.3631 25.0765 41.8808 23.3666 23.8274 39.5339 55.2292 6.32456 48.0416 30.4498 
55.7483 80.5941 52.5895 86.3392 47.6211 50.6952 84.7392 102.157 49.98 45.0647 100.417 7.07107 26.0 26.3059 58.8303 82.4888 6.7082 26.2374 32.3883 109.353 90.9489 61.0174 48.7545 77.4145 60.8276 80.1561 53.1507 41.2311 34.3008 103.626 77.1038 63.9807 104.346 16.4924 7.81025 22.8473 112.893 46.2385 117.765 51.0098 72.45 31.9531 40.05 31.0161 22.0 111.722 95.6945 37.2316 13.1529 33.0151 37.2156 57.8705 92.72 47.5561 8.0 52.656 0.0 103.011 30.2655 44.0114 76.6776 56.2248 43.566 36.6197 34.4093 93.7796 107.542 49.0353 78.8923 48.0521 
57.4891 24.4131 62.9682 36.1248 64.4373 66.4831 19.2094 30.0832 63.2456 66.4003 35.9026 104.286 113.13 83.7257 101.651 25.1794 109.623 81.9007 85.1844 34.8855 13.3417 51.6236 60.5392 75.0 50.6952 72.0625 67.6831 85.4977 76.8511 20.6155 34.1321 48.0208 3.60555 89.0505 110.815 82.0975 13.1529 90.7697 17.088 79.6241 45.0444 91.4669 75.8333 82.1436 118.566 17.6918 36.1248 72.3464 114.294 81.16 86.3771 60.208 93.771 56.0803 100.1 58.6003 103.011 0.0 81.8413 79.226 27.313 69.7608 74.0 67.1193 69.0652 40.1123 21.6333 63.28 37.0135 82.8837 
36.8283 61.4003 33.6694 70.0071 45.8792 21.0238 64.846 84.4808 21.4009 41.8498 81.0247 35.0143 54.3323 4.0 77.203 58.8218 36.6742 39.8608 46.9675 89.202 68.9638 46.5296 22.0227 87.4275 33.9411 88.8824 23.0868 56.6533 44.4671 82.9759 51.7397 48.1664 83.672 14.0 37.108 10.2956 92.8493 62.6497 94.2444 21.587 44.8219 48.9285 50.2311 44.447 52.1536 89.56 76.0066 21.6423 43.4166 45.341 10.6301 28.6531 107.923 30.0167 30.2655 39.9462 30.2655 81.8413 0.0 54.2727 54.5894 63.9222 13.3417 17.0 16.1245 76.0592 87.0976 45.8204 52.345 61.4405 
22.3607 55.3638 22.3607 49.3397 12.0416 57.5637 60.747 64.4604 53.5378 14.7648 57.9134 39.4588 42.2019 53.4946 32.5576 69.5325 47.5184 22.3372 13.4164 66.8488 71.8427 28.6574 48.8259 35.7199 55.3624 38.2906 61.1524 11.7047 11.4018 69.5692 63.0079 32.024 78.8518 46.2132 49.4975 49.2316 84.6217 18.0278 83.7383 69.1313 65.1153 18.4391 4.12311 13.1529 49.6488 78.148 53.1906 32.6329 48.0833 11.1803 64.4035 59.9333 53.2821 31.6228 36.0139 19.105 44.0114 79.226 54.2727 0.0 61.5832 14.3426 57.9633 39.4355 39.8964 51.2757 72.5947 13.0 67.1193 11.4018 
35.1141 14.2127 39.3573 33.3017 43.9318 39.6232 13.6015 39.8121 36.1386 44.5982 40.8044 78.3828 90.6815 56.6039 87.023 8.0 83.2901 57.0793 64.195 45.618 14.4222 33.0606 33.2415 69.1354 24.0832 67.58 41.1947 67.1014 55.3624 33.9559 12.0416 30.0 29.4109 62.482 84.4815 55.4437 39.0512 73.5536 41.3038 53.2353 21.9317 70.5195 55.3173 60.7454 94.0664 38.0132 37.5366 46.8615 88.6935 60.0833 59.1354 34.0147 90.3569 30.8058 72.5899 37.3631 76.6776 27.313 54.5894 61.5832 0.0 53.0848 46.8402 40.4599 42.5206 40.3113 37.6563 42.7754 16.9706 66.1891 
26.5699 44.8023 32.5163 35.249 30.6905 63.3398 50.1483 50.3697 59.0076 32.7846 43.8227 51.2927 52.4786 63.1441 34.3657 61.0737 59.3467 35.0774 24.522 52.7581 61.6701 20.6155 54.0286 24.5967 57.7062 26.2488 66.814 19.8494 24.5967 55.4786 62.1691 23.1948 68.7875 65.6036 61.3401 58.8811 72.7711 23.3238 70.7422 76.4729 66.1287 28.6531 17.5835 25.216 60.4152 64.0574 39.0999 46.7343 59.4504 23.2219 74.053 64.1089 44.6878 35.6836 48.2344 25.0765 56.2248 69.7608 63.9222 14.3426 53.0848 0.0 65.3048 46.7771 47.2379 37.185 58.504 29.5332 66.7083 15.2643 
38.5876 56.1427 35.6176 68.0661 47.2618 8.48528 58.6941 81.0987 10.7703 43.2324 78.7718 48.0416 67.0671 17.2627 85.6411 49.6588 50.01 40.0724 54.3289 86.2844 60.7454 47.4236 14.0357 88.8101 23.7065 89.8477 9.84886 62.4752 50.2569 78.1601 41.6773 48.1041 76.243 27.1662 50.448 22.0907 85.8662 70.0075 87.8635 11.3137 33.3017 59.2764 56.0208 50.2689 65.3758 83.863 73.9797 27.4591 56.7186 51.163 12.53 16.2788 109.306 29.5466 43.0116 41.8808 43.566 74.0 13.3417 57.9633 46.8402 65.3048 0.0 19.105 19.8494 74.7329 82.2192 47.203 41.4005 67.2302 
20.2485 45.31 17.0899 53.0094 28.7341 20.6155 49.1935 67.6018 17.4642 24.7047 64.0312 38.4838 55.2048 17.4642 67.6731 46.0109 43.2666 23.0868 36.6879 72.2496 54.8179 29.8329 14.0 70.2824 25.0 71.7373 24.1661 44.5054 32.3193 66.4831 40.4969 31.257 68.6003 22.0227 44.4072 15.0 77.3692 52.0377 78.3901 30.4138 36.6879 41.9762 37.0029 32.573 56.0803 73.3894 59.0085 10.0499 48.7647 33.2415 25.9615 25.1794 90.7779 13.0384 32.6956 23.3666 36.6197 67.1193 17.0 39.4355 40.4599 46.7771 19.105 0.0 2.23607 59.0762 70.6045 28.6753 42.4853 50.7047 
20.7095 47.0106 17.5507 54.0833 29.1949 22.1359 51.0 68.884 19.2354 25.1655 65.123 36.2491 52.982 16.1245 66.2255 48.1664 41.0488 21.2132 35.1141 73.437 56.8507 30.4138 16.0312 70.7432 27.2029 72.1981 25.632 43.0578 30.8717 68.0074 42.72 32.0624 70.4911 20.0 42.2019 13.0384 79.177 50.5901 80.1124 31.1448 38.8973 40.2616 36.6356 31.0161 53.8516 75.0267 60.075 8.24621 46.5296 31.7805 25.632 27.074 91.2387 14.3178 30.4631 23.8274 34.4093 69.0652 16.1245 39.8964 42.5206 47.2379 19.8494 2.23607 0.0 60.0083 72.1249 29.1361 44.7214 47.845 
40.4391 26.2488 46.7386 7.2111 45.1479 70.5195 29.1548 14.4222 66.0984 47.2421 7.07107 89.6075 89.4535 76.0093 65.9038 46.4004 97.8401 72.0105 61.4551 15.8114 40.3113 30.9443 61.4003 35.1283 58.5918 32.0 73.3894 56.3886 61.5298 21.587 52.3259 28.0828 38.0 78.5505 99.7533 71.828 39.2938 59.1356 36.4005 84.4808 61.2209 65.6063 54.5165 62.1491 97.3577 29.7321 4.0 59.6811 98.8767 60.155 84.5931 68.0294 53.7587 46.1736 85.7986 39.5339 93.7796 40.1123 76.0592 51.2757 40.3113 37.185 74.7329 59.0762 60.0083 0.0 23.7697 43.9906 57.28 51.1041 
55.4707 26.0768 61.7171 23.4307 60.8432 76.0 24.1868 10.0499 72.0278 62.9373 17.4642 103.747 110.772 88.0568 89.6786 39.9249 111.603 85.773 82.7741 13.6015 29.1548 46.8722 68.1836 58.2495 61.2046 54.7449 78.0577 77.7076 73.2569 4.12311 48.3839 43.566 18.3576 91.4929 113.516 84.7703 16.0312 80.504 12.6491 90.0222 59.203 86.9253 75.8355 78.5495 115.477 6.08276 20.1246 73.1273 112.639 81.474 93.771 71.2531 75.0 57.8705 99.5611 55.2292 107.542 21.6333 87.0976 72.5947 37.6563 58.504 82.2192 70.6045 72.1249 23.7697 0.0 59.6859 52.5547 72.5334 
9.84886 38.8681 12.2066 38.4831 1.41421 46.7547 44.1178 54.3008 42.638 7.0 49.4497 44.8632 50.9902 45.0423 45.4591 50.6416 53.0958 27.2662 22.4722 58.1293 54.16 13.1613 37.8021 53.0385 43.0813 54.4934 50.3289 24.3311 14.8661 55.7697 50.01 16.1245 63.5059 47.5018 55.009 40.7793 70.3037 31.0161 69.9088 58.371 52.3927 28.6531 12.6491 19.8494 56.9706 63.8655 44.3513 28.6325 54.1324 18.6011 54.6136 48.5489 73.534 19.7231 41.0543 6.32456 49.0353 63.28 45.8204 13.0 42.7754 29.5332 47.203 28.6753 29.1361 43.9906 59.6859 0.0 54.1479 24.2774 
45.0 31.1448 47.3814 50.2494 55.0818 33.0151 29.6816 56.0803 31.1448 54.0833 57.6281 80.9598 96.7846 55.3173 99.5063 12.6491 85.5862 63.3246 73.437 61.9112 24.3311 46.0977 30.6105 84.7329 18.4391 84.1882 33.121 78.0 64.3817 49.2443 5.0 43.6807 40.1123 63.2456 86.6083 56.3028 50.0899 85.0529 53.4603 44.3847 8.544 79.636 66.0 69.6454 98.5491 51.6624 54.4885 51.264 91.2414 69.3542 53.8238 25.5539 106.356 37.4833 75.1669 48.0416 78.8923 37.0135 52.345 67.1193 16.9706 66.7083 41.4005 42.4853 44.7214 57.28 52.5547 54.1479 0.0 78.3334 
