NAME  : Jabali_70_3_0.88_1_8
TYPE : SVRP
MODEL : FINITE_SUPPORT
NUMBER_OF_SCENARIOS : 200
DIMENSION : 70
EDGE_WEIGHT_TYPE : MATRIX
CAPACITY : 149
N_VEHICLES : 3
NODE_COORD_SECTION
1 4535 3979
2 2119 6156
3 27 3186
4 4159 7023
5 6467 959
6 3282 8011
7 2270 4008
8 5751 1387
9 5403 5103
10 4837 933
11 4609 6203
12 3608 7769
13 5122 69
14 7124 4922
15 1991 4064
16 3763 7420
17 1135 3238
18 6785 7220
19 5474 18
20 8832 5652
21 5925 6161
22 5361 5479
23 4823 480
24 7410 2637
25 7544 5600
26 5631 4828
27 6865 3417
28 6108 3328
29 4655 1865
30 2655 6009
31 4884 8325
32 5213 3252
33 5197 927
34 2091 3430
35 7417 4201
36 2975 1544
37 6178 3318
38 1892 6423
39 4479 2050
40 3733 7206
41 5160 3828
42 3417 7038
43 4694 8128
44 3893 9360
45 6598 5539
46 6832 4810
47 8888 4688
48 4885 4827
49 7025 6854
50 2450 2030
51 7760 6614
52 5187 4842
53 181 4184
54 3663 3080
55 4864 8695
56 7410 2466
57 4319 1009
58 3011 2436
59 8483 6464
60 2638 2840
61 4221 1089
62 1779 4334
63 6837 6175
64 4593 1161
65 841 2765
66 3196 5111
67 6186 6973
68 2103 7268
69 2607 6516
70 4056 1477
DEMAND_SECTION
1 0.0
2 2.0
3 2.0
4 10.0
5 7.0
6 2.0
7 6.0
8 1.0
9 2.0
10 1.0
11 6.0
12 8.0
13 10.0
14 5.0
15 9.0
16 5.0
17 6.0
18 5.0
19 5.0
20 8.0
21 10.0
22 5.0
23 5.0
24 7.0
25 5.0
26 9.0
27 9.0
28 6.0
29 8.0
30 2.0
31 7.0
32 10.0
33 7.0
34 5.0
35 9.0
36 5.0
37 8.0
38 8.0
39 5.0
40 6.0
41 4.0
42 7.0
43 1.0
44 6.0
45 7.0
46 1.0
47 7.0
48 6.0
49 1.0
50 8.0
51 5.0
52 8.0
53 9.0
54 10.0
55 7.0
56 2.0
57 3.0
58 1.0
59 2.0
60 3.0
61 6.0
62 6.0
63 1.0
64 3.0
65 8.0
66 5.0
67 10.0
68 2.0
69 8.0
70 9.0
DEVIATION_SECTION
1 0.0
2 0.666667
3 0.666667
4 3.33333
5 2.33333
6 0.666667
7 2.0
8 0.333333
9 0.666667
10 0.333333
11 2.0
12 2.66667
13 3.33333
14 1.66667
15 3.0
16 1.66667
17 2.0
18 1.66667
19 1.66667
20 2.66667
21 3.33333
22 1.66667
23 1.66667
24 2.33333
25 1.66667
26 3.0
27 3.0
28 2.0
29 2.66667
30 0.666667
31 2.33333
32 3.33333
33 2.33333
34 1.66667
35 3.0
36 1.66667
37 2.66667
38 2.66667
39 1.66667
40 2.0
41 1.33333
42 2.33333
43 0.333333
44 2.0
45 2.33333
46 0.333333
47 2.33333
48 2.0
49 0.333333
50 2.66667
51 1.66667
52 2.66667
53 3.0
54 3.33333
55 2.33333
56 0.666667
57 1.0
58 0.333333
59 0.666667
60 1.0
61 2.0
62 2.0
63 0.333333
64 1.0
65 2.66667
66 1.66667
67 3.33333
68 0.666667
69 2.66667
70 3.0
DISTANCE_MATRIX
0.0 44.911 71.8823 43.8892 47.927 58.8545 32.3303 38.0789 19.105 39.8565 30.8743 55.9309 51.4924 38.7539 35.1561 50.9989 56.8885 53.0377 53.3392 64.4991 35.0 23.0217 45.6829 43.566 47.3307 18.4894 33.2789 23.4094 28.6972 38.6005 61.2782 13.0 40.6199 43.9092 43.0554 44.4748 23.4094 49.0306 29.2147 49.246 10.0 46.5797 58.3333 75.1603 35.4561 35.2279 63.2587 13.1529 51.4782 42.7259 56.8152 15.0333 59.6661 21.9547 65.6026 44.4072 39.0916 33.447 64.0645 35.6485 40.0916 37.7127 43.2606 37.461 61.213 24.5153 46.1946 56.0803 44.0114 37.1747 
44.911 0.0 50.01 28.6007 92.5557 29.0172 29.4109 82.1682 47.0744 79.6589 43.1088 28.6356 91.2209 69.2604 28.6531 26.9258 42.45 64.6626 94.3756 91.3187 52.8018 45.2217 84.5142 87.023 73.6161 50.636 75.06 66.0076 70.9085 7.28011 45.8803 57.7062 82.8593 36.8917 76.6877 61.5224 66.0076 4.12311 71.4261 25.4951 52.0865 21.0238 43.0813 49.0408 60.9973 66.4831 93.984 42.19 67.9897 54.6717 78.3103 45.3982 38.6394 50.6063 49.0408 88.0511 73.8283 50.3289 87.3378 44.5533 74.3454 26.0 64.9079 75.59 49.2443 20.3961 56.8094 14.4222 7.61577 67.998 
71.8823 50.01 0.0 76.1597 91.6788 79.0253 31.6228 81.0432 76.2168 70.859 78.7776 78.3135 79.0569 98.1402 29.1548 75.8024 15.0 106.129 83.0963 123.504 88.3233 77.666 73.2462 100.355 105.949 77.5453 92.6553 83.0294 64.5136 52.6118 94.541 71.0282 75.1332 28.3196 103.112 45.5412 83.0294 51.0882 63.3246 73.9797 73.8699 69.7209 91.5915 99.0051 93.4077 94.6705 122.801 69.072 105.707 36.8782 113.442 72.5729 13.4164 51.8758 98.1529 100.829 63.7887 42.5441 121.828 36.7151 63.6396 28.2312 99.5691 67.082 12.1655 50.5668 99.0611 62.3939 57.1402 59.439 
43.8892 28.6007 76.1597 0.0 88.0652 17.088 49.8629 79.1369 31.7805 82.4983 13.0384 12.083 94.1343 49.0408 50.4165 7.28011 66.2158 36.0555 95.7823 66.9301 27.1662 27.5136 88.3248 74.3303 49.9422 36.2491 61.3514 60.0218 71.339 23.6083 20.025 51.7525 83.1344 57.3286 58.4209 77.7529 60.0218 30.4138 71.8566 6.0 44.3682 8.94427 17.0294 32.2025 39.0128 47.2652 71.7137 31.7647 39.3826 72.6218 49.7033 32.7567 65.9653 64.0797 24.1868 75.6108 81.7335 66.0964 59.552 61.8654 82.7335 49.2066 39.2987 80.1028 73.2148 31.9296 28.2023 27.313 21.2603 79.8165 
47.927 92.5557 91.6788 88.0652 0.0 105.016 71.1212 11.0 58.9177 21.9545 75.0504 100.107 21.4709 53.7122 74.0608 95.175 78.0897 83.3547 18.9737 71.4493 69.9072 63.3675 22.6274 26.0192 63.9062 54.4534 33.6155 34.8281 28.0179 86.4115 102.514 36.3593 17.4929 68.0661 45.8803 46.4866 34.8281 96.6788 30.0167 93.422 43.8292 94.202 101.021 119.336 61.0574 51.8845 61.0 56.3128 79.177 54.8179 77.8332 57.3128 95.5249 44.1046 106.412 25.0 28.6356 50.2494 79.0759 57.1402 29.0689 78.1113 69.8355 25.0799 79.555 72.205 80.2383 104.0 91.9239 32.28 
58.8545 29.0172 79.0253 17.088 105.016 0.0 55.3624 96.088 48.8467 98.7007 29.9666 5.09902 110.337 65.5135 55.5428 9.84886 70.7107 47.4342 112.22 80.2309 43.1045 44.5982 104.527 91.4166 65.0692 53.3104 78.4347 77.0879 87.5414 27.6586 20.5183 68.5019 99.4922 62.9365 75.1332 83.8709 77.0879 28.4429 88.059 11.6619 61.3194 12.8062 18.6011 20.2237 55.26 63.9531 87.0919 48.7158 51.6624 78.721 62.0967 49.7126 67.4759 70.2307 22.2036 92.6984 97.9359 72.2092 71.8401 67.9779 94.7533 53.7587 53.1507 96.3052 77.6466 38.0806 40.7922 19.2354 22.0907 88.4059 
32.3303 29.4109 31.6228 49.8629 71.1212 55.3624 0.0 60.1463 44.6878 54.1202 47.4268 53.1507 65.192 66.6058 3.16228 49.6563 18.0278 74.7782 68.6222 91.9674 56.8243 46.0435 58.5235 73.3757 74.411 46.0109 64.5795 54.9445 43.2897 27.8568 68.2505 42.9462 57.4891 7.61577 71.0697 33.0151 54.9445 32.6497 41.12 47.7062 41.7919 43.7391 65.315 75.4321 61.8466 63.1361 91.2663 37.5366 74.2446 25.4558 81.8352 41.0366 27.7849 27.0185 71.8908 74.0405 47.7598 22.8473 90.2109 16.1245 48.1041 7.0 67.9559 50.0 24.7386 20.2237 67.7103 43.8292 34.0147 42.0595 
38.0789 82.1682 81.0432 79.1369 11.0 96.088 60.1463 0.0 52.5705 13.6015 66.2582 91.1786 19.0263 50.2195 63.0714 86.2466 67.2681 78.7692 18.6815 71.0634 65.1898 56.6627 16.7631 27.8568 61.0 51.9546 31.0644 29.1548 17.0294 76.5032 96.5528 27.5862 9.84886 57.0789 44.0454 36.2491 29.1548 86.2162 19.0263 84.4937 35.3553 84.6321 93.608 110.544 56.4151 47.8017 61.9839 47.5206 74.8151 44.2719 74.7329 48.5206 84.5931 33.1605 100.877 27.313 19.2094 39.3192 77.3175 46.1736 19.8494 67.1226 65.3696 15.6205 68.9638 62.2967 75.5209 94.0947 82.0167 21.9317 
19.105 47.0744 76.2168 31.7805 58.9177 48.8467 44.6878 52.5705 0.0 55.8429 18.9737 43.8634 67.4781 22.8254 47.4236 39.0 62.0819 34.0 69.0838 47.3814 16.1245 5.0 61.6735 42.72 29.7321 4.47214 29.8329 28.2422 44.7199 39.8121 48.1849 25.0499 56.4503 49.1461 29.6142 60.7802 28.2422 50.8035 45.2374 37.3363 17.6656 38.0789 45.7025 62.5295 17.2047 19.6977 47.8853 7.2111 32.3883 57.4887 38.0789 4.12311 71.5052 38.2601 52.0838 43.9659 55.1143 49.7525 45.793 49.2494 56.1143 49.5177 24.3516 53.4836 68.3166 29.5296 27.4591 54.037 43.1045 53.1974 
39.8565 79.6589 70.859 82.4983 21.9545 98.7007 54.1202 13.6015 55.8429 0.0 69.4834 94.6234 12.0416 60.2132 56.7539 89.6915 58.0345 88.6488 14.7648 82.7345 71.8122 59.9351 5.83095 41.1461 71.1403 55.227 42.4264 38.1182 13.4536 77.1011 99.5034 32.311 4.47214 49.6488 55.3263 25.318 38.1182 83.5454 16.2788 87.9385 39.8121 86.4259 96.5586 113.769 66.2947 57.6815 74.4648 50.8203 84.6946 34.1321 84.7056 51.793 76.0066 39.6982 103.828 40.7063 7.07107 31.5753 88.0057 38.6394 7.28011 60.8769 75.2491 4.12311 58.6941 63.5029 83.0086 95.8723 83.7942 12.1655 
30.8743 43.1088 78.7776 13.0384 75.0504 29.9666 47.4268 66.2582 18.9737 69.4834 0.0 25.0599 81.1125 38.3275 49.65 20.1246 65.4023 36.276 82.7674 58.5918 18.868 15.1327 75.3099 61.6847 41.2311 23.4094 48.7647 47.1736 58.3242 35.863 30.7163 38.7376 70.1196 52.8818 47.0 68.6912 47.1736 36.6874 58.8417 18.3848 31.3534 19.2354 27.7714 44.5982 29.1204 36.0555 62.3618 18.7498 35.9163 63.7172 44.2003 19.7231 72.1452 51.6651 35.0407 62.9365 68.7186 56.4595 53.4961 53.0505 69.7186 50.8104 31.0644 67.0879 71.9002 28.7309 29.2081 36.2215 27.4678 66.8017 
55.9309 28.6356 78.3135 12.083 100.107 5.09902 53.1507 91.1786 43.8634 94.6234 25.0599 0.0 106.259 60.4182 53.6004 5.0 69.1809 43.0813 108.106 75.505 38.0526 39.5601 100.45 86.3771 60.1332 48.3322 73.3894 72.1043 83.4641 26.0192 18.0278 63.5924 95.3869 60.6383 70.0357 81.0705 72.1043 28.7924 83.9817 7.07107 56.4099 9.48683 15.6205 22.4722 50.207 58.8558 82.1523 43.8064 47.1275 75.9394 57.5674 44.8032 67.2681 67.3973 20.6155 87.6641 93.8586 69.414 67.3573 65.183 94.8586 52.1536 48.2597 92.2279 76.1643 35.2473 36.1386 21.2603 21.2132 85.5725 
51.4924 91.2209 79.0569 94.1343 21.4709 110.337 65.192 19.0263 67.4781 12.0416 81.1125 106.259 0.0 69.0507 67.6757 101.327 67.2681 97.5027 4.12311 90.0222 83.9233 71.5704 6.7082 45.8912 79.9062 66.8622 50.0899 47.5395 25.4558 86.9506 111.46 43.4166 11.1803 60.1664 63.0714 34.2345 47.5395 95.1074 28.2843 99.5745 51.1077 98.0619 108.179 125.405 75.1486 66.5355 80.6226 62.426 93.5486 43.2897 93.5575 63.4282 85.4751 51.2602 115.785 45.1221 17.4642 42.3792 96.3328 49.3356 17.088 71.7844 84.1031 15.8114 67.0075 75.1388 94.2544 104.843 93.2815 23.2594 
38.7539 69.2604 98.1402 49.0408 53.7122 65.5135 66.6058 50.2195 22.8254 60.2132 38.3275 60.4182 69.0507 0.0 69.4262 56.1427 83.9888 30.4795 68.884 26.0768 22.561 24.0416 65.3154 31.1448 11.0 20.6155 20.1246 24.3755 51.7446 61.9839 54.626 36.2132 58.4209 71.0529 10.2956 80.4288 24.3755 72.8011 52.2621 55.0364 37.3143 57.0351 53.4883 73.5391 10.4403 3.60555 25.0599 29.4109 25.807 78.6799 24.5153 25.807 93.8616 57.9087 58.1378 32.5576 61.8211 69.4011 28.2843 71.6025 62.8065 71.8401 16.9706 59.4231 90.2235 52.3546 29.6816 74.5453 64.5602 60.2221 
35.1561 28.6531 29.1548 50.4165 74.0608 55.5428 3.16228 63.0714 47.4236 56.7539 49.65 53.6004 67.6757 69.4262 0.0 50.2099 16.2788 77.0015 71.1688 94.7629 59.1692 48.6004 61.0328 76.5376 77.1557 48.8365 67.7417 58.1067 46.1736 27.8927 68.8041 46.1084 60.208 8.48528 73.8954 34.9857 58.1067 31.6228 44.0454 48.2598 44.6176 44.2832 65.8686 75.71 64.5368 65.9469 94.0921 40.3113 76.5571 27.0185 84.3149 43.8406 24.6982 30.0 72.4444 77.201 50.2892 25.2982 92.8009 18.3848 50.5964 4.12311 70.4557 52.6308 23.1948 21.8403 69.9335 43.0465 33.8378 44.643 
50.9989 26.9258 75.8024 7.28011 95.175 9.84886 49.6563 86.2466 39.0 89.6915 20.1246 5.0 101.327 56.1427 50.2099 0.0 66.0093 40.7063 103.174 72.2772 34.0147 34.7851 95.5179 81.5966 56.4358 43.4626 68.6222 67.2404 78.5322 23.1948 18.9737 58.6605 90.4549 57.1221 65.6201 77.5463 67.2404 27.7849 79.0498 2.23607 51.478 6.08276 16.1555 26.8328 46.0109 54.4518 78.4092 38.8744 44.3847 72.4152 54.7814 39.8712 65.2534 63.8731 22.3607 82.8734 88.9267 65.8899 64.622 61.6588 89.9267 49.0 44.7214 87.296 73.0082 31.7231 33.2415 22.2036 19.3132 82.0483 
56.8885 42.45 15.0 66.2158 78.0897 70.7107 18.0278 67.2681 62.0819 58.0345 65.4023 69.1809 67.2681 83.9888 16.2788 66.0093 0.0 92.7538 71.1758 109.353 74.686 63.6318 61.0737 85.4488 91.7973 63.3939 77.666 68.0356 50.448 43.1856 84.6034 56.0357 62.1289 13.4536 88.1178 33.0606 68.0356 44.5982 49.0408 64.0591 58.8761 60.0333 81.6679 90.934 79.2597 80.5191 109.109 54.9206 92.1358 24.0208 99.4786 58.4215 18.2483 36.9697 88.2437 85.9232 51.0098 28.1603 107.701 21.9317 51.0 17.0294 85.5862 54.0833 7.0 38.0789 85.6859 56.3028 48.6621 46.1736 
53.0377 64.6626 106.129 36.0555 83.3547 47.4342 74.7782 78.7692 34.0 88.6488 36.276 43.0813 97.5027 30.4795 77.0015 40.7063 92.7538 0.0 97.4504 34.0147 18.1108 30.1496 93.7509 61.6198 23.3238 36.2215 50.2195 52.811 80.1801 59.6631 30.0167 59.0114 86.8644 79.7137 40.3113 94.7417 52.811 66.4205 80.6977 40.8167 51.6271 44.6542 30.2655 48.2597 22.3607 31.6228 43.4166 40.1995 5.38516 90.486 15.0333 38.0132 99.4967 72.2216 32.1403 63.0317 90.5746 82.1829 24.5153 79.8193 91.5746 78.1618 13.6015 87.8587 98.8709 56.0824 8.60233 62.7694 57.2894 88.6576 
53.3392 94.3756 83.0963 95.7823 18.9737 112.22 68.6222 18.6815 69.0838 14.7648 82.7674 108.106 4.12311 68.884 71.1688 103.174 71.1758 97.4504 0.0 89.0225 83.8711 73.176 10.198 44.2832 79.6241 68.4679 49.4975 47.7598 27.8029 90.6206 113.066 44.6542 12.7279 63.7887 62.3939 38.1182 47.7598 98.2621 30.6105 101.421 52.4309 99.9454 110.121 127.053 75.0964 66.4831 79.2275 64.0339 93.4963 47.1699 93.3916 65.0339 89.3588 54.4149 117.39 43.4166 20.8806 45.8803 95.7549 52.8867 20.6155 75.2861 84.0508 18.7883 71.0282 77.0223 94.2021 109.392 97.3137 26.5707 
64.4991 91.3187 123.504 66.9301 71.4493 80.2309 91.9674 71.0634 47.3814 82.7345 58.5918 75.505 90.0222 26.0768 94.7629 72.2772 109.353 34.0147 89.0225 0.0 39.8121 47.0106 87.367 45.5412 17.8045 46.0977 40.3113 47.547 74.9161 84.0729 64.0 59.3847 80.3057 96.417 27.4591 96.0693 47.547 94.6259 75.4336 71.8686 63.0594 75.5311 64.0703 82.2192 30.6105 29.6816 12.8062 54.4518 29.0172 101.252 19.105 50.9313 118.87 80.4807 66.1211 46.6905 84.9294 91.9731 11.6619 94.1745 85.9069 96.8969 27.8568 82.3772 115.588 76.2168 39.4588 93.6052 85.4064 83.3936 
35.0 52.8018 88.3233 27.1662 69.9072 43.1045 56.8243 65.1898 16.1245 71.8122 18.868 38.0526 83.9233 22.561 59.1692 34.0147 74.686 18.1108 83.8711 39.8121 0.0 12.0416 77.6429 51.3128 22.8035 18.9737 38.6005 39.2317 60.6892 45.556 32.7567 41.0192 72.4197 61.8466 32.573 76.7496 39.2317 54.8396 61.2068 33.1361 33.635 35.6931 31.305 51.4296 12.1655 21.5407 44.5533 22.0907 17.4642 72.6273 25.4951 20.025 81.8382 54.2295 36.6197 52.6972 71.0837 64.1908 34.7131 61.9606 72.0837 60.4649 12.2066 68.961 81.0247 38.4239 11.4018 53.8516 45.6201 69.1667 
23.0217 45.2217 77.666 27.5136 63.3675 44.5982 46.0435 56.6627 5.0 59.9351 15.1327 39.5601 71.5704 24.0416 48.6004 34.7851 63.6318 30.1496 73.176 47.0106 12.0416 0.0 65.7658 46.8188 29.2062 9.21954 33.8378 32.6919 48.8121 37.9473 43.9061 29.1421 60.5426 50.6979 32.0624 64.8725 32.6919 48.7647 49.3297 33.2415 21.7579 34.3657 42.4138 57.9776 16.4012 21.3776 48.8467 10.0499 29.1204 61.5809 35.8469 8.24621 72.1388 42.3524 47.805 48.1041 59.2066 52.3137 44.2041 50.8012 60.2066 50.3289 21.9545 57.5759 69.8685 29.2062 23.1803 51.0429 40.6079 57.2896 
45.6829 84.5142 73.2462 88.3248 22.6274 104.527 58.5235 16.7631 61.6735 5.83095 75.3099 100.45 6.7082 65.3154 61.0328 95.5179 61.0737 93.7509 10.198 87.367 77.6429 65.7658 0.0 44.5982 76.2365 61.0576 47.0956 43.4166 19.2094 80.244 105.33 38.0789 7.07107 53.6004 60.075 28.0179 43.4166 88.4007 22.0227 93.765 45.618 92.2524 102.385 119.596 71.3968 62.7837 78.6448 56.6468 89.7968 37.054 89.8077 57.6236 79.2275 44.5535 109.654 44.0114 10.7703 35.7351 93.0215 42.72 10.4403 65.146 80.3513 9.21954 61.131 66.9019 88.8392 98.1365 86.5748 16.5529 
43.566 87.023 100.355 74.3303 26.0192 91.4166 73.3757 27.8568 42.72 41.1461 61.6847 86.3771 45.8912 31.1448 76.5376 81.5966 85.4488 61.6198 44.2832 45.5412 51.3128 46.8188 44.5982 0.0 39.9625 38.3275 13.0 21.0238 38.1838 80.1002 84.0595 30.8058 37.6962 73.0068 21.6333 59.4143 21.0238 91.0494 38.7786 80.0062 35.0143 80.7917 82.5674 102.691 40.4599 30.4795 35.0143 45.3982 56.8507 66.0402 53.7122 42.7551 100.658 48.7647 87.9204 1.41421 45.4863 61.5619 53.7587 63.7814 46.3249 80.093 48.1041 42.19 89.39 67.0298 60.3075 96.026 84.4808 46.0977 
47.3307 73.6161 105.949 49.9422 63.9062 65.0692 74.411 61.0 29.7321 71.1403 41.2311 60.1332 79.9062 11.0 77.1557 56.4358 91.7973 23.3238 79.6241 17.8045 22.8035 29.2062 76.2365 39.9625 0.0 28.8444 30.3645 35.3026 62.6717 66.3703 51.1957 47.1403 69.3542 78.8615 18.3576 89.0057 35.3026 77.0653 63.1892 55.9254 45.8911 58.4828 50.636 70.0928 12.8062 14.1421 22.0227 36.8782 18.0278 87.2567 13.9284 33.4215 101.139 66.4856 54.1202 41.3401 72.7482 77.9779 17.4642 80.1794 73.7336 79.196 12.0416 70.3503 98.0321 58.4123 25.4951 76.6551 68.355 71.1492 
18.4894 50.636 77.5453 36.2491 54.4534 53.3104 46.0109 51.9546 4.47214 55.227 23.4094 48.3322 66.8622 20.6155 48.8365 43.4626 63.3939 36.2215 68.4679 46.0977 18.9737 9.21954 61.0576 38.3275 28.8444 0.0 25.4951 23.7778 44.104 43.4166 51.2193 24.434 55.8344 50.458 26.2488 60.1643 23.7778 54.4518 44.6215 41.7852 17.0498 42.473 49.727 66.9917 17.088 17.2047 45.4863 8.94427 34.0147 58.4154 38.6005 5.38516 73.2462 37.6442 55.1182 39.5601 54.4984 49.1366 45.618 51.338 55.4984 51.225 25.318 52.3758 69.6286 32.311 30.3645 58.1378 47.0106 52.5815 
33.2789 75.06 92.6553 61.3514 33.6155 78.4347 64.5795 31.0644 29.8329 42.4264 48.7647 73.3894 50.0899 20.1246 67.7417 68.6222 77.666 50.2195 49.4975 40.3113 38.6005 33.8378 47.0956 13.0 30.3645 25.4951 0.0 9.87048 35.386 68.0074 71.3142 21.6333 40.05 64.6913 13.0 56.5393 9.87048 79.0253 35.9036 67.0522 23.9709 67.9117 69.8219 89.9452 28.3196 18.6011 32.6956 33.0151 45.793 63.2895 44.2719 30.1496 92.0029 41.7732 75.213 14.3178 44.9222 54.0106 46.2709 56.2228 45.8803 70.9226 36.6197 42.2019 81.8352 55.4676 48.0833 83.4865 72.111 43.8635 
23.4094 66.0076 83.0294 60.0218 34.8281 77.0879 54.9445 29.1548 28.2422 38.1182 47.1736 72.1043 47.5395 24.3755 58.1067 67.2404 68.0356 52.811 47.7598 47.547 39.2317 32.6919 43.4166 21.0238 35.3026 23.7778 9.87048 0.0 28.9235 59.0764 71.8379 12.0416 36.6742 55.0563 20.2503 50.0768 0.0 70.0286 29.4411 65.5562 14.1421 66.2085 70.3456 90.4689 30.457 21.8438 41.2411 30.457 48.8569 53.8155 48.8679 27.9009 82.3679 32.5576 75.7369 22.0907 39.2046 44.5366 52.1725 46.7547 40.1995 61.0529 39.4114 37.0135 72.3464 46.0977 49.5627 81.0917 69.5325 37.401 
28.6972 70.9085 64.5136 71.339 28.0179 87.5414 43.2897 17.0294 44.7199 13.4536 58.3242 83.4641 25.4558 51.7446 46.1736 78.5322 50.448 80.1801 27.8029 74.9161 60.6892 48.8121 19.2094 38.1838 62.6717 44.104 35.386 28.9235 0.0 65.9419 88.3441 21.3256 15.2643 40.05 47.5714 21.2603 28.9235 74.9566 2.82843 76.7793 28.6854 75.2666 85.3993 102.61 57.8261 49.2129 68.0804 39.6611 76.226 28.178 76.237 40.67 67.6018 28.2864 92.6685 38.2099 11.1803 22.3607 79.5416 29.1548 12.1655 50.2494 66.7805 10.2956 52.5547 52.3436 71.8856 84.713 72.6349 8.544 
38.6005 7.28011 52.6118 23.6083 86.4115 27.6586 27.8568 76.5032 39.8121 77.1011 35.863 26.0192 86.9506 61.9839 27.8927 23.1948 43.1856 59.6631 90.6206 84.0729 45.556 37.9473 80.244 80.1002 66.3703 43.4166 68.0074 59.0764 65.9419 0.0 41.9762 51.1957 77.8927 35.4683 69.4262 58.258 59.0764 11.0454 66.4594 21.3776 45.2769 17.1172 39.0512 47.8539 53.7515 59.203 86.7295 35.0571 62.9902 52.1536 73.3109 38.2099 42.3792 45.8087 45.5412 81.1542 69.5581 46.7547 82.3383 41.6173 70.0751 26.1725 57.439 71.3198 50.1597 14.3178 51.8099 18.0278 6.40312 63.7277 
61.2782 45.8803 94.541 20.025 102.514 20.5183 68.2505 96.5528 48.1849 99.5034 30.7163 18.0278 111.46 54.626 68.8041 18.9737 84.6034 30.0167 113.066 64.0 32.7567 43.9061 105.33 84.0595 51.1957 51.2193 71.3142 71.8379 88.3441 41.9762 0.0 69.0322 100.433 75.7162 64.8845 99.0951 71.8379 46.5188 88.8617 20.6155 61.648 25.0 3.0 18.9737 44.2832 54.1202 72.6911 49.0903 35.0143 94.1212 45.0444 50.0651 84.2021 81.6031 4.47214 85.44 98.7386 86.8634 54.3323 83.4544 99.7386 67.5941 39.2938 97.1079 91.6023 50.3172 25.7099 39.2046 38.2753 96.8216 
13.0 57.7062 71.0282 51.7525 36.3593 68.5019 42.9462 27.5862 25.0499 32.311 38.7376 63.5924 43.4166 36.2132 46.1084 58.6605 56.0357 59.0114 44.6542 59.3847 41.0192 29.1421 38.0789 30.8058 47.1403 24.434 21.6333 12.0416 21.3256 51.1957 69.0322 0.0 32.249 43.058 32.088 42.4789 12.0416 61.8142 21.8432 56.9075 7.81025 57.9769 66.0874 83.0236 42.2947 33.6815 53.0789 20.0 57.4264 41.7739 60.7056 21.0 70.3696 20.6155 73.3566 31.5753 31.72 32.4951 64.0102 34.7131 32.72 49.6611 51.2491 30.0832 60.3075 37.3363 52.2156 68.3081 56.3205 29.8031 
40.6199 82.8593 75.1332 83.1344 17.4929 99.4922 57.4891 9.84886 56.4503 4.47214 70.1196 95.3869 11.1803 58.4209 60.208 90.4549 62.1289 86.8644 12.7279 80.3057 72.4197 60.5426 7.07107 37.6962 69.3542 55.8344 40.05 36.6742 15.2643 77.8927 100.433 32.249 0.0 53.3385 53.0377 29.6142 36.6742 86.9074 18.0278 88.702 39.9625 87.2174 97.4878 114.406 64.5103 55.8971 71.5891 51.4004 82.9102 38.3275 82.9212 52.4004 80.0062 42.7706 104.757 37.1618 11.4018 35.2278 86.0523 42.2966 11.7047 64.3273 73.4647 8.06226 62.9682 64.2944 83.616 96.6638 84.5857 16.0 
43.9092 36.8917 28.3196 57.3286 68.0661 62.9365 7.61577 57.0789 49.1461 49.6488 52.8818 60.6383 60.1664 71.0529 8.48528 57.1221 13.4536 79.7137 63.7887 96.417 61.8466 50.6979 53.6004 73.0068 78.8615 50.458 64.6913 55.0563 40.05 35.4683 75.7162 43.058 53.3385 0.0 75.1385 26.8328 55.0563 40.0 38.2099 55.1719 45.8968 51.2048 72.7807 82.9699 66.3238 67.5833 96.1294 41.9848 79.3095 18.6011 86.5442 45.4857 27.8927 24.7643 79.3565 73.5391 42.9535 18.1108 94.7652 11.0454 43.1741 12.2066 72.6517 45.5412 19.2354 27.0 73.1653 51.3128 41.6293 37.4833 
43.0554 76.6877 103.112 58.4209 45.8803 75.1332 71.0697 44.0454 29.6142 55.3263 47.0 70.0357 63.0714 10.2956 73.8954 65.6201 88.1178 40.3113 62.3939 27.4591 32.573 32.0624 60.075 21.6333 18.3576 26.2488 13.0 20.2503 47.5714 69.4262 64.8845 32.088 53.0377 75.1385 0.0 68.7247 20.2503 80.4114 48.089 64.3817 41.6158 66.0681 63.6946 83.7735 20.6155 11.1803 21.4009 35.1141 35.3836 73.9552 32.2025 31.6228 98.4055 52.4433 68.4251 23.0217 57.4891 64.6764 33.3766 66.8778 58.4637 76.4382 27.0185 54.9181 92.4423 58.5235 39.9625 83.097 72.5603 56.0489 
44.4748 61.5224 45.5412 77.7529 46.4866 83.8709 33.0151 36.2491 60.7802 25.318 68.6912 81.0705 34.2345 80.4288 34.9857 77.5463 33.0606 94.7417 38.1182 96.0693 76.7496 64.8725 28.0179 59.4143 89.0057 60.1643 56.5393 50.0768 21.2603 58.258 99.0951 42.4789 29.6142 26.8328 68.7247 0.0 50.0768 65.1153 21.2603 75.5962 46.4624 71.6291 96.1502 103.494 77.1311 76.9029 89.2336 55.6479 93.1568 9.05539 98.4902 56.7304 51.2445 24.1105 103.419 59.4643 18.2483 11.6619 105.739 17.0294 18.1108 38.9487 84.9356 21.587 33.3766 45.793 88.392 75.6902 64.6607 14.3178 
23.4094 66.0076 83.0294 60.0218 34.8281 77.0879 54.9445 29.1548 28.2422 38.1182 47.1736 72.1043 47.5395 24.3755 58.1067 67.2404 68.0356 52.811 47.7598 47.547 39.2317 32.6919 43.4166 21.0238 35.3026 23.7778 9.87048 0.0 28.9235 59.0764 71.8379 12.0416 36.6742 55.0563 20.2503 50.0768 0.0 70.0286 29.4411 65.5562 14.1421 66.2085 70.3456 90.4689 30.457 21.8438 41.2411 30.457 48.8569 53.8155 48.8679 27.9009 82.3679 32.5576 75.7369 22.0907 39.2046 44.5366 52.1725 46.7547 40.1995 61.0529 39.4114 37.0135 72.3464 46.0977 49.5627 81.0917 69.5325 37.401 
49.0306 4.12311 51.0882 30.4138 96.6788 28.4429 32.6497 86.2162 50.8035 83.5454 36.6874 28.7924 95.1074 72.8011 31.6228 27.7849 44.5982 66.4205 98.2621 94.6259 54.8396 48.7647 88.4007 91.0494 77.0653 54.4518 79.0253 70.0286 74.9566 11.0454 46.5188 61.8142 86.9074 40.0 80.4114 65.1153 70.0286 0.0 75.4741 26.6271 56.1427 22.2036 43.8292 48.0416 64.4465 70.0928 97.4344 46.0977 70.0276 58.0517 80.3482 49.2544 39.1152 54.5894 49.3964 92.0869 77.7148 54.037 89.3757 48.1041 78.2319 28.6531 66.9458 79.4765 51.2445 24.5153 58.8472 11.7047 9.21954 71.8844 
29.2147 71.4261 63.3246 71.8566 30.0167 88.059 41.12 19.0263 45.2374 16.2788 58.8417 83.9817 28.2843 52.2621 44.0454 79.0498 49.0408 80.6977 30.6105 75.4336 61.2068 49.3297 22.0227 38.7786 63.1892 44.6215 35.9036 29.4411 2.82843 66.4594 88.8617 21.8432 18.0278 38.2099 48.089 21.2603 29.4411 75.4741 0.0 77.2968 29.203 75.7842 85.9168 103.128 58.3436 49.7305 68.5979 40.1786 76.7436 27.4591 76.7545 41.1876 65.9242 22.1509 93.1861 38.8362 13.6015 20.8806 80.0591 27.4591 14.5602 48.0963 67.2981 13.0384 51.4782 52.8612 72.4031 85.2306 73.1525 10.0499 
49.246 25.4951 73.9797 6.0 93.422 11.6619 47.7062 84.4937 37.3363 87.9385 18.3848 7.07107 99.5745 55.0364 48.2598 2.23607 64.0591 40.8167 101.421 71.8686 33.1361 33.2415 93.765 80.0062 55.9254 41.7852 67.0522 65.5562 76.7793 21.3776 20.6155 56.9075 88.702 55.1719 64.3817 75.5962 65.5562 26.6271 77.2968 0.0 49.725 4.47214 17.72 29.0689 45.0111 53.2353 77.6815 37.1215 44.2832 70.4651 54.626 38.1183 63.6003 61.923 24.1868 81.2712 87.1737 63.9397 64.4748 59.7087 88.1737 47.0106 44.2371 85.543 71.0581 29.773 33.1059 21.9545 17.8885 80.0982 
10.0 52.0865 73.8699 44.3682 43.8292 61.3194 41.7919 35.3553 17.6656 39.8121 31.3534 56.4099 51.1077 37.3143 44.6176 51.478 58.8761 51.6271 52.4309 63.0594 33.635 21.7579 45.618 35.0143 45.8911 17.0498 23.9709 14.1421 28.6854 45.2769 61.648 7.81025 39.9625 45.8968 41.6158 46.4624 14.1421 56.1427 29.203 49.725 0.0 51.0348 58.7031 75.6394 34.0165 33.7883 61.8191 12.6158 50.0422 44.7135 55.3756 13.6158 69.1277 23.9423 65.9724 36.0 39.0799 35.4347 62.6249 37.6361 40.0799 47.1743 41.821 37.4492 63.2006 32.0156 44.8314 61.8466 50.01 37.1629 
46.5797 21.0238 69.7209 8.94427 94.202 12.8062 43.7391 84.6321 38.0789 86.4259 19.2354 9.48683 98.0619 57.0351 44.2832 6.08276 60.0333 44.6542 99.9454 75.5311 35.6931 34.3657 92.2524 80.7917 58.4828 42.473 67.9117 66.2085 75.2666 17.1172 25.0 57.9769 87.2174 51.2048 66.0681 71.6291 66.2085 22.2036 75.7842 4.47214 51.0348 0.0 22.1359 31.9531 47.2652 55.0091 80.2309 37.7515 47.9836 66.498 58.3043 38.7483 59.203 57.9559 28.4429 82.0304 85.6611 59.9344 68.153 55.7416 82.4785 43.0116 47.7515 84.0304 67.0298 25.8058 36.8033 18.3848 13.4164 76.1311 
58.3333 43.0813 91.5915 17.0294 101.021 18.6011 65.315 93.608 45.7025 96.5586 27.7714 15.6205 108.179 53.4883 65.8686 16.1555 81.6679 30.2655 110.121 64.0703 31.305 42.4138 102.385 82.5674 50.636 49.727 69.8219 70.3456 85.3993 39.0512 3.0 66.0874 97.4878 72.7807 63.6946 96.1502 70.3456 43.8292 85.9168 17.72 58.7031 22.1359 0.0 20.1246 43.0813 52.8015 72.3395 46.1455 35.0571 91.1763 45.2769 47.1203 81.3204 78.6583 7.28011 83.9488 95.7937 83.9185 54.7449 80.5096 96.7937 64.6586 38.6394 94.1631 88.6668 47.3817 25.1794 36.8782 35.4683 93.8768 
75.1603 49.0408 99.0051 32.2025 119.336 20.2237 75.4321 110.544 62.5295 113.769 44.5982 22.4722 125.405 73.5391 75.71 26.8328 90.934 48.2597 127.053 82.2192 51.4296 57.9776 119.596 102.691 70.0928 66.9917 89.9452 90.4689 102.61 47.8539 18.9737 83.0236 114.406 82.9699 83.7735 103.494 90.4689 48.0416 103.128 29.0689 75.6394 31.9531 20.1246 0.0 63.1585 72.9178 91.4112 62.9725 53.4603 98.3626 63.1269 63.9473 87.1436 89.8204 16.1245 104.072 113.005 91.8372 72.0 87.6062 114.005 73.9797 58.2409 111.374 97.8673 57.6704 44.643 37.4833 42.2966 111.088 
35.4561 60.9973 93.4077 39.0128 61.0574 55.26 61.8466 56.4151 17.2047 66.2947 29.1204 50.207 75.1486 10.4403 64.5368 46.0109 79.2597 22.3607 75.0964 30.6105 12.1655 16.4012 71.3968 40.4599 12.8062 17.088 28.3196 30.457 57.8261 53.7515 44.2832 42.2947 64.5103 66.3238 20.6155 77.1311 30.457 64.4465 58.3436 45.0111 34.0165 47.2652 43.0813 63.1585 0.0 10.0 33.2415 24.4131 18.6815 75.3822 21.587 21.095 88.3912 54.611 47.8853 41.8688 68.2205 66.1034 28.6531 68.3048 69.2205 66.4831 9.21954 65.5046 85.4944 45.607 19.8494 65.1153 56.5165 66.3036 
35.2279 66.4831 94.6705 47.2652 51.8845 63.9531 63.1361 47.8017 19.6977 57.6815 36.0555 58.8558 66.5355 3.60555 65.9469 54.4518 80.5191 31.6228 66.4831 29.6816 21.5407 21.3776 62.7837 30.4795 14.1421 17.2047 18.6011 21.8438 49.2129 59.203 54.1202 33.6815 55.8971 67.5833 11.1803 76.9029 21.8438 70.0928 49.7305 53.2353 33.7883 55.0091 52.8015 72.9178 10.0 0.0 28.3019 26.0768 27.2947 75.1539 27.1662 22.4722 90.4268 54.3828 57.8014 31.8904 59.2894 65.8751 31.5753 68.0766 60.2748 68.4105 18.0278 56.8915 93.6411 49.1935 29.8329 72.2496 61.9839 57.6904 
63.2587 93.984 122.801 71.7137 61.0 87.0919 91.2663 61.9839 47.8853 74.4648 62.3618 82.1523 80.6226 25.0599 94.0921 78.4092 109.109 43.4166 79.2275 12.8062 44.5533 48.8467 78.6448 35.0143 22.0227 45.4863 32.6956 41.2411 68.0804 86.7295 72.6911 53.0789 71.5891 96.1294 21.4009 89.2336 41.2411 97.4344 68.5979 77.6815 61.8191 80.2309 72.3395 91.4112 33.2415 28.3019 0.0 54.3783 38.0789 94.9461 29.5466 50.774 118.6 73.4342 75.3127 36.0 77.4919 85.6672 24.0832 87.8687 78.4347 96.6075 34.0 74.6324 113.433 77.4145 47.1699 98.27 89.16 76.5578 
13.1529 42.19 69.072 31.7647 56.3128 48.7158 37.5366 47.5206 7.2111 50.8203 18.7498 43.8064 62.426 29.4109 40.3113 38.8744 54.9206 40.1995 64.0339 54.4518 22.0907 10.0499 56.6468 45.3982 36.8782 8.94427 33.0151 30.457 39.6611 35.0571 49.0903 20.0 51.4004 41.9848 35.1141 55.6479 30.457 46.0977 40.1786 37.1215 12.6158 37.7515 46.1455 62.9725 24.4131 26.0768 54.3783 0.0 39.0512 52.3564 45.1885 3.60555 64.5368 33.1278 53.4147 46.5296 50.0555 43.0891 53.0 42.0881 51.0555 42.5206 31.3847 48.4248 61.1553 23.4094 33.2031 50.636 39.1152 48.1386 
51.4782 67.9897 105.707 39.3826 79.177 51.6624 74.2446 74.8151 32.3883 84.6946 35.9163 47.1275 93.5486 25.807 76.5571 44.3847 92.1358 5.38516 93.4963 29.0172 17.4642 29.1204 89.7968 56.8507 18.0278 34.0147 45.793 48.8569 76.226 62.9902 35.0143 57.4264 82.9102 79.3095 35.3836 93.1568 48.8569 70.0276 76.7436 44.2832 50.0422 47.9836 35.0571 53.4603 18.6815 27.2947 38.0789 39.0512 0.0 89.8652 10.4403 36.4966 99.1369 70.6367 37.3363 58.258 86.6205 82.129 20.2485 79.4248 87.6205 77.8021 9.48683 83.9046 98.4886 55.7226 11.1803 66.1891 60.808 84.7035 
42.7259 54.6717 36.8782 72.6218 54.8179 78.721 25.4558 44.2719 57.4887 34.1321 63.7172 75.9394 43.2897 78.6799 27.0185 72.4152 24.0208 90.486 47.1699 101.252 72.6273 61.5809 37.054 66.0402 87.2567 58.4154 63.2895 53.8155 28.178 52.1536 94.1212 41.7739 38.3275 18.6011 73.9552 9.05539 53.8155 58.0517 27.4591 70.4651 44.7135 66.498 91.1763 98.3626 75.3822 75.1539 94.9461 52.3564 89.8652 0.0 96.7412 53.4388 42.19 22.3616 98.4455 66.0978 27.074 9.48683 103.991 10.7703 27.0185 30.8058 83.1867 30.2655 24.7386 40.8534 83.418 69.029 58.5235 22.561 
56.8152 78.3103 113.442 49.7033 77.8332 62.0967 81.8352 74.7329 38.0789 84.7056 44.2003 57.5674 93.5575 24.5153 84.3149 54.7814 99.4786 15.0333 93.3916 19.105 25.4951 35.8469 89.8077 53.7122 13.9284 38.6005 44.2719 48.8679 76.237 73.3109 45.0444 60.7056 82.9212 86.5442 32.2025 98.4902 48.8679 80.3482 76.7545 54.626 55.3756 58.3043 45.2769 63.1269 21.587 27.1662 29.5466 45.1885 10.4403 96.7412 0.0 42.1545 107.299 75.9701 47.0425 55.0727 86.3135 87.4624 9.84886 86.6474 87.2988 85.8021 13.8924 83.9155 105.715 63.8905 21.5407 76.5115 71.1287 84.7144 
15.0333 45.3982 72.5729 32.7567 57.3128 49.7126 41.0366 48.5206 4.12311 51.793 19.7231 44.8032 63.4282 25.807 43.8406 39.8712 58.4215 38.0132 65.0339 50.9313 20.025 8.24621 57.6236 42.7551 33.4215 5.38516 30.1496 27.9009 40.67 38.2099 50.0651 21.0 52.4004 45.4857 31.6228 56.7304 27.9009 49.2544 41.1876 38.1183 13.6158 38.7483 47.1203 63.9473 21.095 22.4722 50.774 3.60555 36.4966 53.4388 42.1545 0.0 68.1175 34.2103 54.3895 43.9318 51.0644 45.7026 49.7393 45.589 52.0644 46.0977 28.4605 49.4338 64.6563 26.9258 31.257 53.3385 42.0119 49.1475 
59.6661 38.6394 13.4164 65.9653 95.5249 67.4759 27.7849 84.5931 71.5052 76.0066 72.1452 67.2681 85.4751 93.8616 24.6982 65.2534 18.2483 99.4967 89.3588 118.87 81.8382 72.1388 79.2275 100.658 101.139 73.2462 92.0029 82.3679 67.6018 42.3792 84.2021 70.3696 80.0062 27.8927 98.4055 51.2445 82.3679 39.1152 65.9242 63.6003 69.1277 59.203 81.3204 87.1436 88.3912 90.4268 118.6 64.5368 99.1369 42.19 107.299 68.1175 0.0 52.6553 87.5557 101.242 69.029 45.2769 116.181 38.4708 69.0652 22.0227 93.6056 72.0 20.5913 43.4166 92.4287 50.01 46.0977 64.0078 
21.9547 50.6063 51.8758 64.0797 44.1046 70.2307 27.0185 33.1605 38.2601 39.6982 51.6651 67.3973 51.2602 57.9087 30.0 63.8731 36.9697 72.2216 54.4149 80.4807 54.2295 42.3524 44.5535 48.7647 66.4856 37.6442 41.7732 32.5576 28.2864 45.8087 81.6031 20.6155 42.7706 24.7643 52.4433 24.1105 32.5576 54.5894 22.1509 61.923 23.9423 57.9559 78.6583 89.8204 54.611 54.3828 73.4342 33.1278 70.6367 22.3616 75.9701 34.2103 52.6553 0.0 85.9275 49.1935 33.8677 13.0828 83.2194 15.3023 34.3847 34.0147 62.4155 35.6293 40.9109 32.2104 65.4259 63.8203 52.0497 28.0373 
65.6026 49.0408 98.1529 24.1868 106.412 22.2036 71.8908 100.877 52.0838 103.828 35.0407 20.6155 115.785 58.1378 72.4444 22.3607 88.2437 32.1403 117.39 66.1211 36.6197 47.805 109.654 87.9204 54.1202 55.1182 75.213 75.7369 92.6685 45.5412 4.47214 73.3566 104.757 79.3565 68.4251 103.419 75.7369 49.3964 93.1861 24.1868 65.9724 28.4429 7.28011 16.1245 47.8853 57.8014 75.3127 53.4147 37.3363 98.4455 47.0425 54.3895 87.5557 85.9275 0.0 89.3085 103.063 91.1877 56.0357 86.5364 104.063 71.2345 42.3792 101.432 95.2427 53.9576 28.7924 41.3401 41.4849 101.146 
44.4072 88.0511 100.829 75.6108 25.0 92.6984 74.0405 27.313 43.9659 40.7063 62.9365 87.6641 45.1221 32.5576 77.201 82.8734 85.9232 63.0317 43.4166 46.6905 52.6972 48.1041 44.0114 1.41421 41.3401 39.5601 14.3178 22.0907 38.2099 81.1542 85.44 31.5753 37.1618 73.5391 23.0217 59.4643 22.0907 92.0869 38.8362 81.2712 36.0 82.0304 83.9488 104.072 41.8688 31.8904 36.0 46.5296 58.258 66.0978 55.0727 43.9318 101.242 49.1935 89.3085 0.0 45.2217 62.0364 55.0273 64.2559 46.0435 80.7775 49.5177 41.8808 89.8645 68.0074 61.7171 97.1648 85.6056 46.0109 
39.0916 73.8283 63.7887 81.7335 28.6356 97.9359 47.7598 19.2094 55.1143 7.07107 68.7186 93.8586 17.4642 61.8211 50.2892 88.9267 51.0098 90.5746 20.8806 84.9294 71.0837 59.2066 10.7703 45.4863 72.7482 54.4984 44.9222 39.2046 11.1803 69.5581 98.7386 31.72 11.4018 42.9535 57.4891 18.2483 39.2046 77.7148 13.6015 87.1737 39.0799 85.6611 95.7937 113.005 68.2205 59.2894 77.4919 50.0555 86.6205 27.074 86.3135 51.0644 69.029 33.8677 103.063 45.2217 0.0 25.0 89.6181 32.0156 1.0 54.4059 77.175 3.60555 51.6236 56.216 82.28 87.4506 75.8889 5.83095 
33.447 50.3289 42.5441 66.0964 50.2494 72.2092 22.8473 39.3192 49.7525 31.5753 56.4595 69.414 42.3792 69.4011 25.2982 65.8899 28.1603 82.1829 45.8803 91.9731 64.1908 52.3137 35.7351 61.5619 77.9779 49.1366 54.0106 44.5366 22.3607 46.7547 86.8634 32.4951 35.2278 18.1108 64.6764 11.6619 44.5366 54.037 20.8806 63.9397 35.4347 59.9344 83.9185 91.8372 66.1034 65.8751 85.6672 43.0891 82.129 9.48683 87.4624 45.7026 45.2769 13.0828 91.1877 62.0364 25.0 0.0 94.7117 7.07107 25.2982 29.4109 73.9079 27.4591 30.8869 34.1321 76.1602 64.3506 53.1507 19.4165 
64.0645 87.3378 121.828 59.552 79.0759 71.8401 90.2109 77.3175 45.793 88.0057 53.4961 67.3573 96.3328 28.2843 92.8009 64.622 107.701 24.5153 95.7549 11.6619 34.7131 44.2041 93.0215 53.7587 17.4642 45.618 46.2709 52.1725 79.5416 82.3383 54.3323 64.0102 86.0523 94.7652 33.3766 105.739 52.1725 89.3757 80.0591 64.4748 62.6249 68.153 54.7449 72.0 28.6531 31.5753 24.0832 53.0 20.2485 103.991 9.84886 49.7393 116.181 83.2194 56.0357 55.0273 89.6181 94.7117 0.0 96.9131 90.6035 94.4934 22.6274 87.2201 113.936 72.8629 31.3847 86.3602 80.1561 88.0191 
35.6485 44.5533 36.7151 61.8654 57.1402 67.9779 16.1245 46.1736 49.2494 38.6394 53.0505 65.183 49.3356 71.6025 18.3848 61.6588 21.9317 79.8193 52.8867 94.1745 61.9606 50.8012 42.72 63.7814 80.1794 51.338 56.2228 46.7547 29.1548 41.6173 83.4544 34.7131 42.2966 11.0454 66.8778 17.0294 46.7547 48.1041 27.4591 59.7087 37.6361 55.7416 80.5096 87.6062 68.3048 68.0766 87.8687 42.0881 79.4248 10.7703 86.6474 45.589 38.4708 15.3023 86.5364 64.2559 32.0156 7.07107 96.9131 0.0 32.28 22.4722 72.755 34.5254 25.6125 30.0832 72.7513 58.7963 48.0104 26.4764 
40.0916 74.3454 63.6396 82.7335 29.0689 94.7533 48.1041 19.8494 56.1143 7.28011 69.7186 94.8586 17.088 62.8065 50.5964 89.9267 51.0 91.5746 20.6155 85.9069 72.0837 60.2066 10.4403 46.3249 73.7336 55.4984 45.8803 40.1995 12.1655 70.0751 99.7386 32.72 11.7047 43.1741 58.4637 18.1108 40.1995 78.2319 14.5602 88.1737 40.0799 82.4785 96.7937 114.005 69.2205 60.2748 78.4347 51.0555 87.6205 27.0185 87.2988 52.0644 69.0652 34.3847 104.063 46.0435 1.0 25.2982 90.6035 32.28 0.0 54.7083 78.175 4.24264 51.4782 56.7331 83.28 87.9677 76.406 6.40312 
37.7127 26.0 28.2312 49.2066 78.1113 53.7587 7.0 67.1226 49.5177 60.8769 50.8104 52.1536 71.7844 71.8401 4.12311 49.0 17.0294 78.1618 75.2861 96.8969 60.4649 50.3289 65.146 80.093 79.196 51.225 70.9226 61.0529 50.2494 26.1725 67.5941 49.6611 64.3273 12.2066 76.4382 38.9487 61.0529 28.6531 48.0963 47.0106 47.1743 43.0116 64.6586 73.9797 66.4831 68.4105 96.6075 42.5206 77.8021 30.8058 85.8021 46.0977 22.0227 34.0147 71.2345 80.7775 54.4059 29.4109 94.4934 22.4722 54.7083 0.0 72.0069 56.7539 24.0208 22.3607 71.0939 40.2492 31.7805 48.7647 
43.2606 64.9079 99.5691 39.2987 69.8355 53.1507 67.9559 65.3696 24.3516 75.2491 31.0644 48.2597 84.1031 16.9706 70.4557 44.7214 85.5862 13.6015 84.0508 27.8568 12.2066 21.9545 80.3513 48.1041 12.0416 25.318 36.6197 39.4114 66.7805 57.439 39.2938 51.2491 73.4647 72.6517 27.0185 84.9356 39.4114 66.9458 67.2981 44.2371 41.821 47.7515 38.6394 58.2409 9.21954 18.0278 34.0 31.3847 9.48683 83.1867 13.8924 28.4605 93.6056 62.4155 42.3792 49.5177 77.175 73.9079 22.6274 72.755 78.175 72.0069 0.0 74.4591 91.8223 50.2494 13.6015 65.9251 57.7262 75.258 
37.461 75.59 67.082 80.1028 25.0799 96.3052 50.0 15.6205 53.4836 4.12311 67.0879 92.2279 15.8114 59.4231 52.6308 87.296 54.0833 87.8587 18.7883 82.3772 68.961 57.5759 9.21954 42.19 70.3503 52.3758 42.2019 37.0135 10.2956 71.3198 97.1079 30.0832 8.06226 45.5412 54.9181 21.587 37.0135 79.4765 13.0384 85.543 37.4492 84.0304 94.1631 111.374 65.5046 56.8915 74.6324 48.4248 83.9046 30.2655 83.9155 49.4338 72.0 35.6293 101.432 41.8808 3.60555 27.4591 87.2201 34.5254 4.24264 56.7539 74.4591 0.0 54.9181 61.1074 80.1574 89.2123 77.6506 8.06226 
61.213 49.2443 12.1655 73.2148 79.555 77.6466 24.7386 68.9638 68.3166 58.6941 71.9002 76.1643 67.0075 90.2235 23.1948 73.0082 7.0 98.8709 71.0282 115.588 81.0247 69.8685 61.131 89.39 98.0321 69.6286 81.8352 72.3464 52.5547 50.1597 91.6023 60.3075 62.9682 19.2354 92.4423 33.3766 72.3464 51.2445 51.4782 71.0581 63.2006 67.0298 88.6668 97.8673 85.4944 93.6411 113.433 61.1553 98.4886 24.7386 105.715 64.6563 20.5913 40.9109 95.2427 89.8645 51.6236 30.8869 113.936 25.6125 51.4782 24.0208 91.8223 54.9181 0.0 44.911 92.1838 62.9365 55.5788 47.2969 
24.5153 20.3961 50.5668 31.9296 72.205 38.0806 20.2237 62.2967 29.5296 63.5029 28.7309 35.2473 75.1388 52.3546 21.8403 31.7231 38.0789 56.0824 77.0223 76.2168 38.4239 29.2062 66.9019 67.0298 58.4123 32.311 55.4676 46.0977 52.3436 14.3178 50.3172 37.3363 64.2944 27.0 58.5235 45.793 46.0977 24.5153 52.8612 29.773 32.0156 25.8058 47.3817 57.6704 45.607 49.1935 77.4145 23.4094 55.7226 40.8534 63.8905 26.9258 43.4166 32.2104 53.9576 68.0074 56.216 34.1321 72.8629 30.0832 56.7331 22.3607 50.2494 61.1074 44.911 0.0 49.0144 32.249 20.2485 50.3856 
46.1946 56.8094 99.0611 28.2023 80.2383 40.7922 67.7103 75.5209 27.4591 83.0086 29.2081 36.1386 94.2544 29.6816 69.9335 33.2415 85.6859 8.60233 94.2021 39.4588 11.4018 23.1803 88.8392 60.3075 25.4951 30.3645 48.0833 49.5627 71.8856 51.8099 25.7099 52.2156 83.616 73.1653 39.9625 88.392 49.5627 58.8472 72.4031 33.1059 44.8314 36.8033 25.1794 44.643 19.8494 29.8329 47.1699 33.2031 11.1803 83.418 21.5407 31.257 92.4287 65.4259 28.7924 61.7171 82.28 76.1602 31.3847 72.7513 83.28 71.0939 13.6015 80.1574 92.1838 49.0144 0.0 55.0091 49.4362 80.3631 
56.0803 14.4222 62.3939 27.313 104.0 19.2354 43.8292 94.0947 54.037 95.8723 36.2215 21.2603 104.843 74.5453 43.0465 22.2036 56.3028 62.7694 109.392 93.6052 53.8516 51.0429 98.1365 96.026 76.6551 58.1378 83.4865 81.0917 84.713 18.0278 39.2046 68.3081 96.6638 51.3128 83.097 75.6902 81.0917 11.7047 85.2306 21.9545 61.8466 18.3848 36.8782 37.4833 65.1153 72.2496 98.27 50.636 66.1891 69.029 76.5115 53.3385 50.01 63.8203 41.3401 97.1648 87.4506 64.3506 86.3602 58.7963 87.9677 40.2492 65.9251 89.2123 62.9365 32.249 55.0091 0.0 12.083 81.6202 
44.0114 7.61577 57.1402 21.2603 91.9239 22.0907 34.0147 82.0167 43.1045 83.7942 27.4678 21.2132 93.2815 64.5602 33.8378 19.3132 48.6621 57.2894 97.3137 85.4064 45.6201 40.6079 86.5748 84.4808 68.355 47.0106 72.111 69.5325 72.6349 6.40312 38.2753 56.3205 84.5857 41.6293 72.5603 64.6607 69.5325 9.21954 73.1525 17.8885 50.01 13.4164 35.4683 42.2966 56.5165 61.9839 89.16 39.1152 60.808 58.5235 71.1287 42.0119 46.0977 52.0497 41.4849 85.6056 75.8889 53.1507 80.1561 48.0104 76.406 31.7805 57.7262 77.6506 55.5788 20.2485 49.4362 12.083 0.0 70.0586 
