NAME  : Jabali_70_3_0.88_1_3
TYPE : SVRP
MODEL : FINITE_SUPPORT
NUMBER_OF_SCENARIOS : 200
DIMENSION : 70
EDGE_WEIGHT_TYPE : MATRIX
CAPACITY : 156
N_VEHICLES : 3
NODE_COORD_SECTION
1 4760 4554
2 2757 2839
3 8454 3831
4 6241 4356
5 8356 5949
6 3186 5554
7 2833 3031
8 3005 1476
9 3832 1418
10 6326 6712
11 1254 4240
12 3584 2306
13 7293 5791
14 6555 4561
15 5127 642
16 6774 1197
17 4504 5297
18 3438 7989
19 6263 5987
20 4681 5886
21 382 3468
22 4588 7411
23 4144 5696
24 6407 5262
25 6196 3612
26 7288 3864
27 5296 2134
28 27 1853
29 7665 3746
30 2105 4564
31 2837 5880
32 5509 7674
33 4086 2732
34 5122 7975
35 5857 6995
36 7159 5196
37 4728 2779
38 5770 3895
39 2844 1237
40 4970 5179
41 5940 3170
42 5932 3683
43 6511 4286
44 3723 175
45 456 2425
46 5210 4847
47 4465 8249
48 2529 7797
49 6334 5984
50 7079 1158
51 6073 6631
52 4330 18
53 8442 4033
54 4205 5446
55 6903 4082
56 9182 5217
57 4704 1966
58 1929 5611
59 7256 6510
60 5929 3391
61 7882 6147
62 6855 726
63 7192 1620
64 2184 1467
65 3983 6753
66 5464 5687
67 6814 3105
68 4871 7063
69 8817 4872
70 8157 6132
DEMAND_SECTION
1 0.0
2 7.0
3 5.0
4 9.0
5 7.0
6 10.0
7 7.0
8 5.0
9 2.0
10 5.0
11 5.0
12 9.0
13 6.0
14 9.0
15 4.0
16 8.0
17 8.0
18 1.0
19 6.0
20 5.0
21 2.0
22 10.0
23 6.0
24 10.0
25 5.0
26 3.0
27 7.0
28 1.0
29 5.0
30 2.0
31 3.0
32 10.0
33 1.0
34 2.0
35 9.0
36 2.0
37 9.0
38 3.0
39 1.0
40 8.0
41 6.0
42 9.0
43 10.0
44 4.0
45 8.0
46 4.0
47 4.0
48 5.0
49 9.0
50 9.0
51 9.0
52 7.0
53 4.0
54 7.0
55 4.0
56 4.0
57 4.0
58 5.0
59 10.0
60 5.0
61 8.0
62 1.0
63 7.0
64 5.0
65 2.0
66 10.0
67 10.0
68 9.0
69 10.0
70 6.0
DEVIATION_SECTION
1 0.0
2 2.33333
3 1.66667
4 3.0
5 2.33333
6 3.33333
7 2.33333
8 1.66667
9 0.666667
10 1.66667
11 1.66667
12 3.0
13 2.0
14 3.0
15 1.33333
16 2.66667
17 2.66667
18 0.333333
19 2.0
20 1.66667
21 0.666667
22 3.33333
23 2.0
24 3.33333
25 1.66667
26 1.0
27 2.33333
28 0.333333
29 1.66667
30 0.666667
31 1.0
32 3.33333
33 0.333333
34 0.666667
35 3.0
36 0.666667
37 3.0
38 1.0
39 0.333333
40 2.66667
41 2.0
42 3.0
43 3.33333
44 1.33333
45 2.66667
46 1.33333
47 1.33333
48 1.66667
49 3.0
50 3.0
51 3.0
52 2.33333
53 1.33333
54 2.33333
55 1.33333
56 1.33333
57 1.33333
58 1.66667
59 3.33333
60 1.66667
61 2.66667
62 0.333333
63 2.33333
64 1.66667
65 0.666667
66 3.33333
67 3.33333
68 3.0
69 3.33333
70 2.0
DISTANCE_MATRIX
0.0 36.0732 50.9608 21.3776 50.9313 24.0 34.747 47.1699 44.7131 33.3974 46.2353 34.0 36.8782 24.3516 55.8039 59.6006 13.298 52.2196 26.7148 19.1087 61.0748 45.0698 19.5397 23.3452 24.5153 36.3456 37.0185 78.0669 41.4367 36.7151 30.0167 41.4678 26.4924 45.7064 33.5599 32.8024 25.5563 18.6815 50.2494 8.48528 27.0 21.8403 24.5153 61.4198 66.6984 6.40312 54.6242 57.1671 26.7148 55.6985 31.2612 62.9245 51.4198 17.281 30.4138 59.9083 36.6271 40.6079 40.9169 24.6982 46.2277 61.3836 54.6531 54.1881 33.8349 16.2426 35.6931 34.7739 55.0727 48.9183 
36.0732 0.0 77.7019 51.5683 84.9297 40.8381 2.0 21.8157 23.5766 68.8085 27.4929 13.1529 71.2738 55.5356 42.72 64.0312 48.7091 71.0932 62.126 54.5198 34.7131 69.4799 53.2792 57.3938 48.0465 62.2559 34.3657 42.8622 66.3917 23.896 41.576 76.8789 18.0278 79.6343 68.971 66.0283 26.4008 50.8567 24.9125 43.8964 42.5441 48.0465 54.6313 39.0723 34.4097 41.1884 79.0202 66.8892 62.126 58.0086 66.8343 43.2972 77.1053 54.8377 59.202 92.2763 28.0 37.4929 76.0525 44.4607 80.7077 61.131 62.514 28.5748 58.245 51.6537 54.1202 69.5587 86.9347 83.1889 
50.9608 77.7019 0.0 29.7321 26.9258 74.4631 76.7149 80.8084 71.6101 46.6154 95.4326 68.593 28.6531 26.6833 64.846 44.0454 55.9017 86.4928 39.2938 57.0088 110.272 68.4471 61.5224 32.0624 31.4006 15.8114 49.6488 117.932 11.3137 87.0919 80.0786 63.3246 60.2679 69.2892 53.1413 23.7697 51.6848 36.3593 83.7377 49.6488 35.3553 34.4093 26.5707 82.7345 111.75 45.1221 77.7946 95.4254 39.2938 45.1774 47.7598 78.5493 2.23607 59.8415 21.0238 19.0263 57.2014 91.444 37.2022 34.7131 29.7321 50.01 38.0 89.8053 70.0643 46.0109 25.2389 62.9682 13.0384 28.6007 
21.3776 51.5683 29.7321 0.0 35.8469 45.1774 50.2421 60.7183 52.331 31.7648 66.1096 48.2589 24.1868 4.47214 51.4392 45.3431 27.0 62.9691 22.3607 30.3645 80.7859 45.796 33.0606 12.6491 9.48683 15.0333 31.5805 93.562 20.0998 57.3847 51.0882 45.2769 39.9303 50.2494 35.609 16.7631 31.3472 9.48683 63.7243 21.095 15.3178 10.0 3.16228 65.7377 85.1095 16.0 57.2014 69.6419 22.3607 42.4382 31.0644 63.4808 30.0832 31.0 9.05539 41.0122 38.0875 61.9839 32.0624 13.1529 32.9848 48.2597 39.598 69.4903 46.0572 21.095 17.8045 39.9651 35.4683 34.7851 
50.9313 84.9297 26.9258 35.8469 0.0 69.756 83.6036 94.6705 86.2832 29.4279 97.0 82.2112 14.2127 31.3847 84.3801 68.884 52.6308 71.3442 27.2947 49.5555 111.99 53.7587 56.3028 27.6586 43.4166 32.0156 65.5134 126.283 31.5753 87.5071 74.4564 45.0 73.8826 51.0098 36.3456 19.2354 65.2995 45.31 97.6766 46.7547 49.2443 45.2217 33.8378 99.6895 117.83 44.5982 60.0083 82.201 27.2947 68.7314 31.7805 97.1648 29.1548 55.8032 32.3883 15.5242 72.0398 87.0005 16.0312 47.5395 6.08276 74.1485 62.5859 102.577 59.4643 38.833 44.0 49.4773 16.4012 3.0 
24.0 40.8381 74.4631 45.1774 69.756 0.0 41.8813 54.5633 54.186 47.1548 33.3452 42.1842 55.7208 47.7817 69.3542 80.7814 19.2759 32.311 42.7039 20.6439 45.2769 28.7736 13.7295 44.4048 48.2597 60.208 52.4786 62.6418 65.2763 19.6977 6.08276 40.3113 38.2099 38.928 42.5253 54.2226 40.8167 42.2966 57.66 25.4558 50.0306 45.3982 48.2597 70.7908 53.4509 29.4022 38.0132 31.8277 42.7039 75.6439 44.8045 73.7461 75.0201 15.288 54.231 81.3205 50.448 17.4642 56.9111 47.8539 64.2629 80.4984 76.9608 55.4886 17.5387 31.0755 59.4138 28.8524 77.2974 67.282 
34.747 2.0 76.7149 50.2421 83.6036 41.8813 0.0 22.7073 24.4682 67.4823 26.5529 13.6015 69.5825 54.2094 43.4626 64.0 47.383 73.313 60.7998 53.1936 35.171 68.1537 51.953 56.0677 47.0595 61.2689 34.1321 43.5335 65.4047 22.9561 40.6361 75.5528 17.4642 78.3081 67.6448 64.7021 25.632 49.8697 25.804 42.5702 41.5933 47.0595 53.3052 39.9638 35.081 39.8623 77.694 65.9493 60.7998 58.0086 65.5081 44.1888 76.1183 53.5116 58.215 90.9502 28.0713 36.5529 74.7263 43.4737 79.0035 61.2944 62.2896 29.4664 56.9188 50.3276 53.2259 68.2325 85.6085 81.8627 
47.1699 21.8157 80.8084 60.7183 94.6705 54.5633 22.7073 0.0 11.4018 79.642 49.2234 13.6015 82.16 64.4282 31.0 57.5674 59.6126 85.995 72.9507 65.4233 43.7379 80.8357 64.635 68.28 51.4004 65.6049 32.0156 40.1622 69.527 45.1775 63.3066 87.7824 22.4722 90.9901 79.8745 76.467 30.0167 54.2107 3.16228 54.7999 45.607 51.4004 61.4004 20.6155 36.2215 52.0817 90.3902 88.6197 72.9507 51.5461 77.5758 26.8328 79.9812 66.1936 62.5559 96.6498 24.2074 59.2234 86.9851 47.8146 91.5939 53.1507 57.7754 10.4403 69.6008 62.5573 55.8659 80.9145 90.5026 94.0764 
44.7131 23.5766 71.6101 52.331 86.2832 54.186 24.4682 11.4018 0.0 77.1395 50.9843 12.2066 76.0132 56.0409 20.2237 46.1736 57.1102 85.6178 70.4482 62.9208 54.231 80.4585 64.2578 64.939 43.0132 56.9386 22.0227 51.5461 60.4649 47.3874 59.0902 84.9767 18.2483 89.2153 77.0687 68.0797 23.3452 45.8234 13.4164 52.2974 37.1214 43.0132 53.0132 16.7631 47.5184 49.5792 90.013 85.9962 70.4482 40.1622 74.9126 19.8494 70.6045 65.8163 54.1687 88.193 14.4222 60.9843 84.2841 39.4274 84.2841 41.7732 46.5188 21.8403 69.2236 59.8925 46.4004 80.5373 81.9878 85.6891 
33.3974 68.8085 46.6154 31.7648 29.4279 47.1548 67.4823 79.642 77.1395 0.0 79.9907 66.4264 18.4391 29.4109 82.8161 76.6094 30.9146 42.0476 9.43398 26.9327 94.8302 24.3311 33.6971 19.4165 41.1461 40.3609 62.9573 111.178 43.6005 66.6187 49.249 16.7631 58.9188 22.8035 7.0 23.3238 57.9828 38.8973 82.7377 26.6833 46.6946 40.8534 32.45 93.8462 100.454 28.0179 31.5753 52.7731 9.43398 74.0945 2.82843 94.8576 48.3322 33.463 36.1248 44.0114 69.0535 61.4552 13.6015 44.3847 23.3452 79.925 70.6045 86.9235 30.8869 17.2627 48.6004 20.2485 42.2966 26.4764 
46.2353 27.4929 95.4326 66.1096 97.0 33.3452 26.5529 49.2234 50.9843 79.9907 0.0 40.0832 82.8354 69.6825 70.0083 89.3095 59.5152 63.6004 72.9321 53.327 34.8395 62.1079 46.4127 69.5483 68.6004 79.8707 59.163 49.5601 84.8821 16.4031 34.0832 73.6456 42.1403 72.2623 79.7771 79.029 49.0512 59.5522 49.1152 54.7025 63.3667 68.6004 69.1726 66.4799 40.4631 52.638 71.0737 59.3964 72.9321 83.437 77.6404 70.7049 95.4967 47.9712 74.4117 106.021 53.9318 30.0 87.1341 65.0146 92.0366 87.1038 87.0065 42.1434 50.8731 62.4599 75.0 62.1868 100.973 94.8528 
34.0 13.1529 68.593 48.2589 82.2112 42.1842 13.6015 13.6015 12.2066 66.4264 40.0832 0.0 68.9444 51.9689 29.9666 51.1566 46.397 73.6159 59.7351 52.2077 47.2977 68.4567 52.256 55.0644 38.9411 53.1505 22.1359 49.3964 57.28 36.4863 47.0883 74.5668 8.94427 78.6111 66.6589 64.0077 17.0294 41.7514 16.7631 41.5843 33.2415 38.9411 48.9411 28.6356 43.5305 38.8661 78.0112 73.9943 59.7351 45.0999 64.1995 32.0156 67.9412 53.8145 50.0966 84.1905 15.1327 50.0832 73.7695 35.3553 78.3783 48.0416 50.01 21.2603 57.2218 49.1794 44.2041 68.5355 78.0433 80.8595 
36.8782 71.2738 28.6531 24.1868 14.2127 55.7208 69.5825 82.16 76.0132 18.4391 82.8354 68.9444 0.0 20.025 75.06 63.9766 38.4187 60.0333 13.6015 35.5002 97.949 42.0 42.19 13.8924 33.0 25.9422 55.2627 112.902 27.8029 73.4663 60.4011 35.171 61.4368 41.2311 25.318 8.24621 55.0294 33.541 85.2557 32.5576 39.0 34.1321 23.0 89.4198 103.299 30.6105 50.01 70.1783 13.6015 62.6259 20.0998 87.163 30.5287 41.6173 23.7697 26.4764 61.7697 72.9452 9.43398 37.0135 9.43398 68.352 57.6975 88.9214 46.3249 24.6982 36.6879 37.1214 24.0208 12.0416 
24.3516 55.5356 26.6833 4.47214 31.3847 47.7817 54.2094 64.4282 56.0409 29.4109 69.6825 51.9689 20.025 0.0 55.1453 47.2017 29.2746 62.9691 20.0 31.4006 84.522 45.618 35.0571 10.0 13.0384 13.3417 35.2904 97.5293 18.1108 60.8358 53.5027 43.9318 43.6403 49.2037 33.9411 12.3693 35.0571 13.9284 67.4342 23.0868 19.0278 14.1421 3.16228 69.4476 89.0768 18.4391 56.6039 70.7056 20.0 44.7772 29.0689 67.1908 27.2947 33.2415 7.61577 36.7967 41.7975 64.763 28.2843 17.0 28.6356 50.6063 41.2311 73.2002 47.1198 21.1896 19.2094 39.8121 31.4006 30.3645 
55.8039 42.72 64.846 51.4392 84.3801 69.3542 43.4626 31.0 20.2237 82.8161 70.0083 29.9666 75.06 55.1453 0.0 29.4109 68.201 100.198 73.522 74.0117 74.4312 94.9984 78.7977 64.0472 42.107 52.7731 20.8806 70.214 54.8179 66.4115 74.5185 95.367 31.1448 99.6055 85.9988 67.0075 30.5287 44.9317 32.1403 63.3882 36.1248 42.1214 52.0865 19.8494 67.1193 60.67 104.553 101.139 73.522 24.0832 81.8428 13.8924 63.3246 80.3563 52.0865 83.2406 19.2094 78.6 83.3924 38.5356 83.0241 23.7065 31.8277 41.1096 83.7635 69.7711 40.7922 88.6731 76.922 84.1487 
59.6006 64.0312 44.0454 45.3431 68.884 80.7814 64.0 57.5674 46.1736 76.6094 89.3095 51.1566 63.9766 47.2017 29.4109 0.0 67.3542 106.276 67.2012 73.0087 98.4345 90.5324 73.5958 57.2014 36.7967 38.0789 30.1496 97.719 37.3631 83.863 86.7295 90.6091 47.1699 95.462 80.9197 55.9017 41.0 41.4005 59.4643 62.445 33.0151 38.4187 44.2041 49.2037 93.3916 57.2014 102.037 111.495 67.2012 6.08276 76.2168 42.45 42.0119 71.3372 40.8167 63.0079 36.0555 93.8616 73.3485 35.0 69.5701 6.7082 6.32456 68.0074 87.891 65.7951 28.0179 84.7015 57.0789 69.6419 
13.298 48.7091 55.9017 27.0 52.6308 19.2759 47.383 59.6126 57.1102 30.9146 59.5152 46.397 38.4187 29.2746 68.201 67.3542 0.0 39.799 26.2488 9.21954 74.3547 32.6491 6.32456 25.9422 31.5276 42.0119 49.4156 90.7028 47.0425 49.872 24.2528 38.609 38.8895 42.8475 30.701 35.7771 37.9534 26.0554 62.7083 6.32456 34.7536 29.18 30.0167 73.8169 79.9783 11.0 42.2036 44.2832 26.2488 63.452 28.5643 75.3215 56.5685 4.0 36.0139 63.0635 49.0241 53.2029 40.6079 32.3792 47.4236 69.1372 62.3939 66.8241 21.4142 14.2127 42.5815 31.9151 58.6941 50.3289 
52.2196 71.0932 86.4928 62.9691 71.3442 32.311 73.313 85.995 85.6178 42.0476 63.6004 73.6159 60.0333 62.9691 100.198 106.276 39.799 0.0 47.3814 34.1168 69.8713 18.1108 33.9411 54.8179 70.3658 76.2168 87.7943 90.1998 80.6536 48.1664 29.6142 26.9258 69.1753 21.5407 35.0571 62.8013 70.8869 64.977 89.0918 43.9651 73.6752 68.1001 65.0937 102.223 81.0987 49.3456 13.6015 12.2066 47.3814 102.374 40.0 105.217 87.8635 36.7696 70.5801 86.0523 81.0965 37.2156 55.3263 71.3008 65.2763 108.059 101.316 85.7438 19.8494 41.9111 80.7213 23.5372 84.0536 68.3593 
26.7148 62.126 39.2938 22.3607 27.2947 42.7039 60.7998 72.9507 70.4482 9.43398 72.9321 59.7351 13.6015 20.0 73.522 67.2012 26.2488 47.3814 0.0 22.4819 87.7715 29.2746 29.2462 10.0 31.7805 31.4006 53.6632 104.12 34.9857 61.9819 47.3828 24.6982 52.2276 30.4138 14.4222 15.5242 51.2915 29.8329 76.0464 21.095 37.4005 31.6228 23.0217 87.155 93.3952 20.8806 38.6264 57.0088 0.0 64.6607 9.21954 85.5635 40.8044 29.0 26.8701 40.025 60.1703 59.9269 14.4222 35.1141 21.6333 70.4911 61.2209 79.4162 32.7567 12.0416 39.2046 24.0208 37.1214 24.6982 
19.1087 54.5198 57.0088 30.3645 49.5555 20.6439 53.1936 65.4233 62.9208 26.9327 53.327 52.2077 35.5002 31.4006 74.0117 73.0087 9.21954 34.1168 22.4819 0.0 65.7976 33.7641 8.06226 25.1794 36.7151 44.7214 55.2262 82.8091 49.4975 40.1078 25.0599 34.6271 44.7002 38.8656 26.7191 34.7131 43.7641 31.6228 68.519 10.6301 40.4081 34.6699 32.9848 79.6276 73.6463 15.8114 36.5214 39.3178 22.4819 69.1066 24.5824 81.1322 58.0086 9.21954 38.833 61.3618 54.8348 37.7359 36.6891 38.0132 44.0409 74.7917 67.9559 72.6348 15.732 11.1803 47.4236 27.9332 57.7235 47.06 
61.0748 34.7131 110.272 80.7859 111.99 45.2769 35.171 43.7379 54.231 94.8302 34.8395 47.2977 97.949 84.522 74.4312 98.4345 74.3547 69.8713 87.7715 65.7976 0.0 73.0068 58.8832 84.4043 81.751 94.7102 69.0507 21.587 99.7215 25.807 43.4626 84.602 52.6308 83.006 86.816 93.8685 60.7289 74.3917 43.4166 69.542 76.3434 81.751 83.8988 62.6259 13.8924 67.4775 80.0812 62.0081 87.7715 92.3619 92.4799 69.9214 110.336 60.4417 89.2512 120.86 62.4138 32.7567 101.252 78.1652 107.311 95.0474 97.1648 34.7851 61.8294 77.2993 88.0348 73.1432 115.812 109.987 
45.0698 69.4799 68.4471 45.796 53.7587 28.7736 68.1537 80.8357 80.4585 24.3311 62.1079 68.4567 42.0 45.618 94.9984 90.5324 32.6491 18.1108 29.2746 33.7641 73.0068 0.0 26.7912 37.0 53.7376 58.6941 74.6453 91.2366 62.9682 48.0892 29.5466 12.0416 63.9759 10.198 17.4642 44.7214 65.6875 49.7246 83.9325 33.5218 58.3826 52.3927 47.8853 97.0633 82.0249 35.6931 12.2066 28.4429 29.2746 87.0262 22.0907 100.018 69.857 29.6197 53.2259 68.1836 75.8971 41.3401 37.855 55.9735 47.676 92.75 85.0409 84.2513 11.4018 24.738 63.5482 5.83095 66.0076 50.8035 
19.5397 53.2792 61.5224 33.0606 56.3028 13.7295 51.953 64.635 64.2578 33.6971 46.4127 52.256 42.19 35.0571 78.7977 73.5958 6.32456 33.9411 29.2462 8.06226 58.8832 26.7912 0.0 30.6757 37.7693 48.0104 55.6572 75.8947 53.0 33.1934 18.6815 38.3289 47.7752 36.9456 33.4835 40.4969 49.4868 32.2971 67.7318 12.0 40.9952 35.4217 36.0139 80.8626 66.7319 17.1172 36.3457 38.0132 29.2462 69.6937 31.3468 83.8172 62.2896 2.82843 42.0119 67.624 59.6964 30.9577 43.4535 38.6209 50.8035 75.3788 68.6356 68.556 15.5563 17.4929 48.8232 26.8701 63.5689 53.8238 
23.3452 57.3938 32.0624 12.6491 27.6586 44.4048 56.0677 68.28 64.939 19.4165 69.5483 55.0644 13.8924 10.0 64.0472 57.2014 25.9422 54.8179 10.0 25.1794 84.4043 37.0 30.6757 0.0 22.1359 21.9545 44.1885 99.0161 26.0 59.9216 49.3356 34.2053 47.5569 39.6611 24.0832 9.84886 43.9552 21.0238 71.3757 19.7231 27.9258 22.3607 13.0384 78.3457 90.5636 16.9706 47.4131 63.3877 10.0 54.7083 19.105 76.0888 33.2415 29.5466 17.0294 37.1214 50.6956 61.6331 20.0998 25.7099 23.3238 60.5392 51.225 75.0414 38.0132 14.0357 29.2062 31.3209 32.8938 25.807 
24.5153 48.0465 31.4006 9.48683 43.4166 48.2597 47.0595 51.4004 43.0132 41.1461 68.6004 38.9411 33.0 13.0384 42.107 36.7967 31.5276 70.3658 31.7805 36.7151 81.751 53.7376 37.7693 22.1359 0.0 15.6205 22.2036 88.2763 20.2485 57.5001 54.3323 54.037 30.6125 58.7282 44.6542 25.0799 22.0294 6.0 54.4065 26.4008 6.0 3.16228 10.0 56.4198 82.0945 21.0238 65.242 75.3923 31.7805 33.4215 40.3113 54.1479 31.0644 35.5106 11.6619 46.0435 28.7697 64.0312 41.3038 4.12311 41.3038 39.2046 31.4006 60.1725 51.981 29.0 11.1803 47.9067 40.0 42.7551 
36.3456 62.2559 15.8114 15.0333 32.0156 60.208 61.2689 65.6049 56.9386 40.3609 79.8707 53.1505 25.9422 13.3417 52.7731 38.0789 42.0119 76.2168 31.4006 44.7214 94.7102 58.6941 48.0104 21.9545 15.6205 0.0 35.3412 102.486 5.09902 71.7844 66.1211 56.0357 44.8219 61.5873 45.8039 18.0278 36.2388 20.5913 68.6003 36.0139 20.0 18.6011 12.0 69.2892 96.3039 31.0161 69.3542 84.0339 31.4006 37.108 40.6079 65.9697 15.6525 46.0109 6.0 31.305 42.5441 76.9415 35.3553 19.105 31.7805 42.72 31.7805 74.3818 60.4481 34.4819 12.0416 52.9245 25.0599 32.249 
37.0185 34.3657 49.6488 31.5805 65.5134 52.4786 34.1321 32.0156 22.0227 62.9573 59.163 22.1359 55.2627 35.2904 20.8806 30.1496 49.4156 87.7943 53.6632 55.2262 69.0507 74.6453 55.6572 44.1885 22.2036 35.3412 0.0 71.1196 38.5876 53.7587 58.1808 75.5082 17.0294 79.7468 66.1401 47.3293 11.6619 25.0729 34.7131 44.6028 16.2788 22.2627 32.2627 34.2053 65.5515 40.8635 86.1496 83.6296 53.6632 24.3311 61.984 32.0156 48.6004 53.3986 33.2415 66.6408 7.81025 64.195 63.5336 18.6769 63.5059 28.4605 28.1603 41.8808 69.9524 49.9123 24.4131 68.8143 60.3738 64.9384 
78.0669 42.8622 117.932 93.562 126.283 62.6418 43.5335 40.1622 51.5461 111.178 49.5601 49.3964 112.902 97.5293 70.214 97.719 90.7028 90.1998 104.12 82.8091 21.587 91.2366 75.8947 99.0161 88.2763 102.486 71.1196 0.0 106.622 43.1741 62.1691 102.774 57.9996 101.391 110.965 108.022 66.3113 91.0866 38.3275 85.8901 82.5898 88.2763 96.625 54.0 9.21954 83.1821 99.4636 83.0963 104.12 91.7061 108.828 62.0081 117.335 77.4532 99.4318 134.27 63.5059 53.0377 118.322 84.6906 122.323 93.145 97.8621 29.7321 80.0017 93.6475 93.5947 91.3155 128.928 124.693 
41.4367 66.3917 11.3137 20.0998 31.5753 65.2763 65.4047 69.527 60.4649 43.6005 84.8821 57.28 27.8029 18.1108 54.8179 37.3631 47.0425 80.6536 34.9857 49.4975 99.7215 62.9682 53.0 26.0 20.2485 5.09902 38.5876 106.622 0.0 76.844 71.1788 59.6825 48.9577 65.3682 49.3964 20.5183 40.3609 25.4951 72.4707 41.0 24.0416 23.3238 17.0294 72.0902 100.44 36.0555 73.3485 88.7887 34.9857 37.2156 44.1022 68.3081 10.8167 51.0392 11.0454 28.4605 46.0435 82.0366 37.2022 23.4307 32.311 42.5793 31.0483 78.492 65.2029 39.0512 14.3178 57.2451 22.1359 32.28 
36.7151 23.896 87.0919 57.3847 87.5071 19.6977 22.9561 45.1775 47.3874 66.6187 16.4031 36.4863 73.4663 60.8358 66.4115 83.863 49.872 48.1664 61.9819 40.1078 25.807 48.0892 33.1934 59.9216 57.5001 71.7844 53.7587 43.1741 76.844 0.0 19.105 59.6269 36.9869 58.2409 66.405 69.4174 43.1045 51.6624 44.7584 45.0593 56.4358 54.3624 60.5392 62.8831 33.9559 43.0465 56.4358 43.3244 61.9819 78.0897 64.2684 67.108 87.3155 34.7519 66.1287 96.5751 49.4667 13.6015 76.375 57.9828 82.8286 82.0433 81.2219 37.7865 36.8543 52.8167 67.9703 48.168 91.7878 85.5045 
30.0167 41.576 80.0786 51.0882 74.4564 6.08276 40.6361 63.3066 59.0902 49.249 34.0832 47.0883 60.4011 53.5027 74.5185 86.7295 24.2528 29.6142 47.3828 25.0599 43.4626 29.5466 18.6815 49.3356 54.3323 66.1211 58.1808 62.1691 71.1788 19.105 0.0 41.1868 43.4166 39.5601 43.4008 59.1354 46.5296 48.3735 63.1984 30.4327 56.109 51.4782 54.1556 75.6949 52.9528 35.2966 37.3363 27.2029 47.3828 81.5414 46.5296 78.6502 80.7877 20.2649 60.1345 86.1626 55.8032 12.8062 61.59 53.9351 68.9418 86.3308 82.9139 56.2266 18.4142 35.8469 65.4905 29.7279 82.2192 71.9609 
41.4678 76.8789 63.3246 45.2769 45.0 40.3113 75.5528 87.7824 84.9767 16.7631 73.6456 74.5668 35.171 43.9318 95.367 90.6091 38.609 26.9258 24.6982 34.6271 84.602 12.0416 38.3289 34.2053 54.037 56.0357 75.5082 102.774 59.6825 59.6269 41.1868 0.0 67.0593 6.08276 10.2956 39.8121 65.8199 50.4777 90.8781 34.3848 59.0086 53.0094 46.6905 101.683 93.5626 36.5561 15.0333 38.6264 24.6982 87.4586 15.6525 103.188 65.0 41.1573 51.225 60.1332 76.8906 53.2541 29.0172 56.6127 39.0128 93.2363 84.8646 94.9939 22.8254 25.5539 62.9365 12.3693 58.8558 42.0 
26.4924 18.0278 60.2679 39.9303 73.8826 38.2099 17.4642 22.4722 18.2483 58.9188 42.1403 8.94427 61.4368 43.6403 31.1448 47.1699 38.8895 69.1753 52.2276 44.7002 52.6308 63.9759 47.7752 47.5569 30.6125 44.8219 17.0294 57.9996 48.9577 36.9869 43.4166 67.0593 0.0 71.2978 59.1513 55.6791 8.60233 33.4227 25.632 34.0767 25.0 30.6125 40.6125 34.9285 52.1315 31.3585 73.5304 70.0071 52.2276 41.3038 56.6919 36.6742 59.6657 49.3337 41.768 75.8619 12.53 47.927 66.2619 27.0267 70.8707 45.1221 45.0444 30.0 52.741 41.6718 36.3593 60.3653 69.7147 73.2885 
45.7064 79.6343 69.2892 50.2494 51.0098 38.928 78.3081 90.9901 89.2153 22.8035 72.2623 78.6111 41.2311 49.2037 99.6055 95.462 42.8475 21.5407 30.4138 38.8656 83.006 10.198 36.9456 39.6611 58.7282 61.5873 79.7468 101.391 65.3682 58.2409 39.5601 6.08276 71.2978 0.0 16.1555 45.6946 70.0585 54.8261 94.0869 38.6234 63.4841 57.4891 51.8556 105.922 92.1793 40.7947 9.0 33.541 30.4138 92.0978 21.5407 107.427 70.9366 39.7741 56.6127 66.1891 81.1292 51.0 35.0571 61.0737 45.0444 97.8366 89.8276 94.4057 21.587 29.8329 68.0147 13.3417 64.9384 48.0104 
33.5599 68.971 53.1413 35.609 36.3456 42.5253 67.6448 79.8745 77.0687 7.0 79.7771 66.6589 25.318 33.9411 85.9988 80.9197 30.701 35.0571 14.4222 26.7191 86.816 17.4642 33.4835 24.0832 44.6542 45.8039 66.1401 110.965 49.3964 66.405 43.4008 10.2956 59.1513 16.1555 0.0 29.5466 57.5683 41.5933 82.9702 26.4769 49.8774 43.909 36.7967 93.7755 100.24 28.6356 24.7386 45.8912 14.4222 78.0064 5.38516 94.9364 54.7814 33.2494 41.1096 51.0098 68.639 55.6069 20.3961 47.5079 30.2655 83.8153 75.0733 87.0859 25.0 17.4642 53.0754 13.8924 49.2544 33.3766 
32.8024 66.0283 23.7697 16.7631 19.2354 54.2226 64.7021 76.467 68.0797 23.3238 79.029 64.0077 8.24621 12.3693 67.0075 55.9017 35.7771 62.8013 15.5242 34.7131 93.8685 44.7214 40.4969 9.84886 25.0799 18.0278 47.3293 108.022 20.5183 69.4174 59.1354 39.8121 55.6791 45.6946 29.5466 0.0 47.096 26.2488 79.4731 29.5296 31.0644 26.4764 15.1327 81.4864 98.7 26.4008 54.0833 72.0625 15.5242 54.4243 24.1661 79.2275 25.2982 39.3954 15.5242 27.2947 53.8363 71.4509 17.4642 29.1548 16.2788 60.1664 49.6488 83.6759 47.0956 23.5372 28.4605 39.3192 23.0868 18.0278 
25.5563 26.4008 51.6848 31.3472 65.2995 40.8167 25.632 30.0167 23.3452 57.9828 49.0512 17.0294 55.0294 35.0571 30.5287 41.0 37.9534 70.8869 51.2915 43.7641 60.7289 65.6875 49.4868 43.9552 22.0294 36.2388 11.6619 66.3113 40.3609 43.1045 46.5296 65.8199 8.60233 70.0585 57.5683 47.096 0.0 24.8396 33.121 33.1407 16.4012 22.0294 32.0294 39.0128 60.4432 30.4224 75.242 72.0069 51.2915 35.4401 55.7559 39.0512 51.0882 51.0454 33.1849 67.2788 11.7047 52.8867 63.3003 18.4436 63.3003 39.9249 38.1182 38.2884 54.4526 40.7357 27.7849 59.126 61.1315 64.7054 
18.6815 50.8567 36.3593 9.48683 45.31 42.2966 49.8697 54.2107 45.8234 38.8973 59.5522 41.7514 33.541 13.9284 44.9317 41.4005 26.0554 64.977 29.8329 31.6228 74.3917 49.7246 32.2971 21.0238 6.0 20.5913 25.0729 91.0866 25.4951 51.6624 48.3735 50.4777 33.4227 54.8261 41.5933 26.2488 24.8396 0.0 57.2167 21.095 8.81025 3.16228 11.6619 59.2301 84.9048 15.8114 61.2289 69.9245 29.8329 37.5087 37.6962 56.9732 36.2353 30.0384 15.6205 49.679 31.58 58.0345 41.0122 6.40312 42.45 43.1939 36.3593 62.9827 46.5922 25.0 17.1172 43.8936 43.8634 44.2719 
50.2494 24.9125 83.7377 63.7243 97.6766 57.66 25.804 3.16228 13.4164 82.7377 49.1152 16.7631 85.2557 67.4342 32.1403 59.4643 62.7083 89.0918 76.0464 68.519 43.4166 83.9325 67.7318 71.3757 54.4065 68.6003 34.7131 38.3275 72.4707 44.7584 63.1984 90.8781 25.632 94.0869 82.9702 79.4731 33.121 57.2167 0.0 57.8956 48.6004 54.4065 64.4065 19.7231 35.0143 55.1774 93.487 88.5116 76.0464 53.4883 80.6715 26.5707 82.8794 69.2904 65.562 99.6559 26.9072 59.1152 90.0808 50.8207 94.6896 54.8179 59.9333 9.0 72.6976 65.653 58.7282 84.0113 93.5086 97.0825 
8.48528 43.8964 49.6488 21.095 46.7547 25.4558 42.5702 54.7999 52.2974 26.6833 54.7025 41.5843 32.5576 23.0868 63.3882 62.445 6.32456 43.9651 21.095 10.6301 69.542 33.5218 12.0 19.7231 26.4008 36.0139 44.6028 85.8901 41.0 45.0593 30.4327 34.3848 34.0767 38.6234 26.4769 29.5296 33.1407 21.095 57.8956 0.0 29.8444 24.1868 24.0208 69.0041 75.1656 5.38516 45.0262 49.0408 21.095 58.5429 24.3311 70.5088 50.3587 10.198 30.0167 56.8243 44.2114 48.3901 35.5106 27.4591 41.7253 64.228 57.4543 62.0114 25.5803 9.48683 37.3363 27.6909 52.3927 44.5533 
27.0 42.5441 35.3553 15.3178 49.2443 50.0306 41.5933 45.607 37.1214 46.6946 63.3667 33.2415 39.0 19.0278 36.1248 33.0151 34.7536 73.6752 37.4005 40.4081 76.3434 58.3826 40.9952 27.9258 6.0 20.0 16.2788 82.5898 24.0416 56.4358 56.109 59.0086 25.0 63.4841 49.8774 31.0644 16.4012 8.81025 48.6004 29.8444 0.0 6.0 16.0 50.448 76.6473 24.6008 69.8869 78.6227 37.4005 29.0 45.7214 48.1664 34.7131 38.7366 17.088 51.1077 22.8473 64.1332 47.2709 2.41421 47.2652 34.6554 28.178 54.4518 55.2904 33.6497 11.7047 52.5516 44.9444 48.6621 
21.8403 48.0465 34.4093 10.0 45.2217 45.3982 47.0595 51.4004 43.0132 40.8534 68.6004 38.9411 34.1321 14.1421 42.1214 38.4187 29.18 68.1001 31.6228 34.6699 81.751 52.3927 35.4217 22.3607 3.16228 18.6011 22.2627 88.2763 23.3238 54.3624 51.4782 53.0094 30.6125 57.4891 43.909 26.4764 22.0294 3.16228 54.4065 24.1868 6.0 0.0 11.4018 56.4198 82.0945 18.868 63.897 73.0491 31.6228 34.6554 39.8121 54.163 34.1321 33.163 14.2127 48.6004 28.7697 61.0082 42.0476 3.60555 42.7551 40.3609 33.2866 60.1725 49.7154 27.6586 14.0357 46.5617 42.638 44.3847 
24.5153 54.6313 26.5707 3.16228 33.8378 48.2597 53.3052 61.4004 53.0132 32.45 69.1726 48.9411 23.0 3.16228 52.0865 44.2041 30.0167 65.0937 23.0217 32.9848 83.8988 47.8853 36.0139 13.0384 10.0 12.0 32.2627 96.625 17.0294 60.5392 54.1556 46.6905 40.6125 51.8556 36.7967 15.1327 32.0294 11.6619 64.4065 24.0208 16.0 11.4018 0.0 66.4198 88.1725 19.0263 59.0762 72.2969 23.0217 41.6773 32.0156 64.1249 26.9258 34.0147 6.0 38.2099 38.7697 65.1153 31.4006 14.0357 31.4006 47.5079 38.2884 70.1725 48.7111 23.2594 16.2788 42.0595 32.5576 32.9848 
61.4198 39.0723 82.7345 65.7377 99.6895 70.7908 39.9638 20.6155 16.7631 93.8462 66.4799 28.6356 89.4198 69.4476 19.8494 49.2037 73.8169 102.223 87.155 79.6276 62.6259 97.0633 80.8626 78.3457 56.4198 69.2892 34.2053 54.0 72.0902 62.8831 75.6949 101.683 34.9285 105.922 93.7755 81.4864 39.0128 59.2301 19.7231 69.0041 50.448 56.4198 66.4198 0.0 52.7731 66.2859 106.618 102.601 87.155 43.9318 91.6193 8.06226 81.4125 82.4211 67.4463 100.464 28.1603 76.4799 97.6908 52.8341 97.6908 43.2666 51.6236 27.8568 85.8284 76.5992 57.7754 97.1421 94.1541 99.0958 
66.6984 34.4097 111.75 85.1095 117.83 53.4509 35.081 36.2215 47.5184 100.454 40.4631 43.5305 103.299 89.0768 67.1193 93.3916 79.9783 81.0987 93.3952 73.6463 13.8924 82.0249 66.7319 90.5636 82.0945 96.3039 65.5515 9.21954 100.44 33.9559 52.9528 93.5626 52.1315 92.1793 100.24 98.7 60.4432 84.9048 35.0143 75.1656 76.6473 82.0945 88.1725 52.7731 0.0 73.1011 90.2552 74.2428 93.3952 87.3212 98.1035 60.531 111.153 68.2904 93.25 125.818 58.1893 44.0 107.597 78.5087 112.5 89.2693 93.0054 26.0192 70.79 82.9229 87.7266 82.1037 120.476 115.316 
6.40312 41.1884 45.1221 16.0 44.5982 29.4022 39.8623 52.0817 49.5792 28.0179 52.638 38.8661 30.6105 18.4391 60.67 57.2014 11.0 49.3456 20.8806 15.8114 67.4775 35.6931 17.1172 16.9706 21.0238 31.0161 40.8635 83.1821 36.0555 43.0465 35.2966 36.5561 31.3585 40.7947 28.6356 26.4008 30.4224 15.8114 55.1774 5.38516 24.6008 18.868 19.0263 66.2859 73.1011 0.0 47.1975 54.4243 20.8806 53.2993 26.0192 67.7905 45.7056 15.0 25.02 53.535 41.4931 46.3835 34.9285 22.2036 40.0 58.9845 52.1536 58.8431 30.9608 11.1803 31.9531 29.8622 48.7647 42.638 
54.6242 79.0202 77.7946 57.2014 60.0083 38.0132 77.694 90.3902 90.013 31.5753 71.0737 78.0112 50.01 56.6039 104.553 102.037 42.2036 13.6015 38.6264 36.5214 80.0812 12.2066 36.3457 47.4131 65.242 69.3542 86.1496 99.4636 73.3485 56.4358 37.3363 15.0333 73.5304 9.0 24.7386 54.0833 75.242 61.2289 93.487 45.0262 69.8869 63.897 59.0762 106.618 90.2552 47.1975 0.0 25.807 38.6264 98.5306 30.0832 109.572 79.3788 39.1742 64.1405 75.1665 85.4516 47.4342 44.0454 67.4778 54.037 104.254 96.5452 93.2171 21.3776 36.2424 75.0 17.6918 73.8241 57.0088 
57.1671 66.8892 95.4254 69.6419 82.201 31.8277 65.9493 88.6197 85.9962 52.7731 59.3964 73.9943 70.1783 70.7056 101.139 111.495 44.2832 12.2066 57.0088 39.3178 62.0081 28.4429 38.0132 63.3877 75.3923 84.0339 83.6296 83.0963 88.7887 43.3244 27.2029 38.6264 70.0071 33.541 45.8912 72.0625 72.0069 69.9245 88.5116 49.0408 78.6227 73.0491 72.2969 102.601 74.2428 54.4243 25.807 0.0 57.0088 106.373 50.4876 105.556 96.6282 40.7063 78.1507 96.5194 82.134 30.5941 66.2873 76.2483 76.1183 111.303 106.263 81.5397 25.7099 49.9219 86.3771 33.0606 94.0851 79.2465 
26.7148 62.126 39.2938 22.3607 27.2947 42.7039 60.7998 72.9507 70.4482 9.43398 72.9321 59.7351 13.6015 20.0 73.522 67.2012 26.2488 47.3814 0.0 22.4819 87.7715 29.2746 29.2462 10.0 31.7805 31.4006 53.6632 104.12 34.9857 61.9819 47.3828 24.6982 52.2276 30.4138 14.4222 15.5242 51.2915 29.8329 76.0464 21.095 37.4005 31.6228 23.0217 87.155 93.3952 20.8806 38.6264 57.0088 0.0 64.6607 9.21954 85.5635 40.8044 29.0 26.8701 40.025 60.1703 59.9269 14.4222 35.1141 21.6333 70.4911 61.2209 79.4162 32.7567 12.0416 39.2046 24.0208 37.1214 24.6982 
55.6985 58.0086 45.1774 42.4382 68.7314 75.6439 58.0086 51.5461 40.1622 74.0945 83.437 45.0999 62.6259 44.7772 24.0832 6.08276 63.452 102.374 64.6607 69.1066 92.3619 87.0262 69.6937 54.7083 33.4215 37.108 24.3311 91.7061 37.2156 78.0897 81.5414 87.4586 41.3038 92.0978 78.0064 54.4243 35.4401 37.5087 53.4883 58.5429 29.0 34.6554 41.6773 43.9318 87.3212 53.2993 98.5306 106.373 64.6607 0.0 73.4983 37.5366 43.2897 67.4351 39.0 64.195 30.0167 88.3233 71.8679 31.1127 68.884 5.83095 8.06226 61.9839 83.9889 62.2896 26.0 81.1953 58.0775 69.2315 
31.2612 66.8343 47.7598 31.0644 31.7805 44.8045 65.5081 77.5758 74.9126 2.82843 77.6404 64.1995 20.0998 29.0689 81.8428 76.2168 28.5643 40.0 9.21954 24.5824 92.4799 22.0907 31.3468 19.105 40.3113 40.6079 61.984 108.828 44.1022 64.2684 46.5296 15.6525 56.6919 21.5407 5.38516 24.1661 55.7559 37.6962 80.6715 24.3311 45.7214 39.8121 32.0156 91.6193 98.1035 26.0192 30.0832 50.4876 9.21954 73.4983 0.0 93.124 49.3964 31.1127 36.0694 46.0977 66.8266 58.7358 16.1555 43.382 25.7099 79.3221 70.2922 84.9493 28.178 15.0333 48.2701 17.72 44.1022 28.8617 
62.9245 43.2972 78.5493 63.4808 97.1648 73.7461 44.1888 26.8328 19.8494 94.8576 70.7049 32.0156 87.163 67.1908 13.8924 42.45 75.3215 105.217 85.5635 81.1322 69.9214 100.018 83.8172 76.0888 54.1479 65.9697 32.0156 62.0081 68.3081 67.108 78.6502 103.188 36.6742 107.427 94.9364 79.2275 39.0512 56.9732 26.5707 70.5088 48.1664 54.163 64.1249 8.06226 60.531 67.7905 109.572 105.556 85.5635 37.5366 93.124 0.0 77.0779 85.3757 64.7765 96.7678 27.4591 80.7049 95.4339 50.5772 95.4254 36.2353 45.4533 35.171 88.783 78.1038 54.1202 96.4941 90.4434 96.7471 
51.4198 77.1053 2.23607 30.0832 29.1548 75.0201 76.1183 79.9812 70.6045 48.3322 95.4967 67.9412 30.5287 27.2947 63.3246 42.0119 56.5685 87.8635 40.8044 58.0086 110.336 69.857 62.2896 33.2415 31.0644 15.6525 48.6004 117.335 10.8167 87.3155 80.7877 65.0 59.6657 70.9366 54.7814 25.2982 51.0882 36.2353 82.8794 50.3587 34.7131 34.1321 26.9258 81.4125 111.153 45.7056 79.3788 96.6282 40.8044 43.2897 49.3964 77.0779 0.0 60.531 21.1896 21.0 56.2228 91.9837 39.2046 34.2053 31.8904 48.0416 36.0139 89.1067 71.1881 47.0956 24.2074 64.3273 15.1327 30.8058 
17.281 54.8377 59.8415 31.0 55.8032 15.288 53.5116 66.1936 65.8163 33.463 47.9712 53.8145 41.6173 33.2415 80.3563 71.3372 4.0 36.7696 29.0 9.21954 60.4417 29.6197 2.82843 29.5466 35.5106 46.0109 53.3986 77.4532 51.0392 34.7519 20.2649 41.1573 49.3337 39.7741 33.2494 39.3954 51.0454 30.0384 69.2904 10.198 38.7366 33.163 34.0147 82.4211 68.2904 15.0 39.1742 40.7063 29.0 67.4351 31.1127 85.3757 60.531 0.0 40.0125 66.6408 61.2549 32.5163 43.2194 36.3622 50.448 73.1202 66.3769 70.1146 18.3848 17.0294 46.5645 29.6985 62.3939 53.4135 
30.4138 59.202 21.0238 9.05539 32.3883 54.231 58.215 62.5559 54.1687 36.1248 74.4117 50.0966 23.7697 7.61577 52.0865 40.8167 36.0139 70.5801 26.8701 38.833 89.2512 53.2259 42.0119 17.0294 11.6619 6.0 33.2415 99.4318 11.0454 66.1287 60.1345 51.225 41.768 56.6127 41.1096 15.5242 33.1849 15.6205 65.562 30.0167 17.088 14.2127 6.0 67.4463 93.25 25.02 64.1405 78.1507 26.8701 39.0 36.0694 64.7765 21.1896 40.0125 0.0 34.4093 39.9249 71.0211 32.8938 15.6525 31.0161 44.7772 34.6699 71.328 54.5649 28.7924 13.0 47.4236 28.4253 32.0624 
59.9083 92.2763 19.0263 41.0122 15.5242 81.3205 90.9502 96.6498 88.193 44.0114 106.021 84.1905 26.4764 36.7967 83.2406 63.0079 63.0635 86.0523 40.025 61.3618 120.86 68.1836 67.624 37.1214 46.0435 31.305 66.6408 134.27 28.4605 96.5751 86.1626 60.1332 75.8619 66.1891 51.0098 27.2947 67.2788 49.679 99.6559 56.8243 51.1077 48.6004 38.2099 100.464 125.818 53.535 75.1665 96.5194 40.025 64.195 46.0977 96.7678 21.0 66.6408 34.4093 0.0 73.8241 98.5488 31.1448 49.93 21.2132 69.029 57.0088 105.422 72.7805 50.3289 42.72 63.5059 6.32456 18.4391 
36.6271 28.0 57.2014 38.0875 72.0398 50.448 28.0713 24.2074 14.4222 69.0535 53.9318 15.1327 61.7697 41.7975 19.2094 36.0555 49.0241 81.0965 60.1703 54.8348 62.4138 75.8971 59.6964 50.6956 28.7697 42.5441 7.81025 63.5059 46.0435 49.4667 55.8032 76.8906 12.53 81.1292 68.639 53.8363 11.7047 31.58 26.9072 44.2114 22.8473 28.7697 38.7697 28.1603 58.1893 41.4931 85.4516 82.134 60.1703 30.0167 66.8266 27.4591 56.2228 61.2549 39.9249 73.8241 0.0 60.4192 70.0407 25.1839 70.0407 33.2415 34.9285 34.1321 64.6622 51.8064 32.0156 70.1967 67.6018 71.4457 
40.6079 37.4929 91.444 61.9839 87.0005 17.4642 36.5529 59.2234 60.9843 61.4552 30.0 50.0832 72.9452 64.763 78.6 93.8616 53.2029 37.2156 59.9269 37.7359 32.7567 41.3401 30.9577 61.6331 64.0312 76.9415 64.195 53.0377 82.0366 13.6015 12.8062 53.2541 47.927 51.0 55.6069 71.4509 52.8867 58.0345 59.1152 48.3901 64.1332 61.0082 65.1153 76.4799 44.0 46.3835 47.4342 30.5941 59.9269 88.3233 58.7358 80.7049 91.9837 32.5163 71.0211 98.5488 60.4192 0.0 74.1341 63.0317 81.4859 92.6553 90.6091 50.8855 30.6204 48.3037 75.0 41.9341 94.5257 84.5049 
40.9169 76.0525 37.2022 32.0624 16.0312 56.9111 74.7263 86.9851 84.2841 13.6015 87.1341 73.7695 9.43398 28.2843 83.3924 73.3485 40.6079 55.3263 14.4222 36.6891 101.252 37.855 43.4535 20.0998 41.3038 35.3553 63.5336 118.322 37.2022 76.375 61.59 29.0172 66.2619 35.0571 20.3961 17.4642 63.3003 41.0122 90.0808 35.5106 47.2709 42.0476 31.4006 97.6908 107.597 34.9285 44.0454 66.2873 14.4222 71.8679 16.1555 95.4339 39.2046 43.2194 32.8938 31.1448 70.0407 74.1341 0.0 45.1774 10.0 77.6209 67.082 93.7465 44.2832 26.4008 45.8803 33.8378 30.3645 13.0384 
24.6982 44.4607 34.7131 13.1529 47.5395 47.8539 43.4737 47.8146 39.4274 44.3847 65.0146 35.3553 37.0135 17.0 38.5356 35.0 32.3792 71.3008 35.1141 38.0132 78.1652 55.9735 38.6209 25.7099 4.12311 19.105 18.6769 84.6906 23.4307 57.9828 53.9351 56.6127 27.0267 61.0737 47.5079 29.1548 18.4436 6.40312 50.8207 27.4591 2.41421 3.60555 14.0357 52.8341 78.5087 22.2036 67.4778 76.2483 35.1141 31.1127 43.382 50.5772 34.2053 36.3622 15.6525 49.93 25.1839 63.0317 45.1774 0.0 45.3982 36.7978 30.0167 56.5867 52.916 31.241 12.1655 50.1425 43.8292 46.8722 
46.2277 80.7077 29.7321 32.9848 6.08276 64.2629 79.0035 91.5939 84.2841 23.3452 92.0366 78.3783 9.43398 28.6356 83.0241 69.5701 47.4236 65.2763 21.6333 44.0409 107.311 47.676 50.8035 23.3238 41.3038 31.7805 63.5059 122.323 32.311 82.8286 68.9418 39.0128 70.8707 45.0444 30.2655 16.2788 63.3003 42.45 94.6896 41.7253 47.2652 42.7551 31.4006 97.6908 112.5 40.0 54.037 76.1183 21.6333 68.884 25.7099 95.4254 31.8904 50.448 31.0161 21.2132 70.0407 81.4859 10.0 45.3982 0.0 74.4648 63.2456 98.3553 53.4883 33.4215 43.4166 43.4166 21.0238 3.16228 
61.3836 61.131 50.01 48.2597 74.1485 80.4984 61.2944 53.1507 41.7732 79.925 87.1038 48.0416 68.352 50.6063 23.7065 6.7082 69.1372 108.059 70.4911 74.7917 95.0474 92.75 75.3788 60.5392 39.2046 42.72 28.4605 93.145 42.5793 82.0433 86.3308 93.2363 45.1221 97.8366 83.8153 60.1664 39.9249 43.1939 54.8179 64.228 34.6554 40.3609 47.5079 43.2666 89.2693 58.9845 104.254 111.303 70.4911 5.83095 79.3221 36.2353 48.0416 73.1202 44.7772 69.029 33.2415 92.6553 77.6209 36.7978 74.4648 0.0 12.0416 63.561 89.674 68.0147 31.7805 86.9191 63.0 74.7329 
54.6531 62.514 38.0 39.598 62.5859 76.9608 62.2896 57.7754 46.5188 70.6045 87.0065 50.01 57.6975 41.2311 31.8277 6.32456 62.3939 101.316 61.2209 67.9559 97.1648 85.0409 68.6356 51.225 31.4006 31.7805 28.1603 97.8621 31.0483 81.2219 82.9139 84.8646 45.0444 89.8276 75.0733 49.6488 38.1182 36.3593 59.9333 57.4543 28.178 33.2866 38.2884 51.6236 93.0054 52.1536 96.5452 106.263 61.2209 8.06226 70.2922 45.4533 36.0139 66.3769 34.6699 57.0088 34.9285 90.6091 67.082 30.0167 63.2456 12.0416 0.0 68.1542 82.9308 60.3075 22.0227 79.21 51.0098 63.3246 
54.1881 28.5748 89.8053 69.4903 102.577 55.4886 29.4664 10.4403 21.8403 86.9235 42.1434 21.2603 88.9214 73.2002 41.1096 68.0074 66.8241 85.7438 79.4162 72.6348 34.7851 84.2513 68.556 75.0414 60.1725 74.3818 41.8808 29.7321 78.492 37.7865 56.2266 94.9939 30.0 94.4057 87.0859 83.6759 38.2884 62.9827 9.0 62.0114 54.4518 60.1725 70.1725 27.8568 26.0192 58.8431 93.2171 81.5397 79.4162 61.9839 84.9493 35.171 89.1067 70.1146 71.328 105.422 34.1321 50.8855 93.7465 56.5867 98.3553 63.561 68.1542 0.0 73.0164 69.7687 65.192 84.3301 99.2746 100.836 
33.8349 58.245 70.0643 46.0572 59.4643 17.5387 56.9188 69.6008 69.2236 30.8869 50.8731 57.2218 46.3249 47.1198 83.7635 87.891 21.4142 19.8494 32.7567 15.732 61.8294 11.4018 15.5563 38.0132 51.981 60.4481 69.9524 80.0017 65.2029 36.8543 18.4142 22.8254 52.741 21.587 25.0 47.0956 54.4526 46.5922 72.6976 25.5803 55.2904 49.7154 48.7111 85.8284 70.79 30.9608 21.3776 25.7099 32.7567 83.9889 28.178 88.783 71.1881 18.3848 54.5649 72.7805 64.6622 30.6204 44.2832 52.916 53.4883 89.674 82.9308 73.0164 0.0 24.4359 62.8797 11.3137 69.7209 56.648 
16.2426 51.6537 46.0109 21.095 38.833 31.0755 50.3276 62.5573 59.8925 17.2627 62.4599 49.1794 24.6982 21.1896 69.7711 65.7951 14.2127 41.9111 12.0416 11.1803 77.2993 24.738 17.4929 14.0357 29.0 34.4819 49.9123 93.6475 39.0512 52.8167 35.8469 25.5539 41.6718 29.8329 17.4642 23.5372 40.7357 25.0 65.653 9.48683 33.6497 27.6586 23.2594 76.5992 82.9229 11.1803 36.2424 49.9219 12.0416 62.2896 15.0333 78.1038 47.0956 17.0294 28.7924 50.3289 51.8064 48.3037 26.4008 31.241 33.4215 68.0147 60.3075 69.7687 24.4359 0.0 38.833 18.9071 46.5725 36.4005 
35.6931 54.1202 25.2389 17.8045 44.0 59.4138 53.2259 55.8659 46.4004 48.6004 75.0 44.2041 36.6879 19.2094 40.7922 28.0179 42.5815 80.7213 39.2046 47.4236 88.0348 63.5482 48.8232 29.2062 11.1803 12.0416 24.4131 93.5947 14.3178 67.9703 65.4905 62.9365 36.3593 68.0147 53.0754 28.4605 27.7849 17.1172 58.7282 37.3363 11.7047 14.0357 16.2788 57.7754 87.7266 31.9531 75.0 86.3771 39.2046 26.0 48.2701 54.1202 24.2074 46.5645 13.0 42.72 32.0156 75.0 45.8803 12.1655 43.4166 31.7805 22.0227 65.192 62.8797 38.833 0.0 57.7172 36.4005 44.1022 
34.7739 69.5587 62.9682 39.9651 49.4773 28.8524 68.2325 80.9145 80.5373 20.2485 62.1868 68.5355 37.1214 39.8121 88.6731 84.7015 31.9151 23.5372 24.0208 27.9332 73.1432 5.83095 26.8701 31.3209 47.9067 52.9245 68.8143 91.3155 57.2451 48.168 29.7279 12.3693 60.3653 13.3417 13.8924 39.3192 59.126 43.8936 84.0113 27.6909 52.5516 46.5617 42.0595 97.1421 82.1037 29.8622 17.6918 33.0606 24.0208 81.1953 17.72 96.4941 64.3273 29.6985 47.4236 63.5059 70.1967 41.9341 33.8378 50.1425 43.4166 86.9191 79.21 84.3301 11.3137 18.9071 57.7172 0.0 61.0328 46.5725 
55.0727 86.9347 13.0384 35.4683 16.4012 77.2974 85.6085 90.5026 81.9878 42.2966 100.973 78.0433 24.0208 31.4006 76.922 57.0789 58.6941 84.0536 37.1214 57.7235 115.812 66.0076 63.5689 32.8938 40.0 25.0599 60.3738 128.928 22.1359 91.7878 82.2192 58.8558 69.7147 64.9384 49.2544 23.0868 61.1315 43.8634 93.5086 52.3927 44.9444 42.638 32.5576 94.1541 120.476 48.7647 73.8241 94.0851 37.1214 58.0775 44.1022 90.4434 15.1327 62.3939 28.4253 6.32456 67.6018 94.5257 30.3645 43.8292 21.0238 63.0 51.0098 99.2746 69.7209 46.5725 36.4005 61.0328 0.0 18.868 
