NAME  : Jabali_70_3_0.85_1_3
TYPE : SVRP
MODEL : FINITE_SUPPORT
NUMBER_OF_SCENARIOS : 200
DIMENSION : 70
EDGE_WEIGHT_TYPE : MATRIX
CAPACITY : 150
N_VEHICLES : 3
NODE_COORD_SECTION
1 4438 3480
2 1830 842
3 7095 3856
4 692 2200
5 3672 5782
6 3099 2454
7 2346 1259
8 2127 6340
9 4573 5030
10 2154 2914
11 4600 70
12 4812 2065
13 7459 4223
14 3490 1262
15 6482 3311
16 2146 7550
17 2001 3257
18 582 1396
19 391 922
20 3911 6592
21 1500 7227
22 3015 7236
23 4417 383
24 3294 6958
25 3550 3057
26 1417 4665
27 6491 2961
28 3373 795
29 5684 4004
30 5898 3140
31 5882 4105
32 4445 5973
33 4678 6859
34 1043 6594
35 6434 1948
36 5460 18
37 6212 5593
38 4996 5960
39 1424 944
40 3274 6484
41 3069 4013
42 3859 6208
43 6256 6328
44 2616 967
45 2473 7174
46 2433 6126
47 5960 875
48 7332 2999
49 6030 7170
50 7468 2773
51 6842 4400
52 1945 3886
53 2855 830
54 5771 6210
55 3797 5673
56 2833 4164
57 4276 225
58 7298 5722
59 149 2391
60 4474 6626
61 3900 2477
62 535 3565
63 6952 5682
64 4200 6941
65 5818 140
66 3065 4300
67 27 1424
68 1989 5870
69 1341 752
70 3833 4888
DEMAND_SECTION
1 0.0
2 7.0
3 6.0
4 5.0
5 7.0
6 1.0
7 1.0
8 2.0
9 3.0
10 5.0
11 7.0
12 10.0
13 5.0
14 9.0
15 1.0
16 9.0
17 9.0
18 7.0
19 1.0
20 7.0
21 10.0
22 4.0
23 2.0
24 8.0
25 7.0
26 8.0
27 10.0
28 5.0
29 6.0
30 7.0
31 5.0
32 9.0
33 8.0
34 10.0
35 8.0
36 4.0
37 3.0
38 4.0
39 5.0
40 9.0
41 3.0
42 9.0
43 5.0
44 2.0
45 4.0
46 4.0
47 10.0
48 2.0
49 5.0
50 6.0
51 9.0
52 2.0
53 7.0
54 5.0
55 6.0
56 1.0
57 2.0
58 10.0
59 10.0
60 5.0
61 2.0
62 4.0
63 9.0
64 5.0
65 9.0
66 3.0
67 1.0
68 3.0
69 4.0
70 4.0
DEVIATION_SECTION
1 0.0
2 2.33333
3 2.0
4 1.66667
5 2.33333
6 0.333333
7 0.333333
8 0.666667
9 1.0
10 1.66667
11 2.33333
12 3.33333
13 1.66667
14 3.0
15 0.333333
16 3.0
17 3.0
18 2.33333
19 0.333333
20 2.33333
21 3.33333
22 1.33333
23 0.666667
24 2.66667
25 2.33333
26 2.66667
27 3.33333
28 1.66667
29 2.0
30 2.33333
31 1.66667
32 3.0
33 2.66667
34 3.33333
35 2.66667
36 1.33333
37 1.0
38 1.33333
39 1.66667
40 3.0
41 1.0
42 3.0
43 1.66667
44 0.666667
45 1.33333
46 1.33333
47 3.33333
48 0.666667
49 1.66667
50 2.0
51 3.0
52 0.666667
53 2.33333
54 1.66667
55 2.0
56 0.333333
57 0.666667
58 3.33333
59 3.33333
60 1.66667
61 0.666667
62 1.33333
63 3.0
64 1.66667
65 3.0
66 1.0
67 0.333333
68 1.0
69 1.33333
70 1.33333
DISTANCE_MATRIX
0.0 49.4065 35.4401 50.775 31.0161 22.0227 41.3401 53.1982 20.025 31.7337 47.0744 21.0238 40.8534 33.7343 28.0179 62.0954 34.4108 57.2014 62.482 41.2311 67.9494 52.4889 45.3982 47.9673 12.8062 43.649 29.1548 39.8121 18.868 21.095 21.095 33.0606 45.0111 64.4099 35.3553 50.0899 39.4917 34.3657 54.037 42.1953 20.7506 36.4005 46.669 42.0476 55.7739 49.3607 42.638 40.0125 55.0399 42.107 33.5823 37.9446 41.7852 42.8843 29.7321 23.544 43.566 51.5573 57.1224 42.107 15.5242 56.6781 49.1229 45.5412 50.2494 21.9976 62.9682 49.0039 53.1507 30.4722 
49.4065 0.0 80.4301 23.3452 71.3105 27.4591 8.60233 74.108 67.2423 30.1496 39.4588 43.4166 86.6833 23.0868 70.214 90.1998 34.5254 18.0278 19.0 82.2431 86.1904 87.2067 35.3553 84.5931 37.2156 50.9951 68.7968 21.0238 67.2681 62.8013 69.3542 77.93 89.493 78.3558 64.2573 51.2445 88.7953 81.7614 5.38516 78.7718 45.3649 77.3738 95.9726 11.1803 86.0058 72.0 56.4358 79.2591 102.959 80.0625 80.6226 41.0488 14.0357 91.0196 70.6045 47.0256 36.1248 98.6097 29.8329 86.0233 35.3553 37.5766 95.906 87.8027 55.0818 48.5129 24.7386 68.1836 6.0 72.5136 
35.4401 80.4301 0.0 85.6244 55.6059 55.0727 71.8401 75.8768 41.4984 66.583 60.9262 38.2884 6.40312 59.4138 10.8167 87.2888 69.8326 91.3017 96.0417 59.7972 90.137 77.1805 61.7171 69.6307 47.5395 80.3133 13.9284 64.5368 18.6143 17.6918 17.7477 49.7814 50.775 90.4188 27.1662 56.2939 24.6982 41.2096 85.6037 67.0052 56.4319 59.9372 33.6155 70.7672 80.9393 71.4054 43.566 12.53 45.31 15.2643 7.81025 73.3665 69.2965 34.6791 54.1991 60.2083 59.4811 24.0208 91.9718 51.1567 45.4863 92.1 23.1948 56.0435 53.6004 58.6619 97.4936 74.6246 85.2115 55.6988 
50.775 23.3452 85.6244 0.0 64.436 31.5753 25.9422 58.2495 69.4107 23.4983 59.6154 54.1479 91.339 39.2938 76.844 73.6817 28.4621 11.0454 17.2627 72.7438 68.0294 73.3757 55.5428 71.8866 38.1146 33.7343 76.6551 40.3113 69.7974 69.2604 71.8681 73.0303 83.241 59.0762 76.2365 70.5195 92.8357 78.7401 21.9545 66.8536 49.7619 68.7834 95.5877 30.8869 70.6116 57.28 72.6911 87.8009 99.8657 89.2693 84.1529 32.311 34.0 89.5615 64.0057 47.023 55.7136 106.554 7.28011 79.6543 41.7732 17.0 102.467 78.5584 73.7631 48.3818 13.6015 52.1728 19.7231 68.3553 
31.0161 71.3105 55.6059 64.436 0.0 46.0977 64.9384 22.561 15.0 42.3506 77.9198 52.0 60.777 62.1289 50.2657 31.8904 52.4469 72.2667 78.4332 11.0454 35.7771 21.6333 76.0125 17.0 37.0135 33.0151 52.5914 68.0661 37.9122 45.0687 40.13 9.84886 18.868 37.6563 62.3665 81.0247 32.559 16.7631 74.8478 11.4018 25.9615 6.08276 34.176 67.3647 25.4951 18.2483 72.7186 63.3955 36.2353 66.0605 53.5053 32.249 68.1175 27.8568 1.41421 24.6982 74.2783 46.2709 65.0056 15.2643 44.7655 48.7955 42.19 16.4924 80.9506 22.8035 77.0964 23.0217 73.4536 16.544 
22.0227 27.4591 55.0727 31.5753 46.0977 0.0 19.6977 54.561 39.9297 14.2009 37.6431 23.0868 61.0574 17.4642 45.6946 70.2197 16.6063 36.2353 41.0488 57.1402 68.9769 64.6297 34.4093 61.2046 9.84886 37.3884 45.2217 22.8035 40.3609 38.0789 42.5206 51.7281 63.4708 64.9 45.0 45.607 61.4827 54.4489 32.0156 55.1453 21.3776 52.1536 68.66 21.3776 65.0 51.247 44.0114 56.3205 75.6522 57.7235 54.2435 24.3554 22.0227 63.7065 45.1774 23.7697 33.4215 72.2186 38.2099 60.0578 10.198 37.4962 71.1138 62.3939 47.7074 24.1868 42.5441 49.7936 31.1448 46.4708 
41.3401 8.60233 71.8401 25.9422 64.9384 19.6977 0.0 69.8713 59.6267 25.318 33.8378 34.8855 78.1025 15.1327 61.6117 85.9884 29.0172 24.0208 26.4764 75.9539 82.7103 82.0061 29.7321 79.0569 29.5466 47.8904 60.208 14.5602 58.8982 54.2033 60.959 71.1399 82.7235 75.675 55.9732 45.1221 80.6314 74.1458 13.8924 73.1095 39.2046 71.0211 87.8088 5.0 81.3941 67.3647 49.0408 70.7107 95.3496 71.5542 72.1249 36.3456 8.06226 83.4039 64.1327 41.0488 30.0832 90.1249 33.1059 79.3095 26.9072 37.0135 87.4212 81.3941 48.6621 42.2966 31.0161 64.1327 13.9284 65.7235 
53.1982 74.108 75.8768 58.2495 22.561 54.561 69.8713 0.0 36.7696 44.5533 90.824 67.9995 81.0479 71.9419 70.5366 16.1245 41.2311 69.2315 75.505 23.7697 14.8661 16.4012 88.1022 17.2047 47.8853 24.5153 72.8624 77.3615 58.1831 65.1915 60.401 31.0161 33.8378 15.1327 82.6298 96.2682 54.4519 38.0 76.0066 15.5242 33.541 23.0217 54.4518 73.5459 12.3693 4.47214 90.7519 82.6521 53.1413 85.0968 73.7763 33.541 75.2058 48.2597 23.7697 30.8707 86.7698 68.0 58.1893 31.0483 56.9386 41.7612 64.0078 28.2312 97.1518 31.3847 70.8802 6.08276 74.027 36.178 
20.025 67.2423 41.4984 69.4107 15.0 39.9297 59.6267 36.7696 0.0 52.4084 66.6108 39.8121 46.6694 53.6004 36.1582 46.8615 54.8138 77.2415 79.1867 22.8254 50.6063 36.1248 65.192 31.241 30.0833 41.0085 38.4839 59.6825 23.8047 30.9611 26.0225 13.3417 25.0799 51.5461 48.2589 68.3081 26.9826 14.5602 71.5703 26.1725 28.7785 18.6011 29.7346 61.0328 40.4599 32.311 59.0339 49.2879 35.7771 51.953 39.3978 37.1555 61.131 23.8437 13.6015 28.2648 63.2851 40.7011 71.8527 22.3607 35.3553 55.3062 36.6137 26.2488 67.7791 25.6987 82.0711 35.9026 70.5021 17.0554 
31.7337 30.1496 66.583 23.4983 42.3506 14.2009 25.318 44.5533 52.4084 0.0 50.9117 37.0575 72.8577 29.8329 57.8584 60.6712 5.0 31.241 37.2022 52.7071 57.5674 57.0789 47.4236 54.4518 19.0733 23.3238 57.8296 34.1321 50.756 50.2999 52.991 56.7352 61.2127 50.9902 58.7417 59.4806 75.8334 61.7378 32.9848 48.6621 24.0959 48.1269 78.5854 29.1204 56.1427 42.107 58.2116 69.0051 83.1776 70.5953 65.5862 11.0454 31.0161 72.6945 42.0294 24.8682 46.669 89.5519 29.8452 57.6117 23.6846 29.1291 85.4645 58.4749 61.7372 27.2439 36.1587 38.833 31.3209 51.353 
47.0744 39.4588 60.9262 59.6154 77.9198 37.6431 33.8378 90.824 66.6108 50.9117 0.0 27.0185 67.1193 21.4009 50.3289 106.024 53.3171 57.2713 58.3095 88.295 105.315 98.817 4.12311 94.8855 42.9418 74.0992 47.0106 19.3132 56.3205 45.3542 57.5587 79.9062 91.6624 101.268 35.805 12.0416 80.0526 80.1561 44.1814 88.8173 57.3062 83.4326 87.6926 29.1204 100.319 87.2067 21.4009 54.0833 98.2497 53.6004 64.846 61.0662 25.9615 85.1469 76.6559 60.0333 4.24264 83.8153 66.8506 88.955 34.0147 68.8798 81.7435 92.5743 16.2788 59.4811 64.1327 86.1314 45.3982 77.3758 
21.0238 43.4166 38.2884 54.1479 52.0 23.0868 34.8855 67.9995 39.8121 37.0575 27.0185 0.0 44.6878 21.2603 27.5862 82.8263 39.4629 57.0088 60.7454 61.9839 82.7506 73.4793 26.1725 68.9577 21.9545 58.45 25.6125 26.2488 29.8329 20.8087 31.3209 53.1507 64.7765 79.2086 22.0907 29.0689 53.587 53.1507 48.7647 63.1857 35.4683 57.2451 61.1882 33.0151 77.0574 64.1619 22.8035 35.8469 71.4493 36.6742 40.3113 47.212 31.241 58.3095 50.6952 38.2884 24.0832 59.0339 61.0328 62.1691 13.6015 61.7302 56.4624 65.9697 29.4109 36.7989 63.7887 63.8051 48.7545 51.4626 
40.8534 86.6833 6.40312 91.339 60.777 61.0574 78.1025 81.0479 46.6694 72.8577 67.1193 44.6878 0.0 65.7951 17.2047 82.6294 75.2632 97.2471 102.083 55.8072 89.0861 70.3 68.0 65.5632 53.2259 85.4843 20.1246 70.9366 23.7853 24.0416 22.9188 46.7816 49.457 95.5899 32.7567 62.0967 23.3452 39.8916 91.8314 63.2296 61.603 54.9085 31.0644 77.1038 76.6819 76.5764 49.2443 16.1245 42.5441 18.4391 9.05539 78.797 75.6637 33.2415 59.3701 65.3794 65.7647 19.2354 97.6865 49.8387 51.614 97.5305 19.3132 54.7255 59.2284 63.833 103.354 79.7957 91.4002 60.8699 
33.7343 23.0868 59.4138 39.2938 62.1289 17.4642 15.1327 71.9419 53.6004 29.8329 21.4009 21.2603 65.7951 0.0 48.7955 87.5957 32.2697 39.0128 41.5933 73.0616 86.3579 81.5843 17.6918 77.9295 25.1794 53.0518 46.8615 6.08276 48.7647 41.7732 50.6063 66.1891 78.2304 80.5634 41.2311 31.3847 71.7989 68.0661 28.4605 71.8471 38.6005 68.0661 79.1202 12.083 82.28 68.6222 34.0 56.8595 88.477 57.4543 60.803 40.0188 10.0 75.3641 61.0737 41.1096 17.2047 79.1084 46.5725 75.1066 18.2483 47.7062 76.4048 78.0 34.4819 41.2311 46.0109 67.1745 28.8617 62.0093 
28.0179 70.214 10.8167 76.844 50.2657 45.6946 61.6117 70.5366 36.1582 57.8584 50.3289 27.5862 17.2047 48.7955 0.0 81.9486 60.2638 81.8596 86.3539 56.2852 84.7968 71.8403 50.9902 65.6886 39.0512 71.3265 4.12311 53.8145 15.0 7.61577 14.2357 46.2694 53.1744 85.0786 18.2483 46.3897 30.8058 40.6554 75.452 61.6649 48.4281 54.597 40.6079 60.3075 75.599 66.0652 34.0147 12.1655 52.1728 14.5602 15.0333 65.6221 58.7282 40.6179 48.8588 51.2215 48.7545 33.7343 83.2472 51.9159 35.7771 84.3556 32.1403 56.8488 44.0454 49.6752 88.2383 69.2844 75.1665 50.3586 
62.0954 90.1998 87.2888 73.6817 31.8904 70.2197 85.9884 16.1245 46.8615 60.6712 106.024 82.8263 82.6294 87.5957 81.9486 0.0 57.2713 84.7172 90.934 26.9258 9.43398 12.3693 103.47 17.088 63.1585 40.1123 84.2743 93.0203 69.5951 76.7516 71.8129 37.1214 34.3657 19.105 94.0479 111.095 59.2848 43.0813 92.0054 20.8087 49.0408 29.1548 56.7186 89.627 6.40312 18.9737 103.974 95.0784 52.0384 97.7434 85.1882 49.6488 91.2685 51.1957 33.3017 46.4866 102.044 71.8053 73.0068 32.9848 72.0139 56.8859 68.1542 28.4429 111.979 46.6154 85.9069 22.0227 90.0 47.6232 
34.4108 34.5254 69.8326 28.4621 52.4469 16.6063 29.0172 41.2311 54.8138 5.0 53.3171 39.4629 75.2632 32.2697 60.2638 57.2713 0.0 36.2353 42.2019 63.3795 54.7814 53.0 49.8355 50.1633 21.4787 21.9317 60.235 36.7154 53.1614 52.7053 55.3964 59.1406 70.6881 48.8774 61.1471 61.886 78.2388 64.1432 37.6431 44.3155 26.5013 58.5103 80.9908 32.3933 52.469 38.4708 60.617 71.4105 85.583 73.0007 67.9916 8.06226 34.0238 75.0999 51.7429 28.162 49.0745 91.9573 34.809 67.1977 26.09 31.1449 87.8699 68.9392 64.1426 29.6493 41.1226 35.7351 36.0555 53.7584 
57.2014 18.0278 91.3017 11.0454 72.2667 36.2353 24.0208 69.2315 77.2415 31.241 57.2713 57.0088 97.2471 39.0128 81.8596 84.7172 36.2353 0.0 6.32456 82.6792 79.0569 84.2021 53.1507 82.6761 44.4072 44.7214 81.1542 38.3275 76.0263 74.2496 78.2368 80.8611 91.1982 70.0286 78.8543 68.884 96.5997 86.5708 14.4222 77.643 57.5927 78.1074 103.418 28.2843 81.5843 68.1542 73.0068 92.1141 108.011 93.3006 90.272 40.1417 31.4006 97.5275 72.0149 54.8537 53.7587 110.318 14.3178 87.5972 46.0977 28.0179 106.231 88.4581 72.5603 56.2125 7.0 63.1506 12.53 76.1861 
62.482 19.0 96.0417 17.2627 78.4332 41.0488 26.4764 75.505 79.1867 37.2022 58.3095 60.7454 102.083 41.5933 86.3539 90.934 42.2019 6.32456 0.0 88.7763 85.1469 90.5207 54.231 88.9946 49.679 50.9902 85.4283 40.0125 81.2158 78.7718 83.4086 86.9582 97.2953 76.0 82.28 70.1783 101.939 92.6679 14.1421 83.9616 63.6898 84.2045 109.516 30.0666 87.8635 74.4648 75.326 96.2549 114.108 97.3088 95.2762 46.2388 33.0151 103.625 78.112 60.9508 55.0818 115.657 19.4165 93.6943 50.6063 34.1321 111.57 94.5552 74.0608 62.3096 7.81025 69.4262 13.0 82.2832 
41.2311 82.2431 59.7972 72.7438 11.0454 57.1402 75.9539 23.7697 22.8254 52.7071 88.295 61.9839 55.8072 73.0616 56.2852 26.9258 63.3795 82.6792 88.7763 0.0 33.3766 14.7648 86.4928 9.84886 48.0 41.0366 59.7323 79.0253 42.0827 53.7647 42.0608 10.6301 10.2956 38.2099 71.0625 90.824 32.4626 16.1555 85.6776 8.24621 36.8782 5.0 31.0161 78.4092 20.8806 20.6155 81.8413 67.5868 29.5466 70.2518 49.4059 42.5441 79.1581 25.02 12.0 35.4401 84.7231 45.3982 74.0761 7.28011 55.3263 57.8014 41.5933 5.83095 90.471 33.7343 85.9651 26.8328 83.9734 27.105 
67.9494 86.1904 90.137 68.0294 35.7771 68.9769 82.7103 14.8661 50.6063 57.5674 105.315 82.7506 89.0861 86.3579 84.7968 9.43398 54.7814 79.0569 85.1469 33.3766 0.0 20.0998 102.534 24.0208 62.434 35.3553 87.1226 91.279 72.4433 79.5998 74.6612 42.72 42.0 10.2956 96.89 111.018 65.7415 49.2443 87.4643 25.9615 48.0208 34.4819 64.1249 86.6833 13.0384 19.105 105.503 97.9266 60.407 100.592 88.0365 46.8188 88.5438 58.3095 37.1214 45.2888 101.232 78.7718 66.6108 40.1123 71.5612 51.0392 74.9667 36.0 111.903 46.0435 79.6304 19.2354 85.3756 50.4382 
52.4889 87.2067 77.1805 73.3757 21.6333 64.6297 82.0061 16.4012 36.1248 57.0789 98.817 73.4793 70.3 81.5843 71.8403 12.3693 53.0 84.2021 90.5207 14.7648 20.0998 0.0 96.4734 5.0 56.5155 39.9249 74.1661 87.2983 59.4868 66.6433 56.8254 25.2389 22.0907 27.313 83.9411 102.515 46.9554 30.8707 89.6772 10.2956 43.2897 17.6918 44.4072 85.1469 7.07107 16.1555 94.3398 84.9701 40.3113 87.6352 63.8987 46.1736 86.3713 38.833 23.0217 41.1096 94.9216 59.439 73.9256 20.6155 64.8506 57.3847 55.7853 16.1245 102.487 40.4475 86.3771 21.9545 87.8237 38.0167 
45.3982 35.3553 61.7171 55.5428 76.0125 34.4093 29.7321 88.1022 65.192 47.4236 4.12311 26.1725 68.0 17.6918 50.9902 103.47 49.8355 53.1507 54.231 86.4928 102.534 96.4734 0.0 92.542 40.3113 70.6176 47.8853 15.2315 55.9017 45.5412 57.2713 78.4092 90.2718 98.1292 37.5366 16.0 79.6766 79.0063 40.1123 86.4738 54.5619 81.5843 87.2983 25.0 97.8621 84.5813 24.1868 55.6058 97.6217 55.3173 65.192 57.5846 21.8403 84.4808 74.7486 57.2451 2.23607 84.1546 62.7694 87.4643 31.6228 64.9502 81.9085 90.934 20.0998 56.8595 60.0167 83.3504 41.3038 75.4685 
47.9673 84.5931 69.6307 71.8866 17.0 61.2046 79.0569 17.2047 31.241 54.4518 94.8855 68.9577 65.5632 77.9295 65.6886 17.088 50.1633 82.6761 88.9946 9.84886 24.0208 5.0 92.542 0.0 52.7731 38.9487 69.3878 83.7257 54.7085 61.865 51.8943 20.2485 18.0278 30.0832 79.1628 97.9934 42.2186 26.0 87.2983 6.08276 40.0125 12.7279 40.1123 82.0061 11.1803 15.6205 89.6939 77.4203 36.8782 80.0853 59.162 43.7379 83.0963 34.3657 18.3576 38.0132 90.9901 54.9181 72.8972 16.1245 60.9192 56.356 51.1957 12.0416 97.949 37.054 85.0882 21.9317 85.5102 33.4951 
12.8062 37.2156 47.5395 38.1146 37.0135 9.84886 29.5466 47.8853 30.0833 19.0733 42.9418 21.9545 53.2259 25.1794 39.0512 63.1585 21.4787 44.4072 49.679 48.0 62.434 56.5155 40.3113 52.7731 0.0 37.6333 39.3192 31.0644 31.6228 31.5753 33.8378 41.8817 53.8929 58.4029 41.9762 48.9183 52.2638 44.6025 41.6173 46.6905 14.4222 43.0 59.4411 31.0483 57.5847 44.2832 44.6542 50.4876 65.8035 52.2398 46.0416 29.2278 31.4006 53.8578 36.0 17.2047 38.9102 64.0167 44.462 50.6621 9.21954 43.746 61.8949 53.0848 50.2096 16.5529 50.2494 43.2666 40.6079 37.0689 
43.649 50.9951 80.3133 33.7343 33.0151 37.3884 47.8904 24.5153 41.0085 23.3238 74.0992 58.45 85.4843 53.0518 71.3265 40.1123 21.9317 44.7214 50.9902 41.0366 35.3553 39.9249 70.6176 38.9487 37.6333 0.0 72.105 57.4543 62.6196 64.1222 64.8374 42.72 50.9313 27.8568 76.5417 82.6682 64.1115 49.2443 52.1536 34.4093 23.2111 37.5366 66.6483 52.0695 36.8782 23.7697 81.192 83.1466 69.2026 85.105 78.2127 14.2127 54.1631 60.4152 33.2866 20.4721 69.8566 77.83 34.0147 47.4236 46.8722 17.4642 73.7426 46.7547 84.9247 21.831 46.4866 18.4391 50.0899 39.9531 
29.1548 68.7968 13.9284 76.6551 52.5914 45.2217 60.208 72.8624 38.4839 57.8296 47.0106 25.6125 20.1246 46.8615 4.12311 84.2743 60.235 81.1542 85.4283 59.7323 87.1226 74.1661 47.8853 69.3878 39.3192 72.105 0.0 51.6236 18.3848 8.06226 17.8045 49.7165 56.7569 87.4044 14.1421 42.5793 34.9285 44.2379 74.0945 63.9907 49.2066 56.9228 44.7214 58.6003 77.9248 68.3909 30.0666 11.1803 56.2939 13.0 19.0 66.4006 56.8507 44.7409 51.1846 52.0 45.6508 37.4833 83.0869 55.4984 35.1141 82.5024 36.0555 60.4313 40.1123 50.4536 87.6641 71.028 73.9256 52.1022 
39.8121 21.0238 64.5368 40.3113 68.0661 22.8035 14.5602 77.3615 59.6825 34.1321 19.3132 26.2488 70.9366 6.08276 53.8145 93.0203 36.7154 38.3275 40.0125 79.0253 91.279 87.2983 15.2315 83.7257 31.0644 57.4543 51.6236 0.0 54.5619 47.0106 56.356 72.2496 84.2912 85.0091 44.7772 30.5941 77.7359 74.1485 26.1725 77.6466 44.1475 74.027 85.0941 10.0499 87.8009 74.0476 35.5106 61.2209 94.4816 61.6117 66.2873 44.4645 7.0 81.3687 67.0298 46.5725 15.5242 84.725 47.5395 81.1542 24.3311 50.0018 82.0213 84.006 34.2345 46.8722 45.2769 72.3338 27.0185 52.0 
18.868 67.2681 18.6143 69.7974 37.9122 40.3609 58.8982 58.1831 23.8047 50.756 56.3205 29.8329 23.7853 48.7647 15.0 69.5951 53.1614 76.0263 81.2158 42.0827 72.4433 59.4868 55.9017 54.7085 31.6228 62.6196 18.3848 54.5619 0.0 13.0 2.23607 32.0669 38.9718 72.7251 30.8869 55.3263 23.7749 26.4529 72.1388 49.3114 39.7211 42.2435 31.4006 58.8218 63.2456 53.7117 44.3847 26.4008 42.0119 29.0689 16.5137 56.9152 57.9828 29.0172 36.5053 42.5146 53.7587 34.4888 76.1448 37.7134 32.0156 75.6487 31.7851 42.6463 53.9351 40.9682 81.8352 56.9309 71.4213 38.0051 
21.095 62.8013 17.6918 69.2604 45.0687 38.0789 54.2033 65.1915 30.9611 50.2999 45.3542 20.8087 24.0416 41.7732 7.61577 76.7516 52.7053 74.2496 78.7718 53.7647 79.5998 66.6433 45.5412 61.865 31.5753 64.1222 8.06226 47.0106 13.0 0.0 13.3417 44.1569 51.9714 79.7335 18.0278 43.0116 33.0 39.4524 68.0074 56.4679 41.2238 49.4 43.0 53.0754 70.402 60.7201 31.5753 19.0263 54.152 21.0238 19.6977 58.4178 51.6236 41.4367 43.6618 44.0172 43.3244 38.6264 75.6887 50.713 28.178 74.9726 36.4005 55.6459 41.3038 42.4709 80.6226 63.9393 67.6757 45.0135 
21.095 69.3542 17.7477 71.8681 40.13 42.5206 60.959 60.401 26.0225 52.991 57.5587 31.3209 22.9188 50.6063 14.2357 71.8129 55.3964 78.2368 83.4086 42.0608 74.6612 56.8254 57.2713 51.8943 33.8378 64.8374 17.8045 56.356 2.23607 13.3417 0.0 32.045 38.9499 74.943 30.8707 56.1427 22.5092 26.431 74.2496 51.5293 41.939 40.2897 30.1504 60.803 65.4634 55.9295 44.911 25.5373 41.0122 28.2023 15.6471 59.1331 59.9083 28.1603 38.7232 44.7325 55.109 33.6222 78.3798 37.6915 34.0588 77.8666 30.9186 42.6244 54.5894 43.1861 84.0595 59.1488 73.5527 40.223 
33.0606 77.93 49.7814 73.0303 9.84886 51.7281 71.1399 31.0161 13.3417 56.7352 79.9062 53.1507 46.7816 66.1891 46.2694 37.1214 59.1406 80.8611 86.9582 10.6301 42.72 25.2389 78.4092 20.2485 41.8817 42.72 49.7165 72.2496 32.0669 44.1569 32.045 0.0 12.0416 46.0977 61.4548 81.6088 23.4369 7.07107 81.5757 16.7631 33.121 8.24621 24.3516 72.8971 30.8707 27.0185 72.235 57.5709 26.8701 60.236 47.6808 40.7751 73.1708 18.0278 9.43398 32.45 76.531 37.0135 74.3426 9.05539 48.0416 58.1442 33.0 13.0 81.0019 30.0167 85.6907 32.3883 80.1814 21.4164 
45.0111 89.493 50.775 83.241 18.868 63.4708 82.7235 33.8378 25.0799 61.2127 91.6624 64.7765 49.457 78.2304 53.1744 34.3657 70.6881 91.1982 97.2953 10.2956 42.0 22.0907 90.2718 18.0278 53.8929 50.9313 56.7569 84.2912 38.9718 51.9714 38.9499 12.0416 0.0 47.8539 69.7901 92.9532 26.1124 12.53 93.089 18.3848 44.3847 13.4536 22.3607 84.8415 29.0172 30.8707 83.1767 63.2857 19.3132 66.0382 43.0557 51.1077 85.182 17.088 19.2354 43.382 88.3629 37.6431 83.5621 3.60555 60.075 67.3573 34.176 6.0 92.3213 41.2311 95.4511 37.1214 91.6948 33.0 
64.4099 78.3558 90.4188 59.0762 37.6563 64.9 75.675 15.1327 51.5461 50.9902 101.268 79.2086 95.5899 80.5634 85.0786 19.105 48.8774 70.0286 76.0 38.2099 10.2956 27.313 98.1292 30.0832 58.4029 27.8568 87.4044 85.0091 72.7251 79.7335 74.943 46.0977 47.8539 0.0 97.3026 107.204 69.5318 53.0377 79.2465 30.0666 43.9807 38.0132 69.1809 79.854 20.5913 19.4165 101.964 97.1942 66.9403 99.6389 88.3183 40.8167 81.939 63.0714 38.833 41.2417 97.3682 83.0241 57.1402 45.3982 67.5754 42.107 79.0569 41.9762 108.275 42.45 70.1783 16.1245 77.1038 50.72 
35.3553 64.2573 27.1662 76.2365 62.3665 45.0 55.9732 82.6298 48.2589 58.7417 35.805 22.0907 32.7567 41.2311 18.2483 94.0479 61.1471 78.8543 82.28 71.0625 96.89 83.9411 37.5366 79.1628 41.9762 76.5417 14.1421 44.7772 30.8869 18.0278 30.8707 61.4548 69.7901 97.3026 0.0 29.4109 49.0306 57.2712 69.6419 73.7657 53.6433 66.6978 58.8558 53.3104 87.6926 78.1584 16.4924 18.3576 70.406 17.8045 33.0606 69.7767 50.9902 58.8218 60.9596 56.4367 35.3836 51.1566 83.0963 68.5317 35.0571 83.4144 50.0 73.4646 26.4764 54.8903 85.703 81.3776 69.8928 62.4518 
50.0899 51.2445 56.2939 70.5195 81.0247 45.607 45.1221 96.2682 68.3081 59.4806 12.0416 29.0689 62.0967 31.3847 46.3897 111.095 61.886 68.884 70.1783 90.824 111.018 102.515 16.0 97.9934 48.9183 82.6682 42.5793 30.5941 55.3263 43.0116 56.1427 81.6088 92.9532 107.204 29.4109 0.0 76.0066 81.0717 56.0803 92.2214 63.2535 86.1626 86.0058 40.6079 105.326 92.4306 13.0 47.5395 97.1288 46.5188 61.4003 69.6352 37.4833 84.2912 79.7057 66.0681 15.1327 80.0625 77.7946 90.5207 39.6989 79.051 78.5175 94.5569 4.47214 65.0 75.8024 92.0054 57.2189 80.4983 
39.4917 88.7953 24.6982 92.8357 32.559 61.4827 80.6314 54.4519 26.9826 75.8334 80.0526 53.587 23.3452 71.7989 30.8058 59.2848 78.2388 96.5997 101.939 32.4626 65.7415 46.9554 79.6766 42.2186 52.2638 64.1115 34.9285 77.7359 23.7749 33.0 22.5092 23.4369 26.1124 69.5318 49.0306 76.0066 0.0 16.547 93.4828 39.885 52.2035 31.5638 10.0 81.0704 53.3372 50.4142 64.2806 37.2156 21.3776 39.9625 17.0 60.5805 80.5723 10.0 31.6797 51.6897 77.5325 14.3178 95.2777 26.4941 54.1873 78.715 10.198 31.3809 74.1687 49.1237 105.496 55.5622 92.624 40.4804 
34.3657 81.7614 41.2096 78.7401 16.7631 54.4489 74.1458 38.0 14.5602 61.7378 80.1561 53.1507 39.8916 68.0661 40.6554 43.0813 64.1432 86.5708 92.6679 16.1555 49.2443 30.8707 79.0063 26.0 44.6025 49.2443 44.2379 74.1485 26.4529 39.4524 26.431 7.07107 12.53 53.0377 57.2712 81.0717 16.547 0.0 86.0895 23.3452 38.1079 15.0333 17.4642 75.5844 37.0 34.0588 70.6578 51.957 21.6333 54.622 33.4903 46.4204 75.6902 11.1803 16.1555 37.5941 77.026 30.0 81.1176 11.3137 49.8197 64.2725 26.0192 16.2788 80.0058 35.0281 91.4005 39.4588 85.1498 26.3848 
54.037 5.38516 85.6037 21.9545 74.8478 32.0156 13.8924 76.0066 71.5703 32.9848 44.1814 48.7647 91.8314 28.4605 75.452 92.0054 37.6431 14.4222 14.1421 85.6776 87.4643 89.6772 40.1123 87.2983 41.6173 52.1536 74.0945 26.1725 72.1388 68.0074 74.2496 81.5757 93.089 79.2465 69.6419 56.0803 93.4828 86.0895 0.0 81.5843 48.9022 80.9111 101.239 16.4924 88.0909 74.1687 61.6604 84.5991 107.287 85.4225 85.6329 43.566 19.2354 95.3477 74.1438 57.8388 41.0122 103.61 27.6586 89.5985 40.3609 37.6431 103.114 91.34 60.0083 52.0501 20.6155 70.0 2.23607 76.1592 
42.1953 78.7718 67.0052 66.8536 11.4018 55.1453 73.1095 15.5242 26.1725 48.6621 88.8173 63.1857 63.2296 71.8471 61.6649 20.8087 44.3155 77.643 83.9616 8.24621 25.9615 10.2956 86.4738 6.08276 46.6905 34.4093 63.9907 77.6466 49.3114 56.4679 51.5293 16.7631 18.3848 30.0666 73.7657 92.2214 39.885 23.3452 81.5843 0.0 34.0 8.544 39.1152 76.0 14.4222 12.53 84.0595 74.7947 37.6962 77.4598 64.9046 38.0789 77.0584 33.0151 12.8062 32.0624 84.9219 53.1507 68.0955 15.5242 54.851 51.6236 49.2544 13.0384 92.1938 31.0161 80.0749 18.868 79.8311 27.7231 
20.7506 45.3649 56.4319 49.7619 25.9615 21.3776 39.2046 33.541 28.7785 24.0959 57.3062 35.4683 61.603 38.6005 48.4281 49.0408 26.5013 57.5927 63.6898 36.8782 48.0208 43.2897 54.5619 40.0125 14.4222 23.2111 49.2066 44.1475 39.7211 41.2238 41.939 33.121 44.3847 43.9807 53.6433 63.2535 52.2035 38.1079 48.9022 34.0 0.0 32.0156 54.9555 42.0 43.6807 30.0832 58.258 60.2482 59.5477 62.2066 54.3314 17.5067 43.1045 48.9292 25.2982 2.82843 53.2353 65.922 52.2039 40.8534 23.6008 36.0056 61.8346 42.45 64.3817 3.16228 62.4223 28.8444 47.508 27.7231 
36.4005 77.3738 59.9372 68.7834 6.08276 52.1536 71.0211 23.0217 18.6011 48.1269 83.4326 57.2451 54.9085 68.0661 54.597 29.1548 58.5103 78.1074 84.2045 5.0 34.4819 17.6918 81.5843 12.7279 43.0 37.5366 56.9228 74.027 42.2435 49.4 40.2897 8.24621 13.4536 38.0132 66.6978 86.1626 31.5638 15.0333 80.9111 8.544 32.0156 0.0 31.5753 73.437 22.8254 19.2354 77.4145 67.7268 31.9061 70.3918 57.8367 38.0132 74.1687 25.318 7.0 30.6757 79.8311 45.0111 70.1157 9.89949 50.3637 53.9073 41.0488 10.4403 85.9069 28.8617 82.0047 25.0 79.3932 22.1421 
46.669 95.9726 33.6155 95.5877 34.176 68.66 87.8088 54.4518 29.7346 78.5854 87.6926 61.1882 31.0644 79.1202 40.6079 56.7186 80.9908 103.418 109.516 31.0161 64.1249 44.4072 87.2983 40.1123 59.4411 66.6483 44.7214 85.0941 31.4006 43.0 30.1504 24.3516 22.3607 69.1809 58.8558 86.0058 10.0 17.4642 101.239 39.1152 54.9555 31.5753 0.0 88.2477 51.2445 50.8035 74.2428 46.0977 11.7047 48.7545 26.2488 63.3325 87.7597 6.32456 33.6155 54.4418 85.1587 15.6525 98.0297 24.0208 61.3663 81.4393 12.8062 28.2843 84.1487 51.8757 108.248 56.5155 100.17 43.2324 
42.0476 11.1803 70.7672 30.8869 67.3647 21.3776 5.0 73.5459 61.0328 29.1204 29.1204 33.0151 77.1038 12.083 60.3075 89.627 32.3933 28.2843 30.0666 78.4092 86.6833 85.1469 25.0 82.0061 31.0483 52.0695 58.6003 10.0499 58.8218 53.0754 60.803 72.8971 84.8415 79.854 53.3104 40.6079 81.0704 75.5844 16.4924 76.0 42.0 73.437 88.2477 0.0 84.862 70.8606 45.2769 68.7968 96.6488 69.4622 71.5891 40.025 3.16228 84.7031 66.4831 44.0454 25.4951 89.6824 38.0132 81.4285 26.9258 41.8963 86.9787 83.7257 44.2832 45.0111 35.2278 67.9117 17.1172 67.8415 
55.7739 86.0058 80.9393 70.6116 25.4951 65.0 81.3941 12.3693 40.4599 56.1427 100.319 77.0574 76.6819 82.28 75.599 6.40312 52.469 81.5843 87.8635 20.8806 13.0384 7.07107 97.8621 11.1803 57.5847 36.8782 77.9248 87.8009 63.2456 70.402 65.4634 30.8707 29.0172 20.5913 87.6926 105.326 53.3372 37.0 88.0909 14.4222 43.6807 22.8254 51.2445 84.862 0.0 14.0357 97.6523 88.7288 47.3814 91.3939 78.8387 45.0999 86.3757 45.5412 26.9072 41.2311 96.3846 66.0984 70.5195 27.2947 66.3099 54.1202 62.3699 23.0217 105.772 41.1096 83.2406 18.4391 86.1452 41.3017 
49.3607 72.0 71.4054 57.28 18.2483 51.247 67.3647 4.47214 32.311 42.107 87.2067 64.1619 76.5764 68.6222 66.0652 18.9737 38.4708 68.1542 74.4648 20.6155 19.105 16.1555 84.5813 15.6205 44.2832 23.7697 68.3909 74.0476 53.7117 60.7201 55.9295 27.0185 30.8707 19.4165 78.1584 92.4306 50.4142 34.0588 74.1687 12.53 30.0832 19.2354 50.8035 70.8606 14.0357 0.0 86.9144 78.1807 50.1597 80.6254 69.3048 31.0644 72.4911 44.5533 19.4165 27.5136 83.1925 64.0312 57.7754 27.8568 53.2353 41.2311 60.0083 25.5539 93.3143 27.7308 70.2282 6.40312 72.2496 31.7065 
42.638 56.4358 43.566 72.6911 72.7186 44.0114 49.0408 90.7519 59.0339 58.2116 21.4009 22.8035 49.2443 34.0 34.0147 103.974 60.617 73.0068 75.326 81.8413 105.503 94.3398 24.1868 89.6939 44.6542 81.192 30.0666 35.5106 44.3847 31.5753 44.911 72.235 83.1767 101.964 16.4924 13.0 64.2806 70.6578 61.6604 84.0595 58.258 77.4145 74.2428 45.2769 97.6523 86.9144 0.0 34.5398 85.5996 33.541 49.0408 68.3661 42.4264 72.9939 71.3442 61.0737 22.3607 67.4759 79.9062 81.1219 35.8469 79.9622 66.1211 85.2183 10.0499 59.5513 80.0062 86.5576 62.3939 72.3506 
40.0125 79.2591 12.53 87.8009 63.3955 56.3205 70.7107 82.6521 49.2879 69.0051 54.0833 35.8469 16.1245 56.8595 12.1655 95.0784 71.4105 92.1141 96.2549 67.5868 97.9266 84.9701 55.6058 77.4203 50.4876 83.1466 11.1803 61.2209 26.4008 19.0263 25.5373 57.5709 63.2857 97.1942 18.3576 47.5395 37.2156 51.957 84.5991 74.7947 60.2482 67.7268 46.0977 68.7968 88.7288 78.1807 34.5398 0.0 57.7754 2.82843 20.2485 77.4423 66.8506 47.1899 61.9886 63.0416 53.4135 35.3553 94.247 63.2175 46.1736 93.6779 35.171 68.1504 44.2719 61.4953 98.6813 81.4 84.534 62.4741 
55.0399 102.959 45.31 99.8657 36.2353 75.6522 95.3496 53.1413 35.7771 83.1776 98.2497 71.4493 42.5441 88.477 52.1728 52.0384 85.583 108.011 114.108 29.5466 60.407 40.3113 97.6217 36.8782 65.8035 69.2026 56.2939 94.4816 42.0119 54.152 41.0122 26.8701 19.3132 66.9403 70.406 97.1288 21.3776 21.6333 107.287 37.6962 59.5477 31.9061 11.7047 96.6488 47.3814 50.1597 85.5996 57.7754 0.0 60.4152 37.9473 67.6105 96.6352 13.1529 36.1248 59.0339 95.5249 25.4558 101.157 22.3607 70.5563 84.9589 23.6008 25.0 95.4539 56.4679 112.526 56.3649 106.219 47.8246 
42.107 80.0625 15.2643 89.2693 66.0605 57.7235 71.5542 85.0968 51.953 70.5953 53.6004 36.6742 18.4391 57.4543 14.5602 97.7434 73.0007 93.3006 97.3088 70.2518 100.592 87.6352 55.3173 80.0853 52.2398 85.105 13.0 61.6117 29.0689 21.0238 28.2023 60.236 66.0382 99.6389 17.8045 46.5188 39.9625 54.622 85.4225 77.4598 62.2066 70.3918 48.7545 69.4622 91.3939 80.6254 33.541 2.82843 60.4152 0.0 23.0217 79.4006 67.4166 49.9424 64.6537 65.0 53.1507 37.6563 95.762 65.8825 47.5395 95.268 37.6431 70.8154 43.0813 63.4536 99.93 83.8447 85.4283 64.9188 
33.5823 80.6226 7.81025 84.1529 53.5053 54.2435 72.1249 73.7763 39.3978 65.5862 64.846 40.3113 9.05539 60.803 15.0333 85.1882 67.9916 90.272 95.2762 49.4059 88.0365 63.8987 65.192 59.162 46.0416 78.2127 19.0 66.2873 16.5137 19.6977 15.6471 47.6808 43.0557 88.3183 33.0606 61.4003 17.0 33.4903 85.6329 64.9046 54.3314 57.8367 26.2488 71.5891 78.8387 69.3048 49.0408 20.2485 37.9473 23.0217 0.0 71.5254 70.4344 26.9599 52.0985 58.1078 62.9682 18.9737 90.5003 43.4374 45.2769 90.2589 17.1172 48.3242 59.0762 56.5614 96.2615 72.5241 85.0416 53.5983 
37.9446 41.0488 73.3665 32.311 32.249 24.3554 36.3456 33.541 37.1555 11.0454 61.0662 47.212 78.797 40.0188 65.6221 49.6488 8.06226 40.1417 46.2388 42.5441 46.8188 46.1736 57.5846 43.7379 29.2278 14.2127 66.4006 44.4645 56.9152 58.4178 59.1331 40.7751 51.1077 40.8167 69.7767 69.6352 60.5805 46.4204 43.566 38.0789 17.5067 38.0132 63.3325 40.025 45.0999 31.0644 68.3661 77.4423 67.6105 79.4006 71.5254 0.0 41.7612 57.3063 31.9289 14.7678 56.8236 74.299 40.0087 47.5079 33.8391 23.8103 70.2116 48.3322 71.8917 16.1266 44.9714 27.8927 41.7732 36.1001 
41.7852 14.0357 69.2965 34.0 68.1175 22.0227 8.06226 75.2058 61.131 31.0161 25.9615 31.241 75.6637 10.0 58.7282 91.2685 34.0238 31.4006 33.0151 79.1581 88.5438 86.3713 21.8403 83.0963 31.4006 54.1631 56.8507 7.0 57.9828 51.6236 59.9083 73.1708 85.182 81.939 50.9902 37.4833 80.5723 75.6902 19.2354 77.0584 43.1045 74.1687 87.7597 3.16228 86.3757 72.4911 42.4264 66.8506 96.6352 67.4166 70.4344 41.7612 0.0 83.975 67.1863 45.2769 22.3607 88.617 41.1461 81.9512 26.4008 44.6855 85.9133 84.3801 41.1947 46.0435 38.3275 69.6419 20.025 68.407 
42.8843 91.0196 34.6791 89.5615 27.8568 63.7065 83.4039 48.2597 23.8437 72.6945 85.1469 58.3095 33.2415 75.3641 40.6179 51.1957 75.0999 97.5275 103.625 25.02 58.3095 38.833 84.4808 34.3657 53.8578 60.4152 44.7409 81.3687 29.0172 41.4367 28.1603 18.0278 17.088 63.0714 58.8218 84.2912 10.0 11.1803 95.3477 33.0151 48.9292 25.318 6.32456 84.7031 45.5412 44.5533 72.9939 47.1899 13.1529 49.9424 26.9599 57.3063 83.975 0.0 27.313 48.4155 82.3893 20.6155 92.0035 18.2483 57.5816 75.3309 17.088 22.8035 82.7345 45.8495 102.222 50.2195 94.2794 37.3415 
29.7321 70.6045 54.1991 64.0057 1.41421 45.1774 64.1327 23.7697 13.6015 42.0294 76.6559 50.6952 59.3701 61.0737 48.8588 33.3017 51.7429 72.0149 78.112 12.0 37.1214 23.0217 74.7486 18.3576 36.0 33.2866 51.1846 67.0298 36.5053 43.6618 38.7232 9.43398 19.2354 38.833 60.9596 79.7057 31.6797 16.1555 74.1438 12.8062 25.2982 7.0 33.6155 66.4831 26.9072 19.4165 71.3442 61.9886 36.1248 64.6537 52.0985 31.9289 67.1863 27.313 0.0 24.1661 73.0144 45.3982 65.035 15.6525 43.5017 48.8366 41.3038 17.2627 79.6053 22.1359 76.6661 24.0 72.7495 15.2801 
23.544 47.0256 60.2083 47.023 24.6982 23.7697 41.0488 30.8707 28.2648 24.8682 60.0333 38.2884 65.3794 41.1096 51.2215 46.4866 28.162 54.8537 60.9508 35.4401 45.2888 41.1096 57.2451 38.0132 17.2047 20.4721 52.0 46.5725 42.5146 44.0172 44.7325 32.45 43.382 41.2417 56.4367 66.0681 51.6897 37.5941 57.8388 32.0624 2.82843 30.6757 54.4418 44.0454 41.2311 27.5136 61.0737 63.0416 59.0339 65.0 58.1078 14.7678 45.2769 48.4155 24.1661 0.0 55.9464 65.4083 49.465 39.8121 26.4008 33.2666 61.3209 41.1096 67.2086 3.16228 59.6834 26.1054 56.1345 27.2094 
43.566 36.1248 59.4811 55.7136 74.2783 33.4215 30.0832 86.7698 63.2851 46.669 4.24264 24.0832 65.7647 17.2047 48.7545 102.044 49.0745 53.7587 55.0818 84.7231 101.232 94.9216 2.23607 90.9901 38.9102 69.8566 45.6508 15.5242 53.7587 43.3244 55.109 76.531 88.3629 97.3682 35.3836 15.1327 77.5325 77.026 41.0122 84.9219 53.2353 79.8311 85.1587 25.4951 96.3846 83.1925 22.3607 53.4135 95.5249 53.1507 62.9682 56.8236 22.3607 82.3893 73.0144 55.9464 0.0 81.9329 62.9682 85.5862 30.0832 64.7748 79.6994 89.1067 19.0 55.4617 60.6712 82.0485 42.107 73.7343 
51.5573 98.6097 24.0208 106.554 46.2709 72.2186 90.1249 68.0 40.7011 89.5519 83.8153 59.0339 19.2354 79.1084 33.7343 71.8053 91.9573 110.318 115.657 45.3982 78.7718 59.439 84.1546 54.9181 64.0167 77.83 37.4833 84.725 34.4888 38.6264 33.6222 37.0135 37.6431 83.0241 51.1566 80.0625 14.3178 30.0 103.61 53.1507 65.922 45.0111 15.6525 89.6824 66.0984 64.0312 67.4759 35.3553 25.4558 37.6563 18.9737 74.299 88.617 20.6155 45.3982 65.4083 81.9329 0.0 108.996 38.833 63.2582 92.4336 4.12311 43.4166 77.5242 62.8422 119.215 69.2604 103.017 54.1989 
57.1224 29.8329 91.9718 7.28011 65.0056 38.2099 33.1059 58.1893 71.8527 29.8452 66.8506 61.0328 97.6865 46.5725 83.2472 73.0068 34.809 14.3178 19.4165 74.0761 66.6108 73.9256 62.7694 72.8972 44.462 34.0147 83.0869 47.5395 76.1448 75.6887 78.3798 74.3426 83.5621 57.1402 83.0963 77.7946 95.2777 81.1176 27.6586 68.0955 52.2039 70.1157 98.0297 38.0132 70.5195 57.7754 79.9062 94.247 101.157 95.762 90.5003 40.0087 41.1461 92.0035 65.035 49.465 62.9682 108.996 0.0 79.9827 48.3742 16.5529 104.909 79.8907 81.0432 50.8238 13.0384 52.2015 25.4951 70.7973 
42.107 86.0233 51.1567 79.6543 15.2643 60.0578 79.3095 31.0483 22.3607 57.6117 88.955 62.1691 49.8387 75.1066 51.9159 32.9848 67.1977 87.5972 93.6943 7.28011 40.1123 20.6155 87.4643 16.1245 50.6621 47.4236 55.4984 81.1542 37.7134 50.713 37.6915 9.05539 3.60555 45.3982 68.5317 90.5207 26.4941 11.3137 89.5985 15.5242 40.8534 9.89949 24.0208 81.4285 27.2947 27.8568 81.1219 63.2175 22.3607 65.8825 43.4374 47.5079 81.9512 18.2483 15.6525 39.8121 85.5862 38.833 79.9827 0.0 57.0088 63.7809 35.171 5.0 89.8889 37.6962 91.8718 34.0147 88.2043 29.587 
15.5242 35.3553 45.4863 41.7732 44.7655 10.198 26.9072 56.9386 35.3553 23.6846 34.0147 13.6015 51.614 18.2483 35.7771 72.0139 26.09 46.0977 50.6063 55.3263 71.5612 64.8506 31.6228 60.9192 9.21954 46.8722 35.1141 24.3311 32.0156 28.178 34.0588 48.0416 60.075 67.5754 35.0571 39.6989 54.1873 49.8197 40.3609 54.851 23.6008 50.3637 61.3663 26.9258 66.3099 53.2353 35.8469 46.1736 70.5563 47.5395 45.2769 33.8391 26.4008 57.5816 43.5017 26.4008 30.0832 63.2582 48.3742 57.0088 0.0 48.3574 60.5545 60.075 41.0366 25.5539 52.5547 52.4309 39.8246 44.2215 
56.6781 37.5766 92.1 17.0 48.7955 37.4962 37.0135 41.7612 55.3062 29.1291 68.8798 61.7302 97.5305 47.7062 84.3556 56.8859 31.1449 28.0179 34.1321 57.8014 51.0392 57.3847 64.9502 56.356 43.746 17.4642 82.5024 50.0018 75.6487 74.9726 77.8666 58.1442 67.3573 42.107 83.4144 79.051 78.715 64.2725 37.6431 51.6236 36.0056 53.9073 81.4393 41.8963 54.1202 41.2311 79.9622 93.6779 84.9589 95.268 90.2589 23.8103 44.6855 75.3309 48.8366 33.2666 64.7748 92.4336 16.5529 63.7809 48.3574 0.0 88.3462 63.6003 81.9527 34.6254 29.1204 35.7351 35.4401 54.2508 
49.1229 95.906 23.1948 102.467 42.19 71.1138 87.4212 64.0078 36.6137 85.4645 81.7435 56.4624 19.3132 76.4048 32.1403 68.1542 87.8699 106.231 111.57 41.5933 74.9667 55.7853 81.9085 51.1957 61.8949 73.7426 36.0555 82.0213 31.7851 36.4005 30.9186 33.0 34.176 79.0569 50.0 78.5175 10.198 26.0192 103.114 49.2544 61.8346 41.0488 12.8062 86.9787 62.3699 60.0083 66.1211 35.171 23.6008 37.6431 17.1172 70.2116 85.9133 17.088 41.3038 61.3209 79.6994 4.12311 104.909 35.171 60.5545 88.3462 0.0 39.8497 76.1643 58.7548 115.127 65.192 102.255 50.1115 
45.5412 87.8027 56.0435 78.5584 16.4924 62.3939 81.3941 28.2312 26.2488 58.4749 92.5743 65.9697 54.7255 78.0 56.8488 28.4429 68.9392 88.4581 94.5552 5.83095 36.0 16.1245 90.934 12.0416 53.0848 46.7547 60.4313 84.006 42.6463 55.6459 42.6244 13.0 6.0 41.9762 73.4646 94.5569 31.3809 16.2788 91.34 13.0384 42.45 10.4403 28.2843 83.7257 23.0217 25.5539 85.2183 68.1504 25.0 70.8154 48.3242 48.3322 84.3801 22.8035 17.2627 41.1096 89.1067 43.4166 79.8907 5.0 60.075 63.6003 39.8497 0.0 93.984 39.2938 91.7797 31.9061 89.7412 32.0208 
50.2494 55.0818 53.6004 73.7631 80.9506 47.7074 48.6621 97.1518 67.7791 61.7372 16.2788 29.4109 59.2284 34.4819 44.0454 111.979 64.1426 72.5603 74.0608 90.471 111.903 102.487 20.0998 97.949 50.2096 84.9247 40.1123 34.2345 53.9351 41.3038 54.5894 81.0019 92.3213 108.275 26.4764 4.47214 74.1687 80.0058 60.0083 92.1938 64.3817 85.9069 84.1487 44.2832 105.772 93.3143 10.0499 44.2719 95.4539 43.0813 59.0762 71.8917 41.1947 82.7345 79.6053 67.2086 19.0 77.5242 81.0432 89.8889 41.0366 81.9527 76.1643 93.984 0.0 65.9469 79.511 92.957 61.0737 80.4707 
21.9976 48.5129 58.6619 48.3818 22.8035 24.1868 42.2966 31.3847 25.6987 27.2439 59.4811 36.7989 63.833 41.2311 49.6752 46.6154 29.6493 56.2125 62.3096 33.7343 46.0435 40.4475 56.8595 37.054 16.5529 21.831 50.4536 46.8722 40.9682 42.4709 43.1861 30.0167 41.2311 42.45 54.8903 65.0 49.1237 35.0281 52.0501 31.0161 3.16228 28.8617 51.8757 45.0111 41.1096 27.7308 59.5513 61.4953 56.4679 63.4536 56.5614 16.1266 46.0435 45.8495 22.1359 3.16228 55.4617 62.8422 50.8238 37.6962 25.5539 34.6254 58.7548 39.2938 65.9469 0.0 61.0422 27.0185 50.6559 24.6433 
62.9682 24.7386 97.4936 13.6015 77.0964 42.5441 31.0161 70.8802 82.0711 36.1587 64.1327 63.7887 103.354 46.0109 88.2383 85.9069 41.1226 7.0 7.81025 85.9651 79.6304 86.3771 60.0167 85.0882 50.2494 46.4866 87.6641 45.2769 81.8352 80.6226 84.0595 85.6907 95.4511 70.1783 85.703 75.8024 105.496 91.4005 20.6155 80.0749 62.4223 82.0047 108.248 35.2278 83.2406 70.2282 80.0062 98.6813 112.526 99.93 96.2615 44.9714 38.3275 102.222 76.6661 59.6834 60.6712 119.215 13.0384 91.8718 52.5547 29.1204 115.127 91.7797 79.511 61.0422 0.0 64.846 18.9737 81.0157 
49.0039 68.1836 74.6246 52.1728 23.0217 49.7936 64.1327 6.08276 35.9026 38.833 86.1314 63.8051 79.7957 67.1745 69.2844 22.0227 35.7351 63.1506 69.4262 26.8328 19.2354 21.9545 83.3504 21.9317 43.2666 18.4391 71.028 72.3338 56.9309 63.9393 59.1488 32.3883 37.1214 16.1245 81.3776 92.0054 55.5622 39.4588 70.0 18.868 28.8444 25.0 56.5155 67.9117 18.4391 6.40312 86.5576 81.4 56.3649 83.8447 72.5241 27.8927 69.6419 50.2195 24.0 26.1054 82.0485 69.2604 52.2015 34.0147 52.4309 35.7351 65.192 31.9061 92.957 27.0185 64.846 0.0 68.0074 34.9258 
53.1507 6.0 85.2115 19.7231 73.4536 31.1448 13.9284 74.027 70.5021 31.3209 45.3982 48.7545 91.4002 28.8617 75.1665 90.0 36.0555 12.53 13.0 83.9734 85.3756 87.8237 41.3038 85.5102 40.6079 50.0899 73.9256 27.0185 71.4213 67.6757 73.5527 80.1814 91.6948 77.1038 69.8928 57.2189 92.624 85.1498 2.23607 79.8311 47.508 79.3932 100.17 17.1172 86.1452 72.2496 62.3939 84.534 106.219 85.4283 85.0416 41.7732 20.025 94.2794 72.7495 56.1345 42.107 103.017 25.4951 88.2043 39.8246 35.4401 102.255 89.7412 61.0737 50.6559 18.9737 68.0074 0.0 74.765 
