NAME  : Jabali_70_3_0.90_1_9
TYPE : SVRP
MODEL : FINITE_SUPPORT
NUMBER_OF_SCENARIOS : 200
DIMENSION : 70
EDGE_WEIGHT_TYPE : MATRIX
CAPACITY : 131
N_VEHICLES : 3
NODE_COORD_SECTION
1 3677 3879
2 2621 6069
3 1030 6856
4 3782 2920
5 5623 3420
6 2369 836
7 6446 529
8 4953 1485
9 2149 6936
10 1884 2015
11 4444 265
12 3021 5393
13 5436 2261
14 6091 5785
15 2582 597
16 5408 6020
17 7183 7353
18 5841 4066
19 5742 1144
20 5585 2610
21 7385 3933
22 3807 4794
23 3439 3324
24 6853 6022
25 5491 7100
26 5602 5288
27 6157 7280
28 5039 6403
29 2817 342
30 1818 4206
31 5366 2748
32 3838 4310
33 6479 183
34 4265 4140
35 3265 6397
36 6993 6096
37 3633 2022
38 3620 5377
39 213 4719
40 3387 1721
41 5518 921
42 2236 576
43 7167 2090
44 7051 2888
45 217 5207
46 27 5992
47 6124 3840
48 6729 5373
49 1700 4470
50 880 2725
51 601 4398
52 1083 427
53 6445 4344
54 2842 1525
55 2438 951
56 7623 1880
57 4449 1104
58 7239 5993
59 6326 1859
60 374 5140
61 1810 6535
62 2668 5863
63 2792 5929
64 4575 6438
65 7773 1290
66 515 6369
67 4488 4995
68 7917 827
69 5166 18
70 2158 5674
DEMAND_SECTION
1 0.0
2 3.0
3 9.0
4 3.0
5 6.0
6 8.0
7 1.0
8 10.0
9 1.0
10 7.0
11 4.0
12 10.0
13 8.0
14 3.0
15 1.0
16 2.0
17 2.0
18 8.0
19 6.0
20 6.0
21 7.0
22 4.0
23 8.0
24 5.0
25 10.0
26 3.0
27 7.0
28 4.0
29 1.0
30 7.0
31 3.0
32 2.0
33 10.0
34 2.0
35 8.0
36 9.0
37 10.0
38 3.0
39 1.0
40 1.0
41 8.0
42 2.0
43 4.0
44 9.0
45 1.0
46 8.0
47 4.0
48 8.0
49 2.0
50 7.0
51 2.0
52 8.0
53 2.0
54 4.0
55 7.0
56 1.0
57 6.0
58 9.0
59 2.0
60 4.0
61 6.0
62 1.0
63 2.0
64 9.0
65 7.0
66 8.0
67 5.0
68 9.0
69 5.0
70 3.0
DEVIATION_SECTION
1 0.0
2 1.0
3 3.0
4 1.0
5 2.0
6 2.66667
7 0.333333
8 3.33333
9 0.333333
10 2.33333
11 1.33333
12 3.33333
13 2.66667
14 1.0
15 0.333333
16 0.666667
17 0.666667
18 2.66667
19 2.0
20 2.0
21 2.33333
22 1.33333
23 2.66667
24 1.66667
25 3.33333
26 1.0
27 2.33333
28 1.33333
29 0.333333
30 2.33333
31 1.0
32 0.666667
33 3.33333
34 0.666667
35 2.66667
36 3.0
37 3.33333
38 1.0
39 0.333333
40 0.333333
41 2.66667
42 0.666667
43 1.33333
44 3.0
45 0.333333
46 2.66667
47 1.33333
48 2.66667
49 0.666667
50 2.33333
51 0.666667
52 2.66667
53 0.666667
54 1.33333
55 2.33333
56 0.333333
57 2.0
58 3.0
59 0.666667
60 1.33333
61 2.0
62 0.333333
63 0.666667
64 3.0
65 2.33333
66 2.66667
67 1.66667
68 3.0
69 1.66667
70 1.0
DISTANCE_MATRIX
0.0 34.211 58.7219 13.1538 27.6472 45.1774 62.445 41.2214 47.7727 36.1248 49.1045 24.7808 34.9315 41.3401 47.1145 36.7696 66.0681 30.0167 50.8742 33.9039 50.2494 12.2824 8.06226 52.3546 48.9363 32.249 55.9732 37.6955 49.6742 26.6833 31.2372 5.83095 67.7942 8.06226 36.9152 52.7731 25.3961 21.4117 48.7172 29.8329 51.5576 48.7647 57.6082 48.2284 50.4535 58.1086 33.2415 45.8803 28.4689 42.0595 43.4166 59.5483 38.0526 34.9285 44.2945 63.8954 41.7101 55.4617 48.0481 49.0796 47.5091 32.6497 32.0177 36.6579 68.9714 61.634 17.6918 73.5424 57.521 37.0164 
34.211 0.0 25.0 46.8013 52.3036 68.5157 96.0925 74.8689 13.9284 53.5206 80.9064 9.84886 65.0489 46.2709 71.4722 37.0135 63.7887 51.0324 84.5217 60.9243 70.7743 22.4818 42.2121 57.0351 41.1096 40.5418 50.2892 32.249 74.5587 25.807 59.1224 28.9568 101.442 32.5517 9.05539 58.0775 56.9106 16.6712 36.6879 59.4722 85.2051 71.6352 79.8702 72.6158 34.3657 35.5106 55.1237 55.109 24.0832 49.4065 34.8855 77.2528 57.0121 60.7997 67.5166 86.2087 75.3576 61.0737 74.5564 33.541 13.4536 2.0 2.23607 26.3059 92.9295 29.7321 28.8054 98.5731 91.1685 7.61577 
58.7219 25.0 0.0 64.8174 76.5155 82.6075 120.603 88.7726 15.1327 66.1211 96.3815 33.9411 89.2398 68.9638 85.8429 59.203 82.0 75.2442 100.166 85.1153 94.096 46.6905 57.7968 78.8543 59.0339 64.4748 68.0 53.1507 89.2693 36.3456 83.3133 53.1478 115.345 56.7426 32.2025 80.05 72.3857 40.883 30.0167 74.9466 99.1088 85.3756 104.063 96.8277 24.4131 17.4929 79.3356 78.4347 33.2415 55.7315 32.8938 87.367 80.3195 75.9276 81.6149 110.401 88.987 82.9759 98.7473 24.6982 11.6619 26.2488 27.0185 47.2969 117.319 9.43398 53.0173 122.764 104.798 22.2036 
13.1538 46.8013 64.8174 0.0 26.3059 34.2148 52.7501 28.8709 60.3631 29.1548 36.7541 37.3711 24.3519 52.3105 36.0528 48.7208 77.532 32.9893 40.2647 23.7697 50.636 24.8727 7.2111 62.9422 61.3096 43.0963 68.0908 49.9918 38.7541 32.2025 21.3776 18.7319 55.4437 18.1244 49.5056 63.2229 13.0623 34.0021 54.3783 17.5491 39.2071 37.8191 47.1896 44.4072 57.0088 65.0538 34.21 55.7315 34.8281 40.0 48.3735 50.448 41.2626 23.6008 33.4215 53.3921 29.3596 65.7653 37.4684 55.6058 56.9367 45.2401 44.608 49.0342 58.3918 63.7618 29.9365 62.9628 45.1706 44.8978 
27.6472 52.3036 76.5155 26.3059 0.0 59.4076 40.1995 26.4197 66.2285 55.0818 41.2218 42.638 14.8661 32.28 59.0141 35.0 56.7979 8.94427 30.2655 10.4403 24.3311 29.8329 30.0666 39.4462 49.0408 25.0799 52.1728 40.3113 57.5165 54.3007 9.43398 26.9294 44.1814 20.6056 50.3734 39.1152 36.9531 37.5366 76.3638 40.9905 32.7567 62.7948 27.6586 20.5913 78.1001 83.5131 8.60233 30.2324 56.1032 66.1211 71.0518 74.9647 16.2788 47.5736 58.6155 33.9706 33.8273 40.8044 22.8035 76.7262 65.3033 50.5188 50.073 41.4849 40.8044 79.6308 26.0768 46.3249 45.2217 55.0 
45.1774 68.5157 82.6075 34.2148 59.4076 0.0 51.788 34.9285 80.1756 17.088 40.8329 63.014 46.2341 84.8153 3.60555 81.2256 110.037 65.2428 43.0116 50.039 80.2961 57.3115 37.1214 95.6689 93.8144 75.6011 100.596 82.5767 7.81025 46.2709 50.0399 51.0 52.6308 50.6292 73.848 95.4654 23.0245 66.4408 61.327 18.4512 40.0125 3.60555 65.7647 68.4593 66.4831 77.1622 67.4932 86.7403 49.366 33.0151 55.1543 18.6815 75.303 10.8384 1.0 70.2567 26.4764 97.3704 53.7587 65.192 76.0 66.659 67.0673 81.539 71.0282 79.0759 62.4413 72.4431 35.1141 64.0712 
62.445 96.0925 120.603 52.7501 40.1995 51.788 0.0 24.0416 110.337 62.9159 38.2029 86.6623 27.5136 71.1758 49.366 75.1066 93.3916 48.0 12.8062 30.8058 48.3322 74.1639 57.6878 75.71 89.0225 65.0308 91.2688 80.5047 46.0977 78.7466 33.2415 68.023 4.0 59.5793 98.7967 74.9533 41.6251 76.6381 100.005 42.7271 13.6015 53.3385 23.6008 33.1059 103.382 112.312 45.0999 66.2873 81.7013 79.2029 93.723 69.1158 51.6236 50.9393 51.9711 24.2074 28.6531 75.6902 18.1108 101.968 109.391 94.5312 93.8992 81.4123 21.1896 111.596 65.4048 21.0238 18.2483 98.8979 
41.2214 74.8689 88.7726 28.8709 26.4197 34.9285 24.0416 0.0 88.4306 40.7922 16.099 65.4387 12.0416 58.4907 33.8378 60.3702 83.1865 35.3553 11.4018 16.4012 45.8039 52.9403 33.8087 65.8635 74.4993 50.7713 78.1949 65.2867 32.2025 54.8674 17.0 46.7994 27.0185 46.1919 77.5731 65.5134 18.3848 62.0696 76.1259 20.2237 10.8167 37.6431 31.0644 33.6155 79.5028 88.4326 34.4093 56.6039 57.8222 56.3028 69.8495 53.6004 42.2019 27.0 34.7131 36.0555 8.544 67.1193 19.0263 78.0887 88.167 73.3076 72.6756 66.1721 38.3275 87.717 50.0595 41.2311 20.025 68.8531 
47.7727 13.9284 15.1327 60.3631 66.2285 80.1756 110.337 88.4306 0.0 64.9384 92.5663 23.7697 78.9738 54.0833 83.1321 44.2719 67.0298 62.9748 98.7666 74.8492 79.9378 36.4067 53.9815 63.7887 44.0 50.1199 53.0377 38.0789 86.2186 35.4401 73.0473 42.8817 115.687 46.4766 18.4391 65.0 68.5704 30.596 38.4187 71.1321 98.7668 83.2951 93.7951 85.7463 34.1321 30.8058 67.1468 63.6946 32.8938 58.1808 38.9487 88.0568 66.1613 72.4596 79.1765 100.134 88.9193 67.9117 88.4812 33.8378 6.40312 15.8114 16.1555 32.28 106.854 23.1948 45.7982 112.498 104.73 16.1245 
36.1248 53.5206 66.1211 29.1548 55.0818 17.088 62.9159 40.7922 64.9384 0.0 47.1386 48.0189 48.0104 77.201 20.6155 72.8629 102.176 62.0305 51.3702 50.3322 79.3095 48.3356 28.6007 87.9204 84.9917 68.0074 92.0298 73.751 24.5967 30.0167 48.5246 41.7253 64.3724 43.0116 58.8528 88.2046 23.0217 57.4649 44.2832 20.6155 49.7401 19.4165 71.2531 71.1758 49.3964 60.0833 63.2456 80.7132 33.0 17.0294 38.0789 24.1868 70.3038 15.2643 16.1555 76.6551 39.7442 90.7469 59.4138 48.1041 60.2993 51.6639 52.0721 72.7133 79.0759 62.1691 53.7587 81.6798 48.0505 48.8365 
49.1045 80.9064 96.3815 36.7541 41.2218 40.8329 38.2029 16.099 92.5663 47.1386 0.0 73.3219 27.4012 73.4182 39.7924 84.6715 98.4693 50.1627 26.2315 31.5183 61.4777 60.8234 39.6356 81.4416 97.2603 65.5707 92.9942 85.9425 38.2947 62.7397 31.8541 54.6826 40.7321 54.0751 85.4563 81.2381 25.4222 69.9528 83.9178 26.5242 24.6015 43.573 47.1248 49.6264 87.3806 96.276 49.3073 72.513 65.6717 63.0 77.6033 59.5077 57.1171 33.0227 40.6142 52.0122 14.6056 83.1431 35.0832 85.9667 88.5008 79.0497 79.458 84.9849 53.9535 95.3149 65.8872 56.5412 30.4165 76.4619 
24.7808 9.84886 33.9411 37.3711 42.638 63.014 86.6623 65.4387 23.7697 48.0189 73.3219 0.0 55.2987 42.1918 65.9706 36.7614 65.2043 41.5933 75.0915 51.1742 61.4654 12.8062 32.782 53.5006 43.4186 35.0571 52.326 33.2522 69.057 22.4722 49.3722 19.2066 92.0115 22.8015 12.2361 54.3438 49.63 8.06226 39.0512 54.0919 75.7749 66.1336 70.1961 63.0079 38.2099 41.7852 45.6508 50.04 21.9317 45.2769 35.6931 71.7519 47.7598 55.2981 62.015 76.5346 65.9274 57.3213 64.8062 37.1214 22.8035 8.06226 7.61577 27.7312 83.3782 37.2156 19.6469 88.8229 81.7383 12.53 
34.9315 65.0489 89.2398 24.3519 14.8661 46.2341 27.5136 12.0416 78.9738 48.0104 27.4012 55.2987 0.0 47.1275 45.1936 49.2544 71.5891 23.7697 16.0312 4.47214 34.1321 42.3733 30.457 54.1202 63.3877 39.6232 66.9403 54.1771 43.6959 56.0017 6.0 40.5096 31.3209 33.1245 67.4331 53.7122 25.0799 50.1833 78.3421 28.6356 18.1108 48.9742 24.0416 23.3452 80.5509 88.2182 22.4722 44.7772 58.3891 61.8536 72.4804 64.2698 30.2324 36.1386 46.1378 30.0832 20.0 55.2268 13.6015 79.1689 78.027 63.1676 62.8183 54.9575 34.6699 86.9262 38.9499 39.0512 30.3645 67.5343 
41.3401 46.2709 68.9638 52.3105 32.28 84.8153 71.1758 58.4907 54.0833 77.201 73.4182 42.1918 47.1275 0.0 91.2105 9.84886 25.6125 23.5372 62.3699 42.72 30.8869 34.176 48.6004 11.4018 19.3132 9.21954 20.0998 16.6433 89.7129 63.0635 41.4367 36.2353 75.1665 34.2053 37.4833 12.1655 66.3514 34.1383 81.2339 70.8382 65.0 88.4177 52.7731 41.9762 80.0 81.7435 26.0768 10.0 63.3482 82.8467 77.7817 99.9678 20.2237 74.4057 83.9636 57.7235 66.0237 15.1327 53.0848 79.0063 57.7235 46.0977 45.0999 21.9317 65.7343 75.505 24.6982 71.8053 77.4919 53.0377 
47.1145 71.4722 85.8429 36.0528 59.0141 3.60555 49.366 33.8378 83.1321 20.6155 39.7924 65.9706 45.1936 91.2105 0.0 83.095 116.262 67.9551 41.1947 49.3106 79.2701 59.2069 39.0759 99.234 95.6838 77.4705 102.465 84.366 4.24264 49.4975 49.6464 52.9256 50.01 52.4986 76.8045 99.0304 24.8625 68.3362 64.8845 20.2892 38.0526 4.0 64.3273 67.4166 70.0071 80.6536 67.0997 90.3053 52.6118 36.6197 58.6941 20.0998 74.9095 12.6764 4.47214 68.593 25.2982 100.935 52.3927 68.7095 79.0253 69.6155 70.0238 83.4084 69.0072 82.4621 64.3107 70.1783 32.28 67.0278 
36.7696 37.0135 59.203 48.7208 35.0 81.2256 75.1066 60.3702 44.2719 72.8629 84.6715 36.7614 49.2544 9.84886 83.095 0.0 29.6816 27.2947 65.123 45.0999 39.2046 28.0179 44.5982 20.025 14.1421 10.198 19.4165 7.07107 85.6547 55.9338 43.2897 31.1448 79.1012 30.8058 28.0713 21.095 60.9797 26.6952 72.6911 65.4415 67.3647 84.8281 58.8218 48.4665 71.1126 72.3395 30.8058 19.7231 56.0466 77.8467 69.6964 96.2601 26.8328 70.816 80.3739 64.2573 67.7751 24.0832 57.3149 70.1783 48.0521 37.0135 36.0139 12.083 72.111 65.9242 19.105 78.1089 79.461 44.0454 
66.0681 63.7887 82.0 77.532 56.7979 110.037 93.3916 83.1865 67.0298 102.176 98.4693 65.2043 71.5891 25.6125 116.262 29.6816 0.0 47.8539 86.0349 67.1193 47.0106 57.6888 73.6614 17.72 23.0868 34.7131 14.0 31.9531 114.764 85.6119 66.1891 60.6053 97.2934 59.4138 54.8179 18.4391 91.4025 56.3733 100.424 95.8893 88.955 113.639 72.3395 61.4003 98.0612 97.4166 49.3964 27.2029 84.9227 107.991 98.0306 125.189 42.0595 99.6273 109.185 76.0263 91.0748 18.0278 75.4321 97.2934 72.2496 64.2884 63.3246 37.6431 84.006 90.1388 48.6004 90.0 101.769 71.3092 
30.0167 51.0324 75.2442 32.9893 8.94427 65.2428 48.0 35.3553 62.9748 62.0305 50.1627 41.5933 23.7697 23.5372 67.9551 27.2947 47.8539 0.0 38.833 19.3132 20.3961 29.1548 34.5254 30.5287 41.0488 17.1172 43.566 33.2415 66.4574 56.4358 18.3576 27.6586 52.0 22.0907 44.9366 30.2324 44.1862 35.2278 77.9327 48.4355 41.4849 68.847 32.2025 22.8035 78.4474 83.2586 4.24264 21.4009 58.0415 71.0211 73.0347 82.1978 8.544 54.8067 64.6882 38.0789 42.7683 32.0156 30.0666 77.201 64.0321 49.2475 48.8018 35.3412 45.618 78.7718 22.8035 51.4782 54.0833 54.1202 
50.8742 84.5217 100.166 40.2647 30.2655 43.0116 12.8062 11.4018 98.7666 51.3702 26.2315 75.0915 16.0312 62.3699 41.1947 65.123 86.0349 38.833 0.0 20.025 44.0454 62.5931 45.2025 68.352 79.2275 55.3263 82.3772 70.0682 38.6394 66.2613 22.0227 56.4523 16.1245 55.8447 87.2259 67.7791 29.5296 69.88 87.5198 30.7557 3.60555 45.1774 23.7697 29.7321 90.8966 99.8264 36.6879 58.8727 69.216 67.2315 81.2433 61.2944 44.0114 40.7068 43.0 27.4591 17.4642 68.942 12.8062 89.4825 97.8198 82.9605 82.3284 70.8486 28.1603 99.1109 54.841 30.3645 16.4012 87.3271 
33.9039 60.9243 85.1153 23.7697 10.4403 50.039 30.8058 16.4012 74.8492 50.3322 31.5183 51.1742 4.47214 42.72 49.3106 45.0999 67.1193 19.3132 20.025 0.0 30.4138 38.2488 29.5466 49.6488 59.2115 35.3553 62.5859 50.0526 47.813 55.0091 2.82843 35.3238 34.7131 29.0 63.3086 49.2443 27.6776 46.0588 77.3692 31.6228 22.3607 53.0913 23.7065 21.0 79.5301 87.2202 18.0278 40.3113 57.3615 63.2851 71.5891 67.3789 25.807 39.2173 49.2469 30.0167 24.0832 50.774 15.0 78.1456 73.9025 59.0431 58.6937 50.833 35.4683 88.0274 34.8254 40.3113 34.7851 63.4098 
50.2494 70.7743 94.096 50.636 24.3311 80.2961 48.3322 45.8039 79.9378 79.3095 61.4777 61.4654 34.1321 30.8869 79.2701 39.2046 47.0106 20.3961 44.0454 30.4138 0.0 49.3356 54.037 30.2655 50.0899 30.4138 48.7647 46.2277 77.7724 76.7919 31.3847 48.0521 52.0 42.4264 61.8996 29.1548 58.0563 54.5619 98.2961 62.0015 47.5079 83.0507 25.7099 15.2315 98.7623 103.247 17.0294 22.1359 78.4153 90.3549 93.4085 97.7586 13.8924 69.5965 79.6266 29.0172 54.0833 29.0 31.6228 97.5295 82.5132 68.9895 68.5437 50.2096 37.0 98.5139 42.0476 43.0116 60.4401 73.9256 
12.2824 22.4818 46.6905 24.8727 29.8329 57.3115 74.1639 52.9403 36.4067 48.3356 60.8234 12.8062 42.3733 34.176 59.2069 28.0179 57.6888 29.1548 62.5931 38.2488 49.3356 0.0 20.2835 45.5412 39.725 25.7099 46.815 28.4843 61.8066 29.2746 36.4468 6.7082 79.5131 10.2956 24.8661 46.1736 37.1316 9.21954 49.366 41.5935 63.2764 60.9079 57.3936 50.2195 49.4773 54.1295 33.1059 40.4475 30.0167 53.3188 45.0111 71.8294 35.9026 46.9574 56.4433 63.7321 53.429 49.0408 51.8808 48.2701 35.4816 20.697 20.2512 27.4466 70.4529 49.93 9.48683 75.8976 69.2399 25.2389 
8.06226 42.2121 57.7968 7.2111 30.0666 37.1214 57.6878 33.8087 53.9815 28.6007 39.6356 32.782 30.457 48.6004 39.0759 44.5982 73.6614 34.5254 45.2025 29.5466 54.037 20.2835 0.0 59.3633 56.9244 39.4081 63.8905 45.6836 41.6356 25.5539 26.9258 13.8924 60.3814 14.4222 44.9164 59.6825 18.0 29.4129 47.8853 22.2036 44.1448 40.7063 53.2259 49.4773 50.2195 58.0332 37.1214 52.3259 28.0179 36.4966 42.0476 51.6624 42.9535 26.9258 36.2353 59.4811 34.2974 62.2656 43.5735 48.8262 49.916 40.6509 40.0188 44.646 64.4968 56.7412 25.6125 69.0679 50.1083 37.8772 
52.3546 57.0351 78.8543 62.9422 39.4462 95.6689 75.71 65.8635 63.7887 87.9204 81.4416 53.5006 54.1202 11.4018 99.234 20.025 17.72 30.5287 68.352 49.6488 30.2655 45.5412 59.3633 0.0 23.4307 20.1246 19.2354 25.7099 97.7363 74.4648 48.8774 47.4236 79.6241 44.9444 48.0937 1.41421 74.3748 45.4471 92.4409 78.8616 71.3092 99.2731 55.0364 44.0454 91.0494 92.3472 31.7805 9.48683 74.7329 94.0352 89.1079 110.6 24.3516 84.9953 94.8768 59.0762 73.2685 4.12311 57.7235 90.0888 67.897 57.0 56.0 31.5753 67.1193 85.8429 36.0555 73.171 84.1724 64.0078 
48.9363 41.1096 59.0339 61.3096 49.0408 93.8144 89.0225 74.4993 44.0 84.9917 97.2603 43.4186 63.3877 19.3132 95.6838 14.1421 23.0868 41.0488 79.2275 59.2115 50.0899 39.725 56.9244 23.4307 0.0 24.0 9.21954 11.4018 98.2435 63.986 57.4282 43.3644 93.0215 43.8292 32.311 24.8395 73.5685 50.2379 77.7946 78.0303 81.4985 97.4169 71.8053 61.131 75.1864 74.3303 44.2832 28.3019 63.137 87.1499 75.7694 108.471 39.2938 83.4048 92.9624 76.922 81.9042 27.2029 71.1126 74.4648 49.163 41.7852 40.8534 15.8114 84.8999 67.0671 31.3847 90.956 93.5901 48.7032 
32.249 40.5418 64.4748 43.0963 25.0799 75.6011 65.0308 50.7713 50.1199 68.0074 65.5707 35.0571 39.6232 9.21954 77.4705 10.198 34.7131 17.1172 55.3263 35.3553 30.4138 25.7099 39.4081 20.1246 24.0 0.0 27.5136 16.5529 81.8654 54.9181 33.7343 27.313 69.029 25.0 32.311 20.6155 58.5039 27.1662 74.0 62.9907 57.7062 79.2036 48.7032 38.4838 73.2462 75.9974 20.6155 15.0 55.4437 73.9256 70.1783 90.7536 17.2047 65.1915 74.7494 54.231 58.1762 23.4094 47.1699 72.1734 52.9245 40.1082 39.1255 19.8494 62.0322 70.2165 16.2788 68.0074 69.857 46.8836 
55.9732 50.2892 68.0 68.0908 52.1728 100.596 91.2688 78.1949 53.0377 92.0298 92.9942 52.326 66.9403 20.0998 102.465 19.4165 14.0 43.566 82.3772 62.5859 48.7647 46.815 63.8905 19.2354 9.21954 27.5136 0.0 19.4165 105.025 72.8934 61.131 50.4024 95.2575 50.2195 41.4367 20.5913 80.3497 59.1453 86.977 84.8116 84.9294 104.198 72.3395 61.4003 84.4038 83.4865 46.1736 26.6833 72.0444 97.065 84.8646 115.521 40.0125 90.1861 99.744 76.9415 85.5998 22.2036 73.171 83.678 58.3095 50.9215 49.98 24.5967 85.0 76.1643 38.2884 91.0824 97.2677 57.8705 
37.6955 32.249 53.1507 49.9918 40.3113 82.5767 80.5047 65.2867 38.0789 73.751 85.9425 33.2522 54.1771 16.6433 84.366 7.07107 31.9531 33.2415 70.0682 50.0526 46.2277 28.4843 45.6836 25.7099 11.4018 16.5529 19.4165 0.0 86.9257 53.8196 48.2506 32.1236 84.4808 32.6956 23.1948 26.9258 62.2507 40.0715 68.6586 66.7125 72.2871 86.1792 65.192 55.0364 66.6108 67.0298 37.0 26.6271 52.9706 78.7342 66.0984 97.23 33.6155 72.1672 81.7251 70.7743 72.6916 29.8329 62.9682 65.7647 42.2966 32.5576 31.5753 6.0 78.5493 60.2993 20.1246 84.5044 84.3775 39.6232 
49.6742 74.5587 89.2693 38.7541 57.5165 7.81025 46.0977 32.2025 86.2186 24.5967 38.2947 69.057 43.6959 89.7129 4.24264 85.6547 114.764 66.4574 38.6394 47.813 77.7724 61.8066 41.6356 97.7363 98.2435 81.8654 105.025 86.9257 0.0 52.9528 48.1488 55.4853 46.5296 55.0583 79.891 97.5327 27.4222 70.936 68.8767 22.8489 35.3553 7.61577 62.0967 65.7951 73.9256 84.5044 65.602 88.8077 56.0892 40.8044 62.6498 23.0217 73.4118 15.2361 8.60233 66.0984 23.7065 99.4378 50.2892 72.6154 82.1523 72.702 73.1103 85.9681 66.1211 86.1278 66.8704 67.0298 28.6356 70.1142 
26.6833 25.807 36.3456 32.2025 54.3007 46.2709 78.7466 54.8674 35.4401 30.0167 62.7397 22.4722 56.0017 63.0635 49.4975 55.9338 85.6119 56.4358 66.2613 55.0091 76.7919 29.2746 25.5539 74.4648 63.986 54.9181 72.8934 53.8196 52.9528 0.0 52.3441 29.0172 81.4402 34.3657 32.5576 75.1864 38.0132 29.9666 22.3607 39.8246 65.2036 49.0918 78.7147 74.7505 24.8395 33.6006 59.8415 69.7209 3.16228 23.6008 16.7631 52.6308 64.1249 39.8497 45.2769 85.0 55.3453 78.1025 69.1182 23.4307 30.4138 24.2074 24.8395 48.2986 90.0415 33.6155 38.6394 94.6126 71.1562 19.6977 
31.2372 59.1224 83.3133 21.3776 9.43398 50.0399 33.2415 17.0 73.0473 48.5246 31.8541 49.3722 6.0 41.4367 49.6464 43.2897 66.1891 18.3576 22.0227 2.82843 31.3847 36.4468 26.9258 48.8774 57.4282 33.7343 61.131 48.2506 48.1488 52.3441 0.0 33.5218 37.108 27.198 61.5066 48.5489 27.6776 44.2568 74.7032 31.6228 24.0832 53.4271 26.4197 23.0868 76.8984 84.5535 17.6918 39.6611 54.6948 61.131 68.942 67.3798 25.4951 39.2178 49.2478 32.7567 24.4596 50.2195 17.8045 75.4789 72.1005 57.2411 56.8918 49.031 38.2884 86.2254 33.0235 43.1393 36.1386 61.6078 
5.83095 28.9568 53.1478 18.7319 26.9294 51.0 68.023 46.7994 42.8817 41.7253 54.6826 19.2066 40.5096 36.2353 52.9256 31.1448 60.6053 27.6586 56.4523 35.3238 48.0521 6.7082 13.8924 47.4236 43.3644 27.313 50.4024 32.1236 55.4853 29.0172 33.5218 0.0 73.3722 6.40312 31.341 47.927 30.9908 15.8375 54.2072 35.4526 57.1356 54.5894 54.4686 47.5079 54.7337 59.9422 31.3209 41.4849 34.3764 46.6154 49.5013 65.2993 35.1283 40.7185 50.1199 60.8071 47.2881 50.6952 48.9558 53.4806 41.9349 27.0756 26.7262 31.0859 67.5279 56.0599 12.0416 72.9726 63.0991 31.4422 
67.7942 101.442 115.345 55.4437 44.1814 52.6308 4.0 27.0185 115.687 64.3724 40.7321 92.0115 31.3209 75.1665 50.01 79.1012 97.2934 52.0 16.1245 34.7131 52.0 79.5131 60.3814 79.6241 93.0215 69.029 95.2575 84.4808 46.5296 81.4402 37.108 73.3722 0.0 63.5296 104.146 78.8543 44.1543 80.5883 102.65 45.2563 16.2788 53.9351 26.9258 36.7696 106.076 115.005 49.0918 70.214 84.3949 81.4007 96.3354 69.4622 55.5788 52.3958 52.8867 26.8701 30.8058 79.555 22.0907 104.661 114.74 99.8804 99.2484 85.3625 22.8254 114.29 69.355 21.587 18.0278 104.247 
8.06226 32.5517 56.7426 18.1244 20.6056 50.6292 59.5793 46.1919 46.4766 43.0116 54.0751 22.8015 33.1245 34.2053 52.4986 30.8058 59.4138 22.0907 55.8447 29.0 42.4264 10.2956 14.4222 44.9444 43.8292 25.0 50.2195 32.6956 55.0583 34.3657 27.198 6.40312 63.5296 0.0 34.9359 45.2769 30.3833 19.3132 56.2514 34.8451 56.5281 54.2316 48.1448 41.1868 58.3286 63.5371 25.4951 38.0789 36.0031 50.0 50.9963 65.7817 30.0167 40.2196 49.7775 54.4833 46.6806 47.8853 42.632 57.0755 45.5298 30.6704 30.3211 31.6609 61.2041 59.6547 12.6491 66.6488 62.4916 35.0371 
36.9152 9.05539 32.2025 49.5056 50.3734 73.848 98.7967 77.5731 18.4391 58.8528 85.4563 12.2361 67.4331 37.4833 76.8045 28.0713 54.8179 44.9366 87.2259 63.3086 61.8996 24.8661 44.9164 48.0937 32.311 32.311 41.4367 23.1948 79.891 32.5576 61.5066 31.341 104.146 34.9359 0.0 49.163 61.7645 19.0554 45.607 64.8045 87.9093 76.9675 77.0039 67.7081 43.4166 44.2832 49.1086 46.5725 31.4006 55.9017 43.4626 82.5859 48.1231 66.132 72.8489 82.9828 78.0618 52.1536 76.9406 42.5793 20.6155 9.48683 8.544 17.2627 95.3137 38.0789 27.76 100.957 93.8728 16.4924 
52.7731 58.0775 80.05 63.2229 39.1152 95.4654 74.9533 65.5134 65.0 88.2046 81.2381 54.3438 53.7122 12.1655 99.0304 21.095 18.4391 30.2324 67.7791 49.2443 29.1548 46.1736 59.6825 1.41421 24.8395 20.6155 20.5913 26.9258 97.5327 75.1864 48.5489 47.927 78.8543 45.2769 49.163 0.0 74.1712 46.2903 93.3552 78.6581 70.7743 99.0696 54.0833 43.1045 92.0217 93.4345 31.305 8.94427 75.505 94.541 89.9444 110.88 23.7697 84.7917 94.6733 58.0345 72.921 3.0 57.0088 91.0494 69.0507 58.0086 57.0088 32.7567 66.0681 86.977 36.6879 72.111 83.672 65.0 
25.3961 56.9106 72.3857 13.0623 36.9531 23.0245 41.6251 18.3848 68.5704 23.0217 25.4222 49.63 25.0799 66.3514 24.8625 60.9797 91.4025 44.1862 29.5296 27.6776 58.0563 37.1316 18.0 74.3748 73.5685 58.5039 80.3497 62.2507 27.4222 38.0132 27.6776 30.9908 44.1543 30.3833 61.7645 74.1712 0.0 46.261 58.6941 5.0 28.0237 26.6288 48.2597 48.3735 62.3699 71.6101 45.3113 65.4461 41.0488 37.9473 52.345 40.3113 52.4131 12.2066 22.2325 53.7587 18.0278 76.0763 36.4966 60.959 64.5049 55.0539 55.4621 61.2931 56.6127 71.1969 42.1954 59.6154 33.8387 52.4661 
21.4117 16.6712 40.883 34.0021 37.5366 66.4408 76.6381 62.0696 30.596 57.4649 69.9528 8.06226 50.1833 34.1383 68.3362 26.6952 56.3733 35.2278 69.88 46.0588 54.5619 9.21954 29.4129 45.4471 50.2379 27.1662 59.1453 40.0715 70.936 29.9666 44.2568 15.8375 80.5883 19.3132 19.0554 46.2903 46.261 0.0 47.0956 50.7228 72.4058 70.0373 65.192 57.3847 46.0977 49.2176 39.4081 42.107 29.7321 52.1733 43.7379 80.9587 40.7185 56.0868 65.5726 71.5052 62.5583 49.2678 59.6908 45.0444 29.6709 14.8863 14.4405 34.5505 78.2628 44.4107 12.53 83.7075 78.3692 19.8257 
48.7172 36.6879 30.0167 54.3783 76.3638 61.327 100.005 76.1259 38.4187 44.2832 83.9178 39.0512 78.3421 81.2339 64.8845 72.6911 100.424 77.9327 87.5198 77.3692 98.2961 49.366 47.8853 92.4409 77.7946 74.0 86.977 68.6586 68.8767 22.3607 74.7032 54.2072 102.65 56.2514 45.607 93.3552 58.6941 47.0956 0.0 59.5483 86.4523 63.3246 101.074 96.9192 6.08276 17.0 81.7033 89.0 20.2485 29.6142 6.40312 61.4003 85.1587 57.6888 60.4152 107.355 76.5233 96.3477 91.4586 5.38516 32.0156 36.1386 37.108 62.8172 112.382 22.1359 58.0775 116.953 91.2922 29.1204 
29.8329 59.4722 74.9466 17.5491 40.9905 18.4512 42.7271 20.2237 71.1321 20.6155 26.5242 54.0919 28.6356 70.8382 20.2892 65.4415 95.8893 48.4355 30.7557 31.6228 62.0015 41.5935 22.2036 78.8616 78.0303 62.9907 84.8116 66.7125 22.8489 39.8246 31.6228 35.4526 45.2563 34.8451 64.8045 78.6581 5.0 50.7228 59.5483 0.0 29.1256 22.0554 51.0098 51.9711 63.6003 73.2462 49.076 69.933 42.9418 36.6742 53.1507 35.7911 56.8999 7.61577 17.6591 56.2228 19.1297 80.5631 39.0512 62.2013 67.0666 57.6155 58.0238 65.755 58.4637 73.3485 46.6572 61.0654 34.9407 55.0278 
51.5576 85.2051 99.1088 39.2071 32.7567 40.0125 13.6015 10.8167 98.7668 49.7401 24.6015 75.7749 18.1108 65.0 38.0526 67.3647 88.955 41.4849 3.60555 22.3607 47.5079 63.2764 44.1448 71.3092 81.4985 57.7062 84.9294 72.2871 35.3553 65.2036 24.0832 57.1356 16.2788 56.5281 87.9093 70.7743 28.0237 72.4058 86.4523 29.1256 0.0 42.0476 27.313 33.3017 89.8389 98.7688 39.5601 61.8466 68.1583 65.6015 80.1561 58.1378 47.0106 38.1387 40.05 30.8058 15.2315 72.0139 16.4012 88.4248 98.5032 83.6438 83.0117 73.1725 31.0161 98.0532 57.0599 32.7567 13.0384 79.1892 
48.7647 71.6352 85.3756 37.8191 62.7948 3.60555 53.3385 37.6431 83.2951 19.4165 43.573 66.1336 48.9742 88.4177 4.0 84.8281 113.639 68.847 45.1774 53.0913 83.0507 60.9079 40.7063 99.2731 97.4169 79.2036 104.198 86.1792 7.61577 49.0918 53.4271 54.5894 53.9351 54.2316 76.9675 99.0696 26.6288 70.0373 63.3246 22.0554 42.0476 0.0 68.2495 71.1994 68.6222 79.404 70.8803 90.3445 52.1536 34.4819 57.2451 16.1245 78.6901 14.4426 4.47214 72.5603 29.1204 100.975 56.2939 67.3573 79.0253 69.7785 70.1868 85.1415 73.0068 81.5843 66.0438 74.1687 36.1386 67.1863 
57.6082 79.8702 104.063 47.1896 27.6586 65.7647 23.6008 31.0644 93.7951 71.2531 47.1248 70.1961 24.0416 52.7731 64.3273 58.8218 72.3395 32.2025 23.7697 23.7065 25.7099 57.3936 53.2259 55.0364 71.8053 48.7032 72.3395 65.192 62.0967 78.7147 26.4197 54.4686 26.9258 48.1448 77.0039 54.0833 48.2597 65.192 101.074 51.0098 27.313 68.2495 0.0 11.0 103.269 110.924 28.2312 46.0109 81.0658 85.703 95.2733 84.3445 32.5576 58.0345 65.6201 6.40312 39.3192 54.3323 12.0416 101.85 92.87 78.0854 77.6396 67.5426 13.4164 107.172 53.6004 19.3132 38.833 82.5546 
48.2284 72.6158 96.8277 44.4072 20.5913 68.4593 33.1059 33.6155 85.7463 71.1758 49.6264 63.0079 23.3452 41.9762 67.4166 48.4665 61.4003 22.8035 29.7321 21.0 15.2315 50.2195 49.4773 44.0454 61.131 38.4838 61.4003 55.0364 65.7951 74.7505 23.0868 47.5079 36.7696 41.1868 67.7081 43.1045 48.3735 57.3847 96.9192 51.9711 33.3017 71.1994 11.0 0.0 98.6813 104.031 18.6011 35.0143 76.6844 84.214 91.3498 87.1341 21.8403 59.439 68.2406 15.8114 42.1545 43.4166 16.9706 97.3074 85.6155 70.831 70.3852 57.8014 23.7697 100.125 45.2548 29.8329 45.9674 75.452 
50.4535 34.3657 24.4131 57.0088 78.1001 66.4831 103.382 79.5028 34.1321 49.3964 87.3806 38.2099 80.5509 80.0 70.0071 71.1126 98.0612 78.4474 90.8966 79.5301 98.7623 49.4773 50.2195 91.0494 75.1864 73.2462 84.4038 66.6108 73.9256 24.8395 76.8984 54.7337 106.076 58.3286 43.4166 92.0217 62.3699 46.0977 6.08276 63.6003 89.8389 68.6222 103.269 98.6813 0.0 11.0454 82.2298 88.2043 22.2036 35.3553 11.4018 67.2681 85.3756 62.2656 65.5515 109.522 79.9862 95.0211 93.6675 1.41421 27.7849 34.1321 35.1283 60.6712 114.591 16.1555 57.7062 119.162 95.7971 27.074 
58.1086 35.5106 17.4929 65.0538 83.5131 77.1622 112.312 88.4326 30.8058 60.0833 96.276 41.7852 88.2182 81.7435 80.6536 72.3395 97.4166 83.2586 99.8264 87.2202 103.247 54.1295 58.0332 92.3472 74.3303 75.9974 83.4865 67.0298 84.5044 33.6006 84.5535 59.9422 115.005 63.5371 44.2832 93.4345 71.6101 49.2176 17.0 73.2462 98.7688 79.404 110.924 104.031 11.0454 0.0 87.2353 90.6091 30.6105 46.3897 22.3607 78.3135 89.5377 72.45 76.2168 117.212 88.8816 96.421 101.335 12.1655 25.1794 35.9026 36.8782 61.0328 122.258 8.06226 61.3514 126.829 104.693 29.4109 
33.2415 55.1237 79.3356 34.21 8.60233 67.4932 45.0999 34.4093 67.1468 63.2456 49.3073 45.6508 22.4722 26.0768 67.0997 30.8058 49.3964 4.24264 36.6879 18.0278 17.0294 33.1059 37.1214 31.7805 44.2832 20.6155 46.1736 37.0 65.602 59.8415 17.6918 31.3209 49.0918 25.4951 49.1086 31.305 45.3113 39.4081 81.7033 49.076 39.5601 70.8803 28.2312 18.6011 82.2298 87.2353 0.0 22.3607 61.4968 73.5909 76.49 83.3229 7.81025 55.9318 66.7011 34.0 41.9129 32.7567 27.0185 80.9766 68.1234 53.3388 52.8931 39.3573 41.6293 82.8553 27.0185 47.5395 52.3927 58.1808 
45.8803 55.109 78.4347 55.7315 30.2324 86.7403 66.2873 56.6039 63.6946 80.7132 72.513 50.04 44.7772 10.0 90.3053 19.7231 27.2029 21.4009 58.8727 40.3113 22.1359 40.4475 52.3259 9.48683 28.3019 15.0 26.6833 26.6271 88.8077 69.7209 39.6611 41.4849 70.214 38.0789 46.5725 8.94427 65.4461 42.107 89.0 69.933 61.8466 90.3445 46.0109 35.0143 88.2043 90.6091 22.3607 0.0 70.3491 87.9204 85.1469 103.458 14.8661 76.0666 85.9482 50.3587 64.0174 10.6301 48.2701 87.1436 67.0522 54.7449 53.7587 31.7648 58.4209 84.6463 31.1448 64.4981 74.7329 61.5292 
28.4689 24.0832 33.2415 34.8281 56.1032 49.366 81.7013 57.8222 32.8938 33.0 65.6717 21.9317 58.3891 63.3482 52.6118 56.0466 84.9227 58.0415 69.216 57.3615 78.4153 30.0167 28.0179 74.7329 63.137 55.4437 72.0444 52.9706 56.0892 3.16228 54.6948 34.3764 84.3949 36.0031 31.4006 75.505 41.0488 29.7321 20.2485 42.9418 68.1583 52.1536 81.0658 76.6844 22.2036 30.6105 61.4968 70.3491 0.0 25.5539 15.1327 55.3173 65.3819 43.0116 48.3735 87.353 58.2773 78.4474 71.5056 20.8087 27.6586 22.6274 23.3452 47.4496 92.429 30.4631 39.2046 97.0 74.0882 17.4929 
42.0595 49.4065 55.7315 40.0 66.1211 33.0151 79.2029 56.3028 58.1808 17.0294 63.0 45.2769 61.8536 82.8467 36.6197 77.8467 107.991 71.0211 67.2315 63.2851 90.3549 53.3188 36.4966 94.0352 87.1499 73.9256 97.065 78.7342 40.8044 23.6008 61.131 46.6154 81.4007 50.0 55.9017 94.541 37.9473 52.1733 29.6142 36.6742 65.6015 34.4819 85.703 84.214 35.3553 46.3897 73.5909 87.9204 25.5539 0.0 24.0832 32.0156 79.4292 32.2025 32.2025 91.444 55.6056 97.3088 74.2159 34.2345 52.5547 47.8017 48.4149 71.4625 94.5569 50.01 58.7462 97.4987 65.0788 43.0465 
43.4166 34.8855 32.8938 48.3735 71.0518 55.1543 93.723 69.8495 38.9487 38.0789 77.6033 35.6931 72.4804 77.7817 58.6941 69.6964 98.0306 73.0347 81.2433 71.5891 93.4085 45.0111 42.0476 89.1079 75.7694 70.1783 84.8646 66.0984 62.6498 16.7631 68.942 49.5013 96.3354 50.9963 43.4626 89.9444 52.345 43.7379 6.40312 53.1507 80.1561 57.2451 95.2733 91.3498 11.4018 22.3607 76.49 85.1469 15.1327 24.0832 0.0 56.0803 80.5067 51.3128 54.231 101.518 70.2089 92.9139 85.5969 10.198 32.6497 34.0147 34.9285 60.407 106.52 26.1725 54.037 110.758 84.9456 27.2947 
59.5483 77.2528 87.367 50.448 74.9647 18.6815 69.1158 53.6004 88.0568 24.1868 59.5077 71.7519 64.2698 99.9678 20.0998 96.2601 125.189 82.1978 61.2944 67.3789 97.7586 71.8294 51.6624 110.6 108.471 90.7536 115.521 97.23 23.0217 52.6308 67.3798 65.2993 69.4622 65.7817 82.5859 110.88 40.3113 80.9587 61.4003 35.7911 58.1378 16.1245 84.3445 87.1341 67.2681 78.3135 83.3229 103.458 55.3173 32.0156 56.0803 0.0 90.4247 28.1783 18.9737 88.6848 45.1221 114.088 72.3671 66.1891 82.9759 75.3969 75.8052 96.1923 89.0505 82.0 77.2334 90.05 51.4782 72.1249 
38.0526 57.0121 80.3195 41.2626 16.2788 75.303 51.6236 42.2019 66.1613 70.3038 57.1171 47.7598 30.2324 20.2237 74.9095 26.8328 42.0595 8.544 44.0114 25.807 13.8924 35.9026 42.9535 24.3516 39.2938 17.2047 40.0125 33.6155 73.4118 64.1249 25.4951 35.1283 55.5788 30.0167 48.1231 23.7697 52.4131 40.7185 85.1587 56.8999 47.0106 78.6901 32.5576 21.8403 85.3756 89.5377 7.81025 14.8661 65.3819 79.4292 80.5067 90.4247 0.0 63.0336 72.9151 37.6431 49.7227 25.0599 33.541 84.1724 68.7366 55.2273 54.7815 37.0135 45.607 84.7517 28.2312 51.6624 59.9333 60.1664 
34.9285 60.7997 75.9276 23.6008 47.5736 10.8384 50.9393 27.0 72.4596 15.2643 33.0227 55.2981 36.1386 74.4057 12.6764 70.816 99.6273 54.8067 40.7068 39.2173 69.5965 46.9574 26.9258 84.9953 83.4048 65.1915 90.1861 72.1672 15.2361 39.8497 39.2178 40.7185 52.3958 40.2196 66.132 84.7917 12.2066 56.0868 57.6888 7.61577 38.1387 14.4426 58.0345 59.439 62.2656 72.45 55.9318 76.0666 43.0116 32.2025 51.3128 28.1783 63.0336 0.0 10.0463 63.0317 23.3311 86.6968 46.0109 60.9016 68.3941 58.9431 59.3513 71.1295 68.8469 73.3894 52.0317 70.8946 36.0739 56.3553 
44.2945 67.5166 81.6149 33.4215 58.6155 1.0 51.9711 34.7131 79.1765 16.1555 40.6142 62.015 46.1378 83.9636 4.47214 80.3739 109.185 64.6882 43.0 49.2469 79.6266 56.4433 36.2353 94.8768 92.9624 74.7494 99.744 81.7251 8.60233 45.2769 49.2478 50.1199 52.8867 49.7775 72.8489 94.6733 22.2325 65.5726 60.4152 17.6591 40.05 4.47214 65.6201 68.2406 65.5515 76.2168 66.7011 85.9482 48.3735 32.2025 54.231 18.9737 72.9151 10.0463 0.0 70.1783 26.3059 96.5783 53.6004 64.2573 75.0 65.66 66.0682 80.6874 71.0634 78.1025 61.5896 72.5603 35.4683 63.0722 
63.8954 86.2087 110.401 53.3921 33.9706 70.2567 24.2074 36.0555 100.134 76.6551 52.0122 76.5346 30.0832 57.7235 68.593 64.2573 76.0263 38.0789 27.4591 30.0167 29.0172 63.7321 59.4811 59.0762 76.922 54.231 76.9415 70.7743 66.0984 85.0 32.7567 60.8071 26.8701 54.4833 82.9828 58.0345 53.7587 71.5052 107.355 56.2228 30.8058 72.5603 6.40312 15.8114 109.522 117.212 34.0 50.3587 87.353 91.444 101.518 88.6848 37.6431 63.0317 70.1783 0.0 44.0114 58.0086 17.2627 108.137 99.2085 84.4239 83.9781 73.3553 8.06226 113.511 59.8164 14.1421 41.1461 88.8931 
41.7101 75.3576 88.987 29.3596 33.8273 26.4764 28.6531 8.544 88.9193 39.7442 14.6056 65.9274 20.0 66.0237 25.2982 67.7751 91.0748 42.7683 17.4642 24.0832 54.0833 53.429 34.2974 73.2685 81.9042 58.1762 85.5998 72.6916 23.7065 55.3453 24.4596 47.2881 30.8058 46.6806 78.0618 72.921 18.0278 62.5583 76.5233 19.1297 15.2315 29.1204 39.3192 42.1545 79.9862 88.8816 41.9129 64.0174 58.2773 55.6056 70.2089 45.1221 49.7227 23.3311 26.3059 44.0114 0.0 74.5515 27.2947 78.5722 81.1063 73.7963 73.1643 73.577 45.5412 87.9204 58.4927 47.8017 18.3848 69.0675 
55.4617 61.0737 82.9759 65.7653 40.8044 97.3704 75.6902 67.1193 67.9117 90.7469 83.1431 57.3213 55.2268 15.1327 100.935 24.0832 18.0278 32.0156 68.942 50.774 29.0 49.0408 62.2656 4.12311 27.2029 23.4094 22.2036 29.8329 99.4378 78.1025 50.2195 50.6952 79.555 47.8853 52.1536 3.0 76.0763 49.2678 96.3477 80.5631 72.0139 100.975 54.3323 43.4166 95.0211 96.421 32.7567 10.6301 78.4474 97.3088 92.9139 114.088 25.0599 86.6968 96.5783 58.0086 74.5515 0.0 57.8705 94.0479 72.0069 61.0082 60.0083 35.6931 66.0 89.9444 39.5601 72.0069 84.9706 68.0 
48.0481 74.5564 98.7473 37.4684 22.8035 53.7587 18.1108 19.0263 88.4812 59.4138 35.0832 64.8062 13.6015 53.0848 52.3927 57.3149 75.4321 30.0666 12.8062 15.0 31.6228 51.8808 43.5735 57.7235 71.1126 47.1699 73.171 62.9682 50.2892 69.1182 17.8045 48.9558 22.0907 42.632 76.9406 57.0088 36.4966 59.6908 91.4586 39.0512 16.4012 56.2939 12.0416 16.9706 93.6675 101.335 27.0185 48.2701 71.5056 74.2159 85.5969 72.3671 33.541 46.0109 53.6004 17.2627 27.2947 57.8705 0.0 92.2854 87.5345 72.6751 72.3258 64.2884 21.095 101.659 48.4574 25.4951 29.0 77.0418 
49.0796 33.541 24.6982 55.6058 76.7262 65.192 101.968 78.0887 33.8378 48.1041 85.9667 37.1214 79.1689 79.0063 68.7095 70.1783 97.2934 77.201 89.4825 78.1456 97.5295 48.2701 48.8262 90.0888 74.4648 72.1734 83.678 65.7647 72.6154 23.4307 75.4789 53.4806 104.661 57.0755 42.5793 91.0494 60.959 45.0444 5.38516 62.2013 88.4248 67.3573 101.85 97.3074 1.41421 12.1655 80.9766 87.1436 20.8087 34.2345 10.198 66.1891 84.1724 60.9016 64.2573 108.137 78.5722 94.0479 92.2854 0.0 27.4591 33.2415 34.2345 59.8415 113.209 16.7631 56.5685 117.78 94.3831 26.1725 
47.5091 13.4536 11.6619 56.9367 65.3033 76.0 109.391 88.167 6.40312 60.2993 88.5008 22.8035 78.027 57.7235 79.0253 48.0521 72.2496 64.0321 97.8198 73.9025 82.5132 35.4816 49.916 67.897 49.163 52.9245 58.3095 42.2966 82.1523 30.4138 72.1005 41.9349 114.74 45.5298 20.6155 69.0507 64.5049 29.6709 32.0156 67.0666 98.5032 79.0253 92.87 85.6155 27.7849 25.1794 68.1234 67.0522 27.6586 52.5547 32.6497 82.9759 68.7366 68.3941 75.0 99.2085 81.1063 72.0069 87.5345 27.4591 0.0 14.8661 15.5563 36.3456 105.929 18.0278 41.8051 111.551 96.9172 12.3693 
32.6497 2.0 26.2488 45.2401 50.5188 66.659 94.5312 73.3076 15.8114 51.6639 79.0497 8.06226 63.1676 46.0977 69.6155 37.0135 64.2884 49.2475 82.9605 59.0431 68.9895 20.697 40.6509 57.0 41.7852 40.1082 50.9215 32.5576 72.702 24.2074 57.2411 27.0756 99.8804 30.6704 9.48683 58.0086 55.0539 14.8863 36.1386 57.6155 83.6438 69.7785 78.0854 70.831 34.1321 35.9026 53.3388 54.7449 22.6274 47.8017 34.0147 75.3969 55.2273 58.9431 65.66 84.4239 73.7963 61.0082 72.6751 33.2415 14.8661 0.0 1.0 26.6833 91.1446 30.4631 27.0206 96.7883 89.6073 7.07107 
32.0177 2.23607 27.0185 44.608 50.073 67.0673 93.8992 72.6756 16.1555 52.0721 79.458 7.61577 62.8183 45.0999 70.0238 36.0139 63.3246 48.8018 82.3284 58.6937 68.5437 20.2512 40.0188 56.0 40.8534 39.1255 49.98 31.5753 73.1103 24.8395 56.8918 26.7262 99.2484 30.3211 8.544 57.0088 55.4621 14.4405 37.108 58.0238 83.0117 70.1868 77.6396 70.3852 35.1283 36.8782 52.8931 53.7587 23.3452 48.4149 34.9285 75.8052 54.7815 59.3513 66.0682 83.9781 73.1643 60.0083 72.3258 34.2345 15.5563 1.0 0.0 25.7099 90.6988 31.3847 26.5748 96.3425 88.9752 8.06226 
36.6579 26.3059 47.2969 49.0342 41.4849 81.539 81.4123 66.1721 32.28 72.7133 84.9849 27.7312 54.9575 21.9317 83.4084 12.083 37.6431 35.3412 70.8486 50.833 50.2096 27.4466 44.646 31.5753 15.8114 19.8494 24.5967 6.0 85.9681 48.2986 49.031 31.0859 85.3625 31.6609 17.2627 32.7567 61.2931 34.5505 62.8172 65.755 73.1725 85.1415 67.5426 57.8014 60.6712 61.0328 39.3573 31.7648 47.4496 71.4625 60.407 96.1923 37.0135 71.1295 80.6874 73.3553 73.577 35.6931 64.2884 59.8415 36.3456 26.6833 25.7099 0.0 80.9568 54.3323 19.1076 86.8159 85.263 33.7343 
68.9714 92.9295 117.319 58.3918 40.8044 71.0282 21.1896 38.3275 106.854 79.0759 53.9535 83.3782 34.6699 65.7343 69.0072 72.111 84.006 45.618 28.1603 35.4683 37.0 70.4529 64.4968 67.1193 84.8999 62.0322 85.0 78.5493 66.1211 90.0415 38.2884 67.5279 22.8254 61.2041 95.3137 66.0681 56.6127 78.2628 112.382 58.4637 31.0161 73.0068 13.4164 23.7697 114.591 122.258 41.6293 58.4209 92.429 94.5569 106.52 89.0505 45.607 68.8469 71.0634 8.06226 45.5412 66.0 21.095 113.209 105.929 91.1446 90.6988 80.9568 0.0 120.231 66.8506 6.08276 39.2938 95.6138 
61.634 29.7321 9.43398 63.7618 79.6308 79.0759 111.596 87.717 23.1948 62.1691 95.3149 37.2156 86.9262 75.505 82.4621 65.9242 90.1388 78.7718 99.1109 88.0274 98.5139 49.93 56.7412 85.8429 67.0671 70.2165 76.1643 60.2993 86.1278 33.6155 86.2254 56.0599 114.29 59.6547 38.0789 86.977 71.1969 44.4107 22.1359 73.3485 98.0532 81.5843 107.172 100.125 16.1555 8.06226 82.8553 84.6463 30.4631 50.01 26.1725 82.0 84.7517 73.3894 78.1025 113.511 87.9204 89.9444 101.659 16.7631 18.0278 30.4631 31.3847 54.3323 120.231 0.0 56.545 125.676 103.731 24.6982 
17.6918 28.8054 53.0173 29.9365 26.0768 62.4413 65.4048 50.0595 45.7982 53.7587 65.8872 19.6469 38.9499 24.6982 64.3107 19.105 48.6004 22.8035 54.841 34.8254 42.0476 9.48683 25.6125 36.0555 31.3847 16.2788 38.2884 20.1246 66.8704 38.6394 33.0235 12.0416 69.355 12.6491 27.76 36.6879 42.1954 12.53 58.0775 46.6572 57.0599 66.0438 53.6004 45.2548 57.7062 61.3514 27.0185 31.1448 39.2046 58.7462 54.037 77.2334 28.2312 52.0317 61.5896 59.8164 58.4927 39.5601 48.4574 56.5685 41.8051 27.0206 26.5748 19.1076 66.8506 56.545 0.0 72.4017 69.1504 31.9531 
73.5424 98.5731 122.764 62.9628 46.3249 72.4431 21.0238 41.2311 112.498 81.6798 56.5412 88.8229 39.0512 71.8053 70.1783 78.1089 90.0 51.4782 30.3645 40.3113 43.0116 75.8976 69.0679 73.171 90.956 68.0074 91.0824 84.5044 67.0298 94.6126 43.1393 72.9726 21.587 66.6488 100.957 72.111 59.6154 83.7075 116.953 61.0654 32.7567 74.1687 19.3132 29.8329 119.162 126.829 47.5395 64.4981 97.0 97.4987 110.758 90.05 51.6624 70.8946 72.5603 14.1421 47.8017 72.0069 25.4951 117.78 111.551 96.7883 96.3425 86.8159 6.08276 125.676 72.4017 0.0 39.2046 101.059 
57.521 91.1685 104.798 45.1706 45.2217 35.1141 18.2483 20.025 104.73 48.0505 30.4165 81.7383 30.3645 77.4919 32.28 79.461 101.769 54.0833 16.4012 34.7851 60.4401 69.2399 50.1083 84.1724 93.5901 69.857 97.2677 84.3775 28.6356 71.1562 36.1386 63.0991 18.0278 62.4916 93.8728 83.672 33.8387 78.3692 91.2922 34.9407 13.0384 36.1386 38.833 45.9674 95.7971 104.693 52.3927 74.7329 74.0882 65.0788 84.9456 51.4782 59.9333 36.0739 35.4683 41.1461 18.3848 84.9706 29.0 94.3831 96.9172 89.6073 88.9752 85.263 39.2938 103.731 69.1504 39.2046 0.0 84.8784 
