NAME  : Jabali_70_3_0.88_1_4
TYPE : SVRP
MODEL : FINITE_SUPPORT
NUMBER_OF_SCENARIOS : 200
DIMENSION : 70
EDGE_WEIGHT_TYPE : MATRIX
CAPACITY : 139
N_VEHICLES : 3
NODE_COORD_SECTION
1 3911 3062
2 1052 5163
3 6154 6047
4 4068 3011
5 7220 3402
6 27 6890
7 5993 2424
8 1887 7298
9 3254 2855
10 1824 1974
11 1516 18
12 1737 4364
13 4114 4367
14 3881 4977
15 4045 3698
16 5626 6934
17 5447 3641
18 4869 1918
19 6741 4512
20 6452 6522
21 1022 5708
22 479 3283
23 647 5169
24 4421 6761
25 6990 6200
26 3390 118
27 1956 346
28 978 4407
29 2989 2823
30 6963 4369
31 3210 7015
32 2253 617
33 4776 6382
34 4466 6209
35 1018 6763
36 4830 1404
37 2926 716
38 4504 4151
39 5579 3072
40 5640 1963
41 2391 7084
42 2764 5969
43 2591 5345
44 6155 5442
45 6061 2697
46 1108 402
47 1000 1394
48 3581 6956
49 4202 6136
50 6205 1853
51 4730 1890
52 5510 7408
53 3269 7362
54 1979 5318
55 4569 5284
56 1403 6141
57 1866 6318
58 3663 6690
59 452 5273
60 6422 5141
61 7141 3190
62 2813 2958
63 2476 4854
64 1394 3051
65 7158 1207
66 5272 4011
67 5587 2935
68 1202 1007
69 1551 3391
70 1801 6164
DEMAND_SECTION
1 0.0
2 1.0
3 1.0
4 1.0
5 9.0
6 9.0
7 5.0
8 9.0
9 7.0
10 4.0
11 10.0
12 1.0
13 5.0
14 7.0
15 5.0
16 9.0
17 10.0
18 7.0
19 6.0
20 5.0
21 7.0
22 4.0
23 4.0
24 1.0
25 8.0
26 9.0
27 8.0
28 1.0
29 7.0
30 7.0
31 2.0
32 3.0
33 3.0
34 4.0
35 7.0
36 3.0
37 6.0
38 3.0
39 4.0
40 6.0
41 8.0
42 7.0
43 2.0
44 6.0
45 2.0
46 1.0
47 9.0
48 7.0
49 3.0
50 6.0
51 5.0
52 4.0
53 9.0
54 5.0
55 2.0
56 4.0
57 3.0
58 6.0
59 5.0
60 1.0
61 2.0
62 5.0
63 7.0
64 10.0
65 4.0
66 6.0
67 6.0
68 6.0
69 7.0
70 10.0
DEVIATION_SECTION
1 0.0
2 0.333333
3 0.333333
4 0.333333
5 3.0
6 3.0
7 1.66667
8 3.0
9 2.33333
10 1.33333
11 3.33333
12 0.333333
13 1.66667
14 2.33333
15 1.66667
16 3.0
17 3.33333
18 2.33333
19 2.0
20 1.66667
21 2.33333
22 1.33333
23 1.33333
24 0.333333
25 2.66667
26 3.0
27 2.66667
28 0.333333
29 2.33333
30 2.33333
31 0.666667
32 1.0
33 1.0
34 1.33333
35 2.33333
36 1.0
37 2.0
38 1.0
39 1.33333
40 2.0
41 2.66667
42 2.33333
43 0.666667
44 2.0
45 0.666667
46 0.333333
47 3.0
48 2.33333
49 1.0
50 2.0
51 1.66667
52 1.33333
53 3.0
54 1.66667
55 0.666667
56 1.33333
57 1.0
58 2.0
59 1.66667
60 0.333333
61 0.666667
62 1.66667
63 2.33333
64 3.33333
65 1.33333
66 2.0
67 2.0
68 2.0
69 2.33333
70 3.33333
DISTANCE_MATRIX
0.0 53.605 51.5907 1.41421 45.0 77.2873 28.9429 63.9249 10.0499 32.311 51.9205 40.8956 17.4781 25.3079 8.544 58.3881 22.1359 22.0772 44.0114 58.7447 56.9591 47.5184 58.3878 48.0981 59.6725 43.3769 45.3196 45.7584 13.0384 45.2217 56.5737 40.9687 44.7979 41.3178 65.6924 24.9029 38.6152 17.4929 23.0217 29.936 59.1862 44.1862 37.2801 44.844 28.8617 51.8556 45.618 52.6656 40.0557 35.3028 21.1395 62.5379 59.3595 43.3495 30.3954 56.1984 53.3236 49.595 60.6187 44.6542 44.0454 15.1327 34.1874 35.1283 51.3601 22.4722 23.0868 46.3249 33.7343 53.084 
53.605 0.0 71.1825 54.3872 88.0227 26.9258 76.5506 30.5287 42.5712 44.5533 70.0286 14.4222 43.6578 38.6394 46.6476 66.2193 63.1585 66.2244 79.6568 75.8024 7.07107 26.9258 5.09902 50.0 82.2987 73.6994 66.4831 10.198 39.9714 82.1604 38.0789 64.1327 52.7731 48.5077 21.2132 69.0502 63.7465 49.0408 68.4763 77.5839 31.1127 25.7099 21.0238 71.0634 75.8024 65.0692 52.1536 40.7185 45.3982 82.9507 65.2868 67.0671 41.0488 13.0 48.5077 13.8924 18.3848 40.4969 7.28011 74.3303 87.8465 37.7571 20.2485 29.0689 99.008 59.4643 68.9638 57.0351 25.318 16.9706 
51.5907 71.1825 0.0 51.4379 38.6005 83.4326 47.5184 58.8727 59.4994 83.2986 103.463 65.2534 39.8409 35.1141 44.7305 13.8924 32.6956 56.402 22.1359 7.2111 70.0286 86.3771 76.1052 24.6982 11.1803 88.0235 96.862 74.5252 62.2385 24.6982 40.4969 92.5111 19.4165 23.0868 69.857 61.5005 90.1577 36.5083 39.5601 53.6004 51.8652 46.0109 50.3587 8.0 44.4072 103.435 96.857 36.0555 26.0192 55.3263 57.3047 19.6977 41.1461 58.2399 25.9422 64.3817 58.5491 34.2053 78.0577 12.3693 40.2616 63.803 53.3667 76.922 66.2722 29.4184 40.5216 98.0926 73.4098 59.4138 
1.41421 54.3872 51.4379 0.0 44.0114 78.0694 27.7091 64.707 11.1803 32.8938 52.0262 41.6777 18.2483 26.09 9.21954 59.3122 21.5407 21.9371 43.4626 58.5919 57.7412 48.6621 59.17 48.8418 59.5197 43.2368 45.4253 47.0232 14.1421 44.5982 57.3558 41.0745 45.722 42.0614 66.4746 24.7629 38.721 17.8885 22.0 28.7023 59.9684 44.9684 38.0623 44.6913 27.6586 52.0096 46.0977 53.4478 40.7994 34.0691 20.9995 63.462 60.1417 44.1316 31.3194 56.9806 54.1057 50.3771 61.4008 44.4072 43.0116 16.2788 34.9695 36.2215 50.1264 22.2036 22.0227 46.6476 34.9285 53.8662 
45.0 88.0227 38.6005 44.0114 0.0 108.824 20.5913 88.0263 55.0091 76.0493 88.5664 76.6551 44.3847 52.5226 42.7551 52.2015 25.0 36.6879 16.4924 43.566 89.9089 92.2659 93.0484 57.2014 39.0 65.7343 81.4371 86.8332 58.0086 14.1421 70.7248 76.5608 50.8035 51.7397 96.6196 40.2492 67.1193 39.0 22.0227 28.3019 80.8497 70.9865 68.5186 31.0161 18.3848 91.3194 88.2959 66.5282 53.0377 24.7588 37.6431 58.1893 73.0 76.0592 43.3976 87.4236 84.394 63.6553 95.2733 26.2488 2.23607 60.0333 67.7791 80.0562 29.4279 28.6356 22.0907 87.6541 78.3135 85.049 
77.2873 26.9258 83.4326 78.0694 108.824 0.0 99.8248 26.0192 69.3181 71.0634 95.7549 41.1461 64.8151 57.7657 70.0071 74.4312 84.4221 92.9714 97.2544 86.1452 21.095 50.0 24.5153 59.0339 93.7443 100.573 92.7631 35.9026 66.7184 99.9854 43.4166 90.7083 64.0312 60.7289 13.6015 95.7971 90.62 70.0027 90.9065 101.023 32.1403 39.8246 40.4599 85.703 98.5951 90.2718 77.2334 47.676 58.1893 106.39 92.0337 73.0274 44.0454 33.9706 66.9218 21.4009 25.9422 49.2443 23.1948 89.8888 108.813 64.504 43.1856 55.3173 122.447 80.1886 91.5478 82.3893 51.923 25.5539 
28.9429 76.5506 47.5184 27.7091 20.5913 99.8248 0.0 85.8126 38.8681 57.0351 68.0294 63.8479 35.4683 44.1503 30.0 59.0 18.0278 17.0294 29.5296 54.1295 79.8123 76.3118 81.3402 60.0333 52.2015 45.2217 60.9262 73.9236 41.7965 28.8444 76.1047 56.0803 53.7232 54.2241 87.6926 19.6977 46.6154 30.8058 9.84886 7.81025 81.074 66.074 59.4138 39.6232 3.16228 70.8537 68.7314 68.9653 55.4725 8.06226 18.0278 65.0077 75.4699 66.0681 45.8281 78.5175 75.0403 66.086 83.571 36.4005 18.7883 43.9649 57.0088 63.7938 23.0217 23.4094 8.94427 67.8101 62.6333 74.9667 
63.9249 30.5287 58.8727 64.707 88.0263 26.0192 85.8126 0.0 64.4262 70.5762 97.0155 38.833 50.3669 43.0962 56.3614 48.8365 69.7831 89.5645 74.8866 60.8769 24.2074 57.2451 32.6497 34.176 68.6804 97.2775 92.3472 40.2492 61.8265 77.666 18.3848 89.0898 39.8121 37.2156 13.9284 88.6544 87.3247 55.3637 76.4598 87.4395 7.2111 21.9317 27.4591 62.1772 84.2447 92.9624 80.5233 22.8473 35.2278 92.8048 84.891 47.0956 18.2483 26.1725 47.6383 16.6433 13.3417 25.0599 33.2415 66.7308 88.8654 59.6121 33.1361 56.7539 108.769 65.5496 77.1752 84.9294 52.3927 14.5602 
10.0499 42.5712 59.4994 11.1803 55.0091 69.3181 38.8681 64.4262 0.0 23.8537 46.3249 28.1812 23.6144 31.4442 14.8306 64.7048 31.5753 24.0856 53.1601 66.6533 48.3449 37.4833 46.2188 54.2344 67.5812 43.0739 39.8246 36.088 3.0 54.5711 62.71 35.4745 51.1146 47.454 60.9559 26.9114 33.1211 24.0466 33.0606 35.7902 65.3225 50.3225 38.155 52.7527 38.833 45.3431 37.4433 58.8019 46.192 43.3956 23.1479 68.8546 65.4958 38.4963 36.712 51.2714 51.469 55.7313 48.2446 52.7737 54.0833 5.09902 31.8555 25.0799 58.8683 31.0161 33.1361 38.9487 23.7697 50.5378 
32.311 44.5533 83.2986 32.8938 76.0493 71.0634 57.0351 70.5762 23.8537 0.0 26.4764 32.0156 47.4136 49.8217 38.6298 85.1523 54.4243 40.0125 76.3217 90.4525 51.3517 25.4951 46.5725 73.8907 91.3803 31.241 22.0227 35.171 21.4009 77.4919 68.6323 19.6469 70.9447 67.1103 65.123 39.4588 21.2603 47.8457 54.1424 51.0882 67.6831 53.3839 45.2217 76.5519 58.2151 23.2594 13.6015 69.7214 65.8482 58.3095 39.0128 88.7436 72.5707 44.4072 60.5112 56.0 57.3149 68.5082 48.0833 76.5376 74.6898 20.5183 38.8973 15.8114 72.0618 54.5619 53.978 15.8114 19.2354 56.2228 
51.9205 70.0286 103.463 52.0262 88.5664 95.7549 68.0294 97.0155 46.3249 26.4764 0.0 58.3095 68.4561 76.2858 59.7256 109.546 73.1798 53.1154 94.3 110.617 77.0065 46.5725 71.3442 100.115 111.545 25.0799 7.2111 60.1332 44.7772 94.3657 94.9813 12.2066 95.9562 92.2957 91.0055 48.3322 21.4709 68.9441 69.7172 60.5392 94.1488 79.7262 71.5681 96.7162 70.214 7.07107 18.9737 95.946 91.0336 66.0984 52.4853 113.696 98.9196 70.859 81.5537 82.1523 83.7257 94.7328 72.5603 96.4019 86.8159 44.7214 65.2534 41.0 75.5381 74.2072 68.8862 13.6015 45.0444 82.6075 
40.8956 14.4222 65.2534 41.6777 76.6551 41.1461 63.8479 38.833 28.1812 32.0156 58.3095 0.0 33.1361 30.4138 34.176 63.9277 51.6624 51.8345 70.1142 70.8378 20.2485 22.2036 18.3848 48.4346 76.4003 60.0605 54.0 10.198 25.5815 72.2496 39.8246 51.1566 49.7165 45.8821 33.3766 54.6602 50.1077 38.3275 56.0803 64.8745 36.7696 24.7588 17.0294 63.6396 63.1451 54.1295 41.7612 41.0122 44.62 70.2413 50.8968 65.8642 43.6005 13.0 40.3113 24.0208 25.4951 39.799 20.5183 66.1891 76.243 23.3671 12.083 18.0278 86.2986 48.6621 56.4624 46.0977 13.6015 24.3311 
17.4781 43.6578 39.8409 18.2483 44.3847 64.8151 35.4683 50.3669 23.6144 47.4136 68.4561 33.1361 0.0 8.70457 9.05539 41.8939 19.7231 39.1982 37.0135 46.3256 45.6508 51.9711 48.7032 31.4236 50.6162 60.6816 61.9111 43.2897 26.3535 39.1152 40.659 57.5603 28.3037 24.6432 52.3652 44.2967 55.2068 5.38516 26.1725 37.0732 45.6283 30.4951 24.4131 36.8471 33.9411 68.198 60.972 36.7509 23.3811 42.4382 40.1009 46.0437 43.4448 31.7648 13.9012 43.4166 39.7078 33.6802 50.9215 34.2866 44.2832 27.9181 23.4094 41.4367 58.4123 15.8114 26.8701 62.2077 38.3275 39.6372 
25.3079 38.6394 35.1141 26.09 52.5226 57.7657 44.1503 43.0962 31.4442 49.8217 76.2858 30.4138 8.70457 0.0 17.1172 35.3836 28.1207 47.9021 41.0193 41.1461 39.5601 51.264 43.7379 24.2071 46.1736 68.5113 69.4281 40.1123 34.1833 43.5229 33.4425 65.39 21.2611 17.4268 45.2276 50.0374 63.0365 13.7013 34.7975 45.7772 43.2826 23.3576 18.0278 33.2415 42.5823 73.0696 62.2213 29.5345 16.1647 51.1425 48.8048 39.0601 36.2284 25.9615 10.0 36.3853 32.5702 26.4638 45.8912 36.0 52.5121 37.8085 19.0 42.19 67.1071 23.8873 35.5128 65.4415 38.4708 32.4997 
8.544 46.6476 44.7305 9.21954 42.7551 70.0071 30.0 56.3614 14.8306 38.6298 59.7256 34.176 9.05539 17.1172 0.0 50.33 18.0278 33.2031 38.833 51.8845 49.8197 50.01 51.4782 39.8596 52.8123 51.8182 53.1248 44.2719 17.5697 40.4475 48.0843 48.7739 36.7398 33.0792 58.258 33.3443 46.4204 9.21954 21.9317 31.0781 51.6228 36.6228 29.8329 37.9838 29.1548 59.4142 52.1882 45.1869 31.8172 36.4449 34.1058 54.4798 50.8701 36.1248 22.3372 48.8365 45.8039 42.1163 53.7122 38.0132 42.2019 19.1343 27.0185 38.6298 52.5022 16.4924 22.3607 53.4238 36.0139 45.607 
58.3881 66.2193 13.8924 59.3122 52.2015 74.4312 59.0 48.8365 64.7048 85.1523 109.546 63.9277 41.8939 35.3836 50.33 0.0 42.9456 66.8809 35.8469 12.53 63.7887 85.5999 70.8308 16.2788 20.5913 101.137 103.001 71.431 67.4439 38.4838 31.0644 98.6506 14.4222 18.868 61.131 71.9794 96.2971 46.8907 50.2304 64.3726 42.2966 40.5216 47.7605 21.1896 56.0089 109.288 97.552 27.0 21.9545 67.0075 67.7836 6.08276 30.5941 53.7587 28.8444 57.2189 51.1566 26.1725 72.5672 26.0 53.7587 73.1391 51.8912 77.2545 79.0759 39.6474 51.2208 100.772 73.3607 52.2398 
22.1359 63.1585 32.6956 21.5407 25.0 84.4221 18.0278 69.7831 31.5753 54.4243 73.1798 51.6624 19.7231 28.1207 18.0278 42.9456 0.0 24.2187 21.9317 39.8121 65.3682 68.0 68.1542 43.9451 40.0 55.8403 66.5789 61.8466 34.5254 23.0868 57.0677 62.2281 37.6349 38.1358 71.9145 29.3172 55.4631 14.4222 8.24621 22.0 65.0444 50.0444 44.1022 25.5539 15.6525 73.1798 67.624 52.8771 39.3842 25.9615 25.1215 48.9284 59.3817 51.4782 29.7398 63.0217 59.2571 49.9978 70.3847 24.0832 24.6982 36.3456 42.9535 56.1427 40.7063 5.38516 9.21954 68.0 54.0 59.1866 
22.0772 66.2244 56.402 21.9371 36.6879 92.9714 17.0294 89.5645 24.0856 40.0125 53.1154 51.8345 39.1982 47.9021 33.2031 66.8809 24.2187 0.0 41.5942 63.3819 71.9982 59.7746 69.8721 67.8803 62.6585 32.0156 45.9713 59.7412 26.2678 41.6598 79.8565 41.0932 61.5702 62.0711 87.5962 7.07107 31.6539 34.8869 17.0113 11.7047 84.8258 69.3311 59.1839 48.8765 18.4391 55.8518 51.788 75.9484 62.5787 19.3132 1.0 72.8637 82.6424 65.2533 53.0987 78.1022 75.2273 72.8778 71.8978 46.5357 35.171 28.4675 56.0911 47.1275 34.9857 29.2081 16.1803 50.9893 46.6466 74.9878 
44.0114 79.6568 22.1359 43.4626 16.4924 97.2544 29.5296 74.8866 53.1601 76.3217 94.3 70.1142 37.0135 41.0193 38.833 35.8469 21.9317 41.5942 0.0 27.1662 80.3617 88.459 84.7557 42.4264 23.3452 72.8402 87.1559 80.2247 56.0446 2.82843 57.0088 82.2778 36.0694 37.8021 83.7258 46.6905 72.8385 32.0156 24.7588 36.8917 67.6757 58.0927 58.9406 14.7648 26.4197 95.0917 89.5545 52.6308 39.6611 36.4005 42.4969 41.7852 58.7963 66.944 31.3209 76.8495 71.5002 50.0 86.9104 9.84886 18.2483 57.7235 59.8074 77.2411 45.0111 22.3607 25.4558 89.9145 74.5453 72.1552 
58.7447 75.8024 7.2111 58.5919 43.566 86.1452 54.1295 60.8769 66.6533 90.4525 110.617 70.8378 46.3256 41.1461 51.8845 12.53 39.8121 63.3819 27.1662 0.0 74.108 92.3093 80.6226 27.1662 8.06226 95.0034 104.016 79.8417 69.3924 29.4279 42.7551 99.6651 23.0868 27.2947 72.6911 68.4804 97.3116 43.6623 46.4866 60.4401 54.1295 50.2494 55.5438 14.5602 50.9902 111.237 104.011 38.4708 30.4138 61.8142 64.2846 16.9706 42.72 62.9783 32.45 68.0074 62.0322 37.1214 82.4924 18.0278 45.3982 70.957 58.8218 83.2406 72.0278 36.5724 47.4342 105.247 79.6053 63.0079 
56.9591 7.07107 70.0286 57.7412 89.9089 21.095 79.8123 24.2074 48.3449 51.3517 77.0065 20.2485 45.6508 39.5601 49.8197 63.7887 65.3682 71.9982 80.3617 74.108 0.0 33.8378 8.48528 47.5184 81.0 80.1567 73.3348 17.2627 45.7452 82.8737 34.176 70.859 51.0392 47.0 14.1421 74.8239 70.2039 51.0 71.2811 80.8955 25.807 24.0208 21.5407 70.772 78.8162 72.111 59.2115 37.3631 44.0114 86.2623 71.0605 64.0312 36.6742 13.8924 49.0408 7.81025 13.4164 37.6563 9.43398 74.3601 89.8944 43.5308 22.8035 36.0139 102.32 61.2736 71.8471 64.0703 32.1403 12.083 
47.5184 26.9258 86.3771 48.6621 92.2659 50.0 76.3118 57.2451 37.4833 25.4951 46.5725 22.2036 51.9711 51.264 50.01 85.5999 68.0 59.7746 88.459 92.3093 33.8378 0.0 26.4764 70.5045 97.4064 56.7274 44.7772 17.0 34.5254 90.2718 61.5224 43.909 71.3887 67.5543 47.8017 61.327 46.7547 56.5685 70.4557 71.4703 56.8595 46.7547 39.2046 83.9345 76.2955 40.6079 27.6586 63.0317 66.2922 79.0569 58.8218 87.934 65.1153 33.9706 60.7289 40.7185 44.4185 61.8688 27.1662 86.0505 91.444 32.3883 34.1321 12.6491 94.1541 66.1891 70.5762 32.9848 14.0 43.0465 
58.3878 5.09902 76.1052 59.17 93.0484 24.5153 81.3402 32.6497 46.2188 46.5725 71.3442 18.3848 48.7032 43.7379 51.4782 70.8308 68.1542 69.8721 84.7557 80.6226 8.48528 26.4764 0.0 54.5711 87.2067 76.3288 68.2495 11.4018 43.6191 87.2593 42.0476 66.2193 57.5587 53.3385 21.5407 72.6978 66.3759 54.0833 73.3553 82.3667 34.2053 30.4138 26.0768 76.1052 80.6226 66.0303 53.0094 44.9444 50.2494 87.7335 68.9344 71.4703 44.7772 18.0278 53.6004 16.2788 21.6333 44.9222 2.23607 79.404 92.8493 41.4048 25.2982 30.8058 103.791 64.5136 73.8241 58.0775 27.5136 20.2485 
48.0981 50.0 24.6982 48.8418 57.2014 59.0339 60.0333 34.176 54.2344 73.8907 100.115 48.4346 31.4236 24.2071 39.8596 16.2788 43.9451 67.8803 42.4264 27.1662 47.5184 70.5045 54.5711 0.0 34.7131 91.3016 92.2184 55.4685 56.9735 45.2548 15.8114 88.1802 6.40312 7.0 45.5412 72.9788 85.8267 36.4203 51.2299 65.372 27.2029 24.3516 31.7979 28.6007 57.0906 97.1386 86.2903 11.4018 8.544 68.0693 68.783 17.4929 16.6433 37.6962 21.0 41.0488 35.0143 10.0 56.2939 33.4215 58.2495 61.8775 38.1225 65.9893 80.9774 40.6468 52.2203 89.5105 62.0955 36.0555 
59.6725 82.2987 11.1803 59.5197 39.0 93.7443 52.2015 68.6804 67.5812 91.3803 111.545 76.4003 50.6162 46.1736 52.8123 20.5913 40.0 62.6585 23.3452 8.06226 81.0 97.4064 87.2067 34.7131 0.0 94.28 104.944 85.703 70.3202 25.0799 50.448 100.593 30.0666 34.0 80.2309 67.757 93.9029 44.5901 45.6508 59.0931 61.8466 57.0088 61.5249 14.8661 49.0408 111.516 104.939 46.0977 37.0135 59.4811 63.5612 24.8395 50.5964 69.4275 36.7696 75.1665 69.2604 44.5533 89.1403 16.1245 41.0122 71.8848 64.5368 87.7268 68.1836 37.4833 46.5296 105.927 84.309 70.1783 
43.3769 73.6994 88.0235 43.2368 65.7343 100.573 45.2217 97.2775 43.0739 31.241 25.0799 60.0605 60.6816 68.5113 51.8182 101.137 55.8403 32.0156 72.8402 95.0034 80.1567 56.7274 76.3288 91.3016 94.28 0.0 19.105 65.0257 41.7891 72.8629 99.7772 15.8114 88.1818 84.5212 93.4127 26.1725 10.0 60.8639 48.2574 37.4433 93.7861 79.1603 71.0063 80.498 47.8017 30.1496 34.8855 95.8691 83.2592 42.0476 31.4009 105.287 102.563 71.3366 73.1447 83.8881 84.3187 92.7984 78.0239 77.7817 63.8122 42.0888 64.7068 46.3253 50.4876 60.8296 47.4264 31.0161 48.8841 83.3753 
45.3196 66.4831 96.862 45.4253 81.4371 92.7631 60.9262 92.3472 39.8246 22.0227 7.2111 54.0 61.9111 69.4281 53.1248 103.001 66.5789 45.9713 87.1559 104.016 73.3348 44.7772 68.2495 92.2184 104.944 19.105 0.0 56.8859 38.4838 87.2216 89.7344 5.0 89.0986 85.438 87.1436 41.2311 14.3178 62.3433 62.5731 53.4883 89.1067 74.4859 66.3319 90.1153 63.072 11.0454 18.4391 90.6991 84.176 59.203 45.3412 107.151 93.6727 66.1891 75.0087 78.0064 79.1581 89.4859 69.6348 89.8011 79.7057 38.6264 60.0167 37.4833 69.1809 67.6063 61.7421 13.4536 41.1947 78.1025 
45.7584 10.198 74.5252 47.0232 86.8332 35.9026 73.9236 40.2492 36.088 35.171 60.1332 10.198 43.2897 40.1123 44.2719 71.431 61.8466 59.7412 80.2247 79.8417 17.2627 17.0 11.4018 55.4685 85.703 65.0257 56.8859 0.0 33.4882 82.3893 45.4533 54.8179 57.6387 53.3092 31.4006 62.4962 55.0729 48.5077 66.1287 71.4458 40.0 31.3847 24.6982 73.3348 73.1874 55.0091 42.0476 47.4342 50.1781 80.2836 58.8036 72.8972 48.8365 18.0278 50.0899 23.7697 27.4591 46.6476 13.0 76.0592 86.4002 31.2739 21.2132 19.4165 94.5239 58.8558 66.5051 47.0 16.1555 26.0768 
13.0384 39.9714 62.2385 14.1421 58.0086 66.7184 41.7965 61.8265 3.0 21.4009 44.7772 25.5815 26.3535 34.1833 17.5697 67.4439 34.5254 26.2678 56.0446 69.3924 45.7452 34.5254 43.6191 56.9735 70.3202 41.7891 38.4838 33.4882 0.0 57.4891 58.9578 34.176 53.8537 50.1931 58.3561 29.0689 31.8363 26.7856 36.0555 37.9724 58.3351 43.7093 35.5553 55.4918 41.7732 43.4166 35.0 59.9225 48.9311 45.5778 25.3301 71.5937 62.8961 35.8965 39.4511 48.6716 48.8692 58.7093 45.6448 55.5128 57.0789 2.23607 29.2557 22.0907 61.0505 33.8378 36.1248 36.7696 20.8806 47.9381 
45.2217 82.1604 24.6982 44.5982 14.1421 99.9854 28.8444 77.666 54.5711 77.4919 94.3657 72.2496 39.1152 43.5229 40.4475 38.4838 23.0868 41.6598 2.82843 29.4279 82.8737 90.2718 87.2593 45.2548 25.0799 72.8629 87.2216 82.3893 57.4891 0.0 59.8164 82.3435 38.8973 40.6079 86.4568 46.6905 72.9042 34.0147 25.0 36.4005 70.4557 60.8237 61.4443 17.4929 25.807 96.0802 90.6201 55.4437 42.4382 35.3412 42.5625 44.3847 61.6198 69.4476 33.8378 79.3792 74.2312 52.8015 89.414 12.53 16.0312 59.2284 62.0522 78.8089 43.1045 24.0832 25.6125 90.903 76.3217 74.8863 
56.5737 38.0789 40.4969 57.3558 70.7248 43.4166 76.1047 18.3848 62.71 68.6323 94.9813 39.8246 40.659 33.4425 48.0843 31.0644 57.0677 79.8565 57.0088 42.7551 34.176 61.5224 42.0476 15.8114 50.448 99.7772 89.7344 45.4533 58.9578 59.8164 0.0 86.2593 21.4709 19.2094 30.0666 81.3032 84.456 45.6557 66.7519 77.7316 11.4018 15.2643 23.3238 43.909 70.2133 91.7607 80.1818 4.47214 17.6918 83.0969 80.7592 30.2655 4.12311 27.5862 30.6205 26.9258 20.8806 7.07107 43.4626 48.5489 71.5647 56.7434 29.7353 57.1402 94.1001 53.7695 67.4672 83.943 52.6972 22.1359 
40.9687 64.1327 92.5111 41.0745 76.5608 90.7083 56.0803 89.0898 35.4745 19.6469 12.2066 51.1566 57.5603 65.39 48.7739 98.6506 62.2281 41.0932 82.2778 99.6651 70.859 43.909 66.2193 88.1802 100.593 15.8114 5.0 54.8179 34.176 82.3435 86.2593 0.0 85.0604 81.3999 84.4808 36.4005 9.48683 57.9924 57.695 48.7032 85.6367 71.0109 62.8569 85.7644 58.1939 15.1327 19.4165 87.2241 80.1378 54.5711 40.4631 102.8 90.1977 63.0079 70.6579 75.1665 76.0066 86.0109 67.72 85.4502 74.8465 34.4819 56.5573 35.4401 65.0308 63.2554 56.864 15.2315 38.833 75.0 
44.7979 52.7731 19.4165 45.722 50.8035 64.0312 53.7232 39.8121 51.1146 70.9447 95.9562 49.7165 28.3037 21.2611 36.7398 14.4222 37.6349 61.5702 36.0694 23.0868 51.0392 71.3887 57.5587 6.40312 30.0666 88.1818 89.0986 57.6387 53.8537 38.8973 21.4709 85.0604 0.0 4.47214 50.448 66.6687 82.7069 33.3005 44.9197 59.0619 32.6956 27.1662 33.9681 22.4722 50.7805 94.1926 83.3443 17.0 7.61577 61.7591 62.4729 17.8045 22.8035 40.025 16.4924 45.0999 39.2046 14.8661 59.4138 27.2029 51.8652 58.9315 37.68 63.0433 74.6673 34.3367 45.9101 86.5645 59.1495 40.1123 
41.3178 48.5077 23.0868 42.0614 51.7397 60.7289 54.2241 37.2156 47.454 67.1103 92.2957 45.8821 24.6432 17.4268 33.0792 18.868 38.1358 62.0711 37.8021 27.2947 47.0 67.5543 53.3385 7.0 34.0 84.5212 85.438 53.3092 50.1931 40.6079 19.2094 81.3999 4.47214 0.0 47.1275 67.1696 79.0464 29.64 45.4206 59.5628 30.0167 23.0217 29.6387 25.0799 51.2814 90.3582 79.5099 14.8661 3.16228 62.26 62.9738 21.9317 21.2603 35.6959 14.0 41.3038 35.5106 12.2066 55.2268 29.5296 52.6308 55.0971 33.8457 59.209 75.1682 34.8376 46.411 82.7301 55.3151 36.3456 
65.6924 21.2132 69.857 66.4746 96.6196 13.6015 87.6926 13.9284 60.9559 65.123 91.0055 33.3766 52.3652 45.2276 58.258 61.131 71.9145 87.5962 83.7258 72.6911 14.1421 47.8017 21.5407 45.5412 80.2309 93.4127 87.1436 31.4006 58.3561 86.4568 30.0666 84.4808 50.448 47.1275 0.0 90.422 83.4598 57.4951 78.5324 89.0366 19.0263 26.6271 28.4253 72.111 86.2839 86.209 73.3348 34.2345 44.5982 94.4035 86.6585 60.0333 31.0644 23.2594 56.2302 9.84886 12.8062 35.6931 21.4709 76.3217 96.3059 56.1418 32.249 50.01 110.454 67.6811 79.2151 78.1601 46.0109 12.7279 
24.9029 69.0502 61.5005 24.7629 40.2492 95.7971 19.6977 88.6544 26.9114 39.4588 48.3322 54.6602 44.2967 50.0374 33.3443 71.9794 29.3172 7.07107 46.6905 68.4804 74.8239 61.327 72.6978 72.9788 67.757 26.1725 41.2311 62.4962 29.0689 46.6905 81.3032 36.4005 66.6687 67.1696 90.422 0.0 26.9258 39.9854 22.1098 12.3693 83.9157 68.9157 62.0096 53.975 21.9545 51.2445 50.0416 81.0469 67.6772 19.0 7.0 77.9621 87.7408 68.079 58.1972 80.9279 78.0531 77.9763 74.7236 51.6342 38.4838 31.241 58.9169 48.7545 32.8938 34.3066 21.2788 48.5092 48.8774 77.8136 
38.6152 63.7465 90.1577 38.721 67.1193 90.62 46.6154 87.3247 33.1211 21.2603 21.4709 50.1077 55.2068 63.0365 46.4204 96.2971 55.4631 31.6539 72.8385 97.3116 70.2039 46.7547 66.3759 85.8267 93.9029 10.0 14.3178 55.0729 31.8363 72.9042 84.456 9.48683 82.7069 79.0464 83.4598 26.9258 0.0 55.6389 48.2557 39.2173 83.8333 69.2075 61.0535 80.1209 48.7546 24.5153 26.2488 85.4207 77.7843 45.1221 31.0238 100.447 88.3943 61.3838 68.3044 73.9352 74.3659 84.2075 68.0711 77.7801 65.3911 32.136 54.7539 36.3593 56.0089 60.4525 47.4247 23.1948 38.9313 73.4225 
17.4929 49.0408 36.5083 17.8885 39.0 70.0027 30.8058 55.3637 24.0466 47.8457 68.9441 38.3275 5.38516 13.7013 9.21954 46.8907 14.4222 34.8869 32.0156 43.6623 51.0 56.5685 54.0833 36.4203 44.5901 60.8639 62.3433 48.5077 26.7856 34.0147 45.6557 57.9924 33.3005 29.64 57.4951 39.9854 55.6389 0.0 21.2603 32.7619 50.625 35.625 29.6816 29.7616 29.0689 68.6301 61.4042 41.7477 28.3779 38.0789 35.7896 51.0405 48.4416 37.1214 18.898 48.6023 44.8377 38.677 56.3028 29.8031 38.9102 28.3502 28.7924 45.6171 53.8238 10.4403 22.0227 62.6398 42.7551 44.7672 
23.0217 68.4763 39.5601 22.0 22.0227 90.9065 9.84886 76.4598 33.0606 54.1424 69.7172 56.0803 26.1725 34.7975 21.9317 50.2304 8.24621 17.0113 24.7588 46.4866 71.2811 70.4557 73.3553 51.2299 45.6508 48.2574 62.5731 66.1287 36.0555 25.0 66.7519 57.695 44.9197 45.4206 78.5324 22.1098 48.2557 21.2603 0.0 14.1421 71.7212 56.7212 50.448 31.9531 7.81025 72.4434 67.0191 60.1619 46.669 17.72 17.914 56.2132 66.6665 57.4282 37.0246 69.527 65.875 57.2826 75.591 29.5296 21.0238 38.1182 48.5489 58.1378 32.7567 13.6015 1.0 67.8148 56.5685 65.8045 
29.936 77.5839 53.6004 28.7023 28.3019 101.023 7.81025 87.4395 35.7902 51.0882 60.5392 64.8745 37.0732 45.7772 31.0781 64.3726 22.0 11.7047 36.8917 60.4401 80.8955 71.4703 82.3667 65.372 59.0931 37.4433 53.4883 71.4458 37.9724 36.4005 77.7316 48.7032 59.0619 59.5628 89.0366 12.3693 39.2173 32.7619 14.1421 0.0 82.7009 67.2061 60.679 45.8803 10.6301 63.6003 62.2013 73.8235 60.4537 7.61577 12.6491 70.3553 80.5174 67.1932 50.9738 79.7661 76.4188 70.7528 84.5975 43.0813 26.4197 40.1721 58.0962 58.8218 23.6008 27.074 13.1529 60.8655 58.3512 76.3235 
59.1862 31.1127 51.8652 59.9684 80.8497 32.1403 81.074 7.2111 65.3225 67.6831 94.1488 36.7696 45.6283 43.2826 51.6228 42.2966 65.0444 84.8258 67.6757 54.1295 25.807 56.8595 34.2053 27.2029 61.8466 93.7861 89.1067 40.0 58.3351 70.4557 11.4018 85.6367 32.6956 30.0167 19.0263 83.9157 83.8333 50.625 71.7212 82.7009 0.0 16.2788 23.0217 55.0091 79.506 90.5207 78.4347 15.8114 28.0179 88.0662 85.7285 41.0122 12.0416 23.7697 40.4605 18.0278 12.7279 17.8885 35.2278 59.5399 81.6888 56.1207 29.1548 54.7814 104.031 60.811 72.4365 82.5651 50.3289 14.1421 
44.1862 25.7099 46.0109 44.9684 70.9865 39.8246 66.074 21.9317 50.3225 53.3839 79.7262 24.7588 30.4951 23.3576 36.6228 40.5216 50.0444 69.3311 58.0927 50.2494 24.0208 46.7547 30.4138 24.3516 57.0088 79.1603 74.4859 31.3847 43.7093 60.8237 15.2643 71.0109 27.1662 23.0217 26.6271 68.9157 69.2075 35.625 56.7212 67.2061 16.2788 0.0 8.06226 46.8722 64.506 76.5122 64.9333 16.2788 20.0 72.4759 65.1523 41.6293 19.2354 13.4164 32.5136 18.9737 13.8924 15.2643 32.249 50.7884 71.8256 41.495 14.4868 41.8808 88.6301 45.811 57.4365 68.6946 37.4433 14.3178 
37.2801 21.0238 50.3587 38.0623 68.5186 40.4599 59.4138 27.4591 38.155 45.2217 71.5681 17.0294 24.4131 18.0278 29.8329 47.7605 44.1022 59.1839 58.9406 55.5438 21.5407 39.2046 26.0768 31.7979 61.5249 71.0063 66.3319 24.6982 35.5553 61.4443 23.3238 62.8569 33.9681 29.6387 28.4253 62.0096 61.0535 29.6816 50.448 60.679 23.0217 8.06226 0.0 50.04 58.1378 68.352 56.7979 24.3755 26.5075 66.0458 58.2462 49.2274 27.2947 8.06226 27.6586 19.105 16.1245 23.1623 28.1603 53.3385 68.5081 33.341 6.32456 33.8378 82.1031 39.8833 51.0882 60.5392 29.4109 15.8114 
44.844 71.0634 8.0 44.6913 31.0161 85.703 39.6232 62.1772 52.7527 76.5519 96.7162 63.6396 36.8471 33.2415 37.9838 21.1896 25.5539 48.8765 14.7648 14.5602 70.772 83.9345 76.1052 28.6007 14.8661 80.498 90.1153 73.3348 55.4918 17.4929 43.909 85.7644 22.4722 25.0799 72.111 53.975 80.1209 29.7616 31.9531 45.8803 55.0091 46.8722 50.04 0.0 36.4966 96.6879 90.1103 39.4462 27.5136 47.3814 49.7792 27.2029 45.2217 58.0775 23.3452 65.7343 60.1664 37.1214 78.1601 5.0 32.573 57.0563 52.1536 73.9601 58.3095 22.6716 32.8938 91.0985 70.5778 60.8769 
28.8617 75.8024 44.4072 27.6586 18.3848 98.5951 3.16228 84.2447 38.833 58.2151 70.214 63.1451 33.9411 42.5823 29.1548 56.0089 15.6525 18.4391 26.4197 50.9902 78.8162 76.2955 80.6226 57.0906 49.0408 47.8017 63.072 73.1874 41.7732 25.807 70.2133 58.1939 50.7805 51.2814 86.2839 21.9545 48.7546 29.0689 7.81025 10.6301 79.506 64.506 58.1378 36.4966 0.0 72.9525 70.214 66.0227 52.5298 11.0 19.4165 62.0322 72.5272 65.0 42.8854 77.2334 73.6265 63.1434 82.8553 33.2415 16.7631 43.9318 56.0357 63.7887 25.0599 21.0238 7.07107 69.4217 62.5859 73.5559 
51.8556 65.0692 103.435 52.0096 91.3194 90.2718 70.8537 92.9624 45.3431 23.2594 7.07107 54.1295 68.198 73.0696 59.4142 109.288 73.1798 55.8518 95.0917 111.237 72.111 40.6079 66.0303 97.1386 111.516 30.1496 11.0454 55.0091 43.4166 96.0802 91.7607 15.1327 94.1926 90.3582 86.209 51.2445 24.5153 68.6301 72.4434 63.6003 90.5207 76.5122 68.352 96.6879 72.9525 0.0 13.0384 92.9693 89.0961 69.6348 55.2217 113.438 95.699 66.9403 81.2956 77.6466 79.6241 91.7561 67.1193 96.4002 89.6064 43.0116 62.0322 36.3456 80.0999 74.2024 71.6125 8.06226 40.6079 78.4474 
45.618 52.1536 96.857 46.0977 88.2959 77.2334 68.7314 80.5233 37.4433 13.6015 18.9737 41.7612 60.972 62.2213 52.1882 97.552 67.624 51.788 89.5545 104.011 59.2115 27.6586 53.0094 86.2903 104.939 34.8855 18.4391 42.0476 35.0 90.6201 80.1818 19.4165 83.3443 79.5099 73.3348 50.0416 26.2488 61.4042 67.0191 62.2013 78.4347 64.9333 56.7979 90.1103 70.214 13.0384 0.0 81.1465 78.2479 69.0314 50.8035 101.143 84.1201 54.7083 74.0696 64.9384 67.1863 79.9333 54.0833 90.05 86.885 34.0588 50.5371 23.7697 81.4985 68.0 67.5859 5.38516 28.1603 65.9697 
52.6656 40.7185 36.0555 53.4478 66.5282 47.676 68.9653 22.8473 58.8019 69.7214 95.946 41.0122 36.7509 29.5345 45.1869 27.0 52.8771 75.9484 52.6308 38.4708 37.3631 63.0317 44.9444 11.4018 46.0977 95.8691 90.6991 47.4342 59.9225 55.4437 4.47214 87.2241 17.0 14.8661 34.2345 81.0469 85.4207 41.7477 60.1619 73.8235 15.8114 16.2788 24.3755 39.4462 66.0227 92.9693 81.1465 0.0 13.6015 79.1888 76.8512 26.6833 6.7082 29.4109 26.7124 30.4138 24.3311 3.16228 46.4866 44.1022 67.3573 57.7082 30.7 58.1049 89.9095 49.5788 61.1523 84.9078 53.6632 25.4951 
40.0557 45.3982 26.0192 40.7994 53.0377 58.1893 55.4725 35.2278 46.192 65.8482 91.0336 44.62 23.3811 16.1647 31.8172 21.9545 39.3842 62.5787 39.6611 30.4138 44.0114 66.2922 50.2494 8.544 37.0135 83.2592 84.176 50.1781 48.9311 42.4382 17.6918 80.1378 7.61577 3.16228 44.5982 67.6772 77.7843 28.3779 46.669 60.4537 28.0179 20.0 26.5075 27.5136 52.5298 89.0961 78.2479 13.6015 0.0 63.5084 63.4814 24.7588 20.2485 32.5648 13.3417 38.4708 32.7567 10.6301 52.1536 31.7805 53.8812 53.835 32.5836 57.9469 76.4166 36.086 47.6594 81.4681 54.0531 33.541 
35.3028 82.9507 55.3263 34.0691 24.7588 106.39 8.06226 92.8048 43.3956 58.3095 66.0984 70.2413 42.4382 51.1425 36.4449 67.0075 25.9615 19.3132 36.4005 61.8142 86.2623 79.0569 87.7335 68.0693 59.4811 42.0476 59.203 80.2836 45.5778 35.3412 83.0969 54.5711 61.7591 62.26 94.4035 19.0 45.1221 38.0789 17.72 7.61577 88.0662 72.4759 66.0458 47.3814 11.0 69.6348 69.0314 79.1888 63.5084 0.0 20.2485 73.0274 85.8827 72.56 56.3391 85.1329 81.7856 76.1181 89.9643 43.9318 22.6274 47.7775 63.463 66.4078 16.2788 31.3209 16.7631 67.3647 65.9565 81.6903 
21.1395 65.2868 57.3047 20.9995 37.6431 92.0337 18.0278 84.891 23.1479 39.0128 52.4853 50.8968 40.1009 48.8048 34.1058 67.7836 25.1215 1.0 42.4969 64.2846 71.0605 58.8218 68.9344 68.783 63.5612 31.4009 45.3412 58.8036 25.3301 42.5625 80.7592 40.4631 62.4729 62.9738 86.6585 7.0 31.0238 35.7896 17.914 12.6491 85.7285 65.1523 58.2462 49.7792 19.4165 55.2217 50.8035 76.8512 63.4814 20.2485 0.0 73.7664 83.5451 64.3156 54.0015 77.1645 74.2897 73.7805 70.9601 47.4384 36.1386 27.5299 55.1535 46.1736 35.8469 30.1108 17.083 50.022 45.7089 74.0501 
62.5379 67.0671 19.6977 63.462 58.1893 73.0274 65.0077 47.0956 68.8546 88.7436 113.696 65.8642 46.0437 39.0601 54.4798 6.08276 48.9284 72.8637 41.7852 16.9706 64.0312 87.934 71.4703 17.4929 24.8395 105.287 107.151 72.8972 71.5937 44.3847 30.2655 102.8 17.8045 21.9317 60.0333 77.9621 100.447 51.0405 56.2132 70.3553 41.0122 41.6293 49.2274 27.2029 62.0322 113.438 101.143 26.6833 24.7588 73.0274 73.7664 0.0 29.0 55.0364 33.541 57.0701 50.9902 26.5707 73.0821 31.9531 59.7746 76.7304 55.552 80.8423 85.1587 45.6301 57.2036 104.363 76.9485 52.1728 
59.3595 41.0488 41.1461 60.1417 73.0 44.0454 75.4699 18.2483 65.4958 72.5707 98.9196 43.6005 43.4448 36.2284 50.8701 30.5941 59.3817 82.6424 58.7963 42.72 36.6742 65.1153 44.7772 16.6433 50.5964 102.563 93.6727 48.8365 62.8961 61.6198 4.12311 90.1977 22.8035 21.2603 31.0644 87.7408 88.3943 48.4416 66.6665 80.5174 12.0416 19.2354 27.2947 45.2217 72.5272 95.699 84.1201 6.7082 20.2485 85.8827 83.5451 29.0 0.0 31.1448 33.4063 29.1548 23.2594 9.84886 46.0652 50.0 73.8783 60.6817 33.6736 61.0574 96.414 56.0834 70.2531 87.8814 56.6039 24.5967 
43.3495 13.0 58.2399 44.1316 76.0592 33.9706 66.0681 26.1725 38.4963 44.4072 70.859 13.0 31.7648 25.9615 36.1248 53.7587 51.4782 65.2533 66.944 62.9783 13.8924 33.9706 18.0278 37.6962 69.4275 71.3366 66.1891 18.0278 35.8965 69.4476 27.5862 63.0079 40.025 35.6959 23.2594 68.079 61.3838 37.1214 57.4282 67.1932 23.7697 13.4164 8.06226 58.0775 65.0 66.9403 54.7083 29.4109 32.5648 72.56 64.3156 55.0364 31.1448 0.0 35.6931 13.4164 13.0 28.6531 20.0998 61.4003 76.0263 33.6822 9.21954 31.0161 88.6173 47.4236 58.0086 58.9406 26.5707 12.0416 
30.3954 48.5077 25.9422 31.3194 43.3976 66.9218 45.8281 47.6383 36.712 60.5112 81.5537 40.3113 13.9012 10.0 22.3372 28.8444 29.7398 53.0987 31.3209 32.45 49.0408 60.7289 53.6004 21.0 36.7696 73.1447 75.0087 50.0899 39.4511 33.8378 30.6205 70.6579 16.4924 14.0 56.2302 58.1972 68.3044 18.898 37.0246 50.9738 40.4605 32.5136 27.6586 23.3452 42.8854 81.2956 74.0696 26.7124 13.3417 56.3391 54.0015 33.541 33.4063 35.6931 0.0 45.5414 41.7263 23.6417 55.7315 26.0 44.2367 41.0157 29.0 50.9902 66.7722 26.4415 38.015 75.3052 47.5395 41.6558 
56.1984 13.8924 64.3817 56.9806 87.4236 21.4009 78.5175 16.6433 51.2714 56.0 82.1523 24.0208 43.4166 36.3853 48.8365 57.2189 63.0217 78.1022 76.8495 68.0074 7.81025 40.7185 16.2788 41.0488 75.1665 83.8881 78.0064 23.7697 48.6716 79.3792 26.9258 75.1665 45.0999 41.3038 9.84886 80.9279 73.9352 48.6023 69.527 79.7661 18.0278 18.9737 19.105 65.7343 77.2334 77.6466 64.9384 30.4138 38.4708 85.1329 77.1645 57.0701 29.1548 13.4164 45.5414 0.0 6.08276 31.0644 17.2047 69.6725 87.4131 46.4573 22.4722 41.3038 101.19 58.7883 70.1783 69.5845 37.1214 5.0 
53.3236 18.3848 58.5491 54.1057 84.394 25.9422 75.0403 13.3417 51.469 57.3149 83.7257 25.4951 39.7078 32.5702 45.8039 51.1566 59.2571 75.2273 71.5002 62.0322 13.4164 44.4185 21.6333 35.0143 69.2604 84.3187 79.1581 27.4591 48.8692 74.2312 20.8806 76.0066 39.2046 35.5106 12.8062 78.0531 74.3659 44.8377 65.875 76.4188 12.7279 13.8924 16.1245 60.1664 73.6265 79.6241 67.1863 24.3311 32.7567 81.7856 74.2897 50.9902 23.2594 13.0 41.7263 6.08276 0.0 25.02 22.8254 64.195 83.6485 46.6549 20.8806 43.4166 97.8428 55.0237 66.5577 71.5891 39.0512 1.41421 
49.595 40.4969 34.2053 50.3771 63.6553 49.2443 66.086 25.0599 55.7313 68.5082 94.7328 39.799 33.6802 26.4638 42.1163 26.1725 49.9978 72.8778 50.0 37.1214 37.6563 61.8688 44.9222 10.0 44.5533 92.7984 89.4859 46.6476 58.7093 52.8015 7.07107 86.0109 14.8661 12.2066 35.6931 77.9763 84.2075 38.677 57.2826 70.7528 17.8885 15.2643 23.1623 37.1214 63.1434 91.7561 79.9333 3.16228 10.6301 76.1181 73.7805 26.5707 9.84886 28.6531 23.6417 31.0644 25.02 0.0 46.5725 41.6773 64.4947 56.495 29.4868 56.8917 87.0301 46.6995 60.4885 84.128 52.45 26.0768 
60.6187 7.28011 78.0577 61.4008 95.2733 23.1948 83.571 33.2415 48.2446 48.0833 72.5603 20.5183 50.9215 45.8912 53.7122 72.5672 70.3847 71.8978 86.9104 82.4924 9.43398 27.1662 2.23607 56.2939 89.1403 78.0239 69.6348 13.0 45.6448 89.414 43.4626 67.72 59.4138 55.2268 21.4709 74.7236 68.0711 56.3028 75.591 84.5975 35.2278 32.249 28.1603 78.1601 82.8553 67.1193 54.0833 46.4866 52.1536 89.9643 70.9601 73.0821 46.0652 20.0998 55.7315 17.2047 22.8254 46.5725 0.0 81.4985 95.0789 43.4305 27.5136 32.28 106.022 66.7308 76.0592 59.2115 29.1548 21.4709 
44.6542 74.3303 12.3693 44.4072 26.2488 89.8888 36.4005 66.7308 52.7737 76.5376 96.4019 66.1891 34.2866 36.0 38.0132 26.0 24.0832 46.5357 9.84886 18.0278 74.3601 86.0505 79.404 33.4215 16.1245 77.7817 89.8011 76.0592 55.5128 12.53 48.5489 85.4502 27.2029 29.5296 76.3217 51.6342 77.7801 29.8031 29.5296 43.0813 59.5399 50.7884 53.3385 5.0 33.2415 96.4002 90.05 44.1022 31.7805 43.9318 47.4384 31.9531 50.0 61.4003 26.0 69.6725 64.195 41.6773 81.4985 0.0 27.8927 57.0774 55.0 75.4076 54.0833 22.2036 30.4138 90.9725 72.4983 64.851 
44.0454 87.8465 40.2616 43.0116 2.23607 108.813 18.7883 88.8654 54.0833 74.6898 86.8159 76.243 44.2832 52.5121 42.2019 53.7587 24.6982 35.171 18.2483 45.3982 89.8944 91.444 92.8493 58.2495 41.0122 63.8122 79.7057 86.4002 57.0789 16.0312 71.5647 74.8465 51.8652 52.6308 96.3059 38.4838 65.3911 38.9102 21.0238 26.4197 81.6888 71.8256 68.5081 32.573 16.7631 89.6064 86.885 67.3573 53.8812 22.6274 36.1386 59.7746 73.8783 76.0263 44.2367 87.4131 83.6485 64.4947 95.0789 27.8927 0.0 59.1354 67.624 79.1581 27.2947 28.6531 21.0 86.16 77.5242 83.5779 
15.1327 37.7571 63.803 16.2788 60.0333 64.504 43.9649 59.6121 5.09902 20.5183 44.7214 23.3671 27.9181 37.8085 19.1343 73.1391 36.3456 28.4675 57.7235 70.957 43.5308 32.3883 41.4048 61.8775 71.8848 42.0888 38.6264 31.2739 2.23607 59.2284 56.7434 34.4819 58.9315 55.0971 56.1418 31.241 32.136 28.3502 38.1182 40.1721 56.1207 41.495 33.341 57.0563 43.9318 43.0116 34.0588 57.7082 53.835 47.7775 27.5299 76.7304 60.6817 33.6822 41.0157 46.4573 46.6549 56.495 43.4305 57.0774 59.1354 0.0 27.0414 20.025 63.2502 35.4401 38.2099 36.1248 18.6815 45.7237 
34.1874 20.2485 53.3667 34.9695 67.7791 43.1856 57.0088 33.1361 31.8555 38.8973 65.2534 12.083 23.4094 19.0 27.0185 51.8912 42.9535 56.0911 59.8074 58.8218 22.8035 34.1321 25.2982 38.1225 64.5368 64.7068 60.0167 21.2132 29.2557 62.0522 29.7353 56.5573 37.68 33.8457 32.249 58.9169 54.7539 28.7924 48.5489 58.0962 29.1548 14.4868 6.32456 52.1536 56.0357 62.0322 50.5371 30.7 32.5836 63.463 55.1535 55.552 33.6736 9.21954 29.0 22.4722 20.8806 29.4868 27.5136 55.0 67.624 27.0414 0.0 27.8029 79.5203 39.2173 49.0918 54.231 23.4307 20.2485 
35.1283 29.0689 76.922 36.2215 80.0562 55.3173 63.7938 56.7539 25.0799 15.8114 41.0 18.0278 41.4367 42.19 38.6298 77.2545 56.1427 47.1275 77.2411 83.2406 36.0139 12.6491 30.8058 65.9893 87.7268 46.3253 37.4833 19.4165 22.0907 78.8089 57.1402 35.4401 63.0433 59.209 50.01 48.7545 36.3593 45.6171 58.1378 58.8218 54.7814 41.8808 33.8378 73.9601 63.7887 36.3456 23.7697 58.1049 57.9469 66.4078 46.1736 80.8423 61.0574 31.0161 50.9902 41.3038 43.4166 56.8917 32.28 75.4076 79.1581 20.025 27.8029 0.0 81.5414 54.9052 58.2151 28.2843 4.47214 42.2019 
51.3601 99.008 66.2722 50.1264 29.4279 122.447 23.0217 108.769 58.8683 72.0618 75.5381 86.2986 58.4123 67.1071 52.5022 79.0759 40.7063 34.9857 45.0111 72.0278 102.32 94.1541 103.791 80.9774 68.1836 50.4876 69.1809 94.5239 61.0505 43.1045 94.1001 65.0308 74.6673 75.1682 110.454 32.8938 56.0089 53.8238 32.7567 23.6008 104.031 88.6301 82.1031 58.3095 25.0599 80.0999 81.4985 89.9095 76.4166 16.2788 35.8469 85.1587 96.414 88.6173 66.7722 101.19 97.8428 87.0301 106.022 54.0833 27.2947 63.2502 79.5203 81.5414 0.0 46.0652 31.9061 79.1012 81.3941 97.7446 
22.4722 59.4643 29.4184 22.2036 28.6356 80.1886 23.4094 65.5496 31.0161 54.5619 74.2072 48.6621 15.8114 23.8873 16.4924 39.6474 5.38516 29.2081 22.3607 36.5724 61.2736 66.1891 64.5136 40.6468 37.4833 60.8296 67.6063 58.8558 33.8378 24.0832 53.7695 63.2554 34.3367 34.8376 67.6811 34.3066 60.4525 10.4403 13.6015 27.074 60.811 45.811 39.8833 22.6716 21.0238 74.2024 68.0 49.5788 36.086 31.3209 30.1108 45.6301 56.0834 47.4236 26.4415 58.7883 55.0237 46.6995 66.7308 22.2036 28.6531 35.4401 39.2173 54.9052 46.0652 0.0 14.5602 68.7968 52.2398 54.9531 
23.0868 68.9638 40.5216 22.0227 22.0907 91.5478 8.94427 77.1752 33.1361 53.978 68.8862 56.4624 26.8701 35.5128 22.3607 51.2208 9.21954 16.1803 25.4558 47.4342 71.8471 70.5762 73.8241 52.2203 46.5296 47.4264 61.7421 66.5051 36.1248 25.6125 67.4672 56.864 45.9101 46.411 79.2151 21.2788 47.4247 22.0227 1.0 13.1529 72.4365 57.4365 51.0882 32.8938 7.07107 71.6125 67.5859 61.1523 47.6594 16.7631 17.083 57.2036 70.2531 58.0086 38.015 70.1783 66.5577 60.4885 76.0592 30.4138 21.0 38.2099 49.0918 58.2151 31.9061 14.5602 0.0 66.9839 56.7186 66.4871 
46.3249 57.0351 98.0926 46.6476 87.6541 82.3893 67.8101 84.9294 38.9487 15.8114 13.6015 46.0977 62.2077 65.4415 53.4238 100.772 68.0 50.9893 89.9145 105.247 64.0703 32.9848 58.0775 89.5105 105.927 31.0161 13.4536 47.0 36.7696 90.903 83.943 15.2315 86.5645 82.7301 78.1601 48.5092 23.1948 62.6398 67.8148 60.8655 82.5651 68.6946 60.5392 91.0985 69.4217 8.06226 5.38516 84.9078 81.4681 67.3647 50.022 104.363 87.8814 58.9406 75.3052 69.5845 71.5891 84.128 59.2115 90.9725 86.16 36.1248 54.231 28.2843 79.1012 68.7968 66.9839 0.0 32.5576 70.406 
33.7343 25.318 73.4098 34.9285 78.3135 51.923 62.6333 52.3927 23.7697 19.2354 45.0444 13.6015 38.3275 38.4708 36.0139 73.3607 54.0 46.6466 74.5453 79.6053 32.1403 14.0 27.5136 62.0955 84.309 48.8841 41.1947 16.1555 20.8806 76.3217 52.6972 38.833 59.1495 55.3151 46.0109 48.8774 38.9313 42.7551 56.5685 58.3512 50.3289 37.4433 29.4109 70.5778 62.5859 40.6079 28.1603 53.6632 54.0531 65.9565 45.7089 76.9485 56.6039 26.5707 47.5395 37.1214 39.0512 52.45 29.1548 72.4983 77.5242 18.6815 23.4307 4.47214 81.3941 52.2398 56.7186 32.5576 0.0 37.855 
