NAME  : Jabali_70_3_0.85_1_2
TYPE : SVRP
MODEL : FINITE_SUPPORT
NUMBER_OF_SCENARIOS : 200
DIMENSION : 70
EDGE_WEIGHT_TYPE : MATRIX
CAPACITY : 147
N_VEHICLES : 3
NODE_COORD_SECTION
1 3288 4481
2 7506 2734
3 4840 3550
4 760 4669
5 2519 5893
6 4938 1744
7 5374 2574
8 4974 3583
9 4414 4081
10 2836 4061
11 2098 18
12 2335 3245
13 5597 2228
14 3189 2300
15 4521 4875
16 1560 6333
17 5449 4051
18 6589 5182
19 3826 7860
20 2601 7430
21 7240 3961
22 3799 1409
23 1734 7107
24 6645 5852
25 2067 1521
26 3994 2569
27 5007 1402
28 2100 1236
29 3404 5237
30 3869 1401
31 6869 3787
32 3368 1702
33 2991 2105
34 5157 2392
35 3720 2524
36 856 3574
37 7924 2962
38 4891 3068
39 1814 2811
40 4109 8497
41 1945 180
42 1164 4242
43 6356 4938
44 4162 4402
45 5323 1866
46 27 5372
47 115 3899
48 7714 5109
49 458 4102
50 3008 7518
51 5891 4884
52 2120 7811
53 98 6121
54 7739 3741
55 2625 1236
56 5041 6582
57 2825 6462
58 8063 3140
59 4732 8824
60 7531 3327
61 1317 3395
62 1828 6921
63 5764 4154
64 5652 6641
65 3731 2747
66 758 4038
67 1049 2209
68 4832 5641
69 4359 2222
70 2631 4124
DEMAND_SECTION
1 0.0
2 5.0
3 7.0
4 9.0
5 7.0
6 8.0
7 3.0
8 1.0
9 3.0
10 6.0
11 2.0
12 1.0
13 7.0
14 6.0
15 5.0
16 9.0
17 8.0
18 3.0
19 3.0
20 5.0
21 1.0
22 2.0
23 3.0
24 7.0
25 5.0
26 1.0
27 7.0
28 6.0
29 2.0
30 4.0
31 5.0
32 9.0
33 1.0
34 4.0
35 2.0
36 8.0
37 3.0
38 9.0
39 9.0
40 6.0
41 5.0
42 7.0
43 6.0
44 8.0
45 1.0
46 6.0
47 10.0
48 10.0
49 9.0
50 7.0
51 7.0
52 1.0
53 9.0
54 3.0
55 10.0
56 6.0
57 9.0
58 4.0
59 4.0
60 1.0
61 9.0
62 1.0
63 9.0
64 1.0
65 8.0
66 9.0
67 5.0
68 9.0
69 7.0
70 3.0
DEVIATION_SECTION
1 0.0
2 1.66667
3 2.33333
4 3.0
5 2.33333
6 2.66667
7 1.0
8 0.333333
9 1.0
10 2.0
11 0.666667
12 0.333333
13 2.33333
14 2.0
15 1.66667
16 3.0
17 2.66667
18 1.0
19 1.0
20 1.66667
21 0.333333
22 0.666667
23 1.0
24 2.33333
25 1.66667
26 0.333333
27 2.33333
28 2.0
29 0.666667
30 1.33333
31 1.66667
32 3.0
33 0.333333
34 1.33333
35 0.666667
36 2.66667
37 1.0
38 3.0
39 3.0
40 2.0
41 1.66667
42 2.33333
43 2.0
44 2.66667
45 0.333333
46 2.0
47 3.33333
48 3.33333
49 3.0
50 2.33333
51 2.33333
52 0.333333
53 3.0
54 1.0
55 3.33333
56 2.0
57 3.0
58 1.33333
59 1.33333
60 0.333333
61 3.0
62 0.333333
63 3.0
64 0.333333
65 2.66667
66 3.0
67 1.66667
68 3.0
69 2.33333
70 1.0
DISTANCE_MATRIX
0.0 61.5224 24.4131 35.6305 22.0227 43.4166 38.0789 25.0 15.5563 8.16228 63.6023 20.9668 43.0813 32.8944 17.1172 34.4819 29.4109 45.1584 49.2592 41.7732 53.3385 42.508 41.1947 52.9473 44.9355 28.0713 47.2652 47.8501 10.8167 42.508 49.0918 40.8053 34.9428 37.9473 27.667 33.1539 65.2993 28.6356 29.582 57.7159 63.1623 29.071 41.5529 11.6619 44.3847 47.6967 42.1093 59.0424 37.6206 42.0595 36.1386 48.1664 48.6172 60.208 46.7283 37.3712 27.6586 66.2193 64.1172 59.203 29.3348 39.2046 32.7567 42.1273 25.4309 34.0294 42.5577 25.7099 34.0147 8.99323 
61.5224 0.0 37.8021 96.9827 79.0702 38.0 30.0832 37.0135 45.9674 69.3817 85.0529 70.1833 28.1603 59.203 49.0918 93.2309 32.8024 35.0571 85.1664 91.3893 16.1245 54.037 98.0632 43.0116 76.1183 48.3839 39.2046 76.6551 64.405 54.037 16.2788 58.5491 61.8466 32.7567 51.5461 90.7772 6.08276 36.2353 76.5735 89.8053 83.0963 90.4233 34.5254 50.2494 33.0 108.815 101.328 31.7805 97.9078 88.7505 35.171 99.4032 109.736 13.0384 70.3491 61.4435 84.0963 8.24621 90.05 7.61577 84.4999 95.5913 30.5287 58.2151 51.264 94.4649 87.5957 52.5547 43.9318 70.2126 
24.4131 37.8021 0.0 59.6196 44.5982 24.3516 15.0333 1.0 9.48683 32.0185 60.8358 36.3676 20.0998 27.8927 18.2483 58.1808 10.4403 30.6205 61.0016 61.3285 32.7567 31.8904 63.6003 38.4094 46.0977 17.8885 28.4605 47.8017 30.0832 31.8904 27.8927 31.7648 31.0483 16.1245 20.2485 57.0851 42.19 6.32456 42.7578 68.5136 59.4811 53.0601 27.015 14.5602 23.1948 73.7752 65.346 43.4166 60.5446 60.0083 23.7065 68.7346 73.0291 38.8973 43.0813 40.7185 47.676 43.4166 72.2357 36.6742 50.6842 61.6847 14.3178 43.0756 18.6815 57.1017 54.1409 28.2312 19.105 32.8495 
35.6305 96.9827 59.6196 0.0 30.4915 68.0955 68.0193 60.2597 51.0402 30.3058 63.3482 28.2312 71.8811 45.5412 52.8248 24.7588 65.051 86.0888 58.8109 43.8943 89.0369 59.7746 34.6554 89.7391 46.0977 51.1077 71.1196 49.163 42.2305 59.7746 84.7547 52.8867 45.607 66.2354 48.7647 13.9284 100.851 61.683 28.0713 67.5231 63.9531 7.28011 77.3162 47.3659 70.7381 14.3178 13.0 99.9727 8.60233 47.7537 71.8948 45.2548 22.0907 95.8861 52.0384 69.8101 37.2995 101.804 76.2449 94.8024 18.0278 33.2415 68.448 76.4775 47.5079 8.06226 32.8938 62.8466 57.8014 28.0879 
22.0227 79.0702 44.5982 30.4915 0.0 65.3758 59.203 44.9444 35.1141 25.4951 78.8923 35.7771 64.2884 50.448 30.148 14.2127 46.3249 58.524 31.6228 21.0238 68.4148 63.6396 19.2354 63.279 60.0333 50.01 69.2604 63.1348 14.7648 63.6396 64.8018 58.4637 52.2015 59.439 49.1664 42.5253 81.9656 49.7293 42.2019 40.8044 78.7718 34.6364 54.9185 30.0832 66.0984 33.7343 43.2046 72.4079 39.0823 22.8035 48.9016 26.4764 33.121 75.4753 63.1585 41.3411 8.60233 82.5381 48.8853 75.4753 38.7701 17.2627 48.6738 48.0085 47.1142 38.2105 53.6037 35.2818 56.0357 25.0 
43.4166 38.0 24.3516 68.0955 65.3758 0.0 12.0416 24.6982 32.3883 42.1555 47.0956 40.2244 10.4403 24.8395 42.45 77.6677 31.6228 50.2096 85.1469 84.0238 43.0813 16.1245 84.5931 58.1393 39.2173 17.0 4.12311 39.2938 52.0 16.1245 38.4838 21.5407 26.6271 9.21954 19.4165 60.3075 44.0114 18.0278 44.5533 92.8652 45.1774 61.0574 46.6905 37.2156 5.0 82.365 70.9366 58.6686 67.8012 83.2947 44.6878 91.022 88.8661 46.3249 32.7567 65.0 70.0 46.0435 96.566 41.5933 53.9073 82.6075 34.0588 66.8925 20.5913 64.405 53.0 52.5547 10.2956 43.5187 
38.0789 30.0832 15.0333 68.0193 59.203 12.0416 0.0 15.0 24.3311 45.2492 57.0701 40.7383 5.09902 29.1204 33.0606 72.45 20.1246 38.1838 75.6885 76.3605 32.0156 25.7099 78.339 46.1448 46.2709 18.3848 15.6205 47.0425 44.911 25.7099 27.2029 29.0 31.7805 3.16228 21.5407 61.3322 35.6931 9.48683 47.0106 82.7647 55.3173 61.0414 34.7131 29.4279 8.94427 82.1749 71.8827 46.9574 68.3238 75.0267 32.8024 83.7257 86.4189 36.1248 41.0122 54.4059 62.6498 37.4833 86.0233 32.0156 55.0549 76.4003 22.2036 55.7208 21.4709 64.819 57.5847 42.2019 14.0357 46.0802 
25.0 37.0135 1.0 60.2597 44.9444 24.6982 15.0 0.0 9.84886 32.6586 61.7414 37.3533 20.025 28.8617 18.1108 58.6003 9.48683 29.6833 60.834 61.42 31.7805 32.6497 63.8905 37.4722 47.0744 18.7883 28.7924 48.7647 30.3645 32.6497 26.9258 32.6497 32.0156 16.2788 21.1896 57.7252 41.3401 6.7082 43.7434 68.2029 60.3738 53.7002 26.0778 14.8661 23.3452 74.4153 65.9862 42.4264 61.1847 60.0333 22.8254 68.9117 73.6025 37.9473 44.0114 40.3113 47.8558 42.5441 71.8679 35.7771 51.6698 61.9839 13.3417 42.518 19.6469 57.7419 55.1265 27.8568 19.799 33.4896 
15.5563 45.9674 9.48683 51.0402 35.1141 32.3883 24.3311 9.84886 0.0 23.4391 62.8576 36.2436 29.4279 29.2094 10.8167 48.7545 14.3178 32.2311 52.8867 52.0867 38.4838 36.6197 54.1202 40.02 47.3008 21.4009 36.4966 49.1148 20.6155 36.6197 34.0 34.6554 32.3675 25.02 22.6274 48.5057 49.8197 15.0333 43.9342 61.0776 61.7057 44.4807 28.6255 5.09902 32.0 63.0713 57.519 46.0977 53.0303 51.0392 24.0832 59.4138 63.9918 45.1774 44.8588 34.4093 38.3275 50.8035 65.5859 43.8292 44.6116 52.2015 18.0278 38.2099 20.5183 49.4391 55.3173 22.0227 25.0799 24.27 
8.16228 69.3817 32.0185 30.3058 25.4951 42.1555 45.2492 32.6586 23.4391 0.0 55.4437 13.0384 50.1885 25.0 25.2237 36.2215 37.45 53.3207 54.3782 46.1736 61.4358 38.2099 44.0454 60.5216 36.7967 25.3228 45.522 39.6989 17.0416 38.2099 57.1536 32.9848 26.9258 44.9249 24.0208 27.6586 73.2495 35.8869 21.9317 63.6736 55.0 23.7463 49.7152 19.7648 51.1736 44.4614 36.7846 67.2046 32.296 47.0106 44.2938 51.9711 48.468 68.2851 38.5876 45.2413 32.311 74.2026 71.5383 67.2013 23.0217 42.0476 40.8469 49.834 22.0907 28.7047 35.1141 33.4429 31.9284 2.23607 
63.6023 85.0529 60.8358 63.3482 78.8923 47.0956 57.0701 61.7414 62.8576 55.4437 0.0 43.2666 57.3149 33.8378 73.4185 85.5768 71.1758 91.3835 109.298 99.8499 89.0505 31.4006 94.8326 99.1724 18.868 42.9535 46.0109 15.8114 72.4816 31.4006 84.1724 29.1548 30.8058 53.9351 40.7063 49.6488 91.0879 56.648 37.1618 118.5 2.23607 57.0088 87.778 65.8194 52.0865 75.326 57.0088 103.092 57.3149 101.548 84.5281 104.251 84.7172 93.0591 18.0278 96.9686 86.8217 93.1343 126.978 88.5664 45.607 92.9353 74.8465 101.058 42.5441 55.7315 31.0644 84.7298 43.6807 55.0 
20.9668 70.1833 36.3676 28.2312 35.7771 40.2244 40.7383 37.3533 36.2436 13.0384 43.2666 0.0 44.6001 17.4642 38.0282 43.566 46.7636 66.1252 66.0352 56.7979 68.268 31.7805 52.6308 73.3261 24.4131 23.4307 43.0465 27.4591 29.8329 31.7805 63.2864 25.1794 18.0278 38.9544 20.8087 20.6155 75.4077 34.402 9.21954 75.237 43.0465 21.0238 62.5197 32.5693 43.2782 42.5441 31.1448 80.0091 27.6586 58.3095 57.0983 61.6847 49.7293 73.8498 27.5136 58.0458 43.566 76.9755 83.8237 70.7673 14.4222 50.6952 50.6803 62.6385 19.8494 24.2074 22.561 46.2474 30.0 12.0416 
43.0813 28.1603 20.0998 71.8811 64.2884 10.4403 5.09902 20.025 29.4279 50.1885 57.3149 44.6001 0.0 31.7805 38.0132 77.4919 24.3516 41.2311 80.5472 81.4259 32.6956 26.0192 83.4326 49.4065 48.0521 21.6333 13.0384 48.5077 50.01 26.0192 28.178 30.4138 34.176 5.65685 24.6982 65.192 34.0588 14.5602 50.4777 87.4757 55.4437 64.9032 38.0132 34.5254 5.83095 86.0367 75.7445 48.5489 72.1856 80.0562 36.3593 88.8144 91.3582 35.9026 42.19 58.9406 67.7422 36.0139 90.5207 31.257 58.8982 81.4923 25.9422 59.9562 25.0 68.6807 60.4152 46.8722 16.1555 51.0194 
32.8944 59.203 27.8927 45.5412 50.448 24.8395 29.1204 28.8617 29.2094 25.0 33.8378 17.4642 31.7805 0.0 39.7703 60.075 38.3275 58.4556 79.2039 71.1688 59.0 14.3178 68.593 66.2445 18.2483 11.0454 26.9072 19.9249 41.7737 14.3178 54.0 8.06226 3.16228 26.5707 8.0 36.0555 64.7611 25.02 19.8494 88.4057 32.8024 38.2753 54.8501 32.1713 28.8444 59.808 46.6154 71.1969 43.909 71.8866 51.264 76.9025 67.1863 64.195 15.8114 63.3205 57.2451 66.4906 94.5631 60.6712 29.6816 66.6108 42.2019 67.4095 9.21954 40.7063 28.6356 51.0816 15.6525 25.4951 
17.1172 49.0918 18.2483 52.8248 30.148 42.45 33.0606 18.1108 10.8167 25.2237 73.4185 38.0282 38.0132 39.7703 0.0 44.3088 16.5529 28.682 42.7557 43.9318 38.2884 47.4342 48.5259 36.4709 57.8617 32.2025 46.5725 59.6757 15.5563 47.4342 34.6554 45.2769 42.9284 34.3657 33.3017 50.3483 51.8556 24.5153 46.6434 51.0 72.2666 46.2653 25.0765 8.06226 41.4367 60.8808 59.3036 42.5659 54.815 42.19 19.3132 51.7054 61.7171 45.3431 55.4197 23.6008 36.2526 52.4023 54.7772 45.3431 46.3963 46.669 18.6011 27.8029 31.1448 51.2237 59.6192 11.3137 35.7771 26.0547 
34.4819 93.2309 58.1808 24.7588 14.2127 77.6677 72.45 58.6003 48.7545 36.2215 85.5768 43.566 77.4919 60.075 44.3088 0.0 60.4649 76.2305 35.6931 19.6977 82.5757 74.0 10.0 70.6366 66.7714 61.5348 81.4188 69.9185 28.8444 74.0 78.9626 68.1175 61.2944 72.4224 60.208 37.8331 96.1264 62.9682 48.709 43.9659 85.9163 28.9877 69.0793 43.8292 78.848 24.3311 37.2022 89.0402 33.3017 24.0416 63.0624 20.5183 20.6155 89.6361 70.8355 48.6988 17.088 96.6989 52.8867 89.6361 40.1767 8.48528 62.8346 55.3662 58.3095 32.5576 56.281 48.8158 67.9845 35.0571 
29.4109 32.8024 10.4403 65.051 46.3249 31.6228 20.1246 9.48683 14.3178 37.45 71.1758 46.7636 24.3516 38.3275 16.5529 60.4649 0.0 20.2111 57.0088 60.1664 24.1661 41.6173 64.7032 28.0 56.5155 28.2312 35.5106 58.2409 31.6228 41.6173 19.7231 42.0476 41.4849 22.4722 30.6757 62.5166 36.0694 15.0 53.1537 63.5059 69.7782 58.4916 16.6056 17.8045 29.0689 76.1584 70.7775 33.1361 67.0412 58.0517 13.6015 68.0074 77.0779 30.8869 53.4883 34.7131 52.5554 36.8782 66.2193 29.8329 58.6225 62.8464 4.0 35.6274 29.1204 63.45 64.5368 23.0217 28.6007 38.2809 
45.1584 35.0571 30.6205 86.0888 58.524 50.2096 38.1838 29.6833 32.2311 53.3207 91.3835 66.1252 41.2311 58.4556 28.682 76.2305 20.2111 0.0 50.9638 61.6853 19.4165 61.5873 74.2735 8.544 76.5944 48.4422 53.7587 78.3799 43.9324 61.5873 19.0263 62.2475 61.617 41.0366 50.8689 78.3873 34.9285 34.9857 74.7404 54.9181 89.9758 74.3623 4.12311 33.8944 46.7547 89.3404 87.4006 16.1555 82.912 57.2264 10.3734 69.2567 90.1311 25.632 73.6942 27.9517 60.3065 34.4819 55.0091 28.4429 74.4932 73.039 16.6433 23.1948 49.2706 79.3207 84.6109 28.3061 48.5489 54.1517 
49.2592 85.1664 61.0016 58.8109 31.6228 85.1469 75.6885 60.834 52.8867 54.3782 109.298 66.0352 80.5472 79.2039 42.7557 35.6931 57.0088 50.9638 0.0 17.0294 70.3449 88.2383 29.0172 44.7214 90.4481 73.1642 89.2693 93.4877 43.7357 88.2383 68.9621 85.2284 81.2523 77.1084 73.4201 71.8011 85.8685 67.2682 73.163 9.21954 109.028 62.9558 56.7563 48.3839 84.1778 60.0167 71.524 62.7694 67.4017 12.0 50.01 22.4722 55.0364 76.5698 93.0378 23.7697 23.0217 85.4457 17.4642 79.3275 69.8677 29.0172 57.0789 28.6531 71.1848 66.5299 84.7013 34.0 77.7946 54.448 
41.7732 91.3893 61.3285 43.8943 21.0238 84.0238 76.3605 61.42 52.0867 46.1736 99.8499 56.7979 81.4259 71.1688 43.9318 19.6977 60.1664 61.6853 17.0294 0.0 78.3032 84.0643 12.0 55.8032 81.0062 69.7209 88.0511 84.119 32.0624 84.0643 75.6688 79.1202 73.0548 77.1038 69.4106 56.8846 93.1515 67.12 62.9813 24.5153 99.7647 48.0392 63.888 47.0425 84.0536 43.6807 56.6039 74.2068 52.4852 5.09902 57.2882 8.06226 38.1182 85.2825 84.1724 33.8654 14.1421 93.3057 33.541 86.4524 59.5392 12.1655 61.3514 40.5328 67.1745 51.6134 74.3728 40.0789 75.326 45.8803 
53.3385 16.1245 32.7567 89.0369 68.4148 43.0813 32.0156 31.7805 38.4838 61.4358 89.0505 68.268 32.6956 59.0 38.2884 82.5757 24.1661 19.4165 70.3449 78.3032 0.0 57.7235 85.0831 27.0185 77.0584 48.0104 45.618 78.2304 53.8232 57.7235 5.0 60.531 62.0081 35.171 51.0 86.5024 15.5242 34.0147 74.6581 74.3303 87.3212 82.4774 19.6977 41.6773 38.4838 99.1527 94.7633 17.0294 91.0271 76.1358 21.19 86.3221 100.005 7.07107 72.5603 47.3327 71.1162 15.2315 74.1687 9.05539 82.6083 83.8487 20.5913 42.5793 50.04 87.4358 86.0412 39.1228 45.5412 62.2668 
42.508 54.037 31.8904 59.7746 63.6396 16.1245 25.7099 32.6497 36.6197 38.2099 31.4006 31.7805 26.0192 14.3178 47.4342 74.0 41.6173 61.5873 88.2383 84.0643 57.7235 0.0 82.2192 69.3783 23.7065 15.2643 16.1555 23.4094 52.5547 0.0 52.8867 7.2111 14.3178 22.561 14.8661 49.6488 60.0083 26.6271 33.121 96.6519 29.6142 52.4976 57.9839 40.3113 21.095 74.0 60.0333 72.2357 57.6975 84.3153 55.2178 90.0944 81.4923 61.6604 16.7631 71.0282 70.1168 62.0 102.205 57.2189 43.382 80.2247 44.9444 74.421 17.088 54.626 38.9487 58.6003 13.0384 39.0512 
41.1947 98.0632 63.6003 34.6554 19.2354 84.5931 78.339 63.8905 54.1202 44.0454 94.8326 52.6308 83.4326 68.593 48.5259 10.0 64.7032 74.2735 29.0172 12.0 85.0831 82.2192 0.0 66.3569 76.0742 69.029 88.459 79.2213 33.5261 82.2192 82.4469 76.6551 70.0357 78.6448 68.0074 47.8185 99.9314 68.884 57.8709 36.3456 94.861 38.9731 70.6679 49.0408 85.3288 32.311 46.8615 87.5027 43.1393 17.0294 64.0682 10.6301 26.1725 92.0624 80.0812 44.4191 17.2047 100.086 45.3982 93.2323 50.1621 2.0 67.0518 51.0865 66.0 42.5206 66.2664 46.8588 75.1665 43.1856 
52.9473 43.0116 38.4094 89.7391 63.279 58.1393 46.1448 37.4722 40.02 60.5216 99.1724 73.3261 49.4065 66.2445 36.4709 70.6366 28.0 8.544 44.7214 55.8032 27.0185 69.3783 66.3569 0.0 84.3833 56.2311 61.7547 86.1973 47.5827 69.3783 27.2947 70.0364 69.4059 48.9411 58.6578 85.254 42.2966 42.7849 81.9413 47.8017 97.7647 81.1711 11.4018 41.6833 54.8179 92.9907 94.2093 18.4391 89.7207 51.3443 18.1623 63.3747 91.2406 32.5576 81.4831 22.0711 54.7127 41.5933 47.1699 36.0555 81.6941 67.4452 24.434 16.1555 57.0595 86.1295 94.917 27.53 56.3401 61.3526 
44.9355 76.1183 46.0977 46.0977 60.0333 39.2173 46.2709 47.0744 47.3008 36.7967 18.868 24.4131 48.0521 18.2483 57.8617 66.7714 56.5155 76.5944 90.4481 81.0062 77.0584 23.7065 76.0742 84.3833 0.0 29.0689 39.8121 3.16228 53.8148 23.7065 72.0625 17.72 15.1327 43.4166 26.1725 33.0606 81.8841 43.1856 18.6815 99.6499 18.7883 39.3192 72.9889 50.2627 43.9659 59.0762 41.9762 89.4427 41.1947 82.6801 69.3587 85.4927 68.0074 82.0244 7.81025 82.0145 67.9559 83.7257 108.312 78.2304 28.0713 74.1769 60.4152 85.5009 27.4591 39.0128 17.0 69.173 32.249 36.2353 
28.0713 48.3839 17.8885 51.1077 50.01 17.0 18.3848 18.7883 21.4009 25.3228 42.9535 23.4307 21.6333 11.0454 32.2025 61.5348 28.2312 48.4422 73.1642 69.7209 48.0104 15.2643 69.029 56.2311 29.0689 0.0 20.2485 30.4138 37.855 15.2643 43.0116 13.8924 14.0 16.1245 3.16228 43.8406 53.8516 14.1421 28.8444 81.5161 41.5933 44.1022 44.8366 25.0599 19.8494 65.3682 54.4518 60.6383 51.0882 69.6512 41.5933 76.2365 71.867 53.1507 25.2982 55.8032 55.5788 55.5428 86.9791 49.6488 37.4833 67.0298 31.9531 59.4151 3.60555 47.634 39.2173 43.4166 6.7082 26.6833 
47.2652 39.2046 28.4605 71.1196 69.2604 4.12311 15.6205 28.7924 36.4966 45.522 46.0109 43.0465 13.0384 26.9072 46.5725 81.4188 35.5106 53.7587 89.2693 88.0511 45.618 16.1555 88.459 61.7547 39.8121 20.2485 0.0 39.5601 56.0089 16.1555 41.1825 22.4722 28.3196 13.0384 22.3607 62.8013 45.2769 22.1359 46.7547 96.9732 44.0 64.0078 50.3289 41.3038 7.2111 85.4225 73.4098 61.5873 70.4557 87.3682 48.4149 95.0053 92.0189 48.3839 32.8938 69.0797 74.0068 47.3814 100.658 43.4166 56.4004 86.4696 37.8021 70.891 23.7697 67.1193 54.4059 56.648 13.6015 46.8853 
47.8501 76.6551 47.8017 49.163 63.1348 39.2938 47.0425 48.7647 49.1148 39.6989 15.8114 27.4591 48.5077 19.9249 59.6757 69.9185 58.2409 78.3799 93.4877 84.119 78.2304 23.4094 79.2213 86.1973 3.16228 30.4138 39.5601 0.0 56.7294 23.4094 73.2462 18.1108 16.7631 44.1022 27.6586 36.0139 82.4924 44.5533 21.8403 102.689 15.6525 42.4264 74.7744 52.0767 44.1475 62.0322 44.7214 91.0055 44.1022 85.7555 71.1688 88.6397 71.0282 83.006 6.7082 84.9292 71.0211 84.3801 111.226 79.0569 31.1448 77.324 62.0967 87.3149 29.1204 42.0 19.3132 70.987 33.0151 39.2046 
10.8167 64.405 30.0832 42.2305 14.7648 52.0 44.911 30.3645 20.6155 17.0416 72.4816 29.8329 50.01 41.7737 15.5563 28.8444 31.6228 43.9324 43.7357 32.0624 53.8232 52.5547 33.5261 47.5827 53.8148 37.855 56.0089 56.7294 0.0 52.5547 50.2096 49.6847 43.8221 45.3982 37.7137 40.4761 67.3573 35.5106 38.2753 52.1924 72.0416 36.3932 40.3269 15.5242 52.2398 45.4821 49.4315 57.8163 44.9429 31.7978 34.31 39.0512 46.2277 60.8837 55.6076 32.2967 18.0 67.9412 58.5937 60.8769 36.6879 31.6228 34.0588 37.0528 35.4776 41.3516 51.0 20.6902 43.2897 17.8045 
42.508 54.037 31.8904 59.7746 63.6396 16.1245 25.7099 32.6497 36.6197 38.2099 31.4006 31.7805 26.0192 14.3178 47.4342 74.0 41.6173 61.5873 88.2383 84.0643 57.7235 0.0 82.2192 69.3783 23.7065 15.2643 16.1555 23.4094 52.5547 0.0 52.8867 7.2111 14.3178 22.561 14.8661 49.6488 60.0083 26.6271 33.121 96.6519 29.6142 52.4976 57.9839 40.3113 21.095 74.0 60.0333 72.2357 57.6975 84.3153 55.2178 90.0944 81.4923 61.6604 16.7631 71.0282 70.1168 62.0 102.205 57.2189 43.382 80.2247 44.9444 74.421 17.088 54.626 38.9487 58.6003 13.0384 39.0512 
49.0918 16.2788 27.8927 84.7547 64.8018 38.4838 27.2029 26.9258 34.0 57.1536 84.1724 63.2864 28.178 54.0 34.6554 78.9626 19.7231 19.0263 68.9621 75.6688 5.0 52.8867 82.4469 27.2947 72.0625 43.0116 41.1825 73.2462 50.2096 52.8867 0.0 55.5788 57.0088 30.3645 46.0 82.2202 17.4929 29.0172 69.6765 73.5527 82.4621 78.1952 18.2483 37.4433 34.0 95.3616 90.4812 20.6155 86.7449 73.03 18.9737 83.6876 96.2601 11.1803 67.6018 45.2393 68.4799 17.8045 74.0 10.8167 78.3261 81.2125 16.4012 42.0476 45.0444 83.1536 81.0596 36.6742 40.6079 57.9846 
40.8053 58.5491 31.7648 52.8867 58.4637 21.5407 29.0 32.6497 34.6554 32.9848 29.1548 25.1794 30.4138 8.06226 45.2769 68.1175 42.0476 62.2475 85.2284 79.1202 60.531 7.2111 76.6551 70.0364 17.72 13.8924 22.4722 18.1108 49.6847 7.2111 55.5788 0.0 7.28011 26.0192 12.0416 42.4853 64.3817 27.5136 25.9422 93.6703 27.7308 45.607 58.6419 37.6798 26.2488 67.0522 52.8394 74.0405 50.5668 79.7975 55.4707 84.9294 74.7329 65.0692 12.0416 68.8283 65.1567 66.2722 100.072 61.0082 36.2491 74.6726 45.6946 72.8629 14.1421 47.5395 32.0156 56.5862 15.0333 33.541 
34.9428 61.8466 31.0483 45.607 52.2015 26.6271 31.7805 32.0156 32.3675 26.9258 30.8058 18.0278 34.176 3.16228 42.9284 61.2944 41.4849 61.617 81.2523 73.0548 62.0081 14.3178 70.0357 69.4059 15.1327 14.0 28.3196 16.7631 43.8221 14.3178 57.0088 7.28011 0.0 29.1204 11.0454 35.3553 67.4685 28.0713 18.868 90.4541 29.8329 38.3275 58.0114 35.3293 30.8869 59.7746 45.793 74.3303 43.382 73.9256 54.4243 78.5875 67.4685 67.1193 12.8062 66.4785 59.2368 69.2315 98.3188 63.5059 29.0689 68.0661 45.3542 70.5676 12.3693 40.3113 26.4197 54.2397 18.0278 27.2029 
37.9473 32.7567 16.1245 66.2354 59.439 9.21954 3.16228 16.2788 25.02 44.9249 53.9351 38.9544 5.65685 26.5707 34.3657 72.4224 22.4722 41.0366 77.1084 77.1038 35.171 22.561 78.6448 48.9411 43.4166 16.1245 13.0384 44.1022 45.3982 22.561 30.3645 26.0192 29.1204 0.0 19.2354 59.5483 38.4708 10.0 44.9444 84.4166 52.1728 59.2576 37.4833 30.0666 7.07107 80.391 70.0988 50.0899 66.5399 76.0066 35.4683 84.3801 86.0946 39.2046 38.0 56.3028 63.2851 40.3113 87.9204 35.0 53.2635 76.6877 24.8395 57.9083 19.4165 63.0351 55.1543 43.9659 11.1803 45.7559 
27.667 51.5461 20.2485 48.7647 49.1664 19.4165 21.5407 21.1896 22.6274 24.0208 40.7063 20.8087 24.6982 8.0 33.3017 60.208 30.6757 50.8689 73.4201 69.4106 51.0 14.8661 68.0074 58.6578 26.1725 3.16228 22.3607 27.6586 37.7137 14.8661 46.0 12.0416 11.0454 19.2354 0.0 41.0366 57.0088 17.0294 25.807 81.8635 39.4462 41.6773 47.2633 25.807 22.6274 63.0635 51.6624 63.3482 48.4149 69.4743 43.8634 75.5898 69.6804 56.2228 22.8473 56.8796 55.2757 58.6941 88.2647 52.7731 34.6554 66.0076 34.4819 60.8276 2.23607 45.0 36.0555 44.5982 9.21954 25.1794 
33.1539 90.7772 57.0851 13.9284 42.5253 60.3075 61.3322 57.7252 48.5057 27.6586 49.6488 20.6155 65.192 36.0555 50.3483 37.8331 62.5166 78.3873 71.8011 56.8846 86.5024 49.6488 47.8185 85.254 33.0606 43.8406 62.8013 36.0139 40.4761 49.6488 82.2202 42.4853 35.3553 59.5483 41.0366 0.0 96.0016 54.9959 16.5529 80.5134 50.3587 9.21954 74.7818 44.8314 63.6553 26.0192 10.6301 92.2712 8.24621 60.744 69.3604 58.3478 35.1283 93.3517 39.6232 70.0591 50.8376 97.5694 90.8687 92.2679 6.40312 46.3079 65.9135 74.8152 40.3113 6.08276 18.9737 58.4211 50.2494 25.4951 
65.2993 6.08276 42.19 100.851 81.9656 44.0114 35.6931 41.3401 49.8197 73.2495 91.0879 75.4077 34.0588 64.7611 51.8556 96.1264 36.0694 34.9285 85.8685 93.1515 15.5242 60.0083 99.9314 42.2966 81.8841 53.8516 45.2769 82.4924 67.3573 60.0083 17.4929 64.3817 67.4685 38.4708 57.0088 96.0016 0.0 41.2311 81.7979 89.822 89.1403 94.2911 35.1141 53.8145 39.0128 112.217 106.577 28.8617 101.776 91.2139 36.2682 101.17 113.137 10.0499 76.2365 62.8564 85.9645 2.23607 89.4539 6.7082 89.7243 98.697 33.3017 58.0517 56.6127 98.3328 93.0054 54.1202 49.6488 74.0805 
28.6356 36.2353 6.32456 61.683 49.7293 18.0278 9.48683 6.7082 15.0333 35.8869 56.648 34.402 14.5602 25.02 24.5153 62.9682 15.0 34.9857 67.2682 67.12 34.0147 26.6271 68.884 42.7849 43.1856 14.1421 22.1359 44.5533 35.5106 26.6271 29.0172 27.5136 28.0713 10.0 17.0294 54.9959 41.2311 0.0 40.7922 74.8378 55.1543 54.7052 31.3904 20.0998 17.0294 75.8386 65.5464 46.5725 61.9875 66.0076 28.6007 74.4312 77.0533 39.4588 39.2938 47.0106 53.3385 42.72 78.5493 36.4005 48.7186 66.9403 18.3576 49.1871 16.0312 58.4827 52.1752 34.5398 13.6015 36.7178 
29.582 76.5735 42.7578 28.0713 42.2019 44.5533 47.0106 43.7434 43.9342 21.9317 37.1618 9.21954 50.4777 19.8494 46.6434 48.709 53.1537 74.7404 73.163 62.9813 74.6581 33.121 57.8709 81.9413 18.6815 28.8444 46.7547 21.8403 38.2753 33.121 69.6765 25.9422 18.868 44.9444 25.807 16.5529 81.7979 40.7922 0.0 82.3648 37.3363 21.0 71.1349 41.1845 48.2701 41.7732 26.9258 86.1663 24.6982 65.0 65.7135 67.2895 50.1597 80.24 24.0 66.661 50.448 83.3656 90.4088 77.1575 10.4403 55.9736 57.0704 71.2537 25.5539 21.8403 13.3417 54.8626 34.8281 20.5913 
57.7159 89.8053 68.5136 67.5231 40.8044 92.8652 82.7647 68.2029 61.0776 63.6736 118.5 75.237 87.4757 88.4057 51.0 43.9659 63.5059 54.9181 9.21954 24.5153 74.3303 96.6519 36.3456 47.8017 99.6499 81.5161 96.9732 102.689 52.1924 96.6519 73.5527 93.6703 90.4541 84.4166 81.8635 80.5134 89.822 74.8378 82.3648 0.0 118.674 71.668 55.3295 56.6329 91.448 68.1542 80.2362 65.0 76.1139 19.9249 55.0818 28.0713 62.514 80.2808 102.24 29.0172 32.2025 89.2693 9.05539 83.3607 79.0695 36.6742 63.1269 31.7805 79.6275 75.2421 93.9031 40.6079 86.0333 63.6498 
63.1623 83.0963 59.4811 63.9531 78.7718 45.1774 55.3173 60.3738 61.7057 55.0 2.23607 43.0465 55.4437 32.8024 72.2666 85.9163 69.7782 89.9758 109.028 99.7647 87.3212 29.6142 94.861 97.7647 18.7883 41.5933 44.0 15.6525 72.0416 29.6142 82.4621 27.7308 29.8329 52.1728 39.4462 50.3587 89.1403 55.1543 37.3363 118.674 0.0 57.4891 86.3703 64.6675 50.1597 76.1643 58.0086 101.514 58.1378 101.356 83.1865 104.278 85.4751 91.2414 17.0294 95.8168 86.6083 91.1976 126.538 86.7006 46.0977 92.9637 73.4098 99.9058 41.3401 56.4358 32.0 83.5779 42.0595 54.6443 
29.071 90.4233 53.0601 7.28011 34.6364 61.0574 61.0414 53.7002 44.4807 23.7463 57.0088 21.0238 64.9032 38.2753 46.2653 28.9877 58.4916 74.3623 62.9558 48.0392 82.4774 52.4976 38.9731 81.1711 39.3192 44.1022 64.0078 42.4264 36.3932 52.4976 78.1952 45.607 38.3275 59.2576 41.6773 9.21954 94.2911 54.7052 21.0 71.668 57.4891 0.0 70.7568 40.8064 63.8201 21.5407 14.1421 88.2462 9.21954 51.8986 65.3354 49.5024 29.2746 89.3267 45.0 65.9762 41.4444 95.2442 80.3898 88.2429 11.4018 37.4625 61.8885 70.7322 40.4969 6.0 27.2947 54.3382 50.774 21.5284 
41.5529 34.5254 27.015 77.3162 54.9185 46.6905 34.7131 26.0778 28.6255 49.7152 87.778 62.5197 38.0132 54.8501 25.0765 69.0793 16.6056 4.12311 56.7563 63.888 19.6977 57.9839 70.6679 11.4018 72.9889 44.8366 50.3289 74.7744 40.3269 57.9839 18.2483 58.6419 58.0114 37.4833 47.2633 74.7818 35.1141 31.3904 71.1349 55.3295 86.3703 70.7568 0.0 30.2889 43.4166 85.7348 83.795 19.6469 79.3064 61.7136 6.76783 71.9069 86.5256 26.4197 70.0886 33.0334 56.701 34.9285 56.0803 28.4605 70.8877 69.4335 13.0395 24.0208 45.665 75.7152 81.0053 24.7006 44.9456 50.5461 
11.6619 50.2494 14.5602 47.3659 30.0832 37.2156 29.4279 14.8661 5.09902 19.7648 65.8194 32.5693 34.5254 32.1713 8.06226 43.8292 17.8045 33.8944 48.3839 47.0425 41.6773 40.3113 49.0408 41.6833 50.2627 25.0599 41.3038 52.0767 15.5242 40.3113 37.4433 37.6798 35.3293 30.0666 25.807 44.8314 53.8145 20.0998 41.1845 56.6329 64.6675 40.8064 30.2889 0.0 37.0135 58.5739 53.8447 47.7784 49.3561 46.0977 25.1794 54.3323 59.4944 48.5489 47.8206 31.2933 33.2415 54.6717 62.469 47.634 40.9373 47.1275 21.095 35.805 23.6008 45.7648 54.1603 19.2094 29.4109 20.5958 
44.3847 33.0 23.1948 70.7381 66.0984 5.0 8.94427 23.3452 32.0 51.1736 52.0865 43.2782 5.83095 28.8444 41.4367 78.848 29.0689 46.7547 84.1778 84.0536 38.4838 21.095 85.3288 54.8179 43.9659 19.8494 7.2111 44.1475 52.2398 21.095 34.0 26.2488 30.8869 7.07107 22.6274 63.6553 39.0128 17.0294 48.2701 91.448 50.1597 63.8201 43.4166 37.0135 0.0 84.9547 74.2765 54.3783 70.9366 83.0241 41.6173 91.2688 92.3432 41.4849 37.6563 63.2456 70.1783 41.0488 94.8683 36.6742 57.28 83.3607 31.0644 64.6579 23.4307 67.4759 57.3062 50.9608 13.4536 46.0001 
47.6967 108.815 73.7752 14.3178 33.7343 82.365 82.1749 74.4153 63.0713 44.4614 75.326 42.5441 86.0367 59.808 60.8808 24.3311 76.1584 89.3404 60.0167 43.6807 99.1527 74.0 32.311 92.9907 59.0762 65.3682 85.4225 62.0322 45.4821 74.0 95.3616 67.0522 59.7746 80.391 63.0635 26.0192 112.217 75.8386 41.7732 68.1542 76.1643 21.5407 85.7348 58.5739 84.9547 0.0 18.9737 103.224 18.0278 48.2701 79.7179 42.4853 9.84886 106.194 65.4905 72.3027 40.05 112.947 77.1298 105.878 31.4006 31.6228 79.0191 78.9701 61.7738 20.0998 44.2832 66.0981 72.0694 42.2435 
42.1093 101.328 65.346 13.0 43.2046 70.9366 71.8827 65.9862 57.519 36.7846 57.0088 31.1448 75.7445 46.6154 59.3036 37.2022 70.7775 87.4006 71.524 56.6039 94.7633 60.0333 46.8615 94.2093 41.9762 54.4518 73.4098 44.7214 49.4315 60.0333 90.4812 52.8394 45.793 70.0988 51.6624 10.6301 106.577 65.5464 26.9258 80.2362 58.0086 14.1421 83.795 53.8447 74.2765 18.9737 0.0 101.285 5.0 60.4668 78.3736 57.4891 28.7924 101.613 49.0408 79.0144 50.0126 107.53 88.9581 100.529 17.0294 45.607 74.9268 83.7705 50.9117 8.24621 26.0192 67.3764 60.8769 34.5667 
59.0424 31.7805 43.4166 99.9727 72.4079 58.6686 46.9574 42.4264 46.0977 67.2046 103.092 80.0091 48.5489 71.1969 42.5659 89.0402 33.1361 16.1555 62.7694 74.2068 17.0294 72.2357 87.5027 18.4391 89.4427 60.6383 61.5873 91.0055 57.8163 72.2357 20.6155 74.0405 74.3303 50.0899 63.3482 92.2712 28.8617 46.5725 86.1663 65.0 101.514 88.2462 19.6469 47.7784 54.3783 103.224 101.285 0.0 96.7959 69.7479 24.2573 81.7783 104.015 18.9737 85.8662 40.4599 73.1163 27.4591 63.0635 24.1661 88.3771 85.8488 29.1548 34.1321 61.9839 93.2046 97.5494 45.9515 59.4643 68.0356 
37.6206 97.9078 60.5446 8.60233 39.0823 67.8012 68.3238 61.1847 53.0303 32.296 57.3149 27.6586 72.1856 43.909 54.815 33.3017 67.0412 82.912 67.4017 52.4852 91.0271 57.6975 43.1393 89.7207 41.1947 51.0882 70.4557 44.1022 44.9429 57.6975 86.7449 50.5668 43.382 66.5399 48.4149 8.24621 101.776 61.9875 24.6982 76.1139 58.1378 9.21954 79.3064 49.3561 70.9366 18.0278 5.0 96.7959 0.0 56.3445 73.885 53.7587 27.4591 97.8763 47.8539 74.5258 45.8903 102.729 84.8358 95.7274 14.3178 41.7732 70.4382 79.2819 47.5079 3.60555 26.3059 62.8878 57.6281 30.0781 
42.0595 88.7505 60.0083 47.7537 22.8035 83.2947 75.0267 60.0333 51.0392 47.0106 101.548 58.3095 80.0562 71.8866 42.19 24.0416 58.0517 57.2264 12.0 5.09902 76.1358 84.3153 17.0294 51.3443 82.6801 69.6512 87.3682 85.7555 31.7978 84.3153 73.03 79.7975 73.9256 76.0066 69.4743 60.744 91.2139 66.0076 65.0 19.9249 101.356 51.8986 61.7136 46.0977 83.0241 48.2701 60.4668 69.7479 56.3445 0.0 54.9465 12.0416 43.0465 82.8323 85.4225 29.4065 14.7648 91.229 28.8617 84.5088 61.573 17.0294 58.9406 36.0694 67.2382 55.4727 76.4066 37.4401 75.0414 46.9574 
36.1386 35.171 23.7065 71.8948 48.9016 44.6878 32.8024 22.8254 24.0832 44.2938 84.5281 57.0983 36.3593 51.264 19.3132 63.0624 13.6015 10.3734 50.01 57.2882 21.19 55.2178 64.0682 18.1623 69.3587 41.5933 48.4149 71.1688 34.31 55.2178 18.9737 55.4707 54.4243 35.4683 43.8634 69.3604 36.2682 28.6007 65.7135 55.0818 83.1865 65.3354 6.76783 25.1794 41.6173 79.7179 78.3736 24.2573 73.885 54.9465 0.0 65.3071 80.5087 28.1623 66.7083 26.3059 50.1012 36.2833 56.3791 29.563 65.4663 62.8337 10.6301 30.3284 42.1545 70.2938 77.3751 18.0278 42.2019 45.1247 
48.1664 99.4032 68.7346 45.2548 26.4764 91.022 83.7257 68.9117 59.4138 51.9711 104.251 61.6847 88.8144 76.9025 51.7054 20.5183 68.0074 69.2567 22.4722 8.06226 86.3221 90.0944 10.6301 63.3747 85.4927 76.2365 95.0053 88.6397 39.0512 90.0944 83.6876 84.9294 78.5875 84.3801 75.5898 58.3478 101.17 74.4312 67.2895 28.0713 104.278 49.5024 71.9069 54.3323 91.2688 42.4853 57.4891 81.7783 53.7587 12.0416 65.3071 0.0 35.4401 93.3013 89.1964 41.4368 21.095 101.325 37.0135 94.4713 60.6914 12.0416 69.2892 48.1041 73.5803 53.0754 76.7957 48.0977 82.0549 51.4198 
48.6172 109.736 73.0291 22.0907 33.121 88.8661 86.4189 73.6025 63.9918 48.468 84.7172 49.7293 91.3582 67.1863 61.7171 20.6155 77.0779 90.1311 55.0364 38.1182 100.005 81.4923 26.1725 91.2406 68.0074 71.867 92.0189 71.0282 46.2277 81.4923 96.2601 74.7329 67.4685 86.0946 69.6804 35.1283 113.137 77.0533 50.1597 62.514 85.4751 29.2746 86.5256 59.4944 92.3432 9.84886 28.7924 104.015 27.4591 43.0465 80.5087 35.4401 0.0 107.056 74.108 69.3027 37.6431 113.864 71.5681 106.794 40.0125 26.0192 79.9312 75.9701 68.2862 29.0689 53.7587 66.8889 78.5747 46.8453 
60.208 13.0384 38.8973 95.8861 75.4753 46.3249 36.1248 37.9473 45.1774 68.2851 93.0591 73.8498 35.9026 64.195 45.3431 89.6361 30.8869 25.632 76.5698 85.2825 7.07107 61.6604 92.0624 32.5576 82.0244 53.1507 48.3839 83.006 60.8837 61.6604 11.1803 65.0692 67.1193 39.2046 56.2228 93.3517 10.0499 39.4588 80.24 80.2808 91.2414 89.3267 26.4197 48.5489 41.4849 106.194 101.613 18.9737 97.8763 82.8323 28.1623 93.3013 107.056 0.0 77.1038 53.5576 78.0954 9.05539 79.6304 5.65685 89.4576 90.8279 27.4591 48.5077 55.4437 94.2851 91.623 46.095 50.04 69.116 
46.7283 70.3491 43.0813 52.0384 63.1585 32.7567 41.0122 44.0114 44.8588 38.5876 18.0278 27.5136 42.19 15.8114 55.4197 70.8355 53.4883 73.6942 93.0378 84.1724 72.5603 16.7631 80.0812 81.4831 7.81025 25.2982 32.8938 6.7082 55.6076 16.7631 67.6018 12.0416 12.8062 38.0 22.8473 39.6232 76.2365 39.2938 24.0 102.24 17.0294 45.0 70.0886 47.8206 37.6563 65.4905 49.0408 85.8662 47.8539 85.4225 66.7083 89.1964 74.108 77.1038 0.0 78.9698 70.6612 78.1601 110.104 73.0 34.1321 78.1601 57.2451 83.0589 24.5967 45.3982 24.6982 66.731 27.074 38.4708 
37.3712 61.4435 40.7185 69.8101 41.3411 65.0 54.4059 40.3113 34.4093 45.2413 96.9686 58.0458 58.9406 63.3205 23.6008 48.6988 34.7131 27.9517 23.7697 33.8654 47.3327 71.0282 44.4191 22.0711 82.0145 55.8032 69.0797 84.9292 32.2967 71.0282 45.2393 68.8283 66.4785 56.3028 56.8796 70.0591 62.8564 47.0106 66.661 29.0172 95.8168 65.9762 33.0334 31.2933 63.2456 72.3027 79.0144 40.4599 74.5258 29.4065 26.3059 41.4368 69.3027 53.5576 78.9698 0.0 32.7749 62.4335 31.6228 56.3154 66.2631 43.7248 34.1321 8.24621 54.7111 70.9346 79.5643 12.53 59.1692 46.0723 
27.6586 84.0963 47.676 37.2995 8.60233 70.0 62.6498 47.8558 38.3275 32.311 86.8217 43.566 67.7422 57.2451 36.2526 17.088 52.5554 60.3065 23.0217 14.1421 71.1162 70.1168 17.2047 54.7127 67.9559 55.5788 74.0068 71.0211 18.0 70.1168 68.4799 65.1567 59.2368 63.2851 55.2757 50.8376 85.9645 53.3385 50.448 32.2025 86.6083 41.4444 56.701 33.2415 70.1783 40.05 50.0126 73.1163 45.8903 14.7648 50.1012 21.095 37.6431 78.0954 70.6612 32.7749 0.0 86.1186 40.3113 79.2654 47.0824 15.6205 53.8685 39.4423 53.0396 45.0185 61.9161 32.8918 61.2046 32.2025 
66.2193 8.24621 43.4166 101.804 82.5381 46.0435 37.4833 42.5441 50.8035 74.2026 93.1343 76.9755 36.0139 66.4906 52.4023 96.6989 36.8782 34.4819 85.4457 93.3057 15.2315 62.0 100.086 41.5933 83.7257 55.5428 47.3814 84.3801 67.9412 62.0 17.8045 66.2722 69.2315 40.3113 58.6941 97.5694 2.23607 42.72 83.3656 89.2693 91.1976 95.2442 34.9285 54.6717 41.0488 112.947 107.53 27.4591 102.729 91.229 36.2833 101.325 113.864 9.05539 78.1601 62.4335 86.1186 0.0 88.6848 7.07107 91.2921 98.8511 33.9411 57.4891 58.2409 99.2858 94.6414 54.2033 51.4782 75.0336 
64.1172 90.05 72.2357 76.2449 48.8853 96.566 86.0233 71.8679 65.5859 71.5383 126.978 83.8237 90.5207 94.5631 54.7772 52.8867 66.2193 55.0091 17.4642 33.541 74.1687 102.205 45.3982 47.1699 108.312 86.9791 100.658 111.226 58.5937 102.205 74.0 100.072 98.3188 87.9204 88.2647 90.8687 89.4539 78.5493 90.4088 9.05539 126.538 80.3898 56.0803 62.469 94.8683 77.1298 88.9581 63.0635 84.8358 28.8617 56.3791 37.0135 71.5681 79.6304 110.104 31.6228 40.3113 88.6848 0.0 83.2166 87.1135 45.7056 65.307 32.0624 86.0287 83.964 101.947 44.0114 90.4281 72.2501 
59.203 7.61577 36.6742 94.8024 75.4753 41.5933 32.0156 35.7771 43.8292 67.2013 88.5664 70.7673 31.257 60.6712 45.3431 89.6361 29.8329 28.4429 79.3275 86.4524 9.05539 57.2189 93.2323 36.0555 78.2304 49.6488 43.4166 79.0569 60.8769 57.2189 10.8167 61.0082 63.5059 35.0 52.7731 92.2679 6.7082 36.4005 77.1575 83.3607 86.7006 88.2429 28.4605 47.634 36.6742 105.878 100.529 24.1661 95.7274 84.5088 29.563 94.4713 106.794 5.65685 73.0 56.3154 79.2654 7.07107 83.2166 0.0 85.0839 91.9979 26.8701 51.6236 52.1728 92.2845 88.5268 47.4131 46.0435 68.0322 
29.3348 84.4999 50.6842 18.0278 38.7701 53.9073 55.0549 51.6698 44.6116 23.0217 45.607 14.4222 58.8982 29.6816 46.3963 40.1767 58.6225 74.4932 69.8677 59.5392 82.6083 43.382 50.1621 81.6941 28.0713 37.4833 56.4004 31.1448 36.6879 43.382 78.3261 36.2491 29.0689 53.2635 34.6554 6.40312 89.7243 48.7186 10.4403 79.0695 46.0977 11.4018 70.8877 40.9373 57.28 31.4006 17.0294 88.3771 14.3178 61.573 65.4663 60.6914 40.0125 89.4576 34.1321 66.2631 47.0824 91.2921 87.1135 85.0839 0.0 48.6515 62.0194 71.0192 33.9706 11.4018 16.4012 54.5894 43.8634 21.0 
39.2046 95.5913 61.6847 33.2415 17.2627 82.6075 76.4003 61.9839 52.2015 42.0476 92.9353 50.6952 81.4923 66.6108 46.669 8.48528 62.8464 73.039 29.0172 12.1655 83.8487 80.2247 2.0 67.4452 74.1769 67.0298 86.4696 77.324 31.6228 80.2247 81.2125 74.6726 68.0661 76.6877 66.0076 46.3079 98.697 66.9403 55.9736 36.6742 92.9637 37.4625 69.4335 47.1275 83.3607 31.6228 45.607 85.8488 41.7732 17.0294 62.8337 12.0416 26.0192 90.8279 78.1601 43.7248 15.6205 98.8511 45.7056 91.9979 48.6515 0.0 65.1949 50.3922 64.0 41.0366 64.7558 45.6243 73.171 41.1947 
32.7567 30.5287 14.3178 68.448 48.6738 34.0588 22.2036 13.3417 18.0278 40.8469 74.8465 50.6803 25.9422 42.2019 18.6011 62.8346 4.0 16.6433 57.0789 61.3514 20.5913 44.9444 67.0518 24.434 60.4152 31.9531 37.8021 62.0967 34.0588 44.9444 16.4012 45.6946 45.3542 24.8395 34.4819 65.9135 33.3017 18.3576 57.0704 63.1269 73.4098 61.8885 13.0395 21.095 31.0644 79.0191 74.9268 29.1548 70.4382 58.9406 10.6301 69.2892 79.9312 27.4591 57.2451 34.1321 53.8685 33.9411 65.307 26.8701 62.0194 65.1949 0.0 34.3259 32.9848 66.8469 68.4535 23.1948 31.9061 41.6778 
42.1273 58.2151 43.0756 76.4775 48.0085 66.8925 55.7208 42.518 38.2099 49.834 101.058 62.6385 59.9562 67.4095 27.8029 55.3662 35.6274 23.1948 28.6531 40.5328 42.5793 74.421 51.0865 16.1555 85.5009 59.4151 70.891 87.3149 37.0528 74.421 42.0476 72.8629 70.5676 57.9083 60.8276 74.8152 58.0517 49.1871 71.2537 31.7805 99.9058 70.7322 24.0208 35.805 64.6579 78.9701 83.7705 34.1321 79.2819 36.0694 30.3284 48.1041 75.9701 48.5077 83.0589 8.24621 39.4423 57.4891 32.0624 51.6236 71.0192 50.3922 34.3259 0.0 58.7282 75.6907 84.2294 16.6433 62.044 50.6649 
25.4309 51.264 18.6815 47.5079 47.1142 20.5913 21.4709 19.6469 20.5183 22.0907 42.5441 19.8494 25.0 9.21954 31.1448 58.3095 29.1204 49.2706 71.1848 67.1745 50.04 17.088 66.0 57.0595 27.4591 3.60555 23.7697 29.1204 35.4776 17.088 45.0444 14.1421 12.3693 19.4165 2.23607 40.3113 56.6127 16.0312 25.5539 79.6275 41.3401 40.4969 45.665 23.6008 23.4307 61.7738 50.9117 61.9839 47.5079 67.2382 42.1545 73.5803 68.2862 55.4437 24.5967 54.7111 53.0396 58.2409 86.0287 52.1728 33.9706 64.0 32.9848 58.7282 0.0 44.0454 36.4005 42.45 10.2956 23.3452 
34.0294 94.4649 57.1017 8.06226 38.2105 64.405 64.819 57.7419 49.4391 28.7047 55.7315 24.2074 68.6807 40.7063 51.2237 32.5576 63.45 79.3207 66.5299 51.6134 87.4358 54.626 42.5206 86.1295 39.0128 47.634 67.1193 42.0 41.3516 54.626 83.1536 47.5395 40.3113 63.0351 45.0 6.08276 98.3328 58.4827 21.8403 75.2421 56.4358 6.0 75.7152 45.7648 67.4759 20.0998 8.24621 93.2046 3.60555 55.4727 70.2938 53.0754 29.0689 94.2851 45.3982 70.9346 45.0185 99.2858 83.964 92.2845 11.4018 41.0366 66.8469 75.6907 44.0454 0.0 25.0 59.2966 54.2033 26.4868 
42.5577 87.5957 54.1409 32.8938 53.6037 53.0 57.5847 55.1265 55.3173 35.1141 31.0644 22.561 60.4152 28.6356 59.6192 56.281 64.5368 84.6109 84.7013 74.3728 86.0412 38.9487 66.2664 94.917 17.0 39.2173 54.4059 19.3132 51.0 38.9487 81.0596 32.0156 26.4197 55.1543 36.0555 18.9737 93.0054 52.1752 13.3417 93.9031 32.0 27.2947 81.0053 54.1603 57.3062 44.2832 26.0192 97.5494 26.3059 76.4066 77.3751 76.7957 53.7587 91.623 24.6982 79.5643 61.9161 94.6414 101.947 88.5268 16.4012 64.7558 68.4535 84.2294 36.4005 25.0 0.0 67.8384 44.2832 33.6155 
25.7099 52.5547 28.2312 62.8466 35.2818 52.5547 42.2019 27.8568 22.0227 33.4429 84.7298 46.2474 46.8722 51.0816 11.3137 48.8158 23.0217 28.3061 34.0 40.0789 39.1228 58.6003 46.8588 27.53 69.173 43.4166 56.648 70.987 20.6902 58.6003 36.6742 56.5862 54.2397 43.9659 44.5982 58.4211 54.1202 34.5398 54.8626 40.6079 83.5779 54.3382 24.7006 19.2094 50.9608 66.0981 67.3764 45.9515 62.8878 37.4401 18.0278 48.0977 66.8889 46.095 66.731 12.53 32.8918 54.2033 44.0114 47.4131 54.5894 45.6243 23.1948 16.6433 42.45 59.2966 67.8384 0.0 46.6476 34.2739 
34.0147 43.9318 19.105 57.8014 56.0357 10.2956 14.0357 19.799 25.0799 31.9284 43.6807 30.0 16.1555 15.6525 35.7771 67.9845 28.6007 48.5489 77.7946 75.326 45.5412 13.0384 75.1665 56.3401 32.249 6.7082 13.6015 33.0151 43.2897 13.0384 40.6079 15.0333 18.0278 11.1803 9.21954 50.2494 49.6488 13.6015 34.8281 86.0333 42.0595 50.774 44.9456 29.4109 13.4536 72.0694 60.8769 59.4643 57.6281 75.0414 42.2019 82.0549 78.5747 50.04 27.074 59.1692 61.2046 51.4782 90.4281 46.0435 43.8634 73.171 31.9061 62.044 10.2956 54.2033 44.2832 46.6476 0.0 33.2917 
