NAME  : Jabali_70_3_0.85_1_4
TYPE : SVRP
MODEL : FINITE_SUPPORT
NUMBER_OF_SCENARIOS : 200
DIMENSION : 70
EDGE_WEIGHT_TYPE : MATRIX
CAPACITY : 128
N_VEHICLES : 3
NODE_COORD_SECTION
1 4519 3232
2 619 382
3 3283 1791
4 3594 4908
5 4146 6183
6 5710 4558
7 5164 1721
8 4996 888
9 3476 3960
10 6363 873
11 2498 7044
12 883 891
13 7416 2957
14 6935 4243
15 3431 605
16 4963 479
17 2916 3783
18 6434 5340
19 4615 5747
20 1641 5788
21 27 392
22 5425 4067
23 2148 6394
24 5019 6267
25 4800 6619
26 3033 2808
27 7186 3496
28 2803 5966
29 2651 1373
30 6401 1150
31 1010 450
32 2503 5239
33 155 5691
34 6899 2366
35 2793 5629
36 2034 1334
37 5123 630
38 1747 4781
39 2495 2071
40 1883 1860
41 3872 6198
42 4575 1970
43 7547 4696
44 5757 6819
45 4673 129
46 1904 5416
47 3816 2358
48 4595 3082
49 737 5460
50 1563 725
51 1796 3952
52 5340 3213
53 2399 4957
54 2556 4984
55 1039 7385
56 6873 4732
57 3068 5921
58 3006 23
59 2026 5530
60 5876 5979
61 2881 1684
62 4803 18
63 3800 6082
64 2288 6389
65 2412 1060
66 4430 4289
67 6497 6081
68 3675 7137
69 4106 3158
70 1789 2387
DEMAND_SECTION
1 0.0
2 2.0
3 1.0
4 10.0
5 6.0
6 5.0
7 1.0
8 6.0
9 10.0
10 6.0
11 9.0
12 1.0
13 6.0
14 7.0
15 4.0
16 5.0
17 4.0
18 8.0
19 1.0
20 6.0
21 6.0
22 2.0
23 2.0
24 8.0
25 8.0
26 1.0
27 3.0
28 7.0
29 6.0
30 7.0
31 3.0
32 3.0
33 7.0
34 1.0
35 1.0
36 1.0
37 9.0
38 6.0
39 2.0
40 2.0
41 2.0
42 3.0
43 1.0
44 6.0
45 7.0
46 1.0
47 4.0
48 2.0
49 10.0
50 10.0
51 4.0
52 8.0
53 6.0
54 1.0
55 5.0
56 1.0
57 1.0
58 2.0
59 8.0
60 4.0
61 9.0
62 9.0
63 7.0
64 5.0
65 6.0
66 3.0
67 7.0
68 1.0
69 7.0
70 5.0
DEVIATION_SECTION
1 0.0
2 0.666667
3 0.333333
4 3.33333
5 2.0
6 1.66667
7 0.333333
8 2.0
9 3.33333
10 2.0
11 3.0
12 0.333333
13 2.0
14 2.33333
15 1.33333
16 1.66667
17 1.33333
18 2.66667
19 0.333333
20 2.0
21 2.0
22 0.666667
23 0.666667
24 2.66667
25 2.66667
26 0.333333
27 1.0
28 2.33333
29 2.0
30 2.33333
31 1.0
32 1.0
33 2.33333
34 0.333333
35 0.333333
36 0.333333
37 3.0
38 2.0
39 0.666667
40 0.666667
41 0.666667
42 1.0
43 0.333333
44 2.0
45 2.33333
46 0.333333
47 1.33333
48 0.666667
49 3.33333
50 3.33333
51 1.33333
52 2.66667
53 2.0
54 0.333333
55 1.66667
56 0.333333
57 0.333333
58 0.666667
59 2.66667
60 1.33333
61 3.0
62 3.0
63 2.33333
64 1.66667
65 2.0
66 1.0
67 2.33333
68 0.333333
69 2.33333
70 1.66667
DISTANCE_MATRIX
0.0 62.2827 23.8551 25.0799 41.3038 24.2967 22.4722 32.8938 19.237 41.2962 57.3089 58.3815 40.1247 36.6742 37.3631 37.6431 26.4267 39.7263 36.0555 50.2754 69.6511 17.0293 51.643 43.566 47.1699 22.4724 37.4833 42.2239 33.5567 39.9663 57.9828 36.9684 67.2624 36.4262 38.9723 40.2413 36.0555 42.4243 30.1264 38.6704 40.7922 16.4924 46.5296 53.8394 41.7732 44.7815 17.0384 1.41421 59.0367 50.5751 45.248 12.0416 34.4879 36.2357 72.0448 38.833 40.7063 46.4866 44.4465 43.9536 28.5948 42.9535 41.0 51.0002 38.5335 15.2971 48.4478 54.3415 6.0 38.1183 
62.2827 0.0 39.9249 71.5841 88.4702 86.4566 64.0312 61.131 60.6093 79.2275 87.8009 10.8167 98.8144 97.504 40.0125 61.0082 55.6579 101.886 89.1097 68.2495 9.48683 79.1892 78.339 97.5613 98.5821 45.4533 96.4347 76.4166 30.3645 79.511 5.0 66.1858 64.3817 90.1261 72.876 22.4722 62.0081 56.3205 32.45 24.2074 86.2088 57.2451 107.494 109.158 58.3095 65.2534 53.2443 62.0505 62.0081 15.0333 56.7525 71.7165 64.3751 63.1281 88.0227 100.332 77.8473 36.1386 66.4831 102.216 34.5398 59.4138 85.7758 78.5875 26.4764 75.2571 109.664 96.0989 60.2897 28.4253 
23.8551 39.9249 0.0 43.1045 61.5224 48.0139 25.02 26.4008 29.2746 42.9535 71.6027 35.0 59.215 58.4123 16.2788 28.8444 27.2947 63.4114 58.2392 57.3551 46.6476 40.7465 64.112 66.602 69.2762 14.1421 56.8353 56.7186 10.0 42.4264 35.3412 47.8546 67.432 52.2411 52.7731 17.4642 28.6531 44.3063 10.4403 18.0 60.208 17.4642 68.4105 76.6537 29.6985 52.1678 14.8167 23.6008 59.8479 27.2029 32.7567 32.6497 44.7365 45.4678 81.0117 61.5549 56.3205 24.0832 52.7897 67.6708 5.38516 31.1127 60.1332 63.6001 14.8661 38.6734 72.165 73.0068 21.862 20.2485 
25.0799 71.5841 43.1045 0.0 18.6815 31.6769 47.4131 57.9396 14.0357 65.7348 32.45 71.6882 58.0583 47.8781 59.0 62.6259 17.4642 37.4642 17.6918 28.4605 80.7608 31.8892 27.6586 26.2488 27.7849 29.4279 54.3452 17.6918 50.2195 64.405 69.006 15.2971 47.3814 54.6125 15.0 53.5968 61.0983 24.3311 42.0598 48.8518 17.1172 41.4367 53.3669 38.1838 66.4849 23.5372 38.1321 26.4008 39.2046 64.3378 25.0 31.1555 14.0 16.0 48.4149 44.6672 15.8114 67.1863 22.8035 33.121 45.7056 67.7203 17.0294 26.9072 54.8179 15.2643 40.7185 30.0666 23.4787 43.5913 
41.3038 88.4702 61.5224 18.6815 0.0 29.769 62.3618 73.7564 32.249 79.707 24.6982 89.9001 61.5549 45.4863 77.1631 78.6448 36.0555 32.8938 8.60233 33.2415 97.709 31.8352 26.0 12.1655 10.8167 48.0521 54.6717 17.72 68.884 76.2193 85.9542 25.0 53.3667 62.9905 19.2354 72.2683 76.9025 36.4005 60.7313 66.7978 3.16228 57.7062 49.7695 23.7697 83.0241 30.8707 56.0384 42.4264 46.1736 83.0093 41.4005 44.4981 26.1725 27.6586 44.643 41.5933 14.8661 85.5862 29.5466 24.0832 64.3273 84.1724 4.12311 25.0 73.4983 27.2029 32.0156 13.8924 41.0122 60.5395 
24.2967 86.4566 48.0139 31.6769 29.769 0.0 38.1182 50.1597 35.0483 50.0 53.6588 82.5555 32.0156 18.2483 60.4152 55.1453 42.2381 15.5563 21.4009 57.2592 93.825 7.81025 52.8132 25.2982 30.0832 46.6463 25.5539 42.8483 57.7306 47.1275 82.1567 45.4697 77.2206 33.2866 42.284 64.4153 53.0848 55.6976 54.3003 62.8443 31.4173 36.6879 26.1725 31.0644 60.407 53.2639 41.2123 24.4137 69.2944 74.749 56.7241 18.2483 45.0185 46.9693 72.9068 17.2627 39.9226 69.7782 52.2258 20.3961 52.7687 61.2944 32.2404 51.8557 62.7074 25.2982 24.1868 43.4166 29.2278 62.2922 
22.4722 64.0312 25.02 47.4131 62.3618 38.1182 0.0 12.0416 41.6877 19.7231 79.7559 57.3847 38.6764 41.3901 27.8029 17.0294 41.2068 50.9608 55.9754 73.9274 69.6419 33.1361 74.0938 62.2013 66.4831 30.0495 42.5597 64.6746 33.7343 18.3848 59.203 59.4192 87.4998 28.0492 61.423 41.7732 15.0 64.371 35.0571 43.0116 62.2977 8.544 51.2391 69.1809 22.3607 68.274 24.6155 21.095 79.9157 49.98 52.8252 20.0 56.9387 58.6865 94.4956 45.7274 63.1348 36.7967 68.274 58.4209 30.1496 23.1948 62.6259 73.4509 37.6431 35.171 60.8769 75.8947 26.1725 44.4072 
32.8938 61.131 26.4008 57.9396 73.7564 50.1597 12.0416 0.0 52.0116 18.1108 90.0836 52.9528 41.7737 53.1512 21.587 5.0 47.4985 62.8172 67.6018 80.2191 65.307 45.0444 84.1785 74.108 78.3218 36.0694 45.6571 74.9985 32.3883 18.6815 56.1427 68.0542 92.1431 31.1466 71.7469 40.1995 3.16228 69.0143 36.7696 43.4166 73.4983 16.5529 61.7004 81.2219 10.4403 74.5657 30.9072 31.6228 84.559 46.2709 57.4685 32.0156 64.9362 66.0934 103.274 57.4283 73.4817 29.0689 74.5657 70.4557 30.3645 11.1803 73.7631 83.7667 35.0143 46.6905 72.7805 87.0919 35.3553 46.6154 
19.237 60.6093 29.2746 14.0357 32.249 35.0483 41.6877 52.0116 0.0 60.2888 45.1885 59.3633 53.5129 48.0293 45.0111 56.6737 8.24621 50.478 29.1548 36.2353 69.0849 27.781 38.833 37.5766 40.1622 16.1555 50.237 29.9666 37.0 58.959 57.0452 23.3452 52.2557 50.4199 26.4197 41.1825 55.1673 27.3562 29.5296 36.5273 31.0161 35.4883 57.7207 48.5489 60.5168 30.6105 24.0998 20.5967 44.0545 51.9711 25.8447 26.9443 20.5183 22.0227 58.7963 49.7656 28.7924 53.3385 30.4795 41.6845 32.28 61.7521 31.0 38.2753 41.7852 14.6702 49.1325 44.1022 17.5105 33.2485 
41.2962 79.2275 42.9535 65.7348 79.707 50.0 19.7231 18.1108 60.2888 0.0 98.1837 71.0211 30.0832 45.1774 39.6232 19.3132 60.9545 59.0762 70.7345 91.3272 83.3607 48.3503 92.6948 75.2868 80.0241 49.6488 35.9026 83.239 50.0899 3.0 74.2428 78.0203 107.133 20.3961 80.0241 58.0345 17.72 84.0047 53.3667 60.6712 79.7887 28.178 52.3927 79.9062 24.1868 85.8333 44.2492 39.8855 99.5494 64.3817 72.4588 36.1149 75.5397 77.2876 113.097 51.0882 81.5415 46.4866 85.4983 68.7314 47.5184 23.8537 80.1809 92.052 53.0094 52.506 69.029 93.3481 45.5298 63.0635 
57.3089 87.8009 71.6027 32.45 24.6982 53.6588 79.7559 90.0836 45.1885 98.1837 0.0 91.9239 85.457 69.8355 87.8813 94.7456 44.3847 57.5847 33.1059 20.1246 97.2677 64.1498 9.48683 35.6931 32.1403 57.4895 78.6508 15.2315 76.3217 96.8539 86.6833 24.1868 35.805 86.4926 18.9737 77.0065 93.2393 31.5753 67.1863 70.0643 22.3607 73.5602 74.4648 45.0 98.0546 22.561 68.5136 58.6686 31.1448 86.2844 42.0476 63.416 27.2947 27.074 20.2237 66.2118 16.6433 94.8947 21.3776 48.2701 72.6911 99.3991 21.4709 9.21954 80.0999 46.7547 55.9017 16.2788 55.5825 63.1269 
58.3815 10.8167 35.0 71.6882 89.9001 82.5555 57.3847 52.9528 59.3633 71.0211 91.9239 0.0 94.1605 93.4077 31.4006 52.2398 54.4123 97.9851 88.3087 73.1095 12.3693 75.2881 82.6075 96.8214 99.1235 43.6005 91.7808 79.3184 25.0 71.5891 7.2111 68.9033 71.8053 82.7053 75.433 18.4391 53.4603 60.407 30.0 23.2594 87.5782 51.4782 103.407 107.912 49.0 69.4622 49.3431 58.1494 68.469 7.81025 50.2837 67.624 66.2194 65.7615 94.2603 96.4261 80.0812 26.1725 70.5762 101.026 29.8329 50.01 87.1461 82.7345 20.2485 74.0114 106.707 98.3717 56.3885 29.4109 
40.1247 98.8144 59.215 58.0583 61.5549 32.0156 38.6764 41.7737 53.5129 30.0832 85.457 94.1605 0.0 18.3848 62.4277 45.4533 60.7027 34.0147 53.0377 84.9625 105.855 34.4384 84.6114 55.0 60.0 59.0803 7.61577 74.6465 69.1915 27.313 94.4032 71.6048 101.976 10.6301 72.9231 76.5356 43.2782 77.1374 66.7343 75.2783 63.2155 43.445 23.0217 55.9464 51.225 79.4903 53.6463 39.2047 93.7498 86.387 75.1887 28.0998 69.195 70.9488 104.705 24.3516 71.7208 70.5488 79.1316 45.1774 64.5182 51.4004 64.0386 83.6539 73.9235 44.1999 43.0116 74.9667 46.119 74.7262 
36.6742 97.504 58.4123 47.8781 45.4863 18.2483 41.3901 53.1512 48.0293 45.1774 69.8355 93.4077 18.3848 0.0 67.4759 56.921 55.2191 15.6525 36.8917 73.4603 104.862 24.0832 69.0143 37.4833 42.45 57.6937 10.7703 59.0495 68.4105 42.19 93.2041 61.6708 93.4217 25.0 58.4852 75.452 54.7111 71.2167 65.3477 73.8917 47.5079 43.1856 10.0 37.5766 62.7429 69.4651 52.2597 36.2353 85.4956 85.6037 69.7051 25.807 61.2197 63.1705 89.1079 6.08276 56.1237 76.8582 68.427 26.9258 63.6003 63.0641 48.3735 68.0569 73.2462 38.2792 24.7386 58.258 42.1545 73.3396 
37.3631 40.0125 16.2788 59.0 77.1631 60.4152 27.8029 21.587 45.0111 39.6232 87.8813 31.4006 62.4277 67.4759 0.0 21.0 43.566 75.1798 72.9932 73.1642 43.7379 53.4884 79.9517 80.8084 84.1724 30.4138 65.3541 72.9932 14.8661 40.2616 35.0143 64.1331 80.6182 51.8005 69.0507 21.0238 22.0907 60.0083 23.0217 26.4008 76.0263 24.4131 77.3325 90.2986 18.6815 68.0074 29.1794 36.6879 75.2016 25.0 48.3322 43.0465 61.0151 61.3074 96.7729 71.6101 72.5603 9.43398 68.6294 80.4114 16.1245 19.9249 76.0066 79.7421 15.2315 52.6308 84.5281 89.0225 36.2247 31.8277 
37.6431 61.0082 28.8444 62.6259 78.6448 55.1453 17.0294 5.0 56.6737 19.3132 94.7456 52.2398 45.4533 56.921 21.0 0.0 51.3971 67.6831 72.5603 83.8845 64.4981 50.04 88.0771 79.1012 83.3064 39.6989 49.4269 79.6606 33.5261 20.5913 56.0089 71.9528 95.3158 34.8281 76.347 41.0 2.23607 72.187 38.9487 44.9444 78.339 21.1896 65.4702 86.209 5.83095 78.4643 34.8058 36.4005 87.7317 46.0 60.6412 37.0135 68.8347 69.992 107.173 62.3839 78.1438 27.2029 78.4643 75.4255 32.2025 6.32456 78.5875 87.6653 35.5106 51.6236 77.666 91.9239 39.8121 48.7647 
26.4267 55.6579 27.2947 17.4642 36.0555 42.2381 41.2068 47.4985 8.24621 60.9545 44.3847 54.4123 60.7027 55.2191 43.566 51.3971 0.0 52.5269 34.6699 32.8321 64.1335 34.9707 36.7998 43.2666 45.1774 13.1529 56.2152 29.4279 33.2415 59.6247 52.0938 20.6672 48.7042 57.6097 25.4951 36.3209 50.4241 23.8047 24.7839 31.5759 34.2053 32.6743 64.9105 54.8179 54.1202 27.1786 24.5913 27.7864 40.503 47.0618 22.2931 34.1341 17.5491 18.7064 55.8873 56.9554 29.0689 51.0392 27.1786 48.3383 29.0172 55.4707 33.9559 36.4127 37.6563 21.8599 55.7863 46.2709 31.6366 28.2971 
39.7263 101.886 63.4114 37.4642 32.8938 15.5563 50.9608 62.8172 50.478 59.0762 57.5847 97.9851 34.0147 15.6525 75.1798 67.6831 52.5269 0.0 24.7386 63.0317 109.255 23.3452 58.0517 23.0217 27.8029 62.0759 26.4008 48.3735 73.1602 56.0803 97.5863 51.257 83.006 39.6232 48.0416 79.8449 65.5134 61.4849 69.7299 78.2739 35.4401 50.9902 17.0 21.9317 73.2462 59.0339 56.6419 39.8246 75.06 90.1786 62.3359 32.2025 50.8058 52.7567 77.4919 10.0 45.3982 84.5991 58.0086 11.4018 68.1983 73.9797 36.4005 57.0701 78.1259 40.7278 10.0499 44.4185 44.6574 77.7218 
36.0555 89.1097 58.2392 17.6918 8.60233 21.4009 55.9754 67.6018 29.1548 70.7345 33.1059 88.3087 53.0377 36.8917 72.9932 72.5603 34.6699 24.7386 0.0 39.2046 98.03 23.4899 33.3766 8.60233 11.1803 45.31 46.0977 24.0 66.1349 67.8741 85.9902 28.7924 59.4138 54.6443 24.3311 70.214 70.713 39.8121 58.6003 65.4723 10.7703 52.0384 41.4367 20.5183 77.2334 35.9026 51.8539 37.0135 51.788 80.9583 42.5206 36.8253 29.0689 30.8707 52.811 33.1059 21.0 81.8098 34.7131 17.2627 61.3861 78.3135 11.7047 32.3883 70.9366 21.0238 25.318 22.0227 36.8782 61.1168 
50.2754 68.2495 57.3551 28.4605 33.2415 57.2592 73.9274 80.2191 36.2353 91.3272 20.1246 73.1095 84.9625 73.4603 73.1642 83.8845 32.8321 63.0317 39.2046 0.0 77.666 58.7934 10.8167 45.3542 43.6578 48.8478 81.2494 15.5242 60.1664 89.9974 67.4759 13.4164 20.2237 81.5167 15.0 59.616 83.1448 13.3417 50.9608 52.4052 30.0832 65.3949 78.9491 56.921 86.7408 5.65685 57.3119 51.6351 13.0 68.0294 25.0 57.9828 15.8114 14.2127 23.7065 70.2494 18.4391 79.1202 5.83095 56.4358 57.2451 88.1504 29.1204 11.4018 63.3483 43.4626 64.4981 32.6497 64.3572 45.4217 
69.6511 9.48683 46.6476 80.7608 97.709 93.825 69.6419 65.307 69.0849 83.3607 97.2677 12.3693 105.855 104.862 43.7379 64.4981 64.1335 109.255 98.03 77.666 0.0 86.5577 87.8009 106.543 107.759 53.7401 103.476 85.9021 36.7151 83.9524 12.0416 75.6713 73.1095 95.0655 82.3615 29.4109 65.7647 65.8027 40.3609 32.5576 95.3855 63.5059 114.856 117.633 61.0737 74.7262 60.6127 69.419 71.1126 19.6977 66.2379 79.0569 73.8606 72.6135 97.1288 107.701 87.3328 38.0 75.9605 110.691 41.3401 62.0322 94.9524 88.0568 32.2025 83.7327 117.976 105.584 67.6581 37.4433 
17.0293 79.1892 40.7465 31.8892 31.8352 7.81025 33.1361 45.0444 27.781 48.3503 64.1498 75.2881 34.4384 24.0832 53.4884 50.04 34.9707 23.3452 23.4899 58.7934 86.5577 0.0 59.4753 29.0689 33.3766 39.3789 29.1204 49.5806 50.4632 45.4899 74.8893 45.4357 75.8064 33.2415 46.754 57.1479 48.0937 50.9683 47.0329 55.5769 45.3136 30.4138 32.9848 36.8782 55.0091 53.3212 33.9449 17.1463 67.5807 67.4816 49.4567 13.3417 43.0259 44.7797 80.1331 24.3516 47.5953 62.775 52.9625 26.9258 45.5013 56.0 45.7058 58.7536 55.44 18.0308 31.6228 45.485 21.9604 55.0248 
51.643 78.339 64.112 27.6586 26.0 52.8132 74.0938 84.1785 38.833 92.6948 9.48683 82.6075 84.6114 69.0143 79.9517 88.0771 36.7998 58.0517 33.3766 10.8167 87.8009 59.4753 0.0 38.0526 35.5106 49.874 77.8051 10.2956 67.7422 91.365 77.2787 16.1555 28.6356 81.8182 12.7279 68.0294 87.1042 22.2036 58.5491 61.0 23.0217 69.3543 74.4648 48.8365 90.8123 13.1529 61.2713 53.0027 22.8035 77.1121 33.0151 58.7282 19.3132 18.6815 20.8087 65.8035 13.0 86.4928 12.0416 50.04 64.3273 92.1568 22.0227 1.0 71.3442 42.8019 58.0086 22.4722 68.3166 54.0093 
43.566 97.5613 66.602 26.2488 12.1655 25.2982 62.2013 74.108 37.5766 75.2868 35.6931 96.8214 55.0 37.4833 80.8084 79.1012 43.2666 23.0217 8.60233 45.3542 106.543 29.0689 38.0526 0.0 5.0 53.7214 47.634 29.8329 74.5426 72.4224 94.5029 36.2353 65.5134 58.1378 31.0161 78.7147 77.1622 47.5079 67.082 73.985 15.2971 59.0819 39.9625 12.2066 84.006 42.72 59.7853 44.4072 58.2409 89.4709 50.9313 42.2966 36.8917 38.5876 55.9017 32.6497 26.9258 89.7385 41.4367 12.6491 69.7938 85.0235 16.2788 37.054 79.3444 28.2843 20.2237 21.4709 44.9222 69.5685 
47.1699 98.5821 69.2762 27.7849 10.8167 30.0832 66.4831 78.3218 40.1622 80.0241 32.1403 99.1235 60.0 42.45 84.1724 83.3064 45.1774 27.8029 11.1803 43.6578 107.759 33.3766 35.5106 5.0 0.0 56.3028 52.6308 28.2312 77.1622 77.1637 96.0041 35.805 63.6003 63.0635 30.0167 81.0321 81.3979 47.2017 69.4622 76.2872 13.8924 63.0 44.6542 13.3417 88.0909 41.5933 63.0339 48.0937 56.648 91.7731 51.7397 46.6905 36.8782 38.4187 52.345 37.5366 25.4951 92.9897 40.2492 17.0 72.4224 89.1424 14.7648 34.5254 81.9329 32.0156 24.0416 17.088 48.0521 70.5893 
22.4724 45.4533 14.1421 29.4279 48.0521 46.6463 30.0495 36.0694 16.1555 49.6488 57.4895 43.6005 59.0803 57.6937 30.4138 39.6989 13.1529 62.0759 45.31 48.8478 53.7401 39.3789 49.874 53.7214 56.3028 0.0 56.6039 42.5793 20.8806 48.4674 41.7253 33.7414 58.9278 55.3818 38.6394 25.2389 38.8973 35.799 13.6015 21.2603 46.5296 21.4709 67.6834 64.7177 41.8808 43.6605 13.434 22.2402 51.3436 36.0555 24.2531 31.9062 30.6233 31.7806 72.5045 61.3636 42.19 38.0 44.2825 57.8279 16.2788 43.2666 46.3897 49.4869 25.632 30.8136 70.7974 59.0762 20.4793 18.3848 
37.4833 96.4347 56.8353 54.3452 54.6717 25.5539 42.5597 45.6571 50.237 35.9026 78.6508 91.7808 7.61577 10.7703 65.3541 49.4269 56.2152 26.4008 46.0977 81.2494 103.476 29.1204 77.8051 47.634 52.6308 56.6039 0.0 67.8402 66.8118 32.9848 92.0235 67.8917 98.2624 15.5242 67.2759 74.1558 47.2169 73.4243 64.3546 72.8986 56.4092 41.0653 16.4924 48.3322 55.2488 75.7772 51.1699 36.6742 90.0367 84.0073 70.7013 25.4951 65.4819 67.2357 97.8987 16.7631 64.9145 74.7288 75.4185 37.5899 62.1385 55.5698 57.2323 76.8477 71.5438 40.4868 35.4401 67.897 43.4166 72.2498 
42.2239 76.4166 56.7186 17.6918 17.72 42.8483 64.6746 74.9985 29.9666 83.239 15.2315 79.3184 74.6465 59.0495 72.9932 79.6606 29.4279 48.3735 24.0 15.5242 85.9021 49.5806 10.2956 29.8329 28.2312 42.5793 67.8402 0.0 62.0081 81.9092 74.9724 10.4403 35.6931 71.9235 4.0 63.3877 78.1542 20.8087 53.0094 56.7186 14.5602 58.4752 64.5383 41.4367 82.8766 13.6015 53.3356 43.5836 28.4605 73.1642 29.1204 48.8468 13.1529 13.6015 31.0644 55.8386 3.0 80.3077 12.2066 41.1096 58.1523 84.2211 13.6015 9.43398 66.0303 32.6497 49.163 19.7231 40.4975 50.01 
33.5567 30.3645 10.0 50.2195 68.884 57.7306 33.7343 32.3883 37.0 50.0899 76.3217 25.0 69.1915 68.4105 14.8661 33.5261 33.2415 73.1602 66.1349 60.1664 36.7151 50.4632 67.7422 74.5426 77.1622 20.8806 66.8118 62.0081 0.0 50.0 25.632 52.1536 65.857 60.2146 58.0086 8.06226 33.9559 46.8402 9.21954 11.6619 67.2681 26.9258 78.4092 85.6631 32.6497 55.3173 24.5183 33.3245 60.4404 17.2047 35.171 42.638 49.0918 49.2544 83.5244 71.5052 62.0369 18.9737 56.0892 77.3875 5.0 34.0 67.082 67.6018 5.0 48.3751 81.8817 79.511 31.5636 17.0294 
39.9663 79.511 42.4264 64.405 76.2193 47.1275 18.3848 18.6815 58.959 3.0 96.8539 71.5891 27.313 42.19 40.2616 20.5913 59.6247 56.0803 67.8741 89.9974 83.9524 45.4899 91.365 72.4224 77.1637 48.4674 32.9848 81.9092 50.0 0.0 74.5453 76.6904 105.918 17.4642 78.6943 58.0086 18.7883 82.7889 52.7731 60.2993 77.8676 26.9258 49.4773 76.9415 25.807 84.5035 43.0334 38.5557 98.3335 64.7765 71.243 34.7851 74.2099 75.9577 111.767 48.0937 80.2117 47.5395 84.1685 65.7647 47.1699 25.6125 78.8511 90.7222 53.1507 51.1762 66.0303 89.8691 44.1999 62.3699 
57.9828 5.0 35.3412 69.006 85.9542 82.1567 59.203 56.1427 57.0452 74.2428 86.6833 7.2111 94.4032 93.2041 35.0143 56.0089 52.0938 97.5863 85.9902 67.4759 12.0416 74.8893 77.2787 94.5029 96.0041 41.7253 92.0235 74.9724 25.632 74.5453 0.0 64.7416 65.1153 85.2034 71.2175 17.8885 57.0088 55.109 28.4253 20.5183 83.6307 52.5547 103.194 105.594 53.3385 64.1327 48.9444 57.7507 62.1289 10.0499 46.0682 67.4166 62.0038 61.6838 88.0511 96.0326 75.8736 31.3209 65.307 98.6516 29.9666 54.4518 83.1977 77.4661 21.587 71.693 106.1 94.1901 55.9898 25.5539 
36.9684 66.1858 47.8546 15.2971 25.0 45.4697 59.4192 68.0542 23.3452 78.0203 24.1868 68.9033 71.6048 61.6708 64.1331 71.9528 20.6672 51.257 28.7924 13.4164 75.6713 45.4357 16.1555 36.2353 35.805 33.7414 67.8917 10.4403 52.1536 76.6904 64.7416 0.0 32.1403 68.159 6.7082 53.1507 70.9799 11.4018 43.0465 46.3897 22.0227 53.23 67.1596 48.3735 74.6862 8.24621 45.147 38.3281 24.0208 62.8013 18.6815 44.6542 3.16228 3.16228 35.4683 58.4599 11.6619 70.7107 7.61577 45.8803 48.5077 76.0325 21.2603 15.8114 56.0089 30.0832 53.8516 29.9666 52.1923 39.6232 
67.2624 64.3817 67.432 47.3814 53.3667 77.2206 87.4998 92.1431 52.2557 107.133 35.805 71.8053 101.976 93.4217 80.6182 95.3158 48.7042 83.006 59.4138 20.2237 73.1095 75.8064 28.6356 65.5134 63.6003 58.9278 98.2624 35.6931 65.857 105.918 65.1153 32.1403 0.0 98.4454 35.1283 62.6099 94.7736 25.0799 58.3095 55.4707 50.2195 78.9673 98.9106 76.922 96.6456 24.0208 70.8843 68.6221 8.24621 68.6222 34.6754 74.9698 33.541 31.5753 25.632 90.2109 38.6394 84.22 25.0 76.6551 65.2487 98.047 49.2443 29.5466 67.6018 61.6117 84.7172 51.0 77.9296 48.8774 
36.4262 90.1261 52.2411 54.6125 62.9905 33.2866 28.0492 31.1466 50.4199 20.3961 86.4926 82.7053 10.6301 25.0 51.8005 34.8281 57.6097 39.6232 54.6443 81.5167 95.0655 33.2415 81.8182 58.1378 63.0635 55.3818 15.5242 71.9235 60.2146 17.4642 85.2034 68.159 98.4454 0.0 69.4772 68.268 32.6497 73.6073 63.0358 70.1931 64.6388 36.5692 32.0156 61.131 40.6079 76.0445 49.9478 35.5062 90.2197 75.6205 72.0957 24.4012 65.7492 67.503 102.856 31.0161 69.9381 59.9216 75.6858 50.0 57.1181 40.8044 65.4619 81.0965 63.6583 40.3737 49.366 76.6403 42.4204 71.0277 
38.9723 72.876 52.7731 15.0 19.2354 42.284 61.423 71.7469 26.4197 80.0241 18.9737 75.433 72.9231 58.4852 69.0507 76.347 25.4951 48.0416 24.3311 15.0 82.3615 46.754 12.7279 31.0161 30.0167 38.6394 67.2759 4.0 58.0086 78.6943 71.2175 6.7082 35.1283 69.4772 0.0 59.4138 74.9026 17.6918 49.0102 52.7731 16.1245 55.2236 63.974 42.9535 79.0822 11.7047 49.5412 40.332 27.4591 69.2315 25.2982 46.0109 9.21954 9.84886 33.4215 55.2743 5.0 76.3325 10.4403 41.5933 54.1771 80.4267 15.2643 12.0416 62.0322 30.2324 49.6488 23.2594 37.2458 46.0977 
40.2413 22.4722 17.4642 53.5968 72.2683 64.4153 41.7732 40.1995 41.1825 58.0345 77.0065 18.4391 76.5356 75.452 21.0238 41.0 36.3209 79.8449 70.214 59.616 29.4109 57.1479 68.0294 78.7147 81.0321 25.2389 74.1558 63.3877 8.06226 58.0086 17.8885 53.1507 62.6099 68.268 59.4138 0.0 41.5933 46.2823 11.6619 7.28011 70.5011 34.7851 85.4459 89.753 39.5601 55.1453 31.2029 40.0092 57.5847 10.8167 35.0143 49.6488 50.2494 50.0899 82.2253 78.2911 63.7887 22.0227 56.0803 82.8632 12.083 40.8534 70.2681 68.0074 5.83095 55.8489 88.5664 81.7863 38.2483 14.3178 
36.0555 62.0081 28.6531 61.0983 76.9025 53.0848 15.0 3.16228 55.1673 17.72 93.2393 53.4603 43.2782 54.7111 22.0907 2.23607 50.4241 65.5134 70.713 83.1448 65.7647 48.0937 87.1042 77.1622 81.3979 38.8973 47.2169 78.1542 33.9559 18.7883 57.0088 70.9799 94.7736 32.6497 74.9026 41.5933 0.0 71.6449 38.9102 45.2217 76.6551 19.6977 63.2603 84.1487 8.06226 77.4913 33.8329 34.7851 87.1895 47.0425 60.099 35.0 67.8618 69.0191 106.2 60.174 76.6374 28.7924 77.4913 73.3348 32.311 8.544 76.922 86.6923 36.2215 49.8197 75.505 90.2497 38.4708 48.7545 
42.4243 56.3205 44.3063 24.3311 36.4005 55.6976 64.371 69.0143 27.3562 84.0047 31.5753 60.407 77.1374 71.2167 60.0083 72.187 23.8047 61.4849 39.8121 13.3417 65.8027 50.9683 22.2036 47.5079 47.2017 35.799 73.4243 20.8087 46.8402 82.7889 55.109 11.4018 25.0799 73.6073 17.6918 46.2823 71.6449 0.0 37.6431 39.1433 33.4215 55.8385 77.3876 59.6825 73.692 9.05539 47.7555 43.784 17.0 55.0091 11.7047 50.1317 10.7703 8.94427 36.7696 68.6879 22.6716 65.8027 10.198 56.648 44.0114 75.1016 32.6497 22.3607 50.01 37.2156 64.5136 40.4969 54.8008 32.102 
30.1264 32.45 10.4403 42.0598 60.7313 54.3003 35.0571 36.7696 29.5296 53.3667 67.1863 30.0 66.7343 65.3477 23.0217 38.9487 24.7839 69.7299 58.6003 50.9608 40.3609 47.0329 58.5491 67.082 69.4622 13.6015 64.3546 53.0094 9.21954 52.7731 28.4253 43.0465 58.3095 63.0358 49.0102 11.6619 38.9102 37.6431 0.0 8.544 58.9641 27.0185 75.3375 78.1022 39.2046 46.0977 21.088 29.8943 52.893 22.4722 25.9615 39.5602 40.0125 40.1123 74.3428 68.1762 53.1507 28.1603 46.8722 71.2123 7.07107 40.6079 58.7311 58.4209 13.0384 44.198 78.4514 71.0092 28.1334 9.84886 
38.6704 24.2074 18.0 48.8518 66.7978 62.8443 43.0116 43.4166 36.5273 60.6712 70.0643 23.2594 75.2783 73.8917 26.4008 44.9444 31.5759 78.2739 65.4723 52.4052 32.5576 55.5769 61.0 73.985 76.2872 21.2603 72.8986 56.7186 11.6619 60.2993 20.5183 46.3897 55.4707 70.1931 52.7731 7.28011 45.2217 39.1433 8.544 0.0 64.4759 35.2278 83.8815 85.0756 44.2945 48.0416 29.632 38.4383 50.3289 16.4924 28.0179 48.1042 43.566 43.2897 74.9533 76.7202 57.2713 28.8444 49.0102 78.1337 13.1529 45.6508 64.0438 61.0082 12.2066 51.175 85.5817 75.4321 36.6774 7.07107 
40.7922 86.2088 60.208 17.1172 3.16228 31.4173 62.2977 73.4983 31.0161 79.7887 22.3607 87.5782 63.2155 47.5079 76.0263 78.339 34.2053 35.4401 10.7703 30.0832 95.3855 45.3136 23.0217 15.2971 13.8924 46.5296 56.4092 14.5602 67.2681 77.8676 83.6307 22.0227 50.2195 64.6388 16.1245 70.5011 76.6551 33.4215 58.9641 64.4759 0.0 57.2713 52.2015 26.9258 82.5651 27.7308 55.0098 41.9762 43.0116 80.9531 38.833 44.5798 23.3452 24.7588 42.0595 43.8634 11.7047 84.2912 26.4008 27.0185 62.8013 83.7437 1.0 22.0227 71.8053 27.313 35.0 13.6015 40.05 58.2175 
16.4924 57.2451 17.4642 41.4367 57.7062 36.6879 8.544 16.5529 35.4883 28.178 73.5602 51.4782 43.445 43.1856 24.4131 21.1896 32.6743 50.9902 52.0384 65.3949 63.5059 30.4138 69.3543 59.0819 63.0 21.4709 41.0653 58.4752 26.9258 26.9258 52.5547 53.23 78.9673 36.5692 55.2236 34.7851 19.6977 55.8385 27.0185 35.2278 57.2713 0.0 53.0377 67.2681 25.318 59.7415 16.083 15.2971 71.3832 43.8292 44.2927 18.7883 50.112 51.2692 88.4501 47.2017 56.9584 33.8378 59.7415 57.0088 22.8035 26.4764 57.4891 67.2515 31.305 31.0161 60.5392 70.8308 18.868 36.1248 
46.5296 107.494 68.4105 53.3669 49.7695 26.1725 51.2391 61.7004 57.7207 52.3927 74.4648 103.407 23.0217 10.0 77.3325 65.4702 64.9105 17.0 41.4367 78.9491 114.856 32.9848 74.4648 39.9625 44.6542 67.6834 16.4924 64.5383 78.4092 49.4773 103.194 67.1596 98.9106 32.0156 63.974 85.4459 63.2603 77.3876 75.3375 83.8815 52.2015 53.0377 0.0 36.8782 71.2921 74.9539 62.2495 46.1411 90.9844 95.6033 79.3965 35.805 66.7085 68.6593 94.2444 9.0 61.6117 86.7073 73.9158 27.8029 73.6003 71.6133 53.1413 73.4983 83.2406 47.9706 22.8035 61.4003 51.8941 83.3293 
53.8394 109.158 76.6537 38.1838 23.7697 31.0644 69.1809 81.2219 48.5489 79.9062 45.0 107.912 55.9464 37.5766 90.2986 86.209 54.8179 21.9317 20.5183 56.921 117.633 36.8782 48.8365 12.2066 13.3417 64.7177 48.3322 41.4367 85.6631 76.9415 105.594 48.3735 76.922 61.131 42.9535 89.753 84.1487 59.6825 78.1022 85.0756 26.9258 67.2681 36.8782 0.0 91.444 54.626 69.8371 53.9565 69.8928 100.538 63.0317 49.2544 49.0918 50.774 65.0692 31.7648 38.6264 99.5851 53.3104 11.1803 80.9142 92.3472 27.8568 47.8539 90.4649 38.1225 14.1421 29.1548 55.1364 81.7968 
41.7732 58.3095 29.6985 66.4849 83.0241 60.407 22.3607 10.4403 60.5168 24.1868 98.0546 49.0 51.225 62.7429 18.6815 5.83095 54.1202 73.2462 77.2334 86.7408 61.0737 55.0091 90.8123 84.006 88.0909 41.8808 55.2488 82.8766 32.6497 25.807 53.3385 74.6862 96.6456 40.6079 79.0822 39.5601 8.06226 73.692 39.2046 44.2945 82.5651 25.318 71.2921 91.444 0.0 81.1977 37.541 40.6079 89.0615 43.2897 62.1461 42.19 71.5682 72.7254 109.906 67.8674 82.0488 23.1948 81.1977 80.7527 32.2025 1.41421 82.7647 90.4005 33.8378 56.2228 83.1986 96.1041 43.3244 48.8262 
44.7815 65.2534 52.1678 23.5372 30.8707 53.2639 68.274 74.5657 30.6105 85.8333 22.561 69.4622 79.4903 69.4651 68.0074 78.4643 27.1786 59.0339 35.9026 5.65685 74.7262 53.3212 13.1529 42.72 41.5933 43.6605 75.7772 13.6015 55.3173 84.5035 64.1327 8.24621 24.0208 76.0445 11.7047 55.1453 77.4913 9.05539 46.0977 48.0416 27.7308 59.7415 74.9539 54.626 81.1977 0.0 51.6585 46.1412 16.0312 64.0312 20.2237 52.4889 10.2956 8.60233 29.1548 66.2542 16.1245 74.2159 1.41421 53.1507 52.2015 82.5378 26.8328 13.3417 58.6941 38.2753 61.1882 32.6497 58.7038 41.0122 
17.0384 53.2443 14.8167 38.1321 56.0384 41.2123 24.6155 30.9072 24.0998 44.2492 68.5136 49.3431 53.6463 52.2597 29.1794 34.8058 24.5913 56.6419 51.8539 57.3119 60.6127 33.9449 61.2713 59.7853 63.0339 13.434 51.1699 53.3356 24.5183 43.0334 48.9444 45.147 70.8843 49.9478 49.5412 31.2029 33.8329 47.7555 21.088 29.632 55.0098 16.083 62.2495 69.8371 37.541 51.6585 0.0 16.8062 63.3001 41.5366 36.2096 26.4722 42.0289 43.1862 80.3671 55.0882 52.5077 37.9559 51.6585 60.8692 19.5563 38.8855 55.0392 60.8595 29.4951 31.8568 65.3634 68.195 15.0454 29.0799 
1.41421 62.0505 23.6008 26.4008 42.4264 24.4137 21.095 31.6228 20.5967 39.8855 58.6686 58.1494 39.2047 36.2353 36.6879 36.4005 27.7864 39.8246 37.0135 51.6351 69.419 17.1463 53.0027 44.4072 48.0937 22.2402 36.6742 43.5836 33.3245 38.5557 57.7507 38.3281 68.6221 35.5062 40.332 40.0092 34.7851 43.784 29.8943 38.4383 41.9762 15.2971 46.1411 53.9565 40.6079 46.1412 16.8062 0.0 60.3964 50.3429 45.0159 11.1803 35.8476 37.5954 73.4045 38.6005 42.0595 45.8803 45.8062 44.0706 28.3626 41.7732 42.2019 52.3599 38.3013 16.1245 48.5648 55.5428 7.07107 37.8861 
59.0367 62.0081 59.8479 39.2046 46.1736 69.2944 79.9157 84.559 44.0545 99.5494 31.1448 68.469 93.7498 85.4956 75.2016 87.7317 40.503 75.06 51.788 13.0 71.1126 67.5807 22.8035 58.2409 56.648 51.3436 90.0367 28.4605 60.4404 98.3335 62.1289 24.0208 8.24621 90.2197 27.4591 57.5847 87.1895 17.0 52.893 50.3289 43.0116 71.3832 90.9844 69.8928 89.0615 16.0312 63.3001 60.3964 0.0 64.5368 27.0912 66.7441 25.318 23.3452 26.0192 82.2847 31.3209 78.8209 17.1172 69.0507 59.8321 90.4629 42.0595 23.6008 62.2549 53.3667 77.1038 45.2217 70.3455 43.4626 
50.5751 15.0333 27.2029 64.3378 83.0093 74.749 49.98 46.2709 51.9711 64.3817 86.2844 7.81025 86.387 85.6037 25.0 46.0 47.0618 90.1786 80.9583 68.0294 19.6977 67.4816 77.1121 89.4709 91.7731 36.0555 84.0073 73.1642 17.2047 64.7765 10.0499 62.8013 68.6222 75.6205 69.2315 10.8167 47.0425 55.0091 22.4722 16.4924 80.9531 43.8292 95.6033 100.538 43.2897 64.0312 41.5366 50.3429 64.5368 0.0 44.2832 59.8164 60.0167 59.6825 89.9444 88.6172 73.7564 21.5407 65.072 93.6481 22.0227 44.4072 80.521 77.1663 12.53 66.6338 98.9001 91.9239 48.582 23.1948 
45.248 56.7525 32.7567 25.0 41.4005 56.7241 52.8252 57.4685 25.8447 72.4588 42.0476 50.2837 75.1887 69.7051 48.3322 60.6412 22.2931 62.3359 42.5206 25.0 66.2379 49.4567 33.0151 50.9313 51.7397 24.2531 70.7013 29.1204 35.171 71.243 46.0682 18.6815 34.6754 72.0957 25.2982 35.0143 60.099 11.7047 25.9615 28.0179 38.833 44.2927 79.3965 63.0317 62.1461 20.2237 36.2096 45.0159 27.0912 44.2832 0.0 48.6201 16.1555 15.5242 48.4665 71.4414 30.0832 54.1202 21.095 58.0832 32.311 63.5558 38.2753 33.0 38.4708 35.828 65.5953 48.4665 43.255 21.095 
12.0416 71.7165 32.6497 31.1555 44.4981 18.2483 20.0 32.0156 26.9443 36.1149 63.416 67.624 28.0998 25.807 43.0465 37.0135 34.1341 32.2025 36.8253 57.9828 79.0569 13.3417 58.7282 42.2966 46.6905 31.9062 25.4951 48.8468 42.638 34.7851 67.4166 44.6542 74.9698 24.4012 46.0109 49.6488 35.0 50.1317 39.5602 48.1042 44.5798 18.7883 35.805 49.2544 42.19 52.4889 26.4722 11.1803 66.7441 59.8164 48.6201 0.0 42.1953 43.9431 79.3977 29.0 46.8615 52.4786 52.1536 38.6394 37.8021 43.1045 44.9721 58.0 47.5079 17.2971 41.7852 58.1392 18.0278 47.5521 
34.4879 64.3751 44.7365 14.0 26.1725 45.0185 56.9387 64.9362 20.5183 75.5397 27.2947 66.2194 69.195 61.2197 61.0151 68.8347 17.5491 50.8058 29.0689 15.8114 73.8606 43.0259 19.3132 36.8917 36.8782 30.6233 65.4819 13.1529 49.0918 74.2099 62.0038 3.16228 33.541 65.7492 9.21954 50.2494 67.8618 10.7703 40.0125 43.566 23.3452 50.112 66.7085 49.0918 71.5682 10.2956 42.0289 35.8476 25.318 60.0167 16.1555 42.1953 0.0 2.0 38.4187 58.0088 13.9284 67.6026 10.0 45.8803 45.3991 72.9082 22.6716 18.9737 53.0 28.1603 53.7587 32.311 49.0743 36.8782 
36.2357 63.1281 45.4678 16.0 27.6586 46.9693 58.6865 66.0934 22.0227 77.2876 27.074 65.7615 70.9488 63.1705 61.3074 69.992 18.7064 52.7567 30.8707 14.2127 72.6135 44.7797 18.6815 38.5876 38.4187 31.7806 67.2357 13.6015 49.2544 75.9577 61.6838 3.16228 31.5753 67.503 9.84886 50.0899 69.0191 8.94427 40.1123 43.2897 24.7588 51.2692 68.6593 50.774 72.7254 8.60233 43.1862 37.5954 23.3452 59.6825 15.5242 43.9431 2.0 0.0 37.2022 59.9596 14.7648 67.897 8.48528 47.7598 45.7056 74.0655 24.0416 18.4391 53.0377 30.0832 55.6597 33.1059 50.2316 36.4966 
72.0448 88.0227 81.0117 48.4149 44.643 72.9068 94.4956 103.274 58.7963 113.097 20.2237 94.2603 104.705 89.1079 96.7729 107.173 55.8873 77.4919 52.811 23.7065 97.1288 80.1331 20.8087 55.9017 52.345 72.5045 97.8987 31.0644 83.5244 111.767 88.0511 35.4683 25.632 102.856 33.4215 82.2253 106.2 36.7696 74.3428 74.9533 42.0595 88.4501 94.2444 65.0692 109.906 29.1548 80.3671 73.4045 26.0192 89.9444 48.4665 79.3977 38.4187 37.2022 0.0 85.7963 33.6155 102.495 28.8444 68.4471 80.7775 111.246 41.1096 21.6333 86.7581 63.6003 76.1183 36.0 87.4124 67.9704 
38.833 100.332 61.5549 44.6672 41.5933 17.2627 45.7274 57.4283 49.7656 51.0882 66.2118 96.4261 24.3516 6.08276 71.6101 62.3839 56.9554 10.0 33.1059 70.2494 107.701 24.3516 65.8035 32.6497 37.5366 61.3636 16.7631 55.8386 71.5052 48.0937 96.0326 58.4599 90.2109 31.0161 55.2743 78.2911 60.174 68.6879 68.1762 76.7202 43.8634 47.2017 9.0 31.7648 67.8674 66.2542 55.0882 38.6005 82.2847 88.6172 71.4414 29.0 58.0088 59.9596 85.7963 0.0 52.9129 81.0247 65.2161 21.4009 66.6033 68.527 44.7772 64.846 76.4199 40.0155 18.6815 53.8238 43.9451 77.0095 
40.7063 77.8473 56.3205 15.8114 14.8661 39.9226 63.1348 73.4817 28.7924 81.5415 16.6433 80.0812 71.7208 56.1237 72.5603 78.1438 29.0689 45.3982 21.0 18.4391 87.3328 47.5953 13.0 26.9258 25.4951 42.19 64.9145 3.0 62.0369 80.2117 75.8736 11.6619 38.6394 69.9381 5.0 63.7887 76.6374 22.6716 53.1507 57.2713 11.7047 56.9584 61.6117 38.6264 82.0488 16.1245 52.5077 42.0595 31.3209 73.7564 30.0832 46.8615 13.9284 14.7648 33.6155 52.9129 0.0 80.0999 14.7648 38.1182 58.0086 83.2223 10.7703 12.083 66.1891 30.4138 46.1736 18.3848 38.9806 50.6952 
46.4866 36.1386 24.0832 67.1863 85.5862 69.7782 36.7967 29.0689 53.3385 46.4866 94.8947 26.1725 70.5488 76.8582 9.43398 27.2029 51.0392 84.5991 81.8098 79.1202 38.0 62.775 86.4928 89.7385 92.9897 38.0 74.7288 80.3077 18.9737 47.5395 31.3209 70.7107 84.22 59.9216 76.3325 22.0227 28.7924 65.8027 28.1603 28.8444 84.2912 33.8378 86.7073 99.5851 23.1948 74.2159 37.9559 45.8803 78.8209 21.5407 54.1202 52.4786 67.6026 67.897 102.495 81.0247 80.0999 0.0 74.9533 89.6993 22.2036 24.0832 84.214 86.3134 16.6433 61.6847 93.9149 97.0464 45.0012 35.3553 
44.4465 66.4831 52.7897 22.8035 29.5466 52.2258 68.274 74.5657 30.4795 85.4983 21.3776 70.5762 79.1316 68.427 68.6294 78.4643 27.1786 58.0086 34.7131 5.83095 75.9605 52.9625 12.0416 41.4367 40.2492 44.2825 75.4185 12.2066 56.0892 84.1685 65.307 7.61577 25.0 75.6858 10.4403 56.0803 77.4913 10.198 46.8722 49.0102 26.4008 59.7415 73.9158 53.3104 81.1977 1.41421 51.6585 45.8062 17.1172 65.072 21.095 52.1536 10.0 8.48528 28.8444 65.2161 14.7648 74.9533 0.0 51.9711 52.8867 82.5378 25.4951 12.1655 59.5399 37.6962 60.0167 31.241 58.7038 42.0 
43.9536 102.216 67.6708 33.121 24.0832 20.3961 58.4209 70.4557 41.6845 68.7314 48.2701 101.026 45.1774 26.9258 80.4114 75.4255 48.3383 11.4018 17.2627 56.4358 110.691 26.9258 50.04 12.6491 17.0 57.8279 37.5899 41.1096 77.3875 65.7647 98.6516 45.8803 76.6551 50.0 41.5933 82.8632 73.3348 56.648 71.2123 78.1337 27.0185 57.0088 27.8029 11.1803 80.7527 53.1507 60.8692 44.0706 69.0507 93.6481 58.0832 38.6394 45.8803 47.7598 68.4471 21.4009 38.1182 89.6993 51.9711 0.0 72.4256 81.6149 28.0179 49.0408 83.4508 31.1084 8.06226 34.0147 48.1224 74.8548 
28.5948 34.5398 5.38516 45.7056 64.3273 52.7687 30.1496 30.3645 32.28 47.5184 72.6911 29.8329 64.5182 63.6003 16.1245 32.2025 29.0172 68.1983 61.3861 57.2451 41.3401 45.5013 64.3273 69.7938 72.4224 16.2788 62.1385 58.1523 5.0 47.1699 29.9666 48.5077 65.2487 57.1181 54.1771 12.083 32.311 44.0114 7.07107 13.1529 62.8013 22.8035 73.6003 80.9142 32.2025 52.2015 19.5563 28.3626 59.8321 22.0227 32.311 37.8021 45.3991 45.7056 80.7775 66.6033 58.0086 22.2036 52.8867 72.4256 0.0 33.6006 62.6498 64.1327 10.0 43.4131 76.9198 75.2396 26.6017 16.6433 
42.9535 59.4138 31.1127 67.7203 84.1724 61.2944 23.1948 11.1803 61.7521 23.8537 99.3991 50.01 51.4004 63.0641 19.9249 6.32456 55.4707 73.9797 78.3135 88.1504 62.0322 56.0 92.1568 85.0235 89.1424 43.2666 55.5698 84.2211 34.0 25.6125 54.4518 76.0325 98.047 40.8044 80.4267 40.8534 8.544 75.1016 40.6079 45.6508 83.7437 26.4764 71.6133 92.3472 1.41421 82.5378 38.8855 41.7732 90.4629 44.4072 63.5558 43.1045 72.9082 74.0655 111.246 68.527 83.2223 24.0832 82.5378 81.6149 33.6006 0.0 83.9524 91.745 35.1141 57.3149 83.9524 97.2934 44.5982 50.2195 
41.0 85.7758 60.1332 17.0294 4.12311 32.2404 62.6259 73.7631 31.0 80.1809 21.4709 87.1461 64.0386 48.3735 76.0066 78.5875 33.9559 36.4005 11.7047 29.1204 94.9524 45.7058 22.0227 16.2788 14.7648 46.3897 57.2323 13.6015 67.082 78.8511 83.1977 21.2603 49.2443 65.4619 15.2643 70.2681 76.922 32.6497 58.7311 64.0438 1.0 57.4891 53.1413 27.8568 82.7647 26.8328 55.0392 42.2019 42.0595 80.521 38.2753 44.9721 22.6716 24.0416 41.1096 44.7772 10.7703 84.214 25.4951 28.0179 62.6498 83.9524 0.0 21.0238 71.5891 27.7308 36.0 13.3417 40.1123 57.7855 
51.0002 78.5875 63.6001 26.9072 25.0 51.8557 73.4509 83.7667 38.2753 92.052 9.21954 82.7345 83.6539 68.0569 79.7421 87.6653 36.4127 57.0701 32.3883 11.4018 88.0568 58.7536 1.0 37.054 34.5254 49.4869 76.8477 9.43398 67.6018 90.7222 77.4661 15.8114 29.5466 81.0965 12.0416 68.0074 86.6923 22.3607 58.4209 61.0082 22.0227 67.2515 73.4983 47.8539 90.4005 13.3417 60.8595 52.3599 23.6008 77.1663 33.0 58.0 18.9737 18.4391 21.6333 64.846 12.083 86.3134 12.1655 49.0408 64.1327 91.745 21.0238 0.0 71.2531 42.0119 57.0088 21.6333 67.9048 54.037 
38.5335 26.4764 14.8661 54.8179 73.4983 62.7074 37.6431 35.0143 41.7852 53.0094 80.0999 20.2485 73.9235 73.2462 15.2315 35.5106 37.6563 78.1259 70.9366 63.3483 32.2025 55.44 71.3442 79.3444 81.9329 25.632 71.5438 66.0303 5.0 53.1507 21.587 56.0089 67.6018 63.6583 62.0322 5.83095 36.2215 50.01 13.0384 12.2066 71.8053 31.305 83.2406 90.4649 33.8378 58.6941 29.4951 38.3013 62.2549 12.53 38.4708 47.5079 53.0 53.0377 86.7581 76.4199 66.1891 16.6433 59.5399 83.4508 10.0 35.1141 71.5891 71.2531 0.0 53.3519 86.8585 83.883 36.5405 18.7883 
15.2971 75.2571 38.6734 15.2643 27.2029 25.2982 35.171 46.6905 14.6702 52.506 46.7547 74.0114 44.1999 38.2792 52.6308 51.6236 21.8599 40.7278 21.0238 43.4626 83.7327 18.0308 42.8019 28.2843 32.0156 30.8136 40.4868 32.6497 48.3751 51.1762 71.693 30.0832 61.6117 40.3737 30.2324 55.8489 49.8197 37.2156 44.198 51.175 27.313 31.0161 47.9706 38.1225 56.2228 38.2753 31.8568 16.1245 53.3667 66.6338 35.828 17.2971 28.1603 30.0832 63.6003 40.0155 30.4138 61.6847 37.6962 31.1084 43.4131 57.3149 27.7308 42.0119 53.3519 0.0 38.5565 40.8534 17.4929 47.8962 
48.4478 109.664 72.165 40.7185 32.0156 24.1868 60.8769 72.7805 49.1325 69.029 55.9017 106.707 43.0116 24.7386 84.5281 77.666 55.7863 10.0499 25.318 64.4981 117.976 31.6228 58.0086 20.2237 24.0416 70.7974 35.4401 49.163 81.8817 66.0303 106.1 53.8516 84.7172 49.366 49.6488 88.5664 75.505 64.5136 78.4514 85.5817 35.0 60.5392 22.8035 14.1421 83.1986 61.1882 65.3634 48.5648 77.1038 98.9001 65.5953 41.7852 53.7587 55.6597 76.1183 18.6815 46.1736 93.9149 60.0167 8.06226 76.9198 83.9524 36.0 57.0088 86.8585 38.5565 0.0 41.1096 53.3789 82.3029 
54.3415 96.0989 73.0068 30.0666 13.8924 43.4166 75.8947 87.0919 44.1022 93.3481 16.2788 98.3717 74.9667 58.258 89.0225 91.9239 46.2709 44.4185 22.0227 32.6497 105.584 45.485 22.4722 21.4709 17.088 59.0762 67.897 19.7231 79.511 89.8691 94.1901 29.9666 51.0 76.6403 23.2594 81.7863 90.2497 40.4969 71.0092 75.4321 13.6015 70.8308 61.4003 29.1548 96.1041 32.6497 68.195 55.5428 45.2217 91.9239 48.4665 58.1392 32.311 33.1059 36.0 53.8238 18.3848 97.0464 31.241 34.0147 75.2396 97.2934 13.3417 21.6333 83.883 40.8534 41.1096 0.0 53.3497 68.9638 
6.0 60.2897 21.862 23.4787 41.0122 29.2278 26.1725 35.3553 17.5105 45.5298 55.5825 56.3885 46.119 42.1545 36.2247 39.8121 31.6366 44.6574 36.8782 64.3572 67.6581 21.9604 68.3166 44.9222 48.0521 20.4793 43.4166 40.4975 31.5636 44.1999 55.9898 52.1923 77.9296 42.4204 37.2458 38.2483 38.4708 54.8008 28.1334 36.6774 40.05 18.868 51.8941 55.1364 43.3244 58.7038 15.0454 7.07107 70.3455 48.582 43.255 18.0278 49.0743 50.2316 87.4124 43.9451 38.9806 45.0012 58.7038 48.1224 26.6017 44.5982 40.1123 67.9048 36.5405 17.4929 53.3789 53.3497 0.0 36.1252 
